value,ioc_type,category,confidence,tlp,sources,tags,first_seen,last_seen,description
167.94.146.53,ipv4,threat,high,WHITE,capelabs/threatmesh|blocklist.de/ssh|blocklist.de/all|ziyadnz/hourly-ipv4,capelabs|threatmesh|blocklist.de|ssh|brute-force|spam|mail|ziyadnz|hourly,2026-08-17T18:48:05Z,2026-08-17T18:48:05Z,
20.115.90.214,ipv4,threat,medium,WHITE,capelabs/threatmesh|ziyadnz/hourly-ipv4,capelabs|threatmesh|blocklist.de|ssh|brute-force|spam|mail|ziyadnz|hourly,2026-08-17T18:48:05Z,2026-08-17T18:48:05Z,
164.52.0.92,ipv4,threat,medium,WHITE,capelabs/threatmesh,capelabs|threatmesh|blocklist.de|ssh|brute-force|spam|mail|ziyadnz|hourly,2026-08-17T18:48:05Z,2026-08-17T18:48:05Z,
64.62.156.101,ipv4,threat,medium,WHITE,capelabs/threatmesh|ziyadnz/hourly-ipv4,capelabs|threatmesh|blocklist.de|ssh|brute-force|spam|mail|ziyadnz|hourly,2026-08-17T18:48:05Z,2026-08-17T18:48:05Z,
66.240.205.34,ipv4,threat,medium,WHITE,capelabs/threatmesh|ziyadnz/hourly-ipv4,capelabs|threatmesh|blocklist.de|ssh|brute-force|spam|mail|ziyadnz|hourly,2026-08-17T18:48:05Z,2026-08-17T18:48:05Z,
195.211.96.85,ipv4,threat,medium,WHITE,capelabs/threatmesh|ziyadnz/hourly-ipv4,capelabs|threatmesh|blocklist.de|ssh|brute-force|spam|mail|ziyadnz|hourly,2026-08-17T18:48:05Z,2026-08-17T18:48:05Z,
64.62.156.94,ipv4,threat,medium,WHITE,capelabs/threatmesh|ziyadnz/hourly-ipv4,capelabs|threatmesh|blocklist.de|ssh|brute-force|spam|mail|ziyadnz|hourly,2026-08-17T18:48:05Z,2026-08-17T18:48:05Z,
64.62.156.97,ipv4,threat,medium,WHITE,capelabs/threatmesh|ziyadnz/hourly-ipv4,capelabs|threatmesh|blocklist.de|ssh|brute-force|spam|mail|ziyadnz|hourly,2026-08-17T18:48:05Z,2026-08-17T18:48:05Z,
64.62.156.98,ipv4,threat,medium,WHITE,capelabs/threatmesh|ziyadnz/hourly-ipv4,capelabs|threatmesh|blocklist.de|ssh|brute-force|spam|mail|ziyadnz|hourly,2026-08-17T18:48:05Z,2026-08-17T18:48:05Z,
116.11.120.204,ipv4,threat,medium,WHITE,capelabs/threatmesh,capelabs|threatmesh|blocklist.de|ssh|brute-force|spam|mail|ziyadnz|hourly,2026-08-17T18:48:05Z,2026-08-17T18:48:05Z,
64.62.156.99,ipv4,threat,medium,WHITE,capelabs/threatmesh|ziyadnz/hourly-ipv4,capelabs|threatmesh|blocklist.de|ssh|brute-force|spam|mail|ziyadnz|hourly,2026-08-17T18:48:05Z,2026-08-17T18:48:05Z,
203.83.11.200,ipv4,threat,medium,WHITE,capelabs/threatmesh|ziyadnz/hourly-ipv4,capelabs|threatmesh|blocklist.de|ssh|brute-force|spam|mail|ziyadnz|hourly,2026-08-17T18:48:05Z,2026-08-17T18:48:05Z,
20.65.193.76,ipv4,threat,medium,WHITE,capelabs/threatmesh|ziyadnz/hourly-ipv4,capelabs|threatmesh|blocklist.de|ssh|brute-force|spam|mail|ziyadnz|hourly,2026-08-17T18:48:05Z,2026-08-17T18:48:05Z,
48.217.87.78,ipv4,threat,medium,WHITE,capelabs/threatmesh|ziyadnz/hourly-ipv4,capelabs|threatmesh|blocklist.de|ssh|brute-force|spam|mail|ziyadnz|hourly,2026-08-17T18:48:05Z,2026-08-17T18:48:05Z,
64.62.156.105,ipv4,threat,medium,WHITE,capelabs/threatmesh|ziyadnz/hourly-ipv4,capelabs|threatmesh|blocklist.de|ssh|brute-force|spam|mail|ziyadnz|hourly,2026-08-17T18:48:05Z,2026-08-17T18:48:05Z,
74.235.185.122,ipv4,threat,medium,WHITE,capelabs/threatmesh|ziyadnz/hourly-ipv4,capelabs|threatmesh|blocklist.de|ssh|brute-force|spam|mail|ziyadnz|hourly,2026-08-17T18:48:05Z,2026-08-17T18:48:05Z,
65.49.1.182,ipv4,threat,medium,WHITE,capelabs/threatmesh|ziyadnz/hourly-ipv4,capelabs|threatmesh|blocklist.de|ssh|brute-force|spam|mail|ziyadnz|hourly,2026-08-17T18:48:05Z,2026-08-17T18:48:05Z,
147.185.132.192,ipv4,threat,medium,WHITE,capelabs/threatmesh|ziyadnz/hourly-ipv4,capelabs|threatmesh|blocklist.de|ssh|brute-force|spam|mail|ziyadnz|hourly,2026-08-17T18:48:05Z,2026-08-17T18:48:05Z,
20.163.1.17,ipv4,threat,medium,WHITE,capelabs/threatmesh,capelabs|threatmesh|blocklist.de|ssh|brute-force|spam|mail|ziyadnz|hourly,2026-08-17T18:48:05Z,2026-08-17T18:48:05Z,
64.62.156.95,ipv4,threat,medium,WHITE,capelabs/threatmesh|ziyadnz/hourly-ipv4,capelabs|threatmesh|blocklist.de|ssh|brute-force|spam|mail|ziyadnz|hourly,2026-08-17T18:48:05Z,2026-08-17T18:48:05Z,
128.199.144.103,ipv4,threat,medium,WHITE,capelabs/threatmesh,capelabs|threatmesh|blocklist.de|ssh|brute-force|spam|mail|ziyadnz|hourly,2026-08-17T18:48:05Z,2026-08-17T18:48:05Z,
91.196.152.197,ipv4,threat,medium,WHITE,capelabs/threatmesh|ziyadnz/hourly-ipv4,capelabs|threatmesh|blocklist.de|ssh|brute-force|spam|mail|ziyadnz|hourly,2026-08-17T18:48:05Z,2026-08-17T18:48:05Z,
172.236.228.198,ipv4,threat,medium,WHITE,capelabs/threatmesh|ziyadnz/hourly-ipv4,capelabs|threatmesh|blocklist.de|ssh|brute-force|spam|mail|ziyadnz|hourly,2026-08-17T18:48:05Z,2026-08-17T18:48:05Z,
71.6.158.166,ipv4,threat,high,WHITE,capelabs/threatmesh|blocklist.de/all|blocklist.de/mail|ziyadnz/hourly-ipv4,capelabs|threatmesh|blocklist.de|ssh|brute-force|spam|mail|ziyadnz|hourly,2026-08-17T18:48:05Z,2026-08-17T18:48:05Z,
172.236.228.202,ipv4,threat,medium,WHITE,capelabs/threatmesh|ziyadnz/hourly-ipv4,capelabs|threatmesh|blocklist.de|ssh|brute-force|spam|mail|ziyadnz|hourly,2026-08-17T18:48:05Z,2026-08-17T18:48:05Z,
147.185.132.207,ipv4,threat,medium,WHITE,capelabs/threatmesh|ziyadnz/hourly-ipv4,capelabs|threatmesh|blocklist.de|ssh|brute-force|spam|mail|ziyadnz|hourly,2026-08-17T18:48:05Z,2026-08-17T18:48:05Z,
64.89.163.82,ipv4,threat,medium,WHITE,capelabs/threatmesh|ziyadnz/hourly-ipv4,capelabs|threatmesh|blocklist.de|ssh|brute-force|spam|mail|ziyadnz|hourly,2026-08-17T18:48:05Z,2026-08-17T18:48:05Z,
170.106.192.208,ipv4,threat,medium,WHITE,capelabs/threatmesh|ziyadnz/hourly-ipv4,capelabs|threatmesh|blocklist.de|ssh|brute-force|spam|mail|ziyadnz|hourly,2026-08-17T18:48:05Z,2026-08-17T18:48:05Z,
43.133.14.237,ipv4,threat,medium,WHITE,capelabs/threatmesh|ziyadnz/hourly-ipv4,capelabs|threatmesh|blocklist.de|ssh|brute-force|spam|mail|ziyadnz|hourly,2026-08-17T18:48:05Z,2026-08-17T18:48:05Z,
20.65.195.33,ipv4,threat,medium,WHITE,capelabs/threatmesh|ziyadnz/hourly-ipv4,capelabs|threatmesh|blocklist.de|ssh|brute-force|spam|mail|ziyadnz|hourly,2026-08-17T18:48:05Z,2026-08-17T18:48:05Z,
87.236.176.173,ipv4,threat,medium,WHITE,capelabs/threatmesh|ziyadnz/hourly-ipv4,capelabs|threatmesh|blocklist.de|ssh|brute-force|spam|mail|ziyadnz|hourly,2026-08-17T18:48:05Z,2026-08-17T18:48:05Z,
43.153.71.12,ipv4,threat,medium,WHITE,capelabs/threatmesh|ziyadnz/hourly-ipv4,capelabs|threatmesh|blocklist.de|ssh|brute-force|spam|mail|ziyadnz|hourly,2026-08-17T18:48:05Z,2026-08-17T18:48:05Z,
194.165.16.161,ipv4,threat,medium,WHITE,capelabs/threatmesh|ziyadnz/hourly-ipv4,capelabs|threatmesh|blocklist.de|ssh|brute-force|spam|mail|ziyadnz|hourly,2026-08-17T18:48:05Z,2026-08-17T18:48:05Z,
43.130.150.80,ipv4,threat,medium,WHITE,capelabs/threatmesh|ziyadnz/hourly-ipv4,capelabs|threatmesh|blocklist.de|ssh|brute-force|spam|mail|ziyadnz|hourly,2026-08-17T18:48:05Z,2026-08-17T18:48:05Z,
147.185.132.78,ipv4,threat,medium,WHITE,capelabs/threatmesh|ziyadnz/hourly-ipv4,capelabs|threatmesh|blocklist.de|ssh|brute-force|spam|mail|ziyadnz|hourly,2026-08-17T18:48:05Z,2026-08-17T18:48:05Z,
172.234.217.129,ipv4,threat,medium,WHITE,capelabs/threatmesh|ziyadnz/hourly-ipv4,capelabs|threatmesh|blocklist.de|ssh|brute-force|spam|mail|ziyadnz|hourly,2026-08-17T18:48:05Z,2026-08-17T18:48:05Z,
71.6.134.231,ipv4,threat,medium,WHITE,capelabs/threatmesh|ziyadnz/hourly-ipv4,capelabs|threatmesh|blocklist.de|ssh|brute-force|spam|mail|ziyadnz|hourly,2026-08-17T18:48:05Z,2026-08-17T18:48:05Z,
135.233.112.115,ipv4,threat,medium,WHITE,capelabs/threatmesh|ziyadnz/hourly-ipv4,capelabs|threatmesh|blocklist.de|ssh|brute-force|spam|mail|ziyadnz|hourly,2026-08-17T18:48:05Z,2026-08-17T18:48:05Z,
147.185.132.96,ipv4,threat,medium,WHITE,capelabs/threatmesh|ziyadnz/hourly-ipv4,capelabs|threatmesh|blocklist.de|ssh|brute-force|spam|mail|ziyadnz|hourly,2026-08-17T18:48:05Z,2026-08-17T18:48:05Z,
71.6.232.22,ipv4,threat,medium,WHITE,capelabs/threatmesh|ziyadnz/hourly-ipv4,capelabs|threatmesh|blocklist.de|ssh|brute-force|spam|mail|ziyadnz|hourly,2026-08-17T18:48:05Z,2026-08-17T18:48:05Z,
139.162.70.53,ipv4,threat,medium,WHITE,capelabs/threatmesh|ziyadnz/hourly-ipv4,capelabs|threatmesh|blocklist.de|ssh|brute-force|spam|mail|ziyadnz|hourly,2026-08-17T18:48:05Z,2026-08-17T18:48:05Z,
66.175.213.4,ipv4,threat,high,WHITE,capelabs/threatmesh|blocklist.de/ssh|blocklist.de/all|ziyadnz/hourly-ipv4,capelabs|threatmesh|blocklist.de|ssh|brute-force|spam|mail|ziyadnz|hourly,2026-08-17T18:48:05Z,2026-08-17T18:48:05Z,
40.124.173.16,ipv4,threat,medium,WHITE,capelabs/threatmesh|ziyadnz/hourly-ipv4,capelabs|threatmesh|blocklist.de|ssh|brute-force|spam|mail|ziyadnz|hourly,2026-08-17T18:48:05Z,2026-08-17T18:48:05Z,
172.104.11.4,ipv4,threat,medium,WHITE,capelabs/threatmesh|ziyadnz/hourly-ipv4,capelabs|threatmesh|blocklist.de|ssh|brute-force|spam|mail|ziyadnz|hourly,2026-08-17T18:48:05Z,2026-08-17T18:48:05Z,
167.94.146.54,ipv4,threat,high,WHITE,capelabs/threatmesh|blocklist.de/ssh|blocklist.de/all|ziyadnz/hourly-ipv4,capelabs|threatmesh|blocklist.de|ssh|brute-force|spam|mail|ziyadnz|hourly,2026-08-17T18:48:05Z,2026-08-17T18:48:05Z,
66.240.236.109,ipv4,threat,medium,WHITE,capelabs/threatmesh|ziyadnz/hourly-ipv4,capelabs|threatmesh|blocklist.de|ssh|brute-force|spam|mail|ziyadnz|hourly,2026-08-17T18:48:05Z,2026-08-17T18:48:05Z,
128.203.204.165,ipv4,threat,medium,WHITE,capelabs/threatmesh,capelabs|threatmesh|blocklist.de|ssh|brute-force|spam|mail|ziyadnz|hourly,2026-08-17T18:48:05Z,2026-08-17T18:48:05Z,
147.185.132.45,ipv4,threat,medium,WHITE,capelabs/threatmesh|ziyadnz/hourly-ipv4,capelabs|threatmesh|blocklist.de|ssh|brute-force|spam|mail|ziyadnz|hourly,2026-08-17T18:48:05Z,2026-08-17T18:48:05Z,
146.190.119.189,ipv4,threat,medium,WHITE,capelabs/threatmesh|ziyadnz/hourly-ipv4,capelabs|threatmesh|blocklist.de|ssh|brute-force|spam|mail|ziyadnz|hourly,2026-08-17T18:48:05Z,2026-08-17T18:48:05Z,
45.79.207.252,ipv4,threat,high,WHITE,capelabs/threatmesh|blocklist.de/ssh|blocklist.de/all|ziyadnz/hourly-ipv4,capelabs|threatmesh|blocklist.de|ssh|brute-force|spam|mail|ziyadnz|hourly,2026-08-17T18:48:05Z,2026-08-17T18:48:05Z,
72.14.178.148,ipv4,threat,high,WHITE,capelabs/threatmesh|blocklist.de/ssh|blocklist.de/all|ziyadnz/hourly-ipv4,capelabs|threatmesh|blocklist.de|ssh|brute-force|spam|mail|ziyadnz|hourly,2026-08-17T18:48:05Z,2026-08-17T18:48:05Z,
20.42.92.153,ipv4,threat,medium,WHITE,capelabs/threatmesh|ziyadnz/hourly-ipv4,capelabs|threatmesh|blocklist.de|ssh|brute-force|spam|mail|ziyadnz|hourly,2026-08-17T18:48:05Z,2026-08-17T18:48:05Z,
45.33.12.122,ipv4,threat,high,WHITE,capelabs/threatmesh|blocklist.de/ssh|blocklist.de/all|ziyadnz/hourly-ipv4,capelabs|threatmesh|blocklist.de|ssh|brute-force|spam|mail|ziyadnz|hourly,2026-08-17T18:48:05Z,2026-08-17T18:48:05Z,
64.62.156.103,ipv4,threat,medium,WHITE,capelabs/threatmesh|ziyadnz/hourly-ipv4,capelabs|threatmesh|blocklist.de|ssh|brute-force|spam|mail|ziyadnz|hourly,2026-08-17T18:48:05Z,2026-08-17T18:48:05Z,
14.18.118.84,ipv4,threat,medium,WHITE,capelabs/threatmesh,capelabs|threatmesh|blocklist.de|ssh|brute-force|spam|mail|ziyadnz|hourly,2026-08-17T18:48:05Z,2026-08-17T18:48:05Z,
45.33.109.8,ipv4,threat,high,WHITE,capelabs/threatmesh|blocklist.de/ssh|blocklist.de/all|ziyadnz/hourly-ipv4,capelabs|threatmesh|blocklist.de|ssh|brute-force|spam|mail|ziyadnz|hourly,2026-08-17T18:48:05Z,2026-08-17T18:48:05Z,
172.236.228.208,ipv4,threat,medium,WHITE,capelabs/threatmesh|ziyadnz/hourly-ipv4,capelabs|threatmesh|blocklist.de|ssh|brute-force|spam|mail|ziyadnz|hourly,2026-08-17T18:48:05Z,2026-08-17T18:48:05Z,
167.94.146.59,ipv4,threat,high,WHITE,capelabs/threatmesh|blocklist.de/ssh|blocklist.de/all|ziyadnz/hourly-ipv4,capelabs|threatmesh|blocklist.de|ssh|brute-force|spam|mail|ziyadnz|hourly,2026-08-17T18:48:05Z,2026-08-17T18:48:05Z,
183.56.243.176,ipv4,threat,medium,WHITE,capelabs/threatmesh|ziyadnz/hourly-ipv4,capelabs|threatmesh|blocklist.de|ssh|brute-force|spam|mail|ziyadnz|hourly,2026-08-17T18:48:05Z,2026-08-17T18:48:05Z,
46.101.146.208,ipv4,threat,medium,WHITE,capelabs/threatmesh|ziyadnz/hourly-ipv4,capelabs|threatmesh|blocklist.de|ssh|brute-force|spam|mail|ziyadnz|hourly,2026-08-17T18:48:05Z,2026-08-17T18:48:05Z,
172.236.228.224,ipv4,threat,medium,WHITE,capelabs/threatmesh|ziyadnz/hourly-ipv4,capelabs|threatmesh|blocklist.de|ssh|brute-force|spam|mail|ziyadnz|hourly,2026-08-17T18:48:05Z,2026-08-17T18:48:05Z,
45.79.5.11,ipv4,threat,high,WHITE,capelabs/threatmesh|blocklist.de/ssh|blocklist.de/all|ziyadnz/hourly-ipv4,capelabs|threatmesh|blocklist.de|ssh|brute-force|spam|mail|ziyadnz|hourly,2026-08-17T18:48:05Z,2026-08-17T18:48:05Z,
185.247.137.149,ipv4,threat,medium,WHITE,capelabs/threatmesh|ziyadnz/hourly-ipv4,capelabs|threatmesh|blocklist.de|ssh|brute-force|spam|mail|ziyadnz|hourly,2026-08-17T18:48:05Z,2026-08-17T18:48:05Z,
65.49.20.69,ipv4,threat,medium,WHITE,capelabs/threatmesh|ziyadnz/hourly-ipv4,capelabs|threatmesh|blocklist.de|ssh|brute-force|spam|mail|ziyadnz|hourly,2026-08-17T18:48:05Z,2026-08-17T18:48:05Z,
50.116.26.161,ipv4,threat,high,WHITE,capelabs/threatmesh|blocklist.de/ssh|blocklist.de/all|ziyadnz/hourly-ipv4,capelabs|threatmesh|blocklist.de|ssh|brute-force|spam|mail|ziyadnz|hourly,2026-08-17T18:48:05Z,2026-08-17T18:48:05Z,
40.76.99.43,ipv4,threat,medium,WHITE,capelabs/threatmesh|ziyadnz/hourly-ipv4,capelabs|threatmesh|blocklist.de|ssh|brute-force|spam|mail|ziyadnz|hourly,2026-08-17T18:48:05Z,2026-08-17T18:48:05Z,
69.164.217.74,ipv4,threat,high,WHITE,capelabs/threatmesh|blocklist.de/ssh|blocklist.de/all|ziyadnz/hourly-ipv4,capelabs|threatmesh|blocklist.de|ssh|brute-force|spam|mail|ziyadnz|hourly,2026-08-17T18:48:05Z,2026-08-17T18:48:05Z,
221.180.47.59,ipv4,threat,medium,WHITE,capelabs/threatmesh|ziyadnz/hourly-ipv4,capelabs|threatmesh|blocklist.de|ssh|brute-force|spam|mail|ziyadnz|hourly,2026-08-17T18:48:05Z,2026-08-17T18:48:05Z,
220.250.52.75,ipv4,threat,medium,WHITE,capelabs/threatmesh|ziyadnz/hourly-ipv4,capelabs|threatmesh|blocklist.de|ssh|brute-force|spam|mail|ziyadnz|hourly,2026-08-17T18:48:05Z,2026-08-17T18:48:05Z,
20.65.194.90,ipv4,threat,medium,WHITE,capelabs/threatmesh|ziyadnz/hourly-ipv4,capelabs|threatmesh|blocklist.de|ssh|brute-force|spam|mail|ziyadnz|hourly,2026-08-17T18:48:05Z,2026-08-17T18:48:05Z,
125.74.55.217,ipv4,threat,medium,WHITE,capelabs/threatmesh|ziyadnz/hourly-ipv4,capelabs|threatmesh|blocklist.de|ssh|brute-force|spam|mail|ziyadnz|hourly,2026-08-17T18:48:05Z,2026-08-17T18:48:05Z,
203.55.131.5,ipv4,threat,medium,WHITE,capelabs/threatmesh|ziyadnz/hourly-ipv4,capelabs|threatmesh|blocklist.de|ssh|brute-force|spam|mail|ziyadnz|hourly,2026-08-17T18:48:05Z,2026-08-17T18:48:05Z,
20.65.195.17,ipv4,threat,medium,WHITE,capelabs/threatmesh|ziyadnz/hourly-ipv4,capelabs|threatmesh|blocklist.de|ssh|brute-force|spam|mail|ziyadnz|hourly,2026-08-17T18:48:05Z,2026-08-17T18:48:05Z,
71.6.232.27,ipv4,threat,medium,WHITE,capelabs/threatmesh|ziyadnz/hourly-ipv4,capelabs|threatmesh|blocklist.de|ssh|brute-force|spam|mail|ziyadnz|hourly,2026-08-17T18:48:05Z,2026-08-17T18:48:05Z,
125.88.205.65,ipv4,threat,medium,WHITE,capelabs/threatmesh|ziyadnz/hourly-ipv4,capelabs|threatmesh|blocklist.de|ssh|brute-force|spam|mail|ziyadnz|hourly,2026-08-17T18:48:05Z,2026-08-17T18:48:05Z,
64.62.156.122,ipv4,threat,medium,WHITE,capelabs/threatmesh|ziyadnz/hourly-ipv4,capelabs|threatmesh|blocklist.de|ssh|brute-force|spam|mail|ziyadnz|hourly,2026-08-17T18:48:05Z,2026-08-17T18:48:05Z,
106.75.137.178,ipv4,threat,medium,WHITE,capelabs/threatmesh,capelabs|threatmesh|blocklist.de|ssh|brute-force|spam|mail|ziyadnz|hourly,2026-08-17T18:48:05Z,2026-08-17T18:48:05Z,
13.89.125.26,ipv4,threat,medium,WHITE,capelabs/threatmesh|ziyadnz/hourly-ipv4,capelabs|threatmesh|blocklist.de|ssh|brute-force|spam|mail|ziyadnz|hourly,2026-08-17T18:48:05Z,2026-08-17T18:48:05Z,
167.94.146.56,ipv4,threat,high,WHITE,capelabs/threatmesh|blocklist.de/ssh|blocklist.de/all|ziyadnz/hourly-ipv4,capelabs|threatmesh|blocklist.de|ssh|brute-force|spam|mail|ziyadnz|hourly,2026-08-17T18:48:05Z,2026-08-17T18:48:05Z,
172.105.128.11,ipv4,threat,medium,WHITE,capelabs/threatmesh|ziyadnz/hourly-ipv4,capelabs|threatmesh|blocklist.de|ssh|brute-force|spam|mail|ziyadnz|hourly,2026-08-17T18:48:05Z,2026-08-17T18:48:05Z,
20.65.192.214,ipv4,threat,medium,WHITE,capelabs/threatmesh|ziyadnz/hourly-ipv4,capelabs|threatmesh|blocklist.de|ssh|brute-force|spam|mail|ziyadnz|hourly,2026-08-17T18:48:05Z,2026-08-17T18:48:05Z,
20.106.56.125,ipv4,threat,medium,WHITE,capelabs/threatmesh,capelabs|threatmesh|blocklist.de|ssh|brute-force|spam|mail|ziyadnz|hourly,2026-08-17T18:48:05Z,2026-08-17T18:48:05Z,
87.236.176.152,ipv4,threat,medium,WHITE,capelabs/threatmesh|ziyadnz/hourly-ipv4,capelabs|threatmesh|blocklist.de|ssh|brute-force|spam|mail|ziyadnz|hourly,2026-08-17T18:48:05Z,2026-08-17T18:48:05Z,
43.130.12.43,ipv4,threat,medium,WHITE,capelabs/threatmesh|ziyadnz/hourly-ipv4,capelabs|threatmesh|blocklist.de|ssh|brute-force|spam|mail|ziyadnz|hourly,2026-08-17T18:48:05Z,2026-08-17T18:48:05Z,
20.65.195.96,ipv4,threat,medium,WHITE,capelabs/threatmesh|ziyadnz/hourly-ipv4,capelabs|threatmesh|blocklist.de|ssh|brute-force|spam|mail|ziyadnz|hourly,2026-08-17T18:48:05Z,2026-08-17T18:48:05Z,
57.151.98.114,ipv4,threat,medium,WHITE,capelabs/threatmesh|ziyadnz/hourly-ipv4,capelabs|threatmesh|blocklist.de|ssh|brute-force|spam|mail|ziyadnz|hourly,2026-08-17T18:48:05Z,2026-08-17T18:48:05Z,
49.51.72.76,ipv4,threat,medium,WHITE,capelabs/threatmesh|ziyadnz/hourly-ipv4,capelabs|threatmesh|blocklist.de|ssh|brute-force|spam|mail|ziyadnz|hourly,2026-08-17T18:48:05Z,2026-08-17T18:48:05Z,
65.49.1.141,ipv4,threat,medium,WHITE,capelabs/threatmesh|ziyadnz/hourly-ipv4,capelabs|threatmesh|blocklist.de|ssh|brute-force|spam|mail|ziyadnz|hourly,2026-08-17T18:48:05Z,2026-08-17T18:48:05Z,
104.152.52.128,ipv4,threat,medium,WHITE,capelabs/threatmesh|ziyadnz/hourly-ipv4,capelabs|threatmesh|blocklist.de|ssh|brute-force|spam|mail|ziyadnz|hourly,2026-08-17T18:48:05Z,2026-08-17T18:48:05Z,
65.49.1.135,ipv4,threat,medium,WHITE,capelabs/threatmesh|ziyadnz/hourly-ipv4,capelabs|threatmesh|blocklist.de|ssh|brute-force|spam|mail|ziyadnz|hourly,2026-08-17T18:48:05Z,2026-08-17T18:48:05Z,
40.80.204.175,ipv4,threat,medium,WHITE,capelabs/threatmesh|ziyadnz/hourly-ipv4,capelabs|threatmesh|blocklist.de|ssh|brute-force|spam|mail|ziyadnz|hourly,2026-08-17T18:48:05Z,2026-08-17T18:48:05Z,
65.49.1.137,ipv4,threat,medium,WHITE,capelabs/threatmesh|ziyadnz/hourly-ipv4,capelabs|threatmesh|blocklist.de|ssh|brute-force|spam|mail|ziyadnz|hourly,2026-08-17T18:48:05Z,2026-08-17T18:48:05Z,
43.130.78.203,ipv4,threat,medium,WHITE,capelabs/threatmesh,capelabs|threatmesh|blocklist.de|ssh|brute-force|spam|mail|ziyadnz|hourly,2026-08-17T18:48:05Z,2026-08-17T18:48:05Z,
20.38.33.1,ipv4,threat,medium,WHITE,capelabs/threatmesh,capelabs|threatmesh|blocklist.de|ssh|brute-force|spam|mail|ziyadnz|hourly,2026-08-17T18:48:05Z,2026-08-17T18:48:05Z,
65.49.1.134,ipv4,threat,medium,WHITE,capelabs/threatmesh|ziyadnz/hourly-ipv4,capelabs|threatmesh|blocklist.de|ssh|brute-force|spam|mail|ziyadnz|hourly,2026-08-17T18:48:05Z,2026-08-17T18:48:05Z,
65.49.1.132,ipv4,threat,medium,WHITE,capelabs/threatmesh|ziyadnz/hourly-ipv4,capelabs|threatmesh|blocklist.de|ssh|brute-force|spam|mail|ziyadnz|hourly,2026-08-17T18:48:05Z,2026-08-17T18:48:05Z,
65.49.20.66,ipv4,threat,medium,WHITE,capelabs/threatmesh|ziyadnz/hourly-ipv4,capelabs|threatmesh|blocklist.de|ssh|brute-force|spam|mail|ziyadnz|hourly,2026-08-17T18:48:05Z,2026-08-17T18:48:05Z,
64.62.156.43,ipv4,threat,medium,WHITE,capelabs/threatmesh|ziyadnz/hourly-ipv4,capelabs|threatmesh|blocklist.de|ssh|brute-force|spam|mail|ziyadnz|hourly,2026-08-17T18:48:05Z,2026-08-17T18:48:05Z,
213.32.122.82,ipv4,threat,medium,WHITE,capelabs/threatmesh,capelabs|threatmesh|blocklist.de|ssh|brute-force|spam|mail|ziyadnz|hourly,2026-08-17T18:48:05Z,2026-08-17T18:48:05Z,
65.49.1.136,ipv4,threat,medium,WHITE,capelabs/threatmesh|ziyadnz/hourly-ipv4,capelabs|threatmesh|blocklist.de|ssh|brute-force|spam|mail|ziyadnz|hourly,2026-08-17T18:48:05Z,2026-08-17T18:48:05Z,
https://spydisec.com,url,threat,medium,WHITE,spydisec/stats,spydisec,2026-08-17T18:48:05Z,2026-08-17T18:48:05Z,
https://spydisec.com/stats.json,url,threat,medium,WHITE,spydisec/stats,spydisec,2026-08-17T18:48:05Z,2026-08-17T18:48:05Z,
https://spydisec.com/filtered_malicious_iplist.txt,url,threat,medium,WHITE,spydisec/stats,spydisec,2026-08-17T18:48:05Z,2026-08-17T18:48:05Z,
https://spydisec.com/master_malicious_iplist.txt,url,threat,medium,WHITE,spydisec/stats,spydisec,2026-08-17T18:48:05Z,2026-08-17T18:48:05Z,
https://spydisec.com/master_c2_iplist.txt,url,threat,medium,WHITE,spydisec/stats,spydisec,2026-08-17T18:48:05Z,2026-08-17T18:48:05Z,
https://spydisec.com/threatfoxallips.txt,url,threat,medium,WHITE,spydisec/stats,spydisec,2026-08-17T18:48:05Z,2026-08-17T18:48:05Z,
https://spydisec.com/threatfoxhighconfidenceips.txt,url,threat,medium,WHITE,spydisec/stats,spydisec,2026-08-17T18:48:05Z,2026-08-17T18:48:05Z,
https://spydisec.com/osinthoneypotfeed.txt,url,threat,medium,WHITE,spydisec/stats,spydisec,2026-08-17T18:48:05Z,2026-08-17T18:48:05Z,
https://spydisec.com/ip_ioc_maltrail.txt,url,threat,medium,WHITE,spydisec/stats,spydisec,2026-08-17T18:48:05Z,2026-08-17T18:48:05Z,
https://spydisec.com/maliciousblocklist.txt,url,threat,medium,WHITE,spydisec/stats,spydisec,2026-08-17T18:48:05Z,2026-08-17T18:48:05Z,
https://spydisec.com/spamblocklist.txt,url,threat,medium,WHITE,spydisec/stats,spydisec,2026-08-17T18:48:05Z,2026-08-17T18:48:05Z,
https://spydisec.com/adsblocklist.txt,url,threat,medium,WHITE,spydisec/stats,spydisec,2026-08-17T18:48:05Z,2026-08-17T18:48:05Z,
https://spydisec.com/permanentMaliciousDomainList.txt,url,threat,medium,WHITE,spydisec/stats,spydisec,2026-08-17T18:48:05Z,2026-08-17T18:48:05Z,
https://spydisec.com/domain_ioc_maltrail.txt,url,threat,medium,WHITE,spydisec/stats,spydisec,2026-08-17T18:48:05Z,2026-08-17T18:48:05Z,
https://spydisec.com/high_confidence_limited.txt,url,threat,medium,WHITE,spydisec/stats,spydisec,2026-08-17T18:48:05Z,2026-08-17T18:48:05Z,
https://spydisec.com/high_confidence_unlimited.txt,url,threat,medium,WHITE,spydisec/stats,spydisec,2026-08-17T18:48:05Z,2026-08-17T18:48:05Z,
https://spydisec.com/medium_confidence_limited.txt,url,threat,medium,WHITE,spydisec/stats,spydisec,2026-08-17T18:48:05Z,2026-08-17T18:48:05Z,
https://spydisec.com/medium_confidence_unlimited.txt,url,threat,medium,WHITE,spydisec/stats,spydisec,2026-08-17T18:48:05Z,2026-08-17T18:48:05Z,
https://spydisec.com/low_confidence.txt,url,threat,medium,WHITE,spydisec/stats,spydisec,2026-08-17T18:48:05Z,2026-08-17T18:48:05Z,
https://spydisec.com/fullIPblocklist.txt,url,threat,medium,WHITE,spydisec/stats,spydisec,2026-08-17T18:48:05Z,2026-08-17T18:48:05Z,
https://spydisec.com/permanentfullIPblocklist.txt,url,threat,medium,WHITE,spydisec/stats,spydisec,2026-08-17T18:48:05Z,2026-08-17T18:48:05Z,
https://spydisec.com/diff/added_ips.txt,url,threat,medium,WHITE,spydisec/stats,spydisec,2026-08-17T18:48:05Z,2026-08-17T18:48:05Z,
https://spydisec.com/diff/removed_ips.txt,url,threat,medium,WHITE,spydisec/stats,spydisec,2026-08-17T18:48:05Z,2026-08-17T18:48:05Z,
spydisec.com,domain,threat,medium,WHITE,spydisec/stats,spydisec,2026-08-17T18:48:05Z,2026-08-17T18:48:05Z,
stats.json,domain,threat,medium,WHITE,spydisec/stats,spydisec,2026-08-17T18:48:05Z,2026-08-17T18:48:05Z,
threatfoxallips.txt,domain,threat,medium,WHITE,spydisec/stats,spydisec,2026-08-17T18:48:05Z,2026-08-17T18:48:05Z,
threatfoxhighconfidenceips.txt,domain,threat,medium,WHITE,spydisec/stats,spydisec,2026-08-17T18:48:05Z,2026-08-17T18:48:05Z,
osinthoneypotfeed.txt,domain,threat,medium,WHITE,spydisec/stats,spydisec,2026-08-17T18:48:05Z,2026-08-17T18:48:05Z,
maliciousblocklist.txt,domain,threat,medium,WHITE,spydisec/stats,spydisec,2026-08-17T18:48:05Z,2026-08-17T18:48:05Z,
spamblocklist.txt,domain,threat,medium,WHITE,spydisec/stats,spydisec,2026-08-17T18:48:05Z,2026-08-17T18:48:05Z,
adsblocklist.txt,domain,threat,medium,WHITE,spydisec/stats,spydisec,2026-08-17T18:48:05Z,2026-08-17T18:48:05Z,
permanentmaliciousdomainlist.txt,domain,threat,medium,WHITE,spydisec/stats,spydisec,2026-08-17T18:48:05Z,2026-08-17T18:48:05Z,
fullipblocklist.txt,domain,threat,medium,WHITE,spydisec/stats,spydisec,2026-08-17T18:48:05Z,2026-08-17T18:48:05Z,
permanentfullipblocklist.txt,domain,threat,medium,WHITE,spydisec/stats,spydisec,2026-08-17T18:48:05Z,2026-08-17T18:48:05Z,
4.16.101.182,ipv4,malware-c2,high,WHITE,linuxtracker/hancitor-ips,hancitor|malware|c2,2026-08-17T18:48:05Z,2026-08-17T18:48:05Z,
5.89.22.195,ipv4,malware-c2,high,WHITE,linuxtracker/hancitor-ips,hancitor|malware|c2,2026-08-17T18:48:05Z,2026-08-17T18:48:05Z,
8.21.213.130,ipv4,malware-c2,high,WHITE,linuxtracker/hancitor-ips,hancitor|malware|c2,2026-08-17T18:48:05Z,2026-08-17T18:48:05Z,
8.46.162.38,ipv4,malware-c2,high,WHITE,linuxtracker/hancitor-ips,hancitor|malware|c2,2026-08-17T18:48:05Z,2026-08-17T18:48:05Z,
12.25.2.162,ipv4,malware-c2,high,WHITE,linuxtracker/hancitor-ips,hancitor|malware|c2,2026-08-17T18:48:05Z,2026-08-17T18:48:05Z,
12.36.220.122,ipv4,malware-c2,high,WHITE,linuxtracker/hancitor-ips,hancitor|malware|c2,2026-08-17T18:48:05Z,2026-08-17T18:48:05Z,
12.41.153.74,ipv4,malware-c2,high,WHITE,linuxtracker/hancitor-ips,hancitor|malware|c2,2026-08-17T18:48:05Z,2026-08-17T18:48:05Z,
12.43.81.154,ipv4,malware-c2,high,WHITE,linuxtracker/hancitor-ips,hancitor|malware|c2,2026-08-17T18:48:05Z,2026-08-17T18:48:05Z,
12.45.168.162,ipv4,malware-c2,high,WHITE,linuxtracker/hancitor-ips,hancitor|malware|c2,2026-08-17T18:48:05Z,2026-08-17T18:48:05Z,
12.50.12.34,ipv4,malware-c2,high,WHITE,linuxtracker/hancitor-ips,hancitor|malware|c2,2026-08-17T18:48:05Z,2026-08-17T18:48:05Z,
12.69.8.34,ipv4,malware-c2,high,WHITE,linuxtracker/hancitor-ips,hancitor|malware|c2,2026-08-17T18:48:05Z,2026-08-17T18:48:05Z,
12.71.215.234,ipv4,malware-c2,high,WHITE,linuxtracker/hancitor-ips,hancitor|malware|c2,2026-08-17T18:48:05Z,2026-08-17T18:48:05Z,
12.106.90.2,ipv4,malware-c2,high,WHITE,linuxtracker/hancitor-ips,hancitor|malware|c2,2026-08-17T18:48:05Z,2026-08-17T18:48:05Z,
12.118.41.74,ipv4,malware-c2,high,WHITE,linuxtracker/hancitor-ips,hancitor|malware|c2,2026-08-17T18:48:05Z,2026-08-17T18:48:05Z,
12.150.239.26,ipv4,malware-c2,high,WHITE,linuxtracker/hancitor-ips,hancitor|malware|c2,2026-08-17T18:48:05Z,2026-08-17T18:48:05Z,
12.154.56.98,ipv4,malware-c2,high,WHITE,linuxtracker/hancitor-ips,hancitor|malware|c2,2026-08-17T18:48:05Z,2026-08-17T18:48:05Z,
12.154.171.180,ipv4,malware-c2,high,WHITE,linuxtracker/hancitor-ips,hancitor|malware|c2,2026-08-17T18:48:05Z,2026-08-17T18:48:05Z,
12.161.39.190,ipv4,malware-c2,high,WHITE,linuxtracker/hancitor-ips,hancitor|malware|c2,2026-08-17T18:48:05Z,2026-08-17T18:48:05Z,
12.162.128.222,ipv4,malware-c2,high,WHITE,linuxtracker/hancitor-ips,hancitor|malware|c2,2026-08-17T18:48:05Z,2026-08-17T18:48:05Z,
12.186.44.146,ipv4,malware-c2,high,WHITE,linuxtracker/hancitor-ips,hancitor|malware|c2,2026-08-17T18:48:05Z,2026-08-17T18:48:05Z,
12.186.237.244,ipv4,malware-c2,high,WHITE,linuxtracker/hancitor-ips,hancitor|malware|c2,2026-08-17T18:48:05Z,2026-08-17T18:48:05Z,
12.192.193.186,ipv4,malware-c2,high,WHITE,linuxtracker/hancitor-ips,hancitor|malware|c2,2026-08-17T18:48:05Z,2026-08-17T18:48:05Z,
12.196.128.171,ipv4,malware-c2,high,WHITE,linuxtracker/hancitor-ips,hancitor|malware|c2,2026-08-17T18:48:05Z,2026-08-17T18:48:05Z,
12.216.177.146,ipv4,malware-c2,high,WHITE,linuxtracker/hancitor-ips,hancitor|malware|c2,2026-08-17T18:48:05Z,2026-08-17T18:48:05Z,
12.220.10.98,ipv4,malware-c2,high,WHITE,linuxtracker/hancitor-ips,hancitor|malware|c2,2026-08-17T18:48:05Z,2026-08-17T18:48:05Z,
12.226.231.250,ipv4,malware-c2,high,WHITE,linuxtracker/hancitor-ips,hancitor|malware|c2,2026-08-17T18:48:05Z,2026-08-17T18:48:05Z,
12.235.201.58,ipv4,malware-c2,high,WHITE,linuxtracker/hancitor-ips,hancitor|malware|c2,2026-08-17T18:48:05Z,2026-08-17T18:48:05Z,
14.1.37.179,ipv4,malware-c2,high,WHITE,linuxtracker/hancitor-ips,hancitor|malware|c2,2026-08-17T18:48:05Z,2026-08-17T18:48:05Z,
23.24.67.153,ipv4,malware-c2,high,WHITE,linuxtracker/hancitor-ips,hancitor|malware|c2,2026-08-17T18:48:05Z,2026-08-17T18:48:05Z,
23.24.72.250,ipv4,malware-c2,high,WHITE,linuxtracker/hancitor-ips,hancitor|malware|c2,2026-08-17T18:48:05Z,2026-08-17T18:48:05Z,
23.30.54.177,ipv4,malware-c2,high,WHITE,linuxtracker/hancitor-ips,hancitor|malware|c2,2026-08-17T18:48:05Z,2026-08-17T18:48:05Z,
23.30.61.249,ipv4,malware-c2,high,WHITE,linuxtracker/hancitor-ips,hancitor|malware|c2,2026-08-17T18:48:05Z,2026-08-17T18:48:05Z,
23.30.139.233,ipv4,malware-c2,high,WHITE,linuxtracker/hancitor-ips,hancitor|malware|c2,2026-08-17T18:48:05Z,2026-08-17T18:48:05Z,
23.31.202.249,ipv4,malware-c2,high,WHITE,linuxtracker/hancitor-ips,hancitor|malware|c2,2026-08-17T18:48:05Z,2026-08-17T18:48:05Z,
23.176.0.45,ipv4,malware-c2,high,WHITE,linuxtracker/hancitor-ips,hancitor|malware|c2,2026-08-17T18:48:05Z,2026-08-17T18:48:05Z,
24.2.107.206,ipv4,malware-c2,high,WHITE,linuxtracker/hancitor-ips,hancitor|malware|c2,2026-08-17T18:48:05Z,2026-08-17T18:48:05Z,
24.12.65.191,ipv4,malware-c2,high,WHITE,linuxtracker/hancitor-ips,hancitor|malware|c2,2026-08-17T18:48:05Z,2026-08-17T18:48:05Z,
24.18.144.193,ipv4,malware-c2,high,WHITE,linuxtracker/hancitor-ips,hancitor|malware|c2,2026-08-17T18:48:05Z,2026-08-17T18:48:05Z,
24.35.224.24,ipv4,malware-c2,high,WHITE,linuxtracker/hancitor-ips,hancitor|malware|c2,2026-08-17T18:48:05Z,2026-08-17T18:48:05Z,
24.37.246.50,ipv4,malware-c2,high,WHITE,linuxtracker/hancitor-ips,hancitor|malware|c2,2026-08-17T18:48:05Z,2026-08-17T18:48:05Z,
24.43.154.229,ipv4,malware-c2,high,WHITE,linuxtracker/hancitor-ips,hancitor|malware|c2,2026-08-17T18:48:05Z,2026-08-17T18:48:05Z,
24.43.195.254,ipv4,malware-c2,high,WHITE,linuxtracker/hancitor-ips,hancitor|malware|c2,2026-08-17T18:48:05Z,2026-08-17T18:48:05Z,
24.73.186.202,ipv4,malware-c2,high,WHITE,linuxtracker/hancitor-ips,hancitor|malware|c2,2026-08-17T18:48:05Z,2026-08-17T18:48:05Z,
24.74.8.235,ipv4,malware-c2,high,WHITE,linuxtracker/hancitor-ips,hancitor|malware|c2,2026-08-17T18:48:05Z,2026-08-17T18:48:05Z,
24.94.233.117,ipv4,malware-c2,high,WHITE,linuxtracker/hancitor-ips,hancitor|malware|c2,2026-08-17T18:48:05Z,2026-08-17T18:48:05Z,
24.97.201.134,ipv4,malware-c2,high,WHITE,linuxtracker/hancitor-ips,hancitor|malware|c2,2026-08-17T18:48:05Z,2026-08-17T18:48:05Z,
24.103.92.242,ipv4,malware-c2,high,WHITE,linuxtracker/hancitor-ips,hancitor|malware|c2,2026-08-17T18:48:05Z,2026-08-17T18:48:05Z,
24.104.113.30,ipv4,malware-c2,high,WHITE,linuxtracker/hancitor-ips,hancitor|malware|c2,2026-08-17T18:48:05Z,2026-08-17T18:48:05Z,
24.106.61.19,ipv4,malware-c2,high,WHITE,linuxtracker/hancitor-ips,hancitor|malware|c2,2026-08-17T18:48:05Z,2026-08-17T18:48:05Z,
24.111.1.67,ipv4,malware-c2,high,WHITE,linuxtracker/hancitor-ips,hancitor|malware|c2,2026-08-17T18:48:05Z,2026-08-17T18:48:05Z,
24.116.113.74,ipv4,malware-c2,high,WHITE,linuxtracker/hancitor-ips,hancitor|malware|c2,2026-08-17T18:48:05Z,2026-08-17T18:48:05Z,
24.119.134.126,ipv4,malware-c2,high,WHITE,linuxtracker/hancitor-ips,hancitor|malware|c2,2026-08-17T18:48:05Z,2026-08-17T18:48:05Z,
24.119.166.10,ipv4,malware-c2,high,WHITE,linuxtracker/hancitor-ips,hancitor|malware|c2,2026-08-17T18:48:05Z,2026-08-17T18:48:05Z,
24.123.173.42,ipv4,malware-c2,high,WHITE,linuxtracker/hancitor-ips,hancitor|malware|c2,2026-08-17T18:48:05Z,2026-08-17T18:48:05Z,
24.129.150.98,ipv4,malware-c2,high,WHITE,linuxtracker/hancitor-ips,hancitor|malware|c2,2026-08-17T18:48:05Z,2026-08-17T18:48:05Z,
24.142.192.50,ipv4,malware-c2,high,WHITE,linuxtracker/hancitor-ips,hancitor|malware|c2,2026-08-17T18:48:05Z,2026-08-17T18:48:05Z,
24.159.72.85,ipv4,malware-c2,high,WHITE,linuxtracker/hancitor-ips,hancitor|malware|c2,2026-08-17T18:48:05Z,2026-08-17T18:48:05Z,
24.172.35.186,ipv4,malware-c2,high,WHITE,linuxtracker/hancitor-ips,hancitor|malware|c2,2026-08-17T18:48:05Z,2026-08-17T18:48:05Z,
24.172.42.90,ipv4,malware-c2,high,WHITE,linuxtracker/hancitor-ips,hancitor|malware|c2,2026-08-17T18:48:05Z,2026-08-17T18:48:05Z,
24.178.178.233,ipv4,malware-c2,high,WHITE,linuxtracker/hancitor-ips,hancitor|malware|c2,2026-08-17T18:48:05Z,2026-08-17T18:48:05Z,
24.181.107.194,ipv4,malware-c2,high,WHITE,linuxtracker/hancitor-ips,hancitor|malware|c2,2026-08-17T18:48:05Z,2026-08-17T18:48:05Z,
24.183.26.75,ipv4,malware-c2,high,WHITE,linuxtracker/hancitor-ips,hancitor|malware|c2,2026-08-17T18:48:05Z,2026-08-17T18:48:05Z,
24.197.23.66,ipv4,malware-c2,high,WHITE,linuxtracker/hancitor-ips,hancitor|malware|c2,2026-08-17T18:48:05Z,2026-08-17T18:48:05Z,
24.197.23.194,ipv4,malware-c2,high,WHITE,linuxtracker/hancitor-ips,hancitor|malware|c2,2026-08-17T18:48:05Z,2026-08-17T18:48:05Z,
24.197.62.46,ipv4,malware-c2,high,WHITE,linuxtracker/hancitor-ips,hancitor|malware|c2,2026-08-17T18:48:05Z,2026-08-17T18:48:05Z,
24.205.165.132,ipv4,malware-c2,high,WHITE,linuxtracker/hancitor-ips,hancitor|malware|c2,2026-08-17T18:48:05Z,2026-08-17T18:48:05Z,
24.213.39.82,ipv4,malware-c2,high,WHITE,linuxtracker/hancitor-ips,hancitor|malware|c2,2026-08-17T18:48:05Z,2026-08-17T18:48:05Z,
24.222.94.46,ipv4,malware-c2,high,WHITE,linuxtracker/hancitor-ips,hancitor|malware|c2,2026-08-17T18:48:05Z,2026-08-17T18:48:05Z,
24.224.191.57,ipv4,malware-c2,high,WHITE,linuxtracker/hancitor-ips,hancitor|malware|c2,2026-08-17T18:48:05Z,2026-08-17T18:48:05Z,
24.227.60.226,ipv4,malware-c2,high,WHITE,linuxtracker/hancitor-ips,hancitor|malware|c2,2026-08-17T18:48:05Z,2026-08-17T18:48:05Z,
24.227.178.106,ipv4,malware-c2,high,WHITE,linuxtracker/hancitor-ips,hancitor|malware|c2,2026-08-17T18:48:05Z,2026-08-17T18:48:05Z,
24.230.94.38,ipv4,malware-c2,high,WHITE,linuxtracker/hancitor-ips,hancitor|malware|c2,2026-08-17T18:48:05Z,2026-08-17T18:48:05Z,
24.239.204.166,ipv4,malware-c2,high,WHITE,linuxtracker/hancitor-ips,hancitor|malware|c2,2026-08-17T18:48:05Z,2026-08-17T18:48:05Z,
24.240.172.42,ipv4,malware-c2,high,WHITE,linuxtracker/hancitor-ips,hancitor|malware|c2,2026-08-17T18:48:05Z,2026-08-17T18:48:05Z,
24.241.146.21,ipv4,malware-c2,high,WHITE,linuxtracker/hancitor-ips,hancitor|malware|c2,2026-08-17T18:48:05Z,2026-08-17T18:48:05Z,
24.245.109.158,ipv4,malware-c2,high,WHITE,linuxtracker/hancitor-ips,hancitor|malware|c2,2026-08-17T18:48:05Z,2026-08-17T18:48:05Z,
24.249.81.126,ipv4,malware-c2,high,WHITE,linuxtracker/hancitor-ips,hancitor|malware|c2,2026-08-17T18:48:05Z,2026-08-17T18:48:05Z,
38.98.124.62,ipv4,malware-c2,high,WHITE,linuxtracker/hancitor-ips,hancitor|malware|c2,2026-08-17T18:48:05Z,2026-08-17T18:48:05Z,
38.106.98.31,ipv4,malware-c2,high,WHITE,linuxtracker/hancitor-ips,hancitor|malware|c2,2026-08-17T18:48:05Z,2026-08-17T18:48:05Z,
38.110.219.130,ipv4,malware-c2,high,WHITE,linuxtracker/hancitor-ips,hancitor|malware|c2,2026-08-17T18:48:05Z,2026-08-17T18:48:05Z,
38.140.190.218,ipv4,malware-c2,high,WHITE,linuxtracker/hancitor-ips,hancitor|malware|c2,2026-08-17T18:48:05Z,2026-08-17T18:48:05Z,
40.79.56.104,ipv4,malware-c2,high,WHITE,linuxtracker/hancitor-ips,hancitor|malware|c2,2026-08-17T18:48:05Z,2026-08-17T18:48:05Z,
45.22.16.133,ipv4,malware-c2,high,WHITE,linuxtracker/hancitor-ips,hancitor|malware|c2,2026-08-17T18:48:05Z,2026-08-17T18:48:05Z,
45.50.35.127,ipv4,malware-c2,high,WHITE,linuxtracker/hancitor-ips,hancitor|malware|c2,2026-08-17T18:48:05Z,2026-08-17T18:48:05Z,
45.59.254.20,ipv4,malware-c2,high,WHITE,linuxtracker/hancitor-ips,hancitor|malware|c2,2026-08-17T18:48:05Z,2026-08-17T18:48:05Z,
45.73.26.142,ipv4,malware-c2,high,WHITE,linuxtracker/hancitor-ips,hancitor|malware|c2,2026-08-17T18:48:05Z,2026-08-17T18:48:05Z,
47.36.35.181,ipv4,malware-c2,high,WHITE,linuxtracker/hancitor-ips,hancitor|malware|c2,2026-08-17T18:48:05Z,2026-08-17T18:48:05Z,
47.190.13.102,ipv4,malware-c2,high,WHITE,linuxtracker/hancitor-ips,hancitor|malware|c2,2026-08-17T18:48:05Z,2026-08-17T18:48:05Z,
47.190.52.75,ipv4,malware-c2,high,WHITE,linuxtracker/hancitor-ips,hancitor|malware|c2,2026-08-17T18:48:05Z,2026-08-17T18:48:05Z,
50.27.155.34,ipv4,malware-c2,high,WHITE,linuxtracker/hancitor-ips,hancitor|malware|c2,2026-08-17T18:48:05Z,2026-08-17T18:48:05Z,
50.35.17.34,ipv4,malware-c2,high,WHITE,linuxtracker/hancitor-ips,hancitor|malware|c2,2026-08-17T18:48:05Z,2026-08-17T18:48:05Z,
50.38.131.250,ipv4,malware-c2,high,WHITE,linuxtracker/hancitor-ips,hancitor|malware|c2,2026-08-17T18:48:05Z,2026-08-17T18:48:05Z,
50.73.242.50,ipv4,malware-c2,high,WHITE,linuxtracker/hancitor-ips,hancitor|malware|c2,2026-08-17T18:48:05Z,2026-08-17T18:48:05Z,
50.75.129.98,ipv4,malware-c2,high,WHITE,linuxtracker/hancitor-ips,hancitor|malware|c2,2026-08-17T18:48:05Z,2026-08-17T18:48:05Z,
50.76.14.185,ipv4,malware-c2,high,WHITE,linuxtracker/hancitor-ips,hancitor|malware|c2,2026-08-17T18:48:05Z,2026-08-17T18:48:05Z,
50.76.68.94,ipv4,malware-c2,high,WHITE,linuxtracker/hancitor-ips,hancitor|malware|c2,2026-08-17T18:48:05Z,2026-08-17T18:48:05Z,
50.76.180.5,ipv4,malware-c2,high,WHITE,linuxtracker/hancitor-ips,hancitor|malware|c2,2026-08-17T18:48:05Z,2026-08-17T18:48:05Z,
50.76.180.6,ipv4,malware-c2,high,WHITE,linuxtracker/hancitor-ips,hancitor|malware|c2,2026-08-17T18:48:05Z,2026-08-17T18:48:05Z,
50.76.215.241,ipv4,malware-c2,high,WHITE,linuxtracker/hancitor-ips,hancitor|malware|c2,2026-08-17T18:48:05Z,2026-08-17T18:48:05Z,
50.77.19.245,ipv4,malware-c2,high,WHITE,linuxtracker/hancitor-ips,hancitor|malware|c2,2026-08-17T18:48:05Z,2026-08-17T18:48:05Z,
50.77.247.129,ipv4,malware-c2,high,WHITE,linuxtracker/hancitor-ips,hancitor|malware|c2,2026-08-17T18:48:05Z,2026-08-17T18:48:05Z,
50.77.254.1,ipv4,malware-c2,high,WHITE,linuxtracker/hancitor-ips,hancitor|malware|c2,2026-08-17T18:48:05Z,2026-08-17T18:48:05Z,
50.78.32.161,ipv4,malware-c2,high,WHITE,linuxtracker/hancitor-ips,hancitor|malware|c2,2026-08-17T18:48:05Z,2026-08-17T18:48:05Z,
50.78.130.206,ipv4,malware-c2,high,WHITE,linuxtracker/hancitor-ips,hancitor|malware|c2,2026-08-17T18:48:05Z,2026-08-17T18:48:05Z,
50.78.213.181,ipv4,malware-c2,high,WHITE,linuxtracker/hancitor-ips,hancitor|malware|c2,2026-08-17T18:48:05Z,2026-08-17T18:48:05Z,
50.79.28.89,ipv4,malware-c2,high,WHITE,linuxtracker/hancitor-ips,hancitor|malware|c2,2026-08-17T18:48:05Z,2026-08-17T18:48:05Z,
50.79.52.5,ipv4,malware-c2,high,WHITE,linuxtracker/hancitor-ips,hancitor|malware|c2,2026-08-17T18:48:05Z,2026-08-17T18:48:05Z,
50.79.70.243,ipv4,malware-c2,high,WHITE,linuxtracker/hancitor-ips,hancitor|malware|c2,2026-08-17T18:48:05Z,2026-08-17T18:48:05Z,
50.79.71.242,ipv4,malware-c2,high,WHITE,linuxtracker/hancitor-ips,hancitor|malware|c2,2026-08-17T18:48:05Z,2026-08-17T18:48:05Z,
50.84.166.122,ipv4,malware-c2,high,WHITE,linuxtracker/hancitor-ips,hancitor|malware|c2,2026-08-17T18:48:05Z,2026-08-17T18:48:05Z,
50.93.181.98,ipv4,malware-c2,high,WHITE,linuxtracker/hancitor-ips,hancitor|malware|c2,2026-08-17T18:48:05Z,2026-08-17T18:48:05Z,
50.94.255.134,ipv4,malware-c2,high,WHITE,linuxtracker/hancitor-ips,hancitor|malware|c2,2026-08-17T18:48:05Z,2026-08-17T18:48:05Z,
50.192.158.228,ipv4,malware-c2,high,WHITE,linuxtracker/hancitor-ips,hancitor|malware|c2,2026-08-17T18:48:05Z,2026-08-17T18:48:05Z,
50.192.193.177,ipv4,malware-c2,high,WHITE,linuxtracker/hancitor-ips,hancitor|malware|c2,2026-08-17T18:48:05Z,2026-08-17T18:48:05Z,
50.198.179.162,ipv4,malware-c2,high,WHITE,linuxtracker/hancitor-ips,hancitor|malware|c2,2026-08-17T18:48:05Z,2026-08-17T18:48:05Z,
50.198.180.182,ipv4,malware-c2,high,WHITE,linuxtracker/hancitor-ips,hancitor|malware|c2,2026-08-17T18:48:05Z,2026-08-17T18:48:05Z,
50.201.134.50,ipv4,malware-c2,high,WHITE,linuxtracker/hancitor-ips,hancitor|malware|c2,2026-08-17T18:48:05Z,2026-08-17T18:48:05Z,
50.201.223.204,ipv4,malware-c2,high,WHITE,linuxtracker/hancitor-ips,hancitor|malware|c2,2026-08-17T18:48:05Z,2026-08-17T18:48:05Z,
50.204.10.90,ipv4,malware-c2,high,WHITE,linuxtracker/hancitor-ips,hancitor|malware|c2,2026-08-17T18:48:05Z,2026-08-17T18:48:05Z,
50.204.18.30,ipv4,malware-c2,high,WHITE,linuxtracker/hancitor-ips,hancitor|malware|c2,2026-08-17T18:48:05Z,2026-08-17T18:48:05Z,
50.206.86.130,ipv4,malware-c2,high,WHITE,linuxtracker/hancitor-ips,hancitor|malware|c2,2026-08-17T18:48:05Z,2026-08-17T18:48:05Z,
50.225.140.58,ipv4,malware-c2,high,WHITE,linuxtracker/hancitor-ips,hancitor|malware|c2,2026-08-17T18:48:05Z,2026-08-17T18:48:05Z,
50.240.107.145,ipv4,malware-c2,high,WHITE,linuxtracker/hancitor-ips,hancitor|malware|c2,2026-08-17T18:48:05Z,2026-08-17T18:48:05Z,
50.241.109.25,ipv4,malware-c2,high,WHITE,linuxtracker/hancitor-ips,hancitor|malware|c2,2026-08-17T18:48:05Z,2026-08-17T18:48:05Z,
50.241.155.162,ipv4,malware-c2,high,WHITE,linuxtracker/hancitor-ips,hancitor|malware|c2,2026-08-17T18:48:05Z,2026-08-17T18:48:05Z,
50.242.168.2,ipv4,malware-c2,high,WHITE,linuxtracker/hancitor-ips,hancitor|malware|c2,2026-08-17T18:48:05Z,2026-08-17T18:48:05Z,
50.243.3.49,ipv4,malware-c2,high,WHITE,linuxtracker/hancitor-ips,hancitor|malware|c2,2026-08-17T18:48:05Z,2026-08-17T18:48:05Z,
50.243.12.73,ipv4,malware-c2,high,WHITE,linuxtracker/hancitor-ips,hancitor|malware|c2,2026-08-17T18:48:05Z,2026-08-17T18:48:05Z,
50.243.13.74,ipv4,malware-c2,high,WHITE,linuxtracker/hancitor-ips,hancitor|malware|c2,2026-08-17T18:48:05Z,2026-08-17T18:48:05Z,
50.243.56.185,ipv4,malware-c2,high,WHITE,linuxtracker/hancitor-ips,hancitor|malware|c2,2026-08-17T18:48:05Z,2026-08-17T18:48:05Z,
50.243.105.66,ipv4,malware-c2,high,WHITE,linuxtracker/hancitor-ips,hancitor|malware|c2,2026-08-17T18:48:05Z,2026-08-17T18:48:05Z,
50.243.142.145,ipv4,malware-c2,high,WHITE,linuxtracker/hancitor-ips,hancitor|malware|c2,2026-08-17T18:48:05Z,2026-08-17T18:48:05Z,
50.243.193.185,ipv4,malware-c2,high,WHITE,linuxtracker/hancitor-ips,hancitor|malware|c2,2026-08-17T18:48:05Z,2026-08-17T18:48:05Z,
50.245.13.13,ipv4,malware-c2,high,WHITE,linuxtracker/hancitor-ips,hancitor|malware|c2,2026-08-17T18:48:05Z,2026-08-17T18:48:05Z,
50.245.219.38,ipv4,malware-c2,high,WHITE,linuxtracker/hancitor-ips,hancitor|malware|c2,2026-08-17T18:48:05Z,2026-08-17T18:48:05Z,
50.246.140.38,ipv4,malware-c2,high,WHITE,linuxtracker/hancitor-ips,hancitor|malware|c2,2026-08-17T18:48:05Z,2026-08-17T18:48:05Z,
50.247.22.145,ipv4,malware-c2,high,WHITE,linuxtracker/hancitor-ips,hancitor|malware|c2,2026-08-17T18:48:05Z,2026-08-17T18:48:05Z,
50.247.57.161,ipv4,malware-c2,high,WHITE,linuxtracker/hancitor-ips,hancitor|malware|c2,2026-08-17T18:48:05Z,2026-08-17T18:48:05Z,
50.247.178.228,ipv4,malware-c2,high,WHITE,linuxtracker/hancitor-ips,hancitor|malware|c2,2026-08-17T18:48:05Z,2026-08-17T18:48:05Z,
50.248.80.249,ipv4,malware-c2,high,WHITE,linuxtracker/hancitor-ips,hancitor|malware|c2,2026-08-17T18:48:05Z,2026-08-17T18:48:05Z,
50.248.104.45,ipv4,malware-c2,high,WHITE,linuxtracker/hancitor-ips,hancitor|malware|c2,2026-08-17T18:48:05Z,2026-08-17T18:48:05Z,
50.248.107.1,ipv4,malware-c2,high,WHITE,linuxtracker/hancitor-ips,hancitor|malware|c2,2026-08-17T18:48:05Z,2026-08-17T18:48:05Z,
50.249.5.81,ipv4,malware-c2,high,WHITE,linuxtracker/hancitor-ips,hancitor|malware|c2,2026-08-17T18:48:05Z,2026-08-17T18:48:05Z,
50.249.244.57,ipv4,malware-c2,high,WHITE,linuxtracker/hancitor-ips,hancitor|malware|c2,2026-08-17T18:48:05Z,2026-08-17T18:48:05Z,
50.252.95.129,ipv4,malware-c2,high,WHITE,linuxtracker/hancitor-ips,hancitor|malware|c2,2026-08-17T18:48:05Z,2026-08-17T18:48:05Z,
50.252.134.186,ipv4,malware-c2,high,WHITE,linuxtracker/hancitor-ips,hancitor|malware|c2,2026-08-17T18:48:05Z,2026-08-17T18:48:05Z,
50.253.24.13,ipv4,malware-c2,high,WHITE,linuxtracker/hancitor-ips,hancitor|malware|c2,2026-08-17T18:48:05Z,2026-08-17T18:48:05Z,
50.254.124.49,ipv4,malware-c2,high,WHITE,linuxtracker/hancitor-ips,hancitor|malware|c2,2026-08-17T18:48:05Z,2026-08-17T18:48:05Z,
50.255.94.41,ipv4,malware-c2,high,WHITE,linuxtracker/hancitor-ips,hancitor|malware|c2,2026-08-17T18:48:05Z,2026-08-17T18:48:05Z,
50.255.162.73,ipv4,malware-c2,high,WHITE,linuxtracker/hancitor-ips,hancitor|malware|c2,2026-08-17T18:48:05Z,2026-08-17T18:48:05Z,
50.255.193.233,ipv4,malware-c2,high,WHITE,linuxtracker/hancitor-ips,hancitor|malware|c2,2026-08-17T18:48:05Z,2026-08-17T18:48:05Z,
50.255.203.185,ipv4,malware-c2,high,WHITE,linuxtracker/hancitor-ips,hancitor|malware|c2,2026-08-17T18:48:05Z,2026-08-17T18:48:05Z,
52.144.63.34,ipv4,malware-c2,high,WHITE,linuxtracker/hancitor-ips,hancitor|malware|c2,2026-08-17T18:48:05Z,2026-08-17T18:48:05Z,
63.118.67.114,ipv4,malware-c2,high,WHITE,linuxtracker/hancitor-ips,hancitor|malware|c2,2026-08-17T18:48:05Z,2026-08-17T18:48:05Z,
63.142.59.182,ipv4,malware-c2,high,WHITE,linuxtracker/hancitor-ips,hancitor|malware|c2,2026-08-17T18:48:05Z,2026-08-17T18:48:05Z,
63.142.196.118,ipv4,malware-c2,high,WHITE,linuxtracker/hancitor-ips,hancitor|malware|c2,2026-08-17T18:48:05Z,2026-08-17T18:48:05Z,
63.231.31.26,ipv4,malware-c2,high,WHITE,linuxtracker/hancitor-ips,hancitor|malware|c2,2026-08-17T18:48:05Z,2026-08-17T18:48:05Z,
63.233.194.130,ipv4,malware-c2,high,WHITE,linuxtracker/hancitor-ips,hancitor|malware|c2,2026-08-17T18:48:05Z,2026-08-17T18:48:05Z,
64.19.210.198,ipv4,malware-c2,high,WHITE,linuxtracker/hancitor-ips,hancitor|malware|c2,2026-08-17T18:48:05Z,2026-08-17T18:48:05Z,
64.25.84.18,ipv4,malware-c2,high,WHITE,linuxtracker/hancitor-ips,hancitor|malware|c2,2026-08-17T18:48:05Z,2026-08-17T18:48:05Z,
64.31.248.50,ipv4,malware-c2,high,WHITE,linuxtracker/hancitor-ips,hancitor|malware|c2,2026-08-17T18:48:05Z,2026-08-17T18:48:05Z,
64.40.243.82,ipv4,malware-c2,high,WHITE,linuxtracker/hancitor-ips,hancitor|malware|c2,2026-08-17T18:48:05Z,2026-08-17T18:48:05Z,
64.45.211.190,ipv4,malware-c2,high,WHITE,linuxtracker/hancitor-ips,hancitor|malware|c2,2026-08-17T18:48:05Z,2026-08-17T18:48:05Z,
64.53.38.125,ipv4,malware-c2,high,WHITE,linuxtracker/hancitor-ips,hancitor|malware|c2,2026-08-17T18:48:05Z,2026-08-17T18:48:05Z,
64.60.13.226,ipv4,malware-c2,high,WHITE,linuxtracker/hancitor-ips,hancitor|malware|c2,2026-08-17T18:48:05Z,2026-08-17T18:48:05Z,
64.60.143.138,ipv4,malware-c2,high,WHITE,linuxtracker/hancitor-ips,hancitor|malware|c2,2026-08-17T18:48:05Z,2026-08-17T18:48:05Z,
64.61.172.230,ipv4,malware-c2,high,WHITE,linuxtracker/hancitor-ips,hancitor|malware|c2,2026-08-17T18:48:05Z,2026-08-17T18:48:05Z,
64.62.60.154,ipv4,malware-c2,high,WHITE,linuxtracker/hancitor-ips,hancitor|malware|c2,2026-08-17T18:48:05Z,2026-08-17T18:48:05Z,
64.132.127.25,ipv4,malware-c2,high,WHITE,linuxtracker/hancitor-ips,hancitor|malware|c2,2026-08-17T18:48:05Z,2026-08-17T18:48:05Z,
64.141.113.50,ipv4,malware-c2,high,WHITE,linuxtracker/hancitor-ips,hancitor|malware|c2,2026-08-17T18:48:05Z,2026-08-17T18:48:05Z,
64.179.211.192,ipv4,malware-c2,high,WHITE,linuxtracker/hancitor-ips,hancitor|malware|c2,2026-08-17T18:48:05Z,2026-08-17T18:48:05Z,
64.183.12.86,ipv4,malware-c2,high,WHITE,linuxtracker/hancitor-ips,hancitor|malware|c2,2026-08-17T18:48:05Z,2026-08-17T18:48:05Z,
64.251.158.197,ipv4,malware-c2,high,WHITE,linuxtracker/hancitor-ips,hancitor|malware|c2,2026-08-17T18:48:05Z,2026-08-17T18:48:05Z,
65.28.104.143,ipv4,malware-c2,high,WHITE,linuxtracker/hancitor-ips,hancitor|malware|c2,2026-08-17T18:48:05Z,2026-08-17T18:48:05Z,
65.36.85.46,ipv4,malware-c2,high,WHITE,linuxtracker/hancitor-ips,hancitor|malware|c2,2026-08-17T18:48:05Z,2026-08-17T18:48:05Z,
65.36.123.196,ipv4,malware-c2,high,WHITE,linuxtracker/hancitor-ips,hancitor|malware|c2,2026-08-17T18:48:05Z,2026-08-17T18:48:05Z,
65.60.113.202,ipv4,malware-c2,high,WHITE,linuxtracker/hancitor-ips,hancitor|malware|c2,2026-08-17T18:48:05Z,2026-08-17T18:48:05Z,
65.71.222.139,ipv4,malware-c2,high,WHITE,linuxtracker/hancitor-ips,hancitor|malware|c2,2026-08-17T18:48:05Z,2026-08-17T18:48:05Z,
65.95.68.185,ipv4,malware-c2,high,WHITE,linuxtracker/hancitor-ips,hancitor|malware|c2,2026-08-17T18:48:05Z,2026-08-17T18:48:05Z,
65.117.102.66,ipv4,malware-c2,high,WHITE,linuxtracker/hancitor-ips,hancitor|malware|c2,2026-08-17T18:48:05Z,2026-08-17T18:48:05Z,
65.122.188.170,ipv4,malware-c2,high,WHITE,linuxtracker/hancitor-ips,hancitor|malware|c2,2026-08-17T18:48:05Z,2026-08-17T18:48:05Z,
65.153.153.118,ipv4,malware-c2,high,WHITE,linuxtracker/hancitor-ips,hancitor|malware|c2,2026-08-17T18:48:05Z,2026-08-17T18:48:05Z,
65.157.99.75,ipv4,malware-c2,high,WHITE,linuxtracker/hancitor-ips,hancitor|malware|c2,2026-08-17T18:48:05Z,2026-08-17T18:48:05Z,
65.175.137.10,ipv4,malware-c2,high,WHITE,linuxtracker/hancitor-ips,hancitor|malware|c2,2026-08-17T18:48:05Z,2026-08-17T18:48:05Z,
65.218.249.250,ipv4,malware-c2,high,WHITE,linuxtracker/hancitor-ips,hancitor|malware|c2,2026-08-17T18:48:05Z,2026-08-17T18:48:05Z,
65.246.254.106,ipv4,malware-c2,high,WHITE,linuxtracker/hancitor-ips,hancitor|malware|c2,2026-08-17T18:48:05Z,2026-08-17T18:48:05Z,
65.254.15.50,ipv4,malware-c2,high,WHITE,linuxtracker/hancitor-ips,hancitor|malware|c2,2026-08-17T18:48:05Z,2026-08-17T18:48:05Z,
66.21.114.99,ipv4,malware-c2,high,WHITE,linuxtracker/hancitor-ips,hancitor|malware|c2,2026-08-17T18:48:05Z,2026-08-17T18:48:05Z,
66.32.38.41,ipv4,malware-c2,high,WHITE,linuxtracker/hancitor-ips,hancitor|malware|c2,2026-08-17T18:48:05Z,2026-08-17T18:48:05Z,
66.44.217.238,ipv4,malware-c2,high,WHITE,linuxtracker/hancitor-ips,hancitor|malware|c2,2026-08-17T18:48:05Z,2026-08-17T18:48:05Z,
66.51.152.18,ipv4,malware-c2,high,WHITE,linuxtracker/hancitor-ips,hancitor|malware|c2,2026-08-17T18:48:05Z,2026-08-17T18:48:05Z,
66.64.45.22,ipv4,malware-c2,high,WHITE,linuxtracker/hancitor-ips,hancitor|malware|c2,2026-08-17T18:48:05Z,2026-08-17T18:48:05Z,
66.68.42.208,ipv4,malware-c2,high,WHITE,linuxtracker/hancitor-ips,hancitor|malware|c2,2026-08-17T18:48:05Z,2026-08-17T18:48:05Z,
66.118.96.86,ipv4,malware-c2,high,WHITE,linuxtracker/hancitor-ips,hancitor|malware|c2,2026-08-17T18:48:05Z,2026-08-17T18:48:05Z,
66.166.194.58,ipv4,malware-c2,high,WHITE,linuxtracker/hancitor-ips,hancitor|malware|c2,2026-08-17T18:48:05Z,2026-08-17T18:48:05Z,
66.193.155.98,ipv4,malware-c2,high,WHITE,linuxtracker/hancitor-ips,hancitor|malware|c2,2026-08-17T18:48:05Z,2026-08-17T18:48:05Z,
66.209.73.94,ipv4,malware-c2,high,WHITE,linuxtracker/hancitor-ips,hancitor|malware|c2,2026-08-17T18:48:05Z,2026-08-17T18:48:05Z,
66.219.240.66,ipv4,malware-c2,high,WHITE,linuxtracker/hancitor-ips,hancitor|malware|c2,2026-08-17T18:48:05Z,2026-08-17T18:48:05Z,
67.49.49.239,ipv4,malware-c2,high,WHITE,linuxtracker/hancitor-ips,hancitor|malware|c2,2026-08-17T18:48:05Z,2026-08-17T18:48:05Z,
67.52.110.14,ipv4,malware-c2,high,WHITE,linuxtracker/hancitor-ips,hancitor|malware|c2,2026-08-17T18:48:05Z,2026-08-17T18:48:05Z,
67.52.145.98,ipv4,malware-c2,high,WHITE,linuxtracker/hancitor-ips,hancitor|malware|c2,2026-08-17T18:48:05Z,2026-08-17T18:48:05Z,
67.52.227.178,ipv4,malware-c2,high,WHITE,linuxtracker/hancitor-ips,hancitor|malware|c2,2026-08-17T18:48:05Z,2026-08-17T18:48:05Z,
67.64.165.253,ipv4,malware-c2,high,WHITE,linuxtracker/hancitor-ips,hancitor|malware|c2,2026-08-17T18:48:05Z,2026-08-17T18:48:05Z,
67.77.243.36,ipv4,malware-c2,high,WHITE,linuxtracker/hancitor-ips,hancitor|malware|c2,2026-08-17T18:48:05Z,2026-08-17T18:48:05Z,
67.79.17.130,ipv4,malware-c2,high,WHITE,linuxtracker/hancitor-ips,hancitor|malware|c2,2026-08-17T18:48:05Z,2026-08-17T18:48:05Z,
67.128.146.154,ipv4,malware-c2,high,WHITE,linuxtracker/hancitor-ips,hancitor|malware|c2,2026-08-17T18:48:05Z,2026-08-17T18:48:05Z,
67.136.195.29,ipv4,malware-c2,high,WHITE,linuxtracker/hancitor-ips,hancitor|malware|c2,2026-08-17T18:48:05Z,2026-08-17T18:48:05Z,
67.137.237.74,ipv4,malware-c2,high,WHITE,linuxtracker/hancitor-ips,hancitor|malware|c2,2026-08-17T18:48:05Z,2026-08-17T18:48:05Z,
67.151.111.146,ipv4,malware-c2,high,WHITE,linuxtracker/hancitor-ips,hancitor|malware|c2,2026-08-17T18:48:05Z,2026-08-17T18:48:05Z,
67.185.1.213,ipv4,malware-c2,high,WHITE,linuxtracker/hancitor-ips,hancitor|malware|c2,2026-08-17T18:48:05Z,2026-08-17T18:48:05Z,
67.185.30.14,ipv4,malware-c2,high,WHITE,linuxtracker/hancitor-ips,hancitor|malware|c2,2026-08-17T18:48:05Z,2026-08-17T18:48:05Z,
67.186.172.133,ipv4,malware-c2,high,WHITE,linuxtracker/hancitor-ips,hancitor|malware|c2,2026-08-17T18:48:05Z,2026-08-17T18:48:05Z,
67.186.238.80,ipv4,malware-c2,high,WHITE,linuxtracker/hancitor-ips,hancitor|malware|c2,2026-08-17T18:48:05Z,2026-08-17T18:48:05Z,
67.189.153.43,ipv4,malware-c2,high,WHITE,linuxtracker/hancitor-ips,hancitor|malware|c2,2026-08-17T18:48:05Z,2026-08-17T18:48:05Z,
67.208.133.132,ipv4,malware-c2,high,WHITE,linuxtracker/hancitor-ips,hancitor|malware|c2,2026-08-17T18:48:05Z,2026-08-17T18:48:05Z,
67.212.207.69,ipv4,malware-c2,high,WHITE,linuxtracker/hancitor-ips,hancitor|malware|c2,2026-08-17T18:48:05Z,2026-08-17T18:48:05Z,
67.213.231.13,ipv4,malware-c2,high,WHITE,linuxtracker/hancitor-ips,hancitor|malware|c2,2026-08-17T18:48:05Z,2026-08-17T18:48:05Z,
67.214.229.146,ipv4,malware-c2,high,WHITE,linuxtracker/hancitor-ips,hancitor|malware|c2,2026-08-17T18:48:05Z,2026-08-17T18:48:05Z,
67.214.241.54,ipv4,malware-c2,high,WHITE,linuxtracker/hancitor-ips,hancitor|malware|c2,2026-08-17T18:48:05Z,2026-08-17T18:48:05Z,
67.214.241.162,ipv4,malware-c2,high,WHITE,linuxtracker/hancitor-ips,hancitor|malware|c2,2026-08-17T18:48:05Z,2026-08-17T18:48:05Z,
67.214.247.194,ipv4,malware-c2,high,WHITE,linuxtracker/hancitor-ips,hancitor|malware|c2,2026-08-17T18:48:05Z,2026-08-17T18:48:05Z,
67.247.121.111,ipv4,malware-c2,high,WHITE,linuxtracker/hancitor-ips,hancitor|malware|c2,2026-08-17T18:48:05Z,2026-08-17T18:48:05Z,
68.14.243.179,ipv4,malware-c2,high,WHITE,linuxtracker/hancitor-ips,hancitor|malware|c2,2026-08-17T18:48:05Z,2026-08-17T18:48:05Z,
68.15.228.124,ipv4,malware-c2,high,WHITE,linuxtracker/hancitor-ips,hancitor|malware|c2,2026-08-17T18:48:05Z,2026-08-17T18:48:05Z,
68.34.144.129,ipv4,malware-c2,high,WHITE,linuxtracker/hancitor-ips,hancitor|malware|c2,2026-08-17T18:48:05Z,2026-08-17T18:48:05Z,
68.40.178.119,ipv4,malware-c2,high,WHITE,linuxtracker/hancitor-ips,hancitor|malware|c2,2026-08-17T18:48:05Z,2026-08-17T18:48:05Z,
68.48.199.46,ipv4,malware-c2,high,WHITE,linuxtracker/hancitor-ips,hancitor|malware|c2,2026-08-17T18:48:05Z,2026-08-17T18:48:05Z,
68.65.105.92,ipv4,malware-c2,high,WHITE,linuxtracker/hancitor-ips,hancitor|malware|c2,2026-08-17T18:48:05Z,2026-08-17T18:48:05Z,
68.112.41.142,ipv4,malware-c2,high,WHITE,linuxtracker/hancitor-ips,hancitor|malware|c2,2026-08-17T18:48:05Z,2026-08-17T18:48:05Z,
68.116.68.2,ipv4,malware-c2,high,WHITE,linuxtracker/hancitor-ips,hancitor|malware|c2,2026-08-17T18:48:05Z,2026-08-17T18:48:05Z,
68.119.229.151,ipv4,malware-c2,high,WHITE,linuxtracker/hancitor-ips,hancitor|malware|c2,2026-08-17T18:48:05Z,2026-08-17T18:48:05Z,
68.173.120.19,ipv4,malware-c2,high,WHITE,linuxtracker/hancitor-ips,hancitor|malware|c2,2026-08-17T18:48:05Z,2026-08-17T18:48:05Z,
68.173.167.190,ipv4,malware-c2,high,WHITE,linuxtracker/hancitor-ips,hancitor|malware|c2,2026-08-17T18:48:05Z,2026-08-17T18:48:05Z,
68.179.191.49,ipv4,malware-c2,high,WHITE,linuxtracker/hancitor-ips,hancitor|malware|c2,2026-08-17T18:48:05Z,2026-08-17T18:48:05Z,
68.195.212.114,ipv4,malware-c2,high,WHITE,linuxtracker/hancitor-ips,hancitor|malware|c2,2026-08-17T18:48:05Z,2026-08-17T18:48:05Z,
68.213.170.19,ipv4,malware-c2,high,WHITE,linuxtracker/hancitor-ips,hancitor|malware|c2,2026-08-17T18:48:05Z,2026-08-17T18:48:05Z,
68.236.120.88,ipv4,malware-c2,high,WHITE,linuxtracker/hancitor-ips,hancitor|malware|c2,2026-08-17T18:48:05Z,2026-08-17T18:48:05Z,
68.236.205.98,ipv4,malware-c2,high,WHITE,linuxtracker/hancitor-ips,hancitor|malware|c2,2026-08-17T18:48:05Z,2026-08-17T18:48:05Z,
69.4.50.182,ipv4,malware-c2,high,WHITE,linuxtracker/hancitor-ips,hancitor|malware|c2,2026-08-17T18:48:05Z,2026-08-17T18:48:05Z,
69.11.104.192,ipv4,malware-c2,high,WHITE,linuxtracker/hancitor-ips,hancitor|malware|c2,2026-08-17T18:48:05Z,2026-08-17T18:48:05Z,
69.12.127.159,ipv4,malware-c2,high,WHITE,linuxtracker/hancitor-ips,hancitor|malware|c2,2026-08-17T18:48:05Z,2026-08-17T18:48:05Z,
69.15.124.81,ipv4,malware-c2,high,WHITE,linuxtracker/hancitor-ips,hancitor|malware|c2,2026-08-17T18:48:05Z,2026-08-17T18:48:05Z,
69.27.48.150,ipv4,malware-c2,high,WHITE,linuxtracker/hancitor-ips,hancitor|malware|c2,2026-08-17T18:48:05Z,2026-08-17T18:48:05Z,
69.27.48.172,ipv4,malware-c2,high,WHITE,linuxtracker/hancitor-ips,hancitor|malware|c2,2026-08-17T18:48:05Z,2026-08-17T18:48:05Z,
69.36.88.210,ipv4,malware-c2,high,WHITE,linuxtracker/hancitor-ips,hancitor|malware|c2,2026-08-17T18:48:05Z,2026-08-17T18:48:05Z,
69.54.28.220,ipv4,malware-c2,high,WHITE,linuxtracker/hancitor-ips,hancitor|malware|c2,2026-08-17T18:48:05Z,2026-08-17T18:48:05Z,
69.63.173.150,ipv4,malware-c2,high,WHITE,linuxtracker/hancitor-ips,hancitor|malware|c2,2026-08-17T18:48:05Z,2026-08-17T18:48:05Z,
69.64.203.14,ipv4,malware-c2,high,WHITE,linuxtracker/hancitor-ips,hancitor|malware|c2,2026-08-17T18:48:05Z,2026-08-17T18:48:05Z,
69.67.101.131,ipv4,malware-c2,high,WHITE,linuxtracker/hancitor-ips,hancitor|malware|c2,2026-08-17T18:48:05Z,2026-08-17T18:48:05Z,
69.70.18.148,ipv4,malware-c2,high,WHITE,linuxtracker/hancitor-ips,hancitor|malware|c2,2026-08-17T18:48:05Z,2026-08-17T18:48:05Z,
69.92.115.96,ipv4,malware-c2,high,WHITE,linuxtracker/hancitor-ips,hancitor|malware|c2,2026-08-17T18:48:05Z,2026-08-17T18:48:05Z,
69.128.215.202,ipv4,malware-c2,high,WHITE,linuxtracker/hancitor-ips,hancitor|malware|c2,2026-08-17T18:48:05Z,2026-08-17T18:48:05Z,
69.144.85.226,ipv4,malware-c2,high,WHITE,linuxtracker/hancitor-ips,hancitor|malware|c2,2026-08-17T18:48:05Z,2026-08-17T18:48:05Z,
69.161.91.237,ipv4,malware-c2,high,WHITE,linuxtracker/hancitor-ips,hancitor|malware|c2,2026-08-17T18:48:05Z,2026-08-17T18:48:05Z,
69.168.10.171,ipv4,malware-c2,high,WHITE,linuxtracker/hancitor-ips,hancitor|malware|c2,2026-08-17T18:48:05Z,2026-08-17T18:48:05Z,
69.170.122.68,ipv4,malware-c2,high,WHITE,linuxtracker/hancitor-ips,hancitor|malware|c2,2026-08-17T18:48:05Z,2026-08-17T18:48:05Z,
69.179.140.245,ipv4,malware-c2,high,WHITE,linuxtracker/hancitor-ips,hancitor|malware|c2,2026-08-17T18:48:05Z,2026-08-17T18:48:05Z,
69.193.167.218,ipv4,malware-c2,high,WHITE,linuxtracker/hancitor-ips,hancitor|malware|c2,2026-08-17T18:48:05Z,2026-08-17T18:48:05Z,
69.199.198.51,ipv4,malware-c2,high,WHITE,linuxtracker/hancitor-ips,hancitor|malware|c2,2026-08-17T18:48:05Z,2026-08-17T18:48:05Z,
69.232.81.238,ipv4,malware-c2,high,WHITE,linuxtracker/hancitor-ips,hancitor|malware|c2,2026-08-17T18:48:05Z,2026-08-17T18:48:05Z,
70.35.235.156,ipv4,malware-c2,high,WHITE,linuxtracker/hancitor-ips,hancitor|malware|c2,2026-08-17T18:48:05Z,2026-08-17T18:48:05Z,
70.44.178.143,ipv4,malware-c2,high,WHITE,linuxtracker/hancitor-ips,hancitor|malware|c2,2026-08-17T18:48:05Z,2026-08-17T18:48:05Z,
70.51.87.254,ipv4,malware-c2,high,WHITE,linuxtracker/hancitor-ips,hancitor|malware|c2,2026-08-17T18:48:05Z,2026-08-17T18:48:05Z,
70.55.226.153,ipv4,malware-c2,high,WHITE,linuxtracker/hancitor-ips,hancitor|malware|c2,2026-08-17T18:48:05Z,2026-08-17T18:48:05Z,
70.62.57.79,ipv4,malware-c2,high,WHITE,linuxtracker/hancitor-ips,hancitor|malware|c2,2026-08-17T18:48:05Z,2026-08-17T18:48:05Z,
70.62.85.98,ipv4,malware-c2,high,WHITE,linuxtracker/hancitor-ips,hancitor|malware|c2,2026-08-17T18:48:05Z,2026-08-17T18:48:05Z,
70.62.179.154,ipv4,malware-c2,high,WHITE,linuxtracker/hancitor-ips,hancitor|malware|c2,2026-08-17T18:48:05Z,2026-08-17T18:48:05Z,
70.62.248.246,ipv4,malware-c2,high,WHITE,linuxtracker/hancitor-ips,hancitor|malware|c2,2026-08-17T18:48:05Z,2026-08-17T18:48:05Z,
70.88.80.100,ipv4,malware-c2,high,WHITE,linuxtracker/hancitor-ips,hancitor|malware|c2,2026-08-17T18:48:05Z,2026-08-17T18:48:05Z,
70.88.160.174,ipv4,malware-c2,high,WHITE,linuxtracker/hancitor-ips,hancitor|malware|c2,2026-08-17T18:48:05Z,2026-08-17T18:48:05Z,
70.88.231.82,ipv4,malware-c2,high,WHITE,linuxtracker/hancitor-ips,hancitor|malware|c2,2026-08-17T18:48:05Z,2026-08-17T18:48:05Z,
70.89.136.45,ipv4,malware-c2,high,WHITE,linuxtracker/hancitor-ips,hancitor|malware|c2,2026-08-17T18:48:05Z,2026-08-17T18:48:05Z,
70.90.55.134,ipv4,malware-c2,high,WHITE,linuxtracker/hancitor-ips,hancitor|malware|c2,2026-08-17T18:48:05Z,2026-08-17T18:48:05Z,
70.90.203.1,ipv4,malware-c2,high,WHITE,linuxtracker/hancitor-ips,hancitor|malware|c2,2026-08-17T18:48:05Z,2026-08-17T18:48:05Z,
70.90.219.225,ipv4,malware-c2,high,WHITE,linuxtracker/hancitor-ips,hancitor|malware|c2,2026-08-17T18:48:05Z,2026-08-17T18:48:05Z,
70.91.150.67,ipv4,malware-c2,high,WHITE,linuxtracker/hancitor-ips,hancitor|malware|c2,2026-08-17T18:48:05Z,2026-08-17T18:48:05Z,
70.91.210.189,ipv4,malware-c2,high,WHITE,linuxtracker/hancitor-ips,hancitor|malware|c2,2026-08-17T18:48:05Z,2026-08-17T18:48:05Z,
70.94.0.154,ipv4,malware-c2,high,WHITE,linuxtracker/hancitor-ips,hancitor|malware|c2,2026-08-17T18:48:05Z,2026-08-17T18:48:05Z,
70.102.68.117,ipv4,malware-c2,high,WHITE,linuxtracker/hancitor-ips,hancitor|malware|c2,2026-08-17T18:48:05Z,2026-08-17T18:48:05Z,
70.165.74.172,ipv4,malware-c2,high,WHITE,linuxtracker/hancitor-ips,hancitor|malware|c2,2026-08-17T18:48:05Z,2026-08-17T18:48:05Z,
70.167.51.117,ipv4,malware-c2,high,WHITE,linuxtracker/hancitor-ips,hancitor|malware|c2,2026-08-17T18:48:05Z,2026-08-17T18:48:05Z,
70.167.87.13,ipv4,malware-c2,high,WHITE,linuxtracker/hancitor-ips,hancitor|malware|c2,2026-08-17T18:48:05Z,2026-08-17T18:48:05Z,
70.168.199.133,ipv4,malware-c2,high,WHITE,linuxtracker/hancitor-ips,hancitor|malware|c2,2026-08-17T18:48:05Z,2026-08-17T18:48:05Z,
70.169.53.253,ipv4,malware-c2,high,WHITE,linuxtracker/hancitor-ips,hancitor|malware|c2,2026-08-17T18:48:05Z,2026-08-17T18:48:05Z,
70.184.180.75,ipv4,malware-c2,high,WHITE,linuxtracker/hancitor-ips,hancitor|malware|c2,2026-08-17T18:48:05Z,2026-08-17T18:48:05Z,
70.188.82.93,ipv4,malware-c2,high,WHITE,linuxtracker/hancitor-ips,hancitor|malware|c2,2026-08-17T18:48:05Z,2026-08-17T18:48:05Z,
71.9.44.142,ipv4,malware-c2,high,WHITE,linuxtracker/hancitor-ips,hancitor|malware|c2,2026-08-17T18:48:05Z,2026-08-17T18:48:05Z,
71.12.100.6,ipv4,malware-c2,high,WHITE,linuxtracker/hancitor-ips,hancitor|malware|c2,2026-08-17T18:48:05Z,2026-08-17T18:48:05Z,
71.14.25.46,ipv4,malware-c2,high,WHITE,linuxtracker/hancitor-ips,hancitor|malware|c2,2026-08-17T18:48:05Z,2026-08-17T18:48:05Z,
71.15.218.215,ipv4,malware-c2,high,WHITE,linuxtracker/hancitor-ips,hancitor|malware|c2,2026-08-17T18:48:05Z,2026-08-17T18:48:05Z,
71.41.116.118,ipv4,malware-c2,high,WHITE,linuxtracker/hancitor-ips,hancitor|malware|c2,2026-08-17T18:48:05Z,2026-08-17T18:48:05Z,
71.45.198.186,ipv4,malware-c2,high,WHITE,linuxtracker/hancitor-ips,hancitor|malware|c2,2026-08-17T18:48:05Z,2026-08-17T18:48:05Z,
71.45.207.173,ipv4,malware-c2,high,WHITE,linuxtracker/hancitor-ips,hancitor|malware|c2,2026-08-17T18:48:05Z,2026-08-17T18:48:05Z,
71.65.56.222,ipv4,malware-c2,high,WHITE,linuxtracker/hancitor-ips,hancitor|malware|c2,2026-08-17T18:48:05Z,2026-08-17T18:48:05Z,
71.75.116.158,ipv4,malware-c2,high,WHITE,linuxtracker/hancitor-ips,hancitor|malware|c2,2026-08-17T18:48:05Z,2026-08-17T18:48:05Z,
71.80.36.82,ipv4,malware-c2,high,WHITE,linuxtracker/hancitor-ips,hancitor|malware|c2,2026-08-17T18:48:05Z,2026-08-17T18:48:05Z,
71.80.60.221,ipv4,malware-c2,high,WHITE,linuxtracker/hancitor-ips,hancitor|malware|c2,2026-08-17T18:48:05Z,2026-08-17T18:48:05Z,
71.95.218.234,ipv4,malware-c2,high,WHITE,linuxtracker/hancitor-ips,hancitor|malware|c2,2026-08-17T18:48:05Z,2026-08-17T18:48:05Z,
71.172.32.163,ipv4,malware-c2,high,WHITE,linuxtracker/hancitor-ips,hancitor|malware|c2,2026-08-17T18:48:05Z,2026-08-17T18:48:05Z,
71.176.211.86,ipv4,malware-c2,high,WHITE,linuxtracker/hancitor-ips,hancitor|malware|c2,2026-08-17T18:48:05Z,2026-08-17T18:48:05Z,
71.179.228.74,ipv4,malware-c2,high,WHITE,linuxtracker/hancitor-ips,hancitor|malware|c2,2026-08-17T18:48:05Z,2026-08-17T18:48:05Z,
71.191.193.11,ipv4,malware-c2,high,WHITE,linuxtracker/hancitor-ips,hancitor|malware|c2,2026-08-17T18:48:05Z,2026-08-17T18:48:05Z,
71.197.51.25,ipv4,malware-c2,high,WHITE,linuxtracker/hancitor-ips,hancitor|malware|c2,2026-08-17T18:48:05Z,2026-08-17T18:48:05Z,
71.201.16.43,ipv4,malware-c2,high,WHITE,linuxtracker/hancitor-ips,hancitor|malware|c2,2026-08-17T18:48:05Z,2026-08-17T18:48:05Z,
71.245.244.174,ipv4,malware-c2,high,WHITE,linuxtracker/hancitor-ips,hancitor|malware|c2,2026-08-17T18:48:05Z,2026-08-17T18:48:05Z,
72.4.5.34,ipv4,malware-c2,high,WHITE,linuxtracker/hancitor-ips,hancitor|malware|c2,2026-08-17T18:48:05Z,2026-08-17T18:48:05Z,
72.16.245.65,ipv4,malware-c2,high,WHITE,linuxtracker/hancitor-ips,hancitor|malware|c2,2026-08-17T18:48:05Z,2026-08-17T18:48:05Z,
72.24.104.186,ipv4,malware-c2,high,WHITE,linuxtracker/hancitor-ips,hancitor|malware|c2,2026-08-17T18:48:05Z,2026-08-17T18:48:05Z,
72.25.166.130,ipv4,malware-c2,high,WHITE,linuxtracker/hancitor-ips,hancitor|malware|c2,2026-08-17T18:48:05Z,2026-08-17T18:48:05Z,
72.76.45.178,ipv4,malware-c2,high,WHITE,linuxtracker/hancitor-ips,hancitor|malware|c2,2026-08-17T18:48:05Z,2026-08-17T18:48:05Z,
72.77.1.13,ipv4,malware-c2,high,WHITE,linuxtracker/hancitor-ips,hancitor|malware|c2,2026-08-17T18:48:05Z,2026-08-17T18:48:05Z,
72.80.25.88,ipv4,malware-c2,high,WHITE,linuxtracker/hancitor-ips,hancitor|malware|c2,2026-08-17T18:48:05Z,2026-08-17T18:48:05Z,
72.82.24.25,ipv4,malware-c2,high,WHITE,linuxtracker/hancitor-ips,hancitor|malware|c2,2026-08-17T18:48:05Z,2026-08-17T18:48:05Z,
72.84.234.140,ipv4,malware-c2,high,WHITE,linuxtracker/hancitor-ips,hancitor|malware|c2,2026-08-17T18:48:05Z,2026-08-17T18:48:05Z,
72.87.93.93,ipv4,malware-c2,high,WHITE,linuxtracker/hancitor-ips,hancitor|malware|c2,2026-08-17T18:48:05Z,2026-08-17T18:48:05Z,
72.93.244.154,ipv4,malware-c2,high,WHITE,linuxtracker/hancitor-ips,hancitor|malware|c2,2026-08-17T18:48:05Z,2026-08-17T18:48:05Z,
72.160.29.27,ipv4,malware-c2,high,WHITE,linuxtracker/hancitor-ips,hancitor|malware|c2,2026-08-17T18:48:05Z,2026-08-17T18:48:05Z,
72.165.186.74,ipv4,malware-c2,high,WHITE,linuxtracker/hancitor-ips,hancitor|malware|c2,2026-08-17T18:48:05Z,2026-08-17T18:48:05Z,
72.214.129.135,ipv4,malware-c2,high,WHITE,linuxtracker/hancitor-ips,hancitor|malware|c2,2026-08-17T18:48:05Z,2026-08-17T18:48:05Z,
72.215.138.182,ipv4,malware-c2,high,WHITE,linuxtracker/hancitor-ips,hancitor|malware|c2,2026-08-17T18:48:05Z,2026-08-17T18:48:05Z,
72.250.178.134,ipv4,malware-c2,high,WHITE,linuxtracker/hancitor-ips,hancitor|malware|c2,2026-08-17T18:48:05Z,2026-08-17T18:48:05Z,
72.250.217.109,ipv4,malware-c2,high,WHITE,linuxtracker/hancitor-ips,hancitor|malware|c2,2026-08-17T18:48:05Z,2026-08-17T18:48:05Z,
73.34.196.197,ipv4,malware-c2,high,WHITE,linuxtracker/hancitor-ips,hancitor|malware|c2,2026-08-17T18:48:05Z,2026-08-17T18:48:05Z,
73.60.8.238,ipv4,malware-c2,high,WHITE,linuxtracker/hancitor-ips,hancitor|malware|c2,2026-08-17T18:48:05Z,2026-08-17T18:48:05Z,
73.63.17.35,ipv4,malware-c2,high,WHITE,linuxtracker/hancitor-ips,hancitor|malware|c2,2026-08-17T18:48:05Z,2026-08-17T18:48:05Z,
73.111.169.174,ipv4,malware-c2,high,WHITE,linuxtracker/hancitor-ips,hancitor|malware|c2,2026-08-17T18:48:05Z,2026-08-17T18:48:05Z,
73.131.213.217,ipv4,malware-c2,high,WHITE,linuxtracker/hancitor-ips,hancitor|malware|c2,2026-08-17T18:48:05Z,2026-08-17T18:48:05Z,
73.154.50.223,ipv4,malware-c2,high,WHITE,linuxtracker/hancitor-ips,hancitor|malware|c2,2026-08-17T18:48:05Z,2026-08-17T18:48:05Z,
73.157.76.101,ipv4,malware-c2,high,WHITE,linuxtracker/hancitor-ips,hancitor|malware|c2,2026-08-17T18:48:05Z,2026-08-17T18:48:05Z,
73.161.105.233,ipv4,malware-c2,high,WHITE,linuxtracker/hancitor-ips,hancitor|malware|c2,2026-08-17T18:48:05Z,2026-08-17T18:48:05Z,
73.204.111.182,ipv4,malware-c2,high,WHITE,linuxtracker/hancitor-ips,hancitor|malware|c2,2026-08-17T18:48:05Z,2026-08-17T18:48:05Z,
73.227.133.179,ipv4,malware-c2,high,WHITE,linuxtracker/hancitor-ips,hancitor|malware|c2,2026-08-17T18:48:05Z,2026-08-17T18:48:05Z,
73.229.114.87,ipv4,malware-c2,high,WHITE,linuxtracker/hancitor-ips,hancitor|malware|c2,2026-08-17T18:48:05Z,2026-08-17T18:48:05Z,
73.233.73.224,ipv4,malware-c2,high,WHITE,linuxtracker/hancitor-ips,hancitor|malware|c2,2026-08-17T18:48:05Z,2026-08-17T18:48:05Z,
74.40.205.197,ipv4,malware-c2,high,WHITE,linuxtracker/hancitor-ips,hancitor|malware|c2,2026-08-17T18:48:05Z,2026-08-17T18:48:05Z,
74.65.197.73,ipv4,malware-c2,high,WHITE,linuxtracker/hancitor-ips,hancitor|malware|c2,2026-08-17T18:48:05Z,2026-08-17T18:48:05Z,
74.69.184.228,ipv4,malware-c2,high,WHITE,linuxtracker/hancitor-ips,hancitor|malware|c2,2026-08-17T18:48:05Z,2026-08-17T18:48:05Z,
74.72.47.59,ipv4,malware-c2,high,WHITE,linuxtracker/hancitor-ips,hancitor|malware|c2,2026-08-17T18:48:05Z,2026-08-17T18:48:05Z,
74.76.224.100,ipv4,malware-c2,high,WHITE,linuxtracker/hancitor-ips,hancitor|malware|c2,2026-08-17T18:48:05Z,2026-08-17T18:48:05Z,
74.81.115.46,ipv4,malware-c2,high,WHITE,linuxtracker/hancitor-ips,hancitor|malware|c2,2026-08-17T18:48:05Z,2026-08-17T18:48:05Z,
74.93.97.81,ipv4,malware-c2,high,WHITE,linuxtracker/hancitor-ips,hancitor|malware|c2,2026-08-17T18:48:05Z,2026-08-17T18:48:05Z,
74.95.113.145,ipv4,malware-c2,high,WHITE,linuxtracker/hancitor-ips,hancitor|malware|c2,2026-08-17T18:48:05Z,2026-08-17T18:48:05Z,
74.95.244.125,ipv4,malware-c2,high,WHITE,linuxtracker/hancitor-ips,hancitor|malware|c2,2026-08-17T18:48:05Z,2026-08-17T18:48:05Z,
74.102.44.59,ipv4,malware-c2,high,WHITE,linuxtracker/hancitor-ips,hancitor|malware|c2,2026-08-17T18:48:05Z,2026-08-17T18:48:05Z,
74.102.118.148,ipv4,malware-c2,high,WHITE,linuxtracker/hancitor-ips,hancitor|malware|c2,2026-08-17T18:48:05Z,2026-08-17T18:48:05Z,
74.113.59.181,ipv4,malware-c2,high,WHITE,linuxtracker/hancitor-ips,hancitor|malware|c2,2026-08-17T18:48:05Z,2026-08-17T18:48:05Z,
74.121.33.54,ipv4,malware-c2,high,WHITE,linuxtracker/hancitor-ips,hancitor|malware|c2,2026-08-17T18:48:05Z,2026-08-17T18:48:05Z,
74.143.250.210,ipv4,malware-c2,high,WHITE,linuxtracker/hancitor-ips,hancitor|malware|c2,2026-08-17T18:48:05Z,2026-08-17T18:48:05Z,
74.205.144.158,ipv4,malware-c2,high,WHITE,linuxtracker/hancitor-ips,hancitor|malware|c2,2026-08-17T18:48:05Z,2026-08-17T18:48:05Z,
74.208.185.164,ipv4,malware-c2,high,WHITE,linuxtracker/hancitor-ips,hancitor|malware|c2,2026-08-17T18:48:05Z,2026-08-17T18:48:05Z,
74.214.53.76,ipv4,malware-c2,high,WHITE,linuxtracker/hancitor-ips,hancitor|malware|c2,2026-08-17T18:48:05Z,2026-08-17T18:48:05Z,
74.218.8.178,ipv4,malware-c2,high,WHITE,linuxtracker/hancitor-ips,hancitor|malware|c2,2026-08-17T18:48:05Z,2026-08-17T18:48:05Z,
75.80.7.73,ipv4,malware-c2,high,WHITE,linuxtracker/hancitor-ips,hancitor|malware|c2,2026-08-17T18:48:05Z,2026-08-17T18:48:05Z,
75.88.14.241,ipv4,malware-c2,high,WHITE,linuxtracker/hancitor-ips,hancitor|malware|c2,2026-08-17T18:48:05Z,2026-08-17T18:48:05Z,
75.100.119.90,ipv4,malware-c2,high,WHITE,linuxtracker/hancitor-ips,hancitor|malware|c2,2026-08-17T18:48:05Z,2026-08-17T18:48:05Z,
75.109.213.106,ipv4,malware-c2,high,WHITE,linuxtracker/hancitor-ips,hancitor|malware|c2,2026-08-17T18:48:05Z,2026-08-17T18:48:05Z,
75.110.186.234,ipv4,malware-c2,high,WHITE,linuxtracker/hancitor-ips,hancitor|malware|c2,2026-08-17T18:48:05Z,2026-08-17T18:48:05Z,
75.129.211.11,ipv4,malware-c2,high,WHITE,linuxtracker/hancitor-ips,hancitor|malware|c2,2026-08-17T18:48:05Z,2026-08-17T18:48:05Z,
75.139.49.124,ipv4,malware-c2,high,WHITE,linuxtracker/hancitor-ips,hancitor|malware|c2,2026-08-17T18:48:05Z,2026-08-17T18:48:05Z,
75.144.224.202,ipv4,malware-c2,high,WHITE,linuxtracker/hancitor-ips,hancitor|malware|c2,2026-08-17T18:48:05Z,2026-08-17T18:48:05Z,
75.144.249.209,ipv4,malware-c2,high,WHITE,linuxtracker/hancitor-ips,hancitor|malware|c2,2026-08-17T18:48:05Z,2026-08-17T18:48:05Z,
75.146.90.69,ipv4,malware-c2,high,WHITE,linuxtracker/hancitor-ips,hancitor|malware|c2,2026-08-17T18:48:05Z,2026-08-17T18:48:05Z,
75.146.90.77,ipv4,malware-c2,high,WHITE,linuxtracker/hancitor-ips,hancitor|malware|c2,2026-08-17T18:48:05Z,2026-08-17T18:48:05Z,
75.146.239.186,ipv4,malware-c2,high,WHITE,linuxtracker/hancitor-ips,hancitor|malware|c2,2026-08-17T18:48:05Z,2026-08-17T18:48:05Z,
75.147.85.189,ipv4,malware-c2,high,WHITE,linuxtracker/hancitor-ips,hancitor|malware|c2,2026-08-17T18:48:05Z,2026-08-17T18:48:05Z,
75.148.3.134,ipv4,malware-c2,high,WHITE,linuxtracker/hancitor-ips,hancitor|malware|c2,2026-08-17T18:48:05Z,2026-08-17T18:48:05Z,
75.148.247.113,ipv4,malware-c2,high,WHITE,linuxtracker/hancitor-ips,hancitor|malware|c2,2026-08-17T18:48:05Z,2026-08-17T18:48:05Z,
75.148.254.54,ipv4,malware-c2,high,WHITE,linuxtracker/hancitor-ips,hancitor|malware|c2,2026-08-17T18:48:05Z,2026-08-17T18:48:05Z,
75.149.57.254,ipv4,malware-c2,high,WHITE,linuxtracker/hancitor-ips,hancitor|malware|c2,2026-08-17T18:48:05Z,2026-08-17T18:48:05Z,
75.176.84.83,ipv4,malware-c2,high,WHITE,linuxtracker/hancitor-ips,hancitor|malware|c2,2026-08-17T18:48:05Z,2026-08-17T18:48:05Z,
75.177.59.186,ipv4,malware-c2,high,WHITE,linuxtracker/hancitor-ips,hancitor|malware|c2,2026-08-17T18:48:05Z,2026-08-17T18:48:05Z,
75.187.174.80,ipv4,malware-c2,high,WHITE,linuxtracker/hancitor-ips,hancitor|malware|c2,2026-08-17T18:48:05Z,2026-08-17T18:48:05Z,
75.188.96.231,ipv4,malware-c2,high,WHITE,linuxtracker/hancitor-ips,hancitor|malware|c2,2026-08-17T18:48:05Z,2026-08-17T18:48:05Z,
76.8.204.66,ipv4,malware-c2,high,WHITE,linuxtracker/hancitor-ips,hancitor|malware|c2,2026-08-17T18:48:05Z,2026-08-17T18:48:05Z,
76.70.31.65,ipv4,malware-c2,high,WHITE,linuxtracker/hancitor-ips,hancitor|malware|c2,2026-08-17T18:48:05Z,2026-08-17T18:48:05Z,
76.73.158.220,ipv4,malware-c2,high,WHITE,linuxtracker/hancitor-ips,hancitor|malware|c2,2026-08-17T18:48:05Z,2026-08-17T18:48:05Z,
76.79.28.114,ipv4,malware-c2,high,WHITE,linuxtracker/hancitor-ips,hancitor|malware|c2,2026-08-17T18:48:05Z,2026-08-17T18:48:05Z,
76.124.248.251,ipv4,malware-c2,high,WHITE,linuxtracker/hancitor-ips,hancitor|malware|c2,2026-08-17T18:48:05Z,2026-08-17T18:48:05Z,
76.189.202.187,ipv4,malware-c2,high,WHITE,linuxtracker/hancitor-ips,hancitor|malware|c2,2026-08-17T18:48:05Z,2026-08-17T18:48:05Z,
76.190.43.50,ipv4,malware-c2,high,WHITE,linuxtracker/hancitor-ips,hancitor|malware|c2,2026-08-17T18:48:05Z,2026-08-17T18:48:05Z,
76.224.100.239,ipv4,malware-c2,high,WHITE,linuxtracker/hancitor-ips,hancitor|malware|c2,2026-08-17T18:48:05Z,2026-08-17T18:48:05Z,
76.237.148.143,ipv4,malware-c2,high,WHITE,linuxtracker/hancitor-ips,hancitor|malware|c2,2026-08-17T18:48:05Z,2026-08-17T18:48:05Z,
76.249.243.118,ipv4,malware-c2,high,WHITE,linuxtracker/hancitor-ips,hancitor|malware|c2,2026-08-17T18:48:05Z,2026-08-17T18:48:05Z,
81.43.73.211,ipv4,malware-c2,high,WHITE,linuxtracker/hancitor-ips,hancitor|malware|c2,2026-08-17T18:48:05Z,2026-08-17T18:48:05Z,
81.199.17.201,ipv4,malware-c2,high,WHITE,linuxtracker/hancitor-ips,hancitor|malware|c2,2026-08-17T18:48:05Z,2026-08-17T18:48:05Z,
86.128.236.58,ipv4,malware-c2,high,WHITE,linuxtracker/hancitor-ips,hancitor|malware|c2,2026-08-17T18:48:05Z,2026-08-17T18:48:05Z,
86.151.153.185,ipv4,malware-c2,high,WHITE,linuxtracker/hancitor-ips,hancitor|malware|c2,2026-08-17T18:48:05Z,2026-08-17T18:48:05Z,
90.63.216.156,ipv4,malware-c2,high,WHITE,linuxtracker/hancitor-ips,hancitor|malware|c2,2026-08-17T18:48:05Z,2026-08-17T18:48:05Z,
96.2.80.130,ipv4,malware-c2,high,WHITE,linuxtracker/hancitor-ips,hancitor|malware|c2,2026-08-17T18:48:05Z,2026-08-17T18:48:05Z,
96.11.136.86,ipv4,malware-c2,high,WHITE,linuxtracker/hancitor-ips,hancitor|malware|c2,2026-08-17T18:48:05Z,2026-08-17T18:48:05Z,
96.11.164.42,ipv4,malware-c2,high,WHITE,linuxtracker/hancitor-ips,hancitor|malware|c2,2026-08-17T18:48:05Z,2026-08-17T18:48:05Z,
96.18.194.44,ipv4,malware-c2,high,WHITE,linuxtracker/hancitor-ips,hancitor|malware|c2,2026-08-17T18:48:05Z,2026-08-17T18:48:05Z,
96.33.250.2,ipv4,malware-c2,high,WHITE,linuxtracker/hancitor-ips,hancitor|malware|c2,2026-08-17T18:48:05Z,2026-08-17T18:48:05Z,
96.36.225.30,ipv4,malware-c2,high,WHITE,linuxtracker/hancitor-ips,hancitor|malware|c2,2026-08-17T18:48:05Z,2026-08-17T18:48:05Z,
96.37.147.182,ipv4,malware-c2,high,WHITE,linuxtracker/hancitor-ips,hancitor|malware|c2,2026-08-17T18:48:05Z,2026-08-17T18:48:05Z,
96.38.67.251,ipv4,malware-c2,high,WHITE,linuxtracker/hancitor-ips,hancitor|malware|c2,2026-08-17T18:48:05Z,2026-08-17T18:48:05Z,
96.53.20.90,ipv4,malware-c2,high,WHITE,linuxtracker/hancitor-ips,hancitor|malware|c2,2026-08-17T18:48:05Z,2026-08-17T18:48:05Z,
96.61.127.2,ipv4,malware-c2,high,WHITE,linuxtracker/hancitor-ips,hancitor|malware|c2,2026-08-17T18:48:05Z,2026-08-17T18:48:05Z,
96.68.44.105,ipv4,malware-c2,high,WHITE,linuxtracker/hancitor-ips,hancitor|malware|c2,2026-08-17T18:48:05Z,2026-08-17T18:48:05Z,
96.71.142.22,ipv4,malware-c2,high,WHITE,linuxtracker/hancitor-ips,hancitor|malware|c2,2026-08-17T18:48:05Z,2026-08-17T18:48:05Z,
96.71.159.97,ipv4,malware-c2,high,WHITE,linuxtracker/hancitor-ips,hancitor|malware|c2,2026-08-17T18:48:05Z,2026-08-17T18:48:05Z,
96.82.158.217,ipv4,malware-c2,high,WHITE,linuxtracker/hancitor-ips,hancitor|malware|c2,2026-08-17T18:48:05Z,2026-08-17T18:48:05Z,
96.82.248.5,ipv4,malware-c2,high,WHITE,linuxtracker/hancitor-ips,hancitor|malware|c2,2026-08-17T18:48:05Z,2026-08-17T18:48:05Z,
96.82.248.185,ipv4,malware-c2,high,WHITE,linuxtracker/hancitor-ips,hancitor|malware|c2,2026-08-17T18:48:05Z,2026-08-17T18:48:05Z,
96.83.60.30,ipv4,malware-c2,high,WHITE,linuxtracker/hancitor-ips,hancitor|malware|c2,2026-08-17T18:48:05Z,2026-08-17T18:48:05Z,
96.84.215.1,ipv4,malware-c2,high,WHITE,linuxtracker/hancitor-ips,hancitor|malware|c2,2026-08-17T18:48:05Z,2026-08-17T18:48:05Z,
96.85.23.198,ipv4,malware-c2,high,WHITE,linuxtracker/hancitor-ips,hancitor|malware|c2,2026-08-17T18:48:05Z,2026-08-17T18:48:05Z,
96.85.26.17,ipv4,malware-c2,high,WHITE,linuxtracker/hancitor-ips,hancitor|malware|c2,2026-08-17T18:48:05Z,2026-08-17T18:48:05Z,
96.86.215.241,ipv4,malware-c2,high,WHITE,linuxtracker/hancitor-ips,hancitor|malware|c2,2026-08-17T18:48:05Z,2026-08-17T18:48:05Z,
96.86.244.57,ipv4,malware-c2,high,WHITE,linuxtracker/hancitor-ips,hancitor|malware|c2,2026-08-17T18:48:05Z,2026-08-17T18:48:05Z,
96.87.196.78,ipv4,malware-c2,high,WHITE,linuxtracker/hancitor-ips,hancitor|malware|c2,2026-08-17T18:48:05Z,2026-08-17T18:48:05Z,
96.91.170.74,ipv4,malware-c2,high,WHITE,linuxtracker/hancitor-ips,hancitor|malware|c2,2026-08-17T18:48:05Z,2026-08-17T18:48:05Z,
96.92.35.182,ipv4,malware-c2,high,WHITE,linuxtracker/hancitor-ips,hancitor|malware|c2,2026-08-17T18:48:05Z,2026-08-17T18:48:05Z,
96.92.83.201,ipv4,malware-c2,high,WHITE,linuxtracker/hancitor-ips,hancitor|malware|c2,2026-08-17T18:48:05Z,2026-08-17T18:48:05Z,
96.92.93.193,ipv4,malware-c2,high,WHITE,linuxtracker/hancitor-ips,hancitor|malware|c2,2026-08-17T18:48:05Z,2026-08-17T18:48:05Z,
96.94.199.37,ipv4,malware-c2,high,WHITE,linuxtracker/hancitor-ips,hancitor|malware|c2,2026-08-17T18:48:05Z,2026-08-17T18:48:05Z,
96.95.49.49,ipv4,malware-c2,high,WHITE,linuxtracker/hancitor-ips,hancitor|malware|c2,2026-08-17T18:48:05Z,2026-08-17T18:48:05Z,
96.95.159.33,ipv4,malware-c2,high,WHITE,linuxtracker/hancitor-ips,hancitor|malware|c2,2026-08-17T18:48:05Z,2026-08-17T18:48:05Z,
96.95.178.9,ipv4,malware-c2,high,WHITE,linuxtracker/hancitor-ips,hancitor|malware|c2,2026-08-17T18:48:05Z,2026-08-17T18:48:05Z,
96.95.225.170,ipv4,malware-c2,high,WHITE,linuxtracker/hancitor-ips,hancitor|malware|c2,2026-08-17T18:48:05Z,2026-08-17T18:48:05Z,
96.240.18.85,ipv4,malware-c2,high,WHITE,linuxtracker/hancitor-ips,hancitor|malware|c2,2026-08-17T18:48:05Z,2026-08-17T18:48:05Z,
96.245.51.67,ipv4,malware-c2,high,WHITE,linuxtracker/hancitor-ips,hancitor|malware|c2,2026-08-17T18:48:05Z,2026-08-17T18:48:05Z,
96.250.98.67,ipv4,malware-c2,high,WHITE,linuxtracker/hancitor-ips,hancitor|malware|c2,2026-08-17T18:48:05Z,2026-08-17T18:48:05Z,
97.65.162.2,ipv4,malware-c2,high,WHITE,linuxtracker/hancitor-ips,hancitor|malware|c2,2026-08-17T18:48:05Z,2026-08-17T18:48:05Z,
97.76.39.190,ipv4,malware-c2,high,WHITE,linuxtracker/hancitor-ips,hancitor|malware|c2,2026-08-17T18:48:05Z,2026-08-17T18:48:05Z,
97.77.98.2,ipv4,malware-c2,high,WHITE,linuxtracker/hancitor-ips,hancitor|malware|c2,2026-08-17T18:48:05Z,2026-08-17T18:48:05Z,
97.78.48.126,ipv4,malware-c2,high,WHITE,linuxtracker/hancitor-ips,hancitor|malware|c2,2026-08-17T18:48:05Z,2026-08-17T18:48:05Z,
97.80.33.9,ipv4,malware-c2,high,WHITE,linuxtracker/hancitor-ips,hancitor|malware|c2,2026-08-17T18:48:05Z,2026-08-17T18:48:05Z,
97.80.48.154,ipv4,malware-c2,high,WHITE,linuxtracker/hancitor-ips,hancitor|malware|c2,2026-08-17T18:48:05Z,2026-08-17T18:48:05Z,
97.84.33.210,ipv4,malware-c2,high,WHITE,linuxtracker/hancitor-ips,hancitor|malware|c2,2026-08-17T18:48:05Z,2026-08-17T18:48:05Z,
97.84.131.155,ipv4,malware-c2,high,WHITE,linuxtracker/hancitor-ips,hancitor|malware|c2,2026-08-17T18:48:05Z,2026-08-17T18:48:05Z,
97.85.120.51,ipv4,malware-c2,high,WHITE,linuxtracker/hancitor-ips,hancitor|malware|c2,2026-08-17T18:48:05Z,2026-08-17T18:48:05Z,
97.89.35.202,ipv4,malware-c2,high,WHITE,linuxtracker/hancitor-ips,hancitor|malware|c2,2026-08-17T18:48:05Z,2026-08-17T18:48:05Z,
97.90.104.14,ipv4,malware-c2,high,WHITE,linuxtracker/hancitor-ips,hancitor|malware|c2,2026-08-17T18:48:05Z,2026-08-17T18:48:05Z,
97.94.30.141,ipv4,malware-c2,high,WHITE,linuxtracker/hancitor-ips,hancitor|malware|c2,2026-08-17T18:48:05Z,2026-08-17T18:48:05Z,
97.105.11.34,ipv4,malware-c2,high,WHITE,linuxtracker/hancitor-ips,hancitor|malware|c2,2026-08-17T18:48:05Z,2026-08-17T18:48:05Z,
98.21.120.166,ipv4,malware-c2,high,WHITE,linuxtracker/hancitor-ips,hancitor|malware|c2,2026-08-17T18:48:05Z,2026-08-17T18:48:05Z,
98.101.194.106,ipv4,malware-c2,high,WHITE,linuxtracker/hancitor-ips,hancitor|malware|c2,2026-08-17T18:48:05Z,2026-08-17T18:48:05Z,
98.103.65.114,ipv4,malware-c2,high,WHITE,linuxtracker/hancitor-ips,hancitor|malware|c2,2026-08-17T18:48:05Z,2026-08-17T18:48:05Z,
98.109.6.202,ipv4,malware-c2,high,WHITE,linuxtracker/hancitor-ips,hancitor|malware|c2,2026-08-17T18:48:05Z,2026-08-17T18:48:05Z,
98.118.62.186,ipv4,malware-c2,high,WHITE,linuxtracker/hancitor-ips,hancitor|malware|c2,2026-08-17T18:48:05Z,2026-08-17T18:48:05Z,
98.187.252.218,ipv4,malware-c2,high,WHITE,linuxtracker/hancitor-ips,hancitor|malware|c2,2026-08-17T18:48:05Z,2026-08-17T18:48:05Z,
98.189.148.233,ipv4,malware-c2,high,WHITE,linuxtracker/hancitor-ips,hancitor|malware|c2,2026-08-17T18:48:05Z,2026-08-17T18:48:05Z,
98.191.107.45,ipv4,malware-c2,high,WHITE,linuxtracker/hancitor-ips,hancitor|malware|c2,2026-08-17T18:48:05Z,2026-08-17T18:48:05Z,
98.191.128.95,ipv4,malware-c2,high,WHITE,linuxtracker/hancitor-ips,hancitor|malware|c2,2026-08-17T18:48:05Z,2026-08-17T18:48:05Z,
98.211.84.142,ipv4,malware-c2,high,WHITE,linuxtracker/hancitor-ips,hancitor|malware|c2,2026-08-17T18:48:05Z,2026-08-17T18:48:05Z,
98.229.127.243,ipv4,malware-c2,high,WHITE,linuxtracker/hancitor-ips,hancitor|malware|c2,2026-08-17T18:48:05Z,2026-08-17T18:48:05Z,
99.250.239.64,ipv4,malware-c2,high,WHITE,linuxtracker/hancitor-ips,hancitor|malware|c2,2026-08-17T18:48:05Z,2026-08-17T18:48:05Z,
100.8.229.98,ipv4,malware-c2,high,WHITE,linuxtracker/hancitor-ips,hancitor|malware|c2,2026-08-17T18:48:05Z,2026-08-17T18:48:05Z,
100.8.232.154,ipv4,malware-c2,high,WHITE,linuxtracker/hancitor-ips,hancitor|malware|c2,2026-08-17T18:48:05Z,2026-08-17T18:48:05Z,
103.248.22.6,ipv4,malware-c2,high,WHITE,linuxtracker/hancitor-ips,hancitor|malware|c2,2026-08-17T18:48:05Z,2026-08-17T18:48:05Z,
104.192.201.189,ipv4,malware-c2,high,WHITE,linuxtracker/hancitor-ips,hancitor|malware|c2,2026-08-17T18:48:05Z,2026-08-17T18:48:05Z,
104.201.90.210,ipv4,malware-c2,high,WHITE,linuxtracker/hancitor-ips,hancitor|malware|c2,2026-08-17T18:48:05Z,2026-08-17T18:48:05Z,
104.249.229.82,ipv4,malware-c2,high,WHITE,linuxtracker/hancitor-ips,hancitor|malware|c2,2026-08-17T18:48:05Z,2026-08-17T18:48:05Z,
107.0.228.198,ipv4,malware-c2,high,WHITE,linuxtracker/hancitor-ips,hancitor|malware|c2,2026-08-17T18:48:05Z,2026-08-17T18:48:05Z,
107.138.228.207,ipv4,malware-c2,high,WHITE,linuxtracker/hancitor-ips,hancitor|malware|c2,2026-08-17T18:48:05Z,2026-08-17T18:48:05Z,
107.144.155.170,ipv4,malware-c2,high,WHITE,linuxtracker/hancitor-ips,hancitor|malware|c2,2026-08-17T18:48:05Z,2026-08-17T18:48:05Z,
107.197.89.242,ipv4,malware-c2,high,WHITE,linuxtracker/hancitor-ips,hancitor|malware|c2,2026-08-17T18:48:05Z,2026-08-17T18:48:05Z,
108.21.241.130,ipv4,malware-c2,high,WHITE,linuxtracker/hancitor-ips,hancitor|malware|c2,2026-08-17T18:48:05Z,2026-08-17T18:48:05Z,
108.30.103.81,ipv4,malware-c2,high,WHITE,linuxtracker/hancitor-ips,hancitor|malware|c2,2026-08-17T18:48:05Z,2026-08-17T18:48:05Z,
108.32.132.32,ipv4,malware-c2,high,WHITE,linuxtracker/hancitor-ips,hancitor|malware|c2,2026-08-17T18:48:05Z,2026-08-17T18:48:05Z,
108.46.196.93,ipv4,malware-c2,high,WHITE,linuxtracker/hancitor-ips,hancitor|malware|c2,2026-08-17T18:48:05Z,2026-08-17T18:48:05Z,
108.178.73.162,ipv4,malware-c2,high,WHITE,linuxtracker/hancitor-ips,hancitor|malware|c2,2026-08-17T18:48:05Z,2026-08-17T18:48:05Z,
108.184.207.102,ipv4,malware-c2,high,WHITE,linuxtracker/hancitor-ips,hancitor|malware|c2,2026-08-17T18:48:05Z,2026-08-17T18:48:05Z,
108.188.194.177,ipv4,malware-c2,high,WHITE,linuxtracker/hancitor-ips,hancitor|malware|c2,2026-08-17T18:48:05Z,2026-08-17T18:48:05Z,
117.240.183.117,ipv4,malware-c2,high,WHITE,linuxtracker/hancitor-ips,hancitor|malware|c2,2026-08-17T18:48:05Z,2026-08-17T18:48:05Z,
122.175.39.24,ipv4,malware-c2,high,WHITE,linuxtracker/hancitor-ips,hancitor|malware|c2,2026-08-17T18:48:05Z,2026-08-17T18:48:05Z,
131.161.86.199,ipv4,malware-c2,high,WHITE,linuxtracker/hancitor-ips,hancitor|malware|c2,2026-08-17T18:48:05Z,2026-08-17T18:48:05Z,
137.101.218.89,ipv4,malware-c2,high,WHITE,linuxtracker/hancitor-ips,hancitor|malware|c2,2026-08-17T18:48:05Z,2026-08-17T18:48:05Z,
137.103.121.141,ipv4,malware-c2,high,WHITE,linuxtracker/hancitor-ips,hancitor|malware|c2,2026-08-17T18:48:05Z,2026-08-17T18:48:05Z,
137.188.108.19,ipv4,malware-c2,high,WHITE,linuxtracker/hancitor-ips,hancitor|malware|c2,2026-08-17T18:48:05Z,2026-08-17T18:48:05Z,
139.60.4.63,ipv4,malware-c2,high,WHITE,linuxtracker/hancitor-ips,hancitor|malware|c2,2026-08-17T18:48:05Z,2026-08-17T18:48:05Z,
139.60.4.252,ipv4,malware-c2,high,WHITE,linuxtracker/hancitor-ips,hancitor|malware|c2,2026-08-17T18:48:05Z,2026-08-17T18:48:05Z,
142.68.10.196,ipv4,malware-c2,high,WHITE,linuxtracker/hancitor-ips,hancitor|malware|c2,2026-08-17T18:48:05Z,2026-08-17T18:48:05Z,
142.160.83.229,ipv4,malware-c2,high,WHITE,linuxtracker/hancitor-ips,hancitor|malware|c2,2026-08-17T18:48:05Z,2026-08-17T18:48:05Z,
142.176.85.144,ipv4,malware-c2,high,WHITE,linuxtracker/hancitor-ips,hancitor|malware|c2,2026-08-17T18:48:05Z,2026-08-17T18:48:05Z,
142.217.200.139,ipv4,malware-c2,high,WHITE,linuxtracker/hancitor-ips,hancitor|malware|c2,2026-08-17T18:48:05Z,2026-08-17T18:48:05Z,
146.115.63.226,ipv4,malware-c2,high,WHITE,linuxtracker/hancitor-ips,hancitor|malware|c2,2026-08-17T18:48:05Z,2026-08-17T18:48:05Z,
152.160.35.34,ipv4,malware-c2,high,WHITE,linuxtracker/hancitor-ips,hancitor|malware|c2,2026-08-17T18:48:05Z,2026-08-17T18:48:05Z,
155.99.70.195,ipv4,malware-c2,high,WHITE,linuxtracker/hancitor-ips,hancitor|malware|c2,2026-08-17T18:48:05Z,2026-08-17T18:48:05Z,
158.222.66.172,ipv4,malware-c2,high,WHITE,linuxtracker/hancitor-ips,hancitor|malware|c2,2026-08-17T18:48:05Z,2026-08-17T18:48:05Z,
159.180.236.145,ipv4,malware-c2,high,WHITE,linuxtracker/hancitor-ips,hancitor|malware|c2,2026-08-17T18:48:05Z,2026-08-17T18:48:05Z,
162.17.231.130,ipv4,malware-c2,high,WHITE,linuxtracker/hancitor-ips,hancitor|malware|c2,2026-08-17T18:48:05Z,2026-08-17T18:48:05Z,
162.104.96.249,ipv4,malware-c2,high,WHITE,linuxtracker/hancitor-ips,hancitor|malware|c2,2026-08-17T18:48:05Z,2026-08-17T18:48:05Z,
162.216.203.208,ipv4,malware-c2,high,WHITE,linuxtracker/hancitor-ips,hancitor|malware|c2,2026-08-17T18:48:05Z,2026-08-17T18:48:05Z,
162.218.105.173,ipv4,malware-c2,high,WHITE,linuxtracker/hancitor-ips,hancitor|malware|c2,2026-08-17T18:48:05Z,2026-08-17T18:48:05Z,
162.222.233.38,ipv4,malware-c2,high,WHITE,linuxtracker/hancitor-ips,hancitor|malware|c2,2026-08-17T18:48:05Z,2026-08-17T18:48:05Z,
162.246.139.3,ipv4,malware-c2,high,WHITE,linuxtracker/hancitor-ips,hancitor|malware|c2,2026-08-17T18:48:05Z,2026-08-17T18:48:05Z,
165.166.136.134,ipv4,malware-c2,high,WHITE,linuxtracker/hancitor-ips,hancitor|malware|c2,2026-08-17T18:48:05Z,2026-08-17T18:48:05Z,
166.70.29.1,ipv4,malware-c2,high,WHITE,linuxtracker/hancitor-ips,hancitor|malware|c2,2026-08-17T18:48:05Z,2026-08-17T18:48:05Z,
169.55.251.141,ipv4,malware-c2,high,WHITE,linuxtracker/hancitor-ips,hancitor|malware|c2,2026-08-17T18:48:05Z,2026-08-17T18:48:05Z,
172.14.159.90,ipv4,malware-c2,high,WHITE,linuxtracker/hancitor-ips,hancitor|malware|c2,2026-08-17T18:48:05Z,2026-08-17T18:48:05Z,
172.87.162.82,ipv4,malware-c2,high,WHITE,linuxtracker/hancitor-ips,hancitor|malware|c2,2026-08-17T18:48:05Z,2026-08-17T18:48:05Z,
172.89.91.39,ipv4,malware-c2,high,WHITE,linuxtracker/hancitor-ips,hancitor|malware|c2,2026-08-17T18:48:05Z,2026-08-17T18:48:05Z,
172.117.56.38,ipv4,malware-c2,high,WHITE,linuxtracker/hancitor-ips,hancitor|malware|c2,2026-08-17T18:48:05Z,2026-08-17T18:48:05Z,
172.223.78.227,ipv4,malware-c2,high,WHITE,linuxtracker/hancitor-ips,hancitor|malware|c2,2026-08-17T18:48:05Z,2026-08-17T18:48:05Z,
172.254.190.170,ipv4,malware-c2,high,WHITE,linuxtracker/hancitor-ips,hancitor|malware|c2,2026-08-17T18:48:05Z,2026-08-17T18:48:05Z,
173.8.37.101,ipv4,malware-c2,high,WHITE,linuxtracker/hancitor-ips,hancitor|malware|c2,2026-08-17T18:48:05Z,2026-08-17T18:48:05Z,
173.8.52.203,ipv4,malware-c2,high,WHITE,linuxtracker/hancitor-ips,hancitor|malware|c2,2026-08-17T18:48:05Z,2026-08-17T18:48:05Z,
173.8.67.169,ipv4,malware-c2,high,WHITE,linuxtracker/hancitor-ips,hancitor|malware|c2,2026-08-17T18:48:05Z,2026-08-17T18:48:05Z,
173.9.179.53,ipv4,malware-c2,high,WHITE,linuxtracker/hancitor-ips,hancitor|malware|c2,2026-08-17T18:48:05Z,2026-08-17T18:48:05Z,
173.12.134.65,ipv4,malware-c2,high,WHITE,linuxtracker/hancitor-ips,hancitor|malware|c2,2026-08-17T18:48:05Z,2026-08-17T18:48:05Z,
173.12.239.115,ipv4,malware-c2,high,WHITE,linuxtracker/hancitor-ips,hancitor|malware|c2,2026-08-17T18:48:05Z,2026-08-17T18:48:05Z,
173.14.31.213,ipv4,malware-c2,high,WHITE,linuxtracker/hancitor-ips,hancitor|malware|c2,2026-08-17T18:48:05Z,2026-08-17T18:48:05Z,
173.14.168.185,ipv4,malware-c2,high,WHITE,linuxtracker/hancitor-ips,hancitor|malware|c2,2026-08-17T18:48:05Z,2026-08-17T18:48:05Z,
173.25.234.93,ipv4,malware-c2,high,WHITE,linuxtracker/hancitor-ips,hancitor|malware|c2,2026-08-17T18:48:05Z,2026-08-17T18:48:05Z,
173.58.193.44,ipv4,malware-c2,high,WHITE,linuxtracker/hancitor-ips,hancitor|malware|c2,2026-08-17T18:48:05Z,2026-08-17T18:48:05Z,
173.61.176.114,ipv4,malware-c2,high,WHITE,linuxtracker/hancitor-ips,hancitor|malware|c2,2026-08-17T18:48:05Z,2026-08-17T18:48:05Z,
173.87.90.54,ipv4,malware-c2,high,WHITE,linuxtracker/hancitor-ips,hancitor|malware|c2,2026-08-17T18:48:05Z,2026-08-17T18:48:05Z,
173.94.117.210,ipv4,malware-c2,high,WHITE,linuxtracker/hancitor-ips,hancitor|malware|c2,2026-08-17T18:48:05Z,2026-08-17T18:48:05Z,
173.160.150.54,ipv4,malware-c2,high,WHITE,linuxtracker/hancitor-ips,hancitor|malware|c2,2026-08-17T18:48:05Z,2026-08-17T18:48:05Z,
173.162.175.65,ipv4,malware-c2,high,WHITE,linuxtracker/hancitor-ips,hancitor|malware|c2,2026-08-17T18:48:05Z,2026-08-17T18:48:05Z,
173.165.126.46,ipv4,malware-c2,high,WHITE,linuxtracker/hancitor-ips,hancitor|malware|c2,2026-08-17T18:48:05Z,2026-08-17T18:48:05Z,
173.165.129.137,ipv4,malware-c2,high,WHITE,linuxtracker/hancitor-ips,hancitor|malware|c2,2026-08-17T18:48:05Z,2026-08-17T18:48:05Z,
173.183.213.54,ipv4,malware-c2,high,WHITE,linuxtracker/hancitor-ips,hancitor|malware|c2,2026-08-17T18:48:05Z,2026-08-17T18:48:05Z,
173.186.35.186,ipv4,malware-c2,high,WHITE,linuxtracker/hancitor-ips,hancitor|malware|c2,2026-08-17T18:48:05Z,2026-08-17T18:48:05Z,
173.209.154.162,ipv4,malware-c2,high,WHITE,linuxtracker/hancitor-ips,hancitor|malware|c2,2026-08-17T18:48:05Z,2026-08-17T18:48:05Z,
173.210.47.2,ipv4,malware-c2,high,WHITE,linuxtracker/hancitor-ips,hancitor|malware|c2,2026-08-17T18:48:05Z,2026-08-17T18:48:05Z,
173.219.61.189,ipv4,malware-c2,high,WHITE,linuxtracker/hancitor-ips,hancitor|malware|c2,2026-08-17T18:48:05Z,2026-08-17T18:48:05Z,
173.219.81.251,ipv4,malware-c2,high,WHITE,linuxtracker/hancitor-ips,hancitor|malware|c2,2026-08-17T18:48:05Z,2026-08-17T18:48:05Z,
173.220.58.194,ipv4,malware-c2,high,WHITE,linuxtracker/hancitor-ips,hancitor|malware|c2,2026-08-17T18:48:05Z,2026-08-17T18:48:05Z,
173.235.8.204,ipv4,malware-c2,high,WHITE,linuxtracker/hancitor-ips,hancitor|malware|c2,2026-08-17T18:48:05Z,2026-08-17T18:48:05Z,
174.50.253.185,ipv4,malware-c2,high,WHITE,linuxtracker/hancitor-ips,hancitor|malware|c2,2026-08-17T18:48:05Z,2026-08-17T18:48:05Z,
174.57.177.99,ipv4,malware-c2,high,WHITE,linuxtracker/hancitor-ips,hancitor|malware|c2,2026-08-17T18:48:05Z,2026-08-17T18:48:05Z,
174.77.236.252,ipv4,malware-c2,high,WHITE,linuxtracker/hancitor-ips,hancitor|malware|c2,2026-08-17T18:48:05Z,2026-08-17T18:48:05Z,
174.80.66.187,ipv4,malware-c2,high,WHITE,linuxtracker/hancitor-ips,hancitor|malware|c2,2026-08-17T18:48:05Z,2026-08-17T18:48:05Z,
174.100.56.13,ipv4,malware-c2,high,WHITE,linuxtracker/hancitor-ips,hancitor|malware|c2,2026-08-17T18:48:05Z,2026-08-17T18:48:05Z,
174.109.248.174,ipv4,malware-c2,high,WHITE,linuxtracker/hancitor-ips,hancitor|malware|c2,2026-08-17T18:48:05Z,2026-08-17T18:48:05Z,
174.114.94.236,ipv4,malware-c2,high,WHITE,linuxtracker/hancitor-ips,hancitor|malware|c2,2026-08-17T18:48:05Z,2026-08-17T18:48:05Z,
174.229.129.82,ipv4,malware-c2,high,WHITE,linuxtracker/hancitor-ips,hancitor|malware|c2,2026-08-17T18:48:05Z,2026-08-17T18:48:05Z,
174.235.143.147,ipv4,malware-c2,high,WHITE,linuxtracker/hancitor-ips,hancitor|malware|c2,2026-08-17T18:48:05Z,2026-08-17T18:48:05Z,
184.67.195.30,ipv4,malware-c2,high,WHITE,linuxtracker/hancitor-ips,hancitor|malware|c2,2026-08-17T18:48:05Z,2026-08-17T18:48:05Z,
184.68.137.78,ipv4,malware-c2,high,WHITE,linuxtracker/hancitor-ips,hancitor|malware|c2,2026-08-17T18:48:05Z,2026-08-17T18:48:05Z,
184.71.42.34,ipv4,malware-c2,high,WHITE,linuxtracker/hancitor-ips,hancitor|malware|c2,2026-08-17T18:48:05Z,2026-08-17T18:48:05Z,
184.74.31.10,ipv4,malware-c2,high,WHITE,linuxtracker/hancitor-ips,hancitor|malware|c2,2026-08-17T18:48:05Z,2026-08-17T18:48:05Z,
184.164.182.232,ipv4,malware-c2,high,WHITE,linuxtracker/hancitor-ips,hancitor|malware|c2,2026-08-17T18:48:05Z,2026-08-17T18:48:05Z,
184.167.148.255,ipv4,malware-c2,high,WHITE,linuxtracker/hancitor-ips,hancitor|malware|c2,2026-08-17T18:48:05Z,2026-08-17T18:48:05Z,
184.191.161.234,ipv4,malware-c2,high,WHITE,linuxtracker/hancitor-ips,hancitor|malware|c2,2026-08-17T18:48:05Z,2026-08-17T18:48:05Z,
185.16.210.16,ipv4,malware-c2,high,WHITE,linuxtracker/hancitor-ips,hancitor|malware|c2,2026-08-17T18:48:05Z,2026-08-17T18:48:05Z,
185.99.139.214,ipv4,malware-c2,high,WHITE,linuxtracker/hancitor-ips,hancitor|malware|c2,2026-08-17T18:48:05Z,2026-08-17T18:48:05Z,
188.122.41.154,ipv4,malware-c2,high,WHITE,linuxtracker/hancitor-ips,hancitor|malware|c2,2026-08-17T18:48:05Z,2026-08-17T18:48:05Z,
190.4.177.156,ipv4,malware-c2,high,WHITE,linuxtracker/hancitor-ips,hancitor|malware|c2,2026-08-17T18:48:05Z,2026-08-17T18:48:05Z,
190.4.186.152,ipv4,malware-c2,high,WHITE,linuxtracker/hancitor-ips,hancitor|malware|c2,2026-08-17T18:48:05Z,2026-08-17T18:48:05Z,
192.119.212.206,ipv4,malware-c2,high,WHITE,linuxtracker/hancitor-ips,hancitor|malware|c2,2026-08-17T18:48:05Z,2026-08-17T18:48:05Z,
192.154.121.214,ipv4,malware-c2,high,WHITE,linuxtracker/hancitor-ips,hancitor|malware|c2,2026-08-17T18:48:05Z,2026-08-17T18:48:05Z,
192.171.200.46,ipv4,malware-c2,high,WHITE,linuxtracker/hancitor-ips,hancitor|malware|c2,2026-08-17T18:48:05Z,2026-08-17T18:48:05Z,
197.159.123.130,ipv4,malware-c2,high,WHITE,linuxtracker/hancitor-ips,hancitor|malware|c2,2026-08-17T18:48:05Z,2026-08-17T18:48:05Z,
198.0.79.250,ipv4,malware-c2,high,WHITE,linuxtracker/hancitor-ips,hancitor|malware|c2,2026-08-17T18:48:05Z,2026-08-17T18:48:05Z,
198.40.233.38,ipv4,malware-c2,high,WHITE,linuxtracker/hancitor-ips,hancitor|malware|c2,2026-08-17T18:48:05Z,2026-08-17T18:48:05Z,
198.40.241.206,ipv4,malware-c2,high,WHITE,linuxtracker/hancitor-ips,hancitor|malware|c2,2026-08-17T18:48:05Z,2026-08-17T18:48:05Z,
198.70.165.43,ipv4,malware-c2,high,WHITE,linuxtracker/hancitor-ips,hancitor|malware|c2,2026-08-17T18:48:05Z,2026-08-17T18:48:05Z,
199.6.38.172,ipv4,malware-c2,high,WHITE,linuxtracker/hancitor-ips,hancitor|malware|c2,2026-08-17T18:48:05Z,2026-08-17T18:48:05Z,
199.10.29.18,ipv4,malware-c2,high,WHITE,linuxtracker/hancitor-ips,hancitor|malware|c2,2026-08-17T18:48:05Z,2026-08-17T18:48:05Z,
199.119.80.35,ipv4,malware-c2,high,WHITE,linuxtracker/hancitor-ips,hancitor|malware|c2,2026-08-17T18:48:05Z,2026-08-17T18:48:05Z,
199.167.123.146,ipv4,malware-c2,high,WHITE,linuxtracker/hancitor-ips,hancitor|malware|c2,2026-08-17T18:48:05Z,2026-08-17T18:48:05Z,
199.227.4.218,ipv4,malware-c2,high,WHITE,linuxtracker/hancitor-ips,hancitor|malware|c2,2026-08-17T18:48:05Z,2026-08-17T18:48:05Z,
200.104.58.195,ipv4,malware-c2,high,WHITE,linuxtracker/hancitor-ips,hancitor|malware|c2,2026-08-17T18:48:05Z,2026-08-17T18:48:05Z,
201.229.68.245,ipv4,malware-c2,high,WHITE,linuxtracker/hancitor-ips,hancitor|malware|c2,2026-08-17T18:48:05Z,2026-08-17T18:48:05Z,
203.130.24.211,ipv4,malware-c2,high,WHITE,linuxtracker/hancitor-ips,hancitor|malware|c2,2026-08-17T18:48:05Z,2026-08-17T18:48:05Z,
204.116.91.18,ipv4,malware-c2,high,WHITE,linuxtracker/hancitor-ips,hancitor|malware|c2,2026-08-17T18:48:05Z,2026-08-17T18:48:05Z,
204.186.244.210,ipv4,malware-c2,high,WHITE,linuxtracker/hancitor-ips,hancitor|malware|c2,2026-08-17T18:48:05Z,2026-08-17T18:48:05Z,
204.195.154.167,ipv4,malware-c2,high,WHITE,linuxtracker/hancitor-ips,hancitor|malware|c2,2026-08-17T18:48:05Z,2026-08-17T18:48:05Z,
205.169.166.22,ipv4,malware-c2,high,WHITE,linuxtracker/hancitor-ips,hancitor|malware|c2,2026-08-17T18:48:05Z,2026-08-17T18:48:05Z,
206.18.165.129,ipv4,malware-c2,high,WHITE,linuxtracker/hancitor-ips,hancitor|malware|c2,2026-08-17T18:48:05Z,2026-08-17T18:48:05Z,
206.40.111.53,ipv4,malware-c2,high,WHITE,linuxtracker/hancitor-ips,hancitor|malware|c2,2026-08-17T18:48:05Z,2026-08-17T18:48:05Z,
206.63.234.219,ipv4,malware-c2,high,WHITE,linuxtracker/hancitor-ips,hancitor|malware|c2,2026-08-17T18:48:05Z,2026-08-17T18:48:05Z,
206.79.195.23,ipv4,malware-c2,high,WHITE,linuxtracker/hancitor-ips,hancitor|malware|c2,2026-08-17T18:48:05Z,2026-08-17T18:48:05Z,
206.81.132.2,ipv4,malware-c2,high,WHITE,linuxtracker/hancitor-ips,hancitor|malware|c2,2026-08-17T18:48:05Z,2026-08-17T18:48:05Z,
206.125.155.198,ipv4,malware-c2,high,WHITE,linuxtracker/hancitor-ips,hancitor|malware|c2,2026-08-17T18:48:05Z,2026-08-17T18:48:05Z,
206.174.199.34,ipv4,malware-c2,high,WHITE,linuxtracker/hancitor-ips,hancitor|malware|c2,2026-08-17T18:48:05Z,2026-08-17T18:48:05Z,
206.217.6.169,ipv4,malware-c2,high,WHITE,linuxtracker/hancitor-ips,hancitor|malware|c2,2026-08-17T18:48:05Z,2026-08-17T18:48:05Z,
207.119.95.83,ipv4,malware-c2,high,WHITE,linuxtracker/hancitor-ips,hancitor|malware|c2,2026-08-17T18:48:05Z,2026-08-17T18:48:05Z,
207.119.219.225,ipv4,malware-c2,high,WHITE,linuxtracker/hancitor-ips,hancitor|malware|c2,2026-08-17T18:48:05Z,2026-08-17T18:48:05Z,
207.173.153.4,ipv4,malware-c2,high,WHITE,linuxtracker/hancitor-ips,hancitor|malware|c2,2026-08-17T18:48:05Z,2026-08-17T18:48:05Z,
207.173.153.189,ipv4,malware-c2,high,WHITE,linuxtracker/hancitor-ips,hancitor|malware|c2,2026-08-17T18:48:05Z,2026-08-17T18:48:05Z,
207.173.159.68,ipv4,malware-c2,high,WHITE,linuxtracker/hancitor-ips,hancitor|malware|c2,2026-08-17T18:48:05Z,2026-08-17T18:48:05Z,
207.194.39.194,ipv4,malware-c2,high,WHITE,linuxtracker/hancitor-ips,hancitor|malware|c2,2026-08-17T18:48:05Z,2026-08-17T18:48:05Z,
207.201.210.82,ipv4,malware-c2,high,WHITE,linuxtracker/hancitor-ips,hancitor|malware|c2,2026-08-17T18:48:05Z,2026-08-17T18:48:05Z,
207.237.12.116,ipv4,malware-c2,high,WHITE,linuxtracker/hancitor-ips,hancitor|malware|c2,2026-08-17T18:48:05Z,2026-08-17T18:48:05Z,
208.41.239.26,ipv4,malware-c2,high,WHITE,linuxtracker/hancitor-ips,hancitor|malware|c2,2026-08-17T18:48:05Z,2026-08-17T18:48:05Z,
208.67.102.180,ipv4,malware-c2,high,WHITE,linuxtracker/hancitor-ips,hancitor|malware|c2,2026-08-17T18:48:05Z,2026-08-17T18:48:05Z,
208.85.181.217,ipv4,malware-c2,high,WHITE,linuxtracker/hancitor-ips,hancitor|malware|c2,2026-08-17T18:48:05Z,2026-08-17T18:48:05Z,
208.88.67.188,ipv4,malware-c2,high,WHITE,linuxtracker/hancitor-ips,hancitor|malware|c2,2026-08-17T18:48:05Z,2026-08-17T18:48:05Z,
208.118.138.224,ipv4,malware-c2,high,WHITE,linuxtracker/hancitor-ips,hancitor|malware|c2,2026-08-17T18:48:05Z,2026-08-17T18:48:05Z,
208.181.214.155,ipv4,malware-c2,high,WHITE,linuxtracker/hancitor-ips,hancitor|malware|c2,2026-08-17T18:48:05Z,2026-08-17T18:48:05Z,
209.23.243.106,ipv4,malware-c2,high,WHITE,linuxtracker/hancitor-ips,hancitor|malware|c2,2026-08-17T18:48:05Z,2026-08-17T18:48:05Z,
209.64.58.226,ipv4,malware-c2,high,WHITE,linuxtracker/hancitor-ips,hancitor|malware|c2,2026-08-17T18:48:05Z,2026-08-17T18:48:05Z,
209.83.63.58,ipv4,malware-c2,high,WHITE,linuxtracker/hancitor-ips,hancitor|malware|c2,2026-08-17T18:48:05Z,2026-08-17T18:48:05Z,
209.118.33.114,ipv4,malware-c2,high,WHITE,linuxtracker/hancitor-ips,hancitor|malware|c2,2026-08-17T18:48:05Z,2026-08-17T18:48:05Z,
209.142.191.160,ipv4,malware-c2,high,WHITE,linuxtracker/hancitor-ips,hancitor|malware|c2,2026-08-17T18:48:05Z,2026-08-17T18:48:05Z,
209.234.187.218,ipv4,malware-c2,high,WHITE,linuxtracker/hancitor-ips,hancitor|malware|c2,2026-08-17T18:48:05Z,2026-08-17T18:48:05Z,
213.120.119.168,ipv4,malware-c2,high,WHITE,linuxtracker/hancitor-ips,hancitor|malware|c2,2026-08-17T18:48:05Z,2026-08-17T18:48:05Z,
213.120.121.78,ipv4,malware-c2,high,WHITE,linuxtracker/hancitor-ips,hancitor|malware|c2,2026-08-17T18:48:05Z,2026-08-17T18:48:05Z,
216.3.207.162,ipv4,malware-c2,high,WHITE,linuxtracker/hancitor-ips,hancitor|malware|c2,2026-08-17T18:48:05Z,2026-08-17T18:48:05Z,
216.7.131.82,ipv4,malware-c2,high,WHITE,linuxtracker/hancitor-ips,hancitor|malware|c2,2026-08-17T18:48:05Z,2026-08-17T18:48:05Z,
216.26.206.112,ipv4,malware-c2,high,WHITE,linuxtracker/hancitor-ips,hancitor|malware|c2,2026-08-17T18:48:05Z,2026-08-17T18:48:05Z,
216.37.70.43,ipv4,malware-c2,high,WHITE,linuxtracker/hancitor-ips,hancitor|malware|c2,2026-08-17T18:48:05Z,2026-08-17T18:48:05Z,
216.57.209.45,ipv4,malware-c2,high,WHITE,linuxtracker/hancitor-ips,hancitor|malware|c2,2026-08-17T18:48:05Z,2026-08-17T18:48:05Z,
216.82.193.52,ipv4,malware-c2,high,WHITE,linuxtracker/hancitor-ips,hancitor|malware|c2,2026-08-17T18:48:05Z,2026-08-17T18:48:05Z,
216.130.144.155,ipv4,malware-c2,high,WHITE,linuxtracker/hancitor-ips,hancitor|malware|c2,2026-08-17T18:48:05Z,2026-08-17T18:48:05Z,
216.139.132.226,ipv4,malware-c2,high,WHITE,linuxtracker/hancitor-ips,hancitor|malware|c2,2026-08-17T18:48:05Z,2026-08-17T18:48:05Z,
216.165.174.134,ipv4,malware-c2,high,WHITE,linuxtracker/hancitor-ips,hancitor|malware|c2,2026-08-17T18:48:05Z,2026-08-17T18:48:05Z,
216.165.235.227,ipv4,malware-c2,high,WHITE,linuxtracker/hancitor-ips,hancitor|malware|c2,2026-08-17T18:48:05Z,2026-08-17T18:48:05Z,
216.174.116.246,ipv4,malware-c2,high,WHITE,linuxtracker/hancitor-ips,hancitor|malware|c2,2026-08-17T18:48:05Z,2026-08-17T18:48:05Z,
216.186.201.189,ipv4,malware-c2,high,WHITE,linuxtracker/hancitor-ips,hancitor|malware|c2,2026-08-17T18:48:05Z,2026-08-17T18:48:05Z,
216.196.229.166,ipv4,malware-c2,high,WHITE,linuxtracker/hancitor-ips,hancitor|malware|c2,2026-08-17T18:48:05Z,2026-08-17T18:48:05Z,
216.201.198.182,ipv4,malware-c2,high,WHITE,linuxtracker/hancitor-ips,hancitor|malware|c2,2026-08-17T18:48:05Z,2026-08-17T18:48:05Z,
216.201.231.202,ipv4,malware-c2,high,WHITE,linuxtracker/hancitor-ips,hancitor|malware|c2,2026-08-17T18:48:05Z,2026-08-17T18:48:05Z,
216.214.199.176,ipv4,malware-c2,high,WHITE,linuxtracker/hancitor-ips,hancitor|malware|c2,2026-08-17T18:48:05Z,2026-08-17T18:48:05Z,
216.215.113.62,ipv4,malware-c2,high,WHITE,linuxtracker/hancitor-ips,hancitor|malware|c2,2026-08-17T18:48:05Z,2026-08-17T18:48:05Z,
216.215.119.34,ipv4,malware-c2,high,WHITE,linuxtracker/hancitor-ips,hancitor|malware|c2,2026-08-17T18:48:05Z,2026-08-17T18:48:05Z,
216.218.189.211,ipv4,malware-c2,high,WHITE,linuxtracker/hancitor-ips,hancitor|malware|c2,2026-08-17T18:48:05Z,2026-08-17T18:48:05Z,
216.240.61.134,ipv4,malware-c2,high,WHITE,linuxtracker/hancitor-ips,hancitor|malware|c2,2026-08-17T18:48:05Z,2026-08-17T18:48:05Z,
216.255.244.66,ipv4,malware-c2,high,WHITE,linuxtracker/hancitor-ips,hancitor|malware|c2,2026-08-17T18:48:05Z,2026-08-17T18:48:05Z,
216.255.247.50,ipv4,malware-c2,high,WHITE,linuxtracker/hancitor-ips,hancitor|malware|c2,2026-08-17T18:48:05Z,2026-08-17T18:48:05Z,
217.155.10.198,ipv4,malware-c2,high,WHITE,linuxtracker/hancitor-ips,hancitor|malware|c2,2026-08-17T18:48:05Z,2026-08-17T18:48:05Z,
218.197.8.26,ipv4,malware-c2,high,WHITE,linuxtracker/hancitor-ips,hancitor|malware|c2,2026-08-17T18:48:05Z,2026-08-17T18:48:05Z,
23.240.119.240,ipv4,malware-c2,high,WHITE,linuxtracker/hancitor-ips,hancitor|malware|c2,2026-08-17T18:48:05Z,2026-08-17T18:48:05Z,
50.193.187.45,ipv4,malware-c2,high,WHITE,linuxtracker/hancitor-ips,hancitor|malware|c2,2026-08-17T18:48:05Z,2026-08-17T18:48:05Z,
24.255.124.116,ipv4,malware-c2,high,WHITE,linuxtracker/hancitor-ips,hancitor|malware|c2,2026-08-17T18:48:05Z,2026-08-17T18:48:05Z,
216.201.13.135,ipv4,malware-c2,high,WHITE,linuxtracker/hancitor-ips,hancitor|malware|c2,2026-08-17T18:48:05Z,2026-08-17T18:48:05Z,
50.233.245.230,ipv4,malware-c2,high,WHITE,linuxtracker/hancitor-ips,hancitor|malware|c2,2026-08-17T18:48:05Z,2026-08-17T18:48:05Z,
172.72.124.183,ipv4,malware-c2,high,WHITE,linuxtracker/hancitor-ips,hancitor|malware|c2,2026-08-17T18:48:05Z,2026-08-17T18:48:05Z,
75.127.138.155,ipv4,malware-c2,high,WHITE,linuxtracker/hancitor-ips,hancitor|malware|c2,2026-08-17T18:48:05Z,2026-08-17T18:48:05Z,
70.182.68.32,ipv4,malware-c2,high,WHITE,linuxtracker/hancitor-ips,hancitor|malware|c2,2026-08-17T18:48:05Z,2026-08-17T18:48:05Z,
70.184.28.50,ipv4,malware-c2,high,WHITE,linuxtracker/hancitor-ips,hancitor|malware|c2,2026-08-17T18:48:05Z,2026-08-17T18:48:05Z,
45.251.47.53,ipv4,malware-c2,high,WHITE,linuxtracker/hancitor-ips,hancitor|malware|c2,2026-08-17T18:48:05Z,2026-08-17T18:48:05Z,
75.83.36.11,ipv4,malware-c2,high,WHITE,linuxtracker/hancitor-ips,hancitor|malware|c2,2026-08-17T18:48:05Z,2026-08-17T18:48:05Z,
72.180.164.168,ipv4,malware-c2,high,WHITE,linuxtracker/hancitor-ips,hancitor|malware|c2,2026-08-17T18:48:05Z,2026-08-17T18:48:05Z,
74.122.207.48,ipv4,malware-c2,high,WHITE,linuxtracker/hancitor-ips,hancitor|malware|c2,2026-08-17T18:48:05Z,2026-08-17T18:48:05Z,
86.174.85.20,ipv4,malware-c2,high,WHITE,linuxtracker/hancitor-ips,hancitor|malware|c2,2026-08-17T18:48:05Z,2026-08-17T18:48:05Z,
66.211.220.226,ipv4,malware-c2,high,WHITE,linuxtracker/hancitor-ips,hancitor|malware|c2,2026-08-17T18:48:05Z,2026-08-17T18:48:05Z,
207.173.152.26,ipv4,malware-c2,high,WHITE,linuxtracker/hancitor-ips,hancitor|malware|c2,2026-08-17T18:48:05Z,2026-08-17T18:48:05Z,
64.136.152.58,ipv4,malware-c2,high,WHITE,linuxtracker/hancitor-ips,hancitor|malware|c2,2026-08-17T18:48:05Z,2026-08-17T18:48:05Z,
174.235.3.239,ipv4,malware-c2,high,WHITE,linuxtracker/hancitor-ips,hancitor|malware|c2,2026-08-17T18:48:05Z,2026-08-17T18:48:05Z,
24.37.144.98,ipv4,malware-c2,high,WHITE,linuxtracker/hancitor-ips,hancitor|malware|c2,2026-08-17T18:48:05Z,2026-08-17T18:48:05Z,
69.147.166.92,ipv4,malware-c2,high,WHITE,linuxtracker/hancitor-ips,hancitor|malware|c2,2026-08-17T18:48:05Z,2026-08-17T18:48:05Z,
96.10.38.82,ipv4,malware-c2,high,WHITE,linuxtracker/hancitor-ips,hancitor|malware|c2,2026-08-17T18:48:05Z,2026-08-17T18:48:05Z,
174.107.123.14,ipv4,malware-c2,high,WHITE,linuxtracker/hancitor-ips,hancitor|malware|c2,2026-08-17T18:48:05Z,2026-08-17T18:48:05Z,
173.11.156.185,ipv4,malware-c2,high,WHITE,linuxtracker/hancitor-ips,hancitor|malware|c2,2026-08-17T18:48:05Z,2026-08-17T18:48:05Z,
86.177.128.192,ipv4,malware-c2,high,WHITE,linuxtracker/hancitor-ips,hancitor|malware|c2,2026-08-17T18:48:05Z,2026-08-17T18:48:05Z,
24.229.13.112,ipv4,malware-c2,high,WHITE,linuxtracker/hancitor-ips,hancitor|malware|c2,2026-08-17T18:48:05Z,2026-08-17T18:48:05Z,
98.173.249.186,ipv4,malware-c2,high,WHITE,linuxtracker/hancitor-ips,hancitor|malware|c2,2026-08-17T18:48:05Z,2026-08-17T18:48:05Z,
24.90.116.23,ipv4,malware-c2,high,WHITE,linuxtracker/hancitor-ips,hancitor|malware|c2,2026-08-17T18:48:05Z,2026-08-17T18:48:05Z,
169.203.234.5,ipv4,malware-c2,high,WHITE,linuxtracker/hancitor-ips,hancitor|malware|c2,2026-08-17T18:48:05Z,2026-08-17T18:48:05Z,
74.205.208.234,ipv4,malware-c2,high,WHITE,linuxtracker/hancitor-ips,hancitor|malware|c2,2026-08-17T18:48:05Z,2026-08-17T18:48:05Z,
199.190.54.209,ipv4,malware-c2,high,WHITE,linuxtracker/hancitor-ips,hancitor|malware|c2,2026-08-17T18:48:05Z,2026-08-17T18:48:05Z,
97.84.232.58,ipv4,malware-c2,high,WHITE,linuxtracker/hancitor-ips,hancitor|malware|c2,2026-08-17T18:48:05Z,2026-08-17T18:48:05Z,
173.21.96.58,ipv4,malware-c2,high,WHITE,linuxtracker/hancitor-ips,hancitor|malware|c2,2026-08-17T18:48:05Z,2026-08-17T18:48:05Z,
207.251.101.210,ipv4,malware-c2,high,WHITE,linuxtracker/hancitor-ips,hancitor|malware|c2,2026-08-17T18:48:05Z,2026-08-17T18:48:05Z,
209.23.224.34,ipv4,malware-c2,high,WHITE,linuxtracker/hancitor-ips,hancitor|malware|c2,2026-08-17T18:48:05Z,2026-08-17T18:48:05Z,
72.54.55.161,ipv4,malware-c2,high,WHITE,linuxtracker/hancitor-ips,hancitor|malware|c2,2026-08-17T18:48:05Z,2026-08-17T18:48:05Z,
192.119.243.138,ipv4,malware-c2,high,WHITE,linuxtracker/hancitor-ips,hancitor|malware|c2,2026-08-17T18:48:05Z,2026-08-17T18:48:05Z,
216.201.131.94,ipv4,malware-c2,high,WHITE,linuxtracker/hancitor-ips,hancitor|malware|c2,2026-08-17T18:48:05Z,2026-08-17T18:48:05Z,
108.29.37.139,ipv4,malware-c2,high,WHITE,linuxtracker/hancitor-ips,hancitor|malware|c2,2026-08-17T18:48:05Z,2026-08-17T18:48:05Z,
172.90.78.15,ipv4,malware-c2,high,WHITE,linuxtracker/hancitor-ips,hancitor|malware|c2,2026-08-17T18:48:05Z,2026-08-17T18:48:05Z,
24.172.91.210,ipv4,malware-c2,high,WHITE,linuxtracker/hancitor-ips,hancitor|malware|c2,2026-08-17T18:48:05Z,2026-08-17T18:48:05Z,
71.176.69.15,ipv4,malware-c2,high,WHITE,linuxtracker/hancitor-ips,hancitor|malware|c2,2026-08-17T18:48:05Z,2026-08-17T18:48:05Z,
205.161.30.61,ipv4,malware-c2,high,WHITE,linuxtracker/hancitor-ips,hancitor|malware|c2,2026-08-17T18:48:05Z,2026-08-17T18:48:05Z,
24.214.39.66,ipv4,malware-c2,high,WHITE,linuxtracker/hancitor-ips,hancitor|malware|c2,2026-08-17T18:48:05Z,2026-08-17T18:48:05Z,
96.38.70.165,ipv4,malware-c2,high,WHITE,linuxtracker/hancitor-ips,hancitor|malware|c2,2026-08-17T18:48:05Z,2026-08-17T18:48:05Z,
172.72.98.53,ipv4,malware-c2,high,WHITE,linuxtracker/hancitor-ips,hancitor|malware|c2,2026-08-17T18:48:05Z,2026-08-17T18:48:05Z,
47.23.64.75,ipv4,malware-c2,high,WHITE,linuxtracker/hancitor-ips,hancitor|malware|c2,2026-08-17T18:48:05Z,2026-08-17T18:48:05Z,
208.114.128.19,ipv4,malware-c2,high,WHITE,linuxtracker/hancitor-ips,hancitor|malware|c2,2026-08-17T18:48:05Z,2026-08-17T18:48:05Z,
205.204.44.18,ipv4,malware-c2,high,WHITE,linuxtracker/hancitor-ips,hancitor|malware|c2,2026-08-17T18:48:05Z,2026-08-17T18:48:05Z,
69.15.4.50,ipv4,malware-c2,high,WHITE,linuxtracker/hancitor-ips,hancitor|malware|c2,2026-08-17T18:48:05Z,2026-08-17T18:48:05Z,
174.82.132.169,ipv4,malware-c2,high,WHITE,linuxtracker/hancitor-ips,hancitor|malware|c2,2026-08-17T18:48:05Z,2026-08-17T18:48:05Z,
173.167.51.106,ipv4,malware-c2,high,WHITE,linuxtracker/hancitor-ips,hancitor|malware|c2,2026-08-17T18:48:05Z,2026-08-17T18:48:05Z,
97.64.136.227,ipv4,malware-c2,high,WHITE,linuxtracker/hancitor-ips,hancitor|malware|c2,2026-08-17T18:48:05Z,2026-08-17T18:48:05Z,
98.152.105.90,ipv4,malware-c2,high,WHITE,linuxtracker/hancitor-ips,hancitor|malware|c2,2026-08-17T18:48:05Z,2026-08-17T18:48:05Z,
148.77.65.66,ipv4,malware-c2,high,WHITE,linuxtracker/hancitor-ips,hancitor|malware|c2,2026-08-17T18:48:05Z,2026-08-17T18:48:05Z,
71.219.56.209,ipv4,malware-c2,high,WHITE,linuxtracker/hancitor-ips,hancitor|malware|c2,2026-08-17T18:48:05Z,2026-08-17T18:48:05Z,
75.177.137.77,ipv4,malware-c2,high,WHITE,linuxtracker/hancitor-ips,hancitor|malware|c2,2026-08-17T18:48:05Z,2026-08-17T18:48:05Z,
71.14.210.162,ipv4,malware-c2,high,WHITE,linuxtracker/hancitor-ips,hancitor|malware|c2,2026-08-17T18:48:05Z,2026-08-17T18:48:05Z,
73.87.63.199,ipv4,malware-c2,high,WHITE,linuxtracker/hancitor-ips,hancitor|malware|c2,2026-08-17T18:48:05Z,2026-08-17T18:48:05Z,
69.169.160.52,ipv4,malware-c2,high,WHITE,linuxtracker/hancitor-ips,hancitor|malware|c2,2026-08-17T18:48:05Z,2026-08-17T18:48:05Z,
97.75.167.234,ipv4,malware-c2,high,WHITE,linuxtracker/hancitor-ips,hancitor|malware|c2,2026-08-17T18:48:05Z,2026-08-17T18:48:05Z,
205.178.22.99,ipv4,malware-c2,high,WHITE,linuxtracker/hancitor-ips,hancitor|malware|c2,2026-08-17T18:48:05Z,2026-08-17T18:48:05Z,
69.92.125.210,ipv4,malware-c2,high,WHITE,linuxtracker/hancitor-ips,hancitor|malware|c2,2026-08-17T18:48:05Z,2026-08-17T18:48:05Z,
50.126.48.178,ipv4,malware-c2,high,WHITE,linuxtracker/hancitor-ips,hancitor|malware|c2,2026-08-17T18:48:05Z,2026-08-17T18:48:05Z,
74.73.49.59,ipv4,malware-c2,high,WHITE,linuxtracker/hancitor-ips,hancitor|malware|c2,2026-08-17T18:48:05Z,2026-08-17T18:48:05Z,
162.219.135.46,ipv4,malware-c2,high,WHITE,linuxtracker/hancitor-ips,hancitor|malware|c2,2026-08-17T18:48:05Z,2026-08-17T18:48:05Z,
107.191.204.52,ipv4,malware-c2,high,WHITE,linuxtracker/hancitor-ips,hancitor|malware|c2,2026-08-17T18:48:05Z,2026-08-17T18:48:05Z,
108.53.160.226,ipv4,malware-c2,high,WHITE,linuxtracker/hancitor-ips,hancitor|malware|c2,2026-08-17T18:48:05Z,2026-08-17T18:48:05Z,
98.115.213.30,ipv4,malware-c2,high,WHITE,linuxtracker/hancitor-ips,hancitor|malware|c2,2026-08-17T18:48:05Z,2026-08-17T18:48:05Z,
162.219.92.194,ipv4,malware-c2,high,WHITE,linuxtracker/hancitor-ips,hancitor|malware|c2,2026-08-17T18:48:05Z,2026-08-17T18:48:05Z,
216.201.151.44,ipv4,malware-c2,high,WHITE,linuxtracker/hancitor-ips,hancitor|malware|c2,2026-08-17T18:48:05Z,2026-08-17T18:48:05Z,
76.80.142.82,ipv4,malware-c2,high,WHITE,linuxtracker/hancitor-ips,hancitor|malware|c2,2026-08-17T18:48:05Z,2026-08-17T18:48:05Z,
74.143.246.98,ipv4,malware-c2,high,WHITE,linuxtracker/hancitor-ips,hancitor|malware|c2,2026-08-17T18:48:05Z,2026-08-17T18:48:05Z,
50.248.222.17,ipv4,malware-c2,high,WHITE,linuxtracker/hancitor-ips,hancitor|malware|c2,2026-08-17T18:48:05Z,2026-08-17T18:48:05Z,
64.60.100.178,ipv4,malware-c2,high,WHITE,linuxtracker/hancitor-ips,hancitor|malware|c2,2026-08-17T18:48:05Z,2026-08-17T18:48:05Z,
65.36.10.8,ipv4,malware-c2,high,WHITE,linuxtracker/hancitor-ips,hancitor|malware|c2,2026-08-17T18:48:05Z,2026-08-17T18:48:05Z,
66.29.170.94,ipv4,malware-c2,high,WHITE,linuxtracker/hancitor-ips,hancitor|malware|c2,2026-08-17T18:48:05Z,2026-08-17T18:48:05Z,
96.92.84.209,ipv4,malware-c2,high,WHITE,linuxtracker/hancitor-ips,hancitor|malware|c2,2026-08-17T18:48:05Z,2026-08-17T18:48:05Z,
97.112.0.80,ipv4,malware-c2,high,WHITE,linuxtracker/hancitor-ips,hancitor|malware|c2,2026-08-17T18:48:05Z,2026-08-17T18:48:05Z,
50.240.14.201,ipv4,malware-c2,high,WHITE,linuxtracker/hancitor-ips,hancitor|malware|c2,2026-08-17T18:48:05Z,2026-08-17T18:48:05Z,
131.148.64.202,ipv4,malware-c2,high,WHITE,linuxtracker/hancitor-ips,hancitor|malware|c2,2026-08-17T18:48:05Z,2026-08-17T18:48:05Z,
63.88.12.34,ipv4,malware-c2,high,WHITE,linuxtracker/hancitor-ips,hancitor|malware|c2,2026-08-17T18:48:05Z,2026-08-17T18:48:05Z,
205.206.204.76,ipv4,malware-c2,high,WHITE,linuxtracker/hancitor-ips,hancitor|malware|c2,2026-08-17T18:48:05Z,2026-08-17T18:48:05Z,
12.204.86.58,ipv4,malware-c2,high,WHITE,linuxtracker/hancitor-ips,hancitor|malware|c2,2026-08-17T18:48:05Z,2026-08-17T18:48:05Z,
207.162.190.11,ipv4,malware-c2,high,WHITE,linuxtracker/hancitor-ips,hancitor|malware|c2,2026-08-17T18:48:05Z,2026-08-17T18:48:05Z,
97.105.164.46,ipv4,malware-c2,high,WHITE,linuxtracker/hancitor-ips,hancitor|malware|c2,2026-08-17T18:48:05Z,2026-08-17T18:48:05Z,
107.84.0.147,ipv4,malware-c2,high,WHITE,linuxtracker/hancitor-ips,hancitor|malware|c2,2026-08-17T18:48:05Z,2026-08-17T18:48:05Z,
208.105.238.42,ipv4,malware-c2,high,WHITE,linuxtracker/hancitor-ips,hancitor|malware|c2,2026-08-17T18:48:05Z,2026-08-17T18:48:05Z,
69.70.104.146,ipv4,malware-c2,high,WHITE,linuxtracker/hancitor-ips,hancitor|malware|c2,2026-08-17T18:48:05Z,2026-08-17T18:48:05Z,
96.38.88.18,ipv4,malware-c2,high,WHITE,linuxtracker/hancitor-ips,hancitor|malware|c2,2026-08-17T18:48:05Z,2026-08-17T18:48:05Z,
206.81.171.229,ipv4,malware-c2,high,WHITE,linuxtracker/hancitor-ips,hancitor|malware|c2,2026-08-17T18:48:05Z,2026-08-17T18:48:05Z,
50.251.73.129,ipv4,malware-c2,high,WHITE,linuxtracker/hancitor-ips,hancitor|malware|c2,2026-08-17T18:48:05Z,2026-08-17T18:48:05Z,
162.248.4.247,ipv4,malware-c2,high,WHITE,linuxtracker/hancitor-ips,hancitor|malware|c2,2026-08-17T18:48:05Z,2026-08-17T18:48:05Z,
66.231.236.122,ipv4,malware-c2,high,WHITE,linuxtracker/hancitor-ips,hancitor|malware|c2,2026-08-17T18:48:05Z,2026-08-17T18:48:05Z,
72.24.30.206,ipv4,malware-c2,high,WHITE,linuxtracker/hancitor-ips,hancitor|malware|c2,2026-08-17T18:48:05Z,2026-08-17T18:48:05Z,
73.217.104.162,ipv4,malware-c2,high,WHITE,linuxtracker/hancitor-ips,hancitor|malware|c2,2026-08-17T18:48:05Z,2026-08-17T18:48:05Z,
71.45.195.77,ipv4,malware-c2,high,WHITE,linuxtracker/hancitor-ips,hancitor|malware|c2,2026-08-17T18:48:05Z,2026-08-17T18:48:05Z,
23.24.20.222,ipv4,malware-c2,high,WHITE,linuxtracker/hancitor-ips,hancitor|malware|c2,2026-08-17T18:48:05Z,2026-08-17T18:48:05Z,
172.91.194.250,ipv4,malware-c2,high,WHITE,linuxtracker/hancitor-ips,hancitor|malware|c2,2026-08-17T18:48:05Z,2026-08-17T18:48:05Z,
12.198.46.226,ipv4,malware-c2,high,WHITE,linuxtracker/hancitor-ips,hancitor|malware|c2,2026-08-17T18:48:05Z,2026-08-17T18:48:05Z,
50.236.92.146,ipv4,malware-c2,high,WHITE,linuxtracker/hancitor-ips,hancitor|malware|c2,2026-08-17T18:48:05Z,2026-08-17T18:48:05Z,
71.203.140.87,ipv4,malware-c2,high,WHITE,linuxtracker/hancitor-ips,hancitor|malware|c2,2026-08-17T18:48:05Z,2026-08-17T18:48:05Z,
64.178.243.177,ipv4,malware-c2,high,WHITE,linuxtracker/hancitor-ips,hancitor|malware|c2,2026-08-17T18:48:05Z,2026-08-17T18:48:05Z,
162.155.130.174,ipv4,malware-c2,high,WHITE,linuxtracker/hancitor-ips,hancitor|malware|c2,2026-08-17T18:48:05Z,2026-08-17T18:48:05Z,
209.198.52.231,ipv4,malware-c2,high,WHITE,linuxtracker/hancitor-ips,hancitor|malware|c2,2026-08-17T18:48:05Z,2026-08-17T18:48:05Z,
67.76.178.139,ipv4,malware-c2,high,WHITE,linuxtracker/hancitor-ips,hancitor|malware|c2,2026-08-17T18:48:05Z,2026-08-17T18:48:05Z,
192.230.171.163,ipv4,malware-c2,high,WHITE,linuxtracker/hancitor-ips,hancitor|malware|c2,2026-08-17T18:48:05Z,2026-08-17T18:48:05Z,
50.241.196.137,ipv4,malware-c2,high,WHITE,linuxtracker/hancitor-ips,hancitor|malware|c2,2026-08-17T18:48:05Z,2026-08-17T18:48:05Z,
50.238.244.138,ipv4,malware-c2,high,WHITE,linuxtracker/hancitor-ips,hancitor|malware|c2,2026-08-17T18:48:05Z,2026-08-17T18:48:05Z,
174.60.17.241,ipv4,malware-c2,high,WHITE,linuxtracker/hancitor-ips,hancitor|malware|c2,2026-08-17T18:48:05Z,2026-08-17T18:48:05Z,
50.238.185.238,ipv4,malware-c2,high,WHITE,linuxtracker/hancitor-ips,hancitor|malware|c2,2026-08-17T18:48:05Z,2026-08-17T18:48:05Z,
70.61.151.242,ipv4,malware-c2,high,WHITE,linuxtracker/hancitor-ips,hancitor|malware|c2,2026-08-17T18:48:05Z,2026-08-17T18:48:05Z,
75.176.196.60,ipv4,malware-c2,high,WHITE,linuxtracker/hancitor-ips,hancitor|malware|c2,2026-08-17T18:48:05Z,2026-08-17T18:48:05Z,
12.16.179.34,ipv4,malware-c2,high,WHITE,linuxtracker/hancitor-ips,hancitor|malware|c2,2026-08-17T18:48:05Z,2026-08-17T18:48:05Z,
64.237.19.234,ipv4,malware-c2,high,WHITE,linuxtracker/hancitor-ips,hancitor|malware|c2,2026-08-17T18:48:05Z,2026-08-17T18:48:05Z,
98.243.93.78,ipv4,malware-c2,high,WHITE,linuxtracker/hancitor-ips,hancitor|malware|c2,2026-08-17T18:48:05Z,2026-08-17T18:48:05Z,
72.68.134.154,ipv4,malware-c2,high,WHITE,linuxtracker/hancitor-ips,hancitor|malware|c2,2026-08-17T18:48:05Z,2026-08-17T18:48:05Z,
24.140.156.132,ipv4,malware-c2,high,WHITE,linuxtracker/hancitor-ips,hancitor|malware|c2,2026-08-17T18:48:05Z,2026-08-17T18:48:05Z,
173.9.179.54,ipv4,malware-c2,high,WHITE,linuxtracker/hancitor-ips,hancitor|malware|c2,2026-08-17T18:48:05Z,2026-08-17T18:48:05Z,
108.54.84.11,ipv4,malware-c2,high,WHITE,linuxtracker/hancitor-ips,hancitor|malware|c2,2026-08-17T18:48:05Z,2026-08-17T18:48:05Z,
173.166.15.157,ipv4,malware-c2,high,WHITE,linuxtracker/hancitor-ips,hancitor|malware|c2,2026-08-17T18:48:05Z,2026-08-17T18:48:05Z,
12.164.17.46,ipv4,malware-c2,high,WHITE,linuxtracker/hancitor-ips,hancitor|malware|c2,2026-08-17T18:48:05Z,2026-08-17T18:48:05Z,
199.102.137.55,ipv4,malware-c2,high,WHITE,linuxtracker/hancitor-ips,hancitor|malware|c2,2026-08-17T18:48:05Z,2026-08-17T18:48:05Z,
173.11.201.42,ipv4,malware-c2,high,WHITE,linuxtracker/hancitor-ips,hancitor|malware|c2,2026-08-17T18:48:05Z,2026-08-17T18:48:05Z,
198.0.70.25,ipv4,malware-c2,high,WHITE,linuxtracker/hancitor-ips,hancitor|malware|c2,2026-08-17T18:48:05Z,2026-08-17T18:48:05Z,
50.197.48.170,ipv4,malware-c2,high,WHITE,linuxtracker/hancitor-ips,hancitor|malware|c2,2026-08-17T18:48:05Z,2026-08-17T18:48:05Z,
161.77.39.178,ipv4,malware-c2,high,WHITE,linuxtracker/hancitor-ips,hancitor|malware|c2,2026-08-17T18:48:05Z,2026-08-17T18:48:05Z,
50.238.238.166,ipv4,malware-c2,high,WHITE,linuxtracker/hancitor-ips,hancitor|malware|c2,2026-08-17T18:48:05Z,2026-08-17T18:48:05Z,
68.22.111.2,ipv4,malware-c2,high,WHITE,linuxtracker/hancitor-ips,hancitor|malware|c2,2026-08-17T18:48:05Z,2026-08-17T18:48:05Z,
71.95.177.194,ipv4,malware-c2,high,WHITE,linuxtracker/hancitor-ips,hancitor|malware|c2,2026-08-17T18:48:05Z,2026-08-17T18:48:05Z,
98.190.52.42,ipv4,malware-c2,high,WHITE,linuxtracker/hancitor-ips,hancitor|malware|c2,2026-08-17T18:48:05Z,2026-08-17T18:48:05Z,
152.179.144.130,ipv4,malware-c2,high,WHITE,linuxtracker/hancitor-ips,hancitor|malware|c2,2026-08-17T18:48:05Z,2026-08-17T18:48:05Z,
24.176.191.66,ipv4,malware-c2,high,WHITE,linuxtracker/hancitor-ips,hancitor|malware|c2,2026-08-17T18:48:05Z,2026-08-17T18:48:05Z,
108.185.81.164,ipv4,malware-c2,high,WHITE,linuxtracker/hancitor-ips,hancitor|malware|c2,2026-08-17T18:48:05Z,2026-08-17T18:48:05Z,
162.216.146.106,ipv4,malware-c2,high,WHITE,linuxtracker/hancitor-ips,hancitor|malware|c2,2026-08-17T18:48:05Z,2026-08-17T18:48:05Z,
50.77.247.130,ipv4,malware-c2,high,WHITE,linuxtracker/hancitor-ips,hancitor|malware|c2,2026-08-17T18:48:05Z,2026-08-17T18:48:05Z,
68.40.200.211,ipv4,malware-c2,high,WHITE,linuxtracker/hancitor-ips,hancitor|malware|c2,2026-08-17T18:48:05Z,2026-08-17T18:48:05Z,
50.255.199.149,ipv4,malware-c2,high,WHITE,linuxtracker/hancitor-ips,hancitor|malware|c2,2026-08-17T18:48:05Z,2026-08-17T18:48:05Z,
65.181.54.170,ipv4,malware-c2,high,WHITE,linuxtracker/hancitor-ips,hancitor|malware|c2,2026-08-17T18:48:05Z,2026-08-17T18:48:05Z,
162.212.89.158,ipv4,malware-c2,high,WHITE,linuxtracker/hancitor-ips,hancitor|malware|c2,2026-08-17T18:48:05Z,2026-08-17T18:48:05Z,
50.79.193.242,ipv4,malware-c2,high,WHITE,linuxtracker/hancitor-ips,hancitor|malware|c2,2026-08-17T18:48:05Z,2026-08-17T18:48:05Z,
50.198.239.62,ipv4,malware-c2,high,WHITE,linuxtracker/hancitor-ips,hancitor|malware|c2,2026-08-17T18:48:05Z,2026-08-17T18:48:05Z,
199.48.78.114,ipv4,malware-c2,high,WHITE,linuxtracker/hancitor-ips,hancitor|malware|c2,2026-08-17T18:48:05Z,2026-08-17T18:48:05Z,
50.252.19.58,ipv4,malware-c2,high,WHITE,linuxtracker/hancitor-ips,hancitor|malware|c2,2026-08-17T18:48:05Z,2026-08-17T18:48:05Z,
73.154.113.150,ipv4,malware-c2,high,WHITE,linuxtracker/hancitor-ips,hancitor|malware|c2,2026-08-17T18:48:05Z,2026-08-17T18:48:05Z,
67.214.225.250,ipv4,malware-c2,high,WHITE,linuxtracker/hancitor-ips,hancitor|malware|c2,2026-08-17T18:48:05Z,2026-08-17T18:48:05Z,
148.77.119.90,ipv4,malware-c2,high,WHITE,linuxtracker/hancitor-ips,hancitor|malware|c2,2026-08-17T18:48:05Z,2026-08-17T18:48:05Z,
207.148.129.166,ipv4,malware-c2,high,WHITE,linuxtracker/hancitor-ips,hancitor|malware|c2,2026-08-17T18:48:05Z,2026-08-17T18:48:05Z,
70.114.167.205,ipv4,malware-c2,high,WHITE,linuxtracker/hancitor-ips,hancitor|malware|c2,2026-08-17T18:48:05Z,2026-08-17T18:48:05Z,
72.210.2.197,ipv4,malware-c2,high,WHITE,linuxtracker/hancitor-ips,hancitor|malware|c2,2026-08-17T18:48:05Z,2026-08-17T18:48:05Z,
160.2.250.60,ipv4,malware-c2,high,WHITE,linuxtracker/hancitor-ips,hancitor|malware|c2,2026-08-17T18:48:05Z,2026-08-17T18:48:05Z,
50.239.182.110,ipv4,malware-c2,high,WHITE,linuxtracker/hancitor-ips,hancitor|malware|c2,2026-08-17T18:48:05Z,2026-08-17T18:48:05Z,
104.173.28.204,ipv4,malware-c2,high,WHITE,linuxtracker/hancitor-ips,hancitor|malware|c2,2026-08-17T18:48:05Z,2026-08-17T18:48:05Z,
104.175.16.224,ipv4,malware-c2,high,WHITE,linuxtracker/hancitor-ips,hancitor|malware|c2,2026-08-17T18:48:05Z,2026-08-17T18:48:05Z,
68.191.199.102,ipv4,malware-c2,high,WHITE,linuxtracker/hancitor-ips,hancitor|malware|c2,2026-08-17T18:48:05Z,2026-08-17T18:48:05Z,
24.35.137.143,ipv4,malware-c2,high,WHITE,linuxtracker/hancitor-ips,hancitor|malware|c2,2026-08-17T18:48:05Z,2026-08-17T18:48:05Z,
96.94.62.89,ipv4,malware-c2,high,WHITE,linuxtracker/hancitor-ips,hancitor|malware|c2,2026-08-17T18:48:05Z,2026-08-17T18:48:05Z,
74.120.40.18,ipv4,malware-c2,high,WHITE,linuxtracker/hancitor-ips,hancitor|malware|c2,2026-08-17T18:48:05Z,2026-08-17T18:48:05Z,
174.47.107.18,ipv4,malware-c2,high,WHITE,linuxtracker/hancitor-ips,hancitor|malware|c2,2026-08-17T18:48:05Z,2026-08-17T18:48:05Z,
70.182.4.202,ipv4,malware-c2,high,WHITE,linuxtracker/hancitor-ips,hancitor|malware|c2,2026-08-17T18:48:05Z,2026-08-17T18:48:05Z,
4.53.111.181,ipv4,malware-c2,high,WHITE,linuxtracker/hancitor-ips,hancitor|malware|c2,2026-08-17T18:48:05Z,2026-08-17T18:48:05Z,
100.23.213.128,ipv4,compromised,medium,WHITE,EmergingThreats/compromised-ips|ziyadnz/hourly-ipv4,emerging-threats|compromised|blocklist.de|persistent|ssh|bot|irc-bot|brute-force|ziyadnz|hourly,2026-08-17T18:48:05Z,2026-08-17T18:48:05Z,
101.100.216.61,ipv4,compromised,medium,WHITE,EmergingThreats/compromised-ips|ziyadnz/hourly-ipv4,emerging-threats|compromised|blocklist.de|persistent|ssh|bot|irc-bot|brute-force|ziyadnz|hourly,2026-08-17T18:48:05Z,2026-08-17T18:48:05Z,
101.50.83.146,ipv4,compromised,medium,WHITE,EmergingThreats/compromised-ips|ziyadnz/hourly-ipv4,emerging-threats|compromised|blocklist.de|persistent|ssh|bot|irc-bot|brute-force|ziyadnz|hourly,2026-08-17T18:48:05Z,2026-08-17T18:48:05Z,
101.96.192.88,ipv4,compromised,high,WHITE,EmergingThreats/compromised-ips|blocklist.de/ssh|blocklist.de/all|ziyadnz/hourly-ipv4,emerging-threats|compromised|blocklist.de|persistent|ssh|bot|irc-bot|brute-force|ziyadnz|hourly,2026-08-17T18:48:05Z,2026-08-17T18:48:05Z,
102.220.160.26,ipv4,compromised,high,WHITE,EmergingThreats/compromised-ips|blocklist.de/ssh|blocklist.de/all|ziyadnz/hourly-ipv4,emerging-threats|compromised|blocklist.de|persistent|ssh|bot|irc-bot|brute-force|ziyadnz|hourly,2026-08-17T18:48:05Z,2026-08-17T18:48:05Z,
102.220.160.38,ipv4,compromised,high,WHITE,EmergingThreats/compromised-ips|blocklist.de/ssh|blocklist.de/all|ziyadnz/hourly-ipv4,emerging-threats|compromised|blocklist.de|persistent|ssh|bot|irc-bot|brute-force|ziyadnz|hourly,2026-08-17T18:48:05Z,2026-08-17T18:48:05Z,
102.220.160.41,ipv4,compromised,high,WHITE,EmergingThreats/compromised-ips|blocklist.de/ssh|blocklist.de/all|ziyadnz/hourly-ipv4,emerging-threats|compromised|blocklist.de|persistent|ssh|bot|irc-bot|brute-force|ziyadnz|hourly,2026-08-17T18:48:05Z,2026-08-17T18:48:05Z,
103.160.5.123,ipv4,compromised,medium,WHITE,EmergingThreats/compromised-ips|ziyadnz/hourly-ipv4,emerging-threats|compromised|blocklist.de|persistent|ssh|bot|irc-bot|brute-force|ziyadnz|hourly,2026-08-17T18:48:05Z,2026-08-17T18:48:05Z,
103.167.88.166,ipv4,compromised,medium,WHITE,EmergingThreats/compromised-ips|ziyadnz/hourly-ipv4,emerging-threats|compromised|blocklist.de|persistent|ssh|bot|irc-bot|brute-force|ziyadnz|hourly,2026-08-17T18:48:05Z,2026-08-17T18:48:05Z,
103.19.196.230,ipv4,compromised,high,WHITE,EmergingThreats/compromised-ips|blocklist.de/ssh|blocklist.de/all|ziyadnz/hourly-ipv4,emerging-threats|compromised|blocklist.de|persistent|ssh|bot|irc-bot|brute-force|ziyadnz|hourly,2026-08-17T18:48:05Z,2026-08-17T18:48:05Z,
103.194.106.230,ipv4,compromised,high,WHITE,EmergingThreats/compromised-ips|blocklist.de/ssh|blocklist.de/all|ziyadnz/hourly-ipv4,emerging-threats|compromised|blocklist.de|persistent|ssh|bot|irc-bot|brute-force|ziyadnz|hourly,2026-08-17T18:48:05Z,2026-08-17T18:48:05Z,
103.241.168.70,ipv4,compromised,high,WHITE,EmergingThreats/compromised-ips|blocklist.de/ssh|blocklist.de/all|ziyadnz/hourly-ipv4,emerging-threats|compromised|blocklist.de|persistent|ssh|bot|irc-bot|brute-force|ziyadnz|hourly,2026-08-17T18:48:05Z,2026-08-17T18:48:05Z,
103.63.101.24,ipv4,compromised,high,WHITE,EmergingThreats/compromised-ips|blocklist.de/bots|blocklist.de/all|ziyadnz/hourly-ipv4,emerging-threats|compromised|blocklist.de|persistent|ssh|bot|irc-bot|brute-force|ziyadnz|hourly,2026-08-17T18:48:05Z,2026-08-17T18:48:05Z,
103.85.85.175,ipv4,compromised,medium,WHITE,EmergingThreats/compromised-ips|ziyadnz/hourly-ipv4,emerging-threats|compromised|blocklist.de|persistent|ssh|bot|irc-bot|brute-force|ziyadnz|hourly,2026-08-17T18:48:05Z,2026-08-17T18:48:05Z,
103.90.155.32,ipv4,compromised,high,WHITE,EmergingThreats/compromised-ips|blocklist.de/ssh|blocklist.de/all|ziyadnz/hourly-ipv4,emerging-threats|compromised|blocklist.de|persistent|ssh|bot|irc-bot|brute-force|ziyadnz|hourly,2026-08-17T18:48:05Z,2026-08-17T18:48:05Z,
104.155.101.5,ipv4,compromised,medium,WHITE,EmergingThreats/compromised-ips|ziyadnz/hourly-ipv4,emerging-threats|compromised|blocklist.de|persistent|ssh|bot|irc-bot|brute-force|ziyadnz|hourly,2026-08-17T18:48:05Z,2026-08-17T18:48:05Z,
104.155.30.31,ipv4,compromised,medium,WHITE,EmergingThreats/compromised-ips|ziyadnz/hourly-ipv4,emerging-threats|compromised|blocklist.de|persistent|ssh|bot|irc-bot|brute-force|ziyadnz|hourly,2026-08-17T18:48:05Z,2026-08-17T18:48:05Z,
104.155.99.63,ipv4,compromised,medium,WHITE,EmergingThreats/compromised-ips|ziyadnz/hourly-ipv4,emerging-threats|compromised|blocklist.de|persistent|ssh|bot|irc-bot|brute-force|ziyadnz|hourly,2026-08-17T18:48:05Z,2026-08-17T18:48:05Z,
104.199.101.188,ipv4,compromised,medium,WHITE,EmergingThreats/compromised-ips|ziyadnz/hourly-ipv4,emerging-threats|compromised|blocklist.de|persistent|ssh|bot|irc-bot|brute-force|ziyadnz|hourly,2026-08-17T18:48:05Z,2026-08-17T18:48:05Z,
104.199.12.168,ipv4,compromised,medium,WHITE,EmergingThreats/compromised-ips|ziyadnz/hourly-ipv4,emerging-threats|compromised|blocklist.de|persistent|ssh|bot|irc-bot|brute-force|ziyadnz|hourly,2026-08-17T18:48:05Z,2026-08-17T18:48:05Z,
104.199.1.77,ipv4,compromised,medium,WHITE,EmergingThreats/compromised-ips|ziyadnz/hourly-ipv4,emerging-threats|compromised|blocklist.de|persistent|ssh|bot|irc-bot|brute-force|ziyadnz|hourly,2026-08-17T18:48:05Z,2026-08-17T18:48:05Z,
104.199.24.235,ipv4,compromised,medium,WHITE,EmergingThreats/compromised-ips|ziyadnz/hourly-ipv4,emerging-threats|compromised|blocklist.de|persistent|ssh|bot|irc-bot|brute-force|ziyadnz|hourly,2026-08-17T18:48:05Z,2026-08-17T18:48:05Z,
104.199.54.179,ipv4,compromised,medium,WHITE,EmergingThreats/compromised-ips|ziyadnz/hourly-ipv4,emerging-threats|compromised|blocklist.de|persistent|ssh|bot|irc-bot|brute-force|ziyadnz|hourly,2026-08-17T18:48:05Z,2026-08-17T18:48:05Z,
104.199.87.236,ipv4,compromised,medium,WHITE,EmergingThreats/compromised-ips|ziyadnz/hourly-ipv4,emerging-threats|compromised|blocklist.de|persistent|ssh|bot|irc-bot|brute-force|ziyadnz|hourly,2026-08-17T18:48:05Z,2026-08-17T18:48:05Z,
104.252.127.62,ipv4,compromised,medium,WHITE,EmergingThreats/compromised-ips|ziyadnz/hourly-ipv4,emerging-threats|compromised|blocklist.de|persistent|ssh|bot|irc-bot|brute-force|ziyadnz|hourly,2026-08-17T18:48:05Z,2026-08-17T18:48:05Z,
106.75.216.134,ipv4,compromised,high,WHITE,EmergingThreats/compromised-ips|blocklist.de/ssh|blocklist.de/all|ziyadnz/hourly-ipv4,emerging-threats|compromised|blocklist.de|persistent|ssh|bot|irc-bot|brute-force|ziyadnz|hourly,2026-08-17T18:48:05Z,2026-08-17T18:48:05Z,
106.75.63.139,ipv4,compromised,high,WHITE,EmergingThreats/compromised-ips|blocklist.de/ssh|blocklist.de/all|ziyadnz/hourly-ipv4,emerging-threats|compromised|blocklist.de|persistent|ssh|bot|irc-bot|brute-force|ziyadnz|hourly,2026-08-17T18:48:05Z,2026-08-17T18:48:05Z,
107.189.10.124,ipv4,compromised,medium,WHITE,EmergingThreats/compromised-ips|ziyadnz/hourly-ipv4,emerging-threats|compromised|blocklist.de|persistent|ssh|bot|irc-bot|brute-force|ziyadnz|hourly,2026-08-17T18:48:05Z,2026-08-17T18:48:05Z,
108.165.164.23,ipv4,compromised,high,WHITE,EmergingThreats/compromised-ips|blocklist.de/bots|blocklist.de/all|ziyadnz/hourly-ipv4,emerging-threats|compromised|blocklist.de|persistent|ssh|bot|irc-bot|brute-force|ziyadnz|hourly,2026-08-17T18:48:05Z,2026-08-17T18:48:05Z,
109.172.55.136,ipv4,compromised,high,WHITE,EmergingThreats/compromised-ips|blocklist.de/ssh|blocklist.de/all|ziyadnz/hourly-ipv4,emerging-threats|compromised|blocklist.de|persistent|ssh|bot|irc-bot|brute-force|ziyadnz|hourly,2026-08-17T18:48:05Z,2026-08-17T18:48:05Z,
109.241.134.137,ipv4,compromised,medium,WHITE,EmergingThreats/compromised-ips|ziyadnz/hourly-ipv4,emerging-threats|compromised|blocklist.de|persistent|ssh|bot|irc-bot|brute-force|ziyadnz|hourly,2026-08-17T18:48:05Z,2026-08-17T18:48:05Z,
112.167.99.220,ipv4,compromised,medium,WHITE,EmergingThreats/compromised-ips|ziyadnz/hourly-ipv4,emerging-threats|compromised|blocklist.de|persistent|ssh|bot|irc-bot|brute-force|ziyadnz|hourly,2026-08-17T18:48:05Z,2026-08-17T18:48:05Z,
112.203.69.89,ipv4,compromised,high,WHITE,EmergingThreats/compromised-ips|blocklist.de/ssh|blocklist.de/all|ziyadnz/hourly-ipv4,emerging-threats|compromised|blocklist.de|persistent|ssh|bot|irc-bot|brute-force|ziyadnz|hourly,2026-08-17T18:48:05Z,2026-08-17T18:48:05Z,
115.190.225.133,ipv4,compromised,high,WHITE,EmergingThreats/compromised-ips|blocklist.de/ssh|blocklist.de/all|ziyadnz/hourly-ipv4,emerging-threats|compromised|blocklist.de|persistent|ssh|bot|irc-bot|brute-force|ziyadnz|hourly,2026-08-17T18:48:05Z,2026-08-17T18:48:05Z,
115.191.33.55,ipv4,compromised,medium,WHITE,EmergingThreats/compromised-ips|ziyadnz/hourly-ipv4,emerging-threats|compromised|blocklist.de|persistent|ssh|bot|irc-bot|brute-force|ziyadnz|hourly,2026-08-17T18:48:05Z,2026-08-17T18:48:05Z,
115.21.125.227,ipv4,compromised,high,WHITE,EmergingThreats/compromised-ips|blocklist.de/ssh|blocklist.de/all|ziyadnz/hourly-ipv4,emerging-threats|compromised|blocklist.de|persistent|ssh|bot|irc-bot|brute-force|ziyadnz|hourly,2026-08-17T18:48:05Z,2026-08-17T18:48:05Z,
116.110.144.144,ipv4,compromised,medium,WHITE,EmergingThreats/compromised-ips|ziyadnz/hourly-ipv4,emerging-threats|compromised|blocklist.de|persistent|ssh|bot|irc-bot|brute-force|ziyadnz|hourly,2026-08-17T18:48:05Z,2026-08-17T18:48:05Z,
116.110.145.128,ipv4,compromised,medium,WHITE,EmergingThreats/compromised-ips|ziyadnz/hourly-ipv4,emerging-threats|compromised|blocklist.de|persistent|ssh|bot|irc-bot|brute-force|ziyadnz|hourly,2026-08-17T18:48:05Z,2026-08-17T18:48:05Z,
116.110.154.128,ipv4,compromised,medium,WHITE,EmergingThreats/compromised-ips|ziyadnz/hourly-ipv4,emerging-threats|compromised|blocklist.de|persistent|ssh|bot|irc-bot|brute-force|ziyadnz|hourly,2026-08-17T18:48:05Z,2026-08-17T18:48:05Z,
116.110.155.241,ipv4,compromised,medium,WHITE,EmergingThreats/compromised-ips|ziyadnz/hourly-ipv4,emerging-threats|compromised|blocklist.de|persistent|ssh|bot|irc-bot|brute-force|ziyadnz|hourly,2026-08-17T18:48:05Z,2026-08-17T18:48:05Z,
116.110.156.139,ipv4,compromised,medium,WHITE,EmergingThreats/compromised-ips|ziyadnz/hourly-ipv4,emerging-threats|compromised|blocklist.de|persistent|ssh|bot|irc-bot|brute-force|ziyadnz|hourly,2026-08-17T18:48:05Z,2026-08-17T18:48:05Z,
116.110.156.170,ipv4,compromised,medium,WHITE,EmergingThreats/compromised-ips|ziyadnz/hourly-ipv4,emerging-threats|compromised|blocklist.de|persistent|ssh|bot|irc-bot|brute-force|ziyadnz|hourly,2026-08-17T18:48:05Z,2026-08-17T18:48:05Z,
116.110.159.179,ipv4,compromised,medium,WHITE,EmergingThreats/compromised-ips|ziyadnz/hourly-ipv4,emerging-threats|compromised|blocklist.de|persistent|ssh|bot|irc-bot|brute-force|ziyadnz|hourly,2026-08-17T18:48:05Z,2026-08-17T18:48:05Z,
116.110.209.234,ipv4,compromised,medium,WHITE,EmergingThreats/compromised-ips|ziyadnz/hourly-ipv4,emerging-threats|compromised|blocklist.de|persistent|ssh|bot|irc-bot|brute-force|ziyadnz|hourly,2026-08-17T18:48:05Z,2026-08-17T18:48:05Z,
116.110.209.255,ipv4,compromised,medium,WHITE,EmergingThreats/compromised-ips|ziyadnz/hourly-ipv4,emerging-threats|compromised|blocklist.de|persistent|ssh|bot|irc-bot|brute-force|ziyadnz|hourly,2026-08-17T18:48:05Z,2026-08-17T18:48:05Z,
116.110.211.241,ipv4,compromised,medium,WHITE,EmergingThreats/compromised-ips|ziyadnz/hourly-ipv4,emerging-threats|compromised|blocklist.de|persistent|ssh|bot|irc-bot|brute-force|ziyadnz|hourly,2026-08-17T18:48:05Z,2026-08-17T18:48:05Z,
116.110.213.20,ipv4,compromised,medium,WHITE,EmergingThreats/compromised-ips|ziyadnz/hourly-ipv4,emerging-threats|compromised|blocklist.de|persistent|ssh|bot|irc-bot|brute-force|ziyadnz|hourly,2026-08-17T18:48:05Z,2026-08-17T18:48:05Z,
116.110.214.67,ipv4,compromised,medium,WHITE,EmergingThreats/compromised-ips|ziyadnz/hourly-ipv4,emerging-threats|compromised|blocklist.de|persistent|ssh|bot|irc-bot|brute-force|ziyadnz|hourly,2026-08-17T18:48:05Z,2026-08-17T18:48:05Z,
116.110.21.50,ipv4,compromised,medium,WHITE,EmergingThreats/compromised-ips|ziyadnz/hourly-ipv4,emerging-threats|compromised|blocklist.de|persistent|ssh|bot|irc-bot|brute-force|ziyadnz|hourly,2026-08-17T18:48:05Z,2026-08-17T18:48:05Z,
116.110.219.3,ipv4,compromised,medium,WHITE,EmergingThreats/compromised-ips|ziyadnz/hourly-ipv4,emerging-threats|compromised|blocklist.de|persistent|ssh|bot|irc-bot|brute-force|ziyadnz|hourly,2026-08-17T18:48:05Z,2026-08-17T18:48:05Z,
116.110.22.144,ipv4,compromised,medium,WHITE,EmergingThreats/compromised-ips|ziyadnz/hourly-ipv4,emerging-threats|compromised|blocklist.de|persistent|ssh|bot|irc-bot|brute-force|ziyadnz|hourly,2026-08-17T18:48:05Z,2026-08-17T18:48:05Z,
116.110.23.104,ipv4,compromised,medium,WHITE,EmergingThreats/compromised-ips|ziyadnz/hourly-ipv4,emerging-threats|compromised|blocklist.de|persistent|ssh|bot|irc-bot|brute-force|ziyadnz|hourly,2026-08-17T18:48:05Z,2026-08-17T18:48:05Z,
116.110.5.4,ipv4,compromised,medium,WHITE,EmergingThreats/compromised-ips|ziyadnz/hourly-ipv4,emerging-threats|compromised|blocklist.de|persistent|ssh|bot|irc-bot|brute-force|ziyadnz|hourly,2026-08-17T18:48:05Z,2026-08-17T18:48:05Z,
116.110.7.45,ipv4,compromised,medium,WHITE,EmergingThreats/compromised-ips|ziyadnz/hourly-ipv4,emerging-threats|compromised|blocklist.de|persistent|ssh|bot|irc-bot|brute-force|ziyadnz|hourly,2026-08-17T18:48:05Z,2026-08-17T18:48:05Z,
116.110.8.176,ipv4,compromised,medium,WHITE,EmergingThreats/compromised-ips|ziyadnz/hourly-ipv4,emerging-threats|compromised|blocklist.de|persistent|ssh|bot|irc-bot|brute-force|ziyadnz|hourly,2026-08-17T18:48:05Z,2026-08-17T18:48:05Z,
116.110.9.232,ipv4,compromised,medium,WHITE,EmergingThreats/compromised-ips|ziyadnz/hourly-ipv4,emerging-threats|compromised|blocklist.de|persistent|ssh|bot|irc-bot|brute-force|ziyadnz|hourly,2026-08-17T18:48:05Z,2026-08-17T18:48:05Z,
116.193.70.26,ipv4,compromised,medium,WHITE,EmergingThreats/compromised-ips|ziyadnz/hourly-ipv4,emerging-threats|compromised|blocklist.de|persistent|ssh|bot|irc-bot|brute-force|ziyadnz|hourly,2026-08-17T18:48:05Z,2026-08-17T18:48:05Z,
116.99.168.223,ipv4,compromised,medium,WHITE,EmergingThreats/compromised-ips|ziyadnz/hourly-ipv4,emerging-threats|compromised|blocklist.de|persistent|ssh|bot|irc-bot|brute-force|ziyadnz|hourly,2026-08-17T18:48:05Z,2026-08-17T18:48:05Z,
116.99.169.180,ipv4,compromised,medium,WHITE,EmergingThreats/compromised-ips|ziyadnz/hourly-ipv4,emerging-threats|compromised|blocklist.de|persistent|ssh|bot|irc-bot|brute-force|ziyadnz|hourly,2026-08-17T18:48:05Z,2026-08-17T18:48:05Z,
116.99.169.249,ipv4,compromised,medium,WHITE,EmergingThreats/compromised-ips|ziyadnz/hourly-ipv4,emerging-threats|compromised|blocklist.de|persistent|ssh|bot|irc-bot|brute-force|ziyadnz|hourly,2026-08-17T18:48:05Z,2026-08-17T18:48:05Z,
116.99.169.38,ipv4,compromised,medium,WHITE,EmergingThreats/compromised-ips|ziyadnz/hourly-ipv4,emerging-threats|compromised|blocklist.de|persistent|ssh|bot|irc-bot|brute-force|ziyadnz|hourly,2026-08-17T18:48:05Z,2026-08-17T18:48:05Z,
116.99.169.54,ipv4,compromised,medium,WHITE,EmergingThreats/compromised-ips|ziyadnz/hourly-ipv4,emerging-threats|compromised|blocklist.de|persistent|ssh|bot|irc-bot|brute-force|ziyadnz|hourly,2026-08-17T18:48:05Z,2026-08-17T18:48:05Z,
116.99.170.251,ipv4,compromised,medium,WHITE,EmergingThreats/compromised-ips|ziyadnz/hourly-ipv4,emerging-threats|compromised|blocklist.de|persistent|ssh|bot|irc-bot|brute-force|ziyadnz|hourly,2026-08-17T18:48:05Z,2026-08-17T18:48:05Z,
116.99.171.102,ipv4,compromised,medium,WHITE,EmergingThreats/compromised-ips|ziyadnz/hourly-ipv4,emerging-threats|compromised|blocklist.de|persistent|ssh|bot|irc-bot|brute-force|ziyadnz|hourly,2026-08-17T18:48:05Z,2026-08-17T18:48:05Z,
116.99.171.175,ipv4,compromised,medium,WHITE,EmergingThreats/compromised-ips|ziyadnz/hourly-ipv4,emerging-threats|compromised|blocklist.de|persistent|ssh|bot|irc-bot|brute-force|ziyadnz|hourly,2026-08-17T18:48:05Z,2026-08-17T18:48:05Z,
116.99.171.3,ipv4,compromised,medium,WHITE,EmergingThreats/compromised-ips|ziyadnz/hourly-ipv4,emerging-threats|compromised|blocklist.de|persistent|ssh|bot|irc-bot|brute-force|ziyadnz|hourly,2026-08-17T18:48:05Z,2026-08-17T18:48:05Z,
116.99.172.125,ipv4,compromised,medium,WHITE,EmergingThreats/compromised-ips|ziyadnz/hourly-ipv4,emerging-threats|compromised|blocklist.de|persistent|ssh|bot|irc-bot|brute-force|ziyadnz|hourly,2026-08-17T18:48:05Z,2026-08-17T18:48:05Z,
116.99.172.197,ipv4,compromised,medium,WHITE,EmergingThreats/compromised-ips|ziyadnz/hourly-ipv4,emerging-threats|compromised|blocklist.de|persistent|ssh|bot|irc-bot|brute-force|ziyadnz|hourly,2026-08-17T18:48:05Z,2026-08-17T18:48:05Z,
116.99.172.41,ipv4,compromised,high,WHITE,EmergingThreats/compromised-ips|blocklist.de/ssh|blocklist.de/all|ziyadnz/hourly-ipv4,emerging-threats|compromised|blocklist.de|persistent|ssh|bot|irc-bot|brute-force|ziyadnz|hourly,2026-08-17T18:48:05Z,2026-08-17T18:48:05Z,
116.99.172.91,ipv4,compromised,medium,WHITE,EmergingThreats/compromised-ips|ziyadnz/hourly-ipv4,emerging-threats|compromised|blocklist.de|persistent|ssh|bot|irc-bot|brute-force|ziyadnz|hourly,2026-08-17T18:48:05Z,2026-08-17T18:48:05Z,
116.99.174.162,ipv4,compromised,medium,WHITE,EmergingThreats/compromised-ips|ziyadnz/hourly-ipv4,emerging-threats|compromised|blocklist.de|persistent|ssh|bot|irc-bot|brute-force|ziyadnz|hourly,2026-08-17T18:48:05Z,2026-08-17T18:48:05Z,
116.99.174.58,ipv4,compromised,medium,WHITE,EmergingThreats/compromised-ips|ziyadnz/hourly-ipv4,emerging-threats|compromised|blocklist.de|persistent|ssh|bot|irc-bot|brute-force|ziyadnz|hourly,2026-08-17T18:48:05Z,2026-08-17T18:48:05Z,
116.99.175.133,ipv4,compromised,medium,WHITE,EmergingThreats/compromised-ips|ziyadnz/hourly-ipv4,emerging-threats|compromised|blocklist.de|persistent|ssh|bot|irc-bot|brute-force|ziyadnz|hourly,2026-08-17T18:48:05Z,2026-08-17T18:48:05Z,
116.99.175.194,ipv4,compromised,medium,WHITE,EmergingThreats/compromised-ips|ziyadnz/hourly-ipv4,emerging-threats|compromised|blocklist.de|persistent|ssh|bot|irc-bot|brute-force|ziyadnz|hourly,2026-08-17T18:48:05Z,2026-08-17T18:48:05Z,
118.187.8.10,ipv4,compromised,high,WHITE,EmergingThreats/compromised-ips|blocklist.de/ssh|blocklist.de/all|ziyadnz/hourly-ipv4,emerging-threats|compromised|blocklist.de|persistent|ssh|bot|irc-bot|brute-force|ziyadnz|hourly,2026-08-17T18:48:05Z,2026-08-17T18:48:05Z,
118.194.249.186,ipv4,compromised,high,WHITE,EmergingThreats/compromised-ips|blocklist.de/ssh|blocklist.de/all|ziyadnz/hourly-ipv4,emerging-threats|compromised|blocklist.de|persistent|ssh|bot|irc-bot|brute-force|ziyadnz|hourly,2026-08-17T18:48:05Z,2026-08-17T18:48:05Z,
118.216.88.229,ipv4,compromised,medium,WHITE,EmergingThreats/compromised-ips|ziyadnz/hourly-ipv4,emerging-threats|compromised|blocklist.de|persistent|ssh|bot|irc-bot|brute-force|ziyadnz|hourly,2026-08-17T18:48:05Z,2026-08-17T18:48:05Z,
119.148.49.82,ipv4,compromised,medium,WHITE,EmergingThreats/compromised-ips|ziyadnz/hourly-ipv4,emerging-threats|compromised|blocklist.de|persistent|ssh|bot|irc-bot|brute-force|ziyadnz|hourly,2026-08-17T18:48:05Z,2026-08-17T18:48:05Z,
120.193.9.169,ipv4,compromised,high,WHITE,EmergingThreats/compromised-ips|blocklist.de/ssh|blocklist.de/all|ziyadnz/hourly-ipv4,emerging-threats|compromised|blocklist.de|persistent|ssh|bot|irc-bot|brute-force|ziyadnz|hourly,2026-08-17T18:48:05Z,2026-08-17T18:48:05Z,
120.48.14.39,ipv4,compromised,medium,WHITE,EmergingThreats/compromised-ips|ziyadnz/hourly-ipv4,emerging-threats|compromised|blocklist.de|persistent|ssh|bot|irc-bot|brute-force|ziyadnz|hourly,2026-08-17T18:48:05Z,2026-08-17T18:48:05Z,
120.48.24.187,ipv4,compromised,medium,WHITE,EmergingThreats/compromised-ips|ziyadnz/hourly-ipv4,emerging-threats|compromised|blocklist.de|persistent|ssh|bot|irc-bot|brute-force|ziyadnz|hourly,2026-08-17T18:48:05Z,2026-08-17T18:48:05Z,
1.255.171.167,ipv4,compromised,high,WHITE,EmergingThreats/compromised-ips|blocklist.de/ssh|blocklist.de/all|ziyadnz/hourly-ipv4,emerging-threats|compromised|blocklist.de|persistent|ssh|bot|irc-bot|brute-force|ziyadnz|hourly,2026-08-17T18:48:05Z,2026-08-17T18:48:05Z,
1.27.251.252,ipv4,compromised,medium,WHITE,EmergingThreats/compromised-ips|ziyadnz/hourly-ipv4,emerging-threats|compromised|blocklist.de|persistent|ssh|bot|irc-bot|brute-force|ziyadnz|hourly,2026-08-17T18:48:05Z,2026-08-17T18:48:05Z,
128.14.232.142,ipv4,compromised,medium,WHITE,EmergingThreats/compromised-ips|ziyadnz/hourly-ipv4,emerging-threats|compromised|blocklist.de|persistent|ssh|bot|irc-bot|brute-force|ziyadnz|hourly,2026-08-17T18:48:05Z,2026-08-17T18:48:05Z,
129.151.171.7,ipv4,compromised,high,WHITE,EmergingThreats/compromised-ips|blocklist.de/ssh|blocklist.de/all|ziyadnz/hourly-ipv4,emerging-threats|compromised|blocklist.de|persistent|ssh|bot|irc-bot|brute-force|ziyadnz|hourly,2026-08-17T18:48:05Z,2026-08-17T18:48:05Z,
129.45.84.205,ipv4,compromised,high,WHITE,EmergingThreats/compromised-ips|blocklist.de/ssh|blocklist.de/all|ziyadnz/hourly-ipv4,emerging-threats|compromised|blocklist.de|persistent|ssh|bot|irc-bot|brute-force|ziyadnz|hourly,2026-08-17T18:48:05Z,2026-08-17T18:48:05Z,
130.12.182.110,ipv4,compromised,medium,WHITE,EmergingThreats/compromised-ips|ziyadnz/hourly-ipv4,emerging-threats|compromised|blocklist.de|persistent|ssh|bot|irc-bot|brute-force|ziyadnz|hourly,2026-08-17T18:48:05Z,2026-08-17T18:48:05Z,
130.12.182.224,ipv4,compromised,high,WHITE,EmergingThreats/compromised-ips|blocklist.de/ssh|blocklist.de/all|ziyadnz/hourly-ipv4,emerging-threats|compromised|blocklist.de|persistent|ssh|bot|irc-bot|brute-force|ziyadnz|hourly,2026-08-17T18:48:05Z,2026-08-17T18:48:05Z,
130.12.182.225,ipv4,compromised,high,WHITE,EmergingThreats/compromised-ips|blocklist.de/ssh|blocklist.de/all|ziyadnz/hourly-ipv4,emerging-threats|compromised|blocklist.de|persistent|ssh|bot|irc-bot|brute-force|ziyadnz|hourly,2026-08-17T18:48:05Z,2026-08-17T18:48:05Z,
130.12.182.227,ipv4,compromised,high,WHITE,EmergingThreats/compromised-ips|blocklist.de/ssh|blocklist.de/all|ziyadnz/hourly-ipv4,emerging-threats|compromised|blocklist.de|persistent|ssh|bot|irc-bot|brute-force|ziyadnz|hourly,2026-08-17T18:48:05Z,2026-08-17T18:48:05Z,
130.211.100.134,ipv4,compromised,medium,WHITE,EmergingThreats/compromised-ips|ziyadnz/hourly-ipv4,emerging-threats|compromised|blocklist.de|persistent|ssh|bot|irc-bot|brute-force|ziyadnz|hourly,2026-08-17T18:48:05Z,2026-08-17T18:48:05Z,
130.211.102.114,ipv4,compromised,medium,WHITE,EmergingThreats/compromised-ips|ziyadnz/hourly-ipv4,emerging-threats|compromised|blocklist.de|persistent|ssh|bot|irc-bot|brute-force|ziyadnz|hourly,2026-08-17T18:48:05Z,2026-08-17T18:48:05Z,
130.211.103.2,ipv4,compromised,medium,WHITE,EmergingThreats/compromised-ips|ziyadnz/hourly-ipv4,emerging-threats|compromised|blocklist.de|persistent|ssh|bot|irc-bot|brute-force|ziyadnz|hourly,2026-08-17T18:48:05Z,2026-08-17T18:48:05Z,
131.186.50.157,ipv4,compromised,medium,WHITE,EmergingThreats/compromised-ips|ziyadnz/hourly-ipv4,emerging-threats|compromised|blocklist.de|persistent|ssh|bot|irc-bot|brute-force|ziyadnz|hourly,2026-08-17T18:48:05Z,2026-08-17T18:48:05Z,
132.148.132.251,ipv4,compromised,medium,WHITE,EmergingThreats/compromised-ips|ziyadnz/hourly-ipv4,emerging-threats|compromised|blocklist.de|persistent|ssh|bot|irc-bot|brute-force|ziyadnz|hourly,2026-08-17T18:48:05Z,2026-08-17T18:48:05Z,
13.222.188.76,ipv4,compromised,medium,WHITE,EmergingThreats/compromised-ips|ziyadnz/hourly-ipv4,emerging-threats|compromised|blocklist.de|persistent|ssh|bot|irc-bot|brute-force|ziyadnz|hourly,2026-08-17T18:48:05Z,2026-08-17T18:48:05Z,
134.122.40.85,ipv4,compromised,medium,WHITE,EmergingThreats/compromised-ips|ziyadnz/hourly-ipv4,emerging-threats|compromised|blocklist.de|persistent|ssh|bot|irc-bot|brute-force|ziyadnz|hourly,2026-08-17T18:48:05Z,2026-08-17T18:48:05Z,
134.209.204.199,ipv4,compromised,medium,WHITE,EmergingThreats/compromised-ips|ziyadnz/hourly-ipv4,emerging-threats|compromised|blocklist.de|persistent|ssh|bot|irc-bot|brute-force|ziyadnz|hourly,2026-08-17T18:48:05Z,2026-08-17T18:48:05Z,
134.209.227.115,ipv4,compromised,medium,WHITE,EmergingThreats/compromised-ips|ziyadnz/hourly-ipv4,emerging-threats|compromised|blocklist.de|persistent|ssh|bot|irc-bot|brute-force|ziyadnz|hourly,2026-08-17T18:48:05Z,2026-08-17T18:48:05Z,
134.209.231.5,ipv4,compromised,medium,WHITE,EmergingThreats/compromised-ips|ziyadnz/hourly-ipv4,emerging-threats|compromised|blocklist.de|persistent|ssh|bot|irc-bot|brute-force|ziyadnz|hourly,2026-08-17T18:48:05Z,2026-08-17T18:48:05Z,
134.209.233.100,ipv4,compromised,medium,WHITE,EmergingThreats/compromised-ips|ziyadnz/hourly-ipv4,emerging-threats|compromised|blocklist.de|persistent|ssh|bot|irc-bot|brute-force|ziyadnz|hourly,2026-08-17T18:48:05Z,2026-08-17T18:48:05Z,
134.209.30.45,ipv4,compromised,medium,WHITE,EmergingThreats/compromised-ips|ziyadnz/hourly-ipv4,emerging-threats|compromised|blocklist.de|persistent|ssh|bot|irc-bot|brute-force|ziyadnz|hourly,2026-08-17T18:48:05Z,2026-08-17T18:48:05Z,
138.122.140.200,ipv4,compromised,medium,WHITE,EmergingThreats/compromised-ips|ziyadnz/hourly-ipv4,emerging-threats|compromised|blocklist.de|persistent|ssh|bot|irc-bot|brute-force|ziyadnz|hourly,2026-08-17T18:48:05Z,2026-08-17T18:48:05Z,
138.197.152.223,ipv4,compromised,medium,WHITE,EmergingThreats/compromised-ips|ziyadnz/hourly-ipv4,emerging-threats|compromised|blocklist.de|persistent|ssh|bot|irc-bot|brute-force|ziyadnz|hourly,2026-08-17T18:48:05Z,2026-08-17T18:48:05Z,
138.68.152.76,ipv4,compromised,medium,WHITE,EmergingThreats/compromised-ips|ziyadnz/hourly-ipv4,emerging-threats|compromised|blocklist.de|persistent|ssh|bot|irc-bot|brute-force|ziyadnz|hourly,2026-08-17T18:48:05Z,2026-08-17T18:48:05Z,
139.59.119.35,ipv4,compromised,medium,WHITE,EmergingThreats/compromised-ips|ziyadnz/hourly-ipv4,emerging-threats|compromised|blocklist.de|persistent|ssh|bot|irc-bot|brute-force|ziyadnz|hourly,2026-08-17T18:48:05Z,2026-08-17T18:48:05Z,
139.59.177.227,ipv4,compromised,medium,WHITE,EmergingThreats/compromised-ips|ziyadnz/hourly-ipv4,emerging-threats|compromised|blocklist.de|persistent|ssh|bot|irc-bot|brute-force|ziyadnz|hourly,2026-08-17T18:48:05Z,2026-08-17T18:48:05Z,
139.59.224.159,ipv4,compromised,medium,WHITE,EmergingThreats/compromised-ips|ziyadnz/hourly-ipv4,emerging-threats|compromised|blocklist.de|persistent|ssh|bot|irc-bot|brute-force|ziyadnz|hourly,2026-08-17T18:48:05Z,2026-08-17T18:48:05Z,
139.59.86.13,ipv4,compromised,medium,WHITE,EmergingThreats/compromised-ips|ziyadnz/hourly-ipv4,emerging-threats|compromised|blocklist.de|persistent|ssh|bot|irc-bot|brute-force|ziyadnz|hourly,2026-08-17T18:48:05Z,2026-08-17T18:48:05Z,
141.95.170.136,ipv4,compromised,medium,WHITE,EmergingThreats/compromised-ips|ziyadnz/hourly-ipv4,emerging-threats|compromised|blocklist.de|persistent|ssh|bot|irc-bot|brute-force|ziyadnz|hourly,2026-08-17T18:48:05Z,2026-08-17T18:48:05Z,
142.93.35.180,ipv4,compromised,medium,WHITE,EmergingThreats/compromised-ips|ziyadnz/hourly-ipv4,emerging-threats|compromised|blocklist.de|persistent|ssh|bot|irc-bot|brute-force|ziyadnz|hourly,2026-08-17T18:48:05Z,2026-08-17T18:48:05Z,
143.110.183.13,ipv4,compromised,medium,WHITE,EmergingThreats/compromised-ips|ziyadnz/hourly-ipv4,emerging-threats|compromised|blocklist.de|persistent|ssh|bot|irc-bot|brute-force|ziyadnz|hourly,2026-08-17T18:48:05Z,2026-08-17T18:48:05Z,
143.110.186.6,ipv4,compromised,medium,WHITE,EmergingThreats/compromised-ips|ziyadnz/hourly-ipv4,emerging-threats|compromised|blocklist.de|persistent|ssh|bot|irc-bot|brute-force|ziyadnz|hourly,2026-08-17T18:48:05Z,2026-08-17T18:48:05Z,
143.110.218.178,ipv4,compromised,medium,WHITE,EmergingThreats/compromised-ips|ziyadnz/hourly-ipv4,emerging-threats|compromised|blocklist.de|persistent|ssh|bot|irc-bot|brute-force|ziyadnz|hourly,2026-08-17T18:48:05Z,2026-08-17T18:48:05Z,
144.126.196.46,ipv4,compromised,medium,WHITE,EmergingThreats/compromised-ips|ziyadnz/hourly-ipv4,emerging-threats|compromised|blocklist.de|persistent|ssh|bot|irc-bot|brute-force|ziyadnz|hourly,2026-08-17T18:48:05Z,2026-08-17T18:48:05Z,
144.225.6.182,ipv4,compromised,high,WHITE,EmergingThreats/compromised-ips|blocklist.de/ssh|blocklist.de/all|ziyadnz/hourly-ipv4,emerging-threats|compromised|blocklist.de|persistent|ssh|bot|irc-bot|brute-force|ziyadnz|hourly,2026-08-17T18:48:05Z,2026-08-17T18:48:05Z,
144.31.156.249,ipv4,compromised,medium,WHITE,EmergingThreats/compromised-ips|ziyadnz/hourly-ipv4,emerging-threats|compromised|blocklist.de|persistent|ssh|bot|irc-bot|brute-force|ziyadnz|hourly,2026-08-17T18:48:05Z,2026-08-17T18:48:05Z,
144.31.203.174,ipv4,compromised,medium,WHITE,EmergingThreats/compromised-ips|ziyadnz/hourly-ipv4,emerging-threats|compromised|blocklist.de|persistent|ssh|bot|irc-bot|brute-force|ziyadnz|hourly,2026-08-17T18:48:05Z,2026-08-17T18:48:05Z,
146.190.227.79,ipv4,compromised,medium,WHITE,EmergingThreats/compromised-ips|ziyadnz/hourly-ipv4,emerging-threats|compromised|blocklist.de|persistent|ssh|bot|irc-bot|brute-force|ziyadnz|hourly,2026-08-17T18:48:05Z,2026-08-17T18:48:05Z,
146.190.247.117,ipv4,compromised,medium,WHITE,EmergingThreats/compromised-ips|ziyadnz/hourly-ipv4,emerging-threats|compromised|blocklist.de|persistent|ssh|bot|irc-bot|brute-force|ziyadnz|hourly,2026-08-17T18:48:05Z,2026-08-17T18:48:05Z,
147.182.167.76,ipv4,compromised,medium,WHITE,EmergingThreats/compromised-ips|ziyadnz/hourly-ipv4,emerging-threats|compromised|blocklist.de|persistent|ssh|bot|irc-bot|brute-force|ziyadnz|hourly,2026-08-17T18:48:05Z,2026-08-17T18:48:05Z,
147.182.188.236,ipv4,compromised,medium,WHITE,EmergingThreats/compromised-ips|ziyadnz/hourly-ipv4,emerging-threats|compromised|blocklist.de|persistent|ssh|bot|irc-bot|brute-force|ziyadnz|hourly,2026-08-17T18:48:05Z,2026-08-17T18:48:05Z,
147.182.211.45,ipv4,compromised,medium,WHITE,EmergingThreats/compromised-ips|ziyadnz/hourly-ipv4,emerging-threats|compromised|blocklist.de|persistent|ssh|bot|irc-bot|brute-force|ziyadnz|hourly,2026-08-17T18:48:05Z,2026-08-17T18:48:05Z,
147.90.235.216,ipv4,compromised,high,WHITE,EmergingThreats/compromised-ips|blocklist.de/ssh|blocklist.de/all|ziyadnz/hourly-ipv4,emerging-threats|compromised|blocklist.de|persistent|ssh|bot|irc-bot|brute-force|ziyadnz|hourly,2026-08-17T18:48:05Z,2026-08-17T18:48:05Z,
148.72.64.140,ipv4,compromised,medium,WHITE,EmergingThreats/compromised-ips|ziyadnz/hourly-ipv4,emerging-threats|compromised|blocklist.de|persistent|ssh|bot|irc-bot|brute-force|ziyadnz|hourly,2026-08-17T18:48:05Z,2026-08-17T18:48:05Z,
149.56.143.217,ipv4,compromised,medium,WHITE,EmergingThreats/compromised-ips|ziyadnz/hourly-ipv4,emerging-threats|compromised|blocklist.de|persistent|ssh|bot|irc-bot|brute-force|ziyadnz|hourly,2026-08-17T18:48:05Z,2026-08-17T18:48:05Z,
152.32.140.20,ipv4,compromised,medium,WHITE,EmergingThreats/compromised-ips|ziyadnz/hourly-ipv4,emerging-threats|compromised|blocklist.de|persistent|ssh|bot|irc-bot|brute-force|ziyadnz|hourly,2026-08-17T18:48:05Z,2026-08-17T18:48:05Z,
152.42.136.119,ipv4,compromised,medium,WHITE,EmergingThreats/compromised-ips|ziyadnz/hourly-ipv4,emerging-threats|compromised|blocklist.de|persistent|ssh|bot|irc-bot|brute-force|ziyadnz|hourly,2026-08-17T18:48:05Z,2026-08-17T18:48:05Z,
152.42.164.200,ipv4,compromised,medium,WHITE,EmergingThreats/compromised-ips|ziyadnz/hourly-ipv4,emerging-threats|compromised|blocklist.de|persistent|ssh|bot|irc-bot|brute-force|ziyadnz|hourly,2026-08-17T18:48:05Z,2026-08-17T18:48:05Z,
152.42.186.164,ipv4,compromised,medium,WHITE,EmergingThreats/compromised-ips|ziyadnz/hourly-ipv4,emerging-threats|compromised|blocklist.de|persistent|ssh|bot|irc-bot|brute-force|ziyadnz|hourly,2026-08-17T18:48:05Z,2026-08-17T18:48:05Z,
152.42.246.190,ipv4,compromised,medium,WHITE,EmergingThreats/compromised-ips|ziyadnz/hourly-ipv4,emerging-threats|compromised|blocklist.de|persistent|ssh|bot|irc-bot|brute-force|ziyadnz|hourly,2026-08-17T18:48:05Z,2026-08-17T18:48:05Z,
152.53.225.147,ipv4,compromised,medium,WHITE,EmergingThreats/compromised-ips|ziyadnz/hourly-ipv4,emerging-threats|compromised|blocklist.de|persistent|ssh|bot|irc-bot|brute-force|ziyadnz|hourly,2026-08-17T18:48:05Z,2026-08-17T18:48:05Z,
152.53.52.136,ipv4,compromised,medium,WHITE,EmergingThreats/compromised-ips|ziyadnz/hourly-ipv4,emerging-threats|compromised|blocklist.de|persistent|ssh|bot|irc-bot|brute-force|ziyadnz|hourly,2026-08-17T18:48:05Z,2026-08-17T18:48:05Z,
154.57.209.199,ipv4,compromised,medium,WHITE,EmergingThreats/compromised-ips|ziyadnz/hourly-ipv4,emerging-threats|compromised|blocklist.de|persistent|ssh|bot|irc-bot|brute-force|ziyadnz|hourly,2026-08-17T18:48:05Z,2026-08-17T18:48:05Z,
157.245.123.211,ipv4,compromised,medium,WHITE,EmergingThreats/compromised-ips|ziyadnz/hourly-ipv4,emerging-threats|compromised|blocklist.de|persistent|ssh|bot|irc-bot|brute-force|ziyadnz|hourly,2026-08-17T18:48:05Z,2026-08-17T18:48:05Z,
157.245.148.118,ipv4,compromised,medium,WHITE,EmergingThreats/compromised-ips|ziyadnz/hourly-ipv4,emerging-threats|compromised|blocklist.de|persistent|ssh|bot|irc-bot|brute-force|ziyadnz|hourly,2026-08-17T18:48:05Z,2026-08-17T18:48:05Z,
157.245.233.97,ipv4,compromised,medium,WHITE,EmergingThreats/compromised-ips|ziyadnz/hourly-ipv4,emerging-threats|compromised|blocklist.de|persistent|ssh|bot|irc-bot|brute-force|ziyadnz|hourly,2026-08-17T18:48:05Z,2026-08-17T18:48:05Z,
158.51.96.38,ipv4,compromised,high,WHITE,EmergingThreats/compromised-ips|blocklist.de/ssh|blocklist.de/all|ziyadnz/hourly-ipv4,emerging-threats|compromised|blocklist.de|persistent|ssh|bot|irc-bot|brute-force|ziyadnz|hourly,2026-08-17T18:48:05Z,2026-08-17T18:48:05Z,
159.223.63.12,ipv4,compromised,medium,WHITE,EmergingThreats/compromised-ips|ziyadnz/hourly-ipv4,emerging-threats|compromised|blocklist.de|persistent|ssh|bot|irc-bot|brute-force|ziyadnz|hourly,2026-08-17T18:48:05Z,2026-08-17T18:48:05Z,
159.224.132.77,ipv4,compromised,medium,WHITE,EmergingThreats/compromised-ips|ziyadnz/hourly-ipv4,emerging-threats|compromised|blocklist.de|persistent|ssh|bot|irc-bot|brute-force|ziyadnz|hourly,2026-08-17T18:48:05Z,2026-08-17T18:48:05Z,
159.65.87.181,ipv4,compromised,medium,WHITE,EmergingThreats/compromised-ips|ziyadnz/hourly-ipv4,emerging-threats|compromised|blocklist.de|persistent|ssh|bot|irc-bot|brute-force|ziyadnz|hourly,2026-08-17T18:48:05Z,2026-08-17T18:48:05Z,
161.118.212.147,ipv4,compromised,high,WHITE,EmergingThreats/compromised-ips|blocklist.de/ssh|blocklist.de/all|ziyadnz/hourly-ipv4,emerging-threats|compromised|blocklist.de|persistent|ssh|bot|irc-bot|brute-force|ziyadnz|hourly,2026-08-17T18:48:05Z,2026-08-17T18:48:05Z,
16.147.238.233,ipv4,compromised,medium,WHITE,EmergingThreats/compromised-ips|ziyadnz/hourly-ipv4,emerging-threats|compromised|blocklist.de|persistent|ssh|bot|irc-bot|brute-force|ziyadnz|hourly,2026-08-17T18:48:05Z,2026-08-17T18:48:05Z,
161.82.146.86,ipv4,compromised,medium,WHITE,EmergingThreats/compromised-ips|ziyadnz/hourly-ipv4,emerging-threats|compromised|blocklist.de|persistent|ssh|bot|irc-bot|brute-force|ziyadnz|hourly,2026-08-17T18:48:05Z,2026-08-17T18:48:05Z,
162.243.86.7,ipv4,compromised,medium,WHITE,EmergingThreats/compromised-ips|ziyadnz/hourly-ipv4,emerging-threats|compromised|blocklist.de|persistent|ssh|bot|irc-bot|brute-force|ziyadnz|hourly,2026-08-17T18:48:05Z,2026-08-17T18:48:05Z,
163.223.9.188,ipv4,compromised,medium,WHITE,EmergingThreats/compromised-ips|ziyadnz/hourly-ipv4,emerging-threats|compromised|blocklist.de|persistent|ssh|bot|irc-bot|brute-force|ziyadnz|hourly,2026-08-17T18:48:05Z,2026-08-17T18:48:05Z,
163.7.9.194,ipv4,compromised,medium,WHITE,EmergingThreats/compromised-ips|ziyadnz/hourly-ipv4,emerging-threats|compromised|blocklist.de|persistent|ssh|bot|irc-bot|brute-force|ziyadnz|hourly,2026-08-17T18:48:05Z,2026-08-17T18:48:05Z,
164.92.109.155,ipv4,compromised,high,WHITE,EmergingThreats/compromised-ips|blocklist.de/ssh|blocklist.de/all|ziyadnz/hourly-ipv4,emerging-threats|compromised|blocklist.de|persistent|ssh|bot|irc-bot|brute-force|ziyadnz|hourly,2026-08-17T18:48:05Z,2026-08-17T18:48:05Z,
165.22.178.87,ipv4,compromised,medium,WHITE,EmergingThreats/compromised-ips|ziyadnz/hourly-ipv4,emerging-threats|compromised|blocklist.de|persistent|ssh|bot|irc-bot|brute-force|ziyadnz|hourly,2026-08-17T18:48:05Z,2026-08-17T18:48:05Z,
165.22.205.91,ipv4,compromised,medium,WHITE,EmergingThreats/compromised-ips|ziyadnz/hourly-ipv4,emerging-threats|compromised|blocklist.de|persistent|ssh|bot|irc-bot|brute-force|ziyadnz|hourly,2026-08-17T18:48:05Z,2026-08-17T18:48:05Z,
165.227.194.144,ipv4,compromised,medium,WHITE,EmergingThreats/compromised-ips|ziyadnz/hourly-ipv4,emerging-threats|compromised|blocklist.de|persistent|ssh|bot|irc-bot|brute-force|ziyadnz|hourly,2026-08-17T18:48:05Z,2026-08-17T18:48:05Z,
165.227.232.13,ipv4,compromised,medium,WHITE,EmergingThreats/compromised-ips|ziyadnz/hourly-ipv4,emerging-threats|compromised|blocklist.de|persistent|ssh|bot|irc-bot|brute-force|ziyadnz|hourly,2026-08-17T18:48:05Z,2026-08-17T18:48:05Z,
165.232.109.145,ipv4,compromised,medium,WHITE,EmergingThreats/compromised-ips|ziyadnz/hourly-ipv4,emerging-threats|compromised|blocklist.de|persistent|ssh|bot|irc-bot|brute-force|ziyadnz|hourly,2026-08-17T18:48:05Z,2026-08-17T18:48:05Z,
165.245.221.68,ipv4,compromised,medium,WHITE,EmergingThreats/compromised-ips|ziyadnz/hourly-ipv4,emerging-threats|compromised|blocklist.de|persistent|ssh|bot|irc-bot|brute-force|ziyadnz|hourly,2026-08-17T18:48:05Z,2026-08-17T18:48:05Z,
167.172.54.184,ipv4,compromised,medium,WHITE,EmergingThreats/compromised-ips|ziyadnz/hourly-ipv4,emerging-threats|compromised|blocklist.de|persistent|ssh|bot|irc-bot|brute-force|ziyadnz|hourly,2026-08-17T18:48:05Z,2026-08-17T18:48:05Z,
167.99.41.127,ipv4,compromised,medium,WHITE,EmergingThreats/compromised-ips|ziyadnz/hourly-ipv4,emerging-threats|compromised|blocklist.de|persistent|ssh|bot|irc-bot|brute-force|ziyadnz|hourly,2026-08-17T18:48:05Z,2026-08-17T18:48:05Z,
167.99.66.71,ipv4,compromised,medium,WHITE,EmergingThreats/compromised-ips|ziyadnz/hourly-ipv4,emerging-threats|compromised|blocklist.de|persistent|ssh|bot|irc-bot|brute-force|ziyadnz|hourly,2026-08-17T18:48:05Z,2026-08-17T18:48:05Z,
168.144.120.7,ipv4,compromised,medium,WHITE,EmergingThreats/compromised-ips|ziyadnz/hourly-ipv4,emerging-threats|compromised|blocklist.de|persistent|ssh|bot|irc-bot|brute-force|ziyadnz|hourly,2026-08-17T18:48:05Z,2026-08-17T18:48:05Z,
168.144.144.96,ipv4,compromised,medium,WHITE,EmergingThreats/compromised-ips|ziyadnz/hourly-ipv4,emerging-threats|compromised|blocklist.de|persistent|ssh|bot|irc-bot|brute-force|ziyadnz|hourly,2026-08-17T18:48:05Z,2026-08-17T18:48:05Z,
168.144.171.221,ipv4,compromised,medium,WHITE,EmergingThreats/compromised-ips|ziyadnz/hourly-ipv4,emerging-threats|compromised|blocklist.de|persistent|ssh|bot|irc-bot|brute-force|ziyadnz|hourly,2026-08-17T18:48:05Z,2026-08-17T18:48:05Z,
168.144.179.216,ipv4,compromised,medium,WHITE,EmergingThreats/compromised-ips|ziyadnz/hourly-ipv4,emerging-threats|compromised|blocklist.de|persistent|ssh|bot|irc-bot|brute-force|ziyadnz|hourly,2026-08-17T18:48:05Z,2026-08-17T18:48:05Z,
168.144.181.27,ipv4,compromised,medium,WHITE,EmergingThreats/compromised-ips|ziyadnz/hourly-ipv4,emerging-threats|compromised|blocklist.de|persistent|ssh|bot|irc-bot|brute-force|ziyadnz|hourly,2026-08-17T18:48:05Z,2026-08-17T18:48:05Z,
168.144.89.244,ipv4,compromised,medium,WHITE,EmergingThreats/compromised-ips|ziyadnz/hourly-ipv4,emerging-threats|compromised|blocklist.de|persistent|ssh|bot|irc-bot|brute-force|ziyadnz|hourly,2026-08-17T18:48:05Z,2026-08-17T18:48:05Z,
171.231.176.42,ipv4,compromised,medium,WHITE,EmergingThreats/compromised-ips|ziyadnz/hourly-ipv4,emerging-threats|compromised|blocklist.de|persistent|ssh|bot|irc-bot|brute-force|ziyadnz|hourly,2026-08-17T18:48:05Z,2026-08-17T18:48:05Z,
171.231.176.79,ipv4,compromised,medium,WHITE,EmergingThreats/compromised-ips|ziyadnz/hourly-ipv4,emerging-threats|compromised|blocklist.de|persistent|ssh|bot|irc-bot|brute-force|ziyadnz|hourly,2026-08-17T18:48:05Z,2026-08-17T18:48:05Z,
171.231.178.241,ipv4,compromised,medium,WHITE,EmergingThreats/compromised-ips|ziyadnz/hourly-ipv4,emerging-threats|compromised|blocklist.de|persistent|ssh|bot|irc-bot|brute-force|ziyadnz|hourly,2026-08-17T18:48:05Z,2026-08-17T18:48:05Z,
171.231.183.200,ipv4,compromised,medium,WHITE,EmergingThreats/compromised-ips|ziyadnz/hourly-ipv4,emerging-threats|compromised|blocklist.de|persistent|ssh|bot|irc-bot|brute-force|ziyadnz|hourly,2026-08-17T18:48:05Z,2026-08-17T18:48:05Z,
171.231.183.213,ipv4,compromised,medium,WHITE,EmergingThreats/compromised-ips|ziyadnz/hourly-ipv4,emerging-threats|compromised|blocklist.de|persistent|ssh|bot|irc-bot|brute-force|ziyadnz|hourly,2026-08-17T18:48:05Z,2026-08-17T18:48:05Z,
171.231.184.215,ipv4,compromised,medium,WHITE,EmergingThreats/compromised-ips|ziyadnz/hourly-ipv4,emerging-threats|compromised|blocklist.de|persistent|ssh|bot|irc-bot|brute-force|ziyadnz|hourly,2026-08-17T18:48:05Z,2026-08-17T18:48:05Z,
171.231.185.92,ipv4,compromised,medium,WHITE,EmergingThreats/compromised-ips|ziyadnz/hourly-ipv4,emerging-threats|compromised|blocklist.de|persistent|ssh|bot|irc-bot|brute-force|ziyadnz|hourly,2026-08-17T18:48:05Z,2026-08-17T18:48:05Z,
171.231.187.71,ipv4,compromised,high,WHITE,EmergingThreats/compromised-ips|blocklist.de/ssh|blocklist.de/all|ziyadnz/hourly-ipv4,emerging-threats|compromised|blocklist.de|persistent|ssh|bot|irc-bot|brute-force|ziyadnz|hourly,2026-08-17T18:48:05Z,2026-08-17T18:48:05Z,
171.231.188.238,ipv4,compromised,medium,WHITE,EmergingThreats/compromised-ips|ziyadnz/hourly-ipv4,emerging-threats|compromised|blocklist.de|persistent|ssh|bot|irc-bot|brute-force|ziyadnz|hourly,2026-08-17T18:48:05Z,2026-08-17T18:48:05Z,
171.231.190.144,ipv4,compromised,medium,WHITE,EmergingThreats/compromised-ips|ziyadnz/hourly-ipv4,emerging-threats|compromised|blocklist.de|persistent|ssh|bot|irc-bot|brute-force|ziyadnz|hourly,2026-08-17T18:48:05Z,2026-08-17T18:48:05Z,
171.231.190.24,ipv4,compromised,medium,WHITE,EmergingThreats/compromised-ips|ziyadnz/hourly-ipv4,emerging-threats|compromised|blocklist.de|persistent|ssh|bot|irc-bot|brute-force|ziyadnz|hourly,2026-08-17T18:48:05Z,2026-08-17T18:48:05Z,
171.231.190.250,ipv4,compromised,medium,WHITE,EmergingThreats/compromised-ips|ziyadnz/hourly-ipv4,emerging-threats|compromised|blocklist.de|persistent|ssh|bot|irc-bot|brute-force|ziyadnz|hourly,2026-08-17T18:48:05Z,2026-08-17T18:48:05Z,
171.231.190.30,ipv4,compromised,medium,WHITE,EmergingThreats/compromised-ips|ziyadnz/hourly-ipv4,emerging-threats|compromised|blocklist.de|persistent|ssh|bot|irc-bot|brute-force|ziyadnz|hourly,2026-08-17T18:48:05Z,2026-08-17T18:48:05Z,
171.231.190.73,ipv4,compromised,medium,WHITE,EmergingThreats/compromised-ips|ziyadnz/hourly-ipv4,emerging-threats|compromised|blocklist.de|persistent|ssh|bot|irc-bot|brute-force|ziyadnz|hourly,2026-08-17T18:48:05Z,2026-08-17T18:48:05Z,
171.231.191.213,ipv4,compromised,medium,WHITE,EmergingThreats/compromised-ips|ziyadnz/hourly-ipv4,emerging-threats|compromised|blocklist.de|persistent|ssh|bot|irc-bot|brute-force|ziyadnz|hourly,2026-08-17T18:48:05Z,2026-08-17T18:48:05Z,
171.231.194.113,ipv4,compromised,medium,WHITE,EmergingThreats/compromised-ips|ziyadnz/hourly-ipv4,emerging-threats|compromised|blocklist.de|persistent|ssh|bot|irc-bot|brute-force|ziyadnz|hourly,2026-08-17T18:48:05Z,2026-08-17T18:48:05Z,
171.231.194.118,ipv4,compromised,medium,WHITE,EmergingThreats/compromised-ips|ziyadnz/hourly-ipv4,emerging-threats|compromised|blocklist.de|persistent|ssh|bot|irc-bot|brute-force|ziyadnz|hourly,2026-08-17T18:48:05Z,2026-08-17T18:48:05Z,
171.231.194.150,ipv4,compromised,medium,WHITE,EmergingThreats/compromised-ips|ziyadnz/hourly-ipv4,emerging-threats|compromised|blocklist.de|persistent|ssh|bot|irc-bot|brute-force|ziyadnz|hourly,2026-08-17T18:48:05Z,2026-08-17T18:48:05Z,
171.231.196.169,ipv4,compromised,medium,WHITE,EmergingThreats/compromised-ips|ziyadnz/hourly-ipv4,emerging-threats|compromised|blocklist.de|persistent|ssh|bot|irc-bot|brute-force|ziyadnz|hourly,2026-08-17T18:48:05Z,2026-08-17T18:48:05Z,
171.243.150.132,ipv4,compromised,medium,WHITE,EmergingThreats/compromised-ips|ziyadnz/hourly-ipv4,emerging-threats|compromised|blocklist.de|persistent|ssh|bot|irc-bot|brute-force|ziyadnz|hourly,2026-08-17T18:48:05Z,2026-08-17T18:48:05Z,
171.243.150.213,ipv4,compromised,medium,WHITE,EmergingThreats/compromised-ips|ziyadnz/hourly-ipv4,emerging-threats|compromised|blocklist.de|persistent|ssh|bot|irc-bot|brute-force|ziyadnz|hourly,2026-08-17T18:48:05Z,2026-08-17T18:48:05Z,
171.243.150.217,ipv4,compromised,medium,WHITE,EmergingThreats/compromised-ips|ziyadnz/hourly-ipv4,emerging-threats|compromised|blocklist.de|persistent|ssh|bot|irc-bot|brute-force|ziyadnz|hourly,2026-08-17T18:48:05Z,2026-08-17T18:48:05Z,
171.243.150.226,ipv4,compromised,medium,WHITE,EmergingThreats/compromised-ips|ziyadnz/hourly-ipv4,emerging-threats|compromised|blocklist.de|persistent|ssh|bot|irc-bot|brute-force|ziyadnz|hourly,2026-08-17T18:48:05Z,2026-08-17T18:48:05Z,
171.243.150.251,ipv4,compromised,medium,WHITE,EmergingThreats/compromised-ips|ziyadnz/hourly-ipv4,emerging-threats|compromised|blocklist.de|persistent|ssh|bot|irc-bot|brute-force|ziyadnz|hourly,2026-08-17T18:48:05Z,2026-08-17T18:48:05Z,
171.243.150.32,ipv4,compromised,medium,WHITE,EmergingThreats/compromised-ips|ziyadnz/hourly-ipv4,emerging-threats|compromised|blocklist.de|persistent|ssh|bot|irc-bot|brute-force|ziyadnz|hourly,2026-08-17T18:48:05Z,2026-08-17T18:48:05Z,
175.203.23.245,ipv4,compromised,medium,WHITE,EmergingThreats/compromised-ips|ziyadnz/hourly-ipv4,emerging-threats|compromised|blocklist.de|persistent|ssh|bot|irc-bot|brute-force|ziyadnz|hourly,2026-08-17T18:48:05Z,2026-08-17T18:48:05Z,
177.74.153.10,ipv4,compromised,high,WHITE,EmergingThreats/compromised-ips|blocklist.de/ssh|blocklist.de/all|ziyadnz/hourly-ipv4,emerging-threats|compromised|blocklist.de|persistent|ssh|bot|irc-bot|brute-force|ziyadnz|hourly,2026-08-17T18:48:05Z,2026-08-17T18:48:05Z,
178.104.90.251,ipv4,compromised,medium,WHITE,EmergingThreats/compromised-ips|ziyadnz/hourly-ipv4,emerging-threats|compromised|blocklist.de|persistent|ssh|bot|irc-bot|brute-force|ziyadnz|hourly,2026-08-17T18:48:05Z,2026-08-17T18:48:05Z,
178.128.80.167,ipv4,compromised,medium,WHITE,EmergingThreats/compromised-ips|ziyadnz/hourly-ipv4,emerging-threats|compromised|blocklist.de|persistent|ssh|bot|irc-bot|brute-force|ziyadnz|hourly,2026-08-17T18:48:05Z,2026-08-17T18:48:05Z,
18.144.56.70,ipv4,compromised,medium,WHITE,EmergingThreats/compromised-ips|ziyadnz/hourly-ipv4,emerging-threats|compromised|blocklist.de|persistent|ssh|bot|irc-bot|brute-force|ziyadnz|hourly,2026-08-17T18:48:05Z,2026-08-17T18:48:05Z,
18.144.61.69,ipv4,compromised,medium,WHITE,EmergingThreats/compromised-ips|ziyadnz/hourly-ipv4,emerging-threats|compromised|blocklist.de|persistent|ssh|bot|irc-bot|brute-force|ziyadnz|hourly,2026-08-17T18:48:05Z,2026-08-17T18:48:05Z,
18.145.109.98,ipv4,compromised,medium,WHITE,EmergingThreats/compromised-ips|ziyadnz/hourly-ipv4,emerging-threats|compromised|blocklist.de|persistent|ssh|bot|irc-bot|brute-force|ziyadnz|hourly,2026-08-17T18:48:05Z,2026-08-17T18:48:05Z,
18.145.82.119,ipv4,compromised,medium,WHITE,EmergingThreats/compromised-ips|ziyadnz/hourly-ipv4,emerging-threats|compromised|blocklist.de|persistent|ssh|bot|irc-bot|brute-force|ziyadnz|hourly,2026-08-17T18:48:05Z,2026-08-17T18:48:05Z,
182.53.207.106,ipv4,compromised,medium,WHITE,EmergingThreats/compromised-ips|ziyadnz/hourly-ipv4,emerging-threats|compromised|blocklist.de|persistent|ssh|bot|irc-bot|brute-force|ziyadnz|hourly,2026-08-17T18:48:05Z,2026-08-17T18:48:05Z,
183.61.119.194,ipv4,compromised,high,WHITE,EmergingThreats/compromised-ips|blocklist.de/ssh|blocklist.de/all|ziyadnz/hourly-ipv4,emerging-threats|compromised|blocklist.de|persistent|ssh|bot|irc-bot|brute-force|ziyadnz|hourly,2026-08-17T18:48:05Z,2026-08-17T18:48:05Z,
184.162.211.213,ipv4,compromised,medium,WHITE,EmergingThreats/compromised-ips|ziyadnz/hourly-ipv4,emerging-threats|compromised|blocklist.de|persistent|ssh|bot|irc-bot|brute-force|ziyadnz|hourly,2026-08-17T18:48:05Z,2026-08-17T18:48:05Z,
185.220.70.83,ipv4,compromised,medium,WHITE,EmergingThreats/compromised-ips|ziyadnz/hourly-ipv4,emerging-threats|compromised|blocklist.de|persistent|ssh|bot|irc-bot|brute-force|ziyadnz|hourly,2026-08-17T18:48:05Z,2026-08-17T18:48:05Z,
185.221.21.17,ipv4,compromised,high,WHITE,EmergingThreats/compromised-ips|blocklist.de/ssh|blocklist.de/all|ziyadnz/hourly-ipv4,emerging-threats|compromised|blocklist.de|persistent|ssh|bot|irc-bot|brute-force|ziyadnz|hourly,2026-08-17T18:48:05Z,2026-08-17T18:48:05Z,
185.242.3.195,ipv4,compromised,medium,WHITE,EmergingThreats/compromised-ips|ziyadnz/hourly-ipv4,emerging-threats|compromised|blocklist.de|persistent|ssh|bot|irc-bot|brute-force|ziyadnz|hourly,2026-08-17T18:48:05Z,2026-08-17T18:48:05Z,
185.65.202.199,ipv4,compromised,medium,WHITE,EmergingThreats/compromised-ips|ziyadnz/hourly-ipv4,emerging-threats|compromised|blocklist.de|persistent|ssh|bot|irc-bot|brute-force|ziyadnz|hourly,2026-08-17T18:48:05Z,2026-08-17T18:48:05Z,
189.219.16.249,ipv4,compromised,high,WHITE,EmergingThreats/compromised-ips|blocklist.de/ssh|blocklist.de/all|ziyadnz/hourly-ipv4,emerging-threats|compromised|blocklist.de|persistent|ssh|bot|irc-bot|brute-force|ziyadnz|hourly,2026-08-17T18:48:05Z,2026-08-17T18:48:05Z,
191.101.59.133,ipv4,compromised,high,WHITE,EmergingThreats/compromised-ips|blocklist.de/ssh|blocklist.de/all|ziyadnz/hourly-ipv4,emerging-threats|compromised|blocklist.de|persistent|ssh|bot|irc-bot|brute-force|ziyadnz|hourly,2026-08-17T18:48:05Z,2026-08-17T18:48:05Z,
191.178.223.110,ipv4,compromised,medium,WHITE,EmergingThreats/compromised-ips|ziyadnz/hourly-ipv4,emerging-threats|compromised|blocklist.de|persistent|ssh|bot|irc-bot|brute-force|ziyadnz|hourly,2026-08-17T18:48:05Z,2026-08-17T18:48:05Z,
192.142.28.77,ipv4,compromised,medium,WHITE,EmergingThreats/compromised-ips|ziyadnz/hourly-ipv4,emerging-threats|compromised|blocklist.de|persistent|ssh|bot|irc-bot|brute-force|ziyadnz|hourly,2026-08-17T18:48:05Z,2026-08-17T18:48:05Z,
192.169.197.250,ipv4,compromised,medium,WHITE,EmergingThreats/compromised-ips|ziyadnz/hourly-ipv4,emerging-threats|compromised|blocklist.de|persistent|ssh|bot|irc-bot|brute-force|ziyadnz|hourly,2026-08-17T18:48:05Z,2026-08-17T18:48:05Z,
192.169.202.129,ipv4,compromised,medium,WHITE,EmergingThreats/compromised-ips|ziyadnz/hourly-ipv4,emerging-threats|compromised|blocklist.de|persistent|ssh|bot|irc-bot|brute-force|ziyadnz|hourly,2026-08-17T18:48:05Z,2026-08-17T18:48:05Z,
192.227.221.227,ipv4,compromised,high,WHITE,EmergingThreats/compromised-ips|blocklist.de/ssh|blocklist.de/all|ziyadnz/hourly-ipv4,emerging-threats|compromised|blocklist.de|persistent|ssh|bot|irc-bot|brute-force|ziyadnz|hourly,2026-08-17T18:48:05Z,2026-08-17T18:48:05Z,
192.241.245.10,ipv4,compromised,medium,WHITE,EmergingThreats/compromised-ips|ziyadnz/hourly-ipv4,emerging-threats|compromised|blocklist.de|persistent|ssh|bot|irc-bot|brute-force|ziyadnz|hourly,2026-08-17T18:48:05Z,2026-08-17T18:48:05Z,
193.90.12.40,ipv4,compromised,medium,WHITE,EmergingThreats/compromised-ips|ziyadnz/hourly-ipv4,emerging-threats|compromised|blocklist.de|persistent|ssh|bot|irc-bot|brute-force|ziyadnz|hourly,2026-08-17T18:48:05Z,2026-08-17T18:48:05Z,
195.154.199.162,ipv4,compromised,medium,WHITE,EmergingThreats/compromised-ips|ziyadnz/hourly-ipv4,emerging-threats|compromised|blocklist.de|persistent|ssh|bot|irc-bot|brute-force|ziyadnz|hourly,2026-08-17T18:48:05Z,2026-08-17T18:48:05Z,
195.158.6.38,ipv4,compromised,medium,WHITE,EmergingThreats/compromised-ips|ziyadnz/hourly-ipv4,emerging-threats|compromised|blocklist.de|persistent|ssh|bot|irc-bot|brute-force|ziyadnz|hourly,2026-08-17T18:48:05Z,2026-08-17T18:48:05Z,
195.178.110.137,ipv4,compromised,high,WHITE,EmergingThreats/compromised-ips|blocklist.de/ssh|blocklist.de/all|ziyadnz/hourly-ipv4,emerging-threats|compromised|blocklist.de|persistent|ssh|bot|irc-bot|brute-force|ziyadnz|hourly,2026-08-17T18:48:05Z,2026-08-17T18:48:05Z,
195.178.110.218,ipv4,compromised,high,WHITE,EmergingThreats/compromised-ips|blocklist.de/strongips|blocklist.de/all|ziyadnz/hourly-ipv4,emerging-threats|compromised|blocklist.de|persistent|ssh|bot|irc-bot|brute-force|ziyadnz|hourly,2026-08-17T18:48:05Z,2026-08-17T18:48:05Z,
195.93.244.97,ipv4,compromised,high,WHITE,EmergingThreats/compromised-ips|blocklist.de/ssh|blocklist.de/all|ziyadnz/hourly-ipv4,emerging-threats|compromised|blocklist.de|persistent|ssh|bot|irc-bot|brute-force|ziyadnz|hourly,2026-08-17T18:48:05Z,2026-08-17T18:48:05Z,
196.127.111.189,ipv4,compromised,medium,WHITE,EmergingThreats/compromised-ips|ziyadnz/hourly-ipv4,emerging-threats|compromised|blocklist.de|persistent|ssh|bot|irc-bot|brute-force|ziyadnz|hourly,2026-08-17T18:48:05Z,2026-08-17T18:48:05Z,
20.13.147.55,ipv4,compromised,medium,WHITE,EmergingThreats/compromised-ips|ziyadnz/hourly-ipv4,emerging-threats|compromised|blocklist.de|persistent|ssh|bot|irc-bot|brute-force|ziyadnz|hourly,2026-08-17T18:48:05Z,2026-08-17T18:48:05Z,
20.197.50.156,ipv4,compromised,medium,WHITE,EmergingThreats/compromised-ips|ziyadnz/hourly-ipv4,emerging-threats|compromised|blocklist.de|persistent|ssh|bot|irc-bot|brute-force|ziyadnz|hourly,2026-08-17T18:48:05Z,2026-08-17T18:48:05Z,
202.155.157.131,ipv4,compromised,medium,WHITE,EmergingThreats/compromised-ips|ziyadnz/hourly-ipv4,emerging-threats|compromised|blocklist.de|persistent|ssh|bot|irc-bot|brute-force|ziyadnz|hourly,2026-08-17T18:48:05Z,2026-08-17T18:48:05Z,
20.244.45.55,ipv4,compromised,medium,WHITE,EmergingThreats/compromised-ips|ziyadnz/hourly-ipv4,emerging-threats|compromised|blocklist.de|persistent|ssh|bot|irc-bot|brute-force|ziyadnz|hourly,2026-08-17T18:48:05Z,2026-08-17T18:48:05Z,
206.189.119.197,ipv4,compromised,medium,WHITE,EmergingThreats/compromised-ips|ziyadnz/hourly-ipv4,emerging-threats|compromised|blocklist.de|persistent|ssh|bot|irc-bot|brute-force|ziyadnz|hourly,2026-08-17T18:48:05Z,2026-08-17T18:48:05Z,
206.189.193.232,ipv4,compromised,medium,WHITE,EmergingThreats/compromised-ips|ziyadnz/hourly-ipv4,emerging-threats|compromised|blocklist.de|persistent|ssh|bot|irc-bot|brute-force|ziyadnz|hourly,2026-08-17T18:48:05Z,2026-08-17T18:48:05Z,
207.175.11.160,ipv4,compromised,medium,WHITE,EmergingThreats/compromised-ips|ziyadnz/hourly-ipv4,emerging-threats|compromised|blocklist.de|persistent|ssh|bot|irc-bot|brute-force|ziyadnz|hourly,2026-08-17T18:48:05Z,2026-08-17T18:48:05Z,
207.175.118.223,ipv4,compromised,medium,WHITE,EmergingThreats/compromised-ips|ziyadnz/hourly-ipv4,emerging-threats|compromised|blocklist.de|persistent|ssh|bot|irc-bot|brute-force|ziyadnz|hourly,2026-08-17T18:48:05Z,2026-08-17T18:48:05Z,
207.175.122.122,ipv4,compromised,medium,WHITE,EmergingThreats/compromised-ips|ziyadnz/hourly-ipv4,emerging-threats|compromised|blocklist.de|persistent|ssh|bot|irc-bot|brute-force|ziyadnz|hourly,2026-08-17T18:48:05Z,2026-08-17T18:48:05Z,
207.175.132.5,ipv4,compromised,medium,WHITE,EmergingThreats/compromised-ips|ziyadnz/hourly-ipv4,emerging-threats|compromised|blocklist.de|persistent|ssh|bot|irc-bot|brute-force|ziyadnz|hourly,2026-08-17T18:48:05Z,2026-08-17T18:48:05Z,
207.175.135.190,ipv4,compromised,medium,WHITE,EmergingThreats/compromised-ips|ziyadnz/hourly-ipv4,emerging-threats|compromised|blocklist.de|persistent|ssh|bot|irc-bot|brute-force|ziyadnz|hourly,2026-08-17T18:48:05Z,2026-08-17T18:48:05Z,
207.175.139.164,ipv4,compromised,medium,WHITE,EmergingThreats/compromised-ips|ziyadnz/hourly-ipv4,emerging-threats|compromised|blocklist.de|persistent|ssh|bot|irc-bot|brute-force|ziyadnz|hourly,2026-08-17T18:48:05Z,2026-08-17T18:48:05Z,
207.175.152.192,ipv4,compromised,medium,WHITE,EmergingThreats/compromised-ips|ziyadnz/hourly-ipv4,emerging-threats|compromised|blocklist.de|persistent|ssh|bot|irc-bot|brute-force|ziyadnz|hourly,2026-08-17T18:48:05Z,2026-08-17T18:48:05Z,
207.175.153.69,ipv4,compromised,medium,WHITE,EmergingThreats/compromised-ips|ziyadnz/hourly-ipv4,emerging-threats|compromised|blocklist.de|persistent|ssh|bot|irc-bot|brute-force|ziyadnz|hourly,2026-08-17T18:48:05Z,2026-08-17T18:48:05Z,
207.175.159.11,ipv4,compromised,medium,WHITE,EmergingThreats/compromised-ips|ziyadnz/hourly-ipv4,emerging-threats|compromised|blocklist.de|persistent|ssh|bot|irc-bot|brute-force|ziyadnz|hourly,2026-08-17T18:48:05Z,2026-08-17T18:48:05Z,
207.175.174.221,ipv4,compromised,medium,WHITE,EmergingThreats/compromised-ips|ziyadnz/hourly-ipv4,emerging-threats|compromised|blocklist.de|persistent|ssh|bot|irc-bot|brute-force|ziyadnz|hourly,2026-08-17T18:48:05Z,2026-08-17T18:48:05Z,
207.175.27.144,ipv4,compromised,medium,WHITE,EmergingThreats/compromised-ips|ziyadnz/hourly-ipv4,emerging-threats|compromised|blocklist.de|persistent|ssh|bot|irc-bot|brute-force|ziyadnz|hourly,2026-08-17T18:48:05Z,2026-08-17T18:48:05Z,
207.175.34.136,ipv4,compromised,medium,WHITE,EmergingThreats/compromised-ips|ziyadnz/hourly-ipv4,emerging-threats|compromised|blocklist.de|persistent|ssh|bot|irc-bot|brute-force|ziyadnz|hourly,2026-08-17T18:48:05Z,2026-08-17T18:48:05Z,
207.175.41.109,ipv4,compromised,medium,WHITE,EmergingThreats/compromised-ips|ziyadnz/hourly-ipv4,emerging-threats|compromised|blocklist.de|persistent|ssh|bot|irc-bot|brute-force|ziyadnz|hourly,2026-08-17T18:48:05Z,2026-08-17T18:48:05Z,
207.175.50.104,ipv4,compromised,medium,WHITE,EmergingThreats/compromised-ips|ziyadnz/hourly-ipv4,emerging-threats|compromised|blocklist.de|persistent|ssh|bot|irc-bot|brute-force|ziyadnz|hourly,2026-08-17T18:48:05Z,2026-08-17T18:48:05Z,
207.175.55.160,ipv4,compromised,medium,WHITE,EmergingThreats/compromised-ips|ziyadnz/hourly-ipv4,emerging-threats|compromised|blocklist.de|persistent|ssh|bot|irc-bot|brute-force|ziyadnz|hourly,2026-08-17T18:48:05Z,2026-08-17T18:48:05Z,
207.175.61.115,ipv4,compromised,medium,WHITE,EmergingThreats/compromised-ips|ziyadnz/hourly-ipv4,emerging-threats|compromised|blocklist.de|persistent|ssh|bot|irc-bot|brute-force|ziyadnz|hourly,2026-08-17T18:48:05Z,2026-08-17T18:48:05Z,
207.175.74.189,ipv4,compromised,medium,WHITE,EmergingThreats/compromised-ips|ziyadnz/hourly-ipv4,emerging-threats|compromised|blocklist.de|persistent|ssh|bot|irc-bot|brute-force|ziyadnz|hourly,2026-08-17T18:48:05Z,2026-08-17T18:48:05Z,
207.175.9.229,ipv4,compromised,medium,WHITE,EmergingThreats/compromised-ips|ziyadnz/hourly-ipv4,emerging-threats|compromised|blocklist.de|persistent|ssh|bot|irc-bot|brute-force|ziyadnz|hourly,2026-08-17T18:48:05Z,2026-08-17T18:48:05Z,
207.57.124.34,ipv4,compromised,medium,WHITE,EmergingThreats/compromised-ips|ziyadnz/hourly-ipv4,emerging-threats|compromised|blocklist.de|persistent|ssh|bot|irc-bot|brute-force|ziyadnz|hourly,2026-08-17T18:48:05Z,2026-08-17T18:48:05Z,
208.109.38.65,ipv4,compromised,medium,WHITE,EmergingThreats/compromised-ips|ziyadnz/hourly-ipv4,emerging-threats|compromised|blocklist.de|persistent|ssh|bot|irc-bot|brute-force|ziyadnz|hourly,2026-08-17T18:48:05Z,2026-08-17T18:48:05Z,
209.159.152.108,ipv4,compromised,medium,WHITE,EmergingThreats/compromised-ips|ziyadnz/hourly-ipv4,emerging-threats|compromised|blocklist.de|persistent|ssh|bot|irc-bot|brute-force|ziyadnz|hourly,2026-08-17T18:48:05Z,2026-08-17T18:48:05Z,
209.97.183.158,ipv4,compromised,medium,WHITE,EmergingThreats/compromised-ips|ziyadnz/hourly-ipv4,emerging-threats|compromised|blocklist.de|persistent|ssh|bot|irc-bot|brute-force|ziyadnz|hourly,2026-08-17T18:48:05Z,2026-08-17T18:48:05Z,
210.211.122.97,ipv4,compromised,medium,WHITE,EmergingThreats/compromised-ips|ziyadnz/hourly-ipv4,emerging-threats|compromised|blocklist.de|persistent|ssh|bot|irc-bot|brute-force|ziyadnz|hourly,2026-08-17T18:48:05Z,2026-08-17T18:48:05Z,
211.194.143.110,ipv4,compromised,medium,WHITE,EmergingThreats/compromised-ips|ziyadnz/hourly-ipv4,emerging-threats|compromised|blocklist.de|persistent|ssh|bot|irc-bot|brute-force|ziyadnz|hourly,2026-08-17T18:48:05Z,2026-08-17T18:48:05Z,
213.232.204.130,ipv4,compromised,medium,WHITE,EmergingThreats/compromised-ips|ziyadnz/hourly-ipv4,emerging-threats|compromised|blocklist.de|persistent|ssh|bot|irc-bot|brute-force|ziyadnz|hourly,2026-08-17T18:48:05Z,2026-08-17T18:48:05Z,
217.154.120.73,ipv4,compromised,high,WHITE,EmergingThreats/compromised-ips|blocklist.de/ssh|blocklist.de/all|ziyadnz/hourly-ipv4,emerging-threats|compromised|blocklist.de|persistent|ssh|bot|irc-bot|brute-force|ziyadnz|hourly,2026-08-17T18:48:05Z,2026-08-17T18:48:05Z,
217.160.162.192,ipv4,compromised,medium,WHITE,EmergingThreats/compromised-ips|ziyadnz/hourly-ipv4,emerging-threats|compromised|blocklist.de|persistent|ssh|bot|irc-bot|brute-force|ziyadnz|hourly,2026-08-17T18:48:05Z,2026-08-17T18:48:05Z,
217.18.94.226,ipv4,compromised,high,WHITE,EmergingThreats/compromised-ips|blocklist.de/ssh|blocklist.de/all|ziyadnz/hourly-ipv4,emerging-threats|compromised|blocklist.de|persistent|ssh|bot|irc-bot|brute-force|ziyadnz|hourly,2026-08-17T18:48:05Z,2026-08-17T18:48:05Z,
217.60.255.130,ipv4,compromised,medium,WHITE,EmergingThreats/compromised-ips|ziyadnz/hourly-ipv4,emerging-threats|compromised|blocklist.de|persistent|ssh|bot|irc-bot|brute-force|ziyadnz|hourly,2026-08-17T18:48:05Z,2026-08-17T18:48:05Z,
218.157.179.170,ipv4,compromised,medium,WHITE,EmergingThreats/compromised-ips|ziyadnz/hourly-ipv4,emerging-threats|compromised|blocklist.de|persistent|ssh|bot|irc-bot|brute-force|ziyadnz|hourly,2026-08-17T18:48:05Z,2026-08-17T18:48:05Z,
218.17.176.80,ipv4,compromised,medium,WHITE,EmergingThreats/compromised-ips|ziyadnz/hourly-ipv4,emerging-threats|compromised|blocklist.de|persistent|ssh|bot|irc-bot|brute-force|ziyadnz|hourly,2026-08-17T18:48:05Z,2026-08-17T18:48:05Z,
219.248.115.178,ipv4,compromised,high,WHITE,EmergingThreats/compromised-ips|blocklist.de/ssh|blocklist.de/all|ziyadnz/hourly-ipv4,emerging-threats|compromised|blocklist.de|persistent|ssh|bot|irc-bot|brute-force|ziyadnz|hourly,2026-08-17T18:48:05Z,2026-08-17T18:48:05Z,
220.123.222.114,ipv4,compromised,medium,WHITE,EmergingThreats/compromised-ips|ziyadnz/hourly-ipv4,emerging-threats|compromised|blocklist.de|persistent|ssh|bot|irc-bot|brute-force|ziyadnz|hourly,2026-08-17T18:48:05Z,2026-08-17T18:48:05Z,
220.76.68.23,ipv4,compromised,high,WHITE,EmergingThreats/compromised-ips|blocklist.de/ssh|blocklist.de/all|ziyadnz/hourly-ipv4,emerging-threats|compromised|blocklist.de|persistent|ssh|bot|irc-bot|brute-force|ziyadnz|hourly,2026-08-17T18:48:05Z,2026-08-17T18:48:05Z,
221.7.248.141,ipv4,compromised,high,WHITE,EmergingThreats/compromised-ips|blocklist.de/ssh|blocklist.de/all|ziyadnz/hourly-ipv4,emerging-threats|compromised|blocklist.de|persistent|ssh|bot|irc-bot|brute-force|ziyadnz|hourly,2026-08-17T18:48:05Z,2026-08-17T18:48:05Z,
223.123.92.132,ipv4,compromised,medium,WHITE,EmergingThreats/compromised-ips|ziyadnz/hourly-ipv4,emerging-threats|compromised|blocklist.de|persistent|ssh|bot|irc-bot|brute-force|ziyadnz|hourly,2026-08-17T18:48:05Z,2026-08-17T18:48:05Z,
2.26.0.248,ipv4,compromised,medium,WHITE,EmergingThreats/compromised-ips|ziyadnz/hourly-ipv4,emerging-threats|compromised|blocklist.de|persistent|ssh|bot|irc-bot|brute-force|ziyadnz|hourly,2026-08-17T18:48:05Z,2026-08-17T18:48:05Z,
2.26.83.186,ipv4,compromised,medium,WHITE,EmergingThreats/compromised-ips|ziyadnz/hourly-ipv4,emerging-threats|compromised|blocklist.de|persistent|ssh|bot|irc-bot|brute-force|ziyadnz|hourly,2026-08-17T18:48:05Z,2026-08-17T18:48:05Z,
24.199.89.143,ipv4,compromised,medium,WHITE,EmergingThreats/compromised-ips|ziyadnz/hourly-ipv4,emerging-threats|compromised|blocklist.de|persistent|ssh|bot|irc-bot|brute-force|ziyadnz|hourly,2026-08-17T18:48:05Z,2026-08-17T18:48:05Z,
2.57.122.53,ipv4,compromised,high,WHITE,EmergingThreats/compromised-ips|blocklist.de/ssh|blocklist.de/all|ziyadnz/hourly-ipv4,emerging-threats|compromised|blocklist.de|persistent|ssh|bot|irc-bot|brute-force|ziyadnz|hourly,2026-08-17T18:48:05Z,2026-08-17T18:48:05Z,
27.79.0.243,ipv4,compromised,medium,WHITE,EmergingThreats/compromised-ips|ziyadnz/hourly-ipv4,emerging-threats|compromised|blocklist.de|persistent|ssh|bot|irc-bot|brute-force|ziyadnz|hourly,2026-08-17T18:48:05Z,2026-08-17T18:48:05Z,
27.79.1.161,ipv4,compromised,medium,WHITE,EmergingThreats/compromised-ips|ziyadnz/hourly-ipv4,emerging-threats|compromised|blocklist.de|persistent|ssh|bot|irc-bot|brute-force|ziyadnz|hourly,2026-08-17T18:48:05Z,2026-08-17T18:48:05Z,
27.79.1.91,ipv4,compromised,medium,WHITE,EmergingThreats/compromised-ips|ziyadnz/hourly-ipv4,emerging-threats|compromised|blocklist.de|persistent|ssh|bot|irc-bot|brute-force|ziyadnz|hourly,2026-08-17T18:48:05Z,2026-08-17T18:48:05Z,
27.79.2.156,ipv4,compromised,medium,WHITE,EmergingThreats/compromised-ips|ziyadnz/hourly-ipv4,emerging-threats|compromised|blocklist.de|persistent|ssh|bot|irc-bot|brute-force|ziyadnz|hourly,2026-08-17T18:48:05Z,2026-08-17T18:48:05Z,
27.79.2.42,ipv4,compromised,medium,WHITE,EmergingThreats/compromised-ips|ziyadnz/hourly-ipv4,emerging-threats|compromised|blocklist.de|persistent|ssh|bot|irc-bot|brute-force|ziyadnz|hourly,2026-08-17T18:48:05Z,2026-08-17T18:48:05Z,
27.79.2.68,ipv4,compromised,medium,WHITE,EmergingThreats/compromised-ips|ziyadnz/hourly-ipv4,emerging-threats|compromised|blocklist.de|persistent|ssh|bot|irc-bot|brute-force|ziyadnz|hourly,2026-08-17T18:48:05Z,2026-08-17T18:48:05Z,
27.79.3.224,ipv4,compromised,medium,WHITE,EmergingThreats/compromised-ips|ziyadnz/hourly-ipv4,emerging-threats|compromised|blocklist.de|persistent|ssh|bot|irc-bot|brute-force|ziyadnz|hourly,2026-08-17T18:48:05Z,2026-08-17T18:48:05Z,
27.79.40.150,ipv4,compromised,medium,WHITE,EmergingThreats/compromised-ips|ziyadnz/hourly-ipv4,emerging-threats|compromised|blocklist.de|persistent|ssh|bot|irc-bot|brute-force|ziyadnz|hourly,2026-08-17T18:48:05Z,2026-08-17T18:48:05Z,
27.79.41.116,ipv4,compromised,medium,WHITE,EmergingThreats/compromised-ips|ziyadnz/hourly-ipv4,emerging-threats|compromised|blocklist.de|persistent|ssh|bot|irc-bot|brute-force|ziyadnz|hourly,2026-08-17T18:48:05Z,2026-08-17T18:48:05Z,
27.79.4.201,ipv4,compromised,medium,WHITE,EmergingThreats/compromised-ips|ziyadnz/hourly-ipv4,emerging-threats|compromised|blocklist.de|persistent|ssh|bot|irc-bot|brute-force|ziyadnz|hourly,2026-08-17T18:48:05Z,2026-08-17T18:48:05Z,
27.79.42.201,ipv4,compromised,medium,WHITE,EmergingThreats/compromised-ips|ziyadnz/hourly-ipv4,emerging-threats|compromised|blocklist.de|persistent|ssh|bot|irc-bot|brute-force|ziyadnz|hourly,2026-08-17T18:48:05Z,2026-08-17T18:48:05Z,
27.79.42.249,ipv4,compromised,medium,WHITE,EmergingThreats/compromised-ips|ziyadnz/hourly-ipv4,emerging-threats|compromised|blocklist.de|persistent|ssh|bot|irc-bot|brute-force|ziyadnz|hourly,2026-08-17T18:48:05Z,2026-08-17T18:48:05Z,
27.79.4.229,ipv4,compromised,medium,WHITE,EmergingThreats/compromised-ips|ziyadnz/hourly-ipv4,emerging-threats|compromised|blocklist.de|persistent|ssh|bot|irc-bot|brute-force|ziyadnz|hourly,2026-08-17T18:48:05Z,2026-08-17T18:48:05Z,
27.79.44.188,ipv4,compromised,medium,WHITE,EmergingThreats/compromised-ips|ziyadnz/hourly-ipv4,emerging-threats|compromised|blocklist.de|persistent|ssh|bot|irc-bot|brute-force|ziyadnz|hourly,2026-08-17T18:48:05Z,2026-08-17T18:48:05Z,
27.79.44.3,ipv4,compromised,medium,WHITE,EmergingThreats/compromised-ips|ziyadnz/hourly-ipv4,emerging-threats|compromised|blocklist.de|persistent|ssh|bot|irc-bot|brute-force|ziyadnz|hourly,2026-08-17T18:48:05Z,2026-08-17T18:48:05Z,
27.79.45.223,ipv4,compromised,medium,WHITE,EmergingThreats/compromised-ips|ziyadnz/hourly-ipv4,emerging-threats|compromised|blocklist.de|persistent|ssh|bot|irc-bot|brute-force|ziyadnz|hourly,2026-08-17T18:48:05Z,2026-08-17T18:48:05Z,
27.79.46.185,ipv4,compromised,medium,WHITE,EmergingThreats/compromised-ips|ziyadnz/hourly-ipv4,emerging-threats|compromised|blocklist.de|persistent|ssh|bot|irc-bot|brute-force|ziyadnz|hourly,2026-08-17T18:48:05Z,2026-08-17T18:48:05Z,
27.79.47.77,ipv4,compromised,medium,WHITE,EmergingThreats/compromised-ips|ziyadnz/hourly-ipv4,emerging-threats|compromised|blocklist.de|persistent|ssh|bot|irc-bot|brute-force|ziyadnz|hourly,2026-08-17T18:48:05Z,2026-08-17T18:48:05Z,
27.79.5.204,ipv4,compromised,medium,WHITE,EmergingThreats/compromised-ips|ziyadnz/hourly-ipv4,emerging-threats|compromised|blocklist.de|persistent|ssh|bot|irc-bot|brute-force|ziyadnz|hourly,2026-08-17T18:48:05Z,2026-08-17T18:48:05Z,
27.79.6.10,ipv4,compromised,medium,WHITE,EmergingThreats/compromised-ips|ziyadnz/hourly-ipv4,emerging-threats|compromised|blocklist.de|persistent|ssh|bot|irc-bot|brute-force|ziyadnz|hourly,2026-08-17T18:48:05Z,2026-08-17T18:48:05Z,
27.79.6.221,ipv4,compromised,medium,WHITE,EmergingThreats/compromised-ips|ziyadnz/hourly-ipv4,emerging-threats|compromised|blocklist.de|persistent|ssh|bot|irc-bot|brute-force|ziyadnz|hourly,2026-08-17T18:48:05Z,2026-08-17T18:48:05Z,
27.79.7.145,ipv4,compromised,medium,WHITE,EmergingThreats/compromised-ips|ziyadnz/hourly-ipv4,emerging-threats|compromised|blocklist.de|persistent|ssh|bot|irc-bot|brute-force|ziyadnz|hourly,2026-08-17T18:48:05Z,2026-08-17T18:48:05Z,
27.79.7.170,ipv4,compromised,medium,WHITE,EmergingThreats/compromised-ips|ziyadnz/hourly-ipv4,emerging-threats|compromised|blocklist.de|persistent|ssh|bot|irc-bot|brute-force|ziyadnz|hourly,2026-08-17T18:48:05Z,2026-08-17T18:48:05Z,
27.79.7.188,ipv4,compromised,medium,WHITE,EmergingThreats/compromised-ips|ziyadnz/hourly-ipv4,emerging-threats|compromised|blocklist.de|persistent|ssh|bot|irc-bot|brute-force|ziyadnz|hourly,2026-08-17T18:48:05Z,2026-08-17T18:48:05Z,
27.79.7.210,ipv4,compromised,medium,WHITE,EmergingThreats/compromised-ips|ziyadnz/hourly-ipv4,emerging-threats|compromised|blocklist.de|persistent|ssh|bot|irc-bot|brute-force|ziyadnz|hourly,2026-08-17T18:48:05Z,2026-08-17T18:48:05Z,
31.169.127.177,ipv4,compromised,medium,WHITE,EmergingThreats/compromised-ips|ziyadnz/hourly-ipv4,emerging-threats|compromised|blocklist.de|persistent|ssh|bot|irc-bot|brute-force|ziyadnz|hourly,2026-08-17T18:48:05Z,2026-08-17T18:48:05Z,
31.40.207.85,ipv4,compromised,medium,WHITE,EmergingThreats/compromised-ips|ziyadnz/hourly-ipv4,emerging-threats|compromised|blocklist.de|persistent|ssh|bot|irc-bot|brute-force|ziyadnz|hourly,2026-08-17T18:48:05Z,2026-08-17T18:48:05Z,
31.56.206.108,ipv4,compromised,medium,WHITE,EmergingThreats/compromised-ips|ziyadnz/hourly-ipv4,emerging-threats|compromised|blocklist.de|persistent|ssh|bot|irc-bot|brute-force|ziyadnz|hourly,2026-08-17T18:48:05Z,2026-08-17T18:48:05Z,
31.58.179.214,ipv4,compromised,medium,WHITE,EmergingThreats/compromised-ips|ziyadnz/hourly-ipv4,emerging-threats|compromised|blocklist.de|persistent|ssh|bot|irc-bot|brute-force|ziyadnz|hourly,2026-08-17T18:48:05Z,2026-08-17T18:48:05Z,
31.58.244.121,ipv4,compromised,medium,WHITE,EmergingThreats/compromised-ips|ziyadnz/hourly-ipv4,emerging-threats|compromised|blocklist.de|persistent|ssh|bot|irc-bot|brute-force|ziyadnz|hourly,2026-08-17T18:48:05Z,2026-08-17T18:48:05Z,
31.58.244.174,ipv4,compromised,medium,WHITE,EmergingThreats/compromised-ips|ziyadnz/hourly-ipv4,emerging-threats|compromised|blocklist.de|persistent|ssh|bot|irc-bot|brute-force|ziyadnz|hourly,2026-08-17T18:48:05Z,2026-08-17T18:48:05Z,
31.59.175.12,ipv4,compromised,medium,WHITE,EmergingThreats/compromised-ips|ziyadnz/hourly-ipv4,emerging-threats|compromised|blocklist.de|persistent|ssh|bot|irc-bot|brute-force|ziyadnz|hourly,2026-08-17T18:48:05Z,2026-08-17T18:48:05Z,
31.59.44.150,ipv4,compromised,medium,WHITE,EmergingThreats/compromised-ips|ziyadnz/hourly-ipv4,emerging-threats|compromised|blocklist.de|persistent|ssh|bot|irc-bot|brute-force|ziyadnz|hourly,2026-08-17T18:48:05Z,2026-08-17T18:48:05Z,
31.76.20.19,ipv4,compromised,high,WHITE,EmergingThreats/compromised-ips|blocklist.de/ssh|blocklist.de/all|ziyadnz/hourly-ipv4,emerging-threats|compromised|blocklist.de|persistent|ssh|bot|irc-bot|brute-force|ziyadnz|hourly,2026-08-17T18:48:05Z,2026-08-17T18:48:05Z,
31.76.9.4,ipv4,compromised,high,WHITE,EmergingThreats/compromised-ips|blocklist.de/ssh|blocklist.de/all|ziyadnz/hourly-ipv4,emerging-threats|compromised|blocklist.de|persistent|ssh|bot|irc-bot|brute-force|ziyadnz|hourly,2026-08-17T18:48:05Z,2026-08-17T18:48:05Z,
31.77.145.89,ipv4,compromised,high,WHITE,EmergingThreats/compromised-ips|blocklist.de/ssh|blocklist.de/all|ziyadnz/hourly-ipv4,emerging-threats|compromised|blocklist.de|persistent|ssh|bot|irc-bot|brute-force|ziyadnz|hourly,2026-08-17T18:48:05Z,2026-08-17T18:48:05Z,
31.77.227.120,ipv4,compromised,high,WHITE,EmergingThreats/compromised-ips|blocklist.de/ssh|blocklist.de/all|ziyadnz/hourly-ipv4,emerging-threats|compromised|blocklist.de|persistent|ssh|bot|irc-bot|brute-force|ziyadnz|hourly,2026-08-17T18:48:05Z,2026-08-17T18:48:05Z,
34.140.11.164,ipv4,compromised,medium,WHITE,EmergingThreats/compromised-ips|ziyadnz/hourly-ipv4,emerging-threats|compromised|blocklist.de|persistent|ssh|bot|irc-bot|brute-force|ziyadnz|hourly,2026-08-17T18:48:05Z,2026-08-17T18:48:05Z,
34.140.123.131,ipv4,compromised,medium,WHITE,EmergingThreats/compromised-ips|ziyadnz/hourly-ipv4,emerging-threats|compromised|blocklist.de|persistent|ssh|bot|irc-bot|brute-force|ziyadnz|hourly,2026-08-17T18:48:05Z,2026-08-17T18:48:05Z,
34.140.125.71,ipv4,compromised,medium,WHITE,EmergingThreats/compromised-ips|ziyadnz/hourly-ipv4,emerging-threats|compromised|blocklist.de|persistent|ssh|bot|irc-bot|brute-force|ziyadnz|hourly,2026-08-17T18:48:05Z,2026-08-17T18:48:05Z,
34.140.135.44,ipv4,compromised,medium,WHITE,EmergingThreats/compromised-ips|ziyadnz/hourly-ipv4,emerging-threats|compromised|blocklist.de|persistent|ssh|bot|irc-bot|brute-force|ziyadnz|hourly,2026-08-17T18:48:05Z,2026-08-17T18:48:05Z,
34.140.138.212,ipv4,compromised,medium,WHITE,EmergingThreats/compromised-ips|ziyadnz/hourly-ipv4,emerging-threats|compromised|blocklist.de|persistent|ssh|bot|irc-bot|brute-force|ziyadnz|hourly,2026-08-17T18:48:05Z,2026-08-17T18:48:05Z,
34.140.155.30,ipv4,compromised,medium,WHITE,EmergingThreats/compromised-ips|ziyadnz/hourly-ipv4,emerging-threats|compromised|blocklist.de|persistent|ssh|bot|irc-bot|brute-force|ziyadnz|hourly,2026-08-17T18:48:05Z,2026-08-17T18:48:05Z,
34.140.190.158,ipv4,compromised,medium,WHITE,EmergingThreats/compromised-ips|ziyadnz/hourly-ipv4,emerging-threats|compromised|blocklist.de|persistent|ssh|bot|irc-bot|brute-force|ziyadnz|hourly,2026-08-17T18:48:05Z,2026-08-17T18:48:05Z,
34.140.5.109,ipv4,compromised,medium,WHITE,EmergingThreats/compromised-ips|ziyadnz/hourly-ipv4,emerging-threats|compromised|blocklist.de|persistent|ssh|bot|irc-bot|brute-force|ziyadnz|hourly,2026-08-17T18:48:05Z,2026-08-17T18:48:05Z,
34.140.63.202,ipv4,compromised,medium,WHITE,EmergingThreats/compromised-ips|ziyadnz/hourly-ipv4,emerging-threats|compromised|blocklist.de|persistent|ssh|bot|irc-bot|brute-force|ziyadnz|hourly,2026-08-17T18:48:05Z,2026-08-17T18:48:05Z,
34.140.85.81,ipv4,compromised,medium,WHITE,EmergingThreats/compromised-ips|ziyadnz/hourly-ipv4,emerging-threats|compromised|blocklist.de|persistent|ssh|bot|irc-bot|brute-force|ziyadnz|hourly,2026-08-17T18:48:05Z,2026-08-17T18:48:05Z,
34.14.126.246,ipv4,compromised,medium,WHITE,EmergingThreats/compromised-ips|ziyadnz/hourly-ipv4,emerging-threats|compromised|blocklist.de|persistent|ssh|bot|irc-bot|brute-force|ziyadnz|hourly,2026-08-17T18:48:05Z,2026-08-17T18:48:05Z,
34.14.15.77,ipv4,compromised,medium,WHITE,EmergingThreats/compromised-ips|ziyadnz/hourly-ipv4,emerging-threats|compromised|blocklist.de|persistent|ssh|bot|irc-bot|brute-force|ziyadnz|hourly,2026-08-17T18:48:05Z,2026-08-17T18:48:05Z,
34.14.19.199,ipv4,compromised,medium,WHITE,EmergingThreats/compromised-ips|ziyadnz/hourly-ipv4,emerging-threats|compromised|blocklist.de|persistent|ssh|bot|irc-bot|brute-force|ziyadnz|hourly,2026-08-17T18:48:05Z,2026-08-17T18:48:05Z,
34.14.6.87,ipv4,compromised,medium,WHITE,EmergingThreats/compromised-ips|ziyadnz/hourly-ipv4,emerging-threats|compromised|blocklist.de|persistent|ssh|bot|irc-bot|brute-force|ziyadnz|hourly,2026-08-17T18:48:05Z,2026-08-17T18:48:05Z,
34.14.74.12,ipv4,compromised,medium,WHITE,EmergingThreats/compromised-ips|ziyadnz/hourly-ipv4,emerging-threats|compromised|blocklist.de|persistent|ssh|bot|irc-bot|brute-force|ziyadnz|hourly,2026-08-17T18:48:05Z,2026-08-17T18:48:05Z,
34.14.78.28,ipv4,compromised,medium,WHITE,EmergingThreats/compromised-ips|ziyadnz/hourly-ipv4,emerging-threats|compromised|blocklist.de|persistent|ssh|bot|irc-bot|brute-force|ziyadnz|hourly,2026-08-17T18:48:05Z,2026-08-17T18:48:05Z,
34.14.86.81,ipv4,compromised,medium,WHITE,EmergingThreats/compromised-ips|ziyadnz/hourly-ipv4,emerging-threats|compromised|blocklist.de|persistent|ssh|bot|irc-bot|brute-force|ziyadnz|hourly,2026-08-17T18:48:05Z,2026-08-17T18:48:05Z,
34.14.94.93,ipv4,compromised,medium,WHITE,EmergingThreats/compromised-ips|ziyadnz/hourly-ipv4,emerging-threats|compromised|blocklist.de|persistent|ssh|bot|irc-bot|brute-force|ziyadnz|hourly,2026-08-17T18:48:05Z,2026-08-17T18:48:05Z,
34.156.1.128,ipv4,compromised,medium,WHITE,EmergingThreats/compromised-ips|ziyadnz/hourly-ipv4,emerging-threats|compromised|blocklist.de|persistent|ssh|bot|irc-bot|brute-force|ziyadnz|hourly,2026-08-17T18:48:05Z,2026-08-17T18:48:05Z,
34.156.12.51,ipv4,compromised,medium,WHITE,EmergingThreats/compromised-ips|ziyadnz/hourly-ipv4,emerging-threats|compromised|blocklist.de|persistent|ssh|bot|irc-bot|brute-force|ziyadnz|hourly,2026-08-17T18:48:05Z,2026-08-17T18:48:05Z,
34.156.126.43,ipv4,compromised,medium,WHITE,EmergingThreats/compromised-ips|ziyadnz/hourly-ipv4,emerging-threats|compromised|blocklist.de|persistent|ssh|bot|irc-bot|brute-force|ziyadnz|hourly,2026-08-17T18:48:05Z,2026-08-17T18:48:05Z,
34.156.170.224,ipv4,compromised,medium,WHITE,EmergingThreats/compromised-ips|ziyadnz/hourly-ipv4,emerging-threats|compromised|blocklist.de|persistent|ssh|bot|irc-bot|brute-force|ziyadnz|hourly,2026-08-17T18:48:05Z,2026-08-17T18:48:05Z,
34.156.183.109,ipv4,compromised,medium,WHITE,EmergingThreats/compromised-ips|ziyadnz/hourly-ipv4,emerging-threats|compromised|blocklist.de|persistent|ssh|bot|irc-bot|brute-force|ziyadnz|hourly,2026-08-17T18:48:05Z,2026-08-17T18:48:05Z,
34.156.208.198,ipv4,compromised,medium,WHITE,EmergingThreats/compromised-ips|ziyadnz/hourly-ipv4,emerging-threats|compromised|blocklist.de|persistent|ssh|bot|irc-bot|brute-force|ziyadnz|hourly,2026-08-17T18:48:05Z,2026-08-17T18:48:05Z,
34.156.212.22,ipv4,compromised,medium,WHITE,EmergingThreats/compromised-ips|ziyadnz/hourly-ipv4,emerging-threats|compromised|blocklist.de|persistent|ssh|bot|irc-bot|brute-force|ziyadnz|hourly,2026-08-17T18:48:05Z,2026-08-17T18:48:05Z,
34.156.221.22,ipv4,compromised,medium,WHITE,EmergingThreats/compromised-ips|ziyadnz/hourly-ipv4,emerging-threats|compromised|blocklist.de|persistent|ssh|bot|irc-bot|brute-force|ziyadnz|hourly,2026-08-17T18:48:05Z,2026-08-17T18:48:05Z,
34.156.245.53,ipv4,compromised,medium,WHITE,EmergingThreats/compromised-ips|ziyadnz/hourly-ipv4,emerging-threats|compromised|blocklist.de|persistent|ssh|bot|irc-bot|brute-force|ziyadnz|hourly,2026-08-17T18:48:05Z,2026-08-17T18:48:05Z,
34.156.251.108,ipv4,compromised,medium,WHITE,EmergingThreats/compromised-ips|ziyadnz/hourly-ipv4,emerging-threats|compromised|blocklist.de|persistent|ssh|bot|irc-bot|brute-force|ziyadnz|hourly,2026-08-17T18:48:05Z,2026-08-17T18:48:05Z,
34.156.44.197,ipv4,compromised,medium,WHITE,EmergingThreats/compromised-ips|ziyadnz/hourly-ipv4,emerging-threats|compromised|blocklist.de|persistent|ssh|bot|irc-bot|brute-force|ziyadnz|hourly,2026-08-17T18:48:05Z,2026-08-17T18:48:05Z,
34.156.7.210,ipv4,compromised,medium,WHITE,EmergingThreats/compromised-ips|ziyadnz/hourly-ipv4,emerging-threats|compromised|blocklist.de|persistent|ssh|bot|irc-bot|brute-force|ziyadnz|hourly,2026-08-17T18:48:05Z,2026-08-17T18:48:05Z,
34.156.83.79,ipv4,compromised,medium,WHITE,EmergingThreats/compromised-ips|ziyadnz/hourly-ipv4,emerging-threats|compromised|blocklist.de|persistent|ssh|bot|irc-bot|brute-force|ziyadnz|hourly,2026-08-17T18:48:05Z,2026-08-17T18:48:05Z,
34.156.94.48,ipv4,compromised,medium,WHITE,EmergingThreats/compromised-ips|ziyadnz/hourly-ipv4,emerging-threats|compromised|blocklist.de|persistent|ssh|bot|irc-bot|brute-force|ziyadnz|hourly,2026-08-17T18:48:05Z,2026-08-17T18:48:05Z,
34.159.18.221,ipv4,compromised,medium,WHITE,EmergingThreats/compromised-ips|ziyadnz/hourly-ipv4,emerging-threats|compromised|blocklist.de|persistent|ssh|bot|irc-bot|brute-force|ziyadnz|hourly,2026-08-17T18:48:05Z,2026-08-17T18:48:05Z,
34.170.190.141,ipv4,compromised,medium,WHITE,EmergingThreats/compromised-ips|ziyadnz/hourly-ipv4,emerging-threats|compromised|blocklist.de|persistent|ssh|bot|irc-bot|brute-force|ziyadnz|hourly,2026-08-17T18:48:05Z,2026-08-17T18:48:05Z,
34.208.249.74,ipv4,compromised,medium,WHITE,EmergingThreats/compromised-ips|ziyadnz/hourly-ipv4,emerging-threats|compromised|blocklist.de|persistent|ssh|bot|irc-bot|brute-force|ziyadnz|hourly,2026-08-17T18:48:05Z,2026-08-17T18:48:05Z,
34.215.125.5,ipv4,compromised,medium,WHITE,EmergingThreats/compromised-ips|ziyadnz/hourly-ipv4,emerging-threats|compromised|blocklist.de|persistent|ssh|bot|irc-bot|brute-force|ziyadnz|hourly,2026-08-17T18:48:05Z,2026-08-17T18:48:05Z,
34.216.177.95,ipv4,compromised,medium,WHITE,EmergingThreats/compromised-ips|ziyadnz/hourly-ipv4,emerging-threats|compromised|blocklist.de|persistent|ssh|bot|irc-bot|brute-force|ziyadnz|hourly,2026-08-17T18:48:05Z,2026-08-17T18:48:05Z,
34.22.121.11,ipv4,compromised,medium,WHITE,EmergingThreats/compromised-ips|ziyadnz/hourly-ipv4,emerging-threats|compromised|blocklist.de|persistent|ssh|bot|irc-bot|brute-force|ziyadnz|hourly,2026-08-17T18:48:05Z,2026-08-17T18:48:05Z,
34.22.121.160,ipv4,compromised,medium,WHITE,EmergingThreats/compromised-ips|ziyadnz/hourly-ipv4,emerging-threats|compromised|blocklist.de|persistent|ssh|bot|irc-bot|brute-force|ziyadnz|hourly,2026-08-17T18:48:05Z,2026-08-17T18:48:05Z,
34.22.141.33,ipv4,compromised,medium,WHITE,EmergingThreats/compromised-ips|ziyadnz/hourly-ipv4,emerging-threats|compromised|blocklist.de|persistent|ssh|bot|irc-bot|brute-force|ziyadnz|hourly,2026-08-17T18:48:05Z,2026-08-17T18:48:05Z,
34.22.180.144,ipv4,compromised,medium,WHITE,EmergingThreats/compromised-ips|ziyadnz/hourly-ipv4,emerging-threats|compromised|blocklist.de|persistent|ssh|bot|irc-bot|brute-force|ziyadnz|hourly,2026-08-17T18:48:05Z,2026-08-17T18:48:05Z,
34.22.183.121,ipv4,compromised,medium,WHITE,EmergingThreats/compromised-ips|ziyadnz/hourly-ipv4,emerging-threats|compromised|blocklist.de|persistent|ssh|bot|irc-bot|brute-force|ziyadnz|hourly,2026-08-17T18:48:05Z,2026-08-17T18:48:05Z,
34.22.185.221,ipv4,compromised,medium,WHITE,EmergingThreats/compromised-ips|ziyadnz/hourly-ipv4,emerging-threats|compromised|blocklist.de|persistent|ssh|bot|irc-bot|brute-force|ziyadnz|hourly,2026-08-17T18:48:05Z,2026-08-17T18:48:05Z,
34.22.219.129,ipv4,compromised,medium,WHITE,EmergingThreats/compromised-ips|ziyadnz/hourly-ipv4,emerging-threats|compromised|blocklist.de|persistent|ssh|bot|irc-bot|brute-force|ziyadnz|hourly,2026-08-17T18:48:05Z,2026-08-17T18:48:05Z,
34.22.231.32,ipv4,compromised,medium,WHITE,EmergingThreats/compromised-ips|ziyadnz/hourly-ipv4,emerging-threats|compromised|blocklist.de|persistent|ssh|bot|irc-bot|brute-force|ziyadnz|hourly,2026-08-17T18:48:05Z,2026-08-17T18:48:05Z,
34.34.130.254,ipv4,compromised,medium,WHITE,EmergingThreats/compromised-ips|ziyadnz/hourly-ipv4,emerging-threats|compromised|blocklist.de|persistent|ssh|bot|irc-bot|brute-force|ziyadnz|hourly,2026-08-17T18:48:05Z,2026-08-17T18:48:05Z,
34.34.137.196,ipv4,compromised,medium,WHITE,EmergingThreats/compromised-ips|ziyadnz/hourly-ipv4,emerging-threats|compromised|blocklist.de|persistent|ssh|bot|irc-bot|brute-force|ziyadnz|hourly,2026-08-17T18:48:05Z,2026-08-17T18:48:05Z,
34.34.144.182,ipv4,compromised,medium,WHITE,EmergingThreats/compromised-ips|ziyadnz/hourly-ipv4,emerging-threats|compromised|blocklist.de|persistent|ssh|bot|irc-bot|brute-force|ziyadnz|hourly,2026-08-17T18:48:05Z,2026-08-17T18:48:05Z,
34.34.156.16,ipv4,compromised,medium,WHITE,EmergingThreats/compromised-ips|ziyadnz/hourly-ipv4,emerging-threats|compromised|blocklist.de|persistent|ssh|bot|irc-bot|brute-force|ziyadnz|hourly,2026-08-17T18:48:05Z,2026-08-17T18:48:05Z,
34.34.163.223,ipv4,compromised,medium,WHITE,EmergingThreats/compromised-ips|ziyadnz/hourly-ipv4,emerging-threats|compromised|blocklist.de|persistent|ssh|bot|irc-bot|brute-force|ziyadnz|hourly,2026-08-17T18:48:05Z,2026-08-17T18:48:05Z,
34.34.167.255,ipv4,compromised,medium,WHITE,EmergingThreats/compromised-ips|ziyadnz/hourly-ipv4,emerging-threats|compromised|blocklist.de|persistent|ssh|bot|irc-bot|brute-force|ziyadnz|hourly,2026-08-17T18:48:05Z,2026-08-17T18:48:05Z,
34.34.169.50,ipv4,compromised,medium,WHITE,EmergingThreats/compromised-ips|ziyadnz/hourly-ipv4,emerging-threats|compromised|blocklist.de|persistent|ssh|bot|irc-bot|brute-force|ziyadnz|hourly,2026-08-17T18:48:05Z,2026-08-17T18:48:05Z,
34.34.184.195,ipv4,compromised,medium,WHITE,EmergingThreats/compromised-ips|ziyadnz/hourly-ipv4,emerging-threats|compromised|blocklist.de|persistent|ssh|bot|irc-bot|brute-force|ziyadnz|hourly,2026-08-17T18:48:05Z,2026-08-17T18:48:05Z,
34.38.105.20,ipv4,compromised,medium,WHITE,EmergingThreats/compromised-ips|ziyadnz/hourly-ipv4,emerging-threats|compromised|blocklist.de|persistent|ssh|bot|irc-bot|brute-force|ziyadnz|hourly,2026-08-17T18:48:05Z,2026-08-17T18:48:05Z,
34.38.1.184,ipv4,compromised,medium,WHITE,EmergingThreats/compromised-ips|ziyadnz/hourly-ipv4,emerging-threats|compromised|blocklist.de|persistent|ssh|bot|irc-bot|brute-force|ziyadnz|hourly,2026-08-17T18:48:05Z,2026-08-17T18:48:05Z,
34.38.156.205,ipv4,compromised,medium,WHITE,EmergingThreats/compromised-ips|ziyadnz/hourly-ipv4,emerging-threats|compromised|blocklist.de|persistent|ssh|bot|irc-bot|brute-force|ziyadnz|hourly,2026-08-17T18:48:05Z,2026-08-17T18:48:05Z,
34.38.185.242,ipv4,compromised,medium,WHITE,EmergingThreats/compromised-ips|ziyadnz/hourly-ipv4,emerging-threats|compromised|blocklist.de|persistent|ssh|bot|irc-bot|brute-force|ziyadnz|hourly,2026-08-17T18:48:05Z,2026-08-17T18:48:05Z,
34.38.209.127,ipv4,compromised,medium,WHITE,EmergingThreats/compromised-ips|ziyadnz/hourly-ipv4,emerging-threats|compromised|blocklist.de|persistent|ssh|bot|irc-bot|brute-force|ziyadnz|hourly,2026-08-17T18:48:05Z,2026-08-17T18:48:05Z,
34.38.246.239,ipv4,compromised,medium,WHITE,EmergingThreats/compromised-ips|ziyadnz/hourly-ipv4,emerging-threats|compromised|blocklist.de|persistent|ssh|bot|irc-bot|brute-force|ziyadnz|hourly,2026-08-17T18:48:05Z,2026-08-17T18:48:05Z,
34.38.33.94,ipv4,compromised,medium,WHITE,EmergingThreats/compromised-ips|ziyadnz/hourly-ipv4,emerging-threats|compromised|blocklist.de|persistent|ssh|bot|irc-bot|brute-force|ziyadnz|hourly,2026-08-17T18:48:05Z,2026-08-17T18:48:05Z,
34.38.52.114,ipv4,compromised,medium,WHITE,EmergingThreats/compromised-ips|ziyadnz/hourly-ipv4,emerging-threats|compromised|blocklist.de|persistent|ssh|bot|irc-bot|brute-force|ziyadnz|hourly,2026-08-17T18:48:05Z,2026-08-17T18:48:05Z,
34.38.53.91,ipv4,compromised,medium,WHITE,EmergingThreats/compromised-ips|ziyadnz/hourly-ipv4,emerging-threats|compromised|blocklist.de|persistent|ssh|bot|irc-bot|brute-force|ziyadnz|hourly,2026-08-17T18:48:05Z,2026-08-17T18:48:05Z,
34.38.57.241,ipv4,compromised,medium,WHITE,EmergingThreats/compromised-ips|ziyadnz/hourly-ipv4,emerging-threats|compromised|blocklist.de|persistent|ssh|bot|irc-bot|brute-force|ziyadnz|hourly,2026-08-17T18:48:05Z,2026-08-17T18:48:05Z,
34.38.68.33,ipv4,compromised,medium,WHITE,EmergingThreats/compromised-ips|ziyadnz/hourly-ipv4,emerging-threats|compromised|blocklist.de|persistent|ssh|bot|irc-bot|brute-force|ziyadnz|hourly,2026-08-17T18:48:05Z,2026-08-17T18:48:05Z,
34.52.155.163,ipv4,compromised,medium,WHITE,EmergingThreats/compromised-ips|ziyadnz/hourly-ipv4,emerging-threats|compromised|blocklist.de|persistent|ssh|bot|irc-bot|brute-force|ziyadnz|hourly,2026-08-17T18:48:05Z,2026-08-17T18:48:05Z,
34.52.168.223,ipv4,compromised,medium,WHITE,EmergingThreats/compromised-ips|ziyadnz/hourly-ipv4,emerging-threats|compromised|blocklist.de|persistent|ssh|bot|irc-bot|brute-force|ziyadnz|hourly,2026-08-17T18:48:05Z,2026-08-17T18:48:05Z,
34.52.176.88,ipv4,compromised,medium,WHITE,EmergingThreats/compromised-ips|ziyadnz/hourly-ipv4,emerging-threats|compromised|blocklist.de|persistent|ssh|bot|irc-bot|brute-force|ziyadnz|hourly,2026-08-17T18:48:05Z,2026-08-17T18:48:05Z,
34.52.190.164,ipv4,compromised,medium,WHITE,EmergingThreats/compromised-ips|ziyadnz/hourly-ipv4,emerging-threats|compromised|blocklist.de|persistent|ssh|bot|irc-bot|brute-force|ziyadnz|hourly,2026-08-17T18:48:05Z,2026-08-17T18:48:05Z,
34.52.209.120,ipv4,compromised,medium,WHITE,EmergingThreats/compromised-ips|ziyadnz/hourly-ipv4,emerging-threats|compromised|blocklist.de|persistent|ssh|bot|irc-bot|brute-force|ziyadnz|hourly,2026-08-17T18:48:05Z,2026-08-17T18:48:05Z,
34.53.136.73,ipv4,compromised,medium,WHITE,EmergingThreats/compromised-ips|ziyadnz/hourly-ipv4,emerging-threats|compromised|blocklist.de|persistent|ssh|bot|irc-bot|brute-force|ziyadnz|hourly,2026-08-17T18:48:05Z,2026-08-17T18:48:05Z,
34.53.184.22,ipv4,compromised,medium,WHITE,EmergingThreats/compromised-ips|ziyadnz/hourly-ipv4,emerging-threats|compromised|blocklist.de|persistent|ssh|bot|irc-bot|brute-force|ziyadnz|hourly,2026-08-17T18:48:05Z,2026-08-17T18:48:05Z,
34.53.188.3,ipv4,compromised,medium,WHITE,EmergingThreats/compromised-ips|ziyadnz/hourly-ipv4,emerging-threats|compromised|blocklist.de|persistent|ssh|bot|irc-bot|brute-force|ziyadnz|hourly,2026-08-17T18:48:05Z,2026-08-17T18:48:05Z,
34.53.199.41,ipv4,compromised,medium,WHITE,EmergingThreats/compromised-ips|ziyadnz/hourly-ipv4,emerging-threats|compromised|blocklist.de|persistent|ssh|bot|irc-bot|brute-force|ziyadnz|hourly,2026-08-17T18:48:05Z,2026-08-17T18:48:05Z,
34.53.199.84,ipv4,compromised,medium,WHITE,EmergingThreats/compromised-ips|ziyadnz/hourly-ipv4,emerging-threats|compromised|blocklist.de|persistent|ssh|bot|irc-bot|brute-force|ziyadnz|hourly,2026-08-17T18:48:05Z,2026-08-17T18:48:05Z,
34.53.200.183,ipv4,compromised,medium,WHITE,EmergingThreats/compromised-ips|ziyadnz/hourly-ipv4,emerging-threats|compromised|blocklist.de|persistent|ssh|bot|irc-bot|brute-force|ziyadnz|hourly,2026-08-17T18:48:05Z,2026-08-17T18:48:05Z,
34.53.225.1,ipv4,compromised,medium,WHITE,EmergingThreats/compromised-ips|ziyadnz/hourly-ipv4,emerging-threats|compromised|blocklist.de|persistent|ssh|bot|irc-bot|brute-force|ziyadnz|hourly,2026-08-17T18:48:05Z,2026-08-17T18:48:05Z,
34.53.235.100,ipv4,compromised,medium,WHITE,EmergingThreats/compromised-ips|ziyadnz/hourly-ipv4,emerging-threats|compromised|blocklist.de|persistent|ssh|bot|irc-bot|brute-force|ziyadnz|hourly,2026-08-17T18:48:05Z,2026-08-17T18:48:05Z,
34.53.244.63,ipv4,compromised,medium,WHITE,EmergingThreats/compromised-ips|ziyadnz/hourly-ipv4,emerging-threats|compromised|blocklist.de|persistent|ssh|bot|irc-bot|brute-force|ziyadnz|hourly,2026-08-17T18:48:05Z,2026-08-17T18:48:05Z,
34.53.250.112,ipv4,compromised,medium,WHITE,EmergingThreats/compromised-ips|ziyadnz/hourly-ipv4,emerging-threats|compromised|blocklist.de|persistent|ssh|bot|irc-bot|brute-force|ziyadnz|hourly,2026-08-17T18:48:05Z,2026-08-17T18:48:05Z,
34.62.105.176,ipv4,compromised,medium,WHITE,EmergingThreats/compromised-ips|ziyadnz/hourly-ipv4,emerging-threats|compromised|blocklist.de|persistent|ssh|bot|irc-bot|brute-force|ziyadnz|hourly,2026-08-17T18:48:05Z,2026-08-17T18:48:05Z,
34.62.198.148,ipv4,compromised,medium,WHITE,EmergingThreats/compromised-ips|ziyadnz/hourly-ipv4,emerging-threats|compromised|blocklist.de|persistent|ssh|bot|irc-bot|brute-force|ziyadnz|hourly,2026-08-17T18:48:05Z,2026-08-17T18:48:05Z,
34.62.230.66,ipv4,compromised,medium,WHITE,EmergingThreats/compromised-ips|ziyadnz/hourly-ipv4,emerging-threats|compromised|blocklist.de|persistent|ssh|bot|irc-bot|brute-force|ziyadnz|hourly,2026-08-17T18:48:05Z,2026-08-17T18:48:05Z,
34.62.236.86,ipv4,compromised,medium,WHITE,EmergingThreats/compromised-ips|ziyadnz/hourly-ipv4,emerging-threats|compromised|blocklist.de|persistent|ssh|bot|irc-bot|brute-force|ziyadnz|hourly,2026-08-17T18:48:05Z,2026-08-17T18:48:05Z,
34.62.25.58,ipv4,compromised,medium,WHITE,EmergingThreats/compromised-ips|ziyadnz/hourly-ipv4,emerging-threats|compromised|blocklist.de|persistent|ssh|bot|irc-bot|brute-force|ziyadnz|hourly,2026-08-17T18:48:05Z,2026-08-17T18:48:05Z,
34.62.27.196,ipv4,compromised,medium,WHITE,EmergingThreats/compromised-ips|ziyadnz/hourly-ipv4,emerging-threats|compromised|blocklist.de|persistent|ssh|bot|irc-bot|brute-force|ziyadnz|hourly,2026-08-17T18:48:05Z,2026-08-17T18:48:05Z,
34.62.35.239,ipv4,compromised,medium,WHITE,EmergingThreats/compromised-ips|ziyadnz/hourly-ipv4,emerging-threats|compromised|blocklist.de|persistent|ssh|bot|irc-bot|brute-force|ziyadnz|hourly,2026-08-17T18:48:05Z,2026-08-17T18:48:05Z,
34.62.44.22,ipv4,compromised,medium,WHITE,EmergingThreats/compromised-ips|ziyadnz/hourly-ipv4,emerging-threats|compromised|blocklist.de|persistent|ssh|bot|irc-bot|brute-force|ziyadnz|hourly,2026-08-17T18:48:05Z,2026-08-17T18:48:05Z,
34.62.49.5,ipv4,compromised,medium,WHITE,EmergingThreats/compromised-ips|ziyadnz/hourly-ipv4,emerging-threats|compromised|blocklist.de|persistent|ssh|bot|irc-bot|brute-force|ziyadnz|hourly,2026-08-17T18:48:05Z,2026-08-17T18:48:05Z,
34.62.66.221,ipv4,compromised,medium,WHITE,EmergingThreats/compromised-ips|ziyadnz/hourly-ipv4,emerging-threats|compromised|blocklist.de|persistent|ssh|bot|irc-bot|brute-force|ziyadnz|hourly,2026-08-17T18:48:05Z,2026-08-17T18:48:05Z,
34.62.71.163,ipv4,compromised,medium,WHITE,EmergingThreats/compromised-ips|ziyadnz/hourly-ipv4,emerging-threats|compromised|blocklist.de|persistent|ssh|bot|irc-bot|brute-force|ziyadnz|hourly,2026-08-17T18:48:05Z,2026-08-17T18:48:05Z,
34.62.93.116,ipv4,compromised,medium,WHITE,EmergingThreats/compromised-ips|ziyadnz/hourly-ipv4,emerging-threats|compromised|blocklist.de|persistent|ssh|bot|irc-bot|brute-force|ziyadnz|hourly,2026-08-17T18:48:05Z,2026-08-17T18:48:05Z,
34.62.96.55,ipv4,compromised,medium,WHITE,EmergingThreats/compromised-ips|ziyadnz/hourly-ipv4,emerging-threats|compromised|blocklist.de|persistent|ssh|bot|irc-bot|brute-force|ziyadnz|hourly,2026-08-17T18:48:05Z,2026-08-17T18:48:05Z,
34.76.125.156,ipv4,compromised,medium,WHITE,EmergingThreats/compromised-ips|ziyadnz/hourly-ipv4,emerging-threats|compromised|blocklist.de|persistent|ssh|bot|irc-bot|brute-force|ziyadnz|hourly,2026-08-17T18:48:05Z,2026-08-17T18:48:05Z,
34.76.146.227,ipv4,compromised,medium,WHITE,EmergingThreats/compromised-ips|ziyadnz/hourly-ipv4,emerging-threats|compromised|blocklist.de|persistent|ssh|bot|irc-bot|brute-force|ziyadnz|hourly,2026-08-17T18:48:05Z,2026-08-17T18:48:05Z,
34.76.147.130,ipv4,compromised,medium,WHITE,EmergingThreats/compromised-ips|ziyadnz/hourly-ipv4,emerging-threats|compromised|blocklist.de|persistent|ssh|bot|irc-bot|brute-force|ziyadnz|hourly,2026-08-17T18:48:05Z,2026-08-17T18:48:05Z,
34.76.149.154,ipv4,compromised,medium,WHITE,EmergingThreats/compromised-ips|ziyadnz/hourly-ipv4,emerging-threats|compromised|blocklist.de|persistent|ssh|bot|irc-bot|brute-force|ziyadnz|hourly,2026-08-17T18:48:05Z,2026-08-17T18:48:05Z,
34.76.153.135,ipv4,compromised,medium,WHITE,EmergingThreats/compromised-ips|ziyadnz/hourly-ipv4,emerging-threats|compromised|blocklist.de|persistent|ssh|bot|irc-bot|brute-force|ziyadnz|hourly,2026-08-17T18:48:05Z,2026-08-17T18:48:05Z,
34.76.157.228,ipv4,compromised,medium,WHITE,EmergingThreats/compromised-ips|ziyadnz/hourly-ipv4,emerging-threats|compromised|blocklist.de|persistent|ssh|bot|irc-bot|brute-force|ziyadnz|hourly,2026-08-17T18:48:05Z,2026-08-17T18:48:05Z,
34.76.161.76,ipv4,compromised,medium,WHITE,EmergingThreats/compromised-ips|ziyadnz/hourly-ipv4,emerging-threats|compromised|blocklist.de|persistent|ssh|bot|irc-bot|brute-force|ziyadnz|hourly,2026-08-17T18:48:05Z,2026-08-17T18:48:05Z,
34.76.179.114,ipv4,compromised,medium,WHITE,EmergingThreats/compromised-ips|ziyadnz/hourly-ipv4,emerging-threats|compromised|blocklist.de|persistent|ssh|bot|irc-bot|brute-force|ziyadnz|hourly,2026-08-17T18:48:05Z,2026-08-17T18:48:05Z,
34.76.182.8,ipv4,compromised,medium,WHITE,EmergingThreats/compromised-ips|ziyadnz/hourly-ipv4,emerging-threats|compromised|blocklist.de|persistent|ssh|bot|irc-bot|brute-force|ziyadnz|hourly,2026-08-17T18:48:05Z,2026-08-17T18:48:05Z,
34.76.201.33,ipv4,compromised,medium,WHITE,EmergingThreats/compromised-ips|ziyadnz/hourly-ipv4,emerging-threats|compromised|blocklist.de|persistent|ssh|bot|irc-bot|brute-force|ziyadnz|hourly,2026-08-17T18:48:05Z,2026-08-17T18:48:05Z,
34.76.235.60,ipv4,compromised,medium,WHITE,EmergingThreats/compromised-ips|ziyadnz/hourly-ipv4,emerging-threats|compromised|blocklist.de|persistent|ssh|bot|irc-bot|brute-force|ziyadnz|hourly,2026-08-17T18:48:05Z,2026-08-17T18:48:05Z,
34.76.39.199,ipv4,compromised,medium,WHITE,EmergingThreats/compromised-ips|ziyadnz/hourly-ipv4,emerging-threats|compromised|blocklist.de|persistent|ssh|bot|irc-bot|brute-force|ziyadnz|hourly,2026-08-17T18:48:05Z,2026-08-17T18:48:05Z,
34.76.5.94,ipv4,compromised,medium,WHITE,EmergingThreats/compromised-ips|ziyadnz/hourly-ipv4,emerging-threats|compromised|blocklist.de|persistent|ssh|bot|irc-bot|brute-force|ziyadnz|hourly,2026-08-17T18:48:05Z,2026-08-17T18:48:05Z,
34.76.63.235,ipv4,compromised,medium,WHITE,EmergingThreats/compromised-ips|ziyadnz/hourly-ipv4,emerging-threats|compromised|blocklist.de|persistent|ssh|bot|irc-bot|brute-force|ziyadnz|hourly,2026-08-17T18:48:05Z,2026-08-17T18:48:05Z,
34.76.89.85,ipv4,compromised,medium,WHITE,EmergingThreats/compromised-ips|ziyadnz/hourly-ipv4,emerging-threats|compromised|blocklist.de|persistent|ssh|bot|irc-bot|brute-force|ziyadnz|hourly,2026-08-17T18:48:05Z,2026-08-17T18:48:05Z,
34.77.100.107,ipv4,compromised,medium,WHITE,EmergingThreats/compromised-ips|ziyadnz/hourly-ipv4,emerging-threats|compromised|blocklist.de|persistent|ssh|bot|irc-bot|brute-force|ziyadnz|hourly,2026-08-17T18:48:05Z,2026-08-17T18:48:05Z,
34.77.122.71,ipv4,compromised,medium,WHITE,EmergingThreats/compromised-ips|ziyadnz/hourly-ipv4,emerging-threats|compromised|blocklist.de|persistent|ssh|bot|irc-bot|brute-force|ziyadnz|hourly,2026-08-17T18:48:05Z,2026-08-17T18:48:05Z,
34.77.140.25,ipv4,compromised,medium,WHITE,EmergingThreats/compromised-ips|ziyadnz/hourly-ipv4,emerging-threats|compromised|blocklist.de|persistent|ssh|bot|irc-bot|brute-force|ziyadnz|hourly,2026-08-17T18:48:05Z,2026-08-17T18:48:05Z,
34.77.183.14,ipv4,compromised,medium,WHITE,EmergingThreats/compromised-ips|ziyadnz/hourly-ipv4,emerging-threats|compromised|blocklist.de|persistent|ssh|bot|irc-bot|brute-force|ziyadnz|hourly,2026-08-17T18:48:05Z,2026-08-17T18:48:05Z,
34.77.191.240,ipv4,compromised,medium,WHITE,EmergingThreats/compromised-ips|ziyadnz/hourly-ipv4,emerging-threats|compromised|blocklist.de|persistent|ssh|bot|irc-bot|brute-force|ziyadnz|hourly,2026-08-17T18:48:05Z,2026-08-17T18:48:05Z,
34.77.36.89,ipv4,compromised,medium,WHITE,EmergingThreats/compromised-ips|ziyadnz/hourly-ipv4,emerging-threats|compromised|blocklist.de|persistent|ssh|bot|irc-bot|brute-force|ziyadnz|hourly,2026-08-17T18:48:05Z,2026-08-17T18:48:05Z,
34.77.6.20,ipv4,compromised,medium,WHITE,EmergingThreats/compromised-ips|ziyadnz/hourly-ipv4,emerging-threats|compromised|blocklist.de|persistent|ssh|bot|irc-bot|brute-force|ziyadnz|hourly,2026-08-17T18:48:05Z,2026-08-17T18:48:05Z,
34.77.84.151,ipv4,compromised,medium,WHITE,EmergingThreats/compromised-ips|ziyadnz/hourly-ipv4,emerging-threats|compromised|blocklist.de|persistent|ssh|bot|irc-bot|brute-force|ziyadnz|hourly,2026-08-17T18:48:05Z,2026-08-17T18:48:05Z,
34.77.88.168,ipv4,compromised,medium,WHITE,EmergingThreats/compromised-ips|ziyadnz/hourly-ipv4,emerging-threats|compromised|blocklist.de|persistent|ssh|bot|irc-bot|brute-force|ziyadnz|hourly,2026-08-17T18:48:05Z,2026-08-17T18:48:05Z,
34.78.100.66,ipv4,compromised,medium,WHITE,EmergingThreats/compromised-ips|ziyadnz/hourly-ipv4,emerging-threats|compromised|blocklist.de|persistent|ssh|bot|irc-bot|brute-force|ziyadnz|hourly,2026-08-17T18:48:05Z,2026-08-17T18:48:05Z,
34.78.122.91,ipv4,compromised,medium,WHITE,EmergingThreats/compromised-ips|ziyadnz/hourly-ipv4,emerging-threats|compromised|blocklist.de|persistent|ssh|bot|irc-bot|brute-force|ziyadnz|hourly,2026-08-17T18:48:05Z,2026-08-17T18:48:05Z,
34.78.123.89,ipv4,compromised,medium,WHITE,EmergingThreats/compromised-ips|ziyadnz/hourly-ipv4,emerging-threats|compromised|blocklist.de|persistent|ssh|bot|irc-bot|brute-force|ziyadnz|hourly,2026-08-17T18:48:05Z,2026-08-17T18:48:05Z,
34.78.169.149,ipv4,compromised,medium,WHITE,EmergingThreats/compromised-ips|ziyadnz/hourly-ipv4,emerging-threats|compromised|blocklist.de|persistent|ssh|bot|irc-bot|brute-force|ziyadnz|hourly,2026-08-17T18:48:05Z,2026-08-17T18:48:05Z,
34.78.204.56,ipv4,compromised,medium,WHITE,EmergingThreats/compromised-ips|ziyadnz/hourly-ipv4,emerging-threats|compromised|blocklist.de|persistent|ssh|bot|irc-bot|brute-force|ziyadnz|hourly,2026-08-17T18:48:05Z,2026-08-17T18:48:05Z,
34.78.255.113,ipv4,compromised,medium,WHITE,EmergingThreats/compromised-ips|ziyadnz/hourly-ipv4,emerging-threats|compromised|blocklist.de|persistent|ssh|bot|irc-bot|brute-force|ziyadnz|hourly,2026-08-17T18:48:05Z,2026-08-17T18:48:05Z,
34.78.4.101,ipv4,compromised,medium,WHITE,EmergingThreats/compromised-ips|ziyadnz/hourly-ipv4,emerging-threats|compromised|blocklist.de|persistent|ssh|bot|irc-bot|brute-force|ziyadnz|hourly,2026-08-17T18:48:05Z,2026-08-17T18:48:05Z,
34.78.56.95,ipv4,compromised,medium,WHITE,EmergingThreats/compromised-ips|ziyadnz/hourly-ipv4,emerging-threats|compromised|blocklist.de|persistent|ssh|bot|irc-bot|brute-force|ziyadnz|hourly,2026-08-17T18:48:05Z,2026-08-17T18:48:05Z,
34.78.63.236,ipv4,compromised,medium,WHITE,EmergingThreats/compromised-ips|ziyadnz/hourly-ipv4,emerging-threats|compromised|blocklist.de|persistent|ssh|bot|irc-bot|brute-force|ziyadnz|hourly,2026-08-17T18:48:05Z,2026-08-17T18:48:05Z,
34.78.66.164,ipv4,compromised,medium,WHITE,EmergingThreats/compromised-ips|ziyadnz/hourly-ipv4,emerging-threats|compromised|blocklist.de|persistent|ssh|bot|irc-bot|brute-force|ziyadnz|hourly,2026-08-17T18:48:05Z,2026-08-17T18:48:05Z,
34.78.69.9,ipv4,compromised,medium,WHITE,EmergingThreats/compromised-ips|ziyadnz/hourly-ipv4,emerging-threats|compromised|blocklist.de|persistent|ssh|bot|irc-bot|brute-force|ziyadnz|hourly,2026-08-17T18:48:05Z,2026-08-17T18:48:05Z,
34.79.105.0,ipv4,compromised,medium,WHITE,EmergingThreats/compromised-ips|ziyadnz/hourly-ipv4,emerging-threats|compromised|blocklist.de|persistent|ssh|bot|irc-bot|brute-force|ziyadnz|hourly,2026-08-17T18:48:05Z,2026-08-17T18:48:05Z,
34.79.111.60,ipv4,compromised,medium,WHITE,EmergingThreats/compromised-ips|ziyadnz/hourly-ipv4,emerging-threats|compromised|blocklist.de|persistent|ssh|bot|irc-bot|brute-force|ziyadnz|hourly,2026-08-17T18:48:05Z,2026-08-17T18:48:05Z,
34.79.116.173,ipv4,compromised,medium,WHITE,EmergingThreats/compromised-ips|ziyadnz/hourly-ipv4,emerging-threats|compromised|blocklist.de|persistent|ssh|bot|irc-bot|brute-force|ziyadnz|hourly,2026-08-17T18:48:05Z,2026-08-17T18:48:05Z,
34.79.149.47,ipv4,compromised,medium,WHITE,EmergingThreats/compromised-ips|ziyadnz/hourly-ipv4,emerging-threats|compromised|blocklist.de|persistent|ssh|bot|irc-bot|brute-force|ziyadnz|hourly,2026-08-17T18:48:05Z,2026-08-17T18:48:05Z,
34.79.154.219,ipv4,compromised,medium,WHITE,EmergingThreats/compromised-ips|ziyadnz/hourly-ipv4,emerging-threats|compromised|blocklist.de|persistent|ssh|bot|irc-bot|brute-force|ziyadnz|hourly,2026-08-17T18:48:05Z,2026-08-17T18:48:05Z,
34.79.194.163,ipv4,compromised,medium,WHITE,EmergingThreats/compromised-ips|ziyadnz/hourly-ipv4,emerging-threats|compromised|blocklist.de|persistent|ssh|bot|irc-bot|brute-force|ziyadnz|hourly,2026-08-17T18:48:05Z,2026-08-17T18:48:05Z,
34.79.217.97,ipv4,compromised,medium,WHITE,EmergingThreats/compromised-ips|ziyadnz/hourly-ipv4,emerging-threats|compromised|blocklist.de|persistent|ssh|bot|irc-bot|brute-force|ziyadnz|hourly,2026-08-17T18:48:05Z,2026-08-17T18:48:05Z,
34.79.244.230,ipv4,compromised,medium,WHITE,EmergingThreats/compromised-ips|ziyadnz/hourly-ipv4,emerging-threats|compromised|blocklist.de|persistent|ssh|bot|irc-bot|brute-force|ziyadnz|hourly,2026-08-17T18:48:05Z,2026-08-17T18:48:05Z,
34.79.245.31,ipv4,compromised,medium,WHITE,EmergingThreats/compromised-ips|ziyadnz/hourly-ipv4,emerging-threats|compromised|blocklist.de|persistent|ssh|bot|irc-bot|brute-force|ziyadnz|hourly,2026-08-17T18:48:05Z,2026-08-17T18:48:05Z,
34.79.49.4,ipv4,compromised,medium,WHITE,EmergingThreats/compromised-ips|ziyadnz/hourly-ipv4,emerging-threats|compromised|blocklist.de|persistent|ssh|bot|irc-bot|brute-force|ziyadnz|hourly,2026-08-17T18:48:05Z,2026-08-17T18:48:05Z,
34.79.59.96,ipv4,compromised,medium,WHITE,EmergingThreats/compromised-ips|ziyadnz/hourly-ipv4,emerging-threats|compromised|blocklist.de|persistent|ssh|bot|irc-bot|brute-force|ziyadnz|hourly,2026-08-17T18:48:05Z,2026-08-17T18:48:05Z,
34.79.65.125,ipv4,compromised,medium,WHITE,EmergingThreats/compromised-ips|ziyadnz/hourly-ipv4,emerging-threats|compromised|blocklist.de|persistent|ssh|bot|irc-bot|brute-force|ziyadnz|hourly,2026-08-17T18:48:05Z,2026-08-17T18:48:05Z,
35.187.165.102,ipv4,compromised,medium,WHITE,EmergingThreats/compromised-ips|ziyadnz/hourly-ipv4,emerging-threats|compromised|blocklist.de|persistent|ssh|bot|irc-bot|brute-force|ziyadnz|hourly,2026-08-17T18:48:05Z,2026-08-17T18:48:05Z,
35.187.180.179,ipv4,compromised,medium,WHITE,EmergingThreats/compromised-ips|ziyadnz/hourly-ipv4,emerging-threats|compromised|blocklist.de|persistent|ssh|bot|irc-bot|brute-force|ziyadnz|hourly,2026-08-17T18:48:05Z,2026-08-17T18:48:05Z,
35.187.231.181,ipv4,compromised,high,WHITE,EmergingThreats/compromised-ips|blocklist.de/ssh|blocklist.de/all|ziyadnz/hourly-ipv4,emerging-threats|compromised|blocklist.de|persistent|ssh|bot|irc-bot|brute-force|ziyadnz|hourly,2026-08-17T18:48:05Z,2026-08-17T18:48:05Z,
35.187.37.17,ipv4,compromised,medium,WHITE,EmergingThreats/compromised-ips|ziyadnz/hourly-ipv4,emerging-threats|compromised|blocklist.de|persistent|ssh|bot|irc-bot|brute-force|ziyadnz|hourly,2026-08-17T18:48:05Z,2026-08-17T18:48:05Z,
35.187.78.146,ipv4,compromised,medium,WHITE,EmergingThreats/compromised-ips|ziyadnz/hourly-ipv4,emerging-threats|compromised|blocklist.de|persistent|ssh|bot|irc-bot|brute-force|ziyadnz|hourly,2026-08-17T18:48:05Z,2026-08-17T18:48:05Z,
35.190.221.98,ipv4,compromised,medium,WHITE,EmergingThreats/compromised-ips|ziyadnz/hourly-ipv4,emerging-threats|compromised|blocklist.de|persistent|ssh|bot|irc-bot|brute-force|ziyadnz|hourly,2026-08-17T18:48:05Z,2026-08-17T18:48:05Z,
35.195.130.144,ipv4,compromised,medium,WHITE,EmergingThreats/compromised-ips|ziyadnz/hourly-ipv4,emerging-threats|compromised|blocklist.de|persistent|ssh|bot|irc-bot|brute-force|ziyadnz|hourly,2026-08-17T18:48:05Z,2026-08-17T18:48:05Z,
35.195.141.155,ipv4,compromised,medium,WHITE,EmergingThreats/compromised-ips|ziyadnz/hourly-ipv4,emerging-threats|compromised|blocklist.de|persistent|ssh|bot|irc-bot|brute-force|ziyadnz|hourly,2026-08-17T18:48:05Z,2026-08-17T18:48:05Z,
35.195.152.105,ipv4,compromised,medium,WHITE,EmergingThreats/compromised-ips|ziyadnz/hourly-ipv4,emerging-threats|compromised|blocklist.de|persistent|ssh|bot|irc-bot|brute-force|ziyadnz|hourly,2026-08-17T18:48:05Z,2026-08-17T18:48:05Z,
35.195.18.161,ipv4,compromised,medium,WHITE,EmergingThreats/compromised-ips|ziyadnz/hourly-ipv4,emerging-threats|compromised|blocklist.de|persistent|ssh|bot|irc-bot|brute-force|ziyadnz|hourly,2026-08-17T18:48:05Z,2026-08-17T18:48:05Z,
35.195.233.114,ipv4,compromised,medium,WHITE,EmergingThreats/compromised-ips|ziyadnz/hourly-ipv4,emerging-threats|compromised|blocklist.de|persistent|ssh|bot|irc-bot|brute-force|ziyadnz|hourly,2026-08-17T18:48:05Z,2026-08-17T18:48:05Z,
35.195.234.75,ipv4,compromised,medium,WHITE,EmergingThreats/compromised-ips|ziyadnz/hourly-ipv4,emerging-threats|compromised|blocklist.de|persistent|ssh|bot|irc-bot|brute-force|ziyadnz|hourly,2026-08-17T18:48:05Z,2026-08-17T18:48:05Z,
35.195.27.226,ipv4,compromised,medium,WHITE,EmergingThreats/compromised-ips|ziyadnz/hourly-ipv4,emerging-threats|compromised|blocklist.de|persistent|ssh|bot|irc-bot|brute-force|ziyadnz|hourly,2026-08-17T18:48:05Z,2026-08-17T18:48:05Z,
35.195.37.19,ipv4,compromised,medium,WHITE,EmergingThreats/compromised-ips|ziyadnz/hourly-ipv4,emerging-threats|compromised|blocklist.de|persistent|ssh|bot|irc-bot|brute-force|ziyadnz|hourly,2026-08-17T18:48:05Z,2026-08-17T18:48:05Z,
35.195.4.221,ipv4,compromised,medium,WHITE,EmergingThreats/compromised-ips|ziyadnz/hourly-ipv4,emerging-threats|compromised|blocklist.de|persistent|ssh|bot|irc-bot|brute-force|ziyadnz|hourly,2026-08-17T18:48:05Z,2026-08-17T18:48:05Z,
35.205.103.17,ipv4,compromised,medium,WHITE,EmergingThreats/compromised-ips|ziyadnz/hourly-ipv4,emerging-threats|compromised|blocklist.de|persistent|ssh|bot|irc-bot|brute-force|ziyadnz|hourly,2026-08-17T18:48:05Z,2026-08-17T18:48:05Z,
35.205.119.20,ipv4,compromised,medium,WHITE,EmergingThreats/compromised-ips|ziyadnz/hourly-ipv4,emerging-threats|compromised|blocklist.de|persistent|ssh|bot|irc-bot|brute-force|ziyadnz|hourly,2026-08-17T18:48:05Z,2026-08-17T18:48:05Z,
35.205.136.46,ipv4,compromised,medium,WHITE,EmergingThreats/compromised-ips|ziyadnz/hourly-ipv4,emerging-threats|compromised|blocklist.de|persistent|ssh|bot|irc-bot|brute-force|ziyadnz|hourly,2026-08-17T18:48:05Z,2026-08-17T18:48:05Z,
35.205.205.180,ipv4,compromised,medium,WHITE,EmergingThreats/compromised-ips|ziyadnz/hourly-ipv4,emerging-threats|compromised|blocklist.de|persistent|ssh|bot|irc-bot|brute-force|ziyadnz|hourly,2026-08-17T18:48:05Z,2026-08-17T18:48:05Z,
35.205.60.167,ipv4,compromised,medium,WHITE,EmergingThreats/compromised-ips|ziyadnz/hourly-ipv4,emerging-threats|compromised|blocklist.de|persistent|ssh|bot|irc-bot|brute-force|ziyadnz|hourly,2026-08-17T18:48:05Z,2026-08-17T18:48:05Z,
35.233.116.103,ipv4,compromised,medium,WHITE,EmergingThreats/compromised-ips|ziyadnz/hourly-ipv4,emerging-threats|compromised|blocklist.de|persistent|ssh|bot|irc-bot|brute-force|ziyadnz|hourly,2026-08-17T18:48:05Z,2026-08-17T18:48:05Z,
35.233.124.138,ipv4,compromised,medium,WHITE,EmergingThreats/compromised-ips|ziyadnz/hourly-ipv4,emerging-threats|compromised|blocklist.de|persistent|ssh|bot|irc-bot|brute-force|ziyadnz|hourly,2026-08-17T18:48:05Z,2026-08-17T18:48:05Z,
35.233.23.230,ipv4,compromised,medium,WHITE,EmergingThreats/compromised-ips|ziyadnz/hourly-ipv4,emerging-threats|compromised|blocklist.de|persistent|ssh|bot|irc-bot|brute-force|ziyadnz|hourly,2026-08-17T18:48:05Z,2026-08-17T18:48:05Z,
35.233.39.108,ipv4,compromised,medium,WHITE,EmergingThreats/compromised-ips|ziyadnz/hourly-ipv4,emerging-threats|compromised|blocklist.de|persistent|ssh|bot|irc-bot|brute-force|ziyadnz|hourly,2026-08-17T18:48:05Z,2026-08-17T18:48:05Z,
35.233.78.158,ipv4,compromised,medium,WHITE,EmergingThreats/compromised-ips|ziyadnz/hourly-ipv4,emerging-threats|compromised|blocklist.de|persistent|ssh|bot|irc-bot|brute-force|ziyadnz|hourly,2026-08-17T18:48:05Z,2026-08-17T18:48:05Z,
35.233.88.2,ipv4,compromised,medium,WHITE,EmergingThreats/compromised-ips|ziyadnz/hourly-ipv4,emerging-threats|compromised|blocklist.de|persistent|ssh|bot|irc-bot|brute-force|ziyadnz|hourly,2026-08-17T18:48:05Z,2026-08-17T18:48:05Z,
35.240.123.41,ipv4,compromised,medium,WHITE,EmergingThreats/compromised-ips|ziyadnz/hourly-ipv4,emerging-threats|compromised|blocklist.de|persistent|ssh|bot|irc-bot|brute-force|ziyadnz|hourly,2026-08-17T18:48:05Z,2026-08-17T18:48:05Z,
35.240.46.200,ipv4,compromised,medium,WHITE,EmergingThreats/compromised-ips|ziyadnz/hourly-ipv4,emerging-threats|compromised|blocklist.de|persistent|ssh|bot|irc-bot|brute-force|ziyadnz|hourly,2026-08-17T18:48:05Z,2026-08-17T18:48:05Z,
35.240.53.101,ipv4,compromised,medium,WHITE,EmergingThreats/compromised-ips|ziyadnz/hourly-ipv4,emerging-threats|compromised|blocklist.de|persistent|ssh|bot|irc-bot|brute-force|ziyadnz|hourly,2026-08-17T18:48:05Z,2026-08-17T18:48:05Z,
35.240.95.199,ipv4,compromised,medium,WHITE,EmergingThreats/compromised-ips|ziyadnz/hourly-ipv4,emerging-threats|compromised|blocklist.de|persistent|ssh|bot|irc-bot|brute-force|ziyadnz|hourly,2026-08-17T18:48:05Z,2026-08-17T18:48:05Z,
35.241.160.168,ipv4,compromised,medium,WHITE,EmergingThreats/compromised-ips|ziyadnz/hourly-ipv4,emerging-threats|compromised|blocklist.de|persistent|ssh|bot|irc-bot|brute-force|ziyadnz|hourly,2026-08-17T18:48:05Z,2026-08-17T18:48:05Z,
35.241.165.134,ipv4,compromised,medium,WHITE,EmergingThreats/compromised-ips|ziyadnz/hourly-ipv4,emerging-threats|compromised|blocklist.de|persistent|ssh|bot|irc-bot|brute-force|ziyadnz|hourly,2026-08-17T18:48:05Z,2026-08-17T18:48:05Z,
35.241.181.19,ipv4,compromised,medium,WHITE,EmergingThreats/compromised-ips|ziyadnz/hourly-ipv4,emerging-threats|compromised|blocklist.de|persistent|ssh|bot|irc-bot|brute-force|ziyadnz|hourly,2026-08-17T18:48:05Z,2026-08-17T18:48:05Z,
35.241.223.100,ipv4,compromised,medium,WHITE,EmergingThreats/compromised-ips|ziyadnz/hourly-ipv4,emerging-threats|compromised|blocklist.de|persistent|ssh|bot|irc-bot|brute-force|ziyadnz|hourly,2026-08-17T18:48:05Z,2026-08-17T18:48:05Z,
36.111.41.229,ipv4,compromised,medium,WHITE,EmergingThreats/compromised-ips|ziyadnz/hourly-ipv4,emerging-threats|compromised|blocklist.de|persistent|ssh|bot|irc-bot|brute-force|ziyadnz|hourly,2026-08-17T18:48:05Z,2026-08-17T18:48:05Z,
36.139.229.71,ipv4,compromised,high,WHITE,EmergingThreats/compromised-ips|blocklist.de/ssh|blocklist.de/all|ziyadnz/hourly-ipv4,emerging-threats|compromised|blocklist.de|persistent|ssh|bot|irc-bot|brute-force|ziyadnz|hourly,2026-08-17T18:48:05Z,2026-08-17T18:48:05Z,
37.110.142.162,ipv4,compromised,high,WHITE,EmergingThreats/compromised-ips|blocklist.de/ssh|blocklist.de/all|ziyadnz/hourly-ipv4,emerging-threats|compromised|blocklist.de|persistent|ssh|bot|irc-bot|brute-force|ziyadnz|hourly,2026-08-17T18:48:05Z,2026-08-17T18:48:05Z,
38.3.232.2,ipv4,compromised,medium,WHITE,EmergingThreats/compromised-ips|ziyadnz/hourly-ipv4,emerging-threats|compromised|blocklist.de|persistent|ssh|bot|irc-bot|brute-force|ziyadnz|hourly,2026-08-17T18:48:05Z,2026-08-17T18:48:05Z,
39.164.126.118,ipv4,compromised,high,WHITE,EmergingThreats/compromised-ips|blocklist.de/ssh|blocklist.de/all|ziyadnz/hourly-ipv4,emerging-threats|compromised|blocklist.de|persistent|ssh|bot|irc-bot|brute-force|ziyadnz|hourly,2026-08-17T18:48:05Z,2026-08-17T18:48:05Z,
41.111.172.25,ipv4,compromised,high,WHITE,EmergingThreats/compromised-ips|blocklist.de/ssh|blocklist.de/all|ziyadnz/hourly-ipv4,emerging-threats|compromised|blocklist.de|persistent|ssh|bot|irc-bot|brute-force|ziyadnz|hourly,2026-08-17T18:48:05Z,2026-08-17T18:48:05Z,
41.38.60.6,ipv4,compromised,medium,WHITE,EmergingThreats/compromised-ips|ziyadnz/hourly-ipv4,emerging-threats|compromised|blocklist.de|persistent|ssh|bot|irc-bot|brute-force|ziyadnz|hourly,2026-08-17T18:48:05Z,2026-08-17T18:48:05Z,
42.51.44.169,ipv4,compromised,medium,WHITE,EmergingThreats/compromised-ips|ziyadnz/hourly-ipv4,emerging-threats|compromised|blocklist.de|persistent|ssh|bot|irc-bot|brute-force|ziyadnz|hourly,2026-08-17T18:48:05Z,2026-08-17T18:48:05Z,
43.153.206.227,ipv4,compromised,medium,WHITE,EmergingThreats/compromised-ips|ziyadnz/hourly-ipv4,emerging-threats|compromised|blocklist.de|persistent|ssh|bot|irc-bot|brute-force|ziyadnz|hourly,2026-08-17T18:48:05Z,2026-08-17T18:48:05Z,
43.156.115.92,ipv4,compromised,medium,WHITE,EmergingThreats/compromised-ips|ziyadnz/hourly-ipv4,emerging-threats|compromised|blocklist.de|persistent|ssh|bot|irc-bot|brute-force|ziyadnz|hourly,2026-08-17T18:48:05Z,2026-08-17T18:48:05Z,
44.244.8.242,ipv4,compromised,medium,WHITE,EmergingThreats/compromised-ips|ziyadnz/hourly-ipv4,emerging-threats|compromised|blocklist.de|persistent|ssh|bot|irc-bot|brute-force|ziyadnz|hourly,2026-08-17T18:48:05Z,2026-08-17T18:48:05Z,
44.246.253.90,ipv4,compromised,medium,WHITE,EmergingThreats/compromised-ips|ziyadnz/hourly-ipv4,emerging-threats|compromised|blocklist.de|persistent|ssh|bot|irc-bot|brute-force|ziyadnz|hourly,2026-08-17T18:48:05Z,2026-08-17T18:48:05Z,
44.250.183.75,ipv4,compromised,medium,WHITE,EmergingThreats/compromised-ips|ziyadnz/hourly-ipv4,emerging-threats|compromised|blocklist.de|persistent|ssh|bot|irc-bot|brute-force|ziyadnz|hourly,2026-08-17T18:48:05Z,2026-08-17T18:48:05Z,
45.142.193.164,ipv4,compromised,high,WHITE,EmergingThreats/compromised-ips|blocklist.de/ssh|blocklist.de/all|ziyadnz/hourly-ipv4,emerging-threats|compromised|blocklist.de|persistent|ssh|bot|irc-bot|brute-force|ziyadnz|hourly,2026-08-17T18:48:05Z,2026-08-17T18:48:05Z,
45.15.226.187,ipv4,compromised,medium,WHITE,EmergingThreats/compromised-ips|ziyadnz/hourly-ipv4,emerging-threats|compromised|blocklist.de|persistent|ssh|bot|irc-bot|brute-force|ziyadnz|hourly,2026-08-17T18:48:05Z,2026-08-17T18:48:05Z,
45.154.244.149,ipv4,compromised,medium,WHITE,EmergingThreats/compromised-ips|ziyadnz/hourly-ipv4,emerging-threats|compromised|blocklist.de|persistent|ssh|bot|irc-bot|brute-force|ziyadnz|hourly,2026-08-17T18:48:05Z,2026-08-17T18:48:05Z,
45.154.244.193,ipv4,compromised,high,WHITE,EmergingThreats/compromised-ips|blocklist.de/ssh|blocklist.de/all|ziyadnz/hourly-ipv4,emerging-threats|compromised|blocklist.de|persistent|ssh|bot|irc-bot|brute-force|ziyadnz|hourly,2026-08-17T18:48:05Z,2026-08-17T18:48:05Z,
45.156.87.182,ipv4,compromised,medium,WHITE,EmergingThreats/compromised-ips|ziyadnz/hourly-ipv4,emerging-threats|compromised|blocklist.de|persistent|ssh|bot|irc-bot|brute-force|ziyadnz|hourly,2026-08-17T18:48:05Z,2026-08-17T18:48:05Z,
45.156.87.192,ipv4,compromised,medium,WHITE,EmergingThreats/compromised-ips|ziyadnz/hourly-ipv4,emerging-threats|compromised|blocklist.de|persistent|ssh|bot|irc-bot|brute-force|ziyadnz|hourly,2026-08-17T18:48:05Z,2026-08-17T18:48:05Z,
45.198.224.26,ipv4,compromised,high,WHITE,EmergingThreats/compromised-ips|blocklist.de/ssh|blocklist.de/all|ziyadnz/hourly-ipv4,emerging-threats|compromised|blocklist.de|persistent|ssh|bot|irc-bot|brute-force|ziyadnz|hourly,2026-08-17T18:48:05Z,2026-08-17T18:48:05Z,
45.227.254.170,ipv4,compromised,high,WHITE,EmergingThreats/compromised-ips|blocklist.de/strongips|ziyadnz/hourly-ipv4,emerging-threats|compromised|blocklist.de|persistent|ssh|bot|irc-bot|brute-force|ziyadnz|hourly,2026-08-17T18:48:05Z,2026-08-17T18:48:05Z,
45.38.249.157,ipv4,compromised,medium,WHITE,EmergingThreats/compromised-ips|ziyadnz/hourly-ipv4,emerging-threats|compromised|blocklist.de|persistent|ssh|bot|irc-bot|brute-force|ziyadnz|hourly,2026-08-17T18:48:05Z,2026-08-17T18:48:05Z,
45.70.131.21,ipv4,compromised,high,WHITE,EmergingThreats/compromised-ips|blocklist.de/ssh|blocklist.de/all|ziyadnz/hourly-ipv4,emerging-threats|compromised|blocklist.de|persistent|ssh|bot|irc-bot|brute-force|ziyadnz|hourly,2026-08-17T18:48:05Z,2026-08-17T18:48:05Z,
46.101.107.202,ipv4,compromised,medium,WHITE,EmergingThreats/compromised-ips|ziyadnz/hourly-ipv4,emerging-threats|compromised|blocklist.de|persistent|ssh|bot|irc-bot|brute-force|ziyadnz|hourly,2026-08-17T18:48:05Z,2026-08-17T18:48:05Z,
46.29.26.195,ipv4,compromised,medium,WHITE,EmergingThreats/compromised-ips|ziyadnz/hourly-ipv4,emerging-threats|compromised|blocklist.de|persistent|ssh|bot|irc-bot|brute-force|ziyadnz|hourly,2026-08-17T18:48:05Z,2026-08-17T18:48:05Z,
46.8.245.94,ipv4,compromised,medium,WHITE,EmergingThreats/compromised-ips|ziyadnz/hourly-ipv4,emerging-threats|compromised|blocklist.de|persistent|ssh|bot|irc-bot|brute-force|ziyadnz|hourly,2026-08-17T18:48:05Z,2026-08-17T18:48:05Z,
50.114.172.201,ipv4,compromised,medium,WHITE,EmergingThreats/compromised-ips|ziyadnz/hourly-ipv4,emerging-threats|compromised|blocklist.de|persistent|ssh|bot|irc-bot|brute-force|ziyadnz|hourly,2026-08-17T18:48:05Z,2026-08-17T18:48:05Z,
5.144.179.246,ipv4,compromised,medium,WHITE,EmergingThreats/compromised-ips|ziyadnz/hourly-ipv4,emerging-threats|compromised|blocklist.de|persistent|ssh|bot|irc-bot|brute-force|ziyadnz|hourly,2026-08-17T18:48:05Z,2026-08-17T18:48:05Z,
51.77.221.142,ipv4,compromised,high,WHITE,EmergingThreats/compromised-ips|blocklist.de/ssh|blocklist.de/all|ziyadnz/hourly-ipv4,emerging-threats|compromised|blocklist.de|persistent|ssh|bot|irc-bot|brute-force|ziyadnz|hourly,2026-08-17T18:48:05Z,2026-08-17T18:48:05Z,
52.53.230.4,ipv4,compromised,medium,WHITE,EmergingThreats/compromised-ips|ziyadnz/hourly-ipv4,emerging-threats|compromised|blocklist.de|persistent|ssh|bot|irc-bot|brute-force|ziyadnz|hourly,2026-08-17T18:48:05Z,2026-08-17T18:48:05Z,
54.151.0.202,ipv4,compromised,medium,WHITE,EmergingThreats/compromised-ips|ziyadnz/hourly-ipv4,emerging-threats|compromised|blocklist.de|persistent|ssh|bot|irc-bot|brute-force|ziyadnz|hourly,2026-08-17T18:48:05Z,2026-08-17T18:48:05Z,
54.177.2.21,ipv4,compromised,medium,WHITE,EmergingThreats/compromised-ips|ziyadnz/hourly-ipv4,emerging-threats|compromised|blocklist.de|persistent|ssh|bot|irc-bot|brute-force|ziyadnz|hourly,2026-08-17T18:48:05Z,2026-08-17T18:48:05Z,
54.67.120.189,ipv4,compromised,medium,WHITE,EmergingThreats/compromised-ips|ziyadnz/hourly-ipv4,emerging-threats|compromised|blocklist.de|persistent|ssh|bot|irc-bot|brute-force|ziyadnz|hourly,2026-08-17T18:48:05Z,2026-08-17T18:48:05Z,
54.67.23.164,ipv4,compromised,medium,WHITE,EmergingThreats/compromised-ips|ziyadnz/hourly-ipv4,emerging-threats|compromised|blocklist.de|persistent|ssh|bot|irc-bot|brute-force|ziyadnz|hourly,2026-08-17T18:48:05Z,2026-08-17T18:48:05Z,
57.129.134.159,ipv4,compromised,medium,WHITE,EmergingThreats/compromised-ips|ziyadnz/hourly-ipv4,emerging-threats|compromised|blocklist.de|persistent|ssh|bot|irc-bot|brute-force|ziyadnz|hourly,2026-08-17T18:48:05Z,2026-08-17T18:48:05Z,
57.131.27.43,ipv4,compromised,high,WHITE,EmergingThreats/compromised-ips|blocklist.de/ssh|blocklist.de/all|ziyadnz/hourly-ipv4,emerging-threats|compromised|blocklist.de|persistent|ssh|bot|irc-bot|brute-force|ziyadnz|hourly,2026-08-17T18:48:05Z,2026-08-17T18:48:05Z,
58.209.82.167,ipv4,compromised,high,WHITE,EmergingThreats/compromised-ips|blocklist.de/ssh|blocklist.de/all|ziyadnz/hourly-ipv4,emerging-threats|compromised|blocklist.de|persistent|ssh|bot|irc-bot|brute-force|ziyadnz|hourly,2026-08-17T18:48:05Z,2026-08-17T18:48:05Z,
59.15.64.97,ipv4,compromised,medium,WHITE,EmergingThreats/compromised-ips|ziyadnz/hourly-ipv4,emerging-threats|compromised|blocklist.de|persistent|ssh|bot|irc-bot|brute-force|ziyadnz|hourly,2026-08-17T18:48:05Z,2026-08-17T18:48:05Z,
59.185.230.105,ipv4,compromised,high,WHITE,EmergingThreats/compromised-ips|blocklist.de/ssh|blocklist.de/all|ziyadnz/hourly-ipv4,emerging-threats|compromised|blocklist.de|persistent|ssh|bot|irc-bot|brute-force|ziyadnz|hourly,2026-08-17T18:48:05Z,2026-08-17T18:48:05Z,
59.24.28.114,ipv4,compromised,high,WHITE,EmergingThreats/compromised-ips|blocklist.de/ssh|blocklist.de/all|ziyadnz/hourly-ipv4,emerging-threats|compromised|blocklist.de|persistent|ssh|bot|irc-bot|brute-force|ziyadnz|hourly,2026-08-17T18:48:05Z,2026-08-17T18:48:05Z,
60.173.164.3,ipv4,compromised,high,WHITE,EmergingThreats/compromised-ips|blocklist.de/ssh|blocklist.de/all|ziyadnz/hourly-ipv4,emerging-threats|compromised|blocklist.de|persistent|ssh|bot|irc-bot|brute-force|ziyadnz|hourly,2026-08-17T18:48:05Z,2026-08-17T18:48:05Z,
62.60.130.219,ipv4,compromised,high,WHITE,EmergingThreats/compromised-ips|blocklist.de/ssh|blocklist.de/all|ziyadnz/hourly-ipv4,emerging-threats|compromised|blocklist.de|persistent|ssh|bot|irc-bot|brute-force|ziyadnz|hourly,2026-08-17T18:48:05Z,2026-08-17T18:48:05Z,
64.225.46.155,ipv4,compromised,medium,WHITE,EmergingThreats/compromised-ips|ziyadnz/hourly-ipv4,emerging-threats|compromised|blocklist.de|persistent|ssh|bot|irc-bot|brute-force|ziyadnz|hourly,2026-08-17T18:48:05Z,2026-08-17T18:48:05Z,
64.227.136.19,ipv4,compromised,medium,WHITE,EmergingThreats/compromised-ips|ziyadnz/hourly-ipv4,emerging-threats|compromised|blocklist.de|persistent|ssh|bot|irc-bot|brute-force|ziyadnz|hourly,2026-08-17T18:48:05Z,2026-08-17T18:48:05Z,
64.23.131.99,ipv4,compromised,medium,WHITE,EmergingThreats/compromised-ips|ziyadnz/hourly-ipv4,emerging-threats|compromised|blocklist.de|persistent|ssh|bot|irc-bot|brute-force|ziyadnz|hourly,2026-08-17T18:48:05Z,2026-08-17T18:48:05Z,
64.89.161.91,ipv4,compromised,high,WHITE,EmergingThreats/compromised-ips|blocklist.de/all|ziyadnz/hourly-ipv4,emerging-threats|compromised|blocklist.de|persistent|ssh|bot|irc-bot|brute-force|ziyadnz|hourly,2026-08-17T18:48:05Z,2026-08-17T18:48:05Z,
66.23.162.13,ipv4,compromised,medium,WHITE,EmergingThreats/compromised-ips|ziyadnz/hourly-ipv4,emerging-threats|compromised|blocklist.de|persistent|ssh|bot|irc-bot|brute-force|ziyadnz|hourly,2026-08-17T18:48:05Z,2026-08-17T18:48:05Z,
67.205.130.37,ipv4,compromised,medium,WHITE,EmergingThreats/compromised-ips|ziyadnz/hourly-ipv4,emerging-threats|compromised|blocklist.de|persistent|ssh|bot|irc-bot|brute-force|ziyadnz|hourly,2026-08-17T18:48:05Z,2026-08-17T18:48:05Z,
68.183.122.41,ipv4,compromised,medium,WHITE,EmergingThreats/compromised-ips|ziyadnz/hourly-ipv4,emerging-threats|compromised|blocklist.de|persistent|ssh|bot|irc-bot|brute-force|ziyadnz|hourly,2026-08-17T18:48:05Z,2026-08-17T18:48:05Z,
77.239.124.102,ipv4,compromised,high,WHITE,EmergingThreats/compromised-ips|blocklist.de/ssh|blocklist.de/all|ziyadnz/hourly-ipv4,emerging-threats|compromised|blocklist.de|persistent|ssh|bot|irc-bot|brute-force|ziyadnz|hourly,2026-08-17T18:48:05Z,2026-08-17T18:48:05Z,
77.83.72.79,ipv4,compromised,medium,WHITE,EmergingThreats/compromised-ips|ziyadnz/hourly-ipv4,emerging-threats|compromised|blocklist.de|persistent|ssh|bot|irc-bot|brute-force|ziyadnz|hourly,2026-08-17T18:48:05Z,2026-08-17T18:48:05Z,
77.90.185.20,ipv4,compromised,high,WHITE,EmergingThreats/compromised-ips|blocklist.de/ssh|blocklist.de/all|ziyadnz/hourly-ipv4,emerging-threats|compromised|blocklist.de|persistent|ssh|bot|irc-bot|brute-force|ziyadnz|hourly,2026-08-17T18:48:05Z,2026-08-17T18:48:05Z,
83.97.78.224,ipv4,compromised,medium,WHITE,EmergingThreats/compromised-ips|ziyadnz/hourly-ipv4,emerging-threats|compromised|blocklist.de|persistent|ssh|bot|irc-bot|brute-force|ziyadnz|hourly,2026-08-17T18:48:05Z,2026-08-17T18:48:05Z,
85.11.167.228,ipv4,compromised,medium,WHITE,EmergingThreats/compromised-ips|ziyadnz/hourly-ipv4,emerging-threats|compromised|blocklist.de|persistent|ssh|bot|irc-bot|brute-force|ziyadnz|hourly,2026-08-17T18:48:05Z,2026-08-17T18:48:05Z,
88.151.33.203,ipv4,compromised,high,WHITE,EmergingThreats/compromised-ips|blocklist.de/bots|blocklist.de/all|ziyadnz/hourly-ipv4,emerging-threats|compromised|blocklist.de|persistent|ssh|bot|irc-bot|brute-force|ziyadnz|hourly,2026-08-17T18:48:05Z,2026-08-17T18:48:05Z,
89.163.210.169,ipv4,compromised,medium,WHITE,EmergingThreats/compromised-ips|ziyadnz/hourly-ipv4,emerging-threats|compromised|blocklist.de|persistent|ssh|bot|irc-bot|brute-force|ziyadnz|hourly,2026-08-17T18:48:05Z,2026-08-17T18:48:05Z,
89.238.165.139,ipv4,compromised,high,WHITE,EmergingThreats/compromised-ips|blocklist.de/ssh|blocklist.de/all|ziyadnz/hourly-ipv4,emerging-threats|compromised|blocklist.de|persistent|ssh|bot|irc-bot|brute-force|ziyadnz|hourly,2026-08-17T18:48:05Z,2026-08-17T18:48:05Z,
91.92.40.5,ipv4,compromised,medium,WHITE,EmergingThreats/compromised-ips|ziyadnz/hourly-ipv4,emerging-threats|compromised|blocklist.de|persistent|ssh|bot|irc-bot|brute-force|ziyadnz|hourly,2026-08-17T18:48:05Z,2026-08-17T18:48:05Z,
92.118.39.78,ipv4,compromised,medium,WHITE,EmergingThreats/compromised-ips|ziyadnz/hourly-ipv4,emerging-threats|compromised|blocklist.de|persistent|ssh|bot|irc-bot|brute-force|ziyadnz|hourly,2026-08-17T18:48:05Z,2026-08-17T18:48:05Z,
92.218.122.20,ipv4,compromised,medium,WHITE,EmergingThreats/compromised-ips|ziyadnz/hourly-ipv4,emerging-threats|compromised|blocklist.de|persistent|ssh|bot|irc-bot|brute-force|ziyadnz|hourly,2026-08-17T18:48:05Z,2026-08-17T18:48:05Z,
92.253.212.206,ipv4,compromised,medium,WHITE,EmergingThreats/compromised-ips|ziyadnz/hourly-ipv4,emerging-threats|compromised|blocklist.de|persistent|ssh|bot|irc-bot|brute-force|ziyadnz|hourly,2026-08-17T18:48:05Z,2026-08-17T18:48:05Z,
92.5.66.49,ipv4,compromised,medium,WHITE,EmergingThreats/compromised-ips|ziyadnz/hourly-ipv4,emerging-threats|compromised|blocklist.de|persistent|ssh|bot|irc-bot|brute-force|ziyadnz|hourly,2026-08-17T18:48:05Z,2026-08-17T18:48:05Z,
93.152.221.206,ipv4,compromised,medium,WHITE,EmergingThreats/compromised-ips|ziyadnz/hourly-ipv4,emerging-threats|compromised|blocklist.de|persistent|ssh|bot|irc-bot|brute-force|ziyadnz|hourly,2026-08-17T18:48:05Z,2026-08-17T18:48:05Z,
94.154.43.118,ipv4,compromised,medium,WHITE,EmergingThreats/compromised-ips|ziyadnz/hourly-ipv4,emerging-threats|compromised|blocklist.de|persistent|ssh|bot|irc-bot|brute-force|ziyadnz|hourly,2026-08-17T18:48:05Z,2026-08-17T18:48:05Z,
94.154.43.146,ipv4,compromised,medium,WHITE,EmergingThreats/compromised-ips|ziyadnz/hourly-ipv4,emerging-threats|compromised|blocklist.de|persistent|ssh|bot|irc-bot|brute-force|ziyadnz|hourly,2026-08-17T18:48:05Z,2026-08-17T18:48:05Z,
94.154.43.30,ipv4,compromised,medium,WHITE,EmergingThreats/compromised-ips|ziyadnz/hourly-ipv4,emerging-threats|compromised|blocklist.de|persistent|ssh|bot|irc-bot|brute-force|ziyadnz|hourly,2026-08-17T18:48:05Z,2026-08-17T18:48:05Z,
94.154.43.50,ipv4,compromised,medium,WHITE,EmergingThreats/compromised-ips|ziyadnz/hourly-ipv4,emerging-threats|compromised|blocklist.de|persistent|ssh|bot|irc-bot|brute-force|ziyadnz|hourly,2026-08-17T18:48:05Z,2026-08-17T18:48:05Z,
94.154.43.77,ipv4,compromised,medium,WHITE,EmergingThreats/compromised-ips|ziyadnz/hourly-ipv4,emerging-threats|compromised|blocklist.de|persistent|ssh|bot|irc-bot|brute-force|ziyadnz|hourly,2026-08-17T18:48:05Z,2026-08-17T18:48:05Z,
94.183.177.21,ipv4,compromised,medium,WHITE,EmergingThreats/compromised-ips|ziyadnz/hourly-ipv4,emerging-threats|compromised|blocklist.de|persistent|ssh|bot|irc-bot|brute-force|ziyadnz|hourly,2026-08-17T18:48:05Z,2026-08-17T18:48:05Z,
94.183.187.22,ipv4,compromised,medium,WHITE,EmergingThreats/compromised-ips|ziyadnz/hourly-ipv4,emerging-threats|compromised|blocklist.de|persistent|ssh|bot|irc-bot|brute-force|ziyadnz|hourly,2026-08-17T18:48:05Z,2026-08-17T18:48:05Z,
94.26.106.27,ipv4,compromised,high,WHITE,EmergingThreats/compromised-ips|blocklist.de/all|ziyadnz/hourly-ipv4,emerging-threats|compromised|blocklist.de|persistent|ssh|bot|irc-bot|brute-force|ziyadnz|hourly,2026-08-17T18:48:05Z,2026-08-17T18:48:05Z,
94.26.106.31,ipv4,compromised,medium,WHITE,EmergingThreats/compromised-ips|ziyadnz/hourly-ipv4,emerging-threats|compromised|blocklist.de|persistent|ssh|bot|irc-bot|brute-force|ziyadnz|hourly,2026-08-17T18:48:05Z,2026-08-17T18:48:05Z,
94.70.195.157,ipv4,compromised,medium,WHITE,EmergingThreats/compromised-ips|ziyadnz/hourly-ipv4,emerging-threats|compromised|blocklist.de|persistent|ssh|bot|irc-bot|brute-force|ziyadnz|hourly,2026-08-17T18:48:05Z,2026-08-17T18:48:05Z,
95.181.179.109,ipv4,compromised,medium,WHITE,EmergingThreats/compromised-ips|ziyadnz/hourly-ipv4,emerging-threats|compromised|blocklist.de|persistent|ssh|bot|irc-bot|brute-force|ziyadnz|hourly,2026-08-17T18:48:05Z,2026-08-17T18:48:05Z,
95.182.92.198,ipv4,compromised,medium,WHITE,EmergingThreats/compromised-ips|ziyadnz/hourly-ipv4,emerging-threats|compromised|blocklist.de|persistent|ssh|bot|irc-bot|brute-force|ziyadnz|hourly,2026-08-17T18:48:05Z,2026-08-17T18:48:05Z,
97.74.6.204,ipv4,compromised,medium,WHITE,EmergingThreats/compromised-ips|ziyadnz/hourly-ipv4,emerging-threats|compromised|blocklist.de|persistent|ssh|bot|irc-bot|brute-force|ziyadnz|hourly,2026-08-17T18:48:05Z,2026-08-17T18:48:05Z,
97.74.93.167,ipv4,compromised,medium,WHITE,EmergingThreats/compromised-ips|ziyadnz/hourly-ipv4,emerging-threats|compromised|blocklist.de|persistent|ssh|bot|irc-bot|brute-force|ziyadnz|hourly,2026-08-17T18:48:05Z,2026-08-17T18:48:05Z,
https://threatfox.abuse.ch/downloads/hostfile/;Active,url,threat,medium,WHITE,bert-janp/threat-intel-feeds,bert-janp|aggregated,2026-08-17T18:48:05Z,2026-08-17T18:48:05Z,
abuse.ch,domain,threat,medium,WHITE,bert-janp/threat-intel-feeds,bert-janp|aggregated,2026-08-17T18:48:05Z,2026-08-17T18:48:05Z,
threatfox.abuse.ch,domain,threat,medium,WHITE,bert-janp/threat-intel-feeds,bert-janp|aggregated,2026-08-17T18:48:05Z,2026-08-17T18:48:05Z,
https://sslbl.abuse.ch/blacklist/sslipblacklist.csv;Active,url,threat,medium,WHITE,bert-janp/threat-intel-feeds,bert-janp|aggregated,2026-08-17T18:48:05Z,2026-08-17T18:48:05Z,
sslbl.abuse.ch,domain,threat,medium,WHITE,bert-janp/threat-intel-feeds,bert-janp|aggregated,2026-08-17T18:48:05Z,2026-08-17T18:48:05Z,
sslipblacklist.csv,domain,threat,medium,WHITE,bert-janp/threat-intel-feeds,bert-janp|aggregated,2026-08-17T18:48:05Z,2026-08-17T18:48:05Z,
https://sslbl.abuse.ch/blacklist/sslipblacklist.txt;Active,url,threat,medium,WHITE,bert-janp/threat-intel-feeds,bert-janp|aggregated,2026-08-17T18:48:05Z,2026-08-17T18:48:05Z,
sslipblacklist.txt,domain,threat,medium,WHITE,bert-janp/threat-intel-feeds,bert-janp|aggregated,2026-08-17T18:48:05Z,2026-08-17T18:48:05Z,
https://sslbl.abuse.ch/blacklist/sslipblacklist_aggressive.csv;Active,url,threat,medium,WHITE,bert-janp/threat-intel-feeds,bert-janp|aggregated,2026-08-17T18:48:05Z,2026-08-17T18:48:05Z,
https://sslbl.abuse.ch/blacklist/sslipblacklist_aggressive.txt;Active,url,threat,medium,WHITE,bert-janp/threat-intel-feeds,bert-janp|aggregated,2026-08-17T18:48:05Z,2026-08-17T18:48:05Z,
https://lists.blocklist.de/lists/all.txt;Active,url,threat,medium,WHITE,bert-janp/threat-intel-feeds,bert-janp|aggregated,2026-08-17T18:48:05Z,2026-08-17T18:48:05Z,
blocklist.de,domain,threat,medium,WHITE,bert-janp/threat-intel-feeds,bert-janp|aggregated,2026-08-17T18:48:05Z,2026-08-17T18:48:05Z,
lists.blocklist.de,domain,threat,medium,WHITE,bert-janp/threat-intel-feeds,bert-janp|aggregated,2026-08-17T18:48:05Z,2026-08-17T18:48:05Z,
all.txt,domain,threat,medium,WHITE,bert-janp/threat-intel-feeds,bert-janp|aggregated,2026-08-17T18:48:05Z,2026-08-17T18:48:05Z,
https://lists.blocklist.de/lists/ssh.txt;Active,url,threat,medium,WHITE,bert-janp/threat-intel-feeds,bert-janp|aggregated,2026-08-17T18:48:05Z,2026-08-17T18:48:05Z,
ssh.txt,domain,threat,medium,WHITE,bert-janp/threat-intel-feeds,bert-janp|aggregated,2026-08-17T18:48:05Z,2026-08-17T18:48:05Z,
1.212.225.99,ipv4,persistent-attacker,high,WHITE,blocklist.de/strongips|blocklist.de/all|blocklist.de/mail|ziyadnz/hourly-ipv4,blocklist.de|persistent|ssh|imap|pop3|brute-force|spam|mail|ziyadnz|hourly,2026-08-17T18:48:05Z,2026-08-17T18:48:05Z,
1.214.42.172,ipv4,persistent-attacker,medium,WHITE,blocklist.de/strongips|ziyadnz/hourly-ipv4,blocklist.de|persistent|ssh|imap|pop3|brute-force|spam|mail|ziyadnz|hourly,2026-08-17T18:48:05Z,2026-08-17T18:48:05Z,
1.238.106.229,ipv4,persistent-attacker,medium,WHITE,blocklist.de/strongips|ziyadnz/hourly-ipv4,blocklist.de|persistent|ssh|imap|pop3|brute-force|spam|mail|ziyadnz|hourly,2026-08-17T18:48:05Z,2026-08-17T18:48:05Z,
102.88.137.213,ipv4,persistent-attacker,high,WHITE,blocklist.de/strongips|blocklist.de/ssh|blocklist.de/all|ziyadnz/hourly-ipv4,blocklist.de|persistent|ssh|imap|pop3|brute-force|spam|mail|ziyadnz|hourly,2026-08-17T18:48:05Z,2026-08-17T18:48:05Z,
102.88.137.80,ipv4,persistent-attacker,high,WHITE,blocklist.de/strongips|blocklist.de/ssh|blocklist.de/all|ziyadnz/hourly-ipv4,blocklist.de|persistent|ssh|imap|pop3|brute-force|spam|mail|ziyadnz|hourly,2026-08-17T18:48:05Z,2026-08-17T18:48:05Z,
103.106.104.187,ipv4,persistent-attacker,medium,WHITE,blocklist.de/strongips|ziyadnz/hourly-ipv4,blocklist.de|persistent|ssh|imap|pop3|brute-force|spam|mail|ziyadnz|hourly,2026-08-17T18:48:05Z,2026-08-17T18:48:05Z,
103.106.194.74,ipv4,persistent-attacker,medium,WHITE,blocklist.de/strongips|ziyadnz/hourly-ipv4,blocklist.de|persistent|ssh|imap|pop3|brute-force|spam|mail|ziyadnz|hourly,2026-08-17T18:48:05Z,2026-08-17T18:48:05Z,
103.153.190.105,ipv4,persistent-attacker,medium,WHITE,blocklist.de/strongips|ziyadnz/hourly-ipv4,blocklist.de|persistent|ssh|imap|pop3|brute-force|spam|mail|ziyadnz|hourly,2026-08-17T18:48:05Z,2026-08-17T18:48:05Z,
103.174.34.49,ipv4,persistent-attacker,high,WHITE,blocklist.de/strongips|blocklist.de/all|blocklist.de/mail|ziyadnz/hourly-ipv4,blocklist.de|persistent|ssh|imap|pop3|brute-force|spam|mail|ziyadnz|hourly,2026-08-17T18:48:05Z,2026-08-17T18:48:05Z,
103.187.147.214,ipv4,persistent-attacker,high,WHITE,blocklist.de/strongips|blocklist.de/ssh|blocklist.de/all|ziyadnz/hourly-ipv4,blocklist.de|persistent|ssh|imap|pop3|brute-force|spam|mail|ziyadnz|hourly,2026-08-17T18:48:05Z,2026-08-17T18:48:05Z,
103.188.177.46,ipv4,persistent-attacker,high,WHITE,blocklist.de/strongips|blocklist.de/ssh|blocklist.de/all|ziyadnz/hourly-ipv4,blocklist.de|persistent|ssh|imap|pop3|brute-force|spam|mail|ziyadnz|hourly,2026-08-17T18:48:05Z,2026-08-17T18:48:05Z,
103.237.144.204,ipv4,persistent-attacker,high,WHITE,blocklist.de/strongips|blocklist.de/ssh|blocklist.de/all|ziyadnz/hourly-ipv4,blocklist.de|persistent|ssh|imap|pop3|brute-force|spam|mail|ziyadnz|hourly,2026-08-17T18:48:05Z,2026-08-17T18:48:05Z,
103.248.120.6,ipv4,persistent-attacker,medium,WHITE,blocklist.de/strongips|ziyadnz/hourly-ipv4,blocklist.de|persistent|ssh|imap|pop3|brute-force|spam|mail|ziyadnz|hourly,2026-08-17T18:48:05Z,2026-08-17T18:48:05Z,
103.25.47.94,ipv4,persistent-attacker,high,WHITE,blocklist.de/strongips|blocklist.de/ssh|blocklist.de/all|ziyadnz/hourly-ipv4,blocklist.de|persistent|ssh|imap|pop3|brute-force|spam|mail|ziyadnz|hourly,2026-08-17T18:48:05Z,2026-08-17T18:48:05Z,
103.251.143.14,ipv4,persistent-attacker,high,WHITE,blocklist.de/strongips|blocklist.de/all|blocklist.de/mail|ziyadnz/hourly-ipv4,blocklist.de|persistent|ssh|imap|pop3|brute-force|spam|mail|ziyadnz|hourly,2026-08-17T18:48:05Z,2026-08-17T18:48:05Z,
103.26.136.173,ipv4,persistent-attacker,high,WHITE,blocklist.de/strongips|blocklist.de/ssh|blocklist.de/all|ziyadnz/hourly-ipv4,blocklist.de|persistent|ssh|imap|pop3|brute-force|spam|mail|ziyadnz|hourly,2026-08-17T18:48:05Z,2026-08-17T18:48:05Z,
103.29.185.162,ipv4,persistent-attacker,high,WHITE,blocklist.de/strongips|blocklist.de/all|blocklist.de/mail|ziyadnz/hourly-ipv4,blocklist.de|persistent|ssh|imap|pop3|brute-force|spam|mail|ziyadnz|hourly,2026-08-17T18:48:05Z,2026-08-17T18:48:05Z,
103.4.145.50,ipv4,persistent-attacker,high,WHITE,blocklist.de/strongips|blocklist.de/ssh|blocklist.de/all|ziyadnz/hourly-ipv4,blocklist.de|persistent|ssh|imap|pop3|brute-force|spam|mail|ziyadnz|hourly,2026-08-17T18:48:05Z,2026-08-17T18:48:05Z,
103.48.192.48,ipv4,persistent-attacker,high,WHITE,blocklist.de/strongips|blocklist.de/ssh|blocklist.de/all|ziyadnz/hourly-ipv4,blocklist.de|persistent|ssh|imap|pop3|brute-force|spam|mail|ziyadnz|hourly,2026-08-17T18:48:05Z,2026-08-17T18:48:05Z,
103.55.89.5,ipv4,persistent-attacker,medium,WHITE,blocklist.de/strongips|ziyadnz/hourly-ipv4,blocklist.de|persistent|ssh|imap|pop3|brute-force|spam|mail|ziyadnz|hourly,2026-08-17T18:48:05Z,2026-08-17T18:48:05Z,
103.63.108.25,ipv4,persistent-attacker,high,WHITE,blocklist.de/strongips|blocklist.de/ssh|blocklist.de/all|ziyadnz/hourly-ipv4,blocklist.de|persistent|ssh|imap|pop3|brute-force|spam|mail|ziyadnz|hourly,2026-08-17T18:48:05Z,2026-08-17T18:48:05Z,
103.84.236.222,ipv4,persistent-attacker,medium,WHITE,blocklist.de/strongips|ziyadnz/hourly-ipv4,blocklist.de|persistent|ssh|imap|pop3|brute-force|spam|mail|ziyadnz|hourly,2026-08-17T18:48:05Z,2026-08-17T18:48:05Z,
103.84.236.242,ipv4,persistent-attacker,medium,WHITE,blocklist.de/strongips|ziyadnz/hourly-ipv4,blocklist.de|persistent|ssh|imap|pop3|brute-force|spam|mail|ziyadnz|hourly,2026-08-17T18:48:05Z,2026-08-17T18:48:05Z,
103.86.180.10,ipv4,persistent-attacker,high,WHITE,blocklist.de/strongips|blocklist.de/ssh|blocklist.de/all|ziyadnz/hourly-ipv4,blocklist.de|persistent|ssh|imap|pop3|brute-force|spam|mail|ziyadnz|hourly,2026-08-17T18:48:05Z,2026-08-17T18:48:05Z,
103.86.198.162,ipv4,persistent-attacker,medium,WHITE,blocklist.de/strongips|ziyadnz/hourly-ipv4,blocklist.de|persistent|ssh|imap|pop3|brute-force|spam|mail|ziyadnz|hourly,2026-08-17T18:48:05Z,2026-08-17T18:48:05Z,
103.98.176.164,ipv4,persistent-attacker,medium,WHITE,blocklist.de/strongips|ziyadnz/hourly-ipv4,blocklist.de|persistent|ssh|imap|pop3|brute-force|spam|mail|ziyadnz|hourly,2026-08-17T18:48:05Z,2026-08-17T18:48:05Z,
104.208.108.166,ipv4,persistent-attacker,high,WHITE,blocklist.de/strongips|blocklist.de/ssh|blocklist.de/all|ziyadnz/hourly-ipv4,blocklist.de|persistent|ssh|imap|pop3|brute-force|spam|mail|ziyadnz|hourly,2026-08-17T18:48:05Z,2026-08-17T18:48:05Z,
105.28.108.165,ipv4,persistent-attacker,high,WHITE,blocklist.de/strongips|blocklist.de/ssh|blocklist.de/all|ziyadnz/hourly-ipv4,blocklist.de|persistent|ssh|imap|pop3|brute-force|spam|mail|ziyadnz|hourly,2026-08-17T18:48:05Z,2026-08-17T18:48:05Z,
106.246.224.218,ipv4,persistent-attacker,high,WHITE,blocklist.de/strongips|blocklist.de/ssh|blocklist.de/all|ziyadnz/hourly-ipv4,blocklist.de|persistent|ssh|imap|pop3|brute-force|spam|mail|ziyadnz|hourly,2026-08-17T18:48:05Z,2026-08-17T18:48:05Z,
107.0.200.227,ipv4,persistent-attacker,high,WHITE,blocklist.de/strongips|blocklist.de/ssh|blocklist.de/all|ziyadnz/hourly-ipv4,blocklist.de|persistent|ssh|imap|pop3|brute-force|spam|mail|ziyadnz|hourly,2026-08-17T18:48:05Z,2026-08-17T18:48:05Z,
107.167.34.125,ipv4,persistent-attacker,high,WHITE,blocklist.de/strongips|blocklist.de/ssh|blocklist.de/all|ziyadnz/hourly-ipv4,blocklist.de|persistent|ssh|imap|pop3|brute-force|spam|mail|ziyadnz|hourly,2026-08-17T18:48:05Z,2026-08-17T18:48:05Z,
107.175.33.240,ipv4,persistent-attacker,medium,WHITE,blocklist.de/strongips|ziyadnz/hourly-ipv4,blocklist.de|persistent|ssh|imap|pop3|brute-force|spam|mail|ziyadnz|hourly,2026-08-17T18:48:05Z,2026-08-17T18:48:05Z,
107.180.88.176,ipv4,persistent-attacker,high,WHITE,blocklist.de/strongips|blocklist.de/ssh|blocklist.de/all|ziyadnz/hourly-ipv4,blocklist.de|persistent|ssh|imap|pop3|brute-force|spam|mail|ziyadnz|hourly,2026-08-17T18:48:05Z,2026-08-17T18:48:05Z,
111.238.174.6,ipv4,persistent-attacker,high,WHITE,blocklist.de/strongips|blocklist.de/ssh|blocklist.de/all|ziyadnz/hourly-ipv4,blocklist.de|persistent|ssh|imap|pop3|brute-force|spam|mail|ziyadnz|hourly,2026-08-17T18:48:05Z,2026-08-17T18:48:05Z,
111.68.98.152,ipv4,persistent-attacker,high,WHITE,blocklist.de/strongips|blocklist.de/ssh|blocklist.de/all|ziyadnz/hourly-ipv4,blocklist.de|persistent|ssh|imap|pop3|brute-force|spam|mail|ziyadnz|hourly,2026-08-17T18:48:05Z,2026-08-17T18:48:05Z,
112.132.249.164,ipv4,persistent-attacker,medium,WHITE,blocklist.de/strongips|ziyadnz/hourly-ipv4,blocklist.de|persistent|ssh|imap|pop3|brute-force|spam|mail|ziyadnz|hourly,2026-08-17T18:48:05Z,2026-08-17T18:48:05Z,
112.194.142.167,ipv4,persistent-attacker,high,WHITE,blocklist.de/strongips|blocklist.de/all|blocklist.de/mail|ziyadnz/hourly-ipv4,blocklist.de|persistent|ssh|imap|pop3|brute-force|spam|mail|ziyadnz|hourly,2026-08-17T18:48:05Z,2026-08-17T18:48:05Z,
112.216.108.62,ipv4,persistent-attacker,high,WHITE,blocklist.de/strongips|blocklist.de/ssh|blocklist.de/all|ziyadnz/hourly-ipv4,blocklist.de|persistent|ssh|imap|pop3|brute-force|spam|mail|ziyadnz|hourly,2026-08-17T18:48:05Z,2026-08-17T18:48:05Z,
112.216.129.27,ipv4,persistent-attacker,medium,WHITE,blocklist.de/strongips|ziyadnz/hourly-ipv4,blocklist.de|persistent|ssh|imap|pop3|brute-force|spam|mail|ziyadnz|hourly,2026-08-17T18:48:05Z,2026-08-17T18:48:05Z,
114.34.106.146,ipv4,persistent-attacker,high,WHITE,blocklist.de/strongips|blocklist.de/ssh|blocklist.de/all|ziyadnz/hourly-ipv4,blocklist.de|persistent|ssh|imap|pop3|brute-force|spam|mail|ziyadnz|hourly,2026-08-17T18:48:05Z,2026-08-17T18:48:05Z,
116.114.84.246,ipv4,persistent-attacker,high,WHITE,blocklist.de/strongips|blocklist.de/all|blocklist.de/mail|ziyadnz/hourly-ipv4,blocklist.de|persistent|ssh|imap|pop3|brute-force|spam|mail|ziyadnz|hourly,2026-08-17T18:48:05Z,2026-08-17T18:48:05Z,
116.114.94.242,ipv4,persistent-attacker,high,WHITE,blocklist.de/strongips|blocklist.de/all|blocklist.de/mail|ziyadnz/hourly-ipv4,blocklist.de|persistent|ssh|imap|pop3|brute-force|spam|mail|ziyadnz|hourly,2026-08-17T18:48:05Z,2026-08-17T18:48:05Z,
116.98.104.138,ipv4,persistent-attacker,high,WHITE,blocklist.de/strongips|blocklist.de/all|blocklist.de/mail|ziyadnz/hourly-ipv4,blocklist.de|persistent|ssh|imap|pop3|brute-force|spam|mail|ziyadnz|hourly,2026-08-17T18:48:05Z,2026-08-17T18:48:05Z,
117.121.214.50,ipv4,persistent-attacker,medium,WHITE,blocklist.de/strongips|ziyadnz/hourly-ipv4,blocklist.de|persistent|ssh|imap|pop3|brute-force|spam|mail|ziyadnz|hourly,2026-08-17T18:48:05Z,2026-08-17T18:48:05Z,
117.2.49.125,ipv4,persistent-attacker,high,WHITE,blocklist.de/strongips|blocklist.de/ssh|blocklist.de/all|ziyadnz/hourly-ipv4,blocklist.de|persistent|ssh|imap|pop3|brute-force|spam|mail|ziyadnz|hourly,2026-08-17T18:48:05Z,2026-08-17T18:48:05Z,
117.50.70.169,ipv4,persistent-attacker,high,WHITE,blocklist.de/strongips|blocklist.de/ssh|blocklist.de/all|ziyadnz/hourly-ipv4,blocklist.de|persistent|ssh|imap|pop3|brute-force|spam|mail|ziyadnz|hourly,2026-08-17T18:48:05Z,2026-08-17T18:48:05Z,
117.6.44.221,ipv4,persistent-attacker,medium,WHITE,blocklist.de/strongips|ziyadnz/hourly-ipv4,blocklist.de|persistent|ssh|imap|pop3|brute-force|spam|mail|ziyadnz|hourly,2026-08-17T18:48:05Z,2026-08-17T18:48:05Z,
118.37.214.187,ipv4,persistent-attacker,high,WHITE,blocklist.de/strongips|blocklist.de/ssh|blocklist.de/all|ziyadnz/hourly-ipv4,blocklist.de|persistent|ssh|imap|pop3|brute-force|spam|mail|ziyadnz|hourly,2026-08-17T18:48:05Z,2026-08-17T18:48:05Z,
118.45.101.159,ipv4,persistent-attacker,high,WHITE,blocklist.de/strongips|blocklist.de/all|blocklist.de/mail|ziyadnz/hourly-ipv4,blocklist.de|persistent|ssh|imap|pop3|brute-force|spam|mail|ziyadnz|hourly,2026-08-17T18:48:05Z,2026-08-17T18:48:05Z,
119.160.166.237,ipv4,persistent-attacker,high,WHITE,blocklist.de/strongips|blocklist.de/all|blocklist.de/mail|ziyadnz/hourly-ipv4,blocklist.de|persistent|ssh|imap|pop3|brute-force|spam|mail|ziyadnz|hourly,2026-08-17T18:48:05Z,2026-08-17T18:48:05Z,
119.23.110.193,ipv4,persistent-attacker,high,WHITE,blocklist.de/strongips|blocklist.de/ssh|blocklist.de/all|ziyadnz/hourly-ipv4,blocklist.de|persistent|ssh|imap|pop3|brute-force|spam|mail|ziyadnz|hourly,2026-08-17T18:48:05Z,2026-08-17T18:48:05Z,
119.246.15.94,ipv4,persistent-attacker,high,WHITE,blocklist.de/strongips|blocklist.de/ssh|blocklist.de/all|ziyadnz/hourly-ipv4,blocklist.de|persistent|ssh|imap|pop3|brute-force|spam|mail|ziyadnz|hourly,2026-08-17T18:48:05Z,2026-08-17T18:48:05Z,
119.92.70.82,ipv4,persistent-attacker,high,WHITE,blocklist.de/strongips|blocklist.de/ssh|blocklist.de/all|ziyadnz/hourly-ipv4,blocklist.de|persistent|ssh|imap|pop3|brute-force|spam|mail|ziyadnz|hourly,2026-08-17T18:48:05Z,2026-08-17T18:48:05Z,
12.156.67.18,ipv4,persistent-attacker,high,WHITE,blocklist.de/strongips|blocklist.de/ssh|blocklist.de/all|ziyadnz/hourly-ipv4,blocklist.de|persistent|ssh|imap|pop3|brute-force|spam|mail|ziyadnz|hourly,2026-08-17T18:48:05Z,2026-08-17T18:48:05Z,
120.28.109.188,ipv4,persistent-attacker,medium,WHITE,blocklist.de/strongips|ziyadnz/hourly-ipv4,blocklist.de|persistent|ssh|imap|pop3|brute-force|spam|mail|ziyadnz|hourly,2026-08-17T18:48:05Z,2026-08-17T18:48:05Z,
121.142.87.218,ipv4,persistent-attacker,high,WHITE,blocklist.de/strongips|blocklist.de/ssh|blocklist.de/all|ziyadnz/hourly-ipv4,blocklist.de|persistent|ssh|imap|pop3|brute-force|spam|mail|ziyadnz|hourly,2026-08-17T18:48:05Z,2026-08-17T18:48:05Z,
121.159.71.249,ipv4,persistent-attacker,high,WHITE,blocklist.de/strongips|blocklist.de/all|blocklist.de/mail|ziyadnz/hourly-ipv4,blocklist.de|persistent|ssh|imap|pop3|brute-force|spam|mail|ziyadnz|hourly,2026-08-17T18:48:05Z,2026-08-17T18:48:05Z,
121.178.185.141,ipv4,persistent-attacker,high,WHITE,blocklist.de/strongips|blocklist.de/all|blocklist.de/mail|ziyadnz/hourly-ipv4,blocklist.de|persistent|ssh|imap|pop3|brute-force|spam|mail|ziyadnz|hourly,2026-08-17T18:48:05Z,2026-08-17T18:48:05Z,
121.179.93.147,ipv4,persistent-attacker,high,WHITE,blocklist.de/strongips|blocklist.de/all|blocklist.de/mail|ziyadnz/hourly-ipv4,blocklist.de|persistent|ssh|imap|pop3|brute-force|spam|mail|ziyadnz|hourly,2026-08-17T18:48:05Z,2026-08-17T18:48:05Z,
122.166.49.42,ipv4,persistent-attacker,high,WHITE,blocklist.de/strongips|blocklist.de/ssh|blocklist.de/all|ziyadnz/hourly-ipv4,blocklist.de|persistent|ssh|imap|pop3|brute-force|spam|mail|ziyadnz|hourly,2026-08-17T18:48:05Z,2026-08-17T18:48:05Z,
122.168.194.41,ipv4,persistent-attacker,high,WHITE,blocklist.de/strongips|blocklist.de/ssh|blocklist.de/all|ziyadnz/hourly-ipv4,blocklist.de|persistent|ssh|imap|pop3|brute-force|spam|mail|ziyadnz|hourly,2026-08-17T18:48:05Z,2026-08-17T18:48:05Z,
123.129.245.249,ipv4,persistent-attacker,high,WHITE,blocklist.de/strongips|blocklist.de/all|blocklist.de/mail|ziyadnz/hourly-ipv4,blocklist.de|persistent|ssh|imap|pop3|brute-force|spam|mail|ziyadnz|hourly,2026-08-17T18:48:05Z,2026-08-17T18:48:05Z,
124.105.173.17,ipv4,persistent-attacker,medium,WHITE,blocklist.de/strongips|ziyadnz/hourly-ipv4,blocklist.de|persistent|ssh|imap|pop3|brute-force|spam|mail|ziyadnz|hourly,2026-08-17T18:48:05Z,2026-08-17T18:48:05Z,
125.139.124.120,ipv4,persistent-attacker,high,WHITE,blocklist.de/strongips|blocklist.de/all|blocklist.de/mail|ziyadnz/hourly-ipv4,blocklist.de|persistent|ssh|imap|pop3|brute-force|spam|mail|ziyadnz|hourly,2026-08-17T18:48:05Z,2026-08-17T18:48:05Z,
125.21.59.218,ipv4,persistent-attacker,high,WHITE,blocklist.de/strongips|blocklist.de/ssh|blocklist.de/all|ziyadnz/hourly-ipv4,blocklist.de|persistent|ssh|imap|pop3|brute-force|spam|mail|ziyadnz|hourly,2026-08-17T18:48:05Z,2026-08-17T18:48:05Z,
136.228.161.66,ipv4,persistent-attacker,medium,WHITE,blocklist.de/strongips|ziyadnz/hourly-ipv4,blocklist.de|persistent|ssh|imap|pop3|brute-force|spam|mail|ziyadnz|hourly,2026-08-17T18:48:05Z,2026-08-17T18:48:05Z,
136.232.11.10,ipv4,persistent-attacker,high,WHITE,blocklist.de/strongips|blocklist.de/ssh|blocklist.de/all|ziyadnz/hourly-ipv4,blocklist.de|persistent|ssh|imap|pop3|brute-force|spam|mail|ziyadnz|hourly,2026-08-17T18:48:05Z,2026-08-17T18:48:05Z,
139.199.80.137,ipv4,persistent-attacker,high,WHITE,blocklist.de/strongips|blocklist.de/ssh|blocklist.de/all|ziyadnz/hourly-ipv4,blocklist.de|persistent|ssh|imap|pop3|brute-force|spam|mail|ziyadnz|hourly,2026-08-17T18:48:05Z,2026-08-17T18:48:05Z,
14.225.7.70,ipv4,persistent-attacker,medium,WHITE,blocklist.de/strongips|ziyadnz/hourly-ipv4,blocklist.de|persistent|ssh|imap|pop3|brute-force|spam|mail|ziyadnz|hourly,2026-08-17T18:48:05Z,2026-08-17T18:48:05Z,
14.54.22.11,ipv4,persistent-attacker,high,WHITE,blocklist.de/strongips|blocklist.de/all|blocklist.de/mail|ziyadnz/hourly-ipv4,blocklist.de|persistent|ssh|imap|pop3|brute-force|spam|mail|ziyadnz|hourly,2026-08-17T18:48:05Z,2026-08-17T18:48:05Z,
14.55.144.22,ipv4,persistent-attacker,medium,WHITE,blocklist.de/strongips|ziyadnz/hourly-ipv4,blocklist.de|persistent|ssh|imap|pop3|brute-force|spam|mail|ziyadnz|hourly,2026-08-17T18:48:05Z,2026-08-17T18:48:05Z,
14.63.196.175,ipv4,persistent-attacker,medium,WHITE,blocklist.de/strongips|ziyadnz/hourly-ipv4,blocklist.de|persistent|ssh|imap|pop3|brute-force|spam|mail|ziyadnz|hourly,2026-08-17T18:48:05Z,2026-08-17T18:48:05Z,
14.63.217.28,ipv4,persistent-attacker,high,WHITE,blocklist.de/strongips|blocklist.de/ssh|blocklist.de/all|ziyadnz/hourly-ipv4,blocklist.de|persistent|ssh|imap|pop3|brute-force|spam|mail|ziyadnz|hourly,2026-08-17T18:48:05Z,2026-08-17T18:48:05Z,
144.217.13.134,ipv4,persistent-attacker,medium,WHITE,blocklist.de/strongips|ziyadnz/hourly-ipv4,blocklist.de|persistent|ssh|imap|pop3|brute-force|spam|mail|ziyadnz|hourly,2026-08-17T18:48:05Z,2026-08-17T18:48:05Z,
147.50.227.79,ipv4,persistent-attacker,high,WHITE,blocklist.de/strongips|blocklist.de/ssh|blocklist.de/all|ziyadnz/hourly-ipv4,blocklist.de|persistent|ssh|imap|pop3|brute-force|spam|mail|ziyadnz|hourly,2026-08-17T18:48:05Z,2026-08-17T18:48:05Z,
150.136.129.10,ipv4,persistent-attacker,medium,WHITE,blocklist.de/strongips|ziyadnz/hourly-ipv4,blocklist.de|persistent|ssh|imap|pop3|brute-force|spam|mail|ziyadnz|hourly,2026-08-17T18:48:05Z,2026-08-17T18:48:05Z,
160.174.129.232,ipv4,persistent-attacker,medium,WHITE,blocklist.de/strongips|ziyadnz/hourly-ipv4,blocklist.de|persistent|ssh|imap|pop3|brute-force|spam|mail|ziyadnz|hourly,2026-08-17T18:48:05Z,2026-08-17T18:48:05Z,
161.18.228.75,ipv4,persistent-attacker,medium,WHITE,blocklist.de/strongips|ziyadnz/hourly-ipv4,blocklist.de|persistent|ssh|imap|pop3|brute-force|spam|mail|ziyadnz|hourly,2026-08-17T18:48:05Z,2026-08-17T18:48:05Z,
163.172.73.44,ipv4,persistent-attacker,medium,WHITE,blocklist.de/strongips|ziyadnz/hourly-ipv4,blocklist.de|persistent|ssh|imap|pop3|brute-force|spam|mail|ziyadnz|hourly,2026-08-17T18:48:05Z,2026-08-17T18:48:05Z,
165.154.36.71,ipv4,persistent-attacker,high,WHITE,blocklist.de/strongips|blocklist.de/ssh|blocklist.de/all|ziyadnz/hourly-ipv4,blocklist.de|persistent|ssh|imap|pop3|brute-force|spam|mail|ziyadnz|hourly,2026-08-17T18:48:05Z,2026-08-17T18:48:05Z,
168.167.228.123,ipv4,persistent-attacker,high,WHITE,blocklist.de/strongips|blocklist.de/ssh|blocklist.de/all|ziyadnz/hourly-ipv4,blocklist.de|persistent|ssh|imap|pop3|brute-force|spam|mail|ziyadnz|hourly,2026-08-17T18:48:05Z,2026-08-17T18:48:05Z,
168.196.144.234,ipv4,persistent-attacker,medium,WHITE,blocklist.de/strongips|ziyadnz/hourly-ipv4,blocklist.de|persistent|ssh|imap|pop3|brute-force|spam|mail|ziyadnz|hourly,2026-08-17T18:48:05Z,2026-08-17T18:48:05Z,
170.238.160.191,ipv4,persistent-attacker,medium,WHITE,blocklist.de/strongips|ziyadnz/hourly-ipv4,blocklist.de|persistent|ssh|imap|pop3|brute-force|spam|mail|ziyadnz|hourly,2026-08-17T18:48:05Z,2026-08-17T18:48:05Z,
171.244.37.103,ipv4,persistent-attacker,high,WHITE,blocklist.de/strongips|blocklist.de/ssh|blocklist.de/all|ziyadnz/hourly-ipv4,blocklist.de|persistent|ssh|imap|pop3|brute-force|spam|mail|ziyadnz|hourly,2026-08-17T18:48:05Z,2026-08-17T18:48:05Z,
171.244.37.96,ipv4,persistent-attacker,medium,WHITE,blocklist.de/strongips|ziyadnz/hourly-ipv4,blocklist.de|persistent|ssh|imap|pop3|brute-force|spam|mail|ziyadnz|hourly,2026-08-17T18:48:05Z,2026-08-17T18:48:05Z,
171.244.37.97,ipv4,persistent-attacker,high,WHITE,blocklist.de/strongips|blocklist.de/ssh|blocklist.de/all|ziyadnz/hourly-ipv4,blocklist.de|persistent|ssh|imap|pop3|brute-force|spam|mail|ziyadnz|hourly,2026-08-17T18:48:05Z,2026-08-17T18:48:05Z,
172.174.5.146,ipv4,persistent-attacker,high,WHITE,blocklist.de/strongips|blocklist.de/ssh|blocklist.de/all|ziyadnz/hourly-ipv4,blocklist.de|persistent|ssh|imap|pop3|brute-force|spam|mail|ziyadnz|hourly,2026-08-17T18:48:05Z,2026-08-17T18:48:05Z,
175.100.24.139,ipv4,persistent-attacker,medium,WHITE,blocklist.de/strongips|ziyadnz/hourly-ipv4,blocklist.de|persistent|ssh|imap|pop3|brute-force|spam|mail|ziyadnz|hourly,2026-08-17T18:48:05Z,2026-08-17T18:48:05Z,
175.206.113.91,ipv4,persistent-attacker,high,WHITE,blocklist.de/strongips|blocklist.de/all|blocklist.de/mail|ziyadnz/hourly-ipv4,blocklist.de|persistent|ssh|imap|pop3|brute-force|spam|mail|ziyadnz|hourly,2026-08-17T18:48:05Z,2026-08-17T18:48:05Z,
176.53.159.198,ipv4,persistent-attacker,high,WHITE,blocklist.de/strongips|blocklist.de/ssh|blocklist.de/all|ziyadnz/hourly-ipv4,blocklist.de|persistent|ssh|imap|pop3|brute-force|spam|mail|ziyadnz|hourly,2026-08-17T18:48:05Z,2026-08-17T18:48:05Z,
177.53.215.134,ipv4,persistent-attacker,high,WHITE,blocklist.de/strongips|blocklist.de/ssh|blocklist.de/all|ziyadnz/hourly-ipv4,blocklist.de|persistent|ssh|imap|pop3|brute-force|spam|mail|ziyadnz|hourly,2026-08-17T18:48:05Z,2026-08-17T18:48:05Z,
178.251.140.3,ipv4,persistent-attacker,high,WHITE,blocklist.de/strongips|blocklist.de/ssh|blocklist.de/all|ziyadnz/hourly-ipv4,blocklist.de|persistent|ssh|imap|pop3|brute-force|spam|mail|ziyadnz|hourly,2026-08-17T18:48:05Z,2026-08-17T18:48:05Z,
180.167.207.234,ipv4,persistent-attacker,medium,WHITE,blocklist.de/strongips|ziyadnz/hourly-ipv4,blocklist.de|persistent|ssh|imap|pop3|brute-force|spam|mail|ziyadnz|hourly,2026-08-17T18:48:05Z,2026-08-17T18:48:05Z,
180.188.253.150,ipv4,persistent-attacker,high,WHITE,blocklist.de/strongips|blocklist.de/all|blocklist.de/mail|ziyadnz/hourly-ipv4,blocklist.de|persistent|ssh|imap|pop3|brute-force|spam|mail|ziyadnz|hourly,2026-08-17T18:48:05Z,2026-08-17T18:48:05Z,
181.116.220.140,ipv4,persistent-attacker,medium,WHITE,blocklist.de/strongips|ziyadnz/hourly-ipv4,blocklist.de|persistent|ssh|imap|pop3|brute-force|spam|mail|ziyadnz|hourly,2026-08-17T18:48:05Z,2026-08-17T18:48:05Z,
181.28.101.14,ipv4,persistent-attacker,high,WHITE,blocklist.de/strongips|blocklist.de/ssh|blocklist.de/all|ziyadnz/hourly-ipv4,blocklist.de|persistent|ssh|imap|pop3|brute-force|spam|mail|ziyadnz|hourly,2026-08-17T18:48:05Z,2026-08-17T18:48:05Z,
182.18.161.165,ipv4,persistent-attacker,high,WHITE,blocklist.de/strongips|blocklist.de/ssh|blocklist.de/all|ziyadnz/hourly-ipv4,blocklist.de|persistent|ssh|imap|pop3|brute-force|spam|mail|ziyadnz|hourly,2026-08-17T18:48:05Z,2026-08-17T18:48:05Z,
182.253.156.184,ipv4,persistent-attacker,medium,WHITE,blocklist.de/strongips|ziyadnz/hourly-ipv4,blocklist.de|persistent|ssh|imap|pop3|brute-force|spam|mail|ziyadnz|hourly,2026-08-17T18:48:05Z,2026-08-17T18:48:05Z,
182.93.50.90,ipv4,persistent-attacker,high,WHITE,blocklist.de/strongips|blocklist.de/ssh|blocklist.de/all|ziyadnz/hourly-ipv4,blocklist.de|persistent|ssh|imap|pop3|brute-force|spam|mail|ziyadnz|hourly,2026-08-17T18:48:05Z,2026-08-17T18:48:05Z,
182.93.7.194,ipv4,persistent-attacker,high,WHITE,blocklist.de/strongips|blocklist.de/ssh|blocklist.de/all|ziyadnz/hourly-ipv4,blocklist.de|persistent|ssh|imap|pop3|brute-force|spam|mail|ziyadnz|hourly,2026-08-17T18:48:05Z,2026-08-17T18:48:05Z,
183.99.89.74,ipv4,persistent-attacker,medium,WHITE,blocklist.de/strongips|ziyadnz/hourly-ipv4,blocklist.de|persistent|ssh|imap|pop3|brute-force|spam|mail|ziyadnz|hourly,2026-08-17T18:48:05Z,2026-08-17T18:48:05Z,
185.156.73.233,ipv4,persistent-attacker,medium,WHITE,blocklist.de/strongips|ziyadnz/hourly-ipv4,blocklist.de|persistent|ssh|imap|pop3|brute-force|spam|mail|ziyadnz|hourly,2026-08-17T18:48:05Z,2026-08-17T18:48:05Z,
185.217.1.246,ipv4,persistent-attacker,high,WHITE,blocklist.de/strongips|blocklist.de/all|ziyadnz/hourly-ipv4,blocklist.de|persistent|ssh|imap|pop3|brute-force|spam|mail|ziyadnz|hourly,2026-08-17T18:48:05Z,2026-08-17T18:48:05Z,
185.246.130.20,ipv4,persistent-attacker,high,WHITE,blocklist.de/strongips|blocklist.de/ssh|blocklist.de/all|ziyadnz/hourly-ipv4,blocklist.de|persistent|ssh|imap|pop3|brute-force|spam|mail|ziyadnz|hourly,2026-08-17T18:48:05Z,2026-08-17T18:48:05Z,
185.255.212.178,ipv4,persistent-attacker,high,WHITE,blocklist.de/strongips|blocklist.de/all|blocklist.de/mail|ziyadnz/hourly-ipv4,blocklist.de|persistent|ssh|imap|pop3|brute-force|spam|mail|ziyadnz|hourly,2026-08-17T18:48:05Z,2026-08-17T18:48:05Z,
186.10.86.130,ipv4,persistent-attacker,high,WHITE,blocklist.de/strongips|blocklist.de/ssh|blocklist.de/all|ziyadnz/hourly-ipv4,blocklist.de|persistent|ssh|imap|pop3|brute-force|spam|mail|ziyadnz|hourly,2026-08-17T18:48:05Z,2026-08-17T18:48:05Z,
186.103.169.12,ipv4,persistent-attacker,medium,WHITE,blocklist.de/strongips|ziyadnz/hourly-ipv4,blocklist.de|persistent|ssh|imap|pop3|brute-force|spam|mail|ziyadnz|hourly,2026-08-17T18:48:05Z,2026-08-17T18:48:05Z,
186.31.95.163,ipv4,persistent-attacker,high,WHITE,blocklist.de/strongips|blocklist.de/ssh|blocklist.de/all|ziyadnz/hourly-ipv4,blocklist.de|persistent|ssh|imap|pop3|brute-force|spam|mail|ziyadnz|hourly,2026-08-17T18:48:05Z,2026-08-17T18:48:05Z,
186.38.26.5,ipv4,persistent-attacker,medium,WHITE,blocklist.de/strongips|ziyadnz/hourly-ipv4,blocklist.de|persistent|ssh|imap|pop3|brute-force|spam|mail|ziyadnz|hourly,2026-08-17T18:48:05Z,2026-08-17T18:48:05Z,
186.96.145.241,ipv4,persistent-attacker,medium,WHITE,blocklist.de/strongips|ziyadnz/hourly-ipv4,blocklist.de|persistent|ssh|imap|pop3|brute-force|spam|mail|ziyadnz|hourly,2026-08-17T18:48:05Z,2026-08-17T18:48:05Z,
186.96.151.198,ipv4,persistent-attacker,medium,WHITE,blocklist.de/strongips|ziyadnz/hourly-ipv4,blocklist.de|persistent|ssh|imap|pop3|brute-force|spam|mail|ziyadnz|hourly,2026-08-17T18:48:05Z,2026-08-17T18:48:05Z,
187.107.88.97,ipv4,persistent-attacker,medium,WHITE,blocklist.de/strongips|ziyadnz/hourly-ipv4,blocklist.de|persistent|ssh|imap|pop3|brute-force|spam|mail|ziyadnz|hourly,2026-08-17T18:48:05Z,2026-08-17T18:48:05Z,
187.110.238.50,ipv4,persistent-attacker,high,WHITE,blocklist.de/strongips|blocklist.de/ssh|blocklist.de/all|ziyadnz/hourly-ipv4,blocklist.de|persistent|ssh|imap|pop3|brute-force|spam|mail|ziyadnz|hourly,2026-08-17T18:48:05Z,2026-08-17T18:48:05Z,
187.111.28.131,ipv4,persistent-attacker,medium,WHITE,blocklist.de/strongips|ziyadnz/hourly-ipv4,blocklist.de|persistent|ssh|imap|pop3|brute-force|spam|mail|ziyadnz|hourly,2026-08-17T18:48:05Z,2026-08-17T18:48:05Z,
187.16.96.250,ipv4,persistent-attacker,medium,WHITE,blocklist.de/strongips|ziyadnz/hourly-ipv4,blocklist.de|persistent|ssh|imap|pop3|brute-force|spam|mail|ziyadnz|hourly,2026-08-17T18:48:05Z,2026-08-17T18:48:05Z,
187.190.35.163,ipv4,persistent-attacker,medium,WHITE,blocklist.de/strongips|ziyadnz/hourly-ipv4,blocklist.de|persistent|ssh|imap|pop3|brute-force|spam|mail|ziyadnz|hourly,2026-08-17T18:48:05Z,2026-08-17T18:48:05Z,
187.210.77.100,ipv4,persistent-attacker,medium,WHITE,blocklist.de/strongips|ziyadnz/hourly-ipv4,blocklist.de|persistent|ssh|imap|pop3|brute-force|spam|mail|ziyadnz|hourly,2026-08-17T18:48:05Z,2026-08-17T18:48:05Z,
187.51.208.158,ipv4,persistent-attacker,high,WHITE,blocklist.de/strongips|blocklist.de/ssh|blocklist.de/all|ziyadnz/hourly-ipv4,blocklist.de|persistent|ssh|imap|pop3|brute-force|spam|mail|ziyadnz|hourly,2026-08-17T18:48:05Z,2026-08-17T18:48:05Z,
187.8.120.90,ipv4,persistent-attacker,high,WHITE,blocklist.de/strongips|blocklist.de/all|blocklist.de/mail|ziyadnz/hourly-ipv4,blocklist.de|persistent|ssh|imap|pop3|brute-force|spam|mail|ziyadnz|hourly,2026-08-17T18:48:05Z,2026-08-17T18:48:05Z,
188.219.104.210,ipv4,persistent-attacker,high,WHITE,blocklist.de/strongips|blocklist.de/all|blocklist.de/mail|ziyadnz/hourly-ipv4,blocklist.de|persistent|ssh|imap|pop3|brute-force|spam|mail|ziyadnz|hourly,2026-08-17T18:48:05Z,2026-08-17T18:48:05Z,
189.50.142.82,ipv4,persistent-attacker,high,WHITE,blocklist.de/strongips|blocklist.de/ssh|blocklist.de/all|ziyadnz/hourly-ipv4,blocklist.de|persistent|ssh|imap|pop3|brute-force|spam|mail|ziyadnz|hourly,2026-08-17T18:48:05Z,2026-08-17T18:48:05Z,
190.0.63.226,ipv4,persistent-attacker,medium,WHITE,blocklist.de/strongips|ziyadnz/hourly-ipv4,blocklist.de|persistent|ssh|imap|pop3|brute-force|spam|mail|ziyadnz|hourly,2026-08-17T18:48:05Z,2026-08-17T18:48:05Z,
190.128.241.2,ipv4,persistent-attacker,medium,WHITE,blocklist.de/strongips|ziyadnz/hourly-ipv4,blocklist.de|persistent|ssh|imap|pop3|brute-force|spam|mail|ziyadnz|hourly,2026-08-17T18:48:05Z,2026-08-17T18:48:05Z,
190.153.249.99,ipv4,persistent-attacker,medium,WHITE,blocklist.de/strongips|ziyadnz/hourly-ipv4,blocklist.de|persistent|ssh|imap|pop3|brute-force|spam|mail|ziyadnz|hourly,2026-08-17T18:48:05Z,2026-08-17T18:48:05Z,
190.181.25.210,ipv4,persistent-attacker,high,WHITE,blocklist.de/strongips|blocklist.de/ssh|blocklist.de/all|ziyadnz/hourly-ipv4,blocklist.de|persistent|ssh|imap|pop3|brute-force|spam|mail|ziyadnz|hourly,2026-08-17T18:48:05Z,2026-08-17T18:48:05Z,
190.181.4.12,ipv4,persistent-attacker,medium,WHITE,blocklist.de/strongips|ziyadnz/hourly-ipv4,blocklist.de|persistent|ssh|imap|pop3|brute-force|spam|mail|ziyadnz|hourly,2026-08-17T18:48:05Z,2026-08-17T18:48:05Z,
192.34.128.202,ipv4,persistent-attacker,high,WHITE,blocklist.de/strongips|blocklist.de/all|blocklist.de/mail|ziyadnz/hourly-ipv4,blocklist.de|persistent|ssh|imap|pop3|brute-force|spam|mail|ziyadnz|hourly,2026-08-17T18:48:05Z,2026-08-17T18:48:05Z,
193.32.162.145,ipv4,persistent-attacker,medium,WHITE,blocklist.de/strongips|ziyadnz/hourly-ipv4,blocklist.de|persistent|ssh|imap|pop3|brute-force|spam|mail|ziyadnz|hourly,2026-08-17T18:48:05Z,2026-08-17T18:48:05Z,
193.32.162.151,ipv4,persistent-attacker,medium,WHITE,blocklist.de/strongips|ziyadnz/hourly-ipv4,blocklist.de|persistent|ssh|imap|pop3|brute-force|spam|mail|ziyadnz|hourly,2026-08-17T18:48:05Z,2026-08-17T18:48:05Z,
193.32.162.27,ipv4,persistent-attacker,high,WHITE,blocklist.de/strongips|blocklist.de/ssh|blocklist.de/all|ziyadnz/hourly-ipv4,blocklist.de|persistent|ssh|imap|pop3|brute-force|spam|mail|ziyadnz|hourly,2026-08-17T18:48:05Z,2026-08-17T18:48:05Z,
193.32.162.83,ipv4,persistent-attacker,medium,WHITE,blocklist.de/strongips|ziyadnz/hourly-ipv4,blocklist.de|persistent|ssh|imap|pop3|brute-force|spam|mail|ziyadnz|hourly,2026-08-17T18:48:05Z,2026-08-17T18:48:05Z,
193.32.162.84,ipv4,persistent-attacker,high,WHITE,blocklist.de/strongips|blocklist.de/ssh|blocklist.de/all|ziyadnz/hourly-ipv4,blocklist.de|persistent|ssh|imap|pop3|brute-force|spam|mail|ziyadnz|hourly,2026-08-17T18:48:05Z,2026-08-17T18:48:05Z,
193.46.255.86,ipv4,persistent-attacker,high,WHITE,blocklist.de/strongips|blocklist.de/ssh|blocklist.de/all|ziyadnz/hourly-ipv4,blocklist.de|persistent|ssh|imap|pop3|brute-force|spam|mail|ziyadnz|hourly,2026-08-17T18:48:05Z,2026-08-17T18:48:05Z,
195.178.110.108,ipv4,persistent-attacker,medium,WHITE,blocklist.de/strongips|ziyadnz/hourly-ipv4,blocklist.de|persistent|ssh|imap|pop3|brute-force|spam|mail|ziyadnz|hourly,2026-08-17T18:48:05Z,2026-08-17T18:48:05Z,
195.178.110.15,ipv4,persistent-attacker,medium,WHITE,blocklist.de/strongips|ziyadnz/hourly-ipv4,blocklist.de|persistent|ssh|imap|pop3|brute-force|spam|mail|ziyadnz|hourly,2026-08-17T18:48:05Z,2026-08-17T18:48:05Z,
195.178.110.232,ipv4,persistent-attacker,high,WHITE,blocklist.de/strongips|blocklist.de/ssh|blocklist.de/all|ziyadnz/hourly-ipv4,blocklist.de|persistent|ssh|imap|pop3|brute-force|spam|mail|ziyadnz|hourly,2026-08-17T18:48:05Z,2026-08-17T18:48:05Z,
195.178.110.26,ipv4,persistent-attacker,high,WHITE,blocklist.de/strongips|blocklist.de/ssh|blocklist.de/all|ziyadnz/hourly-ipv4,blocklist.de|persistent|ssh|imap|pop3|brute-force|spam|mail|ziyadnz|hourly,2026-08-17T18:48:05Z,2026-08-17T18:48:05Z,
195.178.110.30,ipv4,persistent-attacker,high,WHITE,blocklist.de/strongips|blocklist.de/ssh|blocklist.de/all|ziyadnz/hourly-ipv4,blocklist.de|persistent|ssh|imap|pop3|brute-force|spam|mail|ziyadnz|hourly,2026-08-17T18:48:05Z,2026-08-17T18:48:05Z,
195.178.191.5,ipv4,persistent-attacker,high,WHITE,blocklist.de/strongips|blocklist.de/ssh|blocklist.de/all|ziyadnz/hourly-ipv4,blocklist.de|persistent|ssh|imap|pop3|brute-force|spam|mail|ziyadnz|hourly,2026-08-17T18:48:05Z,2026-08-17T18:48:05Z,
195.88.120.62,ipv4,persistent-attacker,high,WHITE,blocklist.de/strongips|blocklist.de/ssh|blocklist.de/all|ziyadnz/hourly-ipv4,blocklist.de|persistent|ssh|imap|pop3|brute-force|spam|mail|ziyadnz|hourly,2026-08-17T18:48:05Z,2026-08-17T18:48:05Z,
196.0.120.211,ipv4,persistent-attacker,medium,WHITE,blocklist.de/strongips|ziyadnz/hourly-ipv4,blocklist.de|persistent|ssh|imap|pop3|brute-force|spam|mail|ziyadnz|hourly,2026-08-17T18:48:05Z,2026-08-17T18:48:05Z,
196.0.120.6,ipv4,persistent-attacker,medium,WHITE,blocklist.de/strongips|ziyadnz/hourly-ipv4,blocklist.de|persistent|ssh|imap|pop3|brute-force|spam|mail|ziyadnz|hourly,2026-08-17T18:48:05Z,2026-08-17T18:48:05Z,
196.203.231.220,ipv4,persistent-attacker,high,WHITE,blocklist.de/strongips|blocklist.de/all|blocklist.de/mail|ziyadnz/hourly-ipv4,blocklist.de|persistent|ssh|imap|pop3|brute-force|spam|mail|ziyadnz|hourly,2026-08-17T18:48:05Z,2026-08-17T18:48:05Z,
196.216.81.126,ipv4,persistent-attacker,high,WHITE,blocklist.de/strongips|blocklist.de/all|blocklist.de/mail|ziyadnz/hourly-ipv4,blocklist.de|persistent|ssh|imap|pop3|brute-force|spam|mail|ziyadnz|hourly,2026-08-17T18:48:05Z,2026-08-17T18:48:05Z,
197.153.57.103,ipv4,persistent-attacker,high,WHITE,blocklist.de/strongips|blocklist.de/ssh|blocklist.de/all|ziyadnz/hourly-ipv4,blocklist.de|persistent|ssh|imap|pop3|brute-force|spam|mail|ziyadnz|hourly,2026-08-17T18:48:05Z,2026-08-17T18:48:05Z,
197.199.224.52,ipv4,persistent-attacker,high,WHITE,blocklist.de/strongips|blocklist.de/ssh|blocklist.de/all|ziyadnz/hourly-ipv4,blocklist.de|persistent|ssh|imap|pop3|brute-force|spam|mail|ziyadnz|hourly,2026-08-17T18:48:05Z,2026-08-17T18:48:05Z,
197.221.232.44,ipv4,persistent-attacker,high,WHITE,blocklist.de/strongips|blocklist.de/ssh|blocklist.de/all|ziyadnz/hourly-ipv4,blocklist.de|persistent|ssh|imap|pop3|brute-force|spam|mail|ziyadnz|hourly,2026-08-17T18:48:05Z,2026-08-17T18:48:05Z,
197.227.8.186,ipv4,persistent-attacker,high,WHITE,blocklist.de/strongips|blocklist.de/ssh|blocklist.de/all|ziyadnz/hourly-ipv4,blocklist.de|persistent|ssh|imap|pop3|brute-force|spam|mail|ziyadnz|hourly,2026-08-17T18:48:05Z,2026-08-17T18:48:05Z,
197.5.145.102,ipv4,persistent-attacker,high,WHITE,blocklist.de/strongips|blocklist.de/ssh|blocklist.de/all|ziyadnz/hourly-ipv4,blocklist.de|persistent|ssh|imap|pop3|brute-force|spam|mail|ziyadnz|hourly,2026-08-17T18:48:05Z,2026-08-17T18:48:05Z,
197.5.145.150,ipv4,persistent-attacker,high,WHITE,blocklist.de/strongips|blocklist.de/ssh|blocklist.de/all|ziyadnz/hourly-ipv4,blocklist.de|persistent|ssh|imap|pop3|brute-force|spam|mail|ziyadnz|hourly,2026-08-17T18:48:05Z,2026-08-17T18:48:05Z,
198.98.56.227,ipv4,persistent-attacker,high,WHITE,blocklist.de/strongips|blocklist.de/ssh|blocklist.de/all|ziyadnz/hourly-ipv4,blocklist.de|persistent|ssh|imap|pop3|brute-force|spam|mail|ziyadnz|hourly,2026-08-17T18:48:05Z,2026-08-17T18:48:05Z,
2.57.121.112,ipv4,persistent-attacker,high,WHITE,blocklist.de/strongips|blocklist.de/ssh|blocklist.de/all|ziyadnz/hourly-ipv4,blocklist.de|persistent|ssh|imap|pop3|brute-force|spam|mail|ziyadnz|hourly,2026-08-17T18:48:05Z,2026-08-17T18:48:05Z,
2.57.121.118,ipv4,persistent-attacker,medium,WHITE,blocklist.de/strongips|ziyadnz/hourly-ipv4,blocklist.de|persistent|ssh|imap|pop3|brute-force|spam|mail|ziyadnz|hourly,2026-08-17T18:48:05Z,2026-08-17T18:48:05Z,
2.57.121.25,ipv4,persistent-attacker,high,WHITE,blocklist.de/strongips|blocklist.de/ssh|blocklist.de/all|ziyadnz/hourly-ipv4,blocklist.de|persistent|ssh|imap|pop3|brute-force|spam|mail|ziyadnz|hourly,2026-08-17T18:48:05Z,2026-08-17T18:48:05Z,
2.57.121.50,ipv4,persistent-attacker,medium,WHITE,blocklist.de/strongips|ziyadnz/hourly-ipv4,blocklist.de|persistent|ssh|imap|pop3|brute-force|spam|mail|ziyadnz|hourly,2026-08-17T18:48:05Z,2026-08-17T18:48:05Z,
2.57.121.69,ipv4,persistent-attacker,medium,WHITE,blocklist.de/strongips|ziyadnz/hourly-ipv4,blocklist.de|persistent|ssh|imap|pop3|brute-force|spam|mail|ziyadnz|hourly,2026-08-17T18:48:05Z,2026-08-17T18:48:05Z,
2.57.121.86,ipv4,persistent-attacker,medium,WHITE,blocklist.de/strongips|ziyadnz/hourly-ipv4,blocklist.de|persistent|ssh|imap|pop3|brute-force|spam|mail|ziyadnz|hourly,2026-08-17T18:48:05Z,2026-08-17T18:48:05Z,
2.57.122.177,ipv4,persistent-attacker,medium,WHITE,blocklist.de/strongips|ziyadnz/hourly-ipv4,blocklist.de|persistent|ssh|imap|pop3|brute-force|spam|mail|ziyadnz|hourly,2026-08-17T18:48:05Z,2026-08-17T18:48:05Z,
2.57.122.188,ipv4,persistent-attacker,medium,WHITE,blocklist.de/strongips|ziyadnz/hourly-ipv4,blocklist.de|persistent|ssh|imap|pop3|brute-force|spam|mail|ziyadnz|hourly,2026-08-17T18:48:05Z,2026-08-17T18:48:05Z,
2.57.122.189,ipv4,persistent-attacker,medium,WHITE,blocklist.de/strongips|ziyadnz/hourly-ipv4,blocklist.de|persistent|ssh|imap|pop3|brute-force|spam|mail|ziyadnz|hourly,2026-08-17T18:48:05Z,2026-08-17T18:48:05Z,
2.57.122.190,ipv4,persistent-attacker,medium,WHITE,blocklist.de/strongips|ziyadnz/hourly-ipv4,blocklist.de|persistent|ssh|imap|pop3|brute-force|spam|mail|ziyadnz|hourly,2026-08-17T18:48:05Z,2026-08-17T18:48:05Z,
2.57.122.191,ipv4,persistent-attacker,medium,WHITE,blocklist.de/strongips|ziyadnz/hourly-ipv4,blocklist.de|persistent|ssh|imap|pop3|brute-force|spam|mail|ziyadnz|hourly,2026-08-17T18:48:05Z,2026-08-17T18:48:05Z,
2.57.122.192,ipv4,persistent-attacker,medium,WHITE,blocklist.de/strongips|ziyadnz/hourly-ipv4,blocklist.de|persistent|ssh|imap|pop3|brute-force|spam|mail|ziyadnz|hourly,2026-08-17T18:48:05Z,2026-08-17T18:48:05Z,
2.57.122.193,ipv4,persistent-attacker,medium,WHITE,blocklist.de/strongips|ziyadnz/hourly-ipv4,blocklist.de|persistent|ssh|imap|pop3|brute-force|spam|mail|ziyadnz|hourly,2026-08-17T18:48:05Z,2026-08-17T18:48:05Z,
2.57.122.194,ipv4,persistent-attacker,medium,WHITE,blocklist.de/strongips|ziyadnz/hourly-ipv4,blocklist.de|persistent|ssh|imap|pop3|brute-force|spam|mail|ziyadnz|hourly,2026-08-17T18:48:05Z,2026-08-17T18:48:05Z,
2.57.122.195,ipv4,persistent-attacker,medium,WHITE,blocklist.de/strongips|ziyadnz/hourly-ipv4,blocklist.de|persistent|ssh|imap|pop3|brute-force|spam|mail|ziyadnz|hourly,2026-08-17T18:48:05Z,2026-08-17T18:48:05Z,
2.57.122.196,ipv4,persistent-attacker,medium,WHITE,blocklist.de/strongips|ziyadnz/hourly-ipv4,blocklist.de|persistent|ssh|imap|pop3|brute-force|spam|mail|ziyadnz|hourly,2026-08-17T18:48:05Z,2026-08-17T18:48:05Z,
2.57.122.197,ipv4,persistent-attacker,medium,WHITE,blocklist.de/strongips|ziyadnz/hourly-ipv4,blocklist.de|persistent|ssh|imap|pop3|brute-force|spam|mail|ziyadnz|hourly,2026-08-17T18:48:05Z,2026-08-17T18:48:05Z,
2.57.122.199,ipv4,persistent-attacker,medium,WHITE,blocklist.de/strongips|ziyadnz/hourly-ipv4,blocklist.de|persistent|ssh|imap|pop3|brute-force|spam|mail|ziyadnz|hourly,2026-08-17T18:48:05Z,2026-08-17T18:48:05Z,
2.57.122.208,ipv4,persistent-attacker,medium,WHITE,blocklist.de/strongips|ziyadnz/hourly-ipv4,blocklist.de|persistent|ssh|imap|pop3|brute-force|spam|mail|ziyadnz|hourly,2026-08-17T18:48:05Z,2026-08-17T18:48:05Z,
2.57.122.209,ipv4,persistent-attacker,high,WHITE,blocklist.de/strongips|blocklist.de/ssh|blocklist.de/all|ziyadnz/hourly-ipv4,blocklist.de|persistent|ssh|imap|pop3|brute-force|spam|mail|ziyadnz|hourly,2026-08-17T18:48:05Z,2026-08-17T18:48:05Z,
2.57.122.210,ipv4,persistent-attacker,medium,WHITE,blocklist.de/strongips|ziyadnz/hourly-ipv4,blocklist.de|persistent|ssh|imap|pop3|brute-force|spam|mail|ziyadnz|hourly,2026-08-17T18:48:05Z,2026-08-17T18:48:05Z,
2.57.122.238,ipv4,persistent-attacker,high,WHITE,blocklist.de/strongips|blocklist.de/ssh|blocklist.de/all|ziyadnz/hourly-ipv4,blocklist.de|persistent|ssh|imap|pop3|brute-force|spam|mail|ziyadnz|hourly,2026-08-17T18:48:05Z,2026-08-17T18:48:05Z,
2.57.217.229,ipv4,persistent-attacker,medium,WHITE,blocklist.de/strongips|ziyadnz/hourly-ipv4,blocklist.de|persistent|ssh|imap|pop3|brute-force|spam|mail|ziyadnz|hourly,2026-08-17T18:48:05Z,2026-08-17T18:48:05Z,
20.203.42.204,ipv4,persistent-attacker,medium,WHITE,blocklist.de/strongips|ziyadnz/hourly-ipv4,blocklist.de|persistent|ssh|imap|pop3|brute-force|spam|mail|ziyadnz|hourly,2026-08-17T18:48:05Z,2026-08-17T18:48:05Z,
20.240.241.205,ipv4,persistent-attacker,medium,WHITE,blocklist.de/strongips|ziyadnz/hourly-ipv4,blocklist.de|persistent|ssh|imap|pop3|brute-force|spam|mail|ziyadnz|hourly,2026-08-17T18:48:05Z,2026-08-17T18:48:05Z,
200.196.50.91,ipv4,persistent-attacker,high,WHITE,blocklist.de/strongips|blocklist.de/ssh|blocklist.de/all|ziyadnz/hourly-ipv4,blocklist.de|persistent|ssh|imap|pop3|brute-force|spam|mail|ziyadnz|hourly,2026-08-17T18:48:05Z,2026-08-17T18:48:05Z,
200.32.52.150,ipv4,persistent-attacker,medium,WHITE,blocklist.de/strongips|ziyadnz/hourly-ipv4,blocklist.de|persistent|ssh|imap|pop3|brute-force|spam|mail|ziyadnz|hourly,2026-08-17T18:48:05Z,2026-08-17T18:48:05Z,
201.17.133.138,ipv4,persistent-attacker,medium,WHITE,blocklist.de/strongips|ziyadnz/hourly-ipv4,blocklist.de|persistent|ssh|imap|pop3|brute-force|spam|mail|ziyadnz|hourly,2026-08-17T18:48:05Z,2026-08-17T18:48:05Z,
201.184.50.251,ipv4,persistent-attacker,medium,WHITE,blocklist.de/strongips|ziyadnz/hourly-ipv4,blocklist.de|persistent|ssh|imap|pop3|brute-force|spam|mail|ziyadnz|hourly,2026-08-17T18:48:05Z,2026-08-17T18:48:05Z,
201.186.40.250,ipv4,persistent-attacker,medium,WHITE,blocklist.de/strongips|ziyadnz/hourly-ipv4,blocklist.de|persistent|ssh|imap|pop3|brute-force|spam|mail|ziyadnz|hourly,2026-08-17T18:48:05Z,2026-08-17T18:48:05Z,
201.249.89.102,ipv4,persistent-attacker,medium,WHITE,blocklist.de/strongips|ziyadnz/hourly-ipv4,blocklist.de|persistent|ssh|imap|pop3|brute-force|spam|mail|ziyadnz|hourly,2026-08-17T18:48:05Z,2026-08-17T18:48:05Z,
202.125.94.71,ipv4,persistent-attacker,medium,WHITE,blocklist.de/strongips|ziyadnz/hourly-ipv4,blocklist.de|persistent|ssh|imap|pop3|brute-force|spam|mail|ziyadnz|hourly,2026-08-17T18:48:05Z,2026-08-17T18:48:05Z,
202.51.214.98,ipv4,persistent-attacker,high,WHITE,blocklist.de/strongips|blocklist.de/ssh|blocklist.de/all|ziyadnz/hourly-ipv4,blocklist.de|persistent|ssh|imap|pop3|brute-force|spam|mail|ziyadnz|hourly,2026-08-17T18:48:05Z,2026-08-17T18:48:05Z,
202.51.214.99,ipv4,persistent-attacker,medium,WHITE,blocklist.de/strongips|ziyadnz/hourly-ipv4,blocklist.de|persistent|ssh|imap|pop3|brute-force|spam|mail|ziyadnz|hourly,2026-08-17T18:48:05Z,2026-08-17T18:48:05Z,
202.85.222.190,ipv4,persistent-attacker,medium,WHITE,blocklist.de/strongips|ziyadnz/hourly-ipv4,blocklist.de|persistent|ssh|imap|pop3|brute-force|spam|mail|ziyadnz|hourly,2026-08-17T18:48:05Z,2026-08-17T18:48:05Z,
203.121.40.210,ipv4,persistent-attacker,high,WHITE,blocklist.de/strongips|blocklist.de/ssh|blocklist.de/all|ziyadnz/hourly-ipv4,blocklist.de|persistent|ssh|imap|pop3|brute-force|spam|mail|ziyadnz|hourly,2026-08-17T18:48:05Z,2026-08-17T18:48:05Z,
203.145.143.163,ipv4,persistent-attacker,high,WHITE,blocklist.de/strongips|blocklist.de/ssh|blocklist.de/all|ziyadnz/hourly-ipv4,blocklist.de|persistent|ssh|imap|pop3|brute-force|spam|mail|ziyadnz|hourly,2026-08-17T18:48:05Z,2026-08-17T18:48:05Z,
203.150.107.244,ipv4,persistent-attacker,high,WHITE,blocklist.de/strongips|blocklist.de/ssh|blocklist.de/all|ziyadnz/hourly-ipv4,blocklist.de|persistent|ssh|imap|pop3|brute-force|spam|mail|ziyadnz|hourly,2026-08-17T18:48:05Z,2026-08-17T18:48:05Z,
203.154.158.195,ipv4,persistent-attacker,high,WHITE,blocklist.de/strongips|blocklist.de/ssh|blocklist.de/all|ziyadnz/hourly-ipv4,blocklist.de|persistent|ssh|imap|pop3|brute-force|spam|mail|ziyadnz|hourly,2026-08-17T18:48:05Z,2026-08-17T18:48:05Z,
203.205.37.233,ipv4,persistent-attacker,high,WHITE,blocklist.de/strongips|blocklist.de/ssh|blocklist.de/all|ziyadnz/hourly-ipv4,blocklist.de|persistent|ssh|imap|pop3|brute-force|spam|mail|ziyadnz|hourly,2026-08-17T18:48:05Z,2026-08-17T18:48:05Z,
203.252.10.3,ipv4,persistent-attacker,high,WHITE,blocklist.de/strongips|blocklist.de/all|blocklist.de/mail|ziyadnz/hourly-ipv4,blocklist.de|persistent|ssh|imap|pop3|brute-force|spam|mail|ziyadnz|hourly,2026-08-17T18:48:05Z,2026-08-17T18:48:05Z,
207.249.96.38,ipv4,persistent-attacker,medium,WHITE,blocklist.de/strongips|ziyadnz/hourly-ipv4,blocklist.de|persistent|ssh|imap|pop3|brute-force|spam|mail|ziyadnz|hourly,2026-08-17T18:48:05Z,2026-08-17T18:48:05Z,
208.66.194.178,ipv4,persistent-attacker,high,WHITE,blocklist.de/strongips|blocklist.de/ssh|blocklist.de/all|ziyadnz/hourly-ipv4,blocklist.de|persistent|ssh|imap|pop3|brute-force|spam|mail|ziyadnz|hourly,2026-08-17T18:48:05Z,2026-08-17T18:48:05Z,
209.141.41.212,ipv4,persistent-attacker,high,WHITE,blocklist.de/strongips|blocklist.de/ssh|blocklist.de/all|ziyadnz/hourly-ipv4,blocklist.de|persistent|ssh|imap|pop3|brute-force|spam|mail|ziyadnz|hourly,2026-08-17T18:48:05Z,2026-08-17T18:48:05Z,
210.114.22.126,ipv4,persistent-attacker,high,WHITE,blocklist.de/strongips|blocklist.de/ssh|blocklist.de/all|ziyadnz/hourly-ipv4,blocklist.de|persistent|ssh|imap|pop3|brute-force|spam|mail|ziyadnz|hourly,2026-08-17T18:48:05Z,2026-08-17T18:48:05Z,
210.65.88.51,ipv4,persistent-attacker,high,WHITE,blocklist.de/strongips|blocklist.de/ssh|blocklist.de/all|ziyadnz/hourly-ipv4,blocklist.de|persistent|ssh|imap|pop3|brute-force|spam|mail|ziyadnz|hourly,2026-08-17T18:48:05Z,2026-08-17T18:48:05Z,
210.79.142.221,ipv4,persistent-attacker,medium,WHITE,blocklist.de/strongips|ziyadnz/hourly-ipv4,blocklist.de|persistent|ssh|imap|pop3|brute-force|spam|mail|ziyadnz|hourly,2026-08-17T18:48:05Z,2026-08-17T18:48:05Z,
211.196.31.2,ipv4,persistent-attacker,high,WHITE,blocklist.de/strongips|blocklist.de/all|blocklist.de/mail|ziyadnz/hourly-ipv4,blocklist.de|persistent|ssh|imap|pop3|brute-force|spam|mail|ziyadnz|hourly,2026-08-17T18:48:05Z,2026-08-17T18:48:05Z,
211.20.14.156,ipv4,persistent-attacker,high,WHITE,blocklist.de/strongips|blocklist.de/ssh|blocklist.de/all|ziyadnz/hourly-ipv4,blocklist.de|persistent|ssh|imap|pop3|brute-force|spam|mail|ziyadnz|hourly,2026-08-17T18:48:05Z,2026-08-17T18:48:05Z,
211.223.107.86,ipv4,persistent-attacker,high,WHITE,blocklist.de/strongips|blocklist.de/ssh|blocklist.de/all|ziyadnz/hourly-ipv4,blocklist.de|persistent|ssh|imap|pop3|brute-force|spam|mail|ziyadnz|hourly,2026-08-17T18:48:05Z,2026-08-17T18:48:05Z,
211.223.41.90,ipv4,persistent-attacker,high,WHITE,blocklist.de/strongips|blocklist.de/all|blocklist.de/mail|ziyadnz/hourly-ipv4,blocklist.de|persistent|ssh|imap|pop3|brute-force|spam|mail|ziyadnz|hourly,2026-08-17T18:48:05Z,2026-08-17T18:48:05Z,
211.228.113.27,ipv4,persistent-attacker,high,WHITE,blocklist.de/strongips|blocklist.de/all|blocklist.de/mail|ziyadnz/hourly-ipv4,blocklist.de|persistent|ssh|imap|pop3|brute-force|spam|mail|ziyadnz|hourly,2026-08-17T18:48:05Z,2026-08-17T18:48:05Z,
211.253.37.225,ipv4,persistent-attacker,high,WHITE,blocklist.de/strongips|blocklist.de/ssh|blocklist.de/all|ziyadnz/hourly-ipv4,blocklist.de|persistent|ssh|imap|pop3|brute-force|spam|mail|ziyadnz|hourly,2026-08-17T18:48:05Z,2026-08-17T18:48:05Z,
211.253.9.49,ipv4,persistent-attacker,high,WHITE,blocklist.de/strongips|blocklist.de/ssh|blocklist.de/all|ziyadnz/hourly-ipv4,blocklist.de|persistent|ssh|imap|pop3|brute-force|spam|mail|ziyadnz|hourly,2026-08-17T18:48:05Z,2026-08-17T18:48:05Z,
213.209.159.158,ipv4,persistent-attacker,medium,WHITE,blocklist.de/strongips|ziyadnz/hourly-ipv4,blocklist.de|persistent|ssh|imap|pop3|brute-force|spam|mail|ziyadnz|hourly,2026-08-17T18:48:05Z,2026-08-17T18:48:05Z,
213.209.159.56,ipv4,persistent-attacker,medium,WHITE,blocklist.de/strongips|ziyadnz/hourly-ipv4,blocklist.de|persistent|ssh|imap|pop3|brute-force|spam|mail|ziyadnz|hourly,2026-08-17T18:48:05Z,2026-08-17T18:48:05Z,
213.33.204.130,ipv4,persistent-attacker,high,WHITE,blocklist.de/strongips|blocklist.de/all|blocklist.de/mail|ziyadnz/hourly-ipv4,blocklist.de|persistent|ssh|imap|pop3|brute-force|spam|mail|ziyadnz|hourly,2026-08-17T18:48:05Z,2026-08-17T18:48:05Z,
213.6.203.226,ipv4,persistent-attacker,medium,WHITE,blocklist.de/strongips|ziyadnz/hourly-ipv4,blocklist.de|persistent|ssh|imap|pop3|brute-force|spam|mail|ziyadnz|hourly,2026-08-17T18:48:05Z,2026-08-17T18:48:05Z,
217.182.253.249,ipv4,persistent-attacker,high,WHITE,blocklist.de/strongips|blocklist.de/ssh|blocklist.de/all|ziyadnz/hourly-ipv4,blocklist.de|persistent|ssh|imap|pop3|brute-force|spam|mail|ziyadnz|hourly,2026-08-17T18:48:05Z,2026-08-17T18:48:05Z,
218.149.235.152,ipv4,persistent-attacker,high,WHITE,blocklist.de/strongips|blocklist.de/all|blocklist.de/mail|ziyadnz/hourly-ipv4,blocklist.de|persistent|ssh|imap|pop3|brute-force|spam|mail|ziyadnz|hourly,2026-08-17T18:48:05Z,2026-08-17T18:48:05Z,
218.206.136.24,ipv4,persistent-attacker,high,WHITE,blocklist.de/strongips|blocklist.de/all|blocklist.de/mail|ziyadnz/hourly-ipv4,blocklist.de|persistent|ssh|imap|pop3|brute-force|spam|mail|ziyadnz|hourly,2026-08-17T18:48:05Z,2026-08-17T18:48:05Z,
218.56.160.82,ipv4,persistent-attacker,high,WHITE,blocklist.de/strongips|blocklist.de/ssh|blocklist.de/all|ziyadnz/hourly-ipv4,blocklist.de|persistent|ssh|imap|pop3|brute-force|spam|mail|ziyadnz|hourly,2026-08-17T18:48:05Z,2026-08-17T18:48:05Z,
220.178.39.106,ipv4,persistent-attacker,high,WHITE,blocklist.de/strongips|blocklist.de/all|blocklist.de/mail|ziyadnz/hourly-ipv4,blocklist.de|persistent|ssh|imap|pop3|brute-force|spam|mail|ziyadnz|hourly,2026-08-17T18:48:05Z,2026-08-17T18:48:05Z,
220.196.191.58,ipv4,persistent-attacker,high,WHITE,blocklist.de/strongips|blocklist.de/ssh|blocklist.de/all|ziyadnz/hourly-ipv4,blocklist.de|persistent|ssh|imap|pop3|brute-force|spam|mail|ziyadnz|hourly,2026-08-17T18:48:05Z,2026-08-17T18:48:05Z,
220.247.224.226,ipv4,persistent-attacker,high,WHITE,blocklist.de/strongips|blocklist.de/ssh|blocklist.de/all|ziyadnz/hourly-ipv4,blocklist.de|persistent|ssh|imap|pop3|brute-force|spam|mail|ziyadnz|hourly,2026-08-17T18:48:05Z,2026-08-17T18:48:05Z,
220.80.223.144,ipv4,persistent-attacker,high,WHITE,blocklist.de/strongips|blocklist.de/all|blocklist.de/mail|ziyadnz/hourly-ipv4,blocklist.de|persistent|ssh|imap|pop3|brute-force|spam|mail|ziyadnz|hourly,2026-08-17T18:48:05Z,2026-08-17T18:48:05Z,
220.93.167.144,ipv4,persistent-attacker,high,WHITE,blocklist.de/strongips|blocklist.de/all|blocklist.de/mail|ziyadnz/hourly-ipv4,blocklist.de|persistent|ssh|imap|pop3|brute-force|spam|mail|ziyadnz|hourly,2026-08-17T18:48:05Z,2026-08-17T18:48:05Z,
221.139.88.149,ipv4,persistent-attacker,medium,WHITE,blocklist.de/strongips|ziyadnz/hourly-ipv4,blocklist.de|persistent|ssh|imap|pop3|brute-force|spam|mail|ziyadnz|hourly,2026-08-17T18:48:05Z,2026-08-17T18:48:05Z,
221.156.126.1,ipv4,persistent-attacker,high,WHITE,blocklist.de/strongips|blocklist.de/ssh|blocklist.de/all|ziyadnz/hourly-ipv4,blocklist.de|persistent|ssh|imap|pop3|brute-force|spam|mail|ziyadnz|hourly,2026-08-17T18:48:05Z,2026-08-17T18:48:05Z,
221.161.235.168,ipv4,persistent-attacker,high,WHITE,blocklist.de/strongips|blocklist.de/ssh|blocklist.de/all|ziyadnz/hourly-ipv4,blocklist.de|persistent|ssh|imap|pop3|brute-force|spam|mail|ziyadnz|hourly,2026-08-17T18:48:05Z,2026-08-17T18:48:05Z,
221.165.172.38,ipv4,persistent-attacker,high,WHITE,blocklist.de/strongips|blocklist.de/all|blocklist.de/mail|ziyadnz/hourly-ipv4,blocklist.de|persistent|ssh|imap|pop3|brute-force|spam|mail|ziyadnz|hourly,2026-08-17T18:48:05Z,2026-08-17T18:48:05Z,
221.213.129.46,ipv4,persistent-attacker,high,WHITE,blocklist.de/strongips|blocklist.de/ssh|blocklist.de/all|ziyadnz/hourly-ipv4,blocklist.de|persistent|ssh|imap|pop3|brute-force|spam|mail|ziyadnz|hourly,2026-08-17T18:48:05Z,2026-08-17T18:48:05Z,
222.107.156.227,ipv4,persistent-attacker,high,WHITE,blocklist.de/strongips|blocklist.de/ssh|blocklist.de/all|ziyadnz/hourly-ipv4,blocklist.de|persistent|ssh|imap|pop3|brute-force|spam|mail|ziyadnz|hourly,2026-08-17T18:48:05Z,2026-08-17T18:48:05Z,
222.108.100.117,ipv4,persistent-attacker,high,WHITE,blocklist.de/strongips|blocklist.de/ssh|blocklist.de/all|ziyadnz/hourly-ipv4,blocklist.de|persistent|ssh|imap|pop3|brute-force|spam|mail|ziyadnz|hourly,2026-08-17T18:48:05Z,2026-08-17T18:48:05Z,
222.120.176.6,ipv4,persistent-attacker,high,WHITE,blocklist.de/strongips|blocklist.de/all|blocklist.de/mail|ziyadnz/hourly-ipv4,blocklist.de|persistent|ssh|imap|pop3|brute-force|spam|mail|ziyadnz|hourly,2026-08-17T18:48:05Z,2026-08-17T18:48:05Z,
222.122.179.118,ipv4,persistent-attacker,medium,WHITE,blocklist.de/strongips|ziyadnz/hourly-ipv4,blocklist.de|persistent|ssh|imap|pop3|brute-force|spam|mail|ziyadnz|hourly,2026-08-17T18:48:05Z,2026-08-17T18:48:05Z,
222.239.251.12,ipv4,persistent-attacker,high,WHITE,blocklist.de/strongips|blocklist.de/ssh|blocklist.de/all|ziyadnz/hourly-ipv4,blocklist.de|persistent|ssh|imap|pop3|brute-force|spam|mail|ziyadnz|hourly,2026-08-17T18:48:05Z,2026-08-17T18:48:05Z,
222.98.122.37,ipv4,persistent-attacker,medium,WHITE,blocklist.de/strongips|ziyadnz/hourly-ipv4,blocklist.de|persistent|ssh|imap|pop3|brute-force|spam|mail|ziyadnz|hourly,2026-08-17T18:48:05Z,2026-08-17T18:48:05Z,
223.197.186.7,ipv4,persistent-attacker,high,WHITE,blocklist.de/strongips|blocklist.de/ssh|blocklist.de/all|ziyadnz/hourly-ipv4,blocklist.de|persistent|ssh|imap|pop3|brute-force|spam|mail|ziyadnz|hourly,2026-08-17T18:48:05Z,2026-08-17T18:48:05Z,
27.111.32.174,ipv4,persistent-attacker,medium,WHITE,blocklist.de/strongips|ziyadnz/hourly-ipv4,blocklist.de|persistent|ssh|imap|pop3|brute-force|spam|mail|ziyadnz|hourly,2026-08-17T18:48:05Z,2026-08-17T18:48:05Z,
34.123.134.194,ipv4,persistent-attacker,high,WHITE,blocklist.de/strongips|blocklist.de/ssh|blocklist.de/all|ziyadnz/hourly-ipv4,blocklist.de|persistent|ssh|imap|pop3|brute-force|spam|mail|ziyadnz|hourly,2026-08-17T18:48:05Z,2026-08-17T18:48:05Z,
34.140.65.171,ipv4,persistent-attacker,medium,WHITE,blocklist.de/strongips|ziyadnz/hourly-ipv4,blocklist.de|persistent|ssh|imap|pop3|brute-force|spam|mail|ziyadnz|hourly,2026-08-17T18:48:05Z,2026-08-17T18:48:05Z,
34.175.118.185,ipv4,persistent-attacker,high,WHITE,blocklist.de/strongips|blocklist.de/ssh|blocklist.de/all|ziyadnz/hourly-ipv4,blocklist.de|persistent|ssh|imap|pop3|brute-force|spam|mail|ziyadnz|hourly,2026-08-17T18:48:05Z,2026-08-17T18:48:05Z,
34.85.163.94,ipv4,persistent-attacker,medium,WHITE,blocklist.de/strongips|ziyadnz/hourly-ipv4,blocklist.de|persistent|ssh|imap|pop3|brute-force|spam|mail|ziyadnz|hourly,2026-08-17T18:48:05Z,2026-08-17T18:48:05Z,
34.91.0.68,ipv4,persistent-attacker,high,WHITE,blocklist.de/strongips|blocklist.de/ssh|blocklist.de/all|ziyadnz/hourly-ipv4,blocklist.de|persistent|ssh|imap|pop3|brute-force|spam|mail|ziyadnz|hourly,2026-08-17T18:48:05Z,2026-08-17T18:48:05Z,
35.222.117.243,ipv4,persistent-attacker,high,WHITE,blocklist.de/strongips|blocklist.de/ssh|blocklist.de/all|ziyadnz/hourly-ipv4,blocklist.de|persistent|ssh|imap|pop3|brute-force|spam|mail|ziyadnz|hourly,2026-08-17T18:48:05Z,2026-08-17T18:48:05Z,
35.237.94.18,ipv4,persistent-attacker,high,WHITE,blocklist.de/strongips|blocklist.de/ssh|blocklist.de/all|ziyadnz/hourly-ipv4,blocklist.de|persistent|ssh|imap|pop3|brute-force|spam|mail|ziyadnz|hourly,2026-08-17T18:48:05Z,2026-08-17T18:48:05Z,
36.255.3.203,ipv4,persistent-attacker,medium,WHITE,blocklist.de/strongips|ziyadnz/hourly-ipv4,blocklist.de|persistent|ssh|imap|pop3|brute-force|spam|mail|ziyadnz|hourly,2026-08-17T18:48:05Z,2026-08-17T18:48:05Z,
36.50.177.171,ipv4,persistent-attacker,medium,WHITE,blocklist.de/strongips|ziyadnz/hourly-ipv4,blocklist.de|persistent|ssh|imap|pop3|brute-force|spam|mail|ziyadnz|hourly,2026-08-17T18:48:05Z,2026-08-17T18:48:05Z,
36.64.68.99,ipv4,persistent-attacker,high,WHITE,blocklist.de/strongips|blocklist.de/ssh|blocklist.de/all|ziyadnz/hourly-ipv4,blocklist.de|persistent|ssh|imap|pop3|brute-force|spam|mail|ziyadnz|hourly,2026-08-17T18:48:05Z,2026-08-17T18:48:05Z,
36.66.16.233,ipv4,persistent-attacker,high,WHITE,blocklist.de/strongips|blocklist.de/ssh|blocklist.de/all|ziyadnz/hourly-ipv4,blocklist.de|persistent|ssh|imap|pop3|brute-force|spam|mail|ziyadnz|hourly,2026-08-17T18:48:05Z,2026-08-17T18:48:05Z,
40.83.182.122,ipv4,persistent-attacker,high,WHITE,blocklist.de/strongips|blocklist.de/ssh|blocklist.de/all|ziyadnz/hourly-ipv4,blocklist.de|persistent|ssh|imap|pop3|brute-force|spam|mail|ziyadnz|hourly,2026-08-17T18:48:05Z,2026-08-17T18:48:05Z,
41.220.3.101,ipv4,persistent-attacker,high,WHITE,blocklist.de/strongips|blocklist.de/all|blocklist.de/mail|ziyadnz/hourly-ipv4,blocklist.de|persistent|ssh|imap|pop3|brute-force|spam|mail|ziyadnz|hourly,2026-08-17T18:48:05Z,2026-08-17T18:48:05Z,
42.200.66.164,ipv4,persistent-attacker,high,WHITE,blocklist.de/strongips|blocklist.de/ssh|blocklist.de/all|ziyadnz/hourly-ipv4,blocklist.de|persistent|ssh|imap|pop3|brute-force|spam|mail|ziyadnz|hourly,2026-08-17T18:48:05Z,2026-08-17T18:48:05Z,
42.200.78.78,ipv4,persistent-attacker,medium,WHITE,blocklist.de/strongips|ziyadnz/hourly-ipv4,blocklist.de|persistent|ssh|imap|pop3|brute-force|spam|mail|ziyadnz|hourly,2026-08-17T18:48:05Z,2026-08-17T18:48:05Z,
43.242.247.141,ipv4,persistent-attacker,medium,WHITE,blocklist.de/strongips|ziyadnz/hourly-ipv4,blocklist.de|persistent|ssh|imap|pop3|brute-force|spam|mail|ziyadnz|hourly,2026-08-17T18:48:05Z,2026-08-17T18:48:05Z,
45.148.10.121,ipv4,persistent-attacker,medium,WHITE,blocklist.de/strongips|ziyadnz/hourly-ipv4,blocklist.de|persistent|ssh|imap|pop3|brute-force|spam|mail|ziyadnz|hourly,2026-08-17T18:48:05Z,2026-08-17T18:48:05Z,
45.148.10.141,ipv4,persistent-attacker,high,WHITE,blocklist.de/strongips|blocklist.de/ssh|blocklist.de/all|ziyadnz/hourly-ipv4,blocklist.de|persistent|ssh|imap|pop3|brute-force|spam|mail|ziyadnz|hourly,2026-08-17T18:48:05Z,2026-08-17T18:48:05Z,
45.148.10.147,ipv4,persistent-attacker,high,WHITE,blocklist.de/strongips|blocklist.de/ssh|blocklist.de/all|ziyadnz/hourly-ipv4,blocklist.de|persistent|ssh|imap|pop3|brute-force|spam|mail|ziyadnz|hourly,2026-08-17T18:48:05Z,2026-08-17T18:48:05Z,
45.148.10.151,ipv4,persistent-attacker,high,WHITE,blocklist.de/strongips|blocklist.de/ssh|blocklist.de/all|ziyadnz/hourly-ipv4,blocklist.de|persistent|ssh|imap|pop3|brute-force|spam|mail|ziyadnz|hourly,2026-08-17T18:48:05Z,2026-08-17T18:48:05Z,
45.148.10.152,ipv4,persistent-attacker,high,WHITE,blocklist.de/strongips|blocklist.de/ssh|blocklist.de/all|ziyadnz/hourly-ipv4,blocklist.de|persistent|ssh|imap|pop3|brute-force|spam|mail|ziyadnz|hourly,2026-08-17T18:48:05Z,2026-08-17T18:48:05Z,
45.148.10.157,ipv4,persistent-attacker,high,WHITE,blocklist.de/strongips|blocklist.de/ssh|blocklist.de/all|ziyadnz/hourly-ipv4,blocklist.de|persistent|ssh|imap|pop3|brute-force|spam|mail|ziyadnz|hourly,2026-08-17T18:48:05Z,2026-08-17T18:48:05Z,
45.148.10.183,ipv4,persistent-attacker,high,WHITE,blocklist.de/strongips|blocklist.de/ssh|blocklist.de/all|ziyadnz/hourly-ipv4,blocklist.de|persistent|ssh|imap|pop3|brute-force|spam|mail|ziyadnz|hourly,2026-08-17T18:48:05Z,2026-08-17T18:48:05Z,
45.148.10.240,ipv4,persistent-attacker,high,WHITE,blocklist.de/strongips|blocklist.de/ssh|blocklist.de/all|ziyadnz/hourly-ipv4,blocklist.de|persistent|ssh|imap|pop3|brute-force|spam|mail|ziyadnz|hourly,2026-08-17T18:48:05Z,2026-08-17T18:48:05Z,
45.164.39.253,ipv4,persistent-attacker,high,WHITE,blocklist.de/strongips|blocklist.de/ssh|blocklist.de/all|ziyadnz/hourly-ipv4,blocklist.de|persistent|ssh|imap|pop3|brute-force|spam|mail|ziyadnz|hourly,2026-08-17T18:48:05Z,2026-08-17T18:48:05Z,
45.172.152.74,ipv4,persistent-attacker,high,WHITE,blocklist.de/strongips|blocklist.de/ssh|blocklist.de/all|ziyadnz/hourly-ipv4,blocklist.de|persistent|ssh|imap|pop3|brute-force|spam|mail|ziyadnz|hourly,2026-08-17T18:48:05Z,2026-08-17T18:48:05Z,
45.172.153.100,ipv4,persistent-attacker,medium,WHITE,blocklist.de/strongips|ziyadnz/hourly-ipv4,blocklist.de|persistent|ssh|imap|pop3|brute-force|spam|mail|ziyadnz|hourly,2026-08-17T18:48:05Z,2026-08-17T18:48:05Z,
45.232.73.84,ipv4,persistent-attacker,high,WHITE,blocklist.de/strongips|blocklist.de/ssh|blocklist.de/all|ziyadnz/hourly-ipv4,blocklist.de|persistent|ssh|imap|pop3|brute-force|spam|mail|ziyadnz|hourly,2026-08-17T18:48:05Z,2026-08-17T18:48:05Z,
47.180.114.229,ipv4,persistent-attacker,medium,WHITE,blocklist.de/strongips|ziyadnz/hourly-ipv4,blocklist.de|persistent|ssh|imap|pop3|brute-force|spam|mail|ziyadnz|hourly,2026-08-17T18:48:05Z,2026-08-17T18:48:05Z,
49.231.192.36,ipv4,persistent-attacker,high,WHITE,blocklist.de/strongips|blocklist.de/all|ziyadnz/hourly-ipv4,blocklist.de|persistent|ssh|imap|pop3|brute-force|spam|mail|ziyadnz|hourly,2026-08-17T18:48:05Z,2026-08-17T18:48:05Z,
5.182.83.231,ipv4,persistent-attacker,medium,WHITE,blocklist.de/strongips|ziyadnz/hourly-ipv4,blocklist.de|persistent|ssh|imap|pop3|brute-force|spam|mail|ziyadnz|hourly,2026-08-17T18:48:05Z,2026-08-17T18:48:05Z,
50.225.176.238,ipv4,persistent-attacker,medium,WHITE,blocklist.de/strongips|ziyadnz/hourly-ipv4,blocklist.de|persistent|ssh|imap|pop3|brute-force|spam|mail|ziyadnz|hourly,2026-08-17T18:48:05Z,2026-08-17T18:48:05Z,
50.235.31.47,ipv4,persistent-attacker,high,WHITE,blocklist.de/strongips|blocklist.de/all|blocklist.de/mail|ziyadnz/hourly-ipv4,blocklist.de|persistent|ssh|imap|pop3|brute-force|spam|mail|ziyadnz|hourly,2026-08-17T18:48:05Z,2026-08-17T18:48:05Z,
50.255.62.89,ipv4,persistent-attacker,medium,WHITE,blocklist.de/strongips|ziyadnz/hourly-ipv4,blocklist.de|persistent|ssh|imap|pop3|brute-force|spam|mail|ziyadnz|hourly,2026-08-17T18:48:05Z,2026-08-17T18:48:05Z,
50.84.211.204,ipv4,persistent-attacker,high,WHITE,blocklist.de/strongips|blocklist.de/ssh|blocklist.de/all|ziyadnz/hourly-ipv4,blocklist.de|persistent|ssh|imap|pop3|brute-force|spam|mail|ziyadnz|hourly,2026-08-17T18:48:05Z,2026-08-17T18:48:05Z,
51.158.120.121,ipv4,persistent-attacker,medium,WHITE,blocklist.de/strongips|ziyadnz/hourly-ipv4,blocklist.de|persistent|ssh|imap|pop3|brute-force|spam|mail|ziyadnz|hourly,2026-08-17T18:48:05Z,2026-08-17T18:48:05Z,
51.178.43.161,ipv4,persistent-attacker,medium,WHITE,blocklist.de/strongips|ziyadnz/hourly-ipv4,blocklist.de|persistent|ssh|imap|pop3|brute-force|spam|mail|ziyadnz|hourly,2026-08-17T18:48:05Z,2026-08-17T18:48:05Z,
51.195.138.37,ipv4,persistent-attacker,medium,WHITE,blocklist.de/strongips|ziyadnz/hourly-ipv4,blocklist.de|persistent|ssh|imap|pop3|brute-force|spam|mail|ziyadnz|hourly,2026-08-17T18:48:05Z,2026-08-17T18:48:05Z,
51.68.226.87,ipv4,persistent-attacker,high,WHITE,blocklist.de/strongips|blocklist.de/ssh|blocklist.de/all|ziyadnz/hourly-ipv4,blocklist.de|persistent|ssh|imap|pop3|brute-force|spam|mail|ziyadnz|hourly,2026-08-17T18:48:05Z,2026-08-17T18:48:05Z,
51.75.253.68,ipv4,persistent-attacker,high,WHITE,blocklist.de/strongips|blocklist.de/ssh|blocklist.de/all|ziyadnz/hourly-ipv4,blocklist.de|persistent|ssh|imap|pop3|brute-force|spam|mail|ziyadnz|hourly,2026-08-17T18:48:05Z,2026-08-17T18:48:05Z,
51.89.166.236,ipv4,persistent-attacker,high,WHITE,blocklist.de/strongips|blocklist.de/ssh|blocklist.de/all|ziyadnz/hourly-ipv4,blocklist.de|persistent|ssh|imap|pop3|brute-force|spam|mail|ziyadnz|hourly,2026-08-17T18:48:05Z,2026-08-17T18:48:05Z,
52.187.9.8,ipv4,persistent-attacker,high,WHITE,blocklist.de/strongips|blocklist.de/ssh|blocklist.de/all|ziyadnz/hourly-ipv4,blocklist.de|persistent|ssh|imap|pop3|brute-force|spam|mail|ziyadnz|hourly,2026-08-17T18:48:05Z,2026-08-17T18:48:05Z,
52.232.19.79,ipv4,persistent-attacker,medium,WHITE,blocklist.de/strongips|ziyadnz/hourly-ipv4,blocklist.de|persistent|ssh|imap|pop3|brute-force|spam|mail|ziyadnz|hourly,2026-08-17T18:48:05Z,2026-08-17T18:48:05Z,
59.12.160.91,ipv4,persistent-attacker,medium,WHITE,blocklist.de/strongips|ziyadnz/hourly-ipv4,blocklist.de|persistent|ssh|imap|pop3|brute-force|spam|mail|ziyadnz|hourly,2026-08-17T18:48:05Z,2026-08-17T18:48:05Z,
59.24.133.197,ipv4,persistent-attacker,high,WHITE,blocklist.de/strongips|blocklist.de/ssh|blocklist.de/all|ziyadnz/hourly-ipv4,blocklist.de|persistent|ssh|imap|pop3|brute-force|spam|mail|ziyadnz|hourly,2026-08-17T18:48:05Z,2026-08-17T18:48:05Z,
60.199.224.2,ipv4,persistent-attacker,high,WHITE,blocklist.de/strongips|blocklist.de/ssh|blocklist.de/all|ziyadnz/hourly-ipv4,blocklist.de|persistent|ssh|imap|pop3|brute-force|spam|mail|ziyadnz|hourly,2026-08-17T18:48:05Z,2026-08-17T18:48:05Z,
60.199.224.55,ipv4,persistent-attacker,high,WHITE,blocklist.de/strongips|blocklist.de/ssh|blocklist.de/all|ziyadnz/hourly-ipv4,blocklist.de|persistent|ssh|imap|pop3|brute-force|spam|mail|ziyadnz|hourly,2026-08-17T18:48:05Z,2026-08-17T18:48:05Z,
61.183.86.2,ipv4,persistent-attacker,medium,WHITE,blocklist.de/strongips|ziyadnz/hourly-ipv4,blocklist.de|persistent|ssh|imap|pop3|brute-force|spam|mail|ziyadnz|hourly,2026-08-17T18:48:05Z,2026-08-17T18:48:05Z,
61.220.235.10,ipv4,persistent-attacker,high,WHITE,blocklist.de/strongips|blocklist.de/ssh|blocklist.de/all|ziyadnz/hourly-ipv4,blocklist.de|persistent|ssh|imap|pop3|brute-force|spam|mail|ziyadnz|hourly,2026-08-17T18:48:05Z,2026-08-17T18:48:05Z,
61.222.211.114,ipv4,persistent-attacker,high,WHITE,blocklist.de/strongips|blocklist.de/ssh|blocklist.de/all|ziyadnz/hourly-ipv4,blocklist.de|persistent|ssh|imap|pop3|brute-force|spam|mail|ziyadnz|hourly,2026-08-17T18:48:05Z,2026-08-17T18:48:05Z,
61.72.55.130,ipv4,persistent-attacker,high,WHITE,blocklist.de/strongips|blocklist.de/ssh|blocklist.de/all|ziyadnz/hourly-ipv4,blocklist.de|persistent|ssh|imap|pop3|brute-force|spam|mail|ziyadnz|hourly,2026-08-17T18:48:05Z,2026-08-17T18:48:05Z,
61.72.59.106,ipv4,persistent-attacker,high,WHITE,blocklist.de/strongips|blocklist.de/all|blocklist.de/mail|ziyadnz/hourly-ipv4,blocklist.de|persistent|ssh|imap|pop3|brute-force|spam|mail|ziyadnz|hourly,2026-08-17T18:48:05Z,2026-08-17T18:48:05Z,
61.73.190.98,ipv4,persistent-attacker,high,WHITE,blocklist.de/strongips|blocklist.de/all|blocklist.de/mail|ziyadnz/hourly-ipv4,blocklist.de|persistent|ssh|imap|pop3|brute-force|spam|mail|ziyadnz|hourly,2026-08-17T18:48:05Z,2026-08-17T18:48:05Z,
61.76.112.4,ipv4,persistent-attacker,medium,WHITE,blocklist.de/strongips|ziyadnz/hourly-ipv4,blocklist.de|persistent|ssh|imap|pop3|brute-force|spam|mail|ziyadnz|hourly,2026-08-17T18:48:05Z,2026-08-17T18:48:05Z,
62.193.106.227,ipv4,persistent-attacker,medium,WHITE,blocklist.de/strongips|ziyadnz/hourly-ipv4,blocklist.de|persistent|ssh|imap|pop3|brute-force|spam|mail|ziyadnz|hourly,2026-08-17T18:48:05Z,2026-08-17T18:48:05Z,
70.37.89.177,ipv4,persistent-attacker,medium,WHITE,blocklist.de/strongips|ziyadnz/hourly-ipv4,blocklist.de|persistent|ssh|imap|pop3|brute-force|spam|mail|ziyadnz|hourly,2026-08-17T18:48:05Z,2026-08-17T18:48:05Z,
70.54.182.130,ipv4,persistent-attacker,medium,WHITE,blocklist.de/strongips|ziyadnz/hourly-ipv4,blocklist.de|persistent|ssh|imap|pop3|brute-force|spam|mail|ziyadnz|hourly,2026-08-17T18:48:05Z,2026-08-17T18:48:05Z,
72.167.227.34,ipv4,persistent-attacker,medium,WHITE,blocklist.de/strongips|ziyadnz/hourly-ipv4,blocklist.de|persistent|ssh|imap|pop3|brute-force|spam|mail|ziyadnz|hourly,2026-08-17T18:48:05Z,2026-08-17T18:48:05Z,
72.240.125.133,ipv4,persistent-attacker,high,WHITE,blocklist.de/strongips|blocklist.de/ssh|blocklist.de/all|ziyadnz/hourly-ipv4,blocklist.de|persistent|ssh|imap|pop3|brute-force|spam|mail|ziyadnz|hourly,2026-08-17T18:48:05Z,2026-08-17T18:48:05Z,
74.91.200.217,ipv4,persistent-attacker,medium,WHITE,blocklist.de/strongips|ziyadnz/hourly-ipv4,blocklist.de|persistent|ssh|imap|pop3|brute-force|spam|mail|ziyadnz|hourly,2026-08-17T18:48:05Z,2026-08-17T18:48:05Z,
74.94.234.151,ipv4,persistent-attacker,high,WHITE,blocklist.de/strongips|blocklist.de/ssh|blocklist.de/all|ziyadnz/hourly-ipv4,blocklist.de|persistent|ssh|imap|pop3|brute-force|spam|mail|ziyadnz|hourly,2026-08-17T18:48:05Z,2026-08-17T18:48:05Z,
76.132.238.43,ipv4,persistent-attacker,high,WHITE,blocklist.de/strongips|blocklist.de/all|blocklist.de/mail|ziyadnz/hourly-ipv4,blocklist.de|persistent|ssh|imap|pop3|brute-force|spam|mail|ziyadnz|hourly,2026-08-17T18:48:05Z,2026-08-17T18:48:05Z,
79.104.0.82,ipv4,persistent-attacker,medium,WHITE,blocklist.de/strongips|ziyadnz/hourly-ipv4,blocklist.de|persistent|ssh|imap|pop3|brute-force|spam|mail|ziyadnz|hourly,2026-08-17T18:48:05Z,2026-08-17T18:48:05Z,
80.253.31.232,ipv4,persistent-attacker,high,WHITE,blocklist.de/strongips|blocklist.de/ssh|blocklist.de/all|ziyadnz/hourly-ipv4,blocklist.de|persistent|ssh|imap|pop3|brute-force|spam|mail|ziyadnz|hourly,2026-08-17T18:48:05Z,2026-08-17T18:48:05Z,
80.94.92.164,ipv4,persistent-attacker,medium,WHITE,blocklist.de/strongips|ziyadnz/hourly-ipv4,blocklist.de|persistent|ssh|imap|pop3|brute-force|spam|mail|ziyadnz|hourly,2026-08-17T18:48:05Z,2026-08-17T18:48:05Z,
80.94.92.165,ipv4,persistent-attacker,medium,WHITE,blocklist.de/strongips|ziyadnz/hourly-ipv4,blocklist.de|persistent|ssh|imap|pop3|brute-force|spam|mail|ziyadnz|hourly,2026-08-17T18:48:05Z,2026-08-17T18:48:05Z,
80.94.92.166,ipv4,persistent-attacker,medium,WHITE,blocklist.de/strongips|ziyadnz/hourly-ipv4,blocklist.de|persistent|ssh|imap|pop3|brute-force|spam|mail|ziyadnz|hourly,2026-08-17T18:48:05Z,2026-08-17T18:48:05Z,
80.94.92.167,ipv4,persistent-attacker,medium,WHITE,blocklist.de/strongips|ziyadnz/hourly-ipv4,blocklist.de|persistent|ssh|imap|pop3|brute-force|spam|mail|ziyadnz|hourly,2026-08-17T18:48:05Z,2026-08-17T18:48:05Z,
80.94.92.171,ipv4,persistent-attacker,medium,WHITE,blocklist.de/strongips|ziyadnz/hourly-ipv4,blocklist.de|persistent|ssh|imap|pop3|brute-force|spam|mail|ziyadnz|hourly,2026-08-17T18:48:05Z,2026-08-17T18:48:05Z,
80.94.92.177,ipv4,persistent-attacker,medium,WHITE,blocklist.de/strongips|ziyadnz/hourly-ipv4,blocklist.de|persistent|ssh|imap|pop3|brute-force|spam|mail|ziyadnz|hourly,2026-08-17T18:48:05Z,2026-08-17T18:48:05Z,
80.94.92.182,ipv4,persistent-attacker,medium,WHITE,blocklist.de/strongips|ziyadnz/hourly-ipv4,blocklist.de|persistent|ssh|imap|pop3|brute-force|spam|mail|ziyadnz|hourly,2026-08-17T18:48:05Z,2026-08-17T18:48:05Z,
80.94.92.183,ipv4,persistent-attacker,medium,WHITE,blocklist.de/strongips|ziyadnz/hourly-ipv4,blocklist.de|persistent|ssh|imap|pop3|brute-force|spam|mail|ziyadnz|hourly,2026-08-17T18:48:05Z,2026-08-17T18:48:05Z,
80.94.92.184,ipv4,persistent-attacker,medium,WHITE,blocklist.de/strongips|ziyadnz/hourly-ipv4,blocklist.de|persistent|ssh|imap|pop3|brute-force|spam|mail|ziyadnz|hourly,2026-08-17T18:48:05Z,2026-08-17T18:48:05Z,
80.94.92.186,ipv4,persistent-attacker,medium,WHITE,blocklist.de/strongips|ziyadnz/hourly-ipv4,blocklist.de|persistent|ssh|imap|pop3|brute-force|spam|mail|ziyadnz|hourly,2026-08-17T18:48:05Z,2026-08-17T18:48:05Z,
80.94.92.187,ipv4,persistent-attacker,medium,WHITE,blocklist.de/strongips|ziyadnz/hourly-ipv4,blocklist.de|persistent|ssh|imap|pop3|brute-force|spam|mail|ziyadnz|hourly,2026-08-17T18:48:05Z,2026-08-17T18:48:05Z,
80.94.92.67,ipv4,persistent-attacker,medium,WHITE,blocklist.de/strongips|ziyadnz/hourly-ipv4,blocklist.de|persistent|ssh|imap|pop3|brute-force|spam|mail|ziyadnz|hourly,2026-08-17T18:48:05Z,2026-08-17T18:48:05Z,
80.94.92.68,ipv4,persistent-attacker,medium,WHITE,blocklist.de/strongips|ziyadnz/hourly-ipv4,blocklist.de|persistent|ssh|imap|pop3|brute-force|spam|mail|ziyadnz|hourly,2026-08-17T18:48:05Z,2026-08-17T18:48:05Z,
80.94.95.115,ipv4,persistent-attacker,medium,WHITE,blocklist.de/strongips|ziyadnz/hourly-ipv4,blocklist.de|persistent|ssh|imap|pop3|brute-force|spam|mail|ziyadnz|hourly,2026-08-17T18:48:05Z,2026-08-17T18:48:05Z,
80.94.95.116,ipv4,persistent-attacker,medium,WHITE,blocklist.de/strongips|ziyadnz/hourly-ipv4,blocklist.de|persistent|ssh|imap|pop3|brute-force|spam|mail|ziyadnz|hourly,2026-08-17T18:48:05Z,2026-08-17T18:48:05Z,
80.94.95.242,ipv4,persistent-attacker,high,WHITE,blocklist.de/strongips|blocklist.de/imap|blocklist.de/all|blocklist.de/mail|ziyadnz/hourly-ipv4,blocklist.de|persistent|ssh|imap|pop3|brute-force|spam|mail|ziyadnz|hourly,2026-08-17T18:48:05Z,2026-08-17T18:48:05Z,
81.192.46.45,ipv4,persistent-attacker,high,WHITE,blocklist.de/strongips|blocklist.de/ssh|blocklist.de/all|ziyadnz/hourly-ipv4,blocklist.de|persistent|ssh|imap|pop3|brute-force|spam|mail|ziyadnz|hourly,2026-08-17T18:48:05Z,2026-08-17T18:48:05Z,
81.192.46.49,ipv4,persistent-attacker,high,WHITE,blocklist.de/strongips|blocklist.de/all|ziyadnz/hourly-ipv4,blocklist.de|persistent|ssh|imap|pop3|brute-force|spam|mail|ziyadnz|hourly,2026-08-17T18:48:05Z,2026-08-17T18:48:05Z,
81.211.72.167,ipv4,persistent-attacker,high,WHITE,blocklist.de/strongips|blocklist.de/ssh|blocklist.de/all|ziyadnz/hourly-ipv4,blocklist.de|persistent|ssh|imap|pop3|brute-force|spam|mail|ziyadnz|hourly,2026-08-17T18:48:05Z,2026-08-17T18:48:05Z,
81.28.167.30,ipv4,persistent-attacker,medium,WHITE,blocklist.de/strongips|ziyadnz/hourly-ipv4,blocklist.de|persistent|ssh|imap|pop3|brute-force|spam|mail|ziyadnz|hourly,2026-08-17T18:48:05Z,2026-08-17T18:48:05Z,
83.235.16.111,ipv4,persistent-attacker,high,WHITE,blocklist.de/strongips|blocklist.de/ssh|blocklist.de/all|ziyadnz/hourly-ipv4,blocklist.de|persistent|ssh|imap|pop3|brute-force|spam|mail|ziyadnz|hourly,2026-08-17T18:48:05Z,2026-08-17T18:48:05Z,
83.239.84.130,ipv4,persistent-attacker,high,WHITE,blocklist.de/strongips|blocklist.de/all|blocklist.de/mail|ziyadnz/hourly-ipv4,blocklist.de|persistent|ssh|imap|pop3|brute-force|spam|mail|ziyadnz|hourly,2026-08-17T18:48:05Z,2026-08-17T18:48:05Z,
85.19.195.12,ipv4,persistent-attacker,high,WHITE,blocklist.de/strongips|blocklist.de/all|blocklist.de/mail|ziyadnz/hourly-ipv4,blocklist.de|persistent|ssh|imap|pop3|brute-force|spam|mail|ziyadnz|hourly,2026-08-17T18:48:05Z,2026-08-17T18:48:05Z,
87.103.126.54,ipv4,persistent-attacker,high,WHITE,blocklist.de/strongips|blocklist.de/all|blocklist.de/mail|ziyadnz/hourly-ipv4,blocklist.de|persistent|ssh|imap|pop3|brute-force|spam|mail|ziyadnz|hourly,2026-08-17T18:48:05Z,2026-08-17T18:48:05Z,
87.251.64.144,ipv4,persistent-attacker,medium,WHITE,blocklist.de/strongips|ziyadnz/hourly-ipv4,blocklist.de|persistent|ssh|imap|pop3|brute-force|spam|mail|ziyadnz|hourly,2026-08-17T18:48:05Z,2026-08-17T18:48:05Z,
87.251.64.145,ipv4,persistent-attacker,medium,WHITE,blocklist.de/strongips|ziyadnz/hourly-ipv4,blocklist.de|persistent|ssh|imap|pop3|brute-force|spam|mail|ziyadnz|hourly,2026-08-17T18:48:05Z,2026-08-17T18:48:05Z,
87.251.64.147,ipv4,persistent-attacker,medium,WHITE,blocklist.de/strongips|ziyadnz/hourly-ipv4,blocklist.de|persistent|ssh|imap|pop3|brute-force|spam|mail|ziyadnz|hourly,2026-08-17T18:48:05Z,2026-08-17T18:48:05Z,
87.251.64.149,ipv4,persistent-attacker,medium,WHITE,blocklist.de/strongips|ziyadnz/hourly-ipv4,blocklist.de|persistent|ssh|imap|pop3|brute-force|spam|mail|ziyadnz|hourly,2026-08-17T18:48:05Z,2026-08-17T18:48:05Z,
88.142.46.185,ipv4,persistent-attacker,medium,WHITE,blocklist.de/strongips|ziyadnz/hourly-ipv4,blocklist.de|persistent|ssh|imap|pop3|brute-force|spam|mail|ziyadnz|hourly,2026-08-17T18:48:05Z,2026-08-17T18:48:05Z,
89.47.53.19,ipv4,persistent-attacker,medium,WHITE,blocklist.de/strongips|ziyadnz/hourly-ipv4,blocklist.de|persistent|ssh|imap|pop3|brute-force|spam|mail|ziyadnz|hourly,2026-08-17T18:48:05Z,2026-08-17T18:48:05Z,
91.144.21.210,ipv4,persistent-attacker,high,WHITE,blocklist.de/strongips|blocklist.de/ssh|blocklist.de/all|ziyadnz/hourly-ipv4,blocklist.de|persistent|ssh|imap|pop3|brute-force|spam|mail|ziyadnz|hourly,2026-08-17T18:48:05Z,2026-08-17T18:48:05Z,
91.205.128.170,ipv4,persistent-attacker,medium,WHITE,blocklist.de/strongips|ziyadnz/hourly-ipv4,blocklist.de|persistent|ssh|imap|pop3|brute-force|spam|mail|ziyadnz|hourly,2026-08-17T18:48:05Z,2026-08-17T18:48:05Z,
91.224.92.50,ipv4,persistent-attacker,medium,WHITE,blocklist.de/strongips|ziyadnz/hourly-ipv4,blocklist.de|persistent|ssh|imap|pop3|brute-force|spam|mail|ziyadnz|hourly,2026-08-17T18:48:05Z,2026-08-17T18:48:05Z,
91.92.199.36,ipv4,persistent-attacker,high,WHITE,blocklist.de/strongips|blocklist.de/ssh|blocklist.de/all|ziyadnz/hourly-ipv4,blocklist.de|persistent|ssh|imap|pop3|brute-force|spam|mail|ziyadnz|hourly,2026-08-17T18:48:05Z,2026-08-17T18:48:05Z,
92.118.39.195,ipv4,persistent-attacker,medium,WHITE,blocklist.de/strongips|ziyadnz/hourly-ipv4,blocklist.de|persistent|ssh|imap|pop3|brute-force|spam|mail|ziyadnz|hourly,2026-08-17T18:48:05Z,2026-08-17T18:48:05Z,
92.118.39.196,ipv4,persistent-attacker,medium,WHITE,blocklist.de/strongips|ziyadnz/hourly-ipv4,blocklist.de|persistent|ssh|imap|pop3|brute-force|spam|mail|ziyadnz|hourly,2026-08-17T18:48:05Z,2026-08-17T18:48:05Z,
92.118.39.197,ipv4,persistent-attacker,medium,WHITE,blocklist.de/strongips|ziyadnz/hourly-ipv4,blocklist.de|persistent|ssh|imap|pop3|brute-force|spam|mail|ziyadnz|hourly,2026-08-17T18:48:05Z,2026-08-17T18:48:05Z,
92.118.39.235,ipv4,persistent-attacker,medium,WHITE,blocklist.de/strongips|ziyadnz/hourly-ipv4,blocklist.de|persistent|ssh|imap|pop3|brute-force|spam|mail|ziyadnz|hourly,2026-08-17T18:48:05Z,2026-08-17T18:48:05Z,
92.118.39.236,ipv4,persistent-attacker,medium,WHITE,blocklist.de/strongips|ziyadnz/hourly-ipv4,blocklist.de|persistent|ssh|imap|pop3|brute-force|spam|mail|ziyadnz|hourly,2026-08-17T18:48:05Z,2026-08-17T18:48:05Z,
92.118.39.56,ipv4,persistent-attacker,medium,WHITE,blocklist.de/strongips|ziyadnz/hourly-ipv4,blocklist.de|persistent|ssh|imap|pop3|brute-force|spam|mail|ziyadnz|hourly,2026-08-17T18:48:05Z,2026-08-17T18:48:05Z,
92.118.39.62,ipv4,persistent-attacker,medium,WHITE,blocklist.de/strongips|ziyadnz/hourly-ipv4,blocklist.de|persistent|ssh|imap|pop3|brute-force|spam|mail|ziyadnz|hourly,2026-08-17T18:48:05Z,2026-08-17T18:48:05Z,
92.118.39.63,ipv4,persistent-attacker,medium,WHITE,blocklist.de/strongips|ziyadnz/hourly-ipv4,blocklist.de|persistent|ssh|imap|pop3|brute-force|spam|mail|ziyadnz|hourly,2026-08-17T18:48:05Z,2026-08-17T18:48:05Z,
92.118.39.71,ipv4,persistent-attacker,high,WHITE,blocklist.de/strongips|blocklist.de/ssh|blocklist.de/all|ziyadnz/hourly-ipv4,blocklist.de|persistent|ssh|imap|pop3|brute-force|spam|mail|ziyadnz|hourly,2026-08-17T18:48:05Z,2026-08-17T18:48:05Z,
92.118.39.72,ipv4,persistent-attacker,medium,WHITE,blocklist.de/strongips|ziyadnz/hourly-ipv4,blocklist.de|persistent|ssh|imap|pop3|brute-force|spam|mail|ziyadnz|hourly,2026-08-17T18:48:05Z,2026-08-17T18:48:05Z,
92.118.39.76,ipv4,persistent-attacker,medium,WHITE,blocklist.de/strongips|ziyadnz/hourly-ipv4,blocklist.de|persistent|ssh|imap|pop3|brute-force|spam|mail|ziyadnz|hourly,2026-08-17T18:48:05Z,2026-08-17T18:48:05Z,
92.118.39.92,ipv4,persistent-attacker,medium,WHITE,blocklist.de/strongips|ziyadnz/hourly-ipv4,blocklist.de|persistent|ssh|imap|pop3|brute-force|spam|mail|ziyadnz|hourly,2026-08-17T18:48:05Z,2026-08-17T18:48:05Z,
92.118.39.95,ipv4,persistent-attacker,medium,WHITE,blocklist.de/strongips|ziyadnz/hourly-ipv4,blocklist.de|persistent|ssh|imap|pop3|brute-force|spam|mail|ziyadnz|hourly,2026-08-17T18:48:05Z,2026-08-17T18:48:05Z,
92.205.57.72,ipv4,persistent-attacker,high,WHITE,blocklist.de/strongips|blocklist.de/ssh|blocklist.de/all|ziyadnz/hourly-ipv4,blocklist.de|persistent|ssh|imap|pop3|brute-force|spam|mail|ziyadnz|hourly,2026-08-17T18:48:05Z,2026-08-17T18:48:05Z,
92.27.101.99,ipv4,persistent-attacker,high,WHITE,blocklist.de/strongips|blocklist.de/ssh|blocklist.de/all|ziyadnz/hourly-ipv4,blocklist.de|persistent|ssh|imap|pop3|brute-force|spam|mail|ziyadnz|hourly,2026-08-17T18:48:05Z,2026-08-17T18:48:05Z,
93.94.141.115,ipv4,persistent-attacker,medium,WHITE,blocklist.de/strongips|ziyadnz/hourly-ipv4,blocklist.de|persistent|ssh|imap|pop3|brute-force|spam|mail|ziyadnz|hourly,2026-08-17T18:48:05Z,2026-08-17T18:48:05Z,
95.167.225.76,ipv4,persistent-attacker,medium,WHITE,blocklist.de/strongips|ziyadnz/hourly-ipv4,blocklist.de|persistent|ssh|imap|pop3|brute-force|spam|mail|ziyadnz|hourly,2026-08-17T18:48:05Z,2026-08-17T18:48:05Z,
95.188.91.101,ipv4,persistent-attacker,medium,WHITE,blocklist.de/strongips|ziyadnz/hourly-ipv4,blocklist.de|persistent|ssh|imap|pop3|brute-force|spam|mail|ziyadnz|hourly,2026-08-17T18:48:05Z,2026-08-17T18:48:05Z,
95.58.255.251,ipv4,persistent-attacker,high,WHITE,blocklist.de/strongips|blocklist.de/ssh|blocklist.de/all|ziyadnz/hourly-ipv4,blocklist.de|persistent|ssh|imap|pop3|brute-force|spam|mail|ziyadnz|hourly,2026-08-17T18:48:05Z,2026-08-17T18:48:05Z,
95.79.108.51,ipv4,persistent-attacker,high,WHITE,blocklist.de/strongips|blocklist.de/all|blocklist.de/mail|ziyadnz/hourly-ipv4,blocklist.de|persistent|ssh|imap|pop3|brute-force|spam|mail|ziyadnz|hourly,2026-08-17T18:48:05Z,2026-08-17T18:48:05Z,
1.160.220.46,ipv4,web-brute-force,high,WHITE,blocklist.de/bruteforcelogin|blocklist.de/all|blocklist.de/apache|ziyadnz/hourly-ipv4,blocklist.de|wordpress|joomla|brute-force|bot|irc-bot|apache|rfi|ddos|ziyadnz|hourly,2026-08-17T18:48:05Z,2026-08-17T18:48:05Z,
101.53.238.27,ipv4,web-brute-force,high,WHITE,blocklist.de/bruteforcelogin|blocklist.de/all|blocklist.de/apache|ziyadnz/hourly-ipv4,blocklist.de|wordpress|joomla|brute-force|bot|irc-bot|apache|rfi|ddos|ziyadnz|hourly,2026-08-17T18:48:05Z,2026-08-17T18:48:05Z,
102.165.55.157,ipv4,web-brute-force,high,WHITE,blocklist.de/bruteforcelogin|blocklist.de/all|blocklist.de/apache|ziyadnz/hourly-ipv4,blocklist.de|wordpress|joomla|brute-force|bot|irc-bot|apache|rfi|ddos|ziyadnz|hourly,2026-08-17T18:48:05Z,2026-08-17T18:48:05Z,
102.17.207.183,ipv4,web-brute-force,high,WHITE,blocklist.de/bruteforcelogin|blocklist.de/all|blocklist.de/apache|ziyadnz/hourly-ipv4,blocklist.de|wordpress|joomla|brute-force|bot|irc-bot|apache|rfi|ddos|ziyadnz|hourly,2026-08-17T18:48:05Z,2026-08-17T18:48:05Z,
102.218.40.17,ipv4,web-brute-force,high,WHITE,blocklist.de/bruteforcelogin|blocklist.de/all|blocklist.de/apache|ziyadnz/hourly-ipv4,blocklist.de|wordpress|joomla|brute-force|bot|irc-bot|apache|rfi|ddos|ziyadnz|hourly,2026-08-17T18:48:05Z,2026-08-17T18:48:05Z,
102.219.24.200,ipv4,web-brute-force,high,WHITE,blocklist.de/bruteforcelogin|blocklist.de/all|blocklist.de/apache|ziyadnz/hourly-ipv4,blocklist.de|wordpress|joomla|brute-force|bot|irc-bot|apache|rfi|ddos|ziyadnz|hourly,2026-08-17T18:48:05Z,2026-08-17T18:48:05Z,
102.220.160.239,ipv4,web-brute-force,high,WHITE,blocklist.de/bruteforcelogin|blocklist.de/all|blocklist.de/apache|ziyadnz/hourly-ipv4,blocklist.de|wordpress|joomla|brute-force|bot|irc-bot|apache|rfi|ddos|ziyadnz|hourly,2026-08-17T18:48:05Z,2026-08-17T18:48:05Z,
102.64.162.16,ipv4,web-brute-force,high,WHITE,blocklist.de/bruteforcelogin|blocklist.de/all|blocklist.de/apache|ziyadnz/hourly-ipv4,blocklist.de|wordpress|joomla|brute-force|bot|irc-bot|apache|rfi|ddos|ziyadnz|hourly,2026-08-17T18:48:05Z,2026-08-17T18:48:05Z,
103.115.197.132,ipv4,web-brute-force,high,WHITE,blocklist.de/bruteforcelogin|blocklist.de/all|blocklist.de/apache|ziyadnz/hourly-ipv4,blocklist.de|wordpress|joomla|brute-force|bot|irc-bot|apache|rfi|ddos|ziyadnz|hourly,2026-08-17T18:48:05Z,2026-08-17T18:48:05Z,
103.118.35.22,ipv4,web-brute-force,high,WHITE,blocklist.de/bruteforcelogin|blocklist.de/all|blocklist.de/apache|ziyadnz/hourly-ipv4,blocklist.de|wordpress|joomla|brute-force|bot|irc-bot|apache|rfi|ddos|ziyadnz|hourly,2026-08-17T18:48:05Z,2026-08-17T18:48:05Z,
103.137.148.42,ipv4,web-brute-force,high,WHITE,blocklist.de/bruteforcelogin|blocklist.de/all|blocklist.de/apache|ziyadnz/hourly-ipv4,blocklist.de|wordpress|joomla|brute-force|bot|irc-bot|apache|rfi|ddos|ziyadnz|hourly,2026-08-17T18:48:05Z,2026-08-17T18:48:05Z,
103.147.32.194,ipv4,web-brute-force,high,WHITE,blocklist.de/bruteforcelogin|blocklist.de/all|blocklist.de/apache|ziyadnz/hourly-ipv4,blocklist.de|wordpress|joomla|brute-force|bot|irc-bot|apache|rfi|ddos|ziyadnz|hourly,2026-08-17T18:48:05Z,2026-08-17T18:48:05Z,
103.160.172.243,ipv4,web-brute-force,high,WHITE,blocklist.de/bruteforcelogin|blocklist.de/all|blocklist.de/apache|ziyadnz/hourly-ipv4,blocklist.de|wordpress|joomla|brute-force|bot|irc-bot|apache|rfi|ddos|ziyadnz|hourly,2026-08-17T18:48:05Z,2026-08-17T18:48:05Z,
103.166.103.218,ipv4,web-brute-force,high,WHITE,blocklist.de/bruteforcelogin|blocklist.de/all|blocklist.de/apache|ziyadnz/hourly-ipv4,blocklist.de|wordpress|joomla|brute-force|bot|irc-bot|apache|rfi|ddos|ziyadnz|hourly,2026-08-17T18:48:05Z,2026-08-17T18:48:05Z,
103.168.239.34,ipv4,web-brute-force,high,WHITE,blocklist.de/bruteforcelogin|blocklist.de/all|blocklist.de/apache|ziyadnz/hourly-ipv4,blocklist.de|wordpress|joomla|brute-force|bot|irc-bot|apache|rfi|ddos|ziyadnz|hourly,2026-08-17T18:48:05Z,2026-08-17T18:48:05Z,
103.171.117.43,ipv4,web-brute-force,high,WHITE,blocklist.de/bruteforcelogin|blocklist.de/all|blocklist.de/apache|ziyadnz/hourly-ipv4,blocklist.de|wordpress|joomla|brute-force|bot|irc-bot|apache|rfi|ddos|ziyadnz|hourly,2026-08-17T18:48:05Z,2026-08-17T18:48:05Z,
103.171.65.66,ipv4,web-brute-force,high,WHITE,blocklist.de/bruteforcelogin|blocklist.de/all|blocklist.de/apache|ziyadnz/hourly-ipv4,blocklist.de|wordpress|joomla|brute-force|bot|irc-bot|apache|rfi|ddos|ziyadnz|hourly,2026-08-17T18:48:05Z,2026-08-17T18:48:05Z,
103.175.181.161,ipv4,web-brute-force,high,WHITE,blocklist.de/bruteforcelogin|blocklist.de/all|blocklist.de/apache|ziyadnz/hourly-ipv4,blocklist.de|wordpress|joomla|brute-force|bot|irc-bot|apache|rfi|ddos|ziyadnz|hourly,2026-08-17T18:48:05Z,2026-08-17T18:48:05Z,
103.179.190.58,ipv4,web-brute-force,high,WHITE,blocklist.de/bruteforcelogin|blocklist.de/all|blocklist.de/apache|ziyadnz/hourly-ipv4,blocklist.de|wordpress|joomla|brute-force|bot|irc-bot|apache|rfi|ddos|ziyadnz|hourly,2026-08-17T18:48:05Z,2026-08-17T18:48:05Z,
103.184.181.193,ipv4,web-brute-force,high,WHITE,blocklist.de/bruteforcelogin|blocklist.de/all|blocklist.de/apache|ziyadnz/hourly-ipv4,blocklist.de|wordpress|joomla|brute-force|bot|irc-bot|apache|rfi|ddos|ziyadnz|hourly,2026-08-17T18:48:05Z,2026-08-17T18:48:05Z,
103.189.201.195,ipv4,web-brute-force,high,WHITE,blocklist.de/bruteforcelogin|blocklist.de/all|blocklist.de/apache|ziyadnz/hourly-ipv4,blocklist.de|wordpress|joomla|brute-force|bot|irc-bot|apache|rfi|ddos|ziyadnz|hourly,2026-08-17T18:48:05Z,2026-08-17T18:48:05Z,
103.191.119.222,ipv4,web-brute-force,high,WHITE,blocklist.de/bruteforcelogin|blocklist.de/all|blocklist.de/apache|ziyadnz/hourly-ipv4,blocklist.de|wordpress|joomla|brute-force|bot|irc-bot|apache|rfi|ddos|ziyadnz|hourly,2026-08-17T18:48:05Z,2026-08-17T18:48:05Z,
103.214.63.56,ipv4,web-brute-force,high,WHITE,blocklist.de/bruteforcelogin|blocklist.de/all|blocklist.de/apache|ziyadnz/hourly-ipv4,blocklist.de|wordpress|joomla|brute-force|bot|irc-bot|apache|rfi|ddos|ziyadnz|hourly,2026-08-17T18:48:05Z,2026-08-17T18:48:05Z,
103.24.86.17,ipv4,web-brute-force,high,WHITE,blocklist.de/bruteforcelogin|blocklist.de/all|blocklist.de/apache|ziyadnz/hourly-ipv4,blocklist.de|wordpress|joomla|brute-force|bot|irc-bot|apache|rfi|ddos|ziyadnz|hourly,2026-08-17T18:48:05Z,2026-08-17T18:48:05Z,
103.249.82.242,ipv4,web-brute-force,high,WHITE,blocklist.de/bruteforcelogin|blocklist.de/all|blocklist.de/apache|ziyadnz/hourly-ipv4,blocklist.de|wordpress|joomla|brute-force|bot|irc-bot|apache|rfi|ddos|ziyadnz|hourly,2026-08-17T18:48:05Z,2026-08-17T18:48:05Z,
103.250.157.140,ipv4,web-brute-force,high,WHITE,blocklist.de/bruteforcelogin|blocklist.de/all|blocklist.de/apache|ziyadnz/hourly-ipv4,blocklist.de|wordpress|joomla|brute-force|bot|irc-bot|apache|rfi|ddos|ziyadnz|hourly,2026-08-17T18:48:05Z,2026-08-17T18:48:05Z,
103.251.49.218,ipv4,web-brute-force,high,WHITE,blocklist.de/bruteforcelogin|blocklist.de/all|blocklist.de/apache|ziyadnz/hourly-ipv4,blocklist.de|wordpress|joomla|brute-force|bot|irc-bot|apache|rfi|ddos|ziyadnz|hourly,2026-08-17T18:48:05Z,2026-08-17T18:48:05Z,
103.253.27.251,ipv4,web-brute-force,high,WHITE,blocklist.de/bruteforcelogin|blocklist.de/all|blocklist.de/apache|ziyadnz/hourly-ipv4,blocklist.de|wordpress|joomla|brute-force|bot|irc-bot|apache|rfi|ddos|ziyadnz|hourly,2026-08-17T18:48:05Z,2026-08-17T18:48:05Z,
103.26.49.88,ipv4,web-brute-force,high,WHITE,blocklist.de/bruteforcelogin|blocklist.de/all|blocklist.de/apache|ziyadnz/hourly-ipv4,blocklist.de|wordpress|joomla|brute-force|bot|irc-bot|apache|rfi|ddos|ziyadnz|hourly,2026-08-17T18:48:05Z,2026-08-17T18:48:05Z,
103.38.37.25,ipv4,web-brute-force,high,WHITE,blocklist.de/bruteforcelogin|blocklist.de/all|blocklist.de/apache|ziyadnz/hourly-ipv4,blocklist.de|wordpress|joomla|brute-force|bot|irc-bot|apache|rfi|ddos|ziyadnz|hourly,2026-08-17T18:48:05Z,2026-08-17T18:48:05Z,
103.47.180.99,ipv4,web-brute-force,high,WHITE,blocklist.de/bruteforcelogin|blocklist.de/all|blocklist.de/apache|ziyadnz/hourly-ipv4,blocklist.de|wordpress|joomla|brute-force|bot|irc-bot|apache|rfi|ddos|ziyadnz|hourly,2026-08-17T18:48:05Z,2026-08-17T18:48:05Z,
103.50.83.90,ipv4,web-brute-force,high,WHITE,blocklist.de/bruteforcelogin|blocklist.de/all|blocklist.de/apache|ziyadnz/hourly-ipv4,blocklist.de|wordpress|joomla|brute-force|bot|irc-bot|apache|rfi|ddos|ziyadnz|hourly,2026-08-17T18:48:05Z,2026-08-17T18:48:05Z,
103.56.163.133,ipv4,web-brute-force,high,WHITE,blocklist.de/bruteforcelogin|blocklist.de/all|blocklist.de/apache|ziyadnz/hourly-ipv4,blocklist.de|wordpress|joomla|brute-force|bot|irc-bot|apache|rfi|ddos|ziyadnz|hourly,2026-08-17T18:48:05Z,2026-08-17T18:48:05Z,
103.66.98.118,ipv4,web-brute-force,high,WHITE,blocklist.de/bruteforcelogin|blocklist.de/all|blocklist.de/apache|ziyadnz/hourly-ipv4,blocklist.de|wordpress|joomla|brute-force|bot|irc-bot|apache|rfi|ddos|ziyadnz|hourly,2026-08-17T18:48:05Z,2026-08-17T18:48:05Z,
103.83.237.2,ipv4,web-brute-force,high,WHITE,blocklist.de/bruteforcelogin|blocklist.de/all|blocklist.de/apache|ziyadnz/hourly-ipv4,blocklist.de|wordpress|joomla|brute-force|bot|irc-bot|apache|rfi|ddos|ziyadnz|hourly,2026-08-17T18:48:05Z,2026-08-17T18:48:05Z,
104.105.17.197,ipv4,web-brute-force,high,WHITE,blocklist.de/bruteforcelogin|blocklist.de/all|blocklist.de/apache|ziyadnz/hourly-ipv4,blocklist.de|wordpress|joomla|brute-force|bot|irc-bot|apache|rfi|ddos|ziyadnz|hourly,2026-08-17T18:48:05Z,2026-08-17T18:48:05Z,
104.154.155.23,ipv4,web-brute-force,high,WHITE,blocklist.de/bruteforcelogin|blocklist.de/all|blocklist.de/apache|ziyadnz/hourly-ipv4,blocklist.de|wordpress|joomla|brute-force|bot|irc-bot|apache|rfi|ddos|ziyadnz|hourly,2026-08-17T18:48:05Z,2026-08-17T18:48:05Z,
104.155.166.127,ipv4,web-brute-force,high,WHITE,blocklist.de/bruteforcelogin|blocklist.de/all|blocklist.de/apache|ziyadnz/hourly-ipv4,blocklist.de|wordpress|joomla|brute-force|bot|irc-bot|apache|rfi|ddos|ziyadnz|hourly,2026-08-17T18:48:05Z,2026-08-17T18:48:05Z,
104.207.53.201,ipv4,web-brute-force,high,WHITE,blocklist.de/bruteforcelogin|blocklist.de/all|blocklist.de/apache|ziyadnz/hourly-ipv4,blocklist.de|wordpress|joomla|brute-force|bot|irc-bot|apache|rfi|ddos|ziyadnz|hourly,2026-08-17T18:48:05Z,2026-08-17T18:48:05Z,
104.238.222.26,ipv4,web-brute-force,high,WHITE,blocklist.de/bruteforcelogin|blocklist.de/all|blocklist.de/apache|ziyadnz/hourly-ipv4,blocklist.de|wordpress|joomla|brute-force|bot|irc-bot|apache|rfi|ddos|ziyadnz|hourly,2026-08-17T18:48:05Z,2026-08-17T18:48:05Z,
104.28.156.59,ipv4,web-brute-force,high,WHITE,blocklist.de/bruteforcelogin|blocklist.de/all|blocklist.de/apache|ziyadnz/hourly-ipv4,blocklist.de|wordpress|joomla|brute-force|bot|irc-bot|apache|rfi|ddos|ziyadnz|hourly,2026-08-17T18:48:05Z,2026-08-17T18:48:05Z,
104.28.163.105,ipv4,web-brute-force,high,WHITE,blocklist.de/bruteforcelogin|blocklist.de/all|blocklist.de/apache|ziyadnz/hourly-ipv4,blocklist.de|wordpress|joomla|brute-force|bot|irc-bot|apache|rfi|ddos|ziyadnz|hourly,2026-08-17T18:48:05Z,2026-08-17T18:48:05Z,
104.28.163.108,ipv4,web-brute-force,high,WHITE,blocklist.de/bruteforcelogin|blocklist.de/all|blocklist.de/apache|ziyadnz/hourly-ipv4,blocklist.de|wordpress|joomla|brute-force|bot|irc-bot|apache|rfi|ddos|ziyadnz|hourly,2026-08-17T18:48:05Z,2026-08-17T18:48:05Z,
104.28.163.109,ipv4,web-brute-force,high,WHITE,blocklist.de/bruteforcelogin|blocklist.de/all|blocklist.de/apache|ziyadnz/hourly-ipv4,blocklist.de|wordpress|joomla|brute-force|bot|irc-bot|apache|rfi|ddos|ziyadnz|hourly,2026-08-17T18:48:05Z,2026-08-17T18:48:05Z,
104.28.163.154,ipv4,web-brute-force,high,WHITE,blocklist.de/bruteforcelogin|blocklist.de/all|blocklist.de/apache|ziyadnz/hourly-ipv4,blocklist.de|wordpress|joomla|brute-force|bot|irc-bot|apache|rfi|ddos|ziyadnz|hourly,2026-08-17T18:48:05Z,2026-08-17T18:48:05Z,
104.28.163.64,ipv4,web-brute-force,high,WHITE,blocklist.de/bruteforcelogin|blocklist.de/all|blocklist.de/apache|ziyadnz/hourly-ipv4,blocklist.de|wordpress|joomla|brute-force|bot|irc-bot|apache|rfi|ddos|ziyadnz|hourly,2026-08-17T18:48:05Z,2026-08-17T18:48:05Z,
104.28.192.94,ipv4,web-brute-force,high,WHITE,blocklist.de/bruteforcelogin|blocklist.de/all|blocklist.de/apache|ziyadnz/hourly-ipv4,blocklist.de|wordpress|joomla|brute-force|bot|irc-bot|apache|rfi|ddos|ziyadnz|hourly,2026-08-17T18:48:05Z,2026-08-17T18:48:05Z,
104.28.202.130,ipv4,web-brute-force,high,WHITE,blocklist.de/bruteforcelogin|blocklist.de/all|blocklist.de/apache|ziyadnz/hourly-ipv4,blocklist.de|wordpress|joomla|brute-force|bot|irc-bot|apache|rfi|ddos|ziyadnz|hourly,2026-08-17T18:48:05Z,2026-08-17T18:48:05Z,
104.28.202.131,ipv4,web-brute-force,high,WHITE,blocklist.de/bruteforcelogin|blocklist.de/all|blocklist.de/apache|ziyadnz/hourly-ipv4,blocklist.de|wordpress|joomla|brute-force|bot|irc-bot|apache|rfi|ddos|ziyadnz|hourly,2026-08-17T18:48:05Z,2026-08-17T18:48:05Z,
104.28.208.58,ipv4,web-brute-force,high,WHITE,blocklist.de/bruteforcelogin|blocklist.de/all|blocklist.de/apache|ziyadnz/hourly-ipv4,blocklist.de|wordpress|joomla|brute-force|bot|irc-bot|apache|rfi|ddos|ziyadnz|hourly,2026-08-17T18:48:05Z,2026-08-17T18:48:05Z,
104.28.208.59,ipv4,web-brute-force,high,WHITE,blocklist.de/bruteforcelogin|blocklist.de/all|blocklist.de/apache|ziyadnz/hourly-ipv4,blocklist.de|wordpress|joomla|brute-force|bot|irc-bot|apache|rfi|ddos|ziyadnz|hourly,2026-08-17T18:48:05Z,2026-08-17T18:48:05Z,
104.28.208.64,ipv4,web-brute-force,high,WHITE,blocklist.de/bruteforcelogin|blocklist.de/all|blocklist.de/apache|ziyadnz/hourly-ipv4,blocklist.de|wordpress|joomla|brute-force|bot|irc-bot|apache|rfi|ddos|ziyadnz|hourly,2026-08-17T18:48:05Z,2026-08-17T18:48:05Z,
104.28.224.94,ipv4,web-brute-force,high,WHITE,blocklist.de/bruteforcelogin|blocklist.de/all|blocklist.de/apache|ziyadnz/hourly-ipv4,blocklist.de|wordpress|joomla|brute-force|bot|irc-bot|apache|rfi|ddos|ziyadnz|hourly,2026-08-17T18:48:05Z,2026-08-17T18:48:05Z,
104.28.225.14,ipv4,web-brute-force,high,WHITE,blocklist.de/bruteforcelogin|blocklist.de/all|blocklist.de/apache|ziyadnz/hourly-ipv4,blocklist.de|wordpress|joomla|brute-force|bot|irc-bot|apache|rfi|ddos|ziyadnz|hourly,2026-08-17T18:48:05Z,2026-08-17T18:48:05Z,
104.28.240.59,ipv4,web-brute-force,high,WHITE,blocklist.de/bruteforcelogin|blocklist.de/all|blocklist.de/apache|ziyadnz/hourly-ipv4,blocklist.de|wordpress|joomla|brute-force|bot|irc-bot|apache|rfi|ddos|ziyadnz|hourly,2026-08-17T18:48:05Z,2026-08-17T18:48:05Z,
106.202.78.130,ipv4,web-brute-force,high,WHITE,blocklist.de/bruteforcelogin|blocklist.de/all|blocklist.de/apache|ziyadnz/hourly-ipv4,blocklist.de|wordpress|joomla|brute-force|bot|irc-bot|apache|rfi|ddos|ziyadnz|hourly,2026-08-17T18:48:05Z,2026-08-17T18:48:05Z,
106.213.85.158,ipv4,web-brute-force,high,WHITE,blocklist.de/bruteforcelogin|blocklist.de/all|blocklist.de/apache|ziyadnz/hourly-ipv4,blocklist.de|wordpress|joomla|brute-force|bot|irc-bot|apache|rfi|ddos|ziyadnz|hourly,2026-08-17T18:48:05Z,2026-08-17T18:48:05Z,
106.214.8.3,ipv4,web-brute-force,high,WHITE,blocklist.de/bruteforcelogin|blocklist.de/all|blocklist.de/apache|ziyadnz/hourly-ipv4,blocklist.de|wordpress|joomla|brute-force|bot|irc-bot|apache|rfi|ddos|ziyadnz|hourly,2026-08-17T18:48:05Z,2026-08-17T18:48:05Z,
106.219.132.14,ipv4,web-brute-force,high,WHITE,blocklist.de/bruteforcelogin|blocklist.de/all|blocklist.de/apache|ziyadnz/hourly-ipv4,blocklist.de|wordpress|joomla|brute-force|bot|irc-bot|apache|rfi|ddos|ziyadnz|hourly,2026-08-17T18:48:05Z,2026-08-17T18:48:05Z,
106.219.146.28,ipv4,web-brute-force,high,WHITE,blocklist.de/bruteforcelogin|blocklist.de/all|blocklist.de/apache|ziyadnz/hourly-ipv4,blocklist.de|wordpress|joomla|brute-force|bot|irc-bot|apache|rfi|ddos|ziyadnz|hourly,2026-08-17T18:48:05Z,2026-08-17T18:48:05Z,
106.222.225.54,ipv4,web-brute-force,high,WHITE,blocklist.de/bruteforcelogin|blocklist.de/all|blocklist.de/apache|ziyadnz/hourly-ipv4,blocklist.de|wordpress|joomla|brute-force|bot|irc-bot|apache|rfi|ddos|ziyadnz|hourly,2026-08-17T18:48:05Z,2026-08-17T18:48:05Z,
108.167.161.133,ipv4,web-brute-force,high,WHITE,blocklist.de/bruteforcelogin|blocklist.de/all|blocklist.de/apache|ziyadnz/hourly-ipv4,blocklist.de|wordpress|joomla|brute-force|bot|irc-bot|apache|rfi|ddos|ziyadnz|hourly,2026-08-17T18:48:05Z,2026-08-17T18:48:05Z,
109.245.133.78,ipv4,web-brute-force,high,WHITE,blocklist.de/bruteforcelogin|blocklist.de/all|blocklist.de/apache,blocklist.de|wordpress|joomla|brute-force|bot|irc-bot|apache|rfi|ddos|ziyadnz|hourly,2026-08-17T18:48:05Z,2026-08-17T18:48:05Z,
110.226.115.74,ipv4,web-brute-force,high,WHITE,blocklist.de/bruteforcelogin|blocklist.de/all|blocklist.de/apache|ziyadnz/hourly-ipv4,blocklist.de|wordpress|joomla|brute-force|bot|irc-bot|apache|rfi|ddos|ziyadnz|hourly,2026-08-17T18:48:05Z,2026-08-17T18:48:05Z,
111.113.88.187,ipv4,web-brute-force,high,WHITE,blocklist.de/bruteforcelogin|blocklist.de/all|blocklist.de/apache|ziyadnz/hourly-ipv4,blocklist.de|wordpress|joomla|brute-force|bot|irc-bot|apache|rfi|ddos|ziyadnz|hourly,2026-08-17T18:48:05Z,2026-08-17T18:48:05Z,
111.162.155.130,ipv4,web-brute-force,high,WHITE,blocklist.de/bruteforcelogin|blocklist.de/all|blocklist.de/apache|ziyadnz/hourly-ipv4,blocklist.de|wordpress|joomla|brute-force|bot|irc-bot|apache|rfi|ddos|ziyadnz|hourly,2026-08-17T18:48:05Z,2026-08-17T18:48:05Z,
112.206.30.97,ipv4,web-brute-force,high,WHITE,blocklist.de/bruteforcelogin|blocklist.de/all|blocklist.de/apache|ziyadnz/hourly-ipv4,blocklist.de|wordpress|joomla|brute-force|bot|irc-bot|apache|rfi|ddos|ziyadnz|hourly,2026-08-17T18:48:05Z,2026-08-17T18:48:05Z,
112.207.114.209,ipv4,web-brute-force,high,WHITE,blocklist.de/bruteforcelogin|blocklist.de/all|blocklist.de/apache|ziyadnz/hourly-ipv4,blocklist.de|wordpress|joomla|brute-force|bot|irc-bot|apache|rfi|ddos|ziyadnz|hourly,2026-08-17T18:48:05Z,2026-08-17T18:48:05Z,
112.208.184.67,ipv4,web-brute-force,high,WHITE,blocklist.de/bruteforcelogin|blocklist.de/all|blocklist.de/apache|ziyadnz/hourly-ipv4,blocklist.de|wordpress|joomla|brute-force|bot|irc-bot|apache|rfi|ddos|ziyadnz|hourly,2026-08-17T18:48:05Z,2026-08-17T18:48:05Z,
113.179.155.19,ipv4,web-brute-force,high,WHITE,blocklist.de/bruteforcelogin|blocklist.de/all|blocklist.de/apache|ziyadnz/hourly-ipv4,blocklist.de|wordpress|joomla|brute-force|bot|irc-bot|apache|rfi|ddos|ziyadnz|hourly,2026-08-17T18:48:05Z,2026-08-17T18:48:05Z,
114.198.138.124,ipv4,web-brute-force,high,WHITE,blocklist.de/bruteforcelogin|blocklist.de/all|blocklist.de/apache|ziyadnz/hourly-ipv4,blocklist.de|wordpress|joomla|brute-force|bot|irc-bot|apache|rfi|ddos|ziyadnz|hourly,2026-08-17T18:48:05Z,2026-08-17T18:48:05Z,
115.113.96.131,ipv4,web-brute-force,high,WHITE,blocklist.de/bruteforcelogin|blocklist.de/all|blocklist.de/apache|ziyadnz/hourly-ipv4,blocklist.de|wordpress|joomla|brute-force|bot|irc-bot|apache|rfi|ddos|ziyadnz|hourly,2026-08-17T18:48:05Z,2026-08-17T18:48:05Z,
115.124.73.66,ipv4,web-brute-force,high,WHITE,blocklist.de/bruteforcelogin|blocklist.de/all|blocklist.de/apache|ziyadnz/hourly-ipv4,blocklist.de|wordpress|joomla|brute-force|bot|irc-bot|apache|rfi|ddos|ziyadnz|hourly,2026-08-17T18:48:05Z,2026-08-17T18:48:05Z,
115.246.196.90,ipv4,web-brute-force,high,WHITE,blocklist.de/bruteforcelogin|blocklist.de/all|blocklist.de/apache|ziyadnz/hourly-ipv4,blocklist.de|wordpress|joomla|brute-force|bot|irc-bot|apache|rfi|ddos|ziyadnz|hourly,2026-08-17T18:48:05Z,2026-08-17T18:48:05Z,
115.246.21.170,ipv4,web-brute-force,high,WHITE,blocklist.de/bruteforcelogin|blocklist.de/all|blocklist.de/apache|ziyadnz/hourly-ipv4,blocklist.de|wordpress|joomla|brute-force|bot|irc-bot|apache|rfi|ddos|ziyadnz|hourly,2026-08-17T18:48:05Z,2026-08-17T18:48:05Z,
115.70.67.247,ipv4,web-brute-force,high,WHITE,blocklist.de/bruteforcelogin|blocklist.de/all|blocklist.de/apache|ziyadnz/hourly-ipv4,blocklist.de|wordpress|joomla|brute-force|bot|irc-bot|apache|rfi|ddos|ziyadnz|hourly,2026-08-17T18:48:05Z,2026-08-17T18:48:05Z,
116.193.128.26,ipv4,web-brute-force,high,WHITE,blocklist.de/bruteforcelogin|blocklist.de/all|blocklist.de/apache|ziyadnz/hourly-ipv4,blocklist.de|wordpress|joomla|brute-force|bot|irc-bot|apache|rfi|ddos|ziyadnz|hourly,2026-08-17T18:48:05Z,2026-08-17T18:48:05Z,
117.193.58.190,ipv4,web-brute-force,high,WHITE,blocklist.de/bruteforcelogin|blocklist.de/all|blocklist.de/apache|ziyadnz/hourly-ipv4,blocklist.de|wordpress|joomla|brute-force|bot|irc-bot|apache|rfi|ddos|ziyadnz|hourly,2026-08-17T18:48:05Z,2026-08-17T18:48:05Z,
117.194.97.4,ipv4,web-brute-force,high,WHITE,blocklist.de/bruteforcelogin|blocklist.de/all|blocklist.de/apache|ziyadnz/hourly-ipv4,blocklist.de|wordpress|joomla|brute-force|bot|irc-bot|apache|rfi|ddos|ziyadnz|hourly,2026-08-17T18:48:05Z,2026-08-17T18:48:05Z,
117.206.239.130,ipv4,web-brute-force,high,WHITE,blocklist.de/bruteforcelogin|blocklist.de/all|blocklist.de/apache|ziyadnz/hourly-ipv4,blocklist.de|wordpress|joomla|brute-force|bot|irc-bot|apache|rfi|ddos|ziyadnz|hourly,2026-08-17T18:48:05Z,2026-08-17T18:48:05Z,
117.220.47.141,ipv4,web-brute-force,high,WHITE,blocklist.de/bruteforcelogin|blocklist.de/all|blocklist.de/apache|ziyadnz/hourly-ipv4,blocklist.de|wordpress|joomla|brute-force|bot|irc-bot|apache|rfi|ddos|ziyadnz|hourly,2026-08-17T18:48:05Z,2026-08-17T18:48:05Z,
117.244.4.119,ipv4,web-brute-force,high,WHITE,blocklist.de/bruteforcelogin|blocklist.de/all|blocklist.de/apache|ziyadnz/hourly-ipv4,blocklist.de|wordpress|joomla|brute-force|bot|irc-bot|apache|rfi|ddos|ziyadnz|hourly,2026-08-17T18:48:05Z,2026-08-17T18:48:05Z,
119.73.122.31,ipv4,web-brute-force,high,WHITE,blocklist.de/bruteforcelogin|blocklist.de/all|blocklist.de/apache|ziyadnz/hourly-ipv4,blocklist.de|wordpress|joomla|brute-force|bot|irc-bot|apache|rfi|ddos|ziyadnz|hourly,2026-08-17T18:48:05Z,2026-08-17T18:48:05Z,
120.56.179.152,ipv4,web-brute-force,high,WHITE,blocklist.de/bruteforcelogin|blocklist.de/all|blocklist.de/apache|ziyadnz/hourly-ipv4,blocklist.de|wordpress|joomla|brute-force|bot|irc-bot|apache|rfi|ddos|ziyadnz|hourly,2026-08-17T18:48:05Z,2026-08-17T18:48:05Z,
121.121.218.203,ipv4,web-brute-force,high,WHITE,blocklist.de/bruteforcelogin|blocklist.de/all|blocklist.de/apache|ziyadnz/hourly-ipv4,blocklist.de|wordpress|joomla|brute-force|bot|irc-bot|apache|rfi|ddos|ziyadnz|hourly,2026-08-17T18:48:05Z,2026-08-17T18:48:05Z,
122.162.149.9,ipv4,web-brute-force,high,WHITE,blocklist.de/bruteforcelogin|blocklist.de/all|blocklist.de/apache|ziyadnz/hourly-ipv4,blocklist.de|wordpress|joomla|brute-force|bot|irc-bot|apache|rfi|ddos|ziyadnz|hourly,2026-08-17T18:48:05Z,2026-08-17T18:48:05Z,
122.183.32.59,ipv4,web-brute-force,high,WHITE,blocklist.de/bruteforcelogin|blocklist.de/all|blocklist.de/apache|ziyadnz/hourly-ipv4,blocklist.de|wordpress|joomla|brute-force|bot|irc-bot|apache|rfi|ddos|ziyadnz|hourly,2026-08-17T18:48:05Z,2026-08-17T18:48:05Z,
123.144.21.9,ipv4,web-brute-force,high,WHITE,blocklist.de/bruteforcelogin|blocklist.de/all|blocklist.de/apache|ziyadnz/hourly-ipv4,blocklist.de|wordpress|joomla|brute-force|bot|irc-bot|apache|rfi|ddos|ziyadnz|hourly,2026-08-17T18:48:05Z,2026-08-17T18:48:05Z,
124.123.183.206,ipv4,web-brute-force,high,WHITE,blocklist.de/bruteforcelogin|blocklist.de/all|blocklist.de/apache|ziyadnz/hourly-ipv4,blocklist.de|wordpress|joomla|brute-force|bot|irc-bot|apache|rfi|ddos|ziyadnz|hourly,2026-08-17T18:48:05Z,2026-08-17T18:48:05Z,
128.127.115.194,ipv4,web-brute-force,high,WHITE,blocklist.de/bruteforcelogin|blocklist.de/all|blocklist.de/apache|ziyadnz/hourly-ipv4,blocklist.de|wordpress|joomla|brute-force|bot|irc-bot|apache|rfi|ddos|ziyadnz|hourly,2026-08-17T18:48:05Z,2026-08-17T18:48:05Z,
128.65.6.31,ipv4,web-brute-force,high,WHITE,blocklist.de/bruteforcelogin|blocklist.de/all|blocklist.de/apache|ziyadnz/hourly-ipv4,blocklist.de|wordpress|joomla|brute-force|bot|irc-bot|apache|rfi|ddos|ziyadnz|hourly,2026-08-17T18:48:05Z,2026-08-17T18:48:05Z,
129.121.103.155,ipv4,web-brute-force,high,WHITE,blocklist.de/bruteforcelogin|blocklist.de/all|blocklist.de/apache|ziyadnz/hourly-ipv4,blocklist.de|wordpress|joomla|brute-force|bot|irc-bot|apache|rfi|ddos|ziyadnz|hourly,2026-08-17T18:48:05Z,2026-08-17T18:48:05Z,
129.121.123.168,ipv4,web-brute-force,high,WHITE,blocklist.de/bruteforcelogin|blocklist.de/all|blocklist.de/apache|ziyadnz/hourly-ipv4,blocklist.de|wordpress|joomla|brute-force|bot|irc-bot|apache|rfi|ddos|ziyadnz|hourly,2026-08-17T18:48:05Z,2026-08-17T18:48:05Z,
129.212.227.3,ipv4,web-brute-force,high,WHITE,blocklist.de/bruteforcelogin|blocklist.de/all|blocklist.de/apache|ziyadnz/hourly-ipv4,blocklist.de|wordpress|joomla|brute-force|bot|irc-bot|apache|rfi|ddos|ziyadnz|hourly,2026-08-17T18:48:05Z,2026-08-17T18:48:05Z,
129.213.151.234,ipv4,web-brute-force,high,WHITE,blocklist.de/bruteforcelogin|blocklist.de/all|blocklist.de/apache|ziyadnz/hourly-ipv4,blocklist.de|wordpress|joomla|brute-force|bot|irc-bot|apache|rfi|ddos|ziyadnz|hourly,2026-08-17T18:48:05Z,2026-08-17T18:48:05Z,
13.140.141.170,ipv4,web-brute-force,high,WHITE,blocklist.de/bruteforcelogin|blocklist.de/all|blocklist.de/apache|ziyadnz/hourly-ipv4,blocklist.de|wordpress|joomla|brute-force|bot|irc-bot|apache|rfi|ddos|ziyadnz|hourly,2026-08-17T18:48:05Z,2026-08-17T18:48:05Z,
13.222.13.89,ipv4,web-brute-force,high,WHITE,blocklist.de/bruteforcelogin|blocklist.de/all|blocklist.de/apache|ziyadnz/hourly-ipv4,blocklist.de|wordpress|joomla|brute-force|bot|irc-bot|apache|rfi|ddos|ziyadnz|hourly,2026-08-17T18:48:05Z,2026-08-17T18:48:05Z,
13.40.185.78,ipv4,web-brute-force,high,WHITE,blocklist.de/bruteforcelogin|blocklist.de/all|blocklist.de/apache|ziyadnz/hourly-ipv4,blocklist.de|wordpress|joomla|brute-force|bot|irc-bot|apache|rfi|ddos|ziyadnz|hourly,2026-08-17T18:48:05Z,2026-08-17T18:48:05Z,
130.195.216.81,ipv4,web-brute-force,high,WHITE,blocklist.de/bruteforcelogin|blocklist.de/all|blocklist.de/apache|ziyadnz/hourly-ipv4,blocklist.de|wordpress|joomla|brute-force|bot|irc-bot|apache|rfi|ddos|ziyadnz|hourly,2026-08-17T18:48:05Z,2026-08-17T18:48:05Z,
130.211.126.198,ipv4,web-brute-force,high,WHITE,blocklist.de/bruteforcelogin|blocklist.de/all|blocklist.de/apache|ziyadnz/hourly-ipv4,blocklist.de|wordpress|joomla|brute-force|bot|irc-bot|apache|rfi|ddos|ziyadnz|hourly,2026-08-17T18:48:05Z,2026-08-17T18:48:05Z,
130.49.181.91,ipv4,web-brute-force,high,WHITE,blocklist.de/bruteforcelogin|blocklist.de/all|blocklist.de/apache|ziyadnz/hourly-ipv4,blocklist.de|wordpress|joomla|brute-force|bot|irc-bot|apache|rfi|ddos|ziyadnz|hourly,2026-08-17T18:48:05Z,2026-08-17T18:48:05Z,
131.108.6.190,ipv4,web-brute-force,high,WHITE,blocklist.de/bruteforcelogin|blocklist.de/all|blocklist.de/apache|ziyadnz/hourly-ipv4,blocklist.de|wordpress|joomla|brute-force|bot|irc-bot|apache|rfi|ddos|ziyadnz|hourly,2026-08-17T18:48:05Z,2026-08-17T18:48:05Z,
131.221.15.85,ipv4,web-brute-force,high,WHITE,blocklist.de/bruteforcelogin|blocklist.de/all|blocklist.de/apache|ziyadnz/hourly-ipv4,blocklist.de|wordpress|joomla|brute-force|bot|irc-bot|apache|rfi|ddos|ziyadnz|hourly,2026-08-17T18:48:05Z,2026-08-17T18:48:05Z,
132.196.61.152,ipv4,web-brute-force,high,WHITE,blocklist.de/bruteforcelogin|blocklist.de/all|blocklist.de/apache|ziyadnz/hourly-ipv4,blocklist.de|wordpress|joomla|brute-force|bot|irc-bot|apache|rfi|ddos|ziyadnz|hourly,2026-08-17T18:48:05Z,2026-08-17T18:48:05Z,
134.199.172.195,ipv4,web-brute-force,high,WHITE,blocklist.de/bruteforcelogin|blocklist.de/all|blocklist.de/apache|ziyadnz/hourly-ipv4,blocklist.de|wordpress|joomla|brute-force|bot|irc-bot|apache|rfi|ddos|ziyadnz|hourly,2026-08-17T18:48:05Z,2026-08-17T18:48:05Z,
134.199.172.38,ipv4,web-brute-force,high,WHITE,blocklist.de/bruteforcelogin|blocklist.de/all|blocklist.de/apache|ziyadnz/hourly-ipv4,blocklist.de|wordpress|joomla|brute-force|bot|irc-bot|apache|rfi|ddos|ziyadnz|hourly,2026-08-17T18:48:05Z,2026-08-17T18:48:05Z,
135.119.58.119,ipv4,web-brute-force,high,WHITE,blocklist.de/bruteforcelogin|blocklist.de/all|blocklist.de/apache|ziyadnz/hourly-ipv4,blocklist.de|wordpress|joomla|brute-force|bot|irc-bot|apache|rfi|ddos|ziyadnz|hourly,2026-08-17T18:48:05Z,2026-08-17T18:48:05Z,
135.236.141.8,ipv4,web-brute-force,high,WHITE,blocklist.de/bruteforcelogin|blocklist.de/all|blocklist.de/apache|ziyadnz/hourly-ipv4,blocklist.de|wordpress|joomla|brute-force|bot|irc-bot|apache|rfi|ddos|ziyadnz|hourly,2026-08-17T18:48:05Z,2026-08-17T18:48:05Z,
136.107.102.107,ipv4,web-brute-force,high,WHITE,blocklist.de/bruteforcelogin|blocklist.de/all|blocklist.de/apache|ziyadnz/hourly-ipv4,blocklist.de|wordpress|joomla|brute-force|bot|irc-bot|apache|rfi|ddos|ziyadnz|hourly,2026-08-17T18:48:05Z,2026-08-17T18:48:05Z,
136.107.103.166,ipv4,web-brute-force,high,WHITE,blocklist.de/bruteforcelogin|blocklist.de/all|blocklist.de/apache|ziyadnz/hourly-ipv4,blocklist.de|wordpress|joomla|brute-force|bot|irc-bot|apache|rfi|ddos|ziyadnz|hourly,2026-08-17T18:48:05Z,2026-08-17T18:48:05Z,
136.107.178.175,ipv4,web-brute-force,high,WHITE,blocklist.de/bruteforcelogin|blocklist.de/all|blocklist.de/apache|ziyadnz/hourly-ipv4,blocklist.de|wordpress|joomla|brute-force|bot|irc-bot|apache|rfi|ddos|ziyadnz|hourly,2026-08-17T18:48:05Z,2026-08-17T18:48:05Z,
136.108.88.80,ipv4,web-brute-force,high,WHITE,blocklist.de/bruteforcelogin|blocklist.de/all|blocklist.de/apache|ziyadnz/hourly-ipv4,blocklist.de|wordpress|joomla|brute-force|bot|irc-bot|apache|rfi|ddos|ziyadnz|hourly,2026-08-17T18:48:05Z,2026-08-17T18:48:05Z,
136.110.20.208,ipv4,web-brute-force,high,WHITE,blocklist.de/bruteforcelogin|blocklist.de/all|blocklist.de/apache|ziyadnz/hourly-ipv4,blocklist.de|wordpress|joomla|brute-force|bot|irc-bot|apache|rfi|ddos|ziyadnz|hourly,2026-08-17T18:48:05Z,2026-08-17T18:48:05Z,
136.110.27.48,ipv4,web-brute-force,high,WHITE,blocklist.de/bruteforcelogin|blocklist.de/all|blocklist.de/apache|ziyadnz/hourly-ipv4,blocklist.de|wordpress|joomla|brute-force|bot|irc-bot|apache|rfi|ddos|ziyadnz|hourly,2026-08-17T18:48:05Z,2026-08-17T18:48:05Z,
136.117.44.64,ipv4,web-brute-force,high,WHITE,blocklist.de/bruteforcelogin|blocklist.de/all|blocklist.de/apache|ziyadnz/hourly-ipv4,blocklist.de|wordpress|joomla|brute-force|bot|irc-bot|apache|rfi|ddos|ziyadnz|hourly,2026-08-17T18:48:05Z,2026-08-17T18:48:05Z,
136.118.203.170,ipv4,web-brute-force,high,WHITE,blocklist.de/bruteforcelogin|blocklist.de/all|blocklist.de/apache|ziyadnz/hourly-ipv4,blocklist.de|wordpress|joomla|brute-force|bot|irc-bot|apache|rfi|ddos|ziyadnz|hourly,2026-08-17T18:48:05Z,2026-08-17T18:48:05Z,
136.144.35.103,ipv4,web-brute-force,high,WHITE,blocklist.de/bruteforcelogin|blocklist.de/all|blocklist.de/apache|ziyadnz/hourly-ipv4,blocklist.de|wordpress|joomla|brute-force|bot|irc-bot|apache|rfi|ddos|ziyadnz|hourly,2026-08-17T18:48:05Z,2026-08-17T18:48:05Z,
136.144.35.107,ipv4,web-brute-force,high,WHITE,blocklist.de/bruteforcelogin|blocklist.de/all|blocklist.de/apache|ziyadnz/hourly-ipv4,blocklist.de|wordpress|joomla|brute-force|bot|irc-bot|apache|rfi|ddos|ziyadnz|hourly,2026-08-17T18:48:05Z,2026-08-17T18:48:05Z,
136.144.35.115,ipv4,web-brute-force,high,WHITE,blocklist.de/bruteforcelogin|blocklist.de/all|blocklist.de/apache|ziyadnz/hourly-ipv4,blocklist.de|wordpress|joomla|brute-force|bot|irc-bot|apache|rfi|ddos|ziyadnz|hourly,2026-08-17T18:48:05Z,2026-08-17T18:48:05Z,
136.144.35.118,ipv4,web-brute-force,high,WHITE,blocklist.de/bruteforcelogin|blocklist.de/all|blocklist.de/apache|ziyadnz/hourly-ipv4,blocklist.de|wordpress|joomla|brute-force|bot|irc-bot|apache|rfi|ddos|ziyadnz|hourly,2026-08-17T18:48:05Z,2026-08-17T18:48:05Z,
136.144.35.122,ipv4,web-brute-force,high,WHITE,blocklist.de/bruteforcelogin|blocklist.de/all|blocklist.de/apache|ziyadnz/hourly-ipv4,blocklist.de|wordpress|joomla|brute-force|bot|irc-bot|apache|rfi|ddos|ziyadnz|hourly,2026-08-17T18:48:05Z,2026-08-17T18:48:05Z,
136.144.35.130,ipv4,web-brute-force,high,WHITE,blocklist.de/bruteforcelogin|blocklist.de/all|blocklist.de/apache|ziyadnz/hourly-ipv4,blocklist.de|wordpress|joomla|brute-force|bot|irc-bot|apache|rfi|ddos|ziyadnz|hourly,2026-08-17T18:48:05Z,2026-08-17T18:48:05Z,
136.144.35.215,ipv4,web-brute-force,high,WHITE,blocklist.de/bruteforcelogin|blocklist.de/all|blocklist.de/apache|ziyadnz/hourly-ipv4,blocklist.de|wordpress|joomla|brute-force|bot|irc-bot|apache|rfi|ddos|ziyadnz|hourly,2026-08-17T18:48:05Z,2026-08-17T18:48:05Z,
136.144.35.216,ipv4,web-brute-force,high,WHITE,blocklist.de/bruteforcelogin|blocklist.de/all|blocklist.de/apache|ziyadnz/hourly-ipv4,blocklist.de|wordpress|joomla|brute-force|bot|irc-bot|apache|rfi|ddos|ziyadnz|hourly,2026-08-17T18:48:05Z,2026-08-17T18:48:05Z,
136.144.35.218,ipv4,web-brute-force,high,WHITE,blocklist.de/bruteforcelogin|blocklist.de/all|blocklist.de/apache|ziyadnz/hourly-ipv4,blocklist.de|wordpress|joomla|brute-force|bot|irc-bot|apache|rfi|ddos|ziyadnz|hourly,2026-08-17T18:48:05Z,2026-08-17T18:48:05Z,
136.144.35.222,ipv4,web-brute-force,high,WHITE,blocklist.de/bruteforcelogin|blocklist.de/all|blocklist.de/apache|ziyadnz/hourly-ipv4,blocklist.de|wordpress|joomla|brute-force|bot|irc-bot|apache|rfi|ddos|ziyadnz|hourly,2026-08-17T18:48:05Z,2026-08-17T18:48:05Z,
136.144.35.223,ipv4,web-brute-force,high,WHITE,blocklist.de/bruteforcelogin|blocklist.de/all|blocklist.de/apache|ziyadnz/hourly-ipv4,blocklist.de|wordpress|joomla|brute-force|bot|irc-bot|apache|rfi|ddos|ziyadnz|hourly,2026-08-17T18:48:05Z,2026-08-17T18:48:05Z,
136.144.35.224,ipv4,web-brute-force,high,WHITE,blocklist.de/bruteforcelogin|blocklist.de/all|blocklist.de/apache|ziyadnz/hourly-ipv4,blocklist.de|wordpress|joomla|brute-force|bot|irc-bot|apache|rfi|ddos|ziyadnz|hourly,2026-08-17T18:48:05Z,2026-08-17T18:48:05Z,
136.144.35.228,ipv4,web-brute-force,high,WHITE,blocklist.de/bruteforcelogin|blocklist.de/all|blocklist.de/apache|ziyadnz/hourly-ipv4,blocklist.de|wordpress|joomla|brute-force|bot|irc-bot|apache|rfi|ddos|ziyadnz|hourly,2026-08-17T18:48:05Z,2026-08-17T18:48:05Z,
136.144.35.229,ipv4,web-brute-force,high,WHITE,blocklist.de/bruteforcelogin|blocklist.de/all|blocklist.de/apache|ziyadnz/hourly-ipv4,blocklist.de|wordpress|joomla|brute-force|bot|irc-bot|apache|rfi|ddos|ziyadnz|hourly,2026-08-17T18:48:05Z,2026-08-17T18:48:05Z,
136.144.35.231,ipv4,web-brute-force,high,WHITE,blocklist.de/bruteforcelogin|blocklist.de/all|blocklist.de/apache|ziyadnz/hourly-ipv4,blocklist.de|wordpress|joomla|brute-force|bot|irc-bot|apache|rfi|ddos|ziyadnz|hourly,2026-08-17T18:48:05Z,2026-08-17T18:48:05Z,
136.144.35.235,ipv4,web-brute-force,high,WHITE,blocklist.de/bruteforcelogin|blocklist.de/all|blocklist.de/apache|ziyadnz/hourly-ipv4,blocklist.de|wordpress|joomla|brute-force|bot|irc-bot|apache|rfi|ddos|ziyadnz|hourly,2026-08-17T18:48:05Z,2026-08-17T18:48:05Z,
136.144.35.236,ipv4,web-brute-force,high,WHITE,blocklist.de/bruteforcelogin|blocklist.de/all|blocklist.de/apache|ziyadnz/hourly-ipv4,blocklist.de|wordpress|joomla|brute-force|bot|irc-bot|apache|rfi|ddos|ziyadnz|hourly,2026-08-17T18:48:05Z,2026-08-17T18:48:05Z,
136.144.35.239,ipv4,web-brute-force,high,WHITE,blocklist.de/bruteforcelogin|blocklist.de/all|blocklist.de/apache|ziyadnz/hourly-ipv4,blocklist.de|wordpress|joomla|brute-force|bot|irc-bot|apache|rfi|ddos|ziyadnz|hourly,2026-08-17T18:48:05Z,2026-08-17T18:48:05Z,
136.144.35.241,ipv4,web-brute-force,high,WHITE,blocklist.de/bruteforcelogin|blocklist.de/all|blocklist.de/apache|ziyadnz/hourly-ipv4,blocklist.de|wordpress|joomla|brute-force|bot|irc-bot|apache|rfi|ddos|ziyadnz|hourly,2026-08-17T18:48:05Z,2026-08-17T18:48:05Z,
136.144.35.67,ipv4,web-brute-force,high,WHITE,blocklist.de/bruteforcelogin|blocklist.de/all|blocklist.de/apache|ziyadnz/hourly-ipv4,blocklist.de|wordpress|joomla|brute-force|bot|irc-bot|apache|rfi|ddos|ziyadnz|hourly,2026-08-17T18:48:05Z,2026-08-17T18:48:05Z,
136.158.1.220,ipv4,web-brute-force,high,WHITE,blocklist.de/bruteforcelogin|blocklist.de/all|blocklist.de/apache|ziyadnz/hourly-ipv4,blocklist.de|wordpress|joomla|brute-force|bot|irc-bot|apache|rfi|ddos|ziyadnz|hourly,2026-08-17T18:48:05Z,2026-08-17T18:48:05Z,
136.66.180.247,ipv4,web-brute-force,high,WHITE,blocklist.de/bruteforcelogin|blocklist.de/all|blocklist.de/apache|ziyadnz/hourly-ipv4,blocklist.de|wordpress|joomla|brute-force|bot|irc-bot|apache|rfi|ddos|ziyadnz|hourly,2026-08-17T18:48:05Z,2026-08-17T18:48:05Z,
136.66.229.99,ipv4,web-brute-force,high,WHITE,blocklist.de/bruteforcelogin|blocklist.de/all|blocklist.de/apache|ziyadnz/hourly-ipv4,blocklist.de|wordpress|joomla|brute-force|bot|irc-bot|apache|rfi|ddos|ziyadnz|hourly,2026-08-17T18:48:05Z,2026-08-17T18:48:05Z,
136.67.130.194,ipv4,web-brute-force,high,WHITE,blocklist.de/bruteforcelogin|blocklist.de/all|blocklist.de/apache|ziyadnz/hourly-ipv4,blocklist.de|wordpress|joomla|brute-force|bot|irc-bot|apache|rfi|ddos|ziyadnz|hourly,2026-08-17T18:48:05Z,2026-08-17T18:48:05Z,
136.67.80.3,ipv4,web-brute-force,high,WHITE,blocklist.de/bruteforcelogin|blocklist.de/all|blocklist.de/apache|ziyadnz/hourly-ipv4,blocklist.de|wordpress|joomla|brute-force|bot|irc-bot|apache|rfi|ddos|ziyadnz|hourly,2026-08-17T18:48:05Z,2026-08-17T18:48:05Z,
136.67.82.10,ipv4,web-brute-force,high,WHITE,blocklist.de/bruteforcelogin|blocklist.de/all|blocklist.de/apache|ziyadnz/hourly-ipv4,blocklist.de|wordpress|joomla|brute-force|bot|irc-bot|apache|rfi|ddos|ziyadnz|hourly,2026-08-17T18:48:05Z,2026-08-17T18:48:05Z,
137.184.168.16,ipv4,web-brute-force,high,WHITE,blocklist.de/bruteforcelogin|blocklist.de/all|blocklist.de/apache|ziyadnz/hourly-ipv4,blocklist.de|wordpress|joomla|brute-force|bot|irc-bot|apache|rfi|ddos|ziyadnz|hourly,2026-08-17T18:48:05Z,2026-08-17T18:48:05Z,
138.185.145.78,ipv4,web-brute-force,high,WHITE,blocklist.de/bruteforcelogin|blocklist.de/all|blocklist.de/apache|ziyadnz/hourly-ipv4,blocklist.de|wordpress|joomla|brute-force|bot|irc-bot|apache|rfi|ddos|ziyadnz|hourly,2026-08-17T18:48:05Z,2026-08-17T18:48:05Z,
138.84.153.166,ipv4,web-brute-force,high,WHITE,blocklist.de/bruteforcelogin|blocklist.de/all|blocklist.de/apache|ziyadnz/hourly-ipv4,blocklist.de|wordpress|joomla|brute-force|bot|irc-bot|apache|rfi|ddos|ziyadnz|hourly,2026-08-17T18:48:05Z,2026-08-17T18:48:05Z,
138.84.53.0,ipv4,web-brute-force,high,WHITE,blocklist.de/bruteforcelogin|blocklist.de/all|blocklist.de/apache|ziyadnz/hourly-ipv4,blocklist.de|wordpress|joomla|brute-force|bot|irc-bot|apache|rfi|ddos|ziyadnz|hourly,2026-08-17T18:48:05Z,2026-08-17T18:48:05Z,
139.212.69.193,ipv4,web-brute-force,high,WHITE,blocklist.de/bruteforcelogin|blocklist.de/all|blocklist.de/apache|ziyadnz/hourly-ipv4,blocklist.de|wordpress|joomla|brute-force|bot|irc-bot|apache|rfi|ddos|ziyadnz|hourly,2026-08-17T18:48:05Z,2026-08-17T18:48:05Z,
139.28.219.70,ipv4,web-brute-force,high,WHITE,blocklist.de/bruteforcelogin|blocklist.de/all|blocklist.de/apache|ziyadnz/hourly-ipv4,blocklist.de|wordpress|joomla|brute-force|bot|irc-bot|apache|rfi|ddos|ziyadnz|hourly,2026-08-17T18:48:05Z,2026-08-17T18:48:05Z,
139.84.243.201,ipv4,web-brute-force,high,WHITE,blocklist.de/bruteforcelogin|blocklist.de/all|blocklist.de/apache|ziyadnz/hourly-ipv4,blocklist.de|wordpress|joomla|brute-force|bot|irc-bot|apache|rfi|ddos|ziyadnz|hourly,2026-08-17T18:48:05Z,2026-08-17T18:48:05Z,
14.139.60.17,ipv4,web-brute-force,high,WHITE,blocklist.de/bruteforcelogin|blocklist.de/all|blocklist.de/apache|ziyadnz/hourly-ipv4,blocklist.de|wordpress|joomla|brute-force|bot|irc-bot|apache|rfi|ddos|ziyadnz|hourly,2026-08-17T18:48:05Z,2026-08-17T18:48:05Z,
141.98.11.171,ipv4,web-brute-force,high,WHITE,blocklist.de/bruteforcelogin|blocklist.de/all|blocklist.de/apache|ziyadnz/hourly-ipv4,blocklist.de|wordpress|joomla|brute-force|bot|irc-bot|apache|rfi|ddos|ziyadnz|hourly,2026-08-17T18:48:05Z,2026-08-17T18:48:05Z,
143.198.201.176,ipv4,web-brute-force,medium,WHITE,blocklist.de/bruteforcelogin|blocklist.de/all,blocklist.de|wordpress|joomla|brute-force|bot|irc-bot|apache|rfi|ddos|ziyadnz|hourly,2026-08-17T18:48:05Z,2026-08-17T18:48:05Z,
143.244.57.120,ipv4,web-brute-force,high,WHITE,blocklist.de/bruteforcelogin|blocklist.de/all|blocklist.de/apache|ziyadnz/hourly-ipv4,blocklist.de|wordpress|joomla|brute-force|bot|irc-bot|apache|rfi|ddos|ziyadnz|hourly,2026-08-17T18:48:05Z,2026-08-17T18:48:05Z,
143.244.57.121,ipv4,web-brute-force,high,WHITE,blocklist.de/bruteforcelogin|blocklist.de/all|blocklist.de/apache|ziyadnz/hourly-ipv4,blocklist.de|wordpress|joomla|brute-force|bot|irc-bot|apache|rfi|ddos|ziyadnz|hourly,2026-08-17T18:48:05Z,2026-08-17T18:48:05Z,
143.244.57.84,ipv4,web-brute-force,high,WHITE,blocklist.de/bruteforcelogin|blocklist.de/all|blocklist.de/apache|ziyadnz/hourly-ipv4,blocklist.de|wordpress|joomla|brute-force|bot|irc-bot|apache|rfi|ddos|ziyadnz|hourly,2026-08-17T18:48:05Z,2026-08-17T18:48:05Z,
143.244.57.86,ipv4,web-brute-force,high,WHITE,blocklist.de/bruteforcelogin|blocklist.de/all|blocklist.de/apache|ziyadnz/hourly-ipv4,blocklist.de|wordpress|joomla|brute-force|bot|irc-bot|apache|rfi|ddos|ziyadnz|hourly,2026-08-17T18:48:05Z,2026-08-17T18:48:05Z,
143.244.57.88,ipv4,web-brute-force,high,WHITE,blocklist.de/bruteforcelogin|blocklist.de/all|blocklist.de/apache|ziyadnz/hourly-ipv4,blocklist.de|wordpress|joomla|brute-force|bot|irc-bot|apache|rfi|ddos|ziyadnz|hourly,2026-08-17T18:48:05Z,2026-08-17T18:48:05Z,
143.244.57.90,ipv4,web-brute-force,high,WHITE,blocklist.de/bruteforcelogin|blocklist.de/all|blocklist.de/apache|ziyadnz/hourly-ipv4,blocklist.de|wordpress|joomla|brute-force|bot|irc-bot|apache|rfi|ddos|ziyadnz|hourly,2026-08-17T18:48:05Z,2026-08-17T18:48:05Z,
143.44.185.101,ipv4,web-brute-force,high,WHITE,blocklist.de/bruteforcelogin|blocklist.de/all|blocklist.de/apache|ziyadnz/hourly-ipv4,blocklist.de|wordpress|joomla|brute-force|bot|irc-bot|apache|rfi|ddos|ziyadnz|hourly,2026-08-17T18:48:05Z,2026-08-17T18:48:05Z,
144.126.232.15,ipv4,web-brute-force,high,WHITE,blocklist.de/bruteforcelogin|blocklist.de/all|blocklist.de/apache|ziyadnz/hourly-ipv4,blocklist.de|wordpress|joomla|brute-force|bot|irc-bot|apache|rfi|ddos|ziyadnz|hourly,2026-08-17T18:48:05Z,2026-08-17T18:48:05Z,
144.172.118.123,ipv4,web-brute-force,high,WHITE,blocklist.de/bruteforcelogin|blocklist.de/all|blocklist.de/apache|ziyadnz/hourly-ipv4,blocklist.de|wordpress|joomla|brute-force|bot|irc-bot|apache|rfi|ddos|ziyadnz|hourly,2026-08-17T18:48:05Z,2026-08-17T18:48:05Z,
145.224.75.31,ipv4,web-brute-force,high,WHITE,blocklist.de/bruteforcelogin|blocklist.de/all|blocklist.de/apache|ziyadnz/hourly-ipv4,blocklist.de|wordpress|joomla|brute-force|bot|irc-bot|apache|rfi|ddos|ziyadnz|hourly,2026-08-17T18:48:05Z,2026-08-17T18:48:05Z,
146.190.83.2,ipv4,web-brute-force,high,WHITE,blocklist.de/bruteforcelogin|blocklist.de/all|blocklist.de/apache,blocklist.de|wordpress|joomla|brute-force|bot|irc-bot|apache|rfi|ddos|ziyadnz|hourly,2026-08-17T18:48:05Z,2026-08-17T18:48:05Z,
146.70.194.220,ipv4,web-brute-force,high,WHITE,blocklist.de/bruteforcelogin|blocklist.de/all|blocklist.de/apache|ziyadnz/hourly-ipv4,blocklist.de|wordpress|joomla|brute-force|bot|irc-bot|apache|rfi|ddos|ziyadnz|hourly,2026-08-17T18:48:05Z,2026-08-17T18:48:05Z,
146.70.194.222,ipv4,web-brute-force,high,WHITE,blocklist.de/bruteforcelogin|blocklist.de/all|blocklist.de/apache|ziyadnz/hourly-ipv4,blocklist.de|wordpress|joomla|brute-force|bot|irc-bot|apache|rfi|ddos|ziyadnz|hourly,2026-08-17T18:48:05Z,2026-08-17T18:48:05Z,
146.70.194.228,ipv4,web-brute-force,high,WHITE,blocklist.de/bruteforcelogin|blocklist.de/all|blocklist.de/apache|ziyadnz/hourly-ipv4,blocklist.de|wordpress|joomla|brute-force|bot|irc-bot|apache|rfi|ddos|ziyadnz|hourly,2026-08-17T18:48:05Z,2026-08-17T18:48:05Z,
146.70.194.230,ipv4,web-brute-force,high,WHITE,blocklist.de/bruteforcelogin|blocklist.de/all|blocklist.de/apache|ziyadnz/hourly-ipv4,blocklist.de|wordpress|joomla|brute-force|bot|irc-bot|apache|rfi|ddos|ziyadnz|hourly,2026-08-17T18:48:05Z,2026-08-17T18:48:05Z,
146.70.194.252,ipv4,web-brute-force,high,WHITE,blocklist.de/bruteforcelogin|blocklist.de/all|blocklist.de/apache|ziyadnz/hourly-ipv4,blocklist.de|wordpress|joomla|brute-force|bot|irc-bot|apache|rfi|ddos|ziyadnz|hourly,2026-08-17T18:48:05Z,2026-08-17T18:48:05Z,
146.70.194.254,ipv4,web-brute-force,high,WHITE,blocklist.de/bruteforcelogin|blocklist.de/all|blocklist.de/apache|ziyadnz/hourly-ipv4,blocklist.de|wordpress|joomla|brute-force|bot|irc-bot|apache|rfi|ddos|ziyadnz|hourly,2026-08-17T18:48:05Z,2026-08-17T18:48:05Z,
146.70.40.70,ipv4,web-brute-force,high,WHITE,blocklist.de/bruteforcelogin|blocklist.de/all|blocklist.de/apache|ziyadnz/hourly-ipv4,blocklist.de|wordpress|joomla|brute-force|bot|irc-bot|apache|rfi|ddos|ziyadnz|hourly,2026-08-17T18:48:05Z,2026-08-17T18:48:05Z,
146.71.76.185,ipv4,web-brute-force,high,WHITE,blocklist.de/bruteforcelogin|blocklist.de/all|blocklist.de/apache|ziyadnz/hourly-ipv4,blocklist.de|wordpress|joomla|brute-force|bot|irc-bot|apache|rfi|ddos|ziyadnz|hourly,2026-08-17T18:48:05Z,2026-08-17T18:48:05Z,
147.90.164.128,ipv4,web-brute-force,high,WHITE,blocklist.de/bruteforcelogin|blocklist.de/all|blocklist.de/apache|ziyadnz/hourly-ipv4,blocklist.de|wordpress|joomla|brute-force|bot|irc-bot|apache|rfi|ddos|ziyadnz|hourly,2026-08-17T18:48:05Z,2026-08-17T18:48:05Z,
147.90.164.219,ipv4,web-brute-force,high,WHITE,blocklist.de/bruteforcelogin|blocklist.de/all|blocklist.de/apache|ziyadnz/hourly-ipv4,blocklist.de|wordpress|joomla|brute-force|bot|irc-bot|apache|rfi|ddos|ziyadnz|hourly,2026-08-17T18:48:05Z,2026-08-17T18:48:05Z,
147.90.164.224,ipv4,web-brute-force,high,WHITE,blocklist.de/bruteforcelogin|blocklist.de/all|blocklist.de/apache|ziyadnz/hourly-ipv4,blocklist.de|wordpress|joomla|brute-force|bot|irc-bot|apache|rfi|ddos|ziyadnz|hourly,2026-08-17T18:48:05Z,2026-08-17T18:48:05Z,
147.90.164.232,ipv4,web-brute-force,high,WHITE,blocklist.de/bruteforcelogin|blocklist.de/all|blocklist.de/apache|ziyadnz/hourly-ipv4,blocklist.de|wordpress|joomla|brute-force|bot|irc-bot|apache|rfi|ddos|ziyadnz|hourly,2026-08-17T18:48:05Z,2026-08-17T18:48:05Z,
147.90.164.50,ipv4,web-brute-force,high,WHITE,blocklist.de/bruteforcelogin|blocklist.de/all|blocklist.de/apache|ziyadnz/hourly-ipv4,blocklist.de|wordpress|joomla|brute-force|bot|irc-bot|apache|rfi|ddos|ziyadnz|hourly,2026-08-17T18:48:05Z,2026-08-17T18:48:05Z,
148.101.154.11,ipv4,web-brute-force,high,WHITE,blocklist.de/bruteforcelogin|blocklist.de/all|blocklist.de/apache|ziyadnz/hourly-ipv4,blocklist.de|wordpress|joomla|brute-force|bot|irc-bot|apache|rfi|ddos|ziyadnz|hourly,2026-08-17T18:48:05Z,2026-08-17T18:48:05Z,
149.118.59.225,ipv4,web-brute-force,high,WHITE,blocklist.de/bruteforcelogin|blocklist.de/all|blocklist.de/apache|ziyadnz/hourly-ipv4,blocklist.de|wordpress|joomla|brute-force|bot|irc-bot|apache|rfi|ddos|ziyadnz|hourly,2026-08-17T18:48:05Z,2026-08-17T18:48:05Z,
149.34.210.157,ipv4,web-brute-force,high,WHITE,blocklist.de/bruteforcelogin|blocklist.de/all|blocklist.de/apache|ziyadnz/hourly-ipv4,blocklist.de|wordpress|joomla|brute-force|bot|irc-bot|apache|rfi|ddos|ziyadnz|hourly,2026-08-17T18:48:05Z,2026-08-17T18:48:05Z,
150.242.206.17,ipv4,web-brute-force,high,WHITE,blocklist.de/bruteforcelogin|blocklist.de/all|blocklist.de/apache|ziyadnz/hourly-ipv4,blocklist.de|wordpress|joomla|brute-force|bot|irc-bot|apache|rfi|ddos|ziyadnz|hourly,2026-08-17T18:48:05Z,2026-08-17T18:48:05Z,
150.242.206.3,ipv4,web-brute-force,high,WHITE,blocklist.de/bruteforcelogin|blocklist.de/all|blocklist.de/apache|ziyadnz/hourly-ipv4,blocklist.de|wordpress|joomla|brute-force|bot|irc-bot|apache|rfi|ddos|ziyadnz|hourly,2026-08-17T18:48:05Z,2026-08-17T18:48:05Z,
152.228.238.61,ipv4,web-brute-force,high,WHITE,blocklist.de/bruteforcelogin|blocklist.de/all|blocklist.de/apache|ziyadnz/hourly-ipv4,blocklist.de|wordpress|joomla|brute-force|bot|irc-bot|apache|rfi|ddos|ziyadnz|hourly,2026-08-17T18:48:05Z,2026-08-17T18:48:05Z,
152.32.225.11,ipv4,web-brute-force,high,WHITE,blocklist.de/bruteforcelogin|blocklist.de/all|blocklist.de/apache|ziyadnz/hourly-ipv4,blocklist.de|wordpress|joomla|brute-force|bot|irc-bot|apache|rfi|ddos|ziyadnz|hourly,2026-08-17T18:48:05Z,2026-08-17T18:48:05Z,
152.53.241.200,ipv4,web-brute-force,high,WHITE,blocklist.de/bruteforcelogin|blocklist.de/all|blocklist.de/apache|ziyadnz/hourly-ipv4,blocklist.de|wordpress|joomla|brute-force|bot|irc-bot|apache|rfi|ddos|ziyadnz|hourly,2026-08-17T18:48:05Z,2026-08-17T18:48:05Z,
152.56.134.178,ipv4,web-brute-force,high,WHITE,blocklist.de/bruteforcelogin|blocklist.de/all|blocklist.de/apache|ziyadnz/hourly-ipv4,blocklist.de|wordpress|joomla|brute-force|bot|irc-bot|apache|rfi|ddos|ziyadnz|hourly,2026-08-17T18:48:05Z,2026-08-17T18:48:05Z,
153.67.76.170,ipv4,web-brute-force,high,WHITE,blocklist.de/bruteforcelogin|blocklist.de/all|blocklist.de/apache|ziyadnz/hourly-ipv4,blocklist.de|wordpress|joomla|brute-force|bot|irc-bot|apache|rfi|ddos|ziyadnz|hourly,2026-08-17T18:48:05Z,2026-08-17T18:48:05Z,
153.76.249.222,ipv4,web-brute-force,high,WHITE,blocklist.de/bruteforcelogin|blocklist.de/all|blocklist.de/apache|ziyadnz/hourly-ipv4,blocklist.de|wordpress|joomla|brute-force|bot|irc-bot|apache|rfi|ddos|ziyadnz|hourly,2026-08-17T18:48:05Z,2026-08-17T18:48:05Z,
154.180.46.225,ipv4,web-brute-force,high,WHITE,blocklist.de/bruteforcelogin|blocklist.de/all|blocklist.de/apache|ziyadnz/hourly-ipv4,blocklist.de|wordpress|joomla|brute-force|bot|irc-bot|apache|rfi|ddos|ziyadnz|hourly,2026-08-17T18:48:05Z,2026-08-17T18:48:05Z,
154.57.197.145,ipv4,web-brute-force,high,WHITE,blocklist.de/bruteforcelogin|blocklist.de/all|blocklist.de/apache|ziyadnz/hourly-ipv4,blocklist.de|wordpress|joomla|brute-force|bot|irc-bot|apache|rfi|ddos|ziyadnz|hourly,2026-08-17T18:48:05Z,2026-08-17T18:48:05Z,
154.58.229.12,ipv4,web-brute-force,high,WHITE,blocklist.de/bruteforcelogin|blocklist.de/all|blocklist.de/apache|ziyadnz/hourly-ipv4,blocklist.de|wordpress|joomla|brute-force|bot|irc-bot|apache|rfi|ddos|ziyadnz|hourly,2026-08-17T18:48:05Z,2026-08-17T18:48:05Z,
154.58.229.19,ipv4,web-brute-force,high,WHITE,blocklist.de/bruteforcelogin|blocklist.de/all|blocklist.de/apache|ziyadnz/hourly-ipv4,blocklist.de|wordpress|joomla|brute-force|bot|irc-bot|apache|rfi|ddos|ziyadnz|hourly,2026-08-17T18:48:05Z,2026-08-17T18:48:05Z,
154.58.229.20,ipv4,web-brute-force,high,WHITE,blocklist.de/bruteforcelogin|blocklist.de/all|blocklist.de/apache|ziyadnz/hourly-ipv4,blocklist.de|wordpress|joomla|brute-force|bot|irc-bot|apache|rfi|ddos|ziyadnz|hourly,2026-08-17T18:48:05Z,2026-08-17T18:48:05Z,
154.65.16.170,ipv4,web-brute-force,high,WHITE,blocklist.de/bruteforcelogin|blocklist.de/all|blocklist.de/apache|ziyadnz/hourly-ipv4,blocklist.de|wordpress|joomla|brute-force|bot|irc-bot|apache|rfi|ddos|ziyadnz|hourly,2026-08-17T18:48:05Z,2026-08-17T18:48:05Z,
156.203.0.88,ipv4,web-brute-force,high,WHITE,blocklist.de/bruteforcelogin|blocklist.de/all|blocklist.de/apache|ziyadnz/hourly-ipv4,blocklist.de|wordpress|joomla|brute-force|bot|irc-bot|apache|rfi|ddos|ziyadnz|hourly,2026-08-17T18:48:05Z,2026-08-17T18:48:05Z,
157.10.7.202,ipv4,web-brute-force,high,WHITE,blocklist.de/bruteforcelogin|blocklist.de/all|blocklist.de/apache|ziyadnz/hourly-ipv4,blocklist.de|wordpress|joomla|brute-force|bot|irc-bot|apache|rfi|ddos|ziyadnz|hourly,2026-08-17T18:48:05Z,2026-08-17T18:48:05Z,
157.15.235.164,ipv4,web-brute-force,high,WHITE,blocklist.de/bruteforcelogin|blocklist.de/all|blocklist.de/apache|ziyadnz/hourly-ipv4,blocklist.de|wordpress|joomla|brute-force|bot|irc-bot|apache|rfi|ddos|ziyadnz|hourly,2026-08-17T18:48:05Z,2026-08-17T18:48:05Z,
157.230.36.59,ipv4,web-brute-force,high,WHITE,blocklist.de/bruteforcelogin|blocklist.de/all|blocklist.de/apache|ziyadnz/hourly-ipv4,blocklist.de|wordpress|joomla|brute-force|bot|irc-bot|apache|rfi|ddos|ziyadnz|hourly,2026-08-17T18:48:05Z,2026-08-17T18:48:05Z,
157.245.195.118,ipv4,web-brute-force,high,WHITE,blocklist.de/bruteforcelogin|blocklist.de/all|blocklist.de/apache|ziyadnz/hourly-ipv4,blocklist.de|wordpress|joomla|brute-force|bot|irc-bot|apache|rfi|ddos|ziyadnz|hourly,2026-08-17T18:48:05Z,2026-08-17T18:48:05Z,
157.66.55.189,ipv4,web-brute-force,high,WHITE,blocklist.de/bruteforcelogin|blocklist.de/all|blocklist.de/apache|ziyadnz/hourly-ipv4,blocklist.de|wordpress|joomla|brute-force|bot|irc-bot|apache|rfi|ddos|ziyadnz|hourly,2026-08-17T18:48:05Z,2026-08-17T18:48:05Z,
157.66.56.51,ipv4,web-brute-force,high,WHITE,blocklist.de/bruteforcelogin|blocklist.de/all|blocklist.de/apache|ziyadnz/hourly-ipv4,blocklist.de|wordpress|joomla|brute-force|bot|irc-bot|apache|rfi|ddos|ziyadnz|hourly,2026-08-17T18:48:05Z,2026-08-17T18:48:05Z,
158.101.222.99,ipv4,web-brute-force,high,WHITE,blocklist.de/bruteforcelogin|blocklist.de/all|blocklist.de/apache|ziyadnz/hourly-ipv4,blocklist.de|wordpress|joomla|brute-force|bot|irc-bot|apache|rfi|ddos|ziyadnz|hourly,2026-08-17T18:48:05Z,2026-08-17T18:48:05Z,
158.158.34.183,ipv4,web-brute-force,high,WHITE,blocklist.de/bruteforcelogin|blocklist.de/all|blocklist.de/apache|ziyadnz/hourly-ipv4,blocklist.de|wordpress|joomla|brute-force|bot|irc-bot|apache|rfi|ddos|ziyadnz|hourly,2026-08-17T18:48:05Z,2026-08-17T18:48:05Z,
158.158.35.55,ipv4,web-brute-force,high,WHITE,blocklist.de/bruteforcelogin|blocklist.de/all|blocklist.de/apache|ziyadnz/hourly-ipv4,blocklist.de|wordpress|joomla|brute-force|bot|irc-bot|apache|rfi|ddos|ziyadnz|hourly,2026-08-17T18:48:05Z,2026-08-17T18:48:05Z,
158.158.74.177,ipv4,web-brute-force,high,WHITE,blocklist.de/bruteforcelogin|blocklist.de/all|blocklist.de/apache|ziyadnz/hourly-ipv4,blocklist.de|wordpress|joomla|brute-force|bot|irc-bot|apache|rfi|ddos|ziyadnz|hourly,2026-08-17T18:48:05Z,2026-08-17T18:48:05Z,
158.173.241.35,ipv4,web-brute-force,high,WHITE,blocklist.de/bruteforcelogin|blocklist.de/all|blocklist.de/apache|ziyadnz/hourly-ipv4,blocklist.de|wordpress|joomla|brute-force|bot|irc-bot|apache|rfi|ddos|ziyadnz|hourly,2026-08-17T18:48:05Z,2026-08-17T18:48:05Z,
158.173.242.95,ipv4,web-brute-force,high,WHITE,blocklist.de/bruteforcelogin|blocklist.de/all|blocklist.de/apache|ziyadnz/hourly-ipv4,blocklist.de|wordpress|joomla|brute-force|bot|irc-bot|apache|rfi|ddos|ziyadnz|hourly,2026-08-17T18:48:05Z,2026-08-17T18:48:05Z,
158.23.162.133,ipv4,web-brute-force,high,WHITE,blocklist.de/bruteforcelogin|blocklist.de/all|blocklist.de/apache|ziyadnz/hourly-ipv4,blocklist.de|wordpress|joomla|brute-force|bot|irc-bot|apache|rfi|ddos|ziyadnz|hourly,2026-08-17T18:48:05Z,2026-08-17T18:48:05Z,
159.65.130.4,ipv4,web-brute-force,high,WHITE,blocklist.de/bruteforcelogin|blocklist.de/all|blocklist.de/apache|ziyadnz/hourly-ipv4,blocklist.de|wordpress|joomla|brute-force|bot|irc-bot|apache|rfi|ddos|ziyadnz|hourly,2026-08-17T18:48:05Z,2026-08-17T18:48:05Z,
159.89.122.174,ipv4,web-brute-force,high,WHITE,blocklist.de/bruteforcelogin|blocklist.de/all|blocklist.de/apache|ziyadnz/hourly-ipv4,blocklist.de|wordpress|joomla|brute-force|bot|irc-bot|apache|rfi|ddos|ziyadnz|hourly,2026-08-17T18:48:05Z,2026-08-17T18:48:05Z,
159.89.197.125,ipv4,web-brute-force,high,WHITE,blocklist.de/bruteforcelogin|blocklist.de/all|blocklist.de/apache|ziyadnz/hourly-ipv4,blocklist.de|wordpress|joomla|brute-force|bot|irc-bot|apache|rfi|ddos|ziyadnz|hourly,2026-08-17T18:48:05Z,2026-08-17T18:48:05Z,
160.251.71.115,ipv4,web-brute-force,high,WHITE,blocklist.de/bruteforcelogin|blocklist.de/all|blocklist.de/apache|ziyadnz/hourly-ipv4,blocklist.de|wordpress|joomla|brute-force|bot|irc-bot|apache|rfi|ddos|ziyadnz|hourly,2026-08-17T18:48:05Z,2026-08-17T18:48:05Z,
161.132.89.93,ipv4,web-brute-force,high,WHITE,blocklist.de/bruteforcelogin|blocklist.de/all|blocklist.de/apache|ziyadnz/hourly-ipv4,blocklist.de|wordpress|joomla|brute-force|bot|irc-bot|apache|rfi|ddos|ziyadnz|hourly,2026-08-17T18:48:05Z,2026-08-17T18:48:05Z,
161.248.189.130,ipv4,web-brute-force,high,WHITE,blocklist.de/bruteforcelogin|blocklist.de/all|blocklist.de/apache|ziyadnz/hourly-ipv4,blocklist.de|wordpress|joomla|brute-force|bot|irc-bot|apache|rfi|ddos|ziyadnz|hourly,2026-08-17T18:48:05Z,2026-08-17T18:48:05Z,
161.35.201.249,ipv4,web-brute-force,high,WHITE,blocklist.de/bruteforcelogin|blocklist.de/all|blocklist.de/apache|ziyadnz/hourly-ipv4,blocklist.de|wordpress|joomla|brute-force|bot|irc-bot|apache|rfi|ddos|ziyadnz|hourly,2026-08-17T18:48:05Z,2026-08-17T18:48:05Z,
162.158.182.144,ipv4,web-brute-force,high,WHITE,blocklist.de/bruteforcelogin|blocklist.de/all|blocklist.de/apache|ziyadnz/hourly-ipv4,blocklist.de|wordpress|joomla|brute-force|bot|irc-bot|apache|rfi|ddos|ziyadnz|hourly,2026-08-17T18:48:05Z,2026-08-17T18:48:05Z,
162.158.182.145,ipv4,web-brute-force,high,WHITE,blocklist.de/bruteforcelogin|blocklist.de/all|blocklist.de/apache|ziyadnz/hourly-ipv4,blocklist.de|wordpress|joomla|brute-force|bot|irc-bot|apache|rfi|ddos|ziyadnz|hourly,2026-08-17T18:48:05Z,2026-08-17T18:48:05Z,
162.214.205.212,ipv4,web-brute-force,high,WHITE,blocklist.de/bruteforcelogin|blocklist.de/all|blocklist.de/apache|ziyadnz/hourly-ipv4,blocklist.de|wordpress|joomla|brute-force|bot|irc-bot|apache|rfi|ddos|ziyadnz|hourly,2026-08-17T18:48:05Z,2026-08-17T18:48:05Z,
162.214.211.238,ipv4,web-brute-force,high,WHITE,blocklist.de/bruteforcelogin|blocklist.de/all|blocklist.de/apache|ziyadnz/hourly-ipv4,blocklist.de|wordpress|joomla|brute-force|bot|irc-bot|apache|rfi|ddos|ziyadnz|hourly,2026-08-17T18:48:05Z,2026-08-17T18:48:05Z,
162.214.79.109,ipv4,web-brute-force,high,WHITE,blocklist.de/bruteforcelogin|blocklist.de/all|blocklist.de/apache|ziyadnz/hourly-ipv4,blocklist.de|wordpress|joomla|brute-force|bot|irc-bot|apache|rfi|ddos|ziyadnz|hourly,2026-08-17T18:48:05Z,2026-08-17T18:48:05Z,
162.240.105.3,ipv4,web-brute-force,high,WHITE,blocklist.de/bruteforcelogin|blocklist.de/all|blocklist.de/apache|ziyadnz/hourly-ipv4,blocklist.de|wordpress|joomla|brute-force|bot|irc-bot|apache|rfi|ddos|ziyadnz|hourly,2026-08-17T18:48:05Z,2026-08-17T18:48:05Z,
162.240.228.207,ipv4,web-brute-force,high,WHITE,blocklist.de/bruteforcelogin|blocklist.de/all|blocklist.de/apache|ziyadnz/hourly-ipv4,blocklist.de|wordpress|joomla|brute-force|bot|irc-bot|apache|rfi|ddos|ziyadnz|hourly,2026-08-17T18:48:05Z,2026-08-17T18:48:05Z,
162.55.63.40,ipv4,web-brute-force,high,WHITE,blocklist.de/bruteforcelogin|blocklist.de/all|blocklist.de/apache|ziyadnz/hourly-ipv4,blocklist.de|wordpress|joomla|brute-force|bot|irc-bot|apache|rfi|ddos|ziyadnz|hourly,2026-08-17T18:48:05Z,2026-08-17T18:48:05Z,
164.132.240.159,ipv4,web-brute-force,high,WHITE,blocklist.de/bruteforcelogin|blocklist.de/all|blocklist.de/apache|ziyadnz/hourly-ipv4,blocklist.de|wordpress|joomla|brute-force|bot|irc-bot|apache|rfi|ddos|ziyadnz|hourly,2026-08-17T18:48:05Z,2026-08-17T18:48:05Z,
164.90.228.79,ipv4,web-brute-force,high,WHITE,blocklist.de/bruteforcelogin|blocklist.de/all|blocklist.de/apache|ziyadnz/hourly-ipv4,blocklist.de|wordpress|joomla|brute-force|bot|irc-bot|apache|rfi|ddos|ziyadnz|hourly,2026-08-17T18:48:05Z,2026-08-17T18:48:05Z,
165.165.117.63,ipv4,web-brute-force,high,WHITE,blocklist.de/bruteforcelogin|blocklist.de/all|blocklist.de/apache|ziyadnz/hourly-ipv4,blocklist.de|wordpress|joomla|brute-force|bot|irc-bot|apache|rfi|ddos|ziyadnz|hourly,2026-08-17T18:48:05Z,2026-08-17T18:48:05Z,
165.227.208.86,ipv4,web-brute-force,high,WHITE,blocklist.de/bruteforcelogin|blocklist.de/all|blocklist.de/apache|ziyadnz/hourly-ipv4,blocklist.de|wordpress|joomla|brute-force|bot|irc-bot|apache|rfi|ddos|ziyadnz|hourly,2026-08-17T18:48:05Z,2026-08-17T18:48:05Z,
165.245.227.59,ipv4,web-brute-force,high,WHITE,blocklist.de/bruteforcelogin|blocklist.de/all|blocklist.de/apache|ziyadnz/hourly-ipv4,blocklist.de|wordpress|joomla|brute-force|bot|irc-bot|apache|rfi|ddos|ziyadnz|hourly,2026-08-17T18:48:05Z,2026-08-17T18:48:05Z,
165.255.0.217,ipv4,web-brute-force,high,WHITE,blocklist.de/bruteforcelogin|blocklist.de/all|blocklist.de/apache|ziyadnz/hourly-ipv4,blocklist.de|wordpress|joomla|brute-force|bot|irc-bot|apache|rfi|ddos|ziyadnz|hourly,2026-08-17T18:48:05Z,2026-08-17T18:48:05Z,
165.73.181.180,ipv4,web-brute-force,high,WHITE,blocklist.de/bruteforcelogin|blocklist.de/all|blocklist.de/apache|ziyadnz/hourly-ipv4,blocklist.de|wordpress|joomla|brute-force|bot|irc-bot|apache|rfi|ddos|ziyadnz|hourly,2026-08-17T18:48:05Z,2026-08-17T18:48:05Z,
166.88.117.187,ipv4,web-brute-force,high,WHITE,blocklist.de/bruteforcelogin|blocklist.de/all|blocklist.de/apache|ziyadnz/hourly-ipv4,blocklist.de|wordpress|joomla|brute-force|bot|irc-bot|apache|rfi|ddos|ziyadnz|hourly,2026-08-17T18:48:05Z,2026-08-17T18:48:05Z,
167.99.182.39,ipv4,web-brute-force,high,WHITE,blocklist.de/bruteforcelogin|blocklist.de/all|blocklist.de/apache|ziyadnz/hourly-ipv4,blocklist.de|wordpress|joomla|brute-force|bot|irc-bot|apache|rfi|ddos|ziyadnz|hourly,2026-08-17T18:48:05Z,2026-08-17T18:48:05Z,
167.99.226.145,ipv4,web-brute-force,high,WHITE,blocklist.de/bruteforcelogin|blocklist.de/all|blocklist.de/apache|ziyadnz/hourly-ipv4,blocklist.de|wordpress|joomla|brute-force|bot|irc-bot|apache|rfi|ddos|ziyadnz|hourly,2026-08-17T18:48:05Z,2026-08-17T18:48:05Z,
168.144.165.27,ipv4,web-brute-force,high,WHITE,blocklist.de/bruteforcelogin|blocklist.de/all|blocklist.de/apache|ziyadnz/hourly-ipv4,blocklist.de|wordpress|joomla|brute-force|bot|irc-bot|apache|rfi|ddos|ziyadnz|hourly,2026-08-17T18:48:05Z,2026-08-17T18:48:05Z,
168.144.167.34,ipv4,web-brute-force,high,WHITE,blocklist.de/bruteforcelogin|blocklist.de/all|blocklist.de/apache|ziyadnz/hourly-ipv4,blocklist.de|wordpress|joomla|brute-force|bot|irc-bot|apache|rfi|ddos|ziyadnz|hourly,2026-08-17T18:48:05Z,2026-08-17T18:48:05Z,
168.144.172.28,ipv4,web-brute-force,high,WHITE,blocklist.de/bruteforcelogin|blocklist.de/all|blocklist.de/apache|ziyadnz/hourly-ipv4,blocklist.de|wordpress|joomla|brute-force|bot|irc-bot|apache|rfi|ddos|ziyadnz|hourly,2026-08-17T18:48:05Z,2026-08-17T18:48:05Z,
168.144.176.69,ipv4,web-brute-force,high,WHITE,blocklist.de/bruteforcelogin|blocklist.de/all|blocklist.de/apache|ziyadnz/hourly-ipv4,blocklist.de|wordpress|joomla|brute-force|bot|irc-bot|apache|rfi|ddos|ziyadnz|hourly,2026-08-17T18:48:05Z,2026-08-17T18:48:05Z,
169.0.4.227,ipv4,web-brute-force,high,WHITE,blocklist.de/bruteforcelogin|blocklist.de/all|blocklist.de/apache|ziyadnz/hourly-ipv4,blocklist.de|wordpress|joomla|brute-force|bot|irc-bot|apache|rfi|ddos|ziyadnz|hourly,2026-08-17T18:48:05Z,2026-08-17T18:48:05Z,
169.239.183.157,ipv4,web-brute-force,high,WHITE,blocklist.de/bruteforcelogin|blocklist.de/all|blocklist.de/apache|ziyadnz/hourly-ipv4,blocklist.de|wordpress|joomla|brute-force|bot|irc-bot|apache|rfi|ddos|ziyadnz|hourly,2026-08-17T18:48:05Z,2026-08-17T18:48:05Z,
169.58.42.242,ipv4,web-brute-force,high,WHITE,blocklist.de/bruteforcelogin|blocklist.de/all|blocklist.de/apache|ziyadnz/hourly-ipv4,blocklist.de|wordpress|joomla|brute-force|bot|irc-bot|apache|rfi|ddos|ziyadnz|hourly,2026-08-17T18:48:05Z,2026-08-17T18:48:05Z,
170.233.13.5,ipv4,web-brute-force,high,WHITE,blocklist.de/bruteforcelogin|blocklist.de/all|blocklist.de/apache|ziyadnz/hourly-ipv4,blocklist.de|wordpress|joomla|brute-force|bot|irc-bot|apache|rfi|ddos|ziyadnz|hourly,2026-08-17T18:48:05Z,2026-08-17T18:48:05Z,
170.64.156.234,ipv4,web-brute-force,high,WHITE,blocklist.de/bruteforcelogin|blocklist.de/all|blocklist.de/apache|ziyadnz/hourly-ipv4,blocklist.de|wordpress|joomla|brute-force|bot|irc-bot|apache|rfi|ddos|ziyadnz|hourly,2026-08-17T18:48:05Z,2026-08-17T18:48:05Z,
171.76.108.142,ipv4,web-brute-force,high,WHITE,blocklist.de/bruteforcelogin|blocklist.de/all|blocklist.de/apache|ziyadnz/hourly-ipv4,blocklist.de|wordpress|joomla|brute-force|bot|irc-bot|apache|rfi|ddos|ziyadnz|hourly,2026-08-17T18:48:05Z,2026-08-17T18:48:05Z,
172.104.146.126,ipv4,web-brute-force,high,WHITE,blocklist.de/bruteforcelogin|blocklist.de/all|blocklist.de/apache|ziyadnz/hourly-ipv4,blocklist.de|wordpress|joomla|brute-force|bot|irc-bot|apache|rfi|ddos|ziyadnz|hourly,2026-08-17T18:48:05Z,2026-08-17T18:48:05Z,
172.161.0.2,ipv4,web-brute-force,high,WHITE,blocklist.de/bruteforcelogin|blocklist.de/all|blocklist.de/apache|ziyadnz/hourly-ipv4,blocklist.de|wordpress|joomla|brute-force|bot|irc-bot|apache|rfi|ddos|ziyadnz|hourly,2026-08-17T18:48:05Z,2026-08-17T18:48:05Z,
172.161.79.158,ipv4,web-brute-force,high,WHITE,blocklist.de/bruteforcelogin|blocklist.de/all|blocklist.de/apache|ziyadnz/hourly-ipv4,blocklist.de|wordpress|joomla|brute-force|bot|irc-bot|apache|rfi|ddos|ziyadnz|hourly,2026-08-17T18:48:05Z,2026-08-17T18:48:05Z,
172.182.217.32,ipv4,web-brute-force,high,WHITE,blocklist.de/bruteforcelogin|blocklist.de/all|blocklist.de/apache|ziyadnz/hourly-ipv4,blocklist.de|wordpress|joomla|brute-force|bot|irc-bot|apache|rfi|ddos|ziyadnz|hourly,2026-08-17T18:48:05Z,2026-08-17T18:48:05Z,
172.213.227.73,ipv4,web-brute-force,high,WHITE,blocklist.de/bruteforcelogin|blocklist.de/all|blocklist.de/apache|ziyadnz/hourly-ipv4,blocklist.de|wordpress|joomla|brute-force|bot|irc-bot|apache|rfi|ddos|ziyadnz|hourly,2026-08-17T18:48:05Z,2026-08-17T18:48:05Z,
172.233.196.79,ipv4,web-brute-force,high,WHITE,blocklist.de/bruteforcelogin|blocklist.de/all|blocklist.de/apache|ziyadnz/hourly-ipv4,blocklist.de|wordpress|joomla|brute-force|bot|irc-bot|apache|rfi|ddos|ziyadnz|hourly,2026-08-17T18:48:05Z,2026-08-17T18:48:05Z,
172.239.57.231,ipv4,web-brute-force,high,WHITE,blocklist.de/bruteforcelogin|blocklist.de/all|blocklist.de/apache|ziyadnz/hourly-ipv4,blocklist.de|wordpress|joomla|brute-force|bot|irc-bot|apache|rfi|ddos|ziyadnz|hourly,2026-08-17T18:48:05Z,2026-08-17T18:48:05Z,
172.70.134.220,ipv4,web-brute-force,high,WHITE,blocklist.de/bruteforcelogin|blocklist.de/all|blocklist.de/apache|ziyadnz/hourly-ipv4,blocklist.de|wordpress|joomla|brute-force|bot|irc-bot|apache|rfi|ddos|ziyadnz|hourly,2026-08-17T18:48:05Z,2026-08-17T18:48:05Z,
172.70.134.221,ipv4,web-brute-force,high,WHITE,blocklist.de/bruteforcelogin|blocklist.de/all|blocklist.de/apache|ziyadnz/hourly-ipv4,blocklist.de|wordpress|joomla|brute-force|bot|irc-bot|apache|rfi|ddos|ziyadnz|hourly,2026-08-17T18:48:05Z,2026-08-17T18:48:05Z,
172.71.190.80,ipv4,web-brute-force,high,WHITE,blocklist.de/bruteforcelogin|blocklist.de/all|blocklist.de/apache|ziyadnz/hourly-ipv4,blocklist.de|wordpress|joomla|brute-force|bot|irc-bot|apache|rfi|ddos|ziyadnz|hourly,2026-08-17T18:48:05Z,2026-08-17T18:48:05Z,
172.71.190.81,ipv4,web-brute-force,high,WHITE,blocklist.de/bruteforcelogin|blocklist.de/all|blocklist.de/apache|ziyadnz/hourly-ipv4,blocklist.de|wordpress|joomla|brute-force|bot|irc-bot|apache|rfi|ddos|ziyadnz|hourly,2026-08-17T18:48:05Z,2026-08-17T18:48:05Z,
173.239.240.111,ipv4,web-brute-force,high,WHITE,blocklist.de/bruteforcelogin|blocklist.de/all|blocklist.de/apache|ziyadnz/hourly-ipv4,blocklist.de|wordpress|joomla|brute-force|bot|irc-bot|apache|rfi|ddos|ziyadnz|hourly,2026-08-17T18:48:05Z,2026-08-17T18:48:05Z,
175.30.48.188,ipv4,web-brute-force,high,WHITE,blocklist.de/bruteforcelogin|blocklist.de/all|blocklist.de/apache|ziyadnz/hourly-ipv4,blocklist.de|wordpress|joomla|brute-force|bot|irc-bot|apache|rfi|ddos|ziyadnz|hourly,2026-08-17T18:48:05Z,2026-08-17T18:48:05Z,
176.118.197.148,ipv4,web-brute-force,high,WHITE,blocklist.de/bruteforcelogin|blocklist.de/all|blocklist.de/apache|ziyadnz/hourly-ipv4,blocklist.de|wordpress|joomla|brute-force|bot|irc-bot|apache|rfi|ddos|ziyadnz|hourly,2026-08-17T18:48:05Z,2026-08-17T18:48:05Z,
176.223.17.5,ipv4,web-brute-force,high,WHITE,blocklist.de/bruteforcelogin|blocklist.de/all|blocklist.de/apache|ziyadnz/hourly-ipv4,blocklist.de|wordpress|joomla|brute-force|bot|irc-bot|apache|rfi|ddos|ziyadnz|hourly,2026-08-17T18:48:05Z,2026-08-17T18:48:05Z,
177.1.104.243,ipv4,web-brute-force,high,WHITE,blocklist.de/bruteforcelogin|blocklist.de/all|blocklist.de/apache|ziyadnz/hourly-ipv4,blocklist.de|wordpress|joomla|brute-force|bot|irc-bot|apache|rfi|ddos|ziyadnz|hourly,2026-08-17T18:48:05Z,2026-08-17T18:48:05Z,
177.104.161.142,ipv4,web-brute-force,high,WHITE,blocklist.de/bruteforcelogin|blocklist.de/all|ziyadnz/hourly-ipv4,blocklist.de|wordpress|joomla|brute-force|bot|irc-bot|apache|rfi|ddos|ziyadnz|hourly,2026-08-17T18:48:05Z,2026-08-17T18:48:05Z,
177.107.232.68,ipv4,web-brute-force,high,WHITE,blocklist.de/bruteforcelogin|blocklist.de/all|blocklist.de/apache|ziyadnz/hourly-ipv4,blocklist.de|wordpress|joomla|brute-force|bot|irc-bot|apache|rfi|ddos|ziyadnz|hourly,2026-08-17T18:48:05Z,2026-08-17T18:48:05Z,
177.155.74.215,ipv4,web-brute-force,high,WHITE,blocklist.de/bruteforcelogin|blocklist.de/all|blocklist.de/apache|ziyadnz/hourly-ipv4,blocklist.de|wordpress|joomla|brute-force|bot|irc-bot|apache|rfi|ddos|ziyadnz|hourly,2026-08-17T18:48:05Z,2026-08-17T18:48:05Z,
177.234.138.150,ipv4,web-brute-force,high,WHITE,blocklist.de/bruteforcelogin|blocklist.de/all|blocklist.de/apache|ziyadnz/hourly-ipv4,blocklist.de|wordpress|joomla|brute-force|bot|irc-bot|apache|rfi|ddos|ziyadnz|hourly,2026-08-17T18:48:05Z,2026-08-17T18:48:05Z,
177.73.130.171,ipv4,web-brute-force,high,WHITE,blocklist.de/bruteforcelogin|blocklist.de/all|blocklist.de/apache|ziyadnz/hourly-ipv4,blocklist.de|wordpress|joomla|brute-force|bot|irc-bot|apache|rfi|ddos|ziyadnz|hourly,2026-08-17T18:48:05Z,2026-08-17T18:48:05Z,
178.153.91.96,ipv4,web-brute-force,high,WHITE,blocklist.de/bruteforcelogin|blocklist.de/all|blocklist.de/apache|ziyadnz/hourly-ipv4,blocklist.de|wordpress|joomla|brute-force|bot|irc-bot|apache|rfi|ddos|ziyadnz|hourly,2026-08-17T18:48:05Z,2026-08-17T18:48:05Z,
178.170.221.95,ipv4,web-brute-force,high,WHITE,blocklist.de/bruteforcelogin|blocklist.de/all|blocklist.de/apache|ziyadnz/hourly-ipv4,blocklist.de|wordpress|joomla|brute-force|bot|irc-bot|apache|rfi|ddos|ziyadnz|hourly,2026-08-17T18:48:05Z,2026-08-17T18:48:05Z,
178.23.13.39,ipv4,web-brute-force,high,WHITE,blocklist.de/bruteforcelogin|blocklist.de/all|blocklist.de/apache|ziyadnz/hourly-ipv4,blocklist.de|wordpress|joomla|brute-force|bot|irc-bot|apache|rfi|ddos|ziyadnz|hourly,2026-08-17T18:48:05Z,2026-08-17T18:48:05Z,
178.77.174.112,ipv4,web-brute-force,high,WHITE,blocklist.de/bruteforcelogin|blocklist.de/all|blocklist.de/apache|ziyadnz/hourly-ipv4,blocklist.de|wordpress|joomla|brute-force|bot|irc-bot|apache|rfi|ddos|ziyadnz|hourly,2026-08-17T18:48:05Z,2026-08-17T18:48:05Z,
179.42.38.152,ipv4,web-brute-force,high,WHITE,blocklist.de/bruteforcelogin|blocklist.de/all|blocklist.de/apache|ziyadnz/hourly-ipv4,blocklist.de|wordpress|joomla|brute-force|bot|irc-bot|apache|rfi|ddos|ziyadnz|hourly,2026-08-17T18:48:05Z,2026-08-17T18:48:05Z,
179.5.180.116,ipv4,web-brute-force,high,WHITE,blocklist.de/bruteforcelogin|blocklist.de/all|blocklist.de/apache|ziyadnz/hourly-ipv4,blocklist.de|wordpress|joomla|brute-force|bot|irc-bot|apache|rfi|ddos|ziyadnz|hourly,2026-08-17T18:48:05Z,2026-08-17T18:48:05Z,
18.117.16.4,ipv4,web-brute-force,high,WHITE,blocklist.de/bruteforcelogin|blocklist.de/all|blocklist.de/apache|ziyadnz/hourly-ipv4,blocklist.de|wordpress|joomla|brute-force|bot|irc-bot|apache|rfi|ddos|ziyadnz|hourly,2026-08-17T18:48:05Z,2026-08-17T18:48:05Z,
18.133.142.26,ipv4,web-brute-force,high,WHITE,blocklist.de/bruteforcelogin|blocklist.de/all|blocklist.de/apache|ziyadnz/hourly-ipv4,blocklist.de|wordpress|joomla|brute-force|bot|irc-bot|apache|rfi|ddos|ziyadnz|hourly,2026-08-17T18:48:05Z,2026-08-17T18:48:05Z,
18.168.254.174,ipv4,web-brute-force,high,WHITE,blocklist.de/bruteforcelogin|blocklist.de/all|blocklist.de/apache|ziyadnz/hourly-ipv4,blocklist.de|wordpress|joomla|brute-force|bot|irc-bot|apache|rfi|ddos|ziyadnz|hourly,2026-08-17T18:48:05Z,2026-08-17T18:48:05Z,
18.219.243.152,ipv4,web-brute-force,high,WHITE,blocklist.de/bruteforcelogin|blocklist.de/all|blocklist.de/apache|ziyadnz/hourly-ipv4,blocklist.de|wordpress|joomla|brute-force|bot|irc-bot|apache|rfi|ddos|ziyadnz|hourly,2026-08-17T18:48:05Z,2026-08-17T18:48:05Z,
180.131.131.177,ipv4,web-brute-force,high,WHITE,blocklist.de/bruteforcelogin|blocklist.de/all|blocklist.de/apache|ziyadnz/hourly-ipv4,blocklist.de|wordpress|joomla|brute-force|bot|irc-bot|apache|rfi|ddos|ziyadnz|hourly,2026-08-17T18:48:05Z,2026-08-17T18:48:05Z,
181.116.200.44,ipv4,web-brute-force,high,WHITE,blocklist.de/bruteforcelogin|blocklist.de/all|blocklist.de/apache|ziyadnz/hourly-ipv4,blocklist.de|wordpress|joomla|brute-force|bot|irc-bot|apache|rfi|ddos|ziyadnz|hourly,2026-08-17T18:48:05Z,2026-08-17T18:48:05Z,
181.14.176.131,ipv4,web-brute-force,high,WHITE,blocklist.de/bruteforcelogin|blocklist.de/all|blocklist.de/apache|ziyadnz/hourly-ipv4,blocklist.de|wordpress|joomla|brute-force|bot|irc-bot|apache|rfi|ddos|ziyadnz|hourly,2026-08-17T18:48:05Z,2026-08-17T18:48:05Z,
182.138.158.99,ipv4,web-brute-force,high,WHITE,blocklist.de/bruteforcelogin|blocklist.de/all|blocklist.de/apache|ziyadnz/hourly-ipv4,blocklist.de|wordpress|joomla|brute-force|bot|irc-bot|apache|rfi|ddos|ziyadnz|hourly,2026-08-17T18:48:05Z,2026-08-17T18:48:05Z,
182.183.87.113,ipv4,web-brute-force,high,WHITE,blocklist.de/bruteforcelogin|blocklist.de/all|blocklist.de/apache|ziyadnz/hourly-ipv4,blocklist.de|wordpress|joomla|brute-force|bot|irc-bot|apache|rfi|ddos|ziyadnz|hourly,2026-08-17T18:48:05Z,2026-08-17T18:48:05Z,
182.242.168.99,ipv4,web-brute-force,high,WHITE,blocklist.de/bruteforcelogin|blocklist.de/all|blocklist.de/apache|ziyadnz/hourly-ipv4,blocklist.de|wordpress|joomla|brute-force|bot|irc-bot|apache|rfi|ddos|ziyadnz|hourly,2026-08-17T18:48:05Z,2026-08-17T18:48:05Z,
182.70.114.131,ipv4,web-brute-force,high,WHITE,blocklist.de/bruteforcelogin|blocklist.de/all|blocklist.de/apache|ziyadnz/hourly-ipv4,blocklist.de|wordpress|joomla|brute-force|bot|irc-bot|apache|rfi|ddos|ziyadnz|hourly,2026-08-17T18:48:05Z,2026-08-17T18:48:05Z,
182.8.89.123,ipv4,web-brute-force,high,WHITE,blocklist.de/bruteforcelogin|blocklist.de/all|blocklist.de/apache|ziyadnz/hourly-ipv4,blocklist.de|wordpress|joomla|brute-force|bot|irc-bot|apache|rfi|ddos|ziyadnz|hourly,2026-08-17T18:48:05Z,2026-08-17T18:48:05Z,
182.88.166.107,ipv4,web-brute-force,high,WHITE,blocklist.de/bruteforcelogin|blocklist.de/all|blocklist.de/apache|ziyadnz/hourly-ipv4,blocklist.de|wordpress|joomla|brute-force|bot|irc-bot|apache|rfi|ddos|ziyadnz|hourly,2026-08-17T18:48:05Z,2026-08-17T18:48:05Z,
183.184.55.20,ipv4,web-brute-force,high,WHITE,blocklist.de/bruteforcelogin|blocklist.de/all|blocklist.de/apache|ziyadnz/hourly-ipv4,blocklist.de|wordpress|joomla|brute-force|bot|irc-bot|apache|rfi|ddos|ziyadnz|hourly,2026-08-17T18:48:05Z,2026-08-17T18:48:05Z,
183.83.239.145,ipv4,web-brute-force,high,WHITE,blocklist.de/bruteforcelogin|blocklist.de/all|blocklist.de/apache|ziyadnz/hourly-ipv4,blocklist.de|wordpress|joomla|brute-force|bot|irc-bot|apache|rfi|ddos|ziyadnz|hourly,2026-08-17T18:48:05Z,2026-08-17T18:48:05Z,
185.109.244.91,ipv4,web-brute-force,high,WHITE,blocklist.de/bruteforcelogin|blocklist.de/all|blocklist.de/apache|ziyadnz/hourly-ipv4,blocklist.de|wordpress|joomla|brute-force|bot|irc-bot|apache|rfi|ddos|ziyadnz|hourly,2026-08-17T18:48:05Z,2026-08-17T18:48:05Z,
185.118.190.176,ipv4,web-brute-force,high,WHITE,blocklist.de/bruteforcelogin|blocklist.de/all|blocklist.de/apache|ziyadnz/hourly-ipv4,blocklist.de|wordpress|joomla|brute-force|bot|irc-bot|apache|rfi|ddos|ziyadnz|hourly,2026-08-17T18:48:05Z,2026-08-17T18:48:05Z,
185.161.209.10,ipv4,web-brute-force,high,WHITE,blocklist.de/bruteforcelogin|blocklist.de/all|blocklist.de/apache|ziyadnz/hourly-ipv4,blocklist.de|wordpress|joomla|brute-force|bot|irc-bot|apache|rfi|ddos|ziyadnz|hourly,2026-08-17T18:48:05Z,2026-08-17T18:48:05Z,
185.177.72.205,ipv4,web-brute-force,high,WHITE,blocklist.de/bruteforcelogin|blocklist.de/all|blocklist.de/apache|ziyadnz/hourly-ipv4,blocklist.de|wordpress|joomla|brute-force|bot|irc-bot|apache|rfi|ddos|ziyadnz|hourly,2026-08-17T18:48:05Z,2026-08-17T18:48:05Z,
185.192.70.112,ipv4,web-brute-force,high,WHITE,blocklist.de/bruteforcelogin|blocklist.de/all|blocklist.de/apache|ziyadnz/hourly-ipv4,blocklist.de|wordpress|joomla|brute-force|bot|irc-bot|apache|rfi|ddos|ziyadnz|hourly,2026-08-17T18:48:05Z,2026-08-17T18:48:05Z,
185.213.155.205,ipv4,web-brute-force,high,WHITE,blocklist.de/bruteforcelogin|blocklist.de/all|blocklist.de/apache|ziyadnz/hourly-ipv4,blocklist.de|wordpress|joomla|brute-force|bot|irc-bot|apache|rfi|ddos|ziyadnz|hourly,2026-08-17T18:48:05Z,2026-08-17T18:48:05Z,
185.223.152.14,ipv4,web-brute-force,high,WHITE,blocklist.de/bruteforcelogin|blocklist.de/all|blocklist.de/apache|ziyadnz/hourly-ipv4,blocklist.de|wordpress|joomla|brute-force|bot|irc-bot|apache|rfi|ddos|ziyadnz|hourly,2026-08-17T18:48:05Z,2026-08-17T18:48:05Z,
185.223.152.17,ipv4,web-brute-force,high,WHITE,blocklist.de/bruteforcelogin|blocklist.de/all|blocklist.de/apache|ziyadnz/hourly-ipv4,blocklist.de|wordpress|joomla|brute-force|bot|irc-bot|apache|rfi|ddos|ziyadnz|hourly,2026-08-17T18:48:05Z,2026-08-17T18:48:05Z,
185.223.152.19,ipv4,web-brute-force,high,WHITE,blocklist.de/bruteforcelogin|blocklist.de/all|blocklist.de/apache|ziyadnz/hourly-ipv4,blocklist.de|wordpress|joomla|brute-force|bot|irc-bot|apache|rfi|ddos|ziyadnz|hourly,2026-08-17T18:48:05Z,2026-08-17T18:48:05Z,
185.223.152.20,ipv4,web-brute-force,high,WHITE,blocklist.de/bruteforcelogin|blocklist.de/all|blocklist.de/apache|ziyadnz/hourly-ipv4,blocklist.de|wordpress|joomla|brute-force|bot|irc-bot|apache|rfi|ddos|ziyadnz|hourly,2026-08-17T18:48:05Z,2026-08-17T18:48:05Z,
185.223.152.21,ipv4,web-brute-force,high,WHITE,blocklist.de/bruteforcelogin|blocklist.de/all|blocklist.de/apache|ziyadnz/hourly-ipv4,blocklist.de|wordpress|joomla|brute-force|bot|irc-bot|apache|rfi|ddos|ziyadnz|hourly,2026-08-17T18:48:05Z,2026-08-17T18:48:05Z,
185.223.152.22,ipv4,web-brute-force,high,WHITE,blocklist.de/bruteforcelogin|blocklist.de/all|blocklist.de/apache|ziyadnz/hourly-ipv4,blocklist.de|wordpress|joomla|brute-force|bot|irc-bot|apache|rfi|ddos|ziyadnz|hourly,2026-08-17T18:48:05Z,2026-08-17T18:48:05Z,
185.223.152.229,ipv4,web-brute-force,high,WHITE,blocklist.de/bruteforcelogin|blocklist.de/all|blocklist.de/apache|ziyadnz/hourly-ipv4,blocklist.de|wordpress|joomla|brute-force|bot|irc-bot|apache|rfi|ddos|ziyadnz|hourly,2026-08-17T18:48:05Z,2026-08-17T18:48:05Z,
185.223.152.23,ipv4,web-brute-force,high,WHITE,blocklist.de/bruteforcelogin|blocklist.de/all|blocklist.de/apache|ziyadnz/hourly-ipv4,blocklist.de|wordpress|joomla|brute-force|bot|irc-bot|apache|rfi|ddos|ziyadnz|hourly,2026-08-17T18:48:05Z,2026-08-17T18:48:05Z,
185.223.152.24,ipv4,web-brute-force,high,WHITE,blocklist.de/bruteforcelogin|blocklist.de/all|blocklist.de/apache|ziyadnz/hourly-ipv4,blocklist.de|wordpress|joomla|brute-force|bot|irc-bot|apache|rfi|ddos|ziyadnz|hourly,2026-08-17T18:48:05Z,2026-08-17T18:48:05Z,
185.223.152.28,ipv4,web-brute-force,high,WHITE,blocklist.de/bruteforcelogin|blocklist.de/all|blocklist.de/apache|ziyadnz/hourly-ipv4,blocklist.de|wordpress|joomla|brute-force|bot|irc-bot|apache|rfi|ddos|ziyadnz|hourly,2026-08-17T18:48:05Z,2026-08-17T18:48:05Z,
185.223.152.29,ipv4,web-brute-force,high,WHITE,blocklist.de/bruteforcelogin|blocklist.de/all|blocklist.de/apache|ziyadnz/hourly-ipv4,blocklist.de|wordpress|joomla|brute-force|bot|irc-bot|apache|rfi|ddos|ziyadnz|hourly,2026-08-17T18:48:05Z,2026-08-17T18:48:05Z,
185.223.152.30,ipv4,web-brute-force,high,WHITE,blocklist.de/bruteforcelogin|blocklist.de/all|blocklist.de/apache|ziyadnz/hourly-ipv4,blocklist.de|wordpress|joomla|brute-force|bot|irc-bot|apache|rfi|ddos|ziyadnz|hourly,2026-08-17T18:48:05Z,2026-08-17T18:48:05Z,
185.223.152.31,ipv4,web-brute-force,high,WHITE,blocklist.de/bruteforcelogin|blocklist.de/all|blocklist.de/apache|ziyadnz/hourly-ipv4,blocklist.de|wordpress|joomla|brute-force|bot|irc-bot|apache|rfi|ddos|ziyadnz|hourly,2026-08-17T18:48:05Z,2026-08-17T18:48:05Z,
185.223.152.34,ipv4,web-brute-force,high,WHITE,blocklist.de/bruteforcelogin|blocklist.de/all|blocklist.de/apache|ziyadnz/hourly-ipv4,blocklist.de|wordpress|joomla|brute-force|bot|irc-bot|apache|rfi|ddos|ziyadnz|hourly,2026-08-17T18:48:05Z,2026-08-17T18:48:05Z,
185.242.3.153,ipv4,web-brute-force,high,WHITE,blocklist.de/bruteforcelogin|blocklist.de/all|blocklist.de/apache|ziyadnz/hourly-ipv4,blocklist.de|wordpress|joomla|brute-force|bot|irc-bot|apache|rfi|ddos|ziyadnz|hourly,2026-08-17T18:48:05Z,2026-08-17T18:48:05Z,
185.242.3.173,ipv4,web-brute-force,high,WHITE,blocklist.de/bruteforcelogin|blocklist.de/all|blocklist.de/apache|ziyadnz/hourly-ipv4,blocklist.de|wordpress|joomla|brute-force|bot|irc-bot|apache|rfi|ddos|ziyadnz|hourly,2026-08-17T18:48:05Z,2026-08-17T18:48:05Z,
185.242.3.184,ipv4,web-brute-force,high,WHITE,blocklist.de/bruteforcelogin|blocklist.de/all|blocklist.de/apache|ziyadnz/hourly-ipv4,blocklist.de|wordpress|joomla|brute-force|bot|irc-bot|apache|rfi|ddos|ziyadnz|hourly,2026-08-17T18:48:05Z,2026-08-17T18:48:05Z,
185.93.121.175,ipv4,web-brute-force,high,WHITE,blocklist.de/bruteforcelogin|blocklist.de/all|blocklist.de/apache|ziyadnz/hourly-ipv4,blocklist.de|wordpress|joomla|brute-force|bot|irc-bot|apache|rfi|ddos|ziyadnz|hourly,2026-08-17T18:48:05Z,2026-08-17T18:48:05Z,
186.7.132.203,ipv4,web-brute-force,medium,WHITE,blocklist.de/bruteforcelogin|blocklist.de/all,blocklist.de|wordpress|joomla|brute-force|bot|irc-bot|apache|rfi|ddos|ziyadnz|hourly,2026-08-17T18:48:05Z,2026-08-17T18:48:05Z,
188.135.30.64,ipv4,web-brute-force,high,WHITE,blocklist.de/bruteforcelogin|blocklist.de/all|blocklist.de/apache|ziyadnz/hourly-ipv4,blocklist.de|wordpress|joomla|brute-force|bot|irc-bot|apache|rfi|ddos|ziyadnz|hourly,2026-08-17T18:48:05Z,2026-08-17T18:48:05Z,
188.164.197.230,ipv4,web-brute-force,high,WHITE,blocklist.de/bruteforcelogin|blocklist.de/all|blocklist.de/apache|ziyadnz/hourly-ipv4,blocklist.de|wordpress|joomla|brute-force|bot|irc-bot|apache|rfi|ddos|ziyadnz|hourly,2026-08-17T18:48:05Z,2026-08-17T18:48:05Z,
188.166.217.129,ipv4,web-brute-force,high,WHITE,blocklist.de/bruteforcelogin|blocklist.de/all|blocklist.de/apache|ziyadnz/hourly-ipv4,blocklist.de|wordpress|joomla|brute-force|bot|irc-bot|apache|rfi|ddos|ziyadnz|hourly,2026-08-17T18:48:05Z,2026-08-17T18:48:05Z,
188.191.165.8,ipv4,web-brute-force,high,WHITE,blocklist.de/bruteforcelogin|blocklist.de/all|blocklist.de/apache|ziyadnz/hourly-ipv4,blocklist.de|wordpress|joomla|brute-force|bot|irc-bot|apache|rfi|ddos|ziyadnz|hourly,2026-08-17T18:48:05Z,2026-08-17T18:48:05Z,
188.2.108.226,ipv4,web-brute-force,high,WHITE,blocklist.de/bruteforcelogin|blocklist.de/all|blocklist.de/apache|ziyadnz/hourly-ipv4,blocklist.de|wordpress|joomla|brute-force|bot|irc-bot|apache|rfi|ddos|ziyadnz|hourly,2026-08-17T18:48:05Z,2026-08-17T18:48:05Z,
190.199.186.222,ipv4,web-brute-force,high,WHITE,blocklist.de/bruteforcelogin|blocklist.de/all|blocklist.de/apache|ziyadnz/hourly-ipv4,blocklist.de|wordpress|joomla|brute-force|bot|irc-bot|apache|rfi|ddos|ziyadnz|hourly,2026-08-17T18:48:05Z,2026-08-17T18:48:05Z,
190.62.87.55,ipv4,web-brute-force,high,WHITE,blocklist.de/bruteforcelogin|blocklist.de/all|blocklist.de/apache|ziyadnz/hourly-ipv4,blocklist.de|wordpress|joomla|brute-force|bot|irc-bot|apache|rfi|ddos|ziyadnz|hourly,2026-08-17T18:48:05Z,2026-08-17T18:48:05Z,
190.92.174.183,ipv4,web-brute-force,high,WHITE,blocklist.de/bruteforcelogin|blocklist.de/all|blocklist.de/apache|ziyadnz/hourly-ipv4,blocklist.de|wordpress|joomla|brute-force|bot|irc-bot|apache|rfi|ddos|ziyadnz|hourly,2026-08-17T18:48:05Z,2026-08-17T18:48:05Z,
191.123.218.35,ipv4,web-brute-force,high,WHITE,blocklist.de/bruteforcelogin|blocklist.de/all|blocklist.de/apache|ziyadnz/hourly-ipv4,blocklist.de|wordpress|joomla|brute-force|bot|irc-bot|apache|rfi|ddos|ziyadnz|hourly,2026-08-17T18:48:05Z,2026-08-17T18:48:05Z,
191.156.1.148,ipv4,web-brute-force,high,WHITE,blocklist.de/bruteforcelogin|blocklist.de/all|blocklist.de/apache|ziyadnz/hourly-ipv4,blocklist.de|wordpress|joomla|brute-force|bot|irc-bot|apache|rfi|ddos|ziyadnz|hourly,2026-08-17T18:48:05Z,2026-08-17T18:48:05Z,
191.235.98.188,ipv4,web-brute-force,high,WHITE,blocklist.de/bruteforcelogin|blocklist.de/all|blocklist.de/apache|ziyadnz/hourly-ipv4,blocklist.de|wordpress|joomla|brute-force|bot|irc-bot|apache|rfi|ddos|ziyadnz|hourly,2026-08-17T18:48:05Z,2026-08-17T18:48:05Z,
192.166.82.229,ipv4,web-brute-force,high,WHITE,blocklist.de/bruteforcelogin|blocklist.de/all|blocklist.de/apache|ziyadnz/hourly-ipv4,blocklist.de|wordpress|joomla|brute-force|bot|irc-bot|apache|rfi|ddos|ziyadnz|hourly,2026-08-17T18:48:05Z,2026-08-17T18:48:05Z,
192.42.116.105,ipv4,web-brute-force,high,WHITE,blocklist.de/bruteforcelogin|blocklist.de/all|blocklist.de/apache|ziyadnz/hourly-ipv4,blocklist.de|wordpress|joomla|brute-force|bot|irc-bot|apache|rfi|ddos|ziyadnz|hourly,2026-08-17T18:48:05Z,2026-08-17T18:48:05Z,
192.42.116.49,ipv4,web-brute-force,high,WHITE,blocklist.de/bruteforcelogin|blocklist.de/all|blocklist.de/apache|ziyadnz/hourly-ipv4,blocklist.de|wordpress|joomla|brute-force|bot|irc-bot|apache|rfi|ddos|ziyadnz|hourly,2026-08-17T18:48:05Z,2026-08-17T18:48:05Z,
192.53.123.118,ipv4,web-brute-force,high,WHITE,blocklist.de/bruteforcelogin|blocklist.de/all|blocklist.de/apache|ziyadnz/hourly-ipv4,blocklist.de|wordpress|joomla|brute-force|bot|irc-bot|apache|rfi|ddos|ziyadnz|hourly,2026-08-17T18:48:05Z,2026-08-17T18:48:05Z,
193.165.237.202,ipv4,web-brute-force,high,WHITE,blocklist.de/bruteforcelogin|blocklist.de/all|blocklist.de/apache|ziyadnz/hourly-ipv4,blocklist.de|wordpress|joomla|brute-force|bot|irc-bot|apache|rfi|ddos|ziyadnz|hourly,2026-08-17T18:48:05Z,2026-08-17T18:48:05Z,
193.31.28.80,ipv4,web-brute-force,high,WHITE,blocklist.de/bruteforcelogin|blocklist.de/all|blocklist.de/apache|ziyadnz/hourly-ipv4,blocklist.de|wordpress|joomla|brute-force|bot|irc-bot|apache|rfi|ddos|ziyadnz|hourly,2026-08-17T18:48:05Z,2026-08-17T18:48:05Z,
193.32.248.244,ipv4,web-brute-force,high,WHITE,blocklist.de/bruteforcelogin|blocklist.de/all|blocklist.de/apache|ziyadnz/hourly-ipv4,blocklist.de|wordpress|joomla|brute-force|bot|irc-bot|apache|rfi|ddos|ziyadnz|hourly,2026-08-17T18:48:05Z,2026-08-17T18:48:05Z,
193.34.225.37,ipv4,web-brute-force,high,WHITE,blocklist.de/bruteforcelogin|blocklist.de/all|blocklist.de/apache|ziyadnz/hourly-ipv4,blocklist.de|wordpress|joomla|brute-force|bot|irc-bot|apache|rfi|ddos|ziyadnz|hourly,2026-08-17T18:48:05Z,2026-08-17T18:48:05Z,
193.47.62.167,ipv4,web-brute-force,high,WHITE,blocklist.de/bruteforcelogin|blocklist.de/all|blocklist.de/apache|ziyadnz/hourly-ipv4,blocklist.de|wordpress|joomla|brute-force|bot|irc-bot|apache|rfi|ddos|ziyadnz|hourly,2026-08-17T18:48:05Z,2026-08-17T18:48:05Z,
193.47.62.168,ipv4,web-brute-force,high,WHITE,blocklist.de/bruteforcelogin|blocklist.de/all|blocklist.de/apache|ziyadnz/hourly-ipv4,blocklist.de|wordpress|joomla|brute-force|bot|irc-bot|apache|rfi|ddos|ziyadnz|hourly,2026-08-17T18:48:05Z,2026-08-17T18:48:05Z,
193.56.116.251,ipv4,web-brute-force,high,WHITE,blocklist.de/bruteforcelogin|blocklist.de/all|blocklist.de/apache|ziyadnz/hourly-ipv4,blocklist.de|wordpress|joomla|brute-force|bot|irc-bot|apache|rfi|ddos|ziyadnz|hourly,2026-08-17T18:48:05Z,2026-08-17T18:48:05Z,
193.56.116.252,ipv4,web-brute-force,high,WHITE,blocklist.de/bruteforcelogin|blocklist.de/all|blocklist.de/apache|ziyadnz/hourly-ipv4,blocklist.de|wordpress|joomla|brute-force|bot|irc-bot|apache|rfi|ddos|ziyadnz|hourly,2026-08-17T18:48:05Z,2026-08-17T18:48:05Z,
194.140.115.194,ipv4,web-brute-force,high,WHITE,blocklist.de/bruteforcelogin|blocklist.de/all|blocklist.de/apache|ziyadnz/hourly-ipv4,blocklist.de|wordpress|joomla|brute-force|bot|irc-bot|apache|rfi|ddos|ziyadnz|hourly,2026-08-17T18:48:05Z,2026-08-17T18:48:05Z,
194.164.192.228,ipv4,web-brute-force,high,WHITE,blocklist.de/bruteforcelogin|blocklist.de/all|blocklist.de/apache|ziyadnz/hourly-ipv4,blocklist.de|wordpress|joomla|brute-force|bot|irc-bot|apache|rfi|ddos|ziyadnz|hourly,2026-08-17T18:48:05Z,2026-08-17T18:48:05Z,
194.26.192.156,ipv4,web-brute-force,high,WHITE,blocklist.de/bruteforcelogin|blocklist.de/all|blocklist.de/apache|ziyadnz/hourly-ipv4,blocklist.de|wordpress|joomla|brute-force|bot|irc-bot|apache|rfi|ddos|ziyadnz|hourly,2026-08-17T18:48:05Z,2026-08-17T18:48:05Z,
194.5.82.146,ipv4,web-brute-force,high,WHITE,blocklist.de/bruteforcelogin|blocklist.de/all|blocklist.de/apache|ziyadnz/hourly-ipv4,blocklist.de|wordpress|joomla|brute-force|bot|irc-bot|apache|rfi|ddos|ziyadnz|hourly,2026-08-17T18:48:05Z,2026-08-17T18:48:05Z,
194.53.148.207,ipv4,web-brute-force,high,WHITE,blocklist.de/bruteforcelogin|blocklist.de/all|blocklist.de/apache|ziyadnz/hourly-ipv4,blocklist.de|wordpress|joomla|brute-force|bot|irc-bot|apache|rfi|ddos|ziyadnz|hourly,2026-08-17T18:48:05Z,2026-08-17T18:48:05Z,
195.178.110.159,ipv4,web-brute-force,high,WHITE,blocklist.de/bruteforcelogin|blocklist.de/all|blocklist.de/apache|ziyadnz/hourly-ipv4,blocklist.de|wordpress|joomla|brute-force|bot|irc-bot|apache|rfi|ddos|ziyadnz|hourly,2026-08-17T18:48:05Z,2026-08-17T18:48:05Z,
195.178.110.199,ipv4,web-brute-force,high,WHITE,blocklist.de/bruteforcelogin|blocklist.de/all|blocklist.de/apache|ziyadnz/hourly-ipv4,blocklist.de|wordpress|joomla|brute-force|bot|irc-bot|apache|rfi|ddos|ziyadnz|hourly,2026-08-17T18:48:05Z,2026-08-17T18:48:05Z,
195.178.110.28,ipv4,web-brute-force,high,WHITE,blocklist.de/bruteforcelogin|blocklist.de/all|blocklist.de/apache|ziyadnz/hourly-ipv4,blocklist.de|wordpress|joomla|brute-force|bot|irc-bot|apache|rfi|ddos|ziyadnz|hourly,2026-08-17T18:48:05Z,2026-08-17T18:48:05Z,
195.178.110.53,ipv4,web-brute-force,high,WHITE,blocklist.de/bruteforcelogin|blocklist.de/all|blocklist.de/apache|ziyadnz/hourly-ipv4,blocklist.de|wordpress|joomla|brute-force|bot|irc-bot|apache|rfi|ddos|ziyadnz|hourly,2026-08-17T18:48:05Z,2026-08-17T18:48:05Z,
195.3.157.12,ipv4,web-brute-force,high,WHITE,blocklist.de/bruteforcelogin|blocklist.de/all|blocklist.de/apache|ziyadnz/hourly-ipv4,blocklist.de|wordpress|joomla|brute-force|bot|irc-bot|apache|rfi|ddos|ziyadnz|hourly,2026-08-17T18:48:05Z,2026-08-17T18:48:05Z,
195.3.220.7,ipv4,web-brute-force,high,WHITE,blocklist.de/bruteforcelogin|blocklist.de/all|blocklist.de/apache|ziyadnz/hourly-ipv4,blocklist.de|wordpress|joomla|brute-force|bot|irc-bot|apache|rfi|ddos|ziyadnz|hourly,2026-08-17T18:48:05Z,2026-08-17T18:48:05Z,
196.12.128.158,ipv4,web-brute-force,high,WHITE,blocklist.de/bruteforcelogin|blocklist.de/all|blocklist.de/apache|ziyadnz/hourly-ipv4,blocklist.de|wordpress|joomla|brute-force|bot|irc-bot|apache|rfi|ddos|ziyadnz|hourly,2026-08-17T18:48:05Z,2026-08-17T18:48:05Z,
196.131.134.53,ipv4,web-brute-force,high,WHITE,blocklist.de/bruteforcelogin|blocklist.de/all|blocklist.de/apache|ziyadnz/hourly-ipv4,blocklist.de|wordpress|joomla|brute-force|bot|irc-bot|apache|rfi|ddos|ziyadnz|hourly,2026-08-17T18:48:05Z,2026-08-17T18:48:05Z,
197.186.2.56,ipv4,web-brute-force,high,WHITE,blocklist.de/bruteforcelogin|blocklist.de/all|blocklist.de/apache|ziyadnz/hourly-ipv4,blocklist.de|wordpress|joomla|brute-force|bot|irc-bot|apache|rfi|ddos|ziyadnz|hourly,2026-08-17T18:48:05Z,2026-08-17T18:48:05Z,
197.232.63.170,ipv4,web-brute-force,high,WHITE,blocklist.de/bruteforcelogin|blocklist.de/all|blocklist.de/apache|ziyadnz/hourly-ipv4,blocklist.de|wordpress|joomla|brute-force|bot|irc-bot|apache|rfi|ddos|ziyadnz|hourly,2026-08-17T18:48:05Z,2026-08-17T18:48:05Z,
197.234.86.143,ipv4,web-brute-force,high,WHITE,blocklist.de/bruteforcelogin|blocklist.de/all|blocklist.de/apache|ziyadnz/hourly-ipv4,blocklist.de|wordpress|joomla|brute-force|bot|irc-bot|apache|rfi|ddos|ziyadnz|hourly,2026-08-17T18:48:05Z,2026-08-17T18:48:05Z,
199.244.88.223,ipv4,web-brute-force,high,WHITE,blocklist.de/bruteforcelogin|blocklist.de/all|blocklist.de/apache|ziyadnz/hourly-ipv4,blocklist.de|wordpress|joomla|brute-force|bot|irc-bot|apache|rfi|ddos|ziyadnz|hourly,2026-08-17T18:48:05Z,2026-08-17T18:48:05Z,
2.132.80.113,ipv4,web-brute-force,high,WHITE,blocklist.de/bruteforcelogin|blocklist.de/all|blocklist.de/apache|ziyadnz/hourly-ipv4,blocklist.de|wordpress|joomla|brute-force|bot|irc-bot|apache|rfi|ddos|ziyadnz|hourly,2026-08-17T18:48:05Z,2026-08-17T18:48:05Z,
2.132.80.182,ipv4,web-brute-force,high,WHITE,blocklist.de/bruteforcelogin|blocklist.de/all|blocklist.de/apache|ziyadnz/hourly-ipv4,blocklist.de|wordpress|joomla|brute-force|bot|irc-bot|apache|rfi|ddos|ziyadnz|hourly,2026-08-17T18:48:05Z,2026-08-17T18:48:05Z,
2.48.94.112,ipv4,web-brute-force,high,WHITE,blocklist.de/bruteforcelogin|blocklist.de/all|blocklist.de/apache|ziyadnz/hourly-ipv4,blocklist.de|wordpress|joomla|brute-force|bot|irc-bot|apache|rfi|ddos|ziyadnz|hourly,2026-08-17T18:48:05Z,2026-08-17T18:48:05Z,
2.63.90.160,ipv4,web-brute-force,high,WHITE,blocklist.de/bruteforcelogin|blocklist.de/all|blocklist.de/apache|ziyadnz/hourly-ipv4,blocklist.de|wordpress|joomla|brute-force|bot|irc-bot|apache|rfi|ddos|ziyadnz|hourly,2026-08-17T18:48:05Z,2026-08-17T18:48:05Z,
20.1.169.243,ipv4,web-brute-force,high,WHITE,blocklist.de/bruteforcelogin|blocklist.de/all|blocklist.de/apache|ziyadnz/hourly-ipv4,blocklist.de|wordpress|joomla|brute-force|bot|irc-bot|apache|rfi|ddos|ziyadnz|hourly,2026-08-17T18:48:05Z,2026-08-17T18:48:05Z,
20.100.169.31,ipv4,web-brute-force,high,WHITE,blocklist.de/bruteforcelogin|blocklist.de/all|blocklist.de/apache|ziyadnz/hourly-ipv4,blocklist.de|wordpress|joomla|brute-force|bot|irc-bot|apache|rfi|ddos|ziyadnz|hourly,2026-08-17T18:48:05Z,2026-08-17T18:48:05Z,
20.100.177.66,ipv4,web-brute-force,high,WHITE,blocklist.de/bruteforcelogin|blocklist.de/all|blocklist.de/apache|ziyadnz/hourly-ipv4,blocklist.de|wordpress|joomla|brute-force|bot|irc-bot|apache|rfi|ddos|ziyadnz|hourly,2026-08-17T18:48:05Z,2026-08-17T18:48:05Z,
20.100.185.105,ipv4,web-brute-force,high,WHITE,blocklist.de/bruteforcelogin|blocklist.de/all|blocklist.de/apache|ziyadnz/hourly-ipv4,blocklist.de|wordpress|joomla|brute-force|bot|irc-bot|apache|rfi|ddos|ziyadnz|hourly,2026-08-17T18:48:05Z,2026-08-17T18:48:05Z,
20.104.85.180,ipv4,web-brute-force,high,WHITE,blocklist.de/bruteforcelogin|blocklist.de/all|blocklist.de/apache|ziyadnz/hourly-ipv4,blocklist.de|wordpress|joomla|brute-force|bot|irc-bot|apache|rfi|ddos|ziyadnz|hourly,2026-08-17T18:48:05Z,2026-08-17T18:48:05Z,
20.116.17.175,ipv4,web-brute-force,high,WHITE,blocklist.de/bruteforcelogin|blocklist.de/all|blocklist.de/apache|ziyadnz/hourly-ipv4,blocklist.de|wordpress|joomla|brute-force|bot|irc-bot|apache|rfi|ddos|ziyadnz|hourly,2026-08-17T18:48:05Z,2026-08-17T18:48:05Z,
20.118.172.148,ipv4,web-brute-force,high,WHITE,blocklist.de/bruteforcelogin|blocklist.de/all|blocklist.de/apache|ziyadnz/hourly-ipv4,blocklist.de|wordpress|joomla|brute-force|bot|irc-bot|apache|rfi|ddos|ziyadnz|hourly,2026-08-17T18:48:05Z,2026-08-17T18:48:05Z,
20.119.58.187,ipv4,web-brute-force,high,WHITE,blocklist.de/bruteforcelogin|blocklist.de/all|blocklist.de/apache|ziyadnz/hourly-ipv4,blocklist.de|wordpress|joomla|brute-force|bot|irc-bot|apache|rfi|ddos|ziyadnz|hourly,2026-08-17T18:48:05Z,2026-08-17T18:48:05Z,
20.124.120.2,ipv4,web-brute-force,high,WHITE,blocklist.de/bruteforcelogin|blocklist.de/all|blocklist.de/apache|ziyadnz/hourly-ipv4,blocklist.de|wordpress|joomla|brute-force|bot|irc-bot|apache|rfi|ddos|ziyadnz|hourly,2026-08-17T18:48:05Z,2026-08-17T18:48:05Z,
20.151.204.74,ipv4,web-brute-force,high,WHITE,blocklist.de/bruteforcelogin|blocklist.de/all|blocklist.de/apache|ziyadnz/hourly-ipv4,blocklist.de|wordpress|joomla|brute-force|bot|irc-bot|apache|rfi|ddos|ziyadnz|hourly,2026-08-17T18:48:05Z,2026-08-17T18:48:05Z,
20.169.136.165,ipv4,web-brute-force,high,WHITE,blocklist.de/bruteforcelogin|blocklist.de/all|blocklist.de/apache|ziyadnz/hourly-ipv4,blocklist.de|wordpress|joomla|brute-force|bot|irc-bot|apache|rfi|ddos|ziyadnz|hourly,2026-08-17T18:48:05Z,2026-08-17T18:48:05Z,
20.171.51.14,ipv4,web-brute-force,high,WHITE,blocklist.de/bruteforcelogin|blocklist.de/all|blocklist.de/apache|ziyadnz/hourly-ipv4,blocklist.de|wordpress|joomla|brute-force|bot|irc-bot|apache|rfi|ddos|ziyadnz|hourly,2026-08-17T18:48:05Z,2026-08-17T18:48:05Z,
20.186.30.159,ipv4,web-brute-force,high,WHITE,blocklist.de/bruteforcelogin|blocklist.de/all|blocklist.de/apache|ziyadnz/hourly-ipv4,blocklist.de|wordpress|joomla|brute-force|bot|irc-bot|apache|rfi|ddos|ziyadnz|hourly,2026-08-17T18:48:05Z,2026-08-17T18:48:05Z,
20.196.200.88,ipv4,web-brute-force,high,WHITE,blocklist.de/bruteforcelogin|blocklist.de/all|blocklist.de/apache|ziyadnz/hourly-ipv4,blocklist.de|wordpress|joomla|brute-force|bot|irc-bot|apache|rfi|ddos|ziyadnz|hourly,2026-08-17T18:48:05Z,2026-08-17T18:48:05Z,
20.205.121.237,ipv4,web-brute-force,high,WHITE,blocklist.de/bruteforcelogin|blocklist.de/all|blocklist.de/apache|ziyadnz/hourly-ipv4,blocklist.de|wordpress|joomla|brute-force|bot|irc-bot|apache|rfi|ddos|ziyadnz|hourly,2026-08-17T18:48:05Z,2026-08-17T18:48:05Z,
20.215.70.187,ipv4,web-brute-force,high,WHITE,blocklist.de/bruteforcelogin|blocklist.de/all|blocklist.de/apache|ziyadnz/hourly-ipv4,blocklist.de|wordpress|joomla|brute-force|bot|irc-bot|apache|rfi|ddos|ziyadnz|hourly,2026-08-17T18:48:05Z,2026-08-17T18:48:05Z,
20.218.66.54,ipv4,web-brute-force,high,WHITE,blocklist.de/bruteforcelogin|blocklist.de/all|blocklist.de/apache|ziyadnz/hourly-ipv4,blocklist.de|wordpress|joomla|brute-force|bot|irc-bot|apache|rfi|ddos|ziyadnz|hourly,2026-08-17T18:48:05Z,2026-08-17T18:48:05Z,
20.219.2.203,ipv4,web-brute-force,high,WHITE,blocklist.de/bruteforcelogin|blocklist.de/all|blocklist.de/apache|ziyadnz/hourly-ipv4,blocklist.de|wordpress|joomla|brute-force|bot|irc-bot|apache|rfi|ddos|ziyadnz|hourly,2026-08-17T18:48:05Z,2026-08-17T18:48:05Z,
20.226.6.191,ipv4,web-brute-force,high,WHITE,blocklist.de/bruteforcelogin|blocklist.de/all|blocklist.de/apache|ziyadnz/hourly-ipv4,blocklist.de|wordpress|joomla|brute-force|bot|irc-bot|apache|rfi|ddos|ziyadnz|hourly,2026-08-17T18:48:05Z,2026-08-17T18:48:05Z,
20.228.229.148,ipv4,web-brute-force,high,WHITE,blocklist.de/bruteforcelogin|blocklist.de/all|blocklist.de/apache|ziyadnz/hourly-ipv4,blocklist.de|wordpress|joomla|brute-force|bot|irc-bot|apache|rfi|ddos|ziyadnz|hourly,2026-08-17T18:48:05Z,2026-08-17T18:48:05Z,
20.24.67.246,ipv4,web-brute-force,high,WHITE,blocklist.de/bruteforcelogin|blocklist.de/all|blocklist.de/apache|ziyadnz/hourly-ipv4,blocklist.de|wordpress|joomla|brute-force|bot|irc-bot|apache|rfi|ddos|ziyadnz|hourly,2026-08-17T18:48:05Z,2026-08-17T18:48:05Z,
20.250.13.23,ipv4,web-brute-force,high,WHITE,blocklist.de/bruteforcelogin|blocklist.de/all|blocklist.de/apache|ziyadnz/hourly-ipv4,blocklist.de|wordpress|joomla|brute-force|bot|irc-bot|apache|rfi|ddos|ziyadnz|hourly,2026-08-17T18:48:05Z,2026-08-17T18:48:05Z,
20.251.112.224,ipv4,web-brute-force,high,WHITE,blocklist.de/bruteforcelogin|blocklist.de/all|blocklist.de/apache|ziyadnz/hourly-ipv4,blocklist.de|wordpress|joomla|brute-force|bot|irc-bot|apache|rfi|ddos|ziyadnz|hourly,2026-08-17T18:48:05Z,2026-08-17T18:48:05Z,
20.42.19.40,ipv4,web-brute-force,high,WHITE,blocklist.de/bruteforcelogin|blocklist.de/all|blocklist.de/apache|ziyadnz/hourly-ipv4,blocklist.de|wordpress|joomla|brute-force|bot|irc-bot|apache|rfi|ddos|ziyadnz|hourly,2026-08-17T18:48:05Z,2026-08-17T18:48:05Z,
20.51.153.15,ipv4,web-brute-force,high,WHITE,blocklist.de/bruteforcelogin|blocklist.de/all|blocklist.de/apache|ziyadnz/hourly-ipv4,blocklist.de|wordpress|joomla|brute-force|bot|irc-bot|apache|rfi|ddos|ziyadnz|hourly,2026-08-17T18:48:05Z,2026-08-17T18:48:05Z,
20.52.168.85,ipv4,web-brute-force,high,WHITE,blocklist.de/bruteforcelogin|blocklist.de/all|blocklist.de/apache|ziyadnz/hourly-ipv4,blocklist.de|wordpress|joomla|brute-force|bot|irc-bot|apache|rfi|ddos|ziyadnz|hourly,2026-08-17T18:48:05Z,2026-08-17T18:48:05Z,
20.65.138.97,ipv4,web-brute-force,high,WHITE,blocklist.de/bruteforcelogin|blocklist.de/all|blocklist.de/apache|ziyadnz/hourly-ipv4,blocklist.de|wordpress|joomla|brute-force|bot|irc-bot|apache|rfi|ddos|ziyadnz|hourly,2026-08-17T18:48:05Z,2026-08-17T18:48:05Z,
20.65.192.150,ipv4,web-brute-force,high,WHITE,blocklist.de/bruteforcelogin|blocklist.de/all|blocklist.de/apache|ziyadnz/hourly-ipv4,blocklist.de|wordpress|joomla|brute-force|bot|irc-bot|apache|rfi|ddos|ziyadnz|hourly,2026-08-17T18:48:05Z,2026-08-17T18:48:05Z,
20.65.69.59,ipv4,web-brute-force,high,WHITE,blocklist.de/bruteforcelogin|blocklist.de/all|blocklist.de/apache|ziyadnz/hourly-ipv4,blocklist.de|wordpress|joomla|brute-force|bot|irc-bot|apache|rfi|ddos|ziyadnz|hourly,2026-08-17T18:48:05Z,2026-08-17T18:48:05Z,
20.65.98.162,ipv4,web-brute-force,high,WHITE,blocklist.de/bruteforcelogin|blocklist.de/all|blocklist.de/apache|ziyadnz/hourly-ipv4,blocklist.de|wordpress|joomla|brute-force|bot|irc-bot|apache|rfi|ddos|ziyadnz|hourly,2026-08-17T18:48:05Z,2026-08-17T18:48:05Z,
20.7.73.61,ipv4,web-brute-force,high,WHITE,blocklist.de/bruteforcelogin|blocklist.de/bots|blocklist.de/all|ziyadnz/hourly-ipv4,blocklist.de|wordpress|joomla|brute-force|bot|irc-bot|apache|rfi|ddos|ziyadnz|hourly,2026-08-17T18:48:05Z,2026-08-17T18:48:05Z,
20.79.204.6,ipv4,web-brute-force,high,WHITE,blocklist.de/bruteforcelogin|blocklist.de/all|blocklist.de/apache|ziyadnz/hourly-ipv4,blocklist.de|wordpress|joomla|brute-force|bot|irc-bot|apache|rfi|ddos|ziyadnz|hourly,2026-08-17T18:48:05Z,2026-08-17T18:48:05Z,
20.79.222.117,ipv4,web-brute-force,high,WHITE,blocklist.de/bruteforcelogin|blocklist.de/all|blocklist.de/apache|ziyadnz/hourly-ipv4,blocklist.de|wordpress|joomla|brute-force|bot|irc-bot|apache|rfi|ddos|ziyadnz|hourly,2026-08-17T18:48:05Z,2026-08-17T18:48:05Z,
20.80.111.3,ipv4,web-brute-force,high,WHITE,blocklist.de/bruteforcelogin|blocklist.de/all|blocklist.de/apache|ziyadnz/hourly-ipv4,blocklist.de|wordpress|joomla|brute-force|bot|irc-bot|apache|rfi|ddos|ziyadnz|hourly,2026-08-17T18:48:05Z,2026-08-17T18:48:05Z,
20.91.215.254,ipv4,web-brute-force,high,WHITE,blocklist.de/bruteforcelogin|blocklist.de/all|blocklist.de/apache|ziyadnz/hourly-ipv4,blocklist.de|wordpress|joomla|brute-force|bot|irc-bot|apache|rfi|ddos|ziyadnz|hourly,2026-08-17T18:48:05Z,2026-08-17T18:48:05Z,
20.96.170.99,ipv4,web-brute-force,high,WHITE,blocklist.de/bruteforcelogin|blocklist.de/all|blocklist.de/apache|ziyadnz/hourly-ipv4,blocklist.de|wordpress|joomla|brute-force|bot|irc-bot|apache|rfi|ddos|ziyadnz|hourly,2026-08-17T18:48:05Z,2026-08-17T18:48:05Z,
200.106.211.59,ipv4,web-brute-force,high,WHITE,blocklist.de/bruteforcelogin|blocklist.de/all|blocklist.de/apache|ziyadnz/hourly-ipv4,blocklist.de|wordpress|joomla|brute-force|bot|irc-bot|apache|rfi|ddos|ziyadnz|hourly,2026-08-17T18:48:05Z,2026-08-17T18:48:05Z,
200.181.139.131,ipv4,web-brute-force,high,WHITE,blocklist.de/bruteforcelogin|blocklist.de/all|blocklist.de/apache|ziyadnz/hourly-ipv4,blocklist.de|wordpress|joomla|brute-force|bot|irc-bot|apache|rfi|ddos|ziyadnz|hourly,2026-08-17T18:48:05Z,2026-08-17T18:48:05Z,
200.255.205.162,ipv4,web-brute-force,high,WHITE,blocklist.de/bruteforcelogin|blocklist.de/all|blocklist.de/apache|ziyadnz/hourly-ipv4,blocklist.de|wordpress|joomla|brute-force|bot|irc-bot|apache|rfi|ddos|ziyadnz|hourly,2026-08-17T18:48:05Z,2026-08-17T18:48:05Z,
2001:41d0:33d:9200::40e,ipv4,web-brute-force,high,WHITE,blocklist.de/bruteforcelogin|blocklist.de/all|blocklist.de/apache,blocklist.de|wordpress|joomla|brute-force|bot|irc-bot|apache|rfi|ddos|ziyadnz|hourly,2026-08-17T18:48:05Z,2026-08-17T18:48:05Z,
2001:4452:13d:ce00:913e:991d:61bc:f8d1,ipv4,web-brute-force,high,WHITE,blocklist.de/bruteforcelogin|blocklist.de/all|blocklist.de/apache,blocklist.de|wordpress|joomla|brute-force|bot|irc-bot|apache|rfi|ddos|ziyadnz|hourly,2026-08-17T18:48:05Z,2026-08-17T18:48:05Z,
2001:4454:74b:1700:ddeb:3363:ed68:8406,ipv4,web-brute-force,high,WHITE,blocklist.de/bruteforcelogin|blocklist.de/all|blocklist.de/apache,blocklist.de|wordpress|joomla|brute-force|bot|irc-bot|apache|rfi|ddos|ziyadnz|hourly,2026-08-17T18:48:05Z,2026-08-17T18:48:05Z,
2001:9e8:c974:f00:98e8:15cf:377e:46c9,ipv4,web-brute-force,high,WHITE,blocklist.de/bruteforcelogin|blocklist.de/all|blocklist.de/apache,blocklist.de|wordpress|joomla|brute-force|bot|irc-bot|apache|rfi|ddos|ziyadnz|hourly,2026-08-17T18:48:05Z,2026-08-17T18:48:05Z,
2002:81d4:e303::81d4:e303,ipv4,web-brute-force,high,WHITE,blocklist.de/bruteforcelogin|blocklist.de/all|blocklist.de/apache,blocklist.de|wordpress|joomla|brute-force|bot|irc-bot|apache|rfi|ddos|ziyadnz|hourly,2026-08-17T18:48:05Z,2026-08-17T18:48:05Z,
2002:81d4:eb1a::81d4:eb1a,ipv4,web-brute-force,high,WHITE,blocklist.de/bruteforcelogin|blocklist.de/all|blocklist.de/apache,blocklist.de|wordpress|joomla|brute-force|bot|irc-bot|apache|rfi|ddos|ziyadnz|hourly,2026-08-17T18:48:05Z,2026-08-17T18:48:05Z,
2002:a890:29e5::a890:29e5,ipv4,web-brute-force,high,WHITE,blocklist.de/bruteforcelogin|blocklist.de/all|blocklist.de/apache,blocklist.de|wordpress|joomla|brute-force|bot|irc-bot|apache|rfi|ddos|ziyadnz|hourly,2026-08-17T18:48:05Z,2026-08-17T18:48:05Z,
201.229.202.105,ipv4,web-brute-force,high,WHITE,blocklist.de/bruteforcelogin|blocklist.de/all|blocklist.de/apache|ziyadnz/hourly-ipv4,blocklist.de|wordpress|joomla|brute-force|bot|irc-bot|apache|rfi|ddos|ziyadnz|hourly,2026-08-17T18:48:05Z,2026-08-17T18:48:05Z,
201.32.221.137,ipv4,web-brute-force,high,WHITE,blocklist.de/bruteforcelogin|blocklist.de/all|blocklist.de/apache|ziyadnz/hourly-ipv4,blocklist.de|wordpress|joomla|brute-force|bot|irc-bot|apache|rfi|ddos|ziyadnz|hourly,2026-08-17T18:48:05Z,2026-08-17T18:48:05Z,
202.191.1.10,ipv4,web-brute-force,high,WHITE,blocklist.de/bruteforcelogin|blocklist.de/all|blocklist.de/apache|ziyadnz/hourly-ipv4,blocklist.de|wordpress|joomla|brute-force|bot|irc-bot|apache|rfi|ddos|ziyadnz|hourly,2026-08-17T18:48:05Z,2026-08-17T18:48:05Z,
203.101.186.185,ipv4,web-brute-force,high,WHITE,blocklist.de/bruteforcelogin|blocklist.de/all|blocklist.de/apache|ziyadnz/hourly-ipv4,blocklist.de|wordpress|joomla|brute-force|bot|irc-bot|apache|rfi|ddos|ziyadnz|hourly,2026-08-17T18:48:05Z,2026-08-17T18:48:05Z,
203.122.45.246,ipv4,web-brute-force,high,WHITE,blocklist.de/bruteforcelogin|blocklist.de/all|blocklist.de/apache|ziyadnz/hourly-ipv4,blocklist.de|wordpress|joomla|brute-force|bot|irc-bot|apache|rfi|ddos|ziyadnz|hourly,2026-08-17T18:48:05Z,2026-08-17T18:48:05Z,
203.192.227.28,ipv4,web-brute-force,high,WHITE,blocklist.de/bruteforcelogin|blocklist.de/all|blocklist.de/apache|ziyadnz/hourly-ipv4,blocklist.de|wordpress|joomla|brute-force|bot|irc-bot|apache|rfi|ddos|ziyadnz|hourly,2026-08-17T18:48:05Z,2026-08-17T18:48:05Z,
203.2.115.155,ipv4,web-brute-force,high,WHITE,blocklist.de/bruteforcelogin|blocklist.de/all|blocklist.de/apache|ziyadnz/hourly-ipv4,blocklist.de|wordpress|joomla|brute-force|bot|irc-bot|apache|rfi|ddos|ziyadnz|hourly,2026-08-17T18:48:05Z,2026-08-17T18:48:05Z,
203.34.56.12,ipv4,web-brute-force,high,WHITE,blocklist.de/bruteforcelogin|blocklist.de/all|blocklist.de/apache|ziyadnz/hourly-ipv4,blocklist.de|wordpress|joomla|brute-force|bot|irc-bot|apache|rfi|ddos|ziyadnz|hourly,2026-08-17T18:48:05Z,2026-08-17T18:48:05Z,
206.189.158.204,ipv4,web-brute-force,high,WHITE,blocklist.de/bruteforcelogin|blocklist.de/all|blocklist.de/apache|ziyadnz/hourly-ipv4,blocklist.de|wordpress|joomla|brute-force|bot|irc-bot|apache|rfi|ddos|ziyadnz|hourly,2026-08-17T18:48:05Z,2026-08-17T18:48:05Z,
206.189.40.83,ipv4,web-brute-force,high,WHITE,blocklist.de/bruteforcelogin|blocklist.de/all|blocklist.de/apache|ziyadnz/hourly-ipv4,blocklist.de|wordpress|joomla|brute-force|bot|irc-bot|apache|rfi|ddos|ziyadnz|hourly,2026-08-17T18:48:05Z,2026-08-17T18:48:05Z,
206.189.84.211,ipv4,web-brute-force,high,WHITE,blocklist.de/bruteforcelogin|blocklist.de/all|blocklist.de/apache|ziyadnz/hourly-ipv4,blocklist.de|wordpress|joomla|brute-force|bot|irc-bot|apache|rfi|ddos|ziyadnz|hourly,2026-08-17T18:48:05Z,2026-08-17T18:48:05Z,
206.189.95.35,ipv4,web-brute-force,high,WHITE,blocklist.de/bruteforcelogin|blocklist.de/all|blocklist.de/apache|ziyadnz/hourly-ipv4,blocklist.de|wordpress|joomla|brute-force|bot|irc-bot|apache|rfi|ddos|ziyadnz|hourly,2026-08-17T18:48:05Z,2026-08-17T18:48:05Z,
207.175.207.75,ipv4,web-brute-force,high,WHITE,blocklist.de/bruteforcelogin|blocklist.de/all|blocklist.de/apache|ziyadnz/hourly-ipv4,blocklist.de|wordpress|joomla|brute-force|bot|irc-bot|apache|rfi|ddos|ziyadnz|hourly,2026-08-17T18:48:05Z,2026-08-17T18:48:05Z,
208.76.40.195,ipv4,web-brute-force,high,WHITE,blocklist.de/bruteforcelogin|blocklist.de/all|blocklist.de/apache|ziyadnz/hourly-ipv4,blocklist.de|wordpress|joomla|brute-force|bot|irc-bot|apache|rfi|ddos|ziyadnz|hourly,2026-08-17T18:48:05Z,2026-08-17T18:48:05Z,
209.38.87.118,ipv4,web-brute-force,high,WHITE,blocklist.de/bruteforcelogin|blocklist.de/all|blocklist.de/apache|ziyadnz/hourly-ipv4,blocklist.de|wordpress|joomla|brute-force|bot|irc-bot|apache|rfi|ddos|ziyadnz|hourly,2026-08-17T18:48:05Z,2026-08-17T18:48:05Z,
209.38.90.196,ipv4,web-brute-force,high,WHITE,blocklist.de/bruteforcelogin|blocklist.de/all|blocklist.de/apache|ziyadnz/hourly-ipv4,blocklist.de|wordpress|joomla|brute-force|bot|irc-bot|apache|rfi|ddos|ziyadnz|hourly,2026-08-17T18:48:05Z,2026-08-17T18:48:05Z,
209.42.20.222,ipv4,web-brute-force,high,WHITE,blocklist.de/bruteforcelogin|blocklist.de/all|blocklist.de/apache|ziyadnz/hourly-ipv4,blocklist.de|wordpress|joomla|brute-force|bot|irc-bot|apache|rfi|ddos|ziyadnz|hourly,2026-08-17T18:48:05Z,2026-08-17T18:48:05Z,
209.42.21.221,ipv4,web-brute-force,high,WHITE,blocklist.de/bruteforcelogin|blocklist.de/all|blocklist.de/apache|ziyadnz/hourly-ipv4,blocklist.de|wordpress|joomla|brute-force|bot|irc-bot|apache|rfi|ddos|ziyadnz|hourly,2026-08-17T18:48:05Z,2026-08-17T18:48:05Z,
209.50.180.141,ipv4,web-brute-force,high,WHITE,blocklist.de/bruteforcelogin|blocklist.de/all|blocklist.de/apache|ziyadnz/hourly-ipv4,blocklist.de|wordpress|joomla|brute-force|bot|irc-bot|apache|rfi|ddos|ziyadnz|hourly,2026-08-17T18:48:05Z,2026-08-17T18:48:05Z,
209.50.180.157,ipv4,web-brute-force,high,WHITE,blocklist.de/bruteforcelogin|blocklist.de/all|blocklist.de/apache|ziyadnz/hourly-ipv4,blocklist.de|wordpress|joomla|brute-force|bot|irc-bot|apache|rfi|ddos|ziyadnz|hourly,2026-08-17T18:48:05Z,2026-08-17T18:48:05Z,
209.50.181.79,ipv4,web-brute-force,high,WHITE,blocklist.de/bruteforcelogin|blocklist.de/all|blocklist.de/apache|ziyadnz/hourly-ipv4,blocklist.de|wordpress|joomla|brute-force|bot|irc-bot|apache|rfi|ddos|ziyadnz|hourly,2026-08-17T18:48:05Z,2026-08-17T18:48:05Z,
209.97.180.8,ipv4,web-brute-force,high,WHITE,blocklist.de/bruteforcelogin|blocklist.de/all|blocklist.de/apache|ziyadnz/hourly-ipv4,blocklist.de|wordpress|joomla|brute-force|bot|irc-bot|apache|rfi|ddos|ziyadnz|hourly,2026-08-17T18:48:05Z,2026-08-17T18:48:05Z,
210.18.175.111,ipv4,web-brute-force,high,WHITE,blocklist.de/bruteforcelogin|blocklist.de/all|blocklist.de/apache|ziyadnz/hourly-ipv4,blocklist.de|wordpress|joomla|brute-force|bot|irc-bot|apache|rfi|ddos|ziyadnz|hourly,2026-08-17T18:48:05Z,2026-08-17T18:48:05Z,
210.7.20.134,ipv4,web-brute-force,high,WHITE,blocklist.de/bruteforcelogin|blocklist.de/all|blocklist.de/apache|ziyadnz/hourly-ipv4,blocklist.de|wordpress|joomla|brute-force|bot|irc-bot|apache|rfi|ddos|ziyadnz|hourly,2026-08-17T18:48:05Z,2026-08-17T18:48:05Z,
211.91.56.116,ipv4,web-brute-force,high,WHITE,blocklist.de/bruteforcelogin|blocklist.de/all|blocklist.de/apache|ziyadnz/hourly-ipv4,blocklist.de|wordpress|joomla|brute-force|bot|irc-bot|apache|rfi|ddos|ziyadnz|hourly,2026-08-17T18:48:05Z,2026-08-17T18:48:05Z,
212.15.180.145,ipv4,web-brute-force,high,WHITE,blocklist.de/bruteforcelogin|blocklist.de/all|blocklist.de/apache|ziyadnz/hourly-ipv4,blocklist.de|wordpress|joomla|brute-force|bot|irc-bot|apache|rfi|ddos|ziyadnz|hourly,2026-08-17T18:48:05Z,2026-08-17T18:48:05Z,
213.230.123.43,ipv4,web-brute-force,high,WHITE,blocklist.de/bruteforcelogin|blocklist.de/all|blocklist.de/apache|ziyadnz/hourly-ipv4,blocklist.de|wordpress|joomla|brute-force|bot|irc-bot|apache|rfi|ddos|ziyadnz|hourly,2026-08-17T18:48:05Z,2026-08-17T18:48:05Z,
213.55.96.151,ipv4,web-brute-force,high,WHITE,blocklist.de/bruteforcelogin|blocklist.de/all|blocklist.de/apache|ziyadnz/hourly-ipv4,blocklist.de|wordpress|joomla|brute-force|bot|irc-bot|apache|rfi|ddos|ziyadnz|hourly,2026-08-17T18:48:05Z,2026-08-17T18:48:05Z,
216.24.210.125,ipv4,web-brute-force,high,WHITE,blocklist.de/bruteforcelogin|blocklist.de/all|blocklist.de/apache|ziyadnz/hourly-ipv4,blocklist.de|wordpress|joomla|brute-force|bot|irc-bot|apache|rfi|ddos|ziyadnz|hourly,2026-08-17T18:48:05Z,2026-08-17T18:48:05Z,
216.24.210.128,ipv4,web-brute-force,high,WHITE,blocklist.de/bruteforcelogin|blocklist.de/all|blocklist.de/apache|ziyadnz/hourly-ipv4,blocklist.de|wordpress|joomla|brute-force|bot|irc-bot|apache|rfi|ddos|ziyadnz|hourly,2026-08-17T18:48:05Z,2026-08-17T18:48:05Z,
216.24.210.131,ipv4,web-brute-force,high,WHITE,blocklist.de/bruteforcelogin|blocklist.de/all|blocklist.de/apache|ziyadnz/hourly-ipv4,blocklist.de|wordpress|joomla|brute-force|bot|irc-bot|apache|rfi|ddos|ziyadnz|hourly,2026-08-17T18:48:05Z,2026-08-17T18:48:05Z,
216.24.210.133,ipv4,web-brute-force,high,WHITE,blocklist.de/bruteforcelogin|blocklist.de/all|blocklist.de/apache|ziyadnz/hourly-ipv4,blocklist.de|wordpress|joomla|brute-force|bot|irc-bot|apache|rfi|ddos|ziyadnz|hourly,2026-08-17T18:48:05Z,2026-08-17T18:48:05Z,
216.24.210.140,ipv4,web-brute-force,high,WHITE,blocklist.de/bruteforcelogin|blocklist.de/all|blocklist.de/apache|ziyadnz/hourly-ipv4,blocklist.de|wordpress|joomla|brute-force|bot|irc-bot|apache|rfi|ddos|ziyadnz|hourly,2026-08-17T18:48:05Z,2026-08-17T18:48:05Z,
216.24.210.148,ipv4,web-brute-force,high,WHITE,blocklist.de/bruteforcelogin|blocklist.de/all|blocklist.de/apache|ziyadnz/hourly-ipv4,blocklist.de|wordpress|joomla|brute-force|bot|irc-bot|apache|rfi|ddos|ziyadnz|hourly,2026-08-17T18:48:05Z,2026-08-17T18:48:05Z,
216.38.28.47,ipv4,web-brute-force,high,WHITE,blocklist.de/bruteforcelogin|blocklist.de/all|blocklist.de/apache|ziyadnz/hourly-ipv4,blocklist.de|wordpress|joomla|brute-force|bot|irc-bot|apache|rfi|ddos|ziyadnz|hourly,2026-08-17T18:48:05Z,2026-08-17T18:48:05Z,
216.51.171.83,ipv4,web-brute-force,high,WHITE,blocklist.de/bruteforcelogin|blocklist.de/all|blocklist.de/apache|ziyadnz/hourly-ipv4,blocklist.de|wordpress|joomla|brute-force|bot|irc-bot|apache|rfi|ddos|ziyadnz|hourly,2026-08-17T18:48:05Z,2026-08-17T18:48:05Z,
217.156.123.33,ipv4,web-brute-force,high,WHITE,blocklist.de/bruteforcelogin|blocklist.de/all|blocklist.de/apache|ziyadnz/hourly-ipv4,blocklist.de|wordpress|joomla|brute-force|bot|irc-bot|apache|rfi|ddos|ziyadnz|hourly,2026-08-17T18:48:05Z,2026-08-17T18:48:05Z,
217.64.146.155,ipv4,web-brute-force,high,WHITE,blocklist.de/bruteforcelogin|blocklist.de/all|blocklist.de/apache|ziyadnz/hourly-ipv4,blocklist.de|wordpress|joomla|brute-force|bot|irc-bot|apache|rfi|ddos|ziyadnz|hourly,2026-08-17T18:48:05Z,2026-08-17T18:48:05Z,
219.152.63.187,ipv4,web-brute-force,high,WHITE,blocklist.de/bruteforcelogin|blocklist.de/all|blocklist.de/apache|ziyadnz/hourly-ipv4,blocklist.de|wordpress|joomla|brute-force|bot|irc-bot|apache|rfi|ddos|ziyadnz|hourly,2026-08-17T18:48:05Z,2026-08-17T18:48:05Z,
220.197.85.102,ipv4,web-brute-force,high,WHITE,blocklist.de/bruteforcelogin|blocklist.de/all|blocklist.de/apache|ziyadnz/hourly-ipv4,blocklist.de|wordpress|joomla|brute-force|bot|irc-bot|apache|rfi|ddos|ziyadnz|hourly,2026-08-17T18:48:05Z,2026-08-17T18:48:05Z,
220.77.44.28,ipv4,web-brute-force,high,WHITE,blocklist.de/bruteforcelogin|blocklist.de/all|blocklist.de/apache|ziyadnz/hourly-ipv4,blocklist.de|wordpress|joomla|brute-force|bot|irc-bot|apache|rfi|ddos|ziyadnz|hourly,2026-08-17T18:48:05Z,2026-08-17T18:48:05Z,
221.167.131.38,ipv4,web-brute-force,high,WHITE,blocklist.de/bruteforcelogin|blocklist.de/all|blocklist.de/apache|ziyadnz/hourly-ipv4,blocklist.de|wordpress|joomla|brute-force|bot|irc-bot|apache|rfi|ddos|ziyadnz|hourly,2026-08-17T18:48:05Z,2026-08-17T18:48:05Z,
222.124.191.185,ipv4,web-brute-force,high,WHITE,blocklist.de/bruteforcelogin|blocklist.de/all|blocklist.de/apache|ziyadnz/hourly-ipv4,blocklist.de|wordpress|joomla|brute-force|bot|irc-bot|apache|rfi|ddos|ziyadnz|hourly,2026-08-17T18:48:05Z,2026-08-17T18:48:05Z,
223.123.44.117,ipv4,web-brute-force,high,WHITE,blocklist.de/bruteforcelogin|blocklist.de/all|blocklist.de/apache|ziyadnz/hourly-ipv4,blocklist.de|wordpress|joomla|brute-force|bot|irc-bot|apache|rfi|ddos|ziyadnz|hourly,2026-08-17T18:48:05Z,2026-08-17T18:48:05Z,
223.178.210.138,ipv4,web-brute-force,high,WHITE,blocklist.de/bruteforcelogin|blocklist.de/all|blocklist.de/apache|ziyadnz/hourly-ipv4,blocklist.de|wordpress|joomla|brute-force|bot|irc-bot|apache|rfi|ddos|ziyadnz|hourly,2026-08-17T18:48:05Z,2026-08-17T18:48:05Z,
223.181.80.166,ipv4,web-brute-force,high,WHITE,blocklist.de/bruteforcelogin|blocklist.de/all|blocklist.de/apache|ziyadnz/hourly-ipv4,blocklist.de|wordpress|joomla|brute-force|bot|irc-bot|apache|rfi|ddos|ziyadnz|hourly,2026-08-17T18:48:05Z,2026-08-17T18:48:05Z,
223.181.96.48,ipv4,web-brute-force,high,WHITE,blocklist.de/bruteforcelogin|blocklist.de/all|blocklist.de/apache|ziyadnz/hourly-ipv4,blocklist.de|wordpress|joomla|brute-force|bot|irc-bot|apache|rfi|ddos|ziyadnz|hourly,2026-08-17T18:48:05Z,2026-08-17T18:48:05Z,
223.185.25.167,ipv4,web-brute-force,high,WHITE,blocklist.de/bruteforcelogin|blocklist.de/all|blocklist.de/apache|ziyadnz/hourly-ipv4,blocklist.de|wordpress|joomla|brute-force|bot|irc-bot|apache|rfi|ddos|ziyadnz|hourly,2026-08-17T18:48:05Z,2026-08-17T18:48:05Z,
223.188.33.42,ipv4,web-brute-force,high,WHITE,blocklist.de/bruteforcelogin|blocklist.de/all|blocklist.de/apache|ziyadnz/hourly-ipv4,blocklist.de|wordpress|joomla|brute-force|bot|irc-bot|apache|rfi|ddos|ziyadnz|hourly,2026-08-17T18:48:05Z,2026-08-17T18:48:05Z,
223.199.169.37,ipv4,web-brute-force,high,WHITE,blocklist.de/bruteforcelogin|blocklist.de/all|blocklist.de/apache|ziyadnz/hourly-ipv4,blocklist.de|wordpress|joomla|brute-force|bot|irc-bot|apache|rfi|ddos|ziyadnz|hourly,2026-08-17T18:48:05Z,2026-08-17T18:48:05Z,
223.228.138.4,ipv4,web-brute-force,high,WHITE,blocklist.de/bruteforcelogin|blocklist.de/all|blocklist.de/apache|ziyadnz/hourly-ipv4,blocklist.de|wordpress|joomla|brute-force|bot|irc-bot|apache|rfi|ddos|ziyadnz|hourly,2026-08-17T18:48:05Z,2026-08-17T18:48:05Z,
223.235.103.234,ipv4,web-brute-force,high,WHITE,blocklist.de/bruteforcelogin|blocklist.de/all|blocklist.de/apache|ziyadnz/hourly-ipv4,blocklist.de|wordpress|joomla|brute-force|bot|irc-bot|apache|rfi|ddos|ziyadnz|hourly,2026-08-17T18:48:05Z,2026-08-17T18:48:05Z,
23.234.72.92,ipv4,web-brute-force,high,WHITE,blocklist.de/bruteforcelogin|blocklist.de/all|blocklist.de/apache|ziyadnz/hourly-ipv4,blocklist.de|wordpress|joomla|brute-force|bot|irc-bot|apache|rfi|ddos|ziyadnz|hourly,2026-08-17T18:48:05Z,2026-08-17T18:48:05Z,
23.94.145.65,ipv4,web-brute-force,high,WHITE,blocklist.de/bruteforcelogin|blocklist.de/all|blocklist.de/apache|ziyadnz/hourly-ipv4,blocklist.de|wordpress|joomla|brute-force|bot|irc-bot|apache|rfi|ddos|ziyadnz|hourly,2026-08-17T18:48:05Z,2026-08-17T18:48:05Z,
2400:adc7:191f:500:4d8e:6afc:1e4:6841,ipv4,web-brute-force,high,WHITE,blocklist.de/bruteforcelogin|blocklist.de/all|blocklist.de/apache,blocklist.de|wordpress|joomla|brute-force|bot|irc-bot|apache|rfi|ddos|ziyadnz|hourly,2026-08-17T18:48:05Z,2026-08-17T18:48:05Z,
2405:201:6811:d8f3:e4b4:356e:9679:fe94,ipv4,web-brute-force,high,WHITE,blocklist.de/bruteforcelogin|blocklist.de/all|blocklist.de/apache,blocklist.de|wordpress|joomla|brute-force|bot|irc-bot|apache|rfi|ddos|ziyadnz|hourly,2026-08-17T18:48:05Z,2026-08-17T18:48:05Z,
2409:40e7:c5:94ae:ecc5:75cf:9c84:2d18,ipv4,web-brute-force,high,WHITE,blocklist.de/bruteforcelogin|blocklist.de/all|blocklist.de/apache,blocklist.de|wordpress|joomla|brute-force|bot|irc-bot|apache|rfi|ddos|ziyadnz|hourly,2026-08-17T18:48:05Z,2026-08-17T18:48:05Z,
2600:1702:81f1:84e0:7536:458b:861d:198,ipv4,web-brute-force,high,WHITE,blocklist.de/bruteforcelogin|blocklist.de/all|blocklist.de/apache,blocklist.de|wordpress|joomla|brute-force|bot|irc-bot|apache|rfi|ddos|ziyadnz|hourly,2026-08-17T18:48:05Z,2026-08-17T18:48:05Z,
2606:2040:1800:79::2,ipv4,web-brute-force,high,WHITE,blocklist.de/bruteforcelogin|blocklist.de/all|blocklist.de/apache,blocklist.de|wordpress|joomla|brute-force|bot|irc-bot|apache|rfi|ddos|ziyadnz|hourly,2026-08-17T18:48:05Z,2026-08-17T18:48:05Z,
27.34.110.6,ipv4,web-brute-force,high,WHITE,blocklist.de/bruteforcelogin|blocklist.de/all|blocklist.de/apache|ziyadnz/hourly-ipv4,blocklist.de|wordpress|joomla|brute-force|bot|irc-bot|apache|rfi|ddos|ziyadnz|hourly,2026-08-17T18:48:05Z,2026-08-17T18:48:05Z,
27.34.65.155,ipv4,web-brute-force,high,WHITE,blocklist.de/bruteforcelogin|blocklist.de/all|blocklist.de/apache|ziyadnz/hourly-ipv4,blocklist.de|wordpress|joomla|brute-force|bot|irc-bot|apache|rfi|ddos|ziyadnz|hourly,2026-08-17T18:48:05Z,2026-08-17T18:48:05Z,
27.34.68.75,ipv4,web-brute-force,high,WHITE,blocklist.de/bruteforcelogin|blocklist.de/all|blocklist.de/apache|ziyadnz/hourly-ipv4,blocklist.de|wordpress|joomla|brute-force|bot|irc-bot|apache|rfi|ddos|ziyadnz|hourly,2026-08-17T18:48:05Z,2026-08-17T18:48:05Z,
27.61.47.143,ipv4,web-brute-force,high,WHITE,blocklist.de/bruteforcelogin|blocklist.de/all|blocklist.de/apache|ziyadnz/hourly-ipv4,blocklist.de|wordpress|joomla|brute-force|bot|irc-bot|apache|rfi|ddos|ziyadnz|hourly,2026-08-17T18:48:05Z,2026-08-17T18:48:05Z,
2804:14c:5b81:4201:edcc:daa2:6562:57f0,ipv4,web-brute-force,high,WHITE,blocklist.de/bruteforcelogin|blocklist.de/all|blocklist.de/apache,blocklist.de|wordpress|joomla|brute-force|bot|irc-bot|apache|rfi|ddos|ziyadnz|hourly,2026-08-17T18:48:05Z,2026-08-17T18:48:05Z,
2804:29b8:5411:a6b7:2d74:55b7:53dd:de0f,ipv4,web-brute-force,high,WHITE,blocklist.de/bruteforcelogin|blocklist.de/all|blocklist.de/apache,blocklist.de|wordpress|joomla|brute-force|bot|irc-bot|apache|rfi|ddos|ziyadnz|hourly,2026-08-17T18:48:05Z,2026-08-17T18:48:05Z,
2a01:9700:3b16:af00:c4cc:c32f:e73:407,ipv4,web-brute-force,high,WHITE,blocklist.de/bruteforcelogin|blocklist.de/all|blocklist.de/apache,blocklist.de|wordpress|joomla|brute-force|bot|irc-bot|apache|rfi|ddos|ziyadnz|hourly,2026-08-17T18:48:05Z,2026-08-17T18:48:05Z,
2a01:e0a:987:2e60:58c4:9308:c3d:96d2,ipv4,web-brute-force,high,WHITE,blocklist.de/bruteforcelogin|blocklist.de/all|blocklist.de/apache,blocklist.de|wordpress|joomla|brute-force|bot|irc-bot|apache|rfi|ddos|ziyadnz|hourly,2026-08-17T18:48:05Z,2026-08-17T18:48:05Z,
2a01:e11:800c:1300:a5bd:f370:7824:fde2,ipv4,web-brute-force,high,WHITE,blocklist.de/bruteforcelogin|blocklist.de/all|blocklist.de/apache,blocklist.de|wordpress|joomla|brute-force|bot|irc-bot|apache|rfi|ddos|ziyadnz|hourly,2026-08-17T18:48:05Z,2026-08-17T18:48:05Z,
2a02:8108:9583:6e00:58ac:7873:e58:5e49,ipv4,web-brute-force,high,WHITE,blocklist.de/bruteforcelogin|blocklist.de/all|blocklist.de/apache,blocklist.de|wordpress|joomla|brute-force|bot|irc-bot|apache|rfi|ddos|ziyadnz|hourly,2026-08-17T18:48:05Z,2026-08-17T18:48:05Z,
2a09:bac5:6d19:323c::501:44,ipv4,web-brute-force,high,WHITE,blocklist.de/bruteforcelogin|blocklist.de/all|blocklist.de/apache,blocklist.de|wordpress|joomla|brute-force|bot|irc-bot|apache|rfi|ddos|ziyadnz|hourly,2026-08-17T18:48:05Z,2026-08-17T18:48:05Z,
2a09:bac5:6d1a:aa::11:1fa,ipv4,web-brute-force,high,WHITE,blocklist.de/bruteforcelogin|blocklist.de/all|blocklist.de/apache,blocklist.de|wordpress|joomla|brute-force|bot|irc-bot|apache|rfi|ddos|ziyadnz|hourly,2026-08-17T18:48:05Z,2026-08-17T18:48:05Z,
2a0d:3341:ee57:3108:d8fe:adb6:644e:54ee,ipv4,web-brute-force,high,WHITE,blocklist.de/bruteforcelogin|blocklist.de/all|blocklist.de/apache,blocklist.de|wordpress|joomla|brute-force|bot|irc-bot|apache|rfi|ddos|ziyadnz|hourly,2026-08-17T18:48:05Z,2026-08-17T18:48:05Z,
3.8.20.183,ipv4,web-brute-force,high,WHITE,blocklist.de/bruteforcelogin|blocklist.de/all|blocklist.de/apache|ziyadnz/hourly-ipv4,blocklist.de|wordpress|joomla|brute-force|bot|irc-bot|apache|rfi|ddos|ziyadnz|hourly,2026-08-17T18:48:05Z,2026-08-17T18:48:05Z,
31.59.129.193,ipv4,web-brute-force,high,WHITE,blocklist.de/bruteforcelogin|blocklist.de/all|blocklist.de/apache|ziyadnz/hourly-ipv4,blocklist.de|wordpress|joomla|brute-force|bot|irc-bot|apache|rfi|ddos|ziyadnz|hourly,2026-08-17T18:48:05Z,2026-08-17T18:48:05Z,
31.70.129.138,ipv4,web-brute-force,high,WHITE,blocklist.de/bruteforcelogin|blocklist.de/all|blocklist.de/apache|ziyadnz/hourly-ipv4,blocklist.de|wordpress|joomla|brute-force|bot|irc-bot|apache|rfi|ddos|ziyadnz|hourly,2026-08-17T18:48:05Z,2026-08-17T18:48:05Z,
34.105.38.11,ipv4,web-brute-force,high,WHITE,blocklist.de/bruteforcelogin|blocklist.de/all|blocklist.de/apache|ziyadnz/hourly-ipv4,blocklist.de|wordpress|joomla|brute-force|bot|irc-bot|apache|rfi|ddos|ziyadnz|hourly,2026-08-17T18:48:05Z,2026-08-17T18:48:05Z,
34.11.250.248,ipv4,web-brute-force,high,WHITE,blocklist.de/bruteforcelogin|blocklist.de/all|blocklist.de/apache|ziyadnz/hourly-ipv4,blocklist.de|wordpress|joomla|brute-force|bot|irc-bot|apache|rfi|ddos|ziyadnz|hourly,2026-08-17T18:48:05Z,2026-08-17T18:48:05Z,
34.118.253.14,ipv4,web-brute-force,high,WHITE,blocklist.de/bruteforcelogin|blocklist.de/all|blocklist.de/apache|ziyadnz/hourly-ipv4,blocklist.de|wordpress|joomla|brute-force|bot|irc-bot|apache|rfi|ddos|ziyadnz|hourly,2026-08-17T18:48:05Z,2026-08-17T18:48:05Z,
34.121.55.236,ipv4,web-brute-force,high,WHITE,blocklist.de/bruteforcelogin|blocklist.de/all|blocklist.de/apache|ziyadnz/hourly-ipv4,blocklist.de|wordpress|joomla|brute-force|bot|irc-bot|apache|rfi|ddos|ziyadnz|hourly,2026-08-17T18:48:05Z,2026-08-17T18:48:05Z,
34.138.202.248,ipv4,web-brute-force,high,WHITE,blocklist.de/bruteforcelogin|blocklist.de/all|blocklist.de/apache|ziyadnz/hourly-ipv4,blocklist.de|wordpress|joomla|brute-force|bot|irc-bot|apache|rfi|ddos|ziyadnz|hourly,2026-08-17T18:48:05Z,2026-08-17T18:48:05Z,
34.138.227.118,ipv4,web-brute-force,high,WHITE,blocklist.de/bruteforcelogin|blocklist.de/all|blocklist.de/apache|ziyadnz/hourly-ipv4,blocklist.de|wordpress|joomla|brute-force|bot|irc-bot|apache|rfi|ddos|ziyadnz|hourly,2026-08-17T18:48:05Z,2026-08-17T18:48:05Z,
34.139.15.56,ipv4,web-brute-force,high,WHITE,blocklist.de/bruteforcelogin|blocklist.de/all|blocklist.de/apache|ziyadnz/hourly-ipv4,blocklist.de|wordpress|joomla|brute-force|bot|irc-bot|apache|rfi|ddos|ziyadnz|hourly,2026-08-17T18:48:05Z,2026-08-17T18:48:05Z,
34.139.97.89,ipv4,web-brute-force,high,WHITE,blocklist.de/bruteforcelogin|blocklist.de/all|blocklist.de/apache|ziyadnz/hourly-ipv4,blocklist.de|wordpress|joomla|brute-force|bot|irc-bot|apache|rfi|ddos|ziyadnz|hourly,2026-08-17T18:48:05Z,2026-08-17T18:48:05Z,
34.14.82.236,ipv4,web-brute-force,high,WHITE,blocklist.de/bruteforcelogin|blocklist.de/all|blocklist.de/apache|ziyadnz/hourly-ipv4,blocklist.de|wordpress|joomla|brute-force|bot|irc-bot|apache|rfi|ddos|ziyadnz|hourly,2026-08-17T18:48:05Z,2026-08-17T18:48:05Z,
34.140.95.219,ipv4,web-brute-force,high,WHITE,blocklist.de/bruteforcelogin|blocklist.de/all|blocklist.de/apache|ziyadnz/hourly-ipv4,blocklist.de|wordpress|joomla|brute-force|bot|irc-bot|apache|rfi|ddos|ziyadnz|hourly,2026-08-17T18:48:05Z,2026-08-17T18:48:05Z,
34.141.215.197,ipv4,web-brute-force,high,WHITE,blocklist.de/bruteforcelogin|blocklist.de/all|blocklist.de/apache|ziyadnz/hourly-ipv4,blocklist.de|wordpress|joomla|brute-force|bot|irc-bot|apache|rfi|ddos|ziyadnz|hourly,2026-08-17T18:48:05Z,2026-08-17T18:48:05Z,
34.143.154.163,ipv4,web-brute-force,high,WHITE,blocklist.de/bruteforcelogin|blocklist.de/all|blocklist.de/apache|ziyadnz/hourly-ipv4,blocklist.de|wordpress|joomla|brute-force|bot|irc-bot|apache|rfi|ddos|ziyadnz|hourly,2026-08-17T18:48:05Z,2026-08-17T18:48:05Z,
34.151.183.245,ipv4,web-brute-force,high,WHITE,blocklist.de/bruteforcelogin|blocklist.de/all|blocklist.de/apache|ziyadnz/hourly-ipv4,blocklist.de|wordpress|joomla|brute-force|bot|irc-bot|apache|rfi|ddos|ziyadnz|hourly,2026-08-17T18:48:05Z,2026-08-17T18:48:05Z,
34.156.106.245,ipv4,web-brute-force,high,WHITE,blocklist.de/bruteforcelogin|blocklist.de/all|blocklist.de/apache|ziyadnz/hourly-ipv4,blocklist.de|wordpress|joomla|brute-force|bot|irc-bot|apache|rfi|ddos|ziyadnz|hourly,2026-08-17T18:48:05Z,2026-08-17T18:48:05Z,
34.156.120.171,ipv4,web-brute-force,high,WHITE,blocklist.de/bruteforcelogin|blocklist.de/all|blocklist.de/apache|ziyadnz/hourly-ipv4,blocklist.de|wordpress|joomla|brute-force|bot|irc-bot|apache|rfi|ddos|ziyadnz|hourly,2026-08-17T18:48:05Z,2026-08-17T18:48:05Z,
34.156.163.172,ipv4,web-brute-force,high,WHITE,blocklist.de/bruteforcelogin|blocklist.de/all|blocklist.de/apache|ziyadnz/hourly-ipv4,blocklist.de|wordpress|joomla|brute-force|bot|irc-bot|apache|rfi|ddos|ziyadnz|hourly,2026-08-17T18:48:05Z,2026-08-17T18:48:05Z,
34.156.67.80,ipv4,web-brute-force,high,WHITE,blocklist.de/bruteforcelogin|blocklist.de/all|blocklist.de/apache|ziyadnz/hourly-ipv4,blocklist.de|wordpress|joomla|brute-force|bot|irc-bot|apache|rfi|ddos|ziyadnz|hourly,2026-08-17T18:48:05Z,2026-08-17T18:48:05Z,
34.158.8.33,ipv4,web-brute-force,high,WHITE,blocklist.de/bruteforcelogin|blocklist.de/all|blocklist.de/apache|ziyadnz/hourly-ipv4,blocklist.de|wordpress|joomla|brute-force|bot|irc-bot|apache|rfi|ddos|ziyadnz|hourly,2026-08-17T18:48:05Z,2026-08-17T18:48:05Z,
34.16.176.168,ipv4,web-brute-force,high,WHITE,blocklist.de/bruteforcelogin|blocklist.de/all|blocklist.de/apache|ziyadnz/hourly-ipv4,blocklist.de|wordpress|joomla|brute-force|bot|irc-bot|apache|rfi|ddos|ziyadnz|hourly,2026-08-17T18:48:05Z,2026-08-17T18:48:05Z,
34.169.100.44,ipv4,web-brute-force,high,WHITE,blocklist.de/bruteforcelogin|blocklist.de/all|blocklist.de/apache|ziyadnz/hourly-ipv4,blocklist.de|wordpress|joomla|brute-force|bot|irc-bot|apache|rfi|ddos|ziyadnz|hourly,2026-08-17T18:48:05Z,2026-08-17T18:48:05Z,
34.169.38.101,ipv4,web-brute-force,high,WHITE,blocklist.de/bruteforcelogin|blocklist.de/all|blocklist.de/apache|ziyadnz/hourly-ipv4,blocklist.de|wordpress|joomla|brute-force|bot|irc-bot|apache|rfi|ddos|ziyadnz|hourly,2026-08-17T18:48:05Z,2026-08-17T18:48:05Z,
34.178.139.171,ipv4,web-brute-force,high,WHITE,blocklist.de/bruteforcelogin|blocklist.de/all|blocklist.de/apache|ziyadnz/hourly-ipv4,blocklist.de|wordpress|joomla|brute-force|bot|irc-bot|apache|rfi|ddos|ziyadnz|hourly,2026-08-17T18:48:05Z,2026-08-17T18:48:05Z,
34.182.227.189,ipv4,web-brute-force,high,WHITE,blocklist.de/bruteforcelogin|blocklist.de/all|blocklist.de/apache|ziyadnz/hourly-ipv4,blocklist.de|wordpress|joomla|brute-force|bot|irc-bot|apache|rfi|ddos|ziyadnz|hourly,2026-08-17T18:48:05Z,2026-08-17T18:48:05Z,
34.185.253.60,ipv4,web-brute-force,high,WHITE,blocklist.de/bruteforcelogin|blocklist.de/all|blocklist.de/apache|ziyadnz/hourly-ipv4,blocklist.de|wordpress|joomla|brute-force|bot|irc-bot|apache|rfi|ddos|ziyadnz|hourly,2026-08-17T18:48:05Z,2026-08-17T18:48:05Z,
34.21.234.182,ipv4,web-brute-force,high,WHITE,blocklist.de/bruteforcelogin|blocklist.de/all|blocklist.de/apache|ziyadnz/hourly-ipv4,blocklist.de|wordpress|joomla|brute-force|bot|irc-bot|apache|rfi|ddos|ziyadnz|hourly,2026-08-17T18:48:05Z,2026-08-17T18:48:05Z,
34.23.238.185,ipv4,web-brute-force,high,WHITE,blocklist.de/bruteforcelogin|blocklist.de/all|blocklist.de/apache|ziyadnz/hourly-ipv4,blocklist.de|wordpress|joomla|brute-force|bot|irc-bot|apache|rfi|ddos|ziyadnz|hourly,2026-08-17T18:48:05Z,2026-08-17T18:48:05Z,
34.23.254.53,ipv4,web-brute-force,high,WHITE,blocklist.de/bruteforcelogin|blocklist.de/all|blocklist.de/apache|ziyadnz/hourly-ipv4,blocklist.de|wordpress|joomla|brute-force|bot|irc-bot|apache|rfi|ddos|ziyadnz|hourly,2026-08-17T18:48:05Z,2026-08-17T18:48:05Z,
34.24.142.172,ipv4,web-brute-force,medium,WHITE,blocklist.de/bruteforcelogin|blocklist.de/all,blocklist.de|wordpress|joomla|brute-force|bot|irc-bot|apache|rfi|ddos|ziyadnz|hourly,2026-08-17T18:48:05Z,2026-08-17T18:48:05Z,
34.24.152.30,ipv4,web-brute-force,high,WHITE,blocklist.de/bruteforcelogin|blocklist.de/all|blocklist.de/apache|ziyadnz/hourly-ipv4,blocklist.de|wordpress|joomla|brute-force|bot|irc-bot|apache|rfi|ddos|ziyadnz|hourly,2026-08-17T18:48:05Z,2026-08-17T18:48:05Z,
34.24.172.144,ipv4,web-brute-force,high,WHITE,blocklist.de/bruteforcelogin|blocklist.de/all|blocklist.de/apache|ziyadnz/hourly-ipv4,blocklist.de|wordpress|joomla|brute-force|bot|irc-bot|apache|rfi|ddos|ziyadnz|hourly,2026-08-17T18:48:05Z,2026-08-17T18:48:05Z,
34.26.208.123,ipv4,web-brute-force,high,WHITE,blocklist.de/bruteforcelogin|blocklist.de/all|blocklist.de/apache|ziyadnz/hourly-ipv4,blocklist.de|wordpress|joomla|brute-force|bot|irc-bot|apache|rfi|ddos|ziyadnz|hourly,2026-08-17T18:48:05Z,2026-08-17T18:48:05Z,
34.26.40.79,ipv4,web-brute-force,high,WHITE,blocklist.de/bruteforcelogin|blocklist.de/all|blocklist.de/apache|ziyadnz/hourly-ipv4,blocklist.de|wordpress|joomla|brute-force|bot|irc-bot|apache|rfi|ddos|ziyadnz|hourly,2026-08-17T18:48:05Z,2026-08-17T18:48:05Z,
34.26.64.74,ipv4,web-brute-force,high,WHITE,blocklist.de/bruteforcelogin|blocklist.de/all|blocklist.de/apache|ziyadnz/hourly-ipv4,blocklist.de|wordpress|joomla|brute-force|bot|irc-bot|apache|rfi|ddos|ziyadnz|hourly,2026-08-17T18:48:05Z,2026-08-17T18:48:05Z,
34.29.90.137,ipv4,web-brute-force,high,WHITE,blocklist.de/bruteforcelogin|blocklist.de/all|blocklist.de/apache|ziyadnz/hourly-ipv4,blocklist.de|wordpress|joomla|brute-force|bot|irc-bot|apache|rfi|ddos|ziyadnz|hourly,2026-08-17T18:48:05Z,2026-08-17T18:48:05Z,
34.31.235.31,ipv4,web-brute-force,high,WHITE,blocklist.de/bruteforcelogin|blocklist.de/all|blocklist.de/apache|ziyadnz/hourly-ipv4,blocklist.de|wordpress|joomla|brute-force|bot|irc-bot|apache|rfi|ddos|ziyadnz|hourly,2026-08-17T18:48:05Z,2026-08-17T18:48:05Z,
34.32.137.21,ipv4,web-brute-force,high,WHITE,blocklist.de/bruteforcelogin|blocklist.de/all|blocklist.de/apache|ziyadnz/hourly-ipv4,blocklist.de|wordpress|joomla|brute-force|bot|irc-bot|apache|rfi|ddos|ziyadnz|hourly,2026-08-17T18:48:05Z,2026-08-17T18:48:05Z,
34.34.136.95,ipv4,web-brute-force,high,WHITE,blocklist.de/bruteforcelogin|blocklist.de/all|blocklist.de/apache|ziyadnz/hourly-ipv4,blocklist.de|wordpress|joomla|brute-force|bot|irc-bot|apache|rfi|ddos|ziyadnz|hourly,2026-08-17T18:48:05Z,2026-08-17T18:48:05Z,
34.34.186.222,ipv4,web-brute-force,high,WHITE,blocklist.de/bruteforcelogin|blocklist.de/all|blocklist.de/apache|ziyadnz/hourly-ipv4,blocklist.de|wordpress|joomla|brute-force|bot|irc-bot|apache|rfi|ddos|ziyadnz|hourly,2026-08-17T18:48:05Z,2026-08-17T18:48:05Z,
34.38.104.40,ipv4,web-brute-force,high,WHITE,blocklist.de/bruteforcelogin|blocklist.de/all|blocklist.de/apache|ziyadnz/hourly-ipv4,blocklist.de|wordpress|joomla|brute-force|bot|irc-bot|apache|rfi|ddos|ziyadnz|hourly,2026-08-17T18:48:05Z,2026-08-17T18:48:05Z,
34.38.109.210,ipv4,web-brute-force,high,WHITE,blocklist.de/bruteforcelogin|blocklist.de/all|blocklist.de/apache|ziyadnz/hourly-ipv4,blocklist.de|wordpress|joomla|brute-force|bot|irc-bot|apache|rfi|ddos|ziyadnz|hourly,2026-08-17T18:48:05Z,2026-08-17T18:48:05Z,
34.38.228.104,ipv4,web-brute-force,high,WHITE,blocklist.de/bruteforcelogin|blocklist.de/all|blocklist.de/apache|ziyadnz/hourly-ipv4,blocklist.de|wordpress|joomla|brute-force|bot|irc-bot|apache|rfi|ddos|ziyadnz|hourly,2026-08-17T18:48:05Z,2026-08-17T18:48:05Z,
34.39.99.173,ipv4,web-brute-force,high,WHITE,blocklist.de/bruteforcelogin|blocklist.de/all|blocklist.de/apache|ziyadnz/hourly-ipv4,blocklist.de|wordpress|joomla|brute-force|bot|irc-bot|apache|rfi|ddos|ziyadnz|hourly,2026-08-17T18:48:05Z,2026-08-17T18:48:05Z,
34.48.157.182,ipv4,web-brute-force,high,WHITE,blocklist.de/bruteforcelogin|blocklist.de/all|blocklist.de/apache|ziyadnz/hourly-ipv4,blocklist.de|wordpress|joomla|brute-force|bot|irc-bot|apache|rfi|ddos|ziyadnz|hourly,2026-08-17T18:48:05Z,2026-08-17T18:48:05Z,
34.48.27.240,ipv4,web-brute-force,high,WHITE,blocklist.de/bruteforcelogin|blocklist.de/all|blocklist.de/apache|ziyadnz/hourly-ipv4,blocklist.de|wordpress|joomla|brute-force|bot|irc-bot|apache|rfi|ddos|ziyadnz|hourly,2026-08-17T18:48:05Z,2026-08-17T18:48:05Z,
34.52.174.193,ipv4,web-brute-force,high,WHITE,blocklist.de/bruteforcelogin|blocklist.de/all|blocklist.de/apache,blocklist.de|wordpress|joomla|brute-force|bot|irc-bot|apache|rfi|ddos|ziyadnz|hourly,2026-08-17T18:48:05Z,2026-08-17T18:48:05Z,
34.53.30.210,ipv4,web-brute-force,high,WHITE,blocklist.de/bruteforcelogin|blocklist.de/all|blocklist.de/apache|ziyadnz/hourly-ipv4,blocklist.de|wordpress|joomla|brute-force|bot|irc-bot|apache|rfi|ddos|ziyadnz|hourly,2026-08-17T18:48:05Z,2026-08-17T18:48:05Z,
34.55.226.133,ipv4,web-brute-force,high,WHITE,blocklist.de/bruteforcelogin|blocklist.de/all|blocklist.de/apache|ziyadnz/hourly-ipv4,blocklist.de|wordpress|joomla|brute-force|bot|irc-bot|apache|rfi|ddos|ziyadnz|hourly,2026-08-17T18:48:05Z,2026-08-17T18:48:05Z,
34.59.11.203,ipv4,web-brute-force,high,WHITE,blocklist.de/bruteforcelogin|blocklist.de/all|blocklist.de/apache|ziyadnz/hourly-ipv4,blocklist.de|wordpress|joomla|brute-force|bot|irc-bot|apache|rfi|ddos|ziyadnz|hourly,2026-08-17T18:48:05Z,2026-08-17T18:48:05Z,
34.62.219.101,ipv4,web-brute-force,high,WHITE,blocklist.de/bruteforcelogin|blocklist.de/all|blocklist.de/apache|ziyadnz/hourly-ipv4,blocklist.de|wordpress|joomla|brute-force|bot|irc-bot|apache|rfi|ddos|ziyadnz|hourly,2026-08-17T18:48:05Z,2026-08-17T18:48:05Z,
34.62.85.1,ipv4,web-brute-force,high,WHITE,blocklist.de/bruteforcelogin|blocklist.de/all|blocklist.de/apache|ziyadnz/hourly-ipv4,blocklist.de|wordpress|joomla|brute-force|bot|irc-bot|apache|rfi|ddos|ziyadnz|hourly,2026-08-17T18:48:05Z,2026-08-17T18:48:05Z,
34.64.178.220,ipv4,web-brute-force,high,WHITE,blocklist.de/bruteforcelogin|blocklist.de/all|blocklist.de/apache|ziyadnz/hourly-ipv4,blocklist.de|wordpress|joomla|brute-force|bot|irc-bot|apache|rfi|ddos|ziyadnz|hourly,2026-08-17T18:48:05Z,2026-08-17T18:48:05Z,
34.71.197.124,ipv4,web-brute-force,high,WHITE,blocklist.de/bruteforcelogin|blocklist.de/all|blocklist.de/apache|ziyadnz/hourly-ipv4,blocklist.de|wordpress|joomla|brute-force|bot|irc-bot|apache|rfi|ddos|ziyadnz|hourly,2026-08-17T18:48:05Z,2026-08-17T18:48:05Z,
34.73.134.241,ipv4,web-brute-force,high,WHITE,blocklist.de/bruteforcelogin|blocklist.de/all|blocklist.de/apache|ziyadnz/hourly-ipv4,blocklist.de|wordpress|joomla|brute-force|bot|irc-bot|apache|rfi|ddos|ziyadnz|hourly,2026-08-17T18:48:05Z,2026-08-17T18:48:05Z,
34.73.6.11,ipv4,web-brute-force,medium,WHITE,blocklist.de/bruteforcelogin,blocklist.de|wordpress|joomla|brute-force|bot|irc-bot|apache|rfi|ddos|ziyadnz|hourly,2026-08-17T18:48:05Z,2026-08-17T18:48:05Z,
34.74.111.172,ipv4,web-brute-force,high,WHITE,blocklist.de/bruteforcelogin|blocklist.de/all|blocklist.de/apache|ziyadnz/hourly-ipv4,blocklist.de|wordpress|joomla|brute-force|bot|irc-bot|apache|rfi|ddos|ziyadnz|hourly,2026-08-17T18:48:05Z,2026-08-17T18:48:05Z,
34.74.187.63,ipv4,web-brute-force,high,WHITE,blocklist.de/bruteforcelogin|blocklist.de/all|blocklist.de/apache|ziyadnz/hourly-ipv4,blocklist.de|wordpress|joomla|brute-force|bot|irc-bot|apache|rfi|ddos|ziyadnz|hourly,2026-08-17T18:48:05Z,2026-08-17T18:48:05Z,
34.74.215.129,ipv4,web-brute-force,high,WHITE,blocklist.de/bruteforcelogin|blocklist.de/all|blocklist.de/apache|ziyadnz/hourly-ipv4,blocklist.de|wordpress|joomla|brute-force|bot|irc-bot|apache|rfi|ddos|ziyadnz|hourly,2026-08-17T18:48:05Z,2026-08-17T18:48:05Z,
34.76.15.230,ipv4,web-brute-force,high,WHITE,blocklist.de/bruteforcelogin|blocklist.de/all|blocklist.de/apache|ziyadnz/hourly-ipv4,blocklist.de|wordpress|joomla|brute-force|bot|irc-bot|apache|rfi|ddos|ziyadnz|hourly,2026-08-17T18:48:05Z,2026-08-17T18:48:05Z,
34.77.241.77,ipv4,web-brute-force,high,WHITE,blocklist.de/bruteforcelogin|blocklist.de/all|blocklist.de/apache|ziyadnz/hourly-ipv4,blocklist.de|wordpress|joomla|brute-force|bot|irc-bot|apache|rfi|ddos|ziyadnz|hourly,2026-08-17T18:48:05Z,2026-08-17T18:48:05Z,
34.81.212.98,ipv4,web-brute-force,high,WHITE,blocklist.de/bruteforcelogin|blocklist.de/all|blocklist.de/apache|ziyadnz/hourly-ipv4,blocklist.de|wordpress|joomla|brute-force|bot|irc-bot|apache|rfi|ddos|ziyadnz|hourly,2026-08-17T18:48:05Z,2026-08-17T18:48:05Z,
34.82.53.105,ipv4,web-brute-force,high,WHITE,blocklist.de/bruteforcelogin|blocklist.de/all|blocklist.de/apache|ziyadnz/hourly-ipv4,blocklist.de|wordpress|joomla|brute-force|bot|irc-bot|apache|rfi|ddos|ziyadnz|hourly,2026-08-17T18:48:05Z,2026-08-17T18:48:05Z,
34.85.188.90,ipv4,web-brute-force,high,WHITE,blocklist.de/bruteforcelogin|blocklist.de/all|blocklist.de/apache|ziyadnz/hourly-ipv4,blocklist.de|wordpress|joomla|brute-force|bot|irc-bot|apache|rfi|ddos|ziyadnz|hourly,2026-08-17T18:48:05Z,2026-08-17T18:48:05Z,
34.87.136.61,ipv4,web-brute-force,high,WHITE,blocklist.de/bruteforcelogin|blocklist.de/all|blocklist.de/apache|ziyadnz/hourly-ipv4,blocklist.de|wordpress|joomla|brute-force|bot|irc-bot|apache|rfi|ddos|ziyadnz|hourly,2026-08-17T18:48:05Z,2026-08-17T18:48:05Z,
34.87.160.212,ipv4,web-brute-force,high,WHITE,blocklist.de/bruteforcelogin|blocklist.de/all|blocklist.de/apache|ziyadnz/hourly-ipv4,blocklist.de|wordpress|joomla|brute-force|bot|irc-bot|apache|rfi|ddos|ziyadnz|hourly,2026-08-17T18:48:05Z,2026-08-17T18:48:05Z,
34.87.188.60,ipv4,web-brute-force,high,WHITE,blocklist.de/bruteforcelogin|blocklist.de/all|blocklist.de/apache|ziyadnz/hourly-ipv4,blocklist.de|wordpress|joomla|brute-force|bot|irc-bot|apache|rfi|ddos|ziyadnz|hourly,2026-08-17T18:48:05Z,2026-08-17T18:48:05Z,
34.87.2.240,ipv4,web-brute-force,high,WHITE,blocklist.de/bruteforcelogin|blocklist.de/all|blocklist.de/apache|ziyadnz/hourly-ipv4,blocklist.de|wordpress|joomla|brute-force|bot|irc-bot|apache|rfi|ddos|ziyadnz|hourly,2026-08-17T18:48:05Z,2026-08-17T18:48:05Z,
34.90.251.164,ipv4,web-brute-force,high,WHITE,blocklist.de/bruteforcelogin|blocklist.de/all|blocklist.de/apache|ziyadnz/hourly-ipv4,blocklist.de|wordpress|joomla|brute-force|bot|irc-bot|apache|rfi|ddos|ziyadnz|hourly,2026-08-17T18:48:05Z,2026-08-17T18:48:05Z,
35.187.118.164,ipv4,web-brute-force,high,WHITE,blocklist.de/bruteforcelogin|blocklist.de/all|blocklist.de/apache|ziyadnz/hourly-ipv4,blocklist.de|wordpress|joomla|brute-force|bot|irc-bot|apache|rfi|ddos|ziyadnz|hourly,2026-08-17T18:48:05Z,2026-08-17T18:48:05Z,
35.189.240.62,ipv4,web-brute-force,high,WHITE,blocklist.de/bruteforcelogin|blocklist.de/all|blocklist.de/apache|ziyadnz/hourly-ipv4,blocklist.de|wordpress|joomla|brute-force|bot|irc-bot|apache|rfi|ddos|ziyadnz|hourly,2026-08-17T18:48:05Z,2026-08-17T18:48:05Z,
35.190.133.35,ipv4,web-brute-force,high,WHITE,blocklist.de/bruteforcelogin|blocklist.de/all|blocklist.de/apache|ziyadnz/hourly-ipv4,blocklist.de|wordpress|joomla|brute-force|bot|irc-bot|apache|rfi|ddos|ziyadnz|hourly,2026-08-17T18:48:05Z,2026-08-17T18:48:05Z,
35.192.101.66,ipv4,web-brute-force,high,WHITE,blocklist.de/bruteforcelogin|blocklist.de/all|blocklist.de/apache|ziyadnz/hourly-ipv4,blocklist.de|wordpress|joomla|brute-force|bot|irc-bot|apache|rfi|ddos|ziyadnz|hourly,2026-08-17T18:48:05Z,2026-08-17T18:48:05Z,
35.192.122.10,ipv4,web-brute-force,high,WHITE,blocklist.de/bruteforcelogin|blocklist.de/all|blocklist.de/apache|ziyadnz/hourly-ipv4,blocklist.de|wordpress|joomla|brute-force|bot|irc-bot|apache|rfi|ddos|ziyadnz|hourly,2026-08-17T18:48:05Z,2026-08-17T18:48:05Z,
35.195.192.7,ipv4,web-brute-force,high,WHITE,blocklist.de/bruteforcelogin|blocklist.de/all|blocklist.de/apache|ziyadnz/hourly-ipv4,blocklist.de|wordpress|joomla|brute-force|bot|irc-bot|apache|rfi|ddos|ziyadnz|hourly,2026-08-17T18:48:05Z,2026-08-17T18:48:05Z,
35.195.198.59,ipv4,web-brute-force,high,WHITE,blocklist.de/bruteforcelogin|blocklist.de/all|blocklist.de/apache|ziyadnz/hourly-ipv4,blocklist.de|wordpress|joomla|brute-force|bot|irc-bot|apache|rfi|ddos|ziyadnz|hourly,2026-08-17T18:48:05Z,2026-08-17T18:48:05Z,
35.195.63.216,ipv4,web-brute-force,high,WHITE,blocklist.de/bruteforcelogin|blocklist.de/all|blocklist.de/apache|ziyadnz/hourly-ipv4,blocklist.de|wordpress|joomla|brute-force|bot|irc-bot|apache|rfi|ddos|ziyadnz|hourly,2026-08-17T18:48:05Z,2026-08-17T18:48:05Z,
35.196.1.56,ipv4,web-brute-force,high,WHITE,blocklist.de/bruteforcelogin|blocklist.de/all|blocklist.de/apache|ziyadnz/hourly-ipv4,blocklist.de|wordpress|joomla|brute-force|bot|irc-bot|apache|rfi|ddos|ziyadnz|hourly,2026-08-17T18:48:05Z,2026-08-17T18:48:05Z,
35.197.248.130,ipv4,web-brute-force,high,WHITE,blocklist.de/bruteforcelogin|blocklist.de/all|blocklist.de/apache|ziyadnz/hourly-ipv4,blocklist.de|wordpress|joomla|brute-force|bot|irc-bot|apache|rfi|ddos|ziyadnz|hourly,2026-08-17T18:48:05Z,2026-08-17T18:48:05Z,
35.204.103.67,ipv4,web-brute-force,high,WHITE,blocklist.de/bruteforcelogin|blocklist.de/all|blocklist.de/apache|ziyadnz/hourly-ipv4,blocklist.de|wordpress|joomla|brute-force|bot|irc-bot|apache|rfi|ddos|ziyadnz|hourly,2026-08-17T18:48:05Z,2026-08-17T18:48:05Z,
35.227.7.73,ipv4,web-brute-force,high,WHITE,blocklist.de/bruteforcelogin|blocklist.de/all|blocklist.de/apache|ziyadnz/hourly-ipv4,blocklist.de|wordpress|joomla|brute-force|bot|irc-bot|apache|rfi|ddos|ziyadnz|hourly,2026-08-17T18:48:05Z,2026-08-17T18:48:05Z,
35.230.185.10,ipv4,web-brute-force,high,WHITE,blocklist.de/bruteforcelogin|blocklist.de/all|blocklist.de/apache|ziyadnz/hourly-ipv4,blocklist.de|wordpress|joomla|brute-force|bot|irc-bot|apache|rfi|ddos|ziyadnz|hourly,2026-08-17T18:48:05Z,2026-08-17T18:48:05Z,
35.230.187.111,ipv4,web-brute-force,high,WHITE,blocklist.de/bruteforcelogin|blocklist.de/all|blocklist.de/apache|ziyadnz/hourly-ipv4,blocklist.de|wordpress|joomla|brute-force|bot|irc-bot|apache|rfi|ddos|ziyadnz|hourly,2026-08-17T18:48:05Z,2026-08-17T18:48:05Z,
35.230.189.235,ipv4,web-brute-force,high,WHITE,blocklist.de/bruteforcelogin|blocklist.de/all|blocklist.de/apache|ziyadnz/hourly-ipv4,blocklist.de|wordpress|joomla|brute-force|bot|irc-bot|apache|rfi|ddos|ziyadnz|hourly,2026-08-17T18:48:05Z,2026-08-17T18:48:05Z,
35.233.4.237,ipv4,web-brute-force,high,WHITE,blocklist.de/bruteforcelogin|blocklist.de/all|blocklist.de/apache|ziyadnz/hourly-ipv4,blocklist.de|wordpress|joomla|brute-force|bot|irc-bot|apache|rfi|ddos|ziyadnz|hourly,2026-08-17T18:48:05Z,2026-08-17T18:48:05Z,
35.233.83.68,ipv4,web-brute-force,high,WHITE,blocklist.de/bruteforcelogin|blocklist.de/all|blocklist.de/apache|ziyadnz/hourly-ipv4,blocklist.de|wordpress|joomla|brute-force|bot|irc-bot|apache|rfi|ddos|ziyadnz|hourly,2026-08-17T18:48:05Z,2026-08-17T18:48:05Z,
35.237.103.110,ipv4,web-brute-force,high,WHITE,blocklist.de/bruteforcelogin|blocklist.de/all|blocklist.de/apache|ziyadnz/hourly-ipv4,blocklist.de|wordpress|joomla|brute-force|bot|irc-bot|apache|rfi|ddos|ziyadnz|hourly,2026-08-17T18:48:05Z,2026-08-17T18:48:05Z,
35.237.61.116,ipv4,web-brute-force,high,WHITE,blocklist.de/bruteforcelogin|blocklist.de/all|blocklist.de/apache|ziyadnz/hourly-ipv4,blocklist.de|wordpress|joomla|brute-force|bot|irc-bot|apache|rfi|ddos|ziyadnz|hourly,2026-08-17T18:48:05Z,2026-08-17T18:48:05Z,
35.237.63.133,ipv4,web-brute-force,high,WHITE,blocklist.de/bruteforcelogin|blocklist.de/all|blocklist.de/apache|ziyadnz/hourly-ipv4,blocklist.de|wordpress|joomla|brute-force|bot|irc-bot|apache|rfi|ddos|ziyadnz|hourly,2026-08-17T18:48:05Z,2026-08-17T18:48:05Z,
35.237.95.150,ipv4,web-brute-force,high,WHITE,blocklist.de/bruteforcelogin|blocklist.de/all|blocklist.de/apache|ziyadnz/hourly-ipv4,blocklist.de|wordpress|joomla|brute-force|bot|irc-bot|apache|rfi|ddos|ziyadnz|hourly,2026-08-17T18:48:05Z,2026-08-17T18:48:05Z,
35.240.158.129,ipv4,web-brute-force,high,WHITE,blocklist.de/bruteforcelogin|blocklist.de/all|blocklist.de/apache|ziyadnz/hourly-ipv4,blocklist.de|wordpress|joomla|brute-force|bot|irc-bot|apache|rfi|ddos|ziyadnz|hourly,2026-08-17T18:48:05Z,2026-08-17T18:48:05Z,
35.240.212.36,ipv4,web-brute-force,high,WHITE,blocklist.de/bruteforcelogin|blocklist.de/all|blocklist.de/apache|ziyadnz/hourly-ipv4,blocklist.de|wordpress|joomla|brute-force|bot|irc-bot|apache|rfi|ddos|ziyadnz|hourly,2026-08-17T18:48:05Z,2026-08-17T18:48:05Z,
35.240.241.221,ipv4,web-brute-force,high,WHITE,blocklist.de/bruteforcelogin|blocklist.de/all|blocklist.de/apache|ziyadnz/hourly-ipv4,blocklist.de|wordpress|joomla|brute-force|bot|irc-bot|apache|rfi|ddos|ziyadnz|hourly,2026-08-17T18:48:05Z,2026-08-17T18:48:05Z,
35.241.227.157,ipv4,web-brute-force,high,WHITE,blocklist.de/bruteforcelogin|blocklist.de/all|blocklist.de/apache|ziyadnz/hourly-ipv4,blocklist.de|wordpress|joomla|brute-force|bot|irc-bot|apache|rfi|ddos|ziyadnz|hourly,2026-08-17T18:48:05Z,2026-08-17T18:48:05Z,
35.252.143.102,ipv4,web-brute-force,high,WHITE,blocklist.de/bruteforcelogin|blocklist.de/all|blocklist.de/apache|ziyadnz/hourly-ipv4,blocklist.de|wordpress|joomla|brute-force|bot|irc-bot|apache|rfi|ddos|ziyadnz|hourly,2026-08-17T18:48:05Z,2026-08-17T18:48:05Z,
36.255.97.52,ipv4,web-brute-force,high,WHITE,blocklist.de/bruteforcelogin|blocklist.de/all|blocklist.de/apache|ziyadnz/hourly-ipv4,blocklist.de|wordpress|joomla|brute-force|bot|irc-bot|apache|rfi|ddos|ziyadnz|hourly,2026-08-17T18:48:05Z,2026-08-17T18:48:05Z,
36.255.97.58,ipv4,web-brute-force,high,WHITE,blocklist.de/bruteforcelogin|blocklist.de/all|blocklist.de/apache|ziyadnz/hourly-ipv4,blocklist.de|wordpress|joomla|brute-force|bot|irc-bot|apache|rfi|ddos|ziyadnz|hourly,2026-08-17T18:48:05Z,2026-08-17T18:48:05Z,
36.68.54.3,ipv4,web-brute-force,high,WHITE,blocklist.de/bruteforcelogin|blocklist.de/all|blocklist.de/apache|ziyadnz/hourly-ipv4,blocklist.de|wordpress|joomla|brute-force|bot|irc-bot|apache|rfi|ddos|ziyadnz|hourly,2026-08-17T18:48:05Z,2026-08-17T18:48:05Z,
37.114.149.2,ipv4,web-brute-force,high,WHITE,blocklist.de/bruteforcelogin|blocklist.de/all|blocklist.de/apache|ziyadnz/hourly-ipv4,blocklist.de|wordpress|joomla|brute-force|bot|irc-bot|apache|rfi|ddos|ziyadnz|hourly,2026-08-17T18:48:05Z,2026-08-17T18:48:05Z,
37.242.68.172,ipv4,web-brute-force,high,WHITE,blocklist.de/bruteforcelogin|blocklist.de/all|blocklist.de/apache,blocklist.de|wordpress|joomla|brute-force|bot|irc-bot|apache|rfi|ddos|ziyadnz|hourly,2026-08-17T18:48:05Z,2026-08-17T18:48:05Z,
37.250.225.237,ipv4,web-brute-force,high,WHITE,blocklist.de/bruteforcelogin|blocklist.de/all|blocklist.de/apache|ziyadnz/hourly-ipv4,blocklist.de|wordpress|joomla|brute-force|bot|irc-bot|apache|rfi|ddos|ziyadnz|hourly,2026-08-17T18:48:05Z,2026-08-17T18:48:05Z,
37.49.224.154,ipv4,web-brute-force,high,WHITE,blocklist.de/bruteforcelogin|blocklist.de/all|blocklist.de/apache|ziyadnz/hourly-ipv4,blocklist.de|wordpress|joomla|brute-force|bot|irc-bot|apache|rfi|ddos|ziyadnz|hourly,2026-08-17T18:48:05Z,2026-08-17T18:48:05Z,
38.134.40.98,ipv4,web-brute-force,high,WHITE,blocklist.de/bruteforcelogin|blocklist.de/all|blocklist.de/apache|ziyadnz/hourly-ipv4,blocklist.de|wordpress|joomla|brute-force|bot|irc-bot|apache|rfi|ddos|ziyadnz|hourly,2026-08-17T18:48:05Z,2026-08-17T18:48:05Z,
38.190.144.109,ipv4,web-brute-force,high,WHITE,blocklist.de/bruteforcelogin|blocklist.de/all|blocklist.de/apache|ziyadnz/hourly-ipv4,blocklist.de|wordpress|joomla|brute-force|bot|irc-bot|apache|rfi|ddos|ziyadnz|hourly,2026-08-17T18:48:05Z,2026-08-17T18:48:05Z,
38.47.179.3,ipv4,web-brute-force,high,WHITE,blocklist.de/bruteforcelogin|blocklist.de/all|blocklist.de/apache|ziyadnz/hourly-ipv4,blocklist.de|wordpress|joomla|brute-force|bot|irc-bot|apache|rfi|ddos|ziyadnz|hourly,2026-08-17T18:48:05Z,2026-08-17T18:48:05Z,
39.194.1.247,ipv4,web-brute-force,high,WHITE,blocklist.de/bruteforcelogin|blocklist.de/all|blocklist.de/apache|ziyadnz/hourly-ipv4,blocklist.de|wordpress|joomla|brute-force|bot|irc-bot|apache|rfi|ddos|ziyadnz|hourly,2026-08-17T18:48:05Z,2026-08-17T18:48:05Z,
39.194.3.72,ipv4,web-brute-force,high,WHITE,blocklist.de/bruteforcelogin|blocklist.de/all|blocklist.de/apache,blocklist.de|wordpress|joomla|brute-force|bot|irc-bot|apache|rfi|ddos|ziyadnz|hourly,2026-08-17T18:48:05Z,2026-08-17T18:48:05Z,
39.34.146.102,ipv4,web-brute-force,high,WHITE,blocklist.de/bruteforcelogin|blocklist.de/all|blocklist.de/apache|ziyadnz/hourly-ipv4,blocklist.de|wordpress|joomla|brute-force|bot|irc-bot|apache|rfi|ddos|ziyadnz|hourly,2026-08-17T18:48:05Z,2026-08-17T18:48:05Z,
39.47.21.185,ipv4,web-brute-force,high,WHITE,blocklist.de/bruteforcelogin|blocklist.de/all|blocklist.de/apache|ziyadnz/hourly-ipv4,blocklist.de|wordpress|joomla|brute-force|bot|irc-bot|apache|rfi|ddos|ziyadnz|hourly,2026-08-17T18:48:05Z,2026-08-17T18:48:05Z,
4.182.232.137,ipv4,web-brute-force,high,WHITE,blocklist.de/bruteforcelogin|blocklist.de/all|blocklist.de/apache|ziyadnz/hourly-ipv4,blocklist.de|wordpress|joomla|brute-force|bot|irc-bot|apache|rfi|ddos|ziyadnz|hourly,2026-08-17T18:48:05Z,2026-08-17T18:48:05Z,
4.184.238.176,ipv4,web-brute-force,high,WHITE,blocklist.de/bruteforcelogin|blocklist.de/all|blocklist.de/apache|ziyadnz/hourly-ipv4,blocklist.de|wordpress|joomla|brute-force|bot|irc-bot|apache|rfi|ddos|ziyadnz|hourly,2026-08-17T18:48:05Z,2026-08-17T18:48:05Z,
4.223.113.180,ipv4,web-brute-force,high,WHITE,blocklist.de/bruteforcelogin|blocklist.de/all|blocklist.de/apache|ziyadnz/hourly-ipv4,blocklist.de|wordpress|joomla|brute-force|bot|irc-bot|apache|rfi|ddos|ziyadnz|hourly,2026-08-17T18:48:05Z,2026-08-17T18:48:05Z,
4.223.164.152,ipv4,web-brute-force,high,WHITE,blocklist.de/bruteforcelogin|blocklist.de/all|blocklist.de/apache|ziyadnz/hourly-ipv4,blocklist.de|wordpress|joomla|brute-force|bot|irc-bot|apache|rfi|ddos|ziyadnz|hourly,2026-08-17T18:48:05Z,2026-08-17T18:48:05Z,
4.232.151.198,ipv4,web-brute-force,high,WHITE,blocklist.de/bruteforcelogin|blocklist.de/all|blocklist.de/apache|ziyadnz/hourly-ipv4,blocklist.de|wordpress|joomla|brute-force|bot|irc-bot|apache|rfi|ddos|ziyadnz|hourly,2026-08-17T18:48:05Z,2026-08-17T18:48:05Z,
4.232.93.83,ipv4,web-brute-force,high,WHITE,blocklist.de/bruteforcelogin|blocklist.de/all|blocklist.de/apache|ziyadnz/hourly-ipv4,blocklist.de|wordpress|joomla|brute-force|bot|irc-bot|apache|rfi|ddos|ziyadnz|hourly,2026-08-17T18:48:05Z,2026-08-17T18:48:05Z,
4.232.94.69,ipv4,web-brute-force,high,WHITE,blocklist.de/bruteforcelogin|blocklist.de/all|blocklist.de/apache|ziyadnz/hourly-ipv4,blocklist.de|wordpress|joomla|brute-force|bot|irc-bot|apache|rfi|ddos|ziyadnz|hourly,2026-08-17T18:48:05Z,2026-08-17T18:48:05Z,
40.119.24.130,ipv4,web-brute-force,high,WHITE,blocklist.de/bruteforcelogin|blocklist.de/all|blocklist.de/apache|ziyadnz/hourly-ipv4,blocklist.de|wordpress|joomla|brute-force|bot|irc-bot|apache|rfi|ddos|ziyadnz|hourly,2026-08-17T18:48:05Z,2026-08-17T18:48:05Z,
40.74.68.220,ipv4,web-brute-force,high,WHITE,blocklist.de/bruteforcelogin|blocklist.de/all|blocklist.de/apache|ziyadnz/hourly-ipv4,blocklist.de|wordpress|joomla|brute-force|bot|irc-bot|apache|rfi|ddos|ziyadnz|hourly,2026-08-17T18:48:05Z,2026-08-17T18:48:05Z,
40.80.82.167,ipv4,web-brute-force,high,WHITE,blocklist.de/bruteforcelogin|blocklist.de/all|blocklist.de/apache|ziyadnz/hourly-ipv4,blocklist.de|wordpress|joomla|brute-force|bot|irc-bot|apache|rfi|ddos|ziyadnz|hourly,2026-08-17T18:48:05Z,2026-08-17T18:48:05Z,
41.210.157.114,ipv4,web-brute-force,high,WHITE,blocklist.de/bruteforcelogin|blocklist.de/all|blocklist.de/apache|ziyadnz/hourly-ipv4,blocklist.de|wordpress|joomla|brute-force|bot|irc-bot|apache|rfi|ddos|ziyadnz|hourly,2026-08-17T18:48:05Z,2026-08-17T18:48:05Z,
41.89.116.15,ipv4,web-brute-force,high,WHITE,blocklist.de/bruteforcelogin|blocklist.de/all|blocklist.de/apache|ziyadnz/hourly-ipv4,blocklist.de|wordpress|joomla|brute-force|bot|irc-bot|apache|rfi|ddos|ziyadnz|hourly,2026-08-17T18:48:05Z,2026-08-17T18:48:05Z,
43.157.27.211,ipv4,web-brute-force,high,WHITE,blocklist.de/bruteforcelogin|blocklist.de/all|blocklist.de/apache|ziyadnz/hourly-ipv4,blocklist.de|wordpress|joomla|brute-force|bot|irc-bot|apache|rfi|ddos|ziyadnz|hourly,2026-08-17T18:48:05Z,2026-08-17T18:48:05Z,
43.230.201.87,ipv4,web-brute-force,high,WHITE,blocklist.de/bruteforcelogin|blocklist.de/all|blocklist.de/apache|ziyadnz/hourly-ipv4,blocklist.de|wordpress|joomla|brute-force|bot|irc-bot|apache|rfi|ddos|ziyadnz|hourly,2026-08-17T18:48:05Z,2026-08-17T18:48:05Z,
45.132.225.110,ipv4,web-brute-force,high,WHITE,blocklist.de/bruteforcelogin|blocklist.de/all|blocklist.de/apache|ziyadnz/hourly-ipv4,blocklist.de|wordpress|joomla|brute-force|bot|irc-bot|apache|rfi|ddos|ziyadnz|hourly,2026-08-17T18:48:05Z,2026-08-17T18:48:05Z,
45.132.225.126,ipv4,web-brute-force,high,WHITE,blocklist.de/bruteforcelogin|blocklist.de/all|blocklist.de/apache|ziyadnz/hourly-ipv4,blocklist.de|wordpress|joomla|brute-force|bot|irc-bot|apache|rfi|ddos|ziyadnz|hourly,2026-08-17T18:48:05Z,2026-08-17T18:48:05Z,
45.138.16.110,ipv4,web-brute-force,high,WHITE,blocklist.de/bruteforcelogin|blocklist.de/all|blocklist.de/apache|ziyadnz/hourly-ipv4,blocklist.de|wordpress|joomla|brute-force|bot|irc-bot|apache|rfi|ddos|ziyadnz|hourly,2026-08-17T18:48:05Z,2026-08-17T18:48:05Z,
45.139.104.152,ipv4,web-brute-force,high,WHITE,blocklist.de/bruteforcelogin|blocklist.de/all|blocklist.de/apache|ziyadnz/hourly-ipv4,blocklist.de|wordpress|joomla|brute-force|bot|irc-bot|apache|rfi|ddos|ziyadnz|hourly,2026-08-17T18:48:05Z,2026-08-17T18:48:05Z,
45.148.10.125,ipv4,web-brute-force,high,WHITE,blocklist.de/bruteforcelogin|blocklist.de/all|blocklist.de/apache|ziyadnz/hourly-ipv4,blocklist.de|wordpress|joomla|brute-force|bot|irc-bot|apache|rfi|ddos|ziyadnz|hourly,2026-08-17T18:48:05Z,2026-08-17T18:48:05Z,
45.148.10.19,ipv4,web-brute-force,high,WHITE,blocklist.de/bruteforcelogin|blocklist.de/all|blocklist.de/apache|ziyadnz/hourly-ipv4,blocklist.de|wordpress|joomla|brute-force|bot|irc-bot|apache|rfi|ddos|ziyadnz|hourly,2026-08-17T18:48:05Z,2026-08-17T18:48:05Z,
45.148.10.62,ipv4,web-brute-force,high,WHITE,blocklist.de/bruteforcelogin|blocklist.de/all|blocklist.de/apache|ziyadnz/hourly-ipv4,blocklist.de|wordpress|joomla|brute-force|bot|irc-bot|apache|rfi|ddos|ziyadnz|hourly,2026-08-17T18:48:05Z,2026-08-17T18:48:05Z,
45.148.10.75,ipv4,web-brute-force,high,WHITE,blocklist.de/bruteforcelogin|blocklist.de/all|blocklist.de/apache|ziyadnz/hourly-ipv4,blocklist.de|wordpress|joomla|brute-force|bot|irc-bot|apache|rfi|ddos|ziyadnz|hourly,2026-08-17T18:48:05Z,2026-08-17T18:48:05Z,
45.148.10.8,ipv4,web-brute-force,high,WHITE,blocklist.de/bruteforcelogin|blocklist.de/all|blocklist.de/apache|ziyadnz/hourly-ipv4,blocklist.de|wordpress|joomla|brute-force|bot|irc-bot|apache|rfi|ddos|ziyadnz|hourly,2026-08-17T18:48:05Z,2026-08-17T18:48:05Z,
45.148.10.95,ipv4,web-brute-force,high,WHITE,blocklist.de/bruteforcelogin|blocklist.de/all|blocklist.de/apache|ziyadnz/hourly-ipv4,blocklist.de|wordpress|joomla|brute-force|bot|irc-bot|apache|rfi|ddos|ziyadnz|hourly,2026-08-17T18:48:05Z,2026-08-17T18:48:05Z,
45.153.102.164,ipv4,web-brute-force,high,WHITE,blocklist.de/bruteforcelogin|blocklist.de/all|blocklist.de/apache|ziyadnz/hourly-ipv4,blocklist.de|wordpress|joomla|brute-force|bot|irc-bot|apache|rfi|ddos|ziyadnz|hourly,2026-08-17T18:48:05Z,2026-08-17T18:48:05Z,
45.153.34.217,ipv4,web-brute-force,high,WHITE,blocklist.de/bruteforcelogin|blocklist.de/all|blocklist.de/apache|ziyadnz/hourly-ipv4,blocklist.de|wordpress|joomla|brute-force|bot|irc-bot|apache|rfi|ddos|ziyadnz|hourly,2026-08-17T18:48:05Z,2026-08-17T18:48:05Z,
45.251.71.58,ipv4,web-brute-force,high,WHITE,blocklist.de/bruteforcelogin|blocklist.de/all|blocklist.de/apache|ziyadnz/hourly-ipv4,blocklist.de|wordpress|joomla|brute-force|bot|irc-bot|apache|rfi|ddos|ziyadnz|hourly,2026-08-17T18:48:05Z,2026-08-17T18:48:05Z,
45.79.192.145,ipv4,web-brute-force,high,WHITE,blocklist.de/bruteforcelogin|blocklist.de/all|blocklist.de/apache|ziyadnz/hourly-ipv4,blocklist.de|wordpress|joomla|brute-force|bot|irc-bot|apache|rfi|ddos|ziyadnz|hourly,2026-08-17T18:48:05Z,2026-08-17T18:48:05Z,
45.8.196.195,ipv4,web-brute-force,high,WHITE,blocklist.de/bruteforcelogin|blocklist.de/all|blocklist.de/apache|ziyadnz/hourly-ipv4,blocklist.de|wordpress|joomla|brute-force|bot|irc-bot|apache|rfi|ddos|ziyadnz|hourly,2026-08-17T18:48:05Z,2026-08-17T18:48:05Z,
45.86.203.78,ipv4,web-brute-force,high,WHITE,blocklist.de/bruteforcelogin|blocklist.de/all|blocklist.de/apache|ziyadnz/hourly-ipv4,blocklist.de|wordpress|joomla|brute-force|bot|irc-bot|apache|rfi|ddos|ziyadnz|hourly,2026-08-17T18:48:05Z,2026-08-17T18:48:05Z,
45.94.31.177,ipv4,web-brute-force,high,WHITE,blocklist.de/bruteforcelogin|blocklist.de/all|blocklist.de/apache|ziyadnz/hourly-ipv4,blocklist.de|wordpress|joomla|brute-force|bot|irc-bot|apache|rfi|ddos|ziyadnz|hourly,2026-08-17T18:48:05Z,2026-08-17T18:48:05Z,
46.17.172.180,ipv4,web-brute-force,high,WHITE,blocklist.de/bruteforcelogin|blocklist.de/all|blocklist.de/apache|ziyadnz/hourly-ipv4,blocklist.de|wordpress|joomla|brute-force|bot|irc-bot|apache|rfi|ddos|ziyadnz|hourly,2026-08-17T18:48:05Z,2026-08-17T18:48:05Z,
46.249.97.27,ipv4,web-brute-force,high,WHITE,blocklist.de/bruteforcelogin|blocklist.de/all|blocklist.de/apache|ziyadnz/hourly-ipv4,blocklist.de|wordpress|joomla|brute-force|bot|irc-bot|apache|rfi|ddos|ziyadnz|hourly,2026-08-17T18:48:05Z,2026-08-17T18:48:05Z,
46.43.85.185,ipv4,web-brute-force,high,WHITE,blocklist.de/bruteforcelogin|blocklist.de/all|blocklist.de/apache|ziyadnz/hourly-ipv4,blocklist.de|wordpress|joomla|brute-force|bot|irc-bot|apache|rfi|ddos|ziyadnz|hourly,2026-08-17T18:48:05Z,2026-08-17T18:48:05Z,
47.230.110.129,ipv4,web-brute-force,high,WHITE,blocklist.de/bruteforcelogin|blocklist.de/all|blocklist.de/apache|ziyadnz/hourly-ipv4,blocklist.de|wordpress|joomla|brute-force|bot|irc-bot|apache|rfi|ddos|ziyadnz|hourly,2026-08-17T18:48:05Z,2026-08-17T18:48:05Z,
47.79.13.228,ipv4,web-brute-force,high,WHITE,blocklist.de/bruteforcelogin|blocklist.de/all|blocklist.de/apache|ziyadnz/hourly-ipv4,blocklist.de|wordpress|joomla|brute-force|bot|irc-bot|apache|rfi|ddos|ziyadnz|hourly,2026-08-17T18:48:05Z,2026-08-17T18:48:05Z,
47.86.33.52,ipv4,web-brute-force,high,WHITE,blocklist.de/bruteforcelogin|blocklist.de/all|blocklist.de/apache|ziyadnz/hourly-ipv4,blocklist.de|wordpress|joomla|brute-force|bot|irc-bot|apache|rfi|ddos|ziyadnz|hourly,2026-08-17T18:48:05Z,2026-08-17T18:48:05Z,
47.93.192.43,ipv4,web-brute-force,high,WHITE,blocklist.de/bruteforcelogin|blocklist.de/all|blocklist.de/apache|ziyadnz/hourly-ipv4,blocklist.de|wordpress|joomla|brute-force|bot|irc-bot|apache|rfi|ddos|ziyadnz|hourly,2026-08-17T18:48:05Z,2026-08-17T18:48:05Z,
49.244.69.162,ipv4,web-brute-force,high,WHITE,blocklist.de/bruteforcelogin|blocklist.de/all|blocklist.de/apache|ziyadnz/hourly-ipv4,blocklist.de|wordpress|joomla|brute-force|bot|irc-bot|apache|rfi|ddos|ziyadnz|hourly,2026-08-17T18:48:05Z,2026-08-17T18:48:05Z,
49.249.214.58,ipv4,web-brute-force,high,WHITE,blocklist.de/bruteforcelogin|blocklist.de/all|blocklist.de/apache|ziyadnz/hourly-ipv4,blocklist.de|wordpress|joomla|brute-force|bot|irc-bot|apache|rfi|ddos|ziyadnz|hourly,2026-08-17T18:48:05Z,2026-08-17T18:48:05Z,
49.37.101.7,ipv4,web-brute-force,high,WHITE,blocklist.de/bruteforcelogin|blocklist.de/all|blocklist.de/apache|ziyadnz/hourly-ipv4,blocklist.de|wordpress|joomla|brute-force|bot|irc-bot|apache|rfi|ddos|ziyadnz|hourly,2026-08-17T18:48:05Z,2026-08-17T18:48:05Z,
49.37.117.51,ipv4,web-brute-force,high,WHITE,blocklist.de/bruteforcelogin|blocklist.de/all|blocklist.de/apache|ziyadnz/hourly-ipv4,blocklist.de|wordpress|joomla|brute-force|bot|irc-bot|apache|rfi|ddos|ziyadnz|hourly,2026-08-17T18:48:05Z,2026-08-17T18:48:05Z,
49.42.133.229,ipv4,web-brute-force,high,WHITE,blocklist.de/bruteforcelogin|blocklist.de/all|blocklist.de/apache|ziyadnz/hourly-ipv4,blocklist.de|wordpress|joomla|brute-force|bot|irc-bot|apache|rfi|ddos|ziyadnz|hourly,2026-08-17T18:48:05Z,2026-08-17T18:48:05Z,
49.43.43.226,ipv4,web-brute-force,high,WHITE,blocklist.de/bruteforcelogin|blocklist.de/all|blocklist.de/apache|ziyadnz/hourly-ipv4,blocklist.de|wordpress|joomla|brute-force|bot|irc-bot|apache|rfi|ddos|ziyadnz|hourly,2026-08-17T18:48:05Z,2026-08-17T18:48:05Z,
49.47.128.74,ipv4,web-brute-force,high,WHITE,blocklist.de/bruteforcelogin|blocklist.de/all|blocklist.de/apache|ziyadnz/hourly-ipv4,blocklist.de|wordpress|joomla|brute-force|bot|irc-bot|apache|rfi|ddos|ziyadnz|hourly,2026-08-17T18:48:05Z,2026-08-17T18:48:05Z,
49.47.216.28,ipv4,web-brute-force,high,WHITE,blocklist.de/bruteforcelogin|blocklist.de/all|blocklist.de/apache|ziyadnz/hourly-ipv4,blocklist.de|wordpress|joomla|brute-force|bot|irc-bot|apache|rfi|ddos|ziyadnz|hourly,2026-08-17T18:48:05Z,2026-08-17T18:48:05Z,
49.47.9.237,ipv4,web-brute-force,high,WHITE,blocklist.de/bruteforcelogin|blocklist.de/all|blocklist.de/apache|ziyadnz/hourly-ipv4,blocklist.de|wordpress|joomla|brute-force|bot|irc-bot|apache|rfi|ddos|ziyadnz|hourly,2026-08-17T18:48:05Z,2026-08-17T18:48:05Z,
5.107.169.26,ipv4,web-brute-force,high,WHITE,blocklist.de/bruteforcelogin|blocklist.de/all|blocklist.de/apache|ziyadnz/hourly-ipv4,blocklist.de|wordpress|joomla|brute-force|bot|irc-bot|apache|rfi|ddos|ziyadnz|hourly,2026-08-17T18:48:05Z,2026-08-17T18:48:05Z,
5.175.189.113,ipv4,web-brute-force,high,WHITE,blocklist.de/bruteforcelogin|blocklist.de/all|blocklist.de/apache|ziyadnz/hourly-ipv4,blocklist.de|wordpress|joomla|brute-force|bot|irc-bot|apache|rfi|ddos|ziyadnz|hourly,2026-08-17T18:48:05Z,2026-08-17T18:48:05Z,
5.188.67.135,ipv4,web-brute-force,high,WHITE,blocklist.de/bruteforcelogin|blocklist.de/all|blocklist.de/apache|ziyadnz/hourly-ipv4,blocklist.de|wordpress|joomla|brute-force|bot|irc-bot|apache|rfi|ddos|ziyadnz|hourly,2026-08-17T18:48:05Z,2026-08-17T18:48:05Z,
5.188.86.234,ipv4,web-brute-force,high,WHITE,blocklist.de/bruteforcelogin|blocklist.de/all|blocklist.de/apache|ziyadnz/hourly-ipv4,blocklist.de|wordpress|joomla|brute-force|bot|irc-bot|apache|rfi|ddos|ziyadnz|hourly,2026-08-17T18:48:05Z,2026-08-17T18:48:05Z,
5.199.136.109,ipv4,web-brute-force,high,WHITE,blocklist.de/bruteforcelogin|blocklist.de/all|blocklist.de/apache|ziyadnz/hourly-ipv4,blocklist.de|wordpress|joomla|brute-force|bot|irc-bot|apache|rfi|ddos|ziyadnz|hourly,2026-08-17T18:48:05Z,2026-08-17T18:48:05Z,
5.228.54.46,ipv4,web-brute-force,high,WHITE,blocklist.de/bruteforcelogin|blocklist.de/all|blocklist.de/apache|ziyadnz/hourly-ipv4,blocklist.de|wordpress|joomla|brute-force|bot|irc-bot|apache|rfi|ddos|ziyadnz|hourly,2026-08-17T18:48:05Z,2026-08-17T18:48:05Z,
5.253.84.92,ipv4,web-brute-force,high,WHITE,blocklist.de/bruteforcelogin|blocklist.de/all|blocklist.de/apache|ziyadnz/hourly-ipv4,blocklist.de|wordpress|joomla|brute-force|bot|irc-bot|apache|rfi|ddos|ziyadnz|hourly,2026-08-17T18:48:05Z,2026-08-17T18:48:05Z,
5.29.20.252,ipv4,web-brute-force,high,WHITE,blocklist.de/bruteforcelogin|blocklist.de/all|blocklist.de/apache|ziyadnz/hourly-ipv4,blocklist.de|wordpress|joomla|brute-force|bot|irc-bot|apache|rfi|ddos|ziyadnz|hourly,2026-08-17T18:48:05Z,2026-08-17T18:48:05Z,
50.6.207.27,ipv4,web-brute-force,high,WHITE,blocklist.de/bruteforcelogin|blocklist.de/all|blocklist.de/apache|ziyadnz/hourly-ipv4,blocklist.de|wordpress|joomla|brute-force|bot|irc-bot|apache|rfi|ddos|ziyadnz|hourly,2026-08-17T18:48:05Z,2026-08-17T18:48:05Z,
51.116.232.28,ipv4,web-brute-force,high,WHITE,blocklist.de/bruteforcelogin|blocklist.de/all|blocklist.de/apache|ziyadnz/hourly-ipv4,blocklist.de|wordpress|joomla|brute-force|bot|irc-bot|apache|rfi|ddos|ziyadnz|hourly,2026-08-17T18:48:05Z,2026-08-17T18:48:05Z,
51.170.95.49,ipv4,web-brute-force,high,WHITE,blocklist.de/bruteforcelogin|blocklist.de/all|blocklist.de/apache|ziyadnz/hourly-ipv4,blocklist.de|wordpress|joomla|brute-force|bot|irc-bot|apache|rfi|ddos|ziyadnz|hourly,2026-08-17T18:48:05Z,2026-08-17T18:48:05Z,
51.79.194.123,ipv4,web-brute-force,high,WHITE,blocklist.de/bruteforcelogin|blocklist.de/all|blocklist.de/apache|ziyadnz/hourly-ipv4,blocklist.de|wordpress|joomla|brute-force|bot|irc-bot|apache|rfi|ddos|ziyadnz|hourly,2026-08-17T18:48:05Z,2026-08-17T18:48:05Z,
52.139.47.57,ipv4,web-brute-force,high,WHITE,blocklist.de/bruteforcelogin|blocklist.de/all|blocklist.de/apache|ziyadnz/hourly-ipv4,blocklist.de|wordpress|joomla|brute-force|bot|irc-bot|apache|rfi|ddos|ziyadnz|hourly,2026-08-17T18:48:05Z,2026-08-17T18:48:05Z,
52.141.58.175,ipv4,web-brute-force,high,WHITE,blocklist.de/bruteforcelogin|blocklist.de/all|blocklist.de/apache|ziyadnz/hourly-ipv4,blocklist.de|wordpress|joomla|brute-force|bot|irc-bot|apache|rfi|ddos|ziyadnz|hourly,2026-08-17T18:48:05Z,2026-08-17T18:48:05Z,
58.136.109.66,ipv4,web-brute-force,high,WHITE,blocklist.de/bruteforcelogin|blocklist.de/all|blocklist.de/apache|ziyadnz/hourly-ipv4,blocklist.de|wordpress|joomla|brute-force|bot|irc-bot|apache|rfi|ddos|ziyadnz|hourly,2026-08-17T18:48:05Z,2026-08-17T18:48:05Z,
58.221.128.102,ipv4,web-brute-force,high,WHITE,blocklist.de/bruteforcelogin|blocklist.de/all|blocklist.de/apache|ziyadnz/hourly-ipv4,blocklist.de|wordpress|joomla|brute-force|bot|irc-bot|apache|rfi|ddos|ziyadnz|hourly,2026-08-17T18:48:05Z,2026-08-17T18:48:05Z,
59.103.102.126,ipv4,web-brute-force,high,WHITE,blocklist.de/bruteforcelogin|blocklist.de/all|blocklist.de/apache|ziyadnz/hourly-ipv4,blocklist.de|wordpress|joomla|brute-force|bot|irc-bot|apache|rfi|ddos|ziyadnz|hourly,2026-08-17T18:48:05Z,2026-08-17T18:48:05Z,
59.93.9.11,ipv4,web-brute-force,high,WHITE,blocklist.de/bruteforcelogin|blocklist.de/all|blocklist.de/apache|ziyadnz/hourly-ipv4,blocklist.de|wordpress|joomla|brute-force|bot|irc-bot|apache|rfi|ddos|ziyadnz|hourly,2026-08-17T18:48:05Z,2026-08-17T18:48:05Z,
60.111.52.180,ipv4,web-brute-force,high,WHITE,blocklist.de/bruteforcelogin|blocklist.de/all|blocklist.de/apache|ziyadnz/hourly-ipv4,blocklist.de|wordpress|joomla|brute-force|bot|irc-bot|apache|rfi|ddos|ziyadnz|hourly,2026-08-17T18:48:05Z,2026-08-17T18:48:05Z,
61.0.226.100,ipv4,web-brute-force,high,WHITE,blocklist.de/bruteforcelogin|blocklist.de/all|blocklist.de/apache|ziyadnz/hourly-ipv4,blocklist.de|wordpress|joomla|brute-force|bot|irc-bot|apache|rfi|ddos|ziyadnz|hourly,2026-08-17T18:48:05Z,2026-08-17T18:48:05Z,
62.164.177.222,ipv4,web-brute-force,high,WHITE,blocklist.de/bruteforcelogin|blocklist.de/all|blocklist.de/apache|ziyadnz/hourly-ipv4,blocklist.de|wordpress|joomla|brute-force|bot|irc-bot|apache|rfi|ddos|ziyadnz|hourly,2026-08-17T18:48:05Z,2026-08-17T18:48:05Z,
62.60.130.142,ipv4,web-brute-force,high,WHITE,blocklist.de/bruteforcelogin|blocklist.de/all|blocklist.de/apache|ziyadnz/hourly-ipv4,blocklist.de|wordpress|joomla|brute-force|bot|irc-bot|apache|rfi|ddos|ziyadnz|hourly,2026-08-17T18:48:05Z,2026-08-17T18:48:05Z,
64.227.182.232,ipv4,web-brute-force,high,WHITE,blocklist.de/bruteforcelogin|blocklist.de/all|blocklist.de/apache|ziyadnz/hourly-ipv4,blocklist.de|wordpress|joomla|brute-force|bot|irc-bot|apache|rfi|ddos|ziyadnz|hourly,2026-08-17T18:48:05Z,2026-08-17T18:48:05Z,
64.23.168.69,ipv4,web-brute-force,high,WHITE,blocklist.de/bruteforcelogin|blocklist.de/all|blocklist.de/apache|ziyadnz/hourly-ipv4,blocklist.de|wordpress|joomla|brute-force|bot|irc-bot|apache|rfi|ddos|ziyadnz|hourly,2026-08-17T18:48:05Z,2026-08-17T18:48:05Z,
64.23.218.208,ipv4,web-brute-force,high,WHITE,blocklist.de/bruteforcelogin|blocklist.de/all|blocklist.de/apache|ziyadnz/hourly-ipv4,blocklist.de|wordpress|joomla|brute-force|bot|irc-bot|apache|rfi|ddos|ziyadnz|hourly,2026-08-17T18:48:05Z,2026-08-17T18:48:05Z,
64.236.142.89,ipv4,web-brute-force,high,WHITE,blocklist.de/bruteforcelogin|blocklist.de/all|blocklist.de/apache|ziyadnz/hourly-ipv4,blocklist.de|wordpress|joomla|brute-force|bot|irc-bot|apache|rfi|ddos|ziyadnz|hourly,2026-08-17T18:48:05Z,2026-08-17T18:48:05Z,
64.89.160.73,ipv4,web-brute-force,high,WHITE,blocklist.de/bruteforcelogin|blocklist.de/all|blocklist.de/apache|ziyadnz/hourly-ipv4,blocklist.de|wordpress|joomla|brute-force|bot|irc-bot|apache|rfi|ddos|ziyadnz|hourly,2026-08-17T18:48:05Z,2026-08-17T18:48:05Z,
64.89.161.82,ipv4,web-brute-force,high,WHITE,blocklist.de/bruteforcelogin|blocklist.de/all|blocklist.de/apache|ziyadnz/hourly-ipv4,blocklist.de|wordpress|joomla|brute-force|bot|irc-bot|apache|rfi|ddos|ziyadnz|hourly,2026-08-17T18:48:05Z,2026-08-17T18:48:05Z,
64.89.162.181,ipv4,web-brute-force,high,WHITE,blocklist.de/bruteforcelogin|blocklist.de/all|blocklist.de/apache|ziyadnz/hourly-ipv4,blocklist.de|wordpress|joomla|brute-force|bot|irc-bot|apache|rfi|ddos|ziyadnz|hourly,2026-08-17T18:48:05Z,2026-08-17T18:48:05Z,
64.89.163.228,ipv4,web-brute-force,high,WHITE,blocklist.de/bruteforcelogin|blocklist.de/all|blocklist.de/apache|ziyadnz/hourly-ipv4,blocklist.de|wordpress|joomla|brute-force|bot|irc-bot|apache|rfi|ddos|ziyadnz|hourly,2026-08-17T18:48:05Z,2026-08-17T18:48:05Z,
64.89.163.68,ipv4,web-brute-force,high,WHITE,blocklist.de/bruteforcelogin|blocklist.de/all|blocklist.de/apache|ziyadnz/hourly-ipv4,blocklist.de|wordpress|joomla|brute-force|bot|irc-bot|apache|rfi|ddos|ziyadnz|hourly,2026-08-17T18:48:05Z,2026-08-17T18:48:05Z,
65.181.111.175,ipv4,web-brute-force,high,WHITE,blocklist.de/bruteforcelogin|blocklist.de/all|blocklist.de/apache|ziyadnz/hourly-ipv4,blocklist.de|wordpress|joomla|brute-force|bot|irc-bot|apache|rfi|ddos|ziyadnz|hourly,2026-08-17T18:48:05Z,2026-08-17T18:48:05Z,
65.21.108.4,ipv4,web-brute-force,high,WHITE,blocklist.de/bruteforcelogin|blocklist.de/all|blocklist.de/apache|ziyadnz/hourly-ipv4,blocklist.de|wordpress|joomla|brute-force|bot|irc-bot|apache|rfi|ddos|ziyadnz|hourly,2026-08-17T18:48:05Z,2026-08-17T18:48:05Z,
66.102.134.13,ipv4,web-brute-force,high,WHITE,blocklist.de/bruteforcelogin|blocklist.de/all|blocklist.de/apache|ziyadnz/hourly-ipv4,blocklist.de|wordpress|joomla|brute-force|bot|irc-bot|apache|rfi|ddos|ziyadnz|hourly,2026-08-17T18:48:05Z,2026-08-17T18:48:05Z,
67.205.129.254,ipv4,web-brute-force,high,WHITE,blocklist.de/bruteforcelogin|blocklist.de/all|blocklist.de/apache|ziyadnz/hourly-ipv4,blocklist.de|wordpress|joomla|brute-force|bot|irc-bot|apache|rfi|ddos|ziyadnz|hourly,2026-08-17T18:48:05Z,2026-08-17T18:48:05Z,
68.155.153.139,ipv4,web-brute-force,high,WHITE,blocklist.de/bruteforcelogin|blocklist.de/all|blocklist.de/apache|ziyadnz/hourly-ipv4,blocklist.de|wordpress|joomla|brute-force|bot|irc-bot|apache|rfi|ddos|ziyadnz|hourly,2026-08-17T18:48:05Z,2026-08-17T18:48:05Z,
68.155.154.146,ipv4,web-brute-force,high,WHITE,blocklist.de/bruteforcelogin|blocklist.de/all|blocklist.de/apache|ziyadnz/hourly-ipv4,blocklist.de|wordpress|joomla|brute-force|bot|irc-bot|apache|rfi|ddos|ziyadnz|hourly,2026-08-17T18:48:05Z,2026-08-17T18:48:05Z,
68.155.156.252,ipv4,web-brute-force,high,WHITE,blocklist.de/bruteforcelogin|blocklist.de/all|blocklist.de/apache|ziyadnz/hourly-ipv4,blocklist.de|wordpress|joomla|brute-force|bot|irc-bot|apache|rfi|ddos|ziyadnz|hourly,2026-08-17T18:48:05Z,2026-08-17T18:48:05Z,
68.178.165.65,ipv4,web-brute-force,high,WHITE,blocklist.de/bruteforcelogin|blocklist.de/all|blocklist.de/apache|ziyadnz/hourly-ipv4,blocklist.de|wordpress|joomla|brute-force|bot|irc-bot|apache|rfi|ddos|ziyadnz|hourly,2026-08-17T18:48:05Z,2026-08-17T18:48:05Z,
68.183.137.69,ipv4,web-brute-force,high,WHITE,blocklist.de/bruteforcelogin|blocklist.de/all|blocklist.de/apache|ziyadnz/hourly-ipv4,blocklist.de|wordpress|joomla|brute-force|bot|irc-bot|apache|rfi|ddos|ziyadnz|hourly,2026-08-17T18:48:05Z,2026-08-17T18:48:05Z,
69.30.231.90,ipv4,web-brute-force,high,WHITE,blocklist.de/bruteforcelogin|blocklist.de/all|blocklist.de/apache|ziyadnz/hourly-ipv4,blocklist.de|wordpress|joomla|brute-force|bot|irc-bot|apache|rfi|ddos|ziyadnz|hourly,2026-08-17T18:48:05Z,2026-08-17T18:48:05Z,
72.146.2.52,ipv4,web-brute-force,high,WHITE,blocklist.de/bruteforcelogin|blocklist.de/all|blocklist.de/apache|ziyadnz/hourly-ipv4,blocklist.de|wordpress|joomla|brute-force|bot|irc-bot|apache|rfi|ddos|ziyadnz|hourly,2026-08-17T18:48:05Z,2026-08-17T18:48:05Z,
72.167.40.62,ipv4,web-brute-force,high,WHITE,blocklist.de/bruteforcelogin|blocklist.de/all|blocklist.de/apache|ziyadnz/hourly-ipv4,blocklist.de|wordpress|joomla|brute-force|bot|irc-bot|apache|rfi|ddos|ziyadnz|hourly,2026-08-17T18:48:05Z,2026-08-17T18:48:05Z,
74.208.195.25,ipv4,web-brute-force,high,WHITE,blocklist.de/bruteforcelogin|blocklist.de/all|blocklist.de/apache|ziyadnz/hourly-ipv4,blocklist.de|wordpress|joomla|brute-force|bot|irc-bot|apache|rfi|ddos|ziyadnz|hourly,2026-08-17T18:48:05Z,2026-08-17T18:48:05Z,
74.248.133.44,ipv4,web-brute-force,high,WHITE,blocklist.de/bruteforcelogin|blocklist.de/all|blocklist.de/apache|ziyadnz/hourly-ipv4,blocklist.de|wordpress|joomla|brute-force|bot|irc-bot|apache|rfi|ddos|ziyadnz|hourly,2026-08-17T18:48:05Z,2026-08-17T18:48:05Z,
74.248.136.165,ipv4,web-brute-force,high,WHITE,blocklist.de/bruteforcelogin|blocklist.de/all|blocklist.de/apache|ziyadnz/hourly-ipv4,blocklist.de|wordpress|joomla|brute-force|bot|irc-bot|apache|rfi|ddos|ziyadnz|hourly,2026-08-17T18:48:05Z,2026-08-17T18:48:05Z,
74.248.18.37,ipv4,web-brute-force,high,WHITE,blocklist.de/bruteforcelogin|blocklist.de/all|blocklist.de/apache|ziyadnz/hourly-ipv4,blocklist.de|wordpress|joomla|brute-force|bot|irc-bot|apache|rfi|ddos|ziyadnz|hourly,2026-08-17T18:48:05Z,2026-08-17T18:48:05Z,
74.7.227.21,ipv4,web-brute-force,high,WHITE,blocklist.de/bruteforcelogin|blocklist.de/all|blocklist.de/apache|ziyadnz/hourly-ipv4,blocklist.de|wordpress|joomla|brute-force|bot|irc-bot|apache|rfi|ddos|ziyadnz|hourly,2026-08-17T18:48:05Z,2026-08-17T18:48:05Z,
77.90.185.129,ipv4,web-brute-force,high,WHITE,blocklist.de/bruteforcelogin|blocklist.de/all|blocklist.de/apache|ziyadnz/hourly-ipv4,blocklist.de|wordpress|joomla|brute-force|bot|irc-bot|apache|rfi|ddos|ziyadnz|hourly,2026-08-17T18:48:05Z,2026-08-17T18:48:05Z,
77.93.108.21,ipv4,web-brute-force,high,WHITE,blocklist.de/bruteforcelogin|blocklist.de/all|blocklist.de/apache|ziyadnz/hourly-ipv4,blocklist.de|wordpress|joomla|brute-force|bot|irc-bot|apache|rfi|ddos|ziyadnz|hourly,2026-08-17T18:48:05Z,2026-08-17T18:48:05Z,
78.171.135.50,ipv4,web-brute-force,high,WHITE,blocklist.de/bruteforcelogin|blocklist.de/all|blocklist.de/apache|ziyadnz/hourly-ipv4,blocklist.de|wordpress|joomla|brute-force|bot|irc-bot|apache|rfi|ddos|ziyadnz|hourly,2026-08-17T18:48:05Z,2026-08-17T18:48:05Z,
78.176.97.139,ipv4,web-brute-force,high,WHITE,blocklist.de/bruteforcelogin|blocklist.de/all|blocklist.de/apache|ziyadnz/hourly-ipv4,blocklist.de|wordpress|joomla|brute-force|bot|irc-bot|apache|rfi|ddos|ziyadnz|hourly,2026-08-17T18:48:05Z,2026-08-17T18:48:05Z,
79.116.218.202,ipv4,web-brute-force,high,WHITE,blocklist.de/bruteforcelogin|blocklist.de/all|blocklist.de/apache|ziyadnz/hourly-ipv4,blocklist.de|wordpress|joomla|brute-force|bot|irc-bot|apache|rfi|ddos|ziyadnz|hourly,2026-08-17T18:48:05Z,2026-08-17T18:48:05Z,
8.229.131.24,ipv4,web-brute-force,high,WHITE,blocklist.de/bruteforcelogin|blocklist.de/all|blocklist.de/apache|ziyadnz/hourly-ipv4,blocklist.de|wordpress|joomla|brute-force|bot|irc-bot|apache|rfi|ddos|ziyadnz|hourly,2026-08-17T18:48:05Z,2026-08-17T18:48:05Z,
8.229.228.36,ipv4,web-brute-force,high,WHITE,blocklist.de/bruteforcelogin|blocklist.de/all|blocklist.de/apache|ziyadnz/hourly-ipv4,blocklist.de|wordpress|joomla|brute-force|bot|irc-bot|apache|rfi|ddos|ziyadnz|hourly,2026-08-17T18:48:05Z,2026-08-17T18:48:05Z,
8.231.172.226,ipv4,web-brute-force,high,WHITE,blocklist.de/bruteforcelogin|blocklist.de/all|blocklist.de/apache|ziyadnz/hourly-ipv4,blocklist.de|wordpress|joomla|brute-force|bot|irc-bot|apache|rfi|ddos|ziyadnz|hourly,2026-08-17T18:48:05Z,2026-08-17T18:48:05Z,
8.231.177.222,ipv4,web-brute-force,high,WHITE,blocklist.de/bruteforcelogin|blocklist.de/all|blocklist.de/apache|ziyadnz/hourly-ipv4,blocklist.de|wordpress|joomla|brute-force|bot|irc-bot|apache|rfi|ddos|ziyadnz|hourly,2026-08-17T18:48:05Z,2026-08-17T18:48:05Z,
8.231.182.113,ipv4,web-brute-force,high,WHITE,blocklist.de/bruteforcelogin|blocklist.de/all|blocklist.de/apache|ziyadnz/hourly-ipv4,blocklist.de|wordpress|joomla|brute-force|bot|irc-bot|apache|rfi|ddos|ziyadnz|hourly,2026-08-17T18:48:05Z,2026-08-17T18:48:05Z,
8.231.55.149,ipv4,web-brute-force,high,WHITE,blocklist.de/bruteforcelogin|blocklist.de/all|blocklist.de/apache|ziyadnz/hourly-ipv4,blocklist.de|wordpress|joomla|brute-force|bot|irc-bot|apache|rfi|ddos|ziyadnz|hourly,2026-08-17T18:48:05Z,2026-08-17T18:48:05Z,
8.234.229.136,ipv4,web-brute-force,high,WHITE,blocklist.de/bruteforcelogin|blocklist.de/all|blocklist.de/apache|ziyadnz/hourly-ipv4,blocklist.de|wordpress|joomla|brute-force|bot|irc-bot|apache|rfi|ddos|ziyadnz|hourly,2026-08-17T18:48:05Z,2026-08-17T18:48:05Z,
8.235.101.137,ipv4,web-brute-force,high,WHITE,blocklist.de/bruteforcelogin|blocklist.de/all|blocklist.de/apache|ziyadnz/hourly-ipv4,blocklist.de|wordpress|joomla|brute-force|bot|irc-bot|apache|rfi|ddos|ziyadnz|hourly,2026-08-17T18:48:05Z,2026-08-17T18:48:05Z,
8.235.106.151,ipv4,web-brute-force,high,WHITE,blocklist.de/bruteforcelogin|blocklist.de/all|blocklist.de/apache|ziyadnz/hourly-ipv4,blocklist.de|wordpress|joomla|brute-force|bot|irc-bot|apache|rfi|ddos|ziyadnz|hourly,2026-08-17T18:48:05Z,2026-08-17T18:48:05Z,
8.29.155.129,ipv4,web-brute-force,high,WHITE,blocklist.de/bruteforcelogin|blocklist.de/all|blocklist.de/apache|ziyadnz/hourly-ipv4,blocklist.de|wordpress|joomla|brute-force|bot|irc-bot|apache|rfi|ddos|ziyadnz|hourly,2026-08-17T18:48:05Z,2026-08-17T18:48:05Z,
80.190.83.51,ipv4,web-brute-force,high,WHITE,blocklist.de/bruteforcelogin|blocklist.de/all|blocklist.de/apache|ziyadnz/hourly-ipv4,blocklist.de|wordpress|joomla|brute-force|bot|irc-bot|apache|rfi|ddos|ziyadnz|hourly,2026-08-17T18:48:05Z,2026-08-17T18:48:05Z,
80.94.95.211,ipv4,web-brute-force,high,WHITE,blocklist.de/bruteforcelogin|blocklist.de/all|blocklist.de/apache|ziyadnz/hourly-ipv4,blocklist.de|wordpress|joomla|brute-force|bot|irc-bot|apache|rfi|ddos|ziyadnz|hourly,2026-08-17T18:48:05Z,2026-08-17T18:48:05Z,
81.42.249.72,ipv4,web-brute-force,high,WHITE,blocklist.de/bruteforcelogin|blocklist.de/all|blocklist.de/apache|ziyadnz/hourly-ipv4,blocklist.de|wordpress|joomla|brute-force|bot|irc-bot|apache|rfi|ddos|ziyadnz|hourly,2026-08-17T18:48:05Z,2026-08-17T18:48:05Z,
81.56.199.28,ipv4,web-brute-force,high,WHITE,blocklist.de/bruteforcelogin|blocklist.de/all|blocklist.de/apache|ziyadnz/hourly-ipv4,blocklist.de|wordpress|joomla|brute-force|bot|irc-bot|apache|rfi|ddos|ziyadnz|hourly,2026-08-17T18:48:05Z,2026-08-17T18:48:05Z,
82.102.18.116,ipv4,web-brute-force,high,WHITE,blocklist.de/bruteforcelogin|blocklist.de/all|blocklist.de/apache|ziyadnz/hourly-ipv4,blocklist.de|wordpress|joomla|brute-force|bot|irc-bot|apache|rfi|ddos|ziyadnz|hourly,2026-08-17T18:48:05Z,2026-08-17T18:48:05Z,
82.102.18.118,ipv4,web-brute-force,high,WHITE,blocklist.de/bruteforcelogin|blocklist.de/all|blocklist.de/apache|ziyadnz/hourly-ipv4,blocklist.de|wordpress|joomla|brute-force|bot|irc-bot|apache|rfi|ddos|ziyadnz|hourly,2026-08-17T18:48:05Z,2026-08-17T18:48:05Z,
82.102.18.126,ipv4,web-brute-force,high,WHITE,blocklist.de/bruteforcelogin|blocklist.de/all|blocklist.de/apache|ziyadnz/hourly-ipv4,blocklist.de|wordpress|joomla|brute-force|bot|irc-bot|apache|rfi|ddos|ziyadnz|hourly,2026-08-17T18:48:05Z,2026-08-17T18:48:05Z,
82.102.18.180,ipv4,web-brute-force,high,WHITE,blocklist.de/bruteforcelogin|blocklist.de/all|blocklist.de/apache|ziyadnz/hourly-ipv4,blocklist.de|wordpress|joomla|brute-force|bot|irc-bot|apache|rfi|ddos|ziyadnz|hourly,2026-08-17T18:48:05Z,2026-08-17T18:48:05Z,
82.102.18.188,ipv4,web-brute-force,high,WHITE,blocklist.de/bruteforcelogin|blocklist.de/all|blocklist.de/apache|ziyadnz/hourly-ipv4,blocklist.de|wordpress|joomla|brute-force|bot|irc-bot|apache|rfi|ddos|ziyadnz|hourly,2026-08-17T18:48:05Z,2026-08-17T18:48:05Z,
82.102.18.190,ipv4,web-brute-force,high,WHITE,blocklist.de/bruteforcelogin|blocklist.de/all|blocklist.de/apache|ziyadnz/hourly-ipv4,blocklist.de|wordpress|joomla|brute-force|bot|irc-bot|apache|rfi|ddos|ziyadnz|hourly,2026-08-17T18:48:05Z,2026-08-17T18:48:05Z,
82.102.18.220,ipv4,web-brute-force,high,WHITE,blocklist.de/bruteforcelogin|blocklist.de/all|blocklist.de/apache|ziyadnz/hourly-ipv4,blocklist.de|wordpress|joomla|brute-force|bot|irc-bot|apache|rfi|ddos|ziyadnz|hourly,2026-08-17T18:48:05Z,2026-08-17T18:48:05Z,
82.102.18.222,ipv4,web-brute-force,high,WHITE,blocklist.de/bruteforcelogin|blocklist.de/all|blocklist.de/apache|ziyadnz/hourly-ipv4,blocklist.de|wordpress|joomla|brute-force|bot|irc-bot|apache|rfi|ddos|ziyadnz|hourly,2026-08-17T18:48:05Z,2026-08-17T18:48:05Z,
82.153.138.57,ipv4,web-brute-force,high,WHITE,blocklist.de/bruteforcelogin|blocklist.de/all|blocklist.de/apache|ziyadnz/hourly-ipv4,blocklist.de|wordpress|joomla|brute-force|bot|irc-bot|apache|rfi|ddos|ziyadnz|hourly,2026-08-17T18:48:05Z,2026-08-17T18:48:05Z,
82.213.47.180,ipv4,web-brute-force,high,WHITE,blocklist.de/bruteforcelogin|blocklist.de/all|blocklist.de/apache|ziyadnz/hourly-ipv4,blocklist.de|wordpress|joomla|brute-force|bot|irc-bot|apache|rfi|ddos|ziyadnz|hourly,2026-08-17T18:48:05Z,2026-08-17T18:48:05Z,
83.228.225.107,ipv4,web-brute-force,high,WHITE,blocklist.de/bruteforcelogin|blocklist.de/all|blocklist.de/apache|ziyadnz/hourly-ipv4,blocklist.de|wordpress|joomla|brute-force|bot|irc-bot|apache|rfi|ddos|ziyadnz|hourly,2026-08-17T18:48:05Z,2026-08-17T18:48:05Z,
84.17.60.236,ipv4,web-brute-force,high,WHITE,blocklist.de/bruteforcelogin|blocklist.de/all|blocklist.de/apache|ziyadnz/hourly-ipv4,blocklist.de|wordpress|joomla|brute-force|bot|irc-bot|apache|rfi|ddos|ziyadnz|hourly,2026-08-17T18:48:05Z,2026-08-17T18:48:05Z,
84.17.60.251,ipv4,web-brute-force,high,WHITE,blocklist.de/bruteforcelogin|blocklist.de/all|blocklist.de/apache|ziyadnz/hourly-ipv4,blocklist.de|wordpress|joomla|brute-force|bot|irc-bot|apache|rfi|ddos|ziyadnz|hourly,2026-08-17T18:48:05Z,2026-08-17T18:48:05Z,
85.204.70.104,ipv4,web-brute-force,high,WHITE,blocklist.de/bruteforcelogin|blocklist.de/all|blocklist.de/apache|ziyadnz/hourly-ipv4,blocklist.de|wordpress|joomla|brute-force|bot|irc-bot|apache|rfi|ddos|ziyadnz|hourly,2026-08-17T18:48:05Z,2026-08-17T18:48:05Z,
85.204.70.114,ipv4,web-brute-force,high,WHITE,blocklist.de/bruteforcelogin|blocklist.de/all|blocklist.de/apache|ziyadnz/hourly-ipv4,blocklist.de|wordpress|joomla|brute-force|bot|irc-bot|apache|rfi|ddos|ziyadnz|hourly,2026-08-17T18:48:05Z,2026-08-17T18:48:05Z,
85.204.70.116,ipv4,web-brute-force,high,WHITE,blocklist.de/bruteforcelogin|blocklist.de/all|blocklist.de/apache|ziyadnz/hourly-ipv4,blocklist.de|wordpress|joomla|brute-force|bot|irc-bot|apache|rfi|ddos|ziyadnz|hourly,2026-08-17T18:48:05Z,2026-08-17T18:48:05Z,
85.204.70.90,ipv4,web-brute-force,high,WHITE,blocklist.de/bruteforcelogin|blocklist.de/all|blocklist.de/apache|ziyadnz/hourly-ipv4,blocklist.de|wordpress|joomla|brute-force|bot|irc-bot|apache|rfi|ddos|ziyadnz|hourly,2026-08-17T18:48:05Z,2026-08-17T18:48:05Z,
85.204.70.92,ipv4,web-brute-force,high,WHITE,blocklist.de/bruteforcelogin|blocklist.de/all|blocklist.de/apache|ziyadnz/hourly-ipv4,blocklist.de|wordpress|joomla|brute-force|bot|irc-bot|apache|rfi|ddos|ziyadnz|hourly,2026-08-17T18:48:05Z,2026-08-17T18:48:05Z,
85.204.70.94,ipv4,web-brute-force,high,WHITE,blocklist.de/bruteforcelogin|blocklist.de/all|blocklist.de/apache|ziyadnz/hourly-ipv4,blocklist.de|wordpress|joomla|brute-force|bot|irc-bot|apache|rfi|ddos|ziyadnz|hourly,2026-08-17T18:48:05Z,2026-08-17T18:48:05Z,
85.204.70.96,ipv4,web-brute-force,high,WHITE,blocklist.de/bruteforcelogin|blocklist.de/all|blocklist.de/apache|ziyadnz/hourly-ipv4,blocklist.de|wordpress|joomla|brute-force|bot|irc-bot|apache|rfi|ddos|ziyadnz|hourly,2026-08-17T18:48:05Z,2026-08-17T18:48:05Z,
86.98.18.139,ipv4,web-brute-force,high,WHITE,blocklist.de/bruteforcelogin|blocklist.de/all|blocklist.de/apache|ziyadnz/hourly-ipv4,blocklist.de|wordpress|joomla|brute-force|bot|irc-bot|apache|rfi|ddos|ziyadnz|hourly,2026-08-17T18:48:05Z,2026-08-17T18:48:05Z,
88.130.65.151,ipv4,web-brute-force,high,WHITE,blocklist.de/bruteforcelogin|blocklist.de/all|blocklist.de/apache|ziyadnz/hourly-ipv4,blocklist.de|wordpress|joomla|brute-force|bot|irc-bot|apache|rfi|ddos|ziyadnz|hourly,2026-08-17T18:48:05Z,2026-08-17T18:48:05Z,
88.151.32.7,ipv4,web-brute-force,high,WHITE,blocklist.de/bruteforcelogin|blocklist.de/all|blocklist.de/apache|ziyadnz/hourly-ipv4,blocklist.de|wordpress|joomla|brute-force|bot|irc-bot|apache|rfi|ddos|ziyadnz|hourly,2026-08-17T18:48:05Z,2026-08-17T18:48:05Z,
88.201.117.207,ipv4,web-brute-force,high,WHITE,blocklist.de/bruteforcelogin|blocklist.de/all|blocklist.de/apache|ziyadnz/hourly-ipv4,blocklist.de|wordpress|joomla|brute-force|bot|irc-bot|apache|rfi|ddos|ziyadnz|hourly,2026-08-17T18:48:05Z,2026-08-17T18:48:05Z,
88.207.209.14,ipv4,web-brute-force,high,WHITE,blocklist.de/bruteforcelogin|blocklist.de/all|blocklist.de/apache|ziyadnz/hourly-ipv4,blocklist.de|wordpress|joomla|brute-force|bot|irc-bot|apache|rfi|ddos|ziyadnz|hourly,2026-08-17T18:48:05Z,2026-08-17T18:48:05Z,
88.230.58.244,ipv4,web-brute-force,high,WHITE,blocklist.de/bruteforcelogin|blocklist.de/all|blocklist.de/apache|ziyadnz/hourly-ipv4,blocklist.de|wordpress|joomla|brute-force|bot|irc-bot|apache|rfi|ddos|ziyadnz|hourly,2026-08-17T18:48:05Z,2026-08-17T18:48:05Z,
88.230.61.137,ipv4,web-brute-force,high,WHITE,blocklist.de/bruteforcelogin|blocklist.de/all|blocklist.de/apache|ziyadnz/hourly-ipv4,blocklist.de|wordpress|joomla|brute-force|bot|irc-bot|apache|rfi|ddos|ziyadnz|hourly,2026-08-17T18:48:05Z,2026-08-17T18:48:05Z,
88.99.104.138,ipv4,web-brute-force,high,WHITE,blocklist.de/bruteforcelogin|blocklist.de/all|blocklist.de/apache|ziyadnz/hourly-ipv4,blocklist.de|wordpress|joomla|brute-force|bot|irc-bot|apache|rfi|ddos|ziyadnz|hourly,2026-08-17T18:48:05Z,2026-08-17T18:48:05Z,
89.38.99.13,ipv4,web-brute-force,high,WHITE,blocklist.de/bruteforcelogin|blocklist.de/all|blocklist.de/apache|ziyadnz/hourly-ipv4,blocklist.de|wordpress|joomla|brute-force|bot|irc-bot|apache|rfi|ddos|ziyadnz|hourly,2026-08-17T18:48:05Z,2026-08-17T18:48:05Z,
90.210.40.49,ipv4,web-brute-force,high,WHITE,blocklist.de/bruteforcelogin|blocklist.de/all|blocklist.de/apache|ziyadnz/hourly-ipv4,blocklist.de|wordpress|joomla|brute-force|bot|irc-bot|apache|rfi|ddos|ziyadnz|hourly,2026-08-17T18:48:05Z,2026-08-17T18:48:05Z,
91.193.232.104,ipv4,web-brute-force,high,WHITE,blocklist.de/bruteforcelogin|blocklist.de/all|blocklist.de/apache|ziyadnz/hourly-ipv4,blocklist.de|wordpress|joomla|brute-force|bot|irc-bot|apache|rfi|ddos|ziyadnz|hourly,2026-08-17T18:48:05Z,2026-08-17T18:48:05Z,
91.193.232.105,ipv4,web-brute-force,high,WHITE,blocklist.de/bruteforcelogin|blocklist.de/all|blocklist.de/apache|ziyadnz/hourly-ipv4,blocklist.de|wordpress|joomla|brute-force|bot|irc-bot|apache|rfi|ddos|ziyadnz|hourly,2026-08-17T18:48:05Z,2026-08-17T18:48:05Z,
91.193.232.106,ipv4,web-brute-force,high,WHITE,blocklist.de/bruteforcelogin|blocklist.de/all|blocklist.de/apache|ziyadnz/hourly-ipv4,blocklist.de|wordpress|joomla|brute-force|bot|irc-bot|apache|rfi|ddos|ziyadnz|hourly,2026-08-17T18:48:05Z,2026-08-17T18:48:05Z,
91.193.232.107,ipv4,web-brute-force,high,WHITE,blocklist.de/bruteforcelogin|blocklist.de/all|blocklist.de/apache|ziyadnz/hourly-ipv4,blocklist.de|wordpress|joomla|brute-force|bot|irc-bot|apache|rfi|ddos|ziyadnz|hourly,2026-08-17T18:48:05Z,2026-08-17T18:48:05Z,
91.193.232.108,ipv4,web-brute-force,high,WHITE,blocklist.de/bruteforcelogin|blocklist.de/all|blocklist.de/apache|ziyadnz/hourly-ipv4,blocklist.de|wordpress|joomla|brute-force|bot|irc-bot|apache|rfi|ddos|ziyadnz|hourly,2026-08-17T18:48:05Z,2026-08-17T18:48:05Z,
91.193.232.109,ipv4,web-brute-force,high,WHITE,blocklist.de/bruteforcelogin|blocklist.de/all|blocklist.de/apache|ziyadnz/hourly-ipv4,blocklist.de|wordpress|joomla|brute-force|bot|irc-bot|apache|rfi|ddos|ziyadnz|hourly,2026-08-17T18:48:05Z,2026-08-17T18:48:05Z,
91.193.232.110,ipv4,web-brute-force,high,WHITE,blocklist.de/bruteforcelogin|blocklist.de/all|blocklist.de/apache|ziyadnz/hourly-ipv4,blocklist.de|wordpress|joomla|brute-force|bot|irc-bot|apache|rfi|ddos|ziyadnz|hourly,2026-08-17T18:48:05Z,2026-08-17T18:48:05Z,
91.193.232.113,ipv4,web-brute-force,high,WHITE,blocklist.de/bruteforcelogin|blocklist.de/all|blocklist.de/apache|ziyadnz/hourly-ipv4,blocklist.de|wordpress|joomla|brute-force|bot|irc-bot|apache|rfi|ddos|ziyadnz|hourly,2026-08-17T18:48:05Z,2026-08-17T18:48:05Z,
91.193.232.114,ipv4,web-brute-force,high,WHITE,blocklist.de/bruteforcelogin|blocklist.de/all|blocklist.de/apache|ziyadnz/hourly-ipv4,blocklist.de|wordpress|joomla|brute-force|bot|irc-bot|apache|rfi|ddos|ziyadnz|hourly,2026-08-17T18:48:05Z,2026-08-17T18:48:05Z,
91.193.232.115,ipv4,web-brute-force,high,WHITE,blocklist.de/bruteforcelogin|blocklist.de/all|blocklist.de/apache|ziyadnz/hourly-ipv4,blocklist.de|wordpress|joomla|brute-force|bot|irc-bot|apache|rfi|ddos|ziyadnz|hourly,2026-08-17T18:48:05Z,2026-08-17T18:48:05Z,
91.193.232.117,ipv4,web-brute-force,high,WHITE,blocklist.de/bruteforcelogin|blocklist.de/all|blocklist.de/apache|ziyadnz/hourly-ipv4,blocklist.de|wordpress|joomla|brute-force|bot|irc-bot|apache|rfi|ddos|ziyadnz|hourly,2026-08-17T18:48:05Z,2026-08-17T18:48:05Z,
91.193.232.118,ipv4,web-brute-force,high,WHITE,blocklist.de/bruteforcelogin|blocklist.de/all|blocklist.de/apache|ziyadnz/hourly-ipv4,blocklist.de|wordpress|joomla|brute-force|bot|irc-bot|apache|rfi|ddos|ziyadnz|hourly,2026-08-17T18:48:05Z,2026-08-17T18:48:05Z,
91.193.232.120,ipv4,web-brute-force,high,WHITE,blocklist.de/bruteforcelogin|blocklist.de/all|blocklist.de/apache|ziyadnz/hourly-ipv4,blocklist.de|wordpress|joomla|brute-force|bot|irc-bot|apache|rfi|ddos|ziyadnz|hourly,2026-08-17T18:48:05Z,2026-08-17T18:48:05Z,
91.193.232.121,ipv4,web-brute-force,high,WHITE,blocklist.de/bruteforcelogin|blocklist.de/all|blocklist.de/apache|ziyadnz/hourly-ipv4,blocklist.de|wordpress|joomla|brute-force|bot|irc-bot|apache|rfi|ddos|ziyadnz|hourly,2026-08-17T18:48:05Z,2026-08-17T18:48:05Z,
91.193.232.122,ipv4,web-brute-force,high,WHITE,blocklist.de/bruteforcelogin|blocklist.de/all|blocklist.de/apache|ziyadnz/hourly-ipv4,blocklist.de|wordpress|joomla|brute-force|bot|irc-bot|apache|rfi|ddos|ziyadnz|hourly,2026-08-17T18:48:05Z,2026-08-17T18:48:05Z,
91.193.232.123,ipv4,web-brute-force,high,WHITE,blocklist.de/bruteforcelogin|blocklist.de/all|blocklist.de/apache|ziyadnz/hourly-ipv4,blocklist.de|wordpress|joomla|brute-force|bot|irc-bot|apache|rfi|ddos|ziyadnz|hourly,2026-08-17T18:48:05Z,2026-08-17T18:48:05Z,
91.193.232.124,ipv4,web-brute-force,high,WHITE,blocklist.de/bruteforcelogin|blocklist.de/all|blocklist.de/apache|ziyadnz/hourly-ipv4,blocklist.de|wordpress|joomla|brute-force|bot|irc-bot|apache|rfi|ddos|ziyadnz|hourly,2026-08-17T18:48:05Z,2026-08-17T18:48:05Z,
91.193.232.125,ipv4,web-brute-force,high,WHITE,blocklist.de/bruteforcelogin|blocklist.de/all|blocklist.de/apache|ziyadnz/hourly-ipv4,blocklist.de|wordpress|joomla|brute-force|bot|irc-bot|apache|rfi|ddos|ziyadnz|hourly,2026-08-17T18:48:05Z,2026-08-17T18:48:05Z,
91.193.232.126,ipv4,web-brute-force,high,WHITE,blocklist.de/bruteforcelogin|blocklist.de/all|blocklist.de/apache|ziyadnz/hourly-ipv4,blocklist.de|wordpress|joomla|brute-force|bot|irc-bot|apache|rfi|ddos|ziyadnz|hourly,2026-08-17T18:48:05Z,2026-08-17T18:48:05Z,
91.193.232.128,ipv4,web-brute-force,high,WHITE,blocklist.de/bruteforcelogin|blocklist.de/all|blocklist.de/apache|ziyadnz/hourly-ipv4,blocklist.de|wordpress|joomla|brute-force|bot|irc-bot|apache|rfi|ddos|ziyadnz|hourly,2026-08-17T18:48:05Z,2026-08-17T18:48:05Z,
91.193.232.130,ipv4,web-brute-force,high,WHITE,blocklist.de/bruteforcelogin|blocklist.de/all|blocklist.de/apache|ziyadnz/hourly-ipv4,blocklist.de|wordpress|joomla|brute-force|bot|irc-bot|apache|rfi|ddos|ziyadnz|hourly,2026-08-17T18:48:05Z,2026-08-17T18:48:05Z,
91.193.232.131,ipv4,web-brute-force,high,WHITE,blocklist.de/bruteforcelogin|blocklist.de/all|blocklist.de/apache|ziyadnz/hourly-ipv4,blocklist.de|wordpress|joomla|brute-force|bot|irc-bot|apache|rfi|ddos|ziyadnz|hourly,2026-08-17T18:48:05Z,2026-08-17T18:48:05Z,
91.193.232.83,ipv4,web-brute-force,high,WHITE,blocklist.de/bruteforcelogin|blocklist.de/all|blocklist.de/apache|ziyadnz/hourly-ipv4,blocklist.de|wordpress|joomla|brute-force|bot|irc-bot|apache|rfi|ddos|ziyadnz|hourly,2026-08-17T18:48:05Z,2026-08-17T18:48:05Z,
91.193.232.84,ipv4,web-brute-force,high,WHITE,blocklist.de/bruteforcelogin|blocklist.de/all|blocklist.de/apache|ziyadnz/hourly-ipv4,blocklist.de|wordpress|joomla|brute-force|bot|irc-bot|apache|rfi|ddos|ziyadnz|hourly,2026-08-17T18:48:05Z,2026-08-17T18:48:05Z,
91.193.232.86,ipv4,web-brute-force,high,WHITE,blocklist.de/bruteforcelogin|blocklist.de/all|blocklist.de/apache|ziyadnz/hourly-ipv4,blocklist.de|wordpress|joomla|brute-force|bot|irc-bot|apache|rfi|ddos|ziyadnz|hourly,2026-08-17T18:48:05Z,2026-08-17T18:48:05Z,
91.193.232.88,ipv4,web-brute-force,high,WHITE,blocklist.de/bruteforcelogin|blocklist.de/all|blocklist.de/apache|ziyadnz/hourly-ipv4,blocklist.de|wordpress|joomla|brute-force|bot|irc-bot|apache|rfi|ddos|ziyadnz|hourly,2026-08-17T18:48:05Z,2026-08-17T18:48:05Z,
91.193.232.89,ipv4,web-brute-force,high,WHITE,blocklist.de/bruteforcelogin|blocklist.de/all|blocklist.de/apache|ziyadnz/hourly-ipv4,blocklist.de|wordpress|joomla|brute-force|bot|irc-bot|apache|rfi|ddos|ziyadnz|hourly,2026-08-17T18:48:05Z,2026-08-17T18:48:05Z,
91.193.232.90,ipv4,web-brute-force,high,WHITE,blocklist.de/bruteforcelogin|blocklist.de/all|blocklist.de/apache|ziyadnz/hourly-ipv4,blocklist.de|wordpress|joomla|brute-force|bot|irc-bot|apache|rfi|ddos|ziyadnz|hourly,2026-08-17T18:48:05Z,2026-08-17T18:48:05Z,
91.193.232.92,ipv4,web-brute-force,high,WHITE,blocklist.de/bruteforcelogin|blocklist.de/all|blocklist.de/apache|ziyadnz/hourly-ipv4,blocklist.de|wordpress|joomla|brute-force|bot|irc-bot|apache|rfi|ddos|ziyadnz|hourly,2026-08-17T18:48:05Z,2026-08-17T18:48:05Z,
91.193.232.93,ipv4,web-brute-force,high,WHITE,blocklist.de/bruteforcelogin|blocklist.de/all|blocklist.de/apache|ziyadnz/hourly-ipv4,blocklist.de|wordpress|joomla|brute-force|bot|irc-bot|apache|rfi|ddos|ziyadnz|hourly,2026-08-17T18:48:05Z,2026-08-17T18:48:05Z,
91.193.232.95,ipv4,web-brute-force,high,WHITE,blocklist.de/bruteforcelogin|blocklist.de/all|blocklist.de/apache|ziyadnz/hourly-ipv4,blocklist.de|wordpress|joomla|brute-force|bot|irc-bot|apache|rfi|ddos|ziyadnz|hourly,2026-08-17T18:48:05Z,2026-08-17T18:48:05Z,
91.193.232.96,ipv4,web-brute-force,high,WHITE,blocklist.de/bruteforcelogin|blocklist.de/all|blocklist.de/apache|ziyadnz/hourly-ipv4,blocklist.de|wordpress|joomla|brute-force|bot|irc-bot|apache|rfi|ddos|ziyadnz|hourly,2026-08-17T18:48:05Z,2026-08-17T18:48:05Z,
91.193.232.98,ipv4,web-brute-force,high,WHITE,blocklist.de/bruteforcelogin|blocklist.de/all|blocklist.de/apache|ziyadnz/hourly-ipv4,blocklist.de|wordpress|joomla|brute-force|bot|irc-bot|apache|rfi|ddos|ziyadnz|hourly,2026-08-17T18:48:05Z,2026-08-17T18:48:05Z,
91.224.92.127,ipv4,web-brute-force,high,WHITE,blocklist.de/bruteforcelogin|blocklist.de/all|blocklist.de/apache|ziyadnz/hourly-ipv4,blocklist.de|wordpress|joomla|brute-force|bot|irc-bot|apache|rfi|ddos|ziyadnz|hourly,2026-08-17T18:48:05Z,2026-08-17T18:48:05Z,
91.224.92.159,ipv4,web-brute-force,high,WHITE,blocklist.de/bruteforcelogin|blocklist.de/all|blocklist.de/apache|ziyadnz/hourly-ipv4,blocklist.de|wordpress|joomla|brute-force|bot|irc-bot|apache|rfi|ddos|ziyadnz|hourly,2026-08-17T18:48:05Z,2026-08-17T18:48:05Z,
91.224.92.34,ipv4,web-brute-force,high,WHITE,blocklist.de/bruteforcelogin|blocklist.de/all|blocklist.de/apache|ziyadnz/hourly-ipv4,blocklist.de|wordpress|joomla|brute-force|bot|irc-bot|apache|rfi|ddos|ziyadnz|hourly,2026-08-17T18:48:05Z,2026-08-17T18:48:05Z,
91.226.254.99,ipv4,web-brute-force,high,WHITE,blocklist.de/bruteforcelogin|blocklist.de/all|blocklist.de/apache|ziyadnz/hourly-ipv4,blocklist.de|wordpress|joomla|brute-force|bot|irc-bot|apache|rfi|ddos|ziyadnz|hourly,2026-08-17T18:48:05Z,2026-08-17T18:48:05Z,
91.73.70.93,ipv4,web-brute-force,high,WHITE,blocklist.de/bruteforcelogin|blocklist.de/all|blocklist.de/apache|ziyadnz/hourly-ipv4,blocklist.de|wordpress|joomla|brute-force|bot|irc-bot|apache|rfi|ddos|ziyadnz|hourly,2026-08-17T18:48:05Z,2026-08-17T18:48:05Z,
91.92.242.121,ipv4,web-brute-force,high,WHITE,blocklist.de/bruteforcelogin|blocklist.de/all|blocklist.de/apache|ziyadnz/hourly-ipv4,blocklist.de|wordpress|joomla|brute-force|bot|irc-bot|apache|rfi|ddos|ziyadnz|hourly,2026-08-17T18:48:05Z,2026-08-17T18:48:05Z,
91.92.33.36,ipv4,web-brute-force,high,WHITE,blocklist.de/bruteforcelogin|blocklist.de/all|blocklist.de/apache|ziyadnz/hourly-ipv4,blocklist.de|wordpress|joomla|brute-force|bot|irc-bot|apache|rfi|ddos|ziyadnz|hourly,2026-08-17T18:48:05Z,2026-08-17T18:48:05Z,
91.92.41.38,ipv4,web-brute-force,high,WHITE,blocklist.de/bruteforcelogin|blocklist.de/all|blocklist.de/apache|ziyadnz/hourly-ipv4,blocklist.de|wordpress|joomla|brute-force|bot|irc-bot|apache|rfi|ddos|ziyadnz|hourly,2026-08-17T18:48:05Z,2026-08-17T18:48:05Z,
93.123.109.101,ipv4,web-brute-force,high,WHITE,blocklist.de/bruteforcelogin|blocklist.de/all|blocklist.de/apache|ziyadnz/hourly-ipv4,blocklist.de|wordpress|joomla|brute-force|bot|irc-bot|apache|rfi|ddos|ziyadnz|hourly,2026-08-17T18:48:05Z,2026-08-17T18:48:05Z,
93.123.109.103,ipv4,web-brute-force,high,WHITE,blocklist.de/bruteforcelogin|blocklist.de/all|blocklist.de/apache|ziyadnz/hourly-ipv4,blocklist.de|wordpress|joomla|brute-force|bot|irc-bot|apache|rfi|ddos|ziyadnz|hourly,2026-08-17T18:48:05Z,2026-08-17T18:48:05Z,
93.123.109.95,ipv4,web-brute-force,high,WHITE,blocklist.de/bruteforcelogin|blocklist.de/all|blocklist.de/apache|ziyadnz/hourly-ipv4,blocklist.de|wordpress|joomla|brute-force|bot|irc-bot|apache|rfi|ddos|ziyadnz|hourly,2026-08-17T18:48:05Z,2026-08-17T18:48:05Z,
93.152.221.121,ipv4,web-brute-force,high,WHITE,blocklist.de/bruteforcelogin|blocklist.de/all|blocklist.de/apache|ziyadnz/hourly-ipv4,blocklist.de|wordpress|joomla|brute-force|bot|irc-bot|apache|rfi|ddos|ziyadnz|hourly,2026-08-17T18:48:05Z,2026-08-17T18:48:05Z,
93.152.221.156,ipv4,web-brute-force,high,WHITE,blocklist.de/bruteforcelogin|blocklist.de/all|blocklist.de/apache|ziyadnz/hourly-ipv4,blocklist.de|wordpress|joomla|brute-force|bot|irc-bot|apache|rfi|ddos|ziyadnz|hourly,2026-08-17T18:48:05Z,2026-08-17T18:48:05Z,
94.140.112.52,ipv4,web-brute-force,high,WHITE,blocklist.de/bruteforcelogin|blocklist.de/all|blocklist.de/apache|ziyadnz/hourly-ipv4,blocklist.de|wordpress|joomla|brute-force|bot|irc-bot|apache|rfi|ddos|ziyadnz|hourly,2026-08-17T18:48:05Z,2026-08-17T18:48:05Z,
94.178.148.225,ipv4,web-brute-force,high,WHITE,blocklist.de/bruteforcelogin|blocklist.de/all|blocklist.de/apache|ziyadnz/hourly-ipv4,blocklist.de|wordpress|joomla|brute-force|bot|irc-bot|apache|rfi|ddos|ziyadnz|hourly,2026-08-17T18:48:05Z,2026-08-17T18:48:05Z,
94.26.248.230,ipv4,web-brute-force,high,WHITE,blocklist.de/bruteforcelogin|blocklist.de/all|blocklist.de/apache|ziyadnz/hourly-ipv4,blocklist.de|wordpress|joomla|brute-force|bot|irc-bot|apache|rfi|ddos|ziyadnz|hourly,2026-08-17T18:48:05Z,2026-08-17T18:48:05Z,
94.49.40.136,ipv4,web-brute-force,high,WHITE,blocklist.de/bruteforcelogin|blocklist.de/all|blocklist.de/apache|ziyadnz/hourly-ipv4,blocklist.de|wordpress|joomla|brute-force|bot|irc-bot|apache|rfi|ddos|ziyadnz|hourly,2026-08-17T18:48:05Z,2026-08-17T18:48:05Z,
95.154.200.35,ipv4,web-brute-force,high,WHITE,blocklist.de/bruteforcelogin|blocklist.de/all|blocklist.de/apache|ziyadnz/hourly-ipv4,blocklist.de|wordpress|joomla|brute-force|bot|irc-bot|apache|rfi|ddos|ziyadnz|hourly,2026-08-17T18:48:05Z,2026-08-17T18:48:05Z,
95.154.200.60,ipv4,web-brute-force,high,WHITE,blocklist.de/bruteforcelogin|blocklist.de/all|blocklist.de/apache|ziyadnz/hourly-ipv4,blocklist.de|wordpress|joomla|brute-force|bot|irc-bot|apache|rfi|ddos|ziyadnz|hourly,2026-08-17T18:48:05Z,2026-08-17T18:48:05Z,
95.154.200.61,ipv4,web-brute-force,high,WHITE,blocklist.de/bruteforcelogin|blocklist.de/all|blocklist.de/apache|ziyadnz/hourly-ipv4,blocklist.de|wordpress|joomla|brute-force|bot|irc-bot|apache|rfi|ddos|ziyadnz|hourly,2026-08-17T18:48:05Z,2026-08-17T18:48:05Z,
95.85.254.114,ipv4,web-brute-force,high,WHITE,blocklist.de/bruteforcelogin|blocklist.de/all|blocklist.de/apache|ziyadnz/hourly-ipv4,blocklist.de|wordpress|joomla|brute-force|bot|irc-bot|apache|rfi|ddos|ziyadnz|hourly,2026-08-17T18:48:05Z,2026-08-17T18:48:05Z,
98.159.37.50,ipv4,web-brute-force,high,WHITE,blocklist.de/bruteforcelogin|blocklist.de/all|blocklist.de/apache|ziyadnz/hourly-ipv4,blocklist.de|wordpress|joomla|brute-force|bot|irc-bot|apache|rfi|ddos|ziyadnz|hourly,2026-08-17T18:48:05Z,2026-08-17T18:48:05Z,
1.2.226.1,ipv4,ssh-brute-force,high,WHITE,blocklist.de/ssh|blocklist.de/all|ziyadnz/hourly-ipv4,blocklist.de|ssh|bot|irc-bot|brute-force|ziyadnz|hourly,2026-08-17T18:48:05Z,2026-08-17T18:48:05Z,
1.20.150.200,ipv4,ssh-brute-force,high,WHITE,blocklist.de/ssh|blocklist.de/all|ziyadnz/hourly-ipv4,blocklist.de|ssh|bot|irc-bot|brute-force|ziyadnz|hourly,2026-08-17T18:48:05Z,2026-08-17T18:48:05Z,
1.214.214.114,ipv4,ssh-brute-force,high,WHITE,blocklist.de/ssh|blocklist.de/all|ziyadnz/hourly-ipv4,blocklist.de|ssh|bot|irc-bot|brute-force|ziyadnz|hourly,2026-08-17T18:48:05Z,2026-08-17T18:48:05Z,
1.220.233.171,ipv4,ssh-brute-force,high,WHITE,blocklist.de/ssh|blocklist.de/all|ziyadnz/hourly-ipv4,blocklist.de|ssh|bot|irc-bot|brute-force|ziyadnz|hourly,2026-08-17T18:48:05Z,2026-08-17T18:48:05Z,
1.222.42.237,ipv4,ssh-brute-force,high,WHITE,blocklist.de/ssh|blocklist.de/all|ziyadnz/hourly-ipv4,blocklist.de|ssh|bot|irc-bot|brute-force|ziyadnz|hourly,2026-08-17T18:48:05Z,2026-08-17T18:48:05Z,
1.237.156.72,ipv4,ssh-brute-force,high,WHITE,blocklist.de/ssh|blocklist.de/all|ziyadnz/hourly-ipv4,blocklist.de|ssh|bot|irc-bot|brute-force|ziyadnz|hourly,2026-08-17T18:48:05Z,2026-08-17T18:48:05Z,
1.245.140.132,ipv4,ssh-brute-force,high,WHITE,blocklist.de/ssh|blocklist.de/all|ziyadnz/hourly-ipv4,blocklist.de|ssh|bot|irc-bot|brute-force|ziyadnz|hourly,2026-08-17T18:48:05Z,2026-08-17T18:48:05Z,
1.54.138.62,ipv4,ssh-brute-force,high,WHITE,blocklist.de/ssh|blocklist.de/all|ziyadnz/hourly-ipv4,blocklist.de|ssh|bot|irc-bot|brute-force|ziyadnz|hourly,2026-08-17T18:48:05Z,2026-08-17T18:48:05Z,
1.83.125.130,ipv4,ssh-brute-force,high,WHITE,blocklist.de/ssh|blocklist.de/all|ziyadnz/hourly-ipv4,blocklist.de|ssh|bot|irc-bot|brute-force|ziyadnz|hourly,2026-08-17T18:48:05Z,2026-08-17T18:48:05Z,
1.95.101.219,ipv4,ssh-brute-force,high,WHITE,blocklist.de/ssh|blocklist.de/all|ziyadnz/hourly-ipv4,blocklist.de|ssh|bot|irc-bot|brute-force|ziyadnz|hourly,2026-08-17T18:48:05Z,2026-08-17T18:48:05Z,
1.95.155.126,ipv4,ssh-brute-force,high,WHITE,blocklist.de/ssh|blocklist.de/all|ziyadnz/hourly-ipv4,blocklist.de|ssh|bot|irc-bot|brute-force|ziyadnz|hourly,2026-08-17T18:48:05Z,2026-08-17T18:48:05Z,
1.95.53.218,ipv4,ssh-brute-force,high,WHITE,blocklist.de/ssh|blocklist.de/all|ziyadnz/hourly-ipv4,blocklist.de|ssh|bot|irc-bot|brute-force|ziyadnz|hourly,2026-08-17T18:48:05Z,2026-08-17T18:48:05Z,
100.26.98.21,ipv4,ssh-brute-force,high,WHITE,blocklist.de/ssh|blocklist.de/all|ziyadnz/hourly-ipv4,blocklist.de|ssh|bot|irc-bot|brute-force|ziyadnz|hourly,2026-08-17T18:48:05Z,2026-08-17T18:48:05Z,
101.100.194.181,ipv4,ssh-brute-force,high,WHITE,blocklist.de/ssh|blocklist.de/all|ziyadnz/hourly-ipv4,blocklist.de|ssh|bot|irc-bot|brute-force|ziyadnz|hourly,2026-08-17T18:48:05Z,2026-08-17T18:48:05Z,
101.126.11.137,ipv4,ssh-brute-force,high,WHITE,blocklist.de/ssh|blocklist.de/all|ziyadnz/hourly-ipv4,blocklist.de|ssh|bot|irc-bot|brute-force|ziyadnz|hourly,2026-08-17T18:48:05Z,2026-08-17T18:48:05Z,
101.126.129.127,ipv4,ssh-brute-force,high,WHITE,blocklist.de/ssh|blocklist.de/all|ziyadnz/hourly-ipv4,blocklist.de|ssh|bot|irc-bot|brute-force|ziyadnz|hourly,2026-08-17T18:48:05Z,2026-08-17T18:48:05Z,
101.126.158.80,ipv4,ssh-brute-force,high,WHITE,blocklist.de/ssh|blocklist.de/all|ziyadnz/hourly-ipv4,blocklist.de|ssh|bot|irc-bot|brute-force|ziyadnz|hourly,2026-08-17T18:48:05Z,2026-08-17T18:48:05Z,
101.126.4.240,ipv4,ssh-brute-force,high,WHITE,blocklist.de/ssh|blocklist.de/all|ziyadnz/hourly-ipv4,blocklist.de|ssh|bot|irc-bot|brute-force|ziyadnz|hourly,2026-08-17T18:48:05Z,2026-08-17T18:48:05Z,
101.126.64.76,ipv4,ssh-brute-force,high,WHITE,blocklist.de/ssh|blocklist.de/all|ziyadnz/hourly-ipv4,blocklist.de|ssh|bot|irc-bot|brute-force|ziyadnz|hourly,2026-08-17T18:48:05Z,2026-08-17T18:48:05Z,
101.126.69.201,ipv4,ssh-brute-force,high,WHITE,blocklist.de/ssh|blocklist.de/all|ziyadnz/hourly-ipv4,blocklist.de|ssh|bot|irc-bot|brute-force|ziyadnz|hourly,2026-08-17T18:48:05Z,2026-08-17T18:48:05Z,
101.132.143.54,ipv4,ssh-brute-force,high,WHITE,blocklist.de/ssh|blocklist.de/all|ziyadnz/hourly-ipv4,blocklist.de|ssh|bot|irc-bot|brute-force|ziyadnz|hourly,2026-08-17T18:48:05Z,2026-08-17T18:48:05Z,
101.201.238.217,ipv4,ssh-brute-force,high,WHITE,blocklist.de/ssh|blocklist.de/all|ziyadnz/hourly-ipv4,blocklist.de|ssh|bot|irc-bot|brute-force|ziyadnz|hourly,2026-08-17T18:48:05Z,2026-08-17T18:48:05Z,
101.204.69.58,ipv4,ssh-brute-force,high,WHITE,blocklist.de/ssh|blocklist.de/all|ziyadnz/hourly-ipv4,blocklist.de|ssh|bot|irc-bot|brute-force|ziyadnz|hourly,2026-08-17T18:48:05Z,2026-08-17T18:48:05Z,
101.206.107.245,ipv4,ssh-brute-force,high,WHITE,blocklist.de/ssh|blocklist.de/all|ziyadnz/hourly-ipv4,blocklist.de|ssh|bot|irc-bot|brute-force|ziyadnz|hourly,2026-08-17T18:48:05Z,2026-08-17T18:48:05Z,
101.206.211.72,ipv4,ssh-brute-force,high,WHITE,blocklist.de/ssh|blocklist.de/all|ziyadnz/hourly-ipv4,blocklist.de|ssh|bot|irc-bot|brute-force|ziyadnz|hourly,2026-08-17T18:48:05Z,2026-08-17T18:48:05Z,
101.227.52.175,ipv4,ssh-brute-force,high,WHITE,blocklist.de/ssh|blocklist.de/all|ziyadnz/hourly-ipv4,blocklist.de|ssh|bot|irc-bot|brute-force|ziyadnz|hourly,2026-08-17T18:48:05Z,2026-08-17T18:48:05Z,
101.254.159.210,ipv4,ssh-brute-force,high,WHITE,blocklist.de/ssh|blocklist.de/all|ziyadnz/hourly-ipv4,blocklist.de|ssh|bot|irc-bot|brute-force|ziyadnz|hourly,2026-08-17T18:48:05Z,2026-08-17T18:48:05Z,
101.255.105.34,ipv4,ssh-brute-force,high,WHITE,blocklist.de/ssh|blocklist.de/all|ziyadnz/hourly-ipv4,blocklist.de|ssh|bot|irc-bot|brute-force|ziyadnz|hourly,2026-08-17T18:48:05Z,2026-08-17T18:48:05Z,
101.32.240.31,ipv4,ssh-brute-force,high,WHITE,blocklist.de/ssh|blocklist.de/all|ziyadnz/hourly-ipv4,blocklist.de|ssh|bot|irc-bot|brute-force|ziyadnz|hourly,2026-08-17T18:48:05Z,2026-08-17T18:48:05Z,
101.32.243.200,ipv4,ssh-brute-force,high,WHITE,blocklist.de/ssh|blocklist.de/all|ziyadnz/hourly-ipv4,blocklist.de|ssh|bot|irc-bot|brute-force|ziyadnz|hourly,2026-08-17T18:48:05Z,2026-08-17T18:48:05Z,
101.36.104.242,ipv4,ssh-brute-force,high,WHITE,blocklist.de/ssh|blocklist.de/all|ziyadnz/hourly-ipv4,blocklist.de|ssh|bot|irc-bot|brute-force|ziyadnz|hourly,2026-08-17T18:48:05Z,2026-08-17T18:48:05Z,
101.36.107.233,ipv4,ssh-brute-force,high,WHITE,blocklist.de/ssh|blocklist.de/all|ziyadnz/hourly-ipv4,blocklist.de|ssh|bot|irc-bot|brute-force|ziyadnz|hourly,2026-08-17T18:48:05Z,2026-08-17T18:48:05Z,
101.36.110.41,ipv4,ssh-brute-force,high,WHITE,blocklist.de/ssh|blocklist.de/all|ziyadnz/hourly-ipv4,blocklist.de|ssh|bot|irc-bot|brute-force|ziyadnz|hourly,2026-08-17T18:48:05Z,2026-08-17T18:48:05Z,
101.36.116.232,ipv4,ssh-brute-force,high,WHITE,blocklist.de/ssh|blocklist.de/all|ziyadnz/hourly-ipv4,blocklist.de|ssh|bot|irc-bot|brute-force|ziyadnz|hourly,2026-08-17T18:48:05Z,2026-08-17T18:48:05Z,
101.36.119.203,ipv4,ssh-brute-force,high,WHITE,blocklist.de/ssh|blocklist.de/all|ziyadnz/hourly-ipv4,blocklist.de|ssh|bot|irc-bot|brute-force|ziyadnz|hourly,2026-08-17T18:48:05Z,2026-08-17T18:48:05Z,
101.36.228.201,ipv4,ssh-brute-force,high,WHITE,blocklist.de/ssh|blocklist.de/all|ziyadnz/hourly-ipv4,blocklist.de|ssh|bot|irc-bot|brute-force|ziyadnz|hourly,2026-08-17T18:48:05Z,2026-08-17T18:48:05Z,
101.43.77.85,ipv4,ssh-brute-force,high,WHITE,blocklist.de/ssh|blocklist.de/all|ziyadnz/hourly-ipv4,blocklist.de|ssh|bot|irc-bot|brute-force|ziyadnz|hourly,2026-08-17T18:48:05Z,2026-08-17T18:48:05Z,
101.47.134.74,ipv4,ssh-brute-force,high,WHITE,blocklist.de/ssh|blocklist.de/all|ziyadnz/hourly-ipv4,blocklist.de|ssh|bot|irc-bot|brute-force|ziyadnz|hourly,2026-08-17T18:48:05Z,2026-08-17T18:48:05Z,
101.47.14.46,ipv4,ssh-brute-force,high,WHITE,blocklist.de/ssh|blocklist.de/all|ziyadnz/hourly-ipv4,blocklist.de|ssh|bot|irc-bot|brute-force|ziyadnz|hourly,2026-08-17T18:48:05Z,2026-08-17T18:48:05Z,
101.47.15.26,ipv4,ssh-brute-force,high,WHITE,blocklist.de/ssh|blocklist.de/all|ziyadnz/hourly-ipv4,blocklist.de|ssh|bot|irc-bot|brute-force|ziyadnz|hourly,2026-08-17T18:48:05Z,2026-08-17T18:48:05Z,
101.47.152.216,ipv4,ssh-brute-force,high,WHITE,blocklist.de/ssh|blocklist.de/all|ziyadnz/hourly-ipv4,blocklist.de|ssh|bot|irc-bot|brute-force|ziyadnz|hourly,2026-08-17T18:48:05Z,2026-08-17T18:48:05Z,
101.47.155.9,ipv4,ssh-brute-force,high,WHITE,blocklist.de/ssh|blocklist.de/all|ziyadnz/hourly-ipv4,blocklist.de|ssh|bot|irc-bot|brute-force|ziyadnz|hourly,2026-08-17T18:48:05Z,2026-08-17T18:48:05Z,
101.47.156.170,ipv4,ssh-brute-force,high,WHITE,blocklist.de/ssh|blocklist.de/all|ziyadnz/hourly-ipv4,blocklist.de|ssh|bot|irc-bot|brute-force|ziyadnz|hourly,2026-08-17T18:48:05Z,2026-08-17T18:48:05Z,
101.47.156.21,ipv4,ssh-brute-force,high,WHITE,blocklist.de/ssh|blocklist.de/all|ziyadnz/hourly-ipv4,blocklist.de|ssh|bot|irc-bot|brute-force|ziyadnz|hourly,2026-08-17T18:48:05Z,2026-08-17T18:48:05Z,
101.47.158.56,ipv4,ssh-brute-force,high,WHITE,blocklist.de/ssh|blocklist.de/all|ziyadnz/hourly-ipv4,blocklist.de|ssh|bot|irc-bot|brute-force|ziyadnz|hourly,2026-08-17T18:48:05Z,2026-08-17T18:48:05Z,
101.47.159.125,ipv4,ssh-brute-force,high,WHITE,blocklist.de/ssh|blocklist.de/all|ziyadnz/hourly-ipv4,blocklist.de|ssh|bot|irc-bot|brute-force|ziyadnz|hourly,2026-08-17T18:48:05Z,2026-08-17T18:48:05Z,
101.47.19.128,ipv4,ssh-brute-force,high,WHITE,blocklist.de/ssh|blocklist.de/all|ziyadnz/hourly-ipv4,blocklist.de|ssh|bot|irc-bot|brute-force|ziyadnz|hourly,2026-08-17T18:48:05Z,2026-08-17T18:48:05Z,
101.47.8.187,ipv4,ssh-brute-force,high,WHITE,blocklist.de/ssh|blocklist.de/all|ziyadnz/hourly-ipv4,blocklist.de|ssh|bot|irc-bot|brute-force|ziyadnz|hourly,2026-08-17T18:48:05Z,2026-08-17T18:48:05Z,
101.47.8.188,ipv4,ssh-brute-force,high,WHITE,blocklist.de/ssh|blocklist.de/all|ziyadnz/hourly-ipv4,blocklist.de|ssh|bot|irc-bot|brute-force|ziyadnz|hourly,2026-08-17T18:48:05Z,2026-08-17T18:48:05Z,
101.76.248.214,ipv4,ssh-brute-force,high,WHITE,blocklist.de/ssh|blocklist.de/all|ziyadnz/hourly-ipv4,blocklist.de|ssh|bot|irc-bot|brute-force|ziyadnz|hourly,2026-08-17T18:48:05Z,2026-08-17T18:48:05Z,
101.79.165.43,ipv4,ssh-brute-force,high,WHITE,blocklist.de/ssh|blocklist.de/all|ziyadnz/hourly-ipv4,blocklist.de|ssh|bot|irc-bot|brute-force|ziyadnz|hourly,2026-08-17T18:48:05Z,2026-08-17T18:48:05Z,
101.89.141.184,ipv4,ssh-brute-force,high,WHITE,blocklist.de/ssh|blocklist.de/all|ziyadnz/hourly-ipv4,blocklist.de|ssh|bot|irc-bot|brute-force|ziyadnz|hourly,2026-08-17T18:48:05Z,2026-08-17T18:48:05Z,
101.89.148.7,ipv4,ssh-brute-force,high,WHITE,blocklist.de/ssh|blocklist.de/all|ziyadnz/hourly-ipv4,blocklist.de|ssh|bot|irc-bot|brute-force|ziyadnz|hourly,2026-08-17T18:48:05Z,2026-08-17T18:48:05Z,
101.91.114.194,ipv4,ssh-brute-force,high,WHITE,blocklist.de/ssh|blocklist.de/all|ziyadnz/hourly-ipv4,blocklist.de|ssh|bot|irc-bot|brute-force|ziyadnz|hourly,2026-08-17T18:48:05Z,2026-08-17T18:48:05Z,
101.91.126.150,ipv4,ssh-brute-force,high,WHITE,blocklist.de/ssh|blocklist.de/all|ziyadnz/hourly-ipv4,blocklist.de|ssh|bot|irc-bot|brute-force|ziyadnz|hourly,2026-08-17T18:48:05Z,2026-08-17T18:48:05Z,
101.96.192.231,ipv4,ssh-brute-force,high,WHITE,blocklist.de/ssh|blocklist.de/all|ziyadnz/hourly-ipv4,blocklist.de|ssh|bot|irc-bot|brute-force|ziyadnz|hourly,2026-08-17T18:48:05Z,2026-08-17T18:48:05Z,
101.96.195.17,ipv4,ssh-brute-force,high,WHITE,blocklist.de/ssh|blocklist.de/all|ziyadnz/hourly-ipv4,blocklist.de|ssh|bot|irc-bot|brute-force|ziyadnz|hourly,2026-08-17T18:48:05Z,2026-08-17T18:48:05Z,
101.96.195.253,ipv4,ssh-brute-force,high,WHITE,blocklist.de/ssh|blocklist.de/all|ziyadnz/hourly-ipv4,blocklist.de|ssh|bot|irc-bot|brute-force|ziyadnz|hourly,2026-08-17T18:48:05Z,2026-08-17T18:48:05Z,
101.96.195.62,ipv4,ssh-brute-force,high,WHITE,blocklist.de/ssh|blocklist.de/all|ziyadnz/hourly-ipv4,blocklist.de|ssh|bot|irc-bot|brute-force|ziyadnz|hourly,2026-08-17T18:48:05Z,2026-08-17T18:48:05Z,
101.96.197.182,ipv4,ssh-brute-force,high,WHITE,blocklist.de/ssh|blocklist.de/all|ziyadnz/hourly-ipv4,blocklist.de|ssh|bot|irc-bot|brute-force|ziyadnz|hourly,2026-08-17T18:48:05Z,2026-08-17T18:48:05Z,
101.96.199.69,ipv4,ssh-brute-force,high,WHITE,blocklist.de/ssh|blocklist.de/all|ziyadnz/hourly-ipv4,blocklist.de|ssh|bot|irc-bot|brute-force|ziyadnz|hourly,2026-08-17T18:48:05Z,2026-08-17T18:48:05Z,
101.96.200.56,ipv4,ssh-brute-force,high,WHITE,blocklist.de/ssh|blocklist.de/all|ziyadnz/hourly-ipv4,blocklist.de|ssh|bot|irc-bot|brute-force|ziyadnz|hourly,2026-08-17T18:48:05Z,2026-08-17T18:48:05Z,
101.96.200.79,ipv4,ssh-brute-force,high,WHITE,blocklist.de/ssh|blocklist.de/all|ziyadnz/hourly-ipv4,blocklist.de|ssh|bot|irc-bot|brute-force|ziyadnz|hourly,2026-08-17T18:48:05Z,2026-08-17T18:48:05Z,
101.96.202.48,ipv4,ssh-brute-force,high,WHITE,blocklist.de/ssh|blocklist.de/all|ziyadnz/hourly-ipv4,blocklist.de|ssh|bot|irc-bot|brute-force|ziyadnz|hourly,2026-08-17T18:48:05Z,2026-08-17T18:48:05Z,
101.96.209.234,ipv4,ssh-brute-force,high,WHITE,blocklist.de/ssh|blocklist.de/all|ziyadnz/hourly-ipv4,blocklist.de|ssh|bot|irc-bot|brute-force|ziyadnz|hourly,2026-08-17T18:48:05Z,2026-08-17T18:48:05Z,
101.96.225.252,ipv4,ssh-brute-force,high,WHITE,blocklist.de/ssh|blocklist.de/all|ziyadnz/hourly-ipv4,blocklist.de|ssh|bot|irc-bot|brute-force|ziyadnz|hourly,2026-08-17T18:48:05Z,2026-08-17T18:48:05Z,
101.96.229.2,ipv4,ssh-brute-force,high,WHITE,blocklist.de/ssh|blocklist.de/all|ziyadnz/hourly-ipv4,blocklist.de|ssh|bot|irc-bot|brute-force|ziyadnz|hourly,2026-08-17T18:48:05Z,2026-08-17T18:48:05Z,
101.96.230.94,ipv4,ssh-brute-force,high,WHITE,blocklist.de/ssh|blocklist.de/all|ziyadnz/hourly-ipv4,blocklist.de|ssh|bot|irc-bot|brute-force|ziyadnz|hourly,2026-08-17T18:48:05Z,2026-08-17T18:48:05Z,
102.0.20.178,ipv4,ssh-brute-force,high,WHITE,blocklist.de/ssh|blocklist.de/all|ziyadnz/hourly-ipv4,blocklist.de|ssh|bot|irc-bot|brute-force|ziyadnz|hourly,2026-08-17T18:48:05Z,2026-08-17T18:48:05Z,
102.0.30.28,ipv4,ssh-brute-force,high,WHITE,blocklist.de/ssh|blocklist.de/all|ziyadnz/hourly-ipv4,blocklist.de|ssh|bot|irc-bot|brute-force|ziyadnz|hourly,2026-08-17T18:48:05Z,2026-08-17T18:48:05Z,
102.113.255.190,ipv4,ssh-brute-force,high,WHITE,blocklist.de/ssh|blocklist.de/all|ziyadnz/hourly-ipv4,blocklist.de|ssh|bot|irc-bot|brute-force|ziyadnz|hourly,2026-08-17T18:48:05Z,2026-08-17T18:48:05Z,
102.129.186.111,ipv4,ssh-brute-force,high,WHITE,blocklist.de/ssh|blocklist.de/all|ziyadnz/hourly-ipv4,blocklist.de|ssh|bot|irc-bot|brute-force|ziyadnz|hourly,2026-08-17T18:48:05Z,2026-08-17T18:48:05Z,
102.138.115.143,ipv4,ssh-brute-force,high,WHITE,blocklist.de/ssh|blocklist.de/all|ziyadnz/hourly-ipv4,blocklist.de|ssh|bot|irc-bot|brute-force|ziyadnz|hourly,2026-08-17T18:48:05Z,2026-08-17T18:48:05Z,
102.140.97.134,ipv4,ssh-brute-force,high,WHITE,blocklist.de/ssh|blocklist.de/all|ziyadnz/hourly-ipv4,blocklist.de|ssh|bot|irc-bot|brute-force|ziyadnz|hourly,2026-08-17T18:48:05Z,2026-08-17T18:48:05Z,
102.141.40.104,ipv4,ssh-brute-force,high,WHITE,blocklist.de/ssh|blocklist.de/all|ziyadnz/hourly-ipv4,blocklist.de|ssh|bot|irc-bot|brute-force|ziyadnz|hourly,2026-08-17T18:48:05Z,2026-08-17T18:48:05Z,
102.141.43.218,ipv4,ssh-brute-force,high,WHITE,blocklist.de/ssh|blocklist.de/all|ziyadnz/hourly-ipv4,blocklist.de|ssh|bot|irc-bot|brute-force|ziyadnz|hourly,2026-08-17T18:48:05Z,2026-08-17T18:48:05Z,
102.141.47.250,ipv4,ssh-brute-force,high,WHITE,blocklist.de/ssh|blocklist.de/all|ziyadnz/hourly-ipv4,blocklist.de|ssh|bot|irc-bot|brute-force|ziyadnz|hourly,2026-08-17T18:48:05Z,2026-08-17T18:48:05Z,
102.204.199.226,ipv4,ssh-brute-force,high,WHITE,blocklist.de/ssh|blocklist.de/all|ziyadnz/hourly-ipv4,blocklist.de|ssh|bot|irc-bot|brute-force|ziyadnz|hourly,2026-08-17T18:48:05Z,2026-08-17T18:48:05Z,
102.206.222.35,ipv4,ssh-brute-force,high,WHITE,blocklist.de/ssh|blocklist.de/all|ziyadnz/hourly-ipv4,blocklist.de|ssh|bot|irc-bot|brute-force|ziyadnz|hourly,2026-08-17T18:48:05Z,2026-08-17T18:48:05Z,
102.206.92.178,ipv4,ssh-brute-force,high,WHITE,blocklist.de/ssh|blocklist.de/all|ziyadnz/hourly-ipv4,blocklist.de|ssh|bot|irc-bot|brute-force|ziyadnz|hourly,2026-08-17T18:48:05Z,2026-08-17T18:48:05Z,
102.208.185.39,ipv4,ssh-brute-force,high,WHITE,blocklist.de/ssh|blocklist.de/all|ziyadnz/hourly-ipv4,blocklist.de|ssh|bot|irc-bot|brute-force|ziyadnz|hourly,2026-08-17T18:48:05Z,2026-08-17T18:48:05Z,
102.209.137.222,ipv4,ssh-brute-force,high,WHITE,blocklist.de/ssh|blocklist.de/all|ziyadnz/hourly-ipv4,blocklist.de|ssh|bot|irc-bot|brute-force|ziyadnz|hourly,2026-08-17T18:48:05Z,2026-08-17T18:48:05Z,
102.210.148.92,ipv4,ssh-brute-force,high,WHITE,blocklist.de/ssh|blocklist.de/all|ziyadnz/hourly-ipv4,blocklist.de|ssh|bot|irc-bot|brute-force|ziyadnz|hourly,2026-08-17T18:48:05Z,2026-08-17T18:48:05Z,
102.210.149.105,ipv4,ssh-brute-force,high,WHITE,blocklist.de/ssh|blocklist.de/all|ziyadnz/hourly-ipv4,blocklist.de|ssh|bot|irc-bot|brute-force|ziyadnz|hourly,2026-08-17T18:48:05Z,2026-08-17T18:48:05Z,
102.210.82.20,ipv4,ssh-brute-force,high,WHITE,blocklist.de/ssh|blocklist.de/all|ziyadnz/hourly-ipv4,blocklist.de|ssh|bot|irc-bot|brute-force|ziyadnz|hourly,2026-08-17T18:48:05Z,2026-08-17T18:48:05Z,
102.211.147.1,ipv4,ssh-brute-force,high,WHITE,blocklist.de/ssh|blocklist.de/all|ziyadnz/hourly-ipv4,blocklist.de|ssh|bot|irc-bot|brute-force|ziyadnz|hourly,2026-08-17T18:48:05Z,2026-08-17T18:48:05Z,
102.211.147.73,ipv4,ssh-brute-force,high,WHITE,blocklist.de/ssh|blocklist.de/all|ziyadnz/hourly-ipv4,blocklist.de|ssh|bot|irc-bot|brute-force|ziyadnz|hourly,2026-08-17T18:48:05Z,2026-08-17T18:48:05Z,
102.211.152.138,ipv4,ssh-brute-force,high,WHITE,blocklist.de/ssh|blocklist.de/all|ziyadnz/hourly-ipv4,blocklist.de|ssh|bot|irc-bot|brute-force|ziyadnz|hourly,2026-08-17T18:48:05Z,2026-08-17T18:48:05Z,
102.213.150.195,ipv4,ssh-brute-force,high,WHITE,blocklist.de/ssh|blocklist.de/all|ziyadnz/hourly-ipv4,blocklist.de|ssh|bot|irc-bot|brute-force|ziyadnz|hourly,2026-08-17T18:48:05Z,2026-08-17T18:48:05Z,
102.214.41.163,ipv4,ssh-brute-force,high,WHITE,blocklist.de/ssh|blocklist.de/all|ziyadnz/hourly-ipv4,blocklist.de|ssh|bot|irc-bot|brute-force|ziyadnz|hourly,2026-08-17T18:48:05Z,2026-08-17T18:48:05Z,
102.216.212.122,ipv4,ssh-brute-force,high,WHITE,blocklist.de/ssh|blocklist.de/all|ziyadnz/hourly-ipv4,blocklist.de|ssh|bot|irc-bot|brute-force|ziyadnz|hourly,2026-08-17T18:48:05Z,2026-08-17T18:48:05Z,
102.216.219.24,ipv4,ssh-brute-force,high,WHITE,blocklist.de/ssh|blocklist.de/all|ziyadnz/hourly-ipv4,blocklist.de|ssh|bot|irc-bot|brute-force|ziyadnz|hourly,2026-08-17T18:48:05Z,2026-08-17T18:48:05Z,
102.217.127.101,ipv4,ssh-brute-force,high,WHITE,blocklist.de/ssh|blocklist.de/all|ziyadnz/hourly-ipv4,blocklist.de|ssh|bot|irc-bot|brute-force|ziyadnz|hourly,2026-08-17T18:48:05Z,2026-08-17T18:48:05Z,
102.217.127.98,ipv4,ssh-brute-force,high,WHITE,blocklist.de/ssh|blocklist.de/all|ziyadnz/hourly-ipv4,blocklist.de|ssh|bot|irc-bot|brute-force|ziyadnz|hourly,2026-08-17T18:48:05Z,2026-08-17T18:48:05Z,
102.219.163.110,ipv4,ssh-brute-force,high,WHITE,blocklist.de/ssh|blocklist.de/all|ziyadnz/hourly-ipv4,blocklist.de|ssh|bot|irc-bot|brute-force|ziyadnz|hourly,2026-08-17T18:48:05Z,2026-08-17T18:48:05Z,
102.219.170.37,ipv4,ssh-brute-force,high,WHITE,blocklist.de/ssh|blocklist.de/all|ziyadnz/hourly-ipv4,blocklist.de|ssh|bot|irc-bot|brute-force|ziyadnz|hourly,2026-08-17T18:48:05Z,2026-08-17T18:48:05Z,
102.220.151.89,ipv4,ssh-brute-force,high,WHITE,blocklist.de/ssh|blocklist.de/all|ziyadnz/hourly-ipv4,blocklist.de|ssh|bot|irc-bot|brute-force|ziyadnz|hourly,2026-08-17T18:48:05Z,2026-08-17T18:48:05Z,
102.220.160.67,ipv4,ssh-brute-force,high,WHITE,blocklist.de/ssh|blocklist.de/all|ziyadnz/hourly-ipv4,blocklist.de|ssh|bot|irc-bot|brute-force|ziyadnz|hourly,2026-08-17T18:48:05Z,2026-08-17T18:48:05Z,
102.223.58.223,ipv4,ssh-brute-force,high,WHITE,blocklist.de/ssh|blocklist.de/all|ziyadnz/hourly-ipv4,blocklist.de|ssh|bot|irc-bot|brute-force|ziyadnz|hourly,2026-08-17T18:48:05Z,2026-08-17T18:48:05Z,
102.23.122.235,ipv4,ssh-brute-force,high,WHITE,blocklist.de/ssh|blocklist.de/all|ziyadnz/hourly-ipv4,blocklist.de|ssh|bot|irc-bot|brute-force|ziyadnz|hourly,2026-08-17T18:48:05Z,2026-08-17T18:48:05Z,
102.64.164.199,ipv4,ssh-brute-force,high,WHITE,blocklist.de/ssh|blocklist.de/all|ziyadnz/hourly-ipv4,blocklist.de|ssh|bot|irc-bot|brute-force|ziyadnz|hourly,2026-08-17T18:48:05Z,2026-08-17T18:48:05Z,
102.66.145.79,ipv4,ssh-brute-force,high,WHITE,blocklist.de/ssh|blocklist.de/all|ziyadnz/hourly-ipv4,blocklist.de|ssh|bot|irc-bot|brute-force|ziyadnz|hourly,2026-08-17T18:48:05Z,2026-08-17T18:48:05Z,
102.66.182.65,ipv4,ssh-brute-force,high,WHITE,blocklist.de/ssh|blocklist.de/all|ziyadnz/hourly-ipv4,blocklist.de|ssh|bot|irc-bot|brute-force|ziyadnz|hourly,2026-08-17T18:48:05Z,2026-08-17T18:48:05Z,
102.68.86.27,ipv4,ssh-brute-force,high,WHITE,blocklist.de/ssh|blocklist.de/all|ziyadnz/hourly-ipv4,blocklist.de|ssh|bot|irc-bot|brute-force|ziyadnz|hourly,2026-08-17T18:48:05Z,2026-08-17T18:48:05Z,
102.69.161.2,ipv4,ssh-brute-force,high,WHITE,blocklist.de/ssh|blocklist.de/all|ziyadnz/hourly-ipv4,blocklist.de|ssh|bot|irc-bot|brute-force|ziyadnz|hourly,2026-08-17T18:48:05Z,2026-08-17T18:48:05Z,
102.88.137.145,ipv4,ssh-brute-force,high,WHITE,blocklist.de/ssh|blocklist.de/all|ziyadnz/hourly-ipv4,blocklist.de|ssh|bot|irc-bot|brute-force|ziyadnz|hourly,2026-08-17T18:48:05Z,2026-08-17T18:48:05Z,
102.90.126.41,ipv4,ssh-brute-force,high,WHITE,blocklist.de/ssh|blocklist.de/all|ziyadnz/hourly-ipv4,blocklist.de|ssh|bot|irc-bot|brute-force|ziyadnz|hourly,2026-08-17T18:48:05Z,2026-08-17T18:48:05Z,
102.91.123.220,ipv4,ssh-brute-force,high,WHITE,blocklist.de/ssh|blocklist.de/all|ziyadnz/hourly-ipv4,blocklist.de|ssh|bot|irc-bot|brute-force|ziyadnz|hourly,2026-08-17T18:48:05Z,2026-08-17T18:48:05Z,
102.97.67.89,ipv4,ssh-brute-force,high,WHITE,blocklist.de/ssh|blocklist.de/all|ziyadnz/hourly-ipv4,blocklist.de|ssh|bot|irc-bot|brute-force|ziyadnz|hourly,2026-08-17T18:48:05Z,2026-08-17T18:48:05Z,
103.103.245.61,ipv4,ssh-brute-force,high,WHITE,blocklist.de/ssh|blocklist.de/all|ziyadnz/hourly-ipv4,blocklist.de|ssh|bot|irc-bot|brute-force|ziyadnz|hourly,2026-08-17T18:48:05Z,2026-08-17T18:48:05Z,
103.105.111.42,ipv4,ssh-brute-force,high,WHITE,blocklist.de/ssh|blocklist.de/all|ziyadnz/hourly-ipv4,blocklist.de|ssh|bot|irc-bot|brute-force|ziyadnz|hourly,2026-08-17T18:48:05Z,2026-08-17T18:48:05Z,
103.106.113.47,ipv4,ssh-brute-force,high,WHITE,blocklist.de/ssh|blocklist.de/all|ziyadnz/hourly-ipv4,blocklist.de|ssh|bot|irc-bot|brute-force|ziyadnz|hourly,2026-08-17T18:48:05Z,2026-08-17T18:48:05Z,
103.108.67.180,ipv4,ssh-brute-force,high,WHITE,blocklist.de/ssh|blocklist.de/all|ziyadnz/hourly-ipv4,blocklist.de|ssh|bot|irc-bot|brute-force|ziyadnz|hourly,2026-08-17T18:48:05Z,2026-08-17T18:48:05Z,
103.114.139.14,ipv4,ssh-brute-force,high,WHITE,blocklist.de/ssh|blocklist.de/all|ziyadnz/hourly-ipv4,blocklist.de|ssh|bot|irc-bot|brute-force|ziyadnz|hourly,2026-08-17T18:48:05Z,2026-08-17T18:48:05Z,
103.114.147.217,ipv4,ssh-brute-force,high,WHITE,blocklist.de/ssh|blocklist.de/all|ziyadnz/hourly-ipv4,blocklist.de|ssh|bot|irc-bot|brute-force|ziyadnz|hourly,2026-08-17T18:48:05Z,2026-08-17T18:48:05Z,
103.115.40.152,ipv4,ssh-brute-force,high,WHITE,blocklist.de/ssh|blocklist.de/all|ziyadnz/hourly-ipv4,blocklist.de|ssh|bot|irc-bot|brute-force|ziyadnz|hourly,2026-08-17T18:48:05Z,2026-08-17T18:48:05Z,
103.116.57.201,ipv4,ssh-brute-force,high,WHITE,blocklist.de/ssh|blocklist.de/all|ziyadnz/hourly-ipv4,blocklist.de|ssh|bot|irc-bot|brute-force|ziyadnz|hourly,2026-08-17T18:48:05Z,2026-08-17T18:48:05Z,
103.118.28.15,ipv4,ssh-brute-force,high,WHITE,blocklist.de/ssh|blocklist.de/all|ziyadnz/hourly-ipv4,blocklist.de|ssh|bot|irc-bot|brute-force|ziyadnz|hourly,2026-08-17T18:48:05Z,2026-08-17T18:48:05Z,
103.118.29.127,ipv4,ssh-brute-force,high,WHITE,blocklist.de/ssh|blocklist.de/all|ziyadnz/hourly-ipv4,blocklist.de|ssh|bot|irc-bot|brute-force|ziyadnz|hourly,2026-08-17T18:48:05Z,2026-08-17T18:48:05Z,
103.122.221.179,ipv4,ssh-brute-force,high,WHITE,blocklist.de/ssh|blocklist.de/all|ziyadnz/hourly-ipv4,blocklist.de|ssh|bot|irc-bot|brute-force|ziyadnz|hourly,2026-08-17T18:48:05Z,2026-08-17T18:48:05Z,
103.123.53.88,ipv4,ssh-brute-force,high,WHITE,blocklist.de/ssh|blocklist.de/all|ziyadnz/hourly-ipv4,blocklist.de|ssh|bot|irc-bot|brute-force|ziyadnz|hourly,2026-08-17T18:48:05Z,2026-08-17T18:48:05Z,
103.125.103.201,ipv4,ssh-brute-force,high,WHITE,blocklist.de/ssh|blocklist.de/all|ziyadnz/hourly-ipv4,blocklist.de|ssh|bot|irc-bot|brute-force|ziyadnz|hourly,2026-08-17T18:48:05Z,2026-08-17T18:48:05Z,
103.129.92.133,ipv4,ssh-brute-force,high,WHITE,blocklist.de/ssh|blocklist.de/all|ziyadnz/hourly-ipv4,blocklist.de|ssh|bot|irc-bot|brute-force|ziyadnz|hourly,2026-08-17T18:48:05Z,2026-08-17T18:48:05Z,
103.13.192.114,ipv4,ssh-brute-force,high,WHITE,blocklist.de/ssh|blocklist.de/all|ziyadnz/hourly-ipv4,blocklist.de|ssh|bot|irc-bot|brute-force|ziyadnz|hourly,2026-08-17T18:48:05Z,2026-08-17T18:48:05Z,
103.13.206.100,ipv4,ssh-brute-force,high,WHITE,blocklist.de/ssh|blocklist.de/all|ziyadnz/hourly-ipv4,blocklist.de|ssh|bot|irc-bot|brute-force|ziyadnz|hourly,2026-08-17T18:48:05Z,2026-08-17T18:48:05Z,
103.133.205.238,ipv4,ssh-brute-force,high,WHITE,blocklist.de/ssh|blocklist.de/all|ziyadnz/hourly-ipv4,blocklist.de|ssh|bot|irc-bot|brute-force|ziyadnz|hourly,2026-08-17T18:48:05Z,2026-08-17T18:48:05Z,
103.134.154.138,ipv4,ssh-brute-force,high,WHITE,blocklist.de/ssh|blocklist.de/all|ziyadnz/hourly-ipv4,blocklist.de|ssh|bot|irc-bot|brute-force|ziyadnz|hourly,2026-08-17T18:48:05Z,2026-08-17T18:48:05Z,
103.134.154.195,ipv4,ssh-brute-force,high,WHITE,blocklist.de/ssh|blocklist.de/all|ziyadnz/hourly-ipv4,blocklist.de|ssh|bot|irc-bot|brute-force|ziyadnz|hourly,2026-08-17T18:48:05Z,2026-08-17T18:48:05Z,
103.134.154.235,ipv4,ssh-brute-force,high,WHITE,blocklist.de/ssh|blocklist.de/all|ziyadnz/hourly-ipv4,blocklist.de|ssh|bot|irc-bot|brute-force|ziyadnz|hourly,2026-08-17T18:48:05Z,2026-08-17T18:48:05Z,
103.134.154.246,ipv4,ssh-brute-force,high,WHITE,blocklist.de/ssh|blocklist.de/all|ziyadnz/hourly-ipv4,blocklist.de|ssh|bot|irc-bot|brute-force|ziyadnz|hourly,2026-08-17T18:48:05Z,2026-08-17T18:48:05Z,
103.135.253.219,ipv4,ssh-brute-force,high,WHITE,blocklist.de/ssh|blocklist.de/all|ziyadnz/hourly-ipv4,blocklist.de|ssh|bot|irc-bot|brute-force|ziyadnz|hourly,2026-08-17T18:48:05Z,2026-08-17T18:48:05Z,
103.138.170.129,ipv4,ssh-brute-force,high,WHITE,blocklist.de/ssh|blocklist.de/all|ziyadnz/hourly-ipv4,blocklist.de|ssh|bot|irc-bot|brute-force|ziyadnz|hourly,2026-08-17T18:48:05Z,2026-08-17T18:48:05Z,
103.139.255.40,ipv4,ssh-brute-force,high,WHITE,blocklist.de/ssh|blocklist.de/all|ziyadnz/hourly-ipv4,blocklist.de|ssh|bot|irc-bot|brute-force|ziyadnz|hourly,2026-08-17T18:48:05Z,2026-08-17T18:48:05Z,
103.14.33.129,ipv4,ssh-brute-force,high,WHITE,blocklist.de/ssh|blocklist.de/all|ziyadnz/hourly-ipv4,blocklist.de|ssh|bot|irc-bot|brute-force|ziyadnz|hourly,2026-08-17T18:48:05Z,2026-08-17T18:48:05Z,
103.141.108.15,ipv4,ssh-brute-force,high,WHITE,blocklist.de/ssh|blocklist.de/all|ziyadnz/hourly-ipv4,blocklist.de|ssh|bot|irc-bot|brute-force|ziyadnz|hourly,2026-08-17T18:48:05Z,2026-08-17T18:48:05Z,
103.143.231.24,ipv4,ssh-brute-force,high,WHITE,blocklist.de/ssh|blocklist.de/all|ziyadnz/hourly-ipv4,blocklist.de|ssh|bot|irc-bot|brute-force|ziyadnz|hourly,2026-08-17T18:48:05Z,2026-08-17T18:48:05Z,
103.143.238.100,ipv4,ssh-brute-force,high,WHITE,blocklist.de/ssh|blocklist.de/all|ziyadnz/hourly-ipv4,blocklist.de|ssh|bot|irc-bot|brute-force|ziyadnz|hourly,2026-08-17T18:48:05Z,2026-08-17T18:48:05Z,
103.146.158.57,ipv4,ssh-brute-force,high,WHITE,blocklist.de/ssh|blocklist.de/all|ziyadnz/hourly-ipv4,blocklist.de|ssh|bot|irc-bot|brute-force|ziyadnz|hourly,2026-08-17T18:48:05Z,2026-08-17T18:48:05Z,
103.146.159.173,ipv4,ssh-brute-force,high,WHITE,blocklist.de/ssh|blocklist.de/all|ziyadnz/hourly-ipv4,blocklist.de|ssh|bot|irc-bot|brute-force|ziyadnz|hourly,2026-08-17T18:48:05Z,2026-08-17T18:48:05Z,
103.147.14.125,ipv4,ssh-brute-force,high,WHITE,blocklist.de/ssh|blocklist.de/all|ziyadnz/hourly-ipv4,blocklist.de|ssh|bot|irc-bot|brute-force|ziyadnz|hourly,2026-08-17T18:48:05Z,2026-08-17T18:48:05Z,
103.147.159.91,ipv4,ssh-brute-force,high,WHITE,blocklist.de/ssh|blocklist.de/all|ziyadnz/hourly-ipv4,blocklist.de|ssh|bot|irc-bot|brute-force|ziyadnz|hourly,2026-08-17T18:48:05Z,2026-08-17T18:48:05Z,
103.147.163.76,ipv4,ssh-brute-force,high,WHITE,blocklist.de/ssh|blocklist.de/all|ziyadnz/hourly-ipv4,blocklist.de|ssh|bot|irc-bot|brute-force|ziyadnz|hourly,2026-08-17T18:48:05Z,2026-08-17T18:48:05Z,
103.147.87.173,ipv4,ssh-brute-force,high,WHITE,blocklist.de/ssh|blocklist.de/all|ziyadnz/hourly-ipv4,blocklist.de|ssh|bot|irc-bot|brute-force|ziyadnz|hourly,2026-08-17T18:48:05Z,2026-08-17T18:48:05Z,
103.148.100.146,ipv4,ssh-brute-force,high,WHITE,blocklist.de/ssh|blocklist.de/all|ziyadnz/hourly-ipv4,blocklist.de|ssh|bot|irc-bot|brute-force|ziyadnz|hourly,2026-08-17T18:48:05Z,2026-08-17T18:48:05Z,
103.149.170.125,ipv4,ssh-brute-force,high,WHITE,blocklist.de/ssh|blocklist.de/all|ziyadnz/hourly-ipv4,blocklist.de|ssh|bot|irc-bot|brute-force|ziyadnz|hourly,2026-08-17T18:48:05Z,2026-08-17T18:48:05Z,
103.149.28.157,ipv4,ssh-brute-force,high,WHITE,blocklist.de/ssh|blocklist.de/all|ziyadnz/hourly-ipv4,blocklist.de|ssh|bot|irc-bot|brute-force|ziyadnz|hourly,2026-08-17T18:48:05Z,2026-08-17T18:48:05Z,
103.15.222.183,ipv4,ssh-brute-force,high,WHITE,blocklist.de/ssh|blocklist.de/all|ziyadnz/hourly-ipv4,blocklist.de|ssh|bot|irc-bot|brute-force|ziyadnz|hourly,2026-08-17T18:48:05Z,2026-08-17T18:48:05Z,
103.151.46.62,ipv4,ssh-brute-force,high,WHITE,blocklist.de/ssh|blocklist.de/all|ziyadnz/hourly-ipv4,blocklist.de|ssh|bot|irc-bot|brute-force|ziyadnz|hourly,2026-08-17T18:48:05Z,2026-08-17T18:48:05Z,
103.153.254.96,ipv4,ssh-brute-force,high,WHITE,blocklist.de/ssh|blocklist.de/all|ziyadnz/hourly-ipv4,blocklist.de|ssh|bot|irc-bot|brute-force|ziyadnz|hourly,2026-08-17T18:48:05Z,2026-08-17T18:48:05Z,
103.153.68.219,ipv4,ssh-brute-force,high,WHITE,blocklist.de/ssh|blocklist.de/all|ziyadnz/hourly-ipv4,blocklist.de|ssh|bot|irc-bot|brute-force|ziyadnz|hourly,2026-08-17T18:48:05Z,2026-08-17T18:48:05Z,
103.154.62.14,ipv4,ssh-brute-force,high,WHITE,blocklist.de/ssh|blocklist.de/all|ziyadnz/hourly-ipv4,blocklist.de|ssh|bot|irc-bot|brute-force|ziyadnz|hourly,2026-08-17T18:48:05Z,2026-08-17T18:48:05Z,
103.154.63.62,ipv4,ssh-brute-force,high,WHITE,blocklist.de/ssh|blocklist.de/all|ziyadnz/hourly-ipv4,blocklist.de|ssh|bot|irc-bot|brute-force|ziyadnz|hourly,2026-08-17T18:48:05Z,2026-08-17T18:48:05Z,
103.155.47.50,ipv4,ssh-brute-force,high,WHITE,blocklist.de/ssh|blocklist.de/all|ziyadnz/hourly-ipv4,blocklist.de|ssh|bot|irc-bot|brute-force|ziyadnz|hourly,2026-08-17T18:48:05Z,2026-08-17T18:48:05Z,
103.156.71.26,ipv4,ssh-brute-force,high,WHITE,blocklist.de/ssh|blocklist.de/all|ziyadnz/hourly-ipv4,blocklist.de|ssh|bot|irc-bot|brute-force|ziyadnz|hourly,2026-08-17T18:48:05Z,2026-08-17T18:48:05Z,
103.157.149.14,ipv4,ssh-brute-force,high,WHITE,blocklist.de/ssh|blocklist.de/all|ziyadnz/hourly-ipv4,blocklist.de|ssh|bot|irc-bot|brute-force|ziyadnz|hourly,2026-08-17T18:48:05Z,2026-08-17T18:48:05Z,
103.157.79.1,ipv4,ssh-brute-force,high,WHITE,blocklist.de/ssh|blocklist.de/all|ziyadnz/hourly-ipv4,blocklist.de|ssh|bot|irc-bot|brute-force|ziyadnz|hourly,2026-08-17T18:48:05Z,2026-08-17T18:48:05Z,
103.159.51.70,ipv4,ssh-brute-force,high,WHITE,blocklist.de/ssh|blocklist.de/all|ziyadnz/hourly-ipv4,blocklist.de|ssh|bot|irc-bot|brute-force|ziyadnz|hourly,2026-08-17T18:48:05Z,2026-08-17T18:48:05Z,
103.159.54.61,ipv4,ssh-brute-force,high,WHITE,blocklist.de/ssh|blocklist.de/all|ziyadnz/hourly-ipv4,blocklist.de|ssh|bot|irc-bot|brute-force|ziyadnz|hourly,2026-08-17T18:48:05Z,2026-08-17T18:48:05Z,
103.161.113.136,ipv4,ssh-brute-force,high,WHITE,blocklist.de/ssh|blocklist.de/all|ziyadnz/hourly-ipv4,blocklist.de|ssh|bot|irc-bot|brute-force|ziyadnz|hourly,2026-08-17T18:48:05Z,2026-08-17T18:48:05Z,
103.162.196.119,ipv4,ssh-brute-force,high,WHITE,blocklist.de/ssh|blocklist.de/all|ziyadnz/hourly-ipv4,blocklist.de|ssh|bot|irc-bot|brute-force|ziyadnz|hourly,2026-08-17T18:48:05Z,2026-08-17T18:48:05Z,
103.163.47.109,ipv4,ssh-brute-force,high,WHITE,blocklist.de/ssh|blocklist.de/all|ziyadnz/hourly-ipv4,blocklist.de|ssh|bot|irc-bot|brute-force|ziyadnz|hourly,2026-08-17T18:48:05Z,2026-08-17T18:48:05Z,
103.164.35.7,ipv4,ssh-brute-force,high,WHITE,blocklist.de/ssh|blocklist.de/all|ziyadnz/hourly-ipv4,blocklist.de|ssh|bot|irc-bot|brute-force|ziyadnz|hourly,2026-08-17T18:48:05Z,2026-08-17T18:48:05Z,
103.164.57.37,ipv4,ssh-brute-force,high,WHITE,blocklist.de/ssh|blocklist.de/all|ziyadnz/hourly-ipv4,blocklist.de|ssh|bot|irc-bot|brute-force|ziyadnz|hourly,2026-08-17T18:48:05Z,2026-08-17T18:48:05Z,
103.165.206.238,ipv4,ssh-brute-force,high,WHITE,blocklist.de/ssh|blocklist.de/all|ziyadnz/hourly-ipv4,blocklist.de|ssh|bot|irc-bot|brute-force|ziyadnz|hourly,2026-08-17T18:48:05Z,2026-08-17T18:48:05Z,
103.166.103.173,ipv4,ssh-brute-force,high,WHITE,blocklist.de/ssh|blocklist.de/all|ziyadnz/hourly-ipv4,blocklist.de|ssh|bot|irc-bot|brute-force|ziyadnz|hourly,2026-08-17T18:48:05Z,2026-08-17T18:48:05Z,
103.167.89.222,ipv4,ssh-brute-force,high,WHITE,blocklist.de/ssh|blocklist.de/all|ziyadnz/hourly-ipv4,blocklist.de|ssh|bot|irc-bot|brute-force|ziyadnz|hourly,2026-08-17T18:48:05Z,2026-08-17T18:48:05Z,
103.168.135.187,ipv4,ssh-brute-force,high,WHITE,blocklist.de/ssh|blocklist.de/all|ziyadnz/hourly-ipv4,blocklist.de|ssh|bot|irc-bot|brute-force|ziyadnz|hourly,2026-08-17T18:48:05Z,2026-08-17T18:48:05Z,
103.169.91.103,ipv4,ssh-brute-force,high,WHITE,blocklist.de/ssh|blocklist.de/all|ziyadnz/hourly-ipv4,blocklist.de|ssh|bot|irc-bot|brute-force|ziyadnz|hourly,2026-08-17T18:48:05Z,2026-08-17T18:48:05Z,
103.169.91.108,ipv4,ssh-brute-force,high,WHITE,blocklist.de/ssh|blocklist.de/all|ziyadnz/hourly-ipv4,blocklist.de|ssh|bot|irc-bot|brute-force|ziyadnz|hourly,2026-08-17T18:48:05Z,2026-08-17T18:48:05Z,
103.172.20.218,ipv4,ssh-brute-force,high,WHITE,blocklist.de/ssh|blocklist.de/all|ziyadnz/hourly-ipv4,blocklist.de|ssh|bot|irc-bot|brute-force|ziyadnz|hourly,2026-08-17T18:48:05Z,2026-08-17T18:48:05Z,
103.172.236.241,ipv4,ssh-brute-force,high,WHITE,blocklist.de/ssh|blocklist.de/all|ziyadnz/hourly-ipv4,blocklist.de|ssh|bot|irc-bot|brute-force|ziyadnz|hourly,2026-08-17T18:48:05Z,2026-08-17T18:48:05Z,
103.172.78.219,ipv4,ssh-brute-force,high,WHITE,blocklist.de/ssh|blocklist.de/all|ziyadnz/hourly-ipv4,blocklist.de|ssh|bot|irc-bot|brute-force|ziyadnz|hourly,2026-08-17T18:48:05Z,2026-08-17T18:48:05Z,
103.176.20.115,ipv4,ssh-brute-force,high,WHITE,blocklist.de/ssh|blocklist.de/all|ziyadnz/hourly-ipv4,blocklist.de|ssh|bot|irc-bot|brute-force|ziyadnz|hourly,2026-08-17T18:48:05Z,2026-08-17T18:48:05Z,
103.176.20.57,ipv4,ssh-brute-force,high,WHITE,blocklist.de/ssh|blocklist.de/all|ziyadnz/hourly-ipv4,blocklist.de|ssh|bot|irc-bot|brute-force|ziyadnz|hourly,2026-08-17T18:48:05Z,2026-08-17T18:48:05Z,
103.176.66.201,ipv4,ssh-brute-force,high,WHITE,blocklist.de/ssh|blocklist.de/all|ziyadnz/hourly-ipv4,blocklist.de|ssh|bot|irc-bot|brute-force|ziyadnz|hourly,2026-08-17T18:48:05Z,2026-08-17T18:48:05Z,
103.177.15.14,ipv4,ssh-brute-force,high,WHITE,blocklist.de/ssh|blocklist.de/all|ziyadnz/hourly-ipv4,blocklist.de|ssh|bot|irc-bot|brute-force|ziyadnz|hourly,2026-08-17T18:48:05Z,2026-08-17T18:48:05Z,
103.177.253.167,ipv4,ssh-brute-force,high,WHITE,blocklist.de/ssh|blocklist.de/all|ziyadnz/hourly-ipv4,blocklist.de|ssh|bot|irc-bot|brute-force|ziyadnz|hourly,2026-08-17T18:48:05Z,2026-08-17T18:48:05Z,
103.177.78.20,ipv4,ssh-brute-force,high,WHITE,blocklist.de/ssh|blocklist.de/all|ziyadnz/hourly-ipv4,blocklist.de|ssh|bot|irc-bot|brute-force|ziyadnz|hourly,2026-08-17T18:48:05Z,2026-08-17T18:48:05Z,
103.179.174.112,ipv4,ssh-brute-force,high,WHITE,blocklist.de/ssh|blocklist.de/all|ziyadnz/hourly-ipv4,blocklist.de|ssh|bot|irc-bot|brute-force|ziyadnz|hourly,2026-08-17T18:48:05Z,2026-08-17T18:48:05Z,
103.180.134.39,ipv4,ssh-brute-force,high,WHITE,blocklist.de/ssh|blocklist.de/all|ziyadnz/hourly-ipv4,blocklist.de|ssh|bot|irc-bot|brute-force|ziyadnz|hourly,2026-08-17T18:48:05Z,2026-08-17T18:48:05Z,
103.182.132.154,ipv4,ssh-brute-force,high,WHITE,blocklist.de/ssh|blocklist.de/all|ziyadnz/hourly-ipv4,blocklist.de|ssh|bot|irc-bot|brute-force|ziyadnz|hourly,2026-08-17T18:48:05Z,2026-08-17T18:48:05Z,
103.183.22.74,ipv4,ssh-brute-force,high,WHITE,blocklist.de/ssh|blocklist.de/all|ziyadnz/hourly-ipv4,blocklist.de|ssh|bot|irc-bot|brute-force|ziyadnz|hourly,2026-08-17T18:48:05Z,2026-08-17T18:48:05Z,
103.183.62.0,ipv4,ssh-brute-force,high,WHITE,blocklist.de/ssh|blocklist.de/all|ziyadnz/hourly-ipv4,blocklist.de|ssh|bot|irc-bot|brute-force|ziyadnz|hourly,2026-08-17T18:48:05Z,2026-08-17T18:48:05Z,
103.183.62.1,ipv4,ssh-brute-force,high,WHITE,blocklist.de/ssh|blocklist.de/all|ziyadnz/hourly-ipv4,blocklist.de|ssh|bot|irc-bot|brute-force|ziyadnz|hourly,2026-08-17T18:48:05Z,2026-08-17T18:48:05Z,
103.183.62.2,ipv4,ssh-brute-force,high,WHITE,blocklist.de/ssh|blocklist.de/all|ziyadnz/hourly-ipv4,blocklist.de|ssh|bot|irc-bot|brute-force|ziyadnz|hourly,2026-08-17T18:48:05Z,2026-08-17T18:48:05Z,
103.183.62.3,ipv4,ssh-brute-force,high,WHITE,blocklist.de/ssh|blocklist.de/all|ziyadnz/hourly-ipv4,blocklist.de|ssh|bot|irc-bot|brute-force|ziyadnz|hourly,2026-08-17T18:48:05Z,2026-08-17T18:48:05Z,
103.185.223.11,ipv4,ssh-brute-force,high,WHITE,blocklist.de/ssh|blocklist.de/all|ziyadnz/hourly-ipv4,blocklist.de|ssh|bot|irc-bot|brute-force|ziyadnz|hourly,2026-08-17T18:48:05Z,2026-08-17T18:48:05Z,
103.186.31.66,ipv4,ssh-brute-force,high,WHITE,blocklist.de/ssh|blocklist.de/all|ziyadnz/hourly-ipv4,blocklist.de|ssh|bot|irc-bot|brute-force|ziyadnz|hourly,2026-08-17T18:48:05Z,2026-08-17T18:48:05Z,
103.187.146.107,ipv4,ssh-brute-force,high,WHITE,blocklist.de/ssh|blocklist.de/all|ziyadnz/hourly-ipv4,blocklist.de|ssh|bot|irc-bot|brute-force|ziyadnz|hourly,2026-08-17T18:48:05Z,2026-08-17T18:48:05Z,
103.187.147.0,ipv4,ssh-brute-force,high,WHITE,blocklist.de/ssh|blocklist.de/all|ziyadnz/hourly-ipv4,blocklist.de|ssh|bot|irc-bot|brute-force|ziyadnz|hourly,2026-08-17T18:48:05Z,2026-08-17T18:48:05Z,
103.187.165.26,ipv4,ssh-brute-force,high,WHITE,blocklist.de/ssh|blocklist.de/all|ziyadnz/hourly-ipv4,blocklist.de|ssh|bot|irc-bot|brute-force|ziyadnz|hourly,2026-08-17T18:48:05Z,2026-08-17T18:48:05Z,
103.189.208.13,ipv4,ssh-brute-force,high,WHITE,blocklist.de/ssh|blocklist.de/all|ziyadnz/hourly-ipv4,blocklist.de|ssh|bot|irc-bot|brute-force|ziyadnz|hourly,2026-08-17T18:48:05Z,2026-08-17T18:48:05Z,
103.189.234.85,ipv4,ssh-brute-force,high,WHITE,blocklist.de/ssh|blocklist.de/all|ziyadnz/hourly-ipv4,blocklist.de|ssh|bot|irc-bot|brute-force|ziyadnz|hourly,2026-08-17T18:48:05Z,2026-08-17T18:48:05Z,
103.189.234.96,ipv4,ssh-brute-force,high,WHITE,blocklist.de/ssh|blocklist.de/all|ziyadnz/hourly-ipv4,blocklist.de|ssh|bot|irc-bot|brute-force|ziyadnz|hourly,2026-08-17T18:48:05Z,2026-08-17T18:48:05Z,
103.189.235.167,ipv4,ssh-brute-force,high,WHITE,blocklist.de/ssh|blocklist.de/all|ziyadnz/hourly-ipv4,blocklist.de|ssh|bot|irc-bot|brute-force|ziyadnz|hourly,2026-08-17T18:48:05Z,2026-08-17T18:48:05Z,
103.189.235.176,ipv4,ssh-brute-force,high,WHITE,blocklist.de/ssh|blocklist.de/all|ziyadnz/hourly-ipv4,blocklist.de|ssh|bot|irc-bot|brute-force|ziyadnz|hourly,2026-08-17T18:48:05Z,2026-08-17T18:48:05Z,
103.19.109.7,ipv4,ssh-brute-force,high,WHITE,blocklist.de/ssh|blocklist.de/all|ziyadnz/hourly-ipv4,blocklist.de|ssh|bot|irc-bot|brute-force|ziyadnz|hourly,2026-08-17T18:48:05Z,2026-08-17T18:48:05Z,
103.190.40.85,ipv4,ssh-brute-force,high,WHITE,blocklist.de/ssh|blocklist.de/all|ziyadnz/hourly-ipv4,blocklist.de|ssh|bot|irc-bot|brute-force|ziyadnz|hourly,2026-08-17T18:48:05Z,2026-08-17T18:48:05Z,
103.191.14.210,ipv4,ssh-brute-force,high,WHITE,blocklist.de/ssh|blocklist.de/all|ziyadnz/hourly-ipv4,blocklist.de|ssh|bot|irc-bot|brute-force|ziyadnz|hourly,2026-08-17T18:48:05Z,2026-08-17T18:48:05Z,
103.193.179.139,ipv4,ssh-brute-force,high,WHITE,blocklist.de/ssh|blocklist.de/all|ziyadnz/hourly-ipv4,blocklist.de|ssh|bot|irc-bot|brute-force|ziyadnz|hourly,2026-08-17T18:48:05Z,2026-08-17T18:48:05Z,
103.194.243.199,ipv4,ssh-brute-force,high,WHITE,blocklist.de/ssh|blocklist.de/all|ziyadnz/hourly-ipv4,blocklist.de|ssh|bot|irc-bot|brute-force|ziyadnz|hourly,2026-08-17T18:48:05Z,2026-08-17T18:48:05Z,
103.195.238.118,ipv4,ssh-brute-force,high,WHITE,blocklist.de/ssh|blocklist.de/all|ziyadnz/hourly-ipv4,blocklist.de|ssh|bot|irc-bot|brute-force|ziyadnz|hourly,2026-08-17T18:48:05Z,2026-08-17T18:48:05Z,
103.199.16.90,ipv4,ssh-brute-force,high,WHITE,blocklist.de/ssh|blocklist.de/all|ziyadnz/hourly-ipv4,blocklist.de|ssh|bot|irc-bot|brute-force|ziyadnz|hourly,2026-08-17T18:48:05Z,2026-08-17T18:48:05Z,
103.20.122.54,ipv4,ssh-brute-force,high,WHITE,blocklist.de/ssh|blocklist.de/all|ziyadnz/hourly-ipv4,blocklist.de|ssh|bot|irc-bot|brute-force|ziyadnz|hourly,2026-08-17T18:48:05Z,2026-08-17T18:48:05Z,
103.200.20.41,ipv4,ssh-brute-force,high,WHITE,blocklist.de/ssh|blocklist.de/all|ziyadnz/hourly-ipv4,blocklist.de|ssh|bot|irc-bot|brute-force|ziyadnz|hourly,2026-08-17T18:48:05Z,2026-08-17T18:48:05Z,
103.200.22.154,ipv4,ssh-brute-force,high,WHITE,blocklist.de/ssh|blocklist.de/all|ziyadnz/hourly-ipv4,blocklist.de|ssh|bot|irc-bot|brute-force|ziyadnz|hourly,2026-08-17T18:48:05Z,2026-08-17T18:48:05Z,
103.200.23.107,ipv4,ssh-brute-force,high,WHITE,blocklist.de/ssh|blocklist.de/all|ziyadnz/hourly-ipv4,blocklist.de|ssh|bot|irc-bot|brute-force|ziyadnz|hourly,2026-08-17T18:48:05Z,2026-08-17T18:48:05Z,
103.200.23.154,ipv4,ssh-brute-force,high,WHITE,blocklist.de/ssh|blocklist.de/all|ziyadnz/hourly-ipv4,blocklist.de|ssh|bot|irc-bot|brute-force|ziyadnz|hourly,2026-08-17T18:48:05Z,2026-08-17T18:48:05Z,
103.200.25.198,ipv4,ssh-brute-force,high,WHITE,blocklist.de/ssh|blocklist.de/all|ziyadnz/hourly-ipv4,blocklist.de|ssh|bot|irc-bot|brute-force|ziyadnz|hourly,2026-08-17T18:48:05Z,2026-08-17T18:48:05Z,
103.203.45.240,ipv4,ssh-brute-force,high,WHITE,blocklist.de/ssh|blocklist.de/all|ziyadnz/hourly-ipv4,blocklist.de|ssh|bot|irc-bot|brute-force|ziyadnz|hourly,2026-08-17T18:48:05Z,2026-08-17T18:48:05Z,
103.203.57.2,ipv4,ssh-brute-force,high,WHITE,blocklist.de/ssh|blocklist.de/all|ziyadnz/hourly-ipv4,blocklist.de|ssh|bot|irc-bot|brute-force|ziyadnz|hourly,2026-08-17T18:48:05Z,2026-08-17T18:48:05Z,
103.207.9.246,ipv4,ssh-brute-force,high,WHITE,blocklist.de/ssh|blocklist.de/all|ziyadnz/hourly-ipv4,blocklist.de|ssh|bot|irc-bot|brute-force|ziyadnz|hourly,2026-08-17T18:48:05Z,2026-08-17T18:48:05Z,
103.208.219.38,ipv4,ssh-brute-force,high,WHITE,blocklist.de/ssh|blocklist.de/all|ziyadnz/hourly-ipv4,blocklist.de|ssh|bot|irc-bot|brute-force|ziyadnz|hourly,2026-08-17T18:48:05Z,2026-08-17T18:48:05Z,
103.210.21.178,ipv4,ssh-brute-force,high,WHITE,blocklist.de/ssh|blocklist.de/all|ziyadnz/hourly-ipv4,blocklist.de|ssh|bot|irc-bot|brute-force|ziyadnz|hourly,2026-08-17T18:48:05Z,2026-08-17T18:48:05Z,
103.213.238.91,ipv4,ssh-brute-force,high,WHITE,blocklist.de/ssh|blocklist.de/all|ziyadnz/hourly-ipv4,blocklist.de|ssh|bot|irc-bot|brute-force|ziyadnz|hourly,2026-08-17T18:48:05Z,2026-08-17T18:48:05Z,
103.214.63.123,ipv4,ssh-brute-force,high,WHITE,blocklist.de/ssh|blocklist.de/all|ziyadnz/hourly-ipv4,blocklist.de|ssh|bot|irc-bot|brute-force|ziyadnz|hourly,2026-08-17T18:48:05Z,2026-08-17T18:48:05Z,
103.214.63.94,ipv4,ssh-brute-force,high,WHITE,blocklist.de/ssh|blocklist.de/all|ziyadnz/hourly-ipv4,blocklist.de|ssh|bot|irc-bot|brute-force|ziyadnz|hourly,2026-08-17T18:48:05Z,2026-08-17T18:48:05Z,
103.216.145.2,ipv4,ssh-brute-force,high,WHITE,blocklist.de/ssh|blocklist.de/all|ziyadnz/hourly-ipv4,blocklist.de|ssh|bot|irc-bot|brute-force|ziyadnz|hourly,2026-08-17T18:48:05Z,2026-08-17T18:48:05Z,
103.217.111.216,ipv4,ssh-brute-force,high,WHITE,blocklist.de/ssh|blocklist.de/all|ziyadnz/hourly-ipv4,blocklist.de|ssh|bot|irc-bot|brute-force|ziyadnz|hourly,2026-08-17T18:48:05Z,2026-08-17T18:48:05Z,
103.219.32.239,ipv4,ssh-brute-force,high,WHITE,blocklist.de/ssh|blocklist.de/all|ziyadnz/hourly-ipv4,blocklist.de|ssh|bot|irc-bot|brute-force|ziyadnz|hourly,2026-08-17T18:48:05Z,2026-08-17T18:48:05Z,
103.224.171.158,ipv4,ssh-brute-force,high,WHITE,blocklist.de/ssh|blocklist.de/all|ziyadnz/hourly-ipv4,blocklist.de|ssh|bot|irc-bot|brute-force|ziyadnz|hourly,2026-08-17T18:48:05Z,2026-08-17T18:48:05Z,
103.229.125.106,ipv4,ssh-brute-force,high,WHITE,blocklist.de/ssh|blocklist.de/all|ziyadnz/hourly-ipv4,blocklist.de|ssh|bot|irc-bot|brute-force|ziyadnz|hourly,2026-08-17T18:48:05Z,2026-08-17T18:48:05Z,
103.229.125.91,ipv4,ssh-brute-force,high,WHITE,blocklist.de/ssh|blocklist.de/all|ziyadnz/hourly-ipv4,blocklist.de|ssh|bot|irc-bot|brute-force|ziyadnz|hourly,2026-08-17T18:48:05Z,2026-08-17T18:48:05Z,
103.233.206.154,ipv4,ssh-brute-force,high,WHITE,blocklist.de/ssh|blocklist.de/all|ziyadnz/hourly-ipv4,blocklist.de|ssh|bot|irc-bot|brute-force|ziyadnz|hourly,2026-08-17T18:48:05Z,2026-08-17T18:48:05Z,
103.236.98.157,ipv4,ssh-brute-force,high,WHITE,blocklist.de/ssh|blocklist.de/all|ziyadnz/hourly-ipv4,blocklist.de|ssh|bot|irc-bot|brute-force|ziyadnz|hourly,2026-08-17T18:48:05Z,2026-08-17T18:48:05Z,
103.24.63.85,ipv4,ssh-brute-force,high,WHITE,blocklist.de/ssh|blocklist.de/all|ziyadnz/hourly-ipv4,blocklist.de|ssh|bot|irc-bot|brute-force|ziyadnz|hourly,2026-08-17T18:48:05Z,2026-08-17T18:48:05Z,
103.240.4.72,ipv4,ssh-brute-force,high,WHITE,blocklist.de/ssh|blocklist.de/all|ziyadnz/hourly-ipv4,blocklist.de|ssh|bot|irc-bot|brute-force|ziyadnz|hourly,2026-08-17T18:48:05Z,2026-08-17T18:48:05Z,
103.241.45.120,ipv4,ssh-brute-force,high,WHITE,blocklist.de/ssh|blocklist.de/all|ziyadnz/hourly-ipv4,blocklist.de|ssh|bot|irc-bot|brute-force|ziyadnz|hourly,2026-08-17T18:48:05Z,2026-08-17T18:48:05Z,
103.243.26.174,ipv4,ssh-brute-force,high,WHITE,blocklist.de/ssh|blocklist.de/all|ziyadnz/hourly-ipv4,blocklist.de|ssh|bot|irc-bot|brute-force|ziyadnz|hourly,2026-08-17T18:48:05Z,2026-08-17T18:48:05Z,
103.250.10.63,ipv4,ssh-brute-force,high,WHITE,blocklist.de/ssh|blocklist.de/all|ziyadnz/hourly-ipv4,blocklist.de|ssh|bot|irc-bot|brute-force|ziyadnz|hourly,2026-08-17T18:48:05Z,2026-08-17T18:48:05Z,
103.250.11.156,ipv4,ssh-brute-force,high,WHITE,blocklist.de/ssh|blocklist.de/all|ziyadnz/hourly-ipv4,blocklist.de|ssh|bot|irc-bot|brute-force|ziyadnz|hourly,2026-08-17T18:48:05Z,2026-08-17T18:48:05Z,
103.252.127.145,ipv4,ssh-brute-force,high,WHITE,blocklist.de/ssh|blocklist.de/all|ziyadnz/hourly-ipv4,blocklist.de|ssh|bot|irc-bot|brute-force|ziyadnz|hourly,2026-08-17T18:48:05Z,2026-08-17T18:48:05Z,
103.252.127.146,ipv4,ssh-brute-force,high,WHITE,blocklist.de/ssh|blocklist.de/all|ziyadnz/hourly-ipv4,blocklist.de|ssh|bot|irc-bot|brute-force|ziyadnz|hourly,2026-08-17T18:48:05Z,2026-08-17T18:48:05Z,
103.252.127.151,ipv4,ssh-brute-force,high,WHITE,blocklist.de/ssh|blocklist.de/all|ziyadnz/hourly-ipv4,blocklist.de|ssh|bot|irc-bot|brute-force|ziyadnz|hourly,2026-08-17T18:48:05Z,2026-08-17T18:48:05Z,
103.255.200.90,ipv4,ssh-brute-force,high,WHITE,blocklist.de/ssh|blocklist.de/all|ziyadnz/hourly-ipv4,blocklist.de|ssh|bot|irc-bot|brute-force|ziyadnz|hourly,2026-08-17T18:48:05Z,2026-08-17T18:48:05Z,
103.26.209.178,ipv4,ssh-brute-force,high,WHITE,blocklist.de/ssh|blocklist.de/all|ziyadnz/hourly-ipv4,blocklist.de|ssh|bot|irc-bot|brute-force|ziyadnz|hourly,2026-08-17T18:48:05Z,2026-08-17T18:48:05Z,
103.27.238.114,ipv4,ssh-brute-force,high,WHITE,blocklist.de/ssh|blocklist.de/all|ziyadnz/hourly-ipv4,blocklist.de|ssh|bot|irc-bot|brute-force|ziyadnz|hourly,2026-08-17T18:48:05Z,2026-08-17T18:48:05Z,
103.27.238.116,ipv4,ssh-brute-force,high,WHITE,blocklist.de/ssh|blocklist.de/all|ziyadnz/hourly-ipv4,blocklist.de|ssh|bot|irc-bot|brute-force|ziyadnz|hourly,2026-08-17T18:48:05Z,2026-08-17T18:48:05Z,
103.27.238.120,ipv4,ssh-brute-force,high,WHITE,blocklist.de/ssh|blocklist.de/all|ziyadnz/hourly-ipv4,blocklist.de|ssh|bot|irc-bot|brute-force|ziyadnz|hourly,2026-08-17T18:48:05Z,2026-08-17T18:48:05Z,
103.30.40.129,ipv4,ssh-brute-force,high,WHITE,blocklist.de/ssh|blocklist.de/all|ziyadnz/hourly-ipv4,blocklist.de|ssh|bot|irc-bot|brute-force|ziyadnz|hourly,2026-08-17T18:48:05Z,2026-08-17T18:48:05Z,
103.31.39.188,ipv4,ssh-brute-force,high,WHITE,blocklist.de/ssh|blocklist.de/all|ziyadnz/hourly-ipv4,blocklist.de|ssh|bot|irc-bot|brute-force|ziyadnz|hourly,2026-08-17T18:48:05Z,2026-08-17T18:48:05Z,
103.38.219.22,ipv4,ssh-brute-force,high,WHITE,blocklist.de/ssh|blocklist.de/all|ziyadnz/hourly-ipv4,blocklist.de|ssh|bot|irc-bot|brute-force|ziyadnz|hourly,2026-08-17T18:48:05Z,2026-08-17T18:48:05Z,
103.39.213.200,ipv4,ssh-brute-force,high,WHITE,blocklist.de/ssh|blocklist.de/all|ziyadnz/hourly-ipv4,blocklist.de|ssh|bot|irc-bot|brute-force|ziyadnz|hourly,2026-08-17T18:48:05Z,2026-08-17T18:48:05Z,
103.39.225.74,ipv4,ssh-brute-force,high,WHITE,blocklist.de/ssh|blocklist.de/all|ziyadnz/hourly-ipv4,blocklist.de|ssh|bot|irc-bot|brute-force|ziyadnz|hourly,2026-08-17T18:48:05Z,2026-08-17T18:48:05Z,
103.40.11.179,ipv4,ssh-brute-force,high,WHITE,blocklist.de/ssh|blocklist.de/all|ziyadnz/hourly-ipv4,blocklist.de|ssh|bot|irc-bot|brute-force|ziyadnz|hourly,2026-08-17T18:48:05Z,2026-08-17T18:48:05Z,
103.42.57.146,ipv4,ssh-brute-force,high,WHITE,blocklist.de/ssh|blocklist.de/all|ziyadnz/hourly-ipv4,blocklist.de|ssh|bot|irc-bot|brute-force|ziyadnz|hourly,2026-08-17T18:48:05Z,2026-08-17T18:48:05Z,
103.43.191.43,ipv4,ssh-brute-force,high,WHITE,blocklist.de/ssh|blocklist.de/all|ziyadnz/hourly-ipv4,blocklist.de|ssh|bot|irc-bot|brute-force|ziyadnz|hourly,2026-08-17T18:48:05Z,2026-08-17T18:48:05Z,
103.43.76.194,ipv4,ssh-brute-force,high,WHITE,blocklist.de/ssh|blocklist.de/all|ziyadnz/hourly-ipv4,blocklist.de|ssh|bot|irc-bot|brute-force|ziyadnz|hourly,2026-08-17T18:48:05Z,2026-08-17T18:48:05Z,
103.43.77.243,ipv4,ssh-brute-force,high,WHITE,blocklist.de/ssh|blocklist.de/all|ziyadnz/hourly-ipv4,blocklist.de|ssh|bot|irc-bot|brute-force|ziyadnz|hourly,2026-08-17T18:48:05Z,2026-08-17T18:48:05Z,
103.48.84.200,ipv4,ssh-brute-force,high,WHITE,blocklist.de/ssh|blocklist.de/all|ziyadnz/hourly-ipv4,blocklist.de|ssh|bot|irc-bot|brute-force|ziyadnz|hourly,2026-08-17T18:48:05Z,2026-08-17T18:48:05Z,
103.49.233.89,ipv4,ssh-brute-force,high,WHITE,blocklist.de/ssh|blocklist.de/all|ziyadnz/hourly-ipv4,blocklist.de|ssh|bot|irc-bot|brute-force|ziyadnz|hourly,2026-08-17T18:48:05Z,2026-08-17T18:48:05Z,
103.54.56.236,ipv4,ssh-brute-force,high,WHITE,blocklist.de/ssh|blocklist.de/all|ziyadnz/hourly-ipv4,blocklist.de|ssh|bot|irc-bot|brute-force|ziyadnz|hourly,2026-08-17T18:48:05Z,2026-08-17T18:48:05Z,
103.57.204.2,ipv4,ssh-brute-force,high,WHITE,blocklist.de/ssh|blocklist.de/all|ziyadnz/hourly-ipv4,blocklist.de|ssh|bot|irc-bot|brute-force|ziyadnz|hourly,2026-08-17T18:48:05Z,2026-08-17T18:48:05Z,
103.59.163.132,ipv4,ssh-brute-force,high,WHITE,blocklist.de/ssh|blocklist.de/all|ziyadnz/hourly-ipv4,blocklist.de|ssh|bot|irc-bot|brute-force|ziyadnz|hourly,2026-08-17T18:48:05Z,2026-08-17T18:48:05Z,
103.59.163.133,ipv4,ssh-brute-force,high,WHITE,blocklist.de/ssh|blocklist.de/all|ziyadnz/hourly-ipv4,blocklist.de|ssh|bot|irc-bot|brute-force|ziyadnz|hourly,2026-08-17T18:48:05Z,2026-08-17T18:48:05Z,
103.59.163.134,ipv4,ssh-brute-force,high,WHITE,blocklist.de/ssh|blocklist.de/all|ziyadnz/hourly-ipv4,blocklist.de|ssh|bot|irc-bot|brute-force|ziyadnz|hourly,2026-08-17T18:48:05Z,2026-08-17T18:48:05Z,
103.59.163.135,ipv4,ssh-brute-force,high,WHITE,blocklist.de/ssh|blocklist.de/all|ziyadnz/hourly-ipv4,blocklist.de|ssh|bot|irc-bot|brute-force|ziyadnz|hourly,2026-08-17T18:48:05Z,2026-08-17T18:48:05Z,
103.60.187.68,ipv4,ssh-brute-force,high,WHITE,blocklist.de/ssh|blocklist.de/all|ziyadnz/hourly-ipv4,blocklist.de|ssh|bot|irc-bot|brute-force|ziyadnz|hourly,2026-08-17T18:48:05Z,2026-08-17T18:48:05Z,
103.60.242.169,ipv4,ssh-brute-force,high,WHITE,blocklist.de/ssh|blocklist.de/all|ziyadnz/hourly-ipv4,blocklist.de|ssh|bot|irc-bot|brute-force|ziyadnz|hourly,2026-08-17T18:48:05Z,2026-08-17T18:48:05Z,
103.66.143.200,ipv4,ssh-brute-force,high,WHITE,blocklist.de/ssh|blocklist.de/all|ziyadnz/hourly-ipv4,blocklist.de|ssh|bot|irc-bot|brute-force|ziyadnz|hourly,2026-08-17T18:48:05Z,2026-08-17T18:48:05Z,
103.66.94.203,ipv4,ssh-brute-force,high,WHITE,blocklist.de/ssh|blocklist.de/all|ziyadnz/hourly-ipv4,blocklist.de|ssh|bot|irc-bot|brute-force|ziyadnz|hourly,2026-08-17T18:48:05Z,2026-08-17T18:48:05Z,
103.69.96.120,ipv4,ssh-brute-force,high,WHITE,blocklist.de/ssh|blocklist.de/all|ziyadnz/hourly-ipv4,blocklist.de|ssh|bot|irc-bot|brute-force|ziyadnz|hourly,2026-08-17T18:48:05Z,2026-08-17T18:48:05Z,
103.75.117.100,ipv4,ssh-brute-force,high,WHITE,blocklist.de/ssh|blocklist.de/all|ziyadnz/hourly-ipv4,blocklist.de|ssh|bot|irc-bot|brute-force|ziyadnz|hourly,2026-08-17T18:48:05Z,2026-08-17T18:48:05Z,
103.75.183.177,ipv4,ssh-brute-force,high,WHITE,blocklist.de/ssh|blocklist.de/all|ziyadnz/hourly-ipv4,blocklist.de|ssh|bot|irc-bot|brute-force|ziyadnz|hourly,2026-08-17T18:48:05Z,2026-08-17T18:48:05Z,
103.75.183.35,ipv4,ssh-brute-force,high,WHITE,blocklist.de/ssh|blocklist.de/all|ziyadnz/hourly-ipv4,blocklist.de|ssh|bot|irc-bot|brute-force|ziyadnz|hourly,2026-08-17T18:48:05Z,2026-08-17T18:48:05Z,
103.75.198.252,ipv4,ssh-brute-force,high,WHITE,blocklist.de/ssh|blocklist.de/all|ziyadnz/hourly-ipv4,blocklist.de|ssh|bot|irc-bot|brute-force|ziyadnz|hourly,2026-08-17T18:48:05Z,2026-08-17T18:48:05Z,
103.77.101.89,ipv4,ssh-brute-force,high,WHITE,blocklist.de/ssh|blocklist.de/all|ziyadnz/hourly-ipv4,blocklist.de|ssh|bot|irc-bot|brute-force|ziyadnz|hourly,2026-08-17T18:48:05Z,2026-08-17T18:48:05Z,
103.77.101.94,ipv4,ssh-brute-force,high,WHITE,blocklist.de/ssh|blocklist.de/all|ziyadnz/hourly-ipv4,blocklist.de|ssh|bot|irc-bot|brute-force|ziyadnz|hourly,2026-08-17T18:48:05Z,2026-08-17T18:48:05Z,
103.77.175.15,ipv4,ssh-brute-force,high,WHITE,blocklist.de/ssh|blocklist.de/all|ziyadnz/hourly-ipv4,blocklist.de|ssh|bot|irc-bot|brute-force|ziyadnz|hourly,2026-08-17T18:48:05Z,2026-08-17T18:48:05Z,
103.78.0.229,ipv4,ssh-brute-force,high,WHITE,blocklist.de/ssh|blocklist.de/all|ziyadnz/hourly-ipv4,blocklist.de|ssh|bot|irc-bot|brute-force|ziyadnz|hourly,2026-08-17T18:48:05Z,2026-08-17T18:48:05Z,
103.78.2.252,ipv4,ssh-brute-force,high,WHITE,blocklist.de/ssh|blocklist.de/all|ziyadnz/hourly-ipv4,blocklist.de|ssh|bot|irc-bot|brute-force|ziyadnz|hourly,2026-08-17T18:48:05Z,2026-08-17T18:48:05Z,
103.79.179.2,ipv4,ssh-brute-force,high,WHITE,blocklist.de/ssh|blocklist.de/all|ziyadnz/hourly-ipv4,blocklist.de|ssh|bot|irc-bot|brute-force|ziyadnz|hourly,2026-08-17T18:48:05Z,2026-08-17T18:48:05Z,
103.79.186.179,ipv4,ssh-brute-force,high,WHITE,blocklist.de/ssh|blocklist.de/all|ziyadnz/hourly-ipv4,blocklist.de|ssh|bot|irc-bot|brute-force|ziyadnz|hourly,2026-08-17T18:48:05Z,2026-08-17T18:48:05Z,
103.8.59.250,ipv4,ssh-brute-force,high,WHITE,blocklist.de/ssh|blocklist.de/all|ziyadnz/hourly-ipv4,blocklist.de|ssh|bot|irc-bot|brute-force|ziyadnz|hourly,2026-08-17T18:48:05Z,2026-08-17T18:48:05Z,
103.82.132.16,ipv4,ssh-brute-force,high,WHITE,blocklist.de/ssh|blocklist.de/all|ziyadnz/hourly-ipv4,blocklist.de|ssh|bot|irc-bot|brute-force|ziyadnz|hourly,2026-08-17T18:48:05Z,2026-08-17T18:48:05Z,
103.82.20.28,ipv4,ssh-brute-force,high,WHITE,blocklist.de/ssh|blocklist.de/all|ziyadnz/hourly-ipv4,blocklist.de|ssh|bot|irc-bot|brute-force|ziyadnz|hourly,2026-08-17T18:48:05Z,2026-08-17T18:48:05Z,
103.82.36.79,ipv4,ssh-brute-force,high,WHITE,blocklist.de/ssh|blocklist.de/all|ziyadnz/hourly-ipv4,blocklist.de|ssh|bot|irc-bot|brute-force|ziyadnz|hourly,2026-08-17T18:48:05Z,2026-08-17T18:48:05Z,
103.82.38.228,ipv4,ssh-brute-force,high,WHITE,blocklist.de/ssh|blocklist.de/all|ziyadnz/hourly-ipv4,blocklist.de|ssh|bot|irc-bot|brute-force|ziyadnz|hourly,2026-08-17T18:48:05Z,2026-08-17T18:48:05Z,
103.83.189.178,ipv4,ssh-brute-force,high,WHITE,blocklist.de/ssh|blocklist.de/all|ziyadnz/hourly-ipv4,blocklist.de|ssh|bot|irc-bot|brute-force|ziyadnz|hourly,2026-08-17T18:48:05Z,2026-08-17T18:48:05Z,
103.83.243.30,ipv4,ssh-brute-force,high,WHITE,blocklist.de/ssh|blocklist.de/all|ziyadnz/hourly-ipv4,blocklist.de|ssh|bot|irc-bot|brute-force|ziyadnz|hourly,2026-08-17T18:48:05Z,2026-08-17T18:48:05Z,
103.83.98.155,ipv4,ssh-brute-force,high,WHITE,blocklist.de/ssh|blocklist.de/all|ziyadnz/hourly-ipv4,blocklist.de|ssh|bot|irc-bot|brute-force|ziyadnz|hourly,2026-08-17T18:48:05Z,2026-08-17T18:48:05Z,
103.85.113.254,ipv4,ssh-brute-force,high,WHITE,blocklist.de/ssh|blocklist.de/all|ziyadnz/hourly-ipv4,blocklist.de|ssh|bot|irc-bot|brute-force|ziyadnz|hourly,2026-08-17T18:48:05Z,2026-08-17T18:48:05Z,
103.86.198.253,ipv4,ssh-brute-force,high,WHITE,blocklist.de/ssh|blocklist.de/all|ziyadnz/hourly-ipv4,blocklist.de|ssh|bot|irc-bot|brute-force|ziyadnz|hourly,2026-08-17T18:48:05Z,2026-08-17T18:48:05Z,
103.88.76.27,ipv4,ssh-brute-force,high,WHITE,blocklist.de/ssh|blocklist.de/all|ziyadnz/hourly-ipv4,blocklist.de|ssh|bot|irc-bot|brute-force|ziyadnz|hourly,2026-08-17T18:48:05Z,2026-08-17T18:48:05Z,
103.89.136.111,ipv4,ssh-brute-force,high,WHITE,blocklist.de/ssh|blocklist.de/all|ziyadnz/hourly-ipv4,blocklist.de|ssh|bot|irc-bot|brute-force|ziyadnz|hourly,2026-08-17T18:48:05Z,2026-08-17T18:48:05Z,
103.90.225.155,ipv4,ssh-brute-force,high,WHITE,blocklist.de/ssh|blocklist.de/all|ziyadnz/hourly-ipv4,blocklist.de|ssh|bot|irc-bot|brute-force|ziyadnz|hourly,2026-08-17T18:48:05Z,2026-08-17T18:48:05Z,
103.90.227.203,ipv4,ssh-brute-force,high,WHITE,blocklist.de/ssh|blocklist.de/all|ziyadnz/hourly-ipv4,blocklist.de|ssh|bot|irc-bot|brute-force|ziyadnz|hourly,2026-08-17T18:48:05Z,2026-08-17T18:48:05Z,
103.91.120.219,ipv4,ssh-brute-force,high,WHITE,blocklist.de/ssh|blocklist.de/all|ziyadnz/hourly-ipv4,blocklist.de|ssh|bot|irc-bot|brute-force|ziyadnz|hourly,2026-08-17T18:48:05Z,2026-08-17T18:48:05Z,
103.91.246.101,ipv4,ssh-brute-force,high,WHITE,blocklist.de/ssh|blocklist.de/all|ziyadnz/hourly-ipv4,blocklist.de|ssh|bot|irc-bot|brute-force|ziyadnz|hourly,2026-08-17T18:48:05Z,2026-08-17T18:48:05Z,
103.97.215.11,ipv4,ssh-brute-force,high,WHITE,blocklist.de/ssh|blocklist.de/all|ziyadnz/hourly-ipv4,blocklist.de|ssh|bot|irc-bot|brute-force|ziyadnz|hourly,2026-08-17T18:48:05Z,2026-08-17T18:48:05Z,
103.98.149.87,ipv4,ssh-brute-force,high,WHITE,blocklist.de/ssh|blocklist.de/all|ziyadnz/hourly-ipv4,blocklist.de|ssh|bot|irc-bot|brute-force|ziyadnz|hourly,2026-08-17T18:48:05Z,2026-08-17T18:48:05Z,
104.129.1.194,ipv4,ssh-brute-force,high,WHITE,blocklist.de/ssh|blocklist.de/all|ziyadnz/hourly-ipv4,blocklist.de|ssh|bot|irc-bot|brute-force|ziyadnz|hourly,2026-08-17T18:48:05Z,2026-08-17T18:48:05Z,
104.152.52.148,ipv4,ssh-brute-force,high,WHITE,blocklist.de/ssh|blocklist.de/all|ziyadnz/hourly-ipv4,blocklist.de|ssh|bot|irc-bot|brute-force|ziyadnz|hourly,2026-08-17T18:48:05Z,2026-08-17T18:48:05Z,
104.168.100.167,ipv4,ssh-brute-force,high,WHITE,blocklist.de/ssh|blocklist.de/all|ziyadnz/hourly-ipv4,blocklist.de|ssh|bot|irc-bot|brute-force|ziyadnz|hourly,2026-08-17T18:48:05Z,2026-08-17T18:48:05Z,
104.168.117.151,ipv4,ssh-brute-force,high,WHITE,blocklist.de/ssh|blocklist.de/all|ziyadnz/hourly-ipv4,blocklist.de|ssh|bot|irc-bot|brute-force|ziyadnz|hourly,2026-08-17T18:48:05Z,2026-08-17T18:48:05Z,
104.173.247.30,ipv4,ssh-brute-force,high,WHITE,blocklist.de/ssh|blocklist.de/all|ziyadnz/hourly-ipv4,blocklist.de|ssh|bot|irc-bot|brute-force|ziyadnz|hourly,2026-08-17T18:48:05Z,2026-08-17T18:48:05Z,
104.173.85.86,ipv4,ssh-brute-force,high,WHITE,blocklist.de/ssh|blocklist.de/all|ziyadnz/hourly-ipv4,blocklist.de|ssh|bot|irc-bot|brute-force|ziyadnz|hourly,2026-08-17T18:48:05Z,2026-08-17T18:48:05Z,
104.191.86.187,ipv4,ssh-brute-force,high,WHITE,blocklist.de/ssh|blocklist.de/all|ziyadnz/hourly-ipv4,blocklist.de|ssh|bot|irc-bot|brute-force|ziyadnz|hourly,2026-08-17T18:48:05Z,2026-08-17T18:48:05Z,
104.192.2.6,ipv4,ssh-brute-force,high,WHITE,blocklist.de/ssh|blocklist.de/all|ziyadnz/hourly-ipv4,blocklist.de|ssh|bot|irc-bot|brute-force|ziyadnz|hourly,2026-08-17T18:48:05Z,2026-08-17T18:48:05Z,
104.199.176.250,ipv4,ssh-brute-force,high,WHITE,blocklist.de/ssh|blocklist.de/all|ziyadnz/hourly-ipv4,blocklist.de|ssh|bot|irc-bot|brute-force|ziyadnz|hourly,2026-08-17T18:48:05Z,2026-08-17T18:48:05Z,
104.203.198.229,ipv4,ssh-brute-force,high,WHITE,blocklist.de/ssh|blocklist.de/all|ziyadnz/hourly-ipv4,blocklist.de|ssh|bot|irc-bot|brute-force|ziyadnz|hourly,2026-08-17T18:48:05Z,2026-08-17T18:48:05Z,
104.207.70.204,ipv4,ssh-brute-force,high,WHITE,blocklist.de/ssh|blocklist.de/all|ziyadnz/hourly-ipv4,blocklist.de|ssh|bot|irc-bot|brute-force|ziyadnz|hourly,2026-08-17T18:48:05Z,2026-08-17T18:48:05Z,
104.218.166.62,ipv4,ssh-brute-force,high,WHITE,blocklist.de/ssh|blocklist.de/all|ziyadnz/hourly-ipv4,blocklist.de|ssh|bot|irc-bot|brute-force|ziyadnz|hourly,2026-08-17T18:48:05Z,2026-08-17T18:48:05Z,
104.225.250.214,ipv4,ssh-brute-force,high,WHITE,blocklist.de/ssh|blocklist.de/all|ziyadnz/hourly-ipv4,blocklist.de|ssh|bot|irc-bot|brute-force|ziyadnz|hourly,2026-08-17T18:48:05Z,2026-08-17T18:48:05Z,
104.233.174.43,ipv4,ssh-brute-force,high,WHITE,blocklist.de/ssh|blocklist.de/all|ziyadnz/hourly-ipv4,blocklist.de|ssh|bot|irc-bot|brute-force|ziyadnz|hourly,2026-08-17T18:48:05Z,2026-08-17T18:48:05Z,
104.236.34.138,ipv4,ssh-brute-force,high,WHITE,blocklist.de/ssh|blocklist.de/all|ziyadnz/hourly-ipv4,blocklist.de|ssh|bot|irc-bot|brute-force|ziyadnz|hourly,2026-08-17T18:48:05Z,2026-08-17T18:48:05Z,
104.243.42.167,ipv4,ssh-brute-force,high,WHITE,blocklist.de/ssh|blocklist.de/all|ziyadnz/hourly-ipv4,blocklist.de|ssh|bot|irc-bot|brute-force|ziyadnz|hourly,2026-08-17T18:48:05Z,2026-08-17T18:48:05Z,
104.244.74.84,ipv4,ssh-brute-force,high,WHITE,blocklist.de/ssh|blocklist.de/all|ziyadnz/hourly-ipv4,blocklist.de|ssh|bot|irc-bot|brute-force|ziyadnz|hourly,2026-08-17T18:48:05Z,2026-08-17T18:48:05Z,
104.248.124.72,ipv4,ssh-brute-force,high,WHITE,blocklist.de/ssh|blocklist.de/all|ziyadnz/hourly-ipv4,blocklist.de|ssh|bot|irc-bot|brute-force|ziyadnz|hourly,2026-08-17T18:48:05Z,2026-08-17T18:48:05Z,
104.248.137.38,ipv4,ssh-brute-force,high,WHITE,blocklist.de/ssh|blocklist.de/all|ziyadnz/hourly-ipv4,blocklist.de|ssh|bot|irc-bot|brute-force|ziyadnz|hourly,2026-08-17T18:48:05Z,2026-08-17T18:48:05Z,
104.248.154.145,ipv4,ssh-brute-force,high,WHITE,blocklist.de/ssh|blocklist.de/all|ziyadnz/hourly-ipv4,blocklist.de|ssh|bot|irc-bot|brute-force|ziyadnz|hourly,2026-08-17T18:48:05Z,2026-08-17T18:48:05Z,
104.248.158.38,ipv4,ssh-brute-force,high,WHITE,blocklist.de/ssh|blocklist.de/all|ziyadnz/hourly-ipv4,blocklist.de|ssh|bot|irc-bot|brute-force|ziyadnz|hourly,2026-08-17T18:48:05Z,2026-08-17T18:48:05Z,
104.248.206.108,ipv4,ssh-brute-force,high,WHITE,blocklist.de/ssh|blocklist.de/all|ziyadnz/hourly-ipv4,blocklist.de|ssh|bot|irc-bot|brute-force|ziyadnz|hourly,2026-08-17T18:48:05Z,2026-08-17T18:48:05Z,
104.248.23.185,ipv4,ssh-brute-force,high,WHITE,blocklist.de/ssh|blocklist.de/all|ziyadnz/hourly-ipv4,blocklist.de|ssh|bot|irc-bot|brute-force|ziyadnz|hourly,2026-08-17T18:48:05Z,2026-08-17T18:48:05Z,
104.248.49.237,ipv4,ssh-brute-force,high,WHITE,blocklist.de/ssh|blocklist.de/all|ziyadnz/hourly-ipv4,blocklist.de|ssh|bot|irc-bot|brute-force|ziyadnz|hourly,2026-08-17T18:48:05Z,2026-08-17T18:48:05Z,
104.252.89.200,ipv4,ssh-brute-force,high,WHITE,blocklist.de/ssh|blocklist.de/all|ziyadnz/hourly-ipv4,blocklist.de|ssh|bot|irc-bot|brute-force|ziyadnz|hourly,2026-08-17T18:48:05Z,2026-08-17T18:48:05Z,
104.28.152.174,ipv4,ssh-brute-force,high,WHITE,blocklist.de/ssh|blocklist.de/all|ziyadnz/hourly-ipv4,blocklist.de|ssh|bot|irc-bot|brute-force|ziyadnz|hourly,2026-08-17T18:48:05Z,2026-08-17T18:48:05Z,
104.28.153.120,ipv4,ssh-brute-force,high,WHITE,blocklist.de/ssh|blocklist.de/all|ziyadnz/hourly-ipv4,blocklist.de|ssh|bot|irc-bot|brute-force|ziyadnz|hourly,2026-08-17T18:48:05Z,2026-08-17T18:48:05Z,
104.28.214.112,ipv4,ssh-brute-force,high,WHITE,blocklist.de/ssh|blocklist.de/all|ziyadnz/hourly-ipv4,blocklist.de|ssh|bot|irc-bot|brute-force|ziyadnz|hourly,2026-08-17T18:48:05Z,2026-08-17T18:48:05Z,
104.28.233.73,ipv4,ssh-brute-force,high,WHITE,blocklist.de/ssh|blocklist.de/all|ziyadnz/hourly-ipv4,blocklist.de|ssh|bot|irc-bot|brute-force|ziyadnz|hourly,2026-08-17T18:48:05Z,2026-08-17T18:48:05Z,
104.43.56.65,ipv4,ssh-brute-force,high,WHITE,blocklist.de/ssh|blocklist.de/all|ziyadnz/hourly-ipv4,blocklist.de|ssh|bot|irc-bot|brute-force|ziyadnz|hourly,2026-08-17T18:48:05Z,2026-08-17T18:48:05Z,
105.163.1.74,ipv4,ssh-brute-force,high,WHITE,blocklist.de/ssh|blocklist.de/all|ziyadnz/hourly-ipv4,blocklist.de|ssh|bot|irc-bot|brute-force|ziyadnz|hourly,2026-08-17T18:48:05Z,2026-08-17T18:48:05Z,
105.172.136.23,ipv4,ssh-brute-force,high,WHITE,blocklist.de/ssh|blocklist.de/all|ziyadnz/hourly-ipv4,blocklist.de|ssh|bot|irc-bot|brute-force|ziyadnz|hourly,2026-08-17T18:48:05Z,2026-08-17T18:48:05Z,
105.172.176.156,ipv4,ssh-brute-force,high,WHITE,blocklist.de/ssh|blocklist.de/all|ziyadnz/hourly-ipv4,blocklist.de|ssh|bot|irc-bot|brute-force|ziyadnz|hourly,2026-08-17T18:48:05Z,2026-08-17T18:48:05Z,
105.208.200.74,ipv4,ssh-brute-force,high,WHITE,blocklist.de/ssh|blocklist.de/all|ziyadnz/hourly-ipv4,blocklist.de|ssh|bot|irc-bot|brute-force|ziyadnz|hourly,2026-08-17T18:48:05Z,2026-08-17T18:48:05Z,
105.69.11.103,ipv4,ssh-brute-force,high,WHITE,blocklist.de/ssh|blocklist.de/all|ziyadnz/hourly-ipv4,blocklist.de|ssh|bot|irc-bot|brute-force|ziyadnz|hourly,2026-08-17T18:48:05Z,2026-08-17T18:48:05Z,
105.69.175.66,ipv4,ssh-brute-force,high,WHITE,blocklist.de/ssh|blocklist.de/all|ziyadnz/hourly-ipv4,blocklist.de|ssh|bot|irc-bot|brute-force|ziyadnz|hourly,2026-08-17T18:48:05Z,2026-08-17T18:48:05Z,
105.69.89.237,ipv4,ssh-brute-force,high,WHITE,blocklist.de/ssh|blocklist.de/all|ziyadnz/hourly-ipv4,blocklist.de|ssh|bot|irc-bot|brute-force|ziyadnz|hourly,2026-08-17T18:48:05Z,2026-08-17T18:48:05Z,
105.71.7.250,ipv4,ssh-brute-force,high,WHITE,blocklist.de/ssh|blocklist.de/all|ziyadnz/hourly-ipv4,blocklist.de|ssh|bot|irc-bot|brute-force|ziyadnz|hourly,2026-08-17T18:48:05Z,2026-08-17T18:48:05Z,
105.96.13.6,ipv4,ssh-brute-force,high,WHITE,blocklist.de/ssh|blocklist.de/all|ziyadnz/hourly-ipv4,blocklist.de|ssh|bot|irc-bot|brute-force|ziyadnz|hourly,2026-08-17T18:48:05Z,2026-08-17T18:48:05Z,
105.99.237.208,ipv4,ssh-brute-force,high,WHITE,blocklist.de/ssh|blocklist.de/all|ziyadnz/hourly-ipv4,blocklist.de|ssh|bot|irc-bot|brute-force|ziyadnz|hourly,2026-08-17T18:48:05Z,2026-08-17T18:48:05Z,
106.10.107.184,ipv4,ssh-brute-force,high,WHITE,blocklist.de/ssh|blocklist.de/all|ziyadnz/hourly-ipv4,blocklist.de|ssh|bot|irc-bot|brute-force|ziyadnz|hourly,2026-08-17T18:48:05Z,2026-08-17T18:48:05Z,
106.117.204.17,ipv4,ssh-brute-force,high,WHITE,blocklist.de/ssh|blocklist.de/all|ziyadnz/hourly-ipv4,blocklist.de|ssh|bot|irc-bot|brute-force|ziyadnz|hourly,2026-08-17T18:48:05Z,2026-08-17T18:48:05Z,
106.119.165.171,ipv4,ssh-brute-force,high,WHITE,blocklist.de/ssh|blocklist.de/all|ziyadnz/hourly-ipv4,blocklist.de|ssh|bot|irc-bot|brute-force|ziyadnz|hourly,2026-08-17T18:48:05Z,2026-08-17T18:48:05Z,
106.12.120.171,ipv4,ssh-brute-force,high,WHITE,blocklist.de/ssh|blocklist.de/all|ziyadnz/hourly-ipv4,blocklist.de|ssh|bot|irc-bot|brute-force|ziyadnz|hourly,2026-08-17T18:48:05Z,2026-08-17T18:48:05Z,
106.12.127.250,ipv4,ssh-brute-force,high,WHITE,blocklist.de/ssh|blocklist.de/all|ziyadnz/hourly-ipv4,blocklist.de|ssh|bot|irc-bot|brute-force|ziyadnz|hourly,2026-08-17T18:48:05Z,2026-08-17T18:48:05Z,
106.12.128.30,ipv4,ssh-brute-force,high,WHITE,blocklist.de/ssh|blocklist.de/all|ziyadnz/hourly-ipv4,blocklist.de|ssh|bot|irc-bot|brute-force|ziyadnz|hourly,2026-08-17T18:48:05Z,2026-08-17T18:48:05Z,
106.12.148.154,ipv4,ssh-brute-force,high,WHITE,blocklist.de/ssh|blocklist.de/all|ziyadnz/hourly-ipv4,blocklist.de|ssh|bot|irc-bot|brute-force|ziyadnz|hourly,2026-08-17T18:48:05Z,2026-08-17T18:48:05Z,
106.12.15.118,ipv4,ssh-brute-force,high,WHITE,blocklist.de/ssh|blocklist.de/all|ziyadnz/hourly-ipv4,blocklist.de|ssh|bot|irc-bot|brute-force|ziyadnz|hourly,2026-08-17T18:48:05Z,2026-08-17T18:48:05Z,
106.12.151.23,ipv4,ssh-brute-force,high,WHITE,blocklist.de/ssh|blocklist.de/all|ziyadnz/hourly-ipv4,blocklist.de|ssh|bot|irc-bot|brute-force|ziyadnz|hourly,2026-08-17T18:48:05Z,2026-08-17T18:48:05Z,
106.12.16.36,ipv4,ssh-brute-force,high,WHITE,blocklist.de/ssh|blocklist.de/all|ziyadnz/hourly-ipv4,blocklist.de|ssh|bot|irc-bot|brute-force|ziyadnz|hourly,2026-08-17T18:48:05Z,2026-08-17T18:48:05Z,
106.12.168.187,ipv4,ssh-brute-force,high,WHITE,blocklist.de/ssh|blocklist.de/all|ziyadnz/hourly-ipv4,blocklist.de|ssh|bot|irc-bot|brute-force|ziyadnz|hourly,2026-08-17T18:48:05Z,2026-08-17T18:48:05Z,
106.12.170.135,ipv4,ssh-brute-force,high,WHITE,blocklist.de/ssh|blocklist.de/all|ziyadnz/hourly-ipv4,blocklist.de|ssh|bot|irc-bot|brute-force|ziyadnz|hourly,2026-08-17T18:48:05Z,2026-08-17T18:48:05Z,
106.12.177.73,ipv4,ssh-brute-force,high,WHITE,blocklist.de/ssh|blocklist.de/all|ziyadnz/hourly-ipv4,blocklist.de|ssh|bot|irc-bot|brute-force|ziyadnz|hourly,2026-08-17T18:48:05Z,2026-08-17T18:48:05Z,
106.12.215.233,ipv4,ssh-brute-force,high,WHITE,blocklist.de/ssh|blocklist.de/all|ziyadnz/hourly-ipv4,blocklist.de|ssh|bot|irc-bot|brute-force|ziyadnz|hourly,2026-08-17T18:48:05Z,2026-08-17T18:48:05Z,
106.12.220.4,ipv4,ssh-brute-force,high,WHITE,blocklist.de/ssh|blocklist.de/all|ziyadnz/hourly-ipv4,blocklist.de|ssh|bot|irc-bot|brute-force|ziyadnz|hourly,2026-08-17T18:48:05Z,2026-08-17T18:48:05Z,
106.12.34.116,ipv4,ssh-brute-force,high,WHITE,blocklist.de/ssh|blocklist.de/all|ziyadnz/hourly-ipv4,blocklist.de|ssh|bot|irc-bot|brute-force|ziyadnz|hourly,2026-08-17T18:48:05Z,2026-08-17T18:48:05Z,
106.12.38.73,ipv4,ssh-brute-force,high,WHITE,blocklist.de/ssh|blocklist.de/all|ziyadnz/hourly-ipv4,blocklist.de|ssh|bot|irc-bot|brute-force|ziyadnz|hourly,2026-08-17T18:48:05Z,2026-08-17T18:48:05Z,
106.12.42.253,ipv4,ssh-brute-force,high,WHITE,blocklist.de/ssh|blocklist.de/all|ziyadnz/hourly-ipv4,blocklist.de|ssh|bot|irc-bot|brute-force|ziyadnz|hourly,2026-08-17T18:48:05Z,2026-08-17T18:48:05Z,
106.12.56.73,ipv4,ssh-brute-force,high,WHITE,blocklist.de/ssh|blocklist.de/all|ziyadnz/hourly-ipv4,blocklist.de|ssh|bot|irc-bot|brute-force|ziyadnz|hourly,2026-08-17T18:48:05Z,2026-08-17T18:48:05Z,
106.12.69.68,ipv4,ssh-brute-force,high,WHITE,blocklist.de/ssh|blocklist.de/all|ziyadnz/hourly-ipv4,blocklist.de|ssh|bot|irc-bot|brute-force|ziyadnz|hourly,2026-08-17T18:48:05Z,2026-08-17T18:48:05Z,
106.12.7.70,ipv4,ssh-brute-force,high,WHITE,blocklist.de/ssh|blocklist.de/all|ziyadnz/hourly-ipv4,blocklist.de|ssh|bot|irc-bot|brute-force|ziyadnz|hourly,2026-08-17T18:48:05Z,2026-08-17T18:48:05Z,
106.12.86.145,ipv4,ssh-brute-force,high,WHITE,blocklist.de/ssh|blocklist.de/all|ziyadnz/hourly-ipv4,blocklist.de|ssh|bot|irc-bot|brute-force|ziyadnz|hourly,2026-08-17T18:48:05Z,2026-08-17T18:48:05Z,
106.120.205.138,ipv4,ssh-brute-force,high,WHITE,blocklist.de/ssh|blocklist.de/all|ziyadnz/hourly-ipv4,blocklist.de|ssh|bot|irc-bot|brute-force|ziyadnz|hourly,2026-08-17T18:48:05Z,2026-08-17T18:48:05Z,
106.13.1.7,ipv4,ssh-brute-force,high,WHITE,blocklist.de/ssh|blocklist.de/all|ziyadnz/hourly-ipv4,blocklist.de|ssh|bot|irc-bot|brute-force|ziyadnz|hourly,2026-08-17T18:48:05Z,2026-08-17T18:48:05Z,
106.13.107.71,ipv4,ssh-brute-force,high,WHITE,blocklist.de/ssh|blocklist.de/all|ziyadnz/hourly-ipv4,blocklist.de|ssh|bot|irc-bot|brute-force|ziyadnz|hourly,2026-08-17T18:48:05Z,2026-08-17T18:48:05Z,
106.13.114.235,ipv4,ssh-brute-force,high,WHITE,blocklist.de/ssh|blocklist.de/all|ziyadnz/hourly-ipv4,blocklist.de|ssh|bot|irc-bot|brute-force|ziyadnz|hourly,2026-08-17T18:48:05Z,2026-08-17T18:48:05Z,
106.13.120.65,ipv4,ssh-brute-force,high,WHITE,blocklist.de/ssh|blocklist.de/all|ziyadnz/hourly-ipv4,blocklist.de|ssh|bot|irc-bot|brute-force|ziyadnz|hourly,2026-08-17T18:48:05Z,2026-08-17T18:48:05Z,
106.13.124.251,ipv4,ssh-brute-force,high,WHITE,blocklist.de/ssh|blocklist.de/all|ziyadnz/hourly-ipv4,blocklist.de|ssh|bot|irc-bot|brute-force|ziyadnz|hourly,2026-08-17T18:48:05Z,2026-08-17T18:48:05Z,
106.13.161.135,ipv4,ssh-brute-force,high,WHITE,blocklist.de/ssh|blocklist.de/all|ziyadnz/hourly-ipv4,blocklist.de|ssh|bot|irc-bot|brute-force|ziyadnz|hourly,2026-08-17T18:48:05Z,2026-08-17T18:48:05Z,
106.13.167.239,ipv4,ssh-brute-force,high,WHITE,blocklist.de/ssh|blocklist.de/all|ziyadnz/hourly-ipv4,blocklist.de|ssh|bot|irc-bot|brute-force|ziyadnz|hourly,2026-08-17T18:48:05Z,2026-08-17T18:48:05Z,
106.13.182.13,ipv4,ssh-brute-force,high,WHITE,blocklist.de/ssh|blocklist.de/all|ziyadnz/hourly-ipv4,blocklist.de|ssh|bot|irc-bot|brute-force|ziyadnz|hourly,2026-08-17T18:48:05Z,2026-08-17T18:48:05Z,
106.13.190.191,ipv4,ssh-brute-force,high,WHITE,blocklist.de/ssh|blocklist.de/all|ziyadnz/hourly-ipv4,blocklist.de|ssh|bot|irc-bot|brute-force|ziyadnz|hourly,2026-08-17T18:48:05Z,2026-08-17T18:48:05Z,
106.13.203.153,ipv4,ssh-brute-force,high,WHITE,blocklist.de/ssh|blocklist.de/all|ziyadnz/hourly-ipv4,blocklist.de|ssh|bot|irc-bot|brute-force|ziyadnz|hourly,2026-08-17T18:48:05Z,2026-08-17T18:48:05Z,
106.13.228.234,ipv4,ssh-brute-force,high,WHITE,blocklist.de/ssh|blocklist.de/all|ziyadnz/hourly-ipv4,blocklist.de|ssh|bot|irc-bot|brute-force|ziyadnz|hourly,2026-08-17T18:48:05Z,2026-08-17T18:48:05Z,
106.13.234.209,ipv4,ssh-brute-force,high,WHITE,blocklist.de/ssh|blocklist.de/all|ziyadnz/hourly-ipv4,blocklist.de|ssh|bot|irc-bot|brute-force|ziyadnz|hourly,2026-08-17T18:48:05Z,2026-08-17T18:48:05Z,
106.13.38.13,ipv4,ssh-brute-force,high,WHITE,blocklist.de/ssh|blocklist.de/all|ziyadnz/hourly-ipv4,blocklist.de|ssh|bot|irc-bot|brute-force|ziyadnz|hourly,2026-08-17T18:48:05Z,2026-08-17T18:48:05Z,
106.13.46.38,ipv4,ssh-brute-force,high,WHITE,blocklist.de/ssh|blocklist.de/all|ziyadnz/hourly-ipv4,blocklist.de|ssh|bot|irc-bot|brute-force|ziyadnz|hourly,2026-08-17T18:48:05Z,2026-08-17T18:48:05Z,
106.13.48.117,ipv4,ssh-brute-force,high,WHITE,blocklist.de/ssh|blocklist.de/all|ziyadnz/hourly-ipv4,blocklist.de|ssh|bot|irc-bot|brute-force|ziyadnz|hourly,2026-08-17T18:48:05Z,2026-08-17T18:48:05Z,
106.13.48.135,ipv4,ssh-brute-force,high,WHITE,blocklist.de/ssh|blocklist.de/all|ziyadnz/hourly-ipv4,blocklist.de|ssh|bot|irc-bot|brute-force|ziyadnz|hourly,2026-08-17T18:48:05Z,2026-08-17T18:48:05Z,
106.13.57.206,ipv4,ssh-brute-force,high,WHITE,blocklist.de/ssh|blocklist.de/all|ziyadnz/hourly-ipv4,blocklist.de|ssh|bot|irc-bot|brute-force|ziyadnz|hourly,2026-08-17T18:48:05Z,2026-08-17T18:48:05Z,
106.13.64.155,ipv4,ssh-brute-force,high,WHITE,blocklist.de/ssh|blocklist.de/all|ziyadnz/hourly-ipv4,blocklist.de|ssh|bot|irc-bot|brute-force|ziyadnz|hourly,2026-08-17T18:48:05Z,2026-08-17T18:48:05Z,
106.13.66.8,ipv4,ssh-brute-force,high,WHITE,blocklist.de/ssh|blocklist.de/all|ziyadnz/hourly-ipv4,blocklist.de|ssh|bot|irc-bot|brute-force|ziyadnz|hourly,2026-08-17T18:48:05Z,2026-08-17T18:48:05Z,
106.13.70.73,ipv4,ssh-brute-force,high,WHITE,blocklist.de/ssh|blocklist.de/all|ziyadnz/hourly-ipv4,blocklist.de|ssh|bot|irc-bot|brute-force|ziyadnz|hourly,2026-08-17T18:48:05Z,2026-08-17T18:48:05Z,
106.13.98.129,ipv4,ssh-brute-force,high,WHITE,blocklist.de/ssh|blocklist.de/all|ziyadnz/hourly-ipv4,blocklist.de|ssh|bot|irc-bot|brute-force|ziyadnz|hourly,2026-08-17T18:48:05Z,2026-08-17T18:48:05Z,
106.15.198.146,ipv4,ssh-brute-force,high,WHITE,blocklist.de/ssh|blocklist.de/all|ziyadnz/hourly-ipv4,blocklist.de|ssh|bot|irc-bot|brute-force|ziyadnz|hourly,2026-08-17T18:48:05Z,2026-08-17T18:48:05Z,
106.15.95.243,ipv4,ssh-brute-force,high,WHITE,blocklist.de/ssh|blocklist.de/all|ziyadnz/hourly-ipv4,blocklist.de|ssh|bot|irc-bot|brute-force|ziyadnz|hourly,2026-08-17T18:48:05Z,2026-08-17T18:48:05Z,
106.192.110.166,ipv4,ssh-brute-force,high,WHITE,blocklist.de/ssh|blocklist.de/all|ziyadnz/hourly-ipv4,blocklist.de|ssh|bot|irc-bot|brute-force|ziyadnz|hourly,2026-08-17T18:48:05Z,2026-08-17T18:48:05Z,
106.219.91.140,ipv4,ssh-brute-force,high,WHITE,blocklist.de/ssh|blocklist.de/all|ziyadnz/hourly-ipv4,blocklist.de|ssh|bot|irc-bot|brute-force|ziyadnz|hourly,2026-08-17T18:48:05Z,2026-08-17T18:48:05Z,
106.243.155.71,ipv4,ssh-brute-force,high,WHITE,blocklist.de/ssh|blocklist.de/all|ziyadnz/hourly-ipv4,blocklist.de|ssh|bot|irc-bot|brute-force|ziyadnz|hourly,2026-08-17T18:48:05Z,2026-08-17T18:48:05Z,
106.251.244.178,ipv4,ssh-brute-force,high,WHITE,blocklist.de/ssh|blocklist.de/all|ziyadnz/hourly-ipv4,blocklist.de|ssh|bot|irc-bot|brute-force|ziyadnz|hourly,2026-08-17T18:48:05Z,2026-08-17T18:48:05Z,
106.38.195.164,ipv4,ssh-brute-force,high,WHITE,blocklist.de/ssh|blocklist.de/all|ziyadnz/hourly-ipv4,blocklist.de|ssh|bot|irc-bot|brute-force|ziyadnz|hourly,2026-08-17T18:48:05Z,2026-08-17T18:48:05Z,
106.38.205.224,ipv4,ssh-brute-force,high,WHITE,blocklist.de/ssh|blocklist.de/all|ziyadnz/hourly-ipv4,blocklist.de|ssh|bot|irc-bot|brute-force|ziyadnz|hourly,2026-08-17T18:48:05Z,2026-08-17T18:48:05Z,
106.51.92.114,ipv4,ssh-brute-force,high,WHITE,blocklist.de/ssh|blocklist.de/all|ziyadnz/hourly-ipv4,blocklist.de|ssh|bot|irc-bot|brute-force|ziyadnz|hourly,2026-08-17T18:48:05Z,2026-08-17T18:48:05Z,
106.54.12.66,ipv4,ssh-brute-force,high,WHITE,blocklist.de/ssh|blocklist.de/all|ziyadnz/hourly-ipv4,blocklist.de|ssh|bot|irc-bot|brute-force|ziyadnz|hourly,2026-08-17T18:48:05Z,2026-08-17T18:48:05Z,
106.74.128.226,ipv4,ssh-brute-force,high,WHITE,blocklist.de/ssh|blocklist.de/all|ziyadnz/hourly-ipv4,blocklist.de|ssh|bot|irc-bot|brute-force|ziyadnz|hourly,2026-08-17T18:48:05Z,2026-08-17T18:48:05Z,
106.75.184.142,ipv4,ssh-brute-force,high,WHITE,blocklist.de/ssh|blocklist.de/all|ziyadnz/hourly-ipv4,blocklist.de|ssh|bot|irc-bot|brute-force|ziyadnz|hourly,2026-08-17T18:48:05Z,2026-08-17T18:48:05Z,
106.75.186.101,ipv4,ssh-brute-force,high,WHITE,blocklist.de/ssh|blocklist.de/all|ziyadnz/hourly-ipv4,blocklist.de|ssh|bot|irc-bot|brute-force|ziyadnz|hourly,2026-08-17T18:48:05Z,2026-08-17T18:48:05Z,
106.75.214.209,ipv4,ssh-brute-force,high,WHITE,blocklist.de/ssh|blocklist.de/all|ziyadnz/hourly-ipv4,blocklist.de|ssh|bot|irc-bot|brute-force|ziyadnz|hourly,2026-08-17T18:48:05Z,2026-08-17T18:48:05Z,
106.75.25.139,ipv4,ssh-brute-force,high,WHITE,blocklist.de/ssh|blocklist.de/all|ziyadnz/hourly-ipv4,blocklist.de|ssh|bot|irc-bot|brute-force|ziyadnz|hourly,2026-08-17T18:48:05Z,2026-08-17T18:48:05Z,
106.75.252.61,ipv4,ssh-brute-force,high,WHITE,blocklist.de/ssh|blocklist.de/all|ziyadnz/hourly-ipv4,blocklist.de|ssh|bot|irc-bot|brute-force|ziyadnz|hourly,2026-08-17T18:48:05Z,2026-08-17T18:48:05Z,
106.75.26.244,ipv4,ssh-brute-force,high,WHITE,blocklist.de/ssh|blocklist.de/all|ziyadnz/hourly-ipv4,blocklist.de|ssh|bot|irc-bot|brute-force|ziyadnz|hourly,2026-08-17T18:48:05Z,2026-08-17T18:48:05Z,
106.75.36.139,ipv4,ssh-brute-force,high,WHITE,blocklist.de/ssh|blocklist.de/all|ziyadnz/hourly-ipv4,blocklist.de|ssh|bot|irc-bot|brute-force|ziyadnz|hourly,2026-08-17T18:48:05Z,2026-08-17T18:48:05Z,
106.92.105.98,ipv4,ssh-brute-force,high,WHITE,blocklist.de/ssh|blocklist.de/all|ziyadnz/hourly-ipv4,blocklist.de|ssh|bot|irc-bot|brute-force|ziyadnz|hourly,2026-08-17T18:48:05Z,2026-08-17T18:48:05Z,
107.150.100.146,ipv4,ssh-brute-force,high,WHITE,blocklist.de/ssh|blocklist.de/all|ziyadnz/hourly-ipv4,blocklist.de|ssh|bot|irc-bot|brute-force|ziyadnz|hourly,2026-08-17T18:48:05Z,2026-08-17T18:48:05Z,
107.150.103.210,ipv4,ssh-brute-force,high,WHITE,blocklist.de/ssh|blocklist.de/all|ziyadnz/hourly-ipv4,blocklist.de|ssh|bot|irc-bot|brute-force|ziyadnz|hourly,2026-08-17T18:48:05Z,2026-08-17T18:48:05Z,
107.150.105.10,ipv4,ssh-brute-force,high,WHITE,blocklist.de/ssh|blocklist.de/all|ziyadnz/hourly-ipv4,blocklist.de|ssh|bot|irc-bot|brute-force|ziyadnz|hourly,2026-08-17T18:48:05Z,2026-08-17T18:48:05Z,
107.150.105.116,ipv4,ssh-brute-force,high,WHITE,blocklist.de/ssh|blocklist.de/all|ziyadnz/hourly-ipv4,blocklist.de|ssh|bot|irc-bot|brute-force|ziyadnz|hourly,2026-08-17T18:48:05Z,2026-08-17T18:48:05Z,
107.150.105.153,ipv4,ssh-brute-force,high,WHITE,blocklist.de/ssh|blocklist.de/all|ziyadnz/hourly-ipv4,blocklist.de|ssh|bot|irc-bot|brute-force|ziyadnz|hourly,2026-08-17T18:48:05Z,2026-08-17T18:48:05Z,
107.155.15.191,ipv4,ssh-brute-force,high,WHITE,blocklist.de/ssh|blocklist.de/all|ziyadnz/hourly-ipv4,blocklist.de|ssh|bot|irc-bot|brute-force|ziyadnz|hourly,2026-08-17T18:48:05Z,2026-08-17T18:48:05Z,
107.155.15.218,ipv4,ssh-brute-force,high,WHITE,blocklist.de/ssh|blocklist.de/all|ziyadnz/hourly-ipv4,blocklist.de|ssh|bot|irc-bot|brute-force|ziyadnz|hourly,2026-08-17T18:48:05Z,2026-08-17T18:48:05Z,
107.155.15.8,ipv4,ssh-brute-force,high,WHITE,blocklist.de/ssh|blocklist.de/all|ziyadnz/hourly-ipv4,blocklist.de|ssh|bot|irc-bot|brute-force|ziyadnz|hourly,2026-08-17T18:48:05Z,2026-08-17T18:48:05Z,
107.155.48.46,ipv4,ssh-brute-force,high,WHITE,blocklist.de/ssh|blocklist.de/all|ziyadnz/hourly-ipv4,blocklist.de|ssh|bot|irc-bot|brute-force|ziyadnz|hourly,2026-08-17T18:48:05Z,2026-08-17T18:48:05Z,
107.161.92.20,ipv4,ssh-brute-force,high,WHITE,blocklist.de/ssh|blocklist.de/all|ziyadnz/hourly-ipv4,blocklist.de|ssh|bot|irc-bot|brute-force|ziyadnz|hourly,2026-08-17T18:48:05Z,2026-08-17T18:48:05Z,
107.170.65.169,ipv4,ssh-brute-force,high,WHITE,blocklist.de/ssh|blocklist.de/all|ziyadnz/hourly-ipv4,blocklist.de|ssh|bot|irc-bot|brute-force|ziyadnz|hourly,2026-08-17T18:48:05Z,2026-08-17T18:48:05Z,
107.172.148.106,ipv4,ssh-brute-force,high,WHITE,blocklist.de/ssh|blocklist.de/all|ziyadnz/hourly-ipv4,blocklist.de|ssh|bot|irc-bot|brute-force|ziyadnz|hourly,2026-08-17T18:48:05Z,2026-08-17T18:48:05Z,
107.172.50.154,ipv4,ssh-brute-force,high,WHITE,blocklist.de/ssh|blocklist.de/all|ziyadnz/hourly-ipv4,blocklist.de|ssh|bot|irc-bot|brute-force|ziyadnz|hourly,2026-08-17T18:48:05Z,2026-08-17T18:48:05Z,
107.172.96.44,ipv4,ssh-brute-force,high,WHITE,blocklist.de/ssh|blocklist.de/all|ziyadnz/hourly-ipv4,blocklist.de|ssh|bot|irc-bot|brute-force|ziyadnz|hourly,2026-08-17T18:48:05Z,2026-08-17T18:48:05Z,
107.174.137.235,ipv4,ssh-brute-force,high,WHITE,blocklist.de/ssh|blocklist.de/all|ziyadnz/hourly-ipv4,blocklist.de|ssh|bot|irc-bot|brute-force|ziyadnz|hourly,2026-08-17T18:48:05Z,2026-08-17T18:48:05Z,
107.174.90.254,ipv4,ssh-brute-force,high,WHITE,blocklist.de/ssh|blocklist.de/all|ziyadnz/hourly-ipv4,blocklist.de|ssh|bot|irc-bot|brute-force|ziyadnz|hourly,2026-08-17T18:48:05Z,2026-08-17T18:48:05Z,
107.175.183.134,ipv4,ssh-brute-force,high,WHITE,blocklist.de/ssh|blocklist.de/all|ziyadnz/hourly-ipv4,blocklist.de|ssh|bot|irc-bot|brute-force|ziyadnz|hourly,2026-08-17T18:48:05Z,2026-08-17T18:48:05Z,
107.175.183.32,ipv4,ssh-brute-force,high,WHITE,blocklist.de/ssh|blocklist.de/all|ziyadnz/hourly-ipv4,blocklist.de|ssh|bot|irc-bot|brute-force|ziyadnz|hourly,2026-08-17T18:48:05Z,2026-08-17T18:48:05Z,
107.175.226.131,ipv4,ssh-brute-force,high,WHITE,blocklist.de/ssh|blocklist.de/all|ziyadnz/hourly-ipv4,blocklist.de|ssh|bot|irc-bot|brute-force|ziyadnz|hourly,2026-08-17T18:48:05Z,2026-08-17T18:48:05Z,
107.175.75.42,ipv4,ssh-brute-force,high,WHITE,blocklist.de/ssh|blocklist.de/all|ziyadnz/hourly-ipv4,blocklist.de|ssh|bot|irc-bot|brute-force|ziyadnz|hourly,2026-08-17T18:48:05Z,2026-08-17T18:48:05Z,
107.179.135.233,ipv4,ssh-brute-force,high,WHITE,blocklist.de/ssh|blocklist.de/all|ziyadnz/hourly-ipv4,blocklist.de|ssh|bot|irc-bot|brute-force|ziyadnz|hourly,2026-08-17T18:48:05Z,2026-08-17T18:48:05Z,
107.189.17.69,ipv4,ssh-brute-force,high,WHITE,blocklist.de/ssh|blocklist.de/all|ziyadnz/hourly-ipv4,blocklist.de|ssh|bot|irc-bot|brute-force|ziyadnz|hourly,2026-08-17T18:48:05Z,2026-08-17T18:48:05Z,
107.189.27.179,ipv4,ssh-brute-force,high,WHITE,blocklist.de/ssh|blocklist.de/all|ziyadnz/hourly-ipv4,blocklist.de|ssh|bot|irc-bot|brute-force|ziyadnz|hourly,2026-08-17T18:48:05Z,2026-08-17T18:48:05Z,
107.189.28.96,ipv4,ssh-brute-force,high,WHITE,blocklist.de/ssh|blocklist.de/all|ziyadnz/hourly-ipv4,blocklist.de|ssh|bot|irc-bot|brute-force|ziyadnz|hourly,2026-08-17T18:48:05Z,2026-08-17T18:48:05Z,
107.192.242.201,ipv4,ssh-brute-force,high,WHITE,blocklist.de/ssh|blocklist.de/all|ziyadnz/hourly-ipv4,blocklist.de|ssh|bot|irc-bot|brute-force|ziyadnz|hourly,2026-08-17T18:48:05Z,2026-08-17T18:48:05Z,
107.201.97.6,ipv4,ssh-brute-force,high,WHITE,blocklist.de/ssh|blocklist.de/all|ziyadnz/hourly-ipv4,blocklist.de|ssh|bot|irc-bot|brute-force|ziyadnz|hourly,2026-08-17T18:48:05Z,2026-08-17T18:48:05Z,
108.168.10.40,ipv4,ssh-brute-force,high,WHITE,blocklist.de/ssh|blocklist.de/all|ziyadnz/hourly-ipv4,blocklist.de|ssh|bot|irc-bot|brute-force|ziyadnz|hourly,2026-08-17T18:48:05Z,2026-08-17T18:48:05Z,
108.174.147.36,ipv4,ssh-brute-force,high,WHITE,blocklist.de/ssh|blocklist.de/all|ziyadnz/hourly-ipv4,blocklist.de|ssh|bot|irc-bot|brute-force|ziyadnz|hourly,2026-08-17T18:48:05Z,2026-08-17T18:48:05Z,
108.174.156.122,ipv4,ssh-brute-force,high,WHITE,blocklist.de/ssh|blocklist.de/all|ziyadnz/hourly-ipv4,blocklist.de|ssh|bot|irc-bot|brute-force|ziyadnz|hourly,2026-08-17T18:48:05Z,2026-08-17T18:48:05Z,
108.193.210.125,ipv4,ssh-brute-force,high,WHITE,blocklist.de/ssh|blocklist.de/all|ziyadnz/hourly-ipv4,blocklist.de|ssh|bot|irc-bot|brute-force|ziyadnz|hourly,2026-08-17T18:48:05Z,2026-08-17T18:48:05Z,
108.201.119.143,ipv4,ssh-brute-force,high,WHITE,blocklist.de/ssh|blocklist.de/all|ziyadnz/hourly-ipv4,blocklist.de|ssh|bot|irc-bot|brute-force|ziyadnz|hourly,2026-08-17T18:48:05Z,2026-08-17T18:48:05Z,
108.235.127.53,ipv4,ssh-brute-force,high,WHITE,blocklist.de/ssh|blocklist.de/all|ziyadnz/hourly-ipv4,blocklist.de|ssh|bot|irc-bot|brute-force|ziyadnz|hourly,2026-08-17T18:48:05Z,2026-08-17T18:48:05Z,
108.244.233.220,ipv4,ssh-brute-force,high,WHITE,blocklist.de/ssh|blocklist.de/all|ziyadnz/hourly-ipv4,blocklist.de|ssh|bot|irc-bot|brute-force|ziyadnz|hourly,2026-08-17T18:48:05Z,2026-08-17T18:48:05Z,
108.28.86.172,ipv4,ssh-brute-force,high,WHITE,blocklist.de/ssh|blocklist.de/all|ziyadnz/hourly-ipv4,blocklist.de|ssh|bot|irc-bot|brute-force|ziyadnz|hourly,2026-08-17T18:48:05Z,2026-08-17T18:48:05Z,
109.107.231.195,ipv4,ssh-brute-force,high,WHITE,blocklist.de/ssh|blocklist.de/all|ziyadnz/hourly-ipv4,blocklist.de|ssh|bot|irc-bot|brute-force|ziyadnz|hourly,2026-08-17T18:48:05Z,2026-08-17T18:48:05Z,
109.123.233.79,ipv4,ssh-brute-force,high,WHITE,blocklist.de/ssh|blocklist.de/all|ziyadnz/hourly-ipv4,blocklist.de|ssh|bot|irc-bot|brute-force|ziyadnz|hourly,2026-08-17T18:48:05Z,2026-08-17T18:48:05Z,
109.162.249.113,ipv4,ssh-brute-force,high,WHITE,blocklist.de/ssh|blocklist.de/all|ziyadnz/hourly-ipv4,blocklist.de|ssh|bot|irc-bot|brute-force|ziyadnz|hourly,2026-08-17T18:48:05Z,2026-08-17T18:48:05Z,
109.165.68.216,ipv4,ssh-brute-force,high,WHITE,blocklist.de/ssh|blocklist.de/all|ziyadnz/hourly-ipv4,blocklist.de|ssh|bot|irc-bot|brute-force|ziyadnz|hourly,2026-08-17T18:48:05Z,2026-08-17T18:48:05Z,
109.167.231.90,ipv4,ssh-brute-force,high,WHITE,blocklist.de/ssh|blocklist.de/all|ziyadnz/hourly-ipv4,blocklist.de|ssh|bot|irc-bot|brute-force|ziyadnz|hourly,2026-08-17T18:48:05Z,2026-08-17T18:48:05Z,
109.194.108.203,ipv4,ssh-brute-force,high,WHITE,blocklist.de/ssh|blocklist.de/all|ziyadnz/hourly-ipv4,blocklist.de|ssh|bot|irc-bot|brute-force|ziyadnz|hourly,2026-08-17T18:48:05Z,2026-08-17T18:48:05Z,
109.198.191.234,ipv4,ssh-brute-force,high,WHITE,blocklist.de/ssh|blocklist.de/all|ziyadnz/hourly-ipv4,blocklist.de|ssh|bot|irc-bot|brute-force|ziyadnz|hourly,2026-08-17T18:48:05Z,2026-08-17T18:48:05Z,
109.199.102.40,ipv4,ssh-brute-force,high,WHITE,blocklist.de/ssh|blocklist.de/all|ziyadnz/hourly-ipv4,blocklist.de|ssh|bot|irc-bot|brute-force|ziyadnz|hourly,2026-08-17T18:48:05Z,2026-08-17T18:48:05Z,
109.199.103.240,ipv4,ssh-brute-force,high,WHITE,blocklist.de/ssh|blocklist.de/all|ziyadnz/hourly-ipv4,blocklist.de|ssh|bot|irc-bot|brute-force|ziyadnz|hourly,2026-08-17T18:48:05Z,2026-08-17T18:48:05Z,
109.207.195.124,ipv4,ssh-brute-force,high,WHITE,blocklist.de/ssh|blocklist.de/all|ziyadnz/hourly-ipv4,blocklist.de|ssh|bot|irc-bot|brute-force|ziyadnz|hourly,2026-08-17T18:48:05Z,2026-08-17T18:48:05Z,
109.228.48.105,ipv4,ssh-brute-force,high,WHITE,blocklist.de/ssh|blocklist.de/all|ziyadnz/hourly-ipv4,blocklist.de|ssh|bot|irc-bot|brute-force|ziyadnz|hourly,2026-08-17T18:48:05Z,2026-08-17T18:48:05Z,
109.230.129.100,ipv4,ssh-brute-force,high,WHITE,blocklist.de/ssh|blocklist.de/all|ziyadnz/hourly-ipv4,blocklist.de|ssh|bot|irc-bot|brute-force|ziyadnz|hourly,2026-08-17T18:48:05Z,2026-08-17T18:48:05Z,
109.236.46.111,ipv4,ssh-brute-force,high,WHITE,blocklist.de/ssh|blocklist.de/all|ziyadnz/hourly-ipv4,blocklist.de|ssh|bot|irc-bot|brute-force|ziyadnz|hourly,2026-08-17T18:48:05Z,2026-08-17T18:48:05Z,
109.248.252.238,ipv4,ssh-brute-force,high,WHITE,blocklist.de/ssh|blocklist.de/all|ziyadnz/hourly-ipv4,blocklist.de|ssh|bot|irc-bot|brute-force|ziyadnz|hourly,2026-08-17T18:48:05Z,2026-08-17T18:48:05Z,
109.67.156.16,ipv4,ssh-brute-force,high,WHITE,blocklist.de/ssh|blocklist.de/all|ziyadnz/hourly-ipv4,blocklist.de|ssh|bot|irc-bot|brute-force|ziyadnz|hourly,2026-08-17T18:48:05Z,2026-08-17T18:48:05Z,
109.82.160.26,ipv4,ssh-brute-force,high,WHITE,blocklist.de/ssh|blocklist.de/all|ziyadnz/hourly-ipv4,blocklist.de|ssh|bot|irc-bot|brute-force|ziyadnz|hourly,2026-08-17T18:48:05Z,2026-08-17T18:48:05Z,
109.91.4.177,ipv4,ssh-brute-force,high,WHITE,blocklist.de/ssh|blocklist.de/all|ziyadnz/hourly-ipv4,blocklist.de|ssh|bot|irc-bot|brute-force|ziyadnz|hourly,2026-08-17T18:48:05Z,2026-08-17T18:48:05Z,
109.94.104.127,ipv4,ssh-brute-force,high,WHITE,blocklist.de/ssh|blocklist.de/all|ziyadnz/hourly-ipv4,blocklist.de|ssh|bot|irc-bot|brute-force|ziyadnz|hourly,2026-08-17T18:48:05Z,2026-08-17T18:48:05Z,
110.137.75.233,ipv4,ssh-brute-force,high,WHITE,blocklist.de/ssh|blocklist.de/all|ziyadnz/hourly-ipv4,blocklist.de|ssh|bot|irc-bot|brute-force|ziyadnz|hourly,2026-08-17T18:48:05Z,2026-08-17T18:48:05Z,
110.138.80.195,ipv4,ssh-brute-force,high,WHITE,blocklist.de/ssh|blocklist.de/all|ziyadnz/hourly-ipv4,blocklist.de|ssh|bot|irc-bot|brute-force|ziyadnz|hourly,2026-08-17T18:48:05Z,2026-08-17T18:48:05Z,
110.152.127.50,ipv4,ssh-brute-force,high,WHITE,blocklist.de/ssh|blocklist.de/all|ziyadnz/hourly-ipv4,blocklist.de|ssh|bot|irc-bot|brute-force|ziyadnz|hourly,2026-08-17T18:48:05Z,2026-08-17T18:48:05Z,
110.166.87.119,ipv4,ssh-brute-force,high,WHITE,blocklist.de/ssh|blocklist.de/all|ziyadnz/hourly-ipv4,blocklist.de|ssh|bot|irc-bot|brute-force|ziyadnz|hourly,2026-08-17T18:48:05Z,2026-08-17T18:48:05Z,
110.173.190.221,ipv4,ssh-brute-force,high,WHITE,blocklist.de/ssh|blocklist.de/all|ziyadnz/hourly-ipv4,blocklist.de|ssh|bot|irc-bot|brute-force|ziyadnz|hourly,2026-08-17T18:48:05Z,2026-08-17T18:48:05Z,
110.175.145.100,ipv4,ssh-brute-force,high,WHITE,blocklist.de/ssh|blocklist.de/all|ziyadnz/hourly-ipv4,blocklist.de|ssh|bot|irc-bot|brute-force|ziyadnz|hourly,2026-08-17T18:48:05Z,2026-08-17T18:48:05Z,
110.226.115.149,ipv4,ssh-brute-force,high,WHITE,blocklist.de/ssh|blocklist.de/all|ziyadnz/hourly-ipv4,blocklist.de|ssh|bot|irc-bot|brute-force|ziyadnz|hourly,2026-08-17T18:48:05Z,2026-08-17T18:48:05Z,
110.42.255.239,ipv4,ssh-brute-force,high,WHITE,blocklist.de/ssh|blocklist.de/all|ziyadnz/hourly-ipv4,blocklist.de|ssh|bot|irc-bot|brute-force|ziyadnz|hourly,2026-08-17T18:48:05Z,2026-08-17T18:48:05Z,
110.43.37.72,ipv4,ssh-brute-force,high,WHITE,blocklist.de/ssh|blocklist.de/all|ziyadnz/hourly-ipv4,blocklist.de|ssh|bot|irc-bot|brute-force|ziyadnz|hourly,2026-08-17T18:48:05Z,2026-08-17T18:48:05Z,
110.49.76.244,ipv4,ssh-brute-force,high,WHITE,blocklist.de/ssh|blocklist.de/all|ziyadnz/hourly-ipv4,blocklist.de|ssh|bot|irc-bot|brute-force|ziyadnz|hourly,2026-08-17T18:48:05Z,2026-08-17T18:48:05Z,
110.53.0.118,ipv4,ssh-brute-force,high,WHITE,blocklist.de/ssh|blocklist.de/all|ziyadnz/hourly-ipv4,blocklist.de|ssh|bot|irc-bot|brute-force|ziyadnz|hourly,2026-08-17T18:48:05Z,2026-08-17T18:48:05Z,
110.77.148.87,ipv4,ssh-brute-force,high,WHITE,blocklist.de/ssh|blocklist.de/all|ziyadnz/hourly-ipv4,blocklist.de|ssh|bot|irc-bot|brute-force|ziyadnz|hourly,2026-08-17T18:48:05Z,2026-08-17T18:48:05Z,
111.10.169.205,ipv4,ssh-brute-force,high,WHITE,blocklist.de/ssh|blocklist.de/all|ziyadnz/hourly-ipv4,blocklist.de|ssh|bot|irc-bot|brute-force|ziyadnz|hourly,2026-08-17T18:48:05Z,2026-08-17T18:48:05Z,
111.160.133.62,ipv4,ssh-brute-force,high,WHITE,blocklist.de/ssh|blocklist.de/all|ziyadnz/hourly-ipv4,blocklist.de|ssh|bot|irc-bot|brute-force|ziyadnz|hourly,2026-08-17T18:48:05Z,2026-08-17T18:48:05Z,
111.170.34.11,ipv4,ssh-brute-force,high,WHITE,blocklist.de/ssh|blocklist.de/all|ziyadnz/hourly-ipv4,blocklist.de|ssh|bot|irc-bot|brute-force|ziyadnz|hourly,2026-08-17T18:48:05Z,2026-08-17T18:48:05Z,
111.19.212.140,ipv4,ssh-brute-force,high,WHITE,blocklist.de/ssh|blocklist.de/all|ziyadnz/hourly-ipv4,blocklist.de|ssh|bot|irc-bot|brute-force|ziyadnz|hourly,2026-08-17T18:48:05Z,2026-08-17T18:48:05Z,
111.22.5.101,ipv4,ssh-brute-force,high,WHITE,blocklist.de/ssh|blocklist.de/all|ziyadnz/hourly-ipv4,blocklist.de|ssh|bot|irc-bot|brute-force|ziyadnz|hourly,2026-08-17T18:48:05Z,2026-08-17T18:48:05Z,
111.228.10.139,ipv4,ssh-brute-force,high,WHITE,blocklist.de/ssh|blocklist.de/all|ziyadnz/hourly-ipv4,blocklist.de|ssh|bot|irc-bot|brute-force|ziyadnz|hourly,2026-08-17T18:48:05Z,2026-08-17T18:48:05Z,
111.228.14.125,ipv4,ssh-brute-force,high,WHITE,blocklist.de/ssh|blocklist.de/all|ziyadnz/hourly-ipv4,blocklist.de|ssh|bot|irc-bot|brute-force|ziyadnz|hourly,2026-08-17T18:48:05Z,2026-08-17T18:48:05Z,
111.229.101.89,ipv4,ssh-brute-force,high,WHITE,blocklist.de/ssh|blocklist.de/all|ziyadnz/hourly-ipv4,blocklist.de|ssh|bot|irc-bot|brute-force|ziyadnz|hourly,2026-08-17T18:48:05Z,2026-08-17T18:48:05Z,
111.229.41.249,ipv4,ssh-brute-force,high,WHITE,blocklist.de/ssh|blocklist.de/all|ziyadnz/hourly-ipv4,blocklist.de|ssh|bot|irc-bot|brute-force|ziyadnz|hourly,2026-08-17T18:48:05Z,2026-08-17T18:48:05Z,
111.235.76.92,ipv4,ssh-brute-force,high,WHITE,blocklist.de/ssh|blocklist.de/all|ziyadnz/hourly-ipv4,blocklist.de|ssh|bot|irc-bot|brute-force|ziyadnz|hourly,2026-08-17T18:48:05Z,2026-08-17T18:48:05Z,
111.29.38.32,ipv4,ssh-brute-force,high,WHITE,blocklist.de/ssh|blocklist.de/all|ziyadnz/hourly-ipv4,blocklist.de|ssh|bot|irc-bot|brute-force|ziyadnz|hourly,2026-08-17T18:48:05Z,2026-08-17T18:48:05Z,
111.29.41.216,ipv4,ssh-brute-force,high,WHITE,blocklist.de/ssh|blocklist.de/all|ziyadnz/hourly-ipv4,blocklist.de|ssh|bot|irc-bot|brute-force|ziyadnz|hourly,2026-08-17T18:48:05Z,2026-08-17T18:48:05Z,
111.29.52.71,ipv4,ssh-brute-force,high,WHITE,blocklist.de/ssh|blocklist.de/all|ziyadnz/hourly-ipv4,blocklist.de|ssh|bot|irc-bot|brute-force|ziyadnz|hourly,2026-08-17T18:48:05Z,2026-08-17T18:48:05Z,
111.32.153.180,ipv4,ssh-brute-force,high,WHITE,blocklist.de/ssh|blocklist.de/all|ziyadnz/hourly-ipv4,blocklist.de|ssh|bot|irc-bot|brute-force|ziyadnz|hourly,2026-08-17T18:48:05Z,2026-08-17T18:48:05Z,
111.42.60.82,ipv4,ssh-brute-force,high,WHITE,blocklist.de/ssh|blocklist.de/all|ziyadnz/hourly-ipv4,blocklist.de|ssh|bot|irc-bot|brute-force|ziyadnz|hourly,2026-08-17T18:48:05Z,2026-08-17T18:48:05Z,
111.53.8.101,ipv4,ssh-brute-force,high,WHITE,blocklist.de/ssh|blocklist.de/all|ziyadnz/hourly-ipv4,blocklist.de|ssh|bot|irc-bot|brute-force|ziyadnz|hourly,2026-08-17T18:48:05Z,2026-08-17T18:48:05Z,
111.85.212.231,ipv4,ssh-brute-force,high,WHITE,blocklist.de/ssh|blocklist.de/all|ziyadnz/hourly-ipv4,blocklist.de|ssh|bot|irc-bot|brute-force|ziyadnz|hourly,2026-08-17T18:48:05Z,2026-08-17T18:48:05Z,
111.9.47.89,ipv4,ssh-brute-force,high,WHITE,blocklist.de/ssh|blocklist.de/all|ziyadnz/hourly-ipv4,blocklist.de|ssh|bot|irc-bot|brute-force|ziyadnz|hourly,2026-08-17T18:48:05Z,2026-08-17T18:48:05Z,
112.120.171.95,ipv4,ssh-brute-force,high,WHITE,blocklist.de/ssh|blocklist.de/all|ziyadnz/hourly-ipv4,blocklist.de|ssh|bot|irc-bot|brute-force|ziyadnz|hourly,2026-08-17T18:48:05Z,2026-08-17T18:48:05Z,
112.124.37.132,ipv4,ssh-brute-force,high,WHITE,blocklist.de/ssh|blocklist.de/all|ziyadnz/hourly-ipv4,blocklist.de|ssh|bot|irc-bot|brute-force|ziyadnz|hourly,2026-08-17T18:48:05Z,2026-08-17T18:48:05Z,
112.126.62.31,ipv4,ssh-brute-force,high,WHITE,blocklist.de/ssh|blocklist.de/all|ziyadnz/hourly-ipv4,blocklist.de|ssh|bot|irc-bot|brute-force|ziyadnz|hourly,2026-08-17T18:48:05Z,2026-08-17T18:48:05Z,
112.146.20.35,ipv4,ssh-brute-force,high,WHITE,blocklist.de/ssh|blocklist.de/all|ziyadnz/hourly-ipv4,blocklist.de|ssh|bot|irc-bot|brute-force|ziyadnz|hourly,2026-08-17T18:48:05Z,2026-08-17T18:48:05Z,
112.151.168.52,ipv4,ssh-brute-force,high,WHITE,blocklist.de/ssh|blocklist.de/all|ziyadnz/hourly-ipv4,blocklist.de|ssh|bot|irc-bot|brute-force|ziyadnz|hourly,2026-08-17T18:48:05Z,2026-08-17T18:48:05Z,
112.158.102.108,ipv4,ssh-brute-force,high,WHITE,blocklist.de/ssh|blocklist.de/all|ziyadnz/hourly-ipv4,blocklist.de|ssh|bot|irc-bot|brute-force|ziyadnz|hourly,2026-08-17T18:48:05Z,2026-08-17T18:48:05Z,
112.17.140.107,ipv4,ssh-brute-force,high,WHITE,blocklist.de/ssh|blocklist.de/all|ziyadnz/hourly-ipv4,blocklist.de|ssh|bot|irc-bot|brute-force|ziyadnz|hourly,2026-08-17T18:48:05Z,2026-08-17T18:48:05Z,
112.185.16.157,ipv4,ssh-brute-force,high,WHITE,blocklist.de/ssh|blocklist.de/all|ziyadnz/hourly-ipv4,blocklist.de|ssh|bot|irc-bot|brute-force|ziyadnz|hourly,2026-08-17T18:48:05Z,2026-08-17T18:48:05Z,
112.200.174.16,ipv4,ssh-brute-force,high,WHITE,blocklist.de/ssh|blocklist.de/all|ziyadnz/hourly-ipv4,blocklist.de|ssh|bot|irc-bot|brute-force|ziyadnz|hourly,2026-08-17T18:48:05Z,2026-08-17T18:48:05Z,
112.201.230.85,ipv4,ssh-brute-force,high,WHITE,blocklist.de/ssh|blocklist.de/all|ziyadnz/hourly-ipv4,blocklist.de|ssh|bot|irc-bot|brute-force|ziyadnz|hourly,2026-08-17T18:48:05Z,2026-08-17T18:48:05Z,
112.217.188.122,ipv4,ssh-brute-force,high,WHITE,blocklist.de/ssh|blocklist.de/all|ziyadnz/hourly-ipv4,blocklist.de|ssh|bot|irc-bot|brute-force|ziyadnz|hourly,2026-08-17T18:48:05Z,2026-08-17T18:48:05Z,
112.219.151.50,ipv4,ssh-brute-force,high,WHITE,blocklist.de/ssh|blocklist.de/all|ziyadnz/hourly-ipv4,blocklist.de|ssh|bot|irc-bot|brute-force|ziyadnz|hourly,2026-08-17T18:48:05Z,2026-08-17T18:48:05Z,
112.27.235.200,ipv4,ssh-brute-force,high,WHITE,blocklist.de/ssh|blocklist.de/all|ziyadnz/hourly-ipv4,blocklist.de|ssh|bot|irc-bot|brute-force|ziyadnz|hourly,2026-08-17T18:48:05Z,2026-08-17T18:48:05Z,
112.31.254.122,ipv4,ssh-brute-force,high,WHITE,blocklist.de/ssh|blocklist.de/all|ziyadnz/hourly-ipv4,blocklist.de|ssh|bot|irc-bot|brute-force|ziyadnz|hourly,2026-08-17T18:48:05Z,2026-08-17T18:48:05Z,
112.45.47.45,ipv4,ssh-brute-force,high,WHITE,blocklist.de/ssh|blocklist.de/all|ziyadnz/hourly-ipv4,blocklist.de|ssh|bot|irc-bot|brute-force|ziyadnz|hourly,2026-08-17T18:48:05Z,2026-08-17T18:48:05Z,
112.47.128.74,ipv4,ssh-brute-force,high,WHITE,blocklist.de/ssh|blocklist.de/all|ziyadnz/hourly-ipv4,blocklist.de|ssh|bot|irc-bot|brute-force|ziyadnz|hourly,2026-08-17T18:48:05Z,2026-08-17T18:48:05Z,
112.47.148.237,ipv4,ssh-brute-force,high,WHITE,blocklist.de/ssh|blocklist.de/all|ziyadnz/hourly-ipv4,blocklist.de|ssh|bot|irc-bot|brute-force|ziyadnz|hourly,2026-08-17T18:48:05Z,2026-08-17T18:48:05Z,
112.53.123.118,ipv4,ssh-brute-force,high,WHITE,blocklist.de/ssh|blocklist.de/all|ziyadnz/hourly-ipv4,blocklist.de|ssh|bot|irc-bot|brute-force|ziyadnz|hourly,2026-08-17T18:48:05Z,2026-08-17T18:48:05Z,
112.6.9.52,ipv4,ssh-brute-force,high,WHITE,blocklist.de/ssh|blocklist.de/all|ziyadnz/hourly-ipv4,blocklist.de|ssh|bot|irc-bot|brute-force|ziyadnz|hourly,2026-08-17T18:48:05Z,2026-08-17T18:48:05Z,
112.64.113.71,ipv4,ssh-brute-force,high,WHITE,blocklist.de/ssh|blocklist.de/all|ziyadnz/hourly-ipv4,blocklist.de|ssh|bot|irc-bot|brute-force|ziyadnz|hourly,2026-08-17T18:48:05Z,2026-08-17T18:48:05Z,
112.80.26.242,ipv4,ssh-brute-force,high,WHITE,blocklist.de/ssh|blocklist.de/all|ziyadnz/hourly-ipv4,blocklist.de|ssh|bot|irc-bot|brute-force|ziyadnz|hourly,2026-08-17T18:48:05Z,2026-08-17T18:48:05Z,
113.141.171.139,ipv4,ssh-brute-force,high,WHITE,blocklist.de/ssh|blocklist.de/all|ziyadnz/hourly-ipv4,blocklist.de|ssh|bot|irc-bot|brute-force|ziyadnz|hourly,2026-08-17T18:48:05Z,2026-08-17T18:48:05Z,
113.160.112.200,ipv4,ssh-brute-force,high,WHITE,blocklist.de/ssh|blocklist.de/all|ziyadnz/hourly-ipv4,blocklist.de|ssh|bot|irc-bot|brute-force|ziyadnz|hourly,2026-08-17T18:48:05Z,2026-08-17T18:48:05Z,
113.160.180.106,ipv4,ssh-brute-force,high,WHITE,blocklist.de/ssh|blocklist.de/all|ziyadnz/hourly-ipv4,blocklist.de|ssh|bot|irc-bot|brute-force|ziyadnz|hourly,2026-08-17T18:48:05Z,2026-08-17T18:48:05Z,
113.160.188.181,ipv4,ssh-brute-force,high,WHITE,blocklist.de/ssh|blocklist.de/all|ziyadnz/hourly-ipv4,blocklist.de|ssh|bot|irc-bot|brute-force|ziyadnz|hourly,2026-08-17T18:48:05Z,2026-08-17T18:48:05Z,
113.161.18.32,ipv4,ssh-brute-force,high,WHITE,blocklist.de/ssh|blocklist.de/all|ziyadnz/hourly-ipv4,blocklist.de|ssh|bot|irc-bot|brute-force|ziyadnz|hourly,2026-08-17T18:48:05Z,2026-08-17T18:48:05Z,
113.161.222.150,ipv4,ssh-brute-force,high,WHITE,blocklist.de/ssh|blocklist.de/all|ziyadnz/hourly-ipv4,blocklist.de|ssh|bot|irc-bot|brute-force|ziyadnz|hourly,2026-08-17T18:48:05Z,2026-08-17T18:48:05Z,
113.161.241.120,ipv4,ssh-brute-force,high,WHITE,blocklist.de/ssh|blocklist.de/all|ziyadnz/hourly-ipv4,blocklist.de|ssh|bot|irc-bot|brute-force|ziyadnz|hourly,2026-08-17T18:48:05Z,2026-08-17T18:48:05Z,
113.164.66.10,ipv4,ssh-brute-force,high,WHITE,blocklist.de/ssh|blocklist.de/all|ziyadnz/hourly-ipv4,blocklist.de|ssh|bot|irc-bot|brute-force|ziyadnz|hourly,2026-08-17T18:48:05Z,2026-08-17T18:48:05Z,
113.176.100.62,ipv4,ssh-brute-force,high,WHITE,blocklist.de/ssh|blocklist.de/all|ziyadnz/hourly-ipv4,blocklist.de|ssh|bot|irc-bot|brute-force|ziyadnz|hourly,2026-08-17T18:48:05Z,2026-08-17T18:48:05Z,
113.177.27.200,ipv4,ssh-brute-force,high,WHITE,blocklist.de/ssh|blocklist.de/all|ziyadnz/hourly-ipv4,blocklist.de|ssh|bot|irc-bot|brute-force|ziyadnz|hourly,2026-08-17T18:48:05Z,2026-08-17T18:48:05Z,
113.184.220.69,ipv4,ssh-brute-force,high,WHITE,blocklist.de/ssh|blocklist.de/all|ziyadnz/hourly-ipv4,blocklist.de|ssh|bot|irc-bot|brute-force|ziyadnz|hourly,2026-08-17T18:48:05Z,2026-08-17T18:48:05Z,
113.193.128.226,ipv4,ssh-brute-force,high,WHITE,blocklist.de/ssh|blocklist.de/all|ziyadnz/hourly-ipv4,blocklist.de|ssh|bot|irc-bot|brute-force|ziyadnz|hourly,2026-08-17T18:48:05Z,2026-08-17T18:48:05Z,
113.193.234.210,ipv4,ssh-brute-force,high,WHITE,blocklist.de/ssh|blocklist.de/all|ziyadnz/hourly-ipv4,blocklist.de|ssh|bot|irc-bot|brute-force|ziyadnz|hourly,2026-08-17T18:48:05Z,2026-08-17T18:48:05Z,
113.20.8.90,ipv4,ssh-brute-force,high,WHITE,blocklist.de/ssh|blocklist.de/all|ziyadnz/hourly-ipv4,blocklist.de|ssh|bot|irc-bot|brute-force|ziyadnz|hourly,2026-08-17T18:48:05Z,2026-08-17T18:48:05Z,
113.201.68.111,ipv4,ssh-brute-force,high,WHITE,blocklist.de/ssh|blocklist.de/all|ziyadnz/hourly-ipv4,blocklist.de|ssh|bot|irc-bot|brute-force|ziyadnz|hourly,2026-08-17T18:48:05Z,2026-08-17T18:48:05Z,
113.211.213.201,ipv4,ssh-brute-force,high,WHITE,blocklist.de/ssh|blocklist.de/all|ziyadnz/hourly-ipv4,blocklist.de|ssh|bot|irc-bot|brute-force|ziyadnz|hourly,2026-08-17T18:48:05Z,2026-08-17T18:48:05Z,
113.211.213.231,ipv4,ssh-brute-force,high,WHITE,blocklist.de/ssh|blocklist.de/all|ziyadnz/hourly-ipv4,blocklist.de|ssh|bot|irc-bot|brute-force|ziyadnz|hourly,2026-08-17T18:48:05Z,2026-08-17T18:48:05Z,
113.240.110.0,ipv4,ssh-brute-force,high,WHITE,blocklist.de/ssh|blocklist.de/all|ziyadnz/hourly-ipv4,blocklist.de|ssh|bot|irc-bot|brute-force|ziyadnz|hourly,2026-08-17T18:48:05Z,2026-08-17T18:48:05Z,
113.240.110.90,ipv4,ssh-brute-force,high,WHITE,blocklist.de/ssh|blocklist.de/all|ziyadnz/hourly-ipv4,blocklist.de|ssh|bot|irc-bot|brute-force|ziyadnz|hourly,2026-08-17T18:48:05Z,2026-08-17T18:48:05Z,
113.249.114.66,ipv4,ssh-brute-force,high,WHITE,blocklist.de/ssh|blocklist.de/all|ziyadnz/hourly-ipv4,blocklist.de|ssh|bot|irc-bot|brute-force|ziyadnz|hourly,2026-08-17T18:48:05Z,2026-08-17T18:48:05Z,
113.31.104.172,ipv4,ssh-brute-force,high,WHITE,blocklist.de/ssh|blocklist.de/all|ziyadnz/hourly-ipv4,blocklist.de|ssh|bot|irc-bot|brute-force|ziyadnz|hourly,2026-08-17T18:48:05Z,2026-08-17T18:48:05Z,
113.31.180.18,ipv4,ssh-brute-force,high,WHITE,blocklist.de/ssh|blocklist.de/all|ziyadnz/hourly-ipv4,blocklist.de|ssh|bot|irc-bot|brute-force|ziyadnz|hourly,2026-08-17T18:48:05Z,2026-08-17T18:48:05Z,
113.31.182.32,ipv4,ssh-brute-force,high,WHITE,blocklist.de/ssh|blocklist.de/all|ziyadnz/hourly-ipv4,blocklist.de|ssh|bot|irc-bot|brute-force|ziyadnz|hourly,2026-08-17T18:48:05Z,2026-08-17T18:48:05Z,
113.83.129.242,ipv4,ssh-brute-force,high,WHITE,blocklist.de/ssh|blocklist.de/all|ziyadnz/hourly-ipv4,blocklist.de|ssh|bot|irc-bot|brute-force|ziyadnz|hourly,2026-08-17T18:48:05Z,2026-08-17T18:48:05Z,
113.88.241.243,ipv4,ssh-brute-force,high,WHITE,blocklist.de/ssh|blocklist.de/all|ziyadnz/hourly-ipv4,blocklist.de|ssh|bot|irc-bot|brute-force|ziyadnz|hourly,2026-08-17T18:48:05Z,2026-08-17T18:48:05Z,
113.89.53.163,ipv4,ssh-brute-force,high,WHITE,blocklist.de/ssh|blocklist.de/all|ziyadnz/hourly-ipv4,blocklist.de|ssh|bot|irc-bot|brute-force|ziyadnz|hourly,2026-08-17T18:48:05Z,2026-08-17T18:48:05Z,
114.111.53.214,ipv4,ssh-brute-force,high,WHITE,blocklist.de/ssh|blocklist.de/all|ziyadnz/hourly-ipv4,blocklist.de|ssh|bot|irc-bot|brute-force|ziyadnz|hourly,2026-08-17T18:48:05Z,2026-08-17T18:48:05Z,
114.111.54.189,ipv4,ssh-brute-force,high,WHITE,blocklist.de/ssh|blocklist.de/all|ziyadnz/hourly-ipv4,blocklist.de|ssh|bot|irc-bot|brute-force|ziyadnz|hourly,2026-08-17T18:48:05Z,2026-08-17T18:48:05Z,
114.115.248.201,ipv4,ssh-brute-force,high,WHITE,blocklist.de/ssh|blocklist.de/all|ziyadnz/hourly-ipv4,blocklist.de|ssh|bot|irc-bot|brute-force|ziyadnz|hourly,2026-08-17T18:48:05Z,2026-08-17T18:48:05Z,
114.117.169.37,ipv4,ssh-brute-force,high,WHITE,blocklist.de/ssh|blocklist.de/all|ziyadnz/hourly-ipv4,blocklist.de|ssh|bot|irc-bot|brute-force|ziyadnz|hourly,2026-08-17T18:48:05Z,2026-08-17T18:48:05Z,
114.130.85.36,ipv4,ssh-brute-force,high,WHITE,blocklist.de/ssh|blocklist.de/all|ziyadnz/hourly-ipv4,blocklist.de|ssh|bot|irc-bot|brute-force|ziyadnz|hourly,2026-08-17T18:48:05Z,2026-08-17T18:48:05Z,
114.132.231.42,ipv4,ssh-brute-force,high,WHITE,blocklist.de/ssh|blocklist.de/all|ziyadnz/hourly-ipv4,blocklist.de|ssh|bot|irc-bot|brute-force|ziyadnz|hourly,2026-08-17T18:48:05Z,2026-08-17T18:48:05Z,
114.141.59.195,ipv4,ssh-brute-force,high,WHITE,blocklist.de/ssh|blocklist.de/all|ziyadnz/hourly-ipv4,blocklist.de|ssh|bot|irc-bot|brute-force|ziyadnz|hourly,2026-08-17T18:48:05Z,2026-08-17T18:48:05Z,
114.203.87.250,ipv4,ssh-brute-force,high,WHITE,blocklist.de/ssh|blocklist.de/all|ziyadnz/hourly-ipv4,blocklist.de|ssh|bot|irc-bot|brute-force|ziyadnz|hourly,2026-08-17T18:48:05Z,2026-08-17T18:48:05Z,
114.217.10.60,ipv4,ssh-brute-force,high,WHITE,blocklist.de/ssh|blocklist.de/all|ziyadnz/hourly-ipv4,blocklist.de|ssh|bot|irc-bot|brute-force|ziyadnz|hourly,2026-08-17T18:48:05Z,2026-08-17T18:48:05Z,
114.217.53.0,ipv4,ssh-brute-force,high,WHITE,blocklist.de/ssh|blocklist.de/all|ziyadnz/hourly-ipv4,blocklist.de|ssh|bot|irc-bot|brute-force|ziyadnz|hourly,2026-08-17T18:48:05Z,2026-08-17T18:48:05Z,
114.220.176.69,ipv4,ssh-brute-force,high,WHITE,blocklist.de/ssh|blocklist.de/all|ziyadnz/hourly-ipv4,blocklist.de|ssh|bot|irc-bot|brute-force|ziyadnz|hourly,2026-08-17T18:48:05Z,2026-08-17T18:48:05Z,
114.220.238.21,ipv4,ssh-brute-force,high,WHITE,blocklist.de/ssh|blocklist.de/all|ziyadnz/hourly-ipv4,blocklist.de|ssh|bot|irc-bot|brute-force|ziyadnz|hourly,2026-08-17T18:48:05Z,2026-08-17T18:48:05Z,
114.220.238.224,ipv4,ssh-brute-force,high,WHITE,blocklist.de/ssh|blocklist.de/all|ziyadnz/hourly-ipv4,blocklist.de|ssh|bot|irc-bot|brute-force|ziyadnz|hourly,2026-08-17T18:48:05Z,2026-08-17T18:48:05Z,
114.245.53.120,ipv4,ssh-brute-force,high,WHITE,blocklist.de/ssh|blocklist.de/all|ziyadnz/hourly-ipv4,blocklist.de|ssh|bot|irc-bot|brute-force|ziyadnz|hourly,2026-08-17T18:48:05Z,2026-08-17T18:48:05Z,
114.246.241.87,ipv4,ssh-brute-force,high,WHITE,blocklist.de/ssh|blocklist.de/all|ziyadnz/hourly-ipv4,blocklist.de|ssh|bot|irc-bot|brute-force|ziyadnz|hourly,2026-08-17T18:48:05Z,2026-08-17T18:48:05Z,
114.252.233.230,ipv4,ssh-brute-force,high,WHITE,blocklist.de/ssh|blocklist.de/all|ziyadnz/hourly-ipv4,blocklist.de|ssh|bot|irc-bot|brute-force|ziyadnz|hourly,2026-08-17T18:48:05Z,2026-08-17T18:48:05Z,
114.55.132.117,ipv4,ssh-brute-force,high,WHITE,blocklist.de/ssh|blocklist.de/all|ziyadnz/hourly-ipv4,blocklist.de|ssh|bot|irc-bot|brute-force|ziyadnz|hourly,2026-08-17T18:48:05Z,2026-08-17T18:48:05Z,
114.67.127.241,ipv4,ssh-brute-force,high,WHITE,blocklist.de/ssh|blocklist.de/all|ziyadnz/hourly-ipv4,blocklist.de|ssh|bot|irc-bot|brute-force|ziyadnz|hourly,2026-08-17T18:48:05Z,2026-08-17T18:48:05Z,
114.67.232.93,ipv4,ssh-brute-force,high,WHITE,blocklist.de/ssh|blocklist.de/all|ziyadnz/hourly-ipv4,blocklist.de|ssh|bot|irc-bot|brute-force|ziyadnz|hourly,2026-08-17T18:48:05Z,2026-08-17T18:48:05Z,
114.70.63.104,ipv4,ssh-brute-force,high,WHITE,blocklist.de/ssh|blocklist.de/all|ziyadnz/hourly-ipv4,blocklist.de|ssh|bot|irc-bot|brute-force|ziyadnz|hourly,2026-08-17T18:48:05Z,2026-08-17T18:48:05Z,
114.80.32.225,ipv4,ssh-brute-force,high,WHITE,blocklist.de/ssh|blocklist.de/all|ziyadnz/hourly-ipv4,blocklist.de|ssh|bot|irc-bot|brute-force|ziyadnz|hourly,2026-08-17T18:48:05Z,2026-08-17T18:48:05Z,
114.96.79.13,ipv4,ssh-brute-force,high,WHITE,blocklist.de/ssh|blocklist.de/all|ziyadnz/hourly-ipv4,blocklist.de|ssh|bot|irc-bot|brute-force|ziyadnz|hourly,2026-08-17T18:48:05Z,2026-08-17T18:48:05Z,
114.98.230.202,ipv4,ssh-brute-force,high,WHITE,blocklist.de/ssh|blocklist.de/all|ziyadnz/hourly-ipv4,blocklist.de|ssh|bot|irc-bot|brute-force|ziyadnz|hourly,2026-08-17T18:48:05Z,2026-08-17T18:48:05Z,
115.136.215.99,ipv4,ssh-brute-force,high,WHITE,blocklist.de/ssh|blocklist.de/all|ziyadnz/hourly-ipv4,blocklist.de|ssh|bot|irc-bot|brute-force|ziyadnz|hourly,2026-08-17T18:48:05Z,2026-08-17T18:48:05Z,
115.140.161.61,ipv4,ssh-brute-force,high,WHITE,blocklist.de/ssh|blocklist.de/all|ziyadnz/hourly-ipv4,blocklist.de|ssh|bot|irc-bot|brute-force|ziyadnz|hourly,2026-08-17T18:48:05Z,2026-08-17T18:48:05Z,
115.178.75.242,ipv4,ssh-brute-force,high,WHITE,blocklist.de/ssh|blocklist.de/all|ziyadnz/hourly-ipv4,blocklist.de|ssh|bot|irc-bot|brute-force|ziyadnz|hourly,2026-08-17T18:48:05Z,2026-08-17T18:48:05Z,
115.178.75.243,ipv4,ssh-brute-force,high,WHITE,blocklist.de/ssh|blocklist.de/all|ziyadnz/hourly-ipv4,blocklist.de|ssh|bot|irc-bot|brute-force|ziyadnz|hourly,2026-08-17T18:48:05Z,2026-08-17T18:48:05Z,
115.187.33.194,ipv4,ssh-brute-force,high,WHITE,blocklist.de/ssh|blocklist.de/all|ziyadnz/hourly-ipv4,blocklist.de|ssh|bot|irc-bot|brute-force|ziyadnz|hourly,2026-08-17T18:48:05Z,2026-08-17T18:48:05Z,
115.187.45.20,ipv4,ssh-brute-force,high,WHITE,blocklist.de/ssh|blocklist.de/all|ziyadnz/hourly-ipv4,blocklist.de|ssh|bot|irc-bot|brute-force|ziyadnz|hourly,2026-08-17T18:48:05Z,2026-08-17T18:48:05Z,
115.190.113.93,ipv4,ssh-brute-force,high,WHITE,blocklist.de/ssh|blocklist.de/all|ziyadnz/hourly-ipv4,blocklist.de|ssh|bot|irc-bot|brute-force|ziyadnz|hourly,2026-08-17T18:48:05Z,2026-08-17T18:48:05Z,
115.190.115.237,ipv4,ssh-brute-force,high,WHITE,blocklist.de/ssh|blocklist.de/all|ziyadnz/hourly-ipv4,blocklist.de|ssh|bot|irc-bot|brute-force|ziyadnz|hourly,2026-08-17T18:48:05Z,2026-08-17T18:48:05Z,
115.190.117.228,ipv4,ssh-brute-force,high,WHITE,blocklist.de/ssh|blocklist.de/all|ziyadnz/hourly-ipv4,blocklist.de|ssh|bot|irc-bot|brute-force|ziyadnz|hourly,2026-08-17T18:48:05Z,2026-08-17T18:48:05Z,
115.190.126.68,ipv4,ssh-brute-force,high,WHITE,blocklist.de/ssh|blocklist.de/all|ziyadnz/hourly-ipv4,blocklist.de|ssh|bot|irc-bot|brute-force|ziyadnz|hourly,2026-08-17T18:48:05Z,2026-08-17T18:48:05Z,
115.190.138.163,ipv4,ssh-brute-force,high,WHITE,blocklist.de/ssh|blocklist.de/all|ziyadnz/hourly-ipv4,blocklist.de|ssh|bot|irc-bot|brute-force|ziyadnz|hourly,2026-08-17T18:48:05Z,2026-08-17T18:48:05Z,
115.190.149.134,ipv4,ssh-brute-force,high,WHITE,blocklist.de/ssh|blocklist.de/all|ziyadnz/hourly-ipv4,blocklist.de|ssh|bot|irc-bot|brute-force|ziyadnz|hourly,2026-08-17T18:48:05Z,2026-08-17T18:48:05Z,
115.190.152.70,ipv4,ssh-brute-force,high,WHITE,blocklist.de/ssh|blocklist.de/all|ziyadnz/hourly-ipv4,blocklist.de|ssh|bot|irc-bot|brute-force|ziyadnz|hourly,2026-08-17T18:48:05Z,2026-08-17T18:48:05Z,
115.190.159.160,ipv4,ssh-brute-force,high,WHITE,blocklist.de/ssh|blocklist.de/all|ziyadnz/hourly-ipv4,blocklist.de|ssh|bot|irc-bot|brute-force|ziyadnz|hourly,2026-08-17T18:48:05Z,2026-08-17T18:48:05Z,
115.190.161.6,ipv4,ssh-brute-force,high,WHITE,blocklist.de/ssh|blocklist.de/all|ziyadnz/hourly-ipv4,blocklist.de|ssh|bot|irc-bot|brute-force|ziyadnz|hourly,2026-08-17T18:48:05Z,2026-08-17T18:48:05Z,
115.190.165.93,ipv4,ssh-brute-force,high,WHITE,blocklist.de/ssh|blocklist.de/all|ziyadnz/hourly-ipv4,blocklist.de|ssh|bot|irc-bot|brute-force|ziyadnz|hourly,2026-08-17T18:48:05Z,2026-08-17T18:48:05Z,
115.190.166.122,ipv4,ssh-brute-force,high,WHITE,blocklist.de/ssh|blocklist.de/all|ziyadnz/hourly-ipv4,blocklist.de|ssh|bot|irc-bot|brute-force|ziyadnz|hourly,2026-08-17T18:48:05Z,2026-08-17T18:48:05Z,
115.190.166.75,ipv4,ssh-brute-force,high,WHITE,blocklist.de/ssh|blocklist.de/all|ziyadnz/hourly-ipv4,blocklist.de|ssh|bot|irc-bot|brute-force|ziyadnz|hourly,2026-08-17T18:48:05Z,2026-08-17T18:48:05Z,
115.190.181.18,ipv4,ssh-brute-force,high,WHITE,blocklist.de/ssh|blocklist.de/all|ziyadnz/hourly-ipv4,blocklist.de|ssh|bot|irc-bot|brute-force|ziyadnz|hourly,2026-08-17T18:48:05Z,2026-08-17T18:48:05Z,
115.190.181.231,ipv4,ssh-brute-force,high,WHITE,blocklist.de/ssh|blocklist.de/all|ziyadnz/hourly-ipv4,blocklist.de|ssh|bot|irc-bot|brute-force|ziyadnz|hourly,2026-08-17T18:48:05Z,2026-08-17T18:48:05Z,
115.190.192.112,ipv4,ssh-brute-force,high,WHITE,blocklist.de/ssh|blocklist.de/all|ziyadnz/hourly-ipv4,blocklist.de|ssh|bot|irc-bot|brute-force|ziyadnz|hourly,2026-08-17T18:48:05Z,2026-08-17T18:48:05Z,
115.190.192.114,ipv4,ssh-brute-force,high,WHITE,blocklist.de/ssh|blocklist.de/all|ziyadnz/hourly-ipv4,blocklist.de|ssh|bot|irc-bot|brute-force|ziyadnz|hourly,2026-08-17T18:48:05Z,2026-08-17T18:48:05Z,
115.190.203.62,ipv4,ssh-brute-force,high,WHITE,blocklist.de/ssh|blocklist.de/all|ziyadnz/hourly-ipv4,blocklist.de|ssh|bot|irc-bot|brute-force|ziyadnz|hourly,2026-08-17T18:48:05Z,2026-08-17T18:48:05Z,
115.190.211.57,ipv4,ssh-brute-force,high,WHITE,blocklist.de/ssh|blocklist.de/all|ziyadnz/hourly-ipv4,blocklist.de|ssh|bot|irc-bot|brute-force|ziyadnz|hourly,2026-08-17T18:48:05Z,2026-08-17T18:48:05Z,
115.190.213.206,ipv4,ssh-brute-force,high,WHITE,blocklist.de/ssh|blocklist.de/all|ziyadnz/hourly-ipv4,blocklist.de|ssh|bot|irc-bot|brute-force|ziyadnz|hourly,2026-08-17T18:48:05Z,2026-08-17T18:48:05Z,
115.190.213.72,ipv4,ssh-brute-force,high,WHITE,blocklist.de/ssh|blocklist.de/all|ziyadnz/hourly-ipv4,blocklist.de|ssh|bot|irc-bot|brute-force|ziyadnz|hourly,2026-08-17T18:48:05Z,2026-08-17T18:48:05Z,
115.190.216.185,ipv4,ssh-brute-force,high,WHITE,blocklist.de/ssh|blocklist.de/all|ziyadnz/hourly-ipv4,blocklist.de|ssh|bot|irc-bot|brute-force|ziyadnz|hourly,2026-08-17T18:48:05Z,2026-08-17T18:48:05Z,
115.190.223.207,ipv4,ssh-brute-force,high,WHITE,blocklist.de/ssh|blocklist.de/all|ziyadnz/hourly-ipv4,blocklist.de|ssh|bot|irc-bot|brute-force|ziyadnz|hourly,2026-08-17T18:48:05Z,2026-08-17T18:48:05Z,
115.190.226.99,ipv4,ssh-brute-force,high,WHITE,blocklist.de/ssh|blocklist.de/all|ziyadnz/hourly-ipv4,blocklist.de|ssh|bot|irc-bot|brute-force|ziyadnz|hourly,2026-08-17T18:48:05Z,2026-08-17T18:48:05Z,
115.190.234.63,ipv4,ssh-brute-force,high,WHITE,blocklist.de/ssh|blocklist.de/all|ziyadnz/hourly-ipv4,blocklist.de|ssh|bot|irc-bot|brute-force|ziyadnz|hourly,2026-08-17T18:48:05Z,2026-08-17T18:48:05Z,
115.190.243.73,ipv4,ssh-brute-force,high,WHITE,blocklist.de/ssh|blocklist.de/all|ziyadnz/hourly-ipv4,blocklist.de|ssh|bot|irc-bot|brute-force|ziyadnz|hourly,2026-08-17T18:48:05Z,2026-08-17T18:48:05Z,
115.190.248.214,ipv4,ssh-brute-force,high,WHITE,blocklist.de/ssh|blocklist.de/all|ziyadnz/hourly-ipv4,blocklist.de|ssh|bot|irc-bot|brute-force|ziyadnz|hourly,2026-08-17T18:48:05Z,2026-08-17T18:48:05Z,
115.190.253.92,ipv4,ssh-brute-force,high,WHITE,blocklist.de/ssh|blocklist.de/all|ziyadnz/hourly-ipv4,blocklist.de|ssh|bot|irc-bot|brute-force|ziyadnz|hourly,2026-08-17T18:48:05Z,2026-08-17T18:48:05Z,
115.190.255.67,ipv4,ssh-brute-force,high,WHITE,blocklist.de/ssh|blocklist.de/all|ziyadnz/hourly-ipv4,blocklist.de|ssh|bot|irc-bot|brute-force|ziyadnz|hourly,2026-08-17T18:48:05Z,2026-08-17T18:48:05Z,
115.190.53.236,ipv4,ssh-brute-force,high,WHITE,blocklist.de/ssh|blocklist.de/all|ziyadnz/hourly-ipv4,blocklist.de|ssh|bot|irc-bot|brute-force|ziyadnz|hourly,2026-08-17T18:48:05Z,2026-08-17T18:48:05Z,
115.190.56.196,ipv4,ssh-brute-force,high,WHITE,blocklist.de/ssh|blocklist.de/all|ziyadnz/hourly-ipv4,blocklist.de|ssh|bot|irc-bot|brute-force|ziyadnz|hourly,2026-08-17T18:48:05Z,2026-08-17T18:48:05Z,
115.190.94.82,ipv4,ssh-brute-force,high,WHITE,blocklist.de/ssh|blocklist.de/all|ziyadnz/hourly-ipv4,blocklist.de|ssh|bot|irc-bot|brute-force|ziyadnz|hourly,2026-08-17T18:48:05Z,2026-08-17T18:48:05Z,
115.191.11.182,ipv4,ssh-brute-force,high,WHITE,blocklist.de/ssh|blocklist.de/all|ziyadnz/hourly-ipv4,blocklist.de|ssh|bot|irc-bot|brute-force|ziyadnz|hourly,2026-08-17T18:48:05Z,2026-08-17T18:48:05Z,
115.191.15.26,ipv4,ssh-brute-force,high,WHITE,blocklist.de/ssh|blocklist.de/all|ziyadnz/hourly-ipv4,blocklist.de|ssh|bot|irc-bot|brute-force|ziyadnz|hourly,2026-08-17T18:48:05Z,2026-08-17T18:48:05Z,
115.191.22.111,ipv4,ssh-brute-force,high,WHITE,blocklist.de/ssh|blocklist.de/all|ziyadnz/hourly-ipv4,blocklist.de|ssh|bot|irc-bot|brute-force|ziyadnz|hourly,2026-08-17T18:48:05Z,2026-08-17T18:48:05Z,
115.191.22.253,ipv4,ssh-brute-force,high,WHITE,blocklist.de/ssh|blocklist.de/all|ziyadnz/hourly-ipv4,blocklist.de|ssh|bot|irc-bot|brute-force|ziyadnz|hourly,2026-08-17T18:48:05Z,2026-08-17T18:48:05Z,
115.191.23.138,ipv4,ssh-brute-force,high,WHITE,blocklist.de/ssh|blocklist.de/all|ziyadnz/hourly-ipv4,blocklist.de|ssh|bot|irc-bot|brute-force|ziyadnz|hourly,2026-08-17T18:48:05Z,2026-08-17T18:48:05Z,
115.191.27.238,ipv4,ssh-brute-force,high,WHITE,blocklist.de/ssh|blocklist.de/all|ziyadnz/hourly-ipv4,blocklist.de|ssh|bot|irc-bot|brute-force|ziyadnz|hourly,2026-08-17T18:48:05Z,2026-08-17T18:48:05Z,
115.191.3.249,ipv4,ssh-brute-force,high,WHITE,blocklist.de/ssh|blocklist.de/all|ziyadnz/hourly-ipv4,blocklist.de|ssh|bot|irc-bot|brute-force|ziyadnz|hourly,2026-08-17T18:48:05Z,2026-08-17T18:48:05Z,
115.191.32.57,ipv4,ssh-brute-force,high,WHITE,blocklist.de/ssh|blocklist.de/all|ziyadnz/hourly-ipv4,blocklist.de|ssh|bot|irc-bot|brute-force|ziyadnz|hourly,2026-08-17T18:48:05Z,2026-08-17T18:48:05Z,
115.191.32.68,ipv4,ssh-brute-force,high,WHITE,blocklist.de/ssh|blocklist.de/all|ziyadnz/hourly-ipv4,blocklist.de|ssh|bot|irc-bot|brute-force|ziyadnz|hourly,2026-08-17T18:48:05Z,2026-08-17T18:48:05Z,
115.191.40.50,ipv4,ssh-brute-force,high,WHITE,blocklist.de/ssh|blocklist.de/all|ziyadnz/hourly-ipv4,blocklist.de|ssh|bot|irc-bot|brute-force|ziyadnz|hourly,2026-08-17T18:48:05Z,2026-08-17T18:48:05Z,
115.191.61.164,ipv4,ssh-brute-force,high,WHITE,blocklist.de/ssh|blocklist.de/all|ziyadnz/hourly-ipv4,blocklist.de|ssh|bot|irc-bot|brute-force|ziyadnz|hourly,2026-08-17T18:48:05Z,2026-08-17T18:48:05Z,
115.20.171.54,ipv4,ssh-brute-force,high,WHITE,blocklist.de/ssh|blocklist.de/all|ziyadnz/hourly-ipv4,blocklist.de|ssh|bot|irc-bot|brute-force|ziyadnz|hourly,2026-08-17T18:48:05Z,2026-08-17T18:48:05Z,
115.28.137.131,ipv4,ssh-brute-force,high,WHITE,blocklist.de/ssh|blocklist.de/all|ziyadnz/hourly-ipv4,blocklist.de|ssh|bot|irc-bot|brute-force|ziyadnz|hourly,2026-08-17T18:48:05Z,2026-08-17T18:48:05Z,
115.29.211.26,ipv4,ssh-brute-force,high,WHITE,blocklist.de/ssh|blocklist.de/all|ziyadnz/hourly-ipv4,blocklist.de|ssh|bot|irc-bot|brute-force|ziyadnz|hourly,2026-08-17T18:48:05Z,2026-08-17T18:48:05Z,
115.56.238.174,ipv4,ssh-brute-force,high,WHITE,blocklist.de/ssh|blocklist.de/all|ziyadnz/hourly-ipv4,blocklist.de|ssh|bot|irc-bot|brute-force|ziyadnz|hourly,2026-08-17T18:48:05Z,2026-08-17T18:48:05Z,
115.68.177.11,ipv4,ssh-brute-force,high,WHITE,blocklist.de/ssh|blocklist.de/all|ziyadnz/hourly-ipv4,blocklist.de|ssh|bot|irc-bot|brute-force|ziyadnz|hourly,2026-08-17T18:48:05Z,2026-08-17T18:48:05Z,
115.68.208.117,ipv4,ssh-brute-force,high,WHITE,blocklist.de/ssh|blocklist.de/all|ziyadnz/hourly-ipv4,blocklist.de|ssh|bot|irc-bot|brute-force|ziyadnz|hourly,2026-08-17T18:48:05Z,2026-08-17T18:48:05Z,
115.68.220.142,ipv4,ssh-brute-force,high,WHITE,blocklist.de/ssh|blocklist.de/all|ziyadnz/hourly-ipv4,blocklist.de|ssh|bot|irc-bot|brute-force|ziyadnz|hourly,2026-08-17T18:48:05Z,2026-08-17T18:48:05Z,
115.68.226.19,ipv4,ssh-brute-force,high,WHITE,blocklist.de/ssh|blocklist.de/all|ziyadnz/hourly-ipv4,blocklist.de|ssh|bot|irc-bot|brute-force|ziyadnz|hourly,2026-08-17T18:48:05Z,2026-08-17T18:48:05Z,
115.91.48.142,ipv4,ssh-brute-force,high,WHITE,blocklist.de/ssh|blocklist.de/all|ziyadnz/hourly-ipv4,blocklist.de|ssh|bot|irc-bot|brute-force|ziyadnz|hourly,2026-08-17T18:48:05Z,2026-08-17T18:48:05Z,
115.95.123.202,ipv4,ssh-brute-force,high,WHITE,blocklist.de/ssh|blocklist.de/all|ziyadnz/hourly-ipv4,blocklist.de|ssh|bot|irc-bot|brute-force|ziyadnz|hourly,2026-08-17T18:48:05Z,2026-08-17T18:48:05Z,
116.1.149.196,ipv4,ssh-brute-force,high,WHITE,blocklist.de/ssh|blocklist.de/all|ziyadnz/hourly-ipv4,blocklist.de|ssh|bot|irc-bot|brute-force|ziyadnz|hourly,2026-08-17T18:48:05Z,2026-08-17T18:48:05Z,
116.109.216.74,ipv4,ssh-brute-force,high,WHITE,blocklist.de/ssh|blocklist.de/all|ziyadnz/hourly-ipv4,blocklist.de|ssh|bot|irc-bot|brute-force|ziyadnz|hourly,2026-08-17T18:48:05Z,2026-08-17T18:48:05Z,
116.110.12.81,ipv4,ssh-brute-force,high,WHITE,blocklist.de/ssh|blocklist.de/all|ziyadnz/hourly-ipv4,blocklist.de|ssh|bot|irc-bot|brute-force|ziyadnz|hourly,2026-08-17T18:48:05Z,2026-08-17T18:48:05Z,
116.110.144.118,ipv4,ssh-brute-force,high,WHITE,blocklist.de/ssh|blocklist.de/all|ziyadnz/hourly-ipv4,blocklist.de|ssh|bot|irc-bot|brute-force|ziyadnz|hourly,2026-08-17T18:48:05Z,2026-08-17T18:48:05Z,
116.110.148.41,ipv4,ssh-brute-force,high,WHITE,blocklist.de/ssh|blocklist.de/all|ziyadnz/hourly-ipv4,blocklist.de|ssh|bot|irc-bot|brute-force|ziyadnz|hourly,2026-08-17T18:48:05Z,2026-08-17T18:48:05Z,
116.110.149.118,ipv4,ssh-brute-force,high,WHITE,blocklist.de/ssh|blocklist.de/all|ziyadnz/hourly-ipv4,blocklist.de|ssh|bot|irc-bot|brute-force|ziyadnz|hourly,2026-08-17T18:48:05Z,2026-08-17T18:48:05Z,
116.110.17.76,ipv4,ssh-brute-force,high,WHITE,blocklist.de/ssh|blocklist.de/all|ziyadnz/hourly-ipv4,blocklist.de|ssh|bot|irc-bot|brute-force|ziyadnz|hourly,2026-08-17T18:48:05Z,2026-08-17T18:48:05Z,
116.110.2.14,ipv4,ssh-brute-force,high,WHITE,blocklist.de/ssh|blocklist.de/all|ziyadnz/hourly-ipv4,blocklist.de|ssh|bot|irc-bot|brute-force|ziyadnz|hourly,2026-08-17T18:48:05Z,2026-08-17T18:48:05Z,
116.110.213.86,ipv4,ssh-brute-force,high,WHITE,blocklist.de/ssh|blocklist.de/all|ziyadnz/hourly-ipv4,blocklist.de|ssh|bot|irc-bot|brute-force|ziyadnz|hourly,2026-08-17T18:48:05Z,2026-08-17T18:48:05Z,
116.110.222.12,ipv4,ssh-brute-force,high,WHITE,blocklist.de/ssh|blocklist.de/all|ziyadnz/hourly-ipv4,blocklist.de|ssh|bot|irc-bot|brute-force|ziyadnz|hourly,2026-08-17T18:48:05Z,2026-08-17T18:48:05Z,
116.118.9.79,ipv4,ssh-brute-force,high,WHITE,blocklist.de/ssh|blocklist.de/all|ziyadnz/hourly-ipv4,blocklist.de|ssh|bot|irc-bot|brute-force|ziyadnz|hourly,2026-08-17T18:48:05Z,2026-08-17T18:48:05Z,
116.123.150.231,ipv4,ssh-brute-force,high,WHITE,blocklist.de/ssh|blocklist.de/all|ziyadnz/hourly-ipv4,blocklist.de|ssh|bot|irc-bot|brute-force|ziyadnz|hourly,2026-08-17T18:48:05Z,2026-08-17T18:48:05Z,
116.135.67.93,ipv4,ssh-brute-force,high,WHITE,blocklist.de/ssh|blocklist.de/all|ziyadnz/hourly-ipv4,blocklist.de|ssh|bot|irc-bot|brute-force|ziyadnz|hourly,2026-08-17T18:48:05Z,2026-08-17T18:48:05Z,
116.147.40.134,ipv4,ssh-brute-force,high,WHITE,blocklist.de/ssh|blocklist.de/all|ziyadnz/hourly-ipv4,blocklist.de|ssh|bot|irc-bot|brute-force|ziyadnz|hourly,2026-08-17T18:48:05Z,2026-08-17T18:48:05Z,
116.153.81.58,ipv4,ssh-brute-force,high,WHITE,blocklist.de/ssh|blocklist.de/all|ziyadnz/hourly-ipv4,blocklist.de|ssh|bot|irc-bot|brute-force|ziyadnz|hourly,2026-08-17T18:48:05Z,2026-08-17T18:48:05Z,
116.177.172.64,ipv4,ssh-brute-force,high,WHITE,blocklist.de/ssh|blocklist.de/all|ziyadnz/hourly-ipv4,blocklist.de|ssh|bot|irc-bot|brute-force|ziyadnz|hourly,2026-08-17T18:48:05Z,2026-08-17T18:48:05Z,
116.177.172.94,ipv4,ssh-brute-force,high,WHITE,blocklist.de/ssh|blocklist.de/all|ziyadnz/hourly-ipv4,blocklist.de|ssh|bot|irc-bot|brute-force|ziyadnz|hourly,2026-08-17T18:48:05Z,2026-08-17T18:48:05Z,
116.177.174.231,ipv4,ssh-brute-force,high,WHITE,blocklist.de/ssh|blocklist.de/all|ziyadnz/hourly-ipv4,blocklist.de|ssh|bot|irc-bot|brute-force|ziyadnz|hourly,2026-08-17T18:48:05Z,2026-08-17T18:48:05Z,
116.203.236.125,ipv4,ssh-brute-force,high,WHITE,blocklist.de/ssh|blocklist.de/all|ziyadnz/hourly-ipv4,blocklist.de|ssh|bot|irc-bot|brute-force|ziyadnz|hourly,2026-08-17T18:48:05Z,2026-08-17T18:48:05Z,
116.228.233.93,ipv4,ssh-brute-force,high,WHITE,blocklist.de/ssh|blocklist.de/all|ziyadnz/hourly-ipv4,blocklist.de|ssh|bot|irc-bot|brute-force|ziyadnz|hourly,2026-08-17T18:48:05Z,2026-08-17T18:48:05Z,
116.231.170.1,ipv4,ssh-brute-force,high,WHITE,blocklist.de/ssh|blocklist.de/all|ziyadnz/hourly-ipv4,blocklist.de|ssh|bot|irc-bot|brute-force|ziyadnz|hourly,2026-08-17T18:48:05Z,2026-08-17T18:48:05Z,
116.236.157.156,ipv4,ssh-brute-force,high,WHITE,blocklist.de/ssh|blocklist.de/all|ziyadnz/hourly-ipv4,blocklist.de|ssh|bot|irc-bot|brute-force|ziyadnz|hourly,2026-08-17T18:48:05Z,2026-08-17T18:48:05Z,
116.25.92.154,ipv4,ssh-brute-force,high,WHITE,blocklist.de/ssh|blocklist.de/all|ziyadnz/hourly-ipv4,blocklist.de|ssh|bot|irc-bot|brute-force|ziyadnz|hourly,2026-08-17T18:48:05Z,2026-08-17T18:48:05Z,
116.255.159.152,ipv4,ssh-brute-force,high,WHITE,blocklist.de/ssh|blocklist.de/all|ziyadnz/hourly-ipv4,blocklist.de|ssh|bot|irc-bot|brute-force|ziyadnz|hourly,2026-08-17T18:48:05Z,2026-08-17T18:48:05Z,
116.255.215.168,ipv4,ssh-brute-force,high,WHITE,blocklist.de/ssh|blocklist.de/all|ziyadnz/hourly-ipv4,blocklist.de|ssh|bot|irc-bot|brute-force|ziyadnz|hourly,2026-08-17T18:48:05Z,2026-08-17T18:48:05Z,
116.255.250.104,ipv4,ssh-brute-force,high,WHITE,blocklist.de/ssh|blocklist.de/all|ziyadnz/hourly-ipv4,blocklist.de|ssh|bot|irc-bot|brute-force|ziyadnz|hourly,2026-08-17T18:48:05Z,2026-08-17T18:48:05Z,
116.43.239.229,ipv4,ssh-brute-force,high,WHITE,blocklist.de/ssh|blocklist.de/all|ziyadnz/hourly-ipv4,blocklist.de|ssh|bot|irc-bot|brute-force|ziyadnz|hourly,2026-08-17T18:48:05Z,2026-08-17T18:48:05Z,
116.55.245.26,ipv4,ssh-brute-force,high,WHITE,blocklist.de/ssh|blocklist.de/all|ziyadnz/hourly-ipv4,blocklist.de|ssh|bot|irc-bot|brute-force|ziyadnz|hourly,2026-08-17T18:48:05Z,2026-08-17T18:48:05Z,
116.62.79.5,ipv4,ssh-brute-force,high,WHITE,blocklist.de/ssh|blocklist.de/all|ziyadnz/hourly-ipv4,blocklist.de|ssh|bot|irc-bot|brute-force|ziyadnz|hourly,2026-08-17T18:48:05Z,2026-08-17T18:48:05Z,
116.68.162.198,ipv4,ssh-brute-force,high,WHITE,blocklist.de/ssh|blocklist.de/all|ziyadnz/hourly-ipv4,blocklist.de|ssh|bot|irc-bot|brute-force|ziyadnz|hourly,2026-08-17T18:48:05Z,2026-08-17T18:48:05Z,
116.7.175.115,ipv4,ssh-brute-force,high,WHITE,blocklist.de/ssh|blocklist.de/all|ziyadnz/hourly-ipv4,blocklist.de|ssh|bot|irc-bot|brute-force|ziyadnz|hourly,2026-08-17T18:48:05Z,2026-08-17T18:48:05Z,
116.71.136.125,ipv4,ssh-brute-force,high,WHITE,blocklist.de/ssh|blocklist.de/all|ziyadnz/hourly-ipv4,blocklist.de|ssh|bot|irc-bot|brute-force|ziyadnz|hourly,2026-08-17T18:48:05Z,2026-08-17T18:48:05Z,
116.74.164.106,ipv4,ssh-brute-force,high,WHITE,blocklist.de/ssh|blocklist.de/all|ziyadnz/hourly-ipv4,blocklist.de|ssh|bot|irc-bot|brute-force|ziyadnz|hourly,2026-08-17T18:48:05Z,2026-08-17T18:48:05Z,
116.99.170.143,ipv4,ssh-brute-force,high,WHITE,blocklist.de/ssh|blocklist.de/all|ziyadnz/hourly-ipv4,blocklist.de|ssh|bot|irc-bot|brute-force|ziyadnz|hourly,2026-08-17T18:48:05Z,2026-08-17T18:48:05Z,
116.99.170.187,ipv4,ssh-brute-force,high,WHITE,blocklist.de/ssh|blocklist.de/all|ziyadnz/hourly-ipv4,blocklist.de|ssh|bot|irc-bot|brute-force|ziyadnz|hourly,2026-08-17T18:48:05Z,2026-08-17T18:48:05Z,
116.99.174.196,ipv4,ssh-brute-force,high,WHITE,blocklist.de/ssh|blocklist.de/all|ziyadnz/hourly-ipv4,blocklist.de|ssh|bot|irc-bot|brute-force|ziyadnz|hourly,2026-08-17T18:48:05Z,2026-08-17T18:48:05Z,
116.99.174.243,ipv4,ssh-brute-force,high,WHITE,blocklist.de/ssh|blocklist.de/all|ziyadnz/hourly-ipv4,blocklist.de|ssh|bot|irc-bot|brute-force|ziyadnz|hourly,2026-08-17T18:48:05Z,2026-08-17T18:48:05Z,
116.99.49.208,ipv4,ssh-brute-force,high,WHITE,blocklist.de/ssh|blocklist.de/all|ziyadnz/hourly-ipv4,blocklist.de|ssh|bot|irc-bot|brute-force|ziyadnz|hourly,2026-08-17T18:48:05Z,2026-08-17T18:48:05Z,
117.1.196.41,ipv4,ssh-brute-force,high,WHITE,blocklist.de/ssh|blocklist.de/all|ziyadnz/hourly-ipv4,blocklist.de|ssh|bot|irc-bot|brute-force|ziyadnz|hourly,2026-08-17T18:48:05Z,2026-08-17T18:48:05Z,
117.102.7.68,ipv4,ssh-brute-force,high,WHITE,blocklist.de/ssh|blocklist.de/all|ziyadnz/hourly-ipv4,blocklist.de|ssh|bot|irc-bot|brute-force|ziyadnz|hourly,2026-08-17T18:48:05Z,2026-08-17T18:48:05Z,
117.102.86.226,ipv4,ssh-brute-force,high,WHITE,blocklist.de/ssh|blocklist.de/all|ziyadnz/hourly-ipv4,blocklist.de|ssh|bot|irc-bot|brute-force|ziyadnz|hourly,2026-08-17T18:48:05Z,2026-08-17T18:48:05Z,
117.157.87.15,ipv4,ssh-brute-force,high,WHITE,blocklist.de/ssh|blocklist.de/all|ziyadnz/hourly-ipv4,blocklist.de|ssh|bot|irc-bot|brute-force|ziyadnz|hourly,2026-08-17T18:48:05Z,2026-08-17T18:48:05Z,
117.159.25.229,ipv4,ssh-brute-force,high,WHITE,blocklist.de/ssh|blocklist.de/all|ziyadnz/hourly-ipv4,blocklist.de|ssh|bot|irc-bot|brute-force|ziyadnz|hourly,2026-08-17T18:48:05Z,2026-08-17T18:48:05Z,
117.176.220.76,ipv4,ssh-brute-force,high,WHITE,blocklist.de/ssh|blocklist.de/all|ziyadnz/hourly-ipv4,blocklist.de|ssh|bot|irc-bot|brute-force|ziyadnz|hourly,2026-08-17T18:48:05Z,2026-08-17T18:48:05Z,
117.184.105.34,ipv4,ssh-brute-force,high,WHITE,blocklist.de/ssh|blocklist.de/all|ziyadnz/hourly-ipv4,blocklist.de|ssh|bot|irc-bot|brute-force|ziyadnz|hourly,2026-08-17T18:48:05Z,2026-08-17T18:48:05Z,
117.187.180.162,ipv4,ssh-brute-force,high,WHITE,blocklist.de/ssh|blocklist.de/all|ziyadnz/hourly-ipv4,blocklist.de|ssh|bot|irc-bot|brute-force|ziyadnz|hourly,2026-08-17T18:48:05Z,2026-08-17T18:48:05Z,
117.187.180.166,ipv4,ssh-brute-force,high,WHITE,blocklist.de/ssh|blocklist.de/all|ziyadnz/hourly-ipv4,blocklist.de|ssh|bot|irc-bot|brute-force|ziyadnz|hourly,2026-08-17T18:48:05Z,2026-08-17T18:48:05Z,
117.187.180.236,ipv4,ssh-brute-force,high,WHITE,blocklist.de/ssh|blocklist.de/all|ziyadnz/hourly-ipv4,blocklist.de|ssh|bot|irc-bot|brute-force|ziyadnz|hourly,2026-08-17T18:48:05Z,2026-08-17T18:48:05Z,
117.187.180.251,ipv4,ssh-brute-force,high,WHITE,blocklist.de/ssh|blocklist.de/all|ziyadnz/hourly-ipv4,blocklist.de|ssh|bot|irc-bot|brute-force|ziyadnz|hourly,2026-08-17T18:48:05Z,2026-08-17T18:48:05Z,
117.193.74.14,ipv4,ssh-brute-force,high,WHITE,blocklist.de/ssh|blocklist.de/all|ziyadnz/hourly-ipv4,blocklist.de|ssh|bot|irc-bot|brute-force|ziyadnz|hourly,2026-08-17T18:48:05Z,2026-08-17T18:48:05Z,
117.197.107.65,ipv4,ssh-brute-force,high,WHITE,blocklist.de/ssh|blocklist.de/all|ziyadnz/hourly-ipv4,blocklist.de|ssh|bot|irc-bot|brute-force|ziyadnz|hourly,2026-08-17T18:48:05Z,2026-08-17T18:48:05Z,
117.219.14.193,ipv4,ssh-brute-force,high,WHITE,blocklist.de/ssh|blocklist.de/all|ziyadnz/hourly-ipv4,blocklist.de|ssh|bot|irc-bot|brute-force|ziyadnz|hourly,2026-08-17T18:48:05Z,2026-08-17T18:48:05Z,
117.236.124.166,ipv4,ssh-brute-force,high,WHITE,blocklist.de/ssh|blocklist.de/all|ziyadnz/hourly-ipv4,blocklist.de|ssh|bot|irc-bot|brute-force|ziyadnz|hourly,2026-08-17T18:48:05Z,2026-08-17T18:48:05Z,
117.247.23.131,ipv4,ssh-brute-force,high,WHITE,blocklist.de/ssh|blocklist.de/all|ziyadnz/hourly-ipv4,blocklist.de|ssh|bot|irc-bot|brute-force|ziyadnz|hourly,2026-08-17T18:48:05Z,2026-08-17T18:48:05Z,
117.34.125.173,ipv4,ssh-brute-force,high,WHITE,blocklist.de/ssh|blocklist.de/all|ziyadnz/hourly-ipv4,blocklist.de|ssh|bot|irc-bot|brute-force|ziyadnz|hourly,2026-08-17T18:48:05Z,2026-08-17T18:48:05Z,
117.50.119.132,ipv4,ssh-brute-force,high,WHITE,blocklist.de/ssh|blocklist.de/all|ziyadnz/hourly-ipv4,blocklist.de|ssh|bot|irc-bot|brute-force|ziyadnz|hourly,2026-08-17T18:48:05Z,2026-08-17T18:48:05Z,
117.50.119.17,ipv4,ssh-brute-force,high,WHITE,blocklist.de/ssh|blocklist.de/all|ziyadnz/hourly-ipv4,blocklist.de|ssh|bot|irc-bot|brute-force|ziyadnz|hourly,2026-08-17T18:48:05Z,2026-08-17T18:48:05Z,
117.50.122.20,ipv4,ssh-brute-force,high,WHITE,blocklist.de/ssh|blocklist.de/all|ziyadnz/hourly-ipv4,blocklist.de|ssh|bot|irc-bot|brute-force|ziyadnz|hourly,2026-08-17T18:48:05Z,2026-08-17T18:48:05Z,
117.50.178.180,ipv4,ssh-brute-force,high,WHITE,blocklist.de/ssh|blocklist.de/all|ziyadnz/hourly-ipv4,blocklist.de|ssh|bot|irc-bot|brute-force|ziyadnz|hourly,2026-08-17T18:48:05Z,2026-08-17T18:48:05Z,
117.50.199.249,ipv4,ssh-brute-force,high,WHITE,blocklist.de/ssh|blocklist.de/all|ziyadnz/hourly-ipv4,blocklist.de|ssh|bot|irc-bot|brute-force|ziyadnz|hourly,2026-08-17T18:48:05Z,2026-08-17T18:48:05Z,
117.50.218.37,ipv4,ssh-brute-force,high,WHITE,blocklist.de/ssh|blocklist.de/all|ziyadnz/hourly-ipv4,blocklist.de|ssh|bot|irc-bot|brute-force|ziyadnz|hourly,2026-08-17T18:48:05Z,2026-08-17T18:48:05Z,
117.50.226.213,ipv4,ssh-brute-force,high,WHITE,blocklist.de/ssh|blocklist.de/all|ziyadnz/hourly-ipv4,blocklist.de|ssh|bot|irc-bot|brute-force|ziyadnz|hourly,2026-08-17T18:48:05Z,2026-08-17T18:48:05Z,
117.50.44.85,ipv4,ssh-brute-force,high,WHITE,blocklist.de/ssh|blocklist.de/all|ziyadnz/hourly-ipv4,blocklist.de|ssh|bot|irc-bot|brute-force|ziyadnz|hourly,2026-08-17T18:48:05Z,2026-08-17T18:48:05Z,
117.50.50.224,ipv4,ssh-brute-force,high,WHITE,blocklist.de/ssh|blocklist.de/all|ziyadnz/hourly-ipv4,blocklist.de|ssh|bot|irc-bot|brute-force|ziyadnz|hourly,2026-08-17T18:48:05Z,2026-08-17T18:48:05Z,
117.50.51.119,ipv4,ssh-brute-force,high,WHITE,blocklist.de/ssh|blocklist.de/all|ziyadnz/hourly-ipv4,blocklist.de|ssh|bot|irc-bot|brute-force|ziyadnz|hourly,2026-08-17T18:48:05Z,2026-08-17T18:48:05Z,
117.50.51.198,ipv4,ssh-brute-force,high,WHITE,blocklist.de/ssh|blocklist.de/all|ziyadnz/hourly-ipv4,blocklist.de|ssh|bot|irc-bot|brute-force|ziyadnz|hourly,2026-08-17T18:48:05Z,2026-08-17T18:48:05Z,
117.50.55.121,ipv4,ssh-brute-force,high,WHITE,blocklist.de/ssh|blocklist.de/all|ziyadnz/hourly-ipv4,blocklist.de|ssh|bot|irc-bot|brute-force|ziyadnz|hourly,2026-08-17T18:48:05Z,2026-08-17T18:48:05Z,
117.50.89.245,ipv4,ssh-brute-force,high,WHITE,blocklist.de/ssh|blocklist.de/all|ziyadnz/hourly-ipv4,blocklist.de|ssh|bot|irc-bot|brute-force|ziyadnz|hourly,2026-08-17T18:48:05Z,2026-08-17T18:48:05Z,
117.62.201.172,ipv4,ssh-brute-force,high,WHITE,blocklist.de/ssh|blocklist.de/all|ziyadnz/hourly-ipv4,blocklist.de|ssh|bot|irc-bot|brute-force|ziyadnz|hourly,2026-08-17T18:48:05Z,2026-08-17T18:48:05Z,
117.62.203.160,ipv4,ssh-brute-force,high,WHITE,blocklist.de/ssh|blocklist.de/all|ziyadnz/hourly-ipv4,blocklist.de|ssh|bot|irc-bot|brute-force|ziyadnz|hourly,2026-08-17T18:48:05Z,2026-08-17T18:48:05Z,
117.62.22.127,ipv4,ssh-brute-force,high,WHITE,blocklist.de/ssh|blocklist.de/all|ziyadnz/hourly-ipv4,blocklist.de|ssh|bot|irc-bot|brute-force|ziyadnz|hourly,2026-08-17T18:48:05Z,2026-08-17T18:48:05Z,
117.72.108.225,ipv4,ssh-brute-force,high,WHITE,blocklist.de/ssh|blocklist.de/all|ziyadnz/hourly-ipv4,blocklist.de|ssh|bot|irc-bot|brute-force|ziyadnz|hourly,2026-08-17T18:48:05Z,2026-08-17T18:48:05Z,
117.72.150.227,ipv4,ssh-brute-force,high,WHITE,blocklist.de/ssh|blocklist.de/all|ziyadnz/hourly-ipv4,blocklist.de|ssh|bot|irc-bot|brute-force|ziyadnz|hourly,2026-08-17T18:48:05Z,2026-08-17T18:48:05Z,
117.72.208.83,ipv4,ssh-brute-force,high,WHITE,blocklist.de/ssh|blocklist.de/all|ziyadnz/hourly-ipv4,blocklist.de|ssh|bot|irc-bot|brute-force|ziyadnz|hourly,2026-08-17T18:48:05Z,2026-08-17T18:48:05Z,
117.72.209.201,ipv4,ssh-brute-force,high,WHITE,blocklist.de/ssh|blocklist.de/all|ziyadnz/hourly-ipv4,blocklist.de|ssh|bot|irc-bot|brute-force|ziyadnz|hourly,2026-08-17T18:48:05Z,2026-08-17T18:48:05Z,
117.72.212.5,ipv4,ssh-brute-force,high,WHITE,blocklist.de/ssh|blocklist.de/all|ziyadnz/hourly-ipv4,blocklist.de|ssh|bot|irc-bot|brute-force|ziyadnz|hourly,2026-08-17T18:48:05Z,2026-08-17T18:48:05Z,
117.72.76.203,ipv4,ssh-brute-force,high,WHITE,blocklist.de/ssh|blocklist.de/all|ziyadnz/hourly-ipv4,blocklist.de|ssh|bot|irc-bot|brute-force|ziyadnz|hourly,2026-08-17T18:48:05Z,2026-08-17T18:48:05Z,
117.72.91.178,ipv4,ssh-brute-force,high,WHITE,blocklist.de/ssh|blocklist.de/all|ziyadnz/hourly-ipv4,blocklist.de|ssh|bot|irc-bot|brute-force|ziyadnz|hourly,2026-08-17T18:48:05Z,2026-08-17T18:48:05Z,
117.80.223.38,ipv4,ssh-brute-force,high,WHITE,blocklist.de/ssh|blocklist.de/all|ziyadnz/hourly-ipv4,blocklist.de|ssh|bot|irc-bot|brute-force|ziyadnz|hourly,2026-08-17T18:48:05Z,2026-08-17T18:48:05Z,
117.81.212.152,ipv4,ssh-brute-force,high,WHITE,blocklist.de/ssh|blocklist.de/all|ziyadnz/hourly-ipv4,blocklist.de|ssh|bot|irc-bot|brute-force|ziyadnz|hourly,2026-08-17T18:48:05Z,2026-08-17T18:48:05Z,
117.85.191.19,ipv4,ssh-brute-force,high,WHITE,blocklist.de/ssh|blocklist.de/all|ziyadnz/hourly-ipv4,blocklist.de|ssh|bot|irc-bot|brute-force|ziyadnz|hourly,2026-08-17T18:48:05Z,2026-08-17T18:48:05Z,
117.89.254.46,ipv4,ssh-brute-force,high,WHITE,blocklist.de/ssh|blocklist.de/all|ziyadnz/hourly-ipv4,blocklist.de|ssh|bot|irc-bot|brute-force|ziyadnz|hourly,2026-08-17T18:48:05Z,2026-08-17T18:48:05Z,
118.107.139.87,ipv4,ssh-brute-force,high,WHITE,blocklist.de/ssh|blocklist.de/all|ziyadnz/hourly-ipv4,blocklist.de|ssh|bot|irc-bot|brute-force|ziyadnz|hourly,2026-08-17T18:48:05Z,2026-08-17T18:48:05Z,
118.122.147.195,ipv4,ssh-brute-force,high,WHITE,blocklist.de/ssh|blocklist.de/all|ziyadnz/hourly-ipv4,blocklist.de|ssh|bot|irc-bot|brute-force|ziyadnz|hourly,2026-08-17T18:48:05Z,2026-08-17T18:48:05Z,
118.122.147.49,ipv4,ssh-brute-force,high,WHITE,blocklist.de/ssh|blocklist.de/all|ziyadnz/hourly-ipv4,blocklist.de|ssh|bot|irc-bot|brute-force|ziyadnz|hourly,2026-08-17T18:48:05Z,2026-08-17T18:48:05Z,
118.126.65.181,ipv4,ssh-brute-force,high,WHITE,blocklist.de/ssh|blocklist.de/all|ziyadnz/hourly-ipv4,blocklist.de|ssh|bot|irc-bot|brute-force|ziyadnz|hourly,2026-08-17T18:48:05Z,2026-08-17T18:48:05Z,
118.139.164.171,ipv4,ssh-brute-force,high,WHITE,blocklist.de/ssh|blocklist.de/all|ziyadnz/hourly-ipv4,blocklist.de|ssh|bot|irc-bot|brute-force|ziyadnz|hourly,2026-08-17T18:48:05Z,2026-08-17T18:48:05Z,
118.145.102.69,ipv4,ssh-brute-force,high,WHITE,blocklist.de/ssh|blocklist.de/all|ziyadnz/hourly-ipv4,blocklist.de|ssh|bot|irc-bot|brute-force|ziyadnz|hourly,2026-08-17T18:48:05Z,2026-08-17T18:48:05Z,
118.145.107.219,ipv4,ssh-brute-force,high,WHITE,blocklist.de/ssh|blocklist.de/all|ziyadnz/hourly-ipv4,blocklist.de|ssh|bot|irc-bot|brute-force|ziyadnz|hourly,2026-08-17T18:48:05Z,2026-08-17T18:48:05Z,
118.145.112.204,ipv4,ssh-brute-force,high,WHITE,blocklist.de/ssh|blocklist.de/all|ziyadnz/hourly-ipv4,blocklist.de|ssh|bot|irc-bot|brute-force|ziyadnz|hourly,2026-08-17T18:48:05Z,2026-08-17T18:48:05Z,
118.145.131.27,ipv4,ssh-brute-force,high,WHITE,blocklist.de/ssh|blocklist.de/all|ziyadnz/hourly-ipv4,blocklist.de|ssh|bot|irc-bot|brute-force|ziyadnz|hourly,2026-08-17T18:48:05Z,2026-08-17T18:48:05Z,
118.145.154.96,ipv4,ssh-brute-force,high,WHITE,blocklist.de/ssh|blocklist.de/all|ziyadnz/hourly-ipv4,blocklist.de|ssh|bot|irc-bot|brute-force|ziyadnz|hourly,2026-08-17T18:48:05Z,2026-08-17T18:48:05Z,
118.145.213.116,ipv4,ssh-brute-force,high,WHITE,blocklist.de/ssh|blocklist.de/all|ziyadnz/hourly-ipv4,blocklist.de|ssh|bot|irc-bot|brute-force|ziyadnz|hourly,2026-08-17T18:48:05Z,2026-08-17T18:48:05Z,
118.145.228.55,ipv4,ssh-brute-force,high,WHITE,blocklist.de/ssh|blocklist.de/all|ziyadnz/hourly-ipv4,blocklist.de|ssh|bot|irc-bot|brute-force|ziyadnz|hourly,2026-08-17T18:48:05Z,2026-08-17T18:48:05Z,
118.145.231.71,ipv4,ssh-brute-force,high,WHITE,blocklist.de/ssh|blocklist.de/all|ziyadnz/hourly-ipv4,blocklist.de|ssh|bot|irc-bot|brute-force|ziyadnz|hourly,2026-08-17T18:48:05Z,2026-08-17T18:48:05Z,
118.145.234.151,ipv4,ssh-brute-force,high,WHITE,blocklist.de/ssh|blocklist.de/all|ziyadnz/hourly-ipv4,blocklist.de|ssh|bot|irc-bot|brute-force|ziyadnz|hourly,2026-08-17T18:48:05Z,2026-08-17T18:48:05Z,
118.145.238.60,ipv4,ssh-brute-force,high,WHITE,blocklist.de/ssh|blocklist.de/all|ziyadnz/hourly-ipv4,blocklist.de|ssh|bot|irc-bot|brute-force|ziyadnz|hourly,2026-08-17T18:48:05Z,2026-08-17T18:48:05Z,
118.145.239.129,ipv4,ssh-brute-force,high,WHITE,blocklist.de/ssh|blocklist.de/all|ziyadnz/hourly-ipv4,blocklist.de|ssh|bot|irc-bot|brute-force|ziyadnz|hourly,2026-08-17T18:48:05Z,2026-08-17T18:48:05Z,
118.145.240.6,ipv4,ssh-brute-force,high,WHITE,blocklist.de/ssh|blocklist.de/all|ziyadnz/hourly-ipv4,blocklist.de|ssh|bot|irc-bot|brute-force|ziyadnz|hourly,2026-08-17T18:48:05Z,2026-08-17T18:48:05Z,
118.145.242.127,ipv4,ssh-brute-force,high,WHITE,blocklist.de/ssh|blocklist.de/all|ziyadnz/hourly-ipv4,blocklist.de|ssh|bot|irc-bot|brute-force|ziyadnz|hourly,2026-08-17T18:48:05Z,2026-08-17T18:48:05Z,
118.145.242.91,ipv4,ssh-brute-force,high,WHITE,blocklist.de/ssh|blocklist.de/all|ziyadnz/hourly-ipv4,blocklist.de|ssh|bot|irc-bot|brute-force|ziyadnz|hourly,2026-08-17T18:48:05Z,2026-08-17T18:48:05Z,
118.145.246.44,ipv4,ssh-brute-force,high,WHITE,blocklist.de/ssh|blocklist.de/all|ziyadnz/hourly-ipv4,blocklist.de|ssh|bot|irc-bot|brute-force|ziyadnz|hourly,2026-08-17T18:48:05Z,2026-08-17T18:48:05Z,
118.179.39.113,ipv4,ssh-brute-force,high,WHITE,blocklist.de/ssh|blocklist.de/all|ziyadnz/hourly-ipv4,blocklist.de|ssh|bot|irc-bot|brute-force|ziyadnz|hourly,2026-08-17T18:48:05Z,2026-08-17T18:48:05Z,
118.182.166.128,ipv4,ssh-brute-force,high,WHITE,blocklist.de/ssh|blocklist.de/all|ziyadnz/hourly-ipv4,blocklist.de|ssh|bot|irc-bot|brute-force|ziyadnz|hourly,2026-08-17T18:48:05Z,2026-08-17T18:48:05Z,
118.190.113.81,ipv4,ssh-brute-force,high,WHITE,blocklist.de/ssh|blocklist.de/all|ziyadnz/hourly-ipv4,blocklist.de|ssh|bot|irc-bot|brute-force|ziyadnz|hourly,2026-08-17T18:48:05Z,2026-08-17T18:48:05Z,
118.193.33.216,ipv4,ssh-brute-force,high,WHITE,blocklist.de/ssh|blocklist.de/all|ziyadnz/hourly-ipv4,blocklist.de|ssh|bot|irc-bot|brute-force|ziyadnz|hourly,2026-08-17T18:48:05Z,2026-08-17T18:48:05Z,
118.193.36.205,ipv4,ssh-brute-force,high,WHITE,blocklist.de/ssh|blocklist.de/all|ziyadnz/hourly-ipv4,blocklist.de|ssh|bot|irc-bot|brute-force|ziyadnz|hourly,2026-08-17T18:48:05Z,2026-08-17T18:48:05Z,
118.193.39.103,ipv4,ssh-brute-force,high,WHITE,blocklist.de/ssh|blocklist.de/all|ziyadnz/hourly-ipv4,blocklist.de|ssh|bot|irc-bot|brute-force|ziyadnz|hourly,2026-08-17T18:48:05Z,2026-08-17T18:48:05Z,
118.193.44.112,ipv4,ssh-brute-force,high,WHITE,blocklist.de/ssh|blocklist.de/all|ziyadnz/hourly-ipv4,blocklist.de|ssh|bot|irc-bot|brute-force|ziyadnz|hourly,2026-08-17T18:48:05Z,2026-08-17T18:48:05Z,
118.193.44.213,ipv4,ssh-brute-force,high,WHITE,blocklist.de/ssh|blocklist.de/all|ziyadnz/hourly-ipv4,blocklist.de|ssh|bot|irc-bot|brute-force|ziyadnz|hourly,2026-08-17T18:48:05Z,2026-08-17T18:48:05Z,
118.193.44.22,ipv4,ssh-brute-force,high,WHITE,blocklist.de/ssh|blocklist.de/all|ziyadnz/hourly-ipv4,blocklist.de|ssh|bot|irc-bot|brute-force|ziyadnz|hourly,2026-08-17T18:48:05Z,2026-08-17T18:48:05Z,
118.193.45.134,ipv4,ssh-brute-force,high,WHITE,blocklist.de/ssh|blocklist.de/all|ziyadnz/hourly-ipv4,blocklist.de|ssh|bot|irc-bot|brute-force|ziyadnz|hourly,2026-08-17T18:48:05Z,2026-08-17T18:48:05Z,
118.193.45.65,ipv4,ssh-brute-force,high,WHITE,blocklist.de/ssh|blocklist.de/all|ziyadnz/hourly-ipv4,blocklist.de|ssh|bot|irc-bot|brute-force|ziyadnz|hourly,2026-08-17T18:48:05Z,2026-08-17T18:48:05Z,
118.193.47.155,ipv4,ssh-brute-force,high,WHITE,blocklist.de/ssh|blocklist.de/all|ziyadnz/hourly-ipv4,blocklist.de|ssh|bot|irc-bot|brute-force|ziyadnz|hourly,2026-08-17T18:48:05Z,2026-08-17T18:48:05Z,
118.193.56.149,ipv4,ssh-brute-force,high,WHITE,blocklist.de/ssh|blocklist.de/all|ziyadnz/hourly-ipv4,blocklist.de|ssh|bot|irc-bot|brute-force|ziyadnz|hourly,2026-08-17T18:48:05Z,2026-08-17T18:48:05Z,
118.194.228.101,ipv4,ssh-brute-force,high,WHITE,blocklist.de/ssh|blocklist.de/all|ziyadnz/hourly-ipv4,blocklist.de|ssh|bot|irc-bot|brute-force|ziyadnz|hourly,2026-08-17T18:48:05Z,2026-08-17T18:48:05Z,
118.194.251.145,ipv4,ssh-brute-force,high,WHITE,blocklist.de/ssh|blocklist.de/all|ziyadnz/hourly-ipv4,blocklist.de|ssh|bot|irc-bot|brute-force|ziyadnz|hourly,2026-08-17T18:48:05Z,2026-08-17T18:48:05Z,
118.196.118.181,ipv4,ssh-brute-force,high,WHITE,blocklist.de/ssh|blocklist.de/all|ziyadnz/hourly-ipv4,blocklist.de|ssh|bot|irc-bot|brute-force|ziyadnz|hourly,2026-08-17T18:48:05Z,2026-08-17T18:48:05Z,
118.196.119.108,ipv4,ssh-brute-force,high,WHITE,blocklist.de/ssh|blocklist.de/all|ziyadnz/hourly-ipv4,blocklist.de|ssh|bot|irc-bot|brute-force|ziyadnz|hourly,2026-08-17T18:48:05Z,2026-08-17T18:48:05Z,
118.196.27.115,ipv4,ssh-brute-force,high,WHITE,blocklist.de/ssh|blocklist.de/all|ziyadnz/hourly-ipv4,blocklist.de|ssh|bot|irc-bot|brute-force|ziyadnz|hourly,2026-08-17T18:48:05Z,2026-08-17T18:48:05Z,
118.196.79.21,ipv4,ssh-brute-force,high,WHITE,blocklist.de/ssh|blocklist.de/all|ziyadnz/hourly-ipv4,blocklist.de|ssh|bot|irc-bot|brute-force|ziyadnz|hourly,2026-08-17T18:48:05Z,2026-08-17T18:48:05Z,
118.196.84.13,ipv4,ssh-brute-force,high,WHITE,blocklist.de/ssh|blocklist.de/all|ziyadnz/hourly-ipv4,blocklist.de|ssh|bot|irc-bot|brute-force|ziyadnz|hourly,2026-08-17T18:48:05Z,2026-08-17T18:48:05Z,
118.196.86.191,ipv4,ssh-brute-force,high,WHITE,blocklist.de/ssh|blocklist.de/all|ziyadnz/hourly-ipv4,blocklist.de|ssh|bot|irc-bot|brute-force|ziyadnz|hourly,2026-08-17T18:48:05Z,2026-08-17T18:48:05Z,
118.200.238.109,ipv4,ssh-brute-force,high,WHITE,blocklist.de/ssh|blocklist.de/all|ziyadnz/hourly-ipv4,blocklist.de|ssh|bot|irc-bot|brute-force|ziyadnz|hourly,2026-08-17T18:48:05Z,2026-08-17T18:48:05Z,
118.220.222.8,ipv4,ssh-brute-force,high,WHITE,blocklist.de/ssh|blocklist.de/all|ziyadnz/hourly-ipv4,blocklist.de|ssh|bot|irc-bot|brute-force|ziyadnz|hourly,2026-08-17T18:48:05Z,2026-08-17T18:48:05Z,
118.26.111.107,ipv4,ssh-brute-force,high,WHITE,blocklist.de/ssh|blocklist.de/all|ziyadnz/hourly-ipv4,blocklist.de|ssh|bot|irc-bot|brute-force|ziyadnz|hourly,2026-08-17T18:48:05Z,2026-08-17T18:48:05Z,
118.26.39.129,ipv4,ssh-brute-force,high,WHITE,blocklist.de/ssh|blocklist.de/all|ziyadnz/hourly-ipv4,blocklist.de|ssh|bot|irc-bot|brute-force|ziyadnz|hourly,2026-08-17T18:48:05Z,2026-08-17T18:48:05Z,
118.39.219.45,ipv4,ssh-brute-force,high,WHITE,blocklist.de/ssh|blocklist.de/all|ziyadnz/hourly-ipv4,blocklist.de|ssh|bot|irc-bot|brute-force|ziyadnz|hourly,2026-08-17T18:48:05Z,2026-08-17T18:48:05Z,
118.70.239.231,ipv4,ssh-brute-force,high,WHITE,blocklist.de/ssh|blocklist.de/all|ziyadnz/hourly-ipv4,blocklist.de|ssh|bot|irc-bot|brute-force|ziyadnz|hourly,2026-08-17T18:48:05Z,2026-08-17T18:48:05Z,
118.71.201.215,ipv4,ssh-brute-force,high,WHITE,blocklist.de/ssh|blocklist.de/all|ziyadnz/hourly-ipv4,blocklist.de|ssh|bot|irc-bot|brute-force|ziyadnz|hourly,2026-08-17T18:48:05Z,2026-08-17T18:48:05Z,
118.89.53.246,ipv4,ssh-brute-force,high,WHITE,blocklist.de/ssh|blocklist.de/all|ziyadnz/hourly-ipv4,blocklist.de|ssh|bot|irc-bot|brute-force|ziyadnz|hourly,2026-08-17T18:48:05Z,2026-08-17T18:48:05Z,
118.99.112.70,ipv4,ssh-brute-force,high,WHITE,blocklist.de/ssh|blocklist.de/all|ziyadnz/hourly-ipv4,blocklist.de|ssh|bot|irc-bot|brute-force|ziyadnz|hourly,2026-08-17T18:48:05Z,2026-08-17T18:48:05Z,
119.13.157.32,ipv4,ssh-brute-force,high,WHITE,blocklist.de/ssh|blocklist.de/all|ziyadnz/hourly-ipv4,blocklist.de|ssh|bot|irc-bot|brute-force|ziyadnz|hourly,2026-08-17T18:48:05Z,2026-08-17T18:48:05Z,
119.15.74.30,ipv4,ssh-brute-force,high,WHITE,blocklist.de/ssh|blocklist.de/all|ziyadnz/hourly-ipv4,blocklist.de|ssh|bot|irc-bot|brute-force|ziyadnz|hourly,2026-08-17T18:48:05Z,2026-08-17T18:48:05Z,
119.156.194.77,ipv4,ssh-brute-force,high,WHITE,blocklist.de/ssh|blocklist.de/all|ziyadnz/hourly-ipv4,blocklist.de|ssh|bot|irc-bot|brute-force|ziyadnz|hourly,2026-08-17T18:48:05Z,2026-08-17T18:48:05Z,
119.160.107.62,ipv4,ssh-brute-force,high,WHITE,blocklist.de/ssh|blocklist.de/all|ziyadnz/hourly-ipv4,blocklist.de|ssh|bot|irc-bot|brute-force|ziyadnz|hourly,2026-08-17T18:48:05Z,2026-08-17T18:48:05Z,
119.163.92.184,ipv4,ssh-brute-force,high,WHITE,blocklist.de/ssh|blocklist.de/all|ziyadnz/hourly-ipv4,blocklist.de|ssh|bot|irc-bot|brute-force|ziyadnz|hourly,2026-08-17T18:48:05Z,2026-08-17T18:48:05Z,
119.165.135.229,ipv4,ssh-brute-force,high,WHITE,blocklist.de/ssh|blocklist.de/all|ziyadnz/hourly-ipv4,blocklist.de|ssh|bot|irc-bot|brute-force|ziyadnz|hourly,2026-08-17T18:48:05Z,2026-08-17T18:48:05Z,
119.166.189.71,ipv4,ssh-brute-force,high,WHITE,blocklist.de/ssh|blocklist.de/all|ziyadnz/hourly-ipv4,blocklist.de|ssh|bot|irc-bot|brute-force|ziyadnz|hourly,2026-08-17T18:48:05Z,2026-08-17T18:48:05Z,
119.167.206.194,ipv4,ssh-brute-force,high,WHITE,blocklist.de/ssh|blocklist.de/all|ziyadnz/hourly-ipv4,blocklist.de|ssh|bot|irc-bot|brute-force|ziyadnz|hourly,2026-08-17T18:48:05Z,2026-08-17T18:48:05Z,
119.18.52.5,ipv4,ssh-brute-force,high,WHITE,blocklist.de/ssh|blocklist.de/all|ziyadnz/hourly-ipv4,blocklist.de|ssh|bot|irc-bot|brute-force|ziyadnz|hourly,2026-08-17T18:48:05Z,2026-08-17T18:48:05Z,
119.195.45.76,ipv4,ssh-brute-force,high,WHITE,blocklist.de/ssh|blocklist.de/all|ziyadnz/hourly-ipv4,blocklist.de|ssh|bot|irc-bot|brute-force|ziyadnz|hourly,2026-08-17T18:48:05Z,2026-08-17T18:48:05Z,
119.255.245.44,ipv4,ssh-brute-force,high,WHITE,blocklist.de/ssh|blocklist.de/all|ziyadnz/hourly-ipv4,blocklist.de|ssh|bot|irc-bot|brute-force|ziyadnz|hourly,2026-08-17T18:48:05Z,2026-08-17T18:48:05Z,
119.28.18.60,ipv4,ssh-brute-force,high,WHITE,blocklist.de/ssh|blocklist.de/all|ziyadnz/hourly-ipv4,blocklist.de|ssh|bot|irc-bot|brute-force|ziyadnz|hourly,2026-08-17T18:48:05Z,2026-08-17T18:48:05Z,
119.28.49.103,ipv4,ssh-brute-force,high,WHITE,blocklist.de/ssh|blocklist.de/all|ziyadnz/hourly-ipv4,blocklist.de|ssh|bot|irc-bot|brute-force|ziyadnz|hourly,2026-08-17T18:48:05Z,2026-08-17T18:48:05Z,
119.3.162.197,ipv4,ssh-brute-force,high,WHITE,blocklist.de/ssh|blocklist.de/all|ziyadnz/hourly-ipv4,blocklist.de|ssh|bot|irc-bot|brute-force|ziyadnz|hourly,2026-08-17T18:48:05Z,2026-08-17T18:48:05Z,
119.45.165.112,ipv4,ssh-brute-force,high,WHITE,blocklist.de/ssh|blocklist.de/all|ziyadnz/hourly-ipv4,blocklist.de|ssh|bot|irc-bot|brute-force|ziyadnz|hourly,2026-08-17T18:48:05Z,2026-08-17T18:48:05Z,
119.45.168.30,ipv4,ssh-brute-force,high,WHITE,blocklist.de/ssh|blocklist.de/all|ziyadnz/hourly-ipv4,blocklist.de|ssh|bot|irc-bot|brute-force|ziyadnz|hourly,2026-08-17T18:48:05Z,2026-08-17T18:48:05Z,
119.57.114.19,ipv4,ssh-brute-force,high,WHITE,blocklist.de/ssh|blocklist.de/all|ziyadnz/hourly-ipv4,blocklist.de|ssh|bot|irc-bot|brute-force|ziyadnz|hourly,2026-08-17T18:48:05Z,2026-08-17T18:48:05Z,
119.6.58.27,ipv4,ssh-brute-force,high,WHITE,blocklist.de/ssh|blocklist.de/all|ziyadnz/hourly-ipv4,blocklist.de|ssh|bot|irc-bot|brute-force|ziyadnz|hourly,2026-08-17T18:48:05Z,2026-08-17T18:48:05Z,
119.94.168.82,ipv4,ssh-brute-force,high,WHITE,blocklist.de/ssh|blocklist.de/all|ziyadnz/hourly-ipv4,blocklist.de|ssh|bot|irc-bot|brute-force|ziyadnz|hourly,2026-08-17T18:48:05Z,2026-08-17T18:48:05Z,
119.96.131.8,ipv4,ssh-brute-force,high,WHITE,blocklist.de/ssh|blocklist.de/all|ziyadnz/hourly-ipv4,blocklist.de|ssh|bot|irc-bot|brute-force|ziyadnz|hourly,2026-08-17T18:48:05Z,2026-08-17T18:48:05Z,
119.96.158.238,ipv4,ssh-brute-force,high,WHITE,blocklist.de/ssh|blocklist.de/all|ziyadnz/hourly-ipv4,blocklist.de|ssh|bot|irc-bot|brute-force|ziyadnz|hourly,2026-08-17T18:48:05Z,2026-08-17T18:48:05Z,
119.96.159.237,ipv4,ssh-brute-force,high,WHITE,blocklist.de/ssh|blocklist.de/all|ziyadnz/hourly-ipv4,blocklist.de|ssh|bot|irc-bot|brute-force|ziyadnz|hourly,2026-08-17T18:48:05Z,2026-08-17T18:48:05Z,
119.96.173.169,ipv4,ssh-brute-force,high,WHITE,blocklist.de/ssh|blocklist.de/all|ziyadnz/hourly-ipv4,blocklist.de|ssh|bot|irc-bot|brute-force|ziyadnz|hourly,2026-08-17T18:48:05Z,2026-08-17T18:48:05Z,
119.96.81.99,ipv4,ssh-brute-force,high,WHITE,blocklist.de/ssh|blocklist.de/all|ziyadnz/hourly-ipv4,blocklist.de|ssh|bot|irc-bot|brute-force|ziyadnz|hourly,2026-08-17T18:48:05Z,2026-08-17T18:48:05Z,
119.97.184.93,ipv4,ssh-brute-force,high,WHITE,blocklist.de/ssh|blocklist.de/all|ziyadnz/hourly-ipv4,blocklist.de|ssh|bot|irc-bot|brute-force|ziyadnz|hourly,2026-08-17T18:48:05Z,2026-08-17T18:48:05Z,
120.1.93.39,ipv4,ssh-brute-force,high,WHITE,blocklist.de/ssh|blocklist.de/all|ziyadnz/hourly-ipv4,blocklist.de|ssh|bot|irc-bot|brute-force|ziyadnz|hourly,2026-08-17T18:48:05Z,2026-08-17T18:48:05Z,
120.196.124.14,ipv4,ssh-brute-force,high,WHITE,blocklist.de/ssh|blocklist.de/all|ziyadnz/hourly-ipv4,blocklist.de|ssh|bot|irc-bot|brute-force|ziyadnz|hourly,2026-08-17T18:48:05Z,2026-08-17T18:48:05Z,
120.202.189.192,ipv4,ssh-brute-force,high,WHITE,blocklist.de/ssh|blocklist.de/all|ziyadnz/hourly-ipv4,blocklist.de|ssh|bot|irc-bot|brute-force|ziyadnz|hourly,2026-08-17T18:48:05Z,2026-08-17T18:48:05Z,
120.202.189.21,ipv4,ssh-brute-force,high,WHITE,blocklist.de/ssh|blocklist.de/all|ziyadnz/hourly-ipv4,blocklist.de|ssh|bot|irc-bot|brute-force|ziyadnz|hourly,2026-08-17T18:48:05Z,2026-08-17T18:48:05Z,
120.203.25.201,ipv4,ssh-brute-force,high,WHITE,blocklist.de/ssh|blocklist.de/all|ziyadnz/hourly-ipv4,blocklist.de|ssh|bot|irc-bot|brute-force|ziyadnz|hourly,2026-08-17T18:48:05Z,2026-08-17T18:48:05Z,
120.211.138.165,ipv4,ssh-brute-force,high,WHITE,blocklist.de/ssh|blocklist.de/all|ziyadnz/hourly-ipv4,blocklist.de|ssh|bot|irc-bot|brute-force|ziyadnz|hourly,2026-08-17T18:48:05Z,2026-08-17T18:48:05Z,
120.230.180.145,ipv4,ssh-brute-force,high,WHITE,blocklist.de/ssh|blocklist.de/all|ziyadnz/hourly-ipv4,blocklist.de|ssh|bot|irc-bot|brute-force|ziyadnz|hourly,2026-08-17T18:48:05Z,2026-08-17T18:48:05Z,
120.239.57.28,ipv4,ssh-brute-force,high,WHITE,blocklist.de/ssh|blocklist.de/all|ziyadnz/hourly-ipv4,blocklist.de|ssh|bot|irc-bot|brute-force|ziyadnz|hourly,2026-08-17T18:48:05Z,2026-08-17T18:48:05Z,
120.240.178.158,ipv4,ssh-brute-force,high,WHITE,blocklist.de/ssh|blocklist.de/all|ziyadnz/hourly-ipv4,blocklist.de|ssh|bot|irc-bot|brute-force|ziyadnz|hourly,2026-08-17T18:48:05Z,2026-08-17T18:48:05Z,
120.240.178.222,ipv4,ssh-brute-force,high,WHITE,blocklist.de/ssh|blocklist.de/all|ziyadnz/hourly-ipv4,blocklist.de|ssh|bot|irc-bot|brute-force|ziyadnz|hourly,2026-08-17T18:48:05Z,2026-08-17T18:48:05Z,
120.240.95.27,ipv4,ssh-brute-force,high,WHITE,blocklist.de/ssh|blocklist.de/all|ziyadnz/hourly-ipv4,blocklist.de|ssh|bot|irc-bot|brute-force|ziyadnz|hourly,2026-08-17T18:48:05Z,2026-08-17T18:48:05Z,
120.245.86.13,ipv4,ssh-brute-force,high,WHITE,blocklist.de/ssh|blocklist.de/all|ziyadnz/hourly-ipv4,blocklist.de|ssh|bot|irc-bot|brute-force|ziyadnz|hourly,2026-08-17T18:48:05Z,2026-08-17T18:48:05Z,
120.26.229.104,ipv4,ssh-brute-force,high,WHITE,blocklist.de/ssh|blocklist.de/all|ziyadnz/hourly-ipv4,blocklist.de|ssh|bot|irc-bot|brute-force|ziyadnz|hourly,2026-08-17T18:48:05Z,2026-08-17T18:48:05Z,
120.26.66.176,ipv4,ssh-brute-force,high,WHITE,blocklist.de/ssh|blocklist.de/all|ziyadnz/hourly-ipv4,blocklist.de|ssh|bot|irc-bot|brute-force|ziyadnz|hourly,2026-08-17T18:48:05Z,2026-08-17T18:48:05Z,
120.26.85.246,ipv4,ssh-brute-force,high,WHITE,blocklist.de/ssh|blocklist.de/all|ziyadnz/hourly-ipv4,blocklist.de|ssh|bot|irc-bot|brute-force|ziyadnz|hourly,2026-08-17T18:48:05Z,2026-08-17T18:48:05Z,
120.27.123.64,ipv4,ssh-brute-force,high,WHITE,blocklist.de/ssh|blocklist.de/all|ziyadnz/hourly-ipv4,blocklist.de|ssh|bot|irc-bot|brute-force|ziyadnz|hourly,2026-08-17T18:48:05Z,2026-08-17T18:48:05Z,
120.36.82.210,ipv4,ssh-brute-force,high,WHITE,blocklist.de/ssh|blocklist.de/all|ziyadnz/hourly-ipv4,blocklist.de|ssh|bot|irc-bot|brute-force|ziyadnz|hourly,2026-08-17T18:48:05Z,2026-08-17T18:48:05Z,
120.46.45.229,ipv4,ssh-brute-force,high,WHITE,blocklist.de/ssh|blocklist.de/all|ziyadnz/hourly-ipv4,blocklist.de|ssh|bot|irc-bot|brute-force|ziyadnz|hourly,2026-08-17T18:48:05Z,2026-08-17T18:48:05Z,
120.48.0.142,ipv4,ssh-brute-force,high,WHITE,blocklist.de/ssh|blocklist.de/all|ziyadnz/hourly-ipv4,blocklist.de|ssh|bot|irc-bot|brute-force|ziyadnz|hourly,2026-08-17T18:48:05Z,2026-08-17T18:48:05Z,
120.48.1.102,ipv4,ssh-brute-force,high,WHITE,blocklist.de/ssh|blocklist.de/all|ziyadnz/hourly-ipv4,blocklist.de|ssh|bot|irc-bot|brute-force|ziyadnz|hourly,2026-08-17T18:48:05Z,2026-08-17T18:48:05Z,
120.48.11.36,ipv4,ssh-brute-force,high,WHITE,blocklist.de/ssh|blocklist.de/all|ziyadnz/hourly-ipv4,blocklist.de|ssh|bot|irc-bot|brute-force|ziyadnz|hourly,2026-08-17T18:48:05Z,2026-08-17T18:48:05Z,
120.48.111.71,ipv4,ssh-brute-force,high,WHITE,blocklist.de/ssh|blocklist.de/all|ziyadnz/hourly-ipv4,blocklist.de|ssh|bot|irc-bot|brute-force|ziyadnz|hourly,2026-08-17T18:48:05Z,2026-08-17T18:48:05Z,
120.48.112.221,ipv4,ssh-brute-force,high,WHITE,blocklist.de/ssh|blocklist.de/all|ziyadnz/hourly-ipv4,blocklist.de|ssh|bot|irc-bot|brute-force|ziyadnz|hourly,2026-08-17T18:48:05Z,2026-08-17T18:48:05Z,
120.48.115.34,ipv4,ssh-brute-force,high,WHITE,blocklist.de/ssh|blocklist.de/all|ziyadnz/hourly-ipv4,blocklist.de|ssh|bot|irc-bot|brute-force|ziyadnz|hourly,2026-08-17T18:48:05Z,2026-08-17T18:48:05Z,
120.48.115.68,ipv4,ssh-brute-force,high,WHITE,blocklist.de/ssh|blocklist.de/all|ziyadnz/hourly-ipv4,blocklist.de|ssh|bot|irc-bot|brute-force|ziyadnz|hourly,2026-08-17T18:48:05Z,2026-08-17T18:48:05Z,
120.48.122.158,ipv4,ssh-brute-force,high,WHITE,blocklist.de/ssh|blocklist.de/all|ziyadnz/hourly-ipv4,blocklist.de|ssh|bot|irc-bot|brute-force|ziyadnz|hourly,2026-08-17T18:48:05Z,2026-08-17T18:48:05Z,
120.48.122.43,ipv4,ssh-brute-force,high,WHITE,blocklist.de/ssh|blocklist.de/all|ziyadnz/hourly-ipv4,blocklist.de|ssh|bot|irc-bot|brute-force|ziyadnz|hourly,2026-08-17T18:48:05Z,2026-08-17T18:48:05Z,
120.48.124.164,ipv4,ssh-brute-force,high,WHITE,blocklist.de/ssh|blocklist.de/all|ziyadnz/hourly-ipv4,blocklist.de|ssh|bot|irc-bot|brute-force|ziyadnz|hourly,2026-08-17T18:48:05Z,2026-08-17T18:48:05Z,
120.48.13.21,ipv4,ssh-brute-force,high,WHITE,blocklist.de/ssh|blocklist.de/all|ziyadnz/hourly-ipv4,blocklist.de|ssh|bot|irc-bot|brute-force|ziyadnz|hourly,2026-08-17T18:48:05Z,2026-08-17T18:48:05Z,
120.48.132.243,ipv4,ssh-brute-force,high,WHITE,blocklist.de/ssh|blocklist.de/all|ziyadnz/hourly-ipv4,blocklist.de|ssh|bot|irc-bot|brute-force|ziyadnz|hourly,2026-08-17T18:48:05Z,2026-08-17T18:48:05Z,
120.48.134.186,ipv4,ssh-brute-force,high,WHITE,blocklist.de/ssh|blocklist.de/all|ziyadnz/hourly-ipv4,blocklist.de|ssh|bot|irc-bot|brute-force|ziyadnz|hourly,2026-08-17T18:48:05Z,2026-08-17T18:48:05Z,
120.48.135.189,ipv4,ssh-brute-force,high,WHITE,blocklist.de/ssh|blocklist.de/all|ziyadnz/hourly-ipv4,blocklist.de|ssh|bot|irc-bot|brute-force|ziyadnz|hourly,2026-08-17T18:48:05Z,2026-08-17T18:48:05Z,
120.48.136.241,ipv4,ssh-brute-force,high,WHITE,blocklist.de/ssh|blocklist.de/all|ziyadnz/hourly-ipv4,blocklist.de|ssh|bot|irc-bot|brute-force|ziyadnz|hourly,2026-08-17T18:48:05Z,2026-08-17T18:48:05Z,
120.48.15.138,ipv4,ssh-brute-force,high,WHITE,blocklist.de/ssh|blocklist.de/all|ziyadnz/hourly-ipv4,blocklist.de|ssh|bot|irc-bot|brute-force|ziyadnz|hourly,2026-08-17T18:48:05Z,2026-08-17T18:48:05Z,
120.48.152.13,ipv4,ssh-brute-force,high,WHITE,blocklist.de/ssh|blocklist.de/all|ziyadnz/hourly-ipv4,blocklist.de|ssh|bot|irc-bot|brute-force|ziyadnz|hourly,2026-08-17T18:48:05Z,2026-08-17T18:48:05Z,
120.48.165.75,ipv4,ssh-brute-force,high,WHITE,blocklist.de/ssh|blocklist.de/all|ziyadnz/hourly-ipv4,blocklist.de|ssh|bot|irc-bot|brute-force|ziyadnz|hourly,2026-08-17T18:48:05Z,2026-08-17T18:48:05Z,
120.48.171.123,ipv4,ssh-brute-force,high,WHITE,blocklist.de/ssh|blocklist.de/all|ziyadnz/hourly-ipv4,blocklist.de|ssh|bot|irc-bot|brute-force|ziyadnz|hourly,2026-08-17T18:48:05Z,2026-08-17T18:48:05Z,
120.48.175.122,ipv4,ssh-brute-force,high,WHITE,blocklist.de/ssh|blocklist.de/all|ziyadnz/hourly-ipv4,blocklist.de|ssh|bot|irc-bot|brute-force|ziyadnz|hourly,2026-08-17T18:48:05Z,2026-08-17T18:48:05Z,
120.48.175.69,ipv4,ssh-brute-force,high,WHITE,blocklist.de/ssh|blocklist.de/all|ziyadnz/hourly-ipv4,blocklist.de|ssh|bot|irc-bot|brute-force|ziyadnz|hourly,2026-08-17T18:48:05Z,2026-08-17T18:48:05Z,
120.48.176.103,ipv4,ssh-brute-force,high,WHITE,blocklist.de/ssh|blocklist.de/all|ziyadnz/hourly-ipv4,blocklist.de|ssh|bot|irc-bot|brute-force|ziyadnz|hourly,2026-08-17T18:48:05Z,2026-08-17T18:48:05Z,
120.48.177.102,ipv4,ssh-brute-force,high,WHITE,blocklist.de/ssh|blocklist.de/all|ziyadnz/hourly-ipv4,blocklist.de|ssh|bot|irc-bot|brute-force|ziyadnz|hourly,2026-08-17T18:48:05Z,2026-08-17T18:48:05Z,
120.48.181.68,ipv4,ssh-brute-force,high,WHITE,blocklist.de/ssh|blocklist.de/all|ziyadnz/hourly-ipv4,blocklist.de|ssh|bot|irc-bot|brute-force|ziyadnz|hourly,2026-08-17T18:48:05Z,2026-08-17T18:48:05Z,
120.48.22.91,ipv4,ssh-brute-force,high,WHITE,blocklist.de/ssh|blocklist.de/all|ziyadnz/hourly-ipv4,blocklist.de|ssh|bot|irc-bot|brute-force|ziyadnz|hourly,2026-08-17T18:48:05Z,2026-08-17T18:48:05Z,
120.48.28.60,ipv4,ssh-brute-force,high,WHITE,blocklist.de/ssh|blocklist.de/all|ziyadnz/hourly-ipv4,blocklist.de|ssh|bot|irc-bot|brute-force|ziyadnz|hourly,2026-08-17T18:48:05Z,2026-08-17T18:48:05Z,
120.48.29.51,ipv4,ssh-brute-force,high,WHITE,blocklist.de/ssh|blocklist.de/all|ziyadnz/hourly-ipv4,blocklist.de|ssh|bot|irc-bot|brute-force|ziyadnz|hourly,2026-08-17T18:48:05Z,2026-08-17T18:48:05Z,
120.48.33.69,ipv4,ssh-brute-force,high,WHITE,blocklist.de/ssh|blocklist.de/all|ziyadnz/hourly-ipv4,blocklist.de|ssh|bot|irc-bot|brute-force|ziyadnz|hourly,2026-08-17T18:48:05Z,2026-08-17T18:48:05Z,
120.48.38.253,ipv4,ssh-brute-force,high,WHITE,blocklist.de/ssh|blocklist.de/all|ziyadnz/hourly-ipv4,blocklist.de|ssh|bot|irc-bot|brute-force|ziyadnz|hourly,2026-08-17T18:48:05Z,2026-08-17T18:48:05Z,
120.48.39.220,ipv4,ssh-brute-force,high,WHITE,blocklist.de/ssh|blocklist.de/all|ziyadnz/hourly-ipv4,blocklist.de|ssh|bot|irc-bot|brute-force|ziyadnz|hourly,2026-08-17T18:48:05Z,2026-08-17T18:48:05Z,
120.48.50.133,ipv4,ssh-brute-force,high,WHITE,blocklist.de/ssh|blocklist.de/all|ziyadnz/hourly-ipv4,blocklist.de|ssh|bot|irc-bot|brute-force|ziyadnz|hourly,2026-08-17T18:48:05Z,2026-08-17T18:48:05Z,
120.48.50.165,ipv4,ssh-brute-force,high,WHITE,blocklist.de/ssh|blocklist.de/all|ziyadnz/hourly-ipv4,blocklist.de|ssh|bot|irc-bot|brute-force|ziyadnz|hourly,2026-08-17T18:48:05Z,2026-08-17T18:48:05Z,
120.48.53.174,ipv4,ssh-brute-force,high,WHITE,blocklist.de/ssh|blocklist.de/all|ziyadnz/hourly-ipv4,blocklist.de|ssh|bot|irc-bot|brute-force|ziyadnz|hourly,2026-08-17T18:48:05Z,2026-08-17T18:48:05Z,
120.48.54.98,ipv4,ssh-brute-force,high,WHITE,blocklist.de/ssh|blocklist.de/all|ziyadnz/hourly-ipv4,blocklist.de|ssh|bot|irc-bot|brute-force|ziyadnz|hourly,2026-08-17T18:48:05Z,2026-08-17T18:48:05Z,
120.48.55.25,ipv4,ssh-brute-force,high,WHITE,blocklist.de/ssh|blocklist.de/all|ziyadnz/hourly-ipv4,blocklist.de|ssh|bot|irc-bot|brute-force|ziyadnz|hourly,2026-08-17T18:48:05Z,2026-08-17T18:48:05Z,
120.48.69.199,ipv4,ssh-brute-force,high,WHITE,blocklist.de/ssh|blocklist.de/all|ziyadnz/hourly-ipv4,blocklist.de|ssh|bot|irc-bot|brute-force|ziyadnz|hourly,2026-08-17T18:48:05Z,2026-08-17T18:48:05Z,
120.48.7.181,ipv4,ssh-brute-force,high,WHITE,blocklist.de/ssh|blocklist.de/all|ziyadnz/hourly-ipv4,blocklist.de|ssh|bot|irc-bot|brute-force|ziyadnz|hourly,2026-08-17T18:48:05Z,2026-08-17T18:48:05Z,
120.48.71.14,ipv4,ssh-brute-force,high,WHITE,blocklist.de/ssh|blocklist.de/all|ziyadnz/hourly-ipv4,blocklist.de|ssh|bot|irc-bot|brute-force|ziyadnz|hourly,2026-08-17T18:48:05Z,2026-08-17T18:48:05Z,
120.48.74.25,ipv4,ssh-brute-force,high,WHITE,blocklist.de/ssh|blocklist.de/all|ziyadnz/hourly-ipv4,blocklist.de|ssh|bot|irc-bot|brute-force|ziyadnz|hourly,2026-08-17T18:48:05Z,2026-08-17T18:48:05Z,
120.48.76.190,ipv4,ssh-brute-force,high,WHITE,blocklist.de/ssh|blocklist.de/all|ziyadnz/hourly-ipv4,blocklist.de|ssh|bot|irc-bot|brute-force|ziyadnz|hourly,2026-08-17T18:48:05Z,2026-08-17T18:48:05Z,
120.48.77.176,ipv4,ssh-brute-force,high,WHITE,blocklist.de/ssh|blocklist.de/all|ziyadnz/hourly-ipv4,blocklist.de|ssh|bot|irc-bot|brute-force|ziyadnz|hourly,2026-08-17T18:48:05Z,2026-08-17T18:48:05Z,
120.48.8.4,ipv4,ssh-brute-force,high,WHITE,blocklist.de/ssh|blocklist.de/all|ziyadnz/hourly-ipv4,blocklist.de|ssh|bot|irc-bot|brute-force|ziyadnz|hourly,2026-08-17T18:48:05Z,2026-08-17T18:48:05Z,
120.48.82.124,ipv4,ssh-brute-force,high,WHITE,blocklist.de/ssh|blocklist.de/all|ziyadnz/hourly-ipv4,blocklist.de|ssh|bot|irc-bot|brute-force|ziyadnz|hourly,2026-08-17T18:48:05Z,2026-08-17T18:48:05Z,
120.48.83.162,ipv4,ssh-brute-force,high,WHITE,blocklist.de/ssh|blocklist.de/all|ziyadnz/hourly-ipv4,blocklist.de|ssh|bot|irc-bot|brute-force|ziyadnz|hourly,2026-08-17T18:48:05Z,2026-08-17T18:48:05Z,
120.48.84.44,ipv4,ssh-brute-force,high,WHITE,blocklist.de/ssh|blocklist.de/all|ziyadnz/hourly-ipv4,blocklist.de|ssh|bot|irc-bot|brute-force|ziyadnz|hourly,2026-08-17T18:48:05Z,2026-08-17T18:48:05Z,
120.48.9.231,ipv4,ssh-brute-force,high,WHITE,blocklist.de/ssh|blocklist.de/all|ziyadnz/hourly-ipv4,blocklist.de|ssh|bot|irc-bot|brute-force|ziyadnz|hourly,2026-08-17T18:48:05Z,2026-08-17T18:48:05Z,
120.48.91.8,ipv4,ssh-brute-force,high,WHITE,blocklist.de/ssh|blocklist.de/all|ziyadnz/hourly-ipv4,blocklist.de|ssh|bot|irc-bot|brute-force|ziyadnz|hourly,2026-08-17T18:48:05Z,2026-08-17T18:48:05Z,
120.48.92.66,ipv4,ssh-brute-force,high,WHITE,blocklist.de/ssh|blocklist.de/all|ziyadnz/hourly-ipv4,blocklist.de|ssh|bot|irc-bot|brute-force|ziyadnz|hourly,2026-08-17T18:48:05Z,2026-08-17T18:48:05Z,
120.48.98.75,ipv4,ssh-brute-force,high,WHITE,blocklist.de/ssh|blocklist.de/all|ziyadnz/hourly-ipv4,blocklist.de|ssh|bot|irc-bot|brute-force|ziyadnz|hourly,2026-08-17T18:48:05Z,2026-08-17T18:48:05Z,
120.48.99.236,ipv4,ssh-brute-force,high,WHITE,blocklist.de/ssh|blocklist.de/all|ziyadnz/hourly-ipv4,blocklist.de|ssh|bot|irc-bot|brute-force|ziyadnz|hourly,2026-08-17T18:48:05Z,2026-08-17T18:48:05Z,
120.55.5.49,ipv4,ssh-brute-force,high,WHITE,blocklist.de/ssh|blocklist.de/all|ziyadnz/hourly-ipv4,blocklist.de|ssh|bot|irc-bot|brute-force|ziyadnz|hourly,2026-08-17T18:48:05Z,2026-08-17T18:48:05Z,
120.71.183.130,ipv4,ssh-brute-force,high,WHITE,blocklist.de/ssh|blocklist.de/all|ziyadnz/hourly-ipv4,blocklist.de|ssh|bot|irc-bot|brute-force|ziyadnz|hourly,2026-08-17T18:48:05Z,2026-08-17T18:48:05Z,
120.71.5.15,ipv4,ssh-brute-force,high,WHITE,blocklist.de/ssh|blocklist.de/all|ziyadnz/hourly-ipv4,blocklist.de|ssh|bot|irc-bot|brute-force|ziyadnz|hourly,2026-08-17T18:48:05Z,2026-08-17T18:48:05Z,
120.77.224.247,ipv4,ssh-brute-force,high,WHITE,blocklist.de/ssh|blocklist.de/all|ziyadnz/hourly-ipv4,blocklist.de|ssh|bot|irc-bot|brute-force|ziyadnz|hourly,2026-08-17T18:48:05Z,2026-08-17T18:48:05Z,
120.77.248.58,ipv4,ssh-brute-force,high,WHITE,blocklist.de/ssh|blocklist.de/all|ziyadnz/hourly-ipv4,blocklist.de|ssh|bot|irc-bot|brute-force|ziyadnz|hourly,2026-08-17T18:48:05Z,2026-08-17T18:48:05Z,
120.79.182.102,ipv4,ssh-brute-force,high,WHITE,blocklist.de/ssh|blocklist.de/all|ziyadnz/hourly-ipv4,blocklist.de|ssh|bot|irc-bot|brute-force|ziyadnz|hourly,2026-08-17T18:48:05Z,2026-08-17T18:48:05Z,
120.79.220.105,ipv4,ssh-brute-force,high,WHITE,blocklist.de/ssh|blocklist.de/all|ziyadnz/hourly-ipv4,blocklist.de|ssh|bot|irc-bot|brute-force|ziyadnz|hourly,2026-08-17T18:48:05Z,2026-08-17T18:48:05Z,
120.92.210.214,ipv4,ssh-brute-force,high,WHITE,blocklist.de/ssh|blocklist.de/all|ziyadnz/hourly-ipv4,blocklist.de|ssh|bot|irc-bot|brute-force|ziyadnz|hourly,2026-08-17T18:48:05Z,2026-08-17T18:48:05Z,
121.121.57.92,ipv4,ssh-brute-force,high,WHITE,blocklist.de/ssh|blocklist.de/all|ziyadnz/hourly-ipv4,blocklist.de|ssh|bot|irc-bot|brute-force|ziyadnz|hourly,2026-08-17T18:48:05Z,2026-08-17T18:48:05Z,
121.127.233.202,ipv4,ssh-brute-force,high,WHITE,blocklist.de/ssh|blocklist.de/all|ziyadnz/hourly-ipv4,blocklist.de|ssh|bot|irc-bot|brute-force|ziyadnz|hourly,2026-08-17T18:48:05Z,2026-08-17T18:48:05Z,
121.133.110.250,ipv4,ssh-brute-force,high,WHITE,blocklist.de/ssh|blocklist.de/all|ziyadnz/hourly-ipv4,blocklist.de|ssh|bot|irc-bot|brute-force|ziyadnz|hourly,2026-08-17T18:48:05Z,2026-08-17T18:48:05Z,
121.139.15.185,ipv4,ssh-brute-force,high,WHITE,blocklist.de/ssh|blocklist.de/all|ziyadnz/hourly-ipv4,blocklist.de|ssh|bot|irc-bot|brute-force|ziyadnz|hourly,2026-08-17T18:48:05Z,2026-08-17T18:48:05Z,
121.139.39.185,ipv4,ssh-brute-force,high,WHITE,blocklist.de/ssh|blocklist.de/all|ziyadnz/hourly-ipv4,blocklist.de|ssh|bot|irc-bot|brute-force|ziyadnz|hourly,2026-08-17T18:48:05Z,2026-08-17T18:48:05Z,
121.14.34.219,ipv4,ssh-brute-force,high,WHITE,blocklist.de/ssh|blocklist.de/all|ziyadnz/hourly-ipv4,blocklist.de|ssh|bot|irc-bot|brute-force|ziyadnz|hourly,2026-08-17T18:48:05Z,2026-08-17T18:48:05Z,
121.141.250.248,ipv4,ssh-brute-force,high,WHITE,blocklist.de/ssh|blocklist.de/all|ziyadnz/hourly-ipv4,blocklist.de|ssh|bot|irc-bot|brute-force|ziyadnz|hourly,2026-08-17T18:48:05Z,2026-08-17T18:48:05Z,
121.163.63.183,ipv4,ssh-brute-force,high,WHITE,blocklist.de/ssh|blocklist.de/all|ziyadnz/hourly-ipv4,blocklist.de|ssh|bot|irc-bot|brute-force|ziyadnz|hourly,2026-08-17T18:48:05Z,2026-08-17T18:48:05Z,
121.183.240.55,ipv4,ssh-brute-force,high,WHITE,blocklist.de/ssh|blocklist.de/all|ziyadnz/hourly-ipv4,blocklist.de|ssh|bot|irc-bot|brute-force|ziyadnz|hourly,2026-08-17T18:48:05Z,2026-08-17T18:48:05Z,
121.183.249.159,ipv4,ssh-brute-force,high,WHITE,blocklist.de/ssh|blocklist.de/all|ziyadnz/hourly-ipv4,blocklist.de|ssh|bot|irc-bot|brute-force|ziyadnz|hourly,2026-08-17T18:48:05Z,2026-08-17T18:48:05Z,
121.184.144.232,ipv4,ssh-brute-force,high,WHITE,blocklist.de/ssh|blocklist.de/all|ziyadnz/hourly-ipv4,blocklist.de|ssh|bot|irc-bot|brute-force|ziyadnz|hourly,2026-08-17T18:48:05Z,2026-08-17T18:48:05Z,
121.186.96.29,ipv4,ssh-brute-force,high,WHITE,blocklist.de/ssh|blocklist.de/all|ziyadnz/hourly-ipv4,blocklist.de|ssh|bot|irc-bot|brute-force|ziyadnz|hourly,2026-08-17T18:48:05Z,2026-08-17T18:48:05Z,
121.196.196.104,ipv4,ssh-brute-force,high,WHITE,blocklist.de/ssh|blocklist.de/all|ziyadnz/hourly-ipv4,blocklist.de|ssh|bot|irc-bot|brute-force|ziyadnz|hourly,2026-08-17T18:48:05Z,2026-08-17T18:48:05Z,
121.202.148.19,ipv4,ssh-brute-force,high,WHITE,blocklist.de/ssh|blocklist.de/all|ziyadnz/hourly-ipv4,blocklist.de|ssh|bot|irc-bot|brute-force|ziyadnz|hourly,2026-08-17T18:48:05Z,2026-08-17T18:48:05Z,
121.204.171.142,ipv4,ssh-brute-force,high,WHITE,blocklist.de/ssh|blocklist.de/all|ziyadnz/hourly-ipv4,blocklist.de|ssh|bot|irc-bot|brute-force|ziyadnz|hourly,2026-08-17T18:48:05Z,2026-08-17T18:48:05Z,
121.224.59.51,ipv4,ssh-brute-force,high,WHITE,blocklist.de/ssh|blocklist.de/all|ziyadnz/hourly-ipv4,blocklist.de|ssh|bot|irc-bot|brute-force|ziyadnz|hourly,2026-08-17T18:48:05Z,2026-08-17T18:48:05Z,
121.224.78.164,ipv4,ssh-brute-force,high,WHITE,blocklist.de/ssh|blocklist.de/all|ziyadnz/hourly-ipv4,blocklist.de|ssh|bot|irc-bot|brute-force|ziyadnz|hourly,2026-08-17T18:48:05Z,2026-08-17T18:48:05Z,
121.227.152.171,ipv4,ssh-brute-force,high,WHITE,blocklist.de/ssh|blocklist.de/all|ziyadnz/hourly-ipv4,blocklist.de|ssh|bot|irc-bot|brute-force|ziyadnz|hourly,2026-08-17T18:48:05Z,2026-08-17T18:48:05Z,
121.227.152.250,ipv4,ssh-brute-force,high,WHITE,blocklist.de/ssh|blocklist.de/all|ziyadnz/hourly-ipv4,blocklist.de|ssh|bot|irc-bot|brute-force|ziyadnz|hourly,2026-08-17T18:48:05Z,2026-08-17T18:48:05Z,
121.227.31.13,ipv4,ssh-brute-force,high,WHITE,blocklist.de/ssh|blocklist.de/all|ziyadnz/hourly-ipv4,blocklist.de|ssh|bot|irc-bot|brute-force|ziyadnz|hourly,2026-08-17T18:48:05Z,2026-08-17T18:48:05Z,
121.229.13.210,ipv4,ssh-brute-force,high,WHITE,blocklist.de/ssh|blocklist.de/all|ziyadnz/hourly-ipv4,blocklist.de|ssh|bot|irc-bot|brute-force|ziyadnz|hourly,2026-08-17T18:48:05Z,2026-08-17T18:48:05Z,
121.229.25.10,ipv4,ssh-brute-force,high,WHITE,blocklist.de/ssh|blocklist.de/all|ziyadnz/hourly-ipv4,blocklist.de|ssh|bot|irc-bot|brute-force|ziyadnz|hourly,2026-08-17T18:48:05Z,2026-08-17T18:48:05Z,
121.229.9.110,ipv4,ssh-brute-force,high,WHITE,blocklist.de/ssh|blocklist.de/all|ziyadnz/hourly-ipv4,blocklist.de|ssh|bot|irc-bot|brute-force|ziyadnz|hourly,2026-08-17T18:48:05Z,2026-08-17T18:48:05Z,
121.229.9.97,ipv4,ssh-brute-force,high,WHITE,blocklist.de/ssh|blocklist.de/all|ziyadnz/hourly-ipv4,blocklist.de|ssh|bot|irc-bot|brute-force|ziyadnz|hourly,2026-08-17T18:48:05Z,2026-08-17T18:48:05Z,
121.235.157.121,ipv4,ssh-brute-force,high,WHITE,blocklist.de/ssh|blocklist.de/all|ziyadnz/hourly-ipv4,blocklist.de|ssh|bot|irc-bot|brute-force|ziyadnz|hourly,2026-08-17T18:48:05Z,2026-08-17T18:48:05Z,
121.239.253.108,ipv4,ssh-brute-force,high,WHITE,blocklist.de/ssh|blocklist.de/all|ziyadnz/hourly-ipv4,blocklist.de|ssh|bot|irc-bot|brute-force|ziyadnz|hourly,2026-08-17T18:48:05Z,2026-08-17T18:48:05Z,
121.29.5.109,ipv4,ssh-brute-force,high,WHITE,blocklist.de/ssh|blocklist.de/all|ziyadnz/hourly-ipv4,blocklist.de|ssh|bot|irc-bot|brute-force|ziyadnz|hourly,2026-08-17T18:48:05Z,2026-08-17T18:48:05Z,
121.31.210.125,ipv4,ssh-brute-force,high,WHITE,blocklist.de/ssh|blocklist.de/all|ziyadnz/hourly-ipv4,blocklist.de|ssh|bot|irc-bot|brute-force|ziyadnz|hourly,2026-08-17T18:48:05Z,2026-08-17T18:48:05Z,
121.37.40.34,ipv4,ssh-brute-force,high,WHITE,blocklist.de/ssh|blocklist.de/all|ziyadnz/hourly-ipv4,blocklist.de|ssh|bot|irc-bot|brute-force|ziyadnz|hourly,2026-08-17T18:48:05Z,2026-08-17T18:48:05Z,
121.40.152.135,ipv4,ssh-brute-force,high,WHITE,blocklist.de/ssh|blocklist.de/all|ziyadnz/hourly-ipv4,blocklist.de|ssh|bot|irc-bot|brute-force|ziyadnz|hourly,2026-08-17T18:48:05Z,2026-08-17T18:48:05Z,
121.40.84.227,ipv4,ssh-brute-force,high,WHITE,blocklist.de/ssh|blocklist.de/all|ziyadnz/hourly-ipv4,blocklist.de|ssh|bot|irc-bot|brute-force|ziyadnz|hourly,2026-08-17T18:48:05Z,2026-08-17T18:48:05Z,
121.43.151.100,ipv4,ssh-brute-force,high,WHITE,blocklist.de/ssh|blocklist.de/all|ziyadnz/hourly-ipv4,blocklist.de|ssh|bot|irc-bot|brute-force|ziyadnz|hourly,2026-08-17T18:48:05Z,2026-08-17T18:48:05Z,
121.46.71.55,ipv4,ssh-brute-force,high,WHITE,blocklist.de/ssh|blocklist.de/all|ziyadnz/hourly-ipv4,blocklist.de|ssh|bot|irc-bot|brute-force|ziyadnz|hourly,2026-08-17T18:48:05Z,2026-08-17T18:48:05Z,
121.5.40.149,ipv4,ssh-brute-force,high,WHITE,blocklist.de/ssh|blocklist.de/all|ziyadnz/hourly-ipv4,blocklist.de|ssh|bot|irc-bot|brute-force|ziyadnz|hourly,2026-08-17T18:48:05Z,2026-08-17T18:48:05Z,
121.89.80.244,ipv4,ssh-brute-force,high,WHITE,blocklist.de/ssh|blocklist.de/all|ziyadnz/hourly-ipv4,blocklist.de|ssh|bot|irc-bot|brute-force|ziyadnz|hourly,2026-08-17T18:48:05Z,2026-08-17T18:48:05Z,
122.114.113.177,ipv4,ssh-brute-force,high,WHITE,blocklist.de/ssh|blocklist.de/all|ziyadnz/hourly-ipv4,blocklist.de|ssh|bot|irc-bot|brute-force|ziyadnz|hourly,2026-08-17T18:48:05Z,2026-08-17T18:48:05Z,
122.13.25.186,ipv4,ssh-brute-force,high,WHITE,blocklist.de/ssh|blocklist.de/all|ziyadnz/hourly-ipv4,blocklist.de|ssh|bot|irc-bot|brute-force|ziyadnz|hourly,2026-08-17T18:48:05Z,2026-08-17T18:48:05Z,
122.144.198.22,ipv4,ssh-brute-force,high,WHITE,blocklist.de/ssh|blocklist.de/all|ziyadnz/hourly-ipv4,blocklist.de|ssh|bot|irc-bot|brute-force|ziyadnz|hourly,2026-08-17T18:48:05Z,2026-08-17T18:48:05Z,
122.154.74.205,ipv4,ssh-brute-force,high,WHITE,blocklist.de/ssh|blocklist.de/all|ziyadnz/hourly-ipv4,blocklist.de|ssh|bot|irc-bot|brute-force|ziyadnz|hourly,2026-08-17T18:48:05Z,2026-08-17T18:48:05Z,
122.168.123.73,ipv4,ssh-brute-force,high,WHITE,blocklist.de/ssh|blocklist.de/all|ziyadnz/hourly-ipv4,blocklist.de|ssh|bot|irc-bot|brute-force|ziyadnz|hourly,2026-08-17T18:48:05Z,2026-08-17T18:48:05Z,
122.176.138.82,ipv4,ssh-brute-force,high,WHITE,blocklist.de/ssh|blocklist.de/all|ziyadnz/hourly-ipv4,blocklist.de|ssh|bot|irc-bot|brute-force|ziyadnz|hourly,2026-08-17T18:48:05Z,2026-08-17T18:48:05Z,
122.177.240.24,ipv4,ssh-brute-force,high,WHITE,blocklist.de/ssh|blocklist.de/all|ziyadnz/hourly-ipv4,blocklist.de|ssh|bot|irc-bot|brute-force|ziyadnz|hourly,2026-08-17T18:48:05Z,2026-08-17T18:48:05Z,
122.180.242.27,ipv4,ssh-brute-force,high,WHITE,blocklist.de/ssh|blocklist.de/all|ziyadnz/hourly-ipv4,blocklist.de|ssh|bot|irc-bot|brute-force|ziyadnz|hourly,2026-08-17T18:48:05Z,2026-08-17T18:48:05Z,
122.181.100.84,ipv4,ssh-brute-force,high,WHITE,blocklist.de/ssh|blocklist.de/all|ziyadnz/hourly-ipv4,blocklist.de|ssh|bot|irc-bot|brute-force|ziyadnz|hourly,2026-08-17T18:48:05Z,2026-08-17T18:48:05Z,
122.185.199.114,ipv4,ssh-brute-force,high,WHITE,blocklist.de/ssh|blocklist.de/all|ziyadnz/hourly-ipv4,blocklist.de|ssh|bot|irc-bot|brute-force|ziyadnz|hourly,2026-08-17T18:48:05Z,2026-08-17T18:48:05Z,
122.187.219.78,ipv4,ssh-brute-force,high,WHITE,blocklist.de/ssh|blocklist.de/all|ziyadnz/hourly-ipv4,blocklist.de|ssh|bot|irc-bot|brute-force|ziyadnz|hourly,2026-08-17T18:48:05Z,2026-08-17T18:48:05Z,
122.2.42.213,ipv4,ssh-brute-force,high,WHITE,blocklist.de/ssh|blocklist.de/all|ziyadnz/hourly-ipv4,blocklist.de|ssh|bot|irc-bot|brute-force|ziyadnz|hourly,2026-08-17T18:48:05Z,2026-08-17T18:48:05Z,
122.225.202.130,ipv4,ssh-brute-force,high,WHITE,blocklist.de/ssh|blocklist.de/all|ziyadnz/hourly-ipv4,blocklist.de|ssh|bot|irc-bot|brute-force|ziyadnz|hourly,2026-08-17T18:48:05Z,2026-08-17T18:48:05Z,
122.227.103.254,ipv4,ssh-brute-force,high,WHITE,blocklist.de/ssh|blocklist.de/all|ziyadnz/hourly-ipv4,blocklist.de|ssh|bot|irc-bot|brute-force|ziyadnz|hourly,2026-08-17T18:48:05Z,2026-08-17T18:48:05Z,
122.44.186.217,ipv4,ssh-brute-force,high,WHITE,blocklist.de/ssh|blocklist.de/all|ziyadnz/hourly-ipv4,blocklist.de|ssh|bot|irc-bot|brute-force|ziyadnz|hourly,2026-08-17T18:48:05Z,2026-08-17T18:48:05Z,
123.113.186.135,ipv4,ssh-brute-force,high,WHITE,blocklist.de/ssh|blocklist.de/all|ziyadnz/hourly-ipv4,blocklist.de|ssh|bot|irc-bot|brute-force|ziyadnz|hourly,2026-08-17T18:48:05Z,2026-08-17T18:48:05Z,
123.115.216.161,ipv4,ssh-brute-force,high,WHITE,blocklist.de/ssh|blocklist.de/all|ziyadnz/hourly-ipv4,blocklist.de|ssh|bot|irc-bot|brute-force|ziyadnz|hourly,2026-08-17T18:48:05Z,2026-08-17T18:48:05Z,
123.115.219.184,ipv4,ssh-brute-force,high,WHITE,blocklist.de/ssh|blocklist.de/all|ziyadnz/hourly-ipv4,blocklist.de|ssh|bot|irc-bot|brute-force|ziyadnz|hourly,2026-08-17T18:48:05Z,2026-08-17T18:48:05Z,
123.117.152.61,ipv4,ssh-brute-force,high,WHITE,blocklist.de/ssh|blocklist.de/all|ziyadnz/hourly-ipv4,blocklist.de|ssh|bot|irc-bot|brute-force|ziyadnz|hourly,2026-08-17T18:48:05Z,2026-08-17T18:48:05Z,
123.131.17.131,ipv4,ssh-brute-force,high,WHITE,blocklist.de/ssh|blocklist.de/all|ziyadnz/hourly-ipv4,blocklist.de|ssh|bot|irc-bot|brute-force|ziyadnz|hourly,2026-08-17T18:48:05Z,2026-08-17T18:48:05Z,
123.160.166.32,ipv4,ssh-brute-force,high,WHITE,blocklist.de/ssh|blocklist.de/all|ziyadnz/hourly-ipv4,blocklist.de|ssh|bot|irc-bot|brute-force|ziyadnz|hourly,2026-08-17T18:48:05Z,2026-08-17T18:48:05Z,
123.182.141.118,ipv4,ssh-brute-force,high,WHITE,blocklist.de/ssh|blocklist.de/all|ziyadnz/hourly-ipv4,blocklist.de|ssh|bot|irc-bot|brute-force|ziyadnz|hourly,2026-08-17T18:48:05Z,2026-08-17T18:48:05Z,
123.20.29.159,ipv4,ssh-brute-force,high,WHITE,blocklist.de/ssh|blocklist.de/all|ziyadnz/hourly-ipv4,blocklist.de|ssh|bot|irc-bot|brute-force|ziyadnz|hourly,2026-08-17T18:48:05Z,2026-08-17T18:48:05Z,
123.202.71.246,ipv4,ssh-brute-force,high,WHITE,blocklist.de/ssh|blocklist.de/all|ziyadnz/hourly-ipv4,blocklist.de|ssh|bot|irc-bot|brute-force|ziyadnz|hourly,2026-08-17T18:48:05Z,2026-08-17T18:48:05Z,
123.205.124.139,ipv4,ssh-brute-force,high,WHITE,blocklist.de/ssh|blocklist.de/all|ziyadnz/hourly-ipv4,blocklist.de|ssh|bot|irc-bot|brute-force|ziyadnz|hourly,2026-08-17T18:48:05Z,2026-08-17T18:48:05Z,
123.231.14.147,ipv4,ssh-brute-force,high,WHITE,blocklist.de/ssh|blocklist.de/all|ziyadnz/hourly-ipv4,blocklist.de|ssh|bot|irc-bot|brute-force|ziyadnz|hourly,2026-08-17T18:48:05Z,2026-08-17T18:48:05Z,
123.244.62.87,ipv4,ssh-brute-force,high,WHITE,blocklist.de/ssh|blocklist.de/all|ziyadnz/hourly-ipv4,blocklist.de|ssh|bot|irc-bot|brute-force|ziyadnz|hourly,2026-08-17T18:48:05Z,2026-08-17T18:48:05Z,
123.25.115.112,ipv4,ssh-brute-force,high,WHITE,blocklist.de/ssh|blocklist.de/all|ziyadnz/hourly-ipv4,blocklist.de|ssh|bot|irc-bot|brute-force|ziyadnz|hourly,2026-08-17T18:48:05Z,2026-08-17T18:48:05Z,
123.25.115.189,ipv4,ssh-brute-force,high,WHITE,blocklist.de/ssh|blocklist.de/all|ziyadnz/hourly-ipv4,blocklist.de|ssh|bot|irc-bot|brute-force|ziyadnz|hourly,2026-08-17T18:48:05Z,2026-08-17T18:48:05Z,
123.252.13.171,ipv4,ssh-brute-force,high,WHITE,blocklist.de/ssh|blocklist.de/all|ziyadnz/hourly-ipv4,blocklist.de|ssh|bot|irc-bot|brute-force|ziyadnz|hourly,2026-08-17T18:48:05Z,2026-08-17T18:48:05Z,
123.253.162.254,ipv4,ssh-brute-force,high,WHITE,blocklist.de/ssh|blocklist.de/all|ziyadnz/hourly-ipv4,blocklist.de|ssh|bot|irc-bot|brute-force|ziyadnz|hourly,2026-08-17T18:48:05Z,2026-08-17T18:48:05Z,
123.54.215.74,ipv4,ssh-brute-force,high,WHITE,blocklist.de/ssh|blocklist.de/all|ziyadnz/hourly-ipv4,blocklist.de|ssh|bot|irc-bot|brute-force|ziyadnz|hourly,2026-08-17T18:48:05Z,2026-08-17T18:48:05Z,
123.56.24.159,ipv4,ssh-brute-force,high,WHITE,blocklist.de/ssh|blocklist.de/all|ziyadnz/hourly-ipv4,blocklist.de|ssh|bot|irc-bot|brute-force|ziyadnz|hourly,2026-08-17T18:48:05Z,2026-08-17T18:48:05Z,
123.58.198.35,ipv4,ssh-brute-force,high,WHITE,blocklist.de/ssh|blocklist.de/all|ziyadnz/hourly-ipv4,blocklist.de|ssh|bot|irc-bot|brute-force|ziyadnz|hourly,2026-08-17T18:48:05Z,2026-08-17T18:48:05Z,
123.58.210.86,ipv4,ssh-brute-force,high,WHITE,blocklist.de/ssh|blocklist.de/all|ziyadnz/hourly-ipv4,blocklist.de|ssh|bot|irc-bot|brute-force|ziyadnz|hourly,2026-08-17T18:48:05Z,2026-08-17T18:48:05Z,
123.58.213.128,ipv4,ssh-brute-force,high,WHITE,blocklist.de/ssh|blocklist.de/all|ziyadnz/hourly-ipv4,blocklist.de|ssh|bot|irc-bot|brute-force|ziyadnz|hourly,2026-08-17T18:48:05Z,2026-08-17T18:48:05Z,
123.58.215.196,ipv4,ssh-brute-force,high,WHITE,blocklist.de/ssh|blocklist.de/all|ziyadnz/hourly-ipv4,blocklist.de|ssh|bot|irc-bot|brute-force|ziyadnz|hourly,2026-08-17T18:48:05Z,2026-08-17T18:48:05Z,
124.111.66.10,ipv4,ssh-brute-force,high,WHITE,blocklist.de/ssh|blocklist.de/all|ziyadnz/hourly-ipv4,blocklist.de|ssh|bot|irc-bot|brute-force|ziyadnz|hourly,2026-08-17T18:48:05Z,2026-08-17T18:48:05Z,
124.123.125.62,ipv4,ssh-brute-force,high,WHITE,blocklist.de/ssh|blocklist.de/all|ziyadnz/hourly-ipv4,blocklist.de|ssh|bot|irc-bot|brute-force|ziyadnz|hourly,2026-08-17T18:48:05Z,2026-08-17T18:48:05Z,
124.155.125.131,ipv4,ssh-brute-force,high,WHITE,blocklist.de/ssh|blocklist.de/all|ziyadnz/hourly-ipv4,blocklist.de|ssh|bot|irc-bot|brute-force|ziyadnz|hourly,2026-08-17T18:48:05Z,2026-08-17T18:48:05Z,
124.156.119.92,ipv4,ssh-brute-force,high,WHITE,blocklist.de/ssh|blocklist.de/all|ziyadnz/hourly-ipv4,blocklist.de|ssh|bot|irc-bot|brute-force|ziyadnz|hourly,2026-08-17T18:48:05Z,2026-08-17T18:48:05Z,
124.156.173.135,ipv4,ssh-brute-force,high,WHITE,blocklist.de/ssh|blocklist.de/all|ziyadnz/hourly-ipv4,blocklist.de|ssh|bot|irc-bot|brute-force|ziyadnz|hourly,2026-08-17T18:48:05Z,2026-08-17T18:48:05Z,
124.158.124.67,ipv4,ssh-brute-force,high,WHITE,blocklist.de/ssh|blocklist.de/all|ziyadnz/hourly-ipv4,blocklist.de|ssh|bot|irc-bot|brute-force|ziyadnz|hourly,2026-08-17T18:48:05Z,2026-08-17T18:48:05Z,
124.161.224.81,ipv4,ssh-brute-force,high,WHITE,blocklist.de/ssh|blocklist.de/all|ziyadnz/hourly-ipv4,blocklist.de|ssh|bot|irc-bot|brute-force|ziyadnz|hourly,2026-08-17T18:48:05Z,2026-08-17T18:48:05Z,
124.174.14.174,ipv4,ssh-brute-force,high,WHITE,blocklist.de/ssh|blocklist.de/all|ziyadnz/hourly-ipv4,blocklist.de|ssh|bot|irc-bot|brute-force|ziyadnz|hourly,2026-08-17T18:48:05Z,2026-08-17T18:48:05Z,
124.174.58.106,ipv4,ssh-brute-force,high,WHITE,blocklist.de/ssh|blocklist.de/all|ziyadnz/hourly-ipv4,blocklist.de|ssh|bot|irc-bot|brute-force|ziyadnz|hourly,2026-08-17T18:48:05Z,2026-08-17T18:48:05Z,
124.174.77.133,ipv4,ssh-brute-force,high,WHITE,blocklist.de/ssh|blocklist.de/all|ziyadnz/hourly-ipv4,blocklist.de|ssh|bot|irc-bot|brute-force|ziyadnz|hourly,2026-08-17T18:48:05Z,2026-08-17T18:48:05Z,
124.18.182.99,ipv4,ssh-brute-force,high,WHITE,blocklist.de/ssh|blocklist.de/all|ziyadnz/hourly-ipv4,blocklist.de|ssh|bot|irc-bot|brute-force|ziyadnz|hourly,2026-08-17T18:48:05Z,2026-08-17T18:48:05Z,
124.193.81.23,ipv4,ssh-brute-force,high,WHITE,blocklist.de/ssh|blocklist.de/all|ziyadnz/hourly-ipv4,blocklist.de|ssh|bot|irc-bot|brute-force|ziyadnz|hourly,2026-08-17T18:48:05Z,2026-08-17T18:48:05Z,
124.198.132.71,ipv4,ssh-brute-force,high,WHITE,blocklist.de/ssh|blocklist.de/all|ziyadnz/hourly-ipv4,blocklist.de|ssh|bot|irc-bot|brute-force|ziyadnz|hourly,2026-08-17T18:48:05Z,2026-08-17T18:48:05Z,
124.205.141.215,ipv4,ssh-brute-force,high,WHITE,blocklist.de/ssh|blocklist.de/all|ziyadnz/hourly-ipv4,blocklist.de|ssh|bot|irc-bot|brute-force|ziyadnz|hourly,2026-08-17T18:48:05Z,2026-08-17T18:48:05Z,
124.217.120.196,ipv4,ssh-brute-force,high,WHITE,blocklist.de/ssh|blocklist.de/all|ziyadnz/hourly-ipv4,blocklist.de|ssh|bot|irc-bot|brute-force|ziyadnz|hourly,2026-08-17T18:48:05Z,2026-08-17T18:48:05Z,
124.221.157.197,ipv4,ssh-brute-force,high,WHITE,blocklist.de/ssh|blocklist.de/all|ziyadnz/hourly-ipv4,blocklist.de|ssh|bot|irc-bot|brute-force|ziyadnz|hourly,2026-08-17T18:48:05Z,2026-08-17T18:48:05Z,
124.221.99.237,ipv4,ssh-brute-force,high,WHITE,blocklist.de/ssh|blocklist.de/all|ziyadnz/hourly-ipv4,blocklist.de|ssh|bot|irc-bot|brute-force|ziyadnz|hourly,2026-08-17T18:48:05Z,2026-08-17T18:48:05Z,
124.226.216.189,ipv4,ssh-brute-force,high,WHITE,blocklist.de/ssh|blocklist.de/all|ziyadnz/hourly-ipv4,blocklist.de|ssh|bot|irc-bot|brute-force|ziyadnz|hourly,2026-08-17T18:48:05Z,2026-08-17T18:48:05Z,
124.239.153.90,ipv4,ssh-brute-force,high,WHITE,blocklist.de/ssh|blocklist.de/all|ziyadnz/hourly-ipv4,blocklist.de|ssh|bot|irc-bot|brute-force|ziyadnz|hourly,2026-08-17T18:48:05Z,2026-08-17T18:48:05Z,
124.251.110.186,ipv4,ssh-brute-force,high,WHITE,blocklist.de/ssh|blocklist.de/all|ziyadnz/hourly-ipv4,blocklist.de|ssh|bot|irc-bot|brute-force|ziyadnz|hourly,2026-08-17T18:48:05Z,2026-08-17T18:48:05Z,
124.56.22.15,ipv4,ssh-brute-force,high,WHITE,blocklist.de/ssh|blocklist.de/all|ziyadnz/hourly-ipv4,blocklist.de|ssh|bot|irc-bot|brute-force|ziyadnz|hourly,2026-08-17T18:48:05Z,2026-08-17T18:48:05Z,
124.70.97.100,ipv4,ssh-brute-force,high,WHITE,blocklist.de/ssh|blocklist.de/all|ziyadnz/hourly-ipv4,blocklist.de|ssh|bot|irc-bot|brute-force|ziyadnz|hourly,2026-08-17T18:48:05Z,2026-08-17T18:48:05Z,
125.122.37.247,ipv4,ssh-brute-force,high,WHITE,blocklist.de/ssh|blocklist.de/all|ziyadnz/hourly-ipv4,blocklist.de|ssh|bot|irc-bot|brute-force|ziyadnz|hourly,2026-08-17T18:48:05Z,2026-08-17T18:48:05Z,
125.122.39.115,ipv4,ssh-brute-force,high,WHITE,blocklist.de/ssh|blocklist.de/all|ziyadnz/hourly-ipv4,blocklist.de|ssh|bot|irc-bot|brute-force|ziyadnz|hourly,2026-08-17T18:48:05Z,2026-08-17T18:48:05Z,
125.122.39.118,ipv4,ssh-brute-force,high,WHITE,blocklist.de/ssh|blocklist.de/all|ziyadnz/hourly-ipv4,blocklist.de|ssh|bot|irc-bot|brute-force|ziyadnz|hourly,2026-08-17T18:48:05Z,2026-08-17T18:48:05Z,
125.124.175.173,ipv4,ssh-brute-force,high,WHITE,blocklist.de/ssh|blocklist.de/all|ziyadnz/hourly-ipv4,blocklist.de|ssh|bot|irc-bot|brute-force|ziyadnz|hourly,2026-08-17T18:48:05Z,2026-08-17T18:48:05Z,
125.124.226.217,ipv4,ssh-brute-force,high,WHITE,blocklist.de/ssh|blocklist.de/all|ziyadnz/hourly-ipv4,blocklist.de|ssh|bot|irc-bot|brute-force|ziyadnz|hourly,2026-08-17T18:48:05Z,2026-08-17T18:48:05Z,
125.129.127.204,ipv4,ssh-brute-force,high,WHITE,blocklist.de/ssh|blocklist.de/all|ziyadnz/hourly-ipv4,blocklist.de|ssh|bot|irc-bot|brute-force|ziyadnz|hourly,2026-08-17T18:48:05Z,2026-08-17T18:48:05Z,
125.142.37.91,ipv4,ssh-brute-force,high,WHITE,blocklist.de/ssh|blocklist.de/all|ziyadnz/hourly-ipv4,blocklist.de|ssh|bot|irc-bot|brute-force|ziyadnz|hourly,2026-08-17T18:48:05Z,2026-08-17T18:48:05Z,
125.162.245.47,ipv4,ssh-brute-force,high,WHITE,blocklist.de/ssh|blocklist.de/all|ziyadnz/hourly-ipv4,blocklist.de|ssh|bot|irc-bot|brute-force|ziyadnz|hourly,2026-08-17T18:48:05Z,2026-08-17T18:48:05Z,
125.165.108.103,ipv4,ssh-brute-force,high,WHITE,blocklist.de/ssh|blocklist.de/all|ziyadnz/hourly-ipv4,blocklist.de|ssh|bot|irc-bot|brute-force|ziyadnz|hourly,2026-08-17T18:48:05Z,2026-08-17T18:48:05Z,
125.18.147.181,ipv4,ssh-brute-force,high,WHITE,blocklist.de/ssh|blocklist.de/all|ziyadnz/hourly-ipv4,blocklist.de|ssh|bot|irc-bot|brute-force|ziyadnz|hourly,2026-08-17T18:48:05Z,2026-08-17T18:48:05Z,
125.181.52.208,ipv4,ssh-brute-force,high,WHITE,blocklist.de/ssh|blocklist.de/all|ziyadnz/hourly-ipv4,blocklist.de|ssh|bot|irc-bot|brute-force|ziyadnz|hourly,2026-08-17T18:48:05Z,2026-08-17T18:48:05Z,
125.212.217.143,ipv4,ssh-brute-force,high,WHITE,blocklist.de/ssh|blocklist.de/all|ziyadnz/hourly-ipv4,blocklist.de|ssh|bot|irc-bot|brute-force|ziyadnz|hourly,2026-08-17T18:48:05Z,2026-08-17T18:48:05Z,
125.212.235.194,ipv4,ssh-brute-force,high,WHITE,blocklist.de/ssh|blocklist.de/all|ziyadnz/hourly-ipv4,blocklist.de|ssh|bot|irc-bot|brute-force|ziyadnz|hourly,2026-08-17T18:48:05Z,2026-08-17T18:48:05Z,
125.215.52.45,ipv4,ssh-brute-force,high,WHITE,blocklist.de/ssh|blocklist.de/all|ziyadnz/hourly-ipv4,blocklist.de|ssh|bot|irc-bot|brute-force|ziyadnz|hourly,2026-08-17T18:48:05Z,2026-08-17T18:48:05Z,
125.227.156.55,ipv4,ssh-brute-force,high,WHITE,blocklist.de/ssh|blocklist.de/all|ziyadnz/hourly-ipv4,blocklist.de|ssh|bot|irc-bot|brute-force|ziyadnz|hourly,2026-08-17T18:48:05Z,2026-08-17T18:48:05Z,
125.77.73.145,ipv4,ssh-brute-force,high,WHITE,blocklist.de/ssh|blocklist.de/all|ziyadnz/hourly-ipv4,blocklist.de|ssh|bot|irc-bot|brute-force|ziyadnz|hourly,2026-08-17T18:48:05Z,2026-08-17T18:48:05Z,
125.88.225.11,ipv4,ssh-brute-force,high,WHITE,blocklist.de/ssh|blocklist.de/all|ziyadnz/hourly-ipv4,blocklist.de|ssh|bot|irc-bot|brute-force|ziyadnz|hourly,2026-08-17T18:48:05Z,2026-08-17T18:48:05Z,
125.91.33.72,ipv4,ssh-brute-force,high,WHITE,blocklist.de/ssh|blocklist.de/all|ziyadnz/hourly-ipv4,blocklist.de|ssh|bot|irc-bot|brute-force|ziyadnz|hourly,2026-08-17T18:48:05Z,2026-08-17T18:48:05Z,
125.91.35.169,ipv4,ssh-brute-force,high,WHITE,blocklist.de/ssh|blocklist.de/all|ziyadnz/hourly-ipv4,blocklist.de|ssh|bot|irc-bot|brute-force|ziyadnz|hourly,2026-08-17T18:48:05Z,2026-08-17T18:48:05Z,
128.1.38.105,ipv4,ssh-brute-force,high,WHITE,blocklist.de/ssh|blocklist.de/all|ziyadnz/hourly-ipv4,blocklist.de|ssh|bot|irc-bot|brute-force|ziyadnz|hourly,2026-08-17T18:48:05Z,2026-08-17T18:48:05Z,
128.1.46.183,ipv4,ssh-brute-force,high,WHITE,blocklist.de/ssh|blocklist.de/all|ziyadnz/hourly-ipv4,blocklist.de|ssh|bot|irc-bot|brute-force|ziyadnz|hourly,2026-08-17T18:48:05Z,2026-08-17T18:48:05Z,
128.1.48.152,ipv4,ssh-brute-force,high,WHITE,blocklist.de/ssh|blocklist.de/all|ziyadnz/hourly-ipv4,blocklist.de|ssh|bot|irc-bot|brute-force|ziyadnz|hourly,2026-08-17T18:48:05Z,2026-08-17T18:48:05Z,
128.14.225.164,ipv4,ssh-brute-force,high,WHITE,blocklist.de/ssh|blocklist.de/all|ziyadnz/hourly-ipv4,blocklist.de|ssh|bot|irc-bot|brute-force|ziyadnz|hourly,2026-08-17T18:48:05Z,2026-08-17T18:48:05Z,
128.14.237.154,ipv4,ssh-brute-force,high,WHITE,blocklist.de/ssh|blocklist.de/all|ziyadnz/hourly-ipv4,blocklist.de|ssh|bot|irc-bot|brute-force|ziyadnz|hourly,2026-08-17T18:48:05Z,2026-08-17T18:48:05Z,
128.199.109.198,ipv4,ssh-brute-force,high,WHITE,blocklist.de/ssh|blocklist.de/all|ziyadnz/hourly-ipv4,blocklist.de|ssh|bot|irc-bot|brute-force|ziyadnz|hourly,2026-08-17T18:48:05Z,2026-08-17T18:48:05Z,
128.199.71.135,ipv4,ssh-brute-force,high,WHITE,blocklist.de/ssh|blocklist.de/all|ziyadnz/hourly-ipv4,blocklist.de|ssh|bot|irc-bot|brute-force|ziyadnz|hourly,2026-08-17T18:48:05Z,2026-08-17T18:48:05Z,
128.199.8.140,ipv4,ssh-brute-force,high,WHITE,blocklist.de/ssh|blocklist.de/all|ziyadnz/hourly-ipv4,blocklist.de|ssh|bot|irc-bot|brute-force|ziyadnz|hourly,2026-08-17T18:48:05Z,2026-08-17T18:48:05Z,
128.199.8.182,ipv4,ssh-brute-force,high,WHITE,blocklist.de/ssh|blocklist.de/all|ziyadnz/hourly-ipv4,blocklist.de|ssh|bot|irc-bot|brute-force|ziyadnz|hourly,2026-08-17T18:48:05Z,2026-08-17T18:48:05Z,
128.201.9.152,ipv4,ssh-brute-force,high,WHITE,blocklist.de/ssh|blocklist.de/all|ziyadnz/hourly-ipv4,blocklist.de|ssh|bot|irc-bot|brute-force|ziyadnz|hourly,2026-08-17T18:48:05Z,2026-08-17T18:48:05Z,
129.121.114.179,ipv4,ssh-brute-force,high,WHITE,blocklist.de/ssh|blocklist.de/all|ziyadnz/hourly-ipv4,blocklist.de|ssh|bot|irc-bot|brute-force|ziyadnz|hourly,2026-08-17T18:48:05Z,2026-08-17T18:48:05Z,
129.121.114.225,ipv4,ssh-brute-force,high,WHITE,blocklist.de/ssh|blocklist.de/all|ziyadnz/hourly-ipv4,blocklist.de|ssh|bot|irc-bot|brute-force|ziyadnz|hourly,2026-08-17T18:48:05Z,2026-08-17T18:48:05Z,
129.121.123.165,ipv4,ssh-brute-force,high,WHITE,blocklist.de/ssh|blocklist.de/all|ziyadnz/hourly-ipv4,blocklist.de|ssh|bot|irc-bot|brute-force|ziyadnz|hourly,2026-08-17T18:48:05Z,2026-08-17T18:48:05Z,
129.121.73.113,ipv4,ssh-brute-force,high,WHITE,blocklist.de/ssh|blocklist.de/all|ziyadnz/hourly-ipv4,blocklist.de|ssh|bot|irc-bot|brute-force|ziyadnz|hourly,2026-08-17T18:48:05Z,2026-08-17T18:48:05Z,
129.121.75.215,ipv4,ssh-brute-force,high,WHITE,blocklist.de/ssh|blocklist.de/all|ziyadnz/hourly-ipv4,blocklist.de|ssh|bot|irc-bot|brute-force|ziyadnz|hourly,2026-08-17T18:48:05Z,2026-08-17T18:48:05Z,
129.146.123.189,ipv4,ssh-brute-force,high,WHITE,blocklist.de/ssh|blocklist.de/all|ziyadnz/hourly-ipv4,blocklist.de|ssh|bot|irc-bot|brute-force|ziyadnz|hourly,2026-08-17T18:48:05Z,2026-08-17T18:48:05Z,
129.153.145.135,ipv4,ssh-brute-force,high,WHITE,blocklist.de/ssh|blocklist.de/all|ziyadnz/hourly-ipv4,blocklist.de|ssh|bot|irc-bot|brute-force|ziyadnz|hourly,2026-08-17T18:48:05Z,2026-08-17T18:48:05Z,
129.212.184.120,ipv4,ssh-brute-force,high,WHITE,blocklist.de/ssh|blocklist.de/all|ziyadnz/hourly-ipv4,blocklist.de|ssh|bot|irc-bot|brute-force|ziyadnz|hourly,2026-08-17T18:48:05Z,2026-08-17T18:48:05Z,
129.212.239.56,ipv4,ssh-brute-force,high,WHITE,blocklist.de/ssh|blocklist.de/all|ziyadnz/hourly-ipv4,blocklist.de|ssh|bot|irc-bot|brute-force|ziyadnz|hourly,2026-08-17T18:48:05Z,2026-08-17T18:48:05Z,
129.226.200.18,ipv4,ssh-brute-force,high,WHITE,blocklist.de/ssh|blocklist.de/all|ziyadnz/hourly-ipv4,blocklist.de|ssh|bot|irc-bot|brute-force|ziyadnz|hourly,2026-08-17T18:48:05Z,2026-08-17T18:48:05Z,
129.80.200.33,ipv4,ssh-brute-force,high,WHITE,blocklist.de/ssh|blocklist.de/all|ziyadnz/hourly-ipv4,blocklist.de|ssh|bot|irc-bot|brute-force|ziyadnz|hourly,2026-08-17T18:48:05Z,2026-08-17T18:48:05Z,
13.140.137.148,ipv4,ssh-brute-force,high,WHITE,blocklist.de/ssh|blocklist.de/all|ziyadnz/hourly-ipv4,blocklist.de|ssh|bot|irc-bot|brute-force|ziyadnz|hourly,2026-08-17T18:48:05Z,2026-08-17T18:48:05Z,
13.218.90.220,ipv4,ssh-brute-force,high,WHITE,blocklist.de/ssh|blocklist.de/all|ziyadnz/hourly-ipv4,blocklist.de|ssh|bot|irc-bot|brute-force|ziyadnz|hourly,2026-08-17T18:48:05Z,2026-08-17T18:48:05Z,
13.232.182.230,ipv4,ssh-brute-force,high,WHITE,blocklist.de/ssh|blocklist.de/all|ziyadnz/hourly-ipv4,blocklist.de|ssh|bot|irc-bot|brute-force|ziyadnz|hourly,2026-08-17T18:48:05Z,2026-08-17T18:48:05Z,
13.56.138.99,ipv4,ssh-brute-force,high,WHITE,blocklist.de/ssh|blocklist.de/all|ziyadnz/hourly-ipv4,blocklist.de|ssh|bot|irc-bot|brute-force|ziyadnz|hourly,2026-08-17T18:48:05Z,2026-08-17T18:48:05Z,
13.71.92.229,ipv4,ssh-brute-force,high,WHITE,blocklist.de/ssh|blocklist.de/all|ziyadnz/hourly-ipv4,blocklist.de|ssh|bot|irc-bot|brute-force|ziyadnz|hourly,2026-08-17T18:48:05Z,2026-08-17T18:48:05Z,
13.83.161.81,ipv4,ssh-brute-force,high,WHITE,blocklist.de/ssh|blocklist.de/all|ziyadnz/hourly-ipv4,blocklist.de|ssh|bot|irc-bot|brute-force|ziyadnz|hourly,2026-08-17T18:48:05Z,2026-08-17T18:48:05Z,
13.94.39.162,ipv4,ssh-brute-force,high,WHITE,blocklist.de/ssh|blocklist.de/all|ziyadnz/hourly-ipv4,blocklist.de|ssh|bot|irc-bot|brute-force|ziyadnz|hourly,2026-08-17T18:48:05Z,2026-08-17T18:48:05Z,
130.12.180.107,ipv4,ssh-brute-force,high,WHITE,blocklist.de/ssh|blocklist.de/all|ziyadnz/hourly-ipv4,blocklist.de|ssh|bot|irc-bot|brute-force|ziyadnz|hourly,2026-08-17T18:48:05Z,2026-08-17T18:48:05Z,
130.12.180.51,ipv4,ssh-brute-force,high,WHITE,blocklist.de/ssh|blocklist.de/all|ziyadnz/hourly-ipv4,blocklist.de|ssh|bot|irc-bot|brute-force|ziyadnz|hourly,2026-08-17T18:48:05Z,2026-08-17T18:48:05Z,
130.12.181.21,ipv4,ssh-brute-force,high,WHITE,blocklist.de/ssh|blocklist.de/all|ziyadnz/hourly-ipv4,blocklist.de|ssh|bot|irc-bot|brute-force|ziyadnz|hourly,2026-08-17T18:48:05Z,2026-08-17T18:48:05Z,
130.12.181.23,ipv4,ssh-brute-force,high,WHITE,blocklist.de/ssh|blocklist.de/all|ziyadnz/hourly-ipv4,blocklist.de|ssh|bot|irc-bot|brute-force|ziyadnz|hourly,2026-08-17T18:48:05Z,2026-08-17T18:48:05Z,
130.12.182.107,ipv4,ssh-brute-force,high,WHITE,blocklist.de/ssh|blocklist.de/all|ziyadnz/hourly-ipv4,blocklist.de|ssh|bot|irc-bot|brute-force|ziyadnz|hourly,2026-08-17T18:48:05Z,2026-08-17T18:48:05Z,
130.12.182.231,ipv4,ssh-brute-force,high,WHITE,blocklist.de/ssh|blocklist.de/all|ziyadnz/hourly-ipv4,blocklist.de|ssh|bot|irc-bot|brute-force|ziyadnz|hourly,2026-08-17T18:48:05Z,2026-08-17T18:48:05Z,
130.12.209.134,ipv4,ssh-brute-force,high,WHITE,blocklist.de/ssh|blocklist.de/all|ziyadnz/hourly-ipv4,blocklist.de|ssh|bot|irc-bot|brute-force|ziyadnz|hourly,2026-08-17T18:48:05Z,2026-08-17T18:48:05Z,
130.12.209.146,ipv4,ssh-brute-force,high,WHITE,blocklist.de/ssh|blocklist.de/all|ziyadnz/hourly-ipv4,blocklist.de|ssh|bot|irc-bot|brute-force|ziyadnz|hourly,2026-08-17T18:48:05Z,2026-08-17T18:48:05Z,
130.131.220.95,ipv4,ssh-brute-force,high,WHITE,blocklist.de/ssh|blocklist.de/all|ziyadnz/hourly-ipv4,blocklist.de|ssh|bot|irc-bot|brute-force|ziyadnz|hourly,2026-08-17T18:48:05Z,2026-08-17T18:48:05Z,
130.185.123.68,ipv4,ssh-brute-force,high,WHITE,blocklist.de/ssh|blocklist.de/all|ziyadnz/hourly-ipv4,blocklist.de|ssh|bot|irc-bot|brute-force|ziyadnz|hourly,2026-08-17T18:48:05Z,2026-08-17T18:48:05Z,
130.185.72.198,ipv4,ssh-brute-force,high,WHITE,blocklist.de/ssh|blocklist.de/all|ziyadnz/hourly-ipv4,blocklist.de|ssh|bot|irc-bot|brute-force|ziyadnz|hourly,2026-08-17T18:48:05Z,2026-08-17T18:48:05Z,
130.49.166.67,ipv4,ssh-brute-force,high,WHITE,blocklist.de/ssh|blocklist.de/all|ziyadnz/hourly-ipv4,blocklist.de|ssh|bot|irc-bot|brute-force|ziyadnz|hourly,2026-08-17T18:48:05Z,2026-08-17T18:48:05Z,
131.100.242.102,ipv4,ssh-brute-force,high,WHITE,blocklist.de/ssh|blocklist.de/all|ziyadnz/hourly-ipv4,blocklist.de|ssh|bot|irc-bot|brute-force|ziyadnz|hourly,2026-08-17T18:48:05Z,2026-08-17T18:48:05Z,
131.161.249.165,ipv4,ssh-brute-force,high,WHITE,blocklist.de/ssh|blocklist.de/all|ziyadnz/hourly-ipv4,blocklist.de|ssh|bot|irc-bot|brute-force|ziyadnz|hourly,2026-08-17T18:48:05Z,2026-08-17T18:48:05Z,
131.221.65.249,ipv4,ssh-brute-force,high,WHITE,blocklist.de/ssh|blocklist.de/all|ziyadnz/hourly-ipv4,blocklist.de|ssh|bot|irc-bot|brute-force|ziyadnz|hourly,2026-08-17T18:48:05Z,2026-08-17T18:48:05Z,
132.226.105.224,ipv4,ssh-brute-force,high,WHITE,blocklist.de/ssh|blocklist.de/all|ziyadnz/hourly-ipv4,blocklist.de|ssh|bot|irc-bot|brute-force|ziyadnz|hourly,2026-08-17T18:48:05Z,2026-08-17T18:48:05Z,
132.243.222.137,ipv4,ssh-brute-force,high,WHITE,blocklist.de/ssh|blocklist.de/all|ziyadnz/hourly-ipv4,blocklist.de|ssh|bot|irc-bot|brute-force|ziyadnz|hourly,2026-08-17T18:48:05Z,2026-08-17T18:48:05Z,
132.251.135.107,ipv4,ssh-brute-force,high,WHITE,blocklist.de/ssh|blocklist.de/all|ziyadnz/hourly-ipv4,blocklist.de|ssh|bot|irc-bot|brute-force|ziyadnz|hourly,2026-08-17T18:48:05Z,2026-08-17T18:48:05Z,
132.255.113.136,ipv4,ssh-brute-force,high,WHITE,blocklist.de/ssh|blocklist.de/all|ziyadnz/hourly-ipv4,blocklist.de|ssh|bot|irc-bot|brute-force|ziyadnz|hourly,2026-08-17T18:48:05Z,2026-08-17T18:48:05Z,
133.18.114.188,ipv4,ssh-brute-force,high,WHITE,blocklist.de/ssh|blocklist.de/all|ziyadnz/hourly-ipv4,blocklist.de|ssh|bot|irc-bot|brute-force|ziyadnz|hourly,2026-08-17T18:48:05Z,2026-08-17T18:48:05Z,
134.112.56.47,ipv4,ssh-brute-force,high,WHITE,blocklist.de/ssh|blocklist.de/all|ziyadnz/hourly-ipv4,blocklist.de|ssh|bot|irc-bot|brute-force|ziyadnz|hourly,2026-08-17T18:48:05Z,2026-08-17T18:48:05Z,
134.122.119.209,ipv4,ssh-brute-force,high,WHITE,blocklist.de/ssh|blocklist.de/all|ziyadnz/hourly-ipv4,blocklist.de|ssh|bot|irc-bot|brute-force|ziyadnz|hourly,2026-08-17T18:48:05Z,2026-08-17T18:48:05Z,
134.122.125.41,ipv4,ssh-brute-force,high,WHITE,blocklist.de/ssh|blocklist.de/all|ziyadnz/hourly-ipv4,blocklist.de|ssh|bot|irc-bot|brute-force|ziyadnz|hourly,2026-08-17T18:48:05Z,2026-08-17T18:48:05Z,
134.122.19.98,ipv4,ssh-brute-force,high,WHITE,blocklist.de/ssh|blocklist.de/all|ziyadnz/hourly-ipv4,blocklist.de|ssh|bot|irc-bot|brute-force|ziyadnz|hourly,2026-08-17T18:48:05Z,2026-08-17T18:48:05Z,
134.122.93.100,ipv4,ssh-brute-force,high,WHITE,blocklist.de/ssh|blocklist.de/all|ziyadnz/hourly-ipv4,blocklist.de|ssh|bot|irc-bot|brute-force|ziyadnz|hourly,2026-08-17T18:48:05Z,2026-08-17T18:48:05Z,
134.175.227.38,ipv4,ssh-brute-force,high,WHITE,blocklist.de/ssh|blocklist.de/all|ziyadnz/hourly-ipv4,blocklist.de|ssh|bot|irc-bot|brute-force|ziyadnz|hourly,2026-08-17T18:48:05Z,2026-08-17T18:48:05Z,
134.199.159.137,ipv4,ssh-brute-force,high,WHITE,blocklist.de/ssh|blocklist.de/all|ziyadnz/hourly-ipv4,blocklist.de|ssh|bot|irc-bot|brute-force|ziyadnz|hourly,2026-08-17T18:48:05Z,2026-08-17T18:48:05Z,
134.199.214.200,ipv4,ssh-brute-force,high,WHITE,blocklist.de/ssh|blocklist.de/all|ziyadnz/hourly-ipv4,blocklist.de|ssh|bot|irc-bot|brute-force|ziyadnz|hourly,2026-08-17T18:48:05Z,2026-08-17T18:48:05Z,
134.199.225.41,ipv4,ssh-brute-force,high,WHITE,blocklist.de/ssh|blocklist.de/all|ziyadnz/hourly-ipv4,blocklist.de|ssh|bot|irc-bot|brute-force|ziyadnz|hourly,2026-08-17T18:48:05Z,2026-08-17T18:48:05Z,
134.209.116.251,ipv4,ssh-brute-force,high,WHITE,blocklist.de/ssh|blocklist.de/all|ziyadnz/hourly-ipv4,blocklist.de|ssh|bot|irc-bot|brute-force|ziyadnz|hourly,2026-08-17T18:48:05Z,2026-08-17T18:48:05Z,
134.209.120.216,ipv4,ssh-brute-force,high,WHITE,blocklist.de/ssh|blocklist.de/all|ziyadnz/hourly-ipv4,blocklist.de|ssh|bot|irc-bot|brute-force|ziyadnz|hourly,2026-08-17T18:48:05Z,2026-08-17T18:48:05Z,
134.209.203.178,ipv4,ssh-brute-force,high,WHITE,blocklist.de/ssh|blocklist.de/all|ziyadnz/hourly-ipv4,blocklist.de|ssh|bot|irc-bot|brute-force|ziyadnz|hourly,2026-08-17T18:48:05Z,2026-08-17T18:48:05Z,
135.125.199.17,ipv4,ssh-brute-force,high,WHITE,blocklist.de/ssh|blocklist.de/all|ziyadnz/hourly-ipv4,blocklist.de|ssh|bot|irc-bot|brute-force|ziyadnz|hourly,2026-08-17T18:48:05Z,2026-08-17T18:48:05Z,
135.125.235.107,ipv4,ssh-brute-force,high,WHITE,blocklist.de/ssh|blocklist.de/all|ziyadnz/hourly-ipv4,blocklist.de|ssh|bot|irc-bot|brute-force|ziyadnz|hourly,2026-08-17T18:48:05Z,2026-08-17T18:48:05Z,
135.129.105.134,ipv4,ssh-brute-force,high,WHITE,blocklist.de/ssh|blocklist.de/all|ziyadnz/hourly-ipv4,blocklist.de|ssh|bot|irc-bot|brute-force|ziyadnz|hourly,2026-08-17T18:48:05Z,2026-08-17T18:48:05Z,
135.148.121.204,ipv4,ssh-brute-force,high,WHITE,blocklist.de/ssh|blocklist.de/all|ziyadnz/hourly-ipv4,blocklist.de|ssh|bot|irc-bot|brute-force|ziyadnz|hourly,2026-08-17T18:48:05Z,2026-08-17T18:48:05Z,
135.235.138.43,ipv4,ssh-brute-force,high,WHITE,blocklist.de/ssh|blocklist.de/all|ziyadnz/hourly-ipv4,blocklist.de|ssh|bot|irc-bot|brute-force|ziyadnz|hourly,2026-08-17T18:48:05Z,2026-08-17T18:48:05Z,
135.235.196.148,ipv4,ssh-brute-force,high,WHITE,blocklist.de/ssh|blocklist.de/all|ziyadnz/hourly-ipv4,blocklist.de|ssh|bot|irc-bot|brute-force|ziyadnz|hourly,2026-08-17T18:48:05Z,2026-08-17T18:48:05Z,
135.237.122.43,ipv4,ssh-brute-force,high,WHITE,blocklist.de/ssh|blocklist.de/all|ziyadnz/hourly-ipv4,blocklist.de|ssh|bot|irc-bot|brute-force|ziyadnz|hourly,2026-08-17T18:48:05Z,2026-08-17T18:48:05Z,
136.248.121.226,ipv4,ssh-brute-force,high,WHITE,blocklist.de/ssh|blocklist.de/all|ziyadnz/hourly-ipv4,blocklist.de|ssh|bot|irc-bot|brute-force|ziyadnz|hourly,2026-08-17T18:48:05Z,2026-08-17T18:48:05Z,
136.36.189.65,ipv4,ssh-brute-force,high,WHITE,blocklist.de/ssh|blocklist.de/all|ziyadnz/hourly-ipv4,blocklist.de|ssh|bot|irc-bot|brute-force|ziyadnz|hourly,2026-08-17T18:48:05Z,2026-08-17T18:48:05Z,
137.74.114.131,ipv4,ssh-brute-force,high,WHITE,blocklist.de/ssh|blocklist.de/all|ziyadnz/hourly-ipv4,blocklist.de|ssh|bot|irc-bot|brute-force|ziyadnz|hourly,2026-08-17T18:48:05Z,2026-08-17T18:48:05Z,
138.124.158.150,ipv4,ssh-brute-force,high,WHITE,blocklist.de/ssh|blocklist.de/all|ziyadnz/hourly-ipv4,blocklist.de|ssh|bot|irc-bot|brute-force|ziyadnz|hourly,2026-08-17T18:48:05Z,2026-08-17T18:48:05Z,
138.124.30.187,ipv4,ssh-brute-force,high,WHITE,blocklist.de/ssh|blocklist.de/all|ziyadnz/hourly-ipv4,blocklist.de|ssh|bot|irc-bot|brute-force|ziyadnz|hourly,2026-08-17T18:48:05Z,2026-08-17T18:48:05Z,
138.124.30.225,ipv4,ssh-brute-force,high,WHITE,blocklist.de/ssh|blocklist.de/all|ziyadnz/hourly-ipv4,blocklist.de|ssh|bot|irc-bot|brute-force|ziyadnz|hourly,2026-08-17T18:48:05Z,2026-08-17T18:48:05Z,
138.124.69.150,ipv4,ssh-brute-force,high,WHITE,blocklist.de/ssh|blocklist.de/all|ziyadnz/hourly-ipv4,blocklist.de|ssh|bot|irc-bot|brute-force|ziyadnz|hourly,2026-08-17T18:48:05Z,2026-08-17T18:48:05Z,
138.128.246.94,ipv4,ssh-brute-force,high,WHITE,blocklist.de/ssh|blocklist.de/all|ziyadnz/hourly-ipv4,blocklist.de|ssh|bot|irc-bot|brute-force|ziyadnz|hourly,2026-08-17T18:48:05Z,2026-08-17T18:48:05Z,
138.197.106.115,ipv4,ssh-brute-force,high,WHITE,blocklist.de/ssh|blocklist.de/all|ziyadnz/hourly-ipv4,blocklist.de|ssh|bot|irc-bot|brute-force|ziyadnz|hourly,2026-08-17T18:48:05Z,2026-08-17T18:48:05Z,
138.197.164.175,ipv4,ssh-brute-force,high,WHITE,blocklist.de/ssh|blocklist.de/all|ziyadnz/hourly-ipv4,blocklist.de|ssh|bot|irc-bot|brute-force|ziyadnz|hourly,2026-08-17T18:48:05Z,2026-08-17T18:48:05Z,
138.197.180.155,ipv4,ssh-brute-force,high,WHITE,blocklist.de/ssh|blocklist.de/all|ziyadnz/hourly-ipv4,blocklist.de|ssh|bot|irc-bot|brute-force|ziyadnz|hourly,2026-08-17T18:48:05Z,2026-08-17T18:48:05Z,
138.197.195.44,ipv4,ssh-brute-force,high,WHITE,blocklist.de/ssh|blocklist.de/all|ziyadnz/hourly-ipv4,blocklist.de|ssh|bot|irc-bot|brute-force|ziyadnz|hourly,2026-08-17T18:48:05Z,2026-08-17T18:48:05Z,
138.2.38.49,ipv4,ssh-brute-force,high,WHITE,blocklist.de/ssh|blocklist.de/all|ziyadnz/hourly-ipv4,blocklist.de|ssh|bot|irc-bot|brute-force|ziyadnz|hourly,2026-08-17T18:48:05Z,2026-08-17T18:48:05Z,
138.59.142.13,ipv4,ssh-brute-force,high,WHITE,blocklist.de/ssh|blocklist.de/all|ziyadnz/hourly-ipv4,blocklist.de|ssh|bot|irc-bot|brute-force|ziyadnz|hourly,2026-08-17T18:48:05Z,2026-08-17T18:48:05Z,
138.59.143.238,ipv4,ssh-brute-force,high,WHITE,blocklist.de/ssh|blocklist.de/all|ziyadnz/hourly-ipv4,blocklist.de|ssh|bot|irc-bot|brute-force|ziyadnz|hourly,2026-08-17T18:48:05Z,2026-08-17T18:48:05Z,
138.59.143.84,ipv4,ssh-brute-force,high,WHITE,blocklist.de/ssh|blocklist.de/all|ziyadnz/hourly-ipv4,blocklist.de|ssh|bot|irc-bot|brute-force|ziyadnz|hourly,2026-08-17T18:48:05Z,2026-08-17T18:48:05Z,
138.84.35.98,ipv4,ssh-brute-force,high,WHITE,blocklist.de/ssh|blocklist.de/all|ziyadnz/hourly-ipv4,blocklist.de|ssh|bot|irc-bot|brute-force|ziyadnz|hourly,2026-08-17T18:48:05Z,2026-08-17T18:48:05Z,
138.84.40.0,ipv4,ssh-brute-force,high,WHITE,blocklist.de/ssh|blocklist.de/all|ziyadnz/hourly-ipv4,blocklist.de|ssh|bot|irc-bot|brute-force|ziyadnz|hourly,2026-08-17T18:48:05Z,2026-08-17T18:48:05Z,
138.84.40.37,ipv4,ssh-brute-force,high,WHITE,blocklist.de/ssh|blocklist.de/all|ziyadnz/hourly-ipv4,blocklist.de|ssh|bot|irc-bot|brute-force|ziyadnz|hourly,2026-08-17T18:48:05Z,2026-08-17T18:48:05Z,
138.84.40.81,ipv4,ssh-brute-force,high,WHITE,blocklist.de/ssh|blocklist.de/all|ziyadnz/hourly-ipv4,blocklist.de|ssh|bot|irc-bot|brute-force|ziyadnz|hourly,2026-08-17T18:48:05Z,2026-08-17T18:48:05Z,
138.84.41.16,ipv4,ssh-brute-force,high,WHITE,blocklist.de/ssh|blocklist.de/all|ziyadnz/hourly-ipv4,blocklist.de|ssh|bot|irc-bot|brute-force|ziyadnz|hourly,2026-08-17T18:48:05Z,2026-08-17T18:48:05Z,
138.84.63.136,ipv4,ssh-brute-force,high,WHITE,blocklist.de/ssh|blocklist.de/all|ziyadnz/hourly-ipv4,blocklist.de|ssh|bot|irc-bot|brute-force|ziyadnz|hourly,2026-08-17T18:48:05Z,2026-08-17T18:48:05Z,
139.135.192.180,ipv4,ssh-brute-force,high,WHITE,blocklist.de/ssh|blocklist.de/all|ziyadnz/hourly-ipv4,blocklist.de|ssh|bot|irc-bot|brute-force|ziyadnz|hourly,2026-08-17T18:48:05Z,2026-08-17T18:48:05Z,
139.159.142.7,ipv4,ssh-brute-force,high,WHITE,blocklist.de/ssh|blocklist.de/all|ziyadnz/hourly-ipv4,blocklist.de|ssh|bot|irc-bot|brute-force|ziyadnz|hourly,2026-08-17T18:48:05Z,2026-08-17T18:48:05Z,
139.162.186.99,ipv4,ssh-brute-force,high,WHITE,blocklist.de/ssh|blocklist.de/all|ziyadnz/hourly-ipv4,blocklist.de|ssh|bot|irc-bot|brute-force|ziyadnz|hourly,2026-08-17T18:48:05Z,2026-08-17T18:48:05Z,
139.170.141.170,ipv4,ssh-brute-force,high,WHITE,blocklist.de/ssh|blocklist.de/all|ziyadnz/hourly-ipv4,blocklist.de|ssh|bot|irc-bot|brute-force|ziyadnz|hourly,2026-08-17T18:48:05Z,2026-08-17T18:48:05Z,
139.19.117.130,ipv4,ssh-brute-force,high,WHITE,blocklist.de/ssh|blocklist.de/all|ziyadnz/hourly-ipv4,blocklist.de|ssh|bot|irc-bot|brute-force|ziyadnz|hourly,2026-08-17T18:48:05Z,2026-08-17T18:48:05Z,
139.19.117.131,ipv4,ssh-brute-force,high,WHITE,blocklist.de/ssh|blocklist.de/all|ziyadnz/hourly-ipv4,blocklist.de|ssh|bot|irc-bot|brute-force|ziyadnz|hourly,2026-08-17T18:48:05Z,2026-08-17T18:48:05Z,
139.19.117.197,ipv4,ssh-brute-force,high,WHITE,blocklist.de/ssh|blocklist.de/all|ziyadnz/hourly-ipv4,blocklist.de|ssh|bot|irc-bot|brute-force|ziyadnz|hourly,2026-08-17T18:48:05Z,2026-08-17T18:48:05Z,
139.198.113.29,ipv4,ssh-brute-force,high,WHITE,blocklist.de/ssh|blocklist.de/all|ziyadnz/hourly-ipv4,blocklist.de|ssh|bot|irc-bot|brute-force|ziyadnz|hourly,2026-08-17T18:48:05Z,2026-08-17T18:48:05Z,
139.198.21.205,ipv4,ssh-brute-force,high,WHITE,blocklist.de/ssh|blocklist.de/all|ziyadnz/hourly-ipv4,blocklist.de|ssh|bot|irc-bot|brute-force|ziyadnz|hourly,2026-08-17T18:48:05Z,2026-08-17T18:48:05Z,
139.224.244.145,ipv4,ssh-brute-force,high,WHITE,blocklist.de/ssh|blocklist.de/all|ziyadnz/hourly-ipv4,blocklist.de|ssh|bot|irc-bot|brute-force|ziyadnz|hourly,2026-08-17T18:48:05Z,2026-08-17T18:48:05Z,
139.255.2.146,ipv4,ssh-brute-force,high,WHITE,blocklist.de/ssh|blocklist.de/all|ziyadnz/hourly-ipv4,blocklist.de|ssh|bot|irc-bot|brute-force|ziyadnz|hourly,2026-08-17T18:48:05Z,2026-08-17T18:48:05Z,
139.255.254.163,ipv4,ssh-brute-force,high,WHITE,blocklist.de/ssh|blocklist.de/all|ziyadnz/hourly-ipv4,blocklist.de|ssh|bot|irc-bot|brute-force|ziyadnz|hourly,2026-08-17T18:48:05Z,2026-08-17T18:48:05Z,
139.59.131.24,ipv4,ssh-brute-force,high,WHITE,blocklist.de/ssh|blocklist.de/all|ziyadnz/hourly-ipv4,blocklist.de|ssh|bot|irc-bot|brute-force|ziyadnz|hourly,2026-08-17T18:48:05Z,2026-08-17T18:48:05Z,
139.59.146.150,ipv4,ssh-brute-force,high,WHITE,blocklist.de/ssh|blocklist.de/all|ziyadnz/hourly-ipv4,blocklist.de|ssh|bot|irc-bot|brute-force|ziyadnz|hourly,2026-08-17T18:48:05Z,2026-08-17T18:48:05Z,
139.59.6.237,ipv4,ssh-brute-force,high,WHITE,blocklist.de/ssh|blocklist.de/all|ziyadnz/hourly-ipv4,blocklist.de|ssh|bot|irc-bot|brute-force|ziyadnz|hourly,2026-08-17T18:48:05Z,2026-08-17T18:48:05Z,
139.59.60.142,ipv4,ssh-brute-force,high,WHITE,blocklist.de/ssh|blocklist.de/all|ziyadnz/hourly-ipv4,blocklist.de|ssh|bot|irc-bot|brute-force|ziyadnz|hourly,2026-08-17T18:48:05Z,2026-08-17T18:48:05Z,
139.59.80.46,ipv4,ssh-brute-force,high,WHITE,blocklist.de/ssh|blocklist.de/all|ziyadnz/hourly-ipv4,blocklist.de|ssh|bot|irc-bot|brute-force|ziyadnz|hourly,2026-08-17T18:48:05Z,2026-08-17T18:48:05Z,
14.103.103.211,ipv4,ssh-brute-force,high,WHITE,blocklist.de/ssh|blocklist.de/all|ziyadnz/hourly-ipv4,blocklist.de|ssh|bot|irc-bot|brute-force|ziyadnz|hourly,2026-08-17T18:48:05Z,2026-08-17T18:48:05Z,
14.103.105.246,ipv4,ssh-brute-force,high,WHITE,blocklist.de/ssh|blocklist.de/all|ziyadnz/hourly-ipv4,blocklist.de|ssh|bot|irc-bot|brute-force|ziyadnz|hourly,2026-08-17T18:48:05Z,2026-08-17T18:48:05Z,
14.103.107.221,ipv4,ssh-brute-force,high,WHITE,blocklist.de/ssh|blocklist.de/all|ziyadnz/hourly-ipv4,blocklist.de|ssh|bot|irc-bot|brute-force|ziyadnz|hourly,2026-08-17T18:48:05Z,2026-08-17T18:48:05Z,
14.103.107.229,ipv4,ssh-brute-force,high,WHITE,blocklist.de/ssh|blocklist.de/all|ziyadnz/hourly-ipv4,blocklist.de|ssh|bot|irc-bot|brute-force|ziyadnz|hourly,2026-08-17T18:48:05Z,2026-08-17T18:48:05Z,
14.103.107.234,ipv4,ssh-brute-force,high,WHITE,blocklist.de/ssh|blocklist.de/all|ziyadnz/hourly-ipv4,blocklist.de|ssh|bot|irc-bot|brute-force|ziyadnz|hourly,2026-08-17T18:48:05Z,2026-08-17T18:48:05Z,
14.103.107.26,ipv4,ssh-brute-force,high,WHITE,blocklist.de/ssh|blocklist.de/all|ziyadnz/hourly-ipv4,blocklist.de|ssh|bot|irc-bot|brute-force|ziyadnz|hourly,2026-08-17T18:48:05Z,2026-08-17T18:48:05Z,
14.103.107.29,ipv4,ssh-brute-force,high,WHITE,blocklist.de/ssh|blocklist.de/all|ziyadnz/hourly-ipv4,blocklist.de|ssh|bot|irc-bot|brute-force|ziyadnz|hourly,2026-08-17T18:48:05Z,2026-08-17T18:48:05Z,
14.103.108.102,ipv4,ssh-brute-force,high,WHITE,blocklist.de/ssh|blocklist.de/all|ziyadnz/hourly-ipv4,blocklist.de|ssh|bot|irc-bot|brute-force|ziyadnz|hourly,2026-08-17T18:48:05Z,2026-08-17T18:48:05Z,
14.103.110.123,ipv4,ssh-brute-force,high,WHITE,blocklist.de/ssh|blocklist.de/all|ziyadnz/hourly-ipv4,blocklist.de|ssh|bot|irc-bot|brute-force|ziyadnz|hourly,2026-08-17T18:48:05Z,2026-08-17T18:48:05Z,
14.103.114.244,ipv4,ssh-brute-force,high,WHITE,blocklist.de/ssh|blocklist.de/all|ziyadnz/hourly-ipv4,blocklist.de|ssh|bot|irc-bot|brute-force|ziyadnz|hourly,2026-08-17T18:48:05Z,2026-08-17T18:48:05Z,
14.103.115.182,ipv4,ssh-brute-force,high,WHITE,blocklist.de/ssh|blocklist.de/all|ziyadnz/hourly-ipv4,blocklist.de|ssh|bot|irc-bot|brute-force|ziyadnz|hourly,2026-08-17T18:48:05Z,2026-08-17T18:48:05Z,
14.103.115.25,ipv4,ssh-brute-force,high,WHITE,blocklist.de/ssh|blocklist.de/all|ziyadnz/hourly-ipv4,blocklist.de|ssh|bot|irc-bot|brute-force|ziyadnz|hourly,2026-08-17T18:48:05Z,2026-08-17T18:48:05Z,
14.103.116.87,ipv4,ssh-brute-force,high,WHITE,blocklist.de/ssh|blocklist.de/all|ziyadnz/hourly-ipv4,blocklist.de|ssh|bot|irc-bot|brute-force|ziyadnz|hourly,2026-08-17T18:48:05Z,2026-08-17T18:48:05Z,
14.103.117.73,ipv4,ssh-brute-force,high,WHITE,blocklist.de/ssh|blocklist.de/all|ziyadnz/hourly-ipv4,blocklist.de|ssh|bot|irc-bot|brute-force|ziyadnz|hourly,2026-08-17T18:48:05Z,2026-08-17T18:48:05Z,
14.103.117.84,ipv4,ssh-brute-force,high,WHITE,blocklist.de/ssh|blocklist.de/all|ziyadnz/hourly-ipv4,blocklist.de|ssh|bot|irc-bot|brute-force|ziyadnz|hourly,2026-08-17T18:48:05Z,2026-08-17T18:48:05Z,
14.103.117.86,ipv4,ssh-brute-force,high,WHITE,blocklist.de/ssh|blocklist.de/all|ziyadnz/hourly-ipv4,blocklist.de|ssh|bot|irc-bot|brute-force|ziyadnz|hourly,2026-08-17T18:48:05Z,2026-08-17T18:48:05Z,
14.103.118.106,ipv4,ssh-brute-force,high,WHITE,blocklist.de/ssh|blocklist.de/all|ziyadnz/hourly-ipv4,blocklist.de|ssh|bot|irc-bot|brute-force|ziyadnz|hourly,2026-08-17T18:48:05Z,2026-08-17T18:48:05Z,
14.103.118.121,ipv4,ssh-brute-force,high,WHITE,blocklist.de/ssh|blocklist.de/all|ziyadnz/hourly-ipv4,blocklist.de|ssh|bot|irc-bot|brute-force|ziyadnz|hourly,2026-08-17T18:48:05Z,2026-08-17T18:48:05Z,
14.103.118.136,ipv4,ssh-brute-force,high,WHITE,blocklist.de/ssh|blocklist.de/all|ziyadnz/hourly-ipv4,blocklist.de|ssh|bot|irc-bot|brute-force|ziyadnz|hourly,2026-08-17T18:48:05Z,2026-08-17T18:48:05Z,
14.103.118.140,ipv4,ssh-brute-force,high,WHITE,blocklist.de/ssh|blocklist.de/all|ziyadnz/hourly-ipv4,blocklist.de|ssh|bot|irc-bot|brute-force|ziyadnz|hourly,2026-08-17T18:48:05Z,2026-08-17T18:48:05Z,
14.103.118.186,ipv4,ssh-brute-force,high,WHITE,blocklist.de/ssh|blocklist.de/all|ziyadnz/hourly-ipv4,blocklist.de|ssh|bot|irc-bot|brute-force|ziyadnz|hourly,2026-08-17T18:48:05Z,2026-08-17T18:48:05Z,
14.103.118.189,ipv4,ssh-brute-force,high,WHITE,blocklist.de/ssh|blocklist.de/all|ziyadnz/hourly-ipv4,blocklist.de|ssh|bot|irc-bot|brute-force|ziyadnz|hourly,2026-08-17T18:48:05Z,2026-08-17T18:48:05Z,
14.103.118.198,ipv4,ssh-brute-force,high,WHITE,blocklist.de/ssh|blocklist.de/all|ziyadnz/hourly-ipv4,blocklist.de|ssh|bot|irc-bot|brute-force|ziyadnz|hourly,2026-08-17T18:48:05Z,2026-08-17T18:48:05Z,
14.103.118.61,ipv4,ssh-brute-force,high,WHITE,blocklist.de/ssh|blocklist.de/all|ziyadnz/hourly-ipv4,blocklist.de|ssh|bot|irc-bot|brute-force|ziyadnz|hourly,2026-08-17T18:48:05Z,2026-08-17T18:48:05Z,
14.103.120.152,ipv4,ssh-brute-force,high,WHITE,blocklist.de/ssh|blocklist.de/all|ziyadnz/hourly-ipv4,blocklist.de|ssh|bot|irc-bot|brute-force|ziyadnz|hourly,2026-08-17T18:48:05Z,2026-08-17T18:48:05Z,
14.103.123.169,ipv4,ssh-brute-force,high,WHITE,blocklist.de/ssh|blocklist.de/all|ziyadnz/hourly-ipv4,blocklist.de|ssh|bot|irc-bot|brute-force|ziyadnz|hourly,2026-08-17T18:48:05Z,2026-08-17T18:48:05Z,
14.103.126.104,ipv4,ssh-brute-force,high,WHITE,blocklist.de/ssh|blocklist.de/all|ziyadnz/hourly-ipv4,blocklist.de|ssh|bot|irc-bot|brute-force|ziyadnz|hourly,2026-08-17T18:48:05Z,2026-08-17T18:48:05Z,
14.103.159.154,ipv4,ssh-brute-force,high,WHITE,blocklist.de/ssh|blocklist.de/all|ziyadnz/hourly-ipv4,blocklist.de|ssh|bot|irc-bot|brute-force|ziyadnz|hourly,2026-08-17T18:48:05Z,2026-08-17T18:48:05Z,
14.103.218.183,ipv4,ssh-brute-force,high,WHITE,blocklist.de/ssh|blocklist.de/all|ziyadnz/hourly-ipv4,blocklist.de|ssh|bot|irc-bot|brute-force|ziyadnz|hourly,2026-08-17T18:48:05Z,2026-08-17T18:48:05Z,
14.103.23.3,ipv4,ssh-brute-force,high,WHITE,blocklist.de/ssh|blocklist.de/all|ziyadnz/hourly-ipv4,blocklist.de|ssh|bot|irc-bot|brute-force|ziyadnz|hourly,2026-08-17T18:48:05Z,2026-08-17T18:48:05Z,
14.103.41.249,ipv4,ssh-brute-force,high,WHITE,blocklist.de/ssh|blocklist.de/all|ziyadnz/hourly-ipv4,blocklist.de|ssh|bot|irc-bot|brute-force|ziyadnz|hourly,2026-08-17T18:48:05Z,2026-08-17T18:48:05Z,
14.103.50.128,ipv4,ssh-brute-force,high,WHITE,blocklist.de/ssh|blocklist.de/all|ziyadnz/hourly-ipv4,blocklist.de|ssh|bot|irc-bot|brute-force|ziyadnz|hourly,2026-08-17T18:48:05Z,2026-08-17T18:48:05Z,
14.103.50.32,ipv4,ssh-brute-force,high,WHITE,blocklist.de/ssh|blocklist.de/all|ziyadnz/hourly-ipv4,blocklist.de|ssh|bot|irc-bot|brute-force|ziyadnz|hourly,2026-08-17T18:48:05Z,2026-08-17T18:48:05Z,
14.103.75.9,ipv4,ssh-brute-force,high,WHITE,blocklist.de/ssh|blocklist.de/all|ziyadnz/hourly-ipv4,blocklist.de|ssh|bot|irc-bot|brute-force|ziyadnz|hourly,2026-08-17T18:48:05Z,2026-08-17T18:48:05Z,
14.103.83.214,ipv4,ssh-brute-force,high,WHITE,blocklist.de/ssh|blocklist.de/all|ziyadnz/hourly-ipv4,blocklist.de|ssh|bot|irc-bot|brute-force|ziyadnz|hourly,2026-08-17T18:48:05Z,2026-08-17T18:48:05Z,
14.103.95.175,ipv4,ssh-brute-force,high,WHITE,blocklist.de/ssh|blocklist.de/all|ziyadnz/hourly-ipv4,blocklist.de|ssh|bot|irc-bot|brute-force|ziyadnz|hourly,2026-08-17T18:48:05Z,2026-08-17T18:48:05Z,
14.116.156.100,ipv4,ssh-brute-force,high,WHITE,blocklist.de/ssh|blocklist.de/all|ziyadnz/hourly-ipv4,blocklist.de|ssh|bot|irc-bot|brute-force|ziyadnz|hourly,2026-08-17T18:48:05Z,2026-08-17T18:48:05Z,
14.116.184.171,ipv4,ssh-brute-force,high,WHITE,blocklist.de/ssh|blocklist.de/all|ziyadnz/hourly-ipv4,blocklist.de|ssh|bot|irc-bot|brute-force|ziyadnz|hourly,2026-08-17T18:48:05Z,2026-08-17T18:48:05Z,
14.116.189.74,ipv4,ssh-brute-force,high,WHITE,blocklist.de/ssh|blocklist.de/all|ziyadnz/hourly-ipv4,blocklist.de|ssh|bot|irc-bot|brute-force|ziyadnz|hourly,2026-08-17T18:48:05Z,2026-08-17T18:48:05Z,
14.116.199.188,ipv4,ssh-brute-force,high,WHITE,blocklist.de/ssh|blocklist.de/all|ziyadnz/hourly-ipv4,blocklist.de|ssh|bot|irc-bot|brute-force|ziyadnz|hourly,2026-08-17T18:48:05Z,2026-08-17T18:48:05Z,
14.116.253.211,ipv4,ssh-brute-force,high,WHITE,blocklist.de/ssh|blocklist.de/all|ziyadnz/hourly-ipv4,blocklist.de|ssh|bot|irc-bot|brute-force|ziyadnz|hourly,2026-08-17T18:48:05Z,2026-08-17T18:48:05Z,
14.141.157.218,ipv4,ssh-brute-force,high,WHITE,blocklist.de/ssh|blocklist.de/all|ziyadnz/hourly-ipv4,blocklist.de|ssh|bot|irc-bot|brute-force|ziyadnz|hourly,2026-08-17T18:48:05Z,2026-08-17T18:48:05Z,
14.153.1.12,ipv4,ssh-brute-force,high,WHITE,blocklist.de/ssh|blocklist.de/all|ziyadnz/hourly-ipv4,blocklist.de|ssh|bot|irc-bot|brute-force|ziyadnz|hourly,2026-08-17T18:48:05Z,2026-08-17T18:48:05Z,
14.155.236.203,ipv4,ssh-brute-force,high,WHITE,blocklist.de/ssh|blocklist.de/all|ziyadnz/hourly-ipv4,blocklist.de|ssh|bot|irc-bot|brute-force|ziyadnz|hourly,2026-08-17T18:48:05Z,2026-08-17T18:48:05Z,
14.155.237.228,ipv4,ssh-brute-force,high,WHITE,blocklist.de/ssh|blocklist.de/all|ziyadnz/hourly-ipv4,blocklist.de|ssh|bot|irc-bot|brute-force|ziyadnz|hourly,2026-08-17T18:48:05Z,2026-08-17T18:48:05Z,
14.155.237.25,ipv4,ssh-brute-force,high,WHITE,blocklist.de/ssh|blocklist.de/all|ziyadnz/hourly-ipv4,blocklist.de|ssh|bot|irc-bot|brute-force|ziyadnz|hourly,2026-08-17T18:48:05Z,2026-08-17T18:48:05Z,
14.168.65.12,ipv4,ssh-brute-force,high,WHITE,blocklist.de/ssh|blocklist.de/all|ziyadnz/hourly-ipv4,blocklist.de|ssh|bot|irc-bot|brute-force|ziyadnz|hourly,2026-08-17T18:48:05Z,2026-08-17T18:48:05Z,
14.17.59.195,ipv4,ssh-brute-force,high,WHITE,blocklist.de/ssh|blocklist.de/all|ziyadnz/hourly-ipv4,blocklist.de|ssh|bot|irc-bot|brute-force|ziyadnz|hourly,2026-08-17T18:48:05Z,2026-08-17T18:48:05Z,
14.170.114.17,ipv4,ssh-brute-force,high,WHITE,blocklist.de/ssh|blocklist.de/all|ziyadnz/hourly-ipv4,blocklist.de|ssh|bot|irc-bot|brute-force|ziyadnz|hourly,2026-08-17T18:48:05Z,2026-08-17T18:48:05Z,
14.171.196.239,ipv4,ssh-brute-force,high,WHITE,blocklist.de/ssh|blocklist.de/all|ziyadnz/hourly-ipv4,blocklist.de|ssh|bot|irc-bot|brute-force|ziyadnz|hourly,2026-08-17T18:48:05Z,2026-08-17T18:48:05Z,
14.177.234.46,ipv4,ssh-brute-force,high,WHITE,blocklist.de/ssh|blocklist.de/all|ziyadnz/hourly-ipv4,blocklist.de|ssh|bot|irc-bot|brute-force|ziyadnz|hourly,2026-08-17T18:48:05Z,2026-08-17T18:48:05Z,
14.18.122.98,ipv4,ssh-brute-force,high,WHITE,blocklist.de/ssh|blocklist.de/all|ziyadnz/hourly-ipv4,blocklist.de|ssh|bot|irc-bot|brute-force|ziyadnz|hourly,2026-08-17T18:48:05Z,2026-08-17T18:48:05Z,
14.18.41.55,ipv4,ssh-brute-force,high,WHITE,blocklist.de/ssh|blocklist.de/all|ziyadnz/hourly-ipv4,blocklist.de|ssh|bot|irc-bot|brute-force|ziyadnz|hourly,2026-08-17T18:48:05Z,2026-08-17T18:48:05Z,
14.19.141.77,ipv4,ssh-brute-force,high,WHITE,blocklist.de/ssh|blocklist.de/all|ziyadnz/hourly-ipv4,blocklist.de|ssh|bot|irc-bot|brute-force|ziyadnz|hourly,2026-08-17T18:48:05Z,2026-08-17T18:48:05Z,
14.194.125.58,ipv4,ssh-brute-force,high,WHITE,blocklist.de/ssh|blocklist.de/all|ziyadnz/hourly-ipv4,blocklist.de|ssh|bot|irc-bot|brute-force|ziyadnz|hourly,2026-08-17T18:48:05Z,2026-08-17T18:48:05Z,
14.22.81.14,ipv4,ssh-brute-force,high,WHITE,blocklist.de/ssh|blocklist.de/all|ziyadnz/hourly-ipv4,blocklist.de|ssh|bot|irc-bot|brute-force|ziyadnz|hourly,2026-08-17T18:48:05Z,2026-08-17T18:48:05Z,
14.225.165.177,ipv4,ssh-brute-force,high,WHITE,blocklist.de/ssh|blocklist.de/all|ziyadnz/hourly-ipv4,blocklist.de|ssh|bot|irc-bot|brute-force|ziyadnz|hourly,2026-08-17T18:48:05Z,2026-08-17T18:48:05Z,
14.225.173.146,ipv4,ssh-brute-force,high,WHITE,blocklist.de/ssh|blocklist.de/all|ziyadnz/hourly-ipv4,blocklist.de|ssh|bot|irc-bot|brute-force|ziyadnz|hourly,2026-08-17T18:48:05Z,2026-08-17T18:48:05Z,
14.225.206.171,ipv4,ssh-brute-force,high,WHITE,blocklist.de/ssh|blocklist.de/all|ziyadnz/hourly-ipv4,blocklist.de|ssh|bot|irc-bot|brute-force|ziyadnz|hourly,2026-08-17T18:48:05Z,2026-08-17T18:48:05Z,
14.225.206.187,ipv4,ssh-brute-force,high,WHITE,blocklist.de/ssh|blocklist.de/all|ziyadnz/hourly-ipv4,blocklist.de|ssh|bot|irc-bot|brute-force|ziyadnz|hourly,2026-08-17T18:48:05Z,2026-08-17T18:48:05Z,
14.225.217.138,ipv4,ssh-brute-force,high,WHITE,blocklist.de/ssh|blocklist.de/all|ziyadnz/hourly-ipv4,blocklist.de|ssh|bot|irc-bot|brute-force|ziyadnz|hourly,2026-08-17T18:48:05Z,2026-08-17T18:48:05Z,
14.225.218.99,ipv4,ssh-brute-force,high,WHITE,blocklist.de/ssh|blocklist.de/all|ziyadnz/hourly-ipv4,blocklist.de|ssh|bot|irc-bot|brute-force|ziyadnz|hourly,2026-08-17T18:48:05Z,2026-08-17T18:48:05Z,
14.228.230.150,ipv4,ssh-brute-force,high,WHITE,blocklist.de/ssh|blocklist.de/all|ziyadnz/hourly-ipv4,blocklist.de|ssh|bot|irc-bot|brute-force|ziyadnz|hourly,2026-08-17T18:48:05Z,2026-08-17T18:48:05Z,
14.249.2.54,ipv4,ssh-brute-force,high,WHITE,blocklist.de/ssh|blocklist.de/all|ziyadnz/hourly-ipv4,blocklist.de|ssh|bot|irc-bot|brute-force|ziyadnz|hourly,2026-08-17T18:48:05Z,2026-08-17T18:48:05Z,
14.29.198.130,ipv4,ssh-brute-force,high,WHITE,blocklist.de/ssh|blocklist.de/all|ziyadnz/hourly-ipv4,blocklist.de|ssh|bot|irc-bot|brute-force|ziyadnz|hourly,2026-08-17T18:48:05Z,2026-08-17T18:48:05Z,
14.29.208.128,ipv4,ssh-brute-force,high,WHITE,blocklist.de/ssh|blocklist.de/all|ziyadnz/hourly-ipv4,blocklist.de|ssh|bot|irc-bot|brute-force|ziyadnz|hourly,2026-08-17T18:48:05Z,2026-08-17T18:48:05Z,
14.29.240.154,ipv4,ssh-brute-force,high,WHITE,blocklist.de/ssh|blocklist.de/all|ziyadnz/hourly-ipv4,blocklist.de|ssh|bot|irc-bot|brute-force|ziyadnz|hourly,2026-08-17T18:48:05Z,2026-08-17T18:48:05Z,
14.29.248.43,ipv4,ssh-brute-force,high,WHITE,blocklist.de/ssh|blocklist.de/all|ziyadnz/hourly-ipv4,blocklist.de|ssh|bot|irc-bot|brute-force|ziyadnz|hourly,2026-08-17T18:48:05Z,2026-08-17T18:48:05Z,
14.42.49.70,ipv4,ssh-brute-force,high,WHITE,blocklist.de/ssh|blocklist.de/all|ziyadnz/hourly-ipv4,blocklist.de|ssh|bot|irc-bot|brute-force|ziyadnz|hourly,2026-08-17T18:48:05Z,2026-08-17T18:48:05Z,
14.46.87.209,ipv4,ssh-brute-force,high,WHITE,blocklist.de/ssh|blocklist.de/all|ziyadnz/hourly-ipv4,blocklist.de|ssh|bot|irc-bot|brute-force|ziyadnz|hourly,2026-08-17T18:48:05Z,2026-08-17T18:48:05Z,
14.52.46.79,ipv4,ssh-brute-force,high,WHITE,blocklist.de/ssh|blocklist.de/all|ziyadnz/hourly-ipv4,blocklist.de|ssh|bot|irc-bot|brute-force|ziyadnz|hourly,2026-08-17T18:48:05Z,2026-08-17T18:48:05Z,
14.63.192.228,ipv4,ssh-brute-force,high,WHITE,blocklist.de/ssh|blocklist.de/all|ziyadnz/hourly-ipv4,blocklist.de|ssh|bot|irc-bot|brute-force|ziyadnz|hourly,2026-08-17T18:48:05Z,2026-08-17T18:48:05Z,
14.7.12.4,ipv4,ssh-brute-force,high,WHITE,blocklist.de/ssh|blocklist.de/all|ziyadnz/hourly-ipv4,blocklist.de|ssh|bot|irc-bot|brute-force|ziyadnz|hourly,2026-08-17T18:48:05Z,2026-08-17T18:48:05Z,
140.0.235.34,ipv4,ssh-brute-force,high,WHITE,blocklist.de/ssh|blocklist.de/all|ziyadnz/hourly-ipv4,blocklist.de|ssh|bot|irc-bot|brute-force|ziyadnz|hourly,2026-08-17T18:48:05Z,2026-08-17T18:48:05Z,
140.206.107.98,ipv4,ssh-brute-force,high,WHITE,blocklist.de/ssh|blocklist.de/all|ziyadnz/hourly-ipv4,blocklist.de|ssh|bot|irc-bot|brute-force|ziyadnz|hourly,2026-08-17T18:48:05Z,2026-08-17T18:48:05Z,
140.206.122.242,ipv4,ssh-brute-force,high,WHITE,blocklist.de/ssh|blocklist.de/all|ziyadnz/hourly-ipv4,blocklist.de|ssh|bot|irc-bot|brute-force|ziyadnz|hourly,2026-08-17T18:48:05Z,2026-08-17T18:48:05Z,
140.213.187.213,ipv4,ssh-brute-force,high,WHITE,blocklist.de/ssh|blocklist.de/all|ziyadnz/hourly-ipv4,blocklist.de|ssh|bot|irc-bot|brute-force|ziyadnz|hourly,2026-08-17T18:48:05Z,2026-08-17T18:48:05Z,
140.235.11.75,ipv4,ssh-brute-force,high,WHITE,blocklist.de/ssh|blocklist.de/all|ziyadnz/hourly-ipv4,blocklist.de|ssh|bot|irc-bot|brute-force|ziyadnz|hourly,2026-08-17T18:48:05Z,2026-08-17T18:48:05Z,
140.235.9.107,ipv4,ssh-brute-force,high,WHITE,blocklist.de/ssh|blocklist.de/all|ziyadnz/hourly-ipv4,blocklist.de|ssh|bot|irc-bot|brute-force|ziyadnz|hourly,2026-08-17T18:48:05Z,2026-08-17T18:48:05Z,
140.238.16.177,ipv4,ssh-brute-force,high,WHITE,blocklist.de/ssh|blocklist.de/all|ziyadnz/hourly-ipv4,blocklist.de|ssh|bot|irc-bot|brute-force|ziyadnz|hourly,2026-08-17T18:48:05Z,2026-08-17T18:48:05Z,
140.238.231.11,ipv4,ssh-brute-force,high,WHITE,blocklist.de/ssh|blocklist.de/all|ziyadnz/hourly-ipv4,blocklist.de|ssh|bot|irc-bot|brute-force|ziyadnz|hourly,2026-08-17T18:48:05Z,2026-08-17T18:48:05Z,
140.245.121.209,ipv4,ssh-brute-force,high,WHITE,blocklist.de/ssh|blocklist.de/all|ziyadnz/hourly-ipv4,blocklist.de|ssh|bot|irc-bot|brute-force|ziyadnz|hourly,2026-08-17T18:48:05Z,2026-08-17T18:48:05Z,
140.245.125.139,ipv4,ssh-brute-force,high,WHITE,blocklist.de/ssh|blocklist.de/all|ziyadnz/hourly-ipv4,blocklist.de|ssh|bot|irc-bot|brute-force|ziyadnz|hourly,2026-08-17T18:48:05Z,2026-08-17T18:48:05Z,
140.245.236.234,ipv4,ssh-brute-force,high,WHITE,blocklist.de/ssh|blocklist.de/all|ziyadnz/hourly-ipv4,blocklist.de|ssh|bot|irc-bot|brute-force|ziyadnz|hourly,2026-08-17T18:48:05Z,2026-08-17T18:48:05Z,
140.245.33.202,ipv4,ssh-brute-force,high,WHITE,blocklist.de/ssh|blocklist.de/all|ziyadnz/hourly-ipv4,blocklist.de|ssh|bot|irc-bot|brute-force|ziyadnz|hourly,2026-08-17T18:48:05Z,2026-08-17T18:48:05Z,
140.245.43.171,ipv4,ssh-brute-force,high,WHITE,blocklist.de/ssh|blocklist.de/all|ziyadnz/hourly-ipv4,blocklist.de|ssh|bot|irc-bot|brute-force|ziyadnz|hourly,2026-08-17T18:48:05Z,2026-08-17T18:48:05Z,
140.245.45.225,ipv4,ssh-brute-force,high,WHITE,blocklist.de/ssh|blocklist.de/all|ziyadnz/hourly-ipv4,blocklist.de|ssh|bot|irc-bot|brute-force|ziyadnz|hourly,2026-08-17T18:48:05Z,2026-08-17T18:48:05Z,
140.245.50.204,ipv4,ssh-brute-force,high,WHITE,blocklist.de/ssh|blocklist.de/all|ziyadnz/hourly-ipv4,blocklist.de|ssh|bot|irc-bot|brute-force|ziyadnz|hourly,2026-08-17T18:48:05Z,2026-08-17T18:48:05Z,
140.246.137.102,ipv4,ssh-brute-force,high,WHITE,blocklist.de/ssh|blocklist.de/all|ziyadnz/hourly-ipv4,blocklist.de|ssh|bot|irc-bot|brute-force|ziyadnz|hourly,2026-08-17T18:48:05Z,2026-08-17T18:48:05Z,
140.84.190.45,ipv4,ssh-brute-force,high,WHITE,blocklist.de/ssh|blocklist.de/all|ziyadnz/hourly-ipv4,blocklist.de|ssh|bot|irc-bot|brute-force|ziyadnz|hourly,2026-08-17T18:48:05Z,2026-08-17T18:48:05Z,
141.11.62.20,ipv4,ssh-brute-force,high,WHITE,blocklist.de/ssh|blocklist.de/all|ziyadnz/hourly-ipv4,blocklist.de|ssh|bot|irc-bot|brute-force|ziyadnz|hourly,2026-08-17T18:48:05Z,2026-08-17T18:48:05Z,
141.134.60.17,ipv4,ssh-brute-force,high,WHITE,blocklist.de/ssh|blocklist.de/all|ziyadnz/hourly-ipv4,blocklist.de|ssh|bot|irc-bot|brute-force|ziyadnz|hourly,2026-08-17T18:48:05Z,2026-08-17T18:48:05Z,
141.147.183.62,ipv4,ssh-brute-force,high,WHITE,blocklist.de/ssh|blocklist.de/all|ziyadnz/hourly-ipv4,blocklist.de|ssh|bot|irc-bot|brute-force|ziyadnz|hourly,2026-08-17T18:48:05Z,2026-08-17T18:48:05Z,
141.147.49.120,ipv4,ssh-brute-force,high,WHITE,blocklist.de/ssh|blocklist.de/all|ziyadnz/hourly-ipv4,blocklist.de|ssh|bot|irc-bot|brute-force|ziyadnz|hourly,2026-08-17T18:48:05Z,2026-08-17T18:48:05Z,
141.148.140.81,ipv4,ssh-brute-force,high,WHITE,blocklist.de/ssh|blocklist.de/all|ziyadnz/hourly-ipv4,blocklist.de|ssh|bot|irc-bot|brute-force|ziyadnz|hourly,2026-08-17T18:48:05Z,2026-08-17T18:48:05Z,
141.148.155.223,ipv4,ssh-brute-force,high,WHITE,blocklist.de/ssh|blocklist.de/all|ziyadnz/hourly-ipv4,blocklist.de|ssh|bot|irc-bot|brute-force|ziyadnz|hourly,2026-08-17T18:48:05Z,2026-08-17T18:48:05Z,
141.227.154.98,ipv4,ssh-brute-force,high,WHITE,blocklist.de/ssh|blocklist.de/all|ziyadnz/hourly-ipv4,blocklist.de|ssh|bot|irc-bot|brute-force|ziyadnz|hourly,2026-08-17T18:48:05Z,2026-08-17T18:48:05Z,
141.253.107.23,ipv4,ssh-brute-force,high,WHITE,blocklist.de/ssh|blocklist.de/all|ziyadnz/hourly-ipv4,blocklist.de|ssh|bot|irc-bot|brute-force|ziyadnz|hourly,2026-08-17T18:48:05Z,2026-08-17T18:48:05Z,
141.94.19.216,ipv4,ssh-brute-force,high,WHITE,blocklist.de/ssh|blocklist.de/all|ziyadnz/hourly-ipv4,blocklist.de|ssh|bot|irc-bot|brute-force|ziyadnz|hourly,2026-08-17T18:48:05Z,2026-08-17T18:48:05Z,
141.95.162.162,ipv4,ssh-brute-force,high,WHITE,blocklist.de/ssh|blocklist.de/all|ziyadnz/hourly-ipv4,blocklist.de|ssh|bot|irc-bot|brute-force|ziyadnz|hourly,2026-08-17T18:48:05Z,2026-08-17T18:48:05Z,
141.95.54.130,ipv4,ssh-brute-force,high,WHITE,blocklist.de/ssh|blocklist.de/all|ziyadnz/hourly-ipv4,blocklist.de|ssh|bot|irc-bot|brute-force|ziyadnz|hourly,2026-08-17T18:48:05Z,2026-08-17T18:48:05Z,
142.161.219.70,ipv4,ssh-brute-force,high,WHITE,blocklist.de/ssh|blocklist.de/all|ziyadnz/hourly-ipv4,blocklist.de|ssh|bot|irc-bot|brute-force|ziyadnz|hourly,2026-08-17T18:48:05Z,2026-08-17T18:48:05Z,
142.54.197.73,ipv4,ssh-brute-force,high,WHITE,blocklist.de/ssh|blocklist.de/all|ziyadnz/hourly-ipv4,blocklist.de|ssh|bot|irc-bot|brute-force|ziyadnz|hourly,2026-08-17T18:48:05Z,2026-08-17T18:48:05Z,
142.93.121.216,ipv4,ssh-brute-force,high,WHITE,blocklist.de/ssh|blocklist.de/all|ziyadnz/hourly-ipv4,blocklist.de|ssh|bot|irc-bot|brute-force|ziyadnz|hourly,2026-08-17T18:48:05Z,2026-08-17T18:48:05Z,
142.93.212.170,ipv4,ssh-brute-force,high,WHITE,blocklist.de/ssh|blocklist.de/all|ziyadnz/hourly-ipv4,blocklist.de|ssh|bot|irc-bot|brute-force|ziyadnz|hourly,2026-08-17T18:48:05Z,2026-08-17T18:48:05Z,
142.93.32.125,ipv4,ssh-brute-force,high,WHITE,blocklist.de/ssh|blocklist.de/all|ziyadnz/hourly-ipv4,blocklist.de|ssh|bot|irc-bot|brute-force|ziyadnz|hourly,2026-08-17T18:48:05Z,2026-08-17T18:48:05Z,
143.0.171.36,ipv4,ssh-brute-force,high,WHITE,blocklist.de/ssh|blocklist.de/all|ziyadnz/hourly-ipv4,blocklist.de|ssh|bot|irc-bot|brute-force|ziyadnz|hourly,2026-08-17T18:48:05Z,2026-08-17T18:48:05Z,
143.0.66.14,ipv4,ssh-brute-force,high,WHITE,blocklist.de/ssh|blocklist.de/all|ziyadnz/hourly-ipv4,blocklist.de|ssh|bot|irc-bot|brute-force|ziyadnz|hourly,2026-08-17T18:48:05Z,2026-08-17T18:48:05Z,
143.0.67.74,ipv4,ssh-brute-force,high,WHITE,blocklist.de/ssh|blocklist.de/all|ziyadnz/hourly-ipv4,blocklist.de|ssh|bot|irc-bot|brute-force|ziyadnz|hourly,2026-08-17T18:48:05Z,2026-08-17T18:48:05Z,
143.105.127.23,ipv4,ssh-brute-force,high,WHITE,blocklist.de/ssh|blocklist.de/all|ziyadnz/hourly-ipv4,blocklist.de|ssh|bot|irc-bot|brute-force|ziyadnz|hourly,2026-08-17T18:48:05Z,2026-08-17T18:48:05Z,
143.105.135.195,ipv4,ssh-brute-force,high,WHITE,blocklist.de/ssh|blocklist.de/all|ziyadnz/hourly-ipv4,blocklist.de|ssh|bot|irc-bot|brute-force|ziyadnz|hourly,2026-08-17T18:48:05Z,2026-08-17T18:48:05Z,
143.105.137.232,ipv4,ssh-brute-force,high,WHITE,blocklist.de/ssh|blocklist.de/all|ziyadnz/hourly-ipv4,blocklist.de|ssh|bot|irc-bot|brute-force|ziyadnz|hourly,2026-08-17T18:48:05Z,2026-08-17T18:48:05Z,
143.105.152.104,ipv4,ssh-brute-force,high,WHITE,blocklist.de/ssh|blocklist.de/all|ziyadnz/hourly-ipv4,blocklist.de|ssh|bot|irc-bot|brute-force|ziyadnz|hourly,2026-08-17T18:48:05Z,2026-08-17T18:48:05Z,
143.105.17.88,ipv4,ssh-brute-force,high,WHITE,blocklist.de/ssh|blocklist.de/all|ziyadnz/hourly-ipv4,blocklist.de|ssh|bot|irc-bot|brute-force|ziyadnz|hourly,2026-08-17T18:48:05Z,2026-08-17T18:48:05Z,
143.105.37.6,ipv4,ssh-brute-force,high,WHITE,blocklist.de/ssh|blocklist.de/all|ziyadnz/hourly-ipv4,blocklist.de|ssh|bot|irc-bot|brute-force|ziyadnz|hourly,2026-08-17T18:48:05Z,2026-08-17T18:48:05Z,
143.105.97.234,ipv4,ssh-brute-force,high,WHITE,blocklist.de/ssh|blocklist.de/all|ziyadnz/hourly-ipv4,blocklist.de|ssh|bot|irc-bot|brute-force|ziyadnz|hourly,2026-08-17T18:48:05Z,2026-08-17T18:48:05Z,
143.105.99.149,ipv4,ssh-brute-force,high,WHITE,blocklist.de/ssh|blocklist.de/all|ziyadnz/hourly-ipv4,blocklist.de|ssh|bot|irc-bot|brute-force|ziyadnz|hourly,2026-08-17T18:48:05Z,2026-08-17T18:48:05Z,
143.105.99.198,ipv4,ssh-brute-force,high,WHITE,blocklist.de/ssh|blocklist.de/all|ziyadnz/hourly-ipv4,blocklist.de|ssh|bot|irc-bot|brute-force|ziyadnz|hourly,2026-08-17T18:48:05Z,2026-08-17T18:48:05Z,
143.110.148.173,ipv4,ssh-brute-force,high,WHITE,blocklist.de/ssh|blocklist.de/all|ziyadnz/hourly-ipv4,blocklist.de|ssh|bot|irc-bot|brute-force|ziyadnz|hourly,2026-08-17T18:48:05Z,2026-08-17T18:48:05Z,
143.110.241.64,ipv4,ssh-brute-force,high,WHITE,blocklist.de/ssh|blocklist.de/all|ziyadnz/hourly-ipv4,blocklist.de|ssh|bot|irc-bot|brute-force|ziyadnz|hourly,2026-08-17T18:48:05Z,2026-08-17T18:48:05Z,
143.110.247.221,ipv4,ssh-brute-force,high,WHITE,blocklist.de/ssh|blocklist.de/all|ziyadnz/hourly-ipv4,blocklist.de|ssh|bot|irc-bot|brute-force|ziyadnz|hourly,2026-08-17T18:48:05Z,2026-08-17T18:48:05Z,
143.137.117.206,ipv4,ssh-brute-force,high,WHITE,blocklist.de/ssh|blocklist.de/all|ziyadnz/hourly-ipv4,blocklist.de|ssh|bot|irc-bot|brute-force|ziyadnz|hourly,2026-08-17T18:48:05Z,2026-08-17T18:48:05Z,
143.198.117.123,ipv4,ssh-brute-force,high,WHITE,blocklist.de/ssh|blocklist.de/all|ziyadnz/hourly-ipv4,blocklist.de|ssh|bot|irc-bot|brute-force|ziyadnz|hourly,2026-08-17T18:48:05Z,2026-08-17T18:48:05Z,
143.198.220.117,ipv4,ssh-brute-force,high,WHITE,blocklist.de/ssh|blocklist.de/all|ziyadnz/hourly-ipv4,blocklist.de|ssh|bot|irc-bot|brute-force|ziyadnz|hourly,2026-08-17T18:48:05Z,2026-08-17T18:48:05Z,
143.198.228.5,ipv4,ssh-brute-force,high,WHITE,blocklist.de/ssh|blocklist.de/all|ziyadnz/hourly-ipv4,blocklist.de|ssh|bot|irc-bot|brute-force|ziyadnz|hourly,2026-08-17T18:48:05Z,2026-08-17T18:48:05Z,
143.202.115.246,ipv4,ssh-brute-force,high,WHITE,blocklist.de/ssh|blocklist.de/all|ziyadnz/hourly-ipv4,blocklist.de|ssh|bot|irc-bot|brute-force|ziyadnz|hourly,2026-08-17T18:48:05Z,2026-08-17T18:48:05Z,
143.202.139.105,ipv4,ssh-brute-force,high,WHITE,blocklist.de/ssh|blocklist.de/all|ziyadnz/hourly-ipv4,blocklist.de|ssh|bot|irc-bot|brute-force|ziyadnz|hourly,2026-08-17T18:48:05Z,2026-08-17T18:48:05Z,
143.202.209.172,ipv4,ssh-brute-force,high,WHITE,blocklist.de/ssh|blocklist.de/all|ziyadnz/hourly-ipv4,blocklist.de|ssh|bot|irc-bot|brute-force|ziyadnz|hourly,2026-08-17T18:48:05Z,2026-08-17T18:48:05Z,
143.255.104.120,ipv4,ssh-brute-force,high,WHITE,blocklist.de/ssh|blocklist.de/all|ziyadnz/hourly-ipv4,blocklist.de|ssh|bot|irc-bot|brute-force|ziyadnz|hourly,2026-08-17T18:48:05Z,2026-08-17T18:48:05Z,
143.255.104.199,ipv4,ssh-brute-force,high,WHITE,blocklist.de/ssh|blocklist.de/all|ziyadnz/hourly-ipv4,blocklist.de|ssh|bot|irc-bot|brute-force|ziyadnz|hourly,2026-08-17T18:48:05Z,2026-08-17T18:48:05Z,
143.255.105.15,ipv4,ssh-brute-force,high,WHITE,blocklist.de/ssh|blocklist.de/all|ziyadnz/hourly-ipv4,blocklist.de|ssh|bot|irc-bot|brute-force|ziyadnz|hourly,2026-08-17T18:48:05Z,2026-08-17T18:48:05Z,
143.255.105.42,ipv4,ssh-brute-force,high,WHITE,blocklist.de/ssh|blocklist.de/all|ziyadnz/hourly-ipv4,blocklist.de|ssh|bot|irc-bot|brute-force|ziyadnz|hourly,2026-08-17T18:48:05Z,2026-08-17T18:48:05Z,
143.42.1.185,ipv4,ssh-brute-force,high,WHITE,blocklist.de/ssh|blocklist.de/all|ziyadnz/hourly-ipv4,blocklist.de|ssh|bot|irc-bot|brute-force|ziyadnz|hourly,2026-08-17T18:48:05Z,2026-08-17T18:48:05Z,
144.126.148.245,ipv4,ssh-brute-force,high,WHITE,blocklist.de/ssh|blocklist.de/all|ziyadnz/hourly-ipv4,blocklist.de|ssh|bot|irc-bot|brute-force|ziyadnz|hourly,2026-08-17T18:48:05Z,2026-08-17T18:48:05Z,
144.126.199.149,ipv4,ssh-brute-force,high,WHITE,blocklist.de/ssh|blocklist.de/all|ziyadnz/hourly-ipv4,blocklist.de|ssh|bot|irc-bot|brute-force|ziyadnz|hourly,2026-08-17T18:48:05Z,2026-08-17T18:48:05Z,
144.126.225.192,ipv4,ssh-brute-force,high,WHITE,blocklist.de/ssh|blocklist.de/all|ziyadnz/hourly-ipv4,blocklist.de|ssh|bot|irc-bot|brute-force|ziyadnz|hourly,2026-08-17T18:48:05Z,2026-08-17T18:48:05Z,
144.172.102.126,ipv4,ssh-brute-force,high,WHITE,blocklist.de/ssh|blocklist.de/all|ziyadnz/hourly-ipv4,blocklist.de|ssh|bot|irc-bot|brute-force|ziyadnz|hourly,2026-08-17T18:48:05Z,2026-08-17T18:48:05Z,
144.172.108.80,ipv4,ssh-brute-force,high,WHITE,blocklist.de/ssh|blocklist.de/all|ziyadnz/hourly-ipv4,blocklist.de|ssh|bot|irc-bot|brute-force|ziyadnz|hourly,2026-08-17T18:48:05Z,2026-08-17T18:48:05Z,
144.22.238.238,ipv4,ssh-brute-force,high,WHITE,blocklist.de/ssh|blocklist.de/all|ziyadnz/hourly-ipv4,blocklist.de|ssh|bot|irc-bot|brute-force|ziyadnz|hourly,2026-08-17T18:48:05Z,2026-08-17T18:48:05Z,
144.225.187.161,ipv4,ssh-brute-force,high,WHITE,blocklist.de/ssh|blocklist.de/all|ziyadnz/hourly-ipv4,blocklist.de|ssh|bot|irc-bot|brute-force|ziyadnz|hourly,2026-08-17T18:48:05Z,2026-08-17T18:48:05Z,
144.225.8.54,ipv4,ssh-brute-force,high,WHITE,blocklist.de/ssh|blocklist.de/all|ziyadnz/hourly-ipv4,blocklist.de|ssh|bot|irc-bot|brute-force|ziyadnz|hourly,2026-08-17T18:48:05Z,2026-08-17T18:48:05Z,
144.24.4.150,ipv4,ssh-brute-force,high,WHITE,blocklist.de/ssh|blocklist.de/all|ziyadnz/hourly-ipv4,blocklist.de|ssh|bot|irc-bot|brute-force|ziyadnz|hourly,2026-08-17T18:48:05Z,2026-08-17T18:48:05Z,
144.31.125.166,ipv4,ssh-brute-force,high,WHITE,blocklist.de/ssh|blocklist.de/all|ziyadnz/hourly-ipv4,blocklist.de|ssh|bot|irc-bot|brute-force|ziyadnz|hourly,2026-08-17T18:48:05Z,2026-08-17T18:48:05Z,
144.31.203.145,ipv4,ssh-brute-force,high,WHITE,blocklist.de/ssh|blocklist.de/bots|blocklist.de/all|ziyadnz/hourly-ipv4,blocklist.de|ssh|bot|irc-bot|brute-force|ziyadnz|hourly,2026-08-17T18:48:05Z,2026-08-17T18:48:05Z,
144.48.243.18,ipv4,ssh-brute-force,high,WHITE,blocklist.de/ssh|blocklist.de/all|ziyadnz/hourly-ipv4,blocklist.de|ssh|bot|irc-bot|brute-force|ziyadnz|hourly,2026-08-17T18:48:05Z,2026-08-17T18:48:05Z,
144.48.8.86,ipv4,ssh-brute-force,high,WHITE,blocklist.de/ssh|blocklist.de/all|ziyadnz/hourly-ipv4,blocklist.de|ssh|bot|irc-bot|brute-force|ziyadnz|hourly,2026-08-17T18:48:05Z,2026-08-17T18:48:05Z,
145.239.252.176,ipv4,ssh-brute-force,high,WHITE,blocklist.de/ssh|blocklist.de/all|ziyadnz/hourly-ipv4,blocklist.de|ssh|bot|irc-bot|brute-force|ziyadnz|hourly,2026-08-17T18:48:05Z,2026-08-17T18:48:05Z,
145.63.137.59,ipv4,ssh-brute-force,high,WHITE,blocklist.de/ssh|blocklist.de/all|ziyadnz/hourly-ipv4,blocklist.de|ssh|bot|irc-bot|brute-force|ziyadnz|hourly,2026-08-17T18:48:05Z,2026-08-17T18:48:05Z,
146.0.41.70,ipv4,ssh-brute-force,high,WHITE,blocklist.de/ssh|blocklist.de/all|ziyadnz/hourly-ipv4,blocklist.de|ssh|bot|irc-bot|brute-force|ziyadnz|hourly,2026-08-17T18:48:05Z,2026-08-17T18:48:05Z,
146.120.197.26,ipv4,ssh-brute-force,high,WHITE,blocklist.de/ssh|blocklist.de/all|ziyadnz/hourly-ipv4,blocklist.de|ssh|bot|irc-bot|brute-force|ziyadnz|hourly,2026-08-17T18:48:05Z,2026-08-17T18:48:05Z,
146.158.124.12,ipv4,ssh-brute-force,high,WHITE,blocklist.de/ssh|blocklist.de/all|ziyadnz/hourly-ipv4,blocklist.de|ssh|bot|irc-bot|brute-force|ziyadnz|hourly,2026-08-17T18:48:05Z,2026-08-17T18:48:05Z,
146.190.112.200,ipv4,ssh-brute-force,high,WHITE,blocklist.de/ssh|blocklist.de/all|ziyadnz/hourly-ipv4,blocklist.de|ssh|bot|irc-bot|brute-force|ziyadnz|hourly,2026-08-17T18:48:05Z,2026-08-17T18:48:05Z,
146.190.154.100,ipv4,ssh-brute-force,high,WHITE,blocklist.de/ssh|blocklist.de/all|ziyadnz/hourly-ipv4,blocklist.de|ssh|bot|irc-bot|brute-force|ziyadnz|hourly,2026-08-17T18:48:05Z,2026-08-17T18:48:05Z,
146.190.247.45,ipv4,ssh-brute-force,high,WHITE,blocklist.de/ssh|blocklist.de/all|ziyadnz/hourly-ipv4,blocklist.de|ssh|bot|irc-bot|brute-force|ziyadnz|hourly,2026-08-17T18:48:05Z,2026-08-17T18:48:05Z,
146.190.249.136,ipv4,ssh-brute-force,high,WHITE,blocklist.de/ssh|blocklist.de/all|ziyadnz/hourly-ipv4,blocklist.de|ssh|bot|irc-bot|brute-force|ziyadnz|hourly,2026-08-17T18:48:05Z,2026-08-17T18:48:05Z,
146.190.59.30,ipv4,ssh-brute-force,high,WHITE,blocklist.de/ssh|blocklist.de/all|ziyadnz/hourly-ipv4,blocklist.de|ssh|bot|irc-bot|brute-force|ziyadnz|hourly,2026-08-17T18:48:05Z,2026-08-17T18:48:05Z,
146.235.228.100,ipv4,ssh-brute-force,high,WHITE,blocklist.de/ssh|blocklist.de/all|ziyadnz/hourly-ipv4,blocklist.de|ssh|bot|irc-bot|brute-force|ziyadnz|hourly,2026-08-17T18:48:05Z,2026-08-17T18:48:05Z,
146.235.232.8,ipv4,ssh-brute-force,high,WHITE,blocklist.de/ssh|blocklist.de/all|ziyadnz/hourly-ipv4,blocklist.de|ssh|bot|irc-bot|brute-force|ziyadnz|hourly,2026-08-17T18:48:05Z,2026-08-17T18:48:05Z,
146.56.145.191,ipv4,ssh-brute-force,high,WHITE,blocklist.de/ssh|blocklist.de/all|ziyadnz/hourly-ipv4,blocklist.de|ssh|bot|irc-bot|brute-force|ziyadnz|hourly,2026-08-17T18:48:05Z,2026-08-17T18:48:05Z,
146.56.164.20,ipv4,ssh-brute-force,high,WHITE,blocklist.de/ssh|blocklist.de/all|ziyadnz/hourly-ipv4,blocklist.de|ssh|bot|irc-bot|brute-force|ziyadnz|hourly,2026-08-17T18:48:05Z,2026-08-17T18:48:05Z,
146.59.32.16,ipv4,ssh-brute-force,high,WHITE,blocklist.de/ssh|blocklist.de/all|ziyadnz/hourly-ipv4,blocklist.de|ssh|bot|irc-bot|brute-force|ziyadnz|hourly,2026-08-17T18:48:05Z,2026-08-17T18:48:05Z,
147.139.136.75,ipv4,ssh-brute-force,high,WHITE,blocklist.de/ssh|blocklist.de/all|ziyadnz/hourly-ipv4,blocklist.de|ssh|bot|irc-bot|brute-force|ziyadnz|hourly,2026-08-17T18:48:05Z,2026-08-17T18:48:05Z,
147.15.20.173,ipv4,ssh-brute-force,high,WHITE,blocklist.de/ssh|blocklist.de/all|ziyadnz/hourly-ipv4,blocklist.de|ssh|bot|irc-bot|brute-force|ziyadnz|hourly,2026-08-17T18:48:05Z,2026-08-17T18:48:05Z,
147.182.251.182,ipv4,ssh-brute-force,high,WHITE,blocklist.de/ssh|blocklist.de/all|ziyadnz/hourly-ipv4,blocklist.de|ssh|bot|irc-bot|brute-force|ziyadnz|hourly,2026-08-17T18:48:05Z,2026-08-17T18:48:05Z,
147.185.132.196,ipv4,ssh-brute-force,high,WHITE,blocklist.de/ssh|blocklist.de/all|ziyadnz/hourly-ipv4,blocklist.de|ssh|bot|irc-bot|brute-force|ziyadnz|hourly,2026-08-17T18:48:05Z,2026-08-17T18:48:05Z,
147.185.132.35,ipv4,ssh-brute-force,high,WHITE,blocklist.de/ssh|blocklist.de/all|ziyadnz/hourly-ipv4,blocklist.de|ssh|bot|irc-bot|brute-force|ziyadnz|hourly,2026-08-17T18:48:05Z,2026-08-17T18:48:05Z,
147.185.132.62,ipv4,ssh-brute-force,high,WHITE,blocklist.de/ssh|blocklist.de/all|ziyadnz/hourly-ipv4,blocklist.de|ssh|bot|irc-bot|brute-force|ziyadnz|hourly,2026-08-17T18:48:05Z,2026-08-17T18:48:05Z,
147.185.133.102,ipv4,ssh-brute-force,high,WHITE,blocklist.de/ssh|blocklist.de/all|ziyadnz/hourly-ipv4,blocklist.de|ssh|bot|irc-bot|brute-force|ziyadnz|hourly,2026-08-17T18:48:05Z,2026-08-17T18:48:05Z,
147.185.133.123,ipv4,ssh-brute-force,high,WHITE,blocklist.de/ssh|blocklist.de/all|ziyadnz/hourly-ipv4,blocklist.de|ssh|bot|irc-bot|brute-force|ziyadnz|hourly,2026-08-17T18:48:05Z,2026-08-17T18:48:05Z,
147.185.133.184,ipv4,ssh-brute-force,high,WHITE,blocklist.de/ssh|blocklist.de/all|ziyadnz/hourly-ipv4,blocklist.de|ssh|bot|irc-bot|brute-force|ziyadnz|hourly,2026-08-17T18:48:05Z,2026-08-17T18:48:05Z,
147.185.133.21,ipv4,ssh-brute-force,high,WHITE,blocklist.de/ssh|blocklist.de/all|ziyadnz/hourly-ipv4,blocklist.de|ssh|bot|irc-bot|brute-force|ziyadnz|hourly,2026-08-17T18:48:05Z,2026-08-17T18:48:05Z,
147.185.133.216,ipv4,ssh-brute-force,high,WHITE,blocklist.de/ssh|blocklist.de/all|ziyadnz/hourly-ipv4,blocklist.de|ssh|bot|irc-bot|brute-force|ziyadnz|hourly,2026-08-17T18:48:05Z,2026-08-17T18:48:05Z,
147.185.133.249,ipv4,ssh-brute-force,high,WHITE,blocklist.de/ssh|blocklist.de/all|ziyadnz/hourly-ipv4,blocklist.de|ssh|bot|irc-bot|brute-force|ziyadnz|hourly,2026-08-17T18:48:05Z,2026-08-17T18:48:05Z,
147.45.211.139,ipv4,ssh-brute-force,high,WHITE,blocklist.de/ssh|blocklist.de/all|ziyadnz/hourly-ipv4,blocklist.de|ssh|bot|irc-bot|brute-force|ziyadnz|hourly,2026-08-17T18:48:05Z,2026-08-17T18:48:05Z,
147.45.48.189,ipv4,ssh-brute-force,high,WHITE,blocklist.de/ssh|blocklist.de/all|ziyadnz/hourly-ipv4,blocklist.de|ssh|bot|irc-bot|brute-force|ziyadnz|hourly,2026-08-17T18:48:05Z,2026-08-17T18:48:05Z,
148.222.118.106,ipv4,ssh-brute-force,high,WHITE,blocklist.de/ssh|blocklist.de/all|ziyadnz/hourly-ipv4,blocklist.de|ssh|bot|irc-bot|brute-force|ziyadnz|hourly,2026-08-17T18:48:05Z,2026-08-17T18:48:05Z,
148.222.130.102,ipv4,ssh-brute-force,high,WHITE,blocklist.de/ssh|blocklist.de/all|ziyadnz/hourly-ipv4,blocklist.de|ssh|bot|irc-bot|brute-force|ziyadnz|hourly,2026-08-17T18:48:05Z,2026-08-17T18:48:05Z,
148.222.132.228,ipv4,ssh-brute-force,high,WHITE,blocklist.de/ssh|blocklist.de/all|ziyadnz/hourly-ipv4,blocklist.de|ssh|bot|irc-bot|brute-force|ziyadnz|hourly,2026-08-17T18:48:05Z,2026-08-17T18:48:05Z,
148.222.222.50,ipv4,ssh-brute-force,high,WHITE,blocklist.de/ssh|blocklist.de/all|ziyadnz/hourly-ipv4,blocklist.de|ssh|bot|irc-bot|brute-force|ziyadnz|hourly,2026-08-17T18:48:05Z,2026-08-17T18:48:05Z,
148.227.121.93,ipv4,ssh-brute-force,high,WHITE,blocklist.de/ssh|blocklist.de/all|ziyadnz/hourly-ipv4,blocklist.de|ssh|bot|irc-bot|brute-force|ziyadnz|hourly,2026-08-17T18:48:05Z,2026-08-17T18:48:05Z,
148.227.74.222,ipv4,ssh-brute-force,high,WHITE,blocklist.de/ssh|blocklist.de/all|ziyadnz/hourly-ipv4,blocklist.de|ssh|bot|irc-bot|brute-force|ziyadnz|hourly,2026-08-17T18:48:05Z,2026-08-17T18:48:05Z,
148.227.75.46,ipv4,ssh-brute-force,high,WHITE,blocklist.de/ssh|blocklist.de/all|ziyadnz/hourly-ipv4,blocklist.de|ssh|bot|irc-bot|brute-force|ziyadnz|hourly,2026-08-17T18:48:05Z,2026-08-17T18:48:05Z,
148.227.97.2,ipv4,ssh-brute-force,high,WHITE,blocklist.de/ssh|blocklist.de/all|ziyadnz/hourly-ipv4,blocklist.de|ssh|bot|irc-bot|brute-force|ziyadnz|hourly,2026-08-17T18:48:05Z,2026-08-17T18:48:05Z,
148.71.179.48,ipv4,ssh-brute-force,high,WHITE,blocklist.de/ssh|blocklist.de/all|ziyadnz/hourly-ipv4,blocklist.de|ssh|bot|irc-bot|brute-force|ziyadnz|hourly,2026-08-17T18:48:05Z,2026-08-17T18:48:05Z,
149.104.5.204,ipv4,ssh-brute-force,high,WHITE,blocklist.de/ssh|blocklist.de/all|ziyadnz/hourly-ipv4,blocklist.de|ssh|bot|irc-bot|brute-force|ziyadnz|hourly,2026-08-17T18:48:05Z,2026-08-17T18:48:05Z,
149.107.244.80,ipv4,ssh-brute-force,medium,WHITE,blocklist.de/ssh|blocklist.de/all,blocklist.de|ssh|bot|irc-bot|brute-force|ziyadnz|hourly,2026-08-17T18:48:05Z,2026-08-17T18:48:05Z,
149.107.248.123,ipv4,ssh-brute-force,high,WHITE,blocklist.de/ssh|blocklist.de/all|ziyadnz/hourly-ipv4,blocklist.de|ssh|bot|irc-bot|brute-force|ziyadnz|hourly,2026-08-17T18:48:05Z,2026-08-17T18:48:05Z,
149.118.48.73,ipv4,ssh-brute-force,high,WHITE,blocklist.de/ssh|blocklist.de/all|ziyadnz/hourly-ipv4,blocklist.de|ssh|bot|irc-bot|brute-force|ziyadnz|hourly,2026-08-17T18:48:05Z,2026-08-17T18:48:05Z,
149.118.68.211,ipv4,ssh-brute-force,high,WHITE,blocklist.de/ssh|blocklist.de/all|ziyadnz/hourly-ipv4,blocklist.de|ssh|bot|irc-bot|brute-force|ziyadnz|hourly,2026-08-17T18:48:05Z,2026-08-17T18:48:05Z,
149.13.96.133,ipv4,ssh-brute-force,high,WHITE,blocklist.de/ssh|blocklist.de/all|ziyadnz/hourly-ipv4,blocklist.de|ssh|bot|irc-bot|brute-force|ziyadnz|hourly,2026-08-17T18:48:05Z,2026-08-17T18:48:05Z,
149.202.50.58,ipv4,ssh-brute-force,high,WHITE,blocklist.de/ssh|blocklist.de/all|ziyadnz/hourly-ipv4,blocklist.de|ssh|bot|irc-bot|brute-force|ziyadnz|hourly,2026-08-17T18:48:05Z,2026-08-17T18:48:05Z,
149.202.57.2,ipv4,ssh-brute-force,high,WHITE,blocklist.de/ssh|blocklist.de/all|ziyadnz/hourly-ipv4,blocklist.de|ssh|bot|irc-bot|brute-force|ziyadnz|hourly,2026-08-17T18:48:05Z,2026-08-17T18:48:05Z,
149.34.48.31,ipv4,ssh-brute-force,high,WHITE,blocklist.de/ssh|blocklist.de/all|ziyadnz/hourly-ipv4,blocklist.de|ssh|bot|irc-bot|brute-force|ziyadnz|hourly,2026-08-17T18:48:05Z,2026-08-17T18:48:05Z,
149.46.1.142,ipv4,ssh-brute-force,high,WHITE,blocklist.de/ssh|blocklist.de/all|ziyadnz/hourly-ipv4,blocklist.de|ssh|bot|irc-bot|brute-force|ziyadnz|hourly,2026-08-17T18:48:05Z,2026-08-17T18:48:05Z,
149.78.48.144,ipv4,ssh-brute-force,high,WHITE,blocklist.de/ssh|blocklist.de/all|ziyadnz/hourly-ipv4,blocklist.de|ssh|bot|irc-bot|brute-force|ziyadnz|hourly,2026-08-17T18:48:05Z,2026-08-17T18:48:05Z,
149.88.106.163,ipv4,ssh-brute-force,high,WHITE,blocklist.de/ssh|blocklist.de/all|ziyadnz/hourly-ipv4,blocklist.de|ssh|bot|irc-bot|brute-force|ziyadnz|hourly,2026-08-17T18:48:05Z,2026-08-17T18:48:05Z,
149.90.156.121,ipv4,ssh-brute-force,high,WHITE,blocklist.de/ssh|blocklist.de/all|ziyadnz/hourly-ipv4,blocklist.de|ssh|bot|irc-bot|brute-force|ziyadnz|hourly,2026-08-17T18:48:05Z,2026-08-17T18:48:05Z,
149.91.105.5,ipv4,ssh-brute-force,high,WHITE,blocklist.de/ssh|blocklist.de/all|ziyadnz/hourly-ipv4,blocklist.de|ssh|bot|irc-bot|brute-force|ziyadnz|hourly,2026-08-17T18:48:05Z,2026-08-17T18:48:05Z,
15.195.49.26,ipv4,ssh-brute-force,high,WHITE,blocklist.de/ssh|blocklist.de/all|ziyadnz/hourly-ipv4,blocklist.de|ssh|bot|irc-bot|brute-force|ziyadnz|hourly,2026-08-17T18:48:05Z,2026-08-17T18:48:05Z,
15.204.173.173,ipv4,ssh-brute-force,high,WHITE,blocklist.de/ssh|blocklist.de/all|ziyadnz/hourly-ipv4,blocklist.de|ssh|bot|irc-bot|brute-force|ziyadnz|hourly,2026-08-17T18:48:05Z,2026-08-17T18:48:05Z,
15.235.192.186,ipv4,ssh-brute-force,high,WHITE,blocklist.de/ssh|blocklist.de/all|ziyadnz/hourly-ipv4,blocklist.de|ssh|bot|irc-bot|brute-force|ziyadnz|hourly,2026-08-17T18:48:05Z,2026-08-17T18:48:05Z,
150.136.214.177,ipv4,ssh-brute-force,high,WHITE,blocklist.de/ssh|blocklist.de/all|ziyadnz/hourly-ipv4,blocklist.de|ssh|bot|irc-bot|brute-force|ziyadnz|hourly,2026-08-17T18:48:05Z,2026-08-17T18:48:05Z,
150.136.227.229,ipv4,ssh-brute-force,high,WHITE,blocklist.de/ssh|blocklist.de/all|ziyadnz/hourly-ipv4,blocklist.de|ssh|bot|irc-bot|brute-force|ziyadnz|hourly,2026-08-17T18:48:05Z,2026-08-17T18:48:05Z,
150.136.99.148,ipv4,ssh-brute-force,high,WHITE,blocklist.de/ssh|blocklist.de/all|ziyadnz/hourly-ipv4,blocklist.de|ssh|bot|irc-bot|brute-force|ziyadnz|hourly,2026-08-17T18:48:05Z,2026-08-17T18:48:05Z,
150.221.151.174,ipv4,ssh-brute-force,high,WHITE,blocklist.de/ssh|blocklist.de/all|ziyadnz/hourly-ipv4,blocklist.de|ssh|bot|irc-bot|brute-force|ziyadnz|hourly,2026-08-17T18:48:05Z,2026-08-17T18:48:05Z,
150.228.104.128,ipv4,ssh-brute-force,high,WHITE,blocklist.de/ssh|blocklist.de/all|ziyadnz/hourly-ipv4,blocklist.de|ssh|bot|irc-bot|brute-force|ziyadnz|hourly,2026-08-17T18:48:05Z,2026-08-17T18:48:05Z,
150.241.245.107,ipv4,ssh-brute-force,high,WHITE,blocklist.de/ssh|blocklist.de/all|ziyadnz/hourly-ipv4,blocklist.de|ssh|bot|irc-bot|brute-force|ziyadnz|hourly,2026-08-17T18:48:05Z,2026-08-17T18:48:05Z,
150.241.71.157,ipv4,ssh-brute-force,high,WHITE,blocklist.de/ssh|blocklist.de/all|ziyadnz/hourly-ipv4,blocklist.de|ssh|bot|irc-bot|brute-force|ziyadnz|hourly,2026-08-17T18:48:05Z,2026-08-17T18:48:05Z,
150.5.154.160,ipv4,ssh-brute-force,high,WHITE,blocklist.de/ssh|blocklist.de/all|ziyadnz/hourly-ipv4,blocklist.de|ssh|bot|irc-bot|brute-force|ziyadnz|hourly,2026-08-17T18:48:05Z,2026-08-17T18:48:05Z,
150.5.169.176,ipv4,ssh-brute-force,high,WHITE,blocklist.de/ssh|blocklist.de/all|ziyadnz/hourly-ipv4,blocklist.de|ssh|bot|irc-bot|brute-force|ziyadnz|hourly,2026-08-17T18:48:05Z,2026-08-17T18:48:05Z,
150.95.27.209,ipv4,ssh-brute-force,high,WHITE,blocklist.de/ssh|blocklist.de/all|ziyadnz/hourly-ipv4,blocklist.de|ssh|bot|irc-bot|brute-force|ziyadnz|hourly,2026-08-17T18:48:05Z,2026-08-17T18:48:05Z,
150.95.27.73,ipv4,ssh-brute-force,high,WHITE,blocklist.de/ssh|blocklist.de/all|ziyadnz/hourly-ipv4,blocklist.de|ssh|bot|irc-bot|brute-force|ziyadnz|hourly,2026-08-17T18:48:05Z,2026-08-17T18:48:05Z,
151.197.40.246,ipv4,ssh-brute-force,high,WHITE,blocklist.de/ssh|blocklist.de/all|ziyadnz/hourly-ipv4,blocklist.de|ssh|bot|irc-bot|brute-force|ziyadnz|hourly,2026-08-17T18:48:05Z,2026-08-17T18:48:05Z,
151.210.15.254,ipv4,ssh-brute-force,high,WHITE,blocklist.de/ssh|blocklist.de/all|ziyadnz/hourly-ipv4,blocklist.de|ssh|bot|irc-bot|brute-force|ziyadnz|hourly,2026-08-17T18:48:05Z,2026-08-17T18:48:05Z,
151.235.142.178,ipv4,ssh-brute-force,high,WHITE,blocklist.de/ssh|blocklist.de/all|ziyadnz/hourly-ipv4,blocklist.de|ssh|bot|irc-bot|brute-force|ziyadnz|hourly,2026-08-17T18:48:05Z,2026-08-17T18:48:05Z,
151.236.176.191,ipv4,ssh-brute-force,high,WHITE,blocklist.de/ssh|blocklist.de/all|ziyadnz/hourly-ipv4,blocklist.de|ssh|bot|irc-bot|brute-force|ziyadnz|hourly,2026-08-17T18:48:05Z,2026-08-17T18:48:05Z,
151.241.252.75,ipv4,ssh-brute-force,high,WHITE,blocklist.de/ssh|blocklist.de/all|ziyadnz/hourly-ipv4,blocklist.de|ssh|bot|irc-bot|brute-force|ziyadnz|hourly,2026-08-17T18:48:05Z,2026-08-17T18:48:05Z,
151.250.74.236,ipv4,ssh-brute-force,high,WHITE,blocklist.de/ssh|blocklist.de/all|ziyadnz/hourly-ipv4,blocklist.de|ssh|bot|irc-bot|brute-force|ziyadnz|hourly,2026-08-17T18:48:05Z,2026-08-17T18:48:05Z,
151.252.84.225,ipv4,ssh-brute-force,high,WHITE,blocklist.de/ssh|blocklist.de/all|ziyadnz/hourly-ipv4,blocklist.de|ssh|bot|irc-bot|brute-force|ziyadnz|hourly,2026-08-17T18:48:05Z,2026-08-17T18:48:05Z,
151.45.60.159,ipv4,ssh-brute-force,high,WHITE,blocklist.de/ssh|blocklist.de/all|ziyadnz/hourly-ipv4,blocklist.de|ssh|bot|irc-bot|brute-force|ziyadnz|hourly,2026-08-17T18:48:05Z,2026-08-17T18:48:05Z,
152.136.204.48,ipv4,ssh-brute-force,high,WHITE,blocklist.de/ssh|blocklist.de/all|ziyadnz/hourly-ipv4,blocklist.de|ssh|bot|irc-bot|brute-force|ziyadnz|hourly,2026-08-17T18:48:05Z,2026-08-17T18:48:05Z,
152.172.124.202,ipv4,ssh-brute-force,high,WHITE,blocklist.de/ssh|blocklist.de/all|ziyadnz/hourly-ipv4,blocklist.de|ssh|bot|irc-bot|brute-force|ziyadnz|hourly,2026-08-17T18:48:05Z,2026-08-17T18:48:05Z,
152.200.205.180,ipv4,ssh-brute-force,high,WHITE,blocklist.de/ssh|blocklist.de/all|ziyadnz/hourly-ipv4,blocklist.de|ssh|bot|irc-bot|brute-force|ziyadnz|hourly,2026-08-17T18:48:05Z,2026-08-17T18:48:05Z,
152.230.30.56,ipv4,ssh-brute-force,high,WHITE,blocklist.de/ssh|blocklist.de/all|ziyadnz/hourly-ipv4,blocklist.de|ssh|bot|irc-bot|brute-force|ziyadnz|hourly,2026-08-17T18:48:05Z,2026-08-17T18:48:05Z,
152.230.92.163,ipv4,ssh-brute-force,high,WHITE,blocklist.de/ssh|blocklist.de/all|ziyadnz/hourly-ipv4,blocklist.de|ssh|bot|irc-bot|brute-force|ziyadnz|hourly,2026-08-17T18:48:05Z,2026-08-17T18:48:05Z,
152.231.54.220,ipv4,ssh-brute-force,high,WHITE,blocklist.de/ssh|blocklist.de/all|ziyadnz/hourly-ipv4,blocklist.de|ssh|bot|irc-bot|brute-force|ziyadnz|hourly,2026-08-17T18:48:05Z,2026-08-17T18:48:05Z,
152.32.135.135,ipv4,ssh-brute-force,high,WHITE,blocklist.de/ssh|blocklist.de/all|ziyadnz/hourly-ipv4,blocklist.de|ssh|bot|irc-bot|brute-force|ziyadnz|hourly,2026-08-17T18:48:05Z,2026-08-17T18:48:05Z,
152.32.148.140,ipv4,ssh-brute-force,high,WHITE,blocklist.de/ssh|blocklist.de/all|ziyadnz/hourly-ipv4,blocklist.de|ssh|bot|irc-bot|brute-force|ziyadnz|hourly,2026-08-17T18:48:05Z,2026-08-17T18:48:05Z,
152.32.150.232,ipv4,ssh-brute-force,high,WHITE,blocklist.de/ssh|blocklist.de/all|ziyadnz/hourly-ipv4,blocklist.de|ssh|bot|irc-bot|brute-force|ziyadnz|hourly,2026-08-17T18:48:05Z,2026-08-17T18:48:05Z,
152.32.163.183,ipv4,ssh-brute-force,high,WHITE,blocklist.de/ssh|blocklist.de/all|ziyadnz/hourly-ipv4,blocklist.de|ssh|bot|irc-bot|brute-force|ziyadnz|hourly,2026-08-17T18:48:05Z,2026-08-17T18:48:05Z,
152.32.172.84,ipv4,ssh-brute-force,high,WHITE,blocklist.de/ssh|blocklist.de/all|ziyadnz/hourly-ipv4,blocklist.de|ssh|bot|irc-bot|brute-force|ziyadnz|hourly,2026-08-17T18:48:05Z,2026-08-17T18:48:05Z,
152.32.182.41,ipv4,ssh-brute-force,high,WHITE,blocklist.de/ssh|blocklist.de/all|ziyadnz/hourly-ipv4,blocklist.de|ssh|bot|irc-bot|brute-force|ziyadnz|hourly,2026-08-17T18:48:05Z,2026-08-17T18:48:05Z,
152.32.182.8,ipv4,ssh-brute-force,high,WHITE,blocklist.de/ssh|blocklist.de/all|ziyadnz/hourly-ipv4,blocklist.de|ssh|bot|irc-bot|brute-force|ziyadnz|hourly,2026-08-17T18:48:05Z,2026-08-17T18:48:05Z,
152.32.186.240,ipv4,ssh-brute-force,high,WHITE,blocklist.de/ssh|blocklist.de/all|ziyadnz/hourly-ipv4,blocklist.de|ssh|bot|irc-bot|brute-force|ziyadnz|hourly,2026-08-17T18:48:05Z,2026-08-17T18:48:05Z,
152.32.186.39,ipv4,ssh-brute-force,high,WHITE,blocklist.de/ssh|blocklist.de/all|ziyadnz/hourly-ipv4,blocklist.de|ssh|bot|irc-bot|brute-force|ziyadnz|hourly,2026-08-17T18:48:05Z,2026-08-17T18:48:05Z,
152.32.189.236,ipv4,ssh-brute-force,high,WHITE,blocklist.de/ssh|blocklist.de/all|ziyadnz/hourly-ipv4,blocklist.de|ssh|bot|irc-bot|brute-force|ziyadnz|hourly,2026-08-17T18:48:05Z,2026-08-17T18:48:05Z,
152.32.189.59,ipv4,ssh-brute-force,high,WHITE,blocklist.de/ssh|blocklist.de/all|ziyadnz/hourly-ipv4,blocklist.de|ssh|bot|irc-bot|brute-force|ziyadnz|hourly,2026-08-17T18:48:05Z,2026-08-17T18:48:05Z,
152.32.191.226,ipv4,ssh-brute-force,high,WHITE,blocklist.de/ssh|blocklist.de/all|ziyadnz/hourly-ipv4,blocklist.de|ssh|bot|irc-bot|brute-force|ziyadnz|hourly,2026-08-17T18:48:05Z,2026-08-17T18:48:05Z,
152.32.211.187,ipv4,ssh-brute-force,high,WHITE,blocklist.de/ssh|blocklist.de/all|ziyadnz/hourly-ipv4,blocklist.de|ssh|bot|irc-bot|brute-force|ziyadnz|hourly,2026-08-17T18:48:05Z,2026-08-17T18:48:05Z,
152.32.212.226,ipv4,ssh-brute-force,high,WHITE,blocklist.de/ssh|blocklist.de/all|ziyadnz/hourly-ipv4,blocklist.de|ssh|bot|irc-bot|brute-force|ziyadnz|hourly,2026-08-17T18:48:05Z,2026-08-17T18:48:05Z,
152.32.218.149,ipv4,ssh-brute-force,high,WHITE,blocklist.de/ssh|blocklist.de/all|ziyadnz/hourly-ipv4,blocklist.de|ssh|bot|irc-bot|brute-force|ziyadnz|hourly,2026-08-17T18:48:05Z,2026-08-17T18:48:05Z,
152.32.220.188,ipv4,ssh-brute-force,high,WHITE,blocklist.de/ssh|blocklist.de/all|ziyadnz/hourly-ipv4,blocklist.de|ssh|bot|irc-bot|brute-force|ziyadnz|hourly,2026-08-17T18:48:05Z,2026-08-17T18:48:05Z,
152.32.247.22,ipv4,ssh-brute-force,high,WHITE,blocklist.de/ssh|blocklist.de/all|ziyadnz/hourly-ipv4,blocklist.de|ssh|bot|irc-bot|brute-force|ziyadnz|hourly,2026-08-17T18:48:05Z,2026-08-17T18:48:05Z,
152.32.252.65,ipv4,ssh-brute-force,high,WHITE,blocklist.de/ssh|blocklist.de/all|ziyadnz/hourly-ipv4,blocklist.de|ssh|bot|irc-bot|brute-force|ziyadnz|hourly,2026-08-17T18:48:05Z,2026-08-17T18:48:05Z,
152.32.254.222,ipv4,ssh-brute-force,high,WHITE,blocklist.de/ssh|blocklist.de/all|ziyadnz/hourly-ipv4,blocklist.de|ssh|bot|irc-bot|brute-force|ziyadnz|hourly,2026-08-17T18:48:05Z,2026-08-17T18:48:05Z,
152.32.254.89,ipv4,ssh-brute-force,high,WHITE,blocklist.de/ssh|blocklist.de/all|ziyadnz/hourly-ipv4,blocklist.de|ssh|bot|irc-bot|brute-force|ziyadnz|hourly,2026-08-17T18:48:05Z,2026-08-17T18:48:05Z,
152.42.141.212,ipv4,ssh-brute-force,high,WHITE,blocklist.de/ssh|blocklist.de/all|ziyadnz/hourly-ipv4,blocklist.de|ssh|bot|irc-bot|brute-force|ziyadnz|hourly,2026-08-17T18:48:05Z,2026-08-17T18:48:05Z,
152.42.143.147,ipv4,ssh-brute-force,high,WHITE,blocklist.de/ssh|blocklist.de/all|ziyadnz/hourly-ipv4,blocklist.de|ssh|bot|irc-bot|brute-force|ziyadnz|hourly,2026-08-17T18:48:05Z,2026-08-17T18:48:05Z,
152.42.212.37,ipv4,ssh-brute-force,high,WHITE,blocklist.de/ssh|blocklist.de/all|ziyadnz/hourly-ipv4,blocklist.de|ssh|bot|irc-bot|brute-force|ziyadnz|hourly,2026-08-17T18:48:05Z,2026-08-17T18:48:05Z,
152.42.240.74,ipv4,ssh-brute-force,high,WHITE,blocklist.de/ssh|blocklist.de/all|ziyadnz/hourly-ipv4,blocklist.de|ssh|bot|irc-bot|brute-force|ziyadnz|hourly,2026-08-17T18:48:05Z,2026-08-17T18:48:05Z,
152.52.15.213,ipv4,ssh-brute-force,high,WHITE,blocklist.de/ssh|blocklist.de/all|ziyadnz/hourly-ipv4,blocklist.de|ssh|bot|irc-bot|brute-force|ziyadnz|hourly,2026-08-17T18:48:05Z,2026-08-17T18:48:05Z,
152.53.0.56,ipv4,ssh-brute-force,high,WHITE,blocklist.de/ssh|blocklist.de/all|ziyadnz/hourly-ipv4,blocklist.de|ssh|bot|irc-bot|brute-force|ziyadnz|hourly,2026-08-17T18:48:05Z,2026-08-17T18:48:05Z,
152.53.148.66,ipv4,ssh-brute-force,high,WHITE,blocklist.de/ssh|blocklist.de/all|ziyadnz/hourly-ipv4,blocklist.de|ssh|bot|irc-bot|brute-force|ziyadnz|hourly,2026-08-17T18:48:05Z,2026-08-17T18:48:05Z,
152.53.185.81,ipv4,ssh-brute-force,high,WHITE,blocklist.de/ssh|blocklist.de/all|ziyadnz/hourly-ipv4,blocklist.de|ssh|bot|irc-bot|brute-force|ziyadnz|hourly,2026-08-17T18:48:05Z,2026-08-17T18:48:05Z,
152.67.96.249,ipv4,ssh-brute-force,high,WHITE,blocklist.de/ssh|blocklist.de/all|ziyadnz/hourly-ipv4,blocklist.de|ssh|bot|irc-bot|brute-force|ziyadnz|hourly,2026-08-17T18:48:05Z,2026-08-17T18:48:05Z,
152.69.170.71,ipv4,ssh-brute-force,high,WHITE,blocklist.de/ssh|blocklist.de/all|ziyadnz/hourly-ipv4,blocklist.de|ssh|bot|irc-bot|brute-force|ziyadnz|hourly,2026-08-17T18:48:05Z,2026-08-17T18:48:05Z,
152.69.230.222,ipv4,ssh-brute-force,high,WHITE,blocklist.de/ssh|blocklist.de/all|ziyadnz/hourly-ipv4,blocklist.de|ssh|bot|irc-bot|brute-force|ziyadnz|hourly,2026-08-17T18:48:05Z,2026-08-17T18:48:05Z,
152.89.12.101,ipv4,ssh-brute-force,high,WHITE,blocklist.de/ssh|blocklist.de/all|ziyadnz/hourly-ipv4,blocklist.de|ssh|bot|irc-bot|brute-force|ziyadnz|hourly,2026-08-17T18:48:05Z,2026-08-17T18:48:05Z,
153.0.158.118,ipv4,ssh-brute-force,high,WHITE,blocklist.de/ssh|blocklist.de/all|ziyadnz/hourly-ipv4,blocklist.de|ssh|bot|irc-bot|brute-force|ziyadnz|hourly,2026-08-17T18:48:05Z,2026-08-17T18:48:05Z,
153.117.28.3,ipv4,ssh-brute-force,high,WHITE,blocklist.de/ssh|blocklist.de/all|ziyadnz/hourly-ipv4,blocklist.de|ssh|bot|irc-bot|brute-force|ziyadnz|hourly,2026-08-17T18:48:05Z,2026-08-17T18:48:05Z,
153.67.13.41,ipv4,ssh-brute-force,high,WHITE,blocklist.de/ssh|blocklist.de/all|ziyadnz/hourly-ipv4,blocklist.de|ssh|bot|irc-bot|brute-force|ziyadnz|hourly,2026-08-17T18:48:05Z,2026-08-17T18:48:05Z,
153.67.13.47,ipv4,ssh-brute-force,high,WHITE,blocklist.de/ssh|blocklist.de/all|ziyadnz/hourly-ipv4,blocklist.de|ssh|bot|irc-bot|brute-force|ziyadnz|hourly,2026-08-17T18:48:05Z,2026-08-17T18:48:05Z,
153.67.15.228,ipv4,ssh-brute-force,high,WHITE,blocklist.de/ssh|blocklist.de/all|ziyadnz/hourly-ipv4,blocklist.de|ssh|bot|irc-bot|brute-force|ziyadnz|hourly,2026-08-17T18:48:05Z,2026-08-17T18:48:05Z,
153.67.183.103,ipv4,ssh-brute-force,high,WHITE,blocklist.de/ssh|blocklist.de/all|ziyadnz/hourly-ipv4,blocklist.de|ssh|bot|irc-bot|brute-force|ziyadnz|hourly,2026-08-17T18:48:05Z,2026-08-17T18:48:05Z,
153.67.187.154,ipv4,ssh-brute-force,high,WHITE,blocklist.de/ssh|blocklist.de/all|ziyadnz/hourly-ipv4,blocklist.de|ssh|bot|irc-bot|brute-force|ziyadnz|hourly,2026-08-17T18:48:05Z,2026-08-17T18:48:05Z,
153.75.87.176,ipv4,ssh-brute-force,high,WHITE,blocklist.de/ssh|blocklist.de/all|ziyadnz/hourly-ipv4,blocklist.de|ssh|bot|irc-bot|brute-force|ziyadnz|hourly,2026-08-17T18:48:05Z,2026-08-17T18:48:05Z,
153.99.92.11,ipv4,ssh-brute-force,high,WHITE,blocklist.de/ssh|blocklist.de/all|ziyadnz/hourly-ipv4,blocklist.de|ssh|bot|irc-bot|brute-force|ziyadnz|hourly,2026-08-17T18:48:05Z,2026-08-17T18:48:05Z,
154.116.254.157,ipv4,ssh-brute-force,high,WHITE,blocklist.de/ssh|blocklist.de/all|ziyadnz/hourly-ipv4,blocklist.de|ssh|bot|irc-bot|brute-force|ziyadnz|hourly,2026-08-17T18:48:05Z,2026-08-17T18:48:05Z,
154.126.200.37,ipv4,ssh-brute-force,high,WHITE,blocklist.de/ssh|blocklist.de/all|ziyadnz/hourly-ipv4,blocklist.de|ssh|bot|irc-bot|brute-force|ziyadnz|hourly,2026-08-17T18:48:05Z,2026-08-17T18:48:05Z,
154.127.69.1,ipv4,ssh-brute-force,high,WHITE,blocklist.de/ssh|blocklist.de/all|ziyadnz/hourly-ipv4,blocklist.de|ssh|bot|irc-bot|brute-force|ziyadnz|hourly,2026-08-17T18:48:05Z,2026-08-17T18:48:05Z,
154.127.69.10,ipv4,ssh-brute-force,high,WHITE,blocklist.de/ssh|blocklist.de/all|ziyadnz/hourly-ipv4,blocklist.de|ssh|bot|irc-bot|brute-force|ziyadnz|hourly,2026-08-17T18:48:05Z,2026-08-17T18:48:05Z,
154.127.69.11,ipv4,ssh-brute-force,high,WHITE,blocklist.de/ssh|blocklist.de/all|ziyadnz/hourly-ipv4,blocklist.de|ssh|bot|irc-bot|brute-force|ziyadnz|hourly,2026-08-17T18:48:05Z,2026-08-17T18:48:05Z,
154.127.69.13,ipv4,ssh-brute-force,high,WHITE,blocklist.de/ssh|blocklist.de/all|ziyadnz/hourly-ipv4,blocklist.de|ssh|bot|irc-bot|brute-force|ziyadnz|hourly,2026-08-17T18:48:05Z,2026-08-17T18:48:05Z,
154.127.69.14,ipv4,ssh-brute-force,high,WHITE,blocklist.de/ssh|blocklist.de/all|ziyadnz/hourly-ipv4,blocklist.de|ssh|bot|irc-bot|brute-force|ziyadnz|hourly,2026-08-17T18:48:05Z,2026-08-17T18:48:05Z,
154.127.69.15,ipv4,ssh-brute-force,high,WHITE,blocklist.de/ssh|blocklist.de/all|ziyadnz/hourly-ipv4,blocklist.de|ssh|bot|irc-bot|brute-force|ziyadnz|hourly,2026-08-17T18:48:05Z,2026-08-17T18:48:05Z,
154.127.69.16,ipv4,ssh-brute-force,high,WHITE,blocklist.de/ssh|blocklist.de/all|ziyadnz/hourly-ipv4,blocklist.de|ssh|bot|irc-bot|brute-force|ziyadnz|hourly,2026-08-17T18:48:05Z,2026-08-17T18:48:05Z,
154.127.69.2,ipv4,ssh-brute-force,high,WHITE,blocklist.de/ssh|blocklist.de/all|ziyadnz/hourly-ipv4,blocklist.de|ssh|bot|irc-bot|brute-force|ziyadnz|hourly,2026-08-17T18:48:05Z,2026-08-17T18:48:05Z,
154.127.69.25,ipv4,ssh-brute-force,high,WHITE,blocklist.de/ssh|blocklist.de/all|ziyadnz/hourly-ipv4,blocklist.de|ssh|bot|irc-bot|brute-force|ziyadnz|hourly,2026-08-17T18:48:05Z,2026-08-17T18:48:05Z,
154.127.69.26,ipv4,ssh-brute-force,high,WHITE,blocklist.de/ssh|blocklist.de/all|ziyadnz/hourly-ipv4,blocklist.de|ssh|bot|irc-bot|brute-force|ziyadnz|hourly,2026-08-17T18:48:05Z,2026-08-17T18:48:05Z,
154.127.69.27,ipv4,ssh-brute-force,high,WHITE,blocklist.de/ssh|blocklist.de/all|ziyadnz/hourly-ipv4,blocklist.de|ssh|bot|irc-bot|brute-force|ziyadnz|hourly,2026-08-17T18:48:05Z,2026-08-17T18:48:05Z,
154.127.69.28,ipv4,ssh-brute-force,high,WHITE,blocklist.de/ssh|blocklist.de/all|ziyadnz/hourly-ipv4,blocklist.de|ssh|bot|irc-bot|brute-force|ziyadnz|hourly,2026-08-17T18:48:05Z,2026-08-17T18:48:05Z,
154.127.69.29,ipv4,ssh-brute-force,high,WHITE,blocklist.de/ssh|blocklist.de/all|ziyadnz/hourly-ipv4,blocklist.de|ssh|bot|irc-bot|brute-force|ziyadnz|hourly,2026-08-17T18:48:05Z,2026-08-17T18:48:05Z,
154.127.69.3,ipv4,ssh-brute-force,high,WHITE,blocklist.de/ssh|blocklist.de/all|ziyadnz/hourly-ipv4,blocklist.de|ssh|bot|irc-bot|brute-force|ziyadnz|hourly,2026-08-17T18:48:05Z,2026-08-17T18:48:05Z,
154.127.69.30,ipv4,ssh-brute-force,high,WHITE,blocklist.de/ssh|blocklist.de/all|ziyadnz/hourly-ipv4,blocklist.de|ssh|bot|irc-bot|brute-force|ziyadnz|hourly,2026-08-17T18:48:05Z,2026-08-17T18:48:05Z,
154.127.69.4,ipv4,ssh-brute-force,high,WHITE,blocklist.de/ssh|blocklist.de/all|ziyadnz/hourly-ipv4,blocklist.de|ssh|bot|irc-bot|brute-force|ziyadnz|hourly,2026-08-17T18:48:05Z,2026-08-17T18:48:05Z,
154.127.69.5,ipv4,ssh-brute-force,high,WHITE,blocklist.de/ssh|blocklist.de/all|ziyadnz/hourly-ipv4,blocklist.de|ssh|bot|irc-bot|brute-force|ziyadnz|hourly,2026-08-17T18:48:05Z,2026-08-17T18:48:05Z,
154.127.69.7,ipv4,ssh-brute-force,high,WHITE,blocklist.de/ssh|blocklist.de/all|ziyadnz/hourly-ipv4,blocklist.de|ssh|bot|irc-bot|brute-force|ziyadnz|hourly,2026-08-17T18:48:05Z,2026-08-17T18:48:05Z,
154.154.148.11,ipv4,ssh-brute-force,high,WHITE,blocklist.de/ssh|blocklist.de/all|ziyadnz/hourly-ipv4,blocklist.de|ssh|bot|irc-bot|brute-force|ziyadnz|hourly,2026-08-17T18:48:05Z,2026-08-17T18:48:05Z,
154.16.115.33,ipv4,ssh-brute-force,high,WHITE,blocklist.de/ssh|blocklist.de/all|ziyadnz/hourly-ipv4,blocklist.de|ssh|bot|irc-bot|brute-force|ziyadnz|hourly,2026-08-17T18:48:05Z,2026-08-17T18:48:05Z,
154.16.115.34,ipv4,ssh-brute-force,high,WHITE,blocklist.de/ssh|blocklist.de/all|ziyadnz/hourly-ipv4,blocklist.de|ssh|bot|irc-bot|brute-force|ziyadnz|hourly,2026-08-17T18:48:05Z,2026-08-17T18:48:05Z,
154.16.115.37,ipv4,ssh-brute-force,high,WHITE,blocklist.de/ssh|blocklist.de/all|ziyadnz/hourly-ipv4,blocklist.de|ssh|bot|irc-bot|brute-force|ziyadnz|hourly,2026-08-17T18:48:05Z,2026-08-17T18:48:05Z,
154.16.116.152,ipv4,ssh-brute-force,high,WHITE,blocklist.de/ssh|blocklist.de/all|ziyadnz/hourly-ipv4,blocklist.de|ssh|bot|irc-bot|brute-force|ziyadnz|hourly,2026-08-17T18:48:05Z,2026-08-17T18:48:05Z,
154.16.119.69,ipv4,ssh-brute-force,high,WHITE,blocklist.de/ssh|blocklist.de/all|ziyadnz/hourly-ipv4,blocklist.de|ssh|bot|irc-bot|brute-force|ziyadnz|hourly,2026-08-17T18:48:05Z,2026-08-17T18:48:05Z,
154.18.197.35,ipv4,ssh-brute-force,high,WHITE,blocklist.de/ssh|blocklist.de/all|ziyadnz/hourly-ipv4,blocklist.de|ssh|bot|irc-bot|brute-force|ziyadnz|hourly,2026-08-17T18:48:05Z,2026-08-17T18:48:05Z,
154.18.238.98,ipv4,ssh-brute-force,high,WHITE,blocklist.de/ssh|blocklist.de/all|ziyadnz/hourly-ipv4,blocklist.de|ssh|bot|irc-bot|brute-force|ziyadnz|hourly,2026-08-17T18:48:05Z,2026-08-17T18:48:05Z,
154.210.208.250,ipv4,ssh-brute-force,high,WHITE,blocklist.de/ssh|blocklist.de/all|ziyadnz/hourly-ipv4,blocklist.de|ssh|bot|irc-bot|brute-force|ziyadnz|hourly,2026-08-17T18:48:05Z,2026-08-17T18:48:05Z,
154.211.13.102,ipv4,ssh-brute-force,high,WHITE,blocklist.de/ssh|blocklist.de/all|ziyadnz/hourly-ipv4,blocklist.de|ssh|bot|irc-bot|brute-force|ziyadnz|hourly,2026-08-17T18:48:05Z,2026-08-17T18:48:05Z,
154.217.245.175,ipv4,ssh-brute-force,high,WHITE,blocklist.de/ssh|blocklist.de/all|ziyadnz/hourly-ipv4,blocklist.de|ssh|bot|irc-bot|brute-force|ziyadnz|hourly,2026-08-17T18:48:05Z,2026-08-17T18:48:05Z,
154.221.17.244,ipv4,ssh-brute-force,high,WHITE,blocklist.de/ssh|blocklist.de/all|ziyadnz/hourly-ipv4,blocklist.de|ssh|bot|irc-bot|brute-force|ziyadnz|hourly,2026-08-17T18:48:05Z,2026-08-17T18:48:05Z,
154.221.24.224,ipv4,ssh-brute-force,high,WHITE,blocklist.de/ssh|blocklist.de/all|ziyadnz/hourly-ipv4,blocklist.de|ssh|bot|irc-bot|brute-force|ziyadnz|hourly,2026-08-17T18:48:05Z,2026-08-17T18:48:05Z,
154.221.25.3,ipv4,ssh-brute-force,high,WHITE,blocklist.de/ssh|blocklist.de/all|ziyadnz/hourly-ipv4,blocklist.de|ssh|bot|irc-bot|brute-force|ziyadnz|hourly,2026-08-17T18:48:05Z,2026-08-17T18:48:05Z,
154.221.25.99,ipv4,ssh-brute-force,high,WHITE,blocklist.de/ssh|blocklist.de/all|ziyadnz/hourly-ipv4,blocklist.de|ssh|bot|irc-bot|brute-force|ziyadnz|hourly,2026-08-17T18:48:05Z,2026-08-17T18:48:05Z,
154.221.35.72,ipv4,ssh-brute-force,high,WHITE,blocklist.de/ssh|blocklist.de/all|ziyadnz/hourly-ipv4,blocklist.de|ssh|bot|irc-bot|brute-force|ziyadnz|hourly,2026-08-17T18:48:05Z,2026-08-17T18:48:05Z,
154.241.23.229,ipv4,ssh-brute-force,high,WHITE,blocklist.de/ssh|blocklist.de/all|ziyadnz/hourly-ipv4,blocklist.de|ssh|bot|irc-bot|brute-force|ziyadnz|hourly,2026-08-17T18:48:05Z,2026-08-17T18:48:05Z,
154.241.39.86,ipv4,ssh-brute-force,high,WHITE,blocklist.de/ssh|blocklist.de/all|ziyadnz/hourly-ipv4,blocklist.de|ssh|bot|irc-bot|brute-force|ziyadnz|hourly,2026-08-17T18:48:05Z,2026-08-17T18:48:05Z,
154.45.166.179,ipv4,ssh-brute-force,high,WHITE,blocklist.de/ssh|blocklist.de/all|ziyadnz/hourly-ipv4,blocklist.de|ssh|bot|irc-bot|brute-force|ziyadnz|hourly,2026-08-17T18:48:05Z,2026-08-17T18:48:05Z,
154.46.23.3,ipv4,ssh-brute-force,high,WHITE,blocklist.de/ssh|blocklist.de/all|ziyadnz/hourly-ipv4,blocklist.de|ssh|bot|irc-bot|brute-force|ziyadnz|hourly,2026-08-17T18:48:05Z,2026-08-17T18:48:05Z,
154.56.115.122,ipv4,ssh-brute-force,high,WHITE,blocklist.de/ssh|blocklist.de/all|ziyadnz/hourly-ipv4,blocklist.de|ssh|bot|irc-bot|brute-force|ziyadnz|hourly,2026-08-17T18:48:05Z,2026-08-17T18:48:05Z,
154.70.102.114,ipv4,ssh-brute-force,high,WHITE,blocklist.de/ssh|blocklist.de/all|ziyadnz/hourly-ipv4,blocklist.de|ssh|bot|irc-bot|brute-force|ziyadnz|hourly,2026-08-17T18:48:05Z,2026-08-17T18:48:05Z,
154.71.186.206,ipv4,ssh-brute-force,high,WHITE,blocklist.de/ssh|blocklist.de/all|ziyadnz/hourly-ipv4,blocklist.de|ssh|bot|irc-bot|brute-force|ziyadnz|hourly,2026-08-17T18:48:05Z,2026-08-17T18:48:05Z,
154.83.12.89,ipv4,ssh-brute-force,high,WHITE,blocklist.de/ssh|blocklist.de/all|ziyadnz/hourly-ipv4,blocklist.de|ssh|bot|irc-bot|brute-force|ziyadnz|hourly,2026-08-17T18:48:05Z,2026-08-17T18:48:05Z,
154.83.15.101,ipv4,ssh-brute-force,high,WHITE,blocklist.de/ssh|blocklist.de/all|ziyadnz/hourly-ipv4,blocklist.de|ssh|bot|irc-bot|brute-force|ziyadnz|hourly,2026-08-17T18:48:05Z,2026-08-17T18:48:05Z,
154.83.16.14,ipv4,ssh-brute-force,high,WHITE,blocklist.de/ssh|blocklist.de/all|ziyadnz/hourly-ipv4,blocklist.de|ssh|bot|irc-bot|brute-force|ziyadnz|hourly,2026-08-17T18:48:05Z,2026-08-17T18:48:05Z,
154.83.196.237,ipv4,ssh-brute-force,high,WHITE,blocklist.de/ssh|blocklist.de/all|ziyadnz/hourly-ipv4,blocklist.de|ssh|bot|irc-bot|brute-force|ziyadnz|hourly,2026-08-17T18:48:05Z,2026-08-17T18:48:05Z,
154.88.165.1,ipv4,ssh-brute-force,high,WHITE,blocklist.de/ssh|blocklist.de/all|ziyadnz/hourly-ipv4,blocklist.de|ssh|bot|irc-bot|brute-force|ziyadnz|hourly,2026-08-17T18:48:05Z,2026-08-17T18:48:05Z,
154.88.65.192,ipv4,ssh-brute-force,high,WHITE,blocklist.de/ssh|blocklist.de/all|ziyadnz/hourly-ipv4,blocklist.de|ssh|bot|irc-bot|brute-force|ziyadnz|hourly,2026-08-17T18:48:05Z,2026-08-17T18:48:05Z,
154.95.25.44,ipv4,ssh-brute-force,high,WHITE,blocklist.de/ssh|blocklist.de/all|ziyadnz/hourly-ipv4,blocklist.de|ssh|bot|irc-bot|brute-force|ziyadnz|hourly,2026-08-17T18:48:05Z,2026-08-17T18:48:05Z,
154.95.25.82,ipv4,ssh-brute-force,high,WHITE,blocklist.de/ssh|blocklist.de/all|ziyadnz/hourly-ipv4,blocklist.de|ssh|bot|irc-bot|brute-force|ziyadnz|hourly,2026-08-17T18:48:05Z,2026-08-17T18:48:05Z,
155.248.195.74,ipv4,ssh-brute-force,high,WHITE,blocklist.de/ssh|blocklist.de/all|ziyadnz/hourly-ipv4,blocklist.de|ssh|bot|irc-bot|brute-force|ziyadnz|hourly,2026-08-17T18:48:05Z,2026-08-17T18:48:05Z,
155.4.218.159,ipv4,ssh-brute-force,high,WHITE,blocklist.de/ssh|blocklist.de/all|ziyadnz/hourly-ipv4,blocklist.de|ssh|bot|irc-bot|brute-force|ziyadnz|hourly,2026-08-17T18:48:05Z,2026-08-17T18:48:05Z,
155.4.244.107,ipv4,ssh-brute-force,high,WHITE,blocklist.de/ssh|blocklist.de/all|ziyadnz/hourly-ipv4,blocklist.de|ssh|bot|irc-bot|brute-force|ziyadnz|hourly,2026-08-17T18:48:05Z,2026-08-17T18:48:05Z,
155.4.244.169,ipv4,ssh-brute-force,high,WHITE,blocklist.de/ssh|blocklist.de/all|ziyadnz/hourly-ipv4,blocklist.de|ssh|bot|irc-bot|brute-force|ziyadnz|hourly,2026-08-17T18:48:05Z,2026-08-17T18:48:05Z,
155.4.244.179,ipv4,ssh-brute-force,high,WHITE,blocklist.de/ssh|blocklist.de/all|ziyadnz/hourly-ipv4,blocklist.de|ssh|bot|irc-bot|brute-force|ziyadnz|hourly,2026-08-17T18:48:05Z,2026-08-17T18:48:05Z,
155.4.245.222,ipv4,ssh-brute-force,high,WHITE,blocklist.de/ssh|blocklist.de/all|ziyadnz/hourly-ipv4,blocklist.de|ssh|bot|irc-bot|brute-force|ziyadnz|hourly,2026-08-17T18:48:05Z,2026-08-17T18:48:05Z,
155.94.142.85,ipv4,ssh-brute-force,high,WHITE,blocklist.de/ssh|blocklist.de/all|ziyadnz/hourly-ipv4,blocklist.de|ssh|bot|irc-bot|brute-force|ziyadnz|hourly,2026-08-17T18:48:05Z,2026-08-17T18:48:05Z,
156.155.14.56,ipv4,ssh-brute-force,high,WHITE,blocklist.de/ssh|blocklist.de/all|ziyadnz/hourly-ipv4,blocklist.de|ssh|bot|irc-bot|brute-force|ziyadnz|hourly,2026-08-17T18:48:05Z,2026-08-17T18:48:05Z,
156.155.253.31,ipv4,ssh-brute-force,high,WHITE,blocklist.de/ssh|blocklist.de/all|ziyadnz/hourly-ipv4,blocklist.de|ssh|bot|irc-bot|brute-force|ziyadnz|hourly,2026-08-17T18:48:05Z,2026-08-17T18:48:05Z,
156.225.20.213,ipv4,ssh-brute-force,high,WHITE,blocklist.de/ssh|blocklist.de/all|ziyadnz/hourly-ipv4,blocklist.de|ssh|bot|irc-bot|brute-force|ziyadnz|hourly,2026-08-17T18:48:05Z,2026-08-17T18:48:05Z,
156.236.31.85,ipv4,ssh-brute-force,high,WHITE,blocklist.de/ssh|blocklist.de/all|ziyadnz/hourly-ipv4,blocklist.de|ssh|bot|irc-bot|brute-force|ziyadnz|hourly,2026-08-17T18:48:05Z,2026-08-17T18:48:05Z,
156.239.238.244,ipv4,ssh-brute-force,high,WHITE,blocklist.de/ssh|blocklist.de/all|ziyadnz/hourly-ipv4,blocklist.de|ssh|bot|irc-bot|brute-force|ziyadnz|hourly,2026-08-17T18:48:05Z,2026-08-17T18:48:05Z,
156.241.0.249,ipv4,ssh-brute-force,high,WHITE,blocklist.de/ssh|blocklist.de/all|ziyadnz/hourly-ipv4,blocklist.de|ssh|bot|irc-bot|brute-force|ziyadnz|hourly,2026-08-17T18:48:05Z,2026-08-17T18:48:05Z,
156.245.246.50,ipv4,ssh-brute-force,high,WHITE,blocklist.de/ssh|blocklist.de/all|ziyadnz/hourly-ipv4,blocklist.de|ssh|bot|irc-bot|brute-force|ziyadnz|hourly,2026-08-17T18:48:05Z,2026-08-17T18:48:05Z,
156.47.118.34,ipv4,ssh-brute-force,high,WHITE,blocklist.de/ssh|blocklist.de/all|ziyadnz/hourly-ipv4,blocklist.de|ssh|bot|irc-bot|brute-force|ziyadnz|hourly,2026-08-17T18:48:05Z,2026-08-17T18:48:05Z,
157.10.100.12,ipv4,ssh-brute-force,high,WHITE,blocklist.de/ssh|blocklist.de/all|ziyadnz/hourly-ipv4,blocklist.de|ssh|bot|irc-bot|brute-force|ziyadnz|hourly,2026-08-17T18:48:05Z,2026-08-17T18:48:05Z,
157.10.182.14,ipv4,ssh-brute-force,high,WHITE,blocklist.de/ssh|blocklist.de/all|ziyadnz/hourly-ipv4,blocklist.de|ssh|bot|irc-bot|brute-force|ziyadnz|hourly,2026-08-17T18:48:05Z,2026-08-17T18:48:05Z,
157.15.67.253,ipv4,ssh-brute-force,high,WHITE,blocklist.de/ssh|blocklist.de/all|ziyadnz/hourly-ipv4,blocklist.de|ssh|bot|irc-bot|brute-force|ziyadnz|hourly,2026-08-17T18:48:05Z,2026-08-17T18:48:05Z,
157.15.87.40,ipv4,ssh-brute-force,high,WHITE,blocklist.de/ssh|blocklist.de/all|ziyadnz/hourly-ipv4,blocklist.de|ssh|bot|irc-bot|brute-force|ziyadnz|hourly,2026-08-17T18:48:05Z,2026-08-17T18:48:05Z,
157.151.23.70,ipv4,ssh-brute-force,high,WHITE,blocklist.de/ssh|blocklist.de/all|ziyadnz/hourly-ipv4,blocklist.de|ssh|bot|irc-bot|brute-force|ziyadnz|hourly,2026-08-17T18:48:05Z,2026-08-17T18:48:05Z,
157.20.222.122,ipv4,ssh-brute-force,high,WHITE,blocklist.de/ssh|blocklist.de/all|ziyadnz/hourly-ipv4,blocklist.de|ssh|bot|irc-bot|brute-force|ziyadnz|hourly,2026-08-17T18:48:05Z,2026-08-17T18:48:05Z,
157.20.37.254,ipv4,ssh-brute-force,high,WHITE,blocklist.de/ssh|blocklist.de/all|ziyadnz/hourly-ipv4,blocklist.de|ssh|bot|irc-bot|brute-force|ziyadnz|hourly,2026-08-17T18:48:05Z,2026-08-17T18:48:05Z,
157.20.98.244,ipv4,ssh-brute-force,high,WHITE,blocklist.de/ssh|blocklist.de/all|ziyadnz/hourly-ipv4,blocklist.de|ssh|bot|irc-bot|brute-force|ziyadnz|hourly,2026-08-17T18:48:05Z,2026-08-17T18:48:05Z,
157.22.172.161,ipv4,ssh-brute-force,high,WHITE,blocklist.de/ssh|blocklist.de/all|ziyadnz/hourly-ipv4,blocklist.de|ssh|bot|irc-bot|brute-force|ziyadnz|hourly,2026-08-17T18:48:05Z,2026-08-17T18:48:05Z,
157.228.132.71,ipv4,ssh-brute-force,high,WHITE,blocklist.de/ssh|blocklist.de/all|ziyadnz/hourly-ipv4,blocklist.de|ssh|bot|irc-bot|brute-force|ziyadnz|hourly,2026-08-17T18:48:05Z,2026-08-17T18:48:05Z,
157.230.124.251,ipv4,ssh-brute-force,high,WHITE,blocklist.de/ssh|blocklist.de/all|ziyadnz/hourly-ipv4,blocklist.de|ssh|bot|irc-bot|brute-force|ziyadnz|hourly,2026-08-17T18:48:05Z,2026-08-17T18:48:05Z,
157.230.18.133,ipv4,ssh-brute-force,high,WHITE,blocklist.de/ssh|blocklist.de/all|ziyadnz/hourly-ipv4,blocklist.de|ssh|bot|irc-bot|brute-force|ziyadnz|hourly,2026-08-17T18:48:05Z,2026-08-17T18:48:05Z,
157.230.227.228,ipv4,ssh-brute-force,high,WHITE,blocklist.de/ssh|blocklist.de/all|ziyadnz/hourly-ipv4,blocklist.de|ssh|bot|irc-bot|brute-force|ziyadnz|hourly,2026-08-17T18:48:05Z,2026-08-17T18:48:05Z,
157.230.239.134,ipv4,ssh-brute-force,high,WHITE,blocklist.de/ssh|blocklist.de/all|ziyadnz/hourly-ipv4,blocklist.de|ssh|bot|irc-bot|brute-force|ziyadnz|hourly,2026-08-17T18:48:05Z,2026-08-17T18:48:05Z,
157.245.243.118,ipv4,ssh-brute-force,high,WHITE,blocklist.de/ssh|blocklist.de/all|ziyadnz/hourly-ipv4,blocklist.de|ssh|bot|irc-bot|brute-force|ziyadnz|hourly,2026-08-17T18:48:05Z,2026-08-17T18:48:05Z,
157.245.245.246,ipv4,ssh-brute-force,high,WHITE,blocklist.de/ssh|blocklist.de/all|ziyadnz/hourly-ipv4,blocklist.de|ssh|bot|irc-bot|brute-force|ziyadnz|hourly,2026-08-17T18:48:05Z,2026-08-17T18:48:05Z,
157.245.249.17,ipv4,ssh-brute-force,high,WHITE,blocklist.de/ssh|blocklist.de/all|ziyadnz/hourly-ipv4,blocklist.de|ssh|bot|irc-bot|brute-force|ziyadnz|hourly,2026-08-17T18:48:05Z,2026-08-17T18:48:05Z,
157.245.34.56,ipv4,ssh-brute-force,high,WHITE,blocklist.de/ssh|blocklist.de/all|ziyadnz/hourly-ipv4,blocklist.de|ssh|bot|irc-bot|brute-force|ziyadnz|hourly,2026-08-17T18:48:05Z,2026-08-17T18:48:05Z,
157.245.63.169,ipv4,ssh-brute-force,high,WHITE,blocklist.de/ssh|blocklist.de/all|ziyadnz/hourly-ipv4,blocklist.de|ssh|bot|irc-bot|brute-force|ziyadnz|hourly,2026-08-17T18:48:05Z,2026-08-17T18:48:05Z,
157.255.29.89,ipv4,ssh-brute-force,high,WHITE,blocklist.de/ssh|blocklist.de/all|ziyadnz/hourly-ipv4,blocklist.de|ssh|bot|irc-bot|brute-force|ziyadnz|hourly,2026-08-17T18:48:05Z,2026-08-17T18:48:05Z,
158.101.70.67,ipv4,ssh-brute-force,high,WHITE,blocklist.de/ssh|blocklist.de/all|ziyadnz/hourly-ipv4,blocklist.de|ssh|bot|irc-bot|brute-force|ziyadnz|hourly,2026-08-17T18:48:05Z,2026-08-17T18:48:05Z,
158.173.89.43,ipv4,ssh-brute-force,high,WHITE,blocklist.de/ssh|blocklist.de/all|ziyadnz/hourly-ipv4,blocklist.de|ssh|bot|irc-bot|brute-force|ziyadnz|hourly,2026-08-17T18:48:05Z,2026-08-17T18:48:05Z,
158.174.210.161,ipv4,ssh-brute-force,high,WHITE,blocklist.de/ssh|blocklist.de/all|ziyadnz/hourly-ipv4,blocklist.de|ssh|bot|irc-bot|brute-force|ziyadnz|hourly,2026-08-17T18:48:05Z,2026-08-17T18:48:05Z,
158.174.211.17,ipv4,ssh-brute-force,high,WHITE,blocklist.de/ssh|blocklist.de/all|ziyadnz/hourly-ipv4,blocklist.de|ssh|bot|irc-bot|brute-force|ziyadnz|hourly,2026-08-17T18:48:05Z,2026-08-17T18:48:05Z,
158.178.141.16,ipv4,ssh-brute-force,high,WHITE,blocklist.de/ssh|blocklist.de/all|ziyadnz/hourly-ipv4,blocklist.de|ssh|bot|irc-bot|brute-force|ziyadnz|hourly,2026-08-17T18:48:05Z,2026-08-17T18:48:05Z,
158.178.141.210,ipv4,ssh-brute-force,high,WHITE,blocklist.de/ssh|blocklist.de/all|ziyadnz/hourly-ipv4,blocklist.de|ssh|bot|irc-bot|brute-force|ziyadnz|hourly,2026-08-17T18:48:05Z,2026-08-17T18:48:05Z,
158.179.167.115,ipv4,ssh-brute-force,high,WHITE,blocklist.de/ssh|blocklist.de/all|ziyadnz/hourly-ipv4,blocklist.de|ssh|bot|irc-bot|brute-force|ziyadnz|hourly,2026-08-17T18:48:05Z,2026-08-17T18:48:05Z,
158.180.74.12,ipv4,ssh-brute-force,high,WHITE,blocklist.de/ssh|blocklist.de/all|ziyadnz/hourly-ipv4,blocklist.de|ssh|bot|irc-bot|brute-force|ziyadnz|hourly,2026-08-17T18:48:05Z,2026-08-17T18:48:05Z,
158.180.79.132,ipv4,ssh-brute-force,high,WHITE,blocklist.de/ssh|blocklist.de/all|ziyadnz/hourly-ipv4,blocklist.de|ssh|bot|irc-bot|brute-force|ziyadnz|hourly,2026-08-17T18:48:05Z,2026-08-17T18:48:05Z,
159.112.138.47,ipv4,ssh-brute-force,high,WHITE,blocklist.de/ssh|blocklist.de/all|ziyadnz/hourly-ipv4,blocklist.de|ssh|bot|irc-bot|brute-force|ziyadnz|hourly,2026-08-17T18:48:05Z,2026-08-17T18:48:05Z,
159.195.193.0,ipv4,ssh-brute-force,high,WHITE,blocklist.de/ssh|blocklist.de/all|ziyadnz/hourly-ipv4,blocklist.de|ssh|bot|irc-bot|brute-force|ziyadnz|hourly,2026-08-17T18:48:05Z,2026-08-17T18:48:05Z,
159.195.48.180,ipv4,ssh-brute-force,high,WHITE,blocklist.de/ssh|blocklist.de/all|ziyadnz/hourly-ipv4,blocklist.de|ssh|bot|irc-bot|brute-force|ziyadnz|hourly,2026-08-17T18:48:05Z,2026-08-17T18:48:05Z,
159.203.166.155,ipv4,ssh-brute-force,high,WHITE,blocklist.de/ssh|blocklist.de/all|ziyadnz/hourly-ipv4,blocklist.de|ssh|bot|irc-bot|brute-force|ziyadnz|hourly,2026-08-17T18:48:05Z,2026-08-17T18:48:05Z,
159.203.179.48,ipv4,ssh-brute-force,high,WHITE,blocklist.de/ssh|blocklist.de/all|ziyadnz/hourly-ipv4,blocklist.de|ssh|bot|irc-bot|brute-force|ziyadnz|hourly,2026-08-17T18:48:05Z,2026-08-17T18:48:05Z,
159.203.83.195,ipv4,ssh-brute-force,high,WHITE,blocklist.de/ssh|blocklist.de/all|ziyadnz/hourly-ipv4,blocklist.de|ssh|bot|irc-bot|brute-force|ziyadnz|hourly,2026-08-17T18:48:05Z,2026-08-17T18:48:05Z,
159.223.125.170,ipv4,ssh-brute-force,high,WHITE,blocklist.de/ssh|blocklist.de/all|ziyadnz/hourly-ipv4,blocklist.de|ssh|bot|irc-bot|brute-force|ziyadnz|hourly,2026-08-17T18:48:05Z,2026-08-17T18:48:05Z,
159.223.159.77,ipv4,ssh-brute-force,high,WHITE,blocklist.de/ssh|blocklist.de/all|ziyadnz/hourly-ipv4,blocklist.de|ssh|bot|irc-bot|brute-force|ziyadnz|hourly,2026-08-17T18:48:05Z,2026-08-17T18:48:05Z,
159.223.29.238,ipv4,ssh-brute-force,high,WHITE,blocklist.de/ssh|blocklist.de/all|ziyadnz/hourly-ipv4,blocklist.de|ssh|bot|irc-bot|brute-force|ziyadnz|hourly,2026-08-17T18:48:05Z,2026-08-17T18:48:05Z,
159.223.93.39,ipv4,ssh-brute-force,high,WHITE,blocklist.de/ssh|blocklist.de/all|ziyadnz/hourly-ipv4,blocklist.de|ssh|bot|irc-bot|brute-force|ziyadnz|hourly,2026-08-17T18:48:05Z,2026-08-17T18:48:05Z,
159.223.97.218,ipv4,ssh-brute-force,high,WHITE,blocklist.de/ssh|blocklist.de/all|ziyadnz/hourly-ipv4,blocklist.de|ssh|bot|irc-bot|brute-force|ziyadnz|hourly,2026-08-17T18:48:05Z,2026-08-17T18:48:05Z,
159.48.212.131,ipv4,ssh-brute-force,high,WHITE,blocklist.de/ssh|blocklist.de/all|ziyadnz/hourly-ipv4,blocklist.de|ssh|bot|irc-bot|brute-force|ziyadnz|hourly,2026-08-17T18:48:05Z,2026-08-17T18:48:05Z,
159.54.168.110,ipv4,ssh-brute-force,high,WHITE,blocklist.de/ssh|blocklist.de/all|ziyadnz/hourly-ipv4,blocklist.de|ssh|bot|irc-bot|brute-force|ziyadnz|hourly,2026-08-17T18:48:05Z,2026-08-17T18:48:05Z,
159.65.148.158,ipv4,ssh-brute-force,high,WHITE,blocklist.de/ssh|blocklist.de/all|ziyadnz/hourly-ipv4,blocklist.de|ssh|bot|irc-bot|brute-force|ziyadnz|hourly,2026-08-17T18:48:05Z,2026-08-17T18:48:05Z,
159.65.166.11,ipv4,ssh-brute-force,high,WHITE,blocklist.de/ssh|blocklist.de/all|ziyadnz/hourly-ipv4,blocklist.de|ssh|bot|irc-bot|brute-force|ziyadnz|hourly,2026-08-17T18:48:05Z,2026-08-17T18:48:05Z,
159.65.2.17,ipv4,ssh-brute-force,high,WHITE,blocklist.de/ssh|blocklist.de/all|ziyadnz/hourly-ipv4,blocklist.de|ssh|bot|irc-bot|brute-force|ziyadnz|hourly,2026-08-17T18:48:05Z,2026-08-17T18:48:05Z,
159.65.216.50,ipv4,ssh-brute-force,high,WHITE,blocklist.de/ssh|blocklist.de/all|ziyadnz/hourly-ipv4,blocklist.de|ssh|bot|irc-bot|brute-force|ziyadnz|hourly,2026-08-17T18:48:05Z,2026-08-17T18:48:05Z,
159.65.219.252,ipv4,ssh-brute-force,high,WHITE,blocklist.de/ssh|blocklist.de/all|ziyadnz/hourly-ipv4,blocklist.de|ssh|bot|irc-bot|brute-force|ziyadnz|hourly,2026-08-17T18:48:05Z,2026-08-17T18:48:05Z,
159.65.223.164,ipv4,ssh-brute-force,high,WHITE,blocklist.de/ssh|blocklist.de/all|ziyadnz/hourly-ipv4,blocklist.de|ssh|bot|irc-bot|brute-force|ziyadnz|hourly,2026-08-17T18:48:05Z,2026-08-17T18:48:05Z,
159.65.5.51,ipv4,ssh-brute-force,high,WHITE,blocklist.de/ssh|blocklist.de/all|ziyadnz/hourly-ipv4,blocklist.de|ssh|bot|irc-bot|brute-force|ziyadnz|hourly,2026-08-17T18:48:05Z,2026-08-17T18:48:05Z,
159.65.94.135,ipv4,ssh-brute-force,high,WHITE,blocklist.de/ssh|blocklist.de/all|ziyadnz/hourly-ipv4,blocklist.de|ssh|bot|irc-bot|brute-force|ziyadnz|hourly,2026-08-17T18:48:05Z,2026-08-17T18:48:05Z,
159.65.95.5,ipv4,ssh-brute-force,high,WHITE,blocklist.de/ssh|blocklist.de/all|ziyadnz/hourly-ipv4,blocklist.de|ssh|bot|irc-bot|brute-force|ziyadnz|hourly,2026-08-17T18:48:05Z,2026-08-17T18:48:05Z,
159.75.30.184,ipv4,ssh-brute-force,high,WHITE,blocklist.de/ssh|blocklist.de/all|ziyadnz/hourly-ipv4,blocklist.de|ssh|bot|irc-bot|brute-force|ziyadnz|hourly,2026-08-17T18:48:05Z,2026-08-17T18:48:05Z,
159.89.1.53,ipv4,ssh-brute-force,high,WHITE,blocklist.de/ssh|blocklist.de/all|ziyadnz/hourly-ipv4,blocklist.de|ssh|bot|irc-bot|brute-force|ziyadnz|hourly,2026-08-17T18:48:05Z,2026-08-17T18:48:05Z,
159.89.113.99,ipv4,ssh-brute-force,high,WHITE,blocklist.de/ssh|blocklist.de/all|ziyadnz/hourly-ipv4,blocklist.de|ssh|bot|irc-bot|brute-force|ziyadnz|hourly,2026-08-17T18:48:05Z,2026-08-17T18:48:05Z,
159.89.140.234,ipv4,ssh-brute-force,high,WHITE,blocklist.de/ssh|blocklist.de/all|ziyadnz/hourly-ipv4,blocklist.de|ssh|bot|irc-bot|brute-force|ziyadnz|hourly,2026-08-17T18:48:05Z,2026-08-17T18:48:05Z,
159.89.53.160,ipv4,ssh-brute-force,high,WHITE,blocklist.de/ssh|blocklist.de/all|ziyadnz/hourly-ipv4,blocklist.de|ssh|bot|irc-bot|brute-force|ziyadnz|hourly,2026-08-17T18:48:05Z,2026-08-17T18:48:05Z,
16.98.117.178,ipv4,ssh-brute-force,high,WHITE,blocklist.de/ssh|blocklist.de/all|ziyadnz/hourly-ipv4,blocklist.de|ssh|bot|irc-bot|brute-force|ziyadnz|hourly,2026-08-17T18:48:05Z,2026-08-17T18:48:05Z,
160.119.69.14,ipv4,ssh-brute-force,high,WHITE,blocklist.de/ssh|blocklist.de/all|ziyadnz/hourly-ipv4,blocklist.de|ssh|bot|irc-bot|brute-force|ziyadnz|hourly,2026-08-17T18:48:05Z,2026-08-17T18:48:05Z,
160.153.189.18,ipv4,ssh-brute-force,high,WHITE,blocklist.de/ssh|blocklist.de/all|ziyadnz/hourly-ipv4,blocklist.de|ssh|bot|irc-bot|brute-force|ziyadnz|hourly,2026-08-17T18:48:05Z,2026-08-17T18:48:05Z,
160.187.128.179,ipv4,ssh-brute-force,high,WHITE,blocklist.de/ssh|blocklist.de/all|ziyadnz/hourly-ipv4,blocklist.de|ssh|bot|irc-bot|brute-force|ziyadnz|hourly,2026-08-17T18:48:05Z,2026-08-17T18:48:05Z,
160.187.174.22,ipv4,ssh-brute-force,high,WHITE,blocklist.de/ssh|blocklist.de/all|ziyadnz/hourly-ipv4,blocklist.de|ssh|bot|irc-bot|brute-force|ziyadnz|hourly,2026-08-17T18:48:05Z,2026-08-17T18:48:05Z,
160.20.164.235,ipv4,ssh-brute-force,high,WHITE,blocklist.de/ssh|blocklist.de/all|ziyadnz/hourly-ipv4,blocklist.de|ssh|bot|irc-bot|brute-force|ziyadnz|hourly,2026-08-17T18:48:05Z,2026-08-17T18:48:05Z,
160.22.106.87,ipv4,ssh-brute-force,high,WHITE,blocklist.de/ssh|blocklist.de/all|ziyadnz/hourly-ipv4,blocklist.de|ssh|bot|irc-bot|brute-force|ziyadnz|hourly,2026-08-17T18:48:05Z,2026-08-17T18:48:05Z,
160.250.128.93,ipv4,ssh-brute-force,high,WHITE,blocklist.de/ssh|blocklist.de/all|ziyadnz/hourly-ipv4,blocklist.de|ssh|bot|irc-bot|brute-force|ziyadnz|hourly,2026-08-17T18:48:05Z,2026-08-17T18:48:05Z,
160.250.241.48,ipv4,ssh-brute-force,high,WHITE,blocklist.de/ssh|blocklist.de/all|ziyadnz/hourly-ipv4,blocklist.de|ssh|bot|irc-bot|brute-force|ziyadnz|hourly,2026-08-17T18:48:05Z,2026-08-17T18:48:05Z,
160.251.101.169,ipv4,ssh-brute-force,high,WHITE,blocklist.de/ssh|blocklist.de/all|ziyadnz/hourly-ipv4,blocklist.de|ssh|bot|irc-bot|brute-force|ziyadnz|hourly,2026-08-17T18:48:05Z,2026-08-17T18:48:05Z,
160.251.178.104,ipv4,ssh-brute-force,high,WHITE,blocklist.de/ssh|blocklist.de/all|ziyadnz/hourly-ipv4,blocklist.de|ssh|bot|irc-bot|brute-force|ziyadnz|hourly,2026-08-17T18:48:05Z,2026-08-17T18:48:05Z,
160.251.202.248,ipv4,ssh-brute-force,high,WHITE,blocklist.de/ssh|blocklist.de/all|ziyadnz/hourly-ipv4,blocklist.de|ssh|bot|irc-bot|brute-force|ziyadnz|hourly,2026-08-17T18:48:05Z,2026-08-17T18:48:05Z,
160.251.215.51,ipv4,ssh-brute-force,high,WHITE,blocklist.de/ssh|blocklist.de/all|ziyadnz/hourly-ipv4,blocklist.de|ssh|bot|irc-bot|brute-force|ziyadnz|hourly,2026-08-17T18:48:05Z,2026-08-17T18:48:05Z,
160.3.248.33,ipv4,ssh-brute-force,high,WHITE,blocklist.de/ssh|blocklist.de/all|ziyadnz/hourly-ipv4,blocklist.de|ssh|bot|irc-bot|brute-force|ziyadnz|hourly,2026-08-17T18:48:05Z,2026-08-17T18:48:05Z,
160.30.157.214,ipv4,ssh-brute-force,high,WHITE,blocklist.de/ssh|blocklist.de/all|ziyadnz/hourly-ipv4,blocklist.de|ssh|bot|irc-bot|brute-force|ziyadnz|hourly,2026-08-17T18:48:05Z,2026-08-17T18:48:05Z,
160.34.212.79,ipv4,ssh-brute-force,high,WHITE,blocklist.de/ssh|blocklist.de/all|ziyadnz/hourly-ipv4,blocklist.de|ssh|bot|irc-bot|brute-force|ziyadnz|hourly,2026-08-17T18:48:05Z,2026-08-17T18:48:05Z,
161.118.153.131,ipv4,ssh-brute-force,high,WHITE,blocklist.de/ssh|blocklist.de/all|ziyadnz/hourly-ipv4,blocklist.de|ssh|bot|irc-bot|brute-force|ziyadnz|hourly,2026-08-17T18:48:05Z,2026-08-17T18:48:05Z,
161.118.153.29,ipv4,ssh-brute-force,high,WHITE,blocklist.de/ssh|blocklist.de/all|ziyadnz/hourly-ipv4,blocklist.de|ssh|bot|irc-bot|brute-force|ziyadnz|hourly,2026-08-17T18:48:05Z,2026-08-17T18:48:05Z,
161.118.198.164,ipv4,ssh-brute-force,high,WHITE,blocklist.de/ssh|blocklist.de/all|ziyadnz/hourly-ipv4,blocklist.de|ssh|bot|irc-bot|brute-force|ziyadnz|hourly,2026-08-17T18:48:05Z,2026-08-17T18:48:05Z,
161.118.214.247,ipv4,ssh-brute-force,high,WHITE,blocklist.de/ssh|blocklist.de/all|ziyadnz/hourly-ipv4,blocklist.de|ssh|bot|irc-bot|brute-force|ziyadnz|hourly,2026-08-17T18:48:05Z,2026-08-17T18:48:05Z,
161.118.247.52,ipv4,ssh-brute-force,high,WHITE,blocklist.de/ssh|blocklist.de/all|ziyadnz/hourly-ipv4,blocklist.de|ssh|bot|irc-bot|brute-force|ziyadnz|hourly,2026-08-17T18:48:05Z,2026-08-17T18:48:05Z,
161.118.254.28,ipv4,ssh-brute-force,high,WHITE,blocklist.de/ssh|blocklist.de/all|ziyadnz/hourly-ipv4,blocklist.de|ssh|bot|irc-bot|brute-force|ziyadnz|hourly,2026-08-17T18:48:05Z,2026-08-17T18:48:05Z,
161.129.136.224,ipv4,ssh-brute-force,high,WHITE,blocklist.de/ssh|blocklist.de/all|ziyadnz/hourly-ipv4,blocklist.de|ssh|bot|irc-bot|brute-force|ziyadnz|hourly,2026-08-17T18:48:05Z,2026-08-17T18:48:05Z,
161.129.211.56,ipv4,ssh-brute-force,high,WHITE,blocklist.de/ssh|blocklist.de/all|ziyadnz/hourly-ipv4,blocklist.de|ssh|bot|irc-bot|brute-force|ziyadnz|hourly,2026-08-17T18:48:05Z,2026-08-17T18:48:05Z,
161.132.54.218,ipv4,ssh-brute-force,high,WHITE,blocklist.de/ssh|blocklist.de/all|ziyadnz/hourly-ipv4,blocklist.de|ssh|bot|irc-bot|brute-force|ziyadnz|hourly,2026-08-17T18:48:05Z,2026-08-17T18:48:05Z,
161.248.189.72,ipv4,ssh-brute-force,high,WHITE,blocklist.de/ssh|blocklist.de/all|ziyadnz/hourly-ipv4,blocklist.de|ssh|bot|irc-bot|brute-force|ziyadnz|hourly,2026-08-17T18:48:05Z,2026-08-17T18:48:05Z,
161.248.202.88,ipv4,ssh-brute-force,high,WHITE,blocklist.de/ssh|blocklist.de/all|ziyadnz/hourly-ipv4,blocklist.de|ssh|bot|irc-bot|brute-force|ziyadnz|hourly,2026-08-17T18:48:05Z,2026-08-17T18:48:05Z,
161.33.14.212,ipv4,ssh-brute-force,high,WHITE,blocklist.de/ssh|blocklist.de/all|ziyadnz/hourly-ipv4,blocklist.de|ssh|bot|irc-bot|brute-force|ziyadnz|hourly,2026-08-17T18:48:05Z,2026-08-17T18:48:05Z,
161.33.210.117,ipv4,ssh-brute-force,high,WHITE,blocklist.de/ssh|blocklist.de/all|ziyadnz/hourly-ipv4,blocklist.de|ssh|bot|irc-bot|brute-force|ziyadnz|hourly,2026-08-17T18:48:05Z,2026-08-17T18:48:05Z,
161.33.24.183,ipv4,ssh-brute-force,high,WHITE,blocklist.de/ssh|blocklist.de/all|ziyadnz/hourly-ipv4,blocklist.de|ssh|bot|irc-bot|brute-force|ziyadnz|hourly,2026-08-17T18:48:05Z,2026-08-17T18:48:05Z,
161.35.110.162,ipv4,ssh-brute-force,high,WHITE,blocklist.de/ssh|blocklist.de/all|ziyadnz/hourly-ipv4,blocklist.de|ssh|bot|irc-bot|brute-force|ziyadnz|hourly,2026-08-17T18:48:05Z,2026-08-17T18:48:05Z,
161.35.126.229,ipv4,ssh-brute-force,high,WHITE,blocklist.de/ssh|blocklist.de/all|ziyadnz/hourly-ipv4,blocklist.de|ssh|bot|irc-bot|brute-force|ziyadnz|hourly,2026-08-17T18:48:05Z,2026-08-17T18:48:05Z,
161.35.179.218,ipv4,ssh-brute-force,high,WHITE,blocklist.de/ssh|blocklist.de/all|ziyadnz/hourly-ipv4,blocklist.de|ssh|bot|irc-bot|brute-force|ziyadnz|hourly,2026-08-17T18:48:05Z,2026-08-17T18:48:05Z,
161.35.205.74,ipv4,ssh-brute-force,high,WHITE,blocklist.de/ssh|blocklist.de/all|ziyadnz/hourly-ipv4,blocklist.de|ssh|bot|irc-bot|brute-force|ziyadnz|hourly,2026-08-17T18:48:05Z,2026-08-17T18:48:05Z,
161.35.3.56,ipv4,ssh-brute-force,high,WHITE,blocklist.de/ssh|blocklist.de/all|ziyadnz/hourly-ipv4,blocklist.de|ssh|bot|irc-bot|brute-force|ziyadnz|hourly,2026-08-17T18:48:05Z,2026-08-17T18:48:05Z,
161.35.34.21,ipv4,ssh-brute-force,high,WHITE,blocklist.de/ssh|blocklist.de/all|ziyadnz/hourly-ipv4,blocklist.de|ssh|bot|irc-bot|brute-force|ziyadnz|hourly,2026-08-17T18:48:05Z,2026-08-17T18:48:05Z,
161.49.229.135,ipv4,ssh-brute-force,high,WHITE,blocklist.de/ssh|blocklist.de/all|ziyadnz/hourly-ipv4,blocklist.de|ssh|bot|irc-bot|brute-force|ziyadnz|hourly,2026-08-17T18:48:05Z,2026-08-17T18:48:05Z,
161.49.89.39,ipv4,ssh-brute-force,high,WHITE,blocklist.de/ssh|blocklist.de/all|ziyadnz/hourly-ipv4,blocklist.de|ssh|bot|irc-bot|brute-force|ziyadnz|hourly,2026-08-17T18:48:05Z,2026-08-17T18:48:05Z,
161.97.123.36,ipv4,ssh-brute-force,high,WHITE,blocklist.de/ssh|blocklist.de/all|ziyadnz/hourly-ipv4,blocklist.de|ssh|bot|irc-bot|brute-force|ziyadnz|hourly,2026-08-17T18:48:05Z,2026-08-17T18:48:05Z,
162.0.220.18,ipv4,ssh-brute-force,high,WHITE,blocklist.de/ssh|blocklist.de/all|ziyadnz/hourly-ipv4,blocklist.de|ssh|bot|irc-bot|brute-force|ziyadnz|hourly,2026-08-17T18:48:05Z,2026-08-17T18:48:05Z,
162.14.107.96,ipv4,ssh-brute-force,high,WHITE,blocklist.de/ssh|blocklist.de/all|ziyadnz/hourly-ipv4,blocklist.de|ssh|bot|irc-bot|brute-force|ziyadnz|hourly,2026-08-17T18:48:05Z,2026-08-17T18:48:05Z,
162.141.46.16,ipv4,ssh-brute-force,high,WHITE,blocklist.de/ssh|blocklist.de/all|ziyadnz/hourly-ipv4,blocklist.de|ssh|bot|irc-bot|brute-force|ziyadnz|hourly,2026-08-17T18:48:05Z,2026-08-17T18:48:05Z,
162.141.46.5,ipv4,ssh-brute-force,high,WHITE,blocklist.de/ssh|blocklist.de/all|ziyadnz/hourly-ipv4,blocklist.de|ssh|bot|irc-bot|brute-force|ziyadnz|hourly,2026-08-17T18:48:05Z,2026-08-17T18:48:05Z,
162.144.249.8,ipv4,ssh-brute-force,high,WHITE,blocklist.de/ssh|blocklist.de/all|ziyadnz/hourly-ipv4,blocklist.de|ssh|bot|irc-bot|brute-force|ziyadnz|hourly,2026-08-17T18:48:05Z,2026-08-17T18:48:05Z,
162.144.96.60,ipv4,ssh-brute-force,high,WHITE,blocklist.de/ssh|blocklist.de/all|ziyadnz/hourly-ipv4,blocklist.de|ssh|bot|irc-bot|brute-force|ziyadnz|hourly,2026-08-17T18:48:05Z,2026-08-17T18:48:05Z,
162.157.204.195,ipv4,ssh-brute-force,high,WHITE,blocklist.de/ssh|blocklist.de/all|ziyadnz/hourly-ipv4,blocklist.de|ssh|bot|irc-bot|brute-force|ziyadnz|hourly,2026-08-17T18:48:05Z,2026-08-17T18:48:05Z,
162.19.245.239,ipv4,ssh-brute-force,high,WHITE,blocklist.de/ssh|blocklist.de/all|ziyadnz/hourly-ipv4,blocklist.de|ssh|bot|irc-bot|brute-force|ziyadnz|hourly,2026-08-17T18:48:05Z,2026-08-17T18:48:05Z,
162.203.31.80,ipv4,ssh-brute-force,high,WHITE,blocklist.de/ssh|blocklist.de/all|ziyadnz/hourly-ipv4,blocklist.de|ssh|bot|irc-bot|brute-force|ziyadnz|hourly,2026-08-17T18:48:05Z,2026-08-17T18:48:05Z,
162.215.213.210,ipv4,ssh-brute-force,high,WHITE,blocklist.de/ssh|blocklist.de/all|ziyadnz/hourly-ipv4,blocklist.de|ssh|bot|irc-bot|brute-force|ziyadnz|hourly,2026-08-17T18:48:05Z,2026-08-17T18:48:05Z,
162.216.149.195,ipv4,ssh-brute-force,high,WHITE,blocklist.de/ssh|blocklist.de/all|ziyadnz/hourly-ipv4,blocklist.de|ssh|bot|irc-bot|brute-force|ziyadnz|hourly,2026-08-17T18:48:05Z,2026-08-17T18:48:05Z,
162.216.149.215,ipv4,ssh-brute-force,high,WHITE,blocklist.de/ssh|blocklist.de/all|ziyadnz/hourly-ipv4,blocklist.de|ssh|bot|irc-bot|brute-force|ziyadnz|hourly,2026-08-17T18:48:05Z,2026-08-17T18:48:05Z,
162.216.149.251,ipv4,ssh-brute-force,high,WHITE,blocklist.de/ssh|blocklist.de/all|ziyadnz/hourly-ipv4,blocklist.de|ssh|bot|irc-bot|brute-force|ziyadnz|hourly,2026-08-17T18:48:05Z,2026-08-17T18:48:05Z,
162.216.149.44,ipv4,ssh-brute-force,high,WHITE,blocklist.de/ssh|blocklist.de/all|ziyadnz/hourly-ipv4,blocklist.de|ssh|bot|irc-bot|brute-force|ziyadnz|hourly,2026-08-17T18:48:05Z,2026-08-17T18:48:05Z,
162.216.150.165,ipv4,ssh-brute-force,high,WHITE,blocklist.de/ssh|blocklist.de/all|ziyadnz/hourly-ipv4,blocklist.de|ssh|bot|irc-bot|brute-force|ziyadnz|hourly,2026-08-17T18:48:05Z,2026-08-17T18:48:05Z,
162.216.150.193,ipv4,ssh-brute-force,high,WHITE,blocklist.de/ssh|blocklist.de/all|ziyadnz/hourly-ipv4,blocklist.de|ssh|bot|irc-bot|brute-force|ziyadnz|hourly,2026-08-17T18:48:05Z,2026-08-17T18:48:05Z,
162.235.69.5,ipv4,ssh-brute-force,high,WHITE,blocklist.de/ssh|blocklist.de/all|ziyadnz/hourly-ipv4,blocklist.de|ssh|bot|irc-bot|brute-force|ziyadnz|hourly,2026-08-17T18:48:05Z,2026-08-17T18:48:05Z,
162.240.104.176,ipv4,ssh-brute-force,high,WHITE,blocklist.de/ssh|blocklist.de/all|ziyadnz/hourly-ipv4,blocklist.de|ssh|bot|irc-bot|brute-force|ziyadnz|hourly,2026-08-17T18:48:05Z,2026-08-17T18:48:05Z,
162.240.148.144,ipv4,ssh-brute-force,high,WHITE,blocklist.de/ssh|blocklist.de/all|ziyadnz/hourly-ipv4,blocklist.de|ssh|bot|irc-bot|brute-force|ziyadnz|hourly,2026-08-17T18:48:05Z,2026-08-17T18:48:05Z,
162.240.153.6,ipv4,ssh-brute-force,high,WHITE,blocklist.de/ssh|blocklist.de/all|ziyadnz/hourly-ipv4,blocklist.de|ssh|bot|irc-bot|brute-force|ziyadnz|hourly,2026-08-17T18:48:05Z,2026-08-17T18:48:05Z,
162.240.155.63,ipv4,ssh-brute-force,high,WHITE,blocklist.de/ssh|blocklist.de/all|ziyadnz/hourly-ipv4,blocklist.de|ssh|bot|irc-bot|brute-force|ziyadnz|hourly,2026-08-17T18:48:05Z,2026-08-17T18:48:05Z,
162.240.20.137,ipv4,ssh-brute-force,high,WHITE,blocklist.de/ssh|blocklist.de/all|ziyadnz/hourly-ipv4,blocklist.de|ssh|bot|irc-bot|brute-force|ziyadnz|hourly,2026-08-17T18:48:05Z,2026-08-17T18:48:05Z,
162.240.218.183,ipv4,ssh-brute-force,high,WHITE,blocklist.de/ssh|blocklist.de/all|ziyadnz/hourly-ipv4,blocklist.de|ssh|bot|irc-bot|brute-force|ziyadnz|hourly,2026-08-17T18:48:05Z,2026-08-17T18:48:05Z,
162.240.75.182,ipv4,ssh-brute-force,high,WHITE,blocklist.de/ssh|blocklist.de/all|ziyadnz/hourly-ipv4,blocklist.de|ssh|bot|irc-bot|brute-force|ziyadnz|hourly,2026-08-17T18:48:05Z,2026-08-17T18:48:05Z,
162.241.130.124,ipv4,ssh-brute-force,high,WHITE,blocklist.de/ssh|blocklist.de/all|ziyadnz/hourly-ipv4,blocklist.de|ssh|bot|irc-bot|brute-force|ziyadnz|hourly,2026-08-17T18:48:05Z,2026-08-17T18:48:05Z,
162.241.130.19,ipv4,ssh-brute-force,high,WHITE,blocklist.de/ssh|blocklist.de/all|ziyadnz/hourly-ipv4,blocklist.de|ssh|bot|irc-bot|brute-force|ziyadnz|hourly,2026-08-17T18:48:05Z,2026-08-17T18:48:05Z,
162.241.132.172,ipv4,ssh-brute-force,high,WHITE,blocklist.de/ssh|blocklist.de/all|ziyadnz/hourly-ipv4,blocklist.de|ssh|bot|irc-bot|brute-force|ziyadnz|hourly,2026-08-17T18:48:05Z,2026-08-17T18:48:05Z,
162.241.132.183,ipv4,ssh-brute-force,high,WHITE,blocklist.de/ssh|blocklist.de/all|ziyadnz/hourly-ipv4,blocklist.de|ssh|bot|irc-bot|brute-force|ziyadnz|hourly,2026-08-17T18:48:05Z,2026-08-17T18:48:05Z,
162.241.181.223,ipv4,ssh-brute-force,high,WHITE,blocklist.de/ssh|blocklist.de/all|ziyadnz/hourly-ipv4,blocklist.de|ssh|bot|irc-bot|brute-force|ziyadnz|hourly,2026-08-17T18:48:05Z,2026-08-17T18:48:05Z,
162.241.181.91,ipv4,ssh-brute-force,high,WHITE,blocklist.de/ssh|blocklist.de/all|ziyadnz/hourly-ipv4,blocklist.de|ssh|bot|irc-bot|brute-force|ziyadnz|hourly,2026-08-17T18:48:05Z,2026-08-17T18:48:05Z,
162.241.215.29,ipv4,ssh-brute-force,high,WHITE,blocklist.de/ssh|blocklist.de/all|ziyadnz/hourly-ipv4,blocklist.de|ssh|bot|irc-bot|brute-force|ziyadnz|hourly,2026-08-17T18:48:05Z,2026-08-17T18:48:05Z,
162.241.233.171,ipv4,ssh-brute-force,high,WHITE,blocklist.de/ssh|blocklist.de/all|ziyadnz/hourly-ipv4,blocklist.de|ssh|bot|irc-bot|brute-force|ziyadnz|hourly,2026-08-17T18:48:05Z,2026-08-17T18:48:05Z,
162.241.234.202,ipv4,ssh-brute-force,high,WHITE,blocklist.de/ssh|blocklist.de/all|ziyadnz/hourly-ipv4,blocklist.de|ssh|bot|irc-bot|brute-force|ziyadnz|hourly,2026-08-17T18:48:05Z,2026-08-17T18:48:05Z,
162.241.235.82,ipv4,ssh-brute-force,high,WHITE,blocklist.de/ssh|blocklist.de/all|ziyadnz/hourly-ipv4,blocklist.de|ssh|bot|irc-bot|brute-force|ziyadnz|hourly,2026-08-17T18:48:05Z,2026-08-17T18:48:05Z,
162.241.239.202,ipv4,ssh-brute-force,high,WHITE,blocklist.de/ssh|blocklist.de/all|ziyadnz/hourly-ipv4,blocklist.de|ssh|bot|irc-bot|brute-force|ziyadnz|hourly,2026-08-17T18:48:05Z,2026-08-17T18:48:05Z,
162.241.29.37,ipv4,ssh-brute-force,high,WHITE,blocklist.de/ssh|blocklist.de/all|ziyadnz/hourly-ipv4,blocklist.de|ssh|bot|irc-bot|brute-force|ziyadnz|hourly,2026-08-17T18:48:05Z,2026-08-17T18:48:05Z,
162.241.43.213,ipv4,ssh-brute-force,high,WHITE,blocklist.de/ssh|blocklist.de/all|ziyadnz/hourly-ipv4,blocklist.de|ssh|bot|irc-bot|brute-force|ziyadnz|hourly,2026-08-17T18:48:05Z,2026-08-17T18:48:05Z,
162.241.45.188,ipv4,ssh-brute-force,high,WHITE,blocklist.de/ssh|blocklist.de/all|ziyadnz/hourly-ipv4,blocklist.de|ssh|bot|irc-bot|brute-force|ziyadnz|hourly,2026-08-17T18:48:05Z,2026-08-17T18:48:05Z,
162.241.91.148,ipv4,ssh-brute-force,high,WHITE,blocklist.de/ssh|blocklist.de/all|ziyadnz/hourly-ipv4,blocklist.de|ssh|bot|irc-bot|brute-force|ziyadnz|hourly,2026-08-17T18:48:05Z,2026-08-17T18:48:05Z,
162.243.114.171,ipv4,ssh-brute-force,high,WHITE,blocklist.de/ssh|blocklist.de/all|ziyadnz/hourly-ipv4,blocklist.de|ssh|bot|irc-bot|brute-force|ziyadnz|hourly,2026-08-17T18:48:05Z,2026-08-17T18:48:05Z,
162.243.116.182,ipv4,ssh-brute-force,high,WHITE,blocklist.de/ssh|blocklist.de/all|ziyadnz/hourly-ipv4,blocklist.de|ssh|bot|irc-bot|brute-force|ziyadnz|hourly,2026-08-17T18:48:05Z,2026-08-17T18:48:05Z,
162.243.147.237,ipv4,ssh-brute-force,high,WHITE,blocklist.de/ssh|blocklist.de/all|ziyadnz/hourly-ipv4,blocklist.de|ssh|bot|irc-bot|brute-force|ziyadnz|hourly,2026-08-17T18:48:05Z,2026-08-17T18:48:05Z,
162.243.208.127,ipv4,ssh-brute-force,high,WHITE,blocklist.de/ssh|blocklist.de/all|ziyadnz/hourly-ipv4,blocklist.de|ssh|bot|irc-bot|brute-force|ziyadnz|hourly,2026-08-17T18:48:05Z,2026-08-17T18:48:05Z,
163.223.191.2,ipv4,ssh-brute-force,high,WHITE,blocklist.de/ssh|blocklist.de/all|ziyadnz/hourly-ipv4,blocklist.de|ssh|bot|irc-bot|brute-force|ziyadnz|hourly,2026-08-17T18:48:05Z,2026-08-17T18:48:05Z,
163.227.161.160,ipv4,ssh-brute-force,high,WHITE,blocklist.de/ssh|blocklist.de/all|ziyadnz/hourly-ipv4,blocklist.de|ssh|bot|irc-bot|brute-force|ziyadnz|hourly,2026-08-17T18:48:05Z,2026-08-17T18:48:05Z,
163.227.52.50,ipv4,ssh-brute-force,high,WHITE,blocklist.de/ssh|blocklist.de/all|ziyadnz/hourly-ipv4,blocklist.de|ssh|bot|irc-bot|brute-force|ziyadnz|hourly,2026-08-17T18:48:05Z,2026-08-17T18:48:05Z,
163.41.112.89,ipv4,ssh-brute-force,high,WHITE,blocklist.de/ssh|blocklist.de/all|ziyadnz/hourly-ipv4,blocklist.de|ssh|bot|irc-bot|brute-force|ziyadnz|hourly,2026-08-17T18:48:05Z,2026-08-17T18:48:05Z,
163.61.102.16,ipv4,ssh-brute-force,high,WHITE,blocklist.de/ssh|blocklist.de/all|ziyadnz/hourly-ipv4,blocklist.de|ssh|bot|irc-bot|brute-force|ziyadnz|hourly,2026-08-17T18:48:05Z,2026-08-17T18:48:05Z,
163.7.1.156,ipv4,ssh-brute-force,high,WHITE,blocklist.de/ssh|blocklist.de/all|ziyadnz/hourly-ipv4,blocklist.de|ssh|bot|irc-bot|brute-force|ziyadnz|hourly,2026-08-17T18:48:05Z,2026-08-17T18:48:05Z,
163.7.1.218,ipv4,ssh-brute-force,high,WHITE,blocklist.de/ssh|blocklist.de/all|ziyadnz/hourly-ipv4,blocklist.de|ssh|bot|irc-bot|brute-force|ziyadnz|hourly,2026-08-17T18:48:05Z,2026-08-17T18:48:05Z,
163.7.11.126,ipv4,ssh-brute-force,high,WHITE,blocklist.de/ssh|blocklist.de/all|ziyadnz/hourly-ipv4,blocklist.de|ssh|bot|irc-bot|brute-force|ziyadnz|hourly,2026-08-17T18:48:05Z,2026-08-17T18:48:05Z,
163.7.11.155,ipv4,ssh-brute-force,high,WHITE,blocklist.de/ssh|blocklist.de/all|ziyadnz/hourly-ipv4,blocklist.de|ssh|bot|irc-bot|brute-force|ziyadnz|hourly,2026-08-17T18:48:05Z,2026-08-17T18:48:05Z,
163.7.13.17,ipv4,ssh-brute-force,high,WHITE,blocklist.de/ssh|blocklist.de/all|ziyadnz/hourly-ipv4,blocklist.de|ssh|bot|irc-bot|brute-force|ziyadnz|hourly,2026-08-17T18:48:05Z,2026-08-17T18:48:05Z,
163.7.3.154,ipv4,ssh-brute-force,high,WHITE,blocklist.de/ssh|blocklist.de/all|ziyadnz/hourly-ipv4,blocklist.de|ssh|bot|irc-bot|brute-force|ziyadnz|hourly,2026-08-17T18:48:05Z,2026-08-17T18:48:05Z,
163.7.3.241,ipv4,ssh-brute-force,high,WHITE,blocklist.de/ssh|blocklist.de/all|ziyadnz/hourly-ipv4,blocklist.de|ssh|bot|irc-bot|brute-force|ziyadnz|hourly,2026-08-17T18:48:05Z,2026-08-17T18:48:05Z,
163.7.4.169,ipv4,ssh-brute-force,high,WHITE,blocklist.de/ssh|blocklist.de/all|ziyadnz/hourly-ipv4,blocklist.de|ssh|bot|irc-bot|brute-force|ziyadnz|hourly,2026-08-17T18:48:05Z,2026-08-17T18:48:05Z,
163.7.5.147,ipv4,ssh-brute-force,high,WHITE,blocklist.de/ssh|blocklist.de/all|ziyadnz/hourly-ipv4,blocklist.de|ssh|bot|irc-bot|brute-force|ziyadnz|hourly,2026-08-17T18:48:05Z,2026-08-17T18:48:05Z,
163.7.5.228,ipv4,ssh-brute-force,high,WHITE,blocklist.de/ssh|blocklist.de/all|ziyadnz/hourly-ipv4,blocklist.de|ssh|bot|irc-bot|brute-force|ziyadnz|hourly,2026-08-17T18:48:05Z,2026-08-17T18:48:05Z,
163.7.6.114,ipv4,ssh-brute-force,high,WHITE,blocklist.de/ssh|blocklist.de/all|ziyadnz/hourly-ipv4,blocklist.de|ssh|bot|irc-bot|brute-force|ziyadnz|hourly,2026-08-17T18:48:05Z,2026-08-17T18:48:05Z,
163.7.6.41,ipv4,ssh-brute-force,high,WHITE,blocklist.de/ssh|blocklist.de/all|ziyadnz/hourly-ipv4,blocklist.de|ssh|bot|irc-bot|brute-force|ziyadnz|hourly,2026-08-17T18:48:05Z,2026-08-17T18:48:05Z,
163.7.6.74,ipv4,ssh-brute-force,high,WHITE,blocklist.de/ssh|blocklist.de/all|ziyadnz/hourly-ipv4,blocklist.de|ssh|bot|irc-bot|brute-force|ziyadnz|hourly,2026-08-17T18:48:05Z,2026-08-17T18:48:05Z,
163.7.8.178,ipv4,ssh-brute-force,high,WHITE,blocklist.de/ssh|blocklist.de/all|ziyadnz/hourly-ipv4,blocklist.de|ssh|bot|irc-bot|brute-force|ziyadnz|hourly,2026-08-17T18:48:05Z,2026-08-17T18:48:05Z,
163.7.8.79,ipv4,ssh-brute-force,high,WHITE,blocklist.de/ssh|blocklist.de/all|ziyadnz/hourly-ipv4,blocklist.de|ssh|bot|irc-bot|brute-force|ziyadnz|hourly,2026-08-17T18:48:05Z,2026-08-17T18:48:05Z,
163.7.9.55,ipv4,ssh-brute-force,high,WHITE,blocklist.de/ssh|blocklist.de/all|ziyadnz/hourly-ipv4,blocklist.de|ssh|bot|irc-bot|brute-force|ziyadnz|hourly,2026-08-17T18:48:05Z,2026-08-17T18:48:05Z,
163.7.9.84,ipv4,ssh-brute-force,high,WHITE,blocklist.de/ssh|blocklist.de/all|ziyadnz/hourly-ipv4,blocklist.de|ssh|bot|irc-bot|brute-force|ziyadnz|hourly,2026-08-17T18:48:05Z,2026-08-17T18:48:05Z,
164.90.145.172,ipv4,ssh-brute-force,high,WHITE,blocklist.de/ssh|blocklist.de/all|ziyadnz/hourly-ipv4,blocklist.de|ssh|bot|irc-bot|brute-force|ziyadnz|hourly,2026-08-17T18:48:05Z,2026-08-17T18:48:05Z,
164.92.101.215,ipv4,ssh-brute-force,high,WHITE,blocklist.de/ssh|blocklist.de/all|ziyadnz/hourly-ipv4,blocklist.de|ssh|bot|irc-bot|brute-force|ziyadnz|hourly,2026-08-17T18:48:05Z,2026-08-17T18:48:05Z,
164.92.133.224,ipv4,ssh-brute-force,high,WHITE,blocklist.de/ssh|blocklist.de/all|ziyadnz/hourly-ipv4,blocklist.de|ssh|bot|irc-bot|brute-force|ziyadnz|hourly,2026-08-17T18:48:05Z,2026-08-17T18:48:05Z,
164.92.161.148,ipv4,ssh-brute-force,high,WHITE,blocklist.de/ssh|blocklist.de/all|ziyadnz/hourly-ipv4,blocklist.de|ssh|bot|irc-bot|brute-force|ziyadnz|hourly,2026-08-17T18:48:05Z,2026-08-17T18:48:05Z,
164.92.240.151,ipv4,ssh-brute-force,high,WHITE,blocklist.de/ssh|blocklist.de/all|ziyadnz/hourly-ipv4,blocklist.de|ssh|bot|irc-bot|brute-force|ziyadnz|hourly,2026-08-17T18:48:05Z,2026-08-17T18:48:05Z,
164.92.251.94,ipv4,ssh-brute-force,high,WHITE,blocklist.de/ssh|blocklist.de/all|ziyadnz/hourly-ipv4,blocklist.de|ssh|bot|irc-bot|brute-force|ziyadnz|hourly,2026-08-17T18:48:05Z,2026-08-17T18:48:05Z,
165.1.75.106,ipv4,ssh-brute-force,high,WHITE,blocklist.de/ssh|blocklist.de/all|ziyadnz/hourly-ipv4,blocklist.de|ssh|bot|irc-bot|brute-force|ziyadnz|hourly,2026-08-17T18:48:05Z,2026-08-17T18:48:05Z,
165.154.11.64,ipv4,ssh-brute-force,high,WHITE,blocklist.de/ssh|blocklist.de/all|ziyadnz/hourly-ipv4,blocklist.de|ssh|bot|irc-bot|brute-force|ziyadnz|hourly,2026-08-17T18:48:05Z,2026-08-17T18:48:05Z,
165.154.12.137,ipv4,ssh-brute-force,high,WHITE,blocklist.de/ssh|blocklist.de/all|ziyadnz/hourly-ipv4,blocklist.de|ssh|bot|irc-bot|brute-force|ziyadnz|hourly,2026-08-17T18:48:05Z,2026-08-17T18:48:05Z,
165.154.147.69,ipv4,ssh-brute-force,high,WHITE,blocklist.de/ssh|blocklist.de/all|ziyadnz/hourly-ipv4,blocklist.de|ssh|bot|irc-bot|brute-force|ziyadnz|hourly,2026-08-17T18:48:05Z,2026-08-17T18:48:05Z,
165.154.172.223,ipv4,ssh-brute-force,high,WHITE,blocklist.de/ssh|blocklist.de/all|ziyadnz/hourly-ipv4,blocklist.de|ssh|bot|irc-bot|brute-force|ziyadnz|hourly,2026-08-17T18:48:05Z,2026-08-17T18:48:05Z,
165.154.177.119,ipv4,ssh-brute-force,high,WHITE,blocklist.de/ssh|blocklist.de/all|ziyadnz/hourly-ipv4,blocklist.de|ssh|bot|irc-bot|brute-force|ziyadnz|hourly,2026-08-17T18:48:05Z,2026-08-17T18:48:05Z,
165.154.182.43,ipv4,ssh-brute-force,high,WHITE,blocklist.de/ssh|blocklist.de/all|ziyadnz/hourly-ipv4,blocklist.de|ssh|bot|irc-bot|brute-force|ziyadnz|hourly,2026-08-17T18:48:05Z,2026-08-17T18:48:05Z,
165.154.202.254,ipv4,ssh-brute-force,high,WHITE,blocklist.de/ssh|blocklist.de/all|ziyadnz/hourly-ipv4,blocklist.de|ssh|bot|irc-bot|brute-force|ziyadnz|hourly,2026-08-17T18:48:05Z,2026-08-17T18:48:05Z,
165.154.205.128,ipv4,ssh-brute-force,high,WHITE,blocklist.de/ssh|blocklist.de/all|ziyadnz/hourly-ipv4,blocklist.de|ssh|bot|irc-bot|brute-force|ziyadnz|hourly,2026-08-17T18:48:05Z,2026-08-17T18:48:05Z,
165.154.206.250,ipv4,ssh-brute-force,high,WHITE,blocklist.de/ssh|blocklist.de/all|ziyadnz/hourly-ipv4,blocklist.de|ssh|bot|irc-bot|brute-force|ziyadnz|hourly,2026-08-17T18:48:05Z,2026-08-17T18:48:05Z,
165.154.224.160,ipv4,ssh-brute-force,high,WHITE,blocklist.de/ssh|blocklist.de/all|ziyadnz/hourly-ipv4,blocklist.de|ssh|bot|irc-bot|brute-force|ziyadnz|hourly,2026-08-17T18:48:05Z,2026-08-17T18:48:05Z,
165.154.227.158,ipv4,ssh-brute-force,high,WHITE,blocklist.de/ssh|blocklist.de/all|ziyadnz/hourly-ipv4,blocklist.de|ssh|bot|irc-bot|brute-force|ziyadnz|hourly,2026-08-17T18:48:05Z,2026-08-17T18:48:05Z,
165.154.227.8,ipv4,ssh-brute-force,high,WHITE,blocklist.de/ssh|blocklist.de/all|ziyadnz/hourly-ipv4,blocklist.de|ssh|bot|irc-bot|brute-force|ziyadnz|hourly,2026-08-17T18:48:05Z,2026-08-17T18:48:05Z,
165.154.232.165,ipv4,ssh-brute-force,high,WHITE,blocklist.de/ssh|blocklist.de/all|ziyadnz/hourly-ipv4,blocklist.de|ssh|bot|irc-bot|brute-force|ziyadnz|hourly,2026-08-17T18:48:05Z,2026-08-17T18:48:05Z,
165.154.235.9,ipv4,ssh-brute-force,high,WHITE,blocklist.de/ssh|blocklist.de/all|ziyadnz/hourly-ipv4,blocklist.de|ssh|bot|irc-bot|brute-force|ziyadnz|hourly,2026-08-17T18:48:05Z,2026-08-17T18:48:05Z,
165.154.236.104,ipv4,ssh-brute-force,high,WHITE,blocklist.de/ssh|blocklist.de/all|ziyadnz/hourly-ipv4,blocklist.de|ssh|bot|irc-bot|brute-force|ziyadnz|hourly,2026-08-17T18:48:05Z,2026-08-17T18:48:05Z,
165.154.236.241,ipv4,ssh-brute-force,high,WHITE,blocklist.de/ssh|blocklist.de/all|ziyadnz/hourly-ipv4,blocklist.de|ssh|bot|irc-bot|brute-force|ziyadnz|hourly,2026-08-17T18:48:05Z,2026-08-17T18:48:05Z,
165.154.248.164,ipv4,ssh-brute-force,high,WHITE,blocklist.de/ssh|blocklist.de/all|ziyadnz/hourly-ipv4,blocklist.de|ssh|bot|irc-bot|brute-force|ziyadnz|hourly,2026-08-17T18:48:05Z,2026-08-17T18:48:05Z,
165.154.254.143,ipv4,ssh-brute-force,high,WHITE,blocklist.de/ssh|blocklist.de/all|ziyadnz/hourly-ipv4,blocklist.de|ssh|bot|irc-bot|brute-force|ziyadnz|hourly,2026-08-17T18:48:05Z,2026-08-17T18:48:05Z,
165.154.255.63,ipv4,ssh-brute-force,high,WHITE,blocklist.de/ssh|blocklist.de/all|ziyadnz/hourly-ipv4,blocklist.de|ssh|bot|irc-bot|brute-force|ziyadnz|hourly,2026-08-17T18:48:05Z,2026-08-17T18:48:05Z,
165.154.51.221,ipv4,ssh-brute-force,high,WHITE,blocklist.de/ssh|blocklist.de/all|ziyadnz/hourly-ipv4,blocklist.de|ssh|bot|irc-bot|brute-force|ziyadnz|hourly,2026-08-17T18:48:05Z,2026-08-17T18:48:05Z,
165.154.51.90,ipv4,ssh-brute-force,high,WHITE,blocklist.de/ssh|blocklist.de/all|ziyadnz/hourly-ipv4,blocklist.de|ssh|bot|irc-bot|brute-force|ziyadnz|hourly,2026-08-17T18:48:05Z,2026-08-17T18:48:05Z,
165.154.52.159,ipv4,ssh-brute-force,high,WHITE,blocklist.de/ssh|blocklist.de/all|ziyadnz/hourly-ipv4,blocklist.de|ssh|bot|irc-bot|brute-force|ziyadnz|hourly,2026-08-17T18:48:05Z,2026-08-17T18:48:05Z,
165.154.6.75,ipv4,ssh-brute-force,high,WHITE,blocklist.de/ssh|blocklist.de/all|ziyadnz/hourly-ipv4,blocklist.de|ssh|bot|irc-bot|brute-force|ziyadnz|hourly,2026-08-17T18:48:05Z,2026-08-17T18:48:05Z,
165.16.166.117,ipv4,ssh-brute-force,high,WHITE,blocklist.de/ssh|blocklist.de/all|ziyadnz/hourly-ipv4,blocklist.de|ssh|bot|irc-bot|brute-force|ziyadnz|hourly,2026-08-17T18:48:05Z,2026-08-17T18:48:05Z,
165.16.189.43,ipv4,ssh-brute-force,high,WHITE,blocklist.de/ssh|blocklist.de/all|ziyadnz/hourly-ipv4,blocklist.de|ssh|bot|irc-bot|brute-force|ziyadnz|hourly,2026-08-17T18:48:05Z,2026-08-17T18:48:05Z,
165.22.254.150,ipv4,ssh-brute-force,high,WHITE,blocklist.de/ssh|blocklist.de/all|ziyadnz/hourly-ipv4,blocklist.de|ssh|bot|irc-bot|brute-force|ziyadnz|hourly,2026-08-17T18:48:05Z,2026-08-17T18:48:05Z,
165.22.3.98,ipv4,ssh-brute-force,high,WHITE,blocklist.de/ssh|blocklist.de/all|ziyadnz/hourly-ipv4,blocklist.de|ssh|bot|irc-bot|brute-force|ziyadnz|hourly,2026-08-17T18:48:05Z,2026-08-17T18:48:05Z,
165.22.44.240,ipv4,ssh-brute-force,high,WHITE,blocklist.de/ssh|blocklist.de/all|ziyadnz/hourly-ipv4,blocklist.de|ssh|bot|irc-bot|brute-force|ziyadnz|hourly,2026-08-17T18:48:05Z,2026-08-17T18:48:05Z,
165.232.148.95,ipv4,ssh-brute-force,high,WHITE,blocklist.de/ssh|blocklist.de/all|ziyadnz/hourly-ipv4,blocklist.de|ssh|bot|irc-bot|brute-force|ziyadnz|hourly,2026-08-17T18:48:05Z,2026-08-17T18:48:05Z,
165.232.164.223,ipv4,ssh-brute-force,high,WHITE,blocklist.de/ssh|blocklist.de/all|ziyadnz/hourly-ipv4,blocklist.de|ssh|bot|irc-bot|brute-force|ziyadnz|hourly,2026-08-17T18:48:05Z,2026-08-17T18:48:05Z,
165.232.54.128,ipv4,ssh-brute-force,high,WHITE,blocklist.de/ssh|blocklist.de/all|ziyadnz/hourly-ipv4,blocklist.de|ssh|bot|irc-bot|brute-force|ziyadnz|hourly,2026-08-17T18:48:05Z,2026-08-17T18:48:05Z,
165.232.69.44,ipv4,ssh-brute-force,high,WHITE,blocklist.de/ssh|blocklist.de/all|ziyadnz/hourly-ipv4,blocklist.de|ssh|bot|irc-bot|brute-force|ziyadnz|hourly,2026-08-17T18:48:05Z,2026-08-17T18:48:05Z,
165.245.182.17,ipv4,ssh-brute-force,high,WHITE,blocklist.de/ssh|blocklist.de/all|ziyadnz/hourly-ipv4,blocklist.de|ssh|bot|irc-bot|brute-force|ziyadnz|hourly,2026-08-17T18:48:05Z,2026-08-17T18:48:05Z,
165.50.102.80,ipv4,ssh-brute-force,high,WHITE,blocklist.de/ssh|blocklist.de/all|ziyadnz/hourly-ipv4,blocklist.de|ssh|bot|irc-bot|brute-force|ziyadnz|hourly,2026-08-17T18:48:05Z,2026-08-17T18:48:05Z,
165.50.65.17,ipv4,ssh-brute-force,high,WHITE,blocklist.de/ssh|blocklist.de/all|ziyadnz/hourly-ipv4,blocklist.de|ssh|bot|irc-bot|brute-force|ziyadnz|hourly,2026-08-17T18:48:05Z,2026-08-17T18:48:05Z,
166.186.196.204,ipv4,ssh-brute-force,high,WHITE,blocklist.de/ssh|blocklist.de/all|ziyadnz/hourly-ipv4,blocklist.de|ssh|bot|irc-bot|brute-force|ziyadnz|hourly,2026-08-17T18:48:05Z,2026-08-17T18:48:05Z,
166.250.2.220,ipv4,ssh-brute-force,high,WHITE,blocklist.de/ssh|blocklist.de/all|ziyadnz/hourly-ipv4,blocklist.de|ssh|bot|irc-bot|brute-force|ziyadnz|hourly,2026-08-17T18:48:05Z,2026-08-17T18:48:05Z,
166.62.41.13,ipv4,ssh-brute-force,high,WHITE,blocklist.de/ssh|blocklist.de/all|ziyadnz/hourly-ipv4,blocklist.de|ssh|bot|irc-bot|brute-force|ziyadnz|hourly,2026-08-17T18:48:05Z,2026-08-17T18:48:05Z,
166.62.41.190,ipv4,ssh-brute-force,high,WHITE,blocklist.de/ssh|blocklist.de/all|ziyadnz/hourly-ipv4,blocklist.de|ssh|bot|irc-bot|brute-force|ziyadnz|hourly,2026-08-17T18:48:05Z,2026-08-17T18:48:05Z,
167.114.2.131,ipv4,ssh-brute-force,high,WHITE,blocklist.de/ssh|blocklist.de/all|ziyadnz/hourly-ipv4,blocklist.de|ssh|bot|irc-bot|brute-force|ziyadnz|hourly,2026-08-17T18:48:05Z,2026-08-17T18:48:05Z,
167.160.160.84,ipv4,ssh-brute-force,high,WHITE,blocklist.de/ssh|blocklist.de/all|ziyadnz/hourly-ipv4,blocklist.de|ssh|bot|irc-bot|brute-force|ziyadnz|hourly,2026-08-17T18:48:05Z,2026-08-17T18:48:05Z,
167.172.159.40,ipv4,ssh-brute-force,high,WHITE,blocklist.de/ssh|blocklist.de/all|ziyadnz/hourly-ipv4,blocklist.de|ssh|bot|irc-bot|brute-force|ziyadnz|hourly,2026-08-17T18:48:05Z,2026-08-17T18:48:05Z,
167.172.187.11,ipv4,ssh-brute-force,high,WHITE,blocklist.de/ssh|blocklist.de/all|ziyadnz/hourly-ipv4,blocklist.de|ssh|bot|irc-bot|brute-force|ziyadnz|hourly,2026-08-17T18:48:05Z,2026-08-17T18:48:05Z,
167.172.203.111,ipv4,ssh-brute-force,high,WHITE,blocklist.de/ssh|blocklist.de/all|ziyadnz/hourly-ipv4,blocklist.de|ssh|bot|irc-bot|brute-force|ziyadnz|hourly,2026-08-17T18:48:05Z,2026-08-17T18:48:05Z,
167.172.40.9,ipv4,ssh-brute-force,high,WHITE,blocklist.de/ssh|blocklist.de/all|ziyadnz/hourly-ipv4,blocklist.de|ssh|bot|irc-bot|brute-force|ziyadnz|hourly,2026-08-17T18:48:05Z,2026-08-17T18:48:05Z,
167.172.89.254,ipv4,ssh-brute-force,high,WHITE,blocklist.de/ssh|blocklist.de/all|ziyadnz/hourly-ipv4,blocklist.de|ssh|bot|irc-bot|brute-force|ziyadnz|hourly,2026-08-17T18:48:05Z,2026-08-17T18:48:05Z,
167.233.122.228,ipv4,ssh-brute-force,high,WHITE,blocklist.de/ssh|blocklist.de/all|ziyadnz/hourly-ipv4,blocklist.de|ssh|bot|irc-bot|brute-force|ziyadnz|hourly,2026-08-17T18:48:05Z,2026-08-17T18:48:05Z,
167.233.166.95,ipv4,ssh-brute-force,high,WHITE,blocklist.de/ssh|blocklist.de/all|ziyadnz/hourly-ipv4,blocklist.de|ssh|bot|irc-bot|brute-force|ziyadnz|hourly,2026-08-17T18:48:05Z,2026-08-17T18:48:05Z,
167.233.211.213,ipv4,ssh-brute-force,high,WHITE,blocklist.de/ssh|blocklist.de/all|ziyadnz/hourly-ipv4,blocklist.de|ssh|bot|irc-bot|brute-force|ziyadnz|hourly,2026-08-17T18:48:05Z,2026-08-17T18:48:05Z,
167.234.221.222,ipv4,ssh-brute-force,high,WHITE,blocklist.de/ssh|blocklist.de/all|ziyadnz/hourly-ipv4,blocklist.de|ssh|bot|irc-bot|brute-force|ziyadnz|hourly,2026-08-17T18:48:05Z,2026-08-17T18:48:05Z,
167.249.217.3,ipv4,ssh-brute-force,high,WHITE,blocklist.de/ssh|blocklist.de/all|ziyadnz/hourly-ipv4,blocklist.de|ssh|bot|irc-bot|brute-force|ziyadnz|hourly,2026-08-17T18:48:05Z,2026-08-17T18:48:05Z,
167.71.142.154,ipv4,ssh-brute-force,high,WHITE,blocklist.de/ssh|blocklist.de/all|ziyadnz/hourly-ipv4,blocklist.de|ssh|bot|irc-bot|brute-force|ziyadnz|hourly,2026-08-17T18:48:05Z,2026-08-17T18:48:05Z,
167.71.199.229,ipv4,ssh-brute-force,high,WHITE,blocklist.de/ssh|blocklist.de/all|ziyadnz/hourly-ipv4,blocklist.de|ssh|bot|irc-bot|brute-force|ziyadnz|hourly,2026-08-17T18:48:05Z,2026-08-17T18:48:05Z,
167.71.216.53,ipv4,ssh-brute-force,high,WHITE,blocklist.de/ssh|blocklist.de/all|ziyadnz/hourly-ipv4,blocklist.de|ssh|bot|irc-bot|brute-force|ziyadnz|hourly,2026-08-17T18:48:05Z,2026-08-17T18:48:05Z,
167.71.222.255,ipv4,ssh-brute-force,high,WHITE,blocklist.de/ssh|blocklist.de/all|ziyadnz/hourly-ipv4,blocklist.de|ssh|bot|irc-bot|brute-force|ziyadnz|hourly,2026-08-17T18:48:05Z,2026-08-17T18:48:05Z,
167.71.39.126,ipv4,ssh-brute-force,high,WHITE,blocklist.de/ssh|blocklist.de/all|ziyadnz/hourly-ipv4,blocklist.de|ssh|bot|irc-bot|brute-force|ziyadnz|hourly,2026-08-17T18:48:05Z,2026-08-17T18:48:05Z,
167.71.48.103,ipv4,ssh-brute-force,high,WHITE,blocklist.de/ssh|blocklist.de/all|ziyadnz/hourly-ipv4,blocklist.de|ssh|bot|irc-bot|brute-force|ziyadnz|hourly,2026-08-17T18:48:05Z,2026-08-17T18:48:05Z,
167.71.72.95,ipv4,ssh-brute-force,high,WHITE,blocklist.de/ssh|blocklist.de/all|ziyadnz/hourly-ipv4,blocklist.de|ssh|bot|irc-bot|brute-force|ziyadnz|hourly,2026-08-17T18:48:05Z,2026-08-17T18:48:05Z,
167.71.83.127,ipv4,ssh-brute-force,high,WHITE,blocklist.de/ssh|blocklist.de/all|ziyadnz/hourly-ipv4,blocklist.de|ssh|bot|irc-bot|brute-force|ziyadnz|hourly,2026-08-17T18:48:05Z,2026-08-17T18:48:05Z,
167.94.146.49,ipv4,ssh-brute-force,high,WHITE,blocklist.de/ssh|blocklist.de/all|ziyadnz/hourly-ipv4,blocklist.de|ssh|bot|irc-bot|brute-force|ziyadnz|hourly,2026-08-17T18:48:05Z,2026-08-17T18:48:05Z,
167.94.146.51,ipv4,ssh-brute-force,high,WHITE,blocklist.de/ssh|blocklist.de/all|ziyadnz/hourly-ipv4,blocklist.de|ssh|bot|irc-bot|brute-force|ziyadnz|hourly,2026-08-17T18:48:05Z,2026-08-17T18:48:05Z,
167.94.146.57,ipv4,ssh-brute-force,high,WHITE,blocklist.de/ssh|blocklist.de/all|ziyadnz/hourly-ipv4,blocklist.de|ssh|bot|irc-bot|brute-force|ziyadnz|hourly,2026-08-17T18:48:05Z,2026-08-17T18:48:05Z,
167.94.146.58,ipv4,ssh-brute-force,high,WHITE,blocklist.de/ssh|blocklist.de/all|ziyadnz/hourly-ipv4,blocklist.de|ssh|bot|irc-bot|brute-force|ziyadnz|hourly,2026-08-17T18:48:05Z,2026-08-17T18:48:05Z,
167.99.234.119,ipv4,ssh-brute-force,high,WHITE,blocklist.de/ssh|blocklist.de/all|ziyadnz/hourly-ipv4,blocklist.de|ssh|bot|irc-bot|brute-force|ziyadnz|hourly,2026-08-17T18:48:05Z,2026-08-17T18:48:05Z,
167.99.66.42,ipv4,ssh-brute-force,high,WHITE,blocklist.de/ssh|blocklist.de/all|ziyadnz/hourly-ipv4,blocklist.de|ssh|bot|irc-bot|brute-force|ziyadnz|hourly,2026-08-17T18:48:05Z,2026-08-17T18:48:05Z,
167.99.76.192,ipv4,ssh-brute-force,high,WHITE,blocklist.de/ssh|blocklist.de/all|ziyadnz/hourly-ipv4,blocklist.de|ssh|bot|irc-bot|brute-force|ziyadnz|hourly,2026-08-17T18:48:05Z,2026-08-17T18:48:05Z,
168.107.26.33,ipv4,ssh-brute-force,high,WHITE,blocklist.de/ssh|blocklist.de/all|ziyadnz/hourly-ipv4,blocklist.de|ssh|bot|irc-bot|brute-force|ziyadnz|hourly,2026-08-17T18:48:05Z,2026-08-17T18:48:05Z,
168.110.102.254,ipv4,ssh-brute-force,high,WHITE,blocklist.de/ssh|blocklist.de/all|ziyadnz/hourly-ipv4,blocklist.de|ssh|bot|irc-bot|brute-force|ziyadnz|hourly,2026-08-17T18:48:05Z,2026-08-17T18:48:05Z,
168.110.104.103,ipv4,ssh-brute-force,high,WHITE,blocklist.de/ssh|blocklist.de/all|ziyadnz/hourly-ipv4,blocklist.de|ssh|bot|irc-bot|brute-force|ziyadnz|hourly,2026-08-17T18:48:05Z,2026-08-17T18:48:05Z,
168.138.195.242,ipv4,ssh-brute-force,high,WHITE,blocklist.de/ssh|blocklist.de/all|ziyadnz/hourly-ipv4,blocklist.de|ssh|bot|irc-bot|brute-force|ziyadnz|hourly,2026-08-17T18:48:05Z,2026-08-17T18:48:05Z,
168.144.134.137,ipv4,ssh-brute-force,high,WHITE,blocklist.de/ssh|blocklist.de/all|ziyadnz/hourly-ipv4,blocklist.de|ssh|bot|irc-bot|brute-force|ziyadnz|hourly,2026-08-17T18:48:05Z,2026-08-17T18:48:05Z,
168.144.28.166,ipv4,ssh-brute-force,high,WHITE,blocklist.de/ssh|blocklist.de/all|ziyadnz/hourly-ipv4,blocklist.de|ssh|bot|irc-bot|brute-force|ziyadnz|hourly,2026-08-17T18:48:05Z,2026-08-17T18:48:05Z,
168.144.65.188,ipv4,ssh-brute-force,high,WHITE,blocklist.de/ssh|blocklist.de/all|ziyadnz/hourly-ipv4,blocklist.de|ssh|bot|irc-bot|brute-force|ziyadnz|hourly,2026-08-17T18:48:05Z,2026-08-17T18:48:05Z,
168.144.77.241,ipv4,ssh-brute-force,high,WHITE,blocklist.de/ssh|blocklist.de/all|ziyadnz/hourly-ipv4,blocklist.de|ssh|bot|irc-bot|brute-force|ziyadnz|hourly,2026-08-17T18:48:05Z,2026-08-17T18:48:05Z,
168.181.209.153,ipv4,ssh-brute-force,high,WHITE,blocklist.de/ssh|blocklist.de/all|ziyadnz/hourly-ipv4,blocklist.de|ssh|bot|irc-bot|brute-force|ziyadnz|hourly,2026-08-17T18:48:05Z,2026-08-17T18:48:05Z,
168.195.224.148,ipv4,ssh-brute-force,high,WHITE,blocklist.de/ssh|blocklist.de/all|ziyadnz/hourly-ipv4,blocklist.de|ssh|bot|irc-bot|brute-force|ziyadnz|hourly,2026-08-17T18:48:05Z,2026-08-17T18:48:05Z,
168.196.141.224,ipv4,ssh-brute-force,high,WHITE,blocklist.de/ssh|blocklist.de/all|ziyadnz/hourly-ipv4,blocklist.de|ssh|bot|irc-bot|brute-force|ziyadnz|hourly,2026-08-17T18:48:05Z,2026-08-17T18:48:05Z,
168.76.131.178,ipv4,ssh-brute-force,high,WHITE,blocklist.de/ssh|blocklist.de/all|ziyadnz/hourly-ipv4,blocklist.de|ssh|bot|irc-bot|brute-force|ziyadnz|hourly,2026-08-17T18:48:05Z,2026-08-17T18:48:05Z,
168.90.14.251,ipv4,ssh-brute-force,high,WHITE,blocklist.de/ssh|blocklist.de/all|ziyadnz/hourly-ipv4,blocklist.de|ssh|bot|irc-bot|brute-force|ziyadnz|hourly,2026-08-17T18:48:05Z,2026-08-17T18:48:05Z,
169.224.8.216,ipv4,ssh-brute-force,high,WHITE,blocklist.de/ssh|blocklist.de/all|ziyadnz/hourly-ipv4,blocklist.de|ssh|bot|irc-bot|brute-force|ziyadnz|hourly,2026-08-17T18:48:05Z,2026-08-17T18:48:05Z,
169.239.85.50,ipv4,ssh-brute-force,high,WHITE,blocklist.de/ssh|blocklist.de/all|ziyadnz/hourly-ipv4,blocklist.de|ssh|bot|irc-bot|brute-force|ziyadnz|hourly,2026-08-17T18:48:05Z,2026-08-17T18:48:05Z,
169.58.57.214,ipv4,ssh-brute-force,high,WHITE,blocklist.de/ssh|blocklist.de/all|ziyadnz/hourly-ipv4,blocklist.de|ssh|bot|irc-bot|brute-force|ziyadnz|hourly,2026-08-17T18:48:05Z,2026-08-17T18:48:05Z,
170.0.62.173,ipv4,ssh-brute-force,high,WHITE,blocklist.de/ssh|blocklist.de/all|ziyadnz/hourly-ipv4,blocklist.de|ssh|bot|irc-bot|brute-force|ziyadnz|hourly,2026-08-17T18:48:05Z,2026-08-17T18:48:05Z,
170.0.62.246,ipv4,ssh-brute-force,high,WHITE,blocklist.de/ssh|blocklist.de/all|ziyadnz/hourly-ipv4,blocklist.de|ssh|bot|irc-bot|brute-force|ziyadnz|hourly,2026-08-17T18:48:05Z,2026-08-17T18:48:05Z,
170.100.181.89,ipv4,ssh-brute-force,high,WHITE,blocklist.de/ssh|blocklist.de/all|ziyadnz/hourly-ipv4,blocklist.de|ssh|bot|irc-bot|brute-force|ziyadnz|hourly,2026-08-17T18:48:05Z,2026-08-17T18:48:05Z,
170.106.153.232,ipv4,ssh-brute-force,high,WHITE,blocklist.de/ssh|blocklist.de/all|ziyadnz/hourly-ipv4,blocklist.de|ssh|bot|irc-bot|brute-force|ziyadnz|hourly,2026-08-17T18:48:05Z,2026-08-17T18:48:05Z,
170.233.28.30,ipv4,ssh-brute-force,high,WHITE,blocklist.de/ssh|blocklist.de/all|ziyadnz/hourly-ipv4,blocklist.de|ssh|bot|irc-bot|brute-force|ziyadnz|hourly,2026-08-17T18:48:05Z,2026-08-17T18:48:05Z,
170.233.28.37,ipv4,ssh-brute-force,high,WHITE,blocklist.de/ssh|blocklist.de/all|ziyadnz/hourly-ipv4,blocklist.de|ssh|bot|irc-bot|brute-force|ziyadnz|hourly,2026-08-17T18:48:05Z,2026-08-17T18:48:05Z,
170.239.205.157,ipv4,ssh-brute-force,high,WHITE,blocklist.de/ssh|blocklist.de/all|ziyadnz/hourly-ipv4,blocklist.de|ssh|bot|irc-bot|brute-force|ziyadnz|hourly,2026-08-17T18:48:05Z,2026-08-17T18:48:05Z,
170.244.190.63,ipv4,ssh-brute-force,high,WHITE,blocklist.de/ssh|blocklist.de/all|ziyadnz/hourly-ipv4,blocklist.de|ssh|bot|irc-bot|brute-force|ziyadnz|hourly,2026-08-17T18:48:05Z,2026-08-17T18:48:05Z,
170.245.171.170,ipv4,ssh-brute-force,high,WHITE,blocklist.de/ssh|blocklist.de/all|ziyadnz/hourly-ipv4,blocklist.de|ssh|bot|irc-bot|brute-force|ziyadnz|hourly,2026-08-17T18:48:05Z,2026-08-17T18:48:05Z,
170.245.50.68,ipv4,ssh-brute-force,high,WHITE,blocklist.de/ssh|blocklist.de/all|ziyadnz/hourly-ipv4,blocklist.de|ssh|bot|irc-bot|brute-force|ziyadnz|hourly,2026-08-17T18:48:05Z,2026-08-17T18:48:05Z,
170.247.123.171,ipv4,ssh-brute-force,high,WHITE,blocklist.de/ssh|blocklist.de/all|ziyadnz/hourly-ipv4,blocklist.de|ssh|bot|irc-bot|brute-force|ziyadnz|hourly,2026-08-17T18:48:05Z,2026-08-17T18:48:05Z,
170.78.223.56,ipv4,ssh-brute-force,high,WHITE,blocklist.de/ssh|blocklist.de/all|ziyadnz/hourly-ipv4,blocklist.de|ssh|bot|irc-bot|brute-force|ziyadnz|hourly,2026-08-17T18:48:05Z,2026-08-17T18:48:05Z,
170.79.42.123,ipv4,ssh-brute-force,high,WHITE,blocklist.de/ssh|blocklist.de/all|ziyadnz/hourly-ipv4,blocklist.de|ssh|bot|irc-bot|brute-force|ziyadnz|hourly,2026-08-17T18:48:05Z,2026-08-17T18:48:05Z,
170.82.129.8,ipv4,ssh-brute-force,high,WHITE,blocklist.de/ssh|blocklist.de/all|ziyadnz/hourly-ipv4,blocklist.de|ssh|bot|irc-bot|brute-force|ziyadnz|hourly,2026-08-17T18:48:05Z,2026-08-17T18:48:05Z,
171.104.143.176,ipv4,ssh-brute-force,high,WHITE,blocklist.de/ssh|blocklist.de/all|ziyadnz/hourly-ipv4,blocklist.de|ssh|bot|irc-bot|brute-force|ziyadnz|hourly,2026-08-17T18:48:05Z,2026-08-17T18:48:05Z,
171.109.111.69,ipv4,ssh-brute-force,high,WHITE,blocklist.de/ssh|blocklist.de/all|ziyadnz/hourly-ipv4,blocklist.de|ssh|bot|irc-bot|brute-force|ziyadnz|hourly,2026-08-17T18:48:05Z,2026-08-17T18:48:05Z,
171.216.138.237,ipv4,ssh-brute-force,high,WHITE,blocklist.de/ssh|blocklist.de/all|ziyadnz/hourly-ipv4,blocklist.de|ssh|bot|irc-bot|brute-force|ziyadnz|hourly,2026-08-17T18:48:05Z,2026-08-17T18:48:05Z,
171.217.72.203,ipv4,ssh-brute-force,high,WHITE,blocklist.de/ssh|blocklist.de/all|ziyadnz/hourly-ipv4,blocklist.de|ssh|bot|irc-bot|brute-force|ziyadnz|hourly,2026-08-17T18:48:05Z,2026-08-17T18:48:05Z,
171.22.174.246,ipv4,ssh-brute-force,high,WHITE,blocklist.de/ssh|blocklist.de/all|ziyadnz/hourly-ipv4,blocklist.de|ssh|bot|irc-bot|brute-force|ziyadnz|hourly,2026-08-17T18:48:05Z,2026-08-17T18:48:05Z,
171.220.244.134,ipv4,ssh-brute-force,high,WHITE,blocklist.de/ssh|blocklist.de/all|ziyadnz/hourly-ipv4,blocklist.de|ssh|bot|irc-bot|brute-force|ziyadnz|hourly,2026-08-17T18:48:05Z,2026-08-17T18:48:05Z,
171.221.205.30,ipv4,ssh-brute-force,high,WHITE,blocklist.de/ssh|blocklist.de/all|ziyadnz/hourly-ipv4,blocklist.de|ssh|bot|irc-bot|brute-force|ziyadnz|hourly,2026-08-17T18:48:05Z,2026-08-17T18:48:05Z,
171.225.9.162,ipv4,ssh-brute-force,high,WHITE,blocklist.de/ssh|blocklist.de/all|ziyadnz/hourly-ipv4,blocklist.de|ssh|bot|irc-bot|brute-force|ziyadnz|hourly,2026-08-17T18:48:05Z,2026-08-17T18:48:05Z,
171.231.176.245,ipv4,ssh-brute-force,high,WHITE,blocklist.de/ssh|blocklist.de/all|ziyadnz/hourly-ipv4,blocklist.de|ssh|bot|irc-bot|brute-force|ziyadnz|hourly,2026-08-17T18:48:05Z,2026-08-17T18:48:05Z,
171.231.185.127,ipv4,ssh-brute-force,high,WHITE,blocklist.de/ssh|blocklist.de/all|ziyadnz/hourly-ipv4,blocklist.de|ssh|bot|irc-bot|brute-force|ziyadnz|hourly,2026-08-17T18:48:05Z,2026-08-17T18:48:05Z,
171.231.188.249,ipv4,ssh-brute-force,high,WHITE,blocklist.de/ssh|blocklist.de/all|ziyadnz/hourly-ipv4,blocklist.de|ssh|bot|irc-bot|brute-force|ziyadnz|hourly,2026-08-17T18:48:05Z,2026-08-17T18:48:05Z,
171.231.188.78,ipv4,ssh-brute-force,high,WHITE,blocklist.de/ssh|blocklist.de/all|ziyadnz/hourly-ipv4,blocklist.de|ssh|bot|irc-bot|brute-force|ziyadnz|hourly,2026-08-17T18:48:05Z,2026-08-17T18:48:05Z,
171.231.189.154,ipv4,ssh-brute-force,high,WHITE,blocklist.de/ssh|blocklist.de/all|ziyadnz/hourly-ipv4,blocklist.de|ssh|bot|irc-bot|brute-force|ziyadnz|hourly,2026-08-17T18:48:05Z,2026-08-17T18:48:05Z,
171.231.189.174,ipv4,ssh-brute-force,high,WHITE,blocklist.de/ssh|blocklist.de/all|ziyadnz/hourly-ipv4,blocklist.de|ssh|bot|irc-bot|brute-force|ziyadnz|hourly,2026-08-17T18:48:05Z,2026-08-17T18:48:05Z,
171.231.190.83,ipv4,ssh-brute-force,high,WHITE,blocklist.de/ssh|blocklist.de/all|ziyadnz/hourly-ipv4,blocklist.de|ssh|bot|irc-bot|brute-force|ziyadnz|hourly,2026-08-17T18:48:05Z,2026-08-17T18:48:05Z,
171.231.194.192,ipv4,ssh-brute-force,high,WHITE,blocklist.de/ssh|blocklist.de/all|ziyadnz/hourly-ipv4,blocklist.de|ssh|bot|irc-bot|brute-force|ziyadnz|hourly,2026-08-17T18:48:05Z,2026-08-17T18:48:05Z,
171.231.197.182,ipv4,ssh-brute-force,high,WHITE,blocklist.de/ssh|blocklist.de/all|ziyadnz/hourly-ipv4,blocklist.de|ssh|bot|irc-bot|brute-force|ziyadnz|hourly,2026-08-17T18:48:05Z,2026-08-17T18:48:05Z,
171.231.197.203,ipv4,ssh-brute-force,high,WHITE,blocklist.de/ssh|blocklist.de/all|ziyadnz/hourly-ipv4,blocklist.de|ssh|bot|irc-bot|brute-force|ziyadnz|hourly,2026-08-17T18:48:05Z,2026-08-17T18:48:05Z,
171.237.176.209,ipv4,ssh-brute-force,high,WHITE,blocklist.de/ssh|blocklist.de/all|ziyadnz/hourly-ipv4,blocklist.de|ssh|bot|irc-bot|brute-force|ziyadnz|hourly,2026-08-17T18:48:05Z,2026-08-17T18:48:05Z,
171.243.151.22,ipv4,ssh-brute-force,high,WHITE,blocklist.de/ssh|blocklist.de/all|ziyadnz/hourly-ipv4,blocklist.de|ssh|bot|irc-bot|brute-force|ziyadnz|hourly,2026-08-17T18:48:05Z,2026-08-17T18:48:05Z,
171.244.141.86,ipv4,ssh-brute-force,high,WHITE,blocklist.de/ssh|blocklist.de/all|ziyadnz/hourly-ipv4,blocklist.de|ssh|bot|irc-bot|brute-force|ziyadnz|hourly,2026-08-17T18:48:05Z,2026-08-17T18:48:05Z,
171.244.185.149,ipv4,ssh-brute-force,high,WHITE,blocklist.de/ssh|blocklist.de/all|ziyadnz/hourly-ipv4,blocklist.de|ssh|bot|irc-bot|brute-force|ziyadnz|hourly,2026-08-17T18:48:05Z,2026-08-17T18:48:05Z,
171.244.201.80,ipv4,ssh-brute-force,high,WHITE,blocklist.de/ssh|blocklist.de/all|ziyadnz/hourly-ipv4,blocklist.de|ssh|bot|irc-bot|brute-force|ziyadnz|hourly,2026-08-17T18:48:05Z,2026-08-17T18:48:05Z,
171.244.39.95,ipv4,ssh-brute-force,high,WHITE,blocklist.de/ssh|blocklist.de/all|ziyadnz/hourly-ipv4,blocklist.de|ssh|bot|irc-bot|brute-force|ziyadnz|hourly,2026-08-17T18:48:05Z,2026-08-17T18:48:05Z,
171.244.61.237,ipv4,ssh-brute-force,high,WHITE,blocklist.de/ssh|blocklist.de/all|ziyadnz/hourly-ipv4,blocklist.de|ssh|bot|irc-bot|brute-force|ziyadnz|hourly,2026-08-17T18:48:05Z,2026-08-17T18:48:05Z,
171.25.158.24,ipv4,ssh-brute-force,high,WHITE,blocklist.de/ssh|blocklist.de/all|ziyadnz/hourly-ipv4,blocklist.de|ssh|bot|irc-bot|brute-force|ziyadnz|hourly,2026-08-17T18:48:05Z,2026-08-17T18:48:05Z,
171.25.158.47,ipv4,ssh-brute-force,high,WHITE,blocklist.de/ssh|blocklist.de/all|ziyadnz/hourly-ipv4,blocklist.de|ssh|bot|irc-bot|brute-force|ziyadnz|hourly,2026-08-17T18:48:05Z,2026-08-17T18:48:05Z,
171.25.158.57,ipv4,ssh-brute-force,high,WHITE,blocklist.de/ssh|blocklist.de/all|ziyadnz/hourly-ipv4,blocklist.de|ssh|bot|irc-bot|brute-force|ziyadnz|hourly,2026-08-17T18:48:05Z,2026-08-17T18:48:05Z,
171.25.158.68,ipv4,ssh-brute-force,high,WHITE,blocklist.de/ssh|blocklist.de/all|ziyadnz/hourly-ipv4,blocklist.de|ssh|bot|irc-bot|brute-force|ziyadnz|hourly,2026-08-17T18:48:05Z,2026-08-17T18:48:05Z,
171.25.158.70,ipv4,ssh-brute-force,high,WHITE,blocklist.de/ssh|blocklist.de/all|ziyadnz/hourly-ipv4,blocklist.de|ssh|bot|irc-bot|brute-force|ziyadnz|hourly,2026-08-17T18:48:05Z,2026-08-17T18:48:05Z,
171.25.158.74,ipv4,ssh-brute-force,high,WHITE,blocklist.de/ssh|blocklist.de/all|ziyadnz/hourly-ipv4,blocklist.de|ssh|bot|irc-bot|brute-force|ziyadnz|hourly,2026-08-17T18:48:05Z,2026-08-17T18:48:05Z,
171.25.158.80,ipv4,ssh-brute-force,high,WHITE,blocklist.de/ssh|blocklist.de/all|ziyadnz/hourly-ipv4,blocklist.de|ssh|bot|irc-bot|brute-force|ziyadnz|hourly,2026-08-17T18:48:05Z,2026-08-17T18:48:05Z,
171.25.158.82,ipv4,ssh-brute-force,high,WHITE,blocklist.de/ssh|blocklist.de/all|ziyadnz/hourly-ipv4,blocklist.de|ssh|bot|irc-bot|brute-force|ziyadnz|hourly,2026-08-17T18:48:05Z,2026-08-17T18:48:05Z,
171.25.158.87,ipv4,ssh-brute-force,high,WHITE,blocklist.de/ssh|blocklist.de/all|ziyadnz/hourly-ipv4,blocklist.de|ssh|bot|irc-bot|brute-force|ziyadnz|hourly,2026-08-17T18:48:05Z,2026-08-17T18:48:05Z,
171.4.250.146,ipv4,ssh-brute-force,high,WHITE,blocklist.de/ssh|blocklist.de/all|ziyadnz/hourly-ipv4,blocklist.de|ssh|bot|irc-bot|brute-force|ziyadnz|hourly,2026-08-17T18:48:05Z,2026-08-17T18:48:05Z,
171.6.158.87,ipv4,ssh-brute-force,high,WHITE,blocklist.de/ssh|blocklist.de/all|ziyadnz/hourly-ipv4,blocklist.de|ssh|bot|irc-bot|brute-force|ziyadnz|hourly,2026-08-17T18:48:05Z,2026-08-17T18:48:05Z,
171.61.19.53,ipv4,ssh-brute-force,high,WHITE,blocklist.de/ssh|blocklist.de/all|ziyadnz/hourly-ipv4,blocklist.de|ssh|bot|irc-bot|brute-force|ziyadnz|hourly,2026-08-17T18:48:05Z,2026-08-17T18:48:05Z,
171.8.40.97,ipv4,ssh-brute-force,high,WHITE,blocklist.de/ssh|blocklist.de/all|ziyadnz/hourly-ipv4,blocklist.de|ssh|bot|irc-bot|brute-force|ziyadnz|hourly,2026-08-17T18:48:05Z,2026-08-17T18:48:05Z,
171.83.27.162,ipv4,ssh-brute-force,high,WHITE,blocklist.de/ssh|blocklist.de/all|ziyadnz/hourly-ipv4,blocklist.de|ssh|bot|irc-bot|brute-force|ziyadnz|hourly,2026-08-17T18:48:05Z,2026-08-17T18:48:05Z,
171.97.205.86,ipv4,ssh-brute-force,high,WHITE,blocklist.de/ssh|blocklist.de/all|ziyadnz/hourly-ipv4,blocklist.de|ssh|bot|irc-bot|brute-force|ziyadnz|hourly,2026-08-17T18:48:05Z,2026-08-17T18:48:05Z,
172.104.11.46,ipv4,ssh-brute-force,high,WHITE,blocklist.de/ssh|blocklist.de/all|ziyadnz/hourly-ipv4,blocklist.de|ssh|bot|irc-bot|brute-force|ziyadnz|hourly,2026-08-17T18:48:05Z,2026-08-17T18:48:05Z,
172.104.134.185,ipv4,ssh-brute-force,high,WHITE,blocklist.de/ssh|blocklist.de/all|ziyadnz/hourly-ipv4,blocklist.de|ssh|bot|irc-bot|brute-force|ziyadnz|hourly,2026-08-17T18:48:05Z,2026-08-17T18:48:05Z,
172.104.210.105,ipv4,ssh-brute-force,high,WHITE,blocklist.de/ssh|blocklist.de/all|ziyadnz/hourly-ipv4,blocklist.de|ssh|bot|irc-bot|brute-force|ziyadnz|hourly,2026-08-17T18:48:05Z,2026-08-17T18:48:05Z,
172.117.175.191,ipv4,ssh-brute-force,high,WHITE,blocklist.de/ssh|blocklist.de/all|ziyadnz/hourly-ipv4,blocklist.de|ssh|bot|irc-bot|brute-force|ziyadnz|hourly,2026-08-17T18:48:05Z,2026-08-17T18:48:05Z,
172.118.83.237,ipv4,ssh-brute-force,high,WHITE,blocklist.de/ssh|blocklist.de/all|ziyadnz/hourly-ipv4,blocklist.de|ssh|bot|irc-bot|brute-force|ziyadnz|hourly,2026-08-17T18:48:05Z,2026-08-17T18:48:05Z,
172.171.233.230,ipv4,ssh-brute-force,high,WHITE,blocklist.de/ssh|blocklist.de/all|ziyadnz/hourly-ipv4,blocklist.de|ssh|bot|irc-bot|brute-force|ziyadnz|hourly,2026-08-17T18:48:05Z,2026-08-17T18:48:05Z,
172.172.131.149,ipv4,ssh-brute-force,high,WHITE,blocklist.de/ssh|blocklist.de/all|ziyadnz/hourly-ipv4,blocklist.de|ssh|bot|irc-bot|brute-force|ziyadnz|hourly,2026-08-17T18:48:05Z,2026-08-17T18:48:05Z,
172.172.170.199,ipv4,ssh-brute-force,high,WHITE,blocklist.de/ssh|blocklist.de/all|ziyadnz/hourly-ipv4,blocklist.de|ssh|bot|irc-bot|brute-force|ziyadnz|hourly,2026-08-17T18:48:05Z,2026-08-17T18:48:05Z,
172.172.180.124,ipv4,ssh-brute-force,high,WHITE,blocklist.de/ssh|blocklist.de/all|ziyadnz/hourly-ipv4,blocklist.de|ssh|bot|irc-bot|brute-force|ziyadnz|hourly,2026-08-17T18:48:05Z,2026-08-17T18:48:05Z,
172.172.196.177,ipv4,ssh-brute-force,high,WHITE,blocklist.de/ssh|blocklist.de/all|ziyadnz/hourly-ipv4,blocklist.de|ssh|bot|irc-bot|brute-force|ziyadnz|hourly,2026-08-17T18:48:05Z,2026-08-17T18:48:05Z,
172.172.214.224,ipv4,ssh-brute-force,high,WHITE,blocklist.de/ssh|blocklist.de/all|ziyadnz/hourly-ipv4,blocklist.de|ssh|bot|irc-bot|brute-force|ziyadnz|hourly,2026-08-17T18:48:05Z,2026-08-17T18:48:05Z,
172.174.17.234,ipv4,ssh-brute-force,high,WHITE,blocklist.de/ssh|blocklist.de/all|ziyadnz/hourly-ipv4,blocklist.de|ssh|bot|irc-bot|brute-force|ziyadnz|hourly,2026-08-17T18:48:05Z,2026-08-17T18:48:05Z,
172.174.245.26,ipv4,ssh-brute-force,high,WHITE,blocklist.de/ssh|blocklist.de/all|ziyadnz/hourly-ipv4,blocklist.de|ssh|bot|irc-bot|brute-force|ziyadnz|hourly,2026-08-17T18:48:05Z,2026-08-17T18:48:05Z,
172.174.46.118,ipv4,ssh-brute-force,high,WHITE,blocklist.de/ssh|blocklist.de/all|ziyadnz/hourly-ipv4,blocklist.de|ssh|bot|irc-bot|brute-force|ziyadnz|hourly,2026-08-17T18:48:05Z,2026-08-17T18:48:05Z,
172.174.72.225,ipv4,ssh-brute-force,high,WHITE,blocklist.de/ssh|blocklist.de/all|ziyadnz/hourly-ipv4,blocklist.de|ssh|bot|irc-bot|brute-force|ziyadnz|hourly,2026-08-17T18:48:05Z,2026-08-17T18:48:05Z,
172.174.73.162,ipv4,ssh-brute-force,high,WHITE,blocklist.de/ssh|blocklist.de/all|ziyadnz/hourly-ipv4,blocklist.de|ssh|bot|irc-bot|brute-force|ziyadnz|hourly,2026-08-17T18:48:05Z,2026-08-17T18:48:05Z,
172.178.16.179,ipv4,ssh-brute-force,high,WHITE,blocklist.de/ssh|blocklist.de/all|ziyadnz/hourly-ipv4,blocklist.de|ssh|bot|irc-bot|brute-force|ziyadnz|hourly,2026-08-17T18:48:05Z,2026-08-17T18:48:05Z,
172.185.24.228,ipv4,ssh-brute-force,high,WHITE,blocklist.de/ssh|blocklist.de/all|ziyadnz/hourly-ipv4,blocklist.de|ssh|bot|irc-bot|brute-force|ziyadnz|hourly,2026-08-17T18:48:05Z,2026-08-17T18:48:05Z,
172.190.100.10,ipv4,ssh-brute-force,high,WHITE,blocklist.de/ssh|blocklist.de/all|ziyadnz/hourly-ipv4,blocklist.de|ssh|bot|irc-bot|brute-force|ziyadnz|hourly,2026-08-17T18:48:05Z,2026-08-17T18:48:05Z,
172.190.13.234,ipv4,ssh-brute-force,high,WHITE,blocklist.de/ssh|blocklist.de/all|ziyadnz/hourly-ipv4,blocklist.de|ssh|bot|irc-bot|brute-force|ziyadnz|hourly,2026-08-17T18:48:05Z,2026-08-17T18:48:05Z,
172.190.216.105,ipv4,ssh-brute-force,high,WHITE,blocklist.de/ssh|blocklist.de/all|ziyadnz/hourly-ipv4,blocklist.de|ssh|bot|irc-bot|brute-force|ziyadnz|hourly,2026-08-17T18:48:05Z,2026-08-17T18:48:05Z,
172.190.220.228,ipv4,ssh-brute-force,high,WHITE,blocklist.de/ssh|blocklist.de/all|ziyadnz/hourly-ipv4,blocklist.de|ssh|bot|irc-bot|brute-force|ziyadnz|hourly,2026-08-17T18:48:05Z,2026-08-17T18:48:05Z,
172.190.24.225,ipv4,ssh-brute-force,high,WHITE,blocklist.de/ssh|blocklist.de/all|ziyadnz/hourly-ipv4,blocklist.de|ssh|bot|irc-bot|brute-force|ziyadnz|hourly,2026-08-17T18:48:05Z,2026-08-17T18:48:05Z,
172.190.51.254,ipv4,ssh-brute-force,high,WHITE,blocklist.de/ssh|blocklist.de/all|ziyadnz/hourly-ipv4,blocklist.de|ssh|bot|irc-bot|brute-force|ziyadnz|hourly,2026-08-17T18:48:05Z,2026-08-17T18:48:05Z,
172.190.89.127,ipv4,ssh-brute-force,high,WHITE,blocklist.de/ssh|blocklist.de/all|ziyadnz/hourly-ipv4,blocklist.de|ssh|bot|irc-bot|brute-force|ziyadnz|hourly,2026-08-17T18:48:05Z,2026-08-17T18:48:05Z,
172.191.132.202,ipv4,ssh-brute-force,high,WHITE,blocklist.de/ssh|blocklist.de/all|ziyadnz/hourly-ipv4,blocklist.de|ssh|bot|irc-bot|brute-force|ziyadnz|hourly,2026-08-17T18:48:05Z,2026-08-17T18:48:05Z,
172.191.239.155,ipv4,ssh-brute-force,high,WHITE,blocklist.de/ssh|blocklist.de/all|ziyadnz/hourly-ipv4,blocklist.de|ssh|bot|irc-bot|brute-force|ziyadnz|hourly,2026-08-17T18:48:05Z,2026-08-17T18:48:05Z,
172.191.94.172,ipv4,ssh-brute-force,high,WHITE,blocklist.de/ssh|blocklist.de/all|ziyadnz/hourly-ipv4,blocklist.de|ssh|bot|irc-bot|brute-force|ziyadnz|hourly,2026-08-17T18:48:05Z,2026-08-17T18:48:05Z,
172.202.9.120,ipv4,ssh-brute-force,high,WHITE,blocklist.de/ssh|blocklist.de/all|ziyadnz/hourly-ipv4,blocklist.de|ssh|bot|irc-bot|brute-force|ziyadnz|hourly,2026-08-17T18:48:05Z,2026-08-17T18:48:05Z,
172.203.134.70,ipv4,ssh-brute-force,high,WHITE,blocklist.de/ssh|blocklist.de/all|ziyadnz/hourly-ipv4,blocklist.de|ssh|bot|irc-bot|brute-force|ziyadnz|hourly,2026-08-17T18:48:05Z,2026-08-17T18:48:05Z,
172.203.149.63,ipv4,ssh-brute-force,high,WHITE,blocklist.de/ssh|blocklist.de/all|ziyadnz/hourly-ipv4,blocklist.de|ssh|bot|irc-bot|brute-force|ziyadnz|hourly,2026-08-17T18:48:05Z,2026-08-17T18:48:05Z,
172.208.48.177,ipv4,ssh-brute-force,high,WHITE,blocklist.de/ssh|blocklist.de/all|ziyadnz/hourly-ipv4,blocklist.de|ssh|bot|irc-bot|brute-force|ziyadnz|hourly,2026-08-17T18:48:05Z,2026-08-17T18:48:05Z,
172.211.56.214,ipv4,ssh-brute-force,high,WHITE,blocklist.de/ssh|blocklist.de/all|ziyadnz/hourly-ipv4,blocklist.de|ssh|bot|irc-bot|brute-force|ziyadnz|hourly,2026-08-17T18:48:05Z,2026-08-17T18:48:05Z,
172.214.209.153,ipv4,ssh-brute-force,high,WHITE,blocklist.de/ssh|blocklist.de/all|ziyadnz/hourly-ipv4,blocklist.de|ssh|bot|irc-bot|brute-force|ziyadnz|hourly,2026-08-17T18:48:05Z,2026-08-17T18:48:05Z,
172.222.111.195,ipv4,ssh-brute-force,high,WHITE,blocklist.de/ssh|blocklist.de/all|ziyadnz/hourly-ipv4,blocklist.de|ssh|bot|irc-bot|brute-force|ziyadnz|hourly,2026-08-17T18:48:05Z,2026-08-17T18:48:05Z,
172.232.226.119,ipv4,ssh-brute-force,high,WHITE,blocklist.de/ssh|blocklist.de/all|ziyadnz/hourly-ipv4,blocklist.de|ssh|bot|irc-bot|brute-force|ziyadnz|hourly,2026-08-17T18:48:05Z,2026-08-17T18:48:05Z,
172.234.162.56,ipv4,ssh-brute-force,high,WHITE,blocklist.de/ssh|blocklist.de/all|ziyadnz/hourly-ipv4,blocklist.de|ssh|bot|irc-bot|brute-force|ziyadnz|hourly,2026-08-17T18:48:05Z,2026-08-17T18:48:05Z,
172.235.181.217,ipv4,ssh-brute-force,high,WHITE,blocklist.de/ssh|blocklist.de/all|ziyadnz/hourly-ipv4,blocklist.de|ssh|bot|irc-bot|brute-force|ziyadnz|hourly,2026-08-17T18:48:05Z,2026-08-17T18:48:05Z,
172.235.40.131,ipv4,ssh-brute-force,high,WHITE,blocklist.de/ssh|blocklist.de/all|ziyadnz/hourly-ipv4,blocklist.de|ssh|bot|irc-bot|brute-force|ziyadnz|hourly,2026-08-17T18:48:05Z,2026-08-17T18:48:05Z,
172.236.136.7,ipv4,ssh-brute-force,high,WHITE,blocklist.de/ssh|blocklist.de/all|ziyadnz/hourly-ipv4,blocklist.de|ssh|bot|irc-bot|brute-force|ziyadnz|hourly,2026-08-17T18:48:05Z,2026-08-17T18:48:05Z,
172.236.228.115,ipv4,ssh-brute-force,high,WHITE,blocklist.de/ssh|blocklist.de/all|ziyadnz/hourly-ipv4,blocklist.de|ssh|bot|irc-bot|brute-force|ziyadnz|hourly,2026-08-17T18:48:05Z,2026-08-17T18:48:05Z,
172.236.228.222,ipv4,ssh-brute-force,high,WHITE,blocklist.de/ssh|blocklist.de/all|ziyadnz/hourly-ipv4,blocklist.de|ssh|bot|irc-bot|brute-force|ziyadnz|hourly,2026-08-17T18:48:05Z,2026-08-17T18:48:05Z,
172.236.228.229,ipv4,ssh-brute-force,high,WHITE,blocklist.de/ssh|blocklist.de/all|ziyadnz/hourly-ipv4,blocklist.de|ssh|bot|irc-bot|brute-force|ziyadnz|hourly,2026-08-17T18:48:05Z,2026-08-17T18:48:05Z,
172.245.106.180,ipv4,ssh-brute-force,high,WHITE,blocklist.de/ssh|blocklist.de/all|ziyadnz/hourly-ipv4,blocklist.de|ssh|bot|irc-bot|brute-force|ziyadnz|hourly,2026-08-17T18:48:05Z,2026-08-17T18:48:05Z,
172.245.181.192,ipv4,ssh-brute-force,high,WHITE,blocklist.de/ssh|blocklist.de/all|ziyadnz/hourly-ipv4,blocklist.de|ssh|bot|irc-bot|brute-force|ziyadnz|hourly,2026-08-17T18:48:05Z,2026-08-17T18:48:05Z,
172.245.187.216,ipv4,ssh-brute-force,high,WHITE,blocklist.de/ssh|blocklist.de/all|ziyadnz/hourly-ipv4,blocklist.de|ssh|bot|irc-bot|brute-force|ziyadnz|hourly,2026-08-17T18:48:05Z,2026-08-17T18:48:05Z,
172.248.164.172,ipv4,ssh-brute-force,high,WHITE,blocklist.de/ssh|blocklist.de/all|ziyadnz/hourly-ipv4,blocklist.de|ssh|bot|irc-bot|brute-force|ziyadnz|hourly,2026-08-17T18:48:05Z,2026-08-17T18:48:05Z,
172.7.160.27,ipv4,ssh-brute-force,high,WHITE,blocklist.de/ssh|blocklist.de/all|ziyadnz/hourly-ipv4,blocklist.de|ssh|bot|irc-bot|brute-force|ziyadnz|hourly,2026-08-17T18:48:05Z,2026-08-17T18:48:05Z,
172.79.31.60,ipv4,ssh-brute-force,high,WHITE,blocklist.de/ssh|blocklist.de/all|ziyadnz/hourly-ipv4,blocklist.de|ssh|bot|irc-bot|brute-force|ziyadnz|hourly,2026-08-17T18:48:05Z,2026-08-17T18:48:05Z,
172.83.83.194,ipv4,ssh-brute-force,high,WHITE,blocklist.de/ssh|blocklist.de/all|ziyadnz/hourly-ipv4,blocklist.de|ssh|bot|irc-bot|brute-force|ziyadnz|hourly,2026-08-17T18:48:05Z,2026-08-17T18:48:05Z,
172.94.9.55,ipv4,ssh-brute-force,high,WHITE,blocklist.de/ssh|blocklist.de/all|ziyadnz/hourly-ipv4,blocklist.de|ssh|bot|irc-bot|brute-force|ziyadnz|hourly,2026-08-17T18:48:05Z,2026-08-17T18:48:05Z,
173.188.14.11,ipv4,ssh-brute-force,high,WHITE,blocklist.de/ssh|blocklist.de/all|ziyadnz/hourly-ipv4,blocklist.de|ssh|bot|irc-bot|brute-force|ziyadnz|hourly,2026-08-17T18:48:05Z,2026-08-17T18:48:05Z,
173.2.249.191,ipv4,ssh-brute-force,high,WHITE,blocklist.de/ssh|blocklist.de/all|ziyadnz/hourly-ipv4,blocklist.de|ssh|bot|irc-bot|brute-force|ziyadnz|hourly,2026-08-17T18:48:05Z,2026-08-17T18:48:05Z,
173.214.169.176,ipv4,ssh-brute-force,high,WHITE,blocklist.de/ssh|blocklist.de/all|ziyadnz/hourly-ipv4,blocklist.de|ssh|bot|irc-bot|brute-force|ziyadnz|hourly,2026-08-17T18:48:05Z,2026-08-17T18:48:05Z,
173.249.52.138,ipv4,ssh-brute-force,high,WHITE,blocklist.de/ssh|blocklist.de/all|ziyadnz/hourly-ipv4,blocklist.de|ssh|bot|irc-bot|brute-force|ziyadnz|hourly,2026-08-17T18:48:05Z,2026-08-17T18:48:05Z,
173.255.221.189,ipv4,ssh-brute-force,high,WHITE,blocklist.de/ssh|blocklist.de/all|ziyadnz/hourly-ipv4,blocklist.de|ssh|bot|irc-bot|brute-force|ziyadnz|hourly,2026-08-17T18:48:05Z,2026-08-17T18:48:05Z,
173.255.221.22,ipv4,ssh-brute-force,high,WHITE,blocklist.de/ssh|blocklist.de/all|ziyadnz/hourly-ipv4,blocklist.de|ssh|bot|irc-bot|brute-force|ziyadnz|hourly,2026-08-17T18:48:05Z,2026-08-17T18:48:05Z,
173.68.145.239,ipv4,ssh-brute-force,high,WHITE,blocklist.de/ssh|blocklist.de/all|ziyadnz/hourly-ipv4,blocklist.de|ssh|bot|irc-bot|brute-force|ziyadnz|hourly,2026-08-17T18:48:05Z,2026-08-17T18:48:05Z,
174.138.12.72,ipv4,ssh-brute-force,high,WHITE,blocklist.de/ssh|blocklist.de/all|ziyadnz/hourly-ipv4,blocklist.de|ssh|bot|irc-bot|brute-force|ziyadnz|hourly,2026-08-17T18:48:05Z,2026-08-17T18:48:05Z,
174.138.44.8,ipv4,ssh-brute-force,high,WHITE,blocklist.de/ssh|blocklist.de/all|ziyadnz/hourly-ipv4,blocklist.de|ssh|bot|irc-bot|brute-force|ziyadnz|hourly,2026-08-17T18:48:05Z,2026-08-17T18:48:05Z,
174.138.57.46,ipv4,ssh-brute-force,high,WHITE,blocklist.de/ssh|blocklist.de/all|ziyadnz/hourly-ipv4,blocklist.de|ssh|bot|irc-bot|brute-force|ziyadnz|hourly,2026-08-17T18:48:05Z,2026-08-17T18:48:05Z,
174.35.25.181,ipv4,ssh-brute-force,high,WHITE,blocklist.de/ssh|blocklist.de/all|ziyadnz/hourly-ipv4,blocklist.de|ssh|bot|irc-bot|brute-force|ziyadnz|hourly,2026-08-17T18:48:05Z,2026-08-17T18:48:05Z,
174.61.19.75,ipv4,ssh-brute-force,high,WHITE,blocklist.de/ssh|blocklist.de/all|ziyadnz/hourly-ipv4,blocklist.de|ssh|bot|irc-bot|brute-force|ziyadnz|hourly,2026-08-17T18:48:05Z,2026-08-17T18:48:05Z,
175.100.126.158,ipv4,ssh-brute-force,high,WHITE,blocklist.de/ssh|blocklist.de/all|ziyadnz/hourly-ipv4,blocklist.de|ssh|bot|irc-bot|brute-force|ziyadnz|hourly,2026-08-17T18:48:05Z,2026-08-17T18:48:05Z,
175.11.168.147,ipv4,ssh-brute-force,high,WHITE,blocklist.de/ssh|blocklist.de/all|ziyadnz/hourly-ipv4,blocklist.de|ssh|bot|irc-bot|brute-force|ziyadnz|hourly,2026-08-17T18:48:05Z,2026-08-17T18:48:05Z,
175.11.171.207,ipv4,ssh-brute-force,high,WHITE,blocklist.de/ssh|blocklist.de/all|ziyadnz/hourly-ipv4,blocklist.de|ssh|bot|irc-bot|brute-force|ziyadnz|hourly,2026-08-17T18:48:05Z,2026-08-17T18:48:05Z,
175.112.36.102,ipv4,ssh-brute-force,high,WHITE,blocklist.de/ssh|blocklist.de/all|ziyadnz/hourly-ipv4,blocklist.de|ssh|bot|irc-bot|brute-force|ziyadnz|hourly,2026-08-17T18:48:05Z,2026-08-17T18:48:05Z,
175.12.108.55,ipv4,ssh-brute-force,high,WHITE,blocklist.de/ssh|blocklist.de/all|ziyadnz/hourly-ipv4,blocklist.de|ssh|bot|irc-bot|brute-force|ziyadnz|hourly,2026-08-17T18:48:05Z,2026-08-17T18:48:05Z,
175.170.144.17,ipv4,ssh-brute-force,high,WHITE,blocklist.de/ssh|blocklist.de/all|ziyadnz/hourly-ipv4,blocklist.de|ssh|bot|irc-bot|brute-force|ziyadnz|hourly,2026-08-17T18:48:05Z,2026-08-17T18:48:05Z,
175.198.62.180,ipv4,ssh-brute-force,high,WHITE,blocklist.de/ssh|blocklist.de/all|ziyadnz/hourly-ipv4,blocklist.de|ssh|bot|irc-bot|brute-force|ziyadnz|hourly,2026-08-17T18:48:05Z,2026-08-17T18:48:05Z,
175.206.223.165,ipv4,ssh-brute-force,high,WHITE,blocklist.de/ssh|blocklist.de/all|ziyadnz/hourly-ipv4,blocklist.de|ssh|bot|irc-bot|brute-force|ziyadnz|hourly,2026-08-17T18:48:05Z,2026-08-17T18:48:05Z,
175.215.107.165,ipv4,ssh-brute-force,high,WHITE,blocklist.de/ssh|blocklist.de/all|ziyadnz/hourly-ipv4,blocklist.de|ssh|bot|irc-bot|brute-force|ziyadnz|hourly,2026-08-17T18:48:05Z,2026-08-17T18:48:05Z,
175.215.107.22,ipv4,ssh-brute-force,high,WHITE,blocklist.de/ssh|blocklist.de/all|ziyadnz/hourly-ipv4,blocklist.de|ssh|bot|irc-bot|brute-force|ziyadnz|hourly,2026-08-17T18:48:05Z,2026-08-17T18:48:05Z,
175.25.56.173,ipv4,ssh-brute-force,high,WHITE,blocklist.de/ssh|blocklist.de/all|ziyadnz/hourly-ipv4,blocklist.de|ssh|bot|irc-bot|brute-force|ziyadnz|hourly,2026-08-17T18:48:05Z,2026-08-17T18:48:05Z,
175.30.48.82,ipv4,ssh-brute-force,high,WHITE,blocklist.de/ssh|blocklist.de/all|ziyadnz/hourly-ipv4,blocklist.de|ssh|bot|irc-bot|brute-force|ziyadnz|hourly,2026-08-17T18:48:05Z,2026-08-17T18:48:05Z,
175.6.100.215,ipv4,ssh-brute-force,high,WHITE,blocklist.de/ssh|blocklist.de/all|ziyadnz/hourly-ipv4,blocklist.de|ssh|bot|irc-bot|brute-force|ziyadnz|hourly,2026-08-17T18:48:05Z,2026-08-17T18:48:05Z,
176.103.221.229,ipv4,ssh-brute-force,high,WHITE,blocklist.de/ssh|blocklist.de/all|ziyadnz/hourly-ipv4,blocklist.de|ssh|bot|irc-bot|brute-force|ziyadnz|hourly,2026-08-17T18:48:05Z,2026-08-17T18:48:05Z,
176.108.237.247,ipv4,ssh-brute-force,high,WHITE,blocklist.de/ssh|blocklist.de/all|ziyadnz/hourly-ipv4,blocklist.de|ssh|bot|irc-bot|brute-force|ziyadnz|hourly,2026-08-17T18:48:05Z,2026-08-17T18:48:05Z,
176.108.251.121,ipv4,ssh-brute-force,high,WHITE,blocklist.de/ssh|blocklist.de/all|ziyadnz/hourly-ipv4,blocklist.de|ssh|bot|irc-bot|brute-force|ziyadnz|hourly,2026-08-17T18:48:05Z,2026-08-17T18:48:05Z,
176.112.101.23,ipv4,ssh-brute-force,high,WHITE,blocklist.de/ssh|blocklist.de/all|ziyadnz/hourly-ipv4,blocklist.de|ssh|bot|irc-bot|brute-force|ziyadnz|hourly,2026-08-17T18:48:05Z,2026-08-17T18:48:05Z,
176.112.106.140,ipv4,ssh-brute-force,high,WHITE,blocklist.de/ssh|blocklist.de/all|ziyadnz/hourly-ipv4,blocklist.de|ssh|bot|irc-bot|brute-force|ziyadnz|hourly,2026-08-17T18:48:05Z,2026-08-17T18:48:05Z,
176.112.185.191,ipv4,ssh-brute-force,high,WHITE,blocklist.de/ssh|blocklist.de/all|ziyadnz/hourly-ipv4,blocklist.de|ssh|bot|irc-bot|brute-force|ziyadnz|hourly,2026-08-17T18:48:05Z,2026-08-17T18:48:05Z,
176.112.97.156,ipv4,ssh-brute-force,high,WHITE,blocklist.de/ssh|blocklist.de/all|ziyadnz/hourly-ipv4,blocklist.de|ssh|bot|irc-bot|brute-force|ziyadnz|hourly,2026-08-17T18:48:05Z,2026-08-17T18:48:05Z,
176.113.146.120,ipv4,ssh-brute-force,high,WHITE,blocklist.de/ssh|blocklist.de/all|ziyadnz/hourly-ipv4,blocklist.de|ssh|bot|irc-bot|brute-force|ziyadnz|hourly,2026-08-17T18:48:05Z,2026-08-17T18:48:05Z,
176.117.198.8,ipv4,ssh-brute-force,high,WHITE,blocklist.de/ssh|blocklist.de/all|ziyadnz/hourly-ipv4,blocklist.de|ssh|bot|irc-bot|brute-force|ziyadnz|hourly,2026-08-17T18:48:05Z,2026-08-17T18:48:05Z,
176.118.54.8,ipv4,ssh-brute-force,high,WHITE,blocklist.de/ssh|blocklist.de/all|ziyadnz/hourly-ipv4,blocklist.de|ssh|bot|irc-bot|brute-force|ziyadnz|hourly,2026-08-17T18:48:05Z,2026-08-17T18:48:05Z,
176.120.118.59,ipv4,ssh-brute-force,high,WHITE,blocklist.de/ssh|blocklist.de/all|ziyadnz/hourly-ipv4,blocklist.de|ssh|bot|irc-bot|brute-force|ziyadnz|hourly,2026-08-17T18:48:05Z,2026-08-17T18:48:05Z,
176.121.5.99,ipv4,ssh-brute-force,high,WHITE,blocklist.de/ssh|blocklist.de/all|ziyadnz/hourly-ipv4,blocklist.de|ssh|bot|irc-bot|brute-force|ziyadnz|hourly,2026-08-17T18:48:05Z,2026-08-17T18:48:05Z,
176.122.112.210,ipv4,ssh-brute-force,high,WHITE,blocklist.de/ssh|blocklist.de/all|ziyadnz/hourly-ipv4,blocklist.de|ssh|bot|irc-bot|brute-force|ziyadnz|hourly,2026-08-17T18:48:05Z,2026-08-17T18:48:05Z,
176.124.134.243,ipv4,ssh-brute-force,high,WHITE,blocklist.de/ssh|blocklist.de/all|ziyadnz/hourly-ipv4,blocklist.de|ssh|bot|irc-bot|brute-force|ziyadnz|hourly,2026-08-17T18:48:05Z,2026-08-17T18:48:05Z,
176.195.90.247,ipv4,ssh-brute-force,high,WHITE,blocklist.de/ssh|blocklist.de/all|ziyadnz/hourly-ipv4,blocklist.de|ssh|bot|irc-bot|brute-force|ziyadnz|hourly,2026-08-17T18:48:05Z,2026-08-17T18:48:05Z,
176.209.211.112,ipv4,ssh-brute-force,high,WHITE,blocklist.de/ssh|blocklist.de/all|ziyadnz/hourly-ipv4,blocklist.de|ssh|bot|irc-bot|brute-force|ziyadnz|hourly,2026-08-17T18:48:05Z,2026-08-17T18:48:05Z,
176.28.251.48,ipv4,ssh-brute-force,high,WHITE,blocklist.de/ssh|blocklist.de/all|ziyadnz/hourly-ipv4,blocklist.de|ssh|bot|irc-bot|brute-force|ziyadnz|hourly,2026-08-17T18:48:05Z,2026-08-17T18:48:05Z,
176.31.21.38,ipv4,ssh-brute-force,high,WHITE,blocklist.de/ssh|blocklist.de/all|ziyadnz/hourly-ipv4,blocklist.de|ssh|bot|irc-bot|brute-force|ziyadnz|hourly,2026-08-17T18:48:05Z,2026-08-17T18:48:05Z,
176.32.193.16,ipv4,ssh-brute-force,high,WHITE,blocklist.de/ssh|blocklist.de/all|ziyadnz/hourly-ipv4,blocklist.de|ssh|bot|irc-bot|brute-force|ziyadnz|hourly,2026-08-17T18:48:05Z,2026-08-17T18:48:05Z,
176.36.234.111,ipv4,ssh-brute-force,high,WHITE,blocklist.de/ssh|blocklist.de/all|ziyadnz/hourly-ipv4,blocklist.de|ssh|bot|irc-bot|brute-force|ziyadnz|hourly,2026-08-17T18:48:05Z,2026-08-17T18:48:05Z,
176.38.14.247,ipv4,ssh-brute-force,high,WHITE,blocklist.de/ssh|blocklist.de/all|ziyadnz/hourly-ipv4,blocklist.de|ssh|bot|irc-bot|brute-force|ziyadnz|hourly,2026-08-17T18:48:05Z,2026-08-17T18:48:05Z,
176.39.64.250,ipv4,ssh-brute-force,high,WHITE,blocklist.de/ssh|blocklist.de/all|ziyadnz/hourly-ipv4,blocklist.de|ssh|bot|irc-bot|brute-force|ziyadnz|hourly,2026-08-17T18:48:05Z,2026-08-17T18:48:05Z,
176.53.159.197,ipv4,ssh-brute-force,high,WHITE,blocklist.de/ssh|blocklist.de/all|ziyadnz/hourly-ipv4,blocklist.de|ssh|bot|irc-bot|brute-force|ziyadnz|hourly,2026-08-17T18:48:05Z,2026-08-17T18:48:05Z,
176.98.11.108,ipv4,ssh-brute-force,high,WHITE,blocklist.de/ssh|blocklist.de/all|ziyadnz/hourly-ipv4,blocklist.de|ssh|bot|irc-bot|brute-force|ziyadnz|hourly,2026-08-17T18:48:05Z,2026-08-17T18:48:05Z,
176.98.21.34,ipv4,ssh-brute-force,high,WHITE,blocklist.de/ssh|blocklist.de/all|ziyadnz/hourly-ipv4,blocklist.de|ssh|bot|irc-bot|brute-force|ziyadnz|hourly,2026-08-17T18:48:05Z,2026-08-17T18:48:05Z,
176.98.23.254,ipv4,ssh-brute-force,high,WHITE,blocklist.de/ssh|blocklist.de/all|ziyadnz/hourly-ipv4,blocklist.de|ssh|bot|irc-bot|brute-force|ziyadnz|hourly,2026-08-17T18:48:05Z,2026-08-17T18:48:05Z,
177.106.21.172,ipv4,ssh-brute-force,high,WHITE,blocklist.de/ssh|blocklist.de/all|ziyadnz/hourly-ipv4,blocklist.de|ssh|bot|irc-bot|brute-force|ziyadnz|hourly,2026-08-17T18:48:05Z,2026-08-17T18:48:05Z,
177.106.222.114,ipv4,ssh-brute-force,high,WHITE,blocklist.de/ssh|blocklist.de/all|ziyadnz/hourly-ipv4,blocklist.de|ssh|bot|irc-bot|brute-force|ziyadnz|hourly,2026-08-17T18:48:05Z,2026-08-17T18:48:05Z,
177.11.255.249,ipv4,ssh-brute-force,high,WHITE,blocklist.de/ssh|blocklist.de/all|ziyadnz/hourly-ipv4,blocklist.de|ssh|bot|irc-bot|brute-force|ziyadnz|hourly,2026-08-17T18:48:05Z,2026-08-17T18:48:05Z,
177.126.132.44,ipv4,ssh-brute-force,high,WHITE,blocklist.de/ssh|blocklist.de/all|ziyadnz/hourly-ipv4,blocklist.de|ssh|bot|irc-bot|brute-force|ziyadnz|hourly,2026-08-17T18:48:05Z,2026-08-17T18:48:05Z,
177.154.80.172,ipv4,ssh-brute-force,high,WHITE,blocklist.de/ssh|blocklist.de/all|ziyadnz/hourly-ipv4,blocklist.de|ssh|bot|irc-bot|brute-force|ziyadnz|hourly,2026-08-17T18:48:05Z,2026-08-17T18:48:05Z,
177.155.133.175,ipv4,ssh-brute-force,high,WHITE,blocklist.de/ssh|blocklist.de/all|ziyadnz/hourly-ipv4,blocklist.de|ssh|bot|irc-bot|brute-force|ziyadnz|hourly,2026-08-17T18:48:05Z,2026-08-17T18:48:05Z,
177.20.165.170,ipv4,ssh-brute-force,high,WHITE,blocklist.de/ssh|blocklist.de/all|ziyadnz/hourly-ipv4,blocklist.de|ssh|bot|irc-bot|brute-force|ziyadnz|hourly,2026-08-17T18:48:05Z,2026-08-17T18:48:05Z,
177.205.13.154,ipv4,ssh-brute-force,high,WHITE,blocklist.de/ssh|blocklist.de/all|ziyadnz/hourly-ipv4,blocklist.de|ssh|bot|irc-bot|brute-force|ziyadnz|hourly,2026-08-17T18:48:05Z,2026-08-17T18:48:05Z,
177.229.197.38,ipv4,ssh-brute-force,high,WHITE,blocklist.de/ssh|blocklist.de/all|ziyadnz/hourly-ipv4,blocklist.de|ssh|bot|irc-bot|brute-force|ziyadnz|hourly,2026-08-17T18:48:05Z,2026-08-17T18:48:05Z,
177.234.206.248,ipv4,ssh-brute-force,medium,WHITE,blocklist.de/ssh|blocklist.de/all,blocklist.de|ssh|bot|irc-bot|brute-force|ziyadnz|hourly,2026-08-17T18:48:05Z,2026-08-17T18:48:05Z,
177.245.224.234,ipv4,ssh-brute-force,high,WHITE,blocklist.de/ssh|blocklist.de/all|ziyadnz/hourly-ipv4,blocklist.de|ssh|bot|irc-bot|brute-force|ziyadnz|hourly,2026-08-17T18:48:05Z,2026-08-17T18:48:05Z,
177.246.42.39,ipv4,ssh-brute-force,high,WHITE,blocklist.de/ssh|blocklist.de/all|ziyadnz/hourly-ipv4,blocklist.de|ssh|bot|irc-bot|brute-force|ziyadnz|hourly,2026-08-17T18:48:05Z,2026-08-17T18:48:05Z,
177.249.174.246,ipv4,ssh-brute-force,high,WHITE,blocklist.de/ssh|blocklist.de/all|ziyadnz/hourly-ipv4,blocklist.de|ssh|bot|irc-bot|brute-force|ziyadnz|hourly,2026-08-17T18:48:05Z,2026-08-17T18:48:05Z,
177.249.60.139,ipv4,ssh-brute-force,high,WHITE,blocklist.de/ssh|blocklist.de/all|ziyadnz/hourly-ipv4,blocklist.de|ssh|bot|irc-bot|brute-force|ziyadnz|hourly,2026-08-17T18:48:05Z,2026-08-17T18:48:05Z,
177.250.33.44,ipv4,ssh-brute-force,high,WHITE,blocklist.de/ssh|blocklist.de/all|ziyadnz/hourly-ipv4,blocklist.de|ssh|bot|irc-bot|brute-force|ziyadnz|hourly,2026-08-17T18:48:05Z,2026-08-17T18:48:05Z,
177.3.32.174,ipv4,ssh-brute-force,high,WHITE,blocklist.de/ssh|blocklist.de/all|ziyadnz/hourly-ipv4,blocklist.de|ssh|bot|irc-bot|brute-force|ziyadnz|hourly,2026-08-17T18:48:05Z,2026-08-17T18:48:05Z,
177.3.32.49,ipv4,ssh-brute-force,high,WHITE,blocklist.de/ssh|blocklist.de/all|ziyadnz/hourly-ipv4,blocklist.de|ssh|bot|irc-bot|brute-force|ziyadnz|hourly,2026-08-17T18:48:05Z,2026-08-17T18:48:05Z,
177.30.64.232,ipv4,ssh-brute-force,high,WHITE,blocklist.de/ssh|blocklist.de/all|ziyadnz/hourly-ipv4,blocklist.de|ssh|bot|irc-bot|brute-force|ziyadnz|hourly,2026-08-17T18:48:05Z,2026-08-17T18:48:05Z,
177.43.83.43,ipv4,ssh-brute-force,high,WHITE,blocklist.de/ssh|blocklist.de/all|ziyadnz/hourly-ipv4,blocklist.de|ssh|bot|irc-bot|brute-force|ziyadnz|hourly,2026-08-17T18:48:05Z,2026-08-17T18:48:05Z,
177.54.84.57,ipv4,ssh-brute-force,high,WHITE,blocklist.de/ssh|blocklist.de/all|ziyadnz/hourly-ipv4,blocklist.de|ssh|bot|irc-bot|brute-force|ziyadnz|hourly,2026-08-17T18:48:05Z,2026-08-17T18:48:05Z,
177.75.158.107,ipv4,ssh-brute-force,high,WHITE,blocklist.de/ssh|blocklist.de/all|ziyadnz/hourly-ipv4,blocklist.de|ssh|bot|irc-bot|brute-force|ziyadnz|hourly,2026-08-17T18:48:05Z,2026-08-17T18:48:05Z,
177.85.247.230,ipv4,ssh-brute-force,high,WHITE,blocklist.de/ssh|blocklist.de/all|ziyadnz/hourly-ipv4,blocklist.de|ssh|bot|irc-bot|brute-force|ziyadnz|hourly,2026-08-17T18:48:05Z,2026-08-17T18:48:05Z,
177.92.42.67,ipv4,ssh-brute-force,high,WHITE,blocklist.de/ssh|blocklist.de/all|ziyadnz/hourly-ipv4,blocklist.de|ssh|bot|irc-bot|brute-force|ziyadnz|hourly,2026-08-17T18:48:05Z,2026-08-17T18:48:05Z,
178.128.156.52,ipv4,ssh-brute-force,high,WHITE,blocklist.de/ssh|blocklist.de/all|ziyadnz/hourly-ipv4,blocklist.de|ssh|bot|irc-bot|brute-force|ziyadnz|hourly,2026-08-17T18:48:05Z,2026-08-17T18:48:05Z,
178.153.194.6,ipv4,ssh-brute-force,high,WHITE,blocklist.de/ssh|blocklist.de/all|ziyadnz/hourly-ipv4,blocklist.de|ssh|bot|irc-bot|brute-force|ziyadnz|hourly,2026-08-17T18:48:05Z,2026-08-17T18:48:05Z,
178.153.84.106,ipv4,ssh-brute-force,high,WHITE,blocklist.de/ssh|blocklist.de/all|ziyadnz/hourly-ipv4,blocklist.de|ssh|bot|irc-bot|brute-force|ziyadnz|hourly,2026-08-17T18:48:05Z,2026-08-17T18:48:05Z,
178.156.203.2,ipv4,ssh-brute-force,high,WHITE,blocklist.de/ssh|blocklist.de/all|ziyadnz/hourly-ipv4,blocklist.de|ssh|bot|irc-bot|brute-force|ziyadnz|hourly,2026-08-17T18:48:05Z,2026-08-17T18:48:05Z,
178.16.54.226,ipv4,ssh-brute-force,high,WHITE,blocklist.de/ssh|blocklist.de/all|ziyadnz/hourly-ipv4,blocklist.de|ssh|bot|irc-bot|brute-force|ziyadnz|hourly,2026-08-17T18:48:05Z,2026-08-17T18:48:05Z,
178.168.48.209,ipv4,ssh-brute-force,high,WHITE,blocklist.de/ssh|blocklist.de/all|ziyadnz/hourly-ipv4,blocklist.de|ssh|bot|irc-bot|brute-force|ziyadnz|hourly,2026-08-17T18:48:05Z,2026-08-17T18:48:05Z,
178.170.25.165,ipv4,ssh-brute-force,high,WHITE,blocklist.de/ssh|blocklist.de/all|ziyadnz/hourly-ipv4,blocklist.de|ssh|bot|irc-bot|brute-force|ziyadnz|hourly,2026-08-17T18:48:05Z,2026-08-17T18:48:05Z,
178.175.167.211,ipv4,ssh-brute-force,high,WHITE,blocklist.de/ssh|blocklist.de/all|ziyadnz/hourly-ipv4,blocklist.de|ssh|bot|irc-bot|brute-force|ziyadnz|hourly,2026-08-17T18:48:05Z,2026-08-17T18:48:05Z,
178.20.210.151,ipv4,ssh-brute-force,high,WHITE,blocklist.de/ssh|blocklist.de/all|ziyadnz/hourly-ipv4,blocklist.de|ssh|bot|irc-bot|brute-force|ziyadnz|hourly,2026-08-17T18:48:05Z,2026-08-17T18:48:05Z,
178.20.210.152,ipv4,ssh-brute-force,high,WHITE,blocklist.de/ssh|blocklist.de/all|ziyadnz/hourly-ipv4,blocklist.de|ssh|bot|irc-bot|brute-force|ziyadnz|hourly,2026-08-17T18:48:05Z,2026-08-17T18:48:05Z,
178.201.162.195,ipv4,ssh-brute-force,high,WHITE,blocklist.de/ssh|blocklist.de/all|ziyadnz/hourly-ipv4,blocklist.de|ssh|bot|irc-bot|brute-force|ziyadnz|hourly,2026-08-17T18:48:05Z,2026-08-17T18:48:05Z,
178.204.235.159,ipv4,ssh-brute-force,high,WHITE,blocklist.de/ssh|blocklist.de/all|ziyadnz/hourly-ipv4,blocklist.de|ssh|bot|irc-bot|brute-force|ziyadnz|hourly,2026-08-17T18:48:05Z,2026-08-17T18:48:05Z,
178.205.27.81,ipv4,ssh-brute-force,high,WHITE,blocklist.de/ssh|blocklist.de/all|ziyadnz/hourly-ipv4,blocklist.de|ssh|bot|irc-bot|brute-force|ziyadnz|hourly,2026-08-17T18:48:05Z,2026-08-17T18:48:05Z,
178.209.97.14,ipv4,ssh-brute-force,high,WHITE,blocklist.de/ssh|blocklist.de/all|ziyadnz/hourly-ipv4,blocklist.de|ssh|bot|irc-bot|brute-force|ziyadnz|hourly,2026-08-17T18:48:05Z,2026-08-17T18:48:05Z,
178.238.237.140,ipv4,ssh-brute-force,high,WHITE,blocklist.de/ssh|blocklist.de/all|ziyadnz/hourly-ipv4,blocklist.de|ssh|bot|irc-bot|brute-force|ziyadnz|hourly,2026-08-17T18:48:05Z,2026-08-17T18:48:05Z,
178.250.187.63,ipv4,ssh-brute-force,high,WHITE,blocklist.de/ssh|blocklist.de/all|ziyadnz/hourly-ipv4,blocklist.de|ssh|bot|irc-bot|brute-force|ziyadnz|hourly,2026-08-17T18:48:05Z,2026-08-17T18:48:05Z,
178.27.90.142,ipv4,ssh-brute-force,high,WHITE,blocklist.de/ssh|blocklist.de/all|ziyadnz/hourly-ipv4,blocklist.de|ssh|bot|irc-bot|brute-force|ziyadnz|hourly,2026-08-17T18:48:05Z,2026-08-17T18:48:05Z,
178.40.72.77,ipv4,ssh-brute-force,high,WHITE,blocklist.de/ssh|blocklist.de/all|ziyadnz/hourly-ipv4,blocklist.de|ssh|bot|irc-bot|brute-force|ziyadnz|hourly,2026-08-17T18:48:05Z,2026-08-17T18:48:05Z,
178.62.198.149,ipv4,ssh-brute-force,high,WHITE,blocklist.de/ssh|blocklist.de/all|ziyadnz/hourly-ipv4,blocklist.de|ssh|bot|irc-bot|brute-force|ziyadnz|hourly,2026-08-17T18:48:05Z,2026-08-17T18:48:05Z,
178.62.45.172,ipv4,ssh-brute-force,high,WHITE,blocklist.de/ssh|blocklist.de/all|ziyadnz/hourly-ipv4,blocklist.de|ssh|bot|irc-bot|brute-force|ziyadnz|hourly,2026-08-17T18:48:05Z,2026-08-17T18:48:05Z,
178.83.188.241,ipv4,ssh-brute-force,high,WHITE,blocklist.de/ssh|blocklist.de/all|ziyadnz/hourly-ipv4,blocklist.de|ssh|bot|irc-bot|brute-force|ziyadnz|hourly,2026-08-17T18:48:05Z,2026-08-17T18:48:05Z,
178.95.1.1,ipv4,ssh-brute-force,high,WHITE,blocklist.de/ssh|blocklist.de/all|ziyadnz/hourly-ipv4,blocklist.de|ssh|bot|irc-bot|brute-force|ziyadnz|hourly,2026-08-17T18:48:05Z,2026-08-17T18:48:05Z,
179.0.242.228,ipv4,ssh-brute-force,high,WHITE,blocklist.de/ssh|blocklist.de/all|ziyadnz/hourly-ipv4,blocklist.de|ssh|bot|irc-bot|brute-force|ziyadnz|hourly,2026-08-17T18:48:05Z,2026-08-17T18:48:05Z,
179.1.181.83,ipv4,ssh-brute-force,high,WHITE,blocklist.de/ssh|blocklist.de/all|ziyadnz/hourly-ipv4,blocklist.de|ssh|bot|irc-bot|brute-force|ziyadnz|hourly,2026-08-17T18:48:05Z,2026-08-17T18:48:05Z,
179.1.195.27,ipv4,ssh-brute-force,high,WHITE,blocklist.de/ssh|blocklist.de/all|ziyadnz/hourly-ipv4,blocklist.de|ssh|bot|irc-bot|brute-force|ziyadnz|hourly,2026-08-17T18:48:05Z,2026-08-17T18:48:05Z,
179.1.232.166,ipv4,ssh-brute-force,high,WHITE,blocklist.de/ssh|blocklist.de/all|ziyadnz/hourly-ipv4,blocklist.de|ssh|bot|irc-bot|brute-force|ziyadnz|hourly,2026-08-17T18:48:05Z,2026-08-17T18:48:05Z,
179.102.26.14,ipv4,ssh-brute-force,high,WHITE,blocklist.de/ssh|blocklist.de/all|ziyadnz/hourly-ipv4,blocklist.de|ssh|bot|irc-bot|brute-force|ziyadnz|hourly,2026-08-17T18:48:05Z,2026-08-17T18:48:05Z,
179.176.210.17,ipv4,ssh-brute-force,high,WHITE,blocklist.de/ssh|blocklist.de/all|ziyadnz/hourly-ipv4,blocklist.de|ssh|bot|irc-bot|brute-force|ziyadnz|hourly,2026-08-17T18:48:05Z,2026-08-17T18:48:05Z,
179.238.3.60,ipv4,ssh-brute-force,high,WHITE,blocklist.de/ssh|blocklist.de/all|ziyadnz/hourly-ipv4,blocklist.de|ssh|bot|irc-bot|brute-force|ziyadnz|hourly,2026-08-17T18:48:05Z,2026-08-17T18:48:05Z,
179.33.207.113,ipv4,ssh-brute-force,high,WHITE,blocklist.de/ssh|blocklist.de/all|ziyadnz/hourly-ipv4,blocklist.de|ssh|bot|irc-bot|brute-force|ziyadnz|hourly,2026-08-17T18:48:05Z,2026-08-17T18:48:05Z,
179.36.248.193,ipv4,ssh-brute-force,high,WHITE,blocklist.de/ssh|blocklist.de/all|ziyadnz/hourly-ipv4,blocklist.de|ssh|bot|irc-bot|brute-force|ziyadnz|hourly,2026-08-17T18:48:05Z,2026-08-17T18:48:05Z,
179.36.249.126,ipv4,ssh-brute-force,high,WHITE,blocklist.de/ssh|blocklist.de/all|ziyadnz/hourly-ipv4,blocklist.de|ssh|bot|irc-bot|brute-force|ziyadnz|hourly,2026-08-17T18:48:05Z,2026-08-17T18:48:05Z,
179.37.3.254,ipv4,ssh-brute-force,high,WHITE,blocklist.de/ssh|blocklist.de/all|ziyadnz/hourly-ipv4,blocklist.de|ssh|bot|irc-bot|brute-force|ziyadnz|hourly,2026-08-17T18:48:05Z,2026-08-17T18:48:05Z,
179.37.45.157,ipv4,ssh-brute-force,high,WHITE,blocklist.de/ssh|blocklist.de/all|ziyadnz/hourly-ipv4,blocklist.de|ssh|bot|irc-bot|brute-force|ziyadnz|hourly,2026-08-17T18:48:05Z,2026-08-17T18:48:05Z,
179.38.213.101,ipv4,ssh-brute-force,high,WHITE,blocklist.de/ssh|blocklist.de/all|ziyadnz/hourly-ipv4,blocklist.de|ssh|bot|irc-bot|brute-force|ziyadnz|hourly,2026-08-17T18:48:05Z,2026-08-17T18:48:05Z,
179.40.112.10,ipv4,ssh-brute-force,high,WHITE,blocklist.de/ssh|blocklist.de/all|ziyadnz/hourly-ipv4,blocklist.de|ssh|bot|irc-bot|brute-force|ziyadnz|hourly,2026-08-17T18:48:05Z,2026-08-17T18:48:05Z,
179.43.133.154,ipv4,ssh-brute-force,high,WHITE,blocklist.de/ssh|blocklist.de/all|ziyadnz/hourly-ipv4,blocklist.de|ssh|bot|irc-bot|brute-force|ziyadnz|hourly,2026-08-17T18:48:05Z,2026-08-17T18:48:05Z,
179.43.139.58,ipv4,ssh-brute-force,high,WHITE,blocklist.de/ssh|blocklist.de/all|ziyadnz/hourly-ipv4,blocklist.de|ssh|bot|irc-bot|brute-force|ziyadnz|hourly,2026-08-17T18:48:05Z,2026-08-17T18:48:05Z,
179.49.101.186,ipv4,ssh-brute-force,high,WHITE,blocklist.de/ssh|blocklist.de/all|ziyadnz/hourly-ipv4,blocklist.de|ssh|bot|irc-bot|brute-force|ziyadnz|hourly,2026-08-17T18:48:05Z,2026-08-17T18:48:05Z,
179.49.123.213,ipv4,ssh-brute-force,high,WHITE,blocklist.de/ssh|blocklist.de/all|ziyadnz/hourly-ipv4,blocklist.de|ssh|bot|irc-bot|brute-force|ziyadnz|hourly,2026-08-17T18:48:05Z,2026-08-17T18:48:05Z,
179.49.239.152,ipv4,ssh-brute-force,high,WHITE,blocklist.de/ssh|blocklist.de/all|ziyadnz/hourly-ipv4,blocklist.de|ssh|bot|irc-bot|brute-force|ziyadnz|hourly,2026-08-17T18:48:05Z,2026-08-17T18:48:05Z,
179.51.102.106,ipv4,ssh-brute-force,high,WHITE,blocklist.de/ssh|blocklist.de/all|ziyadnz/hourly-ipv4,blocklist.de|ssh|bot|irc-bot|brute-force|ziyadnz|hourly,2026-08-17T18:48:05Z,2026-08-17T18:48:05Z,
179.51.113.91,ipv4,ssh-brute-force,high,WHITE,blocklist.de/ssh|blocklist.de/all|ziyadnz/hourly-ipv4,blocklist.de|ssh|bot|irc-bot|brute-force|ziyadnz|hourly,2026-08-17T18:48:05Z,2026-08-17T18:48:05Z,
179.51.113.92,ipv4,ssh-brute-force,high,WHITE,blocklist.de/ssh|blocklist.de/all|ziyadnz/hourly-ipv4,blocklist.de|ssh|bot|irc-bot|brute-force|ziyadnz|hourly,2026-08-17T18:48:05Z,2026-08-17T18:48:05Z,
179.51.125.9,ipv4,ssh-brute-force,high,WHITE,blocklist.de/ssh|blocklist.de/all|ziyadnz/hourly-ipv4,blocklist.de|ssh|bot|irc-bot|brute-force|ziyadnz|hourly,2026-08-17T18:48:05Z,2026-08-17T18:48:05Z,
179.51.153.37,ipv4,ssh-brute-force,high,WHITE,blocklist.de/ssh|blocklist.de/all|ziyadnz/hourly-ipv4,blocklist.de|ssh|bot|irc-bot|brute-force|ziyadnz|hourly,2026-08-17T18:48:05Z,2026-08-17T18:48:05Z,
179.51.234.113,ipv4,ssh-brute-force,high,WHITE,blocklist.de/ssh|blocklist.de/all|ziyadnz/hourly-ipv4,blocklist.de|ssh|bot|irc-bot|brute-force|ziyadnz|hourly,2026-08-17T18:48:05Z,2026-08-17T18:48:05Z,
179.51.239.49,ipv4,ssh-brute-force,high,WHITE,blocklist.de/ssh|blocklist.de/all|ziyadnz/hourly-ipv4,blocklist.de|ssh|bot|irc-bot|brute-force|ziyadnz|hourly,2026-08-17T18:48:05Z,2026-08-17T18:48:05Z,
179.51.247.175,ipv4,ssh-brute-force,high,WHITE,blocklist.de/ssh|blocklist.de/all|ziyadnz/hourly-ipv4,blocklist.de|ssh|bot|irc-bot|brute-force|ziyadnz|hourly,2026-08-17T18:48:05Z,2026-08-17T18:48:05Z,
179.57.170.71,ipv4,ssh-brute-force,high,WHITE,blocklist.de/ssh|blocklist.de/all|ziyadnz/hourly-ipv4,blocklist.de|ssh|bot|irc-bot|brute-force|ziyadnz|hourly,2026-08-17T18:48:05Z,2026-08-17T18:48:05Z,
179.60.68.153,ipv4,ssh-brute-force,high,WHITE,blocklist.de/ssh|blocklist.de/all|ziyadnz/hourly-ipv4,blocklist.de|ssh|bot|irc-bot|brute-force|ziyadnz|hourly,2026-08-17T18:48:05Z,2026-08-17T18:48:05Z,
179.60.75.200,ipv4,ssh-brute-force,high,WHITE,blocklist.de/ssh|blocklist.de/all|ziyadnz/hourly-ipv4,blocklist.de|ssh|bot|irc-bot|brute-force|ziyadnz|hourly,2026-08-17T18:48:05Z,2026-08-17T18:48:05Z,
179.63.54.166,ipv4,ssh-brute-force,high,WHITE,blocklist.de/ssh|blocklist.de/all|ziyadnz/hourly-ipv4,blocklist.de|ssh|bot|irc-bot|brute-force|ziyadnz|hourly,2026-08-17T18:48:05Z,2026-08-17T18:48:05Z,
179.65.209.187,ipv4,ssh-brute-force,high,WHITE,blocklist.de/ssh|blocklist.de/all|ziyadnz/hourly-ipv4,blocklist.de|ssh|bot|irc-bot|brute-force|ziyadnz|hourly,2026-08-17T18:48:05Z,2026-08-17T18:48:05Z,
179.7.180.45,ipv4,ssh-brute-force,high,WHITE,blocklist.de/ssh|blocklist.de/all|ziyadnz/hourly-ipv4,blocklist.de|ssh|bot|irc-bot|brute-force|ziyadnz|hourly,2026-08-17T18:48:05Z,2026-08-17T18:48:05Z,
179.9.217.246,ipv4,ssh-brute-force,high,WHITE,blocklist.de/ssh|blocklist.de/all|ziyadnz/hourly-ipv4,blocklist.de|ssh|bot|irc-bot|brute-force|ziyadnz|hourly,2026-08-17T18:48:05Z,2026-08-17T18:48:05Z,
18.145.143.60,ipv4,ssh-brute-force,high,WHITE,blocklist.de/ssh|blocklist.de/all|ziyadnz/hourly-ipv4,blocklist.de|ssh|bot|irc-bot|brute-force|ziyadnz|hourly,2026-08-17T18:48:05Z,2026-08-17T18:48:05Z,
18.145.145.61,ipv4,ssh-brute-force,high,WHITE,blocklist.de/ssh|blocklist.de/all|ziyadnz/hourly-ipv4,blocklist.de|ssh|bot|irc-bot|brute-force|ziyadnz|hourly,2026-08-17T18:48:05Z,2026-08-17T18:48:05Z,
18.205.154.175,ipv4,ssh-brute-force,high,WHITE,blocklist.de/ssh|blocklist.de/all|ziyadnz/hourly-ipv4,blocklist.de|ssh|bot|irc-bot|brute-force|ziyadnz|hourly,2026-08-17T18:48:05Z,2026-08-17T18:48:05Z,
18.212.20.153,ipv4,ssh-brute-force,high,WHITE,blocklist.de/ssh|blocklist.de/all|ziyadnz/hourly-ipv4,blocklist.de|ssh|bot|irc-bot|brute-force|ziyadnz|hourly,2026-08-17T18:48:05Z,2026-08-17T18:48:05Z,
18.212.223.42,ipv4,ssh-brute-force,high,WHITE,blocklist.de/ssh|blocklist.de/all|ziyadnz/hourly-ipv4,blocklist.de|ssh|bot|irc-bot|brute-force|ziyadnz|hourly,2026-08-17T18:48:05Z,2026-08-17T18:48:05Z,
18.97.26.46,ipv4,ssh-brute-force,high,WHITE,blocklist.de/ssh|blocklist.de/all|ziyadnz/hourly-ipv4,blocklist.de|ssh|bot|irc-bot|brute-force|ziyadnz|hourly,2026-08-17T18:48:05Z,2026-08-17T18:48:05Z,
18.97.26.81,ipv4,ssh-brute-force,high,WHITE,blocklist.de/ssh|blocklist.de/all|ziyadnz/hourly-ipv4,blocklist.de|ssh|bot|irc-bot|brute-force|ziyadnz|hourly,2026-08-17T18:48:05Z,2026-08-17T18:48:05Z,
18.97.5.71,ipv4,ssh-brute-force,high,WHITE,blocklist.de/ssh|blocklist.de/all|ziyadnz/hourly-ipv4,blocklist.de|ssh|bot|irc-bot|brute-force|ziyadnz|hourly,2026-08-17T18:48:05Z,2026-08-17T18:48:05Z,
180.103.119.98,ipv4,ssh-brute-force,high,WHITE,blocklist.de/ssh|blocklist.de/all|ziyadnz/hourly-ipv4,blocklist.de|ssh|bot|irc-bot|brute-force|ziyadnz|hourly,2026-08-17T18:48:05Z,2026-08-17T18:48:05Z,
180.106.80.16,ipv4,ssh-brute-force,high,WHITE,blocklist.de/ssh|blocklist.de/all|ziyadnz/hourly-ipv4,blocklist.de|ssh|bot|irc-bot|brute-force|ziyadnz|hourly,2026-08-17T18:48:05Z,2026-08-17T18:48:05Z,
180.138.194.82,ipv4,ssh-brute-force,high,WHITE,blocklist.de/ssh|blocklist.de/all|ziyadnz/hourly-ipv4,blocklist.de|ssh|bot|irc-bot|brute-force|ziyadnz|hourly,2026-08-17T18:48:05Z,2026-08-17T18:48:05Z,
180.148.214.116,ipv4,ssh-brute-force,high,WHITE,blocklist.de/ssh|blocklist.de/all|ziyadnz/hourly-ipv4,blocklist.de|ssh|bot|irc-bot|brute-force|ziyadnz|hourly,2026-08-17T18:48:05Z,2026-08-17T18:48:05Z,
180.153.91.15,ipv4,ssh-brute-force,high,WHITE,blocklist.de/ssh|blocklist.de/all|ziyadnz/hourly-ipv4,blocklist.de|ssh|bot|irc-bot|brute-force|ziyadnz|hourly,2026-08-17T18:48:05Z,2026-08-17T18:48:05Z,
180.159.71.115,ipv4,ssh-brute-force,high,WHITE,blocklist.de/ssh|blocklist.de/all|ziyadnz/hourly-ipv4,blocklist.de|ssh|bot|irc-bot|brute-force|ziyadnz|hourly,2026-08-17T18:48:05Z,2026-08-17T18:48:05Z,
180.163.65.24,ipv4,ssh-brute-force,high,WHITE,blocklist.de/ssh|blocklist.de/all|ziyadnz/hourly-ipv4,blocklist.de|ssh|bot|irc-bot|brute-force|ziyadnz|hourly,2026-08-17T18:48:05Z,2026-08-17T18:48:05Z,
180.167.128.202,ipv4,ssh-brute-force,high,WHITE,blocklist.de/ssh|blocklist.de/all|ziyadnz/hourly-ipv4,blocklist.de|ssh|bot|irc-bot|brute-force|ziyadnz|hourly,2026-08-17T18:48:05Z,2026-08-17T18:48:05Z,
180.167.128.203,ipv4,ssh-brute-force,high,WHITE,blocklist.de/ssh|blocklist.de/all|ziyadnz/hourly-ipv4,blocklist.de|ssh|bot|irc-bot|brute-force|ziyadnz|hourly,2026-08-17T18:48:05Z,2026-08-17T18:48:05Z,
180.168.24.186,ipv4,ssh-brute-force,high,WHITE,blocklist.de/ssh|blocklist.de/all|ziyadnz/hourly-ipv4,blocklist.de|ssh|bot|irc-bot|brute-force|ziyadnz|hourly,2026-08-17T18:48:05Z,2026-08-17T18:48:05Z,
180.184.141.117,ipv4,ssh-brute-force,high,WHITE,blocklist.de/ssh|blocklist.de/all|ziyadnz/hourly-ipv4,blocklist.de|ssh|bot|irc-bot|brute-force|ziyadnz|hourly,2026-08-17T18:48:05Z,2026-08-17T18:48:05Z,
180.184.176.148,ipv4,ssh-brute-force,high,WHITE,blocklist.de/ssh|blocklist.de/all|ziyadnz/hourly-ipv4,blocklist.de|ssh|bot|irc-bot|brute-force|ziyadnz|hourly,2026-08-17T18:48:05Z,2026-08-17T18:48:05Z,
180.184.178.165,ipv4,ssh-brute-force,high,WHITE,blocklist.de/ssh|blocklist.de/all|ziyadnz/hourly-ipv4,blocklist.de|ssh|bot|irc-bot|brute-force|ziyadnz|hourly,2026-08-17T18:48:05Z,2026-08-17T18:48:05Z,
180.184.182.87,ipv4,ssh-brute-force,high,WHITE,blocklist.de/ssh|blocklist.de/all|ziyadnz/hourly-ipv4,blocklist.de|ssh|bot|irc-bot|brute-force|ziyadnz|hourly,2026-08-17T18:48:05Z,2026-08-17T18:48:05Z,
180.184.183.66,ipv4,ssh-brute-force,high,WHITE,blocklist.de/ssh|blocklist.de/all|ziyadnz/hourly-ipv4,blocklist.de|ssh|bot|irc-bot|brute-force|ziyadnz|hourly,2026-08-17T18:48:05Z,2026-08-17T18:48:05Z,
180.191.234.142,ipv4,ssh-brute-force,high,WHITE,blocklist.de/ssh|blocklist.de/all|ziyadnz/hourly-ipv4,blocklist.de|ssh|bot|irc-bot|brute-force|ziyadnz|hourly,2026-08-17T18:48:05Z,2026-08-17T18:48:05Z,
180.195.192.124,ipv4,ssh-brute-force,high,WHITE,blocklist.de/ssh|blocklist.de/all|ziyadnz/hourly-ipv4,blocklist.de|ssh|bot|irc-bot|brute-force|ziyadnz|hourly,2026-08-17T18:48:05Z,2026-08-17T18:48:05Z,
180.247.59.176,ipv4,ssh-brute-force,high,WHITE,blocklist.de/ssh|blocklist.de/all|ziyadnz/hourly-ipv4,blocklist.de|ssh|bot|irc-bot|brute-force|ziyadnz|hourly,2026-08-17T18:48:05Z,2026-08-17T18:48:05Z,
180.249.184.191,ipv4,ssh-brute-force,high,WHITE,blocklist.de/ssh|blocklist.de/all|ziyadnz/hourly-ipv4,blocklist.de|ssh|bot|irc-bot|brute-force|ziyadnz|hourly,2026-08-17T18:48:05Z,2026-08-17T18:48:05Z,
180.254.64.78,ipv4,ssh-brute-force,high,WHITE,blocklist.de/ssh|blocklist.de/all|ziyadnz/hourly-ipv4,blocklist.de|ssh|bot|irc-bot|brute-force|ziyadnz|hourly,2026-08-17T18:48:05Z,2026-08-17T18:48:05Z,
180.254.73.254,ipv4,ssh-brute-force,high,WHITE,blocklist.de/ssh|blocklist.de/all|ziyadnz/hourly-ipv4,blocklist.de|ssh|bot|irc-bot|brute-force|ziyadnz|hourly,2026-08-17T18:48:05Z,2026-08-17T18:48:05Z,
180.73.197.229,ipv4,ssh-brute-force,high,WHITE,blocklist.de/ssh|blocklist.de/all|ziyadnz/hourly-ipv4,blocklist.de|ssh|bot|irc-bot|brute-force|ziyadnz|hourly,2026-08-17T18:48:05Z,2026-08-17T18:48:05Z,
180.73.198.47,ipv4,ssh-brute-force,high,WHITE,blocklist.de/ssh|blocklist.de/all|ziyadnz/hourly-ipv4,blocklist.de|ssh|bot|irc-bot|brute-force|ziyadnz|hourly,2026-08-17T18:48:05Z,2026-08-17T18:48:05Z,
180.74.92.252,ipv4,ssh-brute-force,high,WHITE,blocklist.de/ssh|blocklist.de/all|ziyadnz/hourly-ipv4,blocklist.de|ssh|bot|irc-bot|brute-force|ziyadnz|hourly,2026-08-17T18:48:05Z,2026-08-17T18:48:05Z,
180.76.102.156,ipv4,ssh-brute-force,high,WHITE,blocklist.de/ssh|blocklist.de/all|ziyadnz/hourly-ipv4,blocklist.de|ssh|bot|irc-bot|brute-force|ziyadnz|hourly,2026-08-17T18:48:05Z,2026-08-17T18:48:05Z,
180.76.105.165,ipv4,ssh-brute-force,high,WHITE,blocklist.de/ssh|blocklist.de/all|ziyadnz/hourly-ipv4,blocklist.de|ssh|bot|irc-bot|brute-force|ziyadnz|hourly,2026-08-17T18:48:05Z,2026-08-17T18:48:05Z,
180.76.112.91,ipv4,ssh-brute-force,high,WHITE,blocklist.de/ssh|blocklist.de/all|ziyadnz/hourly-ipv4,blocklist.de|ssh|bot|irc-bot|brute-force|ziyadnz|hourly,2026-08-17T18:48:05Z,2026-08-17T18:48:05Z,
180.76.119.95,ipv4,ssh-brute-force,high,WHITE,blocklist.de/ssh|blocklist.de/all|ziyadnz/hourly-ipv4,blocklist.de|ssh|bot|irc-bot|brute-force|ziyadnz|hourly,2026-08-17T18:48:05Z,2026-08-17T18:48:05Z,
180.76.134.19,ipv4,ssh-brute-force,high,WHITE,blocklist.de/ssh|blocklist.de/all|ziyadnz/hourly-ipv4,blocklist.de|ssh|bot|irc-bot|brute-force|ziyadnz|hourly,2026-08-17T18:48:05Z,2026-08-17T18:48:05Z,
180.76.135.219,ipv4,ssh-brute-force,high,WHITE,blocklist.de/ssh|blocklist.de/all|ziyadnz/hourly-ipv4,blocklist.de|ssh|bot|irc-bot|brute-force|ziyadnz|hourly,2026-08-17T18:48:05Z,2026-08-17T18:48:05Z,
180.76.146.235,ipv4,ssh-brute-force,high,WHITE,blocklist.de/ssh|blocklist.de/all|ziyadnz/hourly-ipv4,blocklist.de|ssh|bot|irc-bot|brute-force|ziyadnz|hourly,2026-08-17T18:48:05Z,2026-08-17T18:48:05Z,
180.76.147.239,ipv4,ssh-brute-force,high,WHITE,blocklist.de/ssh|blocklist.de/all|ziyadnz/hourly-ipv4,blocklist.de|ssh|bot|irc-bot|brute-force|ziyadnz|hourly,2026-08-17T18:48:05Z,2026-08-17T18:48:05Z,
180.76.171.14,ipv4,ssh-brute-force,high,WHITE,blocklist.de/ssh|blocklist.de/all|ziyadnz/hourly-ipv4,blocklist.de|ssh|bot|irc-bot|brute-force|ziyadnz|hourly,2026-08-17T18:48:05Z,2026-08-17T18:48:05Z,
180.76.174.141,ipv4,ssh-brute-force,high,WHITE,blocklist.de/ssh|blocklist.de/all|ziyadnz/hourly-ipv4,blocklist.de|ssh|bot|irc-bot|brute-force|ziyadnz|hourly,2026-08-17T18:48:05Z,2026-08-17T18:48:05Z,
180.76.174.73,ipv4,ssh-brute-force,high,WHITE,blocklist.de/ssh|blocklist.de/all|ziyadnz/hourly-ipv4,blocklist.de|ssh|bot|irc-bot|brute-force|ziyadnz|hourly,2026-08-17T18:48:05Z,2026-08-17T18:48:05Z,
180.76.177.88,ipv4,ssh-brute-force,high,WHITE,blocklist.de/ssh|blocklist.de/all|ziyadnz/hourly-ipv4,blocklist.de|ssh|bot|irc-bot|brute-force|ziyadnz|hourly,2026-08-17T18:48:05Z,2026-08-17T18:48:05Z,
180.76.184.79,ipv4,ssh-brute-force,high,WHITE,blocklist.de/ssh|blocklist.de/all|ziyadnz/hourly-ipv4,blocklist.de|ssh|bot|irc-bot|brute-force|ziyadnz|hourly,2026-08-17T18:48:05Z,2026-08-17T18:48:05Z,
180.76.202.69,ipv4,ssh-brute-force,high,WHITE,blocklist.de/ssh|blocklist.de/all|ziyadnz/hourly-ipv4,blocklist.de|ssh|bot|irc-bot|brute-force|ziyadnz|hourly,2026-08-17T18:48:05Z,2026-08-17T18:48:05Z,
180.76.228.20,ipv4,ssh-brute-force,high,WHITE,blocklist.de/ssh|blocklist.de/all|ziyadnz/hourly-ipv4,blocklist.de|ssh|bot|irc-bot|brute-force|ziyadnz|hourly,2026-08-17T18:48:05Z,2026-08-17T18:48:05Z,
180.76.229.30,ipv4,ssh-brute-force,high,WHITE,blocklist.de/ssh|blocklist.de/all|ziyadnz/hourly-ipv4,blocklist.de|ssh|bot|irc-bot|brute-force|ziyadnz|hourly,2026-08-17T18:48:05Z,2026-08-17T18:48:05Z,
180.76.233.159,ipv4,ssh-brute-force,high,WHITE,blocklist.de/ssh|blocklist.de/all|ziyadnz/hourly-ipv4,blocklist.de|ssh|bot|irc-bot|brute-force|ziyadnz|hourly,2026-08-17T18:48:05Z,2026-08-17T18:48:05Z,
180.76.234.73,ipv4,ssh-brute-force,high,WHITE,blocklist.de/ssh|blocklist.de/all|ziyadnz/hourly-ipv4,blocklist.de|ssh|bot|irc-bot|brute-force|ziyadnz|hourly,2026-08-17T18:48:05Z,2026-08-17T18:48:05Z,
180.76.235.157,ipv4,ssh-brute-force,high,WHITE,blocklist.de/ssh|blocklist.de/all|ziyadnz/hourly-ipv4,blocklist.de|ssh|bot|irc-bot|brute-force|ziyadnz|hourly,2026-08-17T18:48:05Z,2026-08-17T18:48:05Z,
180.76.235.175,ipv4,ssh-brute-force,high,WHITE,blocklist.de/ssh|blocklist.de/all|ziyadnz/hourly-ipv4,blocklist.de|ssh|bot|irc-bot|brute-force|ziyadnz|hourly,2026-08-17T18:48:05Z,2026-08-17T18:48:05Z,
180.76.237.118,ipv4,ssh-brute-force,high,WHITE,blocklist.de/ssh|blocklist.de/all|ziyadnz/hourly-ipv4,blocklist.de|ssh|bot|irc-bot|brute-force|ziyadnz|hourly,2026-08-17T18:48:05Z,2026-08-17T18:48:05Z,
180.76.239.185,ipv4,ssh-brute-force,high,WHITE,blocklist.de/ssh|blocklist.de/all|ziyadnz/hourly-ipv4,blocklist.de|ssh|bot|irc-bot|brute-force|ziyadnz|hourly,2026-08-17T18:48:05Z,2026-08-17T18:48:05Z,
180.76.240.16,ipv4,ssh-brute-force,high,WHITE,blocklist.de/ssh|blocklist.de/all|ziyadnz/hourly-ipv4,blocklist.de|ssh|bot|irc-bot|brute-force|ziyadnz|hourly,2026-08-17T18:48:05Z,2026-08-17T18:48:05Z,
180.76.53.175,ipv4,ssh-brute-force,high,WHITE,blocklist.de/ssh|blocklist.de/all|ziyadnz/hourly-ipv4,blocklist.de|ssh|bot|irc-bot|brute-force|ziyadnz|hourly,2026-08-17T18:48:05Z,2026-08-17T18:48:05Z,
180.76.57.66,ipv4,ssh-brute-force,high,WHITE,blocklist.de/ssh|blocklist.de/all|ziyadnz/hourly-ipv4,blocklist.de|ssh|bot|irc-bot|brute-force|ziyadnz|hourly,2026-08-17T18:48:05Z,2026-08-17T18:48:05Z,
180.93.144.27,ipv4,ssh-brute-force,high,WHITE,blocklist.de/ssh|blocklist.de/all|ziyadnz/hourly-ipv4,blocklist.de|ssh|bot|irc-bot|brute-force|ziyadnz|hourly,2026-08-17T18:48:05Z,2026-08-17T18:48:05Z,
180.93.172.213,ipv4,ssh-brute-force,high,WHITE,blocklist.de/ssh|blocklist.de/all|ziyadnz/hourly-ipv4,blocklist.de|ssh|bot|irc-bot|brute-force|ziyadnz|hourly,2026-08-17T18:48:05Z,2026-08-17T18:48:05Z,
181.1.52.107,ipv4,ssh-brute-force,high,WHITE,blocklist.de/ssh|blocklist.de/all|ziyadnz/hourly-ipv4,blocklist.de|ssh|bot|irc-bot|brute-force|ziyadnz|hourly,2026-08-17T18:48:05Z,2026-08-17T18:48:05Z,
181.10.138.162,ipv4,ssh-brute-force,high,WHITE,blocklist.de/ssh|blocklist.de/all|ziyadnz/hourly-ipv4,blocklist.de|ssh|bot|irc-bot|brute-force|ziyadnz|hourly,2026-08-17T18:48:05Z,2026-08-17T18:48:05Z,
181.10.33.3,ipv4,ssh-brute-force,high,WHITE,blocklist.de/ssh|blocklist.de/all|ziyadnz/hourly-ipv4,blocklist.de|ssh|bot|irc-bot|brute-force|ziyadnz|hourly,2026-08-17T18:48:05Z,2026-08-17T18:48:05Z,
181.104.2.65,ipv4,ssh-brute-force,high,WHITE,blocklist.de/ssh|blocklist.de/all|ziyadnz/hourly-ipv4,blocklist.de|ssh|bot|irc-bot|brute-force|ziyadnz|hourly,2026-08-17T18:48:05Z,2026-08-17T18:48:05Z,
181.104.2.87,ipv4,ssh-brute-force,high,WHITE,blocklist.de/ssh|blocklist.de/all|ziyadnz/hourly-ipv4,blocklist.de|ssh|bot|irc-bot|brute-force|ziyadnz|hourly,2026-08-17T18:48:05Z,2026-08-17T18:48:05Z,
181.106.109.32,ipv4,ssh-brute-force,high,WHITE,blocklist.de/ssh|blocklist.de/all|ziyadnz/hourly-ipv4,blocklist.de|ssh|bot|irc-bot|brute-force|ziyadnz|hourly,2026-08-17T18:48:05Z,2026-08-17T18:48:05Z,
181.110.113.86,ipv4,ssh-brute-force,high,WHITE,blocklist.de/ssh|blocklist.de/all|ziyadnz/hourly-ipv4,blocklist.de|ssh|bot|irc-bot|brute-force|ziyadnz|hourly,2026-08-17T18:48:05Z,2026-08-17T18:48:05Z,
181.110.188.173,ipv4,ssh-brute-force,high,WHITE,blocklist.de/ssh|blocklist.de/all|ziyadnz/hourly-ipv4,blocklist.de|ssh|bot|irc-bot|brute-force|ziyadnz|hourly,2026-08-17T18:48:05Z,2026-08-17T18:48:05Z,
181.110.21.248,ipv4,ssh-brute-force,high,WHITE,blocklist.de/ssh|blocklist.de/all|ziyadnz/hourly-ipv4,blocklist.de|ssh|bot|irc-bot|brute-force|ziyadnz|hourly,2026-08-17T18:48:05Z,2026-08-17T18:48:05Z,
181.114.217.3,ipv4,ssh-brute-force,high,WHITE,blocklist.de/ssh|blocklist.de/all|ziyadnz/hourly-ipv4,blocklist.de|ssh|bot|irc-bot|brute-force|ziyadnz|hourly,2026-08-17T18:48:05Z,2026-08-17T18:48:05Z,
181.115.171.107,ipv4,ssh-brute-force,high,WHITE,blocklist.de/ssh|blocklist.de/all|ziyadnz/hourly-ipv4,blocklist.de|ssh|bot|irc-bot|brute-force|ziyadnz|hourly,2026-08-17T18:48:05Z,2026-08-17T18:48:05Z,
181.116.248.104,ipv4,ssh-brute-force,high,WHITE,blocklist.de/ssh|blocklist.de/all|ziyadnz/hourly-ipv4,blocklist.de|ssh|bot|irc-bot|brute-force|ziyadnz|hourly,2026-08-17T18:48:05Z,2026-08-17T18:48:05Z,
181.116.45.78,ipv4,ssh-brute-force,high,WHITE,blocklist.de/ssh|blocklist.de/all|ziyadnz/hourly-ipv4,blocklist.de|ssh|bot|irc-bot|brute-force|ziyadnz|hourly,2026-08-17T18:48:05Z,2026-08-17T18:48:05Z,
181.116.57.172,ipv4,ssh-brute-force,high,WHITE,blocklist.de/ssh|blocklist.de/all|ziyadnz/hourly-ipv4,blocklist.de|ssh|bot|irc-bot|brute-force|ziyadnz|hourly,2026-08-17T18:48:05Z,2026-08-17T18:48:05Z,
181.117.136.22,ipv4,ssh-brute-force,high,WHITE,blocklist.de/ssh|blocklist.de/all|ziyadnz/hourly-ipv4,blocklist.de|ssh|bot|irc-bot|brute-force|ziyadnz|hourly,2026-08-17T18:48:05Z,2026-08-17T18:48:05Z,
181.117.8.175,ipv4,ssh-brute-force,high,WHITE,blocklist.de/ssh|blocklist.de/all|ziyadnz/hourly-ipv4,blocklist.de|ssh|bot|irc-bot|brute-force|ziyadnz|hourly,2026-08-17T18:48:05Z,2026-08-17T18:48:05Z,
181.117.80.196,ipv4,ssh-brute-force,high,WHITE,blocklist.de/ssh|blocklist.de/all|ziyadnz/hourly-ipv4,blocklist.de|ssh|bot|irc-bot|brute-force|ziyadnz|hourly,2026-08-17T18:48:05Z,2026-08-17T18:48:05Z,
181.117.92.195,ipv4,ssh-brute-force,high,WHITE,blocklist.de/ssh|blocklist.de/all|ziyadnz/hourly-ipv4,blocklist.de|ssh|bot|irc-bot|brute-force|ziyadnz|hourly,2026-08-17T18:48:05Z,2026-08-17T18:48:05Z,
181.119.89.162,ipv4,ssh-brute-force,high,WHITE,blocklist.de/ssh|blocklist.de/all|ziyadnz/hourly-ipv4,blocklist.de|ssh|bot|irc-bot|brute-force|ziyadnz|hourly,2026-08-17T18:48:05Z,2026-08-17T18:48:05Z,
181.12.68.104,ipv4,ssh-brute-force,high,WHITE,blocklist.de/ssh|blocklist.de/all|ziyadnz/hourly-ipv4,blocklist.de|ssh|bot|irc-bot|brute-force|ziyadnz|hourly,2026-08-17T18:48:05Z,2026-08-17T18:48:05Z,
181.123.136.11,ipv4,ssh-brute-force,high,WHITE,blocklist.de/ssh|blocklist.de/all|ziyadnz/hourly-ipv4,blocklist.de|ssh|bot|irc-bot|brute-force|ziyadnz|hourly,2026-08-17T18:48:05Z,2026-08-17T18:48:05Z,
181.123.181.169,ipv4,ssh-brute-force,high,WHITE,blocklist.de/ssh|blocklist.de/all|ziyadnz/hourly-ipv4,blocklist.de|ssh|bot|irc-bot|brute-force|ziyadnz|hourly,2026-08-17T18:48:05Z,2026-08-17T18:48:05Z,
181.129.41.162,ipv4,ssh-brute-force,high,WHITE,blocklist.de/ssh|blocklist.de/all|ziyadnz/hourly-ipv4,blocklist.de|ssh|bot|irc-bot|brute-force|ziyadnz|hourly,2026-08-17T18:48:05Z,2026-08-17T18:48:05Z,
181.14.174.115,ipv4,ssh-brute-force,high,WHITE,blocklist.de/ssh|blocklist.de/all|ziyadnz/hourly-ipv4,blocklist.de|ssh|bot|irc-bot|brute-force|ziyadnz|hourly,2026-08-17T18:48:05Z,2026-08-17T18:48:05Z,
181.140.247.234,ipv4,ssh-brute-force,high,WHITE,blocklist.de/ssh|blocklist.de/all|ziyadnz/hourly-ipv4,blocklist.de|ssh|bot|irc-bot|brute-force|ziyadnz|hourly,2026-08-17T18:48:05Z,2026-08-17T18:48:05Z,
181.16.173.80,ipv4,ssh-brute-force,high,WHITE,blocklist.de/ssh|blocklist.de/all|ziyadnz/hourly-ipv4,blocklist.de|ssh|bot|irc-bot|brute-force|ziyadnz|hourly,2026-08-17T18:48:05Z,2026-08-17T18:48:05Z,
181.16.185.93,ipv4,ssh-brute-force,high,WHITE,blocklist.de/ssh|blocklist.de/all|ziyadnz/hourly-ipv4,blocklist.de|ssh|bot|irc-bot|brute-force|ziyadnz|hourly,2026-08-17T18:48:05Z,2026-08-17T18:48:05Z,
181.160.217.245,ipv4,ssh-brute-force,high,WHITE,blocklist.de/ssh|blocklist.de/all|ziyadnz/hourly-ipv4,blocklist.de|ssh|bot|irc-bot|brute-force|ziyadnz|hourly,2026-08-17T18:48:05Z,2026-08-17T18:48:05Z,
181.162.157.153,ipv4,ssh-brute-force,high,WHITE,blocklist.de/ssh|blocklist.de/all|ziyadnz/hourly-ipv4,blocklist.de|ssh|bot|irc-bot|brute-force|ziyadnz|hourly,2026-08-17T18:48:05Z,2026-08-17T18:48:05Z,
181.163.171.232,ipv4,ssh-brute-force,high,WHITE,blocklist.de/ssh|blocklist.de/all|ziyadnz/hourly-ipv4,blocklist.de|ssh|bot|irc-bot|brute-force|ziyadnz|hourly,2026-08-17T18:48:05Z,2026-08-17T18:48:05Z,
181.163.82.88,ipv4,ssh-brute-force,high,WHITE,blocklist.de/ssh|blocklist.de/all|ziyadnz/hourly-ipv4,blocklist.de|ssh|bot|irc-bot|brute-force|ziyadnz|hourly,2026-08-17T18:48:05Z,2026-08-17T18:48:05Z,
181.163.89.91,ipv4,ssh-brute-force,high,WHITE,blocklist.de/ssh|blocklist.de/all|ziyadnz/hourly-ipv4,blocklist.de|ssh|bot|irc-bot|brute-force|ziyadnz|hourly,2026-08-17T18:48:05Z,2026-08-17T18:48:05Z,
181.164.12.188,ipv4,ssh-brute-force,high,WHITE,blocklist.de/ssh|blocklist.de/all|ziyadnz/hourly-ipv4,blocklist.de|ssh|bot|irc-bot|brute-force|ziyadnz|hourly,2026-08-17T18:48:05Z,2026-08-17T18:48:05Z,
181.164.42.159,ipv4,ssh-brute-force,high,WHITE,blocklist.de/ssh|blocklist.de/all|ziyadnz/hourly-ipv4,blocklist.de|ssh|bot|irc-bot|brute-force|ziyadnz|hourly,2026-08-17T18:48:05Z,2026-08-17T18:48:05Z,
181.173.220.44,ipv4,ssh-brute-force,high,WHITE,blocklist.de/ssh|blocklist.de/all|ziyadnz/hourly-ipv4,blocklist.de|ssh|bot|irc-bot|brute-force|ziyadnz|hourly,2026-08-17T18:48:05Z,2026-08-17T18:48:05Z,
181.173.239.190,ipv4,ssh-brute-force,high,WHITE,blocklist.de/ssh|blocklist.de/all|ziyadnz/hourly-ipv4,blocklist.de|ssh|bot|irc-bot|brute-force|ziyadnz|hourly,2026-08-17T18:48:05Z,2026-08-17T18:48:05Z,
181.174.228.132,ipv4,ssh-brute-force,high,WHITE,blocklist.de/ssh|blocklist.de/all|ziyadnz/hourly-ipv4,blocklist.de|ssh|bot|irc-bot|brute-force|ziyadnz|hourly,2026-08-17T18:48:05Z,2026-08-17T18:48:05Z,
181.188.203.233,ipv4,ssh-brute-force,high,WHITE,blocklist.de/ssh|blocklist.de/all|ziyadnz/hourly-ipv4,blocklist.de|ssh|bot|irc-bot|brute-force|ziyadnz|hourly,2026-08-17T18:48:05Z,2026-08-17T18:48:05Z,
181.188.203.235,ipv4,ssh-brute-force,high,WHITE,blocklist.de/ssh|blocklist.de/all|ziyadnz/hourly-ipv4,blocklist.de|ssh|bot|irc-bot|brute-force|ziyadnz|hourly,2026-08-17T18:48:05Z,2026-08-17T18:48:05Z,
181.191.143.172,ipv4,ssh-brute-force,high,WHITE,blocklist.de/ssh|blocklist.de/all|ziyadnz/hourly-ipv4,blocklist.de|ssh|bot|irc-bot|brute-force|ziyadnz|hourly,2026-08-17T18:48:05Z,2026-08-17T18:48:05Z,
181.191.65.28,ipv4,ssh-brute-force,high,WHITE,blocklist.de/ssh|blocklist.de/all|ziyadnz/hourly-ipv4,blocklist.de|ssh|bot|irc-bot|brute-force|ziyadnz|hourly,2026-08-17T18:48:05Z,2026-08-17T18:48:05Z,
181.191.65.7,ipv4,ssh-brute-force,high,WHITE,blocklist.de/ssh|blocklist.de/all|ziyadnz/hourly-ipv4,blocklist.de|ssh|bot|irc-bot|brute-force|ziyadnz|hourly,2026-08-17T18:48:05Z,2026-08-17T18:48:05Z,
181.2.17.210,ipv4,ssh-brute-force,high,WHITE,blocklist.de/ssh|blocklist.de/all|ziyadnz/hourly-ipv4,blocklist.de|ssh|bot|irc-bot|brute-force|ziyadnz|hourly,2026-08-17T18:48:05Z,2026-08-17T18:48:05Z,
181.20.214.178,ipv4,ssh-brute-force,high,WHITE,blocklist.de/ssh|blocklist.de/all|ziyadnz/hourly-ipv4,blocklist.de|ssh|bot|irc-bot|brute-force|ziyadnz|hourly,2026-08-17T18:48:05Z,2026-08-17T18:48:05Z,
181.20.92.48,ipv4,ssh-brute-force,high,WHITE,blocklist.de/ssh|blocklist.de/all|ziyadnz/hourly-ipv4,blocklist.de|ssh|bot|irc-bot|brute-force|ziyadnz|hourly,2026-08-17T18:48:05Z,2026-08-17T18:48:05Z,
181.209.103.218,ipv4,ssh-brute-force,high,WHITE,blocklist.de/ssh|blocklist.de/all|ziyadnz/hourly-ipv4,blocklist.de|ssh|bot|irc-bot|brute-force|ziyadnz|hourly,2026-08-17T18:48:05Z,2026-08-17T18:48:05Z,
181.209.109.90,ipv4,ssh-brute-force,high,WHITE,blocklist.de/ssh|blocklist.de/all|ziyadnz/hourly-ipv4,blocklist.de|ssh|bot|irc-bot|brute-force|ziyadnz|hourly,2026-08-17T18:48:05Z,2026-08-17T18:48:05Z,
181.21.48.206,ipv4,ssh-brute-force,high,WHITE,blocklist.de/ssh|blocklist.de/all|ziyadnz/hourly-ipv4,blocklist.de|ssh|bot|irc-bot|brute-force|ziyadnz|hourly,2026-08-17T18:48:05Z,2026-08-17T18:48:05Z,
181.214.83.147,ipv4,ssh-brute-force,high,WHITE,blocklist.de/ssh|blocklist.de/all|ziyadnz/hourly-ipv4,blocklist.de|ssh|bot|irc-bot|brute-force|ziyadnz|hourly,2026-08-17T18:48:05Z,2026-08-17T18:48:05Z,
181.218.172.74,ipv4,ssh-brute-force,high,WHITE,blocklist.de/ssh|blocklist.de/all|ziyadnz/hourly-ipv4,blocklist.de|ssh|bot|irc-bot|brute-force|ziyadnz|hourly,2026-08-17T18:48:05Z,2026-08-17T18:48:05Z,
181.225.83.35,ipv4,ssh-brute-force,high,WHITE,blocklist.de/ssh|blocklist.de/all|ziyadnz/hourly-ipv4,blocklist.de|ssh|bot|irc-bot|brute-force|ziyadnz|hourly,2026-08-17T18:48:05Z,2026-08-17T18:48:05Z,
181.225.83.46,ipv4,ssh-brute-force,high,WHITE,blocklist.de/ssh|blocklist.de/all|ziyadnz/hourly-ipv4,blocklist.de|ssh|bot|irc-bot|brute-force|ziyadnz|hourly,2026-08-17T18:48:05Z,2026-08-17T18:48:05Z,
181.226.101.36,ipv4,ssh-brute-force,high,WHITE,blocklist.de/ssh|blocklist.de/all|ziyadnz/hourly-ipv4,blocklist.de|ssh|bot|irc-bot|brute-force|ziyadnz|hourly,2026-08-17T18:48:05Z,2026-08-17T18:48:05Z,
181.228.80.171,ipv4,ssh-brute-force,high,WHITE,blocklist.de/ssh|blocklist.de/all|ziyadnz/hourly-ipv4,blocklist.de|ssh|bot|irc-bot|brute-force|ziyadnz|hourly,2026-08-17T18:48:05Z,2026-08-17T18:48:05Z,
181.229.188.3,ipv4,ssh-brute-force,high,WHITE,blocklist.de/ssh|blocklist.de/all|ziyadnz/hourly-ipv4,blocklist.de|ssh|bot|irc-bot|brute-force|ziyadnz|hourly,2026-08-17T18:48:05Z,2026-08-17T18:48:05Z,
181.23.230.66,ipv4,ssh-brute-force,high,WHITE,blocklist.de/ssh|blocklist.de/all|ziyadnz/hourly-ipv4,blocklist.de|ssh|bot|irc-bot|brute-force|ziyadnz|hourly,2026-08-17T18:48:05Z,2026-08-17T18:48:05Z,
181.23.57.66,ipv4,ssh-brute-force,high,WHITE,blocklist.de/ssh|blocklist.de/all|ziyadnz/hourly-ipv4,blocklist.de|ssh|bot|irc-bot|brute-force|ziyadnz|hourly,2026-08-17T18:48:05Z,2026-08-17T18:48:05Z,
181.230.77.234,ipv4,ssh-brute-force,high,WHITE,blocklist.de/ssh|blocklist.de/all|ziyadnz/hourly-ipv4,blocklist.de|ssh|bot|irc-bot|brute-force|ziyadnz|hourly,2026-08-17T18:48:05Z,2026-08-17T18:48:05Z,
181.232.162.27,ipv4,ssh-brute-force,high,WHITE,blocklist.de/ssh|blocklist.de/all|ziyadnz/hourly-ipv4,blocklist.de|ssh|bot|irc-bot|brute-force|ziyadnz|hourly,2026-08-17T18:48:05Z,2026-08-17T18:48:05Z,
181.233.109.107,ipv4,ssh-brute-force,high,WHITE,blocklist.de/ssh|blocklist.de/all|ziyadnz/hourly-ipv4,blocklist.de|ssh|bot|irc-bot|brute-force|ziyadnz|hourly,2026-08-17T18:48:05Z,2026-08-17T18:48:05Z,
181.233.183.129,ipv4,ssh-brute-force,high,WHITE,blocklist.de/ssh|blocklist.de/all|ziyadnz/hourly-ipv4,blocklist.de|ssh|bot|irc-bot|brute-force|ziyadnz|hourly,2026-08-17T18:48:05Z,2026-08-17T18:48:05Z,
181.234.8.65,ipv4,ssh-brute-force,high,WHITE,blocklist.de/ssh|blocklist.de/all|ziyadnz/hourly-ipv4,blocklist.de|ssh|bot|irc-bot|brute-force|ziyadnz|hourly,2026-08-17T18:48:05Z,2026-08-17T18:48:05Z,
181.236.125.118,ipv4,ssh-brute-force,high,WHITE,blocklist.de/ssh|blocklist.de/all|ziyadnz/hourly-ipv4,blocklist.de|ssh|bot|irc-bot|brute-force|ziyadnz|hourly,2026-08-17T18:48:05Z,2026-08-17T18:48:05Z,
181.24.15.231,ipv4,ssh-brute-force,high,WHITE,blocklist.de/ssh|blocklist.de/all|ziyadnz/hourly-ipv4,blocklist.de|ssh|bot|irc-bot|brute-force|ziyadnz|hourly,2026-08-17T18:48:05Z,2026-08-17T18:48:05Z,
181.24.2.230,ipv4,ssh-brute-force,high,WHITE,blocklist.de/ssh|blocklist.de/all|ziyadnz/hourly-ipv4,blocklist.de|ssh|bot|irc-bot|brute-force|ziyadnz|hourly,2026-08-17T18:48:05Z,2026-08-17T18:48:05Z,
181.24.21.240,ipv4,ssh-brute-force,high,WHITE,blocklist.de/ssh|blocklist.de/all|ziyadnz/hourly-ipv4,blocklist.de|ssh|bot|irc-bot|brute-force|ziyadnz|hourly,2026-08-17T18:48:05Z,2026-08-17T18:48:05Z,
181.25.10.211,ipv4,ssh-brute-force,high,WHITE,blocklist.de/ssh|blocklist.de/all|ziyadnz/hourly-ipv4,blocklist.de|ssh|bot|irc-bot|brute-force|ziyadnz|hourly,2026-08-17T18:48:05Z,2026-08-17T18:48:05Z,
181.25.133.192,ipv4,ssh-brute-force,high,WHITE,blocklist.de/ssh|blocklist.de/all|ziyadnz/hourly-ipv4,blocklist.de|ssh|bot|irc-bot|brute-force|ziyadnz|hourly,2026-08-17T18:48:05Z,2026-08-17T18:48:05Z,
181.25.9.216,ipv4,ssh-brute-force,high,WHITE,blocklist.de/ssh|blocklist.de/all|ziyadnz/hourly-ipv4,blocklist.de|ssh|bot|irc-bot|brute-force|ziyadnz|hourly,2026-08-17T18:48:05Z,2026-08-17T18:48:05Z,
181.26.107.249,ipv4,ssh-brute-force,high,WHITE,blocklist.de/ssh|blocklist.de/all|ziyadnz/hourly-ipv4,blocklist.de|ssh|bot|irc-bot|brute-force|ziyadnz|hourly,2026-08-17T18:48:05Z,2026-08-17T18:48:05Z,
181.26.139.20,ipv4,ssh-brute-force,high,WHITE,blocklist.de/ssh|blocklist.de/all|ziyadnz/hourly-ipv4,blocklist.de|ssh|bot|irc-bot|brute-force|ziyadnz|hourly,2026-08-17T18:48:05Z,2026-08-17T18:48:05Z,
181.26.142.123,ipv4,ssh-brute-force,high,WHITE,blocklist.de/ssh|blocklist.de/all|ziyadnz/hourly-ipv4,blocklist.de|ssh|bot|irc-bot|brute-force|ziyadnz|hourly,2026-08-17T18:48:05Z,2026-08-17T18:48:05Z,
181.26.175.215,ipv4,ssh-brute-force,high,WHITE,blocklist.de/ssh|blocklist.de/all|ziyadnz/hourly-ipv4,blocklist.de|ssh|bot|irc-bot|brute-force|ziyadnz|hourly,2026-08-17T18:48:05Z,2026-08-17T18:48:05Z,
181.27.28.19,ipv4,ssh-brute-force,medium,WHITE,blocklist.de/ssh|blocklist.de/all,blocklist.de|ssh|bot|irc-bot|brute-force|ziyadnz|hourly,2026-08-17T18:48:05Z,2026-08-17T18:48:05Z,
181.28.158.151,ipv4,ssh-brute-force,high,WHITE,blocklist.de/ssh|blocklist.de/all|ziyadnz/hourly-ipv4,blocklist.de|ssh|bot|irc-bot|brute-force|ziyadnz|hourly,2026-08-17T18:48:05Z,2026-08-17T18:48:05Z,
181.29.245.116,ipv4,ssh-brute-force,high,WHITE,blocklist.de/ssh|blocklist.de/all|ziyadnz/hourly-ipv4,blocklist.de|ssh|bot|irc-bot|brute-force|ziyadnz|hourly,2026-08-17T18:48:05Z,2026-08-17T18:48:05Z,
181.4.240.110,ipv4,ssh-brute-force,high,WHITE,blocklist.de/ssh|blocklist.de/all|ziyadnz/hourly-ipv4,blocklist.de|ssh|bot|irc-bot|brute-force|ziyadnz|hourly,2026-08-17T18:48:05Z,2026-08-17T18:48:05Z,
181.41.252.146,ipv4,ssh-brute-force,high,WHITE,blocklist.de/ssh|blocklist.de/all|ziyadnz/hourly-ipv4,blocklist.de|ssh|bot|irc-bot|brute-force|ziyadnz|hourly,2026-08-17T18:48:05Z,2026-08-17T18:48:05Z,
181.42.135.187,ipv4,ssh-brute-force,high,WHITE,blocklist.de/ssh|blocklist.de/all|ziyadnz/hourly-ipv4,blocklist.de|ssh|bot|irc-bot|brute-force|ziyadnz|hourly,2026-08-17T18:48:05Z,2026-08-17T18:48:05Z,
181.42.190.168,ipv4,ssh-brute-force,high,WHITE,blocklist.de/ssh|blocklist.de/all|ziyadnz/hourly-ipv4,blocklist.de|ssh|bot|irc-bot|brute-force|ziyadnz|hourly,2026-08-17T18:48:05Z,2026-08-17T18:48:05Z,
181.43.39.215,ipv4,ssh-brute-force,high,WHITE,blocklist.de/ssh|blocklist.de/all|ziyadnz/hourly-ipv4,blocklist.de|ssh|bot|irc-bot|brute-force|ziyadnz|hourly,2026-08-17T18:48:05Z,2026-08-17T18:48:05Z,
181.44.116.102,ipv4,ssh-brute-force,medium,WHITE,blocklist.de/ssh|blocklist.de/all,blocklist.de|ssh|bot|irc-bot|brute-force|ziyadnz|hourly,2026-08-17T18:48:05Z,2026-08-17T18:48:05Z,
181.44.66.232,ipv4,ssh-brute-force,high,WHITE,blocklist.de/ssh|blocklist.de/all|ziyadnz/hourly-ipv4,blocklist.de|ssh|bot|irc-bot|brute-force|ziyadnz|hourly,2026-08-17T18:48:05Z,2026-08-17T18:48:05Z,
181.45.135.193,ipv4,ssh-brute-force,high,WHITE,blocklist.de/ssh|blocklist.de/all|ziyadnz/hourly-ipv4,blocklist.de|ssh|bot|irc-bot|brute-force|ziyadnz|hourly,2026-08-17T18:48:05Z,2026-08-17T18:48:05Z,
181.45.90.144,ipv4,ssh-brute-force,high,WHITE,blocklist.de/ssh|blocklist.de/all|ziyadnz/hourly-ipv4,blocklist.de|ssh|bot|irc-bot|brute-force|ziyadnz|hourly,2026-08-17T18:48:05Z,2026-08-17T18:48:05Z,
181.46.112.37,ipv4,ssh-brute-force,high,WHITE,blocklist.de/ssh|blocklist.de/all|ziyadnz/hourly-ipv4,blocklist.de|ssh|bot|irc-bot|brute-force|ziyadnz|hourly,2026-08-17T18:48:05Z,2026-08-17T18:48:05Z,
181.46.120.73,ipv4,ssh-brute-force,high,WHITE,blocklist.de/ssh|blocklist.de/all|ziyadnz/hourly-ipv4,blocklist.de|ssh|bot|irc-bot|brute-force|ziyadnz|hourly,2026-08-17T18:48:05Z,2026-08-17T18:48:05Z,
181.46.137.112,ipv4,ssh-brute-force,high,WHITE,blocklist.de/ssh|blocklist.de/all|ziyadnz/hourly-ipv4,blocklist.de|ssh|bot|irc-bot|brute-force|ziyadnz|hourly,2026-08-17T18:48:05Z,2026-08-17T18:48:05Z,
181.46.166.194,ipv4,ssh-brute-force,high,WHITE,blocklist.de/ssh|blocklist.de/all|ziyadnz/hourly-ipv4,blocklist.de|ssh|bot|irc-bot|brute-force|ziyadnz|hourly,2026-08-17T18:48:05Z,2026-08-17T18:48:05Z,
181.46.39.101,ipv4,ssh-brute-force,high,WHITE,blocklist.de/ssh|blocklist.de/all|ziyadnz/hourly-ipv4,blocklist.de|ssh|bot|irc-bot|brute-force|ziyadnz|hourly,2026-08-17T18:48:05Z,2026-08-17T18:48:05Z,
181.46.39.19,ipv4,ssh-brute-force,high,WHITE,blocklist.de/ssh|blocklist.de/all|ziyadnz/hourly-ipv4,blocklist.de|ssh|bot|irc-bot|brute-force|ziyadnz|hourly,2026-08-17T18:48:05Z,2026-08-17T18:48:05Z,
181.46.39.28,ipv4,ssh-brute-force,high,WHITE,blocklist.de/ssh|blocklist.de/all|ziyadnz/hourly-ipv4,blocklist.de|ssh|bot|irc-bot|brute-force|ziyadnz|hourly,2026-08-17T18:48:05Z,2026-08-17T18:48:05Z,
181.46.39.7,ipv4,ssh-brute-force,high,WHITE,blocklist.de/ssh|blocklist.de/all|ziyadnz/hourly-ipv4,blocklist.de|ssh|bot|irc-bot|brute-force|ziyadnz|hourly,2026-08-17T18:48:05Z,2026-08-17T18:48:05Z,
181.46.66.100,ipv4,ssh-brute-force,high,WHITE,blocklist.de/ssh|blocklist.de/all|ziyadnz/hourly-ipv4,blocklist.de|ssh|bot|irc-bot|brute-force|ziyadnz|hourly,2026-08-17T18:48:05Z,2026-08-17T18:48:05Z,
181.46.66.233,ipv4,ssh-brute-force,high,WHITE,blocklist.de/ssh|blocklist.de/all|ziyadnz/hourly-ipv4,blocklist.de|ssh|bot|irc-bot|brute-force|ziyadnz|hourly,2026-08-17T18:48:05Z,2026-08-17T18:48:05Z,
181.46.66.25,ipv4,ssh-brute-force,high,WHITE,blocklist.de/ssh|blocklist.de/all|ziyadnz/hourly-ipv4,blocklist.de|ssh|bot|irc-bot|brute-force|ziyadnz|hourly,2026-08-17T18:48:05Z,2026-08-17T18:48:05Z,
181.46.66.56,ipv4,ssh-brute-force,high,WHITE,blocklist.de/ssh|blocklist.de/all|ziyadnz/hourly-ipv4,blocklist.de|ssh|bot|irc-bot|brute-force|ziyadnz|hourly,2026-08-17T18:48:05Z,2026-08-17T18:48:05Z,
181.46.69.130,ipv4,ssh-brute-force,high,WHITE,blocklist.de/ssh|blocklist.de/all|ziyadnz/hourly-ipv4,blocklist.de|ssh|bot|irc-bot|brute-force|ziyadnz|hourly,2026-08-17T18:48:05Z,2026-08-17T18:48:05Z,
181.46.71.226,ipv4,ssh-brute-force,high,WHITE,blocklist.de/ssh|blocklist.de/all|ziyadnz/hourly-ipv4,blocklist.de|ssh|bot|irc-bot|brute-force|ziyadnz|hourly,2026-08-17T18:48:05Z,2026-08-17T18:48:05Z,
181.46.76.110,ipv4,ssh-brute-force,high,WHITE,blocklist.de/ssh|blocklist.de/all|ziyadnz/hourly-ipv4,blocklist.de|ssh|bot|irc-bot|brute-force|ziyadnz|hourly,2026-08-17T18:48:05Z,2026-08-17T18:48:05Z,
181.46.9.102,ipv4,ssh-brute-force,high,WHITE,blocklist.de/ssh|blocklist.de/all|ziyadnz/hourly-ipv4,blocklist.de|ssh|bot|irc-bot|brute-force|ziyadnz|hourly,2026-08-17T18:48:05Z,2026-08-17T18:48:05Z,
181.46.9.65,ipv4,ssh-brute-force,high,WHITE,blocklist.de/ssh|blocklist.de/all|ziyadnz/hourly-ipv4,blocklist.de|ssh|bot|irc-bot|brute-force|ziyadnz|hourly,2026-08-17T18:48:05Z,2026-08-17T18:48:05Z,
181.47.132.4,ipv4,ssh-brute-force,high,WHITE,blocklist.de/ssh|blocklist.de/all|ziyadnz/hourly-ipv4,blocklist.de|ssh|bot|irc-bot|brute-force|ziyadnz|hourly,2026-08-17T18:48:05Z,2026-08-17T18:48:05Z,
181.47.67.67,ipv4,ssh-brute-force,high,WHITE,blocklist.de/ssh|blocklist.de/all|ziyadnz/hourly-ipv4,blocklist.de|ssh|bot|irc-bot|brute-force|ziyadnz|hourly,2026-08-17T18:48:05Z,2026-08-17T18:48:05Z,
181.47.83.83,ipv4,ssh-brute-force,high,WHITE,blocklist.de/ssh|blocklist.de/all|ziyadnz/hourly-ipv4,blocklist.de|ssh|bot|irc-bot|brute-force|ziyadnz|hourly,2026-08-17T18:48:05Z,2026-08-17T18:48:05Z,
181.49.8.57,ipv4,ssh-brute-force,high,WHITE,blocklist.de/ssh|blocklist.de/all|ziyadnz/hourly-ipv4,blocklist.de|ssh|bot|irc-bot|brute-force|ziyadnz|hourly,2026-08-17T18:48:05Z,2026-08-17T18:48:05Z,
181.51.89.2,ipv4,ssh-brute-force,high,WHITE,blocklist.de/ssh|blocklist.de/all|ziyadnz/hourly-ipv4,blocklist.de|ssh|bot|irc-bot|brute-force|ziyadnz|hourly,2026-08-17T18:48:05Z,2026-08-17T18:48:05Z,
181.59.3.97,ipv4,ssh-brute-force,high,WHITE,blocklist.de/ssh|blocklist.de/all|ziyadnz/hourly-ipv4,blocklist.de|ssh|bot|irc-bot|brute-force|ziyadnz|hourly,2026-08-17T18:48:05Z,2026-08-17T18:48:05Z,
181.78.11.41,ipv4,ssh-brute-force,high,WHITE,blocklist.de/ssh|blocklist.de/all|ziyadnz/hourly-ipv4,blocklist.de|ssh|bot|irc-bot|brute-force|ziyadnz|hourly,2026-08-17T18:48:05Z,2026-08-17T18:48:05Z,
181.78.202.33,ipv4,ssh-brute-force,high,WHITE,blocklist.de/ssh|blocklist.de/all|ziyadnz/hourly-ipv4,blocklist.de|ssh|bot|irc-bot|brute-force|ziyadnz|hourly,2026-08-17T18:48:05Z,2026-08-17T18:48:05Z,
181.79.91.60,ipv4,ssh-brute-force,high,WHITE,blocklist.de/ssh|blocklist.de/all|ziyadnz/hourly-ipv4,blocklist.de|ssh|bot|irc-bot|brute-force|ziyadnz|hourly,2026-08-17T18:48:05Z,2026-08-17T18:48:05Z,
181.79.91.61,ipv4,ssh-brute-force,high,WHITE,blocklist.de/ssh|blocklist.de/all|ziyadnz/hourly-ipv4,blocklist.de|ssh|bot|irc-bot|brute-force|ziyadnz|hourly,2026-08-17T18:48:05Z,2026-08-17T18:48:05Z,
181.80.145.20,ipv4,ssh-brute-force,high,WHITE,blocklist.de/ssh|blocklist.de/all|ziyadnz/hourly-ipv4,blocklist.de|ssh|bot|irc-bot|brute-force|ziyadnz|hourly,2026-08-17T18:48:05Z,2026-08-17T18:48:05Z,
181.80.45.112,ipv4,ssh-brute-force,high,WHITE,blocklist.de/ssh|blocklist.de/all|ziyadnz/hourly-ipv4,blocklist.de|ssh|bot|irc-bot|brute-force|ziyadnz|hourly,2026-08-17T18:48:05Z,2026-08-17T18:48:05Z,
181.81.38.80,ipv4,ssh-brute-force,high,WHITE,blocklist.de/ssh|blocklist.de/all|ziyadnz/hourly-ipv4,blocklist.de|ssh|bot|irc-bot|brute-force|ziyadnz|hourly,2026-08-17T18:48:05Z,2026-08-17T18:48:05Z,
181.88.182.30,ipv4,ssh-brute-force,high,WHITE,blocklist.de/ssh|blocklist.de/all|ziyadnz/hourly-ipv4,blocklist.de|ssh|bot|irc-bot|brute-force|ziyadnz|hourly,2026-08-17T18:48:05Z,2026-08-17T18:48:05Z,
181.89.95.237,ipv4,ssh-brute-force,high,WHITE,blocklist.de/ssh|blocklist.de/all|ziyadnz/hourly-ipv4,blocklist.de|ssh|bot|irc-bot|brute-force|ziyadnz|hourly,2026-08-17T18:48:05Z,2026-08-17T18:48:05Z,
181.90.200.220,ipv4,ssh-brute-force,high,WHITE,blocklist.de/ssh|blocklist.de/all|ziyadnz/hourly-ipv4,blocklist.de|ssh|bot|irc-bot|brute-force|ziyadnz|hourly,2026-08-17T18:48:05Z,2026-08-17T18:48:05Z,
181.91.158.62,ipv4,ssh-brute-force,high,WHITE,blocklist.de/ssh|blocklist.de/all|ziyadnz/hourly-ipv4,blocklist.de|ssh|bot|irc-bot|brute-force|ziyadnz|hourly,2026-08-17T18:48:05Z,2026-08-17T18:48:05Z,
181.91.5.159,ipv4,ssh-brute-force,high,WHITE,blocklist.de/ssh|blocklist.de/all|ziyadnz/hourly-ipv4,blocklist.de|ssh|bot|irc-bot|brute-force|ziyadnz|hourly,2026-08-17T18:48:05Z,2026-08-17T18:48:05Z,
181.91.85.74,ipv4,ssh-brute-force,high,WHITE,blocklist.de/ssh|blocklist.de/all|ziyadnz/hourly-ipv4,blocklist.de|ssh|bot|irc-bot|brute-force|ziyadnz|hourly,2026-08-17T18:48:05Z,2026-08-17T18:48:05Z,
181.93.106.203,ipv4,ssh-brute-force,high,WHITE,blocklist.de/ssh|blocklist.de/all|ziyadnz/hourly-ipv4,blocklist.de|ssh|bot|irc-bot|brute-force|ziyadnz|hourly,2026-08-17T18:48:05Z,2026-08-17T18:48:05Z,
181.94.162.199,ipv4,ssh-brute-force,high,WHITE,blocklist.de/ssh|blocklist.de/all|ziyadnz/hourly-ipv4,blocklist.de|ssh|bot|irc-bot|brute-force|ziyadnz|hourly,2026-08-17T18:48:05Z,2026-08-17T18:48:05Z,
181.94.225.242,ipv4,ssh-brute-force,high,WHITE,blocklist.de/ssh|blocklist.de/all|ziyadnz/hourly-ipv4,blocklist.de|ssh|bot|irc-bot|brute-force|ziyadnz|hourly,2026-08-17T18:48:05Z,2026-08-17T18:48:05Z,
181.94.226.250,ipv4,ssh-brute-force,high,WHITE,blocklist.de/ssh|blocklist.de/all|ziyadnz/hourly-ipv4,blocklist.de|ssh|bot|irc-bot|brute-force|ziyadnz|hourly,2026-08-17T18:48:05Z,2026-08-17T18:48:05Z,
181.94.227.117,ipv4,ssh-brute-force,high,WHITE,blocklist.de/ssh|blocklist.de/all|ziyadnz/hourly-ipv4,blocklist.de|ssh|bot|irc-bot|brute-force|ziyadnz|hourly,2026-08-17T18:48:05Z,2026-08-17T18:48:05Z,
181.94.229.194,ipv4,ssh-brute-force,high,WHITE,blocklist.de/ssh|blocklist.de/all|ziyadnz/hourly-ipv4,blocklist.de|ssh|bot|irc-bot|brute-force|ziyadnz|hourly,2026-08-17T18:48:05Z,2026-08-17T18:48:05Z,
181.95.190.202,ipv4,ssh-brute-force,high,WHITE,blocklist.de/ssh|blocklist.de/all|ziyadnz/hourly-ipv4,blocklist.de|ssh|bot|irc-bot|brute-force|ziyadnz|hourly,2026-08-17T18:48:05Z,2026-08-17T18:48:05Z,
182.118.64.225,ipv4,ssh-brute-force,high,WHITE,blocklist.de/ssh|blocklist.de/all|ziyadnz/hourly-ipv4,blocklist.de|ssh|bot|irc-bot|brute-force|ziyadnz|hourly,2026-08-17T18:48:05Z,2026-08-17T18:48:05Z,
182.139.166.171,ipv4,ssh-brute-force,high,WHITE,blocklist.de/ssh|blocklist.de/all|ziyadnz/hourly-ipv4,blocklist.de|ssh|bot|irc-bot|brute-force|ziyadnz|hourly,2026-08-17T18:48:05Z,2026-08-17T18:48:05Z,
182.150.176.154,ipv4,ssh-brute-force,high,WHITE,blocklist.de/ssh|blocklist.de/all|ziyadnz/hourly-ipv4,blocklist.de|ssh|bot|irc-bot|brute-force|ziyadnz|hourly,2026-08-17T18:48:05Z,2026-08-17T18:48:05Z,
182.151.41.228,ipv4,ssh-brute-force,high,WHITE,blocklist.de/ssh|blocklist.de/all|ziyadnz/hourly-ipv4,blocklist.de|ssh|bot|irc-bot|brute-force|ziyadnz|hourly,2026-08-17T18:48:05Z,2026-08-17T18:48:05Z,
182.16.252.18,ipv4,ssh-brute-force,high,WHITE,blocklist.de/ssh|blocklist.de/all|ziyadnz/hourly-ipv4,blocklist.de|ssh|bot|irc-bot|brute-force|ziyadnz|hourly,2026-08-17T18:48:05Z,2026-08-17T18:48:05Z,
182.171.90.17,ipv4,ssh-brute-force,high,WHITE,blocklist.de/ssh|blocklist.de/all|ziyadnz/hourly-ipv4,blocklist.de|ssh|bot|irc-bot|brute-force|ziyadnz|hourly,2026-08-17T18:48:05Z,2026-08-17T18:48:05Z,
182.18.139.237,ipv4,ssh-brute-force,high,WHITE,blocklist.de/ssh|blocklist.de/all|ziyadnz/hourly-ipv4,blocklist.de|ssh|bot|irc-bot|brute-force|ziyadnz|hourly,2026-08-17T18:48:05Z,2026-08-17T18:48:05Z,
182.201.244.26,ipv4,ssh-brute-force,high,WHITE,blocklist.de/ssh|blocklist.de/all|ziyadnz/hourly-ipv4,blocklist.de|ssh|bot|irc-bot|brute-force|ziyadnz|hourly,2026-08-17T18:48:05Z,2026-08-17T18:48:05Z,
182.242.214.122,ipv4,ssh-brute-force,high,WHITE,blocklist.de/ssh|blocklist.de/all|ziyadnz/hourly-ipv4,blocklist.de|ssh|bot|irc-bot|brute-force|ziyadnz|hourly,2026-08-17T18:48:05Z,2026-08-17T18:48:05Z,
182.244.5.153,ipv4,ssh-brute-force,high,WHITE,blocklist.de/ssh|blocklist.de/all|ziyadnz/hourly-ipv4,blocklist.de|ssh|bot|irc-bot|brute-force|ziyadnz|hourly,2026-08-17T18:48:05Z,2026-08-17T18:48:05Z,
182.253.168.82,ipv4,ssh-brute-force,high,WHITE,blocklist.de/ssh|blocklist.de/all|ziyadnz/hourly-ipv4,blocklist.de|ssh|bot|irc-bot|brute-force|ziyadnz|hourly,2026-08-17T18:48:05Z,2026-08-17T18:48:05Z,
182.253.173.26,ipv4,ssh-brute-force,high,WHITE,blocklist.de/ssh|blocklist.de/all|ziyadnz/hourly-ipv4,blocklist.de|ssh|bot|irc-bot|brute-force|ziyadnz|hourly,2026-08-17T18:48:05Z,2026-08-17T18:48:05Z,
182.253.175.78,ipv4,ssh-brute-force,high,WHITE,blocklist.de/ssh|blocklist.de/all|ziyadnz/hourly-ipv4,blocklist.de|ssh|bot|irc-bot|brute-force|ziyadnz|hourly,2026-08-17T18:48:05Z,2026-08-17T18:48:05Z,
182.253.221.210,ipv4,ssh-brute-force,high,WHITE,blocklist.de/ssh|blocklist.de/all|ziyadnz/hourly-ipv4,blocklist.de|ssh|bot|irc-bot|brute-force|ziyadnz|hourly,2026-08-17T18:48:05Z,2026-08-17T18:48:05Z,
182.253.79.195,ipv4,ssh-brute-force,high,WHITE,blocklist.de/ssh|blocklist.de/all|ziyadnz/hourly-ipv4,blocklist.de|ssh|bot|irc-bot|brute-force|ziyadnz|hourly,2026-08-17T18:48:05Z,2026-08-17T18:48:05Z,
182.255.89.114,ipv4,ssh-brute-force,high,WHITE,blocklist.de/ssh|blocklist.de/all|ziyadnz/hourly-ipv4,blocklist.de|ssh|bot|irc-bot|brute-force|ziyadnz|hourly,2026-08-17T18:48:05Z,2026-08-17T18:48:05Z,
182.43.16.224,ipv4,ssh-brute-force,high,WHITE,blocklist.de/ssh|blocklist.de/all|ziyadnz/hourly-ipv4,blocklist.de|ssh|bot|irc-bot|brute-force|ziyadnz|hourly,2026-08-17T18:48:05Z,2026-08-17T18:48:05Z,
182.43.164.191,ipv4,ssh-brute-force,high,WHITE,blocklist.de/ssh|blocklist.de/all|ziyadnz/hourly-ipv4,blocklist.de|ssh|bot|irc-bot|brute-force|ziyadnz|hourly,2026-08-17T18:48:05Z,2026-08-17T18:48:05Z,
182.43.19.187,ipv4,ssh-brute-force,high,WHITE,blocklist.de/ssh|blocklist.de/all|ziyadnz/hourly-ipv4,blocklist.de|ssh|bot|irc-bot|brute-force|ziyadnz|hourly,2026-08-17T18:48:05Z,2026-08-17T18:48:05Z,
182.43.221.112,ipv4,ssh-brute-force,high,WHITE,blocklist.de/ssh|blocklist.de/all|ziyadnz/hourly-ipv4,blocklist.de|ssh|bot|irc-bot|brute-force|ziyadnz|hourly,2026-08-17T18:48:05Z,2026-08-17T18:48:05Z,
182.43.235.218,ipv4,ssh-brute-force,high,WHITE,blocklist.de/ssh|blocklist.de/all|ziyadnz/hourly-ipv4,blocklist.de|ssh|bot|irc-bot|brute-force|ziyadnz|hourly,2026-08-17T18:48:05Z,2026-08-17T18:48:05Z,
182.43.235.75,ipv4,ssh-brute-force,high,WHITE,blocklist.de/ssh|blocklist.de/all|ziyadnz/hourly-ipv4,blocklist.de|ssh|bot|irc-bot|brute-force|ziyadnz|hourly,2026-08-17T18:48:05Z,2026-08-17T18:48:05Z,
182.43.71.198,ipv4,ssh-brute-force,high,WHITE,blocklist.de/ssh|blocklist.de/all|ziyadnz/hourly-ipv4,blocklist.de|ssh|bot|irc-bot|brute-force|ziyadnz|hourly,2026-08-17T18:48:05Z,2026-08-17T18:48:05Z,
182.43.76.81,ipv4,ssh-brute-force,high,WHITE,blocklist.de/ssh|blocklist.de/all|ziyadnz/hourly-ipv4,blocklist.de|ssh|bot|irc-bot|brute-force|ziyadnz|hourly,2026-08-17T18:48:05Z,2026-08-17T18:48:05Z,
182.44.12.151,ipv4,ssh-brute-force,high,WHITE,blocklist.de/ssh|blocklist.de/all|ziyadnz/hourly-ipv4,blocklist.de|ssh|bot|irc-bot|brute-force|ziyadnz|hourly,2026-08-17T18:48:05Z,2026-08-17T18:48:05Z,
182.44.26.211,ipv4,ssh-brute-force,high,WHITE,blocklist.de/ssh|blocklist.de/all|ziyadnz/hourly-ipv4,blocklist.de|ssh|bot|irc-bot|brute-force|ziyadnz|hourly,2026-08-17T18:48:05Z,2026-08-17T18:48:05Z,
182.44.6.221,ipv4,ssh-brute-force,high,WHITE,blocklist.de/ssh|blocklist.de/all|ziyadnz/hourly-ipv4,blocklist.de|ssh|bot|irc-bot|brute-force|ziyadnz|hourly,2026-08-17T18:48:05Z,2026-08-17T18:48:05Z,
182.48.89.196,ipv4,ssh-brute-force,high,WHITE,blocklist.de/ssh|blocklist.de/all|ziyadnz/hourly-ipv4,blocklist.de|ssh|bot|irc-bot|brute-force|ziyadnz|hourly,2026-08-17T18:48:05Z,2026-08-17T18:48:05Z,
182.53.167.229,ipv4,ssh-brute-force,high,WHITE,blocklist.de/ssh|blocklist.de/all|ziyadnz/hourly-ipv4,blocklist.de|ssh|bot|irc-bot|brute-force|ziyadnz|hourly,2026-08-17T18:48:05Z,2026-08-17T18:48:05Z,
182.61.35.204,ipv4,ssh-brute-force,high,WHITE,blocklist.de/ssh|blocklist.de/all|ziyadnz/hourly-ipv4,blocklist.de|ssh|bot|irc-bot|brute-force|ziyadnz|hourly,2026-08-17T18:48:05Z,2026-08-17T18:48:05Z,
182.70.249.137,ipv4,ssh-brute-force,high,WHITE,blocklist.de/ssh|blocklist.de/all|ziyadnz/hourly-ipv4,blocklist.de|ssh|bot|irc-bot|brute-force|ziyadnz|hourly,2026-08-17T18:48:05Z,2026-08-17T18:48:05Z,
182.71.135.110,ipv4,ssh-brute-force,high,WHITE,blocklist.de/ssh|blocklist.de/all|ziyadnz/hourly-ipv4,blocklist.de|ssh|bot|irc-bot|brute-force|ziyadnz|hourly,2026-08-17T18:48:05Z,2026-08-17T18:48:05Z,
182.73.176.186,ipv4,ssh-brute-force,high,WHITE,blocklist.de/ssh|blocklist.de/all|ziyadnz/hourly-ipv4,blocklist.de|ssh|bot|irc-bot|brute-force|ziyadnz|hourly,2026-08-17T18:48:05Z,2026-08-17T18:48:05Z,
182.76.115.214,ipv4,ssh-brute-force,high,WHITE,blocklist.de/ssh|blocklist.de/all|ziyadnz/hourly-ipv4,blocklist.de|ssh|bot|irc-bot|brute-force|ziyadnz|hourly,2026-08-17T18:48:05Z,2026-08-17T18:48:05Z,
182.76.43.24,ipv4,ssh-brute-force,high,WHITE,blocklist.de/ssh|blocklist.de/all|ziyadnz/hourly-ipv4,blocklist.de|ssh|bot|irc-bot|brute-force|ziyadnz|hourly,2026-08-17T18:48:05Z,2026-08-17T18:48:05Z,
182.92.156.78,ipv4,ssh-brute-force,high,WHITE,blocklist.de/ssh|blocklist.de/all|ziyadnz/hourly-ipv4,blocklist.de|ssh|bot|irc-bot|brute-force|ziyadnz|hourly,2026-08-17T18:48:05Z,2026-08-17T18:48:05Z,
183.14.213.217,ipv4,ssh-brute-force,high,WHITE,blocklist.de/ssh|blocklist.de/all|ziyadnz/hourly-ipv4,blocklist.de|ssh|bot|irc-bot|brute-force|ziyadnz|hourly,2026-08-17T18:48:05Z,2026-08-17T18:48:05Z,
183.14.214.62,ipv4,ssh-brute-force,high,WHITE,blocklist.de/ssh|blocklist.de/all|ziyadnz/hourly-ipv4,blocklist.de|ssh|bot|irc-bot|brute-force|ziyadnz|hourly,2026-08-17T18:48:05Z,2026-08-17T18:48:05Z,
183.14.215.26,ipv4,ssh-brute-force,high,WHITE,blocklist.de/ssh|blocklist.de/all|ziyadnz/hourly-ipv4,blocklist.de|ssh|bot|irc-bot|brute-force|ziyadnz|hourly,2026-08-17T18:48:05Z,2026-08-17T18:48:05Z,
183.156.67.231,ipv4,ssh-brute-force,high,WHITE,blocklist.de/ssh|blocklist.de/all|ziyadnz/hourly-ipv4,blocklist.de|ssh|bot|irc-bot|brute-force|ziyadnz|hourly,2026-08-17T18:48:05Z,2026-08-17T18:48:05Z,
183.162.100.102,ipv4,ssh-brute-force,high,WHITE,blocklist.de/ssh|blocklist.de/all|ziyadnz/hourly-ipv4,blocklist.de|ssh|bot|irc-bot|brute-force|ziyadnz|hourly,2026-08-17T18:48:05Z,2026-08-17T18:48:05Z,
183.162.204.229,ipv4,ssh-brute-force,high,WHITE,blocklist.de/ssh|blocklist.de/all|ziyadnz/hourly-ipv4,blocklist.de|ssh|bot|irc-bot|brute-force|ziyadnz|hourly,2026-08-17T18:48:05Z,2026-08-17T18:48:05Z,
183.171.242.76,ipv4,ssh-brute-force,high,WHITE,blocklist.de/ssh|blocklist.de/all|ziyadnz/hourly-ipv4,blocklist.de|ssh|bot|irc-bot|brute-force|ziyadnz|hourly,2026-08-17T18:48:05Z,2026-08-17T18:48:05Z,
183.201.208.25,ipv4,ssh-brute-force,high,WHITE,blocklist.de/ssh|blocklist.de/all|ziyadnz/hourly-ipv4,blocklist.de|ssh|bot|irc-bot|brute-force|ziyadnz|hourly,2026-08-17T18:48:05Z,2026-08-17T18:48:05Z,
183.208.49.88,ipv4,ssh-brute-force,high,WHITE,blocklist.de/ssh|blocklist.de/all|ziyadnz/hourly-ipv4,blocklist.de|ssh|bot|irc-bot|brute-force|ziyadnz|hourly,2026-08-17T18:48:05Z,2026-08-17T18:48:05Z,
183.230.155.13,ipv4,ssh-brute-force,high,WHITE,blocklist.de/ssh|blocklist.de/all|ziyadnz/hourly-ipv4,blocklist.de|ssh|bot|irc-bot|brute-force|ziyadnz|hourly,2026-08-17T18:48:05Z,2026-08-17T18:48:05Z,
183.232.212.207,ipv4,ssh-brute-force,high,WHITE,blocklist.de/ssh|blocklist.de/all|ziyadnz/hourly-ipv4,blocklist.de|ssh|bot|irc-bot|brute-force|ziyadnz|hourly,2026-08-17T18:48:05Z,2026-08-17T18:48:05Z,
183.238.41.121,ipv4,ssh-brute-force,high,WHITE,blocklist.de/ssh|blocklist.de/all|ziyadnz/hourly-ipv4,blocklist.de|ssh|bot|irc-bot|brute-force|ziyadnz|hourly,2026-08-17T18:48:05Z,2026-08-17T18:48:05Z,
183.250.89.44,ipv4,ssh-brute-force,high,WHITE,blocklist.de/ssh|blocklist.de/all|ziyadnz/hourly-ipv4,blocklist.de|ssh|bot|irc-bot|brute-force|ziyadnz|hourly,2026-08-17T18:48:05Z,2026-08-17T18:48:05Z,
183.251.230.98,ipv4,ssh-brute-force,high,WHITE,blocklist.de/ssh|blocklist.de/all|ziyadnz/hourly-ipv4,blocklist.de|ssh|bot|irc-bot|brute-force|ziyadnz|hourly,2026-08-17T18:48:05Z,2026-08-17T18:48:05Z,
183.36.126.68,ipv4,ssh-brute-force,high,WHITE,blocklist.de/ssh|blocklist.de/all|ziyadnz/hourly-ipv4,blocklist.de|ssh|bot|irc-bot|brute-force|ziyadnz|hourly,2026-08-17T18:48:05Z,2026-08-17T18:48:05Z,
183.56.197.63,ipv4,ssh-brute-force,high,WHITE,blocklist.de/ssh|blocklist.de/all|ziyadnz/hourly-ipv4,blocklist.de|ssh|bot|irc-bot|brute-force|ziyadnz|hourly,2026-08-17T18:48:05Z,2026-08-17T18:48:05Z,
183.56.200.211,ipv4,ssh-brute-force,high,WHITE,blocklist.de/ssh|blocklist.de/all|ziyadnz/hourly-ipv4,blocklist.de|ssh|bot|irc-bot|brute-force|ziyadnz|hourly,2026-08-17T18:48:05Z,2026-08-17T18:48:05Z,
183.56.211.184,ipv4,ssh-brute-force,high,WHITE,blocklist.de/ssh|blocklist.de/all|ziyadnz/hourly-ipv4,blocklist.de|ssh|bot|irc-bot|brute-force|ziyadnz|hourly,2026-08-17T18:48:05Z,2026-08-17T18:48:05Z,
183.56.216.153,ipv4,ssh-brute-force,high,WHITE,blocklist.de/ssh|blocklist.de/all|ziyadnz/hourly-ipv4,blocklist.de|ssh|bot|irc-bot|brute-force|ziyadnz|hourly,2026-08-17T18:48:05Z,2026-08-17T18:48:05Z,
183.6.64.180,ipv4,ssh-brute-force,high,WHITE,blocklist.de/ssh|blocklist.de/all|ziyadnz/hourly-ipv4,blocklist.de|ssh|bot|irc-bot|brute-force|ziyadnz|hourly,2026-08-17T18:48:05Z,2026-08-17T18:48:05Z,
183.62.159.92,ipv4,ssh-brute-force,high,WHITE,blocklist.de/ssh|blocklist.de/all|ziyadnz/hourly-ipv4,blocklist.de|ssh|bot|irc-bot|brute-force|ziyadnz|hourly,2026-08-17T18:48:05Z,2026-08-17T18:48:05Z,
183.66.149.42,ipv4,ssh-brute-force,high,WHITE,blocklist.de/ssh|blocklist.de/all|ziyadnz/hourly-ipv4,blocklist.de|ssh|bot|irc-bot|brute-force|ziyadnz|hourly,2026-08-17T18:48:05Z,2026-08-17T18:48:05Z,
183.66.166.30,ipv4,ssh-brute-force,high,WHITE,blocklist.de/ssh|blocklist.de/all|ziyadnz/hourly-ipv4,blocklist.de|ssh|bot|irc-bot|brute-force|ziyadnz|hourly,2026-08-17T18:48:05Z,2026-08-17T18:48:05Z,
183.80.249.235,ipv4,ssh-brute-force,high,WHITE,blocklist.de/ssh|blocklist.de/all|ziyadnz/hourly-ipv4,blocklist.de|ssh|bot|irc-bot|brute-force|ziyadnz|hourly,2026-08-17T18:48:05Z,2026-08-17T18:48:05Z,
183.81.49.15,ipv4,ssh-brute-force,high,WHITE,blocklist.de/ssh|blocklist.de/all|ziyadnz/hourly-ipv4,blocklist.de|ssh|bot|irc-bot|brute-force|ziyadnz|hourly,2026-08-17T18:48:05Z,2026-08-17T18:48:05Z,
183.88.232.183,ipv4,ssh-brute-force,high,WHITE,blocklist.de/ssh|blocklist.de/all|ziyadnz/hourly-ipv4,blocklist.de|ssh|bot|irc-bot|brute-force|ziyadnz|hourly,2026-08-17T18:48:05Z,2026-08-17T18:48:05Z,
183.91.11.36,ipv4,ssh-brute-force,high,WHITE,blocklist.de/ssh|blocklist.de/all|ziyadnz/hourly-ipv4,blocklist.de|ssh|bot|irc-bot|brute-force|ziyadnz|hourly,2026-08-17T18:48:05Z,2026-08-17T18:48:05Z,
183.91.186.36,ipv4,ssh-brute-force,high,WHITE,blocklist.de/ssh|blocklist.de/all|ziyadnz/hourly-ipv4,blocklist.de|ssh|bot|irc-bot|brute-force|ziyadnz|hourly,2026-08-17T18:48:05Z,2026-08-17T18:48:05Z,
184.168.21.211,ipv4,ssh-brute-force,high,WHITE,blocklist.de/ssh|blocklist.de/all|ziyadnz/hourly-ipv4,blocklist.de|ssh|bot|irc-bot|brute-force|ziyadnz|hourly,2026-08-17T18:48:05Z,2026-08-17T18:48:05Z,
184.169.231.76,ipv4,ssh-brute-force,high,WHITE,blocklist.de/ssh|blocklist.de/all|ziyadnz/hourly-ipv4,blocklist.de|ssh|bot|irc-bot|brute-force|ziyadnz|hourly,2026-08-17T18:48:05Z,2026-08-17T18:48:05Z,
184.96.183.14,ipv4,ssh-brute-force,high,WHITE,blocklist.de/ssh|blocklist.de/all|ziyadnz/hourly-ipv4,blocklist.de|ssh|bot|irc-bot|brute-force|ziyadnz|hourly,2026-08-17T18:48:05Z,2026-08-17T18:48:05Z,
185.100.102.219,ipv4,ssh-brute-force,high,WHITE,blocklist.de/ssh|blocklist.de/all|ziyadnz/hourly-ipv4,blocklist.de|ssh|bot|irc-bot|brute-force|ziyadnz|hourly,2026-08-17T18:48:05Z,2026-08-17T18:48:05Z,
185.101.191.183,ipv4,ssh-brute-force,high,WHITE,blocklist.de/ssh|blocklist.de/all|ziyadnz/hourly-ipv4,blocklist.de|ssh|bot|irc-bot|brute-force|ziyadnz|hourly,2026-08-17T18:48:05Z,2026-08-17T18:48:05Z,
185.102.119.244,ipv4,ssh-brute-force,high,WHITE,blocklist.de/ssh|blocklist.de/all|ziyadnz/hourly-ipv4,blocklist.de|ssh|bot|irc-bot|brute-force|ziyadnz|hourly,2026-08-17T18:48:05Z,2026-08-17T18:48:05Z,
185.105.2.15,ipv4,ssh-brute-force,high,WHITE,blocklist.de/ssh|blocklist.de/all|ziyadnz/hourly-ipv4,blocklist.de|ssh|bot|irc-bot|brute-force|ziyadnz|hourly,2026-08-17T18:48:05Z,2026-08-17T18:48:05Z,
185.107.80.93,ipv4,ssh-brute-force,high,WHITE,blocklist.de/ssh|blocklist.de/all|ziyadnz/hourly-ipv4,blocklist.de|ssh|bot|irc-bot|brute-force|ziyadnz|hourly,2026-08-17T18:48:05Z,2026-08-17T18:48:05Z,
185.113.9.199,ipv4,ssh-brute-force,high,WHITE,blocklist.de/ssh|blocklist.de/all|ziyadnz/hourly-ipv4,blocklist.de|ssh|bot|irc-bot|brute-force|ziyadnz|hourly,2026-08-17T18:48:05Z,2026-08-17T18:48:05Z,
185.114.206.4,ipv4,ssh-brute-force,high,WHITE,blocklist.de/ssh|blocklist.de/all|ziyadnz/hourly-ipv4,blocklist.de|ssh|bot|irc-bot|brute-force|ziyadnz|hourly,2026-08-17T18:48:05Z,2026-08-17T18:48:05Z,
185.122.243.131,ipv4,ssh-brute-force,high,WHITE,blocklist.de/ssh|blocklist.de/all|ziyadnz/hourly-ipv4,blocklist.de|ssh|bot|irc-bot|brute-force|ziyadnz|hourly,2026-08-17T18:48:05Z,2026-08-17T18:48:05Z,
185.126.200.159,ipv4,ssh-brute-force,high,WHITE,blocklist.de/ssh|blocklist.de/all|ziyadnz/hourly-ipv4,blocklist.de|ssh|bot|irc-bot|brute-force|ziyadnz|hourly,2026-08-17T18:48:05Z,2026-08-17T18:48:05Z,
185.126.202.147,ipv4,ssh-brute-force,high,WHITE,blocklist.de/ssh|blocklist.de/all|ziyadnz/hourly-ipv4,blocklist.de|ssh|bot|irc-bot|brute-force|ziyadnz|hourly,2026-08-17T18:48:05Z,2026-08-17T18:48:05Z,
185.126.5.240,ipv4,ssh-brute-force,high,WHITE,blocklist.de/ssh|blocklist.de/all|ziyadnz/hourly-ipv4,blocklist.de|ssh|bot|irc-bot|brute-force|ziyadnz|hourly,2026-08-17T18:48:05Z,2026-08-17T18:48:05Z,
185.128.138.138,ipv4,ssh-brute-force,high,WHITE,blocklist.de/ssh|blocklist.de/all|ziyadnz/hourly-ipv4,blocklist.de|ssh|bot|irc-bot|brute-force|ziyadnz|hourly,2026-08-17T18:48:05Z,2026-08-17T18:48:05Z,
185.130.79.103,ipv4,ssh-brute-force,high,WHITE,blocklist.de/ssh|blocklist.de/all|ziyadnz/hourly-ipv4,blocklist.de|ssh|bot|irc-bot|brute-force|ziyadnz|hourly,2026-08-17T18:48:05Z,2026-08-17T18:48:05Z,
185.143.197.45,ipv4,ssh-brute-force,high,WHITE,blocklist.de/ssh|blocklist.de/all|ziyadnz/hourly-ipv4,blocklist.de|ssh|bot|irc-bot|brute-force|ziyadnz|hourly,2026-08-17T18:48:05Z,2026-08-17T18:48:05Z,
185.147.161.222,ipv4,ssh-brute-force,high,WHITE,blocklist.de/ssh|blocklist.de/all|ziyadnz/hourly-ipv4,blocklist.de|ssh|bot|irc-bot|brute-force|ziyadnz|hourly,2026-08-17T18:48:05Z,2026-08-17T18:48:05Z,
185.150.190.130,ipv4,ssh-brute-force,high,WHITE,blocklist.de/ssh|blocklist.de/all|ziyadnz/hourly-ipv4,blocklist.de|ssh|bot|irc-bot|brute-force|ziyadnz|hourly,2026-08-17T18:48:05Z,2026-08-17T18:48:05Z,
185.153.231.44,ipv4,ssh-brute-force,high,WHITE,blocklist.de/ssh|blocklist.de/all|ziyadnz/hourly-ipv4,blocklist.de|ssh|bot|irc-bot|brute-force|ziyadnz|hourly,2026-08-17T18:48:05Z,2026-08-17T18:48:05Z,
185.157.247.92,ipv4,ssh-brute-force,high,WHITE,blocklist.de/ssh|blocklist.de/all|ziyadnz/hourly-ipv4,blocklist.de|ssh|bot|irc-bot|brute-force|ziyadnz|hourly,2026-08-17T18:48:05Z,2026-08-17T18:48:05Z,
185.158.22.150,ipv4,ssh-brute-force,high,WHITE,blocklist.de/ssh|blocklist.de/all|ziyadnz/hourly-ipv4,blocklist.de|ssh|bot|irc-bot|brute-force|ziyadnz|hourly,2026-08-17T18:48:05Z,2026-08-17T18:48:05Z,
185.164.81.156,ipv4,ssh-brute-force,high,WHITE,blocklist.de/ssh|blocklist.de/all|ziyadnz/hourly-ipv4,blocklist.de|ssh|bot|irc-bot|brute-force|ziyadnz|hourly,2026-08-17T18:48:05Z,2026-08-17T18:48:05Z,
185.173.106.25,ipv4,ssh-brute-force,high,WHITE,blocklist.de/ssh|blocklist.de/all|ziyadnz/hourly-ipv4,blocklist.de|ssh|bot|irc-bot|brute-force|ziyadnz|hourly,2026-08-17T18:48:05Z,2026-08-17T18:48:05Z,
185.175.128.3,ipv4,ssh-brute-force,high,WHITE,blocklist.de/ssh|blocklist.de/all|ziyadnz/hourly-ipv4,blocklist.de|ssh|bot|irc-bot|brute-force|ziyadnz|hourly,2026-08-17T18:48:05Z,2026-08-17T18:48:05Z,
185.175.128.51,ipv4,ssh-brute-force,high,WHITE,blocklist.de/ssh|blocklist.de/all|ziyadnz/hourly-ipv4,blocklist.de|ssh|bot|irc-bot|brute-force|ziyadnz|hourly,2026-08-17T18:48:05Z,2026-08-17T18:48:05Z,
185.179.215.123,ipv4,ssh-brute-force,high,WHITE,blocklist.de/ssh|blocklist.de/all|ziyadnz/hourly-ipv4,blocklist.de|ssh|bot|irc-bot|brute-force|ziyadnz|hourly,2026-08-17T18:48:05Z,2026-08-17T18:48:05Z,
185.180.109.243,ipv4,ssh-brute-force,high,WHITE,blocklist.de/ssh|blocklist.de/all|ziyadnz/hourly-ipv4,blocklist.de|ssh|bot|irc-bot|brute-force|ziyadnz|hourly,2026-08-17T18:48:05Z,2026-08-17T18:48:05Z,
185.181.182.48,ipv4,ssh-brute-force,high,WHITE,blocklist.de/ssh|blocklist.de/all|ziyadnz/hourly-ipv4,blocklist.de|ssh|bot|irc-bot|brute-force|ziyadnz|hourly,2026-08-17T18:48:05Z,2026-08-17T18:48:05Z,
185.183.95.205,ipv4,ssh-brute-force,high,WHITE,blocklist.de/ssh|blocklist.de/all|ziyadnz/hourly-ipv4,blocklist.de|ssh|bot|irc-bot|brute-force|ziyadnz|hourly,2026-08-17T18:48:05Z,2026-08-17T18:48:05Z,
185.185.80.131,ipv4,ssh-brute-force,high,WHITE,blocklist.de/ssh|blocklist.de/all|ziyadnz/hourly-ipv4,blocklist.de|ssh|bot|irc-bot|brute-force|ziyadnz|hourly,2026-08-17T18:48:05Z,2026-08-17T18:48:05Z,
185.191.178.21,ipv4,ssh-brute-force,high,WHITE,blocklist.de/ssh|blocklist.de/all|ziyadnz/hourly-ipv4,blocklist.de|ssh|bot|irc-bot|brute-force|ziyadnz|hourly,2026-08-17T18:48:05Z,2026-08-17T18:48:05Z,
185.193.199.201,ipv4,ssh-brute-force,high,WHITE,blocklist.de/ssh|blocklist.de/all|ziyadnz/hourly-ipv4,blocklist.de|ssh|bot|irc-bot|brute-force|ziyadnz|hourly,2026-08-17T18:48:05Z,2026-08-17T18:48:05Z,
185.193.48.161,ipv4,ssh-brute-force,high,WHITE,blocklist.de/ssh|blocklist.de/all|ziyadnz/hourly-ipv4,blocklist.de|ssh|bot|irc-bot|brute-force|ziyadnz|hourly,2026-08-17T18:48:05Z,2026-08-17T18:48:05Z,
185.204.34.78,ipv4,ssh-brute-force,high,WHITE,blocklist.de/ssh|blocklist.de/all|ziyadnz/hourly-ipv4,blocklist.de|ssh|bot|irc-bot|brute-force|ziyadnz|hourly,2026-08-17T18:48:05Z,2026-08-17T18:48:05Z,
185.208.231.19,ipv4,ssh-brute-force,high,WHITE,blocklist.de/ssh|blocklist.de/all|ziyadnz/hourly-ipv4,blocklist.de|ssh|bot|irc-bot|brute-force|ziyadnz|hourly,2026-08-17T18:48:05Z,2026-08-17T18:48:05Z,
185.213.165.107,ipv4,ssh-brute-force,high,WHITE,blocklist.de/ssh|blocklist.de/all|ziyadnz/hourly-ipv4,blocklist.de|ssh|bot|irc-bot|brute-force|ziyadnz|hourly,2026-08-17T18:48:05Z,2026-08-17T18:48:05Z,
185.225.41.192,ipv4,ssh-brute-force,high,WHITE,blocklist.de/ssh|blocklist.de/all|ziyadnz/hourly-ipv4,blocklist.de|ssh|bot|irc-bot|brute-force|ziyadnz|hourly,2026-08-17T18:48:05Z,2026-08-17T18:48:05Z,
185.226.118.222,ipv4,ssh-brute-force,high,WHITE,blocklist.de/ssh|blocklist.de/all|ziyadnz/hourly-ipv4,blocklist.de|ssh|bot|irc-bot|brute-force|ziyadnz|hourly,2026-08-17T18:48:05Z,2026-08-17T18:48:05Z,
185.226.160.63,ipv4,ssh-brute-force,high,WHITE,blocklist.de/ssh|blocklist.de/all|ziyadnz/hourly-ipv4,blocklist.de|ssh|bot|irc-bot|brute-force|ziyadnz|hourly,2026-08-17T18:48:05Z,2026-08-17T18:48:05Z,
185.226.197.32,ipv4,ssh-brute-force,high,WHITE,blocklist.de/ssh|blocklist.de/all|ziyadnz/hourly-ipv4,blocklist.de|ssh|bot|irc-bot|brute-force|ziyadnz|hourly,2026-08-17T18:48:05Z,2026-08-17T18:48:05Z,
185.226.197.34,ipv4,ssh-brute-force,high,WHITE,blocklist.de/ssh|blocklist.de/all|ziyadnz/hourly-ipv4,blocklist.de|ssh|bot|irc-bot|brute-force|ziyadnz|hourly,2026-08-17T18:48:05Z,2026-08-17T18:48:05Z,
185.226.197.47,ipv4,ssh-brute-force,high,WHITE,blocklist.de/ssh|blocklist.de/all|ziyadnz/hourly-ipv4,blocklist.de|ssh|bot|irc-bot|brute-force|ziyadnz|hourly,2026-08-17T18:48:05Z,2026-08-17T18:48:05Z,
185.226.197.48,ipv4,ssh-brute-force,high,WHITE,blocklist.de/ssh|blocklist.de/all|ziyadnz/hourly-ipv4,blocklist.de|ssh|bot|irc-bot|brute-force|ziyadnz|hourly,2026-08-17T18:48:05Z,2026-08-17T18:48:05Z,
185.226.197.49,ipv4,ssh-brute-force,high,WHITE,blocklist.de/ssh|blocklist.de/all|ziyadnz/hourly-ipv4,blocklist.de|ssh|bot|irc-bot|brute-force|ziyadnz|hourly,2026-08-17T18:48:05Z,2026-08-17T18:48:05Z,
185.233.3.95,ipv4,ssh-brute-force,high,WHITE,blocklist.de/ssh|blocklist.de/all|ziyadnz/hourly-ipv4,blocklist.de|ssh|bot|irc-bot|brute-force|ziyadnz|hourly,2026-08-17T18:48:05Z,2026-08-17T18:48:05Z,
185.242.226.17,ipv4,ssh-brute-force,high,WHITE,blocklist.de/ssh|blocklist.de/all|ziyadnz/hourly-ipv4,blocklist.de|ssh|bot|irc-bot|brute-force|ziyadnz|hourly,2026-08-17T18:48:05Z,2026-08-17T18:48:05Z,
185.246.128.133,ipv4,ssh-brute-force,high,WHITE,blocklist.de/ssh|blocklist.de/all|ziyadnz/hourly-ipv4,blocklist.de|ssh|bot|irc-bot|brute-force|ziyadnz|hourly,2026-08-17T18:48:05Z,2026-08-17T18:48:05Z,
185.246.128.170,ipv4,ssh-brute-force,high,WHITE,blocklist.de/ssh|blocklist.de/all|ziyadnz/hourly-ipv4,blocklist.de|ssh|bot|irc-bot|brute-force|ziyadnz|hourly,2026-08-17T18:48:05Z,2026-08-17T18:48:05Z,
185.247.137.100,ipv4,ssh-brute-force,high,WHITE,blocklist.de/ssh|blocklist.de/all|ziyadnz/hourly-ipv4,blocklist.de|ssh|bot|irc-bot|brute-force|ziyadnz|hourly,2026-08-17T18:48:05Z,2026-08-17T18:48:05Z,
185.247.137.104,ipv4,ssh-brute-force,high,WHITE,blocklist.de/ssh|blocklist.de/all|ziyadnz/hourly-ipv4,blocklist.de|ssh|bot|irc-bot|brute-force|ziyadnz|hourly,2026-08-17T18:48:05Z,2026-08-17T18:48:05Z,
185.247.137.107,ipv4,ssh-brute-force,high,WHITE,blocklist.de/ssh|blocklist.de/all|ziyadnz/hourly-ipv4,blocklist.de|ssh|bot|irc-bot|brute-force|ziyadnz|hourly,2026-08-17T18:48:05Z,2026-08-17T18:48:05Z,
185.247.137.124,ipv4,ssh-brute-force,high,WHITE,blocklist.de/ssh|blocklist.de/all|ziyadnz/hourly-ipv4,blocklist.de|ssh|bot|irc-bot|brute-force|ziyadnz|hourly,2026-08-17T18:48:05Z,2026-08-17T18:48:05Z,
185.247.137.183,ipv4,ssh-brute-force,high,WHITE,blocklist.de/ssh|blocklist.de/all|ziyadnz/hourly-ipv4,blocklist.de|ssh|bot|irc-bot|brute-force|ziyadnz|hourly,2026-08-17T18:48:05Z,2026-08-17T18:48:05Z,
185.247.137.184,ipv4,ssh-brute-force,high,WHITE,blocklist.de/ssh|blocklist.de/all|ziyadnz/hourly-ipv4,blocklist.de|ssh|bot|irc-bot|brute-force|ziyadnz|hourly,2026-08-17T18:48:05Z,2026-08-17T18:48:05Z,
185.247.137.19,ipv4,ssh-brute-force,high,WHITE,blocklist.de/ssh|blocklist.de/all|ziyadnz/hourly-ipv4,blocklist.de|ssh|bot|irc-bot|brute-force|ziyadnz|hourly,2026-08-17T18:48:05Z,2026-08-17T18:48:05Z,
185.247.137.2,ipv4,ssh-brute-force,high,WHITE,blocklist.de/ssh|blocklist.de/all|ziyadnz/hourly-ipv4,blocklist.de|ssh|bot|irc-bot|brute-force|ziyadnz|hourly,2026-08-17T18:48:05Z,2026-08-17T18:48:05Z,
185.247.137.205,ipv4,ssh-brute-force,high,WHITE,blocklist.de/ssh|blocklist.de/all|ziyadnz/hourly-ipv4,blocklist.de|ssh|bot|irc-bot|brute-force|ziyadnz|hourly,2026-08-17T18:48:05Z,2026-08-17T18:48:05Z,
185.247.137.207,ipv4,ssh-brute-force,high,WHITE,blocklist.de/ssh|blocklist.de/all|ziyadnz/hourly-ipv4,blocklist.de|ssh|bot|irc-bot|brute-force|ziyadnz|hourly,2026-08-17T18:48:05Z,2026-08-17T18:48:05Z,
185.247.137.208,ipv4,ssh-brute-force,high,WHITE,blocklist.de/ssh|blocklist.de/all|ziyadnz/hourly-ipv4,blocklist.de|ssh|bot|irc-bot|brute-force|ziyadnz|hourly,2026-08-17T18:48:05Z,2026-08-17T18:48:05Z,
185.247.137.21,ipv4,ssh-brute-force,high,WHITE,blocklist.de/ssh|blocklist.de/all|ziyadnz/hourly-ipv4,blocklist.de|ssh|bot|irc-bot|brute-force|ziyadnz|hourly,2026-08-17T18:48:05Z,2026-08-17T18:48:05Z,
185.247.137.217,ipv4,ssh-brute-force,high,WHITE,blocklist.de/ssh|blocklist.de/all|ziyadnz/hourly-ipv4,blocklist.de|ssh|bot|irc-bot|brute-force|ziyadnz|hourly,2026-08-17T18:48:05Z,2026-08-17T18:48:05Z,
185.247.137.252,ipv4,ssh-brute-force,high,WHITE,blocklist.de/ssh|blocklist.de/all|ziyadnz/hourly-ipv4,blocklist.de|ssh|bot|irc-bot|brute-force|ziyadnz|hourly,2026-08-17T18:48:05Z,2026-08-17T18:48:05Z,
185.247.137.253,ipv4,ssh-brute-force,high,WHITE,blocklist.de/ssh|blocklist.de/all|ziyadnz/hourly-ipv4,blocklist.de|ssh|bot|irc-bot|brute-force|ziyadnz|hourly,2026-08-17T18:48:05Z,2026-08-17T18:48:05Z,
185.247.137.65,ipv4,ssh-brute-force,high,WHITE,blocklist.de/ssh|blocklist.de/all|ziyadnz/hourly-ipv4,blocklist.de|ssh|bot|irc-bot|brute-force|ziyadnz|hourly,2026-08-17T18:48:05Z,2026-08-17T18:48:05Z,
185.247.137.79,ipv4,ssh-brute-force,high,WHITE,blocklist.de/ssh|blocklist.de/all|ziyadnz/hourly-ipv4,blocklist.de|ssh|bot|irc-bot|brute-force|ziyadnz|hourly,2026-08-17T18:48:05Z,2026-08-17T18:48:05Z,
185.247.137.89,ipv4,ssh-brute-force,high,WHITE,blocklist.de/ssh|blocklist.de/all|ziyadnz/hourly-ipv4,blocklist.de|ssh|bot|irc-bot|brute-force|ziyadnz|hourly,2026-08-17T18:48:05Z,2026-08-17T18:48:05Z,
185.28.62.91,ipv4,ssh-brute-force,high,WHITE,blocklist.de/ssh|blocklist.de/all|ziyadnz/hourly-ipv4,blocklist.de|ssh|bot|irc-bot|brute-force|ziyadnz|hourly,2026-08-17T18:48:05Z,2026-08-17T18:48:05Z,
185.28.85.179,ipv4,ssh-brute-force,high,WHITE,blocklist.de/ssh|blocklist.de/all|ziyadnz/hourly-ipv4,blocklist.de|ssh|bot|irc-bot|brute-force|ziyadnz|hourly,2026-08-17T18:48:05Z,2026-08-17T18:48:05Z,
185.39.118.137,ipv4,ssh-brute-force,high,WHITE,blocklist.de/ssh|blocklist.de/all|ziyadnz/hourly-ipv4,blocklist.de|ssh|bot|irc-bot|brute-force|ziyadnz|hourly,2026-08-17T18:48:05Z,2026-08-17T18:48:05Z,
185.39.196.47,ipv4,ssh-brute-force,high,WHITE,blocklist.de/ssh|blocklist.de/all|ziyadnz/hourly-ipv4,blocklist.de|ssh|bot|irc-bot|brute-force|ziyadnz|hourly,2026-08-17T18:48:05Z,2026-08-17T18:48:05Z,
185.39.204.145,ipv4,ssh-brute-force,high,WHITE,blocklist.de/ssh|blocklist.de/all|ziyadnz/hourly-ipv4,blocklist.de|ssh|bot|irc-bot|brute-force|ziyadnz|hourly,2026-08-17T18:48:05Z,2026-08-17T18:48:05Z,
185.41.21.169,ipv4,ssh-brute-force,high,WHITE,blocklist.de/ssh|blocklist.de/all|ziyadnz/hourly-ipv4,blocklist.de|ssh|bot|irc-bot|brute-force|ziyadnz|hourly,2026-08-17T18:48:05Z,2026-08-17T18:48:05Z,
185.60.136.87,ipv4,ssh-brute-force,high,WHITE,blocklist.de/ssh|blocklist.de/all|ziyadnz/hourly-ipv4,blocklist.de|ssh|bot|irc-bot|brute-force|ziyadnz|hourly,2026-08-17T18:48:05Z,2026-08-17T18:48:05Z,
185.62.97.219,ipv4,ssh-brute-force,high,WHITE,blocklist.de/ssh|blocklist.de/all|ziyadnz/hourly-ipv4,blocklist.de|ssh|bot|irc-bot|brute-force|ziyadnz|hourly,2026-08-17T18:48:05Z,2026-08-17T18:48:05Z,
185.64.25.226,ipv4,ssh-brute-force,high,WHITE,blocklist.de/ssh|blocklist.de/all|ziyadnz/hourly-ipv4,blocklist.de|ssh|bot|irc-bot|brute-force|ziyadnz|hourly,2026-08-17T18:48:05Z,2026-08-17T18:48:05Z,
185.65.134.212,ipv4,ssh-brute-force,high,WHITE,blocklist.de/ssh|blocklist.de/all|ziyadnz/hourly-ipv4,blocklist.de|ssh|bot|irc-bot|brute-force|ziyadnz|hourly,2026-08-17T18:48:05Z,2026-08-17T18:48:05Z,
185.7.172.105,ipv4,ssh-brute-force,high,WHITE,blocklist.de/ssh|blocklist.de/all|ziyadnz/hourly-ipv4,blocklist.de|ssh|bot|irc-bot|brute-force|ziyadnz|hourly,2026-08-17T18:48:05Z,2026-08-17T18:48:05Z,
185.74.59.11,ipv4,ssh-brute-force,high,WHITE,blocklist.de/ssh|blocklist.de/all|ziyadnz/hourly-ipv4,blocklist.de|ssh|bot|irc-bot|brute-force|ziyadnz|hourly,2026-08-17T18:48:05Z,2026-08-17T18:48:05Z,
185.74.59.5,ipv4,ssh-brute-force,high,WHITE,blocklist.de/ssh|blocklist.de/all|ziyadnz/hourly-ipv4,blocklist.de|ssh|bot|irc-bot|brute-force|ziyadnz|hourly,2026-08-17T18:48:05Z,2026-08-17T18:48:05Z,
185.74.59.8,ipv4,ssh-brute-force,high,WHITE,blocklist.de/ssh|blocklist.de/all|ziyadnz/hourly-ipv4,blocklist.de|ssh|bot|irc-bot|brute-force|ziyadnz|hourly,2026-08-17T18:48:05Z,2026-08-17T18:48:05Z,
185.74.7.77,ipv4,ssh-brute-force,high,WHITE,blocklist.de/ssh|blocklist.de/all|ziyadnz/hourly-ipv4,blocklist.de|ssh|bot|irc-bot|brute-force|ziyadnz|hourly,2026-08-17T18:48:05Z,2026-08-17T18:48:05Z,
185.79.139.16,ipv4,ssh-brute-force,high,WHITE,blocklist.de/ssh|blocklist.de/all|ziyadnz/hourly-ipv4,blocklist.de|ssh|bot|irc-bot|brute-force|ziyadnz|hourly,2026-08-17T18:48:05Z,2026-08-17T18:48:05Z,
185.84.159.31,ipv4,ssh-brute-force,high,WHITE,blocklist.de/ssh|blocklist.de/all|ziyadnz/hourly-ipv4,blocklist.de|ssh|bot|irc-bot|brute-force|ziyadnz|hourly,2026-08-17T18:48:05Z,2026-08-17T18:48:05Z,
185.91.209.1,ipv4,ssh-brute-force,high,WHITE,blocklist.de/ssh|blocklist.de/all|ziyadnz/hourly-ipv4,blocklist.de|ssh|bot|irc-bot|brute-force|ziyadnz|hourly,2026-08-17T18:48:05Z,2026-08-17T18:48:05Z,
185.97.94.111,ipv4,ssh-brute-force,high,WHITE,blocklist.de/ssh|blocklist.de/all|ziyadnz/hourly-ipv4,blocklist.de|ssh|bot|irc-bot|brute-force|ziyadnz|hourly,2026-08-17T18:48:05Z,2026-08-17T18:48:05Z,
186.0.184.243,ipv4,ssh-brute-force,high,WHITE,blocklist.de/ssh|blocklist.de/all|ziyadnz/hourly-ipv4,blocklist.de|ssh|bot|irc-bot|brute-force|ziyadnz|hourly,2026-08-17T18:48:05Z,2026-08-17T18:48:05Z,
186.0.187.144,ipv4,ssh-brute-force,high,WHITE,blocklist.de/ssh|blocklist.de/all|ziyadnz/hourly-ipv4,blocklist.de|ssh|bot|irc-bot|brute-force|ziyadnz|hourly,2026-08-17T18:48:05Z,2026-08-17T18:48:05Z,
186.1.175.163,ipv4,ssh-brute-force,high,WHITE,blocklist.de/ssh|blocklist.de/all|ziyadnz/hourly-ipv4,blocklist.de|ssh|bot|irc-bot|brute-force|ziyadnz|hourly,2026-08-17T18:48:05Z,2026-08-17T18:48:05Z,
186.1.240.135,ipv4,ssh-brute-force,high,WHITE,blocklist.de/ssh|blocklist.de/all|ziyadnz/hourly-ipv4,blocklist.de|ssh|bot|irc-bot|brute-force|ziyadnz|hourly,2026-08-17T18:48:05Z,2026-08-17T18:48:05Z,
186.10.175.12,ipv4,ssh-brute-force,high,WHITE,blocklist.de/ssh|blocklist.de/all|ziyadnz/hourly-ipv4,blocklist.de|ssh|bot|irc-bot|brute-force|ziyadnz|hourly,2026-08-17T18:48:05Z,2026-08-17T18:48:05Z,
186.104.71.6,ipv4,ssh-brute-force,high,WHITE,blocklist.de/ssh|blocklist.de/all|ziyadnz/hourly-ipv4,blocklist.de|ssh|bot|irc-bot|brute-force|ziyadnz|hourly,2026-08-17T18:48:05Z,2026-08-17T18:48:05Z,
186.109.121.46,ipv4,ssh-brute-force,high,WHITE,blocklist.de/ssh|blocklist.de/all|ziyadnz/hourly-ipv4,blocklist.de|ssh|bot|irc-bot|brute-force|ziyadnz|hourly,2026-08-17T18:48:05Z,2026-08-17T18:48:05Z,
186.12.170.131,ipv4,ssh-brute-force,high,WHITE,blocklist.de/ssh|blocklist.de/all|ziyadnz/hourly-ipv4,blocklist.de|ssh|bot|irc-bot|brute-force|ziyadnz|hourly,2026-08-17T18:48:05Z,2026-08-17T18:48:05Z,
186.12.170.201,ipv4,ssh-brute-force,high,WHITE,blocklist.de/ssh|blocklist.de/all|ziyadnz/hourly-ipv4,blocklist.de|ssh|bot|irc-bot|brute-force|ziyadnz|hourly,2026-08-17T18:48:05Z,2026-08-17T18:48:05Z,
186.12.171.164,ipv4,ssh-brute-force,high,WHITE,blocklist.de/ssh|blocklist.de/all|ziyadnz/hourly-ipv4,blocklist.de|ssh|bot|irc-bot|brute-force|ziyadnz|hourly,2026-08-17T18:48:05Z,2026-08-17T18:48:05Z,
186.121.233.2,ipv4,ssh-brute-force,high,WHITE,blocklist.de/ssh|blocklist.de/all|ziyadnz/hourly-ipv4,blocklist.de|ssh|bot|irc-bot|brute-force|ziyadnz|hourly,2026-08-17T18:48:05Z,2026-08-17T18:48:05Z,
186.122.225.127,ipv4,ssh-brute-force,high,WHITE,blocklist.de/ssh|blocklist.de/all|ziyadnz/hourly-ipv4,blocklist.de|ssh|bot|irc-bot|brute-force|ziyadnz|hourly,2026-08-17T18:48:05Z,2026-08-17T18:48:05Z,
186.122.88.229,ipv4,ssh-brute-force,high,WHITE,blocklist.de/ssh|blocklist.de/all|ziyadnz/hourly-ipv4,blocklist.de|ssh|bot|irc-bot|brute-force|ziyadnz|hourly,2026-08-17T18:48:05Z,2026-08-17T18:48:05Z,
186.123.212.169,ipv4,ssh-brute-force,high,WHITE,blocklist.de/ssh|blocklist.de/all|ziyadnz/hourly-ipv4,blocklist.de|ssh|bot|irc-bot|brute-force|ziyadnz|hourly,2026-08-17T18:48:05Z,2026-08-17T18:48:05Z,
186.128.11.164,ipv4,ssh-brute-force,high,WHITE,blocklist.de/ssh|blocklist.de/all|ziyadnz/hourly-ipv4,blocklist.de|ssh|bot|irc-bot|brute-force|ziyadnz|hourly,2026-08-17T18:48:05Z,2026-08-17T18:48:05Z,
186.129.117.59,ipv4,ssh-brute-force,high,WHITE,blocklist.de/ssh|blocklist.de/all|ziyadnz/hourly-ipv4,blocklist.de|ssh|bot|irc-bot|brute-force|ziyadnz|hourly,2026-08-17T18:48:05Z,2026-08-17T18:48:05Z,
186.129.30.3,ipv4,ssh-brute-force,high,WHITE,blocklist.de/ssh|blocklist.de/all|ziyadnz/hourly-ipv4,blocklist.de|ssh|bot|irc-bot|brute-force|ziyadnz|hourly,2026-08-17T18:48:05Z,2026-08-17T18:48:05Z,
186.13.114.200,ipv4,ssh-brute-force,high,WHITE,blocklist.de/ssh|blocklist.de/all|ziyadnz/hourly-ipv4,blocklist.de|ssh|bot|irc-bot|brute-force|ziyadnz|hourly,2026-08-17T18:48:05Z,2026-08-17T18:48:05Z,
186.13.120.179,ipv4,ssh-brute-force,high,WHITE,blocklist.de/ssh|blocklist.de/all|ziyadnz/hourly-ipv4,blocklist.de|ssh|bot|irc-bot|brute-force|ziyadnz|hourly,2026-08-17T18:48:05Z,2026-08-17T18:48:05Z,
186.13.24.118,ipv4,ssh-brute-force,high,WHITE,blocklist.de/ssh|blocklist.de/all|ziyadnz/hourly-ipv4,blocklist.de|ssh|bot|irc-bot|brute-force|ziyadnz|hourly,2026-08-17T18:48:05Z,2026-08-17T18:48:05Z,
186.13.96.150,ipv4,ssh-brute-force,high,WHITE,blocklist.de/ssh|blocklist.de/all|ziyadnz/hourly-ipv4,blocklist.de|ssh|bot|irc-bot|brute-force|ziyadnz|hourly,2026-08-17T18:48:05Z,2026-08-17T18:48:05Z,
186.13.96.71,ipv4,ssh-brute-force,high,WHITE,blocklist.de/ssh|blocklist.de/all|ziyadnz/hourly-ipv4,blocklist.de|ssh|bot|irc-bot|brute-force|ziyadnz|hourly,2026-08-17T18:48:05Z,2026-08-17T18:48:05Z,
186.130.227.32,ipv4,ssh-brute-force,high,WHITE,blocklist.de/ssh|blocklist.de/all|ziyadnz/hourly-ipv4,blocklist.de|ssh|bot|irc-bot|brute-force|ziyadnz|hourly,2026-08-17T18:48:05Z,2026-08-17T18:48:05Z,
186.130.40.47,ipv4,ssh-brute-force,high,WHITE,blocklist.de/ssh|blocklist.de/all|ziyadnz/hourly-ipv4,blocklist.de|ssh|bot|irc-bot|brute-force|ziyadnz|hourly,2026-08-17T18:48:05Z,2026-08-17T18:48:05Z,
186.132.163.99,ipv4,ssh-brute-force,high,WHITE,blocklist.de/ssh|blocklist.de/all|ziyadnz/hourly-ipv4,blocklist.de|ssh|bot|irc-bot|brute-force|ziyadnz|hourly,2026-08-17T18:48:05Z,2026-08-17T18:48:05Z,
186.132.203.255,ipv4,ssh-brute-force,high,WHITE,blocklist.de/ssh|blocklist.de/all|ziyadnz/hourly-ipv4,blocklist.de|ssh|bot|irc-bot|brute-force|ziyadnz|hourly,2026-08-17T18:48:05Z,2026-08-17T18:48:05Z,
186.132.40.203,ipv4,ssh-brute-force,high,WHITE,blocklist.de/ssh|blocklist.de/all|ziyadnz/hourly-ipv4,blocklist.de|ssh|bot|irc-bot|brute-force|ziyadnz|hourly,2026-08-17T18:48:05Z,2026-08-17T18:48:05Z,
186.132.60.170,ipv4,ssh-brute-force,high,WHITE,blocklist.de/ssh|blocklist.de/all|ziyadnz/hourly-ipv4,blocklist.de|ssh|bot|irc-bot|brute-force|ziyadnz|hourly,2026-08-17T18:48:05Z,2026-08-17T18:48:05Z,
186.132.62.65,ipv4,ssh-brute-force,high,WHITE,blocklist.de/ssh|blocklist.de/all|ziyadnz/hourly-ipv4,blocklist.de|ssh|bot|irc-bot|brute-force|ziyadnz|hourly,2026-08-17T18:48:05Z,2026-08-17T18:48:05Z,
186.132.86.25,ipv4,ssh-brute-force,high,WHITE,blocklist.de/ssh|blocklist.de/all|ziyadnz/hourly-ipv4,blocklist.de|ssh|bot|irc-bot|brute-force|ziyadnz|hourly,2026-08-17T18:48:05Z,2026-08-17T18:48:05Z,
186.132.87.111,ipv4,ssh-brute-force,high,WHITE,blocklist.de/ssh|blocklist.de/all|ziyadnz/hourly-ipv4,blocklist.de|ssh|bot|irc-bot|brute-force|ziyadnz|hourly,2026-08-17T18:48:05Z,2026-08-17T18:48:05Z,
186.134.134.102,ipv4,ssh-brute-force,high,WHITE,blocklist.de/ssh|blocklist.de/all|ziyadnz/hourly-ipv4,blocklist.de|ssh|bot|irc-bot|brute-force|ziyadnz|hourly,2026-08-17T18:48:05Z,2026-08-17T18:48:05Z,
186.134.167.221,ipv4,ssh-brute-force,high,WHITE,blocklist.de/ssh|blocklist.de/all|ziyadnz/hourly-ipv4,blocklist.de|ssh|bot|irc-bot|brute-force|ziyadnz|hourly,2026-08-17T18:48:05Z,2026-08-17T18:48:05Z,
186.134.205.81,ipv4,ssh-brute-force,high,WHITE,blocklist.de/ssh|blocklist.de/all|ziyadnz/hourly-ipv4,blocklist.de|ssh|bot|irc-bot|brute-force|ziyadnz|hourly,2026-08-17T18:48:05Z,2026-08-17T18:48:05Z,
186.134.21.73,ipv4,ssh-brute-force,high,WHITE,blocklist.de/ssh|blocklist.de/all|ziyadnz/hourly-ipv4,blocklist.de|ssh|bot|irc-bot|brute-force|ziyadnz|hourly,2026-08-17T18:48:05Z,2026-08-17T18:48:05Z,
186.134.22.128,ipv4,ssh-brute-force,high,WHITE,blocklist.de/ssh|blocklist.de/all|ziyadnz/hourly-ipv4,blocklist.de|ssh|bot|irc-bot|brute-force|ziyadnz|hourly,2026-08-17T18:48:05Z,2026-08-17T18:48:05Z,
186.134.40.226,ipv4,ssh-brute-force,high,WHITE,blocklist.de/ssh|blocklist.de/all|ziyadnz/hourly-ipv4,blocklist.de|ssh|bot|irc-bot|brute-force|ziyadnz|hourly,2026-08-17T18:48:05Z,2026-08-17T18:48:05Z,
186.134.94.174,ipv4,ssh-brute-force,high,WHITE,blocklist.de/ssh|blocklist.de/all|ziyadnz/hourly-ipv4,blocklist.de|ssh|bot|irc-bot|brute-force|ziyadnz|hourly,2026-08-17T18:48:05Z,2026-08-17T18:48:05Z,
186.138.211.180,ipv4,ssh-brute-force,high,WHITE,blocklist.de/ssh|blocklist.de/all|ziyadnz/hourly-ipv4,blocklist.de|ssh|bot|irc-bot|brute-force|ziyadnz|hourly,2026-08-17T18:48:05Z,2026-08-17T18:48:05Z,
186.139.54.222,ipv4,ssh-brute-force,high,WHITE,blocklist.de/ssh|blocklist.de/all|ziyadnz/hourly-ipv4,blocklist.de|ssh|bot|irc-bot|brute-force|ziyadnz|hourly,2026-08-17T18:48:05Z,2026-08-17T18:48:05Z,
186.148.121.149,ipv4,ssh-brute-force,high,WHITE,blocklist.de/ssh|blocklist.de/all|ziyadnz/hourly-ipv4,blocklist.de|ssh|bot|irc-bot|brute-force|ziyadnz|hourly,2026-08-17T18:48:05Z,2026-08-17T18:48:05Z,
186.148.224.83,ipv4,ssh-brute-force,high,WHITE,blocklist.de/ssh|blocklist.de/all|ziyadnz/hourly-ipv4,blocklist.de|ssh|bot|irc-bot|brute-force|ziyadnz|hourly,2026-08-17T18:48:05Z,2026-08-17T18:48:05Z,
186.148.225.69,ipv4,ssh-brute-force,high,WHITE,blocklist.de/ssh|blocklist.de/all|ziyadnz/hourly-ipv4,blocklist.de|ssh|bot|irc-bot|brute-force|ziyadnz|hourly,2026-08-17T18:48:05Z,2026-08-17T18:48:05Z,
186.148.85.132,ipv4,ssh-brute-force,high,WHITE,blocklist.de/ssh|blocklist.de/all|ziyadnz/hourly-ipv4,blocklist.de|ssh|bot|irc-bot|brute-force|ziyadnz|hourly,2026-08-17T18:48:05Z,2026-08-17T18:48:05Z,
186.156.118.177,ipv4,ssh-brute-force,medium,WHITE,blocklist.de/ssh|blocklist.de/all,blocklist.de|ssh|bot|irc-bot|brute-force|ziyadnz|hourly,2026-08-17T18:48:05Z,2026-08-17T18:48:05Z,
186.158.120.100,ipv4,ssh-brute-force,high,WHITE,blocklist.de/ssh|blocklist.de/all|ziyadnz/hourly-ipv4,blocklist.de|ssh|bot|irc-bot|brute-force|ziyadnz|hourly,2026-08-17T18:48:05Z,2026-08-17T18:48:05Z,
186.158.120.12,ipv4,ssh-brute-force,high,WHITE,blocklist.de/ssh|blocklist.de/all|ziyadnz/hourly-ipv4,blocklist.de|ssh|bot|irc-bot|brute-force|ziyadnz|hourly,2026-08-17T18:48:05Z,2026-08-17T18:48:05Z,
186.158.120.32,ipv4,ssh-brute-force,high,WHITE,blocklist.de/ssh|blocklist.de/all|ziyadnz/hourly-ipv4,blocklist.de|ssh|bot|irc-bot|brute-force|ziyadnz|hourly,2026-08-17T18:48:05Z,2026-08-17T18:48:05Z,
186.158.145.213,ipv4,ssh-brute-force,high,WHITE,blocklist.de/ssh|blocklist.de/all|ziyadnz/hourly-ipv4,blocklist.de|ssh|bot|irc-bot|brute-force|ziyadnz|hourly,2026-08-17T18:48:05Z,2026-08-17T18:48:05Z,
186.158.183.66,ipv4,ssh-brute-force,high,WHITE,blocklist.de/ssh|blocklist.de/all|ziyadnz/hourly-ipv4,blocklist.de|ssh|bot|irc-bot|brute-force|ziyadnz|hourly,2026-08-17T18:48:05Z,2026-08-17T18:48:05Z,
186.158.200.244,ipv4,ssh-brute-force,high,WHITE,blocklist.de/ssh|blocklist.de/all|ziyadnz/hourly-ipv4,blocklist.de|ssh|bot|irc-bot|brute-force|ziyadnz|hourly,2026-08-17T18:48:05Z,2026-08-17T18:48:05Z,
186.158.26.163,ipv4,ssh-brute-force,high,WHITE,blocklist.de/ssh|blocklist.de/all|ziyadnz/hourly-ipv4,blocklist.de|ssh|bot|irc-bot|brute-force|ziyadnz|hourly,2026-08-17T18:48:05Z,2026-08-17T18:48:05Z,
186.168.245.156,ipv4,ssh-brute-force,high,WHITE,blocklist.de/ssh|blocklist.de/all|ziyadnz/hourly-ipv4,blocklist.de|ssh|bot|irc-bot|brute-force|ziyadnz|hourly,2026-08-17T18:48:05Z,2026-08-17T18:48:05Z,
186.17.115.76,ipv4,ssh-brute-force,high,WHITE,blocklist.de/ssh|blocklist.de/all|ziyadnz/hourly-ipv4,blocklist.de|ssh|bot|irc-bot|brute-force|ziyadnz|hourly,2026-08-17T18:48:05Z,2026-08-17T18:48:05Z,
186.179.74.116,ipv4,ssh-brute-force,high,WHITE,blocklist.de/ssh|blocklist.de/all|ziyadnz/hourly-ipv4,blocklist.de|ssh|bot|irc-bot|brute-force|ziyadnz|hourly,2026-08-17T18:48:05Z,2026-08-17T18:48:05Z,
186.18.144.72,ipv4,ssh-brute-force,high,WHITE,blocklist.de/ssh|blocklist.de/all|ziyadnz/hourly-ipv4,blocklist.de|ssh|bot|irc-bot|brute-force|ziyadnz|hourly,2026-08-17T18:48:05Z,2026-08-17T18:48:05Z,
186.18.199.137,ipv4,ssh-brute-force,high,WHITE,blocklist.de/ssh|blocklist.de/all|ziyadnz/hourly-ipv4,blocklist.de|ssh|bot|irc-bot|brute-force|ziyadnz|hourly,2026-08-17T18:48:05Z,2026-08-17T18:48:05Z,
186.182.88.195,ipv4,ssh-brute-force,high,WHITE,blocklist.de/ssh|blocklist.de/all|ziyadnz/hourly-ipv4,blocklist.de|ssh|bot|irc-bot|brute-force|ziyadnz|hourly,2026-08-17T18:48:05Z,2026-08-17T18:48:05Z,
186.189.111.209,ipv4,ssh-brute-force,high,WHITE,blocklist.de/ssh|blocklist.de/all|ziyadnz/hourly-ipv4,blocklist.de|ssh|bot|irc-bot|brute-force|ziyadnz|hourly,2026-08-17T18:48:05Z,2026-08-17T18:48:05Z,
186.189.74.118,ipv4,ssh-brute-force,high,WHITE,blocklist.de/ssh|blocklist.de/all|ziyadnz/hourly-ipv4,blocklist.de|ssh|bot|irc-bot|brute-force|ziyadnz|hourly,2026-08-17T18:48:05Z,2026-08-17T18:48:05Z,
186.19.123.31,ipv4,ssh-brute-force,high,WHITE,blocklist.de/ssh|blocklist.de/all|ziyadnz/hourly-ipv4,blocklist.de|ssh|bot|irc-bot|brute-force|ziyadnz|hourly,2026-08-17T18:48:05Z,2026-08-17T18:48:05Z,
186.19.123.81,ipv4,ssh-brute-force,high,WHITE,blocklist.de/ssh|blocklist.de/all|ziyadnz/hourly-ipv4,blocklist.de|ssh|bot|irc-bot|brute-force|ziyadnz|hourly,2026-08-17T18:48:05Z,2026-08-17T18:48:05Z,
186.19.199.16,ipv4,ssh-brute-force,high,WHITE,blocklist.de/ssh|blocklist.de/all|ziyadnz/hourly-ipv4,blocklist.de|ssh|bot|irc-bot|brute-force|ziyadnz|hourly,2026-08-17T18:48:05Z,2026-08-17T18:48:05Z,
186.19.199.87,ipv4,ssh-brute-force,high,WHITE,blocklist.de/ssh|blocklist.de/all|ziyadnz/hourly-ipv4,blocklist.de|ssh|bot|irc-bot|brute-force|ziyadnz|hourly,2026-08-17T18:48:05Z,2026-08-17T18:48:05Z,
186.206.2.108,ipv4,ssh-brute-force,high,WHITE,blocklist.de/ssh|blocklist.de/all|ziyadnz/hourly-ipv4,blocklist.de|ssh|bot|irc-bot|brute-force|ziyadnz|hourly,2026-08-17T18:48:05Z,2026-08-17T18:48:05Z,
186.211.170.189,ipv4,ssh-brute-force,high,WHITE,blocklist.de/ssh|blocklist.de/all|ziyadnz/hourly-ipv4,blocklist.de|ssh|bot|irc-bot|brute-force|ziyadnz|hourly,2026-08-17T18:48:05Z,2026-08-17T18:48:05Z,
186.22.120.39,ipv4,ssh-brute-force,high,WHITE,blocklist.de/ssh|blocklist.de/all|ziyadnz/hourly-ipv4,blocklist.de|ssh|bot|irc-bot|brute-force|ziyadnz|hourly,2026-08-17T18:48:05Z,2026-08-17T18:48:05Z,
186.22.13.14,ipv4,ssh-brute-force,high,WHITE,blocklist.de/ssh|blocklist.de/all|ziyadnz/hourly-ipv4,blocklist.de|ssh|bot|irc-bot|brute-force|ziyadnz|hourly,2026-08-17T18:48:05Z,2026-08-17T18:48:05Z,
186.22.13.241,ipv4,ssh-brute-force,high,WHITE,blocklist.de/ssh|blocklist.de/all|ziyadnz/hourly-ipv4,blocklist.de|ssh|bot|irc-bot|brute-force|ziyadnz|hourly,2026-08-17T18:48:05Z,2026-08-17T18:48:05Z,
186.22.158.56,ipv4,ssh-brute-force,high,WHITE,blocklist.de/ssh|blocklist.de/all|ziyadnz/hourly-ipv4,blocklist.de|ssh|bot|irc-bot|brute-force|ziyadnz|hourly,2026-08-17T18:48:05Z,2026-08-17T18:48:05Z,
186.22.17.36,ipv4,ssh-brute-force,high,WHITE,blocklist.de/ssh|blocklist.de/all|ziyadnz/hourly-ipv4,blocklist.de|ssh|bot|irc-bot|brute-force|ziyadnz|hourly,2026-08-17T18:48:05Z,2026-08-17T18:48:05Z,
186.22.19.235,ipv4,ssh-brute-force,high,WHITE,blocklist.de/ssh|blocklist.de/all|ziyadnz/hourly-ipv4,blocklist.de|ssh|bot|irc-bot|brute-force|ziyadnz|hourly,2026-08-17T18:48:05Z,2026-08-17T18:48:05Z,
186.22.208.95,ipv4,ssh-brute-force,high,WHITE,blocklist.de/ssh|blocklist.de/all|ziyadnz/hourly-ipv4,blocklist.de|ssh|bot|irc-bot|brute-force|ziyadnz|hourly,2026-08-17T18:48:05Z,2026-08-17T18:48:05Z,
186.22.238.132,ipv4,ssh-brute-force,high,WHITE,blocklist.de/ssh|blocklist.de/all|ziyadnz/hourly-ipv4,blocklist.de|ssh|bot|irc-bot|brute-force|ziyadnz|hourly,2026-08-17T18:48:05Z,2026-08-17T18:48:05Z,
186.22.253.161,ipv4,ssh-brute-force,high,WHITE,blocklist.de/ssh|blocklist.de/all|ziyadnz/hourly-ipv4,blocklist.de|ssh|bot|irc-bot|brute-force|ziyadnz|hourly,2026-08-17T18:48:05Z,2026-08-17T18:48:05Z,
186.22.253.2,ipv4,ssh-brute-force,high,WHITE,blocklist.de/ssh|blocklist.de/all|ziyadnz/hourly-ipv4,blocklist.de|ssh|bot|irc-bot|brute-force|ziyadnz|hourly,2026-08-17T18:48:05Z,2026-08-17T18:48:05Z,
186.22.253.202,ipv4,ssh-brute-force,high,WHITE,blocklist.de/ssh|blocklist.de/all|ziyadnz/hourly-ipv4,blocklist.de|ssh|bot|irc-bot|brute-force|ziyadnz|hourly,2026-08-17T18:48:05Z,2026-08-17T18:48:05Z,
186.22.253.203,ipv4,ssh-brute-force,high,WHITE,blocklist.de/ssh|blocklist.de/all|ziyadnz/hourly-ipv4,blocklist.de|ssh|bot|irc-bot|brute-force|ziyadnz|hourly,2026-08-17T18:48:05Z,2026-08-17T18:48:05Z,
186.22.253.220,ipv4,ssh-brute-force,high,WHITE,blocklist.de/ssh|blocklist.de/all|ziyadnz/hourly-ipv4,blocklist.de|ssh|bot|irc-bot|brute-force|ziyadnz|hourly,2026-08-17T18:48:05Z,2026-08-17T18:48:05Z,
186.22.54.198,ipv4,ssh-brute-force,high,WHITE,blocklist.de/ssh|blocklist.de/all|ziyadnz/hourly-ipv4,blocklist.de|ssh|bot|irc-bot|brute-force|ziyadnz|hourly,2026-08-17T18:48:05Z,2026-08-17T18:48:05Z,
186.22.62.64,ipv4,ssh-brute-force,high,WHITE,blocklist.de/ssh|blocklist.de/all|ziyadnz/hourly-ipv4,blocklist.de|ssh|bot|irc-bot|brute-force|ziyadnz|hourly,2026-08-17T18:48:05Z,2026-08-17T18:48:05Z,
186.22.76.89,ipv4,ssh-brute-force,high,WHITE,blocklist.de/ssh|blocklist.de/all|ziyadnz/hourly-ipv4,blocklist.de|ssh|bot|irc-bot|brute-force|ziyadnz|hourly,2026-08-17T18:48:05Z,2026-08-17T18:48:05Z,
186.23.131.71,ipv4,ssh-brute-force,high,WHITE,blocklist.de/ssh|blocklist.de/all|ziyadnz/hourly-ipv4,blocklist.de|ssh|bot|irc-bot|brute-force|ziyadnz|hourly,2026-08-17T18:48:05Z,2026-08-17T18:48:05Z,
186.23.28.200,ipv4,ssh-brute-force,high,WHITE,blocklist.de/ssh|blocklist.de/all|ziyadnz/hourly-ipv4,blocklist.de|ssh|bot|irc-bot|brute-force|ziyadnz|hourly,2026-08-17T18:48:05Z,2026-08-17T18:48:05Z,
186.23.63.117,ipv4,ssh-brute-force,high,WHITE,blocklist.de/ssh|blocklist.de/all|ziyadnz/hourly-ipv4,blocklist.de|ssh|bot|irc-bot|brute-force|ziyadnz|hourly,2026-08-17T18:48:05Z,2026-08-17T18:48:05Z,
186.233.118.5,ipv4,ssh-brute-force,high,WHITE,blocklist.de/ssh|blocklist.de/all|ziyadnz/hourly-ipv4,blocklist.de|ssh|bot|irc-bot|brute-force|ziyadnz|hourly,2026-08-17T18:48:05Z,2026-08-17T18:48:05Z,
186.248.197.77,ipv4,ssh-brute-force,high,WHITE,blocklist.de/ssh|blocklist.de/all|ziyadnz/hourly-ipv4,blocklist.de|ssh|bot|irc-bot|brute-force|ziyadnz|hourly,2026-08-17T18:48:05Z,2026-08-17T18:48:05Z,
186.251.71.202,ipv4,ssh-brute-force,high,WHITE,blocklist.de/ssh|blocklist.de/all|ziyadnz/hourly-ipv4,blocklist.de|ssh|bot|irc-bot|brute-force|ziyadnz|hourly,2026-08-17T18:48:05Z,2026-08-17T18:48:05Z,
186.30.145.230,ipv4,ssh-brute-force,high,WHITE,blocklist.de/ssh|blocklist.de/all|ziyadnz/hourly-ipv4,blocklist.de|ssh|bot|irc-bot|brute-force|ziyadnz|hourly,2026-08-17T18:48:05Z,2026-08-17T18:48:05Z,
186.31.79.213,ipv4,ssh-brute-force,high,WHITE,blocklist.de/ssh|blocklist.de/all|ziyadnz/hourly-ipv4,blocklist.de|ssh|bot|irc-bot|brute-force|ziyadnz|hourly,2026-08-17T18:48:05Z,2026-08-17T18:48:05Z,
186.33.54.66,ipv4,ssh-brute-force,high,WHITE,blocklist.de/ssh|blocklist.de/all|ziyadnz/hourly-ipv4,blocklist.de|ssh|bot|irc-bot|brute-force|ziyadnz|hourly,2026-08-17T18:48:05Z,2026-08-17T18:48:05Z,
186.39.125.21,ipv4,ssh-brute-force,high,WHITE,blocklist.de/ssh|blocklist.de/all|ziyadnz/hourly-ipv4,blocklist.de|ssh|bot|irc-bot|brute-force|ziyadnz|hourly,2026-08-17T18:48:05Z,2026-08-17T18:48:05Z,
186.39.151.161,ipv4,ssh-brute-force,high,WHITE,blocklist.de/ssh|blocklist.de/all|ziyadnz/hourly-ipv4,blocklist.de|ssh|bot|irc-bot|brute-force|ziyadnz|hourly,2026-08-17T18:48:05Z,2026-08-17T18:48:05Z,
186.39.8.233,ipv4,ssh-brute-force,high,WHITE,blocklist.de/ssh|blocklist.de/all|ziyadnz/hourly-ipv4,blocklist.de|ssh|bot|irc-bot|brute-force|ziyadnz|hourly,2026-08-17T18:48:05Z,2026-08-17T18:48:05Z,
186.40.234.89,ipv4,ssh-brute-force,high,WHITE,blocklist.de/ssh|blocklist.de/all|ziyadnz/hourly-ipv4,blocklist.de|ssh|bot|irc-bot|brute-force|ziyadnz|hourly,2026-08-17T18:48:05Z,2026-08-17T18:48:05Z,
186.47.77.39,ipv4,ssh-brute-force,high,WHITE,blocklist.de/ssh|blocklist.de/all|ziyadnz/hourly-ipv4,blocklist.de|ssh|bot|irc-bot|brute-force|ziyadnz|hourly,2026-08-17T18:48:05Z,2026-08-17T18:48:05Z,
186.57.73.154,ipv4,ssh-brute-force,high,WHITE,blocklist.de/ssh|blocklist.de/all|ziyadnz/hourly-ipv4,blocklist.de|ssh|bot|irc-bot|brute-force|ziyadnz|hourly,2026-08-17T18:48:05Z,2026-08-17T18:48:05Z,
186.61.161.137,ipv4,ssh-brute-force,high,WHITE,blocklist.de/ssh|blocklist.de/all|ziyadnz/hourly-ipv4,blocklist.de|ssh|bot|irc-bot|brute-force|ziyadnz|hourly,2026-08-17T18:48:05Z,2026-08-17T18:48:05Z,
186.64.123.124,ipv4,ssh-brute-force,high,WHITE,blocklist.de/ssh|blocklist.de/all|ziyadnz/hourly-ipv4,blocklist.de|ssh|bot|irc-bot|brute-force|ziyadnz|hourly,2026-08-17T18:48:05Z,2026-08-17T18:48:05Z,
186.65.86.62,ipv4,ssh-brute-force,high,WHITE,blocklist.de/ssh|blocklist.de/all|ziyadnz/hourly-ipv4,blocklist.de|ssh|bot|irc-bot|brute-force|ziyadnz|hourly,2026-08-17T18:48:05Z,2026-08-17T18:48:05Z,
186.68.83.105,ipv4,ssh-brute-force,high,WHITE,blocklist.de/ssh|blocklist.de/all|ziyadnz/hourly-ipv4,blocklist.de|ssh|bot|irc-bot|brute-force|ziyadnz|hourly,2026-08-17T18:48:05Z,2026-08-17T18:48:05Z,
186.71.162.1,ipv4,ssh-brute-force,high,WHITE,blocklist.de/ssh|blocklist.de/all|ziyadnz/hourly-ipv4,blocklist.de|ssh|bot|irc-bot|brute-force|ziyadnz|hourly,2026-08-17T18:48:05Z,2026-08-17T18:48:05Z,
186.79.119.202,ipv4,ssh-brute-force,high,WHITE,blocklist.de/ssh|blocklist.de/all|ziyadnz/hourly-ipv4,blocklist.de|ssh|bot|irc-bot|brute-force|ziyadnz|hourly,2026-08-17T18:48:05Z,2026-08-17T18:48:05Z,
186.79.158.158,ipv4,ssh-brute-force,high,WHITE,blocklist.de/ssh|blocklist.de/all|ziyadnz/hourly-ipv4,blocklist.de|ssh|bot|irc-bot|brute-force|ziyadnz|hourly,2026-08-17T18:48:05Z,2026-08-17T18:48:05Z,
186.80.54.145,ipv4,ssh-brute-force,high,WHITE,blocklist.de/ssh|blocklist.de/all|ziyadnz/hourly-ipv4,blocklist.de|ssh|bot|irc-bot|brute-force|ziyadnz|hourly,2026-08-17T18:48:05Z,2026-08-17T18:48:05Z,
186.81.58.218,ipv4,ssh-brute-force,high,WHITE,blocklist.de/ssh|blocklist.de/all|ziyadnz/hourly-ipv4,blocklist.de|ssh|bot|irc-bot|brute-force|ziyadnz|hourly,2026-08-17T18:48:05Z,2026-08-17T18:48:05Z,
186.87.10.96,ipv4,ssh-brute-force,high,WHITE,blocklist.de/ssh|blocklist.de/all|ziyadnz/hourly-ipv4,blocklist.de|ssh|bot|irc-bot|brute-force|ziyadnz|hourly,2026-08-17T18:48:05Z,2026-08-17T18:48:05Z,
186.96.158.180,ipv4,ssh-brute-force,high,WHITE,blocklist.de/ssh|blocklist.de/all|ziyadnz/hourly-ipv4,blocklist.de|ssh|bot|irc-bot|brute-force|ziyadnz|hourly,2026-08-17T18:48:05Z,2026-08-17T18:48:05Z,
187.0.18.168,ipv4,ssh-brute-force,high,WHITE,blocklist.de/ssh|blocklist.de/all|ziyadnz/hourly-ipv4,blocklist.de|ssh|bot|irc-bot|brute-force|ziyadnz|hourly,2026-08-17T18:48:05Z,2026-08-17T18:48:05Z,
187.103.126.46,ipv4,ssh-brute-force,high,WHITE,blocklist.de/ssh|blocklist.de/all|ziyadnz/hourly-ipv4,blocklist.de|ssh|bot|irc-bot|brute-force|ziyadnz|hourly,2026-08-17T18:48:05Z,2026-08-17T18:48:05Z,
187.103.21.75,ipv4,ssh-brute-force,high,WHITE,blocklist.de/ssh|blocklist.de/all|ziyadnz/hourly-ipv4,blocklist.de|ssh|bot|irc-bot|brute-force|ziyadnz|hourly,2026-08-17T18:48:05Z,2026-08-17T18:48:05Z,
187.120.189.6,ipv4,ssh-brute-force,high,WHITE,blocklist.de/ssh|blocklist.de/all|ziyadnz/hourly-ipv4,blocklist.de|ssh|bot|irc-bot|brute-force|ziyadnz|hourly,2026-08-17T18:48:05Z,2026-08-17T18:48:05Z,
187.121.117.164,ipv4,ssh-brute-force,high,WHITE,blocklist.de/ssh|blocklist.de/all|ziyadnz/hourly-ipv4,blocklist.de|ssh|bot|irc-bot|brute-force|ziyadnz|hourly,2026-08-17T18:48:05Z,2026-08-17T18:48:05Z,
187.138.176.75,ipv4,ssh-brute-force,high,WHITE,blocklist.de/ssh|blocklist.de/all|ziyadnz/hourly-ipv4,blocklist.de|ssh|bot|irc-bot|brute-force|ziyadnz|hourly,2026-08-17T18:48:05Z,2026-08-17T18:48:05Z,
187.141.71.166,ipv4,ssh-brute-force,high,WHITE,blocklist.de/ssh|blocklist.de/all|ziyadnz/hourly-ipv4,blocklist.de|ssh|bot|irc-bot|brute-force|ziyadnz|hourly,2026-08-17T18:48:05Z,2026-08-17T18:48:05Z,
187.155.180.204,ipv4,ssh-brute-force,high,WHITE,blocklist.de/ssh|blocklist.de/all|ziyadnz/hourly-ipv4,blocklist.de|ssh|bot|irc-bot|brute-force|ziyadnz|hourly,2026-08-17T18:48:05Z,2026-08-17T18:48:05Z,
187.155.32.46,ipv4,ssh-brute-force,high,WHITE,blocklist.de/ssh|blocklist.de/all|ziyadnz/hourly-ipv4,blocklist.de|ssh|bot|irc-bot|brute-force|ziyadnz|hourly,2026-08-17T18:48:05Z,2026-08-17T18:48:05Z,
187.158.16.104,ipv4,ssh-brute-force,high,WHITE,blocklist.de/ssh|blocklist.de/all|ziyadnz/hourly-ipv4,blocklist.de|ssh|bot|irc-bot|brute-force|ziyadnz|hourly,2026-08-17T18:48:05Z,2026-08-17T18:48:05Z,
187.170.31.183,ipv4,ssh-brute-force,high,WHITE,blocklist.de/ssh|blocklist.de/all|ziyadnz/hourly-ipv4,blocklist.de|ssh|bot|irc-bot|brute-force|ziyadnz|hourly,2026-08-17T18:48:05Z,2026-08-17T18:48:05Z,
187.174.238.116,ipv4,ssh-brute-force,high,WHITE,blocklist.de/ssh|blocklist.de/all|ziyadnz/hourly-ipv4,blocklist.de|ssh|bot|irc-bot|brute-force|ziyadnz|hourly,2026-08-17T18:48:05Z,2026-08-17T18:48:05Z,
187.184.10.217,ipv4,ssh-brute-force,high,WHITE,blocklist.de/ssh|blocklist.de/all|ziyadnz/hourly-ipv4,blocklist.de|ssh|bot|irc-bot|brute-force|ziyadnz|hourly,2026-08-17T18:48:05Z,2026-08-17T18:48:05Z,
187.188.233.228,ipv4,ssh-brute-force,high,WHITE,blocklist.de/ssh|blocklist.de/all|ziyadnz/hourly-ipv4,blocklist.de|ssh|bot|irc-bot|brute-force|ziyadnz|hourly,2026-08-17T18:48:05Z,2026-08-17T18:48:05Z,
187.189.172.142,ipv4,ssh-brute-force,high,WHITE,blocklist.de/ssh|blocklist.de/all|ziyadnz/hourly-ipv4,blocklist.de|ssh|bot|irc-bot|brute-force|ziyadnz|hourly,2026-08-17T18:48:05Z,2026-08-17T18:48:05Z,
187.189.88.169,ipv4,ssh-brute-force,high,WHITE,blocklist.de/ssh|blocklist.de/all|ziyadnz/hourly-ipv4,blocklist.de|ssh|bot|irc-bot|brute-force|ziyadnz|hourly,2026-08-17T18:48:05Z,2026-08-17T18:48:05Z,
187.190.166.118,ipv4,ssh-brute-force,high,WHITE,blocklist.de/ssh|blocklist.de/all|ziyadnz/hourly-ipv4,blocklist.de|ssh|bot|irc-bot|brute-force|ziyadnz|hourly,2026-08-17T18:48:05Z,2026-08-17T18:48:05Z,
187.190.25.117,ipv4,ssh-brute-force,high,WHITE,blocklist.de/ssh|blocklist.de/all|ziyadnz/hourly-ipv4,blocklist.de|ssh|bot|irc-bot|brute-force|ziyadnz|hourly,2026-08-17T18:48:05Z,2026-08-17T18:48:05Z,
187.190.27.187,ipv4,ssh-brute-force,high,WHITE,blocklist.de/ssh|blocklist.de/all|ziyadnz/hourly-ipv4,blocklist.de|ssh|bot|irc-bot|brute-force|ziyadnz|hourly,2026-08-17T18:48:05Z,2026-08-17T18:48:05Z,
187.192.40.87,ipv4,ssh-brute-force,high,WHITE,blocklist.de/ssh|blocklist.de/all|ziyadnz/hourly-ipv4,blocklist.de|ssh|bot|irc-bot|brute-force|ziyadnz|hourly,2026-08-17T18:48:05Z,2026-08-17T18:48:05Z,
187.198.162.7,ipv4,ssh-brute-force,high,WHITE,blocklist.de/ssh|blocklist.de/all|ziyadnz/hourly-ipv4,blocklist.de|ssh|bot|irc-bot|brute-force|ziyadnz|hourly,2026-08-17T18:48:05Z,2026-08-17T18:48:05Z,
187.221.82.88,ipv4,ssh-brute-force,high,WHITE,blocklist.de/ssh|blocklist.de/all|ziyadnz/hourly-ipv4,blocklist.de|ssh|bot|irc-bot|brute-force|ziyadnz|hourly,2026-08-17T18:48:05Z,2026-08-17T18:48:05Z,
187.229.116.54,ipv4,ssh-brute-force,high,WHITE,blocklist.de/ssh|blocklist.de/all|ziyadnz/hourly-ipv4,blocklist.de|ssh|bot|irc-bot|brute-force|ziyadnz|hourly,2026-08-17T18:48:05Z,2026-08-17T18:48:05Z,
187.230.22.130,ipv4,ssh-brute-force,high,WHITE,blocklist.de/ssh|blocklist.de/all|ziyadnz/hourly-ipv4,blocklist.de|ssh|bot|irc-bot|brute-force|ziyadnz|hourly,2026-08-17T18:48:05Z,2026-08-17T18:48:05Z,
187.234.164.55,ipv4,ssh-brute-force,high,WHITE,blocklist.de/ssh|blocklist.de/all|ziyadnz/hourly-ipv4,blocklist.de|ssh|bot|irc-bot|brute-force|ziyadnz|hourly,2026-08-17T18:48:05Z,2026-08-17T18:48:05Z,
187.234.88.124,ipv4,ssh-brute-force,high,WHITE,blocklist.de/ssh|blocklist.de/all|ziyadnz/hourly-ipv4,blocklist.de|ssh|bot|irc-bot|brute-force|ziyadnz|hourly,2026-08-17T18:48:05Z,2026-08-17T18:48:05Z,
187.246.22.165,ipv4,ssh-brute-force,high,WHITE,blocklist.de/ssh|blocklist.de/all|ziyadnz/hourly-ipv4,blocklist.de|ssh|bot|irc-bot|brute-force|ziyadnz|hourly,2026-08-17T18:48:05Z,2026-08-17T18:48:05Z,
187.251.123.104,ipv4,ssh-brute-force,high,WHITE,blocklist.de/ssh|blocklist.de/all|ziyadnz/hourly-ipv4,blocklist.de|ssh|bot|irc-bot|brute-force|ziyadnz|hourly,2026-08-17T18:48:05Z,2026-08-17T18:48:05Z,
187.251.241.22,ipv4,ssh-brute-force,high,WHITE,blocklist.de/ssh|blocklist.de/all|ziyadnz/hourly-ipv4,blocklist.de|ssh|bot|irc-bot|brute-force|ziyadnz|hourly,2026-08-17T18:48:05Z,2026-08-17T18:48:05Z,
187.34.226.180,ipv4,ssh-brute-force,high,WHITE,blocklist.de/ssh|blocklist.de/all|ziyadnz/hourly-ipv4,blocklist.de|ssh|bot|irc-bot|brute-force|ziyadnz|hourly,2026-08-17T18:48:05Z,2026-08-17T18:48:05Z,
187.62.87.27,ipv4,ssh-brute-force,high,WHITE,blocklist.de/ssh|blocklist.de/all|ziyadnz/hourly-ipv4,blocklist.de|ssh|bot|irc-bot|brute-force|ziyadnz|hourly,2026-08-17T18:48:05Z,2026-08-17T18:48:05Z,
187.62.93.131,ipv4,ssh-brute-force,high,WHITE,blocklist.de/ssh|blocklist.de/all|ziyadnz/hourly-ipv4,blocklist.de|ssh|bot|irc-bot|brute-force|ziyadnz|hourly,2026-08-17T18:48:05Z,2026-08-17T18:48:05Z,
187.77.135.17,ipv4,ssh-brute-force,high,WHITE,blocklist.de/ssh|blocklist.de/all|ziyadnz/hourly-ipv4,blocklist.de|ssh|bot|irc-bot|brute-force|ziyadnz|hourly,2026-08-17T18:48:05Z,2026-08-17T18:48:05Z,
187.77.79.39,ipv4,ssh-brute-force,high,WHITE,blocklist.de/ssh|blocklist.de/all|ziyadnz/hourly-ipv4,blocklist.de|ssh|bot|irc-bot|brute-force|ziyadnz|hourly,2026-08-17T18:48:05Z,2026-08-17T18:48:05Z,
187.85.146.238,ipv4,ssh-brute-force,high,WHITE,blocklist.de/ssh|blocklist.de/all|ziyadnz/hourly-ipv4,blocklist.de|ssh|bot|irc-bot|brute-force|ziyadnz|hourly,2026-08-17T18:48:05Z,2026-08-17T18:48:05Z,
187.85.148.31,ipv4,ssh-brute-force,high,WHITE,blocklist.de/ssh|blocklist.de/all|ziyadnz/hourly-ipv4,blocklist.de|ssh|bot|irc-bot|brute-force|ziyadnz|hourly,2026-08-17T18:48:05Z,2026-08-17T18:48:05Z,
188.121.125.243,ipv4,ssh-brute-force,high,WHITE,blocklist.de/ssh|blocklist.de/all|ziyadnz/hourly-ipv4,blocklist.de|ssh|bot|irc-bot|brute-force|ziyadnz|hourly,2026-08-17T18:48:05Z,2026-08-17T18:48:05Z,
188.130.177.123,ipv4,ssh-brute-force,high,WHITE,blocklist.de/ssh|blocklist.de/all|ziyadnz/hourly-ipv4,blocklist.de|ssh|bot|irc-bot|brute-force|ziyadnz|hourly,2026-08-17T18:48:05Z,2026-08-17T18:48:05Z,
188.166.107.70,ipv4,ssh-brute-force,high,WHITE,blocklist.de/ssh|blocklist.de/all|ziyadnz/hourly-ipv4,blocklist.de|ssh|bot|irc-bot|brute-force|ziyadnz|hourly,2026-08-17T18:48:05Z,2026-08-17T18:48:05Z,
188.166.156.24,ipv4,ssh-brute-force,high,WHITE,blocklist.de/ssh|blocklist.de/all|ziyadnz/hourly-ipv4,blocklist.de|ssh|bot|irc-bot|brute-force|ziyadnz|hourly,2026-08-17T18:48:05Z,2026-08-17T18:48:05Z,
188.166.225.116,ipv4,ssh-brute-force,high,WHITE,blocklist.de/ssh|blocklist.de/all|ziyadnz/hourly-ipv4,blocklist.de|ssh|bot|irc-bot|brute-force|ziyadnz|hourly,2026-08-17T18:48:05Z,2026-08-17T18:48:05Z,
188.166.239.236,ipv4,ssh-brute-force,high,WHITE,blocklist.de/ssh|blocklist.de/all|ziyadnz/hourly-ipv4,blocklist.de|ssh|bot|irc-bot|brute-force|ziyadnz|hourly,2026-08-17T18:48:05Z,2026-08-17T18:48:05Z,
188.209.211.31,ipv4,ssh-brute-force,high,WHITE,blocklist.de/ssh|blocklist.de/all|ziyadnz/hourly-ipv4,blocklist.de|ssh|bot|irc-bot|brute-force|ziyadnz|hourly,2026-08-17T18:48:05Z,2026-08-17T18:48:05Z,
188.225.34.159,ipv4,ssh-brute-force,high,WHITE,blocklist.de/ssh|blocklist.de/all|ziyadnz/hourly-ipv4,blocklist.de|ssh|bot|irc-bot|brute-force|ziyadnz|hourly,2026-08-17T18:48:05Z,2026-08-17T18:48:05Z,
188.244.219.158,ipv4,ssh-brute-force,high,WHITE,blocklist.de/ssh|blocklist.de/all|ziyadnz/hourly-ipv4,blocklist.de|ssh|bot|irc-bot|brute-force|ziyadnz|hourly,2026-08-17T18:48:05Z,2026-08-17T18:48:05Z,
188.247.90.83,ipv4,ssh-brute-force,high,WHITE,blocklist.de/ssh|blocklist.de/all|ziyadnz/hourly-ipv4,blocklist.de|ssh|bot|irc-bot|brute-force|ziyadnz|hourly,2026-08-17T18:48:05Z,2026-08-17T18:48:05Z,
188.248.254.9,ipv4,ssh-brute-force,high,WHITE,blocklist.de/ssh|blocklist.de/all|ziyadnz/hourly-ipv4,blocklist.de|ssh|bot|irc-bot|brute-force|ziyadnz|hourly,2026-08-17T18:48:05Z,2026-08-17T18:48:05Z,
188.37.191.95,ipv4,ssh-brute-force,high,WHITE,blocklist.de/ssh|blocklist.de/all|ziyadnz/hourly-ipv4,blocklist.de|ssh|bot|irc-bot|brute-force|ziyadnz|hourly,2026-08-17T18:48:05Z,2026-08-17T18:48:05Z,
188.40.108.81,ipv4,ssh-brute-force,high,WHITE,blocklist.de/ssh|blocklist.de/all|ziyadnz/hourly-ipv4,blocklist.de|ssh|bot|irc-bot|brute-force|ziyadnz|hourly,2026-08-17T18:48:05Z,2026-08-17T18:48:05Z,
189.127.167.64,ipv4,ssh-brute-force,high,WHITE,blocklist.de/ssh|blocklist.de/all|ziyadnz/hourly-ipv4,blocklist.de|ssh|bot|irc-bot|brute-force|ziyadnz|hourly,2026-08-17T18:48:05Z,2026-08-17T18:48:05Z,
189.129.172.140,ipv4,ssh-brute-force,high,WHITE,blocklist.de/ssh|blocklist.de/all|ziyadnz/hourly-ipv4,blocklist.de|ssh|bot|irc-bot|brute-force|ziyadnz|hourly,2026-08-17T18:48:05Z,2026-08-17T18:48:05Z,
189.130.169.112,ipv4,ssh-brute-force,high,WHITE,blocklist.de/ssh|blocklist.de/all|ziyadnz/hourly-ipv4,blocklist.de|ssh|bot|irc-bot|brute-force|ziyadnz|hourly,2026-08-17T18:48:05Z,2026-08-17T18:48:05Z,
189.133.235.148,ipv4,ssh-brute-force,high,WHITE,blocklist.de/ssh|blocklist.de/all|ziyadnz/hourly-ipv4,blocklist.de|ssh|bot|irc-bot|brute-force|ziyadnz|hourly,2026-08-17T18:48:05Z,2026-08-17T18:48:05Z,
189.135.101.88,ipv4,ssh-brute-force,high,WHITE,blocklist.de/ssh|blocklist.de/all|ziyadnz/hourly-ipv4,blocklist.de|ssh|bot|irc-bot|brute-force|ziyadnz|hourly,2026-08-17T18:48:05Z,2026-08-17T18:48:05Z,
189.140.14.212,ipv4,ssh-brute-force,high,WHITE,blocklist.de/ssh|blocklist.de/all|ziyadnz/hourly-ipv4,blocklist.de|ssh|bot|irc-bot|brute-force|ziyadnz|hourly,2026-08-17T18:48:05Z,2026-08-17T18:48:05Z,
189.151.34.14,ipv4,ssh-brute-force,high,WHITE,blocklist.de/ssh|blocklist.de/all|ziyadnz/hourly-ipv4,blocklist.de|ssh|bot|irc-bot|brute-force|ziyadnz|hourly,2026-08-17T18:48:05Z,2026-08-17T18:48:05Z,
189.153.96.2,ipv4,ssh-brute-force,high,WHITE,blocklist.de/ssh|blocklist.de/all|ziyadnz/hourly-ipv4,blocklist.de|ssh|bot|irc-bot|brute-force|ziyadnz|hourly,2026-08-17T18:48:05Z,2026-08-17T18:48:05Z,
189.158.157.28,ipv4,ssh-brute-force,high,WHITE,blocklist.de/ssh|blocklist.de/all|ziyadnz/hourly-ipv4,blocklist.de|ssh|bot|irc-bot|brute-force|ziyadnz|hourly,2026-08-17T18:48:05Z,2026-08-17T18:48:05Z,
189.161.43.93,ipv4,ssh-brute-force,high,WHITE,blocklist.de/ssh|blocklist.de/all|ziyadnz/hourly-ipv4,blocklist.de|ssh|bot|irc-bot|brute-force|ziyadnz|hourly,2026-08-17T18:48:05Z,2026-08-17T18:48:05Z,
189.162.195.208,ipv4,ssh-brute-force,high,WHITE,blocklist.de/ssh|blocklist.de/all|ziyadnz/hourly-ipv4,blocklist.de|ssh|bot|irc-bot|brute-force|ziyadnz|hourly,2026-08-17T18:48:05Z,2026-08-17T18:48:05Z,
189.167.251.51,ipv4,ssh-brute-force,high,WHITE,blocklist.de/ssh|blocklist.de/all|ziyadnz/hourly-ipv4,blocklist.de|ssh|bot|irc-bot|brute-force|ziyadnz|hourly,2026-08-17T18:48:05Z,2026-08-17T18:48:05Z,
189.172.24.177,ipv4,ssh-brute-force,high,WHITE,blocklist.de/ssh|blocklist.de/all|ziyadnz/hourly-ipv4,blocklist.de|ssh|bot|irc-bot|brute-force|ziyadnz|hourly,2026-08-17T18:48:05Z,2026-08-17T18:48:05Z,
189.190.217.141,ipv4,ssh-brute-force,high,WHITE,blocklist.de/ssh|blocklist.de/all|ziyadnz/hourly-ipv4,blocklist.de|ssh|bot|irc-bot|brute-force|ziyadnz|hourly,2026-08-17T18:48:05Z,2026-08-17T18:48:05Z,
189.194.140.170,ipv4,ssh-brute-force,high,WHITE,blocklist.de/ssh|blocklist.de/all|ziyadnz/hourly-ipv4,blocklist.de|ssh|bot|irc-bot|brute-force|ziyadnz|hourly,2026-08-17T18:48:05Z,2026-08-17T18:48:05Z,
189.203.10.115,ipv4,ssh-brute-force,high,WHITE,blocklist.de/ssh|blocklist.de/all|ziyadnz/hourly-ipv4,blocklist.de|ssh|bot|irc-bot|brute-force|ziyadnz|hourly,2026-08-17T18:48:05Z,2026-08-17T18:48:05Z,
189.203.163.10,ipv4,ssh-brute-force,high,WHITE,blocklist.de/ssh|blocklist.de/all|ziyadnz/hourly-ipv4,blocklist.de|ssh|bot|irc-bot|brute-force|ziyadnz|hourly,2026-08-17T18:48:05Z,2026-08-17T18:48:05Z,
189.214.72.214,ipv4,ssh-brute-force,high,WHITE,blocklist.de/ssh|blocklist.de/all|ziyadnz/hourly-ipv4,blocklist.de|ssh|bot|irc-bot|brute-force|ziyadnz|hourly,2026-08-17T18:48:05Z,2026-08-17T18:48:05Z,
189.229.234.213,ipv4,ssh-brute-force,high,WHITE,blocklist.de/ssh|blocklist.de/all|ziyadnz/hourly-ipv4,blocklist.de|ssh|bot|irc-bot|brute-force|ziyadnz|hourly,2026-08-17T18:48:05Z,2026-08-17T18:48:05Z,
189.234.91.56,ipv4,ssh-brute-force,high,WHITE,blocklist.de/ssh|blocklist.de/all|ziyadnz/hourly-ipv4,blocklist.de|ssh|bot|irc-bot|brute-force|ziyadnz|hourly,2026-08-17T18:48:05Z,2026-08-17T18:48:05Z,
189.240.44.9,ipv4,ssh-brute-force,high,WHITE,blocklist.de/ssh|blocklist.de/all|ziyadnz/hourly-ipv4,blocklist.de|ssh|bot|irc-bot|brute-force|ziyadnz|hourly,2026-08-17T18:48:05Z,2026-08-17T18:48:05Z,
189.253.121.125,ipv4,ssh-brute-force,high,WHITE,blocklist.de/ssh|blocklist.de/all|ziyadnz/hourly-ipv4,blocklist.de|ssh|bot|irc-bot|brute-force|ziyadnz|hourly,2026-08-17T18:48:05Z,2026-08-17T18:48:05Z,
189.50.142.78,ipv4,ssh-brute-force,high,WHITE,blocklist.de/ssh|blocklist.de/all|ziyadnz/hourly-ipv4,blocklist.de|ssh|bot|irc-bot|brute-force|ziyadnz|hourly,2026-08-17T18:48:05Z,2026-08-17T18:48:05Z,
189.8.5.118,ipv4,ssh-brute-force,high,WHITE,blocklist.de/ssh|blocklist.de/all|ziyadnz/hourly-ipv4,blocklist.de|ssh|bot|irc-bot|brute-force|ziyadnz|hourly,2026-08-17T18:48:05Z,2026-08-17T18:48:05Z,
190.104.40.195,ipv4,ssh-brute-force,high,WHITE,blocklist.de/ssh|blocklist.de/all|ziyadnz/hourly-ipv4,blocklist.de|ssh|bot|irc-bot|brute-force|ziyadnz|hourly,2026-08-17T18:48:05Z,2026-08-17T18:48:05Z,
190.104.45.84,ipv4,ssh-brute-force,high,WHITE,blocklist.de/ssh|blocklist.de/all|ziyadnz/hourly-ipv4,blocklist.de|ssh|bot|irc-bot|brute-force|ziyadnz|hourly,2026-08-17T18:48:05Z,2026-08-17T18:48:05Z,
190.105.115.129,ipv4,ssh-brute-force,high,WHITE,blocklist.de/ssh|blocklist.de/all|ziyadnz/hourly-ipv4,blocklist.de|ssh|bot|irc-bot|brute-force|ziyadnz|hourly,2026-08-17T18:48:05Z,2026-08-17T18:48:05Z,
190.108.77.112,ipv4,ssh-brute-force,high,WHITE,blocklist.de/ssh|blocklist.de/all|ziyadnz/hourly-ipv4,blocklist.de|ssh|bot|irc-bot|brute-force|ziyadnz|hourly,2026-08-17T18:48:05Z,2026-08-17T18:48:05Z,
190.109.126.111,ipv4,ssh-brute-force,high,WHITE,blocklist.de/ssh|blocklist.de/all|ziyadnz/hourly-ipv4,blocklist.de|ssh|bot|irc-bot|brute-force|ziyadnz|hourly,2026-08-17T18:48:05Z,2026-08-17T18:48:05Z,
190.109.126.67,ipv4,ssh-brute-force,high,WHITE,blocklist.de/ssh|blocklist.de/all|ziyadnz/hourly-ipv4,blocklist.de|ssh|bot|irc-bot|brute-force|ziyadnz|hourly,2026-08-17T18:48:05Z,2026-08-17T18:48:05Z,
190.109.22.138,ipv4,ssh-brute-force,high,WHITE,blocklist.de/ssh|blocklist.de/all|ziyadnz/hourly-ipv4,blocklist.de|ssh|bot|irc-bot|brute-force|ziyadnz|hourly,2026-08-17T18:48:05Z,2026-08-17T18:48:05Z,
190.109.227.147,ipv4,ssh-brute-force,high,WHITE,blocklist.de/ssh|blocklist.de/all|ziyadnz/hourly-ipv4,blocklist.de|ssh|bot|irc-bot|brute-force|ziyadnz|hourly,2026-08-17T18:48:05Z,2026-08-17T18:48:05Z,
190.110.255.141,ipv4,ssh-brute-force,high,WHITE,blocklist.de/ssh|blocklist.de/all|ziyadnz/hourly-ipv4,blocklist.de|ssh|bot|irc-bot|brute-force|ziyadnz|hourly,2026-08-17T18:48:05Z,2026-08-17T18:48:05Z,
190.110.255.155,ipv4,ssh-brute-force,high,WHITE,blocklist.de/ssh|blocklist.de/all|ziyadnz/hourly-ipv4,blocklist.de|ssh|bot|irc-bot|brute-force|ziyadnz|hourly,2026-08-17T18:48:05Z,2026-08-17T18:48:05Z,
190.112.178.143,ipv4,ssh-brute-force,high,WHITE,blocklist.de/ssh|blocklist.de/all|ziyadnz/hourly-ipv4,blocklist.de|ssh|bot|irc-bot|brute-force|ziyadnz|hourly,2026-08-17T18:48:05Z,2026-08-17T18:48:05Z,
190.112.96.192,ipv4,ssh-brute-force,high,WHITE,blocklist.de/ssh|blocklist.de/all|ziyadnz/hourly-ipv4,blocklist.de|ssh|bot|irc-bot|brute-force|ziyadnz|hourly,2026-08-17T18:48:05Z,2026-08-17T18:48:05Z,
190.114.121.96,ipv4,ssh-brute-force,high,WHITE,blocklist.de/ssh|blocklist.de/all|ziyadnz/hourly-ipv4,blocklist.de|ssh|bot|irc-bot|brute-force|ziyadnz|hourly,2026-08-17T18:48:05Z,2026-08-17T18:48:05Z,
190.119.63.98,ipv4,ssh-brute-force,high,WHITE,blocklist.de/ssh|blocklist.de/all|ziyadnz/hourly-ipv4,blocklist.de|ssh|bot|irc-bot|brute-force|ziyadnz|hourly,2026-08-17T18:48:05Z,2026-08-17T18:48:05Z,
190.12.114.108,ipv4,ssh-brute-force,high,WHITE,blocklist.de/ssh|blocklist.de/all|ziyadnz/hourly-ipv4,blocklist.de|ssh|bot|irc-bot|brute-force|ziyadnz|hourly,2026-08-17T18:48:05Z,2026-08-17T18:48:05Z,
190.120.188.120,ipv4,ssh-brute-force,high,WHITE,blocklist.de/ssh|blocklist.de/all|ziyadnz/hourly-ipv4,blocklist.de|ssh|bot|irc-bot|brute-force|ziyadnz|hourly,2026-08-17T18:48:05Z,2026-08-17T18:48:05Z,
190.120.245.105,ipv4,ssh-brute-force,high,WHITE,blocklist.de/ssh|blocklist.de/all|ziyadnz/hourly-ipv4,blocklist.de|ssh|bot|irc-bot|brute-force|ziyadnz|hourly,2026-08-17T18:48:05Z,2026-08-17T18:48:05Z,
190.123.46.136,ipv4,ssh-brute-force,high,WHITE,blocklist.de/ssh|blocklist.de/all|ziyadnz/hourly-ipv4,blocklist.de|ssh|bot|irc-bot|brute-force|ziyadnz|hourly,2026-08-17T18:48:05Z,2026-08-17T18:48:05Z,
190.129.122.185,ipv4,ssh-brute-force,high,WHITE,blocklist.de/ssh|blocklist.de/all|ziyadnz/hourly-ipv4,blocklist.de|ssh|bot|irc-bot|brute-force|ziyadnz|hourly,2026-08-17T18:48:05Z,2026-08-17T18:48:05Z,
190.13.119.108,ipv4,ssh-brute-force,high,WHITE,blocklist.de/ssh|blocklist.de/all|ziyadnz/hourly-ipv4,blocklist.de|ssh|bot|irc-bot|brute-force|ziyadnz|hourly,2026-08-17T18:48:05Z,2026-08-17T18:48:05Z,
190.13.247.79,ipv4,ssh-brute-force,high,WHITE,blocklist.de/ssh|blocklist.de/all|ziyadnz/hourly-ipv4,blocklist.de|ssh|bot|irc-bot|brute-force|ziyadnz|hourly,2026-08-17T18:48:05Z,2026-08-17T18:48:05Z,
190.131.128.253,ipv4,ssh-brute-force,high,WHITE,blocklist.de/ssh|blocklist.de/all|ziyadnz/hourly-ipv4,blocklist.de|ssh|bot|irc-bot|brute-force|ziyadnz|hourly,2026-08-17T18:48:05Z,2026-08-17T18:48:05Z,
190.131.129.64,ipv4,ssh-brute-force,high,WHITE,blocklist.de/ssh|blocklist.de/all|ziyadnz/hourly-ipv4,blocklist.de|ssh|bot|irc-bot|brute-force|ziyadnz|hourly,2026-08-17T18:48:05Z,2026-08-17T18:48:05Z,
190.133.33.59,ipv4,ssh-brute-force,high,WHITE,blocklist.de/ssh|blocklist.de/all|ziyadnz/hourly-ipv4,blocklist.de|ssh|bot|irc-bot|brute-force|ziyadnz|hourly,2026-08-17T18:48:05Z,2026-08-17T18:48:05Z,
190.136.85.246,ipv4,ssh-brute-force,high,WHITE,blocklist.de/ssh|blocklist.de/all|ziyadnz/hourly-ipv4,blocklist.de|ssh|bot|irc-bot|brute-force|ziyadnz|hourly,2026-08-17T18:48:05Z,2026-08-17T18:48:05Z,
190.137.140.50,ipv4,ssh-brute-force,high,WHITE,blocklist.de/ssh|blocklist.de/all|ziyadnz/hourly-ipv4,blocklist.de|ssh|bot|irc-bot|brute-force|ziyadnz|hourly,2026-08-17T18:48:05Z,2026-08-17T18:48:05Z,
190.139.49.180,ipv4,ssh-brute-force,high,WHITE,blocklist.de/ssh|blocklist.de/all|ziyadnz/hourly-ipv4,blocklist.de|ssh|bot|irc-bot|brute-force|ziyadnz|hourly,2026-08-17T18:48:05Z,2026-08-17T18:48:05Z,
190.14.234.73,ipv4,ssh-brute-force,high,WHITE,blocklist.de/ssh|blocklist.de/all|ziyadnz/hourly-ipv4,blocklist.de|ssh|bot|irc-bot|brute-force|ziyadnz|hourly,2026-08-17T18:48:05Z,2026-08-17T18:48:05Z,
190.153.66.23,ipv4,ssh-brute-force,high,WHITE,blocklist.de/ssh|blocklist.de/all|ziyadnz/hourly-ipv4,blocklist.de|ssh|bot|irc-bot|brute-force|ziyadnz|hourly,2026-08-17T18:48:05Z,2026-08-17T18:48:05Z,
190.155.176.141,ipv4,ssh-brute-force,high,WHITE,blocklist.de/ssh|blocklist.de/all|ziyadnz/hourly-ipv4,blocklist.de|ssh|bot|irc-bot|brute-force|ziyadnz|hourly,2026-08-17T18:48:05Z,2026-08-17T18:48:05Z,
190.155.216.134,ipv4,ssh-brute-force,high,WHITE,blocklist.de/ssh|blocklist.de/all|ziyadnz/hourly-ipv4,blocklist.de|ssh|bot|irc-bot|brute-force|ziyadnz|hourly,2026-08-17T18:48:05Z,2026-08-17T18:48:05Z,
190.17.236.112,ipv4,ssh-brute-force,high,WHITE,blocklist.de/ssh|blocklist.de/all|ziyadnz/hourly-ipv4,blocklist.de|ssh|bot|irc-bot|brute-force|ziyadnz|hourly,2026-08-17T18:48:05Z,2026-08-17T18:48:05Z,
190.171.182.122,ipv4,ssh-brute-force,high,WHITE,blocklist.de/ssh|blocklist.de/all|ziyadnz/hourly-ipv4,blocklist.de|ssh|bot|irc-bot|brute-force|ziyadnz|hourly,2026-08-17T18:48:05Z,2026-08-17T18:48:05Z,
190.173.32.50,ipv4,ssh-brute-force,high,WHITE,blocklist.de/ssh|blocklist.de/all|ziyadnz/hourly-ipv4,blocklist.de|ssh|bot|irc-bot|brute-force|ziyadnz|hourly,2026-08-17T18:48:05Z,2026-08-17T18:48:05Z,
190.173.8.252,ipv4,ssh-brute-force,high,WHITE,blocklist.de/ssh|blocklist.de/all|ziyadnz/hourly-ipv4,blocklist.de|ssh|bot|irc-bot|brute-force|ziyadnz|hourly,2026-08-17T18:48:05Z,2026-08-17T18:48:05Z,
190.176.86.87,ipv4,ssh-brute-force,high,WHITE,blocklist.de/ssh|blocklist.de/all|ziyadnz/hourly-ipv4,blocklist.de|ssh|bot|irc-bot|brute-force|ziyadnz|hourly,2026-08-17T18:48:05Z,2026-08-17T18:48:05Z,
190.177.165.124,ipv4,ssh-brute-force,high,WHITE,blocklist.de/ssh|blocklist.de/all|ziyadnz/hourly-ipv4,blocklist.de|ssh|bot|irc-bot|brute-force|ziyadnz|hourly,2026-08-17T18:48:05Z,2026-08-17T18:48:05Z,
190.179.188.228,ipv4,ssh-brute-force,high,WHITE,blocklist.de/ssh|blocklist.de/all|ziyadnz/hourly-ipv4,blocklist.de|ssh|bot|irc-bot|brute-force|ziyadnz|hourly,2026-08-17T18:48:05Z,2026-08-17T18:48:05Z,
190.179.245.148,ipv4,ssh-brute-force,high,WHITE,blocklist.de/ssh|blocklist.de/all|ziyadnz/hourly-ipv4,blocklist.de|ssh|bot|irc-bot|brute-force|ziyadnz|hourly,2026-08-17T18:48:05Z,2026-08-17T18:48:05Z,
190.181.27.37,ipv4,ssh-brute-force,high,WHITE,blocklist.de/ssh|blocklist.de/all|ziyadnz/hourly-ipv4,blocklist.de|ssh|bot|irc-bot|brute-force|ziyadnz|hourly,2026-08-17T18:48:05Z,2026-08-17T18:48:05Z,
190.191.9.193,ipv4,ssh-brute-force,high,WHITE,blocklist.de/ssh|blocklist.de/all|ziyadnz/hourly-ipv4,blocklist.de|ssh|bot|irc-bot|brute-force|ziyadnz|hourly,2026-08-17T18:48:05Z,2026-08-17T18:48:05Z,
190.2.122.27,ipv4,ssh-brute-force,high,WHITE,blocklist.de/ssh|blocklist.de/all|ziyadnz/hourly-ipv4,blocklist.de|ssh|bot|irc-bot|brute-force|ziyadnz|hourly,2026-08-17T18:48:05Z,2026-08-17T18:48:05Z,
190.20.99.66,ipv4,ssh-brute-force,high,WHITE,blocklist.de/ssh|blocklist.de/all|ziyadnz/hourly-ipv4,blocklist.de|ssh|bot|irc-bot|brute-force|ziyadnz|hourly,2026-08-17T18:48:05Z,2026-08-17T18:48:05Z,
190.215.63.119,ipv4,ssh-brute-force,high,WHITE,blocklist.de/ssh|blocklist.de/all|ziyadnz/hourly-ipv4,blocklist.de|ssh|bot|irc-bot|brute-force|ziyadnz|hourly,2026-08-17T18:48:05Z,2026-08-17T18:48:05Z,
190.215.92.124,ipv4,ssh-brute-force,high,WHITE,blocklist.de/ssh|blocklist.de/all|ziyadnz/hourly-ipv4,blocklist.de|ssh|bot|irc-bot|brute-force|ziyadnz|hourly,2026-08-17T18:48:05Z,2026-08-17T18:48:05Z,
190.216.24.38,ipv4,ssh-brute-force,high,WHITE,blocklist.de/ssh|blocklist.de/all|ziyadnz/hourly-ipv4,blocklist.de|ssh|bot|irc-bot|brute-force|ziyadnz|hourly,2026-08-17T18:48:05Z,2026-08-17T18:48:05Z,
190.220.147.189,ipv4,ssh-brute-force,high,WHITE,blocklist.de/ssh|blocklist.de/all|ziyadnz/hourly-ipv4,blocklist.de|ssh|bot|irc-bot|brute-force|ziyadnz|hourly,2026-08-17T18:48:05Z,2026-08-17T18:48:05Z,
190.224.186.189,ipv4,ssh-brute-force,high,WHITE,blocklist.de/ssh|blocklist.de/all|ziyadnz/hourly-ipv4,blocklist.de|ssh|bot|irc-bot|brute-force|ziyadnz|hourly,2026-08-17T18:48:05Z,2026-08-17T18:48:05Z,
190.230.150.185,ipv4,ssh-brute-force,high,WHITE,blocklist.de/ssh|blocklist.de/all|ziyadnz/hourly-ipv4,blocklist.de|ssh|bot|irc-bot|brute-force|ziyadnz|hourly,2026-08-17T18:48:05Z,2026-08-17T18:48:05Z,
190.230.219.236,ipv4,ssh-brute-force,high,WHITE,blocklist.de/ssh|blocklist.de/all|ziyadnz/hourly-ipv4,blocklist.de|ssh|bot|irc-bot|brute-force|ziyadnz|hourly,2026-08-17T18:48:05Z,2026-08-17T18:48:05Z,
190.231.10.121,ipv4,ssh-brute-force,high,WHITE,blocklist.de/ssh|blocklist.de/all|ziyadnz/hourly-ipv4,blocklist.de|ssh|bot|irc-bot|brute-force|ziyadnz|hourly,2026-08-17T18:48:05Z,2026-08-17T18:48:05Z,
190.231.41.178,ipv4,ssh-brute-force,high,WHITE,blocklist.de/ssh|blocklist.de/all|ziyadnz/hourly-ipv4,blocklist.de|ssh|bot|irc-bot|brute-force|ziyadnz|hourly,2026-08-17T18:48:05Z,2026-08-17T18:48:05Z,
190.236.82.210,ipv4,ssh-brute-force,high,WHITE,blocklist.de/ssh|blocklist.de/all|ziyadnz/hourly-ipv4,blocklist.de|ssh|bot|irc-bot|brute-force|ziyadnz|hourly,2026-08-17T18:48:05Z,2026-08-17T18:48:05Z,
190.245.6.237,ipv4,ssh-brute-force,high,WHITE,blocklist.de/ssh|blocklist.de/all|ziyadnz/hourly-ipv4,blocklist.de|ssh|bot|irc-bot|brute-force|ziyadnz|hourly,2026-08-17T18:48:05Z,2026-08-17T18:48:05Z,
190.247.116.165,ipv4,ssh-brute-force,high,WHITE,blocklist.de/ssh|blocklist.de/all|ziyadnz/hourly-ipv4,blocklist.de|ssh|bot|irc-bot|brute-force|ziyadnz|hourly,2026-08-17T18:48:05Z,2026-08-17T18:48:05Z,
190.25.24.3,ipv4,ssh-brute-force,high,WHITE,blocklist.de/ssh|blocklist.de/all|ziyadnz/hourly-ipv4,blocklist.de|ssh|bot|irc-bot|brute-force|ziyadnz|hourly,2026-08-17T18:48:05Z,2026-08-17T18:48:05Z,
190.250.36.205,ipv4,ssh-brute-force,high,WHITE,blocklist.de/ssh|blocklist.de/all|ziyadnz/hourly-ipv4,blocklist.de|ssh|bot|irc-bot|brute-force|ziyadnz|hourly,2026-08-17T18:48:05Z,2026-08-17T18:48:05Z,
190.3.147.54,ipv4,ssh-brute-force,high,WHITE,blocklist.de/ssh|blocklist.de/all|ziyadnz/hourly-ipv4,blocklist.de|ssh|bot|irc-bot|brute-force|ziyadnz|hourly,2026-08-17T18:48:05Z,2026-08-17T18:48:05Z,
190.3.50.61,ipv4,ssh-brute-force,high,WHITE,blocklist.de/ssh|blocklist.de/all|ziyadnz/hourly-ipv4,blocklist.de|ssh|bot|irc-bot|brute-force|ziyadnz|hourly,2026-08-17T18:48:05Z,2026-08-17T18:48:05Z,
190.46.207.224,ipv4,ssh-brute-force,high,WHITE,blocklist.de/ssh|blocklist.de/all|ziyadnz/hourly-ipv4,blocklist.de|ssh|bot|irc-bot|brute-force|ziyadnz|hourly,2026-08-17T18:48:05Z,2026-08-17T18:48:05Z,
190.47.164.2,ipv4,ssh-brute-force,high,WHITE,blocklist.de/ssh|blocklist.de/all|ziyadnz/hourly-ipv4,blocklist.de|ssh|bot|irc-bot|brute-force|ziyadnz|hourly,2026-08-17T18:48:05Z,2026-08-17T18:48:05Z,
190.48.73.50,ipv4,ssh-brute-force,high,WHITE,blocklist.de/ssh|blocklist.de/all|ziyadnz/hourly-ipv4,blocklist.de|ssh|bot|irc-bot|brute-force|ziyadnz|hourly,2026-08-17T18:48:05Z,2026-08-17T18:48:05Z,
190.49.122.199,ipv4,ssh-brute-force,high,WHITE,blocklist.de/ssh|blocklist.de/all|ziyadnz/hourly-ipv4,blocklist.de|ssh|bot|irc-bot|brute-force|ziyadnz|hourly,2026-08-17T18:48:05Z,2026-08-17T18:48:05Z,
190.49.22.81,ipv4,ssh-brute-force,high,WHITE,blocklist.de/ssh|blocklist.de/all|ziyadnz/hourly-ipv4,blocklist.de|ssh|bot|irc-bot|brute-force|ziyadnz|hourly,2026-08-17T18:48:05Z,2026-08-17T18:48:05Z,
190.49.38.117,ipv4,ssh-brute-force,high,WHITE,blocklist.de/ssh|blocklist.de/all|ziyadnz/hourly-ipv4,blocklist.de|ssh|bot|irc-bot|brute-force|ziyadnz|hourly,2026-08-17T18:48:05Z,2026-08-17T18:48:05Z,
190.49.78.241,ipv4,ssh-brute-force,high,WHITE,blocklist.de/ssh|blocklist.de/all|ziyadnz/hourly-ipv4,blocklist.de|ssh|bot|irc-bot|brute-force|ziyadnz|hourly,2026-08-17T18:48:05Z,2026-08-17T18:48:05Z,
190.5.169.10,ipv4,ssh-brute-force,high,WHITE,blocklist.de/ssh|blocklist.de/all|ziyadnz/hourly-ipv4,blocklist.de|ssh|bot|irc-bot|brute-force|ziyadnz|hourly,2026-08-17T18:48:05Z,2026-08-17T18:48:05Z,
190.5.200.98,ipv4,ssh-brute-force,high,WHITE,blocklist.de/ssh|blocklist.de/all|ziyadnz/hourly-ipv4,blocklist.de|ssh|bot|irc-bot|brute-force|ziyadnz|hourly,2026-08-17T18:48:05Z,2026-08-17T18:48:05Z,
190.5.32.26,ipv4,ssh-brute-force,high,WHITE,blocklist.de/ssh|blocklist.de/all|ziyadnz/hourly-ipv4,blocklist.de|ssh|bot|irc-bot|brute-force|ziyadnz|hourly,2026-08-17T18:48:05Z,2026-08-17T18:48:05Z,
190.50.79.239,ipv4,ssh-brute-force,high,WHITE,blocklist.de/ssh|blocklist.de/all|ziyadnz/hourly-ipv4,blocklist.de|ssh|bot|irc-bot|brute-force|ziyadnz|hourly,2026-08-17T18:48:05Z,2026-08-17T18:48:05Z,
190.55.112.23,ipv4,ssh-brute-force,high,WHITE,blocklist.de/ssh|blocklist.de/all|ziyadnz/hourly-ipv4,blocklist.de|ssh|bot|irc-bot|brute-force|ziyadnz|hourly,2026-08-17T18:48:05Z,2026-08-17T18:48:05Z,
190.55.112.57,ipv4,ssh-brute-force,high,WHITE,blocklist.de/ssh|blocklist.de/all|ziyadnz/hourly-ipv4,blocklist.de|ssh|bot|irc-bot|brute-force|ziyadnz|hourly,2026-08-17T18:48:05Z,2026-08-17T18:48:05Z,
190.55.123.109,ipv4,ssh-brute-force,high,WHITE,blocklist.de/ssh|blocklist.de/all|ziyadnz/hourly-ipv4,blocklist.de|ssh|bot|irc-bot|brute-force|ziyadnz|hourly,2026-08-17T18:48:05Z,2026-08-17T18:48:05Z,
190.55.37.58,ipv4,ssh-brute-force,high,WHITE,blocklist.de/ssh|blocklist.de/all|ziyadnz/hourly-ipv4,blocklist.de|ssh|bot|irc-bot|brute-force|ziyadnz|hourly,2026-08-17T18:48:05Z,2026-08-17T18:48:05Z,
190.55.56.58,ipv4,ssh-brute-force,high,WHITE,blocklist.de/ssh|blocklist.de/all|ziyadnz/hourly-ipv4,blocklist.de|ssh|bot|irc-bot|brute-force|ziyadnz|hourly,2026-08-17T18:48:05Z,2026-08-17T18:48:05Z,
190.6.12.229,ipv4,ssh-brute-force,high,WHITE,blocklist.de/ssh|blocklist.de/all|ziyadnz/hourly-ipv4,blocklist.de|ssh|bot|irc-bot|brute-force|ziyadnz|hourly,2026-08-17T18:48:05Z,2026-08-17T18:48:05Z,
190.6.251.236,ipv4,ssh-brute-force,high,WHITE,blocklist.de/ssh|blocklist.de/all|ziyadnz/hourly-ipv4,blocklist.de|ssh|bot|irc-bot|brute-force|ziyadnz|hourly,2026-08-17T18:48:05Z,2026-08-17T18:48:05Z,
190.6.32.107,ipv4,ssh-brute-force,high,WHITE,blocklist.de/ssh|blocklist.de/all|ziyadnz/hourly-ipv4,blocklist.de|ssh|bot|irc-bot|brute-force|ziyadnz|hourly,2026-08-17T18:48:05Z,2026-08-17T18:48:05Z,
190.60.43.27,ipv4,ssh-brute-force,high,WHITE,blocklist.de/ssh|blocklist.de/all|ziyadnz/hourly-ipv4,blocklist.de|ssh|bot|irc-bot|brute-force|ziyadnz|hourly,2026-08-17T18:48:05Z,2026-08-17T18:48:05Z,
190.60.44.147,ipv4,ssh-brute-force,high,WHITE,blocklist.de/ssh|blocklist.de/all|ziyadnz/hourly-ipv4,blocklist.de|ssh|bot|irc-bot|brute-force|ziyadnz|hourly,2026-08-17T18:48:05Z,2026-08-17T18:48:05Z,
190.60.44.212,ipv4,ssh-brute-force,high,WHITE,blocklist.de/ssh|blocklist.de/all|ziyadnz/hourly-ipv4,blocklist.de|ssh|bot|irc-bot|brute-force|ziyadnz|hourly,2026-08-17T18:48:05Z,2026-08-17T18:48:05Z,
190.60.45.9,ipv4,ssh-brute-force,high,WHITE,blocklist.de/ssh|blocklist.de/all|ziyadnz/hourly-ipv4,blocklist.de|ssh|bot|irc-bot|brute-force|ziyadnz|hourly,2026-08-17T18:48:05Z,2026-08-17T18:48:05Z,
190.68.30.111,ipv4,ssh-brute-force,high,WHITE,blocklist.de/ssh|blocklist.de/all|ziyadnz/hourly-ipv4,blocklist.de|ssh|bot|irc-bot|brute-force|ziyadnz|hourly,2026-08-17T18:48:05Z,2026-08-17T18:48:05Z,
190.69.182.115,ipv4,ssh-brute-force,high,WHITE,blocklist.de/ssh|blocklist.de/all|ziyadnz/hourly-ipv4,blocklist.de|ssh|bot|irc-bot|brute-force|ziyadnz|hourly,2026-08-17T18:48:05Z,2026-08-17T18:48:05Z,
190.7.51.35,ipv4,ssh-brute-force,high,WHITE,blocklist.de/ssh|blocklist.de/all|ziyadnz/hourly-ipv4,blocklist.de|ssh|bot|irc-bot|brute-force|ziyadnz|hourly,2026-08-17T18:48:05Z,2026-08-17T18:48:05Z,
190.83.10.5,ipv4,ssh-brute-force,high,WHITE,blocklist.de/ssh|blocklist.de/all|ziyadnz/hourly-ipv4,blocklist.de|ssh|bot|irc-bot|brute-force|ziyadnz|hourly,2026-08-17T18:48:05Z,2026-08-17T18:48:05Z,
190.89.30.66,ipv4,ssh-brute-force,high,WHITE,blocklist.de/ssh|blocklist.de/all|ziyadnz/hourly-ipv4,blocklist.de|ssh|bot|irc-bot|brute-force|ziyadnz|hourly,2026-08-17T18:48:05Z,2026-08-17T18:48:05Z,
190.9.62.114,ipv4,ssh-brute-force,high,WHITE,blocklist.de/ssh|blocklist.de/all|ziyadnz/hourly-ipv4,blocklist.de|ssh|bot|irc-bot|brute-force|ziyadnz|hourly,2026-08-17T18:48:05Z,2026-08-17T18:48:05Z,
190.93.182.13,ipv4,ssh-brute-force,high,WHITE,blocklist.de/ssh|blocklist.de/all|ziyadnz/hourly-ipv4,blocklist.de|ssh|bot|irc-bot|brute-force|ziyadnz|hourly,2026-08-17T18:48:05Z,2026-08-17T18:48:05Z,
190.95.29.95,ipv4,ssh-brute-force,high,WHITE,blocklist.de/ssh|blocklist.de/all|ziyadnz/hourly-ipv4,blocklist.de|ssh|bot|irc-bot|brute-force|ziyadnz|hourly,2026-08-17T18:48:05Z,2026-08-17T18:48:05Z,
190.96.121.182,ipv4,ssh-brute-force,high,WHITE,blocklist.de/ssh|blocklist.de/all|ziyadnz/hourly-ipv4,blocklist.de|ssh|bot|irc-bot|brute-force|ziyadnz|hourly,2026-08-17T18:48:05Z,2026-08-17T18:48:05Z,
190.97.30.87,ipv4,ssh-brute-force,high,WHITE,blocklist.de/ssh|blocklist.de/all|ziyadnz/hourly-ipv4,blocklist.de|ssh|bot|irc-bot|brute-force|ziyadnz|hourly,2026-08-17T18:48:05Z,2026-08-17T18:48:05Z,
190.97.35.185,ipv4,ssh-brute-force,high,WHITE,blocklist.de/ssh|blocklist.de/all|ziyadnz/hourly-ipv4,blocklist.de|ssh|bot|irc-bot|brute-force|ziyadnz|hourly,2026-08-17T18:48:05Z,2026-08-17T18:48:05Z,
190.99.146.62,ipv4,ssh-brute-force,high,WHITE,blocklist.de/ssh|blocklist.de/all|ziyadnz/hourly-ipv4,blocklist.de|ssh|bot|irc-bot|brute-force|ziyadnz|hourly,2026-08-17T18:48:05Z,2026-08-17T18:48:05Z,
190.99.71.146,ipv4,ssh-brute-force,high,WHITE,blocklist.de/ssh|blocklist.de/all|ziyadnz/hourly-ipv4,blocklist.de|ssh|bot|irc-bot|brute-force|ziyadnz|hourly,2026-08-17T18:48:05Z,2026-08-17T18:48:05Z,
191.102.248.22,ipv4,ssh-brute-force,high,WHITE,blocklist.de/ssh|blocklist.de/all|ziyadnz/hourly-ipv4,blocklist.de|ssh|bot|irc-bot|brute-force|ziyadnz|hourly,2026-08-17T18:48:05Z,2026-08-17T18:48:05Z,
191.112.42.172,ipv4,ssh-brute-force,high,WHITE,blocklist.de/ssh|blocklist.de/all|ziyadnz/hourly-ipv4,blocklist.de|ssh|bot|irc-bot|brute-force|ziyadnz|hourly,2026-08-17T18:48:05Z,2026-08-17T18:48:05Z,
191.113.195.58,ipv4,ssh-brute-force,high,WHITE,blocklist.de/ssh|blocklist.de/all|ziyadnz/hourly-ipv4,blocklist.de|ssh|bot|irc-bot|brute-force|ziyadnz|hourly,2026-08-17T18:48:05Z,2026-08-17T18:48:05Z,
191.114.10.56,ipv4,ssh-brute-force,high,WHITE,blocklist.de/ssh|blocklist.de/all|ziyadnz/hourly-ipv4,blocklist.de|ssh|bot|irc-bot|brute-force|ziyadnz|hourly,2026-08-17T18:48:05Z,2026-08-17T18:48:05Z,
191.114.182.235,ipv4,ssh-brute-force,high,WHITE,blocklist.de/ssh|blocklist.de/all|ziyadnz/hourly-ipv4,blocklist.de|ssh|bot|irc-bot|brute-force|ziyadnz|hourly,2026-08-17T18:48:05Z,2026-08-17T18:48:05Z,
191.116.11.249,ipv4,ssh-brute-force,high,WHITE,blocklist.de/ssh|blocklist.de/all|ziyadnz/hourly-ipv4,blocklist.de|ssh|bot|irc-bot|brute-force|ziyadnz|hourly,2026-08-17T18:48:05Z,2026-08-17T18:48:05Z,
191.116.67.134,ipv4,ssh-brute-force,high,WHITE,blocklist.de/ssh|blocklist.de/all|ziyadnz/hourly-ipv4,blocklist.de|ssh|bot|irc-bot|brute-force|ziyadnz|hourly,2026-08-17T18:48:05Z,2026-08-17T18:48:05Z,
191.118.21.124,ipv4,ssh-brute-force,high,WHITE,blocklist.de/ssh|blocklist.de/all|ziyadnz/hourly-ipv4,blocklist.de|ssh|bot|irc-bot|brute-force|ziyadnz|hourly,2026-08-17T18:48:05Z,2026-08-17T18:48:05Z,
191.242.79.92,ipv4,ssh-brute-force,high,WHITE,blocklist.de/ssh|blocklist.de/all|ziyadnz/hourly-ipv4,blocklist.de|ssh|bot|irc-bot|brute-force|ziyadnz|hourly,2026-08-17T18:48:05Z,2026-08-17T18:48:05Z,
191.252.214.88,ipv4,ssh-brute-force,high,WHITE,blocklist.de/ssh|blocklist.de/all|ziyadnz/hourly-ipv4,blocklist.de|ssh|bot|irc-bot|brute-force|ziyadnz|hourly,2026-08-17T18:48:05Z,2026-08-17T18:48:05Z,
191.34.222.174,ipv4,ssh-brute-force,high,WHITE,blocklist.de/ssh|blocklist.de/all|ziyadnz/hourly-ipv4,blocklist.de|ssh|bot|irc-bot|brute-force|ziyadnz|hourly,2026-08-17T18:48:05Z,2026-08-17T18:48:05Z,
191.81.60.160,ipv4,ssh-brute-force,high,WHITE,blocklist.de/ssh|blocklist.de/all|ziyadnz/hourly-ipv4,blocklist.de|ssh|bot|irc-bot|brute-force|ziyadnz|hourly,2026-08-17T18:48:05Z,2026-08-17T18:48:05Z,
191.85.95.236,ipv4,ssh-brute-force,high,WHITE,blocklist.de/ssh|blocklist.de/all|ziyadnz/hourly-ipv4,blocklist.de|ssh|bot|irc-bot|brute-force|ziyadnz|hourly,2026-08-17T18:48:05Z,2026-08-17T18:48:05Z,
191.96.11.219,ipv4,ssh-brute-force,high,WHITE,blocklist.de/ssh|blocklist.de/all|ziyadnz/hourly-ipv4,blocklist.de|ssh|bot|irc-bot|brute-force|ziyadnz|hourly,2026-08-17T18:48:05Z,2026-08-17T18:48:05Z,
191.98.196.19,ipv4,ssh-brute-force,high,WHITE,blocklist.de/ssh|blocklist.de/all|ziyadnz/hourly-ipv4,blocklist.de|ssh|bot|irc-bot|brute-force|ziyadnz|hourly,2026-08-17T18:48:05Z,2026-08-17T18:48:05Z,
191.99.33.152,ipv4,ssh-brute-force,high,WHITE,blocklist.de/ssh|blocklist.de/all|ziyadnz/hourly-ipv4,blocklist.de|ssh|bot|irc-bot|brute-force|ziyadnz|hourly,2026-08-17T18:48:05Z,2026-08-17T18:48:05Z,
192.129.135.51,ipv4,ssh-brute-force,high,WHITE,blocklist.de/ssh|blocklist.de/all|ziyadnz/hourly-ipv4,blocklist.de|ssh|bot|irc-bot|brute-force|ziyadnz|hourly,2026-08-17T18:48:05Z,2026-08-17T18:48:05Z,
192.140.185.8,ipv4,ssh-brute-force,high,WHITE,blocklist.de/ssh|blocklist.de/all|ziyadnz/hourly-ipv4,blocklist.de|ssh|bot|irc-bot|brute-force|ziyadnz|hourly,2026-08-17T18:48:05Z,2026-08-17T18:48:05Z,
192.141.203.77,ipv4,ssh-brute-force,high,WHITE,blocklist.de/ssh|blocklist.de/all|ziyadnz/hourly-ipv4,blocklist.de|ssh|bot|irc-bot|brute-force|ziyadnz|hourly,2026-08-17T18:48:05Z,2026-08-17T18:48:05Z,
192.144.228.217,ipv4,ssh-brute-force,high,WHITE,blocklist.de/ssh|blocklist.de/all|ziyadnz/hourly-ipv4,blocklist.de|ssh|bot|irc-bot|brute-force|ziyadnz|hourly,2026-08-17T18:48:05Z,2026-08-17T18:48:05Z,
192.153.57.34,ipv4,ssh-brute-force,high,WHITE,blocklist.de/ssh|blocklist.de/all|ziyadnz/hourly-ipv4,blocklist.de|ssh|bot|irc-bot|brute-force|ziyadnz|hourly,2026-08-17T18:48:05Z,2026-08-17T18:48:05Z,
192.155.81.124,ipv4,ssh-brute-force,high,WHITE,blocklist.de/ssh|blocklist.de/all|ziyadnz/hourly-ipv4,blocklist.de|ssh|bot|irc-bot|brute-force|ziyadnz|hourly,2026-08-17T18:48:05Z,2026-08-17T18:48:05Z,
192.161.60.72,ipv4,ssh-brute-force,high,WHITE,blocklist.de/ssh|blocklist.de/all|ziyadnz/hourly-ipv4,blocklist.de|ssh|bot|irc-bot|brute-force|ziyadnz|hourly,2026-08-17T18:48:05Z,2026-08-17T18:48:05Z,
192.162.210.108,ipv4,ssh-brute-force,high,WHITE,blocklist.de/ssh|blocklist.de/all|ziyadnz/hourly-ipv4,blocklist.de|ssh|bot|irc-bot|brute-force|ziyadnz|hourly,2026-08-17T18:48:05Z,2026-08-17T18:48:05Z,
192.169.201.223,ipv4,ssh-brute-force,high,WHITE,blocklist.de/ssh|blocklist.de/all|ziyadnz/hourly-ipv4,blocklist.de|ssh|bot|irc-bot|brute-force|ziyadnz|hourly,2026-08-17T18:48:05Z,2026-08-17T18:48:05Z,
192.186.11.90,ipv4,ssh-brute-force,high,WHITE,blocklist.de/ssh|blocklist.de/all|ziyadnz/hourly-ipv4,blocklist.de|ssh|bot|irc-bot|brute-force|ziyadnz|hourly,2026-08-17T18:48:05Z,2026-08-17T18:48:05Z,
192.210.192.220,ipv4,ssh-brute-force,high,WHITE,blocklist.de/ssh|blocklist.de/all|ziyadnz/hourly-ipv4,blocklist.de|ssh|bot|irc-bot|brute-force|ziyadnz|hourly,2026-08-17T18:48:05Z,2026-08-17T18:48:05Z,
192.236.128.200,ipv4,ssh-brute-force,high,WHITE,blocklist.de/ssh|blocklist.de/all|ziyadnz/hourly-ipv4,blocklist.de|ssh|bot|irc-bot|brute-force|ziyadnz|hourly,2026-08-17T18:48:05Z,2026-08-17T18:48:05Z,
192.236.214.139,ipv4,ssh-brute-force,high,WHITE,blocklist.de/ssh|blocklist.de/all|ziyadnz/hourly-ipv4,blocklist.de|ssh|bot|irc-bot|brute-force|ziyadnz|hourly,2026-08-17T18:48:05Z,2026-08-17T18:48:05Z,
192.236.225.165,ipv4,ssh-brute-force,high,WHITE,blocklist.de/ssh|blocklist.de/all|ziyadnz/hourly-ipv4,blocklist.de|ssh|bot|irc-bot|brute-force|ziyadnz|hourly,2026-08-17T18:48:05Z,2026-08-17T18:48:05Z,
192.241.179.235,ipv4,ssh-brute-force,high,WHITE,blocklist.de/ssh|blocklist.de/all|ziyadnz/hourly-ipv4,blocklist.de|ssh|bot|irc-bot|brute-force|ziyadnz|hourly,2026-08-17T18:48:05Z,2026-08-17T18:48:05Z,
192.248.150.180,ipv4,ssh-brute-force,high,WHITE,blocklist.de/ssh|blocklist.de/all|ziyadnz/hourly-ipv4,blocklist.de|ssh|bot|irc-bot|brute-force|ziyadnz|hourly,2026-08-17T18:48:05Z,2026-08-17T18:48:05Z,
192.248.66.39,ipv4,ssh-brute-force,high,WHITE,blocklist.de/ssh|blocklist.de/all|ziyadnz/hourly-ipv4,blocklist.de|ssh|bot|irc-bot|brute-force|ziyadnz|hourly,2026-08-17T18:48:05Z,2026-08-17T18:48:05Z,
192.252.215.125,ipv4,ssh-brute-force,high,WHITE,blocklist.de/ssh|blocklist.de/all|ziyadnz/hourly-ipv4,blocklist.de|ssh|bot|irc-bot|brute-force|ziyadnz|hourly,2026-08-17T18:48:05Z,2026-08-17T18:48:05Z,
192.253.248.229,ipv4,ssh-brute-force,high,WHITE,blocklist.de/ssh|blocklist.de/all|ziyadnz/hourly-ipv4,blocklist.de|ssh|bot|irc-bot|brute-force|ziyadnz|hourly,2026-08-17T18:48:05Z,2026-08-17T18:48:05Z,
192.3.108.115,ipv4,ssh-brute-force,high,WHITE,blocklist.de/ssh|blocklist.de/all|ziyadnz/hourly-ipv4,blocklist.de|ssh|bot|irc-bot|brute-force|ziyadnz|hourly,2026-08-17T18:48:05Z,2026-08-17T18:48:05Z,
192.3.176.32,ipv4,ssh-brute-force,high,WHITE,blocklist.de/ssh|blocklist.de/all|ziyadnz/hourly-ipv4,blocklist.de|ssh|bot|irc-bot|brute-force|ziyadnz|hourly,2026-08-17T18:48:05Z,2026-08-17T18:48:05Z,
192.3.219.124,ipv4,ssh-brute-force,high,WHITE,blocklist.de/ssh|blocklist.de/all|ziyadnz/hourly-ipv4,blocklist.de|ssh|bot|irc-bot|brute-force|ziyadnz|hourly,2026-08-17T18:48:05Z,2026-08-17T18:48:05Z,
192.3.249.145,ipv4,ssh-brute-force,high,WHITE,blocklist.de/ssh|blocklist.de/all|ziyadnz/hourly-ipv4,blocklist.de|ssh|bot|irc-bot|brute-force|ziyadnz|hourly,2026-08-17T18:48:05Z,2026-08-17T18:48:05Z,
192.3.251.33,ipv4,ssh-brute-force,high,WHITE,blocklist.de/ssh|blocklist.de/all|ziyadnz/hourly-ipv4,blocklist.de|ssh|bot|irc-bot|brute-force|ziyadnz|hourly,2026-08-17T18:48:05Z,2026-08-17T18:48:05Z,
192.3.96.60,ipv4,ssh-brute-force,high,WHITE,blocklist.de/ssh|blocklist.de/all|ziyadnz/hourly-ipv4,blocklist.de|ssh|bot|irc-bot|brute-force|ziyadnz|hourly,2026-08-17T18:48:05Z,2026-08-17T18:48:05Z,
192.34.60.235,ipv4,ssh-brute-force,high,WHITE,blocklist.de/ssh|blocklist.de/all|ziyadnz/hourly-ipv4,blocklist.de|ssh|bot|irc-bot|brute-force|ziyadnz|hourly,2026-08-17T18:48:05Z,2026-08-17T18:48:05Z,
192.81.219.179,ipv4,ssh-brute-force,high,WHITE,blocklist.de/ssh|blocklist.de/all|ziyadnz/hourly-ipv4,blocklist.de|ssh|bot|irc-bot|brute-force|ziyadnz|hourly,2026-08-17T18:48:05Z,2026-08-17T18:48:05Z,
193.123.109.31,ipv4,ssh-brute-force,high,WHITE,blocklist.de/ssh|blocklist.de/all|ziyadnz/hourly-ipv4,blocklist.de|ssh|bot|irc-bot|brute-force|ziyadnz|hourly,2026-08-17T18:48:05Z,2026-08-17T18:48:05Z,
193.141.65.199,ipv4,ssh-brute-force,high,WHITE,blocklist.de/ssh|blocklist.de/all|ziyadnz/hourly-ipv4,blocklist.de|ssh|bot|irc-bot|brute-force|ziyadnz|hourly,2026-08-17T18:48:05Z,2026-08-17T18:48:05Z,
193.151.199.127,ipv4,ssh-brute-force,high,WHITE,blocklist.de/ssh|blocklist.de/all|ziyadnz/hourly-ipv4,blocklist.de|ssh|bot|irc-bot|brute-force|ziyadnz|hourly,2026-08-17T18:48:05Z,2026-08-17T18:48:05Z,
193.163.125.141,ipv4,ssh-brute-force,high,WHITE,blocklist.de/ssh|blocklist.de/all|ziyadnz/hourly-ipv4,blocklist.de|ssh|bot|irc-bot|brute-force|ziyadnz|hourly,2026-08-17T18:48:05Z,2026-08-17T18:48:05Z,
193.163.125.254,ipv4,ssh-brute-force,high,WHITE,blocklist.de/ssh|blocklist.de/all|ziyadnz/hourly-ipv4,blocklist.de|ssh|bot|irc-bot|brute-force|ziyadnz|hourly,2026-08-17T18:48:05Z,2026-08-17T18:48:05Z,
193.163.187.107,ipv4,ssh-brute-force,high,WHITE,blocklist.de/ssh|blocklist.de/all|ziyadnz/hourly-ipv4,blocklist.de|ssh|bot|irc-bot|brute-force|ziyadnz|hourly,2026-08-17T18:48:05Z,2026-08-17T18:48:05Z,
193.163.187.123,ipv4,ssh-brute-force,high,WHITE,blocklist.de/ssh|blocklist.de/all|ziyadnz/hourly-ipv4,blocklist.de|ssh|bot|irc-bot|brute-force|ziyadnz|hourly,2026-08-17T18:48:05Z,2026-08-17T18:48:05Z,
193.163.187.66,ipv4,ssh-brute-force,high,WHITE,blocklist.de/ssh|blocklist.de/all|ziyadnz/hourly-ipv4,blocklist.de|ssh|bot|irc-bot|brute-force|ziyadnz|hourly,2026-08-17T18:48:05Z,2026-08-17T18:48:05Z,
193.227.114.71,ipv4,ssh-brute-force,high,WHITE,blocklist.de/ssh|blocklist.de/all|ziyadnz/hourly-ipv4,blocklist.de|ssh|bot|irc-bot|brute-force|ziyadnz|hourly,2026-08-17T18:48:05Z,2026-08-17T18:48:05Z,
193.233.48.169,ipv4,ssh-brute-force,high,WHITE,blocklist.de/ssh|blocklist.de/all|ziyadnz/hourly-ipv4,blocklist.de|ssh|bot|irc-bot|brute-force|ziyadnz|hourly,2026-08-17T18:48:05Z,2026-08-17T18:48:05Z,
193.24.126.228,ipv4,ssh-brute-force,high,WHITE,blocklist.de/ssh|blocklist.de/all|ziyadnz/hourly-ipv4,blocklist.de|ssh|bot|irc-bot|brute-force|ziyadnz|hourly,2026-08-17T18:48:05Z,2026-08-17T18:48:05Z,
193.24.211.204,ipv4,ssh-brute-force,high,WHITE,blocklist.de/ssh|blocklist.de/all|ziyadnz/hourly-ipv4,blocklist.de|ssh|bot|irc-bot|brute-force|ziyadnz|hourly,2026-08-17T18:48:05Z,2026-08-17T18:48:05Z,
193.242.163.26,ipv4,ssh-brute-force,high,WHITE,blocklist.de/ssh|blocklist.de/all|ziyadnz/hourly-ipv4,blocklist.de|ssh|bot|irc-bot|brute-force|ziyadnz|hourly,2026-08-17T18:48:05Z,2026-08-17T18:48:05Z,
193.27.14.243,ipv4,ssh-brute-force,high,WHITE,blocklist.de/ssh|blocklist.de/all|ziyadnz/hourly-ipv4,blocklist.de|ssh|bot|irc-bot|brute-force|ziyadnz|hourly,2026-08-17T18:48:05Z,2026-08-17T18:48:05Z,
193.32.162.15,ipv4,ssh-brute-force,high,WHITE,blocklist.de/ssh|blocklist.de/all|ziyadnz/hourly-ipv4,blocklist.de|ssh|bot|irc-bot|brute-force|ziyadnz|hourly,2026-08-17T18:48:05Z,2026-08-17T18:48:05Z,
193.32.162.34,ipv4,ssh-brute-force,high,WHITE,blocklist.de/ssh|blocklist.de/all|ziyadnz/hourly-ipv4,blocklist.de|ssh|bot|irc-bot|brute-force|ziyadnz|hourly,2026-08-17T18:48:05Z,2026-08-17T18:48:05Z,
193.32.162.42,ipv4,ssh-brute-force,high,WHITE,blocklist.de/ssh|blocklist.de/all|ziyadnz/hourly-ipv4,blocklist.de|ssh|bot|irc-bot|brute-force|ziyadnz|hourly,2026-08-17T18:48:05Z,2026-08-17T18:48:05Z,
193.32.21.151,ipv4,ssh-brute-force,high,WHITE,blocklist.de/ssh|blocklist.de/all|ziyadnz/hourly-ipv4,blocklist.de|ssh|bot|irc-bot|brute-force|ziyadnz|hourly,2026-08-17T18:48:05Z,2026-08-17T18:48:05Z,
193.32.21.185,ipv4,ssh-brute-force,high,WHITE,blocklist.de/ssh|blocklist.de/all|ziyadnz/hourly-ipv4,blocklist.de|ssh|bot|irc-bot|brute-force|ziyadnz|hourly,2026-08-17T18:48:05Z,2026-08-17T18:48:05Z,
193.32.70.42,ipv4,ssh-brute-force,high,WHITE,blocklist.de/ssh|blocklist.de/all|ziyadnz/hourly-ipv4,blocklist.de|ssh|bot|irc-bot|brute-force|ziyadnz|hourly,2026-08-17T18:48:05Z,2026-08-17T18:48:05Z,
193.36.118.219,ipv4,ssh-brute-force,medium,WHITE,blocklist.de/ssh|blocklist.de/all,blocklist.de|ssh|bot|irc-bot|brute-force|ziyadnz|hourly,2026-08-17T18:48:05Z,2026-08-17T18:48:05Z,
193.42.11.28,ipv4,ssh-brute-force,high,WHITE,blocklist.de/ssh|blocklist.de/all|ziyadnz/hourly-ipv4,blocklist.de|ssh|bot|irc-bot|brute-force|ziyadnz|hourly,2026-08-17T18:48:05Z,2026-08-17T18:48:05Z,
193.47.42.158,ipv4,ssh-brute-force,high,WHITE,blocklist.de/ssh|blocklist.de/all|ziyadnz/hourly-ipv4,blocklist.de|ssh|bot|irc-bot|brute-force|ziyadnz|hourly,2026-08-17T18:48:05Z,2026-08-17T18:48:05Z,
193.89.248.38,ipv4,ssh-brute-force,high,WHITE,blocklist.de/ssh|blocklist.de/all|ziyadnz/hourly-ipv4,blocklist.de|ssh|bot|irc-bot|brute-force|ziyadnz|hourly,2026-08-17T18:48:05Z,2026-08-17T18:48:05Z,
193.93.230.134,ipv4,ssh-brute-force,high,WHITE,blocklist.de/ssh|blocklist.de/all|ziyadnz/hourly-ipv4,blocklist.de|ssh|bot|irc-bot|brute-force|ziyadnz|hourly,2026-08-17T18:48:05Z,2026-08-17T18:48:05Z,
193.95.2.161,ipv4,ssh-brute-force,high,WHITE,blocklist.de/ssh|blocklist.de/all|ziyadnz/hourly-ipv4,blocklist.de|ssh|bot|irc-bot|brute-force|ziyadnz|hourly,2026-08-17T18:48:05Z,2026-08-17T18:48:05Z,
193.95.2.247,ipv4,ssh-brute-force,high,WHITE,blocklist.de/ssh|blocklist.de/all|ziyadnz/hourly-ipv4,blocklist.de|ssh|bot|irc-bot|brute-force|ziyadnz|hourly,2026-08-17T18:48:05Z,2026-08-17T18:48:05Z,
194.113.195.96,ipv4,ssh-brute-force,high,WHITE,blocklist.de/ssh|blocklist.de/all|ziyadnz/hourly-ipv4,blocklist.de|ssh|bot|irc-bot|brute-force|ziyadnz|hourly,2026-08-17T18:48:05Z,2026-08-17T18:48:05Z,
194.163.188.242,ipv4,ssh-brute-force,high,WHITE,blocklist.de/ssh|blocklist.de/all|ziyadnz/hourly-ipv4,blocklist.de|ssh|bot|irc-bot|brute-force|ziyadnz|hourly,2026-08-17T18:48:05Z,2026-08-17T18:48:05Z,
194.164.161.171,ipv4,ssh-brute-force,high,WHITE,blocklist.de/ssh|blocklist.de/all|ziyadnz/hourly-ipv4,blocklist.de|ssh|bot|irc-bot|brute-force|ziyadnz|hourly,2026-08-17T18:48:05Z,2026-08-17T18:48:05Z,
194.164.59.59,ipv4,ssh-brute-force,high,WHITE,blocklist.de/ssh|blocklist.de/all|ziyadnz/hourly-ipv4,blocklist.de|ssh|bot|irc-bot|brute-force|ziyadnz|hourly,2026-08-17T18:48:05Z,2026-08-17T18:48:05Z,
194.180.176.29,ipv4,ssh-brute-force,high,WHITE,blocklist.de/ssh|blocklist.de/all|ziyadnz/hourly-ipv4,blocklist.de|ssh|bot|irc-bot|brute-force|ziyadnz|hourly,2026-08-17T18:48:05Z,2026-08-17T18:48:05Z,
194.195.210.47,ipv4,ssh-brute-force,high,WHITE,blocklist.de/ssh|blocklist.de/all|ziyadnz/hourly-ipv4,blocklist.de|ssh|bot|irc-bot|brute-force|ziyadnz|hourly,2026-08-17T18:48:05Z,2026-08-17T18:48:05Z,
194.225.131.66,ipv4,ssh-brute-force,high,WHITE,blocklist.de/ssh|blocklist.de/all|ziyadnz/hourly-ipv4,blocklist.de|ssh|bot|irc-bot|brute-force|ziyadnz|hourly,2026-08-17T18:48:05Z,2026-08-17T18:48:05Z,
194.233.86.248,ipv4,ssh-brute-force,high,WHITE,blocklist.de/ssh|blocklist.de/all|ziyadnz/hourly-ipv4,blocklist.de|ssh|bot|irc-bot|brute-force|ziyadnz|hourly,2026-08-17T18:48:05Z,2026-08-17T18:48:05Z,
194.32.242.157,ipv4,ssh-brute-force,high,WHITE,blocklist.de/ssh|blocklist.de/all|ziyadnz/hourly-ipv4,blocklist.de|ssh|bot|irc-bot|brute-force|ziyadnz|hourly,2026-08-17T18:48:05Z,2026-08-17T18:48:05Z,
194.42.113.65,ipv4,ssh-brute-force,medium,WHITE,blocklist.de/ssh|blocklist.de/all,blocklist.de|ssh|bot|irc-bot|brute-force|ziyadnz|hourly,2026-08-17T18:48:05Z,2026-08-17T18:48:05Z,
194.44.39.52,ipv4,ssh-brute-force,high,WHITE,blocklist.de/ssh|blocklist.de/all|ziyadnz/hourly-ipv4,blocklist.de|ssh|bot|irc-bot|brute-force|ziyadnz|hourly,2026-08-17T18:48:05Z,2026-08-17T18:48:05Z,
194.44.90.140,ipv4,ssh-brute-force,high,WHITE,blocklist.de/ssh|blocklist.de/all|ziyadnz/hourly-ipv4,blocklist.de|ssh|bot|irc-bot|brute-force|ziyadnz|hourly,2026-08-17T18:48:05Z,2026-08-17T18:48:05Z,
194.5.178.164,ipv4,ssh-brute-force,high,WHITE,blocklist.de/ssh|blocklist.de/all|ziyadnz/hourly-ipv4,blocklist.de|ssh|bot|irc-bot|brute-force|ziyadnz|hourly,2026-08-17T18:48:05Z,2026-08-17T18:48:05Z,
194.60.254.93,ipv4,ssh-brute-force,high,WHITE,blocklist.de/ssh|blocklist.de/all|ziyadnz/hourly-ipv4,blocklist.de|ssh|bot|irc-bot|brute-force|ziyadnz|hourly,2026-08-17T18:48:05Z,2026-08-17T18:48:05Z,
194.88.153.159,ipv4,ssh-brute-force,high,WHITE,blocklist.de/ssh|blocklist.de/all|ziyadnz/hourly-ipv4,blocklist.de|ssh|bot|irc-bot|brute-force|ziyadnz|hourly,2026-08-17T18:48:05Z,2026-08-17T18:48:05Z,
195.140.224.214,ipv4,ssh-brute-force,high,WHITE,blocklist.de/ssh|blocklist.de/all|ziyadnz/hourly-ipv4,blocklist.de|ssh|bot|irc-bot|brute-force|ziyadnz|hourly,2026-08-17T18:48:05Z,2026-08-17T18:48:05Z,
195.142.16.88,ipv4,ssh-brute-force,high,WHITE,blocklist.de/ssh|blocklist.de/all|ziyadnz/hourly-ipv4,blocklist.de|ssh|bot|irc-bot|brute-force|ziyadnz|hourly,2026-08-17T18:48:05Z,2026-08-17T18:48:05Z,
195.161.41.69,ipv4,ssh-brute-force,high,WHITE,blocklist.de/ssh|blocklist.de/all|ziyadnz/hourly-ipv4,blocklist.de|ssh|bot|irc-bot|brute-force|ziyadnz|hourly,2026-08-17T18:48:05Z,2026-08-17T18:48:05Z,
195.161.62.230,ipv4,ssh-brute-force,high,WHITE,blocklist.de/ssh|blocklist.de/all|ziyadnz/hourly-ipv4,blocklist.de|ssh|bot|irc-bot|brute-force|ziyadnz|hourly,2026-08-17T18:48:05Z,2026-08-17T18:48:05Z,
195.178.110.217,ipv4,ssh-brute-force,high,WHITE,blocklist.de/ssh|blocklist.de/all|ziyadnz/hourly-ipv4,blocklist.de|ssh|bot|irc-bot|brute-force|ziyadnz|hourly,2026-08-17T18:48:05Z,2026-08-17T18:48:05Z,
195.178.110.227,ipv4,ssh-brute-force,high,WHITE,blocklist.de/ssh|blocklist.de/all|ziyadnz/hourly-ipv4,blocklist.de|ssh|bot|irc-bot|brute-force|ziyadnz|hourly,2026-08-17T18:48:05Z,2026-08-17T18:48:05Z,
195.178.110.228,ipv4,ssh-brute-force,high,WHITE,blocklist.de/ssh|blocklist.de/all|ziyadnz/hourly-ipv4,blocklist.de|ssh|bot|irc-bot|brute-force|ziyadnz|hourly,2026-08-17T18:48:05Z,2026-08-17T18:48:05Z,
195.199.210.194,ipv4,ssh-brute-force,high,WHITE,blocklist.de/ssh|blocklist.de/all|ziyadnz/hourly-ipv4,blocklist.de|ssh|bot|irc-bot|brute-force|ziyadnz|hourly,2026-08-17T18:48:05Z,2026-08-17T18:48:05Z,
195.211.253.96,ipv4,ssh-brute-force,high,WHITE,blocklist.de/ssh|blocklist.de/all|ziyadnz/hourly-ipv4,blocklist.de|ssh|bot|irc-bot|brute-force|ziyadnz|hourly,2026-08-17T18:48:05Z,2026-08-17T18:48:05Z,
195.46.162.60,ipv4,ssh-brute-force,high,WHITE,blocklist.de/ssh|blocklist.de/all|ziyadnz/hourly-ipv4,blocklist.de|ssh|bot|irc-bot|brute-force|ziyadnz|hourly,2026-08-17T18:48:05Z,2026-08-17T18:48:05Z,
195.62.48.82,ipv4,ssh-brute-force,high,WHITE,blocklist.de/ssh|blocklist.de/all|ziyadnz/hourly-ipv4,blocklist.de|ssh|bot|irc-bot|brute-force|ziyadnz|hourly,2026-08-17T18:48:05Z,2026-08-17T18:48:05Z,
195.96.139.106,ipv4,ssh-brute-force,high,WHITE,blocklist.de/ssh|blocklist.de/all|ziyadnz/hourly-ipv4,blocklist.de|ssh|bot|irc-bot|brute-force|ziyadnz|hourly,2026-08-17T18:48:05Z,2026-08-17T18:48:05Z,
195.96.139.108,ipv4,ssh-brute-force,high,WHITE,blocklist.de/ssh|blocklist.de/all|ziyadnz/hourly-ipv4,blocklist.de|ssh|bot|irc-bot|brute-force|ziyadnz|hourly,2026-08-17T18:48:05Z,2026-08-17T18:48:05Z,
195.96.139.14,ipv4,ssh-brute-force,high,WHITE,blocklist.de/ssh|blocklist.de/all|ziyadnz/hourly-ipv4,blocklist.de|ssh|bot|irc-bot|brute-force|ziyadnz|hourly,2026-08-17T18:48:05Z,2026-08-17T18:48:05Z,
195.96.139.148,ipv4,ssh-brute-force,high,WHITE,blocklist.de/ssh|blocklist.de/all|ziyadnz/hourly-ipv4,blocklist.de|ssh|bot|irc-bot|brute-force|ziyadnz|hourly,2026-08-17T18:48:05Z,2026-08-17T18:48:05Z,
195.96.139.157,ipv4,ssh-brute-force,high,WHITE,blocklist.de/ssh|blocklist.de/all|ziyadnz/hourly-ipv4,blocklist.de|ssh|bot|irc-bot|brute-force|ziyadnz|hourly,2026-08-17T18:48:05Z,2026-08-17T18:48:05Z,
195.96.139.163,ipv4,ssh-brute-force,high,WHITE,blocklist.de/ssh|blocklist.de/all|ziyadnz/hourly-ipv4,blocklist.de|ssh|bot|irc-bot|brute-force|ziyadnz|hourly,2026-08-17T18:48:05Z,2026-08-17T18:48:05Z,
195.96.139.190,ipv4,ssh-brute-force,high,WHITE,blocklist.de/ssh|blocklist.de/all|ziyadnz/hourly-ipv4,blocklist.de|ssh|bot|irc-bot|brute-force|ziyadnz|hourly,2026-08-17T18:48:05Z,2026-08-17T18:48:05Z,
195.96.139.197,ipv4,ssh-brute-force,high,WHITE,blocklist.de/ssh|blocklist.de/all|ziyadnz/hourly-ipv4,blocklist.de|ssh|bot|irc-bot|brute-force|ziyadnz|hourly,2026-08-17T18:48:05Z,2026-08-17T18:48:05Z,
195.96.139.204,ipv4,ssh-brute-force,high,WHITE,blocklist.de/ssh|blocklist.de/all|ziyadnz/hourly-ipv4,blocklist.de|ssh|bot|irc-bot|brute-force|ziyadnz|hourly,2026-08-17T18:48:05Z,2026-08-17T18:48:05Z,
195.96.139.206,ipv4,ssh-brute-force,high,WHITE,blocklist.de/ssh|blocklist.de/all|ziyadnz/hourly-ipv4,blocklist.de|ssh|bot|irc-bot|brute-force|ziyadnz|hourly,2026-08-17T18:48:05Z,2026-08-17T18:48:05Z,
195.96.139.21,ipv4,ssh-brute-force,high,WHITE,blocklist.de/ssh|blocklist.de/all|ziyadnz/hourly-ipv4,blocklist.de|ssh|bot|irc-bot|brute-force|ziyadnz|hourly,2026-08-17T18:48:05Z,2026-08-17T18:48:05Z,
195.96.139.212,ipv4,ssh-brute-force,high,WHITE,blocklist.de/ssh|blocklist.de/all|ziyadnz/hourly-ipv4,blocklist.de|ssh|bot|irc-bot|brute-force|ziyadnz|hourly,2026-08-17T18:48:05Z,2026-08-17T18:48:05Z,
195.96.139.240,ipv4,ssh-brute-force,high,WHITE,blocklist.de/ssh|blocklist.de/all|ziyadnz/hourly-ipv4,blocklist.de|ssh|bot|irc-bot|brute-force|ziyadnz|hourly,2026-08-17T18:48:05Z,2026-08-17T18:48:05Z,
195.96.139.243,ipv4,ssh-brute-force,high,WHITE,blocklist.de/ssh|blocklist.de/all|ziyadnz/hourly-ipv4,blocklist.de|ssh|bot|irc-bot|brute-force|ziyadnz|hourly,2026-08-17T18:48:05Z,2026-08-17T18:48:05Z,
195.96.139.247,ipv4,ssh-brute-force,high,WHITE,blocklist.de/ssh|blocklist.de/all|ziyadnz/hourly-ipv4,blocklist.de|ssh|bot|irc-bot|brute-force|ziyadnz|hourly,2026-08-17T18:48:05Z,2026-08-17T18:48:05Z,
195.96.139.46,ipv4,ssh-brute-force,high,WHITE,blocklist.de/ssh|blocklist.de/all|ziyadnz/hourly-ipv4,blocklist.de|ssh|bot|irc-bot|brute-force|ziyadnz|hourly,2026-08-17T18:48:05Z,2026-08-17T18:48:05Z,
195.96.139.48,ipv4,ssh-brute-force,high,WHITE,blocklist.de/ssh|blocklist.de/all|ziyadnz/hourly-ipv4,blocklist.de|ssh|bot|irc-bot|brute-force|ziyadnz|hourly,2026-08-17T18:48:05Z,2026-08-17T18:48:05Z,
195.96.139.79,ipv4,ssh-brute-force,high,WHITE,blocklist.de/ssh|blocklist.de/all|ziyadnz/hourly-ipv4,blocklist.de|ssh|bot|irc-bot|brute-force|ziyadnz|hourly,2026-08-17T18:48:05Z,2026-08-17T18:48:05Z,
196.115.91.2,ipv4,ssh-brute-force,high,WHITE,blocklist.de/ssh|blocklist.de/all|ziyadnz/hourly-ipv4,blocklist.de|ssh|bot|irc-bot|brute-force|ziyadnz|hourly,2026-08-17T18:48:05Z,2026-08-17T18:48:05Z,
196.171.84.114,ipv4,ssh-brute-force,high,WHITE,blocklist.de/ssh|blocklist.de/all|ziyadnz/hourly-ipv4,blocklist.de|ssh|bot|irc-bot|brute-force|ziyadnz|hourly,2026-08-17T18:48:05Z,2026-08-17T18:48:05Z,
196.189.155.89,ipv4,ssh-brute-force,high,WHITE,blocklist.de/ssh|blocklist.de/all|ziyadnz/hourly-ipv4,blocklist.de|ssh|bot|irc-bot|brute-force|ziyadnz|hourly,2026-08-17T18:48:05Z,2026-08-17T18:48:05Z,
196.191.212.112,ipv4,ssh-brute-force,high,WHITE,blocklist.de/ssh|blocklist.de/all|ziyadnz/hourly-ipv4,blocklist.de|ssh|bot|irc-bot|brute-force|ziyadnz|hourly,2026-08-17T18:48:05Z,2026-08-17T18:48:05Z,
196.192.181.202,ipv4,ssh-brute-force,high,WHITE,blocklist.de/ssh|blocklist.de/all|ziyadnz/hourly-ipv4,blocklist.de|ssh|bot|irc-bot|brute-force|ziyadnz|hourly,2026-08-17T18:48:05Z,2026-08-17T18:48:05Z,
196.196.150.100,ipv4,ssh-brute-force,high,WHITE,blocklist.de/ssh|blocklist.de/all|ziyadnz/hourly-ipv4,blocklist.de|ssh|bot|irc-bot|brute-force|ziyadnz|hourly,2026-08-17T18:48:05Z,2026-08-17T18:48:05Z,
196.196.150.124,ipv4,ssh-brute-force,high,WHITE,blocklist.de/ssh|blocklist.de/all|ziyadnz/hourly-ipv4,blocklist.de|ssh|bot|irc-bot|brute-force|ziyadnz|hourly,2026-08-17T18:48:05Z,2026-08-17T18:48:05Z,
196.196.150.4,ipv4,ssh-brute-force,high,WHITE,blocklist.de/ssh|blocklist.de/all|ziyadnz/hourly-ipv4,blocklist.de|ssh|bot|irc-bot|brute-force|ziyadnz|hourly,2026-08-17T18:48:05Z,2026-08-17T18:48:05Z,
196.196.150.5,ipv4,ssh-brute-force,high,WHITE,blocklist.de/ssh|blocklist.de/all|ziyadnz/hourly-ipv4,blocklist.de|ssh|bot|irc-bot|brute-force|ziyadnz|hourly,2026-08-17T18:48:05Z,2026-08-17T18:48:05Z,
196.196.150.99,ipv4,ssh-brute-force,high,WHITE,blocklist.de/ssh|blocklist.de/all|ziyadnz/hourly-ipv4,blocklist.de|ssh|bot|irc-bot|brute-force|ziyadnz|hourly,2026-08-17T18:48:05Z,2026-08-17T18:48:05Z,
196.210.195.120,ipv4,ssh-brute-force,high,WHITE,blocklist.de/ssh|blocklist.de/all|ziyadnz/hourly-ipv4,blocklist.de|ssh|bot|irc-bot|brute-force|ziyadnz|hourly,2026-08-17T18:48:05Z,2026-08-17T18:48:05Z,
196.224.129.130,ipv4,ssh-brute-force,high,WHITE,blocklist.de/ssh|blocklist.de/all|ziyadnz/hourly-ipv4,blocklist.de|ssh|bot|irc-bot|brute-force|ziyadnz|hourly,2026-08-17T18:48:05Z,2026-08-17T18:48:05Z,
196.235.181.97,ipv4,ssh-brute-force,high,WHITE,blocklist.de/ssh|blocklist.de/all|ziyadnz/hourly-ipv4,blocklist.de|ssh|bot|irc-bot|brute-force|ziyadnz|hourly,2026-08-17T18:48:05Z,2026-08-17T18:48:05Z,
196.251.121.98,ipv4,ssh-brute-force,high,WHITE,blocklist.de/ssh|blocklist.de/all|ziyadnz/hourly-ipv4,blocklist.de|ssh|bot|irc-bot|brute-force|ziyadnz|hourly,2026-08-17T18:48:05Z,2026-08-17T18:48:05Z,
196.39.126.52,ipv4,ssh-brute-force,high,WHITE,blocklist.de/ssh|blocklist.de/all|ziyadnz/hourly-ipv4,blocklist.de|ssh|bot|irc-bot|brute-force|ziyadnz|hourly,2026-08-17T18:48:05Z,2026-08-17T18:48:05Z,
196.39.249.89,ipv4,ssh-brute-force,high,WHITE,blocklist.de/ssh|blocklist.de/all|ziyadnz/hourly-ipv4,blocklist.de|ssh|bot|irc-bot|brute-force|ziyadnz|hourly,2026-08-17T18:48:05Z,2026-08-17T18:48:05Z,
197.101.219.71,ipv4,ssh-brute-force,high,WHITE,blocklist.de/ssh|blocklist.de/all|ziyadnz/hourly-ipv4,blocklist.de|ssh|bot|irc-bot|brute-force|ziyadnz|hourly,2026-08-17T18:48:05Z,2026-08-17T18:48:05Z,
197.2.206.106,ipv4,ssh-brute-force,high,WHITE,blocklist.de/ssh|blocklist.de/all|ziyadnz/hourly-ipv4,blocklist.de|ssh|bot|irc-bot|brute-force|ziyadnz|hourly,2026-08-17T18:48:05Z,2026-08-17T18:48:05Z,
197.220.92.185,ipv4,ssh-brute-force,high,WHITE,blocklist.de/ssh|blocklist.de/all|ziyadnz/hourly-ipv4,blocklist.de|ssh|bot|irc-bot|brute-force|ziyadnz|hourly,2026-08-17T18:48:05Z,2026-08-17T18:48:05Z,
197.221.251.60,ipv4,ssh-brute-force,high,WHITE,blocklist.de/ssh|blocklist.de/all|ziyadnz/hourly-ipv4,blocklist.de|ssh|bot|irc-bot|brute-force|ziyadnz|hourly,2026-08-17T18:48:05Z,2026-08-17T18:48:05Z,
197.225.146.23,ipv4,ssh-brute-force,high,WHITE,blocklist.de/ssh|blocklist.de/all|ziyadnz/hourly-ipv4,blocklist.de|ssh|bot|irc-bot|brute-force|ziyadnz|hourly,2026-08-17T18:48:05Z,2026-08-17T18:48:05Z,
197.243.14.52,ipv4,ssh-brute-force,high,WHITE,blocklist.de/ssh|blocklist.de/all|ziyadnz/hourly-ipv4,blocklist.de|ssh|bot|irc-bot|brute-force|ziyadnz|hourly,2026-08-17T18:48:05Z,2026-08-17T18:48:05Z,
197.248.15.98,ipv4,ssh-brute-force,high,WHITE,blocklist.de/ssh|blocklist.de/all|ziyadnz/hourly-ipv4,blocklist.de|ssh|bot|irc-bot|brute-force|ziyadnz|hourly,2026-08-17T18:48:05Z,2026-08-17T18:48:05Z,
197.248.207.138,ipv4,ssh-brute-force,high,WHITE,blocklist.de/ssh|blocklist.de/all|ziyadnz/hourly-ipv4,blocklist.de|ssh|bot|irc-bot|brute-force|ziyadnz|hourly,2026-08-17T18:48:05Z,2026-08-17T18:48:05Z,
197.248.207.139,ipv4,ssh-brute-force,high,WHITE,blocklist.de/ssh|blocklist.de/all|ziyadnz/hourly-ipv4,blocklist.de|ssh|bot|irc-bot|brute-force|ziyadnz|hourly,2026-08-17T18:48:05Z,2026-08-17T18:48:05Z,
197.248.8.33,ipv4,ssh-brute-force,high,WHITE,blocklist.de/ssh|blocklist.de/all|ziyadnz/hourly-ipv4,blocklist.de|ssh|bot|irc-bot|brute-force|ziyadnz|hourly,2026-08-17T18:48:05Z,2026-08-17T18:48:05Z,
197.253.54.22,ipv4,ssh-brute-force,high,WHITE,blocklist.de/ssh|blocklist.de/all|ziyadnz/hourly-ipv4,blocklist.de|ssh|bot|irc-bot|brute-force|ziyadnz|hourly,2026-08-17T18:48:05Z,2026-08-17T18:48:05Z,
197.26.179.50,ipv4,ssh-brute-force,high,WHITE,blocklist.de/ssh|blocklist.de/all|ziyadnz/hourly-ipv4,blocklist.de|ssh|bot|irc-bot|brute-force|ziyadnz|hourly,2026-08-17T18:48:05Z,2026-08-17T18:48:05Z,
197.44.15.210,ipv4,ssh-brute-force,high,WHITE,blocklist.de/ssh|blocklist.de/all|ziyadnz/hourly-ipv4,blocklist.de|ssh|bot|irc-bot|brute-force|ziyadnz|hourly,2026-08-17T18:48:05Z,2026-08-17T18:48:05Z,
197.46.42.124,ipv4,ssh-brute-force,high,WHITE,blocklist.de/ssh|blocklist.de/all|ziyadnz/hourly-ipv4,blocklist.de|ssh|bot|irc-bot|brute-force|ziyadnz|hourly,2026-08-17T18:48:05Z,2026-08-17T18:48:05Z,
197.5.145.114,ipv4,ssh-brute-force,high,WHITE,blocklist.de/ssh|blocklist.de/all|ziyadnz/hourly-ipv4,blocklist.de|ssh|bot|irc-bot|brute-force|ziyadnz|hourly,2026-08-17T18:48:05Z,2026-08-17T18:48:05Z,
197.66.54.227,ipv4,ssh-brute-force,high,WHITE,blocklist.de/ssh|blocklist.de/all|ziyadnz/hourly-ipv4,blocklist.de|ssh|bot|irc-bot|brute-force|ziyadnz|hourly,2026-08-17T18:48:05Z,2026-08-17T18:48:05Z,
197.95.27.62,ipv4,ssh-brute-force,high,WHITE,blocklist.de/ssh|blocklist.de/all|ziyadnz/hourly-ipv4,blocklist.de|ssh|bot|irc-bot|brute-force|ziyadnz|hourly,2026-08-17T18:48:05Z,2026-08-17T18:48:05Z,
197.95.85.170,ipv4,ssh-brute-force,high,WHITE,blocklist.de/ssh|blocklist.de/all|ziyadnz/hourly-ipv4,blocklist.de|ssh|bot|irc-bot|brute-force|ziyadnz|hourly,2026-08-17T18:48:05Z,2026-08-17T18:48:05Z,
198.12.148.211,ipv4,ssh-brute-force,high,WHITE,blocklist.de/ssh|blocklist.de/all|ziyadnz/hourly-ipv4,blocklist.de|ssh|bot|irc-bot|brute-force|ziyadnz|hourly,2026-08-17T18:48:05Z,2026-08-17T18:48:05Z,
198.12.46.116,ipv4,ssh-brute-force,high,WHITE,blocklist.de/ssh|blocklist.de/all|ziyadnz/hourly-ipv4,blocklist.de|ssh|bot|irc-bot|brute-force|ziyadnz|hourly,2026-08-17T18:48:05Z,2026-08-17T18:48:05Z,
198.12.62.211,ipv4,ssh-brute-force,high,WHITE,blocklist.de/ssh|blocklist.de/all|ziyadnz/hourly-ipv4,blocklist.de|ssh|bot|irc-bot|brute-force|ziyadnz|hourly,2026-08-17T18:48:05Z,2026-08-17T18:48:05Z,
198.135.51.62,ipv4,ssh-brute-force,high,WHITE,blocklist.de/ssh|blocklist.de/all|ziyadnz/hourly-ipv4,blocklist.de|ssh|bot|irc-bot|brute-force|ziyadnz|hourly,2026-08-17T18:48:05Z,2026-08-17T18:48:05Z,
198.199.123.141,ipv4,ssh-brute-force,high,WHITE,blocklist.de/ssh|blocklist.de/all|ziyadnz/hourly-ipv4,blocklist.de|ssh|bot|irc-bot|brute-force|ziyadnz|hourly,2026-08-17T18:48:05Z,2026-08-17T18:48:05Z,
198.23.232.204,ipv4,ssh-brute-force,high,WHITE,blocklist.de/ssh|blocklist.de/all|ziyadnz/hourly-ipv4,blocklist.de|ssh|bot|irc-bot|brute-force|ziyadnz|hourly,2026-08-17T18:48:05Z,2026-08-17T18:48:05Z,
198.23.244.142,ipv4,ssh-brute-force,high,WHITE,blocklist.de/ssh|blocklist.de/all|ziyadnz/hourly-ipv4,blocklist.de|ssh|bot|irc-bot|brute-force|ziyadnz|hourly,2026-08-17T18:48:05Z,2026-08-17T18:48:05Z,
198.37.201.35,ipv4,ssh-brute-force,high,WHITE,blocklist.de/ssh|blocklist.de/all|ziyadnz/hourly-ipv4,blocklist.de|ssh|bot|irc-bot|brute-force|ziyadnz|hourly,2026-08-17T18:48:05Z,2026-08-17T18:48:05Z,
198.46.203.150,ipv4,ssh-brute-force,high,WHITE,blocklist.de/ssh|blocklist.de/all|ziyadnz/hourly-ipv4,blocklist.de|ssh|bot|irc-bot|brute-force|ziyadnz|hourly,2026-08-17T18:48:05Z,2026-08-17T18:48:05Z,
198.46.221.48,ipv4,ssh-brute-force,high,WHITE,blocklist.de/ssh|blocklist.de/all|ziyadnz/hourly-ipv4,blocklist.de|ssh|bot|irc-bot|brute-force|ziyadnz|hourly,2026-08-17T18:48:05Z,2026-08-17T18:48:05Z,
198.58.113.47,ipv4,ssh-brute-force,high,WHITE,blocklist.de/ssh|blocklist.de/all|ziyadnz/hourly-ipv4,blocklist.de|ssh|bot|irc-bot|brute-force|ziyadnz|hourly,2026-08-17T18:48:05Z,2026-08-17T18:48:05Z,
198.98.53.110,ipv4,ssh-brute-force,high,WHITE,blocklist.de/ssh|blocklist.de/all|ziyadnz/hourly-ipv4,blocklist.de|ssh|bot|irc-bot|brute-force|ziyadnz|hourly,2026-08-17T18:48:05Z,2026-08-17T18:48:05Z,
198.98.62.211,ipv4,ssh-brute-force,high,WHITE,blocklist.de/ssh|blocklist.de/all|ziyadnz/hourly-ipv4,blocklist.de|ssh|bot|irc-bot|brute-force|ziyadnz|hourly,2026-08-17T18:48:05Z,2026-08-17T18:48:05Z,
199.195.252.227,ipv4,ssh-brute-force,high,WHITE,blocklist.de/ssh|blocklist.de/all|ziyadnz/hourly-ipv4,blocklist.de|ssh|bot|irc-bot|brute-force|ziyadnz|hourly,2026-08-17T18:48:05Z,2026-08-17T18:48:05Z,
199.195.254.215,ipv4,ssh-brute-force,high,WHITE,blocklist.de/ssh|blocklist.de/all|ziyadnz/hourly-ipv4,blocklist.de|ssh|bot|irc-bot|brute-force|ziyadnz|hourly,2026-08-17T18:48:05Z,2026-08-17T18:48:05Z,
199.45.154.113,ipv4,ssh-brute-force,high,WHITE,blocklist.de/ssh|blocklist.de/all|ziyadnz/hourly-ipv4,blocklist.de|ssh|bot|irc-bot|brute-force|ziyadnz|hourly,2026-08-17T18:48:05Z,2026-08-17T18:48:05Z,
199.45.154.116,ipv4,ssh-brute-force,high,WHITE,blocklist.de/ssh|blocklist.de/all|ziyadnz/hourly-ipv4,blocklist.de|ssh|bot|irc-bot|brute-force|ziyadnz|hourly,2026-08-17T18:48:05Z,2026-08-17T18:48:05Z,
199.45.154.117,ipv4,ssh-brute-force,high,WHITE,blocklist.de/ssh|blocklist.de/all|ziyadnz/hourly-ipv4,blocklist.de|ssh|bot|irc-bot|brute-force|ziyadnz|hourly,2026-08-17T18:48:05Z,2026-08-17T18:48:05Z,
199.45.154.119,ipv4,ssh-brute-force,high,WHITE,blocklist.de/ssh|blocklist.de/all|ziyadnz/hourly-ipv4,blocklist.de|ssh|bot|irc-bot|brute-force|ziyadnz|hourly,2026-08-17T18:48:05Z,2026-08-17T18:48:05Z,
199.45.154.121,ipv4,ssh-brute-force,high,WHITE,blocklist.de/ssh|blocklist.de/all|ziyadnz/hourly-ipv4,blocklist.de|ssh|bot|irc-bot|brute-force|ziyadnz|hourly,2026-08-17T18:48:05Z,2026-08-17T18:48:05Z,
199.45.154.48,ipv4,ssh-brute-force,high,WHITE,blocklist.de/ssh|blocklist.de/all|ziyadnz/hourly-ipv4,blocklist.de|ssh|bot|irc-bot|brute-force|ziyadnz|hourly,2026-08-17T18:48:05Z,2026-08-17T18:48:05Z,
199.45.154.49,ipv4,ssh-brute-force,high,WHITE,blocklist.de/ssh|blocklist.de/all|ziyadnz/hourly-ipv4,blocklist.de|ssh|bot|irc-bot|brute-force|ziyadnz|hourly,2026-08-17T18:48:05Z,2026-08-17T18:48:05Z,
199.45.154.52,ipv4,ssh-brute-force,high,WHITE,blocklist.de/ssh|blocklist.de/all|ziyadnz/hourly-ipv4,blocklist.de|ssh|bot|irc-bot|brute-force|ziyadnz|hourly,2026-08-17T18:48:05Z,2026-08-17T18:48:05Z,
199.45.154.54,ipv4,ssh-brute-force,high,WHITE,blocklist.de/ssh|blocklist.de/all|ziyadnz/hourly-ipv4,blocklist.de|ssh|bot|irc-bot|brute-force|ziyadnz|hourly,2026-08-17T18:48:05Z,2026-08-17T18:48:05Z,
199.45.154.55,ipv4,ssh-brute-force,high,WHITE,blocklist.de/ssh|blocklist.de/all|ziyadnz/hourly-ipv4,blocklist.de|ssh|bot|irc-bot|brute-force|ziyadnz|hourly,2026-08-17T18:48:05Z,2026-08-17T18:48:05Z,
199.45.154.63,ipv4,ssh-brute-force,high,WHITE,blocklist.de/ssh|blocklist.de/all|ziyadnz/hourly-ipv4,blocklist.de|ssh|bot|irc-bot|brute-force|ziyadnz|hourly,2026-08-17T18:48:05Z,2026-08-17T18:48:05Z,
199.45.154.72,ipv4,ssh-brute-force,high,WHITE,blocklist.de/ssh|blocklist.de/all|ziyadnz/hourly-ipv4,blocklist.de|ssh|bot|irc-bot|brute-force|ziyadnz|hourly,2026-08-17T18:48:05Z,2026-08-17T18:48:05Z,
199.45.154.78,ipv4,ssh-brute-force,high,WHITE,blocklist.de/ssh|blocklist.de/all|ziyadnz/hourly-ipv4,blocklist.de|ssh|bot|irc-bot|brute-force|ziyadnz|hourly,2026-08-17T18:48:05Z,2026-08-17T18:48:05Z,
199.45.155.102,ipv4,ssh-brute-force,high,WHITE,blocklist.de/ssh|blocklist.de/all|ziyadnz/hourly-ipv4,blocklist.de|ssh|bot|irc-bot|brute-force|ziyadnz|hourly,2026-08-17T18:48:05Z,2026-08-17T18:48:05Z,
199.45.155.108,ipv4,ssh-brute-force,high,WHITE,blocklist.de/ssh|blocklist.de/all|ziyadnz/hourly-ipv4,blocklist.de|ssh|bot|irc-bot|brute-force|ziyadnz|hourly,2026-08-17T18:48:05Z,2026-08-17T18:48:05Z,
199.45.155.110,ipv4,ssh-brute-force,high,WHITE,blocklist.de/ssh|blocklist.de/all|ziyadnz/hourly-ipv4,blocklist.de|ssh|bot|irc-bot|brute-force|ziyadnz|hourly,2026-08-17T18:48:05Z,2026-08-17T18:48:05Z,
199.45.155.68,ipv4,ssh-brute-force,high,WHITE,blocklist.de/ssh|blocklist.de/all|ziyadnz/hourly-ipv4,blocklist.de|ssh|bot|irc-bot|brute-force|ziyadnz|hourly,2026-08-17T18:48:05Z,2026-08-17T18:48:05Z,
199.45.155.69,ipv4,ssh-brute-force,high,WHITE,blocklist.de/ssh|blocklist.de/all|ziyadnz/hourly-ipv4,blocklist.de|ssh|bot|irc-bot|brute-force|ziyadnz|hourly,2026-08-17T18:48:05Z,2026-08-17T18:48:05Z,
199.45.155.70,ipv4,ssh-brute-force,high,WHITE,blocklist.de/ssh|blocklist.de/all|ziyadnz/hourly-ipv4,blocklist.de|ssh|bot|irc-bot|brute-force|ziyadnz|hourly,2026-08-17T18:48:05Z,2026-08-17T18:48:05Z,
199.45.155.72,ipv4,ssh-brute-force,high,WHITE,blocklist.de/ssh|blocklist.de/all|ziyadnz/hourly-ipv4,blocklist.de|ssh|bot|irc-bot|brute-force|ziyadnz|hourly,2026-08-17T18:48:05Z,2026-08-17T18:48:05Z,
199.45.155.73,ipv4,ssh-brute-force,high,WHITE,blocklist.de/ssh|blocklist.de/all|ziyadnz/hourly-ipv4,blocklist.de|ssh|bot|irc-bot|brute-force|ziyadnz|hourly,2026-08-17T18:48:05Z,2026-08-17T18:48:05Z,
199.45.155.75,ipv4,ssh-brute-force,high,WHITE,blocklist.de/ssh|blocklist.de/all|ziyadnz/hourly-ipv4,blocklist.de|ssh|bot|irc-bot|brute-force|ziyadnz|hourly,2026-08-17T18:48:05Z,2026-08-17T18:48:05Z,
199.45.155.81,ipv4,ssh-brute-force,high,WHITE,blocklist.de/ssh|blocklist.de/all|ziyadnz/hourly-ipv4,blocklist.de|ssh|bot|irc-bot|brute-force|ziyadnz|hourly,2026-08-17T18:48:05Z,2026-08-17T18:48:05Z,
199.45.155.83,ipv4,ssh-brute-force,high,WHITE,blocklist.de/ssh|blocklist.de/all|ziyadnz/hourly-ipv4,blocklist.de|ssh|bot|irc-bot|brute-force|ziyadnz|hourly,2026-08-17T18:48:05Z,2026-08-17T18:48:05Z,
199.45.155.85,ipv4,ssh-brute-force,high,WHITE,blocklist.de/ssh|blocklist.de/all|ziyadnz/hourly-ipv4,blocklist.de|ssh|bot|irc-bot|brute-force|ziyadnz|hourly,2026-08-17T18:48:05Z,2026-08-17T18:48:05Z,
199.45.155.88,ipv4,ssh-brute-force,high,WHITE,blocklist.de/ssh|blocklist.de/all|ziyadnz/hourly-ipv4,blocklist.de|ssh|bot|irc-bot|brute-force|ziyadnz|hourly,2026-08-17T18:48:05Z,2026-08-17T18:48:05Z,
199.45.155.91,ipv4,ssh-brute-force,high,WHITE,blocklist.de/ssh|blocklist.de/all|ziyadnz/hourly-ipv4,blocklist.de|ssh|bot|irc-bot|brute-force|ziyadnz|hourly,2026-08-17T18:48:05Z,2026-08-17T18:48:05Z,
199.45.155.93,ipv4,ssh-brute-force,high,WHITE,blocklist.de/ssh|blocklist.de/all|ziyadnz/hourly-ipv4,blocklist.de|ssh|bot|irc-bot|brute-force|ziyadnz|hourly,2026-08-17T18:48:05Z,2026-08-17T18:48:05Z,
199.45.155.99,ipv4,ssh-brute-force,high,WHITE,blocklist.de/ssh|blocklist.de/all|ziyadnz/hourly-ipv4,blocklist.de|ssh|bot|irc-bot|brute-force|ziyadnz|hourly,2026-08-17T18:48:05Z,2026-08-17T18:48:05Z,
2.134.15.12,ipv4,ssh-brute-force,high,WHITE,blocklist.de/ssh|blocklist.de/all|ziyadnz/hourly-ipv4,blocklist.de|ssh|bot|irc-bot|brute-force|ziyadnz|hourly,2026-08-17T18:48:05Z,2026-08-17T18:48:05Z,
2.135.82.232,ipv4,ssh-brute-force,high,WHITE,blocklist.de/ssh|blocklist.de/all|ziyadnz/hourly-ipv4,blocklist.de|ssh|bot|irc-bot|brute-force|ziyadnz|hourly,2026-08-17T18:48:05Z,2026-08-17T18:48:05Z,
2.184.155.56,ipv4,ssh-brute-force,high,WHITE,blocklist.de/ssh|blocklist.de/all|ziyadnz/hourly-ipv4,blocklist.de|ssh|bot|irc-bot|brute-force|ziyadnz|hourly,2026-08-17T18:48:05Z,2026-08-17T18:48:05Z,
2.185.153.37,ipv4,ssh-brute-force,high,WHITE,blocklist.de/ssh|blocklist.de/all|ziyadnz/hourly-ipv4,blocklist.de|ssh|bot|irc-bot|brute-force|ziyadnz|hourly,2026-08-17T18:48:05Z,2026-08-17T18:48:05Z,
2.24.214.160,ipv4,ssh-brute-force,high,WHITE,blocklist.de/ssh|blocklist.de/all|ziyadnz/hourly-ipv4,blocklist.de|ssh|bot|irc-bot|brute-force|ziyadnz|hourly,2026-08-17T18:48:05Z,2026-08-17T18:48:05Z,
2.26.10.234,ipv4,ssh-brute-force,high,WHITE,blocklist.de/ssh|blocklist.de/all|ziyadnz/hourly-ipv4,blocklist.de|ssh|bot|irc-bot|brute-force|ziyadnz|hourly,2026-08-17T18:48:05Z,2026-08-17T18:48:05Z,
2.26.148.64,ipv4,ssh-brute-force,high,WHITE,blocklist.de/ssh|blocklist.de/all|ziyadnz/hourly-ipv4,blocklist.de|ssh|bot|irc-bot|brute-force|ziyadnz|hourly,2026-08-17T18:48:05Z,2026-08-17T18:48:05Z,
2.26.21.52,ipv4,ssh-brute-force,high,WHITE,blocklist.de/ssh|blocklist.de/all|ziyadnz/hourly-ipv4,blocklist.de|ssh|bot|irc-bot|brute-force|ziyadnz|hourly,2026-08-17T18:48:05Z,2026-08-17T18:48:05Z,
2.26.53.142,ipv4,ssh-brute-force,high,WHITE,blocklist.de/ssh|blocklist.de/all|ziyadnz/hourly-ipv4,blocklist.de|ssh|bot|irc-bot|brute-force|ziyadnz|hourly,2026-08-17T18:48:05Z,2026-08-17T18:48:05Z,
2.26.86.177,ipv4,ssh-brute-force,high,WHITE,blocklist.de/ssh|blocklist.de/all|ziyadnz/hourly-ipv4,blocklist.de|ssh|bot|irc-bot|brute-force|ziyadnz|hourly,2026-08-17T18:48:05Z,2026-08-17T18:48:05Z,
2.32.12.48,ipv4,ssh-brute-force,high,WHITE,blocklist.de/ssh|blocklist.de/all|ziyadnz/hourly-ipv4,blocklist.de|ssh|bot|irc-bot|brute-force|ziyadnz|hourly,2026-08-17T18:48:05Z,2026-08-17T18:48:05Z,
2.56.178.145,ipv4,ssh-brute-force,high,WHITE,blocklist.de/ssh|blocklist.de/all|ziyadnz/hourly-ipv4,blocklist.de|ssh|bot|irc-bot|brute-force|ziyadnz|hourly,2026-08-17T18:48:05Z,2026-08-17T18:48:05Z,
2.57.122.168,ipv4,ssh-brute-force,high,WHITE,blocklist.de/ssh|blocklist.de/all|ziyadnz/hourly-ipv4,blocklist.de|ssh|bot|irc-bot|brute-force|ziyadnz|hourly,2026-08-17T18:48:05Z,2026-08-17T18:48:05Z,
2.59.163.225,ipv4,ssh-brute-force,high,WHITE,blocklist.de/ssh|blocklist.de/all|ziyadnz/hourly-ipv4,blocklist.de|ssh|bot|irc-bot|brute-force|ziyadnz|hourly,2026-08-17T18:48:05Z,2026-08-17T18:48:05Z,
2.98.69.112,ipv4,ssh-brute-force,high,WHITE,blocklist.de/ssh|blocklist.de/all|ziyadnz/hourly-ipv4,blocklist.de|ssh|bot|irc-bot|brute-force|ziyadnz|hourly,2026-08-17T18:48:05Z,2026-08-17T18:48:05Z,
20.102.124.111,ipv4,ssh-brute-force,high,WHITE,blocklist.de/ssh|blocklist.de/all|ziyadnz/hourly-ipv4,blocklist.de|ssh|bot|irc-bot|brute-force|ziyadnz|hourly,2026-08-17T18:48:05Z,2026-08-17T18:48:05Z,
20.102.98.53,ipv4,ssh-brute-force,high,WHITE,blocklist.de/ssh|blocklist.de/all|ziyadnz/hourly-ipv4,blocklist.de|ssh|bot|irc-bot|brute-force|ziyadnz|hourly,2026-08-17T18:48:05Z,2026-08-17T18:48:05Z,
20.104.159.178,ipv4,ssh-brute-force,high,WHITE,blocklist.de/ssh|blocklist.de/all|ziyadnz/hourly-ipv4,blocklist.de|ssh|bot|irc-bot|brute-force|ziyadnz|hourly,2026-08-17T18:48:05Z,2026-08-17T18:48:05Z,
20.116.34.103,ipv4,ssh-brute-force,high,WHITE,blocklist.de/ssh|blocklist.de/all|ziyadnz/hourly-ipv4,blocklist.de|ssh|bot|irc-bot|brute-force|ziyadnz|hourly,2026-08-17T18:48:05Z,2026-08-17T18:48:05Z,
20.12.41.6,ipv4,ssh-brute-force,high,WHITE,blocklist.de/ssh|blocklist.de/all|ziyadnz/hourly-ipv4,blocklist.de|ssh|bot|irc-bot|brute-force|ziyadnz|hourly,2026-08-17T18:48:05Z,2026-08-17T18:48:05Z,
20.124.245.180,ipv4,ssh-brute-force,high,WHITE,blocklist.de/ssh|blocklist.de/all|ziyadnz/hourly-ipv4,blocklist.de|ssh|bot|irc-bot|brute-force|ziyadnz|hourly,2026-08-17T18:48:05Z,2026-08-17T18:48:05Z,
20.124.84.235,ipv4,ssh-brute-force,high,WHITE,blocklist.de/ssh|blocklist.de/all|ziyadnz/hourly-ipv4,blocklist.de|ssh|bot|irc-bot|brute-force|ziyadnz|hourly,2026-08-17T18:48:05Z,2026-08-17T18:48:05Z,
20.127.185.37,ipv4,ssh-brute-force,high,WHITE,blocklist.de/ssh|blocklist.de/all|ziyadnz/hourly-ipv4,blocklist.de|ssh|bot|irc-bot|brute-force|ziyadnz|hourly,2026-08-17T18:48:05Z,2026-08-17T18:48:05Z,
20.13.164.162,ipv4,ssh-brute-force,high,WHITE,blocklist.de/ssh|blocklist.de/all|ziyadnz/hourly-ipv4,blocklist.de|ssh|bot|irc-bot|brute-force|ziyadnz|hourly,2026-08-17T18:48:05Z,2026-08-17T18:48:05Z,
20.160.86.7,ipv4,ssh-brute-force,high,WHITE,blocklist.de/ssh|blocklist.de/all|ziyadnz/hourly-ipv4,blocklist.de|ssh|bot|irc-bot|brute-force|ziyadnz|hourly,2026-08-17T18:48:05Z,2026-08-17T18:48:05Z,
20.172.240.136,ipv4,ssh-brute-force,high,WHITE,blocklist.de/ssh|blocklist.de/all|ziyadnz/hourly-ipv4,blocklist.de|ssh|bot|irc-bot|brute-force|ziyadnz|hourly,2026-08-17T18:48:05Z,2026-08-17T18:48:05Z,
20.215.251.225,ipv4,ssh-brute-force,high,WHITE,blocklist.de/ssh|blocklist.de/all|ziyadnz/hourly-ipv4,blocklist.de|ssh|bot|irc-bot|brute-force|ziyadnz|hourly,2026-08-17T18:48:05Z,2026-08-17T18:48:05Z,
20.228.193.165,ipv4,ssh-brute-force,high,WHITE,blocklist.de/ssh|blocklist.de/all|ziyadnz/hourly-ipv4,blocklist.de|ssh|bot|irc-bot|brute-force|ziyadnz|hourly,2026-08-17T18:48:05Z,2026-08-17T18:48:05Z,
20.229.185.186,ipv4,ssh-brute-force,high,WHITE,blocklist.de/ssh|blocklist.de/all|ziyadnz/hourly-ipv4,blocklist.de|ssh|bot|irc-bot|brute-force|ziyadnz|hourly,2026-08-17T18:48:05Z,2026-08-17T18:48:05Z,
20.24.137.18,ipv4,ssh-brute-force,high,WHITE,blocklist.de/ssh|blocklist.de/all|ziyadnz/hourly-ipv4,blocklist.de|ssh|bot|irc-bot|brute-force|ziyadnz|hourly,2026-08-17T18:48:05Z,2026-08-17T18:48:05Z,
20.40.44.6,ipv4,ssh-brute-force,high,WHITE,blocklist.de/ssh|blocklist.de/all|ziyadnz/hourly-ipv4,blocklist.de|ssh|bot|irc-bot|brute-force|ziyadnz|hourly,2026-08-17T18:48:05Z,2026-08-17T18:48:05Z,
20.43.166.69,ipv4,ssh-brute-force,high,WHITE,blocklist.de/ssh|blocklist.de/all|ziyadnz/hourly-ipv4,blocklist.de|ssh|bot|irc-bot|brute-force|ziyadnz|hourly,2026-08-17T18:48:05Z,2026-08-17T18:48:05Z,
20.48.41.224,ipv4,ssh-brute-force,high,WHITE,blocklist.de/ssh|blocklist.de/all|ziyadnz/hourly-ipv4,blocklist.de|ssh|bot|irc-bot|brute-force|ziyadnz|hourly,2026-08-17T18:48:05Z,2026-08-17T18:48:05Z,
20.55.45.217,ipv4,ssh-brute-force,high,WHITE,blocklist.de/ssh|blocklist.de/all|ziyadnz/hourly-ipv4,blocklist.de|ssh|bot|irc-bot|brute-force|ziyadnz|hourly,2026-08-17T18:48:05Z,2026-08-17T18:48:05Z,
20.62.194.5,ipv4,ssh-brute-force,high,WHITE,blocklist.de/ssh|blocklist.de/all|ziyadnz/hourly-ipv4,blocklist.de|ssh|bot|irc-bot|brute-force|ziyadnz|hourly,2026-08-17T18:48:05Z,2026-08-17T18:48:05Z,
20.64.104.132,ipv4,ssh-brute-force,high,WHITE,blocklist.de/ssh|blocklist.de/all|ziyadnz/hourly-ipv4,blocklist.de|ssh|bot|irc-bot|brute-force|ziyadnz|hourly,2026-08-17T18:48:05Z,2026-08-17T18:48:05Z,
20.65.194.84,ipv4,ssh-brute-force,high,WHITE,blocklist.de/ssh|blocklist.de/all|ziyadnz/hourly-ipv4,blocklist.de|ssh|bot|irc-bot|brute-force|ziyadnz|hourly,2026-08-17T18:48:05Z,2026-08-17T18:48:05Z,
20.77.26.9,ipv4,ssh-brute-force,high,WHITE,blocklist.de/ssh|blocklist.de/all|ziyadnz/hourly-ipv4,blocklist.de|ssh|bot|irc-bot|brute-force|ziyadnz|hourly,2026-08-17T18:48:05Z,2026-08-17T18:48:05Z,
20.87.219.67,ipv4,ssh-brute-force,high,WHITE,blocklist.de/ssh|blocklist.de/all|ziyadnz/hourly-ipv4,blocklist.de|ssh|bot|irc-bot|brute-force|ziyadnz|hourly,2026-08-17T18:48:05Z,2026-08-17T18:48:05Z,
20.96.179.87,ipv4,ssh-brute-force,high,WHITE,blocklist.de/ssh|blocklist.de/all|ziyadnz/hourly-ipv4,blocklist.de|ssh|bot|irc-bot|brute-force|ziyadnz|hourly,2026-08-17T18:48:05Z,2026-08-17T18:48:05Z,
200.105.156.165,ipv4,ssh-brute-force,high,WHITE,blocklist.de/ssh|blocklist.de/all|ziyadnz/hourly-ipv4,blocklist.de|ssh|bot|irc-bot|brute-force|ziyadnz|hourly,2026-08-17T18:48:05Z,2026-08-17T18:48:05Z,
200.106.186.30,ipv4,ssh-brute-force,high,WHITE,blocklist.de/ssh|blocklist.de/all|ziyadnz/hourly-ipv4,blocklist.de|ssh|bot|irc-bot|brute-force|ziyadnz|hourly,2026-08-17T18:48:05Z,2026-08-17T18:48:05Z,
200.114.151.156,ipv4,ssh-brute-force,high,WHITE,blocklist.de/ssh|blocklist.de/all|ziyadnz/hourly-ipv4,blocklist.de|ssh|bot|irc-bot|brute-force|ziyadnz|hourly,2026-08-17T18:48:05Z,2026-08-17T18:48:05Z,
200.121.133.84,ipv4,ssh-brute-force,high,WHITE,blocklist.de/ssh|blocklist.de/all|ziyadnz/hourly-ipv4,blocklist.de|ssh|bot|irc-bot|brute-force|ziyadnz|hourly,2026-08-17T18:48:05Z,2026-08-17T18:48:05Z,
200.123.226.167,ipv4,ssh-brute-force,high,WHITE,blocklist.de/ssh|blocklist.de/all|ziyadnz/hourly-ipv4,blocklist.de|ssh|bot|irc-bot|brute-force|ziyadnz|hourly,2026-08-17T18:48:05Z,2026-08-17T18:48:05Z,
200.123.52.85,ipv4,ssh-brute-force,high,WHITE,blocklist.de/ssh|blocklist.de/all|ziyadnz/hourly-ipv4,blocklist.de|ssh|bot|irc-bot|brute-force|ziyadnz|hourly,2026-08-17T18:48:05Z,2026-08-17T18:48:05Z,
200.126.245.68,ipv4,ssh-brute-force,high,WHITE,blocklist.de/ssh|blocklist.de/all|ziyadnz/hourly-ipv4,blocklist.de|ssh|bot|irc-bot|brute-force|ziyadnz|hourly,2026-08-17T18:48:05Z,2026-08-17T18:48:05Z,
200.126.98.66,ipv4,ssh-brute-force,high,WHITE,blocklist.de/ssh|blocklist.de/all|ziyadnz/hourly-ipv4,blocklist.de|ssh|bot|irc-bot|brute-force|ziyadnz|hourly,2026-08-17T18:48:05Z,2026-08-17T18:48:05Z,
200.142.239.241,ipv4,ssh-brute-force,high,WHITE,blocklist.de/ssh|blocklist.de/all|ziyadnz/hourly-ipv4,blocklist.de|ssh|bot|irc-bot|brute-force|ziyadnz|hourly,2026-08-17T18:48:05Z,2026-08-17T18:48:05Z,
200.151.2.16,ipv4,ssh-brute-force,high,WHITE,blocklist.de/ssh|blocklist.de/all|ziyadnz/hourly-ipv4,blocklist.de|ssh|bot|irc-bot|brute-force|ziyadnz|hourly,2026-08-17T18:48:05Z,2026-08-17T18:48:05Z,
200.155.66.2,ipv4,ssh-brute-force,high,WHITE,blocklist.de/ssh|blocklist.de/all|ziyadnz/hourly-ipv4,blocklist.de|ssh|bot|irc-bot|brute-force|ziyadnz|hourly,2026-08-17T18:48:05Z,2026-08-17T18:48:05Z,
200.159.177.30,ipv4,ssh-brute-force,high,WHITE,blocklist.de/ssh|blocklist.de/all|ziyadnz/hourly-ipv4,blocklist.de|ssh|bot|irc-bot|brute-force|ziyadnz|hourly,2026-08-17T18:48:05Z,2026-08-17T18:48:05Z,
200.175.61.207,ipv4,ssh-brute-force,high,WHITE,blocklist.de/ssh|blocklist.de/all|ziyadnz/hourly-ipv4,blocklist.de|ssh|bot|irc-bot|brute-force|ziyadnz|hourly,2026-08-17T18:48:05Z,2026-08-17T18:48:05Z,
200.189.19.120,ipv4,ssh-brute-force,high,WHITE,blocklist.de/ssh|blocklist.de/all|ziyadnz/hourly-ipv4,blocklist.de|ssh|bot|irc-bot|brute-force|ziyadnz|hourly,2026-08-17T18:48:05Z,2026-08-17T18:48:05Z,
200.219.200.16,ipv4,ssh-brute-force,high,WHITE,blocklist.de/ssh|blocklist.de/all|ziyadnz/hourly-ipv4,blocklist.de|ssh|bot|irc-bot|brute-force|ziyadnz|hourly,2026-08-17T18:48:05Z,2026-08-17T18:48:05Z,
200.225.119.213,ipv4,ssh-brute-force,high,WHITE,blocklist.de/ssh|blocklist.de/all|ziyadnz/hourly-ipv4,blocklist.de|ssh|bot|irc-bot|brute-force|ziyadnz|hourly,2026-08-17T18:48:05Z,2026-08-17T18:48:05Z,
200.24.124.84,ipv4,ssh-brute-force,high,WHITE,blocklist.de/ssh|blocklist.de/all|ziyadnz/hourly-ipv4,blocklist.de|ssh|bot|irc-bot|brute-force|ziyadnz|hourly,2026-08-17T18:48:05Z,2026-08-17T18:48:05Z,
200.26.225.150,ipv4,ssh-brute-force,high,WHITE,blocklist.de/ssh|blocklist.de/all|ziyadnz/hourly-ipv4,blocklist.de|ssh|bot|irc-bot|brute-force|ziyadnz|hourly,2026-08-17T18:48:05Z,2026-08-17T18:48:05Z,
200.26.225.186,ipv4,ssh-brute-force,high,WHITE,blocklist.de/ssh|blocklist.de/all|ziyadnz/hourly-ipv4,blocklist.de|ssh|bot|irc-bot|brute-force|ziyadnz|hourly,2026-08-17T18:48:05Z,2026-08-17T18:48:05Z,
200.37.103.36,ipv4,ssh-brute-force,high,WHITE,blocklist.de/ssh|blocklist.de/all|ziyadnz/hourly-ipv4,blocklist.de|ssh|bot|irc-bot|brute-force|ziyadnz|hourly,2026-08-17T18:48:05Z,2026-08-17T18:48:05Z,
200.37.241.186,ipv4,ssh-brute-force,high,WHITE,blocklist.de/ssh|blocklist.de/all|ziyadnz/hourly-ipv4,blocklist.de|ssh|bot|irc-bot|brute-force|ziyadnz|hourly,2026-08-17T18:48:05Z,2026-08-17T18:48:05Z,
200.40.89.46,ipv4,ssh-brute-force,high,WHITE,blocklist.de/ssh|blocklist.de/all|ziyadnz/hourly-ipv4,blocklist.de|ssh|bot|irc-bot|brute-force|ziyadnz|hourly,2026-08-17T18:48:05Z,2026-08-17T18:48:05Z,
200.50.155.115,ipv4,ssh-brute-force,high,WHITE,blocklist.de/ssh|blocklist.de/all|ziyadnz/hourly-ipv4,blocklist.de|ssh|bot|irc-bot|brute-force|ziyadnz|hourly,2026-08-17T18:48:05Z,2026-08-17T18:48:05Z,
200.50.155.13,ipv4,ssh-brute-force,high,WHITE,blocklist.de/ssh|blocklist.de/all|ziyadnz/hourly-ipv4,blocklist.de|ssh|bot|irc-bot|brute-force|ziyadnz|hourly,2026-08-17T18:48:05Z,2026-08-17T18:48:05Z,
200.50.155.3,ipv4,ssh-brute-force,high,WHITE,blocklist.de/ssh|blocklist.de/all|ziyadnz/hourly-ipv4,blocklist.de|ssh|bot|irc-bot|brute-force|ziyadnz|hourly,2026-08-17T18:48:05Z,2026-08-17T18:48:05Z,
200.50.62.118,ipv4,ssh-brute-force,high,WHITE,blocklist.de/ssh|blocklist.de/all|ziyadnz/hourly-ipv4,blocklist.de|ssh|bot|irc-bot|brute-force|ziyadnz|hourly,2026-08-17T18:48:05Z,2026-08-17T18:48:05Z,
200.55.245.156,ipv4,ssh-brute-force,high,WHITE,blocklist.de/ssh|blocklist.de/all|ziyadnz/hourly-ipv4,blocklist.de|ssh|bot|irc-bot|brute-force|ziyadnz|hourly,2026-08-17T18:48:05Z,2026-08-17T18:48:05Z,
200.57.29.132,ipv4,ssh-brute-force,high,WHITE,blocklist.de/ssh|blocklist.de/all|ziyadnz/hourly-ipv4,blocklist.de|ssh|bot|irc-bot|brute-force|ziyadnz|hourly,2026-08-17T18:48:05Z,2026-08-17T18:48:05Z,
200.57.29.139,ipv4,ssh-brute-force,high,WHITE,blocklist.de/ssh|blocklist.de/all|ziyadnz/hourly-ipv4,blocklist.de|ssh|bot|irc-bot|brute-force|ziyadnz|hourly,2026-08-17T18:48:05Z,2026-08-17T18:48:05Z,
200.59.63.18,ipv4,ssh-brute-force,high,WHITE,blocklist.de/ssh|blocklist.de/all|ziyadnz/hourly-ipv4,blocklist.de|ssh|bot|irc-bot|brute-force|ziyadnz|hourly,2026-08-17T18:48:05Z,2026-08-17T18:48:05Z,
200.6.143.172,ipv4,ssh-brute-force,high,WHITE,blocklist.de/ssh|blocklist.de/all|ziyadnz/hourly-ipv4,blocklist.de|ssh|bot|irc-bot|brute-force|ziyadnz|hourly,2026-08-17T18:48:05Z,2026-08-17T18:48:05Z,
200.63.111.55,ipv4,ssh-brute-force,high,WHITE,blocklist.de/ssh|blocklist.de/all|ziyadnz/hourly-ipv4,blocklist.de|ssh|bot|irc-bot|brute-force|ziyadnz|hourly,2026-08-17T18:48:05Z,2026-08-17T18:48:05Z,
200.77.172.159,ipv4,ssh-brute-force,high,WHITE,blocklist.de/ssh|blocklist.de/all|ziyadnz/hourly-ipv4,blocklist.de|ssh|bot|irc-bot|brute-force|ziyadnz|hourly,2026-08-17T18:48:05Z,2026-08-17T18:48:05Z,
200.86.152.185,ipv4,ssh-brute-force,high,WHITE,blocklist.de/ssh|blocklist.de/all|ziyadnz/hourly-ipv4,blocklist.de|ssh|bot|irc-bot|brute-force|ziyadnz|hourly,2026-08-17T18:48:05Z,2026-08-17T18:48:05Z,
200.86.42.123,ipv4,ssh-brute-force,high,WHITE,blocklist.de/ssh|blocklist.de/all|ziyadnz/hourly-ipv4,blocklist.de|ssh|bot|irc-bot|brute-force|ziyadnz|hourly,2026-08-17T18:48:05Z,2026-08-17T18:48:05Z,
2001:41d0:305:2100::42f7,ipv4,ssh-brute-force,medium,WHITE,blocklist.de/ssh|blocklist.de/all,blocklist.de|ssh|bot|irc-bot|brute-force|ziyadnz|hourly,2026-08-17T18:48:05Z,2026-08-17T18:48:05Z,
2001:41d0:601:1100::5ce8,ipv4,ssh-brute-force,medium,WHITE,blocklist.de/ssh|blocklist.de/all,blocklist.de|ssh|bot|irc-bot|brute-force|ziyadnz|hourly,2026-08-17T18:48:05Z,2026-08-17T18:48:05Z,
2001:41d0:701:1100::1d30,ipv4,ssh-brute-force,medium,WHITE,blocklist.de/ssh|blocklist.de/all,blocklist.de|ssh|bot|irc-bot|brute-force|ziyadnz|hourly,2026-08-17T18:48:05Z,2026-08-17T18:48:05Z,
2001:41d0:801:2000::1498,ipv4,ssh-brute-force,medium,WHITE,blocklist.de/ssh|blocklist.de/all,blocklist.de|ssh|bot|irc-bot|brute-force|ziyadnz|hourly,2026-08-17T18:48:05Z,2026-08-17T18:48:05Z,
2001:41d0:801:2000::4b64,ipv4,ssh-brute-force,medium,WHITE,blocklist.de/ssh|blocklist.de/all,blocklist.de|ssh|bot|irc-bot|brute-force|ziyadnz|hourly,2026-08-17T18:48:05Z,2026-08-17T18:48:05Z,
2001:41d0:801:2000::5cbe,ipv4,ssh-brute-force,medium,WHITE,blocklist.de/ssh|blocklist.de/all,blocklist.de|ssh|bot|irc-bot|brute-force|ziyadnz|hourly,2026-08-17T18:48:05Z,2026-08-17T18:48:05Z,
2001:470:1:fb5:8fa6:7162:585f:670f,ipv4,ssh-brute-force,medium,WHITE,blocklist.de/ssh|blocklist.de/all,blocklist.de|ssh|bot|irc-bot|brute-force|ziyadnz|hourly,2026-08-17T18:48:05Z,2026-08-17T18:48:05Z,
2001:470:2cc:1:f586:4306:39e4:a061,ipv4,ssh-brute-force,medium,WHITE,blocklist.de/ssh|blocklist.de/all,blocklist.de|ssh|bot|irc-bot|brute-force|ziyadnz|hourly,2026-08-17T18:48:05Z,2026-08-17T18:48:05Z,
2001:b011:2009:4a6d:9209:d0ff:fe8d:f947,ipv4,ssh-brute-force,medium,WHITE,blocklist.de/ssh|blocklist.de/all,blocklist.de|ssh|bot|irc-bot|brute-force|ziyadnz|hourly,2026-08-17T18:48:05Z,2026-08-17T18:48:05Z,
201.119.245.237,ipv4,ssh-brute-force,high,WHITE,blocklist.de/ssh|blocklist.de/all|ziyadnz/hourly-ipv4,blocklist.de|ssh|bot|irc-bot|brute-force|ziyadnz|hourly,2026-08-17T18:48:05Z,2026-08-17T18:48:05Z,
201.121.219.164,ipv4,ssh-brute-force,high,WHITE,blocklist.de/ssh|blocklist.de/all|ziyadnz/hourly-ipv4,blocklist.de|ssh|bot|irc-bot|brute-force|ziyadnz|hourly,2026-08-17T18:48:05Z,2026-08-17T18:48:05Z,
201.127.124.105,ipv4,ssh-brute-force,high,WHITE,blocklist.de/ssh|blocklist.de/all|ziyadnz/hourly-ipv4,blocklist.de|ssh|bot|irc-bot|brute-force|ziyadnz|hourly,2026-08-17T18:48:05Z,2026-08-17T18:48:05Z,
201.130.97.24,ipv4,ssh-brute-force,high,WHITE,blocklist.de/ssh|blocklist.de/all|ziyadnz/hourly-ipv4,blocklist.de|ssh|bot|irc-bot|brute-force|ziyadnz|hourly,2026-08-17T18:48:05Z,2026-08-17T18:48:05Z,
201.137.161.6,ipv4,ssh-brute-force,high,WHITE,blocklist.de/ssh|blocklist.de/all|ziyadnz/hourly-ipv4,blocklist.de|ssh|bot|irc-bot|brute-force|ziyadnz|hourly,2026-08-17T18:48:05Z,2026-08-17T18:48:05Z,
201.138.197.57,ipv4,ssh-brute-force,high,WHITE,blocklist.de/ssh|blocklist.de/all|ziyadnz/hourly-ipv4,blocklist.de|ssh|bot|irc-bot|brute-force|ziyadnz|hourly,2026-08-17T18:48:05Z,2026-08-17T18:48:05Z,
201.138.225.185,ipv4,ssh-brute-force,high,WHITE,blocklist.de/ssh|blocklist.de/all|ziyadnz/hourly-ipv4,blocklist.de|ssh|bot|irc-bot|brute-force|ziyadnz|hourly,2026-08-17T18:48:05Z,2026-08-17T18:48:05Z,
201.146.242.120,ipv4,ssh-brute-force,high,WHITE,blocklist.de/ssh|blocklist.de/all|ziyadnz/hourly-ipv4,blocklist.de|ssh|bot|irc-bot|brute-force|ziyadnz|hourly,2026-08-17T18:48:05Z,2026-08-17T18:48:05Z,
201.149.53.243,ipv4,ssh-brute-force,high,WHITE,blocklist.de/ssh|blocklist.de/all|ziyadnz/hourly-ipv4,blocklist.de|ssh|bot|irc-bot|brute-force|ziyadnz|hourly,2026-08-17T18:48:05Z,2026-08-17T18:48:05Z,
201.16.238.49,ipv4,ssh-brute-force,high,WHITE,blocklist.de/ssh|blocklist.de/all|ziyadnz/hourly-ipv4,blocklist.de|ssh|bot|irc-bot|brute-force|ziyadnz|hourly,2026-08-17T18:48:05Z,2026-08-17T18:48:05Z,
201.17.146.173,ipv4,ssh-brute-force,high,WHITE,blocklist.de/ssh|blocklist.de/all|ziyadnz/hourly-ipv4,blocklist.de|ssh|bot|irc-bot|brute-force|ziyadnz|hourly,2026-08-17T18:48:05Z,2026-08-17T18:48:05Z,
201.173.64.163,ipv4,ssh-brute-force,high,WHITE,blocklist.de/ssh|blocklist.de/all|ziyadnz/hourly-ipv4,blocklist.de|ssh|bot|irc-bot|brute-force|ziyadnz|hourly,2026-08-17T18:48:05Z,2026-08-17T18:48:05Z,
201.174.30.77,ipv4,ssh-brute-force,high,WHITE,blocklist.de/ssh|blocklist.de/all|ziyadnz/hourly-ipv4,blocklist.de|ssh|bot|irc-bot|brute-force|ziyadnz|hourly,2026-08-17T18:48:05Z,2026-08-17T18:48:05Z,
201.176.197.29,ipv4,ssh-brute-force,high,WHITE,blocklist.de/ssh|blocklist.de/all|ziyadnz/hourly-ipv4,blocklist.de|ssh|bot|irc-bot|brute-force|ziyadnz|hourly,2026-08-17T18:48:05Z,2026-08-17T18:48:05Z,
201.177.1.121,ipv4,ssh-brute-force,high,WHITE,blocklist.de/ssh|blocklist.de/all|ziyadnz/hourly-ipv4,blocklist.de|ssh|bot|irc-bot|brute-force|ziyadnz|hourly,2026-08-17T18:48:05Z,2026-08-17T18:48:05Z,
201.177.9.19,ipv4,ssh-brute-force,high,WHITE,blocklist.de/ssh|blocklist.de/all|ziyadnz/hourly-ipv4,blocklist.de|ssh|bot|irc-bot|brute-force|ziyadnz|hourly,2026-08-17T18:48:05Z,2026-08-17T18:48:05Z,
201.178.112.133,ipv4,ssh-brute-force,high,WHITE,blocklist.de/ssh|blocklist.de/all|ziyadnz/hourly-ipv4,blocklist.de|ssh|bot|irc-bot|brute-force|ziyadnz|hourly,2026-08-17T18:48:05Z,2026-08-17T18:48:05Z,
201.178.40.23,ipv4,ssh-brute-force,high,WHITE,blocklist.de/ssh|blocklist.de/all|ziyadnz/hourly-ipv4,blocklist.de|ssh|bot|irc-bot|brute-force|ziyadnz|hourly,2026-08-17T18:48:05Z,2026-08-17T18:48:05Z,
201.179.206.169,ipv4,ssh-brute-force,high,WHITE,blocklist.de/ssh|blocklist.de/all|ziyadnz/hourly-ipv4,blocklist.de|ssh|bot|irc-bot|brute-force|ziyadnz|hourly,2026-08-17T18:48:05Z,2026-08-17T18:48:05Z,
201.180.123.162,ipv4,ssh-brute-force,high,WHITE,blocklist.de/ssh|blocklist.de/all|ziyadnz/hourly-ipv4,blocklist.de|ssh|bot|irc-bot|brute-force|ziyadnz|hourly,2026-08-17T18:48:05Z,2026-08-17T18:48:05Z,
201.180.125.211,ipv4,ssh-brute-force,high,WHITE,blocklist.de/ssh|blocklist.de/all|ziyadnz/hourly-ipv4,blocklist.de|ssh|bot|irc-bot|brute-force|ziyadnz|hourly,2026-08-17T18:48:05Z,2026-08-17T18:48:05Z,
201.187.69.3,ipv4,ssh-brute-force,high,WHITE,blocklist.de/ssh|blocklist.de/all|ziyadnz/hourly-ipv4,blocklist.de|ssh|bot|irc-bot|brute-force|ziyadnz|hourly,2026-08-17T18:48:05Z,2026-08-17T18:48:05Z,
201.214.183.64,ipv4,ssh-brute-force,high,WHITE,blocklist.de/ssh|blocklist.de/all|ziyadnz/hourly-ipv4,blocklist.de|ssh|bot|irc-bot|brute-force|ziyadnz|hourly,2026-08-17T18:48:05Z,2026-08-17T18:48:05Z,
201.215.143.80,ipv4,ssh-brute-force,high,WHITE,blocklist.de/ssh|blocklist.de/all|ziyadnz/hourly-ipv4,blocklist.de|ssh|bot|irc-bot|brute-force|ziyadnz|hourly,2026-08-17T18:48:05Z,2026-08-17T18:48:05Z,
201.217.12.57,ipv4,ssh-brute-force,high,WHITE,blocklist.de/ssh|blocklist.de/all|ziyadnz/hourly-ipv4,blocklist.de|ssh|bot|irc-bot|brute-force|ziyadnz|hourly,2026-08-17T18:48:05Z,2026-08-17T18:48:05Z,
201.217.229.4,ipv4,ssh-brute-force,high,WHITE,blocklist.de/ssh|blocklist.de/all|ziyadnz/hourly-ipv4,blocklist.de|ssh|bot|irc-bot|brute-force|ziyadnz|hourly,2026-08-17T18:48:05Z,2026-08-17T18:48:05Z,
201.217.246.46,ipv4,ssh-brute-force,high,WHITE,blocklist.de/ssh|blocklist.de/all|ziyadnz/hourly-ipv4,blocklist.de|ssh|bot|irc-bot|brute-force|ziyadnz|hourly,2026-08-17T18:48:05Z,2026-08-17T18:48:05Z,
201.219.167.174,ipv4,ssh-brute-force,high,WHITE,blocklist.de/ssh|blocklist.de/all|ziyadnz/hourly-ipv4,blocklist.de|ssh|bot|irc-bot|brute-force|ziyadnz|hourly,2026-08-17T18:48:05Z,2026-08-17T18:48:05Z,
201.222.1.29,ipv4,ssh-brute-force,high,WHITE,blocklist.de/ssh|blocklist.de/all|ziyadnz/hourly-ipv4,blocklist.de|ssh|bot|irc-bot|brute-force|ziyadnz|hourly,2026-08-17T18:48:05Z,2026-08-17T18:48:05Z,
201.233.140.10,ipv4,ssh-brute-force,high,WHITE,blocklist.de/ssh|blocklist.de/all|ziyadnz/hourly-ipv4,blocklist.de|ssh|bot|irc-bot|brute-force|ziyadnz|hourly,2026-08-17T18:48:05Z,2026-08-17T18:48:05Z,
201.235.141.93,ipv4,ssh-brute-force,high,WHITE,blocklist.de/ssh|blocklist.de/all|ziyadnz/hourly-ipv4,blocklist.de|ssh|bot|irc-bot|brute-force|ziyadnz|hourly,2026-08-17T18:48:05Z,2026-08-17T18:48:05Z,
201.252.46.214,ipv4,ssh-brute-force,high,WHITE,blocklist.de/ssh|blocklist.de/all|ziyadnz/hourly-ipv4,blocklist.de|ssh|bot|irc-bot|brute-force|ziyadnz|hourly,2026-08-17T18:48:05Z,2026-08-17T18:48:05Z,
201.253.215.85,ipv4,ssh-brute-force,high,WHITE,blocklist.de/ssh|blocklist.de/all|ziyadnz/hourly-ipv4,blocklist.de|ssh|bot|irc-bot|brute-force|ziyadnz|hourly,2026-08-17T18:48:05Z,2026-08-17T18:48:05Z,
201.254.63.141,ipv4,ssh-brute-force,high,WHITE,blocklist.de/ssh|blocklist.de/all|ziyadnz/hourly-ipv4,blocklist.de|ssh|bot|irc-bot|brute-force|ziyadnz|hourly,2026-08-17T18:48:05Z,2026-08-17T18:48:05Z,
201.33.80.113,ipv4,ssh-brute-force,high,WHITE,blocklist.de/ssh|blocklist.de/all|ziyadnz/hourly-ipv4,blocklist.de|ssh|bot|irc-bot|brute-force|ziyadnz|hourly,2026-08-17T18:48:05Z,2026-08-17T18:48:05Z,
201.71.192.108,ipv4,ssh-brute-force,high,WHITE,blocklist.de/ssh|blocklist.de/all|ziyadnz/hourly-ipv4,blocklist.de|ssh|bot|irc-bot|brute-force|ziyadnz|hourly,2026-08-17T18:48:05Z,2026-08-17T18:48:05Z,
201.76.120.30,ipv4,ssh-brute-force,high,WHITE,blocklist.de/ssh|blocklist.de/all|ziyadnz/hourly-ipv4,blocklist.de|ssh|bot|irc-bot|brute-force|ziyadnz|hourly,2026-08-17T18:48:05Z,2026-08-17T18:48:05Z,
201.77.63.252,ipv4,ssh-brute-force,high,WHITE,blocklist.de/ssh|blocklist.de/all|ziyadnz/hourly-ipv4,blocklist.de|ssh|bot|irc-bot|brute-force|ziyadnz|hourly,2026-08-17T18:48:05Z,2026-08-17T18:48:05Z,
201.79.8.205,ipv4,ssh-brute-force,high,WHITE,blocklist.de/ssh|blocklist.de/all|ziyadnz/hourly-ipv4,blocklist.de|ssh|bot|irc-bot|brute-force|ziyadnz|hourly,2026-08-17T18:48:05Z,2026-08-17T18:48:05Z,
202.101.144.44,ipv4,ssh-brute-force,high,WHITE,blocklist.de/ssh|blocklist.de/all|ziyadnz/hourly-ipv4,blocklist.de|ssh|bot|irc-bot|brute-force|ziyadnz|hourly,2026-08-17T18:48:05Z,2026-08-17T18:48:05Z,
202.103.157.115,ipv4,ssh-brute-force,high,WHITE,blocklist.de/ssh|blocklist.de/all|ziyadnz/hourly-ipv4,blocklist.de|ssh|bot|irc-bot|brute-force|ziyadnz|hourly,2026-08-17T18:48:05Z,2026-08-17T18:48:05Z,
202.103.55.158,ipv4,ssh-brute-force,high,WHITE,blocklist.de/ssh|blocklist.de/all|ziyadnz/hourly-ipv4,blocklist.de|ssh|bot|irc-bot|brute-force|ziyadnz|hourly,2026-08-17T18:48:05Z,2026-08-17T18:48:05Z,
202.107.164.66,ipv4,ssh-brute-force,high,WHITE,blocklist.de/ssh|blocklist.de/all|ziyadnz/hourly-ipv4,blocklist.de|ssh|bot|irc-bot|brute-force|ziyadnz|hourly,2026-08-17T18:48:05Z,2026-08-17T18:48:05Z,
202.145.0.61,ipv4,ssh-brute-force,high,WHITE,blocklist.de/ssh|blocklist.de/all|ziyadnz/hourly-ipv4,blocklist.de|ssh|bot|irc-bot|brute-force|ziyadnz|hourly,2026-08-17T18:48:05Z,2026-08-17T18:48:05Z,
202.152.148.27,ipv4,ssh-brute-force,high,WHITE,blocklist.de/ssh|blocklist.de/all|ziyadnz/hourly-ipv4,blocklist.de|ssh|bot|irc-bot|brute-force|ziyadnz|hourly,2026-08-17T18:48:05Z,2026-08-17T18:48:05Z,
202.152.148.30,ipv4,ssh-brute-force,high,WHITE,blocklist.de/ssh|blocklist.de/all|ziyadnz/hourly-ipv4,blocklist.de|ssh|bot|irc-bot|brute-force|ziyadnz|hourly,2026-08-17T18:48:05Z,2026-08-17T18:48:05Z,
202.152.201.166,ipv4,ssh-brute-force,high,WHITE,blocklist.de/ssh|blocklist.de/all|ziyadnz/hourly-ipv4,blocklist.de|ssh|bot|irc-bot|brute-force|ziyadnz|hourly,2026-08-17T18:48:05Z,2026-08-17T18:48:05Z,
202.155.13.214,ipv4,ssh-brute-force,high,WHITE,blocklist.de/ssh|blocklist.de/all|ziyadnz/hourly-ipv4,blocklist.de|ssh|bot|irc-bot|brute-force|ziyadnz|hourly,2026-08-17T18:48:05Z,2026-08-17T18:48:05Z,
202.155.157.112,ipv4,ssh-brute-force,high,WHITE,blocklist.de/ssh|blocklist.de/all|ziyadnz/hourly-ipv4,blocklist.de|ssh|bot|irc-bot|brute-force|ziyadnz|hourly,2026-08-17T18:48:05Z,2026-08-17T18:48:05Z,
202.165.15.132,ipv4,ssh-brute-force,high,WHITE,blocklist.de/ssh|blocklist.de/all|ziyadnz/hourly-ipv4,blocklist.de|ssh|bot|irc-bot|brute-force|ziyadnz|hourly,2026-08-17T18:48:05Z,2026-08-17T18:48:05Z,
202.165.26.42,ipv4,ssh-brute-force,high,WHITE,blocklist.de/ssh|blocklist.de/all|ziyadnz/hourly-ipv4,blocklist.de|ssh|bot|irc-bot|brute-force|ziyadnz|hourly,2026-08-17T18:48:05Z,2026-08-17T18:48:05Z,
202.189.4.115,ipv4,ssh-brute-force,high,WHITE,blocklist.de/ssh|blocklist.de/all|ziyadnz/hourly-ipv4,blocklist.de|ssh|bot|irc-bot|brute-force|ziyadnz|hourly,2026-08-17T18:48:05Z,2026-08-17T18:48:05Z,
202.44.238.63,ipv4,ssh-brute-force,high,WHITE,blocklist.de/ssh|blocklist.de/all|ziyadnz/hourly-ipv4,blocklist.de|ssh|bot|irc-bot|brute-force|ziyadnz|hourly,2026-08-17T18:48:05Z,2026-08-17T18:48:05Z,
202.51.101.250,ipv4,ssh-brute-force,high,WHITE,blocklist.de/ssh|blocklist.de/all|ziyadnz/hourly-ipv4,blocklist.de|ssh|bot|irc-bot|brute-force|ziyadnz|hourly,2026-08-17T18:48:05Z,2026-08-17T18:48:05Z,
202.51.69.85,ipv4,ssh-brute-force,high,WHITE,blocklist.de/ssh|blocklist.de/all|ziyadnz/hourly-ipv4,blocklist.de|ssh|bot|irc-bot|brute-force|ziyadnz|hourly,2026-08-17T18:48:05Z,2026-08-17T18:48:05Z,
202.53.94.246,ipv4,ssh-brute-force,high,WHITE,blocklist.de/ssh|blocklist.de/all|ziyadnz/hourly-ipv4,blocklist.de|ssh|bot|irc-bot|brute-force|ziyadnz|hourly,2026-08-17T18:48:05Z,2026-08-17T18:48:05Z,
202.58.193.127,ipv4,ssh-brute-force,high,WHITE,blocklist.de/ssh|blocklist.de/all|ziyadnz/hourly-ipv4,blocklist.de|ssh|bot|irc-bot|brute-force|ziyadnz|hourly,2026-08-17T18:48:05Z,2026-08-17T18:48:05Z,
202.70.78.237,ipv4,ssh-brute-force,high,WHITE,blocklist.de/ssh|blocklist.de/all|ziyadnz/hourly-ipv4,blocklist.de|ssh|bot|irc-bot|brute-force|ziyadnz|hourly,2026-08-17T18:48:05Z,2026-08-17T18:48:05Z,
202.79.29.108,ipv4,ssh-brute-force,high,WHITE,blocklist.de/ssh|blocklist.de/all|ziyadnz/hourly-ipv4,blocklist.de|ssh|bot|irc-bot|brute-force|ziyadnz|hourly,2026-08-17T18:48:05Z,2026-08-17T18:48:05Z,
203.116.129.55,ipv4,ssh-brute-force,high,WHITE,blocklist.de/ssh|blocklist.de/all|ziyadnz/hourly-ipv4,blocklist.de|ssh|bot|irc-bot|brute-force|ziyadnz|hourly,2026-08-17T18:48:05Z,2026-08-17T18:48:05Z,
203.128.6.156,ipv4,ssh-brute-force,high,WHITE,blocklist.de/ssh|blocklist.de/all|ziyadnz/hourly-ipv4,blocklist.de|ssh|bot|irc-bot|brute-force|ziyadnz|hourly,2026-08-17T18:48:05Z,2026-08-17T18:48:05Z,
203.135.42.52,ipv4,ssh-brute-force,high,WHITE,blocklist.de/ssh|blocklist.de/all|ziyadnz/hourly-ipv4,blocklist.de|ssh|bot|irc-bot|brute-force|ziyadnz|hourly,2026-08-17T18:48:05Z,2026-08-17T18:48:05Z,
203.154.14.8,ipv4,ssh-brute-force,high,WHITE,blocklist.de/ssh|blocklist.de/all|ziyadnz/hourly-ipv4,blocklist.de|ssh|bot|irc-bot|brute-force|ziyadnz|hourly,2026-08-17T18:48:05Z,2026-08-17T18:48:05Z,
203.170.192.251,ipv4,ssh-brute-force,high,WHITE,blocklist.de/ssh|blocklist.de/all|ziyadnz/hourly-ipv4,blocklist.de|ssh|bot|irc-bot|brute-force|ziyadnz|hourly,2026-08-17T18:48:05Z,2026-08-17T18:48:05Z,
203.176.95.143,ipv4,ssh-brute-force,high,WHITE,blocklist.de/ssh|blocklist.de/all|ziyadnz/hourly-ipv4,blocklist.de|ssh|bot|irc-bot|brute-force|ziyadnz|hourly,2026-08-17T18:48:05Z,2026-08-17T18:48:05Z,
203.189.196.168,ipv4,ssh-brute-force,high,WHITE,blocklist.de/ssh|blocklist.de/all|ziyadnz/hourly-ipv4,blocklist.de|ssh|bot|irc-bot|brute-force|ziyadnz|hourly,2026-08-17T18:48:05Z,2026-08-17T18:48:05Z,
203.189.221.17,ipv4,ssh-brute-force,high,WHITE,blocklist.de/ssh|blocklist.de/all|ziyadnz/hourly-ipv4,blocklist.de|ssh|bot|irc-bot|brute-force|ziyadnz|hourly,2026-08-17T18:48:05Z,2026-08-17T18:48:05Z,
203.192.197.109,ipv4,ssh-brute-force,high,WHITE,blocklist.de/ssh|blocklist.de/all|ziyadnz/hourly-ipv4,blocklist.de|ssh|bot|irc-bot|brute-force|ziyadnz|hourly,2026-08-17T18:48:05Z,2026-08-17T18:48:05Z,
203.192.232.180,ipv4,ssh-brute-force,high,WHITE,blocklist.de/ssh|blocklist.de/all|ziyadnz/hourly-ipv4,blocklist.de|ssh|bot|irc-bot|brute-force|ziyadnz|hourly,2026-08-17T18:48:05Z,2026-08-17T18:48:05Z,
203.21.120.126,ipv4,ssh-brute-force,high,WHITE,blocklist.de/ssh|blocklist.de/all|ziyadnz/hourly-ipv4,blocklist.de|ssh|bot|irc-bot|brute-force|ziyadnz|hourly,2026-08-17T18:48:05Z,2026-08-17T18:48:05Z,
203.25.208.110,ipv4,ssh-brute-force,high,WHITE,blocklist.de/ssh|blocklist.de/all|ziyadnz/hourly-ipv4,blocklist.de|ssh|bot|irc-bot|brute-force|ziyadnz|hourly,2026-08-17T18:48:05Z,2026-08-17T18:48:05Z,
203.3.119.121,ipv4,ssh-brute-force,high,WHITE,blocklist.de/ssh|blocklist.de/all|ziyadnz/hourly-ipv4,blocklist.de|ssh|bot|irc-bot|brute-force|ziyadnz|hourly,2026-08-17T18:48:05Z,2026-08-17T18:48:05Z,
203.56.198.45,ipv4,ssh-brute-force,high,WHITE,blocklist.de/ssh|blocklist.de/all|ziyadnz/hourly-ipv4,blocklist.de|ssh|bot|irc-bot|brute-force|ziyadnz|hourly,2026-08-17T18:48:05Z,2026-08-17T18:48:05Z,
203.56.201.183,ipv4,ssh-brute-force,high,WHITE,blocklist.de/ssh|blocklist.de/all|ziyadnz/hourly-ipv4,blocklist.de|ssh|bot|irc-bot|brute-force|ziyadnz|hourly,2026-08-17T18:48:05Z,2026-08-17T18:48:05Z,
203.57.235.233,ipv4,ssh-brute-force,high,WHITE,blocklist.de/ssh|blocklist.de/all|ziyadnz/hourly-ipv4,blocklist.de|ssh|bot|irc-bot|brute-force|ziyadnz|hourly,2026-08-17T18:48:05Z,2026-08-17T18:48:05Z,
203.83.231.93,ipv4,ssh-brute-force,high,WHITE,blocklist.de/ssh|blocklist.de/all|ziyadnz/hourly-ipv4,blocklist.de|ssh|bot|irc-bot|brute-force|ziyadnz|hourly,2026-08-17T18:48:05Z,2026-08-17T18:48:05Z,
203.83.234.180,ipv4,ssh-brute-force,high,WHITE,blocklist.de/ssh|blocklist.de/all|ziyadnz/hourly-ipv4,blocklist.de|ssh|bot|irc-bot|brute-force|ziyadnz|hourly,2026-08-17T18:48:05Z,2026-08-17T18:48:05Z,
205.186.128.6,ipv4,ssh-brute-force,high,WHITE,blocklist.de/ssh|blocklist.de/all|ziyadnz/hourly-ipv4,blocklist.de|ssh|bot|irc-bot|brute-force|ziyadnz|hourly,2026-08-17T18:48:05Z,2026-08-17T18:48:05Z,
206.0.31.250,ipv4,ssh-brute-force,high,WHITE,blocklist.de/ssh|blocklist.de/all|ziyadnz/hourly-ipv4,blocklist.de|ssh|bot|irc-bot|brute-force|ziyadnz|hourly,2026-08-17T18:48:05Z,2026-08-17T18:48:05Z,
206.168.213.154,ipv4,ssh-brute-force,high,WHITE,blocklist.de/ssh|blocklist.de/all|ziyadnz/hourly-ipv4,blocklist.de|ssh|bot|irc-bot|brute-force|ziyadnz|hourly,2026-08-17T18:48:05Z,2026-08-17T18:48:05Z,
206.189.5.249,ipv4,ssh-brute-force,high,WHITE,blocklist.de/ssh|blocklist.de/all|ziyadnz/hourly-ipv4,blocklist.de|ssh|bot|irc-bot|brute-force|ziyadnz|hourly,2026-08-17T18:48:05Z,2026-08-17T18:48:05Z,
206.81.24.221,ipv4,ssh-brute-force,high,WHITE,blocklist.de/ssh|blocklist.de/all|ziyadnz/hourly-ipv4,blocklist.de|ssh|bot|irc-bot|brute-force|ziyadnz|hourly,2026-08-17T18:48:05Z,2026-08-17T18:48:05Z,
206.85.11.102,ipv4,ssh-brute-force,high,WHITE,blocklist.de/ssh|blocklist.de/all|ziyadnz/hourly-ipv4,blocklist.de|ssh|bot|irc-bot|brute-force|ziyadnz|hourly,2026-08-17T18:48:05Z,2026-08-17T18:48:05Z,
207.148.120.65,ipv4,ssh-brute-force,high,WHITE,blocklist.de/ssh|blocklist.de/all|ziyadnz/hourly-ipv4,blocklist.de|ssh|bot|irc-bot|brute-force|ziyadnz|hourly,2026-08-17T18:48:05Z,2026-08-17T18:48:05Z,
207.154.230.149,ipv4,ssh-brute-force,high,WHITE,blocklist.de/ssh|blocklist.de/all|ziyadnz/hourly-ipv4,blocklist.de|ssh|bot|irc-bot|brute-force|ziyadnz|hourly,2026-08-17T18:48:05Z,2026-08-17T18:48:05Z,
207.154.247.140,ipv4,ssh-brute-force,high,WHITE,blocklist.de/ssh|blocklist.de/all|ziyadnz/hourly-ipv4,blocklist.de|ssh|bot|irc-bot|brute-force|ziyadnz|hourly,2026-08-17T18:48:05Z,2026-08-17T18:48:05Z,
207.175.181.8,ipv4,ssh-brute-force,high,WHITE,blocklist.de/ssh|blocklist.de/all|ziyadnz/hourly-ipv4,blocklist.de|ssh|bot|irc-bot|brute-force|ziyadnz|hourly,2026-08-17T18:48:05Z,2026-08-17T18:48:05Z,
207.175.214.213,ipv4,ssh-brute-force,high,WHITE,blocklist.de/ssh|blocklist.de/all|ziyadnz/hourly-ipv4,blocklist.de|ssh|bot|irc-bot|brute-force|ziyadnz|hourly,2026-08-17T18:48:05Z,2026-08-17T18:48:05Z,
207.175.222.225,ipv4,ssh-brute-force,high,WHITE,blocklist.de/ssh|blocklist.de/all|ziyadnz/hourly-ipv4,blocklist.de|ssh|bot|irc-bot|brute-force|ziyadnz|hourly,2026-08-17T18:48:05Z,2026-08-17T18:48:05Z,
207.175.34.171,ipv4,ssh-brute-force,high,WHITE,blocklist.de/ssh|blocklist.de/all|ziyadnz/hourly-ipv4,blocklist.de|ssh|bot|irc-bot|brute-force|ziyadnz|hourly,2026-08-17T18:48:05Z,2026-08-17T18:48:05Z,
207.191.167.184,ipv4,ssh-brute-force,high,WHITE,blocklist.de/ssh|blocklist.de/all|ziyadnz/hourly-ipv4,blocklist.de|ssh|bot|irc-bot|brute-force|ziyadnz|hourly,2026-08-17T18:48:05Z,2026-08-17T18:48:05Z,
208.181.95.49,ipv4,ssh-brute-force,high,WHITE,blocklist.de/ssh|blocklist.de/all|ziyadnz/hourly-ipv4,blocklist.de|ssh|bot|irc-bot|brute-force|ziyadnz|hourly,2026-08-17T18:48:05Z,2026-08-17T18:48:05Z,
208.96.121.222,ipv4,ssh-brute-force,high,WHITE,blocklist.de/ssh|blocklist.de/all|ziyadnz/hourly-ipv4,blocklist.de|ssh|bot|irc-bot|brute-force|ziyadnz|hourly,2026-08-17T18:48:05Z,2026-08-17T18:48:05Z,
209.141.47.217,ipv4,ssh-brute-force,high,WHITE,blocklist.de/ssh|blocklist.de/all|ziyadnz/hourly-ipv4,blocklist.de|ssh|bot|irc-bot|brute-force|ziyadnz|hourly,2026-08-17T18:48:05Z,2026-08-17T18:48:05Z,
209.150.154.241,ipv4,ssh-brute-force,high,WHITE,blocklist.de/ssh|blocklist.de/all|ziyadnz/hourly-ipv4,blocklist.de|ssh|bot|irc-bot|brute-force|ziyadnz|hourly,2026-08-17T18:48:05Z,2026-08-17T18:48:05Z,
209.198.151.202,ipv4,ssh-brute-force,high,WHITE,blocklist.de/ssh|blocklist.de/all|ziyadnz/hourly-ipv4,blocklist.de|ssh|bot|irc-bot|brute-force|ziyadnz|hourly,2026-08-17T18:48:05Z,2026-08-17T18:48:05Z,
209.38.120.71,ipv4,ssh-brute-force,high,WHITE,blocklist.de/ssh|blocklist.de/all|ziyadnz/hourly-ipv4,blocklist.de|ssh|bot|irc-bot|brute-force|ziyadnz|hourly,2026-08-17T18:48:05Z,2026-08-17T18:48:05Z,
209.61.6.21,ipv4,ssh-brute-force,high,WHITE,blocklist.de/ssh|blocklist.de/all|ziyadnz/hourly-ipv4,blocklist.de|ssh|bot|irc-bot|brute-force|ziyadnz|hourly,2026-08-17T18:48:05Z,2026-08-17T18:48:05Z,
209.74.65.251,ipv4,ssh-brute-force,high,WHITE,blocklist.de/ssh|blocklist.de/all|ziyadnz/hourly-ipv4,blocklist.de|ssh|bot|irc-bot|brute-force|ziyadnz|hourly,2026-08-17T18:48:05Z,2026-08-17T18:48:05Z,
209.97.166.183,ipv4,ssh-brute-force,high,WHITE,blocklist.de/ssh|blocklist.de/all|ziyadnz/hourly-ipv4,blocklist.de|ssh|bot|irc-bot|brute-force|ziyadnz|hourly,2026-08-17T18:48:05Z,2026-08-17T18:48:05Z,
209.97.183.43,ipv4,ssh-brute-force,high,WHITE,blocklist.de/ssh|blocklist.de/all|ziyadnz/hourly-ipv4,blocklist.de|ssh|bot|irc-bot|brute-force|ziyadnz|hourly,2026-08-17T18:48:05Z,2026-08-17T18:48:05Z,
209.99.189.173,ipv4,ssh-brute-force,high,WHITE,blocklist.de/ssh|blocklist.de/all|ziyadnz/hourly-ipv4,blocklist.de|ssh|bot|irc-bot|brute-force|ziyadnz|hourly,2026-08-17T18:48:05Z,2026-08-17T18:48:05Z,
210.16.170.102,ipv4,ssh-brute-force,high,WHITE,blocklist.de/ssh|blocklist.de/all|ziyadnz/hourly-ipv4,blocklist.de|ssh|bot|irc-bot|brute-force|ziyadnz|hourly,2026-08-17T18:48:05Z,2026-08-17T18:48:05Z,
210.183.56.154,ipv4,ssh-brute-force,high,WHITE,blocklist.de/ssh|blocklist.de/all|ziyadnz/hourly-ipv4,blocklist.de|ssh|bot|irc-bot|brute-force|ziyadnz|hourly,2026-08-17T18:48:05Z,2026-08-17T18:48:05Z,
210.212.136.3,ipv4,ssh-brute-force,high,WHITE,blocklist.de/ssh|blocklist.de/all|ziyadnz/hourly-ipv4,blocklist.de|ssh|bot|irc-bot|brute-force|ziyadnz|hourly,2026-08-17T18:48:05Z,2026-08-17T18:48:05Z,
210.245.20.230,ipv4,ssh-brute-force,high,WHITE,blocklist.de/ssh|blocklist.de/all|ziyadnz/hourly-ipv4,blocklist.de|ssh|bot|irc-bot|brute-force|ziyadnz|hourly,2026-08-17T18:48:05Z,2026-08-17T18:48:05Z,
210.61.148.174,ipv4,ssh-brute-force,high,WHITE,blocklist.de/ssh|blocklist.de/all|ziyadnz/hourly-ipv4,blocklist.de|ssh|bot|irc-bot|brute-force|ziyadnz|hourly,2026-08-17T18:48:05Z,2026-08-17T18:48:05Z,
210.68.105.68,ipv4,ssh-brute-force,high,WHITE,blocklist.de/ssh|blocklist.de/all|ziyadnz/hourly-ipv4,blocklist.de|ssh|bot|irc-bot|brute-force|ziyadnz|hourly,2026-08-17T18:48:05Z,2026-08-17T18:48:05Z,
210.79.142.230,ipv4,ssh-brute-force,high,WHITE,blocklist.de/ssh|blocklist.de/all|ziyadnz/hourly-ipv4,blocklist.de|ssh|bot|irc-bot|brute-force|ziyadnz|hourly,2026-08-17T18:48:05Z,2026-08-17T18:48:05Z,
210.87.87.65,ipv4,ssh-brute-force,high,WHITE,blocklist.de/ssh|blocklist.de/all|ziyadnz/hourly-ipv4,blocklist.de|ssh|bot|irc-bot|brute-force|ziyadnz|hourly,2026-08-17T18:48:05Z,2026-08-17T18:48:05Z,
211.101.235.25,ipv4,ssh-brute-force,high,WHITE,blocklist.de/ssh|blocklist.de/all|ziyadnz/hourly-ipv4,blocklist.de|ssh|bot|irc-bot|brute-force|ziyadnz|hourly,2026-08-17T18:48:05Z,2026-08-17T18:48:05Z,
211.106.133.202,ipv4,ssh-brute-force,high,WHITE,blocklist.de/ssh|blocklist.de/all|ziyadnz/hourly-ipv4,blocklist.de|ssh|bot|irc-bot|brute-force|ziyadnz|hourly,2026-08-17T18:48:05Z,2026-08-17T18:48:05Z,
211.155.100.9,ipv4,ssh-brute-force,high,WHITE,blocklist.de/ssh|blocklist.de/all|ziyadnz/hourly-ipv4,blocklist.de|ssh|bot|irc-bot|brute-force|ziyadnz|hourly,2026-08-17T18:48:05Z,2026-08-17T18:48:05Z,
211.178.247.182,ipv4,ssh-brute-force,high,WHITE,blocklist.de/ssh|blocklist.de/all|ziyadnz/hourly-ipv4,blocklist.de|ssh|bot|irc-bot|brute-force|ziyadnz|hourly,2026-08-17T18:48:05Z,2026-08-17T18:48:05Z,
211.198.160.213,ipv4,ssh-brute-force,high,WHITE,blocklist.de/ssh|blocklist.de/all|ziyadnz/hourly-ipv4,blocklist.de|ssh|bot|irc-bot|brute-force|ziyadnz|hourly,2026-08-17T18:48:05Z,2026-08-17T18:48:05Z,
211.20.22.6,ipv4,ssh-brute-force,high,WHITE,blocklist.de/ssh|blocklist.de/all|ziyadnz/hourly-ipv4,blocklist.de|ssh|bot|irc-bot|brute-force|ziyadnz|hourly,2026-08-17T18:48:05Z,2026-08-17T18:48:05Z,
211.217.118.162,ipv4,ssh-brute-force,high,WHITE,blocklist.de/ssh|blocklist.de/all|ziyadnz/hourly-ipv4,blocklist.de|ssh|bot|irc-bot|brute-force|ziyadnz|hourly,2026-08-17T18:48:05Z,2026-08-17T18:48:05Z,
211.221.196.103,ipv4,ssh-brute-force,high,WHITE,blocklist.de/ssh|blocklist.de/all|ziyadnz/hourly-ipv4,blocklist.de|ssh|bot|irc-bot|brute-force|ziyadnz|hourly,2026-08-17T18:48:05Z,2026-08-17T18:48:05Z,
211.225.139.200,ipv4,ssh-brute-force,high,WHITE,blocklist.de/ssh|blocklist.de/all|ziyadnz/hourly-ipv4,blocklist.de|ssh|bot|irc-bot|brute-force|ziyadnz|hourly,2026-08-17T18:48:05Z,2026-08-17T18:48:05Z,
211.227.110.14,ipv4,ssh-brute-force,high,WHITE,blocklist.de/ssh|blocklist.de/all|ziyadnz/hourly-ipv4,blocklist.de|ssh|bot|irc-bot|brute-force|ziyadnz|hourly,2026-08-17T18:48:05Z,2026-08-17T18:48:05Z,
211.251.245.88,ipv4,ssh-brute-force,high,WHITE,blocklist.de/ssh|blocklist.de/all|ziyadnz/hourly-ipv4,blocklist.de|ssh|bot|irc-bot|brute-force|ziyadnz|hourly,2026-08-17T18:48:05Z,2026-08-17T18:48:05Z,
211.253.31.30,ipv4,ssh-brute-force,high,WHITE,blocklist.de/ssh|blocklist.de/all|ziyadnz/hourly-ipv4,blocklist.de|ssh|bot|irc-bot|brute-force|ziyadnz|hourly,2026-08-17T18:48:05Z,2026-08-17T18:48:05Z,
211.254.212.59,ipv4,ssh-brute-force,high,WHITE,blocklist.de/ssh|blocklist.de/all|ziyadnz/hourly-ipv4,blocklist.de|ssh|bot|irc-bot|brute-force|ziyadnz|hourly,2026-08-17T18:48:05Z,2026-08-17T18:48:05Z,
211.46.177.174,ipv4,ssh-brute-force,high,WHITE,blocklist.de/ssh|blocklist.de/all|ziyadnz/hourly-ipv4,blocklist.de|ssh|bot|irc-bot|brute-force|ziyadnz|hourly,2026-08-17T18:48:05Z,2026-08-17T18:48:05Z,
211.51.132.104,ipv4,ssh-brute-force,high,WHITE,blocklist.de/ssh|blocklist.de/all|ziyadnz/hourly-ipv4,blocklist.de|ssh|bot|irc-bot|brute-force|ziyadnz|hourly,2026-08-17T18:48:05Z,2026-08-17T18:48:05Z,
211.62.111.247,ipv4,ssh-brute-force,high,WHITE,blocklist.de/ssh|blocklist.de/all|ziyadnz/hourly-ipv4,blocklist.de|ssh|bot|irc-bot|brute-force|ziyadnz|hourly,2026-08-17T18:48:05Z,2026-08-17T18:48:05Z,
211.90.189.175,ipv4,ssh-brute-force,high,WHITE,blocklist.de/ssh|blocklist.de/all|ziyadnz/hourly-ipv4,blocklist.de|ssh|bot|irc-bot|brute-force|ziyadnz|hourly,2026-08-17T18:48:05Z,2026-08-17T18:48:05Z,
211.95.159.159,ipv4,ssh-brute-force,high,WHITE,blocklist.de/ssh|blocklist.de/all|ziyadnz/hourly-ipv4,blocklist.de|ssh|bot|irc-bot|brute-force|ziyadnz|hourly,2026-08-17T18:48:05Z,2026-08-17T18:48:05Z,
212.109.195.22,ipv4,ssh-brute-force,high,WHITE,blocklist.de/ssh|blocklist.de/all|ziyadnz/hourly-ipv4,blocklist.de|ssh|bot|irc-bot|brute-force|ziyadnz|hourly,2026-08-17T18:48:05Z,2026-08-17T18:48:05Z,
212.124.22.255,ipv4,ssh-brute-force,high,WHITE,blocklist.de/ssh|blocklist.de/all|ziyadnz/hourly-ipv4,blocklist.de|ssh|bot|irc-bot|brute-force|ziyadnz|hourly,2026-08-17T18:48:05Z,2026-08-17T18:48:05Z,
212.13.157.217,ipv4,ssh-brute-force,high,WHITE,blocklist.de/ssh|blocklist.de/all|ziyadnz/hourly-ipv4,blocklist.de|ssh|bot|irc-bot|brute-force|ziyadnz|hourly,2026-08-17T18:48:05Z,2026-08-17T18:48:05Z,
212.132.112.12,ipv4,ssh-brute-force,high,WHITE,blocklist.de/ssh|blocklist.de/all|ziyadnz/hourly-ipv4,blocklist.de|ssh|bot|irc-bot|brute-force|ziyadnz|hourly,2026-08-17T18:48:05Z,2026-08-17T18:48:05Z,
212.154.234.9,ipv4,ssh-brute-force,high,WHITE,blocklist.de/ssh|blocklist.de/all|ziyadnz/hourly-ipv4,blocklist.de|ssh|bot|irc-bot|brute-force|ziyadnz|hourly,2026-08-17T18:48:05Z,2026-08-17T18:48:05Z,
212.19.134.141,ipv4,ssh-brute-force,high,WHITE,blocklist.de/ssh|blocklist.de/all|ziyadnz/hourly-ipv4,blocklist.de|ssh|bot|irc-bot|brute-force|ziyadnz|hourly,2026-08-17T18:48:05Z,2026-08-17T18:48:05Z,
212.227.198.223,ipv4,ssh-brute-force,high,WHITE,blocklist.de/ssh|blocklist.de/all|ziyadnz/hourly-ipv4,blocklist.de|ssh|bot|irc-bot|brute-force|ziyadnz|hourly,2026-08-17T18:48:05Z,2026-08-17T18:48:05Z,
212.233.202.126,ipv4,ssh-brute-force,high,WHITE,blocklist.de/ssh|blocklist.de/all|ziyadnz/hourly-ipv4,blocklist.de|ssh|bot|irc-bot|brute-force|ziyadnz|hourly,2026-08-17T18:48:05Z,2026-08-17T18:48:05Z,
212.3.155.8,ipv4,ssh-brute-force,high,WHITE,blocklist.de/ssh|blocklist.de/all|ziyadnz/hourly-ipv4,blocklist.de|ssh|bot|irc-bot|brute-force|ziyadnz|hourly,2026-08-17T18:48:05Z,2026-08-17T18:48:05Z,
212.32.212.200,ipv4,ssh-brute-force,high,WHITE,blocklist.de/ssh|blocklist.de/all|ziyadnz/hourly-ipv4,blocklist.de|ssh|bot|irc-bot|brute-force|ziyadnz|hourly,2026-08-17T18:48:05Z,2026-08-17T18:48:05Z,
212.45.81.32,ipv4,ssh-brute-force,high,WHITE,blocklist.de/ssh|blocklist.de/all|ziyadnz/hourly-ipv4,blocklist.de|ssh|bot|irc-bot|brute-force|ziyadnz|hourly,2026-08-17T18:48:05Z,2026-08-17T18:48:05Z,
212.51.147.176,ipv4,ssh-brute-force,high,WHITE,blocklist.de/ssh|blocklist.de/all|ziyadnz/hourly-ipv4,blocklist.de|ssh|bot|irc-bot|brute-force|ziyadnz|hourly,2026-08-17T18:48:05Z,2026-08-17T18:48:05Z,
212.64.211.148,ipv4,ssh-brute-force,high,WHITE,blocklist.de/ssh|blocklist.de/all|ziyadnz/hourly-ipv4,blocklist.de|ssh|bot|irc-bot|brute-force|ziyadnz|hourly,2026-08-17T18:48:05Z,2026-08-17T18:48:05Z,
213.108.3.171,ipv4,ssh-brute-force,high,WHITE,blocklist.de/ssh|blocklist.de/all|ziyadnz/hourly-ipv4,blocklist.de|ssh|bot|irc-bot|brute-force|ziyadnz|hourly,2026-08-17T18:48:05Z,2026-08-17T18:48:05Z,
213.119.226.199,ipv4,ssh-brute-force,high,WHITE,blocklist.de/ssh|blocklist.de/all|ziyadnz/hourly-ipv4,blocklist.de|ssh|bot|irc-bot|brute-force|ziyadnz|hourly,2026-08-17T18:48:05Z,2026-08-17T18:48:05Z,
213.14.11.162,ipv4,ssh-brute-force,high,WHITE,blocklist.de/ssh|blocklist.de/all|ziyadnz/hourly-ipv4,blocklist.de|ssh|bot|irc-bot|brute-force|ziyadnz|hourly,2026-08-17T18:48:05Z,2026-08-17T18:48:05Z,
213.144.214.234,ipv4,ssh-brute-force,high,WHITE,blocklist.de/ssh|blocklist.de/all|ziyadnz/hourly-ipv4,blocklist.de|ssh|bot|irc-bot|brute-force|ziyadnz|hourly,2026-08-17T18:48:05Z,2026-08-17T18:48:05Z,
213.164.215.138,ipv4,ssh-brute-force,high,WHITE,blocklist.de/ssh|blocklist.de/all|ziyadnz/hourly-ipv4,blocklist.de|ssh|bot|irc-bot|brute-force|ziyadnz|hourly,2026-08-17T18:48:05Z,2026-08-17T18:48:05Z,
213.174.21.37,ipv4,ssh-brute-force,high,WHITE,blocklist.de/ssh|blocklist.de/all|ziyadnz/hourly-ipv4,blocklist.de|ssh|bot|irc-bot|brute-force|ziyadnz|hourly,2026-08-17T18:48:05Z,2026-08-17T18:48:05Z,
213.177.179.62,ipv4,ssh-brute-force,high,WHITE,blocklist.de/ssh|blocklist.de/all|ziyadnz/hourly-ipv4,blocklist.de|ssh|bot|irc-bot|brute-force|ziyadnz|hourly,2026-08-17T18:48:05Z,2026-08-17T18:48:05Z,
213.177.179.79,ipv4,ssh-brute-force,high,WHITE,blocklist.de/ssh|blocklist.de/all|ziyadnz/hourly-ipv4,blocklist.de|ssh|bot|irc-bot|brute-force|ziyadnz|hourly,2026-08-17T18:48:05Z,2026-08-17T18:48:05Z,
213.177.179.80,ipv4,ssh-brute-force,high,WHITE,blocklist.de/ssh|blocklist.de/all|ziyadnz/hourly-ipv4,blocklist.de|ssh|bot|irc-bot|brute-force|ziyadnz|hourly,2026-08-17T18:48:05Z,2026-08-17T18:48:05Z,
213.177.179.91,ipv4,ssh-brute-force,high,WHITE,blocklist.de/ssh|blocklist.de/all|ziyadnz/hourly-ipv4,blocklist.de|ssh|bot|irc-bot|brute-force|ziyadnz|hourly,2026-08-17T18:48:05Z,2026-08-17T18:48:05Z,
213.209.159.108,ipv4,ssh-brute-force,high,WHITE,blocklist.de/ssh|blocklist.de/all|ziyadnz/hourly-ipv4,blocklist.de|ssh|bot|irc-bot|brute-force|ziyadnz|hourly,2026-08-17T18:48:05Z,2026-08-17T18:48:05Z,
213.209.159.142,ipv4,ssh-brute-force,high,WHITE,blocklist.de/ssh|blocklist.de/all|ziyadnz/hourly-ipv4,blocklist.de|ssh|bot|irc-bot|brute-force|ziyadnz|hourly,2026-08-17T18:48:05Z,2026-08-17T18:48:05Z,
213.209.159.25,ipv4,ssh-brute-force,high,WHITE,blocklist.de/ssh|blocklist.de/all|ziyadnz/hourly-ipv4,blocklist.de|ssh|bot|irc-bot|brute-force|ziyadnz|hourly,2026-08-17T18:48:05Z,2026-08-17T18:48:05Z,
213.209.159.26,ipv4,ssh-brute-force,high,WHITE,blocklist.de/ssh|blocklist.de/all|ziyadnz/hourly-ipv4,blocklist.de|ssh|bot|irc-bot|brute-force|ziyadnz|hourly,2026-08-17T18:48:05Z,2026-08-17T18:48:05Z,
213.221.155.84,ipv4,ssh-brute-force,high,WHITE,blocklist.de/ssh|blocklist.de/all|ziyadnz/hourly-ipv4,blocklist.de|ssh|bot|irc-bot|brute-force|ziyadnz|hourly,2026-08-17T18:48:05Z,2026-08-17T18:48:05Z,
213.230.109.201,ipv4,ssh-brute-force,high,WHITE,blocklist.de/ssh|blocklist.de/all|ziyadnz/hourly-ipv4,blocklist.de|ssh|bot|irc-bot|brute-force|ziyadnz|hourly,2026-08-17T18:48:05Z,2026-08-17T18:48:05Z,
213.230.111.14,ipv4,ssh-brute-force,high,WHITE,blocklist.de/ssh|blocklist.de/all|ziyadnz/hourly-ipv4,blocklist.de|ssh|bot|irc-bot|brute-force|ziyadnz|hourly,2026-08-17T18:48:05Z,2026-08-17T18:48:05Z,
213.230.127.104,ipv4,ssh-brute-force,high,WHITE,blocklist.de/ssh|blocklist.de/all|ziyadnz/hourly-ipv4,blocklist.de|ssh|bot|irc-bot|brute-force|ziyadnz|hourly,2026-08-17T18:48:05Z,2026-08-17T18:48:05Z,
213.232.78.253,ipv4,ssh-brute-force,high,WHITE,blocklist.de/ssh|blocklist.de/all|ziyadnz/hourly-ipv4,blocklist.de|ssh|bot|irc-bot|brute-force|ziyadnz|hourly,2026-08-17T18:48:05Z,2026-08-17T18:48:05Z,
213.35.98.222,ipv4,ssh-brute-force,high,WHITE,blocklist.de/ssh|blocklist.de/all|ziyadnz/hourly-ipv4,blocklist.de|ssh|bot|irc-bot|brute-force|ziyadnz|hourly,2026-08-17T18:48:05Z,2026-08-17T18:48:05Z,
213.59.202.187,ipv4,ssh-brute-force,high,WHITE,blocklist.de/ssh|blocklist.de/all|ziyadnz/hourly-ipv4,blocklist.de|ssh|bot|irc-bot|brute-force|ziyadnz|hourly,2026-08-17T18:48:05Z,2026-08-17T18:48:05Z,
213.79.122.235,ipv4,ssh-brute-force,high,WHITE,blocklist.de/ssh|blocklist.de/all|ziyadnz/hourly-ipv4,blocklist.de|ssh|bot|irc-bot|brute-force|ziyadnz|hourly,2026-08-17T18:48:05Z,2026-08-17T18:48:05Z,
213.91.234.180,ipv4,ssh-brute-force,high,WHITE,blocklist.de/ssh|blocklist.de/all|ziyadnz/hourly-ipv4,blocklist.de|ssh|bot|irc-bot|brute-force|ziyadnz|hourly,2026-08-17T18:48:05Z,2026-08-17T18:48:05Z,
216.10.242.215,ipv4,ssh-brute-force,high,WHITE,blocklist.de/ssh|blocklist.de/all|ziyadnz/hourly-ipv4,blocklist.de|ssh|bot|irc-bot|brute-force|ziyadnz|hourly,2026-08-17T18:48:05Z,2026-08-17T18:48:05Z,
216.126.225.6,ipv4,ssh-brute-force,high,WHITE,blocklist.de/ssh|blocklist.de/all|ziyadnz/hourly-ipv4,blocklist.de|ssh|bot|irc-bot|brute-force|ziyadnz|hourly,2026-08-17T18:48:05Z,2026-08-17T18:48:05Z,
216.155.93.75,ipv4,ssh-brute-force,high,WHITE,blocklist.de/ssh|blocklist.de/all|ziyadnz/hourly-ipv4,blocklist.de|ssh|bot|irc-bot|brute-force|ziyadnz|hourly,2026-08-17T18:48:05Z,2026-08-17T18:48:05Z,
216.180.246.116,ipv4,ssh-brute-force,high,WHITE,blocklist.de/ssh|blocklist.de/all|ziyadnz/hourly-ipv4,blocklist.de|ssh|bot|irc-bot|brute-force|ziyadnz|hourly,2026-08-17T18:48:05Z,2026-08-17T18:48:05Z,
216.180.246.208,ipv4,ssh-brute-force,high,WHITE,blocklist.de/ssh|blocklist.de/all|ziyadnz/hourly-ipv4,blocklist.de|ssh|bot|irc-bot|brute-force|ziyadnz|hourly,2026-08-17T18:48:05Z,2026-08-17T18:48:05Z,
216.234.211.13,ipv4,ssh-brute-force,high,WHITE,blocklist.de/ssh|blocklist.de/all|ziyadnz/hourly-ipv4,blocklist.de|ssh|bot|irc-bot|brute-force|ziyadnz|hourly,2026-08-17T18:48:05Z,2026-08-17T18:48:05Z,
216.28.134.241,ipv4,ssh-brute-force,high,WHITE,blocklist.de/ssh|blocklist.de/all|ziyadnz/hourly-ipv4,blocklist.de|ssh|bot|irc-bot|brute-force|ziyadnz|hourly,2026-08-17T18:48:05Z,2026-08-17T18:48:05Z,
216.28.224.127,ipv4,ssh-brute-force,high,WHITE,blocklist.de/ssh|blocklist.de/all|ziyadnz/hourly-ipv4,blocklist.de|ssh|bot|irc-bot|brute-force|ziyadnz|hourly,2026-08-17T18:48:05Z,2026-08-17T18:48:05Z,
216.57.110.81,ipv4,ssh-brute-force,high,WHITE,blocklist.de/ssh|blocklist.de/all|ziyadnz/hourly-ipv4,blocklist.de|ssh|bot|irc-bot|brute-force|ziyadnz|hourly,2026-08-17T18:48:05Z,2026-08-17T18:48:05Z,
216.74.240.254,ipv4,ssh-brute-force,high,WHITE,blocklist.de/ssh|blocklist.de/all|ziyadnz/hourly-ipv4,blocklist.de|ssh|bot|irc-bot|brute-force|ziyadnz|hourly,2026-08-17T18:48:05Z,2026-08-17T18:48:05Z,
217.113.30.214,ipv4,ssh-brute-force,high,WHITE,blocklist.de/ssh|blocklist.de/all|ziyadnz/hourly-ipv4,blocklist.de|ssh|bot|irc-bot|brute-force|ziyadnz|hourly,2026-08-17T18:48:05Z,2026-08-17T18:48:05Z,
217.131.9.26,ipv4,ssh-brute-force,high,WHITE,blocklist.de/ssh|blocklist.de/all|ziyadnz/hourly-ipv4,blocklist.de|ssh|bot|irc-bot|brute-force|ziyadnz|hourly,2026-08-17T18:48:05Z,2026-08-17T18:48:05Z,
217.142.141.66,ipv4,ssh-brute-force,high,WHITE,blocklist.de/ssh|blocklist.de/all|ziyadnz/hourly-ipv4,blocklist.de|ssh|bot|irc-bot|brute-force|ziyadnz|hourly,2026-08-17T18:48:05Z,2026-08-17T18:48:05Z,
217.142.150.179,ipv4,ssh-brute-force,high,WHITE,blocklist.de/ssh|blocklist.de/all|ziyadnz/hourly-ipv4,blocklist.de|ssh|bot|irc-bot|brute-force|ziyadnz|hourly,2026-08-17T18:48:05Z,2026-08-17T18:48:05Z,
217.142.247.64,ipv4,ssh-brute-force,high,WHITE,blocklist.de/ssh|blocklist.de/all|ziyadnz/hourly-ipv4,blocklist.de|ssh|bot|irc-bot|brute-force|ziyadnz|hourly,2026-08-17T18:48:05Z,2026-08-17T18:48:05Z,
217.142.255.252,ipv4,ssh-brute-force,high,WHITE,blocklist.de/ssh|blocklist.de/all|ziyadnz/hourly-ipv4,blocklist.de|ssh|bot|irc-bot|brute-force|ziyadnz|hourly,2026-08-17T18:48:05Z,2026-08-17T18:48:05Z,
217.154.106.153,ipv4,ssh-brute-force,high,WHITE,blocklist.de/ssh|blocklist.de/all|ziyadnz/hourly-ipv4,blocklist.de|ssh|bot|irc-bot|brute-force|ziyadnz|hourly,2026-08-17T18:48:05Z,2026-08-17T18:48:05Z,
217.154.150.0,ipv4,ssh-brute-force,high,WHITE,blocklist.de/ssh|blocklist.de/all|ziyadnz/hourly-ipv4,blocklist.de|ssh|bot|irc-bot|brute-force|ziyadnz|hourly,2026-08-17T18:48:05Z,2026-08-17T18:48:05Z,
217.154.150.9,ipv4,ssh-brute-force,high,WHITE,blocklist.de/ssh|blocklist.de/all|ziyadnz/hourly-ipv4,blocklist.de|ssh|bot|irc-bot|brute-force|ziyadnz|hourly,2026-08-17T18:48:05Z,2026-08-17T18:48:05Z,
217.154.234.6,ipv4,ssh-brute-force,high,WHITE,blocklist.de/ssh|blocklist.de/all|ziyadnz/hourly-ipv4,blocklist.de|ssh|bot|irc-bot|brute-force|ziyadnz|hourly,2026-08-17T18:48:05Z,2026-08-17T18:48:05Z,
217.154.35.203,ipv4,ssh-brute-force,high,WHITE,blocklist.de/ssh|blocklist.de/all|ziyadnz/hourly-ipv4,blocklist.de|ssh|bot|irc-bot|brute-force|ziyadnz|hourly,2026-08-17T18:48:05Z,2026-08-17T18:48:05Z,
217.154.38.181,ipv4,ssh-brute-force,high,WHITE,blocklist.de/ssh|blocklist.de/all|ziyadnz/hourly-ipv4,blocklist.de|ssh|bot|irc-bot|brute-force|ziyadnz|hourly,2026-08-17T18:48:05Z,2026-08-17T18:48:05Z,
217.154.42.110,ipv4,ssh-brute-force,high,WHITE,blocklist.de/ssh|blocklist.de/all|ziyadnz/hourly-ipv4,blocklist.de|ssh|bot|irc-bot|brute-force|ziyadnz|hourly,2026-08-17T18:48:05Z,2026-08-17T18:48:05Z,
217.154.68.73,ipv4,ssh-brute-force,high,WHITE,blocklist.de/ssh|blocklist.de/all|ziyadnz/hourly-ipv4,blocklist.de|ssh|bot|irc-bot|brute-force|ziyadnz|hourly,2026-08-17T18:48:05Z,2026-08-17T18:48:05Z,
217.160.13.80,ipv4,ssh-brute-force,high,WHITE,blocklist.de/ssh|blocklist.de/all|ziyadnz/hourly-ipv4,blocklist.de|ssh|bot|irc-bot|brute-force|ziyadnz|hourly,2026-08-17T18:48:05Z,2026-08-17T18:48:05Z,
217.160.226.51,ipv4,ssh-brute-force,high,WHITE,blocklist.de/ssh|blocklist.de/all|ziyadnz/hourly-ipv4,blocklist.de|ssh|bot|irc-bot|brute-force|ziyadnz|hourly,2026-08-17T18:48:05Z,2026-08-17T18:48:05Z,
217.160.9.251,ipv4,ssh-brute-force,high,WHITE,blocklist.de/ssh|blocklist.de/all|ziyadnz/hourly-ipv4,blocklist.de|ssh|bot|irc-bot|brute-force|ziyadnz|hourly,2026-08-17T18:48:05Z,2026-08-17T18:48:05Z,
217.196.164.126,ipv4,ssh-brute-force,high,WHITE,blocklist.de/ssh|blocklist.de/all|ziyadnz/hourly-ipv4,blocklist.de|ssh|bot|irc-bot|brute-force|ziyadnz|hourly,2026-08-17T18:48:05Z,2026-08-17T18:48:05Z,
217.59.129.228,ipv4,ssh-brute-force,high,WHITE,blocklist.de/ssh|blocklist.de/all|ziyadnz/hourly-ipv4,blocklist.de|ssh|bot|irc-bot|brute-force|ziyadnz|hourly,2026-08-17T18:48:05Z,2026-08-17T18:48:05Z,
217.60.240.161,ipv4,ssh-brute-force,high,WHITE,blocklist.de/ssh|blocklist.de/all|ziyadnz/hourly-ipv4,blocklist.de|ssh|bot|irc-bot|brute-force|ziyadnz|hourly,2026-08-17T18:48:05Z,2026-08-17T18:48:05Z,
217.81.134.57,ipv4,ssh-brute-force,high,WHITE,blocklist.de/ssh|blocklist.de/all|ziyadnz/hourly-ipv4,blocklist.de|ssh|bot|irc-bot|brute-force|ziyadnz|hourly,2026-08-17T18:48:05Z,2026-08-17T18:48:05Z,
218.0.56.78,ipv4,ssh-brute-force,high,WHITE,blocklist.de/ssh|blocklist.de/all|ziyadnz/hourly-ipv4,blocklist.de|ssh|bot|irc-bot|brute-force|ziyadnz|hourly,2026-08-17T18:48:05Z,2026-08-17T18:48:05Z,
218.0.63.25,ipv4,ssh-brute-force,high,WHITE,blocklist.de/ssh|blocklist.de/all|ziyadnz/hourly-ipv4,blocklist.de|ssh|bot|irc-bot|brute-force|ziyadnz|hourly,2026-08-17T18:48:05Z,2026-08-17T18:48:05Z,
218.13.152.23,ipv4,ssh-brute-force,high,WHITE,blocklist.de/ssh|blocklist.de/all|ziyadnz/hourly-ipv4,blocklist.de|ssh|bot|irc-bot|brute-force|ziyadnz|hourly,2026-08-17T18:48:05Z,2026-08-17T18:48:05Z,
218.13.157.209,ipv4,ssh-brute-force,high,WHITE,blocklist.de/ssh|blocklist.de/all|ziyadnz/hourly-ipv4,blocklist.de|ssh|bot|irc-bot|brute-force|ziyadnz|hourly,2026-08-17T18:48:05Z,2026-08-17T18:48:05Z,
218.13.26.42,ipv4,ssh-brute-force,high,WHITE,blocklist.de/ssh|blocklist.de/all|ziyadnz/hourly-ipv4,blocklist.de|ssh|bot|irc-bot|brute-force|ziyadnz|hourly,2026-08-17T18:48:05Z,2026-08-17T18:48:05Z,
218.201.250.120,ipv4,ssh-brute-force,high,WHITE,blocklist.de/ssh|blocklist.de/all|ziyadnz/hourly-ipv4,blocklist.de|ssh|bot|irc-bot|brute-force|ziyadnz|hourly,2026-08-17T18:48:05Z,2026-08-17T18:48:05Z,
218.207.25.249,ipv4,ssh-brute-force,high,WHITE,blocklist.de/ssh|blocklist.de/all|ziyadnz/hourly-ipv4,blocklist.de|ssh|bot|irc-bot|brute-force|ziyadnz|hourly,2026-08-17T18:48:05Z,2026-08-17T18:48:05Z,
218.236.255.132,ipv4,ssh-brute-force,high,WHITE,blocklist.de/ssh|blocklist.de/all|ziyadnz/hourly-ipv4,blocklist.de|ssh|bot|irc-bot|brute-force|ziyadnz|hourly,2026-08-17T18:48:05Z,2026-08-17T18:48:05Z,
218.244.147.31,ipv4,ssh-brute-force,high,WHITE,blocklist.de/ssh|blocklist.de/all|ziyadnz/hourly-ipv4,blocklist.de|ssh|bot|irc-bot|brute-force|ziyadnz|hourly,2026-08-17T18:48:05Z,2026-08-17T18:48:05Z,
218.25.89.208,ipv4,ssh-brute-force,high,WHITE,blocklist.de/ssh|blocklist.de/all|ziyadnz/hourly-ipv4,blocklist.de|ssh|bot|irc-bot|brute-force|ziyadnz|hourly,2026-08-17T18:48:05Z,2026-08-17T18:48:05Z,
218.255.103.194,ipv4,ssh-brute-force,high,WHITE,blocklist.de/ssh|blocklist.de/all|ziyadnz/hourly-ipv4,blocklist.de|ssh|bot|irc-bot|brute-force|ziyadnz|hourly,2026-08-17T18:48:05Z,2026-08-17T18:48:05Z,
218.27.202.178,ipv4,ssh-brute-force,high,WHITE,blocklist.de/ssh|blocklist.de/all|ziyadnz/hourly-ipv4,blocklist.de|ssh|bot|irc-bot|brute-force|ziyadnz|hourly,2026-08-17T18:48:05Z,2026-08-17T18:48:05Z,
218.28.78.67,ipv4,ssh-brute-force,high,WHITE,blocklist.de/ssh|blocklist.de/all|ziyadnz/hourly-ipv4,blocklist.de|ssh|bot|irc-bot|brute-force|ziyadnz|hourly,2026-08-17T18:48:05Z,2026-08-17T18:48:05Z,
218.51.148.194,ipv4,ssh-brute-force,high,WHITE,blocklist.de/ssh|blocklist.de/all|ziyadnz/hourly-ipv4,blocklist.de|ssh|bot|irc-bot|brute-force|ziyadnz|hourly,2026-08-17T18:48:05Z,2026-08-17T18:48:05Z,
218.52.254.90,ipv4,ssh-brute-force,high,WHITE,blocklist.de/ssh|blocklist.de/all|ziyadnz/hourly-ipv4,blocklist.de|ssh|bot|irc-bot|brute-force|ziyadnz|hourly,2026-08-17T18:48:05Z,2026-08-17T18:48:05Z,
218.78.132.164,ipv4,ssh-brute-force,high,WHITE,blocklist.de/ssh|blocklist.de/all|ziyadnz/hourly-ipv4,blocklist.de|ssh|bot|irc-bot|brute-force|ziyadnz|hourly,2026-08-17T18:48:05Z,2026-08-17T18:48:05Z,
218.78.46.81,ipv4,ssh-brute-force,high,WHITE,blocklist.de/ssh|blocklist.de/all|ziyadnz/hourly-ipv4,blocklist.de|ssh|bot|irc-bot|brute-force|ziyadnz|hourly,2026-08-17T18:48:05Z,2026-08-17T18:48:05Z,
218.78.60.105,ipv4,ssh-brute-force,high,WHITE,blocklist.de/ssh|blocklist.de/all|ziyadnz/hourly-ipv4,blocklist.de|ssh|bot|irc-bot|brute-force|ziyadnz|hourly,2026-08-17T18:48:05Z,2026-08-17T18:48:05Z,
218.84.101.77,ipv4,ssh-brute-force,high,WHITE,blocklist.de/ssh|blocklist.de/all|ziyadnz/hourly-ipv4,blocklist.de|ssh|bot|irc-bot|brute-force|ziyadnz|hourly,2026-08-17T18:48:05Z,2026-08-17T18:48:05Z,
218.91.211.134,ipv4,ssh-brute-force,high,WHITE,blocklist.de/ssh|blocklist.de/all|ziyadnz/hourly-ipv4,blocklist.de|ssh|bot|irc-bot|brute-force|ziyadnz|hourly,2026-08-17T18:48:05Z,2026-08-17T18:48:05Z,
218.94.57.146,ipv4,ssh-brute-force,high,WHITE,blocklist.de/ssh|blocklist.de/all|ziyadnz/hourly-ipv4,blocklist.de|ssh|bot|irc-bot|brute-force|ziyadnz|hourly,2026-08-17T18:48:05Z,2026-08-17T18:48:05Z,
218.98.97.7,ipv4,ssh-brute-force,high,WHITE,blocklist.de/ssh|blocklist.de/all|ziyadnz/hourly-ipv4,blocklist.de|ssh|bot|irc-bot|brute-force|ziyadnz|hourly,2026-08-17T18:48:05Z,2026-08-17T18:48:05Z,
219.140.138.90,ipv4,ssh-brute-force,high,WHITE,blocklist.de/ssh|blocklist.de/all|ziyadnz/hourly-ipv4,blocklist.de|ssh|bot|irc-bot|brute-force|ziyadnz|hourly,2026-08-17T18:48:05Z,2026-08-17T18:48:05Z,
219.141.170.134,ipv4,ssh-brute-force,high,WHITE,blocklist.de/ssh|blocklist.de/all|ziyadnz/hourly-ipv4,blocklist.de|ssh|bot|irc-bot|brute-force|ziyadnz|hourly,2026-08-17T18:48:05Z,2026-08-17T18:48:05Z,
219.150.93.157,ipv4,ssh-brute-force,high,WHITE,blocklist.de/ssh|blocklist.de/all|ziyadnz/hourly-ipv4,blocklist.de|ssh|bot|irc-bot|brute-force|ziyadnz|hourly,2026-08-17T18:48:05Z,2026-08-17T18:48:05Z,
219.151.187.107,ipv4,ssh-brute-force,high,WHITE,blocklist.de/ssh|blocklist.de/all|ziyadnz/hourly-ipv4,blocklist.de|ssh|bot|irc-bot|brute-force|ziyadnz|hourly,2026-08-17T18:48:05Z,2026-08-17T18:48:05Z,
219.152.229.165,ipv4,ssh-brute-force,high,WHITE,blocklist.de/ssh|blocklist.de/all|ziyadnz/hourly-ipv4,blocklist.de|ssh|bot|irc-bot|brute-force|ziyadnz|hourly,2026-08-17T18:48:05Z,2026-08-17T18:48:05Z,
219.153.106.29,ipv4,ssh-brute-force,high,WHITE,blocklist.de/ssh|blocklist.de/all|ziyadnz/hourly-ipv4,blocklist.de|ssh|bot|irc-bot|brute-force|ziyadnz|hourly,2026-08-17T18:48:05Z,2026-08-17T18:48:05Z,
219.250.188.143,ipv4,ssh-brute-force,high,WHITE,blocklist.de/ssh|blocklist.de/all|ziyadnz/hourly-ipv4,blocklist.de|ssh|bot|irc-bot|brute-force|ziyadnz|hourly,2026-08-17T18:48:05Z,2026-08-17T18:48:05Z,
219.78.63.235,ipv4,ssh-brute-force,high,WHITE,blocklist.de/ssh|blocklist.de/all|ziyadnz/hourly-ipv4,blocklist.de|ssh|bot|irc-bot|brute-force|ziyadnz|hourly,2026-08-17T18:48:05Z,2026-08-17T18:48:05Z,
220.118.173.234,ipv4,ssh-brute-force,high,WHITE,blocklist.de/ssh|blocklist.de/all|ziyadnz/hourly-ipv4,blocklist.de|ssh|bot|irc-bot|brute-force|ziyadnz|hourly,2026-08-17T18:48:05Z,2026-08-17T18:48:05Z,
220.121.206.61,ipv4,ssh-brute-force,high,WHITE,blocklist.de/ssh|blocklist.de/all|ziyadnz/hourly-ipv4,blocklist.de|ssh|bot|irc-bot|brute-force|ziyadnz|hourly,2026-08-17T18:48:05Z,2026-08-17T18:48:05Z,
220.125.100.95,ipv4,ssh-brute-force,high,WHITE,blocklist.de/ssh|blocklist.de/all|ziyadnz/hourly-ipv4,blocklist.de|ssh|bot|irc-bot|brute-force|ziyadnz|hourly,2026-08-17T18:48:05Z,2026-08-17T18:48:05Z,
220.127.148.6,ipv4,ssh-brute-force,high,WHITE,blocklist.de/ssh|blocklist.de/all|ziyadnz/hourly-ipv4,blocklist.de|ssh|bot|irc-bot|brute-force|ziyadnz|hourly,2026-08-17T18:48:05Z,2026-08-17T18:48:05Z,
220.154.131.111,ipv4,ssh-brute-force,high,WHITE,blocklist.de/ssh|blocklist.de/all|ziyadnz/hourly-ipv4,blocklist.de|ssh|bot|irc-bot|brute-force|ziyadnz|hourly,2026-08-17T18:48:05Z,2026-08-17T18:48:05Z,
220.154.131.135,ipv4,ssh-brute-force,high,WHITE,blocklist.de/ssh|blocklist.de/all|ziyadnz/hourly-ipv4,blocklist.de|ssh|bot|irc-bot|brute-force|ziyadnz|hourly,2026-08-17T18:48:05Z,2026-08-17T18:48:05Z,
220.154.133.166,ipv4,ssh-brute-force,high,WHITE,blocklist.de/ssh|blocklist.de/all|ziyadnz/hourly-ipv4,blocklist.de|ssh|bot|irc-bot|brute-force|ziyadnz|hourly,2026-08-17T18:48:05Z,2026-08-17T18:48:05Z,
220.179.81.109,ipv4,ssh-brute-force,high,WHITE,blocklist.de/ssh|blocklist.de/all|ziyadnz/hourly-ipv4,blocklist.de|ssh|bot|irc-bot|brute-force|ziyadnz|hourly,2026-08-17T18:48:05Z,2026-08-17T18:48:05Z,
220.179.84.70,ipv4,ssh-brute-force,high,WHITE,blocklist.de/ssh|blocklist.de/all|ziyadnz/hourly-ipv4,blocklist.de|ssh|bot|irc-bot|brute-force|ziyadnz|hourly,2026-08-17T18:48:05Z,2026-08-17T18:48:05Z,
220.203.230.188,ipv4,ssh-brute-force,high,WHITE,blocklist.de/ssh|blocklist.de/all|ziyadnz/hourly-ipv4,blocklist.de|ssh|bot|irc-bot|brute-force|ziyadnz|hourly,2026-08-17T18:48:05Z,2026-08-17T18:48:05Z,
220.205.122.34,ipv4,ssh-brute-force,high,WHITE,blocklist.de/ssh|blocklist.de/all|ziyadnz/hourly-ipv4,blocklist.de|ssh|bot|irc-bot|brute-force|ziyadnz|hourly,2026-08-17T18:48:05Z,2026-08-17T18:48:05Z,
220.243.137.204,ipv4,ssh-brute-force,high,WHITE,blocklist.de/ssh|blocklist.de/all|ziyadnz/hourly-ipv4,blocklist.de|ssh|bot|irc-bot|brute-force|ziyadnz|hourly,2026-08-17T18:48:05Z,2026-08-17T18:48:05Z,
220.246.183.78,ipv4,ssh-brute-force,high,WHITE,blocklist.de/ssh|blocklist.de/all|ziyadnz/hourly-ipv4,blocklist.de|ssh|bot|irc-bot|brute-force|ziyadnz|hourly,2026-08-17T18:48:05Z,2026-08-17T18:48:05Z,
220.250.52.89,ipv4,ssh-brute-force,high,WHITE,blocklist.de/ssh|blocklist.de/all|ziyadnz/hourly-ipv4,blocklist.de|ssh|bot|irc-bot|brute-force|ziyadnz|hourly,2026-08-17T18:48:05Z,2026-08-17T18:48:05Z,
220.250.52.94,ipv4,ssh-brute-force,high,WHITE,blocklist.de/ssh|blocklist.de/all|ziyadnz/hourly-ipv4,blocklist.de|ssh|bot|irc-bot|brute-force|ziyadnz|hourly,2026-08-17T18:48:05Z,2026-08-17T18:48:05Z,
220.71.199.64,ipv4,ssh-brute-force,high,WHITE,blocklist.de/ssh|blocklist.de/all|ziyadnz/hourly-ipv4,blocklist.de|ssh|bot|irc-bot|brute-force|ziyadnz|hourly,2026-08-17T18:48:05Z,2026-08-17T18:48:05Z,
220.80.135.143,ipv4,ssh-brute-force,high,WHITE,blocklist.de/ssh|blocklist.de/all|ziyadnz/hourly-ipv4,blocklist.de|ssh|bot|irc-bot|brute-force|ziyadnz|hourly,2026-08-17T18:48:05Z,2026-08-17T18:48:05Z,
220.85.210.200,ipv4,ssh-brute-force,high,WHITE,blocklist.de/ssh|blocklist.de/all|ziyadnz/hourly-ipv4,blocklist.de|ssh|bot|irc-bot|brute-force|ziyadnz|hourly,2026-08-17T18:48:05Z,2026-08-17T18:48:05Z,
220.86.129.106,ipv4,ssh-brute-force,high,WHITE,blocklist.de/ssh|blocklist.de/all|ziyadnz/hourly-ipv4,blocklist.de|ssh|bot|irc-bot|brute-force|ziyadnz|hourly,2026-08-17T18:48:05Z,2026-08-17T18:48:05Z,
220.86.7.26,ipv4,ssh-brute-force,high,WHITE,blocklist.de/ssh|blocklist.de/all|ziyadnz/hourly-ipv4,blocklist.de|ssh|bot|irc-bot|brute-force|ziyadnz|hourly,2026-08-17T18:48:05Z,2026-08-17T18:48:05Z,
220.87.166.201,ipv4,ssh-brute-force,high,WHITE,blocklist.de/ssh|blocklist.de/all|ziyadnz/hourly-ipv4,blocklist.de|ssh|bot|irc-bot|brute-force|ziyadnz|hourly,2026-08-17T18:48:05Z,2026-08-17T18:48:05Z,
220.90.220.204,ipv4,ssh-brute-force,high,WHITE,blocklist.de/ssh|blocklist.de/all|ziyadnz/hourly-ipv4,blocklist.de|ssh|bot|irc-bot|brute-force|ziyadnz|hourly,2026-08-17T18:48:05Z,2026-08-17T18:48:05Z,
221.141.48.177,ipv4,ssh-brute-force,high,WHITE,blocklist.de/ssh|blocklist.de/all|ziyadnz/hourly-ipv4,blocklist.de|ssh|bot|irc-bot|brute-force|ziyadnz|hourly,2026-08-17T18:48:05Z,2026-08-17T18:48:05Z,
221.151.84.6,ipv4,ssh-brute-force,high,WHITE,blocklist.de/ssh|blocklist.de/all|ziyadnz/hourly-ipv4,blocklist.de|ssh|bot|irc-bot|brute-force|ziyadnz|hourly,2026-08-17T18:48:05Z,2026-08-17T18:48:05Z,
221.152.18.250,ipv4,ssh-brute-force,high,WHITE,blocklist.de/ssh|blocklist.de/all|ziyadnz/hourly-ipv4,blocklist.de|ssh|bot|irc-bot|brute-force|ziyadnz|hourly,2026-08-17T18:48:05Z,2026-08-17T18:48:05Z,
221.162.218.85,ipv4,ssh-brute-force,high,WHITE,blocklist.de/ssh|blocklist.de/all|ziyadnz/hourly-ipv4,blocklist.de|ssh|bot|irc-bot|brute-force|ziyadnz|hourly,2026-08-17T18:48:05Z,2026-08-17T18:48:05Z,
221.163.5.228,ipv4,ssh-brute-force,high,WHITE,blocklist.de/ssh|blocklist.de/all|ziyadnz/hourly-ipv4,blocklist.de|ssh|bot|irc-bot|brute-force|ziyadnz|hourly,2026-08-17T18:48:05Z,2026-08-17T18:48:05Z,
221.207.55.165,ipv4,ssh-brute-force,high,WHITE,blocklist.de/ssh|blocklist.de/all|ziyadnz/hourly-ipv4,blocklist.de|ssh|bot|irc-bot|brute-force|ziyadnz|hourly,2026-08-17T18:48:05Z,2026-08-17T18:48:05Z,
221.221.136.146,ipv4,ssh-brute-force,high,WHITE,blocklist.de/ssh|blocklist.de/all|ziyadnz/hourly-ipv4,blocklist.de|ssh|bot|irc-bot|brute-force|ziyadnz|hourly,2026-08-17T18:48:05Z,2026-08-17T18:48:05Z,
221.227.118.148,ipv4,ssh-brute-force,high,WHITE,blocklist.de/ssh|blocklist.de/all|ziyadnz/hourly-ipv4,blocklist.de|ssh|bot|irc-bot|brute-force|ziyadnz|hourly,2026-08-17T18:48:05Z,2026-08-17T18:48:05Z,
221.228.203.3,ipv4,ssh-brute-force,high,WHITE,blocklist.de/ssh|blocklist.de/all|ziyadnz/hourly-ipv4,blocklist.de|ssh|bot|irc-bot|brute-force|ziyadnz|hourly,2026-08-17T18:48:05Z,2026-08-17T18:48:05Z,
221.229.218.50,ipv4,ssh-brute-force,high,WHITE,blocklist.de/ssh|blocklist.de/all|ziyadnz/hourly-ipv4,blocklist.de|ssh|bot|irc-bot|brute-force|ziyadnz|hourly,2026-08-17T18:48:05Z,2026-08-17T18:48:05Z,
221.229.220.180,ipv4,ssh-brute-force,high,WHITE,blocklist.de/ssh|blocklist.de/all|ziyadnz/hourly-ipv4,blocklist.de|ssh|bot|irc-bot|brute-force|ziyadnz|hourly,2026-08-17T18:48:05Z,2026-08-17T18:48:05Z,
221.234.36.123,ipv4,ssh-brute-force,high,WHITE,blocklist.de/ssh|blocklist.de/all|ziyadnz/hourly-ipv4,blocklist.de|ssh|bot|irc-bot|brute-force|ziyadnz|hourly,2026-08-17T18:48:05Z,2026-08-17T18:48:05Z,
221.6.32.34,ipv4,ssh-brute-force,high,WHITE,blocklist.de/ssh|blocklist.de/all|ziyadnz/hourly-ipv4,blocklist.de|ssh|bot|irc-bot|brute-force|ziyadnz|hourly,2026-08-17T18:48:05Z,2026-08-17T18:48:05Z,
222.118.170.177,ipv4,ssh-brute-force,high,WHITE,blocklist.de/ssh|blocklist.de/all|ziyadnz/hourly-ipv4,blocklist.de|ssh|bot|irc-bot|brute-force|ziyadnz|hourly,2026-08-17T18:48:05Z,2026-08-17T18:48:05Z,
222.14.24.229,ipv4,ssh-brute-force,high,WHITE,blocklist.de/ssh|blocklist.de/all|ziyadnz/hourly-ipv4,blocklist.de|ssh|bot|irc-bot|brute-force|ziyadnz|hourly,2026-08-17T18:48:05Z,2026-08-17T18:48:05Z,
222.211.75.201,ipv4,ssh-brute-force,high,WHITE,blocklist.de/ssh|blocklist.de/all|ziyadnz/hourly-ipv4,blocklist.de|ssh|bot|irc-bot|brute-force|ziyadnz|hourly,2026-08-17T18:48:05Z,2026-08-17T18:48:05Z,
222.223.62.8,ipv4,ssh-brute-force,high,WHITE,blocklist.de/ssh|blocklist.de/all|ziyadnz/hourly-ipv4,blocklist.de|ssh|bot|irc-bot|brute-force|ziyadnz|hourly,2026-08-17T18:48:05Z,2026-08-17T18:48:05Z,
222.232.176.7,ipv4,ssh-brute-force,high,WHITE,blocklist.de/ssh|blocklist.de/all|ziyadnz/hourly-ipv4,blocklist.de|ssh|bot|irc-bot|brute-force|ziyadnz|hourly,2026-08-17T18:48:05Z,2026-08-17T18:48:05Z,
222.244.170.207,ipv4,ssh-brute-force,high,WHITE,blocklist.de/ssh|blocklist.de/all|ziyadnz/hourly-ipv4,blocklist.de|ssh|bot|irc-bot|brute-force|ziyadnz|hourly,2026-08-17T18:48:05Z,2026-08-17T18:48:05Z,
222.244.170.208,ipv4,ssh-brute-force,high,WHITE,blocklist.de/ssh|blocklist.de/all|ziyadnz/hourly-ipv4,blocklist.de|ssh|bot|irc-bot|brute-force|ziyadnz|hourly,2026-08-17T18:48:05Z,2026-08-17T18:48:05Z,
222.244.170.210,ipv4,ssh-brute-force,high,WHITE,blocklist.de/ssh|blocklist.de/all|ziyadnz/hourly-ipv4,blocklist.de|ssh|bot|irc-bot|brute-force|ziyadnz|hourly,2026-08-17T18:48:05Z,2026-08-17T18:48:05Z,
222.244.170.211,ipv4,ssh-brute-force,high,WHITE,blocklist.de/ssh|blocklist.de/all|ziyadnz/hourly-ipv4,blocklist.de|ssh|bot|irc-bot|brute-force|ziyadnz|hourly,2026-08-17T18:48:05Z,2026-08-17T18:48:05Z,
222.252.124.230,ipv4,ssh-brute-force,high,WHITE,blocklist.de/ssh|blocklist.de/all|ziyadnz/hourly-ipv4,blocklist.de|ssh|bot|irc-bot|brute-force|ziyadnz|hourly,2026-08-17T18:48:05Z,2026-08-17T18:48:05Z,
222.71.205.34,ipv4,ssh-brute-force,high,WHITE,blocklist.de/ssh|blocklist.de/all|ziyadnz/hourly-ipv4,blocklist.de|ssh|bot|irc-bot|brute-force|ziyadnz|hourly,2026-08-17T18:48:05Z,2026-08-17T18:48:05Z,
222.76.219.103,ipv4,ssh-brute-force,high,WHITE,blocklist.de/ssh|blocklist.de/all|ziyadnz/hourly-ipv4,blocklist.de|ssh|bot|irc-bot|brute-force|ziyadnz|hourly,2026-08-17T18:48:05Z,2026-08-17T18:48:05Z,
222.86.201.224,ipv4,ssh-brute-force,high,WHITE,blocklist.de/ssh|blocklist.de/all|ziyadnz/hourly-ipv4,blocklist.de|ssh|bot|irc-bot|brute-force|ziyadnz|hourly,2026-08-17T18:48:05Z,2026-08-17T18:48:05Z,
222.88.225.195,ipv4,ssh-brute-force,high,WHITE,blocklist.de/ssh|blocklist.de/all|ziyadnz/hourly-ipv4,blocklist.de|ssh|bot|irc-bot|brute-force|ziyadnz|hourly,2026-08-17T18:48:05Z,2026-08-17T18:48:05Z,
222.92.84.250,ipv4,ssh-brute-force,high,WHITE,blocklist.de/ssh|blocklist.de/all|ziyadnz/hourly-ipv4,blocklist.de|ssh|bot|irc-bot|brute-force|ziyadnz|hourly,2026-08-17T18:48:05Z,2026-08-17T18:48:05Z,
223.108.185.218,ipv4,ssh-brute-force,high,WHITE,blocklist.de/ssh|blocklist.de/all|ziyadnz/hourly-ipv4,blocklist.de|ssh|bot|irc-bot|brute-force|ziyadnz|hourly,2026-08-17T18:48:05Z,2026-08-17T18:48:05Z,
223.123.16.238,ipv4,ssh-brute-force,high,WHITE,blocklist.de/ssh|blocklist.de/all|ziyadnz/hourly-ipv4,blocklist.de|ssh|bot|irc-bot|brute-force|ziyadnz|hourly,2026-08-17T18:48:05Z,2026-08-17T18:48:05Z,
223.123.92.77,ipv4,ssh-brute-force,high,WHITE,blocklist.de/ssh|blocklist.de/all|ziyadnz/hourly-ipv4,blocklist.de|ssh|bot|irc-bot|brute-force|ziyadnz|hourly,2026-08-17T18:48:05Z,2026-08-17T18:48:05Z,
223.15.242.225,ipv4,ssh-brute-force,high,WHITE,blocklist.de/ssh|blocklist.de/all|ziyadnz/hourly-ipv4,blocklist.de|ssh|bot|irc-bot|brute-force|ziyadnz|hourly,2026-08-17T18:48:05Z,2026-08-17T18:48:05Z,
223.166.28.153,ipv4,ssh-brute-force,high,WHITE,blocklist.de/ssh|blocklist.de/all|ziyadnz/hourly-ipv4,blocklist.de|ssh|bot|irc-bot|brute-force|ziyadnz|hourly,2026-08-17T18:48:05Z,2026-08-17T18:48:05Z,
223.17.1.118,ipv4,ssh-brute-force,high,WHITE,blocklist.de/ssh|blocklist.de/all|ziyadnz/hourly-ipv4,blocklist.de|ssh|bot|irc-bot|brute-force|ziyadnz|hourly,2026-08-17T18:48:05Z,2026-08-17T18:48:05Z,
223.197.178.95,ipv4,ssh-brute-force,high,WHITE,blocklist.de/ssh|blocklist.de/all|ziyadnz/hourly-ipv4,blocklist.de|ssh|bot|irc-bot|brute-force|ziyadnz|hourly,2026-08-17T18:48:05Z,2026-08-17T18:48:05Z,
223.205.189.98,ipv4,ssh-brute-force,high,WHITE,blocklist.de/ssh|blocklist.de/all|ziyadnz/hourly-ipv4,blocklist.de|ssh|bot|irc-bot|brute-force|ziyadnz|hourly,2026-08-17T18:48:05Z,2026-08-17T18:48:05Z,
223.221.38.226,ipv4,ssh-brute-force,high,WHITE,blocklist.de/ssh|blocklist.de/all|ziyadnz/hourly-ipv4,blocklist.de|ssh|bot|irc-bot|brute-force|ziyadnz|hourly,2026-08-17T18:48:05Z,2026-08-17T18:48:05Z,
223.243.179.70,ipv4,ssh-brute-force,high,WHITE,blocklist.de/ssh|blocklist.de/all|ziyadnz/hourly-ipv4,blocklist.de|ssh|bot|irc-bot|brute-force|ziyadnz|hourly,2026-08-17T18:48:05Z,2026-08-17T18:48:05Z,
223.247.218.112,ipv4,ssh-brute-force,high,WHITE,blocklist.de/ssh|blocklist.de/all|ziyadnz/hourly-ipv4,blocklist.de|ssh|bot|irc-bot|brute-force|ziyadnz|hourly,2026-08-17T18:48:05Z,2026-08-17T18:48:05Z,
223.27.18.80,ipv4,ssh-brute-force,high,WHITE,blocklist.de/ssh|blocklist.de/all|ziyadnz/hourly-ipv4,blocklist.de|ssh|bot|irc-bot|brute-force|ziyadnz|hourly,2026-08-17T18:48:05Z,2026-08-17T18:48:05Z,
223.76.100.36,ipv4,ssh-brute-force,high,WHITE,blocklist.de/ssh|blocklist.de/all|ziyadnz/hourly-ipv4,blocklist.de|ssh|bot|irc-bot|brute-force|ziyadnz|hourly,2026-08-17T18:48:05Z,2026-08-17T18:48:05Z,
23.145.248.35,ipv4,ssh-brute-force,high,WHITE,blocklist.de/ssh|blocklist.de/all|ziyadnz/hourly-ipv4,blocklist.de|ssh|bot|irc-bot|brute-force|ziyadnz|hourly,2026-08-17T18:48:05Z,2026-08-17T18:48:05Z,
23.236.64.230,ipv4,ssh-brute-force,high,WHITE,blocklist.de/ssh|blocklist.de/all|ziyadnz/hourly-ipv4,blocklist.de|ssh|bot|irc-bot|brute-force|ziyadnz|hourly,2026-08-17T18:48:05Z,2026-08-17T18:48:05Z,
23.238.46.196,ipv4,ssh-brute-force,high,WHITE,blocklist.de/ssh|blocklist.de/all|ziyadnz/hourly-ipv4,blocklist.de|ssh|bot|irc-bot|brute-force|ziyadnz|hourly,2026-08-17T18:48:05Z,2026-08-17T18:48:05Z,
23.247.168.30,ipv4,ssh-brute-force,high,WHITE,blocklist.de/ssh|blocklist.de/all|ziyadnz/hourly-ipv4,blocklist.de|ssh|bot|irc-bot|brute-force|ziyadnz|hourly,2026-08-17T18:48:05Z,2026-08-17T18:48:05Z,
23.29.118.224,ipv4,ssh-brute-force,high,WHITE,blocklist.de/ssh|blocklist.de/all|ziyadnz/hourly-ipv4,blocklist.de|ssh|bot|irc-bot|brute-force|ziyadnz|hourly,2026-08-17T18:48:05Z,2026-08-17T18:48:05Z,
23.88.47.15,ipv4,ssh-brute-force,high,WHITE,blocklist.de/ssh|blocklist.de/all|ziyadnz/hourly-ipv4,blocklist.de|ssh|bot|irc-bot|brute-force|ziyadnz|hourly,2026-08-17T18:48:05Z,2026-08-17T18:48:05Z,
23.94.47.19,ipv4,ssh-brute-force,high,WHITE,blocklist.de/ssh|blocklist.de/all|ziyadnz/hourly-ipv4,blocklist.de|ssh|bot|irc-bot|brute-force|ziyadnz|hourly,2026-08-17T18:48:05Z,2026-08-17T18:48:05Z,
23.95.25.133,ipv4,ssh-brute-force,high,WHITE,blocklist.de/ssh|blocklist.de/all|ziyadnz/hourly-ipv4,blocklist.de|ssh|bot|irc-bot|brute-force|ziyadnz|hourly,2026-08-17T18:48:05Z,2026-08-17T18:48:05Z,
23.95.78.159,ipv4,ssh-brute-force,high,WHITE,blocklist.de/ssh|blocklist.de/all|ziyadnz/hourly-ipv4,blocklist.de|ssh|bot|irc-bot|brute-force|ziyadnz|hourly,2026-08-17T18:48:05Z,2026-08-17T18:48:05Z,
24.122.136.94,ipv4,ssh-brute-force,high,WHITE,blocklist.de/ssh|blocklist.de/all|ziyadnz/hourly-ipv4,blocklist.de|ssh|bot|irc-bot|brute-force|ziyadnz|hourly,2026-08-17T18:48:05Z,2026-08-17T18:48:05Z,
24.159.45.188,ipv4,ssh-brute-force,high,WHITE,blocklist.de/ssh|blocklist.de/all|ziyadnz/hourly-ipv4,blocklist.de|ssh|bot|irc-bot|brute-force|ziyadnz|hourly,2026-08-17T18:48:05Z,2026-08-17T18:48:05Z,
24.188.9.179,ipv4,ssh-brute-force,high,WHITE,blocklist.de/ssh|blocklist.de/all|ziyadnz/hourly-ipv4,blocklist.de|ssh|bot|irc-bot|brute-force|ziyadnz|hourly,2026-08-17T18:48:05Z,2026-08-17T18:48:05Z,
24.199.117.254,ipv4,ssh-brute-force,high,WHITE,blocklist.de/ssh|blocklist.de/all|ziyadnz/hourly-ipv4,blocklist.de|ssh|bot|irc-bot|brute-force|ziyadnz|hourly,2026-08-17T18:48:05Z,2026-08-17T18:48:05Z,
24.212.207.62,ipv4,ssh-brute-force,high,WHITE,blocklist.de/ssh|blocklist.de/all|ziyadnz/hourly-ipv4,blocklist.de|ssh|bot|irc-bot|brute-force|ziyadnz|hourly,2026-08-17T18:48:05Z,2026-08-17T18:48:05Z,
24.218.51.239,ipv4,ssh-brute-force,high,WHITE,blocklist.de/ssh|blocklist.de/all|ziyadnz/hourly-ipv4,blocklist.de|ssh|bot|irc-bot|brute-force|ziyadnz|hourly,2026-08-17T18:48:05Z,2026-08-17T18:48:05Z,
24.243.180.55,ipv4,ssh-brute-force,high,WHITE,blocklist.de/ssh|blocklist.de/all|ziyadnz/hourly-ipv4,blocklist.de|ssh|bot|irc-bot|brute-force|ziyadnz|hourly,2026-08-17T18:48:05Z,2026-08-17T18:48:05Z,
24.49.234.174,ipv4,ssh-brute-force,high,WHITE,blocklist.de/ssh|blocklist.de/all|ziyadnz/hourly-ipv4,blocklist.de|ssh|bot|irc-bot|brute-force|ziyadnz|hourly,2026-08-17T18:48:05Z,2026-08-17T18:48:05Z,
24.79.216.178,ipv4,ssh-brute-force,high,WHITE,blocklist.de/ssh|blocklist.de/all|ziyadnz/hourly-ipv4,blocklist.de|ssh|bot|irc-bot|brute-force|ziyadnz|hourly,2026-08-17T18:48:05Z,2026-08-17T18:48:05Z,
24.79.92.95,ipv4,ssh-brute-force,high,WHITE,blocklist.de/ssh|blocklist.de/all|ziyadnz/hourly-ipv4,blocklist.de|ssh|bot|irc-bot|brute-force|ziyadnz|hourly,2026-08-17T18:48:05Z,2026-08-17T18:48:05Z,
2402:4e00:c030:7200:8206:1736:249c:0,ipv4,ssh-brute-force,medium,WHITE,blocklist.de/ssh|blocklist.de/all,blocklist.de|ssh|bot|irc-bot|brute-force|ziyadnz|hourly,2026-08-17T18:48:05Z,2026-08-17T18:48:05Z,
2600:1f16:743:ac01:3603:9cc9:558b:c920,ipv4,ssh-brute-force,medium,WHITE,blocklist.de/ssh|blocklist.de/all,blocklist.de|ssh|bot|irc-bot|brute-force|ziyadnz|hourly,2026-08-17T18:48:05Z,2026-08-17T18:48:05Z,
2607:ff10:c8:594::d,ipv4,ssh-brute-force,medium,WHITE,blocklist.de/ssh|blocklist.de/all,blocklist.de|ssh|bot|irc-bot|brute-force|ziyadnz|hourly,2026-08-17T18:48:05Z,2026-08-17T18:48:05Z,
27.0.135.12,ipv4,ssh-brute-force,high,WHITE,blocklist.de/ssh|blocklist.de/all|ziyadnz/hourly-ipv4,blocklist.de|ssh|bot|irc-bot|brute-force|ziyadnz|hourly,2026-08-17T18:48:05Z,2026-08-17T18:48:05Z,
27.0.135.6,ipv4,ssh-brute-force,high,WHITE,blocklist.de/ssh|blocklist.de/all|ziyadnz/hourly-ipv4,blocklist.de|ssh|bot|irc-bot|brute-force|ziyadnz|hourly,2026-08-17T18:48:05Z,2026-08-17T18:48:05Z,
27.110.166.67,ipv4,ssh-brute-force,high,WHITE,blocklist.de/ssh|blocklist.de/all|ziyadnz/hourly-ipv4,blocklist.de|ssh|bot|irc-bot|brute-force|ziyadnz|hourly,2026-08-17T18:48:05Z,2026-08-17T18:48:05Z,
27.112.70.187,ipv4,ssh-brute-force,high,WHITE,blocklist.de/ssh|blocklist.de/all|ziyadnz/hourly-ipv4,blocklist.de|ssh|bot|irc-bot|brute-force|ziyadnz|hourly,2026-08-17T18:48:05Z,2026-08-17T18:48:05Z,
27.116.165.30,ipv4,ssh-brute-force,high,WHITE,blocklist.de/ssh|blocklist.de/all|ziyadnz/hourly-ipv4,blocklist.de|ssh|bot|irc-bot|brute-force|ziyadnz|hourly,2026-08-17T18:48:05Z,2026-08-17T18:48:05Z,
27.123.253.172,ipv4,ssh-brute-force,high,WHITE,blocklist.de/ssh|blocklist.de/all|ziyadnz/hourly-ipv4,blocklist.de|ssh|bot|irc-bot|brute-force|ziyadnz|hourly,2026-08-17T18:48:05Z,2026-08-17T18:48:05Z,
27.128.170.83,ipv4,ssh-brute-force,high,WHITE,blocklist.de/ssh|blocklist.de/all|ziyadnz/hourly-ipv4,blocklist.de|ssh|bot|irc-bot|brute-force|ziyadnz|hourly,2026-08-17T18:48:05Z,2026-08-17T18:48:05Z,
27.128.171.246,ipv4,ssh-brute-force,high,WHITE,blocklist.de/ssh|blocklist.de/all|ziyadnz/hourly-ipv4,blocklist.de|ssh|bot|irc-bot|brute-force|ziyadnz|hourly,2026-08-17T18:48:05Z,2026-08-17T18:48:05Z,
27.128.171.39,ipv4,ssh-brute-force,high,WHITE,blocklist.de/ssh|blocklist.de/all|ziyadnz/hourly-ipv4,blocklist.de|ssh|bot|irc-bot|brute-force|ziyadnz|hourly,2026-08-17T18:48:05Z,2026-08-17T18:48:05Z,
27.128.172.199,ipv4,ssh-brute-force,high,WHITE,blocklist.de/ssh|blocklist.de/all|ziyadnz/hourly-ipv4,blocklist.de|ssh|bot|irc-bot|brute-force|ziyadnz|hourly,2026-08-17T18:48:05Z,2026-08-17T18:48:05Z,
27.128.240.75,ipv4,ssh-brute-force,high,WHITE,blocklist.de/ssh|blocklist.de/all|ziyadnz/hourly-ipv4,blocklist.de|ssh|bot|irc-bot|brute-force|ziyadnz|hourly,2026-08-17T18:48:05Z,2026-08-17T18:48:05Z,
27.150.170.114,ipv4,ssh-brute-force,high,WHITE,blocklist.de/ssh|blocklist.de/all|ziyadnz/hourly-ipv4,blocklist.de|ssh|bot|irc-bot|brute-force|ziyadnz|hourly,2026-08-17T18:48:05Z,2026-08-17T18:48:05Z,
27.152.54.149,ipv4,ssh-brute-force,high,WHITE,blocklist.de/ssh|blocklist.de/all|ziyadnz/hourly-ipv4,blocklist.de|ssh|bot|irc-bot|brute-force|ziyadnz|hourly,2026-08-17T18:48:05Z,2026-08-17T18:48:05Z,
27.152.54.222,ipv4,ssh-brute-force,high,WHITE,blocklist.de/ssh|blocklist.de/all|ziyadnz/hourly-ipv4,blocklist.de|ssh|bot|irc-bot|brute-force|ziyadnz|hourly,2026-08-17T18:48:05Z,2026-08-17T18:48:05Z,
27.155.103.100,ipv4,ssh-brute-force,high,WHITE,blocklist.de/ssh|blocklist.de/all|ziyadnz/hourly-ipv4,blocklist.de|ssh|bot|irc-bot|brute-force|ziyadnz|hourly,2026-08-17T18:48:05Z,2026-08-17T18:48:05Z,
27.155.120.135,ipv4,ssh-brute-force,high,WHITE,blocklist.de/ssh|blocklist.de/all|ziyadnz/hourly-ipv4,blocklist.de|ssh|bot|irc-bot|brute-force|ziyadnz|hourly,2026-08-17T18:48:05Z,2026-08-17T18:48:05Z,
27.18.190.180,ipv4,ssh-brute-force,high,WHITE,blocklist.de/ssh|blocklist.de/all|ziyadnz/hourly-ipv4,blocklist.de|ssh|bot|irc-bot|brute-force|ziyadnz|hourly,2026-08-17T18:48:05Z,2026-08-17T18:48:05Z,
27.254.190.148,ipv4,ssh-brute-force,high,WHITE,blocklist.de/ssh|blocklist.de/all|ziyadnz/hourly-ipv4,blocklist.de|ssh|bot|irc-bot|brute-force|ziyadnz|hourly,2026-08-17T18:48:05Z,2026-08-17T18:48:05Z,
27.29.116.137,ipv4,ssh-brute-force,high,WHITE,blocklist.de/ssh|blocklist.de/all|ziyadnz/hourly-ipv4,blocklist.de|ssh|bot|irc-bot|brute-force|ziyadnz|hourly,2026-08-17T18:48:05Z,2026-08-17T18:48:05Z,
27.3.121.144,ipv4,ssh-brute-force,high,WHITE,blocklist.de/ssh|blocklist.de/all|ziyadnz/hourly-ipv4,blocklist.de|ssh|bot|irc-bot|brute-force|ziyadnz|hourly,2026-08-17T18:48:05Z,2026-08-17T18:48:05Z,
27.79.3.148,ipv4,ssh-brute-force,high,WHITE,blocklist.de/ssh|blocklist.de/all|ziyadnz/hourly-ipv4,blocklist.de|ssh|bot|irc-bot|brute-force|ziyadnz|hourly,2026-08-17T18:48:05Z,2026-08-17T18:48:05Z,
27.79.4.54,ipv4,ssh-brute-force,high,WHITE,blocklist.de/ssh|blocklist.de/all|ziyadnz/hourly-ipv4,blocklist.de|ssh|bot|irc-bot|brute-force|ziyadnz|hourly,2026-08-17T18:48:05Z,2026-08-17T18:48:05Z,
27.79.4.91,ipv4,ssh-brute-force,high,WHITE,blocklist.de/ssh|blocklist.de/all|ziyadnz/hourly-ipv4,blocklist.de|ssh|bot|irc-bot|brute-force|ziyadnz|hourly,2026-08-17T18:48:05Z,2026-08-17T18:48:05Z,
27.79.40.41,ipv4,ssh-brute-force,high,WHITE,blocklist.de/ssh|blocklist.de/all|ziyadnz/hourly-ipv4,blocklist.de|ssh|bot|irc-bot|brute-force|ziyadnz|hourly,2026-08-17T18:48:05Z,2026-08-17T18:48:05Z,
27.79.43.66,ipv4,ssh-brute-force,high,WHITE,blocklist.de/ssh|blocklist.de/all|ziyadnz/hourly-ipv4,blocklist.de|ssh|bot|irc-bot|brute-force|ziyadnz|hourly,2026-08-17T18:48:05Z,2026-08-17T18:48:05Z,
27.79.46.246,ipv4,ssh-brute-force,high,WHITE,blocklist.de/ssh|blocklist.de/all|ziyadnz/hourly-ipv4,blocklist.de|ssh|bot|irc-bot|brute-force|ziyadnz|hourly,2026-08-17T18:48:05Z,2026-08-17T18:48:05Z,
27.79.7.82,ipv4,ssh-brute-force,high,WHITE,blocklist.de/ssh|blocklist.de/all|ziyadnz/hourly-ipv4,blocklist.de|ssh|bot|irc-bot|brute-force|ziyadnz|hourly,2026-08-17T18:48:05Z,2026-08-17T18:48:05Z,
27.8.44.168,ipv4,ssh-brute-force,high,WHITE,blocklist.de/ssh|blocklist.de/all|ziyadnz/hourly-ipv4,blocklist.de|ssh|bot|irc-bot|brute-force|ziyadnz|hourly,2026-08-17T18:48:05Z,2026-08-17T18:48:05Z,
2a06:4884:3000::32,ipv4,ssh-brute-force,medium,WHITE,blocklist.de/ssh|blocklist.de/all,blocklist.de|ssh|bot|irc-bot|brute-force|ziyadnz|hourly,2026-08-17T18:48:05Z,2026-08-17T18:48:05Z,
2a06:4884:5000::5a,ipv4,ssh-brute-force,medium,WHITE,blocklist.de/ssh|blocklist.de/all,blocklist.de|ssh|bot|irc-bot|brute-force|ziyadnz|hourly,2026-08-17T18:48:05Z,2026-08-17T18:48:05Z,
2a06:4884:b000::b8,ipv4,ssh-brute-force,medium,WHITE,blocklist.de/ssh|blocklist.de/all,blocklist.de|ssh|bot|irc-bot|brute-force|ziyadnz|hourly,2026-08-17T18:48:05Z,2026-08-17T18:48:05Z,
2a06:4884:d000::da,ipv4,ssh-brute-force,medium,WHITE,blocklist.de/ssh|blocklist.de/all,blocklist.de|ssh|bot|irc-bot|brute-force|ziyadnz|hourly,2026-08-17T18:48:05Z,2026-08-17T18:48:05Z,
2a06:4884:d000::e6,ipv4,ssh-brute-force,medium,WHITE,blocklist.de/ssh|blocklist.de/all,blocklist.de|ssh|bot|irc-bot|brute-force|ziyadnz|hourly,2026-08-17T18:48:05Z,2026-08-17T18:48:05Z,
2a06:4884:d000::f9,ipv4,ssh-brute-force,medium,WHITE,blocklist.de/ssh|blocklist.de/all,blocklist.de|ssh|bot|irc-bot|brute-force|ziyadnz|hourly,2026-08-17T18:48:05Z,2026-08-17T18:48:05Z,
3.129.187.38,ipv4,ssh-brute-force,high,WHITE,blocklist.de/ssh|blocklist.de/all|ziyadnz/hourly-ipv4,blocklist.de|ssh|bot|irc-bot|brute-force|ziyadnz|hourly,2026-08-17T18:48:05Z,2026-08-17T18:48:05Z,
3.83.245.221,ipv4,ssh-brute-force,high,WHITE,blocklist.de/ssh|blocklist.de/all|ziyadnz/hourly-ipv4,blocklist.de|ssh|bot|irc-bot|brute-force|ziyadnz|hourly,2026-08-17T18:48:05Z,2026-08-17T18:48:05Z,
3.85.201.48,ipv4,ssh-brute-force,high,WHITE,blocklist.de/ssh|blocklist.de/all|ziyadnz/hourly-ipv4,blocklist.de|ssh|bot|irc-bot|brute-force|ziyadnz|hourly,2026-08-17T18:48:05Z,2026-08-17T18:48:05Z,
3.87.150.244,ipv4,ssh-brute-force,high,WHITE,blocklist.de/ssh|blocklist.de/all|ziyadnz/hourly-ipv4,blocklist.de|ssh|bot|irc-bot|brute-force|ziyadnz|hourly,2026-08-17T18:48:05Z,2026-08-17T18:48:05Z,
3.94.102.45,ipv4,ssh-brute-force,high,WHITE,blocklist.de/ssh|blocklist.de/all|ziyadnz/hourly-ipv4,blocklist.de|ssh|bot|irc-bot|brute-force|ziyadnz|hourly,2026-08-17T18:48:05Z,2026-08-17T18:48:05Z,
31.134.107.227,ipv4,ssh-brute-force,high,WHITE,blocklist.de/ssh|blocklist.de/all|ziyadnz/hourly-ipv4,blocklist.de|ssh|bot|irc-bot|brute-force|ziyadnz|hourly,2026-08-17T18:48:05Z,2026-08-17T18:48:05Z,
31.148.144.38,ipv4,ssh-brute-force,high,WHITE,blocklist.de/ssh|blocklist.de/all|ziyadnz/hourly-ipv4,blocklist.de|ssh|bot|irc-bot|brute-force|ziyadnz|hourly,2026-08-17T18:48:05Z,2026-08-17T18:48:05Z,
31.148.206.199,ipv4,ssh-brute-force,high,WHITE,blocklist.de/ssh|blocklist.de/all|ziyadnz/hourly-ipv4,blocklist.de|ssh|bot|irc-bot|brute-force|ziyadnz|hourly,2026-08-17T18:48:05Z,2026-08-17T18:48:05Z,
31.15.17.149,ipv4,ssh-brute-force,high,WHITE,blocklist.de/ssh|blocklist.de/all|ziyadnz/hourly-ipv4,blocklist.de|ssh|bot|irc-bot|brute-force|ziyadnz|hourly,2026-08-17T18:48:05Z,2026-08-17T18:48:05Z,
31.15.21.171,ipv4,ssh-brute-force,high,WHITE,blocklist.de/ssh|blocklist.de/all|ziyadnz/hourly-ipv4,blocklist.de|ssh|bot|irc-bot|brute-force|ziyadnz|hourly,2026-08-17T18:48:05Z,2026-08-17T18:48:05Z,
31.173.247.254,ipv4,ssh-brute-force,high,WHITE,blocklist.de/ssh|blocklist.de/all|ziyadnz/hourly-ipv4,blocklist.de|ssh|bot|irc-bot|brute-force|ziyadnz|hourly,2026-08-17T18:48:05Z,2026-08-17T18:48:05Z,
31.192.210.142,ipv4,ssh-brute-force,high,WHITE,blocklist.de/ssh|blocklist.de/all|ziyadnz/hourly-ipv4,blocklist.de|ssh|bot|irc-bot|brute-force|ziyadnz|hourly,2026-08-17T18:48:05Z,2026-08-17T18:48:05Z,
31.207.34.214,ipv4,ssh-brute-force,high,WHITE,blocklist.de/ssh|blocklist.de/all|ziyadnz/hourly-ipv4,blocklist.de|ssh|bot|irc-bot|brute-force|ziyadnz|hourly,2026-08-17T18:48:05Z,2026-08-17T18:48:05Z,
31.216.62.126,ipv4,ssh-brute-force,high,WHITE,blocklist.de/ssh|blocklist.de/all|ziyadnz/hourly-ipv4,blocklist.de|ssh|bot|irc-bot|brute-force|ziyadnz|hourly,2026-08-17T18:48:05Z,2026-08-17T18:48:05Z,
31.41.71.12,ipv4,ssh-brute-force,high,WHITE,blocklist.de/ssh|blocklist.de/all|ziyadnz/hourly-ipv4,blocklist.de|ssh|bot|irc-bot|brute-force|ziyadnz|hourly,2026-08-17T18:48:05Z,2026-08-17T18:48:05Z,
31.43.252.51,ipv4,ssh-brute-force,high,WHITE,blocklist.de/ssh|blocklist.de/all|ziyadnz/hourly-ipv4,blocklist.de|ssh|bot|irc-bot|brute-force|ziyadnz|hourly,2026-08-17T18:48:05Z,2026-08-17T18:48:05Z,
31.43.38.195,ipv4,ssh-brute-force,high,WHITE,blocklist.de/ssh|blocklist.de/all|ziyadnz/hourly-ipv4,blocklist.de|ssh|bot|irc-bot|brute-force|ziyadnz|hourly,2026-08-17T18:48:05Z,2026-08-17T18:48:05Z,
31.43.49.99,ipv4,ssh-brute-force,high,WHITE,blocklist.de/ssh|blocklist.de/all|ziyadnz/hourly-ipv4,blocklist.de|ssh|bot|irc-bot|brute-force|ziyadnz|hourly,2026-08-17T18:48:05Z,2026-08-17T18:48:05Z,
31.43.51.196,ipv4,ssh-brute-force,high,WHITE,blocklist.de/ssh|blocklist.de/all|ziyadnz/hourly-ipv4,blocklist.de|ssh|bot|irc-bot|brute-force|ziyadnz|hourly,2026-08-17T18:48:05Z,2026-08-17T18:48:05Z,
31.56.178.196,ipv4,ssh-brute-force,high,WHITE,blocklist.de/ssh|blocklist.de/all|ziyadnz/hourly-ipv4,blocklist.de|ssh|bot|irc-bot|brute-force|ziyadnz|hourly,2026-08-17T18:48:05Z,2026-08-17T18:48:05Z,
31.56.21.230,ipv4,ssh-brute-force,high,WHITE,blocklist.de/ssh|blocklist.de/all|ziyadnz/hourly-ipv4,blocklist.de|ssh|bot|irc-bot|brute-force|ziyadnz|hourly,2026-08-17T18:48:05Z,2026-08-17T18:48:05Z,
31.57.129.125,ipv4,ssh-brute-force,high,WHITE,blocklist.de/ssh|blocklist.de/all|ziyadnz/hourly-ipv4,blocklist.de|ssh|bot|irc-bot|brute-force|ziyadnz|hourly,2026-08-17T18:48:05Z,2026-08-17T18:48:05Z,
31.57.47.248,ipv4,ssh-brute-force,high,WHITE,blocklist.de/ssh|blocklist.de/all|ziyadnz/hourly-ipv4,blocklist.de|ssh|bot|irc-bot|brute-force|ziyadnz|hourly,2026-08-17T18:48:05Z,2026-08-17T18:48:05Z,
31.70.80.107,ipv4,ssh-brute-force,high,WHITE,blocklist.de/ssh|blocklist.de/all|ziyadnz/hourly-ipv4,blocklist.de|ssh|bot|irc-bot|brute-force|ziyadnz|hourly,2026-08-17T18:48:05Z,2026-08-17T18:48:05Z,
31.70.94.155,ipv4,ssh-brute-force,high,WHITE,blocklist.de/ssh|blocklist.de/all|ziyadnz/hourly-ipv4,blocklist.de|ssh|bot|irc-bot|brute-force|ziyadnz|hourly,2026-08-17T18:48:05Z,2026-08-17T18:48:05Z,
31.77.147.80,ipv4,ssh-brute-force,high,WHITE,blocklist.de/ssh|blocklist.de/all|ziyadnz/hourly-ipv4,blocklist.de|ssh|bot|irc-bot|brute-force|ziyadnz|hourly,2026-08-17T18:48:05Z,2026-08-17T18:48:05Z,
31.77.151.233,ipv4,ssh-brute-force,high,WHITE,blocklist.de/ssh|blocklist.de/all|ziyadnz/hourly-ipv4,blocklist.de|ssh|bot|irc-bot|brute-force|ziyadnz|hourly,2026-08-17T18:48:05Z,2026-08-17T18:48:05Z,
31.97.152.213,ipv4,ssh-brute-force,high,WHITE,blocklist.de/ssh|blocklist.de/all|ziyadnz/hourly-ipv4,blocklist.de|ssh|bot|irc-bot|brute-force|ziyadnz|hourly,2026-08-17T18:48:05Z,2026-08-17T18:48:05Z,
32.193.246.97,ipv4,ssh-brute-force,high,WHITE,blocklist.de/ssh|blocklist.de/all|ziyadnz/hourly-ipv4,blocklist.de|ssh|bot|irc-bot|brute-force|ziyadnz|hourly,2026-08-17T18:48:05Z,2026-08-17T18:48:05Z,
34.10.115.196,ipv4,ssh-brute-force,high,WHITE,blocklist.de/ssh|blocklist.de/all|ziyadnz/hourly-ipv4,blocklist.de|ssh|bot|irc-bot|brute-force|ziyadnz|hourly,2026-08-17T18:48:05Z,2026-08-17T18:48:05Z,
34.100.248.63,ipv4,ssh-brute-force,high,WHITE,blocklist.de/ssh|blocklist.de/all|ziyadnz/hourly-ipv4,blocklist.de|ssh|bot|irc-bot|brute-force|ziyadnz|hourly,2026-08-17T18:48:05Z,2026-08-17T18:48:05Z,
34.124.225.147,ipv4,ssh-brute-force,high,WHITE,blocklist.de/ssh|blocklist.de/all|ziyadnz/hourly-ipv4,blocklist.de|ssh|bot|irc-bot|brute-force|ziyadnz|hourly,2026-08-17T18:48:05Z,2026-08-17T18:48:05Z,
34.135.200.178,ipv4,ssh-brute-force,high,WHITE,blocklist.de/ssh|blocklist.de/all|ziyadnz/hourly-ipv4,blocklist.de|ssh|bot|irc-bot|brute-force|ziyadnz|hourly,2026-08-17T18:48:05Z,2026-08-17T18:48:05Z,
34.14.122.221,ipv4,ssh-brute-force,high,WHITE,blocklist.de/ssh|blocklist.de/all|ziyadnz/hourly-ipv4,blocklist.de|ssh|bot|irc-bot|brute-force|ziyadnz|hourly,2026-08-17T18:48:05Z,2026-08-17T18:48:05Z,
34.140.184.142,ipv4,ssh-brute-force,high,WHITE,blocklist.de/ssh|blocklist.de/all|ziyadnz/hourly-ipv4,blocklist.de|ssh|bot|irc-bot|brute-force|ziyadnz|hourly,2026-08-17T18:48:05Z,2026-08-17T18:48:05Z,
34.140.185.159,ipv4,ssh-brute-force,high,WHITE,blocklist.de/ssh|blocklist.de/all|ziyadnz/hourly-ipv4,blocklist.de|ssh|bot|irc-bot|brute-force|ziyadnz|hourly,2026-08-17T18:48:05Z,2026-08-17T18:48:05Z,
34.140.37.140,ipv4,ssh-brute-force,high,WHITE,blocklist.de/ssh|blocklist.de/all|ziyadnz/hourly-ipv4,blocklist.de|ssh|bot|irc-bot|brute-force|ziyadnz|hourly,2026-08-17T18:48:05Z,2026-08-17T18:48:05Z,
34.140.88.226,ipv4,ssh-brute-force,high,WHITE,blocklist.de/ssh|blocklist.de/all|ziyadnz/hourly-ipv4,blocklist.de|ssh|bot|irc-bot|brute-force|ziyadnz|hourly,2026-08-17T18:48:05Z,2026-08-17T18:48:05Z,
34.142.110.144,ipv4,ssh-brute-force,high,WHITE,blocklist.de/ssh|blocklist.de/all|ziyadnz/hourly-ipv4,blocklist.de|ssh|bot|irc-bot|brute-force|ziyadnz|hourly,2026-08-17T18:48:05Z,2026-08-17T18:48:05Z,
34.156.187.2,ipv4,ssh-brute-force,high,WHITE,blocklist.de/ssh|blocklist.de/all|ziyadnz/hourly-ipv4,blocklist.de|ssh|bot|irc-bot|brute-force|ziyadnz|hourly,2026-08-17T18:48:05Z,2026-08-17T18:48:05Z,
34.156.217.41,ipv4,ssh-brute-force,high,WHITE,blocklist.de/ssh|blocklist.de/all|ziyadnz/hourly-ipv4,blocklist.de|ssh|bot|irc-bot|brute-force|ziyadnz|hourly,2026-08-17T18:48:05Z,2026-08-17T18:48:05Z,
34.156.47.118,ipv4,ssh-brute-force,high,WHITE,blocklist.de/ssh|blocklist.de/all|ziyadnz/hourly-ipv4,blocklist.de|ssh|bot|irc-bot|brute-force|ziyadnz|hourly,2026-08-17T18:48:05Z,2026-08-17T18:48:05Z,
34.175.40.154,ipv4,ssh-brute-force,high,WHITE,blocklist.de/ssh|blocklist.de/all|ziyadnz/hourly-ipv4,blocklist.de|ssh|bot|irc-bot|brute-force|ziyadnz|hourly,2026-08-17T18:48:05Z,2026-08-17T18:48:05Z,
34.18.108.171,ipv4,ssh-brute-force,high,WHITE,blocklist.de/ssh|blocklist.de/all|ziyadnz/hourly-ipv4,blocklist.de|ssh|bot|irc-bot|brute-force|ziyadnz|hourly,2026-08-17T18:48:05Z,2026-08-17T18:48:05Z,
34.205.154.127,ipv4,ssh-brute-force,high,WHITE,blocklist.de/ssh|blocklist.de/all|ziyadnz/hourly-ipv4,blocklist.de|ssh|bot|irc-bot|brute-force|ziyadnz|hourly,2026-08-17T18:48:05Z,2026-08-17T18:48:05Z,
34.221.97.63,ipv4,ssh-brute-force,high,WHITE,blocklist.de/ssh|blocklist.de/all|ziyadnz/hourly-ipv4,blocklist.de|ssh|bot|irc-bot|brute-force|ziyadnz|hourly,2026-08-17T18:48:05Z,2026-08-17T18:48:05Z,
34.227.163.200,ipv4,ssh-brute-force,high,WHITE,blocklist.de/ssh|blocklist.de/all|ziyadnz/hourly-ipv4,blocklist.de|ssh|bot|irc-bot|brute-force|ziyadnz|hourly,2026-08-17T18:48:05Z,2026-08-17T18:48:05Z,
34.227.30.174,ipv4,ssh-brute-force,high,WHITE,blocklist.de/ssh|blocklist.de/all|ziyadnz/hourly-ipv4,blocklist.de|ssh|bot|irc-bot|brute-force|ziyadnz|hourly,2026-08-17T18:48:05Z,2026-08-17T18:48:05Z,
34.228.63.7,ipv4,ssh-brute-force,high,WHITE,blocklist.de/ssh|blocklist.de/all|ziyadnz/hourly-ipv4,blocklist.de|ssh|bot|irc-bot|brute-force|ziyadnz|hourly,2026-08-17T18:48:05Z,2026-08-17T18:48:05Z,
34.233.122.45,ipv4,ssh-brute-force,high,WHITE,blocklist.de/ssh|blocklist.de/all|ziyadnz/hourly-ipv4,blocklist.de|ssh|bot|irc-bot|brute-force|ziyadnz|hourly,2026-08-17T18:48:05Z,2026-08-17T18:48:05Z,
34.239.105.156,ipv4,ssh-brute-force,high,WHITE,blocklist.de/ssh|blocklist.de/all|ziyadnz/hourly-ipv4,blocklist.de|ssh|bot|irc-bot|brute-force|ziyadnz|hourly,2026-08-17T18:48:05Z,2026-08-17T18:48:05Z,
34.38.168.30,ipv4,ssh-brute-force,high,WHITE,blocklist.de/ssh|blocklist.de/all|ziyadnz/hourly-ipv4,blocklist.de|ssh|bot|irc-bot|brute-force|ziyadnz|hourly,2026-08-17T18:48:05Z,2026-08-17T18:48:05Z,
34.38.239.172,ipv4,ssh-brute-force,high,WHITE,blocklist.de/ssh|blocklist.de/all|ziyadnz/hourly-ipv4,blocklist.de|ssh|bot|irc-bot|brute-force|ziyadnz|hourly,2026-08-17T18:48:05Z,2026-08-17T18:48:05Z,
34.38.255.210,ipv4,ssh-brute-force,high,WHITE,blocklist.de/ssh|blocklist.de/all|ziyadnz/hourly-ipv4,blocklist.de|ssh|bot|irc-bot|brute-force|ziyadnz|hourly,2026-08-17T18:48:05Z,2026-08-17T18:48:05Z,
34.44.17.113,ipv4,ssh-brute-force,high,WHITE,blocklist.de/ssh|blocklist.de/all|ziyadnz/hourly-ipv4,blocklist.de|ssh|bot|irc-bot|brute-force|ziyadnz|hourly,2026-08-17T18:48:05Z,2026-08-17T18:48:05Z,
34.48.114.102,ipv4,ssh-brute-force,high,WHITE,blocklist.de/ssh|blocklist.de/all|ziyadnz/hourly-ipv4,blocklist.de|ssh|bot|irc-bot|brute-force|ziyadnz|hourly,2026-08-17T18:48:05Z,2026-08-17T18:48:05Z,
34.48.55.193,ipv4,ssh-brute-force,high,WHITE,blocklist.de/ssh|blocklist.de/all|ziyadnz/hourly-ipv4,blocklist.de|ssh|bot|irc-bot|brute-force|ziyadnz|hourly,2026-08-17T18:48:05Z,2026-08-17T18:48:05Z,
34.53.179.141,ipv4,ssh-brute-force,high,WHITE,blocklist.de/ssh|blocklist.de/all|ziyadnz/hourly-ipv4,blocklist.de|ssh|bot|irc-bot|brute-force|ziyadnz|hourly,2026-08-17T18:48:05Z,2026-08-17T18:48:05Z,
34.53.195.112,ipv4,ssh-brute-force,high,WHITE,blocklist.de/ssh|blocklist.de/all|ziyadnz/hourly-ipv4,blocklist.de|ssh|bot|irc-bot|brute-force|ziyadnz|hourly,2026-08-17T18:48:05Z,2026-08-17T18:48:05Z,
34.53.205.21,ipv4,ssh-brute-force,high,WHITE,blocklist.de/ssh|blocklist.de/all|ziyadnz/hourly-ipv4,blocklist.de|ssh|bot|irc-bot|brute-force|ziyadnz|hourly,2026-08-17T18:48:05Z,2026-08-17T18:48:05Z,
34.58.124.191,ipv4,ssh-brute-force,high,WHITE,blocklist.de/ssh|blocklist.de/all|ziyadnz/hourly-ipv4,blocklist.de|ssh|bot|irc-bot|brute-force|ziyadnz|hourly,2026-08-17T18:48:05Z,2026-08-17T18:48:05Z,
34.62.116.50,ipv4,ssh-brute-force,high,WHITE,blocklist.de/ssh|blocklist.de/all|ziyadnz/hourly-ipv4,blocklist.de|ssh|bot|irc-bot|brute-force|ziyadnz|hourly,2026-08-17T18:48:05Z,2026-08-17T18:48:05Z,
34.62.165.128,ipv4,ssh-brute-force,high,WHITE,blocklist.de/ssh|blocklist.de/all|ziyadnz/hourly-ipv4,blocklist.de|ssh|bot|irc-bot|brute-force|ziyadnz|hourly,2026-08-17T18:48:05Z,2026-08-17T18:48:05Z,
34.62.187.154,ipv4,ssh-brute-force,high,WHITE,blocklist.de/ssh|blocklist.de/all|ziyadnz/hourly-ipv4,blocklist.de|ssh|bot|irc-bot|brute-force|ziyadnz|hourly,2026-08-17T18:48:05Z,2026-08-17T18:48:05Z,
34.62.234.118,ipv4,ssh-brute-force,high,WHITE,blocklist.de/ssh|blocklist.de/all|ziyadnz/hourly-ipv4,blocklist.de|ssh|bot|irc-bot|brute-force|ziyadnz|hourly,2026-08-17T18:48:05Z,2026-08-17T18:48:05Z,
34.63.42.56,ipv4,ssh-brute-force,high,WHITE,blocklist.de/ssh|blocklist.de/all|ziyadnz/hourly-ipv4,blocklist.de|ssh|bot|irc-bot|brute-force|ziyadnz|hourly,2026-08-17T18:48:05Z,2026-08-17T18:48:05Z,
34.76.104.48,ipv4,ssh-brute-force,high,WHITE,blocklist.de/ssh|blocklist.de/all|ziyadnz/hourly-ipv4,blocklist.de|ssh|bot|irc-bot|brute-force|ziyadnz|hourly,2026-08-17T18:48:05Z,2026-08-17T18:48:05Z,
34.76.114.79,ipv4,ssh-brute-force,high,WHITE,blocklist.de/ssh|blocklist.de/all|ziyadnz/hourly-ipv4,blocklist.de|ssh|bot|irc-bot|brute-force|ziyadnz|hourly,2026-08-17T18:48:05Z,2026-08-17T18:48:05Z,
34.76.23.147,ipv4,ssh-brute-force,high,WHITE,blocklist.de/ssh|blocklist.de/all|ziyadnz/hourly-ipv4,blocklist.de|ssh|bot|irc-bot|brute-force|ziyadnz|hourly,2026-08-17T18:48:05Z,2026-08-17T18:48:05Z,
34.76.4.166,ipv4,ssh-brute-force,high,WHITE,blocklist.de/ssh|blocklist.de/all|ziyadnz/hourly-ipv4,blocklist.de|ssh|bot|irc-bot|brute-force|ziyadnz|hourly,2026-08-17T18:48:05Z,2026-08-17T18:48:05Z,
34.77.143.108,ipv4,ssh-brute-force,high,WHITE,blocklist.de/ssh|blocklist.de/all|ziyadnz/hourly-ipv4,blocklist.de|ssh|bot|irc-bot|brute-force|ziyadnz|hourly,2026-08-17T18:48:05Z,2026-08-17T18:48:05Z,
34.77.222.133,ipv4,ssh-brute-force,high,WHITE,blocklist.de/ssh|blocklist.de/all|ziyadnz/hourly-ipv4,blocklist.de|ssh|bot|irc-bot|brute-force|ziyadnz|hourly,2026-08-17T18:48:05Z,2026-08-17T18:48:05Z,
34.77.229.247,ipv4,ssh-brute-force,high,WHITE,blocklist.de/ssh|blocklist.de/all|ziyadnz/hourly-ipv4,blocklist.de|ssh|bot|irc-bot|brute-force|ziyadnz|hourly,2026-08-17T18:48:05Z,2026-08-17T18:48:05Z,
34.77.242.250,ipv4,ssh-brute-force,high,WHITE,blocklist.de/ssh|blocklist.de/all|ziyadnz/hourly-ipv4,blocklist.de|ssh|bot|irc-bot|brute-force|ziyadnz|hourly,2026-08-17T18:48:05Z,2026-08-17T18:48:05Z,
34.77.54.4,ipv4,ssh-brute-force,high,WHITE,blocklist.de/ssh|blocklist.de/all|ziyadnz/hourly-ipv4,blocklist.de|ssh|bot|irc-bot|brute-force|ziyadnz|hourly,2026-08-17T18:48:05Z,2026-08-17T18:48:05Z,
34.78.221.122,ipv4,ssh-brute-force,high,WHITE,blocklist.de/ssh|blocklist.de/all|ziyadnz/hourly-ipv4,blocklist.de|ssh|bot|irc-bot|brute-force|ziyadnz|hourly,2026-08-17T18:48:05Z,2026-08-17T18:48:05Z,
34.78.29.97,ipv4,ssh-brute-force,high,WHITE,blocklist.de/ssh|blocklist.de/all|ziyadnz/hourly-ipv4,blocklist.de|ssh|bot|irc-bot|brute-force|ziyadnz|hourly,2026-08-17T18:48:05Z,2026-08-17T18:48:05Z,
34.88.29.206,ipv4,ssh-brute-force,high,WHITE,blocklist.de/ssh|blocklist.de/all|ziyadnz/hourly-ipv4,blocklist.de|ssh|bot|irc-bot|brute-force|ziyadnz|hourly,2026-08-17T18:48:05Z,2026-08-17T18:48:05Z,
34.93.128.179,ipv4,ssh-brute-force,high,WHITE,blocklist.de/ssh|blocklist.de/all|ziyadnz/hourly-ipv4,blocklist.de|ssh|bot|irc-bot|brute-force|ziyadnz|hourly,2026-08-17T18:48:05Z,2026-08-17T18:48:05Z,
34.94.4.247,ipv4,ssh-brute-force,high,WHITE,blocklist.de/ssh|blocklist.de/all|ziyadnz/hourly-ipv4,blocklist.de|ssh|bot|irc-bot|brute-force|ziyadnz|hourly,2026-08-17T18:48:05Z,2026-08-17T18:48:05Z,
35.140.7.187,ipv4,ssh-brute-force,high,WHITE,blocklist.de/ssh|blocklist.de/all|ziyadnz/hourly-ipv4,blocklist.de|ssh|bot|irc-bot|brute-force|ziyadnz|hourly,2026-08-17T18:48:05Z,2026-08-17T18:48:05Z,
35.164.233.58,ipv4,ssh-brute-force,high,WHITE,blocklist.de/ssh|blocklist.de/all|ziyadnz/hourly-ipv4,blocklist.de|ssh|bot|irc-bot|brute-force|ziyadnz|hourly,2026-08-17T18:48:05Z,2026-08-17T18:48:05Z,
35.187.176.148,ipv4,ssh-brute-force,high,WHITE,blocklist.de/ssh|blocklist.de/all|ziyadnz/hourly-ipv4,blocklist.de|ssh|bot|irc-bot|brute-force|ziyadnz|hourly,2026-08-17T18:48:05Z,2026-08-17T18:48:05Z,
35.187.41.200,ipv4,ssh-brute-force,high,WHITE,blocklist.de/ssh|blocklist.de/all|ziyadnz/hourly-ipv4,blocklist.de|ssh|bot|irc-bot|brute-force|ziyadnz|hourly,2026-08-17T18:48:05Z,2026-08-17T18:48:05Z,
35.187.47.213,ipv4,ssh-brute-force,high,WHITE,blocklist.de/ssh|blocklist.de/all|ziyadnz/hourly-ipv4,blocklist.de|ssh|bot|irc-bot|brute-force|ziyadnz|hourly,2026-08-17T18:48:05Z,2026-08-17T18:48:05Z,
35.188.112.111,ipv4,ssh-brute-force,high,WHITE,blocklist.de/ssh|blocklist.de/all|ziyadnz/hourly-ipv4,blocklist.de|ssh|bot|irc-bot|brute-force|ziyadnz|hourly,2026-08-17T18:48:05Z,2026-08-17T18:48:05Z,
35.195.82.67,ipv4,ssh-brute-force,high,WHITE,blocklist.de/ssh|blocklist.de/all|ziyadnz/hourly-ipv4,blocklist.de|ssh|bot|irc-bot|brute-force|ziyadnz|hourly,2026-08-17T18:48:05Z,2026-08-17T18:48:05Z,
35.200.201.144,ipv4,ssh-brute-force,high,WHITE,blocklist.de/ssh|blocklist.de/all|ziyadnz/hourly-ipv4,blocklist.de|ssh|bot|irc-bot|brute-force|ziyadnz|hourly,2026-08-17T18:48:05Z,2026-08-17T18:48:05Z,
35.203.210.179,ipv4,ssh-brute-force,high,WHITE,blocklist.de/ssh|blocklist.de/all|ziyadnz/hourly-ipv4,blocklist.de|ssh|bot|irc-bot|brute-force|ziyadnz|hourly,2026-08-17T18:48:05Z,2026-08-17T18:48:05Z,
35.203.210.211,ipv4,ssh-brute-force,high,WHITE,blocklist.de/ssh|blocklist.de/all|ziyadnz/hourly-ipv4,blocklist.de|ssh|bot|irc-bot|brute-force|ziyadnz|hourly,2026-08-17T18:48:05Z,2026-08-17T18:48:05Z,
35.203.211.111,ipv4,ssh-brute-force,high,WHITE,blocklist.de/ssh|blocklist.de/all|ziyadnz/hourly-ipv4,blocklist.de|ssh|bot|irc-bot|brute-force|ziyadnz|hourly,2026-08-17T18:48:05Z,2026-08-17T18:48:05Z,
35.203.211.194,ipv4,ssh-brute-force,high,WHITE,blocklist.de/ssh|blocklist.de/all|ziyadnz/hourly-ipv4,blocklist.de|ssh|bot|irc-bot|brute-force|ziyadnz|hourly,2026-08-17T18:48:05Z,2026-08-17T18:48:05Z,
35.203.211.209,ipv4,ssh-brute-force,high,WHITE,blocklist.de/ssh|blocklist.de/all|ziyadnz/hourly-ipv4,blocklist.de|ssh|bot|irc-bot|brute-force|ziyadnz|hourly,2026-08-17T18:48:05Z,2026-08-17T18:48:05Z,
35.205.171.244,ipv4,ssh-brute-force,high,WHITE,blocklist.de/ssh|blocklist.de/all|ziyadnz/hourly-ipv4,blocklist.de|ssh|bot|irc-bot|brute-force|ziyadnz|hourly,2026-08-17T18:48:05Z,2026-08-17T18:48:05Z,
35.205.231.191,ipv4,ssh-brute-force,high,WHITE,blocklist.de/ssh|blocklist.de/all|ziyadnz/hourly-ipv4,blocklist.de|ssh|bot|irc-bot|brute-force|ziyadnz|hourly,2026-08-17T18:48:05Z,2026-08-17T18:48:05Z,
35.205.59.101,ipv4,ssh-brute-force,high,WHITE,blocklist.de/ssh|blocklist.de/all|ziyadnz/hourly-ipv4,blocklist.de|ssh|bot|irc-bot|brute-force|ziyadnz|hourly,2026-08-17T18:48:05Z,2026-08-17T18:48:05Z,
35.207.202.141,ipv4,ssh-brute-force,high,WHITE,blocklist.de/ssh|blocklist.de/all|ziyadnz/hourly-ipv4,blocklist.de|ssh|bot|irc-bot|brute-force|ziyadnz|hourly,2026-08-17T18:48:05Z,2026-08-17T18:48:05Z,
35.210.61.208,ipv4,ssh-brute-force,high,WHITE,blocklist.de/ssh|blocklist.de/all|ziyadnz/hourly-ipv4,blocklist.de|ssh|bot|irc-bot|brute-force|ziyadnz|hourly,2026-08-17T18:48:05Z,2026-08-17T18:48:05Z,
35.233.119.225,ipv4,ssh-brute-force,high,WHITE,blocklist.de/ssh|blocklist.de/all|ziyadnz/hourly-ipv4,blocklist.de|ssh|bot|irc-bot|brute-force|ziyadnz|hourly,2026-08-17T18:48:05Z,2026-08-17T18:48:05Z,
35.246.80.146,ipv4,ssh-brute-force,high,WHITE,blocklist.de/ssh|blocklist.de/all|ziyadnz/hourly-ipv4,blocklist.de|ssh|bot|irc-bot|brute-force|ziyadnz|hourly,2026-08-17T18:48:05Z,2026-08-17T18:48:05Z,
35.87.76.239,ipv4,ssh-brute-force,high,WHITE,blocklist.de/ssh|blocklist.de/all|ziyadnz/hourly-ipv4,blocklist.de|ssh|bot|irc-bot|brute-force|ziyadnz|hourly,2026-08-17T18:48:05Z,2026-08-17T18:48:05Z,
36.103.243.179,ipv4,ssh-brute-force,high,WHITE,blocklist.de/ssh|blocklist.de/all|ziyadnz/hourly-ipv4,blocklist.de|ssh|bot|irc-bot|brute-force|ziyadnz|hourly,2026-08-17T18:48:05Z,2026-08-17T18:48:05Z,
36.104.144.114,ipv4,ssh-brute-force,high,WHITE,blocklist.de/ssh|blocklist.de/all|ziyadnz/hourly-ipv4,blocklist.de|ssh|bot|irc-bot|brute-force|ziyadnz|hourly,2026-08-17T18:48:05Z,2026-08-17T18:48:05Z,
36.104.147.6,ipv4,ssh-brute-force,high,WHITE,blocklist.de/ssh|blocklist.de/all|ziyadnz/hourly-ipv4,blocklist.de|ssh|bot|irc-bot|brute-force|ziyadnz|hourly,2026-08-17T18:48:05Z,2026-08-17T18:48:05Z,
36.107.225.185,ipv4,ssh-brute-force,high,WHITE,blocklist.de/ssh|blocklist.de/all|ziyadnz/hourly-ipv4,blocklist.de|ssh|bot|irc-bot|brute-force|ziyadnz|hourly,2026-08-17T18:48:05Z,2026-08-17T18:48:05Z,
36.107.230.153,ipv4,ssh-brute-force,high,WHITE,blocklist.de/ssh|blocklist.de/all|ziyadnz/hourly-ipv4,blocklist.de|ssh|bot|irc-bot|brute-force|ziyadnz|hourly,2026-08-17T18:48:05Z,2026-08-17T18:48:05Z,
36.108.175.145,ipv4,ssh-brute-force,high,WHITE,blocklist.de/ssh|blocklist.de/all|ziyadnz/hourly-ipv4,blocklist.de|ssh|bot|irc-bot|brute-force|ziyadnz|hourly,2026-08-17T18:48:05Z,2026-08-17T18:48:05Z,
36.110.14.155,ipv4,ssh-brute-force,high,WHITE,blocklist.de/ssh|blocklist.de/all|ziyadnz/hourly-ipv4,blocklist.de|ssh|bot|irc-bot|brute-force|ziyadnz|hourly,2026-08-17T18:48:05Z,2026-08-17T18:48:05Z,
36.111.40.138,ipv4,ssh-brute-force,high,WHITE,blocklist.de/ssh|blocklist.de/all|ziyadnz/hourly-ipv4,blocklist.de|ssh|bot|irc-bot|brute-force|ziyadnz|hourly,2026-08-17T18:48:05Z,2026-08-17T18:48:05Z,
36.133.163.5,ipv4,ssh-brute-force,high,WHITE,blocklist.de/ssh|blocklist.de/all|ziyadnz/hourly-ipv4,blocklist.de|ssh|bot|irc-bot|brute-force|ziyadnz|hourly,2026-08-17T18:48:05Z,2026-08-17T18:48:05Z,
36.133.176.124,ipv4,ssh-brute-force,high,WHITE,blocklist.de/ssh|blocklist.de/all|ziyadnz/hourly-ipv4,blocklist.de|ssh|bot|irc-bot|brute-force|ziyadnz|hourly,2026-08-17T18:48:05Z,2026-08-17T18:48:05Z,
36.133.184.250,ipv4,ssh-brute-force,high,WHITE,blocklist.de/ssh|blocklist.de/all|ziyadnz/hourly-ipv4,blocklist.de|ssh|bot|irc-bot|brute-force|ziyadnz|hourly,2026-08-17T18:48:05Z,2026-08-17T18:48:05Z,
36.133.214.135,ipv4,ssh-brute-force,high,WHITE,blocklist.de/ssh|blocklist.de/all|ziyadnz/hourly-ipv4,blocklist.de|ssh|bot|irc-bot|brute-force|ziyadnz|hourly,2026-08-17T18:48:05Z,2026-08-17T18:48:05Z,
36.134.208.91,ipv4,ssh-brute-force,high,WHITE,blocklist.de/ssh|blocklist.de/all|ziyadnz/hourly-ipv4,blocklist.de|ssh|bot|irc-bot|brute-force|ziyadnz|hourly,2026-08-17T18:48:05Z,2026-08-17T18:48:05Z,
36.134.3.243,ipv4,ssh-brute-force,high,WHITE,blocklist.de/ssh|blocklist.de/all|ziyadnz/hourly-ipv4,blocklist.de|ssh|bot|irc-bot|brute-force|ziyadnz|hourly,2026-08-17T18:48:05Z,2026-08-17T18:48:05Z,
36.134.69.15,ipv4,ssh-brute-force,high,WHITE,blocklist.de/ssh|blocklist.de/all|ziyadnz/hourly-ipv4,blocklist.de|ssh|bot|irc-bot|brute-force|ziyadnz|hourly,2026-08-17T18:48:05Z,2026-08-17T18:48:05Z,
36.134.96.76,ipv4,ssh-brute-force,high,WHITE,blocklist.de/ssh|blocklist.de/all|ziyadnz/hourly-ipv4,blocklist.de|ssh|bot|irc-bot|brute-force|ziyadnz|hourly,2026-08-17T18:48:05Z,2026-08-17T18:48:05Z,
36.137.169.74,ipv4,ssh-brute-force,high,WHITE,blocklist.de/ssh|blocklist.de/all|ziyadnz/hourly-ipv4,blocklist.de|ssh|bot|irc-bot|brute-force|ziyadnz|hourly,2026-08-17T18:48:05Z,2026-08-17T18:48:05Z,
36.137.180.219,ipv4,ssh-brute-force,high,WHITE,blocklist.de/ssh|blocklist.de/all|ziyadnz/hourly-ipv4,blocklist.de|ssh|bot|irc-bot|brute-force|ziyadnz|hourly,2026-08-17T18:48:05Z,2026-08-17T18:48:05Z,
36.137.249.148,ipv4,ssh-brute-force,high,WHITE,blocklist.de/ssh|blocklist.de/all|ziyadnz/hourly-ipv4,blocklist.de|ssh|bot|irc-bot|brute-force|ziyadnz|hourly,2026-08-17T18:48:05Z,2026-08-17T18:48:05Z,
36.138.134.121,ipv4,ssh-brute-force,high,WHITE,blocklist.de/ssh|blocklist.de/all|ziyadnz/hourly-ipv4,blocklist.de|ssh|bot|irc-bot|brute-force|ziyadnz|hourly,2026-08-17T18:48:05Z,2026-08-17T18:48:05Z,
36.138.16.250,ipv4,ssh-brute-force,high,WHITE,blocklist.de/ssh|blocklist.de/all|ziyadnz/hourly-ipv4,blocklist.de|ssh|bot|irc-bot|brute-force|ziyadnz|hourly,2026-08-17T18:48:05Z,2026-08-17T18:48:05Z,
36.138.78.195,ipv4,ssh-brute-force,high,WHITE,blocklist.de/ssh|blocklist.de/all|ziyadnz/hourly-ipv4,blocklist.de|ssh|bot|irc-bot|brute-force|ziyadnz|hourly,2026-08-17T18:48:05Z,2026-08-17T18:48:05Z,
36.139.152.215,ipv4,ssh-brute-force,high,WHITE,blocklist.de/ssh|blocklist.de/all|ziyadnz/hourly-ipv4,blocklist.de|ssh|bot|irc-bot|brute-force|ziyadnz|hourly,2026-08-17T18:48:05Z,2026-08-17T18:48:05Z,
36.139.161.140,ipv4,ssh-brute-force,high,WHITE,blocklist.de/ssh|blocklist.de/all|ziyadnz/hourly-ipv4,blocklist.de|ssh|bot|irc-bot|brute-force|ziyadnz|hourly,2026-08-17T18:48:05Z,2026-08-17T18:48:05Z,
36.139.41.116,ipv4,ssh-brute-force,high,WHITE,blocklist.de/ssh|blocklist.de/all|ziyadnz/hourly-ipv4,blocklist.de|ssh|bot|irc-bot|brute-force|ziyadnz|hourly,2026-08-17T18:48:05Z,2026-08-17T18:48:05Z,
36.139.89.177,ipv4,ssh-brute-force,high,WHITE,blocklist.de/ssh|blocklist.de/all|ziyadnz/hourly-ipv4,blocklist.de|ssh|bot|irc-bot|brute-force|ziyadnz|hourly,2026-08-17T18:48:05Z,2026-08-17T18:48:05Z,
36.141.79.94,ipv4,ssh-brute-force,high,WHITE,blocklist.de/ssh|blocklist.de/all|ziyadnz/hourly-ipv4,blocklist.de|ssh|bot|irc-bot|brute-force|ziyadnz|hourly,2026-08-17T18:48:05Z,2026-08-17T18:48:05Z,
36.141.93.74,ipv4,ssh-brute-force,high,WHITE,blocklist.de/ssh|blocklist.de/all|ziyadnz/hourly-ipv4,blocklist.de|ssh|bot|irc-bot|brute-force|ziyadnz|hourly,2026-08-17T18:48:05Z,2026-08-17T18:48:05Z,
36.150.236.72,ipv4,ssh-brute-force,high,WHITE,blocklist.de/ssh|blocklist.de/all|ziyadnz/hourly-ipv4,blocklist.de|ssh|bot|irc-bot|brute-force|ziyadnz|hourly,2026-08-17T18:48:05Z,2026-08-17T18:48:05Z,
36.151.150.93,ipv4,ssh-brute-force,high,WHITE,blocklist.de/ssh|blocklist.de/all|ziyadnz/hourly-ipv4,blocklist.de|ssh|bot|irc-bot|brute-force|ziyadnz|hourly,2026-08-17T18:48:05Z,2026-08-17T18:48:05Z,
36.152.142.35,ipv4,ssh-brute-force,high,WHITE,blocklist.de/ssh|blocklist.de/all|ziyadnz/hourly-ipv4,blocklist.de|ssh|bot|irc-bot|brute-force|ziyadnz|hourly,2026-08-17T18:48:05Z,2026-08-17T18:48:05Z,
36.163.100.194,ipv4,ssh-brute-force,high,WHITE,blocklist.de/ssh|blocklist.de/all|ziyadnz/hourly-ipv4,blocklist.de|ssh|bot|irc-bot|brute-force|ziyadnz|hourly,2026-08-17T18:48:05Z,2026-08-17T18:48:05Z,
36.163.118.106,ipv4,ssh-brute-force,high,WHITE,blocklist.de/ssh|blocklist.de/all|ziyadnz/hourly-ipv4,blocklist.de|ssh|bot|irc-bot|brute-force|ziyadnz|hourly,2026-08-17T18:48:05Z,2026-08-17T18:48:05Z,
36.163.118.108,ipv4,ssh-brute-force,high,WHITE,blocklist.de/ssh|blocklist.de/all|ziyadnz/hourly-ipv4,blocklist.de|ssh|bot|irc-bot|brute-force|ziyadnz|hourly,2026-08-17T18:48:05Z,2026-08-17T18:48:05Z,
36.189.81.101,ipv4,ssh-brute-force,high,WHITE,blocklist.de/ssh|blocklist.de/all|ziyadnz/hourly-ipv4,blocklist.de|ssh|bot|irc-bot|brute-force|ziyadnz|hourly,2026-08-17T18:48:05Z,2026-08-17T18:48:05Z,
36.212.158.77,ipv4,ssh-brute-force,high,WHITE,blocklist.de/ssh|blocklist.de/all|ziyadnz/hourly-ipv4,blocklist.de|ssh|bot|irc-bot|brute-force|ziyadnz|hourly,2026-08-17T18:48:05Z,2026-08-17T18:48:05Z,
36.212.183.247,ipv4,ssh-brute-force,high,WHITE,blocklist.de/ssh|blocklist.de/all|ziyadnz/hourly-ipv4,blocklist.de|ssh|bot|irc-bot|brute-force|ziyadnz|hourly,2026-08-17T18:48:05Z,2026-08-17T18:48:05Z,
36.212.237.195,ipv4,ssh-brute-force,high,WHITE,blocklist.de/ssh|blocklist.de/all|ziyadnz/hourly-ipv4,blocklist.de|ssh|bot|irc-bot|brute-force|ziyadnz|hourly,2026-08-17T18:48:05Z,2026-08-17T18:48:05Z,
36.213.97.35,ipv4,ssh-brute-force,high,WHITE,blocklist.de/ssh|blocklist.de/all|ziyadnz/hourly-ipv4,blocklist.de|ssh|bot|irc-bot|brute-force|ziyadnz|hourly,2026-08-17T18:48:05Z,2026-08-17T18:48:05Z,
36.227.71.162,ipv4,ssh-brute-force,high,WHITE,blocklist.de/ssh|blocklist.de/all|ziyadnz/hourly-ipv4,blocklist.de|ssh|bot|irc-bot|brute-force|ziyadnz|hourly,2026-08-17T18:48:05Z,2026-08-17T18:48:05Z,
36.24.56.126,ipv4,ssh-brute-force,high,WHITE,blocklist.de/ssh|blocklist.de/all|ziyadnz/hourly-ipv4,blocklist.de|ssh|bot|irc-bot|brute-force|ziyadnz|hourly,2026-08-17T18:48:05Z,2026-08-17T18:48:05Z,
36.253.9.128,ipv4,ssh-brute-force,high,WHITE,blocklist.de/ssh|blocklist.de/all|ziyadnz/hourly-ipv4,blocklist.de|ssh|bot|irc-bot|brute-force|ziyadnz|hourly,2026-08-17T18:48:05Z,2026-08-17T18:48:05Z,
36.26.78.218,ipv4,ssh-brute-force,high,WHITE,blocklist.de/ssh|blocklist.de/all|ziyadnz/hourly-ipv4,blocklist.de|ssh|bot|irc-bot|brute-force|ziyadnz|hourly,2026-08-17T18:48:05Z,2026-08-17T18:48:05Z,
36.33.167.165,ipv4,ssh-brute-force,high,WHITE,blocklist.de/ssh|blocklist.de/all|ziyadnz/hourly-ipv4,blocklist.de|ssh|bot|irc-bot|brute-force|ziyadnz|hourly,2026-08-17T18:48:05Z,2026-08-17T18:48:05Z,
36.50.54.177,ipv4,ssh-brute-force,high,WHITE,blocklist.de/ssh|blocklist.de/all|ziyadnz/hourly-ipv4,blocklist.de|ssh|bot|irc-bot|brute-force|ziyadnz|hourly,2026-08-17T18:48:05Z,2026-08-17T18:48:05Z,
36.50.54.248,ipv4,ssh-brute-force,high,WHITE,blocklist.de/ssh|blocklist.de/all|ziyadnz/hourly-ipv4,blocklist.de|ssh|bot|irc-bot|brute-force|ziyadnz|hourly,2026-08-17T18:48:05Z,2026-08-17T18:48:05Z,
36.53.0.114,ipv4,ssh-brute-force,high,WHITE,blocklist.de/ssh|blocklist.de/all|ziyadnz/hourly-ipv4,blocklist.de|ssh|bot|irc-bot|brute-force|ziyadnz|hourly,2026-08-17T18:48:05Z,2026-08-17T18:48:05Z,
36.64.131.68,ipv4,ssh-brute-force,high,WHITE,blocklist.de/ssh|blocklist.de/all|ziyadnz/hourly-ipv4,blocklist.de|ssh|bot|irc-bot|brute-force|ziyadnz|hourly,2026-08-17T18:48:05Z,2026-08-17T18:48:05Z,
36.69.148.113,ipv4,ssh-brute-force,high,WHITE,blocklist.de/ssh|blocklist.de/all|ziyadnz/hourly-ipv4,blocklist.de|ssh|bot|irc-bot|brute-force|ziyadnz|hourly,2026-08-17T18:48:05Z,2026-08-17T18:48:05Z,
36.78.21.92,ipv4,ssh-brute-force,high,WHITE,blocklist.de/ssh|blocklist.de/all|ziyadnz/hourly-ipv4,blocklist.de|ssh|bot|irc-bot|brute-force|ziyadnz|hourly,2026-08-17T18:48:05Z,2026-08-17T18:48:05Z,
36.79.222.65,ipv4,ssh-brute-force,high,WHITE,blocklist.de/ssh|blocklist.de/all|ziyadnz/hourly-ipv4,blocklist.de|ssh|bot|irc-bot|brute-force|ziyadnz|hourly,2026-08-17T18:48:05Z,2026-08-17T18:48:05Z,
36.89.252.58,ipv4,ssh-brute-force,high,WHITE,blocklist.de/ssh|blocklist.de/all|ziyadnz/hourly-ipv4,blocklist.de|ssh|bot|irc-bot|brute-force|ziyadnz|hourly,2026-08-17T18:48:05Z,2026-08-17T18:48:05Z,
36.92.140.209,ipv4,ssh-brute-force,high,WHITE,blocklist.de/ssh|blocklist.de/all|ziyadnz/hourly-ipv4,blocklist.de|ssh|bot|irc-bot|brute-force|ziyadnz|hourly,2026-08-17T18:48:05Z,2026-08-17T18:48:05Z,
36.92.84.130,ipv4,ssh-brute-force,high,WHITE,blocklist.de/ssh|blocklist.de/all|ziyadnz/hourly-ipv4,blocklist.de|ssh|bot|irc-bot|brute-force|ziyadnz|hourly,2026-08-17T18:48:05Z,2026-08-17T18:48:05Z,
36.93.144.67,ipv4,ssh-brute-force,high,WHITE,blocklist.de/ssh|blocklist.de/all|ziyadnz/hourly-ipv4,blocklist.de|ssh|bot|irc-bot|brute-force|ziyadnz|hourly,2026-08-17T18:48:05Z,2026-08-17T18:48:05Z,
36.93.249.106,ipv4,ssh-brute-force,high,WHITE,blocklist.de/ssh|blocklist.de/all|ziyadnz/hourly-ipv4,blocklist.de|ssh|bot|irc-bot|brute-force|ziyadnz|hourly,2026-08-17T18:48:05Z,2026-08-17T18:48:05Z,
37.101.99.49,ipv4,ssh-brute-force,high,WHITE,blocklist.de/ssh|blocklist.de/all|ziyadnz/hourly-ipv4,blocklist.de|ssh|bot|irc-bot|brute-force|ziyadnz|hourly,2026-08-17T18:48:05Z,2026-08-17T18:48:05Z,
37.111.41.84,ipv4,ssh-brute-force,high,WHITE,blocklist.de/ssh|blocklist.de/all|ziyadnz/hourly-ipv4,blocklist.de|ssh|bot|irc-bot|brute-force|ziyadnz|hourly,2026-08-17T18:48:05Z,2026-08-17T18:48:05Z,
37.120.213.13,ipv4,ssh-brute-force,high,WHITE,blocklist.de/ssh|blocklist.de/all|ziyadnz/hourly-ipv4,blocklist.de|ssh|bot|irc-bot|brute-force|ziyadnz|hourly,2026-08-17T18:48:05Z,2026-08-17T18:48:05Z,
37.122.153.108,ipv4,ssh-brute-force,high,WHITE,blocklist.de/ssh|blocklist.de/all|ziyadnz/hourly-ipv4,blocklist.de|ssh|bot|irc-bot|brute-force|ziyadnz|hourly,2026-08-17T18:48:05Z,2026-08-17T18:48:05Z,
37.148.203.91,ipv4,ssh-brute-force,high,WHITE,blocklist.de/ssh|blocklist.de/all|ziyadnz/hourly-ipv4,blocklist.de|ssh|bot|irc-bot|brute-force|ziyadnz|hourly,2026-08-17T18:48:05Z,2026-08-17T18:48:05Z,
37.148.98.14,ipv4,ssh-brute-force,high,WHITE,blocklist.de/ssh|blocklist.de/all|ziyadnz/hourly-ipv4,blocklist.de|ssh|bot|irc-bot|brute-force|ziyadnz|hourly,2026-08-17T18:48:05Z,2026-08-17T18:48:05Z,
37.153.89.233,ipv4,ssh-brute-force,high,WHITE,blocklist.de/ssh|blocklist.de/all|ziyadnz/hourly-ipv4,blocklist.de|ssh|bot|irc-bot|brute-force|ziyadnz|hourly,2026-08-17T18:48:05Z,2026-08-17T18:48:05Z,
37.17.178.34,ipv4,ssh-brute-force,high,WHITE,blocklist.de/ssh|blocklist.de/all|ziyadnz/hourly-ipv4,blocklist.de|ssh|bot|irc-bot|brute-force|ziyadnz|hourly,2026-08-17T18:48:05Z,2026-08-17T18:48:05Z,
37.186.127.224,ipv4,ssh-brute-force,high,WHITE,blocklist.de/ssh|blocklist.de/all|ziyadnz/hourly-ipv4,blocklist.de|ssh|bot|irc-bot|brute-force|ziyadnz|hourly,2026-08-17T18:48:05Z,2026-08-17T18:48:05Z,
37.187.236.33,ipv4,ssh-brute-force,high,WHITE,blocklist.de/ssh|blocklist.de/all|ziyadnz/hourly-ipv4,blocklist.de|ssh|bot|irc-bot|brute-force|ziyadnz|hourly,2026-08-17T18:48:05Z,2026-08-17T18:48:05Z,
37.187.244.59,ipv4,ssh-brute-force,high,WHITE,blocklist.de/ssh|blocklist.de/all|ziyadnz/hourly-ipv4,blocklist.de|ssh|bot|irc-bot|brute-force|ziyadnz|hourly,2026-08-17T18:48:05Z,2026-08-17T18:48:05Z,
37.187.35.26,ipv4,ssh-brute-force,high,WHITE,blocklist.de/ssh|blocklist.de/all|ziyadnz/hourly-ipv4,blocklist.de|ssh|bot|irc-bot|brute-force|ziyadnz|hourly,2026-08-17T18:48:05Z,2026-08-17T18:48:05Z,
37.202.154.171,ipv4,ssh-brute-force,high,WHITE,blocklist.de/ssh|blocklist.de/all|ziyadnz/hourly-ipv4,blocklist.de|ssh|bot|irc-bot|brute-force|ziyadnz|hourly,2026-08-17T18:48:05Z,2026-08-17T18:48:05Z,
37.220.31.89,ipv4,ssh-brute-force,high,WHITE,blocklist.de/ssh|blocklist.de/all|ziyadnz/hourly-ipv4,blocklist.de|ssh|bot|irc-bot|brute-force|ziyadnz|hourly,2026-08-17T18:48:05Z,2026-08-17T18:48:05Z,
37.230.56.251,ipv4,ssh-brute-force,high,WHITE,blocklist.de/ssh|blocklist.de/all|ziyadnz/hourly-ipv4,blocklist.de|ssh|bot|irc-bot|brute-force|ziyadnz|hourly,2026-08-17T18:48:05Z,2026-08-17T18:48:05Z,
37.238.47.240,ipv4,ssh-brute-force,high,WHITE,blocklist.de/ssh|blocklist.de/all|ziyadnz/hourly-ipv4,blocklist.de|ssh|bot|irc-bot|brute-force|ziyadnz|hourly,2026-08-17T18:48:05Z,2026-08-17T18:48:05Z,
37.252.19.172,ipv4,ssh-brute-force,high,WHITE,blocklist.de/ssh|blocklist.de/all|ziyadnz/hourly-ipv4,blocklist.de|ssh|bot|irc-bot|brute-force|ziyadnz|hourly,2026-08-17T18:48:05Z,2026-08-17T18:48:05Z,
37.48.254.107,ipv4,ssh-brute-force,high,WHITE,blocklist.de/ssh|blocklist.de/all|ziyadnz/hourly-ipv4,blocklist.de|ssh|bot|irc-bot|brute-force|ziyadnz|hourly,2026-08-17T18:48:05Z,2026-08-17T18:48:05Z,
37.52.180.187,ipv4,ssh-brute-force,high,WHITE,blocklist.de/ssh|blocklist.de/all|ziyadnz/hourly-ipv4,blocklist.de|ssh|bot|irc-bot|brute-force|ziyadnz|hourly,2026-08-17T18:48:05Z,2026-08-17T18:48:05Z,
37.60.229.17,ipv4,ssh-brute-force,high,WHITE,blocklist.de/ssh|blocklist.de/all|ziyadnz/hourly-ipv4,blocklist.de|ssh|bot|irc-bot|brute-force|ziyadnz|hourly,2026-08-17T18:48:05Z,2026-08-17T18:48:05Z,
37.61.113.206,ipv4,ssh-brute-force,high,WHITE,blocklist.de/ssh|blocklist.de/all|ziyadnz/hourly-ipv4,blocklist.de|ssh|bot|irc-bot|brute-force|ziyadnz|hourly,2026-08-17T18:48:05Z,2026-08-17T18:48:05Z,
37.75.96.117,ipv4,ssh-brute-force,high,WHITE,blocklist.de/ssh|blocklist.de/all|ziyadnz/hourly-ipv4,blocklist.de|ssh|bot|irc-bot|brute-force|ziyadnz|hourly,2026-08-17T18:48:05Z,2026-08-17T18:48:05Z,
37.77.150.241,ipv4,ssh-brute-force,high,WHITE,blocklist.de/ssh|blocklist.de/all|ziyadnz/hourly-ipv4,blocklist.de|ssh|bot|irc-bot|brute-force|ziyadnz|hourly,2026-08-17T18:48:05Z,2026-08-17T18:48:05Z,
38.114.114.202,ipv4,ssh-brute-force,high,WHITE,blocklist.de/ssh|blocklist.de/all|ziyadnz/hourly-ipv4,blocklist.de|ssh|bot|irc-bot|brute-force|ziyadnz|hourly,2026-08-17T18:48:05Z,2026-08-17T18:48:05Z,
38.121.208.26,ipv4,ssh-brute-force,high,WHITE,blocklist.de/ssh|blocklist.de/all|ziyadnz/hourly-ipv4,blocklist.de|ssh|bot|irc-bot|brute-force|ziyadnz|hourly,2026-08-17T18:48:05Z,2026-08-17T18:48:05Z,
38.121.208.27,ipv4,ssh-brute-force,high,WHITE,blocklist.de/ssh|blocklist.de/all|ziyadnz/hourly-ipv4,blocklist.de|ssh|bot|irc-bot|brute-force|ziyadnz|hourly,2026-08-17T18:48:05Z,2026-08-17T18:48:05Z,
38.137.176.221,ipv4,ssh-brute-force,high,WHITE,blocklist.de/ssh|blocklist.de/all|ziyadnz/hourly-ipv4,blocklist.de|ssh|bot|irc-bot|brute-force|ziyadnz|hourly,2026-08-17T18:48:05Z,2026-08-17T18:48:05Z,
38.137.20.100,ipv4,ssh-brute-force,high,WHITE,blocklist.de/ssh|blocklist.de/all|ziyadnz/hourly-ipv4,blocklist.de|ssh|bot|irc-bot|brute-force|ziyadnz|hourly,2026-08-17T18:48:05Z,2026-08-17T18:48:05Z,
38.137.234.70,ipv4,ssh-brute-force,high,WHITE,blocklist.de/ssh|blocklist.de/all|ziyadnz/hourly-ipv4,blocklist.de|ssh|bot|irc-bot|brute-force|ziyadnz|hourly,2026-08-17T18:48:05Z,2026-08-17T18:48:05Z,
38.158.105.220,ipv4,ssh-brute-force,high,WHITE,blocklist.de/ssh|blocklist.de/all|ziyadnz/hourly-ipv4,blocklist.de|ssh|bot|irc-bot|brute-force|ziyadnz|hourly,2026-08-17T18:48:05Z,2026-08-17T18:48:05Z,
38.159.180.212,ipv4,ssh-brute-force,high,WHITE,blocklist.de/ssh|blocklist.de/all|ziyadnz/hourly-ipv4,blocklist.de|ssh|bot|irc-bot|brute-force|ziyadnz|hourly,2026-08-17T18:48:05Z,2026-08-17T18:48:05Z,
38.159.180.47,ipv4,ssh-brute-force,high,WHITE,blocklist.de/ssh|blocklist.de/all|ziyadnz/hourly-ipv4,blocklist.de|ssh|bot|irc-bot|brute-force|ziyadnz|hourly,2026-08-17T18:48:05Z,2026-08-17T18:48:05Z,
38.159.224.7,ipv4,ssh-brute-force,high,WHITE,blocklist.de/ssh|blocklist.de/all|ziyadnz/hourly-ipv4,blocklist.de|ssh|bot|irc-bot|brute-force|ziyadnz|hourly,2026-08-17T18:48:05Z,2026-08-17T18:48:05Z,
38.159.57.66,ipv4,ssh-brute-force,high,WHITE,blocklist.de/ssh|blocklist.de/all|ziyadnz/hourly-ipv4,blocklist.de|ssh|bot|irc-bot|brute-force|ziyadnz|hourly,2026-08-17T18:48:05Z,2026-08-17T18:48:05Z,
38.166.9.129,ipv4,ssh-brute-force,high,WHITE,blocklist.de/ssh|blocklist.de/all|ziyadnz/hourly-ipv4,blocklist.de|ssh|bot|irc-bot|brute-force|ziyadnz|hourly,2026-08-17T18:48:05Z,2026-08-17T18:48:05Z,
38.182.96.80,ipv4,ssh-brute-force,high,WHITE,blocklist.de/ssh|blocklist.de/all|ziyadnz/hourly-ipv4,blocklist.de|ssh|bot|irc-bot|brute-force|ziyadnz|hourly,2026-08-17T18:48:05Z,2026-08-17T18:48:05Z,
38.183.134.233,ipv4,ssh-brute-force,high,WHITE,blocklist.de/ssh|blocklist.de/all|ziyadnz/hourly-ipv4,blocklist.de|ssh|bot|irc-bot|brute-force|ziyadnz|hourly,2026-08-17T18:48:05Z,2026-08-17T18:48:05Z,
38.183.212.10,ipv4,ssh-brute-force,high,WHITE,blocklist.de/ssh|blocklist.de/all|ziyadnz/hourly-ipv4,blocklist.de|ssh|bot|irc-bot|brute-force|ziyadnz|hourly,2026-08-17T18:48:05Z,2026-08-17T18:48:05Z,
38.21.77.116,ipv4,ssh-brute-force,high,WHITE,blocklist.de/ssh|blocklist.de/all|ziyadnz/hourly-ipv4,blocklist.de|ssh|bot|irc-bot|brute-force|ziyadnz|hourly,2026-08-17T18:48:05Z,2026-08-17T18:48:05Z,
38.210.185.66,ipv4,ssh-brute-force,high,WHITE,blocklist.de/ssh|blocklist.de/all|ziyadnz/hourly-ipv4,blocklist.de|ssh|bot|irc-bot|brute-force|ziyadnz|hourly,2026-08-17T18:48:05Z,2026-08-17T18:48:05Z,
38.211.4.80,ipv4,ssh-brute-force,high,WHITE,blocklist.de/ssh|blocklist.de/all|ziyadnz/hourly-ipv4,blocklist.de|ssh|bot|irc-bot|brute-force|ziyadnz|hourly,2026-08-17T18:48:05Z,2026-08-17T18:48:05Z,
38.225.116.69,ipv4,ssh-brute-force,high,WHITE,blocklist.de/ssh|blocklist.de/all|ziyadnz/hourly-ipv4,blocklist.de|ssh|bot|irc-bot|brute-force|ziyadnz|hourly,2026-08-17T18:48:05Z,2026-08-17T18:48:05Z,
38.226.227.77,ipv4,ssh-brute-force,high,WHITE,blocklist.de/ssh|blocklist.de/all|ziyadnz/hourly-ipv4,blocklist.de|ssh|bot|irc-bot|brute-force|ziyadnz|hourly,2026-08-17T18:48:05Z,2026-08-17T18:48:05Z,
38.226.230.16,ipv4,ssh-brute-force,high,WHITE,blocklist.de/ssh|blocklist.de/all|ziyadnz/hourly-ipv4,blocklist.de|ssh|bot|irc-bot|brute-force|ziyadnz|hourly,2026-08-17T18:48:05Z,2026-08-17T18:48:05Z,
38.252.17.51,ipv4,ssh-brute-force,high,WHITE,blocklist.de/ssh|blocklist.de/all|ziyadnz/hourly-ipv4,blocklist.de|ssh|bot|irc-bot|brute-force|ziyadnz|hourly,2026-08-17T18:48:05Z,2026-08-17T18:48:05Z,
38.253.206.100,ipv4,ssh-brute-force,high,WHITE,blocklist.de/ssh|blocklist.de/all|ziyadnz/hourly-ipv4,blocklist.de|ssh|bot|irc-bot|brute-force|ziyadnz|hourly,2026-08-17T18:48:05Z,2026-08-17T18:48:05Z,
38.254.116.212,ipv4,ssh-brute-force,high,WHITE,blocklist.de/ssh|blocklist.de/all|ziyadnz/hourly-ipv4,blocklist.de|ssh|bot|irc-bot|brute-force|ziyadnz|hourly,2026-08-17T18:48:05Z,2026-08-17T18:48:05Z,
38.27.127.38,ipv4,ssh-brute-force,high,WHITE,blocklist.de/ssh|blocklist.de/all|ziyadnz/hourly-ipv4,blocklist.de|ssh|bot|irc-bot|brute-force|ziyadnz|hourly,2026-08-17T18:48:05Z,2026-08-17T18:48:05Z,
38.41.50.36,ipv4,ssh-brute-force,high,WHITE,blocklist.de/ssh|blocklist.de/all|ziyadnz/hourly-ipv4,blocklist.de|ssh|bot|irc-bot|brute-force|ziyadnz|hourly,2026-08-17T18:48:05Z,2026-08-17T18:48:05Z,
38.43.88.28,ipv4,ssh-brute-force,high,WHITE,blocklist.de/ssh|blocklist.de/all|ziyadnz/hourly-ipv4,blocklist.de|ssh|bot|irc-bot|brute-force|ziyadnz|hourly,2026-08-17T18:48:05Z,2026-08-17T18:48:05Z,
38.44.232.254,ipv4,ssh-brute-force,high,WHITE,blocklist.de/ssh|blocklist.de/all|ziyadnz/hourly-ipv4,blocklist.de|ssh|bot|irc-bot|brute-force|ziyadnz|hourly,2026-08-17T18:48:05Z,2026-08-17T18:48:05Z,
38.52.65.105,ipv4,ssh-brute-force,high,WHITE,blocklist.de/ssh|blocklist.de/all|ziyadnz/hourly-ipv4,blocklist.de|ssh|bot|irc-bot|brute-force|ziyadnz|hourly,2026-08-17T18:48:05Z,2026-08-17T18:48:05Z,
38.52.91.80,ipv4,ssh-brute-force,high,WHITE,blocklist.de/ssh|blocklist.de/all|ziyadnz/hourly-ipv4,blocklist.de|ssh|bot|irc-bot|brute-force|ziyadnz|hourly,2026-08-17T18:48:05Z,2026-08-17T18:48:05Z,
38.61.185.92,ipv4,ssh-brute-force,high,WHITE,blocklist.de/ssh|blocklist.de/all|ziyadnz/hourly-ipv4,blocklist.de|ssh|bot|irc-bot|brute-force|ziyadnz|hourly,2026-08-17T18:48:05Z,2026-08-17T18:48:05Z,
38.7.221.42,ipv4,ssh-brute-force,high,WHITE,blocklist.de/ssh|blocklist.de/all|ziyadnz/hourly-ipv4,blocklist.de|ssh|bot|irc-bot|brute-force|ziyadnz|hourly,2026-08-17T18:48:05Z,2026-08-17T18:48:05Z,
39.104.64.139,ipv4,ssh-brute-force,high,WHITE,blocklist.de/ssh|blocklist.de/all|ziyadnz/hourly-ipv4,blocklist.de|ssh|bot|irc-bot|brute-force|ziyadnz|hourly,2026-08-17T18:48:05Z,2026-08-17T18:48:05Z,
39.105.94.74,ipv4,ssh-brute-force,high,WHITE,blocklist.de/ssh|blocklist.de/all|ziyadnz/hourly-ipv4,blocklist.de|ssh|bot|irc-bot|brute-force|ziyadnz|hourly,2026-08-17T18:48:05Z,2026-08-17T18:48:05Z,
39.106.21.251,ipv4,ssh-brute-force,high,WHITE,blocklist.de/ssh|blocklist.de/all|ziyadnz/hourly-ipv4,blocklist.de|ssh|bot|irc-bot|brute-force|ziyadnz|hourly,2026-08-17T18:48:05Z,2026-08-17T18:48:05Z,
39.107.142.38,ipv4,ssh-brute-force,high,WHITE,blocklist.de/ssh|blocklist.de/all|ziyadnz/hourly-ipv4,blocklist.de|ssh|bot|irc-bot|brute-force|ziyadnz|hourly,2026-08-17T18:48:05Z,2026-08-17T18:48:05Z,
39.117.79.36,ipv4,ssh-brute-force,high,WHITE,blocklist.de/ssh|blocklist.de/all|ziyadnz/hourly-ipv4,blocklist.de|ssh|bot|irc-bot|brute-force|ziyadnz|hourly,2026-08-17T18:48:05Z,2026-08-17T18:48:05Z,
39.130.240.179,ipv4,ssh-brute-force,high,WHITE,blocklist.de/ssh|blocklist.de/all|ziyadnz/hourly-ipv4,blocklist.de|ssh|bot|irc-bot|brute-force|ziyadnz|hourly,2026-08-17T18:48:05Z,2026-08-17T18:48:05Z,
39.152.157.53,ipv4,ssh-brute-force,high,WHITE,blocklist.de/ssh|blocklist.de/all|ziyadnz/hourly-ipv4,blocklist.de|ssh|bot|irc-bot|brute-force|ziyadnz|hourly,2026-08-17T18:48:05Z,2026-08-17T18:48:05Z,
39.152.240.15,ipv4,ssh-brute-force,high,WHITE,blocklist.de/ssh|blocklist.de/all|ziyadnz/hourly-ipv4,blocklist.de|ssh|bot|irc-bot|brute-force|ziyadnz|hourly,2026-08-17T18:48:05Z,2026-08-17T18:48:05Z,
39.152.6.7,ipv4,ssh-brute-force,high,WHITE,blocklist.de/ssh|blocklist.de/all|ziyadnz/hourly-ipv4,blocklist.de|ssh|bot|irc-bot|brute-force|ziyadnz|hourly,2026-08-17T18:48:05Z,2026-08-17T18:48:05Z,
39.170.108.144,ipv4,ssh-brute-force,high,WHITE,blocklist.de/ssh|blocklist.de/all|ziyadnz/hourly-ipv4,blocklist.de|ssh|bot|irc-bot|brute-force|ziyadnz|hourly,2026-08-17T18:48:05Z,2026-08-17T18:48:05Z,
39.170.37.133,ipv4,ssh-brute-force,high,WHITE,blocklist.de/ssh|blocklist.de/all|ziyadnz/hourly-ipv4,blocklist.de|ssh|bot|irc-bot|brute-force|ziyadnz|hourly,2026-08-17T18:48:05Z,2026-08-17T18:48:05Z,
39.171.240.69,ipv4,ssh-brute-force,high,WHITE,blocklist.de/ssh|blocklist.de/all|ziyadnz/hourly-ipv4,blocklist.de|ssh|bot|irc-bot|brute-force|ziyadnz|hourly,2026-08-17T18:48:05Z,2026-08-17T18:48:05Z,
39.34.64.180,ipv4,ssh-brute-force,high,WHITE,blocklist.de/ssh|blocklist.de/all|ziyadnz/hourly-ipv4,blocklist.de|ssh|bot|irc-bot|brute-force|ziyadnz|hourly,2026-08-17T18:48:05Z,2026-08-17T18:48:05Z,
39.36.43.196,ipv4,ssh-brute-force,high,WHITE,blocklist.de/ssh|blocklist.de/all|ziyadnz/hourly-ipv4,blocklist.de|ssh|bot|irc-bot|brute-force|ziyadnz|hourly,2026-08-17T18:48:05Z,2026-08-17T18:48:05Z,
39.46.198.214,ipv4,ssh-brute-force,high,WHITE,blocklist.de/ssh|blocklist.de/all|ziyadnz/hourly-ipv4,blocklist.de|ssh|bot|irc-bot|brute-force|ziyadnz|hourly,2026-08-17T18:48:05Z,2026-08-17T18:48:05Z,
39.91.167.135,ipv4,ssh-brute-force,high,WHITE,blocklist.de/ssh|blocklist.de/all|ziyadnz/hourly-ipv4,blocklist.de|ssh|bot|irc-bot|brute-force|ziyadnz|hourly,2026-08-17T18:48:05Z,2026-08-17T18:48:05Z,
39.96.222.138,ipv4,ssh-brute-force,high,WHITE,blocklist.de/ssh|blocklist.de/all|ziyadnz/hourly-ipv4,blocklist.de|ssh|bot|irc-bot|brute-force|ziyadnz|hourly,2026-08-17T18:48:05Z,2026-08-17T18:48:05Z,
39.97.229.27,ipv4,ssh-brute-force,high,WHITE,blocklist.de/ssh|blocklist.de/all|ziyadnz/hourly-ipv4,blocklist.de|ssh|bot|irc-bot|brute-force|ziyadnz|hourly,2026-08-17T18:48:05Z,2026-08-17T18:48:05Z,
39.97.39.139,ipv4,ssh-brute-force,high,WHITE,blocklist.de/ssh|blocklist.de/all|ziyadnz/hourly-ipv4,blocklist.de|ssh|bot|irc-bot|brute-force|ziyadnz|hourly,2026-08-17T18:48:05Z,2026-08-17T18:48:05Z,
39.99.32.133,ipv4,ssh-brute-force,high,WHITE,blocklist.de/ssh|blocklist.de/all|ziyadnz/hourly-ipv4,blocklist.de|ssh|bot|irc-bot|brute-force|ziyadnz|hourly,2026-08-17T18:48:05Z,2026-08-17T18:48:05Z,
4.150.201.26,ipv4,ssh-brute-force,high,WHITE,blocklist.de/ssh|blocklist.de/all|ziyadnz/hourly-ipv4,blocklist.de|ssh|bot|irc-bot|brute-force|ziyadnz|hourly,2026-08-17T18:48:05Z,2026-08-17T18:48:05Z,
4.157.250.195,ipv4,ssh-brute-force,high,WHITE,blocklist.de/ssh|blocklist.de/all|ziyadnz/hourly-ipv4,blocklist.de|ssh|bot|irc-bot|brute-force|ziyadnz|hourly,2026-08-17T18:48:05Z,2026-08-17T18:48:05Z,
4.17.226.146,ipv4,ssh-brute-force,high,WHITE,blocklist.de/ssh|blocklist.de/all|ziyadnz/hourly-ipv4,blocklist.de|ssh|bot|irc-bot|brute-force|ziyadnz|hourly,2026-08-17T18:48:05Z,2026-08-17T18:48:05Z,
4.182.219.135,ipv4,ssh-brute-force,high,WHITE,blocklist.de/ssh|blocklist.de/all|ziyadnz/hourly-ipv4,blocklist.de|ssh|bot|irc-bot|brute-force|ziyadnz|hourly,2026-08-17T18:48:05Z,2026-08-17T18:48:05Z,
4.204.40.180,ipv4,ssh-brute-force,high,WHITE,blocklist.de/ssh|blocklist.de/all|ziyadnz/hourly-ipv4,blocklist.de|ssh|bot|irc-bot|brute-force|ziyadnz|hourly,2026-08-17T18:48:05Z,2026-08-17T18:48:05Z,
4.206.92.183,ipv4,ssh-brute-force,high,WHITE,blocklist.de/ssh|blocklist.de/all|ziyadnz/hourly-ipv4,blocklist.de|ssh|bot|irc-bot|brute-force|ziyadnz|hourly,2026-08-17T18:48:05Z,2026-08-17T18:48:05Z,
4.210.91.174,ipv4,ssh-brute-force,high,WHITE,blocklist.de/ssh|blocklist.de/all|ziyadnz/hourly-ipv4,blocklist.de|ssh|bot|irc-bot|brute-force|ziyadnz|hourly,2026-08-17T18:48:05Z,2026-08-17T18:48:05Z,
4.211.84.189,ipv4,ssh-brute-force,high,WHITE,blocklist.de/ssh|blocklist.de/all|ziyadnz/hourly-ipv4,blocklist.de|ssh|bot|irc-bot|brute-force|ziyadnz|hourly,2026-08-17T18:48:05Z,2026-08-17T18:48:05Z,
4.221.162.168,ipv4,ssh-brute-force,high,WHITE,blocklist.de/ssh|blocklist.de/all|ziyadnz/hourly-ipv4,blocklist.de|ssh|bot|irc-bot|brute-force|ziyadnz|hourly,2026-08-17T18:48:05Z,2026-08-17T18:48:05Z,
4.224.40.94,ipv4,ssh-brute-force,high,WHITE,blocklist.de/ssh|blocklist.de/all|ziyadnz/hourly-ipv4,blocklist.de|ssh|bot|irc-bot|brute-force|ziyadnz|hourly,2026-08-17T18:48:05Z,2026-08-17T18:48:05Z,
4.227.177.11,ipv4,ssh-brute-force,high,WHITE,blocklist.de/ssh|blocklist.de/all|ziyadnz/hourly-ipv4,blocklist.de|ssh|bot|irc-bot|brute-force|ziyadnz|hourly,2026-08-17T18:48:05Z,2026-08-17T18:48:05Z,
4.239.243.30,ipv4,ssh-brute-force,high,WHITE,blocklist.de/ssh|blocklist.de/all|ziyadnz/hourly-ipv4,blocklist.de|ssh|bot|irc-bot|brute-force|ziyadnz|hourly,2026-08-17T18:48:05Z,2026-08-17T18:48:05Z,
4.240.126.25,ipv4,ssh-brute-force,high,WHITE,blocklist.de/ssh|blocklist.de/all|ziyadnz/hourly-ipv4,blocklist.de|ssh|bot|irc-bot|brute-force|ziyadnz|hourly,2026-08-17T18:48:05Z,2026-08-17T18:48:05Z,
4.240.51.2,ipv4,ssh-brute-force,high,WHITE,blocklist.de/ssh|blocklist.de/all|ziyadnz/hourly-ipv4,blocklist.de|ssh|bot|irc-bot|brute-force|ziyadnz|hourly,2026-08-17T18:48:05Z,2026-08-17T18:48:05Z,
4.240.82.91,ipv4,ssh-brute-force,high,WHITE,blocklist.de/ssh|blocklist.de/all|ziyadnz/hourly-ipv4,blocklist.de|ssh|bot|irc-bot|brute-force|ziyadnz|hourly,2026-08-17T18:48:05Z,2026-08-17T18:48:05Z,
4.246.117.137,ipv4,ssh-brute-force,high,WHITE,blocklist.de/ssh|blocklist.de/all|ziyadnz/hourly-ipv4,blocklist.de|ssh|bot|irc-bot|brute-force|ziyadnz|hourly,2026-08-17T18:48:05Z,2026-08-17T18:48:05Z,
4.246.61.185,ipv4,ssh-brute-force,high,WHITE,blocklist.de/ssh|blocklist.de/all|ziyadnz/hourly-ipv4,blocklist.de|ssh|bot|irc-bot|brute-force|ziyadnz|hourly,2026-08-17T18:48:05Z,2026-08-17T18:48:05Z,
40.112.183.29,ipv4,ssh-brute-force,high,WHITE,blocklist.de/ssh|blocklist.de/all|ziyadnz/hourly-ipv4,blocklist.de|ssh|bot|irc-bot|brute-force|ziyadnz|hourly,2026-08-17T18:48:05Z,2026-08-17T18:48:05Z,
40.117.97.0,ipv4,ssh-brute-force,high,WHITE,blocklist.de/ssh|blocklist.de/all|ziyadnz/hourly-ipv4,blocklist.de|ssh|bot|irc-bot|brute-force|ziyadnz|hourly,2026-08-17T18:48:05Z,2026-08-17T18:48:05Z,
40.121.179.100,ipv4,ssh-brute-force,high,WHITE,blocklist.de/ssh|blocklist.de/all|ziyadnz/hourly-ipv4,blocklist.de|ssh|bot|irc-bot|brute-force|ziyadnz|hourly,2026-08-17T18:48:05Z,2026-08-17T18:48:05Z,
40.121.200.75,ipv4,ssh-brute-force,high,WHITE,blocklist.de/ssh|blocklist.de/all|ziyadnz/hourly-ipv4,blocklist.de|ssh|bot|irc-bot|brute-force|ziyadnz|hourly,2026-08-17T18:48:05Z,2026-08-17T18:48:05Z,
40.124.116.246,ipv4,ssh-brute-force,high,WHITE,blocklist.de/ssh|blocklist.de/all|ziyadnz/hourly-ipv4,blocklist.de|ssh|bot|irc-bot|brute-force|ziyadnz|hourly,2026-08-17T18:48:05Z,2026-08-17T18:48:05Z,
40.125.42.10,ipv4,ssh-brute-force,high,WHITE,blocklist.de/ssh|blocklist.de/all|ziyadnz/hourly-ipv4,blocklist.de|ssh|bot|irc-bot|brute-force|ziyadnz|hourly,2026-08-17T18:48:05Z,2026-08-17T18:48:05Z,
40.71.90.11,ipv4,ssh-brute-force,high,WHITE,blocklist.de/ssh|blocklist.de/all|ziyadnz/hourly-ipv4,blocklist.de|ssh|bot|irc-bot|brute-force|ziyadnz|hourly,2026-08-17T18:48:05Z,2026-08-17T18:48:05Z,
40.74.68.248,ipv4,ssh-brute-force,high,WHITE,blocklist.de/ssh|blocklist.de/all|ziyadnz/hourly-ipv4,blocklist.de|ssh|bot|irc-bot|brute-force|ziyadnz|hourly,2026-08-17T18:48:05Z,2026-08-17T18:48:05Z,
40.81.194.185,ipv4,ssh-brute-force,high,WHITE,blocklist.de/ssh|blocklist.de/all|ziyadnz/hourly-ipv4,blocklist.de|ssh|bot|irc-bot|brute-force|ziyadnz|hourly,2026-08-17T18:48:05Z,2026-08-17T18:48:05Z,
40.81.23.49,ipv4,ssh-brute-force,high,WHITE,blocklist.de/ssh|blocklist.de/all|ziyadnz/hourly-ipv4,blocklist.de|ssh|bot|irc-bot|brute-force|ziyadnz|hourly,2026-08-17T18:48:05Z,2026-08-17T18:48:05Z,
40.82.214.8,ipv4,ssh-brute-force,high,WHITE,blocklist.de/ssh|blocklist.de/all|ziyadnz/hourly-ipv4,blocklist.de|ssh|bot|irc-bot|brute-force|ziyadnz|hourly,2026-08-17T18:48:05Z,2026-08-17T18:48:05Z,
41.111.227.10,ipv4,ssh-brute-force,high,WHITE,blocklist.de/ssh|blocklist.de/all|ziyadnz/hourly-ipv4,blocklist.de|ssh|bot|irc-bot|brute-force|ziyadnz|hourly,2026-08-17T18:48:05Z,2026-08-17T18:48:05Z,
41.114.173.60,ipv4,ssh-brute-force,high,WHITE,blocklist.de/ssh|blocklist.de/all|ziyadnz/hourly-ipv4,blocklist.de|ssh|bot|irc-bot|brute-force|ziyadnz|hourly,2026-08-17T18:48:05Z,2026-08-17T18:48:05Z,
41.128.181.199,ipv4,ssh-brute-force,high,WHITE,blocklist.de/ssh|blocklist.de/all|ziyadnz/hourly-ipv4,blocklist.de|ssh|bot|irc-bot|brute-force|ziyadnz|hourly,2026-08-17T18:48:05Z,2026-08-17T18:48:05Z,
41.13.7.111,ipv4,ssh-brute-force,high,WHITE,blocklist.de/ssh|blocklist.de/all|ziyadnz/hourly-ipv4,blocklist.de|ssh|bot|irc-bot|brute-force|ziyadnz|hourly,2026-08-17T18:48:05Z,2026-08-17T18:48:05Z,
41.132.18.102,ipv4,ssh-brute-force,high,WHITE,blocklist.de/ssh|blocklist.de/all|ziyadnz/hourly-ipv4,blocklist.de|ssh|bot|irc-bot|brute-force|ziyadnz|hourly,2026-08-17T18:48:05Z,2026-08-17T18:48:05Z,
41.132.34.178,ipv4,ssh-brute-force,high,WHITE,blocklist.de/ssh|blocklist.de/all|ziyadnz/hourly-ipv4,blocklist.de|ssh|bot|irc-bot|brute-force|ziyadnz|hourly,2026-08-17T18:48:05Z,2026-08-17T18:48:05Z,
41.132.48.230,ipv4,ssh-brute-force,high,WHITE,blocklist.de/ssh|blocklist.de/all|ziyadnz/hourly-ipv4,blocklist.de|ssh|bot|irc-bot|brute-force|ziyadnz|hourly,2026-08-17T18:48:05Z,2026-08-17T18:48:05Z,
41.173.43.34,ipv4,ssh-brute-force,high,WHITE,blocklist.de/ssh|blocklist.de/all|ziyadnz/hourly-ipv4,blocklist.de|ssh|bot|irc-bot|brute-force|ziyadnz|hourly,2026-08-17T18:48:05Z,2026-08-17T18:48:05Z,
41.181.156.205,ipv4,ssh-brute-force,high,WHITE,blocklist.de/ssh|blocklist.de/all|ziyadnz/hourly-ipv4,blocklist.de|ssh|bot|irc-bot|brute-force|ziyadnz|hourly,2026-08-17T18:48:05Z,2026-08-17T18:48:05Z,
41.193.133.63,ipv4,ssh-brute-force,high,WHITE,blocklist.de/ssh|blocklist.de/all|ziyadnz/hourly-ipv4,blocklist.de|ssh|bot|irc-bot|brute-force|ziyadnz|hourly,2026-08-17T18:48:05Z,2026-08-17T18:48:05Z,
41.193.97.115,ipv4,ssh-brute-force,high,WHITE,blocklist.de/ssh|blocklist.de/all|ziyadnz/hourly-ipv4,blocklist.de|ssh|bot|irc-bot|brute-force|ziyadnz|hourly,2026-08-17T18:48:05Z,2026-08-17T18:48:05Z,
41.196.0.221,ipv4,ssh-brute-force,high,WHITE,blocklist.de/ssh|blocklist.de/all|ziyadnz/hourly-ipv4,blocklist.de|ssh|bot|irc-bot|brute-force|ziyadnz|hourly,2026-08-17T18:48:05Z,2026-08-17T18:48:05Z,
41.198.159.56,ipv4,ssh-brute-force,high,WHITE,blocklist.de/ssh|blocklist.de/all|ziyadnz/hourly-ipv4,blocklist.de|ssh|bot|irc-bot|brute-force|ziyadnz|hourly,2026-08-17T18:48:05Z,2026-08-17T18:48:05Z,
41.198.159.95,ipv4,ssh-brute-force,high,WHITE,blocklist.de/ssh|blocklist.de/all|ziyadnz/hourly-ipv4,blocklist.de|ssh|bot|irc-bot|brute-force|ziyadnz|hourly,2026-08-17T18:48:05Z,2026-08-17T18:48:05Z,
41.204.63.118,ipv4,ssh-brute-force,high,WHITE,blocklist.de/ssh|blocklist.de/all|ziyadnz/hourly-ipv4,blocklist.de|ssh|bot|irc-bot|brute-force|ziyadnz|hourly,2026-08-17T18:48:05Z,2026-08-17T18:48:05Z,
41.208.147.131,ipv4,ssh-brute-force,high,WHITE,blocklist.de/ssh|blocklist.de/all|ziyadnz/hourly-ipv4,blocklist.de|ssh|bot|irc-bot|brute-force|ziyadnz|hourly,2026-08-17T18:48:05Z,2026-08-17T18:48:05Z,
41.212.152.194,ipv4,ssh-brute-force,high,WHITE,blocklist.de/ssh|blocklist.de/all|ziyadnz/hourly-ipv4,blocklist.de|ssh|bot|irc-bot|brute-force|ziyadnz|hourly,2026-08-17T18:48:05Z,2026-08-17T18:48:05Z,
41.216.177.55,ipv4,ssh-brute-force,high,WHITE,blocklist.de/ssh|blocklist.de/all|ziyadnz/hourly-ipv4,blocklist.de|ssh|bot|irc-bot|brute-force|ziyadnz|hourly,2026-08-17T18:48:05Z,2026-08-17T18:48:05Z,
41.216.178.119,ipv4,ssh-brute-force,high,WHITE,blocklist.de/ssh|blocklist.de/all|ziyadnz/hourly-ipv4,blocklist.de|ssh|bot|irc-bot|brute-force|ziyadnz|hourly,2026-08-17T18:48:05Z,2026-08-17T18:48:05Z,
41.219.71.253,ipv4,ssh-brute-force,high,WHITE,blocklist.de/ssh|blocklist.de/all|ziyadnz/hourly-ipv4,blocklist.de|ssh|bot|irc-bot|brute-force|ziyadnz|hourly,2026-08-17T18:48:05Z,2026-08-17T18:48:05Z,
41.221.64.226,ipv4,ssh-brute-force,high,WHITE,blocklist.de/ssh|blocklist.de/all|ziyadnz/hourly-ipv4,blocklist.de|ssh|bot|irc-bot|brute-force|ziyadnz|hourly,2026-08-17T18:48:05Z,2026-08-17T18:48:05Z,
41.225.238.233,ipv4,ssh-brute-force,high,WHITE,blocklist.de/ssh|blocklist.de/all|ziyadnz/hourly-ipv4,blocklist.de|ssh|bot|irc-bot|brute-force|ziyadnz|hourly,2026-08-17T18:48:05Z,2026-08-17T18:48:05Z,
41.225.49.232,ipv4,ssh-brute-force,high,WHITE,blocklist.de/ssh|blocklist.de/all|ziyadnz/hourly-ipv4,blocklist.de|ssh|bot|irc-bot|brute-force|ziyadnz|hourly,2026-08-17T18:48:05Z,2026-08-17T18:48:05Z,
41.242.115.83,ipv4,ssh-brute-force,high,WHITE,blocklist.de/ssh|blocklist.de/all|ziyadnz/hourly-ipv4,blocklist.de|ssh|bot|irc-bot|brute-force|ziyadnz|hourly,2026-08-17T18:48:05Z,2026-08-17T18:48:05Z,
41.242.115.84,ipv4,ssh-brute-force,high,WHITE,blocklist.de/ssh|blocklist.de/all|ziyadnz/hourly-ipv4,blocklist.de|ssh|bot|irc-bot|brute-force|ziyadnz|hourly,2026-08-17T18:48:05Z,2026-08-17T18:48:05Z,
41.38.91.188,ipv4,ssh-brute-force,high,WHITE,blocklist.de/ssh|blocklist.de/all|ziyadnz/hourly-ipv4,blocklist.de|ssh|bot|irc-bot|brute-force|ziyadnz|hourly,2026-08-17T18:48:05Z,2026-08-17T18:48:05Z,
41.41.174.166,ipv4,ssh-brute-force,high,WHITE,blocklist.de/ssh|blocklist.de/all|ziyadnz/hourly-ipv4,blocklist.de|ssh|bot|irc-bot|brute-force|ziyadnz|hourly,2026-08-17T18:48:05Z,2026-08-17T18:48:05Z,
41.46.42.212,ipv4,ssh-brute-force,high,WHITE,blocklist.de/ssh|blocklist.de/all|ziyadnz/hourly-ipv4,blocklist.de|ssh|bot|irc-bot|brute-force|ziyadnz|hourly,2026-08-17T18:48:05Z,2026-08-17T18:48:05Z,
41.57.101.17,ipv4,ssh-brute-force,high,WHITE,blocklist.de/ssh|blocklist.de/all|ziyadnz/hourly-ipv4,blocklist.de|ssh|bot|irc-bot|brute-force|ziyadnz|hourly,2026-08-17T18:48:05Z,2026-08-17T18:48:05Z,
41.63.62.103,ipv4,ssh-brute-force,high,WHITE,blocklist.de/ssh|blocklist.de/all|ziyadnz/hourly-ipv4,blocklist.de|ssh|bot|irc-bot|brute-force|ziyadnz|hourly,2026-08-17T18:48:05Z,2026-08-17T18:48:05Z,
41.63.63.211,ipv4,ssh-brute-force,high,WHITE,blocklist.de/ssh|blocklist.de/all|ziyadnz/hourly-ipv4,blocklist.de|ssh|bot|irc-bot|brute-force|ziyadnz|hourly,2026-08-17T18:48:05Z,2026-08-17T18:48:05Z,
41.71.38.12,ipv4,ssh-brute-force,high,WHITE,blocklist.de/ssh|blocklist.de/all|ziyadnz/hourly-ipv4,blocklist.de|ssh|bot|irc-bot|brute-force|ziyadnz|hourly,2026-08-17T18:48:05Z,2026-08-17T18:48:05Z,
41.78.201.183,ipv4,ssh-brute-force,high,WHITE,blocklist.de/ssh|blocklist.de/all|ziyadnz/hourly-ipv4,blocklist.de|ssh|bot|irc-bot|brute-force|ziyadnz|hourly,2026-08-17T18:48:05Z,2026-08-17T18:48:05Z,
41.82.130.55,ipv4,ssh-brute-force,high,WHITE,blocklist.de/ssh|blocklist.de/all|ziyadnz/hourly-ipv4,blocklist.de|ssh|bot|irc-bot|brute-force|ziyadnz|hourly,2026-08-17T18:48:05Z,2026-08-17T18:48:05Z,
41.89.227.161,ipv4,ssh-brute-force,high,WHITE,blocklist.de/ssh|blocklist.de/all|ziyadnz/hourly-ipv4,blocklist.de|ssh|bot|irc-bot|brute-force|ziyadnz|hourly,2026-08-17T18:48:05Z,2026-08-17T18:48:05Z,
41.90.144.145,ipv4,ssh-brute-force,high,WHITE,blocklist.de/ssh|blocklist.de/all|ziyadnz/hourly-ipv4,blocklist.de|ssh|bot|irc-bot|brute-force|ziyadnz|hourly,2026-08-17T18:48:05Z,2026-08-17T18:48:05Z,
41.93.28.12,ipv4,ssh-brute-force,high,WHITE,blocklist.de/ssh|blocklist.de/all|ziyadnz/hourly-ipv4,blocklist.de|ssh|bot|irc-bot|brute-force|ziyadnz|hourly,2026-08-17T18:48:05Z,2026-08-17T18:48:05Z,
41.93.28.23,ipv4,ssh-brute-force,high,WHITE,blocklist.de/ssh|blocklist.de/all|ziyadnz/hourly-ipv4,blocklist.de|ssh|bot|irc-bot|brute-force|ziyadnz|hourly,2026-08-17T18:48:05Z,2026-08-17T18:48:05Z,
42.1.65.123,ipv4,ssh-brute-force,high,WHITE,blocklist.de/ssh|blocklist.de/all|ziyadnz/hourly-ipv4,blocklist.de|ssh|bot|irc-bot|brute-force|ziyadnz|hourly,2026-08-17T18:48:05Z,2026-08-17T18:48:05Z,
42.101.43.119,ipv4,ssh-brute-force,high,WHITE,blocklist.de/ssh|blocklist.de/all|ziyadnz/hourly-ipv4,blocklist.de|ssh|bot|irc-bot|brute-force|ziyadnz|hourly,2026-08-17T18:48:05Z,2026-08-17T18:48:05Z,
42.101.60.58,ipv4,ssh-brute-force,high,WHITE,blocklist.de/ssh|blocklist.de/all|ziyadnz/hourly-ipv4,blocklist.de|ssh|bot|irc-bot|brute-force|ziyadnz|hourly,2026-08-17T18:48:05Z,2026-08-17T18:48:05Z,
42.114.171.165,ipv4,ssh-brute-force,high,WHITE,blocklist.de/ssh|blocklist.de/all|ziyadnz/hourly-ipv4,blocklist.de|ssh|bot|irc-bot|brute-force|ziyadnz|hourly,2026-08-17T18:48:05Z,2026-08-17T18:48:05Z,
42.117.120.37,ipv4,ssh-brute-force,high,WHITE,blocklist.de/ssh|blocklist.de/all|ziyadnz/hourly-ipv4,blocklist.de|ssh|bot|irc-bot|brute-force|ziyadnz|hourly,2026-08-17T18:48:05Z,2026-08-17T18:48:05Z,
42.120.22.58,ipv4,ssh-brute-force,high,WHITE,blocklist.de/ssh|blocklist.de/all|ziyadnz/hourly-ipv4,blocklist.de|ssh|bot|irc-bot|brute-force|ziyadnz|hourly,2026-08-17T18:48:05Z,2026-08-17T18:48:05Z,
42.180.54.76,ipv4,ssh-brute-force,high,WHITE,blocklist.de/ssh|blocklist.de/all|ziyadnz/hourly-ipv4,blocklist.de|ssh|bot|irc-bot|brute-force|ziyadnz|hourly,2026-08-17T18:48:05Z,2026-08-17T18:48:05Z,
42.193.237.190,ipv4,ssh-brute-force,high,WHITE,blocklist.de/ssh|blocklist.de/all|ziyadnz/hourly-ipv4,blocklist.de|ssh|bot|irc-bot|brute-force|ziyadnz|hourly,2026-08-17T18:48:05Z,2026-08-17T18:48:05Z,
42.193.97.151,ipv4,ssh-brute-force,high,WHITE,blocklist.de/ssh|blocklist.de/all|ziyadnz/hourly-ipv4,blocklist.de|ssh|bot|irc-bot|brute-force|ziyadnz|hourly,2026-08-17T18:48:05Z,2026-08-17T18:48:05Z,
42.202.32.73,ipv4,ssh-brute-force,high,WHITE,blocklist.de/ssh|blocklist.de/all|ziyadnz/hourly-ipv4,blocklist.de|ssh|bot|irc-bot|brute-force|ziyadnz|hourly,2026-08-17T18:48:05Z,2026-08-17T18:48:05Z,
42.240.164.208,ipv4,ssh-brute-force,high,WHITE,blocklist.de/ssh|blocklist.de/all|ziyadnz/hourly-ipv4,blocklist.de|ssh|bot|irc-bot|brute-force|ziyadnz|hourly,2026-08-17T18:48:05Z,2026-08-17T18:48:05Z,
42.249.228.42,ipv4,ssh-brute-force,high,WHITE,blocklist.de/ssh|blocklist.de/all|ziyadnz/hourly-ipv4,blocklist.de|ssh|bot|irc-bot|brute-force|ziyadnz|hourly,2026-08-17T18:48:05Z,2026-08-17T18:48:05Z,
42.4.62.108,ipv4,ssh-brute-force,high,WHITE,blocklist.de/ssh|blocklist.de/all|ziyadnz/hourly-ipv4,blocklist.de|ssh|bot|irc-bot|brute-force|ziyadnz|hourly,2026-08-17T18:48:05Z,2026-08-17T18:48:05Z,
42.51.37.22,ipv4,ssh-brute-force,high,WHITE,blocklist.de/ssh|blocklist.de/all|ziyadnz/hourly-ipv4,blocklist.de|ssh|bot|irc-bot|brute-force|ziyadnz|hourly,2026-08-17T18:48:05Z,2026-08-17T18:48:05Z,
42.51.44.110,ipv4,ssh-brute-force,high,WHITE,blocklist.de/ssh|blocklist.de/all|ziyadnz/hourly-ipv4,blocklist.de|ssh|bot|irc-bot|brute-force|ziyadnz|hourly,2026-08-17T18:48:05Z,2026-08-17T18:48:05Z,
42.51.49.166,ipv4,ssh-brute-force,high,WHITE,blocklist.de/ssh|blocklist.de/all|ziyadnz/hourly-ipv4,blocklist.de|ssh|bot|irc-bot|brute-force|ziyadnz|hourly,2026-08-17T18:48:05Z,2026-08-17T18:48:05Z,
42.96.17.104,ipv4,ssh-brute-force,high,WHITE,blocklist.de/ssh|blocklist.de/all|ziyadnz/hourly-ipv4,blocklist.de|ssh|bot|irc-bot|brute-force|ziyadnz|hourly,2026-08-17T18:48:05Z,2026-08-17T18:48:05Z,
42.96.19.37,ipv4,ssh-brute-force,high,WHITE,blocklist.de/ssh|blocklist.de/all|ziyadnz/hourly-ipv4,blocklist.de|ssh|bot|irc-bot|brute-force|ziyadnz|hourly,2026-08-17T18:48:05Z,2026-08-17T18:48:05Z,
42.96.20.16,ipv4,ssh-brute-force,high,WHITE,blocklist.de/ssh|blocklist.de/all|ziyadnz/hourly-ipv4,blocklist.de|ssh|bot|irc-bot|brute-force|ziyadnz|hourly,2026-08-17T18:48:05Z,2026-08-17T18:48:05Z,
43.106.83.131,ipv4,ssh-brute-force,high,WHITE,blocklist.de/ssh|blocklist.de/all|ziyadnz/hourly-ipv4,blocklist.de|ssh|bot|irc-bot|brute-force|ziyadnz|hourly,2026-08-17T18:48:05Z,2026-08-17T18:48:05Z,
43.108.16.4,ipv4,ssh-brute-force,high,WHITE,blocklist.de/ssh|blocklist.de/all|ziyadnz/hourly-ipv4,blocklist.de|ssh|bot|irc-bot|brute-force|ziyadnz|hourly,2026-08-17T18:48:05Z,2026-08-17T18:48:05Z,
43.128.214.214,ipv4,ssh-brute-force,high,WHITE,blocklist.de/ssh|blocklist.de/all|ziyadnz/hourly-ipv4,blocklist.de|ssh|bot|irc-bot|brute-force|ziyadnz|hourly,2026-08-17T18:48:05Z,2026-08-17T18:48:05Z,
43.128.3.201,ipv4,ssh-brute-force,high,WHITE,blocklist.de/ssh|blocklist.de/all|ziyadnz/hourly-ipv4,blocklist.de|ssh|bot|irc-bot|brute-force|ziyadnz|hourly,2026-08-17T18:48:05Z,2026-08-17T18:48:05Z,
43.128.8.163,ipv4,ssh-brute-force,high,WHITE,blocklist.de/ssh|blocklist.de/all|ziyadnz/hourly-ipv4,blocklist.de|ssh|bot|irc-bot|brute-force|ziyadnz|hourly,2026-08-17T18:48:05Z,2026-08-17T18:48:05Z,
43.128.81.242,ipv4,ssh-brute-force,high,WHITE,blocklist.de/ssh|blocklist.de/all|ziyadnz/hourly-ipv4,blocklist.de|ssh|bot|irc-bot|brute-force|ziyadnz|hourly,2026-08-17T18:48:05Z,2026-08-17T18:48:05Z,
43.129.173.195,ipv4,ssh-brute-force,high,WHITE,blocklist.de/ssh|blocklist.de/all|ziyadnz/hourly-ipv4,blocklist.de|ssh|bot|irc-bot|brute-force|ziyadnz|hourly,2026-08-17T18:48:05Z,2026-08-17T18:48:05Z,
43.129.65.173,ipv4,ssh-brute-force,high,WHITE,blocklist.de/ssh|blocklist.de/all|ziyadnz/hourly-ipv4,blocklist.de|ssh|bot|irc-bot|brute-force|ziyadnz|hourly,2026-08-17T18:48:05Z,2026-08-17T18:48:05Z,
43.130.249.176,ipv4,ssh-brute-force,high,WHITE,blocklist.de/ssh|blocklist.de/all|ziyadnz/hourly-ipv4,blocklist.de|ssh|bot|irc-bot|brute-force|ziyadnz|hourly,2026-08-17T18:48:05Z,2026-08-17T18:48:05Z,
43.130.90.166,ipv4,ssh-brute-force,high,WHITE,blocklist.de/ssh|blocklist.de/all|ziyadnz/hourly-ipv4,blocklist.de|ssh|bot|irc-bot|brute-force|ziyadnz|hourly,2026-08-17T18:48:05Z,2026-08-17T18:48:05Z,
43.133.140.5,ipv4,ssh-brute-force,high,WHITE,blocklist.de/ssh|blocklist.de/all|ziyadnz/hourly-ipv4,blocklist.de|ssh|bot|irc-bot|brute-force|ziyadnz|hourly,2026-08-17T18:48:05Z,2026-08-17T18:48:05Z,
43.133.61.254,ipv4,ssh-brute-force,high,WHITE,blocklist.de/ssh|blocklist.de/all|ziyadnz/hourly-ipv4,blocklist.de|ssh|bot|irc-bot|brute-force|ziyadnz|hourly,2026-08-17T18:48:05Z,2026-08-17T18:48:05Z,
43.134.20.205,ipv4,ssh-brute-force,high,WHITE,blocklist.de/ssh|blocklist.de/all|ziyadnz/hourly-ipv4,blocklist.de|ssh|bot|irc-bot|brute-force|ziyadnz|hourly,2026-08-17T18:48:05Z,2026-08-17T18:48:05Z,
43.134.29.106,ipv4,ssh-brute-force,high,WHITE,blocklist.de/ssh|blocklist.de/all|ziyadnz/hourly-ipv4,blocklist.de|ssh|bot|irc-bot|brute-force|ziyadnz|hourly,2026-08-17T18:48:05Z,2026-08-17T18:48:05Z,
43.134.40.51,ipv4,ssh-brute-force,high,WHITE,blocklist.de/ssh|blocklist.de/all|ziyadnz/hourly-ipv4,blocklist.de|ssh|bot|irc-bot|brute-force|ziyadnz|hourly,2026-08-17T18:48:05Z,2026-08-17T18:48:05Z,
43.134.96.20,ipv4,ssh-brute-force,high,WHITE,blocklist.de/ssh|blocklist.de/all|ziyadnz/hourly-ipv4,blocklist.de|ssh|bot|irc-bot|brute-force|ziyadnz|hourly,2026-08-17T18:48:05Z,2026-08-17T18:48:05Z,
43.135.149.69,ipv4,ssh-brute-force,high,WHITE,blocklist.de/ssh|blocklist.de/all|ziyadnz/hourly-ipv4,blocklist.de|ssh|bot|irc-bot|brute-force|ziyadnz|hourly,2026-08-17T18:48:05Z,2026-08-17T18:48:05Z,
43.139.30.228,ipv4,ssh-brute-force,high,WHITE,blocklist.de/ssh|blocklist.de/all|ziyadnz/hourly-ipv4,blocklist.de|ssh|bot|irc-bot|brute-force|ziyadnz|hourly,2026-08-17T18:48:05Z,2026-08-17T18:48:05Z,
43.153.138.134,ipv4,ssh-brute-force,high,WHITE,blocklist.de/ssh|blocklist.de/all|ziyadnz/hourly-ipv4,blocklist.de|ssh|bot|irc-bot|brute-force|ziyadnz|hourly,2026-08-17T18:48:05Z,2026-08-17T18:48:05Z,
43.154.195.142,ipv4,ssh-brute-force,high,WHITE,blocklist.de/ssh|blocklist.de/all|ziyadnz/hourly-ipv4,blocklist.de|ssh|bot|irc-bot|brute-force|ziyadnz|hourly,2026-08-17T18:48:05Z,2026-08-17T18:48:05Z,
43.155.134.4,ipv4,ssh-brute-force,high,WHITE,blocklist.de/ssh|blocklist.de/all|ziyadnz/hourly-ipv4,blocklist.de|ssh|bot|irc-bot|brute-force|ziyadnz|hourly,2026-08-17T18:48:05Z,2026-08-17T18:48:05Z,
43.155.21.198,ipv4,ssh-brute-force,high,WHITE,blocklist.de/ssh|blocklist.de/all|ziyadnz/hourly-ipv4,blocklist.de|ssh|bot|irc-bot|brute-force|ziyadnz|hourly,2026-08-17T18:48:05Z,2026-08-17T18:48:05Z,
43.155.230.249,ipv4,ssh-brute-force,high,WHITE,blocklist.de/ssh|blocklist.de/all|ziyadnz/hourly-ipv4,blocklist.de|ssh|bot|irc-bot|brute-force|ziyadnz|hourly,2026-08-17T18:48:05Z,2026-08-17T18:48:05Z,
43.156.115.178,ipv4,ssh-brute-force,high,WHITE,blocklist.de/ssh|blocklist.de/all|ziyadnz/hourly-ipv4,blocklist.de|ssh|bot|irc-bot|brute-force|ziyadnz|hourly,2026-08-17T18:48:05Z,2026-08-17T18:48:05Z,
43.156.212.6,ipv4,ssh-brute-force,high,WHITE,blocklist.de/ssh|blocklist.de/all|ziyadnz/hourly-ipv4,blocklist.de|ssh|bot|irc-bot|brute-force|ziyadnz|hourly,2026-08-17T18:48:05Z,2026-08-17T18:48:05Z,
43.156.71.43,ipv4,ssh-brute-force,high,WHITE,blocklist.de/ssh|blocklist.de/all|ziyadnz/hourly-ipv4,blocklist.de|ssh|bot|irc-bot|brute-force|ziyadnz|hourly,2026-08-17T18:48:05Z,2026-08-17T18:48:05Z,
43.157.200.91,ipv4,ssh-brute-force,high,WHITE,blocklist.de/ssh|blocklist.de/all|ziyadnz/hourly-ipv4,blocklist.de|ssh|bot|irc-bot|brute-force|ziyadnz|hourly,2026-08-17T18:48:05Z,2026-08-17T18:48:05Z,
43.157.241.9,ipv4,ssh-brute-force,high,WHITE,blocklist.de/ssh|blocklist.de/all|ziyadnz/hourly-ipv4,blocklist.de|ssh|bot|irc-bot|brute-force|ziyadnz|hourly,2026-08-17T18:48:05Z,2026-08-17T18:48:05Z,
43.160.212.102,ipv4,ssh-brute-force,high,WHITE,blocklist.de/ssh|blocklist.de/all|ziyadnz/hourly-ipv4,blocklist.de|ssh|bot|irc-bot|brute-force|ziyadnz|hourly,2026-08-17T18:48:05Z,2026-08-17T18:48:05Z,
43.160.219.147,ipv4,ssh-brute-force,high,WHITE,blocklist.de/ssh|blocklist.de/all|ziyadnz/hourly-ipv4,blocklist.de|ssh|bot|irc-bot|brute-force|ziyadnz|hourly,2026-08-17T18:48:05Z,2026-08-17T18:48:05Z,
43.160.243.161,ipv4,ssh-brute-force,high,WHITE,blocklist.de/ssh|blocklist.de/all|ziyadnz/hourly-ipv4,blocklist.de|ssh|bot|irc-bot|brute-force|ziyadnz|hourly,2026-08-17T18:48:05Z,2026-08-17T18:48:05Z,
43.160.246.215,ipv4,ssh-brute-force,high,WHITE,blocklist.de/ssh|blocklist.de/all|ziyadnz/hourly-ipv4,blocklist.de|ssh|bot|irc-bot|brute-force|ziyadnz|hourly,2026-08-17T18:48:05Z,2026-08-17T18:48:05Z,
43.165.170.19,ipv4,ssh-brute-force,high,WHITE,blocklist.de/ssh|blocklist.de/all|ziyadnz/hourly-ipv4,blocklist.de|ssh|bot|irc-bot|brute-force|ziyadnz|hourly,2026-08-17T18:48:05Z,2026-08-17T18:48:05Z,
43.165.170.198,ipv4,ssh-brute-force,high,WHITE,blocklist.de/ssh|blocklist.de/all|ziyadnz/hourly-ipv4,blocklist.de|ssh|bot|irc-bot|brute-force|ziyadnz|hourly,2026-08-17T18:48:05Z,2026-08-17T18:48:05Z,
43.165.177.143,ipv4,ssh-brute-force,high,WHITE,blocklist.de/ssh|blocklist.de/all|ziyadnz/hourly-ipv4,blocklist.de|ssh|bot|irc-bot|brute-force|ziyadnz|hourly,2026-08-17T18:48:05Z,2026-08-17T18:48:05Z,
43.165.185.177,ipv4,ssh-brute-force,high,WHITE,blocklist.de/ssh|blocklist.de/all|ziyadnz/hourly-ipv4,blocklist.de|ssh|bot|irc-bot|brute-force|ziyadnz|hourly,2026-08-17T18:48:05Z,2026-08-17T18:48:05Z,
43.165.190.208,ipv4,ssh-brute-force,high,WHITE,blocklist.de/ssh|blocklist.de/all|ziyadnz/hourly-ipv4,blocklist.de|ssh|bot|irc-bot|brute-force|ziyadnz|hourly,2026-08-17T18:48:05Z,2026-08-17T18:48:05Z,
43.166.242.149,ipv4,ssh-brute-force,high,WHITE,blocklist.de/ssh|blocklist.de/all|ziyadnz/hourly-ipv4,blocklist.de|ssh|bot|irc-bot|brute-force|ziyadnz|hourly,2026-08-17T18:48:05Z,2026-08-17T18:48:05Z,
43.166.245.172,ipv4,ssh-brute-force,high,WHITE,blocklist.de/ssh|blocklist.de/all|ziyadnz/hourly-ipv4,blocklist.de|ssh|bot|irc-bot|brute-force|ziyadnz|hourly,2026-08-17T18:48:05Z,2026-08-17T18:48:05Z,
43.167.198.92,ipv4,ssh-brute-force,high,WHITE,blocklist.de/ssh|blocklist.de/all|ziyadnz/hourly-ipv4,blocklist.de|ssh|bot|irc-bot|brute-force|ziyadnz|hourly,2026-08-17T18:48:05Z,2026-08-17T18:48:05Z,
43.172.92.108,ipv4,ssh-brute-force,high,WHITE,blocklist.de/ssh|blocklist.de/all|ziyadnz/hourly-ipv4,blocklist.de|ssh|bot|irc-bot|brute-force|ziyadnz|hourly,2026-08-17T18:48:05Z,2026-08-17T18:48:05Z,
43.173.71.5,ipv4,ssh-brute-force,high,WHITE,blocklist.de/ssh|blocklist.de/all|ziyadnz/hourly-ipv4,blocklist.de|ssh|bot|irc-bot|brute-force|ziyadnz|hourly,2026-08-17T18:48:05Z,2026-08-17T18:48:05Z,
43.224.66.204,ipv4,ssh-brute-force,high,WHITE,blocklist.de/ssh|blocklist.de/all|ziyadnz/hourly-ipv4,blocklist.de|ssh|bot|irc-bot|brute-force|ziyadnz|hourly,2026-08-17T18:48:05Z,2026-08-17T18:48:05Z,
43.226.36.154,ipv4,ssh-brute-force,high,WHITE,blocklist.de/ssh|blocklist.de/all|ziyadnz/hourly-ipv4,blocklist.de|ssh|bot|irc-bot|brute-force|ziyadnz|hourly,2026-08-17T18:48:05Z,2026-08-17T18:48:05Z,
43.226.37.33,ipv4,ssh-brute-force,high,WHITE,blocklist.de/ssh|blocklist.de/all|ziyadnz/hourly-ipv4,blocklist.de|ssh|bot|irc-bot|brute-force|ziyadnz|hourly,2026-08-17T18:48:05Z,2026-08-17T18:48:05Z,
43.226.39.182,ipv4,ssh-brute-force,high,WHITE,blocklist.de/ssh|blocklist.de/all|ziyadnz/hourly-ipv4,blocklist.de|ssh|bot|irc-bot|brute-force|ziyadnz|hourly,2026-08-17T18:48:05Z,2026-08-17T18:48:05Z,
43.228.157.105,ipv4,ssh-brute-force,high,WHITE,blocklist.de/ssh|blocklist.de/all|ziyadnz/hourly-ipv4,blocklist.de|ssh|bot|irc-bot|brute-force|ziyadnz|hourly,2026-08-17T18:48:05Z,2026-08-17T18:48:05Z,
43.230.213.16,ipv4,ssh-brute-force,high,WHITE,blocklist.de/ssh|blocklist.de/all|ziyadnz/hourly-ipv4,blocklist.de|ssh|bot|irc-bot|brute-force|ziyadnz|hourly,2026-08-17T18:48:05Z,2026-08-17T18:48:05Z,
43.240.149.14,ipv4,ssh-brute-force,high,WHITE,blocklist.de/ssh|blocklist.de/all|ziyadnz/hourly-ipv4,blocklist.de|ssh|bot|irc-bot|brute-force|ziyadnz|hourly,2026-08-17T18:48:05Z,2026-08-17T18:48:05Z,
43.242.203.160,ipv4,ssh-brute-force,high,WHITE,blocklist.de/ssh|blocklist.de/all|ziyadnz/hourly-ipv4,blocklist.de|ssh|bot|irc-bot|brute-force|ziyadnz|hourly,2026-08-17T18:48:05Z,2026-08-17T18:48:05Z,
43.245.248.2,ipv4,ssh-brute-force,high,WHITE,blocklist.de/ssh|blocklist.de/all|ziyadnz/hourly-ipv4,blocklist.de|ssh|bot|irc-bot|brute-force|ziyadnz|hourly,2026-08-17T18:48:05Z,2026-08-17T18:48:05Z,
43.246.198.121,ipv4,ssh-brute-force,high,WHITE,blocklist.de/ssh|blocklist.de/all|ziyadnz/hourly-ipv4,blocklist.de|ssh|bot|irc-bot|brute-force|ziyadnz|hourly,2026-08-17T18:48:05Z,2026-08-17T18:48:05Z,
43.99.103.39,ipv4,ssh-brute-force,high,WHITE,blocklist.de/ssh|blocklist.de/all|ziyadnz/hourly-ipv4,blocklist.de|ssh|bot|irc-bot|brute-force|ziyadnz|hourly,2026-08-17T18:48:05Z,2026-08-17T18:48:05Z,
44.211.197.174,ipv4,ssh-brute-force,high,WHITE,blocklist.de/ssh|blocklist.de/all|ziyadnz/hourly-ipv4,blocklist.de|ssh|bot|irc-bot|brute-force|ziyadnz|hourly,2026-08-17T18:48:05Z,2026-08-17T18:48:05Z,
44.220.185.105,ipv4,ssh-brute-force,high,WHITE,blocklist.de/ssh|blocklist.de/all|ziyadnz/hourly-ipv4,blocklist.de|ssh|bot|irc-bot|brute-force|ziyadnz|hourly,2026-08-17T18:48:05Z,2026-08-17T18:48:05Z,
44.220.185.249,ipv4,ssh-brute-force,high,WHITE,blocklist.de/ssh|blocklist.de/all|ziyadnz/hourly-ipv4,blocklist.de|ssh|bot|irc-bot|brute-force|ziyadnz|hourly,2026-08-17T18:48:05Z,2026-08-17T18:48:05Z,
45.10.175.77,ipv4,ssh-brute-force,high,WHITE,blocklist.de/ssh|blocklist.de/all|ziyadnz/hourly-ipv4,blocklist.de|ssh|bot|irc-bot|brute-force|ziyadnz|hourly,2026-08-17T18:48:05Z,2026-08-17T18:48:05Z,
45.11.172.52,ipv4,ssh-brute-force,high,WHITE,blocklist.de/ssh|blocklist.de/all|ziyadnz/hourly-ipv4,blocklist.de|ssh|bot|irc-bot|brute-force|ziyadnz|hourly,2026-08-17T18:48:05Z,2026-08-17T18:48:05Z,
45.112.46.255,ipv4,ssh-brute-force,high,WHITE,blocklist.de/ssh|blocklist.de/all|ziyadnz/hourly-ipv4,blocklist.de|ssh|bot|irc-bot|brute-force|ziyadnz|hourly,2026-08-17T18:48:05Z,2026-08-17T18:48:05Z,
45.114.125.22,ipv4,ssh-brute-force,high,WHITE,blocklist.de/ssh|blocklist.de/all|ziyadnz/hourly-ipv4,blocklist.de|ssh|bot|irc-bot|brute-force|ziyadnz|hourly,2026-08-17T18:48:05Z,2026-08-17T18:48:05Z,
45.116.78.92,ipv4,ssh-brute-force,high,WHITE,blocklist.de/ssh|blocklist.de/all|ziyadnz/hourly-ipv4,blocklist.de|ssh|bot|irc-bot|brute-force|ziyadnz|hourly,2026-08-17T18:48:05Z,2026-08-17T18:48:05Z,
45.117.177.47,ipv4,ssh-brute-force,high,WHITE,blocklist.de/ssh|blocklist.de/all|ziyadnz/hourly-ipv4,blocklist.de|ssh|bot|irc-bot|brute-force|ziyadnz|hourly,2026-08-17T18:48:05Z,2026-08-17T18:48:05Z,
45.118.159.249,ipv4,ssh-brute-force,high,WHITE,blocklist.de/ssh|blocklist.de/all|ziyadnz/hourly-ipv4,blocklist.de|ssh|bot|irc-bot|brute-force|ziyadnz|hourly,2026-08-17T18:48:05Z,2026-08-17T18:48:05Z,
45.119.212.99,ipv4,ssh-brute-force,high,WHITE,blocklist.de/ssh|blocklist.de/all|ziyadnz/hourly-ipv4,blocklist.de|ssh|bot|irc-bot|brute-force|ziyadnz|hourly,2026-08-17T18:48:05Z,2026-08-17T18:48:05Z,
45.119.81.245,ipv4,ssh-brute-force,high,WHITE,blocklist.de/ssh|blocklist.de/all|ziyadnz/hourly-ipv4,blocklist.de|ssh|bot|irc-bot|brute-force|ziyadnz|hourly,2026-08-17T18:48:05Z,2026-08-17T18:48:05Z,
45.12.18.150,ipv4,ssh-brute-force,high,WHITE,blocklist.de/ssh|blocklist.de/all|ziyadnz/hourly-ipv4,blocklist.de|ssh|bot|irc-bot|brute-force|ziyadnz|hourly,2026-08-17T18:48:05Z,2026-08-17T18:48:05Z,
45.120.216.232,ipv4,ssh-brute-force,high,WHITE,blocklist.de/ssh|blocklist.de/all|ziyadnz/hourly-ipv4,blocklist.de|ssh|bot|irc-bot|brute-force|ziyadnz|hourly,2026-08-17T18:48:05Z,2026-08-17T18:48:05Z,
45.121.25.115,ipv4,ssh-brute-force,high,WHITE,blocklist.de/ssh|blocklist.de/all|ziyadnz/hourly-ipv4,blocklist.de|ssh|bot|irc-bot|brute-force|ziyadnz|hourly,2026-08-17T18:48:05Z,2026-08-17T18:48:05Z,
45.123.110.70,ipv4,ssh-brute-force,high,WHITE,blocklist.de/ssh|blocklist.de/all|ziyadnz/hourly-ipv4,blocklist.de|ssh|bot|irc-bot|brute-force|ziyadnz|hourly,2026-08-17T18:48:05Z,2026-08-17T18:48:05Z,
45.126.120.53,ipv4,ssh-brute-force,high,WHITE,blocklist.de/ssh|blocklist.de/all|ziyadnz/hourly-ipv4,blocklist.de|ssh|bot|irc-bot|brute-force|ziyadnz|hourly,2026-08-17T18:48:05Z,2026-08-17T18:48:05Z,
45.130.127.173,ipv4,ssh-brute-force,high,WHITE,blocklist.de/ssh|blocklist.de/all|ziyadnz/hourly-ipv4,blocklist.de|ssh|bot|irc-bot|brute-force|ziyadnz|hourly,2026-08-17T18:48:05Z,2026-08-17T18:48:05Z,
45.133.104.9,ipv4,ssh-brute-force,high,WHITE,blocklist.de/ssh|blocklist.de/all|ziyadnz/hourly-ipv4,blocklist.de|ssh|bot|irc-bot|brute-force|ziyadnz|hourly,2026-08-17T18:48:05Z,2026-08-17T18:48:05Z,
45.135.141.14,ipv4,ssh-brute-force,high,WHITE,blocklist.de/ssh|blocklist.de/all|ziyadnz/hourly-ipv4,blocklist.de|ssh|bot|irc-bot|brute-force|ziyadnz|hourly,2026-08-17T18:48:05Z,2026-08-17T18:48:05Z,
45.135.141.15,ipv4,ssh-brute-force,high,WHITE,blocklist.de/ssh|blocklist.de/all|ziyadnz/hourly-ipv4,blocklist.de|ssh|bot|irc-bot|brute-force|ziyadnz|hourly,2026-08-17T18:48:05Z,2026-08-17T18:48:05Z,
45.135.141.16,ipv4,ssh-brute-force,high,WHITE,blocklist.de/ssh|blocklist.de/all|ziyadnz/hourly-ipv4,blocklist.de|ssh|bot|irc-bot|brute-force|ziyadnz|hourly,2026-08-17T18:48:05Z,2026-08-17T18:48:05Z,
45.135.141.17,ipv4,ssh-brute-force,high,WHITE,blocklist.de/ssh|blocklist.de/all|ziyadnz/hourly-ipv4,blocklist.de|ssh|bot|irc-bot|brute-force|ziyadnz|hourly,2026-08-17T18:48:05Z,2026-08-17T18:48:05Z,
45.135.141.18,ipv4,ssh-brute-force,high,WHITE,blocklist.de/ssh|blocklist.de/all|ziyadnz/hourly-ipv4,blocklist.de|ssh|bot|irc-bot|brute-force|ziyadnz|hourly,2026-08-17T18:48:05Z,2026-08-17T18:48:05Z,
45.135.141.19,ipv4,ssh-brute-force,high,WHITE,blocklist.de/ssh|blocklist.de/all|ziyadnz/hourly-ipv4,blocklist.de|ssh|bot|irc-bot|brute-force|ziyadnz|hourly,2026-08-17T18:48:05Z,2026-08-17T18:48:05Z,
45.135.141.20,ipv4,ssh-brute-force,high,WHITE,blocklist.de/ssh|blocklist.de/all|ziyadnz/hourly-ipv4,blocklist.de|ssh|bot|irc-bot|brute-force|ziyadnz|hourly,2026-08-17T18:48:05Z,2026-08-17T18:48:05Z,
45.135.141.21,ipv4,ssh-brute-force,high,WHITE,blocklist.de/ssh|blocklist.de/all|ziyadnz/hourly-ipv4,blocklist.de|ssh|bot|irc-bot|brute-force|ziyadnz|hourly,2026-08-17T18:48:05Z,2026-08-17T18:48:05Z,
45.135.141.7,ipv4,ssh-brute-force,high,WHITE,blocklist.de/ssh|blocklist.de/all|ziyadnz/hourly-ipv4,blocklist.de|ssh|bot|irc-bot|brute-force|ziyadnz|hourly,2026-08-17T18:48:05Z,2026-08-17T18:48:05Z,
45.135.141.8,ipv4,ssh-brute-force,high,WHITE,blocklist.de/ssh|blocklist.de/all|ziyadnz/hourly-ipv4,blocklist.de|ssh|bot|irc-bot|brute-force|ziyadnz|hourly,2026-08-17T18:48:05Z,2026-08-17T18:48:05Z,
45.135.141.9,ipv4,ssh-brute-force,high,WHITE,blocklist.de/ssh|blocklist.de/all|ziyadnz/hourly-ipv4,blocklist.de|ssh|bot|irc-bot|brute-force|ziyadnz|hourly,2026-08-17T18:48:05Z,2026-08-17T18:48:05Z,
45.135.194.26,ipv4,ssh-brute-force,high,WHITE,blocklist.de/ssh|blocklist.de/all|ziyadnz/hourly-ipv4,blocklist.de|ssh|bot|irc-bot|brute-force|ziyadnz|hourly,2026-08-17T18:48:05Z,2026-08-17T18:48:05Z,
45.14.134.197,ipv4,ssh-brute-force,high,WHITE,blocklist.de/ssh|blocklist.de/all|ziyadnz/hourly-ipv4,blocklist.de|ssh|bot|irc-bot|brute-force|ziyadnz|hourly,2026-08-17T18:48:05Z,2026-08-17T18:48:05Z,
45.142.193.161,ipv4,ssh-brute-force,high,WHITE,blocklist.de/ssh|blocklist.de/all|ziyadnz/hourly-ipv4,blocklist.de|ssh|bot|irc-bot|brute-force|ziyadnz|hourly,2026-08-17T18:48:05Z,2026-08-17T18:48:05Z,
45.144.233.56,ipv4,ssh-brute-force,high,WHITE,blocklist.de/ssh|blocklist.de/all|ziyadnz/hourly-ipv4,blocklist.de|ssh|bot|irc-bot|brute-force|ziyadnz|hourly,2026-08-17T18:48:05Z,2026-08-17T18:48:05Z,
45.148.10.230,ipv4,ssh-brute-force,high,WHITE,blocklist.de/ssh|blocklist.de/all|ziyadnz/hourly-ipv4,blocklist.de|ssh|bot|irc-bot|brute-force|ziyadnz|hourly,2026-08-17T18:48:05Z,2026-08-17T18:48:05Z,
45.15.227.120,ipv4,ssh-brute-force,high,WHITE,blocklist.de/ssh|blocklist.de/all|ziyadnz/hourly-ipv4,blocklist.de|ssh|bot|irc-bot|brute-force|ziyadnz|hourly,2026-08-17T18:48:05Z,2026-08-17T18:48:05Z,
45.153.34.112,ipv4,ssh-brute-force,high,WHITE,blocklist.de/ssh|blocklist.de/all|ziyadnz/hourly-ipv4,blocklist.de|ssh|bot|irc-bot|brute-force|ziyadnz|hourly,2026-08-17T18:48:05Z,2026-08-17T18:48:05Z,
45.153.34.114,ipv4,ssh-brute-force,high,WHITE,blocklist.de/ssh|blocklist.de/all|ziyadnz/hourly-ipv4,blocklist.de|ssh|bot|irc-bot|brute-force|ziyadnz|hourly,2026-08-17T18:48:05Z,2026-08-17T18:48:05Z,
45.153.34.137,ipv4,ssh-brute-force,high,WHITE,blocklist.de/ssh|blocklist.de/all|ziyadnz/hourly-ipv4,blocklist.de|ssh|bot|irc-bot|brute-force|ziyadnz|hourly,2026-08-17T18:48:05Z,2026-08-17T18:48:05Z,
45.153.34.144,ipv4,ssh-brute-force,high,WHITE,blocklist.de/ssh|blocklist.de/all|ziyadnz/hourly-ipv4,blocklist.de|ssh|bot|irc-bot|brute-force|ziyadnz|hourly,2026-08-17T18:48:05Z,2026-08-17T18:48:05Z,
45.153.34.149,ipv4,ssh-brute-force,high,WHITE,blocklist.de/ssh|blocklist.de/all|ziyadnz/hourly-ipv4,blocklist.de|ssh|bot|irc-bot|brute-force|ziyadnz|hourly,2026-08-17T18:48:05Z,2026-08-17T18:48:05Z,
45.153.34.15,ipv4,ssh-brute-force,high,WHITE,blocklist.de/ssh|blocklist.de/all|ziyadnz/hourly-ipv4,blocklist.de|ssh|bot|irc-bot|brute-force|ziyadnz|hourly,2026-08-17T18:48:05Z,2026-08-17T18:48:05Z,
45.153.34.161,ipv4,ssh-brute-force,high,WHITE,blocklist.de/ssh|blocklist.de/all|ziyadnz/hourly-ipv4,blocklist.de|ssh|bot|irc-bot|brute-force|ziyadnz|hourly,2026-08-17T18:48:05Z,2026-08-17T18:48:05Z,
45.153.34.165,ipv4,ssh-brute-force,high,WHITE,blocklist.de/ssh|blocklist.de/all|ziyadnz/hourly-ipv4,blocklist.de|ssh|bot|irc-bot|brute-force|ziyadnz|hourly,2026-08-17T18:48:05Z,2026-08-17T18:48:05Z,
45.153.34.167,ipv4,ssh-brute-force,high,WHITE,blocklist.de/ssh|blocklist.de/all|ziyadnz/hourly-ipv4,blocklist.de|ssh|bot|irc-bot|brute-force|ziyadnz|hourly,2026-08-17T18:48:05Z,2026-08-17T18:48:05Z,
45.153.34.181,ipv4,ssh-brute-force,high,WHITE,blocklist.de/ssh|blocklist.de/all|ziyadnz/hourly-ipv4,blocklist.de|ssh|bot|irc-bot|brute-force|ziyadnz|hourly,2026-08-17T18:48:05Z,2026-08-17T18:48:05Z,
45.153.34.186,ipv4,ssh-brute-force,high,WHITE,blocklist.de/ssh|blocklist.de/all|ziyadnz/hourly-ipv4,blocklist.de|ssh|bot|irc-bot|brute-force|ziyadnz|hourly,2026-08-17T18:48:05Z,2026-08-17T18:48:05Z,
45.153.34.41,ipv4,ssh-brute-force,high,WHITE,blocklist.de/ssh|blocklist.de/all|ziyadnz/hourly-ipv4,blocklist.de|ssh|bot|irc-bot|brute-force|ziyadnz|hourly,2026-08-17T18:48:05Z,2026-08-17T18:48:05Z,
45.153.34.71,ipv4,ssh-brute-force,high,WHITE,blocklist.de/ssh|blocklist.de/all|ziyadnz/hourly-ipv4,blocklist.de|ssh|bot|irc-bot|brute-force|ziyadnz|hourly,2026-08-17T18:48:05Z,2026-08-17T18:48:05Z,
45.153.34.72,ipv4,ssh-brute-force,high,WHITE,blocklist.de/ssh|blocklist.de/all|ziyadnz/hourly-ipv4,blocklist.de|ssh|bot|irc-bot|brute-force|ziyadnz|hourly,2026-08-17T18:48:05Z,2026-08-17T18:48:05Z,
45.156.128.230,ipv4,ssh-brute-force,high,WHITE,blocklist.de/ssh|blocklist.de/all|ziyadnz/hourly-ipv4,blocklist.de|ssh|bot|irc-bot|brute-force|ziyadnz|hourly,2026-08-17T18:48:05Z,2026-08-17T18:48:05Z,
45.156.128.244,ipv4,ssh-brute-force,high,WHITE,blocklist.de/ssh|blocklist.de/all|ziyadnz/hourly-ipv4,blocklist.de|ssh|bot|irc-bot|brute-force|ziyadnz|hourly,2026-08-17T18:48:05Z,2026-08-17T18:48:05Z,
45.156.128.71,ipv4,ssh-brute-force,high,WHITE,blocklist.de/ssh|blocklist.de/all|ziyadnz/hourly-ipv4,blocklist.de|ssh|bot|irc-bot|brute-force|ziyadnz|hourly,2026-08-17T18:48:05Z,2026-08-17T18:48:05Z,
45.156.128.73,ipv4,ssh-brute-force,high,WHITE,blocklist.de/ssh|blocklist.de/all|ziyadnz/hourly-ipv4,blocklist.de|ssh|bot|irc-bot|brute-force|ziyadnz|hourly,2026-08-17T18:48:05Z,2026-08-17T18:48:05Z,
45.156.185.184,ipv4,ssh-brute-force,high,WHITE,blocklist.de/ssh|blocklist.de/all|ziyadnz/hourly-ipv4,blocklist.de|ssh|bot|irc-bot|brute-force|ziyadnz|hourly,2026-08-17T18:48:05Z,2026-08-17T18:48:05Z,
45.156.185.201,ipv4,ssh-brute-force,high,WHITE,blocklist.de/ssh|blocklist.de/all|ziyadnz/hourly-ipv4,blocklist.de|ssh|bot|irc-bot|brute-force|ziyadnz|hourly,2026-08-17T18:48:05Z,2026-08-17T18:48:05Z,
45.156.87.147,ipv4,ssh-brute-force,high,WHITE,blocklist.de/ssh|blocklist.de/all|ziyadnz/hourly-ipv4,blocklist.de|ssh|bot|irc-bot|brute-force|ziyadnz|hourly,2026-08-17T18:48:05Z,2026-08-17T18:48:05Z,
45.156.87.166,ipv4,ssh-brute-force,high,WHITE,blocklist.de/ssh|blocklist.de/all|ziyadnz/hourly-ipv4,blocklist.de|ssh|bot|irc-bot|brute-force|ziyadnz|hourly,2026-08-17T18:48:05Z,2026-08-17T18:48:05Z,
45.156.87.178,ipv4,ssh-brute-force,high,WHITE,blocklist.de/ssh|blocklist.de/all|ziyadnz/hourly-ipv4,blocklist.de|ssh|bot|irc-bot|brute-force|ziyadnz|hourly,2026-08-17T18:48:05Z,2026-08-17T18:48:05Z,
45.156.87.204,ipv4,ssh-brute-force,high,WHITE,blocklist.de/ssh|blocklist.de/all|ziyadnz/hourly-ipv4,blocklist.de|ssh|bot|irc-bot|brute-force|ziyadnz|hourly,2026-08-17T18:48:05Z,2026-08-17T18:48:05Z,
45.156.87.216,ipv4,ssh-brute-force,high,WHITE,blocklist.de/ssh|blocklist.de/all|ziyadnz/hourly-ipv4,blocklist.de|ssh|bot|irc-bot|brute-force|ziyadnz|hourly,2026-08-17T18:48:05Z,2026-08-17T18:48:05Z,
45.156.87.234,ipv4,ssh-brute-force,high,WHITE,blocklist.de/ssh|blocklist.de/all|ziyadnz/hourly-ipv4,blocklist.de|ssh|bot|irc-bot|brute-force|ziyadnz|hourly,2026-08-17T18:48:05Z,2026-08-17T18:48:05Z,
45.156.87.253,ipv4,ssh-brute-force,high,WHITE,blocklist.de/ssh|blocklist.de/all|ziyadnz/hourly-ipv4,blocklist.de|ssh|bot|irc-bot|brute-force|ziyadnz|hourly,2026-08-17T18:48:05Z,2026-08-17T18:48:05Z,
45.156.87.254,ipv4,ssh-brute-force,high,WHITE,blocklist.de/ssh|blocklist.de/all|ziyadnz/hourly-ipv4,blocklist.de|ssh|bot|irc-bot|brute-force|ziyadnz|hourly,2026-08-17T18:48:05Z,2026-08-17T18:48:05Z,
45.156.87.34,ipv4,ssh-brute-force,high,WHITE,blocklist.de/ssh|blocklist.de/all|ziyadnz/hourly-ipv4,blocklist.de|ssh|bot|irc-bot|brute-force|ziyadnz|hourly,2026-08-17T18:48:05Z,2026-08-17T18:48:05Z,
45.156.87.91,ipv4,ssh-brute-force,high,WHITE,blocklist.de/ssh|blocklist.de/all|ziyadnz/hourly-ipv4,blocklist.de|ssh|bot|irc-bot|brute-force|ziyadnz|hourly,2026-08-17T18:48:05Z,2026-08-17T18:48:05Z,
45.156.87.93,ipv4,ssh-brute-force,high,WHITE,blocklist.de/ssh|blocklist.de/all|ziyadnz/hourly-ipv4,blocklist.de|ssh|bot|irc-bot|brute-force|ziyadnz|hourly,2026-08-17T18:48:05Z,2026-08-17T18:48:05Z,
45.157.156.222,ipv4,ssh-brute-force,high,WHITE,blocklist.de/ssh|blocklist.de/all|ziyadnz/hourly-ipv4,blocklist.de|ssh|bot|irc-bot|brute-force|ziyadnz|hourly,2026-08-17T18:48:05Z,2026-08-17T18:48:05Z,
45.164.168.10,ipv4,ssh-brute-force,high,WHITE,blocklist.de/ssh|blocklist.de/all|ziyadnz/hourly-ipv4,blocklist.de|ssh|bot|irc-bot|brute-force|ziyadnz|hourly,2026-08-17T18:48:05Z,2026-08-17T18:48:05Z,
45.167.93.74,ipv4,ssh-brute-force,high,WHITE,blocklist.de/ssh|blocklist.de/all|ziyadnz/hourly-ipv4,blocklist.de|ssh|bot|irc-bot|brute-force|ziyadnz|hourly,2026-08-17T18:48:05Z,2026-08-17T18:48:05Z,
45.169.200.254,ipv4,ssh-brute-force,high,WHITE,blocklist.de/ssh|blocklist.de/all|ziyadnz/hourly-ipv4,blocklist.de|ssh|bot|irc-bot|brute-force|ziyadnz|hourly,2026-08-17T18:48:05Z,2026-08-17T18:48:05Z,
45.170.41.21,ipv4,ssh-brute-force,high,WHITE,blocklist.de/ssh|blocklist.de/all|ziyadnz/hourly-ipv4,blocklist.de|ssh|bot|irc-bot|brute-force|ziyadnz|hourly,2026-08-17T18:48:05Z,2026-08-17T18:48:05Z,
45.172.162.153,ipv4,ssh-brute-force,high,WHITE,blocklist.de/ssh|blocklist.de/all|ziyadnz/hourly-ipv4,blocklist.de|ssh|bot|irc-bot|brute-force|ziyadnz|hourly,2026-08-17T18:48:05Z,2026-08-17T18:48:05Z,
45.175.103.107,ipv4,ssh-brute-force,high,WHITE,blocklist.de/ssh|blocklist.de/all|ziyadnz/hourly-ipv4,blocklist.de|ssh|bot|irc-bot|brute-force|ziyadnz|hourly,2026-08-17T18:48:05Z,2026-08-17T18:48:05Z,
45.175.103.124,ipv4,ssh-brute-force,high,WHITE,blocklist.de/ssh|blocklist.de/all|ziyadnz/hourly-ipv4,blocklist.de|ssh|bot|irc-bot|brute-force|ziyadnz|hourly,2026-08-17T18:48:05Z,2026-08-17T18:48:05Z,
45.175.11.78,ipv4,ssh-brute-force,high,WHITE,blocklist.de/ssh|blocklist.de/all|ziyadnz/hourly-ipv4,blocklist.de|ssh|bot|irc-bot|brute-force|ziyadnz|hourly,2026-08-17T18:48:05Z,2026-08-17T18:48:05Z,
45.176.232.145,ipv4,ssh-brute-force,high,WHITE,blocklist.de/ssh|blocklist.de/all|ziyadnz/hourly-ipv4,blocklist.de|ssh|bot|irc-bot|brute-force|ziyadnz|hourly,2026-08-17T18:48:05Z,2026-08-17T18:48:05Z,
45.177.147.67,ipv4,ssh-brute-force,high,WHITE,blocklist.de/ssh|blocklist.de/all|ziyadnz/hourly-ipv4,blocklist.de|ssh|bot|irc-bot|brute-force|ziyadnz|hourly,2026-08-17T18:48:05Z,2026-08-17T18:48:05Z,
45.178.195.178,ipv4,ssh-brute-force,high,WHITE,blocklist.de/ssh|blocklist.de/all|ziyadnz/hourly-ipv4,blocklist.de|ssh|bot|irc-bot|brute-force|ziyadnz|hourly,2026-08-17T18:48:05Z,2026-08-17T18:48:05Z,
45.178.195.211,ipv4,ssh-brute-force,high,WHITE,blocklist.de/ssh|blocklist.de/all|ziyadnz/hourly-ipv4,blocklist.de|ssh|bot|irc-bot|brute-force|ziyadnz|hourly,2026-08-17T18:48:05Z,2026-08-17T18:48:05Z,
45.181.246.41,ipv4,ssh-brute-force,high,WHITE,blocklist.de/ssh|blocklist.de/all|ziyadnz/hourly-ipv4,blocklist.de|ssh|bot|irc-bot|brute-force|ziyadnz|hourly,2026-08-17T18:48:05Z,2026-08-17T18:48:05Z,
45.181.46.254,ipv4,ssh-brute-force,high,WHITE,blocklist.de/ssh|blocklist.de/all|ziyadnz/hourly-ipv4,blocklist.de|ssh|bot|irc-bot|brute-force|ziyadnz|hourly,2026-08-17T18:48:05Z,2026-08-17T18:48:05Z,
45.182.72.122,ipv4,ssh-brute-force,high,WHITE,blocklist.de/ssh|blocklist.de/all|ziyadnz/hourly-ipv4,blocklist.de|ssh|bot|irc-bot|brute-force|ziyadnz|hourly,2026-08-17T18:48:05Z,2026-08-17T18:48:05Z,
45.185.15.129,ipv4,ssh-brute-force,high,WHITE,blocklist.de/ssh|blocklist.de/all|ziyadnz/hourly-ipv4,blocklist.de|ssh|bot|irc-bot|brute-force|ziyadnz|hourly,2026-08-17T18:48:05Z,2026-08-17T18:48:05Z,
45.186.140.75,ipv4,ssh-brute-force,high,WHITE,blocklist.de/ssh|blocklist.de/all|ziyadnz/hourly-ipv4,blocklist.de|ssh|bot|irc-bot|brute-force|ziyadnz|hourly,2026-08-17T18:48:05Z,2026-08-17T18:48:05Z,
45.186.25.0,ipv4,ssh-brute-force,high,WHITE,blocklist.de/ssh|blocklist.de/all|ziyadnz/hourly-ipv4,blocklist.de|ssh|bot|irc-bot|brute-force|ziyadnz|hourly,2026-08-17T18:48:05Z,2026-08-17T18:48:05Z,
45.186.25.141,ipv4,ssh-brute-force,high,WHITE,blocklist.de/ssh|blocklist.de/all|ziyadnz/hourly-ipv4,blocklist.de|ssh|bot|irc-bot|brute-force|ziyadnz|hourly,2026-08-17T18:48:05Z,2026-08-17T18:48:05Z,
45.186.25.175,ipv4,ssh-brute-force,high,WHITE,blocklist.de/ssh|blocklist.de/all|ziyadnz/hourly-ipv4,blocklist.de|ssh|bot|irc-bot|brute-force|ziyadnz|hourly,2026-08-17T18:48:05Z,2026-08-17T18:48:05Z,
45.187.210.249,ipv4,ssh-brute-force,high,WHITE,blocklist.de/ssh|blocklist.de/all|ziyadnz/hourly-ipv4,blocklist.de|ssh|bot|irc-bot|brute-force|ziyadnz|hourly,2026-08-17T18:48:05Z,2026-08-17T18:48:05Z,
45.189.151.211,ipv4,ssh-brute-force,high,WHITE,blocklist.de/ssh|blocklist.de/all|ziyadnz/hourly-ipv4,blocklist.de|ssh|bot|irc-bot|brute-force|ziyadnz|hourly,2026-08-17T18:48:05Z,2026-08-17T18:48:05Z,
45.191.101.49,ipv4,ssh-brute-force,high,WHITE,blocklist.de/ssh|blocklist.de/all|ziyadnz/hourly-ipv4,blocklist.de|ssh|bot|irc-bot|brute-force|ziyadnz|hourly,2026-08-17T18:48:05Z,2026-08-17T18:48:05Z,
45.191.194.220,ipv4,ssh-brute-force,high,WHITE,blocklist.de/ssh|blocklist.de/all|ziyadnz/hourly-ipv4,blocklist.de|ssh|bot|irc-bot|brute-force|ziyadnz|hourly,2026-08-17T18:48:05Z,2026-08-17T18:48:05Z,
45.191.54.50,ipv4,ssh-brute-force,high,WHITE,blocklist.de/ssh|blocklist.de/all|ziyadnz/hourly-ipv4,blocklist.de|ssh|bot|irc-bot|brute-force|ziyadnz|hourly,2026-08-17T18:48:05Z,2026-08-17T18:48:05Z,
45.194.17.98,ipv4,ssh-brute-force,high,WHITE,blocklist.de/ssh|blocklist.de/all|ziyadnz/hourly-ipv4,blocklist.de|ssh|bot|irc-bot|brute-force|ziyadnz|hourly,2026-08-17T18:48:05Z,2026-08-17T18:48:05Z,
45.194.3.128,ipv4,ssh-brute-force,high,WHITE,blocklist.de/ssh|blocklist.de/all|ziyadnz/hourly-ipv4,blocklist.de|ssh|bot|irc-bot|brute-force|ziyadnz|hourly,2026-08-17T18:48:05Z,2026-08-17T18:48:05Z,
45.195.159.28,ipv4,ssh-brute-force,high,WHITE,blocklist.de/ssh|blocklist.de/all|ziyadnz/hourly-ipv4,blocklist.de|ssh|bot|irc-bot|brute-force|ziyadnz|hourly,2026-08-17T18:48:05Z,2026-08-17T18:48:05Z,
45.198.224.228,ipv4,ssh-brute-force,high,WHITE,blocklist.de/ssh|blocklist.de/all|ziyadnz/hourly-ipv4,blocklist.de|ssh|bot|irc-bot|brute-force|ziyadnz|hourly,2026-08-17T18:48:05Z,2026-08-17T18:48:05Z,
45.202.1.23,ipv4,ssh-brute-force,high,WHITE,blocklist.de/ssh|blocklist.de/all|ziyadnz/hourly-ipv4,blocklist.de|ssh|bot|irc-bot|brute-force|ziyadnz|hourly,2026-08-17T18:48:05Z,2026-08-17T18:48:05Z,
45.205.24.168,ipv4,ssh-brute-force,high,WHITE,blocklist.de/ssh|blocklist.de/all|ziyadnz/hourly-ipv4,blocklist.de|ssh|bot|irc-bot|brute-force|ziyadnz|hourly,2026-08-17T18:48:05Z,2026-08-17T18:48:05Z,
45.205.24.171,ipv4,ssh-brute-force,high,WHITE,blocklist.de/ssh|blocklist.de/all|ziyadnz/hourly-ipv4,blocklist.de|ssh|bot|irc-bot|brute-force|ziyadnz|hourly,2026-08-17T18:48:05Z,2026-08-17T18:48:05Z,
45.225.40.137,ipv4,ssh-brute-force,high,WHITE,blocklist.de/ssh|blocklist.de/all|ziyadnz/hourly-ipv4,blocklist.de|ssh|bot|irc-bot|brute-force|ziyadnz|hourly,2026-08-17T18:48:05Z,2026-08-17T18:48:05Z,
45.228.190.192,ipv4,ssh-brute-force,high,WHITE,blocklist.de/ssh|blocklist.de/all|ziyadnz/hourly-ipv4,blocklist.de|ssh|bot|irc-bot|brute-force|ziyadnz|hourly,2026-08-17T18:48:05Z,2026-08-17T18:48:05Z,
45.228.234.125,ipv4,ssh-brute-force,high,WHITE,blocklist.de/ssh|blocklist.de/all|ziyadnz/hourly-ipv4,blocklist.de|ssh|bot|irc-bot|brute-force|ziyadnz|hourly,2026-08-17T18:48:05Z,2026-08-17T18:48:05Z,
45.232.225.49,ipv4,ssh-brute-force,high,WHITE,blocklist.de/ssh|blocklist.de/all|ziyadnz/hourly-ipv4,blocklist.de|ssh|bot|irc-bot|brute-force|ziyadnz|hourly,2026-08-17T18:48:05Z,2026-08-17T18:48:05Z,
45.234.176.26,ipv4,ssh-brute-force,high,WHITE,blocklist.de/ssh|blocklist.de/all|ziyadnz/hourly-ipv4,blocklist.de|ssh|bot|irc-bot|brute-force|ziyadnz|hourly,2026-08-17T18:48:05Z,2026-08-17T18:48:05Z,
45.236.19.0,ipv4,ssh-brute-force,high,WHITE,blocklist.de/ssh|blocklist.de/all|ziyadnz/hourly-ipv4,blocklist.de|ssh|bot|irc-bot|brute-force|ziyadnz|hourly,2026-08-17T18:48:05Z,2026-08-17T18:48:05Z,
45.238.182.185,ipv4,ssh-brute-force,high,WHITE,blocklist.de/ssh|blocklist.de/all|ziyadnz/hourly-ipv4,blocklist.de|ssh|bot|irc-bot|brute-force|ziyadnz|hourly,2026-08-17T18:48:05Z,2026-08-17T18:48:05Z,
45.238.55.134,ipv4,ssh-brute-force,high,WHITE,blocklist.de/ssh|blocklist.de/all|ziyadnz/hourly-ipv4,blocklist.de|ssh|bot|irc-bot|brute-force|ziyadnz|hourly,2026-08-17T18:48:05Z,2026-08-17T18:48:05Z,
45.239.34.107,ipv4,ssh-brute-force,high,WHITE,blocklist.de/ssh|blocklist.de/all|ziyadnz/hourly-ipv4,blocklist.de|ssh|bot|irc-bot|brute-force|ziyadnz|hourly,2026-08-17T18:48:05Z,2026-08-17T18:48:05Z,
45.239.34.228,ipv4,ssh-brute-force,high,WHITE,blocklist.de/ssh|blocklist.de/all|ziyadnz/hourly-ipv4,blocklist.de|ssh|bot|irc-bot|brute-force|ziyadnz|hourly,2026-08-17T18:48:05Z,2026-08-17T18:48:05Z,
45.239.61.165,ipv4,ssh-brute-force,high,WHITE,blocklist.de/ssh|blocklist.de/all|ziyadnz/hourly-ipv4,blocklist.de|ssh|bot|irc-bot|brute-force|ziyadnz|hourly,2026-08-17T18:48:05Z,2026-08-17T18:48:05Z,
45.249.245.55,ipv4,ssh-brute-force,high,WHITE,blocklist.de/ssh|blocklist.de/all|ziyadnz/hourly-ipv4,blocklist.de|ssh|bot|irc-bot|brute-force|ziyadnz|hourly,2026-08-17T18:48:05Z,2026-08-17T18:48:05Z,
45.33.109.10,ipv4,ssh-brute-force,high,WHITE,blocklist.de/ssh|blocklist.de/all|ziyadnz/hourly-ipv4,blocklist.de|ssh|bot|irc-bot|brute-force|ziyadnz|hourly,2026-08-17T18:48:05Z,2026-08-17T18:48:05Z,
45.33.109.18,ipv4,ssh-brute-force,high,WHITE,blocklist.de/ssh|blocklist.de/all|ziyadnz/hourly-ipv4,blocklist.de|ssh|bot|irc-bot|brute-force|ziyadnz|hourly,2026-08-17T18:48:05Z,2026-08-17T18:48:05Z,
45.33.12.214,ipv4,ssh-brute-force,high,WHITE,blocklist.de/ssh|blocklist.de/all|ziyadnz/hourly-ipv4,blocklist.de|ssh|bot|irc-bot|brute-force|ziyadnz|hourly,2026-08-17T18:48:05Z,2026-08-17T18:48:05Z,
45.33.14.197,ipv4,ssh-brute-force,high,WHITE,blocklist.de/ssh|blocklist.de/all|ziyadnz/hourly-ipv4,blocklist.de|ssh|bot|irc-bot|brute-force|ziyadnz|hourly,2026-08-17T18:48:05Z,2026-08-17T18:48:05Z,
45.33.87.154,ipv4,ssh-brute-force,high,WHITE,blocklist.de/ssh|blocklist.de/all|ziyadnz/hourly-ipv4,blocklist.de|ssh|bot|irc-bot|brute-force|ziyadnz|hourly,2026-08-17T18:48:05Z,2026-08-17T18:48:05Z,
45.4.179.4,ipv4,ssh-brute-force,high,WHITE,blocklist.de/ssh|blocklist.de/all|ziyadnz/hourly-ipv4,blocklist.de|ssh|bot|irc-bot|brute-force|ziyadnz|hourly,2026-08-17T18:48:05Z,2026-08-17T18:48:05Z,
45.41.104.67,ipv4,ssh-brute-force,high,WHITE,blocklist.de/ssh|blocklist.de/all|ziyadnz/hourly-ipv4,blocklist.de|ssh|bot|irc-bot|brute-force|ziyadnz|hourly,2026-08-17T18:48:05Z,2026-08-17T18:48:05Z,
45.5.152.247,ipv4,ssh-brute-force,high,WHITE,blocklist.de/ssh|blocklist.de/all|ziyadnz/hourly-ipv4,blocklist.de|ssh|bot|irc-bot|brute-force|ziyadnz|hourly,2026-08-17T18:48:05Z,2026-08-17T18:48:05Z,
45.5.222.112,ipv4,ssh-brute-force,high,WHITE,blocklist.de/ssh|blocklist.de/all|ziyadnz/hourly-ipv4,blocklist.de|ssh|bot|irc-bot|brute-force|ziyadnz|hourly,2026-08-17T18:48:05Z,2026-08-17T18:48:05Z,
45.55.133.80,ipv4,ssh-brute-force,high,WHITE,blocklist.de/ssh|blocklist.de/all|ziyadnz/hourly-ipv4,blocklist.de|ssh|bot|irc-bot|brute-force|ziyadnz|hourly,2026-08-17T18:48:05Z,2026-08-17T18:48:05Z,
45.55.151.3,ipv4,ssh-brute-force,high,WHITE,blocklist.de/ssh|blocklist.de/all|ziyadnz/hourly-ipv4,blocklist.de|ssh|bot|irc-bot|brute-force|ziyadnz|hourly,2026-08-17T18:48:05Z,2026-08-17T18:48:05Z,
45.55.153.86,ipv4,ssh-brute-force,high,WHITE,blocklist.de/ssh|blocklist.de/all|ziyadnz/hourly-ipv4,blocklist.de|ssh|bot|irc-bot|brute-force|ziyadnz|hourly,2026-08-17T18:48:05Z,2026-08-17T18:48:05Z,
45.55.158.168,ipv4,ssh-brute-force,high,WHITE,blocklist.de/ssh|blocklist.de/all|ziyadnz/hourly-ipv4,blocklist.de|ssh|bot|irc-bot|brute-force|ziyadnz|hourly,2026-08-17T18:48:05Z,2026-08-17T18:48:05Z,
45.55.185.224,ipv4,ssh-brute-force,high,WHITE,blocklist.de/ssh|blocklist.de/all|ziyadnz/hourly-ipv4,blocklist.de|ssh|bot|irc-bot|brute-force|ziyadnz|hourly,2026-08-17T18:48:05Z,2026-08-17T18:48:05Z,
45.55.186.92,ipv4,ssh-brute-force,high,WHITE,blocklist.de/ssh|blocklist.de/all|ziyadnz/hourly-ipv4,blocklist.de|ssh|bot|irc-bot|brute-force|ziyadnz|hourly,2026-08-17T18:48:05Z,2026-08-17T18:48:05Z,
45.55.236.117,ipv4,ssh-brute-force,high,WHITE,blocklist.de/ssh|blocklist.de/all|ziyadnz/hourly-ipv4,blocklist.de|ssh|bot|irc-bot|brute-force|ziyadnz|hourly,2026-08-17T18:48:05Z,2026-08-17T18:48:05Z,
45.55.55.47,ipv4,ssh-brute-force,high,WHITE,blocklist.de/ssh|blocklist.de/all|ziyadnz/hourly-ipv4,blocklist.de|ssh|bot|irc-bot|brute-force|ziyadnz|hourly,2026-08-17T18:48:05Z,2026-08-17T18:48:05Z,
45.56.79.53,ipv4,ssh-brute-force,high,WHITE,blocklist.de/ssh|blocklist.de/all|ziyadnz/hourly-ipv4,blocklist.de|ssh|bot|irc-bot|brute-force|ziyadnz|hourly,2026-08-17T18:48:05Z,2026-08-17T18:48:05Z,
45.6.134.234,ipv4,ssh-brute-force,high,WHITE,blocklist.de/ssh|blocklist.de/all|ziyadnz/hourly-ipv4,blocklist.de|ssh|bot|irc-bot|brute-force|ziyadnz|hourly,2026-08-17T18:48:05Z,2026-08-17T18:48:05Z,
45.61.176.178,ipv4,ssh-brute-force,high,WHITE,blocklist.de/ssh|blocklist.de/all|ziyadnz/hourly-ipv4,blocklist.de|ssh|bot|irc-bot|brute-force|ziyadnz|hourly,2026-08-17T18:48:05Z,2026-08-17T18:48:05Z,
45.61.187.220,ipv4,ssh-brute-force,high,WHITE,blocklist.de/ssh|blocklist.de/all|ziyadnz/hourly-ipv4,blocklist.de|ssh|bot|irc-bot|brute-force|ziyadnz|hourly,2026-08-17T18:48:05Z,2026-08-17T18:48:05Z,
45.64.74.51,ipv4,ssh-brute-force,high,WHITE,blocklist.de/ssh|blocklist.de/all|ziyadnz/hourly-ipv4,blocklist.de|ssh|bot|irc-bot|brute-force|ziyadnz|hourly,2026-08-17T18:48:05Z,2026-08-17T18:48:05Z,
45.65.224.196,ipv4,ssh-brute-force,high,WHITE,blocklist.de/ssh|blocklist.de/all|ziyadnz/hourly-ipv4,blocklist.de|ssh|bot|irc-bot|brute-force|ziyadnz|hourly,2026-08-17T18:48:05Z,2026-08-17T18:48:05Z,
45.70.10.138,ipv4,ssh-brute-force,high,WHITE,blocklist.de/ssh|blocklist.de/all|ziyadnz/hourly-ipv4,blocklist.de|ssh|bot|irc-bot|brute-force|ziyadnz|hourly,2026-08-17T18:48:05Z,2026-08-17T18:48:05Z,
45.70.10.177,ipv4,ssh-brute-force,high,WHITE,blocklist.de/ssh|blocklist.de/all|ziyadnz/hourly-ipv4,blocklist.de|ssh|bot|irc-bot|brute-force|ziyadnz|hourly,2026-08-17T18:48:05Z,2026-08-17T18:48:05Z,
45.70.164.151,ipv4,ssh-brute-force,high,WHITE,blocklist.de/ssh|blocklist.de/all|ziyadnz/hourly-ipv4,blocklist.de|ssh|bot|irc-bot|brute-force|ziyadnz|hourly,2026-08-17T18:48:05Z,2026-08-17T18:48:05Z,
45.70.88.236,ipv4,ssh-brute-force,high,WHITE,blocklist.de/ssh|blocklist.de/all|ziyadnz/hourly-ipv4,blocklist.de|ssh|bot|irc-bot|brute-force|ziyadnz|hourly,2026-08-17T18:48:05Z,2026-08-17T18:48:05Z,
45.78.194.186,ipv4,ssh-brute-force,high,WHITE,blocklist.de/ssh|blocklist.de/all|ziyadnz/hourly-ipv4,blocklist.de|ssh|bot|irc-bot|brute-force|ziyadnz|hourly,2026-08-17T18:48:05Z,2026-08-17T18:48:05Z,
45.78.194.242,ipv4,ssh-brute-force,high,WHITE,blocklist.de/ssh|blocklist.de/all|ziyadnz/hourly-ipv4,blocklist.de|ssh|bot|irc-bot|brute-force|ziyadnz|hourly,2026-08-17T18:48:05Z,2026-08-17T18:48:05Z,
45.78.201.248,ipv4,ssh-brute-force,high,WHITE,blocklist.de/ssh|blocklist.de/all|ziyadnz/hourly-ipv4,blocklist.de|ssh|bot|irc-bot|brute-force|ziyadnz|hourly,2026-08-17T18:48:05Z,2026-08-17T18:48:05Z,
45.78.202.217,ipv4,ssh-brute-force,high,WHITE,blocklist.de/ssh|blocklist.de/all|ziyadnz/hourly-ipv4,blocklist.de|ssh|bot|irc-bot|brute-force|ziyadnz|hourly,2026-08-17T18:48:05Z,2026-08-17T18:48:05Z,
45.78.204.246,ipv4,ssh-brute-force,high,WHITE,blocklist.de/ssh|blocklist.de/all|ziyadnz/hourly-ipv4,blocklist.de|ssh|bot|irc-bot|brute-force|ziyadnz|hourly,2026-08-17T18:48:05Z,2026-08-17T18:48:05Z,
45.78.204.254,ipv4,ssh-brute-force,high,WHITE,blocklist.de/ssh|blocklist.de/all|ziyadnz/hourly-ipv4,blocklist.de|ssh|bot|irc-bot|brute-force|ziyadnz|hourly,2026-08-17T18:48:05Z,2026-08-17T18:48:05Z,
45.78.206.111,ipv4,ssh-brute-force,high,WHITE,blocklist.de/ssh|blocklist.de/all|ziyadnz/hourly-ipv4,blocklist.de|ssh|bot|irc-bot|brute-force|ziyadnz|hourly,2026-08-17T18:48:05Z,2026-08-17T18:48:05Z,
45.78.207.244,ipv4,ssh-brute-force,high,WHITE,blocklist.de/ssh|blocklist.de/all|ziyadnz/hourly-ipv4,blocklist.de|ssh|bot|irc-bot|brute-force|ziyadnz|hourly,2026-08-17T18:48:05Z,2026-08-17T18:48:05Z,
45.78.230.231,ipv4,ssh-brute-force,high,WHITE,blocklist.de/ssh|blocklist.de/all|ziyadnz/hourly-ipv4,blocklist.de|ssh|bot|irc-bot|brute-force|ziyadnz|hourly,2026-08-17T18:48:05Z,2026-08-17T18:48:05Z,
45.79.115.134,ipv4,ssh-brute-force,high,WHITE,blocklist.de/ssh|blocklist.de/all|ziyadnz/hourly-ipv4,blocklist.de|ssh|bot|irc-bot|brute-force|ziyadnz|hourly,2026-08-17T18:48:05Z,2026-08-17T18:48:05Z,
45.79.115.59,ipv4,ssh-brute-force,high,WHITE,blocklist.de/ssh|blocklist.de/all|ziyadnz/hourly-ipv4,blocklist.de|ssh|bot|irc-bot|brute-force|ziyadnz|hourly,2026-08-17T18:48:05Z,2026-08-17T18:48:05Z,
45.79.149.210,ipv4,ssh-brute-force,high,WHITE,blocklist.de/ssh|blocklist.de/all|ziyadnz/hourly-ipv4,blocklist.de|ssh|bot|irc-bot|brute-force|ziyadnz|hourly,2026-08-17T18:48:05Z,2026-08-17T18:48:05Z,
45.79.163.53,ipv4,ssh-brute-force,high,WHITE,blocklist.de/ssh|blocklist.de/all|ziyadnz/hourly-ipv4,blocklist.de|ssh|bot|irc-bot|brute-force|ziyadnz|hourly,2026-08-17T18:48:05Z,2026-08-17T18:48:05Z,
45.79.172.21,ipv4,ssh-brute-force,high,WHITE,blocklist.de/ssh|blocklist.de/all|ziyadnz/hourly-ipv4,blocklist.de|ssh|bot|irc-bot|brute-force|ziyadnz|hourly,2026-08-17T18:48:05Z,2026-08-17T18:48:05Z,
45.79.181.94,ipv4,ssh-brute-force,high,WHITE,blocklist.de/ssh|blocklist.de/all|ziyadnz/hourly-ipv4,blocklist.de|ssh|bot|irc-bot|brute-force|ziyadnz|hourly,2026-08-17T18:48:05Z,2026-08-17T18:48:05Z,
45.79.207.110,ipv4,ssh-brute-force,high,WHITE,blocklist.de/ssh|blocklist.de/all|ziyadnz/hourly-ipv4,blocklist.de|ssh|bot|irc-bot|brute-force|ziyadnz|hourly,2026-08-17T18:48:05Z,2026-08-17T18:48:05Z,
45.79.207.111,ipv4,ssh-brute-force,high,WHITE,blocklist.de/ssh|blocklist.de/all|ziyadnz/hourly-ipv4,blocklist.de|ssh|bot|irc-bot|brute-force|ziyadnz|hourly,2026-08-17T18:48:05Z,2026-08-17T18:48:05Z,
45.79.207.129,ipv4,ssh-brute-force,high,WHITE,blocklist.de/ssh|blocklist.de/all|ziyadnz/hourly-ipv4,blocklist.de|ssh|bot|irc-bot|brute-force|ziyadnz|hourly,2026-08-17T18:48:05Z,2026-08-17T18:48:05Z,
45.79.207.181,ipv4,ssh-brute-force,high,WHITE,blocklist.de/ssh|blocklist.de/all|ziyadnz/hourly-ipv4,blocklist.de|ssh|bot|irc-bot|brute-force|ziyadnz|hourly,2026-08-17T18:48:05Z,2026-08-17T18:48:05Z,
45.79.8.221,ipv4,ssh-brute-force,high,WHITE,blocklist.de/ssh|blocklist.de/all|ziyadnz/hourly-ipv4,blocklist.de|ssh|bot|irc-bot|brute-force|ziyadnz|hourly,2026-08-17T18:48:05Z,2026-08-17T18:48:05Z,
45.81.105.27,ipv4,ssh-brute-force,high,WHITE,blocklist.de/ssh|blocklist.de/all|ziyadnz/hourly-ipv4,blocklist.de|ssh|bot|irc-bot|brute-force|ziyadnz|hourly,2026-08-17T18:48:05Z,2026-08-17T18:48:05Z,
45.81.105.35,ipv4,ssh-brute-force,high,WHITE,blocklist.de/ssh|blocklist.de/all|ziyadnz/hourly-ipv4,blocklist.de|ssh|bot|irc-bot|brute-force|ziyadnz|hourly,2026-08-17T18:48:05Z,2026-08-17T18:48:05Z,
45.81.105.36,ipv4,ssh-brute-force,high,WHITE,blocklist.de/ssh|blocklist.de/all|ziyadnz/hourly-ipv4,blocklist.de|ssh|bot|irc-bot|brute-force|ziyadnz|hourly,2026-08-17T18:48:05Z,2026-08-17T18:48:05Z,
45.84.1.161,ipv4,ssh-brute-force,high,WHITE,blocklist.de/ssh|blocklist.de/all|ziyadnz/hourly-ipv4,blocklist.de|ssh|bot|irc-bot|brute-force|ziyadnz|hourly,2026-08-17T18:48:05Z,2026-08-17T18:48:05Z,
45.87.121.207,ipv4,ssh-brute-force,high,WHITE,blocklist.de/ssh|blocklist.de/all|ziyadnz/hourly-ipv4,blocklist.de|ssh|bot|irc-bot|brute-force|ziyadnz|hourly,2026-08-17T18:48:05Z,2026-08-17T18:48:05Z,
45.89.239.181,ipv4,ssh-brute-force,high,WHITE,blocklist.de/ssh|blocklist.de/all|ziyadnz/hourly-ipv4,blocklist.de|ssh|bot|irc-bot|brute-force|ziyadnz|hourly,2026-08-17T18:48:05Z,2026-08-17T18:48:05Z,
45.9.31.23,ipv4,ssh-brute-force,high,WHITE,blocklist.de/ssh|blocklist.de/all|ziyadnz/hourly-ipv4,blocklist.de|ssh|bot|irc-bot|brute-force|ziyadnz|hourly,2026-08-17T18:48:05Z,2026-08-17T18:48:05Z,
46.101.173.88,ipv4,ssh-brute-force,high,WHITE,blocklist.de/ssh|blocklist.de/all|ziyadnz/hourly-ipv4,blocklist.de|ssh|bot|irc-bot|brute-force|ziyadnz|hourly,2026-08-17T18:48:05Z,2026-08-17T18:48:05Z,
46.101.180.162,ipv4,ssh-brute-force,high,WHITE,blocklist.de/ssh|blocklist.de/all|ziyadnz/hourly-ipv4,blocklist.de|ssh|bot|irc-bot|brute-force|ziyadnz|hourly,2026-08-17T18:48:05Z,2026-08-17T18:48:05Z,
46.105.162.85,ipv4,ssh-brute-force,high,WHITE,blocklist.de/ssh|blocklist.de/all|ziyadnz/hourly-ipv4,blocklist.de|ssh|bot|irc-bot|brute-force|ziyadnz|hourly,2026-08-17T18:48:05Z,2026-08-17T18:48:05Z,
46.105.162.90,ipv4,ssh-brute-force,high,WHITE,blocklist.de/ssh|blocklist.de/all|ziyadnz/hourly-ipv4,blocklist.de|ssh|bot|irc-bot|brute-force|ziyadnz|hourly,2026-08-17T18:48:05Z,2026-08-17T18:48:05Z,
46.105.34.128,ipv4,ssh-brute-force,high,WHITE,blocklist.de/ssh|blocklist.de/all|ziyadnz/hourly-ipv4,blocklist.de|ssh|bot|irc-bot|brute-force|ziyadnz|hourly,2026-08-17T18:48:05Z,2026-08-17T18:48:05Z,
46.105.34.56,ipv4,ssh-brute-force,high,WHITE,blocklist.de/ssh|blocklist.de/all|ziyadnz/hourly-ipv4,blocklist.de|ssh|bot|irc-bot|brute-force|ziyadnz|hourly,2026-08-17T18:48:05Z,2026-08-17T18:48:05Z,
46.147.195.11,ipv4,ssh-brute-force,high,WHITE,blocklist.de/ssh|blocklist.de/all|ziyadnz/hourly-ipv4,blocklist.de|ssh|bot|irc-bot|brute-force|ziyadnz|hourly,2026-08-17T18:48:05Z,2026-08-17T18:48:05Z,
46.149.190.225,ipv4,ssh-brute-force,high,WHITE,blocklist.de/ssh|blocklist.de/all|ziyadnz/hourly-ipv4,blocklist.de|ssh|bot|irc-bot|brute-force|ziyadnz|hourly,2026-08-17T18:48:05Z,2026-08-17T18:48:05Z,
46.153.194.250,ipv4,ssh-brute-force,high,WHITE,blocklist.de/ssh|blocklist.de/all|ziyadnz/hourly-ipv4,blocklist.de|ssh|bot|irc-bot|brute-force|ziyadnz|hourly,2026-08-17T18:48:05Z,2026-08-17T18:48:05Z,
46.165.14.91,ipv4,ssh-brute-force,high,WHITE,blocklist.de/ssh|blocklist.de/all|ziyadnz/hourly-ipv4,blocklist.de|ssh|bot|irc-bot|brute-force|ziyadnz|hourly,2026-08-17T18:48:05Z,2026-08-17T18:48:05Z,
46.17.103.157,ipv4,ssh-brute-force,high,WHITE,blocklist.de/ssh|blocklist.de/all|ziyadnz/hourly-ipv4,blocklist.de|ssh|bot|irc-bot|brute-force|ziyadnz|hourly,2026-08-17T18:48:05Z,2026-08-17T18:48:05Z,
46.175.243.141,ipv4,ssh-brute-force,high,WHITE,blocklist.de/ssh|blocklist.de/all|ziyadnz/hourly-ipv4,blocklist.de|ssh|bot|irc-bot|brute-force|ziyadnz|hourly,2026-08-17T18:48:05Z,2026-08-17T18:48:05Z,
46.184.221.72,ipv4,ssh-brute-force,high,WHITE,blocklist.de/ssh|blocklist.de/all|ziyadnz/hourly-ipv4,blocklist.de|ssh|bot|irc-bot|brute-force|ziyadnz|hourly,2026-08-17T18:48:05Z,2026-08-17T18:48:05Z,
46.188.65.13,ipv4,ssh-brute-force,high,WHITE,blocklist.de/ssh|blocklist.de/all|ziyadnz/hourly-ipv4,blocklist.de|ssh|bot|irc-bot|brute-force|ziyadnz|hourly,2026-08-17T18:48:05Z,2026-08-17T18:48:05Z,
46.19.67.181,ipv4,ssh-brute-force,high,WHITE,blocklist.de/ssh|blocklist.de/all|ziyadnz/hourly-ipv4,blocklist.de|ssh|bot|irc-bot|brute-force|ziyadnz|hourly,2026-08-17T18:48:05Z,2026-08-17T18:48:05Z,
46.196.218.119,ipv4,ssh-brute-force,high,WHITE,blocklist.de/ssh|blocklist.de/all|ziyadnz/hourly-ipv4,blocklist.de|ssh|bot|irc-bot|brute-force|ziyadnz|hourly,2026-08-17T18:48:05Z,2026-08-17T18:48:05Z,
46.197.203.216,ipv4,ssh-brute-force,high,WHITE,blocklist.de/ssh|blocklist.de/all|ziyadnz/hourly-ipv4,blocklist.de|ssh|bot|irc-bot|brute-force|ziyadnz|hourly,2026-08-17T18:48:05Z,2026-08-17T18:48:05Z,
46.200.207.184,ipv4,ssh-brute-force,high,WHITE,blocklist.de/ssh|blocklist.de/all|ziyadnz/hourly-ipv4,blocklist.de|ssh|bot|irc-bot|brute-force|ziyadnz|hourly,2026-08-17T18:48:05Z,2026-08-17T18:48:05Z,
46.200.65.168,ipv4,ssh-brute-force,high,WHITE,blocklist.de/ssh|blocklist.de/all|ziyadnz/hourly-ipv4,blocklist.de|ssh|bot|irc-bot|brute-force|ziyadnz|hourly,2026-08-17T18:48:05Z,2026-08-17T18:48:05Z,
46.224.219.195,ipv4,ssh-brute-force,high,WHITE,blocklist.de/ssh|blocklist.de/all|ziyadnz/hourly-ipv4,blocklist.de|ssh|bot|irc-bot|brute-force|ziyadnz|hourly,2026-08-17T18:48:05Z,2026-08-17T18:48:05Z,
46.229.60.75,ipv4,ssh-brute-force,high,WHITE,blocklist.de/ssh|blocklist.de/all|ziyadnz/hourly-ipv4,blocklist.de|ssh|bot|irc-bot|brute-force|ziyadnz|hourly,2026-08-17T18:48:05Z,2026-08-17T18:48:05Z,
46.231.227.228,ipv4,ssh-brute-force,high,WHITE,blocklist.de/ssh|blocklist.de/all|ziyadnz/hourly-ipv4,blocklist.de|ssh|bot|irc-bot|brute-force|ziyadnz|hourly,2026-08-17T18:48:05Z,2026-08-17T18:48:05Z,
46.235.10.242,ipv4,ssh-brute-force,high,WHITE,blocklist.de/ssh|blocklist.de/all|ziyadnz/hourly-ipv4,blocklist.de|ssh|bot|irc-bot|brute-force|ziyadnz|hourly,2026-08-17T18:48:05Z,2026-08-17T18:48:05Z,
46.24.47.94,ipv4,ssh-brute-force,high,WHITE,blocklist.de/ssh|blocklist.de/all|ziyadnz/hourly-ipv4,blocklist.de|ssh|bot|irc-bot|brute-force|ziyadnz|hourly,2026-08-17T18:48:05Z,2026-08-17T18:48:05Z,
46.253.45.10,ipv4,ssh-brute-force,high,WHITE,blocklist.de/ssh|blocklist.de/all|ziyadnz/hourly-ipv4,blocklist.de|ssh|bot|irc-bot|brute-force|ziyadnz|hourly,2026-08-17T18:48:05Z,2026-08-17T18:48:05Z,
46.30.42.11,ipv4,ssh-brute-force,high,WHITE,blocklist.de/ssh|blocklist.de/all|ziyadnz/hourly-ipv4,blocklist.de|ssh|bot|irc-bot|brute-force|ziyadnz|hourly,2026-08-17T18:48:05Z,2026-08-17T18:48:05Z,
46.33.39.118,ipv4,ssh-brute-force,high,WHITE,blocklist.de/ssh|blocklist.de/all|ziyadnz/hourly-ipv4,blocklist.de|ssh|bot|irc-bot|brute-force|ziyadnz|hourly,2026-08-17T18:48:05Z,2026-08-17T18:48:05Z,
46.36.123.222,ipv4,ssh-brute-force,high,WHITE,blocklist.de/ssh|blocklist.de/all|ziyadnz/hourly-ipv4,blocklist.de|ssh|bot|irc-bot|brute-force|ziyadnz|hourly,2026-08-17T18:48:05Z,2026-08-17T18:48:05Z,
46.39.74.168,ipv4,ssh-brute-force,high,WHITE,blocklist.de/ssh|blocklist.de/all|ziyadnz/hourly-ipv4,blocklist.de|ssh|bot|irc-bot|brute-force|ziyadnz|hourly,2026-08-17T18:48:05Z,2026-08-17T18:48:05Z,
46.42.249.12,ipv4,ssh-brute-force,high,WHITE,blocklist.de/ssh|blocklist.de/all|ziyadnz/hourly-ipv4,blocklist.de|ssh|bot|irc-bot|brute-force|ziyadnz|hourly,2026-08-17T18:48:05Z,2026-08-17T18:48:05Z,
46.43.224.4,ipv4,ssh-brute-force,high,WHITE,blocklist.de/ssh|blocklist.de/all|ziyadnz/hourly-ipv4,blocklist.de|ssh|bot|irc-bot|brute-force|ziyadnz|hourly,2026-08-17T18:48:05Z,2026-08-17T18:48:05Z,
46.46.101.223,ipv4,ssh-brute-force,high,WHITE,blocklist.de/ssh|blocklist.de/all|ziyadnz/hourly-ipv4,blocklist.de|ssh|bot|irc-bot|brute-force|ziyadnz|hourly,2026-08-17T18:48:05Z,2026-08-17T18:48:05Z,
46.52.232.6,ipv4,ssh-brute-force,high,WHITE,blocklist.de/ssh|blocklist.de/all|ziyadnz/hourly-ipv4,blocklist.de|ssh|bot|irc-bot|brute-force|ziyadnz|hourly,2026-08-17T18:48:05Z,2026-08-17T18:48:05Z,
46.6.127.33,ipv4,ssh-brute-force,high,WHITE,blocklist.de/ssh|blocklist.de/all|ziyadnz/hourly-ipv4,blocklist.de|ssh|bot|irc-bot|brute-force|ziyadnz|hourly,2026-08-17T18:48:05Z,2026-08-17T18:48:05Z,
47.100.88.56,ipv4,ssh-brute-force,high,WHITE,blocklist.de/ssh|blocklist.de/all|ziyadnz/hourly-ipv4,blocklist.de|ssh|bot|irc-bot|brute-force|ziyadnz|hourly,2026-08-17T18:48:05Z,2026-08-17T18:48:05Z,
47.100.91.87,ipv4,ssh-brute-force,high,WHITE,blocklist.de/ssh|blocklist.de/all|ziyadnz/hourly-ipv4,blocklist.de|ssh|bot|irc-bot|brute-force|ziyadnz|hourly,2026-08-17T18:48:05Z,2026-08-17T18:48:05Z,
47.101.130.57,ipv4,ssh-brute-force,high,WHITE,blocklist.de/ssh|blocklist.de/all|ziyadnz/hourly-ipv4,blocklist.de|ssh|bot|irc-bot|brute-force|ziyadnz|hourly,2026-08-17T18:48:05Z,2026-08-17T18:48:05Z,
47.104.232.1,ipv4,ssh-brute-force,high,WHITE,blocklist.de/ssh|blocklist.de/all|ziyadnz/hourly-ipv4,blocklist.de|ssh|bot|irc-bot|brute-force|ziyadnz|hourly,2026-08-17T18:48:05Z,2026-08-17T18:48:05Z,
47.107.112.39,ipv4,ssh-brute-force,high,WHITE,blocklist.de/ssh|blocklist.de/all|ziyadnz/hourly-ipv4,blocklist.de|ssh|bot|irc-bot|brute-force|ziyadnz|hourly,2026-08-17T18:48:05Z,2026-08-17T18:48:05Z,
47.107.183.85,ipv4,ssh-brute-force,high,WHITE,blocklist.de/ssh|blocklist.de/all|ziyadnz/hourly-ipv4,blocklist.de|ssh|bot|irc-bot|brute-force|ziyadnz|hourly,2026-08-17T18:48:05Z,2026-08-17T18:48:05Z,
47.107.73.33,ipv4,ssh-brute-force,high,WHITE,blocklist.de/ssh|blocklist.de/all|ziyadnz/hourly-ipv4,blocklist.de|ssh|bot|irc-bot|brute-force|ziyadnz|hourly,2026-08-17T18:48:05Z,2026-08-17T18:48:05Z,
47.110.131.246,ipv4,ssh-brute-force,high,WHITE,blocklist.de/ssh|blocklist.de/all|ziyadnz/hourly-ipv4,blocklist.de|ssh|bot|irc-bot|brute-force|ziyadnz|hourly,2026-08-17T18:48:05Z,2026-08-17T18:48:05Z,
47.112.110.110,ipv4,ssh-brute-force,high,WHITE,blocklist.de/ssh|blocklist.de/all|ziyadnz/hourly-ipv4,blocklist.de|ssh|bot|irc-bot|brute-force|ziyadnz|hourly,2026-08-17T18:48:05Z,2026-08-17T18:48:05Z,
47.112.7.237,ipv4,ssh-brute-force,high,WHITE,blocklist.de/ssh|blocklist.de/all|ziyadnz/hourly-ipv4,blocklist.de|ssh|bot|irc-bot|brute-force|ziyadnz|hourly,2026-08-17T18:48:05Z,2026-08-17T18:48:05Z,
47.113.179.23,ipv4,ssh-brute-force,high,WHITE,blocklist.de/ssh|blocklist.de/all|ziyadnz/hourly-ipv4,blocklist.de|ssh|bot|irc-bot|brute-force|ziyadnz|hourly,2026-08-17T18:48:05Z,2026-08-17T18:48:05Z,
47.113.221.50,ipv4,ssh-brute-force,high,WHITE,blocklist.de/ssh|blocklist.de/all|ziyadnz/hourly-ipv4,blocklist.de|ssh|bot|irc-bot|brute-force|ziyadnz|hourly,2026-08-17T18:48:05Z,2026-08-17T18:48:05Z,
47.120.30.67,ipv4,ssh-brute-force,high,WHITE,blocklist.de/ssh|blocklist.de/all|ziyadnz/hourly-ipv4,blocklist.de|ssh|bot|irc-bot|brute-force|ziyadnz|hourly,2026-08-17T18:48:05Z,2026-08-17T18:48:05Z,
47.120.4.54,ipv4,ssh-brute-force,high,WHITE,blocklist.de/ssh|blocklist.de/all|ziyadnz/hourly-ipv4,blocklist.de|ssh|bot|irc-bot|brute-force|ziyadnz|hourly,2026-08-17T18:48:05Z,2026-08-17T18:48:05Z,
47.120.60.113,ipv4,ssh-brute-force,high,WHITE,blocklist.de/ssh|blocklist.de/all|ziyadnz/hourly-ipv4,blocklist.de|ssh|bot|irc-bot|brute-force|ziyadnz|hourly,2026-08-17T18:48:05Z,2026-08-17T18:48:05Z,
47.145.186.45,ipv4,ssh-brute-force,high,WHITE,blocklist.de/ssh|blocklist.de/all|ziyadnz/hourly-ipv4,blocklist.de|ssh|bot|irc-bot|brute-force|ziyadnz|hourly,2026-08-17T18:48:05Z,2026-08-17T18:48:05Z,
47.197.132.146,ipv4,ssh-brute-force,high,WHITE,blocklist.de/ssh|blocklist.de/all|ziyadnz/hourly-ipv4,blocklist.de|ssh|bot|irc-bot|brute-force|ziyadnz|hourly,2026-08-17T18:48:05Z,2026-08-17T18:48:05Z,
47.215.169.120,ipv4,ssh-brute-force,high,WHITE,blocklist.de/ssh|blocklist.de/all|ziyadnz/hourly-ipv4,blocklist.de|ssh|bot|irc-bot|brute-force|ziyadnz|hourly,2026-08-17T18:48:05Z,2026-08-17T18:48:05Z,
47.218.6.249,ipv4,ssh-brute-force,high,WHITE,blocklist.de/ssh|blocklist.de/all|ziyadnz/hourly-ipv4,blocklist.de|ssh|bot|irc-bot|brute-force|ziyadnz|hourly,2026-08-17T18:48:05Z,2026-08-17T18:48:05Z,
47.236.151.214,ipv4,ssh-brute-force,high,WHITE,blocklist.de/ssh|blocklist.de/all|ziyadnz/hourly-ipv4,blocklist.de|ssh|bot|irc-bot|brute-force|ziyadnz|hourly,2026-08-17T18:48:05Z,2026-08-17T18:48:05Z,
47.236.169.85,ipv4,ssh-brute-force,high,WHITE,blocklist.de/ssh|blocklist.de/all|ziyadnz/hourly-ipv4,blocklist.de|ssh|bot|irc-bot|brute-force|ziyadnz|hourly,2026-08-17T18:48:05Z,2026-08-17T18:48:05Z,
47.236.197.228,ipv4,ssh-brute-force,high,WHITE,blocklist.de/ssh|blocklist.de/all|ziyadnz/hourly-ipv4,blocklist.de|ssh|bot|irc-bot|brute-force|ziyadnz|hourly,2026-08-17T18:48:05Z,2026-08-17T18:48:05Z,
47.237.129.250,ipv4,ssh-brute-force,high,WHITE,blocklist.de/ssh|blocklist.de/all|ziyadnz/hourly-ipv4,blocklist.de|ssh|bot|irc-bot|brute-force|ziyadnz|hourly,2026-08-17T18:48:05Z,2026-08-17T18:48:05Z,
47.239.23.179,ipv4,ssh-brute-force,high,WHITE,blocklist.de/ssh|blocklist.de/all|ziyadnz/hourly-ipv4,blocklist.de|ssh|bot|irc-bot|brute-force|ziyadnz|hourly,2026-08-17T18:48:05Z,2026-08-17T18:48:05Z,
47.243.169.221,ipv4,ssh-brute-force,high,WHITE,blocklist.de/ssh|blocklist.de/all|ziyadnz/hourly-ipv4,blocklist.de|ssh|bot|irc-bot|brute-force|ziyadnz|hourly,2026-08-17T18:48:05Z,2026-08-17T18:48:05Z,
47.245.37.41,ipv4,ssh-brute-force,high,WHITE,blocklist.de/ssh|blocklist.de/all|ziyadnz/hourly-ipv4,blocklist.de|ssh|bot|irc-bot|brute-force|ziyadnz|hourly,2026-08-17T18:48:05Z,2026-08-17T18:48:05Z,
47.245.90.221,ipv4,ssh-brute-force,high,WHITE,blocklist.de/ssh|blocklist.de/all|ziyadnz/hourly-ipv4,blocklist.de|ssh|bot|irc-bot|brute-force|ziyadnz|hourly,2026-08-17T18:48:05Z,2026-08-17T18:48:05Z,
47.250.151.133,ipv4,ssh-brute-force,high,WHITE,blocklist.de/ssh|blocklist.de/all|ziyadnz/hourly-ipv4,blocklist.de|ssh|bot|irc-bot|brute-force|ziyadnz|hourly,2026-08-17T18:48:05Z,2026-08-17T18:48:05Z,
47.254.27.38,ipv4,ssh-brute-force,high,WHITE,blocklist.de/ssh|blocklist.de/all|ziyadnz/hourly-ipv4,blocklist.de|ssh|bot|irc-bot|brute-force|ziyadnz|hourly,2026-08-17T18:48:05Z,2026-08-17T18:48:05Z,
47.74.213.140,ipv4,ssh-brute-force,high,WHITE,blocklist.de/ssh|blocklist.de/all|ziyadnz/hourly-ipv4,blocklist.de|ssh|bot|irc-bot|brute-force|ziyadnz|hourly,2026-08-17T18:48:05Z,2026-08-17T18:48:05Z,
47.76.63.164,ipv4,ssh-brute-force,high,WHITE,blocklist.de/ssh|blocklist.de/all|ziyadnz/hourly-ipv4,blocklist.de|ssh|bot|irc-bot|brute-force|ziyadnz|hourly,2026-08-17T18:48:05Z,2026-08-17T18:48:05Z,
47.76.85.197,ipv4,ssh-brute-force,high,WHITE,blocklist.de/ssh|blocklist.de/all|ziyadnz/hourly-ipv4,blocklist.de|ssh|bot|irc-bot|brute-force|ziyadnz|hourly,2026-08-17T18:48:05Z,2026-08-17T18:48:05Z,
47.80.63.229,ipv4,ssh-brute-force,high,WHITE,blocklist.de/ssh|blocklist.de/all|ziyadnz/hourly-ipv4,blocklist.de|ssh|bot|irc-bot|brute-force|ziyadnz|hourly,2026-08-17T18:48:05Z,2026-08-17T18:48:05Z,
47.82.98.144,ipv4,ssh-brute-force,high,WHITE,blocklist.de/ssh|blocklist.de/all|ziyadnz/hourly-ipv4,blocklist.de|ssh|bot|irc-bot|brute-force|ziyadnz|hourly,2026-08-17T18:48:05Z,2026-08-17T18:48:05Z,
47.84.139.62,ipv4,ssh-brute-force,high,WHITE,blocklist.de/ssh|blocklist.de/all|ziyadnz/hourly-ipv4,blocklist.de|ssh|bot|irc-bot|brute-force|ziyadnz|hourly,2026-08-17T18:48:05Z,2026-08-17T18:48:05Z,
47.84.190.171,ipv4,ssh-brute-force,high,WHITE,blocklist.de/ssh|blocklist.de/all|ziyadnz/hourly-ipv4,blocklist.de|ssh|bot|irc-bot|brute-force|ziyadnz|hourly,2026-08-17T18:48:05Z,2026-08-17T18:48:05Z,
47.85.43.178,ipv4,ssh-brute-force,high,WHITE,blocklist.de/ssh|blocklist.de/all|ziyadnz/hourly-ipv4,blocklist.de|ssh|bot|irc-bot|brute-force|ziyadnz|hourly,2026-08-17T18:48:05Z,2026-08-17T18:48:05Z,
47.85.8.171,ipv4,ssh-brute-force,high,WHITE,blocklist.de/ssh|blocklist.de/all|ziyadnz/hourly-ipv4,blocklist.de|ssh|bot|irc-bot|brute-force|ziyadnz|hourly,2026-08-17T18:48:05Z,2026-08-17T18:48:05Z,
47.86.3.155,ipv4,ssh-brute-force,high,WHITE,blocklist.de/ssh|blocklist.de/all|ziyadnz/hourly-ipv4,blocklist.de|ssh|bot|irc-bot|brute-force|ziyadnz|hourly,2026-08-17T18:48:05Z,2026-08-17T18:48:05Z,
47.92.29.12,ipv4,ssh-brute-force,high,WHITE,blocklist.de/ssh|blocklist.de/all|ziyadnz/hourly-ipv4,blocklist.de|ssh|bot|irc-bot|brute-force|ziyadnz|hourly,2026-08-17T18:48:05Z,2026-08-17T18:48:05Z,
47.93.9.23,ipv4,ssh-brute-force,high,WHITE,blocklist.de/ssh|blocklist.de/all|ziyadnz/hourly-ipv4,blocklist.de|ssh|bot|irc-bot|brute-force|ziyadnz|hourly,2026-08-17T18:48:05Z,2026-08-17T18:48:05Z,
47.94.246.44,ipv4,ssh-brute-force,high,WHITE,blocklist.de/ssh|blocklist.de/all|ziyadnz/hourly-ipv4,blocklist.de|ssh|bot|irc-bot|brute-force|ziyadnz|hourly,2026-08-17T18:48:05Z,2026-08-17T18:48:05Z,
47.96.85.128,ipv4,ssh-brute-force,high,WHITE,blocklist.de/ssh|blocklist.de/all|ziyadnz/hourly-ipv4,blocklist.de|ssh|bot|irc-bot|brute-force|ziyadnz|hourly,2026-08-17T18:48:05Z,2026-08-17T18:48:05Z,
47.97.252.37,ipv4,ssh-brute-force,high,WHITE,blocklist.de/ssh|blocklist.de/all|ziyadnz/hourly-ipv4,blocklist.de|ssh|bot|irc-bot|brute-force|ziyadnz|hourly,2026-08-17T18:48:05Z,2026-08-17T18:48:05Z,
47.98.100.193,ipv4,ssh-brute-force,high,WHITE,blocklist.de/ssh|blocklist.de/all|ziyadnz/hourly-ipv4,blocklist.de|ssh|bot|irc-bot|brute-force|ziyadnz|hourly,2026-08-17T18:48:05Z,2026-08-17T18:48:05Z,
47.98.254.52,ipv4,ssh-brute-force,high,WHITE,blocklist.de/ssh|blocklist.de/all|ziyadnz/hourly-ipv4,blocklist.de|ssh|bot|irc-bot|brute-force|ziyadnz|hourly,2026-08-17T18:48:05Z,2026-08-17T18:48:05Z,
48.217.108.244,ipv4,ssh-brute-force,high,WHITE,blocklist.de/ssh|blocklist.de/all|ziyadnz/hourly-ipv4,blocklist.de|ssh|bot|irc-bot|brute-force|ziyadnz|hourly,2026-08-17T18:48:05Z,2026-08-17T18:48:05Z,
49.0.24.107,ipv4,ssh-brute-force,high,WHITE,blocklist.de/ssh|blocklist.de/all|ziyadnz/hourly-ipv4,blocklist.de|ssh|bot|irc-bot|brute-force|ziyadnz|hourly,2026-08-17T18:48:05Z,2026-08-17T18:48:05Z,
49.0.33.171,ipv4,ssh-brute-force,high,WHITE,blocklist.de/ssh|blocklist.de/all|ziyadnz/hourly-ipv4,blocklist.de|ssh|bot|irc-bot|brute-force|ziyadnz|hourly,2026-08-17T18:48:05Z,2026-08-17T18:48:05Z,
49.0.85.146,ipv4,ssh-brute-force,high,WHITE,blocklist.de/ssh|blocklist.de/all|ziyadnz/hourly-ipv4,blocklist.de|ssh|bot|irc-bot|brute-force|ziyadnz|hourly,2026-08-17T18:48:05Z,2026-08-17T18:48:05Z,
49.124.153.13,ipv4,ssh-brute-force,high,WHITE,blocklist.de/ssh|blocklist.de/all|ziyadnz/hourly-ipv4,blocklist.de|ssh|bot|irc-bot|brute-force|ziyadnz|hourly,2026-08-17T18:48:05Z,2026-08-17T18:48:05Z,
49.164.143.102,ipv4,ssh-brute-force,high,WHITE,blocklist.de/ssh|blocklist.de/all|ziyadnz/hourly-ipv4,blocklist.de|ssh|bot|irc-bot|brute-force|ziyadnz|hourly,2026-08-17T18:48:05Z,2026-08-17T18:48:05Z,
49.173.65.19,ipv4,ssh-brute-force,high,WHITE,blocklist.de/ssh|blocklist.de/all|ziyadnz/hourly-ipv4,blocklist.de|ssh|bot|irc-bot|brute-force|ziyadnz|hourly,2026-08-17T18:48:05Z,2026-08-17T18:48:05Z,
49.187.143.149,ipv4,ssh-brute-force,high,WHITE,blocklist.de/ssh|blocklist.de/all|ziyadnz/hourly-ipv4,blocklist.de|ssh|bot|irc-bot|brute-force|ziyadnz|hourly,2026-08-17T18:48:05Z,2026-08-17T18:48:05Z,
49.204.74.149,ipv4,ssh-brute-force,high,WHITE,blocklist.de/ssh|blocklist.de/all|ziyadnz/hourly-ipv4,blocklist.de|ssh|bot|irc-bot|brute-force|ziyadnz|hourly,2026-08-17T18:48:05Z,2026-08-17T18:48:05Z,
49.207.40.162,ipv4,ssh-brute-force,high,WHITE,blocklist.de/ssh|blocklist.de/all|ziyadnz/hourly-ipv4,blocklist.de|ssh|bot|irc-bot|brute-force|ziyadnz|hourly,2026-08-17T18:48:05Z,2026-08-17T18:48:05Z,
49.212.217.39,ipv4,ssh-brute-force,high,WHITE,blocklist.de/ssh|blocklist.de/all|ziyadnz/hourly-ipv4,blocklist.de|ssh|bot|irc-bot|brute-force|ziyadnz|hourly,2026-08-17T18:48:05Z,2026-08-17T18:48:05Z,
49.228.108.75,ipv4,ssh-brute-force,high,WHITE,blocklist.de/ssh|blocklist.de/all|ziyadnz/hourly-ipv4,blocklist.de|ssh|bot|irc-bot|brute-force|ziyadnz|hourly,2026-08-17T18:48:05Z,2026-08-17T18:48:05Z,
49.235.28.219,ipv4,ssh-brute-force,high,WHITE,blocklist.de/ssh|blocklist.de/all|ziyadnz/hourly-ipv4,blocklist.de|ssh|bot|irc-bot|brute-force|ziyadnz|hourly,2026-08-17T18:48:05Z,2026-08-17T18:48:05Z,
49.247.138.161,ipv4,ssh-brute-force,high,WHITE,blocklist.de/ssh|blocklist.de/all|ziyadnz/hourly-ipv4,blocklist.de|ssh|bot|irc-bot|brute-force|ziyadnz|hourly,2026-08-17T18:48:05Z,2026-08-17T18:48:05Z,
49.247.37.22,ipv4,ssh-brute-force,high,WHITE,blocklist.de/ssh|blocklist.de/all|ziyadnz/hourly-ipv4,blocklist.de|ssh|bot|irc-bot|brute-force|ziyadnz|hourly,2026-08-17T18:48:05Z,2026-08-17T18:48:05Z,
49.248.197.50,ipv4,ssh-brute-force,high,WHITE,blocklist.de/ssh|blocklist.de/all|ziyadnz/hourly-ipv4,blocklist.de|ssh|bot|irc-bot|brute-force|ziyadnz|hourly,2026-08-17T18:48:05Z,2026-08-17T18:48:05Z,
49.36.235.57,ipv4,ssh-brute-force,high,WHITE,blocklist.de/ssh|blocklist.de/all|ziyadnz/hourly-ipv4,blocklist.de|ssh|bot|irc-bot|brute-force|ziyadnz|hourly,2026-08-17T18:48:05Z,2026-08-17T18:48:05Z,
49.43.107.83,ipv4,ssh-brute-force,high,WHITE,blocklist.de/ssh|blocklist.de/all|ziyadnz/hourly-ipv4,blocklist.de|ssh|bot|irc-bot|brute-force|ziyadnz|hourly,2026-08-17T18:48:05Z,2026-08-17T18:48:05Z,
49.49.230.124,ipv4,ssh-brute-force,high,WHITE,blocklist.de/ssh|blocklist.de/all|ziyadnz/hourly-ipv4,blocklist.de|ssh|bot|irc-bot|brute-force|ziyadnz|hourly,2026-08-17T18:48:05Z,2026-08-17T18:48:05Z,
49.51.231.222,ipv4,ssh-brute-force,high,WHITE,blocklist.de/ssh|blocklist.de/all|ziyadnz/hourly-ipv4,blocklist.de|ssh|bot|irc-bot|brute-force|ziyadnz|hourly,2026-08-17T18:48:05Z,2026-08-17T18:48:05Z,
49.64.169.153,ipv4,ssh-brute-force,high,WHITE,blocklist.de/ssh|blocklist.de/all|ziyadnz/hourly-ipv4,blocklist.de|ssh|bot|irc-bot|brute-force|ziyadnz|hourly,2026-08-17T18:48:05Z,2026-08-17T18:48:05Z,
49.64.85.138,ipv4,ssh-brute-force,high,WHITE,blocklist.de/ssh|blocklist.de/all|ziyadnz/hourly-ipv4,blocklist.de|ssh|bot|irc-bot|brute-force|ziyadnz|hourly,2026-08-17T18:48:05Z,2026-08-17T18:48:05Z,
49.72.111.25,ipv4,ssh-brute-force,high,WHITE,blocklist.de/ssh|blocklist.de/all|ziyadnz/hourly-ipv4,blocklist.de|ssh|bot|irc-bot|brute-force|ziyadnz|hourly,2026-08-17T18:48:05Z,2026-08-17T18:48:05Z,
49.72.212.22,ipv4,ssh-brute-force,high,WHITE,blocklist.de/ssh|blocklist.de/all|ziyadnz/hourly-ipv4,blocklist.de|ssh|bot|irc-bot|brute-force|ziyadnz|hourly,2026-08-17T18:48:05Z,2026-08-17T18:48:05Z,
49.72.213.251,ipv4,ssh-brute-force,high,WHITE,blocklist.de/ssh|blocklist.de/all|ziyadnz/hourly-ipv4,blocklist.de|ssh|bot|irc-bot|brute-force|ziyadnz|hourly,2026-08-17T18:48:05Z,2026-08-17T18:48:05Z,
49.84.226.110,ipv4,ssh-brute-force,high,WHITE,blocklist.de/ssh|blocklist.de/all|ziyadnz/hourly-ipv4,blocklist.de|ssh|bot|irc-bot|brute-force|ziyadnz|hourly,2026-08-17T18:48:05Z,2026-08-17T18:48:05Z,
5.11.135.25,ipv4,ssh-brute-force,high,WHITE,blocklist.de/ssh|blocklist.de/all|ziyadnz/hourly-ipv4,blocklist.de|ssh|bot|irc-bot|brute-force|ziyadnz|hourly,2026-08-17T18:48:05Z,2026-08-17T18:48:05Z,
5.129.245.64,ipv4,ssh-brute-force,high,WHITE,blocklist.de/ssh|blocklist.de/all|ziyadnz/hourly-ipv4,blocklist.de|ssh|bot|irc-bot|brute-force|ziyadnz|hourly,2026-08-17T18:48:05Z,2026-08-17T18:48:05Z,
5.135.114.241,ipv4,ssh-brute-force,high,WHITE,blocklist.de/ssh|blocklist.de/all|ziyadnz/hourly-ipv4,blocklist.de|ssh|bot|irc-bot|brute-force|ziyadnz|hourly,2026-08-17T18:48:05Z,2026-08-17T18:48:05Z,
5.135.232.255,ipv4,ssh-brute-force,high,WHITE,blocklist.de/ssh|blocklist.de/all|ziyadnz/hourly-ipv4,blocklist.de|ssh|bot|irc-bot|brute-force|ziyadnz|hourly,2026-08-17T18:48:05Z,2026-08-17T18:48:05Z,
5.135.51.76,ipv4,ssh-brute-force,high,WHITE,blocklist.de/ssh|blocklist.de/all|ziyadnz/hourly-ipv4,blocklist.de|ssh|bot|irc-bot|brute-force|ziyadnz|hourly,2026-08-17T18:48:05Z,2026-08-17T18:48:05Z,
5.141.89.8,ipv4,ssh-brute-force,high,WHITE,blocklist.de/ssh|blocklist.de/all|ziyadnz/hourly-ipv4,blocklist.de|ssh|bot|irc-bot|brute-force|ziyadnz|hourly,2026-08-17T18:48:05Z,2026-08-17T18:48:05Z,
5.175.136.100,ipv4,ssh-brute-force,high,WHITE,blocklist.de/ssh|blocklist.de/all|ziyadnz/hourly-ipv4,blocklist.de|ssh|bot|irc-bot|brute-force|ziyadnz|hourly,2026-08-17T18:48:05Z,2026-08-17T18:48:05Z,
5.182.97.164,ipv4,ssh-brute-force,high,WHITE,blocklist.de/ssh|blocklist.de/all|ziyadnz/hourly-ipv4,blocklist.de|ssh|bot|irc-bot|brute-force|ziyadnz|hourly,2026-08-17T18:48:05Z,2026-08-17T18:48:05Z,
5.183.253.128,ipv4,ssh-brute-force,high,WHITE,blocklist.de/ssh|blocklist.de/all|ziyadnz/hourly-ipv4,blocklist.de|ssh|bot|irc-bot|brute-force|ziyadnz|hourly,2026-08-17T18:48:05Z,2026-08-17T18:48:05Z,
5.188.16.97,ipv4,ssh-brute-force,high,WHITE,blocklist.de/ssh|blocklist.de/all|ziyadnz/hourly-ipv4,blocklist.de|ssh|bot|irc-bot|brute-force|ziyadnz|hourly,2026-08-17T18:48:05Z,2026-08-17T18:48:05Z,
5.189.168.226,ipv4,ssh-brute-force,high,WHITE,blocklist.de/ssh|blocklist.de/all|ziyadnz/hourly-ipv4,blocklist.de|ssh|bot|irc-bot|brute-force|ziyadnz|hourly,2026-08-17T18:48:05Z,2026-08-17T18:48:05Z,
5.194.205.177,ipv4,ssh-brute-force,high,WHITE,blocklist.de/ssh|blocklist.de/all|ziyadnz/hourly-ipv4,blocklist.de|ssh|bot|irc-bot|brute-force|ziyadnz|hourly,2026-08-17T18:48:05Z,2026-08-17T18:48:05Z,
5.196.143.189,ipv4,ssh-brute-force,high,WHITE,blocklist.de/ssh|blocklist.de/all|ziyadnz/hourly-ipv4,blocklist.de|ssh|bot|irc-bot|brute-force|ziyadnz|hourly,2026-08-17T18:48:05Z,2026-08-17T18:48:05Z,
5.196.175.235,ipv4,ssh-brute-force,high,WHITE,blocklist.de/ssh|blocklist.de/all|ziyadnz/hourly-ipv4,blocklist.de|ssh|bot|irc-bot|brute-force|ziyadnz|hourly,2026-08-17T18:48:05Z,2026-08-17T18:48:05Z,
5.196.253.4,ipv4,ssh-brute-force,high,WHITE,blocklist.de/ssh|blocklist.de/all|ziyadnz/hourly-ipv4,blocklist.de|ssh|bot|irc-bot|brute-force|ziyadnz|hourly,2026-08-17T18:48:05Z,2026-08-17T18:48:05Z,
5.196.63.60,ipv4,ssh-brute-force,high,WHITE,blocklist.de/ssh|blocklist.de/all|ziyadnz/hourly-ipv4,blocklist.de|ssh|bot|irc-bot|brute-force|ziyadnz|hourly,2026-08-17T18:48:05Z,2026-08-17T18:48:05Z,
5.2.76.203,ipv4,ssh-brute-force,high,WHITE,blocklist.de/ssh|blocklist.de/all|ziyadnz/hourly-ipv4,blocklist.de|ssh|bot|irc-bot|brute-force|ziyadnz|hourly,2026-08-17T18:48:05Z,2026-08-17T18:48:05Z,
5.202.169.252,ipv4,ssh-brute-force,high,WHITE,blocklist.de/ssh|blocklist.de/all|ziyadnz/hourly-ipv4,blocklist.de|ssh|bot|irc-bot|brute-force|ziyadnz|hourly,2026-08-17T18:48:05Z,2026-08-17T18:48:05Z,
5.202.255.179,ipv4,ssh-brute-force,high,WHITE,blocklist.de/ssh|blocklist.de/all|ziyadnz/hourly-ipv4,blocklist.de|ssh|bot|irc-bot|brute-force|ziyadnz|hourly,2026-08-17T18:48:05Z,2026-08-17T18:48:05Z,
5.21.78.232,ipv4,ssh-brute-force,high,WHITE,blocklist.de/ssh|blocklist.de/all|ziyadnz/hourly-ipv4,blocklist.de|ssh|bot|irc-bot|brute-force|ziyadnz|hourly,2026-08-17T18:48:05Z,2026-08-17T18:48:05Z,
5.253.38.188,ipv4,ssh-brute-force,high,WHITE,blocklist.de/ssh|blocklist.de/all|ziyadnz/hourly-ipv4,blocklist.de|ssh|bot|irc-bot|brute-force|ziyadnz|hourly,2026-08-17T18:48:05Z,2026-08-17T18:48:05Z,
5.255.98.119,ipv4,ssh-brute-force,high,WHITE,blocklist.de/ssh|blocklist.de/all|ziyadnz/hourly-ipv4,blocklist.de|ssh|bot|irc-bot|brute-force|ziyadnz|hourly,2026-08-17T18:48:05Z,2026-08-17T18:48:05Z,
5.29.8.57,ipv4,ssh-brute-force,high,WHITE,blocklist.de/ssh|blocklist.de/all|ziyadnz/hourly-ipv4,blocklist.de|ssh|bot|irc-bot|brute-force|ziyadnz|hourly,2026-08-17T18:48:05Z,2026-08-17T18:48:05Z,
5.3.154.197,ipv4,ssh-brute-force,high,WHITE,blocklist.de/ssh|blocklist.de/all|ziyadnz/hourly-ipv4,blocklist.de|ssh|bot|irc-bot|brute-force|ziyadnz|hourly,2026-08-17T18:48:05Z,2026-08-17T18:48:05Z,
5.31.241.151,ipv4,ssh-brute-force,high,WHITE,blocklist.de/ssh|blocklist.de/all|ziyadnz/hourly-ipv4,blocklist.de|ssh|bot|irc-bot|brute-force|ziyadnz|hourly,2026-08-17T18:48:05Z,2026-08-17T18:48:05Z,
5.39.10.22,ipv4,ssh-brute-force,high,WHITE,blocklist.de/ssh|blocklist.de/all|ziyadnz/hourly-ipv4,blocklist.de|ssh|bot|irc-bot|brute-force|ziyadnz|hourly,2026-08-17T18:48:05Z,2026-08-17T18:48:05Z,
5.39.30.120,ipv4,ssh-brute-force,high,WHITE,blocklist.de/ssh|blocklist.de/all|ziyadnz/hourly-ipv4,blocklist.de|ssh|bot|irc-bot|brute-force|ziyadnz|hourly,2026-08-17T18:48:05Z,2026-08-17T18:48:05Z,
5.39.30.121,ipv4,ssh-brute-force,high,WHITE,blocklist.de/ssh|blocklist.de/all|ziyadnz/hourly-ipv4,blocklist.de|ssh|bot|irc-bot|brute-force|ziyadnz|hourly,2026-08-17T18:48:05Z,2026-08-17T18:48:05Z,
5.39.49.244,ipv4,ssh-brute-force,high,WHITE,blocklist.de/ssh|blocklist.de/all|ziyadnz/hourly-ipv4,blocklist.de|ssh|bot|irc-bot|brute-force|ziyadnz|hourly,2026-08-17T18:48:05Z,2026-08-17T18:48:05Z,
5.39.53.87,ipv4,ssh-brute-force,high,WHITE,blocklist.de/ssh|blocklist.de/all|ziyadnz/hourly-ipv4,blocklist.de|ssh|bot|irc-bot|brute-force|ziyadnz|hourly,2026-08-17T18:48:05Z,2026-08-17T18:48:05Z,
5.39.70.2,ipv4,ssh-brute-force,high,WHITE,blocklist.de/ssh|blocklist.de/all|ziyadnz/hourly-ipv4,blocklist.de|ssh|bot|irc-bot|brute-force|ziyadnz|hourly,2026-08-17T18:48:05Z,2026-08-17T18:48:05Z,
5.39.97.135,ipv4,ssh-brute-force,high,WHITE,blocklist.de/ssh|blocklist.de/all|ziyadnz/hourly-ipv4,blocklist.de|ssh|bot|irc-bot|brute-force|ziyadnz|hourly,2026-08-17T18:48:05Z,2026-08-17T18:48:05Z,
5.39.97.141,ipv4,ssh-brute-force,high,WHITE,blocklist.de/ssh|blocklist.de/all|ziyadnz/hourly-ipv4,blocklist.de|ssh|bot|irc-bot|brute-force|ziyadnz|hourly,2026-08-17T18:48:05Z,2026-08-17T18:48:05Z,
5.53.113.171,ipv4,ssh-brute-force,high,WHITE,blocklist.de/ssh|blocklist.de/all|ziyadnz/hourly-ipv4,blocklist.de|ssh|bot|irc-bot|brute-force|ziyadnz|hourly,2026-08-17T18:48:05Z,2026-08-17T18:48:05Z,
5.79.240.16,ipv4,ssh-brute-force,high,WHITE,blocklist.de/ssh|blocklist.de/all|ziyadnz/hourly-ipv4,blocklist.de|ssh|bot|irc-bot|brute-force|ziyadnz|hourly,2026-08-17T18:48:05Z,2026-08-17T18:48:05Z,
5.89.75.194,ipv4,ssh-brute-force,high,WHITE,blocklist.de/ssh|blocklist.de/all|ziyadnz/hourly-ipv4,blocklist.de|ssh|bot|irc-bot|brute-force|ziyadnz|hourly,2026-08-17T18:48:05Z,2026-08-17T18:48:05Z,
5.9.228.13,ipv4,ssh-brute-force,high,WHITE,blocklist.de/ssh|blocklist.de/all|ziyadnz/hourly-ipv4,blocklist.de|ssh|bot|irc-bot|brute-force|ziyadnz|hourly,2026-08-17T18:48:05Z,2026-08-17T18:48:05Z,
5.99.196.202,ipv4,ssh-brute-force,high,WHITE,blocklist.de/ssh|blocklist.de/all|ziyadnz/hourly-ipv4,blocklist.de|ssh|bot|irc-bot|brute-force|ziyadnz|hourly,2026-08-17T18:48:05Z,2026-08-17T18:48:05Z,
50.116.72.139,ipv4,ssh-brute-force,high,WHITE,blocklist.de/ssh|blocklist.de/all|ziyadnz/hourly-ipv4,blocklist.de|ssh|bot|irc-bot|brute-force|ziyadnz|hourly,2026-08-17T18:48:05Z,2026-08-17T18:48:05Z,
50.228.206.66,ipv4,ssh-brute-force,high,WHITE,blocklist.de/ssh|blocklist.de/all|ziyadnz/hourly-ipv4,blocklist.de|ssh|bot|irc-bot|brute-force|ziyadnz|hourly,2026-08-17T18:48:05Z,2026-08-17T18:48:05Z,
50.28.87.128,ipv4,ssh-brute-force,high,WHITE,blocklist.de/ssh|blocklist.de/all|ziyadnz/hourly-ipv4,blocklist.de|ssh|bot|irc-bot|brute-force|ziyadnz|hourly,2026-08-17T18:48:05Z,2026-08-17T18:48:05Z,
50.29.180.204,ipv4,ssh-brute-force,high,WHITE,blocklist.de/ssh|blocklist.de/all|ziyadnz/hourly-ipv4,blocklist.de|ssh|bot|irc-bot|brute-force|ziyadnz|hourly,2026-08-17T18:48:05Z,2026-08-17T18:48:05Z,
50.6.20.135,ipv4,ssh-brute-force,high,WHITE,blocklist.de/ssh|blocklist.de/all|ziyadnz/hourly-ipv4,blocklist.de|ssh|bot|irc-bot|brute-force|ziyadnz|hourly,2026-08-17T18:48:05Z,2026-08-17T18:48:05Z,
50.6.228.111,ipv4,ssh-brute-force,high,WHITE,blocklist.de/ssh|blocklist.de/all|ziyadnz/hourly-ipv4,blocklist.de|ssh|bot|irc-bot|brute-force|ziyadnz|hourly,2026-08-17T18:48:05Z,2026-08-17T18:48:05Z,
50.92.196.17,ipv4,ssh-brute-force,high,WHITE,blocklist.de/ssh|blocklist.de/all|ziyadnz/hourly-ipv4,blocklist.de|ssh|bot|irc-bot|brute-force|ziyadnz|hourly,2026-08-17T18:48:05Z,2026-08-17T18:48:05Z,
51.124.112.121,ipv4,ssh-brute-force,high,WHITE,blocklist.de/ssh|blocklist.de/all|ziyadnz/hourly-ipv4,blocklist.de|ssh|bot|irc-bot|brute-force|ziyadnz|hourly,2026-08-17T18:48:05Z,2026-08-17T18:48:05Z,
51.158.205.203,ipv4,ssh-brute-force,high,WHITE,blocklist.de/ssh|blocklist.de/all|ziyadnz/hourly-ipv4,blocklist.de|ssh|bot|irc-bot|brute-force|ziyadnz|hourly,2026-08-17T18:48:05Z,2026-08-17T18:48:05Z,
51.158.253.215,ipv4,ssh-brute-force,high,WHITE,blocklist.de/ssh|blocklist.de/all|ziyadnz/hourly-ipv4,blocklist.de|ssh|bot|irc-bot|brute-force|ziyadnz|hourly,2026-08-17T18:48:05Z,2026-08-17T18:48:05Z,
51.161.8.211,ipv4,ssh-brute-force,high,WHITE,blocklist.de/ssh|blocklist.de/all|ziyadnz/hourly-ipv4,blocklist.de|ssh|bot|irc-bot|brute-force|ziyadnz|hourly,2026-08-17T18:48:05Z,2026-08-17T18:48:05Z,
51.178.84.57,ipv4,ssh-brute-force,high,WHITE,blocklist.de/ssh|blocklist.de/all|ziyadnz/hourly-ipv4,blocklist.de|ssh|bot|irc-bot|brute-force|ziyadnz|hourly,2026-08-17T18:48:05Z,2026-08-17T18:48:05Z,
51.195.149.120,ipv4,ssh-brute-force,high,WHITE,blocklist.de/ssh|blocklist.de/all|ziyadnz/hourly-ipv4,blocklist.de|ssh|bot|irc-bot|brute-force|ziyadnz|hourly,2026-08-17T18:48:05Z,2026-08-17T18:48:05Z,
51.195.219.179,ipv4,ssh-brute-force,high,WHITE,blocklist.de/ssh|blocklist.de/all|ziyadnz/hourly-ipv4,blocklist.de|ssh|bot|irc-bot|brute-force|ziyadnz|hourly,2026-08-17T18:48:05Z,2026-08-17T18:48:05Z,
51.195.255.48,ipv4,ssh-brute-force,high,WHITE,blocklist.de/ssh|blocklist.de/all|ziyadnz/hourly-ipv4,blocklist.de|ssh|bot|irc-bot|brute-force|ziyadnz|hourly,2026-08-17T18:48:05Z,2026-08-17T18:48:05Z,
51.195.40.26,ipv4,ssh-brute-force,high,WHITE,blocklist.de/ssh|blocklist.de/all|ziyadnz/hourly-ipv4,blocklist.de|ssh|bot|irc-bot|brute-force|ziyadnz|hourly,2026-08-17T18:48:05Z,2026-08-17T18:48:05Z,
51.210.42.246,ipv4,ssh-brute-force,high,WHITE,blocklist.de/ssh|blocklist.de/all|ziyadnz/hourly-ipv4,blocklist.de|ssh|bot|irc-bot|brute-force|ziyadnz|hourly,2026-08-17T18:48:05Z,2026-08-17T18:48:05Z,
51.222.85.30,ipv4,ssh-brute-force,high,WHITE,blocklist.de/ssh|blocklist.de/all|ziyadnz/hourly-ipv4,blocklist.de|ssh|bot|irc-bot|brute-force|ziyadnz|hourly,2026-08-17T18:48:05Z,2026-08-17T18:48:05Z,
51.222.86.241,ipv4,ssh-brute-force,high,WHITE,blocklist.de/ssh|blocklist.de/all|ziyadnz/hourly-ipv4,blocklist.de|ssh|bot|irc-bot|brute-force|ziyadnz|hourly,2026-08-17T18:48:05Z,2026-08-17T18:48:05Z,
51.235.242.61,ipv4,ssh-brute-force,high,WHITE,blocklist.de/ssh|blocklist.de/all|ziyadnz/hourly-ipv4,blocklist.de|ssh|bot|irc-bot|brute-force|ziyadnz|hourly,2026-08-17T18:48:05Z,2026-08-17T18:48:05Z,
51.254.103.32,ipv4,ssh-brute-force,high,WHITE,blocklist.de/ssh|blocklist.de/all|ziyadnz/hourly-ipv4,blocklist.de|ssh|bot|irc-bot|brute-force|ziyadnz|hourly,2026-08-17T18:48:05Z,2026-08-17T18:48:05Z,
51.254.113.225,ipv4,ssh-brute-force,high,WHITE,blocklist.de/ssh|blocklist.de/all|ziyadnz/hourly-ipv4,blocklist.de|ssh|bot|irc-bot|brute-force|ziyadnz|hourly,2026-08-17T18:48:05Z,2026-08-17T18:48:05Z,
51.254.130.161,ipv4,ssh-brute-force,high,WHITE,blocklist.de/ssh|blocklist.de/all|ziyadnz/hourly-ipv4,blocklist.de|ssh|bot|irc-bot|brute-force|ziyadnz|hourly,2026-08-17T18:48:05Z,2026-08-17T18:48:05Z,
51.255.92.195,ipv4,ssh-brute-force,high,WHITE,blocklist.de/ssh|blocklist.de/all|ziyadnz/hourly-ipv4,blocklist.de|ssh|bot|irc-bot|brute-force|ziyadnz|hourly,2026-08-17T18:48:05Z,2026-08-17T18:48:05Z,
51.38.224.114,ipv4,ssh-brute-force,high,WHITE,blocklist.de/ssh|blocklist.de/all|ziyadnz/hourly-ipv4,blocklist.de|ssh|bot|irc-bot|brute-force|ziyadnz|hourly,2026-08-17T18:48:05Z,2026-08-17T18:48:05Z,
51.38.71.171,ipv4,ssh-brute-force,high,WHITE,blocklist.de/ssh|blocklist.de/all|ziyadnz/hourly-ipv4,blocklist.de|ssh|bot|irc-bot|brute-force|ziyadnz|hourly,2026-08-17T18:48:05Z,2026-08-17T18:48:05Z,
51.68.151.167,ipv4,ssh-brute-force,high,WHITE,blocklist.de/ssh|blocklist.de/all|ziyadnz/hourly-ipv4,blocklist.de|ssh|bot|irc-bot|brute-force|ziyadnz|hourly,2026-08-17T18:48:05Z,2026-08-17T18:48:05Z,
51.68.214.191,ipv4,ssh-brute-force,high,WHITE,blocklist.de/ssh|blocklist.de/all|ziyadnz/hourly-ipv4,blocklist.de|ssh|bot|irc-bot|brute-force|ziyadnz|hourly,2026-08-17T18:48:05Z,2026-08-17T18:48:05Z,
51.68.245.128,ipv4,ssh-brute-force,high,WHITE,blocklist.de/ssh|blocklist.de/all|ziyadnz/hourly-ipv4,blocklist.de|ssh|bot|irc-bot|brute-force|ziyadnz|hourly,2026-08-17T18:48:05Z,2026-08-17T18:48:05Z,
51.75.141.245,ipv4,ssh-brute-force,high,WHITE,blocklist.de/ssh|blocklist.de/all|ziyadnz/hourly-ipv4,blocklist.de|ssh|bot|irc-bot|brute-force|ziyadnz|hourly,2026-08-17T18:48:05Z,2026-08-17T18:48:05Z,
51.75.161.33,ipv4,ssh-brute-force,high,WHITE,blocklist.de/ssh|blocklist.de/all|ziyadnz/hourly-ipv4,blocklist.de|ssh|bot|irc-bot|brute-force|ziyadnz|hourly,2026-08-17T18:48:05Z,2026-08-17T18:48:05Z,
51.75.170.40,ipv4,ssh-brute-force,high,WHITE,blocklist.de/ssh|blocklist.de/all|ziyadnz/hourly-ipv4,blocklist.de|ssh|bot|irc-bot|brute-force|ziyadnz|hourly,2026-08-17T18:48:05Z,2026-08-17T18:48:05Z,
51.75.200.186,ipv4,ssh-brute-force,high,WHITE,blocklist.de/ssh|blocklist.de/all|ziyadnz/hourly-ipv4,blocklist.de|ssh|bot|irc-bot|brute-force|ziyadnz|hourly,2026-08-17T18:48:05Z,2026-08-17T18:48:05Z,
51.75.21.168,ipv4,ssh-brute-force,high,WHITE,blocklist.de/ssh|blocklist.de/all|ziyadnz/hourly-ipv4,blocklist.de|ssh|bot|irc-bot|brute-force|ziyadnz|hourly,2026-08-17T18:48:05Z,2026-08-17T18:48:05Z,
51.75.247.232,ipv4,ssh-brute-force,high,WHITE,blocklist.de/ssh|blocklist.de/all|ziyadnz/hourly-ipv4,blocklist.de|ssh|bot|irc-bot|brute-force|ziyadnz|hourly,2026-08-17T18:48:05Z,2026-08-17T18:48:05Z,
51.75.255.200,ipv4,ssh-brute-force,high,WHITE,blocklist.de/ssh|blocklist.de/all|ziyadnz/hourly-ipv4,blocklist.de|ssh|bot|irc-bot|brute-force|ziyadnz|hourly,2026-08-17T18:48:05Z,2026-08-17T18:48:05Z,
51.75.27.218,ipv4,ssh-brute-force,high,WHITE,blocklist.de/ssh|blocklist.de/all|ziyadnz/hourly-ipv4,blocklist.de|ssh|bot|irc-bot|brute-force|ziyadnz|hourly,2026-08-17T18:48:05Z,2026-08-17T18:48:05Z,
51.75.69.216,ipv4,ssh-brute-force,high,WHITE,blocklist.de/ssh|blocklist.de/all|ziyadnz/hourly-ipv4,blocklist.de|ssh|bot|irc-bot|brute-force|ziyadnz|hourly,2026-08-17T18:48:05Z,2026-08-17T18:48:05Z,
51.77.158.34,ipv4,ssh-brute-force,high,WHITE,blocklist.de/ssh|blocklist.de/all|ziyadnz/hourly-ipv4,blocklist.de|ssh|bot|irc-bot|brute-force|ziyadnz|hourly,2026-08-17T18:48:05Z,2026-08-17T18:48:05Z,
51.79.86.104,ipv4,ssh-brute-force,high,WHITE,blocklist.de/ssh|blocklist.de/all|ziyadnz/hourly-ipv4,blocklist.de|ssh|bot|irc-bot|brute-force|ziyadnz|hourly,2026-08-17T18:48:05Z,2026-08-17T18:48:05Z,
51.81.84.41,ipv4,ssh-brute-force,high,WHITE,blocklist.de/ssh|blocklist.de/all|ziyadnz/hourly-ipv4,blocklist.de|ssh|bot|irc-bot|brute-force|ziyadnz|hourly,2026-08-17T18:48:05Z,2026-08-17T18:48:05Z,
51.89.4.212,ipv4,ssh-brute-force,high,WHITE,blocklist.de/ssh|blocklist.de/all|ziyadnz/hourly-ipv4,blocklist.de|ssh|bot|irc-bot|brute-force|ziyadnz|hourly,2026-08-17T18:48:05Z,2026-08-17T18:48:05Z,
51.91.158.134,ipv4,ssh-brute-force,high,WHITE,blocklist.de/ssh|blocklist.de/all|ziyadnz/hourly-ipv4,blocklist.de|ssh|bot|irc-bot|brute-force|ziyadnz|hourly,2026-08-17T18:48:05Z,2026-08-17T18:48:05Z,
51.91.96.79,ipv4,ssh-brute-force,high,WHITE,blocklist.de/ssh|blocklist.de/all|ziyadnz/hourly-ipv4,blocklist.de|ssh|bot|irc-bot|brute-force|ziyadnz|hourly,2026-08-17T18:48:05Z,2026-08-17T18:48:05Z,
51.91.97.236,ipv4,ssh-brute-force,high,WHITE,blocklist.de/ssh|blocklist.de/all|ziyadnz/hourly-ipv4,blocklist.de|ssh|bot|irc-bot|brute-force|ziyadnz|hourly,2026-08-17T18:48:05Z,2026-08-17T18:48:05Z,
52.140.76.154,ipv4,ssh-brute-force,high,WHITE,blocklist.de/ssh|blocklist.de/all|ziyadnz/hourly-ipv4,blocklist.de|ssh|bot|irc-bot|brute-force|ziyadnz|hourly,2026-08-17T18:48:05Z,2026-08-17T18:48:05Z,
52.168.141.47,ipv4,ssh-brute-force,high,WHITE,blocklist.de/ssh|blocklist.de/all|ziyadnz/hourly-ipv4,blocklist.de|ssh|bot|irc-bot|brute-force|ziyadnz|hourly,2026-08-17T18:48:05Z,2026-08-17T18:48:05Z,
52.172.177.191,ipv4,ssh-brute-force,high,WHITE,blocklist.de/ssh|blocklist.de/all|ziyadnz/hourly-ipv4,blocklist.de|ssh|bot|irc-bot|brute-force|ziyadnz|hourly,2026-08-17T18:48:05Z,2026-08-17T18:48:05Z,
52.176.211.73,ipv4,ssh-brute-force,high,WHITE,blocklist.de/ssh|blocklist.de/all|ziyadnz/hourly-ipv4,blocklist.de|ssh|bot|irc-bot|brute-force|ziyadnz|hourly,2026-08-17T18:48:05Z,2026-08-17T18:48:05Z,
52.187.181.80,ipv4,ssh-brute-force,high,WHITE,blocklist.de/ssh|blocklist.de/all|ziyadnz/hourly-ipv4,blocklist.de|ssh|bot|irc-bot|brute-force|ziyadnz|hourly,2026-08-17T18:48:05Z,2026-08-17T18:48:05Z,
52.224.109.126,ipv4,ssh-brute-force,high,WHITE,blocklist.de/ssh|blocklist.de/all|ziyadnz/hourly-ipv4,blocklist.de|ssh|bot|irc-bot|brute-force|ziyadnz|hourly,2026-08-17T18:48:05Z,2026-08-17T18:48:05Z,
52.233.193.61,ipv4,ssh-brute-force,high,WHITE,blocklist.de/ssh|blocklist.de/all|ziyadnz/hourly-ipv4,blocklist.de|ssh|bot|irc-bot|brute-force|ziyadnz|hourly,2026-08-17T18:48:05Z,2026-08-17T18:48:05Z,
52.237.80.79,ipv4,ssh-brute-force,high,WHITE,blocklist.de/ssh|blocklist.de/all|ziyadnz/hourly-ipv4,blocklist.de|ssh|bot|irc-bot|brute-force|ziyadnz|hourly,2026-08-17T18:48:05Z,2026-08-17T18:48:05Z,
52.249.221.45,ipv4,ssh-brute-force,high,WHITE,blocklist.de/ssh|blocklist.de/all|ziyadnz/hourly-ipv4,blocklist.de|ssh|bot|irc-bot|brute-force|ziyadnz|hourly,2026-08-17T18:48:05Z,2026-08-17T18:48:05Z,
52.65.173.26,ipv4,ssh-brute-force,high,WHITE,blocklist.de/ssh|blocklist.de/all|ziyadnz/hourly-ipv4,blocklist.de|ssh|bot|irc-bot|brute-force|ziyadnz|hourly,2026-08-17T18:48:05Z,2026-08-17T18:48:05Z,
52.73.212.207,ipv4,ssh-brute-force,high,WHITE,blocklist.de/ssh|blocklist.de/all|ziyadnz/hourly-ipv4,blocklist.de|ssh|bot|irc-bot|brute-force|ziyadnz|hourly,2026-08-17T18:48:05Z,2026-08-17T18:48:05Z,
54.158.70.149,ipv4,ssh-brute-force,high,WHITE,blocklist.de/ssh|blocklist.de/all|ziyadnz/hourly-ipv4,blocklist.de|ssh|bot|irc-bot|brute-force|ziyadnz|hourly,2026-08-17T18:48:05Z,2026-08-17T18:48:05Z,
54.159.49.205,ipv4,ssh-brute-force,high,WHITE,blocklist.de/ssh|blocklist.de/all|ziyadnz/hourly-ipv4,blocklist.de|ssh|bot|irc-bot|brute-force|ziyadnz|hourly,2026-08-17T18:48:05Z,2026-08-17T18:48:05Z,
54.167.71.13,ipv4,ssh-brute-force,high,WHITE,blocklist.de/ssh|blocklist.de/all|ziyadnz/hourly-ipv4,blocklist.de|ssh|bot|irc-bot|brute-force|ziyadnz|hourly,2026-08-17T18:48:05Z,2026-08-17T18:48:05Z,
54.175.254.254,ipv4,ssh-brute-force,high,WHITE,blocklist.de/ssh|blocklist.de/all|ziyadnz/hourly-ipv4,blocklist.de|ssh|bot|irc-bot|brute-force|ziyadnz|hourly,2026-08-17T18:48:05Z,2026-08-17T18:48:05Z,
54.176.247.139,ipv4,ssh-brute-force,high,WHITE,blocklist.de/ssh|blocklist.de/all|ziyadnz/hourly-ipv4,blocklist.de|ssh|bot|irc-bot|brute-force|ziyadnz|hourly,2026-08-17T18:48:05Z,2026-08-17T18:48:05Z,
54.200.58.153,ipv4,ssh-brute-force,high,WHITE,blocklist.de/ssh|blocklist.de/all|ziyadnz/hourly-ipv4,blocklist.de|ssh|bot|irc-bot|brute-force|ziyadnz|hourly,2026-08-17T18:48:05Z,2026-08-17T18:48:05Z,
54.221.75.112,ipv4,ssh-brute-force,high,WHITE,blocklist.de/ssh|blocklist.de/all|ziyadnz/hourly-ipv4,blocklist.de|ssh|bot|irc-bot|brute-force|ziyadnz|hourly,2026-08-17T18:48:05Z,2026-08-17T18:48:05Z,
54.235.238.14,ipv4,ssh-brute-force,high,WHITE,blocklist.de/ssh|blocklist.de/all|ziyadnz/hourly-ipv4,blocklist.de|ssh|bot|irc-bot|brute-force|ziyadnz|hourly,2026-08-17T18:48:05Z,2026-08-17T18:48:05Z,
54.36.132.213,ipv4,ssh-brute-force,high,WHITE,blocklist.de/ssh|blocklist.de/all|ziyadnz/hourly-ipv4,blocklist.de|ssh|bot|irc-bot|brute-force|ziyadnz|hourly,2026-08-17T18:48:05Z,2026-08-17T18:48:05Z,
54.36.99.29,ipv4,ssh-brute-force,high,WHITE,blocklist.de/ssh|blocklist.de/all|ziyadnz/hourly-ipv4,blocklist.de|ssh|bot|irc-bot|brute-force|ziyadnz|hourly,2026-08-17T18:48:05Z,2026-08-17T18:48:05Z,
54.37.235.85,ipv4,ssh-brute-force,high,WHITE,blocklist.de/ssh|blocklist.de/all|ziyadnz/hourly-ipv4,blocklist.de|ssh|bot|irc-bot|brute-force|ziyadnz|hourly,2026-08-17T18:48:05Z,2026-08-17T18:48:05Z,
54.38.109.115,ipv4,ssh-brute-force,high,WHITE,blocklist.de/ssh|blocklist.de/all|ziyadnz/hourly-ipv4,blocklist.de|ssh|bot|irc-bot|brute-force|ziyadnz|hourly,2026-08-17T18:48:05Z,2026-08-17T18:48:05Z,
54.38.180.48,ipv4,ssh-brute-force,high,WHITE,blocklist.de/ssh|blocklist.de/all|ziyadnz/hourly-ipv4,blocklist.de|ssh|bot|irc-bot|brute-force|ziyadnz|hourly,2026-08-17T18:48:05Z,2026-08-17T18:48:05Z,
54.38.241.200,ipv4,ssh-brute-force,high,WHITE,blocklist.de/ssh|blocklist.de/all|ziyadnz/hourly-ipv4,blocklist.de|ssh|bot|irc-bot|brute-force|ziyadnz|hourly,2026-08-17T18:48:05Z,2026-08-17T18:48:05Z,
54.38.52.18,ipv4,ssh-brute-force,high,WHITE,blocklist.de/ssh|blocklist.de/all|ziyadnz/hourly-ipv4,blocklist.de|ssh|bot|irc-bot|brute-force|ziyadnz|hourly,2026-08-17T18:48:05Z,2026-08-17T18:48:05Z,
54.71.162.151,ipv4,ssh-brute-force,high,WHITE,blocklist.de/ssh|blocklist.de/all|ziyadnz/hourly-ipv4,blocklist.de|ssh|bot|irc-bot|brute-force|ziyadnz|hourly,2026-08-17T18:48:05Z,2026-08-17T18:48:05Z,
54.91.134.82,ipv4,ssh-brute-force,high,WHITE,blocklist.de/ssh|blocklist.de/all|ziyadnz/hourly-ipv4,blocklist.de|ssh|bot|irc-bot|brute-force|ziyadnz|hourly,2026-08-17T18:48:05Z,2026-08-17T18:48:05Z,
57.128.222.79,ipv4,ssh-brute-force,high,WHITE,blocklist.de/ssh|blocklist.de/all|ziyadnz/hourly-ipv4,blocklist.de|ssh|bot|irc-bot|brute-force|ziyadnz|hourly,2026-08-17T18:48:05Z,2026-08-17T18:48:05Z,
57.128.223.80,ipv4,ssh-brute-force,high,WHITE,blocklist.de/ssh|blocklist.de/all|ziyadnz/hourly-ipv4,blocklist.de|ssh|bot|irc-bot|brute-force|ziyadnz|hourly,2026-08-17T18:48:05Z,2026-08-17T18:48:05Z,
57.128.239.181,ipv4,ssh-brute-force,high,WHITE,blocklist.de/ssh|blocklist.de/all|ziyadnz/hourly-ipv4,blocklist.de|ssh|bot|irc-bot|brute-force|ziyadnz|hourly,2026-08-17T18:48:05Z,2026-08-17T18:48:05Z,
57.129.12.239,ipv4,ssh-brute-force,high,WHITE,blocklist.de/ssh|blocklist.de/all|ziyadnz/hourly-ipv4,blocklist.de|ssh|bot|irc-bot|brute-force|ziyadnz|hourly,2026-08-17T18:48:05Z,2026-08-17T18:48:05Z,
57.129.15.177,ipv4,ssh-brute-force,high,WHITE,blocklist.de/ssh|blocklist.de/all|ziyadnz/hourly-ipv4,blocklist.de|ssh|bot|irc-bot|brute-force|ziyadnz|hourly,2026-08-17T18:48:05Z,2026-08-17T18:48:05Z,
57.129.45.116,ipv4,ssh-brute-force,high,WHITE,blocklist.de/ssh|blocklist.de/all|ziyadnz/hourly-ipv4,blocklist.de|ssh|bot|irc-bot|brute-force|ziyadnz|hourly,2026-08-17T18:48:05Z,2026-08-17T18:48:05Z,
57.129.47.135,ipv4,ssh-brute-force,high,WHITE,blocklist.de/ssh|blocklist.de/all|ziyadnz/hourly-ipv4,blocklist.de|ssh|bot|irc-bot|brute-force|ziyadnz|hourly,2026-08-17T18:48:05Z,2026-08-17T18:48:05Z,
57.129.74.123,ipv4,ssh-brute-force,high,WHITE,blocklist.de/ssh|blocklist.de/all|ziyadnz/hourly-ipv4,blocklist.de|ssh|bot|irc-bot|brute-force|ziyadnz|hourly,2026-08-17T18:48:05Z,2026-08-17T18:48:05Z,
57.134.138.214,ipv4,ssh-brute-force,high,WHITE,blocklist.de/ssh|blocklist.de/all|ziyadnz/hourly-ipv4,blocklist.de|ssh|bot|irc-bot|brute-force|ziyadnz|hourly,2026-08-17T18:48:05Z,2026-08-17T18:48:05Z,
58.144.223.66,ipv4,ssh-brute-force,high,WHITE,blocklist.de/ssh|blocklist.de/all|ziyadnz/hourly-ipv4,blocklist.de|ssh|bot|irc-bot|brute-force|ziyadnz|hourly,2026-08-17T18:48:05Z,2026-08-17T18:48:05Z,
58.144.223.69,ipv4,ssh-brute-force,high,WHITE,blocklist.de/ssh|blocklist.de/all|ziyadnz/hourly-ipv4,blocklist.de|ssh|bot|irc-bot|brute-force|ziyadnz|hourly,2026-08-17T18:48:05Z,2026-08-17T18:48:05Z,
58.147.171.11,ipv4,ssh-brute-force,high,WHITE,blocklist.de/ssh|blocklist.de/all|ziyadnz/hourly-ipv4,blocklist.de|ssh|bot|irc-bot|brute-force|ziyadnz|hourly,2026-08-17T18:48:05Z,2026-08-17T18:48:05Z,
58.186.20.101,ipv4,ssh-brute-force,high,WHITE,blocklist.de/ssh|blocklist.de/all|ziyadnz/hourly-ipv4,blocklist.de|ssh|bot|irc-bot|brute-force|ziyadnz|hourly,2026-08-17T18:48:05Z,2026-08-17T18:48:05Z,
58.186.20.143,ipv4,ssh-brute-force,high,WHITE,blocklist.de/ssh|blocklist.de/all|ziyadnz/hourly-ipv4,blocklist.de|ssh|bot|irc-bot|brute-force|ziyadnz|hourly,2026-08-17T18:48:05Z,2026-08-17T18:48:05Z,
58.20.236.52,ipv4,ssh-brute-force,high,WHITE,blocklist.de/ssh|blocklist.de/all|ziyadnz/hourly-ipv4,blocklist.de|ssh|bot|irc-bot|brute-force|ziyadnz|hourly,2026-08-17T18:48:05Z,2026-08-17T18:48:05Z,
58.209.234.84,ipv4,ssh-brute-force,high,WHITE,blocklist.de/ssh|blocklist.de/all|ziyadnz/hourly-ipv4,blocklist.de|ssh|bot|irc-bot|brute-force|ziyadnz|hourly,2026-08-17T18:48:05Z,2026-08-17T18:48:05Z,
58.209.82.184,ipv4,ssh-brute-force,high,WHITE,blocklist.de/ssh|blocklist.de/all|ziyadnz/hourly-ipv4,blocklist.de|ssh|bot|irc-bot|brute-force|ziyadnz|hourly,2026-08-17T18:48:05Z,2026-08-17T18:48:05Z,
58.210.182.18,ipv4,ssh-brute-force,high,WHITE,blocklist.de/ssh|blocklist.de/all|ziyadnz/hourly-ipv4,blocklist.de|ssh|bot|irc-bot|brute-force|ziyadnz|hourly,2026-08-17T18:48:05Z,2026-08-17T18:48:05Z,
58.210.7.34,ipv4,ssh-brute-force,high,WHITE,blocklist.de/ssh|blocklist.de/all|ziyadnz/hourly-ipv4,blocklist.de|ssh|bot|irc-bot|brute-force|ziyadnz|hourly,2026-08-17T18:48:05Z,2026-08-17T18:48:05Z,
58.220.39.200,ipv4,ssh-brute-force,high,WHITE,blocklist.de/ssh|blocklist.de/all|ziyadnz/hourly-ipv4,blocklist.de|ssh|bot|irc-bot|brute-force|ziyadnz|hourly,2026-08-17T18:48:05Z,2026-08-17T18:48:05Z,
58.221.60.25,ipv4,ssh-brute-force,high,WHITE,blocklist.de/ssh|blocklist.de/all|ziyadnz/hourly-ipv4,blocklist.de|ssh|bot|irc-bot|brute-force|ziyadnz|hourly,2026-08-17T18:48:05Z,2026-08-17T18:48:05Z,
58.222.244.226,ipv4,ssh-brute-force,high,WHITE,blocklist.de/ssh|blocklist.de/all|ziyadnz/hourly-ipv4,blocklist.de|ssh|bot|irc-bot|brute-force|ziyadnz|hourly,2026-08-17T18:48:05Z,2026-08-17T18:48:05Z,
58.224.62.29,ipv4,ssh-brute-force,high,WHITE,blocklist.de/ssh|blocklist.de/all|ziyadnz/hourly-ipv4,blocklist.de|ssh|bot|irc-bot|brute-force|ziyadnz|hourly,2026-08-17T18:48:05Z,2026-08-17T18:48:05Z,
58.227.209.139,ipv4,ssh-brute-force,high,WHITE,blocklist.de/ssh|blocklist.de/all|ziyadnz/hourly-ipv4,blocklist.de|ssh|bot|irc-bot|brute-force|ziyadnz|hourly,2026-08-17T18:48:05Z,2026-08-17T18:48:05Z,
58.229.253.119,ipv4,ssh-brute-force,high,WHITE,blocklist.de/ssh|blocklist.de/all|ziyadnz/hourly-ipv4,blocklist.de|ssh|bot|irc-bot|brute-force|ziyadnz|hourly,2026-08-17T18:48:05Z,2026-08-17T18:48:05Z,
58.23.69.251,ipv4,ssh-brute-force,high,WHITE,blocklist.de/ssh|blocklist.de/all|ziyadnz/hourly-ipv4,blocklist.de|ssh|bot|irc-bot|brute-force|ziyadnz|hourly,2026-08-17T18:48:05Z,2026-08-17T18:48:05Z,
58.235.190.97,ipv4,ssh-brute-force,high,WHITE,blocklist.de/ssh|blocklist.de/all|ziyadnz/hourly-ipv4,blocklist.de|ssh|bot|irc-bot|brute-force|ziyadnz|hourly,2026-08-17T18:48:05Z,2026-08-17T18:48:05Z,
58.242.118.12,ipv4,ssh-brute-force,high,WHITE,blocklist.de/ssh|blocklist.de/all|ziyadnz/hourly-ipv4,blocklist.de|ssh|bot|irc-bot|brute-force|ziyadnz|hourly,2026-08-17T18:48:05Z,2026-08-17T18:48:05Z,
58.33.97.119,ipv4,ssh-brute-force,high,WHITE,blocklist.de/ssh|blocklist.de/all|ziyadnz/hourly-ipv4,blocklist.de|ssh|bot|irc-bot|brute-force|ziyadnz|hourly,2026-08-17T18:48:05Z,2026-08-17T18:48:05Z,
58.42.204.29,ipv4,ssh-brute-force,high,WHITE,blocklist.de/ssh|blocklist.de/all|ziyadnz/hourly-ipv4,blocklist.de|ssh|bot|irc-bot|brute-force|ziyadnz|hourly,2026-08-17T18:48:05Z,2026-08-17T18:48:05Z,
58.69.122.90,ipv4,ssh-brute-force,high,WHITE,blocklist.de/ssh|blocklist.de/all|ziyadnz/hourly-ipv4,blocklist.de|ssh|bot|irc-bot|brute-force|ziyadnz|hourly,2026-08-17T18:48:05Z,2026-08-17T18:48:05Z,
58.69.56.44,ipv4,ssh-brute-force,high,WHITE,blocklist.de/ssh|blocklist.de/all|ziyadnz/hourly-ipv4,blocklist.de|ssh|bot|irc-bot|brute-force|ziyadnz|hourly,2026-08-17T18:48:05Z,2026-08-17T18:48:05Z,
58.76.159.170,ipv4,ssh-brute-force,high,WHITE,blocklist.de/ssh|blocklist.de/all|ziyadnz/hourly-ipv4,blocklist.de|ssh|bot|irc-bot|brute-force|ziyadnz|hourly,2026-08-17T18:48:05Z,2026-08-17T18:48:05Z,
58.84.142.18,ipv4,ssh-brute-force,high,WHITE,blocklist.de/ssh|blocklist.de/all|ziyadnz/hourly-ipv4,blocklist.de|ssh|bot|irc-bot|brute-force|ziyadnz|hourly,2026-08-17T18:48:05Z,2026-08-17T18:48:05Z,
59.110.83.157,ipv4,ssh-brute-force,high,WHITE,blocklist.de/ssh|blocklist.de/all|ziyadnz/hourly-ipv4,blocklist.de|ssh|bot|irc-bot|brute-force|ziyadnz|hourly,2026-08-17T18:48:05Z,2026-08-17T18:48:05Z,
59.12.116.210,ipv4,ssh-brute-force,high,WHITE,blocklist.de/ssh|blocklist.de/all|ziyadnz/hourly-ipv4,blocklist.de|ssh|bot|irc-bot|brute-force|ziyadnz|hourly,2026-08-17T18:48:05Z,2026-08-17T18:48:05Z,
59.120.178.166,ipv4,ssh-brute-force,high,WHITE,blocklist.de/ssh|blocklist.de/all|ziyadnz/hourly-ipv4,blocklist.de|ssh|bot|irc-bot|brute-force|ziyadnz|hourly,2026-08-17T18:48:05Z,2026-08-17T18:48:05Z,
59.144.92.154,ipv4,ssh-brute-force,high,WHITE,blocklist.de/ssh|blocklist.de/all|ziyadnz/hourly-ipv4,blocklist.de|ssh|bot|irc-bot|brute-force|ziyadnz|hourly,2026-08-17T18:48:05Z,2026-08-17T18:48:05Z,
59.15.58.148,ipv4,ssh-brute-force,high,WHITE,blocklist.de/ssh|blocklist.de/all|ziyadnz/hourly-ipv4,blocklist.de|ssh|bot|irc-bot|brute-force|ziyadnz|hourly,2026-08-17T18:48:05Z,2026-08-17T18:48:05Z,
59.179.31.237,ipv4,ssh-brute-force,high,WHITE,blocklist.de/ssh|blocklist.de/all|ziyadnz/hourly-ipv4,blocklist.de|ssh|bot|irc-bot|brute-force|ziyadnz|hourly,2026-08-17T18:48:05Z,2026-08-17T18:48:05Z,
59.182.21.218,ipv4,ssh-brute-force,high,WHITE,blocklist.de/ssh|blocklist.de/all|ziyadnz/hourly-ipv4,blocklist.de|ssh|bot|irc-bot|brute-force|ziyadnz|hourly,2026-08-17T18:48:05Z,2026-08-17T18:48:05Z,
59.187.155.243,ipv4,ssh-brute-force,high,WHITE,blocklist.de/ssh|blocklist.de/all|ziyadnz/hourly-ipv4,blocklist.de|ssh|bot|irc-bot|brute-force|ziyadnz|hourly,2026-08-17T18:48:05Z,2026-08-17T18:48:05Z,
59.22.201.143,ipv4,ssh-brute-force,high,WHITE,blocklist.de/ssh|blocklist.de/all|ziyadnz/hourly-ipv4,blocklist.de|ssh|bot|irc-bot|brute-force|ziyadnz|hourly,2026-08-17T18:48:05Z,2026-08-17T18:48:05Z,
59.34.34.41,ipv4,ssh-brute-force,high,WHITE,blocklist.de/ssh|blocklist.de/all|ziyadnz/hourly-ipv4,blocklist.de|ssh|bot|irc-bot|brute-force|ziyadnz|hourly,2026-08-17T18:48:05Z,2026-08-17T18:48:05Z,
59.36.211.132,ipv4,ssh-brute-force,high,WHITE,blocklist.de/ssh|blocklist.de/all|ziyadnz/hourly-ipv4,blocklist.de|ssh|bot|irc-bot|brute-force|ziyadnz|hourly,2026-08-17T18:48:05Z,2026-08-17T18:48:05Z,
59.36.233.74,ipv4,ssh-brute-force,high,WHITE,blocklist.de/ssh|blocklist.de/all|ziyadnz/hourly-ipv4,blocklist.de|ssh|bot|irc-bot|brute-force|ziyadnz|hourly,2026-08-17T18:48:05Z,2026-08-17T18:48:05Z,
59.36.75.227,ipv4,ssh-brute-force,high,WHITE,blocklist.de/ssh|blocklist.de/all|ziyadnz/hourly-ipv4,blocklist.de|ssh|bot|irc-bot|brute-force|ziyadnz|hourly,2026-08-17T18:48:05Z,2026-08-17T18:48:05Z,
59.36.78.66,ipv4,ssh-brute-force,high,WHITE,blocklist.de/ssh|blocklist.de/all|ziyadnz/hourly-ipv4,blocklist.de|ssh|bot|irc-bot|brute-force|ziyadnz|hourly,2026-08-17T18:48:05Z,2026-08-17T18:48:05Z,
59.38.131.149,ipv4,ssh-brute-force,high,WHITE,blocklist.de/ssh|blocklist.de/all|ziyadnz/hourly-ipv4,blocklist.de|ssh|bot|irc-bot|brute-force|ziyadnz|hourly,2026-08-17T18:48:05Z,2026-08-17T18:48:05Z,
59.47.10.150,ipv4,ssh-brute-force,high,WHITE,blocklist.de/ssh|blocklist.de/all|ziyadnz/hourly-ipv4,blocklist.de|ssh|bot|irc-bot|brute-force|ziyadnz|hourly,2026-08-17T18:48:05Z,2026-08-17T18:48:05Z,
59.63.163.2,ipv4,ssh-brute-force,high,WHITE,blocklist.de/ssh|blocklist.de/all|ziyadnz/hourly-ipv4,blocklist.de|ssh|bot|irc-bot|brute-force|ziyadnz|hourly,2026-08-17T18:48:05Z,2026-08-17T18:48:05Z,
59.63.188.218,ipv4,ssh-brute-force,high,WHITE,blocklist.de/ssh|blocklist.de/all|ziyadnz/hourly-ipv4,blocklist.de|ssh|bot|irc-bot|brute-force|ziyadnz|hourly,2026-08-17T18:48:05Z,2026-08-17T18:48:05Z,
60.163.139.198,ipv4,ssh-brute-force,high,WHITE,blocklist.de/ssh|blocklist.de/all|ziyadnz/hourly-ipv4,blocklist.de|ssh|bot|irc-bot|brute-force|ziyadnz|hourly,2026-08-17T18:48:05Z,2026-08-17T18:48:05Z,
60.165.119.59,ipv4,ssh-brute-force,high,WHITE,blocklist.de/ssh|blocklist.de/all|ziyadnz/hourly-ipv4,blocklist.de|ssh|bot|irc-bot|brute-force|ziyadnz|hourly,2026-08-17T18:48:05Z,2026-08-17T18:48:05Z,
60.167.165.58,ipv4,ssh-brute-force,high,WHITE,blocklist.de/ssh|blocklist.de/all|ziyadnz/hourly-ipv4,blocklist.de|ssh|bot|irc-bot|brute-force|ziyadnz|hourly,2026-08-17T18:48:05Z,2026-08-17T18:48:05Z,
60.167.166.161,ipv4,ssh-brute-force,high,WHITE,blocklist.de/ssh|blocklist.de/all|ziyadnz/hourly-ipv4,blocklist.de|ssh|bot|irc-bot|brute-force|ziyadnz|hourly,2026-08-17T18:48:05Z,2026-08-17T18:48:05Z,
60.188.249.64,ipv4,ssh-brute-force,high,WHITE,blocklist.de/ssh|blocklist.de/all|ziyadnz/hourly-ipv4,blocklist.de|ssh|bot|irc-bot|brute-force|ziyadnz|hourly,2026-08-17T18:48:05Z,2026-08-17T18:48:05Z,
60.205.146.239,ipv4,ssh-brute-force,high,WHITE,blocklist.de/ssh|blocklist.de/all|ziyadnz/hourly-ipv4,blocklist.de|ssh|bot|irc-bot|brute-force|ziyadnz|hourly,2026-08-17T18:48:05Z,2026-08-17T18:48:05Z,
60.205.226.171,ipv4,ssh-brute-force,high,WHITE,blocklist.de/ssh|blocklist.de/all|ziyadnz/hourly-ipv4,blocklist.de|ssh|bot|irc-bot|brute-force|ziyadnz|hourly,2026-08-17T18:48:05Z,2026-08-17T18:48:05Z,
60.227.152.238,ipv4,ssh-brute-force,high,WHITE,blocklist.de/ssh|blocklist.de/all|ziyadnz/hourly-ipv4,blocklist.de|ssh|bot|irc-bot|brute-force|ziyadnz|hourly,2026-08-17T18:48:05Z,2026-08-17T18:48:05Z,
60.227.234.109,ipv4,ssh-brute-force,high,WHITE,blocklist.de/ssh|blocklist.de/all|ziyadnz/hourly-ipv4,blocklist.de|ssh|bot|irc-bot|brute-force|ziyadnz|hourly,2026-08-17T18:48:05Z,2026-08-17T18:48:05Z,
60.250.246.239,ipv4,ssh-brute-force,high,WHITE,blocklist.de/ssh|blocklist.de/all|ziyadnz/hourly-ipv4,blocklist.de|ssh|bot|irc-bot|brute-force|ziyadnz|hourly,2026-08-17T18:48:05Z,2026-08-17T18:48:05Z,
60.28.38.66,ipv4,ssh-brute-force,high,WHITE,blocklist.de/ssh|blocklist.de/all|ziyadnz/hourly-ipv4,blocklist.de|ssh|bot|irc-bot|brute-force|ziyadnz|hourly,2026-08-17T18:48:05Z,2026-08-17T18:48:05Z,
61.105.6.100,ipv4,ssh-brute-force,high,WHITE,blocklist.de/ssh|blocklist.de/all|ziyadnz/hourly-ipv4,blocklist.de|ssh|bot|irc-bot|brute-force|ziyadnz|hourly,2026-08-17T18:48:05Z,2026-08-17T18:48:05Z,
61.132.52.18,ipv4,ssh-brute-force,high,WHITE,blocklist.de/ssh|blocklist.de/all|ziyadnz/hourly-ipv4,blocklist.de|ssh|bot|irc-bot|brute-force|ziyadnz|hourly,2026-08-17T18:48:05Z,2026-08-17T18:48:05Z,
61.132.52.34,ipv4,ssh-brute-force,high,WHITE,blocklist.de/ssh|blocklist.de/all|ziyadnz/hourly-ipv4,blocklist.de|ssh|bot|irc-bot|brute-force|ziyadnz|hourly,2026-08-17T18:48:05Z,2026-08-17T18:48:05Z,
61.134.128.36,ipv4,ssh-brute-force,high,WHITE,blocklist.de/ssh|blocklist.de/all|ziyadnz/hourly-ipv4,blocklist.de|ssh|bot|irc-bot|brute-force|ziyadnz|hourly,2026-08-17T18:48:05Z,2026-08-17T18:48:05Z,
61.136.246.87,ipv4,ssh-brute-force,high,WHITE,blocklist.de/ssh|blocklist.de/all|ziyadnz/hourly-ipv4,blocklist.de|ssh|bot|irc-bot|brute-force|ziyadnz|hourly,2026-08-17T18:48:05Z,2026-08-17T18:48:05Z,
61.153.184.151,ipv4,ssh-brute-force,high,WHITE,blocklist.de/ssh|blocklist.de/all|ziyadnz/hourly-ipv4,blocklist.de|ssh|bot|irc-bot|brute-force|ziyadnz|hourly,2026-08-17T18:48:05Z,2026-08-17T18:48:05Z,
61.19.114.132,ipv4,ssh-brute-force,high,WHITE,blocklist.de/ssh|blocklist.de/all|ziyadnz/hourly-ipv4,blocklist.de|ssh|bot|irc-bot|brute-force|ziyadnz|hourly,2026-08-17T18:48:05Z,2026-08-17T18:48:05Z,
61.240.156.16,ipv4,ssh-brute-force,high,WHITE,blocklist.de/ssh|blocklist.de/all|ziyadnz/hourly-ipv4,blocklist.de|ssh|bot|irc-bot|brute-force|ziyadnz|hourly,2026-08-17T18:48:05Z,2026-08-17T18:48:05Z,
61.254.10.138,ipv4,ssh-brute-force,high,WHITE,blocklist.de/ssh|blocklist.de/all|ziyadnz/hourly-ipv4,blocklist.de|ssh|bot|irc-bot|brute-force|ziyadnz|hourly,2026-08-17T18:48:05Z,2026-08-17T18:48:05Z,
61.28.144.154,ipv4,ssh-brute-force,high,WHITE,blocklist.de/ssh|blocklist.de/all|ziyadnz/hourly-ipv4,blocklist.de|ssh|bot|irc-bot|brute-force|ziyadnz|hourly,2026-08-17T18:48:05Z,2026-08-17T18:48:05Z,
61.73.27.69,ipv4,ssh-brute-force,high,WHITE,blocklist.de/ssh|blocklist.de/all|ziyadnz/hourly-ipv4,blocklist.de|ssh|bot|irc-bot|brute-force|ziyadnz|hourly,2026-08-17T18:48:05Z,2026-08-17T18:48:05Z,
61.76.136.25,ipv4,ssh-brute-force,high,WHITE,blocklist.de/ssh|blocklist.de/all|ziyadnz/hourly-ipv4,blocklist.de|ssh|bot|irc-bot|brute-force|ziyadnz|hourly,2026-08-17T18:48:05Z,2026-08-17T18:48:05Z,
61.76.38.54,ipv4,ssh-brute-force,high,WHITE,blocklist.de/ssh|blocklist.de/all|ziyadnz/hourly-ipv4,blocklist.de|ssh|bot|irc-bot|brute-force|ziyadnz|hourly,2026-08-17T18:48:05Z,2026-08-17T18:48:05Z,
61.85.36.35,ipv4,ssh-brute-force,high,WHITE,blocklist.de/ssh|blocklist.de/all|ziyadnz/hourly-ipv4,blocklist.de|ssh|bot|irc-bot|brute-force|ziyadnz|hourly,2026-08-17T18:48:05Z,2026-08-17T18:48:05Z,
61.92.58.210,ipv4,ssh-brute-force,high,WHITE,blocklist.de/ssh|blocklist.de/all|ziyadnz/hourly-ipv4,blocklist.de|ssh|bot|irc-bot|brute-force|ziyadnz|hourly,2026-08-17T18:48:05Z,2026-08-17T18:48:05Z,
62.118.158.154,ipv4,ssh-brute-force,high,WHITE,blocklist.de/ssh|blocklist.de/all|ziyadnz/hourly-ipv4,blocklist.de|ssh|bot|irc-bot|brute-force|ziyadnz|hourly,2026-08-17T18:48:05Z,2026-08-17T18:48:05Z,
62.118.158.89,ipv4,ssh-brute-force,high,WHITE,blocklist.de/ssh|blocklist.de/all|ziyadnz/hourly-ipv4,blocklist.de|ssh|bot|irc-bot|brute-force|ziyadnz|hourly,2026-08-17T18:48:05Z,2026-08-17T18:48:05Z,
62.132.18.142,ipv4,ssh-brute-force,high,WHITE,blocklist.de/ssh|blocklist.de/all|ziyadnz/hourly-ipv4,blocklist.de|ssh|bot|irc-bot|brute-force|ziyadnz|hourly,2026-08-17T18:48:05Z,2026-08-17T18:48:05Z,
62.133.60.87,ipv4,ssh-brute-force,high,WHITE,blocklist.de/ssh|blocklist.de/all|ziyadnz/hourly-ipv4,blocklist.de|ssh|bot|irc-bot|brute-force|ziyadnz|hourly,2026-08-17T18:48:05Z,2026-08-17T18:48:05Z,
62.169.30.181,ipv4,ssh-brute-force,high,WHITE,blocklist.de/ssh|blocklist.de/all|ziyadnz/hourly-ipv4,blocklist.de|ssh|bot|irc-bot|brute-force|ziyadnz|hourly,2026-08-17T18:48:05Z,2026-08-17T18:48:05Z,
62.171.171.103,ipv4,ssh-brute-force,high,WHITE,blocklist.de/ssh|blocklist.de/all|ziyadnz/hourly-ipv4,blocklist.de|ssh|bot|irc-bot|brute-force|ziyadnz|hourly,2026-08-17T18:48:05Z,2026-08-17T18:48:05Z,
62.173.38.229,ipv4,ssh-brute-force,high,WHITE,blocklist.de/ssh|blocklist.de/all|ziyadnz/hourly-ipv4,blocklist.de|ssh|bot|irc-bot|brute-force|ziyadnz|hourly,2026-08-17T18:48:05Z,2026-08-17T18:48:05Z,
62.205.156.48,ipv4,ssh-brute-force,high,WHITE,blocklist.de/ssh|blocklist.de/all|ziyadnz/hourly-ipv4,blocklist.de|ssh|bot|irc-bot|brute-force|ziyadnz|hourly,2026-08-17T18:48:05Z,2026-08-17T18:48:05Z,
62.210.5.125,ipv4,ssh-brute-force,high,WHITE,blocklist.de/ssh|blocklist.de/all|ziyadnz/hourly-ipv4,blocklist.de|ssh|bot|irc-bot|brute-force|ziyadnz|hourly,2026-08-17T18:48:05Z,2026-08-17T18:48:05Z,
62.228.22.159,ipv4,ssh-brute-force,high,WHITE,blocklist.de/ssh|blocklist.de/all|ziyadnz/hourly-ipv4,blocklist.de|ssh|bot|irc-bot|brute-force|ziyadnz|hourly,2026-08-17T18:48:05Z,2026-08-17T18:48:05Z,
62.238.5.68,ipv4,ssh-brute-force,high,WHITE,blocklist.de/ssh|blocklist.de/all|ziyadnz/hourly-ipv4,blocklist.de|ssh|bot|irc-bot|brute-force|ziyadnz|hourly,2026-08-17T18:48:05Z,2026-08-17T18:48:05Z,
62.60.130.148,ipv4,ssh-brute-force,high,WHITE,blocklist.de/ssh|blocklist.de/all|ziyadnz/hourly-ipv4,blocklist.de|ssh|bot|irc-bot|brute-force|ziyadnz|hourly,2026-08-17T18:48:05Z,2026-08-17T18:48:05Z,
62.60.130.253,ipv4,ssh-brute-force,high,WHITE,blocklist.de/ssh|blocklist.de/all|ziyadnz/hourly-ipv4,blocklist.de|ssh|bot|irc-bot|brute-force|ziyadnz|hourly,2026-08-17T18:48:05Z,2026-08-17T18:48:05Z,
62.60.144.68,ipv4,ssh-brute-force,high,WHITE,blocklist.de/ssh|blocklist.de/all|ziyadnz/hourly-ipv4,blocklist.de|ssh|bot|irc-bot|brute-force|ziyadnz|hourly,2026-08-17T18:48:05Z,2026-08-17T18:48:05Z,
62.60.165.241,ipv4,ssh-brute-force,high,WHITE,blocklist.de/ssh|blocklist.de/all|ziyadnz/hourly-ipv4,blocklist.de|ssh|bot|irc-bot|brute-force|ziyadnz|hourly,2026-08-17T18:48:05Z,2026-08-17T18:48:05Z,
62.60.213.206,ipv4,ssh-brute-force,high,WHITE,blocklist.de/ssh|blocklist.de/all|ziyadnz/hourly-ipv4,blocklist.de|ssh|bot|irc-bot|brute-force|ziyadnz|hourly,2026-08-17T18:48:05Z,2026-08-17T18:48:05Z,
62.89.18.141,ipv4,ssh-brute-force,high,WHITE,blocklist.de/ssh|blocklist.de/all|ziyadnz/hourly-ipv4,blocklist.de|ssh|bot|irc-bot|brute-force|ziyadnz|hourly,2026-08-17T18:48:05Z,2026-08-17T18:48:05Z,
62.97.214.11,ipv4,ssh-brute-force,high,WHITE,blocklist.de/ssh|blocklist.de/all|ziyadnz/hourly-ipv4,blocklist.de|ssh|bot|irc-bot|brute-force|ziyadnz|hourly,2026-08-17T18:48:05Z,2026-08-17T18:48:05Z,
64.110.90.250,ipv4,ssh-brute-force,high,WHITE,blocklist.de/ssh|blocklist.de/all|ziyadnz/hourly-ipv4,blocklist.de|ssh|bot|irc-bot|brute-force|ziyadnz|hourly,2026-08-17T18:48:05Z,2026-08-17T18:48:05Z,
64.188.67.3,ipv4,ssh-brute-force,high,WHITE,blocklist.de/ssh|blocklist.de/all|ziyadnz/hourly-ipv4,blocklist.de|ssh|bot|irc-bot|brute-force|ziyadnz|hourly,2026-08-17T18:48:05Z,2026-08-17T18:48:05Z,
64.225.102.44,ipv4,ssh-brute-force,high,WHITE,blocklist.de/ssh|blocklist.de/all|ziyadnz/hourly-ipv4,blocklist.de|ssh|bot|irc-bot|brute-force|ziyadnz|hourly,2026-08-17T18:48:05Z,2026-08-17T18:48:05Z,
64.225.17.153,ipv4,ssh-brute-force,high,WHITE,blocklist.de/ssh|blocklist.de/all|ziyadnz/hourly-ipv4,blocklist.de|ssh|bot|irc-bot|brute-force|ziyadnz|hourly,2026-08-17T18:48:05Z,2026-08-17T18:48:05Z,
64.225.30.2,ipv4,ssh-brute-force,high,WHITE,blocklist.de/ssh|blocklist.de/all|ziyadnz/hourly-ipv4,blocklist.de|ssh|bot|irc-bot|brute-force|ziyadnz|hourly,2026-08-17T18:48:05Z,2026-08-17T18:48:05Z,
64.225.72.42,ipv4,ssh-brute-force,high,WHITE,blocklist.de/ssh|blocklist.de/all|ziyadnz/hourly-ipv4,blocklist.de|ssh|bot|irc-bot|brute-force|ziyadnz|hourly,2026-08-17T18:48:05Z,2026-08-17T18:48:05Z,
64.226.110.44,ipv4,ssh-brute-force,high,WHITE,blocklist.de/ssh|blocklist.de/all|ziyadnz/hourly-ipv4,blocklist.de|ssh|bot|irc-bot|brute-force|ziyadnz|hourly,2026-08-17T18:48:05Z,2026-08-17T18:48:05Z,
64.226.70.41,ipv4,ssh-brute-force,high,WHITE,blocklist.de/ssh|blocklist.de/all|ziyadnz/hourly-ipv4,blocklist.de|ssh|bot|irc-bot|brute-force|ziyadnz|hourly,2026-08-17T18:48:05Z,2026-08-17T18:48:05Z,
64.227.108.146,ipv4,ssh-brute-force,high,WHITE,blocklist.de/ssh|blocklist.de/all|ziyadnz/hourly-ipv4,blocklist.de|ssh|bot|irc-bot|brute-force|ziyadnz|hourly,2026-08-17T18:48:05Z,2026-08-17T18:48:05Z,
64.227.109.89,ipv4,ssh-brute-force,high,WHITE,blocklist.de/ssh|blocklist.de/all|ziyadnz/hourly-ipv4,blocklist.de|ssh|bot|irc-bot|brute-force|ziyadnz|hourly,2026-08-17T18:48:05Z,2026-08-17T18:48:05Z,
64.227.110.161,ipv4,ssh-brute-force,high,WHITE,blocklist.de/ssh|blocklist.de/all|ziyadnz/hourly-ipv4,blocklist.de|ssh|bot|irc-bot|brute-force|ziyadnz|hourly,2026-08-17T18:48:05Z,2026-08-17T18:48:05Z,
64.227.99.138,ipv4,ssh-brute-force,high,WHITE,blocklist.de/ssh|blocklist.de/all|ziyadnz/hourly-ipv4,blocklist.de|ssh|bot|irc-bot|brute-force|ziyadnz|hourly,2026-08-17T18:48:05Z,2026-08-17T18:48:05Z,
64.23.128.224,ipv4,ssh-brute-force,high,WHITE,blocklist.de/ssh|blocklist.de/all|ziyadnz/hourly-ipv4,blocklist.de|ssh|bot|irc-bot|brute-force|ziyadnz|hourly,2026-08-17T18:48:05Z,2026-08-17T18:48:05Z,
64.23.137.83,ipv4,ssh-brute-force,high,WHITE,blocklist.de/ssh|blocklist.de/all|ziyadnz/hourly-ipv4,blocklist.de|ssh|bot|irc-bot|brute-force|ziyadnz|hourly,2026-08-17T18:48:05Z,2026-08-17T18:48:05Z,
64.23.250.24,ipv4,ssh-brute-force,high,WHITE,blocklist.de/ssh|blocklist.de/all|ziyadnz/hourly-ipv4,blocklist.de|ssh|bot|irc-bot|brute-force|ziyadnz|hourly,2026-08-17T18:48:05Z,2026-08-17T18:48:05Z,
64.235.33.137,ipv4,ssh-brute-force,high,WHITE,blocklist.de/ssh|blocklist.de/all|ziyadnz/hourly-ipv4,blocklist.de|ssh|bot|irc-bot|brute-force|ziyadnz|hourly,2026-08-17T18:48:05Z,2026-08-17T18:48:05Z,
64.62.197.148,ipv4,ssh-brute-force,high,WHITE,blocklist.de/ssh|blocklist.de/all|ziyadnz/hourly-ipv4,blocklist.de|ssh|bot|irc-bot|brute-force|ziyadnz|hourly,2026-08-17T18:48:05Z,2026-08-17T18:48:05Z,
64.62.197.16,ipv4,ssh-brute-force,high,WHITE,blocklist.de/ssh|blocklist.de/all|ziyadnz/hourly-ipv4,blocklist.de|ssh|bot|irc-bot|brute-force|ziyadnz|hourly,2026-08-17T18:48:05Z,2026-08-17T18:48:05Z,
64.62.197.169,ipv4,ssh-brute-force,high,WHITE,blocklist.de/ssh|blocklist.de/all|ziyadnz/hourly-ipv4,blocklist.de|ssh|bot|irc-bot|brute-force|ziyadnz|hourly,2026-08-17T18:48:05Z,2026-08-17T18:48:05Z,
64.62.197.2,ipv4,ssh-brute-force,high,WHITE,blocklist.de/ssh|blocklist.de/all|ziyadnz/hourly-ipv4,blocklist.de|ssh|bot|irc-bot|brute-force|ziyadnz|hourly,2026-08-17T18:48:05Z,2026-08-17T18:48:05Z,
64.62.197.218,ipv4,ssh-brute-force,high,WHITE,blocklist.de/ssh|blocklist.de/all|ziyadnz/hourly-ipv4,blocklist.de|ssh|bot|irc-bot|brute-force|ziyadnz|hourly,2026-08-17T18:48:05Z,2026-08-17T18:48:05Z,
64.62.197.234,ipv4,ssh-brute-force,high,WHITE,blocklist.de/ssh|blocklist.de/all|ziyadnz/hourly-ipv4,blocklist.de|ssh|bot|irc-bot|brute-force|ziyadnz|hourly,2026-08-17T18:48:05Z,2026-08-17T18:48:05Z,
64.62.197.237,ipv4,ssh-brute-force,high,WHITE,blocklist.de/ssh|blocklist.de/all|ziyadnz/hourly-ipv4,blocklist.de|ssh|bot|irc-bot|brute-force|ziyadnz|hourly,2026-08-17T18:48:05Z,2026-08-17T18:48:05Z,
64.62.197.41,ipv4,ssh-brute-force,high,WHITE,blocklist.de/ssh|blocklist.de/all|ziyadnz/hourly-ipv4,blocklist.de|ssh|bot|irc-bot|brute-force|ziyadnz|hourly,2026-08-17T18:48:05Z,2026-08-17T18:48:05Z,
64.62.197.51,ipv4,ssh-brute-force,high,WHITE,blocklist.de/ssh|blocklist.de/all|ziyadnz/hourly-ipv4,blocklist.de|ssh|bot|irc-bot|brute-force|ziyadnz|hourly,2026-08-17T18:48:05Z,2026-08-17T18:48:05Z,
64.89.160.135,ipv4,ssh-brute-force,high,WHITE,blocklist.de/ssh|blocklist.de/all|ziyadnz/hourly-ipv4,blocklist.de|ssh|bot|irc-bot|brute-force|ziyadnz|hourly,2026-08-17T18:48:05Z,2026-08-17T18:48:05Z,
65.109.236.106,ipv4,ssh-brute-force,high,WHITE,blocklist.de/ssh|blocklist.de/all|ziyadnz/hourly-ipv4,blocklist.de|ssh|bot|irc-bot|brute-force|ziyadnz|hourly,2026-08-17T18:48:05Z,2026-08-17T18:48:05Z,
65.181.127.40,ipv4,ssh-brute-force,high,WHITE,blocklist.de/ssh|blocklist.de/all|ziyadnz/hourly-ipv4,blocklist.de|ssh|bot|irc-bot|brute-force|ziyadnz|hourly,2026-08-17T18:48:05Z,2026-08-17T18:48:05Z,
65.181.71.117,ipv4,ssh-brute-force,high,WHITE,blocklist.de/ssh|blocklist.de/all|ziyadnz/hourly-ipv4,blocklist.de|ssh|bot|irc-bot|brute-force|ziyadnz|hourly,2026-08-17T18:48:05Z,2026-08-17T18:48:05Z,
65.187.7.137,ipv4,ssh-brute-force,high,WHITE,blocklist.de/ssh|blocklist.de/all|ziyadnz/hourly-ipv4,blocklist.de|ssh|bot|irc-bot|brute-force|ziyadnz|hourly,2026-08-17T18:48:05Z,2026-08-17T18:48:05Z,
65.189.82.65,ipv4,ssh-brute-force,high,WHITE,blocklist.de/ssh|blocklist.de/all|ziyadnz/hourly-ipv4,blocklist.de|ssh|bot|irc-bot|brute-force|ziyadnz|hourly,2026-08-17T18:48:05Z,2026-08-17T18:48:05Z,
65.254.93.170,ipv4,ssh-brute-force,high,WHITE,blocklist.de/ssh|blocklist.de/all|ziyadnz/hourly-ipv4,blocklist.de|ssh|bot|irc-bot|brute-force|ziyadnz|hourly,2026-08-17T18:48:05Z,2026-08-17T18:48:05Z,
65.254.95.159,ipv4,ssh-brute-force,high,WHITE,blocklist.de/ssh|blocklist.de/all|ziyadnz/hourly-ipv4,blocklist.de|ssh|bot|irc-bot|brute-force|ziyadnz|hourly,2026-08-17T18:48:05Z,2026-08-17T18:48:05Z,
65.49.139.223,ipv4,ssh-brute-force,high,WHITE,blocklist.de/ssh|blocklist.de/all|ziyadnz/hourly-ipv4,blocklist.de|ssh|bot|irc-bot|brute-force|ziyadnz|hourly,2026-08-17T18:48:05Z,2026-08-17T18:48:05Z,
66.113.234.121,ipv4,ssh-brute-force,high,WHITE,blocklist.de/ssh|blocklist.de/all|ziyadnz/hourly-ipv4,blocklist.de|ssh|bot|irc-bot|brute-force|ziyadnz|hourly,2026-08-17T18:48:05Z,2026-08-17T18:48:05Z,
66.116.207.165,ipv4,ssh-brute-force,high,WHITE,blocklist.de/ssh|blocklist.de/all|ziyadnz/hourly-ipv4,blocklist.de|ssh|bot|irc-bot|brute-force|ziyadnz|hourly,2026-08-17T18:48:05Z,2026-08-17T18:48:05Z,
66.116.224.33,ipv4,ssh-brute-force,high,WHITE,blocklist.de/ssh|blocklist.de/all|ziyadnz/hourly-ipv4,blocklist.de|ssh|bot|irc-bot|brute-force|ziyadnz|hourly,2026-08-17T18:48:05Z,2026-08-17T18:48:05Z,
66.116.225.71,ipv4,ssh-brute-force,high,WHITE,blocklist.de/ssh|blocklist.de/all|ziyadnz/hourly-ipv4,blocklist.de|ssh|bot|irc-bot|brute-force|ziyadnz|hourly,2026-08-17T18:48:05Z,2026-08-17T18:48:05Z,
66.116.241.89,ipv4,ssh-brute-force,high,WHITE,blocklist.de/ssh|blocklist.de/all|ziyadnz/hourly-ipv4,blocklist.de|ssh|bot|irc-bot|brute-force|ziyadnz|hourly,2026-08-17T18:48:05Z,2026-08-17T18:48:05Z,
66.116.242.235,ipv4,ssh-brute-force,high,WHITE,blocklist.de/ssh|blocklist.de/all|ziyadnz/hourly-ipv4,blocklist.de|ssh|bot|irc-bot|brute-force|ziyadnz|hourly,2026-08-17T18:48:05Z,2026-08-17T18:48:05Z,
66.116.243.149,ipv4,ssh-brute-force,high,WHITE,blocklist.de/ssh|blocklist.de/all|ziyadnz/hourly-ipv4,blocklist.de|ssh|bot|irc-bot|brute-force|ziyadnz|hourly,2026-08-17T18:48:05Z,2026-08-17T18:48:05Z,
66.116.246.229,ipv4,ssh-brute-force,high,WHITE,blocklist.de/ssh|blocklist.de/all|ziyadnz/hourly-ipv4,blocklist.de|ssh|bot|irc-bot|brute-force|ziyadnz|hourly,2026-08-17T18:48:05Z,2026-08-17T18:48:05Z,
66.117.5.228,ipv4,ssh-brute-force,high,WHITE,blocklist.de/ssh|blocklist.de/all|ziyadnz/hourly-ipv4,blocklist.de|ssh|bot|irc-bot|brute-force|ziyadnz|hourly,2026-08-17T18:48:05Z,2026-08-17T18:48:05Z,
66.132.172.103,ipv4,ssh-brute-force,high,WHITE,blocklist.de/ssh|blocklist.de/all|ziyadnz/hourly-ipv4,blocklist.de|ssh|bot|irc-bot|brute-force|ziyadnz|hourly,2026-08-17T18:48:05Z,2026-08-17T18:48:05Z,
66.132.172.106,ipv4,ssh-brute-force,high,WHITE,blocklist.de/ssh|blocklist.de/all|ziyadnz/hourly-ipv4,blocklist.de|ssh|bot|irc-bot|brute-force|ziyadnz|hourly,2026-08-17T18:48:05Z,2026-08-17T18:48:05Z,
66.132.172.109,ipv4,ssh-brute-force,high,WHITE,blocklist.de/ssh|blocklist.de/all|ziyadnz/hourly-ipv4,blocklist.de|ssh|bot|irc-bot|brute-force|ziyadnz|hourly,2026-08-17T18:48:05Z,2026-08-17T18:48:05Z,
66.132.172.110,ipv4,ssh-brute-force,high,WHITE,blocklist.de/ssh|blocklist.de/all|ziyadnz/hourly-ipv4,blocklist.de|ssh|bot|irc-bot|brute-force|ziyadnz|hourly,2026-08-17T18:48:05Z,2026-08-17T18:48:05Z,
66.132.172.129,ipv4,ssh-brute-force,high,WHITE,blocklist.de/ssh|blocklist.de/all|ziyadnz/hourly-ipv4,blocklist.de|ssh|bot|irc-bot|brute-force|ziyadnz|hourly,2026-08-17T18:48:05Z,2026-08-17T18:48:05Z,
66.132.172.130,ipv4,ssh-brute-force,high,WHITE,blocklist.de/ssh|blocklist.de/all|ziyadnz/hourly-ipv4,blocklist.de|ssh|bot|irc-bot|brute-force|ziyadnz|hourly,2026-08-17T18:48:05Z,2026-08-17T18:48:05Z,
66.132.172.131,ipv4,ssh-brute-force,high,WHITE,blocklist.de/ssh|blocklist.de/all|ziyadnz/hourly-ipv4,blocklist.de|ssh|bot|irc-bot|brute-force|ziyadnz|hourly,2026-08-17T18:48:05Z,2026-08-17T18:48:05Z,
66.132.172.136,ipv4,ssh-brute-force,high,WHITE,blocklist.de/ssh|blocklist.de/all|ziyadnz/hourly-ipv4,blocklist.de|ssh|bot|irc-bot|brute-force|ziyadnz|hourly,2026-08-17T18:48:05Z,2026-08-17T18:48:05Z,
66.132.172.139,ipv4,ssh-brute-force,high,WHITE,blocklist.de/ssh|blocklist.de/all|ziyadnz/hourly-ipv4,blocklist.de|ssh|bot|irc-bot|brute-force|ziyadnz|hourly,2026-08-17T18:48:05Z,2026-08-17T18:48:05Z,
66.132.172.16,ipv4,ssh-brute-force,high,WHITE,blocklist.de/ssh|blocklist.de/all|ziyadnz/hourly-ipv4,blocklist.de|ssh|bot|irc-bot|brute-force|ziyadnz|hourly,2026-08-17T18:48:05Z,2026-08-17T18:48:05Z,
66.132.172.183,ipv4,ssh-brute-force,high,WHITE,blocklist.de/ssh|blocklist.de/all|ziyadnz/hourly-ipv4,blocklist.de|ssh|bot|irc-bot|brute-force|ziyadnz|hourly,2026-08-17T18:48:05Z,2026-08-17T18:48:05Z,
66.132.172.185,ipv4,ssh-brute-force,high,WHITE,blocklist.de/ssh|blocklist.de/all|ziyadnz/hourly-ipv4,blocklist.de|ssh|bot|irc-bot|brute-force|ziyadnz|hourly,2026-08-17T18:48:05Z,2026-08-17T18:48:05Z,
66.132.172.192,ipv4,ssh-brute-force,high,WHITE,blocklist.de/ssh|blocklist.de/all|ziyadnz/hourly-ipv4,blocklist.de|ssh|bot|irc-bot|brute-force|ziyadnz|hourly,2026-08-17T18:48:05Z,2026-08-17T18:48:05Z,
66.132.172.195,ipv4,ssh-brute-force,high,WHITE,blocklist.de/ssh|blocklist.de/all|ziyadnz/hourly-ipv4,blocklist.de|ssh|bot|irc-bot|brute-force|ziyadnz|hourly,2026-08-17T18:48:05Z,2026-08-17T18:48:05Z,
66.132.172.198,ipv4,ssh-brute-force,high,WHITE,blocklist.de/ssh|blocklist.de/all|ziyadnz/hourly-ipv4,blocklist.de|ssh|bot|irc-bot|brute-force|ziyadnz|hourly,2026-08-17T18:48:05Z,2026-08-17T18:48:05Z,
66.132.172.200,ipv4,ssh-brute-force,high,WHITE,blocklist.de/ssh|blocklist.de/all|ziyadnz/hourly-ipv4,blocklist.de|ssh|bot|irc-bot|brute-force|ziyadnz|hourly,2026-08-17T18:48:05Z,2026-08-17T18:48:05Z,
66.132.172.201,ipv4,ssh-brute-force,high,WHITE,blocklist.de/ssh|blocklist.de/all|ziyadnz/hourly-ipv4,blocklist.de|ssh|bot|irc-bot|brute-force|ziyadnz|hourly,2026-08-17T18:48:05Z,2026-08-17T18:48:05Z,
66.132.172.219,ipv4,ssh-brute-force,high,WHITE,blocklist.de/ssh|blocklist.de/all|ziyadnz/hourly-ipv4,blocklist.de|ssh|bot|irc-bot|brute-force|ziyadnz|hourly,2026-08-17T18:48:05Z,2026-08-17T18:48:05Z,
66.132.172.220,ipv4,ssh-brute-force,high,WHITE,blocklist.de/ssh|blocklist.de/all|ziyadnz/hourly-ipv4,blocklist.de|ssh|bot|irc-bot|brute-force|ziyadnz|hourly,2026-08-17T18:48:05Z,2026-08-17T18:48:05Z,
66.132.172.222,ipv4,ssh-brute-force,high,WHITE,blocklist.de/ssh|blocklist.de/all|ziyadnz/hourly-ipv4,blocklist.de|ssh|bot|irc-bot|brute-force|ziyadnz|hourly,2026-08-17T18:48:05Z,2026-08-17T18:48:05Z,
66.132.172.40,ipv4,ssh-brute-force,high,WHITE,blocklist.de/ssh|blocklist.de/all|ziyadnz/hourly-ipv4,blocklist.de|ssh|bot|irc-bot|brute-force|ziyadnz|hourly,2026-08-17T18:48:05Z,2026-08-17T18:48:05Z,
66.132.172.42,ipv4,ssh-brute-force,high,WHITE,blocklist.de/ssh|blocklist.de/all|ziyadnz/hourly-ipv4,blocklist.de|ssh|bot|irc-bot|brute-force|ziyadnz|hourly,2026-08-17T18:48:05Z,2026-08-17T18:48:05Z,
66.132.172.43,ipv4,ssh-brute-force,high,WHITE,blocklist.de/ssh|blocklist.de/all|ziyadnz/hourly-ipv4,blocklist.de|ssh|bot|irc-bot|brute-force|ziyadnz|hourly,2026-08-17T18:48:05Z,2026-08-17T18:48:05Z,
66.132.172.99,ipv4,ssh-brute-force,high,WHITE,blocklist.de/ssh|blocklist.de/all|ziyadnz/hourly-ipv4,blocklist.de|ssh|bot|irc-bot|brute-force|ziyadnz|hourly,2026-08-17T18:48:05Z,2026-08-17T18:48:05Z,
66.132.186.162,ipv4,ssh-brute-force,high,WHITE,blocklist.de/ssh|blocklist.de/all|ziyadnz/hourly-ipv4,blocklist.de|ssh|bot|irc-bot|brute-force|ziyadnz|hourly,2026-08-17T18:48:05Z,2026-08-17T18:48:05Z,
66.132.186.171,ipv4,ssh-brute-force,high,WHITE,blocklist.de/ssh|blocklist.de/all|ziyadnz/hourly-ipv4,blocklist.de|ssh|bot|irc-bot|brute-force|ziyadnz|hourly,2026-08-17T18:48:05Z,2026-08-17T18:48:05Z,
66.132.186.173,ipv4,ssh-brute-force,high,WHITE,blocklist.de/ssh|blocklist.de/all|ziyadnz/hourly-ipv4,blocklist.de|ssh|bot|irc-bot|brute-force|ziyadnz|hourly,2026-08-17T18:48:05Z,2026-08-17T18:48:05Z,
66.132.186.174,ipv4,ssh-brute-force,high,WHITE,blocklist.de/ssh|blocklist.de/all|ziyadnz/hourly-ipv4,blocklist.de|ssh|bot|irc-bot|brute-force|ziyadnz|hourly,2026-08-17T18:48:05Z,2026-08-17T18:48:05Z,
66.132.186.176,ipv4,ssh-brute-force,high,WHITE,blocklist.de/ssh|blocklist.de/all|ziyadnz/hourly-ipv4,blocklist.de|ssh|bot|irc-bot|brute-force|ziyadnz|hourly,2026-08-17T18:48:05Z,2026-08-17T18:48:05Z,
66.132.186.177,ipv4,ssh-brute-force,high,WHITE,blocklist.de/ssh|blocklist.de/all|ziyadnz/hourly-ipv4,blocklist.de|ssh|bot|irc-bot|brute-force|ziyadnz|hourly,2026-08-17T18:48:05Z,2026-08-17T18:48:05Z,
66.132.186.182,ipv4,ssh-brute-force,high,WHITE,blocklist.de/ssh|blocklist.de/all|ziyadnz/hourly-ipv4,blocklist.de|ssh|bot|irc-bot|brute-force|ziyadnz|hourly,2026-08-17T18:48:05Z,2026-08-17T18:48:05Z,
66.132.186.190,ipv4,ssh-brute-force,high,WHITE,blocklist.de/ssh|blocklist.de/all|ziyadnz/hourly-ipv4,blocklist.de|ssh|bot|irc-bot|brute-force|ziyadnz|hourly,2026-08-17T18:48:05Z,2026-08-17T18:48:05Z,
66.132.186.195,ipv4,ssh-brute-force,high,WHITE,blocklist.de/ssh|blocklist.de/all|ziyadnz/hourly-ipv4,blocklist.de|ssh|bot|irc-bot|brute-force|ziyadnz|hourly,2026-08-17T18:48:05Z,2026-08-17T18:48:05Z,
66.132.195.100,ipv4,ssh-brute-force,high,WHITE,blocklist.de/ssh|blocklist.de/all|ziyadnz/hourly-ipv4,blocklist.de|ssh|bot|irc-bot|brute-force|ziyadnz|hourly,2026-08-17T18:48:05Z,2026-08-17T18:48:05Z,
66.132.195.101,ipv4,ssh-brute-force,high,WHITE,blocklist.de/ssh|blocklist.de/all|ziyadnz/hourly-ipv4,blocklist.de|ssh|bot|irc-bot|brute-force|ziyadnz|hourly,2026-08-17T18:48:05Z,2026-08-17T18:48:05Z,
66.132.195.103,ipv4,ssh-brute-force,high,WHITE,blocklist.de/ssh|blocklist.de/all|ziyadnz/hourly-ipv4,blocklist.de|ssh|bot|irc-bot|brute-force|ziyadnz|hourly,2026-08-17T18:48:05Z,2026-08-17T18:48:05Z,
66.132.195.104,ipv4,ssh-brute-force,high,WHITE,blocklist.de/ssh|blocklist.de/all|ziyadnz/hourly-ipv4,blocklist.de|ssh|bot|irc-bot|brute-force|ziyadnz|hourly,2026-08-17T18:48:05Z,2026-08-17T18:48:05Z,
66.132.195.111,ipv4,ssh-brute-force,high,WHITE,blocklist.de/ssh|blocklist.de/all|ziyadnz/hourly-ipv4,blocklist.de|ssh|bot|irc-bot|brute-force|ziyadnz|hourly,2026-08-17T18:48:05Z,2026-08-17T18:48:05Z,
66.132.195.112,ipv4,ssh-brute-force,high,WHITE,blocklist.de/ssh|blocklist.de/all|ziyadnz/hourly-ipv4,blocklist.de|ssh|bot|irc-bot|brute-force|ziyadnz|hourly,2026-08-17T18:48:05Z,2026-08-17T18:48:05Z,
66.132.195.114,ipv4,ssh-brute-force,high,WHITE,blocklist.de/ssh|blocklist.de/all|ziyadnz/hourly-ipv4,blocklist.de|ssh|bot|irc-bot|brute-force|ziyadnz|hourly,2026-08-17T18:48:05Z,2026-08-17T18:48:05Z,
66.132.195.115,ipv4,ssh-brute-force,high,WHITE,blocklist.de/ssh|blocklist.de/all|ziyadnz/hourly-ipv4,blocklist.de|ssh|bot|irc-bot|brute-force|ziyadnz|hourly,2026-08-17T18:48:05Z,2026-08-17T18:48:05Z,
66.132.195.122,ipv4,ssh-brute-force,high,WHITE,blocklist.de/ssh|blocklist.de/all|ziyadnz/hourly-ipv4,blocklist.de|ssh|bot|irc-bot|brute-force|ziyadnz|hourly,2026-08-17T18:48:05Z,2026-08-17T18:48:05Z,
66.132.195.123,ipv4,ssh-brute-force,high,WHITE,blocklist.de/ssh|blocklist.de/all|ziyadnz/hourly-ipv4,blocklist.de|ssh|bot|irc-bot|brute-force|ziyadnz|hourly,2026-08-17T18:48:05Z,2026-08-17T18:48:05Z,
66.132.195.124,ipv4,ssh-brute-force,high,WHITE,blocklist.de/ssh|blocklist.de/all|ziyadnz/hourly-ipv4,blocklist.de|ssh|bot|irc-bot|brute-force|ziyadnz|hourly,2026-08-17T18:48:05Z,2026-08-17T18:48:05Z,
66.132.195.125,ipv4,ssh-brute-force,high,WHITE,blocklist.de/ssh|blocklist.de/all|ziyadnz/hourly-ipv4,blocklist.de|ssh|bot|irc-bot|brute-force|ziyadnz|hourly,2026-08-17T18:48:05Z,2026-08-17T18:48:05Z,
66.132.195.126,ipv4,ssh-brute-force,high,WHITE,blocklist.de/ssh|blocklist.de/all|ziyadnz/hourly-ipv4,blocklist.de|ssh|bot|irc-bot|brute-force|ziyadnz|hourly,2026-08-17T18:48:05Z,2026-08-17T18:48:05Z,
66.132.195.32,ipv4,ssh-brute-force,high,WHITE,blocklist.de/ssh|blocklist.de/all|ziyadnz/hourly-ipv4,blocklist.de|ssh|bot|irc-bot|brute-force|ziyadnz|hourly,2026-08-17T18:48:05Z,2026-08-17T18:48:05Z,
66.132.195.39,ipv4,ssh-brute-force,high,WHITE,blocklist.de/ssh|blocklist.de/all|ziyadnz/hourly-ipv4,blocklist.de|ssh|bot|irc-bot|brute-force|ziyadnz|hourly,2026-08-17T18:48:05Z,2026-08-17T18:48:05Z,
66.132.195.48,ipv4,ssh-brute-force,high,WHITE,blocklist.de/ssh|blocklist.de/all|ziyadnz/hourly-ipv4,blocklist.de|ssh|bot|irc-bot|brute-force|ziyadnz|hourly,2026-08-17T18:48:05Z,2026-08-17T18:48:05Z,
66.132.195.49,ipv4,ssh-brute-force,high,WHITE,blocklist.de/ssh|blocklist.de/all|ziyadnz/hourly-ipv4,blocklist.de|ssh|bot|irc-bot|brute-force|ziyadnz|hourly,2026-08-17T18:48:05Z,2026-08-17T18:48:05Z,
66.132.195.50,ipv4,ssh-brute-force,high,WHITE,blocklist.de/ssh|blocklist.de/all|ziyadnz/hourly-ipv4,blocklist.de|ssh|bot|irc-bot|brute-force|ziyadnz|hourly,2026-08-17T18:48:05Z,2026-08-17T18:48:05Z,
66.132.195.62,ipv4,ssh-brute-force,high,WHITE,blocklist.de/ssh|blocklist.de/all|ziyadnz/hourly-ipv4,blocklist.de|ssh|bot|irc-bot|brute-force|ziyadnz|hourly,2026-08-17T18:48:05Z,2026-08-17T18:48:05Z,
66.132.195.64,ipv4,ssh-brute-force,high,WHITE,blocklist.de/ssh|blocklist.de/all|ziyadnz/hourly-ipv4,blocklist.de|ssh|bot|irc-bot|brute-force|ziyadnz|hourly,2026-08-17T18:48:05Z,2026-08-17T18:48:05Z,
66.132.195.68,ipv4,ssh-brute-force,high,WHITE,blocklist.de/ssh|blocklist.de/all|ziyadnz/hourly-ipv4,blocklist.de|ssh|bot|irc-bot|brute-force|ziyadnz|hourly,2026-08-17T18:48:05Z,2026-08-17T18:48:05Z,
66.132.195.71,ipv4,ssh-brute-force,high,WHITE,blocklist.de/ssh|blocklist.de/all|ziyadnz/hourly-ipv4,blocklist.de|ssh|bot|irc-bot|brute-force|ziyadnz|hourly,2026-08-17T18:48:05Z,2026-08-17T18:48:05Z,
66.132.195.74,ipv4,ssh-brute-force,high,WHITE,blocklist.de/ssh|blocklist.de/all|ziyadnz/hourly-ipv4,blocklist.de|ssh|bot|irc-bot|brute-force|ziyadnz|hourly,2026-08-17T18:48:05Z,2026-08-17T18:48:05Z,
66.132.195.76,ipv4,ssh-brute-force,high,WHITE,blocklist.de/ssh|blocklist.de/all|ziyadnz/hourly-ipv4,blocklist.de|ssh|bot|irc-bot|brute-force|ziyadnz|hourly,2026-08-17T18:48:05Z,2026-08-17T18:48:05Z,
66.132.195.82,ipv4,ssh-brute-force,high,WHITE,blocklist.de/ssh|blocklist.de/all|ziyadnz/hourly-ipv4,blocklist.de|ssh|bot|irc-bot|brute-force|ziyadnz|hourly,2026-08-17T18:48:05Z,2026-08-17T18:48:05Z,
66.132.195.89,ipv4,ssh-brute-force,high,WHITE,blocklist.de/ssh|blocklist.de/all|ziyadnz/hourly-ipv4,blocklist.de|ssh|bot|irc-bot|brute-force|ziyadnz|hourly,2026-08-17T18:48:05Z,2026-08-17T18:48:05Z,
66.132.195.97,ipv4,ssh-brute-force,high,WHITE,blocklist.de/ssh|blocklist.de/all|ziyadnz/hourly-ipv4,blocklist.de|ssh|bot|irc-bot|brute-force|ziyadnz|hourly,2026-08-17T18:48:05Z,2026-08-17T18:48:05Z,
66.132.224.223,ipv4,ssh-brute-force,high,WHITE,blocklist.de/ssh|blocklist.de/all|ziyadnz/hourly-ipv4,blocklist.de|ssh|bot|irc-bot|brute-force|ziyadnz|hourly,2026-08-17T18:48:05Z,2026-08-17T18:48:05Z,
66.132.224.225,ipv4,ssh-brute-force,high,WHITE,blocklist.de/ssh|blocklist.de/all|ziyadnz/hourly-ipv4,blocklist.de|ssh|bot|irc-bot|brute-force|ziyadnz|hourly,2026-08-17T18:48:05Z,2026-08-17T18:48:05Z,
66.132.224.231,ipv4,ssh-brute-force,high,WHITE,blocklist.de/ssh|blocklist.de/all|ziyadnz/hourly-ipv4,blocklist.de|ssh|bot|irc-bot|brute-force|ziyadnz|hourly,2026-08-17T18:48:05Z,2026-08-17T18:48:05Z,
66.132.224.233,ipv4,ssh-brute-force,high,WHITE,blocklist.de/ssh|blocklist.de/all|ziyadnz/hourly-ipv4,blocklist.de|ssh|bot|irc-bot|brute-force|ziyadnz|hourly,2026-08-17T18:48:05Z,2026-08-17T18:48:05Z,
66.132.224.236,ipv4,ssh-brute-force,high,WHITE,blocklist.de/ssh|blocklist.de/all|ziyadnz/hourly-ipv4,blocklist.de|ssh|bot|irc-bot|brute-force|ziyadnz|hourly,2026-08-17T18:48:05Z,2026-08-17T18:48:05Z,
66.132.224.87,ipv4,ssh-brute-force,high,WHITE,blocklist.de/ssh|blocklist.de/all|ziyadnz/hourly-ipv4,blocklist.de|ssh|bot|irc-bot|brute-force|ziyadnz|hourly,2026-08-17T18:48:05Z,2026-08-17T18:48:05Z,
66.132.224.91,ipv4,ssh-brute-force,high,WHITE,blocklist.de/ssh|blocklist.de/all|ziyadnz/hourly-ipv4,blocklist.de|ssh|bot|irc-bot|brute-force|ziyadnz|hourly,2026-08-17T18:48:05Z,2026-08-17T18:48:05Z,
66.132.224.92,ipv4,ssh-brute-force,high,WHITE,blocklist.de/ssh|blocklist.de/all|ziyadnz/hourly-ipv4,blocklist.de|ssh|bot|irc-bot|brute-force|ziyadnz|hourly,2026-08-17T18:48:05Z,2026-08-17T18:48:05Z,
66.154.115.247,ipv4,ssh-brute-force,high,WHITE,blocklist.de/ssh|blocklist.de/all|ziyadnz/hourly-ipv4,blocklist.de|ssh|bot|irc-bot|brute-force|ziyadnz|hourly,2026-08-17T18:48:05Z,2026-08-17T18:48:05Z,
66.154.117.80,ipv4,ssh-brute-force,high,WHITE,blocklist.de/ssh|blocklist.de/all|ziyadnz/hourly-ipv4,blocklist.de|ssh|bot|irc-bot|brute-force|ziyadnz|hourly,2026-08-17T18:48:05Z,2026-08-17T18:48:05Z,
66.175.212.77,ipv4,ssh-brute-force,high,WHITE,blocklist.de/ssh|blocklist.de/all|ziyadnz/hourly-ipv4,blocklist.de|ssh|bot|irc-bot|brute-force|ziyadnz|hourly,2026-08-17T18:48:05Z,2026-08-17T18:48:05Z,
66.181.171.136,ipv4,ssh-brute-force,high,WHITE,blocklist.de/ssh|blocklist.de/all|ziyadnz/hourly-ipv4,blocklist.de|ssh|bot|irc-bot|brute-force|ziyadnz|hourly,2026-08-17T18:48:05Z,2026-08-17T18:48:05Z,
66.190.164.109,ipv4,ssh-brute-force,high,WHITE,blocklist.de/ssh|blocklist.de/all|ziyadnz/hourly-ipv4,blocklist.de|ssh|bot|irc-bot|brute-force|ziyadnz|hourly,2026-08-17T18:48:05Z,2026-08-17T18:48:05Z,
66.228.62.150,ipv4,ssh-brute-force,high,WHITE,blocklist.de/ssh|blocklist.de/all|ziyadnz/hourly-ipv4,blocklist.de|ssh|bot|irc-bot|brute-force|ziyadnz|hourly,2026-08-17T18:48:05Z,2026-08-17T18:48:05Z,
66.32.64.20,ipv4,ssh-brute-force,high,WHITE,blocklist.de/ssh|blocklist.de/all|ziyadnz/hourly-ipv4,blocklist.de|ssh|bot|irc-bot|brute-force|ziyadnz|hourly,2026-08-17T18:48:05Z,2026-08-17T18:48:05Z,
66.65.105.199,ipv4,ssh-brute-force,high,WHITE,blocklist.de/ssh|blocklist.de/all|ziyadnz/hourly-ipv4,blocklist.de|ssh|bot|irc-bot|brute-force|ziyadnz|hourly,2026-08-17T18:48:05Z,2026-08-17T18:48:05Z,
66.78.152.77,ipv4,ssh-brute-force,high,WHITE,blocklist.de/ssh|blocklist.de/all|ziyadnz/hourly-ipv4,blocklist.de|ssh|bot|irc-bot|brute-force|ziyadnz|hourly,2026-08-17T18:48:05Z,2026-08-17T18:48:05Z,
66.9.91.90,ipv4,ssh-brute-force,high,WHITE,blocklist.de/ssh|blocklist.de/all|ziyadnz/hourly-ipv4,blocklist.de|ssh|bot|irc-bot|brute-force|ziyadnz|hourly,2026-08-17T18:48:05Z,2026-08-17T18:48:05Z,
67.164.120.150,ipv4,ssh-brute-force,high,WHITE,blocklist.de/ssh|blocklist.de/all|ziyadnz/hourly-ipv4,blocklist.de|ssh|bot|irc-bot|brute-force|ziyadnz|hourly,2026-08-17T18:48:05Z,2026-08-17T18:48:05Z,
67.165.90.201,ipv4,ssh-brute-force,high,WHITE,blocklist.de/ssh|blocklist.de/all|ziyadnz/hourly-ipv4,blocklist.de|ssh|bot|irc-bot|brute-force|ziyadnz|hourly,2026-08-17T18:48:05Z,2026-08-17T18:48:05Z,
67.170.184.208,ipv4,ssh-brute-force,high,WHITE,blocklist.de/ssh|blocklist.de/all|ziyadnz/hourly-ipv4,blocklist.de|ssh|bot|irc-bot|brute-force|ziyadnz|hourly,2026-08-17T18:48:05Z,2026-08-17T18:48:05Z,
67.205.143.171,ipv4,ssh-brute-force,high,WHITE,blocklist.de/ssh|blocklist.de/all|ziyadnz/hourly-ipv4,blocklist.de|ssh|bot|irc-bot|brute-force|ziyadnz|hourly,2026-08-17T18:48:05Z,2026-08-17T18:48:05Z,
67.205.188.118,ipv4,ssh-brute-force,high,WHITE,blocklist.de/ssh|blocklist.de/all|ziyadnz/hourly-ipv4,blocklist.de|ssh|bot|irc-bot|brute-force|ziyadnz|hourly,2026-08-17T18:48:05Z,2026-08-17T18:48:05Z,
67.207.93.1,ipv4,ssh-brute-force,high,WHITE,blocklist.de/ssh|blocklist.de/all|ziyadnz/hourly-ipv4,blocklist.de|ssh|bot|irc-bot|brute-force|ziyadnz|hourly,2026-08-17T18:48:05Z,2026-08-17T18:48:05Z,
67.215.227.54,ipv4,ssh-brute-force,high,WHITE,blocklist.de/ssh|blocklist.de/all|ziyadnz/hourly-ipv4,blocklist.de|ssh|bot|irc-bot|brute-force|ziyadnz|hourly,2026-08-17T18:48:05Z,2026-08-17T18:48:05Z,
67.243.36.176,ipv4,ssh-brute-force,high,WHITE,blocklist.de/ssh|blocklist.de/all|ziyadnz/hourly-ipv4,blocklist.de|ssh|bot|irc-bot|brute-force|ziyadnz|hourly,2026-08-17T18:48:05Z,2026-08-17T18:48:05Z,
67.52.95.38,ipv4,ssh-brute-force,high,WHITE,blocklist.de/ssh|blocklist.de/all|ziyadnz/hourly-ipv4,blocklist.de|ssh|bot|irc-bot|brute-force|ziyadnz|hourly,2026-08-17T18:48:05Z,2026-08-17T18:48:05Z,
67.85.40.144,ipv4,ssh-brute-force,high,WHITE,blocklist.de/ssh|blocklist.de/all|ziyadnz/hourly-ipv4,blocklist.de|ssh|bot|irc-bot|brute-force|ziyadnz|hourly,2026-08-17T18:48:05Z,2026-08-17T18:48:05Z,
68.131.81.33,ipv4,ssh-brute-force,high,WHITE,blocklist.de/ssh|blocklist.de/all|ziyadnz/hourly-ipv4,blocklist.de|ssh|bot|irc-bot|brute-force|ziyadnz|hourly,2026-08-17T18:48:05Z,2026-08-17T18:48:05Z,
68.178.169.26,ipv4,ssh-brute-force,high,WHITE,blocklist.de/ssh|blocklist.de/all|ziyadnz/hourly-ipv4,blocklist.de|ssh|bot|irc-bot|brute-force|ziyadnz|hourly,2026-08-17T18:48:05Z,2026-08-17T18:48:05Z,
68.183.218.41,ipv4,ssh-brute-force,high,WHITE,blocklist.de/ssh|blocklist.de/all|ziyadnz/hourly-ipv4,blocklist.de|ssh|bot|irc-bot|brute-force|ziyadnz|hourly,2026-08-17T18:48:05Z,2026-08-17T18:48:05Z,
68.183.236.1,ipv4,ssh-brute-force,high,WHITE,blocklist.de/ssh|blocklist.de/all|ziyadnz/hourly-ipv4,blocklist.de|ssh|bot|irc-bot|brute-force|ziyadnz|hourly,2026-08-17T18:48:05Z,2026-08-17T18:48:05Z,
68.183.244.58,ipv4,ssh-brute-force,high,WHITE,blocklist.de/ssh|blocklist.de/all|ziyadnz/hourly-ipv4,blocklist.de|ssh|bot|irc-bot|brute-force|ziyadnz|hourly,2026-08-17T18:48:05Z,2026-08-17T18:48:05Z,
68.183.58.189,ipv4,ssh-brute-force,high,WHITE,blocklist.de/ssh|blocklist.de/all|ziyadnz/hourly-ipv4,blocklist.de|ssh|bot|irc-bot|brute-force|ziyadnz|hourly,2026-08-17T18:48:05Z,2026-08-17T18:48:05Z,
68.183.92.206,ipv4,ssh-brute-force,high,WHITE,blocklist.de/ssh|blocklist.de/all|ziyadnz/hourly-ipv4,blocklist.de|ssh|bot|irc-bot|brute-force|ziyadnz|hourly,2026-08-17T18:48:05Z,2026-08-17T18:48:05Z,
68.195.53.223,ipv4,ssh-brute-force,high,WHITE,blocklist.de/ssh|blocklist.de/all|ziyadnz/hourly-ipv4,blocklist.de|ssh|bot|irc-bot|brute-force|ziyadnz|hourly,2026-08-17T18:48:05Z,2026-08-17T18:48:05Z,
68.202.253.15,ipv4,ssh-brute-force,high,WHITE,blocklist.de/ssh|blocklist.de/all|ziyadnz/hourly-ipv4,blocklist.de|ssh|bot|irc-bot|brute-force|ziyadnz|hourly,2026-08-17T18:48:05Z,2026-08-17T18:48:05Z,
68.206.187.117,ipv4,ssh-brute-force,high,WHITE,blocklist.de/ssh|blocklist.de/all|ziyadnz/hourly-ipv4,blocklist.de|ssh|bot|irc-bot|brute-force|ziyadnz|hourly,2026-08-17T18:48:05Z,2026-08-17T18:48:05Z,
68.211.177.55,ipv4,ssh-brute-force,high,WHITE,blocklist.de/ssh|blocklist.de/all|ziyadnz/hourly-ipv4,blocklist.de|ssh|bot|irc-bot|brute-force|ziyadnz|hourly,2026-08-17T18:48:05Z,2026-08-17T18:48:05Z,
68.233.116.124,ipv4,ssh-brute-force,high,WHITE,blocklist.de/ssh|blocklist.de/all|ziyadnz/hourly-ipv4,blocklist.de|ssh|bot|irc-bot|brute-force|ziyadnz|hourly,2026-08-17T18:48:05Z,2026-08-17T18:48:05Z,
68.45.156.127,ipv4,ssh-brute-force,high,WHITE,blocklist.de/ssh|blocklist.de/all|ziyadnz/hourly-ipv4,blocklist.de|ssh|bot|irc-bot|brute-force|ziyadnz|hourly,2026-08-17T18:48:05Z,2026-08-17T18:48:05Z,
68.58.154.118,ipv4,ssh-brute-force,high,WHITE,blocklist.de/ssh|blocklist.de/all|ziyadnz/hourly-ipv4,blocklist.de|ssh|bot|irc-bot|brute-force|ziyadnz|hourly,2026-08-17T18:48:05Z,2026-08-17T18:48:05Z,
68.59.255.49,ipv4,ssh-brute-force,high,WHITE,blocklist.de/ssh|blocklist.de/all|ziyadnz/hourly-ipv4,blocklist.de|ssh|bot|irc-bot|brute-force|ziyadnz|hourly,2026-08-17T18:48:05Z,2026-08-17T18:48:05Z,
68.70.247.250,ipv4,ssh-brute-force,high,WHITE,blocklist.de/ssh|blocklist.de/all|ziyadnz/hourly-ipv4,blocklist.de|ssh|bot|irc-bot|brute-force|ziyadnz|hourly,2026-08-17T18:48:05Z,2026-08-17T18:48:05Z,
68.74.138.210,ipv4,ssh-brute-force,high,WHITE,blocklist.de/ssh|blocklist.de/all|ziyadnz/hourly-ipv4,blocklist.de|ssh|bot|irc-bot|brute-force|ziyadnz|hourly,2026-08-17T18:48:05Z,2026-08-17T18:48:05Z,
68.96.88.88,ipv4,ssh-brute-force,high,WHITE,blocklist.de/ssh|blocklist.de/all|ziyadnz/hourly-ipv4,blocklist.de|ssh|bot|irc-bot|brute-force|ziyadnz|hourly,2026-08-17T18:48:05Z,2026-08-17T18:48:05Z,
69.117.136.44,ipv4,ssh-brute-force,high,WHITE,blocklist.de/ssh|blocklist.de/all|ziyadnz/hourly-ipv4,blocklist.de|ssh|bot|irc-bot|brute-force|ziyadnz|hourly,2026-08-17T18:48:05Z,2026-08-17T18:48:05Z,
69.138.107.205,ipv4,ssh-brute-force,high,WHITE,blocklist.de/ssh|blocklist.de/all|ziyadnz/hourly-ipv4,blocklist.de|ssh|bot|irc-bot|brute-force|ziyadnz|hourly,2026-08-17T18:48:05Z,2026-08-17T18:48:05Z,
69.138.209.180,ipv4,ssh-brute-force,high,WHITE,blocklist.de/ssh|blocklist.de/all|ziyadnz/hourly-ipv4,blocklist.de|ssh|bot|irc-bot|brute-force|ziyadnz|hourly,2026-08-17T18:48:05Z,2026-08-17T18:48:05Z,
69.143.99.148,ipv4,ssh-brute-force,high,WHITE,blocklist.de/ssh|blocklist.de/all|ziyadnz/hourly-ipv4,blocklist.de|ssh|bot|irc-bot|brute-force|ziyadnz|hourly,2026-08-17T18:48:05Z,2026-08-17T18:48:05Z,
69.164.217.245,ipv4,ssh-brute-force,high,WHITE,blocklist.de/ssh|blocklist.de/all|ziyadnz/hourly-ipv4,blocklist.de|ssh|bot|irc-bot|brute-force|ziyadnz|hourly,2026-08-17T18:48:05Z,2026-08-17T18:48:05Z,
69.171.213.14,ipv4,ssh-brute-force,high,WHITE,blocklist.de/ssh|blocklist.de/all|ziyadnz/hourly-ipv4,blocklist.de|ssh|bot|irc-bot|brute-force|ziyadnz|hourly,2026-08-17T18:48:05Z,2026-08-17T18:48:05Z,
69.49.246.176,ipv4,ssh-brute-force,high,WHITE,blocklist.de/ssh|blocklist.de/all|ziyadnz/hourly-ipv4,blocklist.de|ssh|bot|irc-bot|brute-force|ziyadnz|hourly,2026-08-17T18:48:05Z,2026-08-17T18:48:05Z,
69.5.0.120,ipv4,ssh-brute-force,high,WHITE,blocklist.de/ssh|blocklist.de/all|ziyadnz/hourly-ipv4,blocklist.de|ssh|bot|irc-bot|brute-force|ziyadnz|hourly,2026-08-17T18:48:05Z,2026-08-17T18:48:05Z,
69.5.20.133,ipv4,ssh-brute-force,high,WHITE,blocklist.de/ssh|blocklist.de/all|ziyadnz/hourly-ipv4,blocklist.de|ssh|bot|irc-bot|brute-force|ziyadnz|hourly,2026-08-17T18:48:05Z,2026-08-17T18:48:05Z,
69.5.20.205,ipv4,ssh-brute-force,high,WHITE,blocklist.de/ssh|blocklist.de/all|ziyadnz/hourly-ipv4,blocklist.de|ssh|bot|irc-bot|brute-force|ziyadnz|hourly,2026-08-17T18:48:05Z,2026-08-17T18:48:05Z,
69.5.21.194,ipv4,ssh-brute-force,high,WHITE,blocklist.de/ssh|blocklist.de/all|ziyadnz/hourly-ipv4,blocklist.de|ssh|bot|irc-bot|brute-force|ziyadnz|hourly,2026-08-17T18:48:05Z,2026-08-17T18:48:05Z,
69.5.23.222,ipv4,ssh-brute-force,high,WHITE,blocklist.de/ssh|blocklist.de/all|ziyadnz/hourly-ipv4,blocklist.de|ssh|bot|irc-bot|brute-force|ziyadnz|hourly,2026-08-17T18:48:05Z,2026-08-17T18:48:05Z,
69.5.7.218,ipv4,ssh-brute-force,high,WHITE,blocklist.de/ssh|blocklist.de/all|ziyadnz/hourly-ipv4,blocklist.de|ssh|bot|irc-bot|brute-force|ziyadnz|hourly,2026-08-17T18:48:05Z,2026-08-17T18:48:05Z,
69.5.7.63,ipv4,ssh-brute-force,high,WHITE,blocklist.de/ssh|blocklist.de/all|ziyadnz/hourly-ipv4,blocklist.de|ssh|bot|irc-bot|brute-force|ziyadnz|hourly,2026-08-17T18:48:05Z,2026-08-17T18:48:05Z,
69.6.222.101,ipv4,ssh-brute-force,high,WHITE,blocklist.de/ssh|blocklist.de/all|ziyadnz/hourly-ipv4,blocklist.de|ssh|bot|irc-bot|brute-force|ziyadnz|hourly,2026-08-17T18:48:05Z,2026-08-17T18:48:05Z,
69.6.223.142,ipv4,ssh-brute-force,high,WHITE,blocklist.de/ssh|blocklist.de/all|ziyadnz/hourly-ipv4,blocklist.de|ssh|bot|irc-bot|brute-force|ziyadnz|hourly,2026-08-17T18:48:05Z,2026-08-17T18:48:05Z,
69.6.234.27,ipv4,ssh-brute-force,high,WHITE,blocklist.de/ssh|blocklist.de/all|ziyadnz/hourly-ipv4,blocklist.de|ssh|bot|irc-bot|brute-force|ziyadnz|hourly,2026-08-17T18:48:05Z,2026-08-17T18:48:05Z,
69.73.187.130,ipv4,ssh-brute-force,high,WHITE,blocklist.de/ssh|blocklist.de/all|ziyadnz/hourly-ipv4,blocklist.de|ssh|bot|irc-bot|brute-force|ziyadnz|hourly,2026-08-17T18:48:05Z,2026-08-17T18:48:05Z,
69.85.230.206,ipv4,ssh-brute-force,high,WHITE,blocklist.de/ssh|blocklist.de/all|ziyadnz/hourly-ipv4,blocklist.de|ssh|bot|irc-bot|brute-force|ziyadnz|hourly,2026-08-17T18:48:05Z,2026-08-17T18:48:05Z,
70.120.203.193,ipv4,ssh-brute-force,high,WHITE,blocklist.de/ssh|blocklist.de/all|ziyadnz/hourly-ipv4,blocklist.de|ssh|bot|irc-bot|brute-force|ziyadnz|hourly,2026-08-17T18:48:05Z,2026-08-17T18:48:05Z,
70.131.40.197,ipv4,ssh-brute-force,high,WHITE,blocklist.de/ssh|blocklist.de/all|ziyadnz/hourly-ipv4,blocklist.de|ssh|bot|irc-bot|brute-force|ziyadnz|hourly,2026-08-17T18:48:05Z,2026-08-17T18:48:05Z,
70.80.123.177,ipv4,ssh-brute-force,high,WHITE,blocklist.de/ssh|blocklist.de/all|ziyadnz/hourly-ipv4,blocklist.de|ssh|bot|irc-bot|brute-force|ziyadnz|hourly,2026-08-17T18:48:05Z,2026-08-17T18:48:05Z,
70.81.137.246,ipv4,ssh-brute-force,high,WHITE,blocklist.de/ssh|blocklist.de/all|ziyadnz/hourly-ipv4,blocklist.de|ssh|bot|irc-bot|brute-force|ziyadnz|hourly,2026-08-17T18:48:05Z,2026-08-17T18:48:05Z,
71.10.242.8,ipv4,ssh-brute-force,high,WHITE,blocklist.de/ssh|blocklist.de/all|ziyadnz/hourly-ipv4,blocklist.de|ssh|bot|irc-bot|brute-force|ziyadnz|hourly,2026-08-17T18:48:05Z,2026-08-17T18:48:05Z,
71.247.120.117,ipv4,ssh-brute-force,high,WHITE,blocklist.de/ssh|blocklist.de/all|ziyadnz/hourly-ipv4,blocklist.de|ssh|bot|irc-bot|brute-force|ziyadnz|hourly,2026-08-17T18:48:05Z,2026-08-17T18:48:05Z,
71.27.86.44,ipv4,ssh-brute-force,high,WHITE,blocklist.de/ssh|blocklist.de/all|ziyadnz/hourly-ipv4,blocklist.de|ssh|bot|irc-bot|brute-force|ziyadnz|hourly,2026-08-17T18:48:05Z,2026-08-17T18:48:05Z,
71.28.72.249,ipv4,ssh-brute-force,high,WHITE,blocklist.de/ssh|blocklist.de/all|ziyadnz/hourly-ipv4,blocklist.de|ssh|bot|irc-bot|brute-force|ziyadnz|hourly,2026-08-17T18:48:05Z,2026-08-17T18:48:05Z,
71.30.205.149,ipv4,ssh-brute-force,high,WHITE,blocklist.de/ssh|blocklist.de/all|ziyadnz/hourly-ipv4,blocklist.de|ssh|bot|irc-bot|brute-force|ziyadnz|hourly,2026-08-17T18:48:05Z,2026-08-17T18:48:05Z,
71.30.206.146,ipv4,ssh-brute-force,high,WHITE,blocklist.de/ssh|blocklist.de/all|ziyadnz/hourly-ipv4,blocklist.de|ssh|bot|irc-bot|brute-force|ziyadnz|hourly,2026-08-17T18:48:05Z,2026-08-17T18:48:05Z,
71.6.232.20,ipv4,ssh-brute-force,high,WHITE,blocklist.de/ssh|blocklist.de/all|ziyadnz/hourly-ipv4,blocklist.de|ssh|bot|irc-bot|brute-force|ziyadnz|hourly,2026-08-17T18:48:05Z,2026-08-17T18:48:05Z,
71.6.236.114,ipv4,ssh-brute-force,high,WHITE,blocklist.de/ssh|blocklist.de/all|ziyadnz/hourly-ipv4,blocklist.de|ssh|bot|irc-bot|brute-force|ziyadnz|hourly,2026-08-17T18:48:05Z,2026-08-17T18:48:05Z,
71.63.218.35,ipv4,ssh-brute-force,high,WHITE,blocklist.de/ssh|blocklist.de/all|ziyadnz/hourly-ipv4,blocklist.de|ssh|bot|irc-bot|brute-force|ziyadnz|hourly,2026-08-17T18:48:05Z,2026-08-17T18:48:05Z,
71.65.126.19,ipv4,ssh-brute-force,high,WHITE,blocklist.de/ssh|blocklist.de/all|ziyadnz/hourly-ipv4,blocklist.de|ssh|bot|irc-bot|brute-force|ziyadnz|hourly,2026-08-17T18:48:05Z,2026-08-17T18:48:05Z,
71.88.213.52,ipv4,ssh-brute-force,high,WHITE,blocklist.de/ssh|blocklist.de/all|ziyadnz/hourly-ipv4,blocklist.de|ssh|bot|irc-bot|brute-force|ziyadnz|hourly,2026-08-17T18:48:05Z,2026-08-17T18:48:05Z,
72.17.34.38,ipv4,ssh-brute-force,high,WHITE,blocklist.de/ssh|blocklist.de/all|ziyadnz/hourly-ipv4,blocklist.de|ssh|bot|irc-bot|brute-force|ziyadnz|hourly,2026-08-17T18:48:05Z,2026-08-17T18:48:05Z,
72.210.6.207,ipv4,ssh-brute-force,high,WHITE,blocklist.de/ssh|blocklist.de/all|ziyadnz/hourly-ipv4,blocklist.de|ssh|bot|irc-bot|brute-force|ziyadnz|hourly,2026-08-17T18:48:05Z,2026-08-17T18:48:05Z,
72.241.211.165,ipv4,ssh-brute-force,high,WHITE,blocklist.de/ssh|blocklist.de/all|ziyadnz/hourly-ipv4,blocklist.de|ssh|bot|irc-bot|brute-force|ziyadnz|hourly,2026-08-17T18:48:05Z,2026-08-17T18:48:05Z,
72.253.251.3,ipv4,ssh-brute-force,high,WHITE,blocklist.de/ssh|blocklist.de/all|ziyadnz/hourly-ipv4,blocklist.de|ssh|bot|irc-bot|brute-force|ziyadnz|hourly,2026-08-17T18:48:05Z,2026-08-17T18:48:05Z,
72.253.251.7,ipv4,ssh-brute-force,high,WHITE,blocklist.de/ssh|blocklist.de/all|ziyadnz/hourly-ipv4,blocklist.de|ssh|bot|irc-bot|brute-force|ziyadnz|hourly,2026-08-17T18:48:05Z,2026-08-17T18:48:05Z,
72.27.137.151,ipv4,ssh-brute-force,high,WHITE,blocklist.de/ssh|blocklist.de/all|ziyadnz/hourly-ipv4,blocklist.de|ssh|bot|irc-bot|brute-force|ziyadnz|hourly,2026-08-17T18:48:05Z,2026-08-17T18:48:05Z,
72.50.3.223,ipv4,ssh-brute-force,high,WHITE,blocklist.de/ssh|blocklist.de/all|ziyadnz/hourly-ipv4,blocklist.de|ssh|bot|irc-bot|brute-force|ziyadnz|hourly,2026-08-17T18:48:05Z,2026-08-17T18:48:05Z,
72.52.161.175,ipv4,ssh-brute-force,high,WHITE,blocklist.de/ssh|blocklist.de/all|ziyadnz/hourly-ipv4,blocklist.de|ssh|bot|irc-bot|brute-force|ziyadnz|hourly,2026-08-17T18:48:05Z,2026-08-17T18:48:05Z,
72.52.176.243,ipv4,ssh-brute-force,high,WHITE,blocklist.de/ssh|blocklist.de/all|ziyadnz/hourly-ipv4,blocklist.de|ssh|bot|irc-bot|brute-force|ziyadnz|hourly,2026-08-17T18:48:05Z,2026-08-17T18:48:05Z,
72.52.197.55,ipv4,ssh-brute-force,high,WHITE,blocklist.de/ssh|blocklist.de/all|ziyadnz/hourly-ipv4,blocklist.de|ssh|bot|irc-bot|brute-force|ziyadnz|hourly,2026-08-17T18:48:05Z,2026-08-17T18:48:05Z,
72.62.79.177,ipv4,ssh-brute-force,high,WHITE,blocklist.de/ssh|blocklist.de/all|ziyadnz/hourly-ipv4,blocklist.de|ssh|bot|irc-bot|brute-force|ziyadnz|hourly,2026-08-17T18:48:05Z,2026-08-17T18:48:05Z,
73.129.42.61,ipv4,ssh-brute-force,high,WHITE,blocklist.de/ssh|blocklist.de/all|ziyadnz/hourly-ipv4,blocklist.de|ssh|bot|irc-bot|brute-force|ziyadnz|hourly,2026-08-17T18:48:05Z,2026-08-17T18:48:05Z,
73.132.104.253,ipv4,ssh-brute-force,high,WHITE,blocklist.de/ssh|blocklist.de/all|ziyadnz/hourly-ipv4,blocklist.de|ssh|bot|irc-bot|brute-force|ziyadnz|hourly,2026-08-17T18:48:05Z,2026-08-17T18:48:05Z,
73.147.19.171,ipv4,ssh-brute-force,high,WHITE,blocklist.de/ssh|blocklist.de/all|ziyadnz/hourly-ipv4,blocklist.de|ssh|bot|irc-bot|brute-force|ziyadnz|hourly,2026-08-17T18:48:05Z,2026-08-17T18:48:05Z,
73.165.133.194,ipv4,ssh-brute-force,high,WHITE,blocklist.de/ssh|blocklist.de/all|ziyadnz/hourly-ipv4,blocklist.de|ssh|bot|irc-bot|brute-force|ziyadnz|hourly,2026-08-17T18:48:05Z,2026-08-17T18:48:05Z,
73.37.129.181,ipv4,ssh-brute-force,high,WHITE,blocklist.de/ssh|blocklist.de/all|ziyadnz/hourly-ipv4,blocklist.de|ssh|bot|irc-bot|brute-force|ziyadnz|hourly,2026-08-17T18:48:05Z,2026-08-17T18:48:05Z,
73.77.55.1,ipv4,ssh-brute-force,high,WHITE,blocklist.de/ssh|blocklist.de/all|ziyadnz/hourly-ipv4,blocklist.de|ssh|bot|irc-bot|brute-force|ziyadnz|hourly,2026-08-17T18:48:05Z,2026-08-17T18:48:05Z,
73.81.81.179,ipv4,ssh-brute-force,high,WHITE,blocklist.de/ssh|blocklist.de/all|ziyadnz/hourly-ipv4,blocklist.de|ssh|bot|irc-bot|brute-force|ziyadnz|hourly,2026-08-17T18:48:05Z,2026-08-17T18:48:05Z,
74.131.97.188,ipv4,ssh-brute-force,high,WHITE,blocklist.de/ssh|blocklist.de/all|ziyadnz/hourly-ipv4,blocklist.de|ssh|bot|irc-bot|brute-force|ziyadnz|hourly,2026-08-17T18:48:05Z,2026-08-17T18:48:05Z,
74.194.200.229,ipv4,ssh-brute-force,high,WHITE,blocklist.de/ssh|blocklist.de/all|ziyadnz/hourly-ipv4,blocklist.de|ssh|bot|irc-bot|brute-force|ziyadnz|hourly,2026-08-17T18:48:05Z,2026-08-17T18:48:05Z,
74.196.96.244,ipv4,ssh-brute-force,high,WHITE,blocklist.de/ssh|blocklist.de/all|ziyadnz/hourly-ipv4,blocklist.de|ssh|bot|irc-bot|brute-force|ziyadnz|hourly,2026-08-17T18:48:05Z,2026-08-17T18:48:05Z,
74.208.149.68,ipv4,ssh-brute-force,high,WHITE,blocklist.de/ssh|blocklist.de/all|ziyadnz/hourly-ipv4,blocklist.de|ssh|bot|irc-bot|brute-force|ziyadnz|hourly,2026-08-17T18:48:05Z,2026-08-17T18:48:05Z,
74.208.202.81,ipv4,ssh-brute-force,high,WHITE,blocklist.de/ssh|blocklist.de/all|ziyadnz/hourly-ipv4,blocklist.de|ssh|bot|irc-bot|brute-force|ziyadnz|hourly,2026-08-17T18:48:05Z,2026-08-17T18:48:05Z,
74.244.135.176,ipv4,ssh-brute-force,high,WHITE,blocklist.de/ssh|blocklist.de/all|ziyadnz/hourly-ipv4,blocklist.de|ssh|bot|irc-bot|brute-force|ziyadnz|hourly,2026-08-17T18:48:05Z,2026-08-17T18:48:05Z,
74.244.85.225,ipv4,ssh-brute-force,high,WHITE,blocklist.de/ssh|blocklist.de/all|ziyadnz/hourly-ipv4,blocklist.de|ssh|bot|irc-bot|brute-force|ziyadnz|hourly,2026-08-17T18:48:05Z,2026-08-17T18:48:05Z,
74.48.183.55,ipv4,ssh-brute-force,high,WHITE,blocklist.de/ssh|blocklist.de/all|ziyadnz/hourly-ipv4,blocklist.de|ssh|bot|irc-bot|brute-force|ziyadnz|hourly,2026-08-17T18:48:05Z,2026-08-17T18:48:05Z,
74.48.45.140,ipv4,ssh-brute-force,high,WHITE,blocklist.de/ssh|blocklist.de/all|ziyadnz/hourly-ipv4,blocklist.de|ssh|bot|irc-bot|brute-force|ziyadnz|hourly,2026-08-17T18:48:05Z,2026-08-17T18:48:05Z,
74.50.96.173,ipv4,ssh-brute-force,high,WHITE,blocklist.de/ssh|blocklist.de/all|ziyadnz/hourly-ipv4,blocklist.de|ssh|bot|irc-bot|brute-force|ziyadnz|hourly,2026-08-17T18:48:05Z,2026-08-17T18:48:05Z,
74.91.136.105,ipv4,ssh-brute-force,high,WHITE,blocklist.de/ssh|blocklist.de/all|ziyadnz/hourly-ipv4,blocklist.de|ssh|bot|irc-bot|brute-force|ziyadnz|hourly,2026-08-17T18:48:05Z,2026-08-17T18:48:05Z,
75.182.219.35,ipv4,ssh-brute-force,high,WHITE,blocklist.de/ssh|blocklist.de/all|ziyadnz/hourly-ipv4,blocklist.de|ssh|bot|irc-bot|brute-force|ziyadnz|hourly,2026-08-17T18:48:05Z,2026-08-17T18:48:05Z,
75.65.131.20,ipv4,ssh-brute-force,high,WHITE,blocklist.de/ssh|blocklist.de/all|ziyadnz/hourly-ipv4,blocklist.de|ssh|bot|irc-bot|brute-force|ziyadnz|hourly,2026-08-17T18:48:05Z,2026-08-17T18:48:05Z,
76.13.113.160,ipv4,ssh-brute-force,high,WHITE,blocklist.de/ssh|blocklist.de/all|ziyadnz/hourly-ipv4,blocklist.de|ssh|bot|irc-bot|brute-force|ziyadnz|hourly,2026-08-17T18:48:05Z,2026-08-17T18:48:05Z,
76.13.140.42,ipv4,ssh-brute-force,high,WHITE,blocklist.de/ssh|blocklist.de/all|ziyadnz/hourly-ipv4,blocklist.de|ssh|bot|irc-bot|brute-force|ziyadnz|hourly,2026-08-17T18:48:05Z,2026-08-17T18:48:05Z,
76.174.50.10,ipv4,ssh-brute-force,high,WHITE,blocklist.de/ssh|blocklist.de/all|ziyadnz/hourly-ipv4,blocklist.de|ssh|bot|irc-bot|brute-force|ziyadnz|hourly,2026-08-17T18:48:05Z,2026-08-17T18:48:05Z,
76.184.128.84,ipv4,ssh-brute-force,high,WHITE,blocklist.de/ssh|blocklist.de/all|ziyadnz/hourly-ipv4,blocklist.de|ssh|bot|irc-bot|brute-force|ziyadnz|hourly,2026-08-17T18:48:05Z,2026-08-17T18:48:05Z,
76.244.43.124,ipv4,ssh-brute-force,high,WHITE,blocklist.de/ssh|blocklist.de/all|ziyadnz/hourly-ipv4,blocklist.de|ssh|bot|irc-bot|brute-force|ziyadnz|hourly,2026-08-17T18:48:05Z,2026-08-17T18:48:05Z,
76.30.159.143,ipv4,ssh-brute-force,high,WHITE,blocklist.de/ssh|blocklist.de/all|ziyadnz/hourly-ipv4,blocklist.de|ssh|bot|irc-bot|brute-force|ziyadnz|hourly,2026-08-17T18:48:05Z,2026-08-17T18:48:05Z,
76.34.109.193,ipv4,ssh-brute-force,high,WHITE,blocklist.de/ssh|blocklist.de/all|ziyadnz/hourly-ipv4,blocklist.de|ssh|bot|irc-bot|brute-force|ziyadnz|hourly,2026-08-17T18:48:05Z,2026-08-17T18:48:05Z,
76.34.211.103,ipv4,ssh-brute-force,high,WHITE,blocklist.de/ssh|blocklist.de/all|ziyadnz/hourly-ipv4,blocklist.de|ssh|bot|irc-bot|brute-force|ziyadnz|hourly,2026-08-17T18:48:05Z,2026-08-17T18:48:05Z,
76.36.40.149,ipv4,ssh-brute-force,high,WHITE,blocklist.de/ssh|blocklist.de/all|ziyadnz/hourly-ipv4,blocklist.de|ssh|bot|irc-bot|brute-force|ziyadnz|hourly,2026-08-17T18:48:05Z,2026-08-17T18:48:05Z,
76.79.213.69,ipv4,ssh-brute-force,high,WHITE,blocklist.de/ssh|blocklist.de/all|ziyadnz/hourly-ipv4,blocklist.de|ssh|bot|irc-bot|brute-force|ziyadnz|hourly,2026-08-17T18:48:05Z,2026-08-17T18:48:05Z,
77.110.107.251,ipv4,ssh-brute-force,high,WHITE,blocklist.de/ssh|blocklist.de/all|ziyadnz/hourly-ipv4,blocklist.de|ssh|bot|irc-bot|brute-force|ziyadnz|hourly,2026-08-17T18:48:05Z,2026-08-17T18:48:05Z,
77.110.65.2,ipv4,ssh-brute-force,high,WHITE,blocklist.de/ssh|blocklist.de/all|ziyadnz/hourly-ipv4,blocklist.de|ssh|bot|irc-bot|brute-force|ziyadnz|hourly,2026-08-17T18:48:05Z,2026-08-17T18:48:05Z,
77.22.70.198,ipv4,ssh-brute-force,high,WHITE,blocklist.de/ssh|blocklist.de/all|ziyadnz/hourly-ipv4,blocklist.de|ssh|bot|irc-bot|brute-force|ziyadnz|hourly,2026-08-17T18:48:05Z,2026-08-17T18:48:05Z,
77.222.116.246,ipv4,ssh-brute-force,high,WHITE,blocklist.de/ssh|blocklist.de/all|ziyadnz/hourly-ipv4,blocklist.de|ssh|bot|irc-bot|brute-force|ziyadnz|hourly,2026-08-17T18:48:05Z,2026-08-17T18:48:05Z,
77.239.106.212,ipv4,ssh-brute-force,high,WHITE,blocklist.de/ssh|blocklist.de/all|ziyadnz/hourly-ipv4,blocklist.de|ssh|bot|irc-bot|brute-force|ziyadnz|hourly,2026-08-17T18:48:05Z,2026-08-17T18:48:05Z,
77.239.124.235,ipv4,ssh-brute-force,high,WHITE,blocklist.de/ssh|blocklist.de/all|ziyadnz/hourly-ipv4,blocklist.de|ssh|bot|irc-bot|brute-force|ziyadnz|hourly,2026-08-17T18:48:05Z,2026-08-17T18:48:05Z,
77.239.124.236,ipv4,ssh-brute-force,high,WHITE,blocklist.de/ssh|blocklist.de/all|ziyadnz/hourly-ipv4,blocklist.de|ssh|bot|irc-bot|brute-force|ziyadnz|hourly,2026-08-17T18:48:05Z,2026-08-17T18:48:05Z,
77.239.124.237,ipv4,ssh-brute-force,high,WHITE,blocklist.de/ssh|blocklist.de/all|ziyadnz/hourly-ipv4,blocklist.de|ssh|bot|irc-bot|brute-force|ziyadnz|hourly,2026-08-17T18:48:05Z,2026-08-17T18:48:05Z,
77.239.124.238,ipv4,ssh-brute-force,high,WHITE,blocklist.de/ssh|blocklist.de/all|ziyadnz/hourly-ipv4,blocklist.de|ssh|bot|irc-bot|brute-force|ziyadnz|hourly,2026-08-17T18:48:05Z,2026-08-17T18:48:05Z,
77.239.124.239,ipv4,ssh-brute-force,high,WHITE,blocklist.de/ssh|blocklist.de/all|ziyadnz/hourly-ipv4,blocklist.de|ssh|bot|irc-bot|brute-force|ziyadnz|hourly,2026-08-17T18:48:05Z,2026-08-17T18:48:05Z,
77.239.124.240,ipv4,ssh-brute-force,high,WHITE,blocklist.de/ssh|blocklist.de/all|ziyadnz/hourly-ipv4,blocklist.de|ssh|bot|irc-bot|brute-force|ziyadnz|hourly,2026-08-17T18:48:05Z,2026-08-17T18:48:05Z,
77.239.124.241,ipv4,ssh-brute-force,high,WHITE,blocklist.de/ssh|blocklist.de/all|ziyadnz/hourly-ipv4,blocklist.de|ssh|bot|irc-bot|brute-force|ziyadnz|hourly,2026-08-17T18:48:05Z,2026-08-17T18:48:05Z,
77.239.124.242,ipv4,ssh-brute-force,high,WHITE,blocklist.de/ssh|blocklist.de/all|ziyadnz/hourly-ipv4,blocklist.de|ssh|bot|irc-bot|brute-force|ziyadnz|hourly,2026-08-17T18:48:05Z,2026-08-17T18:48:05Z,
77.239.124.243,ipv4,ssh-brute-force,high,WHITE,blocklist.de/ssh|blocklist.de/all|ziyadnz/hourly-ipv4,blocklist.de|ssh|bot|irc-bot|brute-force|ziyadnz|hourly,2026-08-17T18:48:05Z,2026-08-17T18:48:05Z,
77.239.124.244,ipv4,ssh-brute-force,high,WHITE,blocklist.de/ssh|blocklist.de/all|ziyadnz/hourly-ipv4,blocklist.de|ssh|bot|irc-bot|brute-force|ziyadnz|hourly,2026-08-17T18:48:05Z,2026-08-17T18:48:05Z,
77.239.124.245,ipv4,ssh-brute-force,high,WHITE,blocklist.de/ssh|blocklist.de/all|ziyadnz/hourly-ipv4,blocklist.de|ssh|bot|irc-bot|brute-force|ziyadnz|hourly,2026-08-17T18:48:05Z,2026-08-17T18:48:05Z,
77.239.124.246,ipv4,ssh-brute-force,high,WHITE,blocklist.de/ssh|blocklist.de/all|ziyadnz/hourly-ipv4,blocklist.de|ssh|bot|irc-bot|brute-force|ziyadnz|hourly,2026-08-17T18:48:05Z,2026-08-17T18:48:05Z,
77.239.124.247,ipv4,ssh-brute-force,high,WHITE,blocklist.de/ssh|blocklist.de/all|ziyadnz/hourly-ipv4,blocklist.de|ssh|bot|irc-bot|brute-force|ziyadnz|hourly,2026-08-17T18:48:05Z,2026-08-17T18:48:05Z,
77.239.124.248,ipv4,ssh-brute-force,high,WHITE,blocklist.de/ssh|blocklist.de/all|ziyadnz/hourly-ipv4,blocklist.de|ssh|bot|irc-bot|brute-force|ziyadnz|hourly,2026-08-17T18:48:05Z,2026-08-17T18:48:05Z,
77.239.124.249,ipv4,ssh-brute-force,high,WHITE,blocklist.de/ssh|blocklist.de/all|ziyadnz/hourly-ipv4,blocklist.de|ssh|bot|irc-bot|brute-force|ziyadnz|hourly,2026-08-17T18:48:05Z,2026-08-17T18:48:05Z,
77.239.124.250,ipv4,ssh-brute-force,high,WHITE,blocklist.de/ssh|blocklist.de/all|ziyadnz/hourly-ipv4,blocklist.de|ssh|bot|irc-bot|brute-force|ziyadnz|hourly,2026-08-17T18:48:05Z,2026-08-17T18:48:05Z,
77.239.124.251,ipv4,ssh-brute-force,high,WHITE,blocklist.de/ssh|blocklist.de/all|ziyadnz/hourly-ipv4,blocklist.de|ssh|bot|irc-bot|brute-force|ziyadnz|hourly,2026-08-17T18:48:05Z,2026-08-17T18:48:05Z,
77.239.124.252,ipv4,ssh-brute-force,high,WHITE,blocklist.de/ssh|blocklist.de/all|ziyadnz/hourly-ipv4,blocklist.de|ssh|bot|irc-bot|brute-force|ziyadnz|hourly,2026-08-17T18:48:05Z,2026-08-17T18:48:05Z,
77.239.125.227,ipv4,ssh-brute-force,high,WHITE,blocklist.de/ssh|blocklist.de/all|ziyadnz/hourly-ipv4,blocklist.de|ssh|bot|irc-bot|brute-force|ziyadnz|hourly,2026-08-17T18:48:05Z,2026-08-17T18:48:05Z,
77.247.120.128,ipv4,ssh-brute-force,high,WHITE,blocklist.de/ssh|blocklist.de/all|ziyadnz/hourly-ipv4,blocklist.de|ssh|bot|irc-bot|brute-force|ziyadnz|hourly,2026-08-17T18:48:05Z,2026-08-17T18:48:05Z,
77.29.122.65,ipv4,ssh-brute-force,high,WHITE,blocklist.de/ssh|blocklist.de/all|ziyadnz/hourly-ipv4,blocklist.de|ssh|bot|irc-bot|brute-force|ziyadnz|hourly,2026-08-17T18:48:05Z,2026-08-17T18:48:05Z,
77.37.174.154,ipv4,ssh-brute-force,high,WHITE,blocklist.de/ssh|blocklist.de/all|ziyadnz/hourly-ipv4,blocklist.de|ssh|bot|irc-bot|brute-force|ziyadnz|hourly,2026-08-17T18:48:05Z,2026-08-17T18:48:05Z,
77.40.51.90,ipv4,ssh-brute-force,high,WHITE,blocklist.de/ssh|blocklist.de/all|ziyadnz/hourly-ipv4,blocklist.de|ssh|bot|irc-bot|brute-force|ziyadnz|hourly,2026-08-17T18:48:05Z,2026-08-17T18:48:05Z,
77.42.44.220,ipv4,ssh-brute-force,high,WHITE,blocklist.de/ssh|blocklist.de/all|ziyadnz/hourly-ipv4,blocklist.de|ssh|bot|irc-bot|brute-force|ziyadnz|hourly,2026-08-17T18:48:05Z,2026-08-17T18:48:05Z,
77.42.49.250,ipv4,ssh-brute-force,high,WHITE,blocklist.de/ssh|blocklist.de/all|ziyadnz/hourly-ipv4,blocklist.de|ssh|bot|irc-bot|brute-force|ziyadnz|hourly,2026-08-17T18:48:05Z,2026-08-17T18:48:05Z,
77.42.49.251,ipv4,ssh-brute-force,high,WHITE,blocklist.de/ssh|blocklist.de/all|ziyadnz/hourly-ipv4,blocklist.de|ssh|bot|irc-bot|brute-force|ziyadnz|hourly,2026-08-17T18:48:05Z,2026-08-17T18:48:05Z,
77.50.200.114,ipv4,ssh-brute-force,high,WHITE,blocklist.de/ssh|blocklist.de/all|ziyadnz/hourly-ipv4,blocklist.de|ssh|bot|irc-bot|brute-force|ziyadnz|hourly,2026-08-17T18:48:05Z,2026-08-17T18:48:05Z,
77.52.26.37,ipv4,ssh-brute-force,high,WHITE,blocklist.de/ssh|blocklist.de/all|ziyadnz/hourly-ipv4,blocklist.de|ssh|bot|irc-bot|brute-force|ziyadnz|hourly,2026-08-17T18:48:05Z,2026-08-17T18:48:05Z,
77.7.136.104,ipv4,ssh-brute-force,high,WHITE,blocklist.de/ssh|blocklist.de/all|ziyadnz/hourly-ipv4,blocklist.de|ssh|bot|irc-bot|brute-force|ziyadnz|hourly,2026-08-17T18:48:05Z,2026-08-17T18:48:05Z,
77.73.40.25,ipv4,ssh-brute-force,high,WHITE,blocklist.de/ssh|blocklist.de/all|ziyadnz/hourly-ipv4,blocklist.de|ssh|bot|irc-bot|brute-force|ziyadnz|hourly,2026-08-17T18:48:05Z,2026-08-17T18:48:05Z,
77.75.146.168,ipv4,ssh-brute-force,high,WHITE,blocklist.de/ssh|blocklist.de/all|ziyadnz/hourly-ipv4,blocklist.de|ssh|bot|irc-bot|brute-force|ziyadnz|hourly,2026-08-17T18:48:05Z,2026-08-17T18:48:05Z,
77.87.40.114,ipv4,ssh-brute-force,high,WHITE,blocklist.de/ssh|blocklist.de/all|ziyadnz/hourly-ipv4,blocklist.de|ssh|bot|irc-bot|brute-force|ziyadnz|hourly,2026-08-17T18:48:05Z,2026-08-17T18:48:05Z,
77.90.185.16,ipv4,ssh-brute-force,high,WHITE,blocklist.de/ssh|blocklist.de/all|ziyadnz/hourly-ipv4,blocklist.de|ssh|bot|irc-bot|brute-force|ziyadnz|hourly,2026-08-17T18:48:05Z,2026-08-17T18:48:05Z,
77.91.66.181,ipv4,ssh-brute-force,high,WHITE,blocklist.de/ssh|blocklist.de/all|ziyadnz/hourly-ipv4,blocklist.de|ssh|bot|irc-bot|brute-force|ziyadnz|hourly,2026-08-17T18:48:05Z,2026-08-17T18:48:05Z,
77.91.71.23,ipv4,ssh-brute-force,high,WHITE,blocklist.de/ssh|blocklist.de/all|ziyadnz/hourly-ipv4,blocklist.de|ssh|bot|irc-bot|brute-force|ziyadnz|hourly,2026-08-17T18:48:05Z,2026-08-17T18:48:05Z,
77.91.71.24,ipv4,ssh-brute-force,high,WHITE,blocklist.de/ssh|blocklist.de/all|ziyadnz/hourly-ipv4,blocklist.de|ssh|bot|irc-bot|brute-force|ziyadnz|hourly,2026-08-17T18:48:05Z,2026-08-17T18:48:05Z,
77.91.71.25,ipv4,ssh-brute-force,high,WHITE,blocklist.de/ssh|blocklist.de/all|ziyadnz/hourly-ipv4,blocklist.de|ssh|bot|irc-bot|brute-force|ziyadnz|hourly,2026-08-17T18:48:05Z,2026-08-17T18:48:05Z,
78.100.129.165,ipv4,ssh-brute-force,high,WHITE,blocklist.de/ssh|blocklist.de/all|ziyadnz/hourly-ipv4,blocklist.de|ssh|bot|irc-bot|brute-force|ziyadnz|hourly,2026-08-17T18:48:05Z,2026-08-17T18:48:05Z,
78.109.200.147,ipv4,ssh-brute-force,high,WHITE,blocklist.de/ssh|blocklist.de/all|ziyadnz/hourly-ipv4,blocklist.de|ssh|bot|irc-bot|brute-force|ziyadnz|hourly,2026-08-17T18:48:05Z,2026-08-17T18:48:05Z,
78.130.39.150,ipv4,ssh-brute-force,high,WHITE,blocklist.de/ssh|blocklist.de/all|ziyadnz/hourly-ipv4,blocklist.de|ssh|bot|irc-bot|brute-force|ziyadnz|hourly,2026-08-17T18:48:05Z,2026-08-17T18:48:05Z,
78.134.49.171,ipv4,ssh-brute-force,high,WHITE,blocklist.de/ssh|blocklist.de/all|ziyadnz/hourly-ipv4,blocklist.de|ssh|bot|irc-bot|brute-force|ziyadnz|hourly,2026-08-17T18:48:05Z,2026-08-17T18:48:05Z,
78.138.168.46,ipv4,ssh-brute-force,high,WHITE,blocklist.de/ssh|blocklist.de/all|ziyadnz/hourly-ipv4,blocklist.de|ssh|bot|irc-bot|brute-force|ziyadnz|hourly,2026-08-17T18:48:05Z,2026-08-17T18:48:05Z,
78.140.204.122,ipv4,ssh-brute-force,high,WHITE,blocklist.de/ssh|blocklist.de/all|ziyadnz/hourly-ipv4,blocklist.de|ssh|bot|irc-bot|brute-force|ziyadnz|hourly,2026-08-17T18:48:05Z,2026-08-17T18:48:05Z,
78.159.131.105,ipv4,ssh-brute-force,high,WHITE,blocklist.de/ssh|blocklist.de/all|ziyadnz/hourly-ipv4,blocklist.de|ssh|bot|irc-bot|brute-force|ziyadnz|hourly,2026-08-17T18:48:05Z,2026-08-17T18:48:05Z,
78.160.47.203,ipv4,ssh-brute-force,high,WHITE,blocklist.de/ssh|blocklist.de/all|ziyadnz/hourly-ipv4,blocklist.de|ssh|bot|irc-bot|brute-force|ziyadnz|hourly,2026-08-17T18:48:05Z,2026-08-17T18:48:05Z,
78.175.237.167,ipv4,ssh-brute-force,high,WHITE,blocklist.de/ssh|blocklist.de/all|ziyadnz/hourly-ipv4,blocklist.de|ssh|bot|irc-bot|brute-force|ziyadnz|hourly,2026-08-17T18:48:05Z,2026-08-17T18:48:05Z,
78.176.255.244,ipv4,ssh-brute-force,high,WHITE,blocklist.de/ssh|blocklist.de/all|ziyadnz/hourly-ipv4,blocklist.de|ssh|bot|irc-bot|brute-force|ziyadnz|hourly,2026-08-17T18:48:05Z,2026-08-17T18:48:05Z,
78.177.71.106,ipv4,ssh-brute-force,high,WHITE,blocklist.de/ssh|blocklist.de/all|ziyadnz/hourly-ipv4,blocklist.de|ssh|bot|irc-bot|brute-force|ziyadnz|hourly,2026-08-17T18:48:05Z,2026-08-17T18:48:05Z,
78.179.118.62,ipv4,ssh-brute-force,high,WHITE,blocklist.de/ssh|blocklist.de/all|ziyadnz/hourly-ipv4,blocklist.de|ssh|bot|irc-bot|brute-force|ziyadnz|hourly,2026-08-17T18:48:05Z,2026-08-17T18:48:05Z,
78.44.192.210,ipv4,ssh-brute-force,high,WHITE,blocklist.de/ssh|blocklist.de/all|ziyadnz/hourly-ipv4,blocklist.de|ssh|bot|irc-bot|brute-force|ziyadnz|hourly,2026-08-17T18:48:05Z,2026-08-17T18:48:05Z,
78.47.223.134,ipv4,ssh-brute-force,high,WHITE,blocklist.de/ssh|blocklist.de/all|ziyadnz/hourly-ipv4,blocklist.de|ssh|bot|irc-bot|brute-force|ziyadnz|hourly,2026-08-17T18:48:05Z,2026-08-17T18:48:05Z,
78.48.76.131,ipv4,ssh-brute-force,high,WHITE,blocklist.de/ssh|blocklist.de/all|ziyadnz/hourly-ipv4,blocklist.de|ssh|bot|irc-bot|brute-force|ziyadnz|hourly,2026-08-17T18:48:05Z,2026-08-17T18:48:05Z,
79.108.231.102,ipv4,ssh-brute-force,high,WHITE,blocklist.de/ssh|blocklist.de/all|ziyadnz/hourly-ipv4,blocklist.de|ssh|bot|irc-bot|brute-force|ziyadnz|hourly,2026-08-17T18:48:05Z,2026-08-17T18:48:05Z,
79.122.48.245,ipv4,ssh-brute-force,high,WHITE,blocklist.de/ssh|blocklist.de/all|ziyadnz/hourly-ipv4,blocklist.de|ssh|bot|irc-bot|brute-force|ziyadnz|hourly,2026-08-17T18:48:05Z,2026-08-17T18:48:05Z,
79.126.114.180,ipv4,ssh-brute-force,high,WHITE,blocklist.de/ssh|blocklist.de/all|ziyadnz/hourly-ipv4,blocklist.de|ssh|bot|irc-bot|brute-force|ziyadnz|hourly,2026-08-17T18:48:05Z,2026-08-17T18:48:05Z,
79.137.76.231,ipv4,ssh-brute-force,high,WHITE,blocklist.de/ssh|blocklist.de/all|ziyadnz/hourly-ipv4,blocklist.de|ssh|bot|irc-bot|brute-force|ziyadnz|hourly,2026-08-17T18:48:05Z,2026-08-17T18:48:05Z,
79.3.96.178,ipv4,ssh-brute-force,high,WHITE,blocklist.de/ssh|blocklist.de/all|ziyadnz/hourly-ipv4,blocklist.de|ssh|bot|irc-bot|brute-force|ziyadnz|hourly,2026-08-17T18:48:05Z,2026-08-17T18:48:05Z,
8.130.117.231,ipv4,ssh-brute-force,high,WHITE,blocklist.de/ssh|blocklist.de/all|ziyadnz/hourly-ipv4,blocklist.de|ssh|bot|irc-bot|brute-force|ziyadnz|hourly,2026-08-17T18:48:05Z,2026-08-17T18:48:05Z,
8.130.126.61,ipv4,ssh-brute-force,high,WHITE,blocklist.de/ssh|blocklist.de/all|ziyadnz/hourly-ipv4,blocklist.de|ssh|bot|irc-bot|brute-force|ziyadnz|hourly,2026-08-17T18:48:05Z,2026-08-17T18:48:05Z,
8.130.44.50,ipv4,ssh-brute-force,high,WHITE,blocklist.de/ssh|blocklist.de/all|ziyadnz/hourly-ipv4,blocklist.de|ssh|bot|irc-bot|brute-force|ziyadnz|hourly,2026-08-17T18:48:05Z,2026-08-17T18:48:05Z,
8.131.74.250,ipv4,ssh-brute-force,high,WHITE,blocklist.de/ssh|blocklist.de/all|ziyadnz/hourly-ipv4,blocklist.de|ssh|bot|irc-bot|brute-force|ziyadnz|hourly,2026-08-17T18:48:05Z,2026-08-17T18:48:05Z,
8.131.79.83,ipv4,ssh-brute-force,high,WHITE,blocklist.de/ssh|blocklist.de/all|ziyadnz/hourly-ipv4,blocklist.de|ssh|bot|irc-bot|brute-force|ziyadnz|hourly,2026-08-17T18:48:05Z,2026-08-17T18:48:05Z,
8.133.185.52,ipv4,ssh-brute-force,high,WHITE,blocklist.de/ssh|blocklist.de/all|ziyadnz/hourly-ipv4,blocklist.de|ssh|bot|irc-bot|brute-force|ziyadnz|hourly,2026-08-17T18:48:05Z,2026-08-17T18:48:05Z,
8.134.239.76,ipv4,ssh-brute-force,high,WHITE,blocklist.de/ssh|blocklist.de/all|ziyadnz/hourly-ipv4,blocklist.de|ssh|bot|irc-bot|brute-force|ziyadnz|hourly,2026-08-17T18:48:05Z,2026-08-17T18:48:05Z,
8.138.108.179,ipv4,ssh-brute-force,high,WHITE,blocklist.de/ssh|blocklist.de/all|ziyadnz/hourly-ipv4,blocklist.de|ssh|bot|irc-bot|brute-force|ziyadnz|hourly,2026-08-17T18:48:05Z,2026-08-17T18:48:05Z,
8.138.147.213,ipv4,ssh-brute-force,high,WHITE,blocklist.de/ssh|blocklist.de/all|ziyadnz/hourly-ipv4,blocklist.de|ssh|bot|irc-bot|brute-force|ziyadnz|hourly,2026-08-17T18:48:05Z,2026-08-17T18:48:05Z,
8.138.172.28,ipv4,ssh-brute-force,high,WHITE,blocklist.de/ssh|blocklist.de/all|ziyadnz/hourly-ipv4,blocklist.de|ssh|bot|irc-bot|brute-force|ziyadnz|hourly,2026-08-17T18:48:05Z,2026-08-17T18:48:05Z,
8.141.12.219,ipv4,ssh-brute-force,high,WHITE,blocklist.de/ssh|blocklist.de/all|ziyadnz/hourly-ipv4,blocklist.de|ssh|bot|irc-bot|brute-force|ziyadnz|hourly,2026-08-17T18:48:05Z,2026-08-17T18:48:05Z,
8.148.148.192,ipv4,ssh-brute-force,high,WHITE,blocklist.de/ssh|blocklist.de/all|ziyadnz/hourly-ipv4,blocklist.de|ssh|bot|irc-bot|brute-force|ziyadnz|hourly,2026-08-17T18:48:05Z,2026-08-17T18:48:05Z,
8.148.180.18,ipv4,ssh-brute-force,high,WHITE,blocklist.de/ssh|blocklist.de/all|ziyadnz/hourly-ipv4,blocklist.de|ssh|bot|irc-bot|brute-force|ziyadnz|hourly,2026-08-17T18:48:05Z,2026-08-17T18:48:05Z,
8.152.209.0,ipv4,ssh-brute-force,high,WHITE,blocklist.de/ssh|blocklist.de/all|ziyadnz/hourly-ipv4,blocklist.de|ssh|bot|irc-bot|brute-force|ziyadnz|hourly,2026-08-17T18:48:05Z,2026-08-17T18:48:05Z,
8.152.99.77,ipv4,ssh-brute-force,high,WHITE,blocklist.de/ssh|blocklist.de/all|ziyadnz/hourly-ipv4,blocklist.de|ssh|bot|irc-bot|brute-force|ziyadnz|hourly,2026-08-17T18:48:05Z,2026-08-17T18:48:05Z,
8.154.43.173,ipv4,ssh-brute-force,high,WHITE,blocklist.de/ssh|blocklist.de/all|ziyadnz/hourly-ipv4,blocklist.de|ssh|bot|irc-bot|brute-force|ziyadnz|hourly,2026-08-17T18:48:05Z,2026-08-17T18:48:05Z,
8.156.83.235,ipv4,ssh-brute-force,high,WHITE,blocklist.de/ssh|blocklist.de/all|ziyadnz/hourly-ipv4,blocklist.de|ssh|bot|irc-bot|brute-force|ziyadnz|hourly,2026-08-17T18:48:05Z,2026-08-17T18:48:05Z,
8.160.186.209,ipv4,ssh-brute-force,high,WHITE,blocklist.de/ssh|blocklist.de/all|ziyadnz/hourly-ipv4,blocklist.de|ssh|bot|irc-bot|brute-force|ziyadnz|hourly,2026-08-17T18:48:05Z,2026-08-17T18:48:05Z,
8.162.7.119,ipv4,ssh-brute-force,high,WHITE,blocklist.de/ssh|blocklist.de/all|ziyadnz/hourly-ipv4,blocklist.de|ssh|bot|irc-bot|brute-force|ziyadnz|hourly,2026-08-17T18:48:05Z,2026-08-17T18:48:05Z,
8.208.44.152,ipv4,ssh-brute-force,high,WHITE,blocklist.de/ssh|blocklist.de/all|ziyadnz/hourly-ipv4,blocklist.de|ssh|bot|irc-bot|brute-force|ziyadnz|hourly,2026-08-17T18:48:05Z,2026-08-17T18:48:05Z,
8.210.28.151,ipv4,ssh-brute-force,high,WHITE,blocklist.de/ssh|blocklist.de/all|ziyadnz/hourly-ipv4,blocklist.de|ssh|bot|irc-bot|brute-force|ziyadnz|hourly,2026-08-17T18:48:05Z,2026-08-17T18:48:05Z,
8.210.88.252,ipv4,ssh-brute-force,high,WHITE,blocklist.de/ssh|blocklist.de/all|ziyadnz/hourly-ipv4,blocklist.de|ssh|bot|irc-bot|brute-force|ziyadnz|hourly,2026-08-17T18:48:05Z,2026-08-17T18:48:05Z,
8.216.8.41,ipv4,ssh-brute-force,high,WHITE,blocklist.de/ssh|blocklist.de/all|ziyadnz/hourly-ipv4,blocklist.de|ssh|bot|irc-bot|brute-force|ziyadnz|hourly,2026-08-17T18:48:05Z,2026-08-17T18:48:05Z,
8.218.179.107,ipv4,ssh-brute-force,high,WHITE,blocklist.de/ssh|blocklist.de/all|ziyadnz/hourly-ipv4,blocklist.de|ssh|bot|irc-bot|brute-force|ziyadnz|hourly,2026-08-17T18:48:05Z,2026-08-17T18:48:05Z,
8.218.26.254,ipv4,ssh-brute-force,high,WHITE,blocklist.de/ssh|blocklist.de/all|ziyadnz/hourly-ipv4,blocklist.de|ssh|bot|irc-bot|brute-force|ziyadnz|hourly,2026-08-17T18:48:05Z,2026-08-17T18:48:05Z,
8.219.12.33,ipv4,ssh-brute-force,high,WHITE,blocklist.de/ssh|blocklist.de/all|ziyadnz/hourly-ipv4,blocklist.de|ssh|bot|irc-bot|brute-force|ziyadnz|hourly,2026-08-17T18:48:05Z,2026-08-17T18:48:05Z,
8.219.140.39,ipv4,ssh-brute-force,high,WHITE,blocklist.de/ssh|blocklist.de/all|ziyadnz/hourly-ipv4,blocklist.de|ssh|bot|irc-bot|brute-force|ziyadnz|hourly,2026-08-17T18:48:05Z,2026-08-17T18:48:05Z,
8.219.212.237,ipv4,ssh-brute-force,high,WHITE,blocklist.de/ssh|blocklist.de/all|ziyadnz/hourly-ipv4,blocklist.de|ssh|bot|irc-bot|brute-force|ziyadnz|hourly,2026-08-17T18:48:05Z,2026-08-17T18:48:05Z,
8.219.89.169,ipv4,ssh-brute-force,high,WHITE,blocklist.de/ssh|blocklist.de/all|ziyadnz/hourly-ipv4,blocklist.de|ssh|bot|irc-bot|brute-force|ziyadnz|hourly,2026-08-17T18:48:05Z,2026-08-17T18:48:05Z,
8.220.180.66,ipv4,ssh-brute-force,high,WHITE,blocklist.de/ssh|blocklist.de/all|ziyadnz/hourly-ipv4,blocklist.de|ssh|bot|irc-bot|brute-force|ziyadnz|hourly,2026-08-17T18:48:05Z,2026-08-17T18:48:05Z,
8.222.147.197,ipv4,ssh-brute-force,high,WHITE,blocklist.de/ssh|blocklist.de/all|ziyadnz/hourly-ipv4,blocklist.de|ssh|bot|irc-bot|brute-force|ziyadnz|hourly,2026-08-17T18:48:05Z,2026-08-17T18:48:05Z,
8.222.203.158,ipv4,ssh-brute-force,high,WHITE,blocklist.de/ssh|blocklist.de/all|ziyadnz/hourly-ipv4,blocklist.de|ssh|bot|irc-bot|brute-force|ziyadnz|hourly,2026-08-17T18:48:05Z,2026-08-17T18:48:05Z,
8.222.218.251,ipv4,ssh-brute-force,high,WHITE,blocklist.de/ssh|blocklist.de/all|ziyadnz/hourly-ipv4,blocklist.de|ssh|bot|irc-bot|brute-force|ziyadnz|hourly,2026-08-17T18:48:05Z,2026-08-17T18:48:05Z,
8.222.227.197,ipv4,ssh-brute-force,high,WHITE,blocklist.de/ssh|blocklist.de/all|ziyadnz/hourly-ipv4,blocklist.de|ssh|bot|irc-bot|brute-force|ziyadnz|hourly,2026-08-17T18:48:05Z,2026-08-17T18:48:05Z,
8.243.71.238,ipv4,ssh-brute-force,high,WHITE,blocklist.de/ssh|blocklist.de/all|ziyadnz/hourly-ipv4,blocklist.de|ssh|bot|irc-bot|brute-force|ziyadnz|hourly,2026-08-17T18:48:05Z,2026-08-17T18:48:05Z,
80.1.115.177,ipv4,ssh-brute-force,high,WHITE,blocklist.de/ssh|blocklist.de/all|ziyadnz/hourly-ipv4,blocklist.de|ssh|bot|irc-bot|brute-force|ziyadnz|hourly,2026-08-17T18:48:05Z,2026-08-17T18:48:05Z,
80.102.218.187,ipv4,ssh-brute-force,high,WHITE,blocklist.de/ssh|blocklist.de/all|ziyadnz/hourly-ipv4,blocklist.de|ssh|bot|irc-bot|brute-force|ziyadnz|hourly,2026-08-17T18:48:05Z,2026-08-17T18:48:05Z,
80.153.25.57,ipv4,ssh-brute-force,high,WHITE,blocklist.de/ssh|blocklist.de/all|ziyadnz/hourly-ipv4,blocklist.de|ssh|bot|irc-bot|brute-force|ziyadnz|hourly,2026-08-17T18:48:05Z,2026-08-17T18:48:05Z,
80.201.146.198,ipv4,ssh-brute-force,high,WHITE,blocklist.de/ssh|blocklist.de/all|ziyadnz/hourly-ipv4,blocklist.de|ssh|bot|irc-bot|brute-force|ziyadnz|hourly,2026-08-17T18:48:05Z,2026-08-17T18:48:05Z,
80.230.118.68,ipv4,ssh-brute-force,high,WHITE,blocklist.de/ssh|blocklist.de/all|ziyadnz/hourly-ipv4,blocklist.de|ssh|bot|irc-bot|brute-force|ziyadnz|hourly,2026-08-17T18:48:05Z,2026-08-17T18:48:05Z,
80.233.45.78,ipv4,ssh-brute-force,high,WHITE,blocklist.de/ssh|blocklist.de/all|ziyadnz/hourly-ipv4,blocklist.de|ssh|bot|irc-bot|brute-force|ziyadnz|hourly,2026-08-17T18:48:05Z,2026-08-17T18:48:05Z,
80.233.52.203,ipv4,ssh-brute-force,high,WHITE,blocklist.de/ssh|blocklist.de/all|ziyadnz/hourly-ipv4,blocklist.de|ssh|bot|irc-bot|brute-force|ziyadnz|hourly,2026-08-17T18:48:05Z,2026-08-17T18:48:05Z,
80.234.78.214,ipv4,ssh-brute-force,high,WHITE,blocklist.de/ssh|blocklist.de/all|ziyadnz/hourly-ipv4,blocklist.de|ssh|bot|irc-bot|brute-force|ziyadnz|hourly,2026-08-17T18:48:05Z,2026-08-17T18:48:05Z,
80.234.84.120,ipv4,ssh-brute-force,high,WHITE,blocklist.de/ssh|blocklist.de/all|ziyadnz/hourly-ipv4,blocklist.de|ssh|bot|irc-bot|brute-force|ziyadnz|hourly,2026-08-17T18:48:05Z,2026-08-17T18:48:05Z,
80.249.207.246,ipv4,ssh-brute-force,high,WHITE,blocklist.de/ssh|blocklist.de/all|ziyadnz/hourly-ipv4,blocklist.de|ssh|bot|irc-bot|brute-force|ziyadnz|hourly,2026-08-17T18:48:05Z,2026-08-17T18:48:05Z,
80.53.123.2,ipv4,ssh-brute-force,high,WHITE,blocklist.de/ssh|blocklist.de/all|ziyadnz/hourly-ipv4,blocklist.de|ssh|bot|irc-bot|brute-force|ziyadnz|hourly,2026-08-17T18:48:05Z,2026-08-17T18:48:05Z,
80.85.84.75,ipv4,ssh-brute-force,high,WHITE,blocklist.de/ssh|blocklist.de/all|ziyadnz/hourly-ipv4,blocklist.de|ssh|bot|irc-bot|brute-force|ziyadnz|hourly,2026-08-17T18:48:05Z,2026-08-17T18:48:05Z,
80.87.197.34,ipv4,ssh-brute-force,high,WHITE,blocklist.de/ssh|blocklist.de/all|ziyadnz/hourly-ipv4,blocklist.de|ssh|bot|irc-bot|brute-force|ziyadnz|hourly,2026-08-17T18:48:05Z,2026-08-17T18:48:05Z,
80.91.223.114,ipv4,ssh-brute-force,high,WHITE,blocklist.de/ssh|blocklist.de/all|ziyadnz/hourly-ipv4,blocklist.de|ssh|bot|irc-bot|brute-force|ziyadnz|hourly,2026-08-17T18:48:05Z,2026-08-17T18:48:05Z,
80.94.92.179,ipv4,ssh-brute-force,high,WHITE,blocklist.de/ssh|blocklist.de/all|ziyadnz/hourly-ipv4,blocklist.de|ssh|bot|irc-bot|brute-force|ziyadnz|hourly,2026-08-17T18:48:05Z,2026-08-17T18:48:05Z,
80.94.92.18,ipv4,ssh-brute-force,high,WHITE,blocklist.de/ssh|blocklist.de/all|ziyadnz/hourly-ipv4,blocklist.de|ssh|bot|irc-bot|brute-force|ziyadnz|hourly,2026-08-17T18:48:05Z,2026-08-17T18:48:05Z,
80.94.92.234,ipv4,ssh-brute-force,high,WHITE,blocklist.de/ssh|blocklist.de/all|ziyadnz/hourly-ipv4,blocklist.de|ssh|bot|irc-bot|brute-force|ziyadnz|hourly,2026-08-17T18:48:05Z,2026-08-17T18:48:05Z,
80.94.92.55,ipv4,ssh-brute-force,high,WHITE,blocklist.de/ssh|blocklist.de/all|ziyadnz/hourly-ipv4,blocklist.de|ssh|bot|irc-bot|brute-force|ziyadnz|hourly,2026-08-17T18:48:05Z,2026-08-17T18:48:05Z,
80.94.92.9,ipv4,ssh-brute-force,high,WHITE,blocklist.de/ssh|blocklist.de/all|ziyadnz/hourly-ipv4,blocklist.de|ssh|bot|irc-bot|brute-force|ziyadnz|hourly,2026-08-17T18:48:05Z,2026-08-17T18:48:05Z,
81.12.39.145,ipv4,ssh-brute-force,high,WHITE,blocklist.de/ssh|blocklist.de/all|ziyadnz/hourly-ipv4,blocklist.de|ssh|bot|irc-bot|brute-force|ziyadnz|hourly,2026-08-17T18:48:05Z,2026-08-17T18:48:05Z,
81.12.39.210,ipv4,ssh-brute-force,high,WHITE,blocklist.de/ssh|blocklist.de/all|ziyadnz/hourly-ipv4,blocklist.de|ssh|bot|irc-bot|brute-force|ziyadnz|hourly,2026-08-17T18:48:05Z,2026-08-17T18:48:05Z,
81.12.41.179,ipv4,ssh-brute-force,high,WHITE,blocklist.de/ssh|blocklist.de/all|ziyadnz/hourly-ipv4,blocklist.de|ssh|bot|irc-bot|brute-force|ziyadnz|hourly,2026-08-17T18:48:05Z,2026-08-17T18:48:05Z,
81.162.254.215,ipv4,ssh-brute-force,high,WHITE,blocklist.de/ssh|blocklist.de/all|ziyadnz/hourly-ipv4,blocklist.de|ssh|bot|irc-bot|brute-force|ziyadnz|hourly,2026-08-17T18:48:05Z,2026-08-17T18:48:05Z,
81.162.255.198,ipv4,ssh-brute-force,high,WHITE,blocklist.de/ssh|blocklist.de/all|ziyadnz/hourly-ipv4,blocklist.de|ssh|bot|irc-bot|brute-force|ziyadnz|hourly,2026-08-17T18:48:05Z,2026-08-17T18:48:05Z,
81.172.78.124,ipv4,ssh-brute-force,high,WHITE,blocklist.de/ssh|blocklist.de/all|ziyadnz/hourly-ipv4,blocklist.de|ssh|bot|irc-bot|brute-force|ziyadnz|hourly,2026-08-17T18:48:05Z,2026-08-17T18:48:05Z,
81.177.135.231,ipv4,ssh-brute-force,high,WHITE,blocklist.de/ssh|blocklist.de/all|ziyadnz/hourly-ipv4,blocklist.de|ssh|bot|irc-bot|brute-force|ziyadnz|hourly,2026-08-17T18:48:05Z,2026-08-17T18:48:05Z,
81.183.37.82,ipv4,ssh-brute-force,high,WHITE,blocklist.de/ssh|blocklist.de/all|ziyadnz/hourly-ipv4,blocklist.de|ssh|bot|irc-bot|brute-force|ziyadnz|hourly,2026-08-17T18:48:05Z,2026-08-17T18:48:05Z,
81.19.141.13,ipv4,ssh-brute-force,high,WHITE,blocklist.de/ssh|blocklist.de/all|ziyadnz/hourly-ipv4,blocklist.de|ssh|bot|irc-bot|brute-force|ziyadnz|hourly,2026-08-17T18:48:05Z,2026-08-17T18:48:05Z,
81.192.46.29,ipv4,ssh-brute-force,high,WHITE,blocklist.de/ssh|blocklist.de/all|ziyadnz/hourly-ipv4,blocklist.de|ssh|bot|irc-bot|brute-force|ziyadnz|hourly,2026-08-17T18:48:05Z,2026-08-17T18:48:05Z,
81.192.46.32,ipv4,ssh-brute-force,high,WHITE,blocklist.de/ssh|blocklist.de/all|ziyadnz/hourly-ipv4,blocklist.de|ssh|bot|irc-bot|brute-force|ziyadnz|hourly,2026-08-17T18:48:05Z,2026-08-17T18:48:05Z,
81.193.216.17,ipv4,ssh-brute-force,high,WHITE,blocklist.de/ssh|blocklist.de/all|ziyadnz/hourly-ipv4,blocklist.de|ssh|bot|irc-bot|brute-force|ziyadnz|hourly,2026-08-17T18:48:05Z,2026-08-17T18:48:05Z,
81.226.129.67,ipv4,ssh-brute-force,high,WHITE,blocklist.de/ssh|blocklist.de/all|ziyadnz/hourly-ipv4,blocklist.de|ssh|bot|irc-bot|brute-force|ziyadnz|hourly,2026-08-17T18:48:05Z,2026-08-17T18:48:05Z,
81.23.173.32,ipv4,ssh-brute-force,high,WHITE,blocklist.de/ssh|blocklist.de/all|ziyadnz/hourly-ipv4,blocklist.de|ssh|bot|irc-bot|brute-force|ziyadnz|hourly,2026-08-17T18:48:05Z,2026-08-17T18:48:05Z,
81.25.76.66,ipv4,ssh-brute-force,high,WHITE,blocklist.de/ssh|blocklist.de/all|ziyadnz/hourly-ipv4,blocklist.de|ssh|bot|irc-bot|brute-force|ziyadnz|hourly,2026-08-17T18:48:05Z,2026-08-17T18:48:05Z,
81.70.90.206,ipv4,ssh-brute-force,high,WHITE,blocklist.de/ssh|blocklist.de/all|ziyadnz/hourly-ipv4,blocklist.de|ssh|bot|irc-bot|brute-force|ziyadnz|hourly,2026-08-17T18:48:05Z,2026-08-17T18:48:05Z,
82.102.247.168,ipv4,ssh-brute-force,high,WHITE,blocklist.de/ssh|blocklist.de/all|ziyadnz/hourly-ipv4,blocklist.de|ssh|bot|irc-bot|brute-force|ziyadnz|hourly,2026-08-17T18:48:05Z,2026-08-17T18:48:05Z,
82.123.133.169,ipv4,ssh-brute-force,high,WHITE,blocklist.de/ssh|blocklist.de/all|ziyadnz/hourly-ipv4,blocklist.de|ssh|bot|irc-bot|brute-force|ziyadnz|hourly,2026-08-17T18:48:05Z,2026-08-17T18:48:05Z,
82.127.38.115,ipv4,ssh-brute-force,high,WHITE,blocklist.de/ssh|blocklist.de/all|ziyadnz/hourly-ipv4,blocklist.de|ssh|bot|irc-bot|brute-force|ziyadnz|hourly,2026-08-17T18:48:05Z,2026-08-17T18:48:05Z,
82.151.209.10,ipv4,ssh-brute-force,high,WHITE,blocklist.de/ssh|blocklist.de/all|ziyadnz/hourly-ipv4,blocklist.de|ssh|bot|irc-bot|brute-force|ziyadnz|hourly,2026-08-17T18:48:05Z,2026-08-17T18:48:05Z,
82.152.211.71,ipv4,ssh-brute-force,high,WHITE,blocklist.de/ssh|blocklist.de/all|ziyadnz/hourly-ipv4,blocklist.de|ssh|bot|irc-bot|brute-force|ziyadnz|hourly,2026-08-17T18:48:05Z,2026-08-17T18:48:05Z,
82.152.98.13,ipv4,ssh-brute-force,high,WHITE,blocklist.de/ssh|blocklist.de/all|ziyadnz/hourly-ipv4,blocklist.de|ssh|bot|irc-bot|brute-force|ziyadnz|hourly,2026-08-17T18:48:05Z,2026-08-17T18:48:05Z,
82.156.115.138,ipv4,ssh-brute-force,high,WHITE,blocklist.de/ssh|blocklist.de/all|ziyadnz/hourly-ipv4,blocklist.de|ssh|bot|irc-bot|brute-force|ziyadnz|hourly,2026-08-17T18:48:05Z,2026-08-17T18:48:05Z,
82.165.218.97,ipv4,ssh-brute-force,high,WHITE,blocklist.de/ssh|blocklist.de/all|ziyadnz/hourly-ipv4,blocklist.de|ssh|bot|irc-bot|brute-force|ziyadnz|hourly,2026-08-17T18:48:05Z,2026-08-17T18:48:05Z,
82.202.136.80,ipv4,ssh-brute-force,high,WHITE,blocklist.de/ssh|blocklist.de/all|ziyadnz/hourly-ipv4,blocklist.de|ssh|bot|irc-bot|brute-force|ziyadnz|hourly,2026-08-17T18:48:05Z,2026-08-17T18:48:05Z,
82.207.50.182,ipv4,ssh-brute-force,high,WHITE,blocklist.de/ssh|blocklist.de/all|ziyadnz/hourly-ipv4,blocklist.de|ssh|bot|irc-bot|brute-force|ziyadnz|hourly,2026-08-17T18:48:05Z,2026-08-17T18:48:05Z,
82.215.106.46,ipv4,ssh-brute-force,high,WHITE,blocklist.de/ssh|blocklist.de/all|ziyadnz/hourly-ipv4,blocklist.de|ssh|bot|irc-bot|brute-force|ziyadnz|hourly,2026-08-17T18:48:05Z,2026-08-17T18:48:05Z,
82.215.109.112,ipv4,ssh-brute-force,high,WHITE,blocklist.de/ssh|blocklist.de/all|ziyadnz/hourly-ipv4,blocklist.de|ssh|bot|irc-bot|brute-force|ziyadnz|hourly,2026-08-17T18:48:05Z,2026-08-17T18:48:05Z,
82.215.98.166,ipv4,ssh-brute-force,high,WHITE,blocklist.de/ssh|blocklist.de/all|ziyadnz/hourly-ipv4,blocklist.de|ssh|bot|irc-bot|brute-force|ziyadnz|hourly,2026-08-17T18:48:05Z,2026-08-17T18:48:05Z,
82.42.225.42,ipv4,ssh-brute-force,high,WHITE,blocklist.de/ssh|blocklist.de/all|ziyadnz/hourly-ipv4,blocklist.de|ssh|bot|irc-bot|brute-force|ziyadnz|hourly,2026-08-17T18:48:05Z,2026-08-17T18:48:05Z,
82.67.188.250,ipv4,ssh-brute-force,high,WHITE,blocklist.de/ssh|blocklist.de/all|ziyadnz/hourly-ipv4,blocklist.de|ssh|bot|irc-bot|brute-force|ziyadnz|hourly,2026-08-17T18:48:05Z,2026-08-17T18:48:05Z,
82.79.141.32,ipv4,ssh-brute-force,high,WHITE,blocklist.de/ssh|blocklist.de/all|ziyadnz/hourly-ipv4,blocklist.de|ssh|bot|irc-bot|brute-force|ziyadnz|hourly,2026-08-17T18:48:05Z,2026-08-17T18:48:05Z,
82.86.122.48,ipv4,ssh-brute-force,high,WHITE,blocklist.de/ssh|blocklist.de/all|ziyadnz/hourly-ipv4,blocklist.de|ssh|bot|irc-bot|brute-force|ziyadnz|hourly,2026-08-17T18:48:05Z,2026-08-17T18:48:05Z,
83.145.42.126,ipv4,ssh-brute-force,high,WHITE,blocklist.de/ssh|blocklist.de/all|ziyadnz/hourly-ipv4,blocklist.de|ssh|bot|irc-bot|brute-force|ziyadnz|hourly,2026-08-17T18:48:05Z,2026-08-17T18:48:05Z,
83.168.110.13,ipv4,ssh-brute-force,high,WHITE,blocklist.de/ssh|blocklist.de/all|ziyadnz/hourly-ipv4,blocklist.de|ssh|bot|irc-bot|brute-force|ziyadnz|hourly,2026-08-17T18:48:05Z,2026-08-17T18:48:05Z,
83.198.198.53,ipv4,ssh-brute-force,high,WHITE,blocklist.de/ssh|blocklist.de/all|ziyadnz/hourly-ipv4,blocklist.de|ssh|bot|irc-bot|brute-force|ziyadnz|hourly,2026-08-17T18:48:05Z,2026-08-17T18:48:05Z,
83.216.123.140,ipv4,ssh-brute-force,high,WHITE,blocklist.de/ssh|blocklist.de/all|ziyadnz/hourly-ipv4,blocklist.de|ssh|bot|irc-bot|brute-force|ziyadnz|hourly,2026-08-17T18:48:05Z,2026-08-17T18:48:05Z,
83.226.87.131,ipv4,ssh-brute-force,high,WHITE,blocklist.de/ssh|blocklist.de/all|ziyadnz/hourly-ipv4,blocklist.de|ssh|bot|irc-bot|brute-force|ziyadnz|hourly,2026-08-17T18:48:05Z,2026-08-17T18:48:05Z,
83.233.149.204,ipv4,ssh-brute-force,high,WHITE,blocklist.de/ssh|blocklist.de/all|ziyadnz/hourly-ipv4,blocklist.de|ssh|bot|irc-bot|brute-force|ziyadnz|hourly,2026-08-17T18:48:05Z,2026-08-17T18:48:05Z,
83.243.202.250,ipv4,ssh-brute-force,high,WHITE,blocklist.de/ssh|blocklist.de/all|ziyadnz/hourly-ipv4,blocklist.de|ssh|bot|irc-bot|brute-force|ziyadnz|hourly,2026-08-17T18:48:05Z,2026-08-17T18:48:05Z,
83.248.189.195,ipv4,ssh-brute-force,high,WHITE,blocklist.de/ssh|blocklist.de/all|ziyadnz/hourly-ipv4,blocklist.de|ssh|bot|irc-bot|brute-force|ziyadnz|hourly,2026-08-17T18:48:05Z,2026-08-17T18:48:05Z,
83.250.128.8,ipv4,ssh-brute-force,high,WHITE,blocklist.de/ssh|blocklist.de/all|ziyadnz/hourly-ipv4,blocklist.de|ssh|bot|irc-bot|brute-force|ziyadnz|hourly,2026-08-17T18:48:05Z,2026-08-17T18:48:05Z,
84.176.233.118,ipv4,ssh-brute-force,high,WHITE,blocklist.de/ssh|blocklist.de/all|ziyadnz/hourly-ipv4,blocklist.de|ssh|bot|irc-bot|brute-force|ziyadnz|hourly,2026-08-17T18:48:05Z,2026-08-17T18:48:05Z,
84.201.175.72,ipv4,ssh-brute-force,high,WHITE,blocklist.de/ssh|blocklist.de/all|ziyadnz/hourly-ipv4,blocklist.de|ssh|bot|irc-bot|brute-force|ziyadnz|hourly,2026-08-17T18:48:05Z,2026-08-17T18:48:05Z,
84.201.243.44,ipv4,ssh-brute-force,high,WHITE,blocklist.de/ssh|blocklist.de/all|ziyadnz/hourly-ipv4,blocklist.de|ssh|bot|irc-bot|brute-force|ziyadnz|hourly,2026-08-17T18:48:05Z,2026-08-17T18:48:05Z,
84.219.146.7,ipv4,ssh-brute-force,high,WHITE,blocklist.de/ssh|blocklist.de/all|ziyadnz/hourly-ipv4,blocklist.de|ssh|bot|irc-bot|brute-force|ziyadnz|hourly,2026-08-17T18:48:05Z,2026-08-17T18:48:05Z,
84.235.233.122,ipv4,ssh-brute-force,high,WHITE,blocklist.de/ssh|blocklist.de/all|ziyadnz/hourly-ipv4,blocklist.de|ssh|bot|irc-bot|brute-force|ziyadnz|hourly,2026-08-17T18:48:05Z,2026-08-17T18:48:05Z,
84.247.176.95,ipv4,ssh-brute-force,high,WHITE,blocklist.de/ssh|blocklist.de/all|ziyadnz/hourly-ipv4,blocklist.de|ssh|bot|irc-bot|brute-force|ziyadnz|hourly,2026-08-17T18:48:05Z,2026-08-17T18:48:05Z,
84.54.71.248,ipv4,ssh-brute-force,high,WHITE,blocklist.de/ssh|blocklist.de/all|ziyadnz/hourly-ipv4,blocklist.de|ssh|bot|irc-bot|brute-force|ziyadnz|hourly,2026-08-17T18:48:05Z,2026-08-17T18:48:05Z,
85.108.197.236,ipv4,ssh-brute-force,high,WHITE,blocklist.de/ssh|blocklist.de/all|ziyadnz/hourly-ipv4,blocklist.de|ssh|bot|irc-bot|brute-force|ziyadnz|hourly,2026-08-17T18:48:05Z,2026-08-17T18:48:05Z,
85.11.167.154,ipv4,ssh-brute-force,high,WHITE,blocklist.de/ssh|blocklist.de/all|ziyadnz/hourly-ipv4,blocklist.de|ssh|bot|irc-bot|brute-force|ziyadnz|hourly,2026-08-17T18:48:05Z,2026-08-17T18:48:05Z,
85.133.193.72,ipv4,ssh-brute-force,high,WHITE,blocklist.de/ssh|blocklist.de/all|ziyadnz/hourly-ipv4,blocklist.de|ssh|bot|irc-bot|brute-force|ziyadnz|hourly,2026-08-17T18:48:05Z,2026-08-17T18:48:05Z,
85.137.246.74,ipv4,ssh-brute-force,high,WHITE,blocklist.de/ssh|blocklist.de/all|ziyadnz/hourly-ipv4,blocklist.de|ssh|bot|irc-bot|brute-force|ziyadnz|hourly,2026-08-17T18:48:05Z,2026-08-17T18:48:05Z,
85.17.55.113,ipv4,ssh-brute-force,high,WHITE,blocklist.de/ssh|blocklist.de/all|ziyadnz/hourly-ipv4,blocklist.de|ssh|bot|irc-bot|brute-force|ziyadnz|hourly,2026-08-17T18:48:05Z,2026-08-17T18:48:05Z,
85.175.72.188,ipv4,ssh-brute-force,high,WHITE,blocklist.de/ssh|blocklist.de/all|ziyadnz/hourly-ipv4,blocklist.de|ssh|bot|irc-bot|brute-force|ziyadnz|hourly,2026-08-17T18:48:05Z,2026-08-17T18:48:05Z,
85.198.19.242,ipv4,ssh-brute-force,high,WHITE,blocklist.de/ssh|blocklist.de/all|ziyadnz/hourly-ipv4,blocklist.de|ssh|bot|irc-bot|brute-force|ziyadnz|hourly,2026-08-17T18:48:05Z,2026-08-17T18:48:05Z,
85.198.9.131,ipv4,ssh-brute-force,high,WHITE,blocklist.de/ssh|blocklist.de/all|ziyadnz/hourly-ipv4,blocklist.de|ssh|bot|irc-bot|brute-force|ziyadnz|hourly,2026-08-17T18:48:05Z,2026-08-17T18:48:05Z,
85.204.116.239,ipv4,ssh-brute-force,high,WHITE,blocklist.de/ssh|blocklist.de/all|ziyadnz/hourly-ipv4,blocklist.de|ssh|bot|irc-bot|brute-force|ziyadnz|hourly,2026-08-17T18:48:05Z,2026-08-17T18:48:05Z,
85.216.81.75,ipv4,ssh-brute-force,high,WHITE,blocklist.de/ssh|blocklist.de/all|ziyadnz/hourly-ipv4,blocklist.de|ssh|bot|irc-bot|brute-force|ziyadnz|hourly,2026-08-17T18:48:05Z,2026-08-17T18:48:05Z,
85.222.184.79,ipv4,ssh-brute-force,high,WHITE,blocklist.de/ssh|blocklist.de/all|ziyadnz/hourly-ipv4,blocklist.de|ssh|bot|irc-bot|brute-force|ziyadnz|hourly,2026-08-17T18:48:05Z,2026-08-17T18:48:05Z,
85.239.149.72,ipv4,ssh-brute-force,medium,WHITE,blocklist.de/ssh|blocklist.de/all,blocklist.de|ssh|bot|irc-bot|brute-force|ziyadnz|hourly,2026-08-17T18:48:05Z,2026-08-17T18:48:05Z,
85.240.193.104,ipv4,ssh-brute-force,high,WHITE,blocklist.de/ssh|blocklist.de/all|ziyadnz/hourly-ipv4,blocklist.de|ssh|bot|irc-bot|brute-force|ziyadnz|hourly,2026-08-17T18:48:05Z,2026-08-17T18:48:05Z,
85.241.2.24,ipv4,ssh-brute-force,high,WHITE,blocklist.de/ssh|blocklist.de/all|ziyadnz/hourly-ipv4,blocklist.de|ssh|bot|irc-bot|brute-force|ziyadnz|hourly,2026-08-17T18:48:05Z,2026-08-17T18:48:05Z,
85.30.212.24,ipv4,ssh-brute-force,high,WHITE,blocklist.de/ssh|blocklist.de/all|ziyadnz/hourly-ipv4,blocklist.de|ssh|bot|irc-bot|brute-force|ziyadnz|hourly,2026-08-17T18:48:05Z,2026-08-17T18:48:05Z,
85.69.240.210,ipv4,ssh-brute-force,high,WHITE,blocklist.de/ssh|blocklist.de/all|ziyadnz/hourly-ipv4,blocklist.de|ssh|bot|irc-bot|brute-force|ziyadnz|hourly,2026-08-17T18:48:05Z,2026-08-17T18:48:05Z,
85.95.143.7,ipv4,ssh-brute-force,high,WHITE,blocklist.de/ssh|blocklist.de/all|ziyadnz/hourly-ipv4,blocklist.de|ssh|bot|irc-bot|brute-force|ziyadnz|hourly,2026-08-17T18:48:05Z,2026-08-17T18:48:05Z,
86.102.111.211,ipv4,ssh-brute-force,high,WHITE,blocklist.de/ssh|blocklist.de/all|ziyadnz/hourly-ipv4,blocklist.de|ssh|bot|irc-bot|brute-force|ziyadnz|hourly,2026-08-17T18:48:05Z,2026-08-17T18:48:05Z,
86.108.9.192,ipv4,ssh-brute-force,high,WHITE,blocklist.de/ssh|blocklist.de/all|ziyadnz/hourly-ipv4,blocklist.de|ssh|bot|irc-bot|brute-force|ziyadnz|hourly,2026-08-17T18:48:05Z,2026-08-17T18:48:05Z,
86.120.182.178,ipv4,ssh-brute-force,high,WHITE,blocklist.de/ssh|blocklist.de/all|ziyadnz/hourly-ipv4,blocklist.de|ssh|bot|irc-bot|brute-force|ziyadnz|hourly,2026-08-17T18:48:05Z,2026-08-17T18:48:05Z,
86.120.225.143,ipv4,ssh-brute-force,high,WHITE,blocklist.de/ssh|blocklist.de/all|ziyadnz/hourly-ipv4,blocklist.de|ssh|bot|irc-bot|brute-force|ziyadnz|hourly,2026-08-17T18:48:05Z,2026-08-17T18:48:05Z,
86.201.224.68,ipv4,ssh-brute-force,high,WHITE,blocklist.de/ssh|blocklist.de/all|ziyadnz/hourly-ipv4,blocklist.de|ssh|bot|irc-bot|brute-force|ziyadnz|hourly,2026-08-17T18:48:05Z,2026-08-17T18:48:05Z,
86.239.184.33,ipv4,ssh-brute-force,high,WHITE,blocklist.de/ssh|blocklist.de/all|ziyadnz/hourly-ipv4,blocklist.de|ssh|bot|irc-bot|brute-force|ziyadnz|hourly,2026-08-17T18:48:05Z,2026-08-17T18:48:05Z,
86.54.31.38,ipv4,ssh-brute-force,high,WHITE,blocklist.de/ssh|blocklist.de/all|ziyadnz/hourly-ipv4,blocklist.de|ssh|bot|irc-bot|brute-force|ziyadnz|hourly,2026-08-17T18:48:05Z,2026-08-17T18:48:05Z,
86.98.48.59,ipv4,ssh-brute-force,high,WHITE,blocklist.de/ssh|blocklist.de/all|ziyadnz/hourly-ipv4,blocklist.de|ssh|bot|irc-bot|brute-force|ziyadnz|hourly,2026-08-17T18:48:05Z,2026-08-17T18:48:05Z,
86.98.54.133,ipv4,ssh-brute-force,high,WHITE,blocklist.de/ssh|blocklist.de/all|ziyadnz/hourly-ipv4,blocklist.de|ssh|bot|irc-bot|brute-force|ziyadnz|hourly,2026-08-17T18:48:05Z,2026-08-17T18:48:05Z,
87.106.211.166,ipv4,ssh-brute-force,high,WHITE,blocklist.de/ssh|blocklist.de/all|ziyadnz/hourly-ipv4,blocklist.de|ssh|bot|irc-bot|brute-force|ziyadnz|hourly,2026-08-17T18:48:05Z,2026-08-17T18:48:05Z,
87.106.29.151,ipv4,ssh-brute-force,high,WHITE,blocklist.de/ssh|blocklist.de/all|ziyadnz/hourly-ipv4,blocklist.de|ssh|bot|irc-bot|brute-force|ziyadnz|hourly,2026-08-17T18:48:05Z,2026-08-17T18:48:05Z,
87.106.44.172,ipv4,ssh-brute-force,high,WHITE,blocklist.de/ssh|blocklist.de/all|ziyadnz/hourly-ipv4,blocklist.de|ssh|bot|irc-bot|brute-force|ziyadnz|hourly,2026-08-17T18:48:05Z,2026-08-17T18:48:05Z,
87.106.47.28,ipv4,ssh-brute-force,high,WHITE,blocklist.de/ssh|blocklist.de/all|ziyadnz/hourly-ipv4,blocklist.de|ssh|bot|irc-bot|brute-force|ziyadnz|hourly,2026-08-17T18:48:05Z,2026-08-17T18:48:05Z,
87.106.63.76,ipv4,ssh-brute-force,high,WHITE,blocklist.de/ssh|blocklist.de/all|ziyadnz/hourly-ipv4,blocklist.de|ssh|bot|irc-bot|brute-force|ziyadnz|hourly,2026-08-17T18:48:05Z,2026-08-17T18:48:05Z,
87.106.65.126,ipv4,ssh-brute-force,high,WHITE,blocklist.de/ssh|blocklist.de/all|ziyadnz/hourly-ipv4,blocklist.de|ssh|bot|irc-bot|brute-force|ziyadnz|hourly,2026-08-17T18:48:05Z,2026-08-17T18:48:05Z,
87.107.4.166,ipv4,ssh-brute-force,high,WHITE,blocklist.de/ssh|blocklist.de/all|ziyadnz/hourly-ipv4,blocklist.de|ssh|bot|irc-bot|brute-force|ziyadnz|hourly,2026-08-17T18:48:05Z,2026-08-17T18:48:05Z,
87.120.186.70,ipv4,ssh-brute-force,high,WHITE,blocklist.de/ssh|blocklist.de/all|ziyadnz/hourly-ipv4,blocklist.de|ssh|bot|irc-bot|brute-force|ziyadnz|hourly,2026-08-17T18:48:05Z,2026-08-17T18:48:05Z,
87.121.13.223,ipv4,ssh-brute-force,high,WHITE,blocklist.de/ssh|blocklist.de/all|ziyadnz/hourly-ipv4,blocklist.de|ssh|bot|irc-bot|brute-force|ziyadnz|hourly,2026-08-17T18:48:05Z,2026-08-17T18:48:05Z,
87.149.132.243,ipv4,ssh-brute-force,high,WHITE,blocklist.de/ssh|blocklist.de/all|ziyadnz/hourly-ipv4,blocklist.de|ssh|bot|irc-bot|brute-force|ziyadnz|hourly,2026-08-17T18:48:05Z,2026-08-17T18:48:05Z,
87.165.104.4,ipv4,ssh-brute-force,high,WHITE,blocklist.de/ssh|blocklist.de/all|ziyadnz/hourly-ipv4,blocklist.de|ssh|bot|irc-bot|brute-force|ziyadnz|hourly,2026-08-17T18:48:05Z,2026-08-17T18:48:05Z,
87.236.176.105,ipv4,ssh-brute-force,high,WHITE,blocklist.de/ssh|blocklist.de/all|ziyadnz/hourly-ipv4,blocklist.de|ssh|bot|irc-bot|brute-force|ziyadnz|hourly,2026-08-17T18:48:05Z,2026-08-17T18:48:05Z,
87.236.176.112,ipv4,ssh-brute-force,high,WHITE,blocklist.de/ssh|blocklist.de/all|ziyadnz/hourly-ipv4,blocklist.de|ssh|bot|irc-bot|brute-force|ziyadnz|hourly,2026-08-17T18:48:05Z,2026-08-17T18:48:05Z,
87.236.176.15,ipv4,ssh-brute-force,high,WHITE,blocklist.de/ssh|blocklist.de/all|ziyadnz/hourly-ipv4,blocklist.de|ssh|bot|irc-bot|brute-force|ziyadnz|hourly,2026-08-17T18:48:05Z,2026-08-17T18:48:05Z,
87.236.176.151,ipv4,ssh-brute-force,high,WHITE,blocklist.de/ssh|blocklist.de/all|ziyadnz/hourly-ipv4,blocklist.de|ssh|bot|irc-bot|brute-force|ziyadnz|hourly,2026-08-17T18:48:05Z,2026-08-17T18:48:05Z,
87.236.176.16,ipv4,ssh-brute-force,high,WHITE,blocklist.de/ssh|blocklist.de/all|ziyadnz/hourly-ipv4,blocklist.de|ssh|bot|irc-bot|brute-force|ziyadnz|hourly,2026-08-17T18:48:05Z,2026-08-17T18:48:05Z,
87.236.176.168,ipv4,ssh-brute-force,high,WHITE,blocklist.de/ssh|blocklist.de/all|ziyadnz/hourly-ipv4,blocklist.de|ssh|bot|irc-bot|brute-force|ziyadnz|hourly,2026-08-17T18:48:05Z,2026-08-17T18:48:05Z,
87.236.176.187,ipv4,ssh-brute-force,high,WHITE,blocklist.de/ssh|blocklist.de/all|ziyadnz/hourly-ipv4,blocklist.de|ssh|bot|irc-bot|brute-force|ziyadnz|hourly,2026-08-17T18:48:05Z,2026-08-17T18:48:05Z,
87.236.176.188,ipv4,ssh-brute-force,high,WHITE,blocklist.de/ssh|blocklist.de/all|ziyadnz/hourly-ipv4,blocklist.de|ssh|bot|irc-bot|brute-force|ziyadnz|hourly,2026-08-17T18:48:05Z,2026-08-17T18:48:05Z,
87.236.176.190,ipv4,ssh-brute-force,high,WHITE,blocklist.de/ssh|blocklist.de/all|ziyadnz/hourly-ipv4,blocklist.de|ssh|bot|irc-bot|brute-force|ziyadnz|hourly,2026-08-17T18:48:05Z,2026-08-17T18:48:05Z,
87.236.176.194,ipv4,ssh-brute-force,high,WHITE,blocklist.de/ssh|blocklist.de/all|ziyadnz/hourly-ipv4,blocklist.de|ssh|bot|irc-bot|brute-force|ziyadnz|hourly,2026-08-17T18:48:05Z,2026-08-17T18:48:05Z,
87.236.176.233,ipv4,ssh-brute-force,high,WHITE,blocklist.de/ssh|blocklist.de/all|ziyadnz/hourly-ipv4,blocklist.de|ssh|bot|irc-bot|brute-force|ziyadnz|hourly,2026-08-17T18:48:05Z,2026-08-17T18:48:05Z,
87.236.176.236,ipv4,ssh-brute-force,high,WHITE,blocklist.de/ssh|blocklist.de/all|ziyadnz/hourly-ipv4,blocklist.de|ssh|bot|irc-bot|brute-force|ziyadnz|hourly,2026-08-17T18:48:05Z,2026-08-17T18:48:05Z,
87.236.176.32,ipv4,ssh-brute-force,high,WHITE,blocklist.de/ssh|blocklist.de/all|ziyadnz/hourly-ipv4,blocklist.de|ssh|bot|irc-bot|brute-force|ziyadnz|hourly,2026-08-17T18:48:05Z,2026-08-17T18:48:05Z,
87.236.176.44,ipv4,ssh-brute-force,high,WHITE,blocklist.de/ssh|blocklist.de/all|ziyadnz/hourly-ipv4,blocklist.de|ssh|bot|irc-bot|brute-force|ziyadnz|hourly,2026-08-17T18:48:05Z,2026-08-17T18:48:05Z,
87.236.176.47,ipv4,ssh-brute-force,high,WHITE,blocklist.de/ssh|blocklist.de/all|ziyadnz/hourly-ipv4,blocklist.de|ssh|bot|irc-bot|brute-force|ziyadnz|hourly,2026-08-17T18:48:05Z,2026-08-17T18:48:05Z,
87.236.176.78,ipv4,ssh-brute-force,high,WHITE,blocklist.de/ssh|blocklist.de/all|ziyadnz/hourly-ipv4,blocklist.de|ssh|bot|irc-bot|brute-force|ziyadnz|hourly,2026-08-17T18:48:05Z,2026-08-17T18:48:05Z,
87.236.176.93,ipv4,ssh-brute-force,high,WHITE,blocklist.de/ssh|blocklist.de/all|ziyadnz/hourly-ipv4,blocklist.de|ssh|bot|irc-bot|brute-force|ziyadnz|hourly,2026-08-17T18:48:05Z,2026-08-17T18:48:05Z,
87.241.158.71,ipv4,ssh-brute-force,high,WHITE,blocklist.de/ssh|blocklist.de/all|ziyadnz/hourly-ipv4,blocklist.de|ssh|bot|irc-bot|brute-force|ziyadnz|hourly,2026-08-17T18:48:05Z,2026-08-17T18:48:05Z,
87.244.165.41,ipv4,ssh-brute-force,high,WHITE,blocklist.de/ssh|blocklist.de/all|ziyadnz/hourly-ipv4,blocklist.de|ssh|bot|irc-bot|brute-force|ziyadnz|hourly,2026-08-17T18:48:05Z,2026-08-17T18:48:05Z,
87.251.79.125,ipv4,ssh-brute-force,high,WHITE,blocklist.de/ssh|blocklist.de/all|ziyadnz/hourly-ipv4,blocklist.de|ssh|bot|irc-bot|brute-force|ziyadnz|hourly,2026-08-17T18:48:05Z,2026-08-17T18:48:05Z,
87.64.135.22,ipv4,ssh-brute-force,high,WHITE,blocklist.de/ssh|blocklist.de/all|ziyadnz/hourly-ipv4,blocklist.de|ssh|bot|irc-bot|brute-force|ziyadnz|hourly,2026-08-17T18:48:05Z,2026-08-17T18:48:05Z,
88.132.62.193,ipv4,ssh-brute-force,high,WHITE,blocklist.de/ssh|blocklist.de/all|ziyadnz/hourly-ipv4,blocklist.de|ssh|bot|irc-bot|brute-force|ziyadnz|hourly,2026-08-17T18:48:05Z,2026-08-17T18:48:05Z,
88.147.30.59,ipv4,ssh-brute-force,high,WHITE,blocklist.de/ssh|blocklist.de/all|ziyadnz/hourly-ipv4,blocklist.de|ssh|bot|irc-bot|brute-force|ziyadnz|hourly,2026-08-17T18:48:05Z,2026-08-17T18:48:05Z,
88.162.157.37,ipv4,ssh-brute-force,high,WHITE,blocklist.de/ssh|blocklist.de/all|ziyadnz/hourly-ipv4,blocklist.de|ssh|bot|irc-bot|brute-force|ziyadnz|hourly,2026-08-17T18:48:05Z,2026-08-17T18:48:05Z,
88.172.151.92,ipv4,ssh-brute-force,high,WHITE,blocklist.de/ssh|blocklist.de/all|ziyadnz/hourly-ipv4,blocklist.de|ssh|bot|irc-bot|brute-force|ziyadnz|hourly,2026-08-17T18:48:05Z,2026-08-17T18:48:05Z,
88.182.195.80,ipv4,ssh-brute-force,high,WHITE,blocklist.de/ssh|blocklist.de/all|ziyadnz/hourly-ipv4,blocklist.de|ssh|bot|irc-bot|brute-force|ziyadnz|hourly,2026-08-17T18:48:05Z,2026-08-17T18:48:05Z,
88.201.248.148,ipv4,ssh-brute-force,high,WHITE,blocklist.de/ssh|blocklist.de/all|ziyadnz/hourly-ipv4,blocklist.de|ssh|bot|irc-bot|brute-force|ziyadnz|hourly,2026-08-17T18:48:05Z,2026-08-17T18:48:05Z,
88.205.172.170,ipv4,ssh-brute-force,high,WHITE,blocklist.de/ssh|blocklist.de/all|ziyadnz/hourly-ipv4,blocklist.de|ssh|bot|irc-bot|brute-force|ziyadnz|hourly,2026-08-17T18:48:05Z,2026-08-17T18:48:05Z,
88.230.93.143,ipv4,ssh-brute-force,high,WHITE,blocklist.de/ssh|blocklist.de/all|ziyadnz/hourly-ipv4,blocklist.de|ssh|bot|irc-bot|brute-force|ziyadnz|hourly,2026-08-17T18:48:05Z,2026-08-17T18:48:05Z,
88.238.130.25,ipv4,ssh-brute-force,high,WHITE,blocklist.de/ssh|blocklist.de/all|ziyadnz/hourly-ipv4,blocklist.de|ssh|bot|irc-bot|brute-force|ziyadnz|hourly,2026-08-17T18:48:05Z,2026-08-17T18:48:05Z,
89.109.45.194,ipv4,ssh-brute-force,high,WHITE,blocklist.de/ssh|blocklist.de/all|ziyadnz/hourly-ipv4,blocklist.de|ssh|bot|irc-bot|brute-force|ziyadnz|hourly,2026-08-17T18:48:05Z,2026-08-17T18:48:05Z,
89.113.141.79,ipv4,ssh-brute-force,high,WHITE,blocklist.de/ssh|blocklist.de/all|ziyadnz/hourly-ipv4,blocklist.de|ssh|bot|irc-bot|brute-force|ziyadnz|hourly,2026-08-17T18:48:05Z,2026-08-17T18:48:05Z,
89.115.210.230,ipv4,ssh-brute-force,high,WHITE,blocklist.de/ssh|blocklist.de/all|ziyadnz/hourly-ipv4,blocklist.de|ssh|bot|irc-bot|brute-force|ziyadnz|hourly,2026-08-17T18:48:05Z,2026-08-17T18:48:05Z,
89.126.222.163,ipv4,ssh-brute-force,high,WHITE,blocklist.de/ssh|blocklist.de/all|ziyadnz/hourly-ipv4,blocklist.de|ssh|bot|irc-bot|brute-force|ziyadnz|hourly,2026-08-17T18:48:05Z,2026-08-17T18:48:05Z,
89.134.193.117,ipv4,ssh-brute-force,high,WHITE,blocklist.de/ssh|blocklist.de/all|ziyadnz/hourly-ipv4,blocklist.de|ssh|bot|irc-bot|brute-force|ziyadnz|hourly,2026-08-17T18:48:05Z,2026-08-17T18:48:05Z,
89.152.220.234,ipv4,ssh-brute-force,high,WHITE,blocklist.de/ssh|blocklist.de/all|ziyadnz/hourly-ipv4,blocklist.de|ssh|bot|irc-bot|brute-force|ziyadnz|hourly,2026-08-17T18:48:05Z,2026-08-17T18:48:05Z,
89.168.43.135,ipv4,ssh-brute-force,high,WHITE,blocklist.de/ssh|blocklist.de/all|ziyadnz/hourly-ipv4,blocklist.de|ssh|bot|irc-bot|brute-force|ziyadnz|hourly,2026-08-17T18:48:05Z,2026-08-17T18:48:05Z,
89.201.153.220,ipv4,ssh-brute-force,high,WHITE,blocklist.de/ssh|blocklist.de/all|ziyadnz/hourly-ipv4,blocklist.de|ssh|bot|irc-bot|brute-force|ziyadnz|hourly,2026-08-17T18:48:05Z,2026-08-17T18:48:05Z,
89.218.69.66,ipv4,ssh-brute-force,high,WHITE,blocklist.de/ssh|blocklist.de/all|ziyadnz/hourly-ipv4,blocklist.de|ssh|bot|irc-bot|brute-force|ziyadnz|hourly,2026-08-17T18:48:05Z,2026-08-17T18:48:05Z,
89.223.69.22,ipv4,ssh-brute-force,high,WHITE,blocklist.de/ssh|blocklist.de/all|ziyadnz/hourly-ipv4,blocklist.de|ssh|bot|irc-bot|brute-force|ziyadnz|hourly,2026-08-17T18:48:05Z,2026-08-17T18:48:05Z,
89.43.28.134,ipv4,ssh-brute-force,high,WHITE,blocklist.de/ssh|blocklist.de/all|ziyadnz/hourly-ipv4,blocklist.de|ssh|bot|irc-bot|brute-force|ziyadnz|hourly,2026-08-17T18:48:05Z,2026-08-17T18:48:05Z,
90.226.223.18,ipv4,ssh-brute-force,high,WHITE,blocklist.de/ssh|blocklist.de/all|ziyadnz/hourly-ipv4,blocklist.de|ssh|bot|irc-bot|brute-force|ziyadnz|hourly,2026-08-17T18:48:05Z,2026-08-17T18:48:05Z,
90.5.122.47,ipv4,ssh-brute-force,high,WHITE,blocklist.de/ssh|blocklist.de/all|ziyadnz/hourly-ipv4,blocklist.de|ssh|bot|irc-bot|brute-force|ziyadnz|hourly,2026-08-17T18:48:05Z,2026-08-17T18:48:05Z,
91.123.18.16,ipv4,ssh-brute-force,high,WHITE,blocklist.de/ssh|blocklist.de/all|ziyadnz/hourly-ipv4,blocklist.de|ssh|bot|irc-bot|brute-force|ziyadnz|hourly,2026-08-17T18:48:05Z,2026-08-17T18:48:05Z,
91.134.133.184,ipv4,ssh-brute-force,high,WHITE,blocklist.de/ssh|blocklist.de/all|ziyadnz/hourly-ipv4,blocklist.de|ssh|bot|irc-bot|brute-force|ziyadnz|hourly,2026-08-17T18:48:05Z,2026-08-17T18:48:05Z,
91.144.188.76,ipv4,ssh-brute-force,high,WHITE,blocklist.de/ssh|blocklist.de/all|ziyadnz/hourly-ipv4,blocklist.de|ssh|bot|irc-bot|brute-force|ziyadnz|hourly,2026-08-17T18:48:05Z,2026-08-17T18:48:05Z,
91.16.243.113,ipv4,ssh-brute-force,high,WHITE,blocklist.de/ssh|blocklist.de/all|ziyadnz/hourly-ipv4,blocklist.de|ssh|bot|irc-bot|brute-force|ziyadnz|hourly,2026-08-17T18:48:05Z,2026-08-17T18:48:05Z,
91.188.150.166,ipv4,ssh-brute-force,high,WHITE,blocklist.de/ssh|blocklist.de/all|ziyadnz/hourly-ipv4,blocklist.de|ssh|bot|irc-bot|brute-force|ziyadnz|hourly,2026-08-17T18:48:05Z,2026-08-17T18:48:05Z,
91.188.247.151,ipv4,ssh-brute-force,high,WHITE,blocklist.de/ssh|blocklist.de/all|ziyadnz/hourly-ipv4,blocklist.de|ssh|bot|irc-bot|brute-force|ziyadnz|hourly,2026-08-17T18:48:05Z,2026-08-17T18:48:05Z,
91.196.178.204,ipv4,ssh-brute-force,high,WHITE,blocklist.de/ssh|blocklist.de/all|ziyadnz/hourly-ipv4,blocklist.de|ssh|bot|irc-bot|brute-force|ziyadnz|hourly,2026-08-17T18:48:05Z,2026-08-17T18:48:05Z,
91.196.97.156,ipv4,ssh-brute-force,high,WHITE,blocklist.de/ssh|blocklist.de/all|ziyadnz/hourly-ipv4,blocklist.de|ssh|bot|irc-bot|brute-force|ziyadnz|hourly,2026-08-17T18:48:05Z,2026-08-17T18:48:05Z,
91.207.115.249,ipv4,ssh-brute-force,high,WHITE,blocklist.de/ssh|blocklist.de/all|ziyadnz/hourly-ipv4,blocklist.de|ssh|bot|irc-bot|brute-force|ziyadnz|hourly,2026-08-17T18:48:05Z,2026-08-17T18:48:05Z,
91.210.248.219,ipv4,ssh-brute-force,high,WHITE,blocklist.de/ssh|blocklist.de/all|ziyadnz/hourly-ipv4,blocklist.de|ssh|bot|irc-bot|brute-force|ziyadnz|hourly,2026-08-17T18:48:05Z,2026-08-17T18:48:05Z,
91.214.142.63,ipv4,ssh-brute-force,high,WHITE,blocklist.de/ssh|blocklist.de/all|ziyadnz/hourly-ipv4,blocklist.de|ssh|bot|irc-bot|brute-force|ziyadnz|hourly,2026-08-17T18:48:05Z,2026-08-17T18:48:05Z,
91.218.102.30,ipv4,ssh-brute-force,high,WHITE,blocklist.de/ssh|blocklist.de/all|ziyadnz/hourly-ipv4,blocklist.de|ssh|bot|irc-bot|brute-force|ziyadnz|hourly,2026-08-17T18:48:05Z,2026-08-17T18:48:05Z,
91.218.161.70,ipv4,ssh-brute-force,high,WHITE,blocklist.de/ssh|blocklist.de/all|ziyadnz/hourly-ipv4,blocklist.de|ssh|bot|irc-bot|brute-force|ziyadnz|hourly,2026-08-17T18:48:05Z,2026-08-17T18:48:05Z,
91.219.148.217,ipv4,ssh-brute-force,high,WHITE,blocklist.de/ssh|blocklist.de/all|ziyadnz/hourly-ipv4,blocklist.de|ssh|bot|irc-bot|brute-force|ziyadnz|hourly,2026-08-17T18:48:05Z,2026-08-17T18:48:05Z,
91.224.92.17,ipv4,ssh-brute-force,high,WHITE,blocklist.de/ssh|blocklist.de/all|ziyadnz/hourly-ipv4,blocklist.de|ssh|bot|irc-bot|brute-force|ziyadnz|hourly,2026-08-17T18:48:05Z,2026-08-17T18:48:05Z,
91.224.92.92,ipv4,ssh-brute-force,high,WHITE,blocklist.de/ssh|blocklist.de/all|ziyadnz/hourly-ipv4,blocklist.de|ssh|bot|irc-bot|brute-force|ziyadnz|hourly,2026-08-17T18:48:05Z,2026-08-17T18:48:05Z,
91.231.218.149,ipv4,ssh-brute-force,high,WHITE,blocklist.de/ssh|blocklist.de/all|ziyadnz/hourly-ipv4,blocklist.de|ssh|bot|irc-bot|brute-force|ziyadnz|hourly,2026-08-17T18:48:05Z,2026-08-17T18:48:05Z,
91.232.247.229,ipv4,ssh-brute-force,high,WHITE,blocklist.de/ssh|blocklist.de/all|ziyadnz/hourly-ipv4,blocklist.de|ssh|bot|irc-bot|brute-force|ziyadnz|hourly,2026-08-17T18:48:05Z,2026-08-17T18:48:05Z,
91.234.26.138,ipv4,ssh-brute-force,high,WHITE,blocklist.de/ssh|blocklist.de/all|ziyadnz/hourly-ipv4,blocklist.de|ssh|bot|irc-bot|brute-force|ziyadnz|hourly,2026-08-17T18:48:05Z,2026-08-17T18:48:05Z,
91.234.26.159,ipv4,ssh-brute-force,high,WHITE,blocklist.de/ssh|blocklist.de/all|ziyadnz/hourly-ipv4,blocklist.de|ssh|bot|irc-bot|brute-force|ziyadnz|hourly,2026-08-17T18:48:05Z,2026-08-17T18:48:05Z,
91.234.26.163,ipv4,ssh-brute-force,high,WHITE,blocklist.de/ssh|blocklist.de/all|ziyadnz/hourly-ipv4,blocklist.de|ssh|bot|irc-bot|brute-force|ziyadnz|hourly,2026-08-17T18:48:05Z,2026-08-17T18:48:05Z,
91.236.116.50,ipv4,ssh-brute-force,high,WHITE,blocklist.de/ssh|blocklist.de/all|ziyadnz/hourly-ipv4,blocklist.de|ssh|bot|irc-bot|brute-force|ziyadnz|hourly,2026-08-17T18:48:05Z,2026-08-17T18:48:05Z,
91.241.153.105,ipv4,ssh-brute-force,high,WHITE,blocklist.de/ssh|blocklist.de/all|ziyadnz/hourly-ipv4,blocklist.de|ssh|bot|irc-bot|brute-force|ziyadnz|hourly,2026-08-17T18:48:05Z,2026-08-17T18:48:05Z,
91.242.54.82,ipv4,ssh-brute-force,high,WHITE,blocklist.de/ssh|blocklist.de/all|ziyadnz/hourly-ipv4,blocklist.de|ssh|bot|irc-bot|brute-force|ziyadnz|hourly,2026-08-17T18:48:05Z,2026-08-17T18:48:05Z,
91.245.106.18,ipv4,ssh-brute-force,high,WHITE,blocklist.de/ssh|blocklist.de/all|ziyadnz/hourly-ipv4,blocklist.de|ssh|bot|irc-bot|brute-force|ziyadnz|hourly,2026-08-17T18:48:05Z,2026-08-17T18:48:05Z,
91.245.113.7,ipv4,ssh-brute-force,high,WHITE,blocklist.de/ssh|blocklist.de/all|ziyadnz/hourly-ipv4,blocklist.de|ssh|bot|irc-bot|brute-force|ziyadnz|hourly,2026-08-17T18:48:05Z,2026-08-17T18:48:05Z,
91.246.44.195,ipv4,ssh-brute-force,high,WHITE,blocklist.de/ssh|blocklist.de/all|ziyadnz/hourly-ipv4,blocklist.de|ssh|bot|irc-bot|brute-force|ziyadnz|hourly,2026-08-17T18:48:05Z,2026-08-17T18:48:05Z,
91.77.160.69,ipv4,ssh-brute-force,medium,WHITE,blocklist.de/ssh|blocklist.de/all,blocklist.de|ssh|bot|irc-bot|brute-force|ziyadnz|hourly,2026-08-17T18:48:05Z,2026-08-17T18:48:05Z,
91.92.40.124,ipv4,ssh-brute-force,high,WHITE,blocklist.de/ssh|blocklist.de/all|ziyadnz/hourly-ipv4,blocklist.de|ssh|bot|irc-bot|brute-force|ziyadnz|hourly,2026-08-17T18:48:05Z,2026-08-17T18:48:05Z,
91.92.40.14,ipv4,ssh-brute-force,high,WHITE,blocklist.de/ssh|blocklist.de/all|ziyadnz/hourly-ipv4,blocklist.de|ssh|bot|irc-bot|brute-force|ziyadnz|hourly,2026-08-17T18:48:05Z,2026-08-17T18:48:05Z,
91.92.40.151,ipv4,ssh-brute-force,high,WHITE,blocklist.de/ssh|blocklist.de/all|ziyadnz/hourly-ipv4,blocklist.de|ssh|bot|irc-bot|brute-force|ziyadnz|hourly,2026-08-17T18:48:05Z,2026-08-17T18:48:05Z,
91.92.40.153,ipv4,ssh-brute-force,high,WHITE,blocklist.de/ssh|blocklist.de/all|ziyadnz/hourly-ipv4,blocklist.de|ssh|bot|irc-bot|brute-force|ziyadnz|hourly,2026-08-17T18:48:05Z,2026-08-17T18:48:05Z,
91.92.40.171,ipv4,ssh-brute-force,high,WHITE,blocklist.de/ssh|blocklist.de/all|ziyadnz/hourly-ipv4,blocklist.de|ssh|bot|irc-bot|brute-force|ziyadnz|hourly,2026-08-17T18:48:05Z,2026-08-17T18:48:05Z,
91.92.40.19,ipv4,ssh-brute-force,high,WHITE,blocklist.de/ssh|blocklist.de/all|ziyadnz/hourly-ipv4,blocklist.de|ssh|bot|irc-bot|brute-force|ziyadnz|hourly,2026-08-17T18:48:05Z,2026-08-17T18:48:05Z,
91.92.40.200,ipv4,ssh-brute-force,high,WHITE,blocklist.de/ssh|blocklist.de/all|ziyadnz/hourly-ipv4,blocklist.de|ssh|bot|irc-bot|brute-force|ziyadnz|hourly,2026-08-17T18:48:05Z,2026-08-17T18:48:05Z,
91.92.40.202,ipv4,ssh-brute-force,high,WHITE,blocklist.de/ssh|blocklist.de/all|ziyadnz/hourly-ipv4,blocklist.de|ssh|bot|irc-bot|brute-force|ziyadnz|hourly,2026-08-17T18:48:05Z,2026-08-17T18:48:05Z,
91.92.40.217,ipv4,ssh-brute-force,high,WHITE,blocklist.de/ssh|blocklist.de/all|ziyadnz/hourly-ipv4,blocklist.de|ssh|bot|irc-bot|brute-force|ziyadnz|hourly,2026-08-17T18:48:05Z,2026-08-17T18:48:05Z,
91.92.40.23,ipv4,ssh-brute-force,high,WHITE,blocklist.de/ssh|blocklist.de/all|ziyadnz/hourly-ipv4,blocklist.de|ssh|bot|irc-bot|brute-force|ziyadnz|hourly,2026-08-17T18:48:05Z,2026-08-17T18:48:05Z,
91.92.40.24,ipv4,ssh-brute-force,high,WHITE,blocklist.de/ssh|blocklist.de/all|ziyadnz/hourly-ipv4,blocklist.de|ssh|bot|irc-bot|brute-force|ziyadnz|hourly,2026-08-17T18:48:05Z,2026-08-17T18:48:05Z,
91.92.40.25,ipv4,ssh-brute-force,high,WHITE,blocklist.de/ssh|blocklist.de/all|ziyadnz/hourly-ipv4,blocklist.de|ssh|bot|irc-bot|brute-force|ziyadnz|hourly,2026-08-17T18:48:05Z,2026-08-17T18:48:05Z,
91.92.40.27,ipv4,ssh-brute-force,high,WHITE,blocklist.de/ssh|blocklist.de/all|ziyadnz/hourly-ipv4,blocklist.de|ssh|bot|irc-bot|brute-force|ziyadnz|hourly,2026-08-17T18:48:05Z,2026-08-17T18:48:05Z,
91.92.40.28,ipv4,ssh-brute-force,high,WHITE,blocklist.de/ssh|blocklist.de/all|ziyadnz/hourly-ipv4,blocklist.de|ssh|bot|irc-bot|brute-force|ziyadnz|hourly,2026-08-17T18:48:05Z,2026-08-17T18:48:05Z,
91.92.40.29,ipv4,ssh-brute-force,high,WHITE,blocklist.de/ssh|blocklist.de/all|ziyadnz/hourly-ipv4,blocklist.de|ssh|bot|irc-bot|brute-force|ziyadnz|hourly,2026-08-17T18:48:05Z,2026-08-17T18:48:05Z,
91.92.40.31,ipv4,ssh-brute-force,high,WHITE,blocklist.de/ssh|blocklist.de/all|ziyadnz/hourly-ipv4,blocklist.de|ssh|bot|irc-bot|brute-force|ziyadnz|hourly,2026-08-17T18:48:05Z,2026-08-17T18:48:05Z,
91.92.40.35,ipv4,ssh-brute-force,high,WHITE,blocklist.de/ssh|blocklist.de/all|ziyadnz/hourly-ipv4,blocklist.de|ssh|bot|irc-bot|brute-force|ziyadnz|hourly,2026-08-17T18:48:05Z,2026-08-17T18:48:05Z,
91.92.40.36,ipv4,ssh-brute-force,high,WHITE,blocklist.de/ssh|blocklist.de/all|ziyadnz/hourly-ipv4,blocklist.de|ssh|bot|irc-bot|brute-force|ziyadnz|hourly,2026-08-17T18:48:05Z,2026-08-17T18:48:05Z,
91.92.40.37,ipv4,ssh-brute-force,high,WHITE,blocklist.de/ssh|blocklist.de/all|ziyadnz/hourly-ipv4,blocklist.de|ssh|bot|irc-bot|brute-force|ziyadnz|hourly,2026-08-17T18:48:05Z,2026-08-17T18:48:05Z,
91.92.40.41,ipv4,ssh-brute-force,high,WHITE,blocklist.de/ssh|blocklist.de/all|ziyadnz/hourly-ipv4,blocklist.de|ssh|bot|irc-bot|brute-force|ziyadnz|hourly,2026-08-17T18:48:05Z,2026-08-17T18:48:05Z,
91.92.40.43,ipv4,ssh-brute-force,high,WHITE,blocklist.de/ssh|blocklist.de/all|ziyadnz/hourly-ipv4,blocklist.de|ssh|bot|irc-bot|brute-force|ziyadnz|hourly,2026-08-17T18:48:05Z,2026-08-17T18:48:05Z,
91.92.40.44,ipv4,ssh-brute-force,high,WHITE,blocklist.de/ssh|blocklist.de/all|ziyadnz/hourly-ipv4,blocklist.de|ssh|bot|irc-bot|brute-force|ziyadnz|hourly,2026-08-17T18:48:05Z,2026-08-17T18:48:05Z,
91.92.40.45,ipv4,ssh-brute-force,high,WHITE,blocklist.de/ssh|blocklist.de/all|ziyadnz/hourly-ipv4,blocklist.de|ssh|bot|irc-bot|brute-force|ziyadnz|hourly,2026-08-17T18:48:05Z,2026-08-17T18:48:05Z,
91.92.40.46,ipv4,ssh-brute-force,high,WHITE,blocklist.de/ssh|blocklist.de/all|ziyadnz/hourly-ipv4,blocklist.de|ssh|bot|irc-bot|brute-force|ziyadnz|hourly,2026-08-17T18:48:05Z,2026-08-17T18:48:05Z,
91.92.40.47,ipv4,ssh-brute-force,high,WHITE,blocklist.de/ssh|blocklist.de/all|ziyadnz/hourly-ipv4,blocklist.de|ssh|bot|irc-bot|brute-force|ziyadnz|hourly,2026-08-17T18:48:05Z,2026-08-17T18:48:05Z,
91.92.40.48,ipv4,ssh-brute-force,high,WHITE,blocklist.de/ssh|blocklist.de/all|ziyadnz/hourly-ipv4,blocklist.de|ssh|bot|irc-bot|brute-force|ziyadnz|hourly,2026-08-17T18:48:05Z,2026-08-17T18:48:05Z,
91.92.40.49,ipv4,ssh-brute-force,high,WHITE,blocklist.de/ssh|blocklist.de/all|ziyadnz/hourly-ipv4,blocklist.de|ssh|bot|irc-bot|brute-force|ziyadnz|hourly,2026-08-17T18:48:05Z,2026-08-17T18:48:05Z,
91.92.40.50,ipv4,ssh-brute-force,high,WHITE,blocklist.de/ssh|blocklist.de/all|ziyadnz/hourly-ipv4,blocklist.de|ssh|bot|irc-bot|brute-force|ziyadnz|hourly,2026-08-17T18:48:05Z,2026-08-17T18:48:05Z,
91.92.40.52,ipv4,ssh-brute-force,high,WHITE,blocklist.de/ssh|blocklist.de/all|ziyadnz/hourly-ipv4,blocklist.de|ssh|bot|irc-bot|brute-force|ziyadnz|hourly,2026-08-17T18:48:05Z,2026-08-17T18:48:05Z,
91.92.42.10,ipv4,ssh-brute-force,high,WHITE,blocklist.de/ssh|blocklist.de/all|ziyadnz/hourly-ipv4,blocklist.de|ssh|bot|irc-bot|brute-force|ziyadnz|hourly,2026-08-17T18:48:05Z,2026-08-17T18:48:05Z,
91.92.42.126,ipv4,ssh-brute-force,high,WHITE,blocklist.de/ssh|blocklist.de/all|ziyadnz/hourly-ipv4,blocklist.de|ssh|bot|irc-bot|brute-force|ziyadnz|hourly,2026-08-17T18:48:05Z,2026-08-17T18:48:05Z,
91.92.42.133,ipv4,ssh-brute-force,high,WHITE,blocklist.de/ssh|blocklist.de/all|ziyadnz/hourly-ipv4,blocklist.de|ssh|bot|irc-bot|brute-force|ziyadnz|hourly,2026-08-17T18:48:05Z,2026-08-17T18:48:05Z,
91.92.42.147,ipv4,ssh-brute-force,high,WHITE,blocklist.de/ssh|blocklist.de/all|ziyadnz/hourly-ipv4,blocklist.de|ssh|bot|irc-bot|brute-force|ziyadnz|hourly,2026-08-17T18:48:05Z,2026-08-17T18:48:05Z,
91.92.42.168,ipv4,ssh-brute-force,high,WHITE,blocklist.de/ssh|blocklist.de/all|ziyadnz/hourly-ipv4,blocklist.de|ssh|bot|irc-bot|brute-force|ziyadnz|hourly,2026-08-17T18:48:05Z,2026-08-17T18:48:05Z,
91.92.42.172,ipv4,ssh-brute-force,high,WHITE,blocklist.de/ssh|blocklist.de/all|ziyadnz/hourly-ipv4,blocklist.de|ssh|bot|irc-bot|brute-force|ziyadnz|hourly,2026-08-17T18:48:05Z,2026-08-17T18:48:05Z,
91.92.42.178,ipv4,ssh-brute-force,high,WHITE,blocklist.de/ssh|blocklist.de/all|ziyadnz/hourly-ipv4,blocklist.de|ssh|bot|irc-bot|brute-force|ziyadnz|hourly,2026-08-17T18:48:05Z,2026-08-17T18:48:05Z,
91.92.42.19,ipv4,ssh-brute-force,high,WHITE,blocklist.de/ssh|blocklist.de/all|ziyadnz/hourly-ipv4,blocklist.de|ssh|bot|irc-bot|brute-force|ziyadnz|hourly,2026-08-17T18:48:05Z,2026-08-17T18:48:05Z,
91.92.42.195,ipv4,ssh-brute-force,high,WHITE,blocklist.de/ssh|blocklist.de/all|ziyadnz/hourly-ipv4,blocklist.de|ssh|bot|irc-bot|brute-force|ziyadnz|hourly,2026-08-17T18:48:05Z,2026-08-17T18:48:05Z,
91.92.42.227,ipv4,ssh-brute-force,high,WHITE,blocklist.de/ssh|blocklist.de/all|ziyadnz/hourly-ipv4,blocklist.de|ssh|bot|irc-bot|brute-force|ziyadnz|hourly,2026-08-17T18:48:05Z,2026-08-17T18:48:05Z,
91.92.42.242,ipv4,ssh-brute-force,high,WHITE,blocklist.de/ssh|blocklist.de/all|ziyadnz/hourly-ipv4,blocklist.de|ssh|bot|irc-bot|brute-force|ziyadnz|hourly,2026-08-17T18:48:05Z,2026-08-17T18:48:05Z,
91.92.42.34,ipv4,ssh-brute-force,high,WHITE,blocklist.de/ssh|blocklist.de/all|ziyadnz/hourly-ipv4,blocklist.de|ssh|bot|irc-bot|brute-force|ziyadnz|hourly,2026-08-17T18:48:05Z,2026-08-17T18:48:05Z,
91.92.42.36,ipv4,ssh-brute-force,high,WHITE,blocklist.de/ssh|blocklist.de/all|ziyadnz/hourly-ipv4,blocklist.de|ssh|bot|irc-bot|brute-force|ziyadnz|hourly,2026-08-17T18:48:05Z,2026-08-17T18:48:05Z,
91.92.42.52,ipv4,ssh-brute-force,high,WHITE,blocklist.de/ssh|blocklist.de/all|ziyadnz/hourly-ipv4,blocklist.de|ssh|bot|irc-bot|brute-force|ziyadnz|hourly,2026-08-17T18:48:05Z,2026-08-17T18:48:05Z,
91.92.42.61,ipv4,ssh-brute-force,high,WHITE,blocklist.de/ssh|blocklist.de/all|ziyadnz/hourly-ipv4,blocklist.de|ssh|bot|irc-bot|brute-force|ziyadnz|hourly,2026-08-17T18:48:05Z,2026-08-17T18:48:05Z,
91.92.42.64,ipv4,ssh-brute-force,high,WHITE,blocklist.de/ssh|blocklist.de/all|ziyadnz/hourly-ipv4,blocklist.de|ssh|bot|irc-bot|brute-force|ziyadnz|hourly,2026-08-17T18:48:05Z,2026-08-17T18:48:05Z,
91.92.42.7,ipv4,ssh-brute-force,high,WHITE,blocklist.de/ssh|blocklist.de/all|ziyadnz/hourly-ipv4,blocklist.de|ssh|bot|irc-bot|brute-force|ziyadnz|hourly,2026-08-17T18:48:05Z,2026-08-17T18:48:05Z,
91.92.42.81,ipv4,ssh-brute-force,high,WHITE,blocklist.de/ssh|blocklist.de/all|ziyadnz/hourly-ipv4,blocklist.de|ssh|bot|irc-bot|brute-force|ziyadnz|hourly,2026-08-17T18:48:05Z,2026-08-17T18:48:05Z,
91.92.42.87,ipv4,ssh-brute-force,high,WHITE,blocklist.de/ssh|blocklist.de/all|ziyadnz/hourly-ipv4,blocklist.de|ssh|bot|irc-bot|brute-force|ziyadnz|hourly,2026-08-17T18:48:05Z,2026-08-17T18:48:05Z,
91.92.47.117,ipv4,ssh-brute-force,high,WHITE,blocklist.de/ssh|blocklist.de/all|ziyadnz/hourly-ipv4,blocklist.de|ssh|bot|irc-bot|brute-force|ziyadnz|hourly,2026-08-17T18:48:05Z,2026-08-17T18:48:05Z,
91.92.47.120,ipv4,ssh-brute-force,high,WHITE,blocklist.de/ssh|blocklist.de/all|ziyadnz/hourly-ipv4,blocklist.de|ssh|bot|irc-bot|brute-force|ziyadnz|hourly,2026-08-17T18:48:05Z,2026-08-17T18:48:05Z,
91.92.47.123,ipv4,ssh-brute-force,high,WHITE,blocklist.de/ssh|blocklist.de/all|ziyadnz/hourly-ipv4,blocklist.de|ssh|bot|irc-bot|brute-force|ziyadnz|hourly,2026-08-17T18:48:05Z,2026-08-17T18:48:05Z,
91.92.47.128,ipv4,ssh-brute-force,high,WHITE,blocklist.de/ssh|blocklist.de/all|ziyadnz/hourly-ipv4,blocklist.de|ssh|bot|irc-bot|brute-force|ziyadnz|hourly,2026-08-17T18:48:05Z,2026-08-17T18:48:05Z,
91.92.47.140,ipv4,ssh-brute-force,high,WHITE,blocklist.de/ssh|blocklist.de/all|ziyadnz/hourly-ipv4,blocklist.de|ssh|bot|irc-bot|brute-force|ziyadnz|hourly,2026-08-17T18:48:05Z,2026-08-17T18:48:05Z,
91.92.47.208,ipv4,ssh-brute-force,high,WHITE,blocklist.de/ssh|blocklist.de/all|ziyadnz/hourly-ipv4,blocklist.de|ssh|bot|irc-bot|brute-force|ziyadnz|hourly,2026-08-17T18:48:05Z,2026-08-17T18:48:05Z,
91.92.47.35,ipv4,ssh-brute-force,high,WHITE,blocklist.de/ssh|blocklist.de/all|ziyadnz/hourly-ipv4,blocklist.de|ssh|bot|irc-bot|brute-force|ziyadnz|hourly,2026-08-17T18:48:05Z,2026-08-17T18:48:05Z,
91.92.47.53,ipv4,ssh-brute-force,high,WHITE,blocklist.de/ssh|blocklist.de/all|ziyadnz/hourly-ipv4,blocklist.de|ssh|bot|irc-bot|brute-force|ziyadnz|hourly,2026-08-17T18:48:05Z,2026-08-17T18:48:05Z,
91.92.47.55,ipv4,ssh-brute-force,high,WHITE,blocklist.de/ssh|blocklist.de/all|ziyadnz/hourly-ipv4,blocklist.de|ssh|bot|irc-bot|brute-force|ziyadnz|hourly,2026-08-17T18:48:05Z,2026-08-17T18:48:05Z,
91.92.47.6,ipv4,ssh-brute-force,high,WHITE,blocklist.de/ssh|blocklist.de/all|ziyadnz/hourly-ipv4,blocklist.de|ssh|bot|irc-bot|brute-force|ziyadnz|hourly,2026-08-17T18:48:05Z,2026-08-17T18:48:05Z,
91.92.47.66,ipv4,ssh-brute-force,high,WHITE,blocklist.de/ssh|blocklist.de/all|ziyadnz/hourly-ipv4,blocklist.de|ssh|bot|irc-bot|brute-force|ziyadnz|hourly,2026-08-17T18:48:05Z,2026-08-17T18:48:05Z,
91.92.47.90,ipv4,ssh-brute-force,high,WHITE,blocklist.de/ssh|blocklist.de/all|ziyadnz/hourly-ipv4,blocklist.de|ssh|bot|irc-bot|brute-force|ziyadnz|hourly,2026-08-17T18:48:05Z,2026-08-17T18:48:05Z,
91.92.47.96,ipv4,ssh-brute-force,high,WHITE,blocklist.de/ssh|blocklist.de/all|ziyadnz/hourly-ipv4,blocklist.de|ssh|bot|irc-bot|brute-force|ziyadnz|hourly,2026-08-17T18:48:05Z,2026-08-17T18:48:05Z,
92.118.112.176,ipv4,ssh-brute-force,high,WHITE,blocklist.de/ssh|blocklist.de/all|ziyadnz/hourly-ipv4,blocklist.de|ssh|bot|irc-bot|brute-force|ziyadnz|hourly,2026-08-17T18:48:05Z,2026-08-17T18:48:05Z,
92.118.39.14,ipv4,ssh-brute-force,high,WHITE,blocklist.de/ssh|blocklist.de/all|ziyadnz/hourly-ipv4,blocklist.de|ssh|bot|irc-bot|brute-force|ziyadnz|hourly,2026-08-17T18:48:05Z,2026-08-17T18:48:05Z,
92.118.39.49,ipv4,ssh-brute-force,high,WHITE,blocklist.de/ssh|blocklist.de/all|ziyadnz/hourly-ipv4,blocklist.de|ssh|bot|irc-bot|brute-force|ziyadnz|hourly,2026-08-17T18:48:05Z,2026-08-17T18:48:05Z,
92.118.39.50,ipv4,ssh-brute-force,high,WHITE,blocklist.de/ssh|blocklist.de/all|ziyadnz/hourly-ipv4,blocklist.de|ssh|bot|irc-bot|brute-force|ziyadnz|hourly,2026-08-17T18:48:05Z,2026-08-17T18:48:05Z,
92.118.39.77,ipv4,ssh-brute-force,high,WHITE,blocklist.de/ssh|blocklist.de/all|ziyadnz/hourly-ipv4,blocklist.de|ssh|bot|irc-bot|brute-force|ziyadnz|hourly,2026-08-17T18:48:05Z,2026-08-17T18:48:05Z,
92.130.231.52,ipv4,ssh-brute-force,high,WHITE,blocklist.de/ssh|blocklist.de/all|ziyadnz/hourly-ipv4,blocklist.de|ssh|bot|irc-bot|brute-force|ziyadnz|hourly,2026-08-17T18:48:05Z,2026-08-17T18:48:05Z,
92.17.1.206,ipv4,ssh-brute-force,high,WHITE,blocklist.de/ssh|blocklist.de/all|ziyadnz/hourly-ipv4,blocklist.de|ssh|bot|irc-bot|brute-force|ziyadnz|hourly,2026-08-17T18:48:05Z,2026-08-17T18:48:05Z,
92.204.128.28,ipv4,ssh-brute-force,high,WHITE,blocklist.de/ssh|blocklist.de/all|ziyadnz/hourly-ipv4,blocklist.de|ssh|bot|irc-bot|brute-force|ziyadnz|hourly,2026-08-17T18:48:05Z,2026-08-17T18:48:05Z,
92.205.181.64,ipv4,ssh-brute-force,high,WHITE,blocklist.de/ssh|blocklist.de/all|ziyadnz/hourly-ipv4,blocklist.de|ssh|bot|irc-bot|brute-force|ziyadnz|hourly,2026-08-17T18:48:05Z,2026-08-17T18:48:05Z,
92.207.4.157,ipv4,ssh-brute-force,high,WHITE,blocklist.de/ssh|blocklist.de/all|ziyadnz/hourly-ipv4,blocklist.de|ssh|bot|irc-bot|brute-force|ziyadnz|hourly,2026-08-17T18:48:05Z,2026-08-17T18:48:05Z,
92.253.192.218,ipv4,ssh-brute-force,high,WHITE,blocklist.de/ssh|blocklist.de/all|ziyadnz/hourly-ipv4,blocklist.de|ssh|bot|irc-bot|brute-force|ziyadnz|hourly,2026-08-17T18:48:05Z,2026-08-17T18:48:05Z,
92.27.157.252,ipv4,ssh-brute-force,high,WHITE,blocklist.de/ssh|blocklist.de/all|ziyadnz/hourly-ipv4,blocklist.de|ssh|bot|irc-bot|brute-force|ziyadnz|hourly,2026-08-17T18:48:05Z,2026-08-17T18:48:05Z,
92.33.217.95,ipv4,ssh-brute-force,high,WHITE,blocklist.de/ssh|blocklist.de/all|ziyadnz/hourly-ipv4,blocklist.de|ssh|bot|irc-bot|brute-force|ziyadnz|hourly,2026-08-17T18:48:05Z,2026-08-17T18:48:05Z,
92.36.183.194,ipv4,ssh-brute-force,high,WHITE,blocklist.de/ssh|blocklist.de/all|ziyadnz/hourly-ipv4,blocklist.de|ssh|bot|irc-bot|brute-force|ziyadnz|hourly,2026-08-17T18:48:05Z,2026-08-17T18:48:05Z,
92.38.18.36,ipv4,ssh-brute-force,high,WHITE,blocklist.de/ssh|blocklist.de/all|ziyadnz/hourly-ipv4,blocklist.de|ssh|bot|irc-bot|brute-force|ziyadnz|hourly,2026-08-17T18:48:05Z,2026-08-17T18:48:05Z,
92.38.39.35,ipv4,ssh-brute-force,high,WHITE,blocklist.de/ssh|blocklist.de/all|ziyadnz/hourly-ipv4,blocklist.de|ssh|bot|irc-bot|brute-force|ziyadnz|hourly,2026-08-17T18:48:05Z,2026-08-17T18:48:05Z,
92.47.46.174,ipv4,ssh-brute-force,high,WHITE,blocklist.de/ssh|blocklist.de/all|ziyadnz/hourly-ipv4,blocklist.de|ssh|bot|irc-bot|brute-force|ziyadnz|hourly,2026-08-17T18:48:05Z,2026-08-17T18:48:05Z,
92.52.175.65,ipv4,ssh-brute-force,high,WHITE,blocklist.de/ssh|blocklist.de/all|ziyadnz/hourly-ipv4,blocklist.de|ssh|bot|irc-bot|brute-force|ziyadnz|hourly,2026-08-17T18:48:05Z,2026-08-17T18:48:05Z,
92.53.15.234,ipv4,ssh-brute-force,high,WHITE,blocklist.de/ssh|blocklist.de/all|ziyadnz/hourly-ipv4,blocklist.de|ssh|bot|irc-bot|brute-force|ziyadnz|hourly,2026-08-17T18:48:05Z,2026-08-17T18:48:05Z,
92.62.233.214,ipv4,ssh-brute-force,high,WHITE,blocklist.de/ssh|blocklist.de/all|ziyadnz/hourly-ipv4,blocklist.de|ssh|bot|irc-bot|brute-force|ziyadnz|hourly,2026-08-17T18:48:05Z,2026-08-17T18:48:05Z,
93.139.244.41,ipv4,ssh-brute-force,high,WHITE,blocklist.de/ssh|blocklist.de/all|ziyadnz/hourly-ipv4,blocklist.de|ssh|bot|irc-bot|brute-force|ziyadnz|hourly,2026-08-17T18:48:05Z,2026-08-17T18:48:05Z,
93.152.221.210,ipv4,ssh-brute-force,high,WHITE,blocklist.de/ssh|blocklist.de/all|ziyadnz/hourly-ipv4,blocklist.de|ssh|bot|irc-bot|brute-force|ziyadnz|hourly,2026-08-17T18:48:05Z,2026-08-17T18:48:05Z,
93.158.90.144,ipv4,ssh-brute-force,high,WHITE,blocklist.de/ssh|blocklist.de/all|ziyadnz/hourly-ipv4,blocklist.de|ssh|bot|irc-bot|brute-force|ziyadnz|hourly,2026-08-17T18:48:05Z,2026-08-17T18:48:05Z,
93.158.90.161,ipv4,ssh-brute-force,high,WHITE,blocklist.de/ssh|blocklist.de/all|ziyadnz/hourly-ipv4,blocklist.de|ssh|bot|irc-bot|brute-force|ziyadnz|hourly,2026-08-17T18:48:05Z,2026-08-17T18:48:05Z,
93.158.90.30,ipv4,ssh-brute-force,high,WHITE,blocklist.de/ssh|blocklist.de/all|ziyadnz/hourly-ipv4,blocklist.de|ssh|bot|irc-bot|brute-force|ziyadnz|hourly,2026-08-17T18:48:05Z,2026-08-17T18:48:05Z,
93.158.90.32,ipv4,ssh-brute-force,high,WHITE,blocklist.de/ssh|blocklist.de/all|ziyadnz/hourly-ipv4,blocklist.de|ssh|bot|irc-bot|brute-force|ziyadnz|hourly,2026-08-17T18:48:05Z,2026-08-17T18:48:05Z,
93.171.176.37,ipv4,ssh-brute-force,high,WHITE,blocklist.de/ssh|blocklist.de/all|ziyadnz/hourly-ipv4,blocklist.de|ssh|bot|irc-bot|brute-force|ziyadnz|hourly,2026-08-17T18:48:05Z,2026-08-17T18:48:05Z,
93.180.133.199,ipv4,ssh-brute-force,high,WHITE,blocklist.de/ssh|blocklist.de/all|ziyadnz/hourly-ipv4,blocklist.de|ssh|bot|irc-bot|brute-force|ziyadnz|hourly,2026-08-17T18:48:05Z,2026-08-17T18:48:05Z,
93.184.149.179,ipv4,ssh-brute-force,high,WHITE,blocklist.de/ssh|blocklist.de/all|ziyadnz/hourly-ipv4,blocklist.de|ssh|bot|irc-bot|brute-force|ziyadnz|hourly,2026-08-17T18:48:05Z,2026-08-17T18:48:05Z,
93.191.60.155,ipv4,ssh-brute-force,high,WHITE,blocklist.de/ssh|blocklist.de/all|ziyadnz/hourly-ipv4,blocklist.de|ssh|bot|irc-bot|brute-force|ziyadnz|hourly,2026-08-17T18:48:05Z,2026-08-17T18:48:05Z,
93.62.72.229,ipv4,ssh-brute-force,high,WHITE,blocklist.de/ssh|blocklist.de/all|ziyadnz/hourly-ipv4,blocklist.de|ssh|bot|irc-bot|brute-force|ziyadnz|hourly,2026-08-17T18:48:05Z,2026-08-17T18:48:05Z,
93.90.78.160,ipv4,ssh-brute-force,high,WHITE,blocklist.de/ssh|blocklist.de/all|ziyadnz/hourly-ipv4,blocklist.de|ssh|bot|irc-bot|brute-force|ziyadnz|hourly,2026-08-17T18:48:05Z,2026-08-17T18:48:05Z,
94.103.3.108,ipv4,ssh-brute-force,high,WHITE,blocklist.de/ssh|blocklist.de/all|ziyadnz/hourly-ipv4,blocklist.de|ssh|bot|irc-bot|brute-force|ziyadnz|hourly,2026-08-17T18:48:05Z,2026-08-17T18:48:05Z,
94.154.35.215,ipv4,ssh-brute-force,high,WHITE,blocklist.de/ssh|blocklist.de/all|ziyadnz/hourly-ipv4,blocklist.de|ssh|bot|irc-bot|brute-force|ziyadnz|hourly,2026-08-17T18:48:05Z,2026-08-17T18:48:05Z,
94.154.43.100,ipv4,ssh-brute-force,high,WHITE,blocklist.de/ssh|blocklist.de/all|ziyadnz/hourly-ipv4,blocklist.de|ssh|bot|irc-bot|brute-force|ziyadnz|hourly,2026-08-17T18:48:05Z,2026-08-17T18:48:05Z,
94.154.43.21,ipv4,ssh-brute-force,high,WHITE,blocklist.de/ssh|blocklist.de/all|ziyadnz/hourly-ipv4,blocklist.de|ssh|bot|irc-bot|brute-force|ziyadnz|hourly,2026-08-17T18:48:05Z,2026-08-17T18:48:05Z,
94.154.43.56,ipv4,ssh-brute-force,high,WHITE,blocklist.de/ssh|blocklist.de/all|ziyadnz/hourly-ipv4,blocklist.de|ssh|bot|irc-bot|brute-force|ziyadnz|hourly,2026-08-17T18:48:05Z,2026-08-17T18:48:05Z,
94.156.177.153,ipv4,ssh-brute-force,high,WHITE,blocklist.de/ssh|blocklist.de/all|ziyadnz/hourly-ipv4,blocklist.de|ssh|bot|irc-bot|brute-force|ziyadnz|hourly,2026-08-17T18:48:05Z,2026-08-17T18:48:05Z,
94.156.181.21,ipv4,ssh-brute-force,high,WHITE,blocklist.de/ssh|blocklist.de/all|ziyadnz/hourly-ipv4,blocklist.de|ssh|bot|irc-bot|brute-force|ziyadnz|hourly,2026-08-17T18:48:05Z,2026-08-17T18:48:05Z,
94.156.237.142,ipv4,ssh-brute-force,high,WHITE,blocklist.de/ssh|blocklist.de/all|ziyadnz/hourly-ipv4,blocklist.de|ssh|bot|irc-bot|brute-force|ziyadnz|hourly,2026-08-17T18:48:05Z,2026-08-17T18:48:05Z,
94.158.49.223,ipv4,ssh-brute-force,high,WHITE,blocklist.de/ssh|blocklist.de/all|ziyadnz/hourly-ipv4,blocklist.de|ssh|bot|irc-bot|brute-force|ziyadnz|hourly,2026-08-17T18:48:05Z,2026-08-17T18:48:05Z,
94.158.55.14,ipv4,ssh-brute-force,high,WHITE,blocklist.de/ssh|blocklist.de/all|ziyadnz/hourly-ipv4,blocklist.de|ssh|bot|irc-bot|brute-force|ziyadnz|hourly,2026-08-17T18:48:05Z,2026-08-17T18:48:05Z,
94.158.58.120,ipv4,ssh-brute-force,high,WHITE,blocklist.de/ssh|blocklist.de/all|ziyadnz/hourly-ipv4,blocklist.de|ssh|bot|irc-bot|brute-force|ziyadnz|hourly,2026-08-17T18:48:05Z,2026-08-17T18:48:05Z,
94.158.60.200,ipv4,ssh-brute-force,high,WHITE,blocklist.de/ssh|blocklist.de/all|ziyadnz/hourly-ipv4,blocklist.de|ssh|bot|irc-bot|brute-force|ziyadnz|hourly,2026-08-17T18:48:05Z,2026-08-17T18:48:05Z,
94.158.62.72,ipv4,ssh-brute-force,high,WHITE,blocklist.de/ssh|blocklist.de/all|ziyadnz/hourly-ipv4,blocklist.de|ssh|bot|irc-bot|brute-force|ziyadnz|hourly,2026-08-17T18:48:05Z,2026-08-17T18:48:05Z,
94.159.110.201,ipv4,ssh-brute-force,high,WHITE,blocklist.de/ssh|blocklist.de/all|ziyadnz/hourly-ipv4,blocklist.de|ssh|bot|irc-bot|brute-force|ziyadnz|hourly,2026-08-17T18:48:05Z,2026-08-17T18:48:05Z,
94.182.149.20,ipv4,ssh-brute-force,high,WHITE,blocklist.de/ssh|blocklist.de/all|ziyadnz/hourly-ipv4,blocklist.de|ssh|bot|irc-bot|brute-force|ziyadnz|hourly,2026-08-17T18:48:05Z,2026-08-17T18:48:05Z,
94.183.226.10,ipv4,ssh-brute-force,high,WHITE,blocklist.de/ssh|blocklist.de/all|ziyadnz/hourly-ipv4,blocklist.de|ssh|bot|irc-bot|brute-force|ziyadnz|hourly,2026-08-17T18:48:05Z,2026-08-17T18:48:05Z,
94.183.239.85,ipv4,ssh-brute-force,high,WHITE,blocklist.de/ssh|blocklist.de/all|ziyadnz/hourly-ipv4,blocklist.de|ssh|bot|irc-bot|brute-force|ziyadnz|hourly,2026-08-17T18:48:05Z,2026-08-17T18:48:05Z,
94.183.254.26,ipv4,ssh-brute-force,high,WHITE,blocklist.de/ssh|blocklist.de/all|ziyadnz/hourly-ipv4,blocklist.de|ssh|bot|irc-bot|brute-force|ziyadnz|hourly,2026-08-17T18:48:05Z,2026-08-17T18:48:05Z,
94.20.62.126,ipv4,ssh-brute-force,high,WHITE,blocklist.de/ssh|blocklist.de/all|ziyadnz/hourly-ipv4,blocklist.de|ssh|bot|irc-bot|brute-force|ziyadnz|hourly,2026-08-17T18:48:05Z,2026-08-17T18:48:05Z,
94.204.15.80,ipv4,ssh-brute-force,high,WHITE,blocklist.de/ssh|blocklist.de/all|ziyadnz/hourly-ipv4,blocklist.de|ssh|bot|irc-bot|brute-force|ziyadnz|hourly,2026-08-17T18:48:05Z,2026-08-17T18:48:05Z,
94.231.180.184,ipv4,ssh-brute-force,high,WHITE,blocklist.de/ssh|blocklist.de/all|ziyadnz/hourly-ipv4,blocklist.de|ssh|bot|irc-bot|brute-force|ziyadnz|hourly,2026-08-17T18:48:05Z,2026-08-17T18:48:05Z,
94.236.138.235,ipv4,ssh-brute-force,high,WHITE,blocklist.de/ssh|blocklist.de/all|ziyadnz/hourly-ipv4,blocklist.de|ssh|bot|irc-bot|brute-force|ziyadnz|hourly,2026-08-17T18:48:05Z,2026-08-17T18:48:05Z,
94.240.41.76,ipv4,ssh-brute-force,high,WHITE,blocklist.de/ssh|blocklist.de/all|ziyadnz/hourly-ipv4,blocklist.de|ssh|bot|irc-bot|brute-force|ziyadnz|hourly,2026-08-17T18:48:05Z,2026-08-17T18:48:05Z,
94.247.62.199,ipv4,ssh-brute-force,high,WHITE,blocklist.de/ssh|blocklist.de/all|ziyadnz/hourly-ipv4,blocklist.de|ssh|bot|irc-bot|brute-force|ziyadnz|hourly,2026-08-17T18:48:05Z,2026-08-17T18:48:05Z,
94.249.151.147,ipv4,ssh-brute-force,high,WHITE,blocklist.de/ssh|blocklist.de/all|ziyadnz/hourly-ipv4,blocklist.de|ssh|bot|irc-bot|brute-force|ziyadnz|hourly,2026-08-17T18:48:05Z,2026-08-17T18:48:05Z,
94.253.70.158,ipv4,ssh-brute-force,high,WHITE,blocklist.de/ssh|blocklist.de/all|ziyadnz/hourly-ipv4,blocklist.de|ssh|bot|irc-bot|brute-force|ziyadnz|hourly,2026-08-17T18:48:05Z,2026-08-17T18:48:05Z,
94.26.106.19,ipv4,ssh-brute-force,high,WHITE,blocklist.de/ssh|blocklist.de/all|ziyadnz/hourly-ipv4,blocklist.de|ssh|bot|irc-bot|brute-force|ziyadnz|hourly,2026-08-17T18:48:05Z,2026-08-17T18:48:05Z,
94.26.106.201,ipv4,ssh-brute-force,high,WHITE,blocklist.de/ssh|blocklist.de/all|ziyadnz/hourly-ipv4,blocklist.de|ssh|bot|irc-bot|brute-force|ziyadnz|hourly,2026-08-17T18:48:05Z,2026-08-17T18:48:05Z,
94.26.106.234,ipv4,ssh-brute-force,high,WHITE,blocklist.de/ssh|blocklist.de/all|ziyadnz/hourly-ipv4,blocklist.de|ssh|bot|irc-bot|brute-force|ziyadnz|hourly,2026-08-17T18:48:05Z,2026-08-17T18:48:05Z,
94.26.106.33,ipv4,ssh-brute-force,high,WHITE,blocklist.de/ssh|blocklist.de/all|ziyadnz/hourly-ipv4,blocklist.de|ssh|bot|irc-bot|brute-force|ziyadnz|hourly,2026-08-17T18:48:05Z,2026-08-17T18:48:05Z,
94.54.26.16,ipv4,ssh-brute-force,high,WHITE,blocklist.de/ssh|blocklist.de/all|ziyadnz/hourly-ipv4,blocklist.de|ssh|bot|irc-bot|brute-force|ziyadnz|hourly,2026-08-17T18:48:05Z,2026-08-17T18:48:05Z,
94.72.118.42,ipv4,ssh-brute-force,high,WHITE,blocklist.de/ssh|blocklist.de/all|ziyadnz/hourly-ipv4,blocklist.de|ssh|bot|irc-bot|brute-force|ziyadnz|hourly,2026-08-17T18:48:05Z,2026-08-17T18:48:05Z,
94.72.99.98,ipv4,ssh-brute-force,high,WHITE,blocklist.de/ssh|blocklist.de/all|ziyadnz/hourly-ipv4,blocklist.de|ssh|bot|irc-bot|brute-force|ziyadnz|hourly,2026-08-17T18:48:05Z,2026-08-17T18:48:05Z,
94.76.13.43,ipv4,ssh-brute-force,high,WHITE,blocklist.de/ssh|blocklist.de/all|ziyadnz/hourly-ipv4,blocklist.de|ssh|bot|irc-bot|brute-force|ziyadnz|hourly,2026-08-17T18:48:05Z,2026-08-17T18:48:05Z,
94.76.14.233,ipv4,ssh-brute-force,high,WHITE,blocklist.de/ssh|blocklist.de/all|ziyadnz/hourly-ipv4,blocklist.de|ssh|bot|irc-bot|brute-force|ziyadnz|hourly,2026-08-17T18:48:05Z,2026-08-17T18:48:05Z,
95.130.227.204,ipv4,ssh-brute-force,high,WHITE,blocklist.de/ssh|blocklist.de/all|ziyadnz/hourly-ipv4,blocklist.de|ssh|bot|irc-bot|brute-force|ziyadnz|hourly,2026-08-17T18:48:05Z,2026-08-17T18:48:05Z,
95.163.220.39,ipv4,ssh-brute-force,high,WHITE,blocklist.de/ssh|blocklist.de/all|ziyadnz/hourly-ipv4,blocklist.de|ssh|bot|irc-bot|brute-force|ziyadnz|hourly,2026-08-17T18:48:05Z,2026-08-17T18:48:05Z,
95.165.105.105,ipv4,ssh-brute-force,high,WHITE,blocklist.de/ssh|blocklist.de/all|ziyadnz/hourly-ipv4,blocklist.de|ssh|bot|irc-bot|brute-force|ziyadnz|hourly,2026-08-17T18:48:05Z,2026-08-17T18:48:05Z,
95.173.161.147,ipv4,ssh-brute-force,high,WHITE,blocklist.de/ssh|blocklist.de/all|ziyadnz/hourly-ipv4,blocklist.de|ssh|bot|irc-bot|brute-force|ziyadnz|hourly,2026-08-17T18:48:05Z,2026-08-17T18:48:05Z,
95.174.102.79,ipv4,ssh-brute-force,high,WHITE,blocklist.de/ssh|blocklist.de/all|ziyadnz/hourly-ipv4,blocklist.de|ssh|bot|irc-bot|brute-force|ziyadnz|hourly,2026-08-17T18:48:05Z,2026-08-17T18:48:05Z,
95.181.232.51,ipv4,ssh-brute-force,high,WHITE,blocklist.de/ssh|blocklist.de/all|ziyadnz/hourly-ipv4,blocklist.de|ssh|bot|irc-bot|brute-force|ziyadnz|hourly,2026-08-17T18:48:05Z,2026-08-17T18:48:05Z,
95.216.168.161,ipv4,ssh-brute-force,high,WHITE,blocklist.de/ssh|blocklist.de/all|ziyadnz/hourly-ipv4,blocklist.de|ssh|bot|irc-bot|brute-force|ziyadnz|hourly,2026-08-17T18:48:05Z,2026-08-17T18:48:05Z,
95.217.165.36,ipv4,ssh-brute-force,high,WHITE,blocklist.de/ssh|blocklist.de/all|ziyadnz/hourly-ipv4,blocklist.de|ssh|bot|irc-bot|brute-force|ziyadnz|hourly,2026-08-17T18:48:05Z,2026-08-17T18:48:05Z,
95.232.64.115,ipv4,ssh-brute-force,high,WHITE,blocklist.de/ssh|blocklist.de/all|ziyadnz/hourly-ipv4,blocklist.de|ssh|bot|irc-bot|brute-force|ziyadnz|hourly,2026-08-17T18:48:05Z,2026-08-17T18:48:05Z,
95.247.82.189,ipv4,ssh-brute-force,high,WHITE,blocklist.de/ssh|blocklist.de/all|ziyadnz/hourly-ipv4,blocklist.de|ssh|bot|irc-bot|brute-force|ziyadnz|hourly,2026-08-17T18:48:05Z,2026-08-17T18:48:05Z,
95.27.41.116,ipv4,ssh-brute-force,high,WHITE,blocklist.de/ssh|blocklist.de/all|ziyadnz/hourly-ipv4,blocklist.de|ssh|bot|irc-bot|brute-force|ziyadnz|hourly,2026-08-17T18:48:05Z,2026-08-17T18:48:05Z,
95.31.137.81,ipv4,ssh-brute-force,high,WHITE,blocklist.de/ssh|blocklist.de/all|ziyadnz/hourly-ipv4,blocklist.de|ssh|bot|irc-bot|brute-force|ziyadnz|hourly,2026-08-17T18:48:05Z,2026-08-17T18:48:05Z,
95.5.105.119,ipv4,ssh-brute-force,high,WHITE,blocklist.de/ssh|blocklist.de/all|ziyadnz/hourly-ipv4,blocklist.de|ssh|bot|irc-bot|brute-force|ziyadnz|hourly,2026-08-17T18:48:05Z,2026-08-17T18:48:05Z,
95.81.103.109,ipv4,ssh-brute-force,high,WHITE,blocklist.de/ssh|blocklist.de/all|ziyadnz/hourly-ipv4,blocklist.de|ssh|bot|irc-bot|brute-force|ziyadnz|hourly,2026-08-17T18:48:05Z,2026-08-17T18:48:05Z,
95.85.226.199,ipv4,ssh-brute-force,high,WHITE,blocklist.de/ssh|blocklist.de/all|ziyadnz/hourly-ipv4,blocklist.de|ssh|bot|irc-bot|brute-force|ziyadnz|hourly,2026-08-17T18:48:05Z,2026-08-17T18:48:05Z,
95.85.250.171,ipv4,ssh-brute-force,high,WHITE,blocklist.de/ssh|blocklist.de/all|ziyadnz/hourly-ipv4,blocklist.de|ssh|bot|irc-bot|brute-force|ziyadnz|hourly,2026-08-17T18:48:05Z,2026-08-17T18:48:05Z,
95.90.13.168,ipv4,ssh-brute-force,high,WHITE,blocklist.de/ssh|blocklist.de/all|ziyadnz/hourly-ipv4,blocklist.de|ssh|bot|irc-bot|brute-force|ziyadnz|hourly,2026-08-17T18:48:05Z,2026-08-17T18:48:05Z,
96.44.161.98,ipv4,ssh-brute-force,high,WHITE,blocklist.de/ssh|blocklist.de/all|ziyadnz/hourly-ipv4,blocklist.de|ssh|bot|irc-bot|brute-force|ziyadnz|hourly,2026-08-17T18:48:05Z,2026-08-17T18:48:05Z,
96.47.230.38,ipv4,ssh-brute-force,high,WHITE,blocklist.de/ssh|blocklist.de/all|ziyadnz/hourly-ipv4,blocklist.de|ssh|bot|irc-bot|brute-force|ziyadnz|hourly,2026-08-17T18:48:05Z,2026-08-17T18:48:05Z,
96.78.175.36,ipv4,ssh-brute-force,high,WHITE,blocklist.de/ssh|blocklist.de/all|ziyadnz/hourly-ipv4,blocklist.de|ssh|bot|irc-bot|brute-force|ziyadnz|hourly,2026-08-17T18:48:05Z,2026-08-17T18:48:05Z,
96.78.175.41,ipv4,ssh-brute-force,high,WHITE,blocklist.de/ssh|blocklist.de/all|ziyadnz/hourly-ipv4,blocklist.de|ssh|bot|irc-bot|brute-force|ziyadnz|hourly,2026-08-17T18:48:05Z,2026-08-17T18:48:05Z,
97.74.236.4,ipv4,ssh-brute-force,high,WHITE,blocklist.de/ssh|blocklist.de/all|ziyadnz/hourly-ipv4,blocklist.de|ssh|bot|irc-bot|brute-force|ziyadnz|hourly,2026-08-17T18:48:05Z,2026-08-17T18:48:05Z,
97.74.87.119,ipv4,ssh-brute-force,high,WHITE,blocklist.de/ssh|blocklist.de/all|ziyadnz/hourly-ipv4,blocklist.de|ssh|bot|irc-bot|brute-force|ziyadnz|hourly,2026-08-17T18:48:05Z,2026-08-17T18:48:05Z,
97.74.87.152,ipv4,ssh-brute-force,high,WHITE,blocklist.de/ssh|blocklist.de/all|ziyadnz/hourly-ipv4,blocklist.de|ssh|bot|irc-bot|brute-force|ziyadnz|hourly,2026-08-17T18:48:05Z,2026-08-17T18:48:05Z,
97.93.43.157,ipv4,ssh-brute-force,high,WHITE,blocklist.de/ssh|blocklist.de/all|ziyadnz/hourly-ipv4,blocklist.de|ssh|bot|irc-bot|brute-force|ziyadnz|hourly,2026-08-17T18:48:05Z,2026-08-17T18:48:05Z,
98.118.135.235,ipv4,ssh-brute-force,high,WHITE,blocklist.de/ssh|blocklist.de/all|ziyadnz/hourly-ipv4,blocklist.de|ssh|bot|irc-bot|brute-force|ziyadnz|hourly,2026-08-17T18:48:05Z,2026-08-17T18:48:05Z,
98.128.173.163,ipv4,ssh-brute-force,high,WHITE,blocklist.de/ssh|blocklist.de/all|ziyadnz/hourly-ipv4,blocklist.de|ssh|bot|irc-bot|brute-force|ziyadnz|hourly,2026-08-17T18:48:05Z,2026-08-17T18:48:05Z,
98.164.242.219,ipv4,ssh-brute-force,high,WHITE,blocklist.de/ssh|blocklist.de/all|ziyadnz/hourly-ipv4,blocklist.de|ssh|bot|irc-bot|brute-force|ziyadnz|hourly,2026-08-17T18:48:05Z,2026-08-17T18:48:05Z,
98.20.33.28,ipv4,ssh-brute-force,high,WHITE,blocklist.de/ssh|blocklist.de/all|ziyadnz/hourly-ipv4,blocklist.de|ssh|bot|irc-bot|brute-force|ziyadnz|hourly,2026-08-17T18:48:05Z,2026-08-17T18:48:05Z,
98.243.171.229,ipv4,ssh-brute-force,high,WHITE,blocklist.de/ssh|blocklist.de/all|ziyadnz/hourly-ipv4,blocklist.de|ssh|bot|irc-bot|brute-force|ziyadnz|hourly,2026-08-17T18:48:05Z,2026-08-17T18:48:05Z,
98.27.234.156,ipv4,ssh-brute-force,high,WHITE,blocklist.de/ssh|blocklist.de/all|ziyadnz/hourly-ipv4,blocklist.de|ssh|bot|irc-bot|brute-force|ziyadnz|hourly,2026-08-17T18:48:05Z,2026-08-17T18:48:05Z,
98.4.8.60,ipv4,ssh-brute-force,high,WHITE,blocklist.de/ssh|blocklist.de/all|ziyadnz/hourly-ipv4,blocklist.de|ssh|bot|irc-bot|brute-force|ziyadnz|hourly,2026-08-17T18:48:05Z,2026-08-17T18:48:05Z,
98.43.29.1,ipv4,ssh-brute-force,high,WHITE,blocklist.de/ssh|blocklist.de/all|ziyadnz/hourly-ipv4,blocklist.de|ssh|bot|irc-bot|brute-force|ziyadnz|hourly,2026-08-17T18:48:05Z,2026-08-17T18:48:05Z,
98.70.127.17,ipv4,ssh-brute-force,high,WHITE,blocklist.de/ssh|blocklist.de/all|ziyadnz/hourly-ipv4,blocklist.de|ssh|bot|irc-bot|brute-force|ziyadnz|hourly,2026-08-17T18:48:05Z,2026-08-17T18:48:05Z,
98.70.48.241,ipv4,ssh-brute-force,high,WHITE,blocklist.de/ssh|blocklist.de/all|ziyadnz/hourly-ipv4,blocklist.de|ssh|bot|irc-bot|brute-force|ziyadnz|hourly,2026-08-17T18:48:05Z,2026-08-17T18:48:05Z,
98.70.50.166,ipv4,ssh-brute-force,high,WHITE,blocklist.de/ssh|blocklist.de/all|ziyadnz/hourly-ipv4,blocklist.de|ssh|bot|irc-bot|brute-force|ziyadnz|hourly,2026-08-17T18:48:05Z,2026-08-17T18:48:05Z,
98.71.8.129,ipv4,ssh-brute-force,high,WHITE,blocklist.de/ssh|blocklist.de/all|ziyadnz/hourly-ipv4,blocklist.de|ssh|bot|irc-bot|brute-force|ziyadnz|hourly,2026-08-17T18:48:05Z,2026-08-17T18:48:05Z,
98.97.151.104,ipv4,ssh-brute-force,high,WHITE,blocklist.de/ssh|blocklist.de/all|ziyadnz/hourly-ipv4,blocklist.de|ssh|bot|irc-bot|brute-force|ziyadnz|hourly,2026-08-17T18:48:05Z,2026-08-17T18:48:05Z,
99.17.13.44,ipv4,ssh-brute-force,high,WHITE,blocklist.de/ssh|blocklist.de/all|ziyadnz/hourly-ipv4,blocklist.de|ssh|bot|irc-bot|brute-force|ziyadnz|hourly,2026-08-17T18:48:05Z,2026-08-17T18:48:05Z,
99.226.211.13,ipv4,ssh-brute-force,high,WHITE,blocklist.de/ssh|blocklist.de/all|ziyadnz/hourly-ipv4,blocklist.de|ssh|bot|irc-bot|brute-force|ziyadnz|hourly,2026-08-17T18:48:05Z,2026-08-17T18:48:05Z,
99.227.229.131,ipv4,ssh-brute-force,high,WHITE,blocklist.de/ssh|blocklist.de/all|ziyadnz/hourly-ipv4,blocklist.de|ssh|bot|irc-bot|brute-force|ziyadnz|hourly,2026-08-17T18:48:05Z,2026-08-17T18:48:05Z,
99.236.249.36,ipv4,ssh-brute-force,medium,WHITE,blocklist.de/ssh|blocklist.de/all,blocklist.de|ssh|bot|irc-bot|brute-force|ziyadnz|hourly,2026-08-17T18:48:05Z,2026-08-17T18:48:05Z,
99.237.52.2,ipv4,ssh-brute-force,high,WHITE,blocklist.de/ssh|blocklist.de/all|ziyadnz/hourly-ipv4,blocklist.de|ssh|bot|irc-bot|brute-force|ziyadnz|hourly,2026-08-17T18:48:05Z,2026-08-17T18:48:05Z,
99.241.87.124,ipv4,ssh-brute-force,high,WHITE,blocklist.de/ssh|blocklist.de/all|ziyadnz/hourly-ipv4,blocklist.de|ssh|bot|irc-bot|brute-force|ziyadnz|hourly,2026-08-17T18:48:05Z,2026-08-17T18:48:05Z,
99.249.150.27,ipv4,ssh-brute-force,high,WHITE,blocklist.de/ssh|blocklist.de/all|ziyadnz/hourly-ipv4,blocklist.de|ssh|bot|irc-bot|brute-force|ziyadnz|hourly,2026-08-17T18:48:05Z,2026-08-17T18:48:05Z,
99.255.204.218,ipv4,ssh-brute-force,high,WHITE,blocklist.de/ssh|blocklist.de/all|ziyadnz/hourly-ipv4,blocklist.de|ssh|bot|irc-bot|brute-force|ziyadnz|hourly,2026-08-17T18:48:05Z,2026-08-17T18:48:05Z,
99.47.138.226,ipv4,ssh-brute-force,high,WHITE,blocklist.de/ssh|blocklist.de/all|ziyadnz/hourly-ipv4,blocklist.de|ssh|bot|irc-bot|brute-force|ziyadnz|hourly,2026-08-17T18:48:05Z,2026-08-17T18:48:05Z,
1.20.178.157,ipv4,imap-attack,high,WHITE,blocklist.de/imap|blocklist.de/all|blocklist.de/mail|ziyadnz/hourly-ipv4,blocklist.de|imap|pop3|brute-force|spam|mail|ziyadnz|hourly,2026-08-17T18:48:05Z,2026-08-17T18:48:05Z,
1.227.114.193,ipv4,imap-attack,high,WHITE,blocklist.de/imap|blocklist.de/all|blocklist.de/mail|ziyadnz/hourly-ipv4,blocklist.de|imap|pop3|brute-force|spam|mail|ziyadnz|hourly,2026-08-17T18:48:05Z,2026-08-17T18:48:05Z,
1.227.228.131,ipv4,imap-attack,high,WHITE,blocklist.de/imap|blocklist.de/all|blocklist.de/mail|ziyadnz/hourly-ipv4,blocklist.de|imap|pop3|brute-force|spam|mail|ziyadnz|hourly,2026-08-17T18:48:05Z,2026-08-17T18:48:05Z,
1.233.103.18,ipv4,imap-attack,high,WHITE,blocklist.de/imap|blocklist.de/all|blocklist.de/mail|ziyadnz/hourly-ipv4,blocklist.de|imap|pop3|brute-force|spam|mail|ziyadnz|hourly,2026-08-17T18:48:05Z,2026-08-17T18:48:05Z,
1.241.64.237,ipv4,imap-attack,high,WHITE,blocklist.de/imap|blocklist.de/all|blocklist.de/mail|ziyadnz/hourly-ipv4,blocklist.de|imap|pop3|brute-force|spam|mail|ziyadnz|hourly,2026-08-17T18:48:05Z,2026-08-17T18:48:05Z,
1.247.245.61,ipv4,imap-attack,high,WHITE,blocklist.de/imap|blocklist.de/all|blocklist.de/mail|ziyadnz/hourly-ipv4,blocklist.de|imap|pop3|brute-force|spam|mail|ziyadnz|hourly,2026-08-17T18:48:05Z,2026-08-17T18:48:05Z,
1.250.67.114,ipv4,imap-attack,high,WHITE,blocklist.de/imap|blocklist.de/all|blocklist.de/mail|ziyadnz/hourly-ipv4,blocklist.de|imap|pop3|brute-force|spam|mail|ziyadnz|hourly,2026-08-17T18:48:05Z,2026-08-17T18:48:05Z,
1.250.67.190,ipv4,imap-attack,high,WHITE,blocklist.de/imap|blocklist.de/all|blocklist.de/mail|ziyadnz/hourly-ipv4,blocklist.de|imap|pop3|brute-force|spam|mail|ziyadnz|hourly,2026-08-17T18:48:05Z,2026-08-17T18:48:05Z,
1.53.167.62,ipv4,imap-attack,high,WHITE,blocklist.de/imap|blocklist.de/all|blocklist.de/mail|ziyadnz/hourly-ipv4,blocklist.de|imap|pop3|brute-force|spam|mail|ziyadnz|hourly,2026-08-17T18:48:05Z,2026-08-17T18:48:05Z,
1.85.42.195,ipv4,imap-attack,high,WHITE,blocklist.de/imap|blocklist.de/all|blocklist.de/mail|ziyadnz/hourly-ipv4,blocklist.de|imap|pop3|brute-force|spam|mail|ziyadnz|hourly,2026-08-17T18:48:05Z,2026-08-17T18:48:05Z,
101.0.50.211,ipv4,imap-attack,high,WHITE,blocklist.de/imap|blocklist.de/all|blocklist.de/mail|ziyadnz/hourly-ipv4,blocklist.de|imap|pop3|brute-force|spam|mail|ziyadnz|hourly,2026-08-17T18:48:05Z,2026-08-17T18:48:05Z,
101.115.181.56,ipv4,imap-attack,high,WHITE,blocklist.de/imap|blocklist.de/all|blocklist.de/mail|ziyadnz/hourly-ipv4,blocklist.de|imap|pop3|brute-force|spam|mail|ziyadnz|hourly,2026-08-17T18:48:05Z,2026-08-17T18:48:05Z,
101.13.1.58,ipv4,imap-attack,high,WHITE,blocklist.de/imap|blocklist.de/all|blocklist.de/mail|ziyadnz/hourly-ipv4,blocklist.de|imap|pop3|brute-force|spam|mail|ziyadnz|hourly,2026-08-17T18:48:05Z,2026-08-17T18:48:05Z,
101.13.2.182,ipv4,imap-attack,high,WHITE,blocklist.de/imap|blocklist.de/all|blocklist.de/mail|ziyadnz/hourly-ipv4,blocklist.de|imap|pop3|brute-force|spam|mail|ziyadnz|hourly,2026-08-17T18:48:05Z,2026-08-17T18:48:05Z,
101.13.3.207,ipv4,imap-attack,high,WHITE,blocklist.de/imap|blocklist.de/all|blocklist.de/mail|ziyadnz/hourly-ipv4,blocklist.de|imap|pop3|brute-force|spam|mail|ziyadnz|hourly,2026-08-17T18:48:05Z,2026-08-17T18:48:05Z,
101.13.4.120,ipv4,imap-attack,high,WHITE,blocklist.de/imap|blocklist.de/all|blocklist.de/mail|ziyadnz/hourly-ipv4,blocklist.de|imap|pop3|brute-force|spam|mail|ziyadnz|hourly,2026-08-17T18:48:05Z,2026-08-17T18:48:05Z,
101.13.4.122,ipv4,imap-attack,high,WHITE,blocklist.de/imap|blocklist.de/all|blocklist.de/mail|ziyadnz/hourly-ipv4,blocklist.de|imap|pop3|brute-force|spam|mail|ziyadnz|hourly,2026-08-17T18:48:05Z,2026-08-17T18:48:05Z,
101.13.4.124,ipv4,imap-attack,high,WHITE,blocklist.de/imap|blocklist.de/all|blocklist.de/mail|ziyadnz/hourly-ipv4,blocklist.de|imap|pop3|brute-force|spam|mail|ziyadnz|hourly,2026-08-17T18:48:05Z,2026-08-17T18:48:05Z,
101.13.4.128,ipv4,imap-attack,high,WHITE,blocklist.de/imap|blocklist.de/all|blocklist.de/mail|ziyadnz/hourly-ipv4,blocklist.de|imap|pop3|brute-force|spam|mail|ziyadnz|hourly,2026-08-17T18:48:05Z,2026-08-17T18:48:05Z,
101.13.5.195,ipv4,imap-attack,high,WHITE,blocklist.de/imap|blocklist.de/all|blocklist.de/mail|ziyadnz/hourly-ipv4,blocklist.de|imap|pop3|brute-force|spam|mail|ziyadnz|hourly,2026-08-17T18:48:05Z,2026-08-17T18:48:05Z,
101.13.5.28,ipv4,imap-attack,high,WHITE,blocklist.de/imap|blocklist.de/all|blocklist.de/mail|ziyadnz/hourly-ipv4,blocklist.de|imap|pop3|brute-force|spam|mail|ziyadnz|hourly,2026-08-17T18:48:05Z,2026-08-17T18:48:05Z,
101.13.5.30,ipv4,imap-attack,high,WHITE,blocklist.de/imap|blocklist.de/all|blocklist.de/mail|ziyadnz/hourly-ipv4,blocklist.de|imap|pop3|brute-force|spam|mail|ziyadnz|hourly,2026-08-17T18:48:05Z,2026-08-17T18:48:05Z,
101.13.5.32,ipv4,imap-attack,high,WHITE,blocklist.de/imap|blocklist.de/all|blocklist.de/mail|ziyadnz/hourly-ipv4,blocklist.de|imap|pop3|brute-force|spam|mail|ziyadnz|hourly,2026-08-17T18:48:05Z,2026-08-17T18:48:05Z,
101.13.5.33,ipv4,imap-attack,high,WHITE,blocklist.de/imap|blocklist.de/all|blocklist.de/mail|ziyadnz/hourly-ipv4,blocklist.de|imap|pop3|brute-force|spam|mail|ziyadnz|hourly,2026-08-17T18:48:05Z,2026-08-17T18:48:05Z,
101.13.5.39,ipv4,imap-attack,high,WHITE,blocklist.de/imap|blocklist.de/all|blocklist.de/mail|ziyadnz/hourly-ipv4,blocklist.de|imap|pop3|brute-force|spam|mail|ziyadnz|hourly,2026-08-17T18:48:05Z,2026-08-17T18:48:05Z,
101.13.5.49,ipv4,imap-attack,high,WHITE,blocklist.de/imap|blocklist.de/all|blocklist.de/mail|ziyadnz/hourly-ipv4,blocklist.de|imap|pop3|brute-force|spam|mail|ziyadnz|hourly,2026-08-17T18:48:05Z,2026-08-17T18:48:05Z,
101.13.5.63,ipv4,imap-attack,high,WHITE,blocklist.de/imap|blocklist.de/all|blocklist.de/mail|ziyadnz/hourly-ipv4,blocklist.de|imap|pop3|brute-force|spam|mail|ziyadnz|hourly,2026-08-17T18:48:05Z,2026-08-17T18:48:05Z,
101.13.5.88,ipv4,imap-attack,high,WHITE,blocklist.de/imap|blocklist.de/all|blocklist.de/mail|ziyadnz/hourly-ipv4,blocklist.de|imap|pop3|brute-force|spam|mail|ziyadnz|hourly,2026-08-17T18:48:05Z,2026-08-17T18:48:05Z,
101.13.6.86,ipv4,imap-attack,high,WHITE,blocklist.de/imap|blocklist.de/all|blocklist.de/mail|ziyadnz/hourly-ipv4,blocklist.de|imap|pop3|brute-force|spam|mail|ziyadnz|hourly,2026-08-17T18:48:05Z,2026-08-17T18:48:05Z,
101.13.6.91,ipv4,imap-attack,high,WHITE,blocklist.de/imap|blocklist.de/all|blocklist.de/mail|ziyadnz/hourly-ipv4,blocklist.de|imap|pop3|brute-force|spam|mail|ziyadnz|hourly,2026-08-17T18:48:05Z,2026-08-17T18:48:05Z,
101.205.122.213,ipv4,imap-attack,high,WHITE,blocklist.de/imap|blocklist.de/all|blocklist.de/mail|ziyadnz/hourly-ipv4,blocklist.de|imap|pop3|brute-force|spam|mail|ziyadnz|hourly,2026-08-17T18:48:05Z,2026-08-17T18:48:05Z,
101.255.104.214,ipv4,imap-attack,high,WHITE,blocklist.de/imap|blocklist.de/all|blocklist.de/mail|ziyadnz/hourly-ipv4,blocklist.de|imap|pop3|brute-force|spam|mail|ziyadnz|hourly,2026-08-17T18:48:05Z,2026-08-17T18:48:05Z,
101.96.101.200,ipv4,imap-attack,high,WHITE,blocklist.de/imap|blocklist.de/all|blocklist.de/mail|ziyadnz/hourly-ipv4,blocklist.de|imap|pop3|brute-force|spam|mail|ziyadnz|hourly,2026-08-17T18:48:05Z,2026-08-17T18:48:05Z,
101.96.199.112,ipv4,imap-attack,high,WHITE,blocklist.de/imap|blocklist.de/all|blocklist.de/mail|ziyadnz/hourly-ipv4,blocklist.de|imap|pop3|brute-force|spam|mail|ziyadnz|hourly,2026-08-17T18:48:05Z,2026-08-17T18:48:05Z,
101.96.199.188,ipv4,imap-attack,high,WHITE,blocklist.de/imap|blocklist.de/all|blocklist.de/mail|ziyadnz/hourly-ipv4,blocklist.de|imap|pop3|brute-force|spam|mail|ziyadnz|hourly,2026-08-17T18:48:05Z,2026-08-17T18:48:05Z,
101.96.208.174,ipv4,imap-attack,high,WHITE,blocklist.de/imap|blocklist.de/all|blocklist.de/mail|ziyadnz/hourly-ipv4,blocklist.de|imap|pop3|brute-force|spam|mail|ziyadnz|hourly,2026-08-17T18:48:05Z,2026-08-17T18:48:05Z,
102.104.202.162,ipv4,imap-attack,high,WHITE,blocklist.de/imap|blocklist.de/all|blocklist.de/mail|ziyadnz/hourly-ipv4,blocklist.de|imap|pop3|brute-force|spam|mail|ziyadnz|hourly,2026-08-17T18:48:05Z,2026-08-17T18:48:05Z,
102.129.50.188,ipv4,imap-attack,high,WHITE,blocklist.de/imap|blocklist.de/all|blocklist.de/mail|ziyadnz/hourly-ipv4,blocklist.de|imap|pop3|brute-force|spam|mail|ziyadnz|hourly,2026-08-17T18:48:05Z,2026-08-17T18:48:05Z,
102.129.50.249,ipv4,imap-attack,high,WHITE,blocklist.de/imap|blocklist.de/all|blocklist.de/mail|ziyadnz/hourly-ipv4,blocklist.de|imap|pop3|brute-force|spam|mail|ziyadnz|hourly,2026-08-17T18:48:05Z,2026-08-17T18:48:05Z,
102.129.51.115,ipv4,imap-attack,high,WHITE,blocklist.de/imap|blocklist.de/all|blocklist.de/mail|ziyadnz/hourly-ipv4,blocklist.de|imap|pop3|brute-force|spam|mail|ziyadnz|hourly,2026-08-17T18:48:05Z,2026-08-17T18:48:05Z,
102.129.51.120,ipv4,imap-attack,high,WHITE,blocklist.de/imap|blocklist.de/all|blocklist.de/mail|ziyadnz/hourly-ipv4,blocklist.de|imap|pop3|brute-force|spam|mail|ziyadnz|hourly,2026-08-17T18:48:05Z,2026-08-17T18:48:05Z,
102.129.51.185,ipv4,imap-attack,high,WHITE,blocklist.de/imap|blocklist.de/all|blocklist.de/mail|ziyadnz/hourly-ipv4,blocklist.de|imap|pop3|brute-force|spam|mail|ziyadnz|hourly,2026-08-17T18:48:05Z,2026-08-17T18:48:05Z,
102.129.51.2,ipv4,imap-attack,high,WHITE,blocklist.de/imap|blocklist.de/all|blocklist.de/mail|ziyadnz/hourly-ipv4,blocklist.de|imap|pop3|brute-force|spam|mail|ziyadnz|hourly,2026-08-17T18:48:05Z,2026-08-17T18:48:05Z,
102.129.51.209,ipv4,imap-attack,high,WHITE,blocklist.de/imap|blocklist.de/all|blocklist.de/mail|ziyadnz/hourly-ipv4,blocklist.de|imap|pop3|brute-force|spam|mail|ziyadnz|hourly,2026-08-17T18:48:05Z,2026-08-17T18:48:05Z,
102.129.51.75,ipv4,imap-attack,high,WHITE,blocklist.de/imap|blocklist.de/all|blocklist.de/mail|ziyadnz/hourly-ipv4,blocklist.de|imap|pop3|brute-force|spam|mail|ziyadnz|hourly,2026-08-17T18:48:05Z,2026-08-17T18:48:05Z,
102.129.52.22,ipv4,imap-attack,high,WHITE,blocklist.de/imap|blocklist.de/all|blocklist.de/mail|ziyadnz/hourly-ipv4,blocklist.de|imap|pop3|brute-force|spam|mail|ziyadnz|hourly,2026-08-17T18:48:05Z,2026-08-17T18:48:05Z,
102.129.53.107,ipv4,imap-attack,high,WHITE,blocklist.de/imap|blocklist.de/all|blocklist.de/mail|ziyadnz/hourly-ipv4,blocklist.de|imap|pop3|brute-force|spam|mail|ziyadnz|hourly,2026-08-17T18:48:05Z,2026-08-17T18:48:05Z,
102.129.53.251,ipv4,imap-attack,high,WHITE,blocklist.de/imap|blocklist.de/all|blocklist.de/mail|ziyadnz/hourly-ipv4,blocklist.de|imap|pop3|brute-force|spam|mail|ziyadnz|hourly,2026-08-17T18:48:05Z,2026-08-17T18:48:05Z,
102.129.53.57,ipv4,imap-attack,high,WHITE,blocklist.de/imap|blocklist.de/all|blocklist.de/mail|ziyadnz/hourly-ipv4,blocklist.de|imap|pop3|brute-force|spam|mail|ziyadnz|hourly,2026-08-17T18:48:05Z,2026-08-17T18:48:05Z,
102.129.53.97,ipv4,imap-attack,high,WHITE,blocklist.de/imap|blocklist.de/all|blocklist.de/mail|ziyadnz/hourly-ipv4,blocklist.de|imap|pop3|brute-force|spam|mail|ziyadnz|hourly,2026-08-17T18:48:05Z,2026-08-17T18:48:05Z,
102.129.54.123,ipv4,imap-attack,high,WHITE,blocklist.de/imap|blocklist.de/all|blocklist.de/mail|ziyadnz/hourly-ipv4,blocklist.de|imap|pop3|brute-force|spam|mail|ziyadnz|hourly,2026-08-17T18:48:05Z,2026-08-17T18:48:05Z,
102.129.54.129,ipv4,imap-attack,high,WHITE,blocklist.de/imap|blocklist.de/all|blocklist.de/mail|ziyadnz/hourly-ipv4,blocklist.de|imap|pop3|brute-force|spam|mail|ziyadnz|hourly,2026-08-17T18:48:05Z,2026-08-17T18:48:05Z,
102.129.54.219,ipv4,imap-attack,high,WHITE,blocklist.de/imap|blocklist.de/all|blocklist.de/mail|ziyadnz/hourly-ipv4,blocklist.de|imap|pop3|brute-force|spam|mail|ziyadnz|hourly,2026-08-17T18:48:05Z,2026-08-17T18:48:05Z,
102.129.54.225,ipv4,imap-attack,high,WHITE,blocklist.de/imap|blocklist.de/all|blocklist.de/mail|ziyadnz/hourly-ipv4,blocklist.de|imap|pop3|brute-force|spam|mail|ziyadnz|hourly,2026-08-17T18:48:05Z,2026-08-17T18:48:05Z,
102.129.54.228,ipv4,imap-attack,high,WHITE,blocklist.de/imap|blocklist.de/all|blocklist.de/mail|ziyadnz/hourly-ipv4,blocklist.de|imap|pop3|brute-force|spam|mail|ziyadnz|hourly,2026-08-17T18:48:05Z,2026-08-17T18:48:05Z,
102.129.54.245,ipv4,imap-attack,high,WHITE,blocklist.de/imap|blocklist.de/all|blocklist.de/mail|ziyadnz/hourly-ipv4,blocklist.de|imap|pop3|brute-force|spam|mail|ziyadnz|hourly,2026-08-17T18:48:05Z,2026-08-17T18:48:05Z,
102.129.54.50,ipv4,imap-attack,high,WHITE,blocklist.de/imap|blocklist.de/all|blocklist.de/mail|ziyadnz/hourly-ipv4,blocklist.de|imap|pop3|brute-force|spam|mail|ziyadnz|hourly,2026-08-17T18:48:05Z,2026-08-17T18:48:05Z,
102.129.55.12,ipv4,imap-attack,high,WHITE,blocklist.de/imap|blocklist.de/all|blocklist.de/mail|ziyadnz/hourly-ipv4,blocklist.de|imap|pop3|brute-force|spam|mail|ziyadnz|hourly,2026-08-17T18:48:05Z,2026-08-17T18:48:05Z,
102.129.55.14,ipv4,imap-attack,high,WHITE,blocklist.de/imap|blocklist.de/all|blocklist.de/mail|ziyadnz/hourly-ipv4,blocklist.de|imap|pop3|brute-force|spam|mail|ziyadnz|hourly,2026-08-17T18:48:05Z,2026-08-17T18:48:05Z,
102.129.55.144,ipv4,imap-attack,high,WHITE,blocklist.de/imap|blocklist.de/all|blocklist.de/mail|ziyadnz/hourly-ipv4,blocklist.de|imap|pop3|brute-force|spam|mail|ziyadnz|hourly,2026-08-17T18:48:05Z,2026-08-17T18:48:05Z,
102.129.55.154,ipv4,imap-attack,high,WHITE,blocklist.de/imap|blocklist.de/all|blocklist.de/mail|ziyadnz/hourly-ipv4,blocklist.de|imap|pop3|brute-force|spam|mail|ziyadnz|hourly,2026-08-17T18:48:05Z,2026-08-17T18:48:05Z,
102.129.55.178,ipv4,imap-attack,high,WHITE,blocklist.de/imap|blocklist.de/all|blocklist.de/mail|ziyadnz/hourly-ipv4,blocklist.de|imap|pop3|brute-force|spam|mail|ziyadnz|hourly,2026-08-17T18:48:05Z,2026-08-17T18:48:05Z,
102.129.55.204,ipv4,imap-attack,high,WHITE,blocklist.de/imap|blocklist.de/all|blocklist.de/mail|ziyadnz/hourly-ipv4,blocklist.de|imap|pop3|brute-force|spam|mail|ziyadnz|hourly,2026-08-17T18:48:05Z,2026-08-17T18:48:05Z,
102.129.55.247,ipv4,imap-attack,high,WHITE,blocklist.de/imap|blocklist.de/all|blocklist.de/mail|ziyadnz/hourly-ipv4,blocklist.de|imap|pop3|brute-force|spam|mail|ziyadnz|hourly,2026-08-17T18:48:05Z,2026-08-17T18:48:05Z,
102.129.55.38,ipv4,imap-attack,high,WHITE,blocklist.de/imap|blocklist.de/all|blocklist.de/mail,blocklist.de|imap|pop3|brute-force|spam|mail|ziyadnz|hourly,2026-08-17T18:48:05Z,2026-08-17T18:48:05Z,
102.129.55.64,ipv4,imap-attack,high,WHITE,blocklist.de/imap|blocklist.de/all|blocklist.de/mail|ziyadnz/hourly-ipv4,blocklist.de|imap|pop3|brute-force|spam|mail|ziyadnz|hourly,2026-08-17T18:48:05Z,2026-08-17T18:48:05Z,
102.129.55.84,ipv4,imap-attack,high,WHITE,blocklist.de/imap|blocklist.de/all|blocklist.de/mail|ziyadnz/hourly-ipv4,blocklist.de|imap|pop3|brute-force|spam|mail|ziyadnz|hourly,2026-08-17T18:48:05Z,2026-08-17T18:48:05Z,
102.129.56.14,ipv4,imap-attack,high,WHITE,blocklist.de/imap|blocklist.de/all|blocklist.de/mail|ziyadnz/hourly-ipv4,blocklist.de|imap|pop3|brute-force|spam|mail|ziyadnz|hourly,2026-08-17T18:48:05Z,2026-08-17T18:48:05Z,
102.129.56.217,ipv4,imap-attack,high,WHITE,blocklist.de/imap|blocklist.de/all|blocklist.de/mail|ziyadnz/hourly-ipv4,blocklist.de|imap|pop3|brute-force|spam|mail|ziyadnz|hourly,2026-08-17T18:48:05Z,2026-08-17T18:48:05Z,
102.129.56.246,ipv4,imap-attack,high,WHITE,blocklist.de/imap|blocklist.de/all|blocklist.de/mail|ziyadnz/hourly-ipv4,blocklist.de|imap|pop3|brute-force|spam|mail|ziyadnz|hourly,2026-08-17T18:48:05Z,2026-08-17T18:48:05Z,
102.129.56.58,ipv4,imap-attack,high,WHITE,blocklist.de/imap|blocklist.de/all|blocklist.de/mail|ziyadnz/hourly-ipv4,blocklist.de|imap|pop3|brute-force|spam|mail|ziyadnz|hourly,2026-08-17T18:48:05Z,2026-08-17T18:48:05Z,
102.129.56.65,ipv4,imap-attack,high,WHITE,blocklist.de/imap|blocklist.de/all|blocklist.de/mail|ziyadnz/hourly-ipv4,blocklist.de|imap|pop3|brute-force|spam|mail|ziyadnz|hourly,2026-08-17T18:48:05Z,2026-08-17T18:48:05Z,
102.129.57.129,ipv4,imap-attack,high,WHITE,blocklist.de/imap|blocklist.de/all|blocklist.de/mail|ziyadnz/hourly-ipv4,blocklist.de|imap|pop3|brute-force|spam|mail|ziyadnz|hourly,2026-08-17T18:48:05Z,2026-08-17T18:48:05Z,
102.129.57.140,ipv4,imap-attack,high,WHITE,blocklist.de/imap|blocklist.de/all|blocklist.de/mail|ziyadnz/hourly-ipv4,blocklist.de|imap|pop3|brute-force|spam|mail|ziyadnz|hourly,2026-08-17T18:48:05Z,2026-08-17T18:48:05Z,
102.129.57.189,ipv4,imap-attack,high,WHITE,blocklist.de/imap|blocklist.de/all|blocklist.de/mail|ziyadnz/hourly-ipv4,blocklist.de|imap|pop3|brute-force|spam|mail|ziyadnz|hourly,2026-08-17T18:48:05Z,2026-08-17T18:48:05Z,
102.129.57.213,ipv4,imap-attack,high,WHITE,blocklist.de/imap|blocklist.de/all|blocklist.de/mail|ziyadnz/hourly-ipv4,blocklist.de|imap|pop3|brute-force|spam|mail|ziyadnz|hourly,2026-08-17T18:48:05Z,2026-08-17T18:48:05Z,
102.129.57.236,ipv4,imap-attack,high,WHITE,blocklist.de/imap|blocklist.de/all|blocklist.de/mail|ziyadnz/hourly-ipv4,blocklist.de|imap|pop3|brute-force|spam|mail|ziyadnz|hourly,2026-08-17T18:48:05Z,2026-08-17T18:48:05Z,
102.129.57.239,ipv4,imap-attack,high,WHITE,blocklist.de/imap|blocklist.de/all|blocklist.de/mail|ziyadnz/hourly-ipv4,blocklist.de|imap|pop3|brute-force|spam|mail|ziyadnz|hourly,2026-08-17T18:48:05Z,2026-08-17T18:48:05Z,
102.129.57.85,ipv4,imap-attack,high,WHITE,blocklist.de/imap|blocklist.de/all|blocklist.de/mail|ziyadnz/hourly-ipv4,blocklist.de|imap|pop3|brute-force|spam|mail|ziyadnz|hourly,2026-08-17T18:48:05Z,2026-08-17T18:48:05Z,
102.129.59.169,ipv4,imap-attack,high,WHITE,blocklist.de/imap|blocklist.de/all|blocklist.de/mail|ziyadnz/hourly-ipv4,blocklist.de|imap|pop3|brute-force|spam|mail|ziyadnz|hourly,2026-08-17T18:48:05Z,2026-08-17T18:48:05Z,
102.129.59.202,ipv4,imap-attack,high,WHITE,blocklist.de/imap|blocklist.de/all|blocklist.de/mail|ziyadnz/hourly-ipv4,blocklist.de|imap|pop3|brute-force|spam|mail|ziyadnz|hourly,2026-08-17T18:48:05Z,2026-08-17T18:48:05Z,
102.129.59.221,ipv4,imap-attack,high,WHITE,blocklist.de/imap|blocklist.de/all|blocklist.de/mail|ziyadnz/hourly-ipv4,blocklist.de|imap|pop3|brute-force|spam|mail|ziyadnz|hourly,2026-08-17T18:48:05Z,2026-08-17T18:48:05Z,
102.129.59.28,ipv4,imap-attack,high,WHITE,blocklist.de/imap|blocklist.de/all|blocklist.de/mail|ziyadnz/hourly-ipv4,blocklist.de|imap|pop3|brute-force|spam|mail|ziyadnz|hourly,2026-08-17T18:48:05Z,2026-08-17T18:48:05Z,
102.129.59.31,ipv4,imap-attack,high,WHITE,blocklist.de/imap|blocklist.de/all|blocklist.de/mail|ziyadnz/hourly-ipv4,blocklist.de|imap|pop3|brute-force|spam|mail|ziyadnz|hourly,2026-08-17T18:48:05Z,2026-08-17T18:48:05Z,
102.129.59.56,ipv4,imap-attack,high,WHITE,blocklist.de/imap|blocklist.de/all|blocklist.de/mail|ziyadnz/hourly-ipv4,blocklist.de|imap|pop3|brute-force|spam|mail|ziyadnz|hourly,2026-08-17T18:48:05Z,2026-08-17T18:48:05Z,
102.129.59.60,ipv4,imap-attack,high,WHITE,blocklist.de/imap|blocklist.de/all|blocklist.de/mail|ziyadnz/hourly-ipv4,blocklist.de|imap|pop3|brute-force|spam|mail|ziyadnz|hourly,2026-08-17T18:48:05Z,2026-08-17T18:48:05Z,
102.129.59.61,ipv4,imap-attack,high,WHITE,blocklist.de/imap|blocklist.de/all|blocklist.de/mail,blocklist.de|imap|pop3|brute-force|spam|mail|ziyadnz|hourly,2026-08-17T18:48:05Z,2026-08-17T18:48:05Z,
102.129.60.140,ipv4,imap-attack,high,WHITE,blocklist.de/imap|blocklist.de/all|blocklist.de/mail|ziyadnz/hourly-ipv4,blocklist.de|imap|pop3|brute-force|spam|mail|ziyadnz|hourly,2026-08-17T18:48:05Z,2026-08-17T18:48:05Z,
102.129.60.199,ipv4,imap-attack,high,WHITE,blocklist.de/imap|blocklist.de/all|blocklist.de/mail|ziyadnz/hourly-ipv4,blocklist.de|imap|pop3|brute-force|spam|mail|ziyadnz|hourly,2026-08-17T18:48:05Z,2026-08-17T18:48:05Z,
102.129.61.112,ipv4,imap-attack,high,WHITE,blocklist.de/imap|blocklist.de/all|blocklist.de/mail|ziyadnz/hourly-ipv4,blocklist.de|imap|pop3|brute-force|spam|mail|ziyadnz|hourly,2026-08-17T18:48:05Z,2026-08-17T18:48:05Z,
102.129.61.169,ipv4,imap-attack,high,WHITE,blocklist.de/imap|blocklist.de/all|blocklist.de/mail|ziyadnz/hourly-ipv4,blocklist.de|imap|pop3|brute-force|spam|mail|ziyadnz|hourly,2026-08-17T18:48:05Z,2026-08-17T18:48:05Z,
102.129.62.148,ipv4,imap-attack,high,WHITE,blocklist.de/imap|blocklist.de/all|blocklist.de/mail|ziyadnz/hourly-ipv4,blocklist.de|imap|pop3|brute-force|spam|mail|ziyadnz|hourly,2026-08-17T18:48:05Z,2026-08-17T18:48:05Z,
102.129.62.206,ipv4,imap-attack,high,WHITE,blocklist.de/imap|blocklist.de/all|blocklist.de/mail|ziyadnz/hourly-ipv4,blocklist.de|imap|pop3|brute-force|spam|mail|ziyadnz|hourly,2026-08-17T18:48:05Z,2026-08-17T18:48:05Z,
102.129.62.21,ipv4,imap-attack,high,WHITE,blocklist.de/imap|blocklist.de/all|blocklist.de/mail|ziyadnz/hourly-ipv4,blocklist.de|imap|pop3|brute-force|spam|mail|ziyadnz|hourly,2026-08-17T18:48:05Z,2026-08-17T18:48:05Z,
102.129.62.250,ipv4,imap-attack,high,WHITE,blocklist.de/imap|blocklist.de/all|blocklist.de/mail|ziyadnz/hourly-ipv4,blocklist.de|imap|pop3|brute-force|spam|mail|ziyadnz|hourly,2026-08-17T18:48:05Z,2026-08-17T18:48:05Z,
102.129.63.120,ipv4,imap-attack,high,WHITE,blocklist.de/imap|blocklist.de/all|blocklist.de/mail|ziyadnz/hourly-ipv4,blocklist.de|imap|pop3|brute-force|spam|mail|ziyadnz|hourly,2026-08-17T18:48:05Z,2026-08-17T18:48:05Z,
102.129.63.131,ipv4,imap-attack,high,WHITE,blocklist.de/imap|blocklist.de/all|blocklist.de/mail|ziyadnz/hourly-ipv4,blocklist.de|imap|pop3|brute-force|spam|mail|ziyadnz|hourly,2026-08-17T18:48:05Z,2026-08-17T18:48:05Z,
102.129.63.144,ipv4,imap-attack,high,WHITE,blocklist.de/imap|blocklist.de/all|blocklist.de/mail|ziyadnz/hourly-ipv4,blocklist.de|imap|pop3|brute-force|spam|mail|ziyadnz|hourly,2026-08-17T18:48:05Z,2026-08-17T18:48:05Z,
102.129.63.212,ipv4,imap-attack,high,WHITE,blocklist.de/imap|blocklist.de/all|blocklist.de/mail|ziyadnz/hourly-ipv4,blocklist.de|imap|pop3|brute-force|spam|mail|ziyadnz|hourly,2026-08-17T18:48:05Z,2026-08-17T18:48:05Z,
102.129.63.214,ipv4,imap-attack,high,WHITE,blocklist.de/imap|blocklist.de/all|blocklist.de/mail|ziyadnz/hourly-ipv4,blocklist.de|imap|pop3|brute-force|spam|mail|ziyadnz|hourly,2026-08-17T18:48:05Z,2026-08-17T18:48:05Z,
102.129.63.251,ipv4,imap-attack,high,WHITE,blocklist.de/imap|blocklist.de/all|blocklist.de/mail|ziyadnz/hourly-ipv4,blocklist.de|imap|pop3|brute-force|spam|mail|ziyadnz|hourly,2026-08-17T18:48:05Z,2026-08-17T18:48:05Z,
102.129.63.88,ipv4,imap-attack,high,WHITE,blocklist.de/imap|blocklist.de/all|blocklist.de/mail|ziyadnz/hourly-ipv4,blocklist.de|imap|pop3|brute-force|spam|mail|ziyadnz|hourly,2026-08-17T18:48:05Z,2026-08-17T18:48:05Z,
102.135.172.135,ipv4,imap-attack,high,WHITE,blocklist.de/imap|blocklist.de/all|blocklist.de/mail|ziyadnz/hourly-ipv4,blocklist.de|imap|pop3|brute-force|spam|mail|ziyadnz|hourly,2026-08-17T18:48:05Z,2026-08-17T18:48:05Z,
102.138.34.31,ipv4,imap-attack,high,WHITE,blocklist.de/imap|blocklist.de/all|blocklist.de/mail|ziyadnz/hourly-ipv4,blocklist.de|imap|pop3|brute-force|spam|mail|ziyadnz|hourly,2026-08-17T18:48:05Z,2026-08-17T18:48:05Z,
102.142.22.176,ipv4,imap-attack,high,WHITE,blocklist.de/imap|blocklist.de/all|blocklist.de/mail|ziyadnz/hourly-ipv4,blocklist.de|imap|pop3|brute-force|spam|mail|ziyadnz|hourly,2026-08-17T18:48:05Z,2026-08-17T18:48:05Z,
102.164.106.228,ipv4,imap-attack,high,WHITE,blocklist.de/imap|blocklist.de/all|blocklist.de/mail|ziyadnz/hourly-ipv4,blocklist.de|imap|pop3|brute-force|spam|mail|ziyadnz|hourly,2026-08-17T18:48:05Z,2026-08-17T18:48:05Z,
102.203.42.14,ipv4,imap-attack,high,WHITE,blocklist.de/imap|blocklist.de/all|blocklist.de/mail|ziyadnz/hourly-ipv4,blocklist.de|imap|pop3|brute-force|spam|mail|ziyadnz|hourly,2026-08-17T18:48:05Z,2026-08-17T18:48:05Z,
102.204.88.140,ipv4,imap-attack,high,WHITE,blocklist.de/imap|blocklist.de/all|blocklist.de/mail|ziyadnz/hourly-ipv4,blocklist.de|imap|pop3|brute-force|spam|mail|ziyadnz|hourly,2026-08-17T18:48:05Z,2026-08-17T18:48:05Z,
102.205.217.28,ipv4,imap-attack,high,WHITE,blocklist.de/imap|blocklist.de/all|blocklist.de/mail|ziyadnz/hourly-ipv4,blocklist.de|imap|pop3|brute-force|spam|mail|ziyadnz|hourly,2026-08-17T18:48:05Z,2026-08-17T18:48:05Z,
102.209.2.5,ipv4,imap-attack,high,WHITE,blocklist.de/imap|blocklist.de/all|blocklist.de/mail|ziyadnz/hourly-ipv4,blocklist.de|imap|pop3|brute-force|spam|mail|ziyadnz|hourly,2026-08-17T18:48:05Z,2026-08-17T18:48:05Z,
102.210.148.41,ipv4,imap-attack,high,WHITE,blocklist.de/imap|blocklist.de/all|blocklist.de/mail|ziyadnz/hourly-ipv4,blocklist.de|imap|pop3|brute-force|spam|mail|ziyadnz|hourly,2026-08-17T18:48:05Z,2026-08-17T18:48:05Z,
102.211.7.162,ipv4,imap-attack,high,WHITE,blocklist.de/imap|blocklist.de/all|blocklist.de/mail|ziyadnz/hourly-ipv4,blocklist.de|imap|pop3|brute-force|spam|mail|ziyadnz|hourly,2026-08-17T18:48:05Z,2026-08-17T18:48:05Z,
102.212.239.227,ipv4,imap-attack,high,WHITE,blocklist.de/imap|blocklist.de/all|blocklist.de/mail|ziyadnz/hourly-ipv4,blocklist.de|imap|pop3|brute-force|spam|mail|ziyadnz|hourly,2026-08-17T18:48:05Z,2026-08-17T18:48:05Z,
102.213.132.145,ipv4,imap-attack,high,WHITE,blocklist.de/imap|blocklist.de/all|blocklist.de/mail|ziyadnz/hourly-ipv4,blocklist.de|imap|pop3|brute-force|spam|mail|ziyadnz|hourly,2026-08-17T18:48:05Z,2026-08-17T18:48:05Z,
102.213.149.16,ipv4,imap-attack,high,WHITE,blocklist.de/imap|blocklist.de/all|blocklist.de/mail|ziyadnz/hourly-ipv4,blocklist.de|imap|pop3|brute-force|spam|mail|ziyadnz|hourly,2026-08-17T18:48:05Z,2026-08-17T18:48:05Z,
102.215.79.187,ipv4,imap-attack,high,WHITE,blocklist.de/imap|blocklist.de/all|blocklist.de/mail|ziyadnz/hourly-ipv4,blocklist.de|imap|pop3|brute-force|spam|mail|ziyadnz|hourly,2026-08-17T18:48:05Z,2026-08-17T18:48:05Z,
102.217.240.132,ipv4,imap-attack,high,WHITE,blocklist.de/imap|blocklist.de/all|blocklist.de/mail|ziyadnz/hourly-ipv4,blocklist.de|imap|pop3|brute-force|spam|mail|ziyadnz|hourly,2026-08-17T18:48:05Z,2026-08-17T18:48:05Z,
102.217.243.23,ipv4,imap-attack,high,WHITE,blocklist.de/imap|blocklist.de/all|blocklist.de/mail|ziyadnz/hourly-ipv4,blocklist.de|imap|pop3|brute-force|spam|mail|ziyadnz|hourly,2026-08-17T18:48:05Z,2026-08-17T18:48:05Z,
102.22.140.49,ipv4,imap-attack,high,WHITE,blocklist.de/imap|blocklist.de/all|blocklist.de/mail|ziyadnz/hourly-ipv4,blocklist.de|imap|pop3|brute-force|spam|mail|ziyadnz|hourly,2026-08-17T18:48:05Z,2026-08-17T18:48:05Z,
102.223.58.147,ipv4,imap-attack,high,WHITE,blocklist.de/imap|blocklist.de/all|blocklist.de/mail|ziyadnz/hourly-ipv4,blocklist.de|imap|pop3|brute-force|spam|mail|ziyadnz|hourly,2026-08-17T18:48:05Z,2026-08-17T18:48:05Z,
102.23.28.41,ipv4,imap-attack,high,WHITE,blocklist.de/imap|blocklist.de/all|blocklist.de/mail|ziyadnz/hourly-ipv4,blocklist.de|imap|pop3|brute-force|spam|mail|ziyadnz|hourly,2026-08-17T18:48:05Z,2026-08-17T18:48:05Z,
102.244.197.155,ipv4,imap-attack,high,WHITE,blocklist.de/imap|blocklist.de/all|blocklist.de/mail|ziyadnz/hourly-ipv4,blocklist.de|imap|pop3|brute-force|spam|mail|ziyadnz|hourly,2026-08-17T18:48:05Z,2026-08-17T18:48:05Z,
102.36.141.61,ipv4,imap-attack,high,WHITE,blocklist.de/imap|blocklist.de/all|blocklist.de/mail|ziyadnz/hourly-ipv4,blocklist.de|imap|pop3|brute-force|spam|mail|ziyadnz|hourly,2026-08-17T18:48:05Z,2026-08-17T18:48:05Z,
102.38.3.104,ipv4,imap-attack,high,WHITE,blocklist.de/imap|blocklist.de/all|blocklist.de/mail|ziyadnz/hourly-ipv4,blocklist.de|imap|pop3|brute-force|spam|mail|ziyadnz|hourly,2026-08-17T18:48:05Z,2026-08-17T18:48:05Z,
102.38.3.107,ipv4,imap-attack,high,WHITE,blocklist.de/imap|blocklist.de/all|blocklist.de/mail|ziyadnz/hourly-ipv4,blocklist.de|imap|pop3|brute-force|spam|mail|ziyadnz|hourly,2026-08-17T18:48:05Z,2026-08-17T18:48:05Z,
102.42.97.253,ipv4,imap-attack,high,WHITE,blocklist.de/imap|blocklist.de/all|blocklist.de/mail|ziyadnz/hourly-ipv4,blocklist.de|imap|pop3|brute-force|spam|mail|ziyadnz|hourly,2026-08-17T18:48:05Z,2026-08-17T18:48:05Z,
102.53.15.17,ipv4,imap-attack,high,WHITE,blocklist.de/imap|blocklist.de/all|blocklist.de/mail|ziyadnz/hourly-ipv4,blocklist.de|imap|pop3|brute-force|spam|mail|ziyadnz|hourly,2026-08-17T18:48:05Z,2026-08-17T18:48:05Z,
102.53.15.18,ipv4,imap-attack,high,WHITE,blocklist.de/imap|blocklist.de/all|blocklist.de/mail|ziyadnz/hourly-ipv4,blocklist.de|imap|pop3|brute-force|spam|mail|ziyadnz|hourly,2026-08-17T18:48:05Z,2026-08-17T18:48:05Z,
102.53.15.56,ipv4,imap-attack,high,WHITE,blocklist.de/imap|blocklist.de/all|blocklist.de/mail|ziyadnz/hourly-ipv4,blocklist.de|imap|pop3|brute-force|spam|mail|ziyadnz|hourly,2026-08-17T18:48:05Z,2026-08-17T18:48:05Z,
102.64.32.126,ipv4,imap-attack,high,WHITE,blocklist.de/imap|blocklist.de/all|blocklist.de/mail|ziyadnz/hourly-ipv4,blocklist.de|imap|pop3|brute-force|spam|mail|ziyadnz|hourly,2026-08-17T18:48:05Z,2026-08-17T18:48:05Z,
102.64.32.167,ipv4,imap-attack,high,WHITE,blocklist.de/imap|blocklist.de/all|blocklist.de/mail|ziyadnz/hourly-ipv4,blocklist.de|imap|pop3|brute-force|spam|mail|ziyadnz|hourly,2026-08-17T18:48:05Z,2026-08-17T18:48:05Z,
102.64.32.177,ipv4,imap-attack,high,WHITE,blocklist.de/imap|blocklist.de/all|blocklist.de/mail|ziyadnz/hourly-ipv4,blocklist.de|imap|pop3|brute-force|spam|mail|ziyadnz|hourly,2026-08-17T18:48:05Z,2026-08-17T18:48:05Z,
102.64.32.25,ipv4,imap-attack,high,WHITE,blocklist.de/imap|blocklist.de/all|blocklist.de/mail|ziyadnz/hourly-ipv4,blocklist.de|imap|pop3|brute-force|spam|mail|ziyadnz|hourly,2026-08-17T18:48:05Z,2026-08-17T18:48:05Z,
102.64.32.252,ipv4,imap-attack,high,WHITE,blocklist.de/imap|blocklist.de/all|blocklist.de/mail|ziyadnz/hourly-ipv4,blocklist.de|imap|pop3|brute-force|spam|mail|ziyadnz|hourly,2026-08-17T18:48:05Z,2026-08-17T18:48:05Z,
102.64.32.51,ipv4,imap-attack,high,WHITE,blocklist.de/imap|blocklist.de/all|blocklist.de/mail,blocklist.de|imap|pop3|brute-force|spam|mail|ziyadnz|hourly,2026-08-17T18:48:05Z,2026-08-17T18:48:05Z,
102.64.32.54,ipv4,imap-attack,high,WHITE,blocklist.de/imap|blocklist.de/all|blocklist.de/mail|ziyadnz/hourly-ipv4,blocklist.de|imap|pop3|brute-force|spam|mail|ziyadnz|hourly,2026-08-17T18:48:05Z,2026-08-17T18:48:05Z,
102.64.32.86,ipv4,imap-attack,high,WHITE,blocklist.de/imap|blocklist.de/all|blocklist.de/mail|ziyadnz/hourly-ipv4,blocklist.de|imap|pop3|brute-force|spam|mail|ziyadnz|hourly,2026-08-17T18:48:05Z,2026-08-17T18:48:05Z,
102.64.32.89,ipv4,imap-attack,high,WHITE,blocklist.de/imap|blocklist.de/all|blocklist.de/mail|ziyadnz/hourly-ipv4,blocklist.de|imap|pop3|brute-force|spam|mail|ziyadnz|hourly,2026-08-17T18:48:05Z,2026-08-17T18:48:05Z,
102.64.32.9,ipv4,imap-attack,high,WHITE,blocklist.de/imap|blocklist.de/all|blocklist.de/mail|ziyadnz/hourly-ipv4,blocklist.de|imap|pop3|brute-force|spam|mail|ziyadnz|hourly,2026-08-17T18:48:05Z,2026-08-17T18:48:05Z,
102.64.33.113,ipv4,imap-attack,high,WHITE,blocklist.de/imap|blocklist.de/all|blocklist.de/mail|ziyadnz/hourly-ipv4,blocklist.de|imap|pop3|brute-force|spam|mail|ziyadnz|hourly,2026-08-17T18:48:05Z,2026-08-17T18:48:05Z,
102.64.33.18,ipv4,imap-attack,high,WHITE,blocklist.de/imap|blocklist.de/all|blocklist.de/mail|ziyadnz/hourly-ipv4,blocklist.de|imap|pop3|brute-force|spam|mail|ziyadnz|hourly,2026-08-17T18:48:05Z,2026-08-17T18:48:05Z,
102.64.33.227,ipv4,imap-attack,high,WHITE,blocklist.de/imap|blocklist.de/all|blocklist.de/mail|ziyadnz/hourly-ipv4,blocklist.de|imap|pop3|brute-force|spam|mail|ziyadnz|hourly,2026-08-17T18:48:05Z,2026-08-17T18:48:05Z,
102.64.33.78,ipv4,imap-attack,high,WHITE,blocklist.de/imap|blocklist.de/all|blocklist.de/mail|ziyadnz/hourly-ipv4,blocklist.de|imap|pop3|brute-force|spam|mail|ziyadnz|hourly,2026-08-17T18:48:05Z,2026-08-17T18:48:05Z,
102.64.33.84,ipv4,imap-attack,high,WHITE,blocklist.de/imap|blocklist.de/all|blocklist.de/mail|ziyadnz/hourly-ipv4,blocklist.de|imap|pop3|brute-force|spam|mail|ziyadnz|hourly,2026-08-17T18:48:05Z,2026-08-17T18:48:05Z,
102.64.34.112,ipv4,imap-attack,high,WHITE,blocklist.de/imap|blocklist.de/all|blocklist.de/mail,blocklist.de|imap|pop3|brute-force|spam|mail|ziyadnz|hourly,2026-08-17T18:48:05Z,2026-08-17T18:48:05Z,
102.64.34.119,ipv4,imap-attack,high,WHITE,blocklist.de/imap|blocklist.de/all|blocklist.de/mail|ziyadnz/hourly-ipv4,blocklist.de|imap|pop3|brute-force|spam|mail|ziyadnz|hourly,2026-08-17T18:48:05Z,2026-08-17T18:48:05Z,
102.64.34.130,ipv4,imap-attack,high,WHITE,blocklist.de/imap|blocklist.de/all|blocklist.de/mail|ziyadnz/hourly-ipv4,blocklist.de|imap|pop3|brute-force|spam|mail|ziyadnz|hourly,2026-08-17T18:48:05Z,2026-08-17T18:48:05Z,
102.64.34.172,ipv4,imap-attack,high,WHITE,blocklist.de/imap|blocklist.de/all|blocklist.de/mail|ziyadnz/hourly-ipv4,blocklist.de|imap|pop3|brute-force|spam|mail|ziyadnz|hourly,2026-08-17T18:48:05Z,2026-08-17T18:48:05Z,
102.64.34.200,ipv4,imap-attack,high,WHITE,blocklist.de/imap|blocklist.de/all|blocklist.de/mail|ziyadnz/hourly-ipv4,blocklist.de|imap|pop3|brute-force|spam|mail|ziyadnz|hourly,2026-08-17T18:48:05Z,2026-08-17T18:48:05Z,
102.64.34.224,ipv4,imap-attack,high,WHITE,blocklist.de/imap|blocklist.de/all|blocklist.de/mail|ziyadnz/hourly-ipv4,blocklist.de|imap|pop3|brute-force|spam|mail|ziyadnz|hourly,2026-08-17T18:48:05Z,2026-08-17T18:48:05Z,
102.64.34.25,ipv4,imap-attack,high,WHITE,blocklist.de/imap|blocklist.de/all|blocklist.de/mail|ziyadnz/hourly-ipv4,blocklist.de|imap|pop3|brute-force|spam|mail|ziyadnz|hourly,2026-08-17T18:48:05Z,2026-08-17T18:48:05Z,
102.64.34.79,ipv4,imap-attack,high,WHITE,blocklist.de/imap|blocklist.de/all|blocklist.de/mail|ziyadnz/hourly-ipv4,blocklist.de|imap|pop3|brute-force|spam|mail|ziyadnz|hourly,2026-08-17T18:48:05Z,2026-08-17T18:48:05Z,
102.64.35.130,ipv4,imap-attack,high,WHITE,blocklist.de/imap|blocklist.de/all|blocklist.de/mail|ziyadnz/hourly-ipv4,blocklist.de|imap|pop3|brute-force|spam|mail|ziyadnz|hourly,2026-08-17T18:48:05Z,2026-08-17T18:48:05Z,
102.64.35.222,ipv4,imap-attack,high,WHITE,blocklist.de/imap|blocklist.de/all|blocklist.de/mail|ziyadnz/hourly-ipv4,blocklist.de|imap|pop3|brute-force|spam|mail|ziyadnz|hourly,2026-08-17T18:48:05Z,2026-08-17T18:48:05Z,
102.64.35.232,ipv4,imap-attack,high,WHITE,blocklist.de/imap|blocklist.de/all|blocklist.de/mail|ziyadnz/hourly-ipv4,blocklist.de|imap|pop3|brute-force|spam|mail|ziyadnz|hourly,2026-08-17T18:48:05Z,2026-08-17T18:48:05Z,
102.64.36.142,ipv4,imap-attack,high,WHITE,blocklist.de/imap|blocklist.de/all|blocklist.de/mail|ziyadnz/hourly-ipv4,blocklist.de|imap|pop3|brute-force|spam|mail|ziyadnz|hourly,2026-08-17T18:48:05Z,2026-08-17T18:48:05Z,
102.64.36.182,ipv4,imap-attack,high,WHITE,blocklist.de/imap|blocklist.de/all|blocklist.de/mail|ziyadnz/hourly-ipv4,blocklist.de|imap|pop3|brute-force|spam|mail|ziyadnz|hourly,2026-08-17T18:48:05Z,2026-08-17T18:48:05Z,
102.64.37.100,ipv4,imap-attack,high,WHITE,blocklist.de/imap|blocklist.de/all|blocklist.de/mail|ziyadnz/hourly-ipv4,blocklist.de|imap|pop3|brute-force|spam|mail|ziyadnz|hourly,2026-08-17T18:48:05Z,2026-08-17T18:48:05Z,
102.64.37.141,ipv4,imap-attack,high,WHITE,blocklist.de/imap|blocklist.de/all|blocklist.de/mail|ziyadnz/hourly-ipv4,blocklist.de|imap|pop3|brute-force|spam|mail|ziyadnz|hourly,2026-08-17T18:48:05Z,2026-08-17T18:48:05Z,
102.64.37.64,ipv4,imap-attack,high,WHITE,blocklist.de/imap|blocklist.de/all|blocklist.de/mail|ziyadnz/hourly-ipv4,blocklist.de|imap|pop3|brute-force|spam|mail|ziyadnz|hourly,2026-08-17T18:48:05Z,2026-08-17T18:48:05Z,
102.64.39.110,ipv4,imap-attack,high,WHITE,blocklist.de/imap|blocklist.de/all|blocklist.de/mail|ziyadnz/hourly-ipv4,blocklist.de|imap|pop3|brute-force|spam|mail|ziyadnz|hourly,2026-08-17T18:48:05Z,2026-08-17T18:48:05Z,
102.64.39.119,ipv4,imap-attack,high,WHITE,blocklist.de/imap|blocklist.de/all|blocklist.de/mail|ziyadnz/hourly-ipv4,blocklist.de|imap|pop3|brute-force|spam|mail|ziyadnz|hourly,2026-08-17T18:48:05Z,2026-08-17T18:48:05Z,
102.64.39.148,ipv4,imap-attack,high,WHITE,blocklist.de/imap|blocklist.de/all|blocklist.de/mail|ziyadnz/hourly-ipv4,blocklist.de|imap|pop3|brute-force|spam|mail|ziyadnz|hourly,2026-08-17T18:48:05Z,2026-08-17T18:48:05Z,
102.64.39.154,ipv4,imap-attack,high,WHITE,blocklist.de/imap|blocklist.de/all|blocklist.de/mail|ziyadnz/hourly-ipv4,blocklist.de|imap|pop3|brute-force|spam|mail|ziyadnz|hourly,2026-08-17T18:48:05Z,2026-08-17T18:48:05Z,
102.64.39.174,ipv4,imap-attack,high,WHITE,blocklist.de/imap|blocklist.de/all|blocklist.de/mail|ziyadnz/hourly-ipv4,blocklist.de|imap|pop3|brute-force|spam|mail|ziyadnz|hourly,2026-08-17T18:48:05Z,2026-08-17T18:48:05Z,
102.64.39.238,ipv4,imap-attack,high,WHITE,blocklist.de/imap|blocklist.de/all|blocklist.de/mail|ziyadnz/hourly-ipv4,blocklist.de|imap|pop3|brute-force|spam|mail|ziyadnz|hourly,2026-08-17T18:48:05Z,2026-08-17T18:48:05Z,
102.64.39.241,ipv4,imap-attack,high,WHITE,blocklist.de/imap|blocklist.de/all|blocklist.de/mail|ziyadnz/hourly-ipv4,blocklist.de|imap|pop3|brute-force|spam|mail|ziyadnz|hourly,2026-08-17T18:48:05Z,2026-08-17T18:48:05Z,
102.64.39.32,ipv4,imap-attack,high,WHITE,blocklist.de/imap|blocklist.de/all|blocklist.de/mail|ziyadnz/hourly-ipv4,blocklist.de|imap|pop3|brute-force|spam|mail|ziyadnz|hourly,2026-08-17T18:48:05Z,2026-08-17T18:48:05Z,
102.64.39.44,ipv4,imap-attack,high,WHITE,blocklist.de/imap|blocklist.de/all|blocklist.de/mail|ziyadnz/hourly-ipv4,blocklist.de|imap|pop3|brute-force|spam|mail|ziyadnz|hourly,2026-08-17T18:48:05Z,2026-08-17T18:48:05Z,
102.64.39.60,ipv4,imap-attack,high,WHITE,blocklist.de/imap|blocklist.de/all|blocklist.de/mail|ziyadnz/hourly-ipv4,blocklist.de|imap|pop3|brute-force|spam|mail|ziyadnz|hourly,2026-08-17T18:48:05Z,2026-08-17T18:48:05Z,
102.64.40.29,ipv4,imap-attack,high,WHITE,blocklist.de/imap|blocklist.de/all|blocklist.de/mail|ziyadnz/hourly-ipv4,blocklist.de|imap|pop3|brute-force|spam|mail|ziyadnz|hourly,2026-08-17T18:48:05Z,2026-08-17T18:48:05Z,
102.64.40.78,ipv4,imap-attack,high,WHITE,blocklist.de/imap|blocklist.de/all|blocklist.de/mail|ziyadnz/hourly-ipv4,blocklist.de|imap|pop3|brute-force|spam|mail|ziyadnz|hourly,2026-08-17T18:48:05Z,2026-08-17T18:48:05Z,
102.64.41.10,ipv4,imap-attack,high,WHITE,blocklist.de/imap|blocklist.de/all|blocklist.de/mail|ziyadnz/hourly-ipv4,blocklist.de|imap|pop3|brute-force|spam|mail|ziyadnz|hourly,2026-08-17T18:48:05Z,2026-08-17T18:48:05Z,
102.64.41.131,ipv4,imap-attack,high,WHITE,blocklist.de/imap|blocklist.de/all|blocklist.de/mail|ziyadnz/hourly-ipv4,blocklist.de|imap|pop3|brute-force|spam|mail|ziyadnz|hourly,2026-08-17T18:48:05Z,2026-08-17T18:48:05Z,
102.64.41.163,ipv4,imap-attack,high,WHITE,blocklist.de/imap|blocklist.de/all|blocklist.de/mail|ziyadnz/hourly-ipv4,blocklist.de|imap|pop3|brute-force|spam|mail|ziyadnz|hourly,2026-08-17T18:48:05Z,2026-08-17T18:48:05Z,
102.64.41.33,ipv4,imap-attack,high,WHITE,blocklist.de/imap|blocklist.de/all|blocklist.de/mail|ziyadnz/hourly-ipv4,blocklist.de|imap|pop3|brute-force|spam|mail|ziyadnz|hourly,2026-08-17T18:48:05Z,2026-08-17T18:48:05Z,
102.64.41.61,ipv4,imap-attack,high,WHITE,blocklist.de/imap|blocklist.de/all|blocklist.de/mail|ziyadnz/hourly-ipv4,blocklist.de|imap|pop3|brute-force|spam|mail|ziyadnz|hourly,2026-08-17T18:48:05Z,2026-08-17T18:48:05Z,
102.64.41.86,ipv4,imap-attack,high,WHITE,blocklist.de/imap|blocklist.de/all|blocklist.de/mail|ziyadnz/hourly-ipv4,blocklist.de|imap|pop3|brute-force|spam|mail|ziyadnz|hourly,2026-08-17T18:48:05Z,2026-08-17T18:48:05Z,
102.64.42.129,ipv4,imap-attack,high,WHITE,blocklist.de/imap|blocklist.de/all|blocklist.de/mail|ziyadnz/hourly-ipv4,blocklist.de|imap|pop3|brute-force|spam|mail|ziyadnz|hourly,2026-08-17T18:48:05Z,2026-08-17T18:48:05Z,
102.64.42.16,ipv4,imap-attack,high,WHITE,blocklist.de/imap|blocklist.de/all|blocklist.de/mail|ziyadnz/hourly-ipv4,blocklist.de|imap|pop3|brute-force|spam|mail|ziyadnz|hourly,2026-08-17T18:48:05Z,2026-08-17T18:48:05Z,
102.64.42.181,ipv4,imap-attack,high,WHITE,blocklist.de/imap|blocklist.de/all|blocklist.de/mail|ziyadnz/hourly-ipv4,blocklist.de|imap|pop3|brute-force|spam|mail|ziyadnz|hourly,2026-08-17T18:48:05Z,2026-08-17T18:48:05Z,
102.64.42.20,ipv4,imap-attack,high,WHITE,blocklist.de/imap|blocklist.de/all|blocklist.de/mail|ziyadnz/hourly-ipv4,blocklist.de|imap|pop3|brute-force|spam|mail|ziyadnz|hourly,2026-08-17T18:48:05Z,2026-08-17T18:48:05Z,
102.64.42.34,ipv4,imap-attack,high,WHITE,blocklist.de/imap|blocklist.de/all|blocklist.de/mail|ziyadnz/hourly-ipv4,blocklist.de|imap|pop3|brute-force|spam|mail|ziyadnz|hourly,2026-08-17T18:48:05Z,2026-08-17T18:48:05Z,
102.64.42.35,ipv4,imap-attack,high,WHITE,blocklist.de/imap|blocklist.de/all|blocklist.de/mail|ziyadnz/hourly-ipv4,blocklist.de|imap|pop3|brute-force|spam|mail|ziyadnz|hourly,2026-08-17T18:48:05Z,2026-08-17T18:48:05Z,
102.64.42.69,ipv4,imap-attack,high,WHITE,blocklist.de/imap|blocklist.de/all|blocklist.de/mail|ziyadnz/hourly-ipv4,blocklist.de|imap|pop3|brute-force|spam|mail|ziyadnz|hourly,2026-08-17T18:48:05Z,2026-08-17T18:48:05Z,
102.64.43.10,ipv4,imap-attack,high,WHITE,blocklist.de/imap|blocklist.de/all|blocklist.de/mail|ziyadnz/hourly-ipv4,blocklist.de|imap|pop3|brute-force|spam|mail|ziyadnz|hourly,2026-08-17T18:48:05Z,2026-08-17T18:48:05Z,
102.64.43.11,ipv4,imap-attack,high,WHITE,blocklist.de/imap|blocklist.de/all|blocklist.de/mail|ziyadnz/hourly-ipv4,blocklist.de|imap|pop3|brute-force|spam|mail|ziyadnz|hourly,2026-08-17T18:48:05Z,2026-08-17T18:48:05Z,
102.64.43.112,ipv4,imap-attack,high,WHITE,blocklist.de/imap|blocklist.de/all|blocklist.de/mail|ziyadnz/hourly-ipv4,blocklist.de|imap|pop3|brute-force|spam|mail|ziyadnz|hourly,2026-08-17T18:48:05Z,2026-08-17T18:48:05Z,
102.64.43.164,ipv4,imap-attack,high,WHITE,blocklist.de/imap|blocklist.de/all|blocklist.de/mail|ziyadnz/hourly-ipv4,blocklist.de|imap|pop3|brute-force|spam|mail|ziyadnz|hourly,2026-08-17T18:48:05Z,2026-08-17T18:48:05Z,
102.64.43.182,ipv4,imap-attack,high,WHITE,blocklist.de/imap|blocklist.de/all|blocklist.de/mail|ziyadnz/hourly-ipv4,blocklist.de|imap|pop3|brute-force|spam|mail|ziyadnz|hourly,2026-08-17T18:48:05Z,2026-08-17T18:48:05Z,
102.64.43.232,ipv4,imap-attack,high,WHITE,blocklist.de/imap|blocklist.de/all|blocklist.de/mail|ziyadnz/hourly-ipv4,blocklist.de|imap|pop3|brute-force|spam|mail|ziyadnz|hourly,2026-08-17T18:48:05Z,2026-08-17T18:48:05Z,
102.64.43.247,ipv4,imap-attack,high,WHITE,blocklist.de/imap|blocklist.de/all|blocklist.de/mail|ziyadnz/hourly-ipv4,blocklist.de|imap|pop3|brute-force|spam|mail|ziyadnz|hourly,2026-08-17T18:48:05Z,2026-08-17T18:48:05Z,
102.64.43.53,ipv4,imap-attack,high,WHITE,blocklist.de/imap|blocklist.de/all|blocklist.de/mail|ziyadnz/hourly-ipv4,blocklist.de|imap|pop3|brute-force|spam|mail|ziyadnz|hourly,2026-08-17T18:48:05Z,2026-08-17T18:48:05Z,
102.64.43.8,ipv4,imap-attack,high,WHITE,blocklist.de/imap|blocklist.de/all|blocklist.de/mail|ziyadnz/hourly-ipv4,blocklist.de|imap|pop3|brute-force|spam|mail|ziyadnz|hourly,2026-08-17T18:48:05Z,2026-08-17T18:48:05Z,
102.64.44.200,ipv4,imap-attack,high,WHITE,blocklist.de/imap|blocklist.de/all|blocklist.de/mail|ziyadnz/hourly-ipv4,blocklist.de|imap|pop3|brute-force|spam|mail|ziyadnz|hourly,2026-08-17T18:48:05Z,2026-08-17T18:48:05Z,
102.64.44.3,ipv4,imap-attack,high,WHITE,blocklist.de/imap|blocklist.de/all|blocklist.de/mail|ziyadnz/hourly-ipv4,blocklist.de|imap|pop3|brute-force|spam|mail|ziyadnz|hourly,2026-08-17T18:48:05Z,2026-08-17T18:48:05Z,
102.64.45.113,ipv4,imap-attack,high,WHITE,blocklist.de/imap|blocklist.de/all|blocklist.de/mail|ziyadnz/hourly-ipv4,blocklist.de|imap|pop3|brute-force|spam|mail|ziyadnz|hourly,2026-08-17T18:48:05Z,2026-08-17T18:48:05Z,
102.64.45.180,ipv4,imap-attack,high,WHITE,blocklist.de/imap|blocklist.de/all|blocklist.de/mail|ziyadnz/hourly-ipv4,blocklist.de|imap|pop3|brute-force|spam|mail|ziyadnz|hourly,2026-08-17T18:48:05Z,2026-08-17T18:48:05Z,
102.64.45.234,ipv4,imap-attack,high,WHITE,blocklist.de/imap|blocklist.de/all|blocklist.de/mail|ziyadnz/hourly-ipv4,blocklist.de|imap|pop3|brute-force|spam|mail|ziyadnz|hourly,2026-08-17T18:48:05Z,2026-08-17T18:48:05Z,
102.64.45.95,ipv4,imap-attack,high,WHITE,blocklist.de/imap|blocklist.de/all|blocklist.de/mail|ziyadnz/hourly-ipv4,blocklist.de|imap|pop3|brute-force|spam|mail|ziyadnz|hourly,2026-08-17T18:48:05Z,2026-08-17T18:48:05Z,
102.64.46.173,ipv4,imap-attack,high,WHITE,blocklist.de/imap|blocklist.de/all|blocklist.de/mail|ziyadnz/hourly-ipv4,blocklist.de|imap|pop3|brute-force|spam|mail|ziyadnz|hourly,2026-08-17T18:48:05Z,2026-08-17T18:48:05Z,
102.64.46.247,ipv4,imap-attack,high,WHITE,blocklist.de/imap|blocklist.de/all|blocklist.de/mail|ziyadnz/hourly-ipv4,blocklist.de|imap|pop3|brute-force|spam|mail|ziyadnz|hourly,2026-08-17T18:48:05Z,2026-08-17T18:48:05Z,
102.64.47.139,ipv4,imap-attack,high,WHITE,blocklist.de/imap|blocklist.de/all|blocklist.de/mail|ziyadnz/hourly-ipv4,blocklist.de|imap|pop3|brute-force|spam|mail|ziyadnz|hourly,2026-08-17T18:48:05Z,2026-08-17T18:48:05Z,
102.64.47.165,ipv4,imap-attack,high,WHITE,blocklist.de/imap|blocklist.de/all|blocklist.de/mail|ziyadnz/hourly-ipv4,blocklist.de|imap|pop3|brute-force|spam|mail|ziyadnz|hourly,2026-08-17T18:48:05Z,2026-08-17T18:48:05Z,
102.64.47.190,ipv4,imap-attack,high,WHITE,blocklist.de/imap|blocklist.de/all|blocklist.de/mail|ziyadnz/hourly-ipv4,blocklist.de|imap|pop3|brute-force|spam|mail|ziyadnz|hourly,2026-08-17T18:48:05Z,2026-08-17T18:48:05Z,
102.64.47.214,ipv4,imap-attack,high,WHITE,blocklist.de/imap|blocklist.de/all|blocklist.de/mail|ziyadnz/hourly-ipv4,blocklist.de|imap|pop3|brute-force|spam|mail|ziyadnz|hourly,2026-08-17T18:48:05Z,2026-08-17T18:48:05Z,
102.64.47.33,ipv4,imap-attack,high,WHITE,blocklist.de/imap|blocklist.de/all|blocklist.de/mail|ziyadnz/hourly-ipv4,blocklist.de|imap|pop3|brute-force|spam|mail|ziyadnz|hourly,2026-08-17T18:48:05Z,2026-08-17T18:48:05Z,
102.66.0.36,ipv4,imap-attack,high,WHITE,blocklist.de/imap|blocklist.de/all|blocklist.de/mail|ziyadnz/hourly-ipv4,blocklist.de|imap|pop3|brute-force|spam|mail|ziyadnz|hourly,2026-08-17T18:48:05Z,2026-08-17T18:48:05Z,
102.66.146.23,ipv4,imap-attack,high,WHITE,blocklist.de/imap|blocklist.de/all|blocklist.de/mail|ziyadnz/hourly-ipv4,blocklist.de|imap|pop3|brute-force|spam|mail|ziyadnz|hourly,2026-08-17T18:48:05Z,2026-08-17T18:48:05Z,
102.96.146.238,ipv4,imap-attack,high,WHITE,blocklist.de/imap|blocklist.de/all|blocklist.de/mail|ziyadnz/hourly-ipv4,blocklist.de|imap|pop3|brute-force|spam|mail|ziyadnz|hourly,2026-08-17T18:48:05Z,2026-08-17T18:48:05Z,
102.96.207.194,ipv4,imap-attack,high,WHITE,blocklist.de/imap|blocklist.de/all|blocklist.de/mail|ziyadnz/hourly-ipv4,blocklist.de|imap|pop3|brute-force|spam|mail|ziyadnz|hourly,2026-08-17T18:48:05Z,2026-08-17T18:48:05Z,
103.104.127.18,ipv4,imap-attack,high,WHITE,blocklist.de/imap|blocklist.de/all|blocklist.de/mail|ziyadnz/hourly-ipv4,blocklist.de|imap|pop3|brute-force|spam|mail|ziyadnz|hourly,2026-08-17T18:48:05Z,2026-08-17T18:48:05Z,
103.104.127.185,ipv4,imap-attack,high,WHITE,blocklist.de/imap|blocklist.de/all|blocklist.de/mail|ziyadnz/hourly-ipv4,blocklist.de|imap|pop3|brute-force|spam|mail|ziyadnz|hourly,2026-08-17T18:48:05Z,2026-08-17T18:48:05Z,
103.104.127.219,ipv4,imap-attack,high,WHITE,blocklist.de/imap|blocklist.de/all|blocklist.de/mail|ziyadnz/hourly-ipv4,blocklist.de|imap|pop3|brute-force|spam|mail|ziyadnz|hourly,2026-08-17T18:48:05Z,2026-08-17T18:48:05Z,
103.104.127.49,ipv4,imap-attack,high,WHITE,blocklist.de/imap|blocklist.de/all|blocklist.de/mail|ziyadnz/hourly-ipv4,blocklist.de|imap|pop3|brute-force|spam|mail|ziyadnz|hourly,2026-08-17T18:48:05Z,2026-08-17T18:48:05Z,
103.106.154.20,ipv4,imap-attack,high,WHITE,blocklist.de/imap|blocklist.de/all|blocklist.de/mail|ziyadnz/hourly-ipv4,blocklist.de|imap|pop3|brute-force|spam|mail|ziyadnz|hourly,2026-08-17T18:48:05Z,2026-08-17T18:48:05Z,
103.107.60.152,ipv4,imap-attack,high,WHITE,blocklist.de/imap|blocklist.de/all|blocklist.de/mail|ziyadnz/hourly-ipv4,blocklist.de|imap|pop3|brute-force|spam|mail|ziyadnz|hourly,2026-08-17T18:48:05Z,2026-08-17T18:48:05Z,
103.109.178.58,ipv4,imap-attack,high,WHITE,blocklist.de/imap|blocklist.de/all|blocklist.de/mail|ziyadnz/hourly-ipv4,blocklist.de|imap|pop3|brute-force|spam|mail|ziyadnz|hourly,2026-08-17T18:48:05Z,2026-08-17T18:48:05Z,
103.109.178.8,ipv4,imap-attack,high,WHITE,blocklist.de/imap|blocklist.de/all|blocklist.de/mail|ziyadnz/hourly-ipv4,blocklist.de|imap|pop3|brute-force|spam|mail|ziyadnz|hourly,2026-08-17T18:48:05Z,2026-08-17T18:48:05Z,
103.110.10.133,ipv4,imap-attack,high,WHITE,blocklist.de/imap|blocklist.de/all|blocklist.de/mail|ziyadnz/hourly-ipv4,blocklist.de|imap|pop3|brute-force|spam|mail|ziyadnz|hourly,2026-08-17T18:48:05Z,2026-08-17T18:48:05Z,
103.110.237.58,ipv4,imap-attack,high,WHITE,blocklist.de/imap|blocklist.de/all|blocklist.de/mail|ziyadnz/hourly-ipv4,blocklist.de|imap|pop3|brute-force|spam|mail|ziyadnz|hourly,2026-08-17T18:48:05Z,2026-08-17T18:48:05Z,
103.110.237.98,ipv4,imap-attack,high,WHITE,blocklist.de/imap|blocklist.de/all|blocklist.de/mail|ziyadnz/hourly-ipv4,blocklist.de|imap|pop3|brute-force|spam|mail|ziyadnz|hourly,2026-08-17T18:48:05Z,2026-08-17T18:48:05Z,
103.111.6.121,ipv4,imap-attack,high,WHITE,blocklist.de/imap|blocklist.de/all|blocklist.de/mail|ziyadnz/hourly-ipv4,blocklist.de|imap|pop3|brute-force|spam|mail|ziyadnz|hourly,2026-08-17T18:48:05Z,2026-08-17T18:48:05Z,
103.111.98.189,ipv4,imap-attack,high,WHITE,blocklist.de/imap|blocklist.de/all|blocklist.de/mail|ziyadnz/hourly-ipv4,blocklist.de|imap|pop3|brute-force|spam|mail|ziyadnz|hourly,2026-08-17T18:48:05Z,2026-08-17T18:48:05Z,
103.113.113.130,ipv4,imap-attack,high,WHITE,blocklist.de/imap|blocklist.de/all|blocklist.de/mail|ziyadnz/hourly-ipv4,blocklist.de|imap|pop3|brute-force|spam|mail|ziyadnz|hourly,2026-08-17T18:48:05Z,2026-08-17T18:48:05Z,
103.113.114.67,ipv4,imap-attack,high,WHITE,blocklist.de/imap|blocklist.de/all|blocklist.de/mail|ziyadnz/hourly-ipv4,blocklist.de|imap|pop3|brute-force|spam|mail|ziyadnz|hourly,2026-08-17T18:48:05Z,2026-08-17T18:48:05Z,
103.115.199.126,ipv4,imap-attack,high,WHITE,blocklist.de/imap|blocklist.de/all|blocklist.de/mail|ziyadnz/hourly-ipv4,blocklist.de|imap|pop3|brute-force|spam|mail|ziyadnz|hourly,2026-08-17T18:48:05Z,2026-08-17T18:48:05Z,
103.12.78.103,ipv4,imap-attack,high,WHITE,blocklist.de/imap|blocklist.de/all|blocklist.de/mail|ziyadnz/hourly-ipv4,blocklist.de|imap|pop3|brute-force|spam|mail|ziyadnz|hourly,2026-08-17T18:48:05Z,2026-08-17T18:48:05Z,
103.120.62.26,ipv4,imap-attack,high,WHITE,blocklist.de/imap|blocklist.de/all|blocklist.de/mail|ziyadnz/hourly-ipv4,blocklist.de|imap|pop3|brute-force|spam|mail|ziyadnz|hourly,2026-08-17T18:48:05Z,2026-08-17T18:48:05Z,
103.121.246.94,ipv4,imap-attack,high,WHITE,blocklist.de/imap|blocklist.de/all|blocklist.de/mail|ziyadnz/hourly-ipv4,blocklist.de|imap|pop3|brute-force|spam|mail|ziyadnz|hourly,2026-08-17T18:48:05Z,2026-08-17T18:48:05Z,
103.124.251.152,ipv4,imap-attack,high,WHITE,blocklist.de/imap|blocklist.de/all|blocklist.de/mail|ziyadnz/hourly-ipv4,blocklist.de|imap|pop3|brute-force|spam|mail|ziyadnz|hourly,2026-08-17T18:48:05Z,2026-08-17T18:48:05Z,
103.125.179.233,ipv4,imap-attack,high,WHITE,blocklist.de/imap|blocklist.de/all|blocklist.de/mail|ziyadnz/hourly-ipv4,blocklist.de|imap|pop3|brute-force|spam|mail|ziyadnz|hourly,2026-08-17T18:48:05Z,2026-08-17T18:48:05Z,
103.126.217.225,ipv4,imap-attack,high,WHITE,blocklist.de/imap|blocklist.de/all|blocklist.de/mail|ziyadnz/hourly-ipv4,blocklist.de|imap|pop3|brute-force|spam|mail|ziyadnz|hourly,2026-08-17T18:48:05Z,2026-08-17T18:48:05Z,
103.126.217.86,ipv4,imap-attack,high,WHITE,blocklist.de/imap|blocklist.de/all|blocklist.de/mail|ziyadnz/hourly-ipv4,blocklist.de|imap|pop3|brute-force|spam|mail|ziyadnz|hourly,2026-08-17T18:48:05Z,2026-08-17T18:48:05Z,
103.129.208.231,ipv4,imap-attack,high,WHITE,blocklist.de/imap|blocklist.de/all|blocklist.de/mail|ziyadnz/hourly-ipv4,blocklist.de|imap|pop3|brute-force|spam|mail|ziyadnz|hourly,2026-08-17T18:48:05Z,2026-08-17T18:48:05Z,
103.129.48.177,ipv4,imap-attack,high,WHITE,blocklist.de/imap|blocklist.de/all|blocklist.de/mail|ziyadnz/hourly-ipv4,blocklist.de|imap|pop3|brute-force|spam|mail|ziyadnz|hourly,2026-08-17T18:48:05Z,2026-08-17T18:48:05Z,
103.129.59.62,ipv4,imap-attack,high,WHITE,blocklist.de/imap|blocklist.de/all|blocklist.de/mail|ziyadnz/hourly-ipv4,blocklist.de|imap|pop3|brute-force|spam|mail|ziyadnz|hourly,2026-08-17T18:48:05Z,2026-08-17T18:48:05Z,
103.130.119.217,ipv4,imap-attack,high,WHITE,blocklist.de/imap|blocklist.de/all|blocklist.de/mail|ziyadnz/hourly-ipv4,blocklist.de|imap|pop3|brute-force|spam|mail|ziyadnz|hourly,2026-08-17T18:48:05Z,2026-08-17T18:48:05Z,
103.130.207.227,ipv4,imap-attack,high,WHITE,blocklist.de/imap|blocklist.de/all|blocklist.de/mail|ziyadnz/hourly-ipv4,blocklist.de|imap|pop3|brute-force|spam|mail|ziyadnz|hourly,2026-08-17T18:48:05Z,2026-08-17T18:48:05Z,
103.130.74.198,ipv4,imap-attack,high,WHITE,blocklist.de/imap|blocklist.de/all|blocklist.de/mail|ziyadnz/hourly-ipv4,blocklist.de|imap|pop3|brute-force|spam|mail|ziyadnz|hourly,2026-08-17T18:48:05Z,2026-08-17T18:48:05Z,
103.132.230.62,ipv4,imap-attack,high,WHITE,blocklist.de/imap|blocklist.de/all|blocklist.de/mail|ziyadnz/hourly-ipv4,blocklist.de|imap|pop3|brute-force|spam|mail|ziyadnz|hourly,2026-08-17T18:48:05Z,2026-08-17T18:48:05Z,
103.133.174.110,ipv4,imap-attack,high,WHITE,blocklist.de/imap|blocklist.de/all|blocklist.de/mail|ziyadnz/hourly-ipv4,blocklist.de|imap|pop3|brute-force|spam|mail|ziyadnz|hourly,2026-08-17T18:48:05Z,2026-08-17T18:48:05Z,
103.133.202.222,ipv4,imap-attack,high,WHITE,blocklist.de/imap|blocklist.de/all|blocklist.de/mail|ziyadnz/hourly-ipv4,blocklist.de|imap|pop3|brute-force|spam|mail|ziyadnz|hourly,2026-08-17T18:48:05Z,2026-08-17T18:48:05Z,
103.133.62.48,ipv4,imap-attack,high,WHITE,blocklist.de/imap|blocklist.de/all|blocklist.de/mail|ziyadnz/hourly-ipv4,blocklist.de|imap|pop3|brute-force|spam|mail|ziyadnz|hourly,2026-08-17T18:48:05Z,2026-08-17T18:48:05Z,
103.134.0.250,ipv4,imap-attack,high,WHITE,blocklist.de/imap|blocklist.de/all|blocklist.de/mail|ziyadnz/hourly-ipv4,blocklist.de|imap|pop3|brute-force|spam|mail|ziyadnz|hourly,2026-08-17T18:48:05Z,2026-08-17T18:48:05Z,
103.134.127.65,ipv4,imap-attack,high,WHITE,blocklist.de/imap|blocklist.de/all|blocklist.de/mail|ziyadnz/hourly-ipv4,blocklist.de|imap|pop3|brute-force|spam|mail|ziyadnz|hourly,2026-08-17T18:48:05Z,2026-08-17T18:48:05Z,
103.134.217.195,ipv4,imap-attack,high,WHITE,blocklist.de/imap|blocklist.de/all|blocklist.de/mail|ziyadnz/hourly-ipv4,blocklist.de|imap|pop3|brute-force|spam|mail|ziyadnz|hourly,2026-08-17T18:48:05Z,2026-08-17T18:48:05Z,
103.134.246.11,ipv4,imap-attack,high,WHITE,blocklist.de/imap|blocklist.de/all|blocklist.de/mail|ziyadnz/hourly-ipv4,blocklist.de|imap|pop3|brute-force|spam|mail|ziyadnz|hourly,2026-08-17T18:48:05Z,2026-08-17T18:48:05Z,
103.134.62.65,ipv4,imap-attack,high,WHITE,blocklist.de/imap|blocklist.de/all|blocklist.de/mail|ziyadnz/hourly-ipv4,blocklist.de|imap|pop3|brute-force|spam|mail|ziyadnz|hourly,2026-08-17T18:48:05Z,2026-08-17T18:48:05Z,
103.14.144.133,ipv4,imap-attack,high,WHITE,blocklist.de/imap|blocklist.de/all|blocklist.de/mail|ziyadnz/hourly-ipv4,blocklist.de|imap|pop3|brute-force|spam|mail|ziyadnz|hourly,2026-08-17T18:48:05Z,2026-08-17T18:48:05Z,
103.140.235.67,ipv4,imap-attack,high,WHITE,blocklist.de/imap|blocklist.de/all|blocklist.de/mail|ziyadnz/hourly-ipv4,blocklist.de|imap|pop3|brute-force|spam|mail|ziyadnz|hourly,2026-08-17T18:48:05Z,2026-08-17T18:48:05Z,
103.140.31.216,ipv4,imap-attack,high,WHITE,blocklist.de/imap|blocklist.de/all|blocklist.de/mail|ziyadnz/hourly-ipv4,blocklist.de|imap|pop3|brute-force|spam|mail|ziyadnz|hourly,2026-08-17T18:48:05Z,2026-08-17T18:48:05Z,
103.142.108.220,ipv4,imap-attack,high,WHITE,blocklist.de/imap|blocklist.de/all|blocklist.de/mail|ziyadnz/hourly-ipv4,blocklist.de|imap|pop3|brute-force|spam|mail|ziyadnz|hourly,2026-08-17T18:48:05Z,2026-08-17T18:48:05Z,
103.142.184.54,ipv4,imap-attack,high,WHITE,blocklist.de/imap|blocklist.de/all|blocklist.de/mail|ziyadnz/hourly-ipv4,blocklist.de|imap|pop3|brute-force|spam|mail|ziyadnz|hourly,2026-08-17T18:48:05Z,2026-08-17T18:48:05Z,
103.147.248.23,ipv4,imap-attack,high,WHITE,blocklist.de/imap|blocklist.de/all|blocklist.de/mail|ziyadnz/hourly-ipv4,blocklist.de|imap|pop3|brute-force|spam|mail|ziyadnz|hourly,2026-08-17T18:48:05Z,2026-08-17T18:48:05Z,
103.147.248.44,ipv4,imap-attack,high,WHITE,blocklist.de/imap|blocklist.de/all|blocklist.de/mail|ziyadnz/hourly-ipv4,blocklist.de|imap|pop3|brute-force|spam|mail|ziyadnz|hourly,2026-08-17T18:48:05Z,2026-08-17T18:48:05Z,
103.148.206.98,ipv4,imap-attack,high,WHITE,blocklist.de/imap|blocklist.de/all|blocklist.de/mail|ziyadnz/hourly-ipv4,blocklist.de|imap|pop3|brute-force|spam|mail|ziyadnz|hourly,2026-08-17T18:48:05Z,2026-08-17T18:48:05Z,
103.148.212.184,ipv4,imap-attack,high,WHITE,blocklist.de/imap|blocklist.de/all|blocklist.de/mail|ziyadnz/hourly-ipv4,blocklist.de|imap|pop3|brute-force|spam|mail|ziyadnz|hourly,2026-08-17T18:48:05Z,2026-08-17T18:48:05Z,
103.148.217.253,ipv4,imap-attack,high,WHITE,blocklist.de/imap|blocklist.de/all|blocklist.de/mail|ziyadnz/hourly-ipv4,blocklist.de|imap|pop3|brute-force|spam|mail|ziyadnz|hourly,2026-08-17T18:48:05Z,2026-08-17T18:48:05Z,
103.152.142.237,ipv4,imap-attack,high,WHITE,blocklist.de/imap|blocklist.de/all|blocklist.de/mail|ziyadnz/hourly-ipv4,blocklist.de|imap|pop3|brute-force|spam|mail|ziyadnz|hourly,2026-08-17T18:48:05Z,2026-08-17T18:48:05Z,
103.153.66.178,ipv4,imap-attack,high,WHITE,blocklist.de/imap|blocklist.de/all|blocklist.de/mail|ziyadnz/hourly-ipv4,blocklist.de|imap|pop3|brute-force|spam|mail|ziyadnz|hourly,2026-08-17T18:48:05Z,2026-08-17T18:48:05Z,
103.156.118.41,ipv4,imap-attack,high,WHITE,blocklist.de/imap|blocklist.de/all|blocklist.de/mail|ziyadnz/hourly-ipv4,blocklist.de|imap|pop3|brute-force|spam|mail|ziyadnz|hourly,2026-08-17T18:48:05Z,2026-08-17T18:48:05Z,
103.159.127.162,ipv4,imap-attack,high,WHITE,blocklist.de/imap|blocklist.de/all|blocklist.de/mail|ziyadnz/hourly-ipv4,blocklist.de|imap|pop3|brute-force|spam|mail|ziyadnz|hourly,2026-08-17T18:48:05Z,2026-08-17T18:48:05Z,
103.159.166.182,ipv4,imap-attack,high,WHITE,blocklist.de/imap|blocklist.de/all|blocklist.de/mail|ziyadnz/hourly-ipv4,blocklist.de|imap|pop3|brute-force|spam|mail|ziyadnz|hourly,2026-08-17T18:48:05Z,2026-08-17T18:48:05Z,
103.162.235.227,ipv4,imap-attack,high,WHITE,blocklist.de/imap|blocklist.de/all|blocklist.de/mail|ziyadnz/hourly-ipv4,blocklist.de|imap|pop3|brute-force|spam|mail|ziyadnz|hourly,2026-08-17T18:48:05Z,2026-08-17T18:48:05Z,
103.163.44.10,ipv4,imap-attack,high,WHITE,blocklist.de/imap|blocklist.de/all|blocklist.de/mail|ziyadnz/hourly-ipv4,blocklist.de|imap|pop3|brute-force|spam|mail|ziyadnz|hourly,2026-08-17T18:48:05Z,2026-08-17T18:48:05Z,
103.164.19.252,ipv4,imap-attack,high,WHITE,blocklist.de/imap|blocklist.de/all|blocklist.de/mail|ziyadnz/hourly-ipv4,blocklist.de|imap|pop3|brute-force|spam|mail|ziyadnz|hourly,2026-08-17T18:48:05Z,2026-08-17T18:48:05Z,
103.166.171.33,ipv4,imap-attack,high,WHITE,blocklist.de/imap|blocklist.de/all|blocklist.de/mail|ziyadnz/hourly-ipv4,blocklist.de|imap|pop3|brute-force|spam|mail|ziyadnz|hourly,2026-08-17T18:48:05Z,2026-08-17T18:48:05Z,
103.168.2.19,ipv4,imap-attack,high,WHITE,blocklist.de/imap|blocklist.de/all|blocklist.de/mail|ziyadnz/hourly-ipv4,blocklist.de|imap|pop3|brute-force|spam|mail|ziyadnz|hourly,2026-08-17T18:48:05Z,2026-08-17T18:48:05Z,
103.168.241.32,ipv4,imap-attack,high,WHITE,blocklist.de/imap|blocklist.de/all|blocklist.de/mail|ziyadnz/hourly-ipv4,blocklist.de|imap|pop3|brute-force|spam|mail|ziyadnz|hourly,2026-08-17T18:48:05Z,2026-08-17T18:48:05Z,
103.168.57.31,ipv4,imap-attack,high,WHITE,blocklist.de/imap|blocklist.de/all|blocklist.de/mail|ziyadnz/hourly-ipv4,blocklist.de|imap|pop3|brute-force|spam|mail|ziyadnz|hourly,2026-08-17T18:48:05Z,2026-08-17T18:48:05Z,
103.169.64.75,ipv4,imap-attack,high,WHITE,blocklist.de/imap|blocklist.de/all|blocklist.de/mail|ziyadnz/hourly-ipv4,blocklist.de|imap|pop3|brute-force|spam|mail|ziyadnz|hourly,2026-08-17T18:48:05Z,2026-08-17T18:48:05Z,
103.17.12.212,ipv4,imap-attack,high,WHITE,blocklist.de/imap|blocklist.de/all|blocklist.de/mail|ziyadnz/hourly-ipv4,blocklist.de|imap|pop3|brute-force|spam|mail|ziyadnz|hourly,2026-08-17T18:48:05Z,2026-08-17T18:48:05Z,
103.17.12.25,ipv4,imap-attack,high,WHITE,blocklist.de/imap|blocklist.de/all|blocklist.de/mail|ziyadnz/hourly-ipv4,blocklist.de|imap|pop3|brute-force|spam|mail|ziyadnz|hourly,2026-08-17T18:48:05Z,2026-08-17T18:48:05Z,
103.17.12.27,ipv4,imap-attack,high,WHITE,blocklist.de/imap|blocklist.de/all|blocklist.de/mail|ziyadnz/hourly-ipv4,blocklist.de|imap|pop3|brute-force|spam|mail|ziyadnz|hourly,2026-08-17T18:48:05Z,2026-08-17T18:48:05Z,
103.171.12.170,ipv4,imap-attack,high,WHITE,blocklist.de/imap|blocklist.de/all|blocklist.de/mail|ziyadnz/hourly-ipv4,blocklist.de|imap|pop3|brute-force|spam|mail|ziyadnz|hourly,2026-08-17T18:48:05Z,2026-08-17T18:48:05Z,
103.171.39.147,ipv4,imap-attack,high,WHITE,blocklist.de/imap|blocklist.de/all|blocklist.de/mail|ziyadnz/hourly-ipv4,blocklist.de|imap|pop3|brute-force|spam|mail|ziyadnz|hourly,2026-08-17T18:48:05Z,2026-08-17T18:48:05Z,
103.172.11.149,ipv4,imap-attack,high,WHITE,blocklist.de/imap|blocklist.de/all|blocklist.de/mail|ziyadnz/hourly-ipv4,blocklist.de|imap|pop3|brute-force|spam|mail|ziyadnz|hourly,2026-08-17T18:48:05Z,2026-08-17T18:48:05Z,
103.172.11.153,ipv4,imap-attack,high,WHITE,blocklist.de/imap|blocklist.de/all|blocklist.de/mail|ziyadnz/hourly-ipv4,blocklist.de|imap|pop3|brute-force|spam|mail|ziyadnz|hourly,2026-08-17T18:48:05Z,2026-08-17T18:48:05Z,
103.174.145.35,ipv4,imap-attack,high,WHITE,blocklist.de/imap|blocklist.de/all|blocklist.de/mail|ziyadnz/hourly-ipv4,blocklist.de|imap|pop3|brute-force|spam|mail|ziyadnz|hourly,2026-08-17T18:48:05Z,2026-08-17T18:48:05Z,
103.174.62.238,ipv4,imap-attack,high,WHITE,blocklist.de/imap|blocklist.de/all|blocklist.de/mail|ziyadnz/hourly-ipv4,blocklist.de|imap|pop3|brute-force|spam|mail|ziyadnz|hourly,2026-08-17T18:48:05Z,2026-08-17T18:48:05Z,
103.176.160.146,ipv4,imap-attack,high,WHITE,blocklist.de/imap|blocklist.de/all|blocklist.de/mail|ziyadnz/hourly-ipv4,blocklist.de|imap|pop3|brute-force|spam|mail|ziyadnz|hourly,2026-08-17T18:48:05Z,2026-08-17T18:48:05Z,
103.176.94.222,ipv4,imap-attack,high,WHITE,blocklist.de/imap|blocklist.de/all|blocklist.de/mail|ziyadnz/hourly-ipv4,blocklist.de|imap|pop3|brute-force|spam|mail|ziyadnz|hourly,2026-08-17T18:48:05Z,2026-08-17T18:48:05Z,
103.177.204.4,ipv4,imap-attack,high,WHITE,blocklist.de/imap|blocklist.de/all|blocklist.de/mail|ziyadnz/hourly-ipv4,blocklist.de|imap|pop3|brute-force|spam|mail|ziyadnz|hourly,2026-08-17T18:48:05Z,2026-08-17T18:48:05Z,
103.177.253.47,ipv4,imap-attack,high,WHITE,blocklist.de/imap|blocklist.de/all|blocklist.de/mail|ziyadnz/hourly-ipv4,blocklist.de|imap|pop3|brute-force|spam|mail|ziyadnz|hourly,2026-08-17T18:48:05Z,2026-08-17T18:48:05Z,
103.178.186.217,ipv4,imap-attack,high,WHITE,blocklist.de/imap|blocklist.de/all|blocklist.de/mail|ziyadnz/hourly-ipv4,blocklist.de|imap|pop3|brute-force|spam|mail|ziyadnz|hourly,2026-08-17T18:48:05Z,2026-08-17T18:48:05Z,
103.178.234.88,ipv4,imap-attack,high,WHITE,blocklist.de/imap|blocklist.de/all|blocklist.de/mail|ziyadnz/hourly-ipv4,blocklist.de|imap|pop3|brute-force|spam|mail|ziyadnz|hourly,2026-08-17T18:48:05Z,2026-08-17T18:48:05Z,
103.179.197.222,ipv4,imap-attack,high,WHITE,blocklist.de/imap|blocklist.de/all|blocklist.de/mail|ziyadnz/hourly-ipv4,blocklist.de|imap|pop3|brute-force|spam|mail|ziyadnz|hourly,2026-08-17T18:48:05Z,2026-08-17T18:48:05Z,
103.18.69.54,ipv4,imap-attack,high,WHITE,blocklist.de/imap|blocklist.de/all|blocklist.de/mail|ziyadnz/hourly-ipv4,blocklist.de|imap|pop3|brute-force|spam|mail|ziyadnz|hourly,2026-08-17T18:48:05Z,2026-08-17T18:48:05Z,
103.180.55.69,ipv4,imap-attack,high,WHITE,blocklist.de/imap|blocklist.de/all|blocklist.de/mail|ziyadnz/hourly-ipv4,blocklist.de|imap|pop3|brute-force|spam|mail|ziyadnz|hourly,2026-08-17T18:48:05Z,2026-08-17T18:48:05Z,
103.181.111.98,ipv4,imap-attack,high,WHITE,blocklist.de/imap|blocklist.de/all|blocklist.de/mail|ziyadnz/hourly-ipv4,blocklist.de|imap|pop3|brute-force|spam|mail|ziyadnz|hourly,2026-08-17T18:48:05Z,2026-08-17T18:48:05Z,
103.181.2.74,ipv4,imap-attack,high,WHITE,blocklist.de/imap|blocklist.de/all|blocklist.de/mail|ziyadnz/hourly-ipv4,blocklist.de|imap|pop3|brute-force|spam|mail|ziyadnz|hourly,2026-08-17T18:48:05Z,2026-08-17T18:48:05Z,
103.181.5.124,ipv4,imap-attack,high,WHITE,blocklist.de/imap|blocklist.de/all|blocklist.de/mail|ziyadnz/hourly-ipv4,blocklist.de|imap|pop3|brute-force|spam|mail|ziyadnz|hourly,2026-08-17T18:48:05Z,2026-08-17T18:48:05Z,
103.181.5.133,ipv4,imap-attack,high,WHITE,blocklist.de/imap|blocklist.de/all|blocklist.de/mail|ziyadnz/hourly-ipv4,blocklist.de|imap|pop3|brute-force|spam|mail|ziyadnz|hourly,2026-08-17T18:48:05Z,2026-08-17T18:48:05Z,
103.183.35.40,ipv4,imap-attack,high,WHITE,blocklist.de/imap|blocklist.de/all|blocklist.de/mail|ziyadnz/hourly-ipv4,blocklist.de|imap|pop3|brute-force|spam|mail|ziyadnz|hourly,2026-08-17T18:48:05Z,2026-08-17T18:48:05Z,
103.184.41.61,ipv4,imap-attack,high,WHITE,blocklist.de/imap|blocklist.de/all|blocklist.de/mail|ziyadnz/hourly-ipv4,blocklist.de|imap|pop3|brute-force|spam|mail|ziyadnz|hourly,2026-08-17T18:48:05Z,2026-08-17T18:48:05Z,
103.187.78.189,ipv4,imap-attack,high,WHITE,blocklist.de/imap|blocklist.de/all|blocklist.de/mail|ziyadnz/hourly-ipv4,blocklist.de|imap|pop3|brute-force|spam|mail|ziyadnz|hourly,2026-08-17T18:48:05Z,2026-08-17T18:48:05Z,
103.189.215.139,ipv4,imap-attack,high,WHITE,blocklist.de/imap|blocklist.de/all|blocklist.de/mail|ziyadnz/hourly-ipv4,blocklist.de|imap|pop3|brute-force|spam|mail|ziyadnz|hourly,2026-08-17T18:48:05Z,2026-08-17T18:48:05Z,
103.190.133.44,ipv4,imap-attack,high,WHITE,blocklist.de/imap|blocklist.de/all|blocklist.de/mail|ziyadnz/hourly-ipv4,blocklist.de|imap|pop3|brute-force|spam|mail|ziyadnz|hourly,2026-08-17T18:48:05Z,2026-08-17T18:48:05Z,
103.190.205.155,ipv4,imap-attack,high,WHITE,blocklist.de/imap|blocklist.de/all|blocklist.de/mail|ziyadnz/hourly-ipv4,blocklist.de|imap|pop3|brute-force|spam|mail|ziyadnz|hourly,2026-08-17T18:48:05Z,2026-08-17T18:48:05Z,
103.191.158.112,ipv4,imap-attack,high,WHITE,blocklist.de/imap|blocklist.de/all|blocklist.de/mail|ziyadnz/hourly-ipv4,blocklist.de|imap|pop3|brute-force|spam|mail|ziyadnz|hourly,2026-08-17T18:48:05Z,2026-08-17T18:48:05Z,
103.191.204.229,ipv4,imap-attack,high,WHITE,blocklist.de/imap|blocklist.de/all|blocklist.de/mail|ziyadnz/hourly-ipv4,blocklist.de|imap|pop3|brute-force|spam|mail|ziyadnz|hourly,2026-08-17T18:48:05Z,2026-08-17T18:48:05Z,
103.206.131.33,ipv4,imap-attack,high,WHITE,blocklist.de/imap|blocklist.de/all|blocklist.de/mail|ziyadnz/hourly-ipv4,blocklist.de|imap|pop3|brute-force|spam|mail|ziyadnz|hourly,2026-08-17T18:48:05Z,2026-08-17T18:48:05Z,
103.206.205.73,ipv4,imap-attack,high,WHITE,blocklist.de/imap|blocklist.de/all|blocklist.de/mail,blocklist.de|imap|pop3|brute-force|spam|mail|ziyadnz|hourly,2026-08-17T18:48:05Z,2026-08-17T18:48:05Z,
103.207.4.214,ipv4,imap-attack,high,WHITE,blocklist.de/imap|blocklist.de/all|blocklist.de/mail|ziyadnz/hourly-ipv4,blocklist.de|imap|pop3|brute-force|spam|mail|ziyadnz|hourly,2026-08-17T18:48:05Z,2026-08-17T18:48:05Z,
103.207.4.44,ipv4,imap-attack,high,WHITE,blocklist.de/imap|blocklist.de/all|blocklist.de/mail|ziyadnz/hourly-ipv4,blocklist.de|imap|pop3|brute-force|spam|mail|ziyadnz|hourly,2026-08-17T18:48:05Z,2026-08-17T18:48:05Z,
103.207.4.58,ipv4,imap-attack,high,WHITE,blocklist.de/imap|blocklist.de/all|blocklist.de/mail|ziyadnz/hourly-ipv4,blocklist.de|imap|pop3|brute-force|spam|mail|ziyadnz|hourly,2026-08-17T18:48:05Z,2026-08-17T18:48:05Z,
103.209.132.251,ipv4,imap-attack,high,WHITE,blocklist.de/imap|blocklist.de/all|blocklist.de/mail|ziyadnz/hourly-ipv4,blocklist.de|imap|pop3|brute-force|spam|mail|ziyadnz|hourly,2026-08-17T18:48:05Z,2026-08-17T18:48:05Z,
103.213.194.185,ipv4,imap-attack,high,WHITE,blocklist.de/imap|blocklist.de/all|blocklist.de/mail|ziyadnz/hourly-ipv4,blocklist.de|imap|pop3|brute-force|spam|mail|ziyadnz|hourly,2026-08-17T18:48:05Z,2026-08-17T18:48:05Z,
103.213.195.212,ipv4,imap-attack,high,WHITE,blocklist.de/imap|blocklist.de/all|blocklist.de/mail|ziyadnz/hourly-ipv4,blocklist.de|imap|pop3|brute-force|spam|mail|ziyadnz|hourly,2026-08-17T18:48:05Z,2026-08-17T18:48:05Z,
103.213.72.102,ipv4,imap-attack,high,WHITE,blocklist.de/imap|blocklist.de/all|blocklist.de/mail|ziyadnz/hourly-ipv4,blocklist.de|imap|pop3|brute-force|spam|mail|ziyadnz|hourly,2026-08-17T18:48:05Z,2026-08-17T18:48:05Z,
103.220.16.51,ipv4,imap-attack,high,WHITE,blocklist.de/imap|blocklist.de/all|blocklist.de/mail|ziyadnz/hourly-ipv4,blocklist.de|imap|pop3|brute-force|spam|mail|ziyadnz|hourly,2026-08-17T18:48:05Z,2026-08-17T18:48:05Z,
103.235.3.179,ipv4,imap-attack,high,WHITE,blocklist.de/imap|blocklist.de/all|blocklist.de/mail|ziyadnz/hourly-ipv4,blocklist.de|imap|pop3|brute-force|spam|mail|ziyadnz|hourly,2026-08-17T18:48:05Z,2026-08-17T18:48:05Z,
103.237.56.46,ipv4,imap-attack,high,WHITE,blocklist.de/imap|blocklist.de/all|blocklist.de/mail|ziyadnz/hourly-ipv4,blocklist.de|imap|pop3|brute-force|spam|mail|ziyadnz|hourly,2026-08-17T18:48:05Z,2026-08-17T18:48:05Z,
103.237.57.100,ipv4,imap-attack,high,WHITE,blocklist.de/imap|blocklist.de/all|blocklist.de/mail|ziyadnz/hourly-ipv4,blocklist.de|imap|pop3|brute-force|spam|mail|ziyadnz|hourly,2026-08-17T18:48:05Z,2026-08-17T18:48:05Z,
103.237.58.102,ipv4,imap-attack,high,WHITE,blocklist.de/imap|blocklist.de/all|blocklist.de/mail|ziyadnz/hourly-ipv4,blocklist.de|imap|pop3|brute-force|spam|mail|ziyadnz|hourly,2026-08-17T18:48:05Z,2026-08-17T18:48:05Z,
103.237.58.108,ipv4,imap-attack,high,WHITE,blocklist.de/imap|blocklist.de/all|blocklist.de/mail|ziyadnz/hourly-ipv4,blocklist.de|imap|pop3|brute-force|spam|mail|ziyadnz|hourly,2026-08-17T18:48:05Z,2026-08-17T18:48:05Z,
103.237.58.112,ipv4,imap-attack,high,WHITE,blocklist.de/imap|blocklist.de/all|blocklist.de/mail|ziyadnz/hourly-ipv4,blocklist.de|imap|pop3|brute-force|spam|mail|ziyadnz|hourly,2026-08-17T18:48:05Z,2026-08-17T18:48:05Z,
103.237.58.18,ipv4,imap-attack,high,WHITE,blocklist.de/imap|blocklist.de/all|blocklist.de/mail|ziyadnz/hourly-ipv4,blocklist.de|imap|pop3|brute-force|spam|mail|ziyadnz|hourly,2026-08-17T18:48:05Z,2026-08-17T18:48:05Z,
103.237.58.63,ipv4,imap-attack,high,WHITE,blocklist.de/imap|blocklist.de/all|blocklist.de/mail|ziyadnz/hourly-ipv4,blocklist.de|imap|pop3|brute-force|spam|mail|ziyadnz|hourly,2026-08-17T18:48:05Z,2026-08-17T18:48:05Z,
103.237.58.80,ipv4,imap-attack,high,WHITE,blocklist.de/imap|blocklist.de/all|blocklist.de/mail|ziyadnz/hourly-ipv4,blocklist.de|imap|pop3|brute-force|spam|mail|ziyadnz|hourly,2026-08-17T18:48:05Z,2026-08-17T18:48:05Z,
103.248.120.28,ipv4,imap-attack,high,WHITE,blocklist.de/imap|blocklist.de/all|blocklist.de/mail|ziyadnz/hourly-ipv4,blocklist.de|imap|pop3|brute-force|spam|mail|ziyadnz|hourly,2026-08-17T18:48:05Z,2026-08-17T18:48:05Z,
103.249.203.105,ipv4,imap-attack,high,WHITE,blocklist.de/imap|blocklist.de/all|blocklist.de/mail|ziyadnz/hourly-ipv4,blocklist.de|imap|pop3|brute-force|spam|mail|ziyadnz|hourly,2026-08-17T18:48:05Z,2026-08-17T18:48:05Z,
103.250.196.162,ipv4,imap-attack,high,WHITE,blocklist.de/imap|blocklist.de/all|blocklist.de/mail|ziyadnz/hourly-ipv4,blocklist.de|imap|pop3|brute-force|spam|mail|ziyadnz|hourly,2026-08-17T18:48:05Z,2026-08-17T18:48:05Z,
103.252.168.4,ipv4,imap-attack,high,WHITE,blocklist.de/imap|blocklist.de/all|blocklist.de/mail|ziyadnz/hourly-ipv4,blocklist.de|imap|pop3|brute-force|spam|mail|ziyadnz|hourly,2026-08-17T18:48:05Z,2026-08-17T18:48:05Z,
103.255.73.199,ipv4,imap-attack,high,WHITE,blocklist.de/imap|blocklist.de/all|blocklist.de/mail|ziyadnz/hourly-ipv4,blocklist.de|imap|pop3|brute-force|spam|mail|ziyadnz|hourly,2026-08-17T18:48:05Z,2026-08-17T18:48:05Z,
103.255.73.218,ipv4,imap-attack,high,WHITE,blocklist.de/imap|blocklist.de/all|blocklist.de/mail|ziyadnz/hourly-ipv4,blocklist.de|imap|pop3|brute-force|spam|mail|ziyadnz|hourly,2026-08-17T18:48:05Z,2026-08-17T18:48:05Z,
103.255.75.218,ipv4,imap-attack,high,WHITE,blocklist.de/imap|blocklist.de/all|blocklist.de/mail|ziyadnz/hourly-ipv4,blocklist.de|imap|pop3|brute-force|spam|mail|ziyadnz|hourly,2026-08-17T18:48:05Z,2026-08-17T18:48:05Z,
103.30.80.62,ipv4,imap-attack,high,WHITE,blocklist.de/imap|blocklist.de/all|blocklist.de/mail|ziyadnz/hourly-ipv4,blocklist.de|imap|pop3|brute-force|spam|mail|ziyadnz|hourly,2026-08-17T18:48:05Z,2026-08-17T18:48:05Z,
103.30.81.102,ipv4,imap-attack,high,WHITE,blocklist.de/imap|blocklist.de/all|blocklist.de/mail,blocklist.de|imap|pop3|brute-force|spam|mail|ziyadnz|hourly,2026-08-17T18:48:05Z,2026-08-17T18:48:05Z,
103.30.81.142,ipv4,imap-attack,high,WHITE,blocklist.de/imap|blocklist.de/all|blocklist.de/mail|ziyadnz/hourly-ipv4,blocklist.de|imap|pop3|brute-force|spam|mail|ziyadnz|hourly,2026-08-17T18:48:05Z,2026-08-17T18:48:05Z,
103.30.81.170,ipv4,imap-attack,high,WHITE,blocklist.de/imap|blocklist.de/all|blocklist.de/mail|ziyadnz/hourly-ipv4,blocklist.de|imap|pop3|brute-force|spam|mail|ziyadnz|hourly,2026-08-17T18:48:05Z,2026-08-17T18:48:05Z,
103.30.81.25,ipv4,imap-attack,high,WHITE,blocklist.de/imap|blocklist.de/all|blocklist.de/mail|ziyadnz/hourly-ipv4,blocklist.de|imap|pop3|brute-force|spam|mail|ziyadnz|hourly,2026-08-17T18:48:05Z,2026-08-17T18:48:05Z,
103.30.81.66,ipv4,imap-attack,high,WHITE,blocklist.de/imap|blocklist.de/all|blocklist.de/mail|ziyadnz/hourly-ipv4,blocklist.de|imap|pop3|brute-force|spam|mail|ziyadnz|hourly,2026-08-17T18:48:05Z,2026-08-17T18:48:05Z,
103.30.82.70,ipv4,imap-attack,high,WHITE,blocklist.de/imap|blocklist.de/all|blocklist.de/mail|ziyadnz/hourly-ipv4,blocklist.de|imap|pop3|brute-force|spam|mail|ziyadnz|hourly,2026-08-17T18:48:05Z,2026-08-17T18:48:05Z,
103.30.83.186,ipv4,imap-attack,high,WHITE,blocklist.de/imap|blocklist.de/all|blocklist.de/mail|ziyadnz/hourly-ipv4,blocklist.de|imap|pop3|brute-force|spam|mail|ziyadnz|hourly,2026-08-17T18:48:05Z,2026-08-17T18:48:05Z,
103.30.83.214,ipv4,imap-attack,high,WHITE,blocklist.de/imap|blocklist.de/all|blocklist.de/mail|ziyadnz/hourly-ipv4,blocklist.de|imap|pop3|brute-force|spam|mail|ziyadnz|hourly,2026-08-17T18:48:05Z,2026-08-17T18:48:05Z,
103.31.11.128,ipv4,imap-attack,high,WHITE,blocklist.de/imap|blocklist.de/all|blocklist.de/mail|ziyadnz/hourly-ipv4,blocklist.de|imap|pop3|brute-force|spam|mail|ziyadnz|hourly,2026-08-17T18:48:05Z,2026-08-17T18:48:05Z,
103.31.179.108,ipv4,imap-attack,high,WHITE,blocklist.de/imap|blocklist.de/all|blocklist.de/mail|ziyadnz/hourly-ipv4,blocklist.de|imap|pop3|brute-force|spam|mail|ziyadnz|hourly,2026-08-17T18:48:05Z,2026-08-17T18:48:05Z,
103.40.64.181,ipv4,imap-attack,high,WHITE,blocklist.de/imap|blocklist.de/all|blocklist.de/mail|ziyadnz/hourly-ipv4,blocklist.de|imap|pop3|brute-force|spam|mail|ziyadnz|hourly,2026-08-17T18:48:05Z,2026-08-17T18:48:05Z,
103.43.94.67,ipv4,imap-attack,high,WHITE,blocklist.de/imap|blocklist.de/all|blocklist.de/mail|ziyadnz/hourly-ipv4,blocklist.de|imap|pop3|brute-force|spam|mail|ziyadnz|hourly,2026-08-17T18:48:05Z,2026-08-17T18:48:05Z,
103.47.18.45,ipv4,imap-attack,high,WHITE,blocklist.de/imap|blocklist.de/all|blocklist.de/mail|ziyadnz/hourly-ipv4,blocklist.de|imap|pop3|brute-force|spam|mail|ziyadnz|hourly,2026-08-17T18:48:05Z,2026-08-17T18:48:05Z,
103.48.160.80,ipv4,imap-attack,high,WHITE,blocklist.de/imap|blocklist.de/all|blocklist.de/mail|ziyadnz/hourly-ipv4,blocklist.de|imap|pop3|brute-force|spam|mail|ziyadnz|hourly,2026-08-17T18:48:05Z,2026-08-17T18:48:05Z,
103.49.48.210,ipv4,imap-attack,high,WHITE,blocklist.de/imap|blocklist.de/all|blocklist.de/mail|ziyadnz/hourly-ipv4,blocklist.de|imap|pop3|brute-force|spam|mail|ziyadnz|hourly,2026-08-17T18:48:05Z,2026-08-17T18:48:05Z,
103.5.108.126,ipv4,imap-attack,high,WHITE,blocklist.de/imap|blocklist.de/all|blocklist.de/mail|ziyadnz/hourly-ipv4,blocklist.de|imap|pop3|brute-force|spam|mail|ziyadnz|hourly,2026-08-17T18:48:05Z,2026-08-17T18:48:05Z,
103.5.108.45,ipv4,imap-attack,high,WHITE,blocklist.de/imap|blocklist.de/all|blocklist.de/mail|ziyadnz/hourly-ipv4,blocklist.de|imap|pop3|brute-force|spam|mail|ziyadnz|hourly,2026-08-17T18:48:05Z,2026-08-17T18:48:05Z,
103.55.105.232,ipv4,imap-attack,high,WHITE,blocklist.de/imap|blocklist.de/all|blocklist.de/mail|ziyadnz/hourly-ipv4,blocklist.de|imap|pop3|brute-force|spam|mail|ziyadnz|hourly,2026-08-17T18:48:05Z,2026-08-17T18:48:05Z,
103.55.105.252,ipv4,imap-attack,high,WHITE,blocklist.de/imap|blocklist.de/all|blocklist.de/mail|ziyadnz/hourly-ipv4,blocklist.de|imap|pop3|brute-force|spam|mail|ziyadnz|hourly,2026-08-17T18:48:05Z,2026-08-17T18:48:05Z,
103.55.146.166,ipv4,imap-attack,high,WHITE,blocklist.de/imap|blocklist.de/all|blocklist.de/mail|ziyadnz/hourly-ipv4,blocklist.de|imap|pop3|brute-force|spam|mail|ziyadnz|hourly,2026-08-17T18:48:05Z,2026-08-17T18:48:05Z,
103.58.115.135,ipv4,imap-attack,high,WHITE,blocklist.de/imap|blocklist.de/all|blocklist.de/mail|ziyadnz/hourly-ipv4,blocklist.de|imap|pop3|brute-force|spam|mail|ziyadnz|hourly,2026-08-17T18:48:05Z,2026-08-17T18:48:05Z,
103.58.115.155,ipv4,imap-attack,high,WHITE,blocklist.de/imap|blocklist.de/all|blocklist.de/mail|ziyadnz/hourly-ipv4,blocklist.de|imap|pop3|brute-force|spam|mail|ziyadnz|hourly,2026-08-17T18:48:05Z,2026-08-17T18:48:05Z,
103.58.64.131,ipv4,imap-attack,high,WHITE,blocklist.de/imap|blocklist.de/all|blocklist.de/mail|ziyadnz/hourly-ipv4,blocklist.de|imap|pop3|brute-force|spam|mail|ziyadnz|hourly,2026-08-17T18:48:05Z,2026-08-17T18:48:05Z,
103.58.64.140,ipv4,imap-attack,high,WHITE,blocklist.de/imap|blocklist.de/all|blocklist.de/mail|ziyadnz/hourly-ipv4,blocklist.de|imap|pop3|brute-force|spam|mail|ziyadnz|hourly,2026-08-17T18:48:05Z,2026-08-17T18:48:05Z,
103.58.67.218,ipv4,imap-attack,high,WHITE,blocklist.de/imap|blocklist.de/all|blocklist.de/mail|ziyadnz/hourly-ipv4,blocklist.de|imap|pop3|brute-force|spam|mail|ziyadnz|hourly,2026-08-17T18:48:05Z,2026-08-17T18:48:05Z,
103.59.132.230,ipv4,imap-attack,high,WHITE,blocklist.de/imap|blocklist.de/all|blocklist.de/mail|ziyadnz/hourly-ipv4,blocklist.de|imap|pop3|brute-force|spam|mail|ziyadnz|hourly,2026-08-17T18:48:05Z,2026-08-17T18:48:05Z,
103.59.134.131,ipv4,imap-attack,high,WHITE,blocklist.de/imap|blocklist.de/all|blocklist.de/mail|ziyadnz/hourly-ipv4,blocklist.de|imap|pop3|brute-force|spam|mail|ziyadnz|hourly,2026-08-17T18:48:05Z,2026-08-17T18:48:05Z,
103.59.134.236,ipv4,imap-attack,high,WHITE,blocklist.de/imap|blocklist.de/all|blocklist.de/mail|ziyadnz/hourly-ipv4,blocklist.de|imap|pop3|brute-force|spam|mail|ziyadnz|hourly,2026-08-17T18:48:05Z,2026-08-17T18:48:05Z,
103.59.135.211,ipv4,imap-attack,high,WHITE,blocklist.de/imap|blocklist.de/all|blocklist.de/mail|ziyadnz/hourly-ipv4,blocklist.de|imap|pop3|brute-force|spam|mail|ziyadnz|hourly,2026-08-17T18:48:05Z,2026-08-17T18:48:05Z,
103.59.4.36,ipv4,imap-attack,high,WHITE,blocklist.de/imap|blocklist.de/all|blocklist.de/mail|ziyadnz/hourly-ipv4,blocklist.de|imap|pop3|brute-force|spam|mail|ziyadnz|hourly,2026-08-17T18:48:05Z,2026-08-17T18:48:05Z,
103.62.238.130,ipv4,imap-attack,high,WHITE,blocklist.de/imap|blocklist.de/all|blocklist.de/mail|ziyadnz/hourly-ipv4,blocklist.de|imap|pop3|brute-force|spam|mail|ziyadnz|hourly,2026-08-17T18:48:05Z,2026-08-17T18:48:05Z,
103.65.118.72,ipv4,imap-attack,high,WHITE,blocklist.de/imap|blocklist.de/all|blocklist.de/mail|ziyadnz/hourly-ipv4,blocklist.de|imap|pop3|brute-force|spam|mail|ziyadnz|hourly,2026-08-17T18:48:05Z,2026-08-17T18:48:05Z,
103.66.168.71,ipv4,imap-attack,high,WHITE,blocklist.de/imap|blocklist.de/all|blocklist.de/mail|ziyadnz/hourly-ipv4,blocklist.de|imap|pop3|brute-force|spam|mail|ziyadnz|hourly,2026-08-17T18:48:05Z,2026-08-17T18:48:05Z,
103.67.152.201,ipv4,imap-attack,high,WHITE,blocklist.de/imap|blocklist.de/all|blocklist.de/mail|ziyadnz/hourly-ipv4,blocklist.de|imap|pop3|brute-force|spam|mail|ziyadnz|hourly,2026-08-17T18:48:05Z,2026-08-17T18:48:05Z,
103.7.60.253,ipv4,imap-attack,high,WHITE,blocklist.de/imap|blocklist.de/all|blocklist.de/mail|ziyadnz/hourly-ipv4,blocklist.de|imap|pop3|brute-force|spam|mail|ziyadnz|hourly,2026-08-17T18:48:05Z,2026-08-17T18:48:05Z,
103.8.118.103,ipv4,imap-attack,high,WHITE,blocklist.de/imap|blocklist.de/all|blocklist.de/mail|ziyadnz/hourly-ipv4,blocklist.de|imap|pop3|brute-force|spam|mail|ziyadnz|hourly,2026-08-17T18:48:05Z,2026-08-17T18:48:05Z,
103.8.118.11,ipv4,imap-attack,high,WHITE,blocklist.de/imap|blocklist.de/all|blocklist.de/mail|ziyadnz/hourly-ipv4,blocklist.de|imap|pop3|brute-force|spam|mail|ziyadnz|hourly,2026-08-17T18:48:05Z,2026-08-17T18:48:05Z,
103.81.170.118,ipv4,imap-attack,high,WHITE,blocklist.de/imap|blocklist.de/all|blocklist.de/mail|ziyadnz/hourly-ipv4,blocklist.de|imap|pop3|brute-force|spam|mail|ziyadnz|hourly,2026-08-17T18:48:05Z,2026-08-17T18:48:05Z,
103.82.157.44,ipv4,imap-attack,high,WHITE,blocklist.de/imap|blocklist.de/all|blocklist.de/mail|ziyadnz/hourly-ipv4,blocklist.de|imap|pop3|brute-force|spam|mail|ziyadnz|hourly,2026-08-17T18:48:05Z,2026-08-17T18:48:05Z,
103.83.23.169,ipv4,imap-attack,high,WHITE,blocklist.de/imap|blocklist.de/all|blocklist.de/mail|ziyadnz/hourly-ipv4,blocklist.de|imap|pop3|brute-force|spam|mail|ziyadnz|hourly,2026-08-17T18:48:05Z,2026-08-17T18:48:05Z,
103.84.202.132,ipv4,imap-attack,high,WHITE,blocklist.de/imap|blocklist.de/all|blocklist.de/mail|ziyadnz/hourly-ipv4,blocklist.de|imap|pop3|brute-force|spam|mail|ziyadnz|hourly,2026-08-17T18:48:05Z,2026-08-17T18:48:05Z,
103.86.52.211,ipv4,imap-attack,high,WHITE,blocklist.de/imap|blocklist.de/all|blocklist.de/mail|ziyadnz/hourly-ipv4,blocklist.de|imap|pop3|brute-force|spam|mail|ziyadnz|hourly,2026-08-17T18:48:05Z,2026-08-17T18:48:05Z,
103.87.106.46,ipv4,imap-attack,high,WHITE,blocklist.de/imap|blocklist.de/all|blocklist.de/mail|ziyadnz/hourly-ipv4,blocklist.de|imap|pop3|brute-force|spam|mail|ziyadnz|hourly,2026-08-17T18:48:05Z,2026-08-17T18:48:05Z,
103.87.121.79,ipv4,imap-attack,high,WHITE,blocklist.de/imap|blocklist.de/all|blocklist.de/mail|ziyadnz/hourly-ipv4,blocklist.de|imap|pop3|brute-force|spam|mail|ziyadnz|hourly,2026-08-17T18:48:05Z,2026-08-17T18:48:05Z,
103.87.25.234,ipv4,imap-attack,high,WHITE,blocklist.de/imap|blocklist.de/all|blocklist.de/mail|ziyadnz/hourly-ipv4,blocklist.de|imap|pop3|brute-force|spam|mail|ziyadnz|hourly,2026-08-17T18:48:05Z,2026-08-17T18:48:05Z,
103.89.25.192,ipv4,imap-attack,high,WHITE,blocklist.de/imap|blocklist.de/all|blocklist.de/mail|ziyadnz/hourly-ipv4,blocklist.de|imap|pop3|brute-force|spam|mail|ziyadnz|hourly,2026-08-17T18:48:05Z,2026-08-17T18:48:05Z,
103.90.27.83,ipv4,imap-attack,high,WHITE,blocklist.de/imap|blocklist.de/all|blocklist.de/mail|ziyadnz/hourly-ipv4,blocklist.de|imap|pop3|brute-force|spam|mail|ziyadnz|hourly,2026-08-17T18:48:05Z,2026-08-17T18:48:05Z,
104.194.37.176,ipv4,imap-attack,high,WHITE,blocklist.de/imap|blocklist.de/all|blocklist.de/mail|ziyadnz/hourly-ipv4,blocklist.de|imap|pop3|brute-force|spam|mail|ziyadnz|hourly,2026-08-17T18:48:05Z,2026-08-17T18:48:05Z,
104.247.197.182,ipv4,imap-attack,high,WHITE,blocklist.de/imap|blocklist.de/all|blocklist.de/mail|ziyadnz/hourly-ipv4,blocklist.de|imap|pop3|brute-force|spam|mail|ziyadnz|hourly,2026-08-17T18:48:05Z,2026-08-17T18:48:05Z,
104.28.193.89,ipv4,imap-attack,high,WHITE,blocklist.de/imap|blocklist.de/all|blocklist.de/mail|ziyadnz/hourly-ipv4,blocklist.de|imap|pop3|brute-force|spam|mail|ziyadnz|hourly,2026-08-17T18:48:05Z,2026-08-17T18:48:05Z,
104.28.219.150,ipv4,imap-attack,high,WHITE,blocklist.de/imap|blocklist.de/all|blocklist.de/mail|ziyadnz/hourly-ipv4,blocklist.de|imap|pop3|brute-force|spam|mail|ziyadnz|hourly,2026-08-17T18:48:05Z,2026-08-17T18:48:05Z,
105.112.201.136,ipv4,imap-attack,high,WHITE,blocklist.de/imap|blocklist.de/all|blocklist.de/mail|ziyadnz/hourly-ipv4,blocklist.de|imap|pop3|brute-force|spam|mail|ziyadnz|hourly,2026-08-17T18:48:05Z,2026-08-17T18:48:05Z,
105.164.128.65,ipv4,imap-attack,high,WHITE,blocklist.de/imap|blocklist.de/all|blocklist.de/mail|ziyadnz/hourly-ipv4,blocklist.de|imap|pop3|brute-force|spam|mail|ziyadnz|hourly,2026-08-17T18:48:05Z,2026-08-17T18:48:05Z,
105.184.124.228,ipv4,imap-attack,high,WHITE,blocklist.de/imap|blocklist.de/all|blocklist.de/mail|ziyadnz/hourly-ipv4,blocklist.de|imap|pop3|brute-force|spam|mail|ziyadnz|hourly,2026-08-17T18:48:05Z,2026-08-17T18:48:05Z,
105.185.162.160,ipv4,imap-attack,high,WHITE,blocklist.de/imap|blocklist.de/all|blocklist.de/mail|ziyadnz/hourly-ipv4,blocklist.de|imap|pop3|brute-force|spam|mail|ziyadnz|hourly,2026-08-17T18:48:05Z,2026-08-17T18:48:05Z,
105.186.173.48,ipv4,imap-attack,high,WHITE,blocklist.de/imap|blocklist.de/all|blocklist.de/mail|ziyadnz/hourly-ipv4,blocklist.de|imap|pop3|brute-force|spam|mail|ziyadnz|hourly,2026-08-17T18:48:05Z,2026-08-17T18:48:05Z,
105.188.28.34,ipv4,imap-attack,high,WHITE,blocklist.de/imap|blocklist.de/all|blocklist.de/mail|ziyadnz/hourly-ipv4,blocklist.de|imap|pop3|brute-force|spam|mail|ziyadnz|hourly,2026-08-17T18:48:05Z,2026-08-17T18:48:05Z,
105.188.74.49,ipv4,imap-attack,high,WHITE,blocklist.de/imap|blocklist.de/all|blocklist.de/mail|ziyadnz/hourly-ipv4,blocklist.de|imap|pop3|brute-force|spam|mail|ziyadnz|hourly,2026-08-17T18:48:05Z,2026-08-17T18:48:05Z,
105.224.67.197,ipv4,imap-attack,high,WHITE,blocklist.de/imap|blocklist.de/all|blocklist.de/mail|ziyadnz/hourly-ipv4,blocklist.de|imap|pop3|brute-force|spam|mail|ziyadnz|hourly,2026-08-17T18:48:05Z,2026-08-17T18:48:05Z,
105.225.92.233,ipv4,imap-attack,high,WHITE,blocklist.de/imap|blocklist.de/all|blocklist.de/mail|ziyadnz/hourly-ipv4,blocklist.de|imap|pop3|brute-force|spam|mail|ziyadnz|hourly,2026-08-17T18:48:05Z,2026-08-17T18:48:05Z,
105.242.231.158,ipv4,imap-attack,high,WHITE,blocklist.de/imap|blocklist.de/all|blocklist.de/mail|ziyadnz/hourly-ipv4,blocklist.de|imap|pop3|brute-force|spam|mail|ziyadnz|hourly,2026-08-17T18:48:05Z,2026-08-17T18:48:05Z,
105.247.89.210,ipv4,imap-attack,high,WHITE,blocklist.de/imap|blocklist.de/all|blocklist.de/mail|ziyadnz/hourly-ipv4,blocklist.de|imap|pop3|brute-force|spam|mail|ziyadnz|hourly,2026-08-17T18:48:05Z,2026-08-17T18:48:05Z,
105.29.165.227,ipv4,imap-attack,high,WHITE,blocklist.de/imap|blocklist.de/all|blocklist.de/mail|ziyadnz/hourly-ipv4,blocklist.de|imap|pop3|brute-force|spam|mail|ziyadnz|hourly,2026-08-17T18:48:05Z,2026-08-17T18:48:05Z,
106.0.165.219,ipv4,imap-attack,high,WHITE,blocklist.de/imap|blocklist.de/all|blocklist.de/mail|ziyadnz/hourly-ipv4,blocklist.de|imap|pop3|brute-force|spam|mail|ziyadnz|hourly,2026-08-17T18:48:05Z,2026-08-17T18:48:05Z,
106.0.166.123,ipv4,imap-attack,high,WHITE,blocklist.de/imap|blocklist.de/all|blocklist.de/mail|ziyadnz/hourly-ipv4,blocklist.de|imap|pop3|brute-force|spam|mail|ziyadnz|hourly,2026-08-17T18:48:05Z,2026-08-17T18:48:05Z,
106.122.228.228,ipv4,imap-attack,high,WHITE,blocklist.de/imap|blocklist.de/all|blocklist.de/mail|ziyadnz/hourly-ipv4,blocklist.de|imap|pop3|brute-force|spam|mail|ziyadnz|hourly,2026-08-17T18:48:05Z,2026-08-17T18:48:05Z,
106.153.181.80,ipv4,imap-attack,high,WHITE,blocklist.de/imap|blocklist.de/all|blocklist.de/mail|ziyadnz/hourly-ipv4,blocklist.de|imap|pop3|brute-force|spam|mail|ziyadnz|hourly,2026-08-17T18:48:05Z,2026-08-17T18:48:05Z,
106.205.81.229,ipv4,imap-attack,high,WHITE,blocklist.de/imap|blocklist.de/all|blocklist.de/mail|ziyadnz/hourly-ipv4,blocklist.de|imap|pop3|brute-force|spam|mail|ziyadnz|hourly,2026-08-17T18:48:05Z,2026-08-17T18:48:05Z,
106.219.146.199,ipv4,imap-attack,high,WHITE,blocklist.de/imap|blocklist.de/all|blocklist.de/mail|ziyadnz/hourly-ipv4,blocklist.de|imap|pop3|brute-force|spam|mail|ziyadnz|hourly,2026-08-17T18:48:05Z,2026-08-17T18:48:05Z,
106.222.223.127,ipv4,imap-attack,high,WHITE,blocklist.de/imap|blocklist.de/all|blocklist.de/mail|ziyadnz/hourly-ipv4,blocklist.de|imap|pop3|brute-force|spam|mail|ziyadnz|hourly,2026-08-17T18:48:05Z,2026-08-17T18:48:05Z,
106.246.89.68,ipv4,imap-attack,high,WHITE,blocklist.de/imap|blocklist.de/all|blocklist.de/mail|ziyadnz/hourly-ipv4,blocklist.de|imap|pop3|brute-force|spam|mail|ziyadnz|hourly,2026-08-17T18:48:05Z,2026-08-17T18:48:05Z,
106.246.89.72,ipv4,imap-attack,high,WHITE,blocklist.de/imap|blocklist.de/all|blocklist.de/mail|ziyadnz/hourly-ipv4,blocklist.de|imap|pop3|brute-force|spam|mail|ziyadnz|hourly,2026-08-17T18:48:05Z,2026-08-17T18:48:05Z,
106.247.22.181,ipv4,imap-attack,high,WHITE,blocklist.de/imap|blocklist.de/all|blocklist.de/mail|ziyadnz/hourly-ipv4,blocklist.de|imap|pop3|brute-force|spam|mail|ziyadnz|hourly,2026-08-17T18:48:05Z,2026-08-17T18:48:05Z,
106.89.59.63,ipv4,imap-attack,high,WHITE,blocklist.de/imap|blocklist.de/all|blocklist.de/mail|ziyadnz/hourly-ipv4,blocklist.de|imap|pop3|brute-force|spam|mail|ziyadnz|hourly,2026-08-17T18:48:05Z,2026-08-17T18:48:05Z,
107.132.153.59,ipv4,imap-attack,high,WHITE,blocklist.de/imap|blocklist.de/all|blocklist.de/mail|ziyadnz/hourly-ipv4,blocklist.de|imap|pop3|brute-force|spam|mail|ziyadnz|hourly,2026-08-17T18:48:05Z,2026-08-17T18:48:05Z,
107.150.100.142,ipv4,imap-attack,high,WHITE,blocklist.de/imap|blocklist.de/all|blocklist.de/mail|ziyadnz/hourly-ipv4,blocklist.de|imap|pop3|brute-force|spam|mail|ziyadnz|hourly,2026-08-17T18:48:05Z,2026-08-17T18:48:05Z,
108.160.90.56,ipv4,imap-attack,high,WHITE,blocklist.de/imap|blocklist.de/all|blocklist.de/mail|ziyadnz/hourly-ipv4,blocklist.de|imap|pop3|brute-force|spam|mail|ziyadnz|hourly,2026-08-17T18:48:05Z,2026-08-17T18:48:05Z,
108.191.110.130,ipv4,imap-attack,high,WHITE,blocklist.de/imap|blocklist.de/all|blocklist.de/mail|ziyadnz/hourly-ipv4,blocklist.de|imap|pop3|brute-force|spam|mail|ziyadnz|hourly,2026-08-17T18:48:05Z,2026-08-17T18:48:05Z,
108.213.119.22,ipv4,imap-attack,high,WHITE,blocklist.de/imap|blocklist.de/all|blocklist.de/mail|ziyadnz/hourly-ipv4,blocklist.de|imap|pop3|brute-force|spam|mail|ziyadnz|hourly,2026-08-17T18:48:05Z,2026-08-17T18:48:05Z,
109.107.224.134,ipv4,imap-attack,high,WHITE,blocklist.de/imap|blocklist.de/all|blocklist.de/mail|ziyadnz/hourly-ipv4,blocklist.de|imap|pop3|brute-force|spam|mail|ziyadnz|hourly,2026-08-17T18:48:05Z,2026-08-17T18:48:05Z,
109.107.243.117,ipv4,imap-attack,high,WHITE,blocklist.de/imap|blocklist.de/all|blocklist.de/mail|ziyadnz/hourly-ipv4,blocklist.de|imap|pop3|brute-force|spam|mail|ziyadnz|hourly,2026-08-17T18:48:05Z,2026-08-17T18:48:05Z,
109.134.152.228,ipv4,imap-attack,high,WHITE,blocklist.de/imap|blocklist.de/all|blocklist.de/mail|ziyadnz/hourly-ipv4,blocklist.de|imap|pop3|brute-force|spam|mail|ziyadnz|hourly,2026-08-17T18:48:05Z,2026-08-17T18:48:05Z,
109.173.107.163,ipv4,imap-attack,high,WHITE,blocklist.de/imap|blocklist.de/all|blocklist.de/mail|ziyadnz/hourly-ipv4,blocklist.de|imap|pop3|brute-force|spam|mail|ziyadnz|hourly,2026-08-17T18:48:05Z,2026-08-17T18:48:05Z,
109.173.38.135,ipv4,imap-attack,high,WHITE,blocklist.de/imap|blocklist.de/all|blocklist.de/mail|ziyadnz/hourly-ipv4,blocklist.de|imap|pop3|brute-force|spam|mail|ziyadnz|hourly,2026-08-17T18:48:05Z,2026-08-17T18:48:05Z,
109.206.113.185,ipv4,imap-attack,high,WHITE,blocklist.de/imap|blocklist.de/all|blocklist.de/mail|ziyadnz/hourly-ipv4,blocklist.de|imap|pop3|brute-force|spam|mail|ziyadnz|hourly,2026-08-17T18:48:05Z,2026-08-17T18:48:05Z,
109.206.113.60,ipv4,imap-attack,high,WHITE,blocklist.de/imap|blocklist.de/all|blocklist.de/mail|ziyadnz/hourly-ipv4,blocklist.de|imap|pop3|brute-force|spam|mail|ziyadnz|hourly,2026-08-17T18:48:05Z,2026-08-17T18:48:05Z,
109.206.115.50,ipv4,imap-attack,high,WHITE,blocklist.de/imap|blocklist.de/all|blocklist.de/mail|ziyadnz/hourly-ipv4,blocklist.de|imap|pop3|brute-force|spam|mail|ziyadnz|hourly,2026-08-17T18:48:05Z,2026-08-17T18:48:05Z,
109.206.121.75,ipv4,imap-attack,high,WHITE,blocklist.de/imap|blocklist.de/all|blocklist.de/mail|ziyadnz/hourly-ipv4,blocklist.de|imap|pop3|brute-force|spam|mail|ziyadnz|hourly,2026-08-17T18:48:05Z,2026-08-17T18:48:05Z,
109.206.98.121,ipv4,imap-attack,high,WHITE,blocklist.de/imap|blocklist.de/all|blocklist.de/mail|ziyadnz/hourly-ipv4,blocklist.de|imap|pop3|brute-force|spam|mail|ziyadnz|hourly,2026-08-17T18:48:05Z,2026-08-17T18:48:05Z,
109.206.98.132,ipv4,imap-attack,high,WHITE,blocklist.de/imap|blocklist.de/all|blocklist.de/mail|ziyadnz/hourly-ipv4,blocklist.de|imap|pop3|brute-force|spam|mail|ziyadnz|hourly,2026-08-17T18:48:05Z,2026-08-17T18:48:05Z,
109.206.98.139,ipv4,imap-attack,high,WHITE,blocklist.de/imap|blocklist.de/all|blocklist.de/mail|ziyadnz/hourly-ipv4,blocklist.de|imap|pop3|brute-force|spam|mail|ziyadnz|hourly,2026-08-17T18:48:05Z,2026-08-17T18:48:05Z,
109.207.33.248,ipv4,imap-attack,high,WHITE,blocklist.de/imap|blocklist.de/all|blocklist.de/mail|ziyadnz/hourly-ipv4,blocklist.de|imap|pop3|brute-force|spam|mail|ziyadnz|hourly,2026-08-17T18:48:05Z,2026-08-17T18:48:05Z,
109.207.33.249,ipv4,imap-attack,high,WHITE,blocklist.de/imap|blocklist.de/all|blocklist.de/mail|ziyadnz/hourly-ipv4,blocklist.de|imap|pop3|brute-force|spam|mail|ziyadnz|hourly,2026-08-17T18:48:05Z,2026-08-17T18:48:05Z,
109.207.34.245,ipv4,imap-attack,high,WHITE,blocklist.de/imap|blocklist.de/all|blocklist.de/mail|ziyadnz/hourly-ipv4,blocklist.de|imap|pop3|brute-force|spam|mail|ziyadnz|hourly,2026-08-17T18:48:05Z,2026-08-17T18:48:05Z,
109.207.35.146,ipv4,imap-attack,high,WHITE,blocklist.de/imap|blocklist.de/all|blocklist.de/mail|ziyadnz/hourly-ipv4,blocklist.de|imap|pop3|brute-force|spam|mail|ziyadnz|hourly,2026-08-17T18:48:05Z,2026-08-17T18:48:05Z,
109.207.35.206,ipv4,imap-attack,high,WHITE,blocklist.de/imap|blocklist.de/all|blocklist.de/mail|ziyadnz/hourly-ipv4,blocklist.de|imap|pop3|brute-force|spam|mail|ziyadnz|hourly,2026-08-17T18:48:05Z,2026-08-17T18:48:05Z,
109.207.41.125,ipv4,imap-attack,high,WHITE,blocklist.de/imap|blocklist.de/all|blocklist.de/mail|ziyadnz/hourly-ipv4,blocklist.de|imap|pop3|brute-force|spam|mail|ziyadnz|hourly,2026-08-17T18:48:05Z,2026-08-17T18:48:05Z,
109.207.41.206,ipv4,imap-attack,high,WHITE,blocklist.de/imap|blocklist.de/all|blocklist.de/mail|ziyadnz/hourly-ipv4,blocklist.de|imap|pop3|brute-force|spam|mail|ziyadnz|hourly,2026-08-17T18:48:05Z,2026-08-17T18:48:05Z,
109.207.41.227,ipv4,imap-attack,high,WHITE,blocklist.de/imap|blocklist.de/all|blocklist.de/mail|ziyadnz/hourly-ipv4,blocklist.de|imap|pop3|brute-force|spam|mail|ziyadnz|hourly,2026-08-17T18:48:05Z,2026-08-17T18:48:05Z,
109.207.41.228,ipv4,imap-attack,high,WHITE,blocklist.de/imap|blocklist.de/all|blocklist.de/mail|ziyadnz/hourly-ipv4,blocklist.de|imap|pop3|brute-force|spam|mail|ziyadnz|hourly,2026-08-17T18:48:05Z,2026-08-17T18:48:05Z,
109.207.41.229,ipv4,imap-attack,high,WHITE,blocklist.de/imap|blocklist.de/all|blocklist.de/mail|ziyadnz/hourly-ipv4,blocklist.de|imap|pop3|brute-force|spam|mail|ziyadnz|hourly,2026-08-17T18:48:05Z,2026-08-17T18:48:05Z,
109.207.43.93,ipv4,imap-attack,high,WHITE,blocklist.de/imap|blocklist.de/all|blocklist.de/mail|ziyadnz/hourly-ipv4,blocklist.de|imap|pop3|brute-force|spam|mail|ziyadnz|hourly,2026-08-17T18:48:05Z,2026-08-17T18:48:05Z,
109.226.27.227,ipv4,imap-attack,high,WHITE,blocklist.de/imap|blocklist.de/all|blocklist.de/mail|ziyadnz/hourly-ipv4,blocklist.de|imap|pop3|brute-force|spam|mail|ziyadnz|hourly,2026-08-17T18:48:05Z,2026-08-17T18:48:05Z,
109.230.93.69,ipv4,imap-attack,high,WHITE,blocklist.de/imap|blocklist.de/all|blocklist.de/mail|ziyadnz/hourly-ipv4,blocklist.de|imap|pop3|brute-force|spam|mail|ziyadnz|hourly,2026-08-17T18:48:05Z,2026-08-17T18:48:05Z,
109.235.7.161,ipv4,imap-attack,high,WHITE,blocklist.de/imap|blocklist.de/all|blocklist.de/mail|ziyadnz/hourly-ipv4,blocklist.de|imap|pop3|brute-force|spam|mail|ziyadnz|hourly,2026-08-17T18:48:05Z,2026-08-17T18:48:05Z,
109.242.95.223,ipv4,imap-attack,high,WHITE,blocklist.de/imap|blocklist.de/all|blocklist.de/mail|ziyadnz/hourly-ipv4,blocklist.de|imap|pop3|brute-force|spam|mail|ziyadnz|hourly,2026-08-17T18:48:05Z,2026-08-17T18:48:05Z,
109.248.156.49,ipv4,imap-attack,high,WHITE,blocklist.de/imap|blocklist.de/all|blocklist.de/mail|ziyadnz/hourly-ipv4,blocklist.de|imap|pop3|brute-force|spam|mail|ziyadnz|hourly,2026-08-17T18:48:05Z,2026-08-17T18:48:05Z,
109.55.57.136,ipv4,imap-attack,high,WHITE,blocklist.de/imap|blocklist.de/all|blocklist.de/mail|ziyadnz/hourly-ipv4,blocklist.de|imap|pop3|brute-force|spam|mail|ziyadnz|hourly,2026-08-17T18:48:05Z,2026-08-17T18:48:05Z,
109.72.12.204,ipv4,imap-attack,high,WHITE,blocklist.de/imap|blocklist.de/all|blocklist.de/mail|ziyadnz/hourly-ipv4,blocklist.de|imap|pop3|brute-force|spam|mail|ziyadnz|hourly,2026-08-17T18:48:05Z,2026-08-17T18:48:05Z,
109.85.189.101,ipv4,imap-attack,high,WHITE,blocklist.de/imap|blocklist.de/all|blocklist.de/mail|ziyadnz/hourly-ipv4,blocklist.de|imap|pop3|brute-force|spam|mail|ziyadnz|hourly,2026-08-17T18:48:05Z,2026-08-17T18:48:05Z,
110.139.215.237,ipv4,imap-attack,high,WHITE,blocklist.de/imap|blocklist.de/all|blocklist.de/mail|ziyadnz/hourly-ipv4,blocklist.de|imap|pop3|brute-force|spam|mail|ziyadnz|hourly,2026-08-17T18:48:05Z,2026-08-17T18:48:05Z,
110.172.147.190,ipv4,imap-attack,high,WHITE,blocklist.de/imap|blocklist.de/all|blocklist.de/mail|ziyadnz/hourly-ipv4,blocklist.de|imap|pop3|brute-force|spam|mail|ziyadnz|hourly,2026-08-17T18:48:05Z,2026-08-17T18:48:05Z,
110.25.106.26,ipv4,imap-attack,high,WHITE,blocklist.de/imap|blocklist.de/all|blocklist.de/mail|ziyadnz/hourly-ipv4,blocklist.de|imap|pop3|brute-force|spam|mail|ziyadnz|hourly,2026-08-17T18:48:05Z,2026-08-17T18:48:05Z,
110.25.107.172,ipv4,imap-attack,high,WHITE,blocklist.de/imap|blocklist.de/all|blocklist.de/mail|ziyadnz/hourly-ipv4,blocklist.de|imap|pop3|brute-force|spam|mail|ziyadnz|hourly,2026-08-17T18:48:05Z,2026-08-17T18:48:05Z,
110.25.107.25,ipv4,imap-attack,high,WHITE,blocklist.de/imap|blocklist.de/all|blocklist.de/mail|ziyadnz/hourly-ipv4,blocklist.de|imap|pop3|brute-force|spam|mail|ziyadnz|hourly,2026-08-17T18:48:05Z,2026-08-17T18:48:05Z,
110.25.109.48,ipv4,imap-attack,high,WHITE,blocklist.de/imap|blocklist.de/all|blocklist.de/mail|ziyadnz/hourly-ipv4,blocklist.de|imap|pop3|brute-force|spam|mail|ziyadnz|hourly,2026-08-17T18:48:05Z,2026-08-17T18:48:05Z,
110.25.109.54,ipv4,imap-attack,high,WHITE,blocklist.de/imap|blocklist.de/all|blocklist.de/mail|ziyadnz/hourly-ipv4,blocklist.de|imap|pop3|brute-force|spam|mail|ziyadnz|hourly,2026-08-17T18:48:05Z,2026-08-17T18:48:05Z,
110.25.110.134,ipv4,imap-attack,high,WHITE,blocklist.de/imap|blocklist.de/all|blocklist.de/mail|ziyadnz/hourly-ipv4,blocklist.de|imap|pop3|brute-force|spam|mail|ziyadnz|hourly,2026-08-17T18:48:05Z,2026-08-17T18:48:05Z,
110.25.110.135,ipv4,imap-attack,high,WHITE,blocklist.de/imap|blocklist.de/all|blocklist.de/mail|ziyadnz/hourly-ipv4,blocklist.de|imap|pop3|brute-force|spam|mail|ziyadnz|hourly,2026-08-17T18:48:05Z,2026-08-17T18:48:05Z,
110.25.110.136,ipv4,imap-attack,high,WHITE,blocklist.de/imap|blocklist.de/all|blocklist.de/mail|ziyadnz/hourly-ipv4,blocklist.de|imap|pop3|brute-force|spam|mail|ziyadnz|hourly,2026-08-17T18:48:05Z,2026-08-17T18:48:05Z,
110.25.110.247,ipv4,imap-attack,high,WHITE,blocklist.de/imap|blocklist.de/all|blocklist.de/mail|ziyadnz/hourly-ipv4,blocklist.de|imap|pop3|brute-force|spam|mail|ziyadnz|hourly,2026-08-17T18:48:05Z,2026-08-17T18:48:05Z,
110.25.112.132,ipv4,imap-attack,high,WHITE,blocklist.de/imap|blocklist.de/all|blocklist.de/mail|ziyadnz/hourly-ipv4,blocklist.de|imap|pop3|brute-force|spam|mail|ziyadnz|hourly,2026-08-17T18:48:05Z,2026-08-17T18:48:05Z,
110.25.114.8,ipv4,imap-attack,high,WHITE,blocklist.de/imap|blocklist.de/all|blocklist.de/mail|ziyadnz/hourly-ipv4,blocklist.de|imap|pop3|brute-force|spam|mail|ziyadnz|hourly,2026-08-17T18:48:05Z,2026-08-17T18:48:05Z,
110.25.90.235,ipv4,imap-attack,high,WHITE,blocklist.de/imap|blocklist.de/all|blocklist.de/mail|ziyadnz/hourly-ipv4,blocklist.de|imap|pop3|brute-force|spam|mail|ziyadnz|hourly,2026-08-17T18:48:05Z,2026-08-17T18:48:05Z,
110.78.165.223,ipv4,imap-attack,high,WHITE,blocklist.de/imap|blocklist.de/all|blocklist.de/mail|ziyadnz/hourly-ipv4,blocklist.de|imap|pop3|brute-force|spam|mail|ziyadnz|hourly,2026-08-17T18:48:05Z,2026-08-17T18:48:05Z,
110.93.88.218,ipv4,imap-attack,high,WHITE,blocklist.de/imap|blocklist.de/all|blocklist.de/mail|ziyadnz/hourly-ipv4,blocklist.de|imap|pop3|brute-force|spam|mail|ziyadnz|hourly,2026-08-17T18:48:05Z,2026-08-17T18:48:05Z,
111.11.93.87,ipv4,imap-attack,high,WHITE,blocklist.de/imap|blocklist.de/all|blocklist.de/mail|ziyadnz/hourly-ipv4,blocklist.de|imap|pop3|brute-force|spam|mail|ziyadnz|hourly,2026-08-17T18:48:05Z,2026-08-17T18:48:05Z,
111.119.167.151,ipv4,imap-attack,high,WHITE,blocklist.de/imap|blocklist.de/all|blocklist.de/mail|ziyadnz/hourly-ipv4,blocklist.de|imap|pop3|brute-force|spam|mail|ziyadnz|hourly,2026-08-17T18:48:05Z,2026-08-17T18:48:05Z,
111.119.44.29,ipv4,imap-attack,high,WHITE,blocklist.de/imap|blocklist.de/all|blocklist.de/mail|ziyadnz/hourly-ipv4,blocklist.de|imap|pop3|brute-force|spam|mail|ziyadnz|hourly,2026-08-17T18:48:05Z,2026-08-17T18:48:05Z,
111.162.205.188,ipv4,imap-attack,high,WHITE,blocklist.de/imap|blocklist.de/all|blocklist.de/mail|ziyadnz/hourly-ipv4,blocklist.de|imap|pop3|brute-force|spam|mail|ziyadnz|hourly,2026-08-17T18:48:05Z,2026-08-17T18:48:05Z,
111.175.39.76,ipv4,imap-attack,high,WHITE,blocklist.de/imap|blocklist.de/all|blocklist.de/mail|ziyadnz/hourly-ipv4,blocklist.de|imap|pop3|brute-force|spam|mail|ziyadnz|hourly,2026-08-17T18:48:05Z,2026-08-17T18:48:05Z,
111.223.3.190,ipv4,imap-attack,high,WHITE,blocklist.de/imap|blocklist.de/all|blocklist.de/mail|ziyadnz/hourly-ipv4,blocklist.de|imap|pop3|brute-force|spam|mail|ziyadnz|hourly,2026-08-17T18:48:05Z,2026-08-17T18:48:05Z,
111.23.42.49,ipv4,imap-attack,high,WHITE,blocklist.de/imap|blocklist.de/all|blocklist.de/mail|ziyadnz/hourly-ipv4,blocklist.de|imap|pop3|brute-force|spam|mail|ziyadnz|hourly,2026-08-17T18:48:05Z,2026-08-17T18:48:05Z,
111.235.249.59,ipv4,imap-attack,high,WHITE,blocklist.de/imap|blocklist.de/all|blocklist.de/mail|ziyadnz/hourly-ipv4,blocklist.de|imap|pop3|brute-force|spam|mail|ziyadnz|hourly,2026-08-17T18:48:05Z,2026-08-17T18:48:05Z,
111.235.66.253,ipv4,imap-attack,high,WHITE,blocklist.de/imap|blocklist.de/all|blocklist.de/mail|ziyadnz/hourly-ipv4,blocklist.de|imap|pop3|brute-force|spam|mail|ziyadnz|hourly,2026-08-17T18:48:05Z,2026-08-17T18:48:05Z,
111.26.101.77,ipv4,imap-attack,high,WHITE,blocklist.de/imap|blocklist.de/all|blocklist.de/mail|ziyadnz/hourly-ipv4,blocklist.de|imap|pop3|brute-force|spam|mail|ziyadnz|hourly,2026-08-17T18:48:05Z,2026-08-17T18:48:05Z,
111.26.106.117,ipv4,imap-attack,high,WHITE,blocklist.de/imap|blocklist.de/all|blocklist.de/mail|ziyadnz/hourly-ipv4,blocklist.de|imap|pop3|brute-force|spam|mail|ziyadnz|hourly,2026-08-17T18:48:05Z,2026-08-17T18:48:05Z,
111.26.106.119,ipv4,imap-attack,high,WHITE,blocklist.de/imap|blocklist.de/all|blocklist.de/mail|ziyadnz/hourly-ipv4,blocklist.de|imap|pop3|brute-force|spam|mail|ziyadnz|hourly,2026-08-17T18:48:05Z,2026-08-17T18:48:05Z,
111.26.115.122,ipv4,imap-attack,high,WHITE,blocklist.de/imap|blocklist.de/all|blocklist.de/mail|ziyadnz/hourly-ipv4,blocklist.de|imap|pop3|brute-force|spam|mail|ziyadnz|hourly,2026-08-17T18:48:05Z,2026-08-17T18:48:05Z,
111.26.177.216,ipv4,imap-attack,high,WHITE,blocklist.de/imap|blocklist.de/all|blocklist.de/mail|ziyadnz/hourly-ipv4,blocklist.de|imap|pop3|brute-force|spam|mail|ziyadnz|hourly,2026-08-17T18:48:05Z,2026-08-17T18:48:05Z,
111.26.62.39,ipv4,imap-attack,high,WHITE,blocklist.de/imap|blocklist.de/all|blocklist.de/mail|ziyadnz/hourly-ipv4,blocklist.de|imap|pop3|brute-force|spam|mail|ziyadnz|hourly,2026-08-17T18:48:05Z,2026-08-17T18:48:05Z,
111.26.62.42,ipv4,imap-attack,high,WHITE,blocklist.de/imap|blocklist.de/all|blocklist.de/mail|ziyadnz/hourly-ipv4,blocklist.de|imap|pop3|brute-force|spam|mail|ziyadnz|hourly,2026-08-17T18:48:05Z,2026-08-17T18:48:05Z,
111.26.63.85,ipv4,imap-attack,high,WHITE,blocklist.de/imap|blocklist.de/all|blocklist.de/mail|ziyadnz/hourly-ipv4,blocklist.de|imap|pop3|brute-force|spam|mail|ziyadnz|hourly,2026-08-17T18:48:05Z,2026-08-17T18:48:05Z,
111.26.63.89,ipv4,imap-attack,high,WHITE,blocklist.de/imap|blocklist.de/all|blocklist.de/mail|ziyadnz/hourly-ipv4,blocklist.de|imap|pop3|brute-force|spam|mail|ziyadnz|hourly,2026-08-17T18:48:05Z,2026-08-17T18:48:05Z,
111.26.67.36,ipv4,imap-attack,high,WHITE,blocklist.de/imap|blocklist.de/all|blocklist.de/mail|ziyadnz/hourly-ipv4,blocklist.de|imap|pop3|brute-force|spam|mail|ziyadnz|hourly,2026-08-17T18:48:05Z,2026-08-17T18:48:05Z,
111.26.69.160,ipv4,imap-attack,high,WHITE,blocklist.de/imap|blocklist.de/all|blocklist.de/mail|ziyadnz/hourly-ipv4,blocklist.de|imap|pop3|brute-force|spam|mail|ziyadnz|hourly,2026-08-17T18:48:05Z,2026-08-17T18:48:05Z,
111.26.80.229,ipv4,imap-attack,high,WHITE,blocklist.de/imap|blocklist.de/all|blocklist.de/mail|ziyadnz/hourly-ipv4,blocklist.de|imap|pop3|brute-force|spam|mail|ziyadnz|hourly,2026-08-17T18:48:05Z,2026-08-17T18:48:05Z,
111.26.95.254,ipv4,imap-attack,high,WHITE,blocklist.de/imap|blocklist.de/all|blocklist.de/mail|ziyadnz/hourly-ipv4,blocklist.de|imap|pop3|brute-force|spam|mail|ziyadnz|hourly,2026-08-17T18:48:05Z,2026-08-17T18:48:05Z,
111.30.125.144,ipv4,imap-attack,high,WHITE,blocklist.de/imap|blocklist.de/all|blocklist.de/mail|ziyadnz/hourly-ipv4,blocklist.de|imap|pop3|brute-force|spam|mail|ziyadnz|hourly,2026-08-17T18:48:05Z,2026-08-17T18:48:05Z,
111.30.125.71,ipv4,imap-attack,high,WHITE,blocklist.de/imap|blocklist.de/all|blocklist.de/mail|ziyadnz/hourly-ipv4,blocklist.de|imap|pop3|brute-force|spam|mail|ziyadnz|hourly,2026-08-17T18:48:05Z,2026-08-17T18:48:05Z,
111.31.134.88,ipv4,imap-attack,high,WHITE,blocklist.de/imap|blocklist.de/all|blocklist.de/mail|ziyadnz/hourly-ipv4,blocklist.de|imap|pop3|brute-force|spam|mail|ziyadnz|hourly,2026-08-17T18:48:05Z,2026-08-17T18:48:05Z,
111.35.36.48,ipv4,imap-attack,high,WHITE,blocklist.de/imap|blocklist.de/all|blocklist.de/mail|ziyadnz/hourly-ipv4,blocklist.de|imap|pop3|brute-force|spam|mail|ziyadnz|hourly,2026-08-17T18:48:05Z,2026-08-17T18:48:05Z,
111.36.152.14,ipv4,imap-attack,high,WHITE,blocklist.de/imap|blocklist.de/all|blocklist.de/mail|ziyadnz/hourly-ipv4,blocklist.de|imap|pop3|brute-force|spam|mail|ziyadnz|hourly,2026-08-17T18:48:05Z,2026-08-17T18:48:05Z,
111.38.136.211,ipv4,imap-attack,high,WHITE,blocklist.de/imap|blocklist.de/all|blocklist.de/mail|ziyadnz/hourly-ipv4,blocklist.de|imap|pop3|brute-force|spam|mail|ziyadnz|hourly,2026-08-17T18:48:05Z,2026-08-17T18:48:05Z,
111.4.65.37,ipv4,imap-attack,high,WHITE,blocklist.de/imap|blocklist.de/all|blocklist.de/mail|ziyadnz/hourly-ipv4,blocklist.de|imap|pop3|brute-force|spam|mail|ziyadnz|hourly,2026-08-17T18:48:05Z,2026-08-17T18:48:05Z,
111.53.131.79,ipv4,imap-attack,high,WHITE,blocklist.de/imap|blocklist.de/all|blocklist.de/mail|ziyadnz/hourly-ipv4,blocklist.de|imap|pop3|brute-force|spam|mail|ziyadnz|hourly,2026-08-17T18:48:05Z,2026-08-17T18:48:05Z,
111.56.169.222,ipv4,imap-attack,high,WHITE,blocklist.de/imap|blocklist.de/all|blocklist.de/mail|ziyadnz/hourly-ipv4,blocklist.de|imap|pop3|brute-force|spam|mail|ziyadnz|hourly,2026-08-17T18:48:05Z,2026-08-17T18:48:05Z,
111.57.17.167,ipv4,imap-attack,high,WHITE,blocklist.de/imap|blocklist.de/all|blocklist.de/mail|ziyadnz/hourly-ipv4,blocklist.de|imap|pop3|brute-force|spam|mail|ziyadnz|hourly,2026-08-17T18:48:05Z,2026-08-17T18:48:05Z,
111.61.175.117,ipv4,imap-attack,high,WHITE,blocklist.de/imap|blocklist.de/all|blocklist.de/mail|ziyadnz/hourly-ipv4,blocklist.de|imap|pop3|brute-force|spam|mail|ziyadnz|hourly,2026-08-17T18:48:05Z,2026-08-17T18:48:05Z,
111.61.176.242,ipv4,imap-attack,high,WHITE,blocklist.de/imap|blocklist.de/all|blocklist.de/mail|ziyadnz/hourly-ipv4,blocklist.de|imap|pop3|brute-force|spam|mail|ziyadnz|hourly,2026-08-17T18:48:05Z,2026-08-17T18:48:05Z,
111.61.176.245,ipv4,imap-attack,high,WHITE,blocklist.de/imap|blocklist.de/all|blocklist.de/mail|ziyadnz/hourly-ipv4,blocklist.de|imap|pop3|brute-force|spam|mail|ziyadnz|hourly,2026-08-17T18:48:05Z,2026-08-17T18:48:05Z,
111.62.173.90,ipv4,imap-attack,high,WHITE,blocklist.de/imap|blocklist.de/all|blocklist.de/mail|ziyadnz/hourly-ipv4,blocklist.de|imap|pop3|brute-force|spam|mail|ziyadnz|hourly,2026-08-17T18:48:05Z,2026-08-17T18:48:05Z,
111.70.1.159,ipv4,imap-attack,high,WHITE,blocklist.de/imap|blocklist.de/all|blocklist.de/mail|ziyadnz/hourly-ipv4,blocklist.de|imap|pop3|brute-force|spam|mail|ziyadnz|hourly,2026-08-17T18:48:05Z,2026-08-17T18:48:05Z,
111.70.11.38,ipv4,imap-attack,high,WHITE,blocklist.de/imap|blocklist.de/all|blocklist.de/mail|ziyadnz/hourly-ipv4,blocklist.de|imap|pop3|brute-force|spam|mail|ziyadnz|hourly,2026-08-17T18:48:05Z,2026-08-17T18:48:05Z,
111.70.17.214,ipv4,imap-attack,high,WHITE,blocklist.de/imap|blocklist.de/all|blocklist.de/mail|ziyadnz/hourly-ipv4,blocklist.de|imap|pop3|brute-force|spam|mail|ziyadnz|hourly,2026-08-17T18:48:05Z,2026-08-17T18:48:05Z,
111.70.20.106,ipv4,imap-attack,high,WHITE,blocklist.de/imap|blocklist.de/all|blocklist.de/mail|ziyadnz/hourly-ipv4,blocklist.de|imap|pop3|brute-force|spam|mail|ziyadnz|hourly,2026-08-17T18:48:05Z,2026-08-17T18:48:05Z,
111.70.23.230,ipv4,imap-attack,high,WHITE,blocklist.de/imap|blocklist.de/all|blocklist.de/mail|ziyadnz/hourly-ipv4,blocklist.de|imap|pop3|brute-force|spam|mail|ziyadnz|hourly,2026-08-17T18:48:05Z,2026-08-17T18:48:05Z,
111.70.23.252,ipv4,imap-attack,high,WHITE,blocklist.de/imap|blocklist.de/all|blocklist.de/mail|ziyadnz/hourly-ipv4,blocklist.de|imap|pop3|brute-force|spam|mail|ziyadnz|hourly,2026-08-17T18:48:05Z,2026-08-17T18:48:05Z,
111.70.29.132,ipv4,imap-attack,high,WHITE,blocklist.de/imap|blocklist.de/all|blocklist.de/mail|ziyadnz/hourly-ipv4,blocklist.de|imap|pop3|brute-force|spam|mail|ziyadnz|hourly,2026-08-17T18:48:05Z,2026-08-17T18:48:05Z,
111.70.3.122,ipv4,imap-attack,high,WHITE,blocklist.de/imap|blocklist.de/all|blocklist.de/mail|ziyadnz/hourly-ipv4,blocklist.de|imap|pop3|brute-force|spam|mail|ziyadnz|hourly,2026-08-17T18:48:05Z,2026-08-17T18:48:05Z,
111.70.3.156,ipv4,imap-attack,high,WHITE,blocklist.de/imap|blocklist.de/all|blocklist.de/mail|ziyadnz/hourly-ipv4,blocklist.de|imap|pop3|brute-force|spam|mail|ziyadnz|hourly,2026-08-17T18:48:05Z,2026-08-17T18:48:05Z,
111.70.32.10,ipv4,imap-attack,high,WHITE,blocklist.de/imap|blocklist.de/all|blocklist.de/mail|ziyadnz/hourly-ipv4,blocklist.de|imap|pop3|brute-force|spam|mail|ziyadnz|hourly,2026-08-17T18:48:05Z,2026-08-17T18:48:05Z,
111.70.32.11,ipv4,imap-attack,high,WHITE,blocklist.de/imap|blocklist.de/all|blocklist.de/mail|ziyadnz/hourly-ipv4,blocklist.de|imap|pop3|brute-force|spam|mail|ziyadnz|hourly,2026-08-17T18:48:05Z,2026-08-17T18:48:05Z,
111.70.32.207,ipv4,imap-attack,high,WHITE,blocklist.de/imap|blocklist.de/all|blocklist.de/mail|ziyadnz/hourly-ipv4,blocklist.de|imap|pop3|brute-force|spam|mail|ziyadnz|hourly,2026-08-17T18:48:05Z,2026-08-17T18:48:05Z,
111.70.32.210,ipv4,imap-attack,high,WHITE,blocklist.de/imap|blocklist.de/all|blocklist.de/mail|ziyadnz/hourly-ipv4,blocklist.de|imap|pop3|brute-force|spam|mail|ziyadnz|hourly,2026-08-17T18:48:05Z,2026-08-17T18:48:05Z,
111.70.32.46,ipv4,imap-attack,high,WHITE,blocklist.de/imap|blocklist.de/all|blocklist.de/mail|ziyadnz/hourly-ipv4,blocklist.de|imap|pop3|brute-force|spam|mail|ziyadnz|hourly,2026-08-17T18:48:05Z,2026-08-17T18:48:05Z,
111.70.32.50,ipv4,imap-attack,high,WHITE,blocklist.de/imap|blocklist.de/all|blocklist.de/mail|ziyadnz/hourly-ipv4,blocklist.de|imap|pop3|brute-force|spam|mail|ziyadnz|hourly,2026-08-17T18:48:05Z,2026-08-17T18:48:05Z,
111.70.33.194,ipv4,imap-attack,high,WHITE,blocklist.de/imap|blocklist.de/all|blocklist.de/mail|ziyadnz/hourly-ipv4,blocklist.de|imap|pop3|brute-force|spam|mail|ziyadnz|hourly,2026-08-17T18:48:05Z,2026-08-17T18:48:05Z,
111.70.33.217,ipv4,imap-attack,high,WHITE,blocklist.de/imap|blocklist.de/all|blocklist.de/mail|ziyadnz/hourly-ipv4,blocklist.de|imap|pop3|brute-force|spam|mail|ziyadnz|hourly,2026-08-17T18:48:05Z,2026-08-17T18:48:05Z,
111.70.34.159,ipv4,imap-attack,high,WHITE,blocklist.de/imap|blocklist.de/all|blocklist.de/mail|ziyadnz/hourly-ipv4,blocklist.de|imap|pop3|brute-force|spam|mail|ziyadnz|hourly,2026-08-17T18:48:05Z,2026-08-17T18:48:05Z,
111.70.34.21,ipv4,imap-attack,high,WHITE,blocklist.de/imap|blocklist.de/all|blocklist.de/mail|ziyadnz/hourly-ipv4,blocklist.de|imap|pop3|brute-force|spam|mail|ziyadnz|hourly,2026-08-17T18:48:05Z,2026-08-17T18:48:05Z,
111.70.38.248,ipv4,imap-attack,high,WHITE,blocklist.de/imap|blocklist.de/all|blocklist.de/mail|ziyadnz/hourly-ipv4,blocklist.de|imap|pop3|brute-force|spam|mail|ziyadnz|hourly,2026-08-17T18:48:05Z,2026-08-17T18:48:05Z,
111.70.38.53,ipv4,imap-attack,high,WHITE,blocklist.de/imap|blocklist.de/all|blocklist.de/mail|ziyadnz/hourly-ipv4,blocklist.de|imap|pop3|brute-force|spam|mail|ziyadnz|hourly,2026-08-17T18:48:05Z,2026-08-17T18:48:05Z,
111.70.38.54,ipv4,imap-attack,high,WHITE,blocklist.de/imap|blocklist.de/all|blocklist.de/mail|ziyadnz/hourly-ipv4,blocklist.de|imap|pop3|brute-force|spam|mail|ziyadnz|hourly,2026-08-17T18:48:05Z,2026-08-17T18:48:05Z,
111.70.39.214,ipv4,imap-attack,high,WHITE,blocklist.de/imap|blocklist.de/all|blocklist.de/mail|ziyadnz/hourly-ipv4,blocklist.de|imap|pop3|brute-force|spam|mail|ziyadnz|hourly,2026-08-17T18:48:05Z,2026-08-17T18:48:05Z,
111.70.51.23,ipv4,imap-attack,high,WHITE,blocklist.de/imap|blocklist.de/all|blocklist.de/mail|ziyadnz/hourly-ipv4,blocklist.de|imap|pop3|brute-force|spam|mail|ziyadnz|hourly,2026-08-17T18:48:05Z,2026-08-17T18:48:05Z,
111.70.6.20,ipv4,imap-attack,high,WHITE,blocklist.de/imap|blocklist.de/all|blocklist.de/mail|ziyadnz/hourly-ipv4,blocklist.de|imap|pop3|brute-force|spam|mail|ziyadnz|hourly,2026-08-17T18:48:05Z,2026-08-17T18:48:05Z,
111.88.6.196,ipv4,imap-attack,high,WHITE,blocklist.de/imap|blocklist.de/all|blocklist.de/mail|ziyadnz/hourly-ipv4,blocklist.de|imap|pop3|brute-force|spam|mail|ziyadnz|hourly,2026-08-17T18:48:05Z,2026-08-17T18:48:05Z,
111.90.233.94,ipv4,imap-attack,high,WHITE,blocklist.de/imap|blocklist.de/all|blocklist.de/mail|ziyadnz/hourly-ipv4,blocklist.de|imap|pop3|brute-force|spam|mail|ziyadnz|hourly,2026-08-17T18:48:05Z,2026-08-17T18:48:05Z,
112.113.142.98,ipv4,imap-attack,high,WHITE,blocklist.de/imap|blocklist.de/all|blocklist.de/mail|ziyadnz/hourly-ipv4,blocklist.de|imap|pop3|brute-force|spam|mail|ziyadnz|hourly,2026-08-17T18:48:05Z,2026-08-17T18:48:05Z,
112.116.48.159,ipv4,imap-attack,high,WHITE,blocklist.de/imap|blocklist.de/all|blocklist.de/mail|ziyadnz/hourly-ipv4,blocklist.de|imap|pop3|brute-force|spam|mail|ziyadnz|hourly,2026-08-17T18:48:05Z,2026-08-17T18:48:05Z,
112.118.194.159,ipv4,imap-attack,high,WHITE,blocklist.de/imap|blocklist.de/all|blocklist.de/mail|ziyadnz/hourly-ipv4,blocklist.de|imap|pop3|brute-force|spam|mail|ziyadnz|hourly,2026-08-17T18:48:05Z,2026-08-17T18:48:05Z,
112.133.105.205,ipv4,imap-attack,high,WHITE,blocklist.de/imap|blocklist.de/all|blocklist.de/mail|ziyadnz/hourly-ipv4,blocklist.de|imap|pop3|brute-force|spam|mail|ziyadnz|hourly,2026-08-17T18:48:05Z,2026-08-17T18:48:05Z,
112.133.27.34,ipv4,imap-attack,high,WHITE,blocklist.de/imap|blocklist.de/all|blocklist.de/mail|ziyadnz/hourly-ipv4,blocklist.de|imap|pop3|brute-force|spam|mail|ziyadnz|hourly,2026-08-17T18:48:05Z,2026-08-17T18:48:05Z,
112.134.210.17,ipv4,imap-attack,high,WHITE,blocklist.de/imap|blocklist.de/all|blocklist.de/mail|ziyadnz/hourly-ipv4,blocklist.de|imap|pop3|brute-force|spam|mail|ziyadnz|hourly,2026-08-17T18:48:05Z,2026-08-17T18:48:05Z,
112.134.251.152,ipv4,imap-attack,high,WHITE,blocklist.de/imap|blocklist.de/all|blocklist.de/mail|ziyadnz/hourly-ipv4,blocklist.de|imap|pop3|brute-force|spam|mail|ziyadnz|hourly,2026-08-17T18:48:05Z,2026-08-17T18:48:05Z,
112.160.57.196,ipv4,imap-attack,high,WHITE,blocklist.de/imap|blocklist.de/all|blocklist.de/mail|ziyadnz/hourly-ipv4,blocklist.de|imap|pop3|brute-force|spam|mail|ziyadnz|hourly,2026-08-17T18:48:05Z,2026-08-17T18:48:05Z,
112.161.26.125,ipv4,imap-attack,high,WHITE,blocklist.de/imap|blocklist.de/all|blocklist.de/mail|ziyadnz/hourly-ipv4,blocklist.de|imap|pop3|brute-force|spam|mail|ziyadnz|hourly,2026-08-17T18:48:05Z,2026-08-17T18:48:05Z,
112.161.42.97,ipv4,imap-attack,high,WHITE,blocklist.de/imap|blocklist.de/all|blocklist.de/mail|ziyadnz/hourly-ipv4,blocklist.de|imap|pop3|brute-force|spam|mail|ziyadnz|hourly,2026-08-17T18:48:05Z,2026-08-17T18:48:05Z,
112.161.64.234,ipv4,imap-attack,high,WHITE,blocklist.de/imap|blocklist.de/all|blocklist.de/mail|ziyadnz/hourly-ipv4,blocklist.de|imap|pop3|brute-force|spam|mail|ziyadnz|hourly,2026-08-17T18:48:05Z,2026-08-17T18:48:05Z,
112.161.75.175,ipv4,imap-attack,high,WHITE,blocklist.de/imap|blocklist.de/all|blocklist.de/mail|ziyadnz/hourly-ipv4,blocklist.de|imap|pop3|brute-force|spam|mail|ziyadnz|hourly,2026-08-17T18:48:05Z,2026-08-17T18:48:05Z,
112.162.111.205,ipv4,imap-attack,high,WHITE,blocklist.de/imap|blocklist.de/all|blocklist.de/mail|ziyadnz/hourly-ipv4,blocklist.de|imap|pop3|brute-force|spam|mail|ziyadnz|hourly,2026-08-17T18:48:05Z,2026-08-17T18:48:05Z,
112.164.211.192,ipv4,imap-attack,high,WHITE,blocklist.de/imap|blocklist.de/all|blocklist.de/mail|ziyadnz/hourly-ipv4,blocklist.de|imap|pop3|brute-force|spam|mail|ziyadnz|hourly,2026-08-17T18:48:05Z,2026-08-17T18:48:05Z,
112.164.228.18,ipv4,imap-attack,high,WHITE,blocklist.de/imap|blocklist.de/all|blocklist.de/mail|ziyadnz/hourly-ipv4,blocklist.de|imap|pop3|brute-force|spam|mail|ziyadnz|hourly,2026-08-17T18:48:05Z,2026-08-17T18:48:05Z,
112.164.234.246,ipv4,imap-attack,high,WHITE,blocklist.de/imap|blocklist.de/all|blocklist.de/mail|ziyadnz/hourly-ipv4,blocklist.de|imap|pop3|brute-force|spam|mail|ziyadnz|hourly,2026-08-17T18:48:05Z,2026-08-17T18:48:05Z,
112.164.253.71,ipv4,imap-attack,high,WHITE,blocklist.de/imap|blocklist.de/all|blocklist.de/mail|ziyadnz/hourly-ipv4,blocklist.de|imap|pop3|brute-force|spam|mail|ziyadnz|hourly,2026-08-17T18:48:05Z,2026-08-17T18:48:05Z,
112.167.62.19,ipv4,imap-attack,high,WHITE,blocklist.de/imap|blocklist.de/all|blocklist.de/mail|ziyadnz/hourly-ipv4,blocklist.de|imap|pop3|brute-force|spam|mail|ziyadnz|hourly,2026-08-17T18:48:05Z,2026-08-17T18:48:05Z,
112.168.37.200,ipv4,imap-attack,high,WHITE,blocklist.de/imap|blocklist.de/all|blocklist.de/mail|ziyadnz/hourly-ipv4,blocklist.de|imap|pop3|brute-force|spam|mail|ziyadnz|hourly,2026-08-17T18:48:05Z,2026-08-17T18:48:05Z,
112.184.11.161,ipv4,imap-attack,high,WHITE,blocklist.de/imap|blocklist.de/all|blocklist.de/mail|ziyadnz/hourly-ipv4,blocklist.de|imap|pop3|brute-force|spam|mail|ziyadnz|hourly,2026-08-17T18:48:05Z,2026-08-17T18:48:05Z,
112.184.13.136,ipv4,imap-attack,high,WHITE,blocklist.de/imap|blocklist.de/all|blocklist.de/mail|ziyadnz/hourly-ipv4,blocklist.de|imap|pop3|brute-force|spam|mail|ziyadnz|hourly,2026-08-17T18:48:05Z,2026-08-17T18:48:05Z,
112.184.13.166,ipv4,imap-attack,high,WHITE,blocklist.de/imap|blocklist.de/all|blocklist.de/mail|ziyadnz/hourly-ipv4,blocklist.de|imap|pop3|brute-force|spam|mail|ziyadnz|hourly,2026-08-17T18:48:05Z,2026-08-17T18:48:05Z,
112.184.15.64,ipv4,imap-attack,high,WHITE,blocklist.de/imap|blocklist.de/all|blocklist.de/mail|ziyadnz/hourly-ipv4,blocklist.de|imap|pop3|brute-force|spam|mail|ziyadnz|hourly,2026-08-17T18:48:05Z,2026-08-17T18:48:05Z,
112.184.15.85,ipv4,imap-attack,high,WHITE,blocklist.de/imap|blocklist.de/all|blocklist.de/mail|ziyadnz/hourly-ipv4,blocklist.de|imap|pop3|brute-force|spam|mail|ziyadnz|hourly,2026-08-17T18:48:05Z,2026-08-17T18:48:05Z,
112.184.22.125,ipv4,imap-attack,high,WHITE,blocklist.de/imap|blocklist.de/all|blocklist.de/mail|ziyadnz/hourly-ipv4,blocklist.de|imap|pop3|brute-force|spam|mail|ziyadnz|hourly,2026-08-17T18:48:05Z,2026-08-17T18:48:05Z,
112.184.25.18,ipv4,imap-attack,high,WHITE,blocklist.de/imap|blocklist.de/all|blocklist.de/mail|ziyadnz/hourly-ipv4,blocklist.de|imap|pop3|brute-force|spam|mail|ziyadnz|hourly,2026-08-17T18:48:05Z,2026-08-17T18:48:05Z,
112.184.33.221,ipv4,imap-attack,high,WHITE,blocklist.de/imap|blocklist.de/all|blocklist.de/mail|ziyadnz/hourly-ipv4,blocklist.de|imap|pop3|brute-force|spam|mail|ziyadnz|hourly,2026-08-17T18:48:05Z,2026-08-17T18:48:05Z,
112.184.4.156,ipv4,imap-attack,high,WHITE,blocklist.de/imap|blocklist.de/all|blocklist.de/mail|ziyadnz/hourly-ipv4,blocklist.de|imap|pop3|brute-force|spam|mail|ziyadnz|hourly,2026-08-17T18:48:05Z,2026-08-17T18:48:05Z,
112.184.42.193,ipv4,imap-attack,high,WHITE,blocklist.de/imap|blocklist.de/all|blocklist.de/mail|ziyadnz/hourly-ipv4,blocklist.de|imap|pop3|brute-force|spam|mail|ziyadnz|hourly,2026-08-17T18:48:05Z,2026-08-17T18:48:05Z,
112.184.50.152,ipv4,imap-attack,high,WHITE,blocklist.de/imap|blocklist.de/all|blocklist.de/mail|ziyadnz/hourly-ipv4,blocklist.de|imap|pop3|brute-force|spam|mail|ziyadnz|hourly,2026-08-17T18:48:05Z,2026-08-17T18:48:05Z,
112.184.52.71,ipv4,imap-attack,high,WHITE,blocklist.de/imap|blocklist.de/all|blocklist.de/mail|ziyadnz/hourly-ipv4,blocklist.de|imap|pop3|brute-force|spam|mail|ziyadnz|hourly,2026-08-17T18:48:05Z,2026-08-17T18:48:05Z,
112.184.56.199,ipv4,imap-attack,high,WHITE,blocklist.de/imap|blocklist.de/all|blocklist.de/mail|ziyadnz/hourly-ipv4,blocklist.de|imap|pop3|brute-force|spam|mail|ziyadnz|hourly,2026-08-17T18:48:05Z,2026-08-17T18:48:05Z,
112.184.60.138,ipv4,imap-attack,high,WHITE,blocklist.de/imap|blocklist.de/all|blocklist.de/mail|ziyadnz/hourly-ipv4,blocklist.de|imap|pop3|brute-force|spam|mail|ziyadnz|hourly,2026-08-17T18:48:05Z,2026-08-17T18:48:05Z,
112.186.102.33,ipv4,imap-attack,high,WHITE,blocklist.de/imap|blocklist.de/all|blocklist.de/mail|ziyadnz/hourly-ipv4,blocklist.de|imap|pop3|brute-force|spam|mail|ziyadnz|hourly,2026-08-17T18:48:05Z,2026-08-17T18:48:05Z,
112.186.56.157,ipv4,imap-attack,high,WHITE,blocklist.de/imap|blocklist.de/all|blocklist.de/mail|ziyadnz/hourly-ipv4,blocklist.de|imap|pop3|brute-force|spam|mail|ziyadnz|hourly,2026-08-17T18:48:05Z,2026-08-17T18:48:05Z,
112.196.115.50,ipv4,imap-attack,high,WHITE,blocklist.de/imap|blocklist.de/all|blocklist.de/mail|ziyadnz/hourly-ipv4,blocklist.de|imap|pop3|brute-force|spam|mail|ziyadnz|hourly,2026-08-17T18:48:05Z,2026-08-17T18:48:05Z,
112.200.173.211,ipv4,imap-attack,high,WHITE,blocklist.de/imap|blocklist.de/all|blocklist.de/mail|ziyadnz/hourly-ipv4,blocklist.de|imap|pop3|brute-force|spam|mail|ziyadnz|hourly,2026-08-17T18:48:05Z,2026-08-17T18:48:05Z,
112.201.193.168,ipv4,imap-attack,high,WHITE,blocklist.de/imap|blocklist.de/all|blocklist.de/mail|ziyadnz/hourly-ipv4,blocklist.de|imap|pop3|brute-force|spam|mail|ziyadnz|hourly,2026-08-17T18:48:05Z,2026-08-17T18:48:05Z,
112.203.133.86,ipv4,imap-attack,high,WHITE,blocklist.de/imap|blocklist.de/all|blocklist.de/mail|ziyadnz/hourly-ipv4,blocklist.de|imap|pop3|brute-force|spam|mail|ziyadnz|hourly,2026-08-17T18:48:05Z,2026-08-17T18:48:05Z,
112.203.45.250,ipv4,imap-attack,high,WHITE,blocklist.de/imap|blocklist.de/all|blocklist.de/mail|ziyadnz/hourly-ipv4,blocklist.de|imap|pop3|brute-force|spam|mail|ziyadnz|hourly,2026-08-17T18:48:05Z,2026-08-17T18:48:05Z,
112.203.63.21,ipv4,imap-attack,high,WHITE,blocklist.de/imap|blocklist.de/all|blocklist.de/mail|ziyadnz/hourly-ipv4,blocklist.de|imap|pop3|brute-force|spam|mail|ziyadnz|hourly,2026-08-17T18:48:05Z,2026-08-17T18:48:05Z,
112.205.42.168,ipv4,imap-attack,high,WHITE,blocklist.de/imap|blocklist.de/all|blocklist.de/mail|ziyadnz/hourly-ipv4,blocklist.de|imap|pop3|brute-force|spam|mail|ziyadnz|hourly,2026-08-17T18:48:05Z,2026-08-17T18:48:05Z,
112.211.123.253,ipv4,imap-attack,high,WHITE,blocklist.de/imap|blocklist.de/all|blocklist.de/mail|ziyadnz/hourly-ipv4,blocklist.de|imap|pop3|brute-force|spam|mail|ziyadnz|hourly,2026-08-17T18:48:05Z,2026-08-17T18:48:05Z,
112.24.99.134,ipv4,imap-attack,high,WHITE,blocklist.de/imap|blocklist.de/all|blocklist.de/mail|ziyadnz/hourly-ipv4,blocklist.de|imap|pop3|brute-force|spam|mail|ziyadnz|hourly,2026-08-17T18:48:05Z,2026-08-17T18:48:05Z,
112.26.74.90,ipv4,imap-attack,high,WHITE,blocklist.de/imap|blocklist.de/all|blocklist.de/mail|ziyadnz/hourly-ipv4,blocklist.de|imap|pop3|brute-force|spam|mail|ziyadnz|hourly,2026-08-17T18:48:05Z,2026-08-17T18:48:05Z,
112.26.99.93,ipv4,imap-attack,high,WHITE,blocklist.de/imap|blocklist.de/all|blocklist.de/mail|ziyadnz/hourly-ipv4,blocklist.de|imap|pop3|brute-force|spam|mail|ziyadnz|hourly,2026-08-17T18:48:05Z,2026-08-17T18:48:05Z,
112.27.230.157,ipv4,imap-attack,high,WHITE,blocklist.de/imap|blocklist.de/all|blocklist.de/mail|ziyadnz/hourly-ipv4,blocklist.de|imap|pop3|brute-force|spam|mail|ziyadnz|hourly,2026-08-17T18:48:05Z,2026-08-17T18:48:05Z,
112.27.96.231,ipv4,imap-attack,high,WHITE,blocklist.de/imap|blocklist.de/all|blocklist.de/mail|ziyadnz/hourly-ipv4,blocklist.de|imap|pop3|brute-force|spam|mail|ziyadnz|hourly,2026-08-17T18:48:05Z,2026-08-17T18:48:05Z,
112.28.117.5,ipv4,imap-attack,high,WHITE,blocklist.de/imap|blocklist.de/all|blocklist.de/mail|ziyadnz/hourly-ipv4,blocklist.de|imap|pop3|brute-force|spam|mail|ziyadnz|hourly,2026-08-17T18:48:05Z,2026-08-17T18:48:05Z,
112.28.153.238,ipv4,imap-attack,high,WHITE,blocklist.de/imap|blocklist.de/all|blocklist.de/mail|ziyadnz/hourly-ipv4,blocklist.de|imap|pop3|brute-force|spam|mail|ziyadnz|hourly,2026-08-17T18:48:05Z,2026-08-17T18:48:05Z,
112.28.153.240,ipv4,imap-attack,high,WHITE,blocklist.de/imap|blocklist.de/all|blocklist.de/mail|ziyadnz/hourly-ipv4,blocklist.de|imap|pop3|brute-force|spam|mail|ziyadnz|hourly,2026-08-17T18:48:05Z,2026-08-17T18:48:05Z,
112.28.153.241,ipv4,imap-attack,high,WHITE,blocklist.de/imap|blocklist.de/all|blocklist.de/mail|ziyadnz/hourly-ipv4,blocklist.de|imap|pop3|brute-force|spam|mail|ziyadnz|hourly,2026-08-17T18:48:05Z,2026-08-17T18:48:05Z,
112.28.73.142,ipv4,imap-attack,high,WHITE,blocklist.de/imap|blocklist.de/all|blocklist.de/mail|ziyadnz/hourly-ipv4,blocklist.de|imap|pop3|brute-force|spam|mail|ziyadnz|hourly,2026-08-17T18:48:05Z,2026-08-17T18:48:05Z,
112.29.68.22,ipv4,imap-attack,high,WHITE,blocklist.de/imap|blocklist.de/all|blocklist.de/mail|ziyadnz/hourly-ipv4,blocklist.de|imap|pop3|brute-force|spam|mail|ziyadnz|hourly,2026-08-17T18:48:05Z,2026-08-17T18:48:05Z,
112.30.68.155,ipv4,imap-attack,high,WHITE,blocklist.de/imap|blocklist.de/all|blocklist.de/mail|ziyadnz/hourly-ipv4,blocklist.de|imap|pop3|brute-force|spam|mail|ziyadnz|hourly,2026-08-17T18:48:05Z,2026-08-17T18:48:05Z,
112.31.109.13,ipv4,imap-attack,high,WHITE,blocklist.de/imap|blocklist.de/all|blocklist.de/mail|ziyadnz/hourly-ipv4,blocklist.de|imap|pop3|brute-force|spam|mail|ziyadnz|hourly,2026-08-17T18:48:05Z,2026-08-17T18:48:05Z,
112.44.243.191,ipv4,imap-attack,high,WHITE,blocklist.de/imap|blocklist.de/all|blocklist.de/mail|ziyadnz/hourly-ipv4,blocklist.de|imap|pop3|brute-force|spam|mail|ziyadnz|hourly,2026-08-17T18:48:05Z,2026-08-17T18:48:05Z,
112.48.16.186,ipv4,imap-attack,high,WHITE,blocklist.de/imap|blocklist.de/all|blocklist.de/mail|ziyadnz/hourly-ipv4,blocklist.de|imap|pop3|brute-force|spam|mail|ziyadnz|hourly,2026-08-17T18:48:05Z,2026-08-17T18:48:05Z,
112.66.180.211,ipv4,imap-attack,high,WHITE,blocklist.de/imap|blocklist.de/all|blocklist.de/mail|ziyadnz/hourly-ipv4,blocklist.de|imap|pop3|brute-force|spam|mail|ziyadnz|hourly,2026-08-17T18:48:05Z,2026-08-17T18:48:05Z,
112.78.177.237,ipv4,imap-attack,high,WHITE,blocklist.de/imap|blocklist.de/all|blocklist.de/mail|ziyadnz/hourly-ipv4,blocklist.de|imap|pop3|brute-force|spam|mail|ziyadnz|hourly,2026-08-17T18:48:05Z,2026-08-17T18:48:05Z,
113.108.144.34,ipv4,imap-attack,high,WHITE,blocklist.de/imap|blocklist.de/all|blocklist.de/mail|ziyadnz/hourly-ipv4,blocklist.de|imap|pop3|brute-force|spam|mail|ziyadnz|hourly,2026-08-17T18:48:05Z,2026-08-17T18:48:05Z,
113.140.95.2,ipv4,imap-attack,high,WHITE,blocklist.de/imap|blocklist.de/all|blocklist.de/mail|ziyadnz/hourly-ipv4,blocklist.de|imap|pop3|brute-force|spam|mail|ziyadnz|hourly,2026-08-17T18:48:05Z,2026-08-17T18:48:05Z,
113.160.140.138,ipv4,imap-attack,high,WHITE,blocklist.de/imap|blocklist.de/all|blocklist.de/mail|ziyadnz/hourly-ipv4,blocklist.de|imap|pop3|brute-force|spam|mail|ziyadnz|hourly,2026-08-17T18:48:05Z,2026-08-17T18:48:05Z,
113.160.37.98,ipv4,imap-attack,high,WHITE,blocklist.de/imap|blocklist.de/all|blocklist.de/mail|ziyadnz/hourly-ipv4,blocklist.de|imap|pop3|brute-force|spam|mail|ziyadnz|hourly,2026-08-17T18:48:05Z,2026-08-17T18:48:05Z,
113.161.151.29,ipv4,imap-attack,high,WHITE,blocklist.de/imap|blocklist.de/all|blocklist.de/mail|ziyadnz/hourly-ipv4,blocklist.de|imap|pop3|brute-force|spam|mail|ziyadnz|hourly,2026-08-17T18:48:05Z,2026-08-17T18:48:05Z,
113.161.42.63,ipv4,imap-attack,high,WHITE,blocklist.de/imap|blocklist.de/all|blocklist.de/mail|ziyadnz/hourly-ipv4,blocklist.de|imap|pop3|brute-force|spam|mail|ziyadnz|hourly,2026-08-17T18:48:05Z,2026-08-17T18:48:05Z,
113.19.183.234,ipv4,imap-attack,high,WHITE,blocklist.de/imap|blocklist.de/all|blocklist.de/mail|ziyadnz/hourly-ipv4,blocklist.de|imap|pop3|brute-force|spam|mail|ziyadnz|hourly,2026-08-17T18:48:05Z,2026-08-17T18:48:05Z,
113.200.216.246,ipv4,imap-attack,high,WHITE,blocklist.de/imap|blocklist.de/all|blocklist.de/mail|ziyadnz/hourly-ipv4,blocklist.de|imap|pop3|brute-force|spam|mail|ziyadnz|hourly,2026-08-17T18:48:05Z,2026-08-17T18:48:05Z,
113.203.193.106,ipv4,imap-attack,high,WHITE,blocklist.de/imap|blocklist.de/all|blocklist.de/mail|ziyadnz/hourly-ipv4,blocklist.de|imap|pop3|brute-force|spam|mail|ziyadnz|hourly,2026-08-17T18:48:05Z,2026-08-17T18:48:05Z,
113.203.197.89,ipv4,imap-attack,high,WHITE,blocklist.de/imap|blocklist.de/all|blocklist.de/mail|ziyadnz/hourly-ipv4,blocklist.de|imap|pop3|brute-force|spam|mail|ziyadnz|hourly,2026-08-17T18:48:05Z,2026-08-17T18:48:05Z,
113.25.249.100,ipv4,imap-attack,high,WHITE,blocklist.de/imap|blocklist.de/all|blocklist.de/mail|ziyadnz/hourly-ipv4,blocklist.de|imap|pop3|brute-force|spam|mail|ziyadnz|hourly,2026-08-17T18:48:05Z,2026-08-17T18:48:05Z,
113.80.104.189,ipv4,imap-attack,high,WHITE,blocklist.de/imap|blocklist.de/all|blocklist.de/mail|ziyadnz/hourly-ipv4,blocklist.de|imap|pop3|brute-force|spam|mail|ziyadnz|hourly,2026-08-17T18:48:05Z,2026-08-17T18:48:05Z,
113.99.189.32,ipv4,imap-attack,high,WHITE,blocklist.de/imap|blocklist.de/all|blocklist.de/mail|ziyadnz/hourly-ipv4,blocklist.de|imap|pop3|brute-force|spam|mail|ziyadnz|hourly,2026-08-17T18:48:05Z,2026-08-17T18:48:05Z,
114.10.119.102,ipv4,imap-attack,high,WHITE,blocklist.de/imap|blocklist.de/all|blocklist.de/mail|ziyadnz/hourly-ipv4,blocklist.de|imap|pop3|brute-force|spam|mail|ziyadnz|hourly,2026-08-17T18:48:05Z,2026-08-17T18:48:05Z,
114.10.45.125,ipv4,imap-attack,high,WHITE,blocklist.de/imap|blocklist.de/all|blocklist.de/mail|ziyadnz/hourly-ipv4,blocklist.de|imap|pop3|brute-force|spam|mail|ziyadnz|hourly,2026-08-17T18:48:05Z,2026-08-17T18:48:05Z,
114.198.20.243,ipv4,imap-attack,high,WHITE,blocklist.de/imap|blocklist.de/all|blocklist.de/mail|ziyadnz/hourly-ipv4,blocklist.de|imap|pop3|brute-force|spam|mail|ziyadnz|hourly,2026-08-17T18:48:05Z,2026-08-17T18:48:05Z,
114.202.80.152,ipv4,imap-attack,high,WHITE,blocklist.de/imap|blocklist.de/all|blocklist.de/mail|ziyadnz/hourly-ipv4,blocklist.de|imap|pop3|brute-force|spam|mail|ziyadnz|hourly,2026-08-17T18:48:05Z,2026-08-17T18:48:05Z,
114.221.136.219,ipv4,imap-attack,high,WHITE,blocklist.de/imap|blocklist.de/all|blocklist.de/mail|ziyadnz/hourly-ipv4,blocklist.de|imap|pop3|brute-force|spam|mail|ziyadnz|hourly,2026-08-17T18:48:05Z,2026-08-17T18:48:05Z,
114.249.232.222,ipv4,imap-attack,high,WHITE,blocklist.de/imap|blocklist.de/all|blocklist.de/mail|ziyadnz/hourly-ipv4,blocklist.de|imap|pop3|brute-force|spam|mail|ziyadnz|hourly,2026-08-17T18:48:05Z,2026-08-17T18:48:05Z,
114.30.104.218,ipv4,imap-attack,high,WHITE,blocklist.de/imap|blocklist.de/all|blocklist.de/mail|ziyadnz/hourly-ipv4,blocklist.de|imap|pop3|brute-force|spam|mail|ziyadnz|hourly,2026-08-17T18:48:05Z,2026-08-17T18:48:05Z,
114.30.223.119,ipv4,imap-attack,high,WHITE,blocklist.de/imap|blocklist.de/all|blocklist.de/mail|ziyadnz/hourly-ipv4,blocklist.de|imap|pop3|brute-force|spam|mail|ziyadnz|hourly,2026-08-17T18:48:05Z,2026-08-17T18:48:05Z,
114.31.180.168,ipv4,imap-attack,high,WHITE,blocklist.de/imap|blocklist.de/all|blocklist.de/mail|ziyadnz/hourly-ipv4,blocklist.de|imap|pop3|brute-force|spam|mail|ziyadnz|hourly,2026-08-17T18:48:05Z,2026-08-17T18:48:05Z,
115.128.114.92,ipv4,imap-attack,high,WHITE,blocklist.de/imap|blocklist.de/all|blocklist.de/mail|ziyadnz/hourly-ipv4,blocklist.de|imap|pop3|brute-force|spam|mail|ziyadnz|hourly,2026-08-17T18:48:05Z,2026-08-17T18:48:05Z,
115.128.73.39,ipv4,imap-attack,high,WHITE,blocklist.de/imap|blocklist.de/all|blocklist.de/mail|ziyadnz/hourly-ipv4,blocklist.de|imap|pop3|brute-force|spam|mail|ziyadnz|hourly,2026-08-17T18:48:05Z,2026-08-17T18:48:05Z,
115.131.35.146,ipv4,imap-attack,high,WHITE,blocklist.de/imap|blocklist.de/all|blocklist.de/mail|ziyadnz/hourly-ipv4,blocklist.de|imap|pop3|brute-force|spam|mail|ziyadnz|hourly,2026-08-17T18:48:05Z,2026-08-17T18:48:05Z,
115.160.72.42,ipv4,imap-attack,high,WHITE,blocklist.de/imap|blocklist.de/all|blocklist.de/mail|ziyadnz/hourly-ipv4,blocklist.de|imap|pop3|brute-force|spam|mail|ziyadnz|hourly,2026-08-17T18:48:05Z,2026-08-17T18:48:05Z,
115.166.10.154,ipv4,imap-attack,high,WHITE,blocklist.de/imap|blocklist.de/all|blocklist.de/mail|ziyadnz/hourly-ipv4,blocklist.de|imap|pop3|brute-force|spam|mail|ziyadnz|hourly,2026-08-17T18:48:05Z,2026-08-17T18:48:05Z,
115.171.79.215,ipv4,imap-attack,high,WHITE,blocklist.de/imap|blocklist.de/all|blocklist.de/mail|ziyadnz/hourly-ipv4,blocklist.de|imap|pop3|brute-force|spam|mail|ziyadnz|hourly,2026-08-17T18:48:05Z,2026-08-17T18:48:05Z,
115.190.220.166,ipv4,imap-attack,high,WHITE,blocklist.de/imap|blocklist.de/all|blocklist.de/mail|ziyadnz/hourly-ipv4,blocklist.de|imap|pop3|brute-force|spam|mail|ziyadnz|hourly,2026-08-17T18:48:05Z,2026-08-17T18:48:05Z,
115.245.122.146,ipv4,imap-attack,high,WHITE,blocklist.de/imap|blocklist.de/all|blocklist.de/mail|ziyadnz/hourly-ipv4,blocklist.de|imap|pop3|brute-force|spam|mail|ziyadnz|hourly,2026-08-17T18:48:05Z,2026-08-17T18:48:05Z,
115.42.70.199,ipv4,imap-attack,high,WHITE,blocklist.de/imap|blocklist.de/all|blocklist.de/mail|ziyadnz/hourly-ipv4,blocklist.de|imap|pop3|brute-force|spam|mail|ziyadnz|hourly,2026-08-17T18:48:05Z,2026-08-17T18:48:05Z,
115.42.70.26,ipv4,imap-attack,high,WHITE,blocklist.de/imap|blocklist.de/all|blocklist.de/mail|ziyadnz/hourly-ipv4,blocklist.de|imap|pop3|brute-force|spam|mail|ziyadnz|hourly,2026-08-17T18:48:05Z,2026-08-17T18:48:05Z,
115.64.211.216,ipv4,imap-attack,high,WHITE,blocklist.de/imap|blocklist.de/all|blocklist.de/mail|ziyadnz/hourly-ipv4,blocklist.de|imap|pop3|brute-force|spam|mail|ziyadnz|hourly,2026-08-17T18:48:05Z,2026-08-17T18:48:05Z,
115.64.68.95,ipv4,imap-attack,high,WHITE,blocklist.de/imap|blocklist.de/all|blocklist.de/mail|ziyadnz/hourly-ipv4,blocklist.de|imap|pop3|brute-force|spam|mail|ziyadnz|hourly,2026-08-17T18:48:05Z,2026-08-17T18:48:05Z,
115.68.133.201,ipv4,imap-attack,high,WHITE,blocklist.de/imap|blocklist.de/all|blocklist.de/mail|ziyadnz/hourly-ipv4,blocklist.de|imap|pop3|brute-force|spam|mail|ziyadnz|hourly,2026-08-17T18:48:05Z,2026-08-17T18:48:05Z,
115.74.200.128,ipv4,imap-attack,high,WHITE,blocklist.de/imap|blocklist.de/all|blocklist.de/mail|ziyadnz/hourly-ipv4,blocklist.de|imap|pop3|brute-force|spam|mail|ziyadnz|hourly,2026-08-17T18:48:05Z,2026-08-17T18:48:05Z,
115.75.112.190,ipv4,imap-attack,high,WHITE,blocklist.de/imap|blocklist.de/all|blocklist.de/mail|ziyadnz/hourly-ipv4,blocklist.de|imap|pop3|brute-force|spam|mail|ziyadnz|hourly,2026-08-17T18:48:05Z,2026-08-17T18:48:05Z,
115.77.224.37,ipv4,imap-attack,high,WHITE,blocklist.de/imap|blocklist.de/all|blocklist.de/mail|ziyadnz/hourly-ipv4,blocklist.de|imap|pop3|brute-force|spam|mail|ziyadnz|hourly,2026-08-17T18:48:05Z,2026-08-17T18:48:05Z,
115.96.184.128,ipv4,imap-attack,high,WHITE,blocklist.de/imap|blocklist.de/all|blocklist.de/mail|ziyadnz/hourly-ipv4,blocklist.de|imap|pop3|brute-force|spam|mail|ziyadnz|hourly,2026-08-17T18:48:05Z,2026-08-17T18:48:05Z,
116.113.241.82,ipv4,imap-attack,high,WHITE,blocklist.de/imap|blocklist.de/all|blocklist.de/mail|ziyadnz/hourly-ipv4,blocklist.de|imap|pop3|brute-force|spam|mail|ziyadnz|hourly,2026-08-17T18:48:05Z,2026-08-17T18:48:05Z,
116.147.109.190,ipv4,imap-attack,high,WHITE,blocklist.de/imap|blocklist.de/all|blocklist.de/mail|ziyadnz/hourly-ipv4,blocklist.de|imap|pop3|brute-force|spam|mail|ziyadnz|hourly,2026-08-17T18:48:05Z,2026-08-17T18:48:05Z,
116.171.27.248,ipv4,imap-attack,high,WHITE,blocklist.de/imap|blocklist.de/all|blocklist.de/mail|ziyadnz/hourly-ipv4,blocklist.de|imap|pop3|brute-force|spam|mail|ziyadnz|hourly,2026-08-17T18:48:05Z,2026-08-17T18:48:05Z,
116.178.155.143,ipv4,imap-attack,high,WHITE,blocklist.de/imap|blocklist.de/all|blocklist.de/mail|ziyadnz/hourly-ipv4,blocklist.de|imap|pop3|brute-force|spam|mail|ziyadnz|hourly,2026-08-17T18:48:05Z,2026-08-17T18:48:05Z,
116.230.222.67,ipv4,imap-attack,high,WHITE,blocklist.de/imap|blocklist.de/all|blocklist.de/mail|ziyadnz/hourly-ipv4,blocklist.de|imap|pop3|brute-force|spam|mail|ziyadnz|hourly,2026-08-17T18:48:05Z,2026-08-17T18:48:05Z,
116.230.66.189,ipv4,imap-attack,high,WHITE,blocklist.de/imap|blocklist.de/all|blocklist.de/mail|ziyadnz/hourly-ipv4,blocklist.de|imap|pop3|brute-force|spam|mail|ziyadnz|hourly,2026-08-17T18:48:05Z,2026-08-17T18:48:05Z,
116.232.75.166,ipv4,imap-attack,high,WHITE,blocklist.de/imap|blocklist.de/all|blocklist.de/mail|ziyadnz/hourly-ipv4,blocklist.de|imap|pop3|brute-force|spam|mail|ziyadnz|hourly,2026-08-17T18:48:05Z,2026-08-17T18:48:05Z,
116.233.8.187,ipv4,imap-attack,high,WHITE,blocklist.de/imap|blocklist.de/all|blocklist.de/mail|ziyadnz/hourly-ipv4,blocklist.de|imap|pop3|brute-force|spam|mail|ziyadnz|hourly,2026-08-17T18:48:05Z,2026-08-17T18:48:05Z,
116.255.146.141,ipv4,imap-attack,high,WHITE,blocklist.de/imap|blocklist.de/all|blocklist.de/mail|ziyadnz/hourly-ipv4,blocklist.de|imap|pop3|brute-force|spam|mail|ziyadnz|hourly,2026-08-17T18:48:05Z,2026-08-17T18:48:05Z,
116.48.151.58,ipv4,imap-attack,high,WHITE,blocklist.de/imap|blocklist.de/all|blocklist.de/mail|ziyadnz/hourly-ipv4,blocklist.de|imap|pop3|brute-force|spam|mail|ziyadnz|hourly,2026-08-17T18:48:05Z,2026-08-17T18:48:05Z,
116.49.36.130,ipv4,imap-attack,high,WHITE,blocklist.de/imap|blocklist.de/all|blocklist.de/mail|ziyadnz/hourly-ipv4,blocklist.de|imap|pop3|brute-force|spam|mail|ziyadnz|hourly,2026-08-17T18:48:05Z,2026-08-17T18:48:05Z,
116.52.9.162,ipv4,imap-attack,high,WHITE,blocklist.de/imap|blocklist.de/all|blocklist.de/mail|ziyadnz/hourly-ipv4,blocklist.de|imap|pop3|brute-force|spam|mail|ziyadnz|hourly,2026-08-17T18:48:05Z,2026-08-17T18:48:05Z,
116.53.130.4,ipv4,imap-attack,high,WHITE,blocklist.de/imap|blocklist.de/all|blocklist.de/mail|ziyadnz/hourly-ipv4,blocklist.de|imap|pop3|brute-force|spam|mail|ziyadnz|hourly,2026-08-17T18:48:05Z,2026-08-17T18:48:05Z,
116.59.15.219,ipv4,imap-attack,high,WHITE,blocklist.de/imap|blocklist.de/all|blocklist.de/mail|ziyadnz/hourly-ipv4,blocklist.de|imap|pop3|brute-force|spam|mail|ziyadnz|hourly,2026-08-17T18:48:05Z,2026-08-17T18:48:05Z,
116.6.86.194,ipv4,imap-attack,high,WHITE,blocklist.de/imap|blocklist.de/all|blocklist.de/mail|ziyadnz/hourly-ipv4,blocklist.de|imap|pop3|brute-force|spam|mail|ziyadnz|hourly,2026-08-17T18:48:05Z,2026-08-17T18:48:05Z,
116.68.115.245,ipv4,imap-attack,high,WHITE,blocklist.de/imap|blocklist.de/all|blocklist.de/mail|ziyadnz/hourly-ipv4,blocklist.de|imap|pop3|brute-force|spam|mail|ziyadnz|hourly,2026-08-17T18:48:05Z,2026-08-17T18:48:05Z,
116.71.133.131,ipv4,imap-attack,high,WHITE,blocklist.de/imap|blocklist.de/all|blocklist.de/mail|ziyadnz/hourly-ipv4,blocklist.de|imap|pop3|brute-force|spam|mail|ziyadnz|hourly,2026-08-17T18:48:05Z,2026-08-17T18:48:05Z,
116.74.77.163,ipv4,imap-attack,high,WHITE,blocklist.de/imap|blocklist.de/all|blocklist.de/mail|ziyadnz/hourly-ipv4,blocklist.de|imap|pop3|brute-force|spam|mail|ziyadnz|hourly,2026-08-17T18:48:05Z,2026-08-17T18:48:05Z,
116.97.185.7,ipv4,imap-attack,high,WHITE,blocklist.de/imap|blocklist.de/all|blocklist.de/mail|ziyadnz/hourly-ipv4,blocklist.de|imap|pop3|brute-force|spam|mail|ziyadnz|hourly,2026-08-17T18:48:05Z,2026-08-17T18:48:05Z,
116.98.3.133,ipv4,imap-attack,high,WHITE,blocklist.de/imap|blocklist.de/all|blocklist.de/mail|ziyadnz/hourly-ipv4,blocklist.de|imap|pop3|brute-force|spam|mail|ziyadnz|hourly,2026-08-17T18:48:05Z,2026-08-17T18:48:05Z,
117.1.94.44,ipv4,imap-attack,high,WHITE,blocklist.de/imap|blocklist.de/all|blocklist.de/mail|ziyadnz/hourly-ipv4,blocklist.de|imap|pop3|brute-force|spam|mail|ziyadnz|hourly,2026-08-17T18:48:05Z,2026-08-17T18:48:05Z,
117.131.213.135,ipv4,imap-attack,high,WHITE,blocklist.de/imap|blocklist.de/all|blocklist.de/mail|ziyadnz/hourly-ipv4,blocklist.de|imap|pop3|brute-force|spam|mail|ziyadnz|hourly,2026-08-17T18:48:05Z,2026-08-17T18:48:05Z,
117.134.199.2,ipv4,imap-attack,high,WHITE,blocklist.de/imap|blocklist.de/all|blocklist.de/mail|ziyadnz/hourly-ipv4,blocklist.de|imap|pop3|brute-force|spam|mail|ziyadnz|hourly,2026-08-17T18:48:05Z,2026-08-17T18:48:05Z,
117.14.51.58,ipv4,imap-attack,high,WHITE,blocklist.de/imap|blocklist.de/all|blocklist.de/mail|ziyadnz/hourly-ipv4,blocklist.de|imap|pop3|brute-force|spam|mail|ziyadnz|hourly,2026-08-17T18:48:05Z,2026-08-17T18:48:05Z,
117.145.75.26,ipv4,imap-attack,high,WHITE,blocklist.de/imap|blocklist.de/all|blocklist.de/mail|ziyadnz/hourly-ipv4,blocklist.de|imap|pop3|brute-force|spam|mail|ziyadnz|hourly,2026-08-17T18:48:05Z,2026-08-17T18:48:05Z,
117.159.93.197,ipv4,imap-attack,high,WHITE,blocklist.de/imap|blocklist.de/all|blocklist.de/mail|ziyadnz/hourly-ipv4,blocklist.de|imap|pop3|brute-force|spam|mail|ziyadnz|hourly,2026-08-17T18:48:05Z,2026-08-17T18:48:05Z,
117.173.101.132,ipv4,imap-attack,high,WHITE,blocklist.de/imap|blocklist.de/all|blocklist.de/mail|ziyadnz/hourly-ipv4,blocklist.de|imap|pop3|brute-force|spam|mail|ziyadnz|hourly,2026-08-17T18:48:05Z,2026-08-17T18:48:05Z,
117.177.235.249,ipv4,imap-attack,high,WHITE,blocklist.de/imap|blocklist.de/all|blocklist.de/mail|ziyadnz/hourly-ipv4,blocklist.de|imap|pop3|brute-force|spam|mail|ziyadnz|hourly,2026-08-17T18:48:05Z,2026-08-17T18:48:05Z,
117.194.114.87,ipv4,imap-attack,high,WHITE,blocklist.de/imap|blocklist.de/all|blocklist.de/mail|ziyadnz/hourly-ipv4,blocklist.de|imap|pop3|brute-force|spam|mail|ziyadnz|hourly,2026-08-17T18:48:05Z,2026-08-17T18:48:05Z,
117.2.163.143,ipv4,imap-attack,high,WHITE,blocklist.de/imap|blocklist.de/all|blocklist.de/mail|ziyadnz/hourly-ipv4,blocklist.de|imap|pop3|brute-force|spam|mail|ziyadnz|hourly,2026-08-17T18:48:05Z,2026-08-17T18:48:05Z,
117.205.104.35,ipv4,imap-attack,high,WHITE,blocklist.de/imap|blocklist.de/all|blocklist.de/mail|ziyadnz/hourly-ipv4,blocklist.de|imap|pop3|brute-force|spam|mail|ziyadnz|hourly,2026-08-17T18:48:05Z,2026-08-17T18:48:05Z,
117.205.106.106,ipv4,imap-attack,high,WHITE,blocklist.de/imap|blocklist.de/all|blocklist.de/mail|ziyadnz/hourly-ipv4,blocklist.de|imap|pop3|brute-force|spam|mail|ziyadnz|hourly,2026-08-17T18:48:05Z,2026-08-17T18:48:05Z,
117.205.2.250,ipv4,imap-attack,high,WHITE,blocklist.de/imap|blocklist.de/all|blocklist.de/mail|ziyadnz/hourly-ipv4,blocklist.de|imap|pop3|brute-force|spam|mail|ziyadnz|hourly,2026-08-17T18:48:05Z,2026-08-17T18:48:05Z,
117.213.181.6,ipv4,imap-attack,high,WHITE,blocklist.de/imap|blocklist.de/all|blocklist.de/mail|ziyadnz/hourly-ipv4,blocklist.de|imap|pop3|brute-force|spam|mail|ziyadnz|hourly,2026-08-17T18:48:05Z,2026-08-17T18:48:05Z,
117.215.35.84,ipv4,imap-attack,high,WHITE,blocklist.de/imap|blocklist.de/all|blocklist.de/mail|ziyadnz/hourly-ipv4,blocklist.de|imap|pop3|brute-force|spam|mail|ziyadnz|hourly,2026-08-17T18:48:05Z,2026-08-17T18:48:05Z,
117.216.210.246,ipv4,imap-attack,high,WHITE,blocklist.de/imap|blocklist.de/all|blocklist.de/mail|ziyadnz/hourly-ipv4,blocklist.de|imap|pop3|brute-force|spam|mail|ziyadnz|hourly,2026-08-17T18:48:05Z,2026-08-17T18:48:05Z,
117.223.152.94,ipv4,imap-attack,high,WHITE,blocklist.de/imap|blocklist.de/all|blocklist.de/mail|ziyadnz/hourly-ipv4,blocklist.de|imap|pop3|brute-force|spam|mail|ziyadnz|hourly,2026-08-17T18:48:05Z,2026-08-17T18:48:05Z,
117.239.45.10,ipv4,imap-attack,high,WHITE,blocklist.de/imap|blocklist.de/all|blocklist.de/mail|ziyadnz/hourly-ipv4,blocklist.de|imap|pop3|brute-force|spam|mail|ziyadnz|hourly,2026-08-17T18:48:05Z,2026-08-17T18:48:05Z,
117.241.173.88,ipv4,imap-attack,high,WHITE,blocklist.de/imap|blocklist.de/all|blocklist.de/mail|ziyadnz/hourly-ipv4,blocklist.de|imap|pop3|brute-force|spam|mail|ziyadnz|hourly,2026-08-17T18:48:05Z,2026-08-17T18:48:05Z,
117.242.159.25,ipv4,imap-attack,high,WHITE,blocklist.de/imap|blocklist.de/all|blocklist.de/mail|ziyadnz/hourly-ipv4,blocklist.de|imap|pop3|brute-force|spam|mail|ziyadnz|hourly,2026-08-17T18:48:05Z,2026-08-17T18:48:05Z,
117.245.138.2,ipv4,imap-attack,high,WHITE,blocklist.de/imap|blocklist.de/all|blocklist.de/mail|ziyadnz/hourly-ipv4,blocklist.de|imap|pop3|brute-force|spam|mail|ziyadnz|hourly,2026-08-17T18:48:05Z,2026-08-17T18:48:05Z,
117.245.235.124,ipv4,imap-attack,high,WHITE,blocklist.de/imap|blocklist.de/all|blocklist.de/mail|ziyadnz/hourly-ipv4,blocklist.de|imap|pop3|brute-force|spam|mail|ziyadnz|hourly,2026-08-17T18:48:05Z,2026-08-17T18:48:05Z,
117.247.51.66,ipv4,imap-attack,high,WHITE,blocklist.de/imap|blocklist.de/all|blocklist.de/mail|ziyadnz/hourly-ipv4,blocklist.de|imap|pop3|brute-force|spam|mail|ziyadnz|hourly,2026-08-17T18:48:05Z,2026-08-17T18:48:05Z,
117.252.93.114,ipv4,imap-attack,high,WHITE,blocklist.de/imap|blocklist.de/all|blocklist.de/mail|ziyadnz/hourly-ipv4,blocklist.de|imap|pop3|brute-force|spam|mail|ziyadnz|hourly,2026-08-17T18:48:05Z,2026-08-17T18:48:05Z,
117.254.104.107,ipv4,imap-attack,high,WHITE,blocklist.de/imap|blocklist.de/all|blocklist.de/mail|ziyadnz/hourly-ipv4,blocklist.de|imap|pop3|brute-force|spam|mail|ziyadnz|hourly,2026-08-17T18:48:05Z,2026-08-17T18:48:05Z,
117.254.119.147,ipv4,imap-attack,high,WHITE,blocklist.de/imap|blocklist.de/all|blocklist.de/mail|ziyadnz/hourly-ipv4,blocklist.de|imap|pop3|brute-force|spam|mail|ziyadnz|hourly,2026-08-17T18:48:05Z,2026-08-17T18:48:05Z,
117.4.81.106,ipv4,imap-attack,high,WHITE,blocklist.de/imap|blocklist.de/all|blocklist.de/mail|ziyadnz/hourly-ipv4,blocklist.de|imap|pop3|brute-force|spam|mail|ziyadnz|hourly,2026-08-17T18:48:05Z,2026-08-17T18:48:05Z,
117.99.254.151,ipv4,imap-attack,high,WHITE,blocklist.de/imap|blocklist.de/all|blocklist.de/mail|ziyadnz/hourly-ipv4,blocklist.de|imap|pop3|brute-force|spam|mail|ziyadnz|hourly,2026-08-17T18:48:05Z,2026-08-17T18:48:05Z,
118.101.229.206,ipv4,imap-attack,high,WHITE,blocklist.de/imap|blocklist.de/all|blocklist.de/mail|ziyadnz/hourly-ipv4,blocklist.de|imap|pop3|brute-force|spam|mail|ziyadnz|hourly,2026-08-17T18:48:05Z,2026-08-17T18:48:05Z,
118.113.15.18,ipv4,imap-attack,high,WHITE,blocklist.de/imap|blocklist.de/all|blocklist.de/mail|ziyadnz/hourly-ipv4,blocklist.de|imap|pop3|brute-force|spam|mail|ziyadnz|hourly,2026-08-17T18:48:05Z,2026-08-17T18:48:05Z,
118.179.44.111,ipv4,imap-attack,high,WHITE,blocklist.de/imap|blocklist.de/all|blocklist.de/mail|ziyadnz/hourly-ipv4,blocklist.de|imap|pop3|brute-force|spam|mail|ziyadnz|hourly,2026-08-17T18:48:05Z,2026-08-17T18:48:05Z,
118.210.96.88,ipv4,imap-attack,high,WHITE,blocklist.de/imap|blocklist.de/all|blocklist.de/mail|ziyadnz/hourly-ipv4,blocklist.de|imap|pop3|brute-force|spam|mail|ziyadnz|hourly,2026-08-17T18:48:05Z,2026-08-17T18:48:05Z,
118.220.149.121,ipv4,imap-attack,high,WHITE,blocklist.de/imap|blocklist.de/all|blocklist.de/mail|ziyadnz/hourly-ipv4,blocklist.de|imap|pop3|brute-force|spam|mail|ziyadnz|hourly,2026-08-17T18:48:05Z,2026-08-17T18:48:05Z,
118.33.119.34,ipv4,imap-attack,high,WHITE,blocklist.de/imap|blocklist.de/all|blocklist.de/mail|ziyadnz/hourly-ipv4,blocklist.de|imap|pop3|brute-force|spam|mail|ziyadnz|hourly,2026-08-17T18:48:05Z,2026-08-17T18:48:05Z,
118.34.167.63,ipv4,imap-attack,high,WHITE,blocklist.de/imap|blocklist.de/all|blocklist.de/mail|ziyadnz/hourly-ipv4,blocklist.de|imap|pop3|brute-force|spam|mail|ziyadnz|hourly,2026-08-17T18:48:05Z,2026-08-17T18:48:05Z,
118.37.170.88,ipv4,imap-attack,high,WHITE,blocklist.de/imap|blocklist.de/all|blocklist.de/mail|ziyadnz/hourly-ipv4,blocklist.de|imap|pop3|brute-force|spam|mail|ziyadnz|hourly,2026-08-17T18:48:05Z,2026-08-17T18:48:05Z,
118.37.255.140,ipv4,imap-attack,high,WHITE,blocklist.de/imap|blocklist.de/all|blocklist.de/mail|ziyadnz/hourly-ipv4,blocklist.de|imap|pop3|brute-force|spam|mail|ziyadnz|hourly,2026-08-17T18:48:05Z,2026-08-17T18:48:05Z,
118.42.142.125,ipv4,imap-attack,high,WHITE,blocklist.de/imap|blocklist.de/all|blocklist.de/mail|ziyadnz/hourly-ipv4,blocklist.de|imap|pop3|brute-force|spam|mail|ziyadnz|hourly,2026-08-17T18:48:05Z,2026-08-17T18:48:05Z,
118.43.193.199,ipv4,imap-attack,high,WHITE,blocklist.de/imap|blocklist.de/all|blocklist.de/mail|ziyadnz/hourly-ipv4,blocklist.de|imap|pop3|brute-force|spam|mail|ziyadnz|hourly,2026-08-17T18:48:05Z,2026-08-17T18:48:05Z,
118.43.193.32,ipv4,imap-attack,high,WHITE,blocklist.de/imap|blocklist.de/all|blocklist.de/mail|ziyadnz/hourly-ipv4,blocklist.de|imap|pop3|brute-force|spam|mail|ziyadnz|hourly,2026-08-17T18:48:05Z,2026-08-17T18:48:05Z,
118.43.213.220,ipv4,imap-attack,high,WHITE,blocklist.de/imap|blocklist.de/all|blocklist.de/mail|ziyadnz/hourly-ipv4,blocklist.de|imap|pop3|brute-force|spam|mail|ziyadnz|hourly,2026-08-17T18:48:05Z,2026-08-17T18:48:05Z,
118.43.236.237,ipv4,imap-attack,high,WHITE,blocklist.de/imap|blocklist.de/all|blocklist.de/mail|ziyadnz/hourly-ipv4,blocklist.de|imap|pop3|brute-force|spam|mail|ziyadnz|hourly,2026-08-17T18:48:05Z,2026-08-17T18:48:05Z,
118.45.16.104,ipv4,imap-attack,high,WHITE,blocklist.de/imap|blocklist.de/all|blocklist.de/mail|ziyadnz/hourly-ipv4,blocklist.de|imap|pop3|brute-force|spam|mail|ziyadnz|hourly,2026-08-17T18:48:05Z,2026-08-17T18:48:05Z,
118.47.236.227,ipv4,imap-attack,high,WHITE,blocklist.de/imap|blocklist.de/all|blocklist.de/mail|ziyadnz/hourly-ipv4,blocklist.de|imap|pop3|brute-force|spam|mail|ziyadnz|hourly,2026-08-17T18:48:05Z,2026-08-17T18:48:05Z,
118.48.136.184,ipv4,imap-attack,high,WHITE,blocklist.de/imap|blocklist.de/all|blocklist.de/mail|ziyadnz/hourly-ipv4,blocklist.de|imap|pop3|brute-force|spam|mail|ziyadnz|hourly,2026-08-17T18:48:05Z,2026-08-17T18:48:05Z,
118.69.134.243,ipv4,imap-attack,high,WHITE,blocklist.de/imap|blocklist.de/all|blocklist.de/mail|ziyadnz/hourly-ipv4,blocklist.de|imap|pop3|brute-force|spam|mail|ziyadnz|hourly,2026-08-17T18:48:05Z,2026-08-17T18:48:05Z,
118.69.186.1,ipv4,imap-attack,high,WHITE,blocklist.de/imap|blocklist.de/all|blocklist.de/mail|ziyadnz/hourly-ipv4,blocklist.de|imap|pop3|brute-force|spam|mail|ziyadnz|hourly,2026-08-17T18:48:05Z,2026-08-17T18:48:05Z,
118.69.93.16,ipv4,imap-attack,high,WHITE,blocklist.de/imap|blocklist.de/all|blocklist.de/mail|ziyadnz/hourly-ipv4,blocklist.de|imap|pop3|brute-force|spam|mail|ziyadnz|hourly,2026-08-17T18:48:05Z,2026-08-17T18:48:05Z,
119.146.91.181,ipv4,imap-attack,high,WHITE,blocklist.de/imap|blocklist.de/all|blocklist.de/mail|ziyadnz/hourly-ipv4,blocklist.de|imap|pop3|brute-force|spam|mail|ziyadnz|hourly,2026-08-17T18:48:05Z,2026-08-17T18:48:05Z,
119.152.35.151,ipv4,imap-attack,high,WHITE,blocklist.de/imap|blocklist.de/all|blocklist.de/mail|ziyadnz/hourly-ipv4,blocklist.de|imap|pop3|brute-force|spam|mail|ziyadnz|hourly,2026-08-17T18:48:05Z,2026-08-17T18:48:05Z,
119.154.224.80,ipv4,imap-attack,high,WHITE,blocklist.de/imap|blocklist.de/all|blocklist.de/mail|ziyadnz/hourly-ipv4,blocklist.de|imap|pop3|brute-force|spam|mail|ziyadnz|hourly,2026-08-17T18:48:05Z,2026-08-17T18:48:05Z,
119.159.162.65,ipv4,imap-attack,high,WHITE,blocklist.de/imap|blocklist.de/all|blocklist.de/mail|ziyadnz/hourly-ipv4,blocklist.de|imap|pop3|brute-force|spam|mail|ziyadnz|hourly,2026-08-17T18:48:05Z,2026-08-17T18:48:05Z,
119.192.210.110,ipv4,imap-attack,high,WHITE,blocklist.de/imap|blocklist.de/all|blocklist.de/mail|ziyadnz/hourly-ipv4,blocklist.de|imap|pop3|brute-force|spam|mail|ziyadnz|hourly,2026-08-17T18:48:05Z,2026-08-17T18:48:05Z,
119.192.219.77,ipv4,imap-attack,high,WHITE,blocklist.de/imap|blocklist.de/all|blocklist.de/mail|ziyadnz/hourly-ipv4,blocklist.de|imap|pop3|brute-force|spam|mail|ziyadnz|hourly,2026-08-17T18:48:05Z,2026-08-17T18:48:05Z,
119.194.33.34,ipv4,imap-attack,high,WHITE,blocklist.de/imap|blocklist.de/all|blocklist.de/mail|ziyadnz/hourly-ipv4,blocklist.de|imap|pop3|brute-force|spam|mail|ziyadnz|hourly,2026-08-17T18:48:05Z,2026-08-17T18:48:05Z,
119.195.234.3,ipv4,imap-attack,high,WHITE,blocklist.de/imap|blocklist.de/all|blocklist.de/mail|ziyadnz/hourly-ipv4,blocklist.de|imap|pop3|brute-force|spam|mail|ziyadnz|hourly,2026-08-17T18:48:05Z,2026-08-17T18:48:05Z,
119.196.213.196,ipv4,imap-attack,high,WHITE,blocklist.de/imap|blocklist.de/all|blocklist.de/mail|ziyadnz/hourly-ipv4,blocklist.de|imap|pop3|brute-force|spam|mail|ziyadnz|hourly,2026-08-17T18:48:05Z,2026-08-17T18:48:05Z,
119.198.191.180,ipv4,imap-attack,high,WHITE,blocklist.de/imap|blocklist.de/all|blocklist.de/mail|ziyadnz/hourly-ipv4,blocklist.de|imap|pop3|brute-force|spam|mail|ziyadnz|hourly,2026-08-17T18:48:05Z,2026-08-17T18:48:05Z,
119.199.139.15,ipv4,imap-attack,high,WHITE,blocklist.de/imap|blocklist.de/all|blocklist.de/mail|ziyadnz/hourly-ipv4,blocklist.de|imap|pop3|brute-force|spam|mail|ziyadnz|hourly,2026-08-17T18:48:05Z,2026-08-17T18:48:05Z,
119.2.125.246,ipv4,imap-attack,high,WHITE,blocklist.de/imap|blocklist.de/all|blocklist.de/mail|ziyadnz/hourly-ipv4,blocklist.de|imap|pop3|brute-force|spam|mail|ziyadnz|hourly,2026-08-17T18:48:05Z,2026-08-17T18:48:05Z,
119.201.160.103,ipv4,imap-attack,high,WHITE,blocklist.de/imap|blocklist.de/all|blocklist.de/mail|ziyadnz/hourly-ipv4,blocklist.de|imap|pop3|brute-force|spam|mail|ziyadnz|hourly,2026-08-17T18:48:05Z,2026-08-17T18:48:05Z,
119.204.60.250,ipv4,imap-attack,high,WHITE,blocklist.de/imap|blocklist.de/all|blocklist.de/mail|ziyadnz/hourly-ipv4,blocklist.de|imap|pop3|brute-force|spam|mail|ziyadnz|hourly,2026-08-17T18:48:05Z,2026-08-17T18:48:05Z,
119.205.156.243,ipv4,imap-attack,high,WHITE,blocklist.de/imap|blocklist.de/all|blocklist.de/mail|ziyadnz/hourly-ipv4,blocklist.de|imap|pop3|brute-force|spam|mail|ziyadnz|hourly,2026-08-17T18:48:05Z,2026-08-17T18:48:05Z,
119.205.51.3,ipv4,imap-attack,high,WHITE,blocklist.de/imap|blocklist.de/all|blocklist.de/mail|ziyadnz/hourly-ipv4,blocklist.de|imap|pop3|brute-force|spam|mail|ziyadnz|hourly,2026-08-17T18:48:05Z,2026-08-17T18:48:05Z,
119.207.15.203,ipv4,imap-attack,high,WHITE,blocklist.de/imap|blocklist.de/all|blocklist.de/mail|ziyadnz/hourly-ipv4,blocklist.de|imap|pop3|brute-force|spam|mail|ziyadnz|hourly,2026-08-17T18:48:05Z,2026-08-17T18:48:05Z,
119.207.21.240,ipv4,imap-attack,high,WHITE,blocklist.de/imap|blocklist.de/all|blocklist.de/mail|ziyadnz/hourly-ipv4,blocklist.de|imap|pop3|brute-force|spam|mail|ziyadnz|hourly,2026-08-17T18:48:05Z,2026-08-17T18:48:05Z,
119.207.31.101,ipv4,imap-attack,high,WHITE,blocklist.de/imap|blocklist.de/all|blocklist.de/mail|ziyadnz/hourly-ipv4,blocklist.de|imap|pop3|brute-force|spam|mail|ziyadnz|hourly,2026-08-17T18:48:05Z,2026-08-17T18:48:05Z,
119.207.37.22,ipv4,imap-attack,high,WHITE,blocklist.de/imap|blocklist.de/all|blocklist.de/mail|ziyadnz/hourly-ipv4,blocklist.de|imap|pop3|brute-force|spam|mail|ziyadnz|hourly,2026-08-17T18:48:05Z,2026-08-17T18:48:05Z,
119.207.83.90,ipv4,imap-attack,high,WHITE,blocklist.de/imap|blocklist.de/all|blocklist.de/mail|ziyadnz/hourly-ipv4,blocklist.de|imap|pop3|brute-force|spam|mail|ziyadnz|hourly,2026-08-17T18:48:05Z,2026-08-17T18:48:05Z,
119.207.94.12,ipv4,imap-attack,high,WHITE,blocklist.de/imap|blocklist.de/all|blocklist.de/mail|ziyadnz/hourly-ipv4,blocklist.de|imap|pop3|brute-force|spam|mail|ziyadnz|hourly,2026-08-17T18:48:05Z,2026-08-17T18:48:05Z,
119.237.15.136,ipv4,imap-attack,high,WHITE,blocklist.de/imap|blocklist.de/all|blocklist.de/mail|ziyadnz/hourly-ipv4,blocklist.de|imap|pop3|brute-force|spam|mail|ziyadnz|hourly,2026-08-17T18:48:05Z,2026-08-17T18:48:05Z,
119.39.200.98,ipv4,imap-attack,high,WHITE,blocklist.de/imap|blocklist.de/all|blocklist.de/mail|ziyadnz/hourly-ipv4,blocklist.de|imap|pop3|brute-force|spam|mail|ziyadnz|hourly,2026-08-17T18:48:05Z,2026-08-17T18:48:05Z,
119.46.148.53,ipv4,imap-attack,high,WHITE,blocklist.de/imap|blocklist.de/all|blocklist.de/mail|ziyadnz/hourly-ipv4,blocklist.de|imap|pop3|brute-force|spam|mail|ziyadnz|hourly,2026-08-17T18:48:05Z,2026-08-17T18:48:05Z,
119.51.237.253,ipv4,imap-attack,high,WHITE,blocklist.de/imap|blocklist.de/all|blocklist.de/mail|ziyadnz/hourly-ipv4,blocklist.de|imap|pop3|brute-force|spam|mail|ziyadnz|hourly,2026-08-17T18:48:05Z,2026-08-17T18:48:05Z,
119.73.97.151,ipv4,imap-attack,high,WHITE,blocklist.de/imap|blocklist.de/all|blocklist.de/mail|ziyadnz/hourly-ipv4,blocklist.de|imap|pop3|brute-force|spam|mail|ziyadnz|hourly,2026-08-17T18:48:05Z,2026-08-17T18:48:05Z,
119.92.69.215,ipv4,imap-attack,high,WHITE,blocklist.de/imap|blocklist.de/all|blocklist.de/mail|ziyadnz/hourly-ipv4,blocklist.de|imap|pop3|brute-force|spam|mail|ziyadnz|hourly,2026-08-17T18:48:05Z,2026-08-17T18:48:05Z,
120.157.146.55,ipv4,imap-attack,high,WHITE,blocklist.de/imap|blocklist.de/all|blocklist.de/mail|ziyadnz/hourly-ipv4,blocklist.de|imap|pop3|brute-force|spam|mail|ziyadnz|hourly,2026-08-17T18:48:05Z,2026-08-17T18:48:05Z,
120.157.196.174,ipv4,imap-attack,high,WHITE,blocklist.de/imap|blocklist.de/all|blocklist.de/mail|ziyadnz/hourly-ipv4,blocklist.de|imap|pop3|brute-force|spam|mail|ziyadnz|hourly,2026-08-17T18:48:05Z,2026-08-17T18:48:05Z,
120.157.246.187,ipv4,imap-attack,high,WHITE,blocklist.de/imap|blocklist.de/all|blocklist.de/mail|ziyadnz/hourly-ipv4,blocklist.de|imap|pop3|brute-force|spam|mail|ziyadnz|hourly,2026-08-17T18:48:05Z,2026-08-17T18:48:05Z,
120.157.64.172,ipv4,imap-attack,high,WHITE,blocklist.de/imap|blocklist.de/all|blocklist.de/mail|ziyadnz/hourly-ipv4,blocklist.de|imap|pop3|brute-force|spam|mail|ziyadnz|hourly,2026-08-17T18:48:05Z,2026-08-17T18:48:05Z,
120.194.50.39,ipv4,imap-attack,high,WHITE,blocklist.de/imap|blocklist.de/all|blocklist.de/mail|ziyadnz/hourly-ipv4,blocklist.de|imap|pop3|brute-force|spam|mail|ziyadnz|hourly,2026-08-17T18:48:05Z,2026-08-17T18:48:05Z,
120.195.31.217,ipv4,imap-attack,high,WHITE,blocklist.de/imap|blocklist.de/all|blocklist.de/mail|ziyadnz/hourly-ipv4,blocklist.de|imap|pop3|brute-force|spam|mail|ziyadnz|hourly,2026-08-17T18:48:05Z,2026-08-17T18:48:05Z,
120.198.61.146,ipv4,imap-attack,high,WHITE,blocklist.de/imap|blocklist.de/all|blocklist.de/mail|ziyadnz/hourly-ipv4,blocklist.de|imap|pop3|brute-force|spam|mail|ziyadnz|hourly,2026-08-17T18:48:05Z,2026-08-17T18:48:05Z,
120.209.67.122,ipv4,imap-attack,high,WHITE,blocklist.de/imap|blocklist.de/all|blocklist.de/mail|ziyadnz/hourly-ipv4,blocklist.de|imap|pop3|brute-force|spam|mail|ziyadnz|hourly,2026-08-17T18:48:05Z,2026-08-17T18:48:05Z,
120.220.250.167,ipv4,imap-attack,high,WHITE,blocklist.de/imap|blocklist.de/all|blocklist.de/mail|ziyadnz/hourly-ipv4,blocklist.de|imap|pop3|brute-force|spam|mail|ziyadnz|hourly,2026-08-17T18:48:05Z,2026-08-17T18:48:05Z,
120.224.74.191,ipv4,imap-attack,high,WHITE,blocklist.de/imap|blocklist.de/all|blocklist.de/mail|ziyadnz/hourly-ipv4,blocklist.de|imap|pop3|brute-force|spam|mail|ziyadnz|hourly,2026-08-17T18:48:05Z,2026-08-17T18:48:05Z,
120.236.109.214,ipv4,imap-attack,high,WHITE,blocklist.de/imap|blocklist.de/all|blocklist.de/mail|ziyadnz/hourly-ipv4,blocklist.de|imap|pop3|brute-force|spam|mail|ziyadnz|hourly,2026-08-17T18:48:05Z,2026-08-17T18:48:05Z,
120.237.131.219,ipv4,imap-attack,high,WHITE,blocklist.de/imap|blocklist.de/all|blocklist.de/mail|ziyadnz/hourly-ipv4,blocklist.de|imap|pop3|brute-force|spam|mail|ziyadnz|hourly,2026-08-17T18:48:05Z,2026-08-17T18:48:05Z,
120.29.140.188,ipv4,imap-attack,high,WHITE,blocklist.de/imap|blocklist.de/all|blocklist.de/mail|ziyadnz/hourly-ipv4,blocklist.de|imap|pop3|brute-force|spam|mail|ziyadnz|hourly,2026-08-17T18:48:05Z,2026-08-17T18:48:05Z,
120.34.139.17,ipv4,imap-attack,high,WHITE,blocklist.de/imap|blocklist.de/all|blocklist.de/mail|ziyadnz/hourly-ipv4,blocklist.de|imap|pop3|brute-force|spam|mail|ziyadnz|hourly,2026-08-17T18:48:05Z,2026-08-17T18:48:05Z,
120.42.32.2,ipv4,imap-attack,high,WHITE,blocklist.de/imap|blocklist.de/all|blocklist.de/mail|ziyadnz/hourly-ipv4,blocklist.de|imap|pop3|brute-force|spam|mail|ziyadnz|hourly,2026-08-17T18:48:05Z,2026-08-17T18:48:05Z,
121.1.120.2,ipv4,imap-attack,high,WHITE,blocklist.de/imap|blocklist.de/all|blocklist.de/mail|ziyadnz/hourly-ipv4,blocklist.de|imap|pop3|brute-force|spam|mail|ziyadnz|hourly,2026-08-17T18:48:05Z,2026-08-17T18:48:05Z,
121.1.80.17,ipv4,imap-attack,high,WHITE,blocklist.de/imap|blocklist.de/all|blocklist.de/mail|ziyadnz/hourly-ipv4,blocklist.de|imap|pop3|brute-force|spam|mail|ziyadnz|hourly,2026-08-17T18:48:05Z,2026-08-17T18:48:05Z,
121.1.81.95,ipv4,imap-attack,high,WHITE,blocklist.de/imap|blocklist.de/all|blocklist.de/mail|ziyadnz/hourly-ipv4,blocklist.de|imap|pop3|brute-force|spam|mail|ziyadnz|hourly,2026-08-17T18:48:05Z,2026-08-17T18:48:05Z,
121.1.98.26,ipv4,imap-attack,high,WHITE,blocklist.de/imap|blocklist.de/all|blocklist.de/mail|ziyadnz/hourly-ipv4,blocklist.de|imap|pop3|brute-force|spam|mail|ziyadnz|hourly,2026-08-17T18:48:05Z,2026-08-17T18:48:05Z,
121.128.112.169,ipv4,imap-attack,high,WHITE,blocklist.de/imap|blocklist.de/all|blocklist.de/mail|ziyadnz/hourly-ipv4,blocklist.de|imap|pop3|brute-force|spam|mail|ziyadnz|hourly,2026-08-17T18:48:05Z,2026-08-17T18:48:05Z,
121.129.75.178,ipv4,imap-attack,high,WHITE,blocklist.de/imap|blocklist.de/all|blocklist.de/mail|ziyadnz/hourly-ipv4,blocklist.de|imap|pop3|brute-force|spam|mail|ziyadnz|hourly,2026-08-17T18:48:05Z,2026-08-17T18:48:05Z,
121.131.220.139,ipv4,imap-attack,high,WHITE,blocklist.de/imap|blocklist.de/all|blocklist.de/mail|ziyadnz/hourly-ipv4,blocklist.de|imap|pop3|brute-force|spam|mail|ziyadnz|hourly,2026-08-17T18:48:05Z,2026-08-17T18:48:05Z,
121.131.220.150,ipv4,imap-attack,high,WHITE,blocklist.de/imap|blocklist.de/all|blocklist.de/mail|ziyadnz/hourly-ipv4,blocklist.de|imap|pop3|brute-force|spam|mail|ziyadnz|hourly,2026-08-17T18:48:05Z,2026-08-17T18:48:05Z,
121.131.220.152,ipv4,imap-attack,high,WHITE,blocklist.de/imap|blocklist.de/all|blocklist.de/mail|ziyadnz/hourly-ipv4,blocklist.de|imap|pop3|brute-force|spam|mail|ziyadnz|hourly,2026-08-17T18:48:05Z,2026-08-17T18:48:05Z,
121.131.220.154,ipv4,imap-attack,high,WHITE,blocklist.de/imap|blocklist.de/all|blocklist.de/mail|ziyadnz/hourly-ipv4,blocklist.de|imap|pop3|brute-force|spam|mail|ziyadnz|hourly,2026-08-17T18:48:05Z,2026-08-17T18:48:05Z,
121.131.220.155,ipv4,imap-attack,high,WHITE,blocklist.de/imap|blocklist.de/all|blocklist.de/mail|ziyadnz/hourly-ipv4,blocklist.de|imap|pop3|brute-force|spam|mail|ziyadnz|hourly,2026-08-17T18:48:05Z,2026-08-17T18:48:05Z,
121.131.220.156,ipv4,imap-attack,high,WHITE,blocklist.de/imap|blocklist.de/all|blocklist.de/mail|ziyadnz/hourly-ipv4,blocklist.de|imap|pop3|brute-force|spam|mail|ziyadnz|hourly,2026-08-17T18:48:05Z,2026-08-17T18:48:05Z,
121.131.220.157,ipv4,imap-attack,high,WHITE,blocklist.de/imap|blocklist.de/all|blocklist.de/mail|ziyadnz/hourly-ipv4,blocklist.de|imap|pop3|brute-force|spam|mail|ziyadnz|hourly,2026-08-17T18:48:05Z,2026-08-17T18:48:05Z,
121.135.47.141,ipv4,imap-attack,high,WHITE,blocklist.de/imap|blocklist.de/all|blocklist.de/mail|ziyadnz/hourly-ipv4,blocklist.de|imap|pop3|brute-force|spam|mail|ziyadnz|hourly,2026-08-17T18:48:05Z,2026-08-17T18:48:05Z,
121.136.208.156,ipv4,imap-attack,high,WHITE,blocklist.de/imap|blocklist.de/all|blocklist.de/mail|ziyadnz/hourly-ipv4,blocklist.de|imap|pop3|brute-force|spam|mail|ziyadnz|hourly,2026-08-17T18:48:05Z,2026-08-17T18:48:05Z,
121.140.163.62,ipv4,imap-attack,high,WHITE,blocklist.de/imap|blocklist.de/all|blocklist.de/mail|ziyadnz/hourly-ipv4,blocklist.de|imap|pop3|brute-force|spam|mail|ziyadnz|hourly,2026-08-17T18:48:05Z,2026-08-17T18:48:05Z,
121.142.200.226,ipv4,imap-attack,high,WHITE,blocklist.de/imap|blocklist.de/all|blocklist.de/mail|ziyadnz/hourly-ipv4,blocklist.de|imap|pop3|brute-force|spam|mail|ziyadnz|hourly,2026-08-17T18:48:05Z,2026-08-17T18:48:05Z,
121.148.184.47,ipv4,imap-attack,high,WHITE,blocklist.de/imap|blocklist.de/all|blocklist.de/mail|ziyadnz/hourly-ipv4,blocklist.de|imap|pop3|brute-force|spam|mail|ziyadnz|hourly,2026-08-17T18:48:05Z,2026-08-17T18:48:05Z,
121.151.174.61,ipv4,imap-attack,high,WHITE,blocklist.de/imap|blocklist.de/all|blocklist.de/mail|ziyadnz/hourly-ipv4,blocklist.de|imap|pop3|brute-force|spam|mail|ziyadnz|hourly,2026-08-17T18:48:05Z,2026-08-17T18:48:05Z,
121.151.188.210,ipv4,imap-attack,high,WHITE,blocklist.de/imap|blocklist.de/all|blocklist.de/mail|ziyadnz/hourly-ipv4,blocklist.de|imap|pop3|brute-force|spam|mail|ziyadnz|hourly,2026-08-17T18:48:05Z,2026-08-17T18:48:05Z,
121.160.166.161,ipv4,imap-attack,high,WHITE,blocklist.de/imap|blocklist.de/all|blocklist.de/mail|ziyadnz/hourly-ipv4,blocklist.de|imap|pop3|brute-force|spam|mail|ziyadnz|hourly,2026-08-17T18:48:05Z,2026-08-17T18:48:05Z,
121.162.61.229,ipv4,imap-attack,high,WHITE,blocklist.de/imap|blocklist.de/all|blocklist.de/mail|ziyadnz/hourly-ipv4,blocklist.de|imap|pop3|brute-force|spam|mail|ziyadnz|hourly,2026-08-17T18:48:05Z,2026-08-17T18:48:05Z,
121.168.4.107,ipv4,imap-attack,high,WHITE,blocklist.de/imap|blocklist.de/all|blocklist.de/mail|ziyadnz/hourly-ipv4,blocklist.de|imap|pop3|brute-force|spam|mail|ziyadnz|hourly,2026-08-17T18:48:05Z,2026-08-17T18:48:05Z,
121.169.236.186,ipv4,imap-attack,high,WHITE,blocklist.de/imap|blocklist.de/all|blocklist.de/mail|ziyadnz/hourly-ipv4,blocklist.de|imap|pop3|brute-force|spam|mail|ziyadnz|hourly,2026-08-17T18:48:05Z,2026-08-17T18:48:05Z,
121.171.95.112,ipv4,imap-attack,high,WHITE,blocklist.de/imap|blocklist.de/all|blocklist.de/mail|ziyadnz/hourly-ipv4,blocklist.de|imap|pop3|brute-force|spam|mail|ziyadnz|hourly,2026-08-17T18:48:05Z,2026-08-17T18:48:05Z,
121.176.81.36,ipv4,imap-attack,high,WHITE,blocklist.de/imap|blocklist.de/all|blocklist.de/mail|ziyadnz/hourly-ipv4,blocklist.de|imap|pop3|brute-force|spam|mail|ziyadnz|hourly,2026-08-17T18:48:05Z,2026-08-17T18:48:05Z,
121.179.95.98,ipv4,imap-attack,high,WHITE,blocklist.de/imap|blocklist.de/all|blocklist.de/mail|ziyadnz/hourly-ipv4,blocklist.de|imap|pop3|brute-force|spam|mail|ziyadnz|hourly,2026-08-17T18:48:05Z,2026-08-17T18:48:05Z,
121.180.130.231,ipv4,imap-attack,high,WHITE,blocklist.de/imap|blocklist.de/all|blocklist.de/mail|ziyadnz/hourly-ipv4,blocklist.de|imap|pop3|brute-force|spam|mail|ziyadnz|hourly,2026-08-17T18:48:05Z,2026-08-17T18:48:05Z,
121.180.164.182,ipv4,imap-attack,high,WHITE,blocklist.de/imap|blocklist.de/all|blocklist.de/mail|ziyadnz/hourly-ipv4,blocklist.de|imap|pop3|brute-force|spam|mail|ziyadnz|hourly,2026-08-17T18:48:05Z,2026-08-17T18:48:05Z,
121.180.212.162,ipv4,imap-attack,high,WHITE,blocklist.de/imap|blocklist.de/all|blocklist.de/mail|ziyadnz/hourly-ipv4,blocklist.de|imap|pop3|brute-force|spam|mail|ziyadnz|hourly,2026-08-17T18:48:05Z,2026-08-17T18:48:05Z,
121.180.212.19,ipv4,imap-attack,high,WHITE,blocklist.de/imap|blocklist.de/all|blocklist.de/mail|ziyadnz/hourly-ipv4,blocklist.de|imap|pop3|brute-force|spam|mail|ziyadnz|hourly,2026-08-17T18:48:05Z,2026-08-17T18:48:05Z,
121.180.212.234,ipv4,imap-attack,high,WHITE,blocklist.de/imap|blocklist.de/all|blocklist.de/mail|ziyadnz/hourly-ipv4,blocklist.de|imap|pop3|brute-force|spam|mail|ziyadnz|hourly,2026-08-17T18:48:05Z,2026-08-17T18:48:05Z,
121.180.234.14,ipv4,imap-attack,high,WHITE,blocklist.de/imap|blocklist.de/all|blocklist.de/mail|ziyadnz/hourly-ipv4,blocklist.de|imap|pop3|brute-force|spam|mail|ziyadnz|hourly,2026-08-17T18:48:05Z,2026-08-17T18:48:05Z,
121.180.27.195,ipv4,imap-attack,high,WHITE,blocklist.de/imap|blocklist.de/all|blocklist.de/mail|ziyadnz/hourly-ipv4,blocklist.de|imap|pop3|brute-force|spam|mail|ziyadnz|hourly,2026-08-17T18:48:05Z,2026-08-17T18:48:05Z,
121.183.138.77,ipv4,imap-attack,high,WHITE,blocklist.de/imap|blocklist.de/all|blocklist.de/mail|ziyadnz/hourly-ipv4,blocklist.de|imap|pop3|brute-force|spam|mail|ziyadnz|hourly,2026-08-17T18:48:05Z,2026-08-17T18:48:05Z,
121.183.82.124,ipv4,imap-attack,high,WHITE,blocklist.de/imap|blocklist.de/all|blocklist.de/mail|ziyadnz/hourly-ipv4,blocklist.de|imap|pop3|brute-force|spam|mail|ziyadnz|hourly,2026-08-17T18:48:05Z,2026-08-17T18:48:05Z,
121.185.89.74,ipv4,imap-attack,high,WHITE,blocklist.de/imap|blocklist.de/all|blocklist.de/mail|ziyadnz/hourly-ipv4,blocklist.de|imap|pop3|brute-force|spam|mail|ziyadnz|hourly,2026-08-17T18:48:05Z,2026-08-17T18:48:05Z,
121.188.193.78,ipv4,imap-attack,high,WHITE,blocklist.de/imap|blocklist.de/all|blocklist.de/mail|ziyadnz/hourly-ipv4,blocklist.de|imap|pop3|brute-force|spam|mail|ziyadnz|hourly,2026-08-17T18:48:05Z,2026-08-17T18:48:05Z,
121.188.214.233,ipv4,imap-attack,high,WHITE,blocklist.de/imap|blocklist.de/all|blocklist.de/mail|ziyadnz/hourly-ipv4,blocklist.de|imap|pop3|brute-force|spam|mail|ziyadnz|hourly,2026-08-17T18:48:05Z,2026-08-17T18:48:05Z,
121.188.217.54,ipv4,imap-attack,high,WHITE,blocklist.de/imap|blocklist.de/all|blocklist.de/mail|ziyadnz/hourly-ipv4,blocklist.de|imap|pop3|brute-force|spam|mail|ziyadnz|hourly,2026-08-17T18:48:05Z,2026-08-17T18:48:05Z,
121.188.237.139,ipv4,imap-attack,high,WHITE,blocklist.de/imap|blocklist.de/all|blocklist.de/mail|ziyadnz/hourly-ipv4,blocklist.de|imap|pop3|brute-force|spam|mail|ziyadnz|hourly,2026-08-17T18:48:05Z,2026-08-17T18:48:05Z,
121.188.248.94,ipv4,imap-attack,high,WHITE,blocklist.de/imap|blocklist.de/all|blocklist.de/mail|ziyadnz/hourly-ipv4,blocklist.de|imap|pop3|brute-force|spam|mail|ziyadnz|hourly,2026-08-17T18:48:05Z,2026-08-17T18:48:05Z,
121.188.249.31,ipv4,imap-attack,high,WHITE,blocklist.de/imap|blocklist.de/all|blocklist.de/mail|ziyadnz/hourly-ipv4,blocklist.de|imap|pop3|brute-force|spam|mail|ziyadnz|hourly,2026-08-17T18:48:05Z,2026-08-17T18:48:05Z,
121.189.106.247,ipv4,imap-attack,high,WHITE,blocklist.de/imap|blocklist.de/all|blocklist.de/mail|ziyadnz/hourly-ipv4,blocklist.de|imap|pop3|brute-force|spam|mail|ziyadnz|hourly,2026-08-17T18:48:05Z,2026-08-17T18:48:05Z,
121.189.88.109,ipv4,imap-attack,high,WHITE,blocklist.de/imap|blocklist.de/all|blocklist.de/mail|ziyadnz/hourly-ipv4,blocklist.de|imap|pop3|brute-force|spam|mail|ziyadnz|hourly,2026-08-17T18:48:05Z,2026-08-17T18:48:05Z,
121.189.95.195,ipv4,imap-attack,high,WHITE,blocklist.de/imap|blocklist.de/all|blocklist.de/mail|ziyadnz/hourly-ipv4,blocklist.de|imap|pop3|brute-force|spam|mail|ziyadnz|hourly,2026-08-17T18:48:05Z,2026-08-17T18:48:05Z,
121.200.48.115,ipv4,imap-attack,high,WHITE,blocklist.de/imap|blocklist.de/all|blocklist.de/mail|ziyadnz/hourly-ipv4,blocklist.de|imap|pop3|brute-force|spam|mail|ziyadnz|hourly,2026-08-17T18:48:05Z,2026-08-17T18:48:05Z,
121.202.135.172,ipv4,imap-attack,high,WHITE,blocklist.de/imap|blocklist.de/all|blocklist.de/mail|ziyadnz/hourly-ipv4,blocklist.de|imap|pop3|brute-force|spam|mail|ziyadnz|hourly,2026-08-17T18:48:05Z,2026-08-17T18:48:05Z,
121.202.138.181,ipv4,imap-attack,high,WHITE,blocklist.de/imap|blocklist.de/all|blocklist.de/mail|ziyadnz/hourly-ipv4,blocklist.de|imap|pop3|brute-force|spam|mail|ziyadnz|hourly,2026-08-17T18:48:05Z,2026-08-17T18:48:05Z,
121.202.146.144,ipv4,imap-attack,high,WHITE,blocklist.de/imap|blocklist.de/all|blocklist.de/mail|ziyadnz/hourly-ipv4,blocklist.de|imap|pop3|brute-force|spam|mail|ziyadnz|hourly,2026-08-17T18:48:05Z,2026-08-17T18:48:05Z,
121.202.198.98,ipv4,imap-attack,high,WHITE,blocklist.de/imap|blocklist.de/all|blocklist.de/mail|ziyadnz/hourly-ipv4,blocklist.de|imap|pop3|brute-force|spam|mail|ziyadnz|hourly,2026-08-17T18:48:05Z,2026-08-17T18:48:05Z,
121.202.206.119,ipv4,imap-attack,high,WHITE,blocklist.de/imap|blocklist.de/all|blocklist.de/mail|ziyadnz/hourly-ipv4,blocklist.de|imap|pop3|brute-force|spam|mail|ziyadnz|hourly,2026-08-17T18:48:05Z,2026-08-17T18:48:05Z,
121.22.99.2,ipv4,imap-attack,high,WHITE,blocklist.de/imap|blocklist.de/all|blocklist.de/mail|ziyadnz/hourly-ipv4,blocklist.de|imap|pop3|brute-force|spam|mail|ziyadnz|hourly,2026-08-17T18:48:05Z,2026-08-17T18:48:05Z,
121.242.112.205,ipv4,imap-attack,high,WHITE,blocklist.de/imap|blocklist.de/all|blocklist.de/mail|ziyadnz/hourly-ipv4,blocklist.de|imap|pop3|brute-force|spam|mail|ziyadnz|hourly,2026-08-17T18:48:05Z,2026-08-17T18:48:05Z,
121.46.239.195,ipv4,imap-attack,high,WHITE,blocklist.de/imap|blocklist.de/all|blocklist.de/mail|ziyadnz/hourly-ipv4,blocklist.de|imap|pop3|brute-force|spam|mail|ziyadnz|hourly,2026-08-17T18:48:05Z,2026-08-17T18:48:05Z,
121.46.239.197,ipv4,imap-attack,high,WHITE,blocklist.de/imap|blocklist.de/all|blocklist.de/mail|ziyadnz/hourly-ipv4,blocklist.de|imap|pop3|brute-force|spam|mail|ziyadnz|hourly,2026-08-17T18:48:05Z,2026-08-17T18:48:05Z,
121.46.239.199,ipv4,imap-attack,high,WHITE,blocklist.de/imap|blocklist.de/all|blocklist.de/mail|ziyadnz/hourly-ipv4,blocklist.de|imap|pop3|brute-force|spam|mail|ziyadnz|hourly,2026-08-17T18:48:05Z,2026-08-17T18:48:05Z,
121.46.239.201,ipv4,imap-attack,high,WHITE,blocklist.de/imap|blocklist.de/all|blocklist.de/mail|ziyadnz/hourly-ipv4,blocklist.de|imap|pop3|brute-force|spam|mail|ziyadnz|hourly,2026-08-17T18:48:05Z,2026-08-17T18:48:05Z,
121.46.239.203,ipv4,imap-attack,high,WHITE,blocklist.de/imap|blocklist.de/all|blocklist.de/mail|ziyadnz/hourly-ipv4,blocklist.de|imap|pop3|brute-force|spam|mail|ziyadnz|hourly,2026-08-17T18:48:05Z,2026-08-17T18:48:05Z,
121.46.239.204,ipv4,imap-attack,high,WHITE,blocklist.de/imap|blocklist.de/all|blocklist.de/mail|ziyadnz/hourly-ipv4,blocklist.de|imap|pop3|brute-force|spam|mail|ziyadnz|hourly,2026-08-17T18:48:05Z,2026-08-17T18:48:05Z,
121.6.81.59,ipv4,imap-attack,high,WHITE,blocklist.de/imap|blocklist.de/all|blocklist.de/mail|ziyadnz/hourly-ipv4,blocklist.de|imap|pop3|brute-force|spam|mail|ziyadnz|hourly,2026-08-17T18:48:05Z,2026-08-17T18:48:05Z,
121.73.162.224,ipv4,imap-attack,high,WHITE,blocklist.de/imap|blocklist.de/all|blocklist.de/mail|ziyadnz/hourly-ipv4,blocklist.de|imap|pop3|brute-force|spam|mail|ziyadnz|hourly,2026-08-17T18:48:05Z,2026-08-17T18:48:05Z,
121.8.209.94,ipv4,imap-attack,high,WHITE,blocklist.de/imap|blocklist.de/all|blocklist.de/mail|ziyadnz/hourly-ipv4,blocklist.de|imap|pop3|brute-force|spam|mail|ziyadnz|hourly,2026-08-17T18:48:05Z,2026-08-17T18:48:05Z,
121.99.190.167,ipv4,imap-attack,high,WHITE,blocklist.de/imap|blocklist.de/all|blocklist.de/mail|ziyadnz/hourly-ipv4,blocklist.de|imap|pop3|brute-force|spam|mail|ziyadnz|hourly,2026-08-17T18:48:05Z,2026-08-17T18:48:05Z,
122.114.35.15,ipv4,imap-attack,high,WHITE,blocklist.de/imap|blocklist.de/all|blocklist.de/mail|ziyadnz/hourly-ipv4,blocklist.de|imap|pop3|brute-force|spam|mail|ziyadnz|hourly,2026-08-17T18:48:05Z,2026-08-17T18:48:05Z,
122.139.17.220,ipv4,imap-attack,high,WHITE,blocklist.de/imap|blocklist.de/all|blocklist.de/mail|ziyadnz/hourly-ipv4,blocklist.de|imap|pop3|brute-force|spam|mail|ziyadnz|hourly,2026-08-17T18:48:05Z,2026-08-17T18:48:05Z,
122.155.108.158,ipv4,imap-attack,high,WHITE,blocklist.de/imap|blocklist.de/all|blocklist.de/mail|ziyadnz/hourly-ipv4,blocklist.de|imap|pop3|brute-force|spam|mail|ziyadnz|hourly,2026-08-17T18:48:05Z,2026-08-17T18:48:05Z,
122.160.137.230,ipv4,imap-attack,high,WHITE,blocklist.de/imap|blocklist.de/all|blocklist.de/mail|ziyadnz/hourly-ipv4,blocklist.de|imap|pop3|brute-force|spam|mail|ziyadnz|hourly,2026-08-17T18:48:05Z,2026-08-17T18:48:05Z,
122.160.15.31,ipv4,imap-attack,high,WHITE,blocklist.de/imap|blocklist.de/all|blocklist.de/mail|ziyadnz/hourly-ipv4,blocklist.de|imap|pop3|brute-force|spam|mail|ziyadnz|hourly,2026-08-17T18:48:05Z,2026-08-17T18:48:05Z,
122.161.72.67,ipv4,imap-attack,high,WHITE,blocklist.de/imap|blocklist.de/all|blocklist.de/mail|ziyadnz/hourly-ipv4,blocklist.de|imap|pop3|brute-force|spam|mail|ziyadnz|hourly,2026-08-17T18:48:05Z,2026-08-17T18:48:05Z,
122.163.121.233,ipv4,imap-attack,high,WHITE,blocklist.de/imap|blocklist.de/all|blocklist.de/mail|ziyadnz/hourly-ipv4,blocklist.de|imap|pop3|brute-force|spam|mail|ziyadnz|hourly,2026-08-17T18:48:05Z,2026-08-17T18:48:05Z,
122.163.127.14,ipv4,imap-attack,high,WHITE,blocklist.de/imap|blocklist.de/all|blocklist.de/mail|ziyadnz/hourly-ipv4,blocklist.de|imap|pop3|brute-force|spam|mail|ziyadnz|hourly,2026-08-17T18:48:05Z,2026-08-17T18:48:05Z,
122.165.72.15,ipv4,imap-attack,high,WHITE,blocklist.de/imap|blocklist.de/all|blocklist.de/mail|ziyadnz/hourly-ipv4,blocklist.de|imap|pop3|brute-force|spam|mail|ziyadnz|hourly,2026-08-17T18:48:05Z,2026-08-17T18:48:05Z,
122.166.208.238,ipv4,imap-attack,high,WHITE,blocklist.de/imap|blocklist.de/all|blocklist.de/mail|ziyadnz/hourly-ipv4,blocklist.de|imap|pop3|brute-force|spam|mail|ziyadnz|hourly,2026-08-17T18:48:05Z,2026-08-17T18:48:05Z,
122.168.197.245,ipv4,imap-attack,high,WHITE,blocklist.de/imap|blocklist.de/all|blocklist.de/mail|ziyadnz/hourly-ipv4,blocklist.de|imap|pop3|brute-force|spam|mail|ziyadnz|hourly,2026-08-17T18:48:05Z,2026-08-17T18:48:05Z,
122.179.163.27,ipv4,imap-attack,high,WHITE,blocklist.de/imap|blocklist.de/all|blocklist.de/mail|ziyadnz/hourly-ipv4,blocklist.de|imap|pop3|brute-force|spam|mail|ziyadnz|hourly,2026-08-17T18:48:05Z,2026-08-17T18:48:05Z,
122.179.205.233,ipv4,imap-attack,high,WHITE,blocklist.de/imap|blocklist.de/all|blocklist.de/mail|ziyadnz/hourly-ipv4,blocklist.de|imap|pop3|brute-force|spam|mail|ziyadnz|hourly,2026-08-17T18:48:05Z,2026-08-17T18:48:05Z,
122.180.85.206,ipv4,imap-attack,high,WHITE,blocklist.de/imap|blocklist.de/all|blocklist.de/mail|ziyadnz/hourly-ipv4,blocklist.de|imap|pop3|brute-force|spam|mail|ziyadnz|hourly,2026-08-17T18:48:05Z,2026-08-17T18:48:05Z,
122.184.118.126,ipv4,imap-attack,high,WHITE,blocklist.de/imap|blocklist.de/all|blocklist.de/mail|ziyadnz/hourly-ipv4,blocklist.de|imap|pop3|brute-force|spam|mail|ziyadnz|hourly,2026-08-17T18:48:05Z,2026-08-17T18:48:05Z,
122.184.124.46,ipv4,imap-attack,high,WHITE,blocklist.de/imap|blocklist.de/all|blocklist.de/mail|ziyadnz/hourly-ipv4,blocklist.de|imap|pop3|brute-force|spam|mail|ziyadnz|hourly,2026-08-17T18:48:05Z,2026-08-17T18:48:05Z,
122.185.101.50,ipv4,imap-attack,high,WHITE,blocklist.de/imap|blocklist.de/all|blocklist.de/mail|ziyadnz/hourly-ipv4,blocklist.de|imap|pop3|brute-force|spam|mail|ziyadnz|hourly,2026-08-17T18:48:05Z,2026-08-17T18:48:05Z,
122.185.119.114,ipv4,imap-attack,high,WHITE,blocklist.de/imap|blocklist.de/all|blocklist.de/mail|ziyadnz/hourly-ipv4,blocklist.de|imap|pop3|brute-force|spam|mail|ziyadnz|hourly,2026-08-17T18:48:05Z,2026-08-17T18:48:05Z,
122.185.44.206,ipv4,imap-attack,high,WHITE,blocklist.de/imap|blocklist.de/all|blocklist.de/mail|ziyadnz/hourly-ipv4,blocklist.de|imap|pop3|brute-force|spam|mail|ziyadnz|hourly,2026-08-17T18:48:05Z,2026-08-17T18:48:05Z,
122.185.65.146,ipv4,imap-attack,high,WHITE,blocklist.de/imap|blocklist.de/all|blocklist.de/mail|ziyadnz/hourly-ipv4,blocklist.de|imap|pop3|brute-force|spam|mail|ziyadnz|hourly,2026-08-17T18:48:05Z,2026-08-17T18:48:05Z,
122.185.65.150,ipv4,imap-attack,high,WHITE,blocklist.de/imap|blocklist.de/all|blocklist.de/mail|ziyadnz/hourly-ipv4,blocklist.de|imap|pop3|brute-force|spam|mail|ziyadnz|hourly,2026-08-17T18:48:05Z,2026-08-17T18:48:05Z,
122.186.183.203,ipv4,imap-attack,high,WHITE,blocklist.de/imap|blocklist.de/all|blocklist.de/mail|ziyadnz/hourly-ipv4,blocklist.de|imap|pop3|brute-force|spam|mail|ziyadnz|hourly,2026-08-17T18:48:05Z,2026-08-17T18:48:05Z,
122.186.202.58,ipv4,imap-attack,high,WHITE,blocklist.de/imap|blocklist.de/all|blocklist.de/mail|ziyadnz/hourly-ipv4,blocklist.de|imap|pop3|brute-force|spam|mail|ziyadnz|hourly,2026-08-17T18:48:05Z,2026-08-17T18:48:05Z,
122.186.83.166,ipv4,imap-attack,high,WHITE,blocklist.de/imap|blocklist.de/all|blocklist.de/mail|ziyadnz/hourly-ipv4,blocklist.de|imap|pop3|brute-force|spam|mail|ziyadnz|hourly,2026-08-17T18:48:05Z,2026-08-17T18:48:05Z,
122.187.174.78,ipv4,imap-attack,high,WHITE,blocklist.de/imap|blocklist.de/all|blocklist.de/mail|ziyadnz/hourly-ipv4,blocklist.de|imap|pop3|brute-force|spam|mail|ziyadnz|hourly,2026-08-17T18:48:05Z,2026-08-17T18:48:05Z,
122.187.221.130,ipv4,imap-attack,high,WHITE,blocklist.de/imap|blocklist.de/all|blocklist.de/mail|ziyadnz/hourly-ipv4,blocklist.de|imap|pop3|brute-force|spam|mail|ziyadnz|hourly,2026-08-17T18:48:05Z,2026-08-17T18:48:05Z,
122.187.225.28,ipv4,imap-attack,high,WHITE,blocklist.de/imap|blocklist.de/all|blocklist.de/mail|ziyadnz/hourly-ipv4,blocklist.de|imap|pop3|brute-force|spam|mail|ziyadnz|hourly,2026-08-17T18:48:05Z,2026-08-17T18:48:05Z,
122.187.226.240,ipv4,imap-attack,high,WHITE,blocklist.de/imap|blocklist.de/all|blocklist.de/mail|ziyadnz/hourly-ipv4,blocklist.de|imap|pop3|brute-force|spam|mail|ziyadnz|hourly,2026-08-17T18:48:05Z,2026-08-17T18:48:05Z,
122.187.226.71,ipv4,imap-attack,high,WHITE,blocklist.de/imap|blocklist.de/all|blocklist.de/mail|ziyadnz/hourly-ipv4,blocklist.de|imap|pop3|brute-force|spam|mail|ziyadnz|hourly,2026-08-17T18:48:05Z,2026-08-17T18:48:05Z,
122.187.227.196,ipv4,imap-attack,high,WHITE,blocklist.de/imap|blocklist.de/all|blocklist.de/mail|ziyadnz/hourly-ipv4,blocklist.de|imap|pop3|brute-force|spam|mail|ziyadnz|hourly,2026-08-17T18:48:05Z,2026-08-17T18:48:05Z,
122.187.229.151,ipv4,imap-attack,high,WHITE,blocklist.de/imap|blocklist.de/all|blocklist.de/mail|ziyadnz/hourly-ipv4,blocklist.de|imap|pop3|brute-force|spam|mail|ziyadnz|hourly,2026-08-17T18:48:05Z,2026-08-17T18:48:05Z,
122.187.229.218,ipv4,imap-attack,high,WHITE,blocklist.de/imap|blocklist.de/all|blocklist.de/mail|ziyadnz/hourly-ipv4,blocklist.de|imap|pop3|brute-force|spam|mail|ziyadnz|hourly,2026-08-17T18:48:05Z,2026-08-17T18:48:05Z,
122.187.229.228,ipv4,imap-attack,high,WHITE,blocklist.de/imap|blocklist.de/all|blocklist.de/mail|ziyadnz/hourly-ipv4,blocklist.de|imap|pop3|brute-force|spam|mail|ziyadnz|hourly,2026-08-17T18:48:05Z,2026-08-17T18:48:05Z,
122.187.229.252,ipv4,imap-attack,high,WHITE,blocklist.de/imap|blocklist.de/all|blocklist.de/mail|ziyadnz/hourly-ipv4,blocklist.de|imap|pop3|brute-force|spam|mail|ziyadnz|hourly,2026-08-17T18:48:05Z,2026-08-17T18:48:05Z,
122.187.230.11,ipv4,imap-attack,high,WHITE,blocklist.de/imap|blocklist.de/all|blocklist.de/mail|ziyadnz/hourly-ipv4,blocklist.de|imap|pop3|brute-force|spam|mail|ziyadnz|hourly,2026-08-17T18:48:05Z,2026-08-17T18:48:05Z,
122.187.230.140,ipv4,imap-attack,high,WHITE,blocklist.de/imap|blocklist.de/all|blocklist.de/mail|ziyadnz/hourly-ipv4,blocklist.de|imap|pop3|brute-force|spam|mail|ziyadnz|hourly,2026-08-17T18:48:05Z,2026-08-17T18:48:05Z,
122.187.230.148,ipv4,imap-attack,high,WHITE,blocklist.de/imap|blocklist.de/all|blocklist.de/mail|ziyadnz/hourly-ipv4,blocklist.de|imap|pop3|brute-force|spam|mail|ziyadnz|hourly,2026-08-17T18:48:05Z,2026-08-17T18:48:05Z,
122.187.230.183,ipv4,imap-attack,high,WHITE,blocklist.de/imap|blocklist.de/all|blocklist.de/mail|ziyadnz/hourly-ipv4,blocklist.de|imap|pop3|brute-force|spam|mail|ziyadnz|hourly,2026-08-17T18:48:05Z,2026-08-17T18:48:05Z,
122.187.230.192,ipv4,imap-attack,high,WHITE,blocklist.de/imap|blocklist.de/all|blocklist.de/mail|ziyadnz/hourly-ipv4,blocklist.de|imap|pop3|brute-force|spam|mail|ziyadnz|hourly,2026-08-17T18:48:05Z,2026-08-17T18:48:05Z,
122.187.230.227,ipv4,imap-attack,high,WHITE,blocklist.de/imap|blocklist.de/all|blocklist.de/mail|ziyadnz/hourly-ipv4,blocklist.de|imap|pop3|brute-force|spam|mail|ziyadnz|hourly,2026-08-17T18:48:05Z,2026-08-17T18:48:05Z,
122.187.230.249,ipv4,imap-attack,high,WHITE,blocklist.de/imap|blocklist.de/all|blocklist.de/mail|ziyadnz/hourly-ipv4,blocklist.de|imap|pop3|brute-force|spam|mail|ziyadnz|hourly,2026-08-17T18:48:05Z,2026-08-17T18:48:05Z,
122.187.230.41,ipv4,imap-attack,high,WHITE,blocklist.de/imap|blocklist.de/all|blocklist.de/mail|ziyadnz/hourly-ipv4,blocklist.de|imap|pop3|brute-force|spam|mail|ziyadnz|hourly,2026-08-17T18:48:05Z,2026-08-17T18:48:05Z,
122.187.230.82,ipv4,imap-attack,high,WHITE,blocklist.de/imap|blocklist.de/all|blocklist.de/mail|ziyadnz/hourly-ipv4,blocklist.de|imap|pop3|brute-force|spam|mail|ziyadnz|hourly,2026-08-17T18:48:05Z,2026-08-17T18:48:05Z,
122.187.231.172,ipv4,imap-attack,high,WHITE,blocklist.de/imap|blocklist.de/all|blocklist.de/mail|ziyadnz/hourly-ipv4,blocklist.de|imap|pop3|brute-force|spam|mail|ziyadnz|hourly,2026-08-17T18:48:05Z,2026-08-17T18:48:05Z,
122.187.234.3,ipv4,imap-attack,high,WHITE,blocklist.de/imap|blocklist.de/all|blocklist.de/mail|ziyadnz/hourly-ipv4,blocklist.de|imap|pop3|brute-force|spam|mail|ziyadnz|hourly,2026-08-17T18:48:05Z,2026-08-17T18:48:05Z,
122.187.234.73,ipv4,imap-attack,high,WHITE,blocklist.de/imap|blocklist.de/all|blocklist.de/mail|ziyadnz/hourly-ipv4,blocklist.de|imap|pop3|brute-force|spam|mail|ziyadnz|hourly,2026-08-17T18:48:05Z,2026-08-17T18:48:05Z,
122.187.244.198,ipv4,imap-attack,high,WHITE,blocklist.de/imap|blocklist.de/all|blocklist.de/mail|ziyadnz/hourly-ipv4,blocklist.de|imap|pop3|brute-force|spam|mail|ziyadnz|hourly,2026-08-17T18:48:05Z,2026-08-17T18:48:05Z,
122.187.249.88,ipv4,imap-attack,high,WHITE,blocklist.de/imap|blocklist.de/all|blocklist.de/mail|ziyadnz/hourly-ipv4,blocklist.de|imap|pop3|brute-force|spam|mail|ziyadnz|hourly,2026-08-17T18:48:05Z,2026-08-17T18:48:05Z,
122.187.250.250,ipv4,imap-attack,high,WHITE,blocklist.de/imap|blocklist.de/all|blocklist.de/mail|ziyadnz/hourly-ipv4,blocklist.de|imap|pop3|brute-force|spam|mail|ziyadnz|hourly,2026-08-17T18:48:05Z,2026-08-17T18:48:05Z,
122.230.51.88,ipv4,imap-attack,high,WHITE,blocklist.de/imap|blocklist.de/all|blocklist.de/mail|ziyadnz/hourly-ipv4,blocklist.de|imap|pop3|brute-force|spam|mail|ziyadnz|hourly,2026-08-17T18:48:05Z,2026-08-17T18:48:05Z,
122.4.199.164,ipv4,imap-attack,high,WHITE,blocklist.de/imap|blocklist.de/all|blocklist.de/mail|ziyadnz/hourly-ipv4,blocklist.de|imap|pop3|brute-force|spam|mail|ziyadnz|hourly,2026-08-17T18:48:05Z,2026-08-17T18:48:05Z,
122.53.106.124,ipv4,imap-attack,high,WHITE,blocklist.de/imap|blocklist.de/all|blocklist.de/mail|ziyadnz/hourly-ipv4,blocklist.de|imap|pop3|brute-force|spam|mail|ziyadnz|hourly,2026-08-17T18:48:05Z,2026-08-17T18:48:05Z,
123.108.169.196,ipv4,imap-attack,high,WHITE,blocklist.de/imap|blocklist.de/all|blocklist.de/mail|ziyadnz/hourly-ipv4,blocklist.de|imap|pop3|brute-force|spam|mail|ziyadnz|hourly,2026-08-17T18:48:05Z,2026-08-17T18:48:05Z,
123.113.14.51,ipv4,imap-attack,high,WHITE,blocklist.de/imap|blocklist.de/all|blocklist.de/mail|ziyadnz/hourly-ipv4,blocklist.de|imap|pop3|brute-force|spam|mail|ziyadnz|hourly,2026-08-17T18:48:05Z,2026-08-17T18:48:05Z,
123.118.230.64,ipv4,imap-attack,high,WHITE,blocklist.de/imap|blocklist.de/all|blocklist.de/mail|ziyadnz/hourly-ipv4,blocklist.de|imap|pop3|brute-force|spam|mail|ziyadnz|hourly,2026-08-17T18:48:05Z,2026-08-17T18:48:05Z,
123.123.196.140,ipv4,imap-attack,high,WHITE,blocklist.de/imap|blocklist.de/all|blocklist.de/mail|ziyadnz/hourly-ipv4,blocklist.de|imap|pop3|brute-force|spam|mail|ziyadnz|hourly,2026-08-17T18:48:05Z,2026-08-17T18:48:05Z,
123.123.204.152,ipv4,imap-attack,high,WHITE,blocklist.de/imap|blocklist.de/all|blocklist.de/mail|ziyadnz/hourly-ipv4,blocklist.de|imap|pop3|brute-force|spam|mail|ziyadnz|hourly,2026-08-17T18:48:05Z,2026-08-17T18:48:05Z,
123.13.66.65,ipv4,imap-attack,high,WHITE,blocklist.de/imap|blocklist.de/all|blocklist.de/mail|ziyadnz/hourly-ipv4,blocklist.de|imap|pop3|brute-force|spam|mail|ziyadnz|hourly,2026-08-17T18:48:05Z,2026-08-17T18:48:05Z,
123.160.205.112,ipv4,imap-attack,high,WHITE,blocklist.de/imap|blocklist.de/all|blocklist.de/mail|ziyadnz/hourly-ipv4,blocklist.de|imap|pop3|brute-force|spam|mail|ziyadnz|hourly,2026-08-17T18:48:05Z,2026-08-17T18:48:05Z,
123.163.52.74,ipv4,imap-attack,high,WHITE,blocklist.de/imap|blocklist.de/all|blocklist.de/mail|ziyadnz/hourly-ipv4,blocklist.de|imap|pop3|brute-force|spam|mail|ziyadnz|hourly,2026-08-17T18:48:05Z,2026-08-17T18:48:05Z,
123.187.243.243,ipv4,imap-attack,high,WHITE,blocklist.de/imap|blocklist.de/all|blocklist.de/mail|ziyadnz/hourly-ipv4,blocklist.de|imap|pop3|brute-force|spam|mail|ziyadnz|hourly,2026-08-17T18:48:05Z,2026-08-17T18:48:05Z,
123.209.111.171,ipv4,imap-attack,high,WHITE,blocklist.de/imap|blocklist.de/all|blocklist.de/mail|ziyadnz/hourly-ipv4,blocklist.de|imap|pop3|brute-force|spam|mail|ziyadnz|hourly,2026-08-17T18:48:05Z,2026-08-17T18:48:05Z,
123.209.204.241,ipv4,imap-attack,high,WHITE,blocklist.de/imap|blocklist.de/all|blocklist.de/mail|ziyadnz/hourly-ipv4,blocklist.de|imap|pop3|brute-force|spam|mail|ziyadnz|hourly,2026-08-17T18:48:05Z,2026-08-17T18:48:05Z,
123.209.67.168,ipv4,imap-attack,high,WHITE,blocklist.de/imap|blocklist.de/all|blocklist.de/mail|ziyadnz/hourly-ipv4,blocklist.de|imap|pop3|brute-force|spam|mail|ziyadnz|hourly,2026-08-17T18:48:05Z,2026-08-17T18:48:05Z,
123.243.75.109,ipv4,imap-attack,high,WHITE,blocklist.de/imap|blocklist.de/all|blocklist.de/mail|ziyadnz/hourly-ipv4,blocklist.de|imap|pop3|brute-force|spam|mail|ziyadnz|hourly,2026-08-17T18:48:05Z,2026-08-17T18:48:05Z,
123.27.0.4,ipv4,imap-attack,high,WHITE,blocklist.de/imap|blocklist.de/all|blocklist.de/mail|ziyadnz/hourly-ipv4,blocklist.de|imap|pop3|brute-force|spam|mail|ziyadnz|hourly,2026-08-17T18:48:05Z,2026-08-17T18:48:05Z,
123.52.72.21,ipv4,imap-attack,high,WHITE,blocklist.de/imap|blocklist.de/all|blocklist.de/mail|ziyadnz/hourly-ipv4,blocklist.de|imap|pop3|brute-force|spam|mail|ziyadnz|hourly,2026-08-17T18:48:05Z,2026-08-17T18:48:05Z,
124.105.218.147,ipv4,imap-attack,high,WHITE,blocklist.de/imap|blocklist.de/all|blocklist.de/mail|ziyadnz/hourly-ipv4,blocklist.de|imap|pop3|brute-force|spam|mail|ziyadnz|hourly,2026-08-17T18:48:05Z,2026-08-17T18:48:05Z,
124.115.64.160,ipv4,imap-attack,high,WHITE,blocklist.de/imap|blocklist.de/all|blocklist.de/mail|ziyadnz/hourly-ipv4,blocklist.de|imap|pop3|brute-force|spam|mail|ziyadnz|hourly,2026-08-17T18:48:05Z,2026-08-17T18:48:05Z,
124.133.10.66,ipv4,imap-attack,high,WHITE,blocklist.de/imap|blocklist.de/all|blocklist.de/mail|ziyadnz/hourly-ipv4,blocklist.de|imap|pop3|brute-force|spam|mail|ziyadnz|hourly,2026-08-17T18:48:05Z,2026-08-17T18:48:05Z,
124.152.34.229,ipv4,imap-attack,high,WHITE,blocklist.de/imap|blocklist.de/all|blocklist.de/mail|ziyadnz/hourly-ipv4,blocklist.de|imap|pop3|brute-force|spam|mail|ziyadnz|hourly,2026-08-17T18:48:05Z,2026-08-17T18:48:05Z,
124.153.182.69,ipv4,imap-attack,high,WHITE,blocklist.de/imap|blocklist.de/all|blocklist.de/mail|ziyadnz/hourly-ipv4,blocklist.de|imap|pop3|brute-force|spam|mail|ziyadnz|hourly,2026-08-17T18:48:05Z,2026-08-17T18:48:05Z,
124.153.188.18,ipv4,imap-attack,high,WHITE,blocklist.de/imap|blocklist.de/all|blocklist.de/mail|ziyadnz/hourly-ipv4,blocklist.de|imap|pop3|brute-force|spam|mail|ziyadnz|hourly,2026-08-17T18:48:05Z,2026-08-17T18:48:05Z,
124.153.239.15,ipv4,imap-attack,high,WHITE,blocklist.de/imap|blocklist.de/all|blocklist.de/mail|ziyadnz/hourly-ipv4,blocklist.de|imap|pop3|brute-force|spam|mail|ziyadnz|hourly,2026-08-17T18:48:05Z,2026-08-17T18:48:05Z,
124.167.20.113,ipv4,imap-attack,high,WHITE,blocklist.de/imap|blocklist.de/all|blocklist.de/mail|ziyadnz/hourly-ipv4,blocklist.de|imap|pop3|brute-force|spam|mail|ziyadnz|hourly,2026-08-17T18:48:05Z,2026-08-17T18:48:05Z,
124.167.20.80,ipv4,imap-attack,high,WHITE,blocklist.de/imap|blocklist.de/all|blocklist.de/mail|ziyadnz/hourly-ipv4,blocklist.de|imap|pop3|brute-force|spam|mail|ziyadnz|hourly,2026-08-17T18:48:05Z,2026-08-17T18:48:05Z,
124.19.91.122,ipv4,imap-attack,high,WHITE,blocklist.de/imap|blocklist.de/all|blocklist.de/mail|ziyadnz/hourly-ipv4,blocklist.de|imap|pop3|brute-force|spam|mail|ziyadnz|hourly,2026-08-17T18:48:05Z,2026-08-17T18:48:05Z,
124.217.19.212,ipv4,imap-attack,high,WHITE,blocklist.de/imap|blocklist.de/all|blocklist.de/mail|ziyadnz/hourly-ipv4,blocklist.de|imap|pop3|brute-force|spam|mail|ziyadnz|hourly,2026-08-17T18:48:05Z,2026-08-17T18:48:05Z,
124.217.39.39,ipv4,imap-attack,high,WHITE,blocklist.de/imap|blocklist.de/all|blocklist.de/mail|ziyadnz/hourly-ipv4,blocklist.de|imap|pop3|brute-force|spam|mail|ziyadnz|hourly,2026-08-17T18:48:05Z,2026-08-17T18:48:05Z,
124.239.129.2,ipv4,imap-attack,high,WHITE,blocklist.de/imap|blocklist.de/all|blocklist.de/mail|ziyadnz/hourly-ipv4,blocklist.de|imap|pop3|brute-force|spam|mail|ziyadnz|hourly,2026-08-17T18:48:05Z,2026-08-17T18:48:05Z,
124.244.119.114,ipv4,imap-attack,high,WHITE,blocklist.de/imap|blocklist.de/all|blocklist.de/mail|ziyadnz/hourly-ipv4,blocklist.de|imap|pop3|brute-force|spam|mail|ziyadnz|hourly,2026-08-17T18:48:05Z,2026-08-17T18:48:05Z,
124.253.100.227,ipv4,imap-attack,high,WHITE,blocklist.de/imap|blocklist.de/all|blocklist.de/mail|ziyadnz/hourly-ipv4,blocklist.de|imap|pop3|brute-force|spam|mail|ziyadnz|hourly,2026-08-17T18:48:05Z,2026-08-17T18:48:05Z,
124.29.193.114,ipv4,imap-attack,high,WHITE,blocklist.de/imap|blocklist.de/all|blocklist.de/mail|ziyadnz/hourly-ipv4,blocklist.de|imap|pop3|brute-force|spam|mail|ziyadnz|hourly,2026-08-17T18:48:05Z,2026-08-17T18:48:05Z,
124.78.20.1,ipv4,imap-attack,high,WHITE,blocklist.de/imap|blocklist.de/all|blocklist.de/mail|ziyadnz/hourly-ipv4,blocklist.de|imap|pop3|brute-force|spam|mail|ziyadnz|hourly,2026-08-17T18:48:05Z,2026-08-17T18:48:05Z,
124.88.174.143,ipv4,imap-attack,high,WHITE,blocklist.de/imap|blocklist.de/all|blocklist.de/mail|ziyadnz/hourly-ipv4,blocklist.de|imap|pop3|brute-force|spam|mail|ziyadnz|hourly,2026-08-17T18:48:05Z,2026-08-17T18:48:05Z,
124.9.95.37,ipv4,imap-attack,high,WHITE,blocklist.de/imap|blocklist.de/all|blocklist.de/mail|ziyadnz/hourly-ipv4,blocklist.de|imap|pop3|brute-force|spam|mail|ziyadnz|hourly,2026-08-17T18:48:05Z,2026-08-17T18:48:05Z,
124.90.144.69,ipv4,imap-attack,high,WHITE,blocklist.de/imap|blocklist.de/all|blocklist.de/mail|ziyadnz/hourly-ipv4,blocklist.de|imap|pop3|brute-force|spam|mail|ziyadnz|hourly,2026-08-17T18:48:05Z,2026-08-17T18:48:05Z,
125.125.212.4,ipv4,imap-attack,high,WHITE,blocklist.de/imap|blocklist.de/all|blocklist.de/mail|ziyadnz/hourly-ipv4,blocklist.de|imap|pop3|brute-force|spam|mail|ziyadnz|hourly,2026-08-17T18:48:05Z,2026-08-17T18:48:05Z,
125.125.51.168,ipv4,imap-attack,high,WHITE,blocklist.de/imap|blocklist.de/all|blocklist.de/mail|ziyadnz/hourly-ipv4,blocklist.de|imap|pop3|brute-force|spam|mail|ziyadnz|hourly,2026-08-17T18:48:05Z,2026-08-17T18:48:05Z,
125.138.166.217,ipv4,imap-attack,high,WHITE,blocklist.de/imap|blocklist.de/all|blocklist.de/mail|ziyadnz/hourly-ipv4,blocklist.de|imap|pop3|brute-force|spam|mail|ziyadnz|hourly,2026-08-17T18:48:05Z,2026-08-17T18:48:05Z,
125.139.87.30,ipv4,imap-attack,high,WHITE,blocklist.de/imap|blocklist.de/all|blocklist.de/mail|ziyadnz/hourly-ipv4,blocklist.de|imap|pop3|brute-force|spam|mail|ziyadnz|hourly,2026-08-17T18:48:05Z,2026-08-17T18:48:05Z,
125.141.193.42,ipv4,imap-attack,high,WHITE,blocklist.de/imap|blocklist.de/all|blocklist.de/mail|ziyadnz/hourly-ipv4,blocklist.de|imap|pop3|brute-force|spam|mail|ziyadnz|hourly,2026-08-17T18:48:05Z,2026-08-17T18:48:05Z,
125.143.200.150,ipv4,imap-attack,high,WHITE,blocklist.de/imap|blocklist.de/all|blocklist.de/mail|ziyadnz/hourly-ipv4,blocklist.de|imap|pop3|brute-force|spam|mail|ziyadnz|hourly,2026-08-17T18:48:05Z,2026-08-17T18:48:05Z,
125.143.215.160,ipv4,imap-attack,high,WHITE,blocklist.de/imap|blocklist.de/all|blocklist.de/mail|ziyadnz/hourly-ipv4,blocklist.de|imap|pop3|brute-force|spam|mail|ziyadnz|hourly,2026-08-17T18:48:05Z,2026-08-17T18:48:05Z,
125.143.215.216,ipv4,imap-attack,high,WHITE,blocklist.de/imap|blocklist.de/all|blocklist.de/mail|ziyadnz/hourly-ipv4,blocklist.de|imap|pop3|brute-force|spam|mail|ziyadnz|hourly,2026-08-17T18:48:05Z,2026-08-17T18:48:05Z,
125.143.225.72,ipv4,imap-attack,high,WHITE,blocklist.de/imap|blocklist.de/all|blocklist.de/mail|ziyadnz/hourly-ipv4,blocklist.de|imap|pop3|brute-force|spam|mail|ziyadnz|hourly,2026-08-17T18:48:05Z,2026-08-17T18:48:05Z,
125.143.244.159,ipv4,imap-attack,high,WHITE,blocklist.de/imap|blocklist.de/all|blocklist.de/mail|ziyadnz/hourly-ipv4,blocklist.de|imap|pop3|brute-force|spam|mail|ziyadnz|hourly,2026-08-17T18:48:05Z,2026-08-17T18:48:05Z,
125.143.247.216,ipv4,imap-attack,high,WHITE,blocklist.de/imap|blocklist.de/all|blocklist.de/mail|ziyadnz/hourly-ipv4,blocklist.de|imap|pop3|brute-force|spam|mail|ziyadnz|hourly,2026-08-17T18:48:05Z,2026-08-17T18:48:05Z,
125.164.17.42,ipv4,imap-attack,high,WHITE,blocklist.de/imap|blocklist.de/all|blocklist.de/mail|ziyadnz/hourly-ipv4,blocklist.de|imap|pop3|brute-force|spam|mail|ziyadnz|hourly,2026-08-17T18:48:05Z,2026-08-17T18:48:05Z,
125.164.208.247,ipv4,imap-attack,high,WHITE,blocklist.de/imap|blocklist.de/all|blocklist.de/mail|ziyadnz/hourly-ipv4,blocklist.de|imap|pop3|brute-force|spam|mail|ziyadnz|hourly,2026-08-17T18:48:05Z,2026-08-17T18:48:05Z,
125.19.163.58,ipv4,imap-attack,high,WHITE,blocklist.de/imap|blocklist.de/all|blocklist.de/mail|ziyadnz/hourly-ipv4,blocklist.de|imap|pop3|brute-force|spam|mail|ziyadnz|hourly,2026-08-17T18:48:05Z,2026-08-17T18:48:05Z,
125.19.218.50,ipv4,imap-attack,high,WHITE,blocklist.de/imap|blocklist.de/all|blocklist.de/mail|ziyadnz/hourly-ipv4,blocklist.de|imap|pop3|brute-force|spam|mail|ziyadnz|hourly,2026-08-17T18:48:05Z,2026-08-17T18:48:05Z,
125.19.229.10,ipv4,imap-attack,high,WHITE,blocklist.de/imap|blocklist.de/all|blocklist.de/mail|ziyadnz/hourly-ipv4,blocklist.de|imap|pop3|brute-force|spam|mail|ziyadnz|hourly,2026-08-17T18:48:05Z,2026-08-17T18:48:05Z,
125.19.231.38,ipv4,imap-attack,high,WHITE,blocklist.de/imap|blocklist.de/all|blocklist.de/mail|ziyadnz/hourly-ipv4,blocklist.de|imap|pop3|brute-force|spam|mail|ziyadnz|hourly,2026-08-17T18:48:05Z,2026-08-17T18:48:05Z,
125.20.225.106,ipv4,imap-attack,high,WHITE,blocklist.de/imap|blocklist.de/all|blocklist.de/mail|ziyadnz/hourly-ipv4,blocklist.de|imap|pop3|brute-force|spam|mail|ziyadnz|hourly,2026-08-17T18:48:05Z,2026-08-17T18:48:05Z,
125.20.229.150,ipv4,imap-attack,high,WHITE,blocklist.de/imap|blocklist.de/all|blocklist.de/mail|ziyadnz/hourly-ipv4,blocklist.de|imap|pop3|brute-force|spam|mail|ziyadnz|hourly,2026-08-17T18:48:05Z,2026-08-17T18:48:05Z,
125.20.230.46,ipv4,imap-attack,high,WHITE,blocklist.de/imap|blocklist.de/all|blocklist.de/mail|ziyadnz/hourly-ipv4,blocklist.de|imap|pop3|brute-force|spam|mail|ziyadnz|hourly,2026-08-17T18:48:05Z,2026-08-17T18:48:05Z,
125.209.103.43,ipv4,imap-attack,high,WHITE,blocklist.de/imap|blocklist.de/all|blocklist.de/mail|ziyadnz/hourly-ipv4,blocklist.de|imap|pop3|brute-force|spam|mail|ziyadnz|hourly,2026-08-17T18:48:05Z,2026-08-17T18:48:05Z,
125.23.155.110,ipv4,imap-attack,high,WHITE,blocklist.de/imap|blocklist.de/all|blocklist.de/mail|ziyadnz/hourly-ipv4,blocklist.de|imap|pop3|brute-force|spam|mail|ziyadnz|hourly,2026-08-17T18:48:05Z,2026-08-17T18:48:05Z,
125.23.203.138,ipv4,imap-attack,high,WHITE,blocklist.de/imap|blocklist.de/all|blocklist.de/mail|ziyadnz/hourly-ipv4,blocklist.de|imap|pop3|brute-force|spam|mail|ziyadnz|hourly,2026-08-17T18:48:05Z,2026-08-17T18:48:05Z,
125.46.38.18,ipv4,imap-attack,high,WHITE,blocklist.de/imap|blocklist.de/all|blocklist.de/mail|ziyadnz/hourly-ipv4,blocklist.de|imap|pop3|brute-force|spam|mail|ziyadnz|hourly,2026-08-17T18:48:05Z,2026-08-17T18:48:05Z,
125.59.204.176,ipv4,imap-attack,high,WHITE,blocklist.de/imap|blocklist.de/all|blocklist.de/mail|ziyadnz/hourly-ipv4,blocklist.de|imap|pop3|brute-force|spam|mail|ziyadnz|hourly,2026-08-17T18:48:05Z,2026-08-17T18:48:05Z,
128.127.94.26,ipv4,imap-attack,high,WHITE,blocklist.de/imap|blocklist.de/all|blocklist.de/mail|ziyadnz/hourly-ipv4,blocklist.de|imap|pop3|brute-force|spam|mail|ziyadnz|hourly,2026-08-17T18:48:05Z,2026-08-17T18:48:05Z,
128.127.94.42,ipv4,imap-attack,high,WHITE,blocklist.de/imap|blocklist.de/all|blocklist.de/mail|ziyadnz/hourly-ipv4,blocklist.de|imap|pop3|brute-force|spam|mail|ziyadnz|hourly,2026-08-17T18:48:05Z,2026-08-17T18:48:05Z,
128.185.194.162,ipv4,imap-attack,high,WHITE,blocklist.de/imap|blocklist.de/all|blocklist.de/mail|ziyadnz/hourly-ipv4,blocklist.de|imap|pop3|brute-force|spam|mail|ziyadnz|hourly,2026-08-17T18:48:05Z,2026-08-17T18:48:05Z,
128.185.209.30,ipv4,imap-attack,high,WHITE,blocklist.de/imap|blocklist.de/all|blocklist.de/mail|ziyadnz/hourly-ipv4,blocklist.de|imap|pop3|brute-force|spam|mail|ziyadnz|hourly,2026-08-17T18:48:05Z,2026-08-17T18:48:05Z,
128.185.235.110,ipv4,imap-attack,high,WHITE,blocklist.de/imap|blocklist.de/all|blocklist.de/mail|ziyadnz/hourly-ipv4,blocklist.de|imap|pop3|brute-force|spam|mail|ziyadnz|hourly,2026-08-17T18:48:05Z,2026-08-17T18:48:05Z,
128.185.253.122,ipv4,imap-attack,high,WHITE,blocklist.de/imap|blocklist.de/all|blocklist.de/mail|ziyadnz/hourly-ipv4,blocklist.de|imap|pop3|brute-force|spam|mail|ziyadnz|hourly,2026-08-17T18:48:05Z,2026-08-17T18:48:05Z,
128.185.33.227,ipv4,imap-attack,high,WHITE,blocklist.de/imap|blocklist.de/all|blocklist.de/mail|ziyadnz/hourly-ipv4,blocklist.de|imap|pop3|brute-force|spam|mail|ziyadnz|hourly,2026-08-17T18:48:05Z,2026-08-17T18:48:05Z,
128.185.33.241,ipv4,imap-attack,high,WHITE,blocklist.de/imap|blocklist.de/all|blocklist.de/mail|ziyadnz/hourly-ipv4,blocklist.de|imap|pop3|brute-force|spam|mail|ziyadnz|hourly,2026-08-17T18:48:05Z,2026-08-17T18:48:05Z,
128.185.56.205,ipv4,imap-attack,high,WHITE,blocklist.de/imap|blocklist.de/all|blocklist.de/mail|ziyadnz/hourly-ipv4,blocklist.de|imap|pop3|brute-force|spam|mail|ziyadnz|hourly,2026-08-17T18:48:05Z,2026-08-17T18:48:05Z,
128.201.148.229,ipv4,imap-attack,high,WHITE,blocklist.de/imap|blocklist.de/all|blocklist.de/mail|ziyadnz/hourly-ipv4,blocklist.de|imap|pop3|brute-force|spam|mail|ziyadnz|hourly,2026-08-17T18:48:05Z,2026-08-17T18:48:05Z,
128.254.190.160,ipv4,imap-attack,high,WHITE,blocklist.de/imap|blocklist.de/all|blocklist.de/mail|ziyadnz/hourly-ipv4,blocklist.de|imap|pop3|brute-force|spam|mail|ziyadnz|hourly,2026-08-17T18:48:05Z,2026-08-17T18:48:05Z,
129.0.60.178,ipv4,imap-attack,high,WHITE,blocklist.de/imap|blocklist.de/all|blocklist.de/mail|ziyadnz/hourly-ipv4,blocklist.de|imap|pop3|brute-force|spam|mail|ziyadnz|hourly,2026-08-17T18:48:05Z,2026-08-17T18:48:05Z,
129.222.172.38,ipv4,imap-attack,high,WHITE,blocklist.de/imap|blocklist.de/all|blocklist.de/mail|ziyadnz/hourly-ipv4,blocklist.de|imap|pop3|brute-force|spam|mail|ziyadnz|hourly,2026-08-17T18:48:05Z,2026-08-17T18:48:05Z,
13.68.214.34,ipv4,imap-attack,high,WHITE,blocklist.de/imap|blocklist.de/all|blocklist.de/mail|ziyadnz/hourly-ipv4,blocklist.de|imap|pop3|brute-force|spam|mail|ziyadnz|hourly,2026-08-17T18:48:05Z,2026-08-17T18:48:05Z,
130.12.181.133,ipv4,imap-attack,high,WHITE,blocklist.de/imap|blocklist.de/all|blocklist.de/mail|ziyadnz/hourly-ipv4,blocklist.de|imap|pop3|brute-force|spam|mail|ziyadnz|hourly,2026-08-17T18:48:05Z,2026-08-17T18:48:05Z,
130.185.102.59,ipv4,imap-attack,high,WHITE,blocklist.de/imap|blocklist.de/all|blocklist.de/mail|ziyadnz/hourly-ipv4,blocklist.de|imap|pop3|brute-force|spam|mail|ziyadnz|hourly,2026-08-17T18:48:05Z,2026-08-17T18:48:05Z,
131.0.121.170,ipv4,imap-attack,high,WHITE,blocklist.de/imap|blocklist.de/all|blocklist.de/mail|ziyadnz/hourly-ipv4,blocklist.de|imap|pop3|brute-force|spam|mail|ziyadnz|hourly,2026-08-17T18:48:05Z,2026-08-17T18:48:05Z,
131.100.11.207,ipv4,imap-attack,high,WHITE,blocklist.de/imap|blocklist.de/all|blocklist.de/mail|ziyadnz/hourly-ipv4,blocklist.de|imap|pop3|brute-force|spam|mail|ziyadnz|hourly,2026-08-17T18:48:05Z,2026-08-17T18:48:05Z,
131.100.11.59,ipv4,imap-attack,high,WHITE,blocklist.de/imap|blocklist.de/all|blocklist.de/mail|ziyadnz/hourly-ipv4,blocklist.de|imap|pop3|brute-force|spam|mail|ziyadnz|hourly,2026-08-17T18:48:05Z,2026-08-17T18:48:05Z,
131.100.138.63,ipv4,imap-attack,high,WHITE,blocklist.de/imap|blocklist.de/all|blocklist.de/mail|ziyadnz/hourly-ipv4,blocklist.de|imap|pop3|brute-force|spam|mail|ziyadnz|hourly,2026-08-17T18:48:05Z,2026-08-17T18:48:05Z,
131.108.162.24,ipv4,imap-attack,high,WHITE,blocklist.de/imap|blocklist.de/all|blocklist.de/mail|ziyadnz/hourly-ipv4,blocklist.de|imap|pop3|brute-force|spam|mail|ziyadnz|hourly,2026-08-17T18:48:05Z,2026-08-17T18:48:05Z,
131.161.184.46,ipv4,imap-attack,high,WHITE,blocklist.de/imap|blocklist.de/all|blocklist.de/mail|ziyadnz/hourly-ipv4,blocklist.de|imap|pop3|brute-force|spam|mail|ziyadnz|hourly,2026-08-17T18:48:05Z,2026-08-17T18:48:05Z,
131.196.171.102,ipv4,imap-attack,high,WHITE,blocklist.de/imap|blocklist.de/all|blocklist.de/mail|ziyadnz/hourly-ipv4,blocklist.de|imap|pop3|brute-force|spam|mail|ziyadnz|hourly,2026-08-17T18:48:05Z,2026-08-17T18:48:05Z,
131.196.171.117,ipv4,imap-attack,high,WHITE,blocklist.de/imap|blocklist.de/all|blocklist.de/mail|ziyadnz/hourly-ipv4,blocklist.de|imap|pop3|brute-force|spam|mail|ziyadnz|hourly,2026-08-17T18:48:05Z,2026-08-17T18:48:05Z,
131.221.148.122,ipv4,imap-attack,high,WHITE,blocklist.de/imap|blocklist.de/all|blocklist.de/mail|ziyadnz/hourly-ipv4,blocklist.de|imap|pop3|brute-force|spam|mail|ziyadnz|hourly,2026-08-17T18:48:05Z,2026-08-17T18:48:05Z,
131.221.148.56,ipv4,imap-attack,high,WHITE,blocklist.de/imap|blocklist.de/all|blocklist.de/mail|ziyadnz/hourly-ipv4,blocklist.de|imap|pop3|brute-force|spam|mail|ziyadnz|hourly,2026-08-17T18:48:05Z,2026-08-17T18:48:05Z,
131.222.230.29,ipv4,imap-attack,high,WHITE,blocklist.de/imap|blocklist.de/all|blocklist.de/mail|ziyadnz/hourly-ipv4,blocklist.de|imap|pop3|brute-force|spam|mail|ziyadnz|hourly,2026-08-17T18:48:05Z,2026-08-17T18:48:05Z,
131.222.247.169,ipv4,imap-attack,high,WHITE,blocklist.de/imap|blocklist.de/all|blocklist.de/mail|ziyadnz/hourly-ipv4,blocklist.de|imap|pop3|brute-force|spam|mail|ziyadnz|hourly,2026-08-17T18:48:05Z,2026-08-17T18:48:05Z,
131.222.247.90,ipv4,imap-attack,high,WHITE,blocklist.de/imap|blocklist.de/all|blocklist.de/mail|ziyadnz/hourly-ipv4,blocklist.de|imap|pop3|brute-force|spam|mail|ziyadnz|hourly,2026-08-17T18:48:05Z,2026-08-17T18:48:05Z,
131.222.251.35,ipv4,imap-attack,high,WHITE,blocklist.de/imap|blocklist.de/all|blocklist.de/mail|ziyadnz/hourly-ipv4,blocklist.de|imap|pop3|brute-force|spam|mail|ziyadnz|hourly,2026-08-17T18:48:05Z,2026-08-17T18:48:05Z,
131.255.182.114,ipv4,imap-attack,high,WHITE,blocklist.de/imap|blocklist.de/all|blocklist.de/mail|ziyadnz/hourly-ipv4,blocklist.de|imap|pop3|brute-force|spam|mail|ziyadnz|hourly,2026-08-17T18:48:05Z,2026-08-17T18:48:05Z,
131.255.182.19,ipv4,imap-attack,high,WHITE,blocklist.de/imap|blocklist.de/all|blocklist.de/mail|ziyadnz/hourly-ipv4,blocklist.de|imap|pop3|brute-force|spam|mail|ziyadnz|hourly,2026-08-17T18:48:05Z,2026-08-17T18:48:05Z,
131.255.182.55,ipv4,imap-attack,high,WHITE,blocklist.de/imap|blocklist.de/all|blocklist.de/mail|ziyadnz/hourly-ipv4,blocklist.de|imap|pop3|brute-force|spam|mail|ziyadnz|hourly,2026-08-17T18:48:05Z,2026-08-17T18:48:05Z,
131.255.182.88,ipv4,imap-attack,high,WHITE,blocklist.de/imap|blocklist.de/all|blocklist.de/mail|ziyadnz/hourly-ipv4,blocklist.de|imap|pop3|brute-force|spam|mail|ziyadnz|hourly,2026-08-17T18:48:05Z,2026-08-17T18:48:05Z,
131.255.183.105,ipv4,imap-attack,high,WHITE,blocklist.de/imap|blocklist.de/all|blocklist.de/mail|ziyadnz/hourly-ipv4,blocklist.de|imap|pop3|brute-force|spam|mail|ziyadnz|hourly,2026-08-17T18:48:05Z,2026-08-17T18:48:05Z,
131.255.183.148,ipv4,imap-attack,high,WHITE,blocklist.de/imap|blocklist.de/all|blocklist.de/mail|ziyadnz/hourly-ipv4,blocklist.de|imap|pop3|brute-force|spam|mail|ziyadnz|hourly,2026-08-17T18:48:05Z,2026-08-17T18:48:05Z,
132.251.252.112,ipv4,imap-attack,high,WHITE,blocklist.de/imap|blocklist.de/all|blocklist.de/mail|ziyadnz/hourly-ipv4,blocklist.de|imap|pop3|brute-force|spam|mail|ziyadnz|hourly,2026-08-17T18:48:05Z,2026-08-17T18:48:05Z,
133.232.78.150,ipv4,imap-attack,high,WHITE,blocklist.de/imap|blocklist.de/all|blocklist.de/mail|ziyadnz/hourly-ipv4,blocklist.de|imap|pop3|brute-force|spam|mail|ziyadnz|hourly,2026-08-17T18:48:05Z,2026-08-17T18:48:05Z,
136.158.43.74,ipv4,imap-attack,high,WHITE,blocklist.de/imap|blocklist.de/all|blocklist.de/mail|ziyadnz/hourly-ipv4,blocklist.de|imap|pop3|brute-force|spam|mail|ziyadnz|hourly,2026-08-17T18:48:05Z,2026-08-17T18:48:05Z,
136.158.60.148,ipv4,imap-attack,high,WHITE,blocklist.de/imap|blocklist.de/all|blocklist.de/mail|ziyadnz/hourly-ipv4,blocklist.de|imap|pop3|brute-force|spam|mail|ziyadnz|hourly,2026-08-17T18:48:05Z,2026-08-17T18:48:05Z,
136.29.52.7,ipv4,imap-attack,high,WHITE,blocklist.de/imap|blocklist.de/all|blocklist.de/mail|ziyadnz/hourly-ipv4,blocklist.de|imap|pop3|brute-force|spam|mail|ziyadnz|hourly,2026-08-17T18:48:05Z,2026-08-17T18:48:05Z,
136.34.252.154,ipv4,imap-attack,high,WHITE,blocklist.de/imap|blocklist.de/all|blocklist.de/mail|ziyadnz/hourly-ipv4,blocklist.de|imap|pop3|brute-force|spam|mail|ziyadnz|hourly,2026-08-17T18:48:05Z,2026-08-17T18:48:05Z,
137.131.24.170,ipv4,imap-attack,high,WHITE,blocklist.de/imap|blocklist.de/all|blocklist.de/mail|ziyadnz/hourly-ipv4,blocklist.de|imap|pop3|brute-force|spam|mail|ziyadnz|hourly,2026-08-17T18:48:05Z,2026-08-17T18:48:05Z,
137.184.223.100,ipv4,imap-attack,high,WHITE,blocklist.de/imap|blocklist.de/all|blocklist.de/mail|ziyadnz/hourly-ipv4,blocklist.de|imap|pop3|brute-force|spam|mail|ziyadnz|hourly,2026-08-17T18:48:05Z,2026-08-17T18:48:05Z,
137.184.9.87,ipv4,imap-attack,high,WHITE,blocklist.de/imap|blocklist.de/all|blocklist.de/mail|ziyadnz/hourly-ipv4,blocklist.de|imap|pop3|brute-force|spam|mail|ziyadnz|hourly,2026-08-17T18:48:05Z,2026-08-17T18:48:05Z,
138.0.151.45,ipv4,imap-attack,high,WHITE,blocklist.de/imap|blocklist.de/all|blocklist.de/mail|ziyadnz/hourly-ipv4,blocklist.de|imap|pop3|brute-force|spam|mail|ziyadnz|hourly,2026-08-17T18:48:05Z,2026-08-17T18:48:05Z,
138.117.16.125,ipv4,imap-attack,high,WHITE,blocklist.de/imap|blocklist.de/all|blocklist.de/mail|ziyadnz/hourly-ipv4,blocklist.de|imap|pop3|brute-force|spam|mail|ziyadnz|hourly,2026-08-17T18:48:05Z,2026-08-17T18:48:05Z,
138.117.16.21,ipv4,imap-attack,high,WHITE,blocklist.de/imap|blocklist.de/all|blocklist.de/mail|ziyadnz/hourly-ipv4,blocklist.de|imap|pop3|brute-force|spam|mail|ziyadnz|hourly,2026-08-17T18:48:05Z,2026-08-17T18:48:05Z,
138.118.245.178,ipv4,imap-attack,high,WHITE,blocklist.de/imap|blocklist.de/all|blocklist.de/mail|ziyadnz/hourly-ipv4,blocklist.de|imap|pop3|brute-force|spam|mail|ziyadnz|hourly,2026-08-17T18:48:05Z,2026-08-17T18:48:05Z,
138.121.12.122,ipv4,imap-attack,high,WHITE,blocklist.de/imap|blocklist.de/all|blocklist.de/mail|ziyadnz/hourly-ipv4,blocklist.de|imap|pop3|brute-force|spam|mail|ziyadnz|hourly,2026-08-17T18:48:05Z,2026-08-17T18:48:05Z,
138.121.95.127,ipv4,imap-attack,high,WHITE,blocklist.de/imap|blocklist.de/all|blocklist.de/mail|ziyadnz/hourly-ipv4,blocklist.de|imap|pop3|brute-force|spam|mail|ziyadnz|hourly,2026-08-17T18:48:05Z,2026-08-17T18:48:05Z,
138.122.134.248,ipv4,imap-attack,high,WHITE,blocklist.de/imap|blocklist.de/all|blocklist.de/mail|ziyadnz/hourly-ipv4,blocklist.de|imap|pop3|brute-force|spam|mail|ziyadnz|hourly,2026-08-17T18:48:05Z,2026-08-17T18:48:05Z,
138.122.242.41,ipv4,imap-attack,high,WHITE,blocklist.de/imap|blocklist.de/all|blocklist.de/mail|ziyadnz/hourly-ipv4,blocklist.de|imap|pop3|brute-force|spam|mail|ziyadnz|hourly,2026-08-17T18:48:05Z,2026-08-17T18:48:05Z,
138.122.43.59,ipv4,imap-attack,high,WHITE,blocklist.de/imap|blocklist.de/all|blocklist.de/mail|ziyadnz/hourly-ipv4,blocklist.de|imap|pop3|brute-force|spam|mail|ziyadnz|hourly,2026-08-17T18:48:05Z,2026-08-17T18:48:05Z,
138.122.96.234,ipv4,imap-attack,high,WHITE,blocklist.de/imap|blocklist.de/all|blocklist.de/mail|ziyadnz/hourly-ipv4,blocklist.de|imap|pop3|brute-force|spam|mail|ziyadnz|hourly,2026-08-17T18:48:05Z,2026-08-17T18:48:05Z,
138.122.97.217,ipv4,imap-attack,high,WHITE,blocklist.de/imap|blocklist.de/all|blocklist.de/mail|ziyadnz/hourly-ipv4,blocklist.de|imap|pop3|brute-force|spam|mail|ziyadnz|hourly,2026-08-17T18:48:05Z,2026-08-17T18:48:05Z,
138.122.97.66,ipv4,imap-attack,high,WHITE,blocklist.de/imap|blocklist.de/all|blocklist.de/mail|ziyadnz/hourly-ipv4,blocklist.de|imap|pop3|brute-force|spam|mail|ziyadnz|hourly,2026-08-17T18:48:05Z,2026-08-17T18:48:05Z,
138.122.98.171,ipv4,imap-attack,high,WHITE,blocklist.de/imap|blocklist.de/all|blocklist.de/mail|ziyadnz/hourly-ipv4,blocklist.de|imap|pop3|brute-force|spam|mail|ziyadnz|hourly,2026-08-17T18:48:05Z,2026-08-17T18:48:05Z,
138.122.99.94,ipv4,imap-attack,high,WHITE,blocklist.de/imap|blocklist.de/all|blocklist.de/mail|ziyadnz/hourly-ipv4,blocklist.de|imap|pop3|brute-force|spam|mail|ziyadnz|hourly,2026-08-17T18:48:05Z,2026-08-17T18:48:05Z,
138.186.196.44,ipv4,imap-attack,high,WHITE,blocklist.de/imap|blocklist.de/all|blocklist.de/mail|ziyadnz/hourly-ipv4,blocklist.de|imap|pop3|brute-force|spam|mail|ziyadnz|hourly,2026-08-17T18:48:05Z,2026-08-17T18:48:05Z,
138.186.68.3,ipv4,imap-attack,high,WHITE,blocklist.de/imap|blocklist.de/all|blocklist.de/mail|ziyadnz/hourly-ipv4,blocklist.de|imap|pop3|brute-force|spam|mail|ziyadnz|hourly,2026-08-17T18:48:05Z,2026-08-17T18:48:05Z,
138.188.40.216,ipv4,imap-attack,high,WHITE,blocklist.de/imap|blocklist.de/all|blocklist.de/mail|ziyadnz/hourly-ipv4,blocklist.de|imap|pop3|brute-force|spam|mail|ziyadnz|hourly,2026-08-17T18:48:05Z,2026-08-17T18:48:05Z,
138.197.124.163,ipv4,imap-attack,high,WHITE,blocklist.de/imap|blocklist.de/all|blocklist.de/mail|ziyadnz/hourly-ipv4,blocklist.de|imap|pop3|brute-force|spam|mail|ziyadnz|hourly,2026-08-17T18:48:05Z,2026-08-17T18:48:05Z,
138.255.206.208,ipv4,imap-attack,high,WHITE,blocklist.de/imap|blocklist.de/all|blocklist.de/mail|ziyadnz/hourly-ipv4,blocklist.de|imap|pop3|brute-force|spam|mail|ziyadnz|hourly,2026-08-17T18:48:05Z,2026-08-17T18:48:05Z,
138.255.206.211,ipv4,imap-attack,high,WHITE,blocklist.de/imap|blocklist.de/all|blocklist.de/mail|ziyadnz/hourly-ipv4,blocklist.de|imap|pop3|brute-force|spam|mail|ziyadnz|hourly,2026-08-17T18:48:05Z,2026-08-17T18:48:05Z,
138.255.206.227,ipv4,imap-attack,high,WHITE,blocklist.de/imap|blocklist.de/all|blocklist.de/mail|ziyadnz/hourly-ipv4,blocklist.de|imap|pop3|brute-force|spam|mail|ziyadnz|hourly,2026-08-17T18:48:05Z,2026-08-17T18:48:05Z,
138.255.218.222,ipv4,imap-attack,high,WHITE,blocklist.de/imap|blocklist.de/all|blocklist.de/mail|ziyadnz/hourly-ipv4,blocklist.de|imap|pop3|brute-force|spam|mail|ziyadnz|hourly,2026-08-17T18:48:05Z,2026-08-17T18:48:05Z,
138.75.105.42,ipv4,imap-attack,high,WHITE,blocklist.de/imap|blocklist.de/all|blocklist.de/mail|ziyadnz/hourly-ipv4,blocklist.de|imap|pop3|brute-force|spam|mail|ziyadnz|hourly,2026-08-17T18:48:05Z,2026-08-17T18:48:05Z,
138.84.37.13,ipv4,imap-attack,high,WHITE,blocklist.de/imap|blocklist.de/all|blocklist.de/mail|ziyadnz/hourly-ipv4,blocklist.de|imap|pop3|brute-force|spam|mail|ziyadnz|hourly,2026-08-17T18:48:05Z,2026-08-17T18:48:05Z,
138.94.139.176,ipv4,imap-attack,high,WHITE,blocklist.de/imap|blocklist.de/all|blocklist.de/mail|ziyadnz/hourly-ipv4,blocklist.de|imap|pop3|brute-force|spam|mail|ziyadnz|hourly,2026-08-17T18:48:05Z,2026-08-17T18:48:05Z,
138.94.162.44,ipv4,imap-attack,high,WHITE,blocklist.de/imap|blocklist.de/all|blocklist.de/mail|ziyadnz/hourly-ipv4,blocklist.de|imap|pop3|brute-force|spam|mail|ziyadnz|hourly,2026-08-17T18:48:05Z,2026-08-17T18:48:05Z,
138.97.161.101,ipv4,imap-attack,high,WHITE,blocklist.de/imap|blocklist.de/all|blocklist.de/mail|ziyadnz/hourly-ipv4,blocklist.de|imap|pop3|brute-force|spam|mail|ziyadnz|hourly,2026-08-17T18:48:05Z,2026-08-17T18:48:05Z,
138.99.62.213,ipv4,imap-attack,high,WHITE,blocklist.de/imap|blocklist.de/all|blocklist.de/mail|ziyadnz/hourly-ipv4,blocklist.de|imap|pop3|brute-force|spam|mail|ziyadnz|hourly,2026-08-17T18:48:05Z,2026-08-17T18:48:05Z,
139.135.46.59,ipv4,imap-attack,high,WHITE,blocklist.de/imap|blocklist.de/all|blocklist.de/mail|ziyadnz/hourly-ipv4,blocklist.de|imap|pop3|brute-force|spam|mail|ziyadnz|hourly,2026-08-17T18:48:05Z,2026-08-17T18:48:05Z,
139.216.6.17,ipv4,imap-attack,high,WHITE,blocklist.de/imap|blocklist.de/all|blocklist.de/mail|ziyadnz/hourly-ipv4,blocklist.de|imap|pop3|brute-force|spam|mail|ziyadnz|hourly,2026-08-17T18:48:05Z,2026-08-17T18:48:05Z,
139.28.190.164,ipv4,imap-attack,high,WHITE,blocklist.de/imap|blocklist.de/all|blocklist.de/mail|ziyadnz/hourly-ipv4,blocklist.de|imap|pop3|brute-force|spam|mail|ziyadnz|hourly,2026-08-17T18:48:05Z,2026-08-17T18:48:05Z,
139.28.190.213,ipv4,imap-attack,high,WHITE,blocklist.de/imap|blocklist.de/all|blocklist.de/mail|ziyadnz/hourly-ipv4,blocklist.de|imap|pop3|brute-force|spam|mail|ziyadnz|hourly,2026-08-17T18:48:05Z,2026-08-17T18:48:05Z,
139.28.190.236,ipv4,imap-attack,high,WHITE,blocklist.de/imap|blocklist.de/all|blocklist.de/mail|ziyadnz/hourly-ipv4,blocklist.de|imap|pop3|brute-force|spam|mail|ziyadnz|hourly,2026-08-17T18:48:05Z,2026-08-17T18:48:05Z,
139.28.49.103,ipv4,imap-attack,high,WHITE,blocklist.de/imap|blocklist.de/all|blocklist.de/mail|ziyadnz/hourly-ipv4,blocklist.de|imap|pop3|brute-force|spam|mail|ziyadnz|hourly,2026-08-17T18:48:05Z,2026-08-17T18:48:05Z,
139.66.13.238,ipv4,imap-attack,high,WHITE,blocklist.de/imap|blocklist.de/all|blocklist.de/mail|ziyadnz/hourly-ipv4,blocklist.de|imap|pop3|brute-force|spam|mail|ziyadnz|hourly,2026-08-17T18:48:05Z,2026-08-17T18:48:05Z,
14.0.136.118,ipv4,imap-attack,high,WHITE,blocklist.de/imap|blocklist.de/all|blocklist.de/mail|ziyadnz/hourly-ipv4,blocklist.de|imap|pop3|brute-force|spam|mail|ziyadnz|hourly,2026-08-17T18:48:05Z,2026-08-17T18:48:05Z,
14.1.105.82,ipv4,imap-attack,high,WHITE,blocklist.de/imap|blocklist.de/all|blocklist.de/mail|ziyadnz/hourly-ipv4,blocklist.de|imap|pop3|brute-force|spam|mail|ziyadnz|hourly,2026-08-17T18:48:05Z,2026-08-17T18:48:05Z,
14.153.226.185,ipv4,imap-attack,high,WHITE,blocklist.de/imap|blocklist.de/all|blocklist.de/mail|ziyadnz/hourly-ipv4,blocklist.de|imap|pop3|brute-force|spam|mail|ziyadnz|hourly,2026-08-17T18:48:05Z,2026-08-17T18:48:05Z,
14.153.230.167,ipv4,imap-attack,high,WHITE,blocklist.de/imap|blocklist.de/all|blocklist.de/mail|ziyadnz/hourly-ipv4,blocklist.de|imap|pop3|brute-force|spam|mail|ziyadnz|hourly,2026-08-17T18:48:05Z,2026-08-17T18:48:05Z,
14.155.244.116,ipv4,imap-attack,high,WHITE,blocklist.de/imap|blocklist.de/all|blocklist.de/mail|ziyadnz/hourly-ipv4,blocklist.de|imap|pop3|brute-force|spam|mail|ziyadnz|hourly,2026-08-17T18:48:05Z,2026-08-17T18:48:05Z,
14.162.146.226,ipv4,imap-attack,high,WHITE,blocklist.de/imap|blocklist.de/all|blocklist.de/mail|ziyadnz/hourly-ipv4,blocklist.de|imap|pop3|brute-force|spam|mail|ziyadnz|hourly,2026-08-17T18:48:05Z,2026-08-17T18:48:05Z,
14.18.19.118,ipv4,imap-attack,high,WHITE,blocklist.de/imap|blocklist.de/all|blocklist.de/mail|ziyadnz/hourly-ipv4,blocklist.de|imap|pop3|brute-force|spam|mail|ziyadnz|hourly,2026-08-17T18:48:05Z,2026-08-17T18:48:05Z,
14.191.1.56,ipv4,imap-attack,high,WHITE,blocklist.de/imap|blocklist.de/all|blocklist.de/mail|ziyadnz/hourly-ipv4,blocklist.de|imap|pop3|brute-force|spam|mail|ziyadnz|hourly,2026-08-17T18:48:05Z,2026-08-17T18:48:05Z,
14.194.116.93,ipv4,imap-attack,high,WHITE,blocklist.de/imap|blocklist.de/all|blocklist.de/mail|ziyadnz/hourly-ipv4,blocklist.de|imap|pop3|brute-force|spam|mail|ziyadnz|hourly,2026-08-17T18:48:05Z,2026-08-17T18:48:05Z,
14.20.155.53,ipv4,imap-attack,high,WHITE,blocklist.de/imap|blocklist.de/all|blocklist.de/mail|ziyadnz/hourly-ipv4,blocklist.de|imap|pop3|brute-force|spam|mail|ziyadnz|hourly,2026-08-17T18:48:05Z,2026-08-17T18:48:05Z,
14.20.77.129,ipv4,imap-attack,high,WHITE,blocklist.de/imap|blocklist.de/all|blocklist.de/mail|ziyadnz/hourly-ipv4,blocklist.de|imap|pop3|brute-force|spam|mail|ziyadnz|hourly,2026-08-17T18:48:05Z,2026-08-17T18:48:05Z,
14.200.249.128,ipv4,imap-attack,high,WHITE,blocklist.de/imap|blocklist.de/all|blocklist.de/mail|ziyadnz/hourly-ipv4,blocklist.de|imap|pop3|brute-force|spam|mail|ziyadnz|hourly,2026-08-17T18:48:05Z,2026-08-17T18:48:05Z,
14.201.151.159,ipv4,imap-attack,high,WHITE,blocklist.de/imap|blocklist.de/all|blocklist.de/mail|ziyadnz/hourly-ipv4,blocklist.de|imap|pop3|brute-force|spam|mail|ziyadnz|hourly,2026-08-17T18:48:05Z,2026-08-17T18:48:05Z,
14.202.236.226,ipv4,imap-attack,high,WHITE,blocklist.de/imap|blocklist.de/all|blocklist.de/mail|ziyadnz/hourly-ipv4,blocklist.de|imap|pop3|brute-force|spam|mail|ziyadnz|hourly,2026-08-17T18:48:05Z,2026-08-17T18:48:05Z,
14.224.195.143,ipv4,imap-attack,high,WHITE,blocklist.de/imap|blocklist.de/all|blocklist.de/mail|ziyadnz/hourly-ipv4,blocklist.de|imap|pop3|brute-force|spam|mail|ziyadnz|hourly,2026-08-17T18:48:05Z,2026-08-17T18:48:05Z,
14.224.227.2,ipv4,imap-attack,high,WHITE,blocklist.de/imap|blocklist.de/all|blocklist.de/mail|ziyadnz/hourly-ipv4,blocklist.de|imap|pop3|brute-force|spam|mail|ziyadnz|hourly,2026-08-17T18:48:05Z,2026-08-17T18:48:05Z,
14.225.204.30,ipv4,imap-attack,high,WHITE,blocklist.de/imap|blocklist.de/all|blocklist.de/mail|ziyadnz/hourly-ipv4,blocklist.de|imap|pop3|brute-force|spam|mail|ziyadnz|hourly,2026-08-17T18:48:05Z,2026-08-17T18:48:05Z,
14.225.62.120,ipv4,imap-attack,high,WHITE,blocklist.de/imap|blocklist.de/all|blocklist.de/mail|ziyadnz/hourly-ipv4,blocklist.de|imap|pop3|brute-force|spam|mail|ziyadnz|hourly,2026-08-17T18:48:05Z,2026-08-17T18:48:05Z,
14.226.70.175,ipv4,imap-attack,high,WHITE,blocklist.de/imap|blocklist.de/all|blocklist.de/mail|ziyadnz/hourly-ipv4,blocklist.de|imap|pop3|brute-force|spam|mail|ziyadnz|hourly,2026-08-17T18:48:05Z,2026-08-17T18:48:05Z,
14.231.140.42,ipv4,imap-attack,high,WHITE,blocklist.de/imap|blocklist.de/all|blocklist.de/mail|ziyadnz/hourly-ipv4,blocklist.de|imap|pop3|brute-force|spam|mail|ziyadnz|hourly,2026-08-17T18:48:05Z,2026-08-17T18:48:05Z,
14.232.58.9,ipv4,imap-attack,high,WHITE,blocklist.de/imap|blocklist.de/all|blocklist.de/mail|ziyadnz/hourly-ipv4,blocklist.de|imap|pop3|brute-force|spam|mail|ziyadnz|hourly,2026-08-17T18:48:05Z,2026-08-17T18:48:05Z,
14.238.34.90,ipv4,imap-attack,high,WHITE,blocklist.de/imap|blocklist.de/all|blocklist.de/mail|ziyadnz/hourly-ipv4,blocklist.de|imap|pop3|brute-force|spam|mail|ziyadnz|hourly,2026-08-17T18:48:05Z,2026-08-17T18:48:05Z,
14.241.100.77,ipv4,imap-attack,high,WHITE,blocklist.de/imap|blocklist.de/all|blocklist.de/mail|ziyadnz/hourly-ipv4,blocklist.de|imap|pop3|brute-force|spam|mail|ziyadnz|hourly,2026-08-17T18:48:05Z,2026-08-17T18:48:05Z,
14.32.244.233,ipv4,imap-attack,high,WHITE,blocklist.de/imap|blocklist.de/all|blocklist.de/mail|ziyadnz/hourly-ipv4,blocklist.de|imap|pop3|brute-force|spam|mail|ziyadnz|hourly,2026-08-17T18:48:05Z,2026-08-17T18:48:05Z,
14.34.85.99,ipv4,imap-attack,high,WHITE,blocklist.de/imap|blocklist.de/all|blocklist.de/mail|ziyadnz/hourly-ipv4,blocklist.de|imap|pop3|brute-force|spam|mail|ziyadnz|hourly,2026-08-17T18:48:05Z,2026-08-17T18:48:05Z,
14.35.209.208,ipv4,imap-attack,high,WHITE,blocklist.de/imap|blocklist.de/all|blocklist.de/mail|ziyadnz/hourly-ipv4,blocklist.de|imap|pop3|brute-force|spam|mail|ziyadnz|hourly,2026-08-17T18:48:05Z,2026-08-17T18:48:05Z,
14.39.115.151,ipv4,imap-attack,high,WHITE,blocklist.de/imap|blocklist.de/all|blocklist.de/mail|ziyadnz/hourly-ipv4,blocklist.de|imap|pop3|brute-force|spam|mail|ziyadnz|hourly,2026-08-17T18:48:05Z,2026-08-17T18:48:05Z,
14.39.118.205,ipv4,imap-attack,high,WHITE,blocklist.de/imap|blocklist.de/all|blocklist.de/mail|ziyadnz/hourly-ipv4,blocklist.de|imap|pop3|brute-force|spam|mail|ziyadnz|hourly,2026-08-17T18:48:05Z,2026-08-17T18:48:05Z,
14.39.124.140,ipv4,imap-attack,high,WHITE,blocklist.de/imap|blocklist.de/all|blocklist.de/mail|ziyadnz/hourly-ipv4,blocklist.de|imap|pop3|brute-force|spam|mail|ziyadnz|hourly,2026-08-17T18:48:05Z,2026-08-17T18:48:05Z,
14.39.125.83,ipv4,imap-attack,high,WHITE,blocklist.de/imap|blocklist.de/all|blocklist.de/mail|ziyadnz/hourly-ipv4,blocklist.de|imap|pop3|brute-force|spam|mail|ziyadnz|hourly,2026-08-17T18:48:05Z,2026-08-17T18:48:05Z,
14.39.96.69,ipv4,imap-attack,high,WHITE,blocklist.de/imap|blocklist.de/all|blocklist.de/mail|ziyadnz/hourly-ipv4,blocklist.de|imap|pop3|brute-force|spam|mail|ziyadnz|hourly,2026-08-17T18:48:05Z,2026-08-17T18:48:05Z,
14.41.26.141,ipv4,imap-attack,high,WHITE,blocklist.de/imap|blocklist.de/all|blocklist.de/mail|ziyadnz/hourly-ipv4,blocklist.de|imap|pop3|brute-force|spam|mail|ziyadnz|hourly,2026-08-17T18:48:05Z,2026-08-17T18:48:05Z,
14.41.92.28,ipv4,imap-attack,high,WHITE,blocklist.de/imap|blocklist.de/all|blocklist.de/mail|ziyadnz/hourly-ipv4,blocklist.de|imap|pop3|brute-force|spam|mail|ziyadnz|hourly,2026-08-17T18:48:05Z,2026-08-17T18:48:05Z,
14.42.47.150,ipv4,imap-attack,high,WHITE,blocklist.de/imap|blocklist.de/all|blocklist.de/mail|ziyadnz/hourly-ipv4,blocklist.de|imap|pop3|brute-force|spam|mail|ziyadnz|hourly,2026-08-17T18:48:05Z,2026-08-17T18:48:05Z,
14.45.146.133,ipv4,imap-attack,high,WHITE,blocklist.de/imap|blocklist.de/all|blocklist.de/mail|ziyadnz/hourly-ipv4,blocklist.de|imap|pop3|brute-force|spam|mail|ziyadnz|hourly,2026-08-17T18:48:05Z,2026-08-17T18:48:05Z,
14.47.3.221,ipv4,imap-attack,high,WHITE,blocklist.de/imap|blocklist.de/all|blocklist.de/mail|ziyadnz/hourly-ipv4,blocklist.de|imap|pop3|brute-force|spam|mail|ziyadnz|hourly,2026-08-17T18:48:05Z,2026-08-17T18:48:05Z,
14.47.61.251,ipv4,imap-attack,high,WHITE,blocklist.de/imap|blocklist.de/all|blocklist.de/mail|ziyadnz/hourly-ipv4,blocklist.de|imap|pop3|brute-force|spam|mail|ziyadnz|hourly,2026-08-17T18:48:05Z,2026-08-17T18:48:05Z,
14.48.251.107,ipv4,imap-attack,high,WHITE,blocklist.de/imap|blocklist.de/all|blocklist.de/mail|ziyadnz/hourly-ipv4,blocklist.de|imap|pop3|brute-force|spam|mail|ziyadnz|hourly,2026-08-17T18:48:05Z,2026-08-17T18:48:05Z,
14.49.138.70,ipv4,imap-attack,high,WHITE,blocklist.de/imap|blocklist.de/all|blocklist.de/mail|ziyadnz/hourly-ipv4,blocklist.de|imap|pop3|brute-force|spam|mail|ziyadnz|hourly,2026-08-17T18:48:05Z,2026-08-17T18:48:05Z,
14.49.140.89,ipv4,imap-attack,high,WHITE,blocklist.de/imap|blocklist.de/all|blocklist.de/mail|ziyadnz/hourly-ipv4,blocklist.de|imap|pop3|brute-force|spam|mail|ziyadnz|hourly,2026-08-17T18:48:05Z,2026-08-17T18:48:05Z,
14.49.143.253,ipv4,imap-attack,high,WHITE,blocklist.de/imap|blocklist.de/all|blocklist.de/mail|ziyadnz/hourly-ipv4,blocklist.de|imap|pop3|brute-force|spam|mail|ziyadnz|hourly,2026-08-17T18:48:05Z,2026-08-17T18:48:05Z,
14.49.155.71,ipv4,imap-attack,high,WHITE,blocklist.de/imap|blocklist.de/all|blocklist.de/mail|ziyadnz/hourly-ipv4,blocklist.de|imap|pop3|brute-force|spam|mail|ziyadnz|hourly,2026-08-17T18:48:05Z,2026-08-17T18:48:05Z,
14.49.163.100,ipv4,imap-attack,high,WHITE,blocklist.de/imap|blocklist.de/all|blocklist.de/mail|ziyadnz/hourly-ipv4,blocklist.de|imap|pop3|brute-force|spam|mail|ziyadnz|hourly,2026-08-17T18:48:05Z,2026-08-17T18:48:05Z,
14.49.167.241,ipv4,imap-attack,high,WHITE,blocklist.de/imap|blocklist.de/all|blocklist.de/mail|ziyadnz/hourly-ipv4,blocklist.de|imap|pop3|brute-force|spam|mail|ziyadnz|hourly,2026-08-17T18:48:05Z,2026-08-17T18:48:05Z,
14.49.178.33,ipv4,imap-attack,high,WHITE,blocklist.de/imap|blocklist.de/all|blocklist.de/mail|ziyadnz/hourly-ipv4,blocklist.de|imap|pop3|brute-force|spam|mail|ziyadnz|hourly,2026-08-17T18:48:05Z,2026-08-17T18:48:05Z,
14.49.180.212,ipv4,imap-attack,high,WHITE,blocklist.de/imap|blocklist.de/all|blocklist.de/mail|ziyadnz/hourly-ipv4,blocklist.de|imap|pop3|brute-force|spam|mail|ziyadnz|hourly,2026-08-17T18:48:05Z,2026-08-17T18:48:05Z,
14.49.181.83,ipv4,imap-attack,high,WHITE,blocklist.de/imap|blocklist.de/all|blocklist.de/mail|ziyadnz/hourly-ipv4,blocklist.de|imap|pop3|brute-force|spam|mail|ziyadnz|hourly,2026-08-17T18:48:05Z,2026-08-17T18:48:05Z,
14.49.240.192,ipv4,imap-attack,high,WHITE,blocklist.de/imap|blocklist.de/all|blocklist.de/mail|ziyadnz/hourly-ipv4,blocklist.de|imap|pop3|brute-force|spam|mail|ziyadnz|hourly,2026-08-17T18:48:05Z,2026-08-17T18:48:05Z,
14.49.240.92,ipv4,imap-attack,high,WHITE,blocklist.de/imap|blocklist.de/all|blocklist.de/mail|ziyadnz/hourly-ipv4,blocklist.de|imap|pop3|brute-force|spam|mail|ziyadnz|hourly,2026-08-17T18:48:05Z,2026-08-17T18:48:05Z,
14.51.12.142,ipv4,imap-attack,high,WHITE,blocklist.de/imap|blocklist.de/all|blocklist.de/mail|ziyadnz/hourly-ipv4,blocklist.de|imap|pop3|brute-force|spam|mail|ziyadnz|hourly,2026-08-17T18:48:05Z,2026-08-17T18:48:05Z,
14.54.95.26,ipv4,imap-attack,high,WHITE,blocklist.de/imap|blocklist.de/all|blocklist.de/mail|ziyadnz/hourly-ipv4,blocklist.de|imap|pop3|brute-force|spam|mail|ziyadnz|hourly,2026-08-17T18:48:05Z,2026-08-17T18:48:05Z,
140.177.204.75,ipv4,imap-attack,high,WHITE,blocklist.de/imap|blocklist.de/all|blocklist.de/mail|ziyadnz/hourly-ipv4,blocklist.de|imap|pop3|brute-force|spam|mail|ziyadnz|hourly,2026-08-17T18:48:05Z,2026-08-17T18:48:05Z,
140.206.118.82,ipv4,imap-attack,high,WHITE,blocklist.de/imap|blocklist.de/all|blocklist.de/mail|ziyadnz/hourly-ipv4,blocklist.de|imap|pop3|brute-force|spam|mail|ziyadnz|hourly,2026-08-17T18:48:05Z,2026-08-17T18:48:05Z,
140.207.53.100,ipv4,imap-attack,high,WHITE,blocklist.de/imap|blocklist.de/all|blocklist.de/mail|ziyadnz/hourly-ipv4,blocklist.de|imap|pop3|brute-force|spam|mail|ziyadnz|hourly,2026-08-17T18:48:05Z,2026-08-17T18:48:05Z,
141.98.10.26,ipv4,imap-attack,high,WHITE,blocklist.de/imap|blocklist.de/all|blocklist.de/mail|ziyadnz/hourly-ipv4,blocklist.de|imap|pop3|brute-force|spam|mail|ziyadnz|hourly,2026-08-17T18:48:05Z,2026-08-17T18:48:05Z,
143.0.64.217,ipv4,imap-attack,high,WHITE,blocklist.de/imap|blocklist.de/all|blocklist.de/mail|ziyadnz/hourly-ipv4,blocklist.de|imap|pop3|brute-force|spam|mail|ziyadnz|hourly,2026-08-17T18:48:05Z,2026-08-17T18:48:05Z,
143.198.237.18,ipv4,imap-attack,high,WHITE,blocklist.de/imap|blocklist.de/all|blocklist.de/mail|ziyadnz/hourly-ipv4,blocklist.de|imap|pop3|brute-force|spam|mail|ziyadnz|hourly,2026-08-17T18:48:05Z,2026-08-17T18:48:05Z,
143.198.37.183,ipv4,imap-attack,high,WHITE,blocklist.de/imap|blocklist.de/all|blocklist.de/mail|ziyadnz/hourly-ipv4,blocklist.de|imap|pop3|brute-force|spam|mail|ziyadnz|hourly,2026-08-17T18:48:05Z,2026-08-17T18:48:05Z,
143.202.145.6,ipv4,imap-attack,high,WHITE,blocklist.de/imap|blocklist.de/all|blocklist.de/mail|ziyadnz/hourly-ipv4,blocklist.de|imap|pop3|brute-force|spam|mail|ziyadnz|hourly,2026-08-17T18:48:05Z,2026-08-17T18:48:05Z,
143.208.251.209,ipv4,imap-attack,high,WHITE,blocklist.de/imap|blocklist.de/all|blocklist.de/mail|ziyadnz/hourly-ipv4,blocklist.de|imap|pop3|brute-force|spam|mail|ziyadnz|hourly,2026-08-17T18:48:05Z,2026-08-17T18:48:05Z,
143.255.0.26,ipv4,imap-attack,high,WHITE,blocklist.de/imap|blocklist.de/all|blocklist.de/mail|ziyadnz/hourly-ipv4,blocklist.de|imap|pop3|brute-force|spam|mail|ziyadnz|hourly,2026-08-17T18:48:05Z,2026-08-17T18:48:05Z,
143.255.104.159,ipv4,imap-attack,high,WHITE,blocklist.de/imap|blocklist.de/all|blocklist.de/mail|ziyadnz/hourly-ipv4,blocklist.de|imap|pop3|brute-force|spam|mail|ziyadnz|hourly,2026-08-17T18:48:05Z,2026-08-17T18:48:05Z,
143.255.85.145,ipv4,imap-attack,high,WHITE,blocklist.de/imap|blocklist.de/all|blocklist.de/mail|ziyadnz/hourly-ipv4,blocklist.de|imap|pop3|brute-force|spam|mail|ziyadnz|hourly,2026-08-17T18:48:05Z,2026-08-17T18:48:05Z,
143.44.165.141,ipv4,imap-attack,high,WHITE,blocklist.de/imap|blocklist.de/all|blocklist.de/mail|ziyadnz/hourly-ipv4,blocklist.de|imap|pop3|brute-force|spam|mail|ziyadnz|hourly,2026-08-17T18:48:05Z,2026-08-17T18:48:05Z,
143.44.165.185,ipv4,imap-attack,high,WHITE,blocklist.de/imap|blocklist.de/all|blocklist.de/mail|ziyadnz/hourly-ipv4,blocklist.de|imap|pop3|brute-force|spam|mail|ziyadnz|hourly,2026-08-17T18:48:05Z,2026-08-17T18:48:05Z,
144.123.153.214,ipv4,imap-attack,high,WHITE,blocklist.de/imap|blocklist.de/all|blocklist.de/mail|ziyadnz/hourly-ipv4,blocklist.de|imap|pop3|brute-force|spam|mail|ziyadnz|hourly,2026-08-17T18:48:05Z,2026-08-17T18:48:05Z,
144.124.192.13,ipv4,imap-attack,high,WHITE,blocklist.de/imap|blocklist.de/all|blocklist.de/mail|ziyadnz/hourly-ipv4,blocklist.de|imap|pop3|brute-force|spam|mail|ziyadnz|hourly,2026-08-17T18:48:05Z,2026-08-17T18:48:05Z,
144.124.199.221,ipv4,imap-attack,high,WHITE,blocklist.de/imap|blocklist.de/all|blocklist.de/mail|ziyadnz/hourly-ipv4,blocklist.de|imap|pop3|brute-force|spam|mail|ziyadnz|hourly,2026-08-17T18:48:05Z,2026-08-17T18:48:05Z,
144.22.210.132,ipv4,imap-attack,high,WHITE,blocklist.de/imap|blocklist.de/all|blocklist.de/mail|ziyadnz/hourly-ipv4,blocklist.de|imap|pop3|brute-force|spam|mail|ziyadnz|hourly,2026-08-17T18:48:05Z,2026-08-17T18:48:05Z,
144.24.209.174,ipv4,imap-attack,high,WHITE,blocklist.de/imap|blocklist.de/all|blocklist.de/mail|ziyadnz/hourly-ipv4,blocklist.de|imap|pop3|brute-force|spam|mail|ziyadnz|hourly,2026-08-17T18:48:05Z,2026-08-17T18:48:05Z,
144.79.133.40,ipv4,imap-attack,high,WHITE,blocklist.de/imap|blocklist.de/all|blocklist.de/mail|ziyadnz/hourly-ipv4,blocklist.de|imap|pop3|brute-force|spam|mail|ziyadnz|hourly,2026-08-17T18:48:05Z,2026-08-17T18:48:05Z,
144.79.57.238,ipv4,imap-attack,high,WHITE,blocklist.de/imap|blocklist.de/all|blocklist.de/mail|ziyadnz/hourly-ipv4,blocklist.de|imap|pop3|brute-force|spam|mail|ziyadnz|hourly,2026-08-17T18:48:05Z,2026-08-17T18:48:05Z,
145.224.111.185,ipv4,imap-attack,high,WHITE,blocklist.de/imap|blocklist.de/all|blocklist.de/mail|ziyadnz/hourly-ipv4,blocklist.de|imap|pop3|brute-force|spam|mail|ziyadnz|hourly,2026-08-17T18:48:05Z,2026-08-17T18:48:05Z,
145.82.207.151,ipv4,imap-attack,high,WHITE,blocklist.de/imap|blocklist.de/all|blocklist.de/mail|ziyadnz/hourly-ipv4,blocklist.de|imap|pop3|brute-force|spam|mail|ziyadnz|hourly,2026-08-17T18:48:05Z,2026-08-17T18:48:05Z,
146.158.110.26,ipv4,imap-attack,high,WHITE,blocklist.de/imap|blocklist.de/all|blocklist.de/mail|ziyadnz/hourly-ipv4,blocklist.de|imap|pop3|brute-force|spam|mail|ziyadnz|hourly,2026-08-17T18:48:05Z,2026-08-17T18:48:05Z,
146.66.19.126,ipv4,imap-attack,high,WHITE,blocklist.de/imap|blocklist.de/all|blocklist.de/mail|ziyadnz/hourly-ipv4,blocklist.de|imap|pop3|brute-force|spam|mail|ziyadnz|hourly,2026-08-17T18:48:05Z,2026-08-17T18:48:05Z,
147.136.253.57,ipv4,imap-attack,high,WHITE,blocklist.de/imap|blocklist.de/all|blocklist.de/mail|ziyadnz/hourly-ipv4,blocklist.de|imap|pop3|brute-force|spam|mail|ziyadnz|hourly,2026-08-17T18:48:05Z,2026-08-17T18:48:05Z,
147.148.205.252,ipv4,imap-attack,high,WHITE,blocklist.de/imap|blocklist.de/all|blocklist.de/mail|ziyadnz/hourly-ipv4,blocklist.de|imap|pop3|brute-force|spam|mail|ziyadnz|hourly,2026-08-17T18:48:05Z,2026-08-17T18:48:05Z,
147.185.132.148,ipv4,imap-attack,high,WHITE,blocklist.de/imap|blocklist.de/all|blocklist.de/mail|ziyadnz/hourly-ipv4,blocklist.de|imap|pop3|brute-force|spam|mail|ziyadnz|hourly,2026-08-17T18:48:05Z,2026-08-17T18:48:05Z,
147.229.22.230,ipv4,imap-attack,high,WHITE,blocklist.de/imap|blocklist.de/all|blocklist.de/mail|ziyadnz/hourly-ipv4,blocklist.de|imap|pop3|brute-force|spam|mail|ziyadnz|hourly,2026-08-17T18:48:05Z,2026-08-17T18:48:05Z,
147.30.74.250,ipv4,imap-attack,high,WHITE,blocklist.de/imap|blocklist.de/all|blocklist.de/mail|ziyadnz/hourly-ipv4,blocklist.de|imap|pop3|brute-force|spam|mail|ziyadnz|hourly,2026-08-17T18:48:05Z,2026-08-17T18:48:05Z,
148.170.129.74,ipv4,imap-attack,high,WHITE,blocklist.de/imap|blocklist.de/all|blocklist.de/mail|ziyadnz/hourly-ipv4,blocklist.de|imap|pop3|brute-force|spam|mail|ziyadnz|hourly,2026-08-17T18:48:05Z,2026-08-17T18:48:05Z,
148.170.156.248,ipv4,imap-attack,high,WHITE,blocklist.de/imap|blocklist.de/all|blocklist.de/mail|ziyadnz/hourly-ipv4,blocklist.de|imap|pop3|brute-force|spam|mail|ziyadnz|hourly,2026-08-17T18:48:05Z,2026-08-17T18:48:05Z,
148.227.123.213,ipv4,imap-attack,high,WHITE,blocklist.de/imap|blocklist.de/all|blocklist.de/mail|ziyadnz/hourly-ipv4,blocklist.de|imap|pop3|brute-force|spam|mail|ziyadnz|hourly,2026-08-17T18:48:05Z,2026-08-17T18:48:05Z,
148.227.91.88,ipv4,imap-attack,high,WHITE,blocklist.de/imap|blocklist.de/all|blocklist.de/mail|ziyadnz/hourly-ipv4,blocklist.de|imap|pop3|brute-force|spam|mail|ziyadnz|hourly,2026-08-17T18:48:05Z,2026-08-17T18:48:05Z,
149.27.182.73,ipv4,imap-attack,high,WHITE,blocklist.de/imap|blocklist.de/all|blocklist.de/mail|ziyadnz/hourly-ipv4,blocklist.de|imap|pop3|brute-force|spam|mail|ziyadnz|hourly,2026-08-17T18:48:05Z,2026-08-17T18:48:05Z,
149.34.211.132,ipv4,imap-attack,high,WHITE,blocklist.de/imap|blocklist.de/all|blocklist.de/mail|ziyadnz/hourly-ipv4,blocklist.de|imap|pop3|brute-force|spam|mail|ziyadnz|hourly,2026-08-17T18:48:05Z,2026-08-17T18:48:05Z,
149.40.49.227,ipv4,imap-attack,high,WHITE,blocklist.de/imap|blocklist.de/all|blocklist.de/mail|ziyadnz/hourly-ipv4,blocklist.de|imap|pop3|brute-force|spam|mail|ziyadnz|hourly,2026-08-17T18:48:05Z,2026-08-17T18:48:05Z,
149.54.131.230,ipv4,imap-attack,high,WHITE,blocklist.de/imap|blocklist.de/all|blocklist.de/mail|ziyadnz/hourly-ipv4,blocklist.de|imap|pop3|brute-force|spam|mail|ziyadnz|hourly,2026-08-17T18:48:05Z,2026-08-17T18:48:05Z,
149.54.40.182,ipv4,imap-attack,high,WHITE,blocklist.de/imap|blocklist.de/all|blocklist.de/mail|ziyadnz/hourly-ipv4,blocklist.de|imap|pop3|brute-force|spam|mail|ziyadnz|hourly,2026-08-17T18:48:05Z,2026-08-17T18:48:05Z,
149.54.40.94,ipv4,imap-attack,high,WHITE,blocklist.de/imap|blocklist.de/all|blocklist.de/mail|ziyadnz/hourly-ipv4,blocklist.de|imap|pop3|brute-force|spam|mail|ziyadnz|hourly,2026-08-17T18:48:05Z,2026-08-17T18:48:05Z,
149.54.51.154,ipv4,imap-attack,high,WHITE,blocklist.de/imap|blocklist.de/all|blocklist.de/mail|ziyadnz/hourly-ipv4,blocklist.de|imap|pop3|brute-force|spam|mail|ziyadnz|hourly,2026-08-17T18:48:05Z,2026-08-17T18:48:05Z,
149.54.51.82,ipv4,imap-attack,high,WHITE,blocklist.de/imap|blocklist.de/all|blocklist.de/mail|ziyadnz/hourly-ipv4,blocklist.de|imap|pop3|brute-force|spam|mail|ziyadnz|hourly,2026-08-17T18:48:05Z,2026-08-17T18:48:05Z,
149.54.62.118,ipv4,imap-attack,high,WHITE,blocklist.de/imap|blocklist.de/all|blocklist.de/mail|ziyadnz/hourly-ipv4,blocklist.de|imap|pop3|brute-force|spam|mail|ziyadnz|hourly,2026-08-17T18:48:05Z,2026-08-17T18:48:05Z,
149.54.62.170,ipv4,imap-attack,high,WHITE,blocklist.de/imap|blocklist.de/all|blocklist.de/mail|ziyadnz/hourly-ipv4,blocklist.de|imap|pop3|brute-force|spam|mail|ziyadnz|hourly,2026-08-17T18:48:05Z,2026-08-17T18:48:05Z,
149.54.62.254,ipv4,imap-attack,high,WHITE,blocklist.de/imap|blocklist.de/all|blocklist.de/mail|ziyadnz/hourly-ipv4,blocklist.de|imap|pop3|brute-force|spam|mail|ziyadnz|hourly,2026-08-17T18:48:05Z,2026-08-17T18:48:05Z,
149.54.62.62,ipv4,imap-attack,high,WHITE,blocklist.de/imap|blocklist.de/all|blocklist.de/mail|ziyadnz/hourly-ipv4,blocklist.de|imap|pop3|brute-force|spam|mail|ziyadnz|hourly,2026-08-17T18:48:05Z,2026-08-17T18:48:05Z,
149.54.81.34,ipv4,imap-attack,high,WHITE,blocklist.de/imap|blocklist.de/all|blocklist.de/mail|ziyadnz/hourly-ipv4,blocklist.de|imap|pop3|brute-force|spam|mail|ziyadnz|hourly,2026-08-17T18:48:05Z,2026-08-17T18:48:05Z,
149.54.81.46,ipv4,imap-attack,high,WHITE,blocklist.de/imap|blocklist.de/all|blocklist.de/mail|ziyadnz/hourly-ipv4,blocklist.de|imap|pop3|brute-force|spam|mail|ziyadnz|hourly,2026-08-17T18:48:05Z,2026-08-17T18:48:05Z,
149.6.24.245,ipv4,imap-attack,high,WHITE,blocklist.de/imap|blocklist.de/all|blocklist.de/mail|ziyadnz/hourly-ipv4,blocklist.de|imap|pop3|brute-force|spam|mail|ziyadnz|hourly,2026-08-17T18:48:05Z,2026-08-17T18:48:05Z,
149.62.236.44,ipv4,imap-attack,high,WHITE,blocklist.de/imap|blocklist.de/all|blocklist.de/mail|ziyadnz/hourly-ipv4,blocklist.de|imap|pop3|brute-force|spam|mail|ziyadnz|hourly,2026-08-17T18:48:05Z,2026-08-17T18:48:05Z,
149.71.34.141,ipv4,imap-attack,high,WHITE,blocklist.de/imap|blocklist.de/all|blocklist.de/mail|ziyadnz/hourly-ipv4,blocklist.de|imap|pop3|brute-force|spam|mail|ziyadnz|hourly,2026-08-17T18:48:05Z,2026-08-17T18:48:05Z,
149.86.146.250,ipv4,imap-attack,high,WHITE,blocklist.de/imap|blocklist.de/all|blocklist.de/mail|ziyadnz/hourly-ipv4,blocklist.de|imap|pop3|brute-force|spam|mail|ziyadnz|hourly,2026-08-17T18:48:05Z,2026-08-17T18:48:05Z,
149.90.0.54,ipv4,imap-attack,high,WHITE,blocklist.de/imap|blocklist.de/all|blocklist.de/mail|ziyadnz/hourly-ipv4,blocklist.de|imap|pop3|brute-force|spam|mail|ziyadnz|hourly,2026-08-17T18:48:05Z,2026-08-17T18:48:05Z,
15.218.135.58,ipv4,imap-attack,high,WHITE,blocklist.de/imap|blocklist.de/all|blocklist.de/mail|ziyadnz/hourly-ipv4,blocklist.de|imap|pop3|brute-force|spam|mail|ziyadnz|hourly,2026-08-17T18:48:05Z,2026-08-17T18:48:05Z,
150.107.106.154,ipv4,imap-attack,high,WHITE,blocklist.de/imap|blocklist.de/all|blocklist.de/mail|ziyadnz/hourly-ipv4,blocklist.de|imap|pop3|brute-force|spam|mail|ziyadnz|hourly,2026-08-17T18:48:05Z,2026-08-17T18:48:05Z,
150.228.105.112,ipv4,imap-attack,high,WHITE,blocklist.de/imap|blocklist.de/all|blocklist.de/mail|ziyadnz/hourly-ipv4,blocklist.de|imap|pop3|brute-force|spam|mail|ziyadnz|hourly,2026-08-17T18:48:05Z,2026-08-17T18:48:05Z,
151.158.30.186,ipv4,imap-attack,high,WHITE,blocklist.de/imap|blocklist.de/all|blocklist.de/mail|ziyadnz/hourly-ipv4,blocklist.de|imap|pop3|brute-force|spam|mail|ziyadnz|hourly,2026-08-17T18:48:05Z,2026-08-17T18:48:05Z,
151.177.92.78,ipv4,imap-attack,high,WHITE,blocklist.de/imap|blocklist.de/all|blocklist.de/mail|ziyadnz/hourly-ipv4,blocklist.de|imap|pop3|brute-force|spam|mail|ziyadnz|hourly,2026-08-17T18:48:05Z,2026-08-17T18:48:05Z,
151.255.32.137,ipv4,imap-attack,high,WHITE,blocklist.de/imap|blocklist.de/all|blocklist.de/mail|ziyadnz/hourly-ipv4,blocklist.de|imap|pop3|brute-force|spam|mail|ziyadnz|hourly,2026-08-17T18:48:05Z,2026-08-17T18:48:05Z,
151.82.31.176,ipv4,imap-attack,high,WHITE,blocklist.de/imap|blocklist.de/all|blocklist.de/mail|ziyadnz/hourly-ipv4,blocklist.de|imap|pop3|brute-force|spam|mail|ziyadnz|hourly,2026-08-17T18:48:05Z,2026-08-17T18:48:05Z,
152.207.213.4,ipv4,imap-attack,high,WHITE,blocklist.de/imap|blocklist.de/all|blocklist.de/mail|ziyadnz/hourly-ipv4,blocklist.de|imap|pop3|brute-force|spam|mail|ziyadnz|hourly,2026-08-17T18:48:05Z,2026-08-17T18:48:05Z,
152.231.228.57,ipv4,imap-attack,high,WHITE,blocklist.de/imap|blocklist.de/all|blocklist.de/mail|ziyadnz/hourly-ipv4,blocklist.de|imap|pop3|brute-force|spam|mail|ziyadnz|hourly,2026-08-17T18:48:05Z,2026-08-17T18:48:05Z,
152.32.207.88,ipv4,imap-attack,high,WHITE,blocklist.de/imap|blocklist.de/all|blocklist.de/mail|ziyadnz/hourly-ipv4,blocklist.de|imap|pop3|brute-force|spam|mail|ziyadnz|hourly,2026-08-17T18:48:05Z,2026-08-17T18:48:05Z,
152.32.208.106,ipv4,imap-attack,high,WHITE,blocklist.de/imap|blocklist.de/all|blocklist.de/mail|ziyadnz/hourly-ipv4,blocklist.de|imap|pop3|brute-force|spam|mail|ziyadnz|hourly,2026-08-17T18:48:05Z,2026-08-17T18:48:05Z,
152.32.233.235,ipv4,imap-attack,high,WHITE,blocklist.de/imap|blocklist.de/all|blocklist.de/mail|ziyadnz/hourly-ipv4,blocklist.de|imap|pop3|brute-force|spam|mail|ziyadnz|hourly,2026-08-17T18:48:05Z,2026-08-17T18:48:05Z,
152.52.183.50,ipv4,imap-attack,high,WHITE,blocklist.de/imap|blocklist.de/all|blocklist.de/mail|ziyadnz/hourly-ipv4,blocklist.de|imap|pop3|brute-force|spam|mail|ziyadnz|hourly,2026-08-17T18:48:05Z,2026-08-17T18:48:05Z,
152.52.192.162,ipv4,imap-attack,high,WHITE,blocklist.de/imap|blocklist.de/all|blocklist.de/mail|ziyadnz/hourly-ipv4,blocklist.de|imap|pop3|brute-force|spam|mail|ziyadnz|hourly,2026-08-17T18:48:05Z,2026-08-17T18:48:05Z,
152.52.197.130,ipv4,imap-attack,high,WHITE,blocklist.de/imap|blocklist.de/all|blocklist.de/mail|ziyadnz/hourly-ipv4,blocklist.de|imap|pop3|brute-force|spam|mail|ziyadnz|hourly,2026-08-17T18:48:05Z,2026-08-17T18:48:05Z,
152.52.198.42,ipv4,imap-attack,high,WHITE,blocklist.de/imap|blocklist.de/all|blocklist.de/mail|ziyadnz/hourly-ipv4,blocklist.de|imap|pop3|brute-force|spam|mail|ziyadnz|hourly,2026-08-17T18:48:05Z,2026-08-17T18:48:05Z,
152.52.209.54,ipv4,imap-attack,high,WHITE,blocklist.de/imap|blocklist.de/all|blocklist.de/mail|ziyadnz/hourly-ipv4,blocklist.de|imap|pop3|brute-force|spam|mail|ziyadnz|hourly,2026-08-17T18:48:05Z,2026-08-17T18:48:05Z,
152.52.227.94,ipv4,imap-attack,high,WHITE,blocklist.de/imap|blocklist.de/all|blocklist.de/mail|ziyadnz/hourly-ipv4,blocklist.de|imap|pop3|brute-force|spam|mail|ziyadnz|hourly,2026-08-17T18:48:05Z,2026-08-17T18:48:05Z,
152.52.232.174,ipv4,imap-attack,high,WHITE,blocklist.de/imap|blocklist.de/all|blocklist.de/mail|ziyadnz/hourly-ipv4,blocklist.de|imap|pop3|brute-force|spam|mail|ziyadnz|hourly,2026-08-17T18:48:05Z,2026-08-17T18:48:05Z,
152.52.240.162,ipv4,imap-attack,high,WHITE,blocklist.de/imap|blocklist.de/all|blocklist.de/mail|ziyadnz/hourly-ipv4,blocklist.de|imap|pop3|brute-force|spam|mail|ziyadnz|hourly,2026-08-17T18:48:05Z,2026-08-17T18:48:05Z,
152.58.58.231,ipv4,imap-attack,high,WHITE,blocklist.de/imap|blocklist.de/all|blocklist.de/mail|ziyadnz/hourly-ipv4,blocklist.de|imap|pop3|brute-force|spam|mail|ziyadnz|hourly,2026-08-17T18:48:05Z,2026-08-17T18:48:05Z,
152.59.191.255,ipv4,imap-attack,high,WHITE,blocklist.de/imap|blocklist.de/all|blocklist.de/mail|ziyadnz/hourly-ipv4,blocklist.de|imap|pop3|brute-force|spam|mail|ziyadnz|hourly,2026-08-17T18:48:05Z,2026-08-17T18:48:05Z,
152.67.48.120,ipv4,imap-attack,high,WHITE,blocklist.de/imap|blocklist.de/all|blocklist.de/mail|ziyadnz/hourly-ipv4,blocklist.de|imap|pop3|brute-force|spam|mail|ziyadnz|hourly,2026-08-17T18:48:05Z,2026-08-17T18:48:05Z,
153.200.206.239,ipv4,imap-attack,high,WHITE,blocklist.de/imap|blocklist.de/all|blocklist.de/mail|ziyadnz/hourly-ipv4,blocklist.de|imap|pop3|brute-force|spam|mail|ziyadnz|hourly,2026-08-17T18:48:05Z,2026-08-17T18:48:05Z,
153.37.227.72,ipv4,imap-attack,high,WHITE,blocklist.de/imap|blocklist.de/all|blocklist.de/mail|ziyadnz/hourly-ipv4,blocklist.de|imap|pop3|brute-force|spam|mail|ziyadnz|hourly,2026-08-17T18:48:05Z,2026-08-17T18:48:05Z,
153.51.233.17,ipv4,imap-attack,high,WHITE,blocklist.de/imap|blocklist.de/all|blocklist.de/mail|ziyadnz/hourly-ipv4,blocklist.de|imap|pop3|brute-force|spam|mail|ziyadnz|hourly,2026-08-17T18:48:05Z,2026-08-17T18:48:05Z,
153.51.238.31,ipv4,imap-attack,high,WHITE,blocklist.de/imap|blocklist.de/all|blocklist.de/mail|ziyadnz/hourly-ipv4,blocklist.de|imap|pop3|brute-force|spam|mail|ziyadnz|hourly,2026-08-17T18:48:05Z,2026-08-17T18:48:05Z,
153.51.238.54,ipv4,imap-attack,high,WHITE,blocklist.de/imap|blocklist.de/all|blocklist.de/mail|ziyadnz/hourly-ipv4,blocklist.de|imap|pop3|brute-force|spam|mail|ziyadnz|hourly,2026-08-17T18:48:05Z,2026-08-17T18:48:05Z,
153.67.176.252,ipv4,imap-attack,high,WHITE,blocklist.de/imap|blocklist.de/all|blocklist.de/mail,blocklist.de|imap|pop3|brute-force|spam|mail|ziyadnz|hourly,2026-08-17T18:48:05Z,2026-08-17T18:48:05Z,
154.115.237.136,ipv4,imap-attack,high,WHITE,blocklist.de/imap|blocklist.de/all|blocklist.de/mail|ziyadnz/hourly-ipv4,blocklist.de|imap|pop3|brute-force|spam|mail|ziyadnz|hourly,2026-08-17T18:48:05Z,2026-08-17T18:48:05Z,
154.118.45.247,ipv4,imap-attack,high,WHITE,blocklist.de/imap|blocklist.de/all|blocklist.de/mail|ziyadnz/hourly-ipv4,blocklist.de|imap|pop3|brute-force|spam|mail|ziyadnz|hourly,2026-08-17T18:48:05Z,2026-08-17T18:48:05Z,
154.127.36.18,ipv4,imap-attack,high,WHITE,blocklist.de/imap|blocklist.de/all|blocklist.de/mail|ziyadnz/hourly-ipv4,blocklist.de|imap|pop3|brute-force|spam|mail|ziyadnz|hourly,2026-08-17T18:48:05Z,2026-08-17T18:48:05Z,
154.127.36.216,ipv4,imap-attack,high,WHITE,blocklist.de/imap|blocklist.de/all|blocklist.de/mail|ziyadnz/hourly-ipv4,blocklist.de|imap|pop3|brute-force|spam|mail|ziyadnz|hourly,2026-08-17T18:48:05Z,2026-08-17T18:48:05Z,
154.127.36.236,ipv4,imap-attack,high,WHITE,blocklist.de/imap|blocklist.de/all|blocklist.de/mail|ziyadnz/hourly-ipv4,blocklist.de|imap|pop3|brute-force|spam|mail|ziyadnz|hourly,2026-08-17T18:48:05Z,2026-08-17T18:48:05Z,
154.127.42.3,ipv4,imap-attack,high,WHITE,blocklist.de/imap|blocklist.de/all|blocklist.de/mail|ziyadnz/hourly-ipv4,blocklist.de|imap|pop3|brute-force|spam|mail|ziyadnz|hourly,2026-08-17T18:48:05Z,2026-08-17T18:48:05Z,
154.127.44.3,ipv4,imap-attack,high,WHITE,blocklist.de/imap|blocklist.de/all|blocklist.de/mail|ziyadnz/hourly-ipv4,blocklist.de|imap|pop3|brute-force|spam|mail|ziyadnz|hourly,2026-08-17T18:48:05Z,2026-08-17T18:48:05Z,
154.14.139.242,ipv4,imap-attack,high,WHITE,blocklist.de/imap|blocklist.de/all|blocklist.de/mail|ziyadnz/hourly-ipv4,blocklist.de|imap|pop3|brute-force|spam|mail|ziyadnz|hourly,2026-08-17T18:48:05Z,2026-08-17T18:48:05Z,
154.14.144.138,ipv4,imap-attack,high,WHITE,blocklist.de/imap|blocklist.de/all|blocklist.de/mail|ziyadnz/hourly-ipv4,blocklist.de|imap|pop3|brute-force|spam|mail|ziyadnz|hourly,2026-08-17T18:48:05Z,2026-08-17T18:48:05Z,
154.14.144.90,ipv4,imap-attack,high,WHITE,blocklist.de/imap|blocklist.de/all|blocklist.de/mail|ziyadnz/hourly-ipv4,blocklist.de|imap|pop3|brute-force|spam|mail|ziyadnz|hourly,2026-08-17T18:48:05Z,2026-08-17T18:48:05Z,
154.14.31.10,ipv4,imap-attack,high,WHITE,blocklist.de/imap|blocklist.de/all|blocklist.de/mail|ziyadnz/hourly-ipv4,blocklist.de|imap|pop3|brute-force|spam|mail|ziyadnz|hourly,2026-08-17T18:48:05Z,2026-08-17T18:48:05Z,
154.144.243.93,ipv4,imap-attack,high,WHITE,blocklist.de/imap|blocklist.de/all|blocklist.de/mail|ziyadnz/hourly-ipv4,blocklist.de|imap|pop3|brute-force|spam|mail|ziyadnz|hourly,2026-08-17T18:48:05Z,2026-08-17T18:48:05Z,
154.144.255.208,ipv4,imap-attack,high,WHITE,blocklist.de/imap|blocklist.de/all|blocklist.de/mail|ziyadnz/hourly-ipv4,blocklist.de|imap|pop3|brute-force|spam|mail|ziyadnz|hourly,2026-08-17T18:48:05Z,2026-08-17T18:48:05Z,
154.146.238.122,ipv4,imap-attack,high,WHITE,blocklist.de/imap|blocklist.de/all|blocklist.de/mail|ziyadnz/hourly-ipv4,blocklist.de|imap|pop3|brute-force|spam|mail|ziyadnz|hourly,2026-08-17T18:48:05Z,2026-08-17T18:48:05Z,
154.178.226.47,ipv4,imap-attack,high,WHITE,blocklist.de/imap|blocklist.de/all|blocklist.de/mail|ziyadnz/hourly-ipv4,blocklist.de|imap|pop3|brute-force|spam|mail|ziyadnz|hourly,2026-08-17T18:48:05Z,2026-08-17T18:48:05Z,
154.192.79.132,ipv4,imap-attack,high,WHITE,blocklist.de/imap|blocklist.de/all|blocklist.de/mail|ziyadnz/hourly-ipv4,blocklist.de|imap|pop3|brute-force|spam|mail|ziyadnz|hourly,2026-08-17T18:48:05Z,2026-08-17T18:48:05Z,
154.197.58.252,ipv4,imap-attack,high,WHITE,blocklist.de/imap|blocklist.de/all|blocklist.de/mail|ziyadnz/hourly-ipv4,blocklist.de|imap|pop3|brute-force|spam|mail|ziyadnz|hourly,2026-08-17T18:48:05Z,2026-08-17T18:48:05Z,
154.208.40.57,ipv4,imap-attack,high,WHITE,blocklist.de/imap|blocklist.de/all|blocklist.de/mail|ziyadnz/hourly-ipv4,blocklist.de|imap|pop3|brute-force|spam|mail|ziyadnz|hourly,2026-08-17T18:48:05Z,2026-08-17T18:48:05Z,
154.218.218.202,ipv4,imap-attack,high,WHITE,blocklist.de/imap|blocklist.de/all|blocklist.de/mail|ziyadnz/hourly-ipv4,blocklist.de|imap|pop3|brute-force|spam|mail|ziyadnz|hourly,2026-08-17T18:48:05Z,2026-08-17T18:48:05Z,
154.236.155.193,ipv4,imap-attack,high,WHITE,blocklist.de/imap|blocklist.de/all|blocklist.de/mail|ziyadnz/hourly-ipv4,blocklist.de|imap|pop3|brute-force|spam|mail|ziyadnz|hourly,2026-08-17T18:48:05Z,2026-08-17T18:48:05Z,
154.237.23.175,ipv4,imap-attack,high,WHITE,blocklist.de/imap|blocklist.de/all|blocklist.de/mail|ziyadnz/hourly-ipv4,blocklist.de|imap|pop3|brute-force|spam|mail|ziyadnz|hourly,2026-08-17T18:48:05Z,2026-08-17T18:48:05Z,
154.241.10.59,ipv4,imap-attack,high,WHITE,blocklist.de/imap|blocklist.de/all|blocklist.de/mail|ziyadnz/hourly-ipv4,blocklist.de|imap|pop3|brute-force|spam|mail|ziyadnz|hourly,2026-08-17T18:48:05Z,2026-08-17T18:48:05Z,
154.241.14.146,ipv4,imap-attack,high,WHITE,blocklist.de/imap|blocklist.de/all|blocklist.de/mail|ziyadnz/hourly-ipv4,blocklist.de|imap|pop3|brute-force|spam|mail|ziyadnz|hourly,2026-08-17T18:48:05Z,2026-08-17T18:48:05Z,
154.242.87.83,ipv4,imap-attack,high,WHITE,blocklist.de/imap|blocklist.de/all|blocklist.de/mail|ziyadnz/hourly-ipv4,blocklist.de|imap|pop3|brute-force|spam|mail|ziyadnz|hourly,2026-08-17T18:48:05Z,2026-08-17T18:48:05Z,
154.253.59.94,ipv4,imap-attack,high,WHITE,blocklist.de/imap|blocklist.de/all|blocklist.de/mail|ziyadnz/hourly-ipv4,blocklist.de|imap|pop3|brute-force|spam|mail|ziyadnz|hourly,2026-08-17T18:48:05Z,2026-08-17T18:48:05Z,
154.49.181.46,ipv4,imap-attack,high,WHITE,blocklist.de/imap|blocklist.de/all|blocklist.de/mail|ziyadnz/hourly-ipv4,blocklist.de|imap|pop3|brute-force|spam|mail|ziyadnz|hourly,2026-08-17T18:48:05Z,2026-08-17T18:48:05Z,
154.64.34.226,ipv4,imap-attack,high,WHITE,blocklist.de/imap|blocklist.de/all|blocklist.de/mail|ziyadnz/hourly-ipv4,blocklist.de|imap|pop3|brute-force|spam|mail|ziyadnz|hourly,2026-08-17T18:48:05Z,2026-08-17T18:48:05Z,
154.66.226.207,ipv4,imap-attack,high,WHITE,blocklist.de/imap|blocklist.de/all|blocklist.de/mail|ziyadnz/hourly-ipv4,blocklist.de|imap|pop3|brute-force|spam|mail|ziyadnz|hourly,2026-08-17T18:48:05Z,2026-08-17T18:48:05Z,
154.70.87.52,ipv4,imap-attack,high,WHITE,blocklist.de/imap|blocklist.de/all|blocklist.de/mail|ziyadnz/hourly-ipv4,blocklist.de|imap|pop3|brute-force|spam|mail|ziyadnz|hourly,2026-08-17T18:48:05Z,2026-08-17T18:48:05Z,
154.80.124.182,ipv4,imap-attack,high,WHITE,blocklist.de/imap|blocklist.de/all|blocklist.de/mail|ziyadnz/hourly-ipv4,blocklist.de|imap|pop3|brute-force|spam|mail|ziyadnz|hourly,2026-08-17T18:48:05Z,2026-08-17T18:48:05Z,
154.84.216.144,ipv4,imap-attack,high,WHITE,blocklist.de/imap|blocklist.de/all|blocklist.de/mail|ziyadnz/hourly-ipv4,blocklist.de|imap|pop3|brute-force|spam|mail|ziyadnz|hourly,2026-08-17T18:48:05Z,2026-08-17T18:48:05Z,
154.84.217.86,ipv4,imap-attack,high,WHITE,blocklist.de/imap|blocklist.de/all|blocklist.de/mail|ziyadnz/hourly-ipv4,blocklist.de|imap|pop3|brute-force|spam|mail|ziyadnz|hourly,2026-08-17T18:48:05Z,2026-08-17T18:48:05Z,
155.2.216.17,ipv4,imap-attack,high,WHITE,blocklist.de/imap|blocklist.de/all|blocklist.de/mail|ziyadnz/hourly-ipv4,blocklist.de|imap|pop3|brute-force|spam|mail|ziyadnz|hourly,2026-08-17T18:48:05Z,2026-08-17T18:48:05Z,
155.4.209.51,ipv4,imap-attack,high,WHITE,blocklist.de/imap|blocklist.de/all|blocklist.de/mail|ziyadnz/hourly-ipv4,blocklist.de|imap|pop3|brute-force|spam|mail|ziyadnz|hourly,2026-08-17T18:48:05Z,2026-08-17T18:48:05Z,
155.4.31.215,ipv4,imap-attack,high,WHITE,blocklist.de/imap|blocklist.de/all|blocklist.de/mail|ziyadnz/hourly-ipv4,blocklist.de|imap|pop3|brute-force|spam|mail|ziyadnz|hourly,2026-08-17T18:48:05Z,2026-08-17T18:48:05Z,
156.206.5.228,ipv4,imap-attack,high,WHITE,blocklist.de/imap|blocklist.de/all|blocklist.de/mail|ziyadnz/hourly-ipv4,blocklist.de|imap|pop3|brute-force|spam|mail|ziyadnz|hourly,2026-08-17T18:48:05Z,2026-08-17T18:48:05Z,
156.217.196.102,ipv4,imap-attack,high,WHITE,blocklist.de/imap|blocklist.de/all|blocklist.de/mail|ziyadnz/hourly-ipv4,blocklist.de|imap|pop3|brute-force|spam|mail|ziyadnz|hourly,2026-08-17T18:48:05Z,2026-08-17T18:48:05Z,
156.225.1.30,ipv4,imap-attack,high,WHITE,blocklist.de/imap|blocklist.de/all|blocklist.de/mail|ziyadnz/hourly-ipv4,blocklist.de|imap|pop3|brute-force|spam|mail|ziyadnz|hourly,2026-08-17T18:48:05Z,2026-08-17T18:48:05Z,
156.238.86.2,ipv4,imap-attack,high,WHITE,blocklist.de/imap|blocklist.de/all|blocklist.de/mail|ziyadnz/hourly-ipv4,blocklist.de|imap|pop3|brute-force|spam|mail|ziyadnz|hourly,2026-08-17T18:48:05Z,2026-08-17T18:48:05Z,
156.247.197.121,ipv4,imap-attack,high,WHITE,blocklist.de/imap|blocklist.de/all|blocklist.de/mail|ziyadnz/hourly-ipv4,blocklist.de|imap|pop3|brute-force|spam|mail|ziyadnz|hourly,2026-08-17T18:48:05Z,2026-08-17T18:48:05Z,
157.10.134.150,ipv4,imap-attack,high,WHITE,blocklist.de/imap|blocklist.de/all|blocklist.de/mail|ziyadnz/hourly-ipv4,blocklist.de|imap|pop3|brute-force|spam|mail|ziyadnz|hourly,2026-08-17T18:48:05Z,2026-08-17T18:48:05Z,
157.10.134.170,ipv4,imap-attack,high,WHITE,blocklist.de/imap|blocklist.de/all|blocklist.de/mail|ziyadnz/hourly-ipv4,blocklist.de|imap|pop3|brute-force|spam|mail|ziyadnz|hourly,2026-08-17T18:48:05Z,2026-08-17T18:48:05Z,
157.100.113.181,ipv4,imap-attack,high,WHITE,blocklist.de/imap|blocklist.de/all|blocklist.de/mail|ziyadnz/hourly-ipv4,blocklist.de|imap|pop3|brute-force|spam|mail|ziyadnz|hourly,2026-08-17T18:48:05Z,2026-08-17T18:48:05Z,
157.119.70.200,ipv4,imap-attack,high,WHITE,blocklist.de/imap|blocklist.de/all|blocklist.de/mail|ziyadnz/hourly-ipv4,blocklist.de|imap|pop3|brute-force|spam|mail|ziyadnz|hourly,2026-08-17T18:48:05Z,2026-08-17T18:48:05Z,
157.15.134.234,ipv4,imap-attack,high,WHITE,blocklist.de/imap|blocklist.de/all|blocklist.de/mail|ziyadnz/hourly-ipv4,blocklist.de|imap|pop3|brute-force|spam|mail|ziyadnz|hourly,2026-08-17T18:48:05Z,2026-08-17T18:48:05Z,
157.20.244.253,ipv4,imap-attack,high,WHITE,blocklist.de/imap|blocklist.de/all|blocklist.de/mail|ziyadnz/hourly-ipv4,blocklist.de|imap|pop3|brute-force|spam|mail|ziyadnz|hourly,2026-08-17T18:48:05Z,2026-08-17T18:48:05Z,
157.51.50.238,ipv4,imap-attack,high,WHITE,blocklist.de/imap|blocklist.de/all|blocklist.de/mail|ziyadnz/hourly-ipv4,blocklist.de|imap|pop3|brute-force|spam|mail|ziyadnz|hourly,2026-08-17T18:48:05Z,2026-08-17T18:48:05Z,
158.101.138.178,ipv4,imap-attack,high,WHITE,blocklist.de/imap|blocklist.de/all|blocklist.de/mail|ziyadnz/hourly-ipv4,blocklist.de|imap|pop3|brute-force|spam|mail|ziyadnz|hourly,2026-08-17T18:48:05Z,2026-08-17T18:48:05Z,
158.140.167.69,ipv4,imap-attack,high,WHITE,blocklist.de/imap|blocklist.de/all|blocklist.de/mail|ziyadnz/hourly-ipv4,blocklist.de|imap|pop3|brute-force|spam|mail|ziyadnz|hourly,2026-08-17T18:48:05Z,2026-08-17T18:48:05Z,
158.140.180.10,ipv4,imap-attack,high,WHITE,blocklist.de/imap|blocklist.de/all|blocklist.de/mail|ziyadnz/hourly-ipv4,blocklist.de|imap|pop3|brute-force|spam|mail|ziyadnz|hourly,2026-08-17T18:48:05Z,2026-08-17T18:48:05Z,
158.140.185.58,ipv4,imap-attack,high,WHITE,blocklist.de/imap|blocklist.de/all|blocklist.de/mail|ziyadnz/hourly-ipv4,blocklist.de|imap|pop3|brute-force|spam|mail|ziyadnz|hourly,2026-08-17T18:48:05Z,2026-08-17T18:48:05Z,
158.94.208.54,ipv4,imap-attack,high,WHITE,blocklist.de/imap|blocklist.de/all|blocklist.de/mail|ziyadnz/hourly-ipv4,blocklist.de|imap|pop3|brute-force|spam|mail|ziyadnz|hourly,2026-08-17T18:48:05Z,2026-08-17T18:48:05Z,
158.94.209.239,ipv4,imap-attack,high,WHITE,blocklist.de/imap|blocklist.de/all|blocklist.de/mail|ziyadnz/hourly-ipv4,blocklist.de|imap|pop3|brute-force|spam|mail|ziyadnz|hourly,2026-08-17T18:48:05Z,2026-08-17T18:48:05Z,
158.94.210.205,ipv4,imap-attack,high,WHITE,blocklist.de/imap|blocklist.de/all|blocklist.de/mail|ziyadnz/hourly-ipv4,blocklist.de|imap|pop3|brute-force|spam|mail|ziyadnz|hourly,2026-08-17T18:48:05Z,2026-08-17T18:48:05Z,
158.94.210.216,ipv4,imap-attack,high,WHITE,blocklist.de/imap|blocklist.de/all|blocklist.de/mail|ziyadnz/hourly-ipv4,blocklist.de|imap|pop3|brute-force|spam|mail|ziyadnz|hourly,2026-08-17T18:48:05Z,2026-08-17T18:48:05Z,
158.94.211.103,ipv4,imap-attack,high,WHITE,blocklist.de/imap|blocklist.de/all|blocklist.de/mail|ziyadnz/hourly-ipv4,blocklist.de|imap|pop3|brute-force|spam|mail|ziyadnz|hourly,2026-08-17T18:48:05Z,2026-08-17T18:48:05Z,
158.94.211.177,ipv4,imap-attack,high,WHITE,blocklist.de/imap|blocklist.de/all|blocklist.de/mail|ziyadnz/hourly-ipv4,blocklist.de|imap|pop3|brute-force|spam|mail|ziyadnz|hourly,2026-08-17T18:48:05Z,2026-08-17T18:48:05Z,
159.223.111.27,ipv4,imap-attack,high,WHITE,blocklist.de/imap|blocklist.de/all|blocklist.de/mail|ziyadnz/hourly-ipv4,blocklist.de|imap|pop3|brute-force|spam|mail|ziyadnz|hourly,2026-08-17T18:48:05Z,2026-08-17T18:48:05Z,
159.224.97.134,ipv4,imap-attack,high,WHITE,blocklist.de/imap|blocklist.de/all|blocklist.de/mail|ziyadnz/hourly-ipv4,blocklist.de|imap|pop3|brute-force|spam|mail|ziyadnz|hourly,2026-08-17T18:48:05Z,2026-08-17T18:48:05Z,
159.65.226.24,ipv4,imap-attack,high,WHITE,blocklist.de/imap|blocklist.de/all|blocklist.de/mail|ziyadnz/hourly-ipv4,blocklist.de|imap|pop3|brute-force|spam|mail|ziyadnz|hourly,2026-08-17T18:48:05Z,2026-08-17T18:48:05Z,
160.154.84.189,ipv4,imap-attack,high,WHITE,blocklist.de/imap|blocklist.de/all|blocklist.de/mail|ziyadnz/hourly-ipv4,blocklist.de|imap|pop3|brute-force|spam|mail|ziyadnz|hourly,2026-08-17T18:48:05Z,2026-08-17T18:48:05Z,
160.238.224.132,ipv4,imap-attack,high,WHITE,blocklist.de/imap|blocklist.de/all|blocklist.de/mail|ziyadnz/hourly-ipv4,blocklist.de|imap|pop3|brute-force|spam|mail|ziyadnz|hourly,2026-08-17T18:48:05Z,2026-08-17T18:48:05Z,
160.30.39.50,ipv4,imap-attack,high,WHITE,blocklist.de/imap|blocklist.de/all|blocklist.de/mail|ziyadnz/hourly-ipv4,blocklist.de|imap|pop3|brute-force|spam|mail|ziyadnz|hourly,2026-08-17T18:48:05Z,2026-08-17T18:48:05Z,
161.0.154.64,ipv4,imap-attack,high,WHITE,blocklist.de/imap|blocklist.de/all|blocklist.de/mail|ziyadnz/hourly-ipv4,blocklist.de|imap|pop3|brute-force|spam|mail|ziyadnz|hourly,2026-08-17T18:48:05Z,2026-08-17T18:48:05Z,
161.153.13.153,ipv4,imap-attack,high,WHITE,blocklist.de/imap|blocklist.de/all|blocklist.de/mail|ziyadnz/hourly-ipv4,blocklist.de|imap|pop3|brute-force|spam|mail|ziyadnz|hourly,2026-08-17T18:48:05Z,2026-08-17T18:48:05Z,
161.22.23.107,ipv4,imap-attack,high,WHITE,blocklist.de/imap|blocklist.de/all|blocklist.de/mail|ziyadnz/hourly-ipv4,blocklist.de|imap|pop3|brute-force|spam|mail|ziyadnz|hourly,2026-08-17T18:48:05Z,2026-08-17T18:48:05Z,
161.248.50.212,ipv4,imap-attack,high,WHITE,blocklist.de/imap|blocklist.de/all|blocklist.de/mail|ziyadnz/hourly-ipv4,blocklist.de|imap|pop3|brute-force|spam|mail|ziyadnz|hourly,2026-08-17T18:48:05Z,2026-08-17T18:48:05Z,
162.248.3.92,ipv4,imap-attack,high,WHITE,blocklist.de/imap|blocklist.de/all|blocklist.de/mail|ziyadnz/hourly-ipv4,blocklist.de|imap|pop3|brute-force|spam|mail|ziyadnz|hourly,2026-08-17T18:48:05Z,2026-08-17T18:48:05Z,
162.4.128.13,ipv4,imap-attack,high,WHITE,blocklist.de/imap|blocklist.de/all|blocklist.de/mail|ziyadnz/hourly-ipv4,blocklist.de|imap|pop3|brute-force|spam|mail|ziyadnz|hourly,2026-08-17T18:48:05Z,2026-08-17T18:48:05Z,
163.245.187.130,ipv4,imap-attack,high,WHITE,blocklist.de/imap|blocklist.de/all|blocklist.de/mail|ziyadnz/hourly-ipv4,blocklist.de|imap|pop3|brute-force|spam|mail|ziyadnz|hourly,2026-08-17T18:48:05Z,2026-08-17T18:48:05Z,
164.215.142.103,ipv4,imap-attack,high,WHITE,blocklist.de/imap|blocklist.de/all|blocklist.de/mail|ziyadnz/hourly-ipv4,blocklist.de|imap|pop3|brute-force|spam|mail|ziyadnz|hourly,2026-08-17T18:48:05Z,2026-08-17T18:48:05Z,
164.92.74.78,ipv4,imap-attack,high,WHITE,blocklist.de/imap|blocklist.de/all|blocklist.de/mail|ziyadnz/hourly-ipv4,blocklist.de|imap|pop3|brute-force|spam|mail|ziyadnz|hourly,2026-08-17T18:48:05Z,2026-08-17T18:48:05Z,
165.101.155.52,ipv4,imap-attack,high,WHITE,blocklist.de/imap|blocklist.de/all|blocklist.de/mail|ziyadnz/hourly-ipv4,blocklist.de|imap|pop3|brute-force|spam|mail|ziyadnz|hourly,2026-08-17T18:48:05Z,2026-08-17T18:48:05Z,
165.101.222.19,ipv4,imap-attack,high,WHITE,blocklist.de/imap|blocklist.de/all|blocklist.de/mail|ziyadnz/hourly-ipv4,blocklist.de|imap|pop3|brute-force|spam|mail|ziyadnz|hourly,2026-08-17T18:48:05Z,2026-08-17T18:48:05Z,
165.154.12.82,ipv4,imap-attack,high,WHITE,blocklist.de/imap|blocklist.de/all|blocklist.de/mail|ziyadnz/hourly-ipv4,blocklist.de|imap|pop3|brute-force|spam|mail|ziyadnz|hourly,2026-08-17T18:48:05Z,2026-08-17T18:48:05Z,
165.154.208.190,ipv4,imap-attack,high,WHITE,blocklist.de/imap|blocklist.de/all|blocklist.de/mail|ziyadnz/hourly-ipv4,blocklist.de|imap|pop3|brute-force|spam|mail|ziyadnz|hourly,2026-08-17T18:48:05Z,2026-08-17T18:48:05Z,
165.154.254.10,ipv4,imap-attack,high,WHITE,blocklist.de/imap|blocklist.de/all|blocklist.de/mail|ziyadnz/hourly-ipv4,blocklist.de|imap|pop3|brute-force|spam|mail|ziyadnz|hourly,2026-08-17T18:48:05Z,2026-08-17T18:48:05Z,
165.165.121.55,ipv4,imap-attack,high,WHITE,blocklist.de/imap|blocklist.de/all|blocklist.de/mail|ziyadnz/hourly-ipv4,blocklist.de|imap|pop3|brute-force|spam|mail|ziyadnz|hourly,2026-08-17T18:48:05Z,2026-08-17T18:48:05Z,
165.173.21.44,ipv4,imap-attack,high,WHITE,blocklist.de/imap|blocklist.de/all|blocklist.de/mail|ziyadnz/hourly-ipv4,blocklist.de|imap|pop3|brute-force|spam|mail|ziyadnz|hourly,2026-08-17T18:48:05Z,2026-08-17T18:48:05Z,
165.22.227.185,ipv4,imap-attack,high,WHITE,blocklist.de/imap|blocklist.de/all|blocklist.de/mail|ziyadnz/hourly-ipv4,blocklist.de|imap|pop3|brute-force|spam|mail|ziyadnz|hourly,2026-08-17T18:48:05Z,2026-08-17T18:48:05Z,
165.73.137.216,ipv4,imap-attack,high,WHITE,blocklist.de/imap|blocklist.de/all|blocklist.de/mail|ziyadnz/hourly-ipv4,blocklist.de|imap|pop3|brute-force|spam|mail|ziyadnz|hourly,2026-08-17T18:48:05Z,2026-08-17T18:48:05Z,
165.73.137.220,ipv4,imap-attack,high,WHITE,blocklist.de/imap|blocklist.de/all|blocklist.de/mail|ziyadnz/hourly-ipv4,blocklist.de|imap|pop3|brute-force|spam|mail|ziyadnz|hourly,2026-08-17T18:48:05Z,2026-08-17T18:48:05Z,
165.73.137.222,ipv4,imap-attack,high,WHITE,blocklist.de/imap|blocklist.de/all|blocklist.de/mail|ziyadnz/hourly-ipv4,blocklist.de|imap|pop3|brute-force|spam|mail|ziyadnz|hourly,2026-08-17T18:48:05Z,2026-08-17T18:48:05Z,
165.73.137.235,ipv4,imap-attack,high,WHITE,blocklist.de/imap|blocklist.de/all|blocklist.de/mail|ziyadnz/hourly-ipv4,blocklist.de|imap|pop3|brute-force|spam|mail|ziyadnz|hourly,2026-08-17T18:48:05Z,2026-08-17T18:48:05Z,
165.73.137.245,ipv4,imap-attack,high,WHITE,blocklist.de/imap|blocklist.de/all|blocklist.de/mail|ziyadnz/hourly-ipv4,blocklist.de|imap|pop3|brute-force|spam|mail|ziyadnz|hourly,2026-08-17T18:48:05Z,2026-08-17T18:48:05Z,
165.73.137.252,ipv4,imap-attack,high,WHITE,blocklist.de/imap|blocklist.de/all|blocklist.de/mail|ziyadnz/hourly-ipv4,blocklist.de|imap|pop3|brute-force|spam|mail|ziyadnz|hourly,2026-08-17T18:48:05Z,2026-08-17T18:48:05Z,
165.73.138.145,ipv4,imap-attack,high,WHITE,blocklist.de/imap|blocklist.de/all|blocklist.de/mail|ziyadnz/hourly-ipv4,blocklist.de|imap|pop3|brute-force|spam|mail|ziyadnz|hourly,2026-08-17T18:48:05Z,2026-08-17T18:48:05Z,
165.73.138.185,ipv4,imap-attack,high,WHITE,blocklist.de/imap|blocklist.de/all|blocklist.de/mail|ziyadnz/hourly-ipv4,blocklist.de|imap|pop3|brute-force|spam|mail|ziyadnz|hourly,2026-08-17T18:48:05Z,2026-08-17T18:48:05Z,
165.73.138.246,ipv4,imap-attack,high,WHITE,blocklist.de/imap|blocklist.de/all|blocklist.de/mail|ziyadnz/hourly-ipv4,blocklist.de|imap|pop3|brute-force|spam|mail|ziyadnz|hourly,2026-08-17T18:48:05Z,2026-08-17T18:48:05Z,
165.73.138.64,ipv4,imap-attack,high,WHITE,blocklist.de/imap|blocklist.de/all|blocklist.de/mail|ziyadnz/hourly-ipv4,blocklist.de|imap|pop3|brute-force|spam|mail|ziyadnz|hourly,2026-08-17T18:48:05Z,2026-08-17T18:48:05Z,
165.73.138.73,ipv4,imap-attack,high,WHITE,blocklist.de/imap|blocklist.de/all|blocklist.de/mail|ziyadnz/hourly-ipv4,blocklist.de|imap|pop3|brute-force|spam|mail|ziyadnz|hourly,2026-08-17T18:48:05Z,2026-08-17T18:48:05Z,
165.73.139.126,ipv4,imap-attack,high,WHITE,blocklist.de/imap|blocklist.de/all|blocklist.de/mail|ziyadnz/hourly-ipv4,blocklist.de|imap|pop3|brute-force|spam|mail|ziyadnz|hourly,2026-08-17T18:48:05Z,2026-08-17T18:48:05Z,
166.114.131.223,ipv4,imap-attack,high,WHITE,blocklist.de/imap|blocklist.de/all|blocklist.de/mail|ziyadnz/hourly-ipv4,blocklist.de|imap|pop3|brute-force|spam|mail|ziyadnz|hourly,2026-08-17T18:48:05Z,2026-08-17T18:48:05Z,
166.130.176.136,ipv4,imap-attack,high,WHITE,blocklist.de/imap|blocklist.de/all|blocklist.de/mail|ziyadnz/hourly-ipv4,blocklist.de|imap|pop3|brute-force|spam|mail|ziyadnz|hourly,2026-08-17T18:48:05Z,2026-08-17T18:48:05Z,
167.108.8.107,ipv4,imap-attack,high,WHITE,blocklist.de/imap|blocklist.de/all|blocklist.de/mail|ziyadnz/hourly-ipv4,blocklist.de|imap|pop3|brute-force|spam|mail|ziyadnz|hourly,2026-08-17T18:48:05Z,2026-08-17T18:48:05Z,
167.160.88.250,ipv4,imap-attack,high,WHITE,blocklist.de/imap|blocklist.de/all|blocklist.de/mail|ziyadnz/hourly-ipv4,blocklist.de|imap|pop3|brute-force|spam|mail|ziyadnz|hourly,2026-08-17T18:48:05Z,2026-08-17T18:48:05Z,
167.249.140.81,ipv4,imap-attack,high,WHITE,blocklist.de/imap|blocklist.de/all|blocklist.de/mail|ziyadnz/hourly-ipv4,blocklist.de|imap|pop3|brute-force|spam|mail|ziyadnz|hourly,2026-08-17T18:48:05Z,2026-08-17T18:48:05Z,
167.249.97.118,ipv4,imap-attack,high,WHITE,blocklist.de/imap|blocklist.de/all|blocklist.de/mail|ziyadnz/hourly-ipv4,blocklist.de|imap|pop3|brute-force|spam|mail|ziyadnz|hourly,2026-08-17T18:48:05Z,2026-08-17T18:48:05Z,
167.250.103.137,ipv4,imap-attack,high,WHITE,blocklist.de/imap|blocklist.de/all|blocklist.de/mail|ziyadnz/hourly-ipv4,blocklist.de|imap|pop3|brute-force|spam|mail|ziyadnz|hourly,2026-08-17T18:48:05Z,2026-08-17T18:48:05Z,
167.250.118.34,ipv4,imap-attack,high,WHITE,blocklist.de/imap|blocklist.de/all|blocklist.de/mail|ziyadnz/hourly-ipv4,blocklist.de|imap|pop3|brute-force|spam|mail|ziyadnz|hourly,2026-08-17T18:48:05Z,2026-08-17T18:48:05Z,
167.57.195.241,ipv4,imap-attack,high,WHITE,blocklist.de/imap|blocklist.de/all|blocklist.de/mail|ziyadnz/hourly-ipv4,blocklist.de|imap|pop3|brute-force|spam|mail|ziyadnz|hourly,2026-08-17T18:48:05Z,2026-08-17T18:48:05Z,
167.58.67.78,ipv4,imap-attack,high,WHITE,blocklist.de/imap|blocklist.de/all|blocklist.de/mail|ziyadnz/hourly-ipv4,blocklist.de|imap|pop3|brute-force|spam|mail|ziyadnz|hourly,2026-08-17T18:48:05Z,2026-08-17T18:48:05Z,
167.61.231.228,ipv4,imap-attack,high,WHITE,blocklist.de/imap|blocklist.de/all|blocklist.de/mail|ziyadnz/hourly-ipv4,blocklist.de|imap|pop3|brute-force|spam|mail|ziyadnz|hourly,2026-08-17T18:48:05Z,2026-08-17T18:48:05Z,
167.61.63.134,ipv4,imap-attack,high,WHITE,blocklist.de/imap|blocklist.de/all|blocklist.de/mail|ziyadnz/hourly-ipv4,blocklist.de|imap|pop3|brute-force|spam|mail|ziyadnz|hourly,2026-08-17T18:48:05Z,2026-08-17T18:48:05Z,
167.94.146.55,ipv4,imap-attack,high,WHITE,blocklist.de/imap|blocklist.de/all|blocklist.de/mail|ziyadnz/hourly-ipv4,blocklist.de|imap|pop3|brute-force|spam|mail|ziyadnz|hourly,2026-08-17T18:48:05Z,2026-08-17T18:48:05Z,
168.0.224.104,ipv4,imap-attack,high,WHITE,blocklist.de/imap|blocklist.de/all|blocklist.de/mail|ziyadnz/hourly-ipv4,blocklist.de|imap|pop3|brute-force|spam|mail|ziyadnz|hourly,2026-08-17T18:48:05Z,2026-08-17T18:48:05Z,
168.0.224.111,ipv4,imap-attack,high,WHITE,blocklist.de/imap|blocklist.de/all|blocklist.de/mail|ziyadnz/hourly-ipv4,blocklist.de|imap|pop3|brute-force|spam|mail|ziyadnz|hourly,2026-08-17T18:48:05Z,2026-08-17T18:48:05Z,
168.0.224.112,ipv4,imap-attack,high,WHITE,blocklist.de/imap|blocklist.de/all|blocklist.de/mail|ziyadnz/hourly-ipv4,blocklist.de|imap|pop3|brute-force|spam|mail|ziyadnz|hourly,2026-08-17T18:48:05Z,2026-08-17T18:48:05Z,
168.0.224.117,ipv4,imap-attack,high,WHITE,blocklist.de/imap|blocklist.de/all|blocklist.de/mail|ziyadnz/hourly-ipv4,blocklist.de|imap|pop3|brute-force|spam|mail|ziyadnz|hourly,2026-08-17T18:48:05Z,2026-08-17T18:48:05Z,
168.0.224.119,ipv4,imap-attack,high,WHITE,blocklist.de/imap|blocklist.de/all|blocklist.de/mail|ziyadnz/hourly-ipv4,blocklist.de|imap|pop3|brute-force|spam|mail|ziyadnz|hourly,2026-08-17T18:48:05Z,2026-08-17T18:48:05Z,
168.0.224.89,ipv4,imap-attack,high,WHITE,blocklist.de/imap|blocklist.de/all|blocklist.de/mail|ziyadnz/hourly-ipv4,blocklist.de|imap|pop3|brute-force|spam|mail|ziyadnz|hourly,2026-08-17T18:48:05Z,2026-08-17T18:48:05Z,
168.0.226.92,ipv4,imap-attack,high,WHITE,blocklist.de/imap|blocklist.de/all|blocklist.de/mail|ziyadnz/hourly-ipv4,blocklist.de|imap|pop3|brute-force|spam|mail|ziyadnz|hourly,2026-08-17T18:48:05Z,2026-08-17T18:48:05Z,
168.0.227.214,ipv4,imap-attack,high,WHITE,blocklist.de/imap|blocklist.de/all|blocklist.de/mail|ziyadnz/hourly-ipv4,blocklist.de|imap|pop3|brute-force|spam|mail|ziyadnz|hourly,2026-08-17T18:48:05Z,2026-08-17T18:48:05Z,
168.0.227.42,ipv4,imap-attack,high,WHITE,blocklist.de/imap|blocklist.de/all|blocklist.de/mail|ziyadnz/hourly-ipv4,blocklist.de|imap|pop3|brute-force|spam|mail|ziyadnz|hourly,2026-08-17T18:48:05Z,2026-08-17T18:48:05Z,
168.194.13.250,ipv4,imap-attack,high,WHITE,blocklist.de/imap|blocklist.de/all|blocklist.de/mail|ziyadnz/hourly-ipv4,blocklist.de|imap|pop3|brute-force|spam|mail|ziyadnz|hourly,2026-08-17T18:48:05Z,2026-08-17T18:48:05Z,
168.194.23.118,ipv4,imap-attack,high,WHITE,blocklist.de/imap|blocklist.de/all|blocklist.de/mail|ziyadnz/hourly-ipv4,blocklist.de|imap|pop3|brute-force|spam|mail|ziyadnz|hourly,2026-08-17T18:48:05Z,2026-08-17T18:48:05Z,
168.196.91.215,ipv4,imap-attack,high,WHITE,blocklist.de/imap|blocklist.de/all|blocklist.de/mail|ziyadnz/hourly-ipv4,blocklist.de|imap|pop3|brute-force|spam|mail|ziyadnz|hourly,2026-08-17T18:48:05Z,2026-08-17T18:48:05Z,
168.205.220.111,ipv4,imap-attack,high,WHITE,blocklist.de/imap|blocklist.de/all|blocklist.de/mail|ziyadnz/hourly-ipv4,blocklist.de|imap|pop3|brute-force|spam|mail|ziyadnz|hourly,2026-08-17T18:48:05Z,2026-08-17T18:48:05Z,
168.205.42.108,ipv4,imap-attack,high,WHITE,blocklist.de/imap|blocklist.de/all|blocklist.de/mail|ziyadnz/hourly-ipv4,blocklist.de|imap|pop3|brute-force|spam|mail|ziyadnz|hourly,2026-08-17T18:48:05Z,2026-08-17T18:48:05Z,
168.205.63.167,ipv4,imap-attack,high,WHITE,blocklist.de/imap|blocklist.de/all|blocklist.de/mail|ziyadnz/hourly-ipv4,blocklist.de|imap|pop3|brute-force|spam|mail|ziyadnz|hourly,2026-08-17T18:48:05Z,2026-08-17T18:48:05Z,
168.210.187.110,ipv4,imap-attack,high,WHITE,blocklist.de/imap|blocklist.de/all|blocklist.de/mail|ziyadnz/hourly-ipv4,blocklist.de|imap|pop3|brute-force|spam|mail|ziyadnz|hourly,2026-08-17T18:48:05Z,2026-08-17T18:48:05Z,
168.228.202.140,ipv4,imap-attack,high,WHITE,blocklist.de/imap|blocklist.de/all|blocklist.de/mail|ziyadnz/hourly-ipv4,blocklist.de|imap|pop3|brute-force|spam|mail|ziyadnz|hourly,2026-08-17T18:48:05Z,2026-08-17T18:48:05Z,
168.232.181.176,ipv4,imap-attack,high,WHITE,blocklist.de/imap|blocklist.de/all|blocklist.de/mail|ziyadnz/hourly-ipv4,blocklist.de|imap|pop3|brute-force|spam|mail|ziyadnz|hourly,2026-08-17T18:48:05Z,2026-08-17T18:48:05Z,
168.235.210.157,ipv4,imap-attack,high,WHITE,blocklist.de/imap|blocklist.de/all|blocklist.de/mail|ziyadnz/hourly-ipv4,blocklist.de|imap|pop3|brute-force|spam|mail|ziyadnz|hourly,2026-08-17T18:48:05Z,2026-08-17T18:48:05Z,
168.90.74.248,ipv4,imap-attack,high,WHITE,blocklist.de/imap|blocklist.de/all|blocklist.de/mail|ziyadnz/hourly-ipv4,blocklist.de|imap|pop3|brute-force|spam|mail|ziyadnz|hourly,2026-08-17T18:48:05Z,2026-08-17T18:48:05Z,
168.91.173.57,ipv4,imap-attack,high,WHITE,blocklist.de/imap|blocklist.de/all|blocklist.de/mail|ziyadnz/hourly-ipv4,blocklist.de|imap|pop3|brute-force|spam|mail|ziyadnz|hourly,2026-08-17T18:48:05Z,2026-08-17T18:48:05Z,
169.155.241.173,ipv4,imap-attack,high,WHITE,blocklist.de/imap|blocklist.de/all|blocklist.de/mail|ziyadnz/hourly-ipv4,blocklist.de|imap|pop3|brute-force|spam|mail|ziyadnz|hourly,2026-08-17T18:48:05Z,2026-08-17T18:48:05Z,
169.211.207.4,ipv4,imap-attack,high,WHITE,blocklist.de/imap|blocklist.de/all|blocklist.de/mail|ziyadnz/hourly-ipv4,blocklist.de|imap|pop3|brute-force|spam|mail|ziyadnz|hourly,2026-08-17T18:48:05Z,2026-08-17T18:48:05Z,
169.211.232.182,ipv4,imap-attack,high,WHITE,blocklist.de/imap|blocklist.de/all|blocklist.de/mail|ziyadnz/hourly-ipv4,blocklist.de|imap|pop3|brute-force|spam|mail|ziyadnz|hourly,2026-08-17T18:48:05Z,2026-08-17T18:48:05Z,
169.224.105.81,ipv4,imap-attack,high,WHITE,blocklist.de/imap|blocklist.de/all|blocklist.de/mail|ziyadnz/hourly-ipv4,blocklist.de|imap|pop3|brute-force|spam|mail|ziyadnz|hourly,2026-08-17T18:48:05Z,2026-08-17T18:48:05Z,
169.224.3.54,ipv4,imap-attack,high,WHITE,blocklist.de/imap|blocklist.de/all|blocklist.de/mail|ziyadnz/hourly-ipv4,blocklist.de|imap|pop3|brute-force|spam|mail|ziyadnz|hourly,2026-08-17T18:48:05Z,2026-08-17T18:48:05Z,
169.224.7.77,ipv4,imap-attack,high,WHITE,blocklist.de/imap|blocklist.de/all|blocklist.de/mail|ziyadnz/hourly-ipv4,blocklist.de|imap|pop3|brute-force|spam|mail|ziyadnz|hourly,2026-08-17T18:48:05Z,2026-08-17T18:48:05Z,
169.40.5.62,ipv4,imap-attack,high,WHITE,blocklist.de/imap|blocklist.de/all|blocklist.de/mail|ziyadnz/hourly-ipv4,blocklist.de|imap|pop3|brute-force|spam|mail|ziyadnz|hourly,2026-08-17T18:48:05Z,2026-08-17T18:48:05Z,
170.168.6.27,ipv4,imap-attack,high,WHITE,blocklist.de/imap|blocklist.de/all|blocklist.de/mail|ziyadnz/hourly-ipv4,blocklist.de|imap|pop3|brute-force|spam|mail|ziyadnz|hourly,2026-08-17T18:48:05Z,2026-08-17T18:48:05Z,
170.233.163.255,ipv4,imap-attack,high,WHITE,blocklist.de/imap|blocklist.de/all|blocklist.de/mail|ziyadnz/hourly-ipv4,blocklist.de|imap|pop3|brute-force|spam|mail|ziyadnz|hourly,2026-08-17T18:48:05Z,2026-08-17T18:48:05Z,
170.233.29.157,ipv4,imap-attack,high,WHITE,blocklist.de/imap|blocklist.de/all|blocklist.de/mail|ziyadnz/hourly-ipv4,blocklist.de|imap|pop3|brute-force|spam|mail|ziyadnz|hourly,2026-08-17T18:48:05Z,2026-08-17T18:48:05Z,
170.233.64.153,ipv4,imap-attack,high,WHITE,blocklist.de/imap|blocklist.de/all|blocklist.de/mail|ziyadnz/hourly-ipv4,blocklist.de|imap|pop3|brute-force|spam|mail|ziyadnz|hourly,2026-08-17T18:48:05Z,2026-08-17T18:48:05Z,
170.244.52.234,ipv4,imap-attack,high,WHITE,blocklist.de/imap|blocklist.de/all|blocklist.de/mail|ziyadnz/hourly-ipv4,blocklist.de|imap|pop3|brute-force|spam|mail|ziyadnz|hourly,2026-08-17T18:48:05Z,2026-08-17T18:48:05Z,
170.245.250.146,ipv4,imap-attack,high,WHITE,blocklist.de/imap|blocklist.de/all|blocklist.de/mail|ziyadnz/hourly-ipv4,blocklist.de|imap|pop3|brute-force|spam|mail|ziyadnz|hourly,2026-08-17T18:48:05Z,2026-08-17T18:48:05Z,
170.245.250.157,ipv4,imap-attack,high,WHITE,blocklist.de/imap|blocklist.de/all|blocklist.de/mail|ziyadnz/hourly-ipv4,blocklist.de|imap|pop3|brute-force|spam|mail|ziyadnz|hourly,2026-08-17T18:48:05Z,2026-08-17T18:48:05Z,
170.245.250.239,ipv4,imap-attack,high,WHITE,blocklist.de/imap|blocklist.de/all|blocklist.de/mail|ziyadnz/hourly-ipv4,blocklist.de|imap|pop3|brute-force|spam|mail|ziyadnz|hourly,2026-08-17T18:48:05Z,2026-08-17T18:48:05Z,
170.78.119.119,ipv4,imap-attack,high,WHITE,blocklist.de/imap|blocklist.de/all|blocklist.de/mail|ziyadnz/hourly-ipv4,blocklist.de|imap|pop3|brute-force|spam|mail|ziyadnz|hourly,2026-08-17T18:48:05Z,2026-08-17T18:48:05Z,
170.80.41.108,ipv4,imap-attack,high,WHITE,blocklist.de/imap|blocklist.de/all|blocklist.de/mail|ziyadnz/hourly-ipv4,blocklist.de|imap|pop3|brute-force|spam|mail|ziyadnz|hourly,2026-08-17T18:48:05Z,2026-08-17T18:48:05Z,
170.80.42.136,ipv4,imap-attack,high,WHITE,blocklist.de/imap|blocklist.de/all|blocklist.de/mail|ziyadnz/hourly-ipv4,blocklist.de|imap|pop3|brute-force|spam|mail|ziyadnz|hourly,2026-08-17T18:48:05Z,2026-08-17T18:48:05Z,
170.81.166.9,ipv4,imap-attack,high,WHITE,blocklist.de/imap|blocklist.de/all|blocklist.de/mail|ziyadnz/hourly-ipv4,blocklist.de|imap|pop3|brute-force|spam|mail|ziyadnz|hourly,2026-08-17T18:48:05Z,2026-08-17T18:48:05Z,
170.82.52.149,ipv4,imap-attack,high,WHITE,blocklist.de/imap|blocklist.de/all|blocklist.de/mail|ziyadnz/hourly-ipv4,blocklist.de|imap|pop3|brute-force|spam|mail|ziyadnz|hourly,2026-08-17T18:48:05Z,2026-08-17T18:48:05Z,
170.82.52.153,ipv4,imap-attack,high,WHITE,blocklist.de/imap|blocklist.de/all|blocklist.de/mail|ziyadnz/hourly-ipv4,blocklist.de|imap|pop3|brute-force|spam|mail|ziyadnz|hourly,2026-08-17T18:48:05Z,2026-08-17T18:48:05Z,
170.82.53.115,ipv4,imap-attack,high,WHITE,blocklist.de/imap|blocklist.de/all|blocklist.de/mail|ziyadnz/hourly-ipv4,blocklist.de|imap|pop3|brute-force|spam|mail|ziyadnz|hourly,2026-08-17T18:48:05Z,2026-08-17T18:48:05Z,
170.82.53.232,ipv4,imap-attack,high,WHITE,blocklist.de/imap|blocklist.de/all|blocklist.de/mail|ziyadnz/hourly-ipv4,blocklist.de|imap|pop3|brute-force|spam|mail|ziyadnz|hourly,2026-08-17T18:48:05Z,2026-08-17T18:48:05Z,
170.82.55.113,ipv4,imap-attack,high,WHITE,blocklist.de/imap|blocklist.de/all|blocklist.de/mail|ziyadnz/hourly-ipv4,blocklist.de|imap|pop3|brute-force|spam|mail|ziyadnz|hourly,2026-08-17T18:48:05Z,2026-08-17T18:48:05Z,
170.82.55.35,ipv4,imap-attack,high,WHITE,blocklist.de/imap|blocklist.de/all|blocklist.de/mail|ziyadnz/hourly-ipv4,blocklist.de|imap|pop3|brute-force|spam|mail|ziyadnz|hourly,2026-08-17T18:48:05Z,2026-08-17T18:48:05Z,
170.83.242.246,ipv4,imap-attack,high,WHITE,blocklist.de/imap|blocklist.de/all|blocklist.de/mail|ziyadnz/hourly-ipv4,blocklist.de|imap|pop3|brute-force|spam|mail|ziyadnz|hourly,2026-08-17T18:48:05Z,2026-08-17T18:48:05Z,
171.100.121.127,ipv4,imap-attack,high,WHITE,blocklist.de/imap|blocklist.de/all|blocklist.de/mail|ziyadnz/hourly-ipv4,blocklist.de|imap|pop3|brute-force|spam|mail|ziyadnz|hourly,2026-08-17T18:48:05Z,2026-08-17T18:48:05Z,
171.102.130.59,ipv4,imap-attack,high,WHITE,blocklist.de/imap|blocklist.de/all|blocklist.de/mail|ziyadnz/hourly-ipv4,blocklist.de|imap|pop3|brute-force|spam|mail|ziyadnz|hourly,2026-08-17T18:48:05Z,2026-08-17T18:48:05Z,
171.217.70.151,ipv4,imap-attack,high,WHITE,blocklist.de/imap|blocklist.de/all|blocklist.de/mail|ziyadnz/hourly-ipv4,blocklist.de|imap|pop3|brute-force|spam|mail|ziyadnz|hourly,2026-08-17T18:48:05Z,2026-08-17T18:48:05Z,
171.242.39.84,ipv4,imap-attack,high,WHITE,blocklist.de/imap|blocklist.de/all|blocklist.de/mail|ziyadnz/hourly-ipv4,blocklist.de|imap|pop3|brute-force|spam|mail|ziyadnz|hourly,2026-08-17T18:48:05Z,2026-08-17T18:48:05Z,
171.244.40.247,ipv4,imap-attack,high,WHITE,blocklist.de/imap|blocklist.de/all|blocklist.de/mail|ziyadnz/hourly-ipv4,blocklist.de|imap|pop3|brute-force|spam|mail|ziyadnz|hourly,2026-08-17T18:48:05Z,2026-08-17T18:48:05Z,
171.244.60.35,ipv4,imap-attack,high,WHITE,blocklist.de/imap|blocklist.de/all|blocklist.de/mail|ziyadnz/hourly-ipv4,blocklist.de|imap|pop3|brute-force|spam|mail|ziyadnz|hourly,2026-08-17T18:48:05Z,2026-08-17T18:48:05Z,
171.34.145.77,ipv4,imap-attack,high,WHITE,blocklist.de/imap|blocklist.de/all|blocklist.de/mail|ziyadnz/hourly-ipv4,blocklist.de|imap|pop3|brute-force|spam|mail|ziyadnz|hourly,2026-08-17T18:48:05Z,2026-08-17T18:48:05Z,
171.5.184.133,ipv4,imap-attack,high,WHITE,blocklist.de/imap|blocklist.de/all|blocklist.de/mail|ziyadnz/hourly-ipv4,blocklist.de|imap|pop3|brute-force|spam|mail|ziyadnz|hourly,2026-08-17T18:48:05Z,2026-08-17T18:48:05Z,
171.5.223.138,ipv4,imap-attack,high,WHITE,blocklist.de/imap|blocklist.de/all|blocklist.de/mail|ziyadnz/hourly-ipv4,blocklist.de|imap|pop3|brute-force|spam|mail|ziyadnz|hourly,2026-08-17T18:48:05Z,2026-08-17T18:48:05Z,
171.6.140.194,ipv4,imap-attack,high,WHITE,blocklist.de/imap|blocklist.de/all|blocklist.de/mail|ziyadnz/hourly-ipv4,blocklist.de|imap|pop3|brute-force|spam|mail|ziyadnz|hourly,2026-08-17T18:48:05Z,2026-08-17T18:48:05Z,
171.6.30.93,ipv4,imap-attack,high,WHITE,blocklist.de/imap|blocklist.de/all|blocklist.de/mail|ziyadnz/hourly-ipv4,blocklist.de|imap|pop3|brute-force|spam|mail|ziyadnz|hourly,2026-08-17T18:48:05Z,2026-08-17T18:48:05Z,
172.114.43.219,ipv4,imap-attack,high,WHITE,blocklist.de/imap|blocklist.de/all|blocklist.de/mail|ziyadnz/hourly-ipv4,blocklist.de|imap|pop3|brute-force|spam|mail|ziyadnz|hourly,2026-08-17T18:48:05Z,2026-08-17T18:48:05Z,
172.122.205.169,ipv4,imap-attack,high,WHITE,blocklist.de/imap|blocklist.de/all|blocklist.de/mail|ziyadnz/hourly-ipv4,blocklist.de|imap|pop3|brute-force|spam|mail|ziyadnz|hourly,2026-08-17T18:48:05Z,2026-08-17T18:48:05Z,
172.251.252.216,ipv4,imap-attack,high,WHITE,blocklist.de/imap|blocklist.de/all|blocklist.de/mail|ziyadnz/hourly-ipv4,blocklist.de|imap|pop3|brute-force|spam|mail|ziyadnz|hourly,2026-08-17T18:48:05Z,2026-08-17T18:48:05Z,
172.3.132.73,ipv4,imap-attack,high,WHITE,blocklist.de/imap|blocklist.de/all|blocklist.de/mail|ziyadnz/hourly-ipv4,blocklist.de|imap|pop3|brute-force|spam|mail|ziyadnz|hourly,2026-08-17T18:48:05Z,2026-08-17T18:48:05Z,
172.56.96.236,ipv4,imap-attack,high,WHITE,blocklist.de/imap|blocklist.de/all|blocklist.de/mail|ziyadnz/hourly-ipv4,blocklist.de|imap|pop3|brute-force|spam|mail|ziyadnz|hourly,2026-08-17T18:48:05Z,2026-08-17T18:48:05Z,
172.90.128.97,ipv4,imap-attack,high,WHITE,blocklist.de/imap|blocklist.de/all|blocklist.de/mail|ziyadnz/hourly-ipv4,blocklist.de|imap|pop3|brute-force|spam|mail|ziyadnz|hourly,2026-08-17T18:48:05Z,2026-08-17T18:48:05Z,
172.94.9.107,ipv4,imap-attack,high,WHITE,blocklist.de/imap|blocklist.de/all|blocklist.de/mail|ziyadnz/hourly-ipv4,blocklist.de|imap|pop3|brute-force|spam|mail|ziyadnz|hourly,2026-08-17T18:48:05Z,2026-08-17T18:48:05Z,
172.94.9.177,ipv4,imap-attack,high,WHITE,blocklist.de/imap|blocklist.de/all|blocklist.de/mail|ziyadnz/hourly-ipv4,blocklist.de|imap|pop3|brute-force|spam|mail|ziyadnz|hourly,2026-08-17T18:48:05Z,2026-08-17T18:48:05Z,
172.94.9.231,ipv4,imap-attack,high,WHITE,blocklist.de/imap|blocklist.de/all|blocklist.de/mail|ziyadnz/hourly-ipv4,blocklist.de|imap|pop3|brute-force|spam|mail|ziyadnz|hourly,2026-08-17T18:48:05Z,2026-08-17T18:48:05Z,
173.179.170.178,ipv4,imap-attack,high,WHITE,blocklist.de/imap|blocklist.de/all|blocklist.de/mail|ziyadnz/hourly-ipv4,blocklist.de|imap|pop3|brute-force|spam|mail|ziyadnz|hourly,2026-08-17T18:48:05Z,2026-08-17T18:48:05Z,
173.181.137.44,ipv4,imap-attack,high,WHITE,blocklist.de/imap|blocklist.de/all|blocklist.de/mail|ziyadnz/hourly-ipv4,blocklist.de|imap|pop3|brute-force|spam|mail|ziyadnz|hourly,2026-08-17T18:48:05Z,2026-08-17T18:48:05Z,
173.205.254.97,ipv4,imap-attack,high,WHITE,blocklist.de/imap|blocklist.de/all|blocklist.de/mail|ziyadnz/hourly-ipv4,blocklist.de|imap|pop3|brute-force|spam|mail|ziyadnz|hourly,2026-08-17T18:48:05Z,2026-08-17T18:48:05Z,
173.207.70.42,ipv4,imap-attack,high,WHITE,blocklist.de/imap|blocklist.de/all|blocklist.de/mail|ziyadnz/hourly-ipv4,blocklist.de|imap|pop3|brute-force|spam|mail|ziyadnz|hourly,2026-08-17T18:48:05Z,2026-08-17T18:48:05Z,
173.224.172.209,ipv4,imap-attack,high,WHITE,blocklist.de/imap|blocklist.de/all|blocklist.de/mail|ziyadnz/hourly-ipv4,blocklist.de|imap|pop3|brute-force|spam|mail|ziyadnz|hourly,2026-08-17T18:48:05Z,2026-08-17T18:48:05Z,
173.239.240.166,ipv4,imap-attack,high,WHITE,blocklist.de/imap|blocklist.de/all|blocklist.de/mail|ziyadnz/hourly-ipv4,blocklist.de|imap|pop3|brute-force|spam|mail|ziyadnz|hourly,2026-08-17T18:48:05Z,2026-08-17T18:48:05Z,
173.249.142.57,ipv4,imap-attack,high,WHITE,blocklist.de/imap|blocklist.de/all|blocklist.de/mail|ziyadnz/hourly-ipv4,blocklist.de|imap|pop3|brute-force|spam|mail|ziyadnz|hourly,2026-08-17T18:48:05Z,2026-08-17T18:48:05Z,
174.115.119.21,ipv4,imap-attack,high,WHITE,blocklist.de/imap|blocklist.de/all|blocklist.de/mail|ziyadnz/hourly-ipv4,blocklist.de|imap|pop3|brute-force|spam|mail|ziyadnz|hourly,2026-08-17T18:48:05Z,2026-08-17T18:48:05Z,
174.134.45.64,ipv4,imap-attack,high,WHITE,blocklist.de/imap|blocklist.de/all|blocklist.de/mail|ziyadnz/hourly-ipv4,blocklist.de|imap|pop3|brute-force|spam|mail|ziyadnz|hourly,2026-08-17T18:48:05Z,2026-08-17T18:48:05Z,
174.68.45.93,ipv4,imap-attack,high,WHITE,blocklist.de/imap|blocklist.de/all|blocklist.de/mail|ziyadnz/hourly-ipv4,blocklist.de|imap|pop3|brute-force|spam|mail|ziyadnz|hourly,2026-08-17T18:48:05Z,2026-08-17T18:48:05Z,
174.77.208.12,ipv4,imap-attack,high,WHITE,blocklist.de/imap|blocklist.de/all|blocklist.de/mail|ziyadnz/hourly-ipv4,blocklist.de|imap|pop3|brute-force|spam|mail|ziyadnz|hourly,2026-08-17T18:48:05Z,2026-08-17T18:48:05Z,
174.77.208.27,ipv4,imap-attack,high,WHITE,blocklist.de/imap|blocklist.de/all|blocklist.de/mail|ziyadnz/hourly-ipv4,blocklist.de|imap|pop3|brute-force|spam|mail|ziyadnz|hourly,2026-08-17T18:48:05Z,2026-08-17T18:48:05Z,
174.78.139.165,ipv4,imap-attack,high,WHITE,blocklist.de/imap|blocklist.de/all|blocklist.de/mail|ziyadnz/hourly-ipv4,blocklist.de|imap|pop3|brute-force|spam|mail|ziyadnz|hourly,2026-08-17T18:48:05Z,2026-08-17T18:48:05Z,
174.94.236.211,ipv4,imap-attack,high,WHITE,blocklist.de/imap|blocklist.de/all|blocklist.de/mail|ziyadnz/hourly-ipv4,blocklist.de|imap|pop3|brute-force|spam|mail|ziyadnz|hourly,2026-08-17T18:48:05Z,2026-08-17T18:48:05Z,
175.10.38.108,ipv4,imap-attack,high,WHITE,blocklist.de/imap|blocklist.de/all|blocklist.de/mail|ziyadnz/hourly-ipv4,blocklist.de|imap|pop3|brute-force|spam|mail|ziyadnz|hourly,2026-08-17T18:48:05Z,2026-08-17T18:48:05Z,
175.101.14.77,ipv4,imap-attack,high,WHITE,blocklist.de/imap|blocklist.de/all|blocklist.de/mail|ziyadnz/hourly-ipv4,blocklist.de|imap|pop3|brute-force|spam|mail|ziyadnz|hourly,2026-08-17T18:48:05Z,2026-08-17T18:48:05Z,
175.157.139.242,ipv4,imap-attack,high,WHITE,blocklist.de/imap|blocklist.de/all|blocklist.de/mail|ziyadnz/hourly-ipv4,blocklist.de|imap|pop3|brute-force|spam|mail|ziyadnz|hourly,2026-08-17T18:48:05Z,2026-08-17T18:48:05Z,
175.157.141.151,ipv4,imap-attack,high,WHITE,blocklist.de/imap|blocklist.de/all|blocklist.de/mail|ziyadnz/hourly-ipv4,blocklist.de|imap|pop3|brute-force|spam|mail|ziyadnz|hourly,2026-08-17T18:48:05Z,2026-08-17T18:48:05Z,
175.20.190.108,ipv4,imap-attack,high,WHITE,blocklist.de/imap|blocklist.de/all|blocklist.de/mail|ziyadnz/hourly-ipv4,blocklist.de|imap|pop3|brute-force|spam|mail|ziyadnz|hourly,2026-08-17T18:48:05Z,2026-08-17T18:48:05Z,
175.200.217.128,ipv4,imap-attack,high,WHITE,blocklist.de/imap|blocklist.de/all|blocklist.de/mail|ziyadnz/hourly-ipv4,blocklist.de|imap|pop3|brute-force|spam|mail|ziyadnz|hourly,2026-08-17T18:48:05Z,2026-08-17T18:48:05Z,
175.203.199.118,ipv4,imap-attack,high,WHITE,blocklist.de/imap|blocklist.de/all|blocklist.de/mail|ziyadnz/hourly-ipv4,blocklist.de|imap|pop3|brute-force|spam|mail|ziyadnz|hourly,2026-08-17T18:48:05Z,2026-08-17T18:48:05Z,
175.205.103.66,ipv4,imap-attack,high,WHITE,blocklist.de/imap|blocklist.de/all|blocklist.de/mail|ziyadnz/hourly-ipv4,blocklist.de|imap|pop3|brute-force|spam|mail|ziyadnz|hourly,2026-08-17T18:48:05Z,2026-08-17T18:48:05Z,
175.207.111.38,ipv4,imap-attack,high,WHITE,blocklist.de/imap|blocklist.de/all|blocklist.de/mail|ziyadnz/hourly-ipv4,blocklist.de|imap|pop3|brute-force|spam|mail|ziyadnz|hourly,2026-08-17T18:48:05Z,2026-08-17T18:48:05Z,
175.207.197.171,ipv4,imap-attack,high,WHITE,blocklist.de/imap|blocklist.de/all|blocklist.de/mail|ziyadnz/hourly-ipv4,blocklist.de|imap|pop3|brute-force|spam|mail|ziyadnz|hourly,2026-08-17T18:48:05Z,2026-08-17T18:48:05Z,
175.207.202.32,ipv4,imap-attack,high,WHITE,blocklist.de/imap|blocklist.de/all|blocklist.de/mail|ziyadnz/hourly-ipv4,blocklist.de|imap|pop3|brute-force|spam|mail|ziyadnz|hourly,2026-08-17T18:48:05Z,2026-08-17T18:48:05Z,
175.207.205.249,ipv4,imap-attack,high,WHITE,blocklist.de/imap|blocklist.de/all|blocklist.de/mail|ziyadnz/hourly-ipv4,blocklist.de|imap|pop3|brute-force|spam|mail|ziyadnz|hourly,2026-08-17T18:48:05Z,2026-08-17T18:48:05Z,
175.207.208.221,ipv4,imap-attack,high,WHITE,blocklist.de/imap|blocklist.de/all|blocklist.de/mail|ziyadnz/hourly-ipv4,blocklist.de|imap|pop3|brute-force|spam|mail|ziyadnz|hourly,2026-08-17T18:48:05Z,2026-08-17T18:48:05Z,
175.207.209.181,ipv4,imap-attack,high,WHITE,blocklist.de/imap|blocklist.de/all|blocklist.de/mail|ziyadnz/hourly-ipv4,blocklist.de|imap|pop3|brute-force|spam|mail|ziyadnz|hourly,2026-08-17T18:48:05Z,2026-08-17T18:48:05Z,
175.207.239.222,ipv4,imap-attack,high,WHITE,blocklist.de/imap|blocklist.de/all|blocklist.de/mail|ziyadnz/hourly-ipv4,blocklist.de|imap|pop3|brute-force|spam|mail|ziyadnz|hourly,2026-08-17T18:48:05Z,2026-08-17T18:48:05Z,
175.207.246.155,ipv4,imap-attack,high,WHITE,blocklist.de/imap|blocklist.de/all|blocklist.de/mail|ziyadnz/hourly-ipv4,blocklist.de|imap|pop3|brute-force|spam|mail|ziyadnz|hourly,2026-08-17T18:48:05Z,2026-08-17T18:48:05Z,
175.207.246.3,ipv4,imap-attack,high,WHITE,blocklist.de/imap|blocklist.de/all|blocklist.de/mail|ziyadnz/hourly-ipv4,blocklist.de|imap|pop3|brute-force|spam|mail|ziyadnz|hourly,2026-08-17T18:48:05Z,2026-08-17T18:48:05Z,
175.207.249.33,ipv4,imap-attack,high,WHITE,blocklist.de/imap|blocklist.de/all|blocklist.de/mail|ziyadnz/hourly-ipv4,blocklist.de|imap|pop3|brute-force|spam|mail|ziyadnz|hourly,2026-08-17T18:48:05Z,2026-08-17T18:48:05Z,
175.207.250.122,ipv4,imap-attack,high,WHITE,blocklist.de/imap|blocklist.de/all|blocklist.de/mail|ziyadnz/hourly-ipv4,blocklist.de|imap|pop3|brute-force|spam|mail|ziyadnz|hourly,2026-08-17T18:48:05Z,2026-08-17T18:48:05Z,
175.207.250.251,ipv4,imap-attack,high,WHITE,blocklist.de/imap|blocklist.de/all|blocklist.de/mail|ziyadnz/hourly-ipv4,blocklist.de|imap|pop3|brute-force|spam|mail|ziyadnz|hourly,2026-08-17T18:48:05Z,2026-08-17T18:48:05Z,
175.211.93.63,ipv4,imap-attack,high,WHITE,blocklist.de/imap|blocklist.de/all|blocklist.de/mail|ziyadnz/hourly-ipv4,blocklist.de|imap|pop3|brute-force|spam|mail|ziyadnz|hourly,2026-08-17T18:48:05Z,2026-08-17T18:48:05Z,
175.212.144.221,ipv4,imap-attack,high,WHITE,blocklist.de/imap|blocklist.de/all|blocklist.de/mail|ziyadnz/hourly-ipv4,blocklist.de|imap|pop3|brute-force|spam|mail|ziyadnz|hourly,2026-08-17T18:48:05Z,2026-08-17T18:48:05Z,
175.213.102.205,ipv4,imap-attack,high,WHITE,blocklist.de/imap|blocklist.de/all|blocklist.de/mail|ziyadnz/hourly-ipv4,blocklist.de|imap|pop3|brute-force|spam|mail|ziyadnz|hourly,2026-08-17T18:48:05Z,2026-08-17T18:48:05Z,
175.213.137.209,ipv4,imap-attack,high,WHITE,blocklist.de/imap|blocklist.de/all|blocklist.de/mail|ziyadnz/hourly-ipv4,blocklist.de|imap|pop3|brute-force|spam|mail|ziyadnz|hourly,2026-08-17T18:48:05Z,2026-08-17T18:48:05Z,
175.43.162.226,ipv4,imap-attack,high,WHITE,blocklist.de/imap|blocklist.de/all|blocklist.de/mail|ziyadnz/hourly-ipv4,blocklist.de|imap|pop3|brute-force|spam|mail|ziyadnz|hourly,2026-08-17T18:48:05Z,2026-08-17T18:48:05Z,
175.7.144.4,ipv4,imap-attack,high,WHITE,blocklist.de/imap|blocklist.de/all|blocklist.de/mail|ziyadnz/hourly-ipv4,blocklist.de|imap|pop3|brute-force|spam|mail|ziyadnz|hourly,2026-08-17T18:48:05Z,2026-08-17T18:48:05Z,
176.10.197.168,ipv4,imap-attack,high,WHITE,blocklist.de/imap|blocklist.de/all|blocklist.de/mail|ziyadnz/hourly-ipv4,blocklist.de|imap|pop3|brute-force|spam|mail|ziyadnz|hourly,2026-08-17T18:48:05Z,2026-08-17T18:48:05Z,
176.10.202.13,ipv4,imap-attack,high,WHITE,blocklist.de/imap|blocklist.de/all|blocklist.de/mail|ziyadnz/hourly-ipv4,blocklist.de|imap|pop3|brute-force|spam|mail|ziyadnz|hourly,2026-08-17T18:48:05Z,2026-08-17T18:48:05Z,
176.10.203.54,ipv4,imap-attack,high,WHITE,blocklist.de/imap|blocklist.de/all|blocklist.de/mail|ziyadnz/hourly-ipv4,blocklist.de|imap|pop3|brute-force|spam|mail|ziyadnz|hourly,2026-08-17T18:48:05Z,2026-08-17T18:48:05Z,
176.103.0.128,ipv4,imap-attack,high,WHITE,blocklist.de/imap|blocklist.de/all|blocklist.de/mail|ziyadnz/hourly-ipv4,blocklist.de|imap|pop3|brute-force|spam|mail|ziyadnz|hourly,2026-08-17T18:48:05Z,2026-08-17T18:48:05Z,
176.103.0.135,ipv4,imap-attack,high,WHITE,blocklist.de/imap|blocklist.de/all|blocklist.de/mail|ziyadnz/hourly-ipv4,blocklist.de|imap|pop3|brute-force|spam|mail|ziyadnz|hourly,2026-08-17T18:48:05Z,2026-08-17T18:48:05Z,
176.103.0.197,ipv4,imap-attack,high,WHITE,blocklist.de/imap|blocklist.de/all|blocklist.de/mail|ziyadnz/hourly-ipv4,blocklist.de|imap|pop3|brute-force|spam|mail|ziyadnz|hourly,2026-08-17T18:48:05Z,2026-08-17T18:48:05Z,
176.103.0.203,ipv4,imap-attack,high,WHITE,blocklist.de/imap|blocklist.de/all|blocklist.de/mail|ziyadnz/hourly-ipv4,blocklist.de|imap|pop3|brute-force|spam|mail|ziyadnz|hourly,2026-08-17T18:48:05Z,2026-08-17T18:48:05Z,
176.103.0.255,ipv4,imap-attack,high,WHITE,blocklist.de/imap|blocklist.de/all|blocklist.de/mail|ziyadnz/hourly-ipv4,blocklist.de|imap|pop3|brute-force|spam|mail|ziyadnz|hourly,2026-08-17T18:48:05Z,2026-08-17T18:48:05Z,
176.103.0.65,ipv4,imap-attack,high,WHITE,blocklist.de/imap|blocklist.de/all|blocklist.de/mail|ziyadnz/hourly-ipv4,blocklist.de|imap|pop3|brute-force|spam|mail|ziyadnz|hourly,2026-08-17T18:48:05Z,2026-08-17T18:48:05Z,
176.103.0.66,ipv4,imap-attack,high,WHITE,blocklist.de/imap|blocklist.de/all|blocklist.de/mail|ziyadnz/hourly-ipv4,blocklist.de|imap|pop3|brute-force|spam|mail|ziyadnz|hourly,2026-08-17T18:48:05Z,2026-08-17T18:48:05Z,
176.103.1.11,ipv4,imap-attack,high,WHITE,blocklist.de/imap|blocklist.de/all|blocklist.de/mail|ziyadnz/hourly-ipv4,blocklist.de|imap|pop3|brute-force|spam|mail|ziyadnz|hourly,2026-08-17T18:48:05Z,2026-08-17T18:48:05Z,
176.103.1.122,ipv4,imap-attack,high,WHITE,blocklist.de/imap|blocklist.de/all|blocklist.de/mail|ziyadnz/hourly-ipv4,blocklist.de|imap|pop3|brute-force|spam|mail|ziyadnz|hourly,2026-08-17T18:48:05Z,2026-08-17T18:48:05Z,
176.103.1.152,ipv4,imap-attack,high,WHITE,blocklist.de/imap|blocklist.de/all|blocklist.de/mail|ziyadnz/hourly-ipv4,blocklist.de|imap|pop3|brute-force|spam|mail|ziyadnz|hourly,2026-08-17T18:48:05Z,2026-08-17T18:48:05Z,
176.103.1.219,ipv4,imap-attack,high,WHITE,blocklist.de/imap|blocklist.de/all|blocklist.de/mail|ziyadnz/hourly-ipv4,blocklist.de|imap|pop3|brute-force|spam|mail|ziyadnz|hourly,2026-08-17T18:48:05Z,2026-08-17T18:48:05Z,
176.103.1.29,ipv4,imap-attack,high,WHITE,blocklist.de/imap|blocklist.de/all|blocklist.de/mail|ziyadnz/hourly-ipv4,blocklist.de|imap|pop3|brute-force|spam|mail|ziyadnz|hourly,2026-08-17T18:48:05Z,2026-08-17T18:48:05Z,
176.103.1.38,ipv4,imap-attack,high,WHITE,blocklist.de/imap|blocklist.de/all|blocklist.de/mail|ziyadnz/hourly-ipv4,blocklist.de|imap|pop3|brute-force|spam|mail|ziyadnz|hourly,2026-08-17T18:48:05Z,2026-08-17T18:48:05Z,
176.103.1.77,ipv4,imap-attack,high,WHITE,blocklist.de/imap|blocklist.de/all|blocklist.de/mail|ziyadnz/hourly-ipv4,blocklist.de|imap|pop3|brute-force|spam|mail|ziyadnz|hourly,2026-08-17T18:48:05Z,2026-08-17T18:48:05Z,
176.103.11.138,ipv4,imap-attack,high,WHITE,blocklist.de/imap|blocklist.de/all|blocklist.de/mail|ziyadnz/hourly-ipv4,blocklist.de|imap|pop3|brute-force|spam|mail|ziyadnz|hourly,2026-08-17T18:48:05Z,2026-08-17T18:48:05Z,
176.103.11.172,ipv4,imap-attack,high,WHITE,blocklist.de/imap|blocklist.de/all|blocklist.de/mail|ziyadnz/hourly-ipv4,blocklist.de|imap|pop3|brute-force|spam|mail|ziyadnz|hourly,2026-08-17T18:48:05Z,2026-08-17T18:48:05Z,
176.103.11.188,ipv4,imap-attack,high,WHITE,blocklist.de/imap|blocklist.de/all|blocklist.de/mail|ziyadnz/hourly-ipv4,blocklist.de|imap|pop3|brute-force|spam|mail|ziyadnz|hourly,2026-08-17T18:48:05Z,2026-08-17T18:48:05Z,
176.103.11.79,ipv4,imap-attack,high,WHITE,blocklist.de/imap|blocklist.de/all|blocklist.de/mail,blocklist.de|imap|pop3|brute-force|spam|mail|ziyadnz|hourly,2026-08-17T18:48:05Z,2026-08-17T18:48:05Z,
176.103.15.144,ipv4,imap-attack,high,WHITE,blocklist.de/imap|blocklist.de/all|blocklist.de/mail|ziyadnz/hourly-ipv4,blocklist.de|imap|pop3|brute-force|spam|mail|ziyadnz|hourly,2026-08-17T18:48:05Z,2026-08-17T18:48:05Z,
176.103.15.155,ipv4,imap-attack,high,WHITE,blocklist.de/imap|blocklist.de/all|blocklist.de/mail|ziyadnz/hourly-ipv4,blocklist.de|imap|pop3|brute-force|spam|mail|ziyadnz|hourly,2026-08-17T18:48:05Z,2026-08-17T18:48:05Z,
176.103.15.169,ipv4,imap-attack,high,WHITE,blocklist.de/imap|blocklist.de/all|blocklist.de/mail|ziyadnz/hourly-ipv4,blocklist.de|imap|pop3|brute-force|spam|mail|ziyadnz|hourly,2026-08-17T18:48:05Z,2026-08-17T18:48:05Z,
176.103.15.75,ipv4,imap-attack,high,WHITE,blocklist.de/imap|blocklist.de/all|blocklist.de/mail|ziyadnz/hourly-ipv4,blocklist.de|imap|pop3|brute-force|spam|mail|ziyadnz|hourly,2026-08-17T18:48:05Z,2026-08-17T18:48:05Z,
176.103.2.146,ipv4,imap-attack,high,WHITE,blocklist.de/imap|blocklist.de/all|blocklist.de/mail|ziyadnz/hourly-ipv4,blocklist.de|imap|pop3|brute-force|spam|mail|ziyadnz|hourly,2026-08-17T18:48:05Z,2026-08-17T18:48:05Z,
176.103.2.195,ipv4,imap-attack,high,WHITE,blocklist.de/imap|blocklist.de/all|blocklist.de/mail|ziyadnz/hourly-ipv4,blocklist.de|imap|pop3|brute-force|spam|mail|ziyadnz|hourly,2026-08-17T18:48:05Z,2026-08-17T18:48:05Z,
176.103.2.211,ipv4,imap-attack,high,WHITE,blocklist.de/imap|blocklist.de/all|blocklist.de/mail|ziyadnz/hourly-ipv4,blocklist.de|imap|pop3|brute-force|spam|mail|ziyadnz|hourly,2026-08-17T18:48:05Z,2026-08-17T18:48:05Z,
176.103.2.219,ipv4,imap-attack,high,WHITE,blocklist.de/imap|blocklist.de/all|blocklist.de/mail|ziyadnz/hourly-ipv4,blocklist.de|imap|pop3|brute-force|spam|mail|ziyadnz|hourly,2026-08-17T18:48:05Z,2026-08-17T18:48:05Z,
176.103.25.198,ipv4,imap-attack,high,WHITE,blocklist.de/imap|blocklist.de/all|blocklist.de/mail|ziyadnz/hourly-ipv4,blocklist.de|imap|pop3|brute-force|spam|mail|ziyadnz|hourly,2026-08-17T18:48:05Z,2026-08-17T18:48:05Z,
176.103.25.235,ipv4,imap-attack,high,WHITE,blocklist.de/imap|blocklist.de/all|blocklist.de/mail|ziyadnz/hourly-ipv4,blocklist.de|imap|pop3|brute-force|spam|mail|ziyadnz|hourly,2026-08-17T18:48:05Z,2026-08-17T18:48:05Z,
176.103.3.212,ipv4,imap-attack,high,WHITE,blocklist.de/imap|blocklist.de/all|blocklist.de/mail|ziyadnz/hourly-ipv4,blocklist.de|imap|pop3|brute-force|spam|mail|ziyadnz|hourly,2026-08-17T18:48:05Z,2026-08-17T18:48:05Z,
176.103.3.52,ipv4,imap-attack,high,WHITE,blocklist.de/imap|blocklist.de/all|blocklist.de/mail|ziyadnz/hourly-ipv4,blocklist.de|imap|pop3|brute-force|spam|mail|ziyadnz|hourly,2026-08-17T18:48:05Z,2026-08-17T18:48:05Z,
176.103.4.104,ipv4,imap-attack,high,WHITE,blocklist.de/imap|blocklist.de/all|blocklist.de/mail|ziyadnz/hourly-ipv4,blocklist.de|imap|pop3|brute-force|spam|mail|ziyadnz|hourly,2026-08-17T18:48:05Z,2026-08-17T18:48:05Z,
176.103.4.146,ipv4,imap-attack,high,WHITE,blocklist.de/imap|blocklist.de/all|blocklist.de/mail|ziyadnz/hourly-ipv4,blocklist.de|imap|pop3|brute-force|spam|mail|ziyadnz|hourly,2026-08-17T18:48:05Z,2026-08-17T18:48:05Z,
176.103.4.163,ipv4,imap-attack,high,WHITE,blocklist.de/imap|blocklist.de/all|blocklist.de/mail|ziyadnz/hourly-ipv4,blocklist.de|imap|pop3|brute-force|spam|mail|ziyadnz|hourly,2026-08-17T18:48:05Z,2026-08-17T18:48:05Z,
176.103.4.71,ipv4,imap-attack,high,WHITE,blocklist.de/imap|blocklist.de/all|blocklist.de/mail|ziyadnz/hourly-ipv4,blocklist.de|imap|pop3|brute-force|spam|mail|ziyadnz|hourly,2026-08-17T18:48:05Z,2026-08-17T18:48:05Z,
176.103.5.102,ipv4,imap-attack,high,WHITE,blocklist.de/imap|blocklist.de/all|blocklist.de/mail|ziyadnz/hourly-ipv4,blocklist.de|imap|pop3|brute-force|spam|mail|ziyadnz|hourly,2026-08-17T18:48:05Z,2026-08-17T18:48:05Z,
176.103.5.158,ipv4,imap-attack,high,WHITE,blocklist.de/imap|blocklist.de/all|blocklist.de/mail|ziyadnz/hourly-ipv4,blocklist.de|imap|pop3|brute-force|spam|mail|ziyadnz|hourly,2026-08-17T18:48:05Z,2026-08-17T18:48:05Z,
176.103.5.174,ipv4,imap-attack,high,WHITE,blocklist.de/imap|blocklist.de/all|blocklist.de/mail|ziyadnz/hourly-ipv4,blocklist.de|imap|pop3|brute-force|spam|mail|ziyadnz|hourly,2026-08-17T18:48:05Z,2026-08-17T18:48:05Z,
176.103.5.201,ipv4,imap-attack,high,WHITE,blocklist.de/imap|blocklist.de/all|blocklist.de/mail|ziyadnz/hourly-ipv4,blocklist.de|imap|pop3|brute-force|spam|mail|ziyadnz|hourly,2026-08-17T18:48:05Z,2026-08-17T18:48:05Z,
176.103.5.253,ipv4,imap-attack,high,WHITE,blocklist.de/imap|blocklist.de/all|blocklist.de/mail|ziyadnz/hourly-ipv4,blocklist.de|imap|pop3|brute-force|spam|mail|ziyadnz|hourly,2026-08-17T18:48:05Z,2026-08-17T18:48:05Z,
176.103.5.8,ipv4,imap-attack,high,WHITE,blocklist.de/imap|blocklist.de/all|blocklist.de/mail|ziyadnz/hourly-ipv4,blocklist.de|imap|pop3|brute-force|spam|mail|ziyadnz|hourly,2026-08-17T18:48:05Z,2026-08-17T18:48:05Z,
176.103.6.104,ipv4,imap-attack,high,WHITE,blocklist.de/imap|blocklist.de/all|blocklist.de/mail|ziyadnz/hourly-ipv4,blocklist.de|imap|pop3|brute-force|spam|mail|ziyadnz|hourly,2026-08-17T18:48:05Z,2026-08-17T18:48:05Z,
176.103.6.113,ipv4,imap-attack,high,WHITE,blocklist.de/imap|blocklist.de/all|blocklist.de/mail|ziyadnz/hourly-ipv4,blocklist.de|imap|pop3|brute-force|spam|mail|ziyadnz|hourly,2026-08-17T18:48:05Z,2026-08-17T18:48:05Z,
176.103.6.130,ipv4,imap-attack,high,WHITE,blocklist.de/imap|blocklist.de/all|blocklist.de/mail|ziyadnz/hourly-ipv4,blocklist.de|imap|pop3|brute-force|spam|mail|ziyadnz|hourly,2026-08-17T18:48:05Z,2026-08-17T18:48:05Z,
176.103.6.176,ipv4,imap-attack,high,WHITE,blocklist.de/imap|blocklist.de/all|blocklist.de/mail|ziyadnz/hourly-ipv4,blocklist.de|imap|pop3|brute-force|spam|mail|ziyadnz|hourly,2026-08-17T18:48:05Z,2026-08-17T18:48:05Z,
176.103.6.243,ipv4,imap-attack,high,WHITE,blocklist.de/imap|blocklist.de/all|blocklist.de/mail|ziyadnz/hourly-ipv4,blocklist.de|imap|pop3|brute-force|spam|mail|ziyadnz|hourly,2026-08-17T18:48:05Z,2026-08-17T18:48:05Z,
176.103.6.25,ipv4,imap-attack,high,WHITE,blocklist.de/imap|blocklist.de/all|blocklist.de/mail|ziyadnz/hourly-ipv4,blocklist.de|imap|pop3|brute-force|spam|mail|ziyadnz|hourly,2026-08-17T18:48:05Z,2026-08-17T18:48:05Z,
176.103.7.0,ipv4,imap-attack,high,WHITE,blocklist.de/imap|blocklist.de/all|blocklist.de/mail|ziyadnz/hourly-ipv4,blocklist.de|imap|pop3|brute-force|spam|mail|ziyadnz|hourly,2026-08-17T18:48:05Z,2026-08-17T18:48:05Z,
176.103.7.168,ipv4,imap-attack,high,WHITE,blocklist.de/imap|blocklist.de/all|blocklist.de/mail|ziyadnz/hourly-ipv4,blocklist.de|imap|pop3|brute-force|spam|mail|ziyadnz|hourly,2026-08-17T18:48:05Z,2026-08-17T18:48:05Z,
176.103.7.196,ipv4,imap-attack,high,WHITE,blocklist.de/imap|blocklist.de/all|blocklist.de/mail|ziyadnz/hourly-ipv4,blocklist.de|imap|pop3|brute-force|spam|mail|ziyadnz|hourly,2026-08-17T18:48:05Z,2026-08-17T18:48:05Z,
176.103.7.204,ipv4,imap-attack,high,WHITE,blocklist.de/imap|blocklist.de/all|blocklist.de/mail|ziyadnz/hourly-ipv4,blocklist.de|imap|pop3|brute-force|spam|mail|ziyadnz|hourly,2026-08-17T18:48:05Z,2026-08-17T18:48:05Z,
176.103.7.68,ipv4,imap-attack,high,WHITE,blocklist.de/imap|blocklist.de/all|blocklist.de/mail|ziyadnz/hourly-ipv4,blocklist.de|imap|pop3|brute-force|spam|mail|ziyadnz|hourly,2026-08-17T18:48:05Z,2026-08-17T18:48:05Z,
176.108.121.121,ipv4,imap-attack,high,WHITE,blocklist.de/imap|blocklist.de/all|blocklist.de/mail|ziyadnz/hourly-ipv4,blocklist.de|imap|pop3|brute-force|spam|mail|ziyadnz|hourly,2026-08-17T18:48:05Z,2026-08-17T18:48:05Z,
176.111.64.38,ipv4,imap-attack,high,WHITE,blocklist.de/imap|blocklist.de/all|blocklist.de/mail|ziyadnz/hourly-ipv4,blocklist.de|imap|pop3|brute-force|spam|mail|ziyadnz|hourly,2026-08-17T18:48:05Z,2026-08-17T18:48:05Z,
176.172.239.193,ipv4,imap-attack,high,WHITE,blocklist.de/imap|blocklist.de/all|blocklist.de/mail|ziyadnz/hourly-ipv4,blocklist.de|imap|pop3|brute-force|spam|mail|ziyadnz|hourly,2026-08-17T18:48:05Z,2026-08-17T18:48:05Z,
176.204.245.220,ipv4,imap-attack,high,WHITE,blocklist.de/imap|blocklist.de/all|blocklist.de/mail|ziyadnz/hourly-ipv4,blocklist.de|imap|pop3|brute-force|spam|mail|ziyadnz|hourly,2026-08-17T18:48:05Z,2026-08-17T18:48:05Z,
176.204.245.229,ipv4,imap-attack,high,WHITE,blocklist.de/imap|blocklist.de/all|blocklist.de/mail|ziyadnz/hourly-ipv4,blocklist.de|imap|pop3|brute-force|spam|mail|ziyadnz|hourly,2026-08-17T18:48:05Z,2026-08-17T18:48:05Z,
176.204.245.251,ipv4,imap-attack,high,WHITE,blocklist.de/imap|blocklist.de/all|blocklist.de/mail|ziyadnz/hourly-ipv4,blocklist.de|imap|pop3|brute-force|spam|mail|ziyadnz|hourly,2026-08-17T18:48:05Z,2026-08-17T18:48:05Z,
176.204.246.72,ipv4,imap-attack,high,WHITE,blocklist.de/imap|blocklist.de/all|blocklist.de/mail|ziyadnz/hourly-ipv4,blocklist.de|imap|pop3|brute-force|spam|mail|ziyadnz|hourly,2026-08-17T18:48:05Z,2026-08-17T18:48:05Z,
176.204.246.85,ipv4,imap-attack,high,WHITE,blocklist.de/imap|blocklist.de/all|blocklist.de/mail|ziyadnz/hourly-ipv4,blocklist.de|imap|pop3|brute-force|spam|mail|ziyadnz|hourly,2026-08-17T18:48:05Z,2026-08-17T18:48:05Z,
176.204.246.98,ipv4,imap-attack,high,WHITE,blocklist.de/imap|blocklist.de/all|blocklist.de/mail|ziyadnz/hourly-ipv4,blocklist.de|imap|pop3|brute-force|spam|mail|ziyadnz|hourly,2026-08-17T18:48:05Z,2026-08-17T18:48:05Z,
176.235.141.101,ipv4,imap-attack,high,WHITE,blocklist.de/imap|blocklist.de/all|blocklist.de/mail|ziyadnz/hourly-ipv4,blocklist.de|imap|pop3|brute-force|spam|mail|ziyadnz|hourly,2026-08-17T18:48:05Z,2026-08-17T18:48:05Z,
176.250.10.116,ipv4,imap-attack,high,WHITE,blocklist.de/imap|blocklist.de/all|blocklist.de/mail|ziyadnz/hourly-ipv4,blocklist.de|imap|pop3|brute-force|spam|mail|ziyadnz|hourly,2026-08-17T18:48:05Z,2026-08-17T18:48:05Z,
176.29.217.157,ipv4,imap-attack,high,WHITE,blocklist.de/imap|blocklist.de/all|blocklist.de/mail|ziyadnz/hourly-ipv4,blocklist.de|imap|pop3|brute-force|spam|mail|ziyadnz|hourly,2026-08-17T18:48:05Z,2026-08-17T18:48:05Z,
176.3.104.180,ipv4,imap-attack,high,WHITE,blocklist.de/imap|blocklist.de/all|blocklist.de/mail|ziyadnz/hourly-ipv4,blocklist.de|imap|pop3|brute-force|spam|mail|ziyadnz|hourly,2026-08-17T18:48:05Z,2026-08-17T18:48:05Z,
176.33.107.210,ipv4,imap-attack,high,WHITE,blocklist.de/imap|blocklist.de/all|blocklist.de/mail|ziyadnz/hourly-ipv4,blocklist.de|imap|pop3|brute-force|spam|mail|ziyadnz|hourly,2026-08-17T18:48:05Z,2026-08-17T18:48:05Z,
176.36.139.231,ipv4,imap-attack,high,WHITE,blocklist.de/imap|blocklist.de/all|blocklist.de/mail|ziyadnz/hourly-ipv4,blocklist.de|imap|pop3|brute-force|spam|mail|ziyadnz|hourly,2026-08-17T18:48:05Z,2026-08-17T18:48:05Z,
176.44.60.13,ipv4,imap-attack,high,WHITE,blocklist.de/imap|blocklist.de/all|blocklist.de/mail|ziyadnz/hourly-ipv4,blocklist.de|imap|pop3|brute-force|spam|mail|ziyadnz|hourly,2026-08-17T18:48:05Z,2026-08-17T18:48:05Z,
176.7.191.79,ipv4,imap-attack,high,WHITE,blocklist.de/imap|blocklist.de/all|blocklist.de/mail|ziyadnz/hourly-ipv4,blocklist.de|imap|pop3|brute-force|spam|mail|ziyadnz|hourly,2026-08-17T18:48:05Z,2026-08-17T18:48:05Z,
176.98.225.44,ipv4,imap-attack,high,WHITE,blocklist.de/imap|blocklist.de/all|blocklist.de/mail|ziyadnz/hourly-ipv4,blocklist.de|imap|pop3|brute-force|spam|mail|ziyadnz|hourly,2026-08-17T18:48:05Z,2026-08-17T18:48:05Z,
177.10.182.175,ipv4,imap-attack,high,WHITE,blocklist.de/imap|blocklist.de/all|blocklist.de/mail|ziyadnz/hourly-ipv4,blocklist.de|imap|pop3|brute-force|spam|mail|ziyadnz|hourly,2026-08-17T18:48:05Z,2026-08-17T18:48:05Z,
177.10.194.143,ipv4,imap-attack,high,WHITE,blocklist.de/imap|blocklist.de/all|blocklist.de/mail|ziyadnz/hourly-ipv4,blocklist.de|imap|pop3|brute-force|spam|mail|ziyadnz|hourly,2026-08-17T18:48:05Z,2026-08-17T18:48:05Z,
177.10.197.189,ipv4,imap-attack,high,WHITE,blocklist.de/imap|blocklist.de/all|blocklist.de/mail|ziyadnz/hourly-ipv4,blocklist.de|imap|pop3|brute-force|spam|mail|ziyadnz|hourly,2026-08-17T18:48:05Z,2026-08-17T18:48:05Z,
177.10.197.239,ipv4,imap-attack,high,WHITE,blocklist.de/imap|blocklist.de/all|blocklist.de/mail|ziyadnz/hourly-ipv4,blocklist.de|imap|pop3|brute-force|spam|mail|ziyadnz|hourly,2026-08-17T18:48:05Z,2026-08-17T18:48:05Z,
177.101.46.49,ipv4,imap-attack,high,WHITE,blocklist.de/imap|blocklist.de/all|blocklist.de/mail|ziyadnz/hourly-ipv4,blocklist.de|imap|pop3|brute-force|spam|mail|ziyadnz|hourly,2026-08-17T18:48:05Z,2026-08-17T18:48:05Z,
177.11.222.208,ipv4,imap-attack,high,WHITE,blocklist.de/imap|blocklist.de/all|blocklist.de/mail|ziyadnz/hourly-ipv4,blocklist.de|imap|pop3|brute-force|spam|mail|ziyadnz|hourly,2026-08-17T18:48:05Z,2026-08-17T18:48:05Z,
177.11.251.69,ipv4,imap-attack,high,WHITE,blocklist.de/imap|blocklist.de/all|blocklist.de/mail|ziyadnz/hourly-ipv4,blocklist.de|imap|pop3|brute-force|spam|mail|ziyadnz|hourly,2026-08-17T18:48:05Z,2026-08-17T18:48:05Z,
177.116.62.71,ipv4,imap-attack,high,WHITE,blocklist.de/imap|blocklist.de/all|blocklist.de/mail|ziyadnz/hourly-ipv4,blocklist.de|imap|pop3|brute-force|spam|mail|ziyadnz|hourly,2026-08-17T18:48:05Z,2026-08-17T18:48:05Z,
177.126.154.173,ipv4,imap-attack,high,WHITE,blocklist.de/imap|blocklist.de/all|blocklist.de/mail|ziyadnz/hourly-ipv4,blocklist.de|imap|pop3|brute-force|spam|mail|ziyadnz|hourly,2026-08-17T18:48:05Z,2026-08-17T18:48:05Z,
177.126.216.227,ipv4,imap-attack,high,WHITE,blocklist.de/imap|blocklist.de/all|blocklist.de/mail|ziyadnz/hourly-ipv4,blocklist.de|imap|pop3|brute-force|spam|mail|ziyadnz|hourly,2026-08-17T18:48:05Z,2026-08-17T18:48:05Z,
177.126.220.111,ipv4,imap-attack,high,WHITE,blocklist.de/imap|blocklist.de/all|blocklist.de/mail|ziyadnz/hourly-ipv4,blocklist.de|imap|pop3|brute-force|spam|mail|ziyadnz|hourly,2026-08-17T18:48:05Z,2026-08-17T18:48:05Z,
177.129.206.42,ipv4,imap-attack,high,WHITE,blocklist.de/imap|blocklist.de/all|blocklist.de/mail|ziyadnz/hourly-ipv4,blocklist.de|imap|pop3|brute-force|spam|mail|ziyadnz|hourly,2026-08-17T18:48:05Z,2026-08-17T18:48:05Z,
177.130.168.226,ipv4,imap-attack,high,WHITE,blocklist.de/imap|blocklist.de/all|blocklist.de/mail|ziyadnz/hourly-ipv4,blocklist.de|imap|pop3|brute-force|spam|mail|ziyadnz|hourly,2026-08-17T18:48:05Z,2026-08-17T18:48:05Z,
177.130.168.34,ipv4,imap-attack,high,WHITE,blocklist.de/imap|blocklist.de/all|blocklist.de/mail|ziyadnz/hourly-ipv4,blocklist.de|imap|pop3|brute-force|spam|mail|ziyadnz|hourly,2026-08-17T18:48:05Z,2026-08-17T18:48:05Z,
177.130.168.4,ipv4,imap-attack,high,WHITE,blocklist.de/imap|blocklist.de/all|blocklist.de/mail|ziyadnz/hourly-ipv4,blocklist.de|imap|pop3|brute-force|spam|mail|ziyadnz|hourly,2026-08-17T18:48:05Z,2026-08-17T18:48:05Z,
177.130.168.7,ipv4,imap-attack,high,WHITE,blocklist.de/imap|blocklist.de/all|blocklist.de/mail|ziyadnz/hourly-ipv4,blocklist.de|imap|pop3|brute-force|spam|mail|ziyadnz|hourly,2026-08-17T18:48:05Z,2026-08-17T18:48:05Z,
177.130.168.8,ipv4,imap-attack,high,WHITE,blocklist.de/imap|blocklist.de/all|blocklist.de/mail|ziyadnz/hourly-ipv4,blocklist.de|imap|pop3|brute-force|spam|mail|ziyadnz|hourly,2026-08-17T18:48:05Z,2026-08-17T18:48:05Z,
177.131.210.213,ipv4,imap-attack,high,WHITE,blocklist.de/imap|blocklist.de/all|blocklist.de/mail|ziyadnz/hourly-ipv4,blocklist.de|imap|pop3|brute-force|spam|mail|ziyadnz|hourly,2026-08-17T18:48:05Z,2026-08-17T18:48:05Z,
177.135.206.10,ipv4,imap-attack,high,WHITE,blocklist.de/imap|blocklist.de/all|blocklist.de/mail|ziyadnz/hourly-ipv4,blocklist.de|imap|pop3|brute-force|spam|mail|ziyadnz|hourly,2026-08-17T18:48:05Z,2026-08-17T18:48:05Z,
177.135.209.177,ipv4,imap-attack,high,WHITE,blocklist.de/imap|blocklist.de/all|blocklist.de/mail|ziyadnz/hourly-ipv4,blocklist.de|imap|pop3|brute-force|spam|mail|ziyadnz|hourly,2026-08-17T18:48:05Z,2026-08-17T18:48:05Z,
177.137.230.235,ipv4,imap-attack,high,WHITE,blocklist.de/imap|blocklist.de/all|blocklist.de/mail|ziyadnz/hourly-ipv4,blocklist.de|imap|pop3|brute-force|spam|mail|ziyadnz|hourly,2026-08-17T18:48:05Z,2026-08-17T18:48:05Z,
177.152.20.46,ipv4,imap-attack,high,WHITE,blocklist.de/imap|blocklist.de/all|blocklist.de/mail|ziyadnz/hourly-ipv4,blocklist.de|imap|pop3|brute-force|spam|mail|ziyadnz|hourly,2026-08-17T18:48:05Z,2026-08-17T18:48:05Z,
177.152.23.146,ipv4,imap-attack,high,WHITE,blocklist.de/imap|blocklist.de/all|blocklist.de/mail|ziyadnz/hourly-ipv4,blocklist.de|imap|pop3|brute-force|spam|mail|ziyadnz|hourly,2026-08-17T18:48:05Z,2026-08-17T18:48:05Z,
177.152.23.211,ipv4,imap-attack,high,WHITE,blocklist.de/imap|blocklist.de/all|blocklist.de/mail|ziyadnz/hourly-ipv4,blocklist.de|imap|pop3|brute-force|spam|mail|ziyadnz|hourly,2026-08-17T18:48:05Z,2026-08-17T18:48:05Z,
177.152.23.244,ipv4,imap-attack,high,WHITE,blocklist.de/imap|blocklist.de/all|blocklist.de/mail|ziyadnz/hourly-ipv4,blocklist.de|imap|pop3|brute-force|spam|mail|ziyadnz|hourly,2026-08-17T18:48:05Z,2026-08-17T18:48:05Z,
177.154.227.98,ipv4,imap-attack,high,WHITE,blocklist.de/imap|blocklist.de/all|blocklist.de/mail|ziyadnz/hourly-ipv4,blocklist.de|imap|pop3|brute-force|spam|mail|ziyadnz|hourly,2026-08-17T18:48:05Z,2026-08-17T18:48:05Z,
177.155.128.51,ipv4,imap-attack,high,WHITE,blocklist.de/imap|blocklist.de/all|blocklist.de/mail|ziyadnz/hourly-ipv4,blocklist.de|imap|pop3|brute-force|spam|mail|ziyadnz|hourly,2026-08-17T18:48:05Z,2026-08-17T18:48:05Z,
177.155.253.49,ipv4,imap-attack,high,WHITE,blocklist.de/imap|blocklist.de/all|blocklist.de/mail|ziyadnz/hourly-ipv4,blocklist.de|imap|pop3|brute-force|spam|mail|ziyadnz|hourly,2026-08-17T18:48:05Z,2026-08-17T18:48:05Z,
177.158.133.198,ipv4,imap-attack,high,WHITE,blocklist.de/imap|blocklist.de/all|blocklist.de/mail|ziyadnz/hourly-ipv4,blocklist.de|imap|pop3|brute-force|spam|mail|ziyadnz|hourly,2026-08-17T18:48:05Z,2026-08-17T18:48:05Z,
177.159.97.117,ipv4,imap-attack,high,WHITE,blocklist.de/imap|blocklist.de/all|blocklist.de/mail|ziyadnz/hourly-ipv4,blocklist.de|imap|pop3|brute-force|spam|mail|ziyadnz|hourly,2026-08-17T18:48:05Z,2026-08-17T18:48:05Z,
177.16.13.55,ipv4,imap-attack,high,WHITE,blocklist.de/imap|blocklist.de/all|blocklist.de/mail|ziyadnz/hourly-ipv4,blocklist.de|imap|pop3|brute-force|spam|mail|ziyadnz|hourly,2026-08-17T18:48:05Z,2026-08-17T18:48:05Z,
177.174.0.3,ipv4,imap-attack,high,WHITE,blocklist.de/imap|blocklist.de/all|blocklist.de/mail|ziyadnz/hourly-ipv4,blocklist.de|imap|pop3|brute-force|spam|mail|ziyadnz|hourly,2026-08-17T18:48:05Z,2026-08-17T18:48:05Z,
177.174.109.143,ipv4,imap-attack,high,WHITE,blocklist.de/imap|blocklist.de/all|blocklist.de/mail|ziyadnz/hourly-ipv4,blocklist.de|imap|pop3|brute-force|spam|mail|ziyadnz|hourly,2026-08-17T18:48:05Z,2026-08-17T18:48:05Z,
177.174.16.55,ipv4,imap-attack,high,WHITE,blocklist.de/imap|blocklist.de/all|blocklist.de/mail|ziyadnz/hourly-ipv4,blocklist.de|imap|pop3|brute-force|spam|mail|ziyadnz|hourly,2026-08-17T18:48:05Z,2026-08-17T18:48:05Z,
177.19.145.25,ipv4,imap-attack,high,WHITE,blocklist.de/imap|blocklist.de/all|blocklist.de/mail|ziyadnz/hourly-ipv4,blocklist.de|imap|pop3|brute-force|spam|mail|ziyadnz|hourly,2026-08-17T18:48:05Z,2026-08-17T18:48:05Z,
177.19.165.90,ipv4,imap-attack,high,WHITE,blocklist.de/imap|blocklist.de/all|blocklist.de/mail|ziyadnz/hourly-ipv4,blocklist.de|imap|pop3|brute-force|spam|mail|ziyadnz|hourly,2026-08-17T18:48:05Z,2026-08-17T18:48:05Z,
177.190.78.162,ipv4,imap-attack,high,WHITE,blocklist.de/imap|blocklist.de/all|blocklist.de/mail|ziyadnz/hourly-ipv4,blocklist.de|imap|pop3|brute-force|spam|mail|ziyadnz|hourly,2026-08-17T18:48:05Z,2026-08-17T18:48:05Z,
177.200.66.250,ipv4,imap-attack,high,WHITE,blocklist.de/imap|blocklist.de/all|blocklist.de/mail|ziyadnz/hourly-ipv4,blocklist.de|imap|pop3|brute-force|spam|mail|ziyadnz|hourly,2026-08-17T18:48:05Z,2026-08-17T18:48:05Z,
177.200.66.4,ipv4,imap-attack,high,WHITE,blocklist.de/imap|blocklist.de/all|blocklist.de/mail|ziyadnz/hourly-ipv4,blocklist.de|imap|pop3|brute-force|spam|mail|ziyadnz|hourly,2026-08-17T18:48:05Z,2026-08-17T18:48:05Z,
177.200.66.42,ipv4,imap-attack,high,WHITE,blocklist.de/imap|blocklist.de/all|blocklist.de/mail|ziyadnz/hourly-ipv4,blocklist.de|imap|pop3|brute-force|spam|mail|ziyadnz|hourly,2026-08-17T18:48:05Z,2026-08-17T18:48:05Z,
177.207.248.141,ipv4,imap-attack,high,WHITE,blocklist.de/imap|blocklist.de/all|blocklist.de/mail|ziyadnz/hourly-ipv4,blocklist.de|imap|pop3|brute-force|spam|mail|ziyadnz|hourly,2026-08-17T18:48:05Z,2026-08-17T18:48:05Z,
177.21.208.34,ipv4,imap-attack,high,WHITE,blocklist.de/imap|blocklist.de/all|blocklist.de/mail|ziyadnz/hourly-ipv4,blocklist.de|imap|pop3|brute-force|spam|mail|ziyadnz|hourly,2026-08-17T18:48:05Z,2026-08-17T18:48:05Z,
177.215.134.250,ipv4,imap-attack,high,WHITE,blocklist.de/imap|blocklist.de/all|blocklist.de/mail|ziyadnz/hourly-ipv4,blocklist.de|imap|pop3|brute-force|spam|mail|ziyadnz|hourly,2026-08-17T18:48:05Z,2026-08-17T18:48:05Z,
177.22.188.98,ipv4,imap-attack,high,WHITE,blocklist.de/imap|blocklist.de/all|blocklist.de/mail|ziyadnz/hourly-ipv4,blocklist.de|imap|pop3|brute-force|spam|mail|ziyadnz|hourly,2026-08-17T18:48:05Z,2026-08-17T18:48:05Z,
177.222.210.30,ipv4,imap-attack,high,WHITE,blocklist.de/imap|blocklist.de/all|blocklist.de/mail|ziyadnz/hourly-ipv4,blocklist.de|imap|pop3|brute-force|spam|mail|ziyadnz|hourly,2026-08-17T18:48:05Z,2026-08-17T18:48:05Z,
177.226.162.234,ipv4,imap-attack,high,WHITE,blocklist.de/imap|blocklist.de/all|blocklist.de/mail|ziyadnz/hourly-ipv4,blocklist.de|imap|pop3|brute-force|spam|mail|ziyadnz|hourly,2026-08-17T18:48:05Z,2026-08-17T18:48:05Z,
177.23.184.136,ipv4,imap-attack,high,WHITE,blocklist.de/imap|blocklist.de/all|blocklist.de/mail|ziyadnz/hourly-ipv4,blocklist.de|imap|pop3|brute-force|spam|mail|ziyadnz|hourly,2026-08-17T18:48:05Z,2026-08-17T18:48:05Z,
177.232.81.235,ipv4,imap-attack,high,WHITE,blocklist.de/imap|blocklist.de/all|blocklist.de/mail|ziyadnz/hourly-ipv4,blocklist.de|imap|pop3|brute-force|spam|mail|ziyadnz|hourly,2026-08-17T18:48:05Z,2026-08-17T18:48:05Z,
177.232.86.234,ipv4,imap-attack,high,WHITE,blocklist.de/imap|blocklist.de/all|blocklist.de/mail|ziyadnz/hourly-ipv4,blocklist.de|imap|pop3|brute-force|spam|mail|ziyadnz|hourly,2026-08-17T18:48:05Z,2026-08-17T18:48:05Z,
177.234.178.105,ipv4,imap-attack,high,WHITE,blocklist.de/imap|blocklist.de/all|blocklist.de/mail|ziyadnz/hourly-ipv4,blocklist.de|imap|pop3|brute-force|spam|mail|ziyadnz|hourly,2026-08-17T18:48:05Z,2026-08-17T18:48:05Z,
177.242.222.211,ipv4,imap-attack,high,WHITE,blocklist.de/imap|blocklist.de/all|blocklist.de/mail|ziyadnz/hourly-ipv4,blocklist.de|imap|pop3|brute-force|spam|mail|ziyadnz|hourly,2026-08-17T18:48:05Z,2026-08-17T18:48:05Z,
177.244.29.30,ipv4,imap-attack,high,WHITE,blocklist.de/imap|blocklist.de/all|blocklist.de/mail|ziyadnz/hourly-ipv4,blocklist.de|imap|pop3|brute-force|spam|mail|ziyadnz|hourly,2026-08-17T18:48:05Z,2026-08-17T18:48:05Z,
177.245.162.172,ipv4,imap-attack,high,WHITE,blocklist.de/imap|blocklist.de/all|blocklist.de/mail|ziyadnz/hourly-ipv4,blocklist.de|imap|pop3|brute-force|spam|mail|ziyadnz|hourly,2026-08-17T18:48:05Z,2026-08-17T18:48:05Z,
177.25.59.5,ipv4,imap-attack,high,WHITE,blocklist.de/imap|blocklist.de/all|blocklist.de/mail|ziyadnz/hourly-ipv4,blocklist.de|imap|pop3|brute-force|spam|mail|ziyadnz|hourly,2026-08-17T18:48:05Z,2026-08-17T18:48:05Z,
177.27.76.210,ipv4,imap-attack,high,WHITE,blocklist.de/imap|blocklist.de/all|blocklist.de/mail|ziyadnz/hourly-ipv4,blocklist.de|imap|pop3|brute-force|spam|mail|ziyadnz|hourly,2026-08-17T18:48:05Z,2026-08-17T18:48:05Z,
177.37.184.170,ipv4,imap-attack,high,WHITE,blocklist.de/imap|blocklist.de/all|blocklist.de/mail|ziyadnz/hourly-ipv4,blocklist.de|imap|pop3|brute-force|spam|mail|ziyadnz|hourly,2026-08-17T18:48:05Z,2026-08-17T18:48:05Z,
177.38.18.178,ipv4,imap-attack,high,WHITE,blocklist.de/imap|blocklist.de/all|blocklist.de/mail|ziyadnz/hourly-ipv4,blocklist.de|imap|pop3|brute-force|spam|mail|ziyadnz|hourly,2026-08-17T18:48:05Z,2026-08-17T18:48:05Z,
177.39.13.251,ipv4,imap-attack,high,WHITE,blocklist.de/imap|blocklist.de/all|blocklist.de/mail|ziyadnz/hourly-ipv4,blocklist.de|imap|pop3|brute-force|spam|mail|ziyadnz|hourly,2026-08-17T18:48:05Z,2026-08-17T18:48:05Z,
177.39.140.167,ipv4,imap-attack,high,WHITE,blocklist.de/imap|blocklist.de/all|blocklist.de/mail|ziyadnz/hourly-ipv4,blocklist.de|imap|pop3|brute-force|spam|mail|ziyadnz|hourly,2026-08-17T18:48:05Z,2026-08-17T18:48:05Z,
177.39.142.61,ipv4,imap-attack,high,WHITE,blocklist.de/imap|blocklist.de/all|blocklist.de/mail|ziyadnz/hourly-ipv4,blocklist.de|imap|pop3|brute-force|spam|mail|ziyadnz|hourly,2026-08-17T18:48:05Z,2026-08-17T18:48:05Z,
177.43.105.11,ipv4,imap-attack,high,WHITE,blocklist.de/imap|blocklist.de/all|blocklist.de/mail|ziyadnz/hourly-ipv4,blocklist.de|imap|pop3|brute-force|spam|mail|ziyadnz|hourly,2026-08-17T18:48:05Z,2026-08-17T18:48:05Z,
177.44.71.102,ipv4,imap-attack,high,WHITE,blocklist.de/imap|blocklist.de/all|blocklist.de/mail|ziyadnz/hourly-ipv4,blocklist.de|imap|pop3|brute-force|spam|mail|ziyadnz|hourly,2026-08-17T18:48:05Z,2026-08-17T18:48:05Z,
177.44.71.147,ipv4,imap-attack,high,WHITE,blocklist.de/imap|blocklist.de/all|blocklist.de/mail|ziyadnz/hourly-ipv4,blocklist.de|imap|pop3|brute-force|spam|mail|ziyadnz|hourly,2026-08-17T18:48:05Z,2026-08-17T18:48:05Z,
177.44.71.19,ipv4,imap-attack,high,WHITE,blocklist.de/imap|blocklist.de/all|blocklist.de/mail|ziyadnz/hourly-ipv4,blocklist.de|imap|pop3|brute-force|spam|mail|ziyadnz|hourly,2026-08-17T18:48:05Z,2026-08-17T18:48:05Z,
177.44.71.2,ipv4,imap-attack,high,WHITE,blocklist.de/imap|blocklist.de/all|blocklist.de/mail|ziyadnz/hourly-ipv4,blocklist.de|imap|pop3|brute-force|spam|mail|ziyadnz|hourly,2026-08-17T18:48:05Z,2026-08-17T18:48:05Z,
177.44.71.226,ipv4,imap-attack,high,WHITE,blocklist.de/imap|blocklist.de/all|blocklist.de/mail|ziyadnz/hourly-ipv4,blocklist.de|imap|pop3|brute-force|spam|mail|ziyadnz|hourly,2026-08-17T18:48:05Z,2026-08-17T18:48:05Z,
177.44.71.232,ipv4,imap-attack,high,WHITE,blocklist.de/imap|blocklist.de/all|blocklist.de/mail|ziyadnz/hourly-ipv4,blocklist.de|imap|pop3|brute-force|spam|mail|ziyadnz|hourly,2026-08-17T18:48:05Z,2026-08-17T18:48:05Z,
177.44.71.236,ipv4,imap-attack,high,WHITE,blocklist.de/imap|blocklist.de/all|blocklist.de/mail|ziyadnz/hourly-ipv4,blocklist.de|imap|pop3|brute-force|spam|mail|ziyadnz|hourly,2026-08-17T18:48:05Z,2026-08-17T18:48:05Z,
177.44.71.27,ipv4,imap-attack,high,WHITE,blocklist.de/imap|blocklist.de/all|blocklist.de/mail|ziyadnz/hourly-ipv4,blocklist.de|imap|pop3|brute-force|spam|mail|ziyadnz|hourly,2026-08-17T18:48:05Z,2026-08-17T18:48:05Z,
177.44.71.35,ipv4,imap-attack,high,WHITE,blocklist.de/imap|blocklist.de/all|blocklist.de/mail|ziyadnz/hourly-ipv4,blocklist.de|imap|pop3|brute-force|spam|mail|ziyadnz|hourly,2026-08-17T18:48:05Z,2026-08-17T18:48:05Z,
177.44.71.36,ipv4,imap-attack,high,WHITE,blocklist.de/imap|blocklist.de/all|blocklist.de/mail|ziyadnz/hourly-ipv4,blocklist.de|imap|pop3|brute-force|spam|mail|ziyadnz|hourly,2026-08-17T18:48:05Z,2026-08-17T18:48:05Z,
177.44.71.4,ipv4,imap-attack,high,WHITE,blocklist.de/imap|blocklist.de/all|blocklist.de/mail|ziyadnz/hourly-ipv4,blocklist.de|imap|pop3|brute-force|spam|mail|ziyadnz|hourly,2026-08-17T18:48:05Z,2026-08-17T18:48:05Z,
177.44.71.49,ipv4,imap-attack,high,WHITE,blocklist.de/imap|blocklist.de/all|blocklist.de/mail|ziyadnz/hourly-ipv4,blocklist.de|imap|pop3|brute-force|spam|mail|ziyadnz|hourly,2026-08-17T18:48:05Z,2026-08-17T18:48:05Z,
177.44.71.54,ipv4,imap-attack,high,WHITE,blocklist.de/imap|blocklist.de/all|blocklist.de/mail|ziyadnz/hourly-ipv4,blocklist.de|imap|pop3|brute-force|spam|mail|ziyadnz|hourly,2026-08-17T18:48:05Z,2026-08-17T18:48:05Z,
177.44.71.60,ipv4,imap-attack,high,WHITE,blocklist.de/imap|blocklist.de/all|blocklist.de/mail|ziyadnz/hourly-ipv4,blocklist.de|imap|pop3|brute-force|spam|mail|ziyadnz|hourly,2026-08-17T18:48:05Z,2026-08-17T18:48:05Z,
177.44.71.73,ipv4,imap-attack,high,WHITE,blocklist.de/imap|blocklist.de/all|blocklist.de/mail|ziyadnz/hourly-ipv4,blocklist.de|imap|pop3|brute-force|spam|mail|ziyadnz|hourly,2026-08-17T18:48:05Z,2026-08-17T18:48:05Z,
177.44.71.74,ipv4,imap-attack,high,WHITE,blocklist.de/imap|blocklist.de/all|blocklist.de/mail|ziyadnz/hourly-ipv4,blocklist.de|imap|pop3|brute-force|spam|mail|ziyadnz|hourly,2026-08-17T18:48:05Z,2026-08-17T18:48:05Z,
177.44.71.76,ipv4,imap-attack,high,WHITE,blocklist.de/imap|blocklist.de/all|blocklist.de/mail|ziyadnz/hourly-ipv4,blocklist.de|imap|pop3|brute-force|spam|mail|ziyadnz|hourly,2026-08-17T18:48:05Z,2026-08-17T18:48:05Z,
177.44.71.80,ipv4,imap-attack,high,WHITE,blocklist.de/imap|blocklist.de/all|blocklist.de/mail|ziyadnz/hourly-ipv4,blocklist.de|imap|pop3|brute-force|spam|mail|ziyadnz|hourly,2026-08-17T18:48:05Z,2026-08-17T18:48:05Z,
177.44.71.86,ipv4,imap-attack,high,WHITE,blocklist.de/imap|blocklist.de/all|blocklist.de/mail|ziyadnz/hourly-ipv4,blocklist.de|imap|pop3|brute-force|spam|mail|ziyadnz|hourly,2026-08-17T18:48:05Z,2026-08-17T18:48:05Z,
177.44.96.106,ipv4,imap-attack,high,WHITE,blocklist.de/imap|blocklist.de/all|blocklist.de/mail|ziyadnz/hourly-ipv4,blocklist.de|imap|pop3|brute-force|spam|mail|ziyadnz|hourly,2026-08-17T18:48:05Z,2026-08-17T18:48:05Z,
177.44.96.110,ipv4,imap-attack,high,WHITE,blocklist.de/imap|blocklist.de/all|blocklist.de/mail|ziyadnz/hourly-ipv4,blocklist.de|imap|pop3|brute-force|spam|mail|ziyadnz|hourly,2026-08-17T18:48:05Z,2026-08-17T18:48:05Z,
177.44.96.111,ipv4,imap-attack,high,WHITE,blocklist.de/imap|blocklist.de/all|blocklist.de/mail|ziyadnz/hourly-ipv4,blocklist.de|imap|pop3|brute-force|spam|mail|ziyadnz|hourly,2026-08-17T18:48:05Z,2026-08-17T18:48:05Z,
177.44.96.121,ipv4,imap-attack,high,WHITE,blocklist.de/imap|blocklist.de/all|blocklist.de/mail|ziyadnz/hourly-ipv4,blocklist.de|imap|pop3|brute-force|spam|mail|ziyadnz|hourly,2026-08-17T18:48:05Z,2026-08-17T18:48:05Z,
177.44.96.122,ipv4,imap-attack,high,WHITE,blocklist.de/imap|blocklist.de/all|blocklist.de/mail|ziyadnz/hourly-ipv4,blocklist.de|imap|pop3|brute-force|spam|mail|ziyadnz|hourly,2026-08-17T18:48:05Z,2026-08-17T18:48:05Z,
177.44.96.124,ipv4,imap-attack,high,WHITE,blocklist.de/imap|blocklist.de/all|blocklist.de/mail|ziyadnz/hourly-ipv4,blocklist.de|imap|pop3|brute-force|spam|mail|ziyadnz|hourly,2026-08-17T18:48:05Z,2026-08-17T18:48:05Z,
177.44.96.129,ipv4,imap-attack,high,WHITE,blocklist.de/imap|blocklist.de/all|blocklist.de/mail|ziyadnz/hourly-ipv4,blocklist.de|imap|pop3|brute-force|spam|mail|ziyadnz|hourly,2026-08-17T18:48:05Z,2026-08-17T18:48:05Z,
177.44.96.130,ipv4,imap-attack,high,WHITE,blocklist.de/imap|blocklist.de/all|blocklist.de/mail|ziyadnz/hourly-ipv4,blocklist.de|imap|pop3|brute-force|spam|mail|ziyadnz|hourly,2026-08-17T18:48:05Z,2026-08-17T18:48:05Z,
177.44.96.133,ipv4,imap-attack,high,WHITE,blocklist.de/imap|blocklist.de/all|blocklist.de/mail|ziyadnz/hourly-ipv4,blocklist.de|imap|pop3|brute-force|spam|mail|ziyadnz|hourly,2026-08-17T18:48:05Z,2026-08-17T18:48:05Z,
177.44.96.136,ipv4,imap-attack,high,WHITE,blocklist.de/imap|blocklist.de/all|blocklist.de/mail|ziyadnz/hourly-ipv4,blocklist.de|imap|pop3|brute-force|spam|mail|ziyadnz|hourly,2026-08-17T18:48:05Z,2026-08-17T18:48:05Z,
177.44.96.143,ipv4,imap-attack,high,WHITE,blocklist.de/imap|blocklist.de/all|blocklist.de/mail|ziyadnz/hourly-ipv4,blocklist.de|imap|pop3|brute-force|spam|mail|ziyadnz|hourly,2026-08-17T18:48:05Z,2026-08-17T18:48:05Z,
177.44.96.145,ipv4,imap-attack,high,WHITE,blocklist.de/imap|blocklist.de/all|blocklist.de/mail|ziyadnz/hourly-ipv4,blocklist.de|imap|pop3|brute-force|spam|mail|ziyadnz|hourly,2026-08-17T18:48:05Z,2026-08-17T18:48:05Z,
177.44.96.150,ipv4,imap-attack,high,WHITE,blocklist.de/imap|blocklist.de/all|blocklist.de/mail|ziyadnz/hourly-ipv4,blocklist.de|imap|pop3|brute-force|spam|mail|ziyadnz|hourly,2026-08-17T18:48:05Z,2026-08-17T18:48:05Z,
177.44.96.167,ipv4,imap-attack,high,WHITE,blocklist.de/imap|blocklist.de/all|blocklist.de/mail|ziyadnz/hourly-ipv4,blocklist.de|imap|pop3|brute-force|spam|mail|ziyadnz|hourly,2026-08-17T18:48:05Z,2026-08-17T18:48:05Z,
177.44.96.177,ipv4,imap-attack,high,WHITE,blocklist.de/imap|blocklist.de/all|blocklist.de/mail|ziyadnz/hourly-ipv4,blocklist.de|imap|pop3|brute-force|spam|mail|ziyadnz|hourly,2026-08-17T18:48:05Z,2026-08-17T18:48:05Z,
177.44.96.193,ipv4,imap-attack,high,WHITE,blocklist.de/imap|blocklist.de/all|blocklist.de/mail|ziyadnz/hourly-ipv4,blocklist.de|imap|pop3|brute-force|spam|mail|ziyadnz|hourly,2026-08-17T18:48:05Z,2026-08-17T18:48:05Z,
177.44.96.202,ipv4,imap-attack,high,WHITE,blocklist.de/imap|blocklist.de/all|blocklist.de/mail|ziyadnz/hourly-ipv4,blocklist.de|imap|pop3|brute-force|spam|mail|ziyadnz|hourly,2026-08-17T18:48:05Z,2026-08-17T18:48:05Z,
177.44.96.206,ipv4,imap-attack,high,WHITE,blocklist.de/imap|blocklist.de/all|blocklist.de/mail|ziyadnz/hourly-ipv4,blocklist.de|imap|pop3|brute-force|spam|mail|ziyadnz|hourly,2026-08-17T18:48:05Z,2026-08-17T18:48:05Z,
177.44.97.152,ipv4,imap-attack,high,WHITE,blocklist.de/imap|blocklist.de/all|blocklist.de/mail|ziyadnz/hourly-ipv4,blocklist.de|imap|pop3|brute-force|spam|mail|ziyadnz|hourly,2026-08-17T18:48:05Z,2026-08-17T18:48:05Z,
177.44.97.31,ipv4,imap-attack,high,WHITE,blocklist.de/imap|blocklist.de/all|blocklist.de/mail|ziyadnz/hourly-ipv4,blocklist.de|imap|pop3|brute-force|spam|mail|ziyadnz|hourly,2026-08-17T18:48:05Z,2026-08-17T18:48:05Z,
177.44.97.39,ipv4,imap-attack,high,WHITE,blocklist.de/imap|blocklist.de/all|blocklist.de/mail|ziyadnz/hourly-ipv4,blocklist.de|imap|pop3|brute-force|spam|mail|ziyadnz|hourly,2026-08-17T18:48:05Z,2026-08-17T18:48:05Z,
177.44.97.42,ipv4,imap-attack,high,WHITE,blocklist.de/imap|blocklist.de/all|blocklist.de/mail|ziyadnz/hourly-ipv4,blocklist.de|imap|pop3|brute-force|spam|mail|ziyadnz|hourly,2026-08-17T18:48:05Z,2026-08-17T18:48:05Z,
177.44.97.57,ipv4,imap-attack,high,WHITE,blocklist.de/imap|blocklist.de/all|blocklist.de/mail|ziyadnz/hourly-ipv4,blocklist.de|imap|pop3|brute-force|spam|mail|ziyadnz|hourly,2026-08-17T18:48:05Z,2026-08-17T18:48:05Z,
177.47.208.227,ipv4,imap-attack,high,WHITE,blocklist.de/imap|blocklist.de/all|blocklist.de/mail|ziyadnz/hourly-ipv4,blocklist.de|imap|pop3|brute-force|spam|mail|ziyadnz|hourly,2026-08-17T18:48:05Z,2026-08-17T18:48:05Z,
177.47.234.106,ipv4,imap-attack,high,WHITE,blocklist.de/imap|blocklist.de/all|blocklist.de/mail|ziyadnz/hourly-ipv4,blocklist.de|imap|pop3|brute-force|spam|mail|ziyadnz|hourly,2026-08-17T18:48:05Z,2026-08-17T18:48:05Z,
177.52.30.118,ipv4,imap-attack,high,WHITE,blocklist.de/imap|blocklist.de/all|blocklist.de/mail|ziyadnz/hourly-ipv4,blocklist.de|imap|pop3|brute-force|spam|mail|ziyadnz|hourly,2026-08-17T18:48:05Z,2026-08-17T18:48:05Z,
177.53.165.217,ipv4,imap-attack,high,WHITE,blocklist.de/imap|blocklist.de/all|blocklist.de/mail|ziyadnz/hourly-ipv4,blocklist.de|imap|pop3|brute-force|spam|mail|ziyadnz|hourly,2026-08-17T18:48:05Z,2026-08-17T18:48:05Z,
177.53.165.221,ipv4,imap-attack,high,WHITE,blocklist.de/imap|blocklist.de/all|blocklist.de/mail|ziyadnz/hourly-ipv4,blocklist.de|imap|pop3|brute-force|spam|mail|ziyadnz|hourly,2026-08-17T18:48:05Z,2026-08-17T18:48:05Z,
177.61.137.26,ipv4,imap-attack,high,WHITE,blocklist.de/imap|blocklist.de/all|blocklist.de/mail|ziyadnz/hourly-ipv4,blocklist.de|imap|pop3|brute-force|spam|mail|ziyadnz|hourly,2026-08-17T18:48:05Z,2026-08-17T18:48:05Z,
177.67.34.113,ipv4,imap-attack,high,WHITE,blocklist.de/imap|blocklist.de/all|blocklist.de/mail|ziyadnz/hourly-ipv4,blocklist.de|imap|pop3|brute-force|spam|mail|ziyadnz|hourly,2026-08-17T18:48:05Z,2026-08-17T18:48:05Z,
177.7.30.146,ipv4,imap-attack,high,WHITE,blocklist.de/imap|blocklist.de/all|blocklist.de/mail|ziyadnz/hourly-ipv4,blocklist.de|imap|pop3|brute-force|spam|mail|ziyadnz|hourly,2026-08-17T18:48:05Z,2026-08-17T18:48:05Z,
177.72.14.131,ipv4,imap-attack,high,WHITE,blocklist.de/imap|blocklist.de/all|blocklist.de/mail|ziyadnz/hourly-ipv4,blocklist.de|imap|pop3|brute-force|spam|mail|ziyadnz|hourly,2026-08-17T18:48:05Z,2026-08-17T18:48:05Z,
177.72.78.147,ipv4,imap-attack,high,WHITE,blocklist.de/imap|blocklist.de/all|blocklist.de/mail|ziyadnz/hourly-ipv4,blocklist.de|imap|pop3|brute-force|spam|mail|ziyadnz|hourly,2026-08-17T18:48:05Z,2026-08-17T18:48:05Z,
177.74.140.35,ipv4,imap-attack,high,WHITE,blocklist.de/imap|blocklist.de/all|blocklist.de/mail|ziyadnz/hourly-ipv4,blocklist.de|imap|pop3|brute-force|spam|mail|ziyadnz|hourly,2026-08-17T18:48:05Z,2026-08-17T18:48:05Z,
177.74.143.191,ipv4,imap-attack,high,WHITE,blocklist.de/imap|blocklist.de/all|blocklist.de/mail|ziyadnz/hourly-ipv4,blocklist.de|imap|pop3|brute-force|spam|mail|ziyadnz|hourly,2026-08-17T18:48:05Z,2026-08-17T18:48:05Z,
177.74.190.239,ipv4,imap-attack,high,WHITE,blocklist.de/imap|blocklist.de/all|blocklist.de/mail|ziyadnz/hourly-ipv4,blocklist.de|imap|pop3|brute-force|spam|mail|ziyadnz|hourly,2026-08-17T18:48:05Z,2026-08-17T18:48:05Z,
177.8.249.40,ipv4,imap-attack,high,WHITE,blocklist.de/imap|blocklist.de/all|blocklist.de/mail|ziyadnz/hourly-ipv4,blocklist.de|imap|pop3|brute-force|spam|mail|ziyadnz|hourly,2026-08-17T18:48:05Z,2026-08-17T18:48:05Z,
177.8.251.144,ipv4,imap-attack,high,WHITE,blocklist.de/imap|blocklist.de/all|blocklist.de/mail|ziyadnz/hourly-ipv4,blocklist.de|imap|pop3|brute-force|spam|mail|ziyadnz|hourly,2026-08-17T18:48:05Z,2026-08-17T18:48:05Z,
177.8.251.154,ipv4,imap-attack,high,WHITE,blocklist.de/imap|blocklist.de/all|blocklist.de/mail|ziyadnz/hourly-ipv4,blocklist.de|imap|pop3|brute-force|spam|mail|ziyadnz|hourly,2026-08-17T18:48:05Z,2026-08-17T18:48:05Z,
177.8.251.174,ipv4,imap-attack,high,WHITE,blocklist.de/imap|blocklist.de/all|blocklist.de/mail|ziyadnz/hourly-ipv4,blocklist.de|imap|pop3|brute-force|spam|mail|ziyadnz|hourly,2026-08-17T18:48:05Z,2026-08-17T18:48:05Z,
177.8.251.251,ipv4,imap-attack,high,WHITE,blocklist.de/imap|blocklist.de/all|blocklist.de/mail|ziyadnz/hourly-ipv4,blocklist.de|imap|pop3|brute-force|spam|mail|ziyadnz|hourly,2026-08-17T18:48:05Z,2026-08-17T18:48:05Z,
177.8.251.86,ipv4,imap-attack,high,WHITE,blocklist.de/imap|blocklist.de/all|blocklist.de/mail|ziyadnz/hourly-ipv4,blocklist.de|imap|pop3|brute-force|spam|mail|ziyadnz|hourly,2026-08-17T18:48:05Z,2026-08-17T18:48:05Z,
177.8.254.17,ipv4,imap-attack,high,WHITE,blocklist.de/imap|blocklist.de/all|blocklist.de/mail|ziyadnz/hourly-ipv4,blocklist.de|imap|pop3|brute-force|spam|mail|ziyadnz|hourly,2026-08-17T18:48:05Z,2026-08-17T18:48:05Z,
177.8.255.86,ipv4,imap-attack,high,WHITE,blocklist.de/imap|blocklist.de/all|blocklist.de/mail|ziyadnz/hourly-ipv4,blocklist.de|imap|pop3|brute-force|spam|mail|ziyadnz|hourly,2026-08-17T18:48:05Z,2026-08-17T18:48:05Z,
177.8.49.44,ipv4,imap-attack,high,WHITE,blocklist.de/imap|blocklist.de/all|blocklist.de/mail|ziyadnz/hourly-ipv4,blocklist.de|imap|pop3|brute-force|spam|mail|ziyadnz|hourly,2026-08-17T18:48:05Z,2026-08-17T18:48:05Z,
177.81.72.131,ipv4,imap-attack,high,WHITE,blocklist.de/imap|blocklist.de/all|blocklist.de/mail|ziyadnz/hourly-ipv4,blocklist.de|imap|pop3|brute-force|spam|mail|ziyadnz|hourly,2026-08-17T18:48:05Z,2026-08-17T18:48:05Z,
177.86.217.134,ipv4,imap-attack,high,WHITE,blocklist.de/imap|blocklist.de/all|blocklist.de/mail|ziyadnz/hourly-ipv4,blocklist.de|imap|pop3|brute-force|spam|mail|ziyadnz|hourly,2026-08-17T18:48:05Z,2026-08-17T18:48:05Z,
177.87.200.136,ipv4,imap-attack,high,WHITE,blocklist.de/imap|blocklist.de/all|blocklist.de/mail|ziyadnz/hourly-ipv4,blocklist.de|imap|pop3|brute-force|spam|mail|ziyadnz|hourly,2026-08-17T18:48:05Z,2026-08-17T18:48:05Z,
177.87.201.130,ipv4,imap-attack,high,WHITE,blocklist.de/imap|blocklist.de/all|blocklist.de/mail|ziyadnz/hourly-ipv4,blocklist.de|imap|pop3|brute-force|spam|mail|ziyadnz|hourly,2026-08-17T18:48:05Z,2026-08-17T18:48:05Z,
177.92.128.38,ipv4,imap-attack,high,WHITE,blocklist.de/imap|blocklist.de/all|blocklist.de/mail|ziyadnz/hourly-ipv4,blocklist.de|imap|pop3|brute-force|spam|mail|ziyadnz|hourly,2026-08-17T18:48:05Z,2026-08-17T18:48:05Z,
177.92.129.86,ipv4,imap-attack,high,WHITE,blocklist.de/imap|blocklist.de/all|blocklist.de/mail|ziyadnz/hourly-ipv4,blocklist.de|imap|pop3|brute-force|spam|mail|ziyadnz|hourly,2026-08-17T18:48:05Z,2026-08-17T18:48:05Z,
177.92.134.200,ipv4,imap-attack,high,WHITE,blocklist.de/imap|blocklist.de/all|blocklist.de/mail|ziyadnz/hourly-ipv4,blocklist.de|imap|pop3|brute-force|spam|mail|ziyadnz|hourly,2026-08-17T18:48:05Z,2026-08-17T18:48:05Z,
177.92.134.8,ipv4,imap-attack,high,WHITE,blocklist.de/imap|blocklist.de/all|blocklist.de/mail|ziyadnz/hourly-ipv4,blocklist.de|imap|pop3|brute-force|spam|mail|ziyadnz|hourly,2026-08-17T18:48:05Z,2026-08-17T18:48:05Z,
177.92.240.138,ipv4,imap-attack,high,WHITE,blocklist.de/imap|blocklist.de/all|blocklist.de/mail|ziyadnz/hourly-ipv4,blocklist.de|imap|pop3|brute-force|spam|mail|ziyadnz|hourly,2026-08-17T18:48:05Z,2026-08-17T18:48:05Z,
177.93.165.180,ipv4,imap-attack,high,WHITE,blocklist.de/imap|blocklist.de/all|blocklist.de/mail|ziyadnz/hourly-ipv4,blocklist.de|imap|pop3|brute-force|spam|mail|ziyadnz|hourly,2026-08-17T18:48:05Z,2026-08-17T18:48:05Z,
177.93.165.34,ipv4,imap-attack,high,WHITE,blocklist.de/imap|blocklist.de/all|blocklist.de/mail|ziyadnz/hourly-ipv4,blocklist.de|imap|pop3|brute-force|spam|mail|ziyadnz|hourly,2026-08-17T18:48:05Z,2026-08-17T18:48:05Z,
177.93.193.19,ipv4,imap-attack,high,WHITE,blocklist.de/imap|blocklist.de/all|blocklist.de/mail|ziyadnz/hourly-ipv4,blocklist.de|imap|pop3|brute-force|spam|mail|ziyadnz|hourly,2026-08-17T18:48:05Z,2026-08-17T18:48:05Z,
177.93.197.231,ipv4,imap-attack,high,WHITE,blocklist.de/imap|blocklist.de/all|blocklist.de/mail|ziyadnz/hourly-ipv4,blocklist.de|imap|pop3|brute-force|spam|mail|ziyadnz|hourly,2026-08-17T18:48:05Z,2026-08-17T18:48:05Z,
177.93.199.103,ipv4,imap-attack,high,WHITE,blocklist.de/imap|blocklist.de/all|blocklist.de/mail|ziyadnz/hourly-ipv4,blocklist.de|imap|pop3|brute-force|spam|mail|ziyadnz|hourly,2026-08-17T18:48:05Z,2026-08-17T18:48:05Z,
177.93.203.148,ipv4,imap-attack,high,WHITE,blocklist.de/imap|blocklist.de/all|blocklist.de/mail|ziyadnz/hourly-ipv4,blocklist.de|imap|pop3|brute-force|spam|mail|ziyadnz|hourly,2026-08-17T18:48:05Z,2026-08-17T18:48:05Z,
177.93.214.26,ipv4,imap-attack,high,WHITE,blocklist.de/imap|blocklist.de/all|blocklist.de/mail|ziyadnz/hourly-ipv4,blocklist.de|imap|pop3|brute-force|spam|mail|ziyadnz|hourly,2026-08-17T18:48:05Z,2026-08-17T18:48:05Z,
177.93.26.14,ipv4,imap-attack,high,WHITE,blocklist.de/imap|blocklist.de/all|blocklist.de/mail|ziyadnz/hourly-ipv4,blocklist.de|imap|pop3|brute-force|spam|mail|ziyadnz|hourly,2026-08-17T18:48:05Z,2026-08-17T18:48:05Z,
178.16.52.5,ipv4,imap-attack,high,WHITE,blocklist.de/imap|blocklist.de/all|blocklist.de/mail|ziyadnz/hourly-ipv4,blocklist.de|imap|pop3|brute-force|spam|mail|ziyadnz|hourly,2026-08-17T18:48:05Z,2026-08-17T18:48:05Z,
178.16.53.238,ipv4,imap-attack,high,WHITE,blocklist.de/imap|blocklist.de/all|blocklist.de/mail|ziyadnz/hourly-ipv4,blocklist.de|imap|pop3|brute-force|spam|mail|ziyadnz|hourly,2026-08-17T18:48:05Z,2026-08-17T18:48:05Z,
178.16.54.74,ipv4,imap-attack,high,WHITE,blocklist.de/imap|blocklist.de/all|blocklist.de/mail|ziyadnz/hourly-ipv4,blocklist.de|imap|pop3|brute-force|spam|mail|ziyadnz|hourly,2026-08-17T18:48:05Z,2026-08-17T18:48:05Z,
178.16.55.216,ipv4,imap-attack,high,WHITE,blocklist.de/imap|blocklist.de/all|blocklist.de/mail|ziyadnz/hourly-ipv4,blocklist.de|imap|pop3|brute-force|spam|mail|ziyadnz|hourly,2026-08-17T18:48:05Z,2026-08-17T18:48:05Z,
178.177.40.29,ipv4,imap-attack,high,WHITE,blocklist.de/imap|blocklist.de/all|blocklist.de/mail|ziyadnz/hourly-ipv4,blocklist.de|imap|pop3|brute-force|spam|mail|ziyadnz|hourly,2026-08-17T18:48:05Z,2026-08-17T18:48:05Z,
178.178.222.55,ipv4,imap-attack,high,WHITE,blocklist.de/imap|blocklist.de/all|blocklist.de/mail|ziyadnz/hourly-ipv4,blocklist.de|imap|pop3|brute-force|spam|mail|ziyadnz|hourly,2026-08-17T18:48:05Z,2026-08-17T18:48:05Z,
178.178.222.61,ipv4,imap-attack,high,WHITE,blocklist.de/imap|blocklist.de/all|blocklist.de/mail|ziyadnz/hourly-ipv4,blocklist.de|imap|pop3|brute-force|spam|mail|ziyadnz|hourly,2026-08-17T18:48:05Z,2026-08-17T18:48:05Z,
178.216.28.20,ipv4,imap-attack,high,WHITE,blocklist.de/imap|blocklist.de/all|blocklist.de/mail|ziyadnz/hourly-ipv4,blocklist.de|imap|pop3|brute-force|spam|mail|ziyadnz|hourly,2026-08-17T18:48:05Z,2026-08-17T18:48:05Z,
178.217.112.99,ipv4,imap-attack,high,WHITE,blocklist.de/imap|blocklist.de/all|blocklist.de/mail|ziyadnz/hourly-ipv4,blocklist.de|imap|pop3|brute-force|spam|mail|ziyadnz|hourly,2026-08-17T18:48:05Z,2026-08-17T18:48:05Z,
178.219.106.131,ipv4,imap-attack,high,WHITE,blocklist.de/imap|blocklist.de/all|blocklist.de/mail|ziyadnz/hourly-ipv4,blocklist.de|imap|pop3|brute-force|spam|mail|ziyadnz|hourly,2026-08-17T18:48:05Z,2026-08-17T18:48:05Z,
178.24.231.222,ipv4,imap-attack,high,WHITE,blocklist.de/imap|blocklist.de/all|blocklist.de/mail,blocklist.de|imap|pop3|brute-force|spam|mail|ziyadnz|hourly,2026-08-17T18:48:05Z,2026-08-17T18:48:05Z,
178.244.215.186,ipv4,imap-attack,high,WHITE,blocklist.de/imap|blocklist.de/all|blocklist.de/mail|ziyadnz/hourly-ipv4,blocklist.de|imap|pop3|brute-force|spam|mail|ziyadnz|hourly,2026-08-17T18:48:05Z,2026-08-17T18:48:05Z,
178.255.151.130,ipv4,imap-attack,high,WHITE,blocklist.de/imap|blocklist.de/all|blocklist.de/mail|ziyadnz/hourly-ipv4,blocklist.de|imap|pop3|brute-force|spam|mail|ziyadnz|hourly,2026-08-17T18:48:05Z,2026-08-17T18:48:05Z,
178.73.100.216,ipv4,imap-attack,high,WHITE,blocklist.de/imap|blocklist.de/all|blocklist.de/mail|ziyadnz/hourly-ipv4,blocklist.de|imap|pop3|brute-force|spam|mail|ziyadnz|hourly,2026-08-17T18:48:05Z,2026-08-17T18:48:05Z,
178.73.84.168,ipv4,imap-attack,high,WHITE,blocklist.de/imap|blocklist.de/all|blocklist.de/mail|ziyadnz/hourly-ipv4,blocklist.de|imap|pop3|brute-force|spam|mail|ziyadnz|hourly,2026-08-17T18:48:05Z,2026-08-17T18:48:05Z,
179.0.162.250,ipv4,imap-attack,high,WHITE,blocklist.de/imap|blocklist.de/all|blocklist.de/mail|ziyadnz/hourly-ipv4,blocklist.de|imap|pop3|brute-force|spam|mail|ziyadnz|hourly,2026-08-17T18:48:05Z,2026-08-17T18:48:05Z,
179.0.249.13,ipv4,imap-attack,high,WHITE,blocklist.de/imap|blocklist.de/all|blocklist.de/mail|ziyadnz/hourly-ipv4,blocklist.de|imap|pop3|brute-force|spam|mail|ziyadnz|hourly,2026-08-17T18:48:05Z,2026-08-17T18:48:05Z,
179.0.55.254,ipv4,imap-attack,high,WHITE,blocklist.de/imap|blocklist.de/all|blocklist.de/mail|ziyadnz/hourly-ipv4,blocklist.de|imap|pop3|brute-force|spam|mail|ziyadnz|hourly,2026-08-17T18:48:05Z,2026-08-17T18:48:05Z,
179.109.59.62,ipv4,imap-attack,high,WHITE,blocklist.de/imap|blocklist.de/all|blocklist.de/mail|ziyadnz/hourly-ipv4,blocklist.de|imap|pop3|brute-force|spam|mail|ziyadnz|hourly,2026-08-17T18:48:05Z,2026-08-17T18:48:05Z,
179.125.175.74,ipv4,imap-attack,high,WHITE,blocklist.de/imap|blocklist.de/all|blocklist.de/mail|ziyadnz/hourly-ipv4,blocklist.de|imap|pop3|brute-force|spam|mail|ziyadnz|hourly,2026-08-17T18:48:05Z,2026-08-17T18:48:05Z,
179.125.61.37,ipv4,imap-attack,high,WHITE,blocklist.de/imap|blocklist.de/all|blocklist.de/mail|ziyadnz/hourly-ipv4,blocklist.de|imap|pop3|brute-force|spam|mail|ziyadnz|hourly,2026-08-17T18:48:05Z,2026-08-17T18:48:05Z,
179.127.195.111,ipv4,imap-attack,high,WHITE,blocklist.de/imap|blocklist.de/all|blocklist.de/mail|ziyadnz/hourly-ipv4,blocklist.de|imap|pop3|brute-force|spam|mail|ziyadnz|hourly,2026-08-17T18:48:05Z,2026-08-17T18:48:05Z,
179.131.129.213,ipv4,imap-attack,high,WHITE,blocklist.de/imap|blocklist.de/all|blocklist.de/mail|ziyadnz/hourly-ipv4,blocklist.de|imap|pop3|brute-force|spam|mail|ziyadnz|hourly,2026-08-17T18:48:05Z,2026-08-17T18:48:05Z,
179.14.214.141,ipv4,imap-attack,high,WHITE,blocklist.de/imap|blocklist.de/all|blocklist.de/mail|ziyadnz/hourly-ipv4,blocklist.de|imap|pop3|brute-force|spam|mail|ziyadnz|hourly,2026-08-17T18:48:05Z,2026-08-17T18:48:05Z,
179.181.133.153,ipv4,imap-attack,high,WHITE,blocklist.de/imap|blocklist.de/all|blocklist.de/mail|ziyadnz/hourly-ipv4,blocklist.de|imap|pop3|brute-force|spam|mail|ziyadnz|hourly,2026-08-17T18:48:05Z,2026-08-17T18:48:05Z,
179.185.1.97,ipv4,imap-attack,high,WHITE,blocklist.de/imap|blocklist.de/all|blocklist.de/mail|ziyadnz/hourly-ipv4,blocklist.de|imap|pop3|brute-force|spam|mail|ziyadnz|hourly,2026-08-17T18:48:05Z,2026-08-17T18:48:05Z,
179.185.18.67,ipv4,imap-attack,high,WHITE,blocklist.de/imap|blocklist.de/all|blocklist.de/mail|ziyadnz/hourly-ipv4,blocklist.de|imap|pop3|brute-force|spam|mail|ziyadnz|hourly,2026-08-17T18:48:05Z,2026-08-17T18:48:05Z,
179.189.196.231,ipv4,imap-attack,high,WHITE,blocklist.de/imap|blocklist.de/all|blocklist.de/mail|ziyadnz/hourly-ipv4,blocklist.de|imap|pop3|brute-force|spam|mail|ziyadnz|hourly,2026-08-17T18:48:05Z,2026-08-17T18:48:05Z,
179.189.196.48,ipv4,imap-attack,high,WHITE,blocklist.de/imap|blocklist.de/all|blocklist.de/mail|ziyadnz/hourly-ipv4,blocklist.de|imap|pop3|brute-force|spam|mail|ziyadnz|hourly,2026-08-17T18:48:05Z,2026-08-17T18:48:05Z,
179.189.196.76,ipv4,imap-attack,high,WHITE,blocklist.de/imap|blocklist.de/all|blocklist.de/mail|ziyadnz/hourly-ipv4,blocklist.de|imap|pop3|brute-force|spam|mail|ziyadnz|hourly,2026-08-17T18:48:05Z,2026-08-17T18:48:05Z,
179.189.196.93,ipv4,imap-attack,high,WHITE,blocklist.de/imap|blocklist.de/all|blocklist.de/mail|ziyadnz/hourly-ipv4,blocklist.de|imap|pop3|brute-force|spam|mail|ziyadnz|hourly,2026-08-17T18:48:05Z,2026-08-17T18:48:05Z,
179.189.199.122,ipv4,imap-attack,high,WHITE,blocklist.de/imap|blocklist.de/all|blocklist.de/mail|ziyadnz/hourly-ipv4,blocklist.de|imap|pop3|brute-force|spam|mail|ziyadnz|hourly,2026-08-17T18:48:05Z,2026-08-17T18:48:05Z,
179.189.199.136,ipv4,imap-attack,high,WHITE,blocklist.de/imap|blocklist.de/all|blocklist.de/mail|ziyadnz/hourly-ipv4,blocklist.de|imap|pop3|brute-force|spam|mail|ziyadnz|hourly,2026-08-17T18:48:05Z,2026-08-17T18:48:05Z,
179.189.199.141,ipv4,imap-attack,high,WHITE,blocklist.de/imap|blocklist.de/all|blocklist.de/mail|ziyadnz/hourly-ipv4,blocklist.de|imap|pop3|brute-force|spam|mail|ziyadnz|hourly,2026-08-17T18:48:05Z,2026-08-17T18:48:05Z,
179.189.199.157,ipv4,imap-attack,high,WHITE,blocklist.de/imap|blocklist.de/all|blocklist.de/mail|ziyadnz/hourly-ipv4,blocklist.de|imap|pop3|brute-force|spam|mail|ziyadnz|hourly,2026-08-17T18:48:05Z,2026-08-17T18:48:05Z,
179.189.199.190,ipv4,imap-attack,high,WHITE,blocklist.de/imap|blocklist.de/all|blocklist.de/mail|ziyadnz/hourly-ipv4,blocklist.de|imap|pop3|brute-force|spam|mail|ziyadnz|hourly,2026-08-17T18:48:05Z,2026-08-17T18:48:05Z,
179.189.199.203,ipv4,imap-attack,high,WHITE,blocklist.de/imap|blocklist.de/all|blocklist.de/mail|ziyadnz/hourly-ipv4,blocklist.de|imap|pop3|brute-force|spam|mail|ziyadnz|hourly,2026-08-17T18:48:05Z,2026-08-17T18:48:05Z,
179.189.199.34,ipv4,imap-attack,high,WHITE,blocklist.de/imap|blocklist.de/all|blocklist.de/mail|ziyadnz/hourly-ipv4,blocklist.de|imap|pop3|brute-force|spam|mail|ziyadnz|hourly,2026-08-17T18:48:05Z,2026-08-17T18:48:05Z,
179.189.201.234,ipv4,imap-attack,high,WHITE,blocklist.de/imap|blocklist.de/all|blocklist.de/mail|ziyadnz/hourly-ipv4,blocklist.de|imap|pop3|brute-force|spam|mail|ziyadnz|hourly,2026-08-17T18:48:05Z,2026-08-17T18:48:05Z,
179.189.201.235,ipv4,imap-attack,high,WHITE,blocklist.de/imap|blocklist.de/all|blocklist.de/mail|ziyadnz/hourly-ipv4,blocklist.de|imap|pop3|brute-force|spam|mail|ziyadnz|hourly,2026-08-17T18:48:05Z,2026-08-17T18:48:05Z,
179.189.201.244,ipv4,imap-attack,high,WHITE,blocklist.de/imap|blocklist.de/all|blocklist.de/mail|ziyadnz/hourly-ipv4,blocklist.de|imap|pop3|brute-force|spam|mail|ziyadnz|hourly,2026-08-17T18:48:05Z,2026-08-17T18:48:05Z,
179.189.205.241,ipv4,imap-attack,high,WHITE,blocklist.de/imap|blocklist.de/all|blocklist.de/mail|ziyadnz/hourly-ipv4,blocklist.de|imap|pop3|brute-force|spam|mail|ziyadnz|hourly,2026-08-17T18:48:05Z,2026-08-17T18:48:05Z,
179.222.191.78,ipv4,imap-attack,high,WHITE,blocklist.de/imap|blocklist.de/all|blocklist.de/mail|ziyadnz/hourly-ipv4,blocklist.de|imap|pop3|brute-force|spam|mail|ziyadnz|hourly,2026-08-17T18:48:05Z,2026-08-17T18:48:05Z,
179.255.244.206,ipv4,imap-attack,high,WHITE,blocklist.de/imap|blocklist.de/all|blocklist.de/mail|ziyadnz/hourly-ipv4,blocklist.de|imap|pop3|brute-force|spam|mail|ziyadnz|hourly,2026-08-17T18:48:05Z,2026-08-17T18:48:05Z,
179.26.199.201,ipv4,imap-attack,high,WHITE,blocklist.de/imap|blocklist.de/all|blocklist.de/mail|ziyadnz/hourly-ipv4,blocklist.de|imap|pop3|brute-force|spam|mail|ziyadnz|hourly,2026-08-17T18:48:05Z,2026-08-17T18:48:05Z,
179.48.229.117,ipv4,imap-attack,high,WHITE,blocklist.de/imap|blocklist.de/all|blocklist.de/mail|ziyadnz/hourly-ipv4,blocklist.de|imap|pop3|brute-force|spam|mail|ziyadnz|hourly,2026-08-17T18:48:05Z,2026-08-17T18:48:05Z,
179.49.203.165,ipv4,imap-attack,high,WHITE,blocklist.de/imap|blocklist.de/all|blocklist.de/mail|ziyadnz/hourly-ipv4,blocklist.de|imap|pop3|brute-force|spam|mail|ziyadnz|hourly,2026-08-17T18:48:05Z,2026-08-17T18:48:05Z,
179.5.180.30,ipv4,imap-attack,high,WHITE,blocklist.de/imap|blocklist.de/all|blocklist.de/mail|ziyadnz/hourly-ipv4,blocklist.de|imap|pop3|brute-force|spam|mail|ziyadnz|hourly,2026-08-17T18:48:05Z,2026-08-17T18:48:05Z,
179.57.171.28,ipv4,imap-attack,high,WHITE,blocklist.de/imap|blocklist.de/all|blocklist.de/mail|ziyadnz/hourly-ipv4,blocklist.de|imap|pop3|brute-force|spam|mail|ziyadnz|hourly,2026-08-17T18:48:05Z,2026-08-17T18:48:05Z,
179.6.100.131,ipv4,imap-attack,high,WHITE,blocklist.de/imap|blocklist.de/all|blocklist.de/mail|ziyadnz/hourly-ipv4,blocklist.de|imap|pop3|brute-force|spam|mail|ziyadnz|hourly,2026-08-17T18:48:05Z,2026-08-17T18:48:05Z,
179.61.10.174,ipv4,imap-attack,high,WHITE,blocklist.de/imap|blocklist.de/all|blocklist.de/mail|ziyadnz/hourly-ipv4,blocklist.de|imap|pop3|brute-force|spam|mail|ziyadnz|hourly,2026-08-17T18:48:05Z,2026-08-17T18:48:05Z,
179.61.10.183,ipv4,imap-attack,high,WHITE,blocklist.de/imap|blocklist.de/all|blocklist.de/mail|ziyadnz/hourly-ipv4,blocklist.de|imap|pop3|brute-force|spam|mail|ziyadnz|hourly,2026-08-17T18:48:05Z,2026-08-17T18:48:05Z,
179.61.10.26,ipv4,imap-attack,high,WHITE,blocklist.de/imap|blocklist.de/all|blocklist.de/mail|ziyadnz/hourly-ipv4,blocklist.de|imap|pop3|brute-force|spam|mail|ziyadnz|hourly,2026-08-17T18:48:05Z,2026-08-17T18:48:05Z,
179.61.10.28,ipv4,imap-attack,high,WHITE,blocklist.de/imap|blocklist.de/all|blocklist.de/mail|ziyadnz/hourly-ipv4,blocklist.de|imap|pop3|brute-force|spam|mail|ziyadnz|hourly,2026-08-17T18:48:05Z,2026-08-17T18:48:05Z,
179.61.10.62,ipv4,imap-attack,high,WHITE,blocklist.de/imap|blocklist.de/all|blocklist.de/mail|ziyadnz/hourly-ipv4,blocklist.de|imap|pop3|brute-force|spam|mail|ziyadnz|hourly,2026-08-17T18:48:05Z,2026-08-17T18:48:05Z,
179.61.94.43,ipv4,imap-attack,high,WHITE,blocklist.de/imap|blocklist.de/all|blocklist.de/mail|ziyadnz/hourly-ipv4,blocklist.de|imap|pop3|brute-force|spam|mail|ziyadnz|hourly,2026-08-17T18:48:05Z,2026-08-17T18:48:05Z,
179.7.0.231,ipv4,imap-attack,high,WHITE,blocklist.de/imap|blocklist.de/all|blocklist.de/mail|ziyadnz/hourly-ipv4,blocklist.de|imap|pop3|brute-force|spam|mail|ziyadnz|hourly,2026-08-17T18:48:05Z,2026-08-17T18:48:05Z,
179.73.136.145,ipv4,imap-attack,high,WHITE,blocklist.de/imap|blocklist.de/all|blocklist.de/mail|ziyadnz/hourly-ipv4,blocklist.de|imap|pop3|brute-force|spam|mail|ziyadnz|hourly,2026-08-17T18:48:05Z,2026-08-17T18:48:05Z,
179.97.20.40,ipv4,imap-attack,high,WHITE,blocklist.de/imap|blocklist.de/all|blocklist.de/mail|ziyadnz/hourly-ipv4,blocklist.de|imap|pop3|brute-force|spam|mail|ziyadnz|hourly,2026-08-17T18:48:05Z,2026-08-17T18:48:05Z,
18.183.138.104,ipv4,imap-attack,high,WHITE,blocklist.de/imap|blocklist.de/all|blocklist.de/mail|ziyadnz/hourly-ipv4,blocklist.de|imap|pop3|brute-force|spam|mail|ziyadnz|hourly,2026-08-17T18:48:05Z,2026-08-17T18:48:05Z,
180.100.212.177,ipv4,imap-attack,high,WHITE,blocklist.de/imap|blocklist.de/all|blocklist.de/mail|ziyadnz/hourly-ipv4,blocklist.de|imap|pop3|brute-force|spam|mail|ziyadnz|hourly,2026-08-17T18:48:05Z,2026-08-17T18:48:05Z,
180.137.151.93,ipv4,imap-attack,high,WHITE,blocklist.de/imap|blocklist.de/all|blocklist.de/mail|ziyadnz/hourly-ipv4,blocklist.de|imap|pop3|brute-force|spam|mail|ziyadnz|hourly,2026-08-17T18:48:05Z,2026-08-17T18:48:05Z,
180.165.46.214,ipv4,imap-attack,high,WHITE,blocklist.de/imap|blocklist.de/all|blocklist.de/mail|ziyadnz/hourly-ipv4,blocklist.de|imap|pop3|brute-force|spam|mail|ziyadnz|hourly,2026-08-17T18:48:05Z,2026-08-17T18:48:05Z,
180.165.46.24,ipv4,imap-attack,high,WHITE,blocklist.de/imap|blocklist.de/all|blocklist.de/mail|ziyadnz/hourly-ipv4,blocklist.de|imap|pop3|brute-force|spam|mail|ziyadnz|hourly,2026-08-17T18:48:05Z,2026-08-17T18:48:05Z,
180.165.46.78,ipv4,imap-attack,high,WHITE,blocklist.de/imap|blocklist.de/all|blocklist.de/mail|ziyadnz/hourly-ipv4,blocklist.de|imap|pop3|brute-force|spam|mail|ziyadnz|hourly,2026-08-17T18:48:05Z,2026-08-17T18:48:05Z,
180.183.248.41,ipv4,imap-attack,high,WHITE,blocklist.de/imap|blocklist.de/all|blocklist.de/mail|ziyadnz/hourly-ipv4,blocklist.de|imap|pop3|brute-force|spam|mail|ziyadnz|hourly,2026-08-17T18:48:05Z,2026-08-17T18:48:05Z,
180.190.204.49,ipv4,imap-attack,high,WHITE,blocklist.de/imap|blocklist.de/all|blocklist.de/mail|ziyadnz/hourly-ipv4,blocklist.de|imap|pop3|brute-force|spam|mail|ziyadnz|hourly,2026-08-17T18:48:05Z,2026-08-17T18:48:05Z,
180.210.164.158,ipv4,imap-attack,high,WHITE,blocklist.de/imap|blocklist.de/all|blocklist.de/mail|ziyadnz/hourly-ipv4,blocklist.de|imap|pop3|brute-force|spam|mail|ziyadnz|hourly,2026-08-17T18:48:05Z,2026-08-17T18:48:05Z,
180.214.237.174,ipv4,imap-attack,high,WHITE,blocklist.de/imap|blocklist.de/all|blocklist.de/mail|ziyadnz/hourly-ipv4,blocklist.de|imap|pop3|brute-force|spam|mail|ziyadnz|hourly,2026-08-17T18:48:05Z,2026-08-17T18:48:05Z,
180.246.198.33,ipv4,imap-attack,high,WHITE,blocklist.de/imap|blocklist.de/all|blocklist.de/mail|ziyadnz/hourly-ipv4,blocklist.de|imap|pop3|brute-force|spam|mail|ziyadnz|hourly,2026-08-17T18:48:05Z,2026-08-17T18:48:05Z,
180.248.52.207,ipv4,imap-attack,high,WHITE,blocklist.de/imap|blocklist.de/all|blocklist.de/mail|ziyadnz/hourly-ipv4,blocklist.de|imap|pop3|brute-force|spam|mail|ziyadnz|hourly,2026-08-17T18:48:05Z,2026-08-17T18:48:05Z,
180.251.155.177,ipv4,imap-attack,high,WHITE,blocklist.de/imap|blocklist.de/all|blocklist.de/mail|ziyadnz/hourly-ipv4,blocklist.de|imap|pop3|brute-force|spam|mail|ziyadnz|hourly,2026-08-17T18:48:05Z,2026-08-17T18:48:05Z,
180.251.183.68,ipv4,imap-attack,high,WHITE,blocklist.de/imap|blocklist.de/all|blocklist.de/mail|ziyadnz/hourly-ipv4,blocklist.de|imap|pop3|brute-force|spam|mail|ziyadnz|hourly,2026-08-17T18:48:05Z,2026-08-17T18:48:05Z,
180.252.88.158,ipv4,imap-attack,high,WHITE,blocklist.de/imap|blocklist.de/all|blocklist.de/mail|ziyadnz/hourly-ipv4,blocklist.de|imap|pop3|brute-force|spam|mail|ziyadnz|hourly,2026-08-17T18:48:05Z,2026-08-17T18:48:05Z,
180.254.227.197,ipv4,imap-attack,high,WHITE,blocklist.de/imap|blocklist.de/all|blocklist.de/mail|ziyadnz/hourly-ipv4,blocklist.de|imap|pop3|brute-force|spam|mail|ziyadnz|hourly,2026-08-17T18:48:05Z,2026-08-17T18:48:05Z,
180.74.71.47,ipv4,imap-attack,high,WHITE,blocklist.de/imap|blocklist.de/all|blocklist.de/mail|ziyadnz/hourly-ipv4,blocklist.de|imap|pop3|brute-force|spam|mail|ziyadnz|hourly,2026-08-17T18:48:05Z,2026-08-17T18:48:05Z,
180.76.104.208,ipv4,imap-attack,high,WHITE,blocklist.de/imap|blocklist.de/all|blocklist.de/mail|ziyadnz/hourly-ipv4,blocklist.de|imap|pop3|brute-force|spam|mail|ziyadnz|hourly,2026-08-17T18:48:05Z,2026-08-17T18:48:05Z,
180.93.237.138,ipv4,imap-attack,high,WHITE,blocklist.de/imap|blocklist.de/all|blocklist.de/mail|ziyadnz/hourly-ipv4,blocklist.de|imap|pop3|brute-force|spam|mail|ziyadnz|hourly,2026-08-17T18:48:05Z,2026-08-17T18:48:05Z,
180.93.245.215,ipv4,imap-attack,high,WHITE,blocklist.de/imap|blocklist.de/all|blocklist.de/mail|ziyadnz/hourly-ipv4,blocklist.de|imap|pop3|brute-force|spam|mail|ziyadnz|hourly,2026-08-17T18:48:05Z,2026-08-17T18:48:05Z,
180.94.74.122,ipv4,imap-attack,high,WHITE,blocklist.de/imap|blocklist.de/all|blocklist.de/mail|ziyadnz/hourly-ipv4,blocklist.de|imap|pop3|brute-force|spam|mail|ziyadnz|hourly,2026-08-17T18:48:05Z,2026-08-17T18:48:05Z,
180.94.74.2,ipv4,imap-attack,high,WHITE,blocklist.de/imap|blocklist.de/all|blocklist.de/mail|ziyadnz/hourly-ipv4,blocklist.de|imap|pop3|brute-force|spam|mail|ziyadnz|hourly,2026-08-17T18:48:05Z,2026-08-17T18:48:05Z,
180.94.75.42,ipv4,imap-attack,high,WHITE,blocklist.de/imap|blocklist.de/all|blocklist.de/mail|ziyadnz/hourly-ipv4,blocklist.de|imap|pop3|brute-force|spam|mail|ziyadnz|hourly,2026-08-17T18:48:05Z,2026-08-17T18:48:05Z,
181.115.171.118,ipv4,imap-attack,high,WHITE,blocklist.de/imap|blocklist.de/all|blocklist.de/mail|ziyadnz/hourly-ipv4,blocklist.de|imap|pop3|brute-force|spam|mail|ziyadnz|hourly,2026-08-17T18:48:05Z,2026-08-17T18:48:05Z,
181.115.237.19,ipv4,imap-attack,high,WHITE,blocklist.de/imap|blocklist.de/all|blocklist.de/mail|ziyadnz/hourly-ipv4,blocklist.de|imap|pop3|brute-force|spam|mail|ziyadnz|hourly,2026-08-17T18:48:05Z,2026-08-17T18:48:05Z,
181.118.159.233,ipv4,imap-attack,high,WHITE,blocklist.de/imap|blocklist.de/all|blocklist.de/mail|ziyadnz/hourly-ipv4,blocklist.de|imap|pop3|brute-force|spam|mail|ziyadnz|hourly,2026-08-17T18:48:05Z,2026-08-17T18:48:05Z,
181.118.183.165,ipv4,imap-attack,high,WHITE,blocklist.de/imap|blocklist.de/all|blocklist.de/mail|ziyadnz/hourly-ipv4,blocklist.de|imap|pop3|brute-force|spam|mail|ziyadnz|hourly,2026-08-17T18:48:05Z,2026-08-17T18:48:05Z,
181.118.183.177,ipv4,imap-attack,high,WHITE,blocklist.de/imap|blocklist.de/all|blocklist.de/mail|ziyadnz/hourly-ipv4,blocklist.de|imap|pop3|brute-force|spam|mail|ziyadnz|hourly,2026-08-17T18:48:05Z,2026-08-17T18:48:05Z,
181.118.240.164,ipv4,imap-attack,high,WHITE,blocklist.de/imap|blocklist.de/all|blocklist.de/mail|ziyadnz/hourly-ipv4,blocklist.de|imap|pop3|brute-force|spam|mail|ziyadnz|hourly,2026-08-17T18:48:05Z,2026-08-17T18:48:05Z,
181.119.64.79,ipv4,imap-attack,high,WHITE,blocklist.de/imap|blocklist.de/all|blocklist.de/mail|ziyadnz/hourly-ipv4,blocklist.de|imap|pop3|brute-force|spam|mail|ziyadnz|hourly,2026-08-17T18:48:05Z,2026-08-17T18:48:05Z,
181.16.212.166,ipv4,imap-attack,high,WHITE,blocklist.de/imap|blocklist.de/all|blocklist.de/mail|ziyadnz/hourly-ipv4,blocklist.de|imap|pop3|brute-force|spam|mail|ziyadnz|hourly,2026-08-17T18:48:05Z,2026-08-17T18:48:05Z,
181.16.212.198,ipv4,imap-attack,high,WHITE,blocklist.de/imap|blocklist.de/all|blocklist.de/mail|ziyadnz/hourly-ipv4,blocklist.de|imap|pop3|brute-force|spam|mail|ziyadnz|hourly,2026-08-17T18:48:05Z,2026-08-17T18:48:05Z,
181.16.212.52,ipv4,imap-attack,high,WHITE,blocklist.de/imap|blocklist.de/all|blocklist.de/mail|ziyadnz/hourly-ipv4,blocklist.de|imap|pop3|brute-force|spam|mail|ziyadnz|hourly,2026-08-17T18:48:05Z,2026-08-17T18:48:05Z,
181.16.212.93,ipv4,imap-attack,high,WHITE,blocklist.de/imap|blocklist.de/all|blocklist.de/mail|ziyadnz/hourly-ipv4,blocklist.de|imap|pop3|brute-force|spam|mail|ziyadnz|hourly,2026-08-17T18:48:05Z,2026-08-17T18:48:05Z,
181.188.170.110,ipv4,imap-attack,high,WHITE,blocklist.de/imap|blocklist.de/all|blocklist.de/mail|ziyadnz/hourly-ipv4,blocklist.de|imap|pop3|brute-force|spam|mail|ziyadnz|hourly,2026-08-17T18:48:05Z,2026-08-17T18:48:05Z,
181.189.61.63,ipv4,imap-attack,high,WHITE,blocklist.de/imap|blocklist.de/all|blocklist.de/mail|ziyadnz/hourly-ipv4,blocklist.de|imap|pop3|brute-force|spam|mail|ziyadnz|hourly,2026-08-17T18:48:05Z,2026-08-17T18:48:05Z,
181.191.220.137,ipv4,imap-attack,high,WHITE,blocklist.de/imap|blocklist.de/all|blocklist.de/mail|ziyadnz/hourly-ipv4,blocklist.de|imap|pop3|brute-force|spam|mail|ziyadnz|hourly,2026-08-17T18:48:05Z,2026-08-17T18:48:05Z,
181.191.220.162,ipv4,imap-attack,high,WHITE,blocklist.de/imap|blocklist.de/all|blocklist.de/mail|ziyadnz/hourly-ipv4,blocklist.de|imap|pop3|brute-force|spam|mail|ziyadnz|hourly,2026-08-17T18:48:05Z,2026-08-17T18:48:05Z,
181.191.223.214,ipv4,imap-attack,high,WHITE,blocklist.de/imap|blocklist.de/all|blocklist.de/mail,blocklist.de|imap|pop3|brute-force|spam|mail|ziyadnz|hourly,2026-08-17T18:48:05Z,2026-08-17T18:48:05Z,
181.191.223.226,ipv4,imap-attack,high,WHITE,blocklist.de/imap|blocklist.de/all|blocklist.de/mail|ziyadnz/hourly-ipv4,blocklist.de|imap|pop3|brute-force|spam|mail|ziyadnz|hourly,2026-08-17T18:48:05Z,2026-08-17T18:48:05Z,
181.191.223.236,ipv4,imap-attack,high,WHITE,blocklist.de/imap|blocklist.de/all|blocklist.de/mail|ziyadnz/hourly-ipv4,blocklist.de|imap|pop3|brute-force|spam|mail|ziyadnz|hourly,2026-08-17T18:48:05Z,2026-08-17T18:48:05Z,
181.191.223.244,ipv4,imap-attack,high,WHITE,blocklist.de/imap|blocklist.de/all|blocklist.de/mail|ziyadnz/hourly-ipv4,blocklist.de|imap|pop3|brute-force|spam|mail|ziyadnz|hourly,2026-08-17T18:48:05Z,2026-08-17T18:48:05Z,
181.191.8.106,ipv4,imap-attack,high,WHITE,blocklist.de/imap|blocklist.de/all|blocklist.de/mail|ziyadnz/hourly-ipv4,blocklist.de|imap|pop3|brute-force|spam|mail|ziyadnz|hourly,2026-08-17T18:48:05Z,2026-08-17T18:48:05Z,
181.197.191.53,ipv4,imap-attack,high,WHITE,blocklist.de/imap|blocklist.de/all|blocklist.de/mail|ziyadnz/hourly-ipv4,blocklist.de|imap|pop3|brute-force|spam|mail|ziyadnz|hourly,2026-08-17T18:48:05Z,2026-08-17T18:48:05Z,
181.205.166.30,ipv4,imap-attack,high,WHITE,blocklist.de/imap|blocklist.de/all|blocklist.de/mail|ziyadnz/hourly-ipv4,blocklist.de|imap|pop3|brute-force|spam|mail|ziyadnz|hourly,2026-08-17T18:48:05Z,2026-08-17T18:48:05Z,
181.205.51.99,ipv4,imap-attack,high,WHITE,blocklist.de/imap|blocklist.de/all|blocklist.de/mail|ziyadnz/hourly-ipv4,blocklist.de|imap|pop3|brute-force|spam|mail|ziyadnz|hourly,2026-08-17T18:48:05Z,2026-08-17T18:48:05Z,
181.21.211.105,ipv4,imap-attack,high,WHITE,blocklist.de/imap|blocklist.de/all|blocklist.de/mail|ziyadnz/hourly-ipv4,blocklist.de|imap|pop3|brute-force|spam|mail|ziyadnz|hourly,2026-08-17T18:48:05Z,2026-08-17T18:48:05Z,
181.233.89.92,ipv4,imap-attack,high,WHITE,blocklist.de/imap|blocklist.de/all|blocklist.de/mail|ziyadnz/hourly-ipv4,blocklist.de|imap|pop3|brute-force|spam|mail|ziyadnz|hourly,2026-08-17T18:48:05Z,2026-08-17T18:48:05Z,
181.41.236.174,ipv4,imap-attack,high,WHITE,blocklist.de/imap|blocklist.de/all|blocklist.de/mail|ziyadnz/hourly-ipv4,blocklist.de|imap|pop3|brute-force|spam|mail|ziyadnz|hourly,2026-08-17T18:48:05Z,2026-08-17T18:48:05Z,
181.41.241.122,ipv4,imap-attack,high,WHITE,blocklist.de/imap|blocklist.de/all|blocklist.de/mail|ziyadnz/hourly-ipv4,blocklist.de|imap|pop3|brute-force|spam|mail|ziyadnz|hourly,2026-08-17T18:48:05Z,2026-08-17T18:48:05Z,
181.41.242.122,ipv4,imap-attack,high,WHITE,blocklist.de/imap|blocklist.de/all|blocklist.de/mail|ziyadnz/hourly-ipv4,blocklist.de|imap|pop3|brute-force|spam|mail|ziyadnz|hourly,2026-08-17T18:48:05Z,2026-08-17T18:48:05Z,
181.41.244.218,ipv4,imap-attack,high,WHITE,blocklist.de/imap|blocklist.de/all|blocklist.de/mail|ziyadnz/hourly-ipv4,blocklist.de|imap|pop3|brute-force|spam|mail|ziyadnz|hourly,2026-08-17T18:48:05Z,2026-08-17T18:48:05Z,
181.41.245.82,ipv4,imap-attack,high,WHITE,blocklist.de/imap|blocklist.de/all|blocklist.de/mail|ziyadnz/hourly-ipv4,blocklist.de|imap|pop3|brute-force|spam|mail|ziyadnz|hourly,2026-08-17T18:48:05Z,2026-08-17T18:48:05Z,
181.41.246.211,ipv4,imap-attack,high,WHITE,blocklist.de/imap|blocklist.de/all|blocklist.de/mail|ziyadnz/hourly-ipv4,blocklist.de|imap|pop3|brute-force|spam|mail|ziyadnz|hourly,2026-08-17T18:48:05Z,2026-08-17T18:48:05Z,
181.41.246.242,ipv4,imap-attack,high,WHITE,blocklist.de/imap|blocklist.de/all|blocklist.de/mail|ziyadnz/hourly-ipv4,blocklist.de|imap|pop3|brute-force|spam|mail|ziyadnz|hourly,2026-08-17T18:48:05Z,2026-08-17T18:48:05Z,
181.56.174.63,ipv4,imap-attack,high,WHITE,blocklist.de/imap|blocklist.de/all|blocklist.de/mail|ziyadnz/hourly-ipv4,blocklist.de|imap|pop3|brute-force|spam|mail|ziyadnz|hourly,2026-08-17T18:48:05Z,2026-08-17T18:48:05Z,
181.61.251.4,ipv4,imap-attack,high,WHITE,blocklist.de/imap|blocklist.de/all|blocklist.de/mail|ziyadnz/hourly-ipv4,blocklist.de|imap|pop3|brute-force|spam|mail|ziyadnz|hourly,2026-08-17T18:48:05Z,2026-08-17T18:48:05Z,
181.64.187.140,ipv4,imap-attack,high,WHITE,blocklist.de/imap|blocklist.de/all|blocklist.de/mail|ziyadnz/hourly-ipv4,blocklist.de|imap|pop3|brute-force|spam|mail|ziyadnz|hourly,2026-08-17T18:48:05Z,2026-08-17T18:48:05Z,
181.71.225.172,ipv4,imap-attack,high,WHITE,blocklist.de/imap|blocklist.de/all|blocklist.de/mail|ziyadnz/hourly-ipv4,blocklist.de|imap|pop3|brute-force|spam|mail|ziyadnz|hourly,2026-08-17T18:48:05Z,2026-08-17T18:48:05Z,
181.78.216.92,ipv4,imap-attack,high,WHITE,blocklist.de/imap|blocklist.de/all|blocklist.de/mail|ziyadnz/hourly-ipv4,blocklist.de|imap|pop3|brute-force|spam|mail|ziyadnz|hourly,2026-08-17T18:48:05Z,2026-08-17T18:48:05Z,
181.84.239.148,ipv4,imap-attack,high,WHITE,blocklist.de/imap|blocklist.de/all|blocklist.de/mail|ziyadnz/hourly-ipv4,blocklist.de|imap|pop3|brute-force|spam|mail|ziyadnz|hourly,2026-08-17T18:48:05Z,2026-08-17T18:48:05Z,
181.84.56.179,ipv4,imap-attack,high,WHITE,blocklist.de/imap|blocklist.de/all|blocklist.de/mail|ziyadnz/hourly-ipv4,blocklist.de|imap|pop3|brute-force|spam|mail|ziyadnz|hourly,2026-08-17T18:48:05Z,2026-08-17T18:48:05Z,
181.85.209.39,ipv4,imap-attack,high,WHITE,blocklist.de/imap|blocklist.de/all|blocklist.de/mail|ziyadnz/hourly-ipv4,blocklist.de|imap|pop3|brute-force|spam|mail|ziyadnz|hourly,2026-08-17T18:48:05Z,2026-08-17T18:48:05Z,
182.151.45.136,ipv4,imap-attack,high,WHITE,blocklist.de/imap|blocklist.de/all|blocklist.de/mail|ziyadnz/hourly-ipv4,blocklist.de|imap|pop3|brute-force|spam|mail|ziyadnz|hourly,2026-08-17T18:48:05Z,2026-08-17T18:48:05Z,
182.160.114.72,ipv4,imap-attack,high,WHITE,blocklist.de/imap|blocklist.de/all|blocklist.de/mail|ziyadnz/hourly-ipv4,blocklist.de|imap|pop3|brute-force|spam|mail|ziyadnz|hourly,2026-08-17T18:48:05Z,2026-08-17T18:48:05Z,
182.176.81.173,ipv4,imap-attack,high,WHITE,blocklist.de/imap|blocklist.de/all|blocklist.de/mail|ziyadnz/hourly-ipv4,blocklist.de|imap|pop3|brute-force|spam|mail|ziyadnz|hourly,2026-08-17T18:48:05Z,2026-08-17T18:48:05Z,
182.176.86.116,ipv4,imap-attack,high,WHITE,blocklist.de/imap|blocklist.de/all|blocklist.de/mail|ziyadnz/hourly-ipv4,blocklist.de|imap|pop3|brute-force|spam|mail|ziyadnz|hourly,2026-08-17T18:48:05Z,2026-08-17T18:48:05Z,
182.176.87.31,ipv4,imap-attack,high,WHITE,blocklist.de/imap|blocklist.de/all|blocklist.de/mail|ziyadnz/hourly-ipv4,blocklist.de|imap|pop3|brute-force|spam|mail|ziyadnz|hourly,2026-08-17T18:48:05Z,2026-08-17T18:48:05Z,
182.180.164.129,ipv4,imap-attack,high,WHITE,blocklist.de/imap|blocklist.de/all|blocklist.de/mail|ziyadnz/hourly-ipv4,blocklist.de|imap|pop3|brute-force|spam|mail|ziyadnz|hourly,2026-08-17T18:48:05Z,2026-08-17T18:48:05Z,
182.182.204.180,ipv4,imap-attack,high,WHITE,blocklist.de/imap|blocklist.de/all|blocklist.de/mail|ziyadnz/hourly-ipv4,blocklist.de|imap|pop3|brute-force|spam|mail|ziyadnz|hourly,2026-08-17T18:48:05Z,2026-08-17T18:48:05Z,
182.190.39.227,ipv4,imap-attack,high,WHITE,blocklist.de/imap|blocklist.de/all|blocklist.de/mail|ziyadnz/hourly-ipv4,blocklist.de|imap|pop3|brute-force|spam|mail|ziyadnz|hourly,2026-08-17T18:48:05Z,2026-08-17T18:48:05Z,
182.23.66.99,ipv4,imap-attack,high,WHITE,blocklist.de/imap|blocklist.de/all|blocklist.de/mail|ziyadnz/hourly-ipv4,blocklist.de|imap|pop3|brute-force|spam|mail|ziyadnz|hourly,2026-08-17T18:48:05Z,2026-08-17T18:48:05Z,
182.239.82.112,ipv4,imap-attack,high,WHITE,blocklist.de/imap|blocklist.de/all|blocklist.de/mail|ziyadnz/hourly-ipv4,blocklist.de|imap|pop3|brute-force|spam|mail|ziyadnz|hourly,2026-08-17T18:48:05Z,2026-08-17T18:48:05Z,
182.31.130.59,ipv4,imap-attack,high,WHITE,blocklist.de/imap|blocklist.de/all|blocklist.de/mail|ziyadnz/hourly-ipv4,blocklist.de|imap|pop3|brute-force|spam|mail|ziyadnz|hourly,2026-08-17T18:48:05Z,2026-08-17T18:48:05Z,
182.31.209.50,ipv4,imap-attack,high,WHITE,blocklist.de/imap|blocklist.de/all|blocklist.de/mail|ziyadnz/hourly-ipv4,blocklist.de|imap|pop3|brute-force|spam|mail|ziyadnz|hourly,2026-08-17T18:48:05Z,2026-08-17T18:48:05Z,
182.31.212.167,ipv4,imap-attack,high,WHITE,blocklist.de/imap|blocklist.de/all|blocklist.de/mail,blocklist.de|imap|pop3|brute-force|spam|mail|ziyadnz|hourly,2026-08-17T18:48:05Z,2026-08-17T18:48:05Z,
182.31.23.108,ipv4,imap-attack,high,WHITE,blocklist.de/imap|blocklist.de/all|blocklist.de/mail|ziyadnz/hourly-ipv4,blocklist.de|imap|pop3|brute-force|spam|mail|ziyadnz|hourly,2026-08-17T18:48:05Z,2026-08-17T18:48:05Z,
182.31.23.11,ipv4,imap-attack,high,WHITE,blocklist.de/imap|blocklist.de/all|blocklist.de/mail|ziyadnz/hourly-ipv4,blocklist.de|imap|pop3|brute-force|spam|mail|ziyadnz|hourly,2026-08-17T18:48:05Z,2026-08-17T18:48:05Z,
182.31.35.115,ipv4,imap-attack,high,WHITE,blocklist.de/imap|blocklist.de/all|blocklist.de/mail|ziyadnz/hourly-ipv4,blocklist.de|imap|pop3|brute-force|spam|mail|ziyadnz|hourly,2026-08-17T18:48:05Z,2026-08-17T18:48:05Z,
182.31.36.218,ipv4,imap-attack,high,WHITE,blocklist.de/imap|blocklist.de/all|blocklist.de/mail|ziyadnz/hourly-ipv4,blocklist.de|imap|pop3|brute-force|spam|mail|ziyadnz|hourly,2026-08-17T18:48:05Z,2026-08-17T18:48:05Z,
182.31.70.36,ipv4,imap-attack,high,WHITE,blocklist.de/imap|blocklist.de/all|blocklist.de/mail|ziyadnz/hourly-ipv4,blocklist.de|imap|pop3|brute-force|spam|mail|ziyadnz|hourly,2026-08-17T18:48:05Z,2026-08-17T18:48:05Z,
182.31.71.26,ipv4,imap-attack,high,WHITE,blocklist.de/imap|blocklist.de/all|blocklist.de/mail|ziyadnz/hourly-ipv4,blocklist.de|imap|pop3|brute-force|spam|mail|ziyadnz|hourly,2026-08-17T18:48:05Z,2026-08-17T18:48:05Z,
182.52.50.193,ipv4,imap-attack,high,WHITE,blocklist.de/imap|blocklist.de/all|blocklist.de/mail|ziyadnz/hourly-ipv4,blocklist.de|imap|pop3|brute-force|spam|mail|ziyadnz|hourly,2026-08-17T18:48:05Z,2026-08-17T18:48:05Z,
182.52.72.164,ipv4,imap-attack,high,WHITE,blocklist.de/imap|blocklist.de/all|blocklist.de/mail|ziyadnz/hourly-ipv4,blocklist.de|imap|pop3|brute-force|spam|mail|ziyadnz|hourly,2026-08-17T18:48:05Z,2026-08-17T18:48:05Z,
182.60.128.241,ipv4,imap-attack,high,WHITE,blocklist.de/imap|blocklist.de/all|blocklist.de/mail|ziyadnz/hourly-ipv4,blocklist.de|imap|pop3|brute-force|spam|mail|ziyadnz|hourly,2026-08-17T18:48:05Z,2026-08-17T18:48:05Z,
182.70.126.253,ipv4,imap-attack,high,WHITE,blocklist.de/imap|blocklist.de/all|blocklist.de/mail|ziyadnz/hourly-ipv4,blocklist.de|imap|pop3|brute-force|spam|mail|ziyadnz|hourly,2026-08-17T18:48:05Z,2026-08-17T18:48:05Z,
182.71.62.211,ipv4,imap-attack,high,WHITE,blocklist.de/imap|blocklist.de/all|blocklist.de/mail|ziyadnz/hourly-ipv4,blocklist.de|imap|pop3|brute-force|spam|mail|ziyadnz|hourly,2026-08-17T18:48:05Z,2026-08-17T18:48:05Z,
182.72.102.106,ipv4,imap-attack,high,WHITE,blocklist.de/imap|blocklist.de/all|blocklist.de/mail|ziyadnz/hourly-ipv4,blocklist.de|imap|pop3|brute-force|spam|mail|ziyadnz|hourly,2026-08-17T18:48:05Z,2026-08-17T18:48:05Z,
182.73.109.194,ipv4,imap-attack,high,WHITE,blocklist.de/imap|blocklist.de/all|blocklist.de/mail|ziyadnz/hourly-ipv4,blocklist.de|imap|pop3|brute-force|spam|mail|ziyadnz|hourly,2026-08-17T18:48:05Z,2026-08-17T18:48:05Z,
182.75.215.245,ipv4,imap-attack,high,WHITE,blocklist.de/imap|blocklist.de/all|blocklist.de/mail|ziyadnz/hourly-ipv4,blocklist.de|imap|pop3|brute-force|spam|mail|ziyadnz|hourly,2026-08-17T18:48:05Z,2026-08-17T18:48:05Z,
182.75.234.236,ipv4,imap-attack,high,WHITE,blocklist.de/imap|blocklist.de/all|blocklist.de/mail|ziyadnz/hourly-ipv4,blocklist.de|imap|pop3|brute-force|spam|mail|ziyadnz|hourly,2026-08-17T18:48:05Z,2026-08-17T18:48:05Z,
182.76.107.16,ipv4,imap-attack,high,WHITE,blocklist.de/imap|blocklist.de/all|blocklist.de/mail|ziyadnz/hourly-ipv4,blocklist.de|imap|pop3|brute-force|spam|mail|ziyadnz|hourly,2026-08-17T18:48:05Z,2026-08-17T18:48:05Z,
182.78.112.174,ipv4,imap-attack,high,WHITE,blocklist.de/imap|blocklist.de/all|blocklist.de/mail|ziyadnz/hourly-ipv4,blocklist.de|imap|pop3|brute-force|spam|mail|ziyadnz|hourly,2026-08-17T18:48:05Z,2026-08-17T18:48:05Z,
182.78.65.154,ipv4,imap-attack,high,WHITE,blocklist.de/imap|blocklist.de/all|blocklist.de/mail|ziyadnz/hourly-ipv4,blocklist.de|imap|pop3|brute-force|spam|mail|ziyadnz|hourly,2026-08-17T18:48:05Z,2026-08-17T18:48:05Z,
182.78.86.62,ipv4,imap-attack,high,WHITE,blocklist.de/imap|blocklist.de/all|blocklist.de/mail|ziyadnz/hourly-ipv4,blocklist.de|imap|pop3|brute-force|spam|mail|ziyadnz|hourly,2026-08-17T18:48:05Z,2026-08-17T18:48:05Z,
182.78.87.2,ipv4,imap-attack,high,WHITE,blocklist.de/imap|blocklist.de/all|blocklist.de/mail|ziyadnz/hourly-ipv4,blocklist.de|imap|pop3|brute-force|spam|mail|ziyadnz|hourly,2026-08-17T18:48:05Z,2026-08-17T18:48:05Z,
182.8.211.153,ipv4,imap-attack,high,WHITE,blocklist.de/imap|blocklist.de/all|blocklist.de/mail|ziyadnz/hourly-ipv4,blocklist.de|imap|pop3|brute-force|spam|mail|ziyadnz|hourly,2026-08-17T18:48:05Z,2026-08-17T18:48:05Z,
182.9.2.134,ipv4,imap-attack,high,WHITE,blocklist.de/imap|blocklist.de/all|blocklist.de/mail|ziyadnz/hourly-ipv4,blocklist.de|imap|pop3|brute-force|spam|mail|ziyadnz|hourly,2026-08-17T18:48:05Z,2026-08-17T18:48:05Z,
182.91.53.206,ipv4,imap-attack,high,WHITE,blocklist.de/imap|blocklist.de/all|blocklist.de/mail|ziyadnz/hourly-ipv4,blocklist.de|imap|pop3|brute-force|spam|mail|ziyadnz|hourly,2026-08-17T18:48:05Z,2026-08-17T18:48:05Z,
182.95.102.190,ipv4,imap-attack,high,WHITE,blocklist.de/imap|blocklist.de/all|blocklist.de/mail|ziyadnz/hourly-ipv4,blocklist.de|imap|pop3|brute-force|spam|mail|ziyadnz|hourly,2026-08-17T18:48:05Z,2026-08-17T18:48:05Z,
182.95.106.102,ipv4,imap-attack,high,WHITE,blocklist.de/imap|blocklist.de/all|blocklist.de/mail|ziyadnz/hourly-ipv4,blocklist.de|imap|pop3|brute-force|spam|mail|ziyadnz|hourly,2026-08-17T18:48:05Z,2026-08-17T18:48:05Z,
182.95.106.118,ipv4,imap-attack,high,WHITE,blocklist.de/imap|blocklist.de/all|blocklist.de/mail|ziyadnz/hourly-ipv4,blocklist.de|imap|pop3|brute-force|spam|mail|ziyadnz|hourly,2026-08-17T18:48:05Z,2026-08-17T18:48:05Z,
182.95.106.138,ipv4,imap-attack,high,WHITE,blocklist.de/imap|blocklist.de/all|blocklist.de/mail|ziyadnz/hourly-ipv4,blocklist.de|imap|pop3|brute-force|spam|mail|ziyadnz|hourly,2026-08-17T18:48:05Z,2026-08-17T18:48:05Z,
182.95.109.138,ipv4,imap-attack,high,WHITE,blocklist.de/imap|blocklist.de/all|blocklist.de/mail|ziyadnz/hourly-ipv4,blocklist.de|imap|pop3|brute-force|spam|mail|ziyadnz|hourly,2026-08-17T18:48:05Z,2026-08-17T18:48:05Z,
182.95.110.42,ipv4,imap-attack,high,WHITE,blocklist.de/imap|blocklist.de/all|blocklist.de/mail|ziyadnz/hourly-ipv4,blocklist.de|imap|pop3|brute-force|spam|mail|ziyadnz|hourly,2026-08-17T18:48:05Z,2026-08-17T18:48:05Z,
182.95.119.30,ipv4,imap-attack,high,WHITE,blocklist.de/imap|blocklist.de/all|blocklist.de/mail|ziyadnz/hourly-ipv4,blocklist.de|imap|pop3|brute-force|spam|mail|ziyadnz|hourly,2026-08-17T18:48:05Z,2026-08-17T18:48:05Z,
182.95.12.178,ipv4,imap-attack,high,WHITE,blocklist.de/imap|blocklist.de/all|blocklist.de/mail|ziyadnz/hourly-ipv4,blocklist.de|imap|pop3|brute-force|spam|mail|ziyadnz|hourly,2026-08-17T18:48:05Z,2026-08-17T18:48:05Z,
182.95.123.50,ipv4,imap-attack,high,WHITE,blocklist.de/imap|blocklist.de/all|blocklist.de/mail|ziyadnz/hourly-ipv4,blocklist.de|imap|pop3|brute-force|spam|mail|ziyadnz|hourly,2026-08-17T18:48:05Z,2026-08-17T18:48:05Z,
182.95.150.106,ipv4,imap-attack,high,WHITE,blocklist.de/imap|blocklist.de/all|blocklist.de/mail|ziyadnz/hourly-ipv4,blocklist.de|imap|pop3|brute-force|spam|mail|ziyadnz|hourly,2026-08-17T18:48:05Z,2026-08-17T18:48:05Z,
182.95.176.122,ipv4,imap-attack,high,WHITE,blocklist.de/imap|blocklist.de/all|blocklist.de/mail|ziyadnz/hourly-ipv4,blocklist.de|imap|pop3|brute-force|spam|mail|ziyadnz|hourly,2026-08-17T18:48:05Z,2026-08-17T18:48:05Z,
182.95.178.154,ipv4,imap-attack,high,WHITE,blocklist.de/imap|blocklist.de/all|blocklist.de/mail|ziyadnz/hourly-ipv4,blocklist.de|imap|pop3|brute-force|spam|mail|ziyadnz|hourly,2026-08-17T18:48:05Z,2026-08-17T18:48:05Z,
182.95.178.174,ipv4,imap-attack,high,WHITE,blocklist.de/imap|blocklist.de/all|blocklist.de/mail|ziyadnz/hourly-ipv4,blocklist.de|imap|pop3|brute-force|spam|mail|ziyadnz|hourly,2026-08-17T18:48:05Z,2026-08-17T18:48:05Z,
182.95.181.26,ipv4,imap-attack,high,WHITE,blocklist.de/imap|blocklist.de/all|blocklist.de/mail|ziyadnz/hourly-ipv4,blocklist.de|imap|pop3|brute-force|spam|mail|ziyadnz|hourly,2026-08-17T18:48:05Z,2026-08-17T18:48:05Z,
182.95.181.50,ipv4,imap-attack,high,WHITE,blocklist.de/imap|blocklist.de/all|blocklist.de/mail|ziyadnz/hourly-ipv4,blocklist.de|imap|pop3|brute-force|spam|mail|ziyadnz|hourly,2026-08-17T18:48:05Z,2026-08-17T18:48:05Z,
182.95.182.138,ipv4,imap-attack,high,WHITE,blocklist.de/imap|blocklist.de/all|blocklist.de/mail|ziyadnz/hourly-ipv4,blocklist.de|imap|pop3|brute-force|spam|mail|ziyadnz|hourly,2026-08-17T18:48:05Z,2026-08-17T18:48:05Z,
182.95.185.14,ipv4,imap-attack,high,WHITE,blocklist.de/imap|blocklist.de/all|blocklist.de/mail|ziyadnz/hourly-ipv4,blocklist.de|imap|pop3|brute-force|spam|mail|ziyadnz|hourly,2026-08-17T18:48:05Z,2026-08-17T18:48:05Z,
182.95.217.202,ipv4,imap-attack,high,WHITE,blocklist.de/imap|blocklist.de/all|blocklist.de/mail|ziyadnz/hourly-ipv4,blocklist.de|imap|pop3|brute-force|spam|mail|ziyadnz|hourly,2026-08-17T18:48:05Z,2026-08-17T18:48:05Z,
182.95.226.138,ipv4,imap-attack,high,WHITE,blocklist.de/imap|blocklist.de/all|blocklist.de/mail|ziyadnz/hourly-ipv4,blocklist.de|imap|pop3|brute-force|spam|mail|ziyadnz|hourly,2026-08-17T18:48:05Z,2026-08-17T18:48:05Z,
182.95.228.106,ipv4,imap-attack,high,WHITE,blocklist.de/imap|blocklist.de/all|blocklist.de/mail|ziyadnz/hourly-ipv4,blocklist.de|imap|pop3|brute-force|spam|mail|ziyadnz|hourly,2026-08-17T18:48:05Z,2026-08-17T18:48:05Z,
182.95.229.110,ipv4,imap-attack,high,WHITE,blocklist.de/imap|blocklist.de/all|blocklist.de/mail|ziyadnz/hourly-ipv4,blocklist.de|imap|pop3|brute-force|spam|mail|ziyadnz|hourly,2026-08-17T18:48:05Z,2026-08-17T18:48:05Z,
182.95.230.74,ipv4,imap-attack,high,WHITE,blocklist.de/imap|blocklist.de/all|blocklist.de/mail|ziyadnz/hourly-ipv4,blocklist.de|imap|pop3|brute-force|spam|mail|ziyadnz|hourly,2026-08-17T18:48:05Z,2026-08-17T18:48:05Z,
182.95.49.82,ipv4,imap-attack,high,WHITE,blocklist.de/imap|blocklist.de/all|blocklist.de/mail|ziyadnz/hourly-ipv4,blocklist.de|imap|pop3|brute-force|spam|mail|ziyadnz|hourly,2026-08-17T18:48:05Z,2026-08-17T18:48:05Z,
182.95.63.126,ipv4,imap-attack,high,WHITE,blocklist.de/imap|blocklist.de/all|blocklist.de/mail|ziyadnz/hourly-ipv4,blocklist.de|imap|pop3|brute-force|spam|mail|ziyadnz|hourly,2026-08-17T18:48:05Z,2026-08-17T18:48:05Z,
183.103.216.254,ipv4,imap-attack,high,WHITE,blocklist.de/imap|blocklist.de/all|blocklist.de/mail|ziyadnz/hourly-ipv4,blocklist.de|imap|pop3|brute-force|spam|mail|ziyadnz|hourly,2026-08-17T18:48:05Z,2026-08-17T18:48:05Z,
183.104.220.84,ipv4,imap-attack,high,WHITE,blocklist.de/imap|blocklist.de/all|blocklist.de/mail|ziyadnz/hourly-ipv4,blocklist.de|imap|pop3|brute-force|spam|mail|ziyadnz|hourly,2026-08-17T18:48:05Z,2026-08-17T18:48:05Z,
183.104.242.82,ipv4,imap-attack,high,WHITE,blocklist.de/imap|blocklist.de/all|blocklist.de/mail|ziyadnz/hourly-ipv4,blocklist.de|imap|pop3|brute-force|spam|mail|ziyadnz|hourly,2026-08-17T18:48:05Z,2026-08-17T18:48:05Z,
183.104.70.23,ipv4,imap-attack,high,WHITE,blocklist.de/imap|blocklist.de/all|blocklist.de/mail|ziyadnz/hourly-ipv4,blocklist.de|imap|pop3|brute-force|spam|mail|ziyadnz|hourly,2026-08-17T18:48:05Z,2026-08-17T18:48:05Z,
183.107.76.127,ipv4,imap-attack,high,WHITE,blocklist.de/imap|blocklist.de/all|blocklist.de/mail|ziyadnz/hourly-ipv4,blocklist.de|imap|pop3|brute-force|spam|mail|ziyadnz|hourly,2026-08-17T18:48:05Z,2026-08-17T18:48:05Z,
183.108.181.203,ipv4,imap-attack,high,WHITE,blocklist.de/imap|blocklist.de/all|blocklist.de/mail|ziyadnz/hourly-ipv4,blocklist.de|imap|pop3|brute-force|spam|mail|ziyadnz|hourly,2026-08-17T18:48:05Z,2026-08-17T18:48:05Z,
183.108.66.12,ipv4,imap-attack,high,WHITE,blocklist.de/imap|blocklist.de/all|blocklist.de/mail|ziyadnz/hourly-ipv4,blocklist.de|imap|pop3|brute-force|spam|mail|ziyadnz|hourly,2026-08-17T18:48:05Z,2026-08-17T18:48:05Z,
183.108.66.135,ipv4,imap-attack,high,WHITE,blocklist.de/imap|blocklist.de/all|blocklist.de/mail|ziyadnz/hourly-ipv4,blocklist.de|imap|pop3|brute-force|spam|mail|ziyadnz|hourly,2026-08-17T18:48:05Z,2026-08-17T18:48:05Z,
183.108.66.186,ipv4,imap-attack,high,WHITE,blocklist.de/imap|blocklist.de/all|blocklist.de/mail|ziyadnz/hourly-ipv4,blocklist.de|imap|pop3|brute-force|spam|mail|ziyadnz|hourly,2026-08-17T18:48:05Z,2026-08-17T18:48:05Z,
183.108.66.201,ipv4,imap-attack,high,WHITE,blocklist.de/imap|blocklist.de/all|blocklist.de/mail|ziyadnz/hourly-ipv4,blocklist.de|imap|pop3|brute-force|spam|mail|ziyadnz|hourly,2026-08-17T18:48:05Z,2026-08-17T18:48:05Z,
183.108.66.43,ipv4,imap-attack,high,WHITE,blocklist.de/imap|blocklist.de/all|blocklist.de/mail|ziyadnz/hourly-ipv4,blocklist.de|imap|pop3|brute-force|spam|mail|ziyadnz|hourly,2026-08-17T18:48:05Z,2026-08-17T18:48:05Z,
183.171.41.110,ipv4,imap-attack,high,WHITE,blocklist.de/imap|blocklist.de/all|blocklist.de/mail|ziyadnz/hourly-ipv4,blocklist.de|imap|pop3|brute-force|spam|mail|ziyadnz|hourly,2026-08-17T18:48:05Z,2026-08-17T18:48:05Z,
183.171.41.197,ipv4,imap-attack,high,WHITE,blocklist.de/imap|blocklist.de/all|blocklist.de/mail|ziyadnz/hourly-ipv4,blocklist.de|imap|pop3|brute-force|spam|mail|ziyadnz|hourly,2026-08-17T18:48:05Z,2026-08-17T18:48:05Z,
183.171.49.135,ipv4,imap-attack,high,WHITE,blocklist.de/imap|blocklist.de/all|blocklist.de/mail|ziyadnz/hourly-ipv4,blocklist.de|imap|pop3|brute-force|spam|mail|ziyadnz|hourly,2026-08-17T18:48:05Z,2026-08-17T18:48:05Z,
183.171.49.158,ipv4,imap-attack,high,WHITE,blocklist.de/imap|blocklist.de/all|blocklist.de/mail|ziyadnz/hourly-ipv4,blocklist.de|imap|pop3|brute-force|spam|mail|ziyadnz|hourly,2026-08-17T18:48:05Z,2026-08-17T18:48:05Z,
183.171.49.161,ipv4,imap-attack,high,WHITE,blocklist.de/imap|blocklist.de/all|blocklist.de/mail|ziyadnz/hourly-ipv4,blocklist.de|imap|pop3|brute-force|spam|mail|ziyadnz|hourly,2026-08-17T18:48:05Z,2026-08-17T18:48:05Z,
183.171.49.181,ipv4,imap-attack,high,WHITE,blocklist.de/imap|blocklist.de/all|blocklist.de/mail|ziyadnz/hourly-ipv4,blocklist.de|imap|pop3|brute-force|spam|mail|ziyadnz|hourly,2026-08-17T18:48:05Z,2026-08-17T18:48:05Z,
183.171.61.146,ipv4,imap-attack,high,WHITE,blocklist.de/imap|blocklist.de/all|blocklist.de/mail|ziyadnz/hourly-ipv4,blocklist.de|imap|pop3|brute-force|spam|mail|ziyadnz|hourly,2026-08-17T18:48:05Z,2026-08-17T18:48:05Z,
183.171.7.160,ipv4,imap-attack,high,WHITE,blocklist.de/imap|blocklist.de/all|blocklist.de/mail|ziyadnz/hourly-ipv4,blocklist.de|imap|pop3|brute-force|spam|mail|ziyadnz|hourly,2026-08-17T18:48:05Z,2026-08-17T18:48:05Z,
183.179.62.189,ipv4,imap-attack,high,WHITE,blocklist.de/imap|blocklist.de/all|blocklist.de/mail|ziyadnz/hourly-ipv4,blocklist.de|imap|pop3|brute-force|spam|mail|ziyadnz|hourly,2026-08-17T18:48:05Z,2026-08-17T18:48:05Z,
183.182.103.169,ipv4,imap-attack,high,WHITE,blocklist.de/imap|blocklist.de/all|blocklist.de/mail|ziyadnz/hourly-ipv4,blocklist.de|imap|pop3|brute-force|spam|mail|ziyadnz|hourly,2026-08-17T18:48:05Z,2026-08-17T18:48:05Z,
183.195.135.222,ipv4,imap-attack,high,WHITE,blocklist.de/imap|blocklist.de/all|blocklist.de/mail|ziyadnz/hourly-ipv4,blocklist.de|imap|pop3|brute-force|spam|mail|ziyadnz|hourly,2026-08-17T18:48:05Z,2026-08-17T18:48:05Z,
183.207.0.126,ipv4,imap-attack,high,WHITE,blocklist.de/imap|blocklist.de/all|blocklist.de/mail|ziyadnz/hourly-ipv4,blocklist.de|imap|pop3|brute-force|spam|mail|ziyadnz|hourly,2026-08-17T18:48:05Z,2026-08-17T18:48:05Z,
183.215.215.229,ipv4,imap-attack,high,WHITE,blocklist.de/imap|blocklist.de/all|blocklist.de/mail|ziyadnz/hourly-ipv4,blocklist.de|imap|pop3|brute-force|spam|mail|ziyadnz|hourly,2026-08-17T18:48:05Z,2026-08-17T18:48:05Z,
183.223.156.154,ipv4,imap-attack,high,WHITE,blocklist.de/imap|blocklist.de/all|blocklist.de/mail|ziyadnz/hourly-ipv4,blocklist.de|imap|pop3|brute-force|spam|mail|ziyadnz|hourly,2026-08-17T18:48:05Z,2026-08-17T18:48:05Z,
183.223.46.28,ipv4,imap-attack,high,WHITE,blocklist.de/imap|blocklist.de/all|blocklist.de/mail|ziyadnz/hourly-ipv4,blocklist.de|imap|pop3|brute-force|spam|mail|ziyadnz|hourly,2026-08-17T18:48:05Z,2026-08-17T18:48:05Z,
183.237.142.82,ipv4,imap-attack,high,WHITE,blocklist.de/imap|blocklist.de/all|blocklist.de/mail|ziyadnz/hourly-ipv4,blocklist.de|imap|pop3|brute-force|spam|mail|ziyadnz|hourly,2026-08-17T18:48:05Z,2026-08-17T18:48:05Z,
183.239.20.236,ipv4,imap-attack,high,WHITE,blocklist.de/imap|blocklist.de/all|blocklist.de/mail|ziyadnz/hourly-ipv4,blocklist.de|imap|pop3|brute-force|spam|mail|ziyadnz|hourly,2026-08-17T18:48:05Z,2026-08-17T18:48:05Z,
183.241.254.237,ipv4,imap-attack,high,WHITE,blocklist.de/imap|blocklist.de/all|blocklist.de/mail|ziyadnz/hourly-ipv4,blocklist.de|imap|pop3|brute-force|spam|mail|ziyadnz|hourly,2026-08-17T18:48:05Z,2026-08-17T18:48:05Z,
183.251.84.251,ipv4,imap-attack,high,WHITE,blocklist.de/imap|blocklist.de/all|blocklist.de/mail|ziyadnz/hourly-ipv4,blocklist.de|imap|pop3|brute-force|spam|mail|ziyadnz|hourly,2026-08-17T18:48:05Z,2026-08-17T18:48:05Z,
183.47.59.10,ipv4,imap-attack,high,WHITE,blocklist.de/imap|blocklist.de/all|blocklist.de/mail|ziyadnz/hourly-ipv4,blocklist.de|imap|pop3|brute-force|spam|mail|ziyadnz|hourly,2026-08-17T18:48:05Z,2026-08-17T18:48:05Z,
183.6.2.23,ipv4,imap-attack,high,WHITE,blocklist.de/imap|blocklist.de/all|blocklist.de/mail|ziyadnz/hourly-ipv4,blocklist.de|imap|pop3|brute-force|spam|mail|ziyadnz|hourly,2026-08-17T18:48:05Z,2026-08-17T18:48:05Z,
183.71.251.66,ipv4,imap-attack,high,WHITE,blocklist.de/imap|blocklist.de/all|blocklist.de/mail|ziyadnz/hourly-ipv4,blocklist.de|imap|pop3|brute-force|spam|mail|ziyadnz|hourly,2026-08-17T18:48:05Z,2026-08-17T18:48:05Z,
183.96.163.213,ipv4,imap-attack,high,WHITE,blocklist.de/imap|blocklist.de/all|blocklist.de/mail|ziyadnz/hourly-ipv4,blocklist.de|imap|pop3|brute-force|spam|mail|ziyadnz|hourly,2026-08-17T18:48:05Z,2026-08-17T18:48:05Z,
183.96.62.29,ipv4,imap-attack,high,WHITE,blocklist.de/imap|blocklist.de/all|blocklist.de/mail|ziyadnz/hourly-ipv4,blocklist.de|imap|pop3|brute-force|spam|mail|ziyadnz|hourly,2026-08-17T18:48:05Z,2026-08-17T18:48:05Z,
184.151.85.100,ipv4,imap-attack,high,WHITE,blocklist.de/imap|blocklist.de/all|blocklist.de/mail|ziyadnz/hourly-ipv4,blocklist.de|imap|pop3|brute-force|spam|mail|ziyadnz|hourly,2026-08-17T18:48:05Z,2026-08-17T18:48:05Z,
184.170.16.249,ipv4,imap-attack,high,WHITE,blocklist.de/imap|blocklist.de/all|blocklist.de/mail|ziyadnz/hourly-ipv4,blocklist.de|imap|pop3|brute-force|spam|mail|ziyadnz|hourly,2026-08-17T18:48:05Z,2026-08-17T18:48:05Z,
184.186.104.101,ipv4,imap-attack,high,WHITE,blocklist.de/imap|blocklist.de/all|blocklist.de/mail|ziyadnz/hourly-ipv4,blocklist.de|imap|pop3|brute-force|spam|mail|ziyadnz|hourly,2026-08-17T18:48:05Z,2026-08-17T18:48:05Z,
184.186.73.121,ipv4,imap-attack,high,WHITE,blocklist.de/imap|blocklist.de/all|blocklist.de/mail|ziyadnz/hourly-ipv4,blocklist.de|imap|pop3|brute-force|spam|mail|ziyadnz|hourly,2026-08-17T18:48:05Z,2026-08-17T18:48:05Z,
184.186.73.69,ipv4,imap-attack,high,WHITE,blocklist.de/imap|blocklist.de/all|blocklist.de/mail|ziyadnz/hourly-ipv4,blocklist.de|imap|pop3|brute-force|spam|mail|ziyadnz|hourly,2026-08-17T18:48:05Z,2026-08-17T18:48:05Z,
184.186.73.83,ipv4,imap-attack,high,WHITE,blocklist.de/imap|blocklist.de/all|blocklist.de/mail|ziyadnz/hourly-ipv4,blocklist.de|imap|pop3|brute-force|spam|mail|ziyadnz|hourly,2026-08-17T18:48:05Z,2026-08-17T18:48:05Z,
184.57.39.170,ipv4,imap-attack,high,WHITE,blocklist.de/imap|blocklist.de/all|blocklist.de/mail|ziyadnz/hourly-ipv4,blocklist.de|imap|pop3|brute-force|spam|mail|ziyadnz|hourly,2026-08-17T18:48:05Z,2026-08-17T18:48:05Z,
184.97.229.85,ipv4,imap-attack,high,WHITE,blocklist.de/imap|blocklist.de/all|blocklist.de/mail|ziyadnz/hourly-ipv4,blocklist.de|imap|pop3|brute-force|spam|mail|ziyadnz|hourly,2026-08-17T18:48:05Z,2026-08-17T18:48:05Z,
185.105.228.130,ipv4,imap-attack,high,WHITE,blocklist.de/imap|blocklist.de/all|blocklist.de/mail|ziyadnz/hourly-ipv4,blocklist.de|imap|pop3|brute-force|spam|mail|ziyadnz|hourly,2026-08-17T18:48:05Z,2026-08-17T18:48:05Z,
185.111.208.159,ipv4,imap-attack,high,WHITE,blocklist.de/imap|blocklist.de/all|blocklist.de/mail|ziyadnz/hourly-ipv4,blocklist.de|imap|pop3|brute-force|spam|mail|ziyadnz|hourly,2026-08-17T18:48:05Z,2026-08-17T18:48:05Z,
185.112.148.66,ipv4,imap-attack,high,WHITE,blocklist.de/imap|blocklist.de/all|blocklist.de/mail|ziyadnz/hourly-ipv4,blocklist.de|imap|pop3|brute-force|spam|mail|ziyadnz|hourly,2026-08-17T18:48:05Z,2026-08-17T18:48:05Z,
185.120.142.233,ipv4,imap-attack,high,WHITE,blocklist.de/imap|blocklist.de/all|blocklist.de/mail|ziyadnz/hourly-ipv4,blocklist.de|imap|pop3|brute-force|spam|mail|ziyadnz|hourly,2026-08-17T18:48:05Z,2026-08-17T18:48:05Z,
185.124.182.122,ipv4,imap-attack,high,WHITE,blocklist.de/imap|blocklist.de/all|blocklist.de/mail|ziyadnz/hourly-ipv4,blocklist.de|imap|pop3|brute-force|spam|mail|ziyadnz|hourly,2026-08-17T18:48:05Z,2026-08-17T18:48:05Z,
185.124.182.74,ipv4,imap-attack,high,WHITE,blocklist.de/imap|blocklist.de/all|blocklist.de/mail|ziyadnz/hourly-ipv4,blocklist.de|imap|pop3|brute-force|spam|mail|ziyadnz|hourly,2026-08-17T18:48:05Z,2026-08-17T18:48:05Z,
185.125.4.24,ipv4,imap-attack,high,WHITE,blocklist.de/imap|blocklist.de/all|blocklist.de/mail|ziyadnz/hourly-ipv4,blocklist.de|imap|pop3|brute-force|spam|mail|ziyadnz|hourly,2026-08-17T18:48:05Z,2026-08-17T18:48:05Z,
185.125.4.254,ipv4,imap-attack,high,WHITE,blocklist.de/imap|blocklist.de/all|blocklist.de/mail|ziyadnz/hourly-ipv4,blocklist.de|imap|pop3|brute-force|spam|mail|ziyadnz|hourly,2026-08-17T18:48:05Z,2026-08-17T18:48:05Z,
185.125.4.6,ipv4,imap-attack,high,WHITE,blocklist.de/imap|blocklist.de/all|blocklist.de/mail|ziyadnz/hourly-ipv4,blocklist.de|imap|pop3|brute-force|spam|mail|ziyadnz|hourly,2026-08-17T18:48:05Z,2026-08-17T18:48:05Z,
185.129.216.63,ipv4,imap-attack,high,WHITE,blocklist.de/imap|blocklist.de/all|blocklist.de/mail|ziyadnz/hourly-ipv4,blocklist.de|imap|pop3|brute-force|spam|mail|ziyadnz|hourly,2026-08-17T18:48:05Z,2026-08-17T18:48:05Z,
185.131.240.14,ipv4,imap-attack,high,WHITE,blocklist.de/imap|blocklist.de/all|blocklist.de/mail|ziyadnz/hourly-ipv4,blocklist.de|imap|pop3|brute-force|spam|mail|ziyadnz|hourly,2026-08-17T18:48:05Z,2026-08-17T18:48:05Z,
185.134.132.70,ipv4,imap-attack,high,WHITE,blocklist.de/imap|blocklist.de/all|blocklist.de/mail|ziyadnz/hourly-ipv4,blocklist.de|imap|pop3|brute-force|spam|mail|ziyadnz|hourly,2026-08-17T18:48:05Z,2026-08-17T18:48:05Z,
185.138.69.94,ipv4,imap-attack,high,WHITE,blocklist.de/imap|blocklist.de/all|blocklist.de/mail|ziyadnz/hourly-ipv4,blocklist.de|imap|pop3|brute-force|spam|mail|ziyadnz|hourly,2026-08-17T18:48:05Z,2026-08-17T18:48:05Z,
185.144.246.132,ipv4,imap-attack,high,WHITE,blocklist.de/imap|blocklist.de/all|blocklist.de/mail|ziyadnz/hourly-ipv4,blocklist.de|imap|pop3|brute-force|spam|mail|ziyadnz|hourly,2026-08-17T18:48:05Z,2026-08-17T18:48:05Z,
185.144.246.95,ipv4,imap-attack,high,WHITE,blocklist.de/imap|blocklist.de/all|blocklist.de/mail|ziyadnz/hourly-ipv4,blocklist.de|imap|pop3|brute-force|spam|mail|ziyadnz|hourly,2026-08-17T18:48:05Z,2026-08-17T18:48:05Z,
185.145.40.17,ipv4,imap-attack,high,WHITE,blocklist.de/imap|blocklist.de/all|blocklist.de/mail|ziyadnz/hourly-ipv4,blocklist.de|imap|pop3|brute-force|spam|mail|ziyadnz|hourly,2026-08-17T18:48:05Z,2026-08-17T18:48:05Z,
185.145.43.177,ipv4,imap-attack,high,WHITE,blocklist.de/imap|blocklist.de/all|blocklist.de/mail|ziyadnz/hourly-ipv4,blocklist.de|imap|pop3|brute-force|spam|mail|ziyadnz|hourly,2026-08-17T18:48:05Z,2026-08-17T18:48:05Z,
185.145.43.184,ipv4,imap-attack,high,WHITE,blocklist.de/imap|blocklist.de/all|blocklist.de/mail|ziyadnz/hourly-ipv4,blocklist.de|imap|pop3|brute-force|spam|mail|ziyadnz|hourly,2026-08-17T18:48:05Z,2026-08-17T18:48:05Z,
185.15.168.179,ipv4,imap-attack,high,WHITE,blocklist.de/imap|blocklist.de/all|blocklist.de/mail|ziyadnz/hourly-ipv4,blocklist.de|imap|pop3|brute-force|spam|mail|ziyadnz|hourly,2026-08-17T18:48:05Z,2026-08-17T18:48:05Z,
185.15.168.195,ipv4,imap-attack,high,WHITE,blocklist.de/imap|blocklist.de/all|blocklist.de/mail|ziyadnz/hourly-ipv4,blocklist.de|imap|pop3|brute-force|spam|mail|ziyadnz|hourly,2026-08-17T18:48:05Z,2026-08-17T18:48:05Z,
185.15.169.100,ipv4,imap-attack,high,WHITE,blocklist.de/imap|blocklist.de/all|blocklist.de/mail|ziyadnz/hourly-ipv4,blocklist.de|imap|pop3|brute-force|spam|mail|ziyadnz|hourly,2026-08-17T18:48:05Z,2026-08-17T18:48:05Z,
185.15.169.140,ipv4,imap-attack,high,WHITE,blocklist.de/imap|blocklist.de/all|blocklist.de/mail|ziyadnz/hourly-ipv4,blocklist.de|imap|pop3|brute-force|spam|mail|ziyadnz|hourly,2026-08-17T18:48:05Z,2026-08-17T18:48:05Z,
185.15.169.33,ipv4,imap-attack,high,WHITE,blocklist.de/imap|blocklist.de/all|blocklist.de/mail|ziyadnz/hourly-ipv4,blocklist.de|imap|pop3|brute-force|spam|mail|ziyadnz|hourly,2026-08-17T18:48:05Z,2026-08-17T18:48:05Z,
185.15.169.42,ipv4,imap-attack,high,WHITE,blocklist.de/imap|blocklist.de/all|blocklist.de/mail|ziyadnz/hourly-ipv4,blocklist.de|imap|pop3|brute-force|spam|mail|ziyadnz|hourly,2026-08-17T18:48:05Z,2026-08-17T18:48:05Z,
185.15.169.45,ipv4,imap-attack,high,WHITE,blocklist.de/imap|blocklist.de/all|blocklist.de/mail|ziyadnz/hourly-ipv4,blocklist.de|imap|pop3|brute-force|spam|mail|ziyadnz|hourly,2026-08-17T18:48:05Z,2026-08-17T18:48:05Z,
185.15.169.81,ipv4,imap-attack,high,WHITE,blocklist.de/imap|blocklist.de/all|blocklist.de/mail|ziyadnz/hourly-ipv4,blocklist.de|imap|pop3|brute-force|spam|mail|ziyadnz|hourly,2026-08-17T18:48:05Z,2026-08-17T18:48:05Z,
185.15.169.94,ipv4,imap-attack,high,WHITE,blocklist.de/imap|blocklist.de/all|blocklist.de/mail|ziyadnz/hourly-ipv4,blocklist.de|imap|pop3|brute-force|spam|mail|ziyadnz|hourly,2026-08-17T18:48:05Z,2026-08-17T18:48:05Z,
185.15.169.97,ipv4,imap-attack,high,WHITE,blocklist.de/imap|blocklist.de/all|blocklist.de/mail|ziyadnz/hourly-ipv4,blocklist.de|imap|pop3|brute-force|spam|mail|ziyadnz|hourly,2026-08-17T18:48:05Z,2026-08-17T18:48:05Z,
185.15.170.11,ipv4,imap-attack,high,WHITE,blocklist.de/imap|blocklist.de/all|blocklist.de/mail|ziyadnz/hourly-ipv4,blocklist.de|imap|pop3|brute-force|spam|mail|ziyadnz|hourly,2026-08-17T18:48:05Z,2026-08-17T18:48:05Z,
185.15.170.138,ipv4,imap-attack,high,WHITE,blocklist.de/imap|blocklist.de/all|blocklist.de/mail|ziyadnz/hourly-ipv4,blocklist.de|imap|pop3|brute-force|spam|mail|ziyadnz|hourly,2026-08-17T18:48:05Z,2026-08-17T18:48:05Z,
185.15.170.22,ipv4,imap-attack,high,WHITE,blocklist.de/imap|blocklist.de/all|blocklist.de/mail|ziyadnz/hourly-ipv4,blocklist.de|imap|pop3|brute-force|spam|mail|ziyadnz|hourly,2026-08-17T18:48:05Z,2026-08-17T18:48:05Z,
185.15.170.236,ipv4,imap-attack,high,WHITE,blocklist.de/imap|blocklist.de/all|blocklist.de/mail|ziyadnz/hourly-ipv4,blocklist.de|imap|pop3|brute-force|spam|mail|ziyadnz|hourly,2026-08-17T18:48:05Z,2026-08-17T18:48:05Z,
185.15.170.238,ipv4,imap-attack,high,WHITE,blocklist.de/imap|blocklist.de/all|blocklist.de/mail|ziyadnz/hourly-ipv4,blocklist.de|imap|pop3|brute-force|spam|mail|ziyadnz|hourly,2026-08-17T18:48:05Z,2026-08-17T18:48:05Z,
185.15.170.24,ipv4,imap-attack,high,WHITE,blocklist.de/imap|blocklist.de/all|blocklist.de/mail|ziyadnz/hourly-ipv4,blocklist.de|imap|pop3|brute-force|spam|mail|ziyadnz|hourly,2026-08-17T18:48:05Z,2026-08-17T18:48:05Z,
185.15.170.242,ipv4,imap-attack,high,WHITE,blocklist.de/imap|blocklist.de/all|blocklist.de/mail|ziyadnz/hourly-ipv4,blocklist.de|imap|pop3|brute-force|spam|mail|ziyadnz|hourly,2026-08-17T18:48:05Z,2026-08-17T18:48:05Z,
185.15.170.41,ipv4,imap-attack,high,WHITE,blocklist.de/imap|blocklist.de/all|blocklist.de/mail|ziyadnz/hourly-ipv4,blocklist.de|imap|pop3|brute-force|spam|mail|ziyadnz|hourly,2026-08-17T18:48:05Z,2026-08-17T18:48:05Z,
185.15.170.46,ipv4,imap-attack,high,WHITE,blocklist.de/imap|blocklist.de/all|blocklist.de/mail|ziyadnz/hourly-ipv4,blocklist.de|imap|pop3|brute-force|spam|mail|ziyadnz|hourly,2026-08-17T18:48:05Z,2026-08-17T18:48:05Z,
185.15.170.48,ipv4,imap-attack,high,WHITE,blocklist.de/imap|blocklist.de/all|blocklist.de/mail|ziyadnz/hourly-ipv4,blocklist.de|imap|pop3|brute-force|spam|mail|ziyadnz|hourly,2026-08-17T18:48:05Z,2026-08-17T18:48:05Z,
185.15.170.50,ipv4,imap-attack,high,WHITE,blocklist.de/imap|blocklist.de/all|blocklist.de/mail|ziyadnz/hourly-ipv4,blocklist.de|imap|pop3|brute-force|spam|mail|ziyadnz|hourly,2026-08-17T18:48:05Z,2026-08-17T18:48:05Z,
185.15.170.77,ipv4,imap-attack,high,WHITE,blocklist.de/imap|blocklist.de/all|blocklist.de/mail|ziyadnz/hourly-ipv4,blocklist.de|imap|pop3|brute-force|spam|mail|ziyadnz|hourly,2026-08-17T18:48:05Z,2026-08-17T18:48:05Z,
185.15.170.87,ipv4,imap-attack,high,WHITE,blocklist.de/imap|blocklist.de/all|blocklist.de/mail|ziyadnz/hourly-ipv4,blocklist.de|imap|pop3|brute-force|spam|mail|ziyadnz|hourly,2026-08-17T18:48:05Z,2026-08-17T18:48:05Z,
185.15.170.90,ipv4,imap-attack,high,WHITE,blocklist.de/imap|blocklist.de/all|blocklist.de/mail|ziyadnz/hourly-ipv4,blocklist.de|imap|pop3|brute-force|spam|mail|ziyadnz|hourly,2026-08-17T18:48:05Z,2026-08-17T18:48:05Z,
185.15.171.106,ipv4,imap-attack,high,WHITE,blocklist.de/imap|blocklist.de/all|blocklist.de/mail|ziyadnz/hourly-ipv4,blocklist.de|imap|pop3|brute-force|spam|mail|ziyadnz|hourly,2026-08-17T18:48:05Z,2026-08-17T18:48:05Z,
185.15.171.120,ipv4,imap-attack,high,WHITE,blocklist.de/imap|blocklist.de/all|blocklist.de/mail|ziyadnz/hourly-ipv4,blocklist.de|imap|pop3|brute-force|spam|mail|ziyadnz|hourly,2026-08-17T18:48:05Z,2026-08-17T18:48:05Z,
185.15.171.145,ipv4,imap-attack,high,WHITE,blocklist.de/imap|blocklist.de/all|blocklist.de/mail|ziyadnz/hourly-ipv4,blocklist.de|imap|pop3|brute-force|spam|mail|ziyadnz|hourly,2026-08-17T18:48:05Z,2026-08-17T18:48:05Z,
185.15.171.155,ipv4,imap-attack,high,WHITE,blocklist.de/imap|blocklist.de/all|blocklist.de/mail|ziyadnz/hourly-ipv4,blocklist.de|imap|pop3|brute-force|spam|mail|ziyadnz|hourly,2026-08-17T18:48:05Z,2026-08-17T18:48:05Z,
185.15.171.157,ipv4,imap-attack,high,WHITE,blocklist.de/imap|blocklist.de/all|blocklist.de/mail|ziyadnz/hourly-ipv4,blocklist.de|imap|pop3|brute-force|spam|mail|ziyadnz|hourly,2026-08-17T18:48:05Z,2026-08-17T18:48:05Z,
185.15.171.164,ipv4,imap-attack,high,WHITE,blocklist.de/imap|blocklist.de/all|blocklist.de/mail|ziyadnz/hourly-ipv4,blocklist.de|imap|pop3|brute-force|spam|mail|ziyadnz|hourly,2026-08-17T18:48:05Z,2026-08-17T18:48:05Z,
185.15.171.17,ipv4,imap-attack,high,WHITE,blocklist.de/imap|blocklist.de/all|blocklist.de/mail|ziyadnz/hourly-ipv4,blocklist.de|imap|pop3|brute-force|spam|mail|ziyadnz|hourly,2026-08-17T18:48:05Z,2026-08-17T18:48:05Z,
185.15.171.171,ipv4,imap-attack,high,WHITE,blocklist.de/imap|blocklist.de/all|blocklist.de/mail|ziyadnz/hourly-ipv4,blocklist.de|imap|pop3|brute-force|spam|mail|ziyadnz|hourly,2026-08-17T18:48:05Z,2026-08-17T18:48:05Z,
185.15.171.177,ipv4,imap-attack,high,WHITE,blocklist.de/imap|blocklist.de/all|blocklist.de/mail|ziyadnz/hourly-ipv4,blocklist.de|imap|pop3|brute-force|spam|mail|ziyadnz|hourly,2026-08-17T18:48:05Z,2026-08-17T18:48:05Z,
185.15.171.179,ipv4,imap-attack,high,WHITE,blocklist.de/imap|blocklist.de/all|blocklist.de/mail|ziyadnz/hourly-ipv4,blocklist.de|imap|pop3|brute-force|spam|mail|ziyadnz|hourly,2026-08-17T18:48:05Z,2026-08-17T18:48:05Z,
185.15.171.182,ipv4,imap-attack,high,WHITE,blocklist.de/imap|blocklist.de/all|blocklist.de/mail|ziyadnz/hourly-ipv4,blocklist.de|imap|pop3|brute-force|spam|mail|ziyadnz|hourly,2026-08-17T18:48:05Z,2026-08-17T18:48:05Z,
185.15.171.194,ipv4,imap-attack,high,WHITE,blocklist.de/imap|blocklist.de/all|blocklist.de/mail|ziyadnz/hourly-ipv4,blocklist.de|imap|pop3|brute-force|spam|mail|ziyadnz|hourly,2026-08-17T18:48:05Z,2026-08-17T18:48:05Z,
185.15.171.197,ipv4,imap-attack,high,WHITE,blocklist.de/imap|blocklist.de/all|blocklist.de/mail|ziyadnz/hourly-ipv4,blocklist.de|imap|pop3|brute-force|spam|mail|ziyadnz|hourly,2026-08-17T18:48:05Z,2026-08-17T18:48:05Z,
185.15.171.238,ipv4,imap-attack,high,WHITE,blocklist.de/imap|blocklist.de/all|blocklist.de/mail|ziyadnz/hourly-ipv4,blocklist.de|imap|pop3|brute-force|spam|mail|ziyadnz|hourly,2026-08-17T18:48:05Z,2026-08-17T18:48:05Z,
185.15.171.248,ipv4,imap-attack,high,WHITE,blocklist.de/imap|blocklist.de/all|blocklist.de/mail|ziyadnz/hourly-ipv4,blocklist.de|imap|pop3|brute-force|spam|mail|ziyadnz|hourly,2026-08-17T18:48:05Z,2026-08-17T18:48:05Z,
185.15.171.29,ipv4,imap-attack,high,WHITE,blocklist.de/imap|blocklist.de/all|blocklist.de/mail|ziyadnz/hourly-ipv4,blocklist.de|imap|pop3|brute-force|spam|mail|ziyadnz|hourly,2026-08-17T18:48:05Z,2026-08-17T18:48:05Z,
185.15.171.33,ipv4,imap-attack,high,WHITE,blocklist.de/imap|blocklist.de/all|blocklist.de/mail|ziyadnz/hourly-ipv4,blocklist.de|imap|pop3|brute-force|spam|mail|ziyadnz|hourly,2026-08-17T18:48:05Z,2026-08-17T18:48:05Z,
185.15.171.41,ipv4,imap-attack,high,WHITE,blocklist.de/imap|blocklist.de/all|blocklist.de/mail|ziyadnz/hourly-ipv4,blocklist.de|imap|pop3|brute-force|spam|mail|ziyadnz|hourly,2026-08-17T18:48:05Z,2026-08-17T18:48:05Z,
185.15.171.73,ipv4,imap-attack,high,WHITE,blocklist.de/imap|blocklist.de/all|blocklist.de/mail|ziyadnz/hourly-ipv4,blocklist.de|imap|pop3|brute-force|spam|mail|ziyadnz|hourly,2026-08-17T18:48:05Z,2026-08-17T18:48:05Z,
185.15.171.79,ipv4,imap-attack,high,WHITE,blocklist.de/imap|blocklist.de/all|blocklist.de/mail|ziyadnz/hourly-ipv4,blocklist.de|imap|pop3|brute-force|spam|mail|ziyadnz|hourly,2026-08-17T18:48:05Z,2026-08-17T18:48:05Z,
185.15.171.81,ipv4,imap-attack,high,WHITE,blocklist.de/imap|blocklist.de/all|blocklist.de/mail|ziyadnz/hourly-ipv4,blocklist.de|imap|pop3|brute-force|spam|mail|ziyadnz|hourly,2026-08-17T18:48:05Z,2026-08-17T18:48:05Z,
185.15.171.83,ipv4,imap-attack,high,WHITE,blocklist.de/imap|blocklist.de/all|blocklist.de/mail|ziyadnz/hourly-ipv4,blocklist.de|imap|pop3|brute-force|spam|mail|ziyadnz|hourly,2026-08-17T18:48:05Z,2026-08-17T18:48:05Z,
185.15.171.88,ipv4,imap-attack,high,WHITE,blocklist.de/imap|blocklist.de/all|blocklist.de/mail|ziyadnz/hourly-ipv4,blocklist.de|imap|pop3|brute-force|spam|mail|ziyadnz|hourly,2026-08-17T18:48:05Z,2026-08-17T18:48:05Z,
185.15.171.9,ipv4,imap-attack,high,WHITE,blocklist.de/imap|blocklist.de/all|blocklist.de/mail|ziyadnz/hourly-ipv4,blocklist.de|imap|pop3|brute-force|spam|mail|ziyadnz|hourly,2026-08-17T18:48:05Z,2026-08-17T18:48:05Z,
185.15.171.93,ipv4,imap-attack,high,WHITE,blocklist.de/imap|blocklist.de/all|blocklist.de/mail|ziyadnz/hourly-ipv4,blocklist.de|imap|pop3|brute-force|spam|mail|ziyadnz|hourly,2026-08-17T18:48:05Z,2026-08-17T18:48:05Z,
185.15.171.97,ipv4,imap-attack,high,WHITE,blocklist.de/imap|blocklist.de/all|blocklist.de/mail|ziyadnz/hourly-ipv4,blocklist.de|imap|pop3|brute-force|spam|mail|ziyadnz|hourly,2026-08-17T18:48:05Z,2026-08-17T18:48:05Z,
185.15.61.102,ipv4,imap-attack,high,WHITE,blocklist.de/imap|blocklist.de/all|blocklist.de/mail|ziyadnz/hourly-ipv4,blocklist.de|imap|pop3|brute-force|spam|mail|ziyadnz|hourly,2026-08-17T18:48:05Z,2026-08-17T18:48:05Z,
185.156.233.11,ipv4,imap-attack,high,WHITE,blocklist.de/imap|blocklist.de/all|blocklist.de/mail|ziyadnz/hourly-ipv4,blocklist.de|imap|pop3|brute-force|spam|mail|ziyadnz|hourly,2026-08-17T18:48:05Z,2026-08-17T18:48:05Z,
185.156.234.182,ipv4,imap-attack,high,WHITE,blocklist.de/imap|blocklist.de/all|blocklist.de/mail|ziyadnz/hourly-ipv4,blocklist.de|imap|pop3|brute-force|spam|mail|ziyadnz|hourly,2026-08-17T18:48:05Z,2026-08-17T18:48:05Z,
185.157.109.60,ipv4,imap-attack,high,WHITE,blocklist.de/imap|blocklist.de/all|blocklist.de/mail|ziyadnz/hourly-ipv4,blocklist.de|imap|pop3|brute-force|spam|mail|ziyadnz|hourly,2026-08-17T18:48:05Z,2026-08-17T18:48:05Z,
185.157.111.10,ipv4,imap-attack,high,WHITE,blocklist.de/imap|blocklist.de/all|blocklist.de/mail|ziyadnz/hourly-ipv4,blocklist.de|imap|pop3|brute-force|spam|mail|ziyadnz|hourly,2026-08-17T18:48:05Z,2026-08-17T18:48:05Z,
185.160.137.198,ipv4,imap-attack,high,WHITE,blocklist.de/imap|blocklist.de/all|blocklist.de/mail|ziyadnz/hourly-ipv4,blocklist.de|imap|pop3|brute-force|spam|mail|ziyadnz|hourly,2026-08-17T18:48:05Z,2026-08-17T18:48:05Z,
185.161.38.22,ipv4,imap-attack,high,WHITE,blocklist.de/imap|blocklist.de/all|blocklist.de/mail|ziyadnz/hourly-ipv4,blocklist.de|imap|pop3|brute-force|spam|mail|ziyadnz|hourly,2026-08-17T18:48:05Z,2026-08-17T18:48:05Z,
185.169.22.114,ipv4,imap-attack,high,WHITE,blocklist.de/imap|blocklist.de/all|blocklist.de/mail|ziyadnz/hourly-ipv4,blocklist.de|imap|pop3|brute-force|spam|mail|ziyadnz|hourly,2026-08-17T18:48:05Z,2026-08-17T18:48:05Z,
185.169.4.122,ipv4,imap-attack,high,WHITE,blocklist.de/imap|blocklist.de/all|blocklist.de/mail|ziyadnz/hourly-ipv4,blocklist.de|imap|pop3|brute-force|spam|mail|ziyadnz|hourly,2026-08-17T18:48:05Z,2026-08-17T18:48:05Z,
185.169.4.186,ipv4,imap-attack,high,WHITE,blocklist.de/imap|blocklist.de/all|blocklist.de/mail|ziyadnz/hourly-ipv4,blocklist.de|imap|pop3|brute-force|spam|mail|ziyadnz|hourly,2026-08-17T18:48:05Z,2026-08-17T18:48:05Z,
185.17.124.109,ipv4,imap-attack,high,WHITE,blocklist.de/imap|blocklist.de/all|blocklist.de/mail|ziyadnz/hourly-ipv4,blocklist.de|imap|pop3|brute-force|spam|mail|ziyadnz|hourly,2026-08-17T18:48:05Z,2026-08-17T18:48:05Z,
185.17.124.160,ipv4,imap-attack,high,WHITE,blocklist.de/imap|blocklist.de/all|blocklist.de/mail|ziyadnz/hourly-ipv4,blocklist.de|imap|pop3|brute-force|spam|mail|ziyadnz|hourly,2026-08-17T18:48:05Z,2026-08-17T18:48:05Z,
185.17.124.226,ipv4,imap-attack,high,WHITE,blocklist.de/imap|blocklist.de/all|blocklist.de/mail,blocklist.de|imap|pop3|brute-force|spam|mail|ziyadnz|hourly,2026-08-17T18:48:05Z,2026-08-17T18:48:05Z,
185.17.124.64,ipv4,imap-attack,high,WHITE,blocklist.de/imap|blocklist.de/all|blocklist.de/mail|ziyadnz/hourly-ipv4,blocklist.de|imap|pop3|brute-force|spam|mail|ziyadnz|hourly,2026-08-17T18:48:05Z,2026-08-17T18:48:05Z,
185.17.124.70,ipv4,imap-attack,high,WHITE,blocklist.de/imap|blocklist.de/all|blocklist.de/mail|ziyadnz/hourly-ipv4,blocklist.de|imap|pop3|brute-force|spam|mail|ziyadnz|hourly,2026-08-17T18:48:05Z,2026-08-17T18:48:05Z,
185.17.124.72,ipv4,imap-attack,high,WHITE,blocklist.de/imap|blocklist.de/all|blocklist.de/mail|ziyadnz/hourly-ipv4,blocklist.de|imap|pop3|brute-force|spam|mail|ziyadnz|hourly,2026-08-17T18:48:05Z,2026-08-17T18:48:05Z,
185.17.125.106,ipv4,imap-attack,high,WHITE,blocklist.de/imap|blocklist.de/all|blocklist.de/mail|ziyadnz/hourly-ipv4,blocklist.de|imap|pop3|brute-force|spam|mail|ziyadnz|hourly,2026-08-17T18:48:05Z,2026-08-17T18:48:05Z,
185.17.125.107,ipv4,imap-attack,high,WHITE,blocklist.de/imap|blocklist.de/all|blocklist.de/mail|ziyadnz/hourly-ipv4,blocklist.de|imap|pop3|brute-force|spam|mail|ziyadnz|hourly,2026-08-17T18:48:05Z,2026-08-17T18:48:05Z,
185.17.125.109,ipv4,imap-attack,high,WHITE,blocklist.de/imap|blocklist.de/all|blocklist.de/mail|ziyadnz/hourly-ipv4,blocklist.de|imap|pop3|brute-force|spam|mail|ziyadnz|hourly,2026-08-17T18:48:05Z,2026-08-17T18:48:05Z,
185.17.125.112,ipv4,imap-attack,high,WHITE,blocklist.de/imap|blocklist.de/all|blocklist.de/mail|ziyadnz/hourly-ipv4,blocklist.de|imap|pop3|brute-force|spam|mail|ziyadnz|hourly,2026-08-17T18:48:05Z,2026-08-17T18:48:05Z,
185.17.125.136,ipv4,imap-attack,high,WHITE,blocklist.de/imap|blocklist.de/all|blocklist.de/mail|ziyadnz/hourly-ipv4,blocklist.de|imap|pop3|brute-force|spam|mail|ziyadnz|hourly,2026-08-17T18:48:05Z,2026-08-17T18:48:05Z,
185.17.125.173,ipv4,imap-attack,high,WHITE,blocklist.de/imap|blocklist.de/all|blocklist.de/mail|ziyadnz/hourly-ipv4,blocklist.de|imap|pop3|brute-force|spam|mail|ziyadnz|hourly,2026-08-17T18:48:05Z,2026-08-17T18:48:05Z,
185.17.125.182,ipv4,imap-attack,high,WHITE,blocklist.de/imap|blocklist.de/all|blocklist.de/mail|ziyadnz/hourly-ipv4,blocklist.de|imap|pop3|brute-force|spam|mail|ziyadnz|hourly,2026-08-17T18:48:05Z,2026-08-17T18:48:05Z,
185.17.125.189,ipv4,imap-attack,high,WHITE,blocklist.de/imap|blocklist.de/all|blocklist.de/mail|ziyadnz/hourly-ipv4,blocklist.de|imap|pop3|brute-force|spam|mail|ziyadnz|hourly,2026-08-17T18:48:05Z,2026-08-17T18:48:05Z,
185.17.125.215,ipv4,imap-attack,high,WHITE,blocklist.de/imap|blocklist.de/all|blocklist.de/mail|ziyadnz/hourly-ipv4,blocklist.de|imap|pop3|brute-force|spam|mail|ziyadnz|hourly,2026-08-17T18:48:05Z,2026-08-17T18:48:05Z,
185.17.125.51,ipv4,imap-attack,high,WHITE,blocklist.de/imap|blocklist.de/all|blocklist.de/mail|ziyadnz/hourly-ipv4,blocklist.de|imap|pop3|brute-force|spam|mail|ziyadnz|hourly,2026-08-17T18:48:05Z,2026-08-17T18:48:05Z,
185.17.125.58,ipv4,imap-attack,high,WHITE,blocklist.de/imap|blocklist.de/all|blocklist.de/mail|ziyadnz/hourly-ipv4,blocklist.de|imap|pop3|brute-force|spam|mail|ziyadnz|hourly,2026-08-17T18:48:05Z,2026-08-17T18:48:05Z,
185.17.125.62,ipv4,imap-attack,high,WHITE,blocklist.de/imap|blocklist.de/all|blocklist.de/mail|ziyadnz/hourly-ipv4,blocklist.de|imap|pop3|brute-force|spam|mail|ziyadnz|hourly,2026-08-17T18:48:05Z,2026-08-17T18:48:05Z,
185.174.21.219,ipv4,imap-attack,high,WHITE,blocklist.de/imap|blocklist.de/all|blocklist.de/mail|ziyadnz/hourly-ipv4,blocklist.de|imap|pop3|brute-force|spam|mail|ziyadnz|hourly,2026-08-17T18:48:05Z,2026-08-17T18:48:05Z,
185.183.189.125,ipv4,imap-attack,high,WHITE,blocklist.de/imap|blocklist.de/all|blocklist.de/mail|ziyadnz/hourly-ipv4,blocklist.de|imap|pop3|brute-force|spam|mail|ziyadnz|hourly,2026-08-17T18:48:05Z,2026-08-17T18:48:05Z,
185.184.195.135,ipv4,imap-attack,high,WHITE,blocklist.de/imap|blocklist.de/all|blocklist.de/mail|ziyadnz/hourly-ipv4,blocklist.de|imap|pop3|brute-force|spam|mail|ziyadnz|hourly,2026-08-17T18:48:05Z,2026-08-17T18:48:05Z,
185.187.78.173,ipv4,imap-attack,high,WHITE,blocklist.de/imap|blocklist.de/all|blocklist.de/mail|ziyadnz/hourly-ipv4,blocklist.de|imap|pop3|brute-force|spam|mail|ziyadnz|hourly,2026-08-17T18:48:05Z,2026-08-17T18:48:05Z,
185.188.212.143,ipv4,imap-attack,high,WHITE,blocklist.de/imap|blocklist.de/all|blocklist.de/mail|ziyadnz/hourly-ipv4,blocklist.de|imap|pop3|brute-force|spam|mail|ziyadnz|hourly,2026-08-17T18:48:05Z,2026-08-17T18:48:05Z,
185.197.8.100,ipv4,imap-attack,high,WHITE,blocklist.de/imap|blocklist.de/all|blocklist.de/mail|ziyadnz/hourly-ipv4,blocklist.de|imap|pop3|brute-force|spam|mail|ziyadnz|hourly,2026-08-17T18:48:05Z,2026-08-17T18:48:05Z,
185.197.8.103,ipv4,imap-attack,high,WHITE,blocklist.de/imap|blocklist.de/all|blocklist.de/mail|ziyadnz/hourly-ipv4,blocklist.de|imap|pop3|brute-force|spam|mail|ziyadnz|hourly,2026-08-17T18:48:05Z,2026-08-17T18:48:05Z,
185.197.8.110,ipv4,imap-attack,high,WHITE,blocklist.de/imap|blocklist.de/all|blocklist.de/mail|ziyadnz/hourly-ipv4,blocklist.de|imap|pop3|brute-force|spam|mail|ziyadnz|hourly,2026-08-17T18:48:05Z,2026-08-17T18:48:05Z,
185.197.8.115,ipv4,imap-attack,high,WHITE,blocklist.de/imap|blocklist.de/all|blocklist.de/mail|ziyadnz/hourly-ipv4,blocklist.de|imap|pop3|brute-force|spam|mail|ziyadnz|hourly,2026-08-17T18:48:05Z,2026-08-17T18:48:05Z,
185.197.8.119,ipv4,imap-attack,high,WHITE,blocklist.de/imap|blocklist.de/all|blocklist.de/mail|ziyadnz/hourly-ipv4,blocklist.de|imap|pop3|brute-force|spam|mail|ziyadnz|hourly,2026-08-17T18:48:05Z,2026-08-17T18:48:05Z,
185.197.8.128,ipv4,imap-attack,high,WHITE,blocklist.de/imap|blocklist.de/all|blocklist.de/mail|ziyadnz/hourly-ipv4,blocklist.de|imap|pop3|brute-force|spam|mail|ziyadnz|hourly,2026-08-17T18:48:05Z,2026-08-17T18:48:05Z,
185.197.8.134,ipv4,imap-attack,high,WHITE,blocklist.de/imap|blocklist.de/all|blocklist.de/mail|ziyadnz/hourly-ipv4,blocklist.de|imap|pop3|brute-force|spam|mail|ziyadnz|hourly,2026-08-17T18:48:05Z,2026-08-17T18:48:05Z,
185.197.8.143,ipv4,imap-attack,high,WHITE,blocklist.de/imap|blocklist.de/all|blocklist.de/mail|ziyadnz/hourly-ipv4,blocklist.de|imap|pop3|brute-force|spam|mail|ziyadnz|hourly,2026-08-17T18:48:05Z,2026-08-17T18:48:05Z,
185.197.8.152,ipv4,imap-attack,high,WHITE,blocklist.de/imap|blocklist.de/all|blocklist.de/mail|ziyadnz/hourly-ipv4,blocklist.de|imap|pop3|brute-force|spam|mail|ziyadnz|hourly,2026-08-17T18:48:05Z,2026-08-17T18:48:05Z,
185.197.8.161,ipv4,imap-attack,high,WHITE,blocklist.de/imap|blocklist.de/all|blocklist.de/mail|ziyadnz/hourly-ipv4,blocklist.de|imap|pop3|brute-force|spam|mail|ziyadnz|hourly,2026-08-17T18:48:05Z,2026-08-17T18:48:05Z,
185.197.8.162,ipv4,imap-attack,high,WHITE,blocklist.de/imap|blocklist.de/all|blocklist.de/mail|ziyadnz/hourly-ipv4,blocklist.de|imap|pop3|brute-force|spam|mail|ziyadnz|hourly,2026-08-17T18:48:05Z,2026-08-17T18:48:05Z,
185.197.8.167,ipv4,imap-attack,high,WHITE,blocklist.de/imap|blocklist.de/all|blocklist.de/mail|ziyadnz/hourly-ipv4,blocklist.de|imap|pop3|brute-force|spam|mail|ziyadnz|hourly,2026-08-17T18:48:05Z,2026-08-17T18:48:05Z,
185.197.8.182,ipv4,imap-attack,high,WHITE,blocklist.de/imap|blocklist.de/all|blocklist.de/mail|ziyadnz/hourly-ipv4,blocklist.de|imap|pop3|brute-force|spam|mail|ziyadnz|hourly,2026-08-17T18:48:05Z,2026-08-17T18:48:05Z,
185.197.8.197,ipv4,imap-attack,high,WHITE,blocklist.de/imap|blocklist.de/all|blocklist.de/mail|ziyadnz/hourly-ipv4,blocklist.de|imap|pop3|brute-force|spam|mail|ziyadnz|hourly,2026-08-17T18:48:05Z,2026-08-17T18:48:05Z,
185.197.8.201,ipv4,imap-attack,high,WHITE,blocklist.de/imap|blocklist.de/all|blocklist.de/mail|ziyadnz/hourly-ipv4,blocklist.de|imap|pop3|brute-force|spam|mail|ziyadnz|hourly,2026-08-17T18:48:05Z,2026-08-17T18:48:05Z,
185.197.8.226,ipv4,imap-attack,high,WHITE,blocklist.de/imap|blocklist.de/all|blocklist.de/mail|ziyadnz/hourly-ipv4,blocklist.de|imap|pop3|brute-force|spam|mail|ziyadnz|hourly,2026-08-17T18:48:05Z,2026-08-17T18:48:05Z,
185.197.8.71,ipv4,imap-attack,high,WHITE,blocklist.de/imap|blocklist.de/all|blocklist.de/mail|ziyadnz/hourly-ipv4,blocklist.de|imap|pop3|brute-force|spam|mail|ziyadnz|hourly,2026-08-17T18:48:05Z,2026-08-17T18:48:05Z,
185.197.8.88,ipv4,imap-attack,high,WHITE,blocklist.de/imap|blocklist.de/all|blocklist.de/mail|ziyadnz/hourly-ipv4,blocklist.de|imap|pop3|brute-force|spam|mail|ziyadnz|hourly,2026-08-17T18:48:05Z,2026-08-17T18:48:05Z,
185.197.8.93,ipv4,imap-attack,high,WHITE,blocklist.de/imap|blocklist.de/all|blocklist.de/mail|ziyadnz/hourly-ipv4,blocklist.de|imap|pop3|brute-force|spam|mail|ziyadnz|hourly,2026-08-17T18:48:05Z,2026-08-17T18:48:05Z,
185.197.8.96,ipv4,imap-attack,high,WHITE,blocklist.de/imap|blocklist.de/all|blocklist.de/mail|ziyadnz/hourly-ipv4,blocklist.de|imap|pop3|brute-force|spam|mail|ziyadnz|hourly,2026-08-17T18:48:05Z,2026-08-17T18:48:05Z,
185.197.8.98,ipv4,imap-attack,high,WHITE,blocklist.de/imap|blocklist.de/all|blocklist.de/mail|ziyadnz/hourly-ipv4,blocklist.de|imap|pop3|brute-force|spam|mail|ziyadnz|hourly,2026-08-17T18:48:05Z,2026-08-17T18:48:05Z,
185.197.8.99,ipv4,imap-attack,high,WHITE,blocklist.de/imap|blocklist.de/all|blocklist.de/mail|ziyadnz/hourly-ipv4,blocklist.de|imap|pop3|brute-force|spam|mail|ziyadnz|hourly,2026-08-17T18:48:05Z,2026-08-17T18:48:05Z,
185.197.9.114,ipv4,imap-attack,high,WHITE,blocklist.de/imap|blocklist.de/all|blocklist.de/mail|ziyadnz/hourly-ipv4,blocklist.de|imap|pop3|brute-force|spam|mail|ziyadnz|hourly,2026-08-17T18:48:05Z,2026-08-17T18:48:05Z,
185.197.9.121,ipv4,imap-attack,high,WHITE,blocklist.de/imap|blocklist.de/all|blocklist.de/mail|ziyadnz/hourly-ipv4,blocklist.de|imap|pop3|brute-force|spam|mail|ziyadnz|hourly,2026-08-17T18:48:05Z,2026-08-17T18:48:05Z,
185.197.9.144,ipv4,imap-attack,high,WHITE,blocklist.de/imap|blocklist.de/all|blocklist.de/mail|ziyadnz/hourly-ipv4,blocklist.de|imap|pop3|brute-force|spam|mail|ziyadnz|hourly,2026-08-17T18:48:05Z,2026-08-17T18:48:05Z,
185.197.9.160,ipv4,imap-attack,high,WHITE,blocklist.de/imap|blocklist.de/all|blocklist.de/mail|ziyadnz/hourly-ipv4,blocklist.de|imap|pop3|brute-force|spam|mail|ziyadnz|hourly,2026-08-17T18:48:05Z,2026-08-17T18:48:05Z,
185.197.9.163,ipv4,imap-attack,high,WHITE,blocklist.de/imap|blocklist.de/all|blocklist.de/mail|ziyadnz/hourly-ipv4,blocklist.de|imap|pop3|brute-force|spam|mail|ziyadnz|hourly,2026-08-17T18:48:05Z,2026-08-17T18:48:05Z,
185.197.9.201,ipv4,imap-attack,high,WHITE,blocklist.de/imap|blocklist.de/all|blocklist.de/mail|ziyadnz/hourly-ipv4,blocklist.de|imap|pop3|brute-force|spam|mail|ziyadnz|hourly,2026-08-17T18:48:05Z,2026-08-17T18:48:05Z,
185.197.9.243,ipv4,imap-attack,high,WHITE,blocklist.de/imap|blocklist.de/all|blocklist.de/mail|ziyadnz/hourly-ipv4,blocklist.de|imap|pop3|brute-force|spam|mail|ziyadnz|hourly,2026-08-17T18:48:05Z,2026-08-17T18:48:05Z,
185.197.9.248,ipv4,imap-attack,high,WHITE,blocklist.de/imap|blocklist.de/all|blocklist.de/mail|ziyadnz/hourly-ipv4,blocklist.de|imap|pop3|brute-force|spam|mail|ziyadnz|hourly,2026-08-17T18:48:05Z,2026-08-17T18:48:05Z,
185.197.9.249,ipv4,imap-attack,high,WHITE,blocklist.de/imap|blocklist.de/all|blocklist.de/mail|ziyadnz/hourly-ipv4,blocklist.de|imap|pop3|brute-force|spam|mail|ziyadnz|hourly,2026-08-17T18:48:05Z,2026-08-17T18:48:05Z,
185.197.9.32,ipv4,imap-attack,high,WHITE,blocklist.de/imap|blocklist.de/all|blocklist.de/mail|ziyadnz/hourly-ipv4,blocklist.de|imap|pop3|brute-force|spam|mail|ziyadnz|hourly,2026-08-17T18:48:05Z,2026-08-17T18:48:05Z,
185.197.9.42,ipv4,imap-attack,high,WHITE,blocklist.de/imap|blocklist.de/all|blocklist.de/mail|ziyadnz/hourly-ipv4,blocklist.de|imap|pop3|brute-force|spam|mail|ziyadnz|hourly,2026-08-17T18:48:05Z,2026-08-17T18:48:05Z,
185.197.9.46,ipv4,imap-attack,high,WHITE,blocklist.de/imap|blocklist.de/all|blocklist.de/mail|ziyadnz/hourly-ipv4,blocklist.de|imap|pop3|brute-force|spam|mail|ziyadnz|hourly,2026-08-17T18:48:05Z,2026-08-17T18:48:05Z,
185.197.9.56,ipv4,imap-attack,high,WHITE,blocklist.de/imap|blocklist.de/all|blocklist.de/mail|ziyadnz/hourly-ipv4,blocklist.de|imap|pop3|brute-force|spam|mail|ziyadnz|hourly,2026-08-17T18:48:05Z,2026-08-17T18:48:05Z,
185.197.9.61,ipv4,imap-attack,high,WHITE,blocklist.de/imap|blocklist.de/all|blocklist.de/mail|ziyadnz/hourly-ipv4,blocklist.de|imap|pop3|brute-force|spam|mail|ziyadnz|hourly,2026-08-17T18:48:05Z,2026-08-17T18:48:05Z,
185.2.228.48,ipv4,imap-attack,high,WHITE,blocklist.de/imap|blocklist.de/all|blocklist.de/mail|ziyadnz/hourly-ipv4,blocklist.de|imap|pop3|brute-force|spam|mail|ziyadnz|hourly,2026-08-17T18:48:05Z,2026-08-17T18:48:05Z,
185.208.104.85,ipv4,imap-attack,high,WHITE,blocklist.de/imap|blocklist.de/all|blocklist.de/mail|ziyadnz/hourly-ipv4,blocklist.de|imap|pop3|brute-force|spam|mail|ziyadnz|hourly,2026-08-17T18:48:05Z,2026-08-17T18:48:05Z,
185.208.104.86,ipv4,imap-attack,high,WHITE,blocklist.de/imap|blocklist.de/all|blocklist.de/mail|ziyadnz/hourly-ipv4,blocklist.de|imap|pop3|brute-force|spam|mail|ziyadnz|hourly,2026-08-17T18:48:05Z,2026-08-17T18:48:05Z,
185.208.106.110,ipv4,imap-attack,high,WHITE,blocklist.de/imap|blocklist.de/all|blocklist.de/mail|ziyadnz/hourly-ipv4,blocklist.de|imap|pop3|brute-force|spam|mail|ziyadnz|hourly,2026-08-17T18:48:05Z,2026-08-17T18:48:05Z,
185.208.106.149,ipv4,imap-attack,high,WHITE,blocklist.de/imap|blocklist.de/all|blocklist.de/mail|ziyadnz/hourly-ipv4,blocklist.de|imap|pop3|brute-force|spam|mail|ziyadnz|hourly,2026-08-17T18:48:05Z,2026-08-17T18:48:05Z,
185.208.106.153,ipv4,imap-attack,high,WHITE,blocklist.de/imap|blocklist.de/all|blocklist.de/mail|ziyadnz/hourly-ipv4,blocklist.de|imap|pop3|brute-force|spam|mail|ziyadnz|hourly,2026-08-17T18:48:05Z,2026-08-17T18:48:05Z,
185.208.106.186,ipv4,imap-attack,high,WHITE,blocklist.de/imap|blocklist.de/all|blocklist.de/mail|ziyadnz/hourly-ipv4,blocklist.de|imap|pop3|brute-force|spam|mail|ziyadnz|hourly,2026-08-17T18:48:05Z,2026-08-17T18:48:05Z,
185.208.106.190,ipv4,imap-attack,high,WHITE,blocklist.de/imap|blocklist.de/all|blocklist.de/mail|ziyadnz/hourly-ipv4,blocklist.de|imap|pop3|brute-force|spam|mail|ziyadnz|hourly,2026-08-17T18:48:05Z,2026-08-17T18:48:05Z,
185.208.106.50,ipv4,imap-attack,high,WHITE,blocklist.de/imap|blocklist.de/all|blocklist.de/mail|ziyadnz/hourly-ipv4,blocklist.de|imap|pop3|brute-force|spam|mail|ziyadnz|hourly,2026-08-17T18:48:05Z,2026-08-17T18:48:05Z,
185.208.106.92,ipv4,imap-attack,high,WHITE,blocklist.de/imap|blocklist.de/all|blocklist.de/mail|ziyadnz/hourly-ipv4,blocklist.de|imap|pop3|brute-force|spam|mail|ziyadnz|hourly,2026-08-17T18:48:05Z,2026-08-17T18:48:05Z,
185.208.107.152,ipv4,imap-attack,high,WHITE,blocklist.de/imap|blocklist.de/all|blocklist.de/mail|ziyadnz/hourly-ipv4,blocklist.de|imap|pop3|brute-force|spam|mail|ziyadnz|hourly,2026-08-17T18:48:05Z,2026-08-17T18:48:05Z,
185.208.107.34,ipv4,imap-attack,high,WHITE,blocklist.de/imap|blocklist.de/all|blocklist.de/mail|ziyadnz/hourly-ipv4,blocklist.de|imap|pop3|brute-force|spam|mail|ziyadnz|hourly,2026-08-17T18:48:05Z,2026-08-17T18:48:05Z,
185.214.137.32,ipv4,imap-attack,high,WHITE,blocklist.de/imap|blocklist.de/all|blocklist.de/mail|ziyadnz/hourly-ipv4,blocklist.de|imap|pop3|brute-force|spam|mail|ziyadnz|hourly,2026-08-17T18:48:05Z,2026-08-17T18:48:05Z,
185.214.138.12,ipv4,imap-attack,high,WHITE,blocklist.de/imap|blocklist.de/all|blocklist.de/mail|ziyadnz/hourly-ipv4,blocklist.de|imap|pop3|brute-force|spam|mail|ziyadnz|hourly,2026-08-17T18:48:05Z,2026-08-17T18:48:05Z,
185.214.138.30,ipv4,imap-attack,high,WHITE,blocklist.de/imap|blocklist.de/all|blocklist.de/mail|ziyadnz/hourly-ipv4,blocklist.de|imap|pop3|brute-force|spam|mail|ziyadnz|hourly,2026-08-17T18:48:05Z,2026-08-17T18:48:05Z,
185.214.138.79,ipv4,imap-attack,high,WHITE,blocklist.de/imap|blocklist.de/all|blocklist.de/mail|ziyadnz/hourly-ipv4,blocklist.de|imap|pop3|brute-force|spam|mail|ziyadnz|hourly,2026-08-17T18:48:05Z,2026-08-17T18:48:05Z,
185.214.169.10,ipv4,imap-attack,high,WHITE,blocklist.de/imap|blocklist.de/all|blocklist.de/mail|ziyadnz/hourly-ipv4,blocklist.de|imap|pop3|brute-force|spam|mail|ziyadnz|hourly,2026-08-17T18:48:05Z,2026-08-17T18:48:05Z,
185.229.98.44,ipv4,imap-attack,high,WHITE,blocklist.de/imap|blocklist.de/all|blocklist.de/mail|ziyadnz/hourly-ipv4,blocklist.de|imap|pop3|brute-force|spam|mail|ziyadnz|hourly,2026-08-17T18:48:05Z,2026-08-17T18:48:05Z,
185.246.255.183,ipv4,imap-attack,high,WHITE,blocklist.de/imap|blocklist.de/all|blocklist.de/mail|ziyadnz/hourly-ipv4,blocklist.de|imap|pop3|brute-force|spam|mail|ziyadnz|hourly,2026-08-17T18:48:05Z,2026-08-17T18:48:05Z,
185.247.137.108,ipv4,imap-attack,high,WHITE,blocklist.de/imap|blocklist.de/all|blocklist.de/mail|ziyadnz/hourly-ipv4,blocklist.de|imap|pop3|brute-force|spam|mail|ziyadnz|hourly,2026-08-17T18:48:05Z,2026-08-17T18:48:05Z,
185.253.159.121,ipv4,imap-attack,high,WHITE,blocklist.de/imap|blocklist.de/all|blocklist.de/mail|ziyadnz/hourly-ipv4,blocklist.de|imap|pop3|brute-force|spam|mail|ziyadnz|hourly,2026-08-17T18:48:05Z,2026-08-17T18:48:05Z,
185.253.159.81,ipv4,imap-attack,high,WHITE,blocklist.de/imap|blocklist.de/all|blocklist.de/mail|ziyadnz/hourly-ipv4,blocklist.de|imap|pop3|brute-force|spam|mail|ziyadnz|hourly,2026-08-17T18:48:05Z,2026-08-17T18:48:05Z,
185.255.212.10,ipv4,imap-attack,high,WHITE,blocklist.de/imap|blocklist.de/all|blocklist.de/mail,blocklist.de|imap|pop3|brute-force|spam|mail|ziyadnz|hourly,2026-08-17T18:48:05Z,2026-08-17T18:48:05Z,
185.255.212.150,ipv4,imap-attack,high,WHITE,blocklist.de/imap|blocklist.de/all|blocklist.de/mail|ziyadnz/hourly-ipv4,blocklist.de|imap|pop3|brute-force|spam|mail|ziyadnz|hourly,2026-08-17T18:48:05Z,2026-08-17T18:48:05Z,
185.255.212.161,ipv4,imap-attack,high,WHITE,blocklist.de/imap|blocklist.de/all|blocklist.de/mail|ziyadnz/hourly-ipv4,blocklist.de|imap|pop3|brute-force|spam|mail|ziyadnz|hourly,2026-08-17T18:48:05Z,2026-08-17T18:48:05Z,
185.255.212.181,ipv4,imap-attack,high,WHITE,blocklist.de/imap|blocklist.de/all|blocklist.de/mail|ziyadnz/hourly-ipv4,blocklist.de|imap|pop3|brute-force|spam|mail|ziyadnz|hourly,2026-08-17T18:48:05Z,2026-08-17T18:48:05Z,
185.255.212.56,ipv4,imap-attack,high,WHITE,blocklist.de/imap|blocklist.de/all|blocklist.de/mail|ziyadnz/hourly-ipv4,blocklist.de|imap|pop3|brute-force|spam|mail|ziyadnz|hourly,2026-08-17T18:48:05Z,2026-08-17T18:48:05Z,
185.255.212.68,ipv4,imap-attack,high,WHITE,blocklist.de/imap|blocklist.de/all|blocklist.de/mail|ziyadnz/hourly-ipv4,blocklist.de|imap|pop3|brute-force|spam|mail|ziyadnz|hourly,2026-08-17T18:48:05Z,2026-08-17T18:48:05Z,
185.255.212.78,ipv4,imap-attack,high,WHITE,blocklist.de/imap|blocklist.de/all|blocklist.de/mail|ziyadnz/hourly-ipv4,blocklist.de|imap|pop3|brute-force|spam|mail|ziyadnz|hourly,2026-08-17T18:48:05Z,2026-08-17T18:48:05Z,
185.255.215.124,ipv4,imap-attack,high,WHITE,blocklist.de/imap|blocklist.de/all|blocklist.de/mail|ziyadnz/hourly-ipv4,blocklist.de|imap|pop3|brute-force|spam|mail|ziyadnz|hourly,2026-08-17T18:48:05Z,2026-08-17T18:48:05Z,
185.255.215.137,ipv4,imap-attack,high,WHITE,blocklist.de/imap|blocklist.de/all|blocklist.de/mail|ziyadnz/hourly-ipv4,blocklist.de|imap|pop3|brute-force|spam|mail|ziyadnz|hourly,2026-08-17T18:48:05Z,2026-08-17T18:48:05Z,
185.255.215.36,ipv4,imap-attack,high,WHITE,blocklist.de/imap|blocklist.de/all|blocklist.de/mail|ziyadnz/hourly-ipv4,blocklist.de|imap|pop3|brute-force|spam|mail|ziyadnz|hourly,2026-08-17T18:48:05Z,2026-08-17T18:48:05Z,
185.255.215.37,ipv4,imap-attack,high,WHITE,blocklist.de/imap|blocklist.de/all|blocklist.de/mail|ziyadnz/hourly-ipv4,blocklist.de|imap|pop3|brute-force|spam|mail|ziyadnz|hourly,2026-08-17T18:48:05Z,2026-08-17T18:48:05Z,
185.255.215.4,ipv4,imap-attack,high,WHITE,blocklist.de/imap|blocklist.de/all|blocklist.de/mail|ziyadnz/hourly-ipv4,blocklist.de|imap|pop3|brute-force|spam|mail|ziyadnz|hourly,2026-08-17T18:48:05Z,2026-08-17T18:48:05Z,
185.255.215.43,ipv4,imap-attack,high,WHITE,blocklist.de/imap|blocklist.de/all|blocklist.de/mail|ziyadnz/hourly-ipv4,blocklist.de|imap|pop3|brute-force|spam|mail|ziyadnz|hourly,2026-08-17T18:48:05Z,2026-08-17T18:48:05Z,
185.255.215.66,ipv4,imap-attack,high,WHITE,blocklist.de/imap|blocklist.de/all|blocklist.de/mail|ziyadnz/hourly-ipv4,blocklist.de|imap|pop3|brute-force|spam|mail|ziyadnz|hourly,2026-08-17T18:48:05Z,2026-08-17T18:48:05Z,
185.255.215.7,ipv4,imap-attack,high,WHITE,blocklist.de/imap|blocklist.de/all|blocklist.de/mail|ziyadnz/hourly-ipv4,blocklist.de|imap|pop3|brute-force|spam|mail|ziyadnz|hourly,2026-08-17T18:48:05Z,2026-08-17T18:48:05Z,
185.255.215.8,ipv4,imap-attack,high,WHITE,blocklist.de/imap|blocklist.de/all|blocklist.de/mail|ziyadnz/hourly-ipv4,blocklist.de|imap|pop3|brute-force|spam|mail|ziyadnz|hourly,2026-08-17T18:48:05Z,2026-08-17T18:48:05Z,
185.30.113.241,ipv4,imap-attack,high,WHITE,blocklist.de/imap|blocklist.de/all|blocklist.de/mail|ziyadnz/hourly-ipv4,blocklist.de|imap|pop3|brute-force|spam|mail|ziyadnz|hourly,2026-08-17T18:48:05Z,2026-08-17T18:48:05Z,
185.30.144.83,ipv4,imap-attack,high,WHITE,blocklist.de/imap|blocklist.de/all|blocklist.de/mail|ziyadnz/hourly-ipv4,blocklist.de|imap|pop3|brute-force|spam|mail|ziyadnz|hourly,2026-08-17T18:48:05Z,2026-08-17T18:48:05Z,
185.39.67.47,ipv4,imap-attack,high,WHITE,blocklist.de/imap|blocklist.de/all|blocklist.de/mail,blocklist.de|imap|pop3|brute-force|spam|mail|ziyadnz|hourly,2026-08-17T18:48:05Z,2026-08-17T18:48:05Z,
185.40.122.250,ipv4,imap-attack,high,WHITE,blocklist.de/imap|blocklist.de/all|blocklist.de/mail|ziyadnz/hourly-ipv4,blocklist.de|imap|pop3|brute-force|spam|mail|ziyadnz|hourly,2026-08-17T18:48:05Z,2026-08-17T18:48:05Z,
185.40.139.125,ipv4,imap-attack,high,WHITE,blocklist.de/imap|blocklist.de/all|blocklist.de/mail|ziyadnz/hourly-ipv4,blocklist.de|imap|pop3|brute-force|spam|mail|ziyadnz|hourly,2026-08-17T18:48:05Z,2026-08-17T18:48:05Z,
185.43.16.138,ipv4,imap-attack,high,WHITE,blocklist.de/imap|blocklist.de/all|blocklist.de/mail|ziyadnz/hourly-ipv4,blocklist.de|imap|pop3|brute-force|spam|mail|ziyadnz|hourly,2026-08-17T18:48:05Z,2026-08-17T18:48:05Z,
185.47.136.103,ipv4,imap-attack,high,WHITE,blocklist.de/imap|blocklist.de/all|blocklist.de/mail|ziyadnz/hourly-ipv4,blocklist.de|imap|pop3|brute-force|spam|mail|ziyadnz|hourly,2026-08-17T18:48:05Z,2026-08-17T18:48:05Z,
185.47.136.126,ipv4,imap-attack,high,WHITE,blocklist.de/imap|blocklist.de/all|blocklist.de/mail|ziyadnz/hourly-ipv4,blocklist.de|imap|pop3|brute-force|spam|mail|ziyadnz|hourly,2026-08-17T18:48:05Z,2026-08-17T18:48:05Z,
185.47.136.191,ipv4,imap-attack,high,WHITE,blocklist.de/imap|blocklist.de/all|blocklist.de/mail|ziyadnz/hourly-ipv4,blocklist.de|imap|pop3|brute-force|spam|mail|ziyadnz|hourly,2026-08-17T18:48:05Z,2026-08-17T18:48:05Z,
185.47.136.42,ipv4,imap-attack,high,WHITE,blocklist.de/imap|blocklist.de/all|blocklist.de/mail|ziyadnz/hourly-ipv4,blocklist.de|imap|pop3|brute-force|spam|mail|ziyadnz|hourly,2026-08-17T18:48:05Z,2026-08-17T18:48:05Z,
185.47.139.4,ipv4,imap-attack,high,WHITE,blocklist.de/imap|blocklist.de/all|blocklist.de/mail|ziyadnz/hourly-ipv4,blocklist.de|imap|pop3|brute-force|spam|mail|ziyadnz|hourly,2026-08-17T18:48:05Z,2026-08-17T18:48:05Z,
185.49.249.39,ipv4,imap-attack,high,WHITE,blocklist.de/imap|blocklist.de/all|blocklist.de/mail|ziyadnz/hourly-ipv4,blocklist.de|imap|pop3|brute-force|spam|mail|ziyadnz|hourly,2026-08-17T18:48:05Z,2026-08-17T18:48:05Z,
185.66.113.44,ipv4,imap-attack,high,WHITE,blocklist.de/imap|blocklist.de/all|blocklist.de/mail|ziyadnz/hourly-ipv4,blocklist.de|imap|pop3|brute-force|spam|mail|ziyadnz|hourly,2026-08-17T18:48:05Z,2026-08-17T18:48:05Z,
185.68.178.178,ipv4,imap-attack,high,WHITE,blocklist.de/imap|blocklist.de/all|blocklist.de/mail|ziyadnz/hourly-ipv4,blocklist.de|imap|pop3|brute-force|spam|mail|ziyadnz|hourly,2026-08-17T18:48:05Z,2026-08-17T18:48:05Z,
185.68.178.211,ipv4,imap-attack,high,WHITE,blocklist.de/imap|blocklist.de/all|blocklist.de/mail|ziyadnz/hourly-ipv4,blocklist.de|imap|pop3|brute-force|spam|mail|ziyadnz|hourly,2026-08-17T18:48:05Z,2026-08-17T18:48:05Z,
185.68.178.219,ipv4,imap-attack,high,WHITE,blocklist.de/imap|blocklist.de/all|blocklist.de/mail|ziyadnz/hourly-ipv4,blocklist.de|imap|pop3|brute-force|spam|mail|ziyadnz|hourly,2026-08-17T18:48:05Z,2026-08-17T18:48:05Z,
185.74.240.222,ipv4,imap-attack,high,WHITE,blocklist.de/imap|blocklist.de/all|blocklist.de/mail|ziyadnz/hourly-ipv4,blocklist.de|imap|pop3|brute-force|spam|mail|ziyadnz|hourly,2026-08-17T18:48:05Z,2026-08-17T18:48:05Z,
185.74.240.227,ipv4,imap-attack,high,WHITE,blocklist.de/imap|blocklist.de/all|blocklist.de/mail|ziyadnz/hourly-ipv4,blocklist.de|imap|pop3|brute-force|spam|mail|ziyadnz|hourly,2026-08-17T18:48:05Z,2026-08-17T18:48:05Z,
185.74.240.228,ipv4,imap-attack,high,WHITE,blocklist.de/imap|blocklist.de/all|blocklist.de/mail|ziyadnz/hourly-ipv4,blocklist.de|imap|pop3|brute-force|spam|mail|ziyadnz|hourly,2026-08-17T18:48:05Z,2026-08-17T18:48:05Z,
185.74.240.230,ipv4,imap-attack,high,WHITE,blocklist.de/imap|blocklist.de/all|blocklist.de/mail|ziyadnz/hourly-ipv4,blocklist.de|imap|pop3|brute-force|spam|mail|ziyadnz|hourly,2026-08-17T18:48:05Z,2026-08-17T18:48:05Z,
185.74.240.45,ipv4,imap-attack,high,WHITE,blocklist.de/imap|blocklist.de/all|blocklist.de/mail|ziyadnz/hourly-ipv4,blocklist.de|imap|pop3|brute-force|spam|mail|ziyadnz|hourly,2026-08-17T18:48:05Z,2026-08-17T18:48:05Z,
185.74.240.90,ipv4,imap-attack,high,WHITE,blocklist.de/imap|blocklist.de/all|blocklist.de/mail|ziyadnz/hourly-ipv4,blocklist.de|imap|pop3|brute-force|spam|mail|ziyadnz|hourly,2026-08-17T18:48:05Z,2026-08-17T18:48:05Z,
185.77.50.147,ipv4,imap-attack,high,WHITE,blocklist.de/imap|blocklist.de/all|blocklist.de/mail|ziyadnz/hourly-ipv4,blocklist.de|imap|pop3|brute-force|spam|mail|ziyadnz|hourly,2026-08-17T18:48:05Z,2026-08-17T18:48:05Z,
185.77.50.215,ipv4,imap-attack,high,WHITE,blocklist.de/imap|blocklist.de/all|blocklist.de/mail|ziyadnz/hourly-ipv4,blocklist.de|imap|pop3|brute-force|spam|mail|ziyadnz|hourly,2026-08-17T18:48:05Z,2026-08-17T18:48:05Z,
185.77.50.223,ipv4,imap-attack,high,WHITE,blocklist.de/imap|blocklist.de/all|blocklist.de/mail|ziyadnz/hourly-ipv4,blocklist.de|imap|pop3|brute-force|spam|mail|ziyadnz|hourly,2026-08-17T18:48:05Z,2026-08-17T18:48:05Z,
185.77.51.78,ipv4,imap-attack,high,WHITE,blocklist.de/imap|blocklist.de/all|blocklist.de/mail|ziyadnz/hourly-ipv4,blocklist.de|imap|pop3|brute-force|spam|mail|ziyadnz|hourly,2026-08-17T18:48:05Z,2026-08-17T18:48:05Z,
185.87.243.131,ipv4,imap-attack,high,WHITE,blocklist.de/imap|blocklist.de/all|blocklist.de/mail|ziyadnz/hourly-ipv4,blocklist.de|imap|pop3|brute-force|spam|mail|ziyadnz|hourly,2026-08-17T18:48:05Z,2026-08-17T18:48:05Z,
185.93.89.111,ipv4,imap-attack,high,WHITE,blocklist.de/imap|blocklist.de/all|blocklist.de/mail|ziyadnz/hourly-ipv4,blocklist.de|imap|pop3|brute-force|spam|mail|ziyadnz|hourly,2026-08-17T18:48:05Z,2026-08-17T18:48:05Z,
185.93.89.66,ipv4,imap-attack,high,WHITE,blocklist.de/imap|blocklist.de/all|blocklist.de/mail|ziyadnz/hourly-ipv4,blocklist.de|imap|pop3|brute-force|spam|mail|ziyadnz|hourly,2026-08-17T18:48:05Z,2026-08-17T18:48:05Z,
185.96.47.179,ipv4,imap-attack,high,WHITE,blocklist.de/imap|blocklist.de/all|blocklist.de/mail|ziyadnz/hourly-ipv4,blocklist.de|imap|pop3|brute-force|spam|mail|ziyadnz|hourly,2026-08-17T18:48:05Z,2026-08-17T18:48:05Z,
186.1.219.28,ipv4,imap-attack,high,WHITE,blocklist.de/imap|blocklist.de/all|blocklist.de/mail|ziyadnz/hourly-ipv4,blocklist.de|imap|pop3|brute-force|spam|mail|ziyadnz|hourly,2026-08-17T18:48:05Z,2026-08-17T18:48:05Z,
186.1.225.195,ipv4,imap-attack,high,WHITE,blocklist.de/imap|blocklist.de/all|blocklist.de/mail|ziyadnz/hourly-ipv4,blocklist.de|imap|pop3|brute-force|spam|mail|ziyadnz|hourly,2026-08-17T18:48:05Z,2026-08-17T18:48:05Z,
186.103.136.43,ipv4,imap-attack,high,WHITE,blocklist.de/imap|blocklist.de/all|blocklist.de/mail|ziyadnz/hourly-ipv4,blocklist.de|imap|pop3|brute-force|spam|mail|ziyadnz|hourly,2026-08-17T18:48:05Z,2026-08-17T18:48:05Z,
186.121.161.234,ipv4,imap-attack,high,WHITE,blocklist.de/imap|blocklist.de/all|blocklist.de/mail|ziyadnz/hourly-ipv4,blocklist.de|imap|pop3|brute-force|spam|mail|ziyadnz|hourly,2026-08-17T18:48:05Z,2026-08-17T18:48:05Z,
186.145.230.192,ipv4,imap-attack,high,WHITE,blocklist.de/imap|blocklist.de/all|blocklist.de/mail|ziyadnz/hourly-ipv4,blocklist.de|imap|pop3|brute-force|spam|mail|ziyadnz|hourly,2026-08-17T18:48:05Z,2026-08-17T18:48:05Z,
186.148.227.219,ipv4,imap-attack,high,WHITE,blocklist.de/imap|blocklist.de/all|blocklist.de/mail|ziyadnz/hourly-ipv4,blocklist.de|imap|pop3|brute-force|spam|mail|ziyadnz|hourly,2026-08-17T18:48:05Z,2026-08-17T18:48:05Z,
186.151.101.78,ipv4,imap-attack,high,WHITE,blocklist.de/imap|blocklist.de/all|blocklist.de/mail|ziyadnz/hourly-ipv4,blocklist.de|imap|pop3|brute-force|spam|mail|ziyadnz|hourly,2026-08-17T18:48:05Z,2026-08-17T18:48:05Z,
186.151.97.189,ipv4,imap-attack,high,WHITE,blocklist.de/imap|blocklist.de/all|blocklist.de/mail|ziyadnz/hourly-ipv4,blocklist.de|imap|pop3|brute-force|spam|mail|ziyadnz|hourly,2026-08-17T18:48:05Z,2026-08-17T18:48:05Z,
186.159.122.109,ipv4,imap-attack,high,WHITE,blocklist.de/imap|blocklist.de/all|blocklist.de/mail|ziyadnz/hourly-ipv4,blocklist.de|imap|pop3|brute-force|spam|mail|ziyadnz|hourly,2026-08-17T18:48:05Z,2026-08-17T18:48:05Z,
186.159.123.19,ipv4,imap-attack,high,WHITE,blocklist.de/imap|blocklist.de/all|blocklist.de/mail|ziyadnz/hourly-ipv4,blocklist.de|imap|pop3|brute-force|spam|mail|ziyadnz|hourly,2026-08-17T18:48:05Z,2026-08-17T18:48:05Z,
186.159.124.19,ipv4,imap-attack,high,WHITE,blocklist.de/imap|blocklist.de/all|blocklist.de/mail|ziyadnz/hourly-ipv4,blocklist.de|imap|pop3|brute-force|spam|mail|ziyadnz|hourly,2026-08-17T18:48:05Z,2026-08-17T18:48:05Z,
186.159.160.224,ipv4,imap-attack,high,WHITE,blocklist.de/imap|blocklist.de/all|blocklist.de/mail,blocklist.de|imap|pop3|brute-force|spam|mail|ziyadnz|hourly,2026-08-17T18:48:05Z,2026-08-17T18:48:05Z,
186.166.203.35,ipv4,imap-attack,high,WHITE,blocklist.de/imap|blocklist.de/all|blocklist.de/mail|ziyadnz/hourly-ipv4,blocklist.de|imap|pop3|brute-force|spam|mail|ziyadnz|hourly,2026-08-17T18:48:05Z,2026-08-17T18:48:05Z,
186.17.177.233,ipv4,imap-attack,high,WHITE,blocklist.de/imap|blocklist.de/all|blocklist.de/mail|ziyadnz/hourly-ipv4,blocklist.de|imap|pop3|brute-force|spam|mail|ziyadnz|hourly,2026-08-17T18:48:05Z,2026-08-17T18:48:05Z,
186.177.88.60,ipv4,imap-attack,high,WHITE,blocklist.de/imap|blocklist.de/all|blocklist.de/mail|ziyadnz/hourly-ipv4,blocklist.de|imap|pop3|brute-force|spam|mail|ziyadnz|hourly,2026-08-17T18:48:05Z,2026-08-17T18:48:05Z,
186.177.88.81,ipv4,imap-attack,high,WHITE,blocklist.de/imap|blocklist.de/all|blocklist.de/mail|ziyadnz/hourly-ipv4,blocklist.de|imap|pop3|brute-force|spam|mail|ziyadnz|hourly,2026-08-17T18:48:05Z,2026-08-17T18:48:05Z,
186.177.91.55,ipv4,imap-attack,high,WHITE,blocklist.de/imap|blocklist.de/all|blocklist.de/mail|ziyadnz/hourly-ipv4,blocklist.de|imap|pop3|brute-force|spam|mail|ziyadnz|hourly,2026-08-17T18:48:05Z,2026-08-17T18:48:05Z,
186.179.72.115,ipv4,imap-attack,high,WHITE,blocklist.de/imap|blocklist.de/all|blocklist.de/mail|ziyadnz/hourly-ipv4,blocklist.de|imap|pop3|brute-force|spam|mail|ziyadnz|hourly,2026-08-17T18:48:05Z,2026-08-17T18:48:05Z,
186.188.181.14,ipv4,imap-attack,high,WHITE,blocklist.de/imap|blocklist.de/all|blocklist.de/mail|ziyadnz/hourly-ipv4,blocklist.de|imap|pop3|brute-force|spam|mail|ziyadnz|hourly,2026-08-17T18:48:05Z,2026-08-17T18:48:05Z,
186.189.233.72,ipv4,imap-attack,high,WHITE,blocklist.de/imap|blocklist.de/all|blocklist.de/mail|ziyadnz/hourly-ipv4,blocklist.de|imap|pop3|brute-force|spam|mail|ziyadnz|hourly,2026-08-17T18:48:05Z,2026-08-17T18:48:05Z,
186.190.167.196,ipv4,imap-attack,high,WHITE,blocklist.de/imap|blocklist.de/all|blocklist.de/mail|ziyadnz/hourly-ipv4,blocklist.de|imap|pop3|brute-force|spam|mail|ziyadnz|hourly,2026-08-17T18:48:05Z,2026-08-17T18:48:05Z,
186.190.167.200,ipv4,imap-attack,high,WHITE,blocklist.de/imap|blocklist.de/all|blocklist.de/mail|ziyadnz/hourly-ipv4,blocklist.de|imap|pop3|brute-force|spam|mail|ziyadnz|hourly,2026-08-17T18:48:05Z,2026-08-17T18:48:05Z,
186.194.83.221,ipv4,imap-attack,high,WHITE,blocklist.de/imap|blocklist.de/all|blocklist.de/mail|ziyadnz/hourly-ipv4,blocklist.de|imap|pop3|brute-force|spam|mail|ziyadnz|hourly,2026-08-17T18:48:05Z,2026-08-17T18:48:05Z,
186.200.104.66,ipv4,imap-attack,high,WHITE,blocklist.de/imap|blocklist.de/all|blocklist.de/mail|ziyadnz/hourly-ipv4,blocklist.de|imap|pop3|brute-force|spam|mail|ziyadnz|hourly,2026-08-17T18:48:05Z,2026-08-17T18:48:05Z,
186.200.6.38,ipv4,imap-attack,high,WHITE,blocklist.de/imap|blocklist.de/all|blocklist.de/mail|ziyadnz/hourly-ipv4,blocklist.de|imap|pop3|brute-force|spam|mail|ziyadnz|hourly,2026-08-17T18:48:05Z,2026-08-17T18:48:05Z,
186.201.240.42,ipv4,imap-attack,high,WHITE,blocklist.de/imap|blocklist.de/all|blocklist.de/mail|ziyadnz/hourly-ipv4,blocklist.de|imap|pop3|brute-force|spam|mail|ziyadnz|hourly,2026-08-17T18:48:05Z,2026-08-17T18:48:05Z,
186.204.242.179,ipv4,imap-attack,high,WHITE,blocklist.de/imap|blocklist.de/all|blocklist.de/mail|ziyadnz/hourly-ipv4,blocklist.de|imap|pop3|brute-force|spam|mail|ziyadnz|hourly,2026-08-17T18:48:05Z,2026-08-17T18:48:05Z,
186.209.242.242,ipv4,imap-attack,high,WHITE,blocklist.de/imap|blocklist.de/all|blocklist.de/mail|ziyadnz/hourly-ipv4,blocklist.de|imap|pop3|brute-force|spam|mail|ziyadnz|hourly,2026-08-17T18:48:05Z,2026-08-17T18:48:05Z,
186.209.28.49,ipv4,imap-attack,high,WHITE,blocklist.de/imap|blocklist.de/all|blocklist.de/mail|ziyadnz/hourly-ipv4,blocklist.de|imap|pop3|brute-force|spam|mail|ziyadnz|hourly,2026-08-17T18:48:05Z,2026-08-17T18:48:05Z,
186.211.100.92,ipv4,imap-attack,high,WHITE,blocklist.de/imap|blocklist.de/all|blocklist.de/mail|ziyadnz/hourly-ipv4,blocklist.de|imap|pop3|brute-force|spam|mail|ziyadnz|hourly,2026-08-17T18:48:05Z,2026-08-17T18:48:05Z,
186.211.100.93,ipv4,imap-attack,high,WHITE,blocklist.de/imap|blocklist.de/all|blocklist.de/mail|ziyadnz/hourly-ipv4,blocklist.de|imap|pop3|brute-force|spam|mail|ziyadnz|hourly,2026-08-17T18:48:05Z,2026-08-17T18:48:05Z,
186.215.197.13,ipv4,imap-attack,high,WHITE,blocklist.de/imap|blocklist.de/all|blocklist.de/mail|ziyadnz/hourly-ipv4,blocklist.de|imap|pop3|brute-force|spam|mail|ziyadnz|hourly,2026-08-17T18:48:05Z,2026-08-17T18:48:05Z,
186.215.245.175,ipv4,imap-attack,high,WHITE,blocklist.de/imap|blocklist.de/all|blocklist.de/mail|ziyadnz/hourly-ipv4,blocklist.de|imap|pop3|brute-force|spam|mail|ziyadnz|hourly,2026-08-17T18:48:05Z,2026-08-17T18:48:05Z,
186.216.105.41,ipv4,imap-attack,high,WHITE,blocklist.de/imap|blocklist.de/all|blocklist.de/mail|ziyadnz/hourly-ipv4,blocklist.de|imap|pop3|brute-force|spam|mail|ziyadnz|hourly,2026-08-17T18:48:05Z,2026-08-17T18:48:05Z,
186.216.88.104,ipv4,imap-attack,high,WHITE,blocklist.de/imap|blocklist.de/all|blocklist.de/mail|ziyadnz/hourly-ipv4,blocklist.de|imap|pop3|brute-force|spam|mail|ziyadnz|hourly,2026-08-17T18:48:05Z,2026-08-17T18:48:05Z,
186.216.88.150,ipv4,imap-attack,high,WHITE,blocklist.de/imap|blocklist.de/all|blocklist.de/mail|ziyadnz/hourly-ipv4,blocklist.de|imap|pop3|brute-force|spam|mail|ziyadnz|hourly,2026-08-17T18:48:05Z,2026-08-17T18:48:05Z,
186.216.88.58,ipv4,imap-attack,high,WHITE,blocklist.de/imap|blocklist.de/all|blocklist.de/mail|ziyadnz/hourly-ipv4,blocklist.de|imap|pop3|brute-force|spam|mail|ziyadnz|hourly,2026-08-17T18:48:05Z,2026-08-17T18:48:05Z,
186.216.88.66,ipv4,imap-attack,high,WHITE,blocklist.de/imap|blocklist.de/all|blocklist.de/mail|ziyadnz/hourly-ipv4,blocklist.de|imap|pop3|brute-force|spam|mail|ziyadnz|hourly,2026-08-17T18:48:05Z,2026-08-17T18:48:05Z,
186.216.88.88,ipv4,imap-attack,high,WHITE,blocklist.de/imap|blocklist.de/all|blocklist.de/mail|ziyadnz/hourly-ipv4,blocklist.de|imap|pop3|brute-force|spam|mail|ziyadnz|hourly,2026-08-17T18:48:05Z,2026-08-17T18:48:05Z,
186.22.253.181,ipv4,imap-attack,high,WHITE,blocklist.de/imap|blocklist.de/all|blocklist.de/mail|ziyadnz/hourly-ipv4,blocklist.de|imap|pop3|brute-force|spam|mail|ziyadnz|hourly,2026-08-17T18:48:05Z,2026-08-17T18:48:05Z,
186.224.117.142,ipv4,imap-attack,high,WHITE,blocklist.de/imap|blocklist.de/all|blocklist.de/mail|ziyadnz/hourly-ipv4,blocklist.de|imap|pop3|brute-force|spam|mail|ziyadnz|hourly,2026-08-17T18:48:05Z,2026-08-17T18:48:05Z,
186.224.123.170,ipv4,imap-attack,high,WHITE,blocklist.de/imap|blocklist.de/all|blocklist.de/mail|ziyadnz/hourly-ipv4,blocklist.de|imap|pop3|brute-force|spam|mail|ziyadnz|hourly,2026-08-17T18:48:05Z,2026-08-17T18:48:05Z,
186.23.139.153,ipv4,imap-attack,high,WHITE,blocklist.de/imap|blocklist.de/all|blocklist.de/mail|ziyadnz/hourly-ipv4,blocklist.de|imap|pop3|brute-force|spam|mail|ziyadnz|hourly,2026-08-17T18:48:05Z,2026-08-17T18:48:05Z,
186.23.209.47,ipv4,imap-attack,high,WHITE,blocklist.de/imap|blocklist.de/all|blocklist.de/mail|ziyadnz/hourly-ipv4,blocklist.de|imap|pop3|brute-force|spam|mail|ziyadnz|hourly,2026-08-17T18:48:05Z,2026-08-17T18:48:05Z,
186.232.208.6,ipv4,imap-attack,high,WHITE,blocklist.de/imap|blocklist.de/all|blocklist.de/mail|ziyadnz/hourly-ipv4,blocklist.de|imap|pop3|brute-force|spam|mail|ziyadnz|hourly,2026-08-17T18:48:05Z,2026-08-17T18:48:05Z,
186.235.85.142,ipv4,imap-attack,high,WHITE,blocklist.de/imap|blocklist.de/all|blocklist.de/mail|ziyadnz/hourly-ipv4,blocklist.de|imap|pop3|brute-force|spam|mail|ziyadnz|hourly,2026-08-17T18:48:05Z,2026-08-17T18:48:05Z,
186.236.14.171,ipv4,imap-attack,high,WHITE,blocklist.de/imap|blocklist.de/all|blocklist.de/mail|ziyadnz/hourly-ipv4,blocklist.de|imap|pop3|brute-force|spam|mail|ziyadnz|hourly,2026-08-17T18:48:05Z,2026-08-17T18:48:05Z,
186.236.15.67,ipv4,imap-attack,high,WHITE,blocklist.de/imap|blocklist.de/all|blocklist.de/mail|ziyadnz/hourly-ipv4,blocklist.de|imap|pop3|brute-force|spam|mail|ziyadnz|hourly,2026-08-17T18:48:05Z,2026-08-17T18:48:05Z,
186.238.178.6,ipv4,imap-attack,high,WHITE,blocklist.de/imap|blocklist.de/all|blocklist.de/mail|ziyadnz/hourly-ipv4,blocklist.de|imap|pop3|brute-force|spam|mail|ziyadnz|hourly,2026-08-17T18:48:05Z,2026-08-17T18:48:05Z,
186.238.210.226,ipv4,imap-attack,high,WHITE,blocklist.de/imap|blocklist.de/all|blocklist.de/mail|ziyadnz/hourly-ipv4,blocklist.de|imap|pop3|brute-force|spam|mail|ziyadnz|hourly,2026-08-17T18:48:05Z,2026-08-17T18:48:05Z,
186.238.89.142,ipv4,imap-attack,high,WHITE,blocklist.de/imap|blocklist.de/all|blocklist.de/mail|ziyadnz/hourly-ipv4,blocklist.de|imap|pop3|brute-force|spam|mail|ziyadnz|hourly,2026-08-17T18:48:05Z,2026-08-17T18:48:05Z,
186.239.41.102,ipv4,imap-attack,high,WHITE,blocklist.de/imap|blocklist.de/all|blocklist.de/mail|ziyadnz/hourly-ipv4,blocklist.de|imap|pop3|brute-force|spam|mail|ziyadnz|hourly,2026-08-17T18:48:05Z,2026-08-17T18:48:05Z,
186.32.222.14,ipv4,imap-attack,high,WHITE,blocklist.de/imap|blocklist.de/all|blocklist.de/mail|ziyadnz/hourly-ipv4,blocklist.de|imap|pop3|brute-force|spam|mail|ziyadnz|hourly,2026-08-17T18:48:05Z,2026-08-17T18:48:05Z,
186.33.35.204,ipv4,imap-attack,high,WHITE,blocklist.de/imap|blocklist.de/all|blocklist.de/mail|ziyadnz/hourly-ipv4,blocklist.de|imap|pop3|brute-force|spam|mail|ziyadnz|hourly,2026-08-17T18:48:05Z,2026-08-17T18:48:05Z,
186.48.120.196,ipv4,imap-attack,high,WHITE,blocklist.de/imap|blocklist.de/all|blocklist.de/mail|ziyadnz/hourly-ipv4,blocklist.de|imap|pop3|brute-force|spam|mail|ziyadnz|hourly,2026-08-17T18:48:05Z,2026-08-17T18:48:05Z,
186.48.181.233,ipv4,imap-attack,high,WHITE,blocklist.de/imap|blocklist.de/all|blocklist.de/mail|ziyadnz/hourly-ipv4,blocklist.de|imap|pop3|brute-force|spam|mail|ziyadnz|hourly,2026-08-17T18:48:05Z,2026-08-17T18:48:05Z,
186.48.39.43,ipv4,imap-attack,high,WHITE,blocklist.de/imap|blocklist.de/all|blocklist.de/mail|ziyadnz/hourly-ipv4,blocklist.de|imap|pop3|brute-force|spam|mail|ziyadnz|hourly,2026-08-17T18:48:05Z,2026-08-17T18:48:05Z,
186.53.0.242,ipv4,imap-attack,high,WHITE,blocklist.de/imap|blocklist.de/all|blocklist.de/mail|ziyadnz/hourly-ipv4,blocklist.de|imap|pop3|brute-force|spam|mail|ziyadnz|hourly,2026-08-17T18:48:05Z,2026-08-17T18:48:05Z,
186.54.161.124,ipv4,imap-attack,high,WHITE,blocklist.de/imap|blocklist.de/all|blocklist.de/mail|ziyadnz/hourly-ipv4,blocklist.de|imap|pop3|brute-force|spam|mail|ziyadnz|hourly,2026-08-17T18:48:05Z,2026-08-17T18:48:05Z,
186.7.250.198,ipv4,imap-attack,high,WHITE,blocklist.de/imap|blocklist.de/all|blocklist.de/mail|ziyadnz/hourly-ipv4,blocklist.de|imap|pop3|brute-force|spam|mail|ziyadnz|hourly,2026-08-17T18:48:05Z,2026-08-17T18:48:05Z,
186.70.188.139,ipv4,imap-attack,high,WHITE,blocklist.de/imap|blocklist.de/all|blocklist.de/mail|ziyadnz/hourly-ipv4,blocklist.de|imap|pop3|brute-force|spam|mail|ziyadnz|hourly,2026-08-17T18:48:05Z,2026-08-17T18:48:05Z,
186.80.230.116,ipv4,imap-attack,high,WHITE,blocklist.de/imap|blocklist.de/all|blocklist.de/mail|ziyadnz/hourly-ipv4,blocklist.de|imap|pop3|brute-force|spam|mail|ziyadnz|hourly,2026-08-17T18:48:05Z,2026-08-17T18:48:05Z,
186.81.124.0,ipv4,imap-attack,high,WHITE,blocklist.de/imap|blocklist.de/all|blocklist.de/mail|ziyadnz/hourly-ipv4,blocklist.de|imap|pop3|brute-force|spam|mail|ziyadnz|hourly,2026-08-17T18:48:05Z,2026-08-17T18:48:05Z,
186.93.78.31,ipv4,imap-attack,high,WHITE,blocklist.de/imap|blocklist.de/all|blocklist.de/mail|ziyadnz/hourly-ipv4,blocklist.de|imap|pop3|brute-force|spam|mail|ziyadnz|hourly,2026-08-17T18:48:05Z,2026-08-17T18:48:05Z,
186.93.89.37,ipv4,imap-attack,high,WHITE,blocklist.de/imap|blocklist.de/all|blocklist.de/mail|ziyadnz/hourly-ipv4,blocklist.de|imap|pop3|brute-force|spam|mail|ziyadnz|hourly,2026-08-17T18:48:05Z,2026-08-17T18:48:05Z,
186.94.249.246,ipv4,imap-attack,high,WHITE,blocklist.de/imap|blocklist.de/all|blocklist.de/mail|ziyadnz/hourly-ipv4,blocklist.de|imap|pop3|brute-force|spam|mail|ziyadnz|hourly,2026-08-17T18:48:05Z,2026-08-17T18:48:05Z,
186.94.89.25,ipv4,imap-attack,high,WHITE,blocklist.de/imap|blocklist.de/all|blocklist.de/mail|ziyadnz/hourly-ipv4,blocklist.de|imap|pop3|brute-force|spam|mail|ziyadnz|hourly,2026-08-17T18:48:05Z,2026-08-17T18:48:05Z,
186.96.193.156,ipv4,imap-attack,high,WHITE,blocklist.de/imap|blocklist.de/all|blocklist.de/mail|ziyadnz/hourly-ipv4,blocklist.de|imap|pop3|brute-force|spam|mail|ziyadnz|hourly,2026-08-17T18:48:05Z,2026-08-17T18:48:05Z,
186.96.194.131,ipv4,imap-attack,high,WHITE,blocklist.de/imap|blocklist.de/all|blocklist.de/mail|ziyadnz/hourly-ipv4,blocklist.de|imap|pop3|brute-force|spam|mail|ziyadnz|hourly,2026-08-17T18:48:05Z,2026-08-17T18:48:05Z,
186.96.194.174,ipv4,imap-attack,high,WHITE,blocklist.de/imap|blocklist.de/all|blocklist.de/mail|ziyadnz/hourly-ipv4,blocklist.de|imap|pop3|brute-force|spam|mail|ziyadnz|hourly,2026-08-17T18:48:05Z,2026-08-17T18:48:05Z,
186.96.195.7,ipv4,imap-attack,high,WHITE,blocklist.de/imap|blocklist.de/all|blocklist.de/mail|ziyadnz/hourly-ipv4,blocklist.de|imap|pop3|brute-force|spam|mail|ziyadnz|hourly,2026-08-17T18:48:05Z,2026-08-17T18:48:05Z,
186.96.195.97,ipv4,imap-attack,high,WHITE,blocklist.de/imap|blocklist.de/all|blocklist.de/mail|ziyadnz/hourly-ipv4,blocklist.de|imap|pop3|brute-force|spam|mail|ziyadnz|hourly,2026-08-17T18:48:05Z,2026-08-17T18:48:05Z,
186.96.197.197,ipv4,imap-attack,high,WHITE,blocklist.de/imap|blocklist.de/all|blocklist.de/mail|ziyadnz/hourly-ipv4,blocklist.de|imap|pop3|brute-force|spam|mail|ziyadnz|hourly,2026-08-17T18:48:05Z,2026-08-17T18:48:05Z,
186.96.198.191,ipv4,imap-attack,high,WHITE,blocklist.de/imap|blocklist.de/all|blocklist.de/mail|ziyadnz/hourly-ipv4,blocklist.de|imap|pop3|brute-force|spam|mail|ziyadnz|hourly,2026-08-17T18:48:05Z,2026-08-17T18:48:05Z,
186.96.198.193,ipv4,imap-attack,high,WHITE,blocklist.de/imap|blocklist.de/all|blocklist.de/mail|ziyadnz/hourly-ipv4,blocklist.de|imap|pop3|brute-force|spam|mail|ziyadnz|hourly,2026-08-17T18:48:05Z,2026-08-17T18:48:05Z,
186.96.199.132,ipv4,imap-attack,high,WHITE,blocklist.de/imap|blocklist.de/all|blocklist.de/mail|ziyadnz/hourly-ipv4,blocklist.de|imap|pop3|brute-force|spam|mail|ziyadnz|hourly,2026-08-17T18:48:05Z,2026-08-17T18:48:05Z,
186.97.203.162,ipv4,imap-attack,high,WHITE,blocklist.de/imap|blocklist.de/all|blocklist.de/mail|ziyadnz/hourly-ipv4,blocklist.de|imap|pop3|brute-force|spam|mail|ziyadnz|hourly,2026-08-17T18:48:05Z,2026-08-17T18:48:05Z,
187.109.161.175,ipv4,imap-attack,high,WHITE,blocklist.de/imap|blocklist.de/all|blocklist.de/mail|ziyadnz/hourly-ipv4,blocklist.de|imap|pop3|brute-force|spam|mail|ziyadnz|hourly,2026-08-17T18:48:05Z,2026-08-17T18:48:05Z,
187.109.167.141,ipv4,imap-attack,high,WHITE,blocklist.de/imap|blocklist.de/all|blocklist.de/mail|ziyadnz/hourly-ipv4,blocklist.de|imap|pop3|brute-force|spam|mail|ziyadnz|hourly,2026-08-17T18:48:05Z,2026-08-17T18:48:05Z,
187.109.199.187,ipv4,imap-attack,high,WHITE,blocklist.de/imap|blocklist.de/all|blocklist.de/mail|ziyadnz/hourly-ipv4,blocklist.de|imap|pop3|brute-force|spam|mail|ziyadnz|hourly,2026-08-17T18:48:05Z,2026-08-17T18:48:05Z,
187.115.144.103,ipv4,imap-attack,high,WHITE,blocklist.de/imap|blocklist.de/all|blocklist.de/mail|ziyadnz/hourly-ipv4,blocklist.de|imap|pop3|brute-force|spam|mail|ziyadnz|hourly,2026-08-17T18:48:05Z,2026-08-17T18:48:05Z,
187.12.48.70,ipv4,imap-attack,high,WHITE,blocklist.de/imap|blocklist.de/all|blocklist.de/mail|ziyadnz/hourly-ipv4,blocklist.de|imap|pop3|brute-force|spam|mail|ziyadnz|hourly,2026-08-17T18:48:05Z,2026-08-17T18:48:05Z,
187.120.101.225,ipv4,imap-attack,high,WHITE,blocklist.de/imap|blocklist.de/all|blocklist.de/mail|ziyadnz/hourly-ipv4,blocklist.de|imap|pop3|brute-force|spam|mail|ziyadnz|hourly,2026-08-17T18:48:05Z,2026-08-17T18:48:05Z,
187.120.104.181,ipv4,imap-attack,high,WHITE,blocklist.de/imap|blocklist.de/all|blocklist.de/mail|ziyadnz/hourly-ipv4,blocklist.de|imap|pop3|brute-force|spam|mail|ziyadnz|hourly,2026-08-17T18:48:05Z,2026-08-17T18:48:05Z,
187.120.104.199,ipv4,imap-attack,high,WHITE,blocklist.de/imap|blocklist.de/all|blocklist.de/mail|ziyadnz/hourly-ipv4,blocklist.de|imap|pop3|brute-force|spam|mail|ziyadnz|hourly,2026-08-17T18:48:05Z,2026-08-17T18:48:05Z,
187.120.104.209,ipv4,imap-attack,high,WHITE,blocklist.de/imap|blocklist.de/all|blocklist.de/mail|ziyadnz/hourly-ipv4,blocklist.de|imap|pop3|brute-force|spam|mail|ziyadnz|hourly,2026-08-17T18:48:05Z,2026-08-17T18:48:05Z,
187.120.104.29,ipv4,imap-attack,high,WHITE,blocklist.de/imap|blocklist.de/all|blocklist.de/mail|ziyadnz/hourly-ipv4,blocklist.de|imap|pop3|brute-force|spam|mail|ziyadnz|hourly,2026-08-17T18:48:05Z,2026-08-17T18:48:05Z,
187.120.104.59,ipv4,imap-attack,high,WHITE,blocklist.de/imap|blocklist.de/all|blocklist.de/mail|ziyadnz/hourly-ipv4,blocklist.de|imap|pop3|brute-force|spam|mail|ziyadnz|hourly,2026-08-17T18:48:05Z,2026-08-17T18:48:05Z,
187.120.105.185,ipv4,imap-attack,high,WHITE,blocklist.de/imap|blocklist.de/all|blocklist.de/mail|ziyadnz/hourly-ipv4,blocklist.de|imap|pop3|brute-force|spam|mail|ziyadnz|hourly,2026-08-17T18:48:05Z,2026-08-17T18:48:05Z,
187.120.106.129,ipv4,imap-attack,high,WHITE,blocklist.de/imap|blocklist.de/all|blocklist.de/mail|ziyadnz/hourly-ipv4,blocklist.de|imap|pop3|brute-force|spam|mail|ziyadnz|hourly,2026-08-17T18:48:05Z,2026-08-17T18:48:05Z,
187.120.107.14,ipv4,imap-attack,high,WHITE,blocklist.de/imap|blocklist.de/all|blocklist.de/mail|ziyadnz/hourly-ipv4,blocklist.de|imap|pop3|brute-force|spam|mail|ziyadnz|hourly,2026-08-17T18:48:05Z,2026-08-17T18:48:05Z,
187.120.107.227,ipv4,imap-attack,high,WHITE,blocklist.de/imap|blocklist.de/all|blocklist.de/mail|ziyadnz/hourly-ipv4,blocklist.de|imap|pop3|brute-force|spam|mail|ziyadnz|hourly,2026-08-17T18:48:05Z,2026-08-17T18:48:05Z,
187.120.31.180,ipv4,imap-attack,high,WHITE,blocklist.de/imap|blocklist.de/all|blocklist.de/mail|ziyadnz/hourly-ipv4,blocklist.de|imap|pop3|brute-force|spam|mail|ziyadnz|hourly,2026-08-17T18:48:05Z,2026-08-17T18:48:05Z,
187.120.72.114,ipv4,imap-attack,high,WHITE,blocklist.de/imap|blocklist.de/all|blocklist.de/mail|ziyadnz/hourly-ipv4,blocklist.de|imap|pop3|brute-force|spam|mail|ziyadnz|hourly,2026-08-17T18:48:05Z,2026-08-17T18:48:05Z,
187.120.72.124,ipv4,imap-attack,high,WHITE,blocklist.de/imap|blocklist.de/all|blocklist.de/mail|ziyadnz/hourly-ipv4,blocklist.de|imap|pop3|brute-force|spam|mail|ziyadnz|hourly,2026-08-17T18:48:05Z,2026-08-17T18:48:05Z,
187.120.72.139,ipv4,imap-attack,high,WHITE,blocklist.de/imap|blocklist.de/all|blocklist.de/mail|ziyadnz/hourly-ipv4,blocklist.de|imap|pop3|brute-force|spam|mail|ziyadnz|hourly,2026-08-17T18:48:05Z,2026-08-17T18:48:05Z,
187.120.72.163,ipv4,imap-attack,high,WHITE,blocklist.de/imap|blocklist.de/all|blocklist.de/mail|ziyadnz/hourly-ipv4,blocklist.de|imap|pop3|brute-force|spam|mail|ziyadnz|hourly,2026-08-17T18:48:05Z,2026-08-17T18:48:05Z,
187.120.72.188,ipv4,imap-attack,high,WHITE,blocklist.de/imap|blocklist.de/all|blocklist.de/mail|ziyadnz/hourly-ipv4,blocklist.de|imap|pop3|brute-force|spam|mail|ziyadnz|hourly,2026-08-17T18:48:05Z,2026-08-17T18:48:05Z,
187.120.72.202,ipv4,imap-attack,high,WHITE,blocklist.de/imap|blocklist.de/all|blocklist.de/mail|ziyadnz/hourly-ipv4,blocklist.de|imap|pop3|brute-force|spam|mail|ziyadnz|hourly,2026-08-17T18:48:05Z,2026-08-17T18:48:05Z,
187.120.72.58,ipv4,imap-attack,high,WHITE,blocklist.de/imap|blocklist.de/all|blocklist.de/mail|ziyadnz/hourly-ipv4,blocklist.de|imap|pop3|brute-force|spam|mail|ziyadnz|hourly,2026-08-17T18:48:05Z,2026-08-17T18:48:05Z,
187.120.72.80,ipv4,imap-attack,high,WHITE,blocklist.de/imap|blocklist.de/all|blocklist.de/mail|ziyadnz/hourly-ipv4,blocklist.de|imap|pop3|brute-force|spam|mail|ziyadnz|hourly,2026-08-17T18:48:05Z,2026-08-17T18:48:05Z,
187.120.72.88,ipv4,imap-attack,high,WHITE,blocklist.de/imap|blocklist.de/all|blocklist.de/mail|ziyadnz/hourly-ipv4,blocklist.de|imap|pop3|brute-force|spam|mail|ziyadnz|hourly,2026-08-17T18:48:05Z,2026-08-17T18:48:05Z,
187.120.72.90,ipv4,imap-attack,high,WHITE,blocklist.de/imap|blocklist.de/all|blocklist.de/mail|ziyadnz/hourly-ipv4,blocklist.de|imap|pop3|brute-force|spam|mail|ziyadnz|hourly,2026-08-17T18:48:05Z,2026-08-17T18:48:05Z,
187.120.72.97,ipv4,imap-attack,high,WHITE,blocklist.de/imap|blocklist.de/all|blocklist.de/mail|ziyadnz/hourly-ipv4,blocklist.de|imap|pop3|brute-force|spam|mail|ziyadnz|hourly,2026-08-17T18:48:05Z,2026-08-17T18:48:05Z,
187.120.73.111,ipv4,imap-attack,high,WHITE,blocklist.de/imap|blocklist.de/all|blocklist.de/mail|ziyadnz/hourly-ipv4,blocklist.de|imap|pop3|brute-force|spam|mail|ziyadnz|hourly,2026-08-17T18:48:05Z,2026-08-17T18:48:05Z,
187.120.73.129,ipv4,imap-attack,high,WHITE,blocklist.de/imap|blocklist.de/all|blocklist.de/mail|ziyadnz/hourly-ipv4,blocklist.de|imap|pop3|brute-force|spam|mail|ziyadnz|hourly,2026-08-17T18:48:05Z,2026-08-17T18:48:05Z,
187.120.73.134,ipv4,imap-attack,high,WHITE,blocklist.de/imap|blocklist.de/all|blocklist.de/mail|ziyadnz/hourly-ipv4,blocklist.de|imap|pop3|brute-force|spam|mail|ziyadnz|hourly,2026-08-17T18:48:05Z,2026-08-17T18:48:05Z,
187.120.73.147,ipv4,imap-attack,high,WHITE,blocklist.de/imap|blocklist.de/all|blocklist.de/mail|ziyadnz/hourly-ipv4,blocklist.de|imap|pop3|brute-force|spam|mail|ziyadnz|hourly,2026-08-17T18:48:05Z,2026-08-17T18:48:05Z,
187.120.73.224,ipv4,imap-attack,high,WHITE,blocklist.de/imap|blocklist.de/all|blocklist.de/mail|ziyadnz/hourly-ipv4,blocklist.de|imap|pop3|brute-force|spam|mail|ziyadnz|hourly,2026-08-17T18:48:05Z,2026-08-17T18:48:05Z,
187.120.73.226,ipv4,imap-attack,high,WHITE,blocklist.de/imap|blocklist.de/all|blocklist.de/mail|ziyadnz/hourly-ipv4,blocklist.de|imap|pop3|brute-force|spam|mail|ziyadnz|hourly,2026-08-17T18:48:05Z,2026-08-17T18:48:05Z,
187.120.73.83,ipv4,imap-attack,high,WHITE,blocklist.de/imap|blocklist.de/all|blocklist.de/mail|ziyadnz/hourly-ipv4,blocklist.de|imap|pop3|brute-force|spam|mail|ziyadnz|hourly,2026-08-17T18:48:05Z,2026-08-17T18:48:05Z,
187.120.73.91,ipv4,imap-attack,high,WHITE,blocklist.de/imap|blocklist.de/all|blocklist.de/mail|ziyadnz/hourly-ipv4,blocklist.de|imap|pop3|brute-force|spam|mail|ziyadnz|hourly,2026-08-17T18:48:05Z,2026-08-17T18:48:05Z,
187.120.76.189,ipv4,imap-attack,high,WHITE,blocklist.de/imap|blocklist.de/all|blocklist.de/mail|ziyadnz/hourly-ipv4,blocklist.de|imap|pop3|brute-force|spam|mail|ziyadnz|hourly,2026-08-17T18:48:05Z,2026-08-17T18:48:05Z,
187.120.96.130,ipv4,imap-attack,high,WHITE,blocklist.de/imap|blocklist.de/all|blocklist.de/mail|ziyadnz/hourly-ipv4,blocklist.de|imap|pop3|brute-force|spam|mail|ziyadnz|hourly,2026-08-17T18:48:05Z,2026-08-17T18:48:05Z,
187.120.96.132,ipv4,imap-attack,high,WHITE,blocklist.de/imap|blocklist.de/all|blocklist.de/mail|ziyadnz/hourly-ipv4,blocklist.de|imap|pop3|brute-force|spam|mail|ziyadnz|hourly,2026-08-17T18:48:05Z,2026-08-17T18:48:05Z,
187.120.96.174,ipv4,imap-attack,high,WHITE,blocklist.de/imap|blocklist.de/all|blocklist.de/mail|ziyadnz/hourly-ipv4,blocklist.de|imap|pop3|brute-force|spam|mail|ziyadnz|hourly,2026-08-17T18:48:05Z,2026-08-17T18:48:05Z,
187.120.96.236,ipv4,imap-attack,high,WHITE,blocklist.de/imap|blocklist.de/all|blocklist.de/mail|ziyadnz/hourly-ipv4,blocklist.de|imap|pop3|brute-force|spam|mail|ziyadnz|hourly,2026-08-17T18:48:05Z,2026-08-17T18:48:05Z,
187.120.96.242,ipv4,imap-attack,high,WHITE,blocklist.de/imap|blocklist.de/all|blocklist.de/mail|ziyadnz/hourly-ipv4,blocklist.de|imap|pop3|brute-force|spam|mail|ziyadnz|hourly,2026-08-17T18:48:05Z,2026-08-17T18:48:05Z,
187.120.96.243,ipv4,imap-attack,high,WHITE,blocklist.de/imap|blocklist.de/all|blocklist.de/mail|ziyadnz/hourly-ipv4,blocklist.de|imap|pop3|brute-force|spam|mail|ziyadnz|hourly,2026-08-17T18:48:05Z,2026-08-17T18:48:05Z,
187.120.96.67,ipv4,imap-attack,high,WHITE,blocklist.de/imap|blocklist.de/all|blocklist.de/mail|ziyadnz/hourly-ipv4,blocklist.de|imap|pop3|brute-force|spam|mail|ziyadnz|hourly,2026-08-17T18:48:05Z,2026-08-17T18:48:05Z,
187.120.99.236,ipv4,imap-attack,high,WHITE,blocklist.de/imap|blocklist.de/all|blocklist.de/mail|ziyadnz/hourly-ipv4,blocklist.de|imap|pop3|brute-force|spam|mail|ziyadnz|hourly,2026-08-17T18:48:05Z,2026-08-17T18:48:05Z,
187.121.161.22,ipv4,imap-attack,high,WHITE,blocklist.de/imap|blocklist.de/all|blocklist.de/mail|ziyadnz/hourly-ipv4,blocklist.de|imap|pop3|brute-force|spam|mail|ziyadnz|hourly,2026-08-17T18:48:05Z,2026-08-17T18:48:05Z,
187.121.162.218,ipv4,imap-attack,high,WHITE,blocklist.de/imap|blocklist.de/all|blocklist.de/mail|ziyadnz/hourly-ipv4,blocklist.de|imap|pop3|brute-force|spam|mail|ziyadnz|hourly,2026-08-17T18:48:05Z,2026-08-17T18:48:05Z,
187.126.105.42,ipv4,imap-attack,high,WHITE,blocklist.de/imap|blocklist.de/all|blocklist.de/mail|ziyadnz/hourly-ipv4,blocklist.de|imap|pop3|brute-force|spam|mail|ziyadnz|hourly,2026-08-17T18:48:05Z,2026-08-17T18:48:05Z,
187.154.153.249,ipv4,imap-attack,high,WHITE,blocklist.de/imap|blocklist.de/all|blocklist.de/mail|ziyadnz/hourly-ipv4,blocklist.de|imap|pop3|brute-force|spam|mail|ziyadnz|hourly,2026-08-17T18:48:05Z,2026-08-17T18:48:05Z,
187.180.191.231,ipv4,imap-attack,high,WHITE,blocklist.de/imap|blocklist.de/all|blocklist.de/mail|ziyadnz/hourly-ipv4,blocklist.de|imap|pop3|brute-force|spam|mail|ziyadnz|hourly,2026-08-17T18:48:05Z,2026-08-17T18:48:05Z,
187.188.253.55,ipv4,imap-attack,high,WHITE,blocklist.de/imap|blocklist.de/all|blocklist.de/mail|ziyadnz/hourly-ipv4,blocklist.de|imap|pop3|brute-force|spam|mail|ziyadnz|hourly,2026-08-17T18:48:05Z,2026-08-17T18:48:05Z,
187.189.160.198,ipv4,imap-attack,high,WHITE,blocklist.de/imap|blocklist.de/all|blocklist.de/mail|ziyadnz/hourly-ipv4,blocklist.de|imap|pop3|brute-force|spam|mail|ziyadnz|hourly,2026-08-17T18:48:05Z,2026-08-17T18:48:05Z,
187.189.172.104,ipv4,imap-attack,high,WHITE,blocklist.de/imap|blocklist.de/all|blocklist.de/mail|ziyadnz/hourly-ipv4,blocklist.de|imap|pop3|brute-force|spam|mail|ziyadnz|hourly,2026-08-17T18:48:05Z,2026-08-17T18:48:05Z,
187.189.246.127,ipv4,imap-attack,high,WHITE,blocklist.de/imap|blocklist.de/all|blocklist.de/mail|ziyadnz/hourly-ipv4,blocklist.de|imap|pop3|brute-force|spam|mail|ziyadnz|hourly,2026-08-17T18:48:05Z,2026-08-17T18:48:05Z,
187.190.202.74,ipv4,imap-attack,high,WHITE,blocklist.de/imap|blocklist.de/all|blocklist.de/mail|ziyadnz/hourly-ipv4,blocklist.de|imap|pop3|brute-force|spam|mail|ziyadnz|hourly,2026-08-17T18:48:05Z,2026-08-17T18:48:05Z,
187.241.130.130,ipv4,imap-attack,high,WHITE,blocklist.de/imap|blocklist.de/all|blocklist.de/mail|ziyadnz/hourly-ipv4,blocklist.de|imap|pop3|brute-force|spam|mail|ziyadnz|hourly,2026-08-17T18:48:05Z,2026-08-17T18:48:05Z,
187.246.0.174,ipv4,imap-attack,high,WHITE,blocklist.de/imap|blocklist.de/all|blocklist.de/mail|ziyadnz/hourly-ipv4,blocklist.de|imap|pop3|brute-force|spam|mail|ziyadnz|hourly,2026-08-17T18:48:05Z,2026-08-17T18:48:05Z,
187.253.16.37,ipv4,imap-attack,high,WHITE,blocklist.de/imap|blocklist.de/all|blocklist.de/mail|ziyadnz/hourly-ipv4,blocklist.de|imap|pop3|brute-force|spam|mail|ziyadnz|hourly,2026-08-17T18:48:05Z,2026-08-17T18:48:05Z,
187.50.194.182,ipv4,imap-attack,high,WHITE,blocklist.de/imap|blocklist.de/all|blocklist.de/mail|ziyadnz/hourly-ipv4,blocklist.de|imap|pop3|brute-force|spam|mail|ziyadnz|hourly,2026-08-17T18:48:05Z,2026-08-17T18:48:05Z,
187.50.226.182,ipv4,imap-attack,high,WHITE,blocklist.de/imap|blocklist.de/all|blocklist.de/mail|ziyadnz/hourly-ipv4,blocklist.de|imap|pop3|brute-force|spam|mail|ziyadnz|hourly,2026-08-17T18:48:05Z,2026-08-17T18:48:05Z,
187.51.219.26,ipv4,imap-attack,high,WHITE,blocklist.de/imap|blocklist.de/all|blocklist.de/mail|ziyadnz/hourly-ipv4,blocklist.de|imap|pop3|brute-force|spam|mail|ziyadnz|hourly,2026-08-17T18:48:05Z,2026-08-17T18:48:05Z,
187.51.84.86,ipv4,imap-attack,high,WHITE,blocklist.de/imap|blocklist.de/all|blocklist.de/mail|ziyadnz/hourly-ipv4,blocklist.de|imap|pop3|brute-force|spam|mail|ziyadnz|hourly,2026-08-17T18:48:05Z,2026-08-17T18:48:05Z,
187.58.66.231,ipv4,imap-attack,high,WHITE,blocklist.de/imap|blocklist.de/all|blocklist.de/mail|ziyadnz/hourly-ipv4,blocklist.de|imap|pop3|brute-force|spam|mail|ziyadnz|hourly,2026-08-17T18:48:05Z,2026-08-17T18:48:05Z,
187.6.121.246,ipv4,imap-attack,high,WHITE,blocklist.de/imap|blocklist.de/all|blocklist.de/mail|ziyadnz/hourly-ipv4,blocklist.de|imap|pop3|brute-force|spam|mail|ziyadnz|hourly,2026-08-17T18:48:05Z,2026-08-17T18:48:05Z,
187.60.213.225,ipv4,imap-attack,high,WHITE,blocklist.de/imap|blocklist.de/all|blocklist.de/mail|ziyadnz/hourly-ipv4,blocklist.de|imap|pop3|brute-force|spam|mail|ziyadnz|hourly,2026-08-17T18:48:05Z,2026-08-17T18:48:05Z,
187.62.152.100,ipv4,imap-attack,high,WHITE,blocklist.de/imap|blocklist.de/all|blocklist.de/mail|ziyadnz/hourly-ipv4,blocklist.de|imap|pop3|brute-force|spam|mail|ziyadnz|hourly,2026-08-17T18:48:05Z,2026-08-17T18:48:05Z,
187.62.184.217,ipv4,imap-attack,high,WHITE,blocklist.de/imap|blocklist.de/all|blocklist.de/mail|ziyadnz/hourly-ipv4,blocklist.de|imap|pop3|brute-force|spam|mail|ziyadnz|hourly,2026-08-17T18:48:05Z,2026-08-17T18:48:05Z,
187.8.3.230,ipv4,imap-attack,high,WHITE,blocklist.de/imap|blocklist.de/all|blocklist.de/mail|ziyadnz/hourly-ipv4,blocklist.de|imap|pop3|brute-force|spam|mail|ziyadnz|hourly,2026-08-17T18:48:05Z,2026-08-17T18:48:05Z,
187.84.1.99,ipv4,imap-attack,high,WHITE,blocklist.de/imap|blocklist.de/all|blocklist.de/mail|ziyadnz/hourly-ipv4,blocklist.de|imap|pop3|brute-force|spam|mail|ziyadnz|hourly,2026-08-17T18:48:05Z,2026-08-17T18:48:05Z,
187.84.12.101,ipv4,imap-attack,high,WHITE,blocklist.de/imap|blocklist.de/all|blocklist.de/mail|ziyadnz/hourly-ipv4,blocklist.de|imap|pop3|brute-force|spam|mail|ziyadnz|hourly,2026-08-17T18:48:05Z,2026-08-17T18:48:05Z,
187.84.58.115,ipv4,imap-attack,high,WHITE,blocklist.de/imap|blocklist.de/all|blocklist.de/mail|ziyadnz/hourly-ipv4,blocklist.de|imap|pop3|brute-force|spam|mail|ziyadnz|hourly,2026-08-17T18:48:05Z,2026-08-17T18:48:05Z,
187.85.105.233,ipv4,imap-attack,high,WHITE,blocklist.de/imap|blocklist.de/all|blocklist.de/mail|ziyadnz/hourly-ipv4,blocklist.de|imap|pop3|brute-force|spam|mail|ziyadnz|hourly,2026-08-17T18:48:05Z,2026-08-17T18:48:05Z,
187.85.106.175,ipv4,imap-attack,high,WHITE,blocklist.de/imap|blocklist.de/all|blocklist.de/mail|ziyadnz/hourly-ipv4,blocklist.de|imap|pop3|brute-force|spam|mail|ziyadnz|hourly,2026-08-17T18:48:05Z,2026-08-17T18:48:05Z,
187.85.106.73,ipv4,imap-attack,high,WHITE,blocklist.de/imap|blocklist.de/all|blocklist.de/mail|ziyadnz/hourly-ipv4,blocklist.de|imap|pop3|brute-force|spam|mail|ziyadnz|hourly,2026-08-17T18:48:05Z,2026-08-17T18:48:05Z,
187.85.107.198,ipv4,imap-attack,high,WHITE,blocklist.de/imap|blocklist.de/all|blocklist.de/mail|ziyadnz/hourly-ipv4,blocklist.de|imap|pop3|brute-force|spam|mail|ziyadnz|hourly,2026-08-17T18:48:05Z,2026-08-17T18:48:05Z,
187.85.110.155,ipv4,imap-attack,high,WHITE,blocklist.de/imap|blocklist.de/all|blocklist.de/mail|ziyadnz/hourly-ipv4,blocklist.de|imap|pop3|brute-force|spam|mail|ziyadnz|hourly,2026-08-17T18:48:05Z,2026-08-17T18:48:05Z,
187.85.145.202,ipv4,imap-attack,high,WHITE,blocklist.de/imap|blocklist.de/all|blocklist.de/mail,blocklist.de|imap|pop3|brute-force|spam|mail|ziyadnz|hourly,2026-08-17T18:48:05Z,2026-08-17T18:48:05Z,
187.85.152.227,ipv4,imap-attack,high,WHITE,blocklist.de/imap|blocklist.de/all|blocklist.de/mail|ziyadnz/hourly-ipv4,blocklist.de|imap|pop3|brute-force|spam|mail|ziyadnz|hourly,2026-08-17T18:48:05Z,2026-08-17T18:48:05Z,
187.9.247.58,ipv4,imap-attack,high,WHITE,blocklist.de/imap|blocklist.de/all|blocklist.de/mail|ziyadnz/hourly-ipv4,blocklist.de|imap|pop3|brute-force|spam|mail|ziyadnz|hourly,2026-08-17T18:48:05Z,2026-08-17T18:48:05Z,
187.91.164.131,ipv4,imap-attack,high,WHITE,blocklist.de/imap|blocklist.de/all|blocklist.de/mail|ziyadnz/hourly-ipv4,blocklist.de|imap|pop3|brute-force|spam|mail|ziyadnz|hourly,2026-08-17T18:48:05Z,2026-08-17T18:48:05Z,
187.91.166.143,ipv4,imap-attack,high,WHITE,blocklist.de/imap|blocklist.de/all|blocklist.de/mail|ziyadnz/hourly-ipv4,blocklist.de|imap|pop3|brute-force|spam|mail|ziyadnz|hourly,2026-08-17T18:48:05Z,2026-08-17T18:48:05Z,
187.93.202.22,ipv4,imap-attack,high,WHITE,blocklist.de/imap|blocklist.de/all|blocklist.de/mail|ziyadnz/hourly-ipv4,blocklist.de|imap|pop3|brute-force|spam|mail|ziyadnz|hourly,2026-08-17T18:48:05Z,2026-08-17T18:48:05Z,
187.93.51.46,ipv4,imap-attack,high,WHITE,blocklist.de/imap|blocklist.de/all|blocklist.de/mail|ziyadnz/hourly-ipv4,blocklist.de|imap|pop3|brute-force|spam|mail|ziyadnz|hourly,2026-08-17T18:48:05Z,2026-08-17T18:48:05Z,
187.93.68.178,ipv4,imap-attack,high,WHITE,blocklist.de/imap|blocklist.de/all|blocklist.de/mail|ziyadnz/hourly-ipv4,blocklist.de|imap|pop3|brute-force|spam|mail|ziyadnz|hourly,2026-08-17T18:48:05Z,2026-08-17T18:48:05Z,
187.94.24.234,ipv4,imap-attack,high,WHITE,blocklist.de/imap|blocklist.de/all|blocklist.de/mail|ziyadnz/hourly-ipv4,blocklist.de|imap|pop3|brute-force|spam|mail|ziyadnz|hourly,2026-08-17T18:48:05Z,2026-08-17T18:48:05Z,
187.94.29.63,ipv4,imap-attack,high,WHITE,blocklist.de/imap|blocklist.de/all|blocklist.de/mail|ziyadnz/hourly-ipv4,blocklist.de|imap|pop3|brute-force|spam|mail|ziyadnz|hourly,2026-08-17T18:48:05Z,2026-08-17T18:48:05Z,
188.113.123.158,ipv4,imap-attack,high,WHITE,blocklist.de/imap|blocklist.de/all|blocklist.de/mail|ziyadnz/hourly-ipv4,blocklist.de|imap|pop3|brute-force|spam|mail|ziyadnz|hourly,2026-08-17T18:48:05Z,2026-08-17T18:48:05Z,
188.122.37.97,ipv4,imap-attack,high,WHITE,blocklist.de/imap|blocklist.de/all|blocklist.de/mail|ziyadnz/hourly-ipv4,blocklist.de|imap|pop3|brute-force|spam|mail|ziyadnz|hourly,2026-08-17T18:48:05Z,2026-08-17T18:48:05Z,
188.122.39.33,ipv4,imap-attack,high,WHITE,blocklist.de/imap|blocklist.de/all|blocklist.de/mail|ziyadnz/hourly-ipv4,blocklist.de|imap|pop3|brute-force|spam|mail|ziyadnz|hourly,2026-08-17T18:48:05Z,2026-08-17T18:48:05Z,
188.124.234.133,ipv4,imap-attack,high,WHITE,blocklist.de/imap|blocklist.de/all|blocklist.de/mail|ziyadnz/hourly-ipv4,blocklist.de|imap|pop3|brute-force|spam|mail|ziyadnz|hourly,2026-08-17T18:48:05Z,2026-08-17T18:48:05Z,
188.124.68.213,ipv4,imap-attack,high,WHITE,blocklist.de/imap|blocklist.de/all|blocklist.de/mail|ziyadnz/hourly-ipv4,blocklist.de|imap|pop3|brute-force|spam|mail|ziyadnz|hourly,2026-08-17T18:48:05Z,2026-08-17T18:48:05Z,
188.132.206.116,ipv4,imap-attack,high,WHITE,blocklist.de/imap|blocklist.de/all|blocklist.de/mail|ziyadnz/hourly-ipv4,blocklist.de|imap|pop3|brute-force|spam|mail|ziyadnz|hourly,2026-08-17T18:48:05Z,2026-08-17T18:48:05Z,
188.190.214.196,ipv4,imap-attack,high,WHITE,blocklist.de/imap|blocklist.de/all|blocklist.de/mail|ziyadnz/hourly-ipv4,blocklist.de|imap|pop3|brute-force|spam|mail|ziyadnz|hourly,2026-08-17T18:48:05Z,2026-08-17T18:48:05Z,
188.225.227.47,ipv4,imap-attack,high,WHITE,blocklist.de/imap|blocklist.de/all|blocklist.de/mail|ziyadnz/hourly-ipv4,blocklist.de|imap|pop3|brute-force|spam|mail|ziyadnz|hourly,2026-08-17T18:48:05Z,2026-08-17T18:48:05Z,
188.236.122.195,ipv4,imap-attack,high,WHITE,blocklist.de/imap|blocklist.de/all|blocklist.de/mail|ziyadnz/hourly-ipv4,blocklist.de|imap|pop3|brute-force|spam|mail|ziyadnz|hourly,2026-08-17T18:48:05Z,2026-08-17T18:48:05Z,
188.247.54.50,ipv4,imap-attack,high,WHITE,blocklist.de/imap|blocklist.de/all|blocklist.de/mail|ziyadnz/hourly-ipv4,blocklist.de|imap|pop3|brute-force|spam|mail|ziyadnz|hourly,2026-08-17T18:48:05Z,2026-08-17T18:48:05Z,
188.255.252.57,ipv4,imap-attack,high,WHITE,blocklist.de/imap|blocklist.de/all|blocklist.de/mail|ziyadnz/hourly-ipv4,blocklist.de|imap|pop3|brute-force|spam|mail|ziyadnz|hourly,2026-08-17T18:48:05Z,2026-08-17T18:48:05Z,
188.32.104.175,ipv4,imap-attack,high,WHITE,blocklist.de/imap|blocklist.de/all|blocklist.de/mail|ziyadnz/hourly-ipv4,blocklist.de|imap|pop3|brute-force|spam|mail|ziyadnz|hourly,2026-08-17T18:48:05Z,2026-08-17T18:48:05Z,
188.33.146.132,ipv4,imap-attack,high,WHITE,blocklist.de/imap|blocklist.de/all|blocklist.de/mail|ziyadnz/hourly-ipv4,blocklist.de|imap|pop3|brute-force|spam|mail|ziyadnz|hourly,2026-08-17T18:48:05Z,2026-08-17T18:48:05Z,
188.72.56.176,ipv4,imap-attack,high,WHITE,blocklist.de/imap|blocklist.de/all|blocklist.de/mail|ziyadnz/hourly-ipv4,blocklist.de|imap|pop3|brute-force|spam|mail|ziyadnz|hourly,2026-08-17T18:48:05Z,2026-08-17T18:48:05Z,
188.75.149.54,ipv4,imap-attack,high,WHITE,blocklist.de/imap|blocklist.de/all|blocklist.de/mail|ziyadnz/hourly-ipv4,blocklist.de|imap|pop3|brute-force|spam|mail|ziyadnz|hourly,2026-08-17T18:48:05Z,2026-08-17T18:48:05Z,
188.90.80.223,ipv4,imap-attack,high,WHITE,blocklist.de/imap|blocklist.de/all|blocklist.de/mail|ziyadnz/hourly-ipv4,blocklist.de|imap|pop3|brute-force|spam|mail|ziyadnz|hourly,2026-08-17T18:48:05Z,2026-08-17T18:48:05Z,
189.108.215.39,ipv4,imap-attack,high,WHITE,blocklist.de/imap|blocklist.de/all|blocklist.de/mail|ziyadnz/hourly-ipv4,blocklist.de|imap|pop3|brute-force|spam|mail|ziyadnz|hourly,2026-08-17T18:48:05Z,2026-08-17T18:48:05Z,
189.113.185.142,ipv4,imap-attack,high,WHITE,blocklist.de/imap|blocklist.de/all|blocklist.de/mail|ziyadnz/hourly-ipv4,blocklist.de|imap|pop3|brute-force|spam|mail|ziyadnz|hourly,2026-08-17T18:48:05Z,2026-08-17T18:48:05Z,
189.113.54.88,ipv4,imap-attack,high,WHITE,blocklist.de/imap|blocklist.de/all|blocklist.de/mail|ziyadnz/hourly-ipv4,blocklist.de|imap|pop3|brute-force|spam|mail|ziyadnz|hourly,2026-08-17T18:48:05Z,2026-08-17T18:48:05Z,
189.114.136.231,ipv4,imap-attack,high,WHITE,blocklist.de/imap|blocklist.de/all|blocklist.de/mail|ziyadnz/hourly-ipv4,blocklist.de|imap|pop3|brute-force|spam|mail|ziyadnz|hourly,2026-08-17T18:48:05Z,2026-08-17T18:48:05Z,
189.127.33.159,ipv4,imap-attack,high,WHITE,blocklist.de/imap|blocklist.de/all|blocklist.de/mail|ziyadnz/hourly-ipv4,blocklist.de|imap|pop3|brute-force|spam|mail|ziyadnz|hourly,2026-08-17T18:48:05Z,2026-08-17T18:48:05Z,
189.14.235.132,ipv4,imap-attack,high,WHITE,blocklist.de/imap|blocklist.de/all|blocklist.de/mail|ziyadnz/hourly-ipv4,blocklist.de|imap|pop3|brute-force|spam|mail|ziyadnz|hourly,2026-08-17T18:48:05Z,2026-08-17T18:48:05Z,
189.140.114.43,ipv4,imap-attack,high,WHITE,blocklist.de/imap|blocklist.de/all|blocklist.de/mail|ziyadnz/hourly-ipv4,blocklist.de|imap|pop3|brute-force|spam|mail|ziyadnz|hourly,2026-08-17T18:48:05Z,2026-08-17T18:48:05Z,
189.145.16.212,ipv4,imap-attack,high,WHITE,blocklist.de/imap|blocklist.de/all|blocklist.de/mail|ziyadnz/hourly-ipv4,blocklist.de|imap|pop3|brute-force|spam|mail|ziyadnz|hourly,2026-08-17T18:48:05Z,2026-08-17T18:48:05Z,
189.18.241.197,ipv4,imap-attack,high,WHITE,blocklist.de/imap|blocklist.de/all|blocklist.de/mail|ziyadnz/hourly-ipv4,blocklist.de|imap|pop3|brute-force|spam|mail|ziyadnz|hourly,2026-08-17T18:48:05Z,2026-08-17T18:48:05Z,
189.19.99.4,ipv4,imap-attack,high,WHITE,blocklist.de/imap|blocklist.de/all|blocklist.de/mail|ziyadnz/hourly-ipv4,blocklist.de|imap|pop3|brute-force|spam|mail|ziyadnz|hourly,2026-08-17T18:48:05Z,2026-08-17T18:48:05Z,
189.216.195.173,ipv4,imap-attack,high,WHITE,blocklist.de/imap|blocklist.de/all|blocklist.de/mail|ziyadnz/hourly-ipv4,blocklist.de|imap|pop3|brute-force|spam|mail|ziyadnz|hourly,2026-08-17T18:48:05Z,2026-08-17T18:48:05Z,
189.219.211.39,ipv4,imap-attack,high,WHITE,blocklist.de/imap|blocklist.de/all|blocklist.de/mail|ziyadnz/hourly-ipv4,blocklist.de|imap|pop3|brute-force|spam|mail|ziyadnz|hourly,2026-08-17T18:48:05Z,2026-08-17T18:48:05Z,
189.223.83.210,ipv4,imap-attack,high,WHITE,blocklist.de/imap|blocklist.de/all|blocklist.de/mail|ziyadnz/hourly-ipv4,blocklist.de|imap|pop3|brute-force|spam|mail|ziyadnz|hourly,2026-08-17T18:48:05Z,2026-08-17T18:48:05Z,
189.223.86.148,ipv4,imap-attack,high,WHITE,blocklist.de/imap|blocklist.de/all|blocklist.de/mail|ziyadnz/hourly-ipv4,blocklist.de|imap|pop3|brute-force|spam|mail|ziyadnz|hourly,2026-08-17T18:48:05Z,2026-08-17T18:48:05Z,
189.245.6.5,ipv4,imap-attack,high,WHITE,blocklist.de/imap|blocklist.de/all|blocklist.de/mail|ziyadnz/hourly-ipv4,blocklist.de|imap|pop3|brute-force|spam|mail|ziyadnz|hourly,2026-08-17T18:48:05Z,2026-08-17T18:48:05Z,
189.28.94.236,ipv4,imap-attack,high,WHITE,blocklist.de/imap|blocklist.de/all|blocklist.de/mail|ziyadnz/hourly-ipv4,blocklist.de|imap|pop3|brute-force|spam|mail|ziyadnz|hourly,2026-08-17T18:48:05Z,2026-08-17T18:48:05Z,
189.28.95.75,ipv4,imap-attack,high,WHITE,blocklist.de/imap|blocklist.de/all|blocklist.de/mail|ziyadnz/hourly-ipv4,blocklist.de|imap|pop3|brute-force|spam|mail|ziyadnz|hourly,2026-08-17T18:48:05Z,2026-08-17T18:48:05Z,
189.51.96.70,ipv4,imap-attack,high,WHITE,blocklist.de/imap|blocklist.de/all|blocklist.de/mail|ziyadnz/hourly-ipv4,blocklist.de|imap|pop3|brute-force|spam|mail|ziyadnz|hourly,2026-08-17T18:48:05Z,2026-08-17T18:48:05Z,
189.52.52.162,ipv4,imap-attack,high,WHITE,blocklist.de/imap|blocklist.de/all|blocklist.de/mail|ziyadnz/hourly-ipv4,blocklist.de|imap|pop3|brute-force|spam|mail|ziyadnz|hourly,2026-08-17T18:48:05Z,2026-08-17T18:48:05Z,
189.56.0.19,ipv4,imap-attack,high,WHITE,blocklist.de/imap|blocklist.de/all|blocklist.de/mail|ziyadnz/hourly-ipv4,blocklist.de|imap|pop3|brute-force|spam|mail|ziyadnz|hourly,2026-08-17T18:48:05Z,2026-08-17T18:48:05Z,
189.56.195.78,ipv4,imap-attack,high,WHITE,blocklist.de/imap|blocklist.de/all|blocklist.de/mail|ziyadnz/hourly-ipv4,blocklist.de|imap|pop3|brute-force|spam|mail|ziyadnz|hourly,2026-08-17T18:48:05Z,2026-08-17T18:48:05Z,
189.60.180.114,ipv4,imap-attack,high,WHITE,blocklist.de/imap|blocklist.de/all|blocklist.de/mail|ziyadnz/hourly-ipv4,blocklist.de|imap|pop3|brute-force|spam|mail|ziyadnz|hourly,2026-08-17T18:48:05Z,2026-08-17T18:48:05Z,
189.89.218.248,ipv4,imap-attack,high,WHITE,blocklist.de/imap|blocklist.de/all|blocklist.de/mail|ziyadnz/hourly-ipv4,blocklist.de|imap|pop3|brute-force|spam|mail|ziyadnz|hourly,2026-08-17T18:48:05Z,2026-08-17T18:48:05Z,
189.90.99.61,ipv4,imap-attack,high,WHITE,blocklist.de/imap|blocklist.de/all|blocklist.de/mail|ziyadnz/hourly-ipv4,blocklist.de|imap|pop3|brute-force|spam|mail|ziyadnz|hourly,2026-08-17T18:48:05Z,2026-08-17T18:48:05Z,
190.105.213.23,ipv4,imap-attack,high,WHITE,blocklist.de/imap|blocklist.de/all|blocklist.de/mail|ziyadnz/hourly-ipv4,blocklist.de|imap|pop3|brute-force|spam|mail|ziyadnz|hourly,2026-08-17T18:48:05Z,2026-08-17T18:48:05Z,
190.11.215.232,ipv4,imap-attack,high,WHITE,blocklist.de/imap|blocklist.de/all|blocklist.de/mail|ziyadnz/hourly-ipv4,blocklist.de|imap|pop3|brute-force|spam|mail|ziyadnz|hourly,2026-08-17T18:48:05Z,2026-08-17T18:48:05Z,
190.110.105.218,ipv4,imap-attack,high,WHITE,blocklist.de/imap|blocklist.de/all|blocklist.de/mail|ziyadnz/hourly-ipv4,blocklist.de|imap|pop3|brute-force|spam|mail|ziyadnz|hourly,2026-08-17T18:48:05Z,2026-08-17T18:48:05Z,
190.115.200.51,ipv4,imap-attack,high,WHITE,blocklist.de/imap|blocklist.de/all|blocklist.de/mail|ziyadnz/hourly-ipv4,blocklist.de|imap|pop3|brute-force|spam|mail|ziyadnz|hourly,2026-08-17T18:48:05Z,2026-08-17T18:48:05Z,
190.122.119.40,ipv4,imap-attack,high,WHITE,blocklist.de/imap|blocklist.de/all|blocklist.de/mail|ziyadnz/hourly-ipv4,blocklist.de|imap|pop3|brute-force|spam|mail|ziyadnz|hourly,2026-08-17T18:48:05Z,2026-08-17T18:48:05Z,
190.122.128.209,ipv4,imap-attack,high,WHITE,blocklist.de/imap|blocklist.de/all|blocklist.de/mail|ziyadnz/hourly-ipv4,blocklist.de|imap|pop3|brute-force|spam|mail|ziyadnz|hourly,2026-08-17T18:48:05Z,2026-08-17T18:48:05Z,
190.122.128.212,ipv4,imap-attack,high,WHITE,blocklist.de/imap|blocklist.de/all|blocklist.de/mail|ziyadnz/hourly-ipv4,blocklist.de|imap|pop3|brute-force|spam|mail|ziyadnz|hourly,2026-08-17T18:48:05Z,2026-08-17T18:48:05Z,
190.122.128.218,ipv4,imap-attack,high,WHITE,blocklist.de/imap|blocklist.de/all|blocklist.de/mail|ziyadnz/hourly-ipv4,blocklist.de|imap|pop3|brute-force|spam|mail|ziyadnz|hourly,2026-08-17T18:48:05Z,2026-08-17T18:48:05Z,
190.122.128.236,ipv4,imap-attack,high,WHITE,blocklist.de/imap|blocklist.de/all|blocklist.de/mail|ziyadnz/hourly-ipv4,blocklist.de|imap|pop3|brute-force|spam|mail|ziyadnz|hourly,2026-08-17T18:48:05Z,2026-08-17T18:48:05Z,
190.122.128.248,ipv4,imap-attack,high,WHITE,blocklist.de/imap|blocklist.de/all|blocklist.de/mail|ziyadnz/hourly-ipv4,blocklist.de|imap|pop3|brute-force|spam|mail|ziyadnz|hourly,2026-08-17T18:48:05Z,2026-08-17T18:48:05Z,
190.122.133.148,ipv4,imap-attack,high,WHITE,blocklist.de/imap|blocklist.de/all|blocklist.de/mail|ziyadnz/hourly-ipv4,blocklist.de|imap|pop3|brute-force|spam|mail|ziyadnz|hourly,2026-08-17T18:48:05Z,2026-08-17T18:48:05Z,
190.122.57.23,ipv4,imap-attack,high,WHITE,blocklist.de/imap|blocklist.de/all|blocklist.de/mail|ziyadnz/hourly-ipv4,blocklist.de|imap|pop3|brute-force|spam|mail|ziyadnz|hourly,2026-08-17T18:48:05Z,2026-08-17T18:48:05Z,
190.133.147.7,ipv4,imap-attack,high,WHITE,blocklist.de/imap|blocklist.de/all|blocklist.de/mail|ziyadnz/hourly-ipv4,blocklist.de|imap|pop3|brute-force|spam|mail|ziyadnz|hourly,2026-08-17T18:48:05Z,2026-08-17T18:48:05Z,
190.141.61.189,ipv4,imap-attack,high,WHITE,blocklist.de/imap|blocklist.de/all|blocklist.de/mail|ziyadnz/hourly-ipv4,blocklist.de|imap|pop3|brute-force|spam|mail|ziyadnz|hourly,2026-08-17T18:48:05Z,2026-08-17T18:48:05Z,
190.150.146.44,ipv4,imap-attack,high,WHITE,blocklist.de/imap|blocklist.de/all|blocklist.de/mail|ziyadnz/hourly-ipv4,blocklist.de|imap|pop3|brute-force|spam|mail|ziyadnz|hourly,2026-08-17T18:48:05Z,2026-08-17T18:48:05Z,
190.150.88.120,ipv4,imap-attack,high,WHITE,blocklist.de/imap|blocklist.de/all|blocklist.de/mail|ziyadnz/hourly-ipv4,blocklist.de|imap|pop3|brute-force|spam|mail|ziyadnz|hourly,2026-08-17T18:48:05Z,2026-08-17T18:48:05Z,
190.151.159.14,ipv4,imap-attack,high,WHITE,blocklist.de/imap|blocklist.de/all|blocklist.de/mail|ziyadnz/hourly-ipv4,blocklist.de|imap|pop3|brute-force|spam|mail|ziyadnz|hourly,2026-08-17T18:48:05Z,2026-08-17T18:48:05Z,
190.157.13.210,ipv4,imap-attack,high,WHITE,blocklist.de/imap|blocklist.de/all|blocklist.de/mail|ziyadnz/hourly-ipv4,blocklist.de|imap|pop3|brute-force|spam|mail|ziyadnz|hourly,2026-08-17T18:48:05Z,2026-08-17T18:48:05Z,
190.158.28.174,ipv4,imap-attack,high,WHITE,blocklist.de/imap|blocklist.de/all|blocklist.de/mail|ziyadnz/hourly-ipv4,blocklist.de|imap|pop3|brute-force|spam|mail|ziyadnz|hourly,2026-08-17T18:48:05Z,2026-08-17T18:48:05Z,
190.159.138.18,ipv4,imap-attack,high,WHITE,blocklist.de/imap|blocklist.de/all|blocklist.de/mail|ziyadnz/hourly-ipv4,blocklist.de|imap|pop3|brute-force|spam|mail|ziyadnz|hourly,2026-08-17T18:48:05Z,2026-08-17T18:48:05Z,
190.171.78.70,ipv4,imap-attack,high,WHITE,blocklist.de/imap|blocklist.de/all|blocklist.de/mail|ziyadnz/hourly-ipv4,blocklist.de|imap|pop3|brute-force|spam|mail|ziyadnz|hourly,2026-08-17T18:48:05Z,2026-08-17T18:48:05Z,
190.171.78.71,ipv4,imap-attack,high,WHITE,blocklist.de/imap|blocklist.de/all|blocklist.de/mail|ziyadnz/hourly-ipv4,blocklist.de|imap|pop3|brute-force|spam|mail|ziyadnz|hourly,2026-08-17T18:48:05Z,2026-08-17T18:48:05Z,
190.181.122.218,ipv4,imap-attack,high,WHITE,blocklist.de/imap|blocklist.de/all|blocklist.de/mail|ziyadnz/hourly-ipv4,blocklist.de|imap|pop3|brute-force|spam|mail|ziyadnz|hourly,2026-08-17T18:48:05Z,2026-08-17T18:48:05Z,
190.187.184.203,ipv4,imap-attack,high,WHITE,blocklist.de/imap|blocklist.de/all|blocklist.de/mail|ziyadnz/hourly-ipv4,blocklist.de|imap|pop3|brute-force|spam|mail|ziyadnz|hourly,2026-08-17T18:48:05Z,2026-08-17T18:48:05Z,
190.195.14.195,ipv4,imap-attack,high,WHITE,blocklist.de/imap|blocklist.de/all|blocklist.de/mail|ziyadnz/hourly-ipv4,blocklist.de|imap|pop3|brute-force|spam|mail|ziyadnz|hourly,2026-08-17T18:48:05Z,2026-08-17T18:48:05Z,
190.203.212.168,ipv4,imap-attack,high,WHITE,blocklist.de/imap|blocklist.de/all|blocklist.de/mail|ziyadnz/hourly-ipv4,blocklist.de|imap|pop3|brute-force|spam|mail|ziyadnz|hourly,2026-08-17T18:48:05Z,2026-08-17T18:48:05Z,
190.203.219.90,ipv4,imap-attack,high,WHITE,blocklist.de/imap|blocklist.de/all|blocklist.de/mail|ziyadnz/hourly-ipv4,blocklist.de|imap|pop3|brute-force|spam|mail|ziyadnz|hourly,2026-08-17T18:48:05Z,2026-08-17T18:48:05Z,
190.203.68.50,ipv4,imap-attack,high,WHITE,blocklist.de/imap|blocklist.de/all|blocklist.de/mail|ziyadnz/hourly-ipv4,blocklist.de|imap|pop3|brute-force|spam|mail|ziyadnz|hourly,2026-08-17T18:48:05Z,2026-08-17T18:48:05Z,
190.204.149.42,ipv4,imap-attack,high,WHITE,blocklist.de/imap|blocklist.de/all|blocklist.de/mail|ziyadnz/hourly-ipv4,blocklist.de|imap|pop3|brute-force|spam|mail|ziyadnz|hourly,2026-08-17T18:48:05Z,2026-08-17T18:48:05Z,
190.205.15.100,ipv4,imap-attack,high,WHITE,blocklist.de/imap|blocklist.de/all|blocklist.de/mail|ziyadnz/hourly-ipv4,blocklist.de|imap|pop3|brute-force|spam|mail|ziyadnz|hourly,2026-08-17T18:48:05Z,2026-08-17T18:48:05Z,
190.206.232.153,ipv4,imap-attack,high,WHITE,blocklist.de/imap|blocklist.de/all|blocklist.de/mail|ziyadnz/hourly-ipv4,blocklist.de|imap|pop3|brute-force|spam|mail|ziyadnz|hourly,2026-08-17T18:48:05Z,2026-08-17T18:48:05Z,
190.212.126.70,ipv4,imap-attack,high,WHITE,blocklist.de/imap|blocklist.de/all|blocklist.de/mail|ziyadnz/hourly-ipv4,blocklist.de|imap|pop3|brute-force|spam|mail|ziyadnz|hourly,2026-08-17T18:48:05Z,2026-08-17T18:48:05Z,
190.212.214.112,ipv4,imap-attack,high,WHITE,blocklist.de/imap|blocklist.de/all|blocklist.de/mail|ziyadnz/hourly-ipv4,blocklist.de|imap|pop3|brute-force|spam|mail|ziyadnz|hourly,2026-08-17T18:48:05Z,2026-08-17T18:48:05Z,
190.213.135.35,ipv4,imap-attack,high,WHITE,blocklist.de/imap|blocklist.de/all|blocklist.de/mail|ziyadnz/hourly-ipv4,blocklist.de|imap|pop3|brute-force|spam|mail|ziyadnz|hourly,2026-08-17T18:48:05Z,2026-08-17T18:48:05Z,
190.226.33.117,ipv4,imap-attack,high,WHITE,blocklist.de/imap|blocklist.de/all|blocklist.de/mail|ziyadnz/hourly-ipv4,blocklist.de|imap|pop3|brute-force|spam|mail|ziyadnz|hourly,2026-08-17T18:48:05Z,2026-08-17T18:48:05Z,
190.226.33.166,ipv4,imap-attack,high,WHITE,blocklist.de/imap|blocklist.de/all|blocklist.de/mail|ziyadnz/hourly-ipv4,blocklist.de|imap|pop3|brute-force|spam|mail|ziyadnz|hourly,2026-08-17T18:48:05Z,2026-08-17T18:48:05Z,
190.28.74.127,ipv4,imap-attack,high,WHITE,blocklist.de/imap|blocklist.de/all|blocklist.de/mail|ziyadnz/hourly-ipv4,blocklist.de|imap|pop3|brute-force|spam|mail|ziyadnz|hourly,2026-08-17T18:48:05Z,2026-08-17T18:48:05Z,
190.31.219.4,ipv4,imap-attack,high,WHITE,blocklist.de/imap|blocklist.de/all|blocklist.de/mail|ziyadnz/hourly-ipv4,blocklist.de|imap|pop3|brute-force|spam|mail|ziyadnz|hourly,2026-08-17T18:48:05Z,2026-08-17T18:48:05Z,
190.32.54.199,ipv4,imap-attack,high,WHITE,blocklist.de/imap|blocklist.de/all|blocklist.de/mail|ziyadnz/hourly-ipv4,blocklist.de|imap|pop3|brute-force|spam|mail|ziyadnz|hourly,2026-08-17T18:48:05Z,2026-08-17T18:48:05Z,
190.5.21.121,ipv4,imap-attack,high,WHITE,blocklist.de/imap|blocklist.de/all|blocklist.de/mail|ziyadnz/hourly-ipv4,blocklist.de|imap|pop3|brute-force|spam|mail|ziyadnz|hourly,2026-08-17T18:48:05Z,2026-08-17T18:48:05Z,
190.52.53.163,ipv4,imap-attack,high,WHITE,blocklist.de/imap|blocklist.de/all|blocklist.de/mail|ziyadnz/hourly-ipv4,blocklist.de|imap|pop3|brute-force|spam|mail|ziyadnz|hourly,2026-08-17T18:48:05Z,2026-08-17T18:48:05Z,
190.57.80.89,ipv4,imap-attack,high,WHITE,blocklist.de/imap|blocklist.de/all|blocklist.de/mail|ziyadnz/hourly-ipv4,blocklist.de|imap|pop3|brute-force|spam|mail|ziyadnz|hourly,2026-08-17T18:48:05Z,2026-08-17T18:48:05Z,
190.58.30.98,ipv4,imap-attack,high,WHITE,blocklist.de/imap|blocklist.de/all|blocklist.de/mail|ziyadnz/hourly-ipv4,blocklist.de|imap|pop3|brute-force|spam|mail|ziyadnz|hourly,2026-08-17T18:48:05Z,2026-08-17T18:48:05Z,
190.60.34.214,ipv4,imap-attack,high,WHITE,blocklist.de/imap|blocklist.de/all|blocklist.de/mail|ziyadnz/hourly-ipv4,blocklist.de|imap|pop3|brute-force|spam|mail|ziyadnz|hourly,2026-08-17T18:48:05Z,2026-08-17T18:48:05Z,
190.60.37.146,ipv4,imap-attack,high,WHITE,blocklist.de/imap|blocklist.de/all|blocklist.de/mail|ziyadnz/hourly-ipv4,blocklist.de|imap|pop3|brute-force|spam|mail|ziyadnz|hourly,2026-08-17T18:48:05Z,2026-08-17T18:48:05Z,
190.67.106.221,ipv4,imap-attack,high,WHITE,blocklist.de/imap|blocklist.de/all|blocklist.de/mail|ziyadnz/hourly-ipv4,blocklist.de|imap|pop3|brute-force|spam|mail|ziyadnz|hourly,2026-08-17T18:48:05Z,2026-08-17T18:48:05Z,
190.73.26.46,ipv4,imap-attack,high,WHITE,blocklist.de/imap|blocklist.de/all|blocklist.de/mail|ziyadnz/hourly-ipv4,blocklist.de|imap|pop3|brute-force|spam|mail|ziyadnz|hourly,2026-08-17T18:48:05Z,2026-08-17T18:48:05Z,
190.85.18.1,ipv4,imap-attack,high,WHITE,blocklist.de/imap|blocklist.de/all|blocklist.de/mail|ziyadnz/hourly-ipv4,blocklist.de|imap|pop3|brute-force|spam|mail|ziyadnz|hourly,2026-08-17T18:48:05Z,2026-08-17T18:48:05Z,
190.89.136.161,ipv4,imap-attack,high,WHITE,blocklist.de/imap|blocklist.de/all|blocklist.de/mail|ziyadnz/hourly-ipv4,blocklist.de|imap|pop3|brute-force|spam|mail|ziyadnz|hourly,2026-08-17T18:48:05Z,2026-08-17T18:48:05Z,
190.89.136.164,ipv4,imap-attack,high,WHITE,blocklist.de/imap|blocklist.de/all|blocklist.de/mail|ziyadnz/hourly-ipv4,blocklist.de|imap|pop3|brute-force|spam|mail|ziyadnz|hourly,2026-08-17T18:48:05Z,2026-08-17T18:48:05Z,
190.89.136.165,ipv4,imap-attack,high,WHITE,blocklist.de/imap|blocklist.de/all|blocklist.de/mail|ziyadnz/hourly-ipv4,blocklist.de|imap|pop3|brute-force|spam|mail|ziyadnz|hourly,2026-08-17T18:48:05Z,2026-08-17T18:48:05Z,
190.89.136.178,ipv4,imap-attack,high,WHITE,blocklist.de/imap|blocklist.de/all|blocklist.de/mail|ziyadnz/hourly-ipv4,blocklist.de|imap|pop3|brute-force|spam|mail|ziyadnz|hourly,2026-08-17T18:48:05Z,2026-08-17T18:48:05Z,
190.89.136.182,ipv4,imap-attack,high,WHITE,blocklist.de/imap|blocklist.de/all|blocklist.de/mail|ziyadnz/hourly-ipv4,blocklist.de|imap|pop3|brute-force|spam|mail|ziyadnz|hourly,2026-08-17T18:48:05Z,2026-08-17T18:48:05Z,
190.89.136.185,ipv4,imap-attack,high,WHITE,blocklist.de/imap|blocklist.de/all|blocklist.de/mail|ziyadnz/hourly-ipv4,blocklist.de|imap|pop3|brute-force|spam|mail|ziyadnz|hourly,2026-08-17T18:48:05Z,2026-08-17T18:48:05Z,
190.89.136.188,ipv4,imap-attack,high,WHITE,blocklist.de/imap|blocklist.de/all|blocklist.de/mail|ziyadnz/hourly-ipv4,blocklist.de|imap|pop3|brute-force|spam|mail|ziyadnz|hourly,2026-08-17T18:48:05Z,2026-08-17T18:48:05Z,
190.89.136.192,ipv4,imap-attack,high,WHITE,blocklist.de/imap|blocklist.de/all|blocklist.de/mail|ziyadnz/hourly-ipv4,blocklist.de|imap|pop3|brute-force|spam|mail|ziyadnz|hourly,2026-08-17T18:48:05Z,2026-08-17T18:48:05Z,
190.89.136.193,ipv4,imap-attack,high,WHITE,blocklist.de/imap|blocklist.de/all|blocklist.de/mail|ziyadnz/hourly-ipv4,blocklist.de|imap|pop3|brute-force|spam|mail|ziyadnz|hourly,2026-08-17T18:48:05Z,2026-08-17T18:48:05Z,
190.89.136.194,ipv4,imap-attack,high,WHITE,blocklist.de/imap|blocklist.de/all|blocklist.de/mail|ziyadnz/hourly-ipv4,blocklist.de|imap|pop3|brute-force|spam|mail|ziyadnz|hourly,2026-08-17T18:48:05Z,2026-08-17T18:48:05Z,
190.89.136.195,ipv4,imap-attack,high,WHITE,blocklist.de/imap|blocklist.de/all|blocklist.de/mail|ziyadnz/hourly-ipv4,blocklist.de|imap|pop3|brute-force|spam|mail|ziyadnz|hourly,2026-08-17T18:48:05Z,2026-08-17T18:48:05Z,
190.89.136.201,ipv4,imap-attack,high,WHITE,blocklist.de/imap|blocklist.de/all|blocklist.de/mail|ziyadnz/hourly-ipv4,blocklist.de|imap|pop3|brute-force|spam|mail|ziyadnz|hourly,2026-08-17T18:48:05Z,2026-08-17T18:48:05Z,
190.89.136.206,ipv4,imap-attack,high,WHITE,blocklist.de/imap|blocklist.de/all|blocklist.de/mail|ziyadnz/hourly-ipv4,blocklist.de|imap|pop3|brute-force|spam|mail|ziyadnz|hourly,2026-08-17T18:48:05Z,2026-08-17T18:48:05Z,
190.89.136.213,ipv4,imap-attack,high,WHITE,blocklist.de/imap|blocklist.de/all|blocklist.de/mail|ziyadnz/hourly-ipv4,blocklist.de|imap|pop3|brute-force|spam|mail|ziyadnz|hourly,2026-08-17T18:48:05Z,2026-08-17T18:48:05Z,
190.89.136.214,ipv4,imap-attack,high,WHITE,blocklist.de/imap|blocklist.de/all|blocklist.de/mail|ziyadnz/hourly-ipv4,blocklist.de|imap|pop3|brute-force|spam|mail|ziyadnz|hourly,2026-08-17T18:48:05Z,2026-08-17T18:48:05Z,
190.89.136.219,ipv4,imap-attack,high,WHITE,blocklist.de/imap|blocklist.de/all|blocklist.de/mail|ziyadnz/hourly-ipv4,blocklist.de|imap|pop3|brute-force|spam|mail|ziyadnz|hourly,2026-08-17T18:48:05Z,2026-08-17T18:48:05Z,
190.89.136.224,ipv4,imap-attack,high,WHITE,blocklist.de/imap|blocklist.de/all|blocklist.de/mail|ziyadnz/hourly-ipv4,blocklist.de|imap|pop3|brute-force|spam|mail|ziyadnz|hourly,2026-08-17T18:48:05Z,2026-08-17T18:48:05Z,
190.89.136.225,ipv4,imap-attack,high,WHITE,blocklist.de/imap|blocklist.de/all|blocklist.de/mail|ziyadnz/hourly-ipv4,blocklist.de|imap|pop3|brute-force|spam|mail|ziyadnz|hourly,2026-08-17T18:48:05Z,2026-08-17T18:48:05Z,
190.89.136.228,ipv4,imap-attack,high,WHITE,blocklist.de/imap|blocklist.de/all|blocklist.de/mail|ziyadnz/hourly-ipv4,blocklist.de|imap|pop3|brute-force|spam|mail|ziyadnz|hourly,2026-08-17T18:48:05Z,2026-08-17T18:48:05Z,
190.89.136.230,ipv4,imap-attack,high,WHITE,blocklist.de/imap|blocklist.de/all|blocklist.de/mail|ziyadnz/hourly-ipv4,blocklist.de|imap|pop3|brute-force|spam|mail|ziyadnz|hourly,2026-08-17T18:48:05Z,2026-08-17T18:48:05Z,
190.89.136.232,ipv4,imap-attack,high,WHITE,blocklist.de/imap|blocklist.de/all|blocklist.de/mail|ziyadnz/hourly-ipv4,blocklist.de|imap|pop3|brute-force|spam|mail|ziyadnz|hourly,2026-08-17T18:48:05Z,2026-08-17T18:48:05Z,
190.89.136.237,ipv4,imap-attack,high,WHITE,blocklist.de/imap|blocklist.de/all|blocklist.de/mail|ziyadnz/hourly-ipv4,blocklist.de|imap|pop3|brute-force|spam|mail|ziyadnz|hourly,2026-08-17T18:48:05Z,2026-08-17T18:48:05Z,
190.89.136.238,ipv4,imap-attack,high,WHITE,blocklist.de/imap|blocklist.de/all|blocklist.de/mail|ziyadnz/hourly-ipv4,blocklist.de|imap|pop3|brute-force|spam|mail|ziyadnz|hourly,2026-08-17T18:48:05Z,2026-08-17T18:48:05Z,
190.89.136.240,ipv4,imap-attack,high,WHITE,blocklist.de/imap|blocklist.de/all|blocklist.de/mail|ziyadnz/hourly-ipv4,blocklist.de|imap|pop3|brute-force|spam|mail|ziyadnz|hourly,2026-08-17T18:48:05Z,2026-08-17T18:48:05Z,
190.89.136.241,ipv4,imap-attack,high,WHITE,blocklist.de/imap|blocklist.de/all|blocklist.de/mail|ziyadnz/hourly-ipv4,blocklist.de|imap|pop3|brute-force|spam|mail|ziyadnz|hourly,2026-08-17T18:48:05Z,2026-08-17T18:48:05Z,
190.89.136.246,ipv4,imap-attack,high,WHITE,blocklist.de/imap|blocklist.de/all|blocklist.de/mail|ziyadnz/hourly-ipv4,blocklist.de|imap|pop3|brute-force|spam|mail|ziyadnz|hourly,2026-08-17T18:48:05Z,2026-08-17T18:48:05Z,
190.89.136.251,ipv4,imap-attack,high,WHITE,blocklist.de/imap|blocklist.de/all|blocklist.de/mail|ziyadnz/hourly-ipv4,blocklist.de|imap|pop3|brute-force|spam|mail|ziyadnz|hourly,2026-08-17T18:48:05Z,2026-08-17T18:48:05Z,
190.89.136.253,ipv4,imap-attack,high,WHITE,blocklist.de/imap|blocklist.de/all|blocklist.de/mail|ziyadnz/hourly-ipv4,blocklist.de|imap|pop3|brute-force|spam|mail|ziyadnz|hourly,2026-08-17T18:48:05Z,2026-08-17T18:48:05Z,
190.89.136.44,ipv4,imap-attack,high,WHITE,blocklist.de/imap|blocklist.de/all|blocklist.de/mail|ziyadnz/hourly-ipv4,blocklist.de|imap|pop3|brute-force|spam|mail|ziyadnz|hourly,2026-08-17T18:48:05Z,2026-08-17T18:48:05Z,
190.89.136.45,ipv4,imap-attack,high,WHITE,blocklist.de/imap|blocklist.de/all|blocklist.de/mail|ziyadnz/hourly-ipv4,blocklist.de|imap|pop3|brute-force|spam|mail|ziyadnz|hourly,2026-08-17T18:48:05Z,2026-08-17T18:48:05Z,
190.89.137.106,ipv4,imap-attack,high,WHITE,blocklist.de/imap|blocklist.de/all|blocklist.de/mail|ziyadnz/hourly-ipv4,blocklist.de|imap|pop3|brute-force|spam|mail|ziyadnz|hourly,2026-08-17T18:48:05Z,2026-08-17T18:48:05Z,
190.89.137.111,ipv4,imap-attack,high,WHITE,blocklist.de/imap|blocklist.de/all|blocklist.de/mail|ziyadnz/hourly-ipv4,blocklist.de|imap|pop3|brute-force|spam|mail|ziyadnz|hourly,2026-08-17T18:48:05Z,2026-08-17T18:48:05Z,
190.89.137.113,ipv4,imap-attack,high,WHITE,blocklist.de/imap|blocklist.de/all|blocklist.de/mail|ziyadnz/hourly-ipv4,blocklist.de|imap|pop3|brute-force|spam|mail|ziyadnz|hourly,2026-08-17T18:48:05Z,2026-08-17T18:48:05Z,
190.89.137.115,ipv4,imap-attack,high,WHITE,blocklist.de/imap|blocklist.de/all|blocklist.de/mail|ziyadnz/hourly-ipv4,blocklist.de|imap|pop3|brute-force|spam|mail|ziyadnz|hourly,2026-08-17T18:48:05Z,2026-08-17T18:48:05Z,
190.89.137.121,ipv4,imap-attack,high,WHITE,blocklist.de/imap|blocklist.de/all|blocklist.de/mail|ziyadnz/hourly-ipv4,blocklist.de|imap|pop3|brute-force|spam|mail|ziyadnz|hourly,2026-08-17T18:48:05Z,2026-08-17T18:48:05Z,
190.89.137.13,ipv4,imap-attack,high,WHITE,blocklist.de/imap|blocklist.de/all|blocklist.de/mail|ziyadnz/hourly-ipv4,blocklist.de|imap|pop3|brute-force|spam|mail|ziyadnz|hourly,2026-08-17T18:48:05Z,2026-08-17T18:48:05Z,
190.89.137.130,ipv4,imap-attack,high,WHITE,blocklist.de/imap|blocklist.de/all|blocklist.de/mail|ziyadnz/hourly-ipv4,blocklist.de|imap|pop3|brute-force|spam|mail|ziyadnz|hourly,2026-08-17T18:48:05Z,2026-08-17T18:48:05Z,
190.89.137.132,ipv4,imap-attack,high,WHITE,blocklist.de/imap|blocklist.de/all|blocklist.de/mail|ziyadnz/hourly-ipv4,blocklist.de|imap|pop3|brute-force|spam|mail|ziyadnz|hourly,2026-08-17T18:48:05Z,2026-08-17T18:48:05Z,
190.89.137.133,ipv4,imap-attack,high,WHITE,blocklist.de/imap|blocklist.de/all|blocklist.de/mail|ziyadnz/hourly-ipv4,blocklist.de|imap|pop3|brute-force|spam|mail|ziyadnz|hourly,2026-08-17T18:48:05Z,2026-08-17T18:48:05Z,
190.89.137.14,ipv4,imap-attack,high,WHITE,blocklist.de/imap|blocklist.de/all|blocklist.de/mail|ziyadnz/hourly-ipv4,blocklist.de|imap|pop3|brute-force|spam|mail|ziyadnz|hourly,2026-08-17T18:48:05Z,2026-08-17T18:48:05Z,
190.89.137.142,ipv4,imap-attack,high,WHITE,blocklist.de/imap|blocklist.de/all|blocklist.de/mail|ziyadnz/hourly-ipv4,blocklist.de|imap|pop3|brute-force|spam|mail|ziyadnz|hourly,2026-08-17T18:48:05Z,2026-08-17T18:48:05Z,
190.89.137.143,ipv4,imap-attack,high,WHITE,blocklist.de/imap|blocklist.de/all|blocklist.de/mail|ziyadnz/hourly-ipv4,blocklist.de|imap|pop3|brute-force|spam|mail|ziyadnz|hourly,2026-08-17T18:48:05Z,2026-08-17T18:48:05Z,
190.89.137.150,ipv4,imap-attack,high,WHITE,blocklist.de/imap|blocklist.de/all|blocklist.de/mail|ziyadnz/hourly-ipv4,blocklist.de|imap|pop3|brute-force|spam|mail|ziyadnz|hourly,2026-08-17T18:48:05Z,2026-08-17T18:48:05Z,
190.89.137.157,ipv4,imap-attack,high,WHITE,blocklist.de/imap|blocklist.de/all|blocklist.de/mail|ziyadnz/hourly-ipv4,blocklist.de|imap|pop3|brute-force|spam|mail|ziyadnz|hourly,2026-08-17T18:48:05Z,2026-08-17T18:48:05Z,
190.89.137.158,ipv4,imap-attack,high,WHITE,blocklist.de/imap|blocklist.de/all|blocklist.de/mail|ziyadnz/hourly-ipv4,blocklist.de|imap|pop3|brute-force|spam|mail|ziyadnz|hourly,2026-08-17T18:48:05Z,2026-08-17T18:48:05Z,
190.89.137.16,ipv4,imap-attack,high,WHITE,blocklist.de/imap|blocklist.de/all|blocklist.de/mail|ziyadnz/hourly-ipv4,blocklist.de|imap|pop3|brute-force|spam|mail|ziyadnz|hourly,2026-08-17T18:48:05Z,2026-08-17T18:48:05Z,
190.89.137.162,ipv4,imap-attack,high,WHITE,blocklist.de/imap|blocklist.de/all|blocklist.de/mail|ziyadnz/hourly-ipv4,blocklist.de|imap|pop3|brute-force|spam|mail|ziyadnz|hourly,2026-08-17T18:48:05Z,2026-08-17T18:48:05Z,
190.89.137.163,ipv4,imap-attack,high,WHITE,blocklist.de/imap|blocklist.de/all|blocklist.de/mail|ziyadnz/hourly-ipv4,blocklist.de|imap|pop3|brute-force|spam|mail|ziyadnz|hourly,2026-08-17T18:48:05Z,2026-08-17T18:48:05Z,
190.89.137.165,ipv4,imap-attack,high,WHITE,blocklist.de/imap|blocklist.de/all|blocklist.de/mail|ziyadnz/hourly-ipv4,blocklist.de|imap|pop3|brute-force|spam|mail|ziyadnz|hourly,2026-08-17T18:48:05Z,2026-08-17T18:48:05Z,
190.89.137.166,ipv4,imap-attack,high,WHITE,blocklist.de/imap|blocklist.de/all|blocklist.de/mail|ziyadnz/hourly-ipv4,blocklist.de|imap|pop3|brute-force|spam|mail|ziyadnz|hourly,2026-08-17T18:48:05Z,2026-08-17T18:48:05Z,
190.89.137.169,ipv4,imap-attack,high,WHITE,blocklist.de/imap|blocklist.de/all|blocklist.de/mail|ziyadnz/hourly-ipv4,blocklist.de|imap|pop3|brute-force|spam|mail|ziyadnz|hourly,2026-08-17T18:48:05Z,2026-08-17T18:48:05Z,
190.89.137.17,ipv4,imap-attack,high,WHITE,blocklist.de/imap|blocklist.de/all|blocklist.de/mail|ziyadnz/hourly-ipv4,blocklist.de|imap|pop3|brute-force|spam|mail|ziyadnz|hourly,2026-08-17T18:48:05Z,2026-08-17T18:48:05Z,
190.89.137.174,ipv4,imap-attack,high,WHITE,blocklist.de/imap|blocklist.de/all|blocklist.de/mail|ziyadnz/hourly-ipv4,blocklist.de|imap|pop3|brute-force|spam|mail|ziyadnz|hourly,2026-08-17T18:48:05Z,2026-08-17T18:48:05Z,
190.89.137.176,ipv4,imap-attack,high,WHITE,blocklist.de/imap|blocklist.de/all|blocklist.de/mail|ziyadnz/hourly-ipv4,blocklist.de|imap|pop3|brute-force|spam|mail|ziyadnz|hourly,2026-08-17T18:48:05Z,2026-08-17T18:48:05Z,
190.89.137.178,ipv4,imap-attack,high,WHITE,blocklist.de/imap|blocklist.de/all|blocklist.de/mail|ziyadnz/hourly-ipv4,blocklist.de|imap|pop3|brute-force|spam|mail|ziyadnz|hourly,2026-08-17T18:48:05Z,2026-08-17T18:48:05Z,
190.89.137.180,ipv4,imap-attack,high,WHITE,blocklist.de/imap|blocklist.de/all|blocklist.de/mail|ziyadnz/hourly-ipv4,blocklist.de|imap|pop3|brute-force|spam|mail|ziyadnz|hourly,2026-08-17T18:48:05Z,2026-08-17T18:48:05Z,
190.89.137.199,ipv4,imap-attack,high,WHITE,blocklist.de/imap|blocklist.de/all|blocklist.de/mail|ziyadnz/hourly-ipv4,blocklist.de|imap|pop3|brute-force|spam|mail|ziyadnz|hourly,2026-08-17T18:48:05Z,2026-08-17T18:48:05Z,
190.89.137.203,ipv4,imap-attack,high,WHITE,blocklist.de/imap|blocklist.de/all|blocklist.de/mail|ziyadnz/hourly-ipv4,blocklist.de|imap|pop3|brute-force|spam|mail|ziyadnz|hourly,2026-08-17T18:48:05Z,2026-08-17T18:48:05Z,
190.89.137.227,ipv4,imap-attack,high,WHITE,blocklist.de/imap|blocklist.de/all|blocklist.de/mail|ziyadnz/hourly-ipv4,blocklist.de|imap|pop3|brute-force|spam|mail|ziyadnz|hourly,2026-08-17T18:48:05Z,2026-08-17T18:48:05Z,
190.89.137.235,ipv4,imap-attack,high,WHITE,blocklist.de/imap|blocklist.de/all|blocklist.de/mail|ziyadnz/hourly-ipv4,blocklist.de|imap|pop3|brute-force|spam|mail|ziyadnz|hourly,2026-08-17T18:48:05Z,2026-08-17T18:48:05Z,
190.89.137.238,ipv4,imap-attack,high,WHITE,blocklist.de/imap|blocklist.de/all|blocklist.de/mail|ziyadnz/hourly-ipv4,blocklist.de|imap|pop3|brute-force|spam|mail|ziyadnz|hourly,2026-08-17T18:48:05Z,2026-08-17T18:48:05Z,
190.89.137.24,ipv4,imap-attack,high,WHITE,blocklist.de/imap|blocklist.de/all|blocklist.de/mail|ziyadnz/hourly-ipv4,blocklist.de|imap|pop3|brute-force|spam|mail|ziyadnz|hourly,2026-08-17T18:48:05Z,2026-08-17T18:48:05Z,
190.89.137.240,ipv4,imap-attack,high,WHITE,blocklist.de/imap|blocklist.de/all|blocklist.de/mail|ziyadnz/hourly-ipv4,blocklist.de|imap|pop3|brute-force|spam|mail|ziyadnz|hourly,2026-08-17T18:48:05Z,2026-08-17T18:48:05Z,
190.89.137.252,ipv4,imap-attack,high,WHITE,blocklist.de/imap|blocklist.de/all|blocklist.de/mail|ziyadnz/hourly-ipv4,blocklist.de|imap|pop3|brute-force|spam|mail|ziyadnz|hourly,2026-08-17T18:48:05Z,2026-08-17T18:48:05Z,
190.89.137.36,ipv4,imap-attack,high,WHITE,blocklist.de/imap|blocklist.de/all|blocklist.de/mail|ziyadnz/hourly-ipv4,blocklist.de|imap|pop3|brute-force|spam|mail|ziyadnz|hourly,2026-08-17T18:48:05Z,2026-08-17T18:48:05Z,
190.89.137.39,ipv4,imap-attack,high,WHITE,blocklist.de/imap|blocklist.de/all|blocklist.de/mail|ziyadnz/hourly-ipv4,blocklist.de|imap|pop3|brute-force|spam|mail|ziyadnz|hourly,2026-08-17T18:48:05Z,2026-08-17T18:48:05Z,
190.89.137.42,ipv4,imap-attack,high,WHITE,blocklist.de/imap|blocklist.de/all|blocklist.de/mail|ziyadnz/hourly-ipv4,blocklist.de|imap|pop3|brute-force|spam|mail|ziyadnz|hourly,2026-08-17T18:48:05Z,2026-08-17T18:48:05Z,
190.89.137.53,ipv4,imap-attack,high,WHITE,blocklist.de/imap|blocklist.de/all|blocklist.de/mail|ziyadnz/hourly-ipv4,blocklist.de|imap|pop3|brute-force|spam|mail|ziyadnz|hourly,2026-08-17T18:48:05Z,2026-08-17T18:48:05Z,
190.89.137.60,ipv4,imap-attack,high,WHITE,blocklist.de/imap|blocklist.de/all|blocklist.de/mail|ziyadnz/hourly-ipv4,blocklist.de|imap|pop3|brute-force|spam|mail|ziyadnz|hourly,2026-08-17T18:48:05Z,2026-08-17T18:48:05Z,
190.89.137.62,ipv4,imap-attack,high,WHITE,blocklist.de/imap|blocklist.de/all|blocklist.de/mail|ziyadnz/hourly-ipv4,blocklist.de|imap|pop3|brute-force|spam|mail|ziyadnz|hourly,2026-08-17T18:48:05Z,2026-08-17T18:48:05Z,
190.89.137.76,ipv4,imap-attack,high,WHITE,blocklist.de/imap|blocklist.de/all|blocklist.de/mail|ziyadnz/hourly-ipv4,blocklist.de|imap|pop3|brute-force|spam|mail|ziyadnz|hourly,2026-08-17T18:48:05Z,2026-08-17T18:48:05Z,
190.89.137.82,ipv4,imap-attack,high,WHITE,blocklist.de/imap|blocklist.de/all|blocklist.de/mail|ziyadnz/hourly-ipv4,blocklist.de|imap|pop3|brute-force|spam|mail|ziyadnz|hourly,2026-08-17T18:48:05Z,2026-08-17T18:48:05Z,
190.89.137.88,ipv4,imap-attack,high,WHITE,blocklist.de/imap|blocklist.de/all|blocklist.de/mail|ziyadnz/hourly-ipv4,blocklist.de|imap|pop3|brute-force|spam|mail|ziyadnz|hourly,2026-08-17T18:48:05Z,2026-08-17T18:48:05Z,
190.89.137.9,ipv4,imap-attack,high,WHITE,blocklist.de/imap|blocklist.de/all|blocklist.de/mail|ziyadnz/hourly-ipv4,blocklist.de|imap|pop3|brute-force|spam|mail|ziyadnz|hourly,2026-08-17T18:48:05Z,2026-08-17T18:48:05Z,
190.89.137.90,ipv4,imap-attack,high,WHITE,blocklist.de/imap|blocklist.de/all|blocklist.de/mail|ziyadnz/hourly-ipv4,blocklist.de|imap|pop3|brute-force|spam|mail|ziyadnz|hourly,2026-08-17T18:48:05Z,2026-08-17T18:48:05Z,
190.89.137.92,ipv4,imap-attack,high,WHITE,blocklist.de/imap|blocklist.de/all|blocklist.de/mail|ziyadnz/hourly-ipv4,blocklist.de|imap|pop3|brute-force|spam|mail|ziyadnz|hourly,2026-08-17T18:48:05Z,2026-08-17T18:48:05Z,
190.89.137.99,ipv4,imap-attack,high,WHITE,blocklist.de/imap|blocklist.de/all|blocklist.de/mail|ziyadnz/hourly-ipv4,blocklist.de|imap|pop3|brute-force|spam|mail|ziyadnz|hourly,2026-08-17T18:48:05Z,2026-08-17T18:48:05Z,
190.90.79.25,ipv4,imap-attack,high,WHITE,blocklist.de/imap|blocklist.de/all|blocklist.de/mail|ziyadnz/hourly-ipv4,blocklist.de|imap|pop3|brute-force|spam|mail|ziyadnz|hourly,2026-08-17T18:48:05Z,2026-08-17T18:48:05Z,
190.97.246.139,ipv4,imap-attack,high,WHITE,blocklist.de/imap|blocklist.de/all|blocklist.de/mail|ziyadnz/hourly-ipv4,blocklist.de|imap|pop3|brute-force|spam|mail|ziyadnz|hourly,2026-08-17T18:48:05Z,2026-08-17T18:48:05Z,
190.99.43.141,ipv4,imap-attack,high,WHITE,blocklist.de/imap|blocklist.de/all|blocklist.de/mail|ziyadnz/hourly-ipv4,blocklist.de|imap|pop3|brute-force|spam|mail|ziyadnz|hourly,2026-08-17T18:48:05Z,2026-08-17T18:48:05Z,
191.177.175.158,ipv4,imap-attack,high,WHITE,blocklist.de/imap|blocklist.de/all|blocklist.de/mail|ziyadnz/hourly-ipv4,blocklist.de|imap|pop3|brute-force|spam|mail|ziyadnz|hourly,2026-08-17T18:48:05Z,2026-08-17T18:48:05Z,
191.187.69.148,ipv4,imap-attack,high,WHITE,blocklist.de/imap|blocklist.de/all|blocklist.de/mail|ziyadnz/hourly-ipv4,blocklist.de|imap|pop3|brute-force|spam|mail|ziyadnz|hourly,2026-08-17T18:48:05Z,2026-08-17T18:48:05Z,
191.210.72.37,ipv4,imap-attack,high,WHITE,blocklist.de/imap|blocklist.de/all|blocklist.de/mail|ziyadnz/hourly-ipv4,blocklist.de|imap|pop3|brute-force|spam|mail|ziyadnz|hourly,2026-08-17T18:48:05Z,2026-08-17T18:48:05Z,
191.210.73.33,ipv4,imap-attack,high,WHITE,blocklist.de/imap|blocklist.de/all|blocklist.de/mail|ziyadnz/hourly-ipv4,blocklist.de|imap|pop3|brute-force|spam|mail|ziyadnz|hourly,2026-08-17T18:48:05Z,2026-08-17T18:48:05Z,
191.240.105.214,ipv4,imap-attack,high,WHITE,blocklist.de/imap|blocklist.de/all|blocklist.de/mail|ziyadnz/hourly-ipv4,blocklist.de|imap|pop3|brute-force|spam|mail|ziyadnz|hourly,2026-08-17T18:48:05Z,2026-08-17T18:48:05Z,
191.240.36.111,ipv4,imap-attack,high,WHITE,blocklist.de/imap|blocklist.de/all|blocklist.de/mail|ziyadnz/hourly-ipv4,blocklist.de|imap|pop3|brute-force|spam|mail|ziyadnz|hourly,2026-08-17T18:48:05Z,2026-08-17T18:48:05Z,
191.240.36.12,ipv4,imap-attack,high,WHITE,blocklist.de/imap|blocklist.de/all|blocklist.de/mail|ziyadnz/hourly-ipv4,blocklist.de|imap|pop3|brute-force|spam|mail|ziyadnz|hourly,2026-08-17T18:48:05Z,2026-08-17T18:48:05Z,
191.240.36.254,ipv4,imap-attack,high,WHITE,blocklist.de/imap|blocklist.de/all|blocklist.de/mail|ziyadnz/hourly-ipv4,blocklist.de|imap|pop3|brute-force|spam|mail|ziyadnz|hourly,2026-08-17T18:48:05Z,2026-08-17T18:48:05Z,
191.240.36.90,ipv4,imap-attack,high,WHITE,blocklist.de/imap|blocklist.de/all|blocklist.de/mail|ziyadnz/hourly-ipv4,blocklist.de|imap|pop3|brute-force|spam|mail|ziyadnz|hourly,2026-08-17T18:48:05Z,2026-08-17T18:48:05Z,
191.240.37.120,ipv4,imap-attack,high,WHITE,blocklist.de/imap|blocklist.de/all|blocklist.de/mail|ziyadnz/hourly-ipv4,blocklist.de|imap|pop3|brute-force|spam|mail|ziyadnz|hourly,2026-08-17T18:48:05Z,2026-08-17T18:48:05Z,
191.240.37.162,ipv4,imap-attack,high,WHITE,blocklist.de/imap|blocklist.de/all|blocklist.de/mail|ziyadnz/hourly-ipv4,blocklist.de|imap|pop3|brute-force|spam|mail|ziyadnz|hourly,2026-08-17T18:48:05Z,2026-08-17T18:48:05Z,
191.240.37.3,ipv4,imap-attack,high,WHITE,blocklist.de/imap|blocklist.de/all|blocklist.de/mail|ziyadnz/hourly-ipv4,blocklist.de|imap|pop3|brute-force|spam|mail|ziyadnz|hourly,2026-08-17T18:48:05Z,2026-08-17T18:48:05Z,
191.240.37.48,ipv4,imap-attack,high,WHITE,blocklist.de/imap|blocklist.de/all|blocklist.de/mail|ziyadnz/hourly-ipv4,blocklist.de|imap|pop3|brute-force|spam|mail|ziyadnz|hourly,2026-08-17T18:48:05Z,2026-08-17T18:48:05Z,
191.240.70.135,ipv4,imap-attack,high,WHITE,blocklist.de/imap|blocklist.de/all|blocklist.de/mail|ziyadnz/hourly-ipv4,blocklist.de|imap|pop3|brute-force|spam|mail|ziyadnz|hourly,2026-08-17T18:48:05Z,2026-08-17T18:48:05Z,
191.240.96.203,ipv4,imap-attack,high,WHITE,blocklist.de/imap|blocklist.de/all|blocklist.de/mail|ziyadnz/hourly-ipv4,blocklist.de|imap|pop3|brute-force|spam|mail|ziyadnz|hourly,2026-08-17T18:48:05Z,2026-08-17T18:48:05Z,
191.240.96.216,ipv4,imap-attack,high,WHITE,blocklist.de/imap|blocklist.de/all|blocklist.de/mail|ziyadnz/hourly-ipv4,blocklist.de|imap|pop3|brute-force|spam|mail|ziyadnz|hourly,2026-08-17T18:48:05Z,2026-08-17T18:48:05Z,
191.240.96.230,ipv4,imap-attack,high,WHITE,blocklist.de/imap|blocklist.de/all|blocklist.de/mail|ziyadnz/hourly-ipv4,blocklist.de|imap|pop3|brute-force|spam|mail|ziyadnz|hourly,2026-08-17T18:48:05Z,2026-08-17T18:48:05Z,
191.240.96.50,ipv4,imap-attack,high,WHITE,blocklist.de/imap|blocklist.de/all|blocklist.de/mail|ziyadnz/hourly-ipv4,blocklist.de|imap|pop3|brute-force|spam|mail|ziyadnz|hourly,2026-08-17T18:48:05Z,2026-08-17T18:48:05Z,
191.240.97.251,ipv4,imap-attack,high,WHITE,blocklist.de/imap|blocklist.de/all|blocklist.de/mail|ziyadnz/hourly-ipv4,blocklist.de|imap|pop3|brute-force|spam|mail|ziyadnz|hourly,2026-08-17T18:48:05Z,2026-08-17T18:48:05Z,
191.240.97.74,ipv4,imap-attack,high,WHITE,blocklist.de/imap|blocklist.de/all|blocklist.de/mail|ziyadnz/hourly-ipv4,blocklist.de|imap|pop3|brute-force|spam|mail|ziyadnz|hourly,2026-08-17T18:48:05Z,2026-08-17T18:48:05Z,
191.240.98.65,ipv4,imap-attack,high,WHITE,blocklist.de/imap|blocklist.de/all|blocklist.de/mail|ziyadnz/hourly-ipv4,blocklist.de|imap|pop3|brute-force|spam|mail|ziyadnz|hourly,2026-08-17T18:48:05Z,2026-08-17T18:48:05Z,
191.241.142.170,ipv4,imap-attack,high,WHITE,blocklist.de/imap|blocklist.de/all|blocklist.de/mail|ziyadnz/hourly-ipv4,blocklist.de|imap|pop3|brute-force|spam|mail|ziyadnz|hourly,2026-08-17T18:48:05Z,2026-08-17T18:48:05Z,
191.242.78.9,ipv4,imap-attack,high,WHITE,blocklist.de/imap|blocklist.de/all|blocklist.de/mail|ziyadnz/hourly-ipv4,blocklist.de|imap|pop3|brute-force|spam|mail|ziyadnz|hourly,2026-08-17T18:48:05Z,2026-08-17T18:48:05Z,
191.243.24.164,ipv4,imap-attack,high,WHITE,blocklist.de/imap|blocklist.de/all|blocklist.de/mail|ziyadnz/hourly-ipv4,blocklist.de|imap|pop3|brute-force|spam|mail|ziyadnz|hourly,2026-08-17T18:48:05Z,2026-08-17T18:48:05Z,
191.34.60.250,ipv4,imap-attack,high,WHITE,blocklist.de/imap|blocklist.de/all|blocklist.de/mail|ziyadnz/hourly-ipv4,blocklist.de|imap|pop3|brute-force|spam|mail|ziyadnz|hourly,2026-08-17T18:48:05Z,2026-08-17T18:48:05Z,
191.37.1.160,ipv4,imap-attack,high,WHITE,blocklist.de/imap|blocklist.de/all|blocklist.de/mail|ziyadnz/hourly-ipv4,blocklist.de|imap|pop3|brute-force|spam|mail|ziyadnz|hourly,2026-08-17T18:48:05Z,2026-08-17T18:48:05Z,
191.37.11.54,ipv4,imap-attack,high,WHITE,blocklist.de/imap|blocklist.de/all|blocklist.de/mail|ziyadnz/hourly-ipv4,blocklist.de|imap|pop3|brute-force|spam|mail|ziyadnz|hourly,2026-08-17T18:48:05Z,2026-08-17T18:48:05Z,
191.37.16.226,ipv4,imap-attack,high,WHITE,blocklist.de/imap|blocklist.de/all|blocklist.de/mail|ziyadnz/hourly-ipv4,blocklist.de|imap|pop3|brute-force|spam|mail|ziyadnz|hourly,2026-08-17T18:48:05Z,2026-08-17T18:48:05Z,
191.37.35.14,ipv4,imap-attack,high,WHITE,blocklist.de/imap|blocklist.de/all|blocklist.de/mail|ziyadnz/hourly-ipv4,blocklist.de|imap|pop3|brute-force|spam|mail|ziyadnz|hourly,2026-08-17T18:48:05Z,2026-08-17T18:48:05Z,
191.37.37.239,ipv4,imap-attack,high,WHITE,blocklist.de/imap|blocklist.de/all|blocklist.de/mail|ziyadnz/hourly-ipv4,blocklist.de|imap|pop3|brute-force|spam|mail|ziyadnz|hourly,2026-08-17T18:48:05Z,2026-08-17T18:48:05Z,
191.5.98.214,ipv4,imap-attack,high,WHITE,blocklist.de/imap|blocklist.de/all|blocklist.de/mail|ziyadnz/hourly-ipv4,blocklist.de|imap|pop3|brute-force|spam|mail|ziyadnz|hourly,2026-08-17T18:48:05Z,2026-08-17T18:48:05Z,
191.53.107.254,ipv4,imap-attack,high,WHITE,blocklist.de/imap|blocklist.de/all|blocklist.de/mail|ziyadnz/hourly-ipv4,blocklist.de|imap|pop3|brute-force|spam|mail|ziyadnz|hourly,2026-08-17T18:48:05Z,2026-08-17T18:48:05Z,
191.53.122.107,ipv4,imap-attack,high,WHITE,blocklist.de/imap|blocklist.de/all|blocklist.de/mail|ziyadnz/hourly-ipv4,blocklist.de|imap|pop3|brute-force|spam|mail|ziyadnz|hourly,2026-08-17T18:48:05Z,2026-08-17T18:48:05Z,
191.53.122.64,ipv4,imap-attack,high,WHITE,blocklist.de/imap|blocklist.de/all|blocklist.de/mail|ziyadnz/hourly-ipv4,blocklist.de|imap|pop3|brute-force|spam|mail|ziyadnz|hourly,2026-08-17T18:48:05Z,2026-08-17T18:48:05Z,
191.53.129.175,ipv4,imap-attack,high,WHITE,blocklist.de/imap|blocklist.de/all|blocklist.de/mail|ziyadnz/hourly-ipv4,blocklist.de|imap|pop3|brute-force|spam|mail|ziyadnz|hourly,2026-08-17T18:48:05Z,2026-08-17T18:48:05Z,
191.53.13.64,ipv4,imap-attack,high,WHITE,blocklist.de/imap|blocklist.de/all|blocklist.de/mail|ziyadnz/hourly-ipv4,blocklist.de|imap|pop3|brute-force|spam|mail|ziyadnz|hourly,2026-08-17T18:48:05Z,2026-08-17T18:48:05Z,
191.53.130.54,ipv4,imap-attack,high,WHITE,blocklist.de/imap|blocklist.de/all|blocklist.de/mail|ziyadnz/hourly-ipv4,blocklist.de|imap|pop3|brute-force|spam|mail|ziyadnz|hourly,2026-08-17T18:48:05Z,2026-08-17T18:48:05Z,
191.53.132.193,ipv4,imap-attack,high,WHITE,blocklist.de/imap|blocklist.de/all|blocklist.de/mail|ziyadnz/hourly-ipv4,blocklist.de|imap|pop3|brute-force|spam|mail|ziyadnz|hourly,2026-08-17T18:48:05Z,2026-08-17T18:48:05Z,
191.53.134.43,ipv4,imap-attack,high,WHITE,blocklist.de/imap|blocklist.de/all|blocklist.de/mail|ziyadnz/hourly-ipv4,blocklist.de|imap|pop3|brute-force|spam|mail|ziyadnz|hourly,2026-08-17T18:48:05Z,2026-08-17T18:48:05Z,
191.53.14.128,ipv4,imap-attack,high,WHITE,blocklist.de/imap|blocklist.de/all|blocklist.de/mail|ziyadnz/hourly-ipv4,blocklist.de|imap|pop3|brute-force|spam|mail|ziyadnz|hourly,2026-08-17T18:48:05Z,2026-08-17T18:48:05Z,
191.53.14.255,ipv4,imap-attack,high,WHITE,blocklist.de/imap|blocklist.de/all|blocklist.de/mail|ziyadnz/hourly-ipv4,blocklist.de|imap|pop3|brute-force|spam|mail|ziyadnz|hourly,2026-08-17T18:48:05Z,2026-08-17T18:48:05Z,
191.53.18.113,ipv4,imap-attack,high,WHITE,blocklist.de/imap|blocklist.de/all|blocklist.de/mail|ziyadnz/hourly-ipv4,blocklist.de|imap|pop3|brute-force|spam|mail|ziyadnz|hourly,2026-08-17T18:48:05Z,2026-08-17T18:48:05Z,
191.53.18.129,ipv4,imap-attack,high,WHITE,blocklist.de/imap|blocklist.de/all|blocklist.de/mail|ziyadnz/hourly-ipv4,blocklist.de|imap|pop3|brute-force|spam|mail|ziyadnz|hourly,2026-08-17T18:48:05Z,2026-08-17T18:48:05Z,
191.53.18.151,ipv4,imap-attack,high,WHITE,blocklist.de/imap|blocklist.de/all|blocklist.de/mail|ziyadnz/hourly-ipv4,blocklist.de|imap|pop3|brute-force|spam|mail|ziyadnz|hourly,2026-08-17T18:48:05Z,2026-08-17T18:48:05Z,
191.53.18.154,ipv4,imap-attack,high,WHITE,blocklist.de/imap|blocklist.de/all|blocklist.de/mail|ziyadnz/hourly-ipv4,blocklist.de|imap|pop3|brute-force|spam|mail|ziyadnz|hourly,2026-08-17T18:48:05Z,2026-08-17T18:48:05Z,
191.53.19.107,ipv4,imap-attack,high,WHITE,blocklist.de/imap|blocklist.de/all|blocklist.de/mail|ziyadnz/hourly-ipv4,blocklist.de|imap|pop3|brute-force|spam|mail|ziyadnz|hourly,2026-08-17T18:48:05Z,2026-08-17T18:48:05Z,
191.53.19.44,ipv4,imap-attack,high,WHITE,blocklist.de/imap|blocklist.de/all|blocklist.de/mail|ziyadnz/hourly-ipv4,blocklist.de|imap|pop3|brute-force|spam|mail|ziyadnz|hourly,2026-08-17T18:48:05Z,2026-08-17T18:48:05Z,
191.53.19.7,ipv4,imap-attack,high,WHITE,blocklist.de/imap|blocklist.de/all|blocklist.de/mail|ziyadnz/hourly-ipv4,blocklist.de|imap|pop3|brute-force|spam|mail|ziyadnz|hourly,2026-08-17T18:48:05Z,2026-08-17T18:48:05Z,
191.53.19.85,ipv4,imap-attack,high,WHITE,blocklist.de/imap|blocklist.de/all|blocklist.de/mail|ziyadnz/hourly-ipv4,blocklist.de|imap|pop3|brute-force|spam|mail|ziyadnz|hourly,2026-08-17T18:48:05Z,2026-08-17T18:48:05Z,
191.53.40.72,ipv4,imap-attack,high,WHITE,blocklist.de/imap|blocklist.de/all|blocklist.de/mail|ziyadnz/hourly-ipv4,blocklist.de|imap|pop3|brute-force|spam|mail|ziyadnz|hourly,2026-08-17T18:48:05Z,2026-08-17T18:48:05Z,
191.53.40.73,ipv4,imap-attack,high,WHITE,blocklist.de/imap|blocklist.de/all|blocklist.de/mail|ziyadnz/hourly-ipv4,blocklist.de|imap|pop3|brute-force|spam|mail|ziyadnz|hourly,2026-08-17T18:48:05Z,2026-08-17T18:48:05Z,
191.53.8.13,ipv4,imap-attack,high,WHITE,blocklist.de/imap|blocklist.de/all|blocklist.de/mail|ziyadnz/hourly-ipv4,blocklist.de|imap|pop3|brute-force|spam|mail|ziyadnz|hourly,2026-08-17T18:48:05Z,2026-08-17T18:48:05Z,
191.53.9.119,ipv4,imap-attack,high,WHITE,blocklist.de/imap|blocklist.de/all|blocklist.de/mail|ziyadnz/hourly-ipv4,blocklist.de|imap|pop3|brute-force|spam|mail|ziyadnz|hourly,2026-08-17T18:48:05Z,2026-08-17T18:48:05Z,
191.53.9.12,ipv4,imap-attack,high,WHITE,blocklist.de/imap|blocklist.de/all|blocklist.de/mail|ziyadnz/hourly-ipv4,blocklist.de|imap|pop3|brute-force|spam|mail|ziyadnz|hourly,2026-08-17T18:48:05Z,2026-08-17T18:48:05Z,
191.53.9.139,ipv4,imap-attack,high,WHITE,blocklist.de/imap|blocklist.de/all|blocklist.de/mail|ziyadnz/hourly-ipv4,blocklist.de|imap|pop3|brute-force|spam|mail|ziyadnz|hourly,2026-08-17T18:48:05Z,2026-08-17T18:48:05Z,
191.53.9.174,ipv4,imap-attack,high,WHITE,blocklist.de/imap|blocklist.de/all|blocklist.de/mail|ziyadnz/hourly-ipv4,blocklist.de|imap|pop3|brute-force|spam|mail|ziyadnz|hourly,2026-08-17T18:48:05Z,2026-08-17T18:48:05Z,
191.53.9.32,ipv4,imap-attack,high,WHITE,blocklist.de/imap|blocklist.de/all|blocklist.de/mail|ziyadnz/hourly-ipv4,blocklist.de|imap|pop3|brute-force|spam|mail|ziyadnz|hourly,2026-08-17T18:48:05Z,2026-08-17T18:48:05Z,
191.53.9.71,ipv4,imap-attack,high,WHITE,blocklist.de/imap|blocklist.de/all|blocklist.de/mail|ziyadnz/hourly-ipv4,blocklist.de|imap|pop3|brute-force|spam|mail|ziyadnz|hourly,2026-08-17T18:48:05Z,2026-08-17T18:48:05Z,
192.109.139.135,ipv4,imap-attack,high,WHITE,blocklist.de/imap|blocklist.de/all|blocklist.de/mail|ziyadnz/hourly-ipv4,blocklist.de|imap|pop3|brute-force|spam|mail|ziyadnz|hourly,2026-08-17T18:48:05Z,2026-08-17T18:48:05Z,
192.140.123.222,ipv4,imap-attack,high,WHITE,blocklist.de/imap|blocklist.de/all|blocklist.de/mail|ziyadnz/hourly-ipv4,blocklist.de|imap|pop3|brute-force|spam|mail|ziyadnz|hourly,2026-08-17T18:48:05Z,2026-08-17T18:48:05Z,
192.140.28.61,ipv4,imap-attack,high,WHITE,blocklist.de/imap|blocklist.de/all|blocklist.de/mail|ziyadnz/hourly-ipv4,blocklist.de|imap|pop3|brute-force|spam|mail|ziyadnz|hourly,2026-08-17T18:48:05Z,2026-08-17T18:48:05Z,
192.140.29.55,ipv4,imap-attack,high,WHITE,blocklist.de/imap|blocklist.de/all|blocklist.de/mail|ziyadnz/hourly-ipv4,blocklist.de|imap|pop3|brute-force|spam|mail|ziyadnz|hourly,2026-08-17T18:48:05Z,2026-08-17T18:48:05Z,
192.159.99.197,ipv4,imap-attack,high,WHITE,blocklist.de/imap|blocklist.de/all|blocklist.de/mail|ziyadnz/hourly-ipv4,blocklist.de|imap|pop3|brute-force|spam|mail|ziyadnz|hourly,2026-08-17T18:48:05Z,2026-08-17T18:48:05Z,
192.162.98.152,ipv4,imap-attack,high,WHITE,blocklist.de/imap|blocklist.de/all|blocklist.de/mail|ziyadnz/hourly-ipv4,blocklist.de|imap|pop3|brute-force|spam|mail|ziyadnz|hourly,2026-08-17T18:48:05Z,2026-08-17T18:48:05Z,
192.162.99.145,ipv4,imap-attack,high,WHITE,blocklist.de/imap|blocklist.de/all|blocklist.de/mail|ziyadnz/hourly-ipv4,blocklist.de|imap|pop3|brute-force|spam|mail|ziyadnz|hourly,2026-08-17T18:48:05Z,2026-08-17T18:48:05Z,
192.253.248.59,ipv4,imap-attack,high,WHITE,blocklist.de/imap|blocklist.de/all|blocklist.de/mail|ziyadnz/hourly-ipv4,blocklist.de|imap|pop3|brute-force|spam|mail|ziyadnz|hourly,2026-08-17T18:48:05Z,2026-08-17T18:48:05Z,
192.34.164.13,ipv4,imap-attack,high,WHITE,blocklist.de/imap|blocklist.de/all|blocklist.de/mail|ziyadnz/hourly-ipv4,blocklist.de|imap|pop3|brute-force|spam|mail|ziyadnz|hourly,2026-08-17T18:48:05Z,2026-08-17T18:48:05Z,
192.42.116.63,ipv4,imap-attack,high,WHITE,blocklist.de/imap|blocklist.de/all|blocklist.de/mail|ziyadnz/hourly-ipv4,blocklist.de|imap|pop3|brute-force|spam|mail|ziyadnz|hourly,2026-08-17T18:48:05Z,2026-08-17T18:48:05Z,
192.81.229.181,ipv4,imap-attack,high,WHITE,blocklist.de/imap|blocklist.de/all|blocklist.de/mail|ziyadnz/hourly-ipv4,blocklist.de|imap|pop3|brute-force|spam|mail|ziyadnz|hourly,2026-08-17T18:48:05Z,2026-08-17T18:48:05Z,
193.122.89.44,ipv4,imap-attack,high,WHITE,blocklist.de/imap|blocklist.de/all|blocklist.de/mail|ziyadnz/hourly-ipv4,blocklist.de|imap|pop3|brute-force|spam|mail|ziyadnz|hourly,2026-08-17T18:48:05Z,2026-08-17T18:48:05Z,
193.160.245.2,ipv4,imap-attack,high,WHITE,blocklist.de/imap|blocklist.de/all|blocklist.de/mail|ziyadnz/hourly-ipv4,blocklist.de|imap|pop3|brute-force|spam|mail|ziyadnz|hourly,2026-08-17T18:48:05Z,2026-08-17T18:48:05Z,
193.176.211.149,ipv4,imap-attack,high,WHITE,blocklist.de/imap|blocklist.de/all|blocklist.de/mail|ziyadnz/hourly-ipv4,blocklist.de|imap|pop3|brute-force|spam|mail|ziyadnz|hourly,2026-08-17T18:48:05Z,2026-08-17T18:48:05Z,
193.180.125.157,ipv4,imap-attack,high,WHITE,blocklist.de/imap|blocklist.de/all|blocklist.de/mail|ziyadnz/hourly-ipv4,blocklist.de|imap|pop3|brute-force|spam|mail|ziyadnz|hourly,2026-08-17T18:48:05Z,2026-08-17T18:48:05Z,
193.188.113.181,ipv4,imap-attack,high,WHITE,blocklist.de/imap|blocklist.de/all|blocklist.de/mail|ziyadnz/hourly-ipv4,blocklist.de|imap|pop3|brute-force|spam|mail|ziyadnz|hourly,2026-08-17T18:48:05Z,2026-08-17T18:48:05Z,
193.189.100.202,ipv4,imap-attack,high,WHITE,blocklist.de/imap|blocklist.de/all|blocklist.de/mail|ziyadnz/hourly-ipv4,blocklist.de|imap|pop3|brute-force|spam|mail|ziyadnz|hourly,2026-08-17T18:48:05Z,2026-08-17T18:48:05Z,
193.234.119.161,ipv4,imap-attack,high,WHITE,blocklist.de/imap|blocklist.de/all|blocklist.de/mail|ziyadnz/hourly-ipv4,blocklist.de|imap|pop3|brute-force|spam|mail|ziyadnz|hourly,2026-08-17T18:48:05Z,2026-08-17T18:48:05Z,
193.234.119.22,ipv4,imap-attack,high,WHITE,blocklist.de/imap|blocklist.de/all|blocklist.de/mail|ziyadnz/hourly-ipv4,blocklist.de|imap|pop3|brute-force|spam|mail|ziyadnz|hourly,2026-08-17T18:48:05Z,2026-08-17T18:48:05Z,
193.234.119.60,ipv4,imap-attack,high,WHITE,blocklist.de/imap|blocklist.de/all|blocklist.de/mail|ziyadnz/hourly-ipv4,blocklist.de|imap|pop3|brute-force|spam|mail|ziyadnz|hourly,2026-08-17T18:48:05Z,2026-08-17T18:48:05Z,
193.234.119.73,ipv4,imap-attack,high,WHITE,blocklist.de/imap|blocklist.de/all|blocklist.de/mail|ziyadnz/hourly-ipv4,blocklist.de|imap|pop3|brute-force|spam|mail|ziyadnz|hourly,2026-08-17T18:48:05Z,2026-08-17T18:48:05Z,
193.234.119.76,ipv4,imap-attack,high,WHITE,blocklist.de/imap|blocklist.de/all|blocklist.de/mail|ziyadnz/hourly-ipv4,blocklist.de|imap|pop3|brute-force|spam|mail|ziyadnz|hourly,2026-08-17T18:48:05Z,2026-08-17T18:48:05Z,
193.30.129.29,ipv4,imap-attack,high,WHITE,blocklist.de/imap|blocklist.de/all|blocklist.de/mail|ziyadnz/hourly-ipv4,blocklist.de|imap|pop3|brute-force|spam|mail|ziyadnz|hourly,2026-08-17T18:48:05Z,2026-08-17T18:48:05Z,
193.31.200.85,ipv4,imap-attack,high,WHITE,blocklist.de/imap|blocklist.de/all|blocklist.de/mail|ziyadnz/hourly-ipv4,blocklist.de|imap|pop3|brute-force|spam|mail|ziyadnz|hourly,2026-08-17T18:48:05Z,2026-08-17T18:48:05Z,
193.32.162.76,ipv4,imap-attack,high,WHITE,blocklist.de/imap|blocklist.de/all|blocklist.de/mail|ziyadnz/hourly-ipv4,blocklist.de|imap|pop3|brute-force|spam|mail|ziyadnz|hourly,2026-08-17T18:48:05Z,2026-08-17T18:48:05Z,
193.32.68.155,ipv4,imap-attack,high,WHITE,blocklist.de/imap|blocklist.de/all|blocklist.de/mail|ziyadnz/hourly-ipv4,blocklist.de|imap|pop3|brute-force|spam|mail|ziyadnz|hourly,2026-08-17T18:48:05Z,2026-08-17T18:48:05Z,
193.36.105.5,ipv4,imap-attack,high,WHITE,blocklist.de/imap|blocklist.de/all|blocklist.de/mail|ziyadnz/hourly-ipv4,blocklist.de|imap|pop3|brute-force|spam|mail|ziyadnz|hourly,2026-08-17T18:48:05Z,2026-08-17T18:48:05Z,
193.43.159.105,ipv4,imap-attack,high,WHITE,blocklist.de/imap|blocklist.de/all|blocklist.de/mail|ziyadnz/hourly-ipv4,blocklist.de|imap|pop3|brute-force|spam|mail|ziyadnz|hourly,2026-08-17T18:48:05Z,2026-08-17T18:48:05Z,
193.46.192.20,ipv4,imap-attack,high,WHITE,blocklist.de/imap|blocklist.de/all|blocklist.de/mail|ziyadnz/hourly-ipv4,blocklist.de|imap|pop3|brute-force|spam|mail|ziyadnz|hourly,2026-08-17T18:48:05Z,2026-08-17T18:48:05Z,
193.58.178.246,ipv4,imap-attack,high,WHITE,blocklist.de/imap|blocklist.de/all|blocklist.de/mail|ziyadnz/hourly-ipv4,blocklist.de|imap|pop3|brute-force|spam|mail|ziyadnz|hourly,2026-08-17T18:48:05Z,2026-08-17T18:48:05Z,
194.12.68.22,ipv4,imap-attack,high,WHITE,blocklist.de/imap|blocklist.de/all|blocklist.de/mail|ziyadnz/hourly-ipv4,blocklist.de|imap|pop3|brute-force|spam|mail|ziyadnz|hourly,2026-08-17T18:48:05Z,2026-08-17T18:48:05Z,
194.12.70.22,ipv4,imap-attack,high,WHITE,blocklist.de/imap|blocklist.de/all|blocklist.de/mail|ziyadnz/hourly-ipv4,blocklist.de|imap|pop3|brute-force|spam|mail|ziyadnz|hourly,2026-08-17T18:48:05Z,2026-08-17T18:48:05Z,
194.12.77.151,ipv4,imap-attack,high,WHITE,blocklist.de/imap|blocklist.de/all|blocklist.de/mail|ziyadnz/hourly-ipv4,blocklist.de|imap|pop3|brute-force|spam|mail|ziyadnz|hourly,2026-08-17T18:48:05Z,2026-08-17T18:48:05Z,
194.12.80.73,ipv4,imap-attack,high,WHITE,blocklist.de/imap|blocklist.de/all|blocklist.de/mail|ziyadnz/hourly-ipv4,blocklist.de|imap|pop3|brute-force|spam|mail|ziyadnz|hourly,2026-08-17T18:48:05Z,2026-08-17T18:48:05Z,
194.126.180.181,ipv4,imap-attack,high,WHITE,blocklist.de/imap|blocklist.de/all|blocklist.de/mail|ziyadnz/hourly-ipv4,blocklist.de|imap|pop3|brute-force|spam|mail|ziyadnz|hourly,2026-08-17T18:48:05Z,2026-08-17T18:48:05Z,
194.126.182.139,ipv4,imap-attack,high,WHITE,blocklist.de/imap|blocklist.de/all|blocklist.de/mail|ziyadnz/hourly-ipv4,blocklist.de|imap|pop3|brute-force|spam|mail|ziyadnz|hourly,2026-08-17T18:48:05Z,2026-08-17T18:48:05Z,
194.19.7.82,ipv4,imap-attack,high,WHITE,blocklist.de/imap|blocklist.de/all|blocklist.de/mail|ziyadnz/hourly-ipv4,blocklist.de|imap|pop3|brute-force|spam|mail|ziyadnz|hourly,2026-08-17T18:48:05Z,2026-08-17T18:48:05Z,
194.44.140.10,ipv4,imap-attack,high,WHITE,blocklist.de/imap|blocklist.de/all|blocklist.de/mail|ziyadnz/hourly-ipv4,blocklist.de|imap|pop3|brute-force|spam|mail|ziyadnz|hourly,2026-08-17T18:48:05Z,2026-08-17T18:48:05Z,
194.44.140.114,ipv4,imap-attack,high,WHITE,blocklist.de/imap|blocklist.de/all|blocklist.de/mail|ziyadnz/hourly-ipv4,blocklist.de|imap|pop3|brute-force|spam|mail|ziyadnz|hourly,2026-08-17T18:48:05Z,2026-08-17T18:48:05Z,
194.44.140.133,ipv4,imap-attack,high,WHITE,blocklist.de/imap|blocklist.de/all|blocklist.de/mail|ziyadnz/hourly-ipv4,blocklist.de|imap|pop3|brute-force|spam|mail|ziyadnz|hourly,2026-08-17T18:48:05Z,2026-08-17T18:48:05Z,
194.44.140.146,ipv4,imap-attack,high,WHITE,blocklist.de/imap|blocklist.de/all|blocklist.de/mail|ziyadnz/hourly-ipv4,blocklist.de|imap|pop3|brute-force|spam|mail|ziyadnz|hourly,2026-08-17T18:48:05Z,2026-08-17T18:48:05Z,
194.44.140.152,ipv4,imap-attack,high,WHITE,blocklist.de/imap|blocklist.de/all|blocklist.de/mail|ziyadnz/hourly-ipv4,blocklist.de|imap|pop3|brute-force|spam|mail|ziyadnz|hourly,2026-08-17T18:48:05Z,2026-08-17T18:48:05Z,
194.44.140.17,ipv4,imap-attack,high,WHITE,blocklist.de/imap|blocklist.de/all|blocklist.de/mail|ziyadnz/hourly-ipv4,blocklist.de|imap|pop3|brute-force|spam|mail|ziyadnz|hourly,2026-08-17T18:48:05Z,2026-08-17T18:48:05Z,
194.44.140.175,ipv4,imap-attack,high,WHITE,blocklist.de/imap|blocklist.de/all|blocklist.de/mail|ziyadnz/hourly-ipv4,blocklist.de|imap|pop3|brute-force|spam|mail|ziyadnz|hourly,2026-08-17T18:48:05Z,2026-08-17T18:48:05Z,
194.44.140.181,ipv4,imap-attack,high,WHITE,blocklist.de/imap|blocklist.de/all|blocklist.de/mail|ziyadnz/hourly-ipv4,blocklist.de|imap|pop3|brute-force|spam|mail|ziyadnz|hourly,2026-08-17T18:48:05Z,2026-08-17T18:48:05Z,
194.44.140.186,ipv4,imap-attack,high,WHITE,blocklist.de/imap|blocklist.de/all|blocklist.de/mail|ziyadnz/hourly-ipv4,blocklist.de|imap|pop3|brute-force|spam|mail|ziyadnz|hourly,2026-08-17T18:48:05Z,2026-08-17T18:48:05Z,
194.44.140.2,ipv4,imap-attack,high,WHITE,blocklist.de/imap|blocklist.de/all|blocklist.de/mail|ziyadnz/hourly-ipv4,blocklist.de|imap|pop3|brute-force|spam|mail|ziyadnz|hourly,2026-08-17T18:48:05Z,2026-08-17T18:48:05Z,
194.44.140.204,ipv4,imap-attack,high,WHITE,blocklist.de/imap|blocklist.de/all|blocklist.de/mail|ziyadnz/hourly-ipv4,blocklist.de|imap|pop3|brute-force|spam|mail|ziyadnz|hourly,2026-08-17T18:48:05Z,2026-08-17T18:48:05Z,
194.44.140.29,ipv4,imap-attack,high,WHITE,blocklist.de/imap|blocklist.de/all|blocklist.de/mail|ziyadnz/hourly-ipv4,blocklist.de|imap|pop3|brute-force|spam|mail|ziyadnz|hourly,2026-08-17T18:48:05Z,2026-08-17T18:48:05Z,
194.44.140.41,ipv4,imap-attack,high,WHITE,blocklist.de/imap|blocklist.de/all|blocklist.de/mail|ziyadnz/hourly-ipv4,blocklist.de|imap|pop3|brute-force|spam|mail|ziyadnz|hourly,2026-08-17T18:48:05Z,2026-08-17T18:48:05Z,
194.44.140.42,ipv4,imap-attack,high,WHITE,blocklist.de/imap|blocklist.de/all|blocklist.de/mail|ziyadnz/hourly-ipv4,blocklist.de|imap|pop3|brute-force|spam|mail|ziyadnz|hourly,2026-08-17T18:48:05Z,2026-08-17T18:48:05Z,
194.44.140.67,ipv4,imap-attack,high,WHITE,blocklist.de/imap|blocklist.de/all|blocklist.de/mail|ziyadnz/hourly-ipv4,blocklist.de|imap|pop3|brute-force|spam|mail|ziyadnz|hourly,2026-08-17T18:48:05Z,2026-08-17T18:48:05Z,
194.44.140.89,ipv4,imap-attack,high,WHITE,blocklist.de/imap|blocklist.de/all|blocklist.de/mail|ziyadnz/hourly-ipv4,blocklist.de|imap|pop3|brute-force|spam|mail|ziyadnz|hourly,2026-08-17T18:48:05Z,2026-08-17T18:48:05Z,
194.44.140.96,ipv4,imap-attack,high,WHITE,blocklist.de/imap|blocklist.de/all|blocklist.de/mail|ziyadnz/hourly-ipv4,blocklist.de|imap|pop3|brute-force|spam|mail|ziyadnz|hourly,2026-08-17T18:48:05Z,2026-08-17T18:48:05Z,
194.44.72.2,ipv4,imap-attack,high,WHITE,blocklist.de/imap|blocklist.de/all|blocklist.de/mail|ziyadnz/hourly-ipv4,blocklist.de|imap|pop3|brute-force|spam|mail|ziyadnz|hourly,2026-08-17T18:48:05Z,2026-08-17T18:48:05Z,
194.44.75.122,ipv4,imap-attack,high,WHITE,blocklist.de/imap|blocklist.de/all|blocklist.de/mail|ziyadnz/hourly-ipv4,blocklist.de|imap|pop3|brute-force|spam|mail|ziyadnz|hourly,2026-08-17T18:48:05Z,2026-08-17T18:48:05Z,
194.44.78.211,ipv4,imap-attack,high,WHITE,blocklist.de/imap|blocklist.de/all|blocklist.de/mail|ziyadnz/hourly-ipv4,blocklist.de|imap|pop3|brute-force|spam|mail|ziyadnz|hourly,2026-08-17T18:48:05Z,2026-08-17T18:48:05Z,
194.44.78.56,ipv4,imap-attack,high,WHITE,blocklist.de/imap|blocklist.de/all|blocklist.de/mail|ziyadnz/hourly-ipv4,blocklist.de|imap|pop3|brute-force|spam|mail|ziyadnz|hourly,2026-08-17T18:48:05Z,2026-08-17T18:48:05Z,
194.59.245.3,ipv4,imap-attack,high,WHITE,blocklist.de/imap|blocklist.de/all|blocklist.de/mail|ziyadnz/hourly-ipv4,blocklist.de|imap|pop3|brute-force|spam|mail|ziyadnz|hourly,2026-08-17T18:48:05Z,2026-08-17T18:48:05Z,
194.60.212.202,ipv4,imap-attack,high,WHITE,blocklist.de/imap|blocklist.de/all|blocklist.de/mail|ziyadnz/hourly-ipv4,blocklist.de|imap|pop3|brute-force|spam|mail|ziyadnz|hourly,2026-08-17T18:48:05Z,2026-08-17T18:48:05Z,
194.99.85.240,ipv4,imap-attack,high,WHITE,blocklist.de/imap|blocklist.de/all|blocklist.de/mail|ziyadnz/hourly-ipv4,blocklist.de|imap|pop3|brute-force|spam|mail|ziyadnz|hourly,2026-08-17T18:48:05Z,2026-08-17T18:48:05Z,
195.178.60.143,ipv4,imap-attack,high,WHITE,blocklist.de/imap|blocklist.de/all|blocklist.de/mail|ziyadnz/hourly-ipv4,blocklist.de|imap|pop3|brute-force|spam|mail|ziyadnz|hourly,2026-08-17T18:48:05Z,2026-08-17T18:48:05Z,
195.189.227.130,ipv4,imap-attack,high,WHITE,blocklist.de/imap|blocklist.de/all|blocklist.de/mail|ziyadnz/hourly-ipv4,blocklist.de|imap|pop3|brute-force|spam|mail|ziyadnz|hourly,2026-08-17T18:48:05Z,2026-08-17T18:48:05Z,
195.211.39.144,ipv4,imap-attack,high,WHITE,blocklist.de/imap|blocklist.de/all|blocklist.de/mail|ziyadnz/hourly-ipv4,blocklist.de|imap|pop3|brute-force|spam|mail|ziyadnz|hourly,2026-08-17T18:48:05Z,2026-08-17T18:48:05Z,
195.222.43.138,ipv4,imap-attack,high,WHITE,blocklist.de/imap|blocklist.de/all|blocklist.de/mail|ziyadnz/hourly-ipv4,blocklist.de|imap|pop3|brute-force|spam|mail|ziyadnz|hourly,2026-08-17T18:48:05Z,2026-08-17T18:48:05Z,
195.242.125.186,ipv4,imap-attack,high,WHITE,blocklist.de/imap|blocklist.de/all|blocklist.de/mail|ziyadnz/hourly-ipv4,blocklist.de|imap|pop3|brute-force|spam|mail|ziyadnz|hourly,2026-08-17T18:48:05Z,2026-08-17T18:48:05Z,
195.39.242.162,ipv4,imap-attack,high,WHITE,blocklist.de/imap|blocklist.de/all|blocklist.de/mail|ziyadnz/hourly-ipv4,blocklist.de|imap|pop3|brute-force|spam|mail|ziyadnz|hourly,2026-08-17T18:48:05Z,2026-08-17T18:48:05Z,
195.64.250.112,ipv4,imap-attack,high,WHITE,blocklist.de/imap|blocklist.de/all|blocklist.de/mail|ziyadnz/hourly-ipv4,blocklist.de|imap|pop3|brute-force|spam|mail|ziyadnz|hourly,2026-08-17T18:48:05Z,2026-08-17T18:48:05Z,
195.64.250.170,ipv4,imap-attack,high,WHITE,blocklist.de/imap|blocklist.de/all|blocklist.de/mail|ziyadnz/hourly-ipv4,blocklist.de|imap|pop3|brute-force|spam|mail|ziyadnz|hourly,2026-08-17T18:48:05Z,2026-08-17T18:48:05Z,
195.96.139.59,ipv4,imap-attack,high,WHITE,blocklist.de/imap|blocklist.de/all|blocklist.de/mail|ziyadnz/hourly-ipv4,blocklist.de|imap|pop3|brute-force|spam|mail|ziyadnz|hourly,2026-08-17T18:48:05Z,2026-08-17T18:48:05Z,
196.0.10.114,ipv4,imap-attack,high,WHITE,blocklist.de/imap|blocklist.de/all|blocklist.de/mail|ziyadnz/hourly-ipv4,blocklist.de|imap|pop3|brute-force|spam|mail|ziyadnz|hourly,2026-08-17T18:48:05Z,2026-08-17T18:48:05Z,
196.0.10.126,ipv4,imap-attack,high,WHITE,blocklist.de/imap|blocklist.de/all|blocklist.de/mail|ziyadnz/hourly-ipv4,blocklist.de|imap|pop3|brute-force|spam|mail|ziyadnz|hourly,2026-08-17T18:48:05Z,2026-08-17T18:48:05Z,
196.0.10.162,ipv4,imap-attack,high,WHITE,blocklist.de/imap|blocklist.de/all|blocklist.de/mail|ziyadnz/hourly-ipv4,blocklist.de|imap|pop3|brute-force|spam|mail|ziyadnz|hourly,2026-08-17T18:48:05Z,2026-08-17T18:48:05Z,
196.0.107.10,ipv4,imap-attack,high,WHITE,blocklist.de/imap|blocklist.de/all|blocklist.de/mail|ziyadnz/hourly-ipv4,blocklist.de|imap|pop3|brute-force|spam|mail|ziyadnz|hourly,2026-08-17T18:48:05Z,2026-08-17T18:48:05Z,
196.0.107.110,ipv4,imap-attack,high,WHITE,blocklist.de/imap|blocklist.de/all|blocklist.de/mail|ziyadnz/hourly-ipv4,blocklist.de|imap|pop3|brute-force|spam|mail|ziyadnz|hourly,2026-08-17T18:48:05Z,2026-08-17T18:48:05Z,
196.0.107.158,ipv4,imap-attack,high,WHITE,blocklist.de/imap|blocklist.de/all|blocklist.de/mail|ziyadnz/hourly-ipv4,blocklist.de|imap|pop3|brute-force|spam|mail|ziyadnz|hourly,2026-08-17T18:48:05Z,2026-08-17T18:48:05Z,
196.0.107.234,ipv4,imap-attack,high,WHITE,blocklist.de/imap|blocklist.de/all|blocklist.de/mail|ziyadnz/hourly-ipv4,blocklist.de|imap|pop3|brute-force|spam|mail|ziyadnz|hourly,2026-08-17T18:48:05Z,2026-08-17T18:48:05Z,
196.0.111.142,ipv4,imap-attack,high,WHITE,blocklist.de/imap|blocklist.de/all|blocklist.de/mail|ziyadnz/hourly-ipv4,blocklist.de|imap|pop3|brute-force|spam|mail|ziyadnz|hourly,2026-08-17T18:48:05Z,2026-08-17T18:48:05Z,
196.0.113.110,ipv4,imap-attack,high,WHITE,blocklist.de/imap|blocklist.de/all|blocklist.de/mail|ziyadnz/hourly-ipv4,blocklist.de|imap|pop3|brute-force|spam|mail|ziyadnz|hourly,2026-08-17T18:48:05Z,2026-08-17T18:48:05Z,
196.0.117.238,ipv4,imap-attack,high,WHITE,blocklist.de/imap|blocklist.de/all|blocklist.de/mail|ziyadnz/hourly-ipv4,blocklist.de|imap|pop3|brute-force|spam|mail|ziyadnz|hourly,2026-08-17T18:48:05Z,2026-08-17T18:48:05Z,
196.0.119.2,ipv4,imap-attack,high,WHITE,blocklist.de/imap|blocklist.de/all|blocklist.de/mail|ziyadnz/hourly-ipv4,blocklist.de|imap|pop3|brute-force|spam|mail|ziyadnz|hourly,2026-08-17T18:48:05Z,2026-08-17T18:48:05Z,
196.0.119.250,ipv4,imap-attack,high,WHITE,blocklist.de/imap|blocklist.de/all|blocklist.de/mail|ziyadnz/hourly-ipv4,blocklist.de|imap|pop3|brute-force|spam|mail|ziyadnz|hourly,2026-08-17T18:48:05Z,2026-08-17T18:48:05Z,
196.0.12.130,ipv4,imap-attack,high,WHITE,blocklist.de/imap|blocklist.de/all|blocklist.de/mail|ziyadnz/hourly-ipv4,blocklist.de|imap|pop3|brute-force|spam|mail|ziyadnz|hourly,2026-08-17T18:48:05Z,2026-08-17T18:48:05Z,
196.0.122.106,ipv4,imap-attack,high,WHITE,blocklist.de/imap|blocklist.de/all|blocklist.de/mail|ziyadnz/hourly-ipv4,blocklist.de|imap|pop3|brute-force|spam|mail|ziyadnz|hourly,2026-08-17T18:48:05Z,2026-08-17T18:48:05Z,
196.0.122.122,ipv4,imap-attack,high,WHITE,blocklist.de/imap|blocklist.de/all|blocklist.de/mail|ziyadnz/hourly-ipv4,blocklist.de|imap|pop3|brute-force|spam|mail|ziyadnz|hourly,2026-08-17T18:48:05Z,2026-08-17T18:48:05Z,
196.0.124.150,ipv4,imap-attack,high,WHITE,blocklist.de/imap|blocklist.de/all|blocklist.de/mail|ziyadnz/hourly-ipv4,blocklist.de|imap|pop3|brute-force|spam|mail|ziyadnz|hourly,2026-08-17T18:48:05Z,2026-08-17T18:48:05Z,
196.0.124.2,ipv4,imap-attack,high,WHITE,blocklist.de/imap|blocklist.de/all|blocklist.de/mail|ziyadnz/hourly-ipv4,blocklist.de|imap|pop3|brute-force|spam|mail|ziyadnz|hourly,2026-08-17T18:48:05Z,2026-08-17T18:48:05Z,
196.0.41.134,ipv4,imap-attack,high,WHITE,blocklist.de/imap|blocklist.de/all|blocklist.de/mail|ziyadnz/hourly-ipv4,blocklist.de|imap|pop3|brute-force|spam|mail|ziyadnz|hourly,2026-08-17T18:48:05Z,2026-08-17T18:48:05Z,
196.0.54.114,ipv4,imap-attack,high,WHITE,blocklist.de/imap|blocklist.de/all|blocklist.de/mail|ziyadnz/hourly-ipv4,blocklist.de|imap|pop3|brute-force|spam|mail|ziyadnz|hourly,2026-08-17T18:48:05Z,2026-08-17T18:48:05Z,
196.0.87.2,ipv4,imap-attack,high,WHITE,blocklist.de/imap|blocklist.de/all|blocklist.de/mail|ziyadnz/hourly-ipv4,blocklist.de|imap|pop3|brute-force|spam|mail|ziyadnz|hourly,2026-08-17T18:48:05Z,2026-08-17T18:48:05Z,
196.120.180.178,ipv4,imap-attack,high,WHITE,blocklist.de/imap|blocklist.de/all|blocklist.de/mail|ziyadnz/hourly-ipv4,blocklist.de|imap|pop3|brute-force|spam|mail|ziyadnz|hourly,2026-08-17T18:48:05Z,2026-08-17T18:48:05Z,
196.120.47.78,ipv4,imap-attack,high,WHITE,blocklist.de/imap|blocklist.de/all|blocklist.de/mail|ziyadnz/hourly-ipv4,blocklist.de|imap|pop3|brute-force|spam|mail|ziyadnz|hourly,2026-08-17T18:48:05Z,2026-08-17T18:48:05Z,
196.188.187.21,ipv4,imap-attack,high,WHITE,blocklist.de/imap|blocklist.de/all|blocklist.de/mail|ziyadnz/hourly-ipv4,blocklist.de|imap|pop3|brute-force|spam|mail|ziyadnz|hourly,2026-08-17T18:48:05Z,2026-08-17T18:48:05Z,
196.188.226.42,ipv4,imap-attack,high,WHITE,blocklist.de/imap|blocklist.de/all|blocklist.de/mail|ziyadnz/hourly-ipv4,blocklist.de|imap|pop3|brute-force|spam|mail|ziyadnz|hourly,2026-08-17T18:48:05Z,2026-08-17T18:48:05Z,
196.188.97.120,ipv4,imap-attack,high,WHITE,blocklist.de/imap|blocklist.de/all|blocklist.de/mail|ziyadnz/hourly-ipv4,blocklist.de|imap|pop3|brute-force|spam|mail|ziyadnz|hourly,2026-08-17T18:48:05Z,2026-08-17T18:48:05Z,
196.189.51.64,ipv4,imap-attack,high,WHITE,blocklist.de/imap|blocklist.de/all|blocklist.de/mail|ziyadnz/hourly-ipv4,blocklist.de|imap|pop3|brute-force|spam|mail|ziyadnz|hourly,2026-08-17T18:48:05Z,2026-08-17T18:48:05Z,
196.189.59.226,ipv4,imap-attack,high,WHITE,blocklist.de/imap|blocklist.de/all|blocklist.de/mail|ziyadnz/hourly-ipv4,blocklist.de|imap|pop3|brute-force|spam|mail|ziyadnz|hourly,2026-08-17T18:48:05Z,2026-08-17T18:48:05Z,
196.190.180.18,ipv4,imap-attack,high,WHITE,blocklist.de/imap|blocklist.de/all|blocklist.de/mail|ziyadnz/hourly-ipv4,blocklist.de|imap|pop3|brute-force|spam|mail|ziyadnz|hourly,2026-08-17T18:48:05Z,2026-08-17T18:48:05Z,
196.190.220.168,ipv4,imap-attack,high,WHITE,blocklist.de/imap|blocklist.de/all|blocklist.de/mail|ziyadnz/hourly-ipv4,blocklist.de|imap|pop3|brute-force|spam|mail|ziyadnz|hourly,2026-08-17T18:48:05Z,2026-08-17T18:48:05Z,
196.190.220.199,ipv4,imap-attack,high,WHITE,blocklist.de/imap|blocklist.de/all|blocklist.de/mail|ziyadnz/hourly-ipv4,blocklist.de|imap|pop3|brute-force|spam|mail|ziyadnz|hourly,2026-08-17T18:48:05Z,2026-08-17T18:48:05Z,
196.207.177.56,ipv4,imap-attack,high,WHITE,blocklist.de/imap|blocklist.de/all|blocklist.de/mail|ziyadnz/hourly-ipv4,blocklist.de|imap|pop3|brute-force|spam|mail|ziyadnz|hourly,2026-08-17T18:48:05Z,2026-08-17T18:48:05Z,
196.219.93.98,ipv4,imap-attack,high,WHITE,blocklist.de/imap|blocklist.de/all|blocklist.de/mail|ziyadnz/hourly-ipv4,blocklist.de|imap|pop3|brute-force|spam|mail|ziyadnz|hourly,2026-08-17T18:48:05Z,2026-08-17T18:48:05Z,
196.251.121.123,ipv4,imap-attack,high,WHITE,blocklist.de/imap|blocklist.de/all|blocklist.de/mail|ziyadnz/hourly-ipv4,blocklist.de|imap|pop3|brute-force|spam|mail|ziyadnz|hourly,2026-08-17T18:48:05Z,2026-08-17T18:48:05Z,
196.251.121.125,ipv4,imap-attack,high,WHITE,blocklist.de/imap|blocklist.de/all|blocklist.de/mail|ziyadnz/hourly-ipv4,blocklist.de|imap|pop3|brute-force|spam|mail|ziyadnz|hourly,2026-08-17T18:48:05Z,2026-08-17T18:48:05Z,
196.251.121.126,ipv4,imap-attack,high,WHITE,blocklist.de/imap|blocklist.de/all|blocklist.de/mail|ziyadnz/hourly-ipv4,blocklist.de|imap|pop3|brute-force|spam|mail|ziyadnz|hourly,2026-08-17T18:48:05Z,2026-08-17T18:48:05Z,
196.251.121.128,ipv4,imap-attack,high,WHITE,blocklist.de/imap|blocklist.de/all|blocklist.de/mail|ziyadnz/hourly-ipv4,blocklist.de|imap|pop3|brute-force|spam|mail|ziyadnz|hourly,2026-08-17T18:48:05Z,2026-08-17T18:48:05Z,
196.251.121.129,ipv4,imap-attack,high,WHITE,blocklist.de/imap|blocklist.de/all|blocklist.de/mail|ziyadnz/hourly-ipv4,blocklist.de|imap|pop3|brute-force|spam|mail|ziyadnz|hourly,2026-08-17T18:48:05Z,2026-08-17T18:48:05Z,
196.251.121.130,ipv4,imap-attack,high,WHITE,blocklist.de/imap|blocklist.de/all|blocklist.de/mail|ziyadnz/hourly-ipv4,blocklist.de|imap|pop3|brute-force|spam|mail|ziyadnz|hourly,2026-08-17T18:48:05Z,2026-08-17T18:48:05Z,
196.251.121.131,ipv4,imap-attack,high,WHITE,blocklist.de/imap|blocklist.de/all|blocklist.de/mail|ziyadnz/hourly-ipv4,blocklist.de|imap|pop3|brute-force|spam|mail|ziyadnz|hourly,2026-08-17T18:48:05Z,2026-08-17T18:48:05Z,
196.251.121.141,ipv4,imap-attack,high,WHITE,blocklist.de/imap|blocklist.de/all|blocklist.de/mail|ziyadnz/hourly-ipv4,blocklist.de|imap|pop3|brute-force|spam|mail|ziyadnz|hourly,2026-08-17T18:48:05Z,2026-08-17T18:48:05Z,
196.251.121.23,ipv4,imap-attack,high,WHITE,blocklist.de/imap|blocklist.de/all|blocklist.de/mail|ziyadnz/hourly-ipv4,blocklist.de|imap|pop3|brute-force|spam|mail|ziyadnz|hourly,2026-08-17T18:48:05Z,2026-08-17T18:48:05Z,
196.251.121.28,ipv4,imap-attack,high,WHITE,blocklist.de/imap|blocklist.de/all|blocklist.de/mail|ziyadnz/hourly-ipv4,blocklist.de|imap|pop3|brute-force|spam|mail|ziyadnz|hourly,2026-08-17T18:48:05Z,2026-08-17T18:48:05Z,
196.251.121.46,ipv4,imap-attack,high,WHITE,blocklist.de/imap|blocklist.de/all|blocklist.de/mail|ziyadnz/hourly-ipv4,blocklist.de|imap|pop3|brute-force|spam|mail|ziyadnz|hourly,2026-08-17T18:48:05Z,2026-08-17T18:48:05Z,
196.46.202.234,ipv4,imap-attack,high,WHITE,blocklist.de/imap|blocklist.de/all|blocklist.de/mail|ziyadnz/hourly-ipv4,blocklist.de|imap|pop3|brute-force|spam|mail|ziyadnz|hourly,2026-08-17T18:48:05Z,2026-08-17T18:48:05Z,
197.11.130.163,ipv4,imap-attack,high,WHITE,blocklist.de/imap|blocklist.de/all|blocklist.de/mail|ziyadnz/hourly-ipv4,blocklist.de|imap|pop3|brute-force|spam|mail|ziyadnz|hourly,2026-08-17T18:48:05Z,2026-08-17T18:48:05Z,
197.120.247.231,ipv4,imap-attack,high,WHITE,blocklist.de/imap|blocklist.de/all|blocklist.de/mail|ziyadnz/hourly-ipv4,blocklist.de|imap|pop3|brute-force|spam|mail|ziyadnz|hourly,2026-08-17T18:48:05Z,2026-08-17T18:48:05Z,
197.121.235.159,ipv4,imap-attack,high,WHITE,blocklist.de/imap|blocklist.de/all|blocklist.de/mail|ziyadnz/hourly-ipv4,blocklist.de|imap|pop3|brute-force|spam|mail|ziyadnz|hourly,2026-08-17T18:48:05Z,2026-08-17T18:48:05Z,
197.15.41.123,ipv4,imap-attack,high,WHITE,blocklist.de/imap|blocklist.de/all|blocklist.de/mail|ziyadnz/hourly-ipv4,blocklist.de|imap|pop3|brute-force|spam|mail|ziyadnz|hourly,2026-08-17T18:48:05Z,2026-08-17T18:48:05Z,
197.155.225.93,ipv4,imap-attack,high,WHITE,blocklist.de/imap|blocklist.de/all|blocklist.de/mail|ziyadnz/hourly-ipv4,blocklist.de|imap|pop3|brute-force|spam|mail|ziyadnz|hourly,2026-08-17T18:48:05Z,2026-08-17T18:48:05Z,
197.157.252.162,ipv4,imap-attack,high,WHITE,blocklist.de/imap|blocklist.de/all|blocklist.de/mail|ziyadnz/hourly-ipv4,blocklist.de|imap|pop3|brute-force|spam|mail|ziyadnz|hourly,2026-08-17T18:48:05Z,2026-08-17T18:48:05Z,
197.186.52.212,ipv4,imap-attack,high,WHITE,blocklist.de/imap|blocklist.de/all|blocklist.de/mail|ziyadnz/hourly-ipv4,blocklist.de|imap|pop3|brute-force|spam|mail|ziyadnz|hourly,2026-08-17T18:48:05Z,2026-08-17T18:48:05Z,
197.200.4.177,ipv4,imap-attack,high,WHITE,blocklist.de/imap|blocklist.de/all|blocklist.de/mail|ziyadnz/hourly-ipv4,blocklist.de|imap|pop3|brute-force|spam|mail|ziyadnz|hourly,2026-08-17T18:48:05Z,2026-08-17T18:48:05Z,
197.211.32.242,ipv4,imap-attack,high,WHITE,blocklist.de/imap|blocklist.de/all|blocklist.de/mail|ziyadnz/hourly-ipv4,blocklist.de|imap|pop3|brute-force|spam|mail|ziyadnz|hourly,2026-08-17T18:48:05Z,2026-08-17T18:48:05Z,
197.217.31.8,ipv4,imap-attack,high,WHITE,blocklist.de/imap|blocklist.de/all|blocklist.de/mail|ziyadnz/hourly-ipv4,blocklist.de|imap|pop3|brute-force|spam|mail|ziyadnz|hourly,2026-08-17T18:48:05Z,2026-08-17T18:48:05Z,
197.219.208.38,ipv4,imap-attack,high,WHITE,blocklist.de/imap|blocklist.de/all|blocklist.de/mail|ziyadnz/hourly-ipv4,blocklist.de|imap|pop3|brute-force|spam|mail|ziyadnz|hourly,2026-08-17T18:48:05Z,2026-08-17T18:48:05Z,
197.219.208.58,ipv4,imap-attack,high,WHITE,blocklist.de/imap|blocklist.de/all|blocklist.de/mail|ziyadnz/hourly-ipv4,blocklist.de|imap|pop3|brute-force|spam|mail|ziyadnz|hourly,2026-08-17T18:48:05Z,2026-08-17T18:48:05Z,
197.219.228.242,ipv4,imap-attack,high,WHITE,blocklist.de/imap|blocklist.de/all|blocklist.de/mail|ziyadnz/hourly-ipv4,blocklist.de|imap|pop3|brute-force|spam|mail|ziyadnz|hourly,2026-08-17T18:48:05Z,2026-08-17T18:48:05Z,
197.219.228.246,ipv4,imap-attack,high,WHITE,blocklist.de/imap|blocklist.de/all|blocklist.de/mail|ziyadnz/hourly-ipv4,blocklist.de|imap|pop3|brute-force|spam|mail|ziyadnz|hourly,2026-08-17T18:48:05Z,2026-08-17T18:48:05Z,
197.219.228.250,ipv4,imap-attack,high,WHITE,blocklist.de/imap|blocklist.de/all|blocklist.de/mail|ziyadnz/hourly-ipv4,blocklist.de|imap|pop3|brute-force|spam|mail|ziyadnz|hourly,2026-08-17T18:48:05Z,2026-08-17T18:48:05Z,
197.231.202.201,ipv4,imap-attack,high,WHITE,blocklist.de/imap|blocklist.de/all|blocklist.de/mail|ziyadnz/hourly-ipv4,blocklist.de|imap|pop3|brute-force|spam|mail|ziyadnz|hourly,2026-08-17T18:48:05Z,2026-08-17T18:48:05Z,
197.234.202.100,ipv4,imap-attack,high,WHITE,blocklist.de/imap|blocklist.de/all|blocklist.de/mail|ziyadnz/hourly-ipv4,blocklist.de|imap|pop3|brute-force|spam|mail|ziyadnz|hourly,2026-08-17T18:48:05Z,2026-08-17T18:48:05Z,
197.234.206.26,ipv4,imap-attack,high,WHITE,blocklist.de/imap|blocklist.de/all|blocklist.de/mail|ziyadnz/hourly-ipv4,blocklist.de|imap|pop3|brute-force|spam|mail|ziyadnz|hourly,2026-08-17T18:48:05Z,2026-08-17T18:48:05Z,
197.234.206.78,ipv4,imap-attack,high,WHITE,blocklist.de/imap|blocklist.de/all|blocklist.de/mail|ziyadnz/hourly-ipv4,blocklist.de|imap|pop3|brute-force|spam|mail|ziyadnz|hourly,2026-08-17T18:48:05Z,2026-08-17T18:48:05Z,
197.242.170.10,ipv4,imap-attack,high,WHITE,blocklist.de/imap|blocklist.de/all|blocklist.de/mail|ziyadnz/hourly-ipv4,blocklist.de|imap|pop3|brute-force|spam|mail|ziyadnz|hourly,2026-08-17T18:48:05Z,2026-08-17T18:48:05Z,
197.245.31.94,ipv4,imap-attack,high,WHITE,blocklist.de/imap|blocklist.de/all|blocklist.de/mail|ziyadnz/hourly-ipv4,blocklist.de|imap|pop3|brute-force|spam|mail|ziyadnz|hourly,2026-08-17T18:48:05Z,2026-08-17T18:48:05Z,
197.251.193.6,ipv4,imap-attack,high,WHITE,blocklist.de/imap|blocklist.de/all|blocklist.de/mail|ziyadnz/hourly-ipv4,blocklist.de|imap|pop3|brute-force|spam|mail|ziyadnz|hourly,2026-08-17T18:48:05Z,2026-08-17T18:48:05Z,
197.251.249.117,ipv4,imap-attack,high,WHITE,blocklist.de/imap|blocklist.de/all|blocklist.de/mail|ziyadnz/hourly-ipv4,blocklist.de|imap|pop3|brute-force|spam|mail|ziyadnz|hourly,2026-08-17T18:48:05Z,2026-08-17T18:48:05Z,
197.251.249.72,ipv4,imap-attack,high,WHITE,blocklist.de/imap|blocklist.de/all|blocklist.de/mail|ziyadnz/hourly-ipv4,blocklist.de|imap|pop3|brute-force|spam|mail|ziyadnz|hourly,2026-08-17T18:48:05Z,2026-08-17T18:48:05Z,
197.255.202.184,ipv4,imap-attack,high,WHITE,blocklist.de/imap|blocklist.de/all|blocklist.de/mail|ziyadnz/hourly-ipv4,blocklist.de|imap|pop3|brute-force|spam|mail|ziyadnz|hourly,2026-08-17T18:48:05Z,2026-08-17T18:48:05Z,
197.255.203.115,ipv4,imap-attack,high,WHITE,blocklist.de/imap|blocklist.de/all|blocklist.de/mail|ziyadnz/hourly-ipv4,blocklist.de|imap|pop3|brute-force|spam|mail|ziyadnz|hourly,2026-08-17T18:48:05Z,2026-08-17T18:48:05Z,
197.97.138.33,ipv4,imap-attack,high,WHITE,blocklist.de/imap|blocklist.de/all|blocklist.de/mail|ziyadnz/hourly-ipv4,blocklist.de|imap|pop3|brute-force|spam|mail|ziyadnz|hourly,2026-08-17T18:48:05Z,2026-08-17T18:48:05Z,
198.251.65.153,ipv4,imap-attack,high,WHITE,blocklist.de/imap|blocklist.de/all|blocklist.de/mail|ziyadnz/hourly-ipv4,blocklist.de|imap|pop3|brute-force|spam|mail|ziyadnz|hourly,2026-08-17T18:48:05Z,2026-08-17T18:48:05Z,
198.27.218.23,ipv4,imap-attack,high,WHITE,blocklist.de/imap|blocklist.de/all|blocklist.de/mail|ziyadnz/hourly-ipv4,blocklist.de|imap|pop3|brute-force|spam|mail|ziyadnz|hourly,2026-08-17T18:48:05Z,2026-08-17T18:48:05Z,
199.45.155.104,ipv4,imap-attack,high,WHITE,blocklist.de/imap|blocklist.de/all|blocklist.de/mail|ziyadnz/hourly-ipv4,blocklist.de|imap|pop3|brute-force|spam|mail|ziyadnz|hourly,2026-08-17T18:48:05Z,2026-08-17T18:48:05Z,
199.7.163.33,ipv4,imap-attack,high,WHITE,blocklist.de/imap|blocklist.de/all|blocklist.de/mail|ziyadnz/hourly-ipv4,blocklist.de|imap|pop3|brute-force|spam|mail|ziyadnz|hourly,2026-08-17T18:48:05Z,2026-08-17T18:48:05Z,
199.87.180.129,ipv4,imap-attack,high,WHITE,blocklist.de/imap|blocklist.de/all|blocklist.de/mail|ziyadnz/hourly-ipv4,blocklist.de|imap|pop3|brute-force|spam|mail|ziyadnz|hourly,2026-08-17T18:48:05Z,2026-08-17T18:48:05Z,
2.136.115.209,ipv4,imap-attack,high,WHITE,blocklist.de/imap|blocklist.de/all|blocklist.de/mail|ziyadnz/hourly-ipv4,blocklist.de|imap|pop3|brute-force|spam|mail|ziyadnz|hourly,2026-08-17T18:48:05Z,2026-08-17T18:48:05Z,
2.177.155.242,ipv4,imap-attack,high,WHITE,blocklist.de/imap|blocklist.de/all|blocklist.de/mail|ziyadnz/hourly-ipv4,blocklist.de|imap|pop3|brute-force|spam|mail|ziyadnz|hourly,2026-08-17T18:48:05Z,2026-08-17T18:48:05Z,
2.179.187.110,ipv4,imap-attack,high,WHITE,blocklist.de/imap|blocklist.de/all|blocklist.de/mail|ziyadnz/hourly-ipv4,blocklist.de|imap|pop3|brute-force|spam|mail|ziyadnz|hourly,2026-08-17T18:48:05Z,2026-08-17T18:48:05Z,
2.179.194.21,ipv4,imap-attack,high,WHITE,blocklist.de/imap|blocklist.de/all|blocklist.de/mail|ziyadnz/hourly-ipv4,blocklist.de|imap|pop3|brute-force|spam|mail|ziyadnz|hourly,2026-08-17T18:48:05Z,2026-08-17T18:48:05Z,
2.180.35.173,ipv4,imap-attack,high,WHITE,blocklist.de/imap|blocklist.de/all|blocklist.de/mail|ziyadnz/hourly-ipv4,blocklist.de|imap|pop3|brute-force|spam|mail|ziyadnz|hourly,2026-08-17T18:48:05Z,2026-08-17T18:48:05Z,
2.180.7.125,ipv4,imap-attack,high,WHITE,blocklist.de/imap|blocklist.de/all|blocklist.de/mail|ziyadnz/hourly-ipv4,blocklist.de|imap|pop3|brute-force|spam|mail|ziyadnz|hourly,2026-08-17T18:48:05Z,2026-08-17T18:48:05Z,
2.184.237.250,ipv4,imap-attack,high,WHITE,blocklist.de/imap|blocklist.de/all|blocklist.de/mail|ziyadnz/hourly-ipv4,blocklist.de|imap|pop3|brute-force|spam|mail|ziyadnz|hourly,2026-08-17T18:48:05Z,2026-08-17T18:48:05Z,
2.184.61.196,ipv4,imap-attack,high,WHITE,blocklist.de/imap|blocklist.de/all|blocklist.de/mail|ziyadnz/hourly-ipv4,blocklist.de|imap|pop3|brute-force|spam|mail|ziyadnz|hourly,2026-08-17T18:48:05Z,2026-08-17T18:48:05Z,
2.185.215.14,ipv4,imap-attack,high,WHITE,blocklist.de/imap|blocklist.de/all|blocklist.de/mail|ziyadnz/hourly-ipv4,blocklist.de|imap|pop3|brute-force|spam|mail|ziyadnz|hourly,2026-08-17T18:48:05Z,2026-08-17T18:48:05Z,
2.214.13.183,ipv4,imap-attack,high,WHITE,blocklist.de/imap|blocklist.de/all|blocklist.de/mail|ziyadnz/hourly-ipv4,blocklist.de|imap|pop3|brute-force|spam|mail|ziyadnz|hourly,2026-08-17T18:48:05Z,2026-08-17T18:48:05Z,
2.249.150.53,ipv4,imap-attack,high,WHITE,blocklist.de/imap|blocklist.de/all|blocklist.de/mail|ziyadnz/hourly-ipv4,blocklist.de|imap|pop3|brute-force|spam|mail|ziyadnz|hourly,2026-08-17T18:48:05Z,2026-08-17T18:48:05Z,
2.55.84.20,ipv4,imap-attack,high,WHITE,blocklist.de/imap|blocklist.de/all|blocklist.de/mail|ziyadnz/hourly-ipv4,blocklist.de|imap|pop3|brute-force|spam|mail|ziyadnz|hourly,2026-08-17T18:48:05Z,2026-08-17T18:48:05Z,
2.81.109.94,ipv4,imap-attack,high,WHITE,blocklist.de/imap|blocklist.de/all|blocklist.de/mail|ziyadnz/hourly-ipv4,blocklist.de|imap|pop3|brute-force|spam|mail|ziyadnz|hourly,2026-08-17T18:48:05Z,2026-08-17T18:48:05Z,
2.89.38.94,ipv4,imap-attack,high,WHITE,blocklist.de/imap|blocklist.de/all|blocklist.de/mail|ziyadnz/hourly-ipv4,blocklist.de|imap|pop3|brute-force|spam|mail|ziyadnz|hourly,2026-08-17T18:48:05Z,2026-08-17T18:48:05Z,
20.169.83.157,ipv4,imap-attack,high,WHITE,blocklist.de/imap|blocklist.de/all|blocklist.de/mail|ziyadnz/hourly-ipv4,blocklist.de|imap|pop3|brute-force|spam|mail|ziyadnz|hourly,2026-08-17T18:48:05Z,2026-08-17T18:48:05Z,
20.46.45.121,ipv4,imap-attack,high,WHITE,blocklist.de/imap|blocklist.de/all|blocklist.de/mail|ziyadnz/hourly-ipv4,blocklist.de|imap|pop3|brute-force|spam|mail|ziyadnz|hourly,2026-08-17T18:48:05Z,2026-08-17T18:48:05Z,
20.65.194.116,ipv4,imap-attack,high,WHITE,blocklist.de/imap|blocklist.de/all|blocklist.de/mail|ziyadnz/hourly-ipv4,blocklist.de|imap|pop3|brute-force|spam|mail|ziyadnz|hourly,2026-08-17T18:48:05Z,2026-08-17T18:48:05Z,
200.105.141.172,ipv4,imap-attack,high,WHITE,blocklist.de/imap|blocklist.de/all|blocklist.de/mail|ziyadnz/hourly-ipv4,blocklist.de|imap|pop3|brute-force|spam|mail|ziyadnz|hourly,2026-08-17T18:48:05Z,2026-08-17T18:48:05Z,
200.105.99.103,ipv4,imap-attack,high,WHITE,blocklist.de/imap|blocklist.de/all|blocklist.de/mail|ziyadnz/hourly-ipv4,blocklist.de|imap|pop3|brute-force|spam|mail|ziyadnz|hourly,2026-08-17T18:48:05Z,2026-08-17T18:48:05Z,
200.107.226.229,ipv4,imap-attack,high,WHITE,blocklist.de/imap|blocklist.de/all|blocklist.de/mail|ziyadnz/hourly-ipv4,blocklist.de|imap|pop3|brute-force|spam|mail|ziyadnz|hourly,2026-08-17T18:48:05Z,2026-08-17T18:48:05Z,
200.107.226.253,ipv4,imap-attack,high,WHITE,blocklist.de/imap|blocklist.de/all|blocklist.de/mail|ziyadnz/hourly-ipv4,blocklist.de|imap|pop3|brute-force|spam|mail|ziyadnz|hourly,2026-08-17T18:48:05Z,2026-08-17T18:48:05Z,
200.107.230.4,ipv4,imap-attack,high,WHITE,blocklist.de/imap|blocklist.de/all|blocklist.de/mail|ziyadnz/hourly-ipv4,blocklist.de|imap|pop3|brute-force|spam|mail|ziyadnz|hourly,2026-08-17T18:48:05Z,2026-08-17T18:48:05Z,
200.107.84.188,ipv4,imap-attack,high,WHITE,blocklist.de/imap|blocklist.de/all|blocklist.de/mail|ziyadnz/hourly-ipv4,blocklist.de|imap|pop3|brute-force|spam|mail|ziyadnz|hourly,2026-08-17T18:48:05Z,2026-08-17T18:48:05Z,
200.107.84.239,ipv4,imap-attack,high,WHITE,blocklist.de/imap|blocklist.de/all|blocklist.de/mail|ziyadnz/hourly-ipv4,blocklist.de|imap|pop3|brute-force|spam|mail|ziyadnz|hourly,2026-08-17T18:48:05Z,2026-08-17T18:48:05Z,
200.139.93.67,ipv4,imap-attack,high,WHITE,blocklist.de/imap|blocklist.de/all|blocklist.de/mail|ziyadnz/hourly-ipv4,blocklist.de|imap|pop3|brute-force|spam|mail|ziyadnz|hourly,2026-08-17T18:48:05Z,2026-08-17T18:48:05Z,
200.146.252.10,ipv4,imap-attack,high,WHITE,blocklist.de/imap|blocklist.de/all|blocklist.de/mail|ziyadnz/hourly-ipv4,blocklist.de|imap|pop3|brute-force|spam|mail|ziyadnz|hourly,2026-08-17T18:48:05Z,2026-08-17T18:48:05Z,
200.149.213.242,ipv4,imap-attack,high,WHITE,blocklist.de/imap|blocklist.de/all|blocklist.de/mail|ziyadnz/hourly-ipv4,blocklist.de|imap|pop3|brute-force|spam|mail|ziyadnz|hourly,2026-08-17T18:48:05Z,2026-08-17T18:48:05Z,
200.159.0.218,ipv4,imap-attack,high,WHITE,blocklist.de/imap|blocklist.de/all|blocklist.de/mail|ziyadnz/hourly-ipv4,blocklist.de|imap|pop3|brute-force|spam|mail|ziyadnz|hourly,2026-08-17T18:48:05Z,2026-08-17T18:48:05Z,
200.170.213.9,ipv4,imap-attack,high,WHITE,blocklist.de/imap|blocklist.de/all|blocklist.de/mail|ziyadnz/hourly-ipv4,blocklist.de|imap|pop3|brute-force|spam|mail|ziyadnz|hourly,2026-08-17T18:48:05Z,2026-08-17T18:48:05Z,
200.196.143.252,ipv4,imap-attack,high,WHITE,blocklist.de/imap|blocklist.de/all|blocklist.de/mail|ziyadnz/hourly-ipv4,blocklist.de|imap|pop3|brute-force|spam|mail|ziyadnz|hourly,2026-08-17T18:48:05Z,2026-08-17T18:48:05Z,
200.199.32.174,ipv4,imap-attack,high,WHITE,blocklist.de/imap|blocklist.de/all|blocklist.de/mail|ziyadnz/hourly-ipv4,blocklist.de|imap|pop3|brute-force|spam|mail|ziyadnz|hourly,2026-08-17T18:48:05Z,2026-08-17T18:48:05Z,
200.222.71.218,ipv4,imap-attack,high,WHITE,blocklist.de/imap|blocklist.de/all|blocklist.de/mail|ziyadnz/hourly-ipv4,blocklist.de|imap|pop3|brute-force|spam|mail|ziyadnz|hourly,2026-08-17T18:48:05Z,2026-08-17T18:48:05Z,
200.223.112.127,ipv4,imap-attack,high,WHITE,blocklist.de/imap|blocklist.de/all|blocklist.de/mail|ziyadnz/hourly-ipv4,blocklist.de|imap|pop3|brute-force|spam|mail|ziyadnz|hourly,2026-08-17T18:48:05Z,2026-08-17T18:48:05Z,
200.223.232.26,ipv4,imap-attack,high,WHITE,blocklist.de/imap|blocklist.de/all|blocklist.de/mail|ziyadnz/hourly-ipv4,blocklist.de|imap|pop3|brute-force|spam|mail|ziyadnz|hourly,2026-08-17T18:48:05Z,2026-08-17T18:48:05Z,
200.223.25.122,ipv4,imap-attack,high,WHITE,blocklist.de/imap|blocklist.de/all|blocklist.de/mail|ziyadnz/hourly-ipv4,blocklist.de|imap|pop3|brute-force|spam|mail|ziyadnz|hourly,2026-08-17T18:48:05Z,2026-08-17T18:48:05Z,
200.237.93.36,ipv4,imap-attack,high,WHITE,blocklist.de/imap|blocklist.de/all|blocklist.de/mail|ziyadnz/hourly-ipv4,blocklist.de|imap|pop3|brute-force|spam|mail|ziyadnz|hourly,2026-08-17T18:48:05Z,2026-08-17T18:48:05Z,
200.41.217.182,ipv4,imap-attack,high,WHITE,blocklist.de/imap|blocklist.de/all|blocklist.de/mail,blocklist.de|imap|pop3|brute-force|spam|mail|ziyadnz|hourly,2026-08-17T18:48:05Z,2026-08-17T18:48:05Z,
200.46.177.242,ipv4,imap-attack,high,WHITE,blocklist.de/imap|blocklist.de/all|blocklist.de/mail|ziyadnz/hourly-ipv4,blocklist.de|imap|pop3|brute-force|spam|mail|ziyadnz|hourly,2026-08-17T18:48:05Z,2026-08-17T18:48:05Z,
200.46.55.106,ipv4,imap-attack,high,WHITE,blocklist.de/imap|blocklist.de/all|blocklist.de/mail|ziyadnz/hourly-ipv4,blocklist.de|imap|pop3|brute-force|spam|mail|ziyadnz|hourly,2026-08-17T18:48:05Z,2026-08-17T18:48:05Z,
200.53.202.168,ipv4,imap-attack,high,WHITE,blocklist.de/imap|blocklist.de/all|blocklist.de/mail|ziyadnz/hourly-ipv4,blocklist.de|imap|pop3|brute-force|spam|mail|ziyadnz|hourly,2026-08-17T18:48:05Z,2026-08-17T18:48:05Z,
200.53.68.82,ipv4,imap-attack,high,WHITE,blocklist.de/imap|blocklist.de/all|blocklist.de/mail|ziyadnz/hourly-ipv4,blocklist.de|imap|pop3|brute-force|spam|mail|ziyadnz|hourly,2026-08-17T18:48:05Z,2026-08-17T18:48:05Z,
200.58.83.79,ipv4,imap-attack,high,WHITE,blocklist.de/imap|blocklist.de/all|blocklist.de/mail|ziyadnz/hourly-ipv4,blocklist.de|imap|pop3|brute-force|spam|mail|ziyadnz|hourly,2026-08-17T18:48:05Z,2026-08-17T18:48:05Z,
200.75.97.68,ipv4,imap-attack,high,WHITE,blocklist.de/imap|blocklist.de/all|blocklist.de/mail|ziyadnz/hourly-ipv4,blocklist.de|imap|pop3|brute-force|spam|mail|ziyadnz|hourly,2026-08-17T18:48:05Z,2026-08-17T18:48:05Z,
200.77.177.109,ipv4,imap-attack,high,WHITE,blocklist.de/imap|blocklist.de/all|blocklist.de/mail|ziyadnz/hourly-ipv4,blocklist.de|imap|pop3|brute-force|spam|mail|ziyadnz|hourly,2026-08-17T18:48:05Z,2026-08-17T18:48:05Z,
200.77.179.130,ipv4,imap-attack,high,WHITE,blocklist.de/imap|blocklist.de/all|blocklist.de/mail|ziyadnz/hourly-ipv4,blocklist.de|imap|pop3|brute-force|spam|mail|ziyadnz|hourly,2026-08-17T18:48:05Z,2026-08-17T18:48:05Z,
200.77.179.14,ipv4,imap-attack,high,WHITE,blocklist.de/imap|blocklist.de/all|blocklist.de/mail|ziyadnz/hourly-ipv4,blocklist.de|imap|pop3|brute-force|spam|mail|ziyadnz|hourly,2026-08-17T18:48:05Z,2026-08-17T18:48:05Z,
200.77.179.64,ipv4,imap-attack,high,WHITE,blocklist.de/imap|blocklist.de/all|blocklist.de/mail|ziyadnz/hourly-ipv4,blocklist.de|imap|pop3|brute-force|spam|mail|ziyadnz|hourly,2026-08-17T18:48:05Z,2026-08-17T18:48:05Z,
200.77.179.91,ipv4,imap-attack,high,WHITE,blocklist.de/imap|blocklist.de/all|blocklist.de/mail|ziyadnz/hourly-ipv4,blocklist.de|imap|pop3|brute-force|spam|mail|ziyadnz|hourly,2026-08-17T18:48:05Z,2026-08-17T18:48:05Z,
200.8.154.2,ipv4,imap-attack,high,WHITE,blocklist.de/imap|blocklist.de/all|blocklist.de/mail|ziyadnz/hourly-ipv4,blocklist.de|imap|pop3|brute-force|spam|mail|ziyadnz|hourly,2026-08-17T18:48:05Z,2026-08-17T18:48:05Z,
200.8.19.222,ipv4,imap-attack,high,WHITE,blocklist.de/imap|blocklist.de/all|blocklist.de/mail|ziyadnz/hourly-ipv4,blocklist.de|imap|pop3|brute-force|spam|mail|ziyadnz|hourly,2026-08-17T18:48:05Z,2026-08-17T18:48:05Z,
200.8.235.254,ipv4,imap-attack,high,WHITE,blocklist.de/imap|blocklist.de/all|blocklist.de/mail|ziyadnz/hourly-ipv4,blocklist.de|imap|pop3|brute-force|spam|mail|ziyadnz|hourly,2026-08-17T18:48:05Z,2026-08-17T18:48:05Z,
200.8.9.91,ipv4,imap-attack,high,WHITE,blocklist.de/imap|blocklist.de/all|blocklist.de/mail|ziyadnz/hourly-ipv4,blocklist.de|imap|pop3|brute-force|spam|mail|ziyadnz|hourly,2026-08-17T18:48:05Z,2026-08-17T18:48:05Z,
200.84.231.53,ipv4,imap-attack,high,WHITE,blocklist.de/imap|blocklist.de/all|blocklist.de/mail|ziyadnz/hourly-ipv4,blocklist.de|imap|pop3|brute-force|spam|mail|ziyadnz|hourly,2026-08-17T18:48:05Z,2026-08-17T18:48:05Z,
200.86.70.84,ipv4,imap-attack,high,WHITE,blocklist.de/imap|blocklist.de/all|blocklist.de/mail|ziyadnz/hourly-ipv4,blocklist.de|imap|pop3|brute-force|spam|mail|ziyadnz|hourly,2026-08-17T18:48:05Z,2026-08-17T18:48:05Z,
200.94.15.58,ipv4,imap-attack,high,WHITE,blocklist.de/imap|blocklist.de/all|blocklist.de/mail|ziyadnz/hourly-ipv4,blocklist.de|imap|pop3|brute-force|spam|mail|ziyadnz|hourly,2026-08-17T18:48:05Z,2026-08-17T18:48:05Z,
2001:1c00:c702:7300:3120:559b:e40f:93fe,ipv4,imap-attack,high,WHITE,blocklist.de/imap|blocklist.de/all|blocklist.de/mail,blocklist.de|imap|pop3|brute-force|spam|mail|ziyadnz|hourly,2026-08-17T18:48:05Z,2026-08-17T18:48:05Z,
2003:c2:c70f:e600:24cb:5e38:ca5c:b7d3,ipv4,imap-attack,high,WHITE,blocklist.de/imap|blocklist.de/all|blocklist.de/mail,blocklist.de|imap|pop3|brute-force|spam|mail|ziyadnz|hourly,2026-08-17T18:48:05Z,2026-08-17T18:48:05Z,
2003:c4:9f44:7300:39ed:1216:ccea:f277,ipv4,imap-attack,high,WHITE,blocklist.de/imap|blocklist.de/all|blocklist.de/mail,blocklist.de|imap|pop3|brute-force|spam|mail|ziyadnz|hourly,2026-08-17T18:48:05Z,2026-08-17T18:48:05Z,
2003:e2:2f0c:cc00:3722:295a:cbc:d157,ipv4,imap-attack,high,WHITE,blocklist.de/imap|blocklist.de/all|blocklist.de/mail,blocklist.de|imap|pop3|brute-force|spam|mail|ziyadnz|hourly,2026-08-17T18:48:05Z,2026-08-17T18:48:05Z,
2003:e2:2f0c:cc00:5754:b4a9:d29d:15b2,ipv4,imap-attack,high,WHITE,blocklist.de/imap|blocklist.de/all|blocklist.de/mail,blocklist.de|imap|pop3|brute-force|spam|mail|ziyadnz|hourly,2026-08-17T18:48:05Z,2026-08-17T18:48:05Z,
2003:e2:2f0c:cc00:a337:9a3c:38b2:ce68,ipv4,imap-attack,high,WHITE,blocklist.de/imap|blocklist.de/all|blocklist.de/mail,blocklist.de|imap|pop3|brute-force|spam|mail|ziyadnz|hourly,2026-08-17T18:48:05Z,2026-08-17T18:48:05Z,
2003:e2:2f13:4b00:a5e0:2b57:b314:ecfc,ipv4,imap-attack,high,WHITE,blocklist.de/imap|blocklist.de/all|blocklist.de/mail,blocklist.de|imap|pop3|brute-force|spam|mail|ziyadnz|hourly,2026-08-17T18:48:05Z,2026-08-17T18:48:05Z,
2003:e2:2f1c:9000:4cb1:7cde:1a35:9a51,ipv4,imap-attack,high,WHITE,blocklist.de/imap|blocklist.de/all|blocklist.de/mail,blocklist.de|imap|pop3|brute-force|spam|mail|ziyadnz|hourly,2026-08-17T18:48:05Z,2026-08-17T18:48:05Z,
2003:f2:7f37:5b00:7d31:2b04:7d29:da76,ipv4,imap-attack,high,WHITE,blocklist.de/imap|blocklist.de/all|blocklist.de/mail,blocklist.de|imap|pop3|brute-force|spam|mail|ziyadnz|hourly,2026-08-17T18:48:05Z,2026-08-17T18:48:05Z,
201.2.57.138,ipv4,imap-attack,high,WHITE,blocklist.de/imap|blocklist.de/all|blocklist.de/mail|ziyadnz/hourly-ipv4,blocklist.de|imap|pop3|brute-force|spam|mail|ziyadnz|hourly,2026-08-17T18:48:05Z,2026-08-17T18:48:05Z,
201.208.172.85,ipv4,imap-attack,high,WHITE,blocklist.de/imap|blocklist.de/all|blocklist.de/mail|ziyadnz/hourly-ipv4,blocklist.de|imap|pop3|brute-force|spam|mail|ziyadnz|hourly,2026-08-17T18:48:05Z,2026-08-17T18:48:05Z,
201.208.182.123,ipv4,imap-attack,high,WHITE,blocklist.de/imap|blocklist.de/all|blocklist.de/mail|ziyadnz/hourly-ipv4,blocklist.de|imap|pop3|brute-force|spam|mail|ziyadnz|hourly,2026-08-17T18:48:05Z,2026-08-17T18:48:05Z,
201.208.190.156,ipv4,imap-attack,high,WHITE,blocklist.de/imap|blocklist.de/all|blocklist.de/mail|ziyadnz/hourly-ipv4,blocklist.de|imap|pop3|brute-force|spam|mail|ziyadnz|hourly,2026-08-17T18:48:05Z,2026-08-17T18:48:05Z,
201.21.152.80,ipv4,imap-attack,high,WHITE,blocklist.de/imap|blocklist.de/all|blocklist.de/mail|ziyadnz/hourly-ipv4,blocklist.de|imap|pop3|brute-force|spam|mail|ziyadnz|hourly,2026-08-17T18:48:05Z,2026-08-17T18:48:05Z,
201.210.147.161,ipv4,imap-attack,high,WHITE,blocklist.de/imap|blocklist.de/all|blocklist.de/mail|ziyadnz/hourly-ipv4,blocklist.de|imap|pop3|brute-force|spam|mail|ziyadnz|hourly,2026-08-17T18:48:05Z,2026-08-17T18:48:05Z,
201.210.148.116,ipv4,imap-attack,high,WHITE,blocklist.de/imap|blocklist.de/all|blocklist.de/mail|ziyadnz/hourly-ipv4,blocklist.de|imap|pop3|brute-force|spam|mail|ziyadnz|hourly,2026-08-17T18:48:05Z,2026-08-17T18:48:05Z,
201.213.244.66,ipv4,imap-attack,high,WHITE,blocklist.de/imap|blocklist.de/all|blocklist.de/mail|ziyadnz/hourly-ipv4,blocklist.de|imap|pop3|brute-force|spam|mail|ziyadnz|hourly,2026-08-17T18:48:05Z,2026-08-17T18:48:05Z,
201.224.113.117,ipv4,imap-attack,high,WHITE,blocklist.de/imap|blocklist.de/all|blocklist.de/mail|ziyadnz/hourly-ipv4,blocklist.de|imap|pop3|brute-force|spam|mail|ziyadnz|hourly,2026-08-17T18:48:05Z,2026-08-17T18:48:05Z,
201.248.31.5,ipv4,imap-attack,high,WHITE,blocklist.de/imap|blocklist.de/all|blocklist.de/mail,blocklist.de|imap|pop3|brute-force|spam|mail|ziyadnz|hourly,2026-08-17T18:48:05Z,2026-08-17T18:48:05Z,
201.252.229.77,ipv4,imap-attack,high,WHITE,blocklist.de/imap|blocklist.de/all|blocklist.de/mail|ziyadnz/hourly-ipv4,blocklist.de|imap|pop3|brute-force|spam|mail|ziyadnz|hourly,2026-08-17T18:48:05Z,2026-08-17T18:48:05Z,
201.28.176.31,ipv4,imap-attack,high,WHITE,blocklist.de/imap|blocklist.de/all|blocklist.de/mail|ziyadnz/hourly-ipv4,blocklist.de|imap|pop3|brute-force|spam|mail|ziyadnz|hourly,2026-08-17T18:48:05Z,2026-08-17T18:48:05Z,
201.28.234.10,ipv4,imap-attack,high,WHITE,blocklist.de/imap|blocklist.de/all|blocklist.de/mail|ziyadnz/hourly-ipv4,blocklist.de|imap|pop3|brute-force|spam|mail|ziyadnz|hourly,2026-08-17T18:48:05Z,2026-08-17T18:48:05Z,
201.46.124.0,ipv4,imap-attack,high,WHITE,blocklist.de/imap|blocklist.de/all|blocklist.de/mail|ziyadnz/hourly-ipv4,blocklist.de|imap|pop3|brute-force|spam|mail|ziyadnz|hourly,2026-08-17T18:48:05Z,2026-08-17T18:48:05Z,
201.49.227.235,ipv4,imap-attack,high,WHITE,blocklist.de/imap|blocklist.de/all|blocklist.de/mail|ziyadnz/hourly-ipv4,blocklist.de|imap|pop3|brute-force|spam|mail|ziyadnz|hourly,2026-08-17T18:48:05Z,2026-08-17T18:48:05Z,
201.63.138.70,ipv4,imap-attack,high,WHITE,blocklist.de/imap|blocklist.de/all|blocklist.de/mail|ziyadnz/hourly-ipv4,blocklist.de|imap|pop3|brute-force|spam|mail|ziyadnz|hourly,2026-08-17T18:48:05Z,2026-08-17T18:48:05Z,
201.63.52.54,ipv4,imap-attack,high,WHITE,blocklist.de/imap|blocklist.de/all|blocklist.de/mail|ziyadnz/hourly-ipv4,blocklist.de|imap|pop3|brute-force|spam|mail|ziyadnz|hourly,2026-08-17T18:48:05Z,2026-08-17T18:48:05Z,
201.71.39.154,ipv4,imap-attack,high,WHITE,blocklist.de/imap|blocklist.de/all|blocklist.de/mail|ziyadnz/hourly-ipv4,blocklist.de|imap|pop3|brute-force|spam|mail|ziyadnz|hourly,2026-08-17T18:48:05Z,2026-08-17T18:48:05Z,
201.81.234.148,ipv4,imap-attack,high,WHITE,blocklist.de/imap|blocklist.de/all|blocklist.de/mail|ziyadnz/hourly-ipv4,blocklist.de|imap|pop3|brute-force|spam|mail|ziyadnz|hourly,2026-08-17T18:48:05Z,2026-08-17T18:48:05Z,
201.86.46.145,ipv4,imap-attack,high,WHITE,blocklist.de/imap|blocklist.de/all|blocklist.de/mail|ziyadnz/hourly-ipv4,blocklist.de|imap|pop3|brute-force|spam|mail|ziyadnz|hourly,2026-08-17T18:48:05Z,2026-08-17T18:48:05Z,
201.91.233.238,ipv4,imap-attack,high,WHITE,blocklist.de/imap|blocklist.de/all|blocklist.de/mail|ziyadnz/hourly-ipv4,blocklist.de|imap|pop3|brute-force|spam|mail|ziyadnz|hourly,2026-08-17T18:48:05Z,2026-08-17T18:48:05Z,
201.95.23.97,ipv4,imap-attack,high,WHITE,blocklist.de/imap|blocklist.de/all|blocklist.de/mail|ziyadnz/hourly-ipv4,blocklist.de|imap|pop3|brute-force|spam|mail|ziyadnz|hourly,2026-08-17T18:48:05Z,2026-08-17T18:48:05Z,
201.97.27.250,ipv4,imap-attack,high,WHITE,blocklist.de/imap|blocklist.de/all|blocklist.de/mail|ziyadnz/hourly-ipv4,blocklist.de|imap|pop3|brute-force|spam|mail|ziyadnz|hourly,2026-08-17T18:48:05Z,2026-08-17T18:48:05Z,
201.97.6.179,ipv4,imap-attack,high,WHITE,blocklist.de/imap|blocklist.de/all|blocklist.de/mail|ziyadnz/hourly-ipv4,blocklist.de|imap|pop3|brute-force|spam|mail|ziyadnz|hourly,2026-08-17T18:48:05Z,2026-08-17T18:48:05Z,
202.108.14.226,ipv4,imap-attack,high,WHITE,blocklist.de/imap|blocklist.de/all|blocklist.de/mail|ziyadnz/hourly-ipv4,blocklist.de|imap|pop3|brute-force|spam|mail|ziyadnz|hourly,2026-08-17T18:48:05Z,2026-08-17T18:48:05Z,
202.111.183.254,ipv4,imap-attack,high,WHITE,blocklist.de/imap|blocklist.de/all|blocklist.de/mail|ziyadnz/hourly-ipv4,blocklist.de|imap|pop3|brute-force|spam|mail|ziyadnz|hourly,2026-08-17T18:48:05Z,2026-08-17T18:48:05Z,
202.111.183.30,ipv4,imap-attack,high,WHITE,blocklist.de/imap|blocklist.de/all|blocklist.de/mail|ziyadnz/hourly-ipv4,blocklist.de|imap|pop3|brute-force|spam|mail|ziyadnz|hourly,2026-08-17T18:48:05Z,2026-08-17T18:48:05Z,
202.12.123.134,ipv4,imap-attack,high,WHITE,blocklist.de/imap|blocklist.de/all|blocklist.de/mail|ziyadnz/hourly-ipv4,blocklist.de|imap|pop3|brute-force|spam|mail|ziyadnz|hourly,2026-08-17T18:48:05Z,2026-08-17T18:48:05Z,
202.160.164.11,ipv4,imap-attack,high,WHITE,blocklist.de/imap|blocklist.de/all|blocklist.de/mail|ziyadnz/hourly-ipv4,blocklist.de|imap|pop3|brute-force|spam|mail|ziyadnz|hourly,2026-08-17T18:48:05Z,2026-08-17T18:48:05Z,
202.165.29.196,ipv4,imap-attack,high,WHITE,blocklist.de/imap|blocklist.de/all|blocklist.de/mail|ziyadnz/hourly-ipv4,blocklist.de|imap|pop3|brute-force|spam|mail|ziyadnz|hourly,2026-08-17T18:48:05Z,2026-08-17T18:48:05Z,
202.212.191.16,ipv4,imap-attack,high,WHITE,blocklist.de/imap|blocklist.de/all|blocklist.de/mail|ziyadnz/hourly-ipv4,blocklist.de|imap|pop3|brute-force|spam|mail|ziyadnz|hourly,2026-08-17T18:48:05Z,2026-08-17T18:48:05Z,
202.47.189.40,ipv4,imap-attack,high,WHITE,blocklist.de/imap|blocklist.de/all|blocklist.de/mail|ziyadnz/hourly-ipv4,blocklist.de|imap|pop3|brute-force|spam|mail|ziyadnz|hourly,2026-08-17T18:48:05Z,2026-08-17T18:48:05Z,
202.51.199.5,ipv4,imap-attack,high,WHITE,blocklist.de/imap|blocklist.de/all|blocklist.de/mail|ziyadnz/hourly-ipv4,blocklist.de|imap|pop3|brute-force|spam|mail|ziyadnz|hourly,2026-08-17T18:48:05Z,2026-08-17T18:48:05Z,
202.53.94.242,ipv4,imap-attack,high,WHITE,blocklist.de/imap|blocklist.de/all|blocklist.de/mail|ziyadnz/hourly-ipv4,blocklist.de|imap|pop3|brute-force|spam|mail|ziyadnz|hourly,2026-08-17T18:48:05Z,2026-08-17T18:48:05Z,
202.62.129.18,ipv4,imap-attack,high,WHITE,blocklist.de/imap|blocklist.de/all|blocklist.de/mail|ziyadnz/hourly-ipv4,blocklist.de|imap|pop3|brute-force|spam|mail|ziyadnz|hourly,2026-08-17T18:48:05Z,2026-08-17T18:48:05Z,
202.62.74.250,ipv4,imap-attack,high,WHITE,blocklist.de/imap|blocklist.de/all|blocklist.de/mail|ziyadnz/hourly-ipv4,blocklist.de|imap|pop3|brute-force|spam|mail|ziyadnz|hourly,2026-08-17T18:48:05Z,2026-08-17T18:48:05Z,
202.62.95.242,ipv4,imap-attack,high,WHITE,blocklist.de/imap|blocklist.de/all|blocklist.de/mail|ziyadnz/hourly-ipv4,blocklist.de|imap|pop3|brute-force|spam|mail|ziyadnz|hourly,2026-08-17T18:48:05Z,2026-08-17T18:48:05Z,
202.72.196.75,ipv4,imap-attack,high,WHITE,blocklist.de/imap|blocklist.de/all|blocklist.de/mail|ziyadnz/hourly-ipv4,blocklist.de|imap|pop3|brute-force|spam|mail|ziyadnz|hourly,2026-08-17T18:48:05Z,2026-08-17T18:48:05Z,
203.115.102.140,ipv4,imap-attack,high,WHITE,blocklist.de/imap|blocklist.de/all|blocklist.de/mail|ziyadnz/hourly-ipv4,blocklist.de|imap|pop3|brute-force|spam|mail|ziyadnz|hourly,2026-08-17T18:48:05Z,2026-08-17T18:48:05Z,
203.162.228.198,ipv4,imap-attack,high,WHITE,blocklist.de/imap|blocklist.de/all|blocklist.de/mail|ziyadnz/hourly-ipv4,blocklist.de|imap|pop3|brute-force|spam|mail|ziyadnz|hourly,2026-08-17T18:48:05Z,2026-08-17T18:48:05Z,
203.172.213.166,ipv4,imap-attack,high,WHITE,blocklist.de/imap|blocklist.de/all|blocklist.de/mail|ziyadnz/hourly-ipv4,blocklist.de|imap|pop3|brute-force|spam|mail|ziyadnz|hourly,2026-08-17T18:48:05Z,2026-08-17T18:48:05Z,
203.192.207.38,ipv4,imap-attack,high,WHITE,blocklist.de/imap|blocklist.de/all|blocklist.de/mail|ziyadnz/hourly-ipv4,blocklist.de|imap|pop3|brute-force|spam|mail|ziyadnz|hourly,2026-08-17T18:48:05Z,2026-08-17T18:48:05Z,
203.192.211.180,ipv4,imap-attack,high,WHITE,blocklist.de/imap|blocklist.de/all|blocklist.de/mail|ziyadnz/hourly-ipv4,blocklist.de|imap|pop3|brute-force|spam|mail|ziyadnz|hourly,2026-08-17T18:48:05Z,2026-08-17T18:48:05Z,
203.193.168.136,ipv4,imap-attack,high,WHITE,blocklist.de/imap|blocklist.de/all|blocklist.de/mail|ziyadnz/hourly-ipv4,blocklist.de|imap|pop3|brute-force|spam|mail|ziyadnz|hourly,2026-08-17T18:48:05Z,2026-08-17T18:48:05Z,
203.198.129.123,ipv4,imap-attack,high,WHITE,blocklist.de/imap|blocklist.de/all|blocklist.de/mail|ziyadnz/hourly-ipv4,blocklist.de|imap|pop3|brute-force|spam|mail|ziyadnz|hourly,2026-08-17T18:48:05Z,2026-08-17T18:48:05Z,
203.202.245.25,ipv4,imap-attack,high,WHITE,blocklist.de/imap|blocklist.de/all|blocklist.de/mail|ziyadnz/hourly-ipv4,blocklist.de|imap|pop3|brute-force|spam|mail|ziyadnz|hourly,2026-08-17T18:48:05Z,2026-08-17T18:48:05Z,
203.221.227.47,ipv4,imap-attack,high,WHITE,blocklist.de/imap|blocklist.de/all|blocklist.de/mail|ziyadnz/hourly-ipv4,blocklist.de|imap|pop3|brute-force|spam|mail|ziyadnz|hourly,2026-08-17T18:48:05Z,2026-08-17T18:48:05Z,
203.76.188.179,ipv4,imap-attack,high,WHITE,blocklist.de/imap|blocklist.de/all|blocklist.de/mail|ziyadnz/hourly-ipv4,blocklist.de|imap|pop3|brute-force|spam|mail|ziyadnz|hourly,2026-08-17T18:48:05Z,2026-08-17T18:48:05Z,
203.96.227.254,ipv4,imap-attack,high,WHITE,blocklist.de/imap|blocklist.de/all|blocklist.de/mail|ziyadnz/hourly-ipv4,blocklist.de|imap|pop3|brute-force|spam|mail|ziyadnz|hourly,2026-08-17T18:48:05Z,2026-08-17T18:48:05Z,
204.137.207.228,ipv4,imap-attack,high,WHITE,blocklist.de/imap|blocklist.de/all|blocklist.de/mail|ziyadnz/hourly-ipv4,blocklist.de|imap|pop3|brute-force|spam|mail|ziyadnz|hourly,2026-08-17T18:48:05Z,2026-08-17T18:48:05Z,
205.209.65.70,ipv4,imap-attack,high,WHITE,blocklist.de/imap|blocklist.de/all|blocklist.de/mail|ziyadnz/hourly-ipv4,blocklist.de|imap|pop3|brute-force|spam|mail|ziyadnz|hourly,2026-08-17T18:48:05Z,2026-08-17T18:48:05Z,
205.209.66.13,ipv4,imap-attack,high,WHITE,blocklist.de/imap|blocklist.de/all|blocklist.de/mail|ziyadnz/hourly-ipv4,blocklist.de|imap|pop3|brute-force|spam|mail|ziyadnz|hourly,2026-08-17T18:48:05Z,2026-08-17T18:48:05Z,
205.209.67.3,ipv4,imap-attack,high,WHITE,blocklist.de/imap|blocklist.de/all|blocklist.de/mail|ziyadnz/hourly-ipv4,blocklist.de|imap|pop3|brute-force|spam|mail|ziyadnz|hourly,2026-08-17T18:48:05Z,2026-08-17T18:48:05Z,
205.250.28.2,ipv4,imap-attack,high,WHITE,blocklist.de/imap|blocklist.de/all|blocklist.de/mail|ziyadnz/hourly-ipv4,blocklist.de|imap|pop3|brute-force|spam|mail|ziyadnz|hourly,2026-08-17T18:48:05Z,2026-08-17T18:48:05Z,
206.1.165.15,ipv4,imap-attack,high,WHITE,blocklist.de/imap|blocklist.de/all|blocklist.de/mail|ziyadnz/hourly-ipv4,blocklist.de|imap|pop3|brute-force|spam|mail|ziyadnz|hourly,2026-08-17T18:48:05Z,2026-08-17T18:48:05Z,
206.209.210.12,ipv4,imap-attack,high,WHITE,blocklist.de/imap|blocklist.de/all|blocklist.de/mail|ziyadnz/hourly-ipv4,blocklist.de|imap|pop3|brute-force|spam|mail|ziyadnz|hourly,2026-08-17T18:48:05Z,2026-08-17T18:48:05Z,
206.62.136.65,ipv4,imap-attack,high,WHITE,blocklist.de/imap|blocklist.de/all|blocklist.de/mail|ziyadnz/hourly-ipv4,blocklist.de|imap|pop3|brute-force|spam|mail|ziyadnz|hourly,2026-08-17T18:48:05Z,2026-08-17T18:48:05Z,
207.154.253.20,ipv4,imap-attack,high,WHITE,blocklist.de/imap|blocklist.de/all|blocklist.de/mail|ziyadnz/hourly-ipv4,blocklist.de|imap|pop3|brute-force|spam|mail|ziyadnz|hourly,2026-08-17T18:48:05Z,2026-08-17T18:48:05Z,
207.157.88.125,ipv4,imap-attack,high,WHITE,blocklist.de/imap|blocklist.de/all|blocklist.de/mail|ziyadnz/hourly-ipv4,blocklist.de|imap|pop3|brute-force|spam|mail|ziyadnz|hourly,2026-08-17T18:48:05Z,2026-08-17T18:48:05Z,
207.175.216.122,ipv4,imap-attack,high,WHITE,blocklist.de/imap|blocklist.de/all|blocklist.de/mail|ziyadnz/hourly-ipv4,blocklist.de|imap|pop3|brute-force|spam|mail|ziyadnz|hourly,2026-08-17T18:48:05Z,2026-08-17T18:48:05Z,
207.181.199.186,ipv4,imap-attack,high,WHITE,blocklist.de/imap|blocklist.de/all|blocklist.de/mail|ziyadnz/hourly-ipv4,blocklist.de|imap|pop3|brute-force|spam|mail|ziyadnz|hourly,2026-08-17T18:48:05Z,2026-08-17T18:48:05Z,
207.188.158.216,ipv4,imap-attack,high,WHITE,blocklist.de/imap|blocklist.de/all|blocklist.de/mail|ziyadnz/hourly-ipv4,blocklist.de|imap|pop3|brute-force|spam|mail|ziyadnz|hourly,2026-08-17T18:48:05Z,2026-08-17T18:48:05Z,
207.200.180.174,ipv4,imap-attack,high,WHITE,blocklist.de/imap|blocklist.de/all|blocklist.de/mail|ziyadnz/hourly-ipv4,blocklist.de|imap|pop3|brute-force|spam|mail|ziyadnz|hourly,2026-08-17T18:48:05Z,2026-08-17T18:48:05Z,
207.254.29.22,ipv4,imap-attack,high,WHITE,blocklist.de/imap|blocklist.de/all|blocklist.de/mail|ziyadnz/hourly-ipv4,blocklist.de|imap|pop3|brute-force|spam|mail|ziyadnz|hourly,2026-08-17T18:48:05Z,2026-08-17T18:48:05Z,
207.254.71.129,ipv4,imap-attack,high,WHITE,blocklist.de/imap|blocklist.de/all|blocklist.de/mail|ziyadnz/hourly-ipv4,blocklist.de|imap|pop3|brute-force|spam|mail|ziyadnz|hourly,2026-08-17T18:48:05Z,2026-08-17T18:48:05Z,
208.109.38.143,ipv4,imap-attack,high,WHITE,blocklist.de/imap|blocklist.de/all|blocklist.de/mail|ziyadnz/hourly-ipv4,blocklist.de|imap|pop3|brute-force|spam|mail|ziyadnz|hourly,2026-08-17T18:48:05Z,2026-08-17T18:48:05Z,
208.67.37.235,ipv4,imap-attack,high,WHITE,blocklist.de/imap|blocklist.de/all|blocklist.de/mail|ziyadnz/hourly-ipv4,blocklist.de|imap|pop3|brute-force|spam|mail|ziyadnz|hourly,2026-08-17T18:48:05Z,2026-08-17T18:48:05Z,
208.69.161.105,ipv4,imap-attack,high,WHITE,blocklist.de/imap|blocklist.de/all|blocklist.de/mail|ziyadnz/hourly-ipv4,blocklist.de|imap|pop3|brute-force|spam|mail|ziyadnz|hourly,2026-08-17T18:48:05Z,2026-08-17T18:48:05Z,
208.96.233.67,ipv4,imap-attack,high,WHITE,blocklist.de/imap|blocklist.de/all|blocklist.de/mail|ziyadnz/hourly-ipv4,blocklist.de|imap|pop3|brute-force|spam|mail|ziyadnz|hourly,2026-08-17T18:48:05Z,2026-08-17T18:48:05Z,
209.6.226.104,ipv4,imap-attack,high,WHITE,blocklist.de/imap|blocklist.de/all|blocklist.de/mail|ziyadnz/hourly-ipv4,blocklist.de|imap|pop3|brute-force|spam|mail|ziyadnz|hourly,2026-08-17T18:48:05Z,2026-08-17T18:48:05Z,
210.0.90.81,ipv4,imap-attack,high,WHITE,blocklist.de/imap|blocklist.de/all|blocklist.de/mail|ziyadnz/hourly-ipv4,blocklist.de|imap|pop3|brute-force|spam|mail|ziyadnz|hourly,2026-08-17T18:48:05Z,2026-08-17T18:48:05Z,
210.0.90.82,ipv4,imap-attack,high,WHITE,blocklist.de/imap|blocklist.de/all|blocklist.de/mail|ziyadnz/hourly-ipv4,blocklist.de|imap|pop3|brute-force|spam|mail|ziyadnz|hourly,2026-08-17T18:48:05Z,2026-08-17T18:48:05Z,
210.1.66.154,ipv4,imap-attack,high,WHITE,blocklist.de/imap|blocklist.de/all|blocklist.de/mail|ziyadnz/hourly-ipv4,blocklist.de|imap|pop3|brute-force|spam|mail|ziyadnz|hourly,2026-08-17T18:48:05Z,2026-08-17T18:48:05Z,
210.104.223.133,ipv4,imap-attack,high,WHITE,blocklist.de/imap|blocklist.de/all|blocklist.de/mail|ziyadnz/hourly-ipv4,blocklist.de|imap|pop3|brute-force|spam|mail|ziyadnz|hourly,2026-08-17T18:48:05Z,2026-08-17T18:48:05Z,
210.105.93.136,ipv4,imap-attack,high,WHITE,blocklist.de/imap|blocklist.de/all|blocklist.de/mail|ziyadnz/hourly-ipv4,blocklist.de|imap|pop3|brute-force|spam|mail|ziyadnz|hourly,2026-08-17T18:48:05Z,2026-08-17T18:48:05Z,
210.118.224.138,ipv4,imap-attack,high,WHITE,blocklist.de/imap|blocklist.de/all|blocklist.de/mail|ziyadnz/hourly-ipv4,blocklist.de|imap|pop3|brute-force|spam|mail|ziyadnz|hourly,2026-08-17T18:48:05Z,2026-08-17T18:48:05Z,
210.123.87.143,ipv4,imap-attack,high,WHITE,blocklist.de/imap|blocklist.de/all|blocklist.de/mail|ziyadnz/hourly-ipv4,blocklist.de|imap|pop3|brute-force|spam|mail|ziyadnz|hourly,2026-08-17T18:48:05Z,2026-08-17T18:48:05Z,
210.16.88.108,ipv4,imap-attack,high,WHITE,blocklist.de/imap|blocklist.de/all|blocklist.de/mail|ziyadnz/hourly-ipv4,blocklist.de|imap|pop3|brute-force|spam|mail|ziyadnz|hourly,2026-08-17T18:48:05Z,2026-08-17T18:48:05Z,
210.177.143.61,ipv4,imap-attack,high,WHITE,blocklist.de/imap|blocklist.de/all|blocklist.de/mail|ziyadnz/hourly-ipv4,blocklist.de|imap|pop3|brute-force|spam|mail|ziyadnz|hourly,2026-08-17T18:48:05Z,2026-08-17T18:48:05Z,
210.179.8.206,ipv4,imap-attack,high,WHITE,blocklist.de/imap|blocklist.de/all|blocklist.de/mail|ziyadnz/hourly-ipv4,blocklist.de|imap|pop3|brute-force|spam|mail|ziyadnz|hourly,2026-08-17T18:48:05Z,2026-08-17T18:48:05Z,
210.179.9.79,ipv4,imap-attack,high,WHITE,blocklist.de/imap|blocklist.de/all|blocklist.de/mail|ziyadnz/hourly-ipv4,blocklist.de|imap|pop3|brute-force|spam|mail|ziyadnz|hourly,2026-08-17T18:48:05Z,2026-08-17T18:48:05Z,
210.182.73.131,ipv4,imap-attack,high,WHITE,blocklist.de/imap|blocklist.de/all|blocklist.de/mail|ziyadnz/hourly-ipv4,blocklist.de|imap|pop3|brute-force|spam|mail|ziyadnz|hourly,2026-08-17T18:48:05Z,2026-08-17T18:48:05Z,
210.182.73.137,ipv4,imap-attack,high,WHITE,blocklist.de/imap|blocklist.de/all|blocklist.de/mail|ziyadnz/hourly-ipv4,blocklist.de|imap|pop3|brute-force|spam|mail|ziyadnz|hourly,2026-08-17T18:48:05Z,2026-08-17T18:48:05Z,
210.204.125.148,ipv4,imap-attack,high,WHITE,blocklist.de/imap|blocklist.de/all|blocklist.de/mail|ziyadnz/hourly-ipv4,blocklist.de|imap|pop3|brute-force|spam|mail|ziyadnz|hourly,2026-08-17T18:48:05Z,2026-08-17T18:48:05Z,
210.204.138.35,ipv4,imap-attack,high,WHITE,blocklist.de/imap|blocklist.de/all|blocklist.de/mail|ziyadnz/hourly-ipv4,blocklist.de|imap|pop3|brute-force|spam|mail|ziyadnz|hourly,2026-08-17T18:48:05Z,2026-08-17T18:48:05Z,
210.204.61.75,ipv4,imap-attack,high,WHITE,blocklist.de/imap|blocklist.de/all|blocklist.de/mail|ziyadnz/hourly-ipv4,blocklist.de|imap|pop3|brute-force|spam|mail|ziyadnz|hourly,2026-08-17T18:48:05Z,2026-08-17T18:48:05Z,
210.204.81.206,ipv4,imap-attack,high,WHITE,blocklist.de/imap|blocklist.de/all|blocklist.de/mail|ziyadnz/hourly-ipv4,blocklist.de|imap|pop3|brute-force|spam|mail|ziyadnz|hourly,2026-08-17T18:48:05Z,2026-08-17T18:48:05Z,
210.222.103.70,ipv4,imap-attack,high,WHITE,blocklist.de/imap|blocklist.de/all|blocklist.de/mail|ziyadnz/hourly-ipv4,blocklist.de|imap|pop3|brute-force|spam|mail|ziyadnz|hourly,2026-08-17T18:48:05Z,2026-08-17T18:48:05Z,
210.222.153.101,ipv4,imap-attack,high,WHITE,blocklist.de/imap|blocklist.de/all|blocklist.de/mail|ziyadnz/hourly-ipv4,blocklist.de|imap|pop3|brute-force|spam|mail|ziyadnz|hourly,2026-08-17T18:48:05Z,2026-08-17T18:48:05Z,
210.222.217.202,ipv4,imap-attack,high,WHITE,blocklist.de/imap|blocklist.de/all|blocklist.de/mail|ziyadnz/hourly-ipv4,blocklist.de|imap|pop3|brute-force|spam|mail|ziyadnz|hourly,2026-08-17T18:48:05Z,2026-08-17T18:48:05Z,
210.45.73.224,ipv4,imap-attack,high,WHITE,blocklist.de/imap|blocklist.de/all|blocklist.de/mail|ziyadnz/hourly-ipv4,blocklist.de|imap|pop3|brute-force|spam|mail|ziyadnz|hourly,2026-08-17T18:48:05Z,2026-08-17T18:48:05Z,
210.5.117.238,ipv4,imap-attack,high,WHITE,blocklist.de/imap|blocklist.de/all|blocklist.de/mail|ziyadnz/hourly-ipv4,blocklist.de|imap|pop3|brute-force|spam|mail|ziyadnz|hourly,2026-08-17T18:48:05Z,2026-08-17T18:48:05Z,
210.56.12.205,ipv4,imap-attack,high,WHITE,blocklist.de/imap|blocklist.de/all|blocklist.de/mail|ziyadnz/hourly-ipv4,blocklist.de|imap|pop3|brute-force|spam|mail|ziyadnz|hourly,2026-08-17T18:48:05Z,2026-08-17T18:48:05Z,
210.79.170.28,ipv4,imap-attack,high,WHITE,blocklist.de/imap|blocklist.de/all|blocklist.de/mail|ziyadnz/hourly-ipv4,blocklist.de|imap|pop3|brute-force|spam|mail|ziyadnz|hourly,2026-08-17T18:48:05Z,2026-08-17T18:48:05Z,
210.91.212.146,ipv4,imap-attack,high,WHITE,blocklist.de/imap|blocklist.de/all|blocklist.de/mail|ziyadnz/hourly-ipv4,blocklist.de|imap|pop3|brute-force|spam|mail|ziyadnz|hourly,2026-08-17T18:48:05Z,2026-08-17T18:48:05Z,
210.91.23.200,ipv4,imap-attack,high,WHITE,blocklist.de/imap|blocklist.de/all|blocklist.de/mail|ziyadnz/hourly-ipv4,blocklist.de|imap|pop3|brute-force|spam|mail|ziyadnz|hourly,2026-08-17T18:48:05Z,2026-08-17T18:48:05Z,
210.95.176.243,ipv4,imap-attack,high,WHITE,blocklist.de/imap|blocklist.de/all|blocklist.de/mail|ziyadnz/hourly-ipv4,blocklist.de|imap|pop3|brute-force|spam|mail|ziyadnz|hourly,2026-08-17T18:48:05Z,2026-08-17T18:48:05Z,
210.95.212.115,ipv4,imap-attack,high,WHITE,blocklist.de/imap|blocklist.de/all|blocklist.de/mail|ziyadnz/hourly-ipv4,blocklist.de|imap|pop3|brute-force|spam|mail|ziyadnz|hourly,2026-08-17T18:48:05Z,2026-08-17T18:48:05Z,
210.95.231.191,ipv4,imap-attack,high,WHITE,blocklist.de/imap|blocklist.de/all|blocklist.de/mail|ziyadnz/hourly-ipv4,blocklist.de|imap|pop3|brute-force|spam|mail|ziyadnz|hourly,2026-08-17T18:48:05Z,2026-08-17T18:48:05Z,
210.99.94.2,ipv4,imap-attack,high,WHITE,blocklist.de/imap|blocklist.de/all|blocklist.de/mail|ziyadnz/hourly-ipv4,blocklist.de|imap|pop3|brute-force|spam|mail|ziyadnz|hourly,2026-08-17T18:48:05Z,2026-08-17T18:48:05Z,
211.105.229.237,ipv4,imap-attack,high,WHITE,blocklist.de/imap|blocklist.de/all|blocklist.de/mail|ziyadnz/hourly-ipv4,blocklist.de|imap|pop3|brute-force|spam|mail|ziyadnz|hourly,2026-08-17T18:48:05Z,2026-08-17T18:48:05Z,
211.105.231.21,ipv4,imap-attack,high,WHITE,blocklist.de/imap|blocklist.de/all|blocklist.de/mail|ziyadnz/hourly-ipv4,blocklist.de|imap|pop3|brute-force|spam|mail|ziyadnz|hourly,2026-08-17T18:48:05Z,2026-08-17T18:48:05Z,
211.107.192.176,ipv4,imap-attack,high,WHITE,blocklist.de/imap|blocklist.de/all|blocklist.de/mail|ziyadnz/hourly-ipv4,blocklist.de|imap|pop3|brute-force|spam|mail|ziyadnz|hourly,2026-08-17T18:48:05Z,2026-08-17T18:48:05Z,
211.112.71.51,ipv4,imap-attack,high,WHITE,blocklist.de/imap|blocklist.de/all|blocklist.de/mail|ziyadnz/hourly-ipv4,blocklist.de|imap|pop3|brute-force|spam|mail|ziyadnz|hourly,2026-08-17T18:48:05Z,2026-08-17T18:48:05Z,
211.114.40.60,ipv4,imap-attack,high,WHITE,blocklist.de/imap|blocklist.de/all|blocklist.de/mail|ziyadnz/hourly-ipv4,blocklist.de|imap|pop3|brute-force|spam|mail|ziyadnz|hourly,2026-08-17T18:48:05Z,2026-08-17T18:48:05Z,
211.116.107.222,ipv4,imap-attack,high,WHITE,blocklist.de/imap|blocklist.de/all|blocklist.de/mail|ziyadnz/hourly-ipv4,blocklist.de|imap|pop3|brute-force|spam|mail|ziyadnz|hourly,2026-08-17T18:48:05Z,2026-08-17T18:48:05Z,
211.185.133.203,ipv4,imap-attack,high,WHITE,blocklist.de/imap|blocklist.de/all|blocklist.de/mail|ziyadnz/hourly-ipv4,blocklist.de|imap|pop3|brute-force|spam|mail|ziyadnz|hourly,2026-08-17T18:48:05Z,2026-08-17T18:48:05Z,
211.185.16.78,ipv4,imap-attack,high,WHITE,blocklist.de/imap|blocklist.de/all|blocklist.de/mail|ziyadnz/hourly-ipv4,blocklist.de|imap|pop3|brute-force|spam|mail|ziyadnz|hourly,2026-08-17T18:48:05Z,2026-08-17T18:48:05Z,
211.185.22.6,ipv4,imap-attack,high,WHITE,blocklist.de/imap|blocklist.de/all|blocklist.de/mail|ziyadnz/hourly-ipv4,blocklist.de|imap|pop3|brute-force|spam|mail|ziyadnz|hourly,2026-08-17T18:48:05Z,2026-08-17T18:48:05Z,
211.193.19.240,ipv4,imap-attack,high,WHITE,blocklist.de/imap|blocklist.de/all|blocklist.de/mail|ziyadnz/hourly-ipv4,blocklist.de|imap|pop3|brute-force|spam|mail|ziyadnz|hourly,2026-08-17T18:48:05Z,2026-08-17T18:48:05Z,
211.193.245.27,ipv4,imap-attack,high,WHITE,blocklist.de/imap|blocklist.de/all|blocklist.de/mail|ziyadnz/hourly-ipv4,blocklist.de|imap|pop3|brute-force|spam|mail|ziyadnz|hourly,2026-08-17T18:48:05Z,2026-08-17T18:48:05Z,
211.195.108.229,ipv4,imap-attack,high,WHITE,blocklist.de/imap|blocklist.de/all|blocklist.de/mail|ziyadnz/hourly-ipv4,blocklist.de|imap|pop3|brute-force|spam|mail|ziyadnz|hourly,2026-08-17T18:48:05Z,2026-08-17T18:48:05Z,
211.198.128.204,ipv4,imap-attack,high,WHITE,blocklist.de/imap|blocklist.de/all|blocklist.de/mail|ziyadnz/hourly-ipv4,blocklist.de|imap|pop3|brute-force|spam|mail|ziyadnz|hourly,2026-08-17T18:48:05Z,2026-08-17T18:48:05Z,
211.199.254.87,ipv4,imap-attack,high,WHITE,blocklist.de/imap|blocklist.de/all|blocklist.de/mail|ziyadnz/hourly-ipv4,blocklist.de|imap|pop3|brute-force|spam|mail|ziyadnz|hourly,2026-08-17T18:48:05Z,2026-08-17T18:48:05Z,
211.20.70.64,ipv4,imap-attack,high,WHITE,blocklist.de/imap|blocklist.de/all|blocklist.de/mail|ziyadnz/hourly-ipv4,blocklist.de|imap|pop3|brute-force|spam|mail|ziyadnz|hourly,2026-08-17T18:48:05Z,2026-08-17T18:48:05Z,
211.211.127.19,ipv4,imap-attack,high,WHITE,blocklist.de/imap|blocklist.de/all|blocklist.de/mail|ziyadnz/hourly-ipv4,blocklist.de|imap|pop3|brute-force|spam|mail|ziyadnz|hourly,2026-08-17T18:48:05Z,2026-08-17T18:48:05Z,
211.217.132.69,ipv4,imap-attack,high,WHITE,blocklist.de/imap|blocklist.de/all|blocklist.de/mail|ziyadnz/hourly-ipv4,blocklist.de|imap|pop3|brute-force|spam|mail|ziyadnz|hourly,2026-08-17T18:48:05Z,2026-08-17T18:48:05Z,
211.217.209.40,ipv4,imap-attack,high,WHITE,blocklist.de/imap|blocklist.de/all|blocklist.de/mail|ziyadnz/hourly-ipv4,blocklist.de|imap|pop3|brute-force|spam|mail|ziyadnz|hourly,2026-08-17T18:48:05Z,2026-08-17T18:48:05Z,
211.219.233.163,ipv4,imap-attack,high,WHITE,blocklist.de/imap|blocklist.de/all|blocklist.de/mail|ziyadnz/hourly-ipv4,blocklist.de|imap|pop3|brute-force|spam|mail|ziyadnz|hourly,2026-08-17T18:48:05Z,2026-08-17T18:48:05Z,
211.221.2.119,ipv4,imap-attack,high,WHITE,blocklist.de/imap|blocklist.de/all|blocklist.de/mail|ziyadnz/hourly-ipv4,blocklist.de|imap|pop3|brute-force|spam|mail|ziyadnz|hourly,2026-08-17T18:48:05Z,2026-08-17T18:48:05Z,
211.223.182.96,ipv4,imap-attack,high,WHITE,blocklist.de/imap|blocklist.de/all|blocklist.de/mail|ziyadnz/hourly-ipv4,blocklist.de|imap|pop3|brute-force|spam|mail|ziyadnz|hourly,2026-08-17T18:48:05Z,2026-08-17T18:48:05Z,
211.223.184.229,ipv4,imap-attack,high,WHITE,blocklist.de/imap|blocklist.de/all|blocklist.de/mail|ziyadnz/hourly-ipv4,blocklist.de|imap|pop3|brute-force|spam|mail|ziyadnz|hourly,2026-08-17T18:48:05Z,2026-08-17T18:48:05Z,
211.223.187.249,ipv4,imap-attack,high,WHITE,blocklist.de/imap|blocklist.de/all|blocklist.de/mail|ziyadnz/hourly-ipv4,blocklist.de|imap|pop3|brute-force|spam|mail|ziyadnz|hourly,2026-08-17T18:48:05Z,2026-08-17T18:48:05Z,
211.224.23.239,ipv4,imap-attack,high,WHITE,blocklist.de/imap|blocklist.de/all|blocklist.de/mail|ziyadnz/hourly-ipv4,blocklist.de|imap|pop3|brute-force|spam|mail|ziyadnz|hourly,2026-08-17T18:48:05Z,2026-08-17T18:48:05Z,
211.226.103.20,ipv4,imap-attack,high,WHITE,blocklist.de/imap|blocklist.de/all|blocklist.de/mail|ziyadnz/hourly-ipv4,blocklist.de|imap|pop3|brute-force|spam|mail|ziyadnz|hourly,2026-08-17T18:48:05Z,2026-08-17T18:48:05Z,
211.228.102.165,ipv4,imap-attack,high,WHITE,blocklist.de/imap|blocklist.de/all|blocklist.de/mail|ziyadnz/hourly-ipv4,blocklist.de|imap|pop3|brute-force|spam|mail|ziyadnz|hourly,2026-08-17T18:48:05Z,2026-08-17T18:48:05Z,
211.228.118.94,ipv4,imap-attack,high,WHITE,blocklist.de/imap|blocklist.de/all|blocklist.de/mail|ziyadnz/hourly-ipv4,blocklist.de|imap|pop3|brute-force|spam|mail|ziyadnz|hourly,2026-08-17T18:48:05Z,2026-08-17T18:48:05Z,
211.228.197.187,ipv4,imap-attack,high,WHITE,blocklist.de/imap|blocklist.de/all|blocklist.de/mail|ziyadnz/hourly-ipv4,blocklist.de|imap|pop3|brute-force|spam|mail|ziyadnz|hourly,2026-08-17T18:48:05Z,2026-08-17T18:48:05Z,
211.228.197.49,ipv4,imap-attack,high,WHITE,blocklist.de/imap|blocklist.de/all|blocklist.de/mail|ziyadnz/hourly-ipv4,blocklist.de|imap|pop3|brute-force|spam|mail|ziyadnz|hourly,2026-08-17T18:48:05Z,2026-08-17T18:48:05Z,
211.228.97.97,ipv4,imap-attack,high,WHITE,blocklist.de/imap|blocklist.de/all|blocklist.de/mail|ziyadnz/hourly-ipv4,blocklist.de|imap|pop3|brute-force|spam|mail|ziyadnz|hourly,2026-08-17T18:48:05Z,2026-08-17T18:48:05Z,
211.246.160.21,ipv4,imap-attack,high,WHITE,blocklist.de/imap|blocklist.de/all|blocklist.de/mail|ziyadnz/hourly-ipv4,blocklist.de|imap|pop3|brute-force|spam|mail|ziyadnz|hourly,2026-08-17T18:48:05Z,2026-08-17T18:48:05Z,
211.246.182.158,ipv4,imap-attack,high,WHITE,blocklist.de/imap|blocklist.de/all|blocklist.de/mail|ziyadnz/hourly-ipv4,blocklist.de|imap|pop3|brute-force|spam|mail|ziyadnz|hourly,2026-08-17T18:48:05Z,2026-08-17T18:48:05Z,
211.248.197.36,ipv4,imap-attack,high,WHITE,blocklist.de/imap|blocklist.de/all|blocklist.de/mail|ziyadnz/hourly-ipv4,blocklist.de|imap|pop3|brute-force|spam|mail|ziyadnz|hourly,2026-08-17T18:48:05Z,2026-08-17T18:48:05Z,
211.250.254.176,ipv4,imap-attack,high,WHITE,blocklist.de/imap|blocklist.de/all|blocklist.de/mail|ziyadnz/hourly-ipv4,blocklist.de|imap|pop3|brute-force|spam|mail|ziyadnz|hourly,2026-08-17T18:48:05Z,2026-08-17T18:48:05Z,
211.252.94.151,ipv4,imap-attack,high,WHITE,blocklist.de/imap|blocklist.de/all|blocklist.de/mail|ziyadnz/hourly-ipv4,blocklist.de|imap|pop3|brute-force|spam|mail|ziyadnz|hourly,2026-08-17T18:48:05Z,2026-08-17T18:48:05Z,
211.252.95.36,ipv4,imap-attack,high,WHITE,blocklist.de/imap|blocklist.de/all|blocklist.de/mail|ziyadnz/hourly-ipv4,blocklist.de|imap|pop3|brute-force|spam|mail|ziyadnz|hourly,2026-08-17T18:48:05Z,2026-08-17T18:48:05Z,
211.43.1.106,ipv4,imap-attack,high,WHITE,blocklist.de/imap|blocklist.de/all|blocklist.de/mail|ziyadnz/hourly-ipv4,blocklist.de|imap|pop3|brute-force|spam|mail|ziyadnz|hourly,2026-08-17T18:48:05Z,2026-08-17T18:48:05Z,
211.43.1.202,ipv4,imap-attack,high,WHITE,blocklist.de/imap|blocklist.de/all|blocklist.de/mail|ziyadnz/hourly-ipv4,blocklist.de|imap|pop3|brute-force|spam|mail|ziyadnz|hourly,2026-08-17T18:48:05Z,2026-08-17T18:48:05Z,
211.43.100.45,ipv4,imap-attack,high,WHITE,blocklist.de/imap|blocklist.de/all|blocklist.de/mail|ziyadnz/hourly-ipv4,blocklist.de|imap|pop3|brute-force|spam|mail|ziyadnz|hourly,2026-08-17T18:48:05Z,2026-08-17T18:48:05Z,
211.43.100.92,ipv4,imap-attack,high,WHITE,blocklist.de/imap|blocklist.de/all|blocklist.de/mail|ziyadnz/hourly-ipv4,blocklist.de|imap|pop3|brute-force|spam|mail|ziyadnz|hourly,2026-08-17T18:48:05Z,2026-08-17T18:48:05Z,
211.43.107.179,ipv4,imap-attack,high,WHITE,blocklist.de/imap|blocklist.de/all|blocklist.de/mail|ziyadnz/hourly-ipv4,blocklist.de|imap|pop3|brute-force|spam|mail|ziyadnz|hourly,2026-08-17T18:48:05Z,2026-08-17T18:48:05Z,
211.43.122.140,ipv4,imap-attack,high,WHITE,blocklist.de/imap|blocklist.de/all|blocklist.de/mail|ziyadnz/hourly-ipv4,blocklist.de|imap|pop3|brute-force|spam|mail|ziyadnz|hourly,2026-08-17T18:48:05Z,2026-08-17T18:48:05Z,
211.43.139.142,ipv4,imap-attack,high,WHITE,blocklist.de/imap|blocklist.de/all|blocklist.de/mail|ziyadnz/hourly-ipv4,blocklist.de|imap|pop3|brute-force|spam|mail|ziyadnz|hourly,2026-08-17T18:48:05Z,2026-08-17T18:48:05Z,
211.46.202.61,ipv4,imap-attack,high,WHITE,blocklist.de/imap|blocklist.de/all|blocklist.de/mail|ziyadnz/hourly-ipv4,blocklist.de|imap|pop3|brute-force|spam|mail|ziyadnz|hourly,2026-08-17T18:48:05Z,2026-08-17T18:48:05Z,
211.48.230.226,ipv4,imap-attack,high,WHITE,blocklist.de/imap|blocklist.de/all|blocklist.de/mail|ziyadnz/hourly-ipv4,blocklist.de|imap|pop3|brute-force|spam|mail|ziyadnz|hourly,2026-08-17T18:48:05Z,2026-08-17T18:48:05Z,
211.54.103.121,ipv4,imap-attack,high,WHITE,blocklist.de/imap|blocklist.de/all|blocklist.de/mail|ziyadnz/hourly-ipv4,blocklist.de|imap|pop3|brute-force|spam|mail|ziyadnz|hourly,2026-08-17T18:48:05Z,2026-08-17T18:48:05Z,
211.57.78.222,ipv4,imap-attack,high,WHITE,blocklist.de/imap|blocklist.de/all|blocklist.de/mail|ziyadnz/hourly-ipv4,blocklist.de|imap|pop3|brute-force|spam|mail|ziyadnz|hourly,2026-08-17T18:48:05Z,2026-08-17T18:48:05Z,
211.58.176.42,ipv4,imap-attack,high,WHITE,blocklist.de/imap|blocklist.de/all|blocklist.de/mail|ziyadnz/hourly-ipv4,blocklist.de|imap|pop3|brute-force|spam|mail|ziyadnz|hourly,2026-08-17T18:48:05Z,2026-08-17T18:48:05Z,
211.62.73.218,ipv4,imap-attack,high,WHITE,blocklist.de/imap|blocklist.de/all|blocklist.de/mail|ziyadnz/hourly-ipv4,blocklist.de|imap|pop3|brute-force|spam|mail|ziyadnz|hourly,2026-08-17T18:48:05Z,2026-08-17T18:48:05Z,
211.63.219.148,ipv4,imap-attack,high,WHITE,blocklist.de/imap|blocklist.de/all|blocklist.de/mail|ziyadnz/hourly-ipv4,blocklist.de|imap|pop3|brute-force|spam|mail|ziyadnz|hourly,2026-08-17T18:48:05Z,2026-08-17T18:48:05Z,
212.116.247.31,ipv4,imap-attack,high,WHITE,blocklist.de/imap|blocklist.de/all|blocklist.de/mail|ziyadnz/hourly-ipv4,blocklist.de|imap|pop3|brute-force|spam|mail|ziyadnz|hourly,2026-08-17T18:48:05Z,2026-08-17T18:48:05Z,
212.13.154.80,ipv4,imap-attack,high,WHITE,blocklist.de/imap|blocklist.de/all|blocklist.de/mail|ziyadnz/hourly-ipv4,blocklist.de|imap|pop3|brute-force|spam|mail|ziyadnz|hourly,2026-08-17T18:48:05Z,2026-08-17T18:48:05Z,
212.132.64.89,ipv4,imap-attack,high,WHITE,blocklist.de/imap|blocklist.de/all|blocklist.de/mail|ziyadnz/hourly-ipv4,blocklist.de|imap|pop3|brute-force|spam|mail|ziyadnz|hourly,2026-08-17T18:48:05Z,2026-08-17T18:48:05Z,
212.182.124.8,ipv4,imap-attack,high,WHITE,blocklist.de/imap|blocklist.de/all|blocklist.de/mail|ziyadnz/hourly-ipv4,blocklist.de|imap|pop3|brute-force|spam|mail|ziyadnz|hourly,2026-08-17T18:48:05Z,2026-08-17T18:48:05Z,
212.243.68.166,ipv4,imap-attack,high,WHITE,blocklist.de/imap|blocklist.de/all|blocklist.de/mail|ziyadnz/hourly-ipv4,blocklist.de|imap|pop3|brute-force|spam|mail|ziyadnz|hourly,2026-08-17T18:48:05Z,2026-08-17T18:48:05Z,
212.252.73.58,ipv4,imap-attack,high,WHITE,blocklist.de/imap|blocklist.de/all|blocklist.de/mail|ziyadnz/hourly-ipv4,blocklist.de|imap|pop3|brute-force|spam|mail|ziyadnz|hourly,2026-08-17T18:48:05Z,2026-08-17T18:48:05Z,
212.27.12.204,ipv4,imap-attack,high,WHITE,blocklist.de/imap|blocklist.de/all|blocklist.de/mail|ziyadnz/hourly-ipv4,blocklist.de|imap|pop3|brute-force|spam|mail|ziyadnz|hourly,2026-08-17T18:48:05Z,2026-08-17T18:48:05Z,
212.47.129.82,ipv4,imap-attack,high,WHITE,blocklist.de/imap|blocklist.de/all|blocklist.de/mail|ziyadnz/hourly-ipv4,blocklist.de|imap|pop3|brute-force|spam|mail|ziyadnz|hourly,2026-08-17T18:48:05Z,2026-08-17T18:48:05Z,
213.101.138.172,ipv4,imap-attack,high,WHITE,blocklist.de/imap|blocklist.de/all|blocklist.de/mail|ziyadnz/hourly-ipv4,blocklist.de|imap|pop3|brute-force|spam|mail|ziyadnz|hourly,2026-08-17T18:48:05Z,2026-08-17T18:48:05Z,
213.124.148.22,ipv4,imap-attack,high,WHITE,blocklist.de/imap|blocklist.de/all|blocklist.de/mail|ziyadnz/hourly-ipv4,blocklist.de|imap|pop3|brute-force|spam|mail|ziyadnz|hourly,2026-08-17T18:48:05Z,2026-08-17T18:48:05Z,
213.125.7.190,ipv4,imap-attack,high,WHITE,blocklist.de/imap|blocklist.de/all|blocklist.de/mail|ziyadnz/hourly-ipv4,blocklist.de|imap|pop3|brute-force|spam|mail|ziyadnz|hourly,2026-08-17T18:48:05Z,2026-08-17T18:48:05Z,
213.126.222.66,ipv4,imap-attack,high,WHITE,blocklist.de/imap|blocklist.de/all|blocklist.de/mail|ziyadnz/hourly-ipv4,blocklist.de|imap|pop3|brute-force|spam|mail|ziyadnz|hourly,2026-08-17T18:48:05Z,2026-08-17T18:48:05Z,
213.127.227.154,ipv4,imap-attack,high,WHITE,blocklist.de/imap|blocklist.de/all|blocklist.de/mail|ziyadnz/hourly-ipv4,blocklist.de|imap|pop3|brute-force|spam|mail|ziyadnz|hourly,2026-08-17T18:48:05Z,2026-08-17T18:48:05Z,
213.139.59.240,ipv4,imap-attack,high,WHITE,blocklist.de/imap|blocklist.de/all|blocklist.de/mail|ziyadnz/hourly-ipv4,blocklist.de|imap|pop3|brute-force|spam|mail|ziyadnz|hourly,2026-08-17T18:48:05Z,2026-08-17T18:48:05Z,
213.149.216.10,ipv4,imap-attack,high,WHITE,blocklist.de/imap|blocklist.de/all|blocklist.de/mail|ziyadnz/hourly-ipv4,blocklist.de|imap|pop3|brute-force|spam|mail|ziyadnz|hourly,2026-08-17T18:48:05Z,2026-08-17T18:48:05Z,
213.153.174.18,ipv4,imap-attack,high,WHITE,blocklist.de/imap|blocklist.de/all|blocklist.de/mail,blocklist.de|imap|pop3|brute-force|spam|mail|ziyadnz|hourly,2026-08-17T18:48:05Z,2026-08-17T18:48:05Z,
213.153.174.20,ipv4,imap-attack,high,WHITE,blocklist.de/imap|blocklist.de/all|blocklist.de/mail|ziyadnz/hourly-ipv4,blocklist.de|imap|pop3|brute-force|spam|mail|ziyadnz|hourly,2026-08-17T18:48:05Z,2026-08-17T18:48:05Z,
213.153.174.22,ipv4,imap-attack,high,WHITE,blocklist.de/imap|blocklist.de/all|blocklist.de/mail|ziyadnz/hourly-ipv4,blocklist.de|imap|pop3|brute-force|spam|mail|ziyadnz|hourly,2026-08-17T18:48:05Z,2026-08-17T18:48:05Z,
213.172.155.42,ipv4,imap-attack,high,WHITE,blocklist.de/imap|blocklist.de/all|blocklist.de/mail|ziyadnz/hourly-ipv4,blocklist.de|imap|pop3|brute-force|spam|mail|ziyadnz|hourly,2026-08-17T18:48:05Z,2026-08-17T18:48:05Z,
213.176.24.63,ipv4,imap-attack,high,WHITE,blocklist.de/imap|blocklist.de/all|blocklist.de/mail|ziyadnz/hourly-ipv4,blocklist.de|imap|pop3|brute-force|spam|mail|ziyadnz|hourly,2026-08-17T18:48:05Z,2026-08-17T18:48:05Z,
213.176.26.114,ipv4,imap-attack,high,WHITE,blocklist.de/imap|blocklist.de/all|blocklist.de/mail|ziyadnz/hourly-ipv4,blocklist.de|imap|pop3|brute-force|spam|mail|ziyadnz|hourly,2026-08-17T18:48:05Z,2026-08-17T18:48:05Z,
213.176.26.134,ipv4,imap-attack,high,WHITE,blocklist.de/imap|blocklist.de/all|blocklist.de/mail|ziyadnz/hourly-ipv4,blocklist.de|imap|pop3|brute-force|spam|mail|ziyadnz|hourly,2026-08-17T18:48:05Z,2026-08-17T18:48:05Z,
213.176.26.144,ipv4,imap-attack,high,WHITE,blocklist.de/imap|blocklist.de/all|blocklist.de/mail|ziyadnz/hourly-ipv4,blocklist.de|imap|pop3|brute-force|spam|mail|ziyadnz|hourly,2026-08-17T18:48:05Z,2026-08-17T18:48:05Z,
213.176.26.159,ipv4,imap-attack,high,WHITE,blocklist.de/imap|blocklist.de/all|blocklist.de/mail|ziyadnz/hourly-ipv4,blocklist.de|imap|pop3|brute-force|spam|mail|ziyadnz|hourly,2026-08-17T18:48:05Z,2026-08-17T18:48:05Z,
213.176.26.64,ipv4,imap-attack,high,WHITE,blocklist.de/imap|blocklist.de/all|blocklist.de/mail|ziyadnz/hourly-ipv4,blocklist.de|imap|pop3|brute-force|spam|mail|ziyadnz|hourly,2026-08-17T18:48:05Z,2026-08-17T18:48:05Z,
213.176.26.74,ipv4,imap-attack,high,WHITE,blocklist.de/imap|blocklist.de/all|blocklist.de/mail|ziyadnz/hourly-ipv4,blocklist.de|imap|pop3|brute-force|spam|mail|ziyadnz|hourly,2026-08-17T18:48:05Z,2026-08-17T18:48:05Z,
213.177.179.24,ipv4,imap-attack,high,WHITE,blocklist.de/imap|blocklist.de/all|blocklist.de/mail|ziyadnz/hourly-ipv4,blocklist.de|imap|pop3|brute-force|spam|mail|ziyadnz|hourly,2026-08-17T18:48:05Z,2026-08-17T18:48:05Z,
213.200.15.122,ipv4,imap-attack,high,WHITE,blocklist.de/imap|blocklist.de/all|blocklist.de/mail,blocklist.de|imap|pop3|brute-force|spam|mail|ziyadnz|hourly,2026-08-17T18:48:05Z,2026-08-17T18:48:05Z,
213.204.118.23,ipv4,imap-attack,high,WHITE,blocklist.de/imap|blocklist.de/all|blocklist.de/mail|ziyadnz/hourly-ipv4,blocklist.de|imap|pop3|brute-force|spam|mail|ziyadnz|hourly,2026-08-17T18:48:05Z,2026-08-17T18:48:05Z,
213.226.219.237,ipv4,imap-attack,high,WHITE,blocklist.de/imap|blocklist.de/all|blocklist.de/mail|ziyadnz/hourly-ipv4,blocklist.de|imap|pop3|brute-force|spam|mail|ziyadnz|hourly,2026-08-17T18:48:05Z,2026-08-17T18:48:05Z,
213.226.221.123,ipv4,imap-attack,high,WHITE,blocklist.de/imap|blocklist.de/all|blocklist.de/mail|ziyadnz/hourly-ipv4,blocklist.de|imap|pop3|brute-force|spam|mail|ziyadnz|hourly,2026-08-17T18:48:05Z,2026-08-17T18:48:05Z,
213.230.65.53,ipv4,imap-attack,high,WHITE,blocklist.de/imap|blocklist.de/all|blocklist.de/mail|ziyadnz/hourly-ipv4,blocklist.de|imap|pop3|brute-force|spam|mail|ziyadnz|hourly,2026-08-17T18:48:05Z,2026-08-17T18:48:05Z,
213.230.78.100,ipv4,imap-attack,high,WHITE,blocklist.de/imap|blocklist.de/all|blocklist.de/mail|ziyadnz/hourly-ipv4,blocklist.de|imap|pop3|brute-force|spam|mail|ziyadnz|hourly,2026-08-17T18:48:05Z,2026-08-17T18:48:05Z,
213.230.93.183,ipv4,imap-attack,high,WHITE,blocklist.de/imap|blocklist.de/all|blocklist.de/mail|ziyadnz/hourly-ipv4,blocklist.de|imap|pop3|brute-force|spam|mail|ziyadnz|hourly,2026-08-17T18:48:05Z,2026-08-17T18:48:05Z,
213.230.99.230,ipv4,imap-attack,high,WHITE,blocklist.de/imap|blocklist.de/all|blocklist.de/mail|ziyadnz/hourly-ipv4,blocklist.de|imap|pop3|brute-force|spam|mail|ziyadnz|hourly,2026-08-17T18:48:05Z,2026-08-17T18:48:05Z,
213.235.33.106,ipv4,imap-attack,high,WHITE,blocklist.de/imap|blocklist.de/all|blocklist.de/mail|ziyadnz/hourly-ipv4,blocklist.de|imap|pop3|brute-force|spam|mail|ziyadnz|hourly,2026-08-17T18:48:05Z,2026-08-17T18:48:05Z,
213.34.7.178,ipv4,imap-attack,high,WHITE,blocklist.de/imap|blocklist.de/all|blocklist.de/mail|ziyadnz/hourly-ipv4,blocklist.de|imap|pop3|brute-force|spam|mail|ziyadnz|hourly,2026-08-17T18:48:05Z,2026-08-17T18:48:05Z,
213.43.122.104,ipv4,imap-attack,high,WHITE,blocklist.de/imap|blocklist.de/all|blocklist.de/mail|ziyadnz/hourly-ipv4,blocklist.de|imap|pop3|brute-force|spam|mail|ziyadnz|hourly,2026-08-17T18:48:05Z,2026-08-17T18:48:05Z,
213.55.79.195,ipv4,imap-attack,high,WHITE,blocklist.de/imap|blocklist.de/all|blocklist.de/mail|ziyadnz/hourly-ipv4,blocklist.de|imap|pop3|brute-force|spam|mail|ziyadnz|hourly,2026-08-17T18:48:05Z,2026-08-17T18:48:05Z,
213.59.165.127,ipv4,imap-attack,high,WHITE,blocklist.de/imap|blocklist.de/all|blocklist.de/mail|ziyadnz/hourly-ipv4,blocklist.de|imap|pop3|brute-force|spam|mail|ziyadnz|hourly,2026-08-17T18:48:05Z,2026-08-17T18:48:05Z,
213.59.167.238,ipv4,imap-attack,high,WHITE,blocklist.de/imap|blocklist.de/all|blocklist.de/mail|ziyadnz/hourly-ipv4,blocklist.de|imap|pop3|brute-force|spam|mail|ziyadnz|hourly,2026-08-17T18:48:05Z,2026-08-17T18:48:05Z,
213.6.199.155,ipv4,imap-attack,high,WHITE,blocklist.de/imap|blocklist.de/all|blocklist.de/mail|ziyadnz/hourly-ipv4,blocklist.de|imap|pop3|brute-force|spam|mail|ziyadnz|hourly,2026-08-17T18:48:05Z,2026-08-17T18:48:05Z,
213.64.163.27,ipv4,imap-attack,high,WHITE,blocklist.de/imap|blocklist.de/all|blocklist.de/mail|ziyadnz/hourly-ipv4,blocklist.de|imap|pop3|brute-force|spam|mail|ziyadnz|hourly,2026-08-17T18:48:05Z,2026-08-17T18:48:05Z,
213.66.196.11,ipv4,imap-attack,high,WHITE,blocklist.de/imap|blocklist.de/all|blocklist.de/mail|ziyadnz/hourly-ipv4,blocklist.de|imap|pop3|brute-force|spam|mail|ziyadnz|hourly,2026-08-17T18:48:05Z,2026-08-17T18:48:05Z,
213.66.197.199,ipv4,imap-attack,high,WHITE,blocklist.de/imap|blocklist.de/all|blocklist.de/mail|ziyadnz/hourly-ipv4,blocklist.de|imap|pop3|brute-force|spam|mail|ziyadnz|hourly,2026-08-17T18:48:05Z,2026-08-17T18:48:05Z,
213.74.192.74,ipv4,imap-attack,high,WHITE,blocklist.de/imap|blocklist.de/all|blocklist.de/mail|ziyadnz/hourly-ipv4,blocklist.de|imap|pop3|brute-force|spam|mail|ziyadnz|hourly,2026-08-17T18:48:05Z,2026-08-17T18:48:05Z,
213.92.222.104,ipv4,imap-attack,high,WHITE,blocklist.de/imap|blocklist.de/all|blocklist.de/mail|ziyadnz/hourly-ipv4,blocklist.de|imap|pop3|brute-force|spam|mail|ziyadnz|hourly,2026-08-17T18:48:05Z,2026-08-17T18:48:05Z,
213.92.222.125,ipv4,imap-attack,high,WHITE,blocklist.de/imap|blocklist.de/all|blocklist.de/mail|ziyadnz/hourly-ipv4,blocklist.de|imap|pop3|brute-force|spam|mail|ziyadnz|hourly,2026-08-17T18:48:05Z,2026-08-17T18:48:05Z,
213.92.222.237,ipv4,imap-attack,high,WHITE,blocklist.de/imap|blocklist.de/all|blocklist.de/mail|ziyadnz/hourly-ipv4,blocklist.de|imap|pop3|brute-force|spam|mail|ziyadnz|hourly,2026-08-17T18:48:05Z,2026-08-17T18:48:05Z,
213.92.222.99,ipv4,imap-attack,high,WHITE,blocklist.de/imap|blocklist.de/all|blocklist.de/mail|ziyadnz/hourly-ipv4,blocklist.de|imap|pop3|brute-force|spam|mail|ziyadnz|hourly,2026-08-17T18:48:05Z,2026-08-17T18:48:05Z,
213.92.223.8,ipv4,imap-attack,high,WHITE,blocklist.de/imap|blocklist.de/all|blocklist.de/mail|ziyadnz/hourly-ipv4,blocklist.de|imap|pop3|brute-force|spam|mail|ziyadnz|hourly,2026-08-17T18:48:05Z,2026-08-17T18:48:05Z,
213.92.223.86,ipv4,imap-attack,high,WHITE,blocklist.de/imap|blocklist.de/all|blocklist.de/mail|ziyadnz/hourly-ipv4,blocklist.de|imap|pop3|brute-force|spam|mail|ziyadnz|hourly,2026-08-17T18:48:05Z,2026-08-17T18:48:05Z,
216.16.101.175,ipv4,imap-attack,high,WHITE,blocklist.de/imap|blocklist.de/all|blocklist.de/mail|ziyadnz/hourly-ipv4,blocklist.de|imap|pop3|brute-force|spam|mail|ziyadnz|hourly,2026-08-17T18:48:05Z,2026-08-17T18:48:05Z,
216.232.226.203,ipv4,imap-attack,high,WHITE,blocklist.de/imap|blocklist.de/all|blocklist.de/mail|ziyadnz/hourly-ipv4,blocklist.de|imap|pop3|brute-force|spam|mail|ziyadnz|hourly,2026-08-17T18:48:05Z,2026-08-17T18:48:05Z,
216.232.226.217,ipv4,imap-attack,high,WHITE,blocklist.de/imap|blocklist.de/all|blocklist.de/mail|ziyadnz/hourly-ipv4,blocklist.de|imap|pop3|brute-force|spam|mail|ziyadnz|hourly,2026-08-17T18:48:05Z,2026-08-17T18:48:05Z,
216.45.75.104,ipv4,imap-attack,high,WHITE,blocklist.de/imap|blocklist.de/all|blocklist.de/mail|ziyadnz/hourly-ipv4,blocklist.de|imap|pop3|brute-force|spam|mail|ziyadnz|hourly,2026-08-17T18:48:05Z,2026-08-17T18:48:05Z,
217.100.179.106,ipv4,imap-attack,high,WHITE,blocklist.de/imap|blocklist.de/all|blocklist.de/mail|ziyadnz/hourly-ipv4,blocklist.de|imap|pop3|brute-force|spam|mail|ziyadnz|hourly,2026-08-17T18:48:05Z,2026-08-17T18:48:05Z,
217.100.184.50,ipv4,imap-attack,high,WHITE,blocklist.de/imap|blocklist.de/all|blocklist.de/mail|ziyadnz/hourly-ipv4,blocklist.de|imap|pop3|brute-force|spam|mail|ziyadnz|hourly,2026-08-17T18:48:05Z,2026-08-17T18:48:05Z,
217.112.100.11,ipv4,imap-attack,high,WHITE,blocklist.de/imap|blocklist.de/all|blocklist.de/mail|ziyadnz/hourly-ipv4,blocklist.de|imap|pop3|brute-force|spam|mail|ziyadnz|hourly,2026-08-17T18:48:05Z,2026-08-17T18:48:05Z,
217.112.103.119,ipv4,imap-attack,high,WHITE,blocklist.de/imap|blocklist.de/all|blocklist.de/mail|ziyadnz/hourly-ipv4,blocklist.de|imap|pop3|brute-force|spam|mail|ziyadnz|hourly,2026-08-17T18:48:05Z,2026-08-17T18:48:05Z,
217.112.106.236,ipv4,imap-attack,high,WHITE,blocklist.de/imap|blocklist.de/all|blocklist.de/mail|ziyadnz/hourly-ipv4,blocklist.de|imap|pop3|brute-force|spam|mail|ziyadnz|hourly,2026-08-17T18:48:05Z,2026-08-17T18:48:05Z,
217.112.108.23,ipv4,imap-attack,high,WHITE,blocklist.de/imap|blocklist.de/all|blocklist.de/mail|ziyadnz/hourly-ipv4,blocklist.de|imap|pop3|brute-force|spam|mail|ziyadnz|hourly,2026-08-17T18:48:05Z,2026-08-17T18:48:05Z,
217.112.172.93,ipv4,imap-attack,high,WHITE,blocklist.de/imap|blocklist.de/all|blocklist.de/mail|ziyadnz/hourly-ipv4,blocklist.de|imap|pop3|brute-force|spam|mail|ziyadnz|hourly,2026-08-17T18:48:05Z,2026-08-17T18:48:05Z,
217.147.171.54,ipv4,imap-attack,high,WHITE,blocklist.de/imap|blocklist.de/all|blocklist.de/mail|ziyadnz/hourly-ipv4,blocklist.de|imap|pop3|brute-force|spam|mail|ziyadnz|hourly,2026-08-17T18:48:05Z,2026-08-17T18:48:05Z,
217.154.85.16,ipv4,imap-attack,high,WHITE,blocklist.de/imap|blocklist.de/all|blocklist.de/mail|ziyadnz/hourly-ipv4,blocklist.de|imap|pop3|brute-force|spam|mail|ziyadnz|hourly,2026-08-17T18:48:05Z,2026-08-17T18:48:05Z,
217.165.7.112,ipv4,imap-attack,high,WHITE,blocklist.de/imap|blocklist.de/all|blocklist.de/mail|ziyadnz/hourly-ipv4,blocklist.de|imap|pop3|brute-force|spam|mail|ziyadnz|hourly,2026-08-17T18:48:05Z,2026-08-17T18:48:05Z,
217.17.108.39,ipv4,imap-attack,high,WHITE,blocklist.de/imap|blocklist.de/all|blocklist.de/mail|ziyadnz/hourly-ipv4,blocklist.de|imap|pop3|brute-force|spam|mail|ziyadnz|hourly,2026-08-17T18:48:05Z,2026-08-17T18:48:05Z,
217.170.106.43,ipv4,imap-attack,high,WHITE,blocklist.de/imap|blocklist.de/all|blocklist.de/mail|ziyadnz/hourly-ipv4,blocklist.de|imap|pop3|brute-force|spam|mail|ziyadnz|hourly,2026-08-17T18:48:05Z,2026-08-17T18:48:05Z,
217.174.230.149,ipv4,imap-attack,high,WHITE,blocklist.de/imap|blocklist.de/all|blocklist.de/mail|ziyadnz/hourly-ipv4,blocklist.de|imap|pop3|brute-force|spam|mail|ziyadnz|hourly,2026-08-17T18:48:05Z,2026-08-17T18:48:05Z,
217.210.70.99,ipv4,imap-attack,high,WHITE,blocklist.de/imap|blocklist.de/all|blocklist.de/mail|ziyadnz/hourly-ipv4,blocklist.de|imap|pop3|brute-force|spam|mail|ziyadnz|hourly,2026-08-17T18:48:05Z,2026-08-17T18:48:05Z,
217.211.15.160,ipv4,imap-attack,high,WHITE,blocklist.de/imap|blocklist.de/all|blocklist.de/mail|ziyadnz/hourly-ipv4,blocklist.de|imap|pop3|brute-force|spam|mail|ziyadnz|hourly,2026-08-17T18:48:05Z,2026-08-17T18:48:05Z,
217.217.97.16,ipv4,imap-attack,high,WHITE,blocklist.de/imap|blocklist.de/all|blocklist.de/mail|ziyadnz/hourly-ipv4,blocklist.de|imap|pop3|brute-force|spam|mail|ziyadnz|hourly,2026-08-17T18:48:05Z,2026-08-17T18:48:05Z,
217.24.238.120,ipv4,imap-attack,high,WHITE,blocklist.de/imap|blocklist.de/all|blocklist.de/mail|ziyadnz/hourly-ipv4,blocklist.de|imap|pop3|brute-force|spam|mail|ziyadnz|hourly,2026-08-17T18:48:05Z,2026-08-17T18:48:05Z,
217.26.178.106,ipv4,imap-attack,high,WHITE,blocklist.de/imap|blocklist.de/all|blocklist.de/mail|ziyadnz/hourly-ipv4,blocklist.de|imap|pop3|brute-force|spam|mail|ziyadnz|hourly,2026-08-17T18:48:05Z,2026-08-17T18:48:05Z,
217.26.178.134,ipv4,imap-attack,high,WHITE,blocklist.de/imap|blocklist.de/all|blocklist.de/mail|ziyadnz/hourly-ipv4,blocklist.de|imap|pop3|brute-force|spam|mail|ziyadnz|hourly,2026-08-17T18:48:05Z,2026-08-17T18:48:05Z,
217.26.178.14,ipv4,imap-attack,high,WHITE,blocklist.de/imap|blocklist.de/all|blocklist.de/mail|ziyadnz/hourly-ipv4,blocklist.de|imap|pop3|brute-force|spam|mail|ziyadnz|hourly,2026-08-17T18:48:05Z,2026-08-17T18:48:05Z,
217.26.178.159,ipv4,imap-attack,high,WHITE,blocklist.de/imap|blocklist.de/all|blocklist.de/mail|ziyadnz/hourly-ipv4,blocklist.de|imap|pop3|brute-force|spam|mail|ziyadnz|hourly,2026-08-17T18:48:05Z,2026-08-17T18:48:05Z,
217.26.178.22,ipv4,imap-attack,high,WHITE,blocklist.de/imap|blocklist.de/all|blocklist.de/mail|ziyadnz/hourly-ipv4,blocklist.de|imap|pop3|brute-force|spam|mail|ziyadnz|hourly,2026-08-17T18:48:05Z,2026-08-17T18:48:05Z,
217.26.178.27,ipv4,imap-attack,high,WHITE,blocklist.de/imap|blocklist.de/all|blocklist.de/mail|ziyadnz/hourly-ipv4,blocklist.de|imap|pop3|brute-force|spam|mail|ziyadnz|hourly,2026-08-17T18:48:05Z,2026-08-17T18:48:05Z,
217.26.178.34,ipv4,imap-attack,high,WHITE,blocklist.de/imap|blocklist.de/all|blocklist.de/mail|ziyadnz/hourly-ipv4,blocklist.de|imap|pop3|brute-force|spam|mail|ziyadnz|hourly,2026-08-17T18:48:05Z,2026-08-17T18:48:05Z,
217.26.178.42,ipv4,imap-attack,high,WHITE,blocklist.de/imap|blocklist.de/all|blocklist.de/mail|ziyadnz/hourly-ipv4,blocklist.de|imap|pop3|brute-force|spam|mail|ziyadnz|hourly,2026-08-17T18:48:05Z,2026-08-17T18:48:05Z,
217.26.178.46,ipv4,imap-attack,high,WHITE,blocklist.de/imap|blocklist.de/all|blocklist.de/mail|ziyadnz/hourly-ipv4,blocklist.de|imap|pop3|brute-force|spam|mail|ziyadnz|hourly,2026-08-17T18:48:05Z,2026-08-17T18:48:05Z,
217.26.178.8,ipv4,imap-attack,high,WHITE,blocklist.de/imap|blocklist.de/all|blocklist.de/mail|ziyadnz/hourly-ipv4,blocklist.de|imap|pop3|brute-force|spam|mail|ziyadnz|hourly,2026-08-17T18:48:05Z,2026-08-17T18:48:05Z,
217.26.178.82,ipv4,imap-attack,high,WHITE,blocklist.de/imap|blocklist.de/all|blocklist.de/mail|ziyadnz/hourly-ipv4,blocklist.de|imap|pop3|brute-force|spam|mail|ziyadnz|hourly,2026-08-17T18:48:05Z,2026-08-17T18:48:05Z,
217.26.178.84,ipv4,imap-attack,high,WHITE,blocklist.de/imap|blocklist.de/all|blocklist.de/mail|ziyadnz/hourly-ipv4,blocklist.de|imap|pop3|brute-force|spam|mail|ziyadnz|hourly,2026-08-17T18:48:05Z,2026-08-17T18:48:05Z,
217.26.179.107,ipv4,imap-attack,high,WHITE,blocklist.de/imap|blocklist.de/all|blocklist.de/mail|ziyadnz/hourly-ipv4,blocklist.de|imap|pop3|brute-force|spam|mail|ziyadnz|hourly,2026-08-17T18:48:05Z,2026-08-17T18:48:05Z,
217.26.179.110,ipv4,imap-attack,high,WHITE,blocklist.de/imap|blocklist.de/all|blocklist.de/mail|ziyadnz/hourly-ipv4,blocklist.de|imap|pop3|brute-force|spam|mail|ziyadnz|hourly,2026-08-17T18:48:05Z,2026-08-17T18:48:05Z,
217.26.179.120,ipv4,imap-attack,high,WHITE,blocklist.de/imap|blocklist.de/all|blocklist.de/mail|ziyadnz/hourly-ipv4,blocklist.de|imap|pop3|brute-force|spam|mail|ziyadnz|hourly,2026-08-17T18:48:05Z,2026-08-17T18:48:05Z,
217.26.179.128,ipv4,imap-attack,high,WHITE,blocklist.de/imap|blocklist.de/all|blocklist.de/mail|ziyadnz/hourly-ipv4,blocklist.de|imap|pop3|brute-force|spam|mail|ziyadnz|hourly,2026-08-17T18:48:05Z,2026-08-17T18:48:05Z,
217.26.179.14,ipv4,imap-attack,high,WHITE,blocklist.de/imap|blocklist.de/all|blocklist.de/mail|ziyadnz/hourly-ipv4,blocklist.de|imap|pop3|brute-force|spam|mail|ziyadnz|hourly,2026-08-17T18:48:05Z,2026-08-17T18:48:05Z,
217.26.179.146,ipv4,imap-attack,high,WHITE,blocklist.de/imap|blocklist.de/all|blocklist.de/mail|ziyadnz/hourly-ipv4,blocklist.de|imap|pop3|brute-force|spam|mail|ziyadnz|hourly,2026-08-17T18:48:05Z,2026-08-17T18:48:05Z,
217.26.179.154,ipv4,imap-attack,high,WHITE,blocklist.de/imap|blocklist.de/all|blocklist.de/mail|ziyadnz/hourly-ipv4,blocklist.de|imap|pop3|brute-force|spam|mail|ziyadnz|hourly,2026-08-17T18:48:05Z,2026-08-17T18:48:05Z,
217.26.179.166,ipv4,imap-attack,high,WHITE,blocklist.de/imap|blocklist.de/all|blocklist.de/mail|ziyadnz/hourly-ipv4,blocklist.de|imap|pop3|brute-force|spam|mail|ziyadnz|hourly,2026-08-17T18:48:05Z,2026-08-17T18:48:05Z,
217.26.179.170,ipv4,imap-attack,high,WHITE,blocklist.de/imap|blocklist.de/all|blocklist.de/mail|ziyadnz/hourly-ipv4,blocklist.de|imap|pop3|brute-force|spam|mail|ziyadnz|hourly,2026-08-17T18:48:05Z,2026-08-17T18:48:05Z,
217.26.179.173,ipv4,imap-attack,high,WHITE,blocklist.de/imap|blocklist.de/all|blocklist.de/mail|ziyadnz/hourly-ipv4,blocklist.de|imap|pop3|brute-force|spam|mail|ziyadnz|hourly,2026-08-17T18:48:05Z,2026-08-17T18:48:05Z,
217.26.179.186,ipv4,imap-attack,high,WHITE,blocklist.de/imap|blocklist.de/all|blocklist.de/mail|ziyadnz/hourly-ipv4,blocklist.de|imap|pop3|brute-force|spam|mail|ziyadnz|hourly,2026-08-17T18:48:05Z,2026-08-17T18:48:05Z,
217.26.179.19,ipv4,imap-attack,high,WHITE,blocklist.de/imap|blocklist.de/all|blocklist.de/mail|ziyadnz/hourly-ipv4,blocklist.de|imap|pop3|brute-force|spam|mail|ziyadnz|hourly,2026-08-17T18:48:05Z,2026-08-17T18:48:05Z,
217.26.179.191,ipv4,imap-attack,high,WHITE,blocklist.de/imap|blocklist.de/all|blocklist.de/mail|ziyadnz/hourly-ipv4,blocklist.de|imap|pop3|brute-force|spam|mail|ziyadnz|hourly,2026-08-17T18:48:05Z,2026-08-17T18:48:05Z,
217.26.179.199,ipv4,imap-attack,high,WHITE,blocklist.de/imap|blocklist.de/all|blocklist.de/mail|ziyadnz/hourly-ipv4,blocklist.de|imap|pop3|brute-force|spam|mail|ziyadnz|hourly,2026-08-17T18:48:05Z,2026-08-17T18:48:05Z,
217.26.179.217,ipv4,imap-attack,high,WHITE,blocklist.de/imap|blocklist.de/all|blocklist.de/mail|ziyadnz/hourly-ipv4,blocklist.de|imap|pop3|brute-force|spam|mail|ziyadnz|hourly,2026-08-17T18:48:05Z,2026-08-17T18:48:05Z,
217.26.179.219,ipv4,imap-attack,high,WHITE,blocklist.de/imap|blocklist.de/all|blocklist.de/mail|ziyadnz/hourly-ipv4,blocklist.de|imap|pop3|brute-force|spam|mail|ziyadnz|hourly,2026-08-17T18:48:05Z,2026-08-17T18:48:05Z,
217.26.179.24,ipv4,imap-attack,high,WHITE,blocklist.de/imap|blocklist.de/all|blocklist.de/mail|ziyadnz/hourly-ipv4,blocklist.de|imap|pop3|brute-force|spam|mail|ziyadnz|hourly,2026-08-17T18:48:05Z,2026-08-17T18:48:05Z,
217.26.179.33,ipv4,imap-attack,high,WHITE,blocklist.de/imap|blocklist.de/all|blocklist.de/mail|ziyadnz/hourly-ipv4,blocklist.de|imap|pop3|brute-force|spam|mail|ziyadnz|hourly,2026-08-17T18:48:05Z,2026-08-17T18:48:05Z,
217.26.179.37,ipv4,imap-attack,high,WHITE,blocklist.de/imap|blocklist.de/all|blocklist.de/mail|ziyadnz/hourly-ipv4,blocklist.de|imap|pop3|brute-force|spam|mail|ziyadnz|hourly,2026-08-17T18:48:05Z,2026-08-17T18:48:05Z,
217.26.179.61,ipv4,imap-attack,high,WHITE,blocklist.de/imap|blocklist.de/all|blocklist.de/mail|ziyadnz/hourly-ipv4,blocklist.de|imap|pop3|brute-force|spam|mail|ziyadnz|hourly,2026-08-17T18:48:05Z,2026-08-17T18:48:05Z,
217.26.179.73,ipv4,imap-attack,high,WHITE,blocklist.de/imap|blocklist.de/all|blocklist.de/mail|ziyadnz/hourly-ipv4,blocklist.de|imap|pop3|brute-force|spam|mail|ziyadnz|hourly,2026-08-17T18:48:05Z,2026-08-17T18:48:05Z,
217.26.179.90,ipv4,imap-attack,high,WHITE,blocklist.de/imap|blocklist.de/all|blocklist.de/mail|ziyadnz/hourly-ipv4,blocklist.de|imap|pop3|brute-force|spam|mail|ziyadnz|hourly,2026-08-17T18:48:05Z,2026-08-17T18:48:05Z,
217.26.179.91,ipv4,imap-attack,high,WHITE,blocklist.de/imap|blocklist.de/all|blocklist.de/mail|ziyadnz/hourly-ipv4,blocklist.de|imap|pop3|brute-force|spam|mail|ziyadnz|hourly,2026-08-17T18:48:05Z,2026-08-17T18:48:05Z,
217.29.30.135,ipv4,imap-attack,high,WHITE,blocklist.de/imap|blocklist.de/all|blocklist.de/mail|ziyadnz/hourly-ipv4,blocklist.de|imap|pop3|brute-force|spam|mail|ziyadnz|hourly,2026-08-17T18:48:05Z,2026-08-17T18:48:05Z,
217.64.110.190,ipv4,imap-attack,high,WHITE,blocklist.de/imap|blocklist.de/all|blocklist.de/mail|ziyadnz/hourly-ipv4,blocklist.de|imap|pop3|brute-force|spam|mail|ziyadnz|hourly,2026-08-17T18:48:05Z,2026-08-17T18:48:05Z,
217.75.222.190,ipv4,imap-attack,high,WHITE,blocklist.de/imap|blocklist.de/all|blocklist.de/mail|ziyadnz/hourly-ipv4,blocklist.de|imap|pop3|brute-force|spam|mail|ziyadnz|hourly,2026-08-17T18:48:05Z,2026-08-17T18:48:05Z,
218.1.185.88,ipv4,imap-attack,high,WHITE,blocklist.de/imap|blocklist.de/all|blocklist.de/mail|ziyadnz/hourly-ipv4,blocklist.de|imap|pop3|brute-force|spam|mail|ziyadnz|hourly,2026-08-17T18:48:05Z,2026-08-17T18:48:05Z,
218.103.36.176,ipv4,imap-attack,high,WHITE,blocklist.de/imap|blocklist.de/all|blocklist.de/mail|ziyadnz/hourly-ipv4,blocklist.de|imap|pop3|brute-force|spam|mail|ziyadnz|hourly,2026-08-17T18:48:05Z,2026-08-17T18:48:05Z,
218.13.47.83,ipv4,imap-attack,high,WHITE,blocklist.de/imap|blocklist.de/all|blocklist.de/mail|ziyadnz/hourly-ipv4,blocklist.de|imap|pop3|brute-force|spam|mail|ziyadnz|hourly,2026-08-17T18:48:05Z,2026-08-17T18:48:05Z,
218.149.160.177,ipv4,imap-attack,high,WHITE,blocklist.de/imap|blocklist.de/all|blocklist.de/mail|ziyadnz/hourly-ipv4,blocklist.de|imap|pop3|brute-force|spam|mail|ziyadnz|hourly,2026-08-17T18:48:05Z,2026-08-17T18:48:05Z,
218.149.170.253,ipv4,imap-attack,high,WHITE,blocklist.de/imap|blocklist.de/all|blocklist.de/mail|ziyadnz/hourly-ipv4,blocklist.de|imap|pop3|brute-force|spam|mail|ziyadnz|hourly,2026-08-17T18:48:05Z,2026-08-17T18:48:05Z,
218.149.179.112,ipv4,imap-attack,high,WHITE,blocklist.de/imap|blocklist.de/all|blocklist.de/mail|ziyadnz/hourly-ipv4,blocklist.de|imap|pop3|brute-force|spam|mail|ziyadnz|hourly,2026-08-17T18:48:05Z,2026-08-17T18:48:05Z,
218.149.228.134,ipv4,imap-attack,high,WHITE,blocklist.de/imap|blocklist.de/all|blocklist.de/mail|ziyadnz/hourly-ipv4,blocklist.de|imap|pop3|brute-force|spam|mail|ziyadnz|hourly,2026-08-17T18:48:05Z,2026-08-17T18:48:05Z,
218.149.228.141,ipv4,imap-attack,high,WHITE,blocklist.de/imap|blocklist.de/all|blocklist.de/mail|ziyadnz/hourly-ipv4,blocklist.de|imap|pop3|brute-force|spam|mail|ziyadnz|hourly,2026-08-17T18:48:05Z,2026-08-17T18:48:05Z,
218.149.228.148,ipv4,imap-attack,high,WHITE,blocklist.de/imap|blocklist.de/all|blocklist.de/mail|ziyadnz/hourly-ipv4,blocklist.de|imap|pop3|brute-force|spam|mail|ziyadnz|hourly,2026-08-17T18:48:05Z,2026-08-17T18:48:05Z,
218.149.228.149,ipv4,imap-attack,high,WHITE,blocklist.de/imap|blocklist.de/all|blocklist.de/mail|ziyadnz/hourly-ipv4,blocklist.de|imap|pop3|brute-force|spam|mail|ziyadnz|hourly,2026-08-17T18:48:05Z,2026-08-17T18:48:05Z,
218.149.228.155,ipv4,imap-attack,high,WHITE,blocklist.de/imap|blocklist.de/all|blocklist.de/mail|ziyadnz/hourly-ipv4,blocklist.de|imap|pop3|brute-force|spam|mail|ziyadnz|hourly,2026-08-17T18:48:05Z,2026-08-17T18:48:05Z,
218.149.228.159,ipv4,imap-attack,high,WHITE,blocklist.de/imap|blocklist.de/all|blocklist.de/mail|ziyadnz/hourly-ipv4,blocklist.de|imap|pop3|brute-force|spam|mail|ziyadnz|hourly,2026-08-17T18:48:05Z,2026-08-17T18:48:05Z,
218.149.228.162,ipv4,imap-attack,high,WHITE,blocklist.de/imap|blocklist.de/all|blocklist.de/mail|ziyadnz/hourly-ipv4,blocklist.de|imap|pop3|brute-force|spam|mail|ziyadnz|hourly,2026-08-17T18:48:05Z,2026-08-17T18:48:05Z,
218.149.228.163,ipv4,imap-attack,high,WHITE,blocklist.de/imap|blocklist.de/all|blocklist.de/mail|ziyadnz/hourly-ipv4,blocklist.de|imap|pop3|brute-force|spam|mail|ziyadnz|hourly,2026-08-17T18:48:05Z,2026-08-17T18:48:05Z,
218.149.228.167,ipv4,imap-attack,high,WHITE,blocklist.de/imap|blocklist.de/all|blocklist.de/mail|ziyadnz/hourly-ipv4,blocklist.de|imap|pop3|brute-force|spam|mail|ziyadnz|hourly,2026-08-17T18:48:05Z,2026-08-17T18:48:05Z,
218.149.228.171,ipv4,imap-attack,high,WHITE,blocklist.de/imap|blocklist.de/all|blocklist.de/mail|ziyadnz/hourly-ipv4,blocklist.de|imap|pop3|brute-force|spam|mail|ziyadnz|hourly,2026-08-17T18:48:05Z,2026-08-17T18:48:05Z,
218.149.228.174,ipv4,imap-attack,high,WHITE,blocklist.de/imap|blocklist.de/all|blocklist.de/mail|ziyadnz/hourly-ipv4,blocklist.de|imap|pop3|brute-force|spam|mail|ziyadnz|hourly,2026-08-17T18:48:05Z,2026-08-17T18:48:05Z,
218.156.93.202,ipv4,imap-attack,high,WHITE,blocklist.de/imap|blocklist.de/all|blocklist.de/mail|ziyadnz/hourly-ipv4,blocklist.de|imap|pop3|brute-force|spam|mail|ziyadnz|hourly,2026-08-17T18:48:05Z,2026-08-17T18:48:05Z,
218.156.93.203,ipv4,imap-attack,high,WHITE,blocklist.de/imap|blocklist.de/all|blocklist.de/mail|ziyadnz/hourly-ipv4,blocklist.de|imap|pop3|brute-force|spam|mail|ziyadnz|hourly,2026-08-17T18:48:05Z,2026-08-17T18:48:05Z,
218.156.93.206,ipv4,imap-attack,high,WHITE,blocklist.de/imap|blocklist.de/all|blocklist.de/mail|ziyadnz/hourly-ipv4,blocklist.de|imap|pop3|brute-force|spam|mail|ziyadnz|hourly,2026-08-17T18:48:05Z,2026-08-17T18:48:05Z,
218.157.133.155,ipv4,imap-attack,high,WHITE,blocklist.de/imap|blocklist.de/all|blocklist.de/mail|ziyadnz/hourly-ipv4,blocklist.de|imap|pop3|brute-force|spam|mail|ziyadnz|hourly,2026-08-17T18:48:05Z,2026-08-17T18:48:05Z,
218.157.137.112,ipv4,imap-attack,high,WHITE,blocklist.de/imap|blocklist.de/all|blocklist.de/mail|ziyadnz/hourly-ipv4,blocklist.de|imap|pop3|brute-force|spam|mail|ziyadnz|hourly,2026-08-17T18:48:05Z,2026-08-17T18:48:05Z,
218.157.251.94,ipv4,imap-attack,high,WHITE,blocklist.de/imap|blocklist.de/all|blocklist.de/mail|ziyadnz/hourly-ipv4,blocklist.de|imap|pop3|brute-force|spam|mail|ziyadnz|hourly,2026-08-17T18:48:05Z,2026-08-17T18:48:05Z,
218.159.144.187,ipv4,imap-attack,high,WHITE,blocklist.de/imap|blocklist.de/all|blocklist.de/mail|ziyadnz/hourly-ipv4,blocklist.de|imap|pop3|brute-force|spam|mail|ziyadnz|hourly,2026-08-17T18:48:05Z,2026-08-17T18:48:05Z,
218.200.9.182,ipv4,imap-attack,high,WHITE,blocklist.de/imap|blocklist.de/all|blocklist.de/mail|ziyadnz/hourly-ipv4,blocklist.de|imap|pop3|brute-force|spam|mail|ziyadnz|hourly,2026-08-17T18:48:05Z,2026-08-17T18:48:05Z,
218.201.226.253,ipv4,imap-attack,high,WHITE,blocklist.de/imap|blocklist.de/all|blocklist.de/mail|ziyadnz/hourly-ipv4,blocklist.de|imap|pop3|brute-force|spam|mail|ziyadnz|hourly,2026-08-17T18:48:05Z,2026-08-17T18:48:05Z,
218.21.241.50,ipv4,imap-attack,high,WHITE,blocklist.de/imap|blocklist.de/all|blocklist.de/mail|ziyadnz/hourly-ipv4,blocklist.de|imap|pop3|brute-force|spam|mail|ziyadnz|hourly,2026-08-17T18:48:05Z,2026-08-17T18:48:05Z,
218.21.245.202,ipv4,imap-attack,high,WHITE,blocklist.de/imap|blocklist.de/all|blocklist.de/mail|ziyadnz/hourly-ipv4,blocklist.de|imap|pop3|brute-force|spam|mail|ziyadnz|hourly,2026-08-17T18:48:05Z,2026-08-17T18:48:05Z,
218.21.246.238,ipv4,imap-attack,high,WHITE,blocklist.de/imap|blocklist.de/all|blocklist.de/mail|ziyadnz/hourly-ipv4,blocklist.de|imap|pop3|brute-force|spam|mail|ziyadnz|hourly,2026-08-17T18:48:05Z,2026-08-17T18:48:05Z,
218.22.0.200,ipv4,imap-attack,high,WHITE,blocklist.de/imap|blocklist.de/all|blocklist.de/mail|ziyadnz/hourly-ipv4,blocklist.de|imap|pop3|brute-force|spam|mail|ziyadnz|hourly,2026-08-17T18:48:05Z,2026-08-17T18:48:05Z,
218.233.16.190,ipv4,imap-attack,high,WHITE,blocklist.de/imap|blocklist.de/all|blocklist.de/mail|ziyadnz/hourly-ipv4,blocklist.de|imap|pop3|brute-force|spam|mail|ziyadnz|hourly,2026-08-17T18:48:05Z,2026-08-17T18:48:05Z,
218.233.182.39,ipv4,imap-attack,high,WHITE,blocklist.de/imap|blocklist.de/all|blocklist.de/mail|ziyadnz/hourly-ipv4,blocklist.de|imap|pop3|brute-force|spam|mail|ziyadnz|hourly,2026-08-17T18:48:05Z,2026-08-17T18:48:05Z,
218.248.19.102,ipv4,imap-attack,high,WHITE,blocklist.de/imap|blocklist.de/all|blocklist.de/mail|ziyadnz/hourly-ipv4,blocklist.de|imap|pop3|brute-force|spam|mail|ziyadnz|hourly,2026-08-17T18:48:05Z,2026-08-17T18:48:05Z,
218.25.230.76,ipv4,imap-attack,high,WHITE,blocklist.de/imap|blocklist.de/all|blocklist.de/mail|ziyadnz/hourly-ipv4,blocklist.de|imap|pop3|brute-force|spam|mail|ziyadnz|hourly,2026-08-17T18:48:05Z,2026-08-17T18:48:05Z,
218.29.231.106,ipv4,imap-attack,high,WHITE,blocklist.de/imap|blocklist.de/all|blocklist.de/mail|ziyadnz/hourly-ipv4,blocklist.de|imap|pop3|brute-force|spam|mail|ziyadnz|hourly,2026-08-17T18:48:05Z,2026-08-17T18:48:05Z,
218.4.110.186,ipv4,imap-attack,high,WHITE,blocklist.de/imap|blocklist.de/all|blocklist.de/mail|ziyadnz/hourly-ipv4,blocklist.de|imap|pop3|brute-force|spam|mail|ziyadnz|hourly,2026-08-17T18:48:05Z,2026-08-17T18:48:05Z,
218.4.214.115,ipv4,imap-attack,high,WHITE,blocklist.de/imap|blocklist.de/all|blocklist.de/mail|ziyadnz/hourly-ipv4,blocklist.de|imap|pop3|brute-force|spam|mail|ziyadnz|hourly,2026-08-17T18:48:05Z,2026-08-17T18:48:05Z,
218.70.9.114,ipv4,imap-attack,high,WHITE,blocklist.de/imap|blocklist.de/all|blocklist.de/mail|ziyadnz/hourly-ipv4,blocklist.de|imap|pop3|brute-force|spam|mail|ziyadnz|hourly,2026-08-17T18:48:05Z,2026-08-17T18:48:05Z,
218.92.201.254,ipv4,imap-attack,high,WHITE,blocklist.de/imap|blocklist.de/all|blocklist.de/mail|ziyadnz/hourly-ipv4,blocklist.de|imap|pop3|brute-force|spam|mail|ziyadnz|hourly,2026-08-17T18:48:05Z,2026-08-17T18:48:05Z,
218.92.251.198,ipv4,imap-attack,high,WHITE,blocklist.de/imap|blocklist.de/all|blocklist.de/mail|ziyadnz/hourly-ipv4,blocklist.de|imap|pop3|brute-force|spam|mail|ziyadnz|hourly,2026-08-17T18:48:05Z,2026-08-17T18:48:05Z,
218.94.115.164,ipv4,imap-attack,high,WHITE,blocklist.de/imap|blocklist.de/all|blocklist.de/mail|ziyadnz/hourly-ipv4,blocklist.de|imap|pop3|brute-force|spam|mail|ziyadnz|hourly,2026-08-17T18:48:05Z,2026-08-17T18:48:05Z,
218.95.73.31,ipv4,imap-attack,high,WHITE,blocklist.de/imap|blocklist.de/all|blocklist.de/mail|ziyadnz/hourly-ipv4,blocklist.de|imap|pop3|brute-force|spam|mail|ziyadnz|hourly,2026-08-17T18:48:05Z,2026-08-17T18:48:05Z,
219.143.40.210,ipv4,imap-attack,high,WHITE,blocklist.de/imap|blocklist.de/all|blocklist.de/mail|ziyadnz/hourly-ipv4,blocklist.de|imap|pop3|brute-force|spam|mail|ziyadnz|hourly,2026-08-17T18:48:05Z,2026-08-17T18:48:05Z,
219.153.81.22,ipv4,imap-attack,high,WHITE,blocklist.de/imap|blocklist.de/all|blocklist.de/mail|ziyadnz/hourly-ipv4,blocklist.de|imap|pop3|brute-force|spam|mail|ziyadnz|hourly,2026-08-17T18:48:05Z,2026-08-17T18:48:05Z,
219.248.4.146,ipv4,imap-attack,high,WHITE,blocklist.de/imap|blocklist.de/all|blocklist.de/mail|ziyadnz/hourly-ipv4,blocklist.de|imap|pop3|brute-force|spam|mail|ziyadnz|hourly,2026-08-17T18:48:05Z,2026-08-17T18:48:05Z,
219.89.206.236,ipv4,imap-attack,high,WHITE,blocklist.de/imap|blocklist.de/all|blocklist.de/mail|ziyadnz/hourly-ipv4,blocklist.de|imap|pop3|brute-force|spam|mail|ziyadnz|hourly,2026-08-17T18:48:05Z,2026-08-17T18:48:05Z,
220.116.113.35,ipv4,imap-attack,high,WHITE,blocklist.de/imap|blocklist.de/all|blocklist.de/mail|ziyadnz/hourly-ipv4,blocklist.de|imap|pop3|brute-force|spam|mail|ziyadnz|hourly,2026-08-17T18:48:05Z,2026-08-17T18:48:05Z,
220.118.190.204,ipv4,imap-attack,high,WHITE,blocklist.de/imap|blocklist.de/all|blocklist.de/mail|ziyadnz/hourly-ipv4,blocklist.de|imap|pop3|brute-force|spam|mail|ziyadnz|hourly,2026-08-17T18:48:05Z,2026-08-17T18:48:05Z,
220.124.221.144,ipv4,imap-attack,high,WHITE,blocklist.de/imap|blocklist.de/all|blocklist.de/mail|ziyadnz/hourly-ipv4,blocklist.de|imap|pop3|brute-force|spam|mail|ziyadnz|hourly,2026-08-17T18:48:05Z,2026-08-17T18:48:05Z,
220.124.226.145,ipv4,imap-attack,high,WHITE,blocklist.de/imap|blocklist.de/all|blocklist.de/mail|ziyadnz/hourly-ipv4,blocklist.de|imap|pop3|brute-force|spam|mail|ziyadnz|hourly,2026-08-17T18:48:05Z,2026-08-17T18:48:05Z,
220.124.238.142,ipv4,imap-attack,high,WHITE,blocklist.de/imap|blocklist.de/all|blocklist.de/mail|ziyadnz/hourly-ipv4,blocklist.de|imap|pop3|brute-force|spam|mail|ziyadnz|hourly,2026-08-17T18:48:05Z,2026-08-17T18:48:05Z,
220.124.253.108,ipv4,imap-attack,high,WHITE,blocklist.de/imap|blocklist.de/all|blocklist.de/mail|ziyadnz/hourly-ipv4,blocklist.de|imap|pop3|brute-force|spam|mail|ziyadnz|hourly,2026-08-17T18:48:05Z,2026-08-17T18:48:05Z,
220.124.253.199,ipv4,imap-attack,high,WHITE,blocklist.de/imap|blocklist.de/all|blocklist.de/mail|ziyadnz/hourly-ipv4,blocklist.de|imap|pop3|brute-force|spam|mail|ziyadnz|hourly,2026-08-17T18:48:05Z,2026-08-17T18:48:05Z,
220.124.254.98,ipv4,imap-attack,high,WHITE,blocklist.de/imap|blocklist.de/all|blocklist.de/mail|ziyadnz/hourly-ipv4,blocklist.de|imap|pop3|brute-force|spam|mail|ziyadnz|hourly,2026-08-17T18:48:05Z,2026-08-17T18:48:05Z,
220.126.58.114,ipv4,imap-attack,high,WHITE,blocklist.de/imap|blocklist.de/all|blocklist.de/mail|ziyadnz/hourly-ipv4,blocklist.de|imap|pop3|brute-force|spam|mail|ziyadnz|hourly,2026-08-17T18:48:05Z,2026-08-17T18:48:05Z,
220.154.134.180,ipv4,imap-attack,high,WHITE,blocklist.de/imap|blocklist.de/all|blocklist.de/mail|ziyadnz/hourly-ipv4,blocklist.de|imap|pop3|brute-force|spam|mail|ziyadnz|hourly,2026-08-17T18:48:05Z,2026-08-17T18:48:05Z,
220.165.85.39,ipv4,imap-attack,high,WHITE,blocklist.de/imap|blocklist.de/all|blocklist.de/mail|ziyadnz/hourly-ipv4,blocklist.de|imap|pop3|brute-force|spam|mail|ziyadnz|hourly,2026-08-17T18:48:05Z,2026-08-17T18:48:05Z,
220.180.170.126,ipv4,imap-attack,high,WHITE,blocklist.de/imap|blocklist.de/all|blocklist.de/mail|ziyadnz/hourly-ipv4,blocklist.de|imap|pop3|brute-force|spam|mail|ziyadnz|hourly,2026-08-17T18:48:05Z,2026-08-17T18:48:05Z,
220.180.171.157,ipv4,imap-attack,high,WHITE,blocklist.de/imap|blocklist.de/all|blocklist.de/mail|ziyadnz/hourly-ipv4,blocklist.de|imap|pop3|brute-force|spam|mail|ziyadnz|hourly,2026-08-17T18:48:05Z,2026-08-17T18:48:05Z,
220.182.14.60,ipv4,imap-attack,high,WHITE,blocklist.de/imap|blocklist.de/all|blocklist.de/mail|ziyadnz/hourly-ipv4,blocklist.de|imap|pop3|brute-force|spam|mail|ziyadnz|hourly,2026-08-17T18:48:05Z,2026-08-17T18:48:05Z,
220.189.239.206,ipv4,imap-attack,high,WHITE,blocklist.de/imap|blocklist.de/all|blocklist.de/mail|ziyadnz/hourly-ipv4,blocklist.de|imap|pop3|brute-force|spam|mail|ziyadnz|hourly,2026-08-17T18:48:05Z,2026-08-17T18:48:05Z,
220.225.7.117,ipv4,imap-attack,high,WHITE,blocklist.de/imap|blocklist.de/all|blocklist.de/mail|ziyadnz/hourly-ipv4,blocklist.de|imap|pop3|brute-force|spam|mail|ziyadnz|hourly,2026-08-17T18:48:05Z,2026-08-17T18:48:05Z,
220.235.173.99,ipv4,imap-attack,high,WHITE,blocklist.de/imap|blocklist.de/all|blocklist.de/mail|ziyadnz/hourly-ipv4,blocklist.de|imap|pop3|brute-force|spam|mail|ziyadnz|hourly,2026-08-17T18:48:05Z,2026-08-17T18:48:05Z,
220.240.104.100,ipv4,imap-attack,high,WHITE,blocklist.de/imap|blocklist.de/all|blocklist.de/mail|ziyadnz/hourly-ipv4,blocklist.de|imap|pop3|brute-force|spam|mail|ziyadnz|hourly,2026-08-17T18:48:05Z,2026-08-17T18:48:05Z,
220.246.40.63,ipv4,imap-attack,high,WHITE,blocklist.de/imap|blocklist.de/all|blocklist.de/mail|ziyadnz/hourly-ipv4,blocklist.de|imap|pop3|brute-force|spam|mail|ziyadnz|hourly,2026-08-17T18:48:05Z,2026-08-17T18:48:05Z,
220.246.42.227,ipv4,imap-attack,high,WHITE,blocklist.de/imap|blocklist.de/all|blocklist.de/mail|ziyadnz/hourly-ipv4,blocklist.de|imap|pop3|brute-force|spam|mail|ziyadnz|hourly,2026-08-17T18:48:05Z,2026-08-17T18:48:05Z,
220.246.46.144,ipv4,imap-attack,high,WHITE,blocklist.de/imap|blocklist.de/all|blocklist.de/mail|ziyadnz/hourly-ipv4,blocklist.de|imap|pop3|brute-force|spam|mail|ziyadnz|hourly,2026-08-17T18:48:05Z,2026-08-17T18:48:05Z,
220.246.47.146,ipv4,imap-attack,high,WHITE,blocklist.de/imap|blocklist.de/all|blocklist.de/mail|ziyadnz/hourly-ipv4,blocklist.de|imap|pop3|brute-force|spam|mail|ziyadnz|hourly,2026-08-17T18:48:05Z,2026-08-17T18:48:05Z,
220.246.47.169,ipv4,imap-attack,high,WHITE,blocklist.de/imap|blocklist.de/all|blocklist.de/mail|ziyadnz/hourly-ipv4,blocklist.de|imap|pop3|brute-force|spam|mail|ziyadnz|hourly,2026-08-17T18:48:05Z,2026-08-17T18:48:05Z,
220.67.122.230,ipv4,imap-attack,high,WHITE,blocklist.de/imap|blocklist.de/all|blocklist.de/mail|ziyadnz/hourly-ipv4,blocklist.de|imap|pop3|brute-force|spam|mail|ziyadnz|hourly,2026-08-17T18:48:05Z,2026-08-17T18:48:05Z,
220.70.104.133,ipv4,imap-attack,high,WHITE,blocklist.de/imap|blocklist.de/all|blocklist.de/mail|ziyadnz/hourly-ipv4,blocklist.de|imap|pop3|brute-force|spam|mail|ziyadnz|hourly,2026-08-17T18:48:05Z,2026-08-17T18:48:05Z,
220.70.173.23,ipv4,imap-attack,high,WHITE,blocklist.de/imap|blocklist.de/all|blocklist.de/mail|ziyadnz/hourly-ipv4,blocklist.de|imap|pop3|brute-force|spam|mail|ziyadnz|hourly,2026-08-17T18:48:05Z,2026-08-17T18:48:05Z,
220.77.214.59,ipv4,imap-attack,high,WHITE,blocklist.de/imap|blocklist.de/all|blocklist.de/mail|ziyadnz/hourly-ipv4,blocklist.de|imap|pop3|brute-force|spam|mail|ziyadnz|hourly,2026-08-17T18:48:05Z,2026-08-17T18:48:05Z,
220.78.182.74,ipv4,imap-attack,high,WHITE,blocklist.de/imap|blocklist.de/all|blocklist.de/mail|ziyadnz/hourly-ipv4,blocklist.de|imap|pop3|brute-force|spam|mail|ziyadnz|hourly,2026-08-17T18:48:05Z,2026-08-17T18:48:05Z,
220.79.230.142,ipv4,imap-attack,high,WHITE,blocklist.de/imap|blocklist.de/all|blocklist.de/mail|ziyadnz/hourly-ipv4,blocklist.de|imap|pop3|brute-force|spam|mail|ziyadnz|hourly,2026-08-17T18:48:05Z,2026-08-17T18:48:05Z,
220.79.237.106,ipv4,imap-attack,high,WHITE,blocklist.de/imap|blocklist.de/all|blocklist.de/mail|ziyadnz/hourly-ipv4,blocklist.de|imap|pop3|brute-force|spam|mail|ziyadnz|hourly,2026-08-17T18:48:05Z,2026-08-17T18:48:05Z,
220.80.224.223,ipv4,imap-attack,high,WHITE,blocklist.de/imap|blocklist.de/all|blocklist.de/mail|ziyadnz/hourly-ipv4,blocklist.de|imap|pop3|brute-force|spam|mail|ziyadnz|hourly,2026-08-17T18:48:05Z,2026-08-17T18:48:05Z,
220.80.232.146,ipv4,imap-attack,high,WHITE,blocklist.de/imap|blocklist.de/all|blocklist.de/mail|ziyadnz/hourly-ipv4,blocklist.de|imap|pop3|brute-force|spam|mail|ziyadnz|hourly,2026-08-17T18:48:05Z,2026-08-17T18:48:05Z,
220.80.244.25,ipv4,imap-attack,high,WHITE,blocklist.de/imap|blocklist.de/all|blocklist.de/mail|ziyadnz/hourly-ipv4,blocklist.de|imap|pop3|brute-force|spam|mail|ziyadnz|hourly,2026-08-17T18:48:05Z,2026-08-17T18:48:05Z,
220.80.245.16,ipv4,imap-attack,high,WHITE,blocklist.de/imap|blocklist.de/all|blocklist.de/mail|ziyadnz/hourly-ipv4,blocklist.de|imap|pop3|brute-force|spam|mail|ziyadnz|hourly,2026-08-17T18:48:05Z,2026-08-17T18:48:05Z,
220.80.34.25,ipv4,imap-attack,high,WHITE,blocklist.de/imap|blocklist.de/all|blocklist.de/mail|ziyadnz/hourly-ipv4,blocklist.de|imap|pop3|brute-force|spam|mail|ziyadnz|hourly,2026-08-17T18:48:05Z,2026-08-17T18:48:05Z,
220.82.247.216,ipv4,imap-attack,high,WHITE,blocklist.de/imap|blocklist.de/all|blocklist.de/mail|ziyadnz/hourly-ipv4,blocklist.de|imap|pop3|brute-force|spam|mail|ziyadnz|hourly,2026-08-17T18:48:05Z,2026-08-17T18:48:05Z,
220.88.114.34,ipv4,imap-attack,high,WHITE,blocklist.de/imap|blocklist.de/all|blocklist.de/mail|ziyadnz/hourly-ipv4,blocklist.de|imap|pop3|brute-force|spam|mail|ziyadnz|hourly,2026-08-17T18:48:05Z,2026-08-17T18:48:05Z,
220.92.179.226,ipv4,imap-attack,high,WHITE,blocklist.de/imap|blocklist.de/all|blocklist.de/mail|ziyadnz/hourly-ipv4,blocklist.de|imap|pop3|brute-force|spam|mail|ziyadnz|hourly,2026-08-17T18:48:05Z,2026-08-17T18:48:05Z,
220.94.238.133,ipv4,imap-attack,high,WHITE,blocklist.de/imap|blocklist.de/all|blocklist.de/mail|ziyadnz/hourly-ipv4,blocklist.de|imap|pop3|brute-force|spam|mail|ziyadnz|hourly,2026-08-17T18:48:05Z,2026-08-17T18:48:05Z,
221.120.57.125,ipv4,imap-attack,high,WHITE,blocklist.de/imap|blocklist.de/all|blocklist.de/mail|ziyadnz/hourly-ipv4,blocklist.de|imap|pop3|brute-force|spam|mail|ziyadnz|hourly,2026-08-17T18:48:05Z,2026-08-17T18:48:05Z,
221.120.57.172,ipv4,imap-attack,high,WHITE,blocklist.de/imap|blocklist.de/all|blocklist.de/mail|ziyadnz/hourly-ipv4,blocklist.de|imap|pop3|brute-force|spam|mail|ziyadnz|hourly,2026-08-17T18:48:05Z,2026-08-17T18:48:05Z,
221.120.73.25,ipv4,imap-attack,high,WHITE,blocklist.de/imap|blocklist.de/all|blocklist.de/mail|ziyadnz/hourly-ipv4,blocklist.de|imap|pop3|brute-force|spam|mail|ziyadnz|hourly,2026-08-17T18:48:05Z,2026-08-17T18:48:05Z,
221.144.140.210,ipv4,imap-attack,high,WHITE,blocklist.de/imap|blocklist.de/all|blocklist.de/mail|ziyadnz/hourly-ipv4,blocklist.de|imap|pop3|brute-force|spam|mail|ziyadnz|hourly,2026-08-17T18:48:05Z,2026-08-17T18:48:05Z,
221.144.153.106,ipv4,imap-attack,high,WHITE,blocklist.de/imap|blocklist.de/all|blocklist.de/mail|ziyadnz/hourly-ipv4,blocklist.de|imap|pop3|brute-force|spam|mail|ziyadnz|hourly,2026-08-17T18:48:05Z,2026-08-17T18:48:05Z,
221.150.171.99,ipv4,imap-attack,high,WHITE,blocklist.de/imap|blocklist.de/all|blocklist.de/mail|ziyadnz/hourly-ipv4,blocklist.de|imap|pop3|brute-force|spam|mail|ziyadnz|hourly,2026-08-17T18:48:05Z,2026-08-17T18:48:05Z,
221.150.43.7,ipv4,imap-attack,high,WHITE,blocklist.de/imap|blocklist.de/all|blocklist.de/mail|ziyadnz/hourly-ipv4,blocklist.de|imap|pop3|brute-force|spam|mail|ziyadnz|hourly,2026-08-17T18:48:05Z,2026-08-17T18:48:05Z,
221.155.237.108,ipv4,imap-attack,high,WHITE,blocklist.de/imap|blocklist.de/all|blocklist.de/mail|ziyadnz/hourly-ipv4,blocklist.de|imap|pop3|brute-force|spam|mail|ziyadnz|hourly,2026-08-17T18:48:05Z,2026-08-17T18:48:05Z,
221.157.99.200,ipv4,imap-attack,high,WHITE,blocklist.de/imap|blocklist.de/all|blocklist.de/mail|ziyadnz/hourly-ipv4,blocklist.de|imap|pop3|brute-force|spam|mail|ziyadnz|hourly,2026-08-17T18:48:05Z,2026-08-17T18:48:05Z,
221.161.150.151,ipv4,imap-attack,high,WHITE,blocklist.de/imap|blocklist.de/all|blocklist.de/mail|ziyadnz/hourly-ipv4,blocklist.de|imap|pop3|brute-force|spam|mail|ziyadnz|hourly,2026-08-17T18:48:05Z,2026-08-17T18:48:05Z,
221.162.0.119,ipv4,imap-attack,high,WHITE,blocklist.de/imap|blocklist.de/all|blocklist.de/mail|ziyadnz/hourly-ipv4,blocklist.de|imap|pop3|brute-force|spam|mail|ziyadnz|hourly,2026-08-17T18:48:05Z,2026-08-17T18:48:05Z,
221.162.1.227,ipv4,imap-attack,high,WHITE,blocklist.de/imap|blocklist.de/all|blocklist.de/mail|ziyadnz/hourly-ipv4,blocklist.de|imap|pop3|brute-force|spam|mail|ziyadnz|hourly,2026-08-17T18:48:05Z,2026-08-17T18:48:05Z,
221.162.18.102,ipv4,imap-attack,high,WHITE,blocklist.de/imap|blocklist.de/all|blocklist.de/mail|ziyadnz/hourly-ipv4,blocklist.de|imap|pop3|brute-force|spam|mail|ziyadnz|hourly,2026-08-17T18:48:05Z,2026-08-17T18:48:05Z,
221.162.3.197,ipv4,imap-attack,high,WHITE,blocklist.de/imap|blocklist.de/all|blocklist.de/mail|ziyadnz/hourly-ipv4,blocklist.de|imap|pop3|brute-force|spam|mail|ziyadnz|hourly,2026-08-17T18:48:05Z,2026-08-17T18:48:05Z,
221.162.34.208,ipv4,imap-attack,high,WHITE,blocklist.de/imap|blocklist.de/all|blocklist.de/mail|ziyadnz/hourly-ipv4,blocklist.de|imap|pop3|brute-force|spam|mail|ziyadnz|hourly,2026-08-17T18:48:05Z,2026-08-17T18:48:05Z,
221.162.39.232,ipv4,imap-attack,high,WHITE,blocklist.de/imap|blocklist.de/all|blocklist.de/mail|ziyadnz/hourly-ipv4,blocklist.de|imap|pop3|brute-force|spam|mail|ziyadnz|hourly,2026-08-17T18:48:05Z,2026-08-17T18:48:05Z,
221.162.60.216,ipv4,imap-attack,high,WHITE,blocklist.de/imap|blocklist.de/all|blocklist.de/mail|ziyadnz/hourly-ipv4,blocklist.de|imap|pop3|brute-force|spam|mail|ziyadnz|hourly,2026-08-17T18:48:05Z,2026-08-17T18:48:05Z,
221.162.63.50,ipv4,imap-attack,high,WHITE,blocklist.de/imap|blocklist.de/all|blocklist.de/mail|ziyadnz/hourly-ipv4,blocklist.de|imap|pop3|brute-force|spam|mail|ziyadnz|hourly,2026-08-17T18:48:05Z,2026-08-17T18:48:05Z,
221.163.195.160,ipv4,imap-attack,high,WHITE,blocklist.de/imap|blocklist.de/all|blocklist.de/mail|ziyadnz/hourly-ipv4,blocklist.de|imap|pop3|brute-force|spam|mail|ziyadnz|hourly,2026-08-17T18:48:05Z,2026-08-17T18:48:05Z,
221.164.21.202,ipv4,imap-attack,high,WHITE,blocklist.de/imap|blocklist.de/all|blocklist.de/mail|ziyadnz/hourly-ipv4,blocklist.de|imap|pop3|brute-force|spam|mail|ziyadnz|hourly,2026-08-17T18:48:05Z,2026-08-17T18:48:05Z,
221.164.67.133,ipv4,imap-attack,high,WHITE,blocklist.de/imap|blocklist.de/all|blocklist.de/mail|ziyadnz/hourly-ipv4,blocklist.de|imap|pop3|brute-force|spam|mail|ziyadnz|hourly,2026-08-17T18:48:05Z,2026-08-17T18:48:05Z,
221.167.21.148,ipv4,imap-attack,high,WHITE,blocklist.de/imap|blocklist.de/all|blocklist.de/mail|ziyadnz/hourly-ipv4,blocklist.de|imap|pop3|brute-force|spam|mail|ziyadnz|hourly,2026-08-17T18:48:05Z,2026-08-17T18:48:05Z,
221.167.50.229,ipv4,imap-attack,high,WHITE,blocklist.de/imap|blocklist.de/all|blocklist.de/mail|ziyadnz/hourly-ipv4,blocklist.de|imap|pop3|brute-force|spam|mail|ziyadnz|hourly,2026-08-17T18:48:05Z,2026-08-17T18:48:05Z,
221.182.185.190,ipv4,imap-attack,high,WHITE,blocklist.de/imap|blocklist.de/all|blocklist.de/mail|ziyadnz/hourly-ipv4,blocklist.de|imap|pop3|brute-force|spam|mail|ziyadnz|hourly,2026-08-17T18:48:05Z,2026-08-17T18:48:05Z,
221.5.224.71,ipv4,imap-attack,high,WHITE,blocklist.de/imap|blocklist.de/all|blocklist.de/mail|ziyadnz/hourly-ipv4,blocklist.de|imap|pop3|brute-force|spam|mail|ziyadnz|hourly,2026-08-17T18:48:05Z,2026-08-17T18:48:05Z,
221.8.22.14,ipv4,imap-attack,high,WHITE,blocklist.de/imap|blocklist.de/all|blocklist.de/mail|ziyadnz/hourly-ipv4,blocklist.de|imap|pop3|brute-force|spam|mail|ziyadnz|hourly,2026-08-17T18:48:05Z,2026-08-17T18:48:05Z,
222.103.194.109,ipv4,imap-attack,high,WHITE,blocklist.de/imap|blocklist.de/all|blocklist.de/mail|ziyadnz/hourly-ipv4,blocklist.de|imap|pop3|brute-force|spam|mail|ziyadnz|hourly,2026-08-17T18:48:05Z,2026-08-17T18:48:05Z,
222.104.95.89,ipv4,imap-attack,high,WHITE,blocklist.de/imap|blocklist.de/all|blocklist.de/mail|ziyadnz/hourly-ipv4,blocklist.de|imap|pop3|brute-force|spam|mail|ziyadnz|hourly,2026-08-17T18:48:05Z,2026-08-17T18:48:05Z,
222.108.109.37,ipv4,imap-attack,high,WHITE,blocklist.de/imap|blocklist.de/all|blocklist.de/mail|ziyadnz/hourly-ipv4,blocklist.de|imap|pop3|brute-force|spam|mail|ziyadnz|hourly,2026-08-17T18:48:05Z,2026-08-17T18:48:05Z,
222.109.73.135,ipv4,imap-attack,high,WHITE,blocklist.de/imap|blocklist.de/all|blocklist.de/mail|ziyadnz/hourly-ipv4,blocklist.de|imap|pop3|brute-force|spam|mail|ziyadnz|hourly,2026-08-17T18:48:05Z,2026-08-17T18:48:05Z,
222.110.42.50,ipv4,imap-attack,high,WHITE,blocklist.de/imap|blocklist.de/all|blocklist.de/mail|ziyadnz/hourly-ipv4,blocklist.de|imap|pop3|brute-force|spam|mail|ziyadnz|hourly,2026-08-17T18:48:05Z,2026-08-17T18:48:05Z,
222.111.148.139,ipv4,imap-attack,high,WHITE,blocklist.de/imap|blocklist.de/all|blocklist.de/mail|ziyadnz/hourly-ipv4,blocklist.de|imap|pop3|brute-force|spam|mail|ziyadnz|hourly,2026-08-17T18:48:05Z,2026-08-17T18:48:05Z,
222.111.148.83,ipv4,imap-attack,high,WHITE,blocklist.de/imap|blocklist.de/all|blocklist.de/mail|ziyadnz/hourly-ipv4,blocklist.de|imap|pop3|brute-force|spam|mail|ziyadnz|hourly,2026-08-17T18:48:05Z,2026-08-17T18:48:05Z,
222.116.11.230,ipv4,imap-attack,high,WHITE,blocklist.de/imap|blocklist.de/all|blocklist.de/mail|ziyadnz/hourly-ipv4,blocklist.de|imap|pop3|brute-force|spam|mail|ziyadnz|hourly,2026-08-17T18:48:05Z,2026-08-17T18:48:05Z,
222.116.25.156,ipv4,imap-attack,high,WHITE,blocklist.de/imap|blocklist.de/all|blocklist.de/mail|ziyadnz/hourly-ipv4,blocklist.de|imap|pop3|brute-force|spam|mail|ziyadnz|hourly,2026-08-17T18:48:05Z,2026-08-17T18:48:05Z,
222.116.28.126,ipv4,imap-attack,high,WHITE,blocklist.de/imap|blocklist.de/all|blocklist.de/mail,blocklist.de|imap|pop3|brute-force|spam|mail|ziyadnz|hourly,2026-08-17T18:48:05Z,2026-08-17T18:48:05Z,
222.116.34.181,ipv4,imap-attack,high,WHITE,blocklist.de/imap|blocklist.de/all|blocklist.de/mail|ziyadnz/hourly-ipv4,blocklist.de|imap|pop3|brute-force|spam|mail|ziyadnz|hourly,2026-08-17T18:48:05Z,2026-08-17T18:48:05Z,
222.116.47.157,ipv4,imap-attack,high,WHITE,blocklist.de/imap|blocklist.de/all|blocklist.de/mail|ziyadnz/hourly-ipv4,blocklist.de|imap|pop3|brute-force|spam|mail|ziyadnz|hourly,2026-08-17T18:48:05Z,2026-08-17T18:48:05Z,
222.120.63.29,ipv4,imap-attack,high,WHITE,blocklist.de/imap|blocklist.de/all|blocklist.de/mail|ziyadnz/hourly-ipv4,blocklist.de|imap|pop3|brute-force|spam|mail|ziyadnz|hourly,2026-08-17T18:48:05Z,2026-08-17T18:48:05Z,
222.127.171.12,ipv4,imap-attack,high,WHITE,blocklist.de/imap|blocklist.de/all|blocklist.de/mail|ziyadnz/hourly-ipv4,blocklist.de|imap|pop3|brute-force|spam|mail|ziyadnz|hourly,2026-08-17T18:48:05Z,2026-08-17T18:48:05Z,
222.139.245.137,ipv4,imap-attack,high,WHITE,blocklist.de/imap|blocklist.de/all|blocklist.de/mail|ziyadnz/hourly-ipv4,blocklist.de|imap|pop3|brute-force|spam|mail|ziyadnz|hourly,2026-08-17T18:48:05Z,2026-08-17T18:48:05Z,
222.186.68.153,ipv4,imap-attack,high,WHITE,blocklist.de/imap|blocklist.de/all|blocklist.de/mail|ziyadnz/hourly-ipv4,blocklist.de|imap|pop3|brute-force|spam|mail|ziyadnz|hourly,2026-08-17T18:48:05Z,2026-08-17T18:48:05Z,
222.212.91.18,ipv4,imap-attack,high,WHITE,blocklist.de/imap|blocklist.de/all|blocklist.de/mail|ziyadnz/hourly-ipv4,blocklist.de|imap|pop3|brute-force|spam|mail|ziyadnz|hourly,2026-08-17T18:48:05Z,2026-08-17T18:48:05Z,
222.219.232.57,ipv4,imap-attack,high,WHITE,blocklist.de/imap|blocklist.de/all|blocklist.de/mail|ziyadnz/hourly-ipv4,blocklist.de|imap|pop3|brute-force|spam|mail|ziyadnz|hourly,2026-08-17T18:48:05Z,2026-08-17T18:48:05Z,
222.220.104.25,ipv4,imap-attack,high,WHITE,blocklist.de/imap|blocklist.de/all|blocklist.de/mail|ziyadnz/hourly-ipv4,blocklist.de|imap|pop3|brute-force|spam|mail|ziyadnz|hourly,2026-08-17T18:48:05Z,2026-08-17T18:48:05Z,
222.223.57.101,ipv4,imap-attack,high,WHITE,blocklist.de/imap|blocklist.de/all|blocklist.de/mail|ziyadnz/hourly-ipv4,blocklist.de|imap|pop3|brute-force|spam|mail|ziyadnz|hourly,2026-08-17T18:48:05Z,2026-08-17T18:48:05Z,
222.240.5.181,ipv4,imap-attack,high,WHITE,blocklist.de/imap|blocklist.de/all|blocklist.de/mail|ziyadnz/hourly-ipv4,blocklist.de|imap|pop3|brute-force|spam|mail|ziyadnz|hourly,2026-08-17T18:48:05Z,2026-08-17T18:48:05Z,
222.246.240.162,ipv4,imap-attack,high,WHITE,blocklist.de/imap|blocklist.de/all|blocklist.de/mail|ziyadnz/hourly-ipv4,blocklist.de|imap|pop3|brute-force|spam|mail|ziyadnz|hourly,2026-08-17T18:48:05Z,2026-08-17T18:48:05Z,
222.252.16.237,ipv4,imap-attack,high,WHITE,blocklist.de/imap|blocklist.de/all|blocklist.de/mail|ziyadnz/hourly-ipv4,blocklist.de|imap|pop3|brute-force|spam|mail|ziyadnz|hourly,2026-08-17T18:48:05Z,2026-08-17T18:48:05Z,
222.252.24.6,ipv4,imap-attack,high,WHITE,blocklist.de/imap|blocklist.de/all|blocklist.de/mail|ziyadnz/hourly-ipv4,blocklist.de|imap|pop3|brute-force|spam|mail|ziyadnz|hourly,2026-08-17T18:48:05Z,2026-08-17T18:48:05Z,
222.253.41.121,ipv4,imap-attack,high,WHITE,blocklist.de/imap|blocklist.de/all|blocklist.de/mail|ziyadnz/hourly-ipv4,blocklist.de|imap|pop3|brute-force|spam|mail|ziyadnz|hourly,2026-08-17T18:48:05Z,2026-08-17T18:48:05Z,
222.73.51.218,ipv4,imap-attack,high,WHITE,blocklist.de/imap|blocklist.de/all|blocklist.de/mail,blocklist.de|imap|pop3|brute-force|spam|mail|ziyadnz|hourly,2026-08-17T18:48:05Z,2026-08-17T18:48:05Z,
222.90.233.165,ipv4,imap-attack,high,WHITE,blocklist.de/imap|blocklist.de/all|blocklist.de/mail|ziyadnz/hourly-ipv4,blocklist.de|imap|pop3|brute-force|spam|mail|ziyadnz|hourly,2026-08-17T18:48:05Z,2026-08-17T18:48:05Z,
222.97.195.179,ipv4,imap-attack,high,WHITE,blocklist.de/imap|blocklist.de/all|blocklist.de/mail|ziyadnz/hourly-ipv4,blocklist.de|imap|pop3|brute-force|spam|mail|ziyadnz|hourly,2026-08-17T18:48:05Z,2026-08-17T18:48:05Z,
222.97.67.147,ipv4,imap-attack,high,WHITE,blocklist.de/imap|blocklist.de/all|blocklist.de/mail|ziyadnz/hourly-ipv4,blocklist.de|imap|pop3|brute-force|spam|mail|ziyadnz|hourly,2026-08-17T18:48:05Z,2026-08-17T18:48:05Z,
222.99.52.202,ipv4,imap-attack,high,WHITE,blocklist.de/imap|blocklist.de/all|blocklist.de/mail|ziyadnz/hourly-ipv4,blocklist.de|imap|pop3|brute-force|spam|mail|ziyadnz|hourly,2026-08-17T18:48:05Z,2026-08-17T18:48:05Z,
223.100.224.75,ipv4,imap-attack,high,WHITE,blocklist.de/imap|blocklist.de/all|blocklist.de/mail|ziyadnz/hourly-ipv4,blocklist.de|imap|pop3|brute-force|spam|mail|ziyadnz|hourly,2026-08-17T18:48:05Z,2026-08-17T18:48:05Z,
223.105.71.106,ipv4,imap-attack,high,WHITE,blocklist.de/imap|blocklist.de/all|blocklist.de/mail|ziyadnz/hourly-ipv4,blocklist.de|imap|pop3|brute-force|spam|mail|ziyadnz|hourly,2026-08-17T18:48:05Z,2026-08-17T18:48:05Z,
223.107.72.234,ipv4,imap-attack,high,WHITE,blocklist.de/imap|blocklist.de/all|blocklist.de/mail|ziyadnz/hourly-ipv4,blocklist.de|imap|pop3|brute-force|spam|mail|ziyadnz|hourly,2026-08-17T18:48:05Z,2026-08-17T18:48:05Z,
223.109.200.181,ipv4,imap-attack,high,WHITE,blocklist.de/imap|blocklist.de/all|blocklist.de/mail|ziyadnz/hourly-ipv4,blocklist.de|imap|pop3|brute-force|spam|mail|ziyadnz|hourly,2026-08-17T18:48:05Z,2026-08-17T18:48:05Z,
223.123.15.208,ipv4,imap-attack,high,WHITE,blocklist.de/imap|blocklist.de/all|blocklist.de/mail|ziyadnz/hourly-ipv4,blocklist.de|imap|pop3|brute-force|spam|mail|ziyadnz|hourly,2026-08-17T18:48:05Z,2026-08-17T18:48:05Z,
223.15.164.134,ipv4,imap-attack,high,WHITE,blocklist.de/imap|blocklist.de/all|blocklist.de/mail,blocklist.de|imap|pop3|brute-force|spam|mail|ziyadnz|hourly,2026-08-17T18:48:05Z,2026-08-17T18:48:05Z,
223.176.13.244,ipv4,imap-attack,high,WHITE,blocklist.de/imap|blocklist.de/all|blocklist.de/mail|ziyadnz/hourly-ipv4,blocklist.de|imap|pop3|brute-force|spam|mail|ziyadnz|hourly,2026-08-17T18:48:05Z,2026-08-17T18:48:05Z,
223.181.28.16,ipv4,imap-attack,high,WHITE,blocklist.de/imap|blocklist.de/all|blocklist.de/mail|ziyadnz/hourly-ipv4,blocklist.de|imap|pop3|brute-force|spam|mail|ziyadnz|hourly,2026-08-17T18:48:05Z,2026-08-17T18:48:05Z,
223.188.71.6,ipv4,imap-attack,high,WHITE,blocklist.de/imap|blocklist.de/all|blocklist.de/mail|ziyadnz/hourly-ipv4,blocklist.de|imap|pop3|brute-force|spam|mail|ziyadnz|hourly,2026-08-17T18:48:05Z,2026-08-17T18:48:05Z,
223.191.85.173,ipv4,imap-attack,high,WHITE,blocklist.de/imap|blocklist.de/all|blocklist.de/mail|ziyadnz/hourly-ipv4,blocklist.de|imap|pop3|brute-force|spam|mail|ziyadnz|hourly,2026-08-17T18:48:05Z,2026-08-17T18:48:05Z,
223.194.21.240,ipv4,imap-attack,high,WHITE,blocklist.de/imap|blocklist.de/all|blocklist.de/mail|ziyadnz/hourly-ipv4,blocklist.de|imap|pop3|brute-force|spam|mail|ziyadnz|hourly,2026-08-17T18:48:05Z,2026-08-17T18:48:05Z,
223.197.145.114,ipv4,imap-attack,high,WHITE,blocklist.de/imap|blocklist.de/all|blocklist.de/mail|ziyadnz/hourly-ipv4,blocklist.de|imap|pop3|brute-force|spam|mail|ziyadnz|hourly,2026-08-17T18:48:05Z,2026-08-17T18:48:05Z,
223.197.145.126,ipv4,imap-attack,high,WHITE,blocklist.de/imap|blocklist.de/all|blocklist.de/mail|ziyadnz/hourly-ipv4,blocklist.de|imap|pop3|brute-force|spam|mail|ziyadnz|hourly,2026-08-17T18:48:05Z,2026-08-17T18:48:05Z,
223.197.145.33,ipv4,imap-attack,high,WHITE,blocklist.de/imap|blocklist.de/all|blocklist.de/mail|ziyadnz/hourly-ipv4,blocklist.de|imap|pop3|brute-force|spam|mail|ziyadnz|hourly,2026-08-17T18:48:05Z,2026-08-17T18:48:05Z,
223.197.146.111,ipv4,imap-attack,high,WHITE,blocklist.de/imap|blocklist.de/all|blocklist.de/mail|ziyadnz/hourly-ipv4,blocklist.de|imap|pop3|brute-force|spam|mail|ziyadnz|hourly,2026-08-17T18:48:05Z,2026-08-17T18:48:05Z,
223.197.153.138,ipv4,imap-attack,high,WHITE,blocklist.de/imap|blocklist.de/all|blocklist.de/mail|ziyadnz/hourly-ipv4,blocklist.de|imap|pop3|brute-force|spam|mail|ziyadnz|hourly,2026-08-17T18:48:05Z,2026-08-17T18:48:05Z,
223.197.196.92,ipv4,imap-attack,high,WHITE,blocklist.de/imap|blocklist.de/all|blocklist.de/mail|ziyadnz/hourly-ipv4,blocklist.de|imap|pop3|brute-force|spam|mail|ziyadnz|hourly,2026-08-17T18:48:05Z,2026-08-17T18:48:05Z,
223.197.226.51,ipv4,imap-attack,high,WHITE,blocklist.de/imap|blocklist.de/all|blocklist.de/mail|ziyadnz/hourly-ipv4,blocklist.de|imap|pop3|brute-force|spam|mail|ziyadnz|hourly,2026-08-17T18:48:05Z,2026-08-17T18:48:05Z,
223.204.95.183,ipv4,imap-attack,high,WHITE,blocklist.de/imap|blocklist.de/all|blocklist.de/mail|ziyadnz/hourly-ipv4,blocklist.de|imap|pop3|brute-force|spam|mail|ziyadnz|hourly,2026-08-17T18:48:05Z,2026-08-17T18:48:05Z,
223.206.197.253,ipv4,imap-attack,high,WHITE,blocklist.de/imap|blocklist.de/all|blocklist.de/mail|ziyadnz/hourly-ipv4,blocklist.de|imap|pop3|brute-force|spam|mail|ziyadnz|hourly,2026-08-17T18:48:05Z,2026-08-17T18:48:05Z,
223.241.214.127,ipv4,imap-attack,high,WHITE,blocklist.de/imap|blocklist.de/all|blocklist.de/mail|ziyadnz/hourly-ipv4,blocklist.de|imap|pop3|brute-force|spam|mail|ziyadnz|hourly,2026-08-17T18:48:05Z,2026-08-17T18:48:05Z,
223.68.163.132,ipv4,imap-attack,high,WHITE,blocklist.de/imap|blocklist.de/all|blocklist.de/mail|ziyadnz/hourly-ipv4,blocklist.de|imap|pop3|brute-force|spam|mail|ziyadnz|hourly,2026-08-17T18:48:05Z,2026-08-17T18:48:05Z,
223.78.122.108,ipv4,imap-attack,high,WHITE,blocklist.de/imap|blocklist.de/all|blocklist.de/mail|ziyadnz/hourly-ipv4,blocklist.de|imap|pop3|brute-force|spam|mail|ziyadnz|hourly,2026-08-17T18:48:05Z,2026-08-17T18:48:05Z,
223.84.209.188,ipv4,imap-attack,high,WHITE,blocklist.de/imap|blocklist.de/all|blocklist.de/mail|ziyadnz/hourly-ipv4,blocklist.de|imap|pop3|brute-force|spam|mail|ziyadnz|hourly,2026-08-17T18:48:05Z,2026-08-17T18:48:05Z,
223.99.3.46,ipv4,imap-attack,high,WHITE,blocklist.de/imap|blocklist.de/all|blocklist.de/mail|ziyadnz/hourly-ipv4,blocklist.de|imap|pop3|brute-force|spam|mail|ziyadnz|hourly,2026-08-17T18:48:05Z,2026-08-17T18:48:05Z,
23.234.70.106,ipv4,imap-attack,high,WHITE,blocklist.de/imap|blocklist.de/all|blocklist.de/mail|ziyadnz/hourly-ipv4,blocklist.de|imap|pop3|brute-force|spam|mail|ziyadnz|hourly,2026-08-17T18:48:05Z,2026-08-17T18:48:05Z,
23.234.70.70,ipv4,imap-attack,high,WHITE,blocklist.de/imap|blocklist.de/all|blocklist.de/mail|ziyadnz/hourly-ipv4,blocklist.de|imap|pop3|brute-force|spam|mail|ziyadnz|hourly,2026-08-17T18:48:05Z,2026-08-17T18:48:05Z,
23.242.28.103,ipv4,imap-attack,high,WHITE,blocklist.de/imap|blocklist.de/all|blocklist.de/mail|ziyadnz/hourly-ipv4,blocklist.de|imap|pop3|brute-force|spam|mail|ziyadnz|hourly,2026-08-17T18:48:05Z,2026-08-17T18:48:05Z,
23.30.11.253,ipv4,imap-attack,high,WHITE,blocklist.de/imap|blocklist.de/all|blocklist.de/mail|ziyadnz/hourly-ipv4,blocklist.de|imap|pop3|brute-force|spam|mail|ziyadnz|hourly,2026-08-17T18:48:05Z,2026-08-17T18:48:05Z,
24.103.21.222,ipv4,imap-attack,high,WHITE,blocklist.de/imap|blocklist.de/all|blocklist.de/mail|ziyadnz/hourly-ipv4,blocklist.de|imap|pop3|brute-force|spam|mail|ziyadnz|hourly,2026-08-17T18:48:05Z,2026-08-17T18:48:05Z,
24.105.160.100,ipv4,imap-attack,high,WHITE,blocklist.de/imap|blocklist.de/all|blocklist.de/mail|ziyadnz/hourly-ipv4,blocklist.de|imap|pop3|brute-force|spam|mail|ziyadnz|hourly,2026-08-17T18:48:05Z,2026-08-17T18:48:05Z,
24.111.227.212,ipv4,imap-attack,high,WHITE,blocklist.de/imap|blocklist.de/all|blocklist.de/mail|ziyadnz/hourly-ipv4,blocklist.de|imap|pop3|brute-force|spam|mail|ziyadnz|hourly,2026-08-17T18:48:05Z,2026-08-17T18:48:05Z,
24.118.112.228,ipv4,imap-attack,high,WHITE,blocklist.de/imap|blocklist.de/all|blocklist.de/mail|ziyadnz/hourly-ipv4,blocklist.de|imap|pop3|brute-force|spam|mail|ziyadnz|hourly,2026-08-17T18:48:05Z,2026-08-17T18:48:05Z,
24.119.144.86,ipv4,imap-attack,high,WHITE,blocklist.de/imap|blocklist.de/all|blocklist.de/mail|ziyadnz/hourly-ipv4,blocklist.de|imap|pop3|brute-force|spam|mail|ziyadnz|hourly,2026-08-17T18:48:05Z,2026-08-17T18:48:05Z,
24.119.36.250,ipv4,imap-attack,high,WHITE,blocklist.de/imap|blocklist.de/all|blocklist.de/mail|ziyadnz/hourly-ipv4,blocklist.de|imap|pop3|brute-force|spam|mail|ziyadnz|hourly,2026-08-17T18:48:05Z,2026-08-17T18:48:05Z,
24.119.52.56,ipv4,imap-attack,high,WHITE,blocklist.de/imap|blocklist.de/all|blocklist.de/mail|ziyadnz/hourly-ipv4,blocklist.de|imap|pop3|brute-force|spam|mail|ziyadnz|hourly,2026-08-17T18:48:05Z,2026-08-17T18:48:05Z,
24.135.74.36,ipv4,imap-attack,high,WHITE,blocklist.de/imap|blocklist.de/all|blocklist.de/mail|ziyadnz/hourly-ipv4,blocklist.de|imap|pop3|brute-force|spam|mail|ziyadnz|hourly,2026-08-17T18:48:05Z,2026-08-17T18:48:05Z,
24.137.45.144,ipv4,imap-attack,high,WHITE,blocklist.de/imap|blocklist.de/all|blocklist.de/mail|ziyadnz/hourly-ipv4,blocklist.de|imap|pop3|brute-force|spam|mail|ziyadnz|hourly,2026-08-17T18:48:05Z,2026-08-17T18:48:05Z,
24.137.45.178,ipv4,imap-attack,high,WHITE,blocklist.de/imap|blocklist.de/all|blocklist.de/mail|ziyadnz/hourly-ipv4,blocklist.de|imap|pop3|brute-force|spam|mail|ziyadnz|hourly,2026-08-17T18:48:05Z,2026-08-17T18:48:05Z,
24.137.46.17,ipv4,imap-attack,high,WHITE,blocklist.de/imap|blocklist.de/all|blocklist.de/mail|ziyadnz/hourly-ipv4,blocklist.de|imap|pop3|brute-force|spam|mail|ziyadnz|hourly,2026-08-17T18:48:05Z,2026-08-17T18:48:05Z,
24.149.120.254,ipv4,imap-attack,high,WHITE,blocklist.de/imap|blocklist.de/all|blocklist.de/mail|ziyadnz/hourly-ipv4,blocklist.de|imap|pop3|brute-force|spam|mail|ziyadnz|hourly,2026-08-17T18:48:05Z,2026-08-17T18:48:05Z,
24.15.216.41,ipv4,imap-attack,high,WHITE,blocklist.de/imap|blocklist.de/all|blocklist.de/mail|ziyadnz/hourly-ipv4,blocklist.de|imap|pop3|brute-force|spam|mail|ziyadnz|hourly,2026-08-17T18:48:05Z,2026-08-17T18:48:05Z,
24.157.90.252,ipv4,imap-attack,high,WHITE,blocklist.de/imap|blocklist.de/all|blocklist.de/mail|ziyadnz/hourly-ipv4,blocklist.de|imap|pop3|brute-force|spam|mail|ziyadnz|hourly,2026-08-17T18:48:05Z,2026-08-17T18:48:05Z,
24.161.2.71,ipv4,imap-attack,high,WHITE,blocklist.de/imap|blocklist.de/all|blocklist.de/mail|ziyadnz/hourly-ipv4,blocklist.de|imap|pop3|brute-force|spam|mail|ziyadnz|hourly,2026-08-17T18:48:05Z,2026-08-17T18:48:05Z,
24.164.32.109,ipv4,imap-attack,high,WHITE,blocklist.de/imap|blocklist.de/all|blocklist.de/mail|ziyadnz/hourly-ipv4,blocklist.de|imap|pop3|brute-force|spam|mail|ziyadnz|hourly,2026-08-17T18:48:05Z,2026-08-17T18:48:05Z,
24.175.66.26,ipv4,imap-attack,high,WHITE,blocklist.de/imap|blocklist.de/all|blocklist.de/mail|ziyadnz/hourly-ipv4,blocklist.de|imap|pop3|brute-force|spam|mail|ziyadnz|hourly,2026-08-17T18:48:05Z,2026-08-17T18:48:05Z,
24.176.254.53,ipv4,imap-attack,high,WHITE,blocklist.de/imap|blocklist.de/all|blocklist.de/mail|ziyadnz/hourly-ipv4,blocklist.de|imap|pop3|brute-force|spam|mail|ziyadnz|hourly,2026-08-17T18:48:05Z,2026-08-17T18:48:05Z,
24.200.161.107,ipv4,imap-attack,high,WHITE,blocklist.de/imap|blocklist.de/all|blocklist.de/mail|ziyadnz/hourly-ipv4,blocklist.de|imap|pop3|brute-force|spam|mail|ziyadnz|hourly,2026-08-17T18:48:05Z,2026-08-17T18:48:05Z,
24.229.22.106,ipv4,imap-attack,high,WHITE,blocklist.de/imap|blocklist.de/all|blocklist.de/mail|ziyadnz/hourly-ipv4,blocklist.de|imap|pop3|brute-force|spam|mail|ziyadnz|hourly,2026-08-17T18:48:05Z,2026-08-17T18:48:05Z,
24.234.101.161,ipv4,imap-attack,high,WHITE,blocklist.de/imap|blocklist.de/all|blocklist.de/mail|ziyadnz/hourly-ipv4,blocklist.de|imap|pop3|brute-force|spam|mail|ziyadnz|hourly,2026-08-17T18:48:05Z,2026-08-17T18:48:05Z,
24.234.135.97,ipv4,imap-attack,high,WHITE,blocklist.de/imap|blocklist.de/all|blocklist.de/mail|ziyadnz/hourly-ipv4,blocklist.de|imap|pop3|brute-force|spam|mail|ziyadnz|hourly,2026-08-17T18:48:05Z,2026-08-17T18:48:05Z,
24.234.239.46,ipv4,imap-attack,high,WHITE,blocklist.de/imap|blocklist.de/all|blocklist.de/mail|ziyadnz/hourly-ipv4,blocklist.de|imap|pop3|brute-force|spam|mail|ziyadnz|hourly,2026-08-17T18:48:05Z,2026-08-17T18:48:05Z,
24.234.253.149,ipv4,imap-attack,high,WHITE,blocklist.de/imap|blocklist.de/all|blocklist.de/mail|ziyadnz/hourly-ipv4,blocklist.de|imap|pop3|brute-force|spam|mail|ziyadnz|hourly,2026-08-17T18:48:05Z,2026-08-17T18:48:05Z,
24.234.91.93,ipv4,imap-attack,high,WHITE,blocklist.de/imap|blocklist.de/all|blocklist.de/mail|ziyadnz/hourly-ipv4,blocklist.de|imap|pop3|brute-force|spam|mail|ziyadnz|hourly,2026-08-17T18:48:05Z,2026-08-17T18:48:05Z,
24.238.123.134,ipv4,imap-attack,high,WHITE,blocklist.de/imap|blocklist.de/all|blocklist.de/mail|ziyadnz/hourly-ipv4,blocklist.de|imap|pop3|brute-force|spam|mail|ziyadnz|hourly,2026-08-17T18:48:05Z,2026-08-17T18:48:05Z,
24.244.89.239,ipv4,imap-attack,high,WHITE,blocklist.de/imap|blocklist.de/all|blocklist.de/mail|ziyadnz/hourly-ipv4,blocklist.de|imap|pop3|brute-force|spam|mail|ziyadnz|hourly,2026-08-17T18:48:05Z,2026-08-17T18:48:05Z,
24.244.92.197,ipv4,imap-attack,high,WHITE,blocklist.de/imap|blocklist.de/all|blocklist.de/mail|ziyadnz/hourly-ipv4,blocklist.de|imap|pop3|brute-force|spam|mail|ziyadnz|hourly,2026-08-17T18:48:05Z,2026-08-17T18:48:05Z,
24.244.92.64,ipv4,imap-attack,high,WHITE,blocklist.de/imap|blocklist.de/all|blocklist.de/mail|ziyadnz/hourly-ipv4,blocklist.de|imap|pop3|brute-force|spam|mail|ziyadnz|hourly,2026-08-17T18:48:05Z,2026-08-17T18:48:05Z,
24.244.92.85,ipv4,imap-attack,high,WHITE,blocklist.de/imap|blocklist.de/all|blocklist.de/mail|ziyadnz/hourly-ipv4,blocklist.de|imap|pop3|brute-force|spam|mail|ziyadnz|hourly,2026-08-17T18:48:05Z,2026-08-17T18:48:05Z,
24.244.93.35,ipv4,imap-attack,high,WHITE,blocklist.de/imap|blocklist.de/all|blocklist.de/mail|ziyadnz/hourly-ipv4,blocklist.de|imap|pop3|brute-force|spam|mail|ziyadnz|hourly,2026-08-17T18:48:05Z,2026-08-17T18:48:05Z,
24.47.229.176,ipv4,imap-attack,high,WHITE,blocklist.de/imap|blocklist.de/all|blocklist.de/mail|ziyadnz/hourly-ipv4,blocklist.de|imap|pop3|brute-force|spam|mail|ziyadnz|hourly,2026-08-17T18:48:05Z,2026-08-17T18:48:05Z,
24.5.244.85,ipv4,imap-attack,high,WHITE,blocklist.de/imap|blocklist.de/all|blocklist.de/mail|ziyadnz/hourly-ipv4,blocklist.de|imap|pop3|brute-force|spam|mail|ziyadnz|hourly,2026-08-17T18:48:05Z,2026-08-17T18:48:05Z,
24.61.199.212,ipv4,imap-attack,high,WHITE,blocklist.de/imap|blocklist.de/all|blocklist.de/mail|ziyadnz/hourly-ipv4,blocklist.de|imap|pop3|brute-force|spam|mail|ziyadnz|hourly,2026-08-17T18:48:05Z,2026-08-17T18:48:05Z,
24.7.189.69,ipv4,imap-attack,high,WHITE,blocklist.de/imap|blocklist.de/all|blocklist.de/mail|ziyadnz/hourly-ipv4,blocklist.de|imap|pop3|brute-force|spam|mail|ziyadnz|hourly,2026-08-17T18:48:05Z,2026-08-17T18:48:05Z,
24.9.62.92,ipv4,imap-attack,high,WHITE,blocklist.de/imap|blocklist.de/all|blocklist.de/mail|ziyadnz/hourly-ipv4,blocklist.de|imap|pop3|brute-force|spam|mail|ziyadnz|hourly,2026-08-17T18:48:05Z,2026-08-17T18:48:05Z,
27.100.134.74,ipv4,imap-attack,high,WHITE,blocklist.de/imap|blocklist.de/all|blocklist.de/mail|ziyadnz/hourly-ipv4,blocklist.de|imap|pop3|brute-force|spam|mail|ziyadnz|hourly,2026-08-17T18:48:05Z,2026-08-17T18:48:05Z,
27.100.171.88,ipv4,imap-attack,high,WHITE,blocklist.de/imap|blocklist.de/all|blocklist.de/mail|ziyadnz/hourly-ipv4,blocklist.de|imap|pop3|brute-force|spam|mail|ziyadnz|hourly,2026-08-17T18:48:05Z,2026-08-17T18:48:05Z,
27.100.188.204,ipv4,imap-attack,high,WHITE,blocklist.de/imap|blocklist.de/all|blocklist.de/mail|ziyadnz/hourly-ipv4,blocklist.de|imap|pop3|brute-force|spam|mail|ziyadnz|hourly,2026-08-17T18:48:05Z,2026-08-17T18:48:05Z,
27.100.234.23,ipv4,imap-attack,high,WHITE,blocklist.de/imap|blocklist.de/all|blocklist.de/mail|ziyadnz/hourly-ipv4,blocklist.de|imap|pop3|brute-force|spam|mail|ziyadnz|hourly,2026-08-17T18:48:05Z,2026-08-17T18:48:05Z,
27.115.113.138,ipv4,imap-attack,high,WHITE,blocklist.de/imap|blocklist.de/all|blocklist.de/mail|ziyadnz/hourly-ipv4,blocklist.de|imap|pop3|brute-force|spam|mail|ziyadnz|hourly,2026-08-17T18:48:05Z,2026-08-17T18:48:05Z,
27.115.72.122,ipv4,imap-attack,high,WHITE,blocklist.de/imap|blocklist.de/all|blocklist.de/mail|ziyadnz/hourly-ipv4,blocklist.de|imap|pop3|brute-force|spam|mail|ziyadnz|hourly,2026-08-17T18:48:05Z,2026-08-17T18:48:05Z,
27.124.111.122,ipv4,imap-attack,high,WHITE,blocklist.de/imap|blocklist.de/all|blocklist.de/mail|ziyadnz/hourly-ipv4,blocklist.de|imap|pop3|brute-force|spam|mail|ziyadnz|hourly,2026-08-17T18:48:05Z,2026-08-17T18:48:05Z,
27.158.12.108,ipv4,imap-attack,high,WHITE,blocklist.de/imap|blocklist.de/all|blocklist.de/mail|ziyadnz/hourly-ipv4,blocklist.de|imap|pop3|brute-force|spam|mail|ziyadnz|hourly,2026-08-17T18:48:05Z,2026-08-17T18:48:05Z,
27.18.219.45,ipv4,imap-attack,high,WHITE,blocklist.de/imap|blocklist.de/all|blocklist.de/mail|ziyadnz/hourly-ipv4,blocklist.de|imap|pop3|brute-force|spam|mail|ziyadnz|hourly,2026-08-17T18:48:05Z,2026-08-17T18:48:05Z,
27.188.184.13,ipv4,imap-attack,high,WHITE,blocklist.de/imap|blocklist.de/all|blocklist.de/mail|ziyadnz/hourly-ipv4,blocklist.de|imap|pop3|brute-force|spam|mail|ziyadnz|hourly,2026-08-17T18:48:05Z,2026-08-17T18:48:05Z,
27.24.141.111,ipv4,imap-attack,high,WHITE,blocklist.de/imap|blocklist.de/all|blocklist.de/mail|ziyadnz/hourly-ipv4,blocklist.de|imap|pop3|brute-force|spam|mail|ziyadnz|hourly,2026-08-17T18:48:05Z,2026-08-17T18:48:05Z,
27.24.141.112,ipv4,imap-attack,high,WHITE,blocklist.de/imap|blocklist.de/all|blocklist.de/mail|ziyadnz/hourly-ipv4,blocklist.de|imap|pop3|brute-force|spam|mail|ziyadnz|hourly,2026-08-17T18:48:05Z,2026-08-17T18:48:05Z,
27.24.141.119,ipv4,imap-attack,high,WHITE,blocklist.de/imap|blocklist.de/all|blocklist.de/mail|ziyadnz/hourly-ipv4,blocklist.de|imap|pop3|brute-force|spam|mail|ziyadnz|hourly,2026-08-17T18:48:05Z,2026-08-17T18:48:05Z,
27.24.141.122,ipv4,imap-attack,high,WHITE,blocklist.de/imap|blocklist.de/all|blocklist.de/mail|ziyadnz/hourly-ipv4,blocklist.de|imap|pop3|brute-force|spam|mail|ziyadnz|hourly,2026-08-17T18:48:05Z,2026-08-17T18:48:05Z,
27.24.141.147,ipv4,imap-attack,high,WHITE,blocklist.de/imap|blocklist.de/all|blocklist.de/mail|ziyadnz/hourly-ipv4,blocklist.de|imap|pop3|brute-force|spam|mail|ziyadnz|hourly,2026-08-17T18:48:05Z,2026-08-17T18:48:05Z,
27.24.141.154,ipv4,imap-attack,high,WHITE,blocklist.de/imap|blocklist.de/all|blocklist.de/mail|ziyadnz/hourly-ipv4,blocklist.de|imap|pop3|brute-force|spam|mail|ziyadnz|hourly,2026-08-17T18:48:05Z,2026-08-17T18:48:05Z,
27.24.141.156,ipv4,imap-attack,high,WHITE,blocklist.de/imap|blocklist.de/all|blocklist.de/mail|ziyadnz/hourly-ipv4,blocklist.de|imap|pop3|brute-force|spam|mail|ziyadnz|hourly,2026-08-17T18:48:05Z,2026-08-17T18:48:05Z,
27.24.141.160,ipv4,imap-attack,high,WHITE,blocklist.de/imap|blocklist.de/all|blocklist.de/mail|ziyadnz/hourly-ipv4,blocklist.de|imap|pop3|brute-force|spam|mail|ziyadnz|hourly,2026-08-17T18:48:05Z,2026-08-17T18:48:05Z,
27.24.141.161,ipv4,imap-attack,high,WHITE,blocklist.de/imap|blocklist.de/all|blocklist.de/mail|ziyadnz/hourly-ipv4,blocklist.de|imap|pop3|brute-force|spam|mail|ziyadnz|hourly,2026-08-17T18:48:05Z,2026-08-17T18:48:05Z,
27.24.141.95,ipv4,imap-attack,high,WHITE,blocklist.de/imap|blocklist.de/all|blocklist.de/mail|ziyadnz/hourly-ipv4,blocklist.de|imap|pop3|brute-force|spam|mail|ziyadnz|hourly,2026-08-17T18:48:05Z,2026-08-17T18:48:05Z,
27.32.38.212,ipv4,imap-attack,high,WHITE,blocklist.de/imap|blocklist.de/all|blocklist.de/mail|ziyadnz/hourly-ipv4,blocklist.de|imap|pop3|brute-force|spam|mail|ziyadnz|hourly,2026-08-17T18:48:05Z,2026-08-17T18:48:05Z,
27.34.70.161,ipv4,imap-attack,high,WHITE,blocklist.de/imap|blocklist.de/all|blocklist.de/mail|ziyadnz/hourly-ipv4,blocklist.de|imap|pop3|brute-force|spam|mail|ziyadnz|hourly,2026-08-17T18:48:05Z,2026-08-17T18:48:05Z,
27.39.130.144,ipv4,imap-attack,high,WHITE,blocklist.de/imap|blocklist.de/all|blocklist.de/mail|ziyadnz/hourly-ipv4,blocklist.de|imap|pop3|brute-force|spam|mail|ziyadnz|hourly,2026-08-17T18:48:05Z,2026-08-17T18:48:05Z,
27.49.19.35,ipv4,imap-attack,high,WHITE,blocklist.de/imap|blocklist.de/all|blocklist.de/mail|ziyadnz/hourly-ipv4,blocklist.de|imap|pop3|brute-force|spam|mail|ziyadnz|hourly,2026-08-17T18:48:05Z,2026-08-17T18:48:05Z,
27.54.162.43,ipv4,imap-attack,high,WHITE,blocklist.de/imap|blocklist.de/all|blocklist.de/mail|ziyadnz/hourly-ipv4,blocklist.de|imap|pop3|brute-force|spam|mail|ziyadnz|hourly,2026-08-17T18:48:05Z,2026-08-17T18:48:05Z,
27.71.60.22,ipv4,imap-attack,high,WHITE,blocklist.de/imap|blocklist.de/all|blocklist.de/mail|ziyadnz/hourly-ipv4,blocklist.de|imap|pop3|brute-force|spam|mail|ziyadnz|hourly,2026-08-17T18:48:05Z,2026-08-17T18:48:05Z,
2a01:4f9:6a:512a::2,ipv4,imap-attack,high,WHITE,blocklist.de/imap|blocklist.de/all|blocklist.de/mail,blocklist.de|imap|pop3|brute-force|spam|mail|ziyadnz|hourly,2026-08-17T18:48:05Z,2026-08-17T18:48:05Z,
2a01:599:a2f:23da:d4fa:f76e:4a0b:55ae,ipv4,imap-attack,high,WHITE,blocklist.de/imap|blocklist.de/all|blocklist.de/mail,blocklist.de|imap|pop3|brute-force|spam|mail|ziyadnz|hourly,2026-08-17T18:48:05Z,2026-08-17T18:48:05Z,
3.130.168.2,ipv4,imap-attack,high,WHITE,blocklist.de/imap|blocklist.de/all|blocklist.de/mail|ziyadnz/hourly-ipv4,blocklist.de|imap|pop3|brute-force|spam|mail|ziyadnz|hourly,2026-08-17T18:48:05Z,2026-08-17T18:48:05Z,
31.120.188.217,ipv4,imap-attack,high,WHITE,blocklist.de/imap|blocklist.de/all|blocklist.de/mail|ziyadnz/hourly-ipv4,blocklist.de|imap|pop3|brute-force|spam|mail|ziyadnz|hourly,2026-08-17T18:48:05Z,2026-08-17T18:48:05Z,
31.134.100.55,ipv4,imap-attack,high,WHITE,blocklist.de/imap|blocklist.de/all|blocklist.de/mail|ziyadnz/hourly-ipv4,blocklist.de|imap|pop3|brute-force|spam|mail|ziyadnz|hourly,2026-08-17T18:48:05Z,2026-08-17T18:48:05Z,
31.134.101.69,ipv4,imap-attack,high,WHITE,blocklist.de/imap|blocklist.de/all|blocklist.de/mail|ziyadnz/hourly-ipv4,blocklist.de|imap|pop3|brute-force|spam|mail|ziyadnz|hourly,2026-08-17T18:48:05Z,2026-08-17T18:48:05Z,
31.134.98.210,ipv4,imap-attack,high,WHITE,blocklist.de/imap|blocklist.de/all|blocklist.de/mail|ziyadnz/hourly-ipv4,blocklist.de|imap|pop3|brute-force|spam|mail|ziyadnz|hourly,2026-08-17T18:48:05Z,2026-08-17T18:48:05Z,
31.134.99.130,ipv4,imap-attack,high,WHITE,blocklist.de/imap|blocklist.de/all|blocklist.de/mail|ziyadnz/hourly-ipv4,blocklist.de|imap|pop3|brute-force|spam|mail|ziyadnz|hourly,2026-08-17T18:48:05Z,2026-08-17T18:48:05Z,
31.140.129.37,ipv4,imap-attack,high,WHITE,blocklist.de/imap|blocklist.de/all|blocklist.de/mail|ziyadnz/hourly-ipv4,blocklist.de|imap|pop3|brute-force|spam|mail|ziyadnz|hourly,2026-08-17T18:48:05Z,2026-08-17T18:48:05Z,
31.152.187.108,ipv4,imap-attack,high,WHITE,blocklist.de/imap|blocklist.de/all|blocklist.de/mail|ziyadnz/hourly-ipv4,blocklist.de|imap|pop3|brute-force|spam|mail|ziyadnz|hourly,2026-08-17T18:48:05Z,2026-08-17T18:48:05Z,
31.171.125.179,ipv4,imap-attack,high,WHITE,blocklist.de/imap|blocklist.de/all|blocklist.de/mail|ziyadnz/hourly-ipv4,blocklist.de|imap|pop3|brute-force|spam|mail|ziyadnz|hourly,2026-08-17T18:48:05Z,2026-08-17T18:48:05Z,
31.172.188.70,ipv4,imap-attack,high,WHITE,blocklist.de/imap|blocklist.de/all|blocklist.de/mail|ziyadnz/hourly-ipv4,blocklist.de|imap|pop3|brute-force|spam|mail|ziyadnz|hourly,2026-08-17T18:48:05Z,2026-08-17T18:48:05Z,
31.173.0.26,ipv4,imap-attack,high,WHITE,blocklist.de/imap|blocklist.de/all|blocklist.de/mail|ziyadnz/hourly-ipv4,blocklist.de|imap|pop3|brute-force|spam|mail|ziyadnz|hourly,2026-08-17T18:48:05Z,2026-08-17T18:48:05Z,
31.173.0.46,ipv4,imap-attack,high,WHITE,blocklist.de/imap|blocklist.de/all|blocklist.de/mail|ziyadnz/hourly-ipv4,blocklist.de|imap|pop3|brute-force|spam|mail|ziyadnz|hourly,2026-08-17T18:48:05Z,2026-08-17T18:48:05Z,
31.173.12.27,ipv4,imap-attack,high,WHITE,blocklist.de/imap|blocklist.de/all|blocklist.de/mail|ziyadnz/hourly-ipv4,blocklist.de|imap|pop3|brute-force|spam|mail|ziyadnz|hourly,2026-08-17T18:48:05Z,2026-08-17T18:48:05Z,
31.173.2.33,ipv4,imap-attack,high,WHITE,blocklist.de/imap|blocklist.de/all|blocklist.de/mail|ziyadnz/hourly-ipv4,blocklist.de|imap|pop3|brute-force|spam|mail|ziyadnz|hourly,2026-08-17T18:48:05Z,2026-08-17T18:48:05Z,
31.173.21.229,ipv4,imap-attack,high,WHITE,blocklist.de/imap|blocklist.de/all|blocklist.de/mail|ziyadnz/hourly-ipv4,blocklist.de|imap|pop3|brute-force|spam|mail|ziyadnz|hourly,2026-08-17T18:48:05Z,2026-08-17T18:48:05Z,
31.173.6.166,ipv4,imap-attack,high,WHITE,blocklist.de/imap|blocklist.de/all|blocklist.de/mail|ziyadnz/hourly-ipv4,blocklist.de|imap|pop3|brute-force|spam|mail|ziyadnz|hourly,2026-08-17T18:48:05Z,2026-08-17T18:48:05Z,
31.173.7.121,ipv4,imap-attack,high,WHITE,blocklist.de/imap|blocklist.de/all|blocklist.de/mail|ziyadnz/hourly-ipv4,blocklist.de|imap|pop3|brute-force|spam|mail|ziyadnz|hourly,2026-08-17T18:48:05Z,2026-08-17T18:48:05Z,
31.179.228.125,ipv4,imap-attack,high,WHITE,blocklist.de/imap|blocklist.de/all|blocklist.de/mail|ziyadnz/hourly-ipv4,blocklist.de|imap|pop3|brute-force|spam|mail|ziyadnz|hourly,2026-08-17T18:48:05Z,2026-08-17T18:48:05Z,
31.179.228.192,ipv4,imap-attack,high,WHITE,blocklist.de/imap|blocklist.de/all|blocklist.de/mail|ziyadnz/hourly-ipv4,blocklist.de|imap|pop3|brute-force|spam|mail|ziyadnz|hourly,2026-08-17T18:48:05Z,2026-08-17T18:48:05Z,
31.179.228.21,ipv4,imap-attack,high,WHITE,blocklist.de/imap|blocklist.de/all|blocklist.de/mail|ziyadnz/hourly-ipv4,blocklist.de|imap|pop3|brute-force|spam|mail|ziyadnz|hourly,2026-08-17T18:48:05Z,2026-08-17T18:48:05Z,
31.201.92.3,ipv4,imap-attack,high,WHITE,blocklist.de/imap|blocklist.de/all|blocklist.de/mail|ziyadnz/hourly-ipv4,blocklist.de|imap|pop3|brute-force|spam|mail|ziyadnz|hourly,2026-08-17T18:48:05Z,2026-08-17T18:48:05Z,
31.208.242.130,ipv4,imap-attack,high,WHITE,blocklist.de/imap|blocklist.de/all|blocklist.de/mail|ziyadnz/hourly-ipv4,blocklist.de|imap|pop3|brute-force|spam|mail|ziyadnz|hourly,2026-08-17T18:48:05Z,2026-08-17T18:48:05Z,
31.208.53.209,ipv4,imap-attack,high,WHITE,blocklist.de/imap|blocklist.de/all|blocklist.de/mail|ziyadnz/hourly-ipv4,blocklist.de|imap|pop3|brute-force|spam|mail|ziyadnz|hourly,2026-08-17T18:48:05Z,2026-08-17T18:48:05Z,
31.208.54.38,ipv4,imap-attack,high,WHITE,blocklist.de/imap|blocklist.de/all|blocklist.de/mail|ziyadnz/hourly-ipv4,blocklist.de|imap|pop3|brute-force|spam|mail|ziyadnz|hourly,2026-08-17T18:48:05Z,2026-08-17T18:48:05Z,
31.208.55.106,ipv4,imap-attack,high,WHITE,blocklist.de/imap|blocklist.de/all|blocklist.de/mail|ziyadnz/hourly-ipv4,blocklist.de|imap|pop3|brute-force|spam|mail|ziyadnz|hourly,2026-08-17T18:48:05Z,2026-08-17T18:48:05Z,
31.208.81.75,ipv4,imap-attack,high,WHITE,blocklist.de/imap|blocklist.de/all|blocklist.de/mail|ziyadnz/hourly-ipv4,blocklist.de|imap|pop3|brute-force|spam|mail|ziyadnz|hourly,2026-08-17T18:48:05Z,2026-08-17T18:48:05Z,
31.222.11.63,ipv4,imap-attack,high,WHITE,blocklist.de/imap|blocklist.de/all|blocklist.de/mail|ziyadnz/hourly-ipv4,blocklist.de|imap|pop3|brute-force|spam|mail|ziyadnz|hourly,2026-08-17T18:48:05Z,2026-08-17T18:48:05Z,
31.222.11.87,ipv4,imap-attack,high,WHITE,blocklist.de/imap|blocklist.de/all|blocklist.de/mail|ziyadnz/hourly-ipv4,blocklist.de|imap|pop3|brute-force|spam|mail|ziyadnz|hourly,2026-08-17T18:48:05Z,2026-08-17T18:48:05Z,
31.222.12.182,ipv4,imap-attack,high,WHITE,blocklist.de/imap|blocklist.de/all|blocklist.de/mail|ziyadnz/hourly-ipv4,blocklist.de|imap|pop3|brute-force|spam|mail|ziyadnz|hourly,2026-08-17T18:48:05Z,2026-08-17T18:48:05Z,
31.222.12.5,ipv4,imap-attack,high,WHITE,blocklist.de/imap|blocklist.de/all|blocklist.de/mail|ziyadnz/hourly-ipv4,blocklist.de|imap|pop3|brute-force|spam|mail|ziyadnz|hourly,2026-08-17T18:48:05Z,2026-08-17T18:48:05Z,
31.222.6.221,ipv4,imap-attack,high,WHITE,blocklist.de/imap|blocklist.de/all|blocklist.de/mail|ziyadnz/hourly-ipv4,blocklist.de|imap|pop3|brute-force|spam|mail|ziyadnz|hourly,2026-08-17T18:48:05Z,2026-08-17T18:48:05Z,
31.222.6.222,ipv4,imap-attack,high,WHITE,blocklist.de/imap|blocklist.de/all|blocklist.de/mail|ziyadnz/hourly-ipv4,blocklist.de|imap|pop3|brute-force|spam|mail|ziyadnz|hourly,2026-08-17T18:48:05Z,2026-08-17T18:48:05Z,
31.222.8.179,ipv4,imap-attack,high,WHITE,blocklist.de/imap|blocklist.de/all|blocklist.de/mail|ziyadnz/hourly-ipv4,blocklist.de|imap|pop3|brute-force|spam|mail|ziyadnz|hourly,2026-08-17T18:48:05Z,2026-08-17T18:48:05Z,
31.28.253.144,ipv4,imap-attack,high,WHITE,blocklist.de/imap|blocklist.de/all|blocklist.de/mail|ziyadnz/hourly-ipv4,blocklist.de|imap|pop3|brute-force|spam|mail|ziyadnz|hourly,2026-08-17T18:48:05Z,2026-08-17T18:48:05Z,
31.57.184.42,ipv4,imap-attack,high,WHITE,blocklist.de/imap|blocklist.de/all|blocklist.de/mail|ziyadnz/hourly-ipv4,blocklist.de|imap|pop3|brute-force|spam|mail|ziyadnz|hourly,2026-08-17T18:48:05Z,2026-08-17T18:48:05Z,
31.59.89.50,ipv4,imap-attack,high,WHITE,blocklist.de/imap|blocklist.de/all|blocklist.de/mail|ziyadnz/hourly-ipv4,blocklist.de|imap|pop3|brute-force|spam|mail|ziyadnz|hourly,2026-08-17T18:48:05Z,2026-08-17T18:48:05Z,
31.59.89.54,ipv4,imap-attack,high,WHITE,blocklist.de/imap|blocklist.de/all|blocklist.de/mail|ziyadnz/hourly-ipv4,blocklist.de|imap|pop3|brute-force|spam|mail|ziyadnz|hourly,2026-08-17T18:48:05Z,2026-08-17T18:48:05Z,
31.70.91.79,ipv4,imap-attack,high,WHITE,blocklist.de/imap|blocklist.de/all|blocklist.de/mail|ziyadnz/hourly-ipv4,blocklist.de|imap|pop3|brute-force|spam|mail|ziyadnz|hourly,2026-08-17T18:48:05Z,2026-08-17T18:48:05Z,
32.216.181.120,ipv4,imap-attack,high,WHITE,blocklist.de/imap|blocklist.de/all|blocklist.de/mail|ziyadnz/hourly-ipv4,blocklist.de|imap|pop3|brute-force|spam|mail|ziyadnz|hourly,2026-08-17T18:48:05Z,2026-08-17T18:48:05Z,
34.130.246.165,ipv4,imap-attack,high,WHITE,blocklist.de/imap|blocklist.de/all|blocklist.de/mail|ziyadnz/hourly-ipv4,blocklist.de|imap|pop3|brute-force|spam|mail|ziyadnz|hourly,2026-08-17T18:48:05Z,2026-08-17T18:48:05Z,
34.19.207.98,ipv4,imap-attack,high,WHITE,blocklist.de/imap|blocklist.de/all|blocklist.de/mail|ziyadnz/hourly-ipv4,blocklist.de|imap|pop3|brute-force|spam|mail|ziyadnz|hourly,2026-08-17T18:48:05Z,2026-08-17T18:48:05Z,
34.34.131.240,ipv4,imap-attack,high,WHITE,blocklist.de/imap|blocklist.de/all|blocklist.de/mail|ziyadnz/hourly-ipv4,blocklist.de|imap|pop3|brute-force|spam|mail|ziyadnz|hourly,2026-08-17T18:48:05Z,2026-08-17T18:48:05Z,
34.41.211.48,ipv4,imap-attack,high,WHITE,blocklist.de/imap|blocklist.de/all|blocklist.de/mail|ziyadnz/hourly-ipv4,blocklist.de|imap|pop3|brute-force|spam|mail|ziyadnz|hourly,2026-08-17T18:48:05Z,2026-08-17T18:48:05Z,
34.77.78.20,ipv4,imap-attack,high,WHITE,blocklist.de/imap|blocklist.de/all|blocklist.de/mail|ziyadnz/hourly-ipv4,blocklist.de|imap|pop3|brute-force|spam|mail|ziyadnz|hourly,2026-08-17T18:48:05Z,2026-08-17T18:48:05Z,
34.78.121.137,ipv4,imap-attack,high,WHITE,blocklist.de/imap|blocklist.de/all|blocklist.de/mail|ziyadnz/hourly-ipv4,blocklist.de|imap|pop3|brute-force|spam|mail|ziyadnz|hourly,2026-08-17T18:48:05Z,2026-08-17T18:48:05Z,
35.130.111.98,ipv4,imap-attack,high,WHITE,blocklist.de/imap|blocklist.de/all|blocklist.de/mail|ziyadnz/hourly-ipv4,blocklist.de|imap|pop3|brute-force|spam|mail|ziyadnz|hourly,2026-08-17T18:48:05Z,2026-08-17T18:48:05Z,
35.135.250.188,ipv4,imap-attack,high,WHITE,blocklist.de/imap|blocklist.de/all|blocklist.de/mail|ziyadnz/hourly-ipv4,blocklist.de|imap|pop3|brute-force|spam|mail|ziyadnz|hourly,2026-08-17T18:48:05Z,2026-08-17T18:48:05Z,
35.205.64.227,ipv4,imap-attack,high,WHITE,blocklist.de/imap|blocklist.de/all|blocklist.de/mail|ziyadnz/hourly-ipv4,blocklist.de|imap|pop3|brute-force|spam|mail|ziyadnz|hourly,2026-08-17T18:48:05Z,2026-08-17T18:48:05Z,
35.230.73.138,ipv4,imap-attack,high,WHITE,blocklist.de/imap|blocklist.de/all|blocklist.de/mail|ziyadnz/hourly-ipv4,blocklist.de|imap|pop3|brute-force|spam|mail|ziyadnz|hourly,2026-08-17T18:48:05Z,2026-08-17T18:48:05Z,
36.132.228.148,ipv4,imap-attack,high,WHITE,blocklist.de/imap|blocklist.de/all|blocklist.de/mail|ziyadnz/hourly-ipv4,blocklist.de|imap|pop3|brute-force|spam|mail|ziyadnz|hourly,2026-08-17T18:48:05Z,2026-08-17T18:48:05Z,
36.135.100.46,ipv4,imap-attack,high,WHITE,blocklist.de/imap|blocklist.de/all|blocklist.de/mail|ziyadnz/hourly-ipv4,blocklist.de|imap|pop3|brute-force|spam|mail|ziyadnz|hourly,2026-08-17T18:48:05Z,2026-08-17T18:48:05Z,
36.135.100.48,ipv4,imap-attack,high,WHITE,blocklist.de/imap|blocklist.de/all|blocklist.de/mail|ziyadnz/hourly-ipv4,blocklist.de|imap|pop3|brute-force|spam|mail|ziyadnz|hourly,2026-08-17T18:48:05Z,2026-08-17T18:48:05Z,
36.135.107.57,ipv4,imap-attack,high,WHITE,blocklist.de/imap|blocklist.de/all|blocklist.de/mail|ziyadnz/hourly-ipv4,blocklist.de|imap|pop3|brute-force|spam|mail|ziyadnz|hourly,2026-08-17T18:48:05Z,2026-08-17T18:48:05Z,
36.135.62.103,ipv4,imap-attack,high,WHITE,blocklist.de/imap|blocklist.de/all|blocklist.de/mail|ziyadnz/hourly-ipv4,blocklist.de|imap|pop3|brute-force|spam|mail|ziyadnz|hourly,2026-08-17T18:48:05Z,2026-08-17T18:48:05Z,
36.135.62.85,ipv4,imap-attack,high,WHITE,blocklist.de/imap|blocklist.de/all|blocklist.de/mail|ziyadnz/hourly-ipv4,blocklist.de|imap|pop3|brute-force|spam|mail|ziyadnz|hourly,2026-08-17T18:48:05Z,2026-08-17T18:48:05Z,
36.135.62.89,ipv4,imap-attack,high,WHITE,blocklist.de/imap|blocklist.de/all|blocklist.de/mail|ziyadnz/hourly-ipv4,blocklist.de|imap|pop3|brute-force|spam|mail|ziyadnz|hourly,2026-08-17T18:48:05Z,2026-08-17T18:48:05Z,
36.135.62.95,ipv4,imap-attack,high,WHITE,blocklist.de/imap|blocklist.de/all|blocklist.de/mail|ziyadnz/hourly-ipv4,blocklist.de|imap|pop3|brute-force|spam|mail|ziyadnz|hourly,2026-08-17T18:48:05Z,2026-08-17T18:48:05Z,
36.135.62.97,ipv4,imap-attack,high,WHITE,blocklist.de/imap|blocklist.de/all|blocklist.de/mail|ziyadnz/hourly-ipv4,blocklist.de|imap|pop3|brute-force|spam|mail|ziyadnz|hourly,2026-08-17T18:48:05Z,2026-08-17T18:48:05Z,
36.135.92.36,ipv4,imap-attack,high,WHITE,blocklist.de/imap|blocklist.de/all|blocklist.de/mail|ziyadnz/hourly-ipv4,blocklist.de|imap|pop3|brute-force|spam|mail|ziyadnz|hourly,2026-08-17T18:48:05Z,2026-08-17T18:48:05Z,
36.135.93.37,ipv4,imap-attack,high,WHITE,blocklist.de/imap|blocklist.de/all|blocklist.de/mail|ziyadnz/hourly-ipv4,blocklist.de|imap|pop3|brute-force|spam|mail|ziyadnz|hourly,2026-08-17T18:48:05Z,2026-08-17T18:48:05Z,
36.151.68.6,ipv4,imap-attack,high,WHITE,blocklist.de/imap|blocklist.de/all|blocklist.de/mail|ziyadnz/hourly-ipv4,blocklist.de|imap|pop3|brute-force|spam|mail|ziyadnz|hourly,2026-08-17T18:48:05Z,2026-08-17T18:48:05Z,
36.151.68.7,ipv4,imap-attack,high,WHITE,blocklist.de/imap|blocklist.de/all|blocklist.de/mail|ziyadnz/hourly-ipv4,blocklist.de|imap|pop3|brute-force|spam|mail|ziyadnz|hourly,2026-08-17T18:48:05Z,2026-08-17T18:48:05Z,
36.153.41.66,ipv4,imap-attack,high,WHITE,blocklist.de/imap|blocklist.de/all|blocklist.de/mail|ziyadnz/hourly-ipv4,blocklist.de|imap|pop3|brute-force|spam|mail|ziyadnz|hourly,2026-08-17T18:48:05Z,2026-08-17T18:48:05Z,
36.154.237.94,ipv4,imap-attack,high,WHITE,blocklist.de/imap|blocklist.de/all|blocklist.de/mail|ziyadnz/hourly-ipv4,blocklist.de|imap|pop3|brute-force|spam|mail|ziyadnz|hourly,2026-08-17T18:48:05Z,2026-08-17T18:48:05Z,
36.249.60.142,ipv4,imap-attack,high,WHITE,blocklist.de/imap|blocklist.de/all|blocklist.de/mail|ziyadnz/hourly-ipv4,blocklist.de|imap|pop3|brute-force|spam|mail|ziyadnz|hourly,2026-08-17T18:48:05Z,2026-08-17T18:48:05Z,
36.255.97.102,ipv4,imap-attack,high,WHITE,blocklist.de/imap|blocklist.de/all|blocklist.de/mail|ziyadnz/hourly-ipv4,blocklist.de|imap|pop3|brute-force|spam|mail|ziyadnz|hourly,2026-08-17T18:48:05Z,2026-08-17T18:48:05Z,
36.37.203.28,ipv4,imap-attack,high,WHITE,blocklist.de/imap|blocklist.de/all|blocklist.de/mail|ziyadnz/hourly-ipv4,blocklist.de|imap|pop3|brute-force|spam|mail|ziyadnz|hourly,2026-08-17T18:48:05Z,2026-08-17T18:48:05Z,
36.42.67.114,ipv4,imap-attack,high,WHITE,blocklist.de/imap|blocklist.de/all|blocklist.de/mail|ziyadnz/hourly-ipv4,blocklist.de|imap|pop3|brute-force|spam|mail|ziyadnz|hourly,2026-08-17T18:48:05Z,2026-08-17T18:48:05Z,
36.65.95.232,ipv4,imap-attack,high,WHITE,blocklist.de/imap|blocklist.de/all|blocklist.de/mail|ziyadnz/hourly-ipv4,blocklist.de|imap|pop3|brute-force|spam|mail|ziyadnz|hourly,2026-08-17T18:48:05Z,2026-08-17T18:48:05Z,
36.74.214.142,ipv4,imap-attack,high,WHITE,blocklist.de/imap|blocklist.de/all|blocklist.de/mail,blocklist.de|imap|pop3|brute-force|spam|mail|ziyadnz|hourly,2026-08-17T18:48:05Z,2026-08-17T18:48:05Z,
36.79.231.237,ipv4,imap-attack,high,WHITE,blocklist.de/imap|blocklist.de/all|blocklist.de/mail|ziyadnz/hourly-ipv4,blocklist.de|imap|pop3|brute-force|spam|mail|ziyadnz|hourly,2026-08-17T18:48:05Z,2026-08-17T18:48:05Z,
36.85.221.200,ipv4,imap-attack,high,WHITE,blocklist.de/imap|blocklist.de/all|blocklist.de/mail|ziyadnz/hourly-ipv4,blocklist.de|imap|pop3|brute-force|spam|mail|ziyadnz|hourly,2026-08-17T18:48:05Z,2026-08-17T18:48:05Z,
37.111.213.53,ipv4,imap-attack,high,WHITE,blocklist.de/imap|blocklist.de/all|blocklist.de/mail|ziyadnz/hourly-ipv4,blocklist.de|imap|pop3|brute-force|spam|mail|ziyadnz|hourly,2026-08-17T18:48:05Z,2026-08-17T18:48:05Z,
37.157.91.62,ipv4,imap-attack,high,WHITE,blocklist.de/imap|blocklist.de/all|blocklist.de/mail|ziyadnz/hourly-ipv4,blocklist.de|imap|pop3|brute-force|spam|mail|ziyadnz|hourly,2026-08-17T18:48:05Z,2026-08-17T18:48:05Z,
37.202.72.194,ipv4,imap-attack,high,WHITE,blocklist.de/imap|blocklist.de/all|blocklist.de/mail|ziyadnz/hourly-ipv4,blocklist.de|imap|pop3|brute-force|spam|mail|ziyadnz|hourly,2026-08-17T18:48:05Z,2026-08-17T18:48:05Z,
37.203.48.61,ipv4,imap-attack,high,WHITE,blocklist.de/imap|blocklist.de/all|blocklist.de/mail|ziyadnz/hourly-ipv4,blocklist.de|imap|pop3|brute-force|spam|mail|ziyadnz|hourly,2026-08-17T18:48:05Z,2026-08-17T18:48:05Z,
37.203.49.121,ipv4,imap-attack,high,WHITE,blocklist.de/imap|blocklist.de/all|blocklist.de/mail|ziyadnz/hourly-ipv4,blocklist.de|imap|pop3|brute-force|spam|mail|ziyadnz|hourly,2026-08-17T18:48:05Z,2026-08-17T18:48:05Z,
37.203.49.126,ipv4,imap-attack,high,WHITE,blocklist.de/imap|blocklist.de/all|blocklist.de/mail|ziyadnz/hourly-ipv4,blocklist.de|imap|pop3|brute-force|spam|mail|ziyadnz|hourly,2026-08-17T18:48:05Z,2026-08-17T18:48:05Z,
37.203.49.129,ipv4,imap-attack,high,WHITE,blocklist.de/imap|blocklist.de/all|blocklist.de/mail|ziyadnz/hourly-ipv4,blocklist.de|imap|pop3|brute-force|spam|mail|ziyadnz|hourly,2026-08-17T18:48:05Z,2026-08-17T18:48:05Z,
37.203.52.22,ipv4,imap-attack,high,WHITE,blocklist.de/imap|blocklist.de/all|blocklist.de/mail|ziyadnz/hourly-ipv4,blocklist.de|imap|pop3|brute-force|spam|mail|ziyadnz|hourly,2026-08-17T18:48:05Z,2026-08-17T18:48:05Z,
37.203.52.38,ipv4,imap-attack,high,WHITE,blocklist.de/imap|blocklist.de/all|blocklist.de/mail|ziyadnz/hourly-ipv4,blocklist.de|imap|pop3|brute-force|spam|mail|ziyadnz|hourly,2026-08-17T18:48:05Z,2026-08-17T18:48:05Z,
37.204.22.234,ipv4,imap-attack,high,WHITE,blocklist.de/imap|blocklist.de/all|blocklist.de/mail|ziyadnz/hourly-ipv4,blocklist.de|imap|pop3|brute-force|spam|mail|ziyadnz|hourly,2026-08-17T18:48:05Z,2026-08-17T18:48:05Z,
37.208.46.134,ipv4,imap-attack,high,WHITE,blocklist.de/imap|blocklist.de/all|blocklist.de/mail|ziyadnz/hourly-ipv4,blocklist.de|imap|pop3|brute-force|spam|mail|ziyadnz|hourly,2026-08-17T18:48:05Z,2026-08-17T18:48:05Z,
37.212.80.119,ipv4,imap-attack,high,WHITE,blocklist.de/imap|blocklist.de/all|blocklist.de/mail|ziyadnz/hourly-ipv4,blocklist.de|imap|pop3|brute-force|spam|mail|ziyadnz|hourly,2026-08-17T18:48:05Z,2026-08-17T18:48:05Z,
37.215.137.219,ipv4,imap-attack,high,WHITE,blocklist.de/imap|blocklist.de/all|blocklist.de/mail|ziyadnz/hourly-ipv4,blocklist.de|imap|pop3|brute-force|spam|mail|ziyadnz|hourly,2026-08-17T18:48:05Z,2026-08-17T18:48:05Z,
37.221.128.1,ipv4,imap-attack,high,WHITE,blocklist.de/imap|blocklist.de/all|blocklist.de/mail|ziyadnz/hourly-ipv4,blocklist.de|imap|pop3|brute-force|spam|mail|ziyadnz|hourly,2026-08-17T18:48:05Z,2026-08-17T18:48:05Z,
37.221.128.240,ipv4,imap-attack,high,WHITE,blocklist.de/imap|blocklist.de/all|blocklist.de/mail|ziyadnz/hourly-ipv4,blocklist.de|imap|pop3|brute-force|spam|mail|ziyadnz|hourly,2026-08-17T18:48:05Z,2026-08-17T18:48:05Z,
37.221.131.116,ipv4,imap-attack,high,WHITE,blocklist.de/imap|blocklist.de/all|blocklist.de/mail|ziyadnz/hourly-ipv4,blocklist.de|imap|pop3|brute-force|spam|mail|ziyadnz|hourly,2026-08-17T18:48:05Z,2026-08-17T18:48:05Z,
37.221.131.237,ipv4,imap-attack,high,WHITE,blocklist.de/imap|blocklist.de/all|blocklist.de/mail|ziyadnz/hourly-ipv4,blocklist.de|imap|pop3|brute-force|spam|mail|ziyadnz|hourly,2026-08-17T18:48:05Z,2026-08-17T18:48:05Z,
37.221.132.108,ipv4,imap-attack,high,WHITE,blocklist.de/imap|blocklist.de/all|blocklist.de/mail|ziyadnz/hourly-ipv4,blocklist.de|imap|pop3|brute-force|spam|mail|ziyadnz|hourly,2026-08-17T18:48:05Z,2026-08-17T18:48:05Z,
37.221.132.149,ipv4,imap-attack,high,WHITE,blocklist.de/imap|blocklist.de/all|blocklist.de/mail|ziyadnz/hourly-ipv4,blocklist.de|imap|pop3|brute-force|spam|mail|ziyadnz|hourly,2026-08-17T18:48:05Z,2026-08-17T18:48:05Z,
37.221.132.199,ipv4,imap-attack,high,WHITE,blocklist.de/imap|blocklist.de/all|blocklist.de/mail|ziyadnz/hourly-ipv4,blocklist.de|imap|pop3|brute-force|spam|mail|ziyadnz|hourly,2026-08-17T18:48:05Z,2026-08-17T18:48:05Z,
37.221.132.96,ipv4,imap-attack,high,WHITE,blocklist.de/imap|blocklist.de/all|blocklist.de/mail|ziyadnz/hourly-ipv4,blocklist.de|imap|pop3|brute-force|spam|mail|ziyadnz|hourly,2026-08-17T18:48:05Z,2026-08-17T18:48:05Z,
37.221.133.111,ipv4,imap-attack,high,WHITE,blocklist.de/imap|blocklist.de/all|blocklist.de/mail|ziyadnz/hourly-ipv4,blocklist.de|imap|pop3|brute-force|spam|mail|ziyadnz|hourly,2026-08-17T18:48:05Z,2026-08-17T18:48:05Z,
37.221.133.142,ipv4,imap-attack,high,WHITE,blocklist.de/imap|blocklist.de/all|blocklist.de/mail|ziyadnz/hourly-ipv4,blocklist.de|imap|pop3|brute-force|spam|mail|ziyadnz|hourly,2026-08-17T18:48:05Z,2026-08-17T18:48:05Z,
37.221.134.105,ipv4,imap-attack,high,WHITE,blocklist.de/imap|blocklist.de/all|blocklist.de/mail|ziyadnz/hourly-ipv4,blocklist.de|imap|pop3|brute-force|spam|mail|ziyadnz|hourly,2026-08-17T18:48:05Z,2026-08-17T18:48:05Z,
37.221.134.198,ipv4,imap-attack,high,WHITE,blocklist.de/imap|blocklist.de/all|blocklist.de/mail|ziyadnz/hourly-ipv4,blocklist.de|imap|pop3|brute-force|spam|mail|ziyadnz|hourly,2026-08-17T18:48:05Z,2026-08-17T18:48:05Z,
37.221.134.204,ipv4,imap-attack,high,WHITE,blocklist.de/imap|blocklist.de/all|blocklist.de/mail|ziyadnz/hourly-ipv4,blocklist.de|imap|pop3|brute-force|spam|mail|ziyadnz|hourly,2026-08-17T18:48:05Z,2026-08-17T18:48:05Z,
37.221.134.25,ipv4,imap-attack,high,WHITE,blocklist.de/imap|blocklist.de/all|blocklist.de/mail|ziyadnz/hourly-ipv4,blocklist.de|imap|pop3|brute-force|spam|mail|ziyadnz|hourly,2026-08-17T18:48:05Z,2026-08-17T18:48:05Z,
37.221.134.38,ipv4,imap-attack,high,WHITE,blocklist.de/imap|blocklist.de/all|blocklist.de/mail|ziyadnz/hourly-ipv4,blocklist.de|imap|pop3|brute-force|spam|mail|ziyadnz|hourly,2026-08-17T18:48:05Z,2026-08-17T18:48:05Z,
37.221.134.82,ipv4,imap-attack,high,WHITE,blocklist.de/imap|blocklist.de/all|blocklist.de/mail|ziyadnz/hourly-ipv4,blocklist.de|imap|pop3|brute-force|spam|mail|ziyadnz|hourly,2026-08-17T18:48:05Z,2026-08-17T18:48:05Z,
37.221.134.93,ipv4,imap-attack,high,WHITE,blocklist.de/imap|blocklist.de/all|blocklist.de/mail|ziyadnz/hourly-ipv4,blocklist.de|imap|pop3|brute-force|spam|mail|ziyadnz|hourly,2026-08-17T18:48:05Z,2026-08-17T18:48:05Z,
37.221.135.57,ipv4,imap-attack,high,WHITE,blocklist.de/imap|blocklist.de/all|blocklist.de/mail|ziyadnz/hourly-ipv4,blocklist.de|imap|pop3|brute-force|spam|mail|ziyadnz|hourly,2026-08-17T18:48:05Z,2026-08-17T18:48:05Z,
37.221.136.6,ipv4,imap-attack,high,WHITE,blocklist.de/imap|blocklist.de/all|blocklist.de/mail|ziyadnz/hourly-ipv4,blocklist.de|imap|pop3|brute-force|spam|mail|ziyadnz|hourly,2026-08-17T18:48:05Z,2026-08-17T18:48:05Z,
37.221.136.78,ipv4,imap-attack,high,WHITE,blocklist.de/imap|blocklist.de/all|blocklist.de/mail|ziyadnz/hourly-ipv4,blocklist.de|imap|pop3|brute-force|spam|mail|ziyadnz|hourly,2026-08-17T18:48:05Z,2026-08-17T18:48:05Z,
37.221.137.136,ipv4,imap-attack,high,WHITE,blocklist.de/imap|blocklist.de/all|blocklist.de/mail|ziyadnz/hourly-ipv4,blocklist.de|imap|pop3|brute-force|spam|mail|ziyadnz|hourly,2026-08-17T18:48:05Z,2026-08-17T18:48:05Z,
37.221.137.66,ipv4,imap-attack,high,WHITE,blocklist.de/imap|blocklist.de/all|blocklist.de/mail|ziyadnz/hourly-ipv4,blocklist.de|imap|pop3|brute-force|spam|mail|ziyadnz|hourly,2026-08-17T18:48:05Z,2026-08-17T18:48:05Z,
37.221.138.141,ipv4,imap-attack,high,WHITE,blocklist.de/imap|blocklist.de/all|blocklist.de/mail|ziyadnz/hourly-ipv4,blocklist.de|imap|pop3|brute-force|spam|mail|ziyadnz|hourly,2026-08-17T18:48:05Z,2026-08-17T18:48:05Z,
37.221.138.212,ipv4,imap-attack,high,WHITE,blocklist.de/imap|blocklist.de/all|blocklist.de/mail|ziyadnz/hourly-ipv4,blocklist.de|imap|pop3|brute-force|spam|mail|ziyadnz|hourly,2026-08-17T18:48:05Z,2026-08-17T18:48:05Z,
37.221.138.44,ipv4,imap-attack,high,WHITE,blocklist.de/imap|blocklist.de/all|blocklist.de/mail|ziyadnz/hourly-ipv4,blocklist.de|imap|pop3|brute-force|spam|mail|ziyadnz|hourly,2026-08-17T18:48:05Z,2026-08-17T18:48:05Z,
37.221.138.75,ipv4,imap-attack,high,WHITE,blocklist.de/imap|blocklist.de/all|blocklist.de/mail|ziyadnz/hourly-ipv4,blocklist.de|imap|pop3|brute-force|spam|mail|ziyadnz|hourly,2026-08-17T18:48:05Z,2026-08-17T18:48:05Z,
37.221.139.144,ipv4,imap-attack,high,WHITE,blocklist.de/imap|blocklist.de/all|blocklist.de/mail|ziyadnz/hourly-ipv4,blocklist.de|imap|pop3|brute-force|spam|mail|ziyadnz|hourly,2026-08-17T18:48:05Z,2026-08-17T18:48:05Z,
37.221.140.119,ipv4,imap-attack,high,WHITE,blocklist.de/imap|blocklist.de/all|blocklist.de/mail|ziyadnz/hourly-ipv4,blocklist.de|imap|pop3|brute-force|spam|mail|ziyadnz|hourly,2026-08-17T18:48:05Z,2026-08-17T18:48:05Z,
37.221.140.141,ipv4,imap-attack,high,WHITE,blocklist.de/imap|blocklist.de/all|blocklist.de/mail|ziyadnz/hourly-ipv4,blocklist.de|imap|pop3|brute-force|spam|mail|ziyadnz|hourly,2026-08-17T18:48:05Z,2026-08-17T18:48:05Z,
37.221.141.20,ipv4,imap-attack,high,WHITE,blocklist.de/imap|blocklist.de/all|blocklist.de/mail|ziyadnz/hourly-ipv4,blocklist.de|imap|pop3|brute-force|spam|mail|ziyadnz|hourly,2026-08-17T18:48:05Z,2026-08-17T18:48:05Z,
37.221.141.202,ipv4,imap-attack,high,WHITE,blocklist.de/imap|blocklist.de/all|blocklist.de/mail|ziyadnz/hourly-ipv4,blocklist.de|imap|pop3|brute-force|spam|mail|ziyadnz|hourly,2026-08-17T18:48:05Z,2026-08-17T18:48:05Z,
37.221.141.45,ipv4,imap-attack,high,WHITE,blocklist.de/imap|blocklist.de/all|blocklist.de/mail|ziyadnz/hourly-ipv4,blocklist.de|imap|pop3|brute-force|spam|mail|ziyadnz|hourly,2026-08-17T18:48:05Z,2026-08-17T18:48:05Z,
37.221.142.39,ipv4,imap-attack,high,WHITE,blocklist.de/imap|blocklist.de/all|blocklist.de/mail|ziyadnz/hourly-ipv4,blocklist.de|imap|pop3|brute-force|spam|mail|ziyadnz|hourly,2026-08-17T18:48:05Z,2026-08-17T18:48:05Z,
37.221.143.137,ipv4,imap-attack,high,WHITE,blocklist.de/imap|blocklist.de/all|blocklist.de/mail|ziyadnz/hourly-ipv4,blocklist.de|imap|pop3|brute-force|spam|mail|ziyadnz|hourly,2026-08-17T18:48:05Z,2026-08-17T18:48:05Z,
37.221.143.227,ipv4,imap-attack,high,WHITE,blocklist.de/imap|blocklist.de/all|blocklist.de/mail|ziyadnz/hourly-ipv4,blocklist.de|imap|pop3|brute-force|spam|mail|ziyadnz|hourly,2026-08-17T18:48:05Z,2026-08-17T18:48:05Z,
37.221.145.128,ipv4,imap-attack,high,WHITE,blocklist.de/imap|blocklist.de/all|blocklist.de/mail|ziyadnz/hourly-ipv4,blocklist.de|imap|pop3|brute-force|spam|mail|ziyadnz|hourly,2026-08-17T18:48:05Z,2026-08-17T18:48:05Z,
37.221.145.233,ipv4,imap-attack,high,WHITE,blocklist.de/imap|blocklist.de/all|blocklist.de/mail|ziyadnz/hourly-ipv4,blocklist.de|imap|pop3|brute-force|spam|mail|ziyadnz|hourly,2026-08-17T18:48:05Z,2026-08-17T18:48:05Z,
37.221.148.138,ipv4,imap-attack,high,WHITE,blocklist.de/imap|blocklist.de/all|blocklist.de/mail|ziyadnz/hourly-ipv4,blocklist.de|imap|pop3|brute-force|spam|mail|ziyadnz|hourly,2026-08-17T18:48:05Z,2026-08-17T18:48:05Z,
37.221.149.128,ipv4,imap-attack,high,WHITE,blocklist.de/imap|blocklist.de/all|blocklist.de/mail|ziyadnz/hourly-ipv4,blocklist.de|imap|pop3|brute-force|spam|mail|ziyadnz|hourly,2026-08-17T18:48:05Z,2026-08-17T18:48:05Z,
37.221.150.81,ipv4,imap-attack,high,WHITE,blocklist.de/imap|blocklist.de/all|blocklist.de/mail|ziyadnz/hourly-ipv4,blocklist.de|imap|pop3|brute-force|spam|mail|ziyadnz|hourly,2026-08-17T18:48:05Z,2026-08-17T18:48:05Z,
37.221.152.102,ipv4,imap-attack,high,WHITE,blocklist.de/imap|blocklist.de/all|blocklist.de/mail|ziyadnz/hourly-ipv4,blocklist.de|imap|pop3|brute-force|spam|mail|ziyadnz|hourly,2026-08-17T18:48:05Z,2026-08-17T18:48:05Z,
37.221.153.183,ipv4,imap-attack,high,WHITE,blocklist.de/imap|blocklist.de/all|blocklist.de/mail|ziyadnz/hourly-ipv4,blocklist.de|imap|pop3|brute-force|spam|mail|ziyadnz|hourly,2026-08-17T18:48:05Z,2026-08-17T18:48:05Z,
37.221.156.8,ipv4,imap-attack,high,WHITE,blocklist.de/imap|blocklist.de/all|blocklist.de/mail|ziyadnz/hourly-ipv4,blocklist.de|imap|pop3|brute-force|spam|mail|ziyadnz|hourly,2026-08-17T18:48:05Z,2026-08-17T18:48:05Z,
37.221.157.119,ipv4,imap-attack,high,WHITE,blocklist.de/imap|blocklist.de/all|blocklist.de/mail|ziyadnz/hourly-ipv4,blocklist.de|imap|pop3|brute-force|spam|mail|ziyadnz|hourly,2026-08-17T18:48:05Z,2026-08-17T18:48:05Z,
37.221.159.145,ipv4,imap-attack,high,WHITE,blocklist.de/imap|blocklist.de/all|blocklist.de/mail|ziyadnz/hourly-ipv4,blocklist.de|imap|pop3|brute-force|spam|mail|ziyadnz|hourly,2026-08-17T18:48:05Z,2026-08-17T18:48:05Z,
37.221.159.43,ipv4,imap-attack,high,WHITE,blocklist.de/imap|blocklist.de/all|blocklist.de/mail|ziyadnz/hourly-ipv4,blocklist.de|imap|pop3|brute-force|spam|mail|ziyadnz|hourly,2026-08-17T18:48:05Z,2026-08-17T18:48:05Z,
37.232.207.65,ipv4,imap-attack,high,WHITE,blocklist.de/imap|blocklist.de/all|blocklist.de/mail|ziyadnz/hourly-ipv4,blocklist.de|imap|pop3|brute-force|spam|mail|ziyadnz|hourly,2026-08-17T18:48:05Z,2026-08-17T18:48:05Z,
37.236.201.135,ipv4,imap-attack,high,WHITE,blocklist.de/imap|blocklist.de/all|blocklist.de/mail|ziyadnz/hourly-ipv4,blocklist.de|imap|pop3|brute-force|spam|mail|ziyadnz|hourly,2026-08-17T18:48:05Z,2026-08-17T18:48:05Z,
37.255.197.138,ipv4,imap-attack,high,WHITE,blocklist.de/imap|blocklist.de/all|blocklist.de/mail|ziyadnz/hourly-ipv4,blocklist.de|imap|pop3|brute-force|spam|mail|ziyadnz|hourly,2026-08-17T18:48:05Z,2026-08-17T18:48:05Z,
37.255.205.216,ipv4,imap-attack,high,WHITE,blocklist.de/imap|blocklist.de/all|blocklist.de/mail|ziyadnz/hourly-ipv4,blocklist.de|imap|pop3|brute-force|spam|mail|ziyadnz|hourly,2026-08-17T18:48:05Z,2026-08-17T18:48:05Z,
37.255.213.72,ipv4,imap-attack,high,WHITE,blocklist.de/imap|blocklist.de/all|blocklist.de/mail|ziyadnz/hourly-ipv4,blocklist.de|imap|pop3|brute-force|spam|mail|ziyadnz|hourly,2026-08-17T18:48:05Z,2026-08-17T18:48:05Z,
37.255.251.226,ipv4,imap-attack,high,WHITE,blocklist.de/imap|blocklist.de/all|blocklist.de/mail|ziyadnz/hourly-ipv4,blocklist.de|imap|pop3|brute-force|spam|mail|ziyadnz|hourly,2026-08-17T18:48:05Z,2026-08-17T18:48:05Z,
37.34.237.45,ipv4,imap-attack,high,WHITE,blocklist.de/imap|blocklist.de/all|blocklist.de/mail|ziyadnz/hourly-ipv4,blocklist.de|imap|pop3|brute-force|spam|mail|ziyadnz|hourly,2026-08-17T18:48:05Z,2026-08-17T18:48:05Z,
37.52.6.94,ipv4,imap-attack,high,WHITE,blocklist.de/imap|blocklist.de/all|blocklist.de/mail|ziyadnz/hourly-ipv4,blocklist.de|imap|pop3|brute-force|spam|mail|ziyadnz|hourly,2026-08-17T18:48:05Z,2026-08-17T18:48:05Z,
37.61.156.171,ipv4,imap-attack,high,WHITE,blocklist.de/imap|blocklist.de/all|blocklist.de/mail|ziyadnz/hourly-ipv4,blocklist.de|imap|pop3|brute-force|spam|mail|ziyadnz|hourly,2026-08-17T18:48:05Z,2026-08-17T18:48:05Z,
38.121.208.237,ipv4,imap-attack,high,WHITE,blocklist.de/imap|blocklist.de/all|blocklist.de/mail|ziyadnz/hourly-ipv4,blocklist.de|imap|pop3|brute-force|spam|mail|ziyadnz|hourly,2026-08-17T18:48:05Z,2026-08-17T18:48:05Z,
38.121.214.87,ipv4,imap-attack,high,WHITE,blocklist.de/imap|blocklist.de/all|blocklist.de/mail|ziyadnz/hourly-ipv4,blocklist.de|imap|pop3|brute-force|spam|mail|ziyadnz|hourly,2026-08-17T18:48:05Z,2026-08-17T18:48:05Z,
38.121.220.3,ipv4,imap-attack,high,WHITE,blocklist.de/imap|blocklist.de/all|blocklist.de/mail|ziyadnz/hourly-ipv4,blocklist.de|imap|pop3|brute-force|spam|mail|ziyadnz|hourly,2026-08-17T18:48:05Z,2026-08-17T18:48:05Z,
38.137.56.222,ipv4,imap-attack,high,WHITE,blocklist.de/imap|blocklist.de/all|blocklist.de/mail|ziyadnz/hourly-ipv4,blocklist.de|imap|pop3|brute-force|spam|mail|ziyadnz|hourly,2026-08-17T18:48:05Z,2026-08-17T18:48:05Z,
38.141.252.55,ipv4,imap-attack,high,WHITE,blocklist.de/imap|blocklist.de/all|blocklist.de/mail|ziyadnz/hourly-ipv4,blocklist.de|imap|pop3|brute-force|spam|mail|ziyadnz|hourly,2026-08-17T18:48:05Z,2026-08-17T18:48:05Z,
38.145.191.231,ipv4,imap-attack,high,WHITE,blocklist.de/imap|blocklist.de/all|blocklist.de/mail|ziyadnz/hourly-ipv4,blocklist.de|imap|pop3|brute-force|spam|mail|ziyadnz|hourly,2026-08-17T18:48:05Z,2026-08-17T18:48:05Z,
38.148.99.59,ipv4,imap-attack,high,WHITE,blocklist.de/imap|blocklist.de/all|blocklist.de/mail|ziyadnz/hourly-ipv4,blocklist.de|imap|pop3|brute-force|spam|mail|ziyadnz|hourly,2026-08-17T18:48:05Z,2026-08-17T18:48:05Z,
38.159.74.81,ipv4,imap-attack,high,WHITE,blocklist.de/imap|blocklist.de/all|blocklist.de/mail|ziyadnz/hourly-ipv4,blocklist.de|imap|pop3|brute-force|spam|mail|ziyadnz|hourly,2026-08-17T18:48:05Z,2026-08-17T18:48:05Z,
38.171.46.170,ipv4,imap-attack,high,WHITE,blocklist.de/imap|blocklist.de/all|blocklist.de/mail|ziyadnz/hourly-ipv4,blocklist.de|imap|pop3|brute-force|spam|mail|ziyadnz|hourly,2026-08-17T18:48:05Z,2026-08-17T18:48:05Z,
38.172.170.221,ipv4,imap-attack,high,WHITE,blocklist.de/imap|blocklist.de/all|blocklist.de/mail|ziyadnz/hourly-ipv4,blocklist.de|imap|pop3|brute-force|spam|mail|ziyadnz|hourly,2026-08-17T18:48:05Z,2026-08-17T18:48:05Z,
38.183.4.227,ipv4,imap-attack,high,WHITE,blocklist.de/imap|blocklist.de/all|blocklist.de/mail|ziyadnz/hourly-ipv4,blocklist.de|imap|pop3|brute-force|spam|mail|ziyadnz|hourly,2026-08-17T18:48:05Z,2026-08-17T18:48:05Z,
38.19.43.160,ipv4,imap-attack,high,WHITE,blocklist.de/imap|blocklist.de/all|blocklist.de/mail|ziyadnz/hourly-ipv4,blocklist.de|imap|pop3|brute-force|spam|mail|ziyadnz|hourly,2026-08-17T18:48:05Z,2026-08-17T18:48:05Z,
38.196.255.129,ipv4,imap-attack,high,WHITE,blocklist.de/imap|blocklist.de/all|blocklist.de/mail|ziyadnz/hourly-ipv4,blocklist.de|imap|pop3|brute-force|spam|mail|ziyadnz|hourly,2026-08-17T18:48:05Z,2026-08-17T18:48:05Z,
38.212.67.79,ipv4,imap-attack,high,WHITE,blocklist.de/imap|blocklist.de/all|blocklist.de/mail|ziyadnz/hourly-ipv4,blocklist.de|imap|pop3|brute-force|spam|mail|ziyadnz|hourly,2026-08-17T18:48:05Z,2026-08-17T18:48:05Z,
38.224.232.46,ipv4,imap-attack,high,WHITE,blocklist.de/imap|blocklist.de/all|blocklist.de/mail|ziyadnz/hourly-ipv4,blocklist.de|imap|pop3|brute-force|spam|mail|ziyadnz|hourly,2026-08-17T18:48:05Z,2026-08-17T18:48:05Z,
38.224.56.103,ipv4,imap-attack,high,WHITE,blocklist.de/imap|blocklist.de/all|blocklist.de/mail|ziyadnz/hourly-ipv4,blocklist.de|imap|pop3|brute-force|spam|mail|ziyadnz|hourly,2026-08-17T18:48:05Z,2026-08-17T18:48:05Z,
38.248.163.114,ipv4,imap-attack,high,WHITE,blocklist.de/imap|blocklist.de/all|blocklist.de/mail|ziyadnz/hourly-ipv4,blocklist.de|imap|pop3|brute-force|spam|mail|ziyadnz|hourly,2026-08-17T18:48:05Z,2026-08-17T18:48:05Z,
38.25.17.43,ipv4,imap-attack,high,WHITE,blocklist.de/imap|blocklist.de/all|blocklist.de/mail|ziyadnz/hourly-ipv4,blocklist.de|imap|pop3|brute-force|spam|mail|ziyadnz|hourly,2026-08-17T18:48:05Z,2026-08-17T18:48:05Z,
38.255.73.64,ipv4,imap-attack,high,WHITE,blocklist.de/imap|blocklist.de/all|blocklist.de/mail|ziyadnz/hourly-ipv4,blocklist.de|imap|pop3|brute-force|spam|mail|ziyadnz|hourly,2026-08-17T18:48:05Z,2026-08-17T18:48:05Z,
38.43.201.125,ipv4,imap-attack,high,WHITE,blocklist.de/imap|blocklist.de/all|blocklist.de/mail|ziyadnz/hourly-ipv4,blocklist.de|imap|pop3|brute-force|spam|mail|ziyadnz|hourly,2026-08-17T18:48:05Z,2026-08-17T18:48:05Z,
38.44.17.53,ipv4,imap-attack,high,WHITE,blocklist.de/imap|blocklist.de/all|blocklist.de/mail|ziyadnz/hourly-ipv4,blocklist.de|imap|pop3|brute-force|spam|mail|ziyadnz|hourly,2026-08-17T18:48:05Z,2026-08-17T18:48:05Z,
38.45.28.95,ipv4,imap-attack,high,WHITE,blocklist.de/imap|blocklist.de/all|blocklist.de/mail|ziyadnz/hourly-ipv4,blocklist.de|imap|pop3|brute-force|spam|mail|ziyadnz|hourly,2026-08-17T18:48:05Z,2026-08-17T18:48:05Z,
38.51.129.199,ipv4,imap-attack,high,WHITE,blocklist.de/imap|blocklist.de/all|blocklist.de/mail|ziyadnz/hourly-ipv4,blocklist.de|imap|pop3|brute-force|spam|mail|ziyadnz|hourly,2026-08-17T18:48:05Z,2026-08-17T18:48:05Z,
38.65.137.126,ipv4,imap-attack,high,WHITE,blocklist.de/imap|blocklist.de/all|blocklist.de/mail|ziyadnz/hourly-ipv4,blocklist.de|imap|pop3|brute-force|spam|mail|ziyadnz|hourly,2026-08-17T18:48:05Z,2026-08-17T18:48:05Z,
38.65.137.69,ipv4,imap-attack,high,WHITE,blocklist.de/imap|blocklist.de/all|blocklist.de/mail|ziyadnz/hourly-ipv4,blocklist.de|imap|pop3|brute-force|spam|mail|ziyadnz|hourly,2026-08-17T18:48:05Z,2026-08-17T18:48:05Z,
38.65.137.85,ipv4,imap-attack,high,WHITE,blocklist.de/imap|blocklist.de/all|blocklist.de/mail|ziyadnz/hourly-ipv4,blocklist.de|imap|pop3|brute-force|spam|mail|ziyadnz|hourly,2026-08-17T18:48:05Z,2026-08-17T18:48:05Z,
39.118.24.100,ipv4,imap-attack,high,WHITE,blocklist.de/imap|blocklist.de/all|blocklist.de/mail|ziyadnz/hourly-ipv4,blocklist.de|imap|pop3|brute-force|spam|mail|ziyadnz|hourly,2026-08-17T18:48:05Z,2026-08-17T18:48:05Z,
39.129.103.51,ipv4,imap-attack,high,WHITE,blocklist.de/imap|blocklist.de/all|blocklist.de/mail|ziyadnz/hourly-ipv4,blocklist.de|imap|pop3|brute-force|spam|mail|ziyadnz|hourly,2026-08-17T18:48:05Z,2026-08-17T18:48:05Z,
39.129.119.45,ipv4,imap-attack,high,WHITE,blocklist.de/imap|blocklist.de/all|blocklist.de/mail|ziyadnz/hourly-ipv4,blocklist.de|imap|pop3|brute-force|spam|mail|ziyadnz|hourly,2026-08-17T18:48:05Z,2026-08-17T18:48:05Z,
39.129.13.19,ipv4,imap-attack,high,WHITE,blocklist.de/imap|blocklist.de/all|blocklist.de/mail|ziyadnz/hourly-ipv4,blocklist.de|imap|pop3|brute-force|spam|mail|ziyadnz|hourly,2026-08-17T18:48:05Z,2026-08-17T18:48:05Z,
39.152.193.72,ipv4,imap-attack,high,WHITE,blocklist.de/imap|blocklist.de/all|blocklist.de/mail|ziyadnz/hourly-ipv4,blocklist.de|imap|pop3|brute-force|spam|mail|ziyadnz|hourly,2026-08-17T18:48:05Z,2026-08-17T18:48:05Z,
39.171.42.206,ipv4,imap-attack,high,WHITE,blocklist.de/imap|blocklist.de/all|blocklist.de/mail|ziyadnz/hourly-ipv4,blocklist.de|imap|pop3|brute-force|spam|mail|ziyadnz|hourly,2026-08-17T18:48:05Z,2026-08-17T18:48:05Z,
39.194.2.222,ipv4,imap-attack,high,WHITE,blocklist.de/imap|blocklist.de/all|blocklist.de/mail|ziyadnz/hourly-ipv4,blocklist.de|imap|pop3|brute-force|spam|mail|ziyadnz|hourly,2026-08-17T18:48:05Z,2026-08-17T18:48:05Z,
39.61.57.81,ipv4,imap-attack,high,WHITE,blocklist.de/imap|blocklist.de/all|blocklist.de/mail|ziyadnz/hourly-ipv4,blocklist.de|imap|pop3|brute-force|spam|mail|ziyadnz|hourly,2026-08-17T18:48:05Z,2026-08-17T18:48:05Z,
40.104.109.37,ipv4,imap-attack,high,WHITE,blocklist.de/imap|blocklist.de/all|blocklist.de/mail|ziyadnz/hourly-ipv4,blocklist.de|imap|pop3|brute-force|spam|mail|ziyadnz|hourly,2026-08-17T18:48:05Z,2026-08-17T18:48:05Z,
40.104.127.77,ipv4,imap-attack,high,WHITE,blocklist.de/imap|blocklist.de/all|blocklist.de/mail|ziyadnz/hourly-ipv4,blocklist.de|imap|pop3|brute-force|spam|mail|ziyadnz|hourly,2026-08-17T18:48:05Z,2026-08-17T18:48:05Z,
40.104.131.221,ipv4,imap-attack,high,WHITE,blocklist.de/imap|blocklist.de/all|blocklist.de/mail|ziyadnz/hourly-ipv4,blocklist.de|imap|pop3|brute-force|spam|mail|ziyadnz|hourly,2026-08-17T18:48:05Z,2026-08-17T18:48:05Z,
40.104.191.61,ipv4,imap-attack,high,WHITE,blocklist.de/imap|blocklist.de/all|blocklist.de/mail|ziyadnz/hourly-ipv4,blocklist.de|imap|pop3|brute-force|spam|mail|ziyadnz|hourly,2026-08-17T18:48:05Z,2026-08-17T18:48:05Z,
40.104.31.197,ipv4,imap-attack,high,WHITE,blocklist.de/imap|blocklist.de/all|blocklist.de/mail|ziyadnz/hourly-ipv4,blocklist.de|imap|pop3|brute-force|spam|mail|ziyadnz|hourly,2026-08-17T18:48:05Z,2026-08-17T18:48:05Z,
40.104.62.85,ipv4,imap-attack,high,WHITE,blocklist.de/imap|blocklist.de/all|blocklist.de/mail|ziyadnz/hourly-ipv4,blocklist.de|imap|pop3|brute-force|spam|mail|ziyadnz|hourly,2026-08-17T18:48:05Z,2026-08-17T18:48:05Z,
40.104.95.213,ipv4,imap-attack,high,WHITE,blocklist.de/imap|blocklist.de/all|blocklist.de/mail|ziyadnz/hourly-ipv4,blocklist.de|imap|pop3|brute-force|spam|mail|ziyadnz|hourly,2026-08-17T18:48:05Z,2026-08-17T18:48:05Z,
40.124.175.136,ipv4,imap-attack,high,WHITE,blocklist.de/imap|blocklist.de/all|blocklist.de/mail|ziyadnz/hourly-ipv4,blocklist.de|imap|pop3|brute-force|spam|mail|ziyadnz|hourly,2026-08-17T18:48:05Z,2026-08-17T18:48:05Z,
41.111.35.211,ipv4,imap-attack,high,WHITE,blocklist.de/imap|blocklist.de/all|blocklist.de/mail|ziyadnz/hourly-ipv4,blocklist.de|imap|pop3|brute-force|spam|mail|ziyadnz|hourly,2026-08-17T18:48:05Z,2026-08-17T18:48:05Z,
41.128.181.196,ipv4,imap-attack,high,WHITE,blocklist.de/imap|blocklist.de/all|blocklist.de/mail|ziyadnz/hourly-ipv4,blocklist.de|imap|pop3|brute-force|spam|mail|ziyadnz|hourly,2026-08-17T18:48:05Z,2026-08-17T18:48:05Z,
41.13.82.212,ipv4,imap-attack,high,WHITE,blocklist.de/imap|blocklist.de/all|blocklist.de/mail,blocklist.de|imap|pop3|brute-force|spam|mail|ziyadnz|hourly,2026-08-17T18:48:05Z,2026-08-17T18:48:05Z,
41.139.0.119,ipv4,imap-attack,high,WHITE,blocklist.de/imap|blocklist.de/all|blocklist.de/mail|ziyadnz/hourly-ipv4,blocklist.de|imap|pop3|brute-force|spam|mail|ziyadnz|hourly,2026-08-17T18:48:05Z,2026-08-17T18:48:05Z,
41.139.0.134,ipv4,imap-attack,high,WHITE,blocklist.de/imap|blocklist.de/all|blocklist.de/mail|ziyadnz/hourly-ipv4,blocklist.de|imap|pop3|brute-force|spam|mail|ziyadnz|hourly,2026-08-17T18:48:05Z,2026-08-17T18:48:05Z,
41.139.0.136,ipv4,imap-attack,high,WHITE,blocklist.de/imap|blocklist.de/all|blocklist.de/mail|ziyadnz/hourly-ipv4,blocklist.de|imap|pop3|brute-force|spam|mail|ziyadnz|hourly,2026-08-17T18:48:05Z,2026-08-17T18:48:05Z,
41.139.0.146,ipv4,imap-attack,high,WHITE,blocklist.de/imap|blocklist.de/all|blocklist.de/mail|ziyadnz/hourly-ipv4,blocklist.de|imap|pop3|brute-force|spam|mail|ziyadnz|hourly,2026-08-17T18:48:05Z,2026-08-17T18:48:05Z,
41.139.10.75,ipv4,imap-attack,high,WHITE,blocklist.de/imap|blocklist.de/all|blocklist.de/mail|ziyadnz/hourly-ipv4,blocklist.de|imap|pop3|brute-force|spam|mail|ziyadnz|hourly,2026-08-17T18:48:05Z,2026-08-17T18:48:05Z,
41.139.11.153,ipv4,imap-attack,high,WHITE,blocklist.de/imap|blocklist.de/all|blocklist.de/mail|ziyadnz/hourly-ipv4,blocklist.de|imap|pop3|brute-force|spam|mail|ziyadnz|hourly,2026-08-17T18:48:05Z,2026-08-17T18:48:05Z,
41.139.11.177,ipv4,imap-attack,high,WHITE,blocklist.de/imap|blocklist.de/all|blocklist.de/mail|ziyadnz/hourly-ipv4,blocklist.de|imap|pop3|brute-force|spam|mail|ziyadnz|hourly,2026-08-17T18:48:05Z,2026-08-17T18:48:05Z,
41.139.11.213,ipv4,imap-attack,high,WHITE,blocklist.de/imap|blocklist.de/all|blocklist.de/mail|ziyadnz/hourly-ipv4,blocklist.de|imap|pop3|brute-force|spam|mail|ziyadnz|hourly,2026-08-17T18:48:05Z,2026-08-17T18:48:05Z,
41.139.11.228,ipv4,imap-attack,high,WHITE,blocklist.de/imap|blocklist.de/all|blocklist.de/mail|ziyadnz/hourly-ipv4,blocklist.de|imap|pop3|brute-force|spam|mail|ziyadnz|hourly,2026-08-17T18:48:05Z,2026-08-17T18:48:05Z,
41.139.11.237,ipv4,imap-attack,high,WHITE,blocklist.de/imap|blocklist.de/all|blocklist.de/mail|ziyadnz/hourly-ipv4,blocklist.de|imap|pop3|brute-force|spam|mail|ziyadnz|hourly,2026-08-17T18:48:05Z,2026-08-17T18:48:05Z,
41.139.11.67,ipv4,imap-attack,high,WHITE,blocklist.de/imap|blocklist.de/all|blocklist.de/mail|ziyadnz/hourly-ipv4,blocklist.de|imap|pop3|brute-force|spam|mail|ziyadnz|hourly,2026-08-17T18:48:05Z,2026-08-17T18:48:05Z,
41.139.12.160,ipv4,imap-attack,high,WHITE,blocklist.de/imap|blocklist.de/all|blocklist.de/mail|ziyadnz/hourly-ipv4,blocklist.de|imap|pop3|brute-force|spam|mail|ziyadnz|hourly,2026-08-17T18:48:05Z,2026-08-17T18:48:05Z,
41.139.12.230,ipv4,imap-attack,high,WHITE,blocklist.de/imap|blocklist.de/all|blocklist.de/mail|ziyadnz/hourly-ipv4,blocklist.de|imap|pop3|brute-force|spam|mail|ziyadnz|hourly,2026-08-17T18:48:05Z,2026-08-17T18:48:05Z,
41.139.16.123,ipv4,imap-attack,high,WHITE,blocklist.de/imap|blocklist.de/all|blocklist.de/mail|ziyadnz/hourly-ipv4,blocklist.de|imap|pop3|brute-force|spam|mail|ziyadnz|hourly,2026-08-17T18:48:05Z,2026-08-17T18:48:05Z,
41.139.16.16,ipv4,imap-attack,high,WHITE,blocklist.de/imap|blocklist.de/all|blocklist.de/mail|ziyadnz/hourly-ipv4,blocklist.de|imap|pop3|brute-force|spam|mail|ziyadnz|hourly,2026-08-17T18:48:05Z,2026-08-17T18:48:05Z,
41.139.18.10,ipv4,imap-attack,high,WHITE,blocklist.de/imap|blocklist.de/all|blocklist.de/mail|ziyadnz/hourly-ipv4,blocklist.de|imap|pop3|brute-force|spam|mail|ziyadnz|hourly,2026-08-17T18:48:05Z,2026-08-17T18:48:05Z,
41.139.18.18,ipv4,imap-attack,high,WHITE,blocklist.de/imap|blocklist.de/all|blocklist.de/mail|ziyadnz/hourly-ipv4,blocklist.de|imap|pop3|brute-force|spam|mail|ziyadnz|hourly,2026-08-17T18:48:05Z,2026-08-17T18:48:05Z,
41.139.18.233,ipv4,imap-attack,high,WHITE,blocklist.de/imap|blocklist.de/all|blocklist.de/mail|ziyadnz/hourly-ipv4,blocklist.de|imap|pop3|brute-force|spam|mail|ziyadnz|hourly,2026-08-17T18:48:05Z,2026-08-17T18:48:05Z,
41.139.18.245,ipv4,imap-attack,high,WHITE,blocklist.de/imap|blocklist.de/all|blocklist.de/mail|ziyadnz/hourly-ipv4,blocklist.de|imap|pop3|brute-force|spam|mail|ziyadnz|hourly,2026-08-17T18:48:05Z,2026-08-17T18:48:05Z,
41.139.18.64,ipv4,imap-attack,high,WHITE,blocklist.de/imap|blocklist.de/all|blocklist.de/mail|ziyadnz/hourly-ipv4,blocklist.de|imap|pop3|brute-force|spam|mail|ziyadnz|hourly,2026-08-17T18:48:05Z,2026-08-17T18:48:05Z,
41.139.28.220,ipv4,imap-attack,high,WHITE,blocklist.de/imap|blocklist.de/all|blocklist.de/mail|ziyadnz/hourly-ipv4,blocklist.de|imap|pop3|brute-force|spam|mail|ziyadnz|hourly,2026-08-17T18:48:05Z,2026-08-17T18:48:05Z,
41.139.28.54,ipv4,imap-attack,high,WHITE,blocklist.de/imap|blocklist.de/all|blocklist.de/mail|ziyadnz/hourly-ipv4,blocklist.de|imap|pop3|brute-force|spam|mail|ziyadnz|hourly,2026-08-17T18:48:05Z,2026-08-17T18:48:05Z,
41.139.28.88,ipv4,imap-attack,high,WHITE,blocklist.de/imap|blocklist.de/all|blocklist.de/mail|ziyadnz/hourly-ipv4,blocklist.de|imap|pop3|brute-force|spam|mail|ziyadnz|hourly,2026-08-17T18:48:05Z,2026-08-17T18:48:05Z,
41.139.37.228,ipv4,imap-attack,high,WHITE,blocklist.de/imap|blocklist.de/all|blocklist.de/mail|ziyadnz/hourly-ipv4,blocklist.de|imap|pop3|brute-force|spam|mail|ziyadnz|hourly,2026-08-17T18:48:05Z,2026-08-17T18:48:05Z,
41.139.37.246,ipv4,imap-attack,high,WHITE,blocklist.de/imap|blocklist.de/all|blocklist.de/mail|ziyadnz/hourly-ipv4,blocklist.de|imap|pop3|brute-force|spam|mail|ziyadnz|hourly,2026-08-17T18:48:05Z,2026-08-17T18:48:05Z,
41.139.41.76,ipv4,imap-attack,high,WHITE,blocklist.de/imap|blocklist.de/all|blocklist.de/mail|ziyadnz/hourly-ipv4,blocklist.de|imap|pop3|brute-force|spam|mail|ziyadnz|hourly,2026-08-17T18:48:05Z,2026-08-17T18:48:05Z,
41.139.44.216,ipv4,imap-attack,high,WHITE,blocklist.de/imap|blocklist.de/all|blocklist.de/mail|ziyadnz/hourly-ipv4,blocklist.de|imap|pop3|brute-force|spam|mail|ziyadnz|hourly,2026-08-17T18:48:05Z,2026-08-17T18:48:05Z,
41.139.44.238,ipv4,imap-attack,high,WHITE,blocklist.de/imap|blocklist.de/all|blocklist.de/mail|ziyadnz/hourly-ipv4,blocklist.de|imap|pop3|brute-force|spam|mail|ziyadnz|hourly,2026-08-17T18:48:05Z,2026-08-17T18:48:05Z,
41.139.47.133,ipv4,imap-attack,high,WHITE,blocklist.de/imap|blocklist.de/all|blocklist.de/mail|ziyadnz/hourly-ipv4,blocklist.de|imap|pop3|brute-force|spam|mail|ziyadnz|hourly,2026-08-17T18:48:05Z,2026-08-17T18:48:05Z,
41.139.47.193,ipv4,imap-attack,high,WHITE,blocklist.de/imap|blocklist.de/all|blocklist.de/mail|ziyadnz/hourly-ipv4,blocklist.de|imap|pop3|brute-force|spam|mail|ziyadnz|hourly,2026-08-17T18:48:05Z,2026-08-17T18:48:05Z,
41.139.47.238,ipv4,imap-attack,high,WHITE,blocklist.de/imap|blocklist.de/all|blocklist.de/mail|ziyadnz/hourly-ipv4,blocklist.de|imap|pop3|brute-force|spam|mail|ziyadnz|hourly,2026-08-17T18:48:05Z,2026-08-17T18:48:05Z,
41.139.5.174,ipv4,imap-attack,high,WHITE,blocklist.de/imap|blocklist.de/all|blocklist.de/mail|ziyadnz/hourly-ipv4,blocklist.de|imap|pop3|brute-force|spam|mail|ziyadnz|hourly,2026-08-17T18:48:05Z,2026-08-17T18:48:05Z,
41.139.5.203,ipv4,imap-attack,high,WHITE,blocklist.de/imap|blocklist.de/all|blocklist.de/mail|ziyadnz/hourly-ipv4,blocklist.de|imap|pop3|brute-force|spam|mail|ziyadnz|hourly,2026-08-17T18:48:05Z,2026-08-17T18:48:05Z,
41.139.5.252,ipv4,imap-attack,high,WHITE,blocklist.de/imap|blocklist.de/all|blocklist.de/mail|ziyadnz/hourly-ipv4,blocklist.de|imap|pop3|brute-force|spam|mail|ziyadnz|hourly,2026-08-17T18:48:05Z,2026-08-17T18:48:05Z,
41.139.60.218,ipv4,imap-attack,high,WHITE,blocklist.de/imap|blocklist.de/all|blocklist.de/mail|ziyadnz/hourly-ipv4,blocklist.de|imap|pop3|brute-force|spam|mail|ziyadnz|hourly,2026-08-17T18:48:05Z,2026-08-17T18:48:05Z,
41.139.9.9,ipv4,imap-attack,high,WHITE,blocklist.de/imap|blocklist.de/all|blocklist.de/mail|ziyadnz/hourly-ipv4,blocklist.de|imap|pop3|brute-force|spam|mail|ziyadnz|hourly,2026-08-17T18:48:05Z,2026-08-17T18:48:05Z,
41.193.224.0,ipv4,imap-attack,high,WHITE,blocklist.de/imap|blocklist.de/all|blocklist.de/mail|ziyadnz/hourly-ipv4,blocklist.de|imap|pop3|brute-force|spam|mail|ziyadnz|hourly,2026-08-17T18:48:05Z,2026-08-17T18:48:05Z,
41.206.129.166,ipv4,imap-attack,high,WHITE,blocklist.de/imap|blocklist.de/all|blocklist.de/mail|ziyadnz/hourly-ipv4,blocklist.de|imap|pop3|brute-force|spam|mail|ziyadnz|hourly,2026-08-17T18:48:05Z,2026-08-17T18:48:05Z,
41.207.248.138,ipv4,imap-attack,high,WHITE,blocklist.de/imap|blocklist.de/all|blocklist.de/mail|ziyadnz/hourly-ipv4,blocklist.de|imap|pop3|brute-force|spam|mail|ziyadnz|hourly,2026-08-17T18:48:05Z,2026-08-17T18:48:05Z,
41.207.248.198,ipv4,imap-attack,high,WHITE,blocklist.de/imap|blocklist.de/all|blocklist.de/mail|ziyadnz/hourly-ipv4,blocklist.de|imap|pop3|brute-force|spam|mail|ziyadnz|hourly,2026-08-17T18:48:05Z,2026-08-17T18:48:05Z,
41.210.178.32,ipv4,imap-attack,high,WHITE,blocklist.de/imap|blocklist.de/all|blocklist.de/mail|ziyadnz/hourly-ipv4,blocklist.de|imap|pop3|brute-force|spam|mail|ziyadnz|hourly,2026-08-17T18:48:05Z,2026-08-17T18:48:05Z,
41.211.21.36,ipv4,imap-attack,high,WHITE,blocklist.de/imap|blocklist.de/all|blocklist.de/mail|ziyadnz/hourly-ipv4,blocklist.de|imap|pop3|brute-force|spam|mail|ziyadnz|hourly,2026-08-17T18:48:05Z,2026-08-17T18:48:05Z,
41.211.21.78,ipv4,imap-attack,high,WHITE,blocklist.de/imap|blocklist.de/all|blocklist.de/mail|ziyadnz/hourly-ipv4,blocklist.de|imap|pop3|brute-force|spam|mail|ziyadnz|hourly,2026-08-17T18:48:05Z,2026-08-17T18:48:05Z,
41.211.4.211,ipv4,imap-attack,high,WHITE,blocklist.de/imap|blocklist.de/all|blocklist.de/mail|ziyadnz/hourly-ipv4,blocklist.de|imap|pop3|brute-force|spam|mail|ziyadnz|hourly,2026-08-17T18:48:05Z,2026-08-17T18:48:05Z,
41.211.4.231,ipv4,imap-attack,high,WHITE,blocklist.de/imap|blocklist.de/all|blocklist.de/mail|ziyadnz/hourly-ipv4,blocklist.de|imap|pop3|brute-force|spam|mail|ziyadnz|hourly,2026-08-17T18:48:05Z,2026-08-17T18:48:05Z,
41.214.10.178,ipv4,imap-attack,high,WHITE,blocklist.de/imap|blocklist.de/all|blocklist.de/mail|ziyadnz/hourly-ipv4,blocklist.de|imap|pop3|brute-force|spam|mail|ziyadnz|hourly,2026-08-17T18:48:05Z,2026-08-17T18:48:05Z,
41.214.24.24,ipv4,imap-attack,high,WHITE,blocklist.de/imap|blocklist.de/all|blocklist.de/mail|ziyadnz/hourly-ipv4,blocklist.de|imap|pop3|brute-force|spam|mail|ziyadnz|hourly,2026-08-17T18:48:05Z,2026-08-17T18:48:05Z,
41.216.209.164,ipv4,imap-attack,high,WHITE,blocklist.de/imap|blocklist.de/all|blocklist.de/mail|ziyadnz/hourly-ipv4,blocklist.de|imap|pop3|brute-force|spam|mail|ziyadnz|hourly,2026-08-17T18:48:05Z,2026-08-17T18:48:05Z,
41.216.209.74,ipv4,imap-attack,high,WHITE,blocklist.de/imap|blocklist.de/all|blocklist.de/mail|ziyadnz/hourly-ipv4,blocklist.de|imap|pop3|brute-force|spam|mail|ziyadnz|hourly,2026-08-17T18:48:05Z,2026-08-17T18:48:05Z,
41.216.210.57,ipv4,imap-attack,high,WHITE,blocklist.de/imap|blocklist.de/all|blocklist.de/mail|ziyadnz/hourly-ipv4,blocklist.de|imap|pop3|brute-force|spam|mail|ziyadnz|hourly,2026-08-17T18:48:05Z,2026-08-17T18:48:05Z,
41.216.211.226,ipv4,imap-attack,high,WHITE,blocklist.de/imap|blocklist.de/all|blocklist.de/mail|ziyadnz/hourly-ipv4,blocklist.de|imap|pop3|brute-force|spam|mail|ziyadnz|hourly,2026-08-17T18:48:05Z,2026-08-17T18:48:05Z,
41.216.211.68,ipv4,imap-attack,high,WHITE,blocklist.de/imap|blocklist.de/all|blocklist.de/mail|ziyadnz/hourly-ipv4,blocklist.de|imap|pop3|brute-force|spam|mail|ziyadnz|hourly,2026-08-17T18:48:05Z,2026-08-17T18:48:05Z,
41.216.211.84,ipv4,imap-attack,high,WHITE,blocklist.de/imap|blocklist.de/all|blocklist.de/mail|ziyadnz/hourly-ipv4,blocklist.de|imap|pop3|brute-force|spam|mail|ziyadnz|hourly,2026-08-17T18:48:05Z,2026-08-17T18:48:05Z,
41.216.211.85,ipv4,imap-attack,high,WHITE,blocklist.de/imap|blocklist.de/all|blocklist.de/mail|ziyadnz/hourly-ipv4,blocklist.de|imap|pop3|brute-force|spam|mail|ziyadnz|hourly,2026-08-17T18:48:05Z,2026-08-17T18:48:05Z,
41.216.212.90,ipv4,imap-attack,high,WHITE,blocklist.de/imap|blocklist.de/all|blocklist.de/mail|ziyadnz/hourly-ipv4,blocklist.de|imap|pop3|brute-force|spam|mail|ziyadnz|hourly,2026-08-17T18:48:05Z,2026-08-17T18:48:05Z,
41.216.213.13,ipv4,imap-attack,high,WHITE,blocklist.de/imap|blocklist.de/all|blocklist.de/mail|ziyadnz/hourly-ipv4,blocklist.de|imap|pop3|brute-force|spam|mail|ziyadnz|hourly,2026-08-17T18:48:05Z,2026-08-17T18:48:05Z,
41.216.213.140,ipv4,imap-attack,high,WHITE,blocklist.de/imap|blocklist.de/all|blocklist.de/mail|ziyadnz/hourly-ipv4,blocklist.de|imap|pop3|brute-force|spam|mail|ziyadnz|hourly,2026-08-17T18:48:05Z,2026-08-17T18:48:05Z,
41.216.213.150,ipv4,imap-attack,high,WHITE,blocklist.de/imap|blocklist.de/all|blocklist.de/mail|ziyadnz/hourly-ipv4,blocklist.de|imap|pop3|brute-force|spam|mail|ziyadnz|hourly,2026-08-17T18:48:05Z,2026-08-17T18:48:05Z,
41.216.213.157,ipv4,imap-attack,high,WHITE,blocklist.de/imap|blocklist.de/all|blocklist.de/mail|ziyadnz/hourly-ipv4,blocklist.de|imap|pop3|brute-force|spam|mail|ziyadnz|hourly,2026-08-17T18:48:05Z,2026-08-17T18:48:05Z,
41.216.214.135,ipv4,imap-attack,high,WHITE,blocklist.de/imap|blocklist.de/all|blocklist.de/mail|ziyadnz/hourly-ipv4,blocklist.de|imap|pop3|brute-force|spam|mail|ziyadnz|hourly,2026-08-17T18:48:05Z,2026-08-17T18:48:05Z,
41.216.214.9,ipv4,imap-attack,high,WHITE,blocklist.de/imap|blocklist.de/all|blocklist.de/mail|ziyadnz/hourly-ipv4,blocklist.de|imap|pop3|brute-force|spam|mail|ziyadnz|hourly,2026-08-17T18:48:05Z,2026-08-17T18:48:05Z,
41.216.215.145,ipv4,imap-attack,high,WHITE,blocklist.de/imap|blocklist.de/all|blocklist.de/mail|ziyadnz/hourly-ipv4,blocklist.de|imap|pop3|brute-force|spam|mail|ziyadnz|hourly,2026-08-17T18:48:05Z,2026-08-17T18:48:05Z,
41.216.215.213,ipv4,imap-attack,high,WHITE,blocklist.de/imap|blocklist.de/all|blocklist.de/mail|ziyadnz/hourly-ipv4,blocklist.de|imap|pop3|brute-force|spam|mail|ziyadnz|hourly,2026-08-17T18:48:05Z,2026-08-17T18:48:05Z,
41.219.149.74,ipv4,imap-attack,high,WHITE,blocklist.de/imap|blocklist.de/all|blocklist.de/mail|ziyadnz/hourly-ipv4,blocklist.de|imap|pop3|brute-force|spam|mail|ziyadnz|hourly,2026-08-17T18:48:05Z,2026-08-17T18:48:05Z,
41.222.185.50,ipv4,imap-attack,high,WHITE,blocklist.de/imap|blocklist.de/all|blocklist.de/mail|ziyadnz/hourly-ipv4,blocklist.de|imap|pop3|brute-force|spam|mail|ziyadnz|hourly,2026-08-17T18:48:05Z,2026-08-17T18:48:05Z,
41.222.8.210,ipv4,imap-attack,high,WHITE,blocklist.de/imap|blocklist.de/all|blocklist.de/mail|ziyadnz/hourly-ipv4,blocklist.de|imap|pop3|brute-force|spam|mail|ziyadnz|hourly,2026-08-17T18:48:05Z,2026-08-17T18:48:05Z,
41.223.118.46,ipv4,imap-attack,high,WHITE,blocklist.de/imap|blocklist.de/all|blocklist.de/mail|ziyadnz/hourly-ipv4,blocklist.de|imap|pop3|brute-force|spam|mail|ziyadnz|hourly,2026-08-17T18:48:05Z,2026-08-17T18:48:05Z,
41.223.251.147,ipv4,imap-attack,high,WHITE,blocklist.de/imap|blocklist.de/all|blocklist.de/mail|ziyadnz/hourly-ipv4,blocklist.de|imap|pop3|brute-force|spam|mail|ziyadnz|hourly,2026-08-17T18:48:05Z,2026-08-17T18:48:05Z,
41.223.251.9,ipv4,imap-attack,high,WHITE,blocklist.de/imap|blocklist.de/all|blocklist.de/mail|ziyadnz/hourly-ipv4,blocklist.de|imap|pop3|brute-force|spam|mail|ziyadnz|hourly,2026-08-17T18:48:05Z,2026-08-17T18:48:05Z,
41.235.212.15,ipv4,imap-attack,high,WHITE,blocklist.de/imap|blocklist.de/all|blocklist.de/mail|ziyadnz/hourly-ipv4,blocklist.de|imap|pop3|brute-force|spam|mail|ziyadnz|hourly,2026-08-17T18:48:05Z,2026-08-17T18:48:05Z,
41.248.243.181,ipv4,imap-attack,high,WHITE,blocklist.de/imap|blocklist.de/all|blocklist.de/mail|ziyadnz/hourly-ipv4,blocklist.de|imap|pop3|brute-force|spam|mail|ziyadnz|hourly,2026-08-17T18:48:05Z,2026-08-17T18:48:05Z,
41.40.233.27,ipv4,imap-attack,high,WHITE,blocklist.de/imap|blocklist.de/all|blocklist.de/mail|ziyadnz/hourly-ipv4,blocklist.de|imap|pop3|brute-force|spam|mail|ziyadnz|hourly,2026-08-17T18:48:05Z,2026-08-17T18:48:05Z,
41.59.13.30,ipv4,imap-attack,high,WHITE,blocklist.de/imap|blocklist.de/all|blocklist.de/mail|ziyadnz/hourly-ipv4,blocklist.de|imap|pop3|brute-force|spam|mail|ziyadnz|hourly,2026-08-17T18:48:05Z,2026-08-17T18:48:05Z,
41.59.200.166,ipv4,imap-attack,high,WHITE,blocklist.de/imap|blocklist.de/all|blocklist.de/mail|ziyadnz/hourly-ipv4,blocklist.de|imap|pop3|brute-force|spam|mail|ziyadnz|hourly,2026-08-17T18:48:05Z,2026-08-17T18:48:05Z,
41.59.239.234,ipv4,imap-attack,high,WHITE,blocklist.de/imap|blocklist.de/all|blocklist.de/mail|ziyadnz/hourly-ipv4,blocklist.de|imap|pop3|brute-force|spam|mail|ziyadnz|hourly,2026-08-17T18:48:05Z,2026-08-17T18:48:05Z,
41.60.186.43,ipv4,imap-attack,high,WHITE,blocklist.de/imap|blocklist.de/all|blocklist.de/mail|ziyadnz/hourly-ipv4,blocklist.de|imap|pop3|brute-force|spam|mail|ziyadnz|hourly,2026-08-17T18:48:05Z,2026-08-17T18:48:05Z,
41.65.118.172,ipv4,imap-attack,high,WHITE,blocklist.de/imap|blocklist.de/all|blocklist.de/mail|ziyadnz/hourly-ipv4,blocklist.de|imap|pop3|brute-force|spam|mail|ziyadnz|hourly,2026-08-17T18:48:05Z,2026-08-17T18:48:05Z,
41.66.231.31,ipv4,imap-attack,high,WHITE,blocklist.de/imap|blocklist.de/all|blocklist.de/mail|ziyadnz/hourly-ipv4,blocklist.de|imap|pop3|brute-force|spam|mail|ziyadnz|hourly,2026-08-17T18:48:05Z,2026-08-17T18:48:05Z,
41.74.6.132,ipv4,imap-attack,high,WHITE,blocklist.de/imap|blocklist.de/all|blocklist.de/mail|ziyadnz/hourly-ipv4,blocklist.de|imap|pop3|brute-force|spam|mail|ziyadnz|hourly,2026-08-17T18:48:05Z,2026-08-17T18:48:05Z,
41.74.7.89,ipv4,imap-attack,high,WHITE,blocklist.de/imap|blocklist.de/all|blocklist.de/mail|ziyadnz/hourly-ipv4,blocklist.de|imap|pop3|brute-force|spam|mail|ziyadnz|hourly,2026-08-17T18:48:05Z,2026-08-17T18:48:05Z,
41.76.82.82,ipv4,imap-attack,high,WHITE,blocklist.de/imap|blocklist.de/all|blocklist.de/mail|ziyadnz/hourly-ipv4,blocklist.de|imap|pop3|brute-force|spam|mail|ziyadnz|hourly,2026-08-17T18:48:05Z,2026-08-17T18:48:05Z,
41.76.86.174,ipv4,imap-attack,high,WHITE,blocklist.de/imap|blocklist.de/all|blocklist.de/mail|ziyadnz/hourly-ipv4,blocklist.de|imap|pop3|brute-force|spam|mail|ziyadnz|hourly,2026-08-17T18:48:05Z,2026-08-17T18:48:05Z,
41.79.19.36,ipv4,imap-attack,high,WHITE,blocklist.de/imap|blocklist.de/all|blocklist.de/mail|ziyadnz/hourly-ipv4,blocklist.de|imap|pop3|brute-force|spam|mail|ziyadnz|hourly,2026-08-17T18:48:05Z,2026-08-17T18:48:05Z,
41.83.139.135,ipv4,imap-attack,high,WHITE,blocklist.de/imap|blocklist.de/all|blocklist.de/mail|ziyadnz/hourly-ipv4,blocklist.de|imap|pop3|brute-force|spam|mail|ziyadnz|hourly,2026-08-17T18:48:05Z,2026-08-17T18:48:05Z,
41.90.145.153,ipv4,imap-attack,high,WHITE,blocklist.de/imap|blocklist.de/all|blocklist.de/mail|ziyadnz/hourly-ipv4,blocklist.de|imap|pop3|brute-force|spam|mail|ziyadnz|hourly,2026-08-17T18:48:05Z,2026-08-17T18:48:05Z,
42.112.152.129,ipv4,imap-attack,high,WHITE,blocklist.de/imap|blocklist.de/all|blocklist.de/mail|ziyadnz/hourly-ipv4,blocklist.de|imap|pop3|brute-force|spam|mail|ziyadnz|hourly,2026-08-17T18:48:05Z,2026-08-17T18:48:05Z,
42.114.32.39,ipv4,imap-attack,high,WHITE,blocklist.de/imap|blocklist.de/all|blocklist.de/mail|ziyadnz/hourly-ipv4,blocklist.de|imap|pop3|brute-force|spam|mail|ziyadnz|hourly,2026-08-17T18:48:05Z,2026-08-17T18:48:05Z,
42.125.196.116,ipv4,imap-attack,high,WHITE,blocklist.de/imap|blocklist.de/all|blocklist.de/mail|ziyadnz/hourly-ipv4,blocklist.de|imap|pop3|brute-force|spam|mail|ziyadnz|hourly,2026-08-17T18:48:05Z,2026-08-17T18:48:05Z,
42.200.66.116,ipv4,imap-attack,high,WHITE,blocklist.de/imap|blocklist.de/all|blocklist.de/mail|ziyadnz/hourly-ipv4,blocklist.de|imap|pop3|brute-force|spam|mail|ziyadnz|hourly,2026-08-17T18:48:05Z,2026-08-17T18:48:05Z,
42.200.70.134,ipv4,imap-attack,high,WHITE,blocklist.de/imap|blocklist.de/all|blocklist.de/mail|ziyadnz/hourly-ipv4,blocklist.de|imap|pop3|brute-force|spam|mail|ziyadnz|hourly,2026-08-17T18:48:05Z,2026-08-17T18:48:05Z,
42.247.107.130,ipv4,imap-attack,high,WHITE,blocklist.de/imap|blocklist.de/all|blocklist.de/mail|ziyadnz/hourly-ipv4,blocklist.de|imap|pop3|brute-force|spam|mail|ziyadnz|hourly,2026-08-17T18:48:05Z,2026-08-17T18:48:05Z,
42.3.98.247,ipv4,imap-attack,high,WHITE,blocklist.de/imap|blocklist.de/all|blocklist.de/mail|ziyadnz/hourly-ipv4,blocklist.de|imap|pop3|brute-force|spam|mail|ziyadnz|hourly,2026-08-17T18:48:05Z,2026-08-17T18:48:05Z,
42.49.168.246,ipv4,imap-attack,high,WHITE,blocklist.de/imap|blocklist.de/all|blocklist.de/mail|ziyadnz/hourly-ipv4,blocklist.de|imap|pop3|brute-force|spam|mail|ziyadnz|hourly,2026-08-17T18:48:05Z,2026-08-17T18:48:05Z,
43.224.227.156,ipv4,imap-attack,high,WHITE,blocklist.de/imap|blocklist.de/all|blocklist.de/mail|ziyadnz/hourly-ipv4,blocklist.de|imap|pop3|brute-force|spam|mail|ziyadnz|hourly,2026-08-17T18:48:05Z,2026-08-17T18:48:05Z,
43.224.248.40,ipv4,imap-attack,high,WHITE,blocklist.de/imap|blocklist.de/all|blocklist.de/mail|ziyadnz/hourly-ipv4,blocklist.de|imap|pop3|brute-force|spam|mail|ziyadnz|hourly,2026-08-17T18:48:05Z,2026-08-17T18:48:05Z,
43.225.165.29,ipv4,imap-attack,high,WHITE,blocklist.de/imap|blocklist.de/all|blocklist.de/mail|ziyadnz/hourly-ipv4,blocklist.de|imap|pop3|brute-force|spam|mail|ziyadnz|hourly,2026-08-17T18:48:05Z,2026-08-17T18:48:05Z,
43.225.68.34,ipv4,imap-attack,high,WHITE,blocklist.de/imap|blocklist.de/all|blocklist.de/mail|ziyadnz/hourly-ipv4,blocklist.de|imap|pop3|brute-force|spam|mail|ziyadnz|hourly,2026-08-17T18:48:05Z,2026-08-17T18:48:05Z,
43.228.131.114,ipv4,imap-attack,high,WHITE,blocklist.de/imap|blocklist.de/all|blocklist.de/mail|ziyadnz/hourly-ipv4,blocklist.de|imap|pop3|brute-force|spam|mail|ziyadnz|hourly,2026-08-17T18:48:05Z,2026-08-17T18:48:05Z,
43.239.200.103,ipv4,imap-attack,high,WHITE,blocklist.de/imap|blocklist.de/all|blocklist.de/mail|ziyadnz/hourly-ipv4,blocklist.de|imap|pop3|brute-force|spam|mail|ziyadnz|hourly,2026-08-17T18:48:05Z,2026-08-17T18:48:05Z,
45.115.190.72,ipv4,imap-attack,high,WHITE,blocklist.de/imap|blocklist.de/all|blocklist.de/mail|ziyadnz/hourly-ipv4,blocklist.de|imap|pop3|brute-force|spam|mail|ziyadnz|hourly,2026-08-17T18:48:05Z,2026-08-17T18:48:05Z,
45.118.34.208,ipv4,imap-attack,high,WHITE,blocklist.de/imap|blocklist.de/all|blocklist.de/mail|ziyadnz/hourly-ipv4,blocklist.de|imap|pop3|brute-force|spam|mail|ziyadnz|hourly,2026-08-17T18:48:05Z,2026-08-17T18:48:05Z,
45.118.34.213,ipv4,imap-attack,high,WHITE,blocklist.de/imap|blocklist.de/all|blocklist.de/mail|ziyadnz/hourly-ipv4,blocklist.de|imap|pop3|brute-force|spam|mail|ziyadnz|hourly,2026-08-17T18:48:05Z,2026-08-17T18:48:05Z,
45.118.34.242,ipv4,imap-attack,high,WHITE,blocklist.de/imap|blocklist.de/all|blocklist.de/mail|ziyadnz/hourly-ipv4,blocklist.de|imap|pop3|brute-force|spam|mail|ziyadnz|hourly,2026-08-17T18:48:05Z,2026-08-17T18:48:05Z,
45.118.34.82,ipv4,imap-attack,high,WHITE,blocklist.de/imap|blocklist.de/all|blocklist.de/mail|ziyadnz/hourly-ipv4,blocklist.de|imap|pop3|brute-force|spam|mail|ziyadnz|hourly,2026-08-17T18:48:05Z,2026-08-17T18:48:05Z,
45.118.34.98,ipv4,imap-attack,high,WHITE,blocklist.de/imap|blocklist.de/all|blocklist.de/mail|ziyadnz/hourly-ipv4,blocklist.de|imap|pop3|brute-force|spam|mail|ziyadnz|hourly,2026-08-17T18:48:05Z,2026-08-17T18:48:05Z,
45.118.34.99,ipv4,imap-attack,high,WHITE,blocklist.de/imap|blocklist.de/all|blocklist.de/mail|ziyadnz/hourly-ipv4,blocklist.de|imap|pop3|brute-force|spam|mail|ziyadnz|hourly,2026-08-17T18:48:05Z,2026-08-17T18:48:05Z,
45.13.68.97,ipv4,imap-attack,high,WHITE,blocklist.de/imap|blocklist.de/all|blocklist.de/mail|ziyadnz/hourly-ipv4,blocklist.de|imap|pop3|brute-force|spam|mail|ziyadnz|hourly,2026-08-17T18:48:05Z,2026-08-17T18:48:05Z,
45.135.196.131,ipv4,imap-attack,high,WHITE,blocklist.de/imap|blocklist.de/all|blocklist.de/mail|ziyadnz/hourly-ipv4,blocklist.de|imap|pop3|brute-force|spam|mail|ziyadnz|hourly,2026-08-17T18:48:05Z,2026-08-17T18:48:05Z,
45.135.196.191,ipv4,imap-attack,high,WHITE,blocklist.de/imap|blocklist.de/all|blocklist.de/mail|ziyadnz/hourly-ipv4,blocklist.de|imap|pop3|brute-force|spam|mail|ziyadnz|hourly,2026-08-17T18:48:05Z,2026-08-17T18:48:05Z,
45.135.197.106,ipv4,imap-attack,high,WHITE,blocklist.de/imap|blocklist.de/all|blocklist.de/mail|ziyadnz/hourly-ipv4,blocklist.de|imap|pop3|brute-force|spam|mail|ziyadnz|hourly,2026-08-17T18:48:05Z,2026-08-17T18:48:05Z,
45.135.197.120,ipv4,imap-attack,high,WHITE,blocklist.de/imap|blocklist.de/all|blocklist.de/mail|ziyadnz/hourly-ipv4,blocklist.de|imap|pop3|brute-force|spam|mail|ziyadnz|hourly,2026-08-17T18:48:05Z,2026-08-17T18:48:05Z,
45.135.197.232,ipv4,imap-attack,high,WHITE,blocklist.de/imap|blocklist.de/all|blocklist.de/mail|ziyadnz/hourly-ipv4,blocklist.de|imap|pop3|brute-force|spam|mail|ziyadnz|hourly,2026-08-17T18:48:05Z,2026-08-17T18:48:05Z,
45.140.233.181,ipv4,imap-attack,high,WHITE,blocklist.de/imap|blocklist.de/all|blocklist.de/mail|ziyadnz/hourly-ipv4,blocklist.de|imap|pop3|brute-force|spam|mail|ziyadnz|hourly,2026-08-17T18:48:05Z,2026-08-17T18:48:05Z,
45.155.121.46,ipv4,imap-attack,high,WHITE,blocklist.de/imap|blocklist.de/all|blocklist.de/mail|ziyadnz/hourly-ipv4,blocklist.de|imap|pop3|brute-force|spam|mail|ziyadnz|hourly,2026-08-17T18:48:05Z,2026-08-17T18:48:05Z,
45.162.20.166,ipv4,imap-attack,high,WHITE,blocklist.de/imap|blocklist.de/all|blocklist.de/mail|ziyadnz/hourly-ipv4,blocklist.de|imap|pop3|brute-force|spam|mail|ziyadnz|hourly,2026-08-17T18:48:05Z,2026-08-17T18:48:05Z,
45.162.20.170,ipv4,imap-attack,high,WHITE,blocklist.de/imap|blocklist.de/all|blocklist.de/mail|ziyadnz/hourly-ipv4,blocklist.de|imap|pop3|brute-force|spam|mail|ziyadnz|hourly,2026-08-17T18:48:05Z,2026-08-17T18:48:05Z,
45.162.20.173,ipv4,imap-attack,high,WHITE,blocklist.de/imap|blocklist.de/all|blocklist.de/mail|ziyadnz/hourly-ipv4,blocklist.de|imap|pop3|brute-force|spam|mail|ziyadnz|hourly,2026-08-17T18:48:05Z,2026-08-17T18:48:05Z,
45.162.20.174,ipv4,imap-attack,high,WHITE,blocklist.de/imap|blocklist.de/all|blocklist.de/mail|ziyadnz/hourly-ipv4,blocklist.de|imap|pop3|brute-force|spam|mail|ziyadnz|hourly,2026-08-17T18:48:05Z,2026-08-17T18:48:05Z,
45.162.20.178,ipv4,imap-attack,high,WHITE,blocklist.de/imap|blocklist.de/all|blocklist.de/mail|ziyadnz/hourly-ipv4,blocklist.de|imap|pop3|brute-force|spam|mail|ziyadnz|hourly,2026-08-17T18:48:05Z,2026-08-17T18:48:05Z,
45.162.20.192,ipv4,imap-attack,high,WHITE,blocklist.de/imap|blocklist.de/all|blocklist.de/mail|ziyadnz/hourly-ipv4,blocklist.de|imap|pop3|brute-force|spam|mail|ziyadnz|hourly,2026-08-17T18:48:05Z,2026-08-17T18:48:05Z,
45.162.20.201,ipv4,imap-attack,high,WHITE,blocklist.de/imap|blocklist.de/all|blocklist.de/mail|ziyadnz/hourly-ipv4,blocklist.de|imap|pop3|brute-force|spam|mail|ziyadnz|hourly,2026-08-17T18:48:05Z,2026-08-17T18:48:05Z,
45.162.20.227,ipv4,imap-attack,high,WHITE,blocklist.de/imap|blocklist.de/all|blocklist.de/mail|ziyadnz/hourly-ipv4,blocklist.de|imap|pop3|brute-force|spam|mail|ziyadnz|hourly,2026-08-17T18:48:05Z,2026-08-17T18:48:05Z,
45.162.20.240,ipv4,imap-attack,high,WHITE,blocklist.de/imap|blocklist.de/all|blocklist.de/mail|ziyadnz/hourly-ipv4,blocklist.de|imap|pop3|brute-force|spam|mail|ziyadnz|hourly,2026-08-17T18:48:05Z,2026-08-17T18:48:05Z,
45.162.20.39,ipv4,imap-attack,high,WHITE,blocklist.de/imap|blocklist.de/all|blocklist.de/mail|ziyadnz/hourly-ipv4,blocklist.de|imap|pop3|brute-force|spam|mail|ziyadnz|hourly,2026-08-17T18:48:05Z,2026-08-17T18:48:05Z,
45.162.20.41,ipv4,imap-attack,high,WHITE,blocklist.de/imap|blocklist.de/all|blocklist.de/mail|ziyadnz/hourly-ipv4,blocklist.de|imap|pop3|brute-force|spam|mail|ziyadnz|hourly,2026-08-17T18:48:05Z,2026-08-17T18:48:05Z,
45.162.20.43,ipv4,imap-attack,high,WHITE,blocklist.de/imap|blocklist.de/all|blocklist.de/mail|ziyadnz/hourly-ipv4,blocklist.de|imap|pop3|brute-force|spam|mail|ziyadnz|hourly,2026-08-17T18:48:05Z,2026-08-17T18:48:05Z,
45.162.20.46,ipv4,imap-attack,high,WHITE,blocklist.de/imap|blocklist.de/all|blocklist.de/mail|ziyadnz/hourly-ipv4,blocklist.de|imap|pop3|brute-force|spam|mail|ziyadnz|hourly,2026-08-17T18:48:05Z,2026-08-17T18:48:05Z,
45.162.20.47,ipv4,imap-attack,high,WHITE,blocklist.de/imap|blocklist.de/all|blocklist.de/mail|ziyadnz/hourly-ipv4,blocklist.de|imap|pop3|brute-force|spam|mail|ziyadnz|hourly,2026-08-17T18:48:05Z,2026-08-17T18:48:05Z,
45.162.20.49,ipv4,imap-attack,high,WHITE,blocklist.de/imap|blocklist.de/all|blocklist.de/mail|ziyadnz/hourly-ipv4,blocklist.de|imap|pop3|brute-force|spam|mail|ziyadnz|hourly,2026-08-17T18:48:05Z,2026-08-17T18:48:05Z,
45.162.20.50,ipv4,imap-attack,high,WHITE,blocklist.de/imap|blocklist.de/all|blocklist.de/mail|ziyadnz/hourly-ipv4,blocklist.de|imap|pop3|brute-force|spam|mail|ziyadnz|hourly,2026-08-17T18:48:05Z,2026-08-17T18:48:05Z,
45.162.20.60,ipv4,imap-attack,high,WHITE,blocklist.de/imap|blocklist.de/all|blocklist.de/mail|ziyadnz/hourly-ipv4,blocklist.de|imap|pop3|brute-force|spam|mail|ziyadnz|hourly,2026-08-17T18:48:05Z,2026-08-17T18:48:05Z,
45.162.20.62,ipv4,imap-attack,high,WHITE,blocklist.de/imap|blocklist.de/all|blocklist.de/mail|ziyadnz/hourly-ipv4,blocklist.de|imap|pop3|brute-force|spam|mail|ziyadnz|hourly,2026-08-17T18:48:05Z,2026-08-17T18:48:05Z,
45.162.20.74,ipv4,imap-attack,high,WHITE,blocklist.de/imap|blocklist.de/all|blocklist.de/mail|ziyadnz/hourly-ipv4,blocklist.de|imap|pop3|brute-force|spam|mail|ziyadnz|hourly,2026-08-17T18:48:05Z,2026-08-17T18:48:05Z,
45.162.21.201,ipv4,imap-attack,high,WHITE,blocklist.de/imap|blocklist.de/all|blocklist.de/mail|ziyadnz/hourly-ipv4,blocklist.de|imap|pop3|brute-force|spam|mail|ziyadnz|hourly,2026-08-17T18:48:05Z,2026-08-17T18:48:05Z,
45.162.21.226,ipv4,imap-attack,high,WHITE,blocklist.de/imap|blocklist.de/all|blocklist.de/mail|ziyadnz/hourly-ipv4,blocklist.de|imap|pop3|brute-force|spam|mail|ziyadnz|hourly,2026-08-17T18:48:05Z,2026-08-17T18:48:05Z,
45.162.21.29,ipv4,imap-attack,high,WHITE,blocklist.de/imap|blocklist.de/all|blocklist.de/mail|ziyadnz/hourly-ipv4,blocklist.de|imap|pop3|brute-force|spam|mail|ziyadnz|hourly,2026-08-17T18:48:05Z,2026-08-17T18:48:05Z,
45.162.21.44,ipv4,imap-attack,high,WHITE,blocklist.de/imap|blocklist.de/all|blocklist.de/mail|ziyadnz/hourly-ipv4,blocklist.de|imap|pop3|brute-force|spam|mail|ziyadnz|hourly,2026-08-17T18:48:05Z,2026-08-17T18:48:05Z,
45.163.86.141,ipv4,imap-attack,high,WHITE,blocklist.de/imap|blocklist.de/all|blocklist.de/mail|ziyadnz/hourly-ipv4,blocklist.de|imap|pop3|brute-force|spam|mail|ziyadnz|hourly,2026-08-17T18:48:05Z,2026-08-17T18:48:05Z,
45.164.115.86,ipv4,imap-attack,high,WHITE,blocklist.de/imap|blocklist.de/all|blocklist.de/mail|ziyadnz/hourly-ipv4,blocklist.de|imap|pop3|brute-force|spam|mail|ziyadnz|hourly,2026-08-17T18:48:05Z,2026-08-17T18:48:05Z,
45.170.228.172,ipv4,imap-attack,high,WHITE,blocklist.de/imap|blocklist.de/all|blocklist.de/mail|ziyadnz/hourly-ipv4,blocklist.de|imap|pop3|brute-force|spam|mail|ziyadnz|hourly,2026-08-17T18:48:05Z,2026-08-17T18:48:05Z,
45.173.218.10,ipv4,imap-attack,high,WHITE,blocklist.de/imap|blocklist.de/all|blocklist.de/mail|ziyadnz/hourly-ipv4,blocklist.de|imap|pop3|brute-force|spam|mail|ziyadnz|hourly,2026-08-17T18:48:05Z,2026-08-17T18:48:05Z,
45.174.188.140,ipv4,imap-attack,high,WHITE,blocklist.de/imap|blocklist.de/all|blocklist.de/mail|ziyadnz/hourly-ipv4,blocklist.de|imap|pop3|brute-force|spam|mail|ziyadnz|hourly,2026-08-17T18:48:05Z,2026-08-17T18:48:05Z,
45.175.39.39,ipv4,imap-attack,high,WHITE,blocklist.de/imap|blocklist.de/all|blocklist.de/mail|ziyadnz/hourly-ipv4,blocklist.de|imap|pop3|brute-force|spam|mail|ziyadnz|hourly,2026-08-17T18:48:05Z,2026-08-17T18:48:05Z,
45.176.66.33,ipv4,imap-attack,high,WHITE,blocklist.de/imap|blocklist.de/all|blocklist.de/mail|ziyadnz/hourly-ipv4,blocklist.de|imap|pop3|brute-force|spam|mail|ziyadnz|hourly,2026-08-17T18:48:05Z,2026-08-17T18:48:05Z,
45.177.200.224,ipv4,imap-attack,high,WHITE,blocklist.de/imap|blocklist.de/all|blocklist.de/mail|ziyadnz/hourly-ipv4,blocklist.de|imap|pop3|brute-force|spam|mail|ziyadnz|hourly,2026-08-17T18:48:05Z,2026-08-17T18:48:05Z,
45.177.200.241,ipv4,imap-attack,high,WHITE,blocklist.de/imap|blocklist.de/all|blocklist.de/mail|ziyadnz/hourly-ipv4,blocklist.de|imap|pop3|brute-force|spam|mail|ziyadnz|hourly,2026-08-17T18:48:05Z,2026-08-17T18:48:05Z,
45.177.200.246,ipv4,imap-attack,high,WHITE,blocklist.de/imap|blocklist.de/all|blocklist.de/mail|ziyadnz/hourly-ipv4,blocklist.de|imap|pop3|brute-force|spam|mail|ziyadnz|hourly,2026-08-17T18:48:05Z,2026-08-17T18:48:05Z,
45.177.200.254,ipv4,imap-attack,high,WHITE,blocklist.de/imap|blocklist.de/all|blocklist.de/mail|ziyadnz/hourly-ipv4,blocklist.de|imap|pop3|brute-force|spam|mail|ziyadnz|hourly,2026-08-17T18:48:05Z,2026-08-17T18:48:05Z,
45.177.209.197,ipv4,imap-attack,high,WHITE,blocklist.de/imap|blocklist.de/all|blocklist.de/mail|ziyadnz/hourly-ipv4,blocklist.de|imap|pop3|brute-force|spam|mail|ziyadnz|hourly,2026-08-17T18:48:05Z,2026-08-17T18:48:05Z,
45.178.227.0,ipv4,imap-attack,high,WHITE,blocklist.de/imap|blocklist.de/all|blocklist.de/mail|ziyadnz/hourly-ipv4,blocklist.de|imap|pop3|brute-force|spam|mail|ziyadnz|hourly,2026-08-17T18:48:05Z,2026-08-17T18:48:05Z,
45.179.173.213,ipv4,imap-attack,high,WHITE,blocklist.de/imap|blocklist.de/all|blocklist.de/mail|ziyadnz/hourly-ipv4,blocklist.de|imap|pop3|brute-force|spam|mail|ziyadnz|hourly,2026-08-17T18:48:05Z,2026-08-17T18:48:05Z,
45.179.189.70,ipv4,imap-attack,high,WHITE,blocklist.de/imap|blocklist.de/all|blocklist.de/mail|ziyadnz/hourly-ipv4,blocklist.de|imap|pop3|brute-force|spam|mail|ziyadnz|hourly,2026-08-17T18:48:05Z,2026-08-17T18:48:05Z,
45.181.167.34,ipv4,imap-attack,high,WHITE,blocklist.de/imap|blocklist.de/all|blocklist.de/mail|ziyadnz/hourly-ipv4,blocklist.de|imap|pop3|brute-force|spam|mail|ziyadnz|hourly,2026-08-17T18:48:05Z,2026-08-17T18:48:05Z,
45.181.215.76,ipv4,imap-attack,high,WHITE,blocklist.de/imap|blocklist.de/all|blocklist.de/mail|ziyadnz/hourly-ipv4,blocklist.de|imap|pop3|brute-force|spam|mail|ziyadnz|hourly,2026-08-17T18:48:05Z,2026-08-17T18:48:05Z,
45.181.215.92,ipv4,imap-attack,high,WHITE,blocklist.de/imap|blocklist.de/all|blocklist.de/mail|ziyadnz/hourly-ipv4,blocklist.de|imap|pop3|brute-force|spam|mail|ziyadnz|hourly,2026-08-17T18:48:05Z,2026-08-17T18:48:05Z,
45.183.187.214,ipv4,imap-attack,high,WHITE,blocklist.de/imap|blocklist.de/all|blocklist.de/mail|ziyadnz/hourly-ipv4,blocklist.de|imap|pop3|brute-force|spam|mail|ziyadnz|hourly,2026-08-17T18:48:05Z,2026-08-17T18:48:05Z,
45.183.2.49,ipv4,imap-attack,high,WHITE,blocklist.de/imap|blocklist.de/all|blocklist.de/mail|ziyadnz/hourly-ipv4,blocklist.de|imap|pop3|brute-force|spam|mail|ziyadnz|hourly,2026-08-17T18:48:05Z,2026-08-17T18:48:05Z,
45.183.225.161,ipv4,imap-attack,high,WHITE,blocklist.de/imap|blocklist.de/all|blocklist.de/mail|ziyadnz/hourly-ipv4,blocklist.de|imap|pop3|brute-force|spam|mail|ziyadnz|hourly,2026-08-17T18:48:05Z,2026-08-17T18:48:05Z,
45.183.92.157,ipv4,imap-attack,high,WHITE,blocklist.de/imap|blocklist.de/all|blocklist.de/mail|ziyadnz/hourly-ipv4,blocklist.de|imap|pop3|brute-force|spam|mail|ziyadnz|hourly,2026-08-17T18:48:05Z,2026-08-17T18:48:05Z,
45.183.92.181,ipv4,imap-attack,high,WHITE,blocklist.de/imap|blocklist.de/all|blocklist.de/mail|ziyadnz/hourly-ipv4,blocklist.de|imap|pop3|brute-force|spam|mail|ziyadnz|hourly,2026-08-17T18:48:05Z,2026-08-17T18:48:05Z,
45.183.93.165,ipv4,imap-attack,high,WHITE,blocklist.de/imap|blocklist.de/all|blocklist.de/mail|ziyadnz/hourly-ipv4,blocklist.de|imap|pop3|brute-force|spam|mail|ziyadnz|hourly,2026-08-17T18:48:05Z,2026-08-17T18:48:05Z,
45.184.180.232,ipv4,imap-attack,high,WHITE,blocklist.de/imap|blocklist.de/all|blocklist.de/mail|ziyadnz/hourly-ipv4,blocklist.de|imap|pop3|brute-force|spam|mail|ziyadnz|hourly,2026-08-17T18:48:05Z,2026-08-17T18:48:05Z,
45.185.193.165,ipv4,imap-attack,high,WHITE,blocklist.de/imap|blocklist.de/all|blocklist.de/mail|ziyadnz/hourly-ipv4,blocklist.de|imap|pop3|brute-force|spam|mail|ziyadnz|hourly,2026-08-17T18:48:05Z,2026-08-17T18:48:05Z,
45.186.99.155,ipv4,imap-attack,high,WHITE,blocklist.de/imap|blocklist.de/all|blocklist.de/mail|ziyadnz/hourly-ipv4,blocklist.de|imap|pop3|brute-force|spam|mail|ziyadnz|hourly,2026-08-17T18:48:05Z,2026-08-17T18:48:05Z,
45.187.234.19,ipv4,imap-attack,high,WHITE,blocklist.de/imap|blocklist.de/all|blocklist.de/mail|ziyadnz/hourly-ipv4,blocklist.de|imap|pop3|brute-force|spam|mail|ziyadnz|hourly,2026-08-17T18:48:05Z,2026-08-17T18:48:05Z,
45.190.140.230,ipv4,imap-attack,high,WHITE,blocklist.de/imap|blocklist.de/all|blocklist.de/mail|ziyadnz/hourly-ipv4,blocklist.de|imap|pop3|brute-force|spam|mail|ziyadnz|hourly,2026-08-17T18:48:05Z,2026-08-17T18:48:05Z,
45.190.204.227,ipv4,imap-attack,high,WHITE,blocklist.de/imap|blocklist.de/all|blocklist.de/mail|ziyadnz/hourly-ipv4,blocklist.de|imap|pop3|brute-force|spam|mail|ziyadnz|hourly,2026-08-17T18:48:05Z,2026-08-17T18:48:05Z,
45.190.204.238,ipv4,imap-attack,high,WHITE,blocklist.de/imap|blocklist.de/all|blocklist.de/mail|ziyadnz/hourly-ipv4,blocklist.de|imap|pop3|brute-force|spam|mail|ziyadnz|hourly,2026-08-17T18:48:05Z,2026-08-17T18:48:05Z,
45.190.204.99,ipv4,imap-attack,high,WHITE,blocklist.de/imap|blocklist.de/all|blocklist.de/mail|ziyadnz/hourly-ipv4,blocklist.de|imap|pop3|brute-force|spam|mail|ziyadnz|hourly,2026-08-17T18:48:05Z,2026-08-17T18:48:05Z,
45.190.205.132,ipv4,imap-attack,high,WHITE,blocklist.de/imap|blocklist.de/all|blocklist.de/mail|ziyadnz/hourly-ipv4,blocklist.de|imap|pop3|brute-force|spam|mail|ziyadnz|hourly,2026-08-17T18:48:05Z,2026-08-17T18:48:05Z,
45.190.205.193,ipv4,imap-attack,high,WHITE,blocklist.de/imap|blocklist.de/all|blocklist.de/mail|ziyadnz/hourly-ipv4,blocklist.de|imap|pop3|brute-force|spam|mail|ziyadnz|hourly,2026-08-17T18:48:05Z,2026-08-17T18:48:05Z,
45.190.207.211,ipv4,imap-attack,high,WHITE,blocklist.de/imap|blocklist.de/all|blocklist.de/mail|ziyadnz/hourly-ipv4,blocklist.de|imap|pop3|brute-force|spam|mail|ziyadnz|hourly,2026-08-17T18:48:05Z,2026-08-17T18:48:05Z,
45.191.91.81,ipv4,imap-attack,high,WHITE,blocklist.de/imap|blocklist.de/all|blocklist.de/mail|ziyadnz/hourly-ipv4,blocklist.de|imap|pop3|brute-force|spam|mail|ziyadnz|hourly,2026-08-17T18:48:05Z,2026-08-17T18:48:05Z,
45.194.90.160,ipv4,imap-attack,high,WHITE,blocklist.de/imap|blocklist.de/all|blocklist.de/mail|ziyadnz/hourly-ipv4,blocklist.de|imap|pop3|brute-force|spam|mail|ziyadnz|hourly,2026-08-17T18:48:05Z,2026-08-17T18:48:05Z,
45.195.12.101,ipv4,imap-attack,high,WHITE,blocklist.de/imap|blocklist.de/all|blocklist.de/mail|ziyadnz/hourly-ipv4,blocklist.de|imap|pop3|brute-force|spam|mail|ziyadnz|hourly,2026-08-17T18:48:05Z,2026-08-17T18:48:05Z,
45.219.171.80,ipv4,imap-attack,high,WHITE,blocklist.de/imap|blocklist.de/all|blocklist.de/mail|ziyadnz/hourly-ipv4,blocklist.de|imap|pop3|brute-force|spam|mail|ziyadnz|hourly,2026-08-17T18:48:05Z,2026-08-17T18:48:05Z,
45.224.168.229,ipv4,imap-attack,high,WHITE,blocklist.de/imap|blocklist.de/all|blocklist.de/mail|ziyadnz/hourly-ipv4,blocklist.de|imap|pop3|brute-force|spam|mail|ziyadnz|hourly,2026-08-17T18:48:05Z,2026-08-17T18:48:05Z,
45.226.154.124,ipv4,imap-attack,high,WHITE,blocklist.de/imap|blocklist.de/all|blocklist.de/mail|ziyadnz/hourly-ipv4,blocklist.de|imap|pop3|brute-force|spam|mail|ziyadnz|hourly,2026-08-17T18:48:05Z,2026-08-17T18:48:05Z,
45.227.126.232,ipv4,imap-attack,high,WHITE,blocklist.de/imap|blocklist.de/all|blocklist.de/mail|ziyadnz/hourly-ipv4,blocklist.de|imap|pop3|brute-force|spam|mail|ziyadnz|hourly,2026-08-17T18:48:05Z,2026-08-17T18:48:05Z,
45.227.34.5,ipv4,imap-attack,high,WHITE,blocklist.de/imap|blocklist.de/all|blocklist.de/mail|ziyadnz/hourly-ipv4,blocklist.de|imap|pop3|brute-force|spam|mail|ziyadnz|hourly,2026-08-17T18:48:05Z,2026-08-17T18:48:05Z,
45.231.88.58,ipv4,imap-attack,high,WHITE,blocklist.de/imap|blocklist.de/all|blocklist.de/mail|ziyadnz/hourly-ipv4,blocklist.de|imap|pop3|brute-force|spam|mail|ziyadnz|hourly,2026-08-17T18:48:05Z,2026-08-17T18:48:05Z,
45.232.243.214,ipv4,imap-attack,high,WHITE,blocklist.de/imap|blocklist.de/all|blocklist.de/mail|ziyadnz/hourly-ipv4,blocklist.de|imap|pop3|brute-force|spam|mail|ziyadnz|hourly,2026-08-17T18:48:05Z,2026-08-17T18:48:05Z,
45.232.65.181,ipv4,imap-attack,high,WHITE,blocklist.de/imap|blocklist.de/all|blocklist.de/mail|ziyadnz/hourly-ipv4,blocklist.de|imap|pop3|brute-force|spam|mail|ziyadnz|hourly,2026-08-17T18:48:05Z,2026-08-17T18:48:05Z,
45.233.57.208,ipv4,imap-attack,high,WHITE,blocklist.de/imap|blocklist.de/all|blocklist.de/mail|ziyadnz/hourly-ipv4,blocklist.de|imap|pop3|brute-force|spam|mail|ziyadnz|hourly,2026-08-17T18:48:05Z,2026-08-17T18:48:05Z,
45.234.79.223,ipv4,imap-attack,high,WHITE,blocklist.de/imap|blocklist.de/all|blocklist.de/mail|ziyadnz/hourly-ipv4,blocklist.de|imap|pop3|brute-force|spam|mail|ziyadnz|hourly,2026-08-17T18:48:05Z,2026-08-17T18:48:05Z,
45.236.85.114,ipv4,imap-attack,high,WHITE,blocklist.de/imap|blocklist.de/all|blocklist.de/mail|ziyadnz/hourly-ipv4,blocklist.de|imap|pop3|brute-force|spam|mail|ziyadnz|hourly,2026-08-17T18:48:05Z,2026-08-17T18:48:05Z,
45.236.85.34,ipv4,imap-attack,high,WHITE,blocklist.de/imap|blocklist.de/all|blocklist.de/mail|ziyadnz/hourly-ipv4,blocklist.de|imap|pop3|brute-force|spam|mail|ziyadnz|hourly,2026-08-17T18:48:05Z,2026-08-17T18:48:05Z,
45.238.105.144,ipv4,imap-attack,high,WHITE,blocklist.de/imap|blocklist.de/all|blocklist.de/mail|ziyadnz/hourly-ipv4,blocklist.de|imap|pop3|brute-force|spam|mail|ziyadnz|hourly,2026-08-17T18:48:05Z,2026-08-17T18:48:05Z,
45.238.106.143,ipv4,imap-attack,high,WHITE,blocklist.de/imap|blocklist.de/all|blocklist.de/mail|ziyadnz/hourly-ipv4,blocklist.de|imap|pop3|brute-force|spam|mail|ziyadnz|hourly,2026-08-17T18:48:05Z,2026-08-17T18:48:05Z,
45.238.106.145,ipv4,imap-attack,high,WHITE,blocklist.de/imap|blocklist.de/all|blocklist.de/mail|ziyadnz/hourly-ipv4,blocklist.de|imap|pop3|brute-force|spam|mail|ziyadnz|hourly,2026-08-17T18:48:05Z,2026-08-17T18:48:05Z,
45.238.106.151,ipv4,imap-attack,high,WHITE,blocklist.de/imap|blocklist.de/all|blocklist.de/mail|ziyadnz/hourly-ipv4,blocklist.de|imap|pop3|brute-force|spam|mail|ziyadnz|hourly,2026-08-17T18:48:05Z,2026-08-17T18:48:05Z,
45.238.106.163,ipv4,imap-attack,high,WHITE,blocklist.de/imap|blocklist.de/all|blocklist.de/mail|ziyadnz/hourly-ipv4,blocklist.de|imap|pop3|brute-force|spam|mail|ziyadnz|hourly,2026-08-17T18:48:05Z,2026-08-17T18:48:05Z,
45.238.106.167,ipv4,imap-attack,high,WHITE,blocklist.de/imap|blocklist.de/all|blocklist.de/mail|ziyadnz/hourly-ipv4,blocklist.de|imap|pop3|brute-force|spam|mail|ziyadnz|hourly,2026-08-17T18:48:05Z,2026-08-17T18:48:05Z,
45.238.106.189,ipv4,imap-attack,high,WHITE,blocklist.de/imap|blocklist.de/all|blocklist.de/mail|ziyadnz/hourly-ipv4,blocklist.de|imap|pop3|brute-force|spam|mail|ziyadnz|hourly,2026-08-17T18:48:05Z,2026-08-17T18:48:05Z,
45.238.107.113,ipv4,imap-attack,high,WHITE,blocklist.de/imap|blocklist.de/all|blocklist.de/mail|ziyadnz/hourly-ipv4,blocklist.de|imap|pop3|brute-force|spam|mail|ziyadnz|hourly,2026-08-17T18:48:05Z,2026-08-17T18:48:05Z,
45.238.2.37,ipv4,imap-attack,high,WHITE,blocklist.de/imap|blocklist.de/all|blocklist.de/mail|ziyadnz/hourly-ipv4,blocklist.de|imap|pop3|brute-force|spam|mail|ziyadnz|hourly,2026-08-17T18:48:05Z,2026-08-17T18:48:05Z,
45.238.2.67,ipv4,imap-attack,high,WHITE,blocklist.de/imap|blocklist.de/all|blocklist.de/mail|ziyadnz/hourly-ipv4,blocklist.de|imap|pop3|brute-force|spam|mail|ziyadnz|hourly,2026-08-17T18:48:05Z,2026-08-17T18:48:05Z,
45.239.77.14,ipv4,imap-attack,high,WHITE,blocklist.de/imap|blocklist.de/all|blocklist.de/mail|ziyadnz/hourly-ipv4,blocklist.de|imap|pop3|brute-force|spam|mail|ziyadnz|hourly,2026-08-17T18:48:05Z,2026-08-17T18:48:05Z,
45.26.184.5,ipv4,imap-attack,high,WHITE,blocklist.de/imap|blocklist.de/all|blocklist.de/mail|ziyadnz/hourly-ipv4,blocklist.de|imap|pop3|brute-force|spam|mail|ziyadnz|hourly,2026-08-17T18:48:05Z,2026-08-17T18:48:05Z,
45.4.148.38,ipv4,imap-attack,high,WHITE,blocklist.de/imap|blocklist.de/all|blocklist.de/mail|ziyadnz/hourly-ipv4,blocklist.de|imap|pop3|brute-force|spam|mail|ziyadnz|hourly,2026-08-17T18:48:05Z,2026-08-17T18:48:05Z,
45.4.191.187,ipv4,imap-attack,high,WHITE,blocklist.de/imap|blocklist.de/all|blocklist.de/mail|ziyadnz/hourly-ipv4,blocklist.de|imap|pop3|brute-force|spam|mail|ziyadnz|hourly,2026-08-17T18:48:05Z,2026-08-17T18:48:05Z,
45.4.248.242,ipv4,imap-attack,high,WHITE,blocklist.de/imap|blocklist.de/all|blocklist.de/mail|ziyadnz/hourly-ipv4,blocklist.de|imap|pop3|brute-force|spam|mail|ziyadnz|hourly,2026-08-17T18:48:05Z,2026-08-17T18:48:05Z,
45.67.155.107,ipv4,imap-attack,high,WHITE,blocklist.de/imap|blocklist.de/all|blocklist.de/mail|ziyadnz/hourly-ipv4,blocklist.de|imap|pop3|brute-force|spam|mail|ziyadnz|hourly,2026-08-17T18:48:05Z,2026-08-17T18:48:05Z,
45.67.155.109,ipv4,imap-attack,high,WHITE,blocklist.de/imap|blocklist.de/all|blocklist.de/mail|ziyadnz/hourly-ipv4,blocklist.de|imap|pop3|brute-force|spam|mail|ziyadnz|hourly,2026-08-17T18:48:05Z,2026-08-17T18:48:05Z,
45.67.155.114,ipv4,imap-attack,high,WHITE,blocklist.de/imap|blocklist.de/all|blocklist.de/mail|ziyadnz/hourly-ipv4,blocklist.de|imap|pop3|brute-force|spam|mail|ziyadnz|hourly,2026-08-17T18:48:05Z,2026-08-17T18:48:05Z,
45.67.155.118,ipv4,imap-attack,high,WHITE,blocklist.de/imap|blocklist.de/all|blocklist.de/mail|ziyadnz/hourly-ipv4,blocklist.de|imap|pop3|brute-force|spam|mail|ziyadnz|hourly,2026-08-17T18:48:05Z,2026-08-17T18:48:05Z,
45.67.155.120,ipv4,imap-attack,high,WHITE,blocklist.de/imap|blocklist.de/all|blocklist.de/mail|ziyadnz/hourly-ipv4,blocklist.de|imap|pop3|brute-force|spam|mail|ziyadnz|hourly,2026-08-17T18:48:05Z,2026-08-17T18:48:05Z,
45.67.155.130,ipv4,imap-attack,high,WHITE,blocklist.de/imap|blocklist.de/all|blocklist.de/mail|ziyadnz/hourly-ipv4,blocklist.de|imap|pop3|brute-force|spam|mail|ziyadnz|hourly,2026-08-17T18:48:05Z,2026-08-17T18:48:05Z,
45.67.155.137,ipv4,imap-attack,high,WHITE,blocklist.de/imap|blocklist.de/all|blocklist.de/mail|ziyadnz/hourly-ipv4,blocklist.de|imap|pop3|brute-force|spam|mail|ziyadnz|hourly,2026-08-17T18:48:05Z,2026-08-17T18:48:05Z,
45.67.155.165,ipv4,imap-attack,high,WHITE,blocklist.de/imap|blocklist.de/all|blocklist.de/mail|ziyadnz/hourly-ipv4,blocklist.de|imap|pop3|brute-force|spam|mail|ziyadnz|hourly,2026-08-17T18:48:05Z,2026-08-17T18:48:05Z,
45.67.155.166,ipv4,imap-attack,high,WHITE,blocklist.de/imap|blocklist.de/all|blocklist.de/mail|ziyadnz/hourly-ipv4,blocklist.de|imap|pop3|brute-force|spam|mail|ziyadnz|hourly,2026-08-17T18:48:05Z,2026-08-17T18:48:05Z,
45.67.155.172,ipv4,imap-attack,high,WHITE,blocklist.de/imap|blocklist.de/all|blocklist.de/mail|ziyadnz/hourly-ipv4,blocklist.de|imap|pop3|brute-force|spam|mail|ziyadnz|hourly,2026-08-17T18:48:05Z,2026-08-17T18:48:05Z,
45.67.155.183,ipv4,imap-attack,high,WHITE,blocklist.de/imap|blocklist.de/all|blocklist.de/mail|ziyadnz/hourly-ipv4,blocklist.de|imap|pop3|brute-force|spam|mail|ziyadnz|hourly,2026-08-17T18:48:05Z,2026-08-17T18:48:05Z,
45.67.155.204,ipv4,imap-attack,high,WHITE,blocklist.de/imap|blocklist.de/all|blocklist.de/mail|ziyadnz/hourly-ipv4,blocklist.de|imap|pop3|brute-force|spam|mail|ziyadnz|hourly,2026-08-17T18:48:05Z,2026-08-17T18:48:05Z,
45.67.155.205,ipv4,imap-attack,high,WHITE,blocklist.de/imap|blocklist.de/all|blocklist.de/mail|ziyadnz/hourly-ipv4,blocklist.de|imap|pop3|brute-force|spam|mail|ziyadnz|hourly,2026-08-17T18:48:05Z,2026-08-17T18:48:05Z,
45.67.155.235,ipv4,imap-attack,high,WHITE,blocklist.de/imap|blocklist.de/all|blocklist.de/mail|ziyadnz/hourly-ipv4,blocklist.de|imap|pop3|brute-force|spam|mail|ziyadnz|hourly,2026-08-17T18:48:05Z,2026-08-17T18:48:05Z,
45.67.155.80,ipv4,imap-attack,high,WHITE,blocklist.de/imap|blocklist.de/all|blocklist.de/mail|ziyadnz/hourly-ipv4,blocklist.de|imap|pop3|brute-force|spam|mail|ziyadnz|hourly,2026-08-17T18:48:05Z,2026-08-17T18:48:05Z,
45.67.184.199,ipv4,imap-attack,high,WHITE,blocklist.de/imap|blocklist.de/all|blocklist.de/mail|ziyadnz/hourly-ipv4,blocklist.de|imap|pop3|brute-force|spam|mail|ziyadnz|hourly,2026-08-17T18:48:05Z,2026-08-17T18:48:05Z,
45.7.110.6,ipv4,imap-attack,high,WHITE,blocklist.de/imap|blocklist.de/all|blocklist.de/mail|ziyadnz/hourly-ipv4,blocklist.de|imap|pop3|brute-force|spam|mail|ziyadnz|hourly,2026-08-17T18:48:05Z,2026-08-17T18:48:05Z,
45.7.187.132,ipv4,imap-attack,high,WHITE,blocklist.de/imap|blocklist.de/all|blocklist.de/mail|ziyadnz/hourly-ipv4,blocklist.de|imap|pop3|brute-force|spam|mail|ziyadnz|hourly,2026-08-17T18:48:05Z,2026-08-17T18:48:05Z,
45.7.187.206,ipv4,imap-attack,high,WHITE,blocklist.de/imap|blocklist.de/all|blocklist.de/mail|ziyadnz/hourly-ipv4,blocklist.de|imap|pop3|brute-force|spam|mail|ziyadnz|hourly,2026-08-17T18:48:05Z,2026-08-17T18:48:05Z,
45.71.218.3,ipv4,imap-attack,high,WHITE,blocklist.de/imap|blocklist.de/all|blocklist.de/mail|ziyadnz/hourly-ipv4,blocklist.de|imap|pop3|brute-force|spam|mail|ziyadnz|hourly,2026-08-17T18:48:05Z,2026-08-17T18:48:05Z,
45.71.236.38,ipv4,imap-attack,high,WHITE,blocklist.de/imap|blocklist.de/all|blocklist.de/mail|ziyadnz/hourly-ipv4,blocklist.de|imap|pop3|brute-force|spam|mail|ziyadnz|hourly,2026-08-17T18:48:05Z,2026-08-17T18:48:05Z,
45.82.109.136,ipv4,imap-attack,high,WHITE,blocklist.de/imap|blocklist.de/all|blocklist.de/mail|ziyadnz/hourly-ipv4,blocklist.de|imap|pop3|brute-force|spam|mail|ziyadnz|hourly,2026-08-17T18:48:05Z,2026-08-17T18:48:05Z,
45.82.110.150,ipv4,imap-attack,high,WHITE,blocklist.de/imap|blocklist.de/all|blocklist.de/mail|ziyadnz/hourly-ipv4,blocklist.de|imap|pop3|brute-force|spam|mail|ziyadnz|hourly,2026-08-17T18:48:05Z,2026-08-17T18:48:05Z,
45.84.168.190,ipv4,imap-attack,high,WHITE,blocklist.de/imap|blocklist.de/all|blocklist.de/mail|ziyadnz/hourly-ipv4,blocklist.de|imap|pop3|brute-force|spam|mail|ziyadnz|hourly,2026-08-17T18:48:05Z,2026-08-17T18:48:05Z,
45.85.208.13,ipv4,imap-attack,high,WHITE,blocklist.de/imap|blocklist.de/all|blocklist.de/mail|ziyadnz/hourly-ipv4,blocklist.de|imap|pop3|brute-force|spam|mail|ziyadnz|hourly,2026-08-17T18:48:05Z,2026-08-17T18:48:05Z,
46.10.210.68,ipv4,imap-attack,high,WHITE,blocklist.de/imap|blocklist.de/all|blocklist.de/mail|ziyadnz/hourly-ipv4,blocklist.de|imap|pop3|brute-force|spam|mail|ziyadnz|hourly,2026-08-17T18:48:05Z,2026-08-17T18:48:05Z,
46.100.16.24,ipv4,imap-attack,high,WHITE,blocklist.de/imap|blocklist.de/all|blocklist.de/mail|ziyadnz/hourly-ipv4,blocklist.de|imap|pop3|brute-force|spam|mail|ziyadnz|hourly,2026-08-17T18:48:05Z,2026-08-17T18:48:05Z,
46.100.40.244,ipv4,imap-attack,high,WHITE,blocklist.de/imap|blocklist.de/all|blocklist.de/mail|ziyadnz/hourly-ipv4,blocklist.de|imap|pop3|brute-force|spam|mail|ziyadnz|hourly,2026-08-17T18:48:05Z,2026-08-17T18:48:05Z,
46.100.43.138,ipv4,imap-attack,high,WHITE,blocklist.de/imap|blocklist.de/all|blocklist.de/mail|ziyadnz/hourly-ipv4,blocklist.de|imap|pop3|brute-force|spam|mail|ziyadnz|hourly,2026-08-17T18:48:05Z,2026-08-17T18:48:05Z,
46.100.53.68,ipv4,imap-attack,high,WHITE,blocklist.de/imap|blocklist.de/all|blocklist.de/mail|ziyadnz/hourly-ipv4,blocklist.de|imap|pop3|brute-force|spam|mail|ziyadnz|hourly,2026-08-17T18:48:05Z,2026-08-17T18:48:05Z,
46.101.9.55,ipv4,imap-attack,high,WHITE,blocklist.de/imap|blocklist.de/all|blocklist.de/mail|ziyadnz/hourly-ipv4,blocklist.de|imap|pop3|brute-force|spam|mail|ziyadnz|hourly,2026-08-17T18:48:05Z,2026-08-17T18:48:05Z,
46.114.240.33,ipv4,imap-attack,high,WHITE,blocklist.de/imap|blocklist.de/all|blocklist.de/mail|ziyadnz/hourly-ipv4,blocklist.de|imap|pop3|brute-force|spam|mail|ziyadnz|hourly,2026-08-17T18:48:05Z,2026-08-17T18:48:05Z,
46.128.175.173,ipv4,imap-attack,high,WHITE,blocklist.de/imap|blocklist.de/all|blocklist.de/mail|ziyadnz/hourly-ipv4,blocklist.de|imap|pop3|brute-force|spam|mail|ziyadnz|hourly,2026-08-17T18:48:05Z,2026-08-17T18:48:05Z,
46.129.5.66,ipv4,imap-attack,high,WHITE,blocklist.de/imap|blocklist.de/all|blocklist.de/mail|ziyadnz/hourly-ipv4,blocklist.de|imap|pop3|brute-force|spam|mail|ziyadnz|hourly,2026-08-17T18:48:05Z,2026-08-17T18:48:05Z,
46.129.9.170,ipv4,imap-attack,high,WHITE,blocklist.de/imap|blocklist.de/all|blocklist.de/mail|ziyadnz/hourly-ipv4,blocklist.de|imap|pop3|brute-force|spam|mail|ziyadnz|hourly,2026-08-17T18:48:05Z,2026-08-17T18:48:05Z,
46.144.194.122,ipv4,imap-attack,high,WHITE,blocklist.de/imap|blocklist.de/all|blocklist.de/mail|ziyadnz/hourly-ipv4,blocklist.de|imap|pop3|brute-force|spam|mail|ziyadnz|hourly,2026-08-17T18:48:05Z,2026-08-17T18:48:05Z,
46.149.83.62,ipv4,imap-attack,high,WHITE,blocklist.de/imap|blocklist.de/all|blocklist.de/mail|ziyadnz/hourly-ipv4,blocklist.de|imap|pop3|brute-force|spam|mail|ziyadnz|hourly,2026-08-17T18:48:05Z,2026-08-17T18:48:05Z,
46.151.182.216,ipv4,imap-attack,high,WHITE,blocklist.de/imap|blocklist.de/all|blocklist.de/mail|ziyadnz/hourly-ipv4,blocklist.de|imap|pop3|brute-force|spam|mail|ziyadnz|hourly,2026-08-17T18:48:05Z,2026-08-17T18:48:05Z,
46.151.182.221,ipv4,imap-attack,high,WHITE,blocklist.de/imap|blocklist.de/all|blocklist.de/mail|ziyadnz/hourly-ipv4,blocklist.de|imap|pop3|brute-force|spam|mail|ziyadnz|hourly,2026-08-17T18:48:05Z,2026-08-17T18:48:05Z,
46.151.182.222,ipv4,imap-attack,high,WHITE,blocklist.de/imap|blocklist.de/all|blocklist.de/mail|ziyadnz/hourly-ipv4,blocklist.de|imap|pop3|brute-force|spam|mail|ziyadnz|hourly,2026-08-17T18:48:05Z,2026-08-17T18:48:05Z,
46.151.182.247,ipv4,imap-attack,high,WHITE,blocklist.de/imap|blocklist.de/all|blocklist.de/mail|ziyadnz/hourly-ipv4,blocklist.de|imap|pop3|brute-force|spam|mail|ziyadnz|hourly,2026-08-17T18:48:05Z,2026-08-17T18:48:05Z,
46.151.182.54,ipv4,imap-attack,high,WHITE,blocklist.de/imap|blocklist.de/all|blocklist.de/mail|ziyadnz/hourly-ipv4,blocklist.de|imap|pop3|brute-force|spam|mail|ziyadnz|hourly,2026-08-17T18:48:05Z,2026-08-17T18:48:05Z,
46.152.21.203,ipv4,imap-attack,high,WHITE,blocklist.de/imap|blocklist.de/all|blocklist.de/mail|ziyadnz/hourly-ipv4,blocklist.de|imap|pop3|brute-force|spam|mail|ziyadnz|hourly,2026-08-17T18:48:05Z,2026-08-17T18:48:05Z,
46.163.189.191,ipv4,imap-attack,high,WHITE,blocklist.de/imap|blocklist.de/all|blocklist.de/mail|ziyadnz/hourly-ipv4,blocklist.de|imap|pop3|brute-force|spam|mail|ziyadnz|hourly,2026-08-17T18:48:05Z,2026-08-17T18:48:05Z,
46.175.185.48,ipv4,imap-attack,high,WHITE,blocklist.de/imap|blocklist.de/all|blocklist.de/mail|ziyadnz/hourly-ipv4,blocklist.de|imap|pop3|brute-force|spam|mail|ziyadnz|hourly,2026-08-17T18:48:05Z,2026-08-17T18:48:05Z,
46.191.197.143,ipv4,imap-attack,high,WHITE,blocklist.de/imap|blocklist.de/all|blocklist.de/mail|ziyadnz/hourly-ipv4,blocklist.de|imap|pop3|brute-force|spam|mail|ziyadnz|hourly,2026-08-17T18:48:05Z,2026-08-17T18:48:05Z,
46.20.58.244,ipv4,imap-attack,high,WHITE,blocklist.de/imap|blocklist.de/all|blocklist.de/mail|ziyadnz/hourly-ipv4,blocklist.de|imap|pop3|brute-force|spam|mail|ziyadnz|hourly,2026-08-17T18:48:05Z,2026-08-17T18:48:05Z,
46.20.58.65,ipv4,imap-attack,high,WHITE,blocklist.de/imap|blocklist.de/all|blocklist.de/mail|ziyadnz/hourly-ipv4,blocklist.de|imap|pop3|brute-force|spam|mail|ziyadnz|hourly,2026-08-17T18:48:05Z,2026-08-17T18:48:05Z,
46.201.247.21,ipv4,imap-attack,high,WHITE,blocklist.de/imap|blocklist.de/all|blocklist.de/mail|ziyadnz/hourly-ipv4,blocklist.de|imap|pop3|brute-force|spam|mail|ziyadnz|hourly,2026-08-17T18:48:05Z,2026-08-17T18:48:05Z,
46.210.121.205,ipv4,imap-attack,high,WHITE,blocklist.de/imap|blocklist.de/all|blocklist.de/mail|ziyadnz/hourly-ipv4,blocklist.de|imap|pop3|brute-force|spam|mail|ziyadnz|hourly,2026-08-17T18:48:05Z,2026-08-17T18:48:05Z,
46.216.198.132,ipv4,imap-attack,high,WHITE,blocklist.de/imap|blocklist.de/all|blocklist.de/mail|ziyadnz/hourly-ipv4,blocklist.de|imap|pop3|brute-force|spam|mail|ziyadnz|hourly,2026-08-17T18:48:05Z,2026-08-17T18:48:05Z,
46.227.39.49,ipv4,imap-attack,high,WHITE,blocklist.de/imap|blocklist.de/all|blocklist.de/mail|ziyadnz/hourly-ipv4,blocklist.de|imap|pop3|brute-force|spam|mail|ziyadnz|hourly,2026-08-17T18:48:05Z,2026-08-17T18:48:05Z,
46.35.117.110,ipv4,imap-attack,high,WHITE,blocklist.de/imap|blocklist.de/all|blocklist.de/mail|ziyadnz/hourly-ipv4,blocklist.de|imap|pop3|brute-force|spam|mail|ziyadnz|hourly,2026-08-17T18:48:05Z,2026-08-17T18:48:05Z,
46.36.65.107,ipv4,imap-attack,high,WHITE,blocklist.de/imap|blocklist.de/all|blocklist.de/mail|ziyadnz/hourly-ipv4,blocklist.de|imap|pop3|brute-force|spam|mail|ziyadnz|hourly,2026-08-17T18:48:05Z,2026-08-17T18:48:05Z,
46.59.109.4,ipv4,imap-attack,high,WHITE,blocklist.de/imap|blocklist.de/all|blocklist.de/mail|ziyadnz/hourly-ipv4,blocklist.de|imap|pop3|brute-force|spam|mail|ziyadnz|hourly,2026-08-17T18:48:05Z,2026-08-17T18:48:05Z,
46.59.88.179,ipv4,imap-attack,high,WHITE,blocklist.de/imap|blocklist.de/all|blocklist.de/mail|ziyadnz/hourly-ipv4,blocklist.de|imap|pop3|brute-force|spam|mail|ziyadnz|hourly,2026-08-17T18:48:05Z,2026-08-17T18:48:05Z,
46.59.88.232,ipv4,imap-attack,high,WHITE,blocklist.de/imap|blocklist.de/all|blocklist.de/mail|ziyadnz/hourly-ipv4,blocklist.de|imap|pop3|brute-force|spam|mail|ziyadnz|hourly,2026-08-17T18:48:05Z,2026-08-17T18:48:05Z,
46.59.90.246,ipv4,imap-attack,high,WHITE,blocklist.de/imap|blocklist.de/all|blocklist.de/mail|ziyadnz/hourly-ipv4,blocklist.de|imap|pop3|brute-force|spam|mail|ziyadnz|hourly,2026-08-17T18:48:05Z,2026-08-17T18:48:05Z,
46.59.91.138,ipv4,imap-attack,high,WHITE,blocklist.de/imap|blocklist.de/all|blocklist.de/mail|ziyadnz/hourly-ipv4,blocklist.de|imap|pop3|brute-force|spam|mail|ziyadnz|hourly,2026-08-17T18:48:05Z,2026-08-17T18:48:05Z,
46.77.69.201,ipv4,imap-attack,high,WHITE,blocklist.de/imap|blocklist.de/all|blocklist.de/mail|ziyadnz/hourly-ipv4,blocklist.de|imap|pop3|brute-force|spam|mail|ziyadnz|hourly,2026-08-17T18:48:05Z,2026-08-17T18:48:05Z,
46.77.70.142,ipv4,imap-attack,high,WHITE,blocklist.de/imap|blocklist.de/all|blocklist.de/mail|ziyadnz/hourly-ipv4,blocklist.de|imap|pop3|brute-force|spam|mail|ziyadnz|hourly,2026-08-17T18:48:05Z,2026-08-17T18:48:05Z,
46.8.245.100,ipv4,imap-attack,high,WHITE,blocklist.de/imap|blocklist.de/all|blocklist.de/mail|ziyadnz/hourly-ipv4,blocklist.de|imap|pop3|brute-force|spam|mail|ziyadnz|hourly,2026-08-17T18:48:05Z,2026-08-17T18:48:05Z,
46.8.246.27,ipv4,imap-attack,high,WHITE,blocklist.de/imap|blocklist.de/all|blocklist.de/mail|ziyadnz/hourly-ipv4,blocklist.de|imap|pop3|brute-force|spam|mail|ziyadnz|hourly,2026-08-17T18:48:05Z,2026-08-17T18:48:05Z,
47.100.252.211,ipv4,imap-attack,high,WHITE,blocklist.de/imap|blocklist.de/all|blocklist.de/mail|ziyadnz/hourly-ipv4,blocklist.de|imap|pop3|brute-force|spam|mail|ziyadnz|hourly,2026-08-17T18:48:05Z,2026-08-17T18:48:05Z,
47.15.237.46,ipv4,imap-attack,high,WHITE,blocklist.de/imap|blocklist.de/all|blocklist.de/mail|ziyadnz/hourly-ipv4,blocklist.de|imap|pop3|brute-force|spam|mail|ziyadnz|hourly,2026-08-17T18:48:05Z,2026-08-17T18:48:05Z,
47.186.143.237,ipv4,imap-attack,high,WHITE,blocklist.de/imap|blocklist.de/all|blocklist.de/mail|ziyadnz/hourly-ipv4,blocklist.de|imap|pop3|brute-force|spam|mail|ziyadnz|hourly,2026-08-17T18:48:05Z,2026-08-17T18:48:05Z,
47.218.210.182,ipv4,imap-attack,high,WHITE,blocklist.de/imap|blocklist.de/all|blocklist.de/mail|ziyadnz/hourly-ipv4,blocklist.de|imap|pop3|brute-force|spam|mail|ziyadnz|hourly,2026-08-17T18:48:05Z,2026-08-17T18:48:05Z,
47.223.212.176,ipv4,imap-attack,high,WHITE,blocklist.de/imap|blocklist.de/all|blocklist.de/mail|ziyadnz/hourly-ipv4,blocklist.de|imap|pop3|brute-force|spam|mail|ziyadnz|hourly,2026-08-17T18:48:05Z,2026-08-17T18:48:05Z,
47.234.138.49,ipv4,imap-attack,high,WHITE,blocklist.de/imap|blocklist.de/all|blocklist.de/mail|ziyadnz/hourly-ipv4,blocklist.de|imap|pop3|brute-force|spam|mail|ziyadnz|hourly,2026-08-17T18:48:05Z,2026-08-17T18:48:05Z,
47.247.73.99,ipv4,imap-attack,high,WHITE,blocklist.de/imap|blocklist.de/all|blocklist.de/mail,blocklist.de|imap|pop3|brute-force|spam|mail|ziyadnz|hourly,2026-08-17T18:48:05Z,2026-08-17T18:48:05Z,
47.253.105.233,ipv4,imap-attack,high,WHITE,blocklist.de/imap|blocklist.de/all|blocklist.de/mail|ziyadnz/hourly-ipv4,blocklist.de|imap|pop3|brute-force|spam|mail|ziyadnz|hourly,2026-08-17T18:48:05Z,2026-08-17T18:48:05Z,
47.84.112.180,ipv4,imap-attack,high,WHITE,blocklist.de/imap|blocklist.de/all|blocklist.de/mail|ziyadnz/hourly-ipv4,blocklist.de|imap|pop3|brute-force|spam|mail|ziyadnz|hourly,2026-08-17T18:48:05Z,2026-08-17T18:48:05Z,
49.124.147.111,ipv4,imap-attack,high,WHITE,blocklist.de/imap|blocklist.de/all|blocklist.de/mail|ziyadnz/hourly-ipv4,blocklist.de|imap|pop3|brute-force|spam|mail|ziyadnz|hourly,2026-08-17T18:48:05Z,2026-08-17T18:48:05Z,
49.124.148.190,ipv4,imap-attack,high,WHITE,blocklist.de/imap|blocklist.de/all|blocklist.de/mail|ziyadnz/hourly-ipv4,blocklist.de|imap|pop3|brute-force|spam|mail|ziyadnz|hourly,2026-08-17T18:48:05Z,2026-08-17T18:48:05Z,
49.124.151.18,ipv4,imap-attack,high,WHITE,blocklist.de/imap|blocklist.de/all|blocklist.de/mail|ziyadnz/hourly-ipv4,blocklist.de|imap|pop3|brute-force|spam|mail|ziyadnz|hourly,2026-08-17T18:48:05Z,2026-08-17T18:48:05Z,
49.124.151.54,ipv4,imap-attack,high,WHITE,blocklist.de/imap|blocklist.de/all|blocklist.de/mail|ziyadnz/hourly-ipv4,blocklist.de|imap|pop3|brute-force|spam|mail|ziyadnz|hourly,2026-08-17T18:48:05Z,2026-08-17T18:48:05Z,
49.124.151.84,ipv4,imap-attack,high,WHITE,blocklist.de/imap|blocklist.de/all|blocklist.de/mail|ziyadnz/hourly-ipv4,blocklist.de|imap|pop3|brute-force|spam|mail|ziyadnz|hourly,2026-08-17T18:48:05Z,2026-08-17T18:48:05Z,
49.124.152.240,ipv4,imap-attack,high,WHITE,blocklist.de/imap|blocklist.de/all|blocklist.de/mail|ziyadnz/hourly-ipv4,blocklist.de|imap|pop3|brute-force|spam|mail|ziyadnz|hourly,2026-08-17T18:48:05Z,2026-08-17T18:48:05Z,
49.124.152.6,ipv4,imap-attack,high,WHITE,blocklist.de/imap|blocklist.de/all|blocklist.de/mail|ziyadnz/hourly-ipv4,blocklist.de|imap|pop3|brute-force|spam|mail|ziyadnz|hourly,2026-08-17T18:48:05Z,2026-08-17T18:48:05Z,
49.124.153.15,ipv4,imap-attack,high,WHITE,blocklist.de/imap|blocklist.de/all|blocklist.de/mail|ziyadnz/hourly-ipv4,blocklist.de|imap|pop3|brute-force|spam|mail|ziyadnz|hourly,2026-08-17T18:48:05Z,2026-08-17T18:48:05Z,
49.124.153.24,ipv4,imap-attack,high,WHITE,blocklist.de/imap|blocklist.de/all|blocklist.de/mail|ziyadnz/hourly-ipv4,blocklist.de|imap|pop3|brute-force|spam|mail|ziyadnz|hourly,2026-08-17T18:48:05Z,2026-08-17T18:48:05Z,
49.124.153.3,ipv4,imap-attack,high,WHITE,blocklist.de/imap|blocklist.de/all|blocklist.de/mail|ziyadnz/hourly-ipv4,blocklist.de|imap|pop3|brute-force|spam|mail|ziyadnz|hourly,2026-08-17T18:48:05Z,2026-08-17T18:48:05Z,
49.124.153.52,ipv4,imap-attack,high,WHITE,blocklist.de/imap|blocklist.de/all|blocklist.de/mail|ziyadnz/hourly-ipv4,blocklist.de|imap|pop3|brute-force|spam|mail|ziyadnz|hourly,2026-08-17T18:48:05Z,2026-08-17T18:48:05Z,
49.124.153.61,ipv4,imap-attack,high,WHITE,blocklist.de/imap|blocklist.de/all|blocklist.de/mail|ziyadnz/hourly-ipv4,blocklist.de|imap|pop3|brute-force|spam|mail|ziyadnz|hourly,2026-08-17T18:48:05Z,2026-08-17T18:48:05Z,
49.124.154.162,ipv4,imap-attack,high,WHITE,blocklist.de/imap|blocklist.de/all|blocklist.de/mail|ziyadnz/hourly-ipv4,blocklist.de|imap|pop3|brute-force|spam|mail|ziyadnz|hourly,2026-08-17T18:48:05Z,2026-08-17T18:48:05Z,
49.125.201.69,ipv4,imap-attack,high,WHITE,blocklist.de/imap|blocklist.de/all|blocklist.de/mail|ziyadnz/hourly-ipv4,blocklist.de|imap|pop3|brute-force|spam|mail|ziyadnz|hourly,2026-08-17T18:48:05Z,2026-08-17T18:48:05Z,
49.125.201.77,ipv4,imap-attack,high,WHITE,blocklist.de/imap|blocklist.de/all|blocklist.de/mail|ziyadnz/hourly-ipv4,blocklist.de|imap|pop3|brute-force|spam|mail|ziyadnz|hourly,2026-08-17T18:48:05Z,2026-08-17T18:48:05Z,
49.125.201.87,ipv4,imap-attack,high,WHITE,blocklist.de/imap|blocklist.de/all|blocklist.de/mail|ziyadnz/hourly-ipv4,blocklist.de|imap|pop3|brute-force|spam|mail|ziyadnz|hourly,2026-08-17T18:48:05Z,2026-08-17T18:48:05Z,
49.125.208.158,ipv4,imap-attack,high,WHITE,blocklist.de/imap|blocklist.de/all|blocklist.de/mail|ziyadnz/hourly-ipv4,blocklist.de|imap|pop3|brute-force|spam|mail|ziyadnz|hourly,2026-08-17T18:48:05Z,2026-08-17T18:48:05Z,
49.144.40.154,ipv4,imap-attack,high,WHITE,blocklist.de/imap|blocklist.de/all|blocklist.de/mail|ziyadnz/hourly-ipv4,blocklist.de|imap|pop3|brute-force|spam|mail|ziyadnz|hourly,2026-08-17T18:48:05Z,2026-08-17T18:48:05Z,
49.145.210.51,ipv4,imap-attack,high,WHITE,blocklist.de/imap|blocklist.de/all|blocklist.de/mail|ziyadnz/hourly-ipv4,blocklist.de|imap|pop3|brute-force|spam|mail|ziyadnz|hourly,2026-08-17T18:48:05Z,2026-08-17T18:48:05Z,
49.149.104.241,ipv4,imap-attack,high,WHITE,blocklist.de/imap|blocklist.de/all|blocklist.de/mail|ziyadnz/hourly-ipv4,blocklist.de|imap|pop3|brute-force|spam|mail|ziyadnz|hourly,2026-08-17T18:48:05Z,2026-08-17T18:48:05Z,
49.158.209.91,ipv4,imap-attack,high,WHITE,blocklist.de/imap|blocklist.de/all|blocklist.de/mail|ziyadnz/hourly-ipv4,blocklist.de|imap|pop3|brute-force|spam|mail|ziyadnz|hourly,2026-08-17T18:48:05Z,2026-08-17T18:48:05Z,
49.204.27.160,ipv4,imap-attack,high,WHITE,blocklist.de/imap|blocklist.de/all|blocklist.de/mail|ziyadnz/hourly-ipv4,blocklist.de|imap|pop3|brute-force|spam|mail|ziyadnz|hourly,2026-08-17T18:48:05Z,2026-08-17T18:48:05Z,
49.246.68.220,ipv4,imap-attack,high,WHITE,blocklist.de/imap|blocklist.de/all|blocklist.de/mail|ziyadnz/hourly-ipv4,blocklist.de|imap|pop3|brute-force|spam|mail|ziyadnz|hourly,2026-08-17T18:48:05Z,2026-08-17T18:48:05Z,
49.36.233.164,ipv4,imap-attack,high,WHITE,blocklist.de/imap|blocklist.de/all|blocklist.de/mail|ziyadnz/hourly-ipv4,blocklist.de|imap|pop3|brute-force|spam|mail|ziyadnz|hourly,2026-08-17T18:48:05Z,2026-08-17T18:48:05Z,
49.37.111.73,ipv4,imap-attack,high,WHITE,blocklist.de/imap|blocklist.de/all|blocklist.de/mail|ziyadnz/hourly-ipv4,blocklist.de|imap|pop3|brute-force|spam|mail|ziyadnz|hourly,2026-08-17T18:48:05Z,2026-08-17T18:48:05Z,
49.37.117.252,ipv4,imap-attack,high,WHITE,blocklist.de/imap|blocklist.de/all|blocklist.de/mail|ziyadnz/hourly-ipv4,blocklist.de|imap|pop3|brute-force|spam|mail|ziyadnz|hourly,2026-08-17T18:48:05Z,2026-08-17T18:48:05Z,
49.37.148.147,ipv4,imap-attack,high,WHITE,blocklist.de/imap|blocklist.de/all|blocklist.de/mail|ziyadnz/hourly-ipv4,blocklist.de|imap|pop3|brute-force|spam|mail|ziyadnz|hourly,2026-08-17T18:48:05Z,2026-08-17T18:48:05Z,
49.37.220.23,ipv4,imap-attack,high,WHITE,blocklist.de/imap|blocklist.de/all|blocklist.de/mail|ziyadnz/hourly-ipv4,blocklist.de|imap|pop3|brute-force|spam|mail|ziyadnz|hourly,2026-08-17T18:48:05Z,2026-08-17T18:48:05Z,
49.43.189.39,ipv4,imap-attack,high,WHITE,blocklist.de/imap|blocklist.de/all|blocklist.de/mail|ziyadnz/hourly-ipv4,blocklist.de|imap|pop3|brute-force|spam|mail|ziyadnz|hourly,2026-08-17T18:48:05Z,2026-08-17T18:48:05Z,
49.43.90.58,ipv4,imap-attack,high,WHITE,blocklist.de/imap|blocklist.de/all|blocklist.de/mail|ziyadnz/hourly-ipv4,blocklist.de|imap|pop3|brute-force|spam|mail|ziyadnz|hourly,2026-08-17T18:48:05Z,2026-08-17T18:48:05Z,
49.47.196.142,ipv4,imap-attack,high,WHITE,blocklist.de/imap|blocklist.de/all|blocklist.de/mail|ziyadnz/hourly-ipv4,blocklist.de|imap|pop3|brute-force|spam|mail|ziyadnz|hourly,2026-08-17T18:48:05Z,2026-08-17T18:48:05Z,
49.47.9.185,ipv4,imap-attack,high,WHITE,blocklist.de/imap|blocklist.de/all|blocklist.de/mail|ziyadnz/hourly-ipv4,blocklist.de|imap|pop3|brute-force|spam|mail|ziyadnz|hourly,2026-08-17T18:48:05Z,2026-08-17T18:48:05Z,
49.48.221.252,ipv4,imap-attack,high,WHITE,blocklist.de/imap|blocklist.de/all|blocklist.de/mail|ziyadnz/hourly-ipv4,blocklist.de|imap|pop3|brute-force|spam|mail|ziyadnz|hourly,2026-08-17T18:48:05Z,2026-08-17T18:48:05Z,
5.100.120.147,ipv4,imap-attack,high,WHITE,blocklist.de/imap|blocklist.de/all|blocklist.de/mail|ziyadnz/hourly-ipv4,blocklist.de|imap|pop3|brute-force|spam|mail|ziyadnz|hourly,2026-08-17T18:48:05Z,2026-08-17T18:48:05Z,
5.11.140.219,ipv4,imap-attack,high,WHITE,blocklist.de/imap|blocklist.de/all|blocklist.de/mail|ziyadnz/hourly-ipv4,blocklist.de|imap|pop3|brute-force|spam|mail|ziyadnz|hourly,2026-08-17T18:48:05Z,2026-08-17T18:48:05Z,
5.11.143.72,ipv4,imap-attack,high,WHITE,blocklist.de/imap|blocklist.de/all|blocklist.de/mail|ziyadnz/hourly-ipv4,blocklist.de|imap|pop3|brute-force|spam|mail|ziyadnz|hourly,2026-08-17T18:48:05Z,2026-08-17T18:48:05Z,
5.11.221.119,ipv4,imap-attack,high,WHITE,blocklist.de/imap|blocklist.de/all|blocklist.de/mail|ziyadnz/hourly-ipv4,blocklist.de|imap|pop3|brute-force|spam|mail|ziyadnz|hourly,2026-08-17T18:48:05Z,2026-08-17T18:48:05Z,
5.11.249.16,ipv4,imap-attack,high,WHITE,blocklist.de/imap|blocklist.de/all|blocklist.de/mail|ziyadnz/hourly-ipv4,blocklist.de|imap|pop3|brute-force|spam|mail|ziyadnz|hourly,2026-08-17T18:48:05Z,2026-08-17T18:48:05Z,
5.140.212.184,ipv4,imap-attack,high,WHITE,blocklist.de/imap|blocklist.de/all|blocklist.de/mail|ziyadnz/hourly-ipv4,blocklist.de|imap|pop3|brute-force|spam|mail|ziyadnz|hourly,2026-08-17T18:48:05Z,2026-08-17T18:48:05Z,
5.149.85.87,ipv4,imap-attack,high,WHITE,blocklist.de/imap|blocklist.de/all|blocklist.de/mail|ziyadnz/hourly-ipv4,blocklist.de|imap|pop3|brute-force|spam|mail|ziyadnz|hourly,2026-08-17T18:48:05Z,2026-08-17T18:48:05Z,
5.152.145.99,ipv4,imap-attack,high,WHITE,blocklist.de/imap|blocklist.de/all|blocklist.de/mail|ziyadnz/hourly-ipv4,blocklist.de|imap|pop3|brute-force|spam|mail|ziyadnz|hourly,2026-08-17T18:48:05Z,2026-08-17T18:48:05Z,
5.155.108.154,ipv4,imap-attack,high,WHITE,blocklist.de/imap|blocklist.de/all|blocklist.de/mail|ziyadnz/hourly-ipv4,blocklist.de|imap|pop3|brute-force|spam|mail|ziyadnz|hourly,2026-08-17T18:48:05Z,2026-08-17T18:48:05Z,
5.155.142.132,ipv4,imap-attack,high,WHITE,blocklist.de/imap|blocklist.de/all|blocklist.de/mail|ziyadnz/hourly-ipv4,blocklist.de|imap|pop3|brute-force|spam|mail|ziyadnz|hourly,2026-08-17T18:48:05Z,2026-08-17T18:48:05Z,
5.175.153.122,ipv4,imap-attack,high,WHITE,blocklist.de/imap|blocklist.de/all|blocklist.de/mail|ziyadnz/hourly-ipv4,blocklist.de|imap|pop3|brute-force|spam|mail|ziyadnz|hourly,2026-08-17T18:48:05Z,2026-08-17T18:48:05Z,
5.178.11.203,ipv4,imap-attack,high,WHITE,blocklist.de/imap|blocklist.de/all|blocklist.de/mail|ziyadnz/hourly-ipv4,blocklist.de|imap|pop3|brute-force|spam|mail|ziyadnz|hourly,2026-08-17T18:48:05Z,2026-08-17T18:48:05Z,
5.189.23.23,ipv4,imap-attack,high,WHITE,blocklist.de/imap|blocklist.de/all|blocklist.de/mail|ziyadnz/hourly-ipv4,blocklist.de|imap|pop3|brute-force|spam|mail|ziyadnz|hourly,2026-08-17T18:48:05Z,2026-08-17T18:48:05Z,
5.190.27.85,ipv4,imap-attack,high,WHITE,blocklist.de/imap|blocklist.de/all|blocklist.de/mail|ziyadnz/hourly-ipv4,blocklist.de|imap|pop3|brute-force|spam|mail|ziyadnz|hourly,2026-08-17T18:48:05Z,2026-08-17T18:48:05Z,
5.192.81.238,ipv4,imap-attack,high,WHITE,blocklist.de/imap|blocklist.de/all|blocklist.de/mail|ziyadnz/hourly-ipv4,blocklist.de|imap|pop3|brute-force|spam|mail|ziyadnz|hourly,2026-08-17T18:48:05Z,2026-08-17T18:48:05Z,
5.238.110.151,ipv4,imap-attack,high,WHITE,blocklist.de/imap|blocklist.de/all|blocklist.de/mail|ziyadnz/hourly-ipv4,blocklist.de|imap|pop3|brute-force|spam|mail|ziyadnz|hourly,2026-08-17T18:48:05Z,2026-08-17T18:48:05Z,
5.239.240.2,ipv4,imap-attack,high,WHITE,blocklist.de/imap|blocklist.de/all|blocklist.de/mail|ziyadnz/hourly-ipv4,blocklist.de|imap|pop3|brute-force|spam|mail|ziyadnz|hourly,2026-08-17T18:48:05Z,2026-08-17T18:48:05Z,
5.26.106.163,ipv4,imap-attack,high,WHITE,blocklist.de/imap|blocklist.de/all|blocklist.de/mail|ziyadnz/hourly-ipv4,blocklist.de|imap|pop3|brute-force|spam|mail|ziyadnz|hourly,2026-08-17T18:48:05Z,2026-08-17T18:48:05Z,
5.30.175.103,ipv4,imap-attack,high,WHITE,blocklist.de/imap|blocklist.de/all|blocklist.de/mail|ziyadnz/hourly-ipv4,blocklist.de|imap|pop3|brute-force|spam|mail|ziyadnz|hourly,2026-08-17T18:48:05Z,2026-08-17T18:48:05Z,
5.30.216.47,ipv4,imap-attack,high,WHITE,blocklist.de/imap|blocklist.de/all|blocklist.de/mail|ziyadnz/hourly-ipv4,blocklist.de|imap|pop3|brute-force|spam|mail|ziyadnz|hourly,2026-08-17T18:48:05Z,2026-08-17T18:48:05Z,
5.32.99.14,ipv4,imap-attack,high,WHITE,blocklist.de/imap|blocklist.de/all|blocklist.de/mail|ziyadnz/hourly-ipv4,blocklist.de|imap|pop3|brute-force|spam|mail|ziyadnz|hourly,2026-08-17T18:48:05Z,2026-08-17T18:48:05Z,
5.37.96.6,ipv4,imap-attack,high,WHITE,blocklist.de/imap|blocklist.de/all|blocklist.de/mail|ziyadnz/hourly-ipv4,blocklist.de|imap|pop3|brute-force|spam|mail|ziyadnz|hourly,2026-08-17T18:48:05Z,2026-08-17T18:48:05Z,
5.45.167.109,ipv4,imap-attack,high,WHITE,blocklist.de/imap|blocklist.de/all|blocklist.de/mail|ziyadnz/hourly-ipv4,blocklist.de|imap|pop3|brute-force|spam|mail|ziyadnz|hourly,2026-08-17T18:48:05Z,2026-08-17T18:48:05Z,
5.45.167.116,ipv4,imap-attack,high,WHITE,blocklist.de/imap|blocklist.de/all|blocklist.de/mail|ziyadnz/hourly-ipv4,blocklist.de|imap|pop3|brute-force|spam|mail|ziyadnz|hourly,2026-08-17T18:48:05Z,2026-08-17T18:48:05Z,
5.49.13.230,ipv4,imap-attack,high,WHITE,blocklist.de/imap|blocklist.de/all|blocklist.de/mail|ziyadnz/hourly-ipv4,blocklist.de|imap|pop3|brute-force|spam|mail|ziyadnz|hourly,2026-08-17T18:48:05Z,2026-08-17T18:48:05Z,
5.59.101.147,ipv4,imap-attack,high,WHITE,blocklist.de/imap|blocklist.de/all|blocklist.de/mail|ziyadnz/hourly-ipv4,blocklist.de|imap|pop3|brute-force|spam|mail|ziyadnz|hourly,2026-08-17T18:48:05Z,2026-08-17T18:48:05Z,
5.61.202.70,ipv4,imap-attack,high,WHITE,blocklist.de/imap|blocklist.de/all|blocklist.de/mail|ziyadnz/hourly-ipv4,blocklist.de|imap|pop3|brute-force|spam|mail|ziyadnz|hourly,2026-08-17T18:48:05Z,2026-08-17T18:48:05Z,
50.150.191.46,ipv4,imap-attack,high,WHITE,blocklist.de/imap|blocklist.de/all|blocklist.de/mail|ziyadnz/hourly-ipv4,blocklist.de|imap|pop3|brute-force|spam|mail|ziyadnz|hourly,2026-08-17T18:48:05Z,2026-08-17T18:48:05Z,
50.187.155.130,ipv4,imap-attack,high,WHITE,blocklist.de/imap|blocklist.de/all|blocklist.de/mail|ziyadnz/hourly-ipv4,blocklist.de|imap|pop3|brute-force|spam|mail|ziyadnz|hourly,2026-08-17T18:48:05Z,2026-08-17T18:48:05Z,
50.188.204.213,ipv4,imap-attack,high,WHITE,blocklist.de/imap|blocklist.de/all|blocklist.de/mail|ziyadnz/hourly-ipv4,blocklist.de|imap|pop3|brute-force|spam|mail|ziyadnz|hourly,2026-08-17T18:48:05Z,2026-08-17T18:48:05Z,
50.190.89.138,ipv4,imap-attack,high,WHITE,blocklist.de/imap|blocklist.de/all|blocklist.de/mail|ziyadnz/hourly-ipv4,blocklist.de|imap|pop3|brute-force|spam|mail|ziyadnz|hourly,2026-08-17T18:48:05Z,2026-08-17T18:48:05Z,
50.215.95.14,ipv4,imap-attack,high,WHITE,blocklist.de/imap|blocklist.de/all|blocklist.de/mail|ziyadnz/hourly-ipv4,blocklist.de|imap|pop3|brute-force|spam|mail|ziyadnz|hourly,2026-08-17T18:48:05Z,2026-08-17T18:48:05Z,
50.217.255.171,ipv4,imap-attack,high,WHITE,blocklist.de/imap|blocklist.de/all|blocklist.de/mail|ziyadnz/hourly-ipv4,blocklist.de|imap|pop3|brute-force|spam|mail|ziyadnz|hourly,2026-08-17T18:48:05Z,2026-08-17T18:48:05Z,
50.249.252.117,ipv4,imap-attack,high,WHITE,blocklist.de/imap|blocklist.de/all|blocklist.de/mail|ziyadnz/hourly-ipv4,blocklist.de|imap|pop3|brute-force|spam|mail|ziyadnz|hourly,2026-08-17T18:48:05Z,2026-08-17T18:48:05Z,
51.211.65.47,ipv4,imap-attack,high,WHITE,blocklist.de/imap|blocklist.de/all|blocklist.de/mail|ziyadnz/hourly-ipv4,blocklist.de|imap|pop3|brute-force|spam|mail|ziyadnz|hourly,2026-08-17T18:48:05Z,2026-08-17T18:48:05Z,
51.36.170.11,ipv4,imap-attack,high,WHITE,blocklist.de/imap|blocklist.de/all|blocklist.de/mail|ziyadnz/hourly-ipv4,blocklist.de|imap|pop3|brute-force|spam|mail|ziyadnz|hourly,2026-08-17T18:48:05Z,2026-08-17T18:48:05Z,
51.36.232.221,ipv4,imap-attack,high,WHITE,blocklist.de/imap|blocklist.de/all|blocklist.de/mail|ziyadnz/hourly-ipv4,blocklist.de|imap|pop3|brute-force|spam|mail|ziyadnz|hourly,2026-08-17T18:48:05Z,2026-08-17T18:48:05Z,
51.39.77.84,ipv4,imap-attack,high,WHITE,blocklist.de/imap|blocklist.de/all|blocklist.de/mail|ziyadnz/hourly-ipv4,blocklist.de|imap|pop3|brute-force|spam|mail|ziyadnz|hourly,2026-08-17T18:48:05Z,2026-08-17T18:48:05Z,
51.6.94.49,ipv4,imap-attack,high,WHITE,blocklist.de/imap|blocklist.de/all|blocklist.de/mail|ziyadnz/hourly-ipv4,blocklist.de|imap|pop3|brute-force|spam|mail|ziyadnz|hourly,2026-08-17T18:48:05Z,2026-08-17T18:48:05Z,
51.68.226.171,ipv4,imap-attack,high,WHITE,blocklist.de/imap|blocklist.de/all|blocklist.de/mail|ziyadnz/hourly-ipv4,blocklist.de|imap|pop3|brute-force|spam|mail|ziyadnz|hourly,2026-08-17T18:48:05Z,2026-08-17T18:48:05Z,
51.81.81.33,ipv4,imap-attack,high,WHITE,blocklist.de/imap|blocklist.de/all|blocklist.de/mail|ziyadnz/hourly-ipv4,blocklist.de|imap|pop3|brute-force|spam|mail|ziyadnz|hourly,2026-08-17T18:48:05Z,2026-08-17T18:48:05Z,
52.175.52.29,ipv4,imap-attack,high,WHITE,blocklist.de/imap|blocklist.de/all|blocklist.de/mail|ziyadnz/hourly-ipv4,blocklist.de|imap|pop3|brute-force|spam|mail|ziyadnz|hourly,2026-08-17T18:48:05Z,2026-08-17T18:48:05Z,
52.97.126.173,ipv4,imap-attack,high,WHITE,blocklist.de/imap|blocklist.de/all|blocklist.de/mail|ziyadnz/hourly-ipv4,blocklist.de|imap|pop3|brute-force|spam|mail|ziyadnz|hourly,2026-08-17T18:48:05Z,2026-08-17T18:48:05Z,
52.97.140.21,ipv4,imap-attack,high,WHITE,blocklist.de/imap|blocklist.de/all|blocklist.de/mail|ziyadnz/hourly-ipv4,blocklist.de|imap|pop3|brute-force|spam|mail|ziyadnz|hourly,2026-08-17T18:48:05Z,2026-08-17T18:48:05Z,
52.97.179.5,ipv4,imap-attack,high,WHITE,blocklist.de/imap|blocklist.de/all|blocklist.de/mail|ziyadnz/hourly-ipv4,blocklist.de|imap|pop3|brute-force|spam|mail|ziyadnz|hourly,2026-08-17T18:48:05Z,2026-08-17T18:48:05Z,
52.97.188.173,ipv4,imap-attack,high,WHITE,blocklist.de/imap|blocklist.de/all|blocklist.de/mail|ziyadnz/hourly-ipv4,blocklist.de|imap|pop3|brute-force|spam|mail|ziyadnz|hourly,2026-08-17T18:48:05Z,2026-08-17T18:48:05Z,
52.97.245.165,ipv4,imap-attack,high,WHITE,blocklist.de/imap|blocklist.de/all|blocklist.de/mail|ziyadnz/hourly-ipv4,blocklist.de|imap|pop3|brute-force|spam|mail|ziyadnz|hourly,2026-08-17T18:48:05Z,2026-08-17T18:48:05Z,
52.97.245.221,ipv4,imap-attack,high,WHITE,blocklist.de/imap|blocklist.de/all|blocklist.de/mail|ziyadnz/hourly-ipv4,blocklist.de|imap|pop3|brute-force|spam|mail|ziyadnz|hourly,2026-08-17T18:48:05Z,2026-08-17T18:48:05Z,
52.97.250.101,ipv4,imap-attack,high,WHITE,blocklist.de/imap|blocklist.de/all|blocklist.de/mail|ziyadnz/hourly-ipv4,blocklist.de|imap|pop3|brute-force|spam|mail|ziyadnz|hourly,2026-08-17T18:48:05Z,2026-08-17T18:48:05Z,
52.98.155.21,ipv4,imap-attack,high,WHITE,blocklist.de/imap|blocklist.de/all|blocklist.de/mail|ziyadnz/hourly-ipv4,blocklist.de|imap|pop3|brute-force|spam|mail|ziyadnz|hourly,2026-08-17T18:48:05Z,2026-08-17T18:48:05Z,
52.98.218.13,ipv4,imap-attack,high,WHITE,blocklist.de/imap|blocklist.de/all|blocklist.de/mail|ziyadnz/hourly-ipv4,blocklist.de|imap|pop3|brute-force|spam|mail|ziyadnz|hourly,2026-08-17T18:48:05Z,2026-08-17T18:48:05Z,
52.98.221.197,ipv4,imap-attack,high,WHITE,blocklist.de/imap|blocklist.de/all|blocklist.de/mail|ziyadnz/hourly-ipv4,blocklist.de|imap|pop3|brute-force|spam|mail|ziyadnz|hourly,2026-08-17T18:48:05Z,2026-08-17T18:48:05Z,
52.98.239.53,ipv4,imap-attack,high,WHITE,blocklist.de/imap|blocklist.de/all|blocklist.de/mail|ziyadnz/hourly-ipv4,blocklist.de|imap|pop3|brute-force|spam|mail|ziyadnz|hourly,2026-08-17T18:48:05Z,2026-08-17T18:48:05Z,
58.11.42.30,ipv4,imap-attack,high,WHITE,blocklist.de/imap|blocklist.de/all|blocklist.de/mail|ziyadnz/hourly-ipv4,blocklist.de|imap|pop3|brute-force|spam|mail|ziyadnz|hourly,2026-08-17T18:48:05Z,2026-08-17T18:48:05Z,
58.11.53.108,ipv4,imap-attack,high,WHITE,blocklist.de/imap|blocklist.de/all|blocklist.de/mail|ziyadnz/hourly-ipv4,blocklist.de|imap|pop3|brute-force|spam|mail|ziyadnz|hourly,2026-08-17T18:48:05Z,2026-08-17T18:48:05Z,
58.150.154.235,ipv4,imap-attack,high,WHITE,blocklist.de/imap|blocklist.de/all|blocklist.de/mail|ziyadnz/hourly-ipv4,blocklist.de|imap|pop3|brute-force|spam|mail|ziyadnz|hourly,2026-08-17T18:48:05Z,2026-08-17T18:48:05Z,
58.153.24.111,ipv4,imap-attack,high,WHITE,blocklist.de/imap|blocklist.de/all|blocklist.de/mail|ziyadnz/hourly-ipv4,blocklist.de|imap|pop3|brute-force|spam|mail|ziyadnz|hourly,2026-08-17T18:48:05Z,2026-08-17T18:48:05Z,
58.211.39.86,ipv4,imap-attack,high,WHITE,blocklist.de/imap|blocklist.de/all|blocklist.de/mail|ziyadnz/hourly-ipv4,blocklist.de|imap|pop3|brute-force|spam|mail|ziyadnz|hourly,2026-08-17T18:48:05Z,2026-08-17T18:48:05Z,
58.215.207.238,ipv4,imap-attack,high,WHITE,blocklist.de/imap|blocklist.de/all|blocklist.de/mail|ziyadnz/hourly-ipv4,blocklist.de|imap|pop3|brute-force|spam|mail|ziyadnz|hourly,2026-08-17T18:48:05Z,2026-08-17T18:48:05Z,
58.215.243.6,ipv4,imap-attack,high,WHITE,blocklist.de/imap|blocklist.de/all|blocklist.de/mail|ziyadnz/hourly-ipv4,blocklist.de|imap|pop3|brute-force|spam|mail|ziyadnz|hourly,2026-08-17T18:48:05Z,2026-08-17T18:48:05Z,
58.218.195.26,ipv4,imap-attack,high,WHITE,blocklist.de/imap|blocklist.de/all|blocklist.de/mail|ziyadnz/hourly-ipv4,blocklist.de|imap|pop3|brute-force|spam|mail|ziyadnz|hourly,2026-08-17T18:48:05Z,2026-08-17T18:48:05Z,
58.22.255.28,ipv4,imap-attack,high,WHITE,blocklist.de/imap|blocklist.de/all|blocklist.de/mail|ziyadnz/hourly-ipv4,blocklist.de|imap|pop3|brute-force|spam|mail|ziyadnz|hourly,2026-08-17T18:48:05Z,2026-08-17T18:48:05Z,
58.222.72.182,ipv4,imap-attack,high,WHITE,blocklist.de/imap|blocklist.de/all|blocklist.de/mail|ziyadnz/hourly-ipv4,blocklist.de|imap|pop3|brute-force|spam|mail|ziyadnz|hourly,2026-08-17T18:48:05Z,2026-08-17T18:48:05Z,
58.226.255.240,ipv4,imap-attack,high,WHITE,blocklist.de/imap|blocklist.de/all|blocklist.de/mail|ziyadnz/hourly-ipv4,blocklist.de|imap|pop3|brute-force|spam|mail|ziyadnz|hourly,2026-08-17T18:48:05Z,2026-08-17T18:48:05Z,
58.23.76.17,ipv4,imap-attack,high,WHITE,blocklist.de/imap|blocklist.de/all|blocklist.de/mail|ziyadnz/hourly-ipv4,blocklist.de|imap|pop3|brute-force|spam|mail|ziyadnz|hourly,2026-08-17T18:48:05Z,2026-08-17T18:48:05Z,
58.242.215.40,ipv4,imap-attack,high,WHITE,blocklist.de/imap|blocklist.de/all|blocklist.de/mail|ziyadnz/hourly-ipv4,blocklist.de|imap|pop3|brute-force|spam|mail|ziyadnz|hourly,2026-08-17T18:48:05Z,2026-08-17T18:48:05Z,
58.245.210.70,ipv4,imap-attack,high,WHITE,blocklist.de/imap|blocklist.de/all|blocklist.de/mail|ziyadnz/hourly-ipv4,blocklist.de|imap|pop3|brute-force|spam|mail|ziyadnz|hourly,2026-08-17T18:48:05Z,2026-08-17T18:48:05Z,
58.247.144.84,ipv4,imap-attack,high,WHITE,blocklist.de/imap|blocklist.de/all|blocklist.de/mail|ziyadnz/hourly-ipv4,blocklist.de|imap|pop3|brute-force|spam|mail|ziyadnz|hourly,2026-08-17T18:48:05Z,2026-08-17T18:48:05Z,
58.247.18.34,ipv4,imap-attack,high,WHITE,blocklist.de/imap|blocklist.de/all|blocklist.de/mail|ziyadnz/hourly-ipv4,blocklist.de|imap|pop3|brute-force|spam|mail|ziyadnz|hourly,2026-08-17T18:48:05Z,2026-08-17T18:48:05Z,
58.250.203.231,ipv4,imap-attack,high,WHITE,blocklist.de/imap|blocklist.de/all|blocklist.de/mail|ziyadnz/hourly-ipv4,blocklist.de|imap|pop3|brute-force|spam|mail|ziyadnz|hourly,2026-08-17T18:48:05Z,2026-08-17T18:48:05Z,
58.57.154.146,ipv4,imap-attack,high,WHITE,blocklist.de/imap|blocklist.de/all|blocklist.de/mail|ziyadnz/hourly-ipv4,blocklist.de|imap|pop3|brute-force|spam|mail|ziyadnz|hourly,2026-08-17T18:48:05Z,2026-08-17T18:48:05Z,
58.65.134.26,ipv4,imap-attack,high,WHITE,blocklist.de/imap|blocklist.de/all|blocklist.de/mail|ziyadnz/hourly-ipv4,blocklist.de|imap|pop3|brute-force|spam|mail|ziyadnz|hourly,2026-08-17T18:48:05Z,2026-08-17T18:48:05Z,
58.65.96.14,ipv4,imap-attack,high,WHITE,blocklist.de/imap|blocklist.de/all|blocklist.de/mail|ziyadnz/hourly-ipv4,blocklist.de|imap|pop3|brute-force|spam|mail|ziyadnz|hourly,2026-08-17T18:48:05Z,2026-08-17T18:48:05Z,
58.82.212.234,ipv4,imap-attack,high,WHITE,blocklist.de/imap|blocklist.de/all|blocklist.de/mail|ziyadnz/hourly-ipv4,blocklist.de|imap|pop3|brute-force|spam|mail|ziyadnz|hourly,2026-08-17T18:48:05Z,2026-08-17T18:48:05Z,
59.0.127.4,ipv4,imap-attack,high,WHITE,blocklist.de/imap|blocklist.de/all|blocklist.de/mail|ziyadnz/hourly-ipv4,blocklist.de|imap|pop3|brute-force|spam|mail|ziyadnz|hourly,2026-08-17T18:48:05Z,2026-08-17T18:48:05Z,
59.103.46.165,ipv4,imap-attack,high,WHITE,blocklist.de/imap|blocklist.de/all|blocklist.de/mail|ziyadnz/hourly-ipv4,blocklist.de|imap|pop3|brute-force|spam|mail|ziyadnz|hourly,2026-08-17T18:48:05Z,2026-08-17T18:48:05Z,
59.11.246.91,ipv4,imap-attack,high,WHITE,blocklist.de/imap|blocklist.de/all|blocklist.de/mail|ziyadnz/hourly-ipv4,blocklist.de|imap|pop3|brute-force|spam|mail|ziyadnz|hourly,2026-08-17T18:48:05Z,2026-08-17T18:48:05Z,
59.11.37.168,ipv4,imap-attack,high,WHITE,blocklist.de/imap|blocklist.de/all|blocklist.de/mail|ziyadnz/hourly-ipv4,blocklist.de|imap|pop3|brute-force|spam|mail|ziyadnz|hourly,2026-08-17T18:48:05Z,2026-08-17T18:48:05Z,
59.11.53.94,ipv4,imap-attack,high,WHITE,blocklist.de/imap|blocklist.de/all|blocklist.de/mail|ziyadnz/hourly-ipv4,blocklist.de|imap|pop3|brute-force|spam|mail|ziyadnz|hourly,2026-08-17T18:48:05Z,2026-08-17T18:48:05Z,
59.12.212.38,ipv4,imap-attack,high,WHITE,blocklist.de/imap|blocklist.de/all|blocklist.de/mail|ziyadnz/hourly-ipv4,blocklist.de|imap|pop3|brute-force|spam|mail|ziyadnz|hourly,2026-08-17T18:48:05Z,2026-08-17T18:48:05Z,
59.145.124.90,ipv4,imap-attack,high,WHITE,blocklist.de/imap|blocklist.de/all|blocklist.de/mail|ziyadnz/hourly-ipv4,blocklist.de|imap|pop3|brute-force|spam|mail|ziyadnz|hourly,2026-08-17T18:48:05Z,2026-08-17T18:48:05Z,
59.152.97.166,ipv4,imap-attack,high,WHITE,blocklist.de/imap|blocklist.de/all|blocklist.de/mail|ziyadnz/hourly-ipv4,blocklist.de|imap|pop3|brute-force|spam|mail|ziyadnz|hourly,2026-08-17T18:48:05Z,2026-08-17T18:48:05Z,
59.153.131.182,ipv4,imap-attack,high,WHITE,blocklist.de/imap|blocklist.de/all|blocklist.de/mail|ziyadnz/hourly-ipv4,blocklist.de|imap|pop3|brute-force|spam|mail|ziyadnz|hourly,2026-08-17T18:48:05Z,2026-08-17T18:48:05Z,
59.183.128.198,ipv4,imap-attack,high,WHITE,blocklist.de/imap|blocklist.de/all|blocklist.de/mail|ziyadnz/hourly-ipv4,blocklist.de|imap|pop3|brute-force|spam|mail|ziyadnz|hourly,2026-08-17T18:48:05Z,2026-08-17T18:48:05Z,
59.19.50.18,ipv4,imap-attack,high,WHITE,blocklist.de/imap|blocklist.de/all|blocklist.de/mail|ziyadnz/hourly-ipv4,blocklist.de|imap|pop3|brute-force|spam|mail|ziyadnz|hourly,2026-08-17T18:48:05Z,2026-08-17T18:48:05Z,
59.23.20.15,ipv4,imap-attack,high,WHITE,blocklist.de/imap|blocklist.de/all|blocklist.de/mail|ziyadnz/hourly-ipv4,blocklist.de|imap|pop3|brute-force|spam|mail|ziyadnz|hourly,2026-08-17T18:48:05Z,2026-08-17T18:48:05Z,
59.23.3.146,ipv4,imap-attack,high,WHITE,blocklist.de/imap|blocklist.de/all|blocklist.de/mail|ziyadnz/hourly-ipv4,blocklist.de|imap|pop3|brute-force|spam|mail|ziyadnz|hourly,2026-08-17T18:48:05Z,2026-08-17T18:48:05Z,
59.23.40.73,ipv4,imap-attack,high,WHITE,blocklist.de/imap|blocklist.de/all|blocklist.de/mail|ziyadnz/hourly-ipv4,blocklist.de|imap|pop3|brute-force|spam|mail|ziyadnz|hourly,2026-08-17T18:48:05Z,2026-08-17T18:48:05Z,
59.23.76.73,ipv4,imap-attack,high,WHITE,blocklist.de/imap|blocklist.de/all|blocklist.de/mail|ziyadnz/hourly-ipv4,blocklist.de|imap|pop3|brute-force|spam|mail|ziyadnz|hourly,2026-08-17T18:48:05Z,2026-08-17T18:48:05Z,
59.23.76.90,ipv4,imap-attack,high,WHITE,blocklist.de/imap|blocklist.de/all|blocklist.de/mail|ziyadnz/hourly-ipv4,blocklist.de|imap|pop3|brute-force|spam|mail|ziyadnz|hourly,2026-08-17T18:48:05Z,2026-08-17T18:48:05Z,
59.24.107.140,ipv4,imap-attack,high,WHITE,blocklist.de/imap|blocklist.de/all|blocklist.de/mail|ziyadnz/hourly-ipv4,blocklist.de|imap|pop3|brute-force|spam|mail|ziyadnz|hourly,2026-08-17T18:48:05Z,2026-08-17T18:48:05Z,
59.24.110.57,ipv4,imap-attack,high,WHITE,blocklist.de/imap|blocklist.de/all|blocklist.de/mail|ziyadnz/hourly-ipv4,blocklist.de|imap|pop3|brute-force|spam|mail|ziyadnz|hourly,2026-08-17T18:48:05Z,2026-08-17T18:48:05Z,
59.24.3.230,ipv4,imap-attack,high,WHITE,blocklist.de/imap|blocklist.de/all|blocklist.de/mail|ziyadnz/hourly-ipv4,blocklist.de|imap|pop3|brute-force|spam|mail|ziyadnz|hourly,2026-08-17T18:48:05Z,2026-08-17T18:48:05Z,
59.24.3.231,ipv4,imap-attack,high,WHITE,blocklist.de/imap|blocklist.de/all|blocklist.de/mail|ziyadnz/hourly-ipv4,blocklist.de|imap|pop3|brute-force|spam|mail|ziyadnz|hourly,2026-08-17T18:48:05Z,2026-08-17T18:48:05Z,
59.24.35.2,ipv4,imap-attack,high,WHITE,blocklist.de/imap|blocklist.de/all|blocklist.de/mail|ziyadnz/hourly-ipv4,blocklist.de|imap|pop3|brute-force|spam|mail|ziyadnz|hourly,2026-08-17T18:48:05Z,2026-08-17T18:48:05Z,
59.25.212.83,ipv4,imap-attack,high,WHITE,blocklist.de/imap|blocklist.de/all|blocklist.de/mail|ziyadnz/hourly-ipv4,blocklist.de|imap|pop3|brute-force|spam|mail|ziyadnz|hourly,2026-08-17T18:48:05Z,2026-08-17T18:48:05Z,
59.29.246.163,ipv4,imap-attack,high,WHITE,blocklist.de/imap|blocklist.de/all|blocklist.de/mail|ziyadnz/hourly-ipv4,blocklist.de|imap|pop3|brute-force|spam|mail|ziyadnz|hourly,2026-08-17T18:48:05Z,2026-08-17T18:48:05Z,
59.29.50.64,ipv4,imap-attack,high,WHITE,blocklist.de/imap|blocklist.de/all|blocklist.de/mail|ziyadnz/hourly-ipv4,blocklist.de|imap|pop3|brute-force|spam|mail|ziyadnz|hourly,2026-08-17T18:48:05Z,2026-08-17T18:48:05Z,
59.34.17.130,ipv4,imap-attack,high,WHITE,blocklist.de/imap|blocklist.de/all|blocklist.de/mail|ziyadnz/hourly-ipv4,blocklist.de|imap|pop3|brute-force|spam|mail|ziyadnz|hourly,2026-08-17T18:48:05Z,2026-08-17T18:48:05Z,
59.37.13.66,ipv4,imap-attack,high,WHITE,blocklist.de/imap|blocklist.de/all|blocklist.de/mail|ziyadnz/hourly-ipv4,blocklist.de|imap|pop3|brute-force|spam|mail|ziyadnz|hourly,2026-08-17T18:48:05Z,2026-08-17T18:48:05Z,
59.46.182.10,ipv4,imap-attack,high,WHITE,blocklist.de/imap|blocklist.de/all|blocklist.de/mail|ziyadnz/hourly-ipv4,blocklist.de|imap|pop3|brute-force|spam|mail|ziyadnz|hourly,2026-08-17T18:48:05Z,2026-08-17T18:48:05Z,
59.46.193.187,ipv4,imap-attack,high,WHITE,blocklist.de/imap|blocklist.de/all|blocklist.de/mail|ziyadnz/hourly-ipv4,blocklist.de|imap|pop3|brute-force|spam|mail|ziyadnz|hourly,2026-08-17T18:48:05Z,2026-08-17T18:48:05Z,
59.57.165.231,ipv4,imap-attack,high,WHITE,blocklist.de/imap|blocklist.de/all|blocklist.de/mail|ziyadnz/hourly-ipv4,blocklist.de|imap|pop3|brute-force|spam|mail|ziyadnz|hourly,2026-08-17T18:48:05Z,2026-08-17T18:48:05Z,
59.8.104.168,ipv4,imap-attack,high,WHITE,blocklist.de/imap|blocklist.de/all|blocklist.de/mail|ziyadnz/hourly-ipv4,blocklist.de|imap|pop3|brute-force|spam|mail|ziyadnz|hourly,2026-08-17T18:48:05Z,2026-08-17T18:48:05Z,
59.8.107.64,ipv4,imap-attack,high,WHITE,blocklist.de/imap|blocklist.de/all|blocklist.de/mail|ziyadnz/hourly-ipv4,blocklist.de|imap|pop3|brute-force|spam|mail|ziyadnz|hourly,2026-08-17T18:48:05Z,2026-08-17T18:48:05Z,
59.8.109.37,ipv4,imap-attack,high,WHITE,blocklist.de/imap|blocklist.de/all|blocklist.de/mail|ziyadnz/hourly-ipv4,blocklist.de|imap|pop3|brute-force|spam|mail|ziyadnz|hourly,2026-08-17T18:48:05Z,2026-08-17T18:48:05Z,
59.8.111.71,ipv4,imap-attack,high,WHITE,blocklist.de/imap|blocklist.de/all|blocklist.de/mail|ziyadnz/hourly-ipv4,blocklist.de|imap|pop3|brute-force|spam|mail|ziyadnz|hourly,2026-08-17T18:48:05Z,2026-08-17T18:48:05Z,
59.8.114.177,ipv4,imap-attack,high,WHITE,blocklist.de/imap|blocklist.de/all|blocklist.de/mail|ziyadnz/hourly-ipv4,blocklist.de|imap|pop3|brute-force|spam|mail|ziyadnz|hourly,2026-08-17T18:48:05Z,2026-08-17T18:48:05Z,
59.8.120.64,ipv4,imap-attack,high,WHITE,blocklist.de/imap|blocklist.de/all|blocklist.de/mail|ziyadnz/hourly-ipv4,blocklist.de|imap|pop3|brute-force|spam|mail|ziyadnz|hourly,2026-08-17T18:48:05Z,2026-08-17T18:48:05Z,
59.8.2.70,ipv4,imap-attack,high,WHITE,blocklist.de/imap|blocklist.de/all|blocklist.de/mail|ziyadnz/hourly-ipv4,blocklist.de|imap|pop3|brute-force|spam|mail|ziyadnz|hourly,2026-08-17T18:48:05Z,2026-08-17T18:48:05Z,
59.8.31.162,ipv4,imap-attack,high,WHITE,blocklist.de/imap|blocklist.de/all|blocklist.de/mail|ziyadnz/hourly-ipv4,blocklist.de|imap|pop3|brute-force|spam|mail|ziyadnz|hourly,2026-08-17T18:48:05Z,2026-08-17T18:48:05Z,
59.8.45.104,ipv4,imap-attack,high,WHITE,blocklist.de/imap|blocklist.de/all|blocklist.de/mail|ziyadnz/hourly-ipv4,blocklist.de|imap|pop3|brute-force|spam|mail|ziyadnz|hourly,2026-08-17T18:48:05Z,2026-08-17T18:48:05Z,
59.8.49.221,ipv4,imap-attack,high,WHITE,blocklist.de/imap|blocklist.de/all|blocklist.de/mail|ziyadnz/hourly-ipv4,blocklist.de|imap|pop3|brute-force|spam|mail|ziyadnz|hourly,2026-08-17T18:48:05Z,2026-08-17T18:48:05Z,
59.8.52.172,ipv4,imap-attack,high,WHITE,blocklist.de/imap|blocklist.de/all|blocklist.de/mail|ziyadnz/hourly-ipv4,blocklist.de|imap|pop3|brute-force|spam|mail|ziyadnz|hourly,2026-08-17T18:48:05Z,2026-08-17T18:48:05Z,
59.8.64.146,ipv4,imap-attack,high,WHITE,blocklist.de/imap|blocklist.de/all|blocklist.de/mail|ziyadnz/hourly-ipv4,blocklist.de|imap|pop3|brute-force|spam|mail|ziyadnz|hourly,2026-08-17T18:48:05Z,2026-08-17T18:48:05Z,
59.8.66.225,ipv4,imap-attack,high,WHITE,blocklist.de/imap|blocklist.de/all|blocklist.de/mail|ziyadnz/hourly-ipv4,blocklist.de|imap|pop3|brute-force|spam|mail|ziyadnz|hourly,2026-08-17T18:48:05Z,2026-08-17T18:48:05Z,
59.8.7.125,ipv4,imap-attack,high,WHITE,blocklist.de/imap|blocklist.de/all|blocklist.de/mail|ziyadnz/hourly-ipv4,blocklist.de|imap|pop3|brute-force|spam|mail|ziyadnz|hourly,2026-08-17T18:48:05Z,2026-08-17T18:48:05Z,
59.8.7.253,ipv4,imap-attack,high,WHITE,blocklist.de/imap|blocklist.de/all|blocklist.de/mail|ziyadnz/hourly-ipv4,blocklist.de|imap|pop3|brute-force|spam|mail|ziyadnz|hourly,2026-08-17T18:48:05Z,2026-08-17T18:48:05Z,
59.8.75.203,ipv4,imap-attack,high,WHITE,blocklist.de/imap|blocklist.de/all|blocklist.de/mail|ziyadnz/hourly-ipv4,blocklist.de|imap|pop3|brute-force|spam|mail|ziyadnz|hourly,2026-08-17T18:48:05Z,2026-08-17T18:48:05Z,
59.8.89.79,ipv4,imap-attack,high,WHITE,blocklist.de/imap|blocklist.de/all|blocklist.de/mail|ziyadnz/hourly-ipv4,blocklist.de|imap|pop3|brute-force|spam|mail|ziyadnz|hourly,2026-08-17T18:48:05Z,2026-08-17T18:48:05Z,
59.8.91.187,ipv4,imap-attack,high,WHITE,blocklist.de/imap|blocklist.de/all|blocklist.de/mail|ziyadnz/hourly-ipv4,blocklist.de|imap|pop3|brute-force|spam|mail|ziyadnz|hourly,2026-08-17T18:48:05Z,2026-08-17T18:48:05Z,
59.90.111.74,ipv4,imap-attack,high,WHITE,blocklist.de/imap|blocklist.de/all|blocklist.de/mail|ziyadnz/hourly-ipv4,blocklist.de|imap|pop3|brute-force|spam|mail|ziyadnz|hourly,2026-08-17T18:48:05Z,2026-08-17T18:48:05Z,
59.92.51.98,ipv4,imap-attack,high,WHITE,blocklist.de/imap|blocklist.de/all|blocklist.de/mail|ziyadnz/hourly-ipv4,blocklist.de|imap|pop3|brute-force|spam|mail|ziyadnz|hourly,2026-08-17T18:48:05Z,2026-08-17T18:48:05Z,
60.12.106.119,ipv4,imap-attack,high,WHITE,blocklist.de/imap|blocklist.de/all|blocklist.de/mail|ziyadnz/hourly-ipv4,blocklist.de|imap|pop3|brute-force|spam|mail|ziyadnz|hourly,2026-08-17T18:48:05Z,2026-08-17T18:48:05Z,
60.12.5.190,ipv4,imap-attack,high,WHITE,blocklist.de/imap|blocklist.de/all|blocklist.de/mail|ziyadnz/hourly-ipv4,blocklist.de|imap|pop3|brute-force|spam|mail|ziyadnz|hourly,2026-08-17T18:48:05Z,2026-08-17T18:48:05Z,
60.172.23.9,ipv4,imap-attack,high,WHITE,blocklist.de/imap|blocklist.de/all|blocklist.de/mail|ziyadnz/hourly-ipv4,blocklist.de|imap|pop3|brute-force|spam|mail|ziyadnz|hourly,2026-08-17T18:48:05Z,2026-08-17T18:48:05Z,
60.211.233.218,ipv4,imap-attack,high,WHITE,blocklist.de/imap|blocklist.de/all|blocklist.de/mail|ziyadnz/hourly-ipv4,blocklist.de|imap|pop3|brute-force|spam|mail|ziyadnz|hourly,2026-08-17T18:48:05Z,2026-08-17T18:48:05Z,
60.216.89.122,ipv4,imap-attack,high,WHITE,blocklist.de/imap|blocklist.de/all|blocklist.de/mail|ziyadnz/hourly-ipv4,blocklist.de|imap|pop3|brute-force|spam|mail|ziyadnz|hourly,2026-08-17T18:48:05Z,2026-08-17T18:48:05Z,
60.220.241.50,ipv4,imap-attack,high,WHITE,blocklist.de/imap|blocklist.de/all|blocklist.de/mail|ziyadnz/hourly-ipv4,blocklist.de|imap|pop3|brute-force|spam|mail|ziyadnz|hourly,2026-08-17T18:48:05Z,2026-08-17T18:48:05Z,
60.223.254.202,ipv4,imap-attack,high,WHITE,blocklist.de/imap|blocklist.de/all|blocklist.de/mail|ziyadnz/hourly-ipv4,blocklist.de|imap|pop3|brute-force|spam|mail|ziyadnz|hourly,2026-08-17T18:48:05Z,2026-08-17T18:48:05Z,
60.251.120.110,ipv4,imap-attack,high,WHITE,blocklist.de/imap|blocklist.de/all|blocklist.de/mail|ziyadnz/hourly-ipv4,blocklist.de|imap|pop3|brute-force|spam|mail|ziyadnz|hourly,2026-08-17T18:48:05Z,2026-08-17T18:48:05Z,
60.29.128.122,ipv4,imap-attack,high,WHITE,blocklist.de/imap|blocklist.de/all|blocklist.de/mail|ziyadnz/hourly-ipv4,blocklist.de|imap|pop3|brute-force|spam|mail|ziyadnz|hourly,2026-08-17T18:48:05Z,2026-08-17T18:48:05Z,
60.40.45.223,ipv4,imap-attack,high,WHITE,blocklist.de/imap|blocklist.de/all|blocklist.de/mail|ziyadnz/hourly-ipv4,blocklist.de|imap|pop3|brute-force|spam|mail|ziyadnz|hourly,2026-08-17T18:48:05Z,2026-08-17T18:48:05Z,
61.136.142.13,ipv4,imap-attack,high,WHITE,blocklist.de/imap|blocklist.de/all|blocklist.de/mail|ziyadnz/hourly-ipv4,blocklist.de|imap|pop3|brute-force|spam|mail|ziyadnz|hourly,2026-08-17T18:48:05Z,2026-08-17T18:48:05Z,
61.142.85.190,ipv4,imap-attack,high,WHITE,blocklist.de/imap|blocklist.de/all|blocklist.de/mail|ziyadnz/hourly-ipv4,blocklist.de|imap|pop3|brute-force|spam|mail|ziyadnz|hourly,2026-08-17T18:48:05Z,2026-08-17T18:48:05Z,
61.145.250.147,ipv4,imap-attack,high,WHITE,blocklist.de/imap|blocklist.de/all|blocklist.de/mail|ziyadnz/hourly-ipv4,blocklist.de|imap|pop3|brute-force|spam|mail|ziyadnz|hourly,2026-08-17T18:48:05Z,2026-08-17T18:48:05Z,
61.145.56.3,ipv4,imap-attack,high,WHITE,blocklist.de/imap|blocklist.de/all|blocklist.de/mail|ziyadnz/hourly-ipv4,blocklist.de|imap|pop3|brute-force|spam|mail|ziyadnz|hourly,2026-08-17T18:48:05Z,2026-08-17T18:48:05Z,
61.178.82.215,ipv4,imap-attack,high,WHITE,blocklist.de/imap|blocklist.de/all|blocklist.de/mail|ziyadnz/hourly-ipv4,blocklist.de|imap|pop3|brute-force|spam|mail|ziyadnz|hourly,2026-08-17T18:48:05Z,2026-08-17T18:48:05Z,
61.2.246.139,ipv4,imap-attack,high,WHITE,blocklist.de/imap|blocklist.de/all|blocklist.de/mail|ziyadnz/hourly-ipv4,blocklist.de|imap|pop3|brute-force|spam|mail|ziyadnz|hourly,2026-08-17T18:48:05Z,2026-08-17T18:48:05Z,
61.220.35.158,ipv4,imap-attack,high,WHITE,blocklist.de/imap|blocklist.de/all|blocklist.de/mail|ziyadnz/hourly-ipv4,blocklist.de|imap|pop3|brute-force|spam|mail|ziyadnz|hourly,2026-08-17T18:48:05Z,2026-08-17T18:48:05Z,
61.246.92.150,ipv4,imap-attack,high,WHITE,blocklist.de/imap|blocklist.de/all|blocklist.de/mail|ziyadnz/hourly-ipv4,blocklist.de|imap|pop3|brute-force|spam|mail|ziyadnz|hourly,2026-08-17T18:48:05Z,2026-08-17T18:48:05Z,
61.32.68.66,ipv4,imap-attack,high,WHITE,blocklist.de/imap|blocklist.de/all|blocklist.de/mail|ziyadnz/hourly-ipv4,blocklist.de|imap|pop3|brute-force|spam|mail|ziyadnz|hourly,2026-08-17T18:48:05Z,2026-08-17T18:48:05Z,
61.37.150.6,ipv4,imap-attack,high,WHITE,blocklist.de/imap|blocklist.de/all|blocklist.de/mail|ziyadnz/hourly-ipv4,blocklist.de|imap|pop3|brute-force|spam|mail|ziyadnz|hourly,2026-08-17T18:48:05Z,2026-08-17T18:48:05Z,
61.42.133.74,ipv4,imap-attack,high,WHITE,blocklist.de/imap|blocklist.de/all|blocklist.de/mail|ziyadnz/hourly-ipv4,blocklist.de|imap|pop3|brute-force|spam|mail|ziyadnz|hourly,2026-08-17T18:48:05Z,2026-08-17T18:48:05Z,
61.7.144.60,ipv4,imap-attack,high,WHITE,blocklist.de/imap|blocklist.de/all|blocklist.de/mail|ziyadnz/hourly-ipv4,blocklist.de|imap|pop3|brute-force|spam|mail|ziyadnz|hourly,2026-08-17T18:48:05Z,2026-08-17T18:48:05Z,
61.72.145.38,ipv4,imap-attack,high,WHITE,blocklist.de/imap|blocklist.de/all|blocklist.de/mail|ziyadnz/hourly-ipv4,blocklist.de|imap|pop3|brute-force|spam|mail|ziyadnz|hourly,2026-08-17T18:48:05Z,2026-08-17T18:48:05Z,
61.74.212.17,ipv4,imap-attack,high,WHITE,blocklist.de/imap|blocklist.de/all|blocklist.de/mail|ziyadnz/hourly-ipv4,blocklist.de|imap|pop3|brute-force|spam|mail|ziyadnz|hourly,2026-08-17T18:48:05Z,2026-08-17T18:48:05Z,
61.76.221.51,ipv4,imap-attack,high,WHITE,blocklist.de/imap|blocklist.de/all|blocklist.de/mail|ziyadnz/hourly-ipv4,blocklist.de|imap|pop3|brute-force|spam|mail|ziyadnz|hourly,2026-08-17T18:48:05Z,2026-08-17T18:48:05Z,
61.77.220.62,ipv4,imap-attack,high,WHITE,blocklist.de/imap|blocklist.de/all|blocklist.de/mail|ziyadnz/hourly-ipv4,blocklist.de|imap|pop3|brute-force|spam|mail|ziyadnz|hourly,2026-08-17T18:48:05Z,2026-08-17T18:48:05Z,
61.79.227.51,ipv4,imap-attack,high,WHITE,blocklist.de/imap|blocklist.de/all|blocklist.de/mail|ziyadnz/hourly-ipv4,blocklist.de|imap|pop3|brute-force|spam|mail|ziyadnz|hourly,2026-08-17T18:48:05Z,2026-08-17T18:48:05Z,
61.80.157.142,ipv4,imap-attack,high,WHITE,blocklist.de/imap|blocklist.de/all|blocklist.de/mail|ziyadnz/hourly-ipv4,blocklist.de|imap|pop3|brute-force|spam|mail|ziyadnz|hourly,2026-08-17T18:48:05Z,2026-08-17T18:48:05Z,
61.80.159.151,ipv4,imap-attack,high,WHITE,blocklist.de/imap|blocklist.de/all|blocklist.de/mail|ziyadnz/hourly-ipv4,blocklist.de|imap|pop3|brute-force|spam|mail|ziyadnz|hourly,2026-08-17T18:48:05Z,2026-08-17T18:48:05Z,
61.80.165.187,ipv4,imap-attack,high,WHITE,blocklist.de/imap|blocklist.de/all|blocklist.de/mail|ziyadnz/hourly-ipv4,blocklist.de|imap|pop3|brute-force|spam|mail|ziyadnz|hourly,2026-08-17T18:48:05Z,2026-08-17T18:48:05Z,
61.85.9.49,ipv4,imap-attack,high,WHITE,blocklist.de/imap|blocklist.de/all|blocklist.de/mail|ziyadnz/hourly-ipv4,blocklist.de|imap|pop3|brute-force|spam|mail|ziyadnz|hourly,2026-08-17T18:48:05Z,2026-08-17T18:48:05Z,
61.95.192.58,ipv4,imap-attack,high,WHITE,blocklist.de/imap|blocklist.de/all|blocklist.de/mail|ziyadnz/hourly-ipv4,blocklist.de|imap|pop3|brute-force|spam|mail|ziyadnz|hourly,2026-08-17T18:48:05Z,2026-08-17T18:48:05Z,
61.97.17.208,ipv4,imap-attack,high,WHITE,blocklist.de/imap|blocklist.de/all|blocklist.de/mail|ziyadnz/hourly-ipv4,blocklist.de|imap|pop3|brute-force|spam|mail|ziyadnz|hourly,2026-08-17T18:48:05Z,2026-08-17T18:48:05Z,
62.1.118.69,ipv4,imap-attack,high,WHITE,blocklist.de/imap|blocklist.de/all|blocklist.de/mail|ziyadnz/hourly-ipv4,blocklist.de|imap|pop3|brute-force|spam|mail|ziyadnz|hourly,2026-08-17T18:48:05Z,2026-08-17T18:48:05Z,
62.164.148.87,ipv4,imap-attack,high,WHITE,blocklist.de/imap|blocklist.de/all|blocklist.de/mail|ziyadnz/hourly-ipv4,blocklist.de|imap|pop3|brute-force|spam|mail|ziyadnz|hourly,2026-08-17T18:48:05Z,2026-08-17T18:48:05Z,
62.201.228.210,ipv4,imap-attack,high,WHITE,blocklist.de/imap|blocklist.de/all|blocklist.de/mail|ziyadnz/hourly-ipv4,blocklist.de|imap|pop3|brute-force|spam|mail|ziyadnz|hourly,2026-08-17T18:48:05Z,2026-08-17T18:48:05Z,
62.201.253.23,ipv4,imap-attack,high,WHITE,blocklist.de/imap|blocklist.de/all|blocklist.de/mail|ziyadnz/hourly-ipv4,blocklist.de|imap|pop3|brute-force|spam|mail|ziyadnz|hourly,2026-08-17T18:48:05Z,2026-08-17T18:48:05Z,
62.216.154.78,ipv4,imap-attack,high,WHITE,blocklist.de/imap|blocklist.de/all|blocklist.de/mail|ziyadnz/hourly-ipv4,blocklist.de|imap|pop3|brute-force|spam|mail|ziyadnz|hourly,2026-08-17T18:48:05Z,2026-08-17T18:48:05Z,
62.220.236.203,ipv4,imap-attack,high,WHITE,blocklist.de/imap|blocklist.de/all|blocklist.de/mail|ziyadnz/hourly-ipv4,blocklist.de|imap|pop3|brute-force|spam|mail|ziyadnz|hourly,2026-08-17T18:48:05Z,2026-08-17T18:48:05Z,
62.221.107.99,ipv4,imap-attack,high,WHITE,blocklist.de/imap|blocklist.de/all|blocklist.de/mail|ziyadnz/hourly-ipv4,blocklist.de|imap|pop3|brute-force|spam|mail|ziyadnz|hourly,2026-08-17T18:48:05Z,2026-08-17T18:48:05Z,
62.238.195.91,ipv4,imap-attack,high,WHITE,blocklist.de/imap|blocklist.de/all|blocklist.de/mail|ziyadnz/hourly-ipv4,blocklist.de|imap|pop3|brute-force|spam|mail|ziyadnz|hourly,2026-08-17T18:48:05Z,2026-08-17T18:48:05Z,
62.33.49.147,ipv4,imap-attack,high,WHITE,blocklist.de/imap|blocklist.de/all|blocklist.de/mail|ziyadnz/hourly-ipv4,blocklist.de|imap|pop3|brute-force|spam|mail|ziyadnz|hourly,2026-08-17T18:48:05Z,2026-08-17T18:48:05Z,
62.43.122.184,ipv4,imap-attack,high,WHITE,blocklist.de/imap|blocklist.de/all|blocklist.de/mail|ziyadnz/hourly-ipv4,blocklist.de|imap|pop3|brute-force|spam|mail|ziyadnz|hourly,2026-08-17T18:48:05Z,2026-08-17T18:48:05Z,
62.60.130.234,ipv4,imap-attack,high,WHITE,blocklist.de/imap|blocklist.de/all|blocklist.de/mail|ziyadnz/hourly-ipv4,blocklist.de|imap|pop3|brute-force|spam|mail|ziyadnz|hourly,2026-08-17T18:48:05Z,2026-08-17T18:48:05Z,
62.72.189.118,ipv4,imap-attack,high,WHITE,blocklist.de/imap|blocklist.de/all|blocklist.de/mail|ziyadnz/hourly-ipv4,blocklist.de|imap|pop3|brute-force|spam|mail|ziyadnz|hourly,2026-08-17T18:48:05Z,2026-08-17T18:48:05Z,
62.89.208.190,ipv4,imap-attack,high,WHITE,blocklist.de/imap|blocklist.de/all|blocklist.de/mail|ziyadnz/hourly-ipv4,blocklist.de|imap|pop3|brute-force|spam|mail|ziyadnz|hourly,2026-08-17T18:48:05Z,2026-08-17T18:48:05Z,
63.135.169.175,ipv4,imap-attack,high,WHITE,blocklist.de/imap|blocklist.de/all|blocklist.de/mail|ziyadnz/hourly-ipv4,blocklist.de|imap|pop3|brute-force|spam|mail|ziyadnz|hourly,2026-08-17T18:48:05Z,2026-08-17T18:48:05Z,
63.42.190.239,ipv4,imap-attack,high,WHITE,blocklist.de/imap|blocklist.de/all|blocklist.de/mail|ziyadnz/hourly-ipv4,blocklist.de|imap|pop3|brute-force|spam|mail|ziyadnz|hourly,2026-08-17T18:48:05Z,2026-08-17T18:48:05Z,
63.65.203.83,ipv4,imap-attack,high,WHITE,blocklist.de/imap|blocklist.de/all|blocklist.de/mail|ziyadnz/hourly-ipv4,blocklist.de|imap|pop3|brute-force|spam|mail|ziyadnz|hourly,2026-08-17T18:48:05Z,2026-08-17T18:48:05Z,
64.178.139.53,ipv4,imap-attack,high,WHITE,blocklist.de/imap|blocklist.de/all|blocklist.de/mail|ziyadnz/hourly-ipv4,blocklist.de|imap|pop3|brute-force|spam|mail|ziyadnz|hourly,2026-08-17T18:48:05Z,2026-08-17T18:48:05Z,
64.181.172.46,ipv4,imap-attack,high,WHITE,blocklist.de/imap|blocklist.de/all|blocklist.de/mail|ziyadnz/hourly-ipv4,blocklist.de|imap|pop3|brute-force|spam|mail|ziyadnz|hourly,2026-08-17T18:48:05Z,2026-08-17T18:48:05Z,
64.188.62.136,ipv4,imap-attack,high,WHITE,blocklist.de/imap|blocklist.de/all|blocklist.de/mail|ziyadnz/hourly-ipv4,blocklist.de|imap|pop3|brute-force|spam|mail|ziyadnz|hourly,2026-08-17T18:48:05Z,2026-08-17T18:48:05Z,
64.207.225.55,ipv4,imap-attack,high,WHITE,blocklist.de/imap|blocklist.de/all|blocklist.de/mail|ziyadnz/hourly-ipv4,blocklist.de|imap|pop3|brute-force|spam|mail|ziyadnz|hourly,2026-08-17T18:48:05Z,2026-08-17T18:48:05Z,
64.227.32.243,ipv4,imap-attack,high,WHITE,blocklist.de/imap|blocklist.de/all|blocklist.de/mail|ziyadnz/hourly-ipv4,blocklist.de|imap|pop3|brute-force|spam|mail|ziyadnz|hourly,2026-08-17T18:48:05Z,2026-08-17T18:48:05Z,
64.33.178.57,ipv4,imap-attack,high,WHITE,blocklist.de/imap|blocklist.de/all|blocklist.de/mail,blocklist.de|imap|pop3|brute-force|spam|mail|ziyadnz|hourly,2026-08-17T18:48:05Z,2026-08-17T18:48:05Z,
64.53.7.231,ipv4,imap-attack,high,WHITE,blocklist.de/imap|blocklist.de/all|blocklist.de/mail|ziyadnz/hourly-ipv4,blocklist.de|imap|pop3|brute-force|spam|mail|ziyadnz|hourly,2026-08-17T18:48:05Z,2026-08-17T18:48:05Z,
64.62.197.92,ipv4,imap-attack,high,WHITE,blocklist.de/imap|blocklist.de/all|blocklist.de/mail|ziyadnz/hourly-ipv4,blocklist.de|imap|pop3|brute-force|spam|mail|ziyadnz|hourly,2026-08-17T18:48:05Z,2026-08-17T18:48:05Z,
64.66.193.6,ipv4,imap-attack,high,WHITE,blocklist.de/imap|blocklist.de/all|blocklist.de/mail|ziyadnz/hourly-ipv4,blocklist.de|imap|pop3|brute-force|spam|mail|ziyadnz|hourly,2026-08-17T18:48:05Z,2026-08-17T18:48:05Z,
64.72.74.162,ipv4,imap-attack,high,WHITE,blocklist.de/imap|blocklist.de/all|blocklist.de/mail|ziyadnz/hourly-ipv4,blocklist.de|imap|pop3|brute-force|spam|mail|ziyadnz|hourly,2026-08-17T18:48:05Z,2026-08-17T18:48:05Z,
64.89.160.21,ipv4,imap-attack,high,WHITE,blocklist.de/imap|blocklist.de/all|blocklist.de/mail|ziyadnz/hourly-ipv4,blocklist.de|imap|pop3|brute-force|spam|mail|ziyadnz|hourly,2026-08-17T18:48:05Z,2026-08-17T18:48:05Z,
64.89.160.242,ipv4,imap-attack,high,WHITE,blocklist.de/imap|blocklist.de/all|blocklist.de/mail|ziyadnz/hourly-ipv4,blocklist.de|imap|pop3|brute-force|spam|mail|ziyadnz|hourly,2026-08-17T18:48:05Z,2026-08-17T18:48:05Z,
64.89.160.251,ipv4,imap-attack,high,WHITE,blocklist.de/imap|blocklist.de/all|blocklist.de/mail|ziyadnz/hourly-ipv4,blocklist.de|imap|pop3|brute-force|spam|mail|ziyadnz|hourly,2026-08-17T18:48:05Z,2026-08-17T18:48:05Z,
64.89.160.40,ipv4,imap-attack,high,WHITE,blocklist.de/imap|blocklist.de/all|blocklist.de/mail|ziyadnz/hourly-ipv4,blocklist.de|imap|pop3|brute-force|spam|mail|ziyadnz|hourly,2026-08-17T18:48:05Z,2026-08-17T18:48:05Z,
64.89.160.42,ipv4,imap-attack,high,WHITE,blocklist.de/imap|blocklist.de/all|blocklist.de/mail|ziyadnz/hourly-ipv4,blocklist.de|imap|pop3|brute-force|spam|mail|ziyadnz|hourly,2026-08-17T18:48:05Z,2026-08-17T18:48:05Z,
65.181.79.60,ipv4,imap-attack,high,WHITE,blocklist.de/imap|blocklist.de/all|blocklist.de/mail|ziyadnz/hourly-ipv4,blocklist.de|imap|pop3|brute-force|spam|mail|ziyadnz|hourly,2026-08-17T18:48:05Z,2026-08-17T18:48:05Z,
65.19.174.203,ipv4,imap-attack,high,WHITE,blocklist.de/imap|blocklist.de/all|blocklist.de/mail|ziyadnz/hourly-ipv4,blocklist.de|imap|pop3|brute-force|spam|mail|ziyadnz|hourly,2026-08-17T18:48:05Z,2026-08-17T18:48:05Z,
65.20.130.3,ipv4,imap-attack,high,WHITE,blocklist.de/imap|blocklist.de/all|blocklist.de/mail|ziyadnz/hourly-ipv4,blocklist.de|imap|pop3|brute-force|spam|mail|ziyadnz|hourly,2026-08-17T18:48:05Z,2026-08-17T18:48:05Z,
65.20.130.33,ipv4,imap-attack,high,WHITE,blocklist.de/imap|blocklist.de/all|blocklist.de/mail|ziyadnz/hourly-ipv4,blocklist.de|imap|pop3|brute-force|spam|mail|ziyadnz|hourly,2026-08-17T18:48:05Z,2026-08-17T18:48:05Z,
65.20.131.20,ipv4,imap-attack,high,WHITE,blocklist.de/imap|blocklist.de/all|blocklist.de/mail|ziyadnz/hourly-ipv4,blocklist.de|imap|pop3|brute-force|spam|mail|ziyadnz|hourly,2026-08-17T18:48:05Z,2026-08-17T18:48:05Z,
65.20.131.63,ipv4,imap-attack,high,WHITE,blocklist.de/imap|blocklist.de/all|blocklist.de/mail|ziyadnz/hourly-ipv4,blocklist.de|imap|pop3|brute-force|spam|mail|ziyadnz|hourly,2026-08-17T18:48:05Z,2026-08-17T18:48:05Z,
65.20.134.219,ipv4,imap-attack,high,WHITE,blocklist.de/imap|blocklist.de/all|blocklist.de/mail|ziyadnz/hourly-ipv4,blocklist.de|imap|pop3|brute-force|spam|mail|ziyadnz|hourly,2026-08-17T18:48:05Z,2026-08-17T18:48:05Z,
65.20.134.97,ipv4,imap-attack,high,WHITE,blocklist.de/imap|blocklist.de/all|blocklist.de/mail|ziyadnz/hourly-ipv4,blocklist.de|imap|pop3|brute-force|spam|mail|ziyadnz|hourly,2026-08-17T18:48:05Z,2026-08-17T18:48:05Z,
65.20.136.75,ipv4,imap-attack,high,WHITE,blocklist.de/imap|blocklist.de/all|blocklist.de/mail|ziyadnz/hourly-ipv4,blocklist.de|imap|pop3|brute-force|spam|mail|ziyadnz|hourly,2026-08-17T18:48:05Z,2026-08-17T18:48:05Z,
65.20.137.173,ipv4,imap-attack,high,WHITE,blocklist.de/imap|blocklist.de/all|blocklist.de/mail|ziyadnz/hourly-ipv4,blocklist.de|imap|pop3|brute-force|spam|mail|ziyadnz|hourly,2026-08-17T18:48:05Z,2026-08-17T18:48:05Z,
65.20.138.135,ipv4,imap-attack,high,WHITE,blocklist.de/imap|blocklist.de/all|blocklist.de/mail|ziyadnz/hourly-ipv4,blocklist.de|imap|pop3|brute-force|spam|mail|ziyadnz|hourly,2026-08-17T18:48:05Z,2026-08-17T18:48:05Z,
65.20.138.3,ipv4,imap-attack,high,WHITE,blocklist.de/imap|blocklist.de/all|blocklist.de/mail|ziyadnz/hourly-ipv4,blocklist.de|imap|pop3|brute-force|spam|mail|ziyadnz|hourly,2026-08-17T18:48:05Z,2026-08-17T18:48:05Z,
65.20.138.46,ipv4,imap-attack,high,WHITE,blocklist.de/imap|blocklist.de/all|blocklist.de/mail|ziyadnz/hourly-ipv4,blocklist.de|imap|pop3|brute-force|spam|mail|ziyadnz|hourly,2026-08-17T18:48:05Z,2026-08-17T18:48:05Z,
65.20.139.149,ipv4,imap-attack,high,WHITE,blocklist.de/imap|blocklist.de/all|blocklist.de/mail|ziyadnz/hourly-ipv4,blocklist.de|imap|pop3|brute-force|spam|mail|ziyadnz|hourly,2026-08-17T18:48:05Z,2026-08-17T18:48:05Z,
65.20.141.174,ipv4,imap-attack,high,WHITE,blocklist.de/imap|blocklist.de/all|blocklist.de/mail|ziyadnz/hourly-ipv4,blocklist.de|imap|pop3|brute-force|spam|mail|ziyadnz|hourly,2026-08-17T18:48:05Z,2026-08-17T18:48:05Z,
65.20.141.202,ipv4,imap-attack,high,WHITE,blocklist.de/imap|blocklist.de/all|blocklist.de/mail|ziyadnz/hourly-ipv4,blocklist.de|imap|pop3|brute-force|spam|mail|ziyadnz|hourly,2026-08-17T18:48:05Z,2026-08-17T18:48:05Z,
65.20.141.242,ipv4,imap-attack,high,WHITE,blocklist.de/imap|blocklist.de/all|blocklist.de/mail|ziyadnz/hourly-ipv4,blocklist.de|imap|pop3|brute-force|spam|mail|ziyadnz|hourly,2026-08-17T18:48:05Z,2026-08-17T18:48:05Z,
65.20.142.125,ipv4,imap-attack,high,WHITE,blocklist.de/imap|blocklist.de/all|blocklist.de/mail|ziyadnz/hourly-ipv4,blocklist.de|imap|pop3|brute-force|spam|mail|ziyadnz|hourly,2026-08-17T18:48:05Z,2026-08-17T18:48:05Z,
65.20.143.114,ipv4,imap-attack,high,WHITE,blocklist.de/imap|blocklist.de/all|blocklist.de/mail|ziyadnz/hourly-ipv4,blocklist.de|imap|pop3|brute-force|spam|mail|ziyadnz|hourly,2026-08-17T18:48:05Z,2026-08-17T18:48:05Z,
65.20.143.66,ipv4,imap-attack,high,WHITE,blocklist.de/imap|blocklist.de/all|blocklist.de/mail|ziyadnz/hourly-ipv4,blocklist.de|imap|pop3|brute-force|spam|mail|ziyadnz|hourly,2026-08-17T18:48:05Z,2026-08-17T18:48:05Z,
65.20.146.109,ipv4,imap-attack,high,WHITE,blocklist.de/imap|blocklist.de/all|blocklist.de/mail|ziyadnz/hourly-ipv4,blocklist.de|imap|pop3|brute-force|spam|mail|ziyadnz|hourly,2026-08-17T18:48:05Z,2026-08-17T18:48:05Z,
65.20.146.133,ipv4,imap-attack,high,WHITE,blocklist.de/imap|blocklist.de/all|blocklist.de/mail|ziyadnz/hourly-ipv4,blocklist.de|imap|pop3|brute-force|spam|mail|ziyadnz|hourly,2026-08-17T18:48:05Z,2026-08-17T18:48:05Z,
65.20.146.167,ipv4,imap-attack,high,WHITE,blocklist.de/imap|blocklist.de/all|blocklist.de/mail|ziyadnz/hourly-ipv4,blocklist.de|imap|pop3|brute-force|spam|mail|ziyadnz|hourly,2026-08-17T18:48:05Z,2026-08-17T18:48:05Z,
65.20.148.129,ipv4,imap-attack,high,WHITE,blocklist.de/imap|blocklist.de/all|blocklist.de/mail|ziyadnz/hourly-ipv4,blocklist.de|imap|pop3|brute-force|spam|mail|ziyadnz|hourly,2026-08-17T18:48:05Z,2026-08-17T18:48:05Z,
65.20.148.194,ipv4,imap-attack,high,WHITE,blocklist.de/imap|blocklist.de/all|blocklist.de/mail|ziyadnz/hourly-ipv4,blocklist.de|imap|pop3|brute-force|spam|mail|ziyadnz|hourly,2026-08-17T18:48:05Z,2026-08-17T18:48:05Z,
65.20.149.170,ipv4,imap-attack,high,WHITE,blocklist.de/imap|blocklist.de/all|blocklist.de/mail|ziyadnz/hourly-ipv4,blocklist.de|imap|pop3|brute-force|spam|mail|ziyadnz|hourly,2026-08-17T18:48:05Z,2026-08-17T18:48:05Z,
65.20.149.239,ipv4,imap-attack,high,WHITE,blocklist.de/imap|blocklist.de/all|blocklist.de/mail|ziyadnz/hourly-ipv4,blocklist.de|imap|pop3|brute-force|spam|mail|ziyadnz|hourly,2026-08-17T18:48:05Z,2026-08-17T18:48:05Z,
65.20.149.26,ipv4,imap-attack,high,WHITE,blocklist.de/imap|blocklist.de/all|blocklist.de/mail|ziyadnz/hourly-ipv4,blocklist.de|imap|pop3|brute-force|spam|mail|ziyadnz|hourly,2026-08-17T18:48:05Z,2026-08-17T18:48:05Z,
65.20.151.151,ipv4,imap-attack,high,WHITE,blocklist.de/imap|blocklist.de/all|blocklist.de/mail|ziyadnz/hourly-ipv4,blocklist.de|imap|pop3|brute-force|spam|mail|ziyadnz|hourly,2026-08-17T18:48:05Z,2026-08-17T18:48:05Z,
65.20.152.43,ipv4,imap-attack,high,WHITE,blocklist.de/imap|blocklist.de/all|blocklist.de/mail|ziyadnz/hourly-ipv4,blocklist.de|imap|pop3|brute-force|spam|mail|ziyadnz|hourly,2026-08-17T18:48:05Z,2026-08-17T18:48:05Z,
65.20.153.146,ipv4,imap-attack,high,WHITE,blocklist.de/imap|blocklist.de/all|blocklist.de/mail|ziyadnz/hourly-ipv4,blocklist.de|imap|pop3|brute-force|spam|mail|ziyadnz|hourly,2026-08-17T18:48:05Z,2026-08-17T18:48:05Z,
65.20.157.169,ipv4,imap-attack,high,WHITE,blocklist.de/imap|blocklist.de/all|blocklist.de/mail|ziyadnz/hourly-ipv4,blocklist.de|imap|pop3|brute-force|spam|mail|ziyadnz|hourly,2026-08-17T18:48:05Z,2026-08-17T18:48:05Z,
65.20.158.10,ipv4,imap-attack,high,WHITE,blocklist.de/imap|blocklist.de/all|blocklist.de/mail|ziyadnz/hourly-ipv4,blocklist.de|imap|pop3|brute-force|spam|mail|ziyadnz|hourly,2026-08-17T18:48:05Z,2026-08-17T18:48:05Z,
65.20.158.199,ipv4,imap-attack,high,WHITE,blocklist.de/imap|blocklist.de/all|blocklist.de/mail|ziyadnz/hourly-ipv4,blocklist.de|imap|pop3|brute-force|spam|mail|ziyadnz|hourly,2026-08-17T18:48:05Z,2026-08-17T18:48:05Z,
65.20.163.103,ipv4,imap-attack,high,WHITE,blocklist.de/imap|blocklist.de/all|blocklist.de/mail|ziyadnz/hourly-ipv4,blocklist.de|imap|pop3|brute-force|spam|mail|ziyadnz|hourly,2026-08-17T18:48:05Z,2026-08-17T18:48:05Z,
65.20.175.6,ipv4,imap-attack,high,WHITE,blocklist.de/imap|blocklist.de/all|blocklist.de/mail|ziyadnz/hourly-ipv4,blocklist.de|imap|pop3|brute-force|spam|mail|ziyadnz|hourly,2026-08-17T18:48:05Z,2026-08-17T18:48:05Z,
65.20.179.251,ipv4,imap-attack,high,WHITE,blocklist.de/imap|blocklist.de/all|blocklist.de/mail|ziyadnz/hourly-ipv4,blocklist.de|imap|pop3|brute-force|spam|mail|ziyadnz|hourly,2026-08-17T18:48:05Z,2026-08-17T18:48:05Z,
65.20.187.47,ipv4,imap-attack,high,WHITE,blocklist.de/imap|blocklist.de/all|blocklist.de/mail|ziyadnz/hourly-ipv4,blocklist.de|imap|pop3|brute-force|spam|mail|ziyadnz|hourly,2026-08-17T18:48:05Z,2026-08-17T18:48:05Z,
65.20.189.30,ipv4,imap-attack,high,WHITE,blocklist.de/imap|blocklist.de/all|blocklist.de/mail|ziyadnz/hourly-ipv4,blocklist.de|imap|pop3|brute-force|spam|mail|ziyadnz|hourly,2026-08-17T18:48:05Z,2026-08-17T18:48:05Z,
65.20.204.41,ipv4,imap-attack,high,WHITE,blocklist.de/imap|blocklist.de/all|blocklist.de/mail|ziyadnz/hourly-ipv4,blocklist.de|imap|pop3|brute-force|spam|mail|ziyadnz|hourly,2026-08-17T18:48:05Z,2026-08-17T18:48:05Z,
65.20.205.165,ipv4,imap-attack,high,WHITE,blocklist.de/imap|blocklist.de/all|blocklist.de/mail|ziyadnz/hourly-ipv4,blocklist.de|imap|pop3|brute-force|spam|mail|ziyadnz|hourly,2026-08-17T18:48:05Z,2026-08-17T18:48:05Z,
65.20.205.208,ipv4,imap-attack,high,WHITE,blocklist.de/imap|blocklist.de/all|blocklist.de/mail|ziyadnz/hourly-ipv4,blocklist.de|imap|pop3|brute-force|spam|mail|ziyadnz|hourly,2026-08-17T18:48:05Z,2026-08-17T18:48:05Z,
65.20.213.222,ipv4,imap-attack,high,WHITE,blocklist.de/imap|blocklist.de/all|blocklist.de/mail|ziyadnz/hourly-ipv4,blocklist.de|imap|pop3|brute-force|spam|mail|ziyadnz|hourly,2026-08-17T18:48:05Z,2026-08-17T18:48:05Z,
65.20.216.251,ipv4,imap-attack,high,WHITE,blocklist.de/imap|blocklist.de/all|blocklist.de/mail|ziyadnz/hourly-ipv4,blocklist.de|imap|pop3|brute-force|spam|mail|ziyadnz|hourly,2026-08-17T18:48:05Z,2026-08-17T18:48:05Z,
65.20.217.64,ipv4,imap-attack,high,WHITE,blocklist.de/imap|blocklist.de/all|blocklist.de/mail|ziyadnz/hourly-ipv4,blocklist.de|imap|pop3|brute-force|spam|mail|ziyadnz|hourly,2026-08-17T18:48:05Z,2026-08-17T18:48:05Z,
65.20.226.43,ipv4,imap-attack,high,WHITE,blocklist.de/imap|blocklist.de/all|blocklist.de/mail|ziyadnz/hourly-ipv4,blocklist.de|imap|pop3|brute-force|spam|mail|ziyadnz|hourly,2026-08-17T18:48:05Z,2026-08-17T18:48:05Z,
65.20.233.110,ipv4,imap-attack,high,WHITE,blocklist.de/imap|blocklist.de/all|blocklist.de/mail|ziyadnz/hourly-ipv4,blocklist.de|imap|pop3|brute-force|spam|mail|ziyadnz|hourly,2026-08-17T18:48:05Z,2026-08-17T18:48:05Z,
65.20.237.119,ipv4,imap-attack,high,WHITE,blocklist.de/imap|blocklist.de/all|blocklist.de/mail|ziyadnz/hourly-ipv4,blocklist.de|imap|pop3|brute-force|spam|mail|ziyadnz|hourly,2026-08-17T18:48:05Z,2026-08-17T18:48:05Z,
65.20.251.170,ipv4,imap-attack,high,WHITE,blocklist.de/imap|blocklist.de/all|blocklist.de/mail|ziyadnz/hourly-ipv4,blocklist.de|imap|pop3|brute-force|spam|mail|ziyadnz|hourly,2026-08-17T18:48:05Z,2026-08-17T18:48:05Z,
65.20.252.149,ipv4,imap-attack,high,WHITE,blocklist.de/imap|blocklist.de/all|blocklist.de/mail|ziyadnz/hourly-ipv4,blocklist.de|imap|pop3|brute-force|spam|mail|ziyadnz|hourly,2026-08-17T18:48:05Z,2026-08-17T18:48:05Z,
65.99.181.123,ipv4,imap-attack,high,WHITE,blocklist.de/imap|blocklist.de/all|blocklist.de/mail|ziyadnz/hourly-ipv4,blocklist.de|imap|pop3|brute-force|spam|mail|ziyadnz|hourly,2026-08-17T18:48:05Z,2026-08-17T18:48:05Z,
66.132.186.183,ipv4,imap-attack,high,WHITE,blocklist.de/imap|blocklist.de/all|blocklist.de/mail|ziyadnz/hourly-ipv4,blocklist.de|imap|pop3|brute-force|spam|mail|ziyadnz|hourly,2026-08-17T18:48:05Z,2026-08-17T18:48:05Z,
66.132.195.106,ipv4,imap-attack,high,WHITE,blocklist.de/imap|blocklist.de/all|blocklist.de/mail|ziyadnz/hourly-ipv4,blocklist.de|imap|pop3|brute-force|spam|mail|ziyadnz|hourly,2026-08-17T18:48:05Z,2026-08-17T18:48:05Z,
66.132.195.109,ipv4,imap-attack,high,WHITE,blocklist.de/imap|blocklist.de/all|blocklist.de/mail|ziyadnz/hourly-ipv4,blocklist.de|imap|pop3|brute-force|spam|mail|ziyadnz|hourly,2026-08-17T18:48:05Z,2026-08-17T18:48:05Z,
66.132.195.119,ipv4,imap-attack,high,WHITE,blocklist.de/imap|blocklist.de/all|blocklist.de/mail|ziyadnz/hourly-ipv4,blocklist.de|imap|pop3|brute-force|spam|mail|ziyadnz|hourly,2026-08-17T18:48:05Z,2026-08-17T18:48:05Z,
66.132.195.37,ipv4,imap-attack,high,WHITE,blocklist.de/imap|blocklist.de/all|blocklist.de/mail|ziyadnz/hourly-ipv4,blocklist.de|imap|pop3|brute-force|spam|mail|ziyadnz|hourly,2026-08-17T18:48:05Z,2026-08-17T18:48:05Z,
66.164.72.50,ipv4,imap-attack,high,WHITE,blocklist.de/imap|blocklist.de/all|blocklist.de/mail|ziyadnz/hourly-ipv4,blocklist.de|imap|pop3|brute-force|spam|mail|ziyadnz|hourly,2026-08-17T18:48:05Z,2026-08-17T18:48:05Z,
66.175.138.122,ipv4,imap-attack,high,WHITE,blocklist.de/imap|blocklist.de/all|blocklist.de/mail|ziyadnz/hourly-ipv4,blocklist.de|imap|pop3|brute-force|spam|mail|ziyadnz|hourly,2026-08-17T18:48:05Z,2026-08-17T18:48:05Z,
66.181.176.104,ipv4,imap-attack,high,WHITE,blocklist.de/imap|blocklist.de/all|blocklist.de/mail|ziyadnz/hourly-ipv4,blocklist.de|imap|pop3|brute-force|spam|mail|ziyadnz|hourly,2026-08-17T18:48:05Z,2026-08-17T18:48:05Z,
66.181.188.53,ipv4,imap-attack,high,WHITE,blocklist.de/imap|blocklist.de/all|blocklist.de/mail|ziyadnz/hourly-ipv4,blocklist.de|imap|pop3|brute-force|spam|mail|ziyadnz|hourly,2026-08-17T18:48:05Z,2026-08-17T18:48:05Z,
66.185.199.179,ipv4,imap-attack,high,WHITE,blocklist.de/imap|blocklist.de/all|blocklist.de/mail|ziyadnz/hourly-ipv4,blocklist.de|imap|pop3|brute-force|spam|mail|ziyadnz|hourly,2026-08-17T18:48:05Z,2026-08-17T18:48:05Z,
66.216.19.31,ipv4,imap-attack,high,WHITE,blocklist.de/imap|blocklist.de/all|blocklist.de/mail|ziyadnz/hourly-ipv4,blocklist.de|imap|pop3|brute-force|spam|mail|ziyadnz|hourly,2026-08-17T18:48:05Z,2026-08-17T18:48:05Z,
66.216.19.46,ipv4,imap-attack,high,WHITE,blocklist.de/imap|blocklist.de/all|blocklist.de/mail|ziyadnz/hourly-ipv4,blocklist.de|imap|pop3|brute-force|spam|mail|ziyadnz|hourly,2026-08-17T18:48:05Z,2026-08-17T18:48:05Z,
66.216.19.50,ipv4,imap-attack,high,WHITE,blocklist.de/imap|blocklist.de/all|blocklist.de/mail|ziyadnz/hourly-ipv4,blocklist.de|imap|pop3|brute-force|spam|mail|ziyadnz|hourly,2026-08-17T18:48:05Z,2026-08-17T18:48:05Z,
66.33.41.123,ipv4,imap-attack,high,WHITE,blocklist.de/imap|blocklist.de/all|blocklist.de/mail|ziyadnz/hourly-ipv4,blocklist.de|imap|pop3|brute-force|spam|mail|ziyadnz|hourly,2026-08-17T18:48:05Z,2026-08-17T18:48:05Z,
66.76.106.13,ipv4,imap-attack,high,WHITE,blocklist.de/imap|blocklist.de/all|blocklist.de/mail|ziyadnz/hourly-ipv4,blocklist.de|imap|pop3|brute-force|spam|mail|ziyadnz|hourly,2026-08-17T18:48:05Z,2026-08-17T18:48:05Z,
67.205.132.223,ipv4,imap-attack,high,WHITE,blocklist.de/imap|blocklist.de/all|blocklist.de/mail|ziyadnz/hourly-ipv4,blocklist.de|imap|pop3|brute-force|spam|mail|ziyadnz|hourly,2026-08-17T18:48:05Z,2026-08-17T18:48:05Z,
67.207.92.87,ipv4,imap-attack,high,WHITE,blocklist.de/imap|blocklist.de/all|blocklist.de/mail|ziyadnz/hourly-ipv4,blocklist.de|imap|pop3|brute-force|spam|mail|ziyadnz|hourly,2026-08-17T18:48:05Z,2026-08-17T18:48:05Z,
67.230.43.182,ipv4,imap-attack,high,WHITE,blocklist.de/imap|blocklist.de/all|blocklist.de/mail|ziyadnz/hourly-ipv4,blocklist.de|imap|pop3|brute-force|spam|mail|ziyadnz|hourly,2026-08-17T18:48:05Z,2026-08-17T18:48:05Z,
67.230.79.58,ipv4,imap-attack,high,WHITE,blocklist.de/imap|blocklist.de/all|blocklist.de/mail|ziyadnz/hourly-ipv4,blocklist.de|imap|pop3|brute-force|spam|mail|ziyadnz|hourly,2026-08-17T18:48:05Z,2026-08-17T18:48:05Z,
68.113.199.243,ipv4,imap-attack,high,WHITE,blocklist.de/imap|blocklist.de/all|blocklist.de/mail|ziyadnz/hourly-ipv4,blocklist.de|imap|pop3|brute-force|spam|mail|ziyadnz|hourly,2026-08-17T18:48:05Z,2026-08-17T18:48:05Z,
68.150.109.105,ipv4,imap-attack,high,WHITE,blocklist.de/imap|blocklist.de/all|blocklist.de/mail|ziyadnz/hourly-ipv4,blocklist.de|imap|pop3|brute-force|spam|mail|ziyadnz|hourly,2026-08-17T18:48:05Z,2026-08-17T18:48:05Z,
68.171.176.91,ipv4,imap-attack,high,WHITE,blocklist.de/imap|blocklist.de/all|blocklist.de/mail|ziyadnz/hourly-ipv4,blocklist.de|imap|pop3|brute-force|spam|mail|ziyadnz|hourly,2026-08-17T18:48:05Z,2026-08-17T18:48:05Z,
68.225.57.96,ipv4,imap-attack,high,WHITE,blocklist.de/imap|blocklist.de/all|blocklist.de/mail|ziyadnz/hourly-ipv4,blocklist.de|imap|pop3|brute-force|spam|mail|ziyadnz|hourly,2026-08-17T18:48:05Z,2026-08-17T18:48:05Z,
68.225.58.59,ipv4,imap-attack,high,WHITE,blocklist.de/imap|blocklist.de/all|blocklist.de/mail|ziyadnz/hourly-ipv4,blocklist.de|imap|pop3|brute-force|spam|mail|ziyadnz|hourly,2026-08-17T18:48:05Z,2026-08-17T18:48:05Z,
68.225.58.8,ipv4,imap-attack,high,WHITE,blocklist.de/imap|blocklist.de/all|blocklist.de/mail|ziyadnz/hourly-ipv4,blocklist.de|imap|pop3|brute-force|spam|mail|ziyadnz|hourly,2026-08-17T18:48:05Z,2026-08-17T18:48:05Z,
68.225.60.172,ipv4,imap-attack,high,WHITE,blocklist.de/imap|blocklist.de/all|blocklist.de/mail|ziyadnz/hourly-ipv4,blocklist.de|imap|pop3|brute-force|spam|mail|ziyadnz|hourly,2026-08-17T18:48:05Z,2026-08-17T18:48:05Z,
68.225.62.190,ipv4,imap-attack,high,WHITE,blocklist.de/imap|blocklist.de/all|blocklist.de/mail|ziyadnz/hourly-ipv4,blocklist.de|imap|pop3|brute-force|spam|mail|ziyadnz|hourly,2026-08-17T18:48:05Z,2026-08-17T18:48:05Z,
68.225.62.203,ipv4,imap-attack,high,WHITE,blocklist.de/imap|blocklist.de/all|blocklist.de/mail|ziyadnz/hourly-ipv4,blocklist.de|imap|pop3|brute-force|spam|mail|ziyadnz|hourly,2026-08-17T18:48:05Z,2026-08-17T18:48:05Z,
68.225.62.250,ipv4,imap-attack,high,WHITE,blocklist.de/imap|blocklist.de/all|blocklist.de/mail|ziyadnz/hourly-ipv4,blocklist.de|imap|pop3|brute-force|spam|mail|ziyadnz|hourly,2026-08-17T18:48:05Z,2026-08-17T18:48:05Z,
68.225.62.57,ipv4,imap-attack,high,WHITE,blocklist.de/imap|blocklist.de/all|blocklist.de/mail|ziyadnz/hourly-ipv4,blocklist.de|imap|pop3|brute-force|spam|mail|ziyadnz|hourly,2026-08-17T18:48:05Z,2026-08-17T18:48:05Z,
68.227.32.120,ipv4,imap-attack,high,WHITE,blocklist.de/imap|blocklist.de/all|blocklist.de/mail|ziyadnz/hourly-ipv4,blocklist.de|imap|pop3|brute-force|spam|mail|ziyadnz|hourly,2026-08-17T18:48:05Z,2026-08-17T18:48:05Z,
68.227.77.50,ipv4,imap-attack,high,WHITE,blocklist.de/imap|blocklist.de/all|blocklist.de/mail|ziyadnz/hourly-ipv4,blocklist.de|imap|pop3|brute-force|spam|mail|ziyadnz|hourly,2026-08-17T18:48:05Z,2026-08-17T18:48:05Z,
68.227.77.64,ipv4,imap-attack,high,WHITE,blocklist.de/imap|blocklist.de/all|blocklist.de/mail|ziyadnz/hourly-ipv4,blocklist.de|imap|pop3|brute-force|spam|mail|ziyadnz|hourly,2026-08-17T18:48:05Z,2026-08-17T18:48:05Z,
68.41.196.116,ipv4,imap-attack,high,WHITE,blocklist.de/imap|blocklist.de/all|blocklist.de/mail|ziyadnz/hourly-ipv4,blocklist.de|imap|pop3|brute-force|spam|mail|ziyadnz|hourly,2026-08-17T18:48:05Z,2026-08-17T18:48:05Z,
68.82.198.204,ipv4,imap-attack,high,WHITE,blocklist.de/imap|blocklist.de/all|blocklist.de/mail|ziyadnz/hourly-ipv4,blocklist.de|imap|pop3|brute-force|spam|mail|ziyadnz|hourly,2026-08-17T18:48:05Z,2026-08-17T18:48:05Z,
69.126.144.30,ipv4,imap-attack,high,WHITE,blocklist.de/imap|blocklist.de/all|blocklist.de/mail|ziyadnz/hourly-ipv4,blocklist.de|imap|pop3|brute-force|spam|mail|ziyadnz|hourly,2026-08-17T18:48:05Z,2026-08-17T18:48:05Z,
69.172.210.47,ipv4,imap-attack,high,WHITE,blocklist.de/imap|blocklist.de/all|blocklist.de/mail|ziyadnz/hourly-ipv4,blocklist.de|imap|pop3|brute-force|spam|mail|ziyadnz|hourly,2026-08-17T18:48:05Z,2026-08-17T18:48:05Z,
69.172.79.198,ipv4,imap-attack,high,WHITE,blocklist.de/imap|blocklist.de/all|blocklist.de/mail|ziyadnz/hourly-ipv4,blocklist.de|imap|pop3|brute-force|spam|mail|ziyadnz|hourly,2026-08-17T18:48:05Z,2026-08-17T18:48:05Z,
70.120.9.176,ipv4,imap-attack,high,WHITE,blocklist.de/imap|blocklist.de/all|blocklist.de/mail|ziyadnz/hourly-ipv4,blocklist.de|imap|pop3|brute-force|spam|mail|ziyadnz|hourly,2026-08-17T18:48:05Z,2026-08-17T18:48:05Z,
70.166.129.80,ipv4,imap-attack,high,WHITE,blocklist.de/imap|blocklist.de/all|blocklist.de/mail|ziyadnz/hourly-ipv4,blocklist.de|imap|pop3|brute-force|spam|mail|ziyadnz|hourly,2026-08-17T18:48:05Z,2026-08-17T18:48:05Z,
70.166.129.94,ipv4,imap-attack,high,WHITE,blocklist.de/imap|blocklist.de/all|blocklist.de/mail|ziyadnz/hourly-ipv4,blocklist.de|imap|pop3|brute-force|spam|mail|ziyadnz|hourly,2026-08-17T18:48:05Z,2026-08-17T18:48:05Z,
70.166.137.91,ipv4,imap-attack,high,WHITE,blocklist.de/imap|blocklist.de/all|blocklist.de/mail|ziyadnz/hourly-ipv4,blocklist.de|imap|pop3|brute-force|spam|mail|ziyadnz|hourly,2026-08-17T18:48:05Z,2026-08-17T18:48:05Z,
70.166.140.123,ipv4,imap-attack,high,WHITE,blocklist.de/imap|blocklist.de/all|blocklist.de/mail|ziyadnz/hourly-ipv4,blocklist.de|imap|pop3|brute-force|spam|mail|ziyadnz|hourly,2026-08-17T18:48:05Z,2026-08-17T18:48:05Z,
70.166.140.221,ipv4,imap-attack,high,WHITE,blocklist.de/imap|blocklist.de/all|blocklist.de/mail|ziyadnz/hourly-ipv4,blocklist.de|imap|pop3|brute-force|spam|mail|ziyadnz|hourly,2026-08-17T18:48:05Z,2026-08-17T18:48:05Z,
70.166.140.36,ipv4,imap-attack,high,WHITE,blocklist.de/imap|blocklist.de/all|blocklist.de/mail|ziyadnz/hourly-ipv4,blocklist.de|imap|pop3|brute-force|spam|mail|ziyadnz|hourly,2026-08-17T18:48:05Z,2026-08-17T18:48:05Z,
70.166.167.45,ipv4,imap-attack,high,WHITE,blocklist.de/imap|blocklist.de/all|blocklist.de/mail|ziyadnz/hourly-ipv4,blocklist.de|imap|pop3|brute-force|spam|mail|ziyadnz|hourly,2026-08-17T18:48:05Z,2026-08-17T18:48:05Z,
70.167.234.226,ipv4,imap-attack,high,WHITE,blocklist.de/imap|blocklist.de/all|blocklist.de/mail|ziyadnz/hourly-ipv4,blocklist.de|imap|pop3|brute-force|spam|mail|ziyadnz|hourly,2026-08-17T18:48:05Z,2026-08-17T18:48:05Z,
70.167.234.41,ipv4,imap-attack,high,WHITE,blocklist.de/imap|blocklist.de/all|blocklist.de/mail|ziyadnz/hourly-ipv4,blocklist.de|imap|pop3|brute-force|spam|mail|ziyadnz|hourly,2026-08-17T18:48:05Z,2026-08-17T18:48:05Z,
70.167.235.55,ipv4,imap-attack,high,WHITE,blocklist.de/imap|blocklist.de/all|blocklist.de/mail|ziyadnz/hourly-ipv4,blocklist.de|imap|pop3|brute-force|spam|mail|ziyadnz|hourly,2026-08-17T18:48:05Z,2026-08-17T18:48:05Z,
70.167.236.11,ipv4,imap-attack,high,WHITE,blocklist.de/imap|blocklist.de/all|blocklist.de/mail|ziyadnz/hourly-ipv4,blocklist.de|imap|pop3|brute-force|spam|mail|ziyadnz|hourly,2026-08-17T18:48:05Z,2026-08-17T18:48:05Z,
70.168.196.87,ipv4,imap-attack,high,WHITE,blocklist.de/imap|blocklist.de/all|blocklist.de/mail|ziyadnz/hourly-ipv4,blocklist.de|imap|pop3|brute-force|spam|mail|ziyadnz|hourly,2026-08-17T18:48:05Z,2026-08-17T18:48:05Z,
70.169.11.197,ipv4,imap-attack,high,WHITE,blocklist.de/imap|blocklist.de/all|blocklist.de/mail|ziyadnz/hourly-ipv4,blocklist.de|imap|pop3|brute-force|spam|mail|ziyadnz|hourly,2026-08-17T18:48:05Z,2026-08-17T18:48:05Z,
70.169.11.214,ipv4,imap-attack,high,WHITE,blocklist.de/imap|blocklist.de/all|blocklist.de/mail|ziyadnz/hourly-ipv4,blocklist.de|imap|pop3|brute-force|spam|mail|ziyadnz|hourly,2026-08-17T18:48:05Z,2026-08-17T18:48:05Z,
70.169.11.216,ipv4,imap-attack,high,WHITE,blocklist.de/imap|blocklist.de/all|blocklist.de/mail|ziyadnz/hourly-ipv4,blocklist.de|imap|pop3|brute-force|spam|mail|ziyadnz|hourly,2026-08-17T18:48:05Z,2026-08-17T18:48:05Z,
70.169.12.229,ipv4,imap-attack,high,WHITE,blocklist.de/imap|blocklist.de/all|blocklist.de/mail|ziyadnz/hourly-ipv4,blocklist.de|imap|pop3|brute-force|spam|mail|ziyadnz|hourly,2026-08-17T18:48:05Z,2026-08-17T18:48:05Z,
70.169.12.247,ipv4,imap-attack,high,WHITE,blocklist.de/imap|blocklist.de/all|blocklist.de/mail|ziyadnz/hourly-ipv4,blocklist.de|imap|pop3|brute-force|spam|mail|ziyadnz|hourly,2026-08-17T18:48:05Z,2026-08-17T18:48:05Z,
70.169.21.12,ipv4,imap-attack,high,WHITE,blocklist.de/imap|blocklist.de/all|blocklist.de/mail|ziyadnz/hourly-ipv4,blocklist.de|imap|pop3|brute-force|spam|mail|ziyadnz|hourly,2026-08-17T18:48:05Z,2026-08-17T18:48:05Z,
70.169.21.167,ipv4,imap-attack,high,WHITE,blocklist.de/imap|blocklist.de/all|blocklist.de/mail|ziyadnz/hourly-ipv4,blocklist.de|imap|pop3|brute-force|spam|mail|ziyadnz|hourly,2026-08-17T18:48:05Z,2026-08-17T18:48:05Z,
70.169.4.116,ipv4,imap-attack,high,WHITE,blocklist.de/imap|blocklist.de/all|blocklist.de/mail|ziyadnz/hourly-ipv4,blocklist.de|imap|pop3|brute-force|spam|mail|ziyadnz|hourly,2026-08-17T18:48:05Z,2026-08-17T18:48:05Z,
70.169.4.117,ipv4,imap-attack,high,WHITE,blocklist.de/imap|blocklist.de/all|blocklist.de/mail|ziyadnz/hourly-ipv4,blocklist.de|imap|pop3|brute-force|spam|mail|ziyadnz|hourly,2026-08-17T18:48:05Z,2026-08-17T18:48:05Z,
70.169.4.125,ipv4,imap-attack,high,WHITE,blocklist.de/imap|blocklist.de/all|blocklist.de/mail|ziyadnz/hourly-ipv4,blocklist.de|imap|pop3|brute-force|spam|mail|ziyadnz|hourly,2026-08-17T18:48:05Z,2026-08-17T18:48:05Z,
70.174.162.217,ipv4,imap-attack,high,WHITE,blocklist.de/imap|blocklist.de/all|blocklist.de/mail|ziyadnz/hourly-ipv4,blocklist.de|imap|pop3|brute-force|spam|mail|ziyadnz|hourly,2026-08-17T18:48:05Z,2026-08-17T18:48:05Z,
70.175.180.222,ipv4,imap-attack,high,WHITE,blocklist.de/imap|blocklist.de/all|blocklist.de/mail|ziyadnz/hourly-ipv4,blocklist.de|imap|pop3|brute-force|spam|mail|ziyadnz|hourly,2026-08-17T18:48:05Z,2026-08-17T18:48:05Z,
70.175.180.88,ipv4,imap-attack,high,WHITE,blocklist.de/imap|blocklist.de/all|blocklist.de/mail|ziyadnz/hourly-ipv4,blocklist.de|imap|pop3|brute-force|spam|mail|ziyadnz|hourly,2026-08-17T18:48:05Z,2026-08-17T18:48:05Z,
70.175.182.130,ipv4,imap-attack,high,WHITE,blocklist.de/imap|blocklist.de/all|blocklist.de/mail|ziyadnz/hourly-ipv4,blocklist.de|imap|pop3|brute-force|spam|mail|ziyadnz|hourly,2026-08-17T18:48:05Z,2026-08-17T18:48:05Z,
70.175.182.135,ipv4,imap-attack,high,WHITE,blocklist.de/imap|blocklist.de/all|blocklist.de/mail|ziyadnz/hourly-ipv4,blocklist.de|imap|pop3|brute-force|spam|mail|ziyadnz|hourly,2026-08-17T18:48:05Z,2026-08-17T18:48:05Z,
70.175.182.15,ipv4,imap-attack,high,WHITE,blocklist.de/imap|blocklist.de/all|blocklist.de/mail|ziyadnz/hourly-ipv4,blocklist.de|imap|pop3|brute-force|spam|mail|ziyadnz|hourly,2026-08-17T18:48:05Z,2026-08-17T18:48:05Z,
70.175.182.36,ipv4,imap-attack,high,WHITE,blocklist.de/imap|blocklist.de/all|blocklist.de/mail|ziyadnz/hourly-ipv4,blocklist.de|imap|pop3|brute-force|spam|mail|ziyadnz|hourly,2026-08-17T18:48:05Z,2026-08-17T18:48:05Z,
70.175.182.37,ipv4,imap-attack,high,WHITE,blocklist.de/imap|blocklist.de/all|blocklist.de/mail|ziyadnz/hourly-ipv4,blocklist.de|imap|pop3|brute-force|spam|mail|ziyadnz|hourly,2026-08-17T18:48:05Z,2026-08-17T18:48:05Z,
70.175.182.48,ipv4,imap-attack,high,WHITE,blocklist.de/imap|blocklist.de/all|blocklist.de/mail|ziyadnz/hourly-ipv4,blocklist.de|imap|pop3|brute-force|spam|mail|ziyadnz|hourly,2026-08-17T18:48:05Z,2026-08-17T18:48:05Z,
70.182.12.141,ipv4,imap-attack,high,WHITE,blocklist.de/imap|blocklist.de/all|blocklist.de/mail|ziyadnz/hourly-ipv4,blocklist.de|imap|pop3|brute-force|spam|mail|ziyadnz|hourly,2026-08-17T18:48:05Z,2026-08-17T18:48:05Z,
70.182.173.218,ipv4,imap-attack,high,WHITE,blocklist.de/imap|blocklist.de/all|blocklist.de/mail|ziyadnz/hourly-ipv4,blocklist.de|imap|pop3|brute-force|spam|mail|ziyadnz|hourly,2026-08-17T18:48:05Z,2026-08-17T18:48:05Z,
70.182.26.124,ipv4,imap-attack,high,WHITE,blocklist.de/imap|blocklist.de/all|blocklist.de/mail|ziyadnz/hourly-ipv4,blocklist.de|imap|pop3|brute-force|spam|mail|ziyadnz|hourly,2026-08-17T18:48:05Z,2026-08-17T18:48:05Z,
70.182.26.98,ipv4,imap-attack,high,WHITE,blocklist.de/imap|blocklist.de/all|blocklist.de/mail|ziyadnz/hourly-ipv4,blocklist.de|imap|pop3|brute-force|spam|mail|ziyadnz|hourly,2026-08-17T18:48:05Z,2026-08-17T18:48:05Z,
70.182.31.136,ipv4,imap-attack,high,WHITE,blocklist.de/imap|blocklist.de/all|blocklist.de/mail|ziyadnz/hourly-ipv4,blocklist.de|imap|pop3|brute-force|spam|mail|ziyadnz|hourly,2026-08-17T18:48:05Z,2026-08-17T18:48:05Z,
70.183.193.123,ipv4,imap-attack,high,WHITE,blocklist.de/imap|blocklist.de/all|blocklist.de/mail|ziyadnz/hourly-ipv4,blocklist.de|imap|pop3|brute-force|spam|mail|ziyadnz|hourly,2026-08-17T18:48:05Z,2026-08-17T18:48:05Z,
70.183.199.8,ipv4,imap-attack,high,WHITE,blocklist.de/imap|blocklist.de/all|blocklist.de/mail|ziyadnz/hourly-ipv4,blocklist.de|imap|pop3|brute-force|spam|mail|ziyadnz|hourly,2026-08-17T18:48:05Z,2026-08-17T18:48:05Z,
70.183.223.218,ipv4,imap-attack,high,WHITE,blocklist.de/imap|blocklist.de/all|blocklist.de/mail|ziyadnz/hourly-ipv4,blocklist.de|imap|pop3|brute-force|spam|mail|ziyadnz|hourly,2026-08-17T18:48:05Z,2026-08-17T18:48:05Z,
70.183.224.39,ipv4,imap-attack,high,WHITE,blocklist.de/imap|blocklist.de/all|blocklist.de/mail|ziyadnz/hourly-ipv4,blocklist.de|imap|pop3|brute-force|spam|mail|ziyadnz|hourly,2026-08-17T18:48:05Z,2026-08-17T18:48:05Z,
70.183.226.44,ipv4,imap-attack,high,WHITE,blocklist.de/imap|blocklist.de/all|blocklist.de/mail|ziyadnz/hourly-ipv4,blocklist.de|imap|pop3|brute-force|spam|mail|ziyadnz|hourly,2026-08-17T18:48:05Z,2026-08-17T18:48:05Z,
70.183.226.77,ipv4,imap-attack,high,WHITE,blocklist.de/imap|blocklist.de/all|blocklist.de/mail|ziyadnz/hourly-ipv4,blocklist.de|imap|pop3|brute-force|spam|mail|ziyadnz|hourly,2026-08-17T18:48:05Z,2026-08-17T18:48:05Z,
70.183.226.82,ipv4,imap-attack,high,WHITE,blocklist.de/imap|blocklist.de/all|blocklist.de/mail|ziyadnz/hourly-ipv4,blocklist.de|imap|pop3|brute-force|spam|mail|ziyadnz|hourly,2026-08-17T18:48:05Z,2026-08-17T18:48:05Z,
70.183.230.195,ipv4,imap-attack,high,WHITE,blocklist.de/imap|blocklist.de/all|blocklist.de/mail|ziyadnz/hourly-ipv4,blocklist.de|imap|pop3|brute-force|spam|mail|ziyadnz|hourly,2026-08-17T18:48:05Z,2026-08-17T18:48:05Z,
70.183.230.254,ipv4,imap-attack,high,WHITE,blocklist.de/imap|blocklist.de/all|blocklist.de/mail|ziyadnz/hourly-ipv4,blocklist.de|imap|pop3|brute-force|spam|mail|ziyadnz|hourly,2026-08-17T18:48:05Z,2026-08-17T18:48:05Z,
70.183.232.150,ipv4,imap-attack,high,WHITE,blocklist.de/imap|blocklist.de/all|blocklist.de/mail|ziyadnz/hourly-ipv4,blocklist.de|imap|pop3|brute-force|spam|mail|ziyadnz|hourly,2026-08-17T18:48:05Z,2026-08-17T18:48:05Z,
70.183.232.207,ipv4,imap-attack,high,WHITE,blocklist.de/imap|blocklist.de/all|blocklist.de/mail|ziyadnz/hourly-ipv4,blocklist.de|imap|pop3|brute-force|spam|mail|ziyadnz|hourly,2026-08-17T18:48:05Z,2026-08-17T18:48:05Z,
70.183.233.73,ipv4,imap-attack,high,WHITE,blocklist.de/imap|blocklist.de/all|blocklist.de/mail|ziyadnz/hourly-ipv4,blocklist.de|imap|pop3|brute-force|spam|mail|ziyadnz|hourly,2026-08-17T18:48:05Z,2026-08-17T18:48:05Z,
70.183.235.180,ipv4,imap-attack,high,WHITE,blocklist.de/imap|blocklist.de/all|blocklist.de/mail|ziyadnz/hourly-ipv4,blocklist.de|imap|pop3|brute-force|spam|mail|ziyadnz|hourly,2026-08-17T18:48:05Z,2026-08-17T18:48:05Z,
70.183.235.219,ipv4,imap-attack,high,WHITE,blocklist.de/imap|blocklist.de/all|blocklist.de/mail|ziyadnz/hourly-ipv4,blocklist.de|imap|pop3|brute-force|spam|mail|ziyadnz|hourly,2026-08-17T18:48:05Z,2026-08-17T18:48:05Z,
70.183.235.22,ipv4,imap-attack,high,WHITE,blocklist.de/imap|blocklist.de/all|blocklist.de/mail|ziyadnz/hourly-ipv4,blocklist.de|imap|pop3|brute-force|spam|mail|ziyadnz|hourly,2026-08-17T18:48:05Z,2026-08-17T18:48:05Z,
70.183.235.23,ipv4,imap-attack,high,WHITE,blocklist.de/imap|blocklist.de/all|blocklist.de/mail|ziyadnz/hourly-ipv4,blocklist.de|imap|pop3|brute-force|spam|mail|ziyadnz|hourly,2026-08-17T18:48:05Z,2026-08-17T18:48:05Z,
70.183.235.233,ipv4,imap-attack,high,WHITE,blocklist.de/imap|blocklist.de/all|blocklist.de/mail|ziyadnz/hourly-ipv4,blocklist.de|imap|pop3|brute-force|spam|mail|ziyadnz|hourly,2026-08-17T18:48:05Z,2026-08-17T18:48:05Z,
70.183.235.27,ipv4,imap-attack,high,WHITE,blocklist.de/imap|blocklist.de/all|blocklist.de/mail|ziyadnz/hourly-ipv4,blocklist.de|imap|pop3|brute-force|spam|mail|ziyadnz|hourly,2026-08-17T18:48:05Z,2026-08-17T18:48:05Z,
70.183.235.33,ipv4,imap-attack,high,WHITE,blocklist.de/imap|blocklist.de/all|blocklist.de/mail|ziyadnz/hourly-ipv4,blocklist.de|imap|pop3|brute-force|spam|mail|ziyadnz|hourly,2026-08-17T18:48:05Z,2026-08-17T18:48:05Z,
70.184.13.219,ipv4,imap-attack,high,WHITE,blocklist.de/imap|blocklist.de/all|blocklist.de/mail|ziyadnz/hourly-ipv4,blocklist.de|imap|pop3|brute-force|spam|mail|ziyadnz|hourly,2026-08-17T18:48:05Z,2026-08-17T18:48:05Z,
70.184.14.246,ipv4,imap-attack,high,WHITE,blocklist.de/imap|blocklist.de/all|blocklist.de/mail|ziyadnz/hourly-ipv4,blocklist.de|imap|pop3|brute-force|spam|mail|ziyadnz|hourly,2026-08-17T18:48:05Z,2026-08-17T18:48:05Z,
70.184.163.247,ipv4,imap-attack,high,WHITE,blocklist.de/imap|blocklist.de/all|blocklist.de/mail|ziyadnz/hourly-ipv4,blocklist.de|imap|pop3|brute-force|spam|mail|ziyadnz|hourly,2026-08-17T18:48:05Z,2026-08-17T18:48:05Z,
70.184.172.229,ipv4,imap-attack,high,WHITE,blocklist.de/imap|blocklist.de/all|blocklist.de/mail|ziyadnz/hourly-ipv4,blocklist.de|imap|pop3|brute-force|spam|mail|ziyadnz|hourly,2026-08-17T18:48:05Z,2026-08-17T18:48:05Z,
70.184.180.40,ipv4,imap-attack,high,WHITE,blocklist.de/imap|blocklist.de/all|blocklist.de/mail|ziyadnz/hourly-ipv4,blocklist.de|imap|pop3|brute-force|spam|mail|ziyadnz|hourly,2026-08-17T18:48:05Z,2026-08-17T18:48:05Z,
70.184.183.12,ipv4,imap-attack,high,WHITE,blocklist.de/imap|blocklist.de/all|blocklist.de/mail|ziyadnz/hourly-ipv4,blocklist.de|imap|pop3|brute-force|spam|mail|ziyadnz|hourly,2026-08-17T18:48:05Z,2026-08-17T18:48:05Z,
70.88.108.12,ipv4,imap-attack,high,WHITE,blocklist.de/imap|blocklist.de/all|blocklist.de/mail|ziyadnz/hourly-ipv4,blocklist.de|imap|pop3|brute-force|spam|mail|ziyadnz|hourly,2026-08-17T18:48:05Z,2026-08-17T18:48:05Z,
70.91.135.181,ipv4,imap-attack,high,WHITE,blocklist.de/imap|blocklist.de/all|blocklist.de/mail|ziyadnz/hourly-ipv4,blocklist.de|imap|pop3|brute-force|spam|mail|ziyadnz|hourly,2026-08-17T18:48:05Z,2026-08-17T18:48:05Z,
70.95.64.28,ipv4,imap-attack,high,WHITE,blocklist.de/imap|blocklist.de/all|blocklist.de/mail|ziyadnz/hourly-ipv4,blocklist.de|imap|pop3|brute-force|spam|mail|ziyadnz|hourly,2026-08-17T18:48:05Z,2026-08-17T18:48:05Z,
71.12.42.216,ipv4,imap-attack,high,WHITE,blocklist.de/imap|blocklist.de/all|blocklist.de/mail|ziyadnz/hourly-ipv4,blocklist.de|imap|pop3|brute-force|spam|mail|ziyadnz|hourly,2026-08-17T18:48:05Z,2026-08-17T18:48:05Z,
71.197.27.167,ipv4,imap-attack,high,WHITE,blocklist.de/imap|blocklist.de/all|blocklist.de/mail|ziyadnz/hourly-ipv4,blocklist.de|imap|pop3|brute-force|spam|mail|ziyadnz|hourly,2026-08-17T18:48:05Z,2026-08-17T18:48:05Z,
71.219.124.178,ipv4,imap-attack,high,WHITE,blocklist.de/imap|blocklist.de/all|blocklist.de/mail|ziyadnz/hourly-ipv4,blocklist.de|imap|pop3|brute-force|spam|mail|ziyadnz|hourly,2026-08-17T18:48:05Z,2026-08-17T18:48:05Z,
71.229.43.123,ipv4,imap-attack,high,WHITE,blocklist.de/imap|blocklist.de/all|blocklist.de/mail|ziyadnz/hourly-ipv4,blocklist.de|imap|pop3|brute-force|spam|mail|ziyadnz|hourly,2026-08-17T18:48:05Z,2026-08-17T18:48:05Z,
71.235.27.139,ipv4,imap-attack,high,WHITE,blocklist.de/imap|blocklist.de/all|blocklist.de/mail|ziyadnz/hourly-ipv4,blocklist.de|imap|pop3|brute-force|spam|mail|ziyadnz|hourly,2026-08-17T18:48:05Z,2026-08-17T18:48:05Z,
71.236.99.31,ipv4,imap-attack,high,WHITE,blocklist.de/imap|blocklist.de/all|blocklist.de/mail|ziyadnz/hourly-ipv4,blocklist.de|imap|pop3|brute-force|spam|mail|ziyadnz|hourly,2026-08-17T18:48:05Z,2026-08-17T18:48:05Z,
71.6.238.228,ipv4,imap-attack,high,WHITE,blocklist.de/imap|blocklist.de/all|blocklist.de/mail|ziyadnz/hourly-ipv4,blocklist.de|imap|pop3|brute-force|spam|mail|ziyadnz|hourly,2026-08-17T18:48:05Z,2026-08-17T18:48:05Z,
72.179.206.48,ipv4,imap-attack,high,WHITE,blocklist.de/imap|blocklist.de/all|blocklist.de/mail|ziyadnz/hourly-ipv4,blocklist.de|imap|pop3|brute-force|spam|mail|ziyadnz|hourly,2026-08-17T18:48:05Z,2026-08-17T18:48:05Z,
72.180.193.57,ipv4,imap-attack,high,WHITE,blocklist.de/imap|blocklist.de/all|blocklist.de/mail|ziyadnz/hourly-ipv4,blocklist.de|imap|pop3|brute-force|spam|mail|ziyadnz|hourly,2026-08-17T18:48:05Z,2026-08-17T18:48:05Z,
72.196.240.51,ipv4,imap-attack,high,WHITE,blocklist.de/imap|blocklist.de/all|blocklist.de/mail|ziyadnz/hourly-ipv4,blocklist.de|imap|pop3|brute-force|spam|mail|ziyadnz|hourly,2026-08-17T18:48:05Z,2026-08-17T18:48:05Z,
72.211.58.171,ipv4,imap-attack,high,WHITE,blocklist.de/imap|blocklist.de/all|blocklist.de/mail|ziyadnz/hourly-ipv4,blocklist.de|imap|pop3|brute-force|spam|mail|ziyadnz|hourly,2026-08-17T18:48:05Z,2026-08-17T18:48:05Z,
72.215.32.216,ipv4,imap-attack,high,WHITE,blocklist.de/imap|blocklist.de/all|blocklist.de/mail|ziyadnz/hourly-ipv4,blocklist.de|imap|pop3|brute-force|spam|mail|ziyadnz|hourly,2026-08-17T18:48:05Z,2026-08-17T18:48:05Z,
72.215.33.118,ipv4,imap-attack,high,WHITE,blocklist.de/imap|blocklist.de/all|blocklist.de/mail|ziyadnz/hourly-ipv4,blocklist.de|imap|pop3|brute-force|spam|mail|ziyadnz|hourly,2026-08-17T18:48:05Z,2026-08-17T18:48:05Z,
72.215.33.127,ipv4,imap-attack,high,WHITE,blocklist.de/imap|blocklist.de/all|blocklist.de/mail|ziyadnz/hourly-ipv4,blocklist.de|imap|pop3|brute-force|spam|mail|ziyadnz|hourly,2026-08-17T18:48:05Z,2026-08-17T18:48:05Z,
72.215.33.16,ipv4,imap-attack,high,WHITE,blocklist.de/imap|blocklist.de/all|blocklist.de/mail|ziyadnz/hourly-ipv4,blocklist.de|imap|pop3|brute-force|spam|mail|ziyadnz|hourly,2026-08-17T18:48:05Z,2026-08-17T18:48:05Z,
72.215.33.196,ipv4,imap-attack,high,WHITE,blocklist.de/imap|blocklist.de/all|blocklist.de/mail|ziyadnz/hourly-ipv4,blocklist.de|imap|pop3|brute-force|spam|mail|ziyadnz|hourly,2026-08-17T18:48:05Z,2026-08-17T18:48:05Z,
72.215.33.197,ipv4,imap-attack,high,WHITE,blocklist.de/imap|blocklist.de/all|blocklist.de/mail|ziyadnz/hourly-ipv4,blocklist.de|imap|pop3|brute-force|spam|mail|ziyadnz|hourly,2026-08-17T18:48:05Z,2026-08-17T18:48:05Z,
72.215.33.26,ipv4,imap-attack,high,WHITE,blocklist.de/imap|blocklist.de/all|blocklist.de/mail|ziyadnz/hourly-ipv4,blocklist.de|imap|pop3|brute-force|spam|mail|ziyadnz|hourly,2026-08-17T18:48:05Z,2026-08-17T18:48:05Z,
72.215.33.52,ipv4,imap-attack,high,WHITE,blocklist.de/imap|blocklist.de/all|blocklist.de/mail|ziyadnz/hourly-ipv4,blocklist.de|imap|pop3|brute-force|spam|mail|ziyadnz|hourly,2026-08-17T18:48:05Z,2026-08-17T18:48:05Z,
72.215.34.135,ipv4,imap-attack,high,WHITE,blocklist.de/imap|blocklist.de/all|blocklist.de/mail|ziyadnz/hourly-ipv4,blocklist.de|imap|pop3|brute-force|spam|mail|ziyadnz|hourly,2026-08-17T18:48:05Z,2026-08-17T18:48:05Z,
72.215.37.198,ipv4,imap-attack,high,WHITE,blocklist.de/imap|blocklist.de/all|blocklist.de/mail|ziyadnz/hourly-ipv4,blocklist.de|imap|pop3|brute-force|spam|mail|ziyadnz|hourly,2026-08-17T18:48:05Z,2026-08-17T18:48:05Z,
72.215.44.72,ipv4,imap-attack,high,WHITE,blocklist.de/imap|blocklist.de/all|blocklist.de/mail|ziyadnz/hourly-ipv4,blocklist.de|imap|pop3|brute-force|spam|mail|ziyadnz|hourly,2026-08-17T18:48:05Z,2026-08-17T18:48:05Z,
72.215.45.240,ipv4,imap-attack,high,WHITE,blocklist.de/imap|blocklist.de/all|blocklist.de/mail|ziyadnz/hourly-ipv4,blocklist.de|imap|pop3|brute-force|spam|mail|ziyadnz|hourly,2026-08-17T18:48:05Z,2026-08-17T18:48:05Z,
72.215.46.115,ipv4,imap-attack,high,WHITE,blocklist.de/imap|blocklist.de/all|blocklist.de/mail|ziyadnz/hourly-ipv4,blocklist.de|imap|pop3|brute-force|spam|mail|ziyadnz|hourly,2026-08-17T18:48:05Z,2026-08-17T18:48:05Z,
72.219.214.236,ipv4,imap-attack,high,WHITE,blocklist.de/imap|blocklist.de/all|blocklist.de/mail|ziyadnz/hourly-ipv4,blocklist.de|imap|pop3|brute-force|spam|mail|ziyadnz|hourly,2026-08-17T18:48:05Z,2026-08-17T18:48:05Z,
72.234.16.75,ipv4,imap-attack,high,WHITE,blocklist.de/imap|blocklist.de/all|blocklist.de/mail|ziyadnz/hourly-ipv4,blocklist.de|imap|pop3|brute-force|spam|mail|ziyadnz|hourly,2026-08-17T18:48:05Z,2026-08-17T18:48:05Z,
72.240.212.21,ipv4,imap-attack,high,WHITE,blocklist.de/imap|blocklist.de/all|blocklist.de/mail|ziyadnz/hourly-ipv4,blocklist.de|imap|pop3|brute-force|spam|mail|ziyadnz|hourly,2026-08-17T18:48:05Z,2026-08-17T18:48:05Z,
72.241.202.104,ipv4,imap-attack,high,WHITE,blocklist.de/imap|blocklist.de/all|blocklist.de/mail|ziyadnz/hourly-ipv4,blocklist.de|imap|pop3|brute-force|spam|mail|ziyadnz|hourly,2026-08-17T18:48:05Z,2026-08-17T18:48:05Z,
72.241.202.216,ipv4,imap-attack,high,WHITE,blocklist.de/imap|blocklist.de/all|blocklist.de/mail|ziyadnz/hourly-ipv4,blocklist.de|imap|pop3|brute-force|spam|mail|ziyadnz|hourly,2026-08-17T18:48:05Z,2026-08-17T18:48:05Z,
72.241.54.202,ipv4,imap-attack,high,WHITE,blocklist.de/imap|blocklist.de/all|blocklist.de/mail|ziyadnz/hourly-ipv4,blocklist.de|imap|pop3|brute-force|spam|mail|ziyadnz|hourly,2026-08-17T18:48:05Z,2026-08-17T18:48:05Z,
72.255.18.45,ipv4,imap-attack,high,WHITE,blocklist.de/imap|blocklist.de/all|blocklist.de/mail|ziyadnz/hourly-ipv4,blocklist.de|imap|pop3|brute-force|spam|mail|ziyadnz|hourly,2026-08-17T18:48:05Z,2026-08-17T18:48:05Z,
72.255.47.100,ipv4,imap-attack,high,WHITE,blocklist.de/imap|blocklist.de/all|blocklist.de/mail|ziyadnz/hourly-ipv4,blocklist.de|imap|pop3|brute-force|spam|mail|ziyadnz|hourly,2026-08-17T18:48:05Z,2026-08-17T18:48:05Z,
72.29.225.230,ipv4,imap-attack,high,WHITE,blocklist.de/imap|blocklist.de/all|blocklist.de/mail|ziyadnz/hourly-ipv4,blocklist.de|imap|pop3|brute-force|spam|mail|ziyadnz|hourly,2026-08-17T18:48:05Z,2026-08-17T18:48:05Z,
73.127.25.126,ipv4,imap-attack,high,WHITE,blocklist.de/imap|blocklist.de/all|blocklist.de/mail|ziyadnz/hourly-ipv4,blocklist.de|imap|pop3|brute-force|spam|mail|ziyadnz|hourly,2026-08-17T18:48:05Z,2026-08-17T18:48:05Z,
73.135.189.150,ipv4,imap-attack,high,WHITE,blocklist.de/imap|blocklist.de/all|blocklist.de/mail|ziyadnz/hourly-ipv4,blocklist.de|imap|pop3|brute-force|spam|mail|ziyadnz|hourly,2026-08-17T18:48:05Z,2026-08-17T18:48:05Z,
73.144.27.228,ipv4,imap-attack,high,WHITE,blocklist.de/imap|blocklist.de/all|blocklist.de/mail|ziyadnz/hourly-ipv4,blocklist.de|imap|pop3|brute-force|spam|mail|ziyadnz|hourly,2026-08-17T18:48:05Z,2026-08-17T18:48:05Z,
73.176.157.57,ipv4,imap-attack,high,WHITE,blocklist.de/imap|blocklist.de/all|blocklist.de/mail|ziyadnz/hourly-ipv4,blocklist.de|imap|pop3|brute-force|spam|mail|ziyadnz|hourly,2026-08-17T18:48:05Z,2026-08-17T18:48:05Z,
73.203.17.220,ipv4,imap-attack,high,WHITE,blocklist.de/imap|blocklist.de/all|blocklist.de/mail|ziyadnz/hourly-ipv4,blocklist.de|imap|pop3|brute-force|spam|mail|ziyadnz|hourly,2026-08-17T18:48:05Z,2026-08-17T18:48:05Z,
73.21.28.14,ipv4,imap-attack,high,WHITE,blocklist.de/imap|blocklist.de/all|blocklist.de/mail|ziyadnz/hourly-ipv4,blocklist.de|imap|pop3|brute-force|spam|mail|ziyadnz|hourly,2026-08-17T18:48:05Z,2026-08-17T18:48:05Z,
73.230.86.50,ipv4,imap-attack,high,WHITE,blocklist.de/imap|blocklist.de/all|blocklist.de/mail|ziyadnz/hourly-ipv4,blocklist.de|imap|pop3|brute-force|spam|mail|ziyadnz|hourly,2026-08-17T18:48:05Z,2026-08-17T18:48:05Z,
73.53.254.168,ipv4,imap-attack,high,WHITE,blocklist.de/imap|blocklist.de/all|blocklist.de/mail|ziyadnz/hourly-ipv4,blocklist.de|imap|pop3|brute-force|spam|mail|ziyadnz|hourly,2026-08-17T18:48:05Z,2026-08-17T18:48:05Z,
73.53.84.117,ipv4,imap-attack,high,WHITE,blocklist.de/imap|blocklist.de/all|blocklist.de/mail|ziyadnz/hourly-ipv4,blocklist.de|imap|pop3|brute-force|spam|mail|ziyadnz|hourly,2026-08-17T18:48:05Z,2026-08-17T18:48:05Z,
73.59.149.225,ipv4,imap-attack,high,WHITE,blocklist.de/imap|blocklist.de/all|blocklist.de/mail|ziyadnz/hourly-ipv4,blocklist.de|imap|pop3|brute-force|spam|mail|ziyadnz|hourly,2026-08-17T18:48:05Z,2026-08-17T18:48:05Z,
73.63.162.157,ipv4,imap-attack,high,WHITE,blocklist.de/imap|blocklist.de/all|blocklist.de/mail|ziyadnz/hourly-ipv4,blocklist.de|imap|pop3|brute-force|spam|mail|ziyadnz|hourly,2026-08-17T18:48:05Z,2026-08-17T18:48:05Z,
73.70.10.80,ipv4,imap-attack,high,WHITE,blocklist.de/imap|blocklist.de/all|blocklist.de/mail|ziyadnz/hourly-ipv4,blocklist.de|imap|pop3|brute-force|spam|mail|ziyadnz|hourly,2026-08-17T18:48:05Z,2026-08-17T18:48:05Z,
73.85.44.247,ipv4,imap-attack,high,WHITE,blocklist.de/imap|blocklist.de/all|blocklist.de/mail|ziyadnz/hourly-ipv4,blocklist.de|imap|pop3|brute-force|spam|mail|ziyadnz|hourly,2026-08-17T18:48:05Z,2026-08-17T18:48:05Z,
73.96.193.26,ipv4,imap-attack,high,WHITE,blocklist.de/imap|blocklist.de/all|blocklist.de/mail|ziyadnz/hourly-ipv4,blocklist.de|imap|pop3|brute-force|spam|mail|ziyadnz|hourly,2026-08-17T18:48:05Z,2026-08-17T18:48:05Z,
74.196.127.84,ipv4,imap-attack,high,WHITE,blocklist.de/imap|blocklist.de/all|blocklist.de/mail|ziyadnz/hourly-ipv4,blocklist.de|imap|pop3|brute-force|spam|mail|ziyadnz|hourly,2026-08-17T18:48:05Z,2026-08-17T18:48:05Z,
74.244.85.26,ipv4,imap-attack,high,WHITE,blocklist.de/imap|blocklist.de/all|blocklist.de/mail|ziyadnz/hourly-ipv4,blocklist.de|imap|pop3|brute-force|spam|mail|ziyadnz|hourly,2026-08-17T18:48:05Z,2026-08-17T18:48:05Z,
75.80.65.214,ipv4,imap-attack,high,WHITE,blocklist.de/imap|blocklist.de/all|blocklist.de/mail|ziyadnz/hourly-ipv4,blocklist.de|imap|pop3|brute-force|spam|mail|ziyadnz|hourly,2026-08-17T18:48:05Z,2026-08-17T18:48:05Z,
76.128.80.191,ipv4,imap-attack,high,WHITE,blocklist.de/imap|blocklist.de/all|blocklist.de/mail|ziyadnz/hourly-ipv4,blocklist.de|imap|pop3|brute-force|spam|mail|ziyadnz|hourly,2026-08-17T18:48:05Z,2026-08-17T18:48:05Z,
76.133.97.153,ipv4,imap-attack,high,WHITE,blocklist.de/imap|blocklist.de/all|blocklist.de/mail|ziyadnz/hourly-ipv4,blocklist.de|imap|pop3|brute-force|spam|mail|ziyadnz|hourly,2026-08-17T18:48:05Z,2026-08-17T18:48:05Z,
76.49.199.97,ipv4,imap-attack,high,WHITE,blocklist.de/imap|blocklist.de/all|blocklist.de/mail|ziyadnz/hourly-ipv4,blocklist.de|imap|pop3|brute-force|spam|mail|ziyadnz|hourly,2026-08-17T18:48:05Z,2026-08-17T18:48:05Z,
77.105.207.233,ipv4,imap-attack,high,WHITE,blocklist.de/imap|blocklist.de/all|blocklist.de/mail|ziyadnz/hourly-ipv4,blocklist.de|imap|pop3|brute-force|spam|mail|ziyadnz|hourly,2026-08-17T18:48:05Z,2026-08-17T18:48:05Z,
77.120.129.7,ipv4,imap-attack,high,WHITE,blocklist.de/imap|blocklist.de/all|blocklist.de/mail|ziyadnz/hourly-ipv4,blocklist.de|imap|pop3|brute-force|spam|mail|ziyadnz|hourly,2026-08-17T18:48:05Z,2026-08-17T18:48:05Z,
77.137.71.53,ipv4,imap-attack,high,WHITE,blocklist.de/imap|blocklist.de/all|blocklist.de/mail|ziyadnz/hourly-ipv4,blocklist.de|imap|pop3|brute-force|spam|mail|ziyadnz|hourly,2026-08-17T18:48:05Z,2026-08-17T18:48:05Z,
77.204.233.125,ipv4,imap-attack,high,WHITE,blocklist.de/imap|blocklist.de/all|blocklist.de/mail|ziyadnz/hourly-ipv4,blocklist.de|imap|pop3|brute-force|spam|mail|ziyadnz|hourly,2026-08-17T18:48:05Z,2026-08-17T18:48:05Z,
77.231.16.107,ipv4,imap-attack,high,WHITE,blocklist.de/imap|blocklist.de/all|blocklist.de/mail|ziyadnz/hourly-ipv4,blocklist.de|imap|pop3|brute-force|spam|mail|ziyadnz|hourly,2026-08-17T18:48:05Z,2026-08-17T18:48:05Z,
77.37.162.117,ipv4,imap-attack,high,WHITE,blocklist.de/imap|blocklist.de/all|blocklist.de/mail|ziyadnz/hourly-ipv4,blocklist.de|imap|pop3|brute-force|spam|mail|ziyadnz|hourly,2026-08-17T18:48:05Z,2026-08-17T18:48:05Z,
77.42.17.217,ipv4,imap-attack,high,WHITE,blocklist.de/imap|blocklist.de/all|blocklist.de/mail|ziyadnz/hourly-ipv4,blocklist.de|imap|pop3|brute-force|spam|mail|ziyadnz|hourly,2026-08-17T18:48:05Z,2026-08-17T18:48:05Z,
77.52.252.244,ipv4,imap-attack,high,WHITE,blocklist.de/imap|blocklist.de/all|blocklist.de/mail|ziyadnz/hourly-ipv4,blocklist.de|imap|pop3|brute-force|spam|mail|ziyadnz|hourly,2026-08-17T18:48:05Z,2026-08-17T18:48:05Z,
77.53.106.9,ipv4,imap-attack,high,WHITE,blocklist.de/imap|blocklist.de/all|blocklist.de/mail|ziyadnz/hourly-ipv4,blocklist.de|imap|pop3|brute-force|spam|mail|ziyadnz|hourly,2026-08-17T18:48:05Z,2026-08-17T18:48:05Z,
77.65.142.12,ipv4,imap-attack,high,WHITE,blocklist.de/imap|blocklist.de/all|blocklist.de/mail|ziyadnz/hourly-ipv4,blocklist.de|imap|pop3|brute-force|spam|mail|ziyadnz|hourly,2026-08-17T18:48:05Z,2026-08-17T18:48:05Z,
77.65.142.78,ipv4,imap-attack,high,WHITE,blocklist.de/imap|blocklist.de/all|blocklist.de/mail|ziyadnz/hourly-ipv4,blocklist.de|imap|pop3|brute-force|spam|mail|ziyadnz|hourly,2026-08-17T18:48:05Z,2026-08-17T18:48:05Z,
77.76.184.8,ipv4,imap-attack,high,WHITE,blocklist.de/imap|blocklist.de/all|blocklist.de/mail|ziyadnz/hourly-ipv4,blocklist.de|imap|pop3|brute-force|spam|mail|ziyadnz|hourly,2026-08-17T18:48:05Z,2026-08-17T18:48:05Z,
78.110.212.48,ipv4,imap-attack,high,WHITE,blocklist.de/imap|blocklist.de/all|blocklist.de/mail|ziyadnz/hourly-ipv4,blocklist.de|imap|pop3|brute-force|spam|mail|ziyadnz|hourly,2026-08-17T18:48:05Z,2026-08-17T18:48:05Z,
78.140.12.190,ipv4,imap-attack,high,WHITE,blocklist.de/imap|blocklist.de/all|blocklist.de/mail|ziyadnz/hourly-ipv4,blocklist.de|imap|pop3|brute-force|spam|mail|ziyadnz|hourly,2026-08-17T18:48:05Z,2026-08-17T18:48:05Z,
78.142.29.10,ipv4,imap-attack,high,WHITE,blocklist.de/imap|blocklist.de/all|blocklist.de/mail|ziyadnz/hourly-ipv4,blocklist.de|imap|pop3|brute-force|spam|mail|ziyadnz|hourly,2026-08-17T18:48:05Z,2026-08-17T18:48:05Z,
78.159.89.46,ipv4,imap-attack,high,WHITE,blocklist.de/imap|blocklist.de/all|blocklist.de/mail|ziyadnz/hourly-ipv4,blocklist.de|imap|pop3|brute-force|spam|mail|ziyadnz|hourly,2026-08-17T18:48:05Z,2026-08-17T18:48:05Z,
78.179.99.125,ipv4,imap-attack,high,WHITE,blocklist.de/imap|blocklist.de/all|blocklist.de/mail|ziyadnz/hourly-ipv4,blocklist.de|imap|pop3|brute-force|spam|mail|ziyadnz|hourly,2026-08-17T18:48:05Z,2026-08-17T18:48:05Z,
78.180.9.52,ipv4,imap-attack,high,WHITE,blocklist.de/imap|blocklist.de/all|blocklist.de/mail|ziyadnz/hourly-ipv4,blocklist.de|imap|pop3|brute-force|spam|mail|ziyadnz|hourly,2026-08-17T18:48:05Z,2026-08-17T18:48:05Z,
78.187.230.168,ipv4,imap-attack,high,WHITE,blocklist.de/imap|blocklist.de/all|blocklist.de/mail|ziyadnz/hourly-ipv4,blocklist.de|imap|pop3|brute-force|spam|mail|ziyadnz|hourly,2026-08-17T18:48:05Z,2026-08-17T18:48:05Z,
78.187.9.111,ipv4,imap-attack,high,WHITE,blocklist.de/imap|blocklist.de/all|blocklist.de/mail|ziyadnz/hourly-ipv4,blocklist.de|imap|pop3|brute-force|spam|mail|ziyadnz|hourly,2026-08-17T18:48:05Z,2026-08-17T18:48:05Z,
78.187.9.53,ipv4,imap-attack,high,WHITE,blocklist.de/imap|blocklist.de/all|blocklist.de/mail|ziyadnz/hourly-ipv4,blocklist.de|imap|pop3|brute-force|spam|mail|ziyadnz|hourly,2026-08-17T18:48:05Z,2026-08-17T18:48:05Z,
78.192.21.78,ipv4,imap-attack,high,WHITE,blocklist.de/imap|blocklist.de/all|blocklist.de/mail|ziyadnz/hourly-ipv4,blocklist.de|imap|pop3|brute-force|spam|mail|ziyadnz|hourly,2026-08-17T18:48:05Z,2026-08-17T18:48:05Z,
78.197.6.173,ipv4,imap-attack,high,WHITE,blocklist.de/imap|blocklist.de/all|blocklist.de/mail|ziyadnz/hourly-ipv4,blocklist.de|imap|pop3|brute-force|spam|mail|ziyadnz|hourly,2026-08-17T18:48:05Z,2026-08-17T18:48:05Z,
78.30.250.62,ipv4,imap-attack,high,WHITE,blocklist.de/imap|blocklist.de/all|blocklist.de/mail|ziyadnz/hourly-ipv4,blocklist.de|imap|pop3|brute-force|spam|mail|ziyadnz|hourly,2026-08-17T18:48:05Z,2026-08-17T18:48:05Z,
78.36.6.118,ipv4,imap-attack,high,WHITE,blocklist.de/imap|blocklist.de/all|blocklist.de/mail|ziyadnz/hourly-ipv4,blocklist.de|imap|pop3|brute-force|spam|mail|ziyadnz|hourly,2026-08-17T18:48:05Z,2026-08-17T18:48:05Z,
78.39.109.160,ipv4,imap-attack,high,WHITE,blocklist.de/imap|blocklist.de/all|blocklist.de/mail|ziyadnz/hourly-ipv4,blocklist.de|imap|pop3|brute-force|spam|mail|ziyadnz|hourly,2026-08-17T18:48:05Z,2026-08-17T18:48:05Z,
78.40.104.122,ipv4,imap-attack,high,WHITE,blocklist.de/imap|blocklist.de/all|blocklist.de/mail|ziyadnz/hourly-ipv4,blocklist.de|imap|pop3|brute-force|spam|mail|ziyadnz|hourly,2026-08-17T18:48:05Z,2026-08-17T18:48:05Z,
78.66.44.23,ipv4,imap-attack,high,WHITE,blocklist.de/imap|blocklist.de/all|blocklist.de/mail|ziyadnz/hourly-ipv4,blocklist.de|imap|pop3|brute-force|spam|mail|ziyadnz|hourly,2026-08-17T18:48:05Z,2026-08-17T18:48:05Z,
78.66.44.246,ipv4,imap-attack,high,WHITE,blocklist.de/imap|blocklist.de/all|blocklist.de/mail|ziyadnz/hourly-ipv4,blocklist.de|imap|pop3|brute-force|spam|mail|ziyadnz|hourly,2026-08-17T18:48:05Z,2026-08-17T18:48:05Z,
78.66.44.61,ipv4,imap-attack,high,WHITE,blocklist.de/imap|blocklist.de/all|blocklist.de/mail|ziyadnz/hourly-ipv4,blocklist.de|imap|pop3|brute-force|spam|mail|ziyadnz|hourly,2026-08-17T18:48:05Z,2026-08-17T18:48:05Z,
78.67.161.64,ipv4,imap-attack,high,WHITE,blocklist.de/imap|blocklist.de/all|blocklist.de/mail|ziyadnz/hourly-ipv4,blocklist.de|imap|pop3|brute-force|spam|mail|ziyadnz|hourly,2026-08-17T18:48:05Z,2026-08-17T18:48:05Z,
78.70.41.148,ipv4,imap-attack,high,WHITE,blocklist.de/imap|blocklist.de/all|blocklist.de/mail|ziyadnz/hourly-ipv4,blocklist.de|imap|pop3|brute-force|spam|mail|ziyadnz|hourly,2026-08-17T18:48:05Z,2026-08-17T18:48:05Z,
78.72.168.178,ipv4,imap-attack,high,WHITE,blocklist.de/imap|blocklist.de/all|blocklist.de/mail|ziyadnz/hourly-ipv4,blocklist.de|imap|pop3|brute-force|spam|mail|ziyadnz|hourly,2026-08-17T18:48:05Z,2026-08-17T18:48:05Z,
79.100.89.211,ipv4,imap-attack,high,WHITE,blocklist.de/imap|blocklist.de/all|blocklist.de/mail|ziyadnz/hourly-ipv4,blocklist.de|imap|pop3|brute-force|spam|mail|ziyadnz|hourly,2026-08-17T18:48:05Z,2026-08-17T18:48:05Z,
79.110.114.233,ipv4,imap-attack,high,WHITE,blocklist.de/imap|blocklist.de/all|blocklist.de/mail|ziyadnz/hourly-ipv4,blocklist.de|imap|pop3|brute-force|spam|mail|ziyadnz|hourly,2026-08-17T18:48:05Z,2026-08-17T18:48:05Z,
79.111.33.184,ipv4,imap-attack,high,WHITE,blocklist.de/imap|blocklist.de/all|blocklist.de/mail|ziyadnz/hourly-ipv4,blocklist.de|imap|pop3|brute-force|spam|mail|ziyadnz|hourly,2026-08-17T18:48:05Z,2026-08-17T18:48:05Z,
79.127.3.154,ipv4,imap-attack,high,WHITE,blocklist.de/imap|blocklist.de/all|blocklist.de/mail,blocklist.de|imap|pop3|brute-force|spam|mail|ziyadnz|hourly,2026-08-17T18:48:05Z,2026-08-17T18:48:05Z,
79.133.51.192,ipv4,imap-attack,high,WHITE,blocklist.de/imap|blocklist.de/all|blocklist.de/mail|ziyadnz/hourly-ipv4,blocklist.de|imap|pop3|brute-force|spam|mail|ziyadnz|hourly,2026-08-17T18:48:05Z,2026-08-17T18:48:05Z,
79.136.8.69,ipv4,imap-attack,high,WHITE,blocklist.de/imap|blocklist.de/all|blocklist.de/mail|ziyadnz/hourly-ipv4,blocklist.de|imap|pop3|brute-force|spam|mail|ziyadnz|hourly,2026-08-17T18:48:05Z,2026-08-17T18:48:05Z,
79.138.90.195,ipv4,imap-attack,high,WHITE,blocklist.de/imap|blocklist.de/all|blocklist.de/mail|ziyadnz/hourly-ipv4,blocklist.de|imap|pop3|brute-force|spam|mail|ziyadnz|hourly,2026-08-17T18:48:05Z,2026-08-17T18:48:05Z,
79.192.189.27,ipv4,imap-attack,high,WHITE,blocklist.de/imap|blocklist.de/all|blocklist.de/mail,blocklist.de|imap|pop3|brute-force|spam|mail|ziyadnz|hourly,2026-08-17T18:48:05Z,2026-08-17T18:48:05Z,
79.76.56.26,ipv4,imap-attack,high,WHITE,blocklist.de/imap|blocklist.de/all|blocklist.de/mail|ziyadnz/hourly-ipv4,blocklist.de|imap|pop3|brute-force|spam|mail|ziyadnz|hourly,2026-08-17T18:48:05Z,2026-08-17T18:48:05Z,
79.91.251.133,ipv4,imap-attack,high,WHITE,blocklist.de/imap|blocklist.de/all|blocklist.de/mail|ziyadnz/hourly-ipv4,blocklist.de|imap|pop3|brute-force|spam|mail|ziyadnz|hourly,2026-08-17T18:48:05Z,2026-08-17T18:48:05Z,
8.211.194.45,ipv4,imap-attack,high,WHITE,blocklist.de/imap|blocklist.de/all|blocklist.de/mail|ziyadnz/hourly-ipv4,blocklist.de|imap|pop3|brute-force|spam|mail|ziyadnz|hourly,2026-08-17T18:48:05Z,2026-08-17T18:48:05Z,
8.213.131.12,ipv4,imap-attack,high,WHITE,blocklist.de/imap|blocklist.de/all|blocklist.de/mail|ziyadnz/hourly-ipv4,blocklist.de|imap|pop3|brute-force|spam|mail|ziyadnz|hourly,2026-08-17T18:48:05Z,2026-08-17T18:48:05Z,
80.1.51.168,ipv4,imap-attack,high,WHITE,blocklist.de/imap|blocklist.de/all|blocklist.de/mail|ziyadnz/hourly-ipv4,blocklist.de|imap|pop3|brute-force|spam|mail|ziyadnz|hourly,2026-08-17T18:48:05Z,2026-08-17T18:48:05Z,
80.132.90.20,ipv4,imap-attack,high,WHITE,blocklist.de/imap|blocklist.de/all|blocklist.de/mail,blocklist.de|imap|pop3|brute-force|spam|mail|ziyadnz|hourly,2026-08-17T18:48:05Z,2026-08-17T18:48:05Z,
80.14.10.34,ipv4,imap-attack,high,WHITE,blocklist.de/imap|blocklist.de/all|blocklist.de/mail|ziyadnz/hourly-ipv4,blocklist.de|imap|pop3|brute-force|spam|mail|ziyadnz|hourly,2026-08-17T18:48:05Z,2026-08-17T18:48:05Z,
80.187.126.85,ipv4,imap-attack,high,WHITE,blocklist.de/imap|blocklist.de/all|blocklist.de/mail|ziyadnz/hourly-ipv4,blocklist.de|imap|pop3|brute-force|spam|mail|ziyadnz|hourly,2026-08-17T18:48:05Z,2026-08-17T18:48:05Z,
80.187.83.128,ipv4,imap-attack,high,WHITE,blocklist.de/imap|blocklist.de/all|blocklist.de/mail|ziyadnz/hourly-ipv4,blocklist.de|imap|pop3|brute-force|spam|mail|ziyadnz|hourly,2026-08-17T18:48:05Z,2026-08-17T18:48:05Z,
80.187.84.183,ipv4,imap-attack,high,WHITE,blocklist.de/imap|blocklist.de/all|blocklist.de/mail|ziyadnz/hourly-ipv4,blocklist.de|imap|pop3|brute-force|spam|mail|ziyadnz|hourly,2026-08-17T18:48:05Z,2026-08-17T18:48:05Z,
80.210.47.194,ipv4,imap-attack,high,WHITE,blocklist.de/imap|blocklist.de/all|blocklist.de/mail|ziyadnz/hourly-ipv4,blocklist.de|imap|pop3|brute-force|spam|mail|ziyadnz|hourly,2026-08-17T18:48:05Z,2026-08-17T18:48:05Z,
80.223.163.253,ipv4,imap-attack,high,WHITE,blocklist.de/imap|blocklist.de/all|blocklist.de/mail|ziyadnz/hourly-ipv4,blocklist.de|imap|pop3|brute-force|spam|mail|ziyadnz|hourly,2026-08-17T18:48:05Z,2026-08-17T18:48:05Z,
80.223.167.240,ipv4,imap-attack,high,WHITE,blocklist.de/imap|blocklist.de/all|blocklist.de/mail|ziyadnz/hourly-ipv4,blocklist.de|imap|pop3|brute-force|spam|mail|ziyadnz|hourly,2026-08-17T18:48:05Z,2026-08-17T18:48:05Z,
80.223.190.179,ipv4,imap-attack,high,WHITE,blocklist.de/imap|blocklist.de/all|blocklist.de/mail|ziyadnz/hourly-ipv4,blocklist.de|imap|pop3|brute-force|spam|mail|ziyadnz|hourly,2026-08-17T18:48:05Z,2026-08-17T18:48:05Z,
80.223.192.112,ipv4,imap-attack,high,WHITE,blocklist.de/imap|blocklist.de/all|blocklist.de/mail|ziyadnz/hourly-ipv4,blocklist.de|imap|pop3|brute-force|spam|mail|ziyadnz|hourly,2026-08-17T18:48:05Z,2026-08-17T18:48:05Z,
80.223.198.246,ipv4,imap-attack,high,WHITE,blocklist.de/imap|blocklist.de/all|blocklist.de/mail|ziyadnz/hourly-ipv4,blocklist.de|imap|pop3|brute-force|spam|mail|ziyadnz|hourly,2026-08-17T18:48:05Z,2026-08-17T18:48:05Z,
80.223.200.184,ipv4,imap-attack,high,WHITE,blocklist.de/imap|blocklist.de/all|blocklist.de/mail|ziyadnz/hourly-ipv4,blocklist.de|imap|pop3|brute-force|spam|mail|ziyadnz|hourly,2026-08-17T18:48:05Z,2026-08-17T18:48:05Z,
80.223.200.38,ipv4,imap-attack,high,WHITE,blocklist.de/imap|blocklist.de/all|blocklist.de/mail|ziyadnz/hourly-ipv4,blocklist.de|imap|pop3|brute-force|spam|mail|ziyadnz|hourly,2026-08-17T18:48:05Z,2026-08-17T18:48:05Z,
80.223.201.173,ipv4,imap-attack,high,WHITE,blocklist.de/imap|blocklist.de/all|blocklist.de/mail|ziyadnz/hourly-ipv4,blocklist.de|imap|pop3|brute-force|spam|mail|ziyadnz|hourly,2026-08-17T18:48:05Z,2026-08-17T18:48:05Z,
80.233.12.109,ipv4,imap-attack,high,WHITE,blocklist.de/imap|blocklist.de/all|blocklist.de/mail|ziyadnz/hourly-ipv4,blocklist.de|imap|pop3|brute-force|spam|mail|ziyadnz|hourly,2026-08-17T18:48:05Z,2026-08-17T18:48:05Z,
80.242.227.154,ipv4,imap-attack,high,WHITE,blocklist.de/imap|blocklist.de/all|blocklist.de/mail|ziyadnz/hourly-ipv4,blocklist.de|imap|pop3|brute-force|spam|mail|ziyadnz|hourly,2026-08-17T18:48:05Z,2026-08-17T18:48:05Z,
80.243.236.44,ipv4,imap-attack,high,WHITE,blocklist.de/imap|blocklist.de/all|blocklist.de/mail|ziyadnz/hourly-ipv4,blocklist.de|imap|pop3|brute-force|spam|mail|ziyadnz|hourly,2026-08-17T18:48:05Z,2026-08-17T18:48:05Z,
80.244.78.231,ipv4,imap-attack,high,WHITE,blocklist.de/imap|blocklist.de/all|blocklist.de/mail|ziyadnz/hourly-ipv4,blocklist.de|imap|pop3|brute-force|spam|mail|ziyadnz|hourly,2026-08-17T18:48:05Z,2026-08-17T18:48:05Z,
80.87.66.11,ipv4,imap-attack,high,WHITE,blocklist.de/imap|blocklist.de/all|blocklist.de/mail|ziyadnz/hourly-ipv4,blocklist.de|imap|pop3|brute-force|spam|mail|ziyadnz|hourly,2026-08-17T18:48:05Z,2026-08-17T18:48:05Z,
80.92.186.101,ipv4,imap-attack,high,WHITE,blocklist.de/imap|blocklist.de/all|blocklist.de/mail|ziyadnz/hourly-ipv4,blocklist.de|imap|pop3|brute-force|spam|mail|ziyadnz|hourly,2026-08-17T18:48:05Z,2026-08-17T18:48:05Z,
80.94.251.244,ipv4,imap-attack,high,WHITE,blocklist.de/imap|blocklist.de/all|blocklist.de/mail|ziyadnz/hourly-ipv4,blocklist.de|imap|pop3|brute-force|spam|mail|ziyadnz|hourly,2026-08-17T18:48:05Z,2026-08-17T18:48:05Z,
80.94.92.102,ipv4,imap-attack,high,WHITE,blocklist.de/imap|blocklist.de/all|blocklist.de/mail|ziyadnz/hourly-ipv4,blocklist.de|imap|pop3|brute-force|spam|mail|ziyadnz|hourly,2026-08-17T18:48:05Z,2026-08-17T18:48:05Z,
80.94.92.123,ipv4,imap-attack,high,WHITE,blocklist.de/imap|blocklist.de/all|blocklist.de/mail|ziyadnz/hourly-ipv4,blocklist.de|imap|pop3|brute-force|spam|mail|ziyadnz|hourly,2026-08-17T18:48:05Z,2026-08-17T18:48:05Z,
80.94.92.145,ipv4,imap-attack,high,WHITE,blocklist.de/imap|blocklist.de/all|blocklist.de/mail|ziyadnz/hourly-ipv4,blocklist.de|imap|pop3|brute-force|spam|mail|ziyadnz|hourly,2026-08-17T18:48:05Z,2026-08-17T18:48:05Z,
80.94.92.152,ipv4,imap-attack,high,WHITE,blocklist.de/imap|blocklist.de/all|blocklist.de/mail|ziyadnz/hourly-ipv4,blocklist.de|imap|pop3|brute-force|spam|mail|ziyadnz|hourly,2026-08-17T18:48:05Z,2026-08-17T18:48:05Z,
80.94.92.206,ipv4,imap-attack,high,WHITE,blocklist.de/imap|blocklist.de/all|blocklist.de/mail|ziyadnz/hourly-ipv4,blocklist.de|imap|pop3|brute-force|spam|mail|ziyadnz|hourly,2026-08-17T18:48:05Z,2026-08-17T18:48:05Z,
81.111.223.51,ipv4,imap-attack,high,WHITE,blocklist.de/imap|blocklist.de/all|blocklist.de/mail|ziyadnz/hourly-ipv4,blocklist.de|imap|pop3|brute-force|spam|mail|ziyadnz|hourly,2026-08-17T18:48:05Z,2026-08-17T18:48:05Z,
81.152.212.201,ipv4,imap-attack,high,WHITE,blocklist.de/imap|blocklist.de/all|blocklist.de/mail|ziyadnz/hourly-ipv4,blocklist.de|imap|pop3|brute-force|spam|mail|ziyadnz|hourly,2026-08-17T18:48:05Z,2026-08-17T18:48:05Z,
81.16.113.74,ipv4,imap-attack,high,WHITE,blocklist.de/imap|blocklist.de/all|blocklist.de/mail|ziyadnz/hourly-ipv4,blocklist.de|imap|pop3|brute-force|spam|mail|ziyadnz|hourly,2026-08-17T18:48:05Z,2026-08-17T18:48:05Z,
81.16.113.83,ipv4,imap-attack,high,WHITE,blocklist.de/imap|blocklist.de/all|blocklist.de/mail|ziyadnz/hourly-ipv4,blocklist.de|imap|pop3|brute-force|spam|mail|ziyadnz|hourly,2026-08-17T18:48:05Z,2026-08-17T18:48:05Z,
81.16.126.231,ipv4,imap-attack,high,WHITE,blocklist.de/imap|blocklist.de/all|blocklist.de/mail|ziyadnz/hourly-ipv4,blocklist.de|imap|pop3|brute-force|spam|mail|ziyadnz|hourly,2026-08-17T18:48:05Z,2026-08-17T18:48:05Z,
81.163.8.156,ipv4,imap-attack,high,WHITE,blocklist.de/imap|blocklist.de/all|blocklist.de/mail|ziyadnz/hourly-ipv4,blocklist.de|imap|pop3|brute-force|spam|mail|ziyadnz|hourly,2026-08-17T18:48:05Z,2026-08-17T18:48:05Z,
81.165.111.81,ipv4,imap-attack,high,WHITE,blocklist.de/imap|blocklist.de/all|blocklist.de/mail|ziyadnz/hourly-ipv4,blocklist.de|imap|pop3|brute-force|spam|mail|ziyadnz|hourly,2026-08-17T18:48:05Z,2026-08-17T18:48:05Z,
81.213.159.15,ipv4,imap-attack,high,WHITE,blocklist.de/imap|blocklist.de/all|blocklist.de/mail|ziyadnz/hourly-ipv4,blocklist.de|imap|pop3|brute-force|spam|mail|ziyadnz|hourly,2026-08-17T18:48:05Z,2026-08-17T18:48:05Z,
81.214.38.139,ipv4,imap-attack,high,WHITE,blocklist.de/imap|blocklist.de/all|blocklist.de/mail|ziyadnz/hourly-ipv4,blocklist.de|imap|pop3|brute-force|spam|mail|ziyadnz|hourly,2026-08-17T18:48:05Z,2026-08-17T18:48:05Z,
81.230.129.60,ipv4,imap-attack,high,WHITE,blocklist.de/imap|blocklist.de/all|blocklist.de/mail|ziyadnz/hourly-ipv4,blocklist.de|imap|pop3|brute-force|spam|mail|ziyadnz|hourly,2026-08-17T18:48:05Z,2026-08-17T18:48:05Z,
81.233.10.123,ipv4,imap-attack,high,WHITE,blocklist.de/imap|blocklist.de/all|blocklist.de/mail|ziyadnz/hourly-ipv4,blocklist.de|imap|pop3|brute-force|spam|mail|ziyadnz|hourly,2026-08-17T18:48:05Z,2026-08-17T18:48:05Z,
81.233.184.161,ipv4,imap-attack,high,WHITE,blocklist.de/imap|blocklist.de/all|blocklist.de/mail|ziyadnz/hourly-ipv4,blocklist.de|imap|pop3|brute-force|spam|mail|ziyadnz|hourly,2026-08-17T18:48:05Z,2026-08-17T18:48:05Z,
81.236.211.54,ipv4,imap-attack,high,WHITE,blocklist.de/imap|blocklist.de/all|blocklist.de/mail|ziyadnz/hourly-ipv4,blocklist.de|imap|pop3|brute-force|spam|mail|ziyadnz|hourly,2026-08-17T18:48:05Z,2026-08-17T18:48:05Z,
81.237.251.198,ipv4,imap-attack,high,WHITE,blocklist.de/imap|blocklist.de/all|blocklist.de/mail|ziyadnz/hourly-ipv4,blocklist.de|imap|pop3|brute-force|spam|mail|ziyadnz|hourly,2026-08-17T18:48:05Z,2026-08-17T18:48:05Z,
81.244.240.64,ipv4,imap-attack,high,WHITE,blocklist.de/imap|blocklist.de/all|blocklist.de/mail|ziyadnz/hourly-ipv4,blocklist.de|imap|pop3|brute-force|spam|mail|ziyadnz|hourly,2026-08-17T18:48:05Z,2026-08-17T18:48:05Z,
81.250.161.116,ipv4,imap-attack,high,WHITE,blocklist.de/imap|blocklist.de/all|blocklist.de/mail|ziyadnz/hourly-ipv4,blocklist.de|imap|pop3|brute-force|spam|mail|ziyadnz|hourly,2026-08-17T18:48:05Z,2026-08-17T18:48:05Z,
81.38.198.225,ipv4,imap-attack,high,WHITE,blocklist.de/imap|blocklist.de/all|blocklist.de/mail|ziyadnz/hourly-ipv4,blocklist.de|imap|pop3|brute-force|spam|mail|ziyadnz|hourly,2026-08-17T18:48:05Z,2026-08-17T18:48:05Z,
81.60.246.97,ipv4,imap-attack,high,WHITE,blocklist.de/imap|blocklist.de/all|blocklist.de/mail|ziyadnz/hourly-ipv4,blocklist.de|imap|pop3|brute-force|spam|mail|ziyadnz|hourly,2026-08-17T18:48:05Z,2026-08-17T18:48:05Z,
81.92.219.108,ipv4,imap-attack,high,WHITE,blocklist.de/imap|blocklist.de/all|blocklist.de/mail|ziyadnz/hourly-ipv4,blocklist.de|imap|pop3|brute-force|spam|mail|ziyadnz|hourly,2026-08-17T18:48:05Z,2026-08-17T18:48:05Z,
82.102.153.196,ipv4,imap-attack,high,WHITE,blocklist.de/imap|blocklist.de/all|blocklist.de/mail|ziyadnz/hourly-ipv4,blocklist.de|imap|pop3|brute-force|spam|mail|ziyadnz|hourly,2026-08-17T18:48:05Z,2026-08-17T18:48:05Z,
82.117.126.160,ipv4,imap-attack,high,WHITE,blocklist.de/imap|blocklist.de/all|blocklist.de/mail|ziyadnz/hourly-ipv4,blocklist.de|imap|pop3|brute-force|spam|mail|ziyadnz|hourly,2026-08-17T18:48:05Z,2026-08-17T18:48:05Z,
82.122.148.20,ipv4,imap-attack,high,WHITE,blocklist.de/imap|blocklist.de/all|blocklist.de/mail|ziyadnz/hourly-ipv4,blocklist.de|imap|pop3|brute-force|spam|mail|ziyadnz|hourly,2026-08-17T18:48:05Z,2026-08-17T18:48:05Z,
82.16.221.216,ipv4,imap-attack,high,WHITE,blocklist.de/imap|blocklist.de/all|blocklist.de/mail|ziyadnz/hourly-ipv4,blocklist.de|imap|pop3|brute-force|spam|mail|ziyadnz|hourly,2026-08-17T18:48:05Z,2026-08-17T18:48:05Z,
82.167.47.26,ipv4,imap-attack,high,WHITE,blocklist.de/imap|blocklist.de/all|blocklist.de/mail|ziyadnz/hourly-ipv4,blocklist.de|imap|pop3|brute-force|spam|mail|ziyadnz|hourly,2026-08-17T18:48:05Z,2026-08-17T18:48:05Z,
82.19.44.98,ipv4,imap-attack,high,WHITE,blocklist.de/imap|blocklist.de/all|blocklist.de/mail|ziyadnz/hourly-ipv4,blocklist.de|imap|pop3|brute-force|spam|mail|ziyadnz|hourly,2026-08-17T18:48:05Z,2026-08-17T18:48:05Z,
82.197.48.17,ipv4,imap-attack,high,WHITE,blocklist.de/imap|blocklist.de/all|blocklist.de/mail|ziyadnz/hourly-ipv4,blocklist.de|imap|pop3|brute-force|spam|mail|ziyadnz|hourly,2026-08-17T18:48:05Z,2026-08-17T18:48:05Z,
82.197.48.187,ipv4,imap-attack,high,WHITE,blocklist.de/imap|blocklist.de/all|blocklist.de/mail|ziyadnz/hourly-ipv4,blocklist.de|imap|pop3|brute-force|spam|mail|ziyadnz|hourly,2026-08-17T18:48:05Z,2026-08-17T18:48:05Z,
82.215.118.192,ipv4,imap-attack,high,WHITE,blocklist.de/imap|blocklist.de/all|blocklist.de/mail|ziyadnz/hourly-ipv4,blocklist.de|imap|pop3|brute-force|spam|mail|ziyadnz|hourly,2026-08-17T18:48:05Z,2026-08-17T18:48:05Z,
82.216.13.11,ipv4,imap-attack,high,WHITE,blocklist.de/imap|blocklist.de/all|blocklist.de/mail|ziyadnz/hourly-ipv4,blocklist.de|imap|pop3|brute-force|spam|mail|ziyadnz|hourly,2026-08-17T18:48:05Z,2026-08-17T18:48:05Z,
82.39.109.201,ipv4,imap-attack,high,WHITE,blocklist.de/imap|blocklist.de/all|blocklist.de/mail|ziyadnz/hourly-ipv4,blocklist.de|imap|pop3|brute-force|spam|mail|ziyadnz|hourly,2026-08-17T18:48:05Z,2026-08-17T18:48:05Z,
82.64.209.249,ipv4,imap-attack,high,WHITE,blocklist.de/imap|blocklist.de/all|blocklist.de/mail|ziyadnz/hourly-ipv4,blocklist.de|imap|pop3|brute-force|spam|mail|ziyadnz|hourly,2026-08-17T18:48:05Z,2026-08-17T18:48:05Z,
82.64.88.208,ipv4,imap-attack,high,WHITE,blocklist.de/imap|blocklist.de/all|blocklist.de/mail|ziyadnz/hourly-ipv4,blocklist.de|imap|pop3|brute-force|spam|mail|ziyadnz|hourly,2026-08-17T18:48:05Z,2026-08-17T18:48:05Z,
82.66.99.108,ipv4,imap-attack,high,WHITE,blocklist.de/imap|blocklist.de/all|blocklist.de/mail|ziyadnz/hourly-ipv4,blocklist.de|imap|pop3|brute-force|spam|mail|ziyadnz|hourly,2026-08-17T18:48:05Z,2026-08-17T18:48:05Z,
82.86.108.173,ipv4,imap-attack,high,WHITE,blocklist.de/imap|blocklist.de/all|blocklist.de/mail|ziyadnz/hourly-ipv4,blocklist.de|imap|pop3|brute-force|spam|mail|ziyadnz|hourly,2026-08-17T18:48:05Z,2026-08-17T18:48:05Z,
82.86.88.16,ipv4,imap-attack,high,WHITE,blocklist.de/imap|blocklist.de/all|blocklist.de/mail|ziyadnz/hourly-ipv4,blocklist.de|imap|pop3|brute-force|spam|mail|ziyadnz|hourly,2026-08-17T18:48:05Z,2026-08-17T18:48:05Z,
83.136.189.119,ipv4,imap-attack,high,WHITE,blocklist.de/imap|blocklist.de/all|blocklist.de/mail|ziyadnz/hourly-ipv4,blocklist.de|imap|pop3|brute-force|spam|mail|ziyadnz|hourly,2026-08-17T18:48:05Z,2026-08-17T18:48:05Z,
83.143.25.114,ipv4,imap-attack,high,WHITE,blocklist.de/imap|blocklist.de/all|blocklist.de/mail|ziyadnz/hourly-ipv4,blocklist.de|imap|pop3|brute-force|spam|mail|ziyadnz|hourly,2026-08-17T18:48:05Z,2026-08-17T18:48:05Z,
83.143.28.175,ipv4,imap-attack,high,WHITE,blocklist.de/imap|blocklist.de/all|blocklist.de/mail|ziyadnz/hourly-ipv4,blocklist.de|imap|pop3|brute-force|spam|mail|ziyadnz|hourly,2026-08-17T18:48:05Z,2026-08-17T18:48:05Z,
83.143.29.66,ipv4,imap-attack,high,WHITE,blocklist.de/imap|blocklist.de/all|blocklist.de/mail|ziyadnz/hourly-ipv4,blocklist.de|imap|pop3|brute-force|spam|mail|ziyadnz|hourly,2026-08-17T18:48:05Z,2026-08-17T18:48:05Z,
83.143.30.70,ipv4,imap-attack,high,WHITE,blocklist.de/imap|blocklist.de/all|blocklist.de/mail|ziyadnz/hourly-ipv4,blocklist.de|imap|pop3|brute-force|spam|mail|ziyadnz|hourly,2026-08-17T18:48:05Z,2026-08-17T18:48:05Z,
83.150.16.254,ipv4,imap-attack,high,WHITE,blocklist.de/imap|blocklist.de/all|blocklist.de/mail|ziyadnz/hourly-ipv4,blocklist.de|imap|pop3|brute-force|spam|mail|ziyadnz|hourly,2026-08-17T18:48:05Z,2026-08-17T18:48:05Z,
83.166.50.15,ipv4,imap-attack,high,WHITE,blocklist.de/imap|blocklist.de/all|blocklist.de/mail|ziyadnz/hourly-ipv4,blocklist.de|imap|pop3|brute-force|spam|mail|ziyadnz|hourly,2026-08-17T18:48:05Z,2026-08-17T18:48:05Z,
83.191.176.93,ipv4,imap-attack,high,WHITE,blocklist.de/imap|blocklist.de/all|blocklist.de/mail|ziyadnz/hourly-ipv4,blocklist.de|imap|pop3|brute-force|spam|mail|ziyadnz|hourly,2026-08-17T18:48:05Z,2026-08-17T18:48:05Z,
83.208.70.70,ipv4,imap-attack,high,WHITE,blocklist.de/imap|blocklist.de/all|blocklist.de/mail|ziyadnz/hourly-ipv4,blocklist.de|imap|pop3|brute-force|spam|mail|ziyadnz|hourly,2026-08-17T18:48:05Z,2026-08-17T18:48:05Z,
83.209.250.100,ipv4,imap-attack,high,WHITE,blocklist.de/imap|blocklist.de/all|blocklist.de/mail|ziyadnz/hourly-ipv4,blocklist.de|imap|pop3|brute-force|spam|mail|ziyadnz|hourly,2026-08-17T18:48:05Z,2026-08-17T18:48:05Z,
83.21.214.106,ipv4,imap-attack,high,WHITE,blocklist.de/imap|blocklist.de/all|blocklist.de/mail|ziyadnz/hourly-ipv4,blocklist.de|imap|pop3|brute-force|spam|mail|ziyadnz|hourly,2026-08-17T18:48:05Z,2026-08-17T18:48:05Z,
83.226.181.38,ipv4,imap-attack,high,WHITE,blocklist.de/imap|blocklist.de/all|blocklist.de/mail|ziyadnz/hourly-ipv4,blocklist.de|imap|pop3|brute-force|spam|mail|ziyadnz|hourly,2026-08-17T18:48:05Z,2026-08-17T18:48:05Z,
83.233.97.33,ipv4,imap-attack,high,WHITE,blocklist.de/imap|blocklist.de/all|blocklist.de/mail|ziyadnz/hourly-ipv4,blocklist.de|imap|pop3|brute-force|spam|mail|ziyadnz|hourly,2026-08-17T18:48:05Z,2026-08-17T18:48:05Z,
83.254.172.36,ipv4,imap-attack,high,WHITE,blocklist.de/imap|blocklist.de/all|blocklist.de/mail|ziyadnz/hourly-ipv4,blocklist.de|imap|pop3|brute-force|spam|mail|ziyadnz|hourly,2026-08-17T18:48:05Z,2026-08-17T18:48:05Z,
83.255.209.245,ipv4,imap-attack,high,WHITE,blocklist.de/imap|blocklist.de/all|blocklist.de/mail|ziyadnz/hourly-ipv4,blocklist.de|imap|pop3|brute-force|spam|mail|ziyadnz|hourly,2026-08-17T18:48:05Z,2026-08-17T18:48:05Z,
83.255.210.166,ipv4,imap-attack,high,WHITE,blocklist.de/imap|blocklist.de/all|blocklist.de/mail|ziyadnz/hourly-ipv4,blocklist.de|imap|pop3|brute-force|spam|mail|ziyadnz|hourly,2026-08-17T18:48:05Z,2026-08-17T18:48:05Z,
84.111.136.210,ipv4,imap-attack,high,WHITE,blocklist.de/imap|blocklist.de/all|blocklist.de/mail|ziyadnz/hourly-ipv4,blocklist.de|imap|pop3|brute-force|spam|mail|ziyadnz|hourly,2026-08-17T18:48:05Z,2026-08-17T18:48:05Z,
84.111.136.211,ipv4,imap-attack,high,WHITE,blocklist.de/imap|blocklist.de/all|blocklist.de/mail|ziyadnz/hourly-ipv4,blocklist.de|imap|pop3|brute-force|spam|mail|ziyadnz|hourly,2026-08-17T18:48:05Z,2026-08-17T18:48:05Z,
84.118.20.106,ipv4,imap-attack,high,WHITE,blocklist.de/imap|blocklist.de/all|blocklist.de/mail|ziyadnz/hourly-ipv4,blocklist.de|imap|pop3|brute-force|spam|mail|ziyadnz|hourly,2026-08-17T18:48:05Z,2026-08-17T18:48:05Z,
84.132.142.24,ipv4,imap-attack,high,WHITE,blocklist.de/imap|blocklist.de/all|blocklist.de/mail|ziyadnz/hourly-ipv4,blocklist.de|imap|pop3|brute-force|spam|mail|ziyadnz|hourly,2026-08-17T18:48:05Z,2026-08-17T18:48:05Z,
84.172.230.178,ipv4,imap-attack,high,WHITE,blocklist.de/imap|blocklist.de/all|blocklist.de/mail|ziyadnz/hourly-ipv4,blocklist.de|imap|pop3|brute-force|spam|mail|ziyadnz|hourly,2026-08-17T18:48:05Z,2026-08-17T18:48:05Z,
84.20.67.78,ipv4,imap-attack,high,WHITE,blocklist.de/imap|blocklist.de/all|blocklist.de/mail|ziyadnz/hourly-ipv4,blocklist.de|imap|pop3|brute-force|spam|mail|ziyadnz|hourly,2026-08-17T18:48:05Z,2026-08-17T18:48:05Z,
84.234.125.28,ipv4,imap-attack,high,WHITE,blocklist.de/imap|blocklist.de/all|blocklist.de/mail|ziyadnz/hourly-ipv4,blocklist.de|imap|pop3|brute-force|spam|mail|ziyadnz|hourly,2026-08-17T18:48:05Z,2026-08-17T18:48:05Z,
84.234.125.97,ipv4,imap-attack,high,WHITE,blocklist.de/imap|blocklist.de/all|blocklist.de/mail|ziyadnz/hourly-ipv4,blocklist.de|imap|pop3|brute-force|spam|mail|ziyadnz|hourly,2026-08-17T18:48:05Z,2026-08-17T18:48:05Z,
84.255.184.116,ipv4,imap-attack,high,WHITE,blocklist.de/imap|blocklist.de/all|blocklist.de/mail|ziyadnz/hourly-ipv4,blocklist.de|imap|pop3|brute-force|spam|mail|ziyadnz|hourly,2026-08-17T18:48:05Z,2026-08-17T18:48:05Z,
84.44.5.82,ipv4,imap-attack,high,WHITE,blocklist.de/imap|blocklist.de/all|blocklist.de/mail|ziyadnz/hourly-ipv4,blocklist.de|imap|pop3|brute-force|spam|mail|ziyadnz|hourly,2026-08-17T18:48:05Z,2026-08-17T18:48:05Z,
84.54.70.95,ipv4,imap-attack,high,WHITE,blocklist.de/imap|blocklist.de/all|blocklist.de/mail|ziyadnz/hourly-ipv4,blocklist.de|imap|pop3|brute-force|spam|mail|ziyadnz|hourly,2026-08-17T18:48:05Z,2026-08-17T18:48:05Z,
84.54.71.129,ipv4,imap-attack,high,WHITE,blocklist.de/imap|blocklist.de/all|blocklist.de/mail|ziyadnz/hourly-ipv4,blocklist.de|imap|pop3|brute-force|spam|mail|ziyadnz|hourly,2026-08-17T18:48:05Z,2026-08-17T18:48:05Z,
84.54.71.67,ipv4,imap-attack,high,WHITE,blocklist.de/imap|blocklist.de/all|blocklist.de/mail|ziyadnz/hourly-ipv4,blocklist.de|imap|pop3|brute-force|spam|mail|ziyadnz|hourly,2026-08-17T18:48:05Z,2026-08-17T18:48:05Z,
84.54.72.40,ipv4,imap-attack,high,WHITE,blocklist.de/imap|blocklist.de/all|blocklist.de/mail|ziyadnz/hourly-ipv4,blocklist.de|imap|pop3|brute-force|spam|mail|ziyadnz|hourly,2026-08-17T18:48:05Z,2026-08-17T18:48:05Z,
84.82.14.214,ipv4,imap-attack,high,WHITE,blocklist.de/imap|blocklist.de/all|blocklist.de/mail|ziyadnz/hourly-ipv4,blocklist.de|imap|pop3|brute-force|spam|mail|ziyadnz|hourly,2026-08-17T18:48:05Z,2026-08-17T18:48:05Z,
85.105.2.51,ipv4,imap-attack,high,WHITE,blocklist.de/imap|blocklist.de/all|blocklist.de/mail|ziyadnz/hourly-ipv4,blocklist.de|imap|pop3|brute-force|spam|mail|ziyadnz|hourly,2026-08-17T18:48:05Z,2026-08-17T18:48:05Z,
85.105.255.56,ipv4,imap-attack,high,WHITE,blocklist.de/imap|blocklist.de/all|blocklist.de/mail|ziyadnz/hourly-ipv4,blocklist.de|imap|pop3|brute-force|spam|mail|ziyadnz|hourly,2026-08-17T18:48:05Z,2026-08-17T18:48:05Z,
85.106.155.1,ipv4,imap-attack,high,WHITE,blocklist.de/imap|blocklist.de/all|blocklist.de/mail|ziyadnz/hourly-ipv4,blocklist.de|imap|pop3|brute-force|spam|mail|ziyadnz|hourly,2026-08-17T18:48:05Z,2026-08-17T18:48:05Z,
85.11.167.137,ipv4,imap-attack,high,WHITE,blocklist.de/imap|blocklist.de/all|blocklist.de/mail|ziyadnz/hourly-ipv4,blocklist.de|imap|pop3|brute-force|spam|mail|ziyadnz|hourly,2026-08-17T18:48:05Z,2026-08-17T18:48:05Z,
85.133.212.54,ipv4,imap-attack,high,WHITE,blocklist.de/imap|blocklist.de/all|blocklist.de/mail|ziyadnz/hourly-ipv4,blocklist.de|imap|pop3|brute-force|spam|mail|ziyadnz|hourly,2026-08-17T18:48:05Z,2026-08-17T18:48:05Z,
85.137.242.4,ipv4,imap-attack,high,WHITE,blocklist.de/imap|blocklist.de/all|blocklist.de/mail,blocklist.de|imap|pop3|brute-force|spam|mail|ziyadnz|hourly,2026-08-17T18:48:05Z,2026-08-17T18:48:05Z,
85.159.164.28,ipv4,imap-attack,high,WHITE,blocklist.de/imap|blocklist.de/all|blocklist.de/mail|ziyadnz/hourly-ipv4,blocklist.de|imap|pop3|brute-force|spam|mail|ziyadnz|hourly,2026-08-17T18:48:05Z,2026-08-17T18:48:05Z,
85.163.38.102,ipv4,imap-attack,high,WHITE,blocklist.de/imap|blocklist.de/all|blocklist.de/mail|ziyadnz/hourly-ipv4,blocklist.de|imap|pop3|brute-force|spam|mail|ziyadnz|hourly,2026-08-17T18:48:05Z,2026-08-17T18:48:05Z,
85.185.103.231,ipv4,imap-attack,high,WHITE,blocklist.de/imap|blocklist.de/all|blocklist.de/mail|ziyadnz/hourly-ipv4,blocklist.de|imap|pop3|brute-force|spam|mail|ziyadnz|hourly,2026-08-17T18:48:05Z,2026-08-17T18:48:05Z,
85.186.244.106,ipv4,imap-attack,high,WHITE,blocklist.de/imap|blocklist.de/all|blocklist.de/mail|ziyadnz/hourly-ipv4,blocklist.de|imap|pop3|brute-force|spam|mail|ziyadnz|hourly,2026-08-17T18:48:05Z,2026-08-17T18:48:05Z,
85.195.9.20,ipv4,imap-attack,high,WHITE,blocklist.de/imap|blocklist.de/all|blocklist.de/mail|ziyadnz/hourly-ipv4,blocklist.de|imap|pop3|brute-force|spam|mail|ziyadnz|hourly,2026-08-17T18:48:05Z,2026-08-17T18:48:05Z,
85.203.15.173,ipv4,imap-attack,high,WHITE,blocklist.de/imap|blocklist.de/all|blocklist.de/mail|ziyadnz/hourly-ipv4,blocklist.de|imap|pop3|brute-force|spam|mail|ziyadnz|hourly,2026-08-17T18:48:05Z,2026-08-17T18:48:05Z,
85.203.36.243,ipv4,imap-attack,high,WHITE,blocklist.de/imap|blocklist.de/all|blocklist.de/mail|ziyadnz/hourly-ipv4,blocklist.de|imap|pop3|brute-force|spam|mail|ziyadnz|hourly,2026-08-17T18:48:05Z,2026-08-17T18:48:05Z,
85.206.120.213,ipv4,imap-attack,high,WHITE,blocklist.de/imap|blocklist.de/all|blocklist.de/mail|ziyadnz/hourly-ipv4,blocklist.de|imap|pop3|brute-force|spam|mail|ziyadnz|hourly,2026-08-17T18:48:05Z,2026-08-17T18:48:05Z,
85.217.238.244,ipv4,imap-attack,high,WHITE,blocklist.de/imap|blocklist.de/all|blocklist.de/mail|ziyadnz/hourly-ipv4,blocklist.de|imap|pop3|brute-force|spam|mail|ziyadnz|hourly,2026-08-17T18:48:05Z,2026-08-17T18:48:05Z,
85.24.200.219,ipv4,imap-attack,high,WHITE,blocklist.de/imap|blocklist.de/all|blocklist.de/mail|ziyadnz/hourly-ipv4,blocklist.de|imap|pop3|brute-force|spam|mail|ziyadnz|hourly,2026-08-17T18:48:05Z,2026-08-17T18:48:05Z,
85.24.246.216,ipv4,imap-attack,high,WHITE,blocklist.de/imap|blocklist.de/all|blocklist.de/mail|ziyadnz/hourly-ipv4,blocklist.de|imap|pop3|brute-force|spam|mail|ziyadnz|hourly,2026-08-17T18:48:05Z,2026-08-17T18:48:05Z,
85.248.40.27,ipv4,imap-attack,high,WHITE,blocklist.de/imap|blocklist.de/all|blocklist.de/mail|ziyadnz/hourly-ipv4,blocklist.de|imap|pop3|brute-force|spam|mail|ziyadnz|hourly,2026-08-17T18:48:05Z,2026-08-17T18:48:05Z,
85.255.154.199,ipv4,imap-attack,high,WHITE,blocklist.de/imap|blocklist.de/all|blocklist.de/mail|ziyadnz/hourly-ipv4,blocklist.de|imap|pop3|brute-force|spam|mail|ziyadnz|hourly,2026-08-17T18:48:05Z,2026-08-17T18:48:05Z,
85.29.246.199,ipv4,imap-attack,high,WHITE,blocklist.de/imap|blocklist.de/all|blocklist.de/mail|ziyadnz/hourly-ipv4,blocklist.de|imap|pop3|brute-force|spam|mail|ziyadnz|hourly,2026-08-17T18:48:05Z,2026-08-17T18:48:05Z,
85.88.174.30,ipv4,imap-attack,high,WHITE,blocklist.de/imap|blocklist.de/all|blocklist.de/mail|ziyadnz/hourly-ipv4,blocklist.de|imap|pop3|brute-force|spam|mail|ziyadnz|hourly,2026-08-17T18:48:05Z,2026-08-17T18:48:05Z,
85.99.93.205,ipv4,imap-attack,high,WHITE,blocklist.de/imap|blocklist.de/all|blocklist.de/mail,blocklist.de|imap|pop3|brute-force|spam|mail|ziyadnz|hourly,2026-08-17T18:48:05Z,2026-08-17T18:48:05Z,
86.108.32.54,ipv4,imap-attack,high,WHITE,blocklist.de/imap|blocklist.de/all|blocklist.de/mail|ziyadnz/hourly-ipv4,blocklist.de|imap|pop3|brute-force|spam|mail|ziyadnz|hourly,2026-08-17T18:48:05Z,2026-08-17T18:48:05Z,
86.126.195.248,ipv4,imap-attack,high,WHITE,blocklist.de/imap|blocklist.de/all|blocklist.de/mail|ziyadnz/hourly-ipv4,blocklist.de|imap|pop3|brute-force|spam|mail|ziyadnz|hourly,2026-08-17T18:48:05Z,2026-08-17T18:48:05Z,
86.184.89.150,ipv4,imap-attack,high,WHITE,blocklist.de/imap|blocklist.de/all|blocklist.de/mail|ziyadnz/hourly-ipv4,blocklist.de|imap|pop3|brute-force|spam|mail|ziyadnz|hourly,2026-08-17T18:48:05Z,2026-08-17T18:48:05Z,
86.92.227.2,ipv4,imap-attack,high,WHITE,blocklist.de/imap|blocklist.de/all|blocklist.de/mail|ziyadnz/hourly-ipv4,blocklist.de|imap|pop3|brute-force|spam|mail|ziyadnz|hourly,2026-08-17T18:48:05Z,2026-08-17T18:48:05Z,
87.106.141.44,ipv4,imap-attack,high,WHITE,blocklist.de/imap|blocklist.de/all|blocklist.de/mail|ziyadnz/hourly-ipv4,blocklist.de|imap|pop3|brute-force|spam|mail|ziyadnz|hourly,2026-08-17T18:48:05Z,2026-08-17T18:48:05Z,
87.106.239.41,ipv4,imap-attack,high,WHITE,blocklist.de/imap|blocklist.de/all|blocklist.de/mail|ziyadnz/hourly-ipv4,blocklist.de|imap|pop3|brute-force|spam|mail|ziyadnz|hourly,2026-08-17T18:48:05Z,2026-08-17T18:48:05Z,
87.121.76.190,ipv4,imap-attack,high,WHITE,blocklist.de/imap|blocklist.de/all|blocklist.de/mail|ziyadnz/hourly-ipv4,blocklist.de|imap|pop3|brute-force|spam|mail|ziyadnz|hourly,2026-08-17T18:48:05Z,2026-08-17T18:48:05Z,
87.155.79.206,ipv4,imap-attack,high,WHITE,blocklist.de/imap|blocklist.de/all|blocklist.de/mail|ziyadnz/hourly-ipv4,blocklist.de|imap|pop3|brute-force|spam|mail|ziyadnz|hourly,2026-08-17T18:48:05Z,2026-08-17T18:48:05Z,
87.192.225.26,ipv4,imap-attack,high,WHITE,blocklist.de/imap|blocklist.de/all|blocklist.de/mail|ziyadnz/hourly-ipv4,blocklist.de|imap|pop3|brute-force|spam|mail|ziyadnz|hourly,2026-08-17T18:48:05Z,2026-08-17T18:48:05Z,
87.200.146.124,ipv4,imap-attack,high,WHITE,blocklist.de/imap|blocklist.de/all|blocklist.de/mail|ziyadnz/hourly-ipv4,blocklist.de|imap|pop3|brute-force|spam|mail|ziyadnz|hourly,2026-08-17T18:48:05Z,2026-08-17T18:48:05Z,
87.236.176.77,ipv4,imap-attack,high,WHITE,blocklist.de/imap|blocklist.de/all|blocklist.de/mail|ziyadnz/hourly-ipv4,blocklist.de|imap|pop3|brute-force|spam|mail|ziyadnz|hourly,2026-08-17T18:48:05Z,2026-08-17T18:48:05Z,
87.236.176.82,ipv4,imap-attack,high,WHITE,blocklist.de/imap|blocklist.de/all|blocklist.de/mail|ziyadnz/hourly-ipv4,blocklist.de|imap|pop3|brute-force|spam|mail|ziyadnz|hourly,2026-08-17T18:48:05Z,2026-08-17T18:48:05Z,
87.251.233.179,ipv4,imap-attack,high,WHITE,blocklist.de/imap|blocklist.de/all|blocklist.de/mail|ziyadnz/hourly-ipv4,blocklist.de|imap|pop3|brute-force|spam|mail|ziyadnz|hourly,2026-08-17T18:48:05Z,2026-08-17T18:48:05Z,
87.54.18.18,ipv4,imap-attack,high,WHITE,blocklist.de/imap|blocklist.de/all|blocklist.de/mail|ziyadnz/hourly-ipv4,blocklist.de|imap|pop3|brute-force|spam|mail|ziyadnz|hourly,2026-08-17T18:48:05Z,2026-08-17T18:48:05Z,
88.159.252.228,ipv4,imap-attack,high,WHITE,blocklist.de/imap|blocklist.de/all|blocklist.de/mail|ziyadnz/hourly-ipv4,blocklist.de|imap|pop3|brute-force|spam|mail|ziyadnz|hourly,2026-08-17T18:48:05Z,2026-08-17T18:48:05Z,
88.172.197.126,ipv4,imap-attack,high,WHITE,blocklist.de/imap|blocklist.de/all|blocklist.de/mail|ziyadnz/hourly-ipv4,blocklist.de|imap|pop3|brute-force|spam|mail|ziyadnz|hourly,2026-08-17T18:48:05Z,2026-08-17T18:48:05Z,
88.174.126.169,ipv4,imap-attack,high,WHITE,blocklist.de/imap|blocklist.de/all|blocklist.de/mail|ziyadnz/hourly-ipv4,blocklist.de|imap|pop3|brute-force|spam|mail|ziyadnz|hourly,2026-08-17T18:48:05Z,2026-08-17T18:48:05Z,
88.19.43.66,ipv4,imap-attack,high,WHITE,blocklist.de/imap|blocklist.de/all|blocklist.de/mail|ziyadnz/hourly-ipv4,blocklist.de|imap|pop3|brute-force|spam|mail|ziyadnz|hourly,2026-08-17T18:48:05Z,2026-08-17T18:48:05Z,
88.207.210.23,ipv4,imap-attack,high,WHITE,blocklist.de/imap|blocklist.de/all|blocklist.de/mail|ziyadnz/hourly-ipv4,blocklist.de|imap|pop3|brute-force|spam|mail|ziyadnz|hourly,2026-08-17T18:48:05Z,2026-08-17T18:48:05Z,
88.229.22.20,ipv4,imap-attack,high,WHITE,blocklist.de/imap|blocklist.de/all|blocklist.de/mail|ziyadnz/hourly-ipv4,blocklist.de|imap|pop3|brute-force|spam|mail|ziyadnz|hourly,2026-08-17T18:48:05Z,2026-08-17T18:48:05Z,
88.230.63.20,ipv4,imap-attack,high,WHITE,blocklist.de/imap|blocklist.de/all|blocklist.de/mail|ziyadnz/hourly-ipv4,blocklist.de|imap|pop3|brute-force|spam|mail|ziyadnz|hourly,2026-08-17T18:48:05Z,2026-08-17T18:48:05Z,
88.241.37.197,ipv4,imap-attack,high,WHITE,blocklist.de/imap|blocklist.de/all|blocklist.de/mail|ziyadnz/hourly-ipv4,blocklist.de|imap|pop3|brute-force|spam|mail|ziyadnz|hourly,2026-08-17T18:48:05Z,2026-08-17T18:48:05Z,
88.249.10.161,ipv4,imap-attack,high,WHITE,blocklist.de/imap|blocklist.de/all|blocklist.de/mail|ziyadnz/hourly-ipv4,blocklist.de|imap|pop3|brute-force|spam|mail|ziyadnz|hourly,2026-08-17T18:48:05Z,2026-08-17T18:48:05Z,
88.255.189.44,ipv4,imap-attack,high,WHITE,blocklist.de/imap|blocklist.de/all|blocklist.de/mail|ziyadnz/hourly-ipv4,blocklist.de|imap|pop3|brute-force|spam|mail|ziyadnz|hourly,2026-08-17T18:48:05Z,2026-08-17T18:48:05Z,
88.255.189.50,ipv4,imap-attack,high,WHITE,blocklist.de/imap|blocklist.de/all|blocklist.de/mail|ziyadnz/hourly-ipv4,blocklist.de|imap|pop3|brute-force|spam|mail|ziyadnz|hourly,2026-08-17T18:48:05Z,2026-08-17T18:48:05Z,
88.82.206.71,ipv4,imap-attack,high,WHITE,blocklist.de/imap|blocklist.de/all|blocklist.de/mail|ziyadnz/hourly-ipv4,blocklist.de|imap|pop3|brute-force|spam|mail|ziyadnz|hourly,2026-08-17T18:48:05Z,2026-08-17T18:48:05Z,
88.98.236.237,ipv4,imap-attack,high,WHITE,blocklist.de/imap|blocklist.de/all|blocklist.de/mail|ziyadnz/hourly-ipv4,blocklist.de|imap|pop3|brute-force|spam|mail|ziyadnz|hourly,2026-08-17T18:48:05Z,2026-08-17T18:48:05Z,
89.106.137.149,ipv4,imap-attack,high,WHITE,blocklist.de/imap|blocklist.de/all|blocklist.de/mail|ziyadnz/hourly-ipv4,blocklist.de|imap|pop3|brute-force|spam|mail|ziyadnz|hourly,2026-08-17T18:48:05Z,2026-08-17T18:48:05Z,
89.106.137.67,ipv4,imap-attack,high,WHITE,blocklist.de/imap|blocklist.de/all|blocklist.de/mail|ziyadnz/hourly-ipv4,blocklist.de|imap|pop3|brute-force|spam|mail|ziyadnz|hourly,2026-08-17T18:48:05Z,2026-08-17T18:48:05Z,
89.106.141.132,ipv4,imap-attack,high,WHITE,blocklist.de/imap|blocklist.de/all|blocklist.de/mail|ziyadnz/hourly-ipv4,blocklist.de|imap|pop3|brute-force|spam|mail|ziyadnz|hourly,2026-08-17T18:48:05Z,2026-08-17T18:48:05Z,
89.106.143.138,ipv4,imap-attack,high,WHITE,blocklist.de/imap|blocklist.de/all|blocklist.de/mail|ziyadnz/hourly-ipv4,blocklist.de|imap|pop3|brute-force|spam|mail|ziyadnz|hourly,2026-08-17T18:48:05Z,2026-08-17T18:48:05Z,
89.121.255.194,ipv4,imap-attack,high,WHITE,blocklist.de/imap|blocklist.de/all|blocklist.de/mail|ziyadnz/hourly-ipv4,blocklist.de|imap|pop3|brute-force|spam|mail|ziyadnz|hourly,2026-08-17T18:48:05Z,2026-08-17T18:48:05Z,
89.144.30.127,ipv4,imap-attack,high,WHITE,blocklist.de/imap|blocklist.de/all|blocklist.de/mail|ziyadnz/hourly-ipv4,blocklist.de|imap|pop3|brute-force|spam|mail|ziyadnz|hourly,2026-08-17T18:48:05Z,2026-08-17T18:48:05Z,
89.152.82.108,ipv4,imap-attack,high,WHITE,blocklist.de/imap|blocklist.de/all|blocklist.de/mail|ziyadnz/hourly-ipv4,blocklist.de|imap|pop3|brute-force|spam|mail|ziyadnz|hourly,2026-08-17T18:48:05Z,2026-08-17T18:48:05Z,
89.153.52.22,ipv4,imap-attack,high,WHITE,blocklist.de/imap|blocklist.de/all|blocklist.de/mail|ziyadnz/hourly-ipv4,blocklist.de|imap|pop3|brute-force|spam|mail|ziyadnz|hourly,2026-08-17T18:48:05Z,2026-08-17T18:48:05Z,
89.160.102.155,ipv4,imap-attack,high,WHITE,blocklist.de/imap|blocklist.de/all|blocklist.de/mail|ziyadnz/hourly-ipv4,blocklist.de|imap|pop3|brute-force|spam|mail|ziyadnz|hourly,2026-08-17T18:48:05Z,2026-08-17T18:48:05Z,
89.160.34.69,ipv4,imap-attack,high,WHITE,blocklist.de/imap|blocklist.de/all|blocklist.de/mail|ziyadnz/hourly-ipv4,blocklist.de|imap|pop3|brute-force|spam|mail|ziyadnz|hourly,2026-08-17T18:48:05Z,2026-08-17T18:48:05Z,
89.186.15.88,ipv4,imap-attack,high,WHITE,blocklist.de/imap|blocklist.de/all|blocklist.de/mail|ziyadnz/hourly-ipv4,blocklist.de|imap|pop3|brute-force|spam|mail|ziyadnz|hourly,2026-08-17T18:48:05Z,2026-08-17T18:48:05Z,
89.186.26.236,ipv4,imap-attack,high,WHITE,blocklist.de/imap|blocklist.de/all|blocklist.de/mail|ziyadnz/hourly-ipv4,blocklist.de|imap|pop3|brute-force|spam|mail|ziyadnz|hourly,2026-08-17T18:48:05Z,2026-08-17T18:48:05Z,
89.23.103.207,ipv4,imap-attack,high,WHITE,blocklist.de/imap|blocklist.de/all|blocklist.de/mail|ziyadnz/hourly-ipv4,blocklist.de|imap|pop3|brute-force|spam|mail|ziyadnz|hourly,2026-08-17T18:48:05Z,2026-08-17T18:48:05Z,
89.231.35.27,ipv4,imap-attack,high,WHITE,blocklist.de/imap|blocklist.de/all|blocklist.de/mail|ziyadnz/hourly-ipv4,blocklist.de|imap|pop3|brute-force|spam|mail|ziyadnz|hourly,2026-08-17T18:48:05Z,2026-08-17T18:48:05Z,
89.231.35.32,ipv4,imap-attack,high,WHITE,blocklist.de/imap|blocklist.de/all|blocklist.de/mail|ziyadnz/hourly-ipv4,blocklist.de|imap|pop3|brute-force|spam|mail|ziyadnz|hourly,2026-08-17T18:48:05Z,2026-08-17T18:48:05Z,
89.233.202.252,ipv4,imap-attack,high,WHITE,blocklist.de/imap|blocklist.de/all|blocklist.de/mail|ziyadnz/hourly-ipv4,blocklist.de|imap|pop3|brute-force|spam|mail|ziyadnz|hourly,2026-08-17T18:48:05Z,2026-08-17T18:48:05Z,
89.233.203.159,ipv4,imap-attack,high,WHITE,blocklist.de/imap|blocklist.de/all|blocklist.de/mail|ziyadnz/hourly-ipv4,blocklist.de|imap|pop3|brute-force|spam|mail|ziyadnz|hourly,2026-08-17T18:48:05Z,2026-08-17T18:48:05Z,
89.253.69.180,ipv4,imap-attack,high,WHITE,blocklist.de/imap|blocklist.de/all|blocklist.de/mail|ziyadnz/hourly-ipv4,blocklist.de|imap|pop3|brute-force|spam|mail|ziyadnz|hourly,2026-08-17T18:48:05Z,2026-08-17T18:48:05Z,
89.253.90.113,ipv4,imap-attack,high,WHITE,blocklist.de/imap|blocklist.de/all|blocklist.de/mail|ziyadnz/hourly-ipv4,blocklist.de|imap|pop3|brute-force|spam|mail|ziyadnz|hourly,2026-08-17T18:48:05Z,2026-08-17T18:48:05Z,
89.43.134.196,ipv4,imap-attack,high,WHITE,blocklist.de/imap|blocklist.de/all|blocklist.de/mail|ziyadnz/hourly-ipv4,blocklist.de|imap|pop3|brute-force|spam|mail|ziyadnz|hourly,2026-08-17T18:48:05Z,2026-08-17T18:48:05Z,
89.43.134.43,ipv4,imap-attack,high,WHITE,blocklist.de/imap|blocklist.de/all|blocklist.de/mail|ziyadnz/hourly-ipv4,blocklist.de|imap|pop3|brute-force|spam|mail|ziyadnz|hourly,2026-08-17T18:48:05Z,2026-08-17T18:48:05Z,
89.67.39.124,ipv4,imap-attack,high,WHITE,blocklist.de/imap|blocklist.de/all|blocklist.de/mail|ziyadnz/hourly-ipv4,blocklist.de|imap|pop3|brute-force|spam|mail|ziyadnz|hourly,2026-08-17T18:48:05Z,2026-08-17T18:48:05Z,
89.68.245.7,ipv4,imap-attack,high,WHITE,blocklist.de/imap|blocklist.de/all|blocklist.de/mail|ziyadnz/hourly-ipv4,blocklist.de|imap|pop3|brute-force|spam|mail|ziyadnz|hourly,2026-08-17T18:48:05Z,2026-08-17T18:48:05Z,
90.150.93.138,ipv4,imap-attack,high,WHITE,blocklist.de/imap|blocklist.de/all|blocklist.de/mail|ziyadnz/hourly-ipv4,blocklist.de|imap|pop3|brute-force|spam|mail|ziyadnz|hourly,2026-08-17T18:48:05Z,2026-08-17T18:48:05Z,
90.150.93.151,ipv4,imap-attack,high,WHITE,blocklist.de/imap|blocklist.de/all|blocklist.de/mail|ziyadnz/hourly-ipv4,blocklist.de|imap|pop3|brute-force|spam|mail|ziyadnz|hourly,2026-08-17T18:48:05Z,2026-08-17T18:48:05Z,
90.228.229.182,ipv4,imap-attack,high,WHITE,blocklist.de/imap|blocklist.de/all|blocklist.de/mail|ziyadnz/hourly-ipv4,blocklist.de|imap|pop3|brute-force|spam|mail|ziyadnz|hourly,2026-08-17T18:48:05Z,2026-08-17T18:48:05Z,
90.230.115.5,ipv4,imap-attack,high,WHITE,blocklist.de/imap|blocklist.de/all|blocklist.de/mail|ziyadnz/hourly-ipv4,blocklist.de|imap|pop3|brute-force|spam|mail|ziyadnz|hourly,2026-08-17T18:48:05Z,2026-08-17T18:48:05Z,
90.230.212.29,ipv4,imap-attack,high,WHITE,blocklist.de/imap|blocklist.de/all|blocklist.de/mail|ziyadnz/hourly-ipv4,blocklist.de|imap|pop3|brute-force|spam|mail|ziyadnz|hourly,2026-08-17T18:48:05Z,2026-08-17T18:48:05Z,
90.230.226.175,ipv4,imap-attack,high,WHITE,blocklist.de/imap|blocklist.de/all|blocklist.de/mail|ziyadnz/hourly-ipv4,blocklist.de|imap|pop3|brute-force|spam|mail|ziyadnz|hourly,2026-08-17T18:48:05Z,2026-08-17T18:48:05Z,
90.70.76.142,ipv4,imap-attack,high,WHITE,blocklist.de/imap|blocklist.de/all|blocklist.de/mail|ziyadnz/hourly-ipv4,blocklist.de|imap|pop3|brute-force|spam|mail|ziyadnz|hourly,2026-08-17T18:48:05Z,2026-08-17T18:48:05Z,
91.108.138.193,ipv4,imap-attack,high,WHITE,blocklist.de/imap|blocklist.de/all|blocklist.de/mail|ziyadnz/hourly-ipv4,blocklist.de|imap|pop3|brute-force|spam|mail|ziyadnz|hourly,2026-08-17T18:48:05Z,2026-08-17T18:48:05Z,
91.144.95.223,ipv4,imap-attack,high,WHITE,blocklist.de/imap|blocklist.de/all|blocklist.de/mail|ziyadnz/hourly-ipv4,blocklist.de|imap|pop3|brute-force|spam|mail|ziyadnz|hourly,2026-08-17T18:48:05Z,2026-08-17T18:48:05Z,
91.147.111.106,ipv4,imap-attack,high,WHITE,blocklist.de/imap|blocklist.de/all|blocklist.de/mail|ziyadnz/hourly-ipv4,blocklist.de|imap|pop3|brute-force|spam|mail|ziyadnz|hourly,2026-08-17T18:48:05Z,2026-08-17T18:48:05Z,
91.186.255.42,ipv4,imap-attack,high,WHITE,blocklist.de/imap|blocklist.de/all|blocklist.de/mail|ziyadnz/hourly-ipv4,blocklist.de|imap|pop3|brute-force|spam|mail|ziyadnz|hourly,2026-08-17T18:48:05Z,2026-08-17T18:48:05Z,
91.192.206.188,ipv4,imap-attack,high,WHITE,blocklist.de/imap|blocklist.de/all|blocklist.de/mail|ziyadnz/hourly-ipv4,blocklist.de|imap|pop3|brute-force|spam|mail|ziyadnz|hourly,2026-08-17T18:48:05Z,2026-08-17T18:48:05Z,
91.196.110.58,ipv4,imap-attack,high,WHITE,blocklist.de/imap|blocklist.de/all|blocklist.de/mail|ziyadnz/hourly-ipv4,blocklist.de|imap|pop3|brute-force|spam|mail|ziyadnz|hourly,2026-08-17T18:48:05Z,2026-08-17T18:48:05Z,
91.196.110.87,ipv4,imap-attack,high,WHITE,blocklist.de/imap|blocklist.de/all|blocklist.de/mail|ziyadnz/hourly-ipv4,blocklist.de|imap|pop3|brute-force|spam|mail|ziyadnz|hourly,2026-08-17T18:48:05Z,2026-08-17T18:48:05Z,
91.196.111.8,ipv4,imap-attack,high,WHITE,blocklist.de/imap|blocklist.de/all|blocklist.de/mail|ziyadnz/hourly-ipv4,blocklist.de|imap|pop3|brute-force|spam|mail|ziyadnz|hourly,2026-08-17T18:48:05Z,2026-08-17T18:48:05Z,
91.196.120.228,ipv4,imap-attack,high,WHITE,blocklist.de/imap|blocklist.de/all|blocklist.de/mail|ziyadnz/hourly-ipv4,blocklist.de|imap|pop3|brute-force|spam|mail|ziyadnz|hourly,2026-08-17T18:48:05Z,2026-08-17T18:48:05Z,
91.2.65.186,ipv4,imap-attack,high,WHITE,blocklist.de/imap|blocklist.de/all|blocklist.de/mail|ziyadnz/hourly-ipv4,blocklist.de|imap|pop3|brute-force|spam|mail|ziyadnz|hourly,2026-08-17T18:48:05Z,2026-08-17T18:48:05Z,
91.207.181.201,ipv4,imap-attack,high,WHITE,blocklist.de/imap|blocklist.de/all|blocklist.de/mail|ziyadnz/hourly-ipv4,blocklist.de|imap|pop3|brute-force|spam|mail|ziyadnz|hourly,2026-08-17T18:48:05Z,2026-08-17T18:48:05Z,
91.219.196.17,ipv4,imap-attack,high,WHITE,blocklist.de/imap|blocklist.de/all|blocklist.de/mail|ziyadnz/hourly-ipv4,blocklist.de|imap|pop3|brute-force|spam|mail|ziyadnz|hourly,2026-08-17T18:48:05Z,2026-08-17T18:48:05Z,
91.224.237.93,ipv4,imap-attack,high,WHITE,blocklist.de/imap|blocklist.de/all|blocklist.de/mail|ziyadnz/hourly-ipv4,blocklist.de|imap|pop3|brute-force|spam|mail|ziyadnz|hourly,2026-08-17T18:48:05Z,2026-08-17T18:48:05Z,
91.226.114.83,ipv4,imap-attack,high,WHITE,blocklist.de/imap|blocklist.de/all|blocklist.de/mail|ziyadnz/hourly-ipv4,blocklist.de|imap|pop3|brute-force|spam|mail|ziyadnz|hourly,2026-08-17T18:48:05Z,2026-08-17T18:48:05Z,
91.227.226.100,ipv4,imap-attack,high,WHITE,blocklist.de/imap|blocklist.de/all|blocklist.de/mail|ziyadnz/hourly-ipv4,blocklist.de|imap|pop3|brute-force|spam|mail|ziyadnz|hourly,2026-08-17T18:48:05Z,2026-08-17T18:48:05Z,
91.227.86.109,ipv4,imap-attack,high,WHITE,blocklist.de/imap|blocklist.de/all|blocklist.de/mail|ziyadnz/hourly-ipv4,blocklist.de|imap|pop3|brute-force|spam|mail|ziyadnz|hourly,2026-08-17T18:48:05Z,2026-08-17T18:48:05Z,
91.228.122.204,ipv4,imap-attack,high,WHITE,blocklist.de/imap|blocklist.de/all|blocklist.de/mail|ziyadnz/hourly-ipv4,blocklist.de|imap|pop3|brute-force|spam|mail|ziyadnz|hourly,2026-08-17T18:48:05Z,2026-08-17T18:48:05Z,
91.228.33.24,ipv4,imap-attack,high,WHITE,blocklist.de/imap|blocklist.de/all|blocklist.de/mail|ziyadnz/hourly-ipv4,blocklist.de|imap|pop3|brute-force|spam|mail|ziyadnz|hourly,2026-08-17T18:48:05Z,2026-08-17T18:48:05Z,
91.231.121.226,ipv4,imap-attack,high,WHITE,blocklist.de/imap|blocklist.de/all|blocklist.de/mail|ziyadnz/hourly-ipv4,blocklist.de|imap|pop3|brute-force|spam|mail|ziyadnz|hourly,2026-08-17T18:48:05Z,2026-08-17T18:48:05Z,
91.234.135.156,ipv4,imap-attack,high,WHITE,blocklist.de/imap|blocklist.de/all|blocklist.de/mail|ziyadnz/hourly-ipv4,blocklist.de|imap|pop3|brute-force|spam|mail|ziyadnz|hourly,2026-08-17T18:48:05Z,2026-08-17T18:48:05Z,
91.234.135.219,ipv4,imap-attack,high,WHITE,blocklist.de/imap|blocklist.de/all|blocklist.de/mail|ziyadnz/hourly-ipv4,blocklist.de|imap|pop3|brute-force|spam|mail|ziyadnz|hourly,2026-08-17T18:48:05Z,2026-08-17T18:48:05Z,
91.234.137.137,ipv4,imap-attack,high,WHITE,blocklist.de/imap|blocklist.de/all|blocklist.de/mail|ziyadnz/hourly-ipv4,blocklist.de|imap|pop3|brute-force|spam|mail|ziyadnz|hourly,2026-08-17T18:48:05Z,2026-08-17T18:48:05Z,
91.234.137.47,ipv4,imap-attack,high,WHITE,blocklist.de/imap|blocklist.de/all|blocklist.de/mail|ziyadnz/hourly-ipv4,blocklist.de|imap|pop3|brute-force|spam|mail|ziyadnz|hourly,2026-08-17T18:48:05Z,2026-08-17T18:48:05Z,
91.234.137.77,ipv4,imap-attack,high,WHITE,blocklist.de/imap|blocklist.de/all|blocklist.de/mail|ziyadnz/hourly-ipv4,blocklist.de|imap|pop3|brute-force|spam|mail|ziyadnz|hourly,2026-08-17T18:48:05Z,2026-08-17T18:48:05Z,
91.236.172.24,ipv4,imap-attack,high,WHITE,blocklist.de/imap|blocklist.de/all|blocklist.de/mail|ziyadnz/hourly-ipv4,blocklist.de|imap|pop3|brute-force|spam|mail|ziyadnz|hourly,2026-08-17T18:48:05Z,2026-08-17T18:48:05Z,
91.236.172.41,ipv4,imap-attack,high,WHITE,blocklist.de/imap|blocklist.de/all|blocklist.de/mail|ziyadnz/hourly-ipv4,blocklist.de|imap|pop3|brute-force|spam|mail|ziyadnz|hourly,2026-08-17T18:48:05Z,2026-08-17T18:48:05Z,
91.236.174.62,ipv4,imap-attack,high,WHITE,blocklist.de/imap|blocklist.de/all|blocklist.de/mail|ziyadnz/hourly-ipv4,blocklist.de|imap|pop3|brute-force|spam|mail|ziyadnz|hourly,2026-08-17T18:48:05Z,2026-08-17T18:48:05Z,
91.237.124.214,ipv4,imap-attack,high,WHITE,blocklist.de/imap|blocklist.de/all|blocklist.de/mail|ziyadnz/hourly-ipv4,blocklist.de|imap|pop3|brute-force|spam|mail|ziyadnz|hourly,2026-08-17T18:48:05Z,2026-08-17T18:48:05Z,
91.237.183.81,ipv4,imap-attack,high,WHITE,blocklist.de/imap|blocklist.de/all|blocklist.de/mail|ziyadnz/hourly-ipv4,blocklist.de|imap|pop3|brute-force|spam|mail|ziyadnz|hourly,2026-08-17T18:48:05Z,2026-08-17T18:48:05Z,
91.238.166.184,ipv4,imap-attack,high,WHITE,blocklist.de/imap|blocklist.de/all|blocklist.de/mail|ziyadnz/hourly-ipv4,blocklist.de|imap|pop3|brute-force|spam|mail|ziyadnz|hourly,2026-08-17T18:48:05Z,2026-08-17T18:48:05Z,
91.238.166.52,ipv4,imap-attack,high,WHITE,blocklist.de/imap|blocklist.de/all|blocklist.de/mail|ziyadnz/hourly-ipv4,blocklist.de|imap|pop3|brute-force|spam|mail|ziyadnz|hourly,2026-08-17T18:48:05Z,2026-08-17T18:48:05Z,
91.239.11.219,ipv4,imap-attack,high,WHITE,blocklist.de/imap|blocklist.de/all|blocklist.de/mail|ziyadnz/hourly-ipv4,blocklist.de|imap|pop3|brute-force|spam|mail|ziyadnz|hourly,2026-08-17T18:48:05Z,2026-08-17T18:48:05Z,
91.240.44.121,ipv4,imap-attack,high,WHITE,blocklist.de/imap|blocklist.de/all|blocklist.de/mail|ziyadnz/hourly-ipv4,blocklist.de|imap|pop3|brute-force|spam|mail|ziyadnz|hourly,2026-08-17T18:48:05Z,2026-08-17T18:48:05Z,
91.246.208.80,ipv4,imap-attack,high,WHITE,blocklist.de/imap|blocklist.de/all|blocklist.de/mail|ziyadnz/hourly-ipv4,blocklist.de|imap|pop3|brute-force|spam|mail|ziyadnz|hourly,2026-08-17T18:48:05Z,2026-08-17T18:48:05Z,
91.246.210.57,ipv4,imap-attack,high,WHITE,blocklist.de/imap|blocklist.de/all|blocklist.de/mail|ziyadnz/hourly-ipv4,blocklist.de|imap|pop3|brute-force|spam|mail|ziyadnz|hourly,2026-08-17T18:48:05Z,2026-08-17T18:48:05Z,
91.246.210.91,ipv4,imap-attack,high,WHITE,blocklist.de/imap|blocklist.de/all|blocklist.de/mail|ziyadnz/hourly-ipv4,blocklist.de|imap|pop3|brute-force|spam|mail|ziyadnz|hourly,2026-08-17T18:48:05Z,2026-08-17T18:48:05Z,
91.246.213.43,ipv4,imap-attack,high,WHITE,blocklist.de/imap|blocklist.de/all|blocklist.de/mail|ziyadnz/hourly-ipv4,blocklist.de|imap|pop3|brute-force|spam|mail|ziyadnz|hourly,2026-08-17T18:48:05Z,2026-08-17T18:48:05Z,
91.55.119.175,ipv4,imap-attack,high,WHITE,blocklist.de/imap|blocklist.de/all|blocklist.de/mail|ziyadnz/hourly-ipv4,blocklist.de|imap|pop3|brute-force|spam|mail|ziyadnz|hourly,2026-08-17T18:48:05Z,2026-08-17T18:48:05Z,
91.63.142.221,ipv4,imap-attack,high,WHITE,blocklist.de/imap|blocklist.de/all|blocklist.de/mail|ziyadnz/hourly-ipv4,blocklist.de|imap|pop3|brute-force|spam|mail|ziyadnz|hourly,2026-08-17T18:48:05Z,2026-08-17T18:48:05Z,
91.86.92.45,ipv4,imap-attack,high,WHITE,blocklist.de/imap|blocklist.de/all|blocklist.de/mail|ziyadnz/hourly-ipv4,blocklist.de|imap|pop3|brute-force|spam|mail|ziyadnz|hourly,2026-08-17T18:48:05Z,2026-08-17T18:48:05Z,
91.92.240.38,ipv4,imap-attack,high,WHITE,blocklist.de/imap|blocklist.de/all|blocklist.de/mail|ziyadnz/hourly-ipv4,blocklist.de|imap|pop3|brute-force|spam|mail|ziyadnz|hourly,2026-08-17T18:48:05Z,2026-08-17T18:48:05Z,
91.92.240.42,ipv4,imap-attack,high,WHITE,blocklist.de/imap|blocklist.de/all|blocklist.de/mail|ziyadnz/hourly-ipv4,blocklist.de|imap|pop3|brute-force|spam|mail|ziyadnz|hourly,2026-08-17T18:48:05Z,2026-08-17T18:48:05Z,
91.92.241.163,ipv4,imap-attack,high,WHITE,blocklist.de/imap|blocklist.de/all|blocklist.de/mail|ziyadnz/hourly-ipv4,blocklist.de|imap|pop3|brute-force|spam|mail|ziyadnz|hourly,2026-08-17T18:48:05Z,2026-08-17T18:48:05Z,
91.92.242.178,ipv4,imap-attack,high,WHITE,blocklist.de/imap|blocklist.de/all|blocklist.de/mail|ziyadnz/hourly-ipv4,blocklist.de|imap|pop3|brute-force|spam|mail|ziyadnz|hourly,2026-08-17T18:48:05Z,2026-08-17T18:48:05Z,
91.92.242.55,ipv4,imap-attack,high,WHITE,blocklist.de/imap|blocklist.de/all|blocklist.de/mail|ziyadnz/hourly-ipv4,blocklist.de|imap|pop3|brute-force|spam|mail|ziyadnz|hourly,2026-08-17T18:48:05Z,2026-08-17T18:48:05Z,
91.92.47.145,ipv4,imap-attack,high,WHITE,blocklist.de/imap|blocklist.de/all|blocklist.de/mail|ziyadnz/hourly-ipv4,blocklist.de|imap|pop3|brute-force|spam|mail|ziyadnz|hourly,2026-08-17T18:48:05Z,2026-08-17T18:48:05Z,
92.111.200.242,ipv4,imap-attack,high,WHITE,blocklist.de/imap|blocklist.de/all|blocklist.de/mail|ziyadnz/hourly-ipv4,blocklist.de|imap|pop3|brute-force|spam|mail|ziyadnz|hourly,2026-08-17T18:48:05Z,2026-08-17T18:48:05Z,
92.118.39.120,ipv4,imap-attack,high,WHITE,blocklist.de/imap|blocklist.de/all|blocklist.de/mail|ziyadnz/hourly-ipv4,blocklist.de|imap|pop3|brute-force|spam|mail|ziyadnz|hourly,2026-08-17T18:48:05Z,2026-08-17T18:48:05Z,
92.118.39.145,ipv4,imap-attack,high,WHITE,blocklist.de/imap|blocklist.de/all|blocklist.de/mail|ziyadnz/hourly-ipv4,blocklist.de|imap|pop3|brute-force|spam|mail|ziyadnz|hourly,2026-08-17T18:48:05Z,2026-08-17T18:48:05Z,
92.118.39.148,ipv4,imap-attack,high,WHITE,blocklist.de/imap|blocklist.de/all|blocklist.de/mail|ziyadnz/hourly-ipv4,blocklist.de|imap|pop3|brute-force|spam|mail|ziyadnz|hourly,2026-08-17T18:48:05Z,2026-08-17T18:48:05Z,
92.124.133.35,ipv4,imap-attack,high,WHITE,blocklist.de/imap|blocklist.de/all|blocklist.de/mail|ziyadnz/hourly-ipv4,blocklist.de|imap|pop3|brute-force|spam|mail|ziyadnz|hourly,2026-08-17T18:48:05Z,2026-08-17T18:48:05Z,
92.208.26.16,ipv4,imap-attack,high,WHITE,blocklist.de/imap|blocklist.de/all|blocklist.de/mail|ziyadnz/hourly-ipv4,blocklist.de|imap|pop3|brute-force|spam|mail|ziyadnz|hourly,2026-08-17T18:48:05Z,2026-08-17T18:48:05Z,
92.209.12.76,ipv4,imap-attack,high,WHITE,blocklist.de/imap|blocklist.de/all|blocklist.de/mail|ziyadnz/hourly-ipv4,blocklist.de|imap|pop3|brute-force|spam|mail|ziyadnz|hourly,2026-08-17T18:48:05Z,2026-08-17T18:48:05Z,
92.209.171.232,ipv4,imap-attack,high,WHITE,blocklist.de/imap|blocklist.de/all|blocklist.de/mail|ziyadnz/hourly-ipv4,blocklist.de|imap|pop3|brute-force|spam|mail|ziyadnz|hourly,2026-08-17T18:48:05Z,2026-08-17T18:48:05Z,
92.209.189.161,ipv4,imap-attack,high,WHITE,blocklist.de/imap|blocklist.de/all|blocklist.de/mail|ziyadnz/hourly-ipv4,blocklist.de|imap|pop3|brute-force|spam|mail|ziyadnz|hourly,2026-08-17T18:48:05Z,2026-08-17T18:48:05Z,
92.209.210.122,ipv4,imap-attack,high,WHITE,blocklist.de/imap|blocklist.de/all|blocklist.de/mail,blocklist.de|imap|pop3|brute-force|spam|mail|ziyadnz|hourly,2026-08-17T18:48:05Z,2026-08-17T18:48:05Z,
92.241.37.218,ipv4,imap-attack,high,WHITE,blocklist.de/imap|blocklist.de/all|blocklist.de/mail|ziyadnz/hourly-ipv4,blocklist.de|imap|pop3|brute-force|spam|mail|ziyadnz|hourly,2026-08-17T18:48:05Z,2026-08-17T18:48:05Z,
92.244.38.117,ipv4,imap-attack,high,WHITE,blocklist.de/imap|blocklist.de/all|blocklist.de/mail|ziyadnz/hourly-ipv4,blocklist.de|imap|pop3|brute-force|spam|mail|ziyadnz|hourly,2026-08-17T18:48:05Z,2026-08-17T18:48:05Z,
92.253.28.29,ipv4,imap-attack,high,WHITE,blocklist.de/imap|blocklist.de/all|blocklist.de/mail|ziyadnz/hourly-ipv4,blocklist.de|imap|pop3|brute-force|spam|mail|ziyadnz|hourly,2026-08-17T18:48:05Z,2026-08-17T18:48:05Z,
92.32.245.247,ipv4,imap-attack,high,WHITE,blocklist.de/imap|blocklist.de/all|blocklist.de/mail|ziyadnz/hourly-ipv4,blocklist.de|imap|pop3|brute-force|spam|mail|ziyadnz|hourly,2026-08-17T18:48:05Z,2026-08-17T18:48:05Z,
92.55.226.167,ipv4,imap-attack,high,WHITE,blocklist.de/imap|blocklist.de/all|blocklist.de/mail|ziyadnz/hourly-ipv4,blocklist.de|imap|pop3|brute-force|spam|mail|ziyadnz|hourly,2026-08-17T18:48:05Z,2026-08-17T18:48:05Z,
92.55.226.47,ipv4,imap-attack,high,WHITE,blocklist.de/imap|blocklist.de/all|blocklist.de/mail|ziyadnz/hourly-ipv4,blocklist.de|imap|pop3|brute-force|spam|mail|ziyadnz|hourly,2026-08-17T18:48:05Z,2026-08-17T18:48:05Z,
92.62.74.41,ipv4,imap-attack,high,WHITE,blocklist.de/imap|blocklist.de/all|blocklist.de/mail|ziyadnz/hourly-ipv4,blocklist.de|imap|pop3|brute-force|spam|mail|ziyadnz|hourly,2026-08-17T18:48:05Z,2026-08-17T18:48:05Z,
92.62.77.245,ipv4,imap-attack,high,WHITE,blocklist.de/imap|blocklist.de/all|blocklist.de/mail|ziyadnz/hourly-ipv4,blocklist.de|imap|pop3|brute-force|spam|mail|ziyadnz|hourly,2026-08-17T18:48:05Z,2026-08-17T18:48:05Z,
92.75.93.174,ipv4,imap-attack,high,WHITE,blocklist.de/imap|blocklist.de/all|blocklist.de/mail|ziyadnz/hourly-ipv4,blocklist.de|imap|pop3|brute-force|spam|mail|ziyadnz|hourly,2026-08-17T18:48:05Z,2026-08-17T18:48:05Z,
93.118.128.115,ipv4,imap-attack,high,WHITE,blocklist.de/imap|blocklist.de/all|blocklist.de/mail|ziyadnz/hourly-ipv4,blocklist.de|imap|pop3|brute-force|spam|mail|ziyadnz|hourly,2026-08-17T18:48:05Z,2026-08-17T18:48:05Z,
93.118.139.92,ipv4,imap-attack,high,WHITE,blocklist.de/imap|blocklist.de/all|blocklist.de/mail|ziyadnz/hourly-ipv4,blocklist.de|imap|pop3|brute-force|spam|mail|ziyadnz|hourly,2026-08-17T18:48:05Z,2026-08-17T18:48:05Z,
93.118.169.27,ipv4,imap-attack,high,WHITE,blocklist.de/imap|blocklist.de/all|blocklist.de/mail|ziyadnz/hourly-ipv4,blocklist.de|imap|pop3|brute-force|spam|mail|ziyadnz|hourly,2026-08-17T18:48:05Z,2026-08-17T18:48:05Z,
93.118.170.197,ipv4,imap-attack,high,WHITE,blocklist.de/imap|blocklist.de/all|blocklist.de/mail|ziyadnz/hourly-ipv4,blocklist.de|imap|pop3|brute-force|spam|mail|ziyadnz|hourly,2026-08-17T18:48:05Z,2026-08-17T18:48:05Z,
93.177.103.233,ipv4,imap-attack,high,WHITE,blocklist.de/imap|blocklist.de/all|blocklist.de/mail|ziyadnz/hourly-ipv4,blocklist.de|imap|pop3|brute-force|spam|mail|ziyadnz|hourly,2026-08-17T18:48:05Z,2026-08-17T18:48:05Z,
93.177.99.236,ipv4,imap-attack,high,WHITE,blocklist.de/imap|blocklist.de/all|blocklist.de/mail|ziyadnz/hourly-ipv4,blocklist.de|imap|pop3|brute-force|spam|mail|ziyadnz|hourly,2026-08-17T18:48:05Z,2026-08-17T18:48:05Z,
93.210.106.212,ipv4,imap-attack,high,WHITE,blocklist.de/imap|blocklist.de/all|blocklist.de/mail,blocklist.de|imap|pop3|brute-force|spam|mail|ziyadnz|hourly,2026-08-17T18:48:05Z,2026-08-17T18:48:05Z,
93.4.16.74,ipv4,imap-attack,high,WHITE,blocklist.de/imap|blocklist.de/all|blocklist.de/mail|ziyadnz/hourly-ipv4,blocklist.de|imap|pop3|brute-force|spam|mail|ziyadnz|hourly,2026-08-17T18:48:05Z,2026-08-17T18:48:05Z,
93.42.210.150,ipv4,imap-attack,high,WHITE,blocklist.de/imap|blocklist.de/all|blocklist.de/mail|ziyadnz/hourly-ipv4,blocklist.de|imap|pop3|brute-force|spam|mail|ziyadnz|hourly,2026-08-17T18:48:05Z,2026-08-17T18:48:05Z,
93.51.226.101,ipv4,imap-attack,high,WHITE,blocklist.de/imap|blocklist.de/all|blocklist.de/mail|ziyadnz/hourly-ipv4,blocklist.de|imap|pop3|brute-force|spam|mail|ziyadnz|hourly,2026-08-17T18:48:05Z,2026-08-17T18:48:05Z,
93.95.241.150,ipv4,imap-attack,high,WHITE,blocklist.de/imap|blocklist.de/all|blocklist.de/mail|ziyadnz/hourly-ipv4,blocklist.de|imap|pop3|brute-force|spam|mail|ziyadnz|hourly,2026-08-17T18:48:05Z,2026-08-17T18:48:05Z,
94.132.207.12,ipv4,imap-attack,high,WHITE,blocklist.de/imap|blocklist.de/all|blocklist.de/mail|ziyadnz/hourly-ipv4,blocklist.de|imap|pop3|brute-force|spam|mail|ziyadnz|hourly,2026-08-17T18:48:05Z,2026-08-17T18:48:05Z,
94.154.24.3,ipv4,imap-attack,high,WHITE,blocklist.de/imap|blocklist.de/all|blocklist.de/mail|ziyadnz/hourly-ipv4,blocklist.de|imap|pop3|brute-force|spam|mail|ziyadnz|hourly,2026-08-17T18:48:05Z,2026-08-17T18:48:05Z,
94.168.114.250,ipv4,imap-attack,high,WHITE,blocklist.de/imap|blocklist.de/all|blocklist.de/mail|ziyadnz/hourly-ipv4,blocklist.de|imap|pop3|brute-force|spam|mail|ziyadnz|hourly,2026-08-17T18:48:05Z,2026-08-17T18:48:05Z,
94.168.122.154,ipv4,imap-attack,high,WHITE,blocklist.de/imap|blocklist.de/all|blocklist.de/mail|ziyadnz/hourly-ipv4,blocklist.de|imap|pop3|brute-force|spam|mail|ziyadnz|hourly,2026-08-17T18:48:05Z,2026-08-17T18:48:05Z,
94.17.16.42,ipv4,imap-attack,high,WHITE,blocklist.de/imap|blocklist.de/all|blocklist.de/mail|ziyadnz/hourly-ipv4,blocklist.de|imap|pop3|brute-force|spam|mail|ziyadnz|hourly,2026-08-17T18:48:05Z,2026-08-17T18:48:05Z,
94.177.137.75,ipv4,imap-attack,high,WHITE,blocklist.de/imap|blocklist.de/all|blocklist.de/mail|ziyadnz/hourly-ipv4,blocklist.de|imap|pop3|brute-force|spam|mail|ziyadnz|hourly,2026-08-17T18:48:05Z,2026-08-17T18:48:05Z,
94.187.18.143,ipv4,imap-attack,high,WHITE,blocklist.de/imap|blocklist.de/all|blocklist.de/mail|ziyadnz/hourly-ipv4,blocklist.de|imap|pop3|brute-force|spam|mail|ziyadnz|hourly,2026-08-17T18:48:05Z,2026-08-17T18:48:05Z,
94.191.86.165,ipv4,imap-attack,high,WHITE,blocklist.de/imap|blocklist.de/all|blocklist.de/mail|ziyadnz/hourly-ipv4,blocklist.de|imap|pop3|brute-force|spam|mail|ziyadnz|hourly,2026-08-17T18:48:05Z,2026-08-17T18:48:05Z,
94.200.95.18,ipv4,imap-attack,high,WHITE,blocklist.de/imap|blocklist.de/all|blocklist.de/mail|ziyadnz/hourly-ipv4,blocklist.de|imap|pop3|brute-force|spam|mail|ziyadnz|hourly,2026-08-17T18:48:05Z,2026-08-17T18:48:05Z,
94.204.212.135,ipv4,imap-attack,high,WHITE,blocklist.de/imap|blocklist.de/all|blocklist.de/mail|ziyadnz/hourly-ipv4,blocklist.de|imap|pop3|brute-force|spam|mail|ziyadnz|hourly,2026-08-17T18:48:05Z,2026-08-17T18:48:05Z,
94.205.250.78,ipv4,imap-attack,high,WHITE,blocklist.de/imap|blocklist.de/all|blocklist.de/mail|ziyadnz/hourly-ipv4,blocklist.de|imap|pop3|brute-force|spam|mail|ziyadnz|hourly,2026-08-17T18:48:05Z,2026-08-17T18:48:05Z,
94.232.25.192,ipv4,imap-attack,high,WHITE,blocklist.de/imap|blocklist.de/all|blocklist.de/mail|ziyadnz/hourly-ipv4,blocklist.de|imap|pop3|brute-force|spam|mail|ziyadnz|hourly,2026-08-17T18:48:05Z,2026-08-17T18:48:05Z,
94.249.49.60,ipv4,imap-attack,high,WHITE,blocklist.de/imap|blocklist.de/all|blocklist.de/mail|ziyadnz/hourly-ipv4,blocklist.de|imap|pop3|brute-force|spam|mail|ziyadnz|hourly,2026-08-17T18:48:05Z,2026-08-17T18:48:05Z,
94.255.245.175,ipv4,imap-attack,high,WHITE,blocklist.de/imap|blocklist.de/all|blocklist.de/mail|ziyadnz/hourly-ipv4,blocklist.de|imap|pop3|brute-force|spam|mail|ziyadnz|hourly,2026-08-17T18:48:05Z,2026-08-17T18:48:05Z,
94.26.130.173,ipv4,imap-attack,high,WHITE,blocklist.de/imap|blocklist.de/all|blocklist.de/mail|ziyadnz/hourly-ipv4,blocklist.de|imap|pop3|brute-force|spam|mail|ziyadnz|hourly,2026-08-17T18:48:05Z,2026-08-17T18:48:05Z,
94.61.159.91,ipv4,imap-attack,high,WHITE,blocklist.de/imap|blocklist.de/all|blocklist.de/mail|ziyadnz/hourly-ipv4,blocklist.de|imap|pop3|brute-force|spam|mail|ziyadnz|hourly,2026-08-17T18:48:05Z,2026-08-17T18:48:05Z,
94.72.35.226,ipv4,imap-attack,high,WHITE,blocklist.de/imap|blocklist.de/all|blocklist.de/mail|ziyadnz/hourly-ipv4,blocklist.de|imap|pop3|brute-force|spam|mail|ziyadnz|hourly,2026-08-17T18:48:05Z,2026-08-17T18:48:05Z,
94.78.89.20,ipv4,imap-attack,high,WHITE,blocklist.de/imap|blocklist.de/all|blocklist.de/mail|ziyadnz/hourly-ipv4,blocklist.de|imap|pop3|brute-force|spam|mail|ziyadnz|hourly,2026-08-17T18:48:05Z,2026-08-17T18:48:05Z,
94.78.89.26,ipv4,imap-attack,high,WHITE,blocklist.de/imap|blocklist.de/all|blocklist.de/mail|ziyadnz/hourly-ipv4,blocklist.de|imap|pop3|brute-force|spam|mail|ziyadnz|hourly,2026-08-17T18:48:05Z,2026-08-17T18:48:05Z,
94.78.89.29,ipv4,imap-attack,high,WHITE,blocklist.de/imap|blocklist.de/all|blocklist.de/mail|ziyadnz/hourly-ipv4,blocklist.de|imap|pop3|brute-force|spam|mail|ziyadnz|hourly,2026-08-17T18:48:05Z,2026-08-17T18:48:05Z,
94.78.89.54,ipv4,imap-attack,high,WHITE,blocklist.de/imap|blocklist.de/all|blocklist.de/mail|ziyadnz/hourly-ipv4,blocklist.de|imap|pop3|brute-force|spam|mail|ziyadnz|hourly,2026-08-17T18:48:05Z,2026-08-17T18:48:05Z,
95.0.171.203,ipv4,imap-attack,high,WHITE,blocklist.de/imap|blocklist.de/all|blocklist.de/mail|ziyadnz/hourly-ipv4,blocklist.de|imap|pop3|brute-force|spam|mail|ziyadnz|hourly,2026-08-17T18:48:05Z,2026-08-17T18:48:05Z,
95.0.171.225,ipv4,imap-attack,high,WHITE,blocklist.de/imap|blocklist.de/all|blocklist.de/mail|ziyadnz/hourly-ipv4,blocklist.de|imap|pop3|brute-force|spam|mail|ziyadnz|hourly,2026-08-17T18:48:05Z,2026-08-17T18:48:05Z,
95.0.215.189,ipv4,imap-attack,high,WHITE,blocklist.de/imap|blocklist.de/all|blocklist.de/mail|ziyadnz/hourly-ipv4,blocklist.de|imap|pop3|brute-force|spam|mail|ziyadnz|hourly,2026-08-17T18:48:05Z,2026-08-17T18:48:05Z,
95.0.32.102,ipv4,imap-attack,high,WHITE,blocklist.de/imap|blocklist.de/all|blocklist.de/mail|ziyadnz/hourly-ipv4,blocklist.de|imap|pop3|brute-force|spam|mail|ziyadnz|hourly,2026-08-17T18:48:05Z,2026-08-17T18:48:05Z,
95.0.32.105,ipv4,imap-attack,high,WHITE,blocklist.de/imap|blocklist.de/all|blocklist.de/mail|ziyadnz/hourly-ipv4,blocklist.de|imap|pop3|brute-force|spam|mail|ziyadnz|hourly,2026-08-17T18:48:05Z,2026-08-17T18:48:05Z,
95.0.32.184,ipv4,imap-attack,high,WHITE,blocklist.de/imap|blocklist.de/all|blocklist.de/mail|ziyadnz/hourly-ipv4,blocklist.de|imap|pop3|brute-force|spam|mail|ziyadnz|hourly,2026-08-17T18:48:05Z,2026-08-17T18:48:05Z,
95.0.32.188,ipv4,imap-attack,high,WHITE,blocklist.de/imap|blocklist.de/all|blocklist.de/mail|ziyadnz/hourly-ipv4,blocklist.de|imap|pop3|brute-force|spam|mail|ziyadnz|hourly,2026-08-17T18:48:05Z,2026-08-17T18:48:05Z,
95.0.32.227,ipv4,imap-attack,high,WHITE,blocklist.de/imap|blocklist.de/all|blocklist.de/mail|ziyadnz/hourly-ipv4,blocklist.de|imap|pop3|brute-force|spam|mail|ziyadnz|hourly,2026-08-17T18:48:05Z,2026-08-17T18:48:05Z,
95.0.32.49,ipv4,imap-attack,high,WHITE,blocklist.de/imap|blocklist.de/all|blocklist.de/mail|ziyadnz/hourly-ipv4,blocklist.de|imap|pop3|brute-force|spam|mail|ziyadnz|hourly,2026-08-17T18:48:05Z,2026-08-17T18:48:05Z,
95.105.52.153,ipv4,imap-attack,high,WHITE,blocklist.de/imap|blocklist.de/all|blocklist.de/mail|ziyadnz/hourly-ipv4,blocklist.de|imap|pop3|brute-force|spam|mail|ziyadnz|hourly,2026-08-17T18:48:05Z,2026-08-17T18:48:05Z,
95.140.123.4,ipv4,imap-attack,high,WHITE,blocklist.de/imap|blocklist.de/all|blocklist.de/mail|ziyadnz/hourly-ipv4,blocklist.de|imap|pop3|brute-force|spam|mail|ziyadnz|hourly,2026-08-17T18:48:05Z,2026-08-17T18:48:05Z,
95.155.228.189,ipv4,imap-attack,high,WHITE,blocklist.de/imap|blocklist.de/all|blocklist.de/mail|ziyadnz/hourly-ipv4,blocklist.de|imap|pop3|brute-force|spam|mail|ziyadnz|hourly,2026-08-17T18:48:05Z,2026-08-17T18:48:05Z,
95.165.159.70,ipv4,imap-attack,high,WHITE,blocklist.de/imap|blocklist.de/all|blocklist.de/mail|ziyadnz/hourly-ipv4,blocklist.de|imap|pop3|brute-force|spam|mail|ziyadnz|hourly,2026-08-17T18:48:05Z,2026-08-17T18:48:05Z,
95.209.141.145,ipv4,imap-attack,high,WHITE,blocklist.de/imap|blocklist.de/all|blocklist.de/mail|ziyadnz/hourly-ipv4,blocklist.de|imap|pop3|brute-force|spam|mail|ziyadnz|hourly,2026-08-17T18:48:05Z,2026-08-17T18:48:05Z,
95.210.105.202,ipv4,imap-attack,high,WHITE,blocklist.de/imap|blocklist.de/all|blocklist.de/mail|ziyadnz/hourly-ipv4,blocklist.de|imap|pop3|brute-force|spam|mail|ziyadnz|hourly,2026-08-17T18:48:05Z,2026-08-17T18:48:05Z,
95.220.46.175,ipv4,imap-attack,high,WHITE,blocklist.de/imap|blocklist.de/all|blocklist.de/mail|ziyadnz/hourly-ipv4,blocklist.de|imap|pop3|brute-force|spam|mail|ziyadnz|hourly,2026-08-17T18:48:05Z,2026-08-17T18:48:05Z,
95.31.161.46,ipv4,imap-attack,high,WHITE,blocklist.de/imap|blocklist.de/all|blocklist.de/mail|ziyadnz/hourly-ipv4,blocklist.de|imap|pop3|brute-force|spam|mail|ziyadnz|hourly,2026-08-17T18:48:05Z,2026-08-17T18:48:05Z,
95.35.24.125,ipv4,imap-attack,high,WHITE,blocklist.de/imap|blocklist.de/all|blocklist.de/mail|ziyadnz/hourly-ipv4,blocklist.de|imap|pop3|brute-force|spam|mail|ziyadnz|hourly,2026-08-17T18:48:05Z,2026-08-17T18:48:05Z,
95.35.50.15,ipv4,imap-attack,high,WHITE,blocklist.de/imap|blocklist.de/all|blocklist.de/mail|ziyadnz/hourly-ipv4,blocklist.de|imap|pop3|brute-force|spam|mail|ziyadnz|hourly,2026-08-17T18:48:05Z,2026-08-17T18:48:05Z,
95.8.5.222,ipv4,imap-attack,high,WHITE,blocklist.de/imap|blocklist.de/all|blocklist.de/mail|ziyadnz/hourly-ipv4,blocklist.de|imap|pop3|brute-force|spam|mail|ziyadnz|hourly,2026-08-17T18:48:05Z,2026-08-17T18:48:05Z,
95.82.7.89,ipv4,imap-attack,high,WHITE,blocklist.de/imap|blocklist.de/all|blocklist.de/mail|ziyadnz/hourly-ipv4,blocklist.de|imap|pop3|brute-force|spam|mail|ziyadnz|hourly,2026-08-17T18:48:05Z,2026-08-17T18:48:05Z,
95.82.89.30,ipv4,imap-attack,high,WHITE,blocklist.de/imap|blocklist.de/all|blocklist.de/mail|ziyadnz/hourly-ipv4,blocklist.de|imap|pop3|brute-force|spam|mail|ziyadnz|hourly,2026-08-17T18:48:05Z,2026-08-17T18:48:05Z,
95.84.137.185,ipv4,imap-attack,high,WHITE,blocklist.de/imap|blocklist.de/all|blocklist.de/mail|ziyadnz/hourly-ipv4,blocklist.de|imap|pop3|brute-force|spam|mail|ziyadnz|hourly,2026-08-17T18:48:05Z,2026-08-17T18:48:05Z,
95.93.169.230,ipv4,imap-attack,high,WHITE,blocklist.de/imap|blocklist.de/all|blocklist.de/mail|ziyadnz/hourly-ipv4,blocklist.de|imap|pop3|brute-force|spam|mail|ziyadnz|hourly,2026-08-17T18:48:05Z,2026-08-17T18:48:05Z,
95.97.111.202,ipv4,imap-attack,high,WHITE,blocklist.de/imap|blocklist.de/all|blocklist.de/mail|ziyadnz/hourly-ipv4,blocklist.de|imap|pop3|brute-force|spam|mail|ziyadnz|hourly,2026-08-17T18:48:05Z,2026-08-17T18:48:05Z,
95.97.203.134,ipv4,imap-attack,high,WHITE,blocklist.de/imap|blocklist.de/all|blocklist.de/mail|ziyadnz/hourly-ipv4,blocklist.de|imap|pop3|brute-force|spam|mail|ziyadnz|hourly,2026-08-17T18:48:05Z,2026-08-17T18:48:05Z,
95.97.203.206,ipv4,imap-attack,high,WHITE,blocklist.de/imap|blocklist.de/all|blocklist.de/mail|ziyadnz/hourly-ipv4,blocklist.de|imap|pop3|brute-force|spam|mail|ziyadnz|hourly,2026-08-17T18:48:05Z,2026-08-17T18:48:05Z,
95.97.25.198,ipv4,imap-attack,high,WHITE,blocklist.de/imap|blocklist.de/all|blocklist.de/mail|ziyadnz/hourly-ipv4,blocklist.de|imap|pop3|brute-force|spam|mail|ziyadnz|hourly,2026-08-17T18:48:05Z,2026-08-17T18:48:05Z,
96.3.254.21,ipv4,imap-attack,high,WHITE,blocklist.de/imap|blocklist.de/all|blocklist.de/mail|ziyadnz/hourly-ipv4,blocklist.de|imap|pop3|brute-force|spam|mail|ziyadnz|hourly,2026-08-17T18:48:05Z,2026-08-17T18:48:05Z,
97.211.176.59,ipv4,imap-attack,high,WHITE,blocklist.de/imap|blocklist.de/all|blocklist.de/mail|ziyadnz/hourly-ipv4,blocklist.de|imap|pop3|brute-force|spam|mail|ziyadnz|hourly,2026-08-17T18:48:05Z,2026-08-17T18:48:05Z,
97.213.135.251,ipv4,imap-attack,high,WHITE,blocklist.de/imap|blocklist.de/all|blocklist.de/mail|ziyadnz/hourly-ipv4,blocklist.de|imap|pop3|brute-force|spam|mail|ziyadnz|hourly,2026-08-17T18:48:05Z,2026-08-17T18:48:05Z,
98.122.215.23,ipv4,imap-attack,high,WHITE,blocklist.de/imap|blocklist.de/all|blocklist.de/mail|ziyadnz/hourly-ipv4,blocklist.de|imap|pop3|brute-force|spam|mail|ziyadnz|hourly,2026-08-17T18:48:05Z,2026-08-17T18:48:05Z,
98.157.226.42,ipv4,imap-attack,high,WHITE,blocklist.de/imap|blocklist.de/all|blocklist.de/mail|ziyadnz/hourly-ipv4,blocklist.de|imap|pop3|brute-force|spam|mail|ziyadnz|hourly,2026-08-17T18:48:05Z,2026-08-17T18:48:05Z,
98.163.124.137,ipv4,imap-attack,high,WHITE,blocklist.de/imap|blocklist.de/all|blocklist.de/mail|ziyadnz/hourly-ipv4,blocklist.de|imap|pop3|brute-force|spam|mail|ziyadnz|hourly,2026-08-17T18:48:05Z,2026-08-17T18:48:05Z,
98.163.124.139,ipv4,imap-attack,high,WHITE,blocklist.de/imap|blocklist.de/all|blocklist.de/mail|ziyadnz/hourly-ipv4,blocklist.de|imap|pop3|brute-force|spam|mail|ziyadnz|hourly,2026-08-17T18:48:05Z,2026-08-17T18:48:05Z,
98.163.124.141,ipv4,imap-attack,high,WHITE,blocklist.de/imap|blocklist.de/all|blocklist.de/mail|ziyadnz/hourly-ipv4,blocklist.de|imap|pop3|brute-force|spam|mail|ziyadnz|hourly,2026-08-17T18:48:05Z,2026-08-17T18:48:05Z,
98.163.124.144,ipv4,imap-attack,high,WHITE,blocklist.de/imap|blocklist.de/all|blocklist.de/mail|ziyadnz/hourly-ipv4,blocklist.de|imap|pop3|brute-force|spam|mail|ziyadnz|hourly,2026-08-17T18:48:05Z,2026-08-17T18:48:05Z,
98.163.124.145,ipv4,imap-attack,high,WHITE,blocklist.de/imap|blocklist.de/all|blocklist.de/mail|ziyadnz/hourly-ipv4,blocklist.de|imap|pop3|brute-force|spam|mail|ziyadnz|hourly,2026-08-17T18:48:05Z,2026-08-17T18:48:05Z,
98.168.101.144,ipv4,imap-attack,high,WHITE,blocklist.de/imap|blocklist.de/all|blocklist.de/mail|ziyadnz/hourly-ipv4,blocklist.de|imap|pop3|brute-force|spam|mail|ziyadnz|hourly,2026-08-17T18:48:05Z,2026-08-17T18:48:05Z,
98.174.36.230,ipv4,imap-attack,high,WHITE,blocklist.de/imap|blocklist.de/all|blocklist.de/mail|ziyadnz/hourly-ipv4,blocklist.de|imap|pop3|brute-force|spam|mail|ziyadnz|hourly,2026-08-17T18:48:05Z,2026-08-17T18:48:05Z,
98.174.39.113,ipv4,imap-attack,high,WHITE,blocklist.de/imap|blocklist.de/all|blocklist.de/mail|ziyadnz/hourly-ipv4,blocklist.de|imap|pop3|brute-force|spam|mail|ziyadnz|hourly,2026-08-17T18:48:05Z,2026-08-17T18:48:05Z,
98.174.39.23,ipv4,imap-attack,high,WHITE,blocklist.de/imap|blocklist.de/all|blocklist.de/mail|ziyadnz/hourly-ipv4,blocklist.de|imap|pop3|brute-force|spam|mail|ziyadnz|hourly,2026-08-17T18:48:05Z,2026-08-17T18:48:05Z,
98.174.39.246,ipv4,imap-attack,high,WHITE,blocklist.de/imap|blocklist.de/all|blocklist.de/mail|ziyadnz/hourly-ipv4,blocklist.de|imap|pop3|brute-force|spam|mail|ziyadnz|hourly,2026-08-17T18:48:05Z,2026-08-17T18:48:05Z,
98.174.39.252,ipv4,imap-attack,high,WHITE,blocklist.de/imap|blocklist.de/all|blocklist.de/mail|ziyadnz/hourly-ipv4,blocklist.de|imap|pop3|brute-force|spam|mail|ziyadnz|hourly,2026-08-17T18:48:05Z,2026-08-17T18:48:05Z,
98.174.61.78,ipv4,imap-attack,high,WHITE,blocklist.de/imap|blocklist.de/all|blocklist.de/mail|ziyadnz/hourly-ipv4,blocklist.de|imap|pop3|brute-force|spam|mail|ziyadnz|hourly,2026-08-17T18:48:05Z,2026-08-17T18:48:05Z,
98.175.32.237,ipv4,imap-attack,high,WHITE,blocklist.de/imap|blocklist.de/all|blocklist.de/mail|ziyadnz/hourly-ipv4,blocklist.de|imap|pop3|brute-force|spam|mail|ziyadnz|hourly,2026-08-17T18:48:05Z,2026-08-17T18:48:05Z,
98.175.41.170,ipv4,imap-attack,high,WHITE,blocklist.de/imap|blocklist.de/all|blocklist.de/mail|ziyadnz/hourly-ipv4,blocklist.de|imap|pop3|brute-force|spam|mail|ziyadnz|hourly,2026-08-17T18:48:05Z,2026-08-17T18:48:05Z,
98.180.242.243,ipv4,imap-attack,high,WHITE,blocklist.de/imap|blocklist.de/all|blocklist.de/mail|ziyadnz/hourly-ipv4,blocklist.de|imap|pop3|brute-force|spam|mail|ziyadnz|hourly,2026-08-17T18:48:05Z,2026-08-17T18:48:05Z,
98.188.47.132,ipv4,imap-attack,high,WHITE,blocklist.de/imap|blocklist.de/all|blocklist.de/mail|ziyadnz/hourly-ipv4,blocklist.de|imap|pop3|brute-force|spam|mail|ziyadnz|hourly,2026-08-17T18:48:05Z,2026-08-17T18:48:05Z,
98.190.61.247,ipv4,imap-attack,high,WHITE,blocklist.de/imap|blocklist.de/all|blocklist.de/mail|ziyadnz/hourly-ipv4,blocklist.de|imap|pop3|brute-force|spam|mail|ziyadnz|hourly,2026-08-17T18:48:05Z,2026-08-17T18:48:05Z,
98.190.61.254,ipv4,imap-attack,high,WHITE,blocklist.de/imap|blocklist.de/all|blocklist.de/mail|ziyadnz/hourly-ipv4,blocklist.de|imap|pop3|brute-force|spam|mail|ziyadnz|hourly,2026-08-17T18:48:05Z,2026-08-17T18:48:05Z,
98.238.227.113,ipv4,imap-attack,high,WHITE,blocklist.de/imap|blocklist.de/all|blocklist.de/mail|ziyadnz/hourly-ipv4,blocklist.de|imap|pop3|brute-force|spam|mail|ziyadnz|hourly,2026-08-17T18:48:05Z,2026-08-17T18:48:05Z,
99.114.206.57,ipv4,imap-attack,high,WHITE,blocklist.de/imap|blocklist.de/all|blocklist.de/mail|ziyadnz/hourly-ipv4,blocklist.de|imap|pop3|brute-force|spam|mail|ziyadnz|hourly,2026-08-17T18:48:05Z,2026-08-17T18:48:05Z,
99.114.206.61,ipv4,imap-attack,high,WHITE,blocklist.de/imap|blocklist.de/all|blocklist.de/mail|ziyadnz/hourly-ipv4,blocklist.de|imap|pop3|brute-force|spam|mail|ziyadnz|hourly,2026-08-17T18:48:05Z,2026-08-17T18:48:05Z,
99.248.116.219,ipv4,imap-attack,high,WHITE,blocklist.de/imap|blocklist.de/all|blocklist.de/mail|ziyadnz/hourly-ipv4,blocklist.de|imap|pop3|brute-force|spam|mail|ziyadnz|hourly,2026-08-17T18:48:05Z,2026-08-17T18:48:05Z,
1165e.com,domain,threat,low,WHITE,alphamountain/community-threat,alphamountain,2026-08-17T18:48:05Z,2026-08-17T18:48:05Z,alphamountain score: 9.34
26333v.com,domain,threat,low,WHITE,alphamountain/community-threat,alphamountain,2026-08-17T18:48:05Z,2026-08-17T18:48:05Z,alphamountain score: 9.29
buy.whatapp-faq.hl.cn,domain,threat,low,WHITE,alphamountain/community-threat,alphamountain,2026-08-17T18:48:05Z,2026-08-17T18:48:05Z,alphamountain score: 8.81
collective-jade-awsgg7taug-sf5hgzhvph.edgeone.app,domain,threat,low,WHITE,alphamountain/community-threat,alphamountain,2026-08-17T18:48:05Z,2026-08-17T18:48:05Z,alphamountain score: 9.25
fisio4-pariatur76.sbs,domain,threat,low,WHITE,alphamountain/community-threat,alphamountain,2026-08-17T18:48:05Z,2026-08-17T18:48:05Z,alphamountain score: 8.75
hhhh195.com,domain,threat,low,WHITE,alphamountain/community-threat,alphamountain,2026-08-17T18:48:05Z,2026-08-17T18:48:05Z,alphamountain score: 8.58
hubftme2026.com,domain,threat,low,WHITE,alphamountain/community-threat,alphamountain,2026-08-17T18:48:05Z,2026-08-17T18:48:05Z,alphamountain score: 7.52
hxutz1.fxnnjakh.cc,domain,threat,low,WHITE,alphamountain/community-threat,alphamountain,2026-08-17T18:48:05Z,2026-08-17T18:48:05Z,alphamountain score: 9.17
io-trezor-start.blogspot.fi,domain,threat,low,WHITE,alphamountain/community-threat,alphamountain,2026-08-17T18:48:05Z,2026-08-17T18:48:05Z,alphamountain score: 8.9
ledgerr-liive-download.blogspot.hr,domain,threat,low,WHITE,alphamountain/community-threat,alphamountain,2026-08-17T18:48:05Z,2026-08-17T18:48:05Z,alphamountain score: 9.11
lmasb.es,domain,threat,low,WHITE,alphamountain/community-threat,alphamountain,2026-08-17T18:48:05Z,2026-08-17T18:48:05Z,alphamountain score: 9.15
lokalna-067.sbs,domain,threat,low,WHITE,alphamountain/community-threat,alphamountain,2026-08-17T18:48:05Z,2026-08-17T18:48:05Z,alphamountain score: 9.21
mcafeescurty.blogspot.ru,domain,threat,low,WHITE,alphamountain/community-threat,alphamountain,2026-08-17T18:48:05Z,2026-08-17T18:48:05Z,alphamountain score: 9.25
n1428.com,domain,threat,low,WHITE,alphamountain/community-threat,alphamountain,2026-08-17T18:48:05Z,2026-08-17T18:48:05Z,alphamountain score: 7.52
navose.sbs,domain,threat,low,WHITE,alphamountain/community-threat,alphamountain,2026-08-17T18:48:05Z,2026-08-17T18:48:05Z,alphamountain score: 9.32
netflix-access.blogspot.mk,domain,threat,low,WHITE,alphamountain/community-threat,alphamountain,2026-08-17T18:48:05Z,2026-08-17T18:48:05Z,alphamountain score: 9.25
notexistsdefault.tg.bios.shawnbishop.com,domain,threat,low,WHITE,alphamountain/community-threat,alphamountain,2026-08-17T18:48:05Z,2026-08-17T18:48:05Z,alphamountain score: 9.14
notexistsdoc.tg.bios.shawnbishop.com,domain,threat,low,WHITE,alphamountain/community-threat,alphamountain,2026-08-17T18:48:05Z,2026-08-17T18:48:05Z,alphamountain score: 9.26
o3cld8dh.tdkspu.com,domain,threat,low,WHITE,alphamountain/community-threat,alphamountain,2026-08-17T18:48:05Z,2026-08-17T18:48:05Z,alphamountain score: 9.26
offfeed529-yxdt.blogspot.in,domain,threat,low,WHITE,alphamountain/community-threat,alphamountain,2026-08-17T18:48:05Z,2026-08-17T18:48:05Z,alphamountain score: 9.25
osk9vrnj.usa-us-goldalign.com,domain,threat,low,WHITE,alphamountain/community-threat,alphamountain,2026-08-17T18:48:05Z,2026-08-17T18:48:05Z,alphamountain score: 9.2
ph9355.com,domain,threat,low,WHITE,alphamountain/community-threat,alphamountain,2026-08-17T18:48:05Z,2026-08-17T18:48:05Z,alphamountain score: 7.66
sp3ct-kirvek-biz8-rolqas-hunem.pages.dev,domain,threat,low,WHITE,alphamountain/community-threat,alphamountain,2026-08-17T18:48:05Z,2026-08-17T18:48:05Z,alphamountain score: 9.92
testifriendster.blogspot.rs,domain,threat,low,WHITE,alphamountain/community-threat,alphamountain,2026-08-17T18:48:05Z,2026-08-17T18:48:05Z,alphamountain score: 9.25
wellsfargologin.blogspot.mx,domain,threat,low,WHITE,alphamountain/community-threat,alphamountain,2026-08-17T18:48:05Z,2026-08-17T18:48:05Z,alphamountain score: 9.33
whatapp-faq.hl.cn,domain,threat,low,WHITE,alphamountain/community-threat,alphamountain,2026-08-17T18:48:05Z,2026-08-17T18:48:05Z,alphamountain score: 9.33
yadtqj.work,domain,threat,low,WHITE,alphamountain/community-threat,alphamountain,2026-08-17T18:48:05Z,2026-08-17T18:48:05Z,alphamountain score: 9.33
zonelog605-dqbo.blogspot.com.ar,domain,threat,low,WHITE,alphamountain/community-threat,alphamountain,2026-08-17T18:48:05Z,2026-08-17T18:48:05Z,alphamountain score: 9.25
wwwinfobonus-danagratis.vercel.app,domain,threat,low,WHITE,alphamountain/community-threat,alphamountain,2026-08-17T18:48:05Z,2026-08-17T18:48:05Z,alphamountain score: 9.16
hujdz1.shdeknpny.cc,domain,threat,low,WHITE,alphamountain/community-threat,alphamountain,2026-08-17T18:48:05Z,2026-08-17T18:48:05Z,alphamountain score: 7.58
611838.cc,domain,threat,low,WHITE,alphamountain/community-threat,alphamountain,2026-08-17T18:48:05Z,2026-08-17T18:48:05Z,alphamountain score: 9.19
cuzovo.cfd,domain,threat,low,WHITE,alphamountain/community-threat,alphamountain,2026-08-17T18:48:05Z,2026-08-17T18:48:05Z,alphamountain score: 9.24
xspectar.info,domain,threat,low,WHITE,alphamountain/community-threat,alphamountain,2026-08-17T18:48:05Z,2026-08-17T18:48:05Z,alphamountain score: 7.59
tr.slotbar-2026girislerii.icu,domain,threat,low,WHITE,alphamountain/community-threat,alphamountain,2026-08-17T18:48:05Z,2026-08-17T18:48:05Z,alphamountain score: 7.58
neoacimmal.rest,domain,threat,low,WHITE,alphamountain/community-threat,alphamountain,2026-08-17T18:48:05Z,2026-08-17T18:48:05Z,alphamountain score: 7.19
ez10001h8o0p5x1108vezk9cw8fg1niewbvx90mes4aar4x7fn5dv.vercel.app,domain,threat,low,WHITE,alphamountain/community-threat,alphamountain,2026-08-17T18:48:05Z,2026-08-17T18:48:05Z,alphamountain score: 9.29
hxutz1.kvgarpxsm.cc,domain,threat,low,WHITE,alphamountain/community-threat,alphamountain,2026-08-17T18:48:05Z,2026-08-17T18:48:05Z,alphamountain score: 7.58
ad.nlqpnuezk.cc,domain,threat,low,WHITE,alphamountain/community-threat,alphamountain,2026-08-17T18:48:05Z,2026-08-17T18:48:05Z,alphamountain score: 7.63
www-att-bellsouth-verifier-8304e8.webflow.io,domain,threat,low,WHITE,alphamountain/community-threat,alphamountain,2026-08-17T18:48:05Z,2026-08-17T18:48:05Z,alphamountain score: 9.21
torsega.icu,domain,threat,low,WHITE,alphamountain/community-threat,alphamountain,2026-08-17T18:48:05Z,2026-08-17T18:48:05Z,alphamountain score: 9.31
madhvisaharan01.github.io,domain,threat,low,WHITE,alphamountain/community-threat,alphamountain,2026-08-17T18:48:05Z,2026-08-17T18:48:05Z,alphamountain score: 8.69
dazzling-kleicha-e776e9.netlify.app,domain,threat,low,WHITE,alphamountain/community-threat,alphamountain,2026-08-17T18:48:05Z,2026-08-17T18:48:05Z,alphamountain score: 9.16
h3q6z4.kvgarpxsm.cc,domain,threat,low,WHITE,alphamountain/community-threat,alphamountain,2026-08-17T18:48:05Z,2026-08-17T18:48:05Z,alphamountain score: 7.58
ddoenq.com,domain,threat,low,WHITE,alphamountain/community-threat,alphamountain,2026-08-17T18:48:05Z,2026-08-17T18:48:05Z,alphamountain score: 9.29
momonyako.ccwu.cc,domain,threat,low,WHITE,alphamountain/community-threat,alphamountain,2026-08-17T18:48:05Z,2026-08-17T18:48:05Z,alphamountain score: 7.61
extra.dgi-aspiretalentforge.cfd,domain,threat,low,WHITE,alphamountain/community-threat,alphamountain,2026-08-17T18:48:05Z,2026-08-17T18:48:05Z,alphamountain score: 7.61
hoki98.co,domain,threat,low,WHITE,alphamountain/community-threat,alphamountain,2026-08-17T18:48:05Z,2026-08-17T18:48:05Z,alphamountain score: 7.61
162005.c6081n7.cc,domain,threat,low,WHITE,alphamountain/community-threat,alphamountain,2026-08-17T18:48:05Z,2026-08-17T18:48:05Z,alphamountain score: 7.58
secure-login-facebook.bolt.host,domain,threat,low,WHITE,alphamountain/community-threat,alphamountain,2026-08-17T18:48:05Z,2026-08-17T18:48:05Z,alphamountain score: 9.28
tanviborkar2028.github.io,domain,threat,low,WHITE,alphamountain/community-threat,alphamountain,2026-08-17T18:48:05Z,2026-08-17T18:48:05Z,alphamountain score: 8.69
xv3.lg8ems.top,domain,threat,low,WHITE,alphamountain/community-threat,alphamountain,2026-08-17T18:48:05Z,2026-08-17T18:48:05Z,alphamountain score: 9.33
wisgulo.icu,domain,threat,low,WHITE,alphamountain/community-threat,alphamountain,2026-08-17T18:48:05Z,2026-08-17T18:48:05Z,alphamountain score: 9.27
tycg229.com,domain,threat,low,WHITE,alphamountain/community-threat,alphamountain,2026-08-17T18:48:05Z,2026-08-17T18:48:05Z,alphamountain score: 7.63
f0bl479l2b1.slack-mcps.com,domain,threat,low,WHITE,alphamountain/community-threat,alphamountain,2026-08-17T18:48:05Z,2026-08-17T18:48:05Z,alphamountain score: 7.59
polwex.cc,domain,threat,low,WHITE,alphamountain/community-threat,alphamountain,2026-08-17T18:48:05Z,2026-08-17T18:48:05Z,alphamountain score: 7.58
3fze7.com,domain,threat,low,WHITE,alphamountain/community-threat,alphamountain,2026-08-17T18:48:05Z,2026-08-17T18:48:05Z,alphamountain score: 7.55
0v7d1.shdeknpny.cc,domain,threat,low,WHITE,alphamountain/community-threat,alphamountain,2026-08-17T18:48:05Z,2026-08-17T18:48:05Z,alphamountain score: 7.58
idpkg840-ntwk.blogspot.com.au,domain,threat,low,WHITE,alphamountain/community-threat,alphamountain,2026-08-17T18:48:05Z,2026-08-17T18:48:05Z,alphamountain score: 9.09
spyinsta.cc,domain,threat,low,WHITE,alphamountain/community-threat,alphamountain,2026-08-17T18:48:05Z,2026-08-17T18:48:05Z,alphamountain score: 7.61
casino4784gq.buzz,domain,threat,low,WHITE,alphamountain/community-threat,alphamountain,2026-08-17T18:48:05Z,2026-08-17T18:48:05Z,alphamountain score: 7.58
jmd92400.github.io,domain,threat,low,WHITE,alphamountain/community-threat,alphamountain,2026-08-17T18:48:05Z,2026-08-17T18:48:05Z,alphamountain score: 9.28
annual.ckoidelwg.cc,domain,threat,low,WHITE,alphamountain/community-threat,alphamountain,2026-08-17T18:48:05Z,2026-08-17T18:48:05Z,alphamountain score: 7.58
heyysizzii.github.io,domain,threat,low,WHITE,alphamountain/community-threat,alphamountain,2026-08-17T18:48:05Z,2026-08-17T18:48:05Z,alphamountain score: 8.69
maxsoru.com,domain,threat,low,WHITE,alphamountain/community-threat,alphamountain,2026-08-17T18:48:05Z,2026-08-17T18:48:05Z,alphamountain score: 9.18
lg8ems.top,domain,threat,low,WHITE,alphamountain/community-threat,alphamountain,2026-08-17T18:48:05Z,2026-08-17T18:48:05Z,alphamountain score: 7.69
zhkilmmfyuvtc7q1effysmlxxe3ifpkrypsf19-cg1108s.vercel.app,domain,threat,low,WHITE,alphamountain/community-threat,alphamountain,2026-08-17T18:48:05Z,2026-08-17T18:48:05Z,alphamountain score: 9.31
vanitasikhwal-214.github.io,domain,threat,low,WHITE,alphamountain/community-threat,alphamountain,2026-08-17T18:48:05Z,2026-08-17T18:48:05Z,alphamountain score: 9.19
zgmvkzl.cn,domain,threat,low,WHITE,alphamountain/community-threat,alphamountain,2026-08-17T18:48:05Z,2026-08-17T18:48:05Z,alphamountain score: 7.65
qweri.buzz,domain,threat,low,WHITE,alphamountain/community-threat,alphamountain,2026-08-17T18:48:05Z,2026-08-17T18:48:05Z,alphamountain score: 7.58
pogodavetersolntse.icu,domain,threat,low,WHITE,alphamountain/community-threat,alphamountain,2026-08-17T18:48:05Z,2026-08-17T18:48:05Z,alphamountain score: 7.61
digital-next.cc,domain,threat,low,WHITE,alphamountain/community-threat,alphamountain,2026-08-17T18:48:05Z,2026-08-17T18:48:05Z,alphamountain score: 7.54
5qutp.kvgarpxsm.cc,domain,threat,low,WHITE,alphamountain/community-threat,alphamountain,2026-08-17T18:48:05Z,2026-08-17T18:48:05Z,alphamountain score: 7.58
shiro1x210.github.io,domain,threat,low,WHITE,alphamountain/community-threat,alphamountain,2026-08-17T18:48:05Z,2026-08-17T18:48:05Z,alphamountain score: 9.28
keidne.com,domain,threat,low,WHITE,alphamountain/community-threat,alphamountain,2026-08-17T18:48:05Z,2026-08-17T18:48:05Z,alphamountain score: 9.29
h3qxz3.kvgarpxsm.cc,domain,threat,low,WHITE,alphamountain/community-threat,alphamountain,2026-08-17T18:48:05Z,2026-08-17T18:48:05Z,alphamountain score: 7.58
uzrituzi.ju.mp,domain,threat,low,WHITE,alphamountain/community-threat,alphamountain,2026-08-17T18:48:05Z,2026-08-17T18:48:05Z,alphamountain score: 7.47
trxbuy.cc,domain,threat,low,WHITE,alphamountain/community-threat,alphamountain,2026-08-17T18:48:05Z,2026-08-17T18:48:05Z,alphamountain score: 7.58
d73667468191919.dogplz.com,domain,threat,low,WHITE,alphamountain/community-threat,alphamountain,2026-08-17T18:48:05Z,2026-08-17T18:48:05Z,alphamountain score: 7.65
0q9gl.kvgarpxsm.cc,domain,threat,low,WHITE,alphamountain/community-threat,alphamountain,2026-08-17T18:48:05Z,2026-08-17T18:48:05Z,alphamountain score: 7.58
75c8k.kvgarpxsm.cc,domain,threat,low,WHITE,alphamountain/community-threat,alphamountain,2026-08-17T18:48:05Z,2026-08-17T18:48:05Z,alphamountain score: 7.58
aksarahublabmove-dpkqayi39q0f.edgeone.app,domain,threat,low,WHITE,alphamountain/community-threat,alphamountain,2026-08-17T18:48:05Z,2026-08-17T18:48:05Z,alphamountain score: 9.13
jusnge-hf.xyz,domain,threat,low,WHITE,alphamountain/community-threat,alphamountain,2026-08-17T18:48:05Z,2026-08-17T18:48:05Z,alphamountain score: 7.58
harshavardhan1432.github.io,domain,threat,low,WHITE,alphamountain/community-threat,alphamountain,2026-08-17T18:48:05Z,2026-08-17T18:48:05Z,alphamountain score: 8.69
casino-12c.buzz,domain,threat,low,WHITE,alphamountain/community-threat,alphamountain,2026-08-17T18:48:05Z,2026-08-17T18:48:05Z,alphamountain score: 7.58
chosaiforoo.sa.com,domain,threat,low,WHITE,alphamountain/community-threat,alphamountain,2026-08-17T18:48:05Z,2026-08-17T18:48:05Z,alphamountain score: 9.31
badbunnydisneyplus-cpu.github.io,domain,threat,low,WHITE,alphamountain/community-threat,alphamountain,2026-08-17T18:48:05Z,2026-08-17T18:48:05Z,alphamountain score: 9.15
hu4bz1.kvgarpxsm.cc,domain,threat,low,WHITE,alphamountain/community-threat,alphamountain,2026-08-17T18:48:05Z,2026-08-17T18:48:05Z,alphamountain score: 7.58
hvexz5.kvgarpxsm.cc,domain,threat,low,WHITE,alphamountain/community-threat,alphamountain,2026-08-17T18:48:05Z,2026-08-17T18:48:05Z,alphamountain score: 7.58
mylifeflows.xyz,domain,threat,low,WHITE,alphamountain/community-threat,alphamountain,2026-08-17T18:48:05Z,2026-08-17T18:48:05Z,alphamountain score: 7.54
d1ug7u91u91kf5.ffebomrk.cc,domain,threat,low,WHITE,alphamountain/community-threat,alphamountain,2026-08-17T18:48:05Z,2026-08-17T18:48:05Z,alphamountain score: 9.15
ck.betgaranti-giris-giradresim.icu,domain,threat,low,WHITE,alphamountain/community-threat,alphamountain,2026-08-17T18:48:05Z,2026-08-17T18:48:05Z,alphamountain score: 7.61
d1ug7u91u91kf5.kvgarpxsm.cc,domain,threat,low,WHITE,alphamountain/community-threat,alphamountain,2026-08-17T18:48:05Z,2026-08-17T18:48:05Z,alphamountain score: 7.58
gghomesupport.online,domain,threat,low,WHITE,alphamountain/community-threat,alphamountain,2026-08-17T18:48:05Z,2026-08-17T18:48:05Z,alphamountain score: 9.25
konradissuesimperial.com,domain,threat,low,WHITE,alphamountain/community-threat,alphamountain,2026-08-17T18:48:05Z,2026-08-17T18:48:05Z,alphamountain score: 7.63
hellomatethismypagepleasejoin.vercel.app,domain,threat,low,WHITE,alphamountain/community-threat,alphamountain,2026-08-17T18:48:05Z,2026-08-17T18:48:05Z,alphamountain score: 9.33
sw9.lg8ems.top,domain,threat,low,WHITE,alphamountain/community-threat,alphamountain,2026-08-17T18:48:05Z,2026-08-17T18:48:05Z,alphamountain score: 9.31
amazonmytv-guide.github.io,domain,threat,low,WHITE,alphamountain/community-threat,alphamountain,2026-08-17T18:48:05Z,2026-08-17T18:48:05Z,alphamountain score: 9.23
kf84gbrtm5hzqkwwzlxvr5dq9jqm4jvimsf28-h11v.vercel.app,domain,threat,low,WHITE,alphamountain/community-threat,alphamountain,2026-08-17T18:48:05Z,2026-08-17T18:48:05Z,alphamountain score: 8.72
bahiscasino-anlik.icu,domain,threat,low,WHITE,alphamountain/community-threat,alphamountain,2026-08-17T18:48:05Z,2026-08-17T18:48:05Z,alphamountain score: 7.61
wmpacklist.cc,domain,threat,low,WHITE,alphamountain/community-threat,alphamountain,2026-08-17T18:48:05Z,2026-08-17T18:48:05Z,alphamountain score: 7.58
wellsfargologin.blogspot.it,domain,threat,low,WHITE,alphamountain/community-threat,alphamountain,2026-08-17T18:48:05Z,2026-08-17T18:48:05Z,alphamountain score: 9.09
gregoryx3e33.diowebhost.com,domain,threat,low,WHITE,alphamountain/community-threat,alphamountain,2026-08-17T18:48:05Z,2026-08-17T18:48:05Z,alphamountain score: 9.19
154.50.cq52445.bgplay.cn,domain,threat,low,WHITE,alphamountain/community-threat,alphamountain,2026-08-17T18:48:05Z,2026-08-17T18:48:05Z,alphamountain score: 7.6
hwvqz4.kvgarpxsm.cc,domain,threat,low,WHITE,alphamountain/community-threat,alphamountain,2026-08-17T18:48:05Z,2026-08-17T18:48:05Z,alphamountain score: 7.58
cuccesband.rest,domain,threat,low,WHITE,alphamountain/community-threat,alphamountain,2026-08-17T18:48:05Z,2026-08-17T18:48:05Z,alphamountain score: 7.19
be.vqhvhrdcv.cc,domain,threat,low,WHITE,alphamountain/community-threat,alphamountain,2026-08-17T18:48:05Z,2026-08-17T18:48:05Z,alphamountain score: 7.63
user3.exampletv.cc,domain,threat,low,WHITE,alphamountain/community-threat,alphamountain,2026-08-17T18:48:05Z,2026-08-17T18:48:05Z,alphamountain score: 7.58
cashtu.signincr.icu,domain,threat,low,WHITE,alphamountain/community-threat,alphamountain,2026-08-17T18:48:05Z,2026-08-17T18:48:05Z,alphamountain score: 7.61
awdjs.buzz,domain,threat,low,WHITE,alphamountain/community-threat,alphamountain,2026-08-17T18:48:05Z,2026-08-17T18:48:05Z,alphamountain score: 7.58
fidelity-investment.vercel.app,domain,threat,low,WHITE,alphamountain/community-threat,alphamountain,2026-08-17T18:48:05Z,2026-08-17T18:48:05Z,alphamountain score: 8.81
boss.gadigeppa.xyz,domain,threat,low,WHITE,alphamountain/community-threat,alphamountain,2026-08-17T18:48:05Z,2026-08-17T18:48:05Z,alphamountain score: 7.54
varitypistvermigrademonogynia.com,domain,threat,low,WHITE,alphamountain/community-threat,alphamountain,2026-08-17T18:48:05Z,2026-08-17T18:48:05Z,alphamountain score: 9.19
konigtools.xyz,domain,threat,low,WHITE,alphamountain/community-threat,alphamountain,2026-08-17T18:48:05Z,2026-08-17T18:48:05Z,alphamountain score: 7.61
rtw6gfisbc9dbbf7.luolie.xyz,domain,threat,low,WHITE,alphamountain/community-threat,alphamountain,2026-08-17T18:48:05Z,2026-08-17T18:48:05Z,alphamountain score: 7.58
instagram-verify-your-identity.github.io,domain,threat,low,WHITE,alphamountain/community-threat,alphamountain,2026-08-17T18:48:05Z,2026-08-17T18:48:05Z,alphamountain score: 8.69
wikiwiki.kvgarpxsm.cc,domain,threat,low,WHITE,alphamountain/community-threat,alphamountain,2026-08-17T18:48:05Z,2026-08-17T18:48:05Z,alphamountain score: 7.58
g-spot.jkt303siyap.xyz,domain,threat,low,WHITE,alphamountain/community-threat,alphamountain,2026-08-17T18:48:05Z,2026-08-17T18:48:05Z,alphamountain score: 7.59
penamotionworksdex-dp3jlwqgyq8k.edgeone.app,domain,threat,low,WHITE,alphamountain/community-threat,alphamountain,2026-08-17T18:48:05Z,2026-08-17T18:48:05Z,alphamountain score: 9.23
hv7sz2.kvgarpxsm.cc,domain,threat,low,WHITE,alphamountain/community-threat,alphamountain,2026-08-17T18:48:05Z,2026-08-17T18:48:05Z,alphamountain score: 7.58
betgaranti-giris-giradresim.icu,domain,threat,low,WHITE,alphamountain/community-threat,alphamountain,2026-08-17T18:48:05Z,2026-08-17T18:48:05Z,alphamountain score: 7.59
daniel10263.github.io,domain,threat,low,WHITE,alphamountain/community-threat,alphamountain,2026-08-17T18:48:05Z,2026-08-17T18:48:05Z,alphamountain score: 9.09
voiddat417-ijfu.blogspot.com.au,domain,threat,low,WHITE,alphamountain/community-threat,alphamountain,2026-08-17T18:48:05Z,2026-08-17T18:48:05Z,alphamountain score: 9.05
legendgroovevote.icu,domain,threat,low,WHITE,alphamountain/community-threat,alphamountain,2026-08-17T18:48:05Z,2026-08-17T18:48:05Z,alphamountain score: 7.59
files-reviews.johnsodo8000.workers.dev,domain,threat,low,WHITE,alphamountain/community-threat,alphamountain,2026-08-17T18:48:05Z,2026-08-17T18:48:05Z,alphamountain score: 9.24
bifnakednewriotgirls.com,domain,threat,low,WHITE,alphamountain/community-threat,alphamountain,2026-08-17T18:48:05Z,2026-08-17T18:48:05Z,alphamountain score: 9.18
wovvosu.icu,domain,threat,low,WHITE,alphamountain/community-threat,alphamountain,2026-08-17T18:48:05Z,2026-08-17T18:48:05Z,alphamountain score: 9.22
idp.loyalty.cxforge.com,domain,threat,low,WHITE,alphamountain/community-threat,alphamountain,2026-08-17T18:48:05Z,2026-08-17T18:48:05Z,alphamountain score: 7.5
liatogel.onl,domain,threat,low,WHITE,alphamountain/community-threat,alphamountain,2026-08-17T18:48:05Z,2026-08-17T18:48:05Z,alphamountain score: 7.56
xoilaczzjjz.tv,domain,threat,low,WHITE,alphamountain/community-threat,alphamountain,2026-08-17T18:48:05Z,2026-08-17T18:48:05Z,alphamountain score: 7.5
allegrolokalnie.lokalna-067.sbs,domain,threat,low,WHITE,alphamountain/community-threat,alphamountain,2026-08-17T18:48:05Z,2026-08-17T18:48:05Z,alphamountain score: 8.5
allegrolokalnie.pl789173.shop,domain,threat,low,WHITE,alphamountain/community-threat,alphamountain,2026-08-17T18:48:05Z,2026-08-17T18:48:05Z,alphamountain score: 8.5
cdujiu.courses,domain,threat,low,WHITE,alphamountain/community-threat,alphamountain,2026-08-17T18:48:05Z,2026-08-17T18:48:05Z,alphamountain score: 8.5
d8d5ad7aa131cf587deb8e14414830cb.dynaccent.net,domain,threat,low,WHITE,alphamountain/community-threat,alphamountain,2026-08-17T18:48:05Z,2026-08-17T18:48:05Z,alphamountain score: 7.0
hamilive.vivtops.st,domain,threat,low,WHITE,alphamountain/community-threat,alphamountain,2026-08-17T18:48:05Z,2026-08-17T18:48:05Z,alphamountain score: 8.5
healthsphere.ink,domain,threat,low,WHITE,alphamountain/community-threat,alphamountain,2026-08-17T18:48:05Z,2026-08-17T18:48:05Z,alphamountain score: 7.0
maltby.cloud,domain,threat,low,WHITE,alphamountain/community-threat,alphamountain,2026-08-17T18:48:05Z,2026-08-17T18:48:05Z,alphamountain score: 7.0
yallakora.eu,domain,threat,low,WHITE,alphamountain/community-threat,alphamountain,2026-08-17T18:48:05Z,2026-08-17T18:48:05Z,alphamountain score: 7.0
168nskfag.com,domain,threat,low,WHITE,alphamountain/community-threat,alphamountain,2026-08-17T18:48:05Z,2026-08-17T18:48:05Z,alphamountain score: 9.22
21185.xyz,domain,threat,low,WHITE,alphamountain/community-threat,alphamountain,2026-08-17T18:48:05Z,2026-08-17T18:48:05Z,alphamountain score: 7.56
251970.help,domain,threat,low,WHITE,alphamountain/community-threat,alphamountain,2026-08-17T18:48:05Z,2026-08-17T18:48:05Z,alphamountain score: 9.22
2691temuwr.com,domain,threat,low,WHITE,alphamountain/community-threat,alphamountain,2026-08-17T18:48:05Z,2026-08-17T18:48:05Z,alphamountain score: 8.79
425193.help,domain,threat,low,WHITE,alphamountain/community-threat,alphamountain,2026-08-17T18:48:05Z,2026-08-17T18:48:05Z,alphamountain score: 9.32
440331.shop,domain,threat,low,WHITE,alphamountain/community-threat,alphamountain,2026-08-17T18:48:05Z,2026-08-17T18:48:05Z,alphamountain score: 9.27
51kazumaka.com,domain,threat,low,WHITE,alphamountain/community-threat,alphamountain,2026-08-17T18:48:05Z,2026-08-17T18:48:05Z,alphamountain score: 9.27
63996h.com,domain,threat,low,WHITE,alphamountain/community-threat,alphamountain,2026-08-17T18:48:05Z,2026-08-17T18:48:05Z,alphamountain score: 9.23
717a.vip,domain,threat,low,WHITE,alphamountain/community-threat,alphamountain,2026-08-17T18:48:05Z,2026-08-17T18:48:05Z,alphamountain score: 9.29
792bet.net,domain,threat,low,WHITE,alphamountain/community-threat,alphamountain,2026-08-17T18:48:05Z,2026-08-17T18:48:05Z,alphamountain score: 8.5
afsend-it.cfd,domain,threat,low,WHITE,alphamountain/community-threat,alphamountain,2026-08-17T18:48:05Z,2026-08-17T18:48:05Z,alphamountain score: 9.31
agenziaenatrate.cfd,domain,threat,low,WHITE,alphamountain/community-threat,alphamountain,2026-08-17T18:48:05Z,2026-08-17T18:48:05Z,alphamountain score: 9.26
agenziaenftrate.cfd,domain,threat,low,WHITE,alphamountain/community-threat,alphamountain,2026-08-17T18:48:05Z,2026-08-17T18:48:05Z,alphamountain score: 9.44
agenziaenstrate.cfd,domain,threat,low,WHITE,alphamountain/community-threat,alphamountain,2026-08-17T18:48:05Z,2026-08-17T18:48:05Z,alphamountain score: 9.32
agenziaentratae.cfd,domain,threat,low,WHITE,alphamountain/community-threat,alphamountain,2026-08-17T18:48:05Z,2026-08-17T18:48:05Z,alphamountain score: 8.81
applej.sbs,domain,threat,low,WHITE,alphamountain/community-threat,alphamountain,2026-08-17T18:48:05Z,2026-08-17T18:48:05Z,alphamountain score: 8.93
bozlmex.com,domain,threat,low,WHITE,alphamountain/community-threat,alphamountain,2026-08-17T18:48:05Z,2026-08-17T18:48:05Z,alphamountain score: 9.32
buystella.com,domain,threat,low,WHITE,alphamountain/community-threat,alphamountain,2026-08-17T18:48:05Z,2026-08-17T18:48:05Z,alphamountain score: 9.23
cbtcsh.com,domain,threat,low,WHITE,alphamountain/community-threat,alphamountain,2026-08-17T18:48:05Z,2026-08-17T18:48:05Z,alphamountain score: 7.66
cdhjgjg.com,domain,threat,low,WHITE,alphamountain/community-threat,alphamountain,2026-08-17T18:48:05Z,2026-08-17T18:48:05Z,alphamountain score: 9.23
chlexpreslvc.top,domain,threat,low,WHITE,alphamountain/community-threat,alphamountain,2026-08-17T18:48:05Z,2026-08-17T18:48:05Z,alphamountain score: 8.69
cl98cad.top,domain,threat,low,WHITE,alphamountain/community-threat,alphamountain,2026-08-17T18:48:05Z,2026-08-17T18:48:05Z,alphamountain score: 9.34
cn.whatapp-mesh.hl.cn,domain,threat,low,WHITE,alphamountain/community-threat,alphamountain,2026-08-17T18:48:05Z,2026-08-17T18:48:05Z,alphamountain score: 9.44
com-on7743.top,domain,threat,low,WHITE,alphamountain/community-threat,alphamountain,2026-08-17T18:48:05Z,2026-08-17T18:48:05Z,alphamountain score: 9.28
cs-mlbb.com,domain,threat,low,WHITE,alphamountain/community-threat,alphamountain,2026-08-17T18:48:05Z,2026-08-17T18:48:05Z,alphamountain score: 9.33
czhxjx.com,domain,threat,low,WHITE,alphamountain/community-threat,alphamountain,2026-08-17T18:48:05Z,2026-08-17T18:48:05Z,alphamountain score: 7.61
datadock-ia.com,domain,threat,low,WHITE,alphamountain/community-threat,alphamountain,2026-08-17T18:48:05Z,2026-08-17T18:48:05Z,alphamountain score: 8.64
dhl-mx.live,domain,threat,low,WHITE,alphamountain/community-threat,alphamountain,2026-08-17T18:48:05Z,2026-08-17T18:48:05Z,alphamountain score: 9.28
feedzone191-mbyi.blogspot.am,domain,threat,low,WHITE,alphamountain/community-threat,alphamountain,2026-08-17T18:48:05Z,2026-08-17T18:48:05Z,alphamountain score: 9.23
find-support-idms.help,domain,threat,low,WHITE,alphamountain/community-threat,alphamountain,2026-08-17T18:48:05Z,2026-08-17T18:48:05Z,alphamountain score: 9.28
fingid2026.ru,domain,threat,low,WHITE,alphamountain/community-threat,alphamountain,2026-08-17T18:48:05Z,2026-08-17T18:48:05Z,alphamountain score: 7.67
funclicking456.shop,domain,threat,low,WHITE,alphamountain/community-threat,alphamountain,2026-08-17T18:48:05Z,2026-08-17T18:48:05Z,alphamountain score: 9.28
gemrobuxxf.blogspot.com.co,domain,threat,low,WHITE,alphamountain/community-threat,alphamountain,2026-08-17T18:48:05Z,2026-08-17T18:48:05Z,alphamountain score: 9.09
gemrobuxxf.blogspot.com.cy,domain,threat,low,WHITE,alphamountain/community-threat,alphamountain,2026-08-17T18:48:05Z,2026-08-17T18:48:05Z,alphamountain score: 9.11
gemrobuxxf.blogspot.is,domain,threat,low,WHITE,alphamountain/community-threat,alphamountain,2026-08-17T18:48:05Z,2026-08-17T18:48:05Z,alphamountain score: 9.11
gemrobuxxf.blogspot.li,domain,threat,low,WHITE,alphamountain/community-threat,alphamountain,2026-08-17T18:48:05Z,2026-08-17T18:48:05Z,alphamountain score: 9.28
gemrobuxxf.blogspot.md,domain,threat,low,WHITE,alphamountain/community-threat,alphamountain,2026-08-17T18:48:05Z,2026-08-17T18:48:05Z,alphamountain score: 9.11
gestion-courrier.online,domain,threat,low,WHITE,alphamountain/community-threat,alphamountain,2026-08-17T18:48:05Z,2026-08-17T18:48:05Z,alphamountain score: 8.79
giuliocappelli.it,domain,threat,low,WHITE,alphamountain/community-threat,alphamountain,2026-08-17T18:48:05Z,2026-08-17T18:48:05Z,alphamountain score: 9.29
glsvnkg.cfd,domain,threat,low,WHITE,alphamountain/community-threat,alphamountain,2026-08-17T18:48:05Z,2026-08-17T18:48:05Z,alphamountain score: 8.81
gotoubunnohanayome.lol,domain,threat,low,WHITE,alphamountain/community-threat,alphamountain,2026-08-17T18:48:05Z,2026-08-17T18:48:05Z,alphamountain score: 9.32
israellpost.ink,domain,threat,low,WHITE,alphamountain/community-threat,alphamountain,2026-08-17T18:48:05Z,2026-08-17T18:48:05Z,alphamountain score: 9.26
jpfsgc.com,domain,threat,low,WHITE,alphamountain/community-threat,alphamountain,2026-08-17T18:48:05Z,2026-08-17T18:48:05Z,alphamountain score: 9.26
k.keexprk3s.sbs,domain,threat,low,WHITE,alphamountain/community-threat,alphamountain,2026-08-17T18:48:05Z,2026-08-17T18:48:05Z,alphamountain score: 7.67
login-in-to-service-portal.com,domain,threat,low,WHITE,alphamountain/community-threat,alphamountain,2026-08-17T18:48:05Z,2026-08-17T18:48:05Z,alphamountain score: 9.28
onlinebanking-caribbean.info,domain,threat,low,WHITE,alphamountain/community-threat,alphamountain,2026-08-17T18:48:05Z,2026-08-17T18:48:05Z,alphamountain score: 9.32
pc.calinvestmentslimex.com,domain,threat,low,WHITE,alphamountain/community-threat,alphamountain,2026-08-17T18:48:05Z,2026-08-17T18:48:05Z,alphamountain score: 9.32
pmufke.com,domain,threat,low,WHITE,alphamountain/community-threat,alphamountain,2026-08-17T18:48:05Z,2026-08-17T18:48:05Z,alphamountain score: 9.32
purolataisv.click,domain,threat,low,WHITE,alphamountain/community-threat,alphamountain,2026-08-17T18:48:05Z,2026-08-17T18:48:05Z,alphamountain score: 9.29
purolatoryd.shop,domain,threat,low,WHITE,alphamountain/community-threat,alphamountain,2026-08-17T18:48:05Z,2026-08-17T18:48:05Z,alphamountain score: 8.81
purolztoiso.click,domain,threat,low,WHITE,alphamountain/community-threat,alphamountain,2026-08-17T18:48:05Z,2026-08-17T18:48:05Z,alphamountain score: 9.24
santandergrupo.net,domain,threat,low,WHITE,alphamountain/community-threat,alphamountain,2026-08-17T18:48:05Z,2026-08-17T18:48:05Z,alphamountain score: 9.33
shaonianbei.com,domain,threat,low,WHITE,alphamountain/community-threat,alphamountain,2026-08-17T18:48:05Z,2026-08-17T18:48:05Z,alphamountain score: 8.92
sm-16.top,domain,threat,low,WHITE,alphamountain/community-threat,alphamountain,2026-08-17T18:48:05Z,2026-08-17T18:48:05Z,alphamountain score: 7.62
texealxskl.work,domain,threat,low,WHITE,alphamountain/community-threat,alphamountain,2026-08-17T18:48:05Z,2026-08-17T18:48:05Z,alphamountain score: 9.34
texedeluxe.cloud,domain,threat,low,WHITE,alphamountain/community-threat,alphamountain,2026-08-17T18:48:05Z,2026-08-17T18:48:05Z,alphamountain score: 9.32
texedeluxe.icu,domain,threat,low,WHITE,alphamountain/community-threat,alphamountain,2026-08-17T18:48:05Z,2026-08-17T18:48:05Z,alphamountain score: 9.32
texesexxxs.wiki,domain,threat,low,WHITE,alphamountain/community-threat,alphamountain,2026-08-17T18:48:05Z,2026-08-17T18:48:05Z,alphamountain score: 9.32
texeutxxss.cloud,domain,threat,low,WHITE,alphamountain/community-threat,alphamountain,2026-08-17T18:48:05Z,2026-08-17T18:48:05Z,alphamountain score: 9.32
topallauto.com,domain,threat,low,WHITE,alphamountain/community-threat,alphamountain,2026-08-17T18:48:05Z,2026-08-17T18:48:05Z,alphamountain score: 7.6
ugsfg.com,domain,threat,low,WHITE,alphamountain/community-threat,alphamountain,2026-08-17T18:48:05Z,2026-08-17T18:48:05Z,alphamountain score: 7.6
vcvkcdsbokwq.sbs,domain,threat,low,WHITE,alphamountain/community-threat,alphamountain,2026-08-17T18:48:05Z,2026-08-17T18:48:05Z,alphamountain score: 9.34
vnr.sab.mybluehost.me,domain,threat,low,WHITE,alphamountain/community-threat,alphamountain,2026-08-17T18:48:05Z,2026-08-17T18:48:05Z,alphamountain score: 9.11
we-itech2.wengwei92.workers.dev,domain,threat,low,WHITE,alphamountain/community-threat,alphamountain,2026-08-17T18:48:05Z,2026-08-17T18:48:05Z,alphamountain score: 8.58
whatapp-mesh.hl.cn,domain,threat,low,WHITE,alphamountain/community-threat,alphamountain,2026-08-17T18:48:05Z,2026-08-17T18:48:05Z,alphamountain score: 9.3
wwwfastwin.com,domain,threat,low,WHITE,alphamountain/community-threat,alphamountain,2026-08-17T18:48:05Z,2026-08-17T18:48:05Z,alphamountain score: 9.24
x41t.top,domain,threat,low,WHITE,alphamountain/community-threat,alphamountain,2026-08-17T18:48:05Z,2026-08-17T18:48:05Z,alphamountain score: 9.28
xtjin.com,domain,threat,low,WHITE,alphamountain/community-threat,alphamountain,2026-08-17T18:48:05Z,2026-08-17T18:48:05Z,alphamountain score: 8.92
ye-zi.click,domain,threat,low,WHITE,alphamountain/community-threat,alphamountain,2026-08-17T18:48:05Z,2026-08-17T18:48:05Z,alphamountain score: 9.31
apnaworks.shop,domain,threat,low,WHITE,alphamountain/community-threat,alphamountain,2026-08-17T18:48:05Z,2026-08-17T18:48:05Z,alphamountain score: 7.64
ripple.gifts,domain,threat,low,WHITE,alphamountain/community-threat,alphamountain,2026-08-17T18:48:05Z,2026-08-17T18:48:05Z,alphamountain score: 7.68
6q1t3.icu,domain,threat,low,WHITE,alphamountain/community-threat,alphamountain,2026-08-17T18:48:05Z,2026-08-17T18:48:05Z,alphamountain score: 9.31
97t.homes,domain,threat,low,WHITE,alphamountain/community-threat,alphamountain,2026-08-17T18:48:05Z,2026-08-17T18:48:05Z,alphamountain score: 7.69
jeoe.czugm.cc,domain,threat,low,WHITE,alphamountain/community-threat,alphamountain,2026-08-17T18:48:05Z,2026-08-17T18:48:05Z,alphamountain score: 7.58
sealedger.xyz,domain,threat,low,WHITE,alphamountain/community-threat,alphamountain,2026-08-17T18:48:05Z,2026-08-17T18:48:05Z,alphamountain score: 7.59
bringjp18.icu,domain,threat,low,WHITE,alphamountain/community-threat,alphamountain,2026-08-17T18:48:05Z,2026-08-17T18:48:05Z,alphamountain score: 7.64
gls-gronpe-at.mom,domain,threat,low,WHITE,alphamountain/community-threat,alphamountain,2026-08-17T18:48:05Z,2026-08-17T18:48:05Z,alphamountain score: 9.33
agentcallerledger.xyz,domain,threat,low,WHITE,alphamountain/community-threat,alphamountain,2026-08-17T18:48:05Z,2026-08-17T18:48:05Z,alphamountain score: 7.59
chatgptcc.top,domain,threat,low,WHITE,alphamountain/community-threat,alphamountain,2026-08-17T18:48:05Z,2026-08-17T18:48:05Z,alphamountain score: 7.61
1tets.vercel.app,domain,threat,low,WHITE,alphamountain/community-threat,alphamountain,2026-08-17T18:48:05Z,2026-08-17T18:48:05Z,alphamountain score: 9.31
agidspid.click,domain,threat,low,WHITE,alphamountain/community-threat,alphamountain,2026-08-17T18:48:05Z,2026-08-17T18:48:05Z,alphamountain score: 7.65
agenziaentrafte.cfd,domain,threat,low,WHITE,alphamountain/community-threat,alphamountain,2026-08-17T18:48:05Z,2026-08-17T18:48:05Z,alphamountain score: 7.19
kotoledger.xyz,domain,threat,low,WHITE,alphamountain/community-threat,alphamountain,2026-08-17T18:48:05Z,2026-08-17T18:48:05Z,alphamountain score: 7.59
nocpmmda.skin,domain,threat,low,WHITE,alphamountain/community-threat,alphamountain,2026-08-17T18:48:05Z,2026-08-17T18:48:05Z,alphamountain score: 7.19
uniipark.com,domain,threat,low,WHITE,alphamountain/community-threat,alphamountain,2026-08-17T18:48:05Z,2026-08-17T18:48:05Z,alphamountain score: 9.34
verif-logsbouesg.com,domain,threat,low,WHITE,alphamountain/community-threat,alphamountain,2026-08-17T18:48:05Z,2026-08-17T18:48:05Z,alphamountain score: 9.19
agenziaentraute.cfd,domain,threat,low,WHITE,alphamountain/community-threat,alphamountain,2026-08-17T18:48:05Z,2026-08-17T18:48:05Z,alphamountain score: 9.33
glsgroavp.cfd,domain,threat,low,WHITE,alphamountain/community-threat,alphamountain,2026-08-17T18:48:05Z,2026-08-17T18:48:05Z,alphamountain score: 7.68
offical-brridge-guide.pages.dev,domain,threat,low,WHITE,alphamountain/community-threat,alphamountain,2026-08-17T18:48:05Z,2026-08-17T18:48:05Z,alphamountain score: 9.13
openaijustfour.buzz,domain,threat,low,WHITE,alphamountain/community-threat,alphamountain,2026-08-17T18:48:05Z,2026-08-17T18:48:05Z,alphamountain score: 7.59
djinnratio.info,domain,threat,low,WHITE,alphamountain/community-threat,alphamountain,2026-08-17T18:48:05Z,2026-08-17T18:48:05Z,alphamountain score: 7.59
d63.nlqpnuezk.cc,domain,threat,low,WHITE,alphamountain/community-threat,alphamountain,2026-08-17T18:48:05Z,2026-08-17T18:48:05Z,alphamountain score: 7.63
agenziaentratte.cfd,domain,threat,low,WHITE,alphamountain/community-threat,alphamountain,2026-08-17T18:48:05Z,2026-08-17T18:48:05Z,alphamountain score: 9.33
apple-id.surf,domain,threat,low,WHITE,alphamountain/community-threat,alphamountain,2026-08-17T18:48:05Z,2026-08-17T18:48:05Z,alphamountain score: 7.64
bgl.homes,domain,threat,low,WHITE,alphamountain/community-threat,alphamountain,2026-08-17T18:48:05Z,2026-08-17T18:48:05Z,alphamountain score: 7.69
app-soporte-enlinea.com,domain,threat,low,WHITE,alphamountain/community-threat,alphamountain,2026-08-17T18:48:05Z,2026-08-17T18:48:05Z,alphamountain score: 7.68
la-plage-mandelies.cfd,domain,threat,low,WHITE,alphamountain/community-threat,alphamountain,2026-08-17T18:48:05Z,2026-08-17T18:48:05Z,alphamountain score: 9.33
earnmxdk-ckdkbd.xyz,domain,threat,low,WHITE,alphamountain/community-threat,alphamountain,2026-08-17T18:48:05Z,2026-08-17T18:48:05Z,alphamountain score: 7.61
china-wholesale-shoes.com,domain,threat,low,WHITE,alphamountain/community-threat,alphamountain,2026-08-17T18:48:05Z,2026-08-17T18:48:05Z,alphamountain score: 9.23
dhlad.com,domain,threat,low,WHITE,alphamountain/community-threat,alphamountain,2026-08-17T18:48:05Z,2026-08-17T18:48:05Z,alphamountain score: 7.56
fairlifesverige.com,domain,threat,low,WHITE,alphamountain/community-threat,alphamountain,2026-08-17T18:48:05Z,2026-08-17T18:48:05Z,alphamountain score: 7.64
cnheieus.dynu.net,domain,threat,low,WHITE,alphamountain/community-threat,alphamountain,2026-08-17T18:48:05Z,2026-08-17T18:48:05Z,alphamountain score: 9.31
involcalkke.rest,domain,threat,low,WHITE,alphamountain/community-threat,alphamountain,2026-08-17T18:48:05Z,2026-08-17T18:48:05Z,alphamountain score: 7.66
id2v4heyztojnht3o62wijmb5tt6ycqy6bpbsvc632dcev36lq7q.arweave.net,domain,threat,low,WHITE,alphamountain/community-threat,alphamountain,2026-08-17T18:48:05Z,2026-08-17T18:48:05Z,alphamountain score: 7.61
dvxe.top,domain,threat,low,WHITE,alphamountain/community-threat,alphamountain,2026-08-17T18:48:05Z,2026-08-17T18:48:05Z,alphamountain score: 9.2
dashboard-etrade.com,domain,threat,low,WHITE,alphamountain/community-threat,alphamountain,2026-08-17T18:48:05Z,2026-08-17T18:48:05Z,alphamountain score: 7.68
agentlinkledger.xyz,domain,threat,low,WHITE,alphamountain/community-threat,alphamountain,2026-08-17T18:48:05Z,2026-08-17T18:48:05Z,alphamountain score: 7.58
c052d7867f6f.xyz,domain,threat,low,WHITE,alphamountain/community-threat,alphamountain,2026-08-17T18:48:05Z,2026-08-17T18:48:05Z,alphamountain score: 7.58
sofort-auszahlung-casinos-zone.best,domain,threat,low,WHITE,alphamountain/community-threat,alphamountain,2026-08-17T18:48:05Z,2026-08-17T18:48:05Z,alphamountain score: 7.56
apple-w9z.top,domain,threat,low,WHITE,alphamountain/community-threat,alphamountain,2026-08-17T18:48:05Z,2026-08-17T18:48:05Z,alphamountain score: 7.68
ledgerssl.xyz,domain,threat,low,WHITE,alphamountain/community-threat,alphamountain,2026-08-17T18:48:05Z,2026-08-17T18:48:05Z,alphamountain score: 7.58
ahxct.com,domain,threat,low,WHITE,alphamountain/community-threat,alphamountain,2026-08-17T18:48:05Z,2026-08-17T18:48:05Z,alphamountain score: 7.53
613t.6658254.cc,domain,threat,low,WHITE,alphamountain/community-threat,alphamountain,2026-08-17T18:48:05Z,2026-08-17T18:48:05Z,alphamountain score: 7.58
airevibe.shop,domain,threat,low,WHITE,alphamountain/community-threat,alphamountain,2026-08-17T18:48:05Z,2026-08-17T18:48:05Z,alphamountain score: 7.61
gestionatucuentagos2.com,domain,threat,low,WHITE,alphamountain/community-threat,alphamountain,2026-08-17T18:48:05Z,2026-08-17T18:48:05Z,alphamountain score: 9.28
teie.oco.kr,domain,threat,low,WHITE,alphamountain/community-threat,alphamountain,2026-08-17T18:48:05Z,2026-08-17T18:48:05Z,alphamountain score: 7.51
banking-relations.ru,domain,threat,low,WHITE,alphamountain/community-threat,alphamountain,2026-08-17T18:48:05Z,2026-08-17T18:48:05Z,alphamountain score: 7.65
aabab1245bbaa.net,domain,threat,low,WHITE,alphamountain/community-threat,alphamountain,2026-08-17T18:48:05Z,2026-08-17T18:48:05Z,alphamountain score: 7.67
explorecore.shop,domain,threat,low,WHITE,alphamountain/community-threat,alphamountain,2026-08-17T18:48:05Z,2026-08-17T18:48:05Z,alphamountain score: 9.24
enclaveagentledger.xyz,domain,threat,low,WHITE,alphamountain/community-threat,alphamountain,2026-08-17T18:48:05Z,2026-08-17T18:48:05Z,alphamountain score: 7.59
qwewqweq.sbs,domain,threat,low,WHITE,alphamountain/community-threat,alphamountain,2026-08-17T18:48:05Z,2026-08-17T18:48:05Z,alphamountain score: 9.19
x1k.homes,domain,threat,low,WHITE,alphamountain/community-threat,alphamountain,2026-08-17T18:48:05Z,2026-08-17T18:48:05Z,alphamountain score: 7.63
agenziaentravte.cfd,domain,threat,low,WHITE,alphamountain/community-threat,alphamountain,2026-08-17T18:48:05Z,2026-08-17T18:48:05Z,alphamountain score: 7.67
ledgerlent.xyz,domain,threat,low,WHITE,alphamountain/community-threat,alphamountain,2026-08-17T18:48:05Z,2026-08-17T18:48:05Z,alphamountain score: 7.58
agenziaentraote.cfd,domain,threat,low,WHITE,alphamountain/community-threat,alphamountain,2026-08-17T18:48:05Z,2026-08-17T18:48:05Z,alphamountain score: 7.67
stiarkicen.buzz,domain,threat,low,WHITE,alphamountain/community-threat,alphamountain,2026-08-17T18:48:05Z,2026-08-17T18:48:05Z,alphamountain score: 9.18
florvex-jackpotbonus.click,domain,threat,low,WHITE,alphamountain/community-threat,alphamountain,2026-08-17T18:48:05Z,2026-08-17T18:48:05Z,alphamountain score: 7.63
nbcapmmda.com,domain,threat,low,WHITE,alphamountain/community-threat,alphamountain,2026-08-17T18:48:05Z,2026-08-17T18:48:05Z,alphamountain score: 9.23
wo-dgv.com,domain,threat,low,WHITE,alphamountain/community-threat,alphamountain,2026-08-17T18:48:05Z,2026-08-17T18:48:05Z,alphamountain score: 7.62
ff2.taimei-llov054.com,domain,threat,low,WHITE,alphamountain/community-threat,alphamountain,2026-08-17T18:48:05Z,2026-08-17T18:48:05Z,alphamountain score: 7.59
lncgi.top,domain,threat,low,WHITE,alphamountain/community-threat,alphamountain,2026-08-17T18:48:05Z,2026-08-17T18:48:05Z,alphamountain score: 9.1
37fe896db288.xyz,domain,threat,low,WHITE,alphamountain/community-threat,alphamountain,2026-08-17T18:48:05Z,2026-08-17T18:48:05Z,alphamountain score: 7.58
u3o9i.icu,domain,threat,low,WHITE,alphamountain/community-threat,alphamountain,2026-08-17T18:48:05Z,2026-08-17T18:48:05Z,alphamountain score: 7.66
agenziaentrahte.cfd,domain,threat,low,WHITE,alphamountain/community-threat,alphamountain,2026-08-17T18:48:05Z,2026-08-17T18:48:05Z,alphamountain score: 9.26
ledgermad.xyz,domain,threat,low,WHITE,alphamountain/community-threat,alphamountain,2026-08-17T18:48:05Z,2026-08-17T18:48:05Z,alphamountain score: 7.58
gls-grioup.casa,domain,threat,low,WHITE,alphamountain/community-threat,alphamountain,2026-08-17T18:48:05Z,2026-08-17T18:48:05Z,alphamountain score: 7.19
sushicat.cc,domain,threat,low,WHITE,alphamountain/community-threat,alphamountain,2026-08-17T18:48:05Z,2026-08-17T18:48:05Z,alphamountain score: 7.58
tiger776.nte3r7mry7myrs6ma.cc,domain,threat,low,WHITE,alphamountain/community-threat,alphamountain,2026-08-17T18:48:05Z,2026-08-17T18:48:05Z,alphamountain score: 7.61
bfdas.vercel.app,domain,threat,low,WHITE,alphamountain/community-threat,alphamountain,2026-08-17T18:48:05Z,2026-08-17T18:48:05Z,alphamountain score: 9.31
k4l1m.icu,domain,threat,low,WHITE,alphamountain/community-threat,alphamountain,2026-08-17T18:48:05Z,2026-08-17T18:48:05Z,alphamountain score: 9.31
nwre.cc,domain,threat,low,WHITE,alphamountain/community-threat,alphamountain,2026-08-17T18:48:05Z,2026-08-17T18:48:05Z,alphamountain score: 7.58
asdfullcopec.top,domain,threat,low,WHITE,alphamountain/community-threat,alphamountain,2026-08-17T18:48:05Z,2026-08-17T18:48:05Z,alphamountain score: 7.19
jtyl-protect.pro,domain,threat,low,WHITE,alphamountain/community-threat,alphamountain,2026-08-17T18:48:05Z,2026-08-17T18:48:05Z,alphamountain score: 7.69
wo-ans.com,domain,threat,low,WHITE,alphamountain/community-threat,alphamountain,2026-08-17T18:48:05Z,2026-08-17T18:48:05Z,alphamountain score: 7.64
8b92b9f5bca8.xyz,domain,threat,low,WHITE,alphamountain/community-threat,alphamountain,2026-08-17T18:48:05Z,2026-08-17T18:48:05Z,alphamountain score: 7.58
orheun.fr,domain,threat,low,WHITE,alphamountain/community-threat,alphamountain,2026-08-17T18:48:05Z,2026-08-17T18:48:05Z,alphamountain score: 9.17
rvqj-protect.pro,domain,threat,low,WHITE,alphamountain/community-threat,alphamountain,2026-08-17T18:48:05Z,2026-08-17T18:48:05Z,alphamountain score: 7.69
gzozq.top,domain,threat,low,WHITE,alphamountain/community-threat,alphamountain,2026-08-17T18:48:05Z,2026-08-17T18:48:05Z,alphamountain score: 9.24
ax4x.icu,domain,threat,low,WHITE,alphamountain/community-threat,alphamountain,2026-08-17T18:48:05Z,2026-08-17T18:48:05Z,alphamountain score: 7.61
a507c1fee2db41e2da359f019aee4963-irs-gov.com,domain,threat,low,WHITE,alphamountain/community-threat,alphamountain,2026-08-17T18:48:05Z,2026-08-17T18:48:05Z,alphamountain score: 9.21
update-order-ntflx12978.info,domain,threat,low,WHITE,alphamountain/community-threat,alphamountain,2026-08-17T18:48:05Z,2026-08-17T18:48:05Z,alphamountain score: 7.65
wvszncy.cfd,domain,threat,low,WHITE,alphamountain/community-threat,alphamountain,2026-08-17T18:48:05Z,2026-08-17T18:48:05Z,alphamountain score: 9.33
agentchoreoledger.xyz,domain,threat,low,WHITE,alphamountain/community-threat,alphamountain,2026-08-17T18:48:05Z,2026-08-17T18:48:05Z,alphamountain score: 7.58
account-notice.buzz,domain,threat,low,WHITE,alphamountain/community-threat,alphamountain,2026-08-17T18:48:05Z,2026-08-17T18:48:05Z,alphamountain score: 7.63
lokalna-ofera567231.lol,domain,threat,low,WHITE,alphamountain/community-threat,alphamountain,2026-08-17T18:48:05Z,2026-08-17T18:48:05Z,alphamountain score: 9.31
havaianasmo.shop,domain,threat,low,WHITE,alphamountain/community-threat,alphamountain,2026-08-17T18:48:05Z,2026-08-17T18:48:05Z,alphamountain score: 7.59
abbott.invst.eu.cc,domain,threat,low,WHITE,alphamountain/community-threat,alphamountain,2026-08-17T18:48:05Z,2026-08-17T18:48:05Z,alphamountain score: 9.14
d94845e61635.xyz,domain,threat,low,WHITE,alphamountain/community-threat,alphamountain,2026-08-17T18:48:05Z,2026-08-17T18:48:05Z,alphamountain score: 7.59
selbol.de,domain,threat,low,WHITE,alphamountain/community-threat,alphamountain,2026-08-17T18:48:05Z,2026-08-17T18:48:05Z,alphamountain score: 9.07
7z8h4.icu,domain,threat,low,WHITE,alphamountain/community-threat,alphamountain,2026-08-17T18:48:05Z,2026-08-17T18:48:05Z,alphamountain score: 9.31
pbog-protect.pro,domain,threat,low,WHITE,alphamountain/community-threat,alphamountain,2026-08-17T18:48:05Z,2026-08-17T18:48:05Z,alphamountain score: 7.69
gls-grloup.buzz,domain,threat,low,WHITE,alphamountain/community-threat,alphamountain,2026-08-17T18:48:05Z,2026-08-17T18:48:05Z,alphamountain score: 7.17
yhsrsi.com,domain,threat,low,WHITE,alphamountain/community-threat,alphamountain,2026-08-17T18:48:05Z,2026-08-17T18:48:05Z,alphamountain score: 7.25
hyqqz4.shdeknpny.cc,domain,threat,low,WHITE,alphamountain/community-threat,alphamountain,2026-08-17T18:48:05Z,2026-08-17T18:48:05Z,alphamountain score: 7.58
securieweb.org,domain,threat,low,WHITE,alphamountain/community-threat,alphamountain,2026-08-17T18:48:05Z,2026-08-17T18:48:05Z,alphamountain score: 9.07
santa-kundenservice-neuerprozess2026.app,domain,threat,low,WHITE,alphamountain/community-threat,alphamountain,2026-08-17T18:48:05Z,2026-08-17T18:48:05Z,alphamountain score: 9.31
sxjc3.click,domain,threat,low,WHITE,alphamountain/community-threat,alphamountain,2026-08-17T18:48:05Z,2026-08-17T18:48:05Z,alphamountain score: 7.66
maxiaopeng.xyz,domain,threat,low,WHITE,alphamountain/community-threat,alphamountain,2026-08-17T18:48:05Z,2026-08-17T18:48:05Z,alphamountain score: 7.62
rodddkdcbdb.sbs,domain,threat,low,WHITE,alphamountain/community-threat,alphamountain,2026-08-17T18:48:05Z,2026-08-17T18:48:05Z,alphamountain score: 9.19
ledgerdog.xyz,domain,threat,low,WHITE,alphamountain/community-threat,alphamountain,2026-08-17T18:48:05Z,2026-08-17T18:48:05Z,alphamountain score: 7.59
sprintcouriers.icu,domain,threat,low,WHITE,alphamountain/community-threat,alphamountain,2026-08-17T18:48:05Z,2026-08-17T18:48:05Z,alphamountain score: 9.31
ledgerfog.xyz,domain,threat,low,WHITE,alphamountain/community-threat,alphamountain,2026-08-17T18:48:05Z,2026-08-17T18:48:05Z,alphamountain score: 7.59
subjav.buzz,domain,threat,low,WHITE,alphamountain/community-threat,alphamountain,2026-08-17T18:48:05Z,2026-08-17T18:48:05Z,alphamountain score: 7.61
168wajueji.com,domain,threat,low,WHITE,alphamountain/community-threat,alphamountain,2026-08-17T18:48:05Z,2026-08-17T18:48:05Z,alphamountain score: 9.04
operaflorenceapartments.info,domain,threat,low,WHITE,alphamountain/community-threat,alphamountain,2026-08-17T18:48:05Z,2026-08-17T18:48:05Z,alphamountain score: 7.25
dozirego.shop,domain,threat,low,WHITE,alphamountain/community-threat,alphamountain,2026-08-17T18:48:05Z,2026-08-17T18:48:05Z,alphamountain score: 9.19
glsgroevp.cfd,domain,threat,low,WHITE,alphamountain/community-threat,alphamountain,2026-08-17T18:48:05Z,2026-08-17T18:48:05Z,alphamountain score: 7.19
protonmail.club,domain,threat,low,WHITE,alphamountain/community-threat,alphamountain,2026-08-17T18:48:05Z,2026-08-17T18:48:05Z,alphamountain score: 7.52
gs9nq.shdeknpny.cc,domain,threat,low,WHITE,alphamountain/community-threat,alphamountain,2026-08-17T18:48:05Z,2026-08-17T18:48:05Z,alphamountain score: 7.58
yoe.homes,domain,threat,low,WHITE,alphamountain/community-threat,alphamountain,2026-08-17T18:48:05Z,2026-08-17T18:48:05Z,alphamountain score: 7.63
yukopmhartiko24.today,domain,threat,low,WHITE,alphamountain/community-threat,alphamountain,2026-08-17T18:48:05Z,2026-08-17T18:48:05Z,alphamountain score: 9.31
codshop.cc,domain,threat,low,WHITE,alphamountain/community-threat,alphamountain,2026-08-17T18:48:05Z,2026-08-17T18:48:05Z,alphamountain score: 7.57
ledgerbear.xyz,domain,threat,low,WHITE,alphamountain/community-threat,alphamountain,2026-08-17T18:48:05Z,2026-08-17T18:48:05Z,alphamountain score: 7.59
nihal.cc,domain,threat,low,WHITE,alphamountain/community-threat,alphamountain,2026-08-17T18:48:05Z,2026-08-17T18:48:05Z,alphamountain score: 7.46
gov-gqr.cfd,domain,threat,low,WHITE,alphamountain/community-threat,alphamountain,2026-08-17T18:48:05Z,2026-08-17T18:48:05Z,alphamountain score: 9.24
kk14u.icu,domain,threat,low,WHITE,alphamountain/community-threat,alphamountain,2026-08-17T18:48:05Z,2026-08-17T18:48:05Z,alphamountain score: 7.66
tbe168.com,domain,threat,low,WHITE,alphamountain/community-threat,alphamountain,2026-08-17T18:48:05Z,2026-08-17T18:48:05Z,alphamountain score: 7.59
9blm.com,domain,threat,low,WHITE,alphamountain/community-threat,alphamountain,2026-08-17T18:48:05Z,2026-08-17T18:48:05Z,alphamountain score: 7.6
secure-yourstatebank.com,domain,threat,low,WHITE,alphamountain/community-threat,alphamountain,2026-08-17T18:48:05Z,2026-08-17T18:48:05Z,alphamountain score: 9.19
wouitxl.org,domain,threat,low,WHITE,alphamountain/community-threat,alphamountain,2026-08-17T18:48:05Z,2026-08-17T18:48:05Z,alphamountain score: 7.66
jansport-nl.com,domain,threat,low,WHITE,alphamountain/community-threat,alphamountain,2026-08-17T18:48:05Z,2026-08-17T18:48:05Z,alphamountain score: 7.61
stiarkicen.work,domain,threat,low,WHITE,alphamountain/community-threat,alphamountain,2026-08-17T18:48:05Z,2026-08-17T18:48:05Z,alphamountain score: 9.19
casino-10u.buzz,domain,threat,low,WHITE,alphamountain/community-threat,alphamountain,2026-08-17T18:48:05Z,2026-08-17T18:48:05Z,alphamountain score: 7.58
yakin33-nusaprima-slot.pages.dev,domain,threat,low,WHITE,alphamountain/community-threat,alphamountain,2026-08-17T18:48:05Z,2026-08-17T18:48:05Z,alphamountain score: 7.49
formallykeengrubworm.shop,domain,threat,low,WHITE,alphamountain/community-threat,alphamountain,2026-08-17T18:48:05Z,2026-08-17T18:48:05Z,alphamountain score: 9.19
strpampappex.buzz,domain,threat,low,WHITE,alphamountain/community-threat,alphamountain,2026-08-17T18:48:05Z,2026-08-17T18:48:05Z,alphamountain score: 7.66
addiz7ig7h.builtbytristn.com,domain,threat,low,WHITE,alphamountain/community-threat,alphamountain,2026-08-17T18:48:05Z,2026-08-17T18:48:05Z,alphamountain score: 9.33
zonelog605-dqbo.blogspot.ru,domain,threat,low,WHITE,alphamountain/community-threat,alphamountain,2026-08-17T18:48:05Z,2026-08-17T18:48:05Z,alphamountain score: 9.27
equity-bank.online,domain,threat,low,WHITE,alphamountain/community-threat,alphamountain,2026-08-17T18:48:05Z,2026-08-17T18:48:05Z,alphamountain score: 9.21
agentprofileledger.xyz,domain,threat,low,WHITE,alphamountain/community-threat,alphamountain,2026-08-17T18:48:05Z,2026-08-17T18:48:05Z,alphamountain score: 7.59
marijuana14680.diowebhost.com,domain,threat,low,WHITE,alphamountain/community-threat,alphamountain,2026-08-17T18:48:05Z,2026-08-17T18:48:05Z,alphamountain score: 9.15
dsvevdrdsa.vercel.app,domain,threat,low,WHITE,alphamountain/community-threat,alphamountain,2026-08-17T18:48:05Z,2026-08-17T18:48:05Z,alphamountain score: 9.31
pi-e.ink,domain,threat,low,WHITE,alphamountain/community-threat,alphamountain,2026-08-17T18:48:05Z,2026-08-17T18:48:05Z,alphamountain score: 9.34
skiledger.xyz,domain,threat,low,WHITE,alphamountain/community-threat,alphamountain,2026-08-17T18:48:05Z,2026-08-17T18:48:05Z,alphamountain score: 7.58
efgsfcfaxcatga-jnaxnjka.vercel.app,domain,threat,low,WHITE,alphamountain/community-threat,alphamountain,2026-08-17T18:48:05Z,2026-08-17T18:48:05Z,alphamountain score: 9.08
xbn.homes,domain,threat,low,WHITE,alphamountain/community-threat,alphamountain,2026-08-17T18:48:05Z,2026-08-17T18:48:05Z,alphamountain score: 7.63
ponkeinhood.xyz,domain,threat,low,WHITE,alphamountain/community-threat,alphamountain,2026-08-17T18:48:05Z,2026-08-17T18:48:05Z,alphamountain score: 7.58
5ov.lol,domain,threat,low,WHITE,alphamountain/community-threat,alphamountain,2026-08-17T18:48:05Z,2026-08-17T18:48:05Z,alphamountain score: 7.63
odjcgz.xyz,domain,threat,low,WHITE,alphamountain/community-threat,alphamountain,2026-08-17T18:48:05Z,2026-08-17T18:48:05Z,alphamountain score: 7.64
analysis-id-lfg.info,domain,threat,low,WHITE,alphamountain/community-threat,alphamountain,2026-08-17T18:48:05Z,2026-08-17T18:48:05Z,alphamountain score: 7.65
lux-no1aos1.blogspot.com,domain,threat,low,WHITE,alphamountain/community-threat,alphamountain,2026-08-17T18:48:05Z,2026-08-17T18:48:05Z,alphamountain score: 9.26
nocpmmda.icu,domain,threat,low,WHITE,alphamountain/community-threat,alphamountain,2026-08-17T18:48:05Z,2026-08-17T18:48:05Z,alphamountain score: 7.17
auszahlung-sofort-casino-online.best,domain,threat,low,WHITE,alphamountain/community-threat,alphamountain,2026-08-17T18:48:05Z,2026-08-17T18:48:05Z,alphamountain score: 7.56
odlncr.xyz,domain,threat,low,WHITE,alphamountain/community-threat,alphamountain,2026-08-17T18:48:05Z,2026-08-17T18:48:05Z,alphamountain score: 7.64
agenziiaentrate.cfd,domain,threat,low,WHITE,alphamountain/community-threat,alphamountain,2026-08-17T18:48:05Z,2026-08-17T18:48:05Z,alphamountain score: 7.68
eatledger.xyz,domain,threat,low,WHITE,alphamountain/community-threat,alphamountain,2026-08-17T18:48:05Z,2026-08-17T18:48:05Z,alphamountain score: 7.59
d2fe6a291ecb.xyz,domain,threat,low,WHITE,alphamountain/community-threat,alphamountain,2026-08-17T18:48:05Z,2026-08-17T18:48:05Z,alphamountain score: 7.58
novarendique.click,domain,threat,low,WHITE,alphamountain/community-threat,alphamountain,2026-08-17T18:48:05Z,2026-08-17T18:48:05Z,alphamountain score: 7.66
coriieo.buzz,domain,threat,low,WHITE,alphamountain/community-threat,alphamountain,2026-08-17T18:48:05Z,2026-08-17T18:48:05Z,alphamountain score: 7.69
afunik.sbs,domain,threat,low,WHITE,alphamountain/community-threat,alphamountain,2026-08-17T18:48:05Z,2026-08-17T18:48:05Z,alphamountain score: 9.21
dexscrxener.com,domain,threat,low,WHITE,alphamountain/community-threat,alphamountain,2026-08-17T18:48:05Z,2026-08-17T18:48:05Z,alphamountain score: 7.68
3fe4.zgtnlvps.cc,domain,threat,low,WHITE,alphamountain/community-threat,alphamountain,2026-08-17T18:48:05Z,2026-08-17T18:48:05Z,alphamountain score: 7.58
vamnfttbd.shop,domain,threat,low,WHITE,alphamountain/community-threat,alphamountain,2026-08-17T18:48:05Z,2026-08-17T18:48:05Z,alphamountain score: 7.66
9kkc.top,domain,threat,low,WHITE,alphamountain/community-threat,alphamountain,2026-08-17T18:48:05Z,2026-08-17T18:48:05Z,alphamountain score: 7.59
lux-eo0o0.blogspot.com,domain,threat,low,WHITE,alphamountain/community-threat,alphamountain,2026-08-17T18:48:05Z,2026-08-17T18:48:05Z,alphamountain score: 8.5
officepainelplayers.sbs,domain,threat,low,WHITE,alphamountain/community-threat,alphamountain,2026-08-17T18:48:05Z,2026-08-17T18:48:05Z,alphamountain score: 7.59
auth-pay-pal.com,domain,threat,low,WHITE,alphamountain/community-threat,alphamountain,2026-08-17T18:48:05Z,2026-08-17T18:48:05Z,alphamountain score: 7.65
agenziaentraete.cfd,domain,threat,low,WHITE,alphamountain/community-threat,alphamountain,2026-08-17T18:48:05Z,2026-08-17T18:48:05Z,alphamountain score: 7.67
seg-soclal.cfd,domain,threat,low,WHITE,alphamountain/community-threat,alphamountain,2026-08-17T18:48:05Z,2026-08-17T18:48:05Z,alphamountain score: 9.33
evercrestglobalbank.org,domain,threat,low,WHITE,alphamountain/community-threat,alphamountain,2026-08-17T18:48:05Z,2026-08-17T18:48:05Z,alphamountain score: 7.61
ledgertime.xyz,domain,threat,low,WHITE,alphamountain/community-threat,alphamountain,2026-08-17T18:48:05Z,2026-08-17T18:48:05Z,alphamountain score: 7.58
dashvitality.shop,domain,threat,low,WHITE,alphamountain/community-threat,alphamountain,2026-08-17T18:48:05Z,2026-08-17T18:48:05Z,alphamountain score: 7.61
rastrencomnds.com,domain,threat,low,WHITE,alphamountain/community-threat,alphamountain,2026-08-17T18:48:05Z,2026-08-17T18:48:05Z,alphamountain score: 7.62
ubdlvoq.info,domain,threat,low,WHITE,alphamountain/community-threat,alphamountain,2026-08-17T18:48:05Z,2026-08-17T18:48:05Z,alphamountain score: 9.21
ledgerchu.xyz,domain,threat,low,WHITE,alphamountain/community-threat,alphamountain,2026-08-17T18:48:05Z,2026-08-17T18:48:05Z,alphamountain score: 7.59
evoraetravelserver.live,domain,threat,low,WHITE,alphamountain/community-threat,alphamountain,2026-08-17T18:48:05Z,2026-08-17T18:48:05Z,alphamountain score: 9.24
appleg.qpon,domain,threat,low,WHITE,alphamountain/community-threat,alphamountain,2026-08-17T18:48:05Z,2026-08-17T18:48:05Z,alphamountain score: 7.59
amxpjtg785.qxofeg.wang,domain,threat,low,WHITE,alphamountain/community-threat,alphamountain,2026-08-17T18:48:05Z,2026-08-17T18:48:05Z,alphamountain score: 7.59
luxt1-opzanz.blogspot.com,domain,threat,low,WHITE,alphamountain/community-threat,alphamountain,2026-08-17T18:48:05Z,2026-08-17T18:48:05Z,alphamountain score: 9.26
financnaspraval.qpon,domain,threat,low,WHITE,alphamountain/community-threat,alphamountain,2026-08-17T18:48:05Z,2026-08-17T18:48:05Z,alphamountain score: 7.19
b0ae73ea747a.xyz,domain,threat,low,WHITE,alphamountain/community-threat,alphamountain,2026-08-17T18:48:05Z,2026-08-17T18:48:05Z,alphamountain score: 7.58
1tetshdf.vercel.app,domain,threat,low,WHITE,alphamountain/community-threat,alphamountain,2026-08-17T18:48:05Z,2026-08-17T18:48:05Z,alphamountain score: 9.31
claude-chat.cyou,domain,threat,low,WHITE,alphamountain/community-threat,alphamountain,2026-08-17T18:48:05Z,2026-08-17T18:48:05Z,alphamountain score: 7.59
21175.xyz,domain,threat,low,WHITE,alphamountain/community-threat,alphamountain,2026-08-17T18:48:05Z,2026-08-17T18:48:05Z,alphamountain score: 9.16
ledgerface.xyz,domain,threat,low,WHITE,alphamountain/community-threat,alphamountain,2026-08-17T18:48:05Z,2026-08-17T18:48:05Z,alphamountain score: 7.59
agenzivaentrat.cfd,domain,threat,low,WHITE,alphamountain/community-threat,alphamountain,2026-08-17T18:48:05Z,2026-08-17T18:48:05Z,alphamountain score: 7.19
mcafeescurty.blogspot.se,domain,threat,low,WHITE,alphamountain/community-threat,alphamountain,2026-08-17T18:48:05Z,2026-08-17T18:48:05Z,alphamountain score: 9.19
kodbcg.xyz,domain,threat,low,WHITE,alphamountain/community-threat,alphamountain,2026-08-17T18:48:05Z,2026-08-17T18:48:05Z,alphamountain score: 7.63
f7cgrehqyvg.67620768.cc,domain,threat,low,WHITE,alphamountain/community-threat,alphamountain,2026-08-17T18:48:05Z,2026-08-17T18:48:05Z,alphamountain score: 7.58
netflix-renouveler-mon-abonnement.com,domain,threat,low,WHITE,alphamountain/community-threat,alphamountain,2026-08-17T18:48:05Z,2026-08-17T18:48:05Z,alphamountain score: 7.61
q4czstxrjoov6ruu6oshjybe4g6kbofwex2hsgxv3inqnhy5ctaa.arweave.net,domain,threat,low,WHITE,alphamountain/community-threat,alphamountain,2026-08-17T18:48:05Z,2026-08-17T18:48:05Z,alphamountain score: 7.61
update-order-ntflx1752.info,domain,threat,low,WHITE,alphamountain/community-threat,alphamountain,2026-08-17T18:48:05Z,2026-08-17T18:48:05Z,alphamountain score: 7.65
earnmrcz-ckskbd.xyz,domain,threat,low,WHITE,alphamountain/community-threat,alphamountain,2026-08-17T18:48:05Z,2026-08-17T18:48:05Z,alphamountain score: 7.61
openaijustone.buzz,domain,threat,low,WHITE,alphamountain/community-threat,alphamountain,2026-08-17T18:48:05Z,2026-08-17T18:48:05Z,alphamountain score: 7.59
tmallswift.com,domain,threat,low,WHITE,alphamountain/community-threat,alphamountain,2026-08-17T18:48:05Z,2026-08-17T18:48:05Z,alphamountain score: 9.21
helz.top,domain,threat,low,WHITE,alphamountain/community-threat,alphamountain,2026-08-17T18:48:05Z,2026-08-17T18:48:05Z,alphamountain score: 7.63
login-auth-portal-onlinegov.com,domain,threat,low,WHITE,alphamountain/community-threat,alphamountain,2026-08-17T18:48:05Z,2026-08-17T18:48:05Z,alphamountain score: 9.23
5cv.homes,domain,threat,low,WHITE,alphamountain/community-threat,alphamountain,2026-08-17T18:48:05Z,2026-08-17T18:48:05Z,alphamountain score: 7.63
judijiz8a.surf,domain,threat,low,WHITE,alphamountain/community-threat,alphamountain,2026-08-17T18:48:05Z,2026-08-17T18:48:05Z,alphamountain score: 9.28
skinessencebeauty.com,domain,threat,low,WHITE,alphamountain/community-threat,alphamountain,2026-08-17T18:48:05Z,2026-08-17T18:48:05Z,alphamountain score: 7.62
megahandlesdirect.com,domain,threat,low,WHITE,alphamountain/community-threat,alphamountain,2026-08-17T18:48:05Z,2026-08-17T18:48:05Z,alphamountain score: 9.14
gls-grouvpp.cfd,domain,threat,low,WHITE,alphamountain/community-threat,alphamountain,2026-08-17T18:48:05Z,2026-08-17T18:48:05Z,alphamountain score: 7.19
citronpower.shop,domain,threat,low,WHITE,alphamountain/community-threat,alphamountain,2026-08-17T18:48:05Z,2026-08-17T18:48:05Z,alphamountain score: 9.23
ledgeritem.xyz,domain,threat,low,WHITE,alphamountain/community-threat,alphamountain,2026-08-17T18:48:05Z,2026-08-17T18:48:05Z,alphamountain score: 7.58
www-applearg.info,domain,threat,low,WHITE,alphamountain/community-threat,alphamountain,2026-08-17T18:48:05Z,2026-08-17T18:48:05Z,alphamountain score: 9.23
last30geng353.top,domain,threat,low,WHITE,alphamountain/community-threat,alphamountain,2026-08-17T18:48:05Z,2026-08-17T18:48:05Z,alphamountain score: 7.64
coinsxrp.net,domain,threat,low,WHITE,alphamountain/community-threat,alphamountain,2026-08-17T18:48:05Z,2026-08-17T18:48:05Z,alphamountain score: 7.66
companyepic.com,domain,threat,low,WHITE,alphamountain/community-threat,alphamountain,2026-08-17T18:48:05Z,2026-08-17T18:48:05Z,alphamountain score: 9.09
z7x0v.icu,domain,threat,low,WHITE,alphamountain/community-threat,alphamountain,2026-08-17T18:48:05Z,2026-08-17T18:48:05Z,alphamountain score: 9.23
wvw-irs-gov.com,domain,threat,low,WHITE,alphamountain/community-threat,alphamountain,2026-08-17T18:48:05Z,2026-08-17T18:48:05Z,alphamountain score: 9.22
taimei-llov054.com,domain,threat,low,WHITE,alphamountain/community-threat,alphamountain,2026-08-17T18:48:05Z,2026-08-17T18:48:05Z,alphamountain score: 7.59
slushfxtinvestments.sbs,domain,threat,low,WHITE,alphamountain/community-threat,alphamountain,2026-08-17T18:48:05Z,2026-08-17T18:48:05Z,alphamountain score: 9.22
1ce6bca82e69.xyz,domain,threat,low,WHITE,alphamountain/community-threat,alphamountain,2026-08-17T18:48:05Z,2026-08-17T18:48:05Z,alphamountain score: 7.58
gls-groueop.cfd,domain,threat,low,WHITE,alphamountain/community-threat,alphamountain,2026-08-17T18:48:05Z,2026-08-17T18:48:05Z,alphamountain score: 7.19
lux-bantitii1.blogspot.com,domain,threat,low,WHITE,alphamountain/community-threat,alphamountain,2026-08-17T18:48:05Z,2026-08-17T18:48:05Z,alphamountain score: 8.5
filmnova.xyz,domain,threat,low,WHITE,alphamountain/community-threat,alphamountain,2026-08-17T18:48:05Z,2026-08-17T18:48:05Z,alphamountain score: 7.58
ledgersumo.xyz,domain,threat,low,WHITE,alphamountain/community-threat,alphamountain,2026-08-17T18:48:05Z,2026-08-17T18:48:05Z,alphamountain score: 7.58
outilsdechangement.online,domain,threat,low,WHITE,alphamountain/community-threat,alphamountain,2026-08-17T18:48:05Z,2026-08-17T18:48:05Z,alphamountain score: 7.68
976723.shop,domain,threat,low,WHITE,alphamountain/community-threat,alphamountain,2026-08-17T18:48:05Z,2026-08-17T18:48:05Z,alphamountain score: 7.59
s4d0f.icu,domain,threat,low,WHITE,alphamountain/community-threat,alphamountain,2026-08-17T18:48:05Z,2026-08-17T18:48:05Z,alphamountain score: 7.64
gov-gvr.cfd,domain,threat,low,WHITE,alphamountain/community-threat,alphamountain,2026-08-17T18:48:05Z,2026-08-17T18:48:05Z,alphamountain score: 8.64
kk15u.icu,domain,threat,low,WHITE,alphamountain/community-threat,alphamountain,2026-08-17T18:48:05Z,2026-08-17T18:48:05Z,alphamountain score: 7.66
agenziaentrawte.cfd,domain,threat,low,WHITE,alphamountain/community-threat,alphamountain,2026-08-17T18:48:05Z,2026-08-17T18:48:05Z,alphamountain score: 9.33
cemell.bond,domain,threat,low,WHITE,alphamountain/community-threat,alphamountain,2026-08-17T18:48:05Z,2026-08-17T18:48:05Z,alphamountain score: 8.56
masdozx1.blogspot.com,domain,threat,low,WHITE,alphamountain/community-threat,alphamountain,2026-08-17T18:48:05Z,2026-08-17T18:48:05Z,alphamountain score: 9.26
vergerise.shop,domain,threat,low,WHITE,alphamountain/community-threat,alphamountain,2026-08-17T18:48:05Z,2026-08-17T18:48:05Z,alphamountain score: 9.24
7f2qs.shdeknpny.cc,domain,threat,low,WHITE,alphamountain/community-threat,alphamountain,2026-08-17T18:48:05Z,2026-08-17T18:48:05Z,alphamountain score: 7.58
dexscreener-votes.com,domain,threat,low,WHITE,alphamountain/community-threat,alphamountain,2026-08-17T18:48:05Z,2026-08-17T18:48:05Z,alphamountain score: 7.66
com-akn075.top,domain,threat,low,WHITE,alphamountain/community-threat,alphamountain,2026-08-17T18:48:05Z,2026-08-17T18:48:05Z,alphamountain score: 9.29
update.marsed.de.com,domain,threat,low,WHITE,alphamountain/community-threat,alphamountain,2026-08-17T18:48:05Z,2026-08-17T18:48:05Z,alphamountain score: 7.49
filobvesti.rest,domain,threat,low,WHITE,alphamountain/community-threat,alphamountain,2026-08-17T18:48:05Z,2026-08-17T18:48:05Z,alphamountain score: 7.44
bafybeigiet3znlce7ngyf2c43xxbyi7uwgnswrniwvjubgsrerf7ifuf6i.ipfs.dweb.link,domain,threat,low,WHITE,alphamountain/community-threat,alphamountain,2026-08-17T18:48:05Z,2026-08-17T18:48:05Z,alphamountain score: 7.53
saelvute.cfd,domain,threat,low,WHITE,alphamountain/community-threat,alphamountain,2026-08-17T18:48:05Z,2026-08-17T18:48:05Z,alphamountain score: 7.19
encontrado-mx.com,domain,threat,low,WHITE,alphamountain/community-threat,alphamountain,2026-08-17T18:48:05Z,2026-08-17T18:48:05Z,alphamountain score: 9.22
toolsmastercracked.click,domain,threat,low,WHITE,alphamountain/community-threat,alphamountain,2026-08-17T18:48:05Z,2026-08-17T18:48:05Z,alphamountain score: 7.65
calverindos.click,domain,threat,low,WHITE,alphamountain/community-threat,alphamountain,2026-08-17T18:48:05Z,2026-08-17T18:48:05Z,alphamountain score: 9.21
grompel.shop,domain,threat,low,WHITE,alphamountain/community-threat,alphamountain,2026-08-17T18:48:05Z,2026-08-17T18:48:05Z,alphamountain score: 9.31
aulinksm.com,domain,threat,low,WHITE,alphamountain/community-threat,alphamountain,2026-08-17T18:48:05Z,2026-08-17T18:48:05Z,alphamountain score: 7.64
b3475.top,domain,threat,low,WHITE,alphamountain/community-threat,alphamountain,2026-08-17T18:48:05Z,2026-08-17T18:48:05Z,alphamountain score: 7.61
nid-navermaw.servequake.com,domain,threat,low,WHITE,alphamountain/community-threat,alphamountain,2026-08-17T18:48:05Z,2026-08-17T18:48:05Z,alphamountain score: 9.22
p3m.pics,domain,threat,low,WHITE,alphamountain/community-threat,alphamountain,2026-08-17T18:48:05Z,2026-08-17T18:48:05Z,alphamountain score: 7.69
fahhldihv.cc,domain,threat,low,WHITE,alphamountain/community-threat,alphamountain,2026-08-17T18:48:05Z,2026-08-17T18:48:05Z,alphamountain score: 7.58
revslots-be.com,domain,threat,low,WHITE,alphamountain/community-threat,alphamountain,2026-08-17T18:48:05Z,2026-08-17T18:48:05Z,alphamountain score: 9.21
gachapool.com,domain,threat,low,WHITE,alphamountain/community-threat,alphamountain,2026-08-17T18:48:05Z,2026-08-17T18:48:05Z,alphamountain score: 9.19
agenzziaentrate.cfd,domain,threat,low,WHITE,alphamountain/community-threat,alphamountain,2026-08-17T18:48:05Z,2026-08-17T18:48:05Z,alphamountain score: 7.68
chamyandfriends.com,domain,threat,low,WHITE,alphamountain/community-threat,alphamountain,2026-08-17T18:48:05Z,2026-08-17T18:48:05Z,alphamountain score: 7.58
lzoxpasa1.blogspot.com,domain,threat,low,WHITE,alphamountain/community-threat,alphamountain,2026-08-17T18:48:05Z,2026-08-17T18:48:05Z,alphamountain score: 8.5
xn--czbzc-n4acc.com,domain,threat,low,WHITE,alphamountain/community-threat,alphamountain,2026-08-17T18:48:05Z,2026-08-17T18:48:05Z,alphamountain score: 7.59
podledger.xyz,domain,threat,low,WHITE,alphamountain/community-threat,alphamountain,2026-08-17T18:48:05Z,2026-08-17T18:48:05Z,alphamountain score: 7.59
lncc0me-recelpt.shop,domain,threat,low,WHITE,alphamountain/community-threat,alphamountain,2026-08-17T18:48:05Z,2026-08-17T18:48:05Z,alphamountain score: 7.62
3ba3bb960c96.xyz,domain,threat,low,WHITE,alphamountain/community-threat,alphamountain,2026-08-17T18:48:05Z,2026-08-17T18:48:05Z,alphamountain score: 7.58
sproutlyrwa.xyz,domain,threat,low,WHITE,alphamountain/community-threat,alphamountain,2026-08-17T18:48:05Z,2026-08-17T18:48:05Z,alphamountain score: 7.68
agenziaentrante.cfd,domain,threat,low,WHITE,alphamountain/community-threat,alphamountain,2026-08-17T18:48:05Z,2026-08-17T18:48:05Z,alphamountain score: 9.33
midnedilgn.dynuddns.com,domain,threat,low,WHITE,alphamountain/community-threat,alphamountain,2026-08-17T18:48:05Z,2026-08-17T18:48:05Z,alphamountain score: 7.54
826710.help,domain,threat,low,WHITE,alphamountain/community-threat,alphamountain,2026-08-17T18:48:05Z,2026-08-17T18:48:05Z,alphamountain score: 7.62
krf-v.com,domain,threat,low,WHITE,alphamountain/community-threat,alphamountain,2026-08-17T18:48:05Z,2026-08-17T18:48:05Z,alphamountain score: 7.66
bizloancreatortools.com,domain,threat,low,WHITE,alphamountain/community-threat,alphamountain,2026-08-17T18:48:05Z,2026-08-17T18:48:05Z,alphamountain score: 7.58
ledgerlad.xyz,domain,threat,low,WHITE,alphamountain/community-threat,alphamountain,2026-08-17T18:48:05Z,2026-08-17T18:48:05Z,alphamountain score: 7.58
axx09.icu,domain,threat,low,WHITE,alphamountain/community-threat,alphamountain,2026-08-17T18:48:05Z,2026-08-17T18:48:05Z,alphamountain score: 7.66
kmwv.top,domain,threat,low,WHITE,alphamountain/community-threat,alphamountain,2026-08-17T18:48:05Z,2026-08-17T18:48:05Z,alphamountain score: 7.6
cranedancetv.com,domain,threat,low,WHITE,alphamountain/community-threat,alphamountain,2026-08-17T18:48:05Z,2026-08-17T18:48:05Z,alphamountain score: 7.55
bciries.com,domain,threat,low,WHITE,alphamountain/community-threat,alphamountain,2026-08-17T18:48:05Z,2026-08-17T18:48:05Z,alphamountain score: 7.66
gls-grouezp.cfd,domain,threat,low,WHITE,alphamountain/community-threat,alphamountain,2026-08-17T18:48:05Z,2026-08-17T18:48:05Z,alphamountain score: 7.19
49q.click,domain,threat,low,WHITE,alphamountain/community-threat,alphamountain,2026-08-17T18:48:05Z,2026-08-17T18:48:05Z,alphamountain score: 7.61
openaijustthree.buzz,domain,threat,low,WHITE,alphamountain/community-threat,alphamountain,2026-08-17T18:48:05Z,2026-08-17T18:48:05Z,alphamountain score: 7.59
odpcsx.xyz,domain,threat,low,WHITE,alphamountain/community-threat,alphamountain,2026-08-17T18:48:05Z,2026-08-17T18:48:05Z,alphamountain score: 7.64
cloud-ld-lsupport.com,domain,threat,low,WHITE,alphamountain/community-threat,alphamountain,2026-08-17T18:48:05Z,2026-08-17T18:48:05Z,alphamountain score: 9.18
domaines.life,domain,threat,low,WHITE,alphamountain/community-threat,alphamountain,2026-08-17T18:48:05Z,2026-08-17T18:48:05Z,alphamountain score: 9.21
gongwen-api.xyz,domain,threat,low,WHITE,alphamountain/community-threat,alphamountain,2026-08-17T18:48:05Z,2026-08-17T18:48:05Z,alphamountain score: 7.58
atlastravels.online,domain,threat,low,WHITE,alphamountain/community-threat,alphamountain,2026-08-17T18:48:05Z,2026-08-17T18:48:05Z,alphamountain score: 9.17
wwwbosscat.com,domain,threat,low,WHITE,alphamountain/community-threat,alphamountain,2026-08-17T18:48:05Z,2026-08-17T18:48:05Z,alphamountain score: 9.24
fairlifesingapore.com,domain,threat,low,WHITE,alphamountain/community-threat,alphamountain,2026-08-17T18:48:05Z,2026-08-17T18:48:05Z,alphamountain score: 9.17
o-y-t-m.com,domain,threat,low,WHITE,alphamountain/community-threat,alphamountain,2026-08-17T18:48:05Z,2026-08-17T18:48:05Z,alphamountain score: 9.12
ndsfsdfgnwstreyngbzxcvdxfz.vercel.app,domain,threat,low,WHITE,alphamountain/community-threat,alphamountain,2026-08-17T18:48:05Z,2026-08-17T18:48:05Z,alphamountain score: 9.21
21184.xyz,domain,threat,low,WHITE,alphamountain/community-threat,alphamountain,2026-08-17T18:48:05Z,2026-08-17T18:48:05Z,alphamountain score: 9.19
cdxyrs.cfd,domain,threat,low,WHITE,alphamountain/community-threat,alphamountain,2026-08-17T18:48:05Z,2026-08-17T18:48:05Z,alphamountain score: 9.21
telegrambw-app.com,domain,threat,low,WHITE,alphamountain/community-threat,alphamountain,2026-08-17T18:48:05Z,2026-08-17T18:48:05Z,alphamountain score: 9.21
restraincirculate.com,domain,threat,low,WHITE,alphamountain/community-threat,alphamountain,2026-08-17T18:48:05Z,2026-08-17T18:48:05Z,alphamountain score: 7.69
odjyuct.xyz,domain,threat,low,WHITE,alphamountain/community-threat,alphamountain,2026-08-17T18:48:05Z,2026-08-17T18:48:05Z,alphamountain score: 7.64
obzkkczff60a1vb5.xyz,domain,threat,low,WHITE,alphamountain/community-threat,alphamountain,2026-08-17T18:48:05Z,2026-08-17T18:48:05Z,alphamountain score: 7.5
wo-acp.com,domain,threat,low,WHITE,alphamountain/community-threat,alphamountain,2026-08-17T18:48:05Z,2026-08-17T18:48:05Z,alphamountain score: 7.64
rcnmailsetup-0.netlify.app,domain,threat,low,WHITE,alphamountain/community-threat,alphamountain,2026-08-17T18:48:05Z,2026-08-17T18:48:05Z,alphamountain score: 8.81
bdo-vp.com,domain,threat,low,WHITE,alphamountain/community-threat,alphamountain,2026-08-17T18:48:05Z,2026-08-17T18:48:05Z,alphamountain score: 7.66
proofer.cc,domain,threat,low,WHITE,alphamountain/community-threat,alphamountain,2026-08-17T18:48:05Z,2026-08-17T18:48:05Z,alphamountain score: 7.56
andoluslotmobil-app.icu,domain,threat,low,WHITE,alphamountain/community-threat,alphamountain,2026-08-17T18:48:05Z,2026-08-17T18:48:05Z,alphamountain score: 7.63
snowfishteam.online,domain,threat,low,WHITE,alphamountain/community-threat,alphamountain,2026-08-17T18:48:05Z,2026-08-17T18:48:05Z,alphamountain score: 7.62
mtch.fun,domain,threat,low,WHITE,alphamountain/community-threat,alphamountain,2026-08-17T18:48:05Z,2026-08-17T18:48:05Z,alphamountain score: 7.61
abcbritish.com,domain,threat,low,WHITE,alphamountain/community-threat,alphamountain,2026-08-17T18:48:05Z,2026-08-17T18:48:05Z,alphamountain score: 9.21
edelnricse.sbs,domain,threat,low,WHITE,alphamountain/community-threat,alphamountain,2026-08-17T18:48:05Z,2026-08-17T18:48:05Z,alphamountain score: 9.21
ez0-pas10aq.blogspot.com,domain,threat,low,WHITE,alphamountain/community-threat,alphamountain,2026-08-17T18:48:05Z,2026-08-17T18:48:05Z,alphamountain score: 9.26
mgxgrw.top,domain,threat,low,WHITE,alphamountain/community-threat,alphamountain,2026-08-17T18:48:05Z,2026-08-17T18:48:05Z,alphamountain score: 9.22
movecrypt.shop,domain,threat,low,WHITE,alphamountain/community-threat,alphamountain,2026-08-17T18:48:05Z,2026-08-17T18:48:05Z,alphamountain score: 9.22
agenziaendtrate.cfd,domain,threat,low,WHITE,alphamountain/community-threat,alphamountain,2026-08-17T18:48:05Z,2026-08-17T18:48:05Z,alphamountain score: 9.33
bdb412564a40.xyz,domain,threat,low,WHITE,alphamountain/community-threat,alphamountain,2026-08-17T18:48:05Z,2026-08-17T18:48:05Z,alphamountain score: 7.59
overstoi.com,domain,threat,low,WHITE,alphamountain/community-threat,alphamountain,2026-08-17T18:48:05Z,2026-08-17T18:48:05Z,alphamountain score: 7.61
jcbphshop.com,domain,threat,low,WHITE,alphamountain/community-threat,alphamountain,2026-08-17T18:48:05Z,2026-08-17T18:48:05Z,alphamountain score: 9.23
umleq.top,domain,threat,low,WHITE,alphamountain/community-threat,alphamountain,2026-08-17T18:48:05Z,2026-08-17T18:48:05Z,alphamountain score: 7.65
26he.cc,domain,threat,low,WHITE,alphamountain/community-threat,alphamountain,2026-08-17T18:48:05Z,2026-08-17T18:48:05Z,alphamountain score: 7.58
recibenvia.cc,domain,threat,low,WHITE,alphamountain/community-threat,alphamountain,2026-08-17T18:48:05Z,2026-08-17T18:48:05Z,alphamountain score: 7.58
fpx-ge1tgo.blogspot.com,domain,threat,low,WHITE,alphamountain/community-threat,alphamountain,2026-08-17T18:48:05Z,2026-08-17T18:48:05Z,alphamountain score: 8.5
0wo6yhe3.skin,domain,threat,low,WHITE,alphamountain/community-threat,alphamountain,2026-08-17T18:48:05Z,2026-08-17T18:48:05Z,alphamountain score: 8.56
agentpolicyledger.xyz,domain,threat,low,WHITE,alphamountain/community-threat,alphamountain,2026-08-17T18:48:05Z,2026-08-17T18:48:05Z,alphamountain score: 7.59
agenziaventrate.cfd,domain,threat,low,WHITE,alphamountain/community-threat,alphamountain,2026-08-17T18:48:05Z,2026-08-17T18:48:05Z,alphamountain score: 9.33
agenziaentradte.cfd,domain,threat,low,WHITE,alphamountain/community-threat,alphamountain,2026-08-17T18:48:05Z,2026-08-17T18:48:05Z,alphamountain score: 7.19
com-acceptt.com,domain,threat,low,WHITE,alphamountain/community-threat,alphamountain,2026-08-17T18:48:05Z,2026-08-17T18:48:05Z,alphamountain score: 7.67
iwht-protect.pro,domain,threat,low,WHITE,alphamountain/community-threat,alphamountain,2026-08-17T18:48:05Z,2026-08-17T18:48:05Z,alphamountain score: 7.69
gpde.czugm.cc,domain,threat,low,WHITE,alphamountain/community-threat,alphamountain,2026-08-17T18:48:05Z,2026-08-17T18:48:05Z,alphamountain score: 7.58
ld.hillsakra.com,domain,threat,low,WHITE,alphamountain/community-threat,alphamountain,2026-08-17T18:48:05Z,2026-08-17T18:48:05Z,alphamountain score: 7.59
saergebfg.top,domain,threat,low,WHITE,alphamountain/community-threat,alphamountain,2026-08-17T18:48:05Z,2026-08-17T18:48:05Z,alphamountain score: 7.66
onlinehub-jiuyou.com.cn,domain,threat,low,WHITE,alphamountain/community-threat,alphamountain,2026-08-17T18:48:05Z,2026-08-17T18:48:05Z,alphamountain score: 7.59
whatspp99.com,domain,threat,low,WHITE,alphamountain/community-threat,alphamountain,2026-08-17T18:48:05Z,2026-08-17T18:48:05Z,alphamountain score: 7.68
agenziaenttrate.cfd,domain,threat,low,WHITE,alphamountain/community-threat,alphamountain,2026-08-17T18:48:05Z,2026-08-17T18:48:05Z,alphamountain score: 9.33
openaijusttwo.buzz,domain,threat,low,WHITE,alphamountain/community-threat,alphamountain,2026-08-17T18:48:05Z,2026-08-17T18:48:05Z,alphamountain score: 7.59
pasdpalz1.blogspot.com,domain,threat,low,WHITE,alphamountain/community-threat,alphamountain,2026-08-17T18:48:05Z,2026-08-17T18:48:05Z,alphamountain score: 9.26
elta-gr.cfd,domain,threat,low,WHITE,alphamountain/community-threat,alphamountain,2026-08-17T18:48:05Z,2026-08-17T18:48:05Z,alphamountain score: 9.19
allegro.150hhitismatr84390.casa,domain,threat,low,WHITE,alphamountain/community-threat,alphamountain,2026-08-17T18:48:05Z,2026-08-17T18:48:05Z,alphamountain score: 8.5
allegrolokalnie.help,domain,threat,low,WHITE,alphamountain/community-threat,alphamountain,2026-08-17T18:48:05Z,2026-08-17T18:48:05Z,alphamountain score: 8.5
b848ac42cb37941448d5003bc766bc63.dynaccent.net,domain,threat,low,WHITE,alphamountain/community-threat,alphamountain,2026-08-17T18:48:05Z,2026-08-17T18:48:05Z,alphamountain score: 7.0
cavamn.so,domain,threat,low,WHITE,alphamountain/community-threat,alphamountain,2026-08-17T18:48:05Z,2026-08-17T18:48:05Z,alphamountain score: 7.0
feftxg.influentialmark.com,domain,threat,low,WHITE,alphamountain/community-threat,alphamountain,2026-08-17T18:48:05Z,2026-08-17T18:48:05Z,alphamountain score: 8.5
koora22.live,domain,threat,low,WHITE,alphamountain/community-threat,alphamountain,2026-08-17T18:48:05Z,2026-08-17T18:48:05Z,alphamountain score: 7.0
lift-energy.top,domain,threat,low,WHITE,alphamountain/community-threat,alphamountain,2026-08-17T18:48:05Z,2026-08-17T18:48:05Z,alphamountain score: 7.0
memoryhealth.deepintersect.com,domain,threat,low,WHITE,alphamountain/community-threat,alphamountain,2026-08-17T18:48:05Z,2026-08-17T18:48:05Z,alphamountain score: 7.0
nc-native.obiente.dev,domain,threat,low,WHITE,alphamountain/community-threat,alphamountain,2026-08-17T18:48:05Z,2026-08-17T18:48:05Z,alphamountain score: 8.5
passaaaaaarrr.tdomainasite.ir,domain,threat,low,WHITE,alphamountain/community-threat,alphamountain,2026-08-17T18:48:05Z,2026-08-17T18:48:05Z,alphamountain score: 7.0
49496688123.cc,domain,threat,low,WHITE,alphamountain/community-threat,alphamountain,2026-08-17T18:48:05Z,2026-08-17T18:48:05Z,alphamountain score: 7.58
vfqncdtt88em9u8ymso8bjowjvb5mhphmfb21-h14v.vercel.app,domain,threat,low,WHITE,alphamountain/community-threat,alphamountain,2026-08-17T18:48:05Z,2026-08-17T18:48:05Z,alphamountain score: 9.32
white88.net,domain,threat,low,WHITE,alphamountain/community-threat,alphamountain,2026-08-17T18:48:05Z,2026-08-17T18:48:05Z,alphamountain score: 9.08
paradoxlabs.cc,domain,threat,low,WHITE,alphamountain/community-threat,alphamountain,2026-08-17T18:48:05Z,2026-08-17T18:48:05Z,alphamountain score: 7.58
sotopiingpi91.xyz,domain,threat,low,WHITE,alphamountain/community-threat,alphamountain,2026-08-17T18:48:05Z,2026-08-17T18:48:05Z,alphamountain score: 7.61
c.by001.xyz,domain,threat,low,WHITE,alphamountain/community-threat,alphamountain,2026-08-17T18:48:05Z,2026-08-17T18:48:05Z,alphamountain score: 7.57
coreo.buzz,domain,threat,low,WHITE,alphamountain/community-threat,alphamountain,2026-08-17T18:48:05Z,2026-08-17T18:48:05Z,alphamountain score: 7.61
wiki.wqpjggza.cc,domain,threat,low,WHITE,alphamountain/community-threat,alphamountain,2026-08-17T18:48:05Z,2026-08-17T18:48:05Z,alphamountain score: 7.63
d5a.bbrmvbm.cc,domain,threat,low,WHITE,alphamountain/community-threat,alphamountain,2026-08-17T18:48:05Z,2026-08-17T18:48:05Z,alphamountain score: 9.24
stalyvide.xyz,domain,threat,low,WHITE,alphamountain/community-threat,alphamountain,2026-08-17T18:48:05Z,2026-08-17T18:48:05Z,alphamountain score: 7.54
smilesdentals.com,domain,threat,low,WHITE,alphamountain/community-threat,alphamountain,2026-08-17T18:48:05Z,2026-08-17T18:48:05Z,alphamountain score: 9.22
sdigiferve.shop,domain,threat,low,WHITE,alphamountain/community-threat,alphamountain,2026-08-17T18:48:05Z,2026-08-17T18:48:05Z,alphamountain score: 9.33
bbaopfpwfapofkawafpwfewfewf.buzz,domain,threat,low,WHITE,alphamountain/community-threat,alphamountain,2026-08-17T18:48:05Z,2026-08-17T18:48:05Z,alphamountain score: 7.59
ruta-nueva.cc,domain,threat,low,WHITE,alphamountain/community-threat,alphamountain,2026-08-17T18:48:05Z,2026-08-17T18:48:05Z,alphamountain score: 7.58
htgzyr.shop,domain,threat,low,WHITE,alphamountain/community-threat,alphamountain,2026-08-17T18:48:05Z,2026-08-17T18:48:05Z,alphamountain score: 9.23
xyzfcya.xyz,domain,threat,low,WHITE,alphamountain/community-threat,alphamountain,2026-08-17T18:48:05Z,2026-08-17T18:48:05Z,alphamountain score: 7.59
microg.cc,domain,threat,low,WHITE,alphamountain/community-threat,alphamountain,2026-08-17T18:48:05Z,2026-08-17T18:48:05Z,alphamountain score: 7.53
mylifeos.cc,domain,threat,low,WHITE,alphamountain/community-threat,alphamountain,2026-08-17T18:48:05Z,2026-08-17T18:48:05Z,alphamountain score: 7.58
xfinx.buzz,domain,threat,low,WHITE,alphamountain/community-threat,alphamountain,2026-08-17T18:48:05Z,2026-08-17T18:48:05Z,alphamountain score: 7.58
t030.cc,domain,threat,low,WHITE,alphamountain/community-threat,alphamountain,2026-08-17T18:48:05Z,2026-08-17T18:48:05Z,alphamountain score: 7.56
zteog.ddns.net,domain,threat,low,WHITE,alphamountain/community-threat,alphamountain,2026-08-17T18:48:05Z,2026-08-17T18:48:05Z,alphamountain score: 7.0
zoneclickstop456.sbs,domain,threat,low,WHITE,alphamountain/community-threat,alphamountain,2026-08-17T18:48:05Z,2026-08-17T18:48:05Z,alphamountain score: 7.63
ana-award.mileageamc.com,domain,threat,low,WHITE,alphamountain/community-threat,alphamountain,2026-08-17T18:48:05Z,2026-08-17T18:48:05Z,alphamountain score: 8.92
romeatac.cc,domain,threat,low,WHITE,alphamountain/community-threat,alphamountain,2026-08-17T18:48:05Z,2026-08-17T18:48:05Z,alphamountain score: 7.58
298082.cc,domain,threat,low,WHITE,alphamountain/community-threat,alphamountain,2026-08-17T18:48:05Z,2026-08-17T18:48:05Z,alphamountain score: 7.61
tr.matbet-pzarbonusu.icu,domain,threat,low,WHITE,alphamountain/community-threat,alphamountain,2026-08-17T18:48:05Z,2026-08-17T18:48:05Z,alphamountain score: 7.63
facebook-page-clone.vercel.app,domain,threat,low,WHITE,alphamountain/community-threat,alphamountain,2026-08-17T18:48:05Z,2026-08-17T18:48:05Z,alphamountain score: 8.72
glkconstruction.link,domain,threat,low,WHITE,alphamountain/community-threat,alphamountain,2026-08-17T18:48:05Z,2026-08-17T18:48:05Z,alphamountain score: 7.58
memekts.top,domain,threat,low,WHITE,alphamountain/community-threat,alphamountain,2026-08-17T18:48:05Z,2026-08-17T18:48:05Z,alphamountain score: 7.59
mm51-l182.cc,domain,threat,low,WHITE,alphamountain/community-threat,alphamountain,2026-08-17T18:48:05Z,2026-08-17T18:48:05Z,alphamountain score: 7.56
curena.cc,domain,threat,low,WHITE,alphamountain/community-threat,alphamountain,2026-08-17T18:48:05Z,2026-08-17T18:48:05Z,alphamountain score: 7.58
interbenefit.boosterseo-39.xyz,domain,threat,low,WHITE,alphamountain/community-threat,alphamountain,2026-08-17T18:48:05Z,2026-08-17T18:48:05Z,alphamountain score: 7.58
mail.hw-leasing.de.com,domain,threat,low,WHITE,alphamountain/community-threat,alphamountain,2026-08-17T18:48:05Z,2026-08-17T18:48:05Z,alphamountain score: 7.48
213539.cc,domain,threat,low,WHITE,alphamountain/community-threat,alphamountain,2026-08-17T18:48:05Z,2026-08-17T18:48:05Z,alphamountain score: 7.61
227146.cc,domain,threat,low,WHITE,alphamountain/community-threat,alphamountain,2026-08-17T18:48:05Z,2026-08-17T18:48:05Z,alphamountain score: 7.61
shy-term-94d3.levigay748.workers.dev,domain,threat,low,WHITE,alphamountain/community-threat,alphamountain,2026-08-17T18:48:05Z,2026-08-17T18:48:05Z,alphamountain score: 9.06
cipherchat.cc,domain,threat,low,WHITE,alphamountain/community-threat,alphamountain,2026-08-17T18:48:05Z,2026-08-17T18:48:05Z,alphamountain score: 7.58
lokalna-ofera748329.lol,domain,threat,low,WHITE,alphamountain/community-threat,alphamountain,2026-08-17T18:48:05Z,2026-08-17T18:48:05Z,alphamountain score: 9.21
jobs.muxistudio.xyz,domain,threat,low,WHITE,alphamountain/community-threat,alphamountain,2026-08-17T18:48:05Z,2026-08-17T18:48:05Z,alphamountain score: 7.54
interbahis-linkidir.icu,domain,threat,low,WHITE,alphamountain/community-threat,alphamountain,2026-08-17T18:48:05Z,2026-08-17T18:48:05Z,alphamountain score: 7.59
updvd2.cc,domain,threat,low,WHITE,alphamountain/community-threat,alphamountain,2026-08-17T18:48:05Z,2026-08-17T18:48:05Z,alphamountain score: 7.58
ricciuti.site,domain,threat,low,WHITE,alphamountain/community-threat,alphamountain,2026-08-17T18:48:05Z,2026-08-17T18:48:05Z,alphamountain score: 7.67
zjf.qzq.mybluehost.me,domain,threat,low,WHITE,alphamountain/community-threat,alphamountain,2026-08-17T18:48:05Z,2026-08-17T18:48:05Z,alphamountain score: 9.23
sip.peercorpsglobal.xyz,domain,threat,low,WHITE,alphamountain/community-threat,alphamountain,2026-08-17T18:48:05Z,2026-08-17T18:48:05Z,alphamountain score: 7.59
cncbet.mom,domain,threat,low,WHITE,alphamountain/community-threat,alphamountain,2026-08-17T18:48:05Z,2026-08-17T18:48:05Z,alphamountain score: 9.14
mailplan.cc,domain,threat,low,WHITE,alphamountain/community-threat,alphamountain,2026-08-17T18:48:05Z,2026-08-17T18:48:05Z,alphamountain score: 7.58
a50j.xyz,domain,threat,low,WHITE,alphamountain/community-threat,alphamountain,2026-08-17T18:48:05Z,2026-08-17T18:48:05Z,alphamountain score: 9.25
xz176.com,domain,threat,low,WHITE,alphamountain/community-threat,alphamountain,2026-08-17T18:48:05Z,2026-08-17T18:48:05Z,alphamountain score: 9.09
dapp-x.online,domain,threat,low,WHITE,alphamountain/community-threat,alphamountain,2026-08-17T18:48:05Z,2026-08-17T18:48:05Z,alphamountain score: 7.66
aureviaprimeunion.com,domain,threat,low,WHITE,alphamountain/community-threat,alphamountain,2026-08-17T18:48:05Z,2026-08-17T18:48:05Z,alphamountain score: 7.68
fofocas.xyz,domain,threat,low,WHITE,alphamountain/community-threat,alphamountain,2026-08-17T18:48:05Z,2026-08-17T18:48:05Z,alphamountain score: 7.59
649049.work,domain,threat,low,WHITE,alphamountain/community-threat,alphamountain,2026-08-17T18:48:05Z,2026-08-17T18:48:05Z,alphamountain score: 7.58
jhsfkgsdfjhsdgfsdfbjhsdgfsajhf.blogspot.com,domain,threat,low,WHITE,alphamountain/community-threat,alphamountain,2026-08-17T18:48:05Z,2026-08-17T18:48:05Z,alphamountain score: 9.35
secure.muxistudio.xyz,domain,threat,low,WHITE,alphamountain/community-threat,alphamountain,2026-08-17T18:48:05Z,2026-08-17T18:48:05Z,alphamountain score: 7.54
_dc-mx.c17467a156a7.ahipnigeria.org,domain,threat,low,WHITE,alphamountain/community-threat,alphamountain,2026-08-17T18:48:05Z,2026-08-17T18:48:05Z,alphamountain score: 7.5
gov-mot.shop,domain,threat,low,WHITE,alphamountain/community-threat,alphamountain,2026-08-17T18:48:05Z,2026-08-17T18:48:05Z,alphamountain score: 9.26
wsop-gvp.cc,domain,threat,low,WHITE,alphamountain/community-threat,alphamountain,2026-08-17T18:48:05Z,2026-08-17T18:48:05Z,alphamountain score: 7.64
lamindhdh.sbs,domain,threat,low,WHITE,alphamountain/community-threat,alphamountain,2026-08-17T18:48:05Z,2026-08-17T18:48:05Z,alphamountain score: 7.56
zzzgame.net,domain,threat,low,WHITE,alphamountain/community-threat,alphamountain,2026-08-17T18:48:05Z,2026-08-17T18:48:05Z,alphamountain score: 9.11
541221125565556559992.duckdns.org,domain,threat,low,WHITE,alphamountain/community-threat,alphamountain,2026-08-17T18:48:05Z,2026-08-17T18:48:05Z,alphamountain score: 9.11
busu.com.ru,domain,threat,low,WHITE,alphamountain/community-threat,alphamountain,2026-08-17T18:48:05Z,2026-08-17T18:48:05Z,alphamountain score: 7.51
ym05.cc,domain,threat,low,WHITE,alphamountain/community-threat,alphamountain,2026-08-17T18:48:05Z,2026-08-17T18:48:05Z,alphamountain score: 7.55
hw-leasing.de.com,domain,threat,low,WHITE,alphamountain/community-threat,alphamountain,2026-08-17T18:48:05Z,2026-08-17T18:48:05Z,alphamountain score: 7.48
mars.muxistudio.xyz,domain,threat,low,WHITE,alphamountain/community-threat,alphamountain,2026-08-17T18:48:05Z,2026-08-17T18:48:05Z,alphamountain score: 7.54
jinsanaxsfmb.top,domain,threat,low,WHITE,alphamountain/community-threat,alphamountain,2026-08-17T18:48:05Z,2026-08-17T18:48:05Z,alphamountain score: 9.06
b65.bhgn7f3.cc,domain,threat,low,WHITE,alphamountain/community-threat,alphamountain,2026-08-17T18:48:05Z,2026-08-17T18:48:05Z,alphamountain score: 7.61
twq4emk6ur7pucop.0727flux.flux.adqczcf.xyz,domain,threat,low,WHITE,alphamountain/community-threat,alphamountain,2026-08-17T18:48:05Z,2026-08-17T18:48:05Z,alphamountain score: 7.58
db.jphr.cc,domain,threat,low,WHITE,alphamountain/community-threat,alphamountain,2026-08-17T18:48:05Z,2026-08-17T18:48:05Z,alphamountain score: 7.58
jvi.vmdvovgsl.cc,domain,threat,low,WHITE,alphamountain/community-threat,alphamountain,2026-08-17T18:48:05Z,2026-08-17T18:48:05Z,alphamountain score: 7.58
apezindahood.xyz,domain,threat,low,WHITE,alphamountain/community-threat,alphamountain,2026-08-17T18:48:05Z,2026-08-17T18:48:05Z,alphamountain score: 7.59
ceruna.cc,domain,threat,low,WHITE,alphamountain/community-threat,alphamountain,2026-08-17T18:48:05Z,2026-08-17T18:48:05Z,alphamountain score: 7.58
pg93h5tz0014.cc,domain,threat,low,WHITE,alphamountain/community-threat,alphamountain,2026-08-17T18:48:05Z,2026-08-17T18:48:05Z,alphamountain score: 7.58
pyrexhomestore.sbs,domain,threat,low,WHITE,alphamountain/community-threat,alphamountain,2026-08-17T18:48:05Z,2026-08-17T18:48:05Z,alphamountain score: 7.65
m92q.cc,domain,threat,low,WHITE,alphamountain/community-threat,alphamountain,2026-08-17T18:48:05Z,2026-08-17T18:48:05Z,alphamountain score: 7.58
meja365ku.xyz,domain,threat,low,WHITE,alphamountain/community-threat,alphamountain,2026-08-17T18:48:05Z,2026-08-17T18:48:05Z,alphamountain score: 7.54
trevmok.shop,domain,threat,low,WHITE,alphamountain/community-threat,alphamountain,2026-08-17T18:48:05Z,2026-08-17T18:48:05Z,alphamountain score: 9.33
ip.supaboard.cc,domain,threat,low,WHITE,alphamountain/community-threat,alphamountain,2026-08-17T18:48:05Z,2026-08-17T18:48:05Z,alphamountain score: 7.52
545888.work,domain,threat,low,WHITE,alphamountain/community-threat,alphamountain,2026-08-17T18:48:05Z,2026-08-17T18:48:05Z,alphamountain score: 7.59
my500.cc,domain,threat,low,WHITE,alphamountain/community-threat,alphamountain,2026-08-17T18:48:05Z,2026-08-17T18:48:05Z,alphamountain score: 7.58
h23nz2.wqpjggza.cc,domain,threat,low,WHITE,alphamountain/community-threat,alphamountain,2026-08-17T18:48:05Z,2026-08-17T18:48:05Z,alphamountain score: 7.63
chicken-road89067.shop,domain,threat,low,WHITE,alphamountain/community-threat,alphamountain,2026-08-17T18:48:05Z,2026-08-17T18:48:05Z,alphamountain score: 7.67
wancr.buzz,domain,threat,low,WHITE,alphamountain/community-threat,alphamountain,2026-08-17T18:48:05Z,2026-08-17T18:48:05Z,alphamountain score: 7.58
matbet-pzarbonusu.icu,domain,threat,low,WHITE,alphamountain/community-threat,alphamountain,2026-08-17T18:48:05Z,2026-08-17T18:48:05Z,alphamountain score: 7.61
ultrabet-hizli-adresi.icu,domain,threat,low,WHITE,alphamountain/community-threat,alphamountain,2026-08-17T18:48:05Z,2026-08-17T18:48:05Z,alphamountain score: 7.61
faktualnewstv.com,domain,threat,low,WHITE,alphamountain/community-threat,alphamountain,2026-08-17T18:48:05Z,2026-08-17T18:48:05Z,alphamountain score: 7.64
7833619.com,domain,threat,low,WHITE,alphamountain/community-threat,alphamountain,2026-08-17T18:48:05Z,2026-08-17T18:48:05Z,alphamountain score: 7.58
home.muxistudio.xyz,domain,threat,low,WHITE,alphamountain/community-threat,alphamountain,2026-08-17T18:48:05Z,2026-08-17T18:48:05Z,alphamountain score: 7.54
torelandiveo.sbs,domain,threat,low,WHITE,alphamountain/community-threat,alphamountain,2026-08-17T18:48:05Z,2026-08-17T18:48:05Z,alphamountain score: 7.65
azjl.cc,domain,threat,low,WHITE,alphamountain/community-threat,alphamountain,2026-08-17T18:48:05Z,2026-08-17T18:48:05Z,alphamountain score: 7.58
pump.luxe,domain,threat,low,WHITE,alphamountain/community-threat,alphamountain,2026-08-17T18:48:05Z,2026-08-17T18:48:05Z,alphamountain score: 7.59
add.wqpjggza.cc,domain,threat,low,WHITE,alphamountain/community-threat,alphamountain,2026-08-17T18:48:05Z,2026-08-17T18:48:05Z,alphamountain score: 7.63
galaxyboosts.cc,domain,threat,low,WHITE,alphamountain/community-threat,alphamountain,2026-08-17T18:48:05Z,2026-08-17T18:48:05Z,alphamountain score: 7.58
famous-sunburst-4920c5.netlify.app,domain,threat,low,WHITE,alphamountain/community-threat,alphamountain,2026-08-17T18:48:05Z,2026-08-17T18:48:05Z,alphamountain score: 9.21
bungnasf.xyz,domain,threat,low,WHITE,alphamountain/community-threat,alphamountain,2026-08-17T18:48:05Z,2026-08-17T18:48:05Z,alphamountain score: 9.13
omt-gov360.shop,domain,threat,low,WHITE,alphamountain/community-threat,alphamountain,2026-08-17T18:48:05Z,2026-08-17T18:48:05Z,alphamountain score: 9.34
51cg.enbnztcd.cc,domain,threat,low,WHITE,alphamountain/community-threat,alphamountain,2026-08-17T18:48:05Z,2026-08-17T18:48:05Z,alphamountain score: 7.58
442968.com,domain,threat,low,WHITE,alphamountain/community-threat,alphamountain,2026-08-17T18:48:05Z,2026-08-17T18:48:05Z,alphamountain score: 7.63
dragon23.com,domain,threat,low,WHITE,alphamountain/community-threat,alphamountain,2026-08-17T18:48:05Z,2026-08-17T18:48:05Z,alphamountain score: 9.2
iswndt.info,domain,threat,low,WHITE,alphamountain/community-threat,alphamountain,2026-08-17T18:48:05Z,2026-08-17T18:48:05Z,alphamountain score: 9.1
wetravelatdawn.com,domain,threat,low,WHITE,alphamountain/community-threat,alphamountain,2026-08-17T18:48:05Z,2026-08-17T18:48:05Z,alphamountain score: 9.15
catherinekammerer.link,domain,threat,low,WHITE,alphamountain/community-threat,alphamountain,2026-08-17T18:48:05Z,2026-08-17T18:48:05Z,alphamountain score: 7.59
luxetool.link,domain,threat,low,WHITE,alphamountain/community-threat,alphamountain,2026-08-17T18:48:05Z,2026-08-17T18:48:05Z,alphamountain score: 7.63
assume.enbnztcd.cc,domain,threat,low,WHITE,alphamountain/community-threat,alphamountain,2026-08-17T18:48:05Z,2026-08-17T18:48:05Z,alphamountain score: 7.58
reefofficial.sbs,domain,threat,low,WHITE,alphamountain/community-threat,alphamountain,2026-08-17T18:48:05Z,2026-08-17T18:48:05Z,alphamountain score: 7.63
bhgn7f3.cc,domain,threat,low,WHITE,alphamountain/community-threat,alphamountain,2026-08-17T18:48:05Z,2026-08-17T18:48:05Z,alphamountain score: 7.61
sanoce.cc,domain,threat,low,WHITE,alphamountain/community-threat,alphamountain,2026-08-17T18:48:05Z,2026-08-17T18:48:05Z,alphamountain score: 7.58
frontend.muxistudio.xyz,domain,threat,low,WHITE,alphamountain/community-threat,alphamountain,2026-08-17T18:48:05Z,2026-08-17T18:48:05Z,alphamountain score: 7.54
t2v7px.lat,domain,threat,low,WHITE,alphamountain/community-threat,alphamountain,2026-08-17T18:48:05Z,2026-08-17T18:48:05Z,alphamountain score: 9.33
neuvo1.ydns.eu,domain,threat,low,WHITE,alphamountain/community-threat,alphamountain,2026-08-17T18:48:05Z,2026-08-17T18:48:05Z,alphamountain score: 9.26
sadive.sbs,domain,threat,low,WHITE,alphamountain/community-threat,alphamountain,2026-08-17T18:48:05Z,2026-08-17T18:48:05Z,alphamountain score: 9.21
firecord.cyberward.xyz,domain,threat,low,WHITE,alphamountain/community-threat,alphamountain,2026-08-17T18:48:05Z,2026-08-17T18:48:05Z,alphamountain score: 7.0
lpa.factvectornet.com,domain,threat,low,WHITE,alphamountain/community-threat,alphamountain,2026-08-17T18:48:05Z,2026-08-17T18:48:05Z,alphamountain score: 7.0
lux1-nanizi1.blogspot.com,domain,threat,low,WHITE,alphamountain/community-threat,alphamountain,2026-08-17T18:48:05Z,2026-08-17T18:48:05Z,alphamountain score: 8.5
lux-an1tran.blogspot.com,domain,threat,low,WHITE,alphamountain/community-threat,alphamountain,2026-08-17T18:48:05Z,2026-08-17T18:48:05Z,alphamountain score: 8.5
lux-ezzeze.blogspot.com,domain,threat,low,WHITE,alphamountain/community-threat,alphamountain,2026-08-17T18:48:05Z,2026-08-17T18:48:05Z,alphamountain score: 8.5
lux-oppo8.blogspot.com,domain,threat,low,WHITE,alphamountain/community-threat,alphamountain,2026-08-17T18:48:05Z,2026-08-17T18:48:05Z,alphamountain score: 8.5
lux-oppzpe1.blogspot.com,domain,threat,low,WHITE,alphamountain/community-threat,alphamountain,2026-08-17T18:48:05Z,2026-08-17T18:48:05Z,alphamountain score: 8.5
lz-so1pa1.blogspot.com,domain,threat,low,WHITE,alphamountain/community-threat,alphamountain,2026-08-17T18:48:05Z,2026-08-17T18:48:05Z,alphamountain score: 8.5
m5.kora-sami.com,domain,threat,low,WHITE,alphamountain/community-threat,alphamountain,2026-08-17T18:48:05Z,2026-08-17T18:48:05Z,alphamountain score: 7.0
moasd011.blogspot.com,domain,threat,low,WHITE,alphamountain/community-threat,alphamountain,2026-08-17T18:48:05Z,2026-08-17T18:48:05Z,alphamountain score: 8.5
prepenseprepenseirene.com,domain,threat,low,WHITE,alphamountain/community-threat,alphamountain,2026-08-17T18:48:05Z,2026-08-17T18:48:05Z,alphamountain score: 7.0
sportisa.ir,domain,threat,low,WHITE,alphamountain/community-threat,alphamountain,2026-08-17T18:48:05Z,2026-08-17T18:48:05Z,alphamountain score: 7.0
streetlineautomotivellc.com,domain,threat,low,WHITE,alphamountain/community-threat,alphamountain,2026-08-17T18:48:05Z,2026-08-17T18:48:05Z,alphamountain score: 7.0
th-pozee.blogspot.com,domain,threat,low,WHITE,alphamountain/community-threat,alphamountain,2026-08-17T18:48:05Z,2026-08-17T18:48:05Z,alphamountain score: 8.5
ab.countyinvite.vu,domain,threat,low,WHITE,alphamountain/community-threat,alphamountain,2026-08-17T18:48:05Z,2026-08-17T18:48:05Z,alphamountain score: 8.9
apvvlqmvieha.shop,domain,threat,low,WHITE,alphamountain/community-threat,alphamountain,2026-08-17T18:48:05Z,2026-08-17T18:48:05Z,alphamountain score: 9.21
asset.hub-whatapp.com.cn,domain,threat,low,WHITE,alphamountain/community-threat,alphamountain,2026-08-17T18:48:05Z,2026-08-17T18:48:05Z,alphamountain score: 9.44
bordir69.com,domain,threat,low,WHITE,alphamountain/community-threat,alphamountain,2026-08-17T18:48:05Z,2026-08-17T18:48:05Z,alphamountain score: 7.51
chainalysis.blogspot.com,domain,threat,low,WHITE,alphamountain/community-threat,alphamountain,2026-08-17T18:48:05Z,2026-08-17T18:48:05Z,alphamountain score: 9.34
chainalysis.blogspot.rs,domain,threat,low,WHITE,alphamountain/community-threat,alphamountain,2026-08-17T18:48:05Z,2026-08-17T18:48:05Z,alphamountain score: 9.14
chat.ajsdnwx.com,domain,threat,low,WHITE,alphamountain/community-threat,alphamountain,2026-08-17T18:48:05Z,2026-08-17T18:48:05Z,alphamountain score: 9.27
core-whatapp.com.cn,domain,threat,low,WHITE,alphamountain/community-threat,alphamountain,2026-08-17T18:48:05Z,2026-08-17T18:48:05Z,alphamountain score: 9.3
cwbdc.com,domain,threat,low,WHITE,alphamountain/community-threat,alphamountain,2026-08-17T18:48:05Z,2026-08-17T18:48:05Z,alphamountain score: 7.55
drykorn-online.shop,domain,threat,low,WHITE,alphamountain/community-threat,alphamountain,2026-08-17T18:48:05Z,2026-08-17T18:48:05Z,alphamountain score: 9.21
e8bf.sbs,domain,threat,low,WHITE,alphamountain/community-threat,alphamountain,2026-08-17T18:48:05Z,2026-08-17T18:48:05Z,alphamountain score: 7.67
ehhhm.top,domain,threat,low,WHITE,alphamountain/community-threat,alphamountain,2026-08-17T18:48:05Z,2026-08-17T18:48:05Z,alphamountain score: 7.63
ehhhx.top,domain,threat,low,WHITE,alphamountain/community-threat,alphamountain,2026-08-17T18:48:05Z,2026-08-17T18:48:05Z,alphamountain score: 7.63
eyqzvgnkrm.help,domain,threat,low,WHITE,alphamountain/community-threat,alphamountain,2026-08-17T18:48:05Z,2026-08-17T18:48:05Z,alphamountain score: 7.63
facebookimagelogin.blogspot.co.ke,domain,threat,low,WHITE,alphamountain/community-threat,alphamountain,2026-08-17T18:48:05Z,2026-08-17T18:48:05Z,alphamountain score: 9.23
facebookimagelogin.blogspot.com,domain,threat,low,WHITE,alphamountain/community-threat,alphamountain,2026-08-17T18:48:05Z,2026-08-17T18:48:05Z,alphamountain score: 9.36
facebooklogincomin.blogspot.com.mt,domain,threat,low,WHITE,alphamountain/community-threat,alphamountain,2026-08-17T18:48:05Z,2026-08-17T18:48:05Z,alphamountain score: 9.92
fan-facebook.blogspot.com,domain,threat,low,WHITE,alphamountain/community-threat,alphamountain,2026-08-17T18:48:05Z,2026-08-17T18:48:05Z,alphamountain score: 9.58
fan-facebook.blogspot.rs,domain,threat,low,WHITE,alphamountain/community-threat,alphamountain,2026-08-17T18:48:05Z,2026-08-17T18:48:05Z,alphamountain score: 9.13
hub-whatapp.com.cn,domain,threat,low,WHITE,alphamountain/community-threat,alphamountain,2026-08-17T18:48:05Z,2026-08-17T18:48:05Z,alphamountain score: 9.3
j0445.com,domain,threat,low,WHITE,alphamountain/community-threat,alphamountain,2026-08-17T18:48:05Z,2026-08-17T18:48:05Z,alphamountain score: 9.9
jkhq.cn,domain,threat,low,WHITE,alphamountain/community-threat,alphamountain,2026-08-17T18:48:05Z,2026-08-17T18:48:05Z,alphamountain score: 9.19
matbet.gunceladres.sbs,domain,threat,low,WHITE,alphamountain/community-threat,alphamountain,2026-08-17T18:48:05Z,2026-08-17T18:48:05Z,alphamountain score: 7.67
mein.apvvlqmvieha.shop,domain,threat,low,WHITE,alphamountain/community-threat,alphamountain,2026-08-17T18:48:05Z,2026-08-17T18:48:05Z,alphamountain score: 9.21
netflixcasinonz.com,domain,threat,low,WHITE,alphamountain/community-threat,alphamountain,2026-08-17T18:48:05Z,2026-08-17T18:48:05Z,alphamountain score: 9.31
pay.core-whatapp.com.cn,domain,threat,low,WHITE,alphamountain/community-threat,alphamountain,2026-08-17T18:48:05Z,2026-08-17T18:48:05Z,alphamountain score: 9.44
sdhkrakovany.cz,domain,threat,low,WHITE,alphamountain/community-threat,alphamountain,2026-08-17T18:48:05Z,2026-08-17T18:48:05Z,alphamountain score: 9.19
us-id2925842.sbs,domain,threat,low,WHITE,alphamountain/community-threat,alphamountain,2026-08-17T18:48:05Z,2026-08-17T18:48:05Z,alphamountain score: 7.67
bafybeigf3weejaj2xucolg72nofwbaazhu5b4zrwjm34gtvnfa7nxefwuy.ipfs.dweb.link,domain,threat,low,WHITE,alphamountain/community-threat,alphamountain,2026-08-17T18:48:05Z,2026-08-17T18:48:05Z,alphamountain score: 7.62
51cg3.enbnztcd.cc,domain,threat,low,WHITE,alphamountain/community-threat,alphamountain,2026-08-17T18:48:05Z,2026-08-17T18:48:05Z,alphamountain score: 7.58
garden.bqnukcem.cc,domain,threat,low,WHITE,alphamountain/community-threat,alphamountain,2026-08-17T18:48:05Z,2026-08-17T18:48:05Z,alphamountain score: 7.58
mrp123.cn,domain,threat,low,WHITE,alphamountain/community-threat,alphamountain,2026-08-17T18:48:05Z,2026-08-17T18:48:05Z,alphamountain score: 9.08
htgzs2.duomiduo2.xyz,domain,threat,low,WHITE,alphamountain/community-threat,alphamountain,2026-08-17T18:48:05Z,2026-08-17T18:48:05Z,alphamountain score: 7.59
classic.muxistudio.xyz,domain,threat,low,WHITE,alphamountain/community-threat,alphamountain,2026-08-17T18:48:05Z,2026-08-17T18:48:05Z,alphamountain score: 7.54
h4hnz6.wqpjggza.cc,domain,threat,low,WHITE,alphamountain/community-threat,alphamountain,2026-08-17T18:48:05Z,2026-08-17T18:48:05Z,alphamountain score: 7.63
pb66.cc,domain,threat,low,WHITE,alphamountain/community-threat,alphamountain,2026-08-17T18:48:05Z,2026-08-17T18:48:05Z,alphamountain score: 7.47
puxatuu6.pro,domain,threat,low,WHITE,alphamountain/community-threat,alphamountain,2026-08-17T18:48:05Z,2026-08-17T18:48:05Z,alphamountain score: 7.64
mtvl5a9hpkalp9ao.0727flux.flux.adqczcf.xyz,domain,threat,low,WHITE,alphamountain/community-threat,alphamountain,2026-08-17T18:48:05Z,2026-08-17T18:48:05Z,alphamountain score: 7.58
r9k4mz.lat,domain,threat,low,WHITE,alphamountain/community-threat,alphamountain,2026-08-17T18:48:05Z,2026-08-17T18:48:05Z,alphamountain score: 9.33
ez1000z5y3a5i11108vez5wh5nzgek8rsf70glfes5kwx9aiwn45v.vercel.app,domain,threat,low,WHITE,alphamountain/community-threat,alphamountain,2026-08-17T18:48:05Z,2026-08-17T18:48:05Z,alphamountain score: 8.72
slotup88.cc,domain,threat,low,WHITE,alphamountain/community-threat,alphamountain,2026-08-17T18:48:05Z,2026-08-17T18:48:05Z,alphamountain score: 7.54
forest-arrow.sbs,domain,threat,low,WHITE,alphamountain/community-threat,alphamountain,2026-08-17T18:48:05Z,2026-08-17T18:48:05Z,alphamountain score: 9.19
sparta-gun-military.com,domain,threat,low,WHITE,alphamountain/community-threat,alphamountain,2026-08-17T18:48:05Z,2026-08-17T18:48:05Z,alphamountain score: 7.54
358j9.com,domain,threat,low,WHITE,alphamountain/community-threat,alphamountain,2026-08-17T18:48:05Z,2026-08-17T18:48:05Z,alphamountain score: 9.18
achieve-whatsapp.com.cn,domain,threat,low,WHITE,alphamountain/community-threat,alphamountain,2026-08-17T18:48:05Z,2026-08-17T18:48:05Z,alphamountain score: 7.62
akungoldmansachs.com,domain,threat,low,WHITE,alphamountain/community-threat,alphamountain,2026-08-17T18:48:05Z,2026-08-17T18:48:05Z,alphamountain score: 9.15
angelx.com.in,domain,threat,low,WHITE,alphamountain/community-threat,alphamountain,2026-08-17T18:48:05Z,2026-08-17T18:48:05Z,alphamountain score: 9.1
atgrh.sbs,domain,threat,low,WHITE,alphamountain/community-threat,alphamountain,2026-08-17T18:48:05Z,2026-08-17T18:48:05Z,alphamountain score: 7.67
b04889.com,domain,threat,low,WHITE,alphamountain/community-threat,alphamountain,2026-08-17T18:48:05Z,2026-08-17T18:48:05Z,alphamountain score: 9.29
blo-whatapp.hl.cn,domain,threat,low,WHITE,alphamountain/community-threat,alphamountain,2026-08-17T18:48:05Z,2026-08-17T18:48:05Z,alphamountain score: 9.3
cn.blo-whatapp.hl.cn,domain,threat,low,WHITE,alphamountain/community-threat,alphamountain,2026-08-17T18:48:05Z,2026-08-17T18:48:05Z,alphamountain score: 9.44
deriklokf.blogspot.tw,domain,threat,low,WHITE,alphamountain/community-threat,alphamountain,2026-08-17T18:48:05Z,2026-08-17T18:48:05Z,alphamountain score: 9.23
dfyne-eu.com,domain,threat,low,WHITE,alphamountain/community-threat,alphamountain,2026-08-17T18:48:05Z,2026-08-17T18:48:05Z,alphamountain score: 8.9
dtv-whats-app.com.cn,domain,threat,low,WHITE,alphamountain/community-threat,alphamountain,2026-08-17T18:48:05Z,2026-08-17T18:48:05Z,alphamountain score: 9.42
elakkeella-mobiili-s-pankkki.com,domain,threat,low,WHITE,alphamountain/community-threat,alphamountain,2026-08-17T18:48:05Z,2026-08-17T18:48:05Z,alphamountain score: 9.19
fi.elakkeella-mobiili-s-pankkki.com,domain,threat,low,WHITE,alphamountain/community-threat,alphamountain,2026-08-17T18:48:05Z,2026-08-17T18:48:05Z,alphamountain score: 8.93
gemrobuxxf.blogspot.co.ke,domain,threat,low,WHITE,alphamountain/community-threat,alphamountain,2026-08-17T18:48:05Z,2026-08-17T18:48:05Z,alphamountain score: 9.07
gemrobuxxf.blogspot.gr,domain,threat,low,WHITE,alphamountain/community-threat,alphamountain,2026-08-17T18:48:05Z,2026-08-17T18:48:05Z,alphamountain score: 9.19
imtokeni-link.com.cn,domain,threat,low,WHITE,alphamountain/community-threat,alphamountain,2026-08-17T18:48:05Z,2026-08-17T18:48:05Z,alphamountain score: 9.33
jhkkuf.blogspot.bg,domain,threat,low,WHITE,alphamountain/community-threat,alphamountain,2026-08-17T18:48:05Z,2026-08-17T18:48:05Z,alphamountain score: 9.07
j-wha-tsapp.com.cn,domain,threat,low,WHITE,alphamountain/community-threat,alphamountain,2026-08-17T18:48:05Z,2026-08-17T18:48:05Z,alphamountain score: 9.2
lcmaries96.online,domain,threat,low,WHITE,alphamountain/community-threat,alphamountain,2026-08-17T18:48:05Z,2026-08-17T18:48:05Z,alphamountain score: 9.29
librocompartido.sbs,domain,threat,low,WHITE,alphamountain/community-threat,alphamountain,2026-08-17T18:48:05Z,2026-08-17T18:48:05Z,alphamountain score: 7.67
localizado-encontrar.sbs,domain,threat,low,WHITE,alphamountain/community-threat,alphamountain,2026-08-17T18:48:05Z,2026-08-17T18:48:05Z,alphamountain score: 7.67
looppushoperationsteam.info,domain,threat,low,WHITE,alphamountain/community-threat,alphamountain,2026-08-17T18:48:05Z,2026-08-17T18:48:05Z,alphamountain score: 9.18
marblehorizon.com,domain,threat,low,WHITE,alphamountain/community-threat,alphamountain,2026-08-17T18:48:05Z,2026-08-17T18:48:05Z,alphamountain score: 7.56
mee-whatapp.hl.cn,domain,threat,low,WHITE,alphamountain/community-threat,alphamountain,2026-08-17T18:48:05Z,2026-08-17T18:48:05Z,alphamountain score: 9.3
nyqhskhglm8zaz.sbs,domain,threat,low,WHITE,alphamountain/community-threat,alphamountain,2026-08-17T18:48:05Z,2026-08-17T18:48:05Z,alphamountain score: 9.15
orangemqfr.shop,domain,threat,low,WHITE,alphamountain/community-threat,alphamountain,2026-08-17T18:48:05Z,2026-08-17T18:48:05Z,alphamountain score: 9.19
owalabottles.us,domain,threat,low,WHITE,alphamountain/community-threat,alphamountain,2026-08-17T18:48:05Z,2026-08-17T18:48:05Z,alphamountain score: 9.24
patagoniadecondores.com,domain,threat,low,WHITE,alphamountain/community-threat,alphamountain,2026-08-17T18:48:05Z,2026-08-17T18:48:05Z,alphamountain score: 9.2
pgaoes.sbs,domain,threat,low,WHITE,alphamountain/community-threat,alphamountain,2026-08-17T18:48:05Z,2026-08-17T18:48:05Z,alphamountain score: 9.23
pgaofk.sbs,domain,threat,low,WHITE,alphamountain/community-threat,alphamountain,2026-08-17T18:48:05Z,2026-08-17T18:48:05Z,alphamountain score: 9.23
pgaofl.sbs,domain,threat,low,WHITE,alphamountain/community-threat,alphamountain,2026-08-17T18:48:05Z,2026-08-17T18:48:05Z,alphamountain score: 9.23
pgaogl.sbs,domain,threat,low,WHITE,alphamountain/community-threat,alphamountain,2026-08-17T18:48:05Z,2026-08-17T18:48:05Z,alphamountain score: 9.23
pgaogn.sbs,domain,threat,low,WHITE,alphamountain/community-threat,alphamountain,2026-08-17T18:48:05Z,2026-08-17T18:48:05Z,alphamountain score: 9.23
pgaogp.sbs,domain,threat,low,WHITE,alphamountain/community-threat,alphamountain,2026-08-17T18:48:05Z,2026-08-17T18:48:05Z,alphamountain score: 9.23
pgaogq.sbs,domain,threat,low,WHITE,alphamountain/community-threat,alphamountain,2026-08-17T18:48:05Z,2026-08-17T18:48:05Z,alphamountain score: 9.23
pgaogz.sbs,domain,threat,low,WHITE,alphamountain/community-threat,alphamountain,2026-08-17T18:48:05Z,2026-08-17T18:48:05Z,alphamountain score: 9.23
pgaoig.sbs,domain,threat,low,WHITE,alphamountain/community-threat,alphamountain,2026-08-17T18:48:05Z,2026-08-17T18:48:05Z,alphamountain score: 9.23
pgaokc.sbs,domain,threat,low,WHITE,alphamountain/community-threat,alphamountain,2026-08-17T18:48:05Z,2026-08-17T18:48:05Z,alphamountain score: 9.23
pgaokv.sbs,domain,threat,low,WHITE,alphamountain/community-threat,alphamountain,2026-08-17T18:48:05Z,2026-08-17T18:48:05Z,alphamountain score: 7.59
sabuytechnology.sbs,domain,threat,low,WHITE,alphamountain/community-threat,alphamountain,2026-08-17T18:48:05Z,2026-08-17T18:48:05Z,alphamountain score: 7.67
sasuptfe.sbs,domain,threat,low,WHITE,alphamountain/community-threat,alphamountain,2026-08-17T18:48:05Z,2026-08-17T18:48:05Z,alphamountain score: 7.67
sasuptfg.sbs,domain,threat,low,WHITE,alphamountain/community-threat,alphamountain,2026-08-17T18:48:05Z,2026-08-17T18:48:05Z,alphamountain score: 7.67
sasuptfj.sbs,domain,threat,low,WHITE,alphamountain/community-threat,alphamountain,2026-08-17T18:48:05Z,2026-08-17T18:48:05Z,alphamountain score: 7.67
sasuptfk.sbs,domain,threat,low,WHITE,alphamountain/community-threat,alphamountain,2026-08-17T18:48:05Z,2026-08-17T18:48:05Z,alphamountain score: 7.67
situscermat88a.live,domain,threat,low,WHITE,alphamountain/community-threat,alphamountain,2026-08-17T18:48:05Z,2026-08-17T18:48:05Z,alphamountain score: 9.29
stktcc.blogspot.my,domain,threat,low,WHITE,alphamountain/community-threat,alphamountain,2026-08-17T18:48:05Z,2026-08-17T18:48:05Z,alphamountain score: 9.09
tteurhhdfnjksdklg.sbs,domain,threat,low,WHITE,alphamountain/community-threat,alphamountain,2026-08-17T18:48:05Z,2026-08-17T18:48:05Z,alphamountain score: 9.15
w3windustry.sbs,domain,threat,low,WHITE,alphamountain/community-threat,alphamountain,2026-08-17T18:48:05Z,2026-08-17T18:48:05Z,alphamountain score: 9.33
wap.mee-whatapp.hl.cn,domain,threat,low,WHITE,alphamountain/community-threat,alphamountain,2026-08-17T18:48:05Z,2026-08-17T18:48:05Z,alphamountain score: 9.44
www588cc.com,domain,threat,low,WHITE,alphamountain/community-threat,alphamountain,2026-08-17T18:48:05Z,2026-08-17T18:48:05Z,alphamountain score: 9.33
xt243.com,domain,threat,low,WHITE,alphamountain/community-threat,alphamountain,2026-08-17T18:48:05Z,2026-08-17T18:48:05Z,alphamountain score: 7.59
yejianchgeng.top,domain,threat,low,WHITE,alphamountain/community-threat,alphamountain,2026-08-17T18:48:05Z,2026-08-17T18:48:05Z,alphamountain score: 9.16
ymptbs.sbs,domain,threat,low,WHITE,alphamountain/community-threat,alphamountain,2026-08-17T18:48:05Z,2026-08-17T18:48:05Z,alphamountain score: 9.23
zarvuno.cfd,domain,threat,low,WHITE,alphamountain/community-threat,alphamountain,2026-08-17T18:48:05Z,2026-08-17T18:48:05Z,alphamountain score: 9.24
zxrad.app,domain,threat,low,WHITE,alphamountain/community-threat,alphamountain,2026-08-17T18:48:05Z,2026-08-17T18:48:05Z,alphamountain score: 9.23
65750958.xyz,domain,threat,low,WHITE,alphamountain/community-threat,alphamountain,2026-08-17T18:48:05Z,2026-08-17T18:48:05Z,alphamountain score: 7.54
telegrasmo.com.cn,domain,threat,low,WHITE,alphamountain/community-threat,alphamountain,2026-08-17T18:48:05Z,2026-08-17T18:48:05Z,alphamountain score: 7.59
pgex1688.xyz,domain,threat,low,WHITE,alphamountain/community-threat,alphamountain,2026-08-17T18:48:05Z,2026-08-17T18:48:05Z,alphamountain score: 7.66
drm.ru.com,domain,threat,low,WHITE,alphamountain/community-threat,alphamountain,2026-08-17T18:48:05Z,2026-08-17T18:48:05Z,alphamountain score: 7.56
abroad.dclcwyid.cc,domain,threat,low,WHITE,alphamountain/community-threat,alphamountain,2026-08-17T18:48:05Z,2026-08-17T18:48:05Z,alphamountain score: 7.58
blow.dclcwyid.cc,domain,threat,low,WHITE,alphamountain/community-threat,alphamountain,2026-08-17T18:48:05Z,2026-08-17T18:48:05Z,alphamountain score: 7.58
plarken.shop,domain,threat,low,WHITE,alphamountain/community-threat,alphamountain,2026-08-17T18:48:05Z,2026-08-17T18:48:05Z,alphamountain score: 8.56
65750142.xyz,domain,threat,low,WHITE,alphamountain/community-threat,alphamountain,2026-08-17T18:48:05Z,2026-08-17T18:48:05Z,alphamountain score: 7.51
welcomingabodeelements.sbs,domain,threat,low,WHITE,alphamountain/community-threat,alphamountain,2026-08-17T18:48:05Z,2026-08-17T18:48:05Z,alphamountain score: 7.63
65750171.xyz,domain,threat,low,WHITE,alphamountain/community-threat,alphamountain,2026-08-17T18:48:05Z,2026-08-17T18:48:05Z,alphamountain score: 7.51
treestrimming.com,domain,threat,low,WHITE,alphamountain/community-threat,alphamountain,2026-08-17T18:48:05Z,2026-08-17T18:48:05Z,alphamountain score: 9.34
at-form-validation.pages.dev,domain,threat,low,WHITE,alphamountain/community-threat,alphamountain,2026-08-17T18:48:05Z,2026-08-17T18:48:05Z,alphamountain score: 9.32
pgmnq88.cc,domain,threat,low,WHITE,alphamountain/community-threat,alphamountain,2026-08-17T18:48:05Z,2026-08-17T18:48:05Z,alphamountain score: 7.54
zsydxm.icu,domain,threat,low,WHITE,alphamountain/community-threat,alphamountain,2026-08-17T18:48:05Z,2026-08-17T18:48:05Z,alphamountain score: 7.64
tr.lidyabet-girislerburasi.icu,domain,threat,low,WHITE,alphamountain/community-threat,alphamountain,2026-08-17T18:48:05Z,2026-08-17T18:48:05Z,alphamountain score: 7.59
ososrgwdabocekvxa.org,domain,threat,low,WHITE,alphamountain/community-threat,alphamountain,2026-08-17T18:48:05Z,2026-08-17T18:48:05Z,alphamountain score: 9.16
bakepathfinder.shop,domain,threat,low,WHITE,alphamountain/community-threat,alphamountain,2026-08-17T18:48:05Z,2026-08-17T18:48:05Z,alphamountain score: 7.63
ahrchurch-amphtml.pages.dev,domain,threat,low,WHITE,alphamountain/community-threat,alphamountain,2026-08-17T18:48:05Z,2026-08-17T18:48:05Z,alphamountain score: 9.23
id5271.click,domain,threat,low,WHITE,alphamountain/community-threat,alphamountain,2026-08-17T18:48:05Z,2026-08-17T18:48:05Z,alphamountain score: 7.61
bit.dgglcpdjg.cc,domain,threat,low,WHITE,alphamountain/community-threat,alphamountain,2026-08-17T18:48:05Z,2026-08-17T18:48:05Z,alphamountain score: 7.58
bitrefillbroadcasts.com,domain,threat,low,WHITE,alphamountain/community-threat,alphamountain,2026-08-17T18:48:05Z,2026-08-17T18:48:05Z,alphamountain score: 9.21
zifeijid.com.cn,domain,threat,low,WHITE,alphamountain/community-threat,alphamountain,2026-08-17T18:48:05Z,2026-08-17T18:48:05Z,alphamountain score: 7.59
absolutehomeservicesteam.com,domain,threat,low,WHITE,alphamountain/community-threat,alphamountain,2026-08-17T18:48:05Z,2026-08-17T18:48:05Z,alphamountain score: 9.18
comparesimplified.sbs,domain,threat,low,WHITE,alphamountain/community-threat,alphamountain,2026-08-17T18:48:05Z,2026-08-17T18:48:05Z,alphamountain score: 7.63
axleflow1.shop,domain,threat,low,WHITE,alphamountain/community-threat,alphamountain,2026-08-17T18:48:05Z,2026-08-17T18:48:05Z,alphamountain score: 7.63
beat.dclcwyid.cc,domain,threat,low,WHITE,alphamountain/community-threat,alphamountain,2026-08-17T18:48:05Z,2026-08-17T18:48:05Z,alphamountain score: 7.58
teslatradepro.xyz,domain,threat,low,WHITE,alphamountain/community-threat,alphamountain,2026-08-17T18:48:05Z,2026-08-17T18:48:05Z,alphamountain score: 7.55
aloof54xe.shop,domain,threat,low,WHITE,alphamountain/community-threat,alphamountain,2026-08-17T18:48:05Z,2026-08-17T18:48:05Z,alphamountain score: 9.16
65751246.xyz,domain,threat,low,WHITE,alphamountain/community-threat,alphamountain,2026-08-17T18:48:05Z,2026-08-17T18:48:05Z,alphamountain score: 7.51
barely.dclcwyid.cc,domain,threat,low,WHITE,alphamountain/community-threat,alphamountain,2026-08-17T18:48:05Z,2026-08-17T18:48:05Z,alphamountain score: 7.58
century.dclcwyid.cc,domain,threat,low,WHITE,alphamountain/community-threat,alphamountain,2026-08-17T18:48:05Z,2026-08-17T18:48:05Z,alphamountain score: 7.58
tr.betmarino-tradresi.icu,domain,threat,low,WHITE,alphamountain/community-threat,alphamountain,2026-08-17T18:48:05Z,2026-08-17T18:48:05Z,alphamountain score: 7.63
leadinq.cc,domain,threat,low,WHITE,alphamountain/community-threat,alphamountain,2026-08-17T18:48:05Z,2026-08-17T18:48:05Z,alphamountain score: 7.58
pizzeriasoletta.se,domain,threat,low,WHITE,alphamountain/community-threat,alphamountain,2026-08-17T18:48:05Z,2026-08-17T18:48:05Z,alphamountain score: 9.09
b-n-s0licitudenlinea-pe.online,domain,threat,low,WHITE,alphamountain/community-threat,alphamountain,2026-08-17T18:48:05Z,2026-08-17T18:48:05Z,alphamountain score: 7.54
spacen.eu.cc,domain,threat,low,WHITE,alphamountain/community-threat,alphamountain,2026-08-17T18:48:05Z,2026-08-17T18:48:05Z,alphamountain score: 9.12
successvideoguide.cyou,domain,threat,low,WHITE,alphamountain/community-threat,alphamountain,2026-08-17T18:48:05Z,2026-08-17T18:48:05Z,alphamountain score: 7.59
80off-jysk.ru.com,domain,threat,low,WHITE,alphamountain/community-threat,alphamountain,2026-08-17T18:48:05Z,2026-08-17T18:48:05Z,alphamountain score: 9.28
my.tcc-ham.cc,domain,threat,low,WHITE,alphamountain/community-threat,alphamountain,2026-08-17T18:48:05Z,2026-08-17T18:48:05Z,alphamountain score: 7.58
aprobadoenminutos.sbs,domain,threat,low,WHITE,alphamountain/community-threat,alphamountain,2026-08-17T18:48:05Z,2026-08-17T18:48:05Z,alphamountain score: 7.58
zimipopla.sbs,domain,threat,low,WHITE,alphamountain/community-threat,alphamountain,2026-08-17T18:48:05Z,2026-08-17T18:48:05Z,alphamountain score: 7.59
derickrivera.shop,domain,threat,low,WHITE,alphamountain/community-threat,alphamountain,2026-08-17T18:48:05Z,2026-08-17T18:48:05Z,alphamountain score: 7.58
benasko.sbs,domain,threat,low,WHITE,alphamountain/community-threat,alphamountain,2026-08-17T18:48:05Z,2026-08-17T18:48:05Z,alphamountain score: 9.23
conquavoca.rest,domain,threat,low,WHITE,alphamountain/community-threat,alphamountain,2026-08-17T18:48:05Z,2026-08-17T18:48:05Z,alphamountain score: 7.44
qassetvault.com,domain,threat,low,WHITE,alphamountain/community-threat,alphamountain,2026-08-17T18:48:05Z,2026-08-17T18:48:05Z,alphamountain score: 7.3
link-alternatif.yoweswinner-1.xyz,domain,threat,low,WHITE,alphamountain/community-threat,alphamountain,2026-08-17T18:48:05Z,2026-08-17T18:48:05Z,alphamountain score: 7.59
dierenziekenhuissupporter.duckdns.org,domain,threat,low,WHITE,alphamountain/community-threat,alphamountain,2026-08-17T18:48:05Z,2026-08-17T18:48:05Z,alphamountain score: 9.26
campus.dclcwyid.cc,domain,threat,low,WHITE,alphamountain/community-threat,alphamountain,2026-08-17T18:48:05Z,2026-08-17T18:48:05Z,alphamountain score: 7.58
klzcff.com.cn,domain,threat,low,WHITE,alphamountain/community-threat,alphamountain,2026-08-17T18:48:05Z,2026-08-17T18:48:05Z,alphamountain score: 7.63
airline.dclcwyid.cc,domain,threat,low,WHITE,alphamountain/community-threat,alphamountain,2026-08-17T18:48:05Z,2026-08-17T18:48:05Z,alphamountain score: 7.58
hgym.xyz,domain,threat,low,WHITE,alphamountain/community-threat,alphamountain,2026-08-17T18:48:05Z,2026-08-17T18:48:05Z,alphamountain score: 7.61
demo.eclipsetheme.cc,domain,threat,low,WHITE,alphamountain/community-threat,alphamountain,2026-08-17T18:48:05Z,2026-08-17T18:48:05Z,alphamountain score: 7.58
signaliunvbdftasxvwia.icu,domain,threat,low,WHITE,alphamountain/community-threat,alphamountain,2026-08-17T18:48:05Z,2026-08-17T18:48:05Z,alphamountain score: 7.63
menvadiari.sbs,domain,threat,low,WHITE,alphamountain/community-threat,alphamountain,2026-08-17T18:48:05Z,2026-08-17T18:48:05Z,alphamountain score: 7.63
jakonfas.ru,domain,threat,low,WHITE,alphamountain/community-threat,alphamountain,2026-08-17T18:48:05Z,2026-08-17T18:48:05Z,alphamountain score: 7.61
bento505.com,domain,threat,low,WHITE,alphamountain/community-threat,alphamountain,2026-08-17T18:48:05Z,2026-08-17T18:48:05Z,alphamountain score: 9.08
cine77.net,domain,threat,low,WHITE,alphamountain/community-threat,alphamountain,2026-08-17T18:48:05Z,2026-08-17T18:48:05Z,alphamountain score: 7.56
hyq4z1.wqpjggza.cc,domain,threat,low,WHITE,alphamountain/community-threat,alphamountain,2026-08-17T18:48:05Z,2026-08-17T18:48:05Z,alphamountain score: 7.63
162018.c6081n7.cc,domain,threat,low,WHITE,alphamountain/community-threat,alphamountain,2026-08-17T18:48:05Z,2026-08-17T18:48:05Z,alphamountain score: 7.63
ajm789s.best,domain,threat,low,WHITE,alphamountain/community-threat,alphamountain,2026-08-17T18:48:05Z,2026-08-17T18:48:05Z,alphamountain score: 7.58
65750995.xyz,domain,threat,low,WHITE,alphamountain/community-threat,alphamountain,2026-08-17T18:48:05Z,2026-08-17T18:48:05Z,alphamountain score: 7.51
maboslot.com,domain,threat,low,WHITE,alphamountain/community-threat,alphamountain,2026-08-17T18:48:05Z,2026-08-17T18:48:05Z,alphamountain score: 7.48
selammmmmbrdann.com,domain,threat,low,WHITE,alphamountain/community-threat,alphamountain,2026-08-17T18:48:05Z,2026-08-17T18:48:05Z,alphamountain score: 9.26
gg-2bo.pages.dev,domain,threat,low,WHITE,alphamountain/community-threat,alphamountain,2026-08-17T18:48:05Z,2026-08-17T18:48:05Z,alphamountain score: 9.13
maximumvideoexpert.qpon,domain,threat,low,WHITE,alphamountain/community-threat,alphamountain,2026-08-17T18:48:05Z,2026-08-17T18:48:05Z,alphamountain score: 7.63
cash.dclcwyid.cc,domain,threat,low,WHITE,alphamountain/community-threat,alphamountain,2026-08-17T18:48:05Z,2026-08-17T18:48:05Z,alphamountain score: 7.58
messenger--clone.now.sh,domain,threat,low,WHITE,alphamountain/community-threat,alphamountain,2026-08-17T18:48:05Z,2026-08-17T18:48:05Z,alphamountain score: 8.72
spotifytop10.app,domain,threat,low,WHITE,alphamountain/community-threat,alphamountain,2026-08-17T18:48:05Z,2026-08-17T18:48:05Z,alphamountain score: 9.28
darsorr.icu,domain,threat,low,WHITE,alphamountain/community-threat,alphamountain,2026-08-17T18:48:05Z,2026-08-17T18:48:05Z,alphamountain score: 7.63
gerbang855.work,domain,threat,low,WHITE,alphamountain/community-threat,alphamountain,2026-08-17T18:48:05Z,2026-08-17T18:48:05Z,alphamountain score: 9.16
gainwaycapitalcashflowway.help,domain,threat,low,WHITE,alphamountain/community-threat,alphamountain,2026-08-17T18:48:05Z,2026-08-17T18:48:05Z,alphamountain score: 7.63
calypto.sbs,domain,threat,low,WHITE,alphamountain/community-threat,alphamountain,2026-08-17T18:48:05Z,2026-08-17T18:48:05Z,alphamountain score: 7.59
bdg-win-game-login.shop,domain,threat,low,WHITE,alphamountain/community-threat,alphamountain,2026-08-17T18:48:05Z,2026-08-17T18:48:05Z,alphamountain score: 7.61
cunvora.cfd,domain,threat,low,WHITE,alphamountain/community-threat,alphamountain,2026-08-17T18:48:05Z,2026-08-17T18:48:05Z,alphamountain score: 9.22
asset.dclcwyid.cc,domain,threat,low,WHITE,alphamountain/community-threat,alphamountain,2026-08-17T18:48:05Z,2026-08-17T18:48:05Z,alphamountain score: 7.58
65750867.xyz,domain,threat,low,WHITE,alphamountain/community-threat,alphamountain,2026-08-17T18:48:05Z,2026-08-17T18:48:05Z,alphamountain score: 7.51
facesofloss.blogspot.co.at,domain,threat,low,WHITE,alphamountain/community-threat,alphamountain,2026-08-17T18:48:05Z,2026-08-17T18:48:05Z,alphamountain score: 9.09
basecarecraft0016.sbs,domain,threat,low,WHITE,alphamountain/community-threat,alphamountain,2026-08-17T18:48:05Z,2026-08-17T18:48:05Z,alphamountain score: 7.59
ptacid-1131.xyz,domain,threat,low,WHITE,alphamountain/community-threat,alphamountain,2026-08-17T18:48:05Z,2026-08-17T18:48:05Z,alphamountain score: 7.59
slxon6.cc,domain,threat,low,WHITE,alphamountain/community-threat,alphamountain,2026-08-17T18:48:05Z,2026-08-17T18:48:05Z,alphamountain score: 7.66
qp69k.com,domain,threat,low,WHITE,alphamountain/community-threat,alphamountain,2026-08-17T18:48:05Z,2026-08-17T18:48:05Z,alphamountain score: 7.59
podlite.sbs,domain,threat,low,WHITE,alphamountain/community-threat,alphamountain,2026-08-17T18:48:05Z,2026-08-17T18:48:05Z,alphamountain score: 7.59
sonsy-game-login.club,domain,threat,low,WHITE,alphamountain/community-threat,alphamountain,2026-08-17T18:48:05Z,2026-08-17T18:48:05Z,alphamountain score: 7.53
comparevalidator.click,domain,threat,low,WHITE,alphamountain/community-threat,alphamountain,2026-08-17T18:48:05Z,2026-08-17T18:48:05Z,alphamountain score: 7.59
5jv6oh.info,domain,threat,low,WHITE,alphamountain/community-threat,alphamountain,2026-08-17T18:48:05Z,2026-08-17T18:48:05Z,alphamountain score: 7.36
armada777bonus30k-3.sbs,domain,threat,low,WHITE,alphamountain/community-threat,alphamountain,2026-08-17T18:48:05Z,2026-08-17T18:48:05Z,alphamountain score: 7.63
h6z3wr.lat,domain,threat,low,WHITE,alphamountain/community-threat,alphamountain,2026-08-17T18:48:05Z,2026-08-17T18:48:05Z,alphamountain score: 8.64
bridge.dclcwyid.cc,domain,threat,low,WHITE,alphamountain/community-threat,alphamountain,2026-08-17T18:48:05Z,2026-08-17T18:48:05Z,alphamountain score: 7.58
dance-one.top,domain,threat,low,WHITE,alphamountain/community-threat,alphamountain,2026-08-17T18:48:05Z,2026-08-17T18:48:05Z,alphamountain score: 7.63
akuenakbangetpengenanu.pages.dev,domain,threat,low,WHITE,alphamountain/community-threat,alphamountain,2026-08-17T18:48:05Z,2026-08-17T18:48:05Z,alphamountain score: 9.2
actress.dclcwyid.cc,domain,threat,low,WHITE,alphamountain/community-threat,alphamountain,2026-08-17T18:48:05Z,2026-08-17T18:48:05Z,alphamountain score: 7.58
ytgk9p9lmq.brandingwithintegrity.de,domain,threat,low,WHITE,alphamountain/community-threat,alphamountain,2026-08-17T18:48:05Z,2026-08-17T18:48:05Z,alphamountain score: 7.63
asset.dgglcpdjg.cc,domain,threat,low,WHITE,alphamountain/community-threat,alphamountain,2026-08-17T18:48:05Z,2026-08-17T18:48:05Z,alphamountain score: 7.58
sdlfwke.sbs,domain,threat,low,WHITE,alphamountain/community-threat,alphamountain,2026-08-17T18:48:05Z,2026-08-17T18:48:05Z,alphamountain score: 9.23
11091990.xyz,domain,threat,low,WHITE,alphamountain/community-threat,alphamountain,2026-08-17T18:48:05Z,2026-08-17T18:48:05Z,alphamountain score: 7.59
kpwww.com,domain,threat,low,WHITE,alphamountain/community-threat,alphamountain,2026-08-17T18:48:05Z,2026-08-17T18:48:05Z,alphamountain score: 7.57
cboss.co,domain,threat,low,WHITE,alphamountain/community-threat,alphamountain,2026-08-17T18:48:05Z,2026-08-17T18:48:05Z,alphamountain score: 7.62
marijuana51517.diowebhost.com,domain,threat,low,WHITE,alphamountain/community-threat,alphamountain,2026-08-17T18:48:05Z,2026-08-17T18:48:05Z,alphamountain score: 9.15
sportcalc.xyz,domain,threat,low,WHITE,alphamountain/community-threat,alphamountain,2026-08-17T18:48:05Z,2026-08-17T18:48:05Z,alphamountain score: 7.59
jyskeusale.sa.com,domain,threat,low,WHITE,alphamountain/community-threat,alphamountain,2026-08-17T18:48:05Z,2026-08-17T18:48:05Z,alphamountain score: 9.29
conviteprincipalbrb.com,domain,threat,low,WHITE,alphamountain/community-threat,alphamountain,2026-08-17T18:48:05Z,2026-08-17T18:48:05Z,alphamountain score: 9.19
rss-whatapp.com.cn,domain,threat,low,WHITE,alphamountain/community-threat,alphamountain,2026-08-17T18:48:05Z,2026-08-17T18:48:05Z,alphamountain score: 8.5
mellowstreamglade.sbs,domain,threat,low,WHITE,alphamountain/community-threat,alphamountain,2026-08-17T18:48:05Z,2026-08-17T18:48:05Z,alphamountain score: 7.59
compareencompass.sbs,domain,threat,low,WHITE,alphamountain/community-threat,alphamountain,2026-08-17T18:48:05Z,2026-08-17T18:48:05Z,alphamountain score: 7.59
mbs-alive.com,domain,threat,low,WHITE,alphamountain/community-threat,alphamountain,2026-08-17T18:48:05Z,2026-08-17T18:48:05Z,alphamountain score: 9.31
solstice-quest.cloud,domain,threat,low,WHITE,alphamountain/community-threat,alphamountain,2026-08-17T18:48:05Z,2026-08-17T18:48:05Z,alphamountain score: 9.29
sortebet777.com.br,domain,threat,low,WHITE,alphamountain/community-threat,alphamountain,2026-08-17T18:48:05Z,2026-08-17T18:48:05Z,alphamountain score: 7.54
sfth.ptpengines.xyz,domain,threat,low,WHITE,alphamountain/community-threat,alphamountain,2026-08-17T18:48:05Z,2026-08-17T18:48:05Z,alphamountain score: 7.66
my-phone-localise.xyz,domain,threat,low,WHITE,alphamountain/community-threat,alphamountain,2026-08-17T18:48:05Z,2026-08-17T18:48:05Z,alphamountain score: 7.63
bigbrandbuzz.com,domain,threat,low,WHITE,alphamountain/community-threat,alphamountain,2026-08-17T18:48:05Z,2026-08-17T18:48:05Z,alphamountain score: 7.55
pancakeswap-d2c.pages.dev,domain,threat,low,WHITE,alphamountain/community-threat,alphamountain,2026-08-17T18:48:05Z,2026-08-17T18:48:05Z,alphamountain score: 9.14
beyond.dclcwyid.cc,domain,threat,low,WHITE,alphamountain/community-threat,alphamountain,2026-08-17T18:48:05Z,2026-08-17T18:48:05Z,alphamountain score: 7.58
african.sgjghoje.cc,domain,threat,low,WHITE,alphamountain/community-threat,alphamountain,2026-08-17T18:48:05Z,2026-08-17T18:48:05Z,alphamountain score: 8.5
aicrystal.shop,domain,threat,low,WHITE,alphamountain/community-threat,alphamountain,2026-08-17T18:48:05Z,2026-08-17T18:48:05Z,alphamountain score: 7.0
aiorbit.online,domain,threat,low,WHITE,alphamountain/community-threat,alphamountain,2026-08-17T18:48:05Z,2026-08-17T18:48:05Z,alphamountain score: 8.5
amazonstocksgo.co,domain,threat,low,WHITE,alphamountain/community-threat,alphamountain,2026-08-17T18:48:05Z,2026-08-17T18:48:05Z,alphamountain score: 8.5
detox-perezagruzka.online,domain,threat,low,WHITE,alphamountain/community-threat,alphamountain,2026-08-17T18:48:05Z,2026-08-17T18:48:05Z,alphamountain score: 7.0
dezaistudio.cn,domain,threat,low,WHITE,alphamountain/community-threat,alphamountain,2026-08-17T18:48:05Z,2026-08-17T18:48:05Z,alphamountain score: 8.5
qvq.91q9gii0f52ur.top,domain,threat,low,WHITE,alphamountain/community-threat,alphamountain,2026-08-17T18:48:05Z,2026-08-17T18:48:05Z,alphamountain score: 8.5
trenofin.icu,domain,threat,low,WHITE,alphamountain/community-threat,alphamountain,2026-08-17T18:48:05Z,2026-08-17T18:48:05Z,alphamountain score: 8.5
alcohol.dclcwyid.cc,domain,threat,low,WHITE,alphamountain/community-threat,alphamountain,2026-08-17T18:48:05Z,2026-08-17T18:48:05Z,alphamountain score: 7.58
careeradviceprime.sbs,domain,threat,low,WHITE,alphamountain/community-threat,alphamountain,2026-08-17T18:48:05Z,2026-08-17T18:48:05Z,alphamountain score: 7.59
jituancailingts.icu,domain,threat,low,WHITE,alphamountain/community-threat,alphamountain,2026-08-17T18:48:05Z,2026-08-17T18:48:05Z,alphamountain score: 9.21
65750977.xyz,domain,threat,low,WHITE,alphamountain/community-threat,alphamountain,2026-08-17T18:48:05Z,2026-08-17T18:48:05Z,alphamountain score: 7.51
linaris.myserver.best,domain,threat,low,WHITE,alphamountain/community-threat,alphamountain,2026-08-17T18:48:05Z,2026-08-17T18:48:05Z,alphamountain score: 7.61
letiacenevspapr.click,domain,threat,low,WHITE,alphamountain/community-threat,alphamountain,2026-08-17T18:48:05Z,2026-08-17T18:48:05Z,alphamountain score: 7.64
37289715.xyz,domain,threat,low,WHITE,alphamountain/community-threat,alphamountain,2026-08-17T18:48:05Z,2026-08-17T18:48:05Z,alphamountain score: 7.58
roadtripsphere.click,domain,threat,low,WHITE,alphamountain/community-threat,alphamountain,2026-08-17T18:48:05Z,2026-08-17T18:48:05Z,alphamountain score: 7.63
m5q8nc.lat,domain,threat,low,WHITE,alphamountain/community-threat,alphamountain,2026-08-17T18:48:05Z,2026-08-17T18:48:05Z,alphamountain score: 8.56
in-qq.com.cn,domain,threat,low,WHITE,alphamountain/community-threat,alphamountain,2026-08-17T18:48:05Z,2026-08-17T18:48:05Z,alphamountain score: 7.65
all.dclcwyid.cc,domain,threat,low,WHITE,alphamountain/community-threat,alphamountain,2026-08-17T18:48:05Z,2026-08-17T18:48:05Z,alphamountain score: 7.58
elevatevideoexperience.xyz,domain,threat,low,WHITE,alphamountain/community-threat,alphamountain,2026-08-17T18:48:05Z,2026-08-17T18:48:05Z,alphamountain score: 7.58
grow-a-chicken-fighter.xyz,domain,threat,low,WHITE,alphamountain/community-threat,alphamountain,2026-08-17T18:48:05Z,2026-08-17T18:48:05Z,alphamountain score: 7.59
accept.dclcwyid.cc,domain,threat,low,WHITE,alphamountain/community-threat,alphamountain,2026-08-17T18:48:05Z,2026-08-17T18:48:05Z,alphamountain score: 7.58
menangbet88bonus30k-5.sbs,domain,threat,low,WHITE,alphamountain/community-threat,alphamountain,2026-08-17T18:48:05Z,2026-08-17T18:48:05Z,alphamountain score: 7.59
h2v2z2.wkacvpli.cc,domain,threat,low,WHITE,alphamountain/community-threat,alphamountain,2026-08-17T18:48:05Z,2026-08-17T18:48:05Z,alphamountain score: 7.63
billion.dclcwyid.cc,domain,threat,low,WHITE,alphamountain/community-threat,alphamountain,2026-08-17T18:48:05Z,2026-08-17T18:48:05Z,alphamountain score: 7.58
empemusure.shop,domain,threat,low,WHITE,alphamountain/community-threat,alphamountain,2026-08-17T18:48:05Z,2026-08-17T18:48:05Z,alphamountain score: 8.64
kpoiyjet.com,domain,threat,low,WHITE,alphamountain/community-threat,alphamountain,2026-08-17T18:48:05Z,2026-08-17T18:48:05Z,alphamountain score: 7.58
duxucuy.icu,domain,threat,low,WHITE,alphamountain/community-threat,alphamountain,2026-08-17T18:48:05Z,2026-08-17T18:48:05Z,alphamountain score: 7.58
etsy.id5271.click,domain,threat,low,WHITE,alphamountain/community-threat,alphamountain,2026-08-17T18:48:05Z,2026-08-17T18:48:05Z,alphamountain score: 7.61
lumivinate.sbs,domain,threat,low,WHITE,alphamountain/community-threat,alphamountain,2026-08-17T18:48:05Z,2026-08-17T18:48:05Z,alphamountain score: 7.63
tb.oppok.eu.cc,domain,threat,low,WHITE,alphamountain/community-threat,alphamountain,2026-08-17T18:48:05Z,2026-08-17T18:48:05Z,alphamountain score: 9.12
bridge-io-learn-en-sso.pages.dev,domain,threat,low,WHITE,alphamountain/community-threat,alphamountain,2026-08-17T18:48:05Z,2026-08-17T18:48:05Z,alphamountain score: 9.25
net-intern-online.live,domain,threat,low,WHITE,alphamountain/community-threat,alphamountain,2026-08-17T18:48:05Z,2026-08-17T18:48:05Z,alphamountain score: 9.28
business-for-moventra.pages.dev,domain,threat,low,WHITE,alphamountain/community-threat,alphamountain,2026-08-17T18:48:05Z,2026-08-17T18:48:05Z,alphamountain score: 9.28
gls-groupp.eu.cc,domain,threat,low,WHITE,alphamountain/community-threat,alphamountain,2026-08-17T18:48:05Z,2026-08-17T18:48:05Z,alphamountain score: 9.12
lpr.intelchartzone.com,domain,threat,low,WHITE,alphamountain/community-threat,alphamountain,2026-08-17T18:48:05Z,2026-08-17T18:48:05Z,alphamountain score: 9.28
mydpd.sghgf.top,domain,threat,low,WHITE,alphamountain/community-threat,alphamountain,2026-08-17T18:48:05Z,2026-08-17T18:48:05Z,alphamountain score: 8.79
bar.gysvdzxa.cc,domain,threat,low,WHITE,alphamountain/community-threat,alphamountain,2026-08-17T18:48:05Z,2026-08-17T18:48:05Z,alphamountain score: 7.58
payments-0ssf.pages.dev,domain,threat,low,WHITE,alphamountain/community-threat,alphamountain,2026-08-17T18:48:05Z,2026-08-17T18:48:05Z,alphamountain score: 9.11
betgaranti-giris-adresim.icu,domain,threat,low,WHITE,alphamountain/community-threat,alphamountain,2026-08-17T18:48:05Z,2026-08-17T18:48:05Z,alphamountain score: 7.59
pack.aigzt.eu.cc,domain,threat,low,WHITE,alphamountain/community-threat,alphamountain,2026-08-17T18:48:05Z,2026-08-17T18:48:05Z,alphamountain score: 9.12
serafe-chdeclarationsituationmenage.vercel.app,domain,threat,low,WHITE,alphamountain/community-threat,alphamountain,2026-08-17T18:48:05Z,2026-08-17T18:48:05Z,alphamountain score: 9.09
acc-compliance-audit-gateway.pages.dev,domain,threat,low,WHITE,alphamountain/community-threat,alphamountain,2026-08-17T18:48:05Z,2026-08-17T18:48:05Z,alphamountain score: 9.13
bgjunpudxnzghgamzwkjyaterr.cloudns.nz,domain,threat,low,WHITE,alphamountain/community-threat,alphamountain,2026-08-17T18:48:05Z,2026-08-17T18:48:05Z,alphamountain score: 9.06
evemtsplanin.icu,domain,threat,low,WHITE,alphamountain/community-threat,alphamountain,2026-08-17T18:48:05Z,2026-08-17T18:48:05Z,alphamountain score: 9.34
business-for-archline-labs.pages.dev,domain,threat,low,WHITE,alphamountain/community-threat,alphamountain,2026-08-17T18:48:05Z,2026-08-17T18:48:05Z,alphamountain score: 8.64
ck.betgaranti-giris-adresim.icu,domain,threat,low,WHITE,alphamountain/community-threat,alphamountain,2026-08-17T18:48:05Z,2026-08-17T18:48:05Z,alphamountain score: 7.61
allbc.xyz,domain,threat,low,WHITE,alphamountain/community-threat,alphamountain,2026-08-17T18:48:05Z,2026-08-17T18:48:05Z,alphamountain score: 7.54
bittmrtlogien.webflow.io,domain,threat,low,WHITE,alphamountain/community-threat,alphamountain,2026-08-17T18:48:05Z,2026-08-17T18:48:05Z,alphamountain score: 9.26
friends.swproxy.xyz,domain,threat,low,WHITE,alphamountain/community-threat,alphamountain,2026-08-17T18:48:05Z,2026-08-17T18:48:05Z,alphamountain score: 7.61
mydpd.uopzr.help,domain,threat,low,WHITE,alphamountain/community-threat,alphamountain,2026-08-17T18:48:05Z,2026-08-17T18:48:05Z,alphamountain score: 8.79
d87c.lfhdmhkb.cc,domain,threat,low,WHITE,alphamountain/community-threat,alphamountain,2026-08-17T18:48:05Z,2026-08-17T18:48:05Z,alphamountain score: 7.58
2233bet365.com,domain,threat,low,WHITE,alphamountain/community-threat,alphamountain,2026-08-17T18:48:05Z,2026-08-17T18:48:05Z,alphamountain score: 9.29
29087817-22554-3424.unrertivermalous.com,domain,threat,low,WHITE,alphamountain/community-threat,alphamountain,2026-08-17T18:48:05Z,2026-08-17T18:48:05Z,alphamountain score: 8.75
29099431-2348-ex.unrertivermalous.com,domain,threat,low,WHITE,alphamountain/community-threat,alphamountain,2026-08-17T18:48:05Z,2026-08-17T18:48:05Z,alphamountain score: 8.75
allegrolokalnie.pls3lfjfcfgr21xk.sbs,domain,threat,low,WHITE,alphamountain/community-threat,alphamountain,2026-08-17T18:48:05Z,2026-08-17T18:48:05Z,alphamountain score: 9.21
b77769.com,domain,threat,low,WHITE,alphamountain/community-threat,alphamountain,2026-08-17T18:48:05Z,2026-08-17T18:48:05Z,alphamountain score: 9.25
bank.idgbank.x-pay.app,domain,threat,low,WHITE,alphamountain/community-threat,alphamountain,2026-08-17T18:48:05Z,2026-08-17T18:48:05Z,alphamountain score: 9.1
cdn-whatapp.com.cn,domain,threat,low,WHITE,alphamountain/community-threat,alphamountain,2026-08-17T18:48:05Z,2026-08-17T18:48:05Z,alphamountain score: 9.3
faceb00k-br.blogspot.com,domain,threat,low,WHITE,alphamountain/community-threat,alphamountain,2026-08-17T18:48:05Z,2026-08-17T18:48:05Z,alphamountain score: 9.36
facebook0login.blogspot.com,domain,threat,low,WHITE,alphamountain/community-threat,alphamountain,2026-08-17T18:48:05Z,2026-08-17T18:48:05Z,alphamountain score: 9.15
facebook0login.blogspot.ru,domain,threat,low,WHITE,alphamountain/community-threat,alphamountain,2026-08-17T18:48:05Z,2026-08-17T18:48:05Z,alphamountain score: 9.21
freeusdtairdrop.digital,domain,threat,low,WHITE,alphamountain/community-threat,alphamountain,2026-08-17T18:48:05Z,2026-08-17T18:48:05Z,alphamountain score: 9.23
gemrobuxxf.blogspot.fi,domain,threat,low,WHITE,alphamountain/community-threat,alphamountain,2026-08-17T18:48:05Z,2026-08-17T18:48:05Z,alphamountain score: 8.9
qoyyn.xyz,domain,threat,low,WHITE,alphamountain/community-threat,alphamountain,2026-08-17T18:48:05Z,2026-08-17T18:48:05Z,alphamountain score: 9.3
sghgf.top,domain,threat,low,WHITE,alphamountain/community-threat,alphamountain,2026-08-17T18:48:05Z,2026-08-17T18:48:05Z,alphamountain score: 9.3
stable.cdn-whatapp.com.cn,domain,threat,low,WHITE,alphamountain/community-threat,alphamountain,2026-08-17T18:48:05Z,2026-08-17T18:48:05Z,alphamountain score: 9.44
uopzr.help,domain,threat,low,WHITE,alphamountain/community-threat,alphamountain,2026-08-17T18:48:05Z,2026-08-17T18:48:05Z,alphamountain score: 9.3
p1x9vk.lat,domain,threat,low,WHITE,alphamountain/community-threat,alphamountain,2026-08-17T18:48:05Z,2026-08-17T18:48:05Z,alphamountain score: 8.64
235689.xyz,domain,threat,low,WHITE,alphamountain/community-threat,alphamountain,2026-08-17T18:48:05Z,2026-08-17T18:48:05Z,alphamountain score: 7.54
begin-trezo-wallet.pages.dev,domain,threat,low,WHITE,alphamountain/community-threat,alphamountain,2026-08-17T18:48:05Z,2026-08-17T18:48:05Z,alphamountain score: 9.25
816g.cc,domain,threat,low,WHITE,alphamountain/community-threat,alphamountain,2026-08-17T18:48:05Z,2026-08-17T18:48:05Z,alphamountain score: 7.5
slyon13.cc,domain,threat,low,WHITE,alphamountain/community-threat,alphamountain,2026-08-17T18:48:05Z,2026-08-17T18:48:05Z,alphamountain score: 7.61
27759gjwl.pages.dev,domain,threat,low,WHITE,alphamountain/community-threat,alphamountain,2026-08-17T18:48:05Z,2026-08-17T18:48:05Z,alphamountain score: 9.13
warp-by1.pages.dev,domain,threat,low,WHITE,alphamountain/community-threat,alphamountain,2026-08-17T18:48:05Z,2026-08-17T18:48:05Z,alphamountain score: 9.13
jasperkyk.diowebhost.com,domain,threat,low,WHITE,alphamountain/community-threat,alphamountain,2026-08-17T18:48:05Z,2026-08-17T18:48:05Z,alphamountain score: 9.15
redirect-to-same-5-woad.vercel.app,domain,threat,low,WHITE,alphamountain/community-threat,alphamountain,2026-08-17T18:48:05Z,2026-08-17T18:48:05Z,alphamountain score: 8.65
app-suite-trezrr-en.pages.dev,domain,threat,low,WHITE,alphamountain/community-threat,alphamountain,2026-08-17T18:48:05Z,2026-08-17T18:48:05Z,alphamountain score: 9.25
accessfilepointhiu.cloud-ip.cc,domain,threat,low,WHITE,alphamountain/community-threat,alphamountain,2026-08-17T18:48:05Z,2026-08-17T18:48:05Z,alphamountain score: 7.65
amextechnology.com,domain,threat,low,WHITE,alphamountain/community-threat,alphamountain,2026-08-17T18:48:05Z,2026-08-17T18:48:05Z,alphamountain score: 7.54
nourishdaily.sbs,domain,threat,low,WHITE,alphamountain/community-threat,alphamountain,2026-08-17T18:48:05Z,2026-08-17T18:48:05Z,alphamountain score: 7.61
business-for-brixium.pages.dev,domain,threat,low,WHITE,alphamountain/community-threat,alphamountain,2026-08-17T18:48:05Z,2026-08-17T18:48:05Z,alphamountain score: 9.28
527838.cc,domain,threat,low,WHITE,alphamountain/community-threat,alphamountain,2026-08-17T18:48:05Z,2026-08-17T18:48:05Z,alphamountain score: 9.18
b2hslu5w-h16.vercel.app,domain,threat,low,WHITE,alphamountain/community-threat,alphamountain,2026-08-17T18:48:05Z,2026-08-17T18:48:05Z,alphamountain score: 7.49
allsbco.xyz,domain,threat,low,WHITE,alphamountain/community-threat,alphamountain,2026-08-17T18:48:05Z,2026-08-17T18:48:05Z,alphamountain score: 7.58
yx.gmail2.eu.cc,domain,threat,low,WHITE,alphamountain/community-threat,alphamountain,2026-08-17T18:48:05Z,2026-08-17T18:48:05Z,alphamountain score: 9.12
bible.cloeleyp.cc,domain,threat,low,WHITE,alphamountain/community-threat,alphamountain,2026-08-17T18:48:05Z,2026-08-17T18:48:05Z,alphamountain score: 7.58
c7n4yt.lat,domain,threat,low,WHITE,alphamountain/community-threat,alphamountain,2026-08-17T18:48:05Z,2026-08-17T18:48:05Z,alphamountain score: 9.31
business-for-smart-growth-cluster.pages.dev,domain,threat,low,WHITE,alphamountain/community-threat,alphamountain,2026-08-17T18:48:05Z,2026-08-17T18:48:05Z,alphamountain score: 9.28
begin-user-blockif.pages.dev,domain,threat,low,WHITE,alphamountain/community-threat,alphamountain,2026-08-17T18:48:05Z,2026-08-17T18:48:05Z,alphamountain score: 9.25
tradingkxgde.netlify.app,domain,threat,low,WHITE,alphamountain/community-threat,alphamountain,2026-08-17T18:48:05Z,2026-08-17T18:48:05Z,alphamountain score: 7.51
darktable.cc,domain,threat,low,WHITE,alphamountain/community-threat,alphamountain,2026-08-17T18:48:05Z,2026-08-17T18:48:05Z,alphamountain score: 7.58
navyfederal.payments-0ssf.pages.dev,domain,threat,low,WHITE,alphamountain/community-threat,alphamountain,2026-08-17T18:48:05Z,2026-08-17T18:48:05Z,alphamountain score: 9.06
ooodou.com,domain,threat,low,WHITE,alphamountain/community-threat,alphamountain,2026-08-17T18:48:05Z,2026-08-17T18:48:05Z,alphamountain score: 7.5
truskel.shop,domain,threat,low,WHITE,alphamountain/community-threat,alphamountain,2026-08-17T18:48:05Z,2026-08-17T18:48:05Z,alphamountain score: 8.64
infinitedigital.icu,domain,threat,low,WHITE,alphamountain/community-threat,alphamountain,2026-08-17T18:48:05Z,2026-08-17T18:48:05Z,alphamountain score: 7.59
virtustarted.qpon,domain,threat,low,WHITE,alphamountain/community-threat,alphamountain,2026-08-17T18:48:05Z,2026-08-17T18:48:05Z,alphamountain score: 7.54
moisty-mayer80.bolt.host,domain,threat,low,WHITE,alphamountain/community-threat,alphamountain,2026-08-17T18:48:05Z,2026-08-17T18:48:05Z,alphamountain score: 7.49
bvdqy3x0ni.cloeleyp.cc,domain,threat,low,WHITE,alphamountain/community-threat,alphamountain,2026-08-17T18:48:05Z,2026-08-17T18:48:05Z,alphamountain score: 7.58
masurcoppi.rest,domain,threat,low,WHITE,alphamountain/community-threat,alphamountain,2026-08-17T18:48:05Z,2026-08-17T18:48:05Z,alphamountain score: 7.36
air.gysvdzxa.cc,domain,threat,low,WHITE,alphamountain/community-threat,alphamountain,2026-08-17T18:48:05Z,2026-08-17T18:48:05Z,alphamountain score: 7.58
599522.xyz,domain,threat,low,WHITE,alphamountain/community-threat,alphamountain,2026-08-17T18:48:05Z,2026-08-17T18:48:05Z,alphamountain score: 7.51
pet-food15554.diowebhost.com,domain,threat,low,WHITE,alphamountain/community-threat,alphamountain,2026-08-17T18:48:05Z,2026-08-17T18:48:05Z,alphamountain score: 9.19
nemo999.net,domain,threat,low,WHITE,alphamountain/community-threat,alphamountain,2026-08-17T18:48:05Z,2026-08-17T18:48:05Z,alphamountain score: 7.52
blood.isulsswn.cc,domain,threat,low,WHITE,alphamountain/community-threat,alphamountain,2026-08-17T18:48:05Z,2026-08-17T18:48:05Z,alphamountain score: 7.58
garmenth.buzz,domain,threat,low,WHITE,alphamountain/community-threat,alphamountain,2026-08-17T18:48:05Z,2026-08-17T18:48:05Z,alphamountain score: 7.56
mydpd.qoyyn.xyz,domain,threat,low,WHITE,alphamountain/community-threat,alphamountain,2026-08-17T18:48:05Z,2026-08-17T18:48:05Z,alphamountain score: 8.56
go.socialkittys.cc,domain,threat,low,WHITE,alphamountain/community-threat,alphamountain,2026-08-17T18:48:05Z,2026-08-17T18:48:05Z,alphamountain score: 7.61
begin--star---io.pages.dev,domain,threat,low,WHITE,alphamountain/community-threat,alphamountain,2026-08-17T18:48:05Z,2026-08-17T18:48:05Z,alphamountain score: 9.21
wj.dznjagqtz.cc,domain,threat,low,WHITE,alphamountain/community-threat,alphamountain,2026-08-17T18:48:05Z,2026-08-17T18:48:05Z,alphamountain score: 7.58
zhuiying4.cc,domain,threat,low,WHITE,alphamountain/community-threat,alphamountain,2026-08-17T18:48:05Z,2026-08-17T18:48:05Z,alphamountain score: 7.52
testingxoler.weebly.com,domain,threat,low,WHITE,alphamountain/community-threat,alphamountain,2026-08-17T18:48:05Z,2026-08-17T18:48:05Z,alphamountain score: 9.25
dashboard.socialkittys.cc,domain,threat,low,WHITE,alphamountain/community-threat,alphamountain,2026-08-17T18:48:05Z,2026-08-17T18:48:05Z,alphamountain score: 7.61
8678.vochtblog.be,domain,threat,low,WHITE,alphamountain/community-threat,alphamountain,2026-08-17T18:48:05Z,2026-08-17T18:48:05Z,alphamountain score: 9.13
comepay-support-3.vercel.app,domain,threat,low,WHITE,alphamountain/community-threat,alphamountain,2026-08-17T18:48:05Z,2026-08-17T18:48:05Z,alphamountain score: 9.33
bitrefi.ai,domain,threat,low,WHITE,alphamountain/community-threat,alphamountain,2026-08-17T18:48:05Z,2026-08-17T18:48:05Z,alphamountain score: 9.26
digitalwarriors.site,domain,threat,low,WHITE,alphamountain/community-threat,alphamountain,2026-08-17T18:48:05Z,2026-08-17T18:48:05Z,alphamountain score: 7.44
47d8f267ada98afff6cd81d1ea868632.dynaccent.net,domain,threat,low,WHITE,alphamountain/community-threat,alphamountain,2026-08-17T18:48:05Z,2026-08-17T18:48:05Z,alphamountain score: 7.0
keczad.ynfgc.com,domain,threat,low,WHITE,alphamountain/community-threat,alphamountain,2026-08-17T18:48:05Z,2026-08-17T18:48:05Z,alphamountain score: 8.5
ladyredangel.net,domain,threat,low,WHITE,alphamountain/community-threat,alphamountain,2026-08-17T18:48:05Z,2026-08-17T18:48:05Z,alphamountain score: 7.0
learn.warriorbabe.co,domain,threat,low,WHITE,alphamountain/community-threat,alphamountain,2026-08-17T18:48:05Z,2026-08-17T18:48:05Z,alphamountain score: 7.0
verniyurirjieqwui-uyehiueiqjrepok.pages.dev,domain,threat,low,WHITE,alphamountain/community-threat,alphamountain,2026-08-17T18:48:05Z,2026-08-17T18:48:05Z,alphamountain score: 9.33
zerrreach.site,domain,threat,low,WHITE,alphamountain/community-threat,alphamountain,2026-08-17T18:48:05Z,2026-08-17T18:48:05Z,alphamountain score: 9.33
xenokit.site,domain,threat,low,WHITE,alphamountain/community-threat,alphamountain,2026-08-17T18:48:05Z,2026-08-17T18:48:05Z,alphamountain score: 9.33
subrtrix.site,domain,threat,low,WHITE,alphamountain/community-threat,alphamountain,2026-08-17T18:48:05Z,2026-08-17T18:48:05Z,alphamountain score: 9.33
intevejam.site,domain,threat,low,WHITE,alphamountain/community-threat,alphamountain,2026-08-17T18:48:05Z,2026-08-17T18:48:05Z,alphamountain score: 9.34
glitbaost81.site,domain,threat,low,WHITE,alphamountain/community-threat,alphamountain,2026-08-17T18:48:05Z,2026-08-17T18:48:05Z,alphamountain score: 9.33
gliduvlytics.site,domain,threat,low,WHITE,alphamountain/community-threat,alphamountain,2026-08-17T18:48:05Z,2026-08-17T18:48:05Z,alphamountain score: 9.31
xionforgecell.site,domain,threat,low,WHITE,alphamountain/community-threat,alphamountain,2026-08-17T18:48:05Z,2026-08-17T18:48:05Z,alphamountain score: 9.33
synenet.site,domain,threat,low,WHITE,alphamountain/community-threat,alphamountain,2026-08-17T18:48:05Z,2026-08-17T18:48:05Z,alphamountain score: 9.33
synedacall.site,domain,threat,low,WHITE,alphamountain/community-threat,alphamountain,2026-08-17T18:48:05Z,2026-08-17T18:48:05Z,alphamountain score: 9.31
equisuite.site,domain,threat,low,WHITE,alphamountain/community-threat,alphamountain,2026-08-17T18:48:05Z,2026-08-17T18:48:05Z,alphamountain score: 9.21
velablur.site,domain,threat,low,WHITE,alphamountain/community-threat,alphamountain,2026-08-17T18:48:05Z,2026-08-17T18:48:05Z,alphamountain score: 9.31
zerrgyre.site,domain,threat,low,WHITE,alphamountain/community-threat,alphamountain,2026-08-17T18:48:05Z,2026-08-17T18:48:05Z,alphamountain score: 9.31
dynaify.site,domain,threat,low,WHITE,alphamountain/community-threat,alphamountain,2026-08-17T18:48:05Z,2026-08-17T18:48:05Z,alphamountain score: 9.21
blitmetrane.site,domain,threat,low,WHITE,alphamountain/community-threat,alphamountain,2026-08-17T18:48:05Z,2026-08-17T18:48:05Z,alphamountain score: 9.34
rexkwbix.cc,domain,threat,low,WHITE,alphamountain/community-threat,alphamountain,2026-08-17T18:48:05Z,2026-08-17T18:48:05Z,alphamountain score: 7.58
phanpress67.site,domain,threat,low,WHITE,alphamountain/community-threat,alphamountain,2026-08-17T18:48:05Z,2026-08-17T18:48:05Z,alphamountain score: 7.66
v22.my,domain,threat,low,WHITE,alphamountain/community-threat,alphamountain,2026-08-17T18:48:05Z,2026-08-17T18:48:05Z,alphamountain score: 9.19
xpertrack.site,domain,threat,low,WHITE,alphamountain/community-threat,alphamountain,2026-08-17T18:48:05Z,2026-08-17T18:48:05Z,alphamountain score: 9.33
kryosusign.site,domain,threat,low,WHITE,alphamountain/community-threat,alphamountain,2026-08-17T18:48:05Z,2026-08-17T18:48:05Z,alphamountain score: 9.21
w8m2qf.lat,domain,threat,low,WHITE,alphamountain/community-threat,alphamountain,2026-08-17T18:48:05Z,2026-08-17T18:48:05Z,alphamountain score: 9.31
xempreterm.site,domain,threat,low,WHITE,alphamountain/community-threat,alphamountain,2026-08-17T18:48:05Z,2026-08-17T18:48:05Z,alphamountain score: 9.33
zentscope.site,domain,threat,low,WHITE,alphamountain/community-threat,alphamountain,2026-08-17T18:48:05Z,2026-08-17T18:48:05Z,alphamountain score: 9.33
1.12.55.42,ipv4,botnet,high,WHITE,blocklist.de/bots|blocklist.de/all|ziyadnz/hourly-ipv4,blocklist.de|bot|irc-bot|brute-force|ziyadnz|hourly,2026-08-17T18:48:05Z,2026-08-17T18:48:05Z,
1.34.2.110,ipv4,botnet,high,WHITE,blocklist.de/bots|blocklist.de/all|ziyadnz/hourly-ipv4,blocklist.de|bot|irc-bot|brute-force|ziyadnz|hourly,2026-08-17T18:48:05Z,2026-08-17T18:48:05Z,
1.38.107.173,ipv4,botnet,high,WHITE,blocklist.de/bots|blocklist.de/all|ziyadnz/hourly-ipv4,blocklist.de|bot|irc-bot|brute-force|ziyadnz|hourly,2026-08-17T18:48:05Z,2026-08-17T18:48:05Z,
1.9.211.178,ipv4,botnet,high,WHITE,blocklist.de/bots|blocklist.de/all|ziyadnz/hourly-ipv4,blocklist.de|bot|irc-bot|brute-force|ziyadnz|hourly,2026-08-17T18:48:05Z,2026-08-17T18:48:05Z,
1.92.194.130,ipv4,botnet,high,WHITE,blocklist.de/bots|blocklist.de/all|ziyadnz/hourly-ipv4,blocklist.de|bot|irc-bot|brute-force|ziyadnz|hourly,2026-08-17T18:48:05Z,2026-08-17T18:48:05Z,
1.92.197.96,ipv4,botnet,high,WHITE,blocklist.de/bots|blocklist.de/all|ziyadnz/hourly-ipv4,blocklist.de|bot|irc-bot|brute-force|ziyadnz|hourly,2026-08-17T18:48:05Z,2026-08-17T18:48:05Z,
1.92.215.41,ipv4,botnet,high,WHITE,blocklist.de/bots|blocklist.de/all|ziyadnz/hourly-ipv4,blocklist.de|bot|irc-bot|brute-force|ziyadnz|hourly,2026-08-17T18:48:05Z,2026-08-17T18:48:05Z,
101.126.59.213,ipv4,botnet,high,WHITE,blocklist.de/bots|blocklist.de/all|ziyadnz/hourly-ipv4,blocklist.de|bot|irc-bot|brute-force|ziyadnz|hourly,2026-08-17T18:48:05Z,2026-08-17T18:48:05Z,
101.126.59.26,ipv4,botnet,high,WHITE,blocklist.de/bots|blocklist.de/all|ziyadnz/hourly-ipv4,blocklist.de|bot|irc-bot|brute-force|ziyadnz|hourly,2026-08-17T18:48:05Z,2026-08-17T18:48:05Z,
101.126.59.27,ipv4,botnet,high,WHITE,blocklist.de/bots|blocklist.de/all|ziyadnz/hourly-ipv4,blocklist.de|bot|irc-bot|brute-force|ziyadnz|hourly,2026-08-17T18:48:05Z,2026-08-17T18:48:05Z,
101.126.60.28,ipv4,botnet,high,WHITE,blocklist.de/bots|blocklist.de/all|ziyadnz/hourly-ipv4,blocklist.de|bot|irc-bot|brute-force|ziyadnz|hourly,2026-08-17T18:48:05Z,2026-08-17T18:48:05Z,
101.33.33.210,ipv4,botnet,high,WHITE,blocklist.de/bots|blocklist.de/all|ziyadnz/hourly-ipv4,blocklist.de|bot|irc-bot|brute-force|ziyadnz|hourly,2026-08-17T18:48:05Z,2026-08-17T18:48:05Z,
101.42.221.26,ipv4,botnet,high,WHITE,blocklist.de/bots|blocklist.de/all|ziyadnz/hourly-ipv4,blocklist.de|bot|irc-bot|brute-force|ziyadnz|hourly,2026-08-17T18:48:05Z,2026-08-17T18:48:05Z,
101.42.34.95,ipv4,botnet,high,WHITE,blocklist.de/bots|blocklist.de/all|ziyadnz/hourly-ipv4,blocklist.de|bot|irc-bot|brute-force|ziyadnz|hourly,2026-08-17T18:48:05Z,2026-08-17T18:48:05Z,
101.43.168.169,ipv4,botnet,high,WHITE,blocklist.de/bots|blocklist.de/all|ziyadnz/hourly-ipv4,blocklist.de|bot|irc-bot|brute-force|ziyadnz|hourly,2026-08-17T18:48:05Z,2026-08-17T18:48:05Z,
101.43.184.111,ipv4,botnet,high,WHITE,blocklist.de/bots|blocklist.de/all|ziyadnz/hourly-ipv4,blocklist.de|bot|irc-bot|brute-force|ziyadnz|hourly,2026-08-17T18:48:05Z,2026-08-17T18:48:05Z,
101.43.223.157,ipv4,botnet,high,WHITE,blocklist.de/bots|blocklist.de/all|ziyadnz/hourly-ipv4,blocklist.de|bot|irc-bot|brute-force|ziyadnz|hourly,2026-08-17T18:48:05Z,2026-08-17T18:48:05Z,
101.43.248.82,ipv4,botnet,high,WHITE,blocklist.de/bots|blocklist.de/all|ziyadnz/hourly-ipv4,blocklist.de|bot|irc-bot|brute-force|ziyadnz|hourly,2026-08-17T18:48:05Z,2026-08-17T18:48:05Z,
102.209.111.92,ipv4,botnet,high,WHITE,blocklist.de/bots|blocklist.de/all|ziyadnz/hourly-ipv4,blocklist.de|bot|irc-bot|brute-force|ziyadnz|hourly,2026-08-17T18:48:05Z,2026-08-17T18:48:05Z,
102.212.183.39,ipv4,botnet,high,WHITE,blocklist.de/bots|blocklist.de/all|ziyadnz/hourly-ipv4,blocklist.de|bot|irc-bot|brute-force|ziyadnz|hourly,2026-08-17T18:48:05Z,2026-08-17T18:48:05Z,
102.219.210.14,ipv4,botnet,high,WHITE,blocklist.de/bots|blocklist.de/all|ziyadnz/hourly-ipv4,blocklist.de|bot|irc-bot|brute-force|ziyadnz|hourly,2026-08-17T18:48:05Z,2026-08-17T18:48:05Z,
102.252.0.26,ipv4,botnet,medium,WHITE,blocklist.de/bots|blocklist.de/all,blocklist.de|bot|irc-bot|brute-force|ziyadnz|hourly,2026-08-17T18:48:05Z,2026-08-17T18:48:05Z,
102.253.38.24,ipv4,botnet,high,WHITE,blocklist.de/bots|blocklist.de/all|ziyadnz/hourly-ipv4,blocklist.de|bot|irc-bot|brute-force|ziyadnz|hourly,2026-08-17T18:48:05Z,2026-08-17T18:48:05Z,
102.253.45.8,ipv4,botnet,high,WHITE,blocklist.de/bots|blocklist.de/all|ziyadnz/hourly-ipv4,blocklist.de|bot|irc-bot|brute-force|ziyadnz|hourly,2026-08-17T18:48:05Z,2026-08-17T18:48:05Z,
102.254.102.22,ipv4,botnet,high,WHITE,blocklist.de/bots|blocklist.de/all|ziyadnz/hourly-ipv4,blocklist.de|bot|irc-bot|brute-force|ziyadnz|hourly,2026-08-17T18:48:05Z,2026-08-17T18:48:05Z,
102.64.68.15,ipv4,botnet,high,WHITE,blocklist.de/bots|blocklist.de/all|ziyadnz/hourly-ipv4,blocklist.de|bot|irc-bot|brute-force|ziyadnz|hourly,2026-08-17T18:48:05Z,2026-08-17T18:48:05Z,
102.66.181.85,ipv4,botnet,high,WHITE,blocklist.de/bots|blocklist.de/all|ziyadnz/hourly-ipv4,blocklist.de|bot|irc-bot|brute-force|ziyadnz|hourly,2026-08-17T18:48:05Z,2026-08-17T18:48:05Z,
102.69.166.82,ipv4,botnet,high,WHITE,blocklist.de/bots|blocklist.de/all|ziyadnz/hourly-ipv4,blocklist.de|bot|irc-bot|brute-force|ziyadnz|hourly,2026-08-17T18:48:05Z,2026-08-17T18:48:05Z,
102.89.22.19,ipv4,botnet,high,WHITE,blocklist.de/bots|blocklist.de/all|ziyadnz/hourly-ipv4,blocklist.de|bot|irc-bot|brute-force|ziyadnz|hourly,2026-08-17T18:48:05Z,2026-08-17T18:48:05Z,
102.89.85.74,ipv4,botnet,high,WHITE,blocklist.de/bots|blocklist.de/all|ziyadnz/hourly-ipv4,blocklist.de|bot|irc-bot|brute-force|ziyadnz|hourly,2026-08-17T18:48:05Z,2026-08-17T18:48:05Z,
102.90.100.22,ipv4,botnet,high,WHITE,blocklist.de/bots|blocklist.de/all|ziyadnz/hourly-ipv4,blocklist.de|bot|irc-bot|brute-force|ziyadnz|hourly,2026-08-17T18:48:05Z,2026-08-17T18:48:05Z,
102.93.10.125,ipv4,botnet,high,WHITE,blocklist.de/bots|blocklist.de/all|ziyadnz/hourly-ipv4,blocklist.de|bot|irc-bot|brute-force|ziyadnz|hourly,2026-08-17T18:48:05Z,2026-08-17T18:48:05Z,
103.10.28.132,ipv4,botnet,high,WHITE,blocklist.de/bots|blocklist.de/all|ziyadnz/hourly-ipv4,blocklist.de|bot|irc-bot|brute-force|ziyadnz|hourly,2026-08-17T18:48:05Z,2026-08-17T18:48:05Z,
103.101.103.108,ipv4,botnet,high,WHITE,blocklist.de/bots|blocklist.de/all|ziyadnz/hourly-ipv4,blocklist.de|bot|irc-bot|brute-force|ziyadnz|hourly,2026-08-17T18:48:05Z,2026-08-17T18:48:05Z,
103.103.88.208,ipv4,botnet,high,WHITE,blocklist.de/bots|blocklist.de/all|ziyadnz/hourly-ipv4,blocklist.de|bot|irc-bot|brute-force|ziyadnz|hourly,2026-08-17T18:48:05Z,2026-08-17T18:48:05Z,
103.104.214.91,ipv4,botnet,high,WHITE,blocklist.de/bots|blocklist.de/all|ziyadnz/hourly-ipv4,blocklist.de|bot|irc-bot|brute-force|ziyadnz|hourly,2026-08-17T18:48:05Z,2026-08-17T18:48:05Z,
103.109.221.54,ipv4,botnet,high,WHITE,blocklist.de/bots|blocklist.de/all|ziyadnz/hourly-ipv4,blocklist.de|bot|irc-bot|brute-force|ziyadnz|hourly,2026-08-17T18:48:05Z,2026-08-17T18:48:05Z,
103.111.230.141,ipv4,botnet,high,WHITE,blocklist.de/bots|blocklist.de/all|ziyadnz/hourly-ipv4,blocklist.de|bot|irc-bot|brute-force|ziyadnz|hourly,2026-08-17T18:48:05Z,2026-08-17T18:48:05Z,
103.111.70.55,ipv4,botnet,high,WHITE,blocklist.de/bots|blocklist.de/all|ziyadnz/hourly-ipv4,blocklist.de|bot|irc-bot|brute-force|ziyadnz|hourly,2026-08-17T18:48:05Z,2026-08-17T18:48:05Z,
103.113.101.72,ipv4,botnet,high,WHITE,blocklist.de/bots|blocklist.de/all|ziyadnz/hourly-ipv4,blocklist.de|bot|irc-bot|brute-force|ziyadnz|hourly,2026-08-17T18:48:05Z,2026-08-17T18:48:05Z,
103.115.197.32,ipv4,botnet,high,WHITE,blocklist.de/bots|blocklist.de/all|ziyadnz/hourly-ipv4,blocklist.de|bot|irc-bot|brute-force|ziyadnz|hourly,2026-08-17T18:48:05Z,2026-08-17T18:48:05Z,
103.115.197.34,ipv4,botnet,high,WHITE,blocklist.de/bots|blocklist.de/all|ziyadnz/hourly-ipv4,blocklist.de|bot|irc-bot|brute-force|ziyadnz|hourly,2026-08-17T18:48:05Z,2026-08-17T18:48:05Z,
103.117.12.178,ipv4,botnet,high,WHITE,blocklist.de/bots|blocklist.de/all|ziyadnz/hourly-ipv4,blocklist.de|bot|irc-bot|brute-force|ziyadnz|hourly,2026-08-17T18:48:05Z,2026-08-17T18:48:05Z,
103.117.14.202,ipv4,botnet,high,WHITE,blocklist.de/bots|blocklist.de/all|ziyadnz/hourly-ipv4,blocklist.de|bot|irc-bot|brute-force|ziyadnz|hourly,2026-08-17T18:48:05Z,2026-08-17T18:48:05Z,
103.121.156.110,ipv4,botnet,high,WHITE,blocklist.de/bots|blocklist.de/all|ziyadnz/hourly-ipv4,blocklist.de|bot|irc-bot|brute-force|ziyadnz|hourly,2026-08-17T18:48:05Z,2026-08-17T18:48:05Z,
103.121.62.74,ipv4,botnet,high,WHITE,blocklist.de/bots|blocklist.de/all|ziyadnz/hourly-ipv4,blocklist.de|bot|irc-bot|brute-force|ziyadnz|hourly,2026-08-17T18:48:05Z,2026-08-17T18:48:05Z,
103.125.179.32,ipv4,botnet,high,WHITE,blocklist.de/bots|blocklist.de/all|ziyadnz/hourly-ipv4,blocklist.de|bot|irc-bot|brute-force|ziyadnz|hourly,2026-08-17T18:48:05Z,2026-08-17T18:48:05Z,
103.125.179.35,ipv4,botnet,high,WHITE,blocklist.de/bots|blocklist.de/all|ziyadnz/hourly-ipv4,blocklist.de|bot|irc-bot|brute-force|ziyadnz|hourly,2026-08-17T18:48:05Z,2026-08-17T18:48:05Z,
103.130.18.245,ipv4,botnet,high,WHITE,blocklist.de/bots|blocklist.de/all|ziyadnz/hourly-ipv4,blocklist.de|bot|irc-bot|brute-force|ziyadnz|hourly,2026-08-17T18:48:05Z,2026-08-17T18:48:05Z,
103.134.0.171,ipv4,botnet,high,WHITE,blocklist.de/bots|blocklist.de/all|ziyadnz/hourly-ipv4,blocklist.de|bot|irc-bot|brute-force|ziyadnz|hourly,2026-08-17T18:48:05Z,2026-08-17T18:48:05Z,
103.134.236.106,ipv4,botnet,high,WHITE,blocklist.de/bots|blocklist.de/all|ziyadnz/hourly-ipv4,blocklist.de|bot|irc-bot|brute-force|ziyadnz|hourly,2026-08-17T18:48:05Z,2026-08-17T18:48:05Z,
103.138.51.150,ipv4,botnet,high,WHITE,blocklist.de/bots|blocklist.de/all|ziyadnz/hourly-ipv4,blocklist.de|bot|irc-bot|brute-force|ziyadnz|hourly,2026-08-17T18:48:05Z,2026-08-17T18:48:05Z,
103.139.190.162,ipv4,botnet,high,WHITE,blocklist.de/bots|blocklist.de/all|ziyadnz/hourly-ipv4,blocklist.de|bot|irc-bot|brute-force|ziyadnz|hourly,2026-08-17T18:48:05Z,2026-08-17T18:48:05Z,
103.141.4.8,ipv4,botnet,medium,WHITE,blocklist.de/bots|blocklist.de/all,blocklist.de|bot|irc-bot|brute-force|ziyadnz|hourly,2026-08-17T18:48:05Z,2026-08-17T18:48:05Z,
103.141.5.150,ipv4,botnet,high,WHITE,blocklist.de/bots|blocklist.de/all|ziyadnz/hourly-ipv4,blocklist.de|bot|irc-bot|brute-force|ziyadnz|hourly,2026-08-17T18:48:05Z,2026-08-17T18:48:05Z,
103.142.163.170,ipv4,botnet,high,WHITE,blocklist.de/bots|blocklist.de/all|ziyadnz/hourly-ipv4,blocklist.de|bot|irc-bot|brute-force|ziyadnz|hourly,2026-08-17T18:48:05Z,2026-08-17T18:48:05Z,
103.146.111.97,ipv4,botnet,high,WHITE,blocklist.de/bots|blocklist.de/all|ziyadnz/hourly-ipv4,blocklist.de|bot|irc-bot|brute-force|ziyadnz|hourly,2026-08-17T18:48:05Z,2026-08-17T18:48:05Z,
103.148.244.196,ipv4,botnet,high,WHITE,blocklist.de/bots|blocklist.de/all|ziyadnz/hourly-ipv4,blocklist.de|bot|irc-bot|brute-force|ziyadnz|hourly,2026-08-17T18:48:05Z,2026-08-17T18:48:05Z,
103.153.66.88,ipv4,botnet,high,WHITE,blocklist.de/bots|blocklist.de/all|ziyadnz/hourly-ipv4,blocklist.de|bot|irc-bot|brute-force|ziyadnz|hourly,2026-08-17T18:48:05Z,2026-08-17T18:48:05Z,
103.155.4.62,ipv4,botnet,high,WHITE,blocklist.de/bots|blocklist.de/all|ziyadnz/hourly-ipv4,blocklist.de|bot|irc-bot|brute-force|ziyadnz|hourly,2026-08-17T18:48:05Z,2026-08-17T18:48:05Z,
103.155.89.248,ipv4,botnet,high,WHITE,blocklist.de/bots|blocklist.de/all|ziyadnz/hourly-ipv4,blocklist.de|bot|irc-bot|brute-force|ziyadnz|hourly,2026-08-17T18:48:05Z,2026-08-17T18:48:05Z,
103.157.223.56,ipv4,botnet,high,WHITE,blocklist.de/bots|blocklist.de/all|ziyadnz/hourly-ipv4,blocklist.de|bot|irc-bot|brute-force|ziyadnz|hourly,2026-08-17T18:48:05Z,2026-08-17T18:48:05Z,
103.157.24.1,ipv4,botnet,high,WHITE,blocklist.de/bots|blocklist.de/all|ziyadnz/hourly-ipv4,blocklist.de|bot|irc-bot|brute-force|ziyadnz|hourly,2026-08-17T18:48:05Z,2026-08-17T18:48:05Z,
103.158.146.124,ipv4,botnet,high,WHITE,blocklist.de/bots|blocklist.de/all|ziyadnz/hourly-ipv4,blocklist.de|bot|irc-bot|brute-force|ziyadnz|hourly,2026-08-17T18:48:05Z,2026-08-17T18:48:05Z,
103.158.170.16,ipv4,botnet,high,WHITE,blocklist.de/bots|blocklist.de/all|ziyadnz/hourly-ipv4,blocklist.de|bot|irc-bot|brute-force|ziyadnz|hourly,2026-08-17T18:48:05Z,2026-08-17T18:48:05Z,
103.159.66.163,ipv4,botnet,high,WHITE,blocklist.de/bots|blocklist.de/all|ziyadnz/hourly-ipv4,blocklist.de|bot|irc-bot|brute-force|ziyadnz|hourly,2026-08-17T18:48:05Z,2026-08-17T18:48:05Z,
103.16.29.41,ipv4,botnet,high,WHITE,blocklist.de/bots|blocklist.de/all|ziyadnz/hourly-ipv4,blocklist.de|bot|irc-bot|brute-force|ziyadnz|hourly,2026-08-17T18:48:05Z,2026-08-17T18:48:05Z,
103.160.198.66,ipv4,botnet,high,WHITE,blocklist.de/bots|blocklist.de/all|ziyadnz/hourly-ipv4,blocklist.de|bot|irc-bot|brute-force|ziyadnz|hourly,2026-08-17T18:48:05Z,2026-08-17T18:48:05Z,
103.160.26.185,ipv4,botnet,high,WHITE,blocklist.de/bots|blocklist.de/all|ziyadnz/hourly-ipv4,blocklist.de|bot|irc-bot|brute-force|ziyadnz|hourly,2026-08-17T18:48:05Z,2026-08-17T18:48:05Z,
103.160.26.20,ipv4,botnet,high,WHITE,blocklist.de/bots|blocklist.de/all|ziyadnz/hourly-ipv4,blocklist.de|bot|irc-bot|brute-force|ziyadnz|hourly,2026-08-17T18:48:05Z,2026-08-17T18:48:05Z,
103.161.144.28,ipv4,botnet,high,WHITE,blocklist.de/bots|blocklist.de/all|ziyadnz/hourly-ipv4,blocklist.de|bot|irc-bot|brute-force|ziyadnz|hourly,2026-08-17T18:48:05Z,2026-08-17T18:48:05Z,
103.161.92.13,ipv4,botnet,high,WHITE,blocklist.de/bots|blocklist.de/all|ziyadnz/hourly-ipv4,blocklist.de|bot|irc-bot|brute-force|ziyadnz|hourly,2026-08-17T18:48:05Z,2026-08-17T18:48:05Z,
103.162.65.192,ipv4,botnet,high,WHITE,blocklist.de/bots|blocklist.de/all|ziyadnz/hourly-ipv4,blocklist.de|bot|irc-bot|brute-force|ziyadnz|hourly,2026-08-17T18:48:05Z,2026-08-17T18:48:05Z,
103.162.65.194,ipv4,botnet,high,WHITE,blocklist.de/bots|blocklist.de/all|ziyadnz/hourly-ipv4,blocklist.de|bot|irc-bot|brute-force|ziyadnz|hourly,2026-08-17T18:48:05Z,2026-08-17T18:48:05Z,
103.162.65.195,ipv4,botnet,high,WHITE,blocklist.de/bots|blocklist.de/all|ziyadnz/hourly-ipv4,blocklist.de|bot|irc-bot|brute-force|ziyadnz|hourly,2026-08-17T18:48:05Z,2026-08-17T18:48:05Z,
103.162.65.196,ipv4,botnet,high,WHITE,blocklist.de/bots|blocklist.de/all|ziyadnz/hourly-ipv4,blocklist.de|bot|irc-bot|brute-force|ziyadnz|hourly,2026-08-17T18:48:05Z,2026-08-17T18:48:05Z,
103.162.65.197,ipv4,botnet,high,WHITE,blocklist.de/bots|blocklist.de/all|ziyadnz/hourly-ipv4,blocklist.de|bot|irc-bot|brute-force|ziyadnz|hourly,2026-08-17T18:48:05Z,2026-08-17T18:48:05Z,
103.162.65.199,ipv4,botnet,high,WHITE,blocklist.de/bots|blocklist.de/all|ziyadnz/hourly-ipv4,blocklist.de|bot|irc-bot|brute-force|ziyadnz|hourly,2026-08-17T18:48:05Z,2026-08-17T18:48:05Z,
103.164.161.6,ipv4,botnet,high,WHITE,blocklist.de/bots|blocklist.de/all|ziyadnz/hourly-ipv4,blocklist.de|bot|irc-bot|brute-force|ziyadnz|hourly,2026-08-17T18:48:05Z,2026-08-17T18:48:05Z,
103.164.218.46,ipv4,botnet,high,WHITE,blocklist.de/bots|blocklist.de/all|ziyadnz/hourly-ipv4,blocklist.de|bot|irc-bot|brute-force|ziyadnz|hourly,2026-08-17T18:48:05Z,2026-08-17T18:48:05Z,
103.165.62.165,ipv4,botnet,high,WHITE,blocklist.de/bots|blocklist.de/all|ziyadnz/hourly-ipv4,blocklist.de|bot|irc-bot|brute-force|ziyadnz|hourly,2026-08-17T18:48:05Z,2026-08-17T18:48:05Z,
103.165.62.182,ipv4,botnet,high,WHITE,blocklist.de/bots|blocklist.de/all|ziyadnz/hourly-ipv4,blocklist.de|bot|irc-bot|brute-force|ziyadnz|hourly,2026-08-17T18:48:05Z,2026-08-17T18:48:05Z,
103.165.62.187,ipv4,botnet,high,WHITE,blocklist.de/bots|blocklist.de/all|ziyadnz/hourly-ipv4,blocklist.de|bot|irc-bot|brute-force|ziyadnz|hourly,2026-08-17T18:48:05Z,2026-08-17T18:48:05Z,
103.165.71.252,ipv4,botnet,high,WHITE,blocklist.de/bots|blocklist.de/all|ziyadnz/hourly-ipv4,blocklist.de|bot|irc-bot|brute-force|ziyadnz|hourly,2026-08-17T18:48:05Z,2026-08-17T18:48:05Z,
103.166.103.216,ipv4,botnet,high,WHITE,blocklist.de/bots|blocklist.de/all|ziyadnz/hourly-ipv4,blocklist.de|bot|irc-bot|brute-force|ziyadnz|hourly,2026-08-17T18:48:05Z,2026-08-17T18:48:05Z,
103.166.103.217,ipv4,botnet,high,WHITE,blocklist.de/bots|blocklist.de/all|ziyadnz/hourly-ipv4,blocklist.de|bot|irc-bot|brute-force|ziyadnz|hourly,2026-08-17T18:48:05Z,2026-08-17T18:48:05Z,
103.167.212.248,ipv4,botnet,high,WHITE,blocklist.de/bots|blocklist.de/all|ziyadnz/hourly-ipv4,blocklist.de|bot|irc-bot|brute-force|ziyadnz|hourly,2026-08-17T18:48:05Z,2026-08-17T18:48:05Z,
103.171.117.57,ipv4,botnet,high,WHITE,blocklist.de/bots|blocklist.de/all|ziyadnz/hourly-ipv4,blocklist.de|bot|irc-bot|brute-force|ziyadnz|hourly,2026-08-17T18:48:05Z,2026-08-17T18:48:05Z,
103.172.210.231,ipv4,botnet,high,WHITE,blocklist.de/bots|blocklist.de/all|ziyadnz/hourly-ipv4,blocklist.de|bot|irc-bot|brute-force|ziyadnz|hourly,2026-08-17T18:48:05Z,2026-08-17T18:48:05Z,
103.174.1.118,ipv4,botnet,high,WHITE,blocklist.de/bots|blocklist.de/all|ziyadnz/hourly-ipv4,blocklist.de|bot|irc-bot|brute-force|ziyadnz|hourly,2026-08-17T18:48:05Z,2026-08-17T18:48:05Z,
103.174.1.72,ipv4,botnet,high,WHITE,blocklist.de/bots|blocklist.de/all|ziyadnz/hourly-ipv4,blocklist.de|bot|irc-bot|brute-force|ziyadnz|hourly,2026-08-17T18:48:05Z,2026-08-17T18:48:05Z,
103.174.1.83,ipv4,botnet,high,WHITE,blocklist.de/bots|blocklist.de/all|ziyadnz/hourly-ipv4,blocklist.de|bot|irc-bot|brute-force|ziyadnz|hourly,2026-08-17T18:48:05Z,2026-08-17T18:48:05Z,
103.174.1.89,ipv4,botnet,high,WHITE,blocklist.de/bots|blocklist.de/all|ziyadnz/hourly-ipv4,blocklist.de|bot|irc-bot|brute-force|ziyadnz|hourly,2026-08-17T18:48:05Z,2026-08-17T18:48:05Z,
103.174.28.75,ipv4,botnet,high,WHITE,blocklist.de/bots|blocklist.de/all|ziyadnz/hourly-ipv4,blocklist.de|bot|irc-bot|brute-force|ziyadnz|hourly,2026-08-17T18:48:05Z,2026-08-17T18:48:05Z,
103.175.63.175,ipv4,botnet,high,WHITE,blocklist.de/bots|blocklist.de/all|ziyadnz/hourly-ipv4,blocklist.de|bot|irc-bot|brute-force|ziyadnz|hourly,2026-08-17T18:48:05Z,2026-08-17T18:48:05Z,
103.176.137.223,ipv4,botnet,high,WHITE,blocklist.de/bots|blocklist.de/all|ziyadnz/hourly-ipv4,blocklist.de|bot|irc-bot|brute-force|ziyadnz|hourly,2026-08-17T18:48:05Z,2026-08-17T18:48:05Z,
103.176.174.6,ipv4,botnet,high,WHITE,blocklist.de/bots|blocklist.de/all|ziyadnz/hourly-ipv4,blocklist.de|bot|irc-bot|brute-force|ziyadnz|hourly,2026-08-17T18:48:05Z,2026-08-17T18:48:05Z,
103.177.253.254,ipv4,botnet,high,WHITE,blocklist.de/bots|blocklist.de/all|ziyadnz/hourly-ipv4,blocklist.de|bot|irc-bot|brute-force|ziyadnz|hourly,2026-08-17T18:48:05Z,2026-08-17T18:48:05Z,
103.177.40.11,ipv4,botnet,high,WHITE,blocklist.de/bots|blocklist.de/all|ziyadnz/hourly-ipv4,blocklist.de|bot|irc-bot|brute-force|ziyadnz|hourly,2026-08-17T18:48:05Z,2026-08-17T18:48:05Z,
103.178.77.68,ipv4,botnet,high,WHITE,blocklist.de/bots|blocklist.de/all|ziyadnz/hourly-ipv4,blocklist.de|bot|irc-bot|brute-force|ziyadnz|hourly,2026-08-17T18:48:05Z,2026-08-17T18:48:05Z,
103.179.239.30,ipv4,botnet,high,WHITE,blocklist.de/bots|blocklist.de/all|ziyadnz/hourly-ipv4,blocklist.de|bot|irc-bot|brute-force|ziyadnz|hourly,2026-08-17T18:48:05Z,2026-08-17T18:48:05Z,
103.180.89.182,ipv4,botnet,high,WHITE,blocklist.de/bots|blocklist.de/all|ziyadnz/hourly-ipv4,blocklist.de|bot|irc-bot|brute-force|ziyadnz|hourly,2026-08-17T18:48:05Z,2026-08-17T18:48:05Z,
103.181.174.140,ipv4,botnet,high,WHITE,blocklist.de/bots|blocklist.de/all|ziyadnz/hourly-ipv4,blocklist.de|bot|irc-bot|brute-force|ziyadnz|hourly,2026-08-17T18:48:05Z,2026-08-17T18:48:05Z,
103.181.227.142,ipv4,botnet,high,WHITE,blocklist.de/bots|blocklist.de/all|ziyadnz/hourly-ipv4,blocklist.de|bot|irc-bot|brute-force|ziyadnz|hourly,2026-08-17T18:48:05Z,2026-08-17T18:48:05Z,
103.183.16.77,ipv4,botnet,high,WHITE,blocklist.de/bots|blocklist.de/all|ziyadnz/hourly-ipv4,blocklist.de|bot|irc-bot|brute-force|ziyadnz|hourly,2026-08-17T18:48:05Z,2026-08-17T18:48:05Z,
103.187.124.2,ipv4,botnet,high,WHITE,blocklist.de/bots|blocklist.de/all|ziyadnz/hourly-ipv4,blocklist.de|bot|irc-bot|brute-force|ziyadnz|hourly,2026-08-17T18:48:05Z,2026-08-17T18:48:05Z,
103.188.163.83,ipv4,botnet,high,WHITE,blocklist.de/bots|blocklist.de/all|ziyadnz/hourly-ipv4,blocklist.de|bot|irc-bot|brute-force|ziyadnz|hourly,2026-08-17T18:48:05Z,2026-08-17T18:48:05Z,
103.188.219.166,ipv4,botnet,high,WHITE,blocklist.de/bots|blocklist.de/all|ziyadnz/hourly-ipv4,blocklist.de|bot|irc-bot|brute-force|ziyadnz|hourly,2026-08-17T18:48:05Z,2026-08-17T18:48:05Z,
103.188.33.26,ipv4,botnet,high,WHITE,blocklist.de/bots|blocklist.de/all|ziyadnz/hourly-ipv4,blocklist.de|bot|irc-bot|brute-force|ziyadnz|hourly,2026-08-17T18:48:05Z,2026-08-17T18:48:05Z,
103.190.133.6,ipv4,botnet,high,WHITE,blocklist.de/bots|blocklist.de/all|ziyadnz/hourly-ipv4,blocklist.de|bot|irc-bot|brute-force|ziyadnz|hourly,2026-08-17T18:48:05Z,2026-08-17T18:48:05Z,
103.190.133.64,ipv4,botnet,high,WHITE,blocklist.de/bots|blocklist.de/all|ziyadnz/hourly-ipv4,blocklist.de|bot|irc-bot|brute-force|ziyadnz|hourly,2026-08-17T18:48:05Z,2026-08-17T18:48:05Z,
103.190.133.65,ipv4,botnet,high,WHITE,blocklist.de/bots|blocklist.de/all|ziyadnz/hourly-ipv4,blocklist.de|bot|irc-bot|brute-force|ziyadnz|hourly,2026-08-17T18:48:05Z,2026-08-17T18:48:05Z,
103.190.133.7,ipv4,botnet,high,WHITE,blocklist.de/bots|blocklist.de/all|ziyadnz/hourly-ipv4,blocklist.de|bot|irc-bot|brute-force|ziyadnz|hourly,2026-08-17T18:48:05Z,2026-08-17T18:48:05Z,
103.190.41.107,ipv4,botnet,high,WHITE,blocklist.de/bots|blocklist.de/all|ziyadnz/hourly-ipv4,blocklist.de|bot|irc-bot|brute-force|ziyadnz|hourly,2026-08-17T18:48:05Z,2026-08-17T18:48:05Z,
103.191.122.134,ipv4,botnet,high,WHITE,blocklist.de/bots|blocklist.de/all|ziyadnz/hourly-ipv4,blocklist.de|bot|irc-bot|brute-force|ziyadnz|hourly,2026-08-17T18:48:05Z,2026-08-17T18:48:05Z,
103.191.122.207,ipv4,botnet,high,WHITE,blocklist.de/bots|blocklist.de/all|ziyadnz/hourly-ipv4,blocklist.de|bot|irc-bot|brute-force|ziyadnz|hourly,2026-08-17T18:48:05Z,2026-08-17T18:48:05Z,
103.191.123.247,ipv4,botnet,high,WHITE,blocklist.de/bots|blocklist.de/all|ziyadnz/hourly-ipv4,blocklist.de|bot|irc-bot|brute-force|ziyadnz|hourly,2026-08-17T18:48:05Z,2026-08-17T18:48:05Z,
103.191.203.122,ipv4,botnet,high,WHITE,blocklist.de/bots|blocklist.de/all|ziyadnz/hourly-ipv4,blocklist.de|bot|irc-bot|brute-force|ziyadnz|hourly,2026-08-17T18:48:05Z,2026-08-17T18:48:05Z,
103.196.160.243,ipv4,botnet,high,WHITE,blocklist.de/bots|blocklist.de/all|ziyadnz/hourly-ipv4,blocklist.de|bot|irc-bot|brute-force|ziyadnz|hourly,2026-08-17T18:48:05Z,2026-08-17T18:48:05Z,
103.196.29.240,ipv4,botnet,high,WHITE,blocklist.de/bots|blocklist.de/all|ziyadnz/hourly-ipv4,blocklist.de|bot|irc-bot|brute-force|ziyadnz|hourly,2026-08-17T18:48:05Z,2026-08-17T18:48:05Z,
103.197.112.106,ipv4,botnet,high,WHITE,blocklist.de/bots|blocklist.de/all|ziyadnz/hourly-ipv4,blocklist.de|bot|irc-bot|brute-force|ziyadnz|hourly,2026-08-17T18:48:05Z,2026-08-17T18:48:05Z,
103.197.199.68,ipv4,botnet,high,WHITE,blocklist.de/bots|blocklist.de/all|ziyadnz/hourly-ipv4,blocklist.de|bot|irc-bot|brute-force|ziyadnz|hourly,2026-08-17T18:48:05Z,2026-08-17T18:48:05Z,
103.198.154.215,ipv4,botnet,high,WHITE,blocklist.de/bots|blocklist.de/all|ziyadnz/hourly-ipv4,blocklist.de|bot|irc-bot|brute-force|ziyadnz|hourly,2026-08-17T18:48:05Z,2026-08-17T18:48:05Z,
103.203.57.3,ipv4,botnet,high,WHITE,blocklist.de/bots|blocklist.de/all|ziyadnz/hourly-ipv4,blocklist.de|bot|irc-bot|brute-force|ziyadnz|hourly,2026-08-17T18:48:05Z,2026-08-17T18:48:05Z,
103.204.160.131,ipv4,botnet,high,WHITE,blocklist.de/bots|blocklist.de/all|ziyadnz/hourly-ipv4,blocklist.de|bot|irc-bot|brute-force|ziyadnz|hourly,2026-08-17T18:48:05Z,2026-08-17T18:48:05Z,
103.204.33.155,ipv4,botnet,high,WHITE,blocklist.de/bots|blocklist.de/all|ziyadnz/hourly-ipv4,blocklist.de|bot|irc-bot|brute-force|ziyadnz|hourly,2026-08-17T18:48:05Z,2026-08-17T18:48:05Z,
103.205.131.160,ipv4,botnet,high,WHITE,blocklist.de/bots|blocklist.de/all|ziyadnz/hourly-ipv4,blocklist.de|bot|irc-bot|brute-force|ziyadnz|hourly,2026-08-17T18:48:05Z,2026-08-17T18:48:05Z,
103.205.149.76,ipv4,botnet,high,WHITE,blocklist.de/bots|blocklist.de/all|ziyadnz/hourly-ipv4,blocklist.de|bot|irc-bot|brute-force|ziyadnz|hourly,2026-08-17T18:48:05Z,2026-08-17T18:48:05Z,
103.21.79.14,ipv4,botnet,high,WHITE,blocklist.de/bots|blocklist.de/all|ziyadnz/hourly-ipv4,blocklist.de|bot|irc-bot|brute-force|ziyadnz|hourly,2026-08-17T18:48:05Z,2026-08-17T18:48:05Z,
103.211.133.91,ipv4,botnet,high,WHITE,blocklist.de/bots|blocklist.de/all|ziyadnz/hourly-ipv4,blocklist.de|bot|irc-bot|brute-force|ziyadnz|hourly,2026-08-17T18:48:05Z,2026-08-17T18:48:05Z,
103.211.54.115,ipv4,botnet,high,WHITE,blocklist.de/bots|blocklist.de/all|ziyadnz/hourly-ipv4,blocklist.de|bot|irc-bot|brute-force|ziyadnz|hourly,2026-08-17T18:48:05Z,2026-08-17T18:48:05Z,
103.211.54.218,ipv4,botnet,high,WHITE,blocklist.de/bots|blocklist.de/all|ziyadnz/hourly-ipv4,blocklist.de|bot|irc-bot|brute-force|ziyadnz|hourly,2026-08-17T18:48:05Z,2026-08-17T18:48:05Z,
103.216.198.98,ipv4,botnet,high,WHITE,blocklist.de/bots|blocklist.de/all|ziyadnz/hourly-ipv4,blocklist.de|bot|irc-bot|brute-force|ziyadnz|hourly,2026-08-17T18:48:05Z,2026-08-17T18:48:05Z,
103.217.111.76,ipv4,botnet,high,WHITE,blocklist.de/bots|blocklist.de/all|ziyadnz/hourly-ipv4,blocklist.de|bot|irc-bot|brute-force|ziyadnz|hourly,2026-08-17T18:48:05Z,2026-08-17T18:48:05Z,
103.217.83.35,ipv4,botnet,high,WHITE,blocklist.de/bots|blocklist.de/all|ziyadnz/hourly-ipv4,blocklist.de|bot|irc-bot|brute-force|ziyadnz|hourly,2026-08-17T18:48:05Z,2026-08-17T18:48:05Z,
103.219.216.18,ipv4,botnet,high,WHITE,blocklist.de/bots|blocklist.de/all|ziyadnz/hourly-ipv4,blocklist.de|bot|irc-bot|brute-force|ziyadnz|hourly,2026-08-17T18:48:05Z,2026-08-17T18:48:05Z,
103.220.30.154,ipv4,botnet,high,WHITE,blocklist.de/bots|blocklist.de/all|ziyadnz/hourly-ipv4,blocklist.de|bot|irc-bot|brute-force|ziyadnz|hourly,2026-08-17T18:48:05Z,2026-08-17T18:48:05Z,
103.220.30.156,ipv4,botnet,high,WHITE,blocklist.de/bots|blocklist.de/all|ziyadnz/hourly-ipv4,blocklist.de|bot|irc-bot|brute-force|ziyadnz|hourly,2026-08-17T18:48:05Z,2026-08-17T18:48:05Z,
103.220.30.158,ipv4,botnet,high,WHITE,blocklist.de/bots|blocklist.de/all|ziyadnz/hourly-ipv4,blocklist.de|bot|irc-bot|brute-force|ziyadnz|hourly,2026-08-17T18:48:05Z,2026-08-17T18:48:05Z,
103.226.4.151,ipv4,botnet,high,WHITE,blocklist.de/bots|blocklist.de/all|ziyadnz/hourly-ipv4,blocklist.de|bot|irc-bot|brute-force|ziyadnz|hourly,2026-08-17T18:48:05Z,2026-08-17T18:48:05Z,
103.231.231.118,ipv4,botnet,high,WHITE,blocklist.de/bots|blocklist.de/all|ziyadnz/hourly-ipv4,blocklist.de|bot|irc-bot|brute-force|ziyadnz|hourly,2026-08-17T18:48:05Z,2026-08-17T18:48:05Z,
103.240.233.200,ipv4,botnet,high,WHITE,blocklist.de/bots|blocklist.de/all|ziyadnz/hourly-ipv4,blocklist.de|bot|irc-bot|brute-force|ziyadnz|hourly,2026-08-17T18:48:05Z,2026-08-17T18:48:05Z,
103.240.235.140,ipv4,botnet,high,WHITE,blocklist.de/bots|blocklist.de/all|ziyadnz/hourly-ipv4,blocklist.de|bot|irc-bot|brute-force|ziyadnz|hourly,2026-08-17T18:48:05Z,2026-08-17T18:48:05Z,
103.240.76.168,ipv4,botnet,high,WHITE,blocklist.de/bots|blocklist.de/all|ziyadnz/hourly-ipv4,blocklist.de|bot|irc-bot|brute-force|ziyadnz|hourly,2026-08-17T18:48:05Z,2026-08-17T18:48:05Z,
103.241.226.74,ipv4,botnet,high,WHITE,blocklist.de/bots|blocklist.de/all|ziyadnz/hourly-ipv4,blocklist.de|bot|irc-bot|brute-force|ziyadnz|hourly,2026-08-17T18:48:05Z,2026-08-17T18:48:05Z,
103.243.55.168,ipv4,botnet,high,WHITE,blocklist.de/bots|blocklist.de/all|ziyadnz/hourly-ipv4,blocklist.de|bot|irc-bot|brute-force|ziyadnz|hourly,2026-08-17T18:48:05Z,2026-08-17T18:48:05Z,
103.252.221.163,ipv4,botnet,high,WHITE,blocklist.de/bots|blocklist.de/all|ziyadnz/hourly-ipv4,blocklist.de|bot|irc-bot|brute-force|ziyadnz|hourly,2026-08-17T18:48:05Z,2026-08-17T18:48:05Z,
103.253.173.225,ipv4,botnet,high,WHITE,blocklist.de/bots|blocklist.de/all|ziyadnz/hourly-ipv4,blocklist.de|bot|irc-bot|brute-force|ziyadnz|hourly,2026-08-17T18:48:05Z,2026-08-17T18:48:05Z,
103.253.27.166,ipv4,botnet,high,WHITE,blocklist.de/bots|blocklist.de/all|ziyadnz/hourly-ipv4,blocklist.de|bot|irc-bot|brute-force|ziyadnz|hourly,2026-08-17T18:48:05Z,2026-08-17T18:48:05Z,
103.26.80.182,ipv4,botnet,high,WHITE,blocklist.de/bots|blocklist.de/all|ziyadnz/hourly-ipv4,blocklist.de|bot|irc-bot|brute-force|ziyadnz|hourly,2026-08-17T18:48:05Z,2026-08-17T18:48:05Z,
103.40.200.130,ipv4,botnet,high,WHITE,blocklist.de/bots|blocklist.de/all|ziyadnz/hourly-ipv4,blocklist.de|bot|irc-bot|brute-force|ziyadnz|hourly,2026-08-17T18:48:05Z,2026-08-17T18:48:05Z,
103.47.218.38,ipv4,botnet,high,WHITE,blocklist.de/bots|blocklist.de/all|ziyadnz/hourly-ipv4,blocklist.de|bot|irc-bot|brute-force|ziyadnz|hourly,2026-08-17T18:48:05Z,2026-08-17T18:48:05Z,
103.47.93.33,ipv4,botnet,high,WHITE,blocklist.de/bots|blocklist.de/all|ziyadnz/hourly-ipv4,blocklist.de|bot|irc-bot|brute-force|ziyadnz|hourly,2026-08-17T18:48:05Z,2026-08-17T18:48:05Z,
103.60.170.96,ipv4,botnet,high,WHITE,blocklist.de/bots|blocklist.de/all|ziyadnz/hourly-ipv4,blocklist.de|bot|irc-bot|brute-force|ziyadnz|hourly,2026-08-17T18:48:05Z,2026-08-17T18:48:05Z,
103.73.102.105,ipv4,botnet,high,WHITE,blocklist.de/bots|blocklist.de/all|ziyadnz/hourly-ipv4,blocklist.de|bot|irc-bot|brute-force|ziyadnz|hourly,2026-08-17T18:48:05Z,2026-08-17T18:48:05Z,
103.75.161.6,ipv4,botnet,high,WHITE,blocklist.de/bots|blocklist.de/all|ziyadnz/hourly-ipv4,blocklist.de|bot|irc-bot|brute-force|ziyadnz|hourly,2026-08-17T18:48:05Z,2026-08-17T18:48:05Z,
103.77.137.33,ipv4,botnet,high,WHITE,blocklist.de/bots|blocklist.de/all|ziyadnz/hourly-ipv4,blocklist.de|bot|irc-bot|brute-force|ziyadnz|hourly,2026-08-17T18:48:05Z,2026-08-17T18:48:05Z,
103.80.172.246,ipv4,botnet,high,WHITE,blocklist.de/bots|blocklist.de/all|ziyadnz/hourly-ipv4,blocklist.de|bot|irc-bot|brute-force|ziyadnz|hourly,2026-08-17T18:48:05Z,2026-08-17T18:48:05Z,
103.82.120.29,ipv4,botnet,high,WHITE,blocklist.de/bots|blocklist.de/all|ziyadnz/hourly-ipv4,blocklist.de|bot|irc-bot|brute-force|ziyadnz|hourly,2026-08-17T18:48:05Z,2026-08-17T18:48:05Z,
103.84.198.38,ipv4,botnet,high,WHITE,blocklist.de/bots|blocklist.de/all|ziyadnz/hourly-ipv4,blocklist.de|bot|irc-bot|brute-force|ziyadnz|hourly,2026-08-17T18:48:05Z,2026-08-17T18:48:05Z,
103.88.101.84,ipv4,botnet,high,WHITE,blocklist.de/bots|blocklist.de/all|ziyadnz/hourly-ipv4,blocklist.de|bot|irc-bot|brute-force|ziyadnz|hourly,2026-08-17T18:48:05Z,2026-08-17T18:48:05Z,
103.93.104.222,ipv4,botnet,high,WHITE,blocklist.de/bots|blocklist.de/all|ziyadnz/hourly-ipv4,blocklist.de|bot|irc-bot|brute-force|ziyadnz|hourly,2026-08-17T18:48:05Z,2026-08-17T18:48:05Z,
103.94.107.31,ipv4,botnet,high,WHITE,blocklist.de/bots|blocklist.de/all|ziyadnz/hourly-ipv4,blocklist.de|bot|irc-bot|brute-force|ziyadnz|hourly,2026-08-17T18:48:05Z,2026-08-17T18:48:05Z,
103.95.164.86,ipv4,botnet,high,WHITE,blocklist.de/bots|blocklist.de/all|ziyadnz/hourly-ipv4,blocklist.de|bot|irc-bot|brute-force|ziyadnz|hourly,2026-08-17T18:48:05Z,2026-08-17T18:48:05Z,
103.97.106.118,ipv4,botnet,high,WHITE,blocklist.de/bots|blocklist.de/all|ziyadnz/hourly-ipv4,blocklist.de|bot|irc-bot|brute-force|ziyadnz|hourly,2026-08-17T18:48:05Z,2026-08-17T18:48:05Z,
104.196.56.41,ipv4,botnet,high,WHITE,blocklist.de/bots|blocklist.de/all|ziyadnz/hourly-ipv4,blocklist.de|bot|irc-bot|brute-force|ziyadnz|hourly,2026-08-17T18:48:05Z,2026-08-17T18:48:05Z,
104.199.125.210,ipv4,botnet,high,WHITE,blocklist.de/bots|blocklist.de/all|ziyadnz/hourly-ipv4,blocklist.de|bot|irc-bot|brute-force|ziyadnz|hourly,2026-08-17T18:48:05Z,2026-08-17T18:48:05Z,
104.207.34.218,ipv4,botnet,high,WHITE,blocklist.de/bots|blocklist.de/all|ziyadnz/hourly-ipv4,blocklist.de|bot|irc-bot|brute-force|ziyadnz|hourly,2026-08-17T18:48:05Z,2026-08-17T18:48:05Z,
104.207.54.228,ipv4,botnet,high,WHITE,blocklist.de/bots|blocklist.de/all|ziyadnz/hourly-ipv4,blocklist.de|bot|irc-bot|brute-force|ziyadnz|hourly,2026-08-17T18:48:05Z,2026-08-17T18:48:05Z,
104.223.84.94,ipv4,botnet,high,WHITE,blocklist.de/bots|blocklist.de/all|ziyadnz/hourly-ipv4,blocklist.de|bot|irc-bot|brute-force|ziyadnz|hourly,2026-08-17T18:48:05Z,2026-08-17T18:48:05Z,
104.234.125.106,ipv4,botnet,high,WHITE,blocklist.de/bots|blocklist.de/all|ziyadnz/hourly-ipv4,blocklist.de|bot|irc-bot|brute-force|ziyadnz|hourly,2026-08-17T18:48:05Z,2026-08-17T18:48:05Z,
104.252.44.34,ipv4,botnet,high,WHITE,blocklist.de/bots|blocklist.de/all|ziyadnz/hourly-ipv4,blocklist.de|bot|irc-bot|brute-force|ziyadnz|hourly,2026-08-17T18:48:05Z,2026-08-17T18:48:05Z,
104.28.152.90,ipv4,botnet,high,WHITE,blocklist.de/bots|blocklist.de/all|ziyadnz/hourly-ipv4,blocklist.de|bot|irc-bot|brute-force|ziyadnz|hourly,2026-08-17T18:48:05Z,2026-08-17T18:48:05Z,
104.28.154.103,ipv4,botnet,high,WHITE,blocklist.de/bots|blocklist.de/all|ziyadnz/hourly-ipv4,blocklist.de|bot|irc-bot|brute-force|ziyadnz|hourly,2026-08-17T18:48:05Z,2026-08-17T18:48:05Z,
104.28.154.78,ipv4,botnet,high,WHITE,blocklist.de/bots|blocklist.de/all|ziyadnz/hourly-ipv4,blocklist.de|bot|irc-bot|brute-force|ziyadnz|hourly,2026-08-17T18:48:05Z,2026-08-17T18:48:05Z,
104.28.158.10,ipv4,botnet,high,WHITE,blocklist.de/bots|blocklist.de/all|ziyadnz/hourly-ipv4,blocklist.de|bot|irc-bot|brute-force|ziyadnz|hourly,2026-08-17T18:48:05Z,2026-08-17T18:48:05Z,
104.28.164.64,ipv4,botnet,high,WHITE,blocklist.de/bots|blocklist.de/all|ziyadnz/hourly-ipv4,blocklist.de|bot|irc-bot|brute-force|ziyadnz|hourly,2026-08-17T18:48:05Z,2026-08-17T18:48:05Z,
104.28.165.64,ipv4,botnet,high,WHITE,blocklist.de/bots|blocklist.de/all|ziyadnz/hourly-ipv4,blocklist.de|bot|irc-bot|brute-force|ziyadnz|hourly,2026-08-17T18:48:05Z,2026-08-17T18:48:05Z,
104.28.166.181,ipv4,botnet,high,WHITE,blocklist.de/bots|blocklist.de/all|ziyadnz/hourly-ipv4,blocklist.de|bot|irc-bot|brute-force|ziyadnz|hourly,2026-08-17T18:48:05Z,2026-08-17T18:48:05Z,
104.28.193.14,ipv4,botnet,high,WHITE,blocklist.de/bots|blocklist.de/all|ziyadnz/hourly-ipv4,blocklist.de|bot|irc-bot|brute-force|ziyadnz|hourly,2026-08-17T18:48:05Z,2026-08-17T18:48:05Z,
104.28.193.15,ipv4,botnet,high,WHITE,blocklist.de/bots|blocklist.de/all|ziyadnz/hourly-ipv4,blocklist.de|bot|irc-bot|brute-force|ziyadnz|hourly,2026-08-17T18:48:05Z,2026-08-17T18:48:05Z,
104.28.208.65,ipv4,botnet,high,WHITE,blocklist.de/bots|blocklist.de/all|ziyadnz/hourly-ipv4,blocklist.de|bot|irc-bot|brute-force|ziyadnz|hourly,2026-08-17T18:48:05Z,2026-08-17T18:48:05Z,
104.28.208.86,ipv4,botnet,high,WHITE,blocklist.de/bots|blocklist.de/all|ziyadnz/hourly-ipv4,blocklist.de|bot|irc-bot|brute-force|ziyadnz|hourly,2026-08-17T18:48:05Z,2026-08-17T18:48:05Z,
104.28.214.229,ipv4,botnet,high,WHITE,blocklist.de/bots|blocklist.de/all|ziyadnz/hourly-ipv4,blocklist.de|bot|irc-bot|brute-force|ziyadnz|hourly,2026-08-17T18:48:05Z,2026-08-17T18:48:05Z,
104.28.230.244,ipv4,botnet,high,WHITE,blocklist.de/bots|blocklist.de/all|ziyadnz/hourly-ipv4,blocklist.de|bot|irc-bot|brute-force|ziyadnz|hourly,2026-08-17T18:48:05Z,2026-08-17T18:48:05Z,
104.28.240.58,ipv4,botnet,high,WHITE,blocklist.de/bots|blocklist.de/all|ziyadnz/hourly-ipv4,blocklist.de|bot|irc-bot|brute-force|ziyadnz|hourly,2026-08-17T18:48:05Z,2026-08-17T18:48:05Z,
104.28.240.64,ipv4,botnet,high,WHITE,blocklist.de/bots|blocklist.de/all|ziyadnz/hourly-ipv4,blocklist.de|bot|irc-bot|brute-force|ziyadnz|hourly,2026-08-17T18:48:05Z,2026-08-17T18:48:05Z,
104.28.240.65,ipv4,botnet,high,WHITE,blocklist.de/bots|blocklist.de/all|ziyadnz/hourly-ipv4,blocklist.de|bot|irc-bot|brute-force|ziyadnz|hourly,2026-08-17T18:48:05Z,2026-08-17T18:48:05Z,
104.28.246.229,ipv4,botnet,high,WHITE,blocklist.de/bots|blocklist.de/all|ziyadnz/hourly-ipv4,blocklist.de|bot|irc-bot|brute-force|ziyadnz|hourly,2026-08-17T18:48:05Z,2026-08-17T18:48:05Z,
104.28.253.110,ipv4,botnet,high,WHITE,blocklist.de/bots|blocklist.de/all|ziyadnz/hourly-ipv4,blocklist.de|bot|irc-bot|brute-force|ziyadnz|hourly,2026-08-17T18:48:05Z,2026-08-17T18:48:05Z,
105.235.134.6,ipv4,botnet,high,WHITE,blocklist.de/bots|blocklist.de/all|ziyadnz/hourly-ipv4,blocklist.de|bot|irc-bot|brute-force|ziyadnz|hourly,2026-08-17T18:48:05Z,2026-08-17T18:48:05Z,
105.244.233.60,ipv4,botnet,high,WHITE,blocklist.de/bots|blocklist.de/all|ziyadnz/hourly-ipv4,blocklist.de|bot|irc-bot|brute-force|ziyadnz|hourly,2026-08-17T18:48:05Z,2026-08-17T18:48:05Z,
105.74.11.13,ipv4,botnet,high,WHITE,blocklist.de/bots|blocklist.de/all|ziyadnz/hourly-ipv4,blocklist.de|bot|irc-bot|brute-force|ziyadnz|hourly,2026-08-17T18:48:05Z,2026-08-17T18:48:05Z,
105.74.65.225,ipv4,botnet,high,WHITE,blocklist.de/bots|blocklist.de/all|ziyadnz/hourly-ipv4,blocklist.de|bot|irc-bot|brute-force|ziyadnz|hourly,2026-08-17T18:48:05Z,2026-08-17T18:48:05Z,
105.77.209.237,ipv4,botnet,high,WHITE,blocklist.de/bots|blocklist.de/all|ziyadnz/hourly-ipv4,blocklist.de|bot|irc-bot|brute-force|ziyadnz|hourly,2026-08-17T18:48:05Z,2026-08-17T18:48:05Z,
105.79.112.111,ipv4,botnet,high,WHITE,blocklist.de/bots|blocklist.de/all|ziyadnz/hourly-ipv4,blocklist.de|bot|irc-bot|brute-force|ziyadnz|hourly,2026-08-17T18:48:05Z,2026-08-17T18:48:05Z,
106.200.29.16,ipv4,botnet,high,WHITE,blocklist.de/bots|blocklist.de/all|ziyadnz/hourly-ipv4,blocklist.de|bot|irc-bot|brute-force|ziyadnz|hourly,2026-08-17T18:48:05Z,2026-08-17T18:48:05Z,
106.202.4.132,ipv4,botnet,high,WHITE,blocklist.de/bots|blocklist.de/all|ziyadnz/hourly-ipv4,blocklist.de|bot|irc-bot|brute-force|ziyadnz|hourly,2026-08-17T18:48:05Z,2026-08-17T18:48:05Z,
106.202.96.75,ipv4,botnet,high,WHITE,blocklist.de/bots|blocklist.de/all|ziyadnz/hourly-ipv4,blocklist.de|bot|irc-bot|brute-force|ziyadnz|hourly,2026-08-17T18:48:05Z,2026-08-17T18:48:05Z,
106.205.196.11,ipv4,botnet,high,WHITE,blocklist.de/bots|blocklist.de/all|ziyadnz/hourly-ipv4,blocklist.de|bot|irc-bot|brute-force|ziyadnz|hourly,2026-08-17T18:48:05Z,2026-08-17T18:48:05Z,
106.205.248.46,ipv4,botnet,high,WHITE,blocklist.de/bots|blocklist.de/all|ziyadnz/hourly-ipv4,blocklist.de|bot|irc-bot|brute-force|ziyadnz|hourly,2026-08-17T18:48:05Z,2026-08-17T18:48:05Z,
106.206.205.11,ipv4,botnet,high,WHITE,blocklist.de/bots|blocklist.de/all|ziyadnz/hourly-ipv4,blocklist.de|bot|irc-bot|brute-force|ziyadnz|hourly,2026-08-17T18:48:05Z,2026-08-17T18:48:05Z,
106.206.206.207,ipv4,botnet,high,WHITE,blocklist.de/bots|blocklist.de/all|ziyadnz/hourly-ipv4,blocklist.de|bot|irc-bot|brute-force|ziyadnz|hourly,2026-08-17T18:48:05Z,2026-08-17T18:48:05Z,
106.207.225.22,ipv4,botnet,high,WHITE,blocklist.de/bots|blocklist.de/all|ziyadnz/hourly-ipv4,blocklist.de|bot|irc-bot|brute-force|ziyadnz|hourly,2026-08-17T18:48:05Z,2026-08-17T18:48:05Z,
106.213.80.66,ipv4,botnet,high,WHITE,blocklist.de/bots|blocklist.de/all|ziyadnz/hourly-ipv4,blocklist.de|bot|irc-bot|brute-force|ziyadnz|hourly,2026-08-17T18:48:05Z,2026-08-17T18:48:05Z,
106.213.84.140,ipv4,botnet,high,WHITE,blocklist.de/bots|blocklist.de/all|ziyadnz/hourly-ipv4,blocklist.de|bot|irc-bot|brute-force|ziyadnz|hourly,2026-08-17T18:48:05Z,2026-08-17T18:48:05Z,
106.213.85.222,ipv4,botnet,high,WHITE,blocklist.de/bots|blocklist.de/all|ziyadnz/hourly-ipv4,blocklist.de|bot|irc-bot|brute-force|ziyadnz|hourly,2026-08-17T18:48:05Z,2026-08-17T18:48:05Z,
106.213.87.209,ipv4,botnet,high,WHITE,blocklist.de/bots|blocklist.de/all|ziyadnz/hourly-ipv4,blocklist.de|bot|irc-bot|brute-force|ziyadnz|hourly,2026-08-17T18:48:05Z,2026-08-17T18:48:05Z,
106.213.87.61,ipv4,botnet,high,WHITE,blocklist.de/bots|blocklist.de/all|ziyadnz/hourly-ipv4,blocklist.de|bot|irc-bot|brute-force|ziyadnz|hourly,2026-08-17T18:48:05Z,2026-08-17T18:48:05Z,
106.214.191.237,ipv4,botnet,high,WHITE,blocklist.de/bots|blocklist.de/all|ziyadnz/hourly-ipv4,blocklist.de|bot|irc-bot|brute-force|ziyadnz|hourly,2026-08-17T18:48:05Z,2026-08-17T18:48:05Z,
106.214.8.98,ipv4,botnet,high,WHITE,blocklist.de/bots|blocklist.de/all|ziyadnz/hourly-ipv4,blocklist.de|bot|irc-bot|brute-force|ziyadnz|hourly,2026-08-17T18:48:05Z,2026-08-17T18:48:05Z,
106.214.9.161,ipv4,botnet,medium,WHITE,blocklist.de/bots|blocklist.de/all,blocklist.de|bot|irc-bot|brute-force|ziyadnz|hourly,2026-08-17T18:48:05Z,2026-08-17T18:48:05Z,
106.214.9.236,ipv4,botnet,high,WHITE,blocklist.de/bots|blocklist.de/all|ziyadnz/hourly-ipv4,blocklist.de|bot|irc-bot|brute-force|ziyadnz|hourly,2026-08-17T18:48:05Z,2026-08-17T18:48:05Z,
106.215.154.29,ipv4,botnet,high,WHITE,blocklist.de/bots|blocklist.de/all|ziyadnz/hourly-ipv4,blocklist.de|bot|irc-bot|brute-force|ziyadnz|hourly,2026-08-17T18:48:05Z,2026-08-17T18:48:05Z,
106.215.156.247,ipv4,botnet,high,WHITE,blocklist.de/bots|blocklist.de/all|ziyadnz/hourly-ipv4,blocklist.de|bot|irc-bot|brute-force|ziyadnz|hourly,2026-08-17T18:48:05Z,2026-08-17T18:48:05Z,
106.215.172.143,ipv4,botnet,high,WHITE,blocklist.de/bots|blocklist.de/all|ziyadnz/hourly-ipv4,blocklist.de|bot|irc-bot|brute-force|ziyadnz|hourly,2026-08-17T18:48:05Z,2026-08-17T18:48:05Z,
106.219.147.244,ipv4,botnet,high,WHITE,blocklist.de/bots|blocklist.de/all|ziyadnz/hourly-ipv4,blocklist.de|bot|irc-bot|brute-force|ziyadnz|hourly,2026-08-17T18:48:05Z,2026-08-17T18:48:05Z,
106.221.204.223,ipv4,botnet,high,WHITE,blocklist.de/bots|blocklist.de/all|ziyadnz/hourly-ipv4,blocklist.de|bot|irc-bot|brute-force|ziyadnz|hourly,2026-08-17T18:48:05Z,2026-08-17T18:48:05Z,
106.222.224.11,ipv4,botnet,high,WHITE,blocklist.de/bots|blocklist.de/all|ziyadnz/hourly-ipv4,blocklist.de|bot|irc-bot|brute-force|ziyadnz|hourly,2026-08-17T18:48:05Z,2026-08-17T18:48:05Z,
106.222.228.110,ipv4,botnet,high,WHITE,blocklist.de/bots|blocklist.de/all|ziyadnz/hourly-ipv4,blocklist.de|bot|irc-bot|brute-force|ziyadnz|hourly,2026-08-17T18:48:05Z,2026-08-17T18:48:05Z,
106.222.232.36,ipv4,botnet,high,WHITE,blocklist.de/bots|blocklist.de/all|ziyadnz/hourly-ipv4,blocklist.de|bot|irc-bot|brute-force|ziyadnz|hourly,2026-08-17T18:48:05Z,2026-08-17T18:48:05Z,
106.222.249.250,ipv4,botnet,high,WHITE,blocklist.de/bots|blocklist.de/all|ziyadnz/hourly-ipv4,blocklist.de|bot|irc-bot|brute-force|ziyadnz|hourly,2026-08-17T18:48:05Z,2026-08-17T18:48:05Z,
106.222.251.51,ipv4,botnet,medium,WHITE,blocklist.de/bots|blocklist.de/all,blocklist.de|bot|irc-bot|brute-force|ziyadnz|hourly,2026-08-17T18:48:05Z,2026-08-17T18:48:05Z,
106.75.98.244,ipv4,botnet,high,WHITE,blocklist.de/bots|blocklist.de/all|ziyadnz/hourly-ipv4,blocklist.de|bot|irc-bot|brute-force|ziyadnz|hourly,2026-08-17T18:48:05Z,2026-08-17T18:48:05Z,
106.76.174.3,ipv4,botnet,high,WHITE,blocklist.de/bots|blocklist.de/all|ziyadnz/hourly-ipv4,blocklist.de|bot|irc-bot|brute-force|ziyadnz|hourly,2026-08-17T18:48:05Z,2026-08-17T18:48:05Z,
107.173.67.180,ipv4,botnet,high,WHITE,blocklist.de/bots|blocklist.de/all|ziyadnz/hourly-ipv4,blocklist.de|bot|irc-bot|brute-force|ziyadnz|hourly,2026-08-17T18:48:05Z,2026-08-17T18:48:05Z,
107.173.93.119,ipv4,botnet,high,WHITE,blocklist.de/bots|blocklist.de/all|ziyadnz/hourly-ipv4,blocklist.de|bot|irc-bot|brute-force|ziyadnz|hourly,2026-08-17T18:48:05Z,2026-08-17T18:48:05Z,
108.131.209.206,ipv4,botnet,high,WHITE,blocklist.de/bots|blocklist.de/all|ziyadnz/hourly-ipv4,blocklist.de|bot|irc-bot|brute-force|ziyadnz|hourly,2026-08-17T18:48:05Z,2026-08-17T18:48:05Z,
108.255.205.223,ipv4,botnet,high,WHITE,blocklist.de/bots|blocklist.de/all|ziyadnz/hourly-ipv4,blocklist.de|bot|irc-bot|brute-force|ziyadnz|hourly,2026-08-17T18:48:05Z,2026-08-17T18:48:05Z,
109.110.249.169,ipv4,botnet,high,WHITE,blocklist.de/bots|blocklist.de/all|ziyadnz/hourly-ipv4,blocklist.de|bot|irc-bot|brute-force|ziyadnz|hourly,2026-08-17T18:48:05Z,2026-08-17T18:48:05Z,
109.152.102.109,ipv4,botnet,high,WHITE,blocklist.de/bots|blocklist.de/all|ziyadnz/hourly-ipv4,blocklist.de|bot|irc-bot|brute-force|ziyadnz|hourly,2026-08-17T18:48:05Z,2026-08-17T18:48:05Z,
109.165.151.95,ipv4,botnet,high,WHITE,blocklist.de/bots|blocklist.de/all|ziyadnz/hourly-ipv4,blocklist.de|bot|irc-bot|brute-force|ziyadnz|hourly,2026-08-17T18:48:05Z,2026-08-17T18:48:05Z,
109.205.114.2,ipv4,botnet,high,WHITE,blocklist.de/bots|blocklist.de/all|ziyadnz/hourly-ipv4,blocklist.de|bot|irc-bot|brute-force|ziyadnz|hourly,2026-08-17T18:48:05Z,2026-08-17T18:48:05Z,
109.205.208.215,ipv4,botnet,high,WHITE,blocklist.de/bots|blocklist.de/all|ziyadnz/hourly-ipv4,blocklist.de|bot|irc-bot|brute-force|ziyadnz|hourly,2026-08-17T18:48:05Z,2026-08-17T18:48:05Z,
109.235.50.144,ipv4,botnet,high,WHITE,blocklist.de/bots|blocklist.de/all|ziyadnz/hourly-ipv4,blocklist.de|bot|irc-bot|brute-force|ziyadnz|hourly,2026-08-17T18:48:05Z,2026-08-17T18:48:05Z,
109.245.159.23,ipv4,botnet,high,WHITE,blocklist.de/bots|blocklist.de/all|ziyadnz/hourly-ipv4,blocklist.de|bot|irc-bot|brute-force|ziyadnz|hourly,2026-08-17T18:48:05Z,2026-08-17T18:48:05Z,
109.245.159.51,ipv4,botnet,high,WHITE,blocklist.de/bots|blocklist.de/all|ziyadnz/hourly-ipv4,blocklist.de|bot|irc-bot|brute-force|ziyadnz|hourly,2026-08-17T18:48:05Z,2026-08-17T18:48:05Z,
109.69.6.125,ipv4,botnet,high,WHITE,blocklist.de/bots|blocklist.de/all|ziyadnz/hourly-ipv4,blocklist.de|bot|irc-bot|brute-force|ziyadnz|hourly,2026-08-17T18:48:05Z,2026-08-17T18:48:05Z,
110.139.190.212,ipv4,botnet,high,WHITE,blocklist.de/bots|blocklist.de/all|ziyadnz/hourly-ipv4,blocklist.de|bot|irc-bot|brute-force|ziyadnz|hourly,2026-08-17T18:48:05Z,2026-08-17T18:48:05Z,
110.172.131.120,ipv4,botnet,high,WHITE,blocklist.de/bots|blocklist.de/all|ziyadnz/hourly-ipv4,blocklist.de|bot|irc-bot|brute-force|ziyadnz|hourly,2026-08-17T18:48:05Z,2026-08-17T18:48:05Z,
110.179.81.17,ipv4,botnet,high,WHITE,blocklist.de/bots|blocklist.de/all|ziyadnz/hourly-ipv4,blocklist.de|bot|irc-bot|brute-force|ziyadnz|hourly,2026-08-17T18:48:05Z,2026-08-17T18:48:05Z,
110.224.129.182,ipv4,botnet,high,WHITE,blocklist.de/bots|blocklist.de/all|ziyadnz/hourly-ipv4,blocklist.de|bot|irc-bot|brute-force|ziyadnz|hourly,2026-08-17T18:48:05Z,2026-08-17T18:48:05Z,
110.225.227.11,ipv4,botnet,high,WHITE,blocklist.de/bots|blocklist.de/all|ziyadnz/hourly-ipv4,blocklist.de|bot|irc-bot|brute-force|ziyadnz|hourly,2026-08-17T18:48:05Z,2026-08-17T18:48:05Z,
110.226.115.38,ipv4,botnet,high,WHITE,blocklist.de/bots|blocklist.de/all|ziyadnz/hourly-ipv4,blocklist.de|bot|irc-bot|brute-force|ziyadnz|hourly,2026-08-17T18:48:05Z,2026-08-17T18:48:05Z,
110.35.80.116,ipv4,botnet,high,WHITE,blocklist.de/bots|blocklist.de/all|ziyadnz/hourly-ipv4,blocklist.de|bot|irc-bot|brute-force|ziyadnz|hourly,2026-08-17T18:48:05Z,2026-08-17T18:48:05Z,
110.38.2.101,ipv4,botnet,high,WHITE,blocklist.de/bots|blocklist.de/all|ziyadnz/hourly-ipv4,blocklist.de|bot|irc-bot|brute-force|ziyadnz|hourly,2026-08-17T18:48:05Z,2026-08-17T18:48:05Z,
110.39.25.122,ipv4,botnet,high,WHITE,blocklist.de/bots|blocklist.de/all|ziyadnz/hourly-ipv4,blocklist.de|bot|irc-bot|brute-force|ziyadnz|hourly,2026-08-17T18:48:05Z,2026-08-17T18:48:05Z,
110.93.193.114,ipv4,botnet,high,WHITE,blocklist.de/bots|blocklist.de/all|ziyadnz/hourly-ipv4,blocklist.de|bot|irc-bot|brute-force|ziyadnz|hourly,2026-08-17T18:48:05Z,2026-08-17T18:48:05Z,
111.118.148.151,ipv4,botnet,high,WHITE,blocklist.de/bots|blocklist.de/all|ziyadnz/hourly-ipv4,blocklist.de|bot|irc-bot|brute-force|ziyadnz|hourly,2026-08-17T18:48:05Z,2026-08-17T18:48:05Z,
111.119.174.147,ipv4,botnet,high,WHITE,blocklist.de/bots|blocklist.de/all|ziyadnz/hourly-ipv4,blocklist.de|bot|irc-bot|brute-force|ziyadnz|hourly,2026-08-17T18:48:05Z,2026-08-17T18:48:05Z,
111.223.26.50,ipv4,botnet,high,WHITE,blocklist.de/bots|blocklist.de/all|ziyadnz/hourly-ipv4,blocklist.de|bot|irc-bot|brute-force|ziyadnz|hourly,2026-08-17T18:48:05Z,2026-08-17T18:48:05Z,
111.235.64.45,ipv4,botnet,high,WHITE,blocklist.de/bots|blocklist.de/all|ziyadnz/hourly-ipv4,blocklist.de|bot|irc-bot|brute-force|ziyadnz|hourly,2026-08-17T18:48:05Z,2026-08-17T18:48:05Z,
111.31.134.166,ipv4,botnet,high,WHITE,blocklist.de/bots|blocklist.de/all|ziyadnz/hourly-ipv4,blocklist.de|bot|irc-bot|brute-force|ziyadnz|hourly,2026-08-17T18:48:05Z,2026-08-17T18:48:05Z,
111.92.145.137,ipv4,botnet,high,WHITE,blocklist.de/bots|blocklist.de/all|ziyadnz/hourly-ipv4,blocklist.de|bot|irc-bot|brute-force|ziyadnz|hourly,2026-08-17T18:48:05Z,2026-08-17T18:48:05Z,
111.92.145.33,ipv4,botnet,high,WHITE,blocklist.de/bots|blocklist.de/all|ziyadnz/hourly-ipv4,blocklist.de|bot|irc-bot|brute-force|ziyadnz|hourly,2026-08-17T18:48:05Z,2026-08-17T18:48:05Z,
111.92.145.34,ipv4,botnet,high,WHITE,blocklist.de/bots|blocklist.de/all|ziyadnz/hourly-ipv4,blocklist.de|bot|irc-bot|brute-force|ziyadnz|hourly,2026-08-17T18:48:05Z,2026-08-17T18:48:05Z,
111.92.145.44,ipv4,botnet,high,WHITE,blocklist.de/bots|blocklist.de/all|ziyadnz/hourly-ipv4,blocklist.de|bot|irc-bot|brute-force|ziyadnz|hourly,2026-08-17T18:48:05Z,2026-08-17T18:48:05Z,
111.94.92.157,ipv4,botnet,high,WHITE,blocklist.de/bots|blocklist.de/all|ziyadnz/hourly-ipv4,blocklist.de|bot|irc-bot|brute-force|ziyadnz|hourly,2026-08-17T18:48:05Z,2026-08-17T18:48:05Z,
112.102.36.140,ipv4,botnet,high,WHITE,blocklist.de/bots|blocklist.de/all|ziyadnz/hourly-ipv4,blocklist.de|bot|irc-bot|brute-force|ziyadnz|hourly,2026-08-17T18:48:05Z,2026-08-17T18:48:05Z,
112.134.135.40,ipv4,botnet,high,WHITE,blocklist.de/bots|blocklist.de/all|ziyadnz/hourly-ipv4,blocklist.de|bot|irc-bot|brute-force|ziyadnz|hourly,2026-08-17T18:48:05Z,2026-08-17T18:48:05Z,
112.134.135.98,ipv4,botnet,high,WHITE,blocklist.de/bots|blocklist.de/all|ziyadnz/hourly-ipv4,blocklist.de|bot|irc-bot|brute-force|ziyadnz|hourly,2026-08-17T18:48:05Z,2026-08-17T18:48:05Z,
112.134.183.47,ipv4,botnet,high,WHITE,blocklist.de/bots|blocklist.de/all|ziyadnz/hourly-ipv4,blocklist.de|bot|irc-bot|brute-force|ziyadnz|hourly,2026-08-17T18:48:05Z,2026-08-17T18:48:05Z,
112.134.187.111,ipv4,botnet,high,WHITE,blocklist.de/bots|blocklist.de/all|ziyadnz/hourly-ipv4,blocklist.de|bot|irc-bot|brute-force|ziyadnz|hourly,2026-08-17T18:48:05Z,2026-08-17T18:48:05Z,
112.134.33.128,ipv4,botnet,high,WHITE,blocklist.de/bots|blocklist.de/all|ziyadnz/hourly-ipv4,blocklist.de|bot|irc-bot|brute-force|ziyadnz|hourly,2026-08-17T18:48:05Z,2026-08-17T18:48:05Z,
112.135.230.163,ipv4,botnet,high,WHITE,blocklist.de/bots|blocklist.de/all|ziyadnz/hourly-ipv4,blocklist.de|bot|irc-bot|brute-force|ziyadnz|hourly,2026-08-17T18:48:05Z,2026-08-17T18:48:05Z,
112.196.166.6,ipv4,botnet,high,WHITE,blocklist.de/bots|blocklist.de/all|ziyadnz/hourly-ipv4,blocklist.de|bot|irc-bot|brute-force|ziyadnz|hourly,2026-08-17T18:48:05Z,2026-08-17T18:48:05Z,
112.200.133.191,ipv4,botnet,high,WHITE,blocklist.de/bots|blocklist.de/all|ziyadnz/hourly-ipv4,blocklist.de|bot|irc-bot|brute-force|ziyadnz|hourly,2026-08-17T18:48:05Z,2026-08-17T18:48:05Z,
112.200.137.191,ipv4,botnet,high,WHITE,blocklist.de/bots|blocklist.de/all|ziyadnz/hourly-ipv4,blocklist.de|bot|irc-bot|brute-force|ziyadnz|hourly,2026-08-17T18:48:05Z,2026-08-17T18:48:05Z,
112.204.238.90,ipv4,botnet,high,WHITE,blocklist.de/bots|blocklist.de/all|ziyadnz/hourly-ipv4,blocklist.de|bot|irc-bot|brute-force|ziyadnz|hourly,2026-08-17T18:48:05Z,2026-08-17T18:48:05Z,
112.205.208.129,ipv4,botnet,high,WHITE,blocklist.de/bots|blocklist.de/all|ziyadnz/hourly-ipv4,blocklist.de|bot|irc-bot|brute-force|ziyadnz|hourly,2026-08-17T18:48:05Z,2026-08-17T18:48:05Z,
112.205.210.197,ipv4,botnet,high,WHITE,blocklist.de/bots|blocklist.de/all|ziyadnz/hourly-ipv4,blocklist.de|bot|irc-bot|brute-force|ziyadnz|hourly,2026-08-17T18:48:05Z,2026-08-17T18:48:05Z,
112.205.219.249,ipv4,botnet,high,WHITE,blocklist.de/bots|blocklist.de/all|ziyadnz/hourly-ipv4,blocklist.de|bot|irc-bot|brute-force|ziyadnz|hourly,2026-08-17T18:48:05Z,2026-08-17T18:48:05Z,
112.207.215.36,ipv4,botnet,medium,WHITE,blocklist.de/bots|ziyadnz/hourly-ipv4,blocklist.de|bot|irc-bot|brute-force|ziyadnz|hourly,2026-08-17T18:48:05Z,2026-08-17T18:48:05Z,
112.208.70.253,ipv4,botnet,high,WHITE,blocklist.de/bots|blocklist.de/all|ziyadnz/hourly-ipv4,blocklist.de|bot|irc-bot|brute-force|ziyadnz|hourly,2026-08-17T18:48:05Z,2026-08-17T18:48:05Z,
112.209.21.0,ipv4,botnet,high,WHITE,blocklist.de/bots|blocklist.de/all|ziyadnz/hourly-ipv4,blocklist.de|bot|irc-bot|brute-force|ziyadnz|hourly,2026-08-17T18:48:05Z,2026-08-17T18:48:05Z,
112.209.77.43,ipv4,botnet,high,WHITE,blocklist.de/bots|blocklist.de/all|ziyadnz/hourly-ipv4,blocklist.de|bot|irc-bot|brute-force|ziyadnz|hourly,2026-08-17T18:48:05Z,2026-08-17T18:48:05Z,
112.74.45.246,ipv4,botnet,high,WHITE,blocklist.de/bots|blocklist.de/all|ziyadnz/hourly-ipv4,blocklist.de|bot|irc-bot|brute-force|ziyadnz|hourly,2026-08-17T18:48:05Z,2026-08-17T18:48:05Z,
113.199.245.216,ipv4,botnet,high,WHITE,blocklist.de/bots|blocklist.de/all|ziyadnz/hourly-ipv4,blocklist.de|bot|irc-bot|brute-force|ziyadnz|hourly,2026-08-17T18:48:05Z,2026-08-17T18:48:05Z,
113.22.141.249,ipv4,botnet,high,WHITE,blocklist.de/bots|blocklist.de/all|ziyadnz/hourly-ipv4,blocklist.de|bot|irc-bot|brute-force|ziyadnz|hourly,2026-08-17T18:48:05Z,2026-08-17T18:48:05Z,
113.22.197.195,ipv4,botnet,high,WHITE,blocklist.de/bots|blocklist.de/all|ziyadnz/hourly-ipv4,blocklist.de|bot|irc-bot|brute-force|ziyadnz|hourly,2026-08-17T18:48:05Z,2026-08-17T18:48:05Z,
114.10.152.171,ipv4,botnet,high,WHITE,blocklist.de/bots|blocklist.de/all|ziyadnz/hourly-ipv4,blocklist.de|bot|irc-bot|brute-force|ziyadnz|hourly,2026-08-17T18:48:05Z,2026-08-17T18:48:05Z,
114.119.135.163,ipv4,botnet,high,WHITE,blocklist.de/bots|blocklist.de/all|ziyadnz/hourly-ipv4,blocklist.de|bot|irc-bot|brute-force|ziyadnz|hourly,2026-08-17T18:48:05Z,2026-08-17T18:48:05Z,
114.119.142.232,ipv4,botnet,high,WHITE,blocklist.de/bots|blocklist.de/all|ziyadnz/hourly-ipv4,blocklist.de|bot|irc-bot|brute-force|ziyadnz|hourly,2026-08-17T18:48:05Z,2026-08-17T18:48:05Z,
114.119.143.187,ipv4,botnet,high,WHITE,blocklist.de/bots|blocklist.de/all|ziyadnz/hourly-ipv4,blocklist.de|bot|irc-bot|brute-force|ziyadnz|hourly,2026-08-17T18:48:05Z,2026-08-17T18:48:05Z,
114.119.144.15,ipv4,botnet,high,WHITE,blocklist.de/bots|blocklist.de/all|ziyadnz/hourly-ipv4,blocklist.de|bot|irc-bot|brute-force|ziyadnz|hourly,2026-08-17T18:48:05Z,2026-08-17T18:48:05Z,
114.119.157.234,ipv4,botnet,high,WHITE,blocklist.de/bots|blocklist.de/all|ziyadnz/hourly-ipv4,blocklist.de|bot|irc-bot|brute-force|ziyadnz|hourly,2026-08-17T18:48:05Z,2026-08-17T18:48:05Z,
114.122.134.243,ipv4,botnet,high,WHITE,blocklist.de/bots|blocklist.de/all|ziyadnz/hourly-ipv4,blocklist.de|bot|irc-bot|brute-force|ziyadnz|hourly,2026-08-17T18:48:05Z,2026-08-17T18:48:05Z,
114.134.24.181,ipv4,botnet,high,WHITE,blocklist.de/bots|blocklist.de/all|ziyadnz/hourly-ipv4,blocklist.de|bot|irc-bot|brute-force|ziyadnz|hourly,2026-08-17T18:48:05Z,2026-08-17T18:48:05Z,
114.26.184.143,ipv4,botnet,high,WHITE,blocklist.de/bots|blocklist.de/all|ziyadnz/hourly-ipv4,blocklist.de|bot|irc-bot|brute-force|ziyadnz|hourly,2026-08-17T18:48:05Z,2026-08-17T18:48:05Z,
115.132.19.164,ipv4,botnet,high,WHITE,blocklist.de/bots|blocklist.de/all|ziyadnz/hourly-ipv4,blocklist.de|bot|irc-bot|brute-force|ziyadnz|hourly,2026-08-17T18:48:05Z,2026-08-17T18:48:05Z,
115.134.108.78,ipv4,botnet,high,WHITE,blocklist.de/bots|blocklist.de/all|ziyadnz/hourly-ipv4,blocklist.de|bot|irc-bot|brute-force|ziyadnz|hourly,2026-08-17T18:48:05Z,2026-08-17T18:48:05Z,
115.134.66.23,ipv4,botnet,high,WHITE,blocklist.de/bots|blocklist.de/all|ziyadnz/hourly-ipv4,blocklist.de|bot|irc-bot|brute-force|ziyadnz|hourly,2026-08-17T18:48:05Z,2026-08-17T18:48:05Z,
115.187.33.124,ipv4,botnet,high,WHITE,blocklist.de/bots|blocklist.de/all|ziyadnz/hourly-ipv4,blocklist.de|bot|irc-bot|brute-force|ziyadnz|hourly,2026-08-17T18:48:05Z,2026-08-17T18:48:05Z,
115.187.47.30,ipv4,botnet,high,WHITE,blocklist.de/bots|blocklist.de/all|ziyadnz/hourly-ipv4,blocklist.de|bot|irc-bot|brute-force|ziyadnz|hourly,2026-08-17T18:48:05Z,2026-08-17T18:48:05Z,
115.245.231.178,ipv4,botnet,high,WHITE,blocklist.de/bots|blocklist.de/all|ziyadnz/hourly-ipv4,blocklist.de|bot|irc-bot|brute-force|ziyadnz|hourly,2026-08-17T18:48:05Z,2026-08-17T18:48:05Z,
115.74.101.87,ipv4,botnet,high,WHITE,blocklist.de/bots|blocklist.de/all|ziyadnz/hourly-ipv4,blocklist.de|bot|irc-bot|brute-force|ziyadnz|hourly,2026-08-17T18:48:05Z,2026-08-17T18:48:05Z,
115.85.57.54,ipv4,botnet,high,WHITE,blocklist.de/bots|blocklist.de/all|ziyadnz/hourly-ipv4,blocklist.de|bot|irc-bot|brute-force|ziyadnz|hourly,2026-08-17T18:48:05Z,2026-08-17T18:48:05Z,
115.96.136.221,ipv4,botnet,high,WHITE,blocklist.de/bots|blocklist.de/all|ziyadnz/hourly-ipv4,blocklist.de|bot|irc-bot|brute-force|ziyadnz|hourly,2026-08-17T18:48:05Z,2026-08-17T18:48:05Z,
115.96.156.121,ipv4,botnet,high,WHITE,blocklist.de/bots|blocklist.de/all|ziyadnz/hourly-ipv4,blocklist.de|bot|irc-bot|brute-force|ziyadnz|hourly,2026-08-17T18:48:05Z,2026-08-17T18:48:05Z,
116.167.91.238,ipv4,botnet,high,WHITE,blocklist.de/bots|blocklist.de/all|ziyadnz/hourly-ipv4,blocklist.de|bot|irc-bot|brute-force|ziyadnz|hourly,2026-08-17T18:48:05Z,2026-08-17T18:48:05Z,
116.204.13.78,ipv4,botnet,high,WHITE,blocklist.de/bots|blocklist.de/all|ziyadnz/hourly-ipv4,blocklist.de|bot|irc-bot|brute-force|ziyadnz|hourly,2026-08-17T18:48:05Z,2026-08-17T18:48:05Z,
116.204.17.171,ipv4,botnet,high,WHITE,blocklist.de/bots|blocklist.de/all|ziyadnz/hourly-ipv4,blocklist.de|bot|irc-bot|brute-force|ziyadnz|hourly,2026-08-17T18:48:05Z,2026-08-17T18:48:05Z,
116.213.35.2,ipv4,botnet,high,WHITE,blocklist.de/bots|blocklist.de/all|ziyadnz/hourly-ipv4,blocklist.de|bot|irc-bot|brute-force|ziyadnz|hourly,2026-08-17T18:48:05Z,2026-08-17T18:48:05Z,
116.90.119.58,ipv4,botnet,high,WHITE,blocklist.de/bots|blocklist.de/all|ziyadnz/hourly-ipv4,blocklist.de|bot|irc-bot|brute-force|ziyadnz|hourly,2026-08-17T18:48:05Z,2026-08-17T18:48:05Z,
117.189.6.98,ipv4,botnet,high,WHITE,blocklist.de/bots|blocklist.de/all|ziyadnz/hourly-ipv4,blocklist.de|bot|irc-bot|brute-force|ziyadnz|hourly,2026-08-17T18:48:05Z,2026-08-17T18:48:05Z,
117.192.196.95,ipv4,botnet,high,WHITE,blocklist.de/bots|blocklist.de/all|ziyadnz/hourly-ipv4,blocklist.de|bot|irc-bot|brute-force|ziyadnz|hourly,2026-08-17T18:48:05Z,2026-08-17T18:48:05Z,
117.193.109.167,ipv4,botnet,high,WHITE,blocklist.de/bots|blocklist.de/all|ziyadnz/hourly-ipv4,blocklist.de|bot|irc-bot|brute-force|ziyadnz|hourly,2026-08-17T18:48:05Z,2026-08-17T18:48:05Z,
117.195.196.98,ipv4,botnet,high,WHITE,blocklist.de/bots|blocklist.de/all|ziyadnz/hourly-ipv4,blocklist.de|bot|irc-bot|brute-force|ziyadnz|hourly,2026-08-17T18:48:05Z,2026-08-17T18:48:05Z,
117.195.198.68,ipv4,botnet,high,WHITE,blocklist.de/bots|blocklist.de/all|ziyadnz/hourly-ipv4,blocklist.de|bot|irc-bot|brute-force|ziyadnz|hourly,2026-08-17T18:48:05Z,2026-08-17T18:48:05Z,
117.198.245.86,ipv4,botnet,high,WHITE,blocklist.de/bots|blocklist.de/all|ziyadnz/hourly-ipv4,blocklist.de|bot|irc-bot|brute-force|ziyadnz|hourly,2026-08-17T18:48:05Z,2026-08-17T18:48:05Z,
117.199.36.193,ipv4,botnet,high,WHITE,blocklist.de/bots|blocklist.de/all|ziyadnz/hourly-ipv4,blocklist.de|bot|irc-bot|brute-force|ziyadnz|hourly,2026-08-17T18:48:05Z,2026-08-17T18:48:05Z,
117.202.213.230,ipv4,botnet,high,WHITE,blocklist.de/bots|blocklist.de/all|ziyadnz/hourly-ipv4,blocklist.de|bot|irc-bot|brute-force|ziyadnz|hourly,2026-08-17T18:48:05Z,2026-08-17T18:48:05Z,
117.208.245.83,ipv4,botnet,high,WHITE,blocklist.de/bots|blocklist.de/all|ziyadnz/hourly-ipv4,blocklist.de|bot|irc-bot|brute-force|ziyadnz|hourly,2026-08-17T18:48:05Z,2026-08-17T18:48:05Z,
117.210.133.152,ipv4,botnet,high,WHITE,blocklist.de/bots|blocklist.de/all|ziyadnz/hourly-ipv4,blocklist.de|bot|irc-bot|brute-force|ziyadnz|hourly,2026-08-17T18:48:05Z,2026-08-17T18:48:05Z,
117.210.133.214,ipv4,botnet,high,WHITE,blocklist.de/bots|blocklist.de/all|ziyadnz/hourly-ipv4,blocklist.de|bot|irc-bot|brute-force|ziyadnz|hourly,2026-08-17T18:48:05Z,2026-08-17T18:48:05Z,
117.211.185.115,ipv4,botnet,high,WHITE,blocklist.de/bots|blocklist.de/all|ziyadnz/hourly-ipv4,blocklist.de|bot|irc-bot|brute-force|ziyadnz|hourly,2026-08-17T18:48:05Z,2026-08-17T18:48:05Z,
117.211.236.117,ipv4,botnet,high,WHITE,blocklist.de/bots|blocklist.de/all|ziyadnz/hourly-ipv4,blocklist.de|bot|irc-bot|brute-force|ziyadnz|hourly,2026-08-17T18:48:05Z,2026-08-17T18:48:05Z,
117.214.74.49,ipv4,botnet,high,WHITE,blocklist.de/bots|blocklist.de/all|ziyadnz/hourly-ipv4,blocklist.de|bot|irc-bot|brute-force|ziyadnz|hourly,2026-08-17T18:48:05Z,2026-08-17T18:48:05Z,
117.216.44.171,ipv4,botnet,high,WHITE,blocklist.de/bots|blocklist.de/all|ziyadnz/hourly-ipv4,blocklist.de|bot|irc-bot|brute-force|ziyadnz|hourly,2026-08-17T18:48:05Z,2026-08-17T18:48:05Z,
117.222.91.77,ipv4,botnet,high,WHITE,blocklist.de/bots|blocklist.de/all|ziyadnz/hourly-ipv4,blocklist.de|bot|irc-bot|brute-force|ziyadnz|hourly,2026-08-17T18:48:05Z,2026-08-17T18:48:05Z,
117.232.32.62,ipv4,botnet,high,WHITE,blocklist.de/bots|blocklist.de/all|ziyadnz/hourly-ipv4,blocklist.de|bot|irc-bot|brute-force|ziyadnz|hourly,2026-08-17T18:48:05Z,2026-08-17T18:48:05Z,
117.235.3.52,ipv4,botnet,high,WHITE,blocklist.de/bots|blocklist.de/all|ziyadnz/hourly-ipv4,blocklist.de|bot|irc-bot|brute-force|ziyadnz|hourly,2026-08-17T18:48:05Z,2026-08-17T18:48:05Z,
117.235.89.64,ipv4,botnet,high,WHITE,blocklist.de/bots|blocklist.de/all|ziyadnz/hourly-ipv4,blocklist.de|bot|irc-bot|brute-force|ziyadnz|hourly,2026-08-17T18:48:05Z,2026-08-17T18:48:05Z,
117.235.91.101,ipv4,botnet,high,WHITE,blocklist.de/bots|blocklist.de/all|ziyadnz/hourly-ipv4,blocklist.de|bot|irc-bot|brute-force|ziyadnz|hourly,2026-08-17T18:48:05Z,2026-08-17T18:48:05Z,
117.250.27.13,ipv4,botnet,high,WHITE,blocklist.de/bots|blocklist.de/all|ziyadnz/hourly-ipv4,blocklist.de|bot|irc-bot|brute-force|ziyadnz|hourly,2026-08-17T18:48:05Z,2026-08-17T18:48:05Z,
117.251.40.163,ipv4,botnet,high,WHITE,blocklist.de/bots|blocklist.de/all|ziyadnz/hourly-ipv4,blocklist.de|bot|irc-bot|brute-force|ziyadnz|hourly,2026-08-17T18:48:05Z,2026-08-17T18:48:05Z,
117.253.252.115,ipv4,botnet,high,WHITE,blocklist.de/bots|blocklist.de/all|ziyadnz/hourly-ipv4,blocklist.de|bot|irc-bot|brute-force|ziyadnz|hourly,2026-08-17T18:48:05Z,2026-08-17T18:48:05Z,
117.4.163.22,ipv4,botnet,high,WHITE,blocklist.de/bots|blocklist.de/all|ziyadnz/hourly-ipv4,blocklist.de|bot|irc-bot|brute-force|ziyadnz|hourly,2026-08-17T18:48:05Z,2026-08-17T18:48:05Z,
117.93.218.134,ipv4,botnet,high,WHITE,blocklist.de/bots|blocklist.de/all|ziyadnz/hourly-ipv4,blocklist.de|bot|irc-bot|brute-force|ziyadnz|hourly,2026-08-17T18:48:05Z,2026-08-17T18:48:05Z,
118.145.104.37,ipv4,botnet,high,WHITE,blocklist.de/bots|blocklist.de/all|ziyadnz/hourly-ipv4,blocklist.de|bot|irc-bot|brute-force|ziyadnz|hourly,2026-08-17T18:48:05Z,2026-08-17T18:48:05Z,
118.179.107.45,ipv4,botnet,high,WHITE,blocklist.de/bots|blocklist.de/all|ziyadnz/hourly-ipv4,blocklist.de|bot|irc-bot|brute-force|ziyadnz|hourly,2026-08-17T18:48:05Z,2026-08-17T18:48:05Z,
118.193.56.246,ipv4,botnet,high,WHITE,blocklist.de/bots|blocklist.de/all|ziyadnz/hourly-ipv4,blocklist.de|bot|irc-bot|brute-force|ziyadnz|hourly,2026-08-17T18:48:05Z,2026-08-17T18:48:05Z,
118.212.121.94,ipv4,botnet,high,WHITE,blocklist.de/bots|blocklist.de/all|ziyadnz/hourly-ipv4,blocklist.de|bot|irc-bot|brute-force|ziyadnz|hourly,2026-08-17T18:48:05Z,2026-08-17T18:48:05Z,
118.68.74.92,ipv4,botnet,high,WHITE,blocklist.de/bots|blocklist.de/all|ziyadnz/hourly-ipv4,blocklist.de|bot|irc-bot|brute-force|ziyadnz|hourly,2026-08-17T18:48:05Z,2026-08-17T18:48:05Z,
119.156.46.241,ipv4,botnet,high,WHITE,blocklist.de/bots|blocklist.de/all|ziyadnz/hourly-ipv4,blocklist.de|bot|irc-bot|brute-force|ziyadnz|hourly,2026-08-17T18:48:05Z,2026-08-17T18:48:05Z,
119.156.70.245,ipv4,botnet,high,WHITE,blocklist.de/bots|blocklist.de/all|ziyadnz/hourly-ipv4,blocklist.de|bot|irc-bot|brute-force|ziyadnz|hourly,2026-08-17T18:48:05Z,2026-08-17T18:48:05Z,
119.184.139.34,ipv4,botnet,high,WHITE,blocklist.de/bots|blocklist.de/all|ziyadnz/hourly-ipv4,blocklist.de|bot|irc-bot|brute-force|ziyadnz|hourly,2026-08-17T18:48:05Z,2026-08-17T18:48:05Z,
119.73.19.162,ipv4,botnet,high,WHITE,blocklist.de/bots|blocklist.de/all|ziyadnz/hourly-ipv4,blocklist.de|bot|irc-bot|brute-force|ziyadnz|hourly,2026-08-17T18:48:05Z,2026-08-17T18:48:05Z,
119.73.7.202,ipv4,botnet,high,WHITE,blocklist.de/bots|blocklist.de/all|ziyadnz/hourly-ipv4,blocklist.de|bot|irc-bot|brute-force|ziyadnz|hourly,2026-08-17T18:48:05Z,2026-08-17T18:48:05Z,
119.73.8.153,ipv4,botnet,high,WHITE,blocklist.de/bots|blocklist.de/all|ziyadnz/hourly-ipv4,blocklist.de|bot|irc-bot|brute-force|ziyadnz|hourly,2026-08-17T18:48:05Z,2026-08-17T18:48:05Z,
119.93.200.62,ipv4,botnet,high,WHITE,blocklist.de/bots|blocklist.de/all|ziyadnz/hourly-ipv4,blocklist.de|bot|irc-bot|brute-force|ziyadnz|hourly,2026-08-17T18:48:05Z,2026-08-17T18:48:05Z,
119.93.58.86,ipv4,botnet,high,WHITE,blocklist.de/bots|blocklist.de/all|ziyadnz/hourly-ipv4,blocklist.de|bot|irc-bot|brute-force|ziyadnz|hourly,2026-08-17T18:48:05Z,2026-08-17T18:48:05Z,
119.95.180.24,ipv4,botnet,high,WHITE,blocklist.de/bots|blocklist.de/all|ziyadnz/hourly-ipv4,blocklist.de|bot|irc-bot|brute-force|ziyadnz|hourly,2026-08-17T18:48:05Z,2026-08-17T18:48:05Z,
119.95.185.220,ipv4,botnet,high,WHITE,blocklist.de/bots|blocklist.de/all|ziyadnz/hourly-ipv4,blocklist.de|bot|irc-bot|brute-force|ziyadnz|hourly,2026-08-17T18:48:05Z,2026-08-17T18:48:05Z,
120.138.12.226,ipv4,botnet,high,WHITE,blocklist.de/bots|blocklist.de/all|ziyadnz/hourly-ipv4,blocklist.de|bot|irc-bot|brute-force|ziyadnz|hourly,2026-08-17T18:48:05Z,2026-08-17T18:48:05Z,
120.225.171.9,ipv4,botnet,high,WHITE,blocklist.de/bots|blocklist.de/all|ziyadnz/hourly-ipv4,blocklist.de|bot|irc-bot|brute-force|ziyadnz|hourly,2026-08-17T18:48:05Z,2026-08-17T18:48:05Z,
120.89.112.54,ipv4,botnet,high,WHITE,blocklist.de/bots|blocklist.de/all|ziyadnz/hourly-ipv4,blocklist.de|bot|irc-bot|brute-force|ziyadnz|hourly,2026-08-17T18:48:05Z,2026-08-17T18:48:05Z,
121.101.131.70,ipv4,botnet,high,WHITE,blocklist.de/bots|blocklist.de/all|ziyadnz/hourly-ipv4,blocklist.de|bot|irc-bot|brute-force|ziyadnz|hourly,2026-08-17T18:48:05Z,2026-08-17T18:48:05Z,
121.17.82.108,ipv4,botnet,high,WHITE,blocklist.de/bots|blocklist.de/all|ziyadnz/hourly-ipv4,blocklist.de|bot|irc-bot|brute-force|ziyadnz|hourly,2026-08-17T18:48:05Z,2026-08-17T18:48:05Z,
121.52.147.205,ipv4,botnet,high,WHITE,blocklist.de/bots|blocklist.de/all|ziyadnz/hourly-ipv4,blocklist.de|bot|irc-bot|brute-force|ziyadnz|hourly,2026-08-17T18:48:05Z,2026-08-17T18:48:05Z,
122.160.255.188,ipv4,botnet,high,WHITE,blocklist.de/bots|blocklist.de/all|ziyadnz/hourly-ipv4,blocklist.de|bot|irc-bot|brute-force|ziyadnz|hourly,2026-08-17T18:48:05Z,2026-08-17T18:48:05Z,
122.161.170.195,ipv4,botnet,high,WHITE,blocklist.de/bots|blocklist.de/all|ziyadnz/hourly-ipv4,blocklist.de|bot|irc-bot|brute-force|ziyadnz|hourly,2026-08-17T18:48:05Z,2026-08-17T18:48:05Z,
122.162.207.110,ipv4,botnet,high,WHITE,blocklist.de/bots|blocklist.de/all|ziyadnz/hourly-ipv4,blocklist.de|bot|irc-bot|brute-force|ziyadnz|hourly,2026-08-17T18:48:05Z,2026-08-17T18:48:05Z,
122.164.80.143,ipv4,botnet,high,WHITE,blocklist.de/bots|blocklist.de/all|ziyadnz/hourly-ipv4,blocklist.de|bot|irc-bot|brute-force|ziyadnz|hourly,2026-08-17T18:48:05Z,2026-08-17T18:48:05Z,
122.167.118.145,ipv4,botnet,high,WHITE,blocklist.de/bots|blocklist.de/all|ziyadnz/hourly-ipv4,blocklist.de|bot|irc-bot|brute-force|ziyadnz|hourly,2026-08-17T18:48:05Z,2026-08-17T18:48:05Z,
122.168.68.117,ipv4,botnet,high,WHITE,blocklist.de/bots|blocklist.de/all|ziyadnz/hourly-ipv4,blocklist.de|bot|irc-bot|brute-force|ziyadnz|hourly,2026-08-17T18:48:05Z,2026-08-17T18:48:05Z,
122.168.82.129,ipv4,botnet,high,WHITE,blocklist.de/bots|blocklist.de/all|ziyadnz/hourly-ipv4,blocklist.de|bot|irc-bot|brute-force|ziyadnz|hourly,2026-08-17T18:48:05Z,2026-08-17T18:48:05Z,
122.173.28.236,ipv4,botnet,high,WHITE,blocklist.de/bots|blocklist.de/all|ziyadnz/hourly-ipv4,blocklist.de|bot|irc-bot|brute-force|ziyadnz|hourly,2026-08-17T18:48:05Z,2026-08-17T18:48:05Z,
122.177.244.79,ipv4,botnet,high,WHITE,blocklist.de/bots|blocklist.de/all|ziyadnz/hourly-ipv4,blocklist.de|bot|irc-bot|brute-force|ziyadnz|hourly,2026-08-17T18:48:05Z,2026-08-17T18:48:05Z,
122.179.91.250,ipv4,botnet,high,WHITE,blocklist.de/bots|blocklist.de/all|ziyadnz/hourly-ipv4,blocklist.de|bot|irc-bot|brute-force|ziyadnz|hourly,2026-08-17T18:48:05Z,2026-08-17T18:48:05Z,
122.183.33.153,ipv4,botnet,high,WHITE,blocklist.de/bots|blocklist.de/all|ziyadnz/hourly-ipv4,blocklist.de|bot|irc-bot|brute-force|ziyadnz|hourly,2026-08-17T18:48:05Z,2026-08-17T18:48:05Z,
122.183.33.91,ipv4,botnet,high,WHITE,blocklist.de/bots|blocklist.de/all|ziyadnz/hourly-ipv4,blocklist.de|bot|irc-bot|brute-force|ziyadnz|hourly,2026-08-17T18:48:05Z,2026-08-17T18:48:05Z,
122.183.48.56,ipv4,botnet,high,WHITE,blocklist.de/bots|blocklist.de/all|ziyadnz/hourly-ipv4,blocklist.de|bot|irc-bot|brute-force|ziyadnz|hourly,2026-08-17T18:48:05Z,2026-08-17T18:48:05Z,
122.185.111.126,ipv4,botnet,high,WHITE,blocklist.de/bots|blocklist.de/all|ziyadnz/hourly-ipv4,blocklist.de|bot|irc-bot|brute-force|ziyadnz|hourly,2026-08-17T18:48:05Z,2026-08-17T18:48:05Z,
122.54.169.3,ipv4,botnet,high,WHITE,blocklist.de/bots|blocklist.de/all|ziyadnz/hourly-ipv4,blocklist.de|bot|irc-bot|brute-force|ziyadnz|hourly,2026-08-17T18:48:05Z,2026-08-17T18:48:05Z,
123.14.122.152,ipv4,botnet,high,WHITE,blocklist.de/bots|blocklist.de/all|ziyadnz/hourly-ipv4,blocklist.de|bot|irc-bot|brute-force|ziyadnz|hourly,2026-08-17T18:48:05Z,2026-08-17T18:48:05Z,
123.21.188.175,ipv4,botnet,high,WHITE,blocklist.de/bots|blocklist.de/all|ziyadnz/hourly-ipv4,blocklist.de|bot|irc-bot|brute-force|ziyadnz|hourly,2026-08-17T18:48:05Z,2026-08-17T18:48:05Z,
123.231.45.166,ipv4,botnet,high,WHITE,blocklist.de/bots|blocklist.de/all|ziyadnz/hourly-ipv4,blocklist.de|bot|irc-bot|brute-force|ziyadnz|hourly,2026-08-17T18:48:05Z,2026-08-17T18:48:05Z,
123.245.84.195,ipv4,botnet,high,WHITE,blocklist.de/bots|blocklist.de/all|ziyadnz/hourly-ipv4,blocklist.de|bot|irc-bot|brute-force|ziyadnz|hourly,2026-08-17T18:48:05Z,2026-08-17T18:48:05Z,
123.245.85.9,ipv4,botnet,high,WHITE,blocklist.de/bots|blocklist.de/all|ziyadnz/hourly-ipv4,blocklist.de|bot|irc-bot|brute-force|ziyadnz|hourly,2026-08-17T18:48:05Z,2026-08-17T18:48:05Z,
123.58.10.198,ipv4,botnet,high,WHITE,blocklist.de/bots|blocklist.de/all|ziyadnz/hourly-ipv4,blocklist.de|bot|irc-bot|brute-force|ziyadnz|hourly,2026-08-17T18:48:05Z,2026-08-17T18:48:05Z,
123.58.10.199,ipv4,botnet,high,WHITE,blocklist.de/bots|blocklist.de/all|ziyadnz/hourly-ipv4,blocklist.de|bot|irc-bot|brute-force|ziyadnz|hourly,2026-08-17T18:48:05Z,2026-08-17T18:48:05Z,
124.104.187.239,ipv4,botnet,high,WHITE,blocklist.de/bots|blocklist.de/all|ziyadnz/hourly-ipv4,blocklist.de|bot|irc-bot|brute-force|ziyadnz|hourly,2026-08-17T18:48:05Z,2026-08-17T18:48:05Z,
124.104.188.251,ipv4,botnet,high,WHITE,blocklist.de/bots|blocklist.de/all|ziyadnz/hourly-ipv4,blocklist.de|bot|irc-bot|brute-force|ziyadnz|hourly,2026-08-17T18:48:05Z,2026-08-17T18:48:05Z,
124.105.206.79,ipv4,botnet,high,WHITE,blocklist.de/bots|blocklist.de/all|ziyadnz/hourly-ipv4,blocklist.de|bot|irc-bot|brute-force|ziyadnz|hourly,2026-08-17T18:48:05Z,2026-08-17T18:48:05Z,
124.109.45.50,ipv4,botnet,high,WHITE,blocklist.de/bots|blocklist.de/all|ziyadnz/hourly-ipv4,blocklist.de|bot|irc-bot|brute-force|ziyadnz|hourly,2026-08-17T18:48:05Z,2026-08-17T18:48:05Z,
124.109.53.158,ipv4,botnet,high,WHITE,blocklist.de/bots|blocklist.de/all|ziyadnz/hourly-ipv4,blocklist.de|bot|irc-bot|brute-force|ziyadnz|hourly,2026-08-17T18:48:05Z,2026-08-17T18:48:05Z,
124.122.236.209,ipv4,botnet,high,WHITE,blocklist.de/bots|blocklist.de/all|ziyadnz/hourly-ipv4,blocklist.de|bot|irc-bot|brute-force|ziyadnz|hourly,2026-08-17T18:48:05Z,2026-08-17T18:48:05Z,
124.123.185.40,ipv4,botnet,high,WHITE,blocklist.de/bots|blocklist.de/all|ziyadnz/hourly-ipv4,blocklist.de|bot|irc-bot|brute-force|ziyadnz|hourly,2026-08-17T18:48:05Z,2026-08-17T18:48:05Z,
124.123.44.65,ipv4,botnet,high,WHITE,blocklist.de/bots|blocklist.de/all|ziyadnz/hourly-ipv4,blocklist.de|bot|irc-bot|brute-force|ziyadnz|hourly,2026-08-17T18:48:05Z,2026-08-17T18:48:05Z,
124.126.137.133,ipv4,botnet,high,WHITE,blocklist.de/bots|blocklist.de/all|ziyadnz/hourly-ipv4,blocklist.de|bot|irc-bot|brute-force|ziyadnz|hourly,2026-08-17T18:48:05Z,2026-08-17T18:48:05Z,
124.13.195.78,ipv4,botnet,high,WHITE,blocklist.de/bots|blocklist.de/all|ziyadnz/hourly-ipv4,blocklist.de|bot|irc-bot|brute-force|ziyadnz|hourly,2026-08-17T18:48:05Z,2026-08-17T18:48:05Z,
124.156.229.220,ipv4,botnet,high,WHITE,blocklist.de/bots|blocklist.de/all|ziyadnz/hourly-ipv4,blocklist.de|bot|irc-bot|brute-force|ziyadnz|hourly,2026-08-17T18:48:05Z,2026-08-17T18:48:05Z,
124.158.98.12,ipv4,botnet,high,WHITE,blocklist.de/bots|blocklist.de/all|ziyadnz/hourly-ipv4,blocklist.de|bot|irc-bot|brute-force|ziyadnz|hourly,2026-08-17T18:48:05Z,2026-08-17T18:48:05Z,
124.217.26.184,ipv4,botnet,high,WHITE,blocklist.de/bots|blocklist.de/all|ziyadnz/hourly-ipv4,blocklist.de|bot|irc-bot|brute-force|ziyadnz|hourly,2026-08-17T18:48:05Z,2026-08-17T18:48:05Z,
124.217.54.93,ipv4,botnet,high,WHITE,blocklist.de/bots|blocklist.de/all|ziyadnz/hourly-ipv4,blocklist.de|bot|irc-bot|brute-force|ziyadnz|hourly,2026-08-17T18:48:05Z,2026-08-17T18:48:05Z,
124.217.70.236,ipv4,botnet,high,WHITE,blocklist.de/bots|blocklist.de/all|ziyadnz/hourly-ipv4,blocklist.de|bot|irc-bot|brute-force|ziyadnz|hourly,2026-08-17T18:48:05Z,2026-08-17T18:48:05Z,
124.29.194.158,ipv4,botnet,medium,WHITE,blocklist.de/bots|blocklist.de/all,blocklist.de|bot|irc-bot|brute-force|ziyadnz|hourly,2026-08-17T18:48:05Z,2026-08-17T18:48:05Z,
124.43.5.103,ipv4,botnet,high,WHITE,blocklist.de/bots|blocklist.de/all|ziyadnz/hourly-ipv4,blocklist.de|bot|irc-bot|brute-force|ziyadnz|hourly,2026-08-17T18:48:05Z,2026-08-17T18:48:05Z,
125.162.245.217,ipv4,botnet,high,WHITE,blocklist.de/bots|blocklist.de/all|ziyadnz/hourly-ipv4,blocklist.de|bot|irc-bot|brute-force|ziyadnz|hourly,2026-08-17T18:48:05Z,2026-08-17T18:48:05Z,
125.27.145.31,ipv4,botnet,high,WHITE,blocklist.de/bots|blocklist.de/all|ziyadnz/hourly-ipv4,blocklist.de|bot|irc-bot|brute-force|ziyadnz|hourly,2026-08-17T18:48:05Z,2026-08-17T18:48:05Z,
126.209.104.82,ipv4,botnet,high,WHITE,blocklist.de/bots|blocklist.de/all|ziyadnz/hourly-ipv4,blocklist.de|bot|irc-bot|brute-force|ziyadnz|hourly,2026-08-17T18:48:05Z,2026-08-17T18:48:05Z,
126.209.104.83,ipv4,botnet,high,WHITE,blocklist.de/bots|blocklist.de/all|ziyadnz/hourly-ipv4,blocklist.de|bot|irc-bot|brute-force|ziyadnz|hourly,2026-08-17T18:48:05Z,2026-08-17T18:48:05Z,
126.209.104.84,ipv4,botnet,high,WHITE,blocklist.de/bots|blocklist.de/all|ziyadnz/hourly-ipv4,blocklist.de|bot|irc-bot|brute-force|ziyadnz|hourly,2026-08-17T18:48:05Z,2026-08-17T18:48:05Z,
126.209.104.85,ipv4,botnet,high,WHITE,blocklist.de/bots|blocklist.de/all|ziyadnz/hourly-ipv4,blocklist.de|bot|irc-bot|brute-force|ziyadnz|hourly,2026-08-17T18:48:05Z,2026-08-17T18:48:05Z,
126.209.104.86,ipv4,botnet,high,WHITE,blocklist.de/bots|blocklist.de/all|ziyadnz/hourly-ipv4,blocklist.de|bot|irc-bot|brute-force|ziyadnz|hourly,2026-08-17T18:48:05Z,2026-08-17T18:48:05Z,
126.209.104.87,ipv4,botnet,high,WHITE,blocklist.de/bots|blocklist.de/all|ziyadnz/hourly-ipv4,blocklist.de|bot|irc-bot|brute-force|ziyadnz|hourly,2026-08-17T18:48:05Z,2026-08-17T18:48:05Z,
126.209.104.88,ipv4,botnet,high,WHITE,blocklist.de/bots|blocklist.de/all|ziyadnz/hourly-ipv4,blocklist.de|bot|irc-bot|brute-force|ziyadnz|hourly,2026-08-17T18:48:05Z,2026-08-17T18:48:05Z,
126.209.104.89,ipv4,botnet,high,WHITE,blocklist.de/bots|blocklist.de/all|ziyadnz/hourly-ipv4,blocklist.de|bot|irc-bot|brute-force|ziyadnz|hourly,2026-08-17T18:48:05Z,2026-08-17T18:48:05Z,
126.209.104.90,ipv4,botnet,high,WHITE,blocklist.de/bots|blocklist.de/all|ziyadnz/hourly-ipv4,blocklist.de|bot|irc-bot|brute-force|ziyadnz|hourly,2026-08-17T18:48:05Z,2026-08-17T18:48:05Z,
126.209.104.91,ipv4,botnet,high,WHITE,blocklist.de/bots|blocklist.de/all|ziyadnz/hourly-ipv4,blocklist.de|bot|irc-bot|brute-force|ziyadnz|hourly,2026-08-17T18:48:05Z,2026-08-17T18:48:05Z,
126.209.104.92,ipv4,botnet,high,WHITE,blocklist.de/bots|blocklist.de/all|ziyadnz/hourly-ipv4,blocklist.de|bot|irc-bot|brute-force|ziyadnz|hourly,2026-08-17T18:48:05Z,2026-08-17T18:48:05Z,
126.209.104.94,ipv4,botnet,high,WHITE,blocklist.de/bots|blocklist.de/all|ziyadnz/hourly-ipv4,blocklist.de|bot|irc-bot|brute-force|ziyadnz|hourly,2026-08-17T18:48:05Z,2026-08-17T18:48:05Z,
126.209.19.210,ipv4,botnet,high,WHITE,blocklist.de/bots|blocklist.de/all|ziyadnz/hourly-ipv4,blocklist.de|bot|irc-bot|brute-force|ziyadnz|hourly,2026-08-17T18:48:05Z,2026-08-17T18:48:05Z,
129.121.127.81,ipv4,botnet,high,WHITE,blocklist.de/bots|blocklist.de/all|ziyadnz/hourly-ipv4,blocklist.de|bot|irc-bot|brute-force|ziyadnz|hourly,2026-08-17T18:48:05Z,2026-08-17T18:48:05Z,
129.222.137.133,ipv4,botnet,medium,WHITE,blocklist.de/bots|blocklist.de/all,blocklist.de|bot|irc-bot|brute-force|ziyadnz|hourly,2026-08-17T18:48:05Z,2026-08-17T18:48:05Z,
129.222.147.224,ipv4,botnet,high,WHITE,blocklist.de/bots|blocklist.de/all|ziyadnz/hourly-ipv4,blocklist.de|bot|irc-bot|brute-force|ziyadnz|hourly,2026-08-17T18:48:05Z,2026-08-17T18:48:05Z,
129.222.247.192,ipv4,botnet,high,WHITE,blocklist.de/bots|blocklist.de/all|ziyadnz/hourly-ipv4,blocklist.de|bot|irc-bot|brute-force|ziyadnz|hourly,2026-08-17T18:48:05Z,2026-08-17T18:48:05Z,
129.224.207.35,ipv4,botnet,high,WHITE,blocklist.de/bots|blocklist.de/all|ziyadnz/hourly-ipv4,blocklist.de|bot|irc-bot|brute-force|ziyadnz|hourly,2026-08-17T18:48:05Z,2026-08-17T18:48:05Z,
129.227.55.178,ipv4,botnet,high,WHITE,blocklist.de/bots|blocklist.de/all|ziyadnz/hourly-ipv4,blocklist.de|bot|irc-bot|brute-force|ziyadnz|hourly,2026-08-17T18:48:05Z,2026-08-17T18:48:05Z,
13.231.168.20,ipv4,botnet,high,WHITE,blocklist.de/bots|blocklist.de/all|ziyadnz/hourly-ipv4,blocklist.de|bot|irc-bot|brute-force|ziyadnz|hourly,2026-08-17T18:48:05Z,2026-08-17T18:48:05Z,
130.164.144.174,ipv4,botnet,high,WHITE,blocklist.de/bots|blocklist.de/all|ziyadnz/hourly-ipv4,blocklist.de|bot|irc-bot|brute-force|ziyadnz|hourly,2026-08-17T18:48:05Z,2026-08-17T18:48:05Z,
130.43.210.55,ipv4,botnet,high,WHITE,blocklist.de/bots|blocklist.de/all|ziyadnz/hourly-ipv4,blocklist.de|bot|irc-bot|brute-force|ziyadnz|hourly,2026-08-17T18:48:05Z,2026-08-17T18:48:05Z,
130.45.119.153,ipv4,botnet,high,WHITE,blocklist.de/bots|blocklist.de/all|ziyadnz/hourly-ipv4,blocklist.de|bot|irc-bot|brute-force|ziyadnz|hourly,2026-08-17T18:48:05Z,2026-08-17T18:48:05Z,
131.161.107.130,ipv4,botnet,high,WHITE,blocklist.de/bots|blocklist.de/all|ziyadnz/hourly-ipv4,blocklist.de|bot|irc-bot|brute-force|ziyadnz|hourly,2026-08-17T18:48:05Z,2026-08-17T18:48:05Z,
131.226.101.151,ipv4,botnet,high,WHITE,blocklist.de/bots|blocklist.de/all|ziyadnz/hourly-ipv4,blocklist.de|bot|irc-bot|brute-force|ziyadnz|hourly,2026-08-17T18:48:05Z,2026-08-17T18:48:05Z,
131.226.112.120,ipv4,botnet,high,WHITE,blocklist.de/bots|blocklist.de/all|ziyadnz/hourly-ipv4,blocklist.de|bot|irc-bot|brute-force|ziyadnz|hourly,2026-08-17T18:48:05Z,2026-08-17T18:48:05Z,
132.196.30.78,ipv4,botnet,high,WHITE,blocklist.de/bots|blocklist.de/all|ziyadnz/hourly-ipv4,blocklist.de|bot|irc-bot|brute-force|ziyadnz|hourly,2026-08-17T18:48:05Z,2026-08-17T18:48:05Z,
132.243.165.113,ipv4,botnet,high,WHITE,blocklist.de/bots|blocklist.de/all|ziyadnz/hourly-ipv4,blocklist.de|bot|irc-bot|brute-force|ziyadnz|hourly,2026-08-17T18:48:05Z,2026-08-17T18:48:05Z,
134.0.182.131,ipv4,botnet,high,WHITE,blocklist.de/bots|blocklist.de/all|ziyadnz/hourly-ipv4,blocklist.de|bot|irc-bot|brute-force|ziyadnz|hourly,2026-08-17T18:48:05Z,2026-08-17T18:48:05Z,
134.209.5.217,ipv4,botnet,high,WHITE,blocklist.de/bots|blocklist.de/all|ziyadnz/hourly-ipv4,blocklist.de|bot|irc-bot|brute-force|ziyadnz|hourly,2026-08-17T18:48:05Z,2026-08-17T18:48:05Z,
134.239.8.12,ipv4,botnet,high,WHITE,blocklist.de/bots|blocklist.de/all|ziyadnz/hourly-ipv4,blocklist.de|bot|irc-bot|brute-force|ziyadnz|hourly,2026-08-17T18:48:05Z,2026-08-17T18:48:05Z,
135.136.23.227,ipv4,botnet,high,WHITE,blocklist.de/bots|blocklist.de/all|ziyadnz/hourly-ipv4,blocklist.de|bot|irc-bot|brute-force|ziyadnz|hourly,2026-08-17T18:48:05Z,2026-08-17T18:48:05Z,
135.181.180.59,ipv4,botnet,high,WHITE,blocklist.de/bots|blocklist.de/all|ziyadnz/hourly-ipv4,blocklist.de|bot|irc-bot|brute-force|ziyadnz|hourly,2026-08-17T18:48:05Z,2026-08-17T18:48:05Z,
135.181.213.219,ipv4,botnet,high,WHITE,blocklist.de/bots|blocklist.de/all|ziyadnz/hourly-ipv4,blocklist.de|bot|irc-bot|brute-force|ziyadnz|hourly,2026-08-17T18:48:05Z,2026-08-17T18:48:05Z,
135.225.75.187,ipv4,botnet,high,WHITE,blocklist.de/bots|blocklist.de/all|ziyadnz/hourly-ipv4,blocklist.de|bot|irc-bot|brute-force|ziyadnz|hourly,2026-08-17T18:48:05Z,2026-08-17T18:48:05Z,
136.107.139.249,ipv4,botnet,high,WHITE,blocklist.de/bots|blocklist.de/all|ziyadnz/hourly-ipv4,blocklist.de|bot|irc-bot|brute-force|ziyadnz|hourly,2026-08-17T18:48:05Z,2026-08-17T18:48:05Z,
136.107.236.236,ipv4,botnet,high,WHITE,blocklist.de/bots|blocklist.de/all|ziyadnz/hourly-ipv4,blocklist.de|bot|irc-bot|brute-force|ziyadnz|hourly,2026-08-17T18:48:05Z,2026-08-17T18:48:05Z,
136.117.129.155,ipv4,botnet,high,WHITE,blocklist.de/bots|blocklist.de/all|ziyadnz/hourly-ipv4,blocklist.de|bot|irc-bot|brute-force|ziyadnz|hourly,2026-08-17T18:48:05Z,2026-08-17T18:48:05Z,
136.117.145.36,ipv4,botnet,high,WHITE,blocklist.de/bots|blocklist.de/all|ziyadnz/hourly-ipv4,blocklist.de|bot|irc-bot|brute-force|ziyadnz|hourly,2026-08-17T18:48:05Z,2026-08-17T18:48:05Z,
136.118.140.177,ipv4,botnet,high,WHITE,blocklist.de/bots|blocklist.de/all|ziyadnz/hourly-ipv4,blocklist.de|bot|irc-bot|brute-force|ziyadnz|hourly,2026-08-17T18:48:05Z,2026-08-17T18:48:05Z,
136.144.33.171,ipv4,botnet,high,WHITE,blocklist.de/bots|blocklist.de/all|ziyadnz/hourly-ipv4,blocklist.de|bot|irc-bot|brute-force|ziyadnz|hourly,2026-08-17T18:48:05Z,2026-08-17T18:48:05Z,
136.144.33.172,ipv4,botnet,high,WHITE,blocklist.de/bots|blocklist.de/all|ziyadnz/hourly-ipv4,blocklist.de|bot|irc-bot|brute-force|ziyadnz|hourly,2026-08-17T18:48:05Z,2026-08-17T18:48:05Z,
136.144.33.180,ipv4,botnet,high,WHITE,blocklist.de/bots|blocklist.de/all|ziyadnz/hourly-ipv4,blocklist.de|bot|irc-bot|brute-force|ziyadnz|hourly,2026-08-17T18:48:05Z,2026-08-17T18:48:05Z,
136.144.33.183,ipv4,botnet,high,WHITE,blocklist.de/bots|blocklist.de/all|ziyadnz/hourly-ipv4,blocklist.de|bot|irc-bot|brute-force|ziyadnz|hourly,2026-08-17T18:48:05Z,2026-08-17T18:48:05Z,
136.144.33.189,ipv4,botnet,high,WHITE,blocklist.de/bots|blocklist.de/all|ziyadnz/hourly-ipv4,blocklist.de|bot|irc-bot|brute-force|ziyadnz|hourly,2026-08-17T18:48:05Z,2026-08-17T18:48:05Z,
136.158.123.106,ipv4,botnet,high,WHITE,blocklist.de/bots|blocklist.de/all|ziyadnz/hourly-ipv4,blocklist.de|bot|irc-bot|brute-force|ziyadnz|hourly,2026-08-17T18:48:05Z,2026-08-17T18:48:05Z,
136.158.61.114,ipv4,botnet,high,WHITE,blocklist.de/bots|blocklist.de/all|ziyadnz/hourly-ipv4,blocklist.de|bot|irc-bot|brute-force|ziyadnz|hourly,2026-08-17T18:48:05Z,2026-08-17T18:48:05Z,
136.158.64.64,ipv4,botnet,high,WHITE,blocklist.de/bots|blocklist.de/all|ziyadnz/hourly-ipv4,blocklist.de|bot|irc-bot|brute-force|ziyadnz|hourly,2026-08-17T18:48:05Z,2026-08-17T18:48:05Z,
136.158.66.60,ipv4,botnet,high,WHITE,blocklist.de/bots|blocklist.de/all|ziyadnz/hourly-ipv4,blocklist.de|bot|irc-bot|brute-force|ziyadnz|hourly,2026-08-17T18:48:05Z,2026-08-17T18:48:05Z,
136.66.159.149,ipv4,botnet,high,WHITE,blocklist.de/bots|blocklist.de/all|ziyadnz/hourly-ipv4,blocklist.de|bot|irc-bot|brute-force|ziyadnz|hourly,2026-08-17T18:48:05Z,2026-08-17T18:48:05Z,
136.66.177.101,ipv4,botnet,high,WHITE,blocklist.de/bots|blocklist.de/all|ziyadnz/hourly-ipv4,blocklist.de|bot|irc-bot|brute-force|ziyadnz|hourly,2026-08-17T18:48:05Z,2026-08-17T18:48:05Z,
136.67.118.233,ipv4,botnet,high,WHITE,blocklist.de/bots|blocklist.de/all|ziyadnz/hourly-ipv4,blocklist.de|bot|irc-bot|brute-force|ziyadnz|hourly,2026-08-17T18:48:05Z,2026-08-17T18:48:05Z,
136.70.94.101,ipv4,botnet,high,WHITE,blocklist.de/bots|blocklist.de/all|ziyadnz/hourly-ipv4,blocklist.de|bot|irc-bot|brute-force|ziyadnz|hourly,2026-08-17T18:48:05Z,2026-08-17T18:48:05Z,
136.85.102.152,ipv4,botnet,high,WHITE,blocklist.de/bots|blocklist.de/all|ziyadnz/hourly-ipv4,blocklist.de|bot|irc-bot|brute-force|ziyadnz|hourly,2026-08-17T18:48:05Z,2026-08-17T18:48:05Z,
136.85.49.253,ipv4,botnet,high,WHITE,blocklist.de/bots|blocklist.de/all|ziyadnz/hourly-ipv4,blocklist.de|bot|irc-bot|brute-force|ziyadnz|hourly,2026-08-17T18:48:05Z,2026-08-17T18:48:05Z,
137.184.161.253,ipv4,botnet,high,WHITE,blocklist.de/bots|blocklist.de/all|ziyadnz/hourly-ipv4,blocklist.de|bot|irc-bot|brute-force|ziyadnz|hourly,2026-08-17T18:48:05Z,2026-08-17T18:48:05Z,
138.197.191.87,ipv4,botnet,high,WHITE,blocklist.de/bots|blocklist.de/all|ziyadnz/hourly-ipv4,blocklist.de|bot|irc-bot|brute-force|ziyadnz|hourly,2026-08-17T18:48:05Z,2026-08-17T18:48:05Z,
138.2.102.66,ipv4,botnet,high,WHITE,blocklist.de/bots|blocklist.de/all|ziyadnz/hourly-ipv4,blocklist.de|bot|irc-bot|brute-force|ziyadnz|hourly,2026-08-17T18:48:05Z,2026-08-17T18:48:05Z,
138.255.213.167,ipv4,botnet,high,WHITE,blocklist.de/bots|blocklist.de/all|ziyadnz/hourly-ipv4,blocklist.de|bot|irc-bot|brute-force|ziyadnz|hourly,2026-08-17T18:48:05Z,2026-08-17T18:48:05Z,
138.68.101.246,ipv4,botnet,high,WHITE,blocklist.de/bots|blocklist.de/all|ziyadnz/hourly-ipv4,blocklist.de|bot|irc-bot|brute-force|ziyadnz|hourly,2026-08-17T18:48:05Z,2026-08-17T18:48:05Z,
138.84.138.179,ipv4,botnet,high,WHITE,blocklist.de/bots|blocklist.de/all|ziyadnz/hourly-ipv4,blocklist.de|bot|irc-bot|brute-force|ziyadnz|hourly,2026-08-17T18:48:05Z,2026-08-17T18:48:05Z,
139.135.41.236,ipv4,botnet,medium,WHITE,blocklist.de/bots|blocklist.de/all,blocklist.de|bot|irc-bot|brute-force|ziyadnz|hourly,2026-08-17T18:48:05Z,2026-08-17T18:48:05Z,
139.135.45.88,ipv4,botnet,medium,WHITE,blocklist.de/bots|blocklist.de/all,blocklist.de|bot|irc-bot|brute-force|ziyadnz|hourly,2026-08-17T18:48:05Z,2026-08-17T18:48:05Z,
139.135.55.216,ipv4,botnet,high,WHITE,blocklist.de/bots|blocklist.de/all|ziyadnz/hourly-ipv4,blocklist.de|bot|irc-bot|brute-force|ziyadnz|hourly,2026-08-17T18:48:05Z,2026-08-17T18:48:05Z,
139.135.59.233,ipv4,botnet,medium,WHITE,blocklist.de/bots|blocklist.de/all,blocklist.de|bot|irc-bot|brute-force|ziyadnz|hourly,2026-08-17T18:48:05Z,2026-08-17T18:48:05Z,
139.162.191.163,ipv4,botnet,high,WHITE,blocklist.de/bots|blocklist.de/all|ziyadnz/hourly-ipv4,blocklist.de|bot|irc-bot|brute-force|ziyadnz|hourly,2026-08-17T18:48:05Z,2026-08-17T18:48:05Z,
139.167.225.126,ipv4,botnet,high,WHITE,blocklist.de/bots|blocklist.de/all|ziyadnz/hourly-ipv4,blocklist.de|bot|irc-bot|brute-force|ziyadnz|hourly,2026-08-17T18:48:05Z,2026-08-17T18:48:05Z,
139.167.225.146,ipv4,botnet,high,WHITE,blocklist.de/bots|blocklist.de/all|ziyadnz/hourly-ipv4,blocklist.de|bot|irc-bot|brute-force|ziyadnz|hourly,2026-08-17T18:48:05Z,2026-08-17T18:48:05Z,
139.5.157.201,ipv4,botnet,high,WHITE,blocklist.de/bots|blocklist.de/all|ziyadnz/hourly-ipv4,blocklist.de|bot|irc-bot|brute-force|ziyadnz|hourly,2026-08-17T18:48:05Z,2026-08-17T18:48:05Z,
139.5.74.47,ipv4,botnet,high,WHITE,blocklist.de/bots|blocklist.de/all|ziyadnz/hourly-ipv4,blocklist.de|bot|irc-bot|brute-force|ziyadnz|hourly,2026-08-17T18:48:05Z,2026-08-17T18:48:05Z,
139.59.100.35,ipv4,botnet,high,WHITE,blocklist.de/bots|blocklist.de/all|ziyadnz/hourly-ipv4,blocklist.de|bot|irc-bot|brute-force|ziyadnz|hourly,2026-08-17T18:48:05Z,2026-08-17T18:48:05Z,
14.103.10.167,ipv4,botnet,high,WHITE,blocklist.de/bots|blocklist.de/all|ziyadnz/hourly-ipv4,blocklist.de|bot|irc-bot|brute-force|ziyadnz|hourly,2026-08-17T18:48:05Z,2026-08-17T18:48:05Z,
14.139.206.131,ipv4,botnet,high,WHITE,blocklist.de/bots|blocklist.de/all|ziyadnz/hourly-ipv4,blocklist.de|bot|irc-bot|brute-force|ziyadnz|hourly,2026-08-17T18:48:05Z,2026-08-17T18:48:05Z,
14.139.227.147,ipv4,botnet,high,WHITE,blocklist.de/bots|blocklist.de/all|ziyadnz/hourly-ipv4,blocklist.de|bot|irc-bot|brute-force|ziyadnz|hourly,2026-08-17T18:48:05Z,2026-08-17T18:48:05Z,
14.139.85.4,ipv4,botnet,high,WHITE,blocklist.de/bots|blocklist.de/all|ziyadnz/hourly-ipv4,blocklist.de|bot|irc-bot|brute-force|ziyadnz|hourly,2026-08-17T18:48:05Z,2026-08-17T18:48:05Z,
14.143.133.196,ipv4,botnet,high,WHITE,blocklist.de/bots|blocklist.de/all|ziyadnz/hourly-ipv4,blocklist.de|bot|irc-bot|brute-force|ziyadnz|hourly,2026-08-17T18:48:05Z,2026-08-17T18:48:05Z,
14.231.156.114,ipv4,botnet,high,WHITE,blocklist.de/bots|blocklist.de/all|ziyadnz/hourly-ipv4,blocklist.de|bot|irc-bot|brute-force|ziyadnz|hourly,2026-08-17T18:48:05Z,2026-08-17T18:48:05Z,
14.246.9.169,ipv4,botnet,high,WHITE,blocklist.de/bots|blocklist.de/all|ziyadnz/hourly-ipv4,blocklist.de|bot|irc-bot|brute-force|ziyadnz|hourly,2026-08-17T18:48:05Z,2026-08-17T18:48:05Z,
140.143.197.77,ipv4,botnet,high,WHITE,blocklist.de/bots|blocklist.de/all|ziyadnz/hourly-ipv4,blocklist.de|bot|irc-bot|brute-force|ziyadnz|hourly,2026-08-17T18:48:05Z,2026-08-17T18:48:05Z,
140.245.34.60,ipv4,botnet,high,WHITE,blocklist.de/bots|blocklist.de/all|ziyadnz/hourly-ipv4,blocklist.de|bot|irc-bot|brute-force|ziyadnz|hourly,2026-08-17T18:48:05Z,2026-08-17T18:48:05Z,
141.253.119.86,ipv4,botnet,high,WHITE,blocklist.de/bots|blocklist.de/all|ziyadnz/hourly-ipv4,blocklist.de|bot|irc-bot|brute-force|ziyadnz|hourly,2026-08-17T18:48:05Z,2026-08-17T18:48:05Z,
141.8.142.45,ipv4,botnet,high,WHITE,blocklist.de/bots|blocklist.de/all|ziyadnz/hourly-ipv4,blocklist.de|bot|irc-bot|brute-force|ziyadnz|hourly,2026-08-17T18:48:05Z,2026-08-17T18:48:05Z,
141.8.46.71,ipv4,botnet,high,WHITE,blocklist.de/bots|blocklist.de/all|ziyadnz/hourly-ipv4,blocklist.de|bot|irc-bot|brute-force|ziyadnz|hourly,2026-08-17T18:48:05Z,2026-08-17T18:48:05Z,
142.111.152.173,ipv4,botnet,high,WHITE,blocklist.de/bots|blocklist.de/all|ziyadnz/hourly-ipv4,blocklist.de|bot|irc-bot|brute-force|ziyadnz|hourly,2026-08-17T18:48:05Z,2026-08-17T18:48:05Z,
142.111.152.179,ipv4,botnet,high,WHITE,blocklist.de/bots|blocklist.de/all|ziyadnz/hourly-ipv4,blocklist.de|bot|irc-bot|brute-force|ziyadnz|hourly,2026-08-17T18:48:05Z,2026-08-17T18:48:05Z,
142.111.152.68,ipv4,botnet,high,WHITE,blocklist.de/bots|blocklist.de/all|ziyadnz/hourly-ipv4,blocklist.de|bot|irc-bot|brute-force|ziyadnz|hourly,2026-08-17T18:48:05Z,2026-08-17T18:48:05Z,
142.44.220.1,ipv4,botnet,high,WHITE,blocklist.de/bots|blocklist.de/all|ziyadnz/hourly-ipv4,blocklist.de|bot|irc-bot|brute-force|ziyadnz|hourly,2026-08-17T18:48:05Z,2026-08-17T18:48:05Z,
142.44.220.100,ipv4,botnet,high,WHITE,blocklist.de/bots|blocklist.de/all|ziyadnz/hourly-ipv4,blocklist.de|bot|irc-bot|brute-force|ziyadnz|hourly,2026-08-17T18:48:05Z,2026-08-17T18:48:05Z,
142.44.220.101,ipv4,botnet,high,WHITE,blocklist.de/bots|blocklist.de/all|ziyadnz/hourly-ipv4,blocklist.de|bot|irc-bot|brute-force|ziyadnz|hourly,2026-08-17T18:48:05Z,2026-08-17T18:48:05Z,
142.44.220.102,ipv4,botnet,high,WHITE,blocklist.de/bots|blocklist.de/all|ziyadnz/hourly-ipv4,blocklist.de|bot|irc-bot|brute-force|ziyadnz|hourly,2026-08-17T18:48:05Z,2026-08-17T18:48:05Z,
142.44.220.103,ipv4,botnet,high,WHITE,blocklist.de/bots|blocklist.de/all|ziyadnz/hourly-ipv4,blocklist.de|bot|irc-bot|brute-force|ziyadnz|hourly,2026-08-17T18:48:05Z,2026-08-17T18:48:05Z,
142.44.220.104,ipv4,botnet,high,WHITE,blocklist.de/bots|blocklist.de/all|ziyadnz/hourly-ipv4,blocklist.de|bot|irc-bot|brute-force|ziyadnz|hourly,2026-08-17T18:48:05Z,2026-08-17T18:48:05Z,
142.44.220.106,ipv4,botnet,high,WHITE,blocklist.de/bots|blocklist.de/all|ziyadnz/hourly-ipv4,blocklist.de|bot|irc-bot|brute-force|ziyadnz|hourly,2026-08-17T18:48:05Z,2026-08-17T18:48:05Z,
142.44.220.109,ipv4,botnet,high,WHITE,blocklist.de/bots|blocklist.de/all|ziyadnz/hourly-ipv4,blocklist.de|bot|irc-bot|brute-force|ziyadnz|hourly,2026-08-17T18:48:05Z,2026-08-17T18:48:05Z,
142.44.220.11,ipv4,botnet,high,WHITE,blocklist.de/bots|blocklist.de/all|ziyadnz/hourly-ipv4,blocklist.de|bot|irc-bot|brute-force|ziyadnz|hourly,2026-08-17T18:48:05Z,2026-08-17T18:48:05Z,
142.44.220.112,ipv4,botnet,high,WHITE,blocklist.de/bots|blocklist.de/all|ziyadnz/hourly-ipv4,blocklist.de|bot|irc-bot|brute-force|ziyadnz|hourly,2026-08-17T18:48:05Z,2026-08-17T18:48:05Z,
142.44.220.114,ipv4,botnet,high,WHITE,blocklist.de/bots|blocklist.de/all|ziyadnz/hourly-ipv4,blocklist.de|bot|irc-bot|brute-force|ziyadnz|hourly,2026-08-17T18:48:05Z,2026-08-17T18:48:05Z,
142.44.220.116,ipv4,botnet,high,WHITE,blocklist.de/bots|blocklist.de/all|ziyadnz/hourly-ipv4,blocklist.de|bot|irc-bot|brute-force|ziyadnz|hourly,2026-08-17T18:48:05Z,2026-08-17T18:48:05Z,
142.44.220.117,ipv4,botnet,high,WHITE,blocklist.de/bots|blocklist.de/all|ziyadnz/hourly-ipv4,blocklist.de|bot|irc-bot|brute-force|ziyadnz|hourly,2026-08-17T18:48:05Z,2026-08-17T18:48:05Z,
142.44.220.118,ipv4,botnet,high,WHITE,blocklist.de/bots|blocklist.de/all|ziyadnz/hourly-ipv4,blocklist.de|bot|irc-bot|brute-force|ziyadnz|hourly,2026-08-17T18:48:05Z,2026-08-17T18:48:05Z,
142.44.220.12,ipv4,botnet,high,WHITE,blocklist.de/bots|blocklist.de/all|ziyadnz/hourly-ipv4,blocklist.de|bot|irc-bot|brute-force|ziyadnz|hourly,2026-08-17T18:48:05Z,2026-08-17T18:48:05Z,
142.44.220.120,ipv4,botnet,high,WHITE,blocklist.de/bots|blocklist.de/all|ziyadnz/hourly-ipv4,blocklist.de|bot|irc-bot|brute-force|ziyadnz|hourly,2026-08-17T18:48:05Z,2026-08-17T18:48:05Z,
142.44.220.123,ipv4,botnet,high,WHITE,blocklist.de/bots|blocklist.de/all|ziyadnz/hourly-ipv4,blocklist.de|bot|irc-bot|brute-force|ziyadnz|hourly,2026-08-17T18:48:05Z,2026-08-17T18:48:05Z,
142.44.220.124,ipv4,botnet,high,WHITE,blocklist.de/bots|blocklist.de/all|ziyadnz/hourly-ipv4,blocklist.de|bot|irc-bot|brute-force|ziyadnz|hourly,2026-08-17T18:48:05Z,2026-08-17T18:48:05Z,
142.44.220.125,ipv4,botnet,high,WHITE,blocklist.de/bots|blocklist.de/all|ziyadnz/hourly-ipv4,blocklist.de|bot|irc-bot|brute-force|ziyadnz|hourly,2026-08-17T18:48:05Z,2026-08-17T18:48:05Z,
142.44.220.127,ipv4,botnet,high,WHITE,blocklist.de/bots|blocklist.de/all|ziyadnz/hourly-ipv4,blocklist.de|bot|irc-bot|brute-force|ziyadnz|hourly,2026-08-17T18:48:05Z,2026-08-17T18:48:05Z,
142.44.220.128,ipv4,botnet,high,WHITE,blocklist.de/bots|blocklist.de/all|ziyadnz/hourly-ipv4,blocklist.de|bot|irc-bot|brute-force|ziyadnz|hourly,2026-08-17T18:48:05Z,2026-08-17T18:48:05Z,
142.44.220.130,ipv4,botnet,high,WHITE,blocklist.de/bots|blocklist.de/all|ziyadnz/hourly-ipv4,blocklist.de|bot|irc-bot|brute-force|ziyadnz|hourly,2026-08-17T18:48:05Z,2026-08-17T18:48:05Z,
142.44.220.133,ipv4,botnet,high,WHITE,blocklist.de/bots|blocklist.de/all|ziyadnz/hourly-ipv4,blocklist.de|bot|irc-bot|brute-force|ziyadnz|hourly,2026-08-17T18:48:05Z,2026-08-17T18:48:05Z,
142.44.220.134,ipv4,botnet,high,WHITE,blocklist.de/bots|blocklist.de/all|ziyadnz/hourly-ipv4,blocklist.de|bot|irc-bot|brute-force|ziyadnz|hourly,2026-08-17T18:48:05Z,2026-08-17T18:48:05Z,
142.44.220.135,ipv4,botnet,high,WHITE,blocklist.de/bots|blocklist.de/all|ziyadnz/hourly-ipv4,blocklist.de|bot|irc-bot|brute-force|ziyadnz|hourly,2026-08-17T18:48:05Z,2026-08-17T18:48:05Z,
142.44.220.139,ipv4,botnet,high,WHITE,blocklist.de/bots|blocklist.de/all|ziyadnz/hourly-ipv4,blocklist.de|bot|irc-bot|brute-force|ziyadnz|hourly,2026-08-17T18:48:05Z,2026-08-17T18:48:05Z,
142.44.220.14,ipv4,botnet,high,WHITE,blocklist.de/bots|blocklist.de/all|ziyadnz/hourly-ipv4,blocklist.de|bot|irc-bot|brute-force|ziyadnz|hourly,2026-08-17T18:48:05Z,2026-08-17T18:48:05Z,
142.44.220.142,ipv4,botnet,high,WHITE,blocklist.de/bots|blocklist.de/all|ziyadnz/hourly-ipv4,blocklist.de|bot|irc-bot|brute-force|ziyadnz|hourly,2026-08-17T18:48:05Z,2026-08-17T18:48:05Z,
142.44.220.147,ipv4,botnet,high,WHITE,blocklist.de/bots|blocklist.de/all|ziyadnz/hourly-ipv4,blocklist.de|bot|irc-bot|brute-force|ziyadnz|hourly,2026-08-17T18:48:05Z,2026-08-17T18:48:05Z,
142.44.220.148,ipv4,botnet,high,WHITE,blocklist.de/bots|blocklist.de/all|ziyadnz/hourly-ipv4,blocklist.de|bot|irc-bot|brute-force|ziyadnz|hourly,2026-08-17T18:48:05Z,2026-08-17T18:48:05Z,
142.44.220.15,ipv4,botnet,high,WHITE,blocklist.de/bots|blocklist.de/all|ziyadnz/hourly-ipv4,blocklist.de|bot|irc-bot|brute-force|ziyadnz|hourly,2026-08-17T18:48:05Z,2026-08-17T18:48:05Z,
142.44.220.150,ipv4,botnet,high,WHITE,blocklist.de/bots|blocklist.de/all|ziyadnz/hourly-ipv4,blocklist.de|bot|irc-bot|brute-force|ziyadnz|hourly,2026-08-17T18:48:05Z,2026-08-17T18:48:05Z,
142.44.220.151,ipv4,botnet,high,WHITE,blocklist.de/bots|blocklist.de/all|ziyadnz/hourly-ipv4,blocklist.de|bot|irc-bot|brute-force|ziyadnz|hourly,2026-08-17T18:48:05Z,2026-08-17T18:48:05Z,
142.44.220.152,ipv4,botnet,high,WHITE,blocklist.de/bots|blocklist.de/all|ziyadnz/hourly-ipv4,blocklist.de|bot|irc-bot|brute-force|ziyadnz|hourly,2026-08-17T18:48:05Z,2026-08-17T18:48:05Z,
142.44.220.153,ipv4,botnet,high,WHITE,blocklist.de/bots|blocklist.de/all|ziyadnz/hourly-ipv4,blocklist.de|bot|irc-bot|brute-force|ziyadnz|hourly,2026-08-17T18:48:05Z,2026-08-17T18:48:05Z,
142.44.220.154,ipv4,botnet,high,WHITE,blocklist.de/bots|blocklist.de/all|ziyadnz/hourly-ipv4,blocklist.de|bot|irc-bot|brute-force|ziyadnz|hourly,2026-08-17T18:48:05Z,2026-08-17T18:48:05Z,
142.44.220.156,ipv4,botnet,high,WHITE,blocklist.de/bots|blocklist.de/all|ziyadnz/hourly-ipv4,blocklist.de|bot|irc-bot|brute-force|ziyadnz|hourly,2026-08-17T18:48:05Z,2026-08-17T18:48:05Z,
142.44.220.157,ipv4,botnet,high,WHITE,blocklist.de/bots|blocklist.de/all|ziyadnz/hourly-ipv4,blocklist.de|bot|irc-bot|brute-force|ziyadnz|hourly,2026-08-17T18:48:05Z,2026-08-17T18:48:05Z,
142.44.220.159,ipv4,botnet,high,WHITE,blocklist.de/bots|blocklist.de/all|ziyadnz/hourly-ipv4,blocklist.de|bot|irc-bot|brute-force|ziyadnz|hourly,2026-08-17T18:48:05Z,2026-08-17T18:48:05Z,
142.44.220.161,ipv4,botnet,high,WHITE,blocklist.de/bots|blocklist.de/all|ziyadnz/hourly-ipv4,blocklist.de|bot|irc-bot|brute-force|ziyadnz|hourly,2026-08-17T18:48:05Z,2026-08-17T18:48:05Z,
142.44.220.162,ipv4,botnet,high,WHITE,blocklist.de/bots|blocklist.de/all|ziyadnz/hourly-ipv4,blocklist.de|bot|irc-bot|brute-force|ziyadnz|hourly,2026-08-17T18:48:05Z,2026-08-17T18:48:05Z,
142.44.220.163,ipv4,botnet,high,WHITE,blocklist.de/bots|blocklist.de/all|ziyadnz/hourly-ipv4,blocklist.de|bot|irc-bot|brute-force|ziyadnz|hourly,2026-08-17T18:48:05Z,2026-08-17T18:48:05Z,
142.44.220.166,ipv4,botnet,high,WHITE,blocklist.de/bots|blocklist.de/all|ziyadnz/hourly-ipv4,blocklist.de|bot|irc-bot|brute-force|ziyadnz|hourly,2026-08-17T18:48:05Z,2026-08-17T18:48:05Z,
142.44.220.167,ipv4,botnet,high,WHITE,blocklist.de/bots|blocklist.de/all|ziyadnz/hourly-ipv4,blocklist.de|bot|irc-bot|brute-force|ziyadnz|hourly,2026-08-17T18:48:05Z,2026-08-17T18:48:05Z,
142.44.220.17,ipv4,botnet,high,WHITE,blocklist.de/bots|blocklist.de/all|ziyadnz/hourly-ipv4,blocklist.de|bot|irc-bot|brute-force|ziyadnz|hourly,2026-08-17T18:48:05Z,2026-08-17T18:48:05Z,
142.44.220.170,ipv4,botnet,high,WHITE,blocklist.de/bots|blocklist.de/all|ziyadnz/hourly-ipv4,blocklist.de|bot|irc-bot|brute-force|ziyadnz|hourly,2026-08-17T18:48:05Z,2026-08-17T18:48:05Z,
142.44.220.171,ipv4,botnet,high,WHITE,blocklist.de/bots|blocklist.de/all|ziyadnz/hourly-ipv4,blocklist.de|bot|irc-bot|brute-force|ziyadnz|hourly,2026-08-17T18:48:05Z,2026-08-17T18:48:05Z,
142.44.220.178,ipv4,botnet,high,WHITE,blocklist.de/bots|blocklist.de/all|ziyadnz/hourly-ipv4,blocklist.de|bot|irc-bot|brute-force|ziyadnz|hourly,2026-08-17T18:48:05Z,2026-08-17T18:48:05Z,
142.44.220.183,ipv4,botnet,high,WHITE,blocklist.de/bots|blocklist.de/all|ziyadnz/hourly-ipv4,blocklist.de|bot|irc-bot|brute-force|ziyadnz|hourly,2026-08-17T18:48:05Z,2026-08-17T18:48:05Z,
142.44.220.184,ipv4,botnet,high,WHITE,blocklist.de/bots|blocklist.de/all|ziyadnz/hourly-ipv4,blocklist.de|bot|irc-bot|brute-force|ziyadnz|hourly,2026-08-17T18:48:05Z,2026-08-17T18:48:05Z,
142.44.220.185,ipv4,botnet,high,WHITE,blocklist.de/bots|blocklist.de/all|ziyadnz/hourly-ipv4,blocklist.de|bot|irc-bot|brute-force|ziyadnz|hourly,2026-08-17T18:48:05Z,2026-08-17T18:48:05Z,
142.44.220.187,ipv4,botnet,high,WHITE,blocklist.de/bots|blocklist.de/all|ziyadnz/hourly-ipv4,blocklist.de|bot|irc-bot|brute-force|ziyadnz|hourly,2026-08-17T18:48:05Z,2026-08-17T18:48:05Z,
142.44.220.188,ipv4,botnet,high,WHITE,blocklist.de/bots|blocklist.de/all|ziyadnz/hourly-ipv4,blocklist.de|bot|irc-bot|brute-force|ziyadnz|hourly,2026-08-17T18:48:05Z,2026-08-17T18:48:05Z,
142.44.220.189,ipv4,botnet,high,WHITE,blocklist.de/bots|blocklist.de/all|ziyadnz/hourly-ipv4,blocklist.de|bot|irc-bot|brute-force|ziyadnz|hourly,2026-08-17T18:48:05Z,2026-08-17T18:48:05Z,
142.44.220.192,ipv4,botnet,high,WHITE,blocklist.de/bots|blocklist.de/all|ziyadnz/hourly-ipv4,blocklist.de|bot|irc-bot|brute-force|ziyadnz|hourly,2026-08-17T18:48:05Z,2026-08-17T18:48:05Z,
142.44.220.194,ipv4,botnet,high,WHITE,blocklist.de/bots|blocklist.de/all|ziyadnz/hourly-ipv4,blocklist.de|bot|irc-bot|brute-force|ziyadnz|hourly,2026-08-17T18:48:05Z,2026-08-17T18:48:05Z,
142.44.220.195,ipv4,botnet,high,WHITE,blocklist.de/bots|blocklist.de/all|ziyadnz/hourly-ipv4,blocklist.de|bot|irc-bot|brute-force|ziyadnz|hourly,2026-08-17T18:48:05Z,2026-08-17T18:48:05Z,
142.44.220.198,ipv4,botnet,high,WHITE,blocklist.de/bots|blocklist.de/all|ziyadnz/hourly-ipv4,blocklist.de|bot|irc-bot|brute-force|ziyadnz|hourly,2026-08-17T18:48:05Z,2026-08-17T18:48:05Z,
142.44.220.199,ipv4,botnet,high,WHITE,blocklist.de/bots|blocklist.de/all|ziyadnz/hourly-ipv4,blocklist.de|bot|irc-bot|brute-force|ziyadnz|hourly,2026-08-17T18:48:05Z,2026-08-17T18:48:05Z,
142.44.220.2,ipv4,botnet,high,WHITE,blocklist.de/bots|blocklist.de/all|ziyadnz/hourly-ipv4,blocklist.de|bot|irc-bot|brute-force|ziyadnz|hourly,2026-08-17T18:48:05Z,2026-08-17T18:48:05Z,
142.44.220.20,ipv4,botnet,high,WHITE,blocklist.de/bots|blocklist.de/all|ziyadnz/hourly-ipv4,blocklist.de|bot|irc-bot|brute-force|ziyadnz|hourly,2026-08-17T18:48:05Z,2026-08-17T18:48:05Z,
142.44.220.201,ipv4,botnet,high,WHITE,blocklist.de/bots|blocklist.de/all|ziyadnz/hourly-ipv4,blocklist.de|bot|irc-bot|brute-force|ziyadnz|hourly,2026-08-17T18:48:05Z,2026-08-17T18:48:05Z,
142.44.220.202,ipv4,botnet,high,WHITE,blocklist.de/bots|blocklist.de/all|ziyadnz/hourly-ipv4,blocklist.de|bot|irc-bot|brute-force|ziyadnz|hourly,2026-08-17T18:48:05Z,2026-08-17T18:48:05Z,
142.44.220.204,ipv4,botnet,high,WHITE,blocklist.de/bots|blocklist.de/all|ziyadnz/hourly-ipv4,blocklist.de|bot|irc-bot|brute-force|ziyadnz|hourly,2026-08-17T18:48:05Z,2026-08-17T18:48:05Z,
142.44.220.205,ipv4,botnet,high,WHITE,blocklist.de/bots|blocklist.de/all|ziyadnz/hourly-ipv4,blocklist.de|bot|irc-bot|brute-force|ziyadnz|hourly,2026-08-17T18:48:05Z,2026-08-17T18:48:05Z,
142.44.220.206,ipv4,botnet,high,WHITE,blocklist.de/bots|blocklist.de/all|ziyadnz/hourly-ipv4,blocklist.de|bot|irc-bot|brute-force|ziyadnz|hourly,2026-08-17T18:48:05Z,2026-08-17T18:48:05Z,
142.44.220.209,ipv4,botnet,high,WHITE,blocklist.de/bots|blocklist.de/all|ziyadnz/hourly-ipv4,blocklist.de|bot|irc-bot|brute-force|ziyadnz|hourly,2026-08-17T18:48:05Z,2026-08-17T18:48:05Z,
142.44.220.21,ipv4,botnet,high,WHITE,blocklist.de/bots|blocklist.de/all|ziyadnz/hourly-ipv4,blocklist.de|bot|irc-bot|brute-force|ziyadnz|hourly,2026-08-17T18:48:05Z,2026-08-17T18:48:05Z,
142.44.220.213,ipv4,botnet,high,WHITE,blocklist.de/bots|blocklist.de/all|ziyadnz/hourly-ipv4,blocklist.de|bot|irc-bot|brute-force|ziyadnz|hourly,2026-08-17T18:48:05Z,2026-08-17T18:48:05Z,
142.44.220.215,ipv4,botnet,high,WHITE,blocklist.de/bots|blocklist.de/all|ziyadnz/hourly-ipv4,blocklist.de|bot|irc-bot|brute-force|ziyadnz|hourly,2026-08-17T18:48:05Z,2026-08-17T18:48:05Z,
142.44.220.216,ipv4,botnet,high,WHITE,blocklist.de/bots|blocklist.de/all|ziyadnz/hourly-ipv4,blocklist.de|bot|irc-bot|brute-force|ziyadnz|hourly,2026-08-17T18:48:05Z,2026-08-17T18:48:05Z,
142.44.220.217,ipv4,botnet,high,WHITE,blocklist.de/bots|blocklist.de/all|ziyadnz/hourly-ipv4,blocklist.de|bot|irc-bot|brute-force|ziyadnz|hourly,2026-08-17T18:48:05Z,2026-08-17T18:48:05Z,
142.44.220.218,ipv4,botnet,high,WHITE,blocklist.de/bots|blocklist.de/all|ziyadnz/hourly-ipv4,blocklist.de|bot|irc-bot|brute-force|ziyadnz|hourly,2026-08-17T18:48:05Z,2026-08-17T18:48:05Z,
142.44.220.221,ipv4,botnet,high,WHITE,blocklist.de/bots|blocklist.de/all|ziyadnz/hourly-ipv4,blocklist.de|bot|irc-bot|brute-force|ziyadnz|hourly,2026-08-17T18:48:05Z,2026-08-17T18:48:05Z,
142.44.220.223,ipv4,botnet,high,WHITE,blocklist.de/bots|blocklist.de/all|ziyadnz/hourly-ipv4,blocklist.de|bot|irc-bot|brute-force|ziyadnz|hourly,2026-08-17T18:48:05Z,2026-08-17T18:48:05Z,
142.44.220.225,ipv4,botnet,high,WHITE,blocklist.de/bots|blocklist.de/all|ziyadnz/hourly-ipv4,blocklist.de|bot|irc-bot|brute-force|ziyadnz|hourly,2026-08-17T18:48:05Z,2026-08-17T18:48:05Z,
142.44.220.228,ipv4,botnet,high,WHITE,blocklist.de/bots|blocklist.de/all|ziyadnz/hourly-ipv4,blocklist.de|bot|irc-bot|brute-force|ziyadnz|hourly,2026-08-17T18:48:05Z,2026-08-17T18:48:05Z,
142.44.220.229,ipv4,botnet,high,WHITE,blocklist.de/bots|blocklist.de/all|ziyadnz/hourly-ipv4,blocklist.de|bot|irc-bot|brute-force|ziyadnz|hourly,2026-08-17T18:48:05Z,2026-08-17T18:48:05Z,
142.44.220.23,ipv4,botnet,high,WHITE,blocklist.de/bots|blocklist.de/all|ziyadnz/hourly-ipv4,blocklist.de|bot|irc-bot|brute-force|ziyadnz|hourly,2026-08-17T18:48:05Z,2026-08-17T18:48:05Z,
142.44.220.230,ipv4,botnet,high,WHITE,blocklist.de/bots|blocklist.de/all|ziyadnz/hourly-ipv4,blocklist.de|bot|irc-bot|brute-force|ziyadnz|hourly,2026-08-17T18:48:05Z,2026-08-17T18:48:05Z,
142.44.220.231,ipv4,botnet,high,WHITE,blocklist.de/bots|blocklist.de/all|ziyadnz/hourly-ipv4,blocklist.de|bot|irc-bot|brute-force|ziyadnz|hourly,2026-08-17T18:48:05Z,2026-08-17T18:48:05Z,
142.44.220.234,ipv4,botnet,high,WHITE,blocklist.de/bots|blocklist.de/all|ziyadnz/hourly-ipv4,blocklist.de|bot|irc-bot|brute-force|ziyadnz|hourly,2026-08-17T18:48:05Z,2026-08-17T18:48:05Z,
142.44.220.235,ipv4,botnet,high,WHITE,blocklist.de/bots|blocklist.de/all|ziyadnz/hourly-ipv4,blocklist.de|bot|irc-bot|brute-force|ziyadnz|hourly,2026-08-17T18:48:05Z,2026-08-17T18:48:05Z,
142.44.220.236,ipv4,botnet,high,WHITE,blocklist.de/bots|blocklist.de/all|ziyadnz/hourly-ipv4,blocklist.de|bot|irc-bot|brute-force|ziyadnz|hourly,2026-08-17T18:48:05Z,2026-08-17T18:48:05Z,
142.44.220.242,ipv4,botnet,high,WHITE,blocklist.de/bots|blocklist.de/all|ziyadnz/hourly-ipv4,blocklist.de|bot|irc-bot|brute-force|ziyadnz|hourly,2026-08-17T18:48:05Z,2026-08-17T18:48:05Z,
142.44.220.243,ipv4,botnet,high,WHITE,blocklist.de/bots|blocklist.de/all|ziyadnz/hourly-ipv4,blocklist.de|bot|irc-bot|brute-force|ziyadnz|hourly,2026-08-17T18:48:05Z,2026-08-17T18:48:05Z,
142.44.220.245,ipv4,botnet,high,WHITE,blocklist.de/bots|blocklist.de/all|ziyadnz/hourly-ipv4,blocklist.de|bot|irc-bot|brute-force|ziyadnz|hourly,2026-08-17T18:48:05Z,2026-08-17T18:48:05Z,
142.44.220.246,ipv4,botnet,high,WHITE,blocklist.de/bots|blocklist.de/all|ziyadnz/hourly-ipv4,blocklist.de|bot|irc-bot|brute-force|ziyadnz|hourly,2026-08-17T18:48:05Z,2026-08-17T18:48:05Z,
142.44.220.247,ipv4,botnet,high,WHITE,blocklist.de/bots|blocklist.de/all|ziyadnz/hourly-ipv4,blocklist.de|bot|irc-bot|brute-force|ziyadnz|hourly,2026-08-17T18:48:05Z,2026-08-17T18:48:05Z,
142.44.220.251,ipv4,botnet,high,WHITE,blocklist.de/bots|blocklist.de/all|ziyadnz/hourly-ipv4,blocklist.de|bot|irc-bot|brute-force|ziyadnz|hourly,2026-08-17T18:48:05Z,2026-08-17T18:48:05Z,
142.44.220.253,ipv4,botnet,high,WHITE,blocklist.de/bots|blocklist.de/all|ziyadnz/hourly-ipv4,blocklist.de|bot|irc-bot|brute-force|ziyadnz|hourly,2026-08-17T18:48:05Z,2026-08-17T18:48:05Z,
142.44.220.254,ipv4,botnet,high,WHITE,blocklist.de/bots|blocklist.de/all|ziyadnz/hourly-ipv4,blocklist.de|bot|irc-bot|brute-force|ziyadnz|hourly,2026-08-17T18:48:05Z,2026-08-17T18:48:05Z,
142.44.220.27,ipv4,botnet,high,WHITE,blocklist.de/bots|blocklist.de/all|ziyadnz/hourly-ipv4,blocklist.de|bot|irc-bot|brute-force|ziyadnz|hourly,2026-08-17T18:48:05Z,2026-08-17T18:48:05Z,
142.44.220.29,ipv4,botnet,high,WHITE,blocklist.de/bots|blocklist.de/all|ziyadnz/hourly-ipv4,blocklist.de|bot|irc-bot|brute-force|ziyadnz|hourly,2026-08-17T18:48:05Z,2026-08-17T18:48:05Z,
142.44.220.3,ipv4,botnet,high,WHITE,blocklist.de/bots|blocklist.de/all|ziyadnz/hourly-ipv4,blocklist.de|bot|irc-bot|brute-force|ziyadnz|hourly,2026-08-17T18:48:05Z,2026-08-17T18:48:05Z,
142.44.220.30,ipv4,botnet,high,WHITE,blocklist.de/bots|blocklist.de/all|ziyadnz/hourly-ipv4,blocklist.de|bot|irc-bot|brute-force|ziyadnz|hourly,2026-08-17T18:48:05Z,2026-08-17T18:48:05Z,
142.44.220.31,ipv4,botnet,high,WHITE,blocklist.de/bots|blocklist.de/all|ziyadnz/hourly-ipv4,blocklist.de|bot|irc-bot|brute-force|ziyadnz|hourly,2026-08-17T18:48:05Z,2026-08-17T18:48:05Z,
142.44.220.33,ipv4,botnet,high,WHITE,blocklist.de/bots|blocklist.de/all|ziyadnz/hourly-ipv4,blocklist.de|bot|irc-bot|brute-force|ziyadnz|hourly,2026-08-17T18:48:05Z,2026-08-17T18:48:05Z,
142.44.220.34,ipv4,botnet,high,WHITE,blocklist.de/bots|blocklist.de/all|ziyadnz/hourly-ipv4,blocklist.de|bot|irc-bot|brute-force|ziyadnz|hourly,2026-08-17T18:48:05Z,2026-08-17T18:48:05Z,
142.44.220.35,ipv4,botnet,high,WHITE,blocklist.de/bots|blocklist.de/all|ziyadnz/hourly-ipv4,blocklist.de|bot|irc-bot|brute-force|ziyadnz|hourly,2026-08-17T18:48:05Z,2026-08-17T18:48:05Z,
142.44.220.39,ipv4,botnet,high,WHITE,blocklist.de/bots|blocklist.de/all|ziyadnz/hourly-ipv4,blocklist.de|bot|irc-bot|brute-force|ziyadnz|hourly,2026-08-17T18:48:05Z,2026-08-17T18:48:05Z,
142.44.220.4,ipv4,botnet,high,WHITE,blocklist.de/bots|blocklist.de/all|ziyadnz/hourly-ipv4,blocklist.de|bot|irc-bot|brute-force|ziyadnz|hourly,2026-08-17T18:48:05Z,2026-08-17T18:48:05Z,
142.44.220.40,ipv4,botnet,high,WHITE,blocklist.de/bots|blocklist.de/all|ziyadnz/hourly-ipv4,blocklist.de|bot|irc-bot|brute-force|ziyadnz|hourly,2026-08-17T18:48:05Z,2026-08-17T18:48:05Z,
142.44.220.42,ipv4,botnet,high,WHITE,blocklist.de/bots|blocklist.de/all|ziyadnz/hourly-ipv4,blocklist.de|bot|irc-bot|brute-force|ziyadnz|hourly,2026-08-17T18:48:05Z,2026-08-17T18:48:05Z,
142.44.220.45,ipv4,botnet,high,WHITE,blocklist.de/bots|blocklist.de/all|ziyadnz/hourly-ipv4,blocklist.de|bot|irc-bot|brute-force|ziyadnz|hourly,2026-08-17T18:48:05Z,2026-08-17T18:48:05Z,
142.44.220.46,ipv4,botnet,high,WHITE,blocklist.de/bots|blocklist.de/all|ziyadnz/hourly-ipv4,blocklist.de|bot|irc-bot|brute-force|ziyadnz|hourly,2026-08-17T18:48:05Z,2026-08-17T18:48:05Z,
142.44.220.49,ipv4,botnet,high,WHITE,blocklist.de/bots|blocklist.de/all|ziyadnz/hourly-ipv4,blocklist.de|bot|irc-bot|brute-force|ziyadnz|hourly,2026-08-17T18:48:05Z,2026-08-17T18:48:05Z,
142.44.220.5,ipv4,botnet,high,WHITE,blocklist.de/bots|blocklist.de/all|ziyadnz/hourly-ipv4,blocklist.de|bot|irc-bot|brute-force|ziyadnz|hourly,2026-08-17T18:48:05Z,2026-08-17T18:48:05Z,
142.44.220.52,ipv4,botnet,high,WHITE,blocklist.de/bots|blocklist.de/all|ziyadnz/hourly-ipv4,blocklist.de|bot|irc-bot|brute-force|ziyadnz|hourly,2026-08-17T18:48:05Z,2026-08-17T18:48:05Z,
142.44.220.53,ipv4,botnet,high,WHITE,blocklist.de/bots|blocklist.de/all|ziyadnz/hourly-ipv4,blocklist.de|bot|irc-bot|brute-force|ziyadnz|hourly,2026-08-17T18:48:05Z,2026-08-17T18:48:05Z,
142.44.220.54,ipv4,botnet,high,WHITE,blocklist.de/bots|blocklist.de/all|ziyadnz/hourly-ipv4,blocklist.de|bot|irc-bot|brute-force|ziyadnz|hourly,2026-08-17T18:48:05Z,2026-08-17T18:48:05Z,
142.44.220.56,ipv4,botnet,high,WHITE,blocklist.de/bots|blocklist.de/all|ziyadnz/hourly-ipv4,blocklist.de|bot|irc-bot|brute-force|ziyadnz|hourly,2026-08-17T18:48:05Z,2026-08-17T18:48:05Z,
142.44.220.57,ipv4,botnet,high,WHITE,blocklist.de/bots|blocklist.de/all|ziyadnz/hourly-ipv4,blocklist.de|bot|irc-bot|brute-force|ziyadnz|hourly,2026-08-17T18:48:05Z,2026-08-17T18:48:05Z,
142.44.220.58,ipv4,botnet,high,WHITE,blocklist.de/bots|blocklist.de/all|ziyadnz/hourly-ipv4,blocklist.de|bot|irc-bot|brute-force|ziyadnz|hourly,2026-08-17T18:48:05Z,2026-08-17T18:48:05Z,
142.44.220.59,ipv4,botnet,high,WHITE,blocklist.de/bots|blocklist.de/all|ziyadnz/hourly-ipv4,blocklist.de|bot|irc-bot|brute-force|ziyadnz|hourly,2026-08-17T18:48:05Z,2026-08-17T18:48:05Z,
142.44.220.6,ipv4,botnet,high,WHITE,blocklist.de/bots|blocklist.de/all|ziyadnz/hourly-ipv4,blocklist.de|bot|irc-bot|brute-force|ziyadnz|hourly,2026-08-17T18:48:05Z,2026-08-17T18:48:05Z,
142.44.220.60,ipv4,botnet,high,WHITE,blocklist.de/bots|blocklist.de/all|ziyadnz/hourly-ipv4,blocklist.de|bot|irc-bot|brute-force|ziyadnz|hourly,2026-08-17T18:48:05Z,2026-08-17T18:48:05Z,
142.44.220.61,ipv4,botnet,high,WHITE,blocklist.de/bots|blocklist.de/all|ziyadnz/hourly-ipv4,blocklist.de|bot|irc-bot|brute-force|ziyadnz|hourly,2026-08-17T18:48:05Z,2026-08-17T18:48:05Z,
142.44.220.63,ipv4,botnet,high,WHITE,blocklist.de/bots|blocklist.de/all|ziyadnz/hourly-ipv4,blocklist.de|bot|irc-bot|brute-force|ziyadnz|hourly,2026-08-17T18:48:05Z,2026-08-17T18:48:05Z,
142.44.220.66,ipv4,botnet,high,WHITE,blocklist.de/bots|blocklist.de/all|ziyadnz/hourly-ipv4,blocklist.de|bot|irc-bot|brute-force|ziyadnz|hourly,2026-08-17T18:48:05Z,2026-08-17T18:48:05Z,
142.44.220.67,ipv4,botnet,high,WHITE,blocklist.de/bots|blocklist.de/all|ziyadnz/hourly-ipv4,blocklist.de|bot|irc-bot|brute-force|ziyadnz|hourly,2026-08-17T18:48:05Z,2026-08-17T18:48:05Z,
142.44.220.69,ipv4,botnet,high,WHITE,blocklist.de/bots|blocklist.de/all|ziyadnz/hourly-ipv4,blocklist.de|bot|irc-bot|brute-force|ziyadnz|hourly,2026-08-17T18:48:05Z,2026-08-17T18:48:05Z,
142.44.220.7,ipv4,botnet,high,WHITE,blocklist.de/bots|blocklist.de/all|ziyadnz/hourly-ipv4,blocklist.de|bot|irc-bot|brute-force|ziyadnz|hourly,2026-08-17T18:48:05Z,2026-08-17T18:48:05Z,
142.44.220.71,ipv4,botnet,high,WHITE,blocklist.de/bots|blocklist.de/all|ziyadnz/hourly-ipv4,blocklist.de|bot|irc-bot|brute-force|ziyadnz|hourly,2026-08-17T18:48:05Z,2026-08-17T18:48:05Z,
142.44.220.72,ipv4,botnet,high,WHITE,blocklist.de/bots|blocklist.de/all|ziyadnz/hourly-ipv4,blocklist.de|bot|irc-bot|brute-force|ziyadnz|hourly,2026-08-17T18:48:05Z,2026-08-17T18:48:05Z,
142.44.220.73,ipv4,botnet,high,WHITE,blocklist.de/bots|blocklist.de/all|ziyadnz/hourly-ipv4,blocklist.de|bot|irc-bot|brute-force|ziyadnz|hourly,2026-08-17T18:48:05Z,2026-08-17T18:48:05Z,
142.44.220.74,ipv4,botnet,high,WHITE,blocklist.de/bots|blocklist.de/all|ziyadnz/hourly-ipv4,blocklist.de|bot|irc-bot|brute-force|ziyadnz|hourly,2026-08-17T18:48:05Z,2026-08-17T18:48:05Z,
142.44.220.75,ipv4,botnet,high,WHITE,blocklist.de/bots|blocklist.de/all|ziyadnz/hourly-ipv4,blocklist.de|bot|irc-bot|brute-force|ziyadnz|hourly,2026-08-17T18:48:05Z,2026-08-17T18:48:05Z,
142.44.220.78,ipv4,botnet,high,WHITE,blocklist.de/bots|blocklist.de/all|ziyadnz/hourly-ipv4,blocklist.de|bot|irc-bot|brute-force|ziyadnz|hourly,2026-08-17T18:48:05Z,2026-08-17T18:48:05Z,
142.44.220.79,ipv4,botnet,high,WHITE,blocklist.de/bots|blocklist.de/all|ziyadnz/hourly-ipv4,blocklist.de|bot|irc-bot|brute-force|ziyadnz|hourly,2026-08-17T18:48:05Z,2026-08-17T18:48:05Z,
142.44.220.8,ipv4,botnet,high,WHITE,blocklist.de/bots|blocklist.de/all|ziyadnz/hourly-ipv4,blocklist.de|bot|irc-bot|brute-force|ziyadnz|hourly,2026-08-17T18:48:05Z,2026-08-17T18:48:05Z,
142.44.220.80,ipv4,botnet,high,WHITE,blocklist.de/bots|blocklist.de/all|ziyadnz/hourly-ipv4,blocklist.de|bot|irc-bot|brute-force|ziyadnz|hourly,2026-08-17T18:48:05Z,2026-08-17T18:48:05Z,
142.44.220.84,ipv4,botnet,high,WHITE,blocklist.de/bots|blocklist.de/all|ziyadnz/hourly-ipv4,blocklist.de|bot|irc-bot|brute-force|ziyadnz|hourly,2026-08-17T18:48:05Z,2026-08-17T18:48:05Z,
142.44.220.87,ipv4,botnet,high,WHITE,blocklist.de/bots|blocklist.de/all|ziyadnz/hourly-ipv4,blocklist.de|bot|irc-bot|brute-force|ziyadnz|hourly,2026-08-17T18:48:05Z,2026-08-17T18:48:05Z,
142.44.220.88,ipv4,botnet,high,WHITE,blocklist.de/bots|blocklist.de/all|ziyadnz/hourly-ipv4,blocklist.de|bot|irc-bot|brute-force|ziyadnz|hourly,2026-08-17T18:48:05Z,2026-08-17T18:48:05Z,
142.44.220.89,ipv4,botnet,high,WHITE,blocklist.de/bots|blocklist.de/all|ziyadnz/hourly-ipv4,blocklist.de|bot|irc-bot|brute-force|ziyadnz|hourly,2026-08-17T18:48:05Z,2026-08-17T18:48:05Z,
142.44.220.9,ipv4,botnet,high,WHITE,blocklist.de/bots|blocklist.de/all|ziyadnz/hourly-ipv4,blocklist.de|bot|irc-bot|brute-force|ziyadnz|hourly,2026-08-17T18:48:05Z,2026-08-17T18:48:05Z,
142.44.220.91,ipv4,botnet,high,WHITE,blocklist.de/bots|blocklist.de/all|ziyadnz/hourly-ipv4,blocklist.de|bot|irc-bot|brute-force|ziyadnz|hourly,2026-08-17T18:48:05Z,2026-08-17T18:48:05Z,
142.44.220.94,ipv4,botnet,high,WHITE,blocklist.de/bots|blocklist.de/all|ziyadnz/hourly-ipv4,blocklist.de|bot|irc-bot|brute-force|ziyadnz|hourly,2026-08-17T18:48:05Z,2026-08-17T18:48:05Z,
142.44.225.100,ipv4,botnet,high,WHITE,blocklist.de/bots|blocklist.de/all|ziyadnz/hourly-ipv4,blocklist.de|bot|irc-bot|brute-force|ziyadnz|hourly,2026-08-17T18:48:05Z,2026-08-17T18:48:05Z,
142.44.225.103,ipv4,botnet,high,WHITE,blocklist.de/bots|blocklist.de/all|ziyadnz/hourly-ipv4,blocklist.de|bot|irc-bot|brute-force|ziyadnz|hourly,2026-08-17T18:48:05Z,2026-08-17T18:48:05Z,
142.44.225.106,ipv4,botnet,high,WHITE,blocklist.de/bots|blocklist.de/all|ziyadnz/hourly-ipv4,blocklist.de|bot|irc-bot|brute-force|ziyadnz|hourly,2026-08-17T18:48:05Z,2026-08-17T18:48:05Z,
142.44.225.109,ipv4,botnet,high,WHITE,blocklist.de/bots|blocklist.de/all|ziyadnz/hourly-ipv4,blocklist.de|bot|irc-bot|brute-force|ziyadnz|hourly,2026-08-17T18:48:05Z,2026-08-17T18:48:05Z,
142.44.225.110,ipv4,botnet,high,WHITE,blocklist.de/bots|blocklist.de/all|ziyadnz/hourly-ipv4,blocklist.de|bot|irc-bot|brute-force|ziyadnz|hourly,2026-08-17T18:48:05Z,2026-08-17T18:48:05Z,
142.44.225.113,ipv4,botnet,high,WHITE,blocklist.de/bots|blocklist.de/all|ziyadnz/hourly-ipv4,blocklist.de|bot|irc-bot|brute-force|ziyadnz|hourly,2026-08-17T18:48:05Z,2026-08-17T18:48:05Z,
142.44.225.114,ipv4,botnet,high,WHITE,blocklist.de/bots|blocklist.de/all|ziyadnz/hourly-ipv4,blocklist.de|bot|irc-bot|brute-force|ziyadnz|hourly,2026-08-17T18:48:05Z,2026-08-17T18:48:05Z,
142.44.225.115,ipv4,botnet,high,WHITE,blocklist.de/bots|blocklist.de/all|ziyadnz/hourly-ipv4,blocklist.de|bot|irc-bot|brute-force|ziyadnz|hourly,2026-08-17T18:48:05Z,2026-08-17T18:48:05Z,
142.44.225.116,ipv4,botnet,high,WHITE,blocklist.de/bots|blocklist.de/all|ziyadnz/hourly-ipv4,blocklist.de|bot|irc-bot|brute-force|ziyadnz|hourly,2026-08-17T18:48:05Z,2026-08-17T18:48:05Z,
142.44.225.117,ipv4,botnet,high,WHITE,blocklist.de/bots|blocklist.de/all|ziyadnz/hourly-ipv4,blocklist.de|bot|irc-bot|brute-force|ziyadnz|hourly,2026-08-17T18:48:05Z,2026-08-17T18:48:05Z,
142.44.225.119,ipv4,botnet,high,WHITE,blocklist.de/bots|blocklist.de/all|ziyadnz/hourly-ipv4,blocklist.de|bot|irc-bot|brute-force|ziyadnz|hourly,2026-08-17T18:48:05Z,2026-08-17T18:48:05Z,
142.44.225.124,ipv4,botnet,high,WHITE,blocklist.de/bots|blocklist.de/all|ziyadnz/hourly-ipv4,blocklist.de|bot|irc-bot|brute-force|ziyadnz|hourly,2026-08-17T18:48:05Z,2026-08-17T18:48:05Z,
142.44.225.125,ipv4,botnet,high,WHITE,blocklist.de/bots|blocklist.de/all|ziyadnz/hourly-ipv4,blocklist.de|bot|irc-bot|brute-force|ziyadnz|hourly,2026-08-17T18:48:05Z,2026-08-17T18:48:05Z,
142.44.225.13,ipv4,botnet,high,WHITE,blocklist.de/bots|blocklist.de/all|ziyadnz/hourly-ipv4,blocklist.de|bot|irc-bot|brute-force|ziyadnz|hourly,2026-08-17T18:48:05Z,2026-08-17T18:48:05Z,
142.44.225.130,ipv4,botnet,high,WHITE,blocklist.de/bots|blocklist.de/all|ziyadnz/hourly-ipv4,blocklist.de|bot|irc-bot|brute-force|ziyadnz|hourly,2026-08-17T18:48:05Z,2026-08-17T18:48:05Z,
142.44.225.131,ipv4,botnet,high,WHITE,blocklist.de/bots|blocklist.de/all|ziyadnz/hourly-ipv4,blocklist.de|bot|irc-bot|brute-force|ziyadnz|hourly,2026-08-17T18:48:05Z,2026-08-17T18:48:05Z,
142.44.225.133,ipv4,botnet,high,WHITE,blocklist.de/bots|blocklist.de/all|ziyadnz/hourly-ipv4,blocklist.de|bot|irc-bot|brute-force|ziyadnz|hourly,2026-08-17T18:48:05Z,2026-08-17T18:48:05Z,
142.44.225.137,ipv4,botnet,high,WHITE,blocklist.de/bots|blocklist.de/all|ziyadnz/hourly-ipv4,blocklist.de|bot|irc-bot|brute-force|ziyadnz|hourly,2026-08-17T18:48:05Z,2026-08-17T18:48:05Z,
142.44.225.139,ipv4,botnet,high,WHITE,blocklist.de/bots|blocklist.de/all|ziyadnz/hourly-ipv4,blocklist.de|bot|irc-bot|brute-force|ziyadnz|hourly,2026-08-17T18:48:05Z,2026-08-17T18:48:05Z,
142.44.225.144,ipv4,botnet,high,WHITE,blocklist.de/bots|blocklist.de/all|ziyadnz/hourly-ipv4,blocklist.de|bot|irc-bot|brute-force|ziyadnz|hourly,2026-08-17T18:48:05Z,2026-08-17T18:48:05Z,
142.44.225.145,ipv4,botnet,high,WHITE,blocklist.de/bots|blocklist.de/all|ziyadnz/hourly-ipv4,blocklist.de|bot|irc-bot|brute-force|ziyadnz|hourly,2026-08-17T18:48:05Z,2026-08-17T18:48:05Z,
142.44.225.146,ipv4,botnet,high,WHITE,blocklist.de/bots|blocklist.de/all|ziyadnz/hourly-ipv4,blocklist.de|bot|irc-bot|brute-force|ziyadnz|hourly,2026-08-17T18:48:05Z,2026-08-17T18:48:05Z,
142.44.225.147,ipv4,botnet,high,WHITE,blocklist.de/bots|blocklist.de/all|ziyadnz/hourly-ipv4,blocklist.de|bot|irc-bot|brute-force|ziyadnz|hourly,2026-08-17T18:48:05Z,2026-08-17T18:48:05Z,
142.44.225.148,ipv4,botnet,high,WHITE,blocklist.de/bots|blocklist.de/all|ziyadnz/hourly-ipv4,blocklist.de|bot|irc-bot|brute-force|ziyadnz|hourly,2026-08-17T18:48:05Z,2026-08-17T18:48:05Z,
142.44.225.149,ipv4,botnet,high,WHITE,blocklist.de/bots|blocklist.de/all|ziyadnz/hourly-ipv4,blocklist.de|bot|irc-bot|brute-force|ziyadnz|hourly,2026-08-17T18:48:05Z,2026-08-17T18:48:05Z,
142.44.225.15,ipv4,botnet,high,WHITE,blocklist.de/bots|blocklist.de/all|ziyadnz/hourly-ipv4,blocklist.de|bot|irc-bot|brute-force|ziyadnz|hourly,2026-08-17T18:48:05Z,2026-08-17T18:48:05Z,
142.44.225.152,ipv4,botnet,high,WHITE,blocklist.de/bots|blocklist.de/all|ziyadnz/hourly-ipv4,blocklist.de|bot|irc-bot|brute-force|ziyadnz|hourly,2026-08-17T18:48:05Z,2026-08-17T18:48:05Z,
142.44.225.156,ipv4,botnet,high,WHITE,blocklist.de/bots|blocklist.de/all|ziyadnz/hourly-ipv4,blocklist.de|bot|irc-bot|brute-force|ziyadnz|hourly,2026-08-17T18:48:05Z,2026-08-17T18:48:05Z,
142.44.225.157,ipv4,botnet,high,WHITE,blocklist.de/bots|blocklist.de/all|ziyadnz/hourly-ipv4,blocklist.de|bot|irc-bot|brute-force|ziyadnz|hourly,2026-08-17T18:48:05Z,2026-08-17T18:48:05Z,
142.44.225.158,ipv4,botnet,high,WHITE,blocklist.de/bots|blocklist.de/all|ziyadnz/hourly-ipv4,blocklist.de|bot|irc-bot|brute-force|ziyadnz|hourly,2026-08-17T18:48:05Z,2026-08-17T18:48:05Z,
142.44.225.159,ipv4,botnet,high,WHITE,blocklist.de/bots|blocklist.de/all|ziyadnz/hourly-ipv4,blocklist.de|bot|irc-bot|brute-force|ziyadnz|hourly,2026-08-17T18:48:05Z,2026-08-17T18:48:05Z,
142.44.225.16,ipv4,botnet,high,WHITE,blocklist.de/bots|blocklist.de/all|ziyadnz/hourly-ipv4,blocklist.de|bot|irc-bot|brute-force|ziyadnz|hourly,2026-08-17T18:48:05Z,2026-08-17T18:48:05Z,
142.44.225.161,ipv4,botnet,high,WHITE,blocklist.de/bots|blocklist.de/all|ziyadnz/hourly-ipv4,blocklist.de|bot|irc-bot|brute-force|ziyadnz|hourly,2026-08-17T18:48:05Z,2026-08-17T18:48:05Z,
142.44.225.166,ipv4,botnet,high,WHITE,blocklist.de/bots|blocklist.de/all|ziyadnz/hourly-ipv4,blocklist.de|bot|irc-bot|brute-force|ziyadnz|hourly,2026-08-17T18:48:05Z,2026-08-17T18:48:05Z,
142.44.225.169,ipv4,botnet,high,WHITE,blocklist.de/bots|blocklist.de/all|ziyadnz/hourly-ipv4,blocklist.de|bot|irc-bot|brute-force|ziyadnz|hourly,2026-08-17T18:48:05Z,2026-08-17T18:48:05Z,
142.44.225.17,ipv4,botnet,high,WHITE,blocklist.de/bots|blocklist.de/all|ziyadnz/hourly-ipv4,blocklist.de|bot|irc-bot|brute-force|ziyadnz|hourly,2026-08-17T18:48:05Z,2026-08-17T18:48:05Z,
142.44.225.170,ipv4,botnet,high,WHITE,blocklist.de/bots|blocklist.de/all|ziyadnz/hourly-ipv4,blocklist.de|bot|irc-bot|brute-force|ziyadnz|hourly,2026-08-17T18:48:05Z,2026-08-17T18:48:05Z,
142.44.225.173,ipv4,botnet,high,WHITE,blocklist.de/bots|blocklist.de/all|ziyadnz/hourly-ipv4,blocklist.de|bot|irc-bot|brute-force|ziyadnz|hourly,2026-08-17T18:48:05Z,2026-08-17T18:48:05Z,
142.44.225.175,ipv4,botnet,high,WHITE,blocklist.de/bots|blocklist.de/all|ziyadnz/hourly-ipv4,blocklist.de|bot|irc-bot|brute-force|ziyadnz|hourly,2026-08-17T18:48:05Z,2026-08-17T18:48:05Z,
142.44.225.176,ipv4,botnet,high,WHITE,blocklist.de/bots|blocklist.de/all|ziyadnz/hourly-ipv4,blocklist.de|bot|irc-bot|brute-force|ziyadnz|hourly,2026-08-17T18:48:05Z,2026-08-17T18:48:05Z,
142.44.225.178,ipv4,botnet,high,WHITE,blocklist.de/bots|blocklist.de/all|ziyadnz/hourly-ipv4,blocklist.de|bot|irc-bot|brute-force|ziyadnz|hourly,2026-08-17T18:48:05Z,2026-08-17T18:48:05Z,
142.44.225.179,ipv4,botnet,high,WHITE,blocklist.de/bots|blocklist.de/all|ziyadnz/hourly-ipv4,blocklist.de|bot|irc-bot|brute-force|ziyadnz|hourly,2026-08-17T18:48:05Z,2026-08-17T18:48:05Z,
142.44.225.18,ipv4,botnet,high,WHITE,blocklist.de/bots|blocklist.de/all|ziyadnz/hourly-ipv4,blocklist.de|bot|irc-bot|brute-force|ziyadnz|hourly,2026-08-17T18:48:05Z,2026-08-17T18:48:05Z,
142.44.225.181,ipv4,botnet,high,WHITE,blocklist.de/bots|blocklist.de/all|ziyadnz/hourly-ipv4,blocklist.de|bot|irc-bot|brute-force|ziyadnz|hourly,2026-08-17T18:48:05Z,2026-08-17T18:48:05Z,
142.44.225.182,ipv4,botnet,high,WHITE,blocklist.de/bots|blocklist.de/all|ziyadnz/hourly-ipv4,blocklist.de|bot|irc-bot|brute-force|ziyadnz|hourly,2026-08-17T18:48:05Z,2026-08-17T18:48:05Z,
142.44.225.183,ipv4,botnet,high,WHITE,blocklist.de/bots|blocklist.de/all|ziyadnz/hourly-ipv4,blocklist.de|bot|irc-bot|brute-force|ziyadnz|hourly,2026-08-17T18:48:05Z,2026-08-17T18:48:05Z,
142.44.225.185,ipv4,botnet,high,WHITE,blocklist.de/bots|blocklist.de/all|ziyadnz/hourly-ipv4,blocklist.de|bot|irc-bot|brute-force|ziyadnz|hourly,2026-08-17T18:48:05Z,2026-08-17T18:48:05Z,
142.44.225.186,ipv4,botnet,high,WHITE,blocklist.de/bots|blocklist.de/all|ziyadnz/hourly-ipv4,blocklist.de|bot|irc-bot|brute-force|ziyadnz|hourly,2026-08-17T18:48:05Z,2026-08-17T18:48:05Z,
142.44.225.187,ipv4,botnet,high,WHITE,blocklist.de/bots|blocklist.de/all|ziyadnz/hourly-ipv4,blocklist.de|bot|irc-bot|brute-force|ziyadnz|hourly,2026-08-17T18:48:05Z,2026-08-17T18:48:05Z,
142.44.225.189,ipv4,botnet,high,WHITE,blocklist.de/bots|blocklist.de/all|ziyadnz/hourly-ipv4,blocklist.de|bot|irc-bot|brute-force|ziyadnz|hourly,2026-08-17T18:48:05Z,2026-08-17T18:48:05Z,
142.44.225.19,ipv4,botnet,high,WHITE,blocklist.de/bots|blocklist.de/all|ziyadnz/hourly-ipv4,blocklist.de|bot|irc-bot|brute-force|ziyadnz|hourly,2026-08-17T18:48:05Z,2026-08-17T18:48:05Z,
142.44.225.193,ipv4,botnet,high,WHITE,blocklist.de/bots|blocklist.de/all|ziyadnz/hourly-ipv4,blocklist.de|bot|irc-bot|brute-force|ziyadnz|hourly,2026-08-17T18:48:05Z,2026-08-17T18:48:05Z,
142.44.225.197,ipv4,botnet,high,WHITE,blocklist.de/bots|blocklist.de/all|ziyadnz/hourly-ipv4,blocklist.de|bot|irc-bot|brute-force|ziyadnz|hourly,2026-08-17T18:48:05Z,2026-08-17T18:48:05Z,
142.44.225.199,ipv4,botnet,high,WHITE,blocklist.de/bots|blocklist.de/all|ziyadnz/hourly-ipv4,blocklist.de|bot|irc-bot|brute-force|ziyadnz|hourly,2026-08-17T18:48:05Z,2026-08-17T18:48:05Z,
142.44.225.200,ipv4,botnet,high,WHITE,blocklist.de/bots|blocklist.de/all|ziyadnz/hourly-ipv4,blocklist.de|bot|irc-bot|brute-force|ziyadnz|hourly,2026-08-17T18:48:05Z,2026-08-17T18:48:05Z,
142.44.225.201,ipv4,botnet,high,WHITE,blocklist.de/bots|blocklist.de/all|ziyadnz/hourly-ipv4,blocklist.de|bot|irc-bot|brute-force|ziyadnz|hourly,2026-08-17T18:48:05Z,2026-08-17T18:48:05Z,
142.44.225.204,ipv4,botnet,high,WHITE,blocklist.de/bots|blocklist.de/all|ziyadnz/hourly-ipv4,blocklist.de|bot|irc-bot|brute-force|ziyadnz|hourly,2026-08-17T18:48:05Z,2026-08-17T18:48:05Z,
142.44.225.207,ipv4,botnet,high,WHITE,blocklist.de/bots|blocklist.de/all|ziyadnz/hourly-ipv4,blocklist.de|bot|irc-bot|brute-force|ziyadnz|hourly,2026-08-17T18:48:05Z,2026-08-17T18:48:05Z,
142.44.225.208,ipv4,botnet,high,WHITE,blocklist.de/bots|blocklist.de/all|ziyadnz/hourly-ipv4,blocklist.de|bot|irc-bot|brute-force|ziyadnz|hourly,2026-08-17T18:48:05Z,2026-08-17T18:48:05Z,
142.44.225.209,ipv4,botnet,high,WHITE,blocklist.de/bots|blocklist.de/all|ziyadnz/hourly-ipv4,blocklist.de|bot|irc-bot|brute-force|ziyadnz|hourly,2026-08-17T18:48:05Z,2026-08-17T18:48:05Z,
142.44.225.213,ipv4,botnet,high,WHITE,blocklist.de/bots|blocklist.de/all|ziyadnz/hourly-ipv4,blocklist.de|bot|irc-bot|brute-force|ziyadnz|hourly,2026-08-17T18:48:05Z,2026-08-17T18:48:05Z,
142.44.225.215,ipv4,botnet,high,WHITE,blocklist.de/bots|blocklist.de/all|ziyadnz/hourly-ipv4,blocklist.de|bot|irc-bot|brute-force|ziyadnz|hourly,2026-08-17T18:48:05Z,2026-08-17T18:48:05Z,
142.44.225.22,ipv4,botnet,high,WHITE,blocklist.de/bots|blocklist.de/all|ziyadnz/hourly-ipv4,blocklist.de|bot|irc-bot|brute-force|ziyadnz|hourly,2026-08-17T18:48:05Z,2026-08-17T18:48:05Z,
142.44.225.220,ipv4,botnet,high,WHITE,blocklist.de/bots|blocklist.de/all|ziyadnz/hourly-ipv4,blocklist.de|bot|irc-bot|brute-force|ziyadnz|hourly,2026-08-17T18:48:05Z,2026-08-17T18:48:05Z,
142.44.225.223,ipv4,botnet,high,WHITE,blocklist.de/bots|blocklist.de/all|ziyadnz/hourly-ipv4,blocklist.de|bot|irc-bot|brute-force|ziyadnz|hourly,2026-08-17T18:48:05Z,2026-08-17T18:48:05Z,
142.44.225.224,ipv4,botnet,high,WHITE,blocklist.de/bots|blocklist.de/all|ziyadnz/hourly-ipv4,blocklist.de|bot|irc-bot|brute-force|ziyadnz|hourly,2026-08-17T18:48:05Z,2026-08-17T18:48:05Z,
142.44.225.226,ipv4,botnet,high,WHITE,blocklist.de/bots|blocklist.de/all|ziyadnz/hourly-ipv4,blocklist.de|bot|irc-bot|brute-force|ziyadnz|hourly,2026-08-17T18:48:05Z,2026-08-17T18:48:05Z,
142.44.225.227,ipv4,botnet,high,WHITE,blocklist.de/bots|blocklist.de/all|ziyadnz/hourly-ipv4,blocklist.de|bot|irc-bot|brute-force|ziyadnz|hourly,2026-08-17T18:48:05Z,2026-08-17T18:48:05Z,
142.44.225.23,ipv4,botnet,high,WHITE,blocklist.de/bots|blocklist.de/all|ziyadnz/hourly-ipv4,blocklist.de|bot|irc-bot|brute-force|ziyadnz|hourly,2026-08-17T18:48:05Z,2026-08-17T18:48:05Z,
142.44.225.233,ipv4,botnet,high,WHITE,blocklist.de/bots|blocklist.de/all|ziyadnz/hourly-ipv4,blocklist.de|bot|irc-bot|brute-force|ziyadnz|hourly,2026-08-17T18:48:05Z,2026-08-17T18:48:05Z,
142.44.225.234,ipv4,botnet,high,WHITE,blocklist.de/bots|blocklist.de/all|ziyadnz/hourly-ipv4,blocklist.de|bot|irc-bot|brute-force|ziyadnz|hourly,2026-08-17T18:48:05Z,2026-08-17T18:48:05Z,
142.44.225.235,ipv4,botnet,high,WHITE,blocklist.de/bots|blocklist.de/all|ziyadnz/hourly-ipv4,blocklist.de|bot|irc-bot|brute-force|ziyadnz|hourly,2026-08-17T18:48:05Z,2026-08-17T18:48:05Z,
142.44.225.236,ipv4,botnet,high,WHITE,blocklist.de/bots|blocklist.de/all|ziyadnz/hourly-ipv4,blocklist.de|bot|irc-bot|brute-force|ziyadnz|hourly,2026-08-17T18:48:05Z,2026-08-17T18:48:05Z,
142.44.225.238,ipv4,botnet,high,WHITE,blocklist.de/bots|blocklist.de/all|ziyadnz/hourly-ipv4,blocklist.de|bot|irc-bot|brute-force|ziyadnz|hourly,2026-08-17T18:48:05Z,2026-08-17T18:48:05Z,
142.44.225.24,ipv4,botnet,high,WHITE,blocklist.de/bots|blocklist.de/all|ziyadnz/hourly-ipv4,blocklist.de|bot|irc-bot|brute-force|ziyadnz|hourly,2026-08-17T18:48:05Z,2026-08-17T18:48:05Z,
142.44.225.241,ipv4,botnet,high,WHITE,blocklist.de/bots|blocklist.de/all|ziyadnz/hourly-ipv4,blocklist.de|bot|irc-bot|brute-force|ziyadnz|hourly,2026-08-17T18:48:05Z,2026-08-17T18:48:05Z,
142.44.225.242,ipv4,botnet,high,WHITE,blocklist.de/bots|blocklist.de/all|ziyadnz/hourly-ipv4,blocklist.de|bot|irc-bot|brute-force|ziyadnz|hourly,2026-08-17T18:48:05Z,2026-08-17T18:48:05Z,
142.44.225.245,ipv4,botnet,high,WHITE,blocklist.de/bots|blocklist.de/all|ziyadnz/hourly-ipv4,blocklist.de|bot|irc-bot|brute-force|ziyadnz|hourly,2026-08-17T18:48:05Z,2026-08-17T18:48:05Z,
142.44.225.246,ipv4,botnet,high,WHITE,blocklist.de/bots|blocklist.de/all|ziyadnz/hourly-ipv4,blocklist.de|bot|irc-bot|brute-force|ziyadnz|hourly,2026-08-17T18:48:05Z,2026-08-17T18:48:05Z,
142.44.225.247,ipv4,botnet,high,WHITE,blocklist.de/bots|blocklist.de/all|ziyadnz/hourly-ipv4,blocklist.de|bot|irc-bot|brute-force|ziyadnz|hourly,2026-08-17T18:48:05Z,2026-08-17T18:48:05Z,
142.44.225.25,ipv4,botnet,high,WHITE,blocklist.de/bots|blocklist.de/all|ziyadnz/hourly-ipv4,blocklist.de|bot|irc-bot|brute-force|ziyadnz|hourly,2026-08-17T18:48:05Z,2026-08-17T18:48:05Z,
142.44.225.250,ipv4,botnet,high,WHITE,blocklist.de/bots|blocklist.de/all|ziyadnz/hourly-ipv4,blocklist.de|bot|irc-bot|brute-force|ziyadnz|hourly,2026-08-17T18:48:05Z,2026-08-17T18:48:05Z,
142.44.225.252,ipv4,botnet,high,WHITE,blocklist.de/bots|blocklist.de/all|ziyadnz/hourly-ipv4,blocklist.de|bot|irc-bot|brute-force|ziyadnz|hourly,2026-08-17T18:48:05Z,2026-08-17T18:48:05Z,
142.44.225.253,ipv4,botnet,high,WHITE,blocklist.de/bots|blocklist.de/all|ziyadnz/hourly-ipv4,blocklist.de|bot|irc-bot|brute-force|ziyadnz|hourly,2026-08-17T18:48:05Z,2026-08-17T18:48:05Z,
142.44.225.27,ipv4,botnet,high,WHITE,blocklist.de/bots|blocklist.de/all|ziyadnz/hourly-ipv4,blocklist.de|bot|irc-bot|brute-force|ziyadnz|hourly,2026-08-17T18:48:05Z,2026-08-17T18:48:05Z,
142.44.225.28,ipv4,botnet,high,WHITE,blocklist.de/bots|blocklist.de/all|ziyadnz/hourly-ipv4,blocklist.de|bot|irc-bot|brute-force|ziyadnz|hourly,2026-08-17T18:48:05Z,2026-08-17T18:48:05Z,
142.44.225.30,ipv4,botnet,high,WHITE,blocklist.de/bots|blocklist.de/all|ziyadnz/hourly-ipv4,blocklist.de|bot|irc-bot|brute-force|ziyadnz|hourly,2026-08-17T18:48:05Z,2026-08-17T18:48:05Z,
142.44.225.34,ipv4,botnet,high,WHITE,blocklist.de/bots|blocklist.de/all|ziyadnz/hourly-ipv4,blocklist.de|bot|irc-bot|brute-force|ziyadnz|hourly,2026-08-17T18:48:05Z,2026-08-17T18:48:05Z,
142.44.225.36,ipv4,botnet,high,WHITE,blocklist.de/bots|blocklist.de/all|ziyadnz/hourly-ipv4,blocklist.de|bot|irc-bot|brute-force|ziyadnz|hourly,2026-08-17T18:48:05Z,2026-08-17T18:48:05Z,
142.44.225.38,ipv4,botnet,high,WHITE,blocklist.de/bots|blocklist.de/all|ziyadnz/hourly-ipv4,blocklist.de|bot|irc-bot|brute-force|ziyadnz|hourly,2026-08-17T18:48:05Z,2026-08-17T18:48:05Z,
142.44.225.39,ipv4,botnet,high,WHITE,blocklist.de/bots|blocklist.de/all|ziyadnz/hourly-ipv4,blocklist.de|bot|irc-bot|brute-force|ziyadnz|hourly,2026-08-17T18:48:05Z,2026-08-17T18:48:05Z,
142.44.225.40,ipv4,botnet,high,WHITE,blocklist.de/bots|blocklist.de/all|ziyadnz/hourly-ipv4,blocklist.de|bot|irc-bot|brute-force|ziyadnz|hourly,2026-08-17T18:48:05Z,2026-08-17T18:48:05Z,
142.44.225.42,ipv4,botnet,high,WHITE,blocklist.de/bots|blocklist.de/all|ziyadnz/hourly-ipv4,blocklist.de|bot|irc-bot|brute-force|ziyadnz|hourly,2026-08-17T18:48:05Z,2026-08-17T18:48:05Z,
142.44.225.46,ipv4,botnet,high,WHITE,blocklist.de/bots|blocklist.de/all|ziyadnz/hourly-ipv4,blocklist.de|bot|irc-bot|brute-force|ziyadnz|hourly,2026-08-17T18:48:05Z,2026-08-17T18:48:05Z,
142.44.225.48,ipv4,botnet,high,WHITE,blocklist.de/bots|blocklist.de/all|ziyadnz/hourly-ipv4,blocklist.de|bot|irc-bot|brute-force|ziyadnz|hourly,2026-08-17T18:48:05Z,2026-08-17T18:48:05Z,
142.44.225.49,ipv4,botnet,high,WHITE,blocklist.de/bots|blocklist.de/all|ziyadnz/hourly-ipv4,blocklist.de|bot|irc-bot|brute-force|ziyadnz|hourly,2026-08-17T18:48:05Z,2026-08-17T18:48:05Z,
142.44.225.50,ipv4,botnet,high,WHITE,blocklist.de/bots|blocklist.de/all|ziyadnz/hourly-ipv4,blocklist.de|bot|irc-bot|brute-force|ziyadnz|hourly,2026-08-17T18:48:05Z,2026-08-17T18:48:05Z,
142.44.225.51,ipv4,botnet,high,WHITE,blocklist.de/bots|blocklist.de/all|ziyadnz/hourly-ipv4,blocklist.de|bot|irc-bot|brute-force|ziyadnz|hourly,2026-08-17T18:48:05Z,2026-08-17T18:48:05Z,
142.44.225.54,ipv4,botnet,high,WHITE,blocklist.de/bots|blocklist.de/all|ziyadnz/hourly-ipv4,blocklist.de|bot|irc-bot|brute-force|ziyadnz|hourly,2026-08-17T18:48:05Z,2026-08-17T18:48:05Z,
142.44.225.58,ipv4,botnet,high,WHITE,blocklist.de/bots|blocklist.de/all|ziyadnz/hourly-ipv4,blocklist.de|bot|irc-bot|brute-force|ziyadnz|hourly,2026-08-17T18:48:05Z,2026-08-17T18:48:05Z,
142.44.225.59,ipv4,botnet,high,WHITE,blocklist.de/bots|blocklist.de/all|ziyadnz/hourly-ipv4,blocklist.de|bot|irc-bot|brute-force|ziyadnz|hourly,2026-08-17T18:48:05Z,2026-08-17T18:48:05Z,
142.44.225.6,ipv4,botnet,high,WHITE,blocklist.de/bots|blocklist.de/all|ziyadnz/hourly-ipv4,blocklist.de|bot|irc-bot|brute-force|ziyadnz|hourly,2026-08-17T18:48:05Z,2026-08-17T18:48:05Z,
142.44.225.61,ipv4,botnet,high,WHITE,blocklist.de/bots|blocklist.de/all|ziyadnz/hourly-ipv4,blocklist.de|bot|irc-bot|brute-force|ziyadnz|hourly,2026-08-17T18:48:05Z,2026-08-17T18:48:05Z,
142.44.225.63,ipv4,botnet,high,WHITE,blocklist.de/bots|blocklist.de/all|ziyadnz/hourly-ipv4,blocklist.de|bot|irc-bot|brute-force|ziyadnz|hourly,2026-08-17T18:48:05Z,2026-08-17T18:48:05Z,
142.44.225.65,ipv4,botnet,high,WHITE,blocklist.de/bots|blocklist.de/all|ziyadnz/hourly-ipv4,blocklist.de|bot|irc-bot|brute-force|ziyadnz|hourly,2026-08-17T18:48:05Z,2026-08-17T18:48:05Z,
142.44.225.70,ipv4,botnet,high,WHITE,blocklist.de/bots|blocklist.de/all|ziyadnz/hourly-ipv4,blocklist.de|bot|irc-bot|brute-force|ziyadnz|hourly,2026-08-17T18:48:05Z,2026-08-17T18:48:05Z,
142.44.225.71,ipv4,botnet,high,WHITE,blocklist.de/bots|blocklist.de/all|ziyadnz/hourly-ipv4,blocklist.de|bot|irc-bot|brute-force|ziyadnz|hourly,2026-08-17T18:48:05Z,2026-08-17T18:48:05Z,
142.44.225.72,ipv4,botnet,high,WHITE,blocklist.de/bots|blocklist.de/all|ziyadnz/hourly-ipv4,blocklist.de|bot|irc-bot|brute-force|ziyadnz|hourly,2026-08-17T18:48:05Z,2026-08-17T18:48:05Z,
142.44.225.73,ipv4,botnet,high,WHITE,blocklist.de/bots|blocklist.de/all|ziyadnz/hourly-ipv4,blocklist.de|bot|irc-bot|brute-force|ziyadnz|hourly,2026-08-17T18:48:05Z,2026-08-17T18:48:05Z,
142.44.225.75,ipv4,botnet,high,WHITE,blocklist.de/bots|blocklist.de/all|ziyadnz/hourly-ipv4,blocklist.de|bot|irc-bot|brute-force|ziyadnz|hourly,2026-08-17T18:48:05Z,2026-08-17T18:48:05Z,
142.44.225.79,ipv4,botnet,medium,WHITE,blocklist.de/bots|blocklist.de/all,blocklist.de|bot|irc-bot|brute-force|ziyadnz|hourly,2026-08-17T18:48:05Z,2026-08-17T18:48:05Z,
142.44.225.8,ipv4,botnet,high,WHITE,blocklist.de/bots|blocklist.de/all|ziyadnz/hourly-ipv4,blocklist.de|bot|irc-bot|brute-force|ziyadnz|hourly,2026-08-17T18:48:05Z,2026-08-17T18:48:05Z,
142.44.225.83,ipv4,botnet,high,WHITE,blocklist.de/bots|blocklist.de/all|ziyadnz/hourly-ipv4,blocklist.de|bot|irc-bot|brute-force|ziyadnz|hourly,2026-08-17T18:48:05Z,2026-08-17T18:48:05Z,
142.44.225.85,ipv4,botnet,high,WHITE,blocklist.de/bots|blocklist.de/all|ziyadnz/hourly-ipv4,blocklist.de|bot|irc-bot|brute-force|ziyadnz|hourly,2026-08-17T18:48:05Z,2026-08-17T18:48:05Z,
142.44.225.89,ipv4,botnet,high,WHITE,blocklist.de/bots|blocklist.de/all|ziyadnz/hourly-ipv4,blocklist.de|bot|irc-bot|brute-force|ziyadnz|hourly,2026-08-17T18:48:05Z,2026-08-17T18:48:05Z,
142.44.225.9,ipv4,botnet,high,WHITE,blocklist.de/bots|blocklist.de/all|ziyadnz/hourly-ipv4,blocklist.de|bot|irc-bot|brute-force|ziyadnz|hourly,2026-08-17T18:48:05Z,2026-08-17T18:48:05Z,
142.44.225.90,ipv4,botnet,high,WHITE,blocklist.de/bots|blocklist.de/all|ziyadnz/hourly-ipv4,blocklist.de|bot|irc-bot|brute-force|ziyadnz|hourly,2026-08-17T18:48:05Z,2026-08-17T18:48:05Z,
142.44.225.93,ipv4,botnet,high,WHITE,blocklist.de/bots|blocklist.de/all|ziyadnz/hourly-ipv4,blocklist.de|bot|irc-bot|brute-force|ziyadnz|hourly,2026-08-17T18:48:05Z,2026-08-17T18:48:05Z,
142.44.225.94,ipv4,botnet,high,WHITE,blocklist.de/bots|blocklist.de/all|ziyadnz/hourly-ipv4,blocklist.de|bot|irc-bot|brute-force|ziyadnz|hourly,2026-08-17T18:48:05Z,2026-08-17T18:48:05Z,
142.44.225.97,ipv4,botnet,high,WHITE,blocklist.de/bots|blocklist.de/all|ziyadnz/hourly-ipv4,blocklist.de|bot|irc-bot|brute-force|ziyadnz|hourly,2026-08-17T18:48:05Z,2026-08-17T18:48:05Z,
142.44.225.98,ipv4,botnet,high,WHITE,blocklist.de/bots|blocklist.de/all|ziyadnz/hourly-ipv4,blocklist.de|bot|irc-bot|brute-force|ziyadnz|hourly,2026-08-17T18:48:05Z,2026-08-17T18:48:05Z,
142.44.228.102,ipv4,botnet,high,WHITE,blocklist.de/bots|blocklist.de/all|ziyadnz/hourly-ipv4,blocklist.de|bot|irc-bot|brute-force|ziyadnz|hourly,2026-08-17T18:48:05Z,2026-08-17T18:48:05Z,
142.44.228.108,ipv4,botnet,high,WHITE,blocklist.de/bots|blocklist.de/all|ziyadnz/hourly-ipv4,blocklist.de|bot|irc-bot|brute-force|ziyadnz|hourly,2026-08-17T18:48:05Z,2026-08-17T18:48:05Z,
142.44.228.109,ipv4,botnet,high,WHITE,blocklist.de/bots|blocklist.de/all|ziyadnz/hourly-ipv4,blocklist.de|bot|irc-bot|brute-force|ziyadnz|hourly,2026-08-17T18:48:05Z,2026-08-17T18:48:05Z,
142.44.228.111,ipv4,botnet,high,WHITE,blocklist.de/bots|blocklist.de/all|ziyadnz/hourly-ipv4,blocklist.de|bot|irc-bot|brute-force|ziyadnz|hourly,2026-08-17T18:48:05Z,2026-08-17T18:48:05Z,
142.44.228.115,ipv4,botnet,high,WHITE,blocklist.de/bots|blocklist.de/all|ziyadnz/hourly-ipv4,blocklist.de|bot|irc-bot|brute-force|ziyadnz|hourly,2026-08-17T18:48:05Z,2026-08-17T18:48:05Z,
142.44.228.116,ipv4,botnet,high,WHITE,blocklist.de/bots|blocklist.de/all|ziyadnz/hourly-ipv4,blocklist.de|bot|irc-bot|brute-force|ziyadnz|hourly,2026-08-17T18:48:05Z,2026-08-17T18:48:05Z,
142.44.228.119,ipv4,botnet,high,WHITE,blocklist.de/bots|blocklist.de/all|ziyadnz/hourly-ipv4,blocklist.de|bot|irc-bot|brute-force|ziyadnz|hourly,2026-08-17T18:48:05Z,2026-08-17T18:48:05Z,
142.44.228.12,ipv4,botnet,high,WHITE,blocklist.de/bots|blocklist.de/all|ziyadnz/hourly-ipv4,blocklist.de|bot|irc-bot|brute-force|ziyadnz|hourly,2026-08-17T18:48:05Z,2026-08-17T18:48:05Z,
142.44.228.120,ipv4,botnet,high,WHITE,blocklist.de/bots|blocklist.de/all|ziyadnz/hourly-ipv4,blocklist.de|bot|irc-bot|brute-force|ziyadnz|hourly,2026-08-17T18:48:05Z,2026-08-17T18:48:05Z,
142.44.228.123,ipv4,botnet,high,WHITE,blocklist.de/bots|blocklist.de/all|ziyadnz/hourly-ipv4,blocklist.de|bot|irc-bot|brute-force|ziyadnz|hourly,2026-08-17T18:48:05Z,2026-08-17T18:48:05Z,
142.44.228.126,ipv4,botnet,high,WHITE,blocklist.de/bots|blocklist.de/all|ziyadnz/hourly-ipv4,blocklist.de|bot|irc-bot|brute-force|ziyadnz|hourly,2026-08-17T18:48:05Z,2026-08-17T18:48:05Z,
142.44.228.127,ipv4,botnet,high,WHITE,blocklist.de/bots|blocklist.de/all|ziyadnz/hourly-ipv4,blocklist.de|bot|irc-bot|brute-force|ziyadnz|hourly,2026-08-17T18:48:05Z,2026-08-17T18:48:05Z,
142.44.228.128,ipv4,botnet,high,WHITE,blocklist.de/bots|blocklist.de/all|ziyadnz/hourly-ipv4,blocklist.de|bot|irc-bot|brute-force|ziyadnz|hourly,2026-08-17T18:48:05Z,2026-08-17T18:48:05Z,
142.44.228.130,ipv4,botnet,high,WHITE,blocklist.de/bots|blocklist.de/all|ziyadnz/hourly-ipv4,blocklist.de|bot|irc-bot|brute-force|ziyadnz|hourly,2026-08-17T18:48:05Z,2026-08-17T18:48:05Z,
142.44.228.131,ipv4,botnet,high,WHITE,blocklist.de/bots|blocklist.de/all|ziyadnz/hourly-ipv4,blocklist.de|bot|irc-bot|brute-force|ziyadnz|hourly,2026-08-17T18:48:05Z,2026-08-17T18:48:05Z,
142.44.228.134,ipv4,botnet,high,WHITE,blocklist.de/bots|blocklist.de/all|ziyadnz/hourly-ipv4,blocklist.de|bot|irc-bot|brute-force|ziyadnz|hourly,2026-08-17T18:48:05Z,2026-08-17T18:48:05Z,
142.44.228.139,ipv4,botnet,high,WHITE,blocklist.de/bots|blocklist.de/all|ziyadnz/hourly-ipv4,blocklist.de|bot|irc-bot|brute-force|ziyadnz|hourly,2026-08-17T18:48:05Z,2026-08-17T18:48:05Z,
142.44.228.14,ipv4,botnet,high,WHITE,blocklist.de/bots|blocklist.de/all|ziyadnz/hourly-ipv4,blocklist.de|bot|irc-bot|brute-force|ziyadnz|hourly,2026-08-17T18:48:05Z,2026-08-17T18:48:05Z,
142.44.228.140,ipv4,botnet,high,WHITE,blocklist.de/bots|blocklist.de/all|ziyadnz/hourly-ipv4,blocklist.de|bot|irc-bot|brute-force|ziyadnz|hourly,2026-08-17T18:48:05Z,2026-08-17T18:48:05Z,
142.44.228.141,ipv4,botnet,high,WHITE,blocklist.de/bots|blocklist.de/all|ziyadnz/hourly-ipv4,blocklist.de|bot|irc-bot|brute-force|ziyadnz|hourly,2026-08-17T18:48:05Z,2026-08-17T18:48:05Z,
142.44.228.142,ipv4,botnet,high,WHITE,blocklist.de/bots|blocklist.de/all|ziyadnz/hourly-ipv4,blocklist.de|bot|irc-bot|brute-force|ziyadnz|hourly,2026-08-17T18:48:05Z,2026-08-17T18:48:05Z,
142.44.228.143,ipv4,botnet,high,WHITE,blocklist.de/bots|blocklist.de/all|ziyadnz/hourly-ipv4,blocklist.de|bot|irc-bot|brute-force|ziyadnz|hourly,2026-08-17T18:48:05Z,2026-08-17T18:48:05Z,
142.44.228.147,ipv4,botnet,high,WHITE,blocklist.de/bots|blocklist.de/all|ziyadnz/hourly-ipv4,blocklist.de|bot|irc-bot|brute-force|ziyadnz|hourly,2026-08-17T18:48:05Z,2026-08-17T18:48:05Z,
142.44.228.149,ipv4,botnet,high,WHITE,blocklist.de/bots|blocklist.de/all|ziyadnz/hourly-ipv4,blocklist.de|bot|irc-bot|brute-force|ziyadnz|hourly,2026-08-17T18:48:05Z,2026-08-17T18:48:05Z,
142.44.228.152,ipv4,botnet,high,WHITE,blocklist.de/bots|blocklist.de/all|ziyadnz/hourly-ipv4,blocklist.de|bot|irc-bot|brute-force|ziyadnz|hourly,2026-08-17T18:48:05Z,2026-08-17T18:48:05Z,
142.44.228.154,ipv4,botnet,high,WHITE,blocklist.de/bots|blocklist.de/all|ziyadnz/hourly-ipv4,blocklist.de|bot|irc-bot|brute-force|ziyadnz|hourly,2026-08-17T18:48:05Z,2026-08-17T18:48:05Z,
142.44.228.155,ipv4,botnet,high,WHITE,blocklist.de/bots|blocklist.de/all|ziyadnz/hourly-ipv4,blocklist.de|bot|irc-bot|brute-force|ziyadnz|hourly,2026-08-17T18:48:05Z,2026-08-17T18:48:05Z,
142.44.228.157,ipv4,botnet,high,WHITE,blocklist.de/bots|blocklist.de/all|ziyadnz/hourly-ipv4,blocklist.de|bot|irc-bot|brute-force|ziyadnz|hourly,2026-08-17T18:48:05Z,2026-08-17T18:48:05Z,
142.44.228.158,ipv4,botnet,high,WHITE,blocklist.de/bots|blocklist.de/all|ziyadnz/hourly-ipv4,blocklist.de|bot|irc-bot|brute-force|ziyadnz|hourly,2026-08-17T18:48:05Z,2026-08-17T18:48:05Z,
142.44.228.159,ipv4,botnet,high,WHITE,blocklist.de/bots|blocklist.de/all|ziyadnz/hourly-ipv4,blocklist.de|bot|irc-bot|brute-force|ziyadnz|hourly,2026-08-17T18:48:05Z,2026-08-17T18:48:05Z,
142.44.228.161,ipv4,botnet,high,WHITE,blocklist.de/bots|blocklist.de/all|ziyadnz/hourly-ipv4,blocklist.de|bot|irc-bot|brute-force|ziyadnz|hourly,2026-08-17T18:48:05Z,2026-08-17T18:48:05Z,
142.44.228.162,ipv4,botnet,high,WHITE,blocklist.de/bots|blocklist.de/all|ziyadnz/hourly-ipv4,blocklist.de|bot|irc-bot|brute-force|ziyadnz|hourly,2026-08-17T18:48:05Z,2026-08-17T18:48:05Z,
142.44.228.163,ipv4,botnet,high,WHITE,blocklist.de/bots|blocklist.de/all|ziyadnz/hourly-ipv4,blocklist.de|bot|irc-bot|brute-force|ziyadnz|hourly,2026-08-17T18:48:05Z,2026-08-17T18:48:05Z,
142.44.228.164,ipv4,botnet,high,WHITE,blocklist.de/bots|blocklist.de/all|ziyadnz/hourly-ipv4,blocklist.de|bot|irc-bot|brute-force|ziyadnz|hourly,2026-08-17T18:48:05Z,2026-08-17T18:48:05Z,
142.44.228.165,ipv4,botnet,high,WHITE,blocklist.de/bots|blocklist.de/all|ziyadnz/hourly-ipv4,blocklist.de|bot|irc-bot|brute-force|ziyadnz|hourly,2026-08-17T18:48:05Z,2026-08-17T18:48:05Z,
142.44.228.167,ipv4,botnet,high,WHITE,blocklist.de/bots|blocklist.de/all|ziyadnz/hourly-ipv4,blocklist.de|bot|irc-bot|brute-force|ziyadnz|hourly,2026-08-17T18:48:05Z,2026-08-17T18:48:05Z,
142.44.228.169,ipv4,botnet,high,WHITE,blocklist.de/bots|blocklist.de/all|ziyadnz/hourly-ipv4,blocklist.de|bot|irc-bot|brute-force|ziyadnz|hourly,2026-08-17T18:48:05Z,2026-08-17T18:48:05Z,
142.44.228.171,ipv4,botnet,high,WHITE,blocklist.de/bots|blocklist.de/all|ziyadnz/hourly-ipv4,blocklist.de|bot|irc-bot|brute-force|ziyadnz|hourly,2026-08-17T18:48:05Z,2026-08-17T18:48:05Z,
142.44.228.172,ipv4,botnet,high,WHITE,blocklist.de/bots|blocklist.de/all|ziyadnz/hourly-ipv4,blocklist.de|bot|irc-bot|brute-force|ziyadnz|hourly,2026-08-17T18:48:05Z,2026-08-17T18:48:05Z,
142.44.228.175,ipv4,botnet,high,WHITE,blocklist.de/bots|blocklist.de/all|ziyadnz/hourly-ipv4,blocklist.de|bot|irc-bot|brute-force|ziyadnz|hourly,2026-08-17T18:48:05Z,2026-08-17T18:48:05Z,
142.44.228.177,ipv4,botnet,high,WHITE,blocklist.de/bots|blocklist.de/all|ziyadnz/hourly-ipv4,blocklist.de|bot|irc-bot|brute-force|ziyadnz|hourly,2026-08-17T18:48:05Z,2026-08-17T18:48:05Z,
142.44.228.181,ipv4,botnet,high,WHITE,blocklist.de/bots|blocklist.de/all|ziyadnz/hourly-ipv4,blocklist.de|bot|irc-bot|brute-force|ziyadnz|hourly,2026-08-17T18:48:05Z,2026-08-17T18:48:05Z,
142.44.228.186,ipv4,botnet,high,WHITE,blocklist.de/bots|blocklist.de/all|ziyadnz/hourly-ipv4,blocklist.de|bot|irc-bot|brute-force|ziyadnz|hourly,2026-08-17T18:48:05Z,2026-08-17T18:48:05Z,
142.44.228.188,ipv4,botnet,high,WHITE,blocklist.de/bots|blocklist.de/all|ziyadnz/hourly-ipv4,blocklist.de|bot|irc-bot|brute-force|ziyadnz|hourly,2026-08-17T18:48:05Z,2026-08-17T18:48:05Z,
142.44.228.189,ipv4,botnet,high,WHITE,blocklist.de/bots|blocklist.de/all|ziyadnz/hourly-ipv4,blocklist.de|bot|irc-bot|brute-force|ziyadnz|hourly,2026-08-17T18:48:05Z,2026-08-17T18:48:05Z,
142.44.228.192,ipv4,botnet,high,WHITE,blocklist.de/bots|blocklist.de/all|ziyadnz/hourly-ipv4,blocklist.de|bot|irc-bot|brute-force|ziyadnz|hourly,2026-08-17T18:48:05Z,2026-08-17T18:48:05Z,
142.44.228.193,ipv4,botnet,high,WHITE,blocklist.de/bots|blocklist.de/all|ziyadnz/hourly-ipv4,blocklist.de|bot|irc-bot|brute-force|ziyadnz|hourly,2026-08-17T18:48:05Z,2026-08-17T18:48:05Z,
142.44.228.195,ipv4,botnet,high,WHITE,blocklist.de/bots|blocklist.de/all|ziyadnz/hourly-ipv4,blocklist.de|bot|irc-bot|brute-force|ziyadnz|hourly,2026-08-17T18:48:05Z,2026-08-17T18:48:05Z,
142.44.228.196,ipv4,botnet,high,WHITE,blocklist.de/bots|blocklist.de/all|ziyadnz/hourly-ipv4,blocklist.de|bot|irc-bot|brute-force|ziyadnz|hourly,2026-08-17T18:48:05Z,2026-08-17T18:48:05Z,
142.44.228.199,ipv4,botnet,high,WHITE,blocklist.de/bots|blocklist.de/all|ziyadnz/hourly-ipv4,blocklist.de|bot|irc-bot|brute-force|ziyadnz|hourly,2026-08-17T18:48:05Z,2026-08-17T18:48:05Z,
142.44.228.2,ipv4,botnet,high,WHITE,blocklist.de/bots|blocklist.de/all|ziyadnz/hourly-ipv4,blocklist.de|bot|irc-bot|brute-force|ziyadnz|hourly,2026-08-17T18:48:05Z,2026-08-17T18:48:05Z,
142.44.228.20,ipv4,botnet,high,WHITE,blocklist.de/bots|blocklist.de/all|ziyadnz/hourly-ipv4,blocklist.de|bot|irc-bot|brute-force|ziyadnz|hourly,2026-08-17T18:48:05Z,2026-08-17T18:48:05Z,
142.44.228.200,ipv4,botnet,high,WHITE,blocklist.de/bots|blocklist.de/all|ziyadnz/hourly-ipv4,blocklist.de|bot|irc-bot|brute-force|ziyadnz|hourly,2026-08-17T18:48:05Z,2026-08-17T18:48:05Z,
142.44.228.201,ipv4,botnet,high,WHITE,blocklist.de/bots|blocklist.de/all|ziyadnz/hourly-ipv4,blocklist.de|bot|irc-bot|brute-force|ziyadnz|hourly,2026-08-17T18:48:05Z,2026-08-17T18:48:05Z,
142.44.228.203,ipv4,botnet,high,WHITE,blocklist.de/bots|blocklist.de/all|ziyadnz/hourly-ipv4,blocklist.de|bot|irc-bot|brute-force|ziyadnz|hourly,2026-08-17T18:48:05Z,2026-08-17T18:48:05Z,
142.44.228.205,ipv4,botnet,high,WHITE,blocklist.de/bots|blocklist.de/all|ziyadnz/hourly-ipv4,blocklist.de|bot|irc-bot|brute-force|ziyadnz|hourly,2026-08-17T18:48:05Z,2026-08-17T18:48:05Z,
142.44.228.21,ipv4,botnet,high,WHITE,blocklist.de/bots|blocklist.de/all|ziyadnz/hourly-ipv4,blocklist.de|bot|irc-bot|brute-force|ziyadnz|hourly,2026-08-17T18:48:05Z,2026-08-17T18:48:05Z,
142.44.228.210,ipv4,botnet,high,WHITE,blocklist.de/bots|blocklist.de/all|ziyadnz/hourly-ipv4,blocklist.de|bot|irc-bot|brute-force|ziyadnz|hourly,2026-08-17T18:48:05Z,2026-08-17T18:48:05Z,
142.44.228.213,ipv4,botnet,high,WHITE,blocklist.de/bots|blocklist.de/all|ziyadnz/hourly-ipv4,blocklist.de|bot|irc-bot|brute-force|ziyadnz|hourly,2026-08-17T18:48:05Z,2026-08-17T18:48:05Z,
142.44.228.218,ipv4,botnet,high,WHITE,blocklist.de/bots|blocklist.de/all|ziyadnz/hourly-ipv4,blocklist.de|bot|irc-bot|brute-force|ziyadnz|hourly,2026-08-17T18:48:05Z,2026-08-17T18:48:05Z,
142.44.228.219,ipv4,botnet,high,WHITE,blocklist.de/bots|blocklist.de/all|ziyadnz/hourly-ipv4,blocklist.de|bot|irc-bot|brute-force|ziyadnz|hourly,2026-08-17T18:48:05Z,2026-08-17T18:48:05Z,
142.44.228.220,ipv4,botnet,high,WHITE,blocklist.de/bots|blocklist.de/all|ziyadnz/hourly-ipv4,blocklist.de|bot|irc-bot|brute-force|ziyadnz|hourly,2026-08-17T18:48:05Z,2026-08-17T18:48:05Z,
142.44.228.221,ipv4,botnet,high,WHITE,blocklist.de/bots|blocklist.de/all|ziyadnz/hourly-ipv4,blocklist.de|bot|irc-bot|brute-force|ziyadnz|hourly,2026-08-17T18:48:05Z,2026-08-17T18:48:05Z,
142.44.228.224,ipv4,botnet,high,WHITE,blocklist.de/bots|blocklist.de/all|ziyadnz/hourly-ipv4,blocklist.de|bot|irc-bot|brute-force|ziyadnz|hourly,2026-08-17T18:48:05Z,2026-08-17T18:48:05Z,
142.44.228.225,ipv4,botnet,high,WHITE,blocklist.de/bots|blocklist.de/all|ziyadnz/hourly-ipv4,blocklist.de|bot|irc-bot|brute-force|ziyadnz|hourly,2026-08-17T18:48:05Z,2026-08-17T18:48:05Z,
142.44.228.227,ipv4,botnet,high,WHITE,blocklist.de/bots|blocklist.de/all|ziyadnz/hourly-ipv4,blocklist.de|bot|irc-bot|brute-force|ziyadnz|hourly,2026-08-17T18:48:05Z,2026-08-17T18:48:05Z,
142.44.228.228,ipv4,botnet,high,WHITE,blocklist.de/bots|blocklist.de/all|ziyadnz/hourly-ipv4,blocklist.de|bot|irc-bot|brute-force|ziyadnz|hourly,2026-08-17T18:48:05Z,2026-08-17T18:48:05Z,
142.44.228.230,ipv4,botnet,high,WHITE,blocklist.de/bots|blocklist.de/all|ziyadnz/hourly-ipv4,blocklist.de|bot|irc-bot|brute-force|ziyadnz|hourly,2026-08-17T18:48:05Z,2026-08-17T18:48:05Z,
142.44.228.231,ipv4,botnet,high,WHITE,blocklist.de/bots|blocklist.de/all|ziyadnz/hourly-ipv4,blocklist.de|bot|irc-bot|brute-force|ziyadnz|hourly,2026-08-17T18:48:05Z,2026-08-17T18:48:05Z,
142.44.228.232,ipv4,botnet,high,WHITE,blocklist.de/bots|blocklist.de/all|ziyadnz/hourly-ipv4,blocklist.de|bot|irc-bot|brute-force|ziyadnz|hourly,2026-08-17T18:48:05Z,2026-08-17T18:48:05Z,
142.44.228.233,ipv4,botnet,high,WHITE,blocklist.de/bots|blocklist.de/all|ziyadnz/hourly-ipv4,blocklist.de|bot|irc-bot|brute-force|ziyadnz|hourly,2026-08-17T18:48:05Z,2026-08-17T18:48:05Z,
142.44.228.235,ipv4,botnet,high,WHITE,blocklist.de/bots|blocklist.de/all|ziyadnz/hourly-ipv4,blocklist.de|bot|irc-bot|brute-force|ziyadnz|hourly,2026-08-17T18:48:05Z,2026-08-17T18:48:05Z,
142.44.228.238,ipv4,botnet,high,WHITE,blocklist.de/bots|blocklist.de/all|ziyadnz/hourly-ipv4,blocklist.de|bot|irc-bot|brute-force|ziyadnz|hourly,2026-08-17T18:48:05Z,2026-08-17T18:48:05Z,
142.44.228.239,ipv4,botnet,high,WHITE,blocklist.de/bots|blocklist.de/all|ziyadnz/hourly-ipv4,blocklist.de|bot|irc-bot|brute-force|ziyadnz|hourly,2026-08-17T18:48:05Z,2026-08-17T18:48:05Z,
142.44.228.241,ipv4,botnet,high,WHITE,blocklist.de/bots|blocklist.de/all|ziyadnz/hourly-ipv4,blocklist.de|bot|irc-bot|brute-force|ziyadnz|hourly,2026-08-17T18:48:05Z,2026-08-17T18:48:05Z,
142.44.228.246,ipv4,botnet,high,WHITE,blocklist.de/bots|blocklist.de/all|ziyadnz/hourly-ipv4,blocklist.de|bot|irc-bot|brute-force|ziyadnz|hourly,2026-08-17T18:48:05Z,2026-08-17T18:48:05Z,
142.44.228.251,ipv4,botnet,high,WHITE,blocklist.de/bots|blocklist.de/all|ziyadnz/hourly-ipv4,blocklist.de|bot|irc-bot|brute-force|ziyadnz|hourly,2026-08-17T18:48:05Z,2026-08-17T18:48:05Z,
142.44.228.252,ipv4,botnet,high,WHITE,blocklist.de/bots|blocklist.de/all|ziyadnz/hourly-ipv4,blocklist.de|bot|irc-bot|brute-force|ziyadnz|hourly,2026-08-17T18:48:05Z,2026-08-17T18:48:05Z,
142.44.228.254,ipv4,botnet,high,WHITE,blocklist.de/bots|blocklist.de/all|ziyadnz/hourly-ipv4,blocklist.de|bot|irc-bot|brute-force|ziyadnz|hourly,2026-08-17T18:48:05Z,2026-08-17T18:48:05Z,
142.44.228.255,ipv4,botnet,high,WHITE,blocklist.de/bots|blocklist.de/all|ziyadnz/hourly-ipv4,blocklist.de|bot|irc-bot|brute-force|ziyadnz|hourly,2026-08-17T18:48:05Z,2026-08-17T18:48:05Z,
142.44.228.26,ipv4,botnet,high,WHITE,blocklist.de/bots|blocklist.de/all|ziyadnz/hourly-ipv4,blocklist.de|bot|irc-bot|brute-force|ziyadnz|hourly,2026-08-17T18:48:05Z,2026-08-17T18:48:05Z,
142.44.228.3,ipv4,botnet,high,WHITE,blocklist.de/bots|blocklist.de/all|ziyadnz/hourly-ipv4,blocklist.de|bot|irc-bot|brute-force|ziyadnz|hourly,2026-08-17T18:48:05Z,2026-08-17T18:48:05Z,
142.44.228.30,ipv4,botnet,high,WHITE,blocklist.de/bots|blocklist.de/all|ziyadnz/hourly-ipv4,blocklist.de|bot|irc-bot|brute-force|ziyadnz|hourly,2026-08-17T18:48:05Z,2026-08-17T18:48:05Z,
142.44.228.31,ipv4,botnet,high,WHITE,blocklist.de/bots|blocklist.de/all|ziyadnz/hourly-ipv4,blocklist.de|bot|irc-bot|brute-force|ziyadnz|hourly,2026-08-17T18:48:05Z,2026-08-17T18:48:05Z,
142.44.228.32,ipv4,botnet,high,WHITE,blocklist.de/bots|blocklist.de/all|ziyadnz/hourly-ipv4,blocklist.de|bot|irc-bot|brute-force|ziyadnz|hourly,2026-08-17T18:48:05Z,2026-08-17T18:48:05Z,
142.44.228.33,ipv4,botnet,high,WHITE,blocklist.de/bots|blocklist.de/all|ziyadnz/hourly-ipv4,blocklist.de|bot|irc-bot|brute-force|ziyadnz|hourly,2026-08-17T18:48:05Z,2026-08-17T18:48:05Z,
142.44.228.34,ipv4,botnet,high,WHITE,blocklist.de/bots|blocklist.de/all|ziyadnz/hourly-ipv4,blocklist.de|bot|irc-bot|brute-force|ziyadnz|hourly,2026-08-17T18:48:05Z,2026-08-17T18:48:05Z,
142.44.228.36,ipv4,botnet,high,WHITE,blocklist.de/bots|blocklist.de/all|ziyadnz/hourly-ipv4,blocklist.de|bot|irc-bot|brute-force|ziyadnz|hourly,2026-08-17T18:48:05Z,2026-08-17T18:48:05Z,
142.44.228.37,ipv4,botnet,high,WHITE,blocklist.de/bots|blocklist.de/all|ziyadnz/hourly-ipv4,blocklist.de|bot|irc-bot|brute-force|ziyadnz|hourly,2026-08-17T18:48:05Z,2026-08-17T18:48:05Z,
142.44.228.38,ipv4,botnet,high,WHITE,blocklist.de/bots|blocklist.de/all|ziyadnz/hourly-ipv4,blocklist.de|bot|irc-bot|brute-force|ziyadnz|hourly,2026-08-17T18:48:05Z,2026-08-17T18:48:05Z,
142.44.228.39,ipv4,botnet,high,WHITE,blocklist.de/bots|blocklist.de/all|ziyadnz/hourly-ipv4,blocklist.de|bot|irc-bot|brute-force|ziyadnz|hourly,2026-08-17T18:48:05Z,2026-08-17T18:48:05Z,
142.44.228.41,ipv4,botnet,high,WHITE,blocklist.de/bots|blocklist.de/all|ziyadnz/hourly-ipv4,blocklist.de|bot|irc-bot|brute-force|ziyadnz|hourly,2026-08-17T18:48:05Z,2026-08-17T18:48:05Z,
142.44.228.43,ipv4,botnet,high,WHITE,blocklist.de/bots|blocklist.de/all|ziyadnz/hourly-ipv4,blocklist.de|bot|irc-bot|brute-force|ziyadnz|hourly,2026-08-17T18:48:05Z,2026-08-17T18:48:05Z,
142.44.228.44,ipv4,botnet,high,WHITE,blocklist.de/bots|blocklist.de/all|ziyadnz/hourly-ipv4,blocklist.de|bot|irc-bot|brute-force|ziyadnz|hourly,2026-08-17T18:48:05Z,2026-08-17T18:48:05Z,
142.44.228.45,ipv4,botnet,high,WHITE,blocklist.de/bots|blocklist.de/all|ziyadnz/hourly-ipv4,blocklist.de|bot|irc-bot|brute-force|ziyadnz|hourly,2026-08-17T18:48:05Z,2026-08-17T18:48:05Z,
142.44.228.47,ipv4,botnet,high,WHITE,blocklist.de/bots|blocklist.de/all|ziyadnz/hourly-ipv4,blocklist.de|bot|irc-bot|brute-force|ziyadnz|hourly,2026-08-17T18:48:05Z,2026-08-17T18:48:05Z,
142.44.228.49,ipv4,botnet,high,WHITE,blocklist.de/bots|blocklist.de/all|ziyadnz/hourly-ipv4,blocklist.de|bot|irc-bot|brute-force|ziyadnz|hourly,2026-08-17T18:48:05Z,2026-08-17T18:48:05Z,
142.44.228.50,ipv4,botnet,high,WHITE,blocklist.de/bots|blocklist.de/all|ziyadnz/hourly-ipv4,blocklist.de|bot|irc-bot|brute-force|ziyadnz|hourly,2026-08-17T18:48:05Z,2026-08-17T18:48:05Z,
142.44.228.54,ipv4,botnet,high,WHITE,blocklist.de/bots|blocklist.de/all|ziyadnz/hourly-ipv4,blocklist.de|bot|irc-bot|brute-force|ziyadnz|hourly,2026-08-17T18:48:05Z,2026-08-17T18:48:05Z,
142.44.228.55,ipv4,botnet,high,WHITE,blocklist.de/bots|blocklist.de/all|ziyadnz/hourly-ipv4,blocklist.de|bot|irc-bot|brute-force|ziyadnz|hourly,2026-08-17T18:48:05Z,2026-08-17T18:48:05Z,
142.44.228.56,ipv4,botnet,high,WHITE,blocklist.de/bots|blocklist.de/all|ziyadnz/hourly-ipv4,blocklist.de|bot|irc-bot|brute-force|ziyadnz|hourly,2026-08-17T18:48:05Z,2026-08-17T18:48:05Z,
142.44.228.58,ipv4,botnet,high,WHITE,blocklist.de/bots|blocklist.de/all|ziyadnz/hourly-ipv4,blocklist.de|bot|irc-bot|brute-force|ziyadnz|hourly,2026-08-17T18:48:05Z,2026-08-17T18:48:05Z,
142.44.228.60,ipv4,botnet,high,WHITE,blocklist.de/bots|blocklist.de/all|ziyadnz/hourly-ipv4,blocklist.de|bot|irc-bot|brute-force|ziyadnz|hourly,2026-08-17T18:48:05Z,2026-08-17T18:48:05Z,
142.44.228.61,ipv4,botnet,high,WHITE,blocklist.de/bots|blocklist.de/all|ziyadnz/hourly-ipv4,blocklist.de|bot|irc-bot|brute-force|ziyadnz|hourly,2026-08-17T18:48:05Z,2026-08-17T18:48:05Z,
142.44.228.63,ipv4,botnet,high,WHITE,blocklist.de/bots|blocklist.de/all|ziyadnz/hourly-ipv4,blocklist.de|bot|irc-bot|brute-force|ziyadnz|hourly,2026-08-17T18:48:05Z,2026-08-17T18:48:05Z,
142.44.228.66,ipv4,botnet,high,WHITE,blocklist.de/bots|blocklist.de/all|ziyadnz/hourly-ipv4,blocklist.de|bot|irc-bot|brute-force|ziyadnz|hourly,2026-08-17T18:48:05Z,2026-08-17T18:48:05Z,
142.44.228.67,ipv4,botnet,high,WHITE,blocklist.de/bots|blocklist.de/all|ziyadnz/hourly-ipv4,blocklist.de|bot|irc-bot|brute-force|ziyadnz|hourly,2026-08-17T18:48:05Z,2026-08-17T18:48:05Z,
142.44.228.68,ipv4,botnet,high,WHITE,blocklist.de/bots|blocklist.de/all|ziyadnz/hourly-ipv4,blocklist.de|bot|irc-bot|brute-force|ziyadnz|hourly,2026-08-17T18:48:05Z,2026-08-17T18:48:05Z,
142.44.228.70,ipv4,botnet,high,WHITE,blocklist.de/bots|blocklist.de/all|ziyadnz/hourly-ipv4,blocklist.de|bot|irc-bot|brute-force|ziyadnz|hourly,2026-08-17T18:48:05Z,2026-08-17T18:48:05Z,
142.44.228.74,ipv4,botnet,high,WHITE,blocklist.de/bots|blocklist.de/all|ziyadnz/hourly-ipv4,blocklist.de|bot|irc-bot|brute-force|ziyadnz|hourly,2026-08-17T18:48:05Z,2026-08-17T18:48:05Z,
142.44.228.75,ipv4,botnet,high,WHITE,blocklist.de/bots|blocklist.de/all|ziyadnz/hourly-ipv4,blocklist.de|bot|irc-bot|brute-force|ziyadnz|hourly,2026-08-17T18:48:05Z,2026-08-17T18:48:05Z,
142.44.228.76,ipv4,botnet,high,WHITE,blocklist.de/bots|blocklist.de/all|ziyadnz/hourly-ipv4,blocklist.de|bot|irc-bot|brute-force|ziyadnz|hourly,2026-08-17T18:48:05Z,2026-08-17T18:48:05Z,
142.44.228.78,ipv4,botnet,high,WHITE,blocklist.de/bots|blocklist.de/all|ziyadnz/hourly-ipv4,blocklist.de|bot|irc-bot|brute-force|ziyadnz|hourly,2026-08-17T18:48:05Z,2026-08-17T18:48:05Z,
142.44.228.8,ipv4,botnet,high,WHITE,blocklist.de/bots|blocklist.de/all|ziyadnz/hourly-ipv4,blocklist.de|bot|irc-bot|brute-force|ziyadnz|hourly,2026-08-17T18:48:05Z,2026-08-17T18:48:05Z,
142.44.228.81,ipv4,botnet,high,WHITE,blocklist.de/bots|blocklist.de/all|ziyadnz/hourly-ipv4,blocklist.de|bot|irc-bot|brute-force|ziyadnz|hourly,2026-08-17T18:48:05Z,2026-08-17T18:48:05Z,
142.44.228.82,ipv4,botnet,high,WHITE,blocklist.de/bots|blocklist.de/all|ziyadnz/hourly-ipv4,blocklist.de|bot|irc-bot|brute-force|ziyadnz|hourly,2026-08-17T18:48:05Z,2026-08-17T18:48:05Z,
142.44.228.83,ipv4,botnet,high,WHITE,blocklist.de/bots|blocklist.de/all|ziyadnz/hourly-ipv4,blocklist.de|bot|irc-bot|brute-force|ziyadnz|hourly,2026-08-17T18:48:05Z,2026-08-17T18:48:05Z,
142.44.228.84,ipv4,botnet,high,WHITE,blocklist.de/bots|blocklist.de/all|ziyadnz/hourly-ipv4,blocklist.de|bot|irc-bot|brute-force|ziyadnz|hourly,2026-08-17T18:48:05Z,2026-08-17T18:48:05Z,
142.44.228.89,ipv4,botnet,high,WHITE,blocklist.de/bots|blocklist.de/all|ziyadnz/hourly-ipv4,blocklist.de|bot|irc-bot|brute-force|ziyadnz|hourly,2026-08-17T18:48:05Z,2026-08-17T18:48:05Z,
142.44.228.9,ipv4,botnet,high,WHITE,blocklist.de/bots|blocklist.de/all|ziyadnz/hourly-ipv4,blocklist.de|bot|irc-bot|brute-force|ziyadnz|hourly,2026-08-17T18:48:05Z,2026-08-17T18:48:05Z,
142.44.228.90,ipv4,botnet,high,WHITE,blocklist.de/bots|blocklist.de/all|ziyadnz/hourly-ipv4,blocklist.de|bot|irc-bot|brute-force|ziyadnz|hourly,2026-08-17T18:48:05Z,2026-08-17T18:48:05Z,
142.44.228.91,ipv4,botnet,high,WHITE,blocklist.de/bots|blocklist.de/all|ziyadnz/hourly-ipv4,blocklist.de|bot|irc-bot|brute-force|ziyadnz|hourly,2026-08-17T18:48:05Z,2026-08-17T18:48:05Z,
142.44.228.94,ipv4,botnet,high,WHITE,blocklist.de/bots|blocklist.de/all|ziyadnz/hourly-ipv4,blocklist.de|bot|irc-bot|brute-force|ziyadnz|hourly,2026-08-17T18:48:05Z,2026-08-17T18:48:05Z,
142.44.228.96,ipv4,botnet,high,WHITE,blocklist.de/bots|blocklist.de/all|ziyadnz/hourly-ipv4,blocklist.de|bot|irc-bot|brute-force|ziyadnz|hourly,2026-08-17T18:48:05Z,2026-08-17T18:48:05Z,
142.44.228.97,ipv4,botnet,high,WHITE,blocklist.de/bots|blocklist.de/all|ziyadnz/hourly-ipv4,blocklist.de|bot|irc-bot|brute-force|ziyadnz|hourly,2026-08-17T18:48:05Z,2026-08-17T18:48:05Z,
142.44.228.98,ipv4,botnet,high,WHITE,blocklist.de/bots|blocklist.de/all|ziyadnz/hourly-ipv4,blocklist.de|bot|irc-bot|brute-force|ziyadnz|hourly,2026-08-17T18:48:05Z,2026-08-17T18:48:05Z,
142.44.228.99,ipv4,botnet,high,WHITE,blocklist.de/bots|blocklist.de/all|ziyadnz/hourly-ipv4,blocklist.de|bot|irc-bot|brute-force|ziyadnz|hourly,2026-08-17T18:48:05Z,2026-08-17T18:48:05Z,
142.44.233.0,ipv4,botnet,high,WHITE,blocklist.de/bots|blocklist.de/all|ziyadnz/hourly-ipv4,blocklist.de|bot|irc-bot|brute-force|ziyadnz|hourly,2026-08-17T18:48:05Z,2026-08-17T18:48:05Z,
142.44.233.10,ipv4,botnet,high,WHITE,blocklist.de/bots|blocklist.de/all|ziyadnz/hourly-ipv4,blocklist.de|bot|irc-bot|brute-force|ziyadnz|hourly,2026-08-17T18:48:05Z,2026-08-17T18:48:05Z,
142.44.233.102,ipv4,botnet,high,WHITE,blocklist.de/bots|blocklist.de/all|ziyadnz/hourly-ipv4,blocklist.de|bot|irc-bot|brute-force|ziyadnz|hourly,2026-08-17T18:48:05Z,2026-08-17T18:48:05Z,
142.44.233.104,ipv4,botnet,high,WHITE,blocklist.de/bots|blocklist.de/all|ziyadnz/hourly-ipv4,blocklist.de|bot|irc-bot|brute-force|ziyadnz|hourly,2026-08-17T18:48:05Z,2026-08-17T18:48:05Z,
142.44.233.105,ipv4,botnet,high,WHITE,blocklist.de/bots|blocklist.de/all|ziyadnz/hourly-ipv4,blocklist.de|bot|irc-bot|brute-force|ziyadnz|hourly,2026-08-17T18:48:05Z,2026-08-17T18:48:05Z,
142.44.233.106,ipv4,botnet,high,WHITE,blocklist.de/bots|blocklist.de/all|ziyadnz/hourly-ipv4,blocklist.de|bot|irc-bot|brute-force|ziyadnz|hourly,2026-08-17T18:48:05Z,2026-08-17T18:48:05Z,
142.44.233.107,ipv4,botnet,high,WHITE,blocklist.de/bots|blocklist.de/all|ziyadnz/hourly-ipv4,blocklist.de|bot|irc-bot|brute-force|ziyadnz|hourly,2026-08-17T18:48:05Z,2026-08-17T18:48:05Z,
142.44.233.108,ipv4,botnet,high,WHITE,blocklist.de/bots|blocklist.de/all|ziyadnz/hourly-ipv4,blocklist.de|bot|irc-bot|brute-force|ziyadnz|hourly,2026-08-17T18:48:05Z,2026-08-17T18:48:05Z,
142.44.233.109,ipv4,botnet,high,WHITE,blocklist.de/bots|blocklist.de/all|ziyadnz/hourly-ipv4,blocklist.de|bot|irc-bot|brute-force|ziyadnz|hourly,2026-08-17T18:48:05Z,2026-08-17T18:48:05Z,
142.44.233.110,ipv4,botnet,high,WHITE,blocklist.de/bots|blocklist.de/all|ziyadnz/hourly-ipv4,blocklist.de|bot|irc-bot|brute-force|ziyadnz|hourly,2026-08-17T18:48:05Z,2026-08-17T18:48:05Z,
142.44.233.111,ipv4,botnet,high,WHITE,blocklist.de/bots|blocklist.de/all|ziyadnz/hourly-ipv4,blocklist.de|bot|irc-bot|brute-force|ziyadnz|hourly,2026-08-17T18:48:05Z,2026-08-17T18:48:05Z,
142.44.233.115,ipv4,botnet,high,WHITE,blocklist.de/bots|blocklist.de/all|ziyadnz/hourly-ipv4,blocklist.de|bot|irc-bot|brute-force|ziyadnz|hourly,2026-08-17T18:48:05Z,2026-08-17T18:48:05Z,
142.44.233.117,ipv4,botnet,high,WHITE,blocklist.de/bots|blocklist.de/all|ziyadnz/hourly-ipv4,blocklist.de|bot|irc-bot|brute-force|ziyadnz|hourly,2026-08-17T18:48:05Z,2026-08-17T18:48:05Z,
142.44.233.119,ipv4,botnet,high,WHITE,blocklist.de/bots|blocklist.de/all|ziyadnz/hourly-ipv4,blocklist.de|bot|irc-bot|brute-force|ziyadnz|hourly,2026-08-17T18:48:05Z,2026-08-17T18:48:05Z,
142.44.233.120,ipv4,botnet,high,WHITE,blocklist.de/bots|blocklist.de/all|ziyadnz/hourly-ipv4,blocklist.de|bot|irc-bot|brute-force|ziyadnz|hourly,2026-08-17T18:48:05Z,2026-08-17T18:48:05Z,
142.44.233.121,ipv4,botnet,high,WHITE,blocklist.de/bots|blocklist.de/all|ziyadnz/hourly-ipv4,blocklist.de|bot|irc-bot|brute-force|ziyadnz|hourly,2026-08-17T18:48:05Z,2026-08-17T18:48:05Z,
142.44.233.123,ipv4,botnet,high,WHITE,blocklist.de/bots|blocklist.de/all|ziyadnz/hourly-ipv4,blocklist.de|bot|irc-bot|brute-force|ziyadnz|hourly,2026-08-17T18:48:05Z,2026-08-17T18:48:05Z,
142.44.233.124,ipv4,botnet,high,WHITE,blocklist.de/bots|blocklist.de/all|ziyadnz/hourly-ipv4,blocklist.de|bot|irc-bot|brute-force|ziyadnz|hourly,2026-08-17T18:48:05Z,2026-08-17T18:48:05Z,
142.44.233.126,ipv4,botnet,high,WHITE,blocklist.de/bots|blocklist.de/all|ziyadnz/hourly-ipv4,blocklist.de|bot|irc-bot|brute-force|ziyadnz|hourly,2026-08-17T18:48:05Z,2026-08-17T18:48:05Z,
142.44.233.127,ipv4,botnet,high,WHITE,blocklist.de/bots|blocklist.de/all|ziyadnz/hourly-ipv4,blocklist.de|bot|irc-bot|brute-force|ziyadnz|hourly,2026-08-17T18:48:05Z,2026-08-17T18:48:05Z,
142.44.233.128,ipv4,botnet,high,WHITE,blocklist.de/bots|blocklist.de/all|ziyadnz/hourly-ipv4,blocklist.de|bot|irc-bot|brute-force|ziyadnz|hourly,2026-08-17T18:48:05Z,2026-08-17T18:48:05Z,
142.44.233.129,ipv4,botnet,high,WHITE,blocklist.de/bots|blocklist.de/all|ziyadnz/hourly-ipv4,blocklist.de|bot|irc-bot|brute-force|ziyadnz|hourly,2026-08-17T18:48:05Z,2026-08-17T18:48:05Z,
142.44.233.130,ipv4,botnet,high,WHITE,blocklist.de/bots|blocklist.de/all|ziyadnz/hourly-ipv4,blocklist.de|bot|irc-bot|brute-force|ziyadnz|hourly,2026-08-17T18:48:05Z,2026-08-17T18:48:05Z,
142.44.233.131,ipv4,botnet,high,WHITE,blocklist.de/bots|blocklist.de/all|ziyadnz/hourly-ipv4,blocklist.de|bot|irc-bot|brute-force|ziyadnz|hourly,2026-08-17T18:48:05Z,2026-08-17T18:48:05Z,
142.44.233.132,ipv4,botnet,high,WHITE,blocklist.de/bots|blocklist.de/all|ziyadnz/hourly-ipv4,blocklist.de|bot|irc-bot|brute-force|ziyadnz|hourly,2026-08-17T18:48:05Z,2026-08-17T18:48:05Z,
142.44.233.133,ipv4,botnet,high,WHITE,blocklist.de/bots|blocklist.de/all|ziyadnz/hourly-ipv4,blocklist.de|bot|irc-bot|brute-force|ziyadnz|hourly,2026-08-17T18:48:05Z,2026-08-17T18:48:05Z,
142.44.233.136,ipv4,botnet,high,WHITE,blocklist.de/bots|blocklist.de/all|ziyadnz/hourly-ipv4,blocklist.de|bot|irc-bot|brute-force|ziyadnz|hourly,2026-08-17T18:48:05Z,2026-08-17T18:48:05Z,
142.44.233.139,ipv4,botnet,high,WHITE,blocklist.de/bots|blocklist.de/all|ziyadnz/hourly-ipv4,blocklist.de|bot|irc-bot|brute-force|ziyadnz|hourly,2026-08-17T18:48:05Z,2026-08-17T18:48:05Z,
142.44.233.140,ipv4,botnet,high,WHITE,blocklist.de/bots|blocklist.de/all|ziyadnz/hourly-ipv4,blocklist.de|bot|irc-bot|brute-force|ziyadnz|hourly,2026-08-17T18:48:05Z,2026-08-17T18:48:05Z,
142.44.233.141,ipv4,botnet,high,WHITE,blocklist.de/bots|blocklist.de/all|ziyadnz/hourly-ipv4,blocklist.de|bot|irc-bot|brute-force|ziyadnz|hourly,2026-08-17T18:48:05Z,2026-08-17T18:48:05Z,
142.44.233.142,ipv4,botnet,high,WHITE,blocklist.de/bots|blocklist.de/all|ziyadnz/hourly-ipv4,blocklist.de|bot|irc-bot|brute-force|ziyadnz|hourly,2026-08-17T18:48:05Z,2026-08-17T18:48:05Z,
142.44.233.143,ipv4,botnet,high,WHITE,blocklist.de/bots|blocklist.de/all|ziyadnz/hourly-ipv4,blocklist.de|bot|irc-bot|brute-force|ziyadnz|hourly,2026-08-17T18:48:05Z,2026-08-17T18:48:05Z,
142.44.233.144,ipv4,botnet,high,WHITE,blocklist.de/bots|blocklist.de/all|ziyadnz/hourly-ipv4,blocklist.de|bot|irc-bot|brute-force|ziyadnz|hourly,2026-08-17T18:48:05Z,2026-08-17T18:48:05Z,
142.44.233.146,ipv4,botnet,high,WHITE,blocklist.de/bots|blocklist.de/all|ziyadnz/hourly-ipv4,blocklist.de|bot|irc-bot|brute-force|ziyadnz|hourly,2026-08-17T18:48:05Z,2026-08-17T18:48:05Z,
142.44.233.15,ipv4,botnet,high,WHITE,blocklist.de/bots|blocklist.de/all|ziyadnz/hourly-ipv4,blocklist.de|bot|irc-bot|brute-force|ziyadnz|hourly,2026-08-17T18:48:05Z,2026-08-17T18:48:05Z,
142.44.233.150,ipv4,botnet,high,WHITE,blocklist.de/bots|blocklist.de/all|ziyadnz/hourly-ipv4,blocklist.de|bot|irc-bot|brute-force|ziyadnz|hourly,2026-08-17T18:48:05Z,2026-08-17T18:48:05Z,
142.44.233.152,ipv4,botnet,high,WHITE,blocklist.de/bots|blocklist.de/all|ziyadnz/hourly-ipv4,blocklist.de|bot|irc-bot|brute-force|ziyadnz|hourly,2026-08-17T18:48:05Z,2026-08-17T18:48:05Z,
142.44.233.153,ipv4,botnet,high,WHITE,blocklist.de/bots|blocklist.de/all|ziyadnz/hourly-ipv4,blocklist.de|bot|irc-bot|brute-force|ziyadnz|hourly,2026-08-17T18:48:05Z,2026-08-17T18:48:05Z,
142.44.233.155,ipv4,botnet,high,WHITE,blocklist.de/bots|blocklist.de/all|ziyadnz/hourly-ipv4,blocklist.de|bot|irc-bot|brute-force|ziyadnz|hourly,2026-08-17T18:48:05Z,2026-08-17T18:48:05Z,
142.44.233.156,ipv4,botnet,high,WHITE,blocklist.de/bots|blocklist.de/all|ziyadnz/hourly-ipv4,blocklist.de|bot|irc-bot|brute-force|ziyadnz|hourly,2026-08-17T18:48:05Z,2026-08-17T18:48:05Z,
142.44.233.157,ipv4,botnet,high,WHITE,blocklist.de/bots|blocklist.de/all|ziyadnz/hourly-ipv4,blocklist.de|bot|irc-bot|brute-force|ziyadnz|hourly,2026-08-17T18:48:05Z,2026-08-17T18:48:05Z,
142.44.233.158,ipv4,botnet,high,WHITE,blocklist.de/bots|blocklist.de/all|ziyadnz/hourly-ipv4,blocklist.de|bot|irc-bot|brute-force|ziyadnz|hourly,2026-08-17T18:48:05Z,2026-08-17T18:48:05Z,
142.44.233.160,ipv4,botnet,high,WHITE,blocklist.de/bots|blocklist.de/all|ziyadnz/hourly-ipv4,blocklist.de|bot|irc-bot|brute-force|ziyadnz|hourly,2026-08-17T18:48:05Z,2026-08-17T18:48:05Z,
142.44.233.161,ipv4,botnet,high,WHITE,blocklist.de/bots|blocklist.de/all|ziyadnz/hourly-ipv4,blocklist.de|bot|irc-bot|brute-force|ziyadnz|hourly,2026-08-17T18:48:05Z,2026-08-17T18:48:05Z,
142.44.233.165,ipv4,botnet,high,WHITE,blocklist.de/bots|blocklist.de/all|ziyadnz/hourly-ipv4,blocklist.de|bot|irc-bot|brute-force|ziyadnz|hourly,2026-08-17T18:48:05Z,2026-08-17T18:48:05Z,
142.44.233.167,ipv4,botnet,high,WHITE,blocklist.de/bots|blocklist.de/all|ziyadnz/hourly-ipv4,blocklist.de|bot|irc-bot|brute-force|ziyadnz|hourly,2026-08-17T18:48:05Z,2026-08-17T18:48:05Z,
142.44.233.168,ipv4,botnet,high,WHITE,blocklist.de/bots|blocklist.de/all|ziyadnz/hourly-ipv4,blocklist.de|bot|irc-bot|brute-force|ziyadnz|hourly,2026-08-17T18:48:05Z,2026-08-17T18:48:05Z,
142.44.233.169,ipv4,botnet,high,WHITE,blocklist.de/bots|blocklist.de/all|ziyadnz/hourly-ipv4,blocklist.de|bot|irc-bot|brute-force|ziyadnz|hourly,2026-08-17T18:48:05Z,2026-08-17T18:48:05Z,
142.44.233.17,ipv4,botnet,high,WHITE,blocklist.de/bots|blocklist.de/all|ziyadnz/hourly-ipv4,blocklist.de|bot|irc-bot|brute-force|ziyadnz|hourly,2026-08-17T18:48:05Z,2026-08-17T18:48:05Z,
142.44.233.170,ipv4,botnet,high,WHITE,blocklist.de/bots|blocklist.de/all|ziyadnz/hourly-ipv4,blocklist.de|bot|irc-bot|brute-force|ziyadnz|hourly,2026-08-17T18:48:05Z,2026-08-17T18:48:05Z,
142.44.233.172,ipv4,botnet,high,WHITE,blocklist.de/bots|blocklist.de/all|ziyadnz/hourly-ipv4,blocklist.de|bot|irc-bot|brute-force|ziyadnz|hourly,2026-08-17T18:48:05Z,2026-08-17T18:48:05Z,
142.44.233.175,ipv4,botnet,high,WHITE,blocklist.de/bots|blocklist.de/all|ziyadnz/hourly-ipv4,blocklist.de|bot|irc-bot|brute-force|ziyadnz|hourly,2026-08-17T18:48:05Z,2026-08-17T18:48:05Z,
142.44.233.176,ipv4,botnet,high,WHITE,blocklist.de/bots|blocklist.de/all|ziyadnz/hourly-ipv4,blocklist.de|bot|irc-bot|brute-force|ziyadnz|hourly,2026-08-17T18:48:05Z,2026-08-17T18:48:05Z,
142.44.233.177,ipv4,botnet,high,WHITE,blocklist.de/bots|blocklist.de/all|ziyadnz/hourly-ipv4,blocklist.de|bot|irc-bot|brute-force|ziyadnz|hourly,2026-08-17T18:48:05Z,2026-08-17T18:48:05Z,
142.44.233.178,ipv4,botnet,high,WHITE,blocklist.de/bots|blocklist.de/all|ziyadnz/hourly-ipv4,blocklist.de|bot|irc-bot|brute-force|ziyadnz|hourly,2026-08-17T18:48:05Z,2026-08-17T18:48:05Z,
142.44.233.181,ipv4,botnet,high,WHITE,blocklist.de/bots|blocklist.de/all|ziyadnz/hourly-ipv4,blocklist.de|bot|irc-bot|brute-force|ziyadnz|hourly,2026-08-17T18:48:05Z,2026-08-17T18:48:05Z,
142.44.233.187,ipv4,botnet,high,WHITE,blocklist.de/bots|blocklist.de/all|ziyadnz/hourly-ipv4,blocklist.de|bot|irc-bot|brute-force|ziyadnz|hourly,2026-08-17T18:48:05Z,2026-08-17T18:48:05Z,
142.44.233.189,ipv4,botnet,high,WHITE,blocklist.de/bots|blocklist.de/all|ziyadnz/hourly-ipv4,blocklist.de|bot|irc-bot|brute-force|ziyadnz|hourly,2026-08-17T18:48:05Z,2026-08-17T18:48:05Z,
142.44.233.190,ipv4,botnet,high,WHITE,blocklist.de/bots|blocklist.de/all|ziyadnz/hourly-ipv4,blocklist.de|bot|irc-bot|brute-force|ziyadnz|hourly,2026-08-17T18:48:05Z,2026-08-17T18:48:05Z,
142.44.233.191,ipv4,botnet,high,WHITE,blocklist.de/bots|blocklist.de/all|ziyadnz/hourly-ipv4,blocklist.de|bot|irc-bot|brute-force|ziyadnz|hourly,2026-08-17T18:48:05Z,2026-08-17T18:48:05Z,
142.44.233.192,ipv4,botnet,high,WHITE,blocklist.de/bots|blocklist.de/all|ziyadnz/hourly-ipv4,blocklist.de|bot|irc-bot|brute-force|ziyadnz|hourly,2026-08-17T18:48:05Z,2026-08-17T18:48:05Z,
142.44.233.194,ipv4,botnet,high,WHITE,blocklist.de/bots|blocklist.de/all|ziyadnz/hourly-ipv4,blocklist.de|bot|irc-bot|brute-force|ziyadnz|hourly,2026-08-17T18:48:05Z,2026-08-17T18:48:05Z,
142.44.233.195,ipv4,botnet,high,WHITE,blocklist.de/bots|blocklist.de/all|ziyadnz/hourly-ipv4,blocklist.de|bot|irc-bot|brute-force|ziyadnz|hourly,2026-08-17T18:48:05Z,2026-08-17T18:48:05Z,
142.44.233.197,ipv4,botnet,high,WHITE,blocklist.de/bots|blocklist.de/all|ziyadnz/hourly-ipv4,blocklist.de|bot|irc-bot|brute-force|ziyadnz|hourly,2026-08-17T18:48:05Z,2026-08-17T18:48:05Z,
142.44.233.198,ipv4,botnet,high,WHITE,blocklist.de/bots|blocklist.de/all|ziyadnz/hourly-ipv4,blocklist.de|bot|irc-bot|brute-force|ziyadnz|hourly,2026-08-17T18:48:05Z,2026-08-17T18:48:05Z,
142.44.233.2,ipv4,botnet,high,WHITE,blocklist.de/bots|blocklist.de/all|ziyadnz/hourly-ipv4,blocklist.de|bot|irc-bot|brute-force|ziyadnz|hourly,2026-08-17T18:48:05Z,2026-08-17T18:48:05Z,
142.44.233.200,ipv4,botnet,high,WHITE,blocklist.de/bots|blocklist.de/all|ziyadnz/hourly-ipv4,blocklist.de|bot|irc-bot|brute-force|ziyadnz|hourly,2026-08-17T18:48:05Z,2026-08-17T18:48:05Z,
142.44.233.202,ipv4,botnet,high,WHITE,blocklist.de/bots|blocklist.de/all|ziyadnz/hourly-ipv4,blocklist.de|bot|irc-bot|brute-force|ziyadnz|hourly,2026-08-17T18:48:05Z,2026-08-17T18:48:05Z,
142.44.233.203,ipv4,botnet,high,WHITE,blocklist.de/bots|blocklist.de/all|ziyadnz/hourly-ipv4,blocklist.de|bot|irc-bot|brute-force|ziyadnz|hourly,2026-08-17T18:48:05Z,2026-08-17T18:48:05Z,
142.44.233.204,ipv4,botnet,high,WHITE,blocklist.de/bots|blocklist.de/all|ziyadnz/hourly-ipv4,blocklist.de|bot|irc-bot|brute-force|ziyadnz|hourly,2026-08-17T18:48:05Z,2026-08-17T18:48:05Z,
142.44.233.206,ipv4,botnet,high,WHITE,blocklist.de/bots|blocklist.de/all|ziyadnz/hourly-ipv4,blocklist.de|bot|irc-bot|brute-force|ziyadnz|hourly,2026-08-17T18:48:05Z,2026-08-17T18:48:05Z,
142.44.233.207,ipv4,botnet,high,WHITE,blocklist.de/bots|blocklist.de/all|ziyadnz/hourly-ipv4,blocklist.de|bot|irc-bot|brute-force|ziyadnz|hourly,2026-08-17T18:48:05Z,2026-08-17T18:48:05Z,
142.44.233.208,ipv4,botnet,high,WHITE,blocklist.de/bots|blocklist.de/all|ziyadnz/hourly-ipv4,blocklist.de|bot|irc-bot|brute-force|ziyadnz|hourly,2026-08-17T18:48:05Z,2026-08-17T18:48:05Z,
142.44.233.209,ipv4,botnet,high,WHITE,blocklist.de/bots|blocklist.de/all|ziyadnz/hourly-ipv4,blocklist.de|bot|irc-bot|brute-force|ziyadnz|hourly,2026-08-17T18:48:05Z,2026-08-17T18:48:05Z,
142.44.233.21,ipv4,botnet,high,WHITE,blocklist.de/bots|blocklist.de/all|ziyadnz/hourly-ipv4,blocklist.de|bot|irc-bot|brute-force|ziyadnz|hourly,2026-08-17T18:48:05Z,2026-08-17T18:48:05Z,
142.44.233.210,ipv4,botnet,high,WHITE,blocklist.de/bots|blocklist.de/all|ziyadnz/hourly-ipv4,blocklist.de|bot|irc-bot|brute-force|ziyadnz|hourly,2026-08-17T18:48:05Z,2026-08-17T18:48:05Z,
142.44.233.212,ipv4,botnet,high,WHITE,blocklist.de/bots|blocklist.de/all|ziyadnz/hourly-ipv4,blocklist.de|bot|irc-bot|brute-force|ziyadnz|hourly,2026-08-17T18:48:05Z,2026-08-17T18:48:05Z,
142.44.233.214,ipv4,botnet,high,WHITE,blocklist.de/bots|blocklist.de/all|ziyadnz/hourly-ipv4,blocklist.de|bot|irc-bot|brute-force|ziyadnz|hourly,2026-08-17T18:48:05Z,2026-08-17T18:48:05Z,
142.44.233.215,ipv4,botnet,high,WHITE,blocklist.de/bots|blocklist.de/all|ziyadnz/hourly-ipv4,blocklist.de|bot|irc-bot|brute-force|ziyadnz|hourly,2026-08-17T18:48:05Z,2026-08-17T18:48:05Z,
142.44.233.217,ipv4,botnet,high,WHITE,blocklist.de/bots|blocklist.de/all|ziyadnz/hourly-ipv4,blocklist.de|bot|irc-bot|brute-force|ziyadnz|hourly,2026-08-17T18:48:05Z,2026-08-17T18:48:05Z,
142.44.233.219,ipv4,botnet,high,WHITE,blocklist.de/bots|blocklist.de/all|ziyadnz/hourly-ipv4,blocklist.de|bot|irc-bot|brute-force|ziyadnz|hourly,2026-08-17T18:48:05Z,2026-08-17T18:48:05Z,
142.44.233.22,ipv4,botnet,high,WHITE,blocklist.de/bots|blocklist.de/all|ziyadnz/hourly-ipv4,blocklist.de|bot|irc-bot|brute-force|ziyadnz|hourly,2026-08-17T18:48:05Z,2026-08-17T18:48:05Z,
142.44.233.220,ipv4,botnet,high,WHITE,blocklist.de/bots|blocklist.de/all|ziyadnz/hourly-ipv4,blocklist.de|bot|irc-bot|brute-force|ziyadnz|hourly,2026-08-17T18:48:05Z,2026-08-17T18:48:05Z,
142.44.233.224,ipv4,botnet,high,WHITE,blocklist.de/bots|blocklist.de/all|ziyadnz/hourly-ipv4,blocklist.de|bot|irc-bot|brute-force|ziyadnz|hourly,2026-08-17T18:48:05Z,2026-08-17T18:48:05Z,
142.44.233.226,ipv4,botnet,high,WHITE,blocklist.de/bots|blocklist.de/all|ziyadnz/hourly-ipv4,blocklist.de|bot|irc-bot|brute-force|ziyadnz|hourly,2026-08-17T18:48:05Z,2026-08-17T18:48:05Z,
142.44.233.229,ipv4,botnet,high,WHITE,blocklist.de/bots|blocklist.de/all|ziyadnz/hourly-ipv4,blocklist.de|bot|irc-bot|brute-force|ziyadnz|hourly,2026-08-17T18:48:05Z,2026-08-17T18:48:05Z,
142.44.233.230,ipv4,botnet,high,WHITE,blocklist.de/bots|blocklist.de/all|ziyadnz/hourly-ipv4,blocklist.de|bot|irc-bot|brute-force|ziyadnz|hourly,2026-08-17T18:48:05Z,2026-08-17T18:48:05Z,
142.44.233.232,ipv4,botnet,high,WHITE,blocklist.de/bots|blocklist.de/all|ziyadnz/hourly-ipv4,blocklist.de|bot|irc-bot|brute-force|ziyadnz|hourly,2026-08-17T18:48:05Z,2026-08-17T18:48:05Z,
142.44.233.235,ipv4,botnet,high,WHITE,blocklist.de/bots|blocklist.de/all|ziyadnz/hourly-ipv4,blocklist.de|bot|irc-bot|brute-force|ziyadnz|hourly,2026-08-17T18:48:05Z,2026-08-17T18:48:05Z,
142.44.233.238,ipv4,botnet,high,WHITE,blocklist.de/bots|blocklist.de/all|ziyadnz/hourly-ipv4,blocklist.de|bot|irc-bot|brute-force|ziyadnz|hourly,2026-08-17T18:48:05Z,2026-08-17T18:48:05Z,
142.44.233.240,ipv4,botnet,high,WHITE,blocklist.de/bots|blocklist.de/all|ziyadnz/hourly-ipv4,blocklist.de|bot|irc-bot|brute-force|ziyadnz|hourly,2026-08-17T18:48:05Z,2026-08-17T18:48:05Z,
142.44.233.241,ipv4,botnet,high,WHITE,blocklist.de/bots|blocklist.de/all|ziyadnz/hourly-ipv4,blocklist.de|bot|irc-bot|brute-force|ziyadnz|hourly,2026-08-17T18:48:05Z,2026-08-17T18:48:05Z,
142.44.233.245,ipv4,botnet,high,WHITE,blocklist.de/bots|blocklist.de/all|ziyadnz/hourly-ipv4,blocklist.de|bot|irc-bot|brute-force|ziyadnz|hourly,2026-08-17T18:48:05Z,2026-08-17T18:48:05Z,
142.44.233.246,ipv4,botnet,high,WHITE,blocklist.de/bots|blocklist.de/all|ziyadnz/hourly-ipv4,blocklist.de|bot|irc-bot|brute-force|ziyadnz|hourly,2026-08-17T18:48:05Z,2026-08-17T18:48:05Z,
142.44.233.247,ipv4,botnet,high,WHITE,blocklist.de/bots|blocklist.de/all|ziyadnz/hourly-ipv4,blocklist.de|bot|irc-bot|brute-force|ziyadnz|hourly,2026-08-17T18:48:05Z,2026-08-17T18:48:05Z,
142.44.233.250,ipv4,botnet,high,WHITE,blocklist.de/bots|blocklist.de/all|ziyadnz/hourly-ipv4,blocklist.de|bot|irc-bot|brute-force|ziyadnz|hourly,2026-08-17T18:48:05Z,2026-08-17T18:48:05Z,
142.44.233.251,ipv4,botnet,high,WHITE,blocklist.de/bots|blocklist.de/all|ziyadnz/hourly-ipv4,blocklist.de|bot|irc-bot|brute-force|ziyadnz|hourly,2026-08-17T18:48:05Z,2026-08-17T18:48:05Z,
142.44.233.252,ipv4,botnet,high,WHITE,blocklist.de/bots|blocklist.de/all|ziyadnz/hourly-ipv4,blocklist.de|bot|irc-bot|brute-force|ziyadnz|hourly,2026-08-17T18:48:05Z,2026-08-17T18:48:05Z,
142.44.233.254,ipv4,botnet,high,WHITE,blocklist.de/bots|blocklist.de/all|ziyadnz/hourly-ipv4,blocklist.de|bot|irc-bot|brute-force|ziyadnz|hourly,2026-08-17T18:48:05Z,2026-08-17T18:48:05Z,
142.44.233.29,ipv4,botnet,high,WHITE,blocklist.de/bots|blocklist.de/all|ziyadnz/hourly-ipv4,blocklist.de|bot|irc-bot|brute-force|ziyadnz|hourly,2026-08-17T18:48:05Z,2026-08-17T18:48:05Z,
142.44.233.30,ipv4,botnet,high,WHITE,blocklist.de/bots|blocklist.de/all|ziyadnz/hourly-ipv4,blocklist.de|bot|irc-bot|brute-force|ziyadnz|hourly,2026-08-17T18:48:05Z,2026-08-17T18:48:05Z,
142.44.233.36,ipv4,botnet,high,WHITE,blocklist.de/bots|blocklist.de/all|ziyadnz/hourly-ipv4,blocklist.de|bot|irc-bot|brute-force|ziyadnz|hourly,2026-08-17T18:48:05Z,2026-08-17T18:48:05Z,
142.44.233.4,ipv4,botnet,high,WHITE,blocklist.de/bots|blocklist.de/all|ziyadnz/hourly-ipv4,blocklist.de|bot|irc-bot|brute-force|ziyadnz|hourly,2026-08-17T18:48:05Z,2026-08-17T18:48:05Z,
142.44.233.42,ipv4,botnet,high,WHITE,blocklist.de/bots|blocklist.de/all|ziyadnz/hourly-ipv4,blocklist.de|bot|irc-bot|brute-force|ziyadnz|hourly,2026-08-17T18:48:05Z,2026-08-17T18:48:05Z,
142.44.233.44,ipv4,botnet,high,WHITE,blocklist.de/bots|blocklist.de/all|ziyadnz/hourly-ipv4,blocklist.de|bot|irc-bot|brute-force|ziyadnz|hourly,2026-08-17T18:48:05Z,2026-08-17T18:48:05Z,
142.44.233.50,ipv4,botnet,high,WHITE,blocklist.de/bots|blocklist.de/all|ziyadnz/hourly-ipv4,blocklist.de|bot|irc-bot|brute-force|ziyadnz|hourly,2026-08-17T18:48:05Z,2026-08-17T18:48:05Z,
142.44.233.51,ipv4,botnet,high,WHITE,blocklist.de/bots|blocklist.de/all|ziyadnz/hourly-ipv4,blocklist.de|bot|irc-bot|brute-force|ziyadnz|hourly,2026-08-17T18:48:05Z,2026-08-17T18:48:05Z,
142.44.233.53,ipv4,botnet,high,WHITE,blocklist.de/bots|blocklist.de/all|ziyadnz/hourly-ipv4,blocklist.de|bot|irc-bot|brute-force|ziyadnz|hourly,2026-08-17T18:48:05Z,2026-08-17T18:48:05Z,
142.44.233.54,ipv4,botnet,high,WHITE,blocklist.de/bots|blocklist.de/all|ziyadnz/hourly-ipv4,blocklist.de|bot|irc-bot|brute-force|ziyadnz|hourly,2026-08-17T18:48:05Z,2026-08-17T18:48:05Z,
142.44.233.55,ipv4,botnet,high,WHITE,blocklist.de/bots|blocklist.de/all|ziyadnz/hourly-ipv4,blocklist.de|bot|irc-bot|brute-force|ziyadnz|hourly,2026-08-17T18:48:05Z,2026-08-17T18:48:05Z,
142.44.233.56,ipv4,botnet,high,WHITE,blocklist.de/bots|blocklist.de/all|ziyadnz/hourly-ipv4,blocklist.de|bot|irc-bot|brute-force|ziyadnz|hourly,2026-08-17T18:48:05Z,2026-08-17T18:48:05Z,
142.44.233.58,ipv4,botnet,high,WHITE,blocklist.de/bots|blocklist.de/all|ziyadnz/hourly-ipv4,blocklist.de|bot|irc-bot|brute-force|ziyadnz|hourly,2026-08-17T18:48:05Z,2026-08-17T18:48:05Z,
142.44.233.59,ipv4,botnet,high,WHITE,blocklist.de/bots|blocklist.de/all|ziyadnz/hourly-ipv4,blocklist.de|bot|irc-bot|brute-force|ziyadnz|hourly,2026-08-17T18:48:05Z,2026-08-17T18:48:05Z,
142.44.233.6,ipv4,botnet,high,WHITE,blocklist.de/bots|blocklist.de/all|ziyadnz/hourly-ipv4,blocklist.de|bot|irc-bot|brute-force|ziyadnz|hourly,2026-08-17T18:48:05Z,2026-08-17T18:48:05Z,
142.44.233.60,ipv4,botnet,high,WHITE,blocklist.de/bots|blocklist.de/all|ziyadnz/hourly-ipv4,blocklist.de|bot|irc-bot|brute-force|ziyadnz|hourly,2026-08-17T18:48:05Z,2026-08-17T18:48:05Z,
142.44.233.61,ipv4,botnet,high,WHITE,blocklist.de/bots|blocklist.de/all|ziyadnz/hourly-ipv4,blocklist.de|bot|irc-bot|brute-force|ziyadnz|hourly,2026-08-17T18:48:05Z,2026-08-17T18:48:05Z,
142.44.233.64,ipv4,botnet,high,WHITE,blocklist.de/bots|blocklist.de/all|ziyadnz/hourly-ipv4,blocklist.de|bot|irc-bot|brute-force|ziyadnz|hourly,2026-08-17T18:48:05Z,2026-08-17T18:48:05Z,
142.44.233.66,ipv4,botnet,high,WHITE,blocklist.de/bots|blocklist.de/all|ziyadnz/hourly-ipv4,blocklist.de|bot|irc-bot|brute-force|ziyadnz|hourly,2026-08-17T18:48:05Z,2026-08-17T18:48:05Z,
142.44.233.67,ipv4,botnet,high,WHITE,blocklist.de/bots|blocklist.de/all|ziyadnz/hourly-ipv4,blocklist.de|bot|irc-bot|brute-force|ziyadnz|hourly,2026-08-17T18:48:05Z,2026-08-17T18:48:05Z,
142.44.233.7,ipv4,botnet,high,WHITE,blocklist.de/bots|blocklist.de/all|ziyadnz/hourly-ipv4,blocklist.de|bot|irc-bot|brute-force|ziyadnz|hourly,2026-08-17T18:48:05Z,2026-08-17T18:48:05Z,
142.44.233.72,ipv4,botnet,high,WHITE,blocklist.de/bots|blocklist.de/all|ziyadnz/hourly-ipv4,blocklist.de|bot|irc-bot|brute-force|ziyadnz|hourly,2026-08-17T18:48:05Z,2026-08-17T18:48:05Z,
142.44.233.73,ipv4,botnet,high,WHITE,blocklist.de/bots|blocklist.de/all|ziyadnz/hourly-ipv4,blocklist.de|bot|irc-bot|brute-force|ziyadnz|hourly,2026-08-17T18:48:05Z,2026-08-17T18:48:05Z,
142.44.233.74,ipv4,botnet,high,WHITE,blocklist.de/bots|blocklist.de/all|ziyadnz/hourly-ipv4,blocklist.de|bot|irc-bot|brute-force|ziyadnz|hourly,2026-08-17T18:48:05Z,2026-08-17T18:48:05Z,
142.44.233.77,ipv4,botnet,high,WHITE,blocklist.de/bots|blocklist.de/all|ziyadnz/hourly-ipv4,blocklist.de|bot|irc-bot|brute-force|ziyadnz|hourly,2026-08-17T18:48:05Z,2026-08-17T18:48:05Z,
142.44.233.78,ipv4,botnet,high,WHITE,blocklist.de/bots|blocklist.de/all|ziyadnz/hourly-ipv4,blocklist.de|bot|irc-bot|brute-force|ziyadnz|hourly,2026-08-17T18:48:05Z,2026-08-17T18:48:05Z,
142.44.233.79,ipv4,botnet,high,WHITE,blocklist.de/bots|blocklist.de/all|ziyadnz/hourly-ipv4,blocklist.de|bot|irc-bot|brute-force|ziyadnz|hourly,2026-08-17T18:48:05Z,2026-08-17T18:48:05Z,
142.44.233.8,ipv4,botnet,high,WHITE,blocklist.de/bots|blocklist.de/all|ziyadnz/hourly-ipv4,blocklist.de|bot|irc-bot|brute-force|ziyadnz|hourly,2026-08-17T18:48:05Z,2026-08-17T18:48:05Z,
142.44.233.81,ipv4,botnet,high,WHITE,blocklist.de/bots|blocklist.de/all|ziyadnz/hourly-ipv4,blocklist.de|bot|irc-bot|brute-force|ziyadnz|hourly,2026-08-17T18:48:05Z,2026-08-17T18:48:05Z,
142.44.233.82,ipv4,botnet,high,WHITE,blocklist.de/bots|blocklist.de/all|ziyadnz/hourly-ipv4,blocklist.de|bot|irc-bot|brute-force|ziyadnz|hourly,2026-08-17T18:48:05Z,2026-08-17T18:48:05Z,
142.44.233.83,ipv4,botnet,high,WHITE,blocklist.de/bots|blocklist.de/all|ziyadnz/hourly-ipv4,blocklist.de|bot|irc-bot|brute-force|ziyadnz|hourly,2026-08-17T18:48:05Z,2026-08-17T18:48:05Z,
142.44.233.85,ipv4,botnet,high,WHITE,blocklist.de/bots|blocklist.de/all|ziyadnz/hourly-ipv4,blocklist.de|bot|irc-bot|brute-force|ziyadnz|hourly,2026-08-17T18:48:05Z,2026-08-17T18:48:05Z,
142.44.233.86,ipv4,botnet,high,WHITE,blocklist.de/bots|blocklist.de/all|ziyadnz/hourly-ipv4,blocklist.de|bot|irc-bot|brute-force|ziyadnz|hourly,2026-08-17T18:48:05Z,2026-08-17T18:48:05Z,
142.44.233.91,ipv4,botnet,high,WHITE,blocklist.de/bots|blocklist.de/all|ziyadnz/hourly-ipv4,blocklist.de|bot|irc-bot|brute-force|ziyadnz|hourly,2026-08-17T18:48:05Z,2026-08-17T18:48:05Z,
142.44.233.92,ipv4,botnet,high,WHITE,blocklist.de/bots|blocklist.de/all|ziyadnz/hourly-ipv4,blocklist.de|bot|irc-bot|brute-force|ziyadnz|hourly,2026-08-17T18:48:05Z,2026-08-17T18:48:05Z,
142.44.233.93,ipv4,botnet,high,WHITE,blocklist.de/bots|blocklist.de/all|ziyadnz/hourly-ipv4,blocklist.de|bot|irc-bot|brute-force|ziyadnz|hourly,2026-08-17T18:48:05Z,2026-08-17T18:48:05Z,
142.44.233.94,ipv4,botnet,high,WHITE,blocklist.de/bots|blocklist.de/all|ziyadnz/hourly-ipv4,blocklist.de|bot|irc-bot|brute-force|ziyadnz|hourly,2026-08-17T18:48:05Z,2026-08-17T18:48:05Z,
142.44.233.95,ipv4,botnet,high,WHITE,blocklist.de/bots|blocklist.de/all|ziyadnz/hourly-ipv4,blocklist.de|bot|irc-bot|brute-force|ziyadnz|hourly,2026-08-17T18:48:05Z,2026-08-17T18:48:05Z,
142.44.233.96,ipv4,botnet,high,WHITE,blocklist.de/bots|blocklist.de/all|ziyadnz/hourly-ipv4,blocklist.de|bot|irc-bot|brute-force|ziyadnz|hourly,2026-08-17T18:48:05Z,2026-08-17T18:48:05Z,
142.44.233.97,ipv4,botnet,high,WHITE,blocklist.de/bots|blocklist.de/all|ziyadnz/hourly-ipv4,blocklist.de|bot|irc-bot|brute-force|ziyadnz|hourly,2026-08-17T18:48:05Z,2026-08-17T18:48:05Z,
142.44.233.98,ipv4,botnet,high,WHITE,blocklist.de/bots|blocklist.de/all|ziyadnz/hourly-ipv4,blocklist.de|bot|irc-bot|brute-force|ziyadnz|hourly,2026-08-17T18:48:05Z,2026-08-17T18:48:05Z,
142.44.53.173,ipv4,botnet,high,WHITE,blocklist.de/bots|blocklist.de/all|ziyadnz/hourly-ipv4,blocklist.de|bot|irc-bot|brute-force|ziyadnz|hourly,2026-08-17T18:48:05Z,2026-08-17T18:48:05Z,
142.93.105.3,ipv4,botnet,high,WHITE,blocklist.de/bots|blocklist.de/all|ziyadnz/hourly-ipv4,blocklist.de|bot|irc-bot|brute-force|ziyadnz|hourly,2026-08-17T18:48:05Z,2026-08-17T18:48:05Z,
142.93.129.190,ipv4,botnet,high,WHITE,blocklist.de/bots|blocklist.de/all|ziyadnz/hourly-ipv4,blocklist.de|bot|irc-bot|brute-force|ziyadnz|hourly,2026-08-17T18:48:05Z,2026-08-17T18:48:05Z,
142.93.143.8,ipv4,botnet,high,WHITE,blocklist.de/bots|blocklist.de/all|ziyadnz/hourly-ipv4,blocklist.de|bot|irc-bot|brute-force|ziyadnz|hourly,2026-08-17T18:48:05Z,2026-08-17T18:48:05Z,
142.93.175.59,ipv4,botnet,high,WHITE,blocklist.de/bots|blocklist.de/all|ziyadnz/hourly-ipv4,blocklist.de|bot|irc-bot|brute-force|ziyadnz|hourly,2026-08-17T18:48:05Z,2026-08-17T18:48:05Z,
143.105.145.103,ipv4,botnet,high,WHITE,blocklist.de/bots|blocklist.de/all|ziyadnz/hourly-ipv4,blocklist.de|bot|irc-bot|brute-force|ziyadnz|hourly,2026-08-17T18:48:05Z,2026-08-17T18:48:05Z,
143.105.155.7,ipv4,botnet,high,WHITE,blocklist.de/bots|blocklist.de/all|ziyadnz/hourly-ipv4,blocklist.de|bot|irc-bot|brute-force|ziyadnz|hourly,2026-08-17T18:48:05Z,2026-08-17T18:48:05Z,
143.110.134.7,ipv4,botnet,high,WHITE,blocklist.de/bots|blocklist.de/all|ziyadnz/hourly-ipv4,blocklist.de|bot|irc-bot|brute-force|ziyadnz|hourly,2026-08-17T18:48:05Z,2026-08-17T18:48:05Z,
143.110.196.222,ipv4,botnet,high,WHITE,blocklist.de/bots|blocklist.de/all|ziyadnz/hourly-ipv4,blocklist.de|bot|irc-bot|brute-force|ziyadnz|hourly,2026-08-17T18:48:05Z,2026-08-17T18:48:05Z,
143.244.52.37,ipv4,botnet,high,WHITE,blocklist.de/bots|blocklist.de/all|ziyadnz/hourly-ipv4,blocklist.de|bot|irc-bot|brute-force|ziyadnz|hourly,2026-08-17T18:48:05Z,2026-08-17T18:48:05Z,
144.16.21.96,ipv4,botnet,high,WHITE,blocklist.de/bots|blocklist.de/all|ziyadnz/hourly-ipv4,blocklist.de|bot|irc-bot|brute-force|ziyadnz|hourly,2026-08-17T18:48:05Z,2026-08-17T18:48:05Z,
144.172.103.213,ipv4,botnet,high,WHITE,blocklist.de/bots|blocklist.de/all|ziyadnz/hourly-ipv4,blocklist.de|bot|irc-bot|brute-force|ziyadnz|hourly,2026-08-17T18:48:05Z,2026-08-17T18:48:05Z,
144.48.224.143,ipv4,botnet,high,WHITE,blocklist.de/bots|blocklist.de/all|ziyadnz/hourly-ipv4,blocklist.de|bot|irc-bot|brute-force|ziyadnz|hourly,2026-08-17T18:48:05Z,2026-08-17T18:48:05Z,
144.76.75.55,ipv4,botnet,high,WHITE,blocklist.de/bots|blocklist.de/all|ziyadnz/hourly-ipv4,blocklist.de|bot|irc-bot|brute-force|ziyadnz|hourly,2026-08-17T18:48:05Z,2026-08-17T18:48:05Z,
144.86.18.243,ipv4,botnet,high,WHITE,blocklist.de/bots|blocklist.de/all|ziyadnz/hourly-ipv4,blocklist.de|bot|irc-bot|brute-force|ziyadnz|hourly,2026-08-17T18:48:05Z,2026-08-17T18:48:05Z,
145.224.123.33,ipv4,botnet,high,WHITE,blocklist.de/bots|blocklist.de/all|ziyadnz/hourly-ipv4,blocklist.de|bot|irc-bot|brute-force|ziyadnz|hourly,2026-08-17T18:48:05Z,2026-08-17T18:48:05Z,
145.236.72.138,ipv4,botnet,high,WHITE,blocklist.de/bots|blocklist.de/all|ziyadnz/hourly-ipv4,blocklist.de|bot|irc-bot|brute-force|ziyadnz|hourly,2026-08-17T18:48:05Z,2026-08-17T18:48:05Z,
145.239.10.137,ipv4,botnet,high,WHITE,blocklist.de/bots|blocklist.de/all|ziyadnz/hourly-ipv4,blocklist.de|bot|irc-bot|brute-force|ziyadnz|hourly,2026-08-17T18:48:05Z,2026-08-17T18:48:05Z,
145.239.195.38,ipv4,botnet,high,WHITE,blocklist.de/bots|blocklist.de/all|ziyadnz/hourly-ipv4,blocklist.de|bot|irc-bot|brute-force|ziyadnz|hourly,2026-08-17T18:48:05Z,2026-08-17T18:48:05Z,
145.239.65.239,ipv4,botnet,high,WHITE,blocklist.de/bots|blocklist.de/all|ziyadnz/hourly-ipv4,blocklist.de|bot|irc-bot|brute-force|ziyadnz|hourly,2026-08-17T18:48:05Z,2026-08-17T18:48:05Z,
145.249.109.110,ipv4,botnet,high,WHITE,blocklist.de/bots|blocklist.de/all|ziyadnz/hourly-ipv4,blocklist.de|bot|irc-bot|brute-force|ziyadnz|hourly,2026-08-17T18:48:05Z,2026-08-17T18:48:05Z,
145.79.152.88,ipv4,botnet,high,WHITE,blocklist.de/bots|blocklist.de/all|ziyadnz/hourly-ipv4,blocklist.de|bot|irc-bot|brute-force|ziyadnz|hourly,2026-08-17T18:48:05Z,2026-08-17T18:48:05Z,
146.196.34.13,ipv4,botnet,high,WHITE,blocklist.de/bots|blocklist.de/all|ziyadnz/hourly-ipv4,blocklist.de|bot|irc-bot|brute-force|ziyadnz|hourly,2026-08-17T18:48:05Z,2026-08-17T18:48:05Z,
146.196.37.34,ipv4,botnet,high,WHITE,blocklist.de/bots|blocklist.de/all|ziyadnz/hourly-ipv4,blocklist.de|bot|irc-bot|brute-force|ziyadnz|hourly,2026-08-17T18:48:05Z,2026-08-17T18:48:05Z,
146.196.38.254,ipv4,botnet,high,WHITE,blocklist.de/bots|blocklist.de/all|ziyadnz/hourly-ipv4,blocklist.de|bot|irc-bot|brute-force|ziyadnz|hourly,2026-08-17T18:48:05Z,2026-08-17T18:48:05Z,
146.196.44.29,ipv4,botnet,high,WHITE,blocklist.de/bots|blocklist.de/all|ziyadnz/hourly-ipv4,blocklist.de|bot|irc-bot|brute-force|ziyadnz|hourly,2026-08-17T18:48:05Z,2026-08-17T18:48:05Z,
146.196.47.210,ipv4,botnet,high,WHITE,blocklist.de/bots|blocklist.de/all|ziyadnz/hourly-ipv4,blocklist.de|bot|irc-bot|brute-force|ziyadnz|hourly,2026-08-17T18:48:05Z,2026-08-17T18:48:05Z,
146.70.39.136,ipv4,botnet,high,WHITE,blocklist.de/bots|blocklist.de/all|ziyadnz/hourly-ipv4,blocklist.de|bot|irc-bot|brute-force|ziyadnz|hourly,2026-08-17T18:48:05Z,2026-08-17T18:48:05Z,
146.70.52.94,ipv4,botnet,high,WHITE,blocklist.de/bots|blocklist.de/all|ziyadnz/hourly-ipv4,blocklist.de|bot|irc-bot|brute-force|ziyadnz|hourly,2026-08-17T18:48:05Z,2026-08-17T18:48:05Z,
147.135.212.200,ipv4,botnet,high,WHITE,blocklist.de/bots|blocklist.de/all|ziyadnz/hourly-ipv4,blocklist.de|bot|irc-bot|brute-force|ziyadnz|hourly,2026-08-17T18:48:05Z,2026-08-17T18:48:05Z,
147.135.213.175,ipv4,botnet,high,WHITE,blocklist.de/bots|blocklist.de/all|ziyadnz/hourly-ipv4,blocklist.de|bot|irc-bot|brute-force|ziyadnz|hourly,2026-08-17T18:48:05Z,2026-08-17T18:48:05Z,
147.135.213.177,ipv4,botnet,high,WHITE,blocklist.de/bots|blocklist.de/all|ziyadnz/hourly-ipv4,blocklist.de|bot|irc-bot|brute-force|ziyadnz|hourly,2026-08-17T18:48:05Z,2026-08-17T18:48:05Z,
147.135.213.27,ipv4,botnet,high,WHITE,blocklist.de/bots|blocklist.de/all|ziyadnz/hourly-ipv4,blocklist.de|bot|irc-bot|brute-force|ziyadnz|hourly,2026-08-17T18:48:05Z,2026-08-17T18:48:05Z,
147.135.213.38,ipv4,botnet,high,WHITE,blocklist.de/bots|blocklist.de/all|ziyadnz/hourly-ipv4,blocklist.de|bot|irc-bot|brute-force|ziyadnz|hourly,2026-08-17T18:48:05Z,2026-08-17T18:48:05Z,
147.135.252.145,ipv4,botnet,high,WHITE,blocklist.de/bots|blocklist.de/all|ziyadnz/hourly-ipv4,blocklist.de|bot|irc-bot|brute-force|ziyadnz|hourly,2026-08-17T18:48:05Z,2026-08-17T18:48:05Z,
147.235.221.207,ipv4,botnet,high,WHITE,blocklist.de/bots|blocklist.de/all|ziyadnz/hourly-ipv4,blocklist.de|bot|irc-bot|brute-force|ziyadnz|hourly,2026-08-17T18:48:05Z,2026-08-17T18:48:05Z,
147.90.209.131,ipv4,botnet,high,WHITE,blocklist.de/bots|blocklist.de/all|ziyadnz/hourly-ipv4,blocklist.de|bot|irc-bot|brute-force|ziyadnz|hourly,2026-08-17T18:48:05Z,2026-08-17T18:48:05Z,
147.90.209.64,ipv4,botnet,high,WHITE,blocklist.de/bots|blocklist.de/all|ziyadnz/hourly-ipv4,blocklist.de|bot|irc-bot|brute-force|ziyadnz|hourly,2026-08-17T18:48:05Z,2026-08-17T18:48:05Z,
148.113.128.1,ipv4,botnet,high,WHITE,blocklist.de/bots|blocklist.de/all|ziyadnz/hourly-ipv4,blocklist.de|bot|irc-bot|brute-force|ziyadnz|hourly,2026-08-17T18:48:05Z,2026-08-17T18:48:05Z,
148.113.128.100,ipv4,botnet,high,WHITE,blocklist.de/bots|blocklist.de/all|ziyadnz/hourly-ipv4,blocklist.de|bot|irc-bot|brute-force|ziyadnz|hourly,2026-08-17T18:48:05Z,2026-08-17T18:48:05Z,
148.113.128.104,ipv4,botnet,high,WHITE,blocklist.de/bots|blocklist.de/all|ziyadnz/hourly-ipv4,blocklist.de|bot|irc-bot|brute-force|ziyadnz|hourly,2026-08-17T18:48:05Z,2026-08-17T18:48:05Z,
148.113.128.105,ipv4,botnet,high,WHITE,blocklist.de/bots|blocklist.de/all|ziyadnz/hourly-ipv4,blocklist.de|bot|irc-bot|brute-force|ziyadnz|hourly,2026-08-17T18:48:05Z,2026-08-17T18:48:05Z,
148.113.128.109,ipv4,botnet,high,WHITE,blocklist.de/bots|blocklist.de/all|ziyadnz/hourly-ipv4,blocklist.de|bot|irc-bot|brute-force|ziyadnz|hourly,2026-08-17T18:48:05Z,2026-08-17T18:48:05Z,
148.113.128.111,ipv4,botnet,high,WHITE,blocklist.de/bots|blocklist.de/all|ziyadnz/hourly-ipv4,blocklist.de|bot|irc-bot|brute-force|ziyadnz|hourly,2026-08-17T18:48:05Z,2026-08-17T18:48:05Z,
148.113.128.112,ipv4,botnet,high,WHITE,blocklist.de/bots|blocklist.de/all|ziyadnz/hourly-ipv4,blocklist.de|bot|irc-bot|brute-force|ziyadnz|hourly,2026-08-17T18:48:05Z,2026-08-17T18:48:05Z,
148.113.128.113,ipv4,botnet,high,WHITE,blocklist.de/bots|blocklist.de/all|ziyadnz/hourly-ipv4,blocklist.de|bot|irc-bot|brute-force|ziyadnz|hourly,2026-08-17T18:48:05Z,2026-08-17T18:48:05Z,
148.113.128.115,ipv4,botnet,high,WHITE,blocklist.de/bots|blocklist.de/all|ziyadnz/hourly-ipv4,blocklist.de|bot|irc-bot|brute-force|ziyadnz|hourly,2026-08-17T18:48:05Z,2026-08-17T18:48:05Z,
148.113.128.118,ipv4,botnet,high,WHITE,blocklist.de/bots|blocklist.de/all|ziyadnz/hourly-ipv4,blocklist.de|bot|irc-bot|brute-force|ziyadnz|hourly,2026-08-17T18:48:05Z,2026-08-17T18:48:05Z,
148.113.128.119,ipv4,botnet,high,WHITE,blocklist.de/bots|blocklist.de/all|ziyadnz/hourly-ipv4,blocklist.de|bot|irc-bot|brute-force|ziyadnz|hourly,2026-08-17T18:48:05Z,2026-08-17T18:48:05Z,
148.113.128.120,ipv4,botnet,high,WHITE,blocklist.de/bots|blocklist.de/all|ziyadnz/hourly-ipv4,blocklist.de|bot|irc-bot|brute-force|ziyadnz|hourly,2026-08-17T18:48:05Z,2026-08-17T18:48:05Z,
148.113.128.121,ipv4,botnet,high,WHITE,blocklist.de/bots|blocklist.de/all|ziyadnz/hourly-ipv4,blocklist.de|bot|irc-bot|brute-force|ziyadnz|hourly,2026-08-17T18:48:05Z,2026-08-17T18:48:05Z,
148.113.128.123,ipv4,botnet,high,WHITE,blocklist.de/bots|blocklist.de/all|ziyadnz/hourly-ipv4,blocklist.de|bot|irc-bot|brute-force|ziyadnz|hourly,2026-08-17T18:48:05Z,2026-08-17T18:48:05Z,
148.113.128.126,ipv4,botnet,high,WHITE,blocklist.de/bots|blocklist.de/all|ziyadnz/hourly-ipv4,blocklist.de|bot|irc-bot|brute-force|ziyadnz|hourly,2026-08-17T18:48:05Z,2026-08-17T18:48:05Z,
148.113.128.127,ipv4,botnet,high,WHITE,blocklist.de/bots|blocklist.de/all|ziyadnz/hourly-ipv4,blocklist.de|bot|irc-bot|brute-force|ziyadnz|hourly,2026-08-17T18:48:05Z,2026-08-17T18:48:05Z,
148.113.128.128,ipv4,botnet,high,WHITE,blocklist.de/bots|blocklist.de/all|ziyadnz/hourly-ipv4,blocklist.de|bot|irc-bot|brute-force|ziyadnz|hourly,2026-08-17T18:48:05Z,2026-08-17T18:48:05Z,
148.113.128.130,ipv4,botnet,high,WHITE,blocklist.de/bots|blocklist.de/all|ziyadnz/hourly-ipv4,blocklist.de|bot|irc-bot|brute-force|ziyadnz|hourly,2026-08-17T18:48:05Z,2026-08-17T18:48:05Z,
148.113.128.131,ipv4,botnet,high,WHITE,blocklist.de/bots|blocklist.de/all|ziyadnz/hourly-ipv4,blocklist.de|bot|irc-bot|brute-force|ziyadnz|hourly,2026-08-17T18:48:05Z,2026-08-17T18:48:05Z,
148.113.128.133,ipv4,botnet,high,WHITE,blocklist.de/bots|blocklist.de/all|ziyadnz/hourly-ipv4,blocklist.de|bot|irc-bot|brute-force|ziyadnz|hourly,2026-08-17T18:48:05Z,2026-08-17T18:48:05Z,
148.113.128.135,ipv4,botnet,high,WHITE,blocklist.de/bots|blocklist.de/all|ziyadnz/hourly-ipv4,blocklist.de|bot|irc-bot|brute-force|ziyadnz|hourly,2026-08-17T18:48:05Z,2026-08-17T18:48:05Z,
148.113.128.139,ipv4,botnet,high,WHITE,blocklist.de/bots|blocklist.de/all|ziyadnz/hourly-ipv4,blocklist.de|bot|irc-bot|brute-force|ziyadnz|hourly,2026-08-17T18:48:05Z,2026-08-17T18:48:05Z,
148.113.128.143,ipv4,botnet,high,WHITE,blocklist.de/bots|blocklist.de/all|ziyadnz/hourly-ipv4,blocklist.de|bot|irc-bot|brute-force|ziyadnz|hourly,2026-08-17T18:48:05Z,2026-08-17T18:48:05Z,
148.113.128.145,ipv4,botnet,high,WHITE,blocklist.de/bots|blocklist.de/all|ziyadnz/hourly-ipv4,blocklist.de|bot|irc-bot|brute-force|ziyadnz|hourly,2026-08-17T18:48:05Z,2026-08-17T18:48:05Z,
148.113.128.147,ipv4,botnet,high,WHITE,blocklist.de/bots|blocklist.de/all|ziyadnz/hourly-ipv4,blocklist.de|bot|irc-bot|brute-force|ziyadnz|hourly,2026-08-17T18:48:05Z,2026-08-17T18:48:05Z,
148.113.128.15,ipv4,botnet,high,WHITE,blocklist.de/bots|blocklist.de/all|ziyadnz/hourly-ipv4,blocklist.de|bot|irc-bot|brute-force|ziyadnz|hourly,2026-08-17T18:48:05Z,2026-08-17T18:48:05Z,
148.113.128.150,ipv4,botnet,high,WHITE,blocklist.de/bots|blocklist.de/all|ziyadnz/hourly-ipv4,blocklist.de|bot|irc-bot|brute-force|ziyadnz|hourly,2026-08-17T18:48:05Z,2026-08-17T18:48:05Z,
148.113.128.151,ipv4,botnet,high,WHITE,blocklist.de/bots|blocklist.de/all|ziyadnz/hourly-ipv4,blocklist.de|bot|irc-bot|brute-force|ziyadnz|hourly,2026-08-17T18:48:05Z,2026-08-17T18:48:05Z,
148.113.128.152,ipv4,botnet,high,WHITE,blocklist.de/bots|blocklist.de/all|ziyadnz/hourly-ipv4,blocklist.de|bot|irc-bot|brute-force|ziyadnz|hourly,2026-08-17T18:48:05Z,2026-08-17T18:48:05Z,
148.113.128.157,ipv4,botnet,high,WHITE,blocklist.de/bots|blocklist.de/all|ziyadnz/hourly-ipv4,blocklist.de|bot|irc-bot|brute-force|ziyadnz|hourly,2026-08-17T18:48:05Z,2026-08-17T18:48:05Z,
148.113.128.16,ipv4,botnet,high,WHITE,blocklist.de/bots|blocklist.de/all|ziyadnz/hourly-ipv4,blocklist.de|bot|irc-bot|brute-force|ziyadnz|hourly,2026-08-17T18:48:05Z,2026-08-17T18:48:05Z,
148.113.128.161,ipv4,botnet,high,WHITE,blocklist.de/bots|blocklist.de/all|ziyadnz/hourly-ipv4,blocklist.de|bot|irc-bot|brute-force|ziyadnz|hourly,2026-08-17T18:48:05Z,2026-08-17T18:48:05Z,
148.113.128.163,ipv4,botnet,high,WHITE,blocklist.de/bots|blocklist.de/all|ziyadnz/hourly-ipv4,blocklist.de|bot|irc-bot|brute-force|ziyadnz|hourly,2026-08-17T18:48:05Z,2026-08-17T18:48:05Z,
148.113.128.172,ipv4,botnet,high,WHITE,blocklist.de/bots|blocklist.de/all|ziyadnz/hourly-ipv4,blocklist.de|bot|irc-bot|brute-force|ziyadnz|hourly,2026-08-17T18:48:05Z,2026-08-17T18:48:05Z,
148.113.128.173,ipv4,botnet,high,WHITE,blocklist.de/bots|blocklist.de/all|ziyadnz/hourly-ipv4,blocklist.de|bot|irc-bot|brute-force|ziyadnz|hourly,2026-08-17T18:48:05Z,2026-08-17T18:48:05Z,
148.113.128.178,ipv4,botnet,high,WHITE,blocklist.de/bots|blocklist.de/all|ziyadnz/hourly-ipv4,blocklist.de|bot|irc-bot|brute-force|ziyadnz|hourly,2026-08-17T18:48:05Z,2026-08-17T18:48:05Z,
148.113.128.179,ipv4,botnet,high,WHITE,blocklist.de/bots|blocklist.de/all|ziyadnz/hourly-ipv4,blocklist.de|bot|irc-bot|brute-force|ziyadnz|hourly,2026-08-17T18:48:05Z,2026-08-17T18:48:05Z,
148.113.128.180,ipv4,botnet,high,WHITE,blocklist.de/bots|blocklist.de/all|ziyadnz/hourly-ipv4,blocklist.de|bot|irc-bot|brute-force|ziyadnz|hourly,2026-08-17T18:48:05Z,2026-08-17T18:48:05Z,
148.113.128.181,ipv4,botnet,high,WHITE,blocklist.de/bots|blocklist.de/all|ziyadnz/hourly-ipv4,blocklist.de|bot|irc-bot|brute-force|ziyadnz|hourly,2026-08-17T18:48:05Z,2026-08-17T18:48:05Z,
148.113.128.183,ipv4,botnet,high,WHITE,blocklist.de/bots|blocklist.de/all|ziyadnz/hourly-ipv4,blocklist.de|bot|irc-bot|brute-force|ziyadnz|hourly,2026-08-17T18:48:05Z,2026-08-17T18:48:05Z,
148.113.128.184,ipv4,botnet,high,WHITE,blocklist.de/bots|blocklist.de/all|ziyadnz/hourly-ipv4,blocklist.de|bot|irc-bot|brute-force|ziyadnz|hourly,2026-08-17T18:48:05Z,2026-08-17T18:48:05Z,
148.113.128.185,ipv4,botnet,high,WHITE,blocklist.de/bots|blocklist.de/all|ziyadnz/hourly-ipv4,blocklist.de|bot|irc-bot|brute-force|ziyadnz|hourly,2026-08-17T18:48:05Z,2026-08-17T18:48:05Z,
148.113.128.186,ipv4,botnet,high,WHITE,blocklist.de/bots|blocklist.de/all|ziyadnz/hourly-ipv4,blocklist.de|bot|irc-bot|brute-force|ziyadnz|hourly,2026-08-17T18:48:05Z,2026-08-17T18:48:05Z,
148.113.128.187,ipv4,botnet,high,WHITE,blocklist.de/bots|blocklist.de/all|ziyadnz/hourly-ipv4,blocklist.de|bot|irc-bot|brute-force|ziyadnz|hourly,2026-08-17T18:48:05Z,2026-08-17T18:48:05Z,
148.113.128.19,ipv4,botnet,high,WHITE,blocklist.de/bots|blocklist.de/all|ziyadnz/hourly-ipv4,blocklist.de|bot|irc-bot|brute-force|ziyadnz|hourly,2026-08-17T18:48:05Z,2026-08-17T18:48:05Z,
148.113.128.190,ipv4,botnet,high,WHITE,blocklist.de/bots|blocklist.de/all|ziyadnz/hourly-ipv4,blocklist.de|bot|irc-bot|brute-force|ziyadnz|hourly,2026-08-17T18:48:05Z,2026-08-17T18:48:05Z,
148.113.128.192,ipv4,botnet,high,WHITE,blocklist.de/bots|blocklist.de/all|ziyadnz/hourly-ipv4,blocklist.de|bot|irc-bot|brute-force|ziyadnz|hourly,2026-08-17T18:48:05Z,2026-08-17T18:48:05Z,
148.113.128.195,ipv4,botnet,high,WHITE,blocklist.de/bots|blocklist.de/all|ziyadnz/hourly-ipv4,blocklist.de|bot|irc-bot|brute-force|ziyadnz|hourly,2026-08-17T18:48:05Z,2026-08-17T18:48:05Z,
148.113.128.196,ipv4,botnet,high,WHITE,blocklist.de/bots|blocklist.de/all|ziyadnz/hourly-ipv4,blocklist.de|bot|irc-bot|brute-force|ziyadnz|hourly,2026-08-17T18:48:05Z,2026-08-17T18:48:05Z,
148.113.128.199,ipv4,botnet,high,WHITE,blocklist.de/bots|blocklist.de/all|ziyadnz/hourly-ipv4,blocklist.de|bot|irc-bot|brute-force|ziyadnz|hourly,2026-08-17T18:48:05Z,2026-08-17T18:48:05Z,
148.113.128.20,ipv4,botnet,high,WHITE,blocklist.de/bots|blocklist.de/all|ziyadnz/hourly-ipv4,blocklist.de|bot|irc-bot|brute-force|ziyadnz|hourly,2026-08-17T18:48:05Z,2026-08-17T18:48:05Z,
148.113.128.200,ipv4,botnet,high,WHITE,blocklist.de/bots|blocklist.de/all|ziyadnz/hourly-ipv4,blocklist.de|bot|irc-bot|brute-force|ziyadnz|hourly,2026-08-17T18:48:05Z,2026-08-17T18:48:05Z,
148.113.128.201,ipv4,botnet,high,WHITE,blocklist.de/bots|blocklist.de/all|ziyadnz/hourly-ipv4,blocklist.de|bot|irc-bot|brute-force|ziyadnz|hourly,2026-08-17T18:48:05Z,2026-08-17T18:48:05Z,
148.113.128.202,ipv4,botnet,high,WHITE,blocklist.de/bots|blocklist.de/all|ziyadnz/hourly-ipv4,blocklist.de|bot|irc-bot|brute-force|ziyadnz|hourly,2026-08-17T18:48:05Z,2026-08-17T18:48:05Z,
148.113.128.206,ipv4,botnet,high,WHITE,blocklist.de/bots|blocklist.de/all|ziyadnz/hourly-ipv4,blocklist.de|bot|irc-bot|brute-force|ziyadnz|hourly,2026-08-17T18:48:05Z,2026-08-17T18:48:05Z,
148.113.128.21,ipv4,botnet,high,WHITE,blocklist.de/bots|blocklist.de/all|ziyadnz/hourly-ipv4,blocklist.de|bot|irc-bot|brute-force|ziyadnz|hourly,2026-08-17T18:48:05Z,2026-08-17T18:48:05Z,
148.113.128.210,ipv4,botnet,high,WHITE,blocklist.de/bots|blocklist.de/all|ziyadnz/hourly-ipv4,blocklist.de|bot|irc-bot|brute-force|ziyadnz|hourly,2026-08-17T18:48:05Z,2026-08-17T18:48:05Z,
148.113.128.211,ipv4,botnet,high,WHITE,blocklist.de/bots|blocklist.de/all|ziyadnz/hourly-ipv4,blocklist.de|bot|irc-bot|brute-force|ziyadnz|hourly,2026-08-17T18:48:05Z,2026-08-17T18:48:05Z,
148.113.128.212,ipv4,botnet,high,WHITE,blocklist.de/bots|blocklist.de/all|ziyadnz/hourly-ipv4,blocklist.de|bot|irc-bot|brute-force|ziyadnz|hourly,2026-08-17T18:48:05Z,2026-08-17T18:48:05Z,
148.113.128.217,ipv4,botnet,high,WHITE,blocklist.de/bots|blocklist.de/all|ziyadnz/hourly-ipv4,blocklist.de|bot|irc-bot|brute-force|ziyadnz|hourly,2026-08-17T18:48:05Z,2026-08-17T18:48:05Z,
148.113.128.22,ipv4,botnet,high,WHITE,blocklist.de/bots|blocklist.de/all|ziyadnz/hourly-ipv4,blocklist.de|bot|irc-bot|brute-force|ziyadnz|hourly,2026-08-17T18:48:05Z,2026-08-17T18:48:05Z,
148.113.128.222,ipv4,botnet,high,WHITE,blocklist.de/bots|blocklist.de/all|ziyadnz/hourly-ipv4,blocklist.de|bot|irc-bot|brute-force|ziyadnz|hourly,2026-08-17T18:48:05Z,2026-08-17T18:48:05Z,
148.113.128.223,ipv4,botnet,high,WHITE,blocklist.de/bots|blocklist.de/all|ziyadnz/hourly-ipv4,blocklist.de|bot|irc-bot|brute-force|ziyadnz|hourly,2026-08-17T18:48:05Z,2026-08-17T18:48:05Z,
148.113.128.224,ipv4,botnet,high,WHITE,blocklist.de/bots|blocklist.de/all|ziyadnz/hourly-ipv4,blocklist.de|bot|irc-bot|brute-force|ziyadnz|hourly,2026-08-17T18:48:05Z,2026-08-17T18:48:05Z,
148.113.128.227,ipv4,botnet,high,WHITE,blocklist.de/bots|blocklist.de/all|ziyadnz/hourly-ipv4,blocklist.de|bot|irc-bot|brute-force|ziyadnz|hourly,2026-08-17T18:48:05Z,2026-08-17T18:48:05Z,
148.113.128.229,ipv4,botnet,high,WHITE,blocklist.de/bots|blocklist.de/all|ziyadnz/hourly-ipv4,blocklist.de|bot|irc-bot|brute-force|ziyadnz|hourly,2026-08-17T18:48:05Z,2026-08-17T18:48:05Z,
148.113.128.23,ipv4,botnet,high,WHITE,blocklist.de/bots|blocklist.de/all|ziyadnz/hourly-ipv4,blocklist.de|bot|irc-bot|brute-force|ziyadnz|hourly,2026-08-17T18:48:05Z,2026-08-17T18:48:05Z,
148.113.128.231,ipv4,botnet,high,WHITE,blocklist.de/bots|blocklist.de/all|ziyadnz/hourly-ipv4,blocklist.de|bot|irc-bot|brute-force|ziyadnz|hourly,2026-08-17T18:48:05Z,2026-08-17T18:48:05Z,
148.113.128.238,ipv4,botnet,high,WHITE,blocklist.de/bots|blocklist.de/all|ziyadnz/hourly-ipv4,blocklist.de|bot|irc-bot|brute-force|ziyadnz|hourly,2026-08-17T18:48:05Z,2026-08-17T18:48:05Z,
148.113.128.239,ipv4,botnet,high,WHITE,blocklist.de/bots|blocklist.de/all|ziyadnz/hourly-ipv4,blocklist.de|bot|irc-bot|brute-force|ziyadnz|hourly,2026-08-17T18:48:05Z,2026-08-17T18:48:05Z,
148.113.128.241,ipv4,botnet,high,WHITE,blocklist.de/bots|blocklist.de/all|ziyadnz/hourly-ipv4,blocklist.de|bot|irc-bot|brute-force|ziyadnz|hourly,2026-08-17T18:48:05Z,2026-08-17T18:48:05Z,
148.113.128.244,ipv4,botnet,high,WHITE,blocklist.de/bots|blocklist.de/all|ziyadnz/hourly-ipv4,blocklist.de|bot|irc-bot|brute-force|ziyadnz|hourly,2026-08-17T18:48:05Z,2026-08-17T18:48:05Z,
148.113.128.245,ipv4,botnet,high,WHITE,blocklist.de/bots|blocklist.de/all|ziyadnz/hourly-ipv4,blocklist.de|bot|irc-bot|brute-force|ziyadnz|hourly,2026-08-17T18:48:05Z,2026-08-17T18:48:05Z,
148.113.128.254,ipv4,botnet,high,WHITE,blocklist.de/bots|blocklist.de/all|ziyadnz/hourly-ipv4,blocklist.de|bot|irc-bot|brute-force|ziyadnz|hourly,2026-08-17T18:48:05Z,2026-08-17T18:48:05Z,
148.113.128.26,ipv4,botnet,high,WHITE,blocklist.de/bots|blocklist.de/all|ziyadnz/hourly-ipv4,blocklist.de|bot|irc-bot|brute-force|ziyadnz|hourly,2026-08-17T18:48:05Z,2026-08-17T18:48:05Z,
148.113.128.28,ipv4,botnet,high,WHITE,blocklist.de/bots|blocklist.de/all|ziyadnz/hourly-ipv4,blocklist.de|bot|irc-bot|brute-force|ziyadnz|hourly,2026-08-17T18:48:05Z,2026-08-17T18:48:05Z,
148.113.128.38,ipv4,botnet,high,WHITE,blocklist.de/bots|blocklist.de/all|ziyadnz/hourly-ipv4,blocklist.de|bot|irc-bot|brute-force|ziyadnz|hourly,2026-08-17T18:48:05Z,2026-08-17T18:48:05Z,
148.113.128.39,ipv4,botnet,high,WHITE,blocklist.de/bots|blocklist.de/all|ziyadnz/hourly-ipv4,blocklist.de|bot|irc-bot|brute-force|ziyadnz|hourly,2026-08-17T18:48:05Z,2026-08-17T18:48:05Z,
148.113.128.4,ipv4,botnet,high,WHITE,blocklist.de/bots|blocklist.de/all|ziyadnz/hourly-ipv4,blocklist.de|bot|irc-bot|brute-force|ziyadnz|hourly,2026-08-17T18:48:05Z,2026-08-17T18:48:05Z,
148.113.128.46,ipv4,botnet,high,WHITE,blocklist.de/bots|blocklist.de/all|ziyadnz/hourly-ipv4,blocklist.de|bot|irc-bot|brute-force|ziyadnz|hourly,2026-08-17T18:48:05Z,2026-08-17T18:48:05Z,
148.113.128.47,ipv4,botnet,high,WHITE,blocklist.de/bots|blocklist.de/all|ziyadnz/hourly-ipv4,blocklist.de|bot|irc-bot|brute-force|ziyadnz|hourly,2026-08-17T18:48:05Z,2026-08-17T18:48:05Z,
148.113.128.48,ipv4,botnet,high,WHITE,blocklist.de/bots|blocklist.de/all|ziyadnz/hourly-ipv4,blocklist.de|bot|irc-bot|brute-force|ziyadnz|hourly,2026-08-17T18:48:05Z,2026-08-17T18:48:05Z,
148.113.128.5,ipv4,botnet,high,WHITE,blocklist.de/bots|blocklist.de/all|ziyadnz/hourly-ipv4,blocklist.de|bot|irc-bot|brute-force|ziyadnz|hourly,2026-08-17T18:48:05Z,2026-08-17T18:48:05Z,
148.113.128.50,ipv4,botnet,high,WHITE,blocklist.de/bots|blocklist.de/all|ziyadnz/hourly-ipv4,blocklist.de|bot|irc-bot|brute-force|ziyadnz|hourly,2026-08-17T18:48:05Z,2026-08-17T18:48:05Z,
148.113.128.51,ipv4,botnet,high,WHITE,blocklist.de/bots|blocklist.de/all|ziyadnz/hourly-ipv4,blocklist.de|bot|irc-bot|brute-force|ziyadnz|hourly,2026-08-17T18:48:05Z,2026-08-17T18:48:05Z,
148.113.128.52,ipv4,botnet,high,WHITE,blocklist.de/bots|blocklist.de/all|ziyadnz/hourly-ipv4,blocklist.de|bot|irc-bot|brute-force|ziyadnz|hourly,2026-08-17T18:48:05Z,2026-08-17T18:48:05Z,
148.113.128.53,ipv4,botnet,high,WHITE,blocklist.de/bots|blocklist.de/all|ziyadnz/hourly-ipv4,blocklist.de|bot|irc-bot|brute-force|ziyadnz|hourly,2026-08-17T18:48:05Z,2026-08-17T18:48:05Z,
148.113.128.54,ipv4,botnet,high,WHITE,blocklist.de/bots|blocklist.de/all|ziyadnz/hourly-ipv4,blocklist.de|bot|irc-bot|brute-force|ziyadnz|hourly,2026-08-17T18:48:05Z,2026-08-17T18:48:05Z,
148.113.128.59,ipv4,botnet,high,WHITE,blocklist.de/bots|blocklist.de/all|ziyadnz/hourly-ipv4,blocklist.de|bot|irc-bot|brute-force|ziyadnz|hourly,2026-08-17T18:48:05Z,2026-08-17T18:48:05Z,
148.113.128.60,ipv4,botnet,high,WHITE,blocklist.de/bots|blocklist.de/all|ziyadnz/hourly-ipv4,blocklist.de|bot|irc-bot|brute-force|ziyadnz|hourly,2026-08-17T18:48:05Z,2026-08-17T18:48:05Z,
148.113.128.62,ipv4,botnet,high,WHITE,blocklist.de/bots|blocklist.de/all|ziyadnz/hourly-ipv4,blocklist.de|bot|irc-bot|brute-force|ziyadnz|hourly,2026-08-17T18:48:05Z,2026-08-17T18:48:05Z,
148.113.128.63,ipv4,botnet,high,WHITE,blocklist.de/bots|blocklist.de/all|ziyadnz/hourly-ipv4,blocklist.de|bot|irc-bot|brute-force|ziyadnz|hourly,2026-08-17T18:48:05Z,2026-08-17T18:48:05Z,
148.113.128.67,ipv4,botnet,high,WHITE,blocklist.de/bots|blocklist.de/all|ziyadnz/hourly-ipv4,blocklist.de|bot|irc-bot|brute-force|ziyadnz|hourly,2026-08-17T18:48:05Z,2026-08-17T18:48:05Z,
148.113.128.71,ipv4,botnet,high,WHITE,blocklist.de/bots|blocklist.de/all|ziyadnz/hourly-ipv4,blocklist.de|bot|irc-bot|brute-force|ziyadnz|hourly,2026-08-17T18:48:05Z,2026-08-17T18:48:05Z,
148.113.128.73,ipv4,botnet,high,WHITE,blocklist.de/bots|blocklist.de/all|ziyadnz/hourly-ipv4,blocklist.de|bot|irc-bot|brute-force|ziyadnz|hourly,2026-08-17T18:48:05Z,2026-08-17T18:48:05Z,
148.113.128.74,ipv4,botnet,high,WHITE,blocklist.de/bots|blocklist.de/all|ziyadnz/hourly-ipv4,blocklist.de|bot|irc-bot|brute-force|ziyadnz|hourly,2026-08-17T18:48:05Z,2026-08-17T18:48:05Z,
148.113.128.76,ipv4,botnet,high,WHITE,blocklist.de/bots|blocklist.de/all|ziyadnz/hourly-ipv4,blocklist.de|bot|irc-bot|brute-force|ziyadnz|hourly,2026-08-17T18:48:05Z,2026-08-17T18:48:05Z,
148.113.128.77,ipv4,botnet,high,WHITE,blocklist.de/bots|blocklist.de/all|ziyadnz/hourly-ipv4,blocklist.de|bot|irc-bot|brute-force|ziyadnz|hourly,2026-08-17T18:48:05Z,2026-08-17T18:48:05Z,
148.113.128.78,ipv4,botnet,high,WHITE,blocklist.de/bots|blocklist.de/all|ziyadnz/hourly-ipv4,blocklist.de|bot|irc-bot|brute-force|ziyadnz|hourly,2026-08-17T18:48:05Z,2026-08-17T18:48:05Z,
148.113.128.8,ipv4,botnet,high,WHITE,blocklist.de/bots|blocklist.de/all|ziyadnz/hourly-ipv4,blocklist.de|bot|irc-bot|brute-force|ziyadnz|hourly,2026-08-17T18:48:05Z,2026-08-17T18:48:05Z,
148.113.128.83,ipv4,botnet,high,WHITE,blocklist.de/bots|blocklist.de/all|ziyadnz/hourly-ipv4,blocklist.de|bot|irc-bot|brute-force|ziyadnz|hourly,2026-08-17T18:48:05Z,2026-08-17T18:48:05Z,
148.113.128.87,ipv4,botnet,high,WHITE,blocklist.de/bots|blocklist.de/all|ziyadnz/hourly-ipv4,blocklist.de|bot|irc-bot|brute-force|ziyadnz|hourly,2026-08-17T18:48:05Z,2026-08-17T18:48:05Z,
148.113.128.88,ipv4,botnet,high,WHITE,blocklist.de/bots|blocklist.de/all|ziyadnz/hourly-ipv4,blocklist.de|bot|irc-bot|brute-force|ziyadnz|hourly,2026-08-17T18:48:05Z,2026-08-17T18:48:05Z,
148.113.128.89,ipv4,botnet,high,WHITE,blocklist.de/bots|blocklist.de/all|ziyadnz/hourly-ipv4,blocklist.de|bot|irc-bot|brute-force|ziyadnz|hourly,2026-08-17T18:48:05Z,2026-08-17T18:48:05Z,
148.113.128.9,ipv4,botnet,high,WHITE,blocklist.de/bots|blocklist.de/all|ziyadnz/hourly-ipv4,blocklist.de|bot|irc-bot|brute-force|ziyadnz|hourly,2026-08-17T18:48:05Z,2026-08-17T18:48:05Z,
148.113.128.90,ipv4,botnet,high,WHITE,blocklist.de/bots|blocklist.de/all|ziyadnz/hourly-ipv4,blocklist.de|bot|irc-bot|brute-force|ziyadnz|hourly,2026-08-17T18:48:05Z,2026-08-17T18:48:05Z,
148.113.128.91,ipv4,botnet,high,WHITE,blocklist.de/bots|blocklist.de/all|ziyadnz/hourly-ipv4,blocklist.de|bot|irc-bot|brute-force|ziyadnz|hourly,2026-08-17T18:48:05Z,2026-08-17T18:48:05Z,
148.113.128.92,ipv4,botnet,high,WHITE,blocklist.de/bots|blocklist.de/all|ziyadnz/hourly-ipv4,blocklist.de|bot|irc-bot|brute-force|ziyadnz|hourly,2026-08-17T18:48:05Z,2026-08-17T18:48:05Z,
148.113.128.93,ipv4,botnet,high,WHITE,blocklist.de/bots|blocklist.de/all|ziyadnz/hourly-ipv4,blocklist.de|bot|irc-bot|brute-force|ziyadnz|hourly,2026-08-17T18:48:05Z,2026-08-17T18:48:05Z,
148.113.128.94,ipv4,botnet,high,WHITE,blocklist.de/bots|blocklist.de/all|ziyadnz/hourly-ipv4,blocklist.de|bot|irc-bot|brute-force|ziyadnz|hourly,2026-08-17T18:48:05Z,2026-08-17T18:48:05Z,
148.113.130.0,ipv4,botnet,high,WHITE,blocklist.de/bots|blocklist.de/all|ziyadnz/hourly-ipv4,blocklist.de|bot|irc-bot|brute-force|ziyadnz|hourly,2026-08-17T18:48:05Z,2026-08-17T18:48:05Z,
148.113.130.1,ipv4,botnet,high,WHITE,blocklist.de/bots|blocklist.de/all|ziyadnz/hourly-ipv4,blocklist.de|bot|irc-bot|brute-force|ziyadnz|hourly,2026-08-17T18:48:05Z,2026-08-17T18:48:05Z,
148.113.130.100,ipv4,botnet,high,WHITE,blocklist.de/bots|blocklist.de/all|ziyadnz/hourly-ipv4,blocklist.de|bot|irc-bot|brute-force|ziyadnz|hourly,2026-08-17T18:48:05Z,2026-08-17T18:48:05Z,
148.113.130.101,ipv4,botnet,high,WHITE,blocklist.de/bots|blocklist.de/all|ziyadnz/hourly-ipv4,blocklist.de|bot|irc-bot|brute-force|ziyadnz|hourly,2026-08-17T18:48:05Z,2026-08-17T18:48:05Z,
148.113.130.104,ipv4,botnet,high,WHITE,blocklist.de/bots|blocklist.de/all|ziyadnz/hourly-ipv4,blocklist.de|bot|irc-bot|brute-force|ziyadnz|hourly,2026-08-17T18:48:05Z,2026-08-17T18:48:05Z,
148.113.130.105,ipv4,botnet,high,WHITE,blocklist.de/bots|blocklist.de/all|ziyadnz/hourly-ipv4,blocklist.de|bot|irc-bot|brute-force|ziyadnz|hourly,2026-08-17T18:48:05Z,2026-08-17T18:48:05Z,
148.113.130.106,ipv4,botnet,high,WHITE,blocklist.de/bots|blocklist.de/all|ziyadnz/hourly-ipv4,blocklist.de|bot|irc-bot|brute-force|ziyadnz|hourly,2026-08-17T18:48:05Z,2026-08-17T18:48:05Z,
148.113.130.107,ipv4,botnet,high,WHITE,blocklist.de/bots|blocklist.de/all|ziyadnz/hourly-ipv4,blocklist.de|bot|irc-bot|brute-force|ziyadnz|hourly,2026-08-17T18:48:05Z,2026-08-17T18:48:05Z,
148.113.130.111,ipv4,botnet,high,WHITE,blocklist.de/bots|blocklist.de/all|ziyadnz/hourly-ipv4,blocklist.de|bot|irc-bot|brute-force|ziyadnz|hourly,2026-08-17T18:48:05Z,2026-08-17T18:48:05Z,
148.113.130.115,ipv4,botnet,high,WHITE,blocklist.de/bots|blocklist.de/all|ziyadnz/hourly-ipv4,blocklist.de|bot|irc-bot|brute-force|ziyadnz|hourly,2026-08-17T18:48:05Z,2026-08-17T18:48:05Z,
148.113.130.116,ipv4,botnet,high,WHITE,blocklist.de/bots|blocklist.de/all|ziyadnz/hourly-ipv4,blocklist.de|bot|irc-bot|brute-force|ziyadnz|hourly,2026-08-17T18:48:05Z,2026-08-17T18:48:05Z,
148.113.130.118,ipv4,botnet,high,WHITE,blocklist.de/bots|blocklist.de/all|ziyadnz/hourly-ipv4,blocklist.de|bot|irc-bot|brute-force|ziyadnz|hourly,2026-08-17T18:48:05Z,2026-08-17T18:48:05Z,
148.113.130.12,ipv4,botnet,high,WHITE,blocklist.de/bots|blocklist.de/all|ziyadnz/hourly-ipv4,blocklist.de|bot|irc-bot|brute-force|ziyadnz|hourly,2026-08-17T18:48:05Z,2026-08-17T18:48:05Z,
148.113.130.122,ipv4,botnet,high,WHITE,blocklist.de/bots|blocklist.de/all|ziyadnz/hourly-ipv4,blocklist.de|bot|irc-bot|brute-force|ziyadnz|hourly,2026-08-17T18:48:05Z,2026-08-17T18:48:05Z,
148.113.130.124,ipv4,botnet,high,WHITE,blocklist.de/bots|blocklist.de/all|ziyadnz/hourly-ipv4,blocklist.de|bot|irc-bot|brute-force|ziyadnz|hourly,2026-08-17T18:48:05Z,2026-08-17T18:48:05Z,
148.113.130.129,ipv4,botnet,high,WHITE,blocklist.de/bots|blocklist.de/all|ziyadnz/hourly-ipv4,blocklist.de|bot|irc-bot|brute-force|ziyadnz|hourly,2026-08-17T18:48:05Z,2026-08-17T18:48:05Z,
148.113.130.132,ipv4,botnet,high,WHITE,blocklist.de/bots|blocklist.de/all|ziyadnz/hourly-ipv4,blocklist.de|bot|irc-bot|brute-force|ziyadnz|hourly,2026-08-17T18:48:05Z,2026-08-17T18:48:05Z,
148.113.130.133,ipv4,botnet,high,WHITE,blocklist.de/bots|blocklist.de/all|ziyadnz/hourly-ipv4,blocklist.de|bot|irc-bot|brute-force|ziyadnz|hourly,2026-08-17T18:48:05Z,2026-08-17T18:48:05Z,
148.113.130.134,ipv4,botnet,high,WHITE,blocklist.de/bots|blocklist.de/all|ziyadnz/hourly-ipv4,blocklist.de|bot|irc-bot|brute-force|ziyadnz|hourly,2026-08-17T18:48:05Z,2026-08-17T18:48:05Z,
148.113.130.138,ipv4,botnet,high,WHITE,blocklist.de/bots|blocklist.de/all|ziyadnz/hourly-ipv4,blocklist.de|bot|irc-bot|brute-force|ziyadnz|hourly,2026-08-17T18:48:05Z,2026-08-17T18:48:05Z,
148.113.130.14,ipv4,botnet,high,WHITE,blocklist.de/bots|blocklist.de/all|ziyadnz/hourly-ipv4,blocklist.de|bot|irc-bot|brute-force|ziyadnz|hourly,2026-08-17T18:48:05Z,2026-08-17T18:48:05Z,
148.113.130.142,ipv4,botnet,high,WHITE,blocklist.de/bots|blocklist.de/all|ziyadnz/hourly-ipv4,blocklist.de|bot|irc-bot|brute-force|ziyadnz|hourly,2026-08-17T18:48:05Z,2026-08-17T18:48:05Z,
148.113.130.143,ipv4,botnet,high,WHITE,blocklist.de/bots|blocklist.de/all|ziyadnz/hourly-ipv4,blocklist.de|bot|irc-bot|brute-force|ziyadnz|hourly,2026-08-17T18:48:05Z,2026-08-17T18:48:05Z,
148.113.130.144,ipv4,botnet,high,WHITE,blocklist.de/bots|blocklist.de/all|ziyadnz/hourly-ipv4,blocklist.de|bot|irc-bot|brute-force|ziyadnz|hourly,2026-08-17T18:48:05Z,2026-08-17T18:48:05Z,
148.113.130.146,ipv4,botnet,high,WHITE,blocklist.de/bots|blocklist.de/all|ziyadnz/hourly-ipv4,blocklist.de|bot|irc-bot|brute-force|ziyadnz|hourly,2026-08-17T18:48:05Z,2026-08-17T18:48:05Z,
148.113.130.148,ipv4,botnet,high,WHITE,blocklist.de/bots|blocklist.de/all|ziyadnz/hourly-ipv4,blocklist.de|bot|irc-bot|brute-force|ziyadnz|hourly,2026-08-17T18:48:05Z,2026-08-17T18:48:05Z,
148.113.130.150,ipv4,botnet,high,WHITE,blocklist.de/bots|blocklist.de/all|ziyadnz/hourly-ipv4,blocklist.de|bot|irc-bot|brute-force|ziyadnz|hourly,2026-08-17T18:48:05Z,2026-08-17T18:48:05Z,
148.113.130.154,ipv4,botnet,high,WHITE,blocklist.de/bots|blocklist.de/all|ziyadnz/hourly-ipv4,blocklist.de|bot|irc-bot|brute-force|ziyadnz|hourly,2026-08-17T18:48:05Z,2026-08-17T18:48:05Z,
148.113.130.156,ipv4,botnet,high,WHITE,blocklist.de/bots|blocklist.de/all|ziyadnz/hourly-ipv4,blocklist.de|bot|irc-bot|brute-force|ziyadnz|hourly,2026-08-17T18:48:05Z,2026-08-17T18:48:05Z,
148.113.130.16,ipv4,botnet,high,WHITE,blocklist.de/bots|blocklist.de/all|ziyadnz/hourly-ipv4,blocklist.de|bot|irc-bot|brute-force|ziyadnz|hourly,2026-08-17T18:48:05Z,2026-08-17T18:48:05Z,
148.113.130.160,ipv4,botnet,high,WHITE,blocklist.de/bots|blocklist.de/all|ziyadnz/hourly-ipv4,blocklist.de|bot|irc-bot|brute-force|ziyadnz|hourly,2026-08-17T18:48:05Z,2026-08-17T18:48:05Z,
148.113.130.162,ipv4,botnet,high,WHITE,blocklist.de/bots|blocklist.de/all|ziyadnz/hourly-ipv4,blocklist.de|bot|irc-bot|brute-force|ziyadnz|hourly,2026-08-17T18:48:05Z,2026-08-17T18:48:05Z,
148.113.130.164,ipv4,botnet,high,WHITE,blocklist.de/bots|blocklist.de/all|ziyadnz/hourly-ipv4,blocklist.de|bot|irc-bot|brute-force|ziyadnz|hourly,2026-08-17T18:48:05Z,2026-08-17T18:48:05Z,
148.113.130.165,ipv4,botnet,high,WHITE,blocklist.de/bots|blocklist.de/all|ziyadnz/hourly-ipv4,blocklist.de|bot|irc-bot|brute-force|ziyadnz|hourly,2026-08-17T18:48:05Z,2026-08-17T18:48:05Z,
148.113.130.166,ipv4,botnet,high,WHITE,blocklist.de/bots|blocklist.de/all|ziyadnz/hourly-ipv4,blocklist.de|bot|irc-bot|brute-force|ziyadnz|hourly,2026-08-17T18:48:05Z,2026-08-17T18:48:05Z,
148.113.130.167,ipv4,botnet,high,WHITE,blocklist.de/bots|blocklist.de/all|ziyadnz/hourly-ipv4,blocklist.de|bot|irc-bot|brute-force|ziyadnz|hourly,2026-08-17T18:48:05Z,2026-08-17T18:48:05Z,
148.113.130.168,ipv4,botnet,high,WHITE,blocklist.de/bots|blocklist.de/all|ziyadnz/hourly-ipv4,blocklist.de|bot|irc-bot|brute-force|ziyadnz|hourly,2026-08-17T18:48:05Z,2026-08-17T18:48:05Z,
148.113.130.169,ipv4,botnet,high,WHITE,blocklist.de/bots|blocklist.de/all|ziyadnz/hourly-ipv4,blocklist.de|bot|irc-bot|brute-force|ziyadnz|hourly,2026-08-17T18:48:05Z,2026-08-17T18:48:05Z,
148.113.130.17,ipv4,botnet,high,WHITE,blocklist.de/bots|blocklist.de/all|ziyadnz/hourly-ipv4,blocklist.de|bot|irc-bot|brute-force|ziyadnz|hourly,2026-08-17T18:48:05Z,2026-08-17T18:48:05Z,
148.113.130.175,ipv4,botnet,high,WHITE,blocklist.de/bots|blocklist.de/all|ziyadnz/hourly-ipv4,blocklist.de|bot|irc-bot|brute-force|ziyadnz|hourly,2026-08-17T18:48:05Z,2026-08-17T18:48:05Z,
148.113.130.178,ipv4,botnet,high,WHITE,blocklist.de/bots|blocklist.de/all|ziyadnz/hourly-ipv4,blocklist.de|bot|irc-bot|brute-force|ziyadnz|hourly,2026-08-17T18:48:05Z,2026-08-17T18:48:05Z,
148.113.130.179,ipv4,botnet,high,WHITE,blocklist.de/bots|blocklist.de/all|ziyadnz/hourly-ipv4,blocklist.de|bot|irc-bot|brute-force|ziyadnz|hourly,2026-08-17T18:48:05Z,2026-08-17T18:48:05Z,
148.113.130.18,ipv4,botnet,high,WHITE,blocklist.de/bots|blocklist.de/all|ziyadnz/hourly-ipv4,blocklist.de|bot|irc-bot|brute-force|ziyadnz|hourly,2026-08-17T18:48:05Z,2026-08-17T18:48:05Z,
148.113.130.182,ipv4,botnet,high,WHITE,blocklist.de/bots|blocklist.de/all|ziyadnz/hourly-ipv4,blocklist.de|bot|irc-bot|brute-force|ziyadnz|hourly,2026-08-17T18:48:05Z,2026-08-17T18:48:05Z,
148.113.130.184,ipv4,botnet,high,WHITE,blocklist.de/bots|blocklist.de/all|ziyadnz/hourly-ipv4,blocklist.de|bot|irc-bot|brute-force|ziyadnz|hourly,2026-08-17T18:48:05Z,2026-08-17T18:48:05Z,
148.113.130.185,ipv4,botnet,high,WHITE,blocklist.de/bots|blocklist.de/all|ziyadnz/hourly-ipv4,blocklist.de|bot|irc-bot|brute-force|ziyadnz|hourly,2026-08-17T18:48:05Z,2026-08-17T18:48:05Z,
148.113.130.188,ipv4,botnet,high,WHITE,blocklist.de/bots|blocklist.de/all|ziyadnz/hourly-ipv4,blocklist.de|bot|irc-bot|brute-force|ziyadnz|hourly,2026-08-17T18:48:05Z,2026-08-17T18:48:05Z,
148.113.130.19,ipv4,botnet,high,WHITE,blocklist.de/bots|blocklist.de/all|ziyadnz/hourly-ipv4,blocklist.de|bot|irc-bot|brute-force|ziyadnz|hourly,2026-08-17T18:48:05Z,2026-08-17T18:48:05Z,
148.113.130.190,ipv4,botnet,high,WHITE,blocklist.de/bots|blocklist.de/all|ziyadnz/hourly-ipv4,blocklist.de|bot|irc-bot|brute-force|ziyadnz|hourly,2026-08-17T18:48:05Z,2026-08-17T18:48:05Z,
148.113.130.191,ipv4,botnet,high,WHITE,blocklist.de/bots|blocklist.de/all|ziyadnz/hourly-ipv4,blocklist.de|bot|irc-bot|brute-force|ziyadnz|hourly,2026-08-17T18:48:05Z,2026-08-17T18:48:05Z,
148.113.130.194,ipv4,botnet,high,WHITE,blocklist.de/bots|blocklist.de/all|ziyadnz/hourly-ipv4,blocklist.de|bot|irc-bot|brute-force|ziyadnz|hourly,2026-08-17T18:48:05Z,2026-08-17T18:48:05Z,
148.113.130.196,ipv4,botnet,high,WHITE,blocklist.de/bots|blocklist.de/all|ziyadnz/hourly-ipv4,blocklist.de|bot|irc-bot|brute-force|ziyadnz|hourly,2026-08-17T18:48:05Z,2026-08-17T18:48:05Z,
148.113.130.197,ipv4,botnet,high,WHITE,blocklist.de/bots|blocklist.de/all|ziyadnz/hourly-ipv4,blocklist.de|bot|irc-bot|brute-force|ziyadnz|hourly,2026-08-17T18:48:05Z,2026-08-17T18:48:05Z,
148.113.130.205,ipv4,botnet,high,WHITE,blocklist.de/bots|blocklist.de/all|ziyadnz/hourly-ipv4,blocklist.de|bot|irc-bot|brute-force|ziyadnz|hourly,2026-08-17T18:48:05Z,2026-08-17T18:48:05Z,
148.113.130.206,ipv4,botnet,high,WHITE,blocklist.de/bots|blocklist.de/all|ziyadnz/hourly-ipv4,blocklist.de|bot|irc-bot|brute-force|ziyadnz|hourly,2026-08-17T18:48:05Z,2026-08-17T18:48:05Z,
148.113.130.210,ipv4,botnet,high,WHITE,blocklist.de/bots|blocklist.de/all|ziyadnz/hourly-ipv4,blocklist.de|bot|irc-bot|brute-force|ziyadnz|hourly,2026-08-17T18:48:05Z,2026-08-17T18:48:05Z,
148.113.130.211,ipv4,botnet,high,WHITE,blocklist.de/bots|blocklist.de/all|ziyadnz/hourly-ipv4,blocklist.de|bot|irc-bot|brute-force|ziyadnz|hourly,2026-08-17T18:48:05Z,2026-08-17T18:48:05Z,
148.113.130.219,ipv4,botnet,high,WHITE,blocklist.de/bots|blocklist.de/all|ziyadnz/hourly-ipv4,blocklist.de|bot|irc-bot|brute-force|ziyadnz|hourly,2026-08-17T18:48:05Z,2026-08-17T18:48:05Z,
148.113.130.220,ipv4,botnet,high,WHITE,blocklist.de/bots|blocklist.de/all|ziyadnz/hourly-ipv4,blocklist.de|bot|irc-bot|brute-force|ziyadnz|hourly,2026-08-17T18:48:05Z,2026-08-17T18:48:05Z,
148.113.130.221,ipv4,botnet,high,WHITE,blocklist.de/bots|blocklist.de/all|ziyadnz/hourly-ipv4,blocklist.de|bot|irc-bot|brute-force|ziyadnz|hourly,2026-08-17T18:48:05Z,2026-08-17T18:48:05Z,
148.113.130.223,ipv4,botnet,high,WHITE,blocklist.de/bots|blocklist.de/all|ziyadnz/hourly-ipv4,blocklist.de|bot|irc-bot|brute-force|ziyadnz|hourly,2026-08-17T18:48:05Z,2026-08-17T18:48:05Z,
148.113.130.224,ipv4,botnet,high,WHITE,blocklist.de/bots|blocklist.de/all|ziyadnz/hourly-ipv4,blocklist.de|bot|irc-bot|brute-force|ziyadnz|hourly,2026-08-17T18:48:05Z,2026-08-17T18:48:05Z,
148.113.130.228,ipv4,botnet,high,WHITE,blocklist.de/bots|blocklist.de/all|ziyadnz/hourly-ipv4,blocklist.de|bot|irc-bot|brute-force|ziyadnz|hourly,2026-08-17T18:48:05Z,2026-08-17T18:48:05Z,
148.113.130.23,ipv4,botnet,high,WHITE,blocklist.de/bots|blocklist.de/all|ziyadnz/hourly-ipv4,blocklist.de|bot|irc-bot|brute-force|ziyadnz|hourly,2026-08-17T18:48:05Z,2026-08-17T18:48:05Z,
148.113.130.230,ipv4,botnet,high,WHITE,blocklist.de/bots|blocklist.de/all|ziyadnz/hourly-ipv4,blocklist.de|bot|irc-bot|brute-force|ziyadnz|hourly,2026-08-17T18:48:05Z,2026-08-17T18:48:05Z,
148.113.130.235,ipv4,botnet,high,WHITE,blocklist.de/bots|blocklist.de/all|ziyadnz/hourly-ipv4,blocklist.de|bot|irc-bot|brute-force|ziyadnz|hourly,2026-08-17T18:48:05Z,2026-08-17T18:48:05Z,
148.113.130.236,ipv4,botnet,high,WHITE,blocklist.de/bots|blocklist.de/all|ziyadnz/hourly-ipv4,blocklist.de|bot|irc-bot|brute-force|ziyadnz|hourly,2026-08-17T18:48:05Z,2026-08-17T18:48:05Z,
148.113.130.238,ipv4,botnet,high,WHITE,blocklist.de/bots|blocklist.de/all|ziyadnz/hourly-ipv4,blocklist.de|bot|irc-bot|brute-force|ziyadnz|hourly,2026-08-17T18:48:05Z,2026-08-17T18:48:05Z,
148.113.130.24,ipv4,botnet,high,WHITE,blocklist.de/bots|blocklist.de/all|ziyadnz/hourly-ipv4,blocklist.de|bot|irc-bot|brute-force|ziyadnz|hourly,2026-08-17T18:48:05Z,2026-08-17T18:48:05Z,
148.113.130.240,ipv4,botnet,high,WHITE,blocklist.de/bots|blocklist.de/all|ziyadnz/hourly-ipv4,blocklist.de|bot|irc-bot|brute-force|ziyadnz|hourly,2026-08-17T18:48:05Z,2026-08-17T18:48:05Z,
148.113.130.241,ipv4,botnet,high,WHITE,blocklist.de/bots|blocklist.de/all|ziyadnz/hourly-ipv4,blocklist.de|bot|irc-bot|brute-force|ziyadnz|hourly,2026-08-17T18:48:05Z,2026-08-17T18:48:05Z,
148.113.130.243,ipv4,botnet,high,WHITE,blocklist.de/bots|blocklist.de/all|ziyadnz/hourly-ipv4,blocklist.de|bot|irc-bot|brute-force|ziyadnz|hourly,2026-08-17T18:48:05Z,2026-08-17T18:48:05Z,
148.113.130.244,ipv4,botnet,high,WHITE,blocklist.de/bots|blocklist.de/all|ziyadnz/hourly-ipv4,blocklist.de|bot|irc-bot|brute-force|ziyadnz|hourly,2026-08-17T18:48:05Z,2026-08-17T18:48:05Z,
148.113.130.245,ipv4,botnet,high,WHITE,blocklist.de/bots|blocklist.de/all|ziyadnz/hourly-ipv4,blocklist.de|bot|irc-bot|brute-force|ziyadnz|hourly,2026-08-17T18:48:05Z,2026-08-17T18:48:05Z,
148.113.130.246,ipv4,botnet,high,WHITE,blocklist.de/bots|blocklist.de/all|ziyadnz/hourly-ipv4,blocklist.de|bot|irc-bot|brute-force|ziyadnz|hourly,2026-08-17T18:48:05Z,2026-08-17T18:48:05Z,
148.113.130.247,ipv4,botnet,high,WHITE,blocklist.de/bots|blocklist.de/all|ziyadnz/hourly-ipv4,blocklist.de|bot|irc-bot|brute-force|ziyadnz|hourly,2026-08-17T18:48:05Z,2026-08-17T18:48:05Z,
148.113.130.248,ipv4,botnet,high,WHITE,blocklist.de/bots|blocklist.de/all|ziyadnz/hourly-ipv4,blocklist.de|bot|irc-bot|brute-force|ziyadnz|hourly,2026-08-17T18:48:05Z,2026-08-17T18:48:05Z,
148.113.130.249,ipv4,botnet,high,WHITE,blocklist.de/bots|blocklist.de/all|ziyadnz/hourly-ipv4,blocklist.de|bot|irc-bot|brute-force|ziyadnz|hourly,2026-08-17T18:48:05Z,2026-08-17T18:48:05Z,
148.113.130.25,ipv4,botnet,high,WHITE,blocklist.de/bots|blocklist.de/all|ziyadnz/hourly-ipv4,blocklist.de|bot|irc-bot|brute-force|ziyadnz|hourly,2026-08-17T18:48:05Z,2026-08-17T18:48:05Z,
148.113.130.251,ipv4,botnet,high,WHITE,blocklist.de/bots|blocklist.de/all|ziyadnz/hourly-ipv4,blocklist.de|bot|irc-bot|brute-force|ziyadnz|hourly,2026-08-17T18:48:05Z,2026-08-17T18:48:05Z,
148.113.130.253,ipv4,botnet,high,WHITE,blocklist.de/bots|blocklist.de/all|ziyadnz/hourly-ipv4,blocklist.de|bot|irc-bot|brute-force|ziyadnz|hourly,2026-08-17T18:48:05Z,2026-08-17T18:48:05Z,
148.113.130.254,ipv4,botnet,high,WHITE,blocklist.de/bots|blocklist.de/all|ziyadnz/hourly-ipv4,blocklist.de|bot|irc-bot|brute-force|ziyadnz|hourly,2026-08-17T18:48:05Z,2026-08-17T18:48:05Z,
148.113.130.26,ipv4,botnet,high,WHITE,blocklist.de/bots|blocklist.de/all|ziyadnz/hourly-ipv4,blocklist.de|bot|irc-bot|brute-force|ziyadnz|hourly,2026-08-17T18:48:05Z,2026-08-17T18:48:05Z,
148.113.130.27,ipv4,botnet,high,WHITE,blocklist.de/bots|blocklist.de/all|ziyadnz/hourly-ipv4,blocklist.de|bot|irc-bot|brute-force|ziyadnz|hourly,2026-08-17T18:48:05Z,2026-08-17T18:48:05Z,
148.113.130.31,ipv4,botnet,high,WHITE,blocklist.de/bots|blocklist.de/all|ziyadnz/hourly-ipv4,blocklist.de|bot|irc-bot|brute-force|ziyadnz|hourly,2026-08-17T18:48:05Z,2026-08-17T18:48:05Z,
148.113.130.35,ipv4,botnet,high,WHITE,blocklist.de/bots|blocklist.de/all|ziyadnz/hourly-ipv4,blocklist.de|bot|irc-bot|brute-force|ziyadnz|hourly,2026-08-17T18:48:05Z,2026-08-17T18:48:05Z,
148.113.130.39,ipv4,botnet,high,WHITE,blocklist.de/bots|blocklist.de/all|ziyadnz/hourly-ipv4,blocklist.de|bot|irc-bot|brute-force|ziyadnz|hourly,2026-08-17T18:48:05Z,2026-08-17T18:48:05Z,
148.113.130.47,ipv4,botnet,high,WHITE,blocklist.de/bots|blocklist.de/all|ziyadnz/hourly-ipv4,blocklist.de|bot|irc-bot|brute-force|ziyadnz|hourly,2026-08-17T18:48:05Z,2026-08-17T18:48:05Z,
148.113.130.49,ipv4,botnet,high,WHITE,blocklist.de/bots|blocklist.de/all|ziyadnz/hourly-ipv4,blocklist.de|bot|irc-bot|brute-force|ziyadnz|hourly,2026-08-17T18:48:05Z,2026-08-17T18:48:05Z,
148.113.130.5,ipv4,botnet,high,WHITE,blocklist.de/bots|blocklist.de/all|ziyadnz/hourly-ipv4,blocklist.de|bot|irc-bot|brute-force|ziyadnz|hourly,2026-08-17T18:48:05Z,2026-08-17T18:48:05Z,
148.113.130.51,ipv4,botnet,high,WHITE,blocklist.de/bots|blocklist.de/all|ziyadnz/hourly-ipv4,blocklist.de|bot|irc-bot|brute-force|ziyadnz|hourly,2026-08-17T18:48:05Z,2026-08-17T18:48:05Z,
148.113.130.53,ipv4,botnet,high,WHITE,blocklist.de/bots|blocklist.de/all|ziyadnz/hourly-ipv4,blocklist.de|bot|irc-bot|brute-force|ziyadnz|hourly,2026-08-17T18:48:05Z,2026-08-17T18:48:05Z,
148.113.130.55,ipv4,botnet,high,WHITE,blocklist.de/bots|blocklist.de/all|ziyadnz/hourly-ipv4,blocklist.de|bot|irc-bot|brute-force|ziyadnz|hourly,2026-08-17T18:48:05Z,2026-08-17T18:48:05Z,
148.113.130.57,ipv4,botnet,high,WHITE,blocklist.de/bots|blocklist.de/all|ziyadnz/hourly-ipv4,blocklist.de|bot|irc-bot|brute-force|ziyadnz|hourly,2026-08-17T18:48:05Z,2026-08-17T18:48:05Z,
148.113.130.58,ipv4,botnet,high,WHITE,blocklist.de/bots|blocklist.de/all|ziyadnz/hourly-ipv4,blocklist.de|bot|irc-bot|brute-force|ziyadnz|hourly,2026-08-17T18:48:05Z,2026-08-17T18:48:05Z,
148.113.130.6,ipv4,botnet,high,WHITE,blocklist.de/bots|blocklist.de/all|ziyadnz/hourly-ipv4,blocklist.de|bot|irc-bot|brute-force|ziyadnz|hourly,2026-08-17T18:48:05Z,2026-08-17T18:48:05Z,
148.113.130.64,ipv4,botnet,high,WHITE,blocklist.de/bots|blocklist.de/all|ziyadnz/hourly-ipv4,blocklist.de|bot|irc-bot|brute-force|ziyadnz|hourly,2026-08-17T18:48:05Z,2026-08-17T18:48:05Z,
148.113.130.65,ipv4,botnet,high,WHITE,blocklist.de/bots|blocklist.de/all|ziyadnz/hourly-ipv4,blocklist.de|bot|irc-bot|brute-force|ziyadnz|hourly,2026-08-17T18:48:05Z,2026-08-17T18:48:05Z,
148.113.130.71,ipv4,botnet,high,WHITE,blocklist.de/bots|blocklist.de/all|ziyadnz/hourly-ipv4,blocklist.de|bot|irc-bot|brute-force|ziyadnz|hourly,2026-08-17T18:48:05Z,2026-08-17T18:48:05Z,
148.113.130.73,ipv4,botnet,high,WHITE,blocklist.de/bots|blocklist.de/all|ziyadnz/hourly-ipv4,blocklist.de|bot|irc-bot|brute-force|ziyadnz|hourly,2026-08-17T18:48:05Z,2026-08-17T18:48:05Z,
148.113.130.78,ipv4,botnet,high,WHITE,blocklist.de/bots|blocklist.de/all|ziyadnz/hourly-ipv4,blocklist.de|bot|irc-bot|brute-force|ziyadnz|hourly,2026-08-17T18:48:05Z,2026-08-17T18:48:05Z,
148.113.130.81,ipv4,botnet,high,WHITE,blocklist.de/bots|blocklist.de/all|ziyadnz/hourly-ipv4,blocklist.de|bot|irc-bot|brute-force|ziyadnz|hourly,2026-08-17T18:48:05Z,2026-08-17T18:48:05Z,
148.113.130.82,ipv4,botnet,high,WHITE,blocklist.de/bots|blocklist.de/all|ziyadnz/hourly-ipv4,blocklist.de|bot|irc-bot|brute-force|ziyadnz|hourly,2026-08-17T18:48:05Z,2026-08-17T18:48:05Z,
148.113.130.84,ipv4,botnet,high,WHITE,blocklist.de/bots|blocklist.de/all|ziyadnz/hourly-ipv4,blocklist.de|bot|irc-bot|brute-force|ziyadnz|hourly,2026-08-17T18:48:05Z,2026-08-17T18:48:05Z,
148.113.130.85,ipv4,botnet,high,WHITE,blocklist.de/bots|blocklist.de/all|ziyadnz/hourly-ipv4,blocklist.de|bot|irc-bot|brute-force|ziyadnz|hourly,2026-08-17T18:48:05Z,2026-08-17T18:48:05Z,
148.113.130.86,ipv4,botnet,high,WHITE,blocklist.de/bots|blocklist.de/all|ziyadnz/hourly-ipv4,blocklist.de|bot|irc-bot|brute-force|ziyadnz|hourly,2026-08-17T18:48:05Z,2026-08-17T18:48:05Z,
148.113.130.87,ipv4,botnet,high,WHITE,blocklist.de/bots|blocklist.de/all|ziyadnz/hourly-ipv4,blocklist.de|bot|irc-bot|brute-force|ziyadnz|hourly,2026-08-17T18:48:05Z,2026-08-17T18:48:05Z,
148.113.130.88,ipv4,botnet,high,WHITE,blocklist.de/bots|blocklist.de/all|ziyadnz/hourly-ipv4,blocklist.de|bot|irc-bot|brute-force|ziyadnz|hourly,2026-08-17T18:48:05Z,2026-08-17T18:48:05Z,
148.113.130.9,ipv4,botnet,high,WHITE,blocklist.de/bots|blocklist.de/all|ziyadnz/hourly-ipv4,blocklist.de|bot|irc-bot|brute-force|ziyadnz|hourly,2026-08-17T18:48:05Z,2026-08-17T18:48:05Z,
148.113.130.97,ipv4,botnet,high,WHITE,blocklist.de/bots|blocklist.de/all|ziyadnz/hourly-ipv4,blocklist.de|bot|irc-bot|brute-force|ziyadnz|hourly,2026-08-17T18:48:05Z,2026-08-17T18:48:05Z,
148.66.142.9,ipv4,botnet,high,WHITE,blocklist.de/bots|blocklist.de/all|ziyadnz/hourly-ipv4,blocklist.de|bot|irc-bot|brute-force|ziyadnz|hourly,2026-08-17T18:48:05Z,2026-08-17T18:48:05Z,
149.102.91.209,ipv4,botnet,high,WHITE,blocklist.de/bots|blocklist.de/all|ziyadnz/hourly-ipv4,blocklist.de|bot|irc-bot|brute-force|ziyadnz|hourly,2026-08-17T18:48:05Z,2026-08-17T18:48:05Z,
149.30.146.124,ipv4,botnet,high,WHITE,blocklist.de/bots|blocklist.de/all|ziyadnz/hourly-ipv4,blocklist.de|bot|irc-bot|brute-force|ziyadnz|hourly,2026-08-17T18:48:05Z,2026-08-17T18:48:05Z,
149.50.220.173,ipv4,botnet,high,WHITE,blocklist.de/bots|blocklist.de/all|ziyadnz/hourly-ipv4,blocklist.de|bot|irc-bot|brute-force|ziyadnz|hourly,2026-08-17T18:48:05Z,2026-08-17T18:48:05Z,
15.235.27.0,ipv4,botnet,high,WHITE,blocklist.de/bots|blocklist.de/all|ziyadnz/hourly-ipv4,blocklist.de|bot|irc-bot|brute-force|ziyadnz|hourly,2026-08-17T18:48:05Z,2026-08-17T18:48:05Z,
15.235.27.1,ipv4,botnet,high,WHITE,blocklist.de/bots|blocklist.de/all|ziyadnz/hourly-ipv4,blocklist.de|bot|irc-bot|brute-force|ziyadnz|hourly,2026-08-17T18:48:05Z,2026-08-17T18:48:05Z,
15.235.27.10,ipv4,botnet,high,WHITE,blocklist.de/bots|blocklist.de/all|ziyadnz/hourly-ipv4,blocklist.de|bot|irc-bot|brute-force|ziyadnz|hourly,2026-08-17T18:48:05Z,2026-08-17T18:48:05Z,
15.235.27.106,ipv4,botnet,high,WHITE,blocklist.de/bots|blocklist.de/all|ziyadnz/hourly-ipv4,blocklist.de|bot|irc-bot|brute-force|ziyadnz|hourly,2026-08-17T18:48:05Z,2026-08-17T18:48:05Z,
15.235.27.108,ipv4,botnet,high,WHITE,blocklist.de/bots|blocklist.de/all|ziyadnz/hourly-ipv4,blocklist.de|bot|irc-bot|brute-force|ziyadnz|hourly,2026-08-17T18:48:05Z,2026-08-17T18:48:05Z,
15.235.27.11,ipv4,botnet,high,WHITE,blocklist.de/bots|blocklist.de/all|ziyadnz/hourly-ipv4,blocklist.de|bot|irc-bot|brute-force|ziyadnz|hourly,2026-08-17T18:48:05Z,2026-08-17T18:48:05Z,
15.235.27.110,ipv4,botnet,high,WHITE,blocklist.de/bots|blocklist.de/all|ziyadnz/hourly-ipv4,blocklist.de|bot|irc-bot|brute-force|ziyadnz|hourly,2026-08-17T18:48:05Z,2026-08-17T18:48:05Z,
15.235.27.111,ipv4,botnet,high,WHITE,blocklist.de/bots|blocklist.de/all|ziyadnz/hourly-ipv4,blocklist.de|bot|irc-bot|brute-force|ziyadnz|hourly,2026-08-17T18:48:05Z,2026-08-17T18:48:05Z,
15.235.27.113,ipv4,botnet,high,WHITE,blocklist.de/bots|blocklist.de/all|ziyadnz/hourly-ipv4,blocklist.de|bot|irc-bot|brute-force|ziyadnz|hourly,2026-08-17T18:48:05Z,2026-08-17T18:48:05Z,
15.235.27.114,ipv4,botnet,high,WHITE,blocklist.de/bots|blocklist.de/all|ziyadnz/hourly-ipv4,blocklist.de|bot|irc-bot|brute-force|ziyadnz|hourly,2026-08-17T18:48:05Z,2026-08-17T18:48:05Z,
15.235.27.115,ipv4,botnet,high,WHITE,blocklist.de/bots|blocklist.de/all|ziyadnz/hourly-ipv4,blocklist.de|bot|irc-bot|brute-force|ziyadnz|hourly,2026-08-17T18:48:05Z,2026-08-17T18:48:05Z,
15.235.27.118,ipv4,botnet,high,WHITE,blocklist.de/bots|blocklist.de/all|ziyadnz/hourly-ipv4,blocklist.de|bot|irc-bot|brute-force|ziyadnz|hourly,2026-08-17T18:48:05Z,2026-08-17T18:48:05Z,
15.235.27.119,ipv4,botnet,high,WHITE,blocklist.de/bots|blocklist.de/all|ziyadnz/hourly-ipv4,blocklist.de|bot|irc-bot|brute-force|ziyadnz|hourly,2026-08-17T18:48:05Z,2026-08-17T18:48:05Z,
15.235.27.121,ipv4,botnet,high,WHITE,blocklist.de/bots|blocklist.de/all|ziyadnz/hourly-ipv4,blocklist.de|bot|irc-bot|brute-force|ziyadnz|hourly,2026-08-17T18:48:05Z,2026-08-17T18:48:05Z,
15.235.27.122,ipv4,botnet,high,WHITE,blocklist.de/bots|blocklist.de/all|ziyadnz/hourly-ipv4,blocklist.de|bot|irc-bot|brute-force|ziyadnz|hourly,2026-08-17T18:48:05Z,2026-08-17T18:48:05Z,
15.235.27.123,ipv4,botnet,high,WHITE,blocklist.de/bots|blocklist.de/all|ziyadnz/hourly-ipv4,blocklist.de|bot|irc-bot|brute-force|ziyadnz|hourly,2026-08-17T18:48:05Z,2026-08-17T18:48:05Z,
15.235.27.124,ipv4,botnet,high,WHITE,blocklist.de/bots|blocklist.de/all|ziyadnz/hourly-ipv4,blocklist.de|bot|irc-bot|brute-force|ziyadnz|hourly,2026-08-17T18:48:05Z,2026-08-17T18:48:05Z,
15.235.27.127,ipv4,botnet,high,WHITE,blocklist.de/bots|blocklist.de/all|ziyadnz/hourly-ipv4,blocklist.de|bot|irc-bot|brute-force|ziyadnz|hourly,2026-08-17T18:48:05Z,2026-08-17T18:48:05Z,
15.235.27.129,ipv4,botnet,high,WHITE,blocklist.de/bots|blocklist.de/all|ziyadnz/hourly-ipv4,blocklist.de|bot|irc-bot|brute-force|ziyadnz|hourly,2026-08-17T18:48:05Z,2026-08-17T18:48:05Z,
15.235.27.13,ipv4,botnet,high,WHITE,blocklist.de/bots|blocklist.de/all|ziyadnz/hourly-ipv4,blocklist.de|bot|irc-bot|brute-force|ziyadnz|hourly,2026-08-17T18:48:05Z,2026-08-17T18:48:05Z,
15.235.27.130,ipv4,botnet,high,WHITE,blocklist.de/bots|blocklist.de/all|ziyadnz/hourly-ipv4,blocklist.de|bot|irc-bot|brute-force|ziyadnz|hourly,2026-08-17T18:48:05Z,2026-08-17T18:48:05Z,
15.235.27.132,ipv4,botnet,high,WHITE,blocklist.de/bots|blocklist.de/all|ziyadnz/hourly-ipv4,blocklist.de|bot|irc-bot|brute-force|ziyadnz|hourly,2026-08-17T18:48:05Z,2026-08-17T18:48:05Z,
15.235.27.133,ipv4,botnet,high,WHITE,blocklist.de/bots|blocklist.de/all|ziyadnz/hourly-ipv4,blocklist.de|bot|irc-bot|brute-force|ziyadnz|hourly,2026-08-17T18:48:05Z,2026-08-17T18:48:05Z,
15.235.27.134,ipv4,botnet,high,WHITE,blocklist.de/bots|blocklist.de/all|ziyadnz/hourly-ipv4,blocklist.de|bot|irc-bot|brute-force|ziyadnz|hourly,2026-08-17T18:48:05Z,2026-08-17T18:48:05Z,
15.235.27.135,ipv4,botnet,high,WHITE,blocklist.de/bots|blocklist.de/all|ziyadnz/hourly-ipv4,blocklist.de|bot|irc-bot|brute-force|ziyadnz|hourly,2026-08-17T18:48:05Z,2026-08-17T18:48:05Z,
15.235.27.136,ipv4,botnet,high,WHITE,blocklist.de/bots|blocklist.de/all|ziyadnz/hourly-ipv4,blocklist.de|bot|irc-bot|brute-force|ziyadnz|hourly,2026-08-17T18:48:05Z,2026-08-17T18:48:05Z,
15.235.27.141,ipv4,botnet,high,WHITE,blocklist.de/bots|blocklist.de/all|ziyadnz/hourly-ipv4,blocklist.de|bot|irc-bot|brute-force|ziyadnz|hourly,2026-08-17T18:48:05Z,2026-08-17T18:48:05Z,
15.235.27.143,ipv4,botnet,high,WHITE,blocklist.de/bots|blocklist.de/all|ziyadnz/hourly-ipv4,blocklist.de|bot|irc-bot|brute-force|ziyadnz|hourly,2026-08-17T18:48:05Z,2026-08-17T18:48:05Z,
15.235.27.144,ipv4,botnet,high,WHITE,blocklist.de/bots|blocklist.de/all|ziyadnz/hourly-ipv4,blocklist.de|bot|irc-bot|brute-force|ziyadnz|hourly,2026-08-17T18:48:05Z,2026-08-17T18:48:05Z,
15.235.27.148,ipv4,botnet,high,WHITE,blocklist.de/bots|blocklist.de/all|ziyadnz/hourly-ipv4,blocklist.de|bot|irc-bot|brute-force|ziyadnz|hourly,2026-08-17T18:48:05Z,2026-08-17T18:48:05Z,
15.235.27.149,ipv4,botnet,high,WHITE,blocklist.de/bots|blocklist.de/all|ziyadnz/hourly-ipv4,blocklist.de|bot|irc-bot|brute-force|ziyadnz|hourly,2026-08-17T18:48:05Z,2026-08-17T18:48:05Z,
15.235.27.15,ipv4,botnet,high,WHITE,blocklist.de/bots|blocklist.de/all|ziyadnz/hourly-ipv4,blocklist.de|bot|irc-bot|brute-force|ziyadnz|hourly,2026-08-17T18:48:05Z,2026-08-17T18:48:05Z,
15.235.27.151,ipv4,botnet,high,WHITE,blocklist.de/bots|blocklist.de/all|ziyadnz/hourly-ipv4,blocklist.de|bot|irc-bot|brute-force|ziyadnz|hourly,2026-08-17T18:48:05Z,2026-08-17T18:48:05Z,
15.235.27.152,ipv4,botnet,high,WHITE,blocklist.de/bots|blocklist.de/all|ziyadnz/hourly-ipv4,blocklist.de|bot|irc-bot|brute-force|ziyadnz|hourly,2026-08-17T18:48:05Z,2026-08-17T18:48:05Z,
15.235.27.155,ipv4,botnet,high,WHITE,blocklist.de/bots|blocklist.de/all|ziyadnz/hourly-ipv4,blocklist.de|bot|irc-bot|brute-force|ziyadnz|hourly,2026-08-17T18:48:05Z,2026-08-17T18:48:05Z,
15.235.27.156,ipv4,botnet,high,WHITE,blocklist.de/bots|blocklist.de/all|ziyadnz/hourly-ipv4,blocklist.de|bot|irc-bot|brute-force|ziyadnz|hourly,2026-08-17T18:48:05Z,2026-08-17T18:48:05Z,
15.235.27.159,ipv4,botnet,high,WHITE,blocklist.de/bots|blocklist.de/all|ziyadnz/hourly-ipv4,blocklist.de|bot|irc-bot|brute-force|ziyadnz|hourly,2026-08-17T18:48:05Z,2026-08-17T18:48:05Z,
15.235.27.16,ipv4,botnet,high,WHITE,blocklist.de/bots|blocklist.de/all|ziyadnz/hourly-ipv4,blocklist.de|bot|irc-bot|brute-force|ziyadnz|hourly,2026-08-17T18:48:05Z,2026-08-17T18:48:05Z,
15.235.27.160,ipv4,botnet,high,WHITE,blocklist.de/bots|blocklist.de/all|ziyadnz/hourly-ipv4,blocklist.de|bot|irc-bot|brute-force|ziyadnz|hourly,2026-08-17T18:48:05Z,2026-08-17T18:48:05Z,
15.235.27.162,ipv4,botnet,high,WHITE,blocklist.de/bots|blocklist.de/all|ziyadnz/hourly-ipv4,blocklist.de|bot|irc-bot|brute-force|ziyadnz|hourly,2026-08-17T18:48:05Z,2026-08-17T18:48:05Z,
15.235.27.164,ipv4,botnet,high,WHITE,blocklist.de/bots|blocklist.de/all|ziyadnz/hourly-ipv4,blocklist.de|bot|irc-bot|brute-force|ziyadnz|hourly,2026-08-17T18:48:05Z,2026-08-17T18:48:05Z,
15.235.27.168,ipv4,botnet,high,WHITE,blocklist.de/bots|blocklist.de/all|ziyadnz/hourly-ipv4,blocklist.de|bot|irc-bot|brute-force|ziyadnz|hourly,2026-08-17T18:48:05Z,2026-08-17T18:48:05Z,
15.235.27.17,ipv4,botnet,high,WHITE,blocklist.de/bots|blocklist.de/all|ziyadnz/hourly-ipv4,blocklist.de|bot|irc-bot|brute-force|ziyadnz|hourly,2026-08-17T18:48:05Z,2026-08-17T18:48:05Z,
15.235.27.171,ipv4,botnet,high,WHITE,blocklist.de/bots|blocklist.de/all|ziyadnz/hourly-ipv4,blocklist.de|bot|irc-bot|brute-force|ziyadnz|hourly,2026-08-17T18:48:05Z,2026-08-17T18:48:05Z,
15.235.27.173,ipv4,botnet,high,WHITE,blocklist.de/bots|blocklist.de/all|ziyadnz/hourly-ipv4,blocklist.de|bot|irc-bot|brute-force|ziyadnz|hourly,2026-08-17T18:48:05Z,2026-08-17T18:48:05Z,
15.235.27.175,ipv4,botnet,high,WHITE,blocklist.de/bots|blocklist.de/all|ziyadnz/hourly-ipv4,blocklist.de|bot|irc-bot|brute-force|ziyadnz|hourly,2026-08-17T18:48:05Z,2026-08-17T18:48:05Z,
15.235.27.179,ipv4,botnet,high,WHITE,blocklist.de/bots|blocklist.de/all|ziyadnz/hourly-ipv4,blocklist.de|bot|irc-bot|brute-force|ziyadnz|hourly,2026-08-17T18:48:05Z,2026-08-17T18:48:05Z,
15.235.27.18,ipv4,botnet,high,WHITE,blocklist.de/bots|blocklist.de/all|ziyadnz/hourly-ipv4,blocklist.de|bot|irc-bot|brute-force|ziyadnz|hourly,2026-08-17T18:48:05Z,2026-08-17T18:48:05Z,
15.235.27.183,ipv4,botnet,high,WHITE,blocklist.de/bots|blocklist.de/all|ziyadnz/hourly-ipv4,blocklist.de|bot|irc-bot|brute-force|ziyadnz|hourly,2026-08-17T18:48:05Z,2026-08-17T18:48:05Z,
15.235.27.184,ipv4,botnet,high,WHITE,blocklist.de/bots|blocklist.de/all|ziyadnz/hourly-ipv4,blocklist.de|bot|irc-bot|brute-force|ziyadnz|hourly,2026-08-17T18:48:05Z,2026-08-17T18:48:05Z,
15.235.27.185,ipv4,botnet,high,WHITE,blocklist.de/bots|blocklist.de/all|ziyadnz/hourly-ipv4,blocklist.de|bot|irc-bot|brute-force|ziyadnz|hourly,2026-08-17T18:48:05Z,2026-08-17T18:48:05Z,
15.235.27.186,ipv4,botnet,high,WHITE,blocklist.de/bots|blocklist.de/all|ziyadnz/hourly-ipv4,blocklist.de|bot|irc-bot|brute-force|ziyadnz|hourly,2026-08-17T18:48:05Z,2026-08-17T18:48:05Z,
15.235.27.188,ipv4,botnet,high,WHITE,blocklist.de/bots|blocklist.de/all|ziyadnz/hourly-ipv4,blocklist.de|bot|irc-bot|brute-force|ziyadnz|hourly,2026-08-17T18:48:05Z,2026-08-17T18:48:05Z,
15.235.27.19,ipv4,botnet,high,WHITE,blocklist.de/bots|blocklist.de/all|ziyadnz/hourly-ipv4,blocklist.de|bot|irc-bot|brute-force|ziyadnz|hourly,2026-08-17T18:48:05Z,2026-08-17T18:48:05Z,
15.235.27.191,ipv4,botnet,high,WHITE,blocklist.de/bots|blocklist.de/all|ziyadnz/hourly-ipv4,blocklist.de|bot|irc-bot|brute-force|ziyadnz|hourly,2026-08-17T18:48:05Z,2026-08-17T18:48:05Z,
15.235.27.192,ipv4,botnet,high,WHITE,blocklist.de/bots|blocklist.de/all|ziyadnz/hourly-ipv4,blocklist.de|bot|irc-bot|brute-force|ziyadnz|hourly,2026-08-17T18:48:05Z,2026-08-17T18:48:05Z,
15.235.27.193,ipv4,botnet,high,WHITE,blocklist.de/bots|blocklist.de/all|ziyadnz/hourly-ipv4,blocklist.de|bot|irc-bot|brute-force|ziyadnz|hourly,2026-08-17T18:48:05Z,2026-08-17T18:48:05Z,
15.235.27.194,ipv4,botnet,high,WHITE,blocklist.de/bots|blocklist.de/all|ziyadnz/hourly-ipv4,blocklist.de|bot|irc-bot|brute-force|ziyadnz|hourly,2026-08-17T18:48:05Z,2026-08-17T18:48:05Z,
15.235.27.195,ipv4,botnet,high,WHITE,blocklist.de/bots|blocklist.de/all|ziyadnz/hourly-ipv4,blocklist.de|bot|irc-bot|brute-force|ziyadnz|hourly,2026-08-17T18:48:05Z,2026-08-17T18:48:05Z,
15.235.27.197,ipv4,botnet,high,WHITE,blocklist.de/bots|blocklist.de/all|ziyadnz/hourly-ipv4,blocklist.de|bot|irc-bot|brute-force|ziyadnz|hourly,2026-08-17T18:48:05Z,2026-08-17T18:48:05Z,
15.235.27.198,ipv4,botnet,high,WHITE,blocklist.de/bots|blocklist.de/all|ziyadnz/hourly-ipv4,blocklist.de|bot|irc-bot|brute-force|ziyadnz|hourly,2026-08-17T18:48:05Z,2026-08-17T18:48:05Z,
15.235.27.199,ipv4,botnet,high,WHITE,blocklist.de/bots|blocklist.de/all|ziyadnz/hourly-ipv4,blocklist.de|bot|irc-bot|brute-force|ziyadnz|hourly,2026-08-17T18:48:05Z,2026-08-17T18:48:05Z,
15.235.27.2,ipv4,botnet,high,WHITE,blocklist.de/bots|blocklist.de/all|ziyadnz/hourly-ipv4,blocklist.de|bot|irc-bot|brute-force|ziyadnz|hourly,2026-08-17T18:48:05Z,2026-08-17T18:48:05Z,
15.235.27.200,ipv4,botnet,high,WHITE,blocklist.de/bots|blocklist.de/all|ziyadnz/hourly-ipv4,blocklist.de|bot|irc-bot|brute-force|ziyadnz|hourly,2026-08-17T18:48:05Z,2026-08-17T18:48:05Z,
15.235.27.203,ipv4,botnet,high,WHITE,blocklist.de/bots|blocklist.de/all|ziyadnz/hourly-ipv4,blocklist.de|bot|irc-bot|brute-force|ziyadnz|hourly,2026-08-17T18:48:05Z,2026-08-17T18:48:05Z,
15.235.27.204,ipv4,botnet,high,WHITE,blocklist.de/bots|blocklist.de/all|ziyadnz/hourly-ipv4,blocklist.de|bot|irc-bot|brute-force|ziyadnz|hourly,2026-08-17T18:48:05Z,2026-08-17T18:48:05Z,
15.235.27.207,ipv4,botnet,high,WHITE,blocklist.de/bots|blocklist.de/all|ziyadnz/hourly-ipv4,blocklist.de|bot|irc-bot|brute-force|ziyadnz|hourly,2026-08-17T18:48:05Z,2026-08-17T18:48:05Z,
15.235.27.209,ipv4,botnet,high,WHITE,blocklist.de/bots|blocklist.de/all|ziyadnz/hourly-ipv4,blocklist.de|bot|irc-bot|brute-force|ziyadnz|hourly,2026-08-17T18:48:05Z,2026-08-17T18:48:05Z,
15.235.27.212,ipv4,botnet,high,WHITE,blocklist.de/bots|blocklist.de/all|ziyadnz/hourly-ipv4,blocklist.de|bot|irc-bot|brute-force|ziyadnz|hourly,2026-08-17T18:48:05Z,2026-08-17T18:48:05Z,
15.235.27.214,ipv4,botnet,high,WHITE,blocklist.de/bots|blocklist.de/all|ziyadnz/hourly-ipv4,blocklist.de|bot|irc-bot|brute-force|ziyadnz|hourly,2026-08-17T18:48:05Z,2026-08-17T18:48:05Z,
15.235.27.215,ipv4,botnet,high,WHITE,blocklist.de/bots|blocklist.de/all|ziyadnz/hourly-ipv4,blocklist.de|bot|irc-bot|brute-force|ziyadnz|hourly,2026-08-17T18:48:05Z,2026-08-17T18:48:05Z,
15.235.27.217,ipv4,botnet,high,WHITE,blocklist.de/bots|blocklist.de/all|ziyadnz/hourly-ipv4,blocklist.de|bot|irc-bot|brute-force|ziyadnz|hourly,2026-08-17T18:48:05Z,2026-08-17T18:48:05Z,
15.235.27.221,ipv4,botnet,high,WHITE,blocklist.de/bots|blocklist.de/all|ziyadnz/hourly-ipv4,blocklist.de|bot|irc-bot|brute-force|ziyadnz|hourly,2026-08-17T18:48:05Z,2026-08-17T18:48:05Z,
15.235.27.223,ipv4,botnet,high,WHITE,blocklist.de/bots|blocklist.de/all|ziyadnz/hourly-ipv4,blocklist.de|bot|irc-bot|brute-force|ziyadnz|hourly,2026-08-17T18:48:05Z,2026-08-17T18:48:05Z,
15.235.27.226,ipv4,botnet,high,WHITE,blocklist.de/bots|blocklist.de/all|ziyadnz/hourly-ipv4,blocklist.de|bot|irc-bot|brute-force|ziyadnz|hourly,2026-08-17T18:48:05Z,2026-08-17T18:48:05Z,
15.235.27.228,ipv4,botnet,high,WHITE,blocklist.de/bots|blocklist.de/all|ziyadnz/hourly-ipv4,blocklist.de|bot|irc-bot|brute-force|ziyadnz|hourly,2026-08-17T18:48:05Z,2026-08-17T18:48:05Z,
15.235.27.229,ipv4,botnet,high,WHITE,blocklist.de/bots|blocklist.de/all|ziyadnz/hourly-ipv4,blocklist.de|bot|irc-bot|brute-force|ziyadnz|hourly,2026-08-17T18:48:05Z,2026-08-17T18:48:05Z,
15.235.27.233,ipv4,botnet,high,WHITE,blocklist.de/bots|blocklist.de/all|ziyadnz/hourly-ipv4,blocklist.de|bot|irc-bot|brute-force|ziyadnz|hourly,2026-08-17T18:48:05Z,2026-08-17T18:48:05Z,
15.235.27.234,ipv4,botnet,high,WHITE,blocklist.de/bots|blocklist.de/all|ziyadnz/hourly-ipv4,blocklist.de|bot|irc-bot|brute-force|ziyadnz|hourly,2026-08-17T18:48:05Z,2026-08-17T18:48:05Z,
15.235.27.235,ipv4,botnet,high,WHITE,blocklist.de/bots|blocklist.de/all|ziyadnz/hourly-ipv4,blocklist.de|bot|irc-bot|brute-force|ziyadnz|hourly,2026-08-17T18:48:05Z,2026-08-17T18:48:05Z,
15.235.27.237,ipv4,botnet,high,WHITE,blocklist.de/bots|blocklist.de/all|ziyadnz/hourly-ipv4,blocklist.de|bot|irc-bot|brute-force|ziyadnz|hourly,2026-08-17T18:48:05Z,2026-08-17T18:48:05Z,
15.235.27.238,ipv4,botnet,high,WHITE,blocklist.de/bots|blocklist.de/all|ziyadnz/hourly-ipv4,blocklist.de|bot|irc-bot|brute-force|ziyadnz|hourly,2026-08-17T18:48:05Z,2026-08-17T18:48:05Z,
15.235.27.24,ipv4,botnet,high,WHITE,blocklist.de/bots|blocklist.de/all|ziyadnz/hourly-ipv4,blocklist.de|bot|irc-bot|brute-force|ziyadnz|hourly,2026-08-17T18:48:05Z,2026-08-17T18:48:05Z,
15.235.27.241,ipv4,botnet,high,WHITE,blocklist.de/bots|blocklist.de/all|ziyadnz/hourly-ipv4,blocklist.de|bot|irc-bot|brute-force|ziyadnz|hourly,2026-08-17T18:48:05Z,2026-08-17T18:48:05Z,
15.235.27.243,ipv4,botnet,high,WHITE,blocklist.de/bots|blocklist.de/all|ziyadnz/hourly-ipv4,blocklist.de|bot|irc-bot|brute-force|ziyadnz|hourly,2026-08-17T18:48:05Z,2026-08-17T18:48:05Z,
15.235.27.244,ipv4,botnet,high,WHITE,blocklist.de/bots|blocklist.de/all|ziyadnz/hourly-ipv4,blocklist.de|bot|irc-bot|brute-force|ziyadnz|hourly,2026-08-17T18:48:05Z,2026-08-17T18:48:05Z,
15.235.27.247,ipv4,botnet,high,WHITE,blocklist.de/bots|blocklist.de/all|ziyadnz/hourly-ipv4,blocklist.de|bot|irc-bot|brute-force|ziyadnz|hourly,2026-08-17T18:48:05Z,2026-08-17T18:48:05Z,
15.235.27.250,ipv4,botnet,high,WHITE,blocklist.de/bots|blocklist.de/all|ziyadnz/hourly-ipv4,blocklist.de|bot|irc-bot|brute-force|ziyadnz|hourly,2026-08-17T18:48:05Z,2026-08-17T18:48:05Z,
15.235.27.251,ipv4,botnet,high,WHITE,blocklist.de/bots|blocklist.de/all|ziyadnz/hourly-ipv4,blocklist.de|bot|irc-bot|brute-force|ziyadnz|hourly,2026-08-17T18:48:05Z,2026-08-17T18:48:05Z,
15.235.27.252,ipv4,botnet,high,WHITE,blocklist.de/bots|blocklist.de/all|ziyadnz/hourly-ipv4,blocklist.de|bot|irc-bot|brute-force|ziyadnz|hourly,2026-08-17T18:48:05Z,2026-08-17T18:48:05Z,
15.235.27.254,ipv4,botnet,high,WHITE,blocklist.de/bots|blocklist.de/all|ziyadnz/hourly-ipv4,blocklist.de|bot|irc-bot|brute-force|ziyadnz|hourly,2026-08-17T18:48:05Z,2026-08-17T18:48:05Z,
15.235.27.28,ipv4,botnet,high,WHITE,blocklist.de/bots|blocklist.de/all|ziyadnz/hourly-ipv4,blocklist.de|bot|irc-bot|brute-force|ziyadnz|hourly,2026-08-17T18:48:05Z,2026-08-17T18:48:05Z,
15.235.27.30,ipv4,botnet,high,WHITE,blocklist.de/bots|blocklist.de/all|ziyadnz/hourly-ipv4,blocklist.de|bot|irc-bot|brute-force|ziyadnz|hourly,2026-08-17T18:48:05Z,2026-08-17T18:48:05Z,
15.235.27.33,ipv4,botnet,high,WHITE,blocklist.de/bots|blocklist.de/all|ziyadnz/hourly-ipv4,blocklist.de|bot|irc-bot|brute-force|ziyadnz|hourly,2026-08-17T18:48:05Z,2026-08-17T18:48:05Z,
15.235.27.37,ipv4,botnet,high,WHITE,blocklist.de/bots|blocklist.de/all|ziyadnz/hourly-ipv4,blocklist.de|bot|irc-bot|brute-force|ziyadnz|hourly,2026-08-17T18:48:05Z,2026-08-17T18:48:05Z,
15.235.27.39,ipv4,botnet,high,WHITE,blocklist.de/bots|blocklist.de/all|ziyadnz/hourly-ipv4,blocklist.de|bot|irc-bot|brute-force|ziyadnz|hourly,2026-08-17T18:48:05Z,2026-08-17T18:48:05Z,
15.235.27.41,ipv4,botnet,high,WHITE,blocklist.de/bots|blocklist.de/all|ziyadnz/hourly-ipv4,blocklist.de|bot|irc-bot|brute-force|ziyadnz|hourly,2026-08-17T18:48:05Z,2026-08-17T18:48:05Z,
15.235.27.45,ipv4,botnet,high,WHITE,blocklist.de/bots|blocklist.de/all|ziyadnz/hourly-ipv4,blocklist.de|bot|irc-bot|brute-force|ziyadnz|hourly,2026-08-17T18:48:05Z,2026-08-17T18:48:05Z,
15.235.27.47,ipv4,botnet,high,WHITE,blocklist.de/bots|blocklist.de/all|ziyadnz/hourly-ipv4,blocklist.de|bot|irc-bot|brute-force|ziyadnz|hourly,2026-08-17T18:48:05Z,2026-08-17T18:48:05Z,
15.235.27.49,ipv4,botnet,high,WHITE,blocklist.de/bots|blocklist.de/all|ziyadnz/hourly-ipv4,blocklist.de|bot|irc-bot|brute-force|ziyadnz|hourly,2026-08-17T18:48:05Z,2026-08-17T18:48:05Z,
15.235.27.52,ipv4,botnet,high,WHITE,blocklist.de/bots|blocklist.de/all|ziyadnz/hourly-ipv4,blocklist.de|bot|irc-bot|brute-force|ziyadnz|hourly,2026-08-17T18:48:05Z,2026-08-17T18:48:05Z,
15.235.27.53,ipv4,botnet,high,WHITE,blocklist.de/bots|blocklist.de/all|ziyadnz/hourly-ipv4,blocklist.de|bot|irc-bot|brute-force|ziyadnz|hourly,2026-08-17T18:48:05Z,2026-08-17T18:48:05Z,
15.235.27.55,ipv4,botnet,high,WHITE,blocklist.de/bots|blocklist.de/all|ziyadnz/hourly-ipv4,blocklist.de|bot|irc-bot|brute-force|ziyadnz|hourly,2026-08-17T18:48:05Z,2026-08-17T18:48:05Z,
15.235.27.57,ipv4,botnet,high,WHITE,blocklist.de/bots|blocklist.de/all|ziyadnz/hourly-ipv4,blocklist.de|bot|irc-bot|brute-force|ziyadnz|hourly,2026-08-17T18:48:05Z,2026-08-17T18:48:05Z,
15.235.27.6,ipv4,botnet,high,WHITE,blocklist.de/bots|blocklist.de/all|ziyadnz/hourly-ipv4,blocklist.de|bot|irc-bot|brute-force|ziyadnz|hourly,2026-08-17T18:48:05Z,2026-08-17T18:48:05Z,
15.235.27.61,ipv4,botnet,high,WHITE,blocklist.de/bots|blocklist.de/all|ziyadnz/hourly-ipv4,blocklist.de|bot|irc-bot|brute-force|ziyadnz|hourly,2026-08-17T18:48:05Z,2026-08-17T18:48:05Z,
15.235.27.62,ipv4,botnet,high,WHITE,blocklist.de/bots|blocklist.de/all|ziyadnz/hourly-ipv4,blocklist.de|bot|irc-bot|brute-force|ziyadnz|hourly,2026-08-17T18:48:05Z,2026-08-17T18:48:05Z,
15.235.27.63,ipv4,botnet,high,WHITE,blocklist.de/bots|blocklist.de/all|ziyadnz/hourly-ipv4,blocklist.de|bot|irc-bot|brute-force|ziyadnz|hourly,2026-08-17T18:48:05Z,2026-08-17T18:48:05Z,
15.235.27.64,ipv4,botnet,high,WHITE,blocklist.de/bots|blocklist.de/all|ziyadnz/hourly-ipv4,blocklist.de|bot|irc-bot|brute-force|ziyadnz|hourly,2026-08-17T18:48:05Z,2026-08-17T18:48:05Z,
15.235.27.67,ipv4,botnet,high,WHITE,blocklist.de/bots|blocklist.de/all|ziyadnz/hourly-ipv4,blocklist.de|bot|irc-bot|brute-force|ziyadnz|hourly,2026-08-17T18:48:05Z,2026-08-17T18:48:05Z,
15.235.27.68,ipv4,botnet,high,WHITE,blocklist.de/bots|blocklist.de/all|ziyadnz/hourly-ipv4,blocklist.de|bot|irc-bot|brute-force|ziyadnz|hourly,2026-08-17T18:48:05Z,2026-08-17T18:48:05Z,
15.235.27.69,ipv4,botnet,high,WHITE,blocklist.de/bots|blocklist.de/all|ziyadnz/hourly-ipv4,blocklist.de|bot|irc-bot|brute-force|ziyadnz|hourly,2026-08-17T18:48:05Z,2026-08-17T18:48:05Z,
15.235.27.71,ipv4,botnet,high,WHITE,blocklist.de/bots|blocklist.de/all|ziyadnz/hourly-ipv4,blocklist.de|bot|irc-bot|brute-force|ziyadnz|hourly,2026-08-17T18:48:05Z,2026-08-17T18:48:05Z,
15.235.27.73,ipv4,botnet,high,WHITE,blocklist.de/bots|blocklist.de/all|ziyadnz/hourly-ipv4,blocklist.de|bot|irc-bot|brute-force|ziyadnz|hourly,2026-08-17T18:48:05Z,2026-08-17T18:48:05Z,
15.235.27.76,ipv4,botnet,high,WHITE,blocklist.de/bots|blocklist.de/all|ziyadnz/hourly-ipv4,blocklist.de|bot|irc-bot|brute-force|ziyadnz|hourly,2026-08-17T18:48:05Z,2026-08-17T18:48:05Z,
15.235.27.77,ipv4,botnet,high,WHITE,blocklist.de/bots|blocklist.de/all|ziyadnz/hourly-ipv4,blocklist.de|bot|irc-bot|brute-force|ziyadnz|hourly,2026-08-17T18:48:05Z,2026-08-17T18:48:05Z,
15.235.27.78,ipv4,botnet,high,WHITE,blocklist.de/bots|blocklist.de/all|ziyadnz/hourly-ipv4,blocklist.de|bot|irc-bot|brute-force|ziyadnz|hourly,2026-08-17T18:48:05Z,2026-08-17T18:48:05Z,
15.235.27.80,ipv4,botnet,high,WHITE,blocklist.de/bots|blocklist.de/all|ziyadnz/hourly-ipv4,blocklist.de|bot|irc-bot|brute-force|ziyadnz|hourly,2026-08-17T18:48:05Z,2026-08-17T18:48:05Z,
15.235.27.88,ipv4,botnet,high,WHITE,blocklist.de/bots|blocklist.de/all|ziyadnz/hourly-ipv4,blocklist.de|bot|irc-bot|brute-force|ziyadnz|hourly,2026-08-17T18:48:05Z,2026-08-17T18:48:05Z,
15.235.27.9,ipv4,botnet,high,WHITE,blocklist.de/bots|blocklist.de/all|ziyadnz/hourly-ipv4,blocklist.de|bot|irc-bot|brute-force|ziyadnz|hourly,2026-08-17T18:48:05Z,2026-08-17T18:48:05Z,
15.235.27.93,ipv4,botnet,high,WHITE,blocklist.de/bots|blocklist.de/all|ziyadnz/hourly-ipv4,blocklist.de|bot|irc-bot|brute-force|ziyadnz|hourly,2026-08-17T18:48:05Z,2026-08-17T18:48:05Z,
15.235.27.94,ipv4,botnet,high,WHITE,blocklist.de/bots|blocklist.de/all|ziyadnz/hourly-ipv4,blocklist.de|bot|irc-bot|brute-force|ziyadnz|hourly,2026-08-17T18:48:05Z,2026-08-17T18:48:05Z,
15.235.96.106,ipv4,botnet,high,WHITE,blocklist.de/bots|blocklist.de/all|ziyadnz/hourly-ipv4,blocklist.de|bot|irc-bot|brute-force|ziyadnz|hourly,2026-08-17T18:48:05Z,2026-08-17T18:48:05Z,
15.235.96.107,ipv4,botnet,high,WHITE,blocklist.de/bots|blocklist.de/all|ziyadnz/hourly-ipv4,blocklist.de|bot|irc-bot|brute-force|ziyadnz|hourly,2026-08-17T18:48:05Z,2026-08-17T18:48:05Z,
15.235.96.108,ipv4,botnet,high,WHITE,blocklist.de/bots|blocklist.de/all|ziyadnz/hourly-ipv4,blocklist.de|bot|irc-bot|brute-force|ziyadnz|hourly,2026-08-17T18:48:05Z,2026-08-17T18:48:05Z,
15.235.96.113,ipv4,botnet,high,WHITE,blocklist.de/bots|blocklist.de/all|ziyadnz/hourly-ipv4,blocklist.de|bot|irc-bot|brute-force|ziyadnz|hourly,2026-08-17T18:48:05Z,2026-08-17T18:48:05Z,
15.235.96.12,ipv4,botnet,high,WHITE,blocklist.de/bots|blocklist.de/all|ziyadnz/hourly-ipv4,blocklist.de|bot|irc-bot|brute-force|ziyadnz|hourly,2026-08-17T18:48:05Z,2026-08-17T18:48:05Z,
15.235.96.139,ipv4,botnet,high,WHITE,blocklist.de/bots|blocklist.de/all|ziyadnz/hourly-ipv4,blocklist.de|bot|irc-bot|brute-force|ziyadnz|hourly,2026-08-17T18:48:05Z,2026-08-17T18:48:05Z,
15.235.96.164,ipv4,botnet,high,WHITE,blocklist.de/bots|blocklist.de/all|ziyadnz/hourly-ipv4,blocklist.de|bot|irc-bot|brute-force|ziyadnz|hourly,2026-08-17T18:48:05Z,2026-08-17T18:48:05Z,
15.235.96.172,ipv4,botnet,high,WHITE,blocklist.de/bots|blocklist.de/all|ziyadnz/hourly-ipv4,blocklist.de|bot|irc-bot|brute-force|ziyadnz|hourly,2026-08-17T18:48:05Z,2026-08-17T18:48:05Z,
15.235.96.247,ipv4,botnet,medium,WHITE,blocklist.de/bots|ziyadnz/hourly-ipv4,blocklist.de|bot|irc-bot|brute-force|ziyadnz|hourly,2026-08-17T18:48:05Z,2026-08-17T18:48:05Z,
15.235.96.254,ipv4,botnet,high,WHITE,blocklist.de/bots|blocklist.de/all|ziyadnz/hourly-ipv4,blocklist.de|bot|irc-bot|brute-force|ziyadnz|hourly,2026-08-17T18:48:05Z,2026-08-17T18:48:05Z,
15.235.98.10,ipv4,botnet,high,WHITE,blocklist.de/bots|blocklist.de/all|ziyadnz/hourly-ipv4,blocklist.de|bot|irc-bot|brute-force|ziyadnz|hourly,2026-08-17T18:48:05Z,2026-08-17T18:48:05Z,
15.235.98.100,ipv4,botnet,high,WHITE,blocklist.de/bots|blocklist.de/all|ziyadnz/hourly-ipv4,blocklist.de|bot|irc-bot|brute-force|ziyadnz|hourly,2026-08-17T18:48:05Z,2026-08-17T18:48:05Z,
15.235.98.101,ipv4,botnet,high,WHITE,blocklist.de/bots|blocklist.de/all|ziyadnz/hourly-ipv4,blocklist.de|bot|irc-bot|brute-force|ziyadnz|hourly,2026-08-17T18:48:05Z,2026-08-17T18:48:05Z,
15.235.98.105,ipv4,botnet,high,WHITE,blocklist.de/bots|blocklist.de/all|ziyadnz/hourly-ipv4,blocklist.de|bot|irc-bot|brute-force|ziyadnz|hourly,2026-08-17T18:48:05Z,2026-08-17T18:48:05Z,
15.235.98.106,ipv4,botnet,high,WHITE,blocklist.de/bots|blocklist.de/all|ziyadnz/hourly-ipv4,blocklist.de|bot|irc-bot|brute-force|ziyadnz|hourly,2026-08-17T18:48:05Z,2026-08-17T18:48:05Z,
15.235.98.107,ipv4,botnet,high,WHITE,blocklist.de/bots|blocklist.de/all|ziyadnz/hourly-ipv4,blocklist.de|bot|irc-bot|brute-force|ziyadnz|hourly,2026-08-17T18:48:05Z,2026-08-17T18:48:05Z,
15.235.98.109,ipv4,botnet,high,WHITE,blocklist.de/bots|blocklist.de/all|ziyadnz/hourly-ipv4,blocklist.de|bot|irc-bot|brute-force|ziyadnz|hourly,2026-08-17T18:48:05Z,2026-08-17T18:48:05Z,
15.235.98.11,ipv4,botnet,high,WHITE,blocklist.de/bots|blocklist.de/all|ziyadnz/hourly-ipv4,blocklist.de|bot|irc-bot|brute-force|ziyadnz|hourly,2026-08-17T18:48:05Z,2026-08-17T18:48:05Z,
15.235.98.111,ipv4,botnet,high,WHITE,blocklist.de/bots|blocklist.de/all|ziyadnz/hourly-ipv4,blocklist.de|bot|irc-bot|brute-force|ziyadnz|hourly,2026-08-17T18:48:05Z,2026-08-17T18:48:05Z,
15.235.98.112,ipv4,botnet,high,WHITE,blocklist.de/bots|blocklist.de/all|ziyadnz/hourly-ipv4,blocklist.de|bot|irc-bot|brute-force|ziyadnz|hourly,2026-08-17T18:48:05Z,2026-08-17T18:48:05Z,
15.235.98.114,ipv4,botnet,high,WHITE,blocklist.de/bots|blocklist.de/all|ziyadnz/hourly-ipv4,blocklist.de|bot|irc-bot|brute-force|ziyadnz|hourly,2026-08-17T18:48:05Z,2026-08-17T18:48:05Z,
15.235.98.115,ipv4,botnet,high,WHITE,blocklist.de/bots|blocklist.de/all|ziyadnz/hourly-ipv4,blocklist.de|bot|irc-bot|brute-force|ziyadnz|hourly,2026-08-17T18:48:05Z,2026-08-17T18:48:05Z,
15.235.98.116,ipv4,botnet,high,WHITE,blocklist.de/bots|blocklist.de/all|ziyadnz/hourly-ipv4,blocklist.de|bot|irc-bot|brute-force|ziyadnz|hourly,2026-08-17T18:48:05Z,2026-08-17T18:48:05Z,
15.235.98.119,ipv4,botnet,high,WHITE,blocklist.de/bots|blocklist.de/all|ziyadnz/hourly-ipv4,blocklist.de|bot|irc-bot|brute-force|ziyadnz|hourly,2026-08-17T18:48:05Z,2026-08-17T18:48:05Z,
15.235.98.12,ipv4,botnet,high,WHITE,blocklist.de/bots|blocklist.de/all|ziyadnz/hourly-ipv4,blocklist.de|bot|irc-bot|brute-force|ziyadnz|hourly,2026-08-17T18:48:05Z,2026-08-17T18:48:05Z,
15.235.98.120,ipv4,botnet,high,WHITE,blocklist.de/bots|blocklist.de/all|ziyadnz/hourly-ipv4,blocklist.de|bot|irc-bot|brute-force|ziyadnz|hourly,2026-08-17T18:48:05Z,2026-08-17T18:48:05Z,
15.235.98.121,ipv4,botnet,high,WHITE,blocklist.de/bots|blocklist.de/all|ziyadnz/hourly-ipv4,blocklist.de|bot|irc-bot|brute-force|ziyadnz|hourly,2026-08-17T18:48:05Z,2026-08-17T18:48:05Z,
15.235.98.122,ipv4,botnet,high,WHITE,blocklist.de/bots|blocklist.de/all|ziyadnz/hourly-ipv4,blocklist.de|bot|irc-bot|brute-force|ziyadnz|hourly,2026-08-17T18:48:05Z,2026-08-17T18:48:05Z,
15.235.98.123,ipv4,botnet,high,WHITE,blocklist.de/bots|blocklist.de/all|ziyadnz/hourly-ipv4,blocklist.de|bot|irc-bot|brute-force|ziyadnz|hourly,2026-08-17T18:48:05Z,2026-08-17T18:48:05Z,
15.235.98.127,ipv4,botnet,high,WHITE,blocklist.de/bots|blocklist.de/all|ziyadnz/hourly-ipv4,blocklist.de|bot|irc-bot|brute-force|ziyadnz|hourly,2026-08-17T18:48:05Z,2026-08-17T18:48:05Z,
15.235.98.129,ipv4,botnet,high,WHITE,blocklist.de/bots|blocklist.de/all|ziyadnz/hourly-ipv4,blocklist.de|bot|irc-bot|brute-force|ziyadnz|hourly,2026-08-17T18:48:05Z,2026-08-17T18:48:05Z,
15.235.98.131,ipv4,botnet,high,WHITE,blocklist.de/bots|blocklist.de/all|ziyadnz/hourly-ipv4,blocklist.de|bot|irc-bot|brute-force|ziyadnz|hourly,2026-08-17T18:48:05Z,2026-08-17T18:48:05Z,
15.235.98.134,ipv4,botnet,high,WHITE,blocklist.de/bots|blocklist.de/all|ziyadnz/hourly-ipv4,blocklist.de|bot|irc-bot|brute-force|ziyadnz|hourly,2026-08-17T18:48:05Z,2026-08-17T18:48:05Z,
15.235.98.137,ipv4,botnet,high,WHITE,blocklist.de/bots|blocklist.de/all|ziyadnz/hourly-ipv4,blocklist.de|bot|irc-bot|brute-force|ziyadnz|hourly,2026-08-17T18:48:05Z,2026-08-17T18:48:05Z,
15.235.98.138,ipv4,botnet,high,WHITE,blocklist.de/bots|blocklist.de/all|ziyadnz/hourly-ipv4,blocklist.de|bot|irc-bot|brute-force|ziyadnz|hourly,2026-08-17T18:48:05Z,2026-08-17T18:48:05Z,
15.235.98.139,ipv4,botnet,high,WHITE,blocklist.de/bots|blocklist.de/all|ziyadnz/hourly-ipv4,blocklist.de|bot|irc-bot|brute-force|ziyadnz|hourly,2026-08-17T18:48:05Z,2026-08-17T18:48:05Z,
15.235.98.140,ipv4,botnet,high,WHITE,blocklist.de/bots|blocklist.de/all|ziyadnz/hourly-ipv4,blocklist.de|bot|irc-bot|brute-force|ziyadnz|hourly,2026-08-17T18:48:05Z,2026-08-17T18:48:05Z,
15.235.98.141,ipv4,botnet,high,WHITE,blocklist.de/bots|blocklist.de/all|ziyadnz/hourly-ipv4,blocklist.de|bot|irc-bot|brute-force|ziyadnz|hourly,2026-08-17T18:48:05Z,2026-08-17T18:48:05Z,
15.235.98.142,ipv4,botnet,high,WHITE,blocklist.de/bots|blocklist.de/all|ziyadnz/hourly-ipv4,blocklist.de|bot|irc-bot|brute-force|ziyadnz|hourly,2026-08-17T18:48:05Z,2026-08-17T18:48:05Z,
15.235.98.143,ipv4,botnet,high,WHITE,blocklist.de/bots|blocklist.de/all|ziyadnz/hourly-ipv4,blocklist.de|bot|irc-bot|brute-force|ziyadnz|hourly,2026-08-17T18:48:05Z,2026-08-17T18:48:05Z,
15.235.98.144,ipv4,botnet,high,WHITE,blocklist.de/bots|blocklist.de/all|ziyadnz/hourly-ipv4,blocklist.de|bot|irc-bot|brute-force|ziyadnz|hourly,2026-08-17T18:48:05Z,2026-08-17T18:48:05Z,
15.235.98.146,ipv4,botnet,high,WHITE,blocklist.de/bots|blocklist.de/all|ziyadnz/hourly-ipv4,blocklist.de|bot|irc-bot|brute-force|ziyadnz|hourly,2026-08-17T18:48:05Z,2026-08-17T18:48:05Z,
15.235.98.148,ipv4,botnet,high,WHITE,blocklist.de/bots|blocklist.de/all|ziyadnz/hourly-ipv4,blocklist.de|bot|irc-bot|brute-force|ziyadnz|hourly,2026-08-17T18:48:05Z,2026-08-17T18:48:05Z,
15.235.98.150,ipv4,botnet,high,WHITE,blocklist.de/bots|blocklist.de/all|ziyadnz/hourly-ipv4,blocklist.de|bot|irc-bot|brute-force|ziyadnz|hourly,2026-08-17T18:48:05Z,2026-08-17T18:48:05Z,
15.235.98.152,ipv4,botnet,high,WHITE,blocklist.de/bots|blocklist.de/all|ziyadnz/hourly-ipv4,blocklist.de|bot|irc-bot|brute-force|ziyadnz|hourly,2026-08-17T18:48:05Z,2026-08-17T18:48:05Z,
15.235.98.153,ipv4,botnet,high,WHITE,blocklist.de/bots|blocklist.de/all|ziyadnz/hourly-ipv4,blocklist.de|bot|irc-bot|brute-force|ziyadnz|hourly,2026-08-17T18:48:05Z,2026-08-17T18:48:05Z,
15.235.98.154,ipv4,botnet,high,WHITE,blocklist.de/bots|blocklist.de/all|ziyadnz/hourly-ipv4,blocklist.de|bot|irc-bot|brute-force|ziyadnz|hourly,2026-08-17T18:48:05Z,2026-08-17T18:48:05Z,
15.235.98.157,ipv4,botnet,high,WHITE,blocklist.de/bots|blocklist.de/all|ziyadnz/hourly-ipv4,blocklist.de|bot|irc-bot|brute-force|ziyadnz|hourly,2026-08-17T18:48:05Z,2026-08-17T18:48:05Z,
15.235.98.158,ipv4,botnet,high,WHITE,blocklist.de/bots|blocklist.de/all|ziyadnz/hourly-ipv4,blocklist.de|bot|irc-bot|brute-force|ziyadnz|hourly,2026-08-17T18:48:05Z,2026-08-17T18:48:05Z,
15.235.98.16,ipv4,botnet,high,WHITE,blocklist.de/bots|blocklist.de/all|ziyadnz/hourly-ipv4,blocklist.de|bot|irc-bot|brute-force|ziyadnz|hourly,2026-08-17T18:48:05Z,2026-08-17T18:48:05Z,
15.235.98.160,ipv4,botnet,high,WHITE,blocklist.de/bots|blocklist.de/all|ziyadnz/hourly-ipv4,blocklist.de|bot|irc-bot|brute-force|ziyadnz|hourly,2026-08-17T18:48:05Z,2026-08-17T18:48:05Z,
15.235.98.162,ipv4,botnet,high,WHITE,blocklist.de/bots|blocklist.de/all|ziyadnz/hourly-ipv4,blocklist.de|bot|irc-bot|brute-force|ziyadnz|hourly,2026-08-17T18:48:05Z,2026-08-17T18:48:05Z,
15.235.98.163,ipv4,botnet,high,WHITE,blocklist.de/bots|blocklist.de/all|ziyadnz/hourly-ipv4,blocklist.de|bot|irc-bot|brute-force|ziyadnz|hourly,2026-08-17T18:48:05Z,2026-08-17T18:48:05Z,
15.235.98.164,ipv4,botnet,high,WHITE,blocklist.de/bots|blocklist.de/all|ziyadnz/hourly-ipv4,blocklist.de|bot|irc-bot|brute-force|ziyadnz|hourly,2026-08-17T18:48:05Z,2026-08-17T18:48:05Z,
15.235.98.169,ipv4,botnet,high,WHITE,blocklist.de/bots|blocklist.de/all|ziyadnz/hourly-ipv4,blocklist.de|bot|irc-bot|brute-force|ziyadnz|hourly,2026-08-17T18:48:05Z,2026-08-17T18:48:05Z,
15.235.98.171,ipv4,botnet,high,WHITE,blocklist.de/bots|blocklist.de/all|ziyadnz/hourly-ipv4,blocklist.de|bot|irc-bot|brute-force|ziyadnz|hourly,2026-08-17T18:48:05Z,2026-08-17T18:48:05Z,
15.235.98.173,ipv4,botnet,high,WHITE,blocklist.de/bots|blocklist.de/all|ziyadnz/hourly-ipv4,blocklist.de|bot|irc-bot|brute-force|ziyadnz|hourly,2026-08-17T18:48:05Z,2026-08-17T18:48:05Z,
15.235.98.177,ipv4,botnet,high,WHITE,blocklist.de/bots|blocklist.de/all|ziyadnz/hourly-ipv4,blocklist.de|bot|irc-bot|brute-force|ziyadnz|hourly,2026-08-17T18:48:05Z,2026-08-17T18:48:05Z,
15.235.98.182,ipv4,botnet,high,WHITE,blocklist.de/bots|blocklist.de/all|ziyadnz/hourly-ipv4,blocklist.de|bot|irc-bot|brute-force|ziyadnz|hourly,2026-08-17T18:48:05Z,2026-08-17T18:48:05Z,
15.235.98.186,ipv4,botnet,high,WHITE,blocklist.de/bots|blocklist.de/all|ziyadnz/hourly-ipv4,blocklist.de|bot|irc-bot|brute-force|ziyadnz|hourly,2026-08-17T18:48:05Z,2026-08-17T18:48:05Z,
15.235.98.187,ipv4,botnet,high,WHITE,blocklist.de/bots|blocklist.de/all|ziyadnz/hourly-ipv4,blocklist.de|bot|irc-bot|brute-force|ziyadnz|hourly,2026-08-17T18:48:05Z,2026-08-17T18:48:05Z,
15.235.98.196,ipv4,botnet,high,WHITE,blocklist.de/bots|blocklist.de/all|ziyadnz/hourly-ipv4,blocklist.de|bot|irc-bot|brute-force|ziyadnz|hourly,2026-08-17T18:48:05Z,2026-08-17T18:48:05Z,
15.235.98.197,ipv4,botnet,high,WHITE,blocklist.de/bots|blocklist.de/all|ziyadnz/hourly-ipv4,blocklist.de|bot|irc-bot|brute-force|ziyadnz|hourly,2026-08-17T18:48:05Z,2026-08-17T18:48:05Z,
15.235.98.198,ipv4,botnet,high,WHITE,blocklist.de/bots|blocklist.de/all|ziyadnz/hourly-ipv4,blocklist.de|bot|irc-bot|brute-force|ziyadnz|hourly,2026-08-17T18:48:05Z,2026-08-17T18:48:05Z,
15.235.98.2,ipv4,botnet,high,WHITE,blocklist.de/bots|blocklist.de/all|ziyadnz/hourly-ipv4,blocklist.de|bot|irc-bot|brute-force|ziyadnz|hourly,2026-08-17T18:48:05Z,2026-08-17T18:48:05Z,
15.235.98.205,ipv4,botnet,high,WHITE,blocklist.de/bots|blocklist.de/all|ziyadnz/hourly-ipv4,blocklist.de|bot|irc-bot|brute-force|ziyadnz|hourly,2026-08-17T18:48:05Z,2026-08-17T18:48:05Z,
15.235.98.206,ipv4,botnet,high,WHITE,blocklist.de/bots|blocklist.de/all|ziyadnz/hourly-ipv4,blocklist.de|bot|irc-bot|brute-force|ziyadnz|hourly,2026-08-17T18:48:05Z,2026-08-17T18:48:05Z,
15.235.98.21,ipv4,botnet,high,WHITE,blocklist.de/bots|blocklist.de/all|ziyadnz/hourly-ipv4,blocklist.de|bot|irc-bot|brute-force|ziyadnz|hourly,2026-08-17T18:48:05Z,2026-08-17T18:48:05Z,
15.235.98.210,ipv4,botnet,high,WHITE,blocklist.de/bots|blocklist.de/all|ziyadnz/hourly-ipv4,blocklist.de|bot|irc-bot|brute-force|ziyadnz|hourly,2026-08-17T18:48:05Z,2026-08-17T18:48:05Z,
15.235.98.211,ipv4,botnet,high,WHITE,blocklist.de/bots|blocklist.de/all|ziyadnz/hourly-ipv4,blocklist.de|bot|irc-bot|brute-force|ziyadnz|hourly,2026-08-17T18:48:05Z,2026-08-17T18:48:05Z,
15.235.98.212,ipv4,botnet,high,WHITE,blocklist.de/bots|blocklist.de/all|ziyadnz/hourly-ipv4,blocklist.de|bot|irc-bot|brute-force|ziyadnz|hourly,2026-08-17T18:48:05Z,2026-08-17T18:48:05Z,
15.235.98.219,ipv4,botnet,high,WHITE,blocklist.de/bots|blocklist.de/all|ziyadnz/hourly-ipv4,blocklist.de|bot|irc-bot|brute-force|ziyadnz|hourly,2026-08-17T18:48:05Z,2026-08-17T18:48:05Z,
15.235.98.22,ipv4,botnet,high,WHITE,blocklist.de/bots|blocklist.de/all|ziyadnz/hourly-ipv4,blocklist.de|bot|irc-bot|brute-force|ziyadnz|hourly,2026-08-17T18:48:05Z,2026-08-17T18:48:05Z,
15.235.98.220,ipv4,botnet,high,WHITE,blocklist.de/bots|blocklist.de/all|ziyadnz/hourly-ipv4,blocklist.de|bot|irc-bot|brute-force|ziyadnz|hourly,2026-08-17T18:48:05Z,2026-08-17T18:48:05Z,
15.235.98.224,ipv4,botnet,high,WHITE,blocklist.de/bots|blocklist.de/all|ziyadnz/hourly-ipv4,blocklist.de|bot|irc-bot|brute-force|ziyadnz|hourly,2026-08-17T18:48:05Z,2026-08-17T18:48:05Z,
15.235.98.225,ipv4,botnet,high,WHITE,blocklist.de/bots|blocklist.de/all|ziyadnz/hourly-ipv4,blocklist.de|bot|irc-bot|brute-force|ziyadnz|hourly,2026-08-17T18:48:05Z,2026-08-17T18:48:05Z,
15.235.98.227,ipv4,botnet,high,WHITE,blocklist.de/bots|blocklist.de/all|ziyadnz/hourly-ipv4,blocklist.de|bot|irc-bot|brute-force|ziyadnz|hourly,2026-08-17T18:48:05Z,2026-08-17T18:48:05Z,
15.235.98.228,ipv4,botnet,high,WHITE,blocklist.de/bots|blocklist.de/all|ziyadnz/hourly-ipv4,blocklist.de|bot|irc-bot|brute-force|ziyadnz|hourly,2026-08-17T18:48:05Z,2026-08-17T18:48:05Z,
15.235.98.23,ipv4,botnet,high,WHITE,blocklist.de/bots|blocklist.de/all|ziyadnz/hourly-ipv4,blocklist.de|bot|irc-bot|brute-force|ziyadnz|hourly,2026-08-17T18:48:05Z,2026-08-17T18:48:05Z,
15.235.98.236,ipv4,botnet,high,WHITE,blocklist.de/bots|blocklist.de/all|ziyadnz/hourly-ipv4,blocklist.de|bot|irc-bot|brute-force|ziyadnz|hourly,2026-08-17T18:48:05Z,2026-08-17T18:48:05Z,
15.235.98.239,ipv4,botnet,high,WHITE,blocklist.de/bots|blocklist.de/all|ziyadnz/hourly-ipv4,blocklist.de|bot|irc-bot|brute-force|ziyadnz|hourly,2026-08-17T18:48:05Z,2026-08-17T18:48:05Z,
15.235.98.240,ipv4,botnet,high,WHITE,blocklist.de/bots|blocklist.de/all|ziyadnz/hourly-ipv4,blocklist.de|bot|irc-bot|brute-force|ziyadnz|hourly,2026-08-17T18:48:05Z,2026-08-17T18:48:05Z,
15.235.98.242,ipv4,botnet,high,WHITE,blocklist.de/bots|blocklist.de/all|ziyadnz/hourly-ipv4,blocklist.de|bot|irc-bot|brute-force|ziyadnz|hourly,2026-08-17T18:48:05Z,2026-08-17T18:48:05Z,
15.235.98.244,ipv4,botnet,high,WHITE,blocklist.de/bots|blocklist.de/all|ziyadnz/hourly-ipv4,blocklist.de|bot|irc-bot|brute-force|ziyadnz|hourly,2026-08-17T18:48:05Z,2026-08-17T18:48:05Z,
15.235.98.245,ipv4,botnet,high,WHITE,blocklist.de/bots|blocklist.de/all|ziyadnz/hourly-ipv4,blocklist.de|bot|irc-bot|brute-force|ziyadnz|hourly,2026-08-17T18:48:05Z,2026-08-17T18:48:05Z,
15.235.98.246,ipv4,botnet,high,WHITE,blocklist.de/bots|blocklist.de/all|ziyadnz/hourly-ipv4,blocklist.de|bot|irc-bot|brute-force|ziyadnz|hourly,2026-08-17T18:48:05Z,2026-08-17T18:48:05Z,
15.235.98.248,ipv4,botnet,high,WHITE,blocklist.de/bots|blocklist.de/all|ziyadnz/hourly-ipv4,blocklist.de|bot|irc-bot|brute-force|ziyadnz|hourly,2026-08-17T18:48:05Z,2026-08-17T18:48:05Z,
15.235.98.250,ipv4,botnet,high,WHITE,blocklist.de/bots|blocklist.de/all|ziyadnz/hourly-ipv4,blocklist.de|bot|irc-bot|brute-force|ziyadnz|hourly,2026-08-17T18:48:05Z,2026-08-17T18:48:05Z,
15.235.98.253,ipv4,botnet,high,WHITE,blocklist.de/bots|blocklist.de/all|ziyadnz/hourly-ipv4,blocklist.de|bot|irc-bot|brute-force|ziyadnz|hourly,2026-08-17T18:48:05Z,2026-08-17T18:48:05Z,
15.235.98.26,ipv4,botnet,high,WHITE,blocklist.de/bots|blocklist.de/all|ziyadnz/hourly-ipv4,blocklist.de|bot|irc-bot|brute-force|ziyadnz|hourly,2026-08-17T18:48:05Z,2026-08-17T18:48:05Z,
15.235.98.29,ipv4,botnet,high,WHITE,blocklist.de/bots|blocklist.de/all|ziyadnz/hourly-ipv4,blocklist.de|bot|irc-bot|brute-force|ziyadnz|hourly,2026-08-17T18:48:05Z,2026-08-17T18:48:05Z,
15.235.98.3,ipv4,botnet,high,WHITE,blocklist.de/bots|blocklist.de/all|ziyadnz/hourly-ipv4,blocklist.de|bot|irc-bot|brute-force|ziyadnz|hourly,2026-08-17T18:48:05Z,2026-08-17T18:48:05Z,
15.235.98.33,ipv4,botnet,high,WHITE,blocklist.de/bots|blocklist.de/all|ziyadnz/hourly-ipv4,blocklist.de|bot|irc-bot|brute-force|ziyadnz|hourly,2026-08-17T18:48:05Z,2026-08-17T18:48:05Z,
15.235.98.34,ipv4,botnet,high,WHITE,blocklist.de/bots|blocklist.de/all|ziyadnz/hourly-ipv4,blocklist.de|bot|irc-bot|brute-force|ziyadnz|hourly,2026-08-17T18:48:05Z,2026-08-17T18:48:05Z,
15.235.98.38,ipv4,botnet,high,WHITE,blocklist.de/bots|blocklist.de/all|ziyadnz/hourly-ipv4,blocklist.de|bot|irc-bot|brute-force|ziyadnz|hourly,2026-08-17T18:48:05Z,2026-08-17T18:48:05Z,
15.235.98.4,ipv4,botnet,high,WHITE,blocklist.de/bots|blocklist.de/all|ziyadnz/hourly-ipv4,blocklist.de|bot|irc-bot|brute-force|ziyadnz|hourly,2026-08-17T18:48:05Z,2026-08-17T18:48:05Z,
15.235.98.41,ipv4,botnet,high,WHITE,blocklist.de/bots|blocklist.de/all|ziyadnz/hourly-ipv4,blocklist.de|bot|irc-bot|brute-force|ziyadnz|hourly,2026-08-17T18:48:05Z,2026-08-17T18:48:05Z,
15.235.98.43,ipv4,botnet,high,WHITE,blocklist.de/bots|blocklist.de/all|ziyadnz/hourly-ipv4,blocklist.de|bot|irc-bot|brute-force|ziyadnz|hourly,2026-08-17T18:48:05Z,2026-08-17T18:48:05Z,
15.235.98.44,ipv4,botnet,high,WHITE,blocklist.de/bots|blocklist.de/all|ziyadnz/hourly-ipv4,blocklist.de|bot|irc-bot|brute-force|ziyadnz|hourly,2026-08-17T18:48:05Z,2026-08-17T18:48:05Z,
15.235.98.45,ipv4,botnet,high,WHITE,blocklist.de/bots|blocklist.de/all|ziyadnz/hourly-ipv4,blocklist.de|bot|irc-bot|brute-force|ziyadnz|hourly,2026-08-17T18:48:05Z,2026-08-17T18:48:05Z,
15.235.98.46,ipv4,botnet,high,WHITE,blocklist.de/bots|blocklist.de/all|ziyadnz/hourly-ipv4,blocklist.de|bot|irc-bot|brute-force|ziyadnz|hourly,2026-08-17T18:48:05Z,2026-08-17T18:48:05Z,
15.235.98.47,ipv4,botnet,high,WHITE,blocklist.de/bots|blocklist.de/all|ziyadnz/hourly-ipv4,blocklist.de|bot|irc-bot|brute-force|ziyadnz|hourly,2026-08-17T18:48:05Z,2026-08-17T18:48:05Z,
15.235.98.49,ipv4,botnet,high,WHITE,blocklist.de/bots|blocklist.de/all|ziyadnz/hourly-ipv4,blocklist.de|bot|irc-bot|brute-force|ziyadnz|hourly,2026-08-17T18:48:05Z,2026-08-17T18:48:05Z,
15.235.98.5,ipv4,botnet,high,WHITE,blocklist.de/bots|blocklist.de/all|ziyadnz/hourly-ipv4,blocklist.de|bot|irc-bot|brute-force|ziyadnz|hourly,2026-08-17T18:48:05Z,2026-08-17T18:48:05Z,
15.235.98.52,ipv4,botnet,high,WHITE,blocklist.de/bots|blocklist.de/all|ziyadnz/hourly-ipv4,blocklist.de|bot|irc-bot|brute-force|ziyadnz|hourly,2026-08-17T18:48:05Z,2026-08-17T18:48:05Z,
15.235.98.55,ipv4,botnet,high,WHITE,blocklist.de/bots|blocklist.de/all|ziyadnz/hourly-ipv4,blocklist.de|bot|irc-bot|brute-force|ziyadnz|hourly,2026-08-17T18:48:05Z,2026-08-17T18:48:05Z,
15.235.98.6,ipv4,botnet,high,WHITE,blocklist.de/bots|blocklist.de/all|ziyadnz/hourly-ipv4,blocklist.de|bot|irc-bot|brute-force|ziyadnz|hourly,2026-08-17T18:48:05Z,2026-08-17T18:48:05Z,
15.235.98.60,ipv4,botnet,high,WHITE,blocklist.de/bots|blocklist.de/all|ziyadnz/hourly-ipv4,blocklist.de|bot|irc-bot|brute-force|ziyadnz|hourly,2026-08-17T18:48:05Z,2026-08-17T18:48:05Z,
15.235.98.62,ipv4,botnet,high,WHITE,blocklist.de/bots|blocklist.de/all|ziyadnz/hourly-ipv4,blocklist.de|bot|irc-bot|brute-force|ziyadnz|hourly,2026-08-17T18:48:05Z,2026-08-17T18:48:05Z,
15.235.98.63,ipv4,botnet,high,WHITE,blocklist.de/bots|blocklist.de/all|ziyadnz/hourly-ipv4,blocklist.de|bot|irc-bot|brute-force|ziyadnz|hourly,2026-08-17T18:48:05Z,2026-08-17T18:48:05Z,
15.235.98.64,ipv4,botnet,high,WHITE,blocklist.de/bots|blocklist.de/all|ziyadnz/hourly-ipv4,blocklist.de|bot|irc-bot|brute-force|ziyadnz|hourly,2026-08-17T18:48:05Z,2026-08-17T18:48:05Z,
15.235.98.68,ipv4,botnet,high,WHITE,blocklist.de/bots|blocklist.de/all|ziyadnz/hourly-ipv4,blocklist.de|bot|irc-bot|brute-force|ziyadnz|hourly,2026-08-17T18:48:05Z,2026-08-17T18:48:05Z,
15.235.98.69,ipv4,botnet,high,WHITE,blocklist.de/bots|blocklist.de/all|ziyadnz/hourly-ipv4,blocklist.de|bot|irc-bot|brute-force|ziyadnz|hourly,2026-08-17T18:48:05Z,2026-08-17T18:48:05Z,
15.235.98.7,ipv4,botnet,high,WHITE,blocklist.de/bots|blocklist.de/all|ziyadnz/hourly-ipv4,blocklist.de|bot|irc-bot|brute-force|ziyadnz|hourly,2026-08-17T18:48:05Z,2026-08-17T18:48:05Z,
15.235.98.73,ipv4,botnet,high,WHITE,blocklist.de/bots|blocklist.de/all|ziyadnz/hourly-ipv4,blocklist.de|bot|irc-bot|brute-force|ziyadnz|hourly,2026-08-17T18:48:05Z,2026-08-17T18:48:05Z,
15.235.98.74,ipv4,botnet,high,WHITE,blocklist.de/bots|blocklist.de/all|ziyadnz/hourly-ipv4,blocklist.de|bot|irc-bot|brute-force|ziyadnz|hourly,2026-08-17T18:48:05Z,2026-08-17T18:48:05Z,
15.235.98.8,ipv4,botnet,high,WHITE,blocklist.de/bots|blocklist.de/all|ziyadnz/hourly-ipv4,blocklist.de|bot|irc-bot|brute-force|ziyadnz|hourly,2026-08-17T18:48:05Z,2026-08-17T18:48:05Z,
15.235.98.83,ipv4,botnet,high,WHITE,blocklist.de/bots|blocklist.de/all|ziyadnz/hourly-ipv4,blocklist.de|bot|irc-bot|brute-force|ziyadnz|hourly,2026-08-17T18:48:05Z,2026-08-17T18:48:05Z,
15.235.98.84,ipv4,botnet,high,WHITE,blocklist.de/bots|blocklist.de/all|ziyadnz/hourly-ipv4,blocklist.de|bot|irc-bot|brute-force|ziyadnz|hourly,2026-08-17T18:48:05Z,2026-08-17T18:48:05Z,
15.235.98.85,ipv4,botnet,high,WHITE,blocklist.de/bots|blocklist.de/all|ziyadnz/hourly-ipv4,blocklist.de|bot|irc-bot|brute-force|ziyadnz|hourly,2026-08-17T18:48:05Z,2026-08-17T18:48:05Z,
15.235.98.86,ipv4,botnet,high,WHITE,blocklist.de/bots|blocklist.de/all|ziyadnz/hourly-ipv4,blocklist.de|bot|irc-bot|brute-force|ziyadnz|hourly,2026-08-17T18:48:05Z,2026-08-17T18:48:05Z,
15.235.98.9,ipv4,botnet,high,WHITE,blocklist.de/bots|blocklist.de/all|ziyadnz/hourly-ipv4,blocklist.de|bot|irc-bot|brute-force|ziyadnz|hourly,2026-08-17T18:48:05Z,2026-08-17T18:48:05Z,
15.235.98.90,ipv4,botnet,high,WHITE,blocklist.de/bots|blocklist.de/all|ziyadnz/hourly-ipv4,blocklist.de|bot|irc-bot|brute-force|ziyadnz|hourly,2026-08-17T18:48:05Z,2026-08-17T18:48:05Z,
15.235.98.91,ipv4,botnet,high,WHITE,blocklist.de/bots|blocklist.de/all|ziyadnz/hourly-ipv4,blocklist.de|bot|irc-bot|brute-force|ziyadnz|hourly,2026-08-17T18:48:05Z,2026-08-17T18:48:05Z,
15.235.98.92,ipv4,botnet,high,WHITE,blocklist.de/bots|blocklist.de/all|ziyadnz/hourly-ipv4,blocklist.de|bot|irc-bot|brute-force|ziyadnz|hourly,2026-08-17T18:48:05Z,2026-08-17T18:48:05Z,
15.235.98.97,ipv4,botnet,high,WHITE,blocklist.de/bots|blocklist.de/all|ziyadnz/hourly-ipv4,blocklist.de|bot|irc-bot|brute-force|ziyadnz|hourly,2026-08-17T18:48:05Z,2026-08-17T18:48:05Z,
15.235.98.98,ipv4,botnet,high,WHITE,blocklist.de/bots|blocklist.de/all|ziyadnz/hourly-ipv4,blocklist.de|bot|irc-bot|brute-force|ziyadnz|hourly,2026-08-17T18:48:05Z,2026-08-17T18:48:05Z,
15.235.98.99,ipv4,botnet,high,WHITE,blocklist.de/bots|blocklist.de/all|ziyadnz/hourly-ipv4,blocklist.de|bot|irc-bot|brute-force|ziyadnz|hourly,2026-08-17T18:48:05Z,2026-08-17T18:48:05Z,
150.129.150.206,ipv4,botnet,high,WHITE,blocklist.de/bots|blocklist.de/all|ziyadnz/hourly-ipv4,blocklist.de|bot|irc-bot|brute-force|ziyadnz|hourly,2026-08-17T18:48:05Z,2026-08-17T18:48:05Z,
150.129.236.79,ipv4,botnet,high,WHITE,blocklist.de/bots|blocklist.de/all|ziyadnz/hourly-ipv4,blocklist.de|bot|irc-bot|brute-force|ziyadnz|hourly,2026-08-17T18:48:05Z,2026-08-17T18:48:05Z,
150.228.11.87,ipv4,botnet,high,WHITE,blocklist.de/bots|blocklist.de/all|ziyadnz/hourly-ipv4,blocklist.de|bot|irc-bot|brute-force|ziyadnz|hourly,2026-08-17T18:48:05Z,2026-08-17T18:48:05Z,
150.228.135.27,ipv4,botnet,high,WHITE,blocklist.de/bots|blocklist.de/all|ziyadnz/hourly-ipv4,blocklist.de|bot|irc-bot|brute-force|ziyadnz|hourly,2026-08-17T18:48:05Z,2026-08-17T18:48:05Z,
150.228.181.87,ipv4,botnet,high,WHITE,blocklist.de/bots|blocklist.de/all|ziyadnz/hourly-ipv4,blocklist.de|bot|irc-bot|brute-force|ziyadnz|hourly,2026-08-17T18:48:05Z,2026-08-17T18:48:05Z,
150.228.187.87,ipv4,botnet,high,WHITE,blocklist.de/bots|blocklist.de/all|ziyadnz/hourly-ipv4,blocklist.de|bot|irc-bot|brute-force|ziyadnz|hourly,2026-08-17T18:48:05Z,2026-08-17T18:48:05Z,
150.251.225.111,ipv4,botnet,high,WHITE,blocklist.de/bots|blocklist.de/all|ziyadnz/hourly-ipv4,blocklist.de|bot|irc-bot|brute-force|ziyadnz|hourly,2026-08-17T18:48:05Z,2026-08-17T18:48:05Z,
150.255.44.197,ipv4,botnet,high,WHITE,blocklist.de/bots|blocklist.de/all|ziyadnz/hourly-ipv4,blocklist.de|bot|irc-bot|brute-force|ziyadnz|hourly,2026-08-17T18:48:05Z,2026-08-17T18:48:05Z,
150.40.126.115,ipv4,botnet,high,WHITE,blocklist.de/bots|blocklist.de/all|ziyadnz/hourly-ipv4,blocklist.de|bot|irc-bot|brute-force|ziyadnz|hourly,2026-08-17T18:48:05Z,2026-08-17T18:48:05Z,
151.158.52.212,ipv4,botnet,high,WHITE,blocklist.de/bots|blocklist.de/all|ziyadnz/hourly-ipv4,blocklist.de|bot|irc-bot|brute-force|ziyadnz|hourly,2026-08-17T18:48:05Z,2026-08-17T18:48:05Z,
152.136.14.32,ipv4,botnet,medium,WHITE,blocklist.de/bots|blocklist.de/all,blocklist.de|bot|irc-bot|brute-force|ziyadnz|hourly,2026-08-17T18:48:05Z,2026-08-17T18:48:05Z,
152.53.187.237,ipv4,botnet,high,WHITE,blocklist.de/bots|blocklist.de/all|ziyadnz/hourly-ipv4,blocklist.de|bot|irc-bot|brute-force|ziyadnz|hourly,2026-08-17T18:48:05Z,2026-08-17T18:48:05Z,
152.56.135.6,ipv4,botnet,high,WHITE,blocklist.de/bots|blocklist.de/all|ziyadnz/hourly-ipv4,blocklist.de|bot|irc-bot|brute-force|ziyadnz|hourly,2026-08-17T18:48:05Z,2026-08-17T18:48:05Z,
152.56.4.196,ipv4,botnet,high,WHITE,blocklist.de/bots|blocklist.de/all|ziyadnz/hourly-ipv4,blocklist.de|bot|irc-bot|brute-force|ziyadnz|hourly,2026-08-17T18:48:05Z,2026-08-17T18:48:05Z,
152.57.12.32,ipv4,botnet,high,WHITE,blocklist.de/bots|blocklist.de/all|ziyadnz/hourly-ipv4,blocklist.de|bot|irc-bot|brute-force|ziyadnz|hourly,2026-08-17T18:48:05Z,2026-08-17T18:48:05Z,
152.57.15.189,ipv4,botnet,high,WHITE,blocklist.de/bots|blocklist.de/all|ziyadnz/hourly-ipv4,blocklist.de|bot|irc-bot|brute-force|ziyadnz|hourly,2026-08-17T18:48:05Z,2026-08-17T18:48:05Z,
152.57.231.28,ipv4,botnet,high,WHITE,blocklist.de/bots|blocklist.de/all|ziyadnz/hourly-ipv4,blocklist.de|bot|irc-bot|brute-force|ziyadnz|hourly,2026-08-17T18:48:05Z,2026-08-17T18:48:05Z,
152.58.133.255,ipv4,botnet,high,WHITE,blocklist.de/bots|blocklist.de/all|ziyadnz/hourly-ipv4,blocklist.de|bot|irc-bot|brute-force|ziyadnz|hourly,2026-08-17T18:48:05Z,2026-08-17T18:48:05Z,
152.58.158.67,ipv4,botnet,high,WHITE,blocklist.de/bots|blocklist.de/all|ziyadnz/hourly-ipv4,blocklist.de|bot|irc-bot|brute-force|ziyadnz|hourly,2026-08-17T18:48:05Z,2026-08-17T18:48:05Z,
152.58.159.182,ipv4,botnet,high,WHITE,blocklist.de/bots|blocklist.de/all|ziyadnz/hourly-ipv4,blocklist.de|bot|irc-bot|brute-force|ziyadnz|hourly,2026-08-17T18:48:05Z,2026-08-17T18:48:05Z,
152.59.148.86,ipv4,botnet,high,WHITE,blocklist.de/bots|blocklist.de/all|ziyadnz/hourly-ipv4,blocklist.de|bot|irc-bot|brute-force|ziyadnz|hourly,2026-08-17T18:48:05Z,2026-08-17T18:48:05Z,
152.59.181.231,ipv4,botnet,high,WHITE,blocklist.de/bots|blocklist.de/all|ziyadnz/hourly-ipv4,blocklist.de|bot|irc-bot|brute-force|ziyadnz|hourly,2026-08-17T18:48:05Z,2026-08-17T18:48:05Z,
152.59.184.107,ipv4,botnet,high,WHITE,blocklist.de/bots|blocklist.de/all|ziyadnz/hourly-ipv4,blocklist.de|bot|irc-bot|brute-force|ziyadnz|hourly,2026-08-17T18:48:05Z,2026-08-17T18:48:05Z,
152.59.184.152,ipv4,botnet,high,WHITE,blocklist.de/bots|blocklist.de/all|ziyadnz/hourly-ipv4,blocklist.de|bot|irc-bot|brute-force|ziyadnz|hourly,2026-08-17T18:48:05Z,2026-08-17T18:48:05Z,
152.59.184.246,ipv4,botnet,high,WHITE,blocklist.de/bots|blocklist.de/all|ziyadnz/hourly-ipv4,blocklist.de|bot|irc-bot|brute-force|ziyadnz|hourly,2026-08-17T18:48:05Z,2026-08-17T18:48:05Z,
152.59.186.40,ipv4,botnet,high,WHITE,blocklist.de/bots|blocklist.de/all|ziyadnz/hourly-ipv4,blocklist.de|bot|irc-bot|brute-force|ziyadnz|hourly,2026-08-17T18:48:05Z,2026-08-17T18:48:05Z,
152.59.187.140,ipv4,botnet,high,WHITE,blocklist.de/bots|blocklist.de/all|ziyadnz/hourly-ipv4,blocklist.de|bot|irc-bot|brute-force|ziyadnz|hourly,2026-08-17T18:48:05Z,2026-08-17T18:48:05Z,
152.59.187.252,ipv4,botnet,high,WHITE,blocklist.de/bots|blocklist.de/all|ziyadnz/hourly-ipv4,blocklist.de|bot|irc-bot|brute-force|ziyadnz|hourly,2026-08-17T18:48:05Z,2026-08-17T18:48:05Z,
152.59.24.185,ipv4,botnet,high,WHITE,blocklist.de/bots|blocklist.de/all|ziyadnz/hourly-ipv4,blocklist.de|bot|irc-bot|brute-force|ziyadnz|hourly,2026-08-17T18:48:05Z,2026-08-17T18:48:05Z,
152.59.24.194,ipv4,botnet,high,WHITE,blocklist.de/bots|blocklist.de/all|ziyadnz/hourly-ipv4,blocklist.de|bot|irc-bot|brute-force|ziyadnz|hourly,2026-08-17T18:48:05Z,2026-08-17T18:48:05Z,
152.59.62.226,ipv4,botnet,high,WHITE,blocklist.de/bots|blocklist.de/all|ziyadnz/hourly-ipv4,blocklist.de|bot|irc-bot|brute-force|ziyadnz|hourly,2026-08-17T18:48:05Z,2026-08-17T18:48:05Z,
153.0.126.6,ipv4,botnet,high,WHITE,blocklist.de/bots|blocklist.de/all|ziyadnz/hourly-ipv4,blocklist.de|bot|irc-bot|brute-force|ziyadnz|hourly,2026-08-17T18:48:05Z,2026-08-17T18:48:05Z,
153.117.44.95,ipv4,botnet,high,WHITE,blocklist.de/bots|blocklist.de/all|ziyadnz/hourly-ipv4,blocklist.de|bot|irc-bot|brute-force|ziyadnz|hourly,2026-08-17T18:48:05Z,2026-08-17T18:48:05Z,
153.67.105.97,ipv4,botnet,high,WHITE,blocklist.de/bots|blocklist.de/all|ziyadnz/hourly-ipv4,blocklist.de|bot|irc-bot|brute-force|ziyadnz|hourly,2026-08-17T18:48:05Z,2026-08-17T18:48:05Z,
153.67.183.253,ipv4,botnet,high,WHITE,blocklist.de/bots|blocklist.de/all|ziyadnz/hourly-ipv4,blocklist.de|bot|irc-bot|brute-force|ziyadnz|hourly,2026-08-17T18:48:05Z,2026-08-17T18:48:05Z,
153.68.36.224,ipv4,botnet,high,WHITE,blocklist.de/bots|blocklist.de/all|ziyadnz/hourly-ipv4,blocklist.de|bot|irc-bot|brute-force|ziyadnz|hourly,2026-08-17T18:48:05Z,2026-08-17T18:48:05Z,
154.100.34.184,ipv4,botnet,high,WHITE,blocklist.de/bots|blocklist.de/all|ziyadnz/hourly-ipv4,blocklist.de|bot|irc-bot|brute-force|ziyadnz|hourly,2026-08-17T18:48:05Z,2026-08-17T18:48:05Z,
154.124.115.235,ipv4,botnet,high,WHITE,blocklist.de/bots|blocklist.de/all|ziyadnz/hourly-ipv4,blocklist.de|bot|irc-bot|brute-force|ziyadnz|hourly,2026-08-17T18:48:05Z,2026-08-17T18:48:05Z,
154.154.113.204,ipv4,botnet,high,WHITE,blocklist.de/bots|blocklist.de/all|ziyadnz/hourly-ipv4,blocklist.de|bot|irc-bot|brute-force|ziyadnz|hourly,2026-08-17T18:48:05Z,2026-08-17T18:48:05Z,
154.192.0.123,ipv4,botnet,high,WHITE,blocklist.de/bots|blocklist.de/all|ziyadnz/hourly-ipv4,blocklist.de|bot|irc-bot|brute-force|ziyadnz|hourly,2026-08-17T18:48:05Z,2026-08-17T18:48:05Z,
154.192.113.97,ipv4,botnet,high,WHITE,blocklist.de/bots|blocklist.de/all|ziyadnz/hourly-ipv4,blocklist.de|bot|irc-bot|brute-force|ziyadnz|hourly,2026-08-17T18:48:05Z,2026-08-17T18:48:05Z,
154.192.197.51,ipv4,botnet,high,WHITE,blocklist.de/bots|blocklist.de/all|ziyadnz/hourly-ipv4,blocklist.de|bot|irc-bot|brute-force|ziyadnz|hourly,2026-08-17T18:48:05Z,2026-08-17T18:48:05Z,
154.192.197.63,ipv4,botnet,high,WHITE,blocklist.de/bots|blocklist.de/all|ziyadnz/hourly-ipv4,blocklist.de|bot|irc-bot|brute-force|ziyadnz|hourly,2026-08-17T18:48:05Z,2026-08-17T18:48:05Z,
154.192.197.9,ipv4,botnet,high,WHITE,blocklist.de/bots|blocklist.de/all|ziyadnz/hourly-ipv4,blocklist.de|bot|irc-bot|brute-force|ziyadnz|hourly,2026-08-17T18:48:05Z,2026-08-17T18:48:05Z,
154.192.233.64,ipv4,botnet,high,WHITE,blocklist.de/bots|blocklist.de/all|ziyadnz/hourly-ipv4,blocklist.de|bot|irc-bot|brute-force|ziyadnz|hourly,2026-08-17T18:48:05Z,2026-08-17T18:48:05Z,
154.210.236.204,ipv4,botnet,high,WHITE,blocklist.de/bots|blocklist.de/all|ziyadnz/hourly-ipv4,blocklist.de|bot|irc-bot|brute-force|ziyadnz|hourly,2026-08-17T18:48:05Z,2026-08-17T18:48:05Z,
154.242.66.202,ipv4,botnet,high,WHITE,blocklist.de/bots|blocklist.de/all|ziyadnz/hourly-ipv4,blocklist.de|bot|irc-bot|brute-force|ziyadnz|hourly,2026-08-17T18:48:05Z,2026-08-17T18:48:05Z,
154.29.72.122,ipv4,botnet,high,WHITE,blocklist.de/bots|blocklist.de/all|ziyadnz/hourly-ipv4,blocklist.de|bot|irc-bot|brute-force|ziyadnz|hourly,2026-08-17T18:48:05Z,2026-08-17T18:48:05Z,
154.47.29.131,ipv4,botnet,high,WHITE,blocklist.de/bots|blocklist.de/all|ziyadnz/hourly-ipv4,blocklist.de|bot|irc-bot|brute-force|ziyadnz|hourly,2026-08-17T18:48:05Z,2026-08-17T18:48:05Z,
154.57.193.173,ipv4,botnet,high,WHITE,blocklist.de/bots|blocklist.de/all|ziyadnz/hourly-ipv4,blocklist.de|bot|irc-bot|brute-force|ziyadnz|hourly,2026-08-17T18:48:05Z,2026-08-17T18:48:05Z,
154.57.218.197,ipv4,botnet,high,WHITE,blocklist.de/bots|blocklist.de/all|ziyadnz/hourly-ipv4,blocklist.de|bot|irc-bot|brute-force|ziyadnz|hourly,2026-08-17T18:48:05Z,2026-08-17T18:48:05Z,
154.74.158.3,ipv4,botnet,high,WHITE,blocklist.de/bots|blocklist.de/all|ziyadnz/hourly-ipv4,blocklist.de|bot|irc-bot|brute-force|ziyadnz|hourly,2026-08-17T18:48:05Z,2026-08-17T18:48:05Z,
154.74.159.3,ipv4,botnet,high,WHITE,blocklist.de/bots|blocklist.de/all|ziyadnz/hourly-ipv4,blocklist.de|bot|irc-bot|brute-force|ziyadnz|hourly,2026-08-17T18:48:05Z,2026-08-17T18:48:05Z,
155.133.213.131,ipv4,botnet,high,WHITE,blocklist.de/bots|blocklist.de/all|ziyadnz/hourly-ipv4,blocklist.de|bot|irc-bot|brute-force|ziyadnz|hourly,2026-08-17T18:48:05Z,2026-08-17T18:48:05Z,
155.190.6.21,ipv4,botnet,high,WHITE,blocklist.de/bots|blocklist.de/all|ziyadnz/hourly-ipv4,blocklist.de|bot|irc-bot|brute-force|ziyadnz|hourly,2026-08-17T18:48:05Z,2026-08-17T18:48:05Z,
156.196.181.84,ipv4,botnet,high,WHITE,blocklist.de/bots|blocklist.de/all|ziyadnz/hourly-ipv4,blocklist.de|bot|irc-bot|brute-force|ziyadnz|hourly,2026-08-17T18:48:05Z,2026-08-17T18:48:05Z,
156.198.74.179,ipv4,botnet,high,WHITE,blocklist.de/bots|blocklist.de/all|ziyadnz/hourly-ipv4,blocklist.de|bot|irc-bot|brute-force|ziyadnz|hourly,2026-08-17T18:48:05Z,2026-08-17T18:48:05Z,
156.199.126.28,ipv4,botnet,high,WHITE,blocklist.de/bots|blocklist.de/all|ziyadnz/hourly-ipv4,blocklist.de|bot|irc-bot|brute-force|ziyadnz|hourly,2026-08-17T18:48:05Z,2026-08-17T18:48:05Z,
156.202.229.228,ipv4,botnet,high,WHITE,blocklist.de/bots|blocklist.de/all|ziyadnz/hourly-ipv4,blocklist.de|bot|irc-bot|brute-force|ziyadnz|hourly,2026-08-17T18:48:05Z,2026-08-17T18:48:05Z,
156.205.253.183,ipv4,botnet,high,WHITE,blocklist.de/bots|blocklist.de/all|ziyadnz/hourly-ipv4,blocklist.de|bot|irc-bot|brute-force|ziyadnz|hourly,2026-08-17T18:48:05Z,2026-08-17T18:48:05Z,
156.209.50.55,ipv4,botnet,high,WHITE,blocklist.de/bots|blocklist.de/all|ziyadnz/hourly-ipv4,blocklist.de|bot|irc-bot|brute-force|ziyadnz|hourly,2026-08-17T18:48:05Z,2026-08-17T18:48:05Z,
157.119.204.237,ipv4,botnet,high,WHITE,blocklist.de/bots|blocklist.de/all|ziyadnz/hourly-ipv4,blocklist.de|bot|irc-bot|brute-force|ziyadnz|hourly,2026-08-17T18:48:05Z,2026-08-17T18:48:05Z,
157.119.45.92,ipv4,botnet,high,WHITE,blocklist.de/bots|blocklist.de/all|ziyadnz/hourly-ipv4,blocklist.de|bot|irc-bot|brute-force|ziyadnz|hourly,2026-08-17T18:48:05Z,2026-08-17T18:48:05Z,
157.15.146.129,ipv4,botnet,high,WHITE,blocklist.de/bots|blocklist.de/all|ziyadnz/hourly-ipv4,blocklist.de|bot|irc-bot|brute-force|ziyadnz|hourly,2026-08-17T18:48:05Z,2026-08-17T18:48:05Z,
157.15.158.243,ipv4,botnet,high,WHITE,blocklist.de/bots|blocklist.de/all|ziyadnz/hourly-ipv4,blocklist.de|bot|irc-bot|brute-force|ziyadnz|hourly,2026-08-17T18:48:05Z,2026-08-17T18:48:05Z,
157.230.30.122,ipv4,botnet,high,WHITE,blocklist.de/bots|blocklist.de/all|ziyadnz/hourly-ipv4,blocklist.de|bot|irc-bot|brute-force|ziyadnz|hourly,2026-08-17T18:48:05Z,2026-08-17T18:48:05Z,
157.48.19.63,ipv4,botnet,high,WHITE,blocklist.de/bots|blocklist.de/all|ziyadnz/hourly-ipv4,blocklist.de|bot|irc-bot|brute-force|ziyadnz|hourly,2026-08-17T18:48:05Z,2026-08-17T18:48:05Z,
157.50.163.45,ipv4,botnet,high,WHITE,blocklist.de/bots|blocklist.de/all|ziyadnz/hourly-ipv4,blocklist.de|bot|irc-bot|brute-force|ziyadnz|hourly,2026-08-17T18:48:05Z,2026-08-17T18:48:05Z,
157.50.171.12,ipv4,botnet,high,WHITE,blocklist.de/bots|blocklist.de/all|ziyadnz/hourly-ipv4,blocklist.de|bot|irc-bot|brute-force|ziyadnz|hourly,2026-08-17T18:48:05Z,2026-08-17T18:48:05Z,
157.55.39.6,ipv4,botnet,medium,WHITE,blocklist.de/bots|blocklist.de/all,blocklist.de|bot|irc-bot|brute-force|ziyadnz|hourly,2026-08-17T18:48:05Z,2026-08-17T18:48:05Z,
157.66.152.122,ipv4,botnet,high,WHITE,blocklist.de/bots|blocklist.de/all|ziyadnz/hourly-ipv4,blocklist.de|bot|irc-bot|brute-force|ziyadnz|hourly,2026-08-17T18:48:05Z,2026-08-17T18:48:05Z,
158.140.167.100,ipv4,botnet,high,WHITE,blocklist.de/bots|blocklist.de/all|ziyadnz/hourly-ipv4,blocklist.de|bot|irc-bot|brute-force|ziyadnz|hourly,2026-08-17T18:48:05Z,2026-08-17T18:48:05Z,
158.140.171.18,ipv4,botnet,high,WHITE,blocklist.de/bots|blocklist.de/all|ziyadnz/hourly-ipv4,blocklist.de|bot|irc-bot|brute-force|ziyadnz|hourly,2026-08-17T18:48:05Z,2026-08-17T18:48:05Z,
158.158.121.155,ipv4,botnet,high,WHITE,blocklist.de/bots|blocklist.de/all|ziyadnz/hourly-ipv4,blocklist.de|bot|irc-bot|brute-force|ziyadnz|hourly,2026-08-17T18:48:05Z,2026-08-17T18:48:05Z,
158.173.20.48,ipv4,botnet,high,WHITE,blocklist.de/bots|blocklist.de/all|ziyadnz/hourly-ipv4,blocklist.de|bot|irc-bot|brute-force|ziyadnz|hourly,2026-08-17T18:48:05Z,2026-08-17T18:48:05Z,
158.173.240.183,ipv4,botnet,high,WHITE,blocklist.de/bots|blocklist.de/all|ziyadnz/hourly-ipv4,blocklist.de|bot|irc-bot|brute-force|ziyadnz|hourly,2026-08-17T18:48:05Z,2026-08-17T18:48:05Z,
158.173.242.133,ipv4,botnet,high,WHITE,blocklist.de/bots|blocklist.de/all|ziyadnz/hourly-ipv4,blocklist.de|bot|irc-bot|brute-force|ziyadnz|hourly,2026-08-17T18:48:05Z,2026-08-17T18:48:05Z,
158.173.244.108,ipv4,botnet,high,WHITE,blocklist.de/bots|blocklist.de/all|ziyadnz/hourly-ipv4,blocklist.de|bot|irc-bot|brute-force|ziyadnz|hourly,2026-08-17T18:48:05Z,2026-08-17T18:48:05Z,
158.173.3.81,ipv4,botnet,high,WHITE,blocklist.de/bots|blocklist.de/all|ziyadnz/hourly-ipv4,blocklist.de|bot|irc-bot|brute-force|ziyadnz|hourly,2026-08-17T18:48:05Z,2026-08-17T18:48:05Z,
158.173.67.145,ipv4,botnet,high,WHITE,blocklist.de/bots|blocklist.de/all|ziyadnz/hourly-ipv4,blocklist.de|bot|irc-bot|brute-force|ziyadnz|hourly,2026-08-17T18:48:05Z,2026-08-17T18:48:05Z,
158.173.74.243,ipv4,botnet,high,WHITE,blocklist.de/bots|blocklist.de/all|ziyadnz/hourly-ipv4,blocklist.de|bot|irc-bot|brute-force|ziyadnz|hourly,2026-08-17T18:48:05Z,2026-08-17T18:48:05Z,
158.173.75.103,ipv4,botnet,high,WHITE,blocklist.de/bots|blocklist.de/all|ziyadnz/hourly-ipv4,blocklist.de|bot|irc-bot|brute-force|ziyadnz|hourly,2026-08-17T18:48:05Z,2026-08-17T18:48:05Z,
158.173.77.162,ipv4,botnet,high,WHITE,blocklist.de/bots|blocklist.de/all|ziyadnz/hourly-ipv4,blocklist.de|bot|irc-bot|brute-force|ziyadnz|hourly,2026-08-17T18:48:05Z,2026-08-17T18:48:05Z,
158.173.77.226,ipv4,botnet,high,WHITE,blocklist.de/bots|blocklist.de/all|ziyadnz/hourly-ipv4,blocklist.de|bot|irc-bot|brute-force|ziyadnz|hourly,2026-08-17T18:48:05Z,2026-08-17T18:48:05Z,
158.173.77.76,ipv4,botnet,high,WHITE,blocklist.de/bots|blocklist.de/all|ziyadnz/hourly-ipv4,blocklist.de|bot|irc-bot|brute-force|ziyadnz|hourly,2026-08-17T18:48:05Z,2026-08-17T18:48:05Z,
158.173.89.21,ipv4,botnet,high,WHITE,blocklist.de/bots|blocklist.de/all|ziyadnz/hourly-ipv4,blocklist.de|bot|irc-bot|brute-force|ziyadnz|hourly,2026-08-17T18:48:05Z,2026-08-17T18:48:05Z,
158.173.89.243,ipv4,botnet,high,WHITE,blocklist.de/bots|blocklist.de/all|ziyadnz/hourly-ipv4,blocklist.de|bot|irc-bot|brute-force|ziyadnz|hourly,2026-08-17T18:48:05Z,2026-08-17T18:48:05Z,
158.181.43.60,ipv4,botnet,medium,WHITE,blocklist.de/bots|ziyadnz/hourly-ipv4,blocklist.de|bot|irc-bot|brute-force|ziyadnz|hourly,2026-08-17T18:48:05Z,2026-08-17T18:48:05Z,
158.181.44.252,ipv4,botnet,medium,WHITE,blocklist.de/bots|ziyadnz/hourly-ipv4,blocklist.de|bot|irc-bot|brute-force|ziyadnz|hourly,2026-08-17T18:48:05Z,2026-08-17T18:48:05Z,
158.23.17.4,ipv4,botnet,high,WHITE,blocklist.de/bots|blocklist.de/all|ziyadnz/hourly-ipv4,blocklist.de|bot|irc-bot|brute-force|ziyadnz|hourly,2026-08-17T18:48:05Z,2026-08-17T18:48:05Z,
158.23.61.226,ipv4,botnet,high,WHITE,blocklist.de/bots|blocklist.de/all|ziyadnz/hourly-ipv4,blocklist.de|bot|irc-bot|brute-force|ziyadnz|hourly,2026-08-17T18:48:05Z,2026-08-17T18:48:05Z,
158.47.215.1,ipv4,botnet,high,WHITE,blocklist.de/bots|blocklist.de/all|ziyadnz/hourly-ipv4,blocklist.de|bot|irc-bot|brute-force|ziyadnz|hourly,2026-08-17T18:48:05Z,2026-08-17T18:48:05Z,
159.203.81.135,ipv4,botnet,high,WHITE,blocklist.de/bots|blocklist.de/all|ziyadnz/hourly-ipv4,blocklist.de|bot|irc-bot|brute-force|ziyadnz|hourly,2026-08-17T18:48:05Z,2026-08-17T18:48:05Z,
159.89.137.206,ipv4,botnet,high,WHITE,blocklist.de/bots|blocklist.de/all|ziyadnz/hourly-ipv4,blocklist.de|bot|irc-bot|brute-force|ziyadnz|hourly,2026-08-17T18:48:05Z,2026-08-17T18:48:05Z,
160.187.247.119,ipv4,botnet,high,WHITE,blocklist.de/bots|blocklist.de/all|ziyadnz/hourly-ipv4,blocklist.de|bot|irc-bot|brute-force|ziyadnz|hourly,2026-08-17T18:48:05Z,2026-08-17T18:48:05Z,
160.238.92.230,ipv4,botnet,high,WHITE,blocklist.de/bots|blocklist.de/all|ziyadnz/hourly-ipv4,blocklist.de|bot|irc-bot|brute-force|ziyadnz|hourly,2026-08-17T18:48:05Z,2026-08-17T18:48:05Z,
160.25.95.171,ipv4,botnet,high,WHITE,blocklist.de/bots|blocklist.de/all|ziyadnz/hourly-ipv4,blocklist.de|bot|irc-bot|brute-force|ziyadnz|hourly,2026-08-17T18:48:05Z,2026-08-17T18:48:05Z,
161.118.209.161,ipv4,botnet,high,WHITE,blocklist.de/bots|blocklist.de/all|ziyadnz/hourly-ipv4,blocklist.de|bot|irc-bot|brute-force|ziyadnz|hourly,2026-08-17T18:48:05Z,2026-08-17T18:48:05Z,
161.248.155.242,ipv4,botnet,high,WHITE,blocklist.de/bots|blocklist.de/all|ziyadnz/hourly-ipv4,blocklist.de|bot|irc-bot|brute-force|ziyadnz|hourly,2026-08-17T18:48:05Z,2026-08-17T18:48:05Z,
161.248.46.211,ipv4,botnet,high,WHITE,blocklist.de/bots|blocklist.de/all|ziyadnz/hourly-ipv4,blocklist.de|bot|irc-bot|brute-force|ziyadnz|hourly,2026-08-17T18:48:05Z,2026-08-17T18:48:05Z,
161.49.161.52,ipv4,botnet,high,WHITE,blocklist.de/bots|blocklist.de/all|ziyadnz/hourly-ipv4,blocklist.de|bot|irc-bot|brute-force|ziyadnz|hourly,2026-08-17T18:48:05Z,2026-08-17T18:48:05Z,
161.49.228.21,ipv4,botnet,high,WHITE,blocklist.de/bots|blocklist.de/all|ziyadnz/hourly-ipv4,blocklist.de|bot|irc-bot|brute-force|ziyadnz|hourly,2026-08-17T18:48:05Z,2026-08-17T18:48:05Z,
162.144.250.188,ipv4,botnet,high,WHITE,blocklist.de/bots|blocklist.de/all|ziyadnz/hourly-ipv4,blocklist.de|bot|irc-bot|brute-force|ziyadnz|hourly,2026-08-17T18:48:05Z,2026-08-17T18:48:05Z,
162.243.102.136,ipv4,botnet,high,WHITE,blocklist.de/bots|blocklist.de/all|ziyadnz/hourly-ipv4,blocklist.de|bot|irc-bot|brute-force|ziyadnz|hourly,2026-08-17T18:48:05Z,2026-08-17T18:48:05Z,
162.243.206.23,ipv4,botnet,high,WHITE,blocklist.de/bots|blocklist.de/all|ziyadnz/hourly-ipv4,blocklist.de|bot|irc-bot|brute-force|ziyadnz|hourly,2026-08-17T18:48:05Z,2026-08-17T18:48:05Z,
162.243.50.105,ipv4,botnet,high,WHITE,blocklist.de/bots|blocklist.de/all|ziyadnz/hourly-ipv4,blocklist.de|bot|irc-bot|brute-force|ziyadnz|hourly,2026-08-17T18:48:05Z,2026-08-17T18:48:05Z,
163.61.60.30,ipv4,botnet,high,WHITE,blocklist.de/bots|blocklist.de/all|ziyadnz/hourly-ipv4,blocklist.de|bot|irc-bot|brute-force|ziyadnz|hourly,2026-08-17T18:48:05Z,2026-08-17T18:48:05Z,
164.132.64.219,ipv4,botnet,high,WHITE,blocklist.de/bots|blocklist.de/all|ziyadnz/hourly-ipv4,blocklist.de|bot|irc-bot|brute-force|ziyadnz|hourly,2026-08-17T18:48:05Z,2026-08-17T18:48:05Z,
164.90.208.56,ipv4,botnet,high,WHITE,blocklist.de/bots|blocklist.de/all|ziyadnz/hourly-ipv4,blocklist.de|bot|irc-bot|brute-force|ziyadnz|hourly,2026-08-17T18:48:05Z,2026-08-17T18:48:05Z,
164.92.176.135,ipv4,botnet,high,WHITE,blocklist.de/bots|blocklist.de/all|ziyadnz/hourly-ipv4,blocklist.de|bot|irc-bot|brute-force|ziyadnz|hourly,2026-08-17T18:48:05Z,2026-08-17T18:48:05Z,
165.22.101.60,ipv4,botnet,high,WHITE,blocklist.de/bots|blocklist.de/all|ziyadnz/hourly-ipv4,blocklist.de|bot|irc-bot|brute-force|ziyadnz|hourly,2026-08-17T18:48:05Z,2026-08-17T18:48:05Z,
165.22.171.120,ipv4,botnet,high,WHITE,blocklist.de/bots|blocklist.de/all|ziyadnz/hourly-ipv4,blocklist.de|bot|irc-bot|brute-force|ziyadnz|hourly,2026-08-17T18:48:05Z,2026-08-17T18:48:05Z,
165.73.183.231,ipv4,botnet,high,WHITE,blocklist.de/bots|blocklist.de/all|ziyadnz/hourly-ipv4,blocklist.de|bot|irc-bot|brute-force|ziyadnz|hourly,2026-08-17T18:48:05Z,2026-08-17T18:48:05Z,
167.114.139.10,ipv4,botnet,high,WHITE,blocklist.de/bots|blocklist.de/all|ziyadnz/hourly-ipv4,blocklist.de|bot|irc-bot|brute-force|ziyadnz|hourly,2026-08-17T18:48:05Z,2026-08-17T18:48:05Z,
167.114.139.100,ipv4,botnet,high,WHITE,blocklist.de/bots|blocklist.de/all|ziyadnz/hourly-ipv4,blocklist.de|bot|irc-bot|brute-force|ziyadnz|hourly,2026-08-17T18:48:05Z,2026-08-17T18:48:05Z,
167.114.139.103,ipv4,botnet,high,WHITE,blocklist.de/bots|blocklist.de/all|ziyadnz/hourly-ipv4,blocklist.de|bot|irc-bot|brute-force|ziyadnz|hourly,2026-08-17T18:48:05Z,2026-08-17T18:48:05Z,
167.114.139.105,ipv4,botnet,high,WHITE,blocklist.de/bots|blocklist.de/all|ziyadnz/hourly-ipv4,blocklist.de|bot|irc-bot|brute-force|ziyadnz|hourly,2026-08-17T18:48:05Z,2026-08-17T18:48:05Z,
167.114.139.106,ipv4,botnet,high,WHITE,blocklist.de/bots|blocklist.de/all|ziyadnz/hourly-ipv4,blocklist.de|bot|irc-bot|brute-force|ziyadnz|hourly,2026-08-17T18:48:05Z,2026-08-17T18:48:05Z,
167.114.139.108,ipv4,botnet,high,WHITE,blocklist.de/bots|blocklist.de/all|ziyadnz/hourly-ipv4,blocklist.de|bot|irc-bot|brute-force|ziyadnz|hourly,2026-08-17T18:48:05Z,2026-08-17T18:48:05Z,
167.114.139.11,ipv4,botnet,high,WHITE,blocklist.de/bots|blocklist.de/all|ziyadnz/hourly-ipv4,blocklist.de|bot|irc-bot|brute-force|ziyadnz|hourly,2026-08-17T18:48:05Z,2026-08-17T18:48:05Z,
167.114.139.112,ipv4,botnet,high,WHITE,blocklist.de/bots|blocklist.de/all|ziyadnz/hourly-ipv4,blocklist.de|bot|irc-bot|brute-force|ziyadnz|hourly,2026-08-17T18:48:05Z,2026-08-17T18:48:05Z,
167.114.139.113,ipv4,botnet,high,WHITE,blocklist.de/bots|blocklist.de/all|ziyadnz/hourly-ipv4,blocklist.de|bot|irc-bot|brute-force|ziyadnz|hourly,2026-08-17T18:48:05Z,2026-08-17T18:48:05Z,
167.114.139.116,ipv4,botnet,high,WHITE,blocklist.de/bots|blocklist.de/all|ziyadnz/hourly-ipv4,blocklist.de|bot|irc-bot|brute-force|ziyadnz|hourly,2026-08-17T18:48:05Z,2026-08-17T18:48:05Z,
167.114.139.119,ipv4,botnet,high,WHITE,blocklist.de/bots|blocklist.de/all|ziyadnz/hourly-ipv4,blocklist.de|bot|irc-bot|brute-force|ziyadnz|hourly,2026-08-17T18:48:05Z,2026-08-17T18:48:05Z,
167.114.139.122,ipv4,botnet,high,WHITE,blocklist.de/bots|blocklist.de/all|ziyadnz/hourly-ipv4,blocklist.de|bot|irc-bot|brute-force|ziyadnz|hourly,2026-08-17T18:48:05Z,2026-08-17T18:48:05Z,
167.114.139.126,ipv4,botnet,high,WHITE,blocklist.de/bots|blocklist.de/all|ziyadnz/hourly-ipv4,blocklist.de|bot|irc-bot|brute-force|ziyadnz|hourly,2026-08-17T18:48:05Z,2026-08-17T18:48:05Z,
167.114.139.128,ipv4,botnet,high,WHITE,blocklist.de/bots|blocklist.de/all|ziyadnz/hourly-ipv4,blocklist.de|bot|irc-bot|brute-force|ziyadnz|hourly,2026-08-17T18:48:05Z,2026-08-17T18:48:05Z,
167.114.139.13,ipv4,botnet,high,WHITE,blocklist.de/bots|blocklist.de/all|ziyadnz/hourly-ipv4,blocklist.de|bot|irc-bot|brute-force|ziyadnz|hourly,2026-08-17T18:48:05Z,2026-08-17T18:48:05Z,
167.114.139.131,ipv4,botnet,high,WHITE,blocklist.de/bots|blocklist.de/all|ziyadnz/hourly-ipv4,blocklist.de|bot|irc-bot|brute-force|ziyadnz|hourly,2026-08-17T18:48:05Z,2026-08-17T18:48:05Z,
167.114.139.132,ipv4,botnet,high,WHITE,blocklist.de/bots|blocklist.de/all|ziyadnz/hourly-ipv4,blocklist.de|bot|irc-bot|brute-force|ziyadnz|hourly,2026-08-17T18:48:05Z,2026-08-17T18:48:05Z,
167.114.139.133,ipv4,botnet,high,WHITE,blocklist.de/bots|blocklist.de/all|ziyadnz/hourly-ipv4,blocklist.de|bot|irc-bot|brute-force|ziyadnz|hourly,2026-08-17T18:48:05Z,2026-08-17T18:48:05Z,
167.114.139.134,ipv4,botnet,high,WHITE,blocklist.de/bots|blocklist.de/all|ziyadnz/hourly-ipv4,blocklist.de|bot|irc-bot|brute-force|ziyadnz|hourly,2026-08-17T18:48:05Z,2026-08-17T18:48:05Z,
167.114.139.135,ipv4,botnet,high,WHITE,blocklist.de/bots|blocklist.de/all|ziyadnz/hourly-ipv4,blocklist.de|bot|irc-bot|brute-force|ziyadnz|hourly,2026-08-17T18:48:05Z,2026-08-17T18:48:05Z,
167.114.139.136,ipv4,botnet,high,WHITE,blocklist.de/bots|blocklist.de/all|ziyadnz/hourly-ipv4,blocklist.de|bot|irc-bot|brute-force|ziyadnz|hourly,2026-08-17T18:48:05Z,2026-08-17T18:48:05Z,
167.114.139.137,ipv4,botnet,high,WHITE,blocklist.de/bots|blocklist.de/all|ziyadnz/hourly-ipv4,blocklist.de|bot|irc-bot|brute-force|ziyadnz|hourly,2026-08-17T18:48:05Z,2026-08-17T18:48:05Z,
167.114.139.138,ipv4,botnet,high,WHITE,blocklist.de/bots|blocklist.de/all|ziyadnz/hourly-ipv4,blocklist.de|bot|irc-bot|brute-force|ziyadnz|hourly,2026-08-17T18:48:05Z,2026-08-17T18:48:05Z,
167.114.139.139,ipv4,botnet,high,WHITE,blocklist.de/bots|blocklist.de/all|ziyadnz/hourly-ipv4,blocklist.de|bot|irc-bot|brute-force|ziyadnz|hourly,2026-08-17T18:48:05Z,2026-08-17T18:48:05Z,
167.114.139.14,ipv4,botnet,high,WHITE,blocklist.de/bots|blocklist.de/all|ziyadnz/hourly-ipv4,blocklist.de|bot|irc-bot|brute-force|ziyadnz|hourly,2026-08-17T18:48:05Z,2026-08-17T18:48:05Z,
167.114.139.143,ipv4,botnet,high,WHITE,blocklist.de/bots|blocklist.de/all|ziyadnz/hourly-ipv4,blocklist.de|bot|irc-bot|brute-force|ziyadnz|hourly,2026-08-17T18:48:05Z,2026-08-17T18:48:05Z,
167.114.139.148,ipv4,botnet,high,WHITE,blocklist.de/bots|blocklist.de/all|ziyadnz/hourly-ipv4,blocklist.de|bot|irc-bot|brute-force|ziyadnz|hourly,2026-08-17T18:48:05Z,2026-08-17T18:48:05Z,
167.114.139.151,ipv4,botnet,high,WHITE,blocklist.de/bots|blocklist.de/all|ziyadnz/hourly-ipv4,blocklist.de|bot|irc-bot|brute-force|ziyadnz|hourly,2026-08-17T18:48:05Z,2026-08-17T18:48:05Z,
167.114.139.152,ipv4,botnet,high,WHITE,blocklist.de/bots|blocklist.de/all|ziyadnz/hourly-ipv4,blocklist.de|bot|irc-bot|brute-force|ziyadnz|hourly,2026-08-17T18:48:05Z,2026-08-17T18:48:05Z,
167.114.139.153,ipv4,botnet,high,WHITE,blocklist.de/bots|blocklist.de/all|ziyadnz/hourly-ipv4,blocklist.de|bot|irc-bot|brute-force|ziyadnz|hourly,2026-08-17T18:48:05Z,2026-08-17T18:48:05Z,
167.114.139.157,ipv4,botnet,high,WHITE,blocklist.de/bots|blocklist.de/all|ziyadnz/hourly-ipv4,blocklist.de|bot|irc-bot|brute-force|ziyadnz|hourly,2026-08-17T18:48:05Z,2026-08-17T18:48:05Z,
167.114.139.160,ipv4,botnet,high,WHITE,blocklist.de/bots|blocklist.de/all|ziyadnz/hourly-ipv4,blocklist.de|bot|irc-bot|brute-force|ziyadnz|hourly,2026-08-17T18:48:05Z,2026-08-17T18:48:05Z,
167.114.139.161,ipv4,botnet,high,WHITE,blocklist.de/bots|blocklist.de/all|ziyadnz/hourly-ipv4,blocklist.de|bot|irc-bot|brute-force|ziyadnz|hourly,2026-08-17T18:48:05Z,2026-08-17T18:48:05Z,
167.114.139.162,ipv4,botnet,high,WHITE,blocklist.de/bots|blocklist.de/all|ziyadnz/hourly-ipv4,blocklist.de|bot|irc-bot|brute-force|ziyadnz|hourly,2026-08-17T18:48:05Z,2026-08-17T18:48:05Z,
167.114.139.164,ipv4,botnet,high,WHITE,blocklist.de/bots|blocklist.de/all|ziyadnz/hourly-ipv4,blocklist.de|bot|irc-bot|brute-force|ziyadnz|hourly,2026-08-17T18:48:05Z,2026-08-17T18:48:05Z,
167.114.139.166,ipv4,botnet,high,WHITE,blocklist.de/bots|blocklist.de/all|ziyadnz/hourly-ipv4,blocklist.de|bot|irc-bot|brute-force|ziyadnz|hourly,2026-08-17T18:48:05Z,2026-08-17T18:48:05Z,
167.114.139.168,ipv4,botnet,high,WHITE,blocklist.de/bots|blocklist.de/all|ziyadnz/hourly-ipv4,blocklist.de|bot|irc-bot|brute-force|ziyadnz|hourly,2026-08-17T18:48:05Z,2026-08-17T18:48:05Z,
167.114.139.169,ipv4,botnet,high,WHITE,blocklist.de/bots|blocklist.de/all|ziyadnz/hourly-ipv4,blocklist.de|bot|irc-bot|brute-force|ziyadnz|hourly,2026-08-17T18:48:05Z,2026-08-17T18:48:05Z,
167.114.139.172,ipv4,botnet,high,WHITE,blocklist.de/bots|blocklist.de/all|ziyadnz/hourly-ipv4,blocklist.de|bot|irc-bot|brute-force|ziyadnz|hourly,2026-08-17T18:48:05Z,2026-08-17T18:48:05Z,
167.114.139.173,ipv4,botnet,high,WHITE,blocklist.de/bots|blocklist.de/all|ziyadnz/hourly-ipv4,blocklist.de|bot|irc-bot|brute-force|ziyadnz|hourly,2026-08-17T18:48:05Z,2026-08-17T18:48:05Z,
167.114.139.174,ipv4,botnet,high,WHITE,blocklist.de/bots|blocklist.de/all|ziyadnz/hourly-ipv4,blocklist.de|bot|irc-bot|brute-force|ziyadnz|hourly,2026-08-17T18:48:05Z,2026-08-17T18:48:05Z,
167.114.139.179,ipv4,botnet,high,WHITE,blocklist.de/bots|blocklist.de/all|ziyadnz/hourly-ipv4,blocklist.de|bot|irc-bot|brute-force|ziyadnz|hourly,2026-08-17T18:48:05Z,2026-08-17T18:48:05Z,
167.114.139.18,ipv4,botnet,high,WHITE,blocklist.de/bots|blocklist.de/all|ziyadnz/hourly-ipv4,blocklist.de|bot|irc-bot|brute-force|ziyadnz|hourly,2026-08-17T18:48:05Z,2026-08-17T18:48:05Z,
167.114.139.180,ipv4,botnet,high,WHITE,blocklist.de/bots|blocklist.de/all|ziyadnz/hourly-ipv4,blocklist.de|bot|irc-bot|brute-force|ziyadnz|hourly,2026-08-17T18:48:05Z,2026-08-17T18:48:05Z,
167.114.139.182,ipv4,botnet,high,WHITE,blocklist.de/bots|blocklist.de/all|ziyadnz/hourly-ipv4,blocklist.de|bot|irc-bot|brute-force|ziyadnz|hourly,2026-08-17T18:48:05Z,2026-08-17T18:48:05Z,
167.114.139.183,ipv4,botnet,high,WHITE,blocklist.de/bots|blocklist.de/all|ziyadnz/hourly-ipv4,blocklist.de|bot|irc-bot|brute-force|ziyadnz|hourly,2026-08-17T18:48:05Z,2026-08-17T18:48:05Z,
167.114.139.189,ipv4,botnet,high,WHITE,blocklist.de/bots|blocklist.de/all|ziyadnz/hourly-ipv4,blocklist.de|bot|irc-bot|brute-force|ziyadnz|hourly,2026-08-17T18:48:05Z,2026-08-17T18:48:05Z,
167.114.139.190,ipv4,botnet,high,WHITE,blocklist.de/bots|blocklist.de/all|ziyadnz/hourly-ipv4,blocklist.de|bot|irc-bot|brute-force|ziyadnz|hourly,2026-08-17T18:48:05Z,2026-08-17T18:48:05Z,
167.114.139.191,ipv4,botnet,high,WHITE,blocklist.de/bots|blocklist.de/all|ziyadnz/hourly-ipv4,blocklist.de|bot|irc-bot|brute-force|ziyadnz|hourly,2026-08-17T18:48:05Z,2026-08-17T18:48:05Z,
167.114.139.196,ipv4,botnet,high,WHITE,blocklist.de/bots|blocklist.de/all|ziyadnz/hourly-ipv4,blocklist.de|bot|irc-bot|brute-force|ziyadnz|hourly,2026-08-17T18:48:05Z,2026-08-17T18:48:05Z,
167.114.139.198,ipv4,botnet,high,WHITE,blocklist.de/bots|blocklist.de/all|ziyadnz/hourly-ipv4,blocklist.de|bot|irc-bot|brute-force|ziyadnz|hourly,2026-08-17T18:48:05Z,2026-08-17T18:48:05Z,
167.114.139.205,ipv4,botnet,high,WHITE,blocklist.de/bots|blocklist.de/all|ziyadnz/hourly-ipv4,blocklist.de|bot|irc-bot|brute-force|ziyadnz|hourly,2026-08-17T18:48:05Z,2026-08-17T18:48:05Z,
167.114.139.207,ipv4,botnet,high,WHITE,blocklist.de/bots|blocklist.de/all|ziyadnz/hourly-ipv4,blocklist.de|bot|irc-bot|brute-force|ziyadnz|hourly,2026-08-17T18:48:05Z,2026-08-17T18:48:05Z,
167.114.139.209,ipv4,botnet,high,WHITE,blocklist.de/bots|blocklist.de/all|ziyadnz/hourly-ipv4,blocklist.de|bot|irc-bot|brute-force|ziyadnz|hourly,2026-08-17T18:48:05Z,2026-08-17T18:48:05Z,
167.114.139.210,ipv4,botnet,high,WHITE,blocklist.de/bots|blocklist.de/all|ziyadnz/hourly-ipv4,blocklist.de|bot|irc-bot|brute-force|ziyadnz|hourly,2026-08-17T18:48:05Z,2026-08-17T18:48:05Z,
167.114.139.217,ipv4,botnet,high,WHITE,blocklist.de/bots|blocklist.de/all|ziyadnz/hourly-ipv4,blocklist.de|bot|irc-bot|brute-force|ziyadnz|hourly,2026-08-17T18:48:05Z,2026-08-17T18:48:05Z,
167.114.139.218,ipv4,botnet,high,WHITE,blocklist.de/bots|blocklist.de/all|ziyadnz/hourly-ipv4,blocklist.de|bot|irc-bot|brute-force|ziyadnz|hourly,2026-08-17T18:48:05Z,2026-08-17T18:48:05Z,
167.114.139.219,ipv4,botnet,high,WHITE,blocklist.de/bots|blocklist.de/all|ziyadnz/hourly-ipv4,blocklist.de|bot|irc-bot|brute-force|ziyadnz|hourly,2026-08-17T18:48:05Z,2026-08-17T18:48:05Z,
167.114.139.222,ipv4,botnet,high,WHITE,blocklist.de/bots|blocklist.de/all|ziyadnz/hourly-ipv4,blocklist.de|bot|irc-bot|brute-force|ziyadnz|hourly,2026-08-17T18:48:05Z,2026-08-17T18:48:05Z,
167.114.139.223,ipv4,botnet,high,WHITE,blocklist.de/bots|blocklist.de/all|ziyadnz/hourly-ipv4,blocklist.de|bot|irc-bot|brute-force|ziyadnz|hourly,2026-08-17T18:48:05Z,2026-08-17T18:48:05Z,
167.114.139.224,ipv4,botnet,high,WHITE,blocklist.de/bots|blocklist.de/all|ziyadnz/hourly-ipv4,blocklist.de|bot|irc-bot|brute-force|ziyadnz|hourly,2026-08-17T18:48:05Z,2026-08-17T18:48:05Z,
167.114.139.225,ipv4,botnet,high,WHITE,blocklist.de/bots|blocklist.de/all|ziyadnz/hourly-ipv4,blocklist.de|bot|irc-bot|brute-force|ziyadnz|hourly,2026-08-17T18:48:05Z,2026-08-17T18:48:05Z,
167.114.139.226,ipv4,botnet,high,WHITE,blocklist.de/bots|blocklist.de/all|ziyadnz/hourly-ipv4,blocklist.de|bot|irc-bot|brute-force|ziyadnz|hourly,2026-08-17T18:48:05Z,2026-08-17T18:48:05Z,
167.114.139.227,ipv4,botnet,high,WHITE,blocklist.de/bots|blocklist.de/all|ziyadnz/hourly-ipv4,blocklist.de|bot|irc-bot|brute-force|ziyadnz|hourly,2026-08-17T18:48:05Z,2026-08-17T18:48:05Z,
167.114.139.228,ipv4,botnet,high,WHITE,blocklist.de/bots|blocklist.de/all|ziyadnz/hourly-ipv4,blocklist.de|bot|irc-bot|brute-force|ziyadnz|hourly,2026-08-17T18:48:05Z,2026-08-17T18:48:05Z,
167.114.139.229,ipv4,botnet,high,WHITE,blocklist.de/bots|blocklist.de/all|ziyadnz/hourly-ipv4,blocklist.de|bot|irc-bot|brute-force|ziyadnz|hourly,2026-08-17T18:48:05Z,2026-08-17T18:48:05Z,
167.114.139.233,ipv4,botnet,high,WHITE,blocklist.de/bots|blocklist.de/all|ziyadnz/hourly-ipv4,blocklist.de|bot|irc-bot|brute-force|ziyadnz|hourly,2026-08-17T18:48:05Z,2026-08-17T18:48:05Z,
167.114.139.234,ipv4,botnet,high,WHITE,blocklist.de/bots|blocklist.de/all|ziyadnz/hourly-ipv4,blocklist.de|bot|irc-bot|brute-force|ziyadnz|hourly,2026-08-17T18:48:05Z,2026-08-17T18:48:05Z,
167.114.139.236,ipv4,botnet,high,WHITE,blocklist.de/bots|blocklist.de/all|ziyadnz/hourly-ipv4,blocklist.de|bot|irc-bot|brute-force|ziyadnz|hourly,2026-08-17T18:48:05Z,2026-08-17T18:48:05Z,
167.114.139.237,ipv4,botnet,high,WHITE,blocklist.de/bots|blocklist.de/all|ziyadnz/hourly-ipv4,blocklist.de|bot|irc-bot|brute-force|ziyadnz|hourly,2026-08-17T18:48:05Z,2026-08-17T18:48:05Z,
167.114.139.239,ipv4,botnet,high,WHITE,blocklist.de/bots|blocklist.de/all|ziyadnz/hourly-ipv4,blocklist.de|bot|irc-bot|brute-force|ziyadnz|hourly,2026-08-17T18:48:05Z,2026-08-17T18:48:05Z,
167.114.139.240,ipv4,botnet,high,WHITE,blocklist.de/bots|blocklist.de/all|ziyadnz/hourly-ipv4,blocklist.de|bot|irc-bot|brute-force|ziyadnz|hourly,2026-08-17T18:48:05Z,2026-08-17T18:48:05Z,
167.114.139.241,ipv4,botnet,high,WHITE,blocklist.de/bots|blocklist.de/all|ziyadnz/hourly-ipv4,blocklist.de|bot|irc-bot|brute-force|ziyadnz|hourly,2026-08-17T18:48:05Z,2026-08-17T18:48:05Z,
167.114.139.244,ipv4,botnet,high,WHITE,blocklist.de/bots|blocklist.de/all|ziyadnz/hourly-ipv4,blocklist.de|bot|irc-bot|brute-force|ziyadnz|hourly,2026-08-17T18:48:05Z,2026-08-17T18:48:05Z,
167.114.139.246,ipv4,botnet,high,WHITE,blocklist.de/bots|blocklist.de/all|ziyadnz/hourly-ipv4,blocklist.de|bot|irc-bot|brute-force|ziyadnz|hourly,2026-08-17T18:48:05Z,2026-08-17T18:48:05Z,
167.114.139.247,ipv4,botnet,high,WHITE,blocklist.de/bots|blocklist.de/all|ziyadnz/hourly-ipv4,blocklist.de|bot|irc-bot|brute-force|ziyadnz|hourly,2026-08-17T18:48:05Z,2026-08-17T18:48:05Z,
167.114.139.248,ipv4,botnet,high,WHITE,blocklist.de/bots|blocklist.de/all|ziyadnz/hourly-ipv4,blocklist.de|bot|irc-bot|brute-force|ziyadnz|hourly,2026-08-17T18:48:05Z,2026-08-17T18:48:05Z,
167.114.139.25,ipv4,botnet,high,WHITE,blocklist.de/bots|blocklist.de/all|ziyadnz/hourly-ipv4,blocklist.de|bot|irc-bot|brute-force|ziyadnz|hourly,2026-08-17T18:48:05Z,2026-08-17T18:48:05Z,
167.114.139.251,ipv4,botnet,high,WHITE,blocklist.de/bots|blocklist.de/all|ziyadnz/hourly-ipv4,blocklist.de|bot|irc-bot|brute-force|ziyadnz|hourly,2026-08-17T18:48:05Z,2026-08-17T18:48:05Z,
167.114.139.252,ipv4,botnet,high,WHITE,blocklist.de/bots|blocklist.de/all|ziyadnz/hourly-ipv4,blocklist.de|bot|irc-bot|brute-force|ziyadnz|hourly,2026-08-17T18:48:05Z,2026-08-17T18:48:05Z,
167.114.139.253,ipv4,botnet,high,WHITE,blocklist.de/bots|blocklist.de/all|ziyadnz/hourly-ipv4,blocklist.de|bot|irc-bot|brute-force|ziyadnz|hourly,2026-08-17T18:48:05Z,2026-08-17T18:48:05Z,
167.114.139.254,ipv4,botnet,high,WHITE,blocklist.de/bots|blocklist.de/all|ziyadnz/hourly-ipv4,blocklist.de|bot|irc-bot|brute-force|ziyadnz|hourly,2026-08-17T18:48:05Z,2026-08-17T18:48:05Z,
167.114.139.255,ipv4,botnet,high,WHITE,blocklist.de/bots|blocklist.de/all|ziyadnz/hourly-ipv4,blocklist.de|bot|irc-bot|brute-force|ziyadnz|hourly,2026-08-17T18:48:05Z,2026-08-17T18:48:05Z,
167.114.139.26,ipv4,botnet,high,WHITE,blocklist.de/bots|blocklist.de/all|ziyadnz/hourly-ipv4,blocklist.de|bot|irc-bot|brute-force|ziyadnz|hourly,2026-08-17T18:48:05Z,2026-08-17T18:48:05Z,
167.114.139.32,ipv4,botnet,high,WHITE,blocklist.de/bots|blocklist.de/all|ziyadnz/hourly-ipv4,blocklist.de|bot|irc-bot|brute-force|ziyadnz|hourly,2026-08-17T18:48:05Z,2026-08-17T18:48:05Z,
167.114.139.33,ipv4,botnet,high,WHITE,blocklist.de/bots|blocklist.de/all|ziyadnz/hourly-ipv4,blocklist.de|bot|irc-bot|brute-force|ziyadnz|hourly,2026-08-17T18:48:05Z,2026-08-17T18:48:05Z,
167.114.139.38,ipv4,botnet,high,WHITE,blocklist.de/bots|blocklist.de/all|ziyadnz/hourly-ipv4,blocklist.de|bot|irc-bot|brute-force|ziyadnz|hourly,2026-08-17T18:48:05Z,2026-08-17T18:48:05Z,
167.114.139.40,ipv4,botnet,high,WHITE,blocklist.de/bots|blocklist.de/all|ziyadnz/hourly-ipv4,blocklist.de|bot|irc-bot|brute-force|ziyadnz|hourly,2026-08-17T18:48:05Z,2026-08-17T18:48:05Z,
167.114.139.43,ipv4,botnet,high,WHITE,blocklist.de/bots|blocklist.de/all|ziyadnz/hourly-ipv4,blocklist.de|bot|irc-bot|brute-force|ziyadnz|hourly,2026-08-17T18:48:05Z,2026-08-17T18:48:05Z,
167.114.139.44,ipv4,botnet,high,WHITE,blocklist.de/bots|blocklist.de/all|ziyadnz/hourly-ipv4,blocklist.de|bot|irc-bot|brute-force|ziyadnz|hourly,2026-08-17T18:48:05Z,2026-08-17T18:48:05Z,
167.114.139.45,ipv4,botnet,high,WHITE,blocklist.de/bots|blocklist.de/all|ziyadnz/hourly-ipv4,blocklist.de|bot|irc-bot|brute-force|ziyadnz|hourly,2026-08-17T18:48:05Z,2026-08-17T18:48:05Z,
167.114.139.46,ipv4,botnet,high,WHITE,blocklist.de/bots|blocklist.de/all|ziyadnz/hourly-ipv4,blocklist.de|bot|irc-bot|brute-force|ziyadnz|hourly,2026-08-17T18:48:05Z,2026-08-17T18:48:05Z,
167.114.139.51,ipv4,botnet,high,WHITE,blocklist.de/bots|blocklist.de/all|ziyadnz/hourly-ipv4,blocklist.de|bot|irc-bot|brute-force|ziyadnz|hourly,2026-08-17T18:48:05Z,2026-08-17T18:48:05Z,
167.114.139.52,ipv4,botnet,high,WHITE,blocklist.de/bots|blocklist.de/all|ziyadnz/hourly-ipv4,blocklist.de|bot|irc-bot|brute-force|ziyadnz|hourly,2026-08-17T18:48:05Z,2026-08-17T18:48:05Z,
167.114.139.56,ipv4,botnet,high,WHITE,blocklist.de/bots|blocklist.de/all|ziyadnz/hourly-ipv4,blocklist.de|bot|irc-bot|brute-force|ziyadnz|hourly,2026-08-17T18:48:05Z,2026-08-17T18:48:05Z,
167.114.139.59,ipv4,botnet,high,WHITE,blocklist.de/bots|blocklist.de/all|ziyadnz/hourly-ipv4,blocklist.de|bot|irc-bot|brute-force|ziyadnz|hourly,2026-08-17T18:48:05Z,2026-08-17T18:48:05Z,
167.114.139.6,ipv4,botnet,high,WHITE,blocklist.de/bots|blocklist.de/all|ziyadnz/hourly-ipv4,blocklist.de|bot|irc-bot|brute-force|ziyadnz|hourly,2026-08-17T18:48:05Z,2026-08-17T18:48:05Z,
167.114.139.62,ipv4,botnet,high,WHITE,blocklist.de/bots|blocklist.de/all|ziyadnz/hourly-ipv4,blocklist.de|bot|irc-bot|brute-force|ziyadnz|hourly,2026-08-17T18:48:05Z,2026-08-17T18:48:05Z,
167.114.139.67,ipv4,botnet,high,WHITE,blocklist.de/bots|blocklist.de/all|ziyadnz/hourly-ipv4,blocklist.de|bot|irc-bot|brute-force|ziyadnz|hourly,2026-08-17T18:48:05Z,2026-08-17T18:48:05Z,
167.114.139.68,ipv4,botnet,high,WHITE,blocklist.de/bots|blocklist.de/all|ziyadnz/hourly-ipv4,blocklist.de|bot|irc-bot|brute-force|ziyadnz|hourly,2026-08-17T18:48:05Z,2026-08-17T18:48:05Z,
167.114.139.69,ipv4,botnet,high,WHITE,blocklist.de/bots|blocklist.de/all|ziyadnz/hourly-ipv4,blocklist.de|bot|irc-bot|brute-force|ziyadnz|hourly,2026-08-17T18:48:05Z,2026-08-17T18:48:05Z,
167.114.139.7,ipv4,botnet,high,WHITE,blocklist.de/bots|blocklist.de/all|ziyadnz/hourly-ipv4,blocklist.de|bot|irc-bot|brute-force|ziyadnz|hourly,2026-08-17T18:48:05Z,2026-08-17T18:48:05Z,
167.114.139.70,ipv4,botnet,high,WHITE,blocklist.de/bots|blocklist.de/all|ziyadnz/hourly-ipv4,blocklist.de|bot|irc-bot|brute-force|ziyadnz|hourly,2026-08-17T18:48:05Z,2026-08-17T18:48:05Z,
167.114.139.71,ipv4,botnet,high,WHITE,blocklist.de/bots|blocklist.de/all|ziyadnz/hourly-ipv4,blocklist.de|bot|irc-bot|brute-force|ziyadnz|hourly,2026-08-17T18:48:05Z,2026-08-17T18:48:05Z,
167.114.139.73,ipv4,botnet,high,WHITE,blocklist.de/bots|blocklist.de/all|ziyadnz/hourly-ipv4,blocklist.de|bot|irc-bot|brute-force|ziyadnz|hourly,2026-08-17T18:48:05Z,2026-08-17T18:48:05Z,
167.114.139.74,ipv4,botnet,high,WHITE,blocklist.de/bots|blocklist.de/all|ziyadnz/hourly-ipv4,blocklist.de|bot|irc-bot|brute-force|ziyadnz|hourly,2026-08-17T18:48:05Z,2026-08-17T18:48:05Z,
167.114.139.75,ipv4,botnet,high,WHITE,blocklist.de/bots|blocklist.de/all|ziyadnz/hourly-ipv4,blocklist.de|bot|irc-bot|brute-force|ziyadnz|hourly,2026-08-17T18:48:05Z,2026-08-17T18:48:05Z,
167.114.139.76,ipv4,botnet,high,WHITE,blocklist.de/bots|blocklist.de/all|ziyadnz/hourly-ipv4,blocklist.de|bot|irc-bot|brute-force|ziyadnz|hourly,2026-08-17T18:48:05Z,2026-08-17T18:48:05Z,
167.114.139.8,ipv4,botnet,high,WHITE,blocklist.de/bots|blocklist.de/all|ziyadnz/hourly-ipv4,blocklist.de|bot|irc-bot|brute-force|ziyadnz|hourly,2026-08-17T18:48:05Z,2026-08-17T18:48:05Z,
167.114.139.88,ipv4,botnet,high,WHITE,blocklist.de/bots|blocklist.de/all|ziyadnz/hourly-ipv4,blocklist.de|bot|irc-bot|brute-force|ziyadnz|hourly,2026-08-17T18:48:05Z,2026-08-17T18:48:05Z,
167.114.139.89,ipv4,botnet,high,WHITE,blocklist.de/bots|blocklist.de/all|ziyadnz/hourly-ipv4,blocklist.de|bot|irc-bot|brute-force|ziyadnz|hourly,2026-08-17T18:48:05Z,2026-08-17T18:48:05Z,
167.114.139.92,ipv4,botnet,high,WHITE,blocklist.de/bots|blocklist.de/all|ziyadnz/hourly-ipv4,blocklist.de|bot|irc-bot|brute-force|ziyadnz|hourly,2026-08-17T18:48:05Z,2026-08-17T18:48:05Z,
167.114.139.94,ipv4,botnet,high,WHITE,blocklist.de/bots|blocklist.de/all|ziyadnz/hourly-ipv4,blocklist.de|bot|irc-bot|brute-force|ziyadnz|hourly,2026-08-17T18:48:05Z,2026-08-17T18:48:05Z,
167.114.139.95,ipv4,botnet,high,WHITE,blocklist.de/bots|blocklist.de/all|ziyadnz/hourly-ipv4,blocklist.de|bot|irc-bot|brute-force|ziyadnz|hourly,2026-08-17T18:48:05Z,2026-08-17T18:48:05Z,
167.114.139.96,ipv4,botnet,high,WHITE,blocklist.de/bots|blocklist.de/all|ziyadnz/hourly-ipv4,blocklist.de|bot|irc-bot|brute-force|ziyadnz|hourly,2026-08-17T18:48:05Z,2026-08-17T18:48:05Z,
167.114.139.98,ipv4,botnet,high,WHITE,blocklist.de/bots|blocklist.de/all|ziyadnz/hourly-ipv4,blocklist.de|bot|irc-bot|brute-force|ziyadnz|hourly,2026-08-17T18:48:05Z,2026-08-17T18:48:05Z,
167.126.6.183,ipv4,botnet,high,WHITE,blocklist.de/bots|blocklist.de/all|ziyadnz/hourly-ipv4,blocklist.de|bot|irc-bot|brute-force|ziyadnz|hourly,2026-08-17T18:48:05Z,2026-08-17T18:48:05Z,
167.172.153.101,ipv4,botnet,high,WHITE,blocklist.de/bots|blocklist.de/all|ziyadnz/hourly-ipv4,blocklist.de|bot|irc-bot|brute-force|ziyadnz|hourly,2026-08-17T18:48:05Z,2026-08-17T18:48:05Z,
167.249.108.144,ipv4,botnet,high,WHITE,blocklist.de/bots|blocklist.de/all|ziyadnz/hourly-ipv4,blocklist.de|bot|irc-bot|brute-force|ziyadnz|hourly,2026-08-17T18:48:05Z,2026-08-17T18:48:05Z,
167.99.142.219,ipv4,botnet,high,WHITE,blocklist.de/bots|blocklist.de/all|ziyadnz/hourly-ipv4,blocklist.de|bot|irc-bot|brute-force|ziyadnz|hourly,2026-08-17T18:48:05Z,2026-08-17T18:48:05Z,
168.100.149.0,ipv4,botnet,high,WHITE,blocklist.de/bots|blocklist.de/all|ziyadnz/hourly-ipv4,blocklist.de|bot|irc-bot|brute-force|ziyadnz|hourly,2026-08-17T18:48:05Z,2026-08-17T18:48:05Z,
168.100.149.107,ipv4,botnet,high,WHITE,blocklist.de/bots|blocklist.de/all|ziyadnz/hourly-ipv4,blocklist.de|bot|irc-bot|brute-force|ziyadnz|hourly,2026-08-17T18:48:05Z,2026-08-17T18:48:05Z,
168.100.149.156,ipv4,botnet,high,WHITE,blocklist.de/bots|blocklist.de/all|ziyadnz/hourly-ipv4,blocklist.de|bot|irc-bot|brute-force|ziyadnz|hourly,2026-08-17T18:48:05Z,2026-08-17T18:48:05Z,
168.100.149.157,ipv4,botnet,high,WHITE,blocklist.de/bots|blocklist.de/all|ziyadnz/hourly-ipv4,blocklist.de|bot|irc-bot|brute-force|ziyadnz|hourly,2026-08-17T18:48:05Z,2026-08-17T18:48:05Z,
168.100.149.194,ipv4,botnet,high,WHITE,blocklist.de/bots|blocklist.de/all|ziyadnz/hourly-ipv4,blocklist.de|bot|irc-bot|brute-force|ziyadnz|hourly,2026-08-17T18:48:05Z,2026-08-17T18:48:05Z,
168.100.149.201,ipv4,botnet,high,WHITE,blocklist.de/bots|blocklist.de/all|ziyadnz/hourly-ipv4,blocklist.de|bot|irc-bot|brute-force|ziyadnz|hourly,2026-08-17T18:48:05Z,2026-08-17T18:48:05Z,
168.100.149.227,ipv4,botnet,high,WHITE,blocklist.de/bots|blocklist.de/all|ziyadnz/hourly-ipv4,blocklist.de|bot|irc-bot|brute-force|ziyadnz|hourly,2026-08-17T18:48:05Z,2026-08-17T18:48:05Z,
168.100.149.229,ipv4,botnet,high,WHITE,blocklist.de/bots|blocklist.de/all|ziyadnz/hourly-ipv4,blocklist.de|bot|irc-bot|brute-force|ziyadnz|hourly,2026-08-17T18:48:05Z,2026-08-17T18:48:05Z,
168.100.149.234,ipv4,botnet,high,WHITE,blocklist.de/bots|blocklist.de/all|ziyadnz/hourly-ipv4,blocklist.de|bot|irc-bot|brute-force|ziyadnz|hourly,2026-08-17T18:48:05Z,2026-08-17T18:48:05Z,
168.100.149.240,ipv4,botnet,high,WHITE,blocklist.de/bots|blocklist.de/all|ziyadnz/hourly-ipv4,blocklist.de|bot|irc-bot|brute-force|ziyadnz|hourly,2026-08-17T18:48:05Z,2026-08-17T18:48:05Z,
168.100.149.37,ipv4,botnet,high,WHITE,blocklist.de/bots|blocklist.de/all|ziyadnz/hourly-ipv4,blocklist.de|bot|irc-bot|brute-force|ziyadnz|hourly,2026-08-17T18:48:05Z,2026-08-17T18:48:05Z,
168.100.149.43,ipv4,botnet,high,WHITE,blocklist.de/bots|blocklist.de/all|ziyadnz/hourly-ipv4,blocklist.de|bot|irc-bot|brute-force|ziyadnz|hourly,2026-08-17T18:48:05Z,2026-08-17T18:48:05Z,
168.100.149.69,ipv4,botnet,high,WHITE,blocklist.de/bots|blocklist.de/all|ziyadnz/hourly-ipv4,blocklist.de|bot|irc-bot|brute-force|ziyadnz|hourly,2026-08-17T18:48:05Z,2026-08-17T18:48:05Z,
168.100.149.72,ipv4,botnet,high,WHITE,blocklist.de/bots|blocklist.de/all|ziyadnz/hourly-ipv4,blocklist.de|bot|irc-bot|brute-force|ziyadnz|hourly,2026-08-17T18:48:05Z,2026-08-17T18:48:05Z,
168.100.149.82,ipv4,botnet,high,WHITE,blocklist.de/bots|blocklist.de/all|ziyadnz/hourly-ipv4,blocklist.de|bot|irc-bot|brute-force|ziyadnz|hourly,2026-08-17T18:48:05Z,2026-08-17T18:48:05Z,
168.100.149.98,ipv4,botnet,high,WHITE,blocklist.de/bots|blocklist.de/all|ziyadnz/hourly-ipv4,blocklist.de|bot|irc-bot|brute-force|ziyadnz|hourly,2026-08-17T18:48:05Z,2026-08-17T18:48:05Z,
168.144.109.133,ipv4,botnet,high,WHITE,blocklist.de/bots|blocklist.de/all|ziyadnz/hourly-ipv4,blocklist.de|bot|irc-bot|brute-force|ziyadnz|hourly,2026-08-17T18:48:05Z,2026-08-17T18:48:05Z,
168.144.128.54,ipv4,botnet,high,WHITE,blocklist.de/bots|blocklist.de/all|ziyadnz/hourly-ipv4,blocklist.de|bot|irc-bot|brute-force|ziyadnz|hourly,2026-08-17T18:48:05Z,2026-08-17T18:48:05Z,
168.144.135.119,ipv4,botnet,high,WHITE,blocklist.de/bots|blocklist.de/all|ziyadnz/hourly-ipv4,blocklist.de|bot|irc-bot|brute-force|ziyadnz|hourly,2026-08-17T18:48:05Z,2026-08-17T18:48:05Z,
168.181.141.117,ipv4,botnet,high,WHITE,blocklist.de/bots|blocklist.de/all|ziyadnz/hourly-ipv4,blocklist.de|bot|irc-bot|brute-force|ziyadnz|hourly,2026-08-17T18:48:05Z,2026-08-17T18:48:05Z,
168.181.50.86,ipv4,botnet,high,WHITE,blocklist.de/bots|blocklist.de/all|ziyadnz/hourly-ipv4,blocklist.de|bot|irc-bot|brute-force|ziyadnz|hourly,2026-08-17T18:48:05Z,2026-08-17T18:48:05Z,
168.196.222.34,ipv4,botnet,high,WHITE,blocklist.de/bots|blocklist.de/all|ziyadnz/hourly-ipv4,blocklist.de|bot|irc-bot|brute-force|ziyadnz|hourly,2026-08-17T18:48:05Z,2026-08-17T18:48:05Z,
168.197.222.103,ipv4,botnet,high,WHITE,blocklist.de/bots|blocklist.de/all|ziyadnz/hourly-ipv4,blocklist.de|bot|irc-bot|brute-force|ziyadnz|hourly,2026-08-17T18:48:05Z,2026-08-17T18:48:05Z,
169.150.201.25,ipv4,botnet,high,WHITE,blocklist.de/bots|blocklist.de/all|ziyadnz/hourly-ipv4,blocklist.de|bot|irc-bot|brute-force|ziyadnz|hourly,2026-08-17T18:48:05Z,2026-08-17T18:48:05Z,
169.224.110.248,ipv4,botnet,high,WHITE,blocklist.de/bots|blocklist.de/all|ziyadnz/hourly-ipv4,blocklist.de|bot|irc-bot|brute-force|ziyadnz|hourly,2026-08-17T18:48:05Z,2026-08-17T18:48:05Z,
169.58.119.231,ipv4,botnet,high,WHITE,blocklist.de/bots|blocklist.de/all|ziyadnz/hourly-ipv4,blocklist.de|bot|irc-bot|brute-force|ziyadnz|hourly,2026-08-17T18:48:05Z,2026-08-17T18:48:05Z,
170.245.237.244,ipv4,botnet,high,WHITE,blocklist.de/bots|blocklist.de/all|ziyadnz/hourly-ipv4,blocklist.de|bot|irc-bot|brute-force|ziyadnz|hourly,2026-08-17T18:48:05Z,2026-08-17T18:48:05Z,
170.247.215.68,ipv4,botnet,high,WHITE,blocklist.de/bots|blocklist.de/all|ziyadnz/hourly-ipv4,blocklist.de|bot|irc-bot|brute-force|ziyadnz|hourly,2026-08-17T18:48:05Z,2026-08-17T18:48:05Z,
170.52.113.16,ipv4,botnet,high,WHITE,blocklist.de/bots|blocklist.de/all|ziyadnz/hourly-ipv4,blocklist.de|bot|irc-bot|brute-force|ziyadnz|hourly,2026-08-17T18:48:05Z,2026-08-17T18:48:05Z,
170.82.151.123,ipv4,botnet,high,WHITE,blocklist.de/bots|blocklist.de/all|ziyadnz/hourly-ipv4,blocklist.de|bot|irc-bot|brute-force|ziyadnz|hourly,2026-08-17T18:48:05Z,2026-08-17T18:48:05Z,
171.236.115.132,ipv4,botnet,high,WHITE,blocklist.de/bots|blocklist.de/all|ziyadnz/hourly-ipv4,blocklist.de|bot|irc-bot|brute-force|ziyadnz|hourly,2026-08-17T18:48:05Z,2026-08-17T18:48:05Z,
171.25.193.39,ipv4,botnet,high,WHITE,blocklist.de/bots|blocklist.de/all|ziyadnz/hourly-ipv4,blocklist.de|bot|irc-bot|brute-force|ziyadnz|hourly,2026-08-17T18:48:05Z,2026-08-17T18:48:05Z,
171.61.17.205,ipv4,botnet,high,WHITE,blocklist.de/bots|blocklist.de/all|ziyadnz/hourly-ipv4,blocklist.de|bot|irc-bot|brute-force|ziyadnz|hourly,2026-08-17T18:48:05Z,2026-08-17T18:48:05Z,
171.76.212.50,ipv4,botnet,high,WHITE,blocklist.de/bots|blocklist.de/all|ziyadnz/hourly-ipv4,blocklist.de|bot|irc-bot|brute-force|ziyadnz|hourly,2026-08-17T18:48:05Z,2026-08-17T18:48:05Z,
172.102.223.50,ipv4,botnet,high,WHITE,blocklist.de/bots|blocklist.de/all|ziyadnz/hourly-ipv4,blocklist.de|bot|irc-bot|brute-force|ziyadnz|hourly,2026-08-17T18:48:05Z,2026-08-17T18:48:05Z,
172.104.233.84,ipv4,botnet,high,WHITE,blocklist.de/bots|blocklist.de/all|ziyadnz/hourly-ipv4,blocklist.de|bot|irc-bot|brute-force|ziyadnz|hourly,2026-08-17T18:48:05Z,2026-08-17T18:48:05Z,
172.104.247.177,ipv4,botnet,medium,WHITE,blocklist.de/bots|blocklist.de/all,blocklist.de|bot|irc-bot|brute-force|ziyadnz|hourly,2026-08-17T18:48:05Z,2026-08-17T18:48:05Z,
172.105.23.55,ipv4,botnet,high,WHITE,blocklist.de/bots|blocklist.de/all|ziyadnz/hourly-ipv4,blocklist.de|bot|irc-bot|brute-force|ziyadnz|hourly,2026-08-17T18:48:05Z,2026-08-17T18:48:05Z,
172.210.156.226,ipv4,botnet,high,WHITE,blocklist.de/bots|blocklist.de/all|ziyadnz/hourly-ipv4,blocklist.de|bot|irc-bot|brute-force|ziyadnz|hourly,2026-08-17T18:48:05Z,2026-08-17T18:48:05Z,
172.213.243.2,ipv4,botnet,high,WHITE,blocklist.de/bots|blocklist.de/all|ziyadnz/hourly-ipv4,blocklist.de|bot|irc-bot|brute-force|ziyadnz|hourly,2026-08-17T18:48:05Z,2026-08-17T18:48:05Z,
172.233.150.143,ipv4,botnet,high,WHITE,blocklist.de/bots|blocklist.de/all|ziyadnz/hourly-ipv4,blocklist.de|bot|irc-bot|brute-force|ziyadnz|hourly,2026-08-17T18:48:05Z,2026-08-17T18:48:05Z,
172.233.156.8,ipv4,botnet,high,WHITE,blocklist.de/bots|blocklist.de/all|ziyadnz/hourly-ipv4,blocklist.de|bot|irc-bot|brute-force|ziyadnz|hourly,2026-08-17T18:48:05Z,2026-08-17T18:48:05Z,
172.233.227.162,ipv4,botnet,high,WHITE,blocklist.de/bots|blocklist.de/all|ziyadnz/hourly-ipv4,blocklist.de|bot|irc-bot|brute-force|ziyadnz|hourly,2026-08-17T18:48:05Z,2026-08-17T18:48:05Z,
172.235.181.226,ipv4,botnet,high,WHITE,blocklist.de/bots|blocklist.de/all|ziyadnz/hourly-ipv4,blocklist.de|bot|irc-bot|brute-force|ziyadnz|hourly,2026-08-17T18:48:05Z,2026-08-17T18:48:05Z,
172.237.131.254,ipv4,botnet,high,WHITE,blocklist.de/bots|blocklist.de/all|ziyadnz/hourly-ipv4,blocklist.de|bot|irc-bot|brute-force|ziyadnz|hourly,2026-08-17T18:48:05Z,2026-08-17T18:48:05Z,
172.59.227.6,ipv4,botnet,high,WHITE,blocklist.de/bots|blocklist.de/all|ziyadnz/hourly-ipv4,blocklist.de|bot|irc-bot|brute-force|ziyadnz|hourly,2026-08-17T18:48:05Z,2026-08-17T18:48:05Z,
173.239.217.187,ipv4,botnet,high,WHITE,blocklist.de/bots|blocklist.de/all|ziyadnz/hourly-ipv4,blocklist.de|bot|irc-bot|brute-force|ziyadnz|hourly,2026-08-17T18:48:05Z,2026-08-17T18:48:05Z,
173.244.32.5,ipv4,botnet,high,WHITE,blocklist.de/bots|blocklist.de/all|ziyadnz/hourly-ipv4,blocklist.de|bot|irc-bot|brute-force|ziyadnz|hourly,2026-08-17T18:48:05Z,2026-08-17T18:48:05Z,
174.138.82.60,ipv4,botnet,high,WHITE,blocklist.de/bots|blocklist.de/all|ziyadnz/hourly-ipv4,blocklist.de|bot|irc-bot|brute-force|ziyadnz|hourly,2026-08-17T18:48:05Z,2026-08-17T18:48:05Z,
174.167.12.122,ipv4,botnet,high,WHITE,blocklist.de/bots|blocklist.de/all|ziyadnz/hourly-ipv4,blocklist.de|bot|irc-bot|brute-force|ziyadnz|hourly,2026-08-17T18:48:05Z,2026-08-17T18:48:05Z,
175.0.78.223,ipv4,botnet,medium,WHITE,blocklist.de/bots|blocklist.de/all,blocklist.de|bot|irc-bot|brute-force|ziyadnz|hourly,2026-08-17T18:48:05Z,2026-08-17T18:48:05Z,
175.100.53.89,ipv4,botnet,high,WHITE,blocklist.de/bots|blocklist.de/all|ziyadnz/hourly-ipv4,blocklist.de|bot|irc-bot|brute-force|ziyadnz|hourly,2026-08-17T18:48:05Z,2026-08-17T18:48:05Z,
175.101.25.17,ipv4,botnet,high,WHITE,blocklist.de/bots|blocklist.de/all|ziyadnz/hourly-ipv4,blocklist.de|bot|irc-bot|brute-force|ziyadnz|hourly,2026-08-17T18:48:05Z,2026-08-17T18:48:05Z,
175.107.214.196,ipv4,botnet,high,WHITE,blocklist.de/bots|blocklist.de/all|ziyadnz/hourly-ipv4,blocklist.de|bot|irc-bot|brute-force|ziyadnz|hourly,2026-08-17T18:48:05Z,2026-08-17T18:48:05Z,
175.107.222.38,ipv4,botnet,high,WHITE,blocklist.de/bots|blocklist.de/all|ziyadnz/hourly-ipv4,blocklist.de|bot|irc-bot|brute-force|ziyadnz|hourly,2026-08-17T18:48:05Z,2026-08-17T18:48:05Z,
175.144.231.214,ipv4,botnet,high,WHITE,blocklist.de/bots|blocklist.de/all|ziyadnz/hourly-ipv4,blocklist.de|bot|irc-bot|brute-force|ziyadnz|hourly,2026-08-17T18:48:05Z,2026-08-17T18:48:05Z,
175.157.250.73,ipv4,botnet,high,WHITE,blocklist.de/bots|blocklist.de/all|ziyadnz/hourly-ipv4,blocklist.de|bot|irc-bot|brute-force|ziyadnz|hourly,2026-08-17T18:48:05Z,2026-08-17T18:48:05Z,
175.157.43.181,ipv4,botnet,high,WHITE,blocklist.de/bots|blocklist.de/all|ziyadnz/hourly-ipv4,blocklist.de|bot|irc-bot|brute-force|ziyadnz|hourly,2026-08-17T18:48:05Z,2026-08-17T18:48:05Z,
175.6.54.21,ipv4,botnet,high,WHITE,blocklist.de/bots|blocklist.de/all|ziyadnz/hourly-ipv4,blocklist.de|bot|irc-bot|brute-force|ziyadnz|hourly,2026-08-17T18:48:05Z,2026-08-17T18:48:05Z,
176.29.160.163,ipv4,botnet,high,WHITE,blocklist.de/bots|blocklist.de/all|ziyadnz/hourly-ipv4,blocklist.de|bot|irc-bot|brute-force|ziyadnz|hourly,2026-08-17T18:48:05Z,2026-08-17T18:48:05Z,
176.31.139.10,ipv4,botnet,high,WHITE,blocklist.de/bots|blocklist.de/all|ziyadnz/hourly-ipv4,blocklist.de|bot|irc-bot|brute-force|ziyadnz|hourly,2026-08-17T18:48:05Z,2026-08-17T18:48:05Z,
176.31.139.11,ipv4,botnet,high,WHITE,blocklist.de/bots|blocklist.de/all|ziyadnz/hourly-ipv4,blocklist.de|bot|irc-bot|brute-force|ziyadnz|hourly,2026-08-17T18:48:05Z,2026-08-17T18:48:05Z,
176.31.139.12,ipv4,botnet,high,WHITE,blocklist.de/bots|blocklist.de/all|ziyadnz/hourly-ipv4,blocklist.de|bot|irc-bot|brute-force|ziyadnz|hourly,2026-08-17T18:48:05Z,2026-08-17T18:48:05Z,
176.31.139.14,ipv4,botnet,high,WHITE,blocklist.de/bots|blocklist.de/all|ziyadnz/hourly-ipv4,blocklist.de|bot|irc-bot|brute-force|ziyadnz|hourly,2026-08-17T18:48:05Z,2026-08-17T18:48:05Z,
176.31.139.15,ipv4,botnet,high,WHITE,blocklist.de/bots|blocklist.de/all|ziyadnz/hourly-ipv4,blocklist.de|bot|irc-bot|brute-force|ziyadnz|hourly,2026-08-17T18:48:05Z,2026-08-17T18:48:05Z,
176.31.139.16,ipv4,botnet,high,WHITE,blocklist.de/bots|blocklist.de/all|ziyadnz/hourly-ipv4,blocklist.de|bot|irc-bot|brute-force|ziyadnz|hourly,2026-08-17T18:48:05Z,2026-08-17T18:48:05Z,
176.31.139.18,ipv4,botnet,high,WHITE,blocklist.de/bots|blocklist.de/all|ziyadnz/hourly-ipv4,blocklist.de|bot|irc-bot|brute-force|ziyadnz|hourly,2026-08-17T18:48:05Z,2026-08-17T18:48:05Z,
176.31.139.19,ipv4,botnet,high,WHITE,blocklist.de/bots|blocklist.de/all|ziyadnz/hourly-ipv4,blocklist.de|bot|irc-bot|brute-force|ziyadnz|hourly,2026-08-17T18:48:05Z,2026-08-17T18:48:05Z,
176.31.139.20,ipv4,botnet,high,WHITE,blocklist.de/bots|blocklist.de/all|ziyadnz/hourly-ipv4,blocklist.de|bot|irc-bot|brute-force|ziyadnz|hourly,2026-08-17T18:48:05Z,2026-08-17T18:48:05Z,
176.31.139.21,ipv4,botnet,high,WHITE,blocklist.de/bots|blocklist.de/all|ziyadnz/hourly-ipv4,blocklist.de|bot|irc-bot|brute-force|ziyadnz|hourly,2026-08-17T18:48:05Z,2026-08-17T18:48:05Z,
176.31.139.22,ipv4,botnet,high,WHITE,blocklist.de/bots|blocklist.de/all|ziyadnz/hourly-ipv4,blocklist.de|bot|irc-bot|brute-force|ziyadnz|hourly,2026-08-17T18:48:05Z,2026-08-17T18:48:05Z,
176.31.139.24,ipv4,botnet,high,WHITE,blocklist.de/bots|blocklist.de/all|ziyadnz/hourly-ipv4,blocklist.de|bot|irc-bot|brute-force|ziyadnz|hourly,2026-08-17T18:48:05Z,2026-08-17T18:48:05Z,
176.31.139.25,ipv4,botnet,high,WHITE,blocklist.de/bots|blocklist.de/all|ziyadnz/hourly-ipv4,blocklist.de|bot|irc-bot|brute-force|ziyadnz|hourly,2026-08-17T18:48:05Z,2026-08-17T18:48:05Z,
176.31.139.26,ipv4,botnet,high,WHITE,blocklist.de/bots|blocklist.de/all|ziyadnz/hourly-ipv4,blocklist.de|bot|irc-bot|brute-force|ziyadnz|hourly,2026-08-17T18:48:05Z,2026-08-17T18:48:05Z,
176.31.139.28,ipv4,botnet,high,WHITE,blocklist.de/bots|blocklist.de/all|ziyadnz/hourly-ipv4,blocklist.de|bot|irc-bot|brute-force|ziyadnz|hourly,2026-08-17T18:48:05Z,2026-08-17T18:48:05Z,
176.31.139.29,ipv4,botnet,high,WHITE,blocklist.de/bots|blocklist.de/all|ziyadnz/hourly-ipv4,blocklist.de|bot|irc-bot|brute-force|ziyadnz|hourly,2026-08-17T18:48:05Z,2026-08-17T18:48:05Z,
176.31.139.3,ipv4,botnet,high,WHITE,blocklist.de/bots|blocklist.de/all|ziyadnz/hourly-ipv4,blocklist.de|bot|irc-bot|brute-force|ziyadnz|hourly,2026-08-17T18:48:05Z,2026-08-17T18:48:05Z,
176.31.139.30,ipv4,botnet,high,WHITE,blocklist.de/bots|blocklist.de/all|ziyadnz/hourly-ipv4,blocklist.de|bot|irc-bot|brute-force|ziyadnz|hourly,2026-08-17T18:48:05Z,2026-08-17T18:48:05Z,
176.31.139.31,ipv4,botnet,high,WHITE,blocklist.de/bots|blocklist.de/all|ziyadnz/hourly-ipv4,blocklist.de|bot|irc-bot|brute-force|ziyadnz|hourly,2026-08-17T18:48:05Z,2026-08-17T18:48:05Z,
176.31.139.7,ipv4,botnet,high,WHITE,blocklist.de/bots|blocklist.de/all|ziyadnz/hourly-ipv4,blocklist.de|bot|irc-bot|brute-force|ziyadnz|hourly,2026-08-17T18:48:05Z,2026-08-17T18:48:05Z,
176.31.139.8,ipv4,botnet,high,WHITE,blocklist.de/bots|blocklist.de/all|ziyadnz/hourly-ipv4,blocklist.de|bot|irc-bot|brute-force|ziyadnz|hourly,2026-08-17T18:48:05Z,2026-08-17T18:48:05Z,
176.31.139.9,ipv4,botnet,high,WHITE,blocklist.de/bots|blocklist.de/all|ziyadnz/hourly-ipv4,blocklist.de|bot|irc-bot|brute-force|ziyadnz|hourly,2026-08-17T18:48:05Z,2026-08-17T18:48:05Z,
176.42.22.181,ipv4,botnet,high,WHITE,blocklist.de/bots|blocklist.de/all|ziyadnz/hourly-ipv4,blocklist.de|bot|irc-bot|brute-force|ziyadnz|hourly,2026-08-17T18:48:05Z,2026-08-17T18:48:05Z,
176.74.71.59,ipv4,botnet,high,WHITE,blocklist.de/bots|blocklist.de/all|ziyadnz/hourly-ipv4,blocklist.de|bot|irc-bot|brute-force|ziyadnz|hourly,2026-08-17T18:48:05Z,2026-08-17T18:48:05Z,
177.106.22.199,ipv4,botnet,high,WHITE,blocklist.de/bots|blocklist.de/all|ziyadnz/hourly-ipv4,blocklist.de|bot|irc-bot|brute-force|ziyadnz|hourly,2026-08-17T18:48:05Z,2026-08-17T18:48:05Z,
177.126.10.118,ipv4,botnet,high,WHITE,blocklist.de/bots|blocklist.de/all|ziyadnz/hourly-ipv4,blocklist.de|bot|irc-bot|brute-force|ziyadnz|hourly,2026-08-17T18:48:05Z,2026-08-17T18:48:05Z,
177.139.18.120,ipv4,botnet,medium,WHITE,blocklist.de/bots|blocklist.de/all,blocklist.de|bot|irc-bot|brute-force|ziyadnz|hourly,2026-08-17T18:48:05Z,2026-08-17T18:48:05Z,
177.17.127.22,ipv4,botnet,high,WHITE,blocklist.de/bots|blocklist.de/all|ziyadnz/hourly-ipv4,blocklist.de|bot|irc-bot|brute-force|ziyadnz|hourly,2026-08-17T18:48:05Z,2026-08-17T18:48:05Z,
177.224.32.174,ipv4,botnet,high,WHITE,blocklist.de/bots|blocklist.de/all|ziyadnz/hourly-ipv4,blocklist.de|bot|irc-bot|brute-force|ziyadnz|hourly,2026-08-17T18:48:05Z,2026-08-17T18:48:05Z,
177.23.224.36,ipv4,botnet,high,WHITE,blocklist.de/bots|blocklist.de/all|ziyadnz/hourly-ipv4,blocklist.de|bot|irc-bot|brute-force|ziyadnz|hourly,2026-08-17T18:48:05Z,2026-08-17T18:48:05Z,
177.76.31.137,ipv4,botnet,medium,WHITE,blocklist.de/bots|blocklist.de/all,blocklist.de|bot|irc-bot|brute-force|ziyadnz|hourly,2026-08-17T18:48:05Z,2026-08-17T18:48:05Z,
177.85.172.67,ipv4,botnet,high,WHITE,blocklist.de/bots|blocklist.de/all|ziyadnz/hourly-ipv4,blocklist.de|bot|irc-bot|brute-force|ziyadnz|hourly,2026-08-17T18:48:05Z,2026-08-17T18:48:05Z,
177.86.122.162,ipv4,botnet,high,WHITE,blocklist.de/bots|blocklist.de/all|ziyadnz/hourly-ipv4,blocklist.de|bot|irc-bot|brute-force|ziyadnz|hourly,2026-08-17T18:48:05Z,2026-08-17T18:48:05Z,
177.93.4.74,ipv4,botnet,high,WHITE,blocklist.de/bots|blocklist.de/all|ziyadnz/hourly-ipv4,blocklist.de|bot|irc-bot|brute-force|ziyadnz|hourly,2026-08-17T18:48:05Z,2026-08-17T18:48:05Z,
177.94.216.185,ipv4,botnet,medium,WHITE,blocklist.de/bots|blocklist.de/all,blocklist.de|bot|irc-bot|brute-force|ziyadnz|hourly,2026-08-17T18:48:05Z,2026-08-17T18:48:05Z,
178.128.96.219,ipv4,botnet,high,WHITE,blocklist.de/bots|blocklist.de/all|ziyadnz/hourly-ipv4,blocklist.de|bot|irc-bot|brute-force|ziyadnz|hourly,2026-08-17T18:48:05Z,2026-08-17T18:48:05Z,
178.149.202.92,ipv4,botnet,high,WHITE,blocklist.de/bots|blocklist.de/all|ziyadnz/hourly-ipv4,blocklist.de|bot|irc-bot|brute-force|ziyadnz|hourly,2026-08-17T18:48:05Z,2026-08-17T18:48:05Z,
178.171.116.233,ipv4,botnet,high,WHITE,blocklist.de/bots|blocklist.de/all|ziyadnz/hourly-ipv4,blocklist.de|bot|irc-bot|brute-force|ziyadnz|hourly,2026-08-17T18:48:05Z,2026-08-17T18:48:05Z,
178.171.116.86,ipv4,botnet,high,WHITE,blocklist.de/bots|blocklist.de/all|ziyadnz/hourly-ipv4,blocklist.de|bot|irc-bot|brute-force|ziyadnz|hourly,2026-08-17T18:48:05Z,2026-08-17T18:48:05Z,
178.175.128.36,ipv4,botnet,high,WHITE,blocklist.de/bots|blocklist.de/all|ziyadnz/hourly-ipv4,blocklist.de|bot|irc-bot|brute-force|ziyadnz|hourly,2026-08-17T18:48:05Z,2026-08-17T18:48:05Z,
178.175.129.36,ipv4,botnet,high,WHITE,blocklist.de/bots|blocklist.de/all|ziyadnz/hourly-ipv4,blocklist.de|bot|irc-bot|brute-force|ziyadnz|hourly,2026-08-17T18:48:05Z,2026-08-17T18:48:05Z,
178.238.46.51,ipv4,botnet,high,WHITE,blocklist.de/bots|blocklist.de/all|ziyadnz/hourly-ipv4,blocklist.de|bot|irc-bot|brute-force|ziyadnz|hourly,2026-08-17T18:48:05Z,2026-08-17T18:48:05Z,
179.130.4.96,ipv4,botnet,high,WHITE,blocklist.de/bots|blocklist.de/all|ziyadnz/hourly-ipv4,blocklist.de|bot|irc-bot|brute-force|ziyadnz|hourly,2026-08-17T18:48:05Z,2026-08-17T18:48:05Z,
180.190.184.128,ipv4,botnet,high,WHITE,blocklist.de/bots|blocklist.de/all|ziyadnz/hourly-ipv4,blocklist.de|bot|irc-bot|brute-force|ziyadnz|hourly,2026-08-17T18:48:05Z,2026-08-17T18:48:05Z,
180.190.21.112,ipv4,botnet,high,WHITE,blocklist.de/bots|blocklist.de/all|ziyadnz/hourly-ipv4,blocklist.de|bot|irc-bot|brute-force|ziyadnz|hourly,2026-08-17T18:48:05Z,2026-08-17T18:48:05Z,
180.190.21.210,ipv4,botnet,high,WHITE,blocklist.de/bots|blocklist.de/all|ziyadnz/hourly-ipv4,blocklist.de|bot|irc-bot|brute-force|ziyadnz|hourly,2026-08-17T18:48:05Z,2026-08-17T18:48:05Z,
180.191.124.235,ipv4,botnet,high,WHITE,blocklist.de/bots|blocklist.de/all|ziyadnz/hourly-ipv4,blocklist.de|bot|irc-bot|brute-force|ziyadnz|hourly,2026-08-17T18:48:05Z,2026-08-17T18:48:05Z,
180.191.22.25,ipv4,botnet,high,WHITE,blocklist.de/bots|blocklist.de/all|ziyadnz/hourly-ipv4,blocklist.de|bot|irc-bot|brute-force|ziyadnz|hourly,2026-08-17T18:48:05Z,2026-08-17T18:48:05Z,
180.191.230.161,ipv4,botnet,high,WHITE,blocklist.de/bots|blocklist.de/all|ziyadnz/hourly-ipv4,blocklist.de|bot|irc-bot|brute-force|ziyadnz|hourly,2026-08-17T18:48:05Z,2026-08-17T18:48:05Z,
180.191.231.109,ipv4,botnet,high,WHITE,blocklist.de/bots|blocklist.de/all|ziyadnz/hourly-ipv4,blocklist.de|bot|irc-bot|brute-force|ziyadnz|hourly,2026-08-17T18:48:05Z,2026-08-17T18:48:05Z,
180.191.99.18,ipv4,botnet,high,WHITE,blocklist.de/bots|blocklist.de/all|ziyadnz/hourly-ipv4,blocklist.de|bot|irc-bot|brute-force|ziyadnz|hourly,2026-08-17T18:48:05Z,2026-08-17T18:48:05Z,
180.233.125.248,ipv4,botnet,high,WHITE,blocklist.de/bots|blocklist.de/all|ziyadnz/hourly-ipv4,blocklist.de|bot|irc-bot|brute-force|ziyadnz|hourly,2026-08-17T18:48:05Z,2026-08-17T18:48:05Z,
180.243.191.168,ipv4,botnet,high,WHITE,blocklist.de/bots|blocklist.de/all|ziyadnz/hourly-ipv4,blocklist.de|bot|irc-bot|brute-force|ziyadnz|hourly,2026-08-17T18:48:05Z,2026-08-17T18:48:05Z,
180.251.180.94,ipv4,botnet,high,WHITE,blocklist.de/bots|blocklist.de/all|ziyadnz/hourly-ipv4,blocklist.de|bot|irc-bot|brute-force|ziyadnz|hourly,2026-08-17T18:48:05Z,2026-08-17T18:48:05Z,
180.252.161.217,ipv4,botnet,high,WHITE,blocklist.de/bots|blocklist.de/all|ziyadnz/hourly-ipv4,blocklist.de|bot|irc-bot|brute-force|ziyadnz|hourly,2026-08-17T18:48:05Z,2026-08-17T18:48:05Z,
180.252.171.170,ipv4,botnet,high,WHITE,blocklist.de/bots|blocklist.de/all|ziyadnz/hourly-ipv4,blocklist.de|bot|irc-bot|brute-force|ziyadnz|hourly,2026-08-17T18:48:05Z,2026-08-17T18:48:05Z,
180.72.225.202,ipv4,botnet,high,WHITE,blocklist.de/bots|blocklist.de/all|ziyadnz/hourly-ipv4,blocklist.de|bot|irc-bot|brute-force|ziyadnz|hourly,2026-08-17T18:48:05Z,2026-08-17T18:48:05Z,
180.75.155.13,ipv4,botnet,high,WHITE,blocklist.de/bots|blocklist.de/all|ziyadnz/hourly-ipv4,blocklist.de|bot|irc-bot|brute-force|ziyadnz|hourly,2026-08-17T18:48:05Z,2026-08-17T18:48:05Z,
180.80.105.148,ipv4,botnet,high,WHITE,blocklist.de/bots|blocklist.de/all|ziyadnz/hourly-ipv4,blocklist.de|bot|irc-bot|brute-force|ziyadnz|hourly,2026-08-17T18:48:05Z,2026-08-17T18:48:05Z,
180.93.240.91,ipv4,botnet,high,WHITE,blocklist.de/bots|blocklist.de/all|ziyadnz/hourly-ipv4,blocklist.de|bot|irc-bot|brute-force|ziyadnz|hourly,2026-08-17T18:48:05Z,2026-08-17T18:48:05Z,
181.209.79.228,ipv4,botnet,high,WHITE,blocklist.de/bots|blocklist.de/all|ziyadnz/hourly-ipv4,blocklist.de|bot|irc-bot|brute-force|ziyadnz|hourly,2026-08-17T18:48:05Z,2026-08-17T18:48:05Z,
181.78.79.206,ipv4,botnet,high,WHITE,blocklist.de/bots|blocklist.de/all|ziyadnz/hourly-ipv4,blocklist.de|bot|irc-bot|brute-force|ziyadnz|hourly,2026-08-17T18:48:05Z,2026-08-17T18:48:05Z,
182.14.46.192,ipv4,botnet,high,WHITE,blocklist.de/bots|blocklist.de/all|ziyadnz/hourly-ipv4,blocklist.de|bot|irc-bot|brute-force|ziyadnz|hourly,2026-08-17T18:48:05Z,2026-08-17T18:48:05Z,
182.177.147.85,ipv4,botnet,high,WHITE,blocklist.de/bots|blocklist.de/all|ziyadnz/hourly-ipv4,blocklist.de|bot|irc-bot|brute-force|ziyadnz|hourly,2026-08-17T18:48:05Z,2026-08-17T18:48:05Z,
182.177.27.19,ipv4,botnet,high,WHITE,blocklist.de/bots|blocklist.de/all|ziyadnz/hourly-ipv4,blocklist.de|bot|irc-bot|brute-force|ziyadnz|hourly,2026-08-17T18:48:05Z,2026-08-17T18:48:05Z,
182.180.122.204,ipv4,botnet,high,WHITE,blocklist.de/bots|blocklist.de/all|ziyadnz/hourly-ipv4,blocklist.de|bot|irc-bot|brute-force|ziyadnz|hourly,2026-08-17T18:48:05Z,2026-08-17T18:48:05Z,
182.187.163.100,ipv4,botnet,high,WHITE,blocklist.de/bots|blocklist.de/all|ziyadnz/hourly-ipv4,blocklist.de|bot|irc-bot|brute-force|ziyadnz|hourly,2026-08-17T18:48:05Z,2026-08-17T18:48:05Z,
182.188.90.29,ipv4,botnet,high,WHITE,blocklist.de/bots|blocklist.de/all|ziyadnz/hourly-ipv4,blocklist.de|bot|irc-bot|brute-force|ziyadnz|hourly,2026-08-17T18:48:05Z,2026-08-17T18:48:05Z,
182.189.189.248,ipv4,botnet,high,WHITE,blocklist.de/bots|blocklist.de/all|ziyadnz/hourly-ipv4,blocklist.de|bot|irc-bot|brute-force|ziyadnz|hourly,2026-08-17T18:48:05Z,2026-08-17T18:48:05Z,
182.189.57.34,ipv4,botnet,high,WHITE,blocklist.de/bots|blocklist.de/all|ziyadnz/hourly-ipv4,blocklist.de|bot|irc-bot|brute-force|ziyadnz|hourly,2026-08-17T18:48:05Z,2026-08-17T18:48:05Z,
182.190.201.59,ipv4,botnet,high,WHITE,blocklist.de/bots|blocklist.de/all|ziyadnz/hourly-ipv4,blocklist.de|bot|irc-bot|brute-force|ziyadnz|hourly,2026-08-17T18:48:05Z,2026-08-17T18:48:05Z,
182.190.209.52,ipv4,botnet,high,WHITE,blocklist.de/bots|blocklist.de/all|ziyadnz/hourly-ipv4,blocklist.de|bot|irc-bot|brute-force|ziyadnz|hourly,2026-08-17T18:48:05Z,2026-08-17T18:48:05Z,
182.203.137.255,ipv4,botnet,high,WHITE,blocklist.de/bots|blocklist.de/all|ziyadnz/hourly-ipv4,blocklist.de|bot|irc-bot|brute-force|ziyadnz|hourly,2026-08-17T18:48:05Z,2026-08-17T18:48:05Z,
182.59.91.10,ipv4,botnet,high,WHITE,blocklist.de/bots|blocklist.de/all|ziyadnz/hourly-ipv4,blocklist.de|bot|irc-bot|brute-force|ziyadnz|hourly,2026-08-17T18:48:05Z,2026-08-17T18:48:05Z,
182.64.174.202,ipv4,botnet,high,WHITE,blocklist.de/bots|blocklist.de/all|ziyadnz/hourly-ipv4,blocklist.de|bot|irc-bot|brute-force|ziyadnz|hourly,2026-08-17T18:48:05Z,2026-08-17T18:48:05Z,
182.69.178.133,ipv4,botnet,high,WHITE,blocklist.de/bots|blocklist.de/all|ziyadnz/hourly-ipv4,blocklist.de|bot|irc-bot|brute-force|ziyadnz|hourly,2026-08-17T18:48:05Z,2026-08-17T18:48:05Z,
182.70.238.45,ipv4,botnet,high,WHITE,blocklist.de/bots|blocklist.de/all|ziyadnz/hourly-ipv4,blocklist.de|bot|irc-bot|brute-force|ziyadnz|hourly,2026-08-17T18:48:05Z,2026-08-17T18:48:05Z,
182.70.7.49,ipv4,botnet,high,WHITE,blocklist.de/bots|blocklist.de/all|ziyadnz/hourly-ipv4,blocklist.de|bot|irc-bot|brute-force|ziyadnz|hourly,2026-08-17T18:48:05Z,2026-08-17T18:48:05Z,
182.75.216.230,ipv4,botnet,high,WHITE,blocklist.de/bots|blocklist.de/all|ziyadnz/hourly-ipv4,blocklist.de|bot|irc-bot|brute-force|ziyadnz|hourly,2026-08-17T18:48:05Z,2026-08-17T18:48:05Z,
182.8.162.123,ipv4,botnet,high,WHITE,blocklist.de/bots|blocklist.de/all|ziyadnz/hourly-ipv4,blocklist.de|bot|irc-bot|brute-force|ziyadnz|hourly,2026-08-17T18:48:05Z,2026-08-17T18:48:05Z,
182.95.45.86,ipv4,botnet,high,WHITE,blocklist.de/bots|blocklist.de/all|ziyadnz/hourly-ipv4,blocklist.de|bot|irc-bot|brute-force|ziyadnz|hourly,2026-08-17T18:48:05Z,2026-08-17T18:48:05Z,
183.82.185.56,ipv4,botnet,high,WHITE,blocklist.de/bots|blocklist.de/all|ziyadnz/hourly-ipv4,blocklist.de|bot|irc-bot|brute-force|ziyadnz|hourly,2026-08-17T18:48:05Z,2026-08-17T18:48:05Z,
183.83.235.206,ipv4,botnet,high,WHITE,blocklist.de/bots|blocklist.de/all|ziyadnz/hourly-ipv4,blocklist.de|bot|irc-bot|brute-force|ziyadnz|hourly,2026-08-17T18:48:05Z,2026-08-17T18:48:05Z,
183.88.0.33,ipv4,botnet,high,WHITE,blocklist.de/bots|blocklist.de/all|ziyadnz/hourly-ipv4,blocklist.de|bot|irc-bot|brute-force|ziyadnz|hourly,2026-08-17T18:48:05Z,2026-08-17T18:48:05Z,
184.146.85.212,ipv4,botnet,high,WHITE,blocklist.de/bots|blocklist.de/all|ziyadnz/hourly-ipv4,blocklist.de|bot|irc-bot|brute-force|ziyadnz|hourly,2026-08-17T18:48:05Z,2026-08-17T18:48:05Z,
184.160.96.106,ipv4,botnet,high,WHITE,blocklist.de/bots|blocklist.de/all|ziyadnz/hourly-ipv4,blocklist.de|bot|irc-bot|brute-force|ziyadnz|hourly,2026-08-17T18:48:05Z,2026-08-17T18:48:05Z,
185.136.15.82,ipv4,botnet,high,WHITE,blocklist.de/bots|blocklist.de/all|ziyadnz/hourly-ipv4,blocklist.de|bot|irc-bot|brute-force|ziyadnz|hourly,2026-08-17T18:48:05Z,2026-08-17T18:48:05Z,
185.158.242.53,ipv4,botnet,medium,WHITE,blocklist.de/bots|blocklist.de/all,blocklist.de|bot|irc-bot|brute-force|ziyadnz|hourly,2026-08-17T18:48:05Z,2026-08-17T18:48:05Z,
185.164.138.59,ipv4,botnet,high,WHITE,blocklist.de/bots|blocklist.de/all|ziyadnz/hourly-ipv4,blocklist.de|bot|irc-bot|brute-force|ziyadnz|hourly,2026-08-17T18:48:05Z,2026-08-17T18:48:05Z,
185.173.204.42,ipv4,botnet,high,WHITE,blocklist.de/bots|blocklist.de/all|ziyadnz/hourly-ipv4,blocklist.de|bot|irc-bot|brute-force|ziyadnz|hourly,2026-08-17T18:48:05Z,2026-08-17T18:48:05Z,
185.177.72.38,ipv4,botnet,high,WHITE,blocklist.de/bots|blocklist.de/all|ziyadnz/hourly-ipv4,blocklist.de|bot|irc-bot|brute-force|ziyadnz|hourly,2026-08-17T18:48:05Z,2026-08-17T18:48:05Z,
185.177.72.5,ipv4,botnet,high,WHITE,blocklist.de/bots|blocklist.de/all|ziyadnz/hourly-ipv4,blocklist.de|bot|irc-bot|brute-force|ziyadnz|hourly,2026-08-17T18:48:05Z,2026-08-17T18:48:05Z,
185.177.72.66,ipv4,botnet,high,WHITE,blocklist.de/bots|blocklist.de/all|ziyadnz/hourly-ipv4,blocklist.de|bot|irc-bot|brute-force|ziyadnz|hourly,2026-08-17T18:48:05Z,2026-08-17T18:48:05Z,
185.177.72.69,ipv4,botnet,high,WHITE,blocklist.de/bots|blocklist.de/all|ziyadnz/hourly-ipv4,blocklist.de|bot|irc-bot|brute-force|ziyadnz|hourly,2026-08-17T18:48:05Z,2026-08-17T18:48:05Z,
185.184.85.18,ipv4,botnet,medium,WHITE,blocklist.de/bots|blocklist.de/all,blocklist.de|bot|irc-bot|brute-force|ziyadnz|hourly,2026-08-17T18:48:05Z,2026-08-17T18:48:05Z,
185.193.167.241,ipv4,botnet,high,WHITE,blocklist.de/bots|blocklist.de/all|ziyadnz/hourly-ipv4,blocklist.de|bot|irc-bot|brute-force|ziyadnz|hourly,2026-08-17T18:48:05Z,2026-08-17T18:48:05Z,
185.220.101.147,ipv4,botnet,high,WHITE,blocklist.de/bots|blocklist.de/all|ziyadnz/hourly-ipv4,blocklist.de|bot|irc-bot|brute-force|ziyadnz|hourly,2026-08-17T18:48:05Z,2026-08-17T18:48:05Z,
185.220.101.98,ipv4,botnet,high,WHITE,blocklist.de/bots|blocklist.de/all|ziyadnz/hourly-ipv4,blocklist.de|bot|irc-bot|brute-force|ziyadnz|hourly,2026-08-17T18:48:05Z,2026-08-17T18:48:05Z,
185.223.152.176,ipv4,botnet,high,WHITE,blocklist.de/bots|blocklist.de/all|ziyadnz/hourly-ipv4,blocklist.de|bot|irc-bot|brute-force|ziyadnz|hourly,2026-08-17T18:48:05Z,2026-08-17T18:48:05Z,
185.223.152.177,ipv4,botnet,high,WHITE,blocklist.de/bots|blocklist.de/all|ziyadnz/hourly-ipv4,blocklist.de|bot|irc-bot|brute-force|ziyadnz|hourly,2026-08-17T18:48:05Z,2026-08-17T18:48:05Z,
185.223.152.178,ipv4,botnet,high,WHITE,blocklist.de/bots|blocklist.de/all|ziyadnz/hourly-ipv4,blocklist.de|bot|irc-bot|brute-force|ziyadnz|hourly,2026-08-17T18:48:05Z,2026-08-17T18:48:05Z,
185.223.152.179,ipv4,botnet,high,WHITE,blocklist.de/bots|blocklist.de/all|ziyadnz/hourly-ipv4,blocklist.de|bot|irc-bot|brute-force|ziyadnz|hourly,2026-08-17T18:48:05Z,2026-08-17T18:48:05Z,
185.223.152.180,ipv4,botnet,high,WHITE,blocklist.de/bots|blocklist.de/all|ziyadnz/hourly-ipv4,blocklist.de|bot|irc-bot|brute-force|ziyadnz|hourly,2026-08-17T18:48:05Z,2026-08-17T18:48:05Z,
185.223.152.181,ipv4,botnet,high,WHITE,blocklist.de/bots|blocklist.de/all|ziyadnz/hourly-ipv4,blocklist.de|bot|irc-bot|brute-force|ziyadnz|hourly,2026-08-17T18:48:05Z,2026-08-17T18:48:05Z,
185.223.152.183,ipv4,botnet,high,WHITE,blocklist.de/bots|blocklist.de/all|ziyadnz/hourly-ipv4,blocklist.de|bot|irc-bot|brute-force|ziyadnz|hourly,2026-08-17T18:48:05Z,2026-08-17T18:48:05Z,
185.223.152.185,ipv4,botnet,high,WHITE,blocklist.de/bots|blocklist.de/all|ziyadnz/hourly-ipv4,blocklist.de|bot|irc-bot|brute-force|ziyadnz|hourly,2026-08-17T18:48:05Z,2026-08-17T18:48:05Z,
185.223.152.187,ipv4,botnet,high,WHITE,blocklist.de/bots|blocklist.de/all|ziyadnz/hourly-ipv4,blocklist.de|bot|irc-bot|brute-force|ziyadnz|hourly,2026-08-17T18:48:05Z,2026-08-17T18:48:05Z,
185.223.152.188,ipv4,botnet,high,WHITE,blocklist.de/bots|blocklist.de/all|ziyadnz/hourly-ipv4,blocklist.de|bot|irc-bot|brute-force|ziyadnz|hourly,2026-08-17T18:48:05Z,2026-08-17T18:48:05Z,
185.223.152.189,ipv4,botnet,high,WHITE,blocklist.de/bots|blocklist.de/all|ziyadnz/hourly-ipv4,blocklist.de|bot|irc-bot|brute-force|ziyadnz|hourly,2026-08-17T18:48:05Z,2026-08-17T18:48:05Z,
185.223.152.190,ipv4,botnet,high,WHITE,blocklist.de/bots|blocklist.de/all|ziyadnz/hourly-ipv4,blocklist.de|bot|irc-bot|brute-force|ziyadnz|hourly,2026-08-17T18:48:05Z,2026-08-17T18:48:05Z,
185.223.152.191,ipv4,botnet,high,WHITE,blocklist.de/bots|blocklist.de/all|ziyadnz/hourly-ipv4,blocklist.de|bot|irc-bot|brute-force|ziyadnz|hourly,2026-08-17T18:48:05Z,2026-08-17T18:48:05Z,
185.223.152.193,ipv4,botnet,high,WHITE,blocklist.de/bots|blocklist.de/all|ziyadnz/hourly-ipv4,blocklist.de|bot|irc-bot|brute-force|ziyadnz|hourly,2026-08-17T18:48:05Z,2026-08-17T18:48:05Z,
185.223.152.194,ipv4,botnet,high,WHITE,blocklist.de/bots|blocklist.de/all|ziyadnz/hourly-ipv4,blocklist.de|bot|irc-bot|brute-force|ziyadnz|hourly,2026-08-17T18:48:05Z,2026-08-17T18:48:05Z,
185.223.152.195,ipv4,botnet,high,WHITE,blocklist.de/bots|blocklist.de/all|ziyadnz/hourly-ipv4,blocklist.de|bot|irc-bot|brute-force|ziyadnz|hourly,2026-08-17T18:48:05Z,2026-08-17T18:48:05Z,
185.223.152.196,ipv4,botnet,high,WHITE,blocklist.de/bots|blocklist.de/all|ziyadnz/hourly-ipv4,blocklist.de|bot|irc-bot|brute-force|ziyadnz|hourly,2026-08-17T18:48:05Z,2026-08-17T18:48:05Z,
185.223.152.198,ipv4,botnet,high,WHITE,blocklist.de/bots|blocklist.de/all|ziyadnz/hourly-ipv4,blocklist.de|bot|irc-bot|brute-force|ziyadnz|hourly,2026-08-17T18:48:05Z,2026-08-17T18:48:05Z,
185.223.152.199,ipv4,botnet,high,WHITE,blocklist.de/bots|blocklist.de/all|ziyadnz/hourly-ipv4,blocklist.de|bot|irc-bot|brute-force|ziyadnz|hourly,2026-08-17T18:48:05Z,2026-08-17T18:48:05Z,
185.223.152.200,ipv4,botnet,high,WHITE,blocklist.de/bots|blocklist.de/all|ziyadnz/hourly-ipv4,blocklist.de|bot|irc-bot|brute-force|ziyadnz|hourly,2026-08-17T18:48:05Z,2026-08-17T18:48:05Z,
185.223.152.202,ipv4,botnet,high,WHITE,blocklist.de/bots|blocklist.de/all|ziyadnz/hourly-ipv4,blocklist.de|bot|irc-bot|brute-force|ziyadnz|hourly,2026-08-17T18:48:05Z,2026-08-17T18:48:05Z,
185.223.152.203,ipv4,botnet,high,WHITE,blocklist.de/bots|blocklist.de/all|ziyadnz/hourly-ipv4,blocklist.de|bot|irc-bot|brute-force|ziyadnz|hourly,2026-08-17T18:48:05Z,2026-08-17T18:48:05Z,
185.223.152.228,ipv4,botnet,high,WHITE,blocklist.de/bots|blocklist.de/all|ziyadnz/hourly-ipv4,blocklist.de|bot|irc-bot|brute-force|ziyadnz|hourly,2026-08-17T18:48:05Z,2026-08-17T18:48:05Z,
185.231.100.72,ipv4,botnet,high,WHITE,blocklist.de/bots|blocklist.de/all|ziyadnz/hourly-ipv4,blocklist.de|bot|irc-bot|brute-force|ziyadnz|hourly,2026-08-17T18:48:05Z,2026-08-17T18:48:05Z,
185.253.186.66,ipv4,botnet,high,WHITE,blocklist.de/bots|blocklist.de/all|ziyadnz/hourly-ipv4,blocklist.de|bot|irc-bot|brute-force|ziyadnz|hourly,2026-08-17T18:48:05Z,2026-08-17T18:48:05Z,
185.38.195.227,ipv4,botnet,high,WHITE,blocklist.de/bots|blocklist.de/all|ziyadnz/hourly-ipv4,blocklist.de|bot|irc-bot|brute-force|ziyadnz|hourly,2026-08-17T18:48:05Z,2026-08-17T18:48:05Z,
185.38.195.229,ipv4,botnet,high,WHITE,blocklist.de/bots|blocklist.de/all|ziyadnz/hourly-ipv4,blocklist.de|bot|irc-bot|brute-force|ziyadnz|hourly,2026-08-17T18:48:05Z,2026-08-17T18:48:05Z,
185.62.91.33,ipv4,botnet,high,WHITE,blocklist.de/bots|blocklist.de/all|ziyadnz/hourly-ipv4,blocklist.de|bot|irc-bot|brute-force|ziyadnz|hourly,2026-08-17T18:48:05Z,2026-08-17T18:48:05Z,
185.77.216.26,ipv4,botnet,high,WHITE,blocklist.de/bots|blocklist.de/all|ziyadnz/hourly-ipv4,blocklist.de|bot|irc-bot|brute-force|ziyadnz|hourly,2026-08-17T18:48:05Z,2026-08-17T18:48:05Z,
185.77.216.27,ipv4,botnet,high,WHITE,blocklist.de/bots|blocklist.de/all|ziyadnz/hourly-ipv4,blocklist.de|bot|irc-bot|brute-force|ziyadnz|hourly,2026-08-17T18:48:05Z,2026-08-17T18:48:05Z,
185.80.227.80,ipv4,botnet,high,WHITE,blocklist.de/bots|blocklist.de/all|ziyadnz/hourly-ipv4,blocklist.de|bot|irc-bot|brute-force|ziyadnz|hourly,2026-08-17T18:48:05Z,2026-08-17T18:48:05Z,
185.95.206.93,ipv4,botnet,high,WHITE,blocklist.de/bots|blocklist.de/all|ziyadnz/hourly-ipv4,blocklist.de|bot|irc-bot|brute-force|ziyadnz|hourly,2026-08-17T18:48:05Z,2026-08-17T18:48:05Z,
186.149.198.78,ipv4,botnet,high,WHITE,blocklist.de/bots|blocklist.de/all|ziyadnz/hourly-ipv4,blocklist.de|bot|irc-bot|brute-force|ziyadnz|hourly,2026-08-17T18:48:05Z,2026-08-17T18:48:05Z,
186.158.146.82,ipv4,botnet,high,WHITE,blocklist.de/bots|blocklist.de/all|ziyadnz/hourly-ipv4,blocklist.de|bot|irc-bot|brute-force|ziyadnz|hourly,2026-08-17T18:48:05Z,2026-08-17T18:48:05Z,
186.216.180.135,ipv4,botnet,high,WHITE,blocklist.de/bots|blocklist.de/all|ziyadnz/hourly-ipv4,blocklist.de|bot|irc-bot|brute-force|ziyadnz|hourly,2026-08-17T18:48:05Z,2026-08-17T18:48:05Z,
187.13.179.77,ipv4,botnet,high,WHITE,blocklist.de/bots|blocklist.de/all|ziyadnz/hourly-ipv4,blocklist.de|bot|irc-bot|brute-force|ziyadnz|hourly,2026-08-17T18:48:05Z,2026-08-17T18:48:05Z,
187.13.218.76,ipv4,botnet,high,WHITE,blocklist.de/bots|blocklist.de/all|ziyadnz/hourly-ipv4,blocklist.de|bot|irc-bot|brute-force|ziyadnz|hourly,2026-08-17T18:48:05Z,2026-08-17T18:48:05Z,
187.13.24.69,ipv4,botnet,high,WHITE,blocklist.de/bots|blocklist.de/all|ziyadnz/hourly-ipv4,blocklist.de|bot|irc-bot|brute-force|ziyadnz|hourly,2026-08-17T18:48:05Z,2026-08-17T18:48:05Z,
187.195.104.153,ipv4,botnet,high,WHITE,blocklist.de/bots|blocklist.de/all|ziyadnz/hourly-ipv4,blocklist.de|bot|irc-bot|brute-force|ziyadnz|hourly,2026-08-17T18:48:05Z,2026-08-17T18:48:05Z,
188.120.119.114,ipv4,botnet,high,WHITE,blocklist.de/bots|blocklist.de/all|ziyadnz/hourly-ipv4,blocklist.de|bot|irc-bot|brute-force|ziyadnz|hourly,2026-08-17T18:48:05Z,2026-08-17T18:48:05Z,
188.126.89.58,ipv4,botnet,high,WHITE,blocklist.de/bots|blocklist.de/all|ziyadnz/hourly-ipv4,blocklist.de|bot|irc-bot|brute-force|ziyadnz|hourly,2026-08-17T18:48:05Z,2026-08-17T18:48:05Z,
188.129.82.228,ipv4,botnet,high,WHITE,blocklist.de/bots|blocklist.de/all|ziyadnz/hourly-ipv4,blocklist.de|bot|irc-bot|brute-force|ziyadnz|hourly,2026-08-17T18:48:05Z,2026-08-17T18:48:05Z,
188.253.212.26,ipv4,botnet,high,WHITE,blocklist.de/bots|blocklist.de/all|ziyadnz/hourly-ipv4,blocklist.de|bot|irc-bot|brute-force|ziyadnz|hourly,2026-08-17T18:48:05Z,2026-08-17T18:48:05Z,
188.253.213.19,ipv4,botnet,high,WHITE,blocklist.de/bots|blocklist.de/all|ziyadnz/hourly-ipv4,blocklist.de|bot|irc-bot|brute-force|ziyadnz|hourly,2026-08-17T18:48:05Z,2026-08-17T18:48:05Z,
188.253.220.147,ipv4,botnet,high,WHITE,blocklist.de/bots|blocklist.de/all|ziyadnz/hourly-ipv4,blocklist.de|bot|irc-bot|brute-force|ziyadnz|hourly,2026-08-17T18:48:05Z,2026-08-17T18:48:05Z,
188.253.221.154,ipv4,botnet,high,WHITE,blocklist.de/bots|blocklist.de/all|ziyadnz/hourly-ipv4,blocklist.de|bot|irc-bot|brute-force|ziyadnz|hourly,2026-08-17T18:48:05Z,2026-08-17T18:48:05Z,
188.66.255.142,ipv4,botnet,high,WHITE,blocklist.de/bots|blocklist.de/all|ziyadnz/hourly-ipv4,blocklist.de|bot|irc-bot|brute-force|ziyadnz|hourly,2026-08-17T18:48:05Z,2026-08-17T18:48:05Z,
188.70.37.80,ipv4,botnet,high,WHITE,blocklist.de/bots|blocklist.de/all|ziyadnz/hourly-ipv4,blocklist.de|bot|irc-bot|brute-force|ziyadnz|hourly,2026-08-17T18:48:05Z,2026-08-17T18:48:05Z,
189.168.0.215,ipv4,botnet,high,WHITE,blocklist.de/bots|blocklist.de/all|ziyadnz/hourly-ipv4,blocklist.de|bot|irc-bot|brute-force|ziyadnz|hourly,2026-08-17T18:48:05Z,2026-08-17T18:48:05Z,
189.26.162.137,ipv4,botnet,high,WHITE,blocklist.de/bots|blocklist.de/all|ziyadnz/hourly-ipv4,blocklist.de|bot|irc-bot|brute-force|ziyadnz|hourly,2026-08-17T18:48:05Z,2026-08-17T18:48:05Z,
189.5.189.97,ipv4,botnet,high,WHITE,blocklist.de/bots|blocklist.de/all|ziyadnz/hourly-ipv4,blocklist.de|bot|irc-bot|brute-force|ziyadnz|hourly,2026-08-17T18:48:05Z,2026-08-17T18:48:05Z,
189.50.230.9,ipv4,botnet,high,WHITE,blocklist.de/bots|blocklist.de/all|ziyadnz/hourly-ipv4,blocklist.de|bot|irc-bot|brute-force|ziyadnz|hourly,2026-08-17T18:48:05Z,2026-08-17T18:48:05Z,
189.7.125.38,ipv4,botnet,high,WHITE,blocklist.de/bots|blocklist.de/all|ziyadnz/hourly-ipv4,blocklist.de|bot|irc-bot|brute-force|ziyadnz|hourly,2026-08-17T18:48:05Z,2026-08-17T18:48:05Z,
189.7.125.73,ipv4,botnet,high,WHITE,blocklist.de/bots|blocklist.de/all|ziyadnz/hourly-ipv4,blocklist.de|bot|irc-bot|brute-force|ziyadnz|hourly,2026-08-17T18:48:05Z,2026-08-17T18:48:05Z,
189.80.72.205,ipv4,botnet,high,WHITE,blocklist.de/bots|blocklist.de/all|ziyadnz/hourly-ipv4,blocklist.de|bot|irc-bot|brute-force|ziyadnz|hourly,2026-08-17T18:48:05Z,2026-08-17T18:48:05Z,
190.167.99.210,ipv4,botnet,high,WHITE,blocklist.de/bots|blocklist.de/all|ziyadnz/hourly-ipv4,blocklist.de|bot|irc-bot|brute-force|ziyadnz|hourly,2026-08-17T18:48:05Z,2026-08-17T18:48:05Z,
190.56.126.22,ipv4,botnet,high,WHITE,blocklist.de/bots|blocklist.de/all|ziyadnz/hourly-ipv4,blocklist.de|bot|irc-bot|brute-force|ziyadnz|hourly,2026-08-17T18:48:05Z,2026-08-17T18:48:05Z,
191.101.157.22,ipv4,botnet,high,WHITE,blocklist.de/bots|blocklist.de/all|ziyadnz/hourly-ipv4,blocklist.de|bot|irc-bot|brute-force|ziyadnz|hourly,2026-08-17T18:48:05Z,2026-08-17T18:48:05Z,
191.165.222.89,ipv4,botnet,high,WHITE,blocklist.de/bots|blocklist.de/all|ziyadnz/hourly-ipv4,blocklist.de|bot|irc-bot|brute-force|ziyadnz|hourly,2026-08-17T18:48:05Z,2026-08-17T18:48:05Z,
191.54.33.18,ipv4,botnet,medium,WHITE,blocklist.de/bots|blocklist.de/all,blocklist.de|bot|irc-bot|brute-force|ziyadnz|hourly,2026-08-17T18:48:05Z,2026-08-17T18:48:05Z,
191.54.35.58,ipv4,botnet,high,WHITE,blocklist.de/bots|blocklist.de/all|ziyadnz/hourly-ipv4,blocklist.de|bot|irc-bot|brute-force|ziyadnz|hourly,2026-08-17T18:48:05Z,2026-08-17T18:48:05Z,
192.144.217.223,ipv4,botnet,high,WHITE,blocklist.de/bots|blocklist.de/all|ziyadnz/hourly-ipv4,blocklist.de|bot|irc-bot|brute-force|ziyadnz|hourly,2026-08-17T18:48:05Z,2026-08-17T18:48:05Z,
193.107.20.43,ipv4,botnet,high,WHITE,blocklist.de/bots|blocklist.de/all|ziyadnz/hourly-ipv4,blocklist.de|bot|irc-bot|brute-force|ziyadnz|hourly,2026-08-17T18:48:05Z,2026-08-17T18:48:05Z,
193.188.123.106,ipv4,botnet,high,WHITE,blocklist.de/bots|blocklist.de/all|ziyadnz/hourly-ipv4,blocklist.de|bot|irc-bot|brute-force|ziyadnz|hourly,2026-08-17T18:48:05Z,2026-08-17T18:48:05Z,
193.188.76.92,ipv4,botnet,high,WHITE,blocklist.de/bots|blocklist.de/all|ziyadnz/hourly-ipv4,blocklist.de|bot|irc-bot|brute-force|ziyadnz|hourly,2026-08-17T18:48:05Z,2026-08-17T18:48:05Z,
193.37.32.58,ipv4,botnet,high,WHITE,blocklist.de/bots|blocklist.de/all|ziyadnz/hourly-ipv4,blocklist.de|bot|irc-bot|brute-force|ziyadnz|hourly,2026-08-17T18:48:05Z,2026-08-17T18:48:05Z,
193.37.32.59,ipv4,botnet,high,WHITE,blocklist.de/bots|blocklist.de/all|ziyadnz/hourly-ipv4,blocklist.de|bot|irc-bot|brute-force|ziyadnz|hourly,2026-08-17T18:48:05Z,2026-08-17T18:48:05Z,
193.37.32.77,ipv4,botnet,high,WHITE,blocklist.de/bots|blocklist.de/all|ziyadnz/hourly-ipv4,blocklist.de|bot|irc-bot|brute-force|ziyadnz|hourly,2026-08-17T18:48:05Z,2026-08-17T18:48:05Z,
193.37.32.83,ipv4,botnet,high,WHITE,blocklist.de/bots|blocklist.de/all|ziyadnz/hourly-ipv4,blocklist.de|bot|irc-bot|brute-force|ziyadnz|hourly,2026-08-17T18:48:05Z,2026-08-17T18:48:05Z,
194.146.159.57,ipv4,botnet,high,WHITE,blocklist.de/bots|blocklist.de/all|ziyadnz/hourly-ipv4,blocklist.de|bot|irc-bot|brute-force|ziyadnz|hourly,2026-08-17T18:48:05Z,2026-08-17T18:48:05Z,
194.233.110.192,ipv4,botnet,high,WHITE,blocklist.de/bots|blocklist.de/all|ziyadnz/hourly-ipv4,blocklist.de|bot|irc-bot|brute-force|ziyadnz|hourly,2026-08-17T18:48:05Z,2026-08-17T18:48:05Z,
194.247.173.99,ipv4,botnet,high,WHITE,blocklist.de/bots|blocklist.de/all|ziyadnz/hourly-ipv4,blocklist.de|bot|irc-bot|brute-force|ziyadnz|hourly,2026-08-17T18:48:05Z,2026-08-17T18:48:05Z,
194.33.44.39,ipv4,botnet,high,WHITE,blocklist.de/bots|blocklist.de/all|ziyadnz/hourly-ipv4,blocklist.de|bot|irc-bot|brute-force|ziyadnz|hourly,2026-08-17T18:48:05Z,2026-08-17T18:48:05Z,
194.5.82.105,ipv4,botnet,high,WHITE,blocklist.de/bots|blocklist.de/all|ziyadnz/hourly-ipv4,blocklist.de|bot|irc-bot|brute-force|ziyadnz|hourly,2026-08-17T18:48:05Z,2026-08-17T18:48:05Z,
194.5.82.106,ipv4,botnet,high,WHITE,blocklist.de/bots|blocklist.de/all|ziyadnz/hourly-ipv4,blocklist.de|bot|irc-bot|brute-force|ziyadnz|hourly,2026-08-17T18:48:05Z,2026-08-17T18:48:05Z,
194.5.82.107,ipv4,botnet,high,WHITE,blocklist.de/bots|blocklist.de/all|ziyadnz/hourly-ipv4,blocklist.de|bot|irc-bot|brute-force|ziyadnz|hourly,2026-08-17T18:48:05Z,2026-08-17T18:48:05Z,
194.5.82.108,ipv4,botnet,high,WHITE,blocklist.de/bots|blocklist.de/all|ziyadnz/hourly-ipv4,blocklist.de|bot|irc-bot|brute-force|ziyadnz|hourly,2026-08-17T18:48:05Z,2026-08-17T18:48:05Z,
194.5.82.111,ipv4,botnet,high,WHITE,blocklist.de/bots|blocklist.de/all|ziyadnz/hourly-ipv4,blocklist.de|bot|irc-bot|brute-force|ziyadnz|hourly,2026-08-17T18:48:05Z,2026-08-17T18:48:05Z,
194.5.82.113,ipv4,botnet,high,WHITE,blocklist.de/bots|blocklist.de/all|ziyadnz/hourly-ipv4,blocklist.de|bot|irc-bot|brute-force|ziyadnz|hourly,2026-08-17T18:48:05Z,2026-08-17T18:48:05Z,
194.5.82.114,ipv4,botnet,high,WHITE,blocklist.de/bots|blocklist.de/all|ziyadnz/hourly-ipv4,blocklist.de|bot|irc-bot|brute-force|ziyadnz|hourly,2026-08-17T18:48:05Z,2026-08-17T18:48:05Z,
194.5.82.116,ipv4,botnet,high,WHITE,blocklist.de/bots|blocklist.de/all|ziyadnz/hourly-ipv4,blocklist.de|bot|irc-bot|brute-force|ziyadnz|hourly,2026-08-17T18:48:05Z,2026-08-17T18:48:05Z,
194.5.82.117,ipv4,botnet,high,WHITE,blocklist.de/bots|blocklist.de/all|ziyadnz/hourly-ipv4,blocklist.de|bot|irc-bot|brute-force|ziyadnz|hourly,2026-08-17T18:48:05Z,2026-08-17T18:48:05Z,
194.5.82.118,ipv4,botnet,high,WHITE,blocklist.de/bots|blocklist.de/all|ziyadnz/hourly-ipv4,blocklist.de|bot|irc-bot|brute-force|ziyadnz|hourly,2026-08-17T18:48:05Z,2026-08-17T18:48:05Z,
194.5.82.119,ipv4,botnet,high,WHITE,blocklist.de/bots|blocklist.de/all|ziyadnz/hourly-ipv4,blocklist.de|bot|irc-bot|brute-force|ziyadnz|hourly,2026-08-17T18:48:05Z,2026-08-17T18:48:05Z,
194.5.82.120,ipv4,botnet,high,WHITE,blocklist.de/bots|blocklist.de/all|ziyadnz/hourly-ipv4,blocklist.de|bot|irc-bot|brute-force|ziyadnz|hourly,2026-08-17T18:48:05Z,2026-08-17T18:48:05Z,
194.5.82.121,ipv4,botnet,high,WHITE,blocklist.de/bots|blocklist.de/all|ziyadnz/hourly-ipv4,blocklist.de|bot|irc-bot|brute-force|ziyadnz|hourly,2026-08-17T18:48:05Z,2026-08-17T18:48:05Z,
194.5.82.122,ipv4,botnet,high,WHITE,blocklist.de/bots|blocklist.de/all|ziyadnz/hourly-ipv4,blocklist.de|bot|irc-bot|brute-force|ziyadnz|hourly,2026-08-17T18:48:05Z,2026-08-17T18:48:05Z,
194.5.82.123,ipv4,botnet,high,WHITE,blocklist.de/bots|blocklist.de/all|ziyadnz/hourly-ipv4,blocklist.de|bot|irc-bot|brute-force|ziyadnz|hourly,2026-08-17T18:48:05Z,2026-08-17T18:48:05Z,
194.5.82.124,ipv4,botnet,high,WHITE,blocklist.de/bots|blocklist.de/all|ziyadnz/hourly-ipv4,blocklist.de|bot|irc-bot|brute-force|ziyadnz|hourly,2026-08-17T18:48:05Z,2026-08-17T18:48:05Z,
194.5.82.125,ipv4,botnet,high,WHITE,blocklist.de/bots|blocklist.de/all|ziyadnz/hourly-ipv4,blocklist.de|bot|irc-bot|brute-force|ziyadnz|hourly,2026-08-17T18:48:05Z,2026-08-17T18:48:05Z,
194.5.82.127,ipv4,botnet,high,WHITE,blocklist.de/bots|blocklist.de/all|ziyadnz/hourly-ipv4,blocklist.de|bot|irc-bot|brute-force|ziyadnz|hourly,2026-08-17T18:48:05Z,2026-08-17T18:48:05Z,
194.5.82.128,ipv4,botnet,high,WHITE,blocklist.de/bots|blocklist.de/all|ziyadnz/hourly-ipv4,blocklist.de|bot|irc-bot|brute-force|ziyadnz|hourly,2026-08-17T18:48:05Z,2026-08-17T18:48:05Z,
194.5.82.130,ipv4,botnet,high,WHITE,blocklist.de/bots|blocklist.de/all|ziyadnz/hourly-ipv4,blocklist.de|bot|irc-bot|brute-force|ziyadnz|hourly,2026-08-17T18:48:05Z,2026-08-17T18:48:05Z,
194.5.82.131,ipv4,botnet,high,WHITE,blocklist.de/bots|blocklist.de/all|ziyadnz/hourly-ipv4,blocklist.de|bot|irc-bot|brute-force|ziyadnz|hourly,2026-08-17T18:48:05Z,2026-08-17T18:48:05Z,
194.5.82.132,ipv4,botnet,high,WHITE,blocklist.de/bots|blocklist.de/all|ziyadnz/hourly-ipv4,blocklist.de|bot|irc-bot|brute-force|ziyadnz|hourly,2026-08-17T18:48:05Z,2026-08-17T18:48:05Z,
194.5.82.134,ipv4,botnet,high,WHITE,blocklist.de/bots|blocklist.de/all|ziyadnz/hourly-ipv4,blocklist.de|bot|irc-bot|brute-force|ziyadnz|hourly,2026-08-17T18:48:05Z,2026-08-17T18:48:05Z,
194.5.82.135,ipv4,botnet,high,WHITE,blocklist.de/bots|blocklist.de/all|ziyadnz/hourly-ipv4,blocklist.de|bot|irc-bot|brute-force|ziyadnz|hourly,2026-08-17T18:48:05Z,2026-08-17T18:48:05Z,
194.5.82.136,ipv4,botnet,high,WHITE,blocklist.de/bots|blocklist.de/all|ziyadnz/hourly-ipv4,blocklist.de|bot|irc-bot|brute-force|ziyadnz|hourly,2026-08-17T18:48:05Z,2026-08-17T18:48:05Z,
194.5.82.137,ipv4,botnet,high,WHITE,blocklist.de/bots|blocklist.de/all|ziyadnz/hourly-ipv4,blocklist.de|bot|irc-bot|brute-force|ziyadnz|hourly,2026-08-17T18:48:05Z,2026-08-17T18:48:05Z,
194.5.82.138,ipv4,botnet,high,WHITE,blocklist.de/bots|blocklist.de/all|ziyadnz/hourly-ipv4,blocklist.de|bot|irc-bot|brute-force|ziyadnz|hourly,2026-08-17T18:48:05Z,2026-08-17T18:48:05Z,
194.5.82.139,ipv4,botnet,high,WHITE,blocklist.de/bots|blocklist.de/all|ziyadnz/hourly-ipv4,blocklist.de|bot|irc-bot|brute-force|ziyadnz|hourly,2026-08-17T18:48:05Z,2026-08-17T18:48:05Z,
194.5.82.140,ipv4,botnet,high,WHITE,blocklist.de/bots|blocklist.de/all|ziyadnz/hourly-ipv4,blocklist.de|bot|irc-bot|brute-force|ziyadnz|hourly,2026-08-17T18:48:05Z,2026-08-17T18:48:05Z,
194.5.82.141,ipv4,botnet,high,WHITE,blocklist.de/bots|blocklist.de/all|ziyadnz/hourly-ipv4,blocklist.de|bot|irc-bot|brute-force|ziyadnz|hourly,2026-08-17T18:48:05Z,2026-08-17T18:48:05Z,
194.5.82.142,ipv4,botnet,high,WHITE,blocklist.de/bots|blocklist.de/all|ziyadnz/hourly-ipv4,blocklist.de|bot|irc-bot|brute-force|ziyadnz|hourly,2026-08-17T18:48:05Z,2026-08-17T18:48:05Z,
194.5.82.143,ipv4,botnet,high,WHITE,blocklist.de/bots|blocklist.de/all|ziyadnz/hourly-ipv4,blocklist.de|bot|irc-bot|brute-force|ziyadnz|hourly,2026-08-17T18:48:05Z,2026-08-17T18:48:05Z,
194.5.82.144,ipv4,botnet,high,WHITE,blocklist.de/bots|blocklist.de/all|ziyadnz/hourly-ipv4,blocklist.de|bot|irc-bot|brute-force|ziyadnz|hourly,2026-08-17T18:48:05Z,2026-08-17T18:48:05Z,
194.5.82.145,ipv4,botnet,high,WHITE,blocklist.de/bots|blocklist.de/all|ziyadnz/hourly-ipv4,blocklist.de|bot|irc-bot|brute-force|ziyadnz|hourly,2026-08-17T18:48:05Z,2026-08-17T18:48:05Z,
194.5.82.147,ipv4,botnet,high,WHITE,blocklist.de/bots|blocklist.de/all|ziyadnz/hourly-ipv4,blocklist.de|bot|irc-bot|brute-force|ziyadnz|hourly,2026-08-17T18:48:05Z,2026-08-17T18:48:05Z,
194.5.82.150,ipv4,botnet,high,WHITE,blocklist.de/bots|blocklist.de/all|ziyadnz/hourly-ipv4,blocklist.de|bot|irc-bot|brute-force|ziyadnz|hourly,2026-08-17T18:48:05Z,2026-08-17T18:48:05Z,
194.5.82.152,ipv4,botnet,high,WHITE,blocklist.de/bots|blocklist.de/all|ziyadnz/hourly-ipv4,blocklist.de|bot|irc-bot|brute-force|ziyadnz|hourly,2026-08-17T18:48:05Z,2026-08-17T18:48:05Z,
194.5.82.153,ipv4,botnet,high,WHITE,blocklist.de/bots|blocklist.de/all|ziyadnz/hourly-ipv4,blocklist.de|bot|irc-bot|brute-force|ziyadnz|hourly,2026-08-17T18:48:05Z,2026-08-17T18:48:05Z,
194.5.82.154,ipv4,botnet,high,WHITE,blocklist.de/bots|blocklist.de/all|ziyadnz/hourly-ipv4,blocklist.de|bot|irc-bot|brute-force|ziyadnz|hourly,2026-08-17T18:48:05Z,2026-08-17T18:48:05Z,
194.5.82.155,ipv4,botnet,high,WHITE,blocklist.de/bots|blocklist.de/all|ziyadnz/hourly-ipv4,blocklist.de|bot|irc-bot|brute-force|ziyadnz|hourly,2026-08-17T18:48:05Z,2026-08-17T18:48:05Z,
194.5.82.156,ipv4,botnet,high,WHITE,blocklist.de/bots|blocklist.de/all|ziyadnz/hourly-ipv4,blocklist.de|bot|irc-bot|brute-force|ziyadnz|hourly,2026-08-17T18:48:05Z,2026-08-17T18:48:05Z,
194.5.82.157,ipv4,botnet,high,WHITE,blocklist.de/bots|blocklist.de/all|ziyadnz/hourly-ipv4,blocklist.de|bot|irc-bot|brute-force|ziyadnz|hourly,2026-08-17T18:48:05Z,2026-08-17T18:48:05Z,
194.5.82.159,ipv4,botnet,high,WHITE,blocklist.de/bots|blocklist.de/all|ziyadnz/hourly-ipv4,blocklist.de|bot|irc-bot|brute-force|ziyadnz|hourly,2026-08-17T18:48:05Z,2026-08-17T18:48:05Z,
194.5.82.160,ipv4,botnet,high,WHITE,blocklist.de/bots|blocklist.de/all|ziyadnz/hourly-ipv4,blocklist.de|bot|irc-bot|brute-force|ziyadnz|hourly,2026-08-17T18:48:05Z,2026-08-17T18:48:05Z,
194.5.82.161,ipv4,botnet,high,WHITE,blocklist.de/bots|blocklist.de/all|ziyadnz/hourly-ipv4,blocklist.de|bot|irc-bot|brute-force|ziyadnz|hourly,2026-08-17T18:48:05Z,2026-08-17T18:48:05Z,
194.5.82.162,ipv4,botnet,high,WHITE,blocklist.de/bots|blocklist.de/all|ziyadnz/hourly-ipv4,blocklist.de|bot|irc-bot|brute-force|ziyadnz|hourly,2026-08-17T18:48:05Z,2026-08-17T18:48:05Z,
194.5.82.163,ipv4,botnet,high,WHITE,blocklist.de/bots|blocklist.de/all|ziyadnz/hourly-ipv4,blocklist.de|bot|irc-bot|brute-force|ziyadnz|hourly,2026-08-17T18:48:05Z,2026-08-17T18:48:05Z,
194.5.82.164,ipv4,botnet,high,WHITE,blocklist.de/bots|blocklist.de/all|ziyadnz/hourly-ipv4,blocklist.de|bot|irc-bot|brute-force|ziyadnz|hourly,2026-08-17T18:48:05Z,2026-08-17T18:48:05Z,
194.5.82.169,ipv4,botnet,high,WHITE,blocklist.de/bots|blocklist.de/all|ziyadnz/hourly-ipv4,blocklist.de|bot|irc-bot|brute-force|ziyadnz|hourly,2026-08-17T18:48:05Z,2026-08-17T18:48:05Z,
194.5.82.170,ipv4,botnet,high,WHITE,blocklist.de/bots|blocklist.de/all|ziyadnz/hourly-ipv4,blocklist.de|bot|irc-bot|brute-force|ziyadnz|hourly,2026-08-17T18:48:05Z,2026-08-17T18:48:05Z,
194.5.83.31,ipv4,botnet,high,WHITE,blocklist.de/bots|blocklist.de/all|ziyadnz/hourly-ipv4,blocklist.de|bot|irc-bot|brute-force|ziyadnz|hourly,2026-08-17T18:48:05Z,2026-08-17T18:48:05Z,
195.174.55.96,ipv4,botnet,high,WHITE,blocklist.de/bots|blocklist.de/all|ziyadnz/hourly-ipv4,blocklist.de|bot|irc-bot|brute-force|ziyadnz|hourly,2026-08-17T18:48:05Z,2026-08-17T18:48:05Z,
195.62.95.212,ipv4,botnet,high,WHITE,blocklist.de/bots|blocklist.de/all|ziyadnz/hourly-ipv4,blocklist.de|bot|irc-bot|brute-force|ziyadnz|hourly,2026-08-17T18:48:05Z,2026-08-17T18:48:05Z,
195.80.150.133,ipv4,botnet,high,WHITE,blocklist.de/bots|blocklist.de/all|ziyadnz/hourly-ipv4,blocklist.de|bot|irc-bot|brute-force|ziyadnz|hourly,2026-08-17T18:48:05Z,2026-08-17T18:48:05Z,
196.171.28.84,ipv4,botnet,high,WHITE,blocklist.de/bots|blocklist.de/all|ziyadnz/hourly-ipv4,blocklist.de|bot|irc-bot|brute-force|ziyadnz|hourly,2026-08-17T18:48:05Z,2026-08-17T18:48:05Z,
196.177.173.71,ipv4,botnet,high,WHITE,blocklist.de/bots|blocklist.de/all|ziyadnz/hourly-ipv4,blocklist.de|bot|irc-bot|brute-force|ziyadnz|hourly,2026-08-17T18:48:05Z,2026-08-17T18:48:05Z,
196.202.169.238,ipv4,botnet,high,WHITE,blocklist.de/bots|blocklist.de/all|ziyadnz/hourly-ipv4,blocklist.de|bot|irc-bot|brute-force|ziyadnz|hourly,2026-08-17T18:48:05Z,2026-08-17T18:48:05Z,
196.245.54.137,ipv4,botnet,high,WHITE,blocklist.de/bots|blocklist.de/all|ziyadnz/hourly-ipv4,blocklist.de|bot|irc-bot|brute-force|ziyadnz|hourly,2026-08-17T18:48:05Z,2026-08-17T18:48:05Z,
196.39.254.245,ipv4,botnet,high,WHITE,blocklist.de/bots|blocklist.de/all|ziyadnz/hourly-ipv4,blocklist.de|bot|irc-bot|brute-force|ziyadnz|hourly,2026-08-17T18:48:05Z,2026-08-17T18:48:05Z,
197.134.219.38,ipv4,botnet,high,WHITE,blocklist.de/bots|blocklist.de/all|ziyadnz/hourly-ipv4,blocklist.de|bot|irc-bot|brute-force|ziyadnz|hourly,2026-08-17T18:48:05Z,2026-08-17T18:48:05Z,
197.155.68.86,ipv4,botnet,high,WHITE,blocklist.de/bots|blocklist.de/all|ziyadnz/hourly-ipv4,blocklist.de|bot|irc-bot|brute-force|ziyadnz|hourly,2026-08-17T18:48:05Z,2026-08-17T18:48:05Z,
197.160.179.168,ipv4,botnet,high,WHITE,blocklist.de/bots|blocklist.de/all|ziyadnz/hourly-ipv4,blocklist.de|bot|irc-bot|brute-force|ziyadnz|hourly,2026-08-17T18:48:05Z,2026-08-17T18:48:05Z,
197.211.52.5,ipv4,botnet,high,WHITE,blocklist.de/bots|blocklist.de/all|ziyadnz/hourly-ipv4,blocklist.de|bot|irc-bot|brute-force|ziyadnz|hourly,2026-08-17T18:48:05Z,2026-08-17T18:48:05Z,
197.249.16.110,ipv4,botnet,high,WHITE,blocklist.de/bots|blocklist.de/all|ziyadnz/hourly-ipv4,blocklist.de|bot|irc-bot|brute-force|ziyadnz|hourly,2026-08-17T18:48:05Z,2026-08-17T18:48:05Z,
197.63.26.235,ipv4,botnet,high,WHITE,blocklist.de/bots|blocklist.de/all|ziyadnz/hourly-ipv4,blocklist.de|bot|irc-bot|brute-force|ziyadnz|hourly,2026-08-17T18:48:05Z,2026-08-17T18:48:05Z,
198.11.179.136,ipv4,botnet,high,WHITE,blocklist.de/bots|blocklist.de/all|ziyadnz/hourly-ipv4,blocklist.de|bot|irc-bot|brute-force|ziyadnz|hourly,2026-08-17T18:48:05Z,2026-08-17T18:48:05Z,
198.23.185.229,ipv4,botnet,high,WHITE,blocklist.de/bots|blocklist.de/all|ziyadnz/hourly-ipv4,blocklist.de|bot|irc-bot|brute-force|ziyadnz|hourly,2026-08-17T18:48:05Z,2026-08-17T18:48:05Z,
198.244.168.0,ipv4,botnet,high,WHITE,blocklist.de/bots|blocklist.de/all|ziyadnz/hourly-ipv4,blocklist.de|bot|irc-bot|brute-force|ziyadnz|hourly,2026-08-17T18:48:05Z,2026-08-17T18:48:05Z,
198.244.168.10,ipv4,botnet,high,WHITE,blocklist.de/bots|blocklist.de/all|ziyadnz/hourly-ipv4,blocklist.de|bot|irc-bot|brute-force|ziyadnz|hourly,2026-08-17T18:48:05Z,2026-08-17T18:48:05Z,
198.244.168.100,ipv4,botnet,high,WHITE,blocklist.de/bots|blocklist.de/all|ziyadnz/hourly-ipv4,blocklist.de|bot|irc-bot|brute-force|ziyadnz|hourly,2026-08-17T18:48:05Z,2026-08-17T18:48:05Z,
198.244.168.101,ipv4,botnet,high,WHITE,blocklist.de/bots|blocklist.de/all|ziyadnz/hourly-ipv4,blocklist.de|bot|irc-bot|brute-force|ziyadnz|hourly,2026-08-17T18:48:05Z,2026-08-17T18:48:05Z,
198.244.168.102,ipv4,botnet,high,WHITE,blocklist.de/bots|blocklist.de/all|ziyadnz/hourly-ipv4,blocklist.de|bot|irc-bot|brute-force|ziyadnz|hourly,2026-08-17T18:48:05Z,2026-08-17T18:48:05Z,
198.244.168.103,ipv4,botnet,high,WHITE,blocklist.de/bots|blocklist.de/all|ziyadnz/hourly-ipv4,blocklist.de|bot|irc-bot|brute-force|ziyadnz|hourly,2026-08-17T18:48:05Z,2026-08-17T18:48:05Z,
198.244.168.104,ipv4,botnet,high,WHITE,blocklist.de/bots|blocklist.de/all|ziyadnz/hourly-ipv4,blocklist.de|bot|irc-bot|brute-force|ziyadnz|hourly,2026-08-17T18:48:05Z,2026-08-17T18:48:05Z,
198.244.168.106,ipv4,botnet,high,WHITE,blocklist.de/bots|blocklist.de/all|ziyadnz/hourly-ipv4,blocklist.de|bot|irc-bot|brute-force|ziyadnz|hourly,2026-08-17T18:48:05Z,2026-08-17T18:48:05Z,
198.244.168.107,ipv4,botnet,high,WHITE,blocklist.de/bots|blocklist.de/all|ziyadnz/hourly-ipv4,blocklist.de|bot|irc-bot|brute-force|ziyadnz|hourly,2026-08-17T18:48:05Z,2026-08-17T18:48:05Z,
198.244.168.108,ipv4,botnet,high,WHITE,blocklist.de/bots|blocklist.de/all|ziyadnz/hourly-ipv4,blocklist.de|bot|irc-bot|brute-force|ziyadnz|hourly,2026-08-17T18:48:05Z,2026-08-17T18:48:05Z,
198.244.168.109,ipv4,botnet,high,WHITE,blocklist.de/bots|blocklist.de/all|ziyadnz/hourly-ipv4,blocklist.de|bot|irc-bot|brute-force|ziyadnz|hourly,2026-08-17T18:48:05Z,2026-08-17T18:48:05Z,
198.244.168.110,ipv4,botnet,high,WHITE,blocklist.de/bots|blocklist.de/all|ziyadnz/hourly-ipv4,blocklist.de|bot|irc-bot|brute-force|ziyadnz|hourly,2026-08-17T18:48:05Z,2026-08-17T18:48:05Z,
198.244.168.111,ipv4,botnet,high,WHITE,blocklist.de/bots|blocklist.de/all|ziyadnz/hourly-ipv4,blocklist.de|bot|irc-bot|brute-force|ziyadnz|hourly,2026-08-17T18:48:05Z,2026-08-17T18:48:05Z,
198.244.168.112,ipv4,botnet,high,WHITE,blocklist.de/bots|blocklist.de/all|ziyadnz/hourly-ipv4,blocklist.de|bot|irc-bot|brute-force|ziyadnz|hourly,2026-08-17T18:48:05Z,2026-08-17T18:48:05Z,
198.244.168.115,ipv4,botnet,high,WHITE,blocklist.de/bots|blocklist.de/all|ziyadnz/hourly-ipv4,blocklist.de|bot|irc-bot|brute-force|ziyadnz|hourly,2026-08-17T18:48:05Z,2026-08-17T18:48:05Z,
198.244.168.116,ipv4,botnet,high,WHITE,blocklist.de/bots|blocklist.de/all|ziyadnz/hourly-ipv4,blocklist.de|bot|irc-bot|brute-force|ziyadnz|hourly,2026-08-17T18:48:05Z,2026-08-17T18:48:05Z,
198.244.168.118,ipv4,botnet,high,WHITE,blocklist.de/bots|blocklist.de/all|ziyadnz/hourly-ipv4,blocklist.de|bot|irc-bot|brute-force|ziyadnz|hourly,2026-08-17T18:48:05Z,2026-08-17T18:48:05Z,
198.244.168.12,ipv4,botnet,high,WHITE,blocklist.de/bots|blocklist.de/all|ziyadnz/hourly-ipv4,blocklist.de|bot|irc-bot|brute-force|ziyadnz|hourly,2026-08-17T18:48:05Z,2026-08-17T18:48:05Z,
198.244.168.120,ipv4,botnet,high,WHITE,blocklist.de/bots|blocklist.de/all|ziyadnz/hourly-ipv4,blocklist.de|bot|irc-bot|brute-force|ziyadnz|hourly,2026-08-17T18:48:05Z,2026-08-17T18:48:05Z,
198.244.168.122,ipv4,botnet,high,WHITE,blocklist.de/bots|blocklist.de/all|ziyadnz/hourly-ipv4,blocklist.de|bot|irc-bot|brute-force|ziyadnz|hourly,2026-08-17T18:48:05Z,2026-08-17T18:48:05Z,
198.244.168.123,ipv4,botnet,high,WHITE,blocklist.de/bots|blocklist.de/all|ziyadnz/hourly-ipv4,blocklist.de|bot|irc-bot|brute-force|ziyadnz|hourly,2026-08-17T18:48:05Z,2026-08-17T18:48:05Z,
198.244.168.129,ipv4,botnet,high,WHITE,blocklist.de/bots|blocklist.de/all|ziyadnz/hourly-ipv4,blocklist.de|bot|irc-bot|brute-force|ziyadnz|hourly,2026-08-17T18:48:05Z,2026-08-17T18:48:05Z,
198.244.168.13,ipv4,botnet,high,WHITE,blocklist.de/bots|blocklist.de/all|ziyadnz/hourly-ipv4,blocklist.de|bot|irc-bot|brute-force|ziyadnz|hourly,2026-08-17T18:48:05Z,2026-08-17T18:48:05Z,
198.244.168.130,ipv4,botnet,high,WHITE,blocklist.de/bots|blocklist.de/all|ziyadnz/hourly-ipv4,blocklist.de|bot|irc-bot|brute-force|ziyadnz|hourly,2026-08-17T18:48:05Z,2026-08-17T18:48:05Z,
198.244.168.14,ipv4,botnet,high,WHITE,blocklist.de/bots|blocklist.de/all|ziyadnz/hourly-ipv4,blocklist.de|bot|irc-bot|brute-force|ziyadnz|hourly,2026-08-17T18:48:05Z,2026-08-17T18:48:05Z,
198.244.168.142,ipv4,botnet,high,WHITE,blocklist.de/bots|blocklist.de/all|ziyadnz/hourly-ipv4,blocklist.de|bot|irc-bot|brute-force|ziyadnz|hourly,2026-08-17T18:48:05Z,2026-08-17T18:48:05Z,
198.244.168.146,ipv4,botnet,high,WHITE,blocklist.de/bots|blocklist.de/all|ziyadnz/hourly-ipv4,blocklist.de|bot|irc-bot|brute-force|ziyadnz|hourly,2026-08-17T18:48:05Z,2026-08-17T18:48:05Z,
198.244.168.147,ipv4,botnet,high,WHITE,blocklist.de/bots|blocklist.de/all|ziyadnz/hourly-ipv4,blocklist.de|bot|irc-bot|brute-force|ziyadnz|hourly,2026-08-17T18:48:05Z,2026-08-17T18:48:05Z,
198.244.168.15,ipv4,botnet,high,WHITE,blocklist.de/bots|blocklist.de/all|ziyadnz/hourly-ipv4,blocklist.de|bot|irc-bot|brute-force|ziyadnz|hourly,2026-08-17T18:48:05Z,2026-08-17T18:48:05Z,
198.244.168.150,ipv4,botnet,high,WHITE,blocklist.de/bots|blocklist.de/all|ziyadnz/hourly-ipv4,blocklist.de|bot|irc-bot|brute-force|ziyadnz|hourly,2026-08-17T18:48:05Z,2026-08-17T18:48:05Z,
198.244.168.153,ipv4,botnet,high,WHITE,blocklist.de/bots|blocklist.de/all|ziyadnz/hourly-ipv4,blocklist.de|bot|irc-bot|brute-force|ziyadnz|hourly,2026-08-17T18:48:05Z,2026-08-17T18:48:05Z,
198.244.168.156,ipv4,botnet,high,WHITE,blocklist.de/bots|blocklist.de/all|ziyadnz/hourly-ipv4,blocklist.de|bot|irc-bot|brute-force|ziyadnz|hourly,2026-08-17T18:48:05Z,2026-08-17T18:48:05Z,
198.244.168.157,ipv4,botnet,high,WHITE,blocklist.de/bots|blocklist.de/all|ziyadnz/hourly-ipv4,blocklist.de|bot|irc-bot|brute-force|ziyadnz|hourly,2026-08-17T18:48:05Z,2026-08-17T18:48:05Z,
198.244.168.159,ipv4,botnet,high,WHITE,blocklist.de/bots|blocklist.de/all|ziyadnz/hourly-ipv4,blocklist.de|bot|irc-bot|brute-force|ziyadnz|hourly,2026-08-17T18:48:05Z,2026-08-17T18:48:05Z,
198.244.168.165,ipv4,botnet,high,WHITE,blocklist.de/bots|blocklist.de/all|ziyadnz/hourly-ipv4,blocklist.de|bot|irc-bot|brute-force|ziyadnz|hourly,2026-08-17T18:48:05Z,2026-08-17T18:48:05Z,
198.244.168.168,ipv4,botnet,high,WHITE,blocklist.de/bots|blocklist.de/all|ziyadnz/hourly-ipv4,blocklist.de|bot|irc-bot|brute-force|ziyadnz|hourly,2026-08-17T18:48:05Z,2026-08-17T18:48:05Z,
198.244.168.169,ipv4,botnet,high,WHITE,blocklist.de/bots|blocklist.de/all|ziyadnz/hourly-ipv4,blocklist.de|bot|irc-bot|brute-force|ziyadnz|hourly,2026-08-17T18:48:05Z,2026-08-17T18:48:05Z,
198.244.168.17,ipv4,botnet,high,WHITE,blocklist.de/bots|blocklist.de/all|ziyadnz/hourly-ipv4,blocklist.de|bot|irc-bot|brute-force|ziyadnz|hourly,2026-08-17T18:48:05Z,2026-08-17T18:48:05Z,
198.244.168.170,ipv4,botnet,high,WHITE,blocklist.de/bots|blocklist.de/all|ziyadnz/hourly-ipv4,blocklist.de|bot|irc-bot|brute-force|ziyadnz|hourly,2026-08-17T18:48:05Z,2026-08-17T18:48:05Z,
198.244.168.171,ipv4,botnet,high,WHITE,blocklist.de/bots|blocklist.de/all|ziyadnz/hourly-ipv4,blocklist.de|bot|irc-bot|brute-force|ziyadnz|hourly,2026-08-17T18:48:05Z,2026-08-17T18:48:05Z,
198.244.168.172,ipv4,botnet,high,WHITE,blocklist.de/bots|blocklist.de/all|ziyadnz/hourly-ipv4,blocklist.de|bot|irc-bot|brute-force|ziyadnz|hourly,2026-08-17T18:48:05Z,2026-08-17T18:48:05Z,
198.244.168.175,ipv4,botnet,high,WHITE,blocklist.de/bots|blocklist.de/all|ziyadnz/hourly-ipv4,blocklist.de|bot|irc-bot|brute-force|ziyadnz|hourly,2026-08-17T18:48:05Z,2026-08-17T18:48:05Z,
198.244.168.176,ipv4,botnet,high,WHITE,blocklist.de/bots|blocklist.de/all|ziyadnz/hourly-ipv4,blocklist.de|bot|irc-bot|brute-force|ziyadnz|hourly,2026-08-17T18:48:05Z,2026-08-17T18:48:05Z,
198.244.168.177,ipv4,botnet,high,WHITE,blocklist.de/bots|blocklist.de/all|ziyadnz/hourly-ipv4,blocklist.de|bot|irc-bot|brute-force|ziyadnz|hourly,2026-08-17T18:48:05Z,2026-08-17T18:48:05Z,
198.244.168.18,ipv4,botnet,high,WHITE,blocklist.de/bots|blocklist.de/all|ziyadnz/hourly-ipv4,blocklist.de|bot|irc-bot|brute-force|ziyadnz|hourly,2026-08-17T18:48:05Z,2026-08-17T18:48:05Z,
198.244.168.182,ipv4,botnet,high,WHITE,blocklist.de/bots|blocklist.de/all|ziyadnz/hourly-ipv4,blocklist.de|bot|irc-bot|brute-force|ziyadnz|hourly,2026-08-17T18:48:05Z,2026-08-17T18:48:05Z,
198.244.168.185,ipv4,botnet,high,WHITE,blocklist.de/bots|blocklist.de/all|ziyadnz/hourly-ipv4,blocklist.de|bot|irc-bot|brute-force|ziyadnz|hourly,2026-08-17T18:48:05Z,2026-08-17T18:48:05Z,
198.244.168.188,ipv4,botnet,high,WHITE,blocklist.de/bots|blocklist.de/all|ziyadnz/hourly-ipv4,blocklist.de|bot|irc-bot|brute-force|ziyadnz|hourly,2026-08-17T18:48:05Z,2026-08-17T18:48:05Z,
198.244.168.19,ipv4,botnet,high,WHITE,blocklist.de/bots|blocklist.de/all|ziyadnz/hourly-ipv4,blocklist.de|bot|irc-bot|brute-force|ziyadnz|hourly,2026-08-17T18:48:05Z,2026-08-17T18:48:05Z,
198.244.168.191,ipv4,botnet,high,WHITE,blocklist.de/bots|blocklist.de/all|ziyadnz/hourly-ipv4,blocklist.de|bot|irc-bot|brute-force|ziyadnz|hourly,2026-08-17T18:48:05Z,2026-08-17T18:48:05Z,
198.244.168.192,ipv4,botnet,high,WHITE,blocklist.de/bots|blocklist.de/all|ziyadnz/hourly-ipv4,blocklist.de|bot|irc-bot|brute-force|ziyadnz|hourly,2026-08-17T18:48:05Z,2026-08-17T18:48:05Z,
198.244.168.193,ipv4,botnet,high,WHITE,blocklist.de/bots|blocklist.de/all|ziyadnz/hourly-ipv4,blocklist.de|bot|irc-bot|brute-force|ziyadnz|hourly,2026-08-17T18:48:05Z,2026-08-17T18:48:05Z,
198.244.168.2,ipv4,botnet,high,WHITE,blocklist.de/bots|blocklist.de/all|ziyadnz/hourly-ipv4,blocklist.de|bot|irc-bot|brute-force|ziyadnz|hourly,2026-08-17T18:48:05Z,2026-08-17T18:48:05Z,
198.244.168.200,ipv4,botnet,high,WHITE,blocklist.de/bots|blocklist.de/all|ziyadnz/hourly-ipv4,blocklist.de|bot|irc-bot|brute-force|ziyadnz|hourly,2026-08-17T18:48:05Z,2026-08-17T18:48:05Z,
198.244.168.201,ipv4,botnet,high,WHITE,blocklist.de/bots|blocklist.de/all|ziyadnz/hourly-ipv4,blocklist.de|bot|irc-bot|brute-force|ziyadnz|hourly,2026-08-17T18:48:05Z,2026-08-17T18:48:05Z,
198.244.168.202,ipv4,botnet,high,WHITE,blocklist.de/bots|blocklist.de/all|ziyadnz/hourly-ipv4,blocklist.de|bot|irc-bot|brute-force|ziyadnz|hourly,2026-08-17T18:48:05Z,2026-08-17T18:48:05Z,
198.244.168.203,ipv4,botnet,high,WHITE,blocklist.de/bots|blocklist.de/all|ziyadnz/hourly-ipv4,blocklist.de|bot|irc-bot|brute-force|ziyadnz|hourly,2026-08-17T18:48:05Z,2026-08-17T18:48:05Z,
198.244.168.205,ipv4,botnet,high,WHITE,blocklist.de/bots|blocklist.de/all|ziyadnz/hourly-ipv4,blocklist.de|bot|irc-bot|brute-force|ziyadnz|hourly,2026-08-17T18:48:05Z,2026-08-17T18:48:05Z,
198.244.168.207,ipv4,botnet,high,WHITE,blocklist.de/bots|blocklist.de/all|ziyadnz/hourly-ipv4,blocklist.de|bot|irc-bot|brute-force|ziyadnz|hourly,2026-08-17T18:48:05Z,2026-08-17T18:48:05Z,
198.244.168.208,ipv4,botnet,high,WHITE,blocklist.de/bots|blocklist.de/all|ziyadnz/hourly-ipv4,blocklist.de|bot|irc-bot|brute-force|ziyadnz|hourly,2026-08-17T18:48:05Z,2026-08-17T18:48:05Z,
198.244.168.210,ipv4,botnet,high,WHITE,blocklist.de/bots|blocklist.de/all|ziyadnz/hourly-ipv4,blocklist.de|bot|irc-bot|brute-force|ziyadnz|hourly,2026-08-17T18:48:05Z,2026-08-17T18:48:05Z,
198.244.168.214,ipv4,botnet,high,WHITE,blocklist.de/bots|blocklist.de/all|ziyadnz/hourly-ipv4,blocklist.de|bot|irc-bot|brute-force|ziyadnz|hourly,2026-08-17T18:48:05Z,2026-08-17T18:48:05Z,
198.244.168.215,ipv4,botnet,high,WHITE,blocklist.de/bots|blocklist.de/all|ziyadnz/hourly-ipv4,blocklist.de|bot|irc-bot|brute-force|ziyadnz|hourly,2026-08-17T18:48:05Z,2026-08-17T18:48:05Z,
198.244.168.218,ipv4,botnet,high,WHITE,blocklist.de/bots|blocklist.de/all|ziyadnz/hourly-ipv4,blocklist.de|bot|irc-bot|brute-force|ziyadnz|hourly,2026-08-17T18:48:05Z,2026-08-17T18:48:05Z,
198.244.168.219,ipv4,botnet,high,WHITE,blocklist.de/bots|blocklist.de/all|ziyadnz/hourly-ipv4,blocklist.de|bot|irc-bot|brute-force|ziyadnz|hourly,2026-08-17T18:48:05Z,2026-08-17T18:48:05Z,
198.244.168.22,ipv4,botnet,high,WHITE,blocklist.de/bots|blocklist.de/all|ziyadnz/hourly-ipv4,blocklist.de|bot|irc-bot|brute-force|ziyadnz|hourly,2026-08-17T18:48:05Z,2026-08-17T18:48:05Z,
198.244.168.222,ipv4,botnet,high,WHITE,blocklist.de/bots|blocklist.de/all|ziyadnz/hourly-ipv4,blocklist.de|bot|irc-bot|brute-force|ziyadnz|hourly,2026-08-17T18:48:05Z,2026-08-17T18:48:05Z,
198.244.168.223,ipv4,botnet,high,WHITE,blocklist.de/bots|blocklist.de/all|ziyadnz/hourly-ipv4,blocklist.de|bot|irc-bot|brute-force|ziyadnz|hourly,2026-08-17T18:48:05Z,2026-08-17T18:48:05Z,
198.244.168.224,ipv4,botnet,high,WHITE,blocklist.de/bots|blocklist.de/all|ziyadnz/hourly-ipv4,blocklist.de|bot|irc-bot|brute-force|ziyadnz|hourly,2026-08-17T18:48:05Z,2026-08-17T18:48:05Z,
198.244.168.229,ipv4,botnet,high,WHITE,blocklist.de/bots|blocklist.de/all|ziyadnz/hourly-ipv4,blocklist.de|bot|irc-bot|brute-force|ziyadnz|hourly,2026-08-17T18:48:05Z,2026-08-17T18:48:05Z,
198.244.168.23,ipv4,botnet,high,WHITE,blocklist.de/bots|blocklist.de/all|ziyadnz/hourly-ipv4,blocklist.de|bot|irc-bot|brute-force|ziyadnz|hourly,2026-08-17T18:48:05Z,2026-08-17T18:48:05Z,
198.244.168.231,ipv4,botnet,high,WHITE,blocklist.de/bots|blocklist.de/all|ziyadnz/hourly-ipv4,blocklist.de|bot|irc-bot|brute-force|ziyadnz|hourly,2026-08-17T18:48:05Z,2026-08-17T18:48:05Z,
198.244.168.233,ipv4,botnet,high,WHITE,blocklist.de/bots|blocklist.de/all|ziyadnz/hourly-ipv4,blocklist.de|bot|irc-bot|brute-force|ziyadnz|hourly,2026-08-17T18:48:05Z,2026-08-17T18:48:05Z,
198.244.168.238,ipv4,botnet,high,WHITE,blocklist.de/bots|blocklist.de/all|ziyadnz/hourly-ipv4,blocklist.de|bot|irc-bot|brute-force|ziyadnz|hourly,2026-08-17T18:48:05Z,2026-08-17T18:48:05Z,
198.244.168.239,ipv4,botnet,high,WHITE,blocklist.de/bots|blocklist.de/all|ziyadnz/hourly-ipv4,blocklist.de|bot|irc-bot|brute-force|ziyadnz|hourly,2026-08-17T18:48:05Z,2026-08-17T18:48:05Z,
198.244.168.24,ipv4,botnet,high,WHITE,blocklist.de/bots|blocklist.de/all|ziyadnz/hourly-ipv4,blocklist.de|bot|irc-bot|brute-force|ziyadnz|hourly,2026-08-17T18:48:05Z,2026-08-17T18:48:05Z,
198.244.168.241,ipv4,botnet,high,WHITE,blocklist.de/bots|blocklist.de/all|ziyadnz/hourly-ipv4,blocklist.de|bot|irc-bot|brute-force|ziyadnz|hourly,2026-08-17T18:48:05Z,2026-08-17T18:48:05Z,
198.244.168.243,ipv4,botnet,high,WHITE,blocklist.de/bots|blocklist.de/all|ziyadnz/hourly-ipv4,blocklist.de|bot|irc-bot|brute-force|ziyadnz|hourly,2026-08-17T18:48:05Z,2026-08-17T18:48:05Z,
198.244.168.244,ipv4,botnet,high,WHITE,blocklist.de/bots|blocklist.de/all|ziyadnz/hourly-ipv4,blocklist.de|bot|irc-bot|brute-force|ziyadnz|hourly,2026-08-17T18:48:05Z,2026-08-17T18:48:05Z,
198.244.168.245,ipv4,botnet,high,WHITE,blocklist.de/bots|blocklist.de/all|ziyadnz/hourly-ipv4,blocklist.de|bot|irc-bot|brute-force|ziyadnz|hourly,2026-08-17T18:48:05Z,2026-08-17T18:48:05Z,
198.244.168.247,ipv4,botnet,high,WHITE,blocklist.de/bots|blocklist.de/all|ziyadnz/hourly-ipv4,blocklist.de|bot|irc-bot|brute-force|ziyadnz|hourly,2026-08-17T18:48:05Z,2026-08-17T18:48:05Z,
198.244.168.248,ipv4,botnet,high,WHITE,blocklist.de/bots|blocklist.de/all|ziyadnz/hourly-ipv4,blocklist.de|bot|irc-bot|brute-force|ziyadnz|hourly,2026-08-17T18:48:05Z,2026-08-17T18:48:05Z,
198.244.168.249,ipv4,botnet,high,WHITE,blocklist.de/bots|blocklist.de/all|ziyadnz/hourly-ipv4,blocklist.de|bot|irc-bot|brute-force|ziyadnz|hourly,2026-08-17T18:48:05Z,2026-08-17T18:48:05Z,
198.244.168.25,ipv4,botnet,high,WHITE,blocklist.de/bots|blocklist.de/all|ziyadnz/hourly-ipv4,blocklist.de|bot|irc-bot|brute-force|ziyadnz|hourly,2026-08-17T18:48:05Z,2026-08-17T18:48:05Z,
198.244.168.250,ipv4,botnet,high,WHITE,blocklist.de/bots|blocklist.de/all|ziyadnz/hourly-ipv4,blocklist.de|bot|irc-bot|brute-force|ziyadnz|hourly,2026-08-17T18:48:05Z,2026-08-17T18:48:05Z,
198.244.168.252,ipv4,botnet,high,WHITE,blocklist.de/bots|blocklist.de/all|ziyadnz/hourly-ipv4,blocklist.de|bot|irc-bot|brute-force|ziyadnz|hourly,2026-08-17T18:48:05Z,2026-08-17T18:48:05Z,
198.244.168.3,ipv4,botnet,medium,WHITE,blocklist.de/bots|blocklist.de/all,blocklist.de|bot|irc-bot|brute-force|ziyadnz|hourly,2026-08-17T18:48:05Z,2026-08-17T18:48:05Z,
198.244.168.30,ipv4,botnet,high,WHITE,blocklist.de/bots|blocklist.de/all|ziyadnz/hourly-ipv4,blocklist.de|bot|irc-bot|brute-force|ziyadnz|hourly,2026-08-17T18:48:05Z,2026-08-17T18:48:05Z,
198.244.168.31,ipv4,botnet,high,WHITE,blocklist.de/bots|blocklist.de/all|ziyadnz/hourly-ipv4,blocklist.de|bot|irc-bot|brute-force|ziyadnz|hourly,2026-08-17T18:48:05Z,2026-08-17T18:48:05Z,
198.244.168.33,ipv4,botnet,high,WHITE,blocklist.de/bots|blocklist.de/all|ziyadnz/hourly-ipv4,blocklist.de|bot|irc-bot|brute-force|ziyadnz|hourly,2026-08-17T18:48:05Z,2026-08-17T18:48:05Z,
198.244.168.36,ipv4,botnet,high,WHITE,blocklist.de/bots|blocklist.de/all|ziyadnz/hourly-ipv4,blocklist.de|bot|irc-bot|brute-force|ziyadnz|hourly,2026-08-17T18:48:05Z,2026-08-17T18:48:05Z,
198.244.168.37,ipv4,botnet,high,WHITE,blocklist.de/bots|blocklist.de/all|ziyadnz/hourly-ipv4,blocklist.de|bot|irc-bot|brute-force|ziyadnz|hourly,2026-08-17T18:48:05Z,2026-08-17T18:48:05Z,
198.244.168.39,ipv4,botnet,high,WHITE,blocklist.de/bots|blocklist.de/all|ziyadnz/hourly-ipv4,blocklist.de|bot|irc-bot|brute-force|ziyadnz|hourly,2026-08-17T18:48:05Z,2026-08-17T18:48:05Z,
198.244.168.4,ipv4,botnet,high,WHITE,blocklist.de/bots|blocklist.de/all|ziyadnz/hourly-ipv4,blocklist.de|bot|irc-bot|brute-force|ziyadnz|hourly,2026-08-17T18:48:05Z,2026-08-17T18:48:05Z,
198.244.168.42,ipv4,botnet,high,WHITE,blocklist.de/bots|blocklist.de/all|ziyadnz/hourly-ipv4,blocklist.de|bot|irc-bot|brute-force|ziyadnz|hourly,2026-08-17T18:48:05Z,2026-08-17T18:48:05Z,
198.244.168.43,ipv4,botnet,high,WHITE,blocklist.de/bots|blocklist.de/all|ziyadnz/hourly-ipv4,blocklist.de|bot|irc-bot|brute-force|ziyadnz|hourly,2026-08-17T18:48:05Z,2026-08-17T18:48:05Z,
198.244.168.44,ipv4,botnet,high,WHITE,blocklist.de/bots|blocklist.de/all|ziyadnz/hourly-ipv4,blocklist.de|bot|irc-bot|brute-force|ziyadnz|hourly,2026-08-17T18:48:05Z,2026-08-17T18:48:05Z,
198.244.168.45,ipv4,botnet,high,WHITE,blocklist.de/bots|blocklist.de/all|ziyadnz/hourly-ipv4,blocklist.de|bot|irc-bot|brute-force|ziyadnz|hourly,2026-08-17T18:48:05Z,2026-08-17T18:48:05Z,
198.244.168.47,ipv4,botnet,high,WHITE,blocklist.de/bots|blocklist.de/all|ziyadnz/hourly-ipv4,blocklist.de|bot|irc-bot|brute-force|ziyadnz|hourly,2026-08-17T18:48:05Z,2026-08-17T18:48:05Z,
198.244.168.48,ipv4,botnet,high,WHITE,blocklist.de/bots|blocklist.de/all|ziyadnz/hourly-ipv4,blocklist.de|bot|irc-bot|brute-force|ziyadnz|hourly,2026-08-17T18:48:05Z,2026-08-17T18:48:05Z,
198.244.168.52,ipv4,botnet,high,WHITE,blocklist.de/bots|blocklist.de/all|ziyadnz/hourly-ipv4,blocklist.de|bot|irc-bot|brute-force|ziyadnz|hourly,2026-08-17T18:48:05Z,2026-08-17T18:48:05Z,
198.244.168.54,ipv4,botnet,high,WHITE,blocklist.de/bots|blocklist.de/all|ziyadnz/hourly-ipv4,blocklist.de|bot|irc-bot|brute-force|ziyadnz|hourly,2026-08-17T18:48:05Z,2026-08-17T18:48:05Z,
198.244.168.56,ipv4,botnet,high,WHITE,blocklist.de/bots|blocklist.de/all|ziyadnz/hourly-ipv4,blocklist.de|bot|irc-bot|brute-force|ziyadnz|hourly,2026-08-17T18:48:05Z,2026-08-17T18:48:05Z,
198.244.168.57,ipv4,botnet,high,WHITE,blocklist.de/bots|blocklist.de/all|ziyadnz/hourly-ipv4,blocklist.de|bot|irc-bot|brute-force|ziyadnz|hourly,2026-08-17T18:48:05Z,2026-08-17T18:48:05Z,
198.244.168.6,ipv4,botnet,high,WHITE,blocklist.de/bots|blocklist.de/all|ziyadnz/hourly-ipv4,blocklist.de|bot|irc-bot|brute-force|ziyadnz|hourly,2026-08-17T18:48:05Z,2026-08-17T18:48:05Z,
198.244.168.64,ipv4,botnet,high,WHITE,blocklist.de/bots|blocklist.de/all|ziyadnz/hourly-ipv4,blocklist.de|bot|irc-bot|brute-force|ziyadnz|hourly,2026-08-17T18:48:05Z,2026-08-17T18:48:05Z,
198.244.168.68,ipv4,botnet,high,WHITE,blocklist.de/bots|blocklist.de/all|ziyadnz/hourly-ipv4,blocklist.de|bot|irc-bot|brute-force|ziyadnz|hourly,2026-08-17T18:48:05Z,2026-08-17T18:48:05Z,
198.244.168.7,ipv4,botnet,high,WHITE,blocklist.de/bots|blocklist.de/all|ziyadnz/hourly-ipv4,blocklist.de|bot|irc-bot|brute-force|ziyadnz|hourly,2026-08-17T18:48:05Z,2026-08-17T18:48:05Z,
198.244.168.72,ipv4,botnet,high,WHITE,blocklist.de/bots|blocklist.de/all|ziyadnz/hourly-ipv4,blocklist.de|bot|irc-bot|brute-force|ziyadnz|hourly,2026-08-17T18:48:05Z,2026-08-17T18:48:05Z,
198.244.168.73,ipv4,botnet,high,WHITE,blocklist.de/bots|blocklist.de/all|ziyadnz/hourly-ipv4,blocklist.de|bot|irc-bot|brute-force|ziyadnz|hourly,2026-08-17T18:48:05Z,2026-08-17T18:48:05Z,
198.244.168.76,ipv4,botnet,high,WHITE,blocklist.de/bots|blocklist.de/all|ziyadnz/hourly-ipv4,blocklist.de|bot|irc-bot|brute-force|ziyadnz|hourly,2026-08-17T18:48:05Z,2026-08-17T18:48:05Z,
198.244.168.78,ipv4,botnet,high,WHITE,blocklist.de/bots|blocklist.de/all|ziyadnz/hourly-ipv4,blocklist.de|bot|irc-bot|brute-force|ziyadnz|hourly,2026-08-17T18:48:05Z,2026-08-17T18:48:05Z,
198.244.168.8,ipv4,botnet,high,WHITE,blocklist.de/bots|blocklist.de/all|ziyadnz/hourly-ipv4,blocklist.de|bot|irc-bot|brute-force|ziyadnz|hourly,2026-08-17T18:48:05Z,2026-08-17T18:48:05Z,
198.244.168.84,ipv4,botnet,high,WHITE,blocklist.de/bots|blocklist.de/all|ziyadnz/hourly-ipv4,blocklist.de|bot|irc-bot|brute-force|ziyadnz|hourly,2026-08-17T18:48:05Z,2026-08-17T18:48:05Z,
198.244.168.86,ipv4,botnet,high,WHITE,blocklist.de/bots|blocklist.de/all|ziyadnz/hourly-ipv4,blocklist.de|bot|irc-bot|brute-force|ziyadnz|hourly,2026-08-17T18:48:05Z,2026-08-17T18:48:05Z,
198.244.168.87,ipv4,botnet,high,WHITE,blocklist.de/bots|blocklist.de/all|ziyadnz/hourly-ipv4,blocklist.de|bot|irc-bot|brute-force|ziyadnz|hourly,2026-08-17T18:48:05Z,2026-08-17T18:48:05Z,
198.244.168.88,ipv4,botnet,high,WHITE,blocklist.de/bots|blocklist.de/all|ziyadnz/hourly-ipv4,blocklist.de|bot|irc-bot|brute-force|ziyadnz|hourly,2026-08-17T18:48:05Z,2026-08-17T18:48:05Z,
198.244.168.89,ipv4,botnet,high,WHITE,blocklist.de/bots|blocklist.de/all|ziyadnz/hourly-ipv4,blocklist.de|bot|irc-bot|brute-force|ziyadnz|hourly,2026-08-17T18:48:05Z,2026-08-17T18:48:05Z,
198.244.168.9,ipv4,botnet,high,WHITE,blocklist.de/bots|blocklist.de/all|ziyadnz/hourly-ipv4,blocklist.de|bot|irc-bot|brute-force|ziyadnz|hourly,2026-08-17T18:48:05Z,2026-08-17T18:48:05Z,
198.244.168.93,ipv4,botnet,high,WHITE,blocklist.de/bots|blocklist.de/all|ziyadnz/hourly-ipv4,blocklist.de|bot|irc-bot|brute-force|ziyadnz|hourly,2026-08-17T18:48:05Z,2026-08-17T18:48:05Z,
198.244.168.94,ipv4,botnet,high,WHITE,blocklist.de/bots|blocklist.de/all|ziyadnz/hourly-ipv4,blocklist.de|bot|irc-bot|brute-force|ziyadnz|hourly,2026-08-17T18:48:05Z,2026-08-17T18:48:05Z,
198.244.183.0,ipv4,botnet,high,WHITE,blocklist.de/bots|blocklist.de/all|ziyadnz/hourly-ipv4,blocklist.de|bot|irc-bot|brute-force|ziyadnz|hourly,2026-08-17T18:48:05Z,2026-08-17T18:48:05Z,
198.244.183.1,ipv4,botnet,high,WHITE,blocklist.de/bots|blocklist.de/all|ziyadnz/hourly-ipv4,blocklist.de|bot|irc-bot|brute-force|ziyadnz|hourly,2026-08-17T18:48:05Z,2026-08-17T18:48:05Z,
198.244.183.100,ipv4,botnet,high,WHITE,blocklist.de/bots|blocklist.de/all|ziyadnz/hourly-ipv4,blocklist.de|bot|irc-bot|brute-force|ziyadnz|hourly,2026-08-17T18:48:05Z,2026-08-17T18:48:05Z,
198.244.183.101,ipv4,botnet,high,WHITE,blocklist.de/bots|blocklist.de/all|ziyadnz/hourly-ipv4,blocklist.de|bot|irc-bot|brute-force|ziyadnz|hourly,2026-08-17T18:48:05Z,2026-08-17T18:48:05Z,
198.244.183.103,ipv4,botnet,high,WHITE,blocklist.de/bots|blocklist.de/all|ziyadnz/hourly-ipv4,blocklist.de|bot|irc-bot|brute-force|ziyadnz|hourly,2026-08-17T18:48:05Z,2026-08-17T18:48:05Z,
198.244.183.104,ipv4,botnet,high,WHITE,blocklist.de/bots|blocklist.de/all|ziyadnz/hourly-ipv4,blocklist.de|bot|irc-bot|brute-force|ziyadnz|hourly,2026-08-17T18:48:05Z,2026-08-17T18:48:05Z,
198.244.183.107,ipv4,botnet,high,WHITE,blocklist.de/bots|blocklist.de/all|ziyadnz/hourly-ipv4,blocklist.de|bot|irc-bot|brute-force|ziyadnz|hourly,2026-08-17T18:48:05Z,2026-08-17T18:48:05Z,
198.244.183.11,ipv4,botnet,high,WHITE,blocklist.de/bots|blocklist.de/all|ziyadnz/hourly-ipv4,blocklist.de|bot|irc-bot|brute-force|ziyadnz|hourly,2026-08-17T18:48:05Z,2026-08-17T18:48:05Z,
198.244.183.112,ipv4,botnet,high,WHITE,blocklist.de/bots|blocklist.de/all|ziyadnz/hourly-ipv4,blocklist.de|bot|irc-bot|brute-force|ziyadnz|hourly,2026-08-17T18:48:05Z,2026-08-17T18:48:05Z,
198.244.183.113,ipv4,botnet,high,WHITE,blocklist.de/bots|blocklist.de/all|ziyadnz/hourly-ipv4,blocklist.de|bot|irc-bot|brute-force|ziyadnz|hourly,2026-08-17T18:48:05Z,2026-08-17T18:48:05Z,
198.244.183.115,ipv4,botnet,high,WHITE,blocklist.de/bots|blocklist.de/all|ziyadnz/hourly-ipv4,blocklist.de|bot|irc-bot|brute-force|ziyadnz|hourly,2026-08-17T18:48:05Z,2026-08-17T18:48:05Z,
198.244.183.118,ipv4,botnet,high,WHITE,blocklist.de/bots|blocklist.de/all|ziyadnz/hourly-ipv4,blocklist.de|bot|irc-bot|brute-force|ziyadnz|hourly,2026-08-17T18:48:05Z,2026-08-17T18:48:05Z,
198.244.183.119,ipv4,botnet,high,WHITE,blocklist.de/bots|blocklist.de/all|ziyadnz/hourly-ipv4,blocklist.de|bot|irc-bot|brute-force|ziyadnz|hourly,2026-08-17T18:48:05Z,2026-08-17T18:48:05Z,
198.244.183.120,ipv4,botnet,high,WHITE,blocklist.de/bots|blocklist.de/all|ziyadnz/hourly-ipv4,blocklist.de|bot|irc-bot|brute-force|ziyadnz|hourly,2026-08-17T18:48:05Z,2026-08-17T18:48:05Z,
198.244.183.122,ipv4,botnet,high,WHITE,blocklist.de/bots|blocklist.de/all|ziyadnz/hourly-ipv4,blocklist.de|bot|irc-bot|brute-force|ziyadnz|hourly,2026-08-17T18:48:05Z,2026-08-17T18:48:05Z,
198.244.183.125,ipv4,botnet,high,WHITE,blocklist.de/bots|blocklist.de/all|ziyadnz/hourly-ipv4,blocklist.de|bot|irc-bot|brute-force|ziyadnz|hourly,2026-08-17T18:48:05Z,2026-08-17T18:48:05Z,
198.244.183.126,ipv4,botnet,high,WHITE,blocklist.de/bots|blocklist.de/all|ziyadnz/hourly-ipv4,blocklist.de|bot|irc-bot|brute-force|ziyadnz|hourly,2026-08-17T18:48:05Z,2026-08-17T18:48:05Z,
198.244.183.127,ipv4,botnet,high,WHITE,blocklist.de/bots|blocklist.de/all|ziyadnz/hourly-ipv4,blocklist.de|bot|irc-bot|brute-force|ziyadnz|hourly,2026-08-17T18:48:05Z,2026-08-17T18:48:05Z,
198.244.183.132,ipv4,botnet,high,WHITE,blocklist.de/bots|blocklist.de/all|ziyadnz/hourly-ipv4,blocklist.de|bot|irc-bot|brute-force|ziyadnz|hourly,2026-08-17T18:48:05Z,2026-08-17T18:48:05Z,
198.244.183.133,ipv4,botnet,high,WHITE,blocklist.de/bots|blocklist.de/all|ziyadnz/hourly-ipv4,blocklist.de|bot|irc-bot|brute-force|ziyadnz|hourly,2026-08-17T18:48:05Z,2026-08-17T18:48:05Z,
198.244.183.138,ipv4,botnet,medium,WHITE,blocklist.de/bots|blocklist.de/all,blocklist.de|bot|irc-bot|brute-force|ziyadnz|hourly,2026-08-17T18:48:05Z,2026-08-17T18:48:05Z,
198.244.183.142,ipv4,botnet,high,WHITE,blocklist.de/bots|blocklist.de/all|ziyadnz/hourly-ipv4,blocklist.de|bot|irc-bot|brute-force|ziyadnz|hourly,2026-08-17T18:48:05Z,2026-08-17T18:48:05Z,
198.244.183.143,ipv4,botnet,high,WHITE,blocklist.de/bots|blocklist.de/all|ziyadnz/hourly-ipv4,blocklist.de|bot|irc-bot|brute-force|ziyadnz|hourly,2026-08-17T18:48:05Z,2026-08-17T18:48:05Z,
198.244.183.146,ipv4,botnet,high,WHITE,blocklist.de/bots|blocklist.de/all|ziyadnz/hourly-ipv4,blocklist.de|bot|irc-bot|brute-force|ziyadnz|hourly,2026-08-17T18:48:05Z,2026-08-17T18:48:05Z,
198.244.183.148,ipv4,botnet,high,WHITE,blocklist.de/bots|blocklist.de/all|ziyadnz/hourly-ipv4,blocklist.de|bot|irc-bot|brute-force|ziyadnz|hourly,2026-08-17T18:48:05Z,2026-08-17T18:48:05Z,
198.244.183.149,ipv4,botnet,high,WHITE,blocklist.de/bots|blocklist.de/all|ziyadnz/hourly-ipv4,blocklist.de|bot|irc-bot|brute-force|ziyadnz|hourly,2026-08-17T18:48:05Z,2026-08-17T18:48:05Z,
198.244.183.15,ipv4,botnet,high,WHITE,blocklist.de/bots|blocklist.de/all|ziyadnz/hourly-ipv4,blocklist.de|bot|irc-bot|brute-force|ziyadnz|hourly,2026-08-17T18:48:05Z,2026-08-17T18:48:05Z,
198.244.183.150,ipv4,botnet,high,WHITE,blocklist.de/bots|blocklist.de/all|ziyadnz/hourly-ipv4,blocklist.de|bot|irc-bot|brute-force|ziyadnz|hourly,2026-08-17T18:48:05Z,2026-08-17T18:48:05Z,
198.244.183.151,ipv4,botnet,high,WHITE,blocklist.de/bots|blocklist.de/all|ziyadnz/hourly-ipv4,blocklist.de|bot|irc-bot|brute-force|ziyadnz|hourly,2026-08-17T18:48:05Z,2026-08-17T18:48:05Z,
198.244.183.152,ipv4,botnet,high,WHITE,blocklist.de/bots|blocklist.de/all|ziyadnz/hourly-ipv4,blocklist.de|bot|irc-bot|brute-force|ziyadnz|hourly,2026-08-17T18:48:05Z,2026-08-17T18:48:05Z,
198.244.183.153,ipv4,botnet,high,WHITE,blocklist.de/bots|blocklist.de/all|ziyadnz/hourly-ipv4,blocklist.de|bot|irc-bot|brute-force|ziyadnz|hourly,2026-08-17T18:48:05Z,2026-08-17T18:48:05Z,
198.244.183.154,ipv4,botnet,high,WHITE,blocklist.de/bots|blocklist.de/all|ziyadnz/hourly-ipv4,blocklist.de|bot|irc-bot|brute-force|ziyadnz|hourly,2026-08-17T18:48:05Z,2026-08-17T18:48:05Z,
198.244.183.155,ipv4,botnet,high,WHITE,blocklist.de/bots|blocklist.de/all|ziyadnz/hourly-ipv4,blocklist.de|bot|irc-bot|brute-force|ziyadnz|hourly,2026-08-17T18:48:05Z,2026-08-17T18:48:05Z,
198.244.183.160,ipv4,botnet,high,WHITE,blocklist.de/bots|blocklist.de/all|ziyadnz/hourly-ipv4,blocklist.de|bot|irc-bot|brute-force|ziyadnz|hourly,2026-08-17T18:48:05Z,2026-08-17T18:48:05Z,
198.244.183.161,ipv4,botnet,high,WHITE,blocklist.de/bots|blocklist.de/all|ziyadnz/hourly-ipv4,blocklist.de|bot|irc-bot|brute-force|ziyadnz|hourly,2026-08-17T18:48:05Z,2026-08-17T18:48:05Z,
198.244.183.165,ipv4,botnet,high,WHITE,blocklist.de/bots|blocklist.de/all|ziyadnz/hourly-ipv4,blocklist.de|bot|irc-bot|brute-force|ziyadnz|hourly,2026-08-17T18:48:05Z,2026-08-17T18:48:05Z,
198.244.183.173,ipv4,botnet,high,WHITE,blocklist.de/bots|blocklist.de/all|ziyadnz/hourly-ipv4,blocklist.de|bot|irc-bot|brute-force|ziyadnz|hourly,2026-08-17T18:48:05Z,2026-08-17T18:48:05Z,
198.244.183.175,ipv4,botnet,high,WHITE,blocklist.de/bots|blocklist.de/all|ziyadnz/hourly-ipv4,blocklist.de|bot|irc-bot|brute-force|ziyadnz|hourly,2026-08-17T18:48:05Z,2026-08-17T18:48:05Z,
198.244.183.178,ipv4,botnet,high,WHITE,blocklist.de/bots|blocklist.de/all|ziyadnz/hourly-ipv4,blocklist.de|bot|irc-bot|brute-force|ziyadnz|hourly,2026-08-17T18:48:05Z,2026-08-17T18:48:05Z,
198.244.183.180,ipv4,botnet,high,WHITE,blocklist.de/bots|blocklist.de/all|ziyadnz/hourly-ipv4,blocklist.de|bot|irc-bot|brute-force|ziyadnz|hourly,2026-08-17T18:48:05Z,2026-08-17T18:48:05Z,
198.244.183.182,ipv4,botnet,high,WHITE,blocklist.de/bots|blocklist.de/all|ziyadnz/hourly-ipv4,blocklist.de|bot|irc-bot|brute-force|ziyadnz|hourly,2026-08-17T18:48:05Z,2026-08-17T18:48:05Z,
198.244.183.189,ipv4,botnet,high,WHITE,blocklist.de/bots|blocklist.de/all|ziyadnz/hourly-ipv4,blocklist.de|bot|irc-bot|brute-force|ziyadnz|hourly,2026-08-17T18:48:05Z,2026-08-17T18:48:05Z,
198.244.183.19,ipv4,botnet,high,WHITE,blocklist.de/bots|blocklist.de/all|ziyadnz/hourly-ipv4,blocklist.de|bot|irc-bot|brute-force|ziyadnz|hourly,2026-08-17T18:48:05Z,2026-08-17T18:48:05Z,
198.244.183.191,ipv4,botnet,high,WHITE,blocklist.de/bots|blocklist.de/all|ziyadnz/hourly-ipv4,blocklist.de|bot|irc-bot|brute-force|ziyadnz|hourly,2026-08-17T18:48:05Z,2026-08-17T18:48:05Z,
198.244.183.192,ipv4,botnet,high,WHITE,blocklist.de/bots|blocklist.de/all|ziyadnz/hourly-ipv4,blocklist.de|bot|irc-bot|brute-force|ziyadnz|hourly,2026-08-17T18:48:05Z,2026-08-17T18:48:05Z,
198.244.183.193,ipv4,botnet,high,WHITE,blocklist.de/bots|blocklist.de/all|ziyadnz/hourly-ipv4,blocklist.de|bot|irc-bot|brute-force|ziyadnz|hourly,2026-08-17T18:48:05Z,2026-08-17T18:48:05Z,
198.244.183.197,ipv4,botnet,high,WHITE,blocklist.de/bots|blocklist.de/all|ziyadnz/hourly-ipv4,blocklist.de|bot|irc-bot|brute-force|ziyadnz|hourly,2026-08-17T18:48:05Z,2026-08-17T18:48:05Z,
198.244.183.198,ipv4,botnet,high,WHITE,blocklist.de/bots|blocklist.de/all|ziyadnz/hourly-ipv4,blocklist.de|bot|irc-bot|brute-force|ziyadnz|hourly,2026-08-17T18:48:05Z,2026-08-17T18:48:05Z,
198.244.183.199,ipv4,botnet,high,WHITE,blocklist.de/bots|blocklist.de/all|ziyadnz/hourly-ipv4,blocklist.de|bot|irc-bot|brute-force|ziyadnz|hourly,2026-08-17T18:48:05Z,2026-08-17T18:48:05Z,
198.244.183.2,ipv4,botnet,high,WHITE,blocklist.de/bots|blocklist.de/all|ziyadnz/hourly-ipv4,blocklist.de|bot|irc-bot|brute-force|ziyadnz|hourly,2026-08-17T18:48:05Z,2026-08-17T18:48:05Z,
198.244.183.200,ipv4,botnet,high,WHITE,blocklist.de/bots|blocklist.de/all|ziyadnz/hourly-ipv4,blocklist.de|bot|irc-bot|brute-force|ziyadnz|hourly,2026-08-17T18:48:05Z,2026-08-17T18:48:05Z,
198.244.183.205,ipv4,botnet,high,WHITE,blocklist.de/bots|blocklist.de/all|ziyadnz/hourly-ipv4,blocklist.de|bot|irc-bot|brute-force|ziyadnz|hourly,2026-08-17T18:48:05Z,2026-08-17T18:48:05Z,
198.244.183.206,ipv4,botnet,high,WHITE,blocklist.de/bots|blocklist.de/all|ziyadnz/hourly-ipv4,blocklist.de|bot|irc-bot|brute-force|ziyadnz|hourly,2026-08-17T18:48:05Z,2026-08-17T18:48:05Z,
198.244.183.207,ipv4,botnet,high,WHITE,blocklist.de/bots|blocklist.de/all|ziyadnz/hourly-ipv4,blocklist.de|bot|irc-bot|brute-force|ziyadnz|hourly,2026-08-17T18:48:05Z,2026-08-17T18:48:05Z,
198.244.183.209,ipv4,botnet,high,WHITE,blocklist.de/bots|blocklist.de/all|ziyadnz/hourly-ipv4,blocklist.de|bot|irc-bot|brute-force|ziyadnz|hourly,2026-08-17T18:48:05Z,2026-08-17T18:48:05Z,
198.244.183.21,ipv4,botnet,high,WHITE,blocklist.de/bots|blocklist.de/all|ziyadnz/hourly-ipv4,blocklist.de|bot|irc-bot|brute-force|ziyadnz|hourly,2026-08-17T18:48:05Z,2026-08-17T18:48:05Z,
198.244.183.211,ipv4,botnet,high,WHITE,blocklist.de/bots|blocklist.de/all|ziyadnz/hourly-ipv4,blocklist.de|bot|irc-bot|brute-force|ziyadnz|hourly,2026-08-17T18:48:05Z,2026-08-17T18:48:05Z,
198.244.183.213,ipv4,botnet,high,WHITE,blocklist.de/bots|blocklist.de/all|ziyadnz/hourly-ipv4,blocklist.de|bot|irc-bot|brute-force|ziyadnz|hourly,2026-08-17T18:48:05Z,2026-08-17T18:48:05Z,
198.244.183.215,ipv4,botnet,high,WHITE,blocklist.de/bots|blocklist.de/all|ziyadnz/hourly-ipv4,blocklist.de|bot|irc-bot|brute-force|ziyadnz|hourly,2026-08-17T18:48:05Z,2026-08-17T18:48:05Z,
198.244.183.22,ipv4,botnet,high,WHITE,blocklist.de/bots|blocklist.de/all|ziyadnz/hourly-ipv4,blocklist.de|bot|irc-bot|brute-force|ziyadnz|hourly,2026-08-17T18:48:05Z,2026-08-17T18:48:05Z,
198.244.183.220,ipv4,botnet,high,WHITE,blocklist.de/bots|blocklist.de/all|ziyadnz/hourly-ipv4,blocklist.de|bot|irc-bot|brute-force|ziyadnz|hourly,2026-08-17T18:48:05Z,2026-08-17T18:48:05Z,
198.244.183.221,ipv4,botnet,high,WHITE,blocklist.de/bots|blocklist.de/all|ziyadnz/hourly-ipv4,blocklist.de|bot|irc-bot|brute-force|ziyadnz|hourly,2026-08-17T18:48:05Z,2026-08-17T18:48:05Z,
198.244.183.227,ipv4,botnet,high,WHITE,blocklist.de/bots|blocklist.de/all|ziyadnz/hourly-ipv4,blocklist.de|bot|irc-bot|brute-force|ziyadnz|hourly,2026-08-17T18:48:05Z,2026-08-17T18:48:05Z,
198.244.183.229,ipv4,botnet,high,WHITE,blocklist.de/bots|blocklist.de/all|ziyadnz/hourly-ipv4,blocklist.de|bot|irc-bot|brute-force|ziyadnz|hourly,2026-08-17T18:48:05Z,2026-08-17T18:48:05Z,
198.244.183.23,ipv4,botnet,high,WHITE,blocklist.de/bots|blocklist.de/all|ziyadnz/hourly-ipv4,blocklist.de|bot|irc-bot|brute-force|ziyadnz|hourly,2026-08-17T18:48:05Z,2026-08-17T18:48:05Z,
198.244.183.231,ipv4,botnet,high,WHITE,blocklist.de/bots|blocklist.de/all|ziyadnz/hourly-ipv4,blocklist.de|bot|irc-bot|brute-force|ziyadnz|hourly,2026-08-17T18:48:05Z,2026-08-17T18:48:05Z,
198.244.183.234,ipv4,botnet,high,WHITE,blocklist.de/bots|blocklist.de/all|ziyadnz/hourly-ipv4,blocklist.de|bot|irc-bot|brute-force|ziyadnz|hourly,2026-08-17T18:48:05Z,2026-08-17T18:48:05Z,
198.244.183.236,ipv4,botnet,high,WHITE,blocklist.de/bots|blocklist.de/all|ziyadnz/hourly-ipv4,blocklist.de|bot|irc-bot|brute-force|ziyadnz|hourly,2026-08-17T18:48:05Z,2026-08-17T18:48:05Z,
198.244.183.244,ipv4,botnet,high,WHITE,blocklist.de/bots|blocklist.de/all|ziyadnz/hourly-ipv4,blocklist.de|bot|irc-bot|brute-force|ziyadnz|hourly,2026-08-17T18:48:05Z,2026-08-17T18:48:05Z,
198.244.183.248,ipv4,botnet,high,WHITE,blocklist.de/bots|blocklist.de/all|ziyadnz/hourly-ipv4,blocklist.de|bot|irc-bot|brute-force|ziyadnz|hourly,2026-08-17T18:48:05Z,2026-08-17T18:48:05Z,
198.244.183.25,ipv4,botnet,medium,WHITE,blocklist.de/bots|blocklist.de/all,blocklist.de|bot|irc-bot|brute-force|ziyadnz|hourly,2026-08-17T18:48:05Z,2026-08-17T18:48:05Z,
198.244.183.250,ipv4,botnet,high,WHITE,blocklist.de/bots|blocklist.de/all|ziyadnz/hourly-ipv4,blocklist.de|bot|irc-bot|brute-force|ziyadnz|hourly,2026-08-17T18:48:05Z,2026-08-17T18:48:05Z,
198.244.183.252,ipv4,botnet,high,WHITE,blocklist.de/bots|blocklist.de/all|ziyadnz/hourly-ipv4,blocklist.de|bot|irc-bot|brute-force|ziyadnz|hourly,2026-08-17T18:48:05Z,2026-08-17T18:48:05Z,
198.244.183.253,ipv4,botnet,high,WHITE,blocklist.de/bots|blocklist.de/all|ziyadnz/hourly-ipv4,blocklist.de|bot|irc-bot|brute-force|ziyadnz|hourly,2026-08-17T18:48:05Z,2026-08-17T18:48:05Z,
198.244.183.254,ipv4,botnet,high,WHITE,blocklist.de/bots|blocklist.de/all|ziyadnz/hourly-ipv4,blocklist.de|bot|irc-bot|brute-force|ziyadnz|hourly,2026-08-17T18:48:05Z,2026-08-17T18:48:05Z,
198.244.183.255,ipv4,botnet,high,WHITE,blocklist.de/bots|blocklist.de/all|ziyadnz/hourly-ipv4,blocklist.de|bot|irc-bot|brute-force|ziyadnz|hourly,2026-08-17T18:48:05Z,2026-08-17T18:48:05Z,
198.244.183.27,ipv4,botnet,high,WHITE,blocklist.de/bots|blocklist.de/all|ziyadnz/hourly-ipv4,blocklist.de|bot|irc-bot|brute-force|ziyadnz|hourly,2026-08-17T18:48:05Z,2026-08-17T18:48:05Z,
198.244.183.29,ipv4,botnet,high,WHITE,blocklist.de/bots|blocklist.de/all|ziyadnz/hourly-ipv4,blocklist.de|bot|irc-bot|brute-force|ziyadnz|hourly,2026-08-17T18:48:05Z,2026-08-17T18:48:05Z,
198.244.183.3,ipv4,botnet,high,WHITE,blocklist.de/bots|blocklist.de/all|ziyadnz/hourly-ipv4,blocklist.de|bot|irc-bot|brute-force|ziyadnz|hourly,2026-08-17T18:48:05Z,2026-08-17T18:48:05Z,
198.244.183.30,ipv4,botnet,high,WHITE,blocklist.de/bots|blocklist.de/all|ziyadnz/hourly-ipv4,blocklist.de|bot|irc-bot|brute-force|ziyadnz|hourly,2026-08-17T18:48:05Z,2026-08-17T18:48:05Z,
198.244.183.31,ipv4,botnet,high,WHITE,blocklist.de/bots|blocklist.de/all|ziyadnz/hourly-ipv4,blocklist.de|bot|irc-bot|brute-force|ziyadnz|hourly,2026-08-17T18:48:05Z,2026-08-17T18:48:05Z,
198.244.183.34,ipv4,botnet,high,WHITE,blocklist.de/bots|blocklist.de/all|ziyadnz/hourly-ipv4,blocklist.de|bot|irc-bot|brute-force|ziyadnz|hourly,2026-08-17T18:48:05Z,2026-08-17T18:48:05Z,
198.244.183.35,ipv4,botnet,high,WHITE,blocklist.de/bots|blocklist.de/all|ziyadnz/hourly-ipv4,blocklist.de|bot|irc-bot|brute-force|ziyadnz|hourly,2026-08-17T18:48:05Z,2026-08-17T18:48:05Z,
198.244.183.36,ipv4,botnet,high,WHITE,blocklist.de/bots|blocklist.de/all|ziyadnz/hourly-ipv4,blocklist.de|bot|irc-bot|brute-force|ziyadnz|hourly,2026-08-17T18:48:05Z,2026-08-17T18:48:05Z,
198.244.183.37,ipv4,botnet,high,WHITE,blocklist.de/bots|blocklist.de/all|ziyadnz/hourly-ipv4,blocklist.de|bot|irc-bot|brute-force|ziyadnz|hourly,2026-08-17T18:48:05Z,2026-08-17T18:48:05Z,
198.244.183.43,ipv4,botnet,high,WHITE,blocklist.de/bots|blocklist.de/all|ziyadnz/hourly-ipv4,blocklist.de|bot|irc-bot|brute-force|ziyadnz|hourly,2026-08-17T18:48:05Z,2026-08-17T18:48:05Z,
198.244.183.46,ipv4,botnet,high,WHITE,blocklist.de/bots|blocklist.de/all|ziyadnz/hourly-ipv4,blocklist.de|bot|irc-bot|brute-force|ziyadnz|hourly,2026-08-17T18:48:05Z,2026-08-17T18:48:05Z,
198.244.183.53,ipv4,botnet,high,WHITE,blocklist.de/bots|blocklist.de/all|ziyadnz/hourly-ipv4,blocklist.de|bot|irc-bot|brute-force|ziyadnz|hourly,2026-08-17T18:48:05Z,2026-08-17T18:48:05Z,
198.244.183.6,ipv4,botnet,high,WHITE,blocklist.de/bots|blocklist.de/all|ziyadnz/hourly-ipv4,blocklist.de|bot|irc-bot|brute-force|ziyadnz|hourly,2026-08-17T18:48:05Z,2026-08-17T18:48:05Z,
198.244.183.62,ipv4,botnet,high,WHITE,blocklist.de/bots|blocklist.de/all|ziyadnz/hourly-ipv4,blocklist.de|bot|irc-bot|brute-force|ziyadnz|hourly,2026-08-17T18:48:05Z,2026-08-17T18:48:05Z,
198.244.183.64,ipv4,botnet,high,WHITE,blocklist.de/bots|blocklist.de/all|ziyadnz/hourly-ipv4,blocklist.de|bot|irc-bot|brute-force|ziyadnz|hourly,2026-08-17T18:48:05Z,2026-08-17T18:48:05Z,
198.244.183.66,ipv4,botnet,high,WHITE,blocklist.de/bots|blocklist.de/all|ziyadnz/hourly-ipv4,blocklist.de|bot|irc-bot|brute-force|ziyadnz|hourly,2026-08-17T18:48:05Z,2026-08-17T18:48:05Z,
198.244.183.69,ipv4,botnet,medium,WHITE,blocklist.de/bots|blocklist.de/all,blocklist.de|bot|irc-bot|brute-force|ziyadnz|hourly,2026-08-17T18:48:05Z,2026-08-17T18:48:05Z,
198.244.183.71,ipv4,botnet,high,WHITE,blocklist.de/bots|blocklist.de/all|ziyadnz/hourly-ipv4,blocklist.de|bot|irc-bot|brute-force|ziyadnz|hourly,2026-08-17T18:48:05Z,2026-08-17T18:48:05Z,
198.244.183.74,ipv4,botnet,high,WHITE,blocklist.de/bots|blocklist.de/all|ziyadnz/hourly-ipv4,blocklist.de|bot|irc-bot|brute-force|ziyadnz|hourly,2026-08-17T18:48:05Z,2026-08-17T18:48:05Z,
198.244.183.77,ipv4,botnet,high,WHITE,blocklist.de/bots|blocklist.de/all|ziyadnz/hourly-ipv4,blocklist.de|bot|irc-bot|brute-force|ziyadnz|hourly,2026-08-17T18:48:05Z,2026-08-17T18:48:05Z,
198.244.183.8,ipv4,botnet,high,WHITE,blocklist.de/bots|blocklist.de/all|ziyadnz/hourly-ipv4,blocklist.de|bot|irc-bot|brute-force|ziyadnz|hourly,2026-08-17T18:48:05Z,2026-08-17T18:48:05Z,
198.244.183.83,ipv4,botnet,high,WHITE,blocklist.de/bots|blocklist.de/all|ziyadnz/hourly-ipv4,blocklist.de|bot|irc-bot|brute-force|ziyadnz|hourly,2026-08-17T18:48:05Z,2026-08-17T18:48:05Z,
198.244.183.84,ipv4,botnet,high,WHITE,blocklist.de/bots|blocklist.de/all|ziyadnz/hourly-ipv4,blocklist.de|bot|irc-bot|brute-force|ziyadnz|hourly,2026-08-17T18:48:05Z,2026-08-17T18:48:05Z,
198.244.183.9,ipv4,botnet,medium,WHITE,blocklist.de/bots|blocklist.de/all,blocklist.de|bot|irc-bot|brute-force|ziyadnz|hourly,2026-08-17T18:48:05Z,2026-08-17T18:48:05Z,
198.244.183.90,ipv4,botnet,high,WHITE,blocklist.de/bots|blocklist.de/all|ziyadnz/hourly-ipv4,blocklist.de|bot|irc-bot|brute-force|ziyadnz|hourly,2026-08-17T18:48:05Z,2026-08-17T18:48:05Z,
198.244.183.92,ipv4,botnet,high,WHITE,blocklist.de/bots|blocklist.de/all|ziyadnz/hourly-ipv4,blocklist.de|bot|irc-bot|brute-force|ziyadnz|hourly,2026-08-17T18:48:05Z,2026-08-17T18:48:05Z,
198.244.183.93,ipv4,botnet,high,WHITE,blocklist.de/bots|blocklist.de/all|ziyadnz/hourly-ipv4,blocklist.de|bot|irc-bot|brute-force|ziyadnz|hourly,2026-08-17T18:48:05Z,2026-08-17T18:48:05Z,
198.244.183.94,ipv4,botnet,high,WHITE,blocklist.de/bots|blocklist.de/all|ziyadnz/hourly-ipv4,blocklist.de|bot|irc-bot|brute-force|ziyadnz|hourly,2026-08-17T18:48:05Z,2026-08-17T18:48:05Z,
198.244.183.97,ipv4,botnet,high,WHITE,blocklist.de/bots|blocklist.de/all|ziyadnz/hourly-ipv4,blocklist.de|bot|irc-bot|brute-force|ziyadnz|hourly,2026-08-17T18:48:05Z,2026-08-17T18:48:05Z,
198.244.183.99,ipv4,botnet,high,WHITE,blocklist.de/bots|blocklist.de/all|ziyadnz/hourly-ipv4,blocklist.de|bot|irc-bot|brute-force|ziyadnz|hourly,2026-08-17T18:48:05Z,2026-08-17T18:48:05Z,
198.244.226.0,ipv4,botnet,high,WHITE,blocklist.de/bots|blocklist.de/all|ziyadnz/hourly-ipv4,blocklist.de|bot|irc-bot|brute-force|ziyadnz|hourly,2026-08-17T18:48:05Z,2026-08-17T18:48:05Z,
198.244.226.1,ipv4,botnet,high,WHITE,blocklist.de/bots|blocklist.de/all|ziyadnz/hourly-ipv4,blocklist.de|bot|irc-bot|brute-force|ziyadnz|hourly,2026-08-17T18:48:05Z,2026-08-17T18:48:05Z,
198.244.226.101,ipv4,botnet,high,WHITE,blocklist.de/bots|blocklist.de/all|ziyadnz/hourly-ipv4,blocklist.de|bot|irc-bot|brute-force|ziyadnz|hourly,2026-08-17T18:48:05Z,2026-08-17T18:48:05Z,
198.244.226.103,ipv4,botnet,high,WHITE,blocklist.de/bots|blocklist.de/all|ziyadnz/hourly-ipv4,blocklist.de|bot|irc-bot|brute-force|ziyadnz|hourly,2026-08-17T18:48:05Z,2026-08-17T18:48:05Z,
198.244.226.106,ipv4,botnet,high,WHITE,blocklist.de/bots|blocklist.de/all|ziyadnz/hourly-ipv4,blocklist.de|bot|irc-bot|brute-force|ziyadnz|hourly,2026-08-17T18:48:05Z,2026-08-17T18:48:05Z,
198.244.226.107,ipv4,botnet,high,WHITE,blocklist.de/bots|blocklist.de/all|ziyadnz/hourly-ipv4,blocklist.de|bot|irc-bot|brute-force|ziyadnz|hourly,2026-08-17T18:48:05Z,2026-08-17T18:48:05Z,
198.244.226.108,ipv4,botnet,high,WHITE,blocklist.de/bots|blocklist.de/all|ziyadnz/hourly-ipv4,blocklist.de|bot|irc-bot|brute-force|ziyadnz|hourly,2026-08-17T18:48:05Z,2026-08-17T18:48:05Z,
198.244.226.11,ipv4,botnet,high,WHITE,blocklist.de/bots|blocklist.de/all|ziyadnz/hourly-ipv4,blocklist.de|bot|irc-bot|brute-force|ziyadnz|hourly,2026-08-17T18:48:05Z,2026-08-17T18:48:05Z,
198.244.226.112,ipv4,botnet,high,WHITE,blocklist.de/bots|blocklist.de/all|ziyadnz/hourly-ipv4,blocklist.de|bot|irc-bot|brute-force|ziyadnz|hourly,2026-08-17T18:48:05Z,2026-08-17T18:48:05Z,
198.244.226.113,ipv4,botnet,high,WHITE,blocklist.de/bots|blocklist.de/all|ziyadnz/hourly-ipv4,blocklist.de|bot|irc-bot|brute-force|ziyadnz|hourly,2026-08-17T18:48:05Z,2026-08-17T18:48:05Z,
198.244.226.115,ipv4,botnet,high,WHITE,blocklist.de/bots|blocklist.de/all|ziyadnz/hourly-ipv4,blocklist.de|bot|irc-bot|brute-force|ziyadnz|hourly,2026-08-17T18:48:05Z,2026-08-17T18:48:05Z,
198.244.226.117,ipv4,botnet,high,WHITE,blocklist.de/bots|blocklist.de/all|ziyadnz/hourly-ipv4,blocklist.de|bot|irc-bot|brute-force|ziyadnz|hourly,2026-08-17T18:48:05Z,2026-08-17T18:48:05Z,
198.244.226.119,ipv4,botnet,high,WHITE,blocklist.de/bots|blocklist.de/all|ziyadnz/hourly-ipv4,blocklist.de|bot|irc-bot|brute-force|ziyadnz|hourly,2026-08-17T18:48:05Z,2026-08-17T18:48:05Z,
198.244.226.120,ipv4,botnet,high,WHITE,blocklist.de/bots|blocklist.de/all|ziyadnz/hourly-ipv4,blocklist.de|bot|irc-bot|brute-force|ziyadnz|hourly,2026-08-17T18:48:05Z,2026-08-17T18:48:05Z,
198.244.226.122,ipv4,botnet,high,WHITE,blocklist.de/bots|blocklist.de/all|ziyadnz/hourly-ipv4,blocklist.de|bot|irc-bot|brute-force|ziyadnz|hourly,2026-08-17T18:48:05Z,2026-08-17T18:48:05Z,
198.244.226.123,ipv4,botnet,high,WHITE,blocklist.de/bots|blocklist.de/all|ziyadnz/hourly-ipv4,blocklist.de|bot|irc-bot|brute-force|ziyadnz|hourly,2026-08-17T18:48:05Z,2026-08-17T18:48:05Z,
198.244.226.124,ipv4,botnet,high,WHITE,blocklist.de/bots|blocklist.de/all|ziyadnz/hourly-ipv4,blocklist.de|bot|irc-bot|brute-force|ziyadnz|hourly,2026-08-17T18:48:05Z,2026-08-17T18:48:05Z,
198.244.226.125,ipv4,botnet,high,WHITE,blocklist.de/bots|blocklist.de/all|ziyadnz/hourly-ipv4,blocklist.de|bot|irc-bot|brute-force|ziyadnz|hourly,2026-08-17T18:48:05Z,2026-08-17T18:48:05Z,
198.244.226.126,ipv4,botnet,high,WHITE,blocklist.de/bots|blocklist.de/all|ziyadnz/hourly-ipv4,blocklist.de|bot|irc-bot|brute-force|ziyadnz|hourly,2026-08-17T18:48:05Z,2026-08-17T18:48:05Z,
198.244.226.128,ipv4,botnet,high,WHITE,blocklist.de/bots|blocklist.de/all|ziyadnz/hourly-ipv4,blocklist.de|bot|irc-bot|brute-force|ziyadnz|hourly,2026-08-17T18:48:05Z,2026-08-17T18:48:05Z,
198.244.226.129,ipv4,botnet,high,WHITE,blocklist.de/bots|blocklist.de/all|ziyadnz/hourly-ipv4,blocklist.de|bot|irc-bot|brute-force|ziyadnz|hourly,2026-08-17T18:48:05Z,2026-08-17T18:48:05Z,
198.244.226.13,ipv4,botnet,high,WHITE,blocklist.de/bots|blocklist.de/all|ziyadnz/hourly-ipv4,blocklist.de|bot|irc-bot|brute-force|ziyadnz|hourly,2026-08-17T18:48:05Z,2026-08-17T18:48:05Z,
198.244.226.130,ipv4,botnet,high,WHITE,blocklist.de/bots|blocklist.de/all|ziyadnz/hourly-ipv4,blocklist.de|bot|irc-bot|brute-force|ziyadnz|hourly,2026-08-17T18:48:05Z,2026-08-17T18:48:05Z,
198.244.226.132,ipv4,botnet,high,WHITE,blocklist.de/bots|blocklist.de/all|ziyadnz/hourly-ipv4,blocklist.de|bot|irc-bot|brute-force|ziyadnz|hourly,2026-08-17T18:48:05Z,2026-08-17T18:48:05Z,
198.244.226.133,ipv4,botnet,high,WHITE,blocklist.de/bots|blocklist.de/all|ziyadnz/hourly-ipv4,blocklist.de|bot|irc-bot|brute-force|ziyadnz|hourly,2026-08-17T18:48:05Z,2026-08-17T18:48:05Z,
198.244.226.136,ipv4,botnet,medium,WHITE,blocklist.de/bots|blocklist.de/all,blocklist.de|bot|irc-bot|brute-force|ziyadnz|hourly,2026-08-17T18:48:05Z,2026-08-17T18:48:05Z,
198.244.226.137,ipv4,botnet,high,WHITE,blocklist.de/bots|blocklist.de/all|ziyadnz/hourly-ipv4,blocklist.de|bot|irc-bot|brute-force|ziyadnz|hourly,2026-08-17T18:48:05Z,2026-08-17T18:48:05Z,
198.244.226.139,ipv4,botnet,high,WHITE,blocklist.de/bots|blocklist.de/all|ziyadnz/hourly-ipv4,blocklist.de|bot|irc-bot|brute-force|ziyadnz|hourly,2026-08-17T18:48:05Z,2026-08-17T18:48:05Z,
198.244.226.14,ipv4,botnet,high,WHITE,blocklist.de/bots|blocklist.de/all|ziyadnz/hourly-ipv4,blocklist.de|bot|irc-bot|brute-force|ziyadnz|hourly,2026-08-17T18:48:05Z,2026-08-17T18:48:05Z,
198.244.226.140,ipv4,botnet,high,WHITE,blocklist.de/bots|blocklist.de/all|ziyadnz/hourly-ipv4,blocklist.de|bot|irc-bot|brute-force|ziyadnz|hourly,2026-08-17T18:48:05Z,2026-08-17T18:48:05Z,
198.244.226.141,ipv4,botnet,high,WHITE,blocklist.de/bots|blocklist.de/all|ziyadnz/hourly-ipv4,blocklist.de|bot|irc-bot|brute-force|ziyadnz|hourly,2026-08-17T18:48:05Z,2026-08-17T18:48:05Z,
198.244.226.142,ipv4,botnet,high,WHITE,blocklist.de/bots|blocklist.de/all|ziyadnz/hourly-ipv4,blocklist.de|bot|irc-bot|brute-force|ziyadnz|hourly,2026-08-17T18:48:05Z,2026-08-17T18:48:05Z,
198.244.226.144,ipv4,botnet,high,WHITE,blocklist.de/bots|blocklist.de/all|ziyadnz/hourly-ipv4,blocklist.de|bot|irc-bot|brute-force|ziyadnz|hourly,2026-08-17T18:48:05Z,2026-08-17T18:48:05Z,
198.244.226.145,ipv4,botnet,high,WHITE,blocklist.de/bots|blocklist.de/all|ziyadnz/hourly-ipv4,blocklist.de|bot|irc-bot|brute-force|ziyadnz|hourly,2026-08-17T18:48:05Z,2026-08-17T18:48:05Z,
198.244.226.15,ipv4,botnet,high,WHITE,blocklist.de/bots|blocklist.de/all|ziyadnz/hourly-ipv4,blocklist.de|bot|irc-bot|brute-force|ziyadnz|hourly,2026-08-17T18:48:05Z,2026-08-17T18:48:05Z,
198.244.226.152,ipv4,botnet,high,WHITE,blocklist.de/bots|blocklist.de/all|ziyadnz/hourly-ipv4,blocklist.de|bot|irc-bot|brute-force|ziyadnz|hourly,2026-08-17T18:48:05Z,2026-08-17T18:48:05Z,
198.244.226.154,ipv4,botnet,high,WHITE,blocklist.de/bots|blocklist.de/all|ziyadnz/hourly-ipv4,blocklist.de|bot|irc-bot|brute-force|ziyadnz|hourly,2026-08-17T18:48:05Z,2026-08-17T18:48:05Z,
198.244.226.156,ipv4,botnet,high,WHITE,blocklist.de/bots|blocklist.de/all|ziyadnz/hourly-ipv4,blocklist.de|bot|irc-bot|brute-force|ziyadnz|hourly,2026-08-17T18:48:05Z,2026-08-17T18:48:05Z,
198.244.226.158,ipv4,botnet,high,WHITE,blocklist.de/bots|blocklist.de/all|ziyadnz/hourly-ipv4,blocklist.de|bot|irc-bot|brute-force|ziyadnz|hourly,2026-08-17T18:48:05Z,2026-08-17T18:48:05Z,
198.244.226.160,ipv4,botnet,high,WHITE,blocklist.de/bots|blocklist.de/all|ziyadnz/hourly-ipv4,blocklist.de|bot|irc-bot|brute-force|ziyadnz|hourly,2026-08-17T18:48:05Z,2026-08-17T18:48:05Z,
198.244.226.165,ipv4,botnet,high,WHITE,blocklist.de/bots|blocklist.de/all|ziyadnz/hourly-ipv4,blocklist.de|bot|irc-bot|brute-force|ziyadnz|hourly,2026-08-17T18:48:05Z,2026-08-17T18:48:05Z,
198.244.226.167,ipv4,botnet,high,WHITE,blocklist.de/bots|blocklist.de/all|ziyadnz/hourly-ipv4,blocklist.de|bot|irc-bot|brute-force|ziyadnz|hourly,2026-08-17T18:48:05Z,2026-08-17T18:48:05Z,
198.244.226.168,ipv4,botnet,high,WHITE,blocklist.de/bots|blocklist.de/all|ziyadnz/hourly-ipv4,blocklist.de|bot|irc-bot|brute-force|ziyadnz|hourly,2026-08-17T18:48:05Z,2026-08-17T18:48:05Z,
198.244.226.169,ipv4,botnet,high,WHITE,blocklist.de/bots|blocklist.de/all|ziyadnz/hourly-ipv4,blocklist.de|bot|irc-bot|brute-force|ziyadnz|hourly,2026-08-17T18:48:05Z,2026-08-17T18:48:05Z,
198.244.226.17,ipv4,botnet,medium,WHITE,blocklist.de/bots|blocklist.de/all,blocklist.de|bot|irc-bot|brute-force|ziyadnz|hourly,2026-08-17T18:48:05Z,2026-08-17T18:48:05Z,
198.244.226.170,ipv4,botnet,high,WHITE,blocklist.de/bots|blocklist.de/all|ziyadnz/hourly-ipv4,blocklist.de|bot|irc-bot|brute-force|ziyadnz|hourly,2026-08-17T18:48:05Z,2026-08-17T18:48:05Z,
198.244.226.171,ipv4,botnet,high,WHITE,blocklist.de/bots|blocklist.de/all|ziyadnz/hourly-ipv4,blocklist.de|bot|irc-bot|brute-force|ziyadnz|hourly,2026-08-17T18:48:05Z,2026-08-17T18:48:05Z,
198.244.226.174,ipv4,botnet,high,WHITE,blocklist.de/bots|blocklist.de/all|ziyadnz/hourly-ipv4,blocklist.de|bot|irc-bot|brute-force|ziyadnz|hourly,2026-08-17T18:48:05Z,2026-08-17T18:48:05Z,
198.244.226.18,ipv4,botnet,high,WHITE,blocklist.de/bots|blocklist.de/all|ziyadnz/hourly-ipv4,blocklist.de|bot|irc-bot|brute-force|ziyadnz|hourly,2026-08-17T18:48:05Z,2026-08-17T18:48:05Z,
198.244.226.180,ipv4,botnet,high,WHITE,blocklist.de/bots|blocklist.de/all|ziyadnz/hourly-ipv4,blocklist.de|bot|irc-bot|brute-force|ziyadnz|hourly,2026-08-17T18:48:05Z,2026-08-17T18:48:05Z,
198.244.226.181,ipv4,botnet,high,WHITE,blocklist.de/bots|blocklist.de/all|ziyadnz/hourly-ipv4,blocklist.de|bot|irc-bot|brute-force|ziyadnz|hourly,2026-08-17T18:48:05Z,2026-08-17T18:48:05Z,
198.244.226.182,ipv4,botnet,high,WHITE,blocklist.de/bots|blocklist.de/all|ziyadnz/hourly-ipv4,blocklist.de|bot|irc-bot|brute-force|ziyadnz|hourly,2026-08-17T18:48:05Z,2026-08-17T18:48:05Z,
198.244.226.184,ipv4,botnet,high,WHITE,blocklist.de/bots|blocklist.de/all|ziyadnz/hourly-ipv4,blocklist.de|bot|irc-bot|brute-force|ziyadnz|hourly,2026-08-17T18:48:05Z,2026-08-17T18:48:05Z,
198.244.226.186,ipv4,botnet,high,WHITE,blocklist.de/bots|blocklist.de/all|ziyadnz/hourly-ipv4,blocklist.de|bot|irc-bot|brute-force|ziyadnz|hourly,2026-08-17T18:48:05Z,2026-08-17T18:48:05Z,
198.244.226.188,ipv4,botnet,high,WHITE,blocklist.de/bots|blocklist.de/all|ziyadnz/hourly-ipv4,blocklist.de|bot|irc-bot|brute-force|ziyadnz|hourly,2026-08-17T18:48:05Z,2026-08-17T18:48:05Z,
198.244.226.189,ipv4,botnet,high,WHITE,blocklist.de/bots|blocklist.de/all|ziyadnz/hourly-ipv4,blocklist.de|bot|irc-bot|brute-force|ziyadnz|hourly,2026-08-17T18:48:05Z,2026-08-17T18:48:05Z,
198.244.226.191,ipv4,botnet,high,WHITE,blocklist.de/bots|blocklist.de/all|ziyadnz/hourly-ipv4,blocklist.de|bot|irc-bot|brute-force|ziyadnz|hourly,2026-08-17T18:48:05Z,2026-08-17T18:48:05Z,
198.244.226.193,ipv4,botnet,high,WHITE,blocklist.de/bots|blocklist.de/all|ziyadnz/hourly-ipv4,blocklist.de|bot|irc-bot|brute-force|ziyadnz|hourly,2026-08-17T18:48:05Z,2026-08-17T18:48:05Z,
198.244.226.198,ipv4,botnet,high,WHITE,blocklist.de/bots|blocklist.de/all|ziyadnz/hourly-ipv4,blocklist.de|bot|irc-bot|brute-force|ziyadnz|hourly,2026-08-17T18:48:05Z,2026-08-17T18:48:05Z,
198.244.226.199,ipv4,botnet,high,WHITE,blocklist.de/bots|blocklist.de/all|ziyadnz/hourly-ipv4,blocklist.de|bot|irc-bot|brute-force|ziyadnz|hourly,2026-08-17T18:48:05Z,2026-08-17T18:48:05Z,
198.244.226.200,ipv4,botnet,high,WHITE,blocklist.de/bots|blocklist.de/all|ziyadnz/hourly-ipv4,blocklist.de|bot|irc-bot|brute-force|ziyadnz|hourly,2026-08-17T18:48:05Z,2026-08-17T18:48:05Z,
198.244.226.203,ipv4,botnet,medium,WHITE,blocklist.de/bots|blocklist.de/all,blocklist.de|bot|irc-bot|brute-force|ziyadnz|hourly,2026-08-17T18:48:05Z,2026-08-17T18:48:05Z,
198.244.226.205,ipv4,botnet,high,WHITE,blocklist.de/bots|blocklist.de/all|ziyadnz/hourly-ipv4,blocklist.de|bot|irc-bot|brute-force|ziyadnz|hourly,2026-08-17T18:48:05Z,2026-08-17T18:48:05Z,
198.244.226.206,ipv4,botnet,high,WHITE,blocklist.de/bots|blocklist.de/all|ziyadnz/hourly-ipv4,blocklist.de|bot|irc-bot|brute-force|ziyadnz|hourly,2026-08-17T18:48:05Z,2026-08-17T18:48:05Z,
198.244.226.209,ipv4,botnet,high,WHITE,blocklist.de/bots|blocklist.de/all|ziyadnz/hourly-ipv4,blocklist.de|bot|irc-bot|brute-force|ziyadnz|hourly,2026-08-17T18:48:05Z,2026-08-17T18:48:05Z,
198.244.226.211,ipv4,botnet,high,WHITE,blocklist.de/bots|blocklist.de/all|ziyadnz/hourly-ipv4,blocklist.de|bot|irc-bot|brute-force|ziyadnz|hourly,2026-08-17T18:48:05Z,2026-08-17T18:48:05Z,
198.244.226.212,ipv4,botnet,high,WHITE,blocklist.de/bots|blocklist.de/all|ziyadnz/hourly-ipv4,blocklist.de|bot|irc-bot|brute-force|ziyadnz|hourly,2026-08-17T18:48:05Z,2026-08-17T18:48:05Z,
198.244.226.217,ipv4,botnet,high,WHITE,blocklist.de/bots|blocklist.de/all|ziyadnz/hourly-ipv4,blocklist.de|bot|irc-bot|brute-force|ziyadnz|hourly,2026-08-17T18:48:05Z,2026-08-17T18:48:05Z,
198.244.226.218,ipv4,botnet,high,WHITE,blocklist.de/bots|blocklist.de/all|ziyadnz/hourly-ipv4,blocklist.de|bot|irc-bot|brute-force|ziyadnz|hourly,2026-08-17T18:48:05Z,2026-08-17T18:48:05Z,
198.244.226.219,ipv4,botnet,high,WHITE,blocklist.de/bots|blocklist.de/all|ziyadnz/hourly-ipv4,blocklist.de|bot|irc-bot|brute-force|ziyadnz|hourly,2026-08-17T18:48:05Z,2026-08-17T18:48:05Z,
198.244.226.22,ipv4,botnet,high,WHITE,blocklist.de/bots|blocklist.de/all|ziyadnz/hourly-ipv4,blocklist.de|bot|irc-bot|brute-force|ziyadnz|hourly,2026-08-17T18:48:05Z,2026-08-17T18:48:05Z,
198.244.226.222,ipv4,botnet,high,WHITE,blocklist.de/bots|blocklist.de/all|ziyadnz/hourly-ipv4,blocklist.de|bot|irc-bot|brute-force|ziyadnz|hourly,2026-08-17T18:48:05Z,2026-08-17T18:48:05Z,
198.244.226.229,ipv4,botnet,high,WHITE,blocklist.de/bots|blocklist.de/all|ziyadnz/hourly-ipv4,blocklist.de|bot|irc-bot|brute-force|ziyadnz|hourly,2026-08-17T18:48:05Z,2026-08-17T18:48:05Z,
198.244.226.23,ipv4,botnet,high,WHITE,blocklist.de/bots|blocklist.de/all|ziyadnz/hourly-ipv4,blocklist.de|bot|irc-bot|brute-force|ziyadnz|hourly,2026-08-17T18:48:05Z,2026-08-17T18:48:05Z,
198.244.226.231,ipv4,botnet,high,WHITE,blocklist.de/bots|blocklist.de/all|ziyadnz/hourly-ipv4,blocklist.de|bot|irc-bot|brute-force|ziyadnz|hourly,2026-08-17T18:48:05Z,2026-08-17T18:48:05Z,
198.244.226.232,ipv4,botnet,high,WHITE,blocklist.de/bots|blocklist.de/all|ziyadnz/hourly-ipv4,blocklist.de|bot|irc-bot|brute-force|ziyadnz|hourly,2026-08-17T18:48:05Z,2026-08-17T18:48:05Z,
198.244.226.235,ipv4,botnet,high,WHITE,blocklist.de/bots|blocklist.de/all|ziyadnz/hourly-ipv4,blocklist.de|bot|irc-bot|brute-force|ziyadnz|hourly,2026-08-17T18:48:05Z,2026-08-17T18:48:05Z,
198.244.226.24,ipv4,botnet,high,WHITE,blocklist.de/bots|blocklist.de/all|ziyadnz/hourly-ipv4,blocklist.de|bot|irc-bot|brute-force|ziyadnz|hourly,2026-08-17T18:48:05Z,2026-08-17T18:48:05Z,
198.244.226.240,ipv4,botnet,high,WHITE,blocklist.de/bots|blocklist.de/all|ziyadnz/hourly-ipv4,blocklist.de|bot|irc-bot|brute-force|ziyadnz|hourly,2026-08-17T18:48:05Z,2026-08-17T18:48:05Z,
198.244.226.241,ipv4,botnet,medium,WHITE,blocklist.de/bots|blocklist.de/all,blocklist.de|bot|irc-bot|brute-force|ziyadnz|hourly,2026-08-17T18:48:05Z,2026-08-17T18:48:05Z,
198.244.226.244,ipv4,botnet,high,WHITE,blocklist.de/bots|blocklist.de/all|ziyadnz/hourly-ipv4,blocklist.de|bot|irc-bot|brute-force|ziyadnz|hourly,2026-08-17T18:48:05Z,2026-08-17T18:48:05Z,
198.244.226.248,ipv4,botnet,high,WHITE,blocklist.de/bots|blocklist.de/all|ziyadnz/hourly-ipv4,blocklist.de|bot|irc-bot|brute-force|ziyadnz|hourly,2026-08-17T18:48:05Z,2026-08-17T18:48:05Z,
198.244.226.250,ipv4,botnet,high,WHITE,blocklist.de/bots|blocklist.de/all|ziyadnz/hourly-ipv4,blocklist.de|bot|irc-bot|brute-force|ziyadnz|hourly,2026-08-17T18:48:05Z,2026-08-17T18:48:05Z,
198.244.226.251,ipv4,botnet,high,WHITE,blocklist.de/bots|blocklist.de/all|ziyadnz/hourly-ipv4,blocklist.de|bot|irc-bot|brute-force|ziyadnz|hourly,2026-08-17T18:48:05Z,2026-08-17T18:48:05Z,
198.244.226.255,ipv4,botnet,high,WHITE,blocklist.de/bots|blocklist.de/all|ziyadnz/hourly-ipv4,blocklist.de|bot|irc-bot|brute-force|ziyadnz|hourly,2026-08-17T18:48:05Z,2026-08-17T18:48:05Z,
198.244.226.3,ipv4,botnet,high,WHITE,blocklist.de/bots|blocklist.de/all|ziyadnz/hourly-ipv4,blocklist.de|bot|irc-bot|brute-force|ziyadnz|hourly,2026-08-17T18:48:05Z,2026-08-17T18:48:05Z,
198.244.226.30,ipv4,botnet,high,WHITE,blocklist.de/bots|blocklist.de/all|ziyadnz/hourly-ipv4,blocklist.de|bot|irc-bot|brute-force|ziyadnz|hourly,2026-08-17T18:48:05Z,2026-08-17T18:48:05Z,
198.244.226.31,ipv4,botnet,high,WHITE,blocklist.de/bots|blocklist.de/all|ziyadnz/hourly-ipv4,blocklist.de|bot|irc-bot|brute-force|ziyadnz|hourly,2026-08-17T18:48:05Z,2026-08-17T18:48:05Z,
198.244.226.32,ipv4,botnet,high,WHITE,blocklist.de/bots|blocklist.de/all|ziyadnz/hourly-ipv4,blocklist.de|bot|irc-bot|brute-force|ziyadnz|hourly,2026-08-17T18:48:05Z,2026-08-17T18:48:05Z,
198.244.226.35,ipv4,botnet,high,WHITE,blocklist.de/bots|blocklist.de/all|ziyadnz/hourly-ipv4,blocklist.de|bot|irc-bot|brute-force|ziyadnz|hourly,2026-08-17T18:48:05Z,2026-08-17T18:48:05Z,
198.244.226.36,ipv4,botnet,high,WHITE,blocklist.de/bots|blocklist.de/all|ziyadnz/hourly-ipv4,blocklist.de|bot|irc-bot|brute-force|ziyadnz|hourly,2026-08-17T18:48:05Z,2026-08-17T18:48:05Z,
198.244.226.38,ipv4,botnet,high,WHITE,blocklist.de/bots|blocklist.de/all|ziyadnz/hourly-ipv4,blocklist.de|bot|irc-bot|brute-force|ziyadnz|hourly,2026-08-17T18:48:05Z,2026-08-17T18:48:05Z,
198.244.226.39,ipv4,botnet,high,WHITE,blocklist.de/bots|blocklist.de/all|ziyadnz/hourly-ipv4,blocklist.de|bot|irc-bot|brute-force|ziyadnz|hourly,2026-08-17T18:48:05Z,2026-08-17T18:48:05Z,
198.244.226.4,ipv4,botnet,high,WHITE,blocklist.de/bots|blocklist.de/all|ziyadnz/hourly-ipv4,blocklist.de|bot|irc-bot|brute-force|ziyadnz|hourly,2026-08-17T18:48:05Z,2026-08-17T18:48:05Z,
198.244.226.40,ipv4,botnet,high,WHITE,blocklist.de/bots|blocklist.de/all|ziyadnz/hourly-ipv4,blocklist.de|bot|irc-bot|brute-force|ziyadnz|hourly,2026-08-17T18:48:05Z,2026-08-17T18:48:05Z,
198.244.226.45,ipv4,botnet,high,WHITE,blocklist.de/bots|blocklist.de/all|ziyadnz/hourly-ipv4,blocklist.de|bot|irc-bot|brute-force|ziyadnz|hourly,2026-08-17T18:48:05Z,2026-08-17T18:48:05Z,
198.244.226.48,ipv4,botnet,high,WHITE,blocklist.de/bots|blocklist.de/all|ziyadnz/hourly-ipv4,blocklist.de|bot|irc-bot|brute-force|ziyadnz|hourly,2026-08-17T18:48:05Z,2026-08-17T18:48:05Z,
198.244.226.49,ipv4,botnet,high,WHITE,blocklist.de/bots|blocklist.de/all|ziyadnz/hourly-ipv4,blocklist.de|bot|irc-bot|brute-force|ziyadnz|hourly,2026-08-17T18:48:05Z,2026-08-17T18:48:05Z,
198.244.226.50,ipv4,botnet,high,WHITE,blocklist.de/bots|blocklist.de/all|ziyadnz/hourly-ipv4,blocklist.de|bot|irc-bot|brute-force|ziyadnz|hourly,2026-08-17T18:48:05Z,2026-08-17T18:48:05Z,
198.244.226.51,ipv4,botnet,high,WHITE,blocklist.de/bots|blocklist.de/all|ziyadnz/hourly-ipv4,blocklist.de|bot|irc-bot|brute-force|ziyadnz|hourly,2026-08-17T18:48:05Z,2026-08-17T18:48:05Z,
198.244.226.52,ipv4,botnet,high,WHITE,blocklist.de/bots|blocklist.de/all|ziyadnz/hourly-ipv4,blocklist.de|bot|irc-bot|brute-force|ziyadnz|hourly,2026-08-17T18:48:05Z,2026-08-17T18:48:05Z,
198.244.226.56,ipv4,botnet,high,WHITE,blocklist.de/bots|blocklist.de/all|ziyadnz/hourly-ipv4,blocklist.de|bot|irc-bot|brute-force|ziyadnz|hourly,2026-08-17T18:48:05Z,2026-08-17T18:48:05Z,
198.244.226.57,ipv4,botnet,high,WHITE,blocklist.de/bots|blocklist.de/all|ziyadnz/hourly-ipv4,blocklist.de|bot|irc-bot|brute-force|ziyadnz|hourly,2026-08-17T18:48:05Z,2026-08-17T18:48:05Z,
198.244.226.59,ipv4,botnet,high,WHITE,blocklist.de/bots|blocklist.de/all|ziyadnz/hourly-ipv4,blocklist.de|bot|irc-bot|brute-force|ziyadnz|hourly,2026-08-17T18:48:05Z,2026-08-17T18:48:05Z,
198.244.226.6,ipv4,botnet,high,WHITE,blocklist.de/bots|blocklist.de/all|ziyadnz/hourly-ipv4,blocklist.de|bot|irc-bot|brute-force|ziyadnz|hourly,2026-08-17T18:48:05Z,2026-08-17T18:48:05Z,
198.244.226.60,ipv4,botnet,high,WHITE,blocklist.de/bots|blocklist.de/all|ziyadnz/hourly-ipv4,blocklist.de|bot|irc-bot|brute-force|ziyadnz|hourly,2026-08-17T18:48:05Z,2026-08-17T18:48:05Z,
198.244.226.61,ipv4,botnet,high,WHITE,blocklist.de/bots|blocklist.de/all|ziyadnz/hourly-ipv4,blocklist.de|bot|irc-bot|brute-force|ziyadnz|hourly,2026-08-17T18:48:05Z,2026-08-17T18:48:05Z,
198.244.226.65,ipv4,botnet,high,WHITE,blocklist.de/bots|blocklist.de/all|ziyadnz/hourly-ipv4,blocklist.de|bot|irc-bot|brute-force|ziyadnz|hourly,2026-08-17T18:48:05Z,2026-08-17T18:48:05Z,
198.244.226.66,ipv4,botnet,high,WHITE,blocklist.de/bots|blocklist.de/all|ziyadnz/hourly-ipv4,blocklist.de|bot|irc-bot|brute-force|ziyadnz|hourly,2026-08-17T18:48:05Z,2026-08-17T18:48:05Z,
198.244.226.69,ipv4,botnet,high,WHITE,blocklist.de/bots|blocklist.de/all|ziyadnz/hourly-ipv4,blocklist.de|bot|irc-bot|brute-force|ziyadnz|hourly,2026-08-17T18:48:05Z,2026-08-17T18:48:05Z,
198.244.226.7,ipv4,botnet,high,WHITE,blocklist.de/bots|blocklist.de/all|ziyadnz/hourly-ipv4,blocklist.de|bot|irc-bot|brute-force|ziyadnz|hourly,2026-08-17T18:48:05Z,2026-08-17T18:48:05Z,
198.244.226.74,ipv4,botnet,high,WHITE,blocklist.de/bots|blocklist.de/all|ziyadnz/hourly-ipv4,blocklist.de|bot|irc-bot|brute-force|ziyadnz|hourly,2026-08-17T18:48:05Z,2026-08-17T18:48:05Z,
198.244.226.76,ipv4,botnet,high,WHITE,blocklist.de/bots|blocklist.de/all|ziyadnz/hourly-ipv4,blocklist.de|bot|irc-bot|brute-force|ziyadnz|hourly,2026-08-17T18:48:05Z,2026-08-17T18:48:05Z,
198.244.226.78,ipv4,botnet,high,WHITE,blocklist.de/bots|blocklist.de/all|ziyadnz/hourly-ipv4,blocklist.de|bot|irc-bot|brute-force|ziyadnz|hourly,2026-08-17T18:48:05Z,2026-08-17T18:48:05Z,
198.244.226.80,ipv4,botnet,high,WHITE,blocklist.de/bots|blocklist.de/all|ziyadnz/hourly-ipv4,blocklist.de|bot|irc-bot|brute-force|ziyadnz|hourly,2026-08-17T18:48:05Z,2026-08-17T18:48:05Z,
198.244.226.81,ipv4,botnet,high,WHITE,blocklist.de/bots|blocklist.de/all|ziyadnz/hourly-ipv4,blocklist.de|bot|irc-bot|brute-force|ziyadnz|hourly,2026-08-17T18:48:05Z,2026-08-17T18:48:05Z,
198.244.226.82,ipv4,botnet,high,WHITE,blocklist.de/bots|blocklist.de/all|ziyadnz/hourly-ipv4,blocklist.de|bot|irc-bot|brute-force|ziyadnz|hourly,2026-08-17T18:48:05Z,2026-08-17T18:48:05Z,
198.244.226.83,ipv4,botnet,high,WHITE,blocklist.de/bots|blocklist.de/all|ziyadnz/hourly-ipv4,blocklist.de|bot|irc-bot|brute-force|ziyadnz|hourly,2026-08-17T18:48:05Z,2026-08-17T18:48:05Z,
198.244.226.9,ipv4,botnet,high,WHITE,blocklist.de/bots|blocklist.de/all|ziyadnz/hourly-ipv4,blocklist.de|bot|irc-bot|brute-force|ziyadnz|hourly,2026-08-17T18:48:05Z,2026-08-17T18:48:05Z,
198.244.226.90,ipv4,botnet,high,WHITE,blocklist.de/bots|blocklist.de/all|ziyadnz/hourly-ipv4,blocklist.de|bot|irc-bot|brute-force|ziyadnz|hourly,2026-08-17T18:48:05Z,2026-08-17T18:48:05Z,
198.244.226.91,ipv4,botnet,high,WHITE,blocklist.de/bots|blocklist.de/all|ziyadnz/hourly-ipv4,blocklist.de|bot|irc-bot|brute-force|ziyadnz|hourly,2026-08-17T18:48:05Z,2026-08-17T18:48:05Z,
198.244.226.92,ipv4,botnet,high,WHITE,blocklist.de/bots|blocklist.de/all|ziyadnz/hourly-ipv4,blocklist.de|bot|irc-bot|brute-force|ziyadnz|hourly,2026-08-17T18:48:05Z,2026-08-17T18:48:05Z,
198.244.226.95,ipv4,botnet,high,WHITE,blocklist.de/bots|blocklist.de/all|ziyadnz/hourly-ipv4,blocklist.de|bot|irc-bot|brute-force|ziyadnz|hourly,2026-08-17T18:48:05Z,2026-08-17T18:48:05Z,
198.244.226.97,ipv4,botnet,high,WHITE,blocklist.de/bots|blocklist.de/all|ziyadnz/hourly-ipv4,blocklist.de|bot|irc-bot|brute-force|ziyadnz|hourly,2026-08-17T18:48:05Z,2026-08-17T18:48:05Z,
198.244.226.99,ipv4,botnet,high,WHITE,blocklist.de/bots|blocklist.de/all|ziyadnz/hourly-ipv4,blocklist.de|bot|irc-bot|brute-force|ziyadnz|hourly,2026-08-17T18:48:05Z,2026-08-17T18:48:05Z,
198.244.240.1,ipv4,botnet,high,WHITE,blocklist.de/bots|blocklist.de/all|ziyadnz/hourly-ipv4,blocklist.de|bot|irc-bot|brute-force|ziyadnz|hourly,2026-08-17T18:48:05Z,2026-08-17T18:48:05Z,
198.244.240.102,ipv4,botnet,high,WHITE,blocklist.de/bots|blocklist.de/all|ziyadnz/hourly-ipv4,blocklist.de|bot|irc-bot|brute-force|ziyadnz|hourly,2026-08-17T18:48:05Z,2026-08-17T18:48:05Z,
198.244.240.105,ipv4,botnet,high,WHITE,blocklist.de/bots|blocklist.de/all|ziyadnz/hourly-ipv4,blocklist.de|bot|irc-bot|brute-force|ziyadnz|hourly,2026-08-17T18:48:05Z,2026-08-17T18:48:05Z,
198.244.240.106,ipv4,botnet,high,WHITE,blocklist.de/bots|blocklist.de/all|ziyadnz/hourly-ipv4,blocklist.de|bot|irc-bot|brute-force|ziyadnz|hourly,2026-08-17T18:48:05Z,2026-08-17T18:48:05Z,
198.244.240.107,ipv4,botnet,high,WHITE,blocklist.de/bots|blocklist.de/all|ziyadnz/hourly-ipv4,blocklist.de|bot|irc-bot|brute-force|ziyadnz|hourly,2026-08-17T18:48:05Z,2026-08-17T18:48:05Z,
198.244.240.108,ipv4,botnet,high,WHITE,blocklist.de/bots|blocklist.de/all|ziyadnz/hourly-ipv4,blocklist.de|bot|irc-bot|brute-force|ziyadnz|hourly,2026-08-17T18:48:05Z,2026-08-17T18:48:05Z,
198.244.240.109,ipv4,botnet,high,WHITE,blocklist.de/bots|blocklist.de/all|ziyadnz/hourly-ipv4,blocklist.de|bot|irc-bot|brute-force|ziyadnz|hourly,2026-08-17T18:48:05Z,2026-08-17T18:48:05Z,
198.244.240.11,ipv4,botnet,high,WHITE,blocklist.de/bots|blocklist.de/all|ziyadnz/hourly-ipv4,blocklist.de|bot|irc-bot|brute-force|ziyadnz|hourly,2026-08-17T18:48:05Z,2026-08-17T18:48:05Z,
198.244.240.110,ipv4,botnet,high,WHITE,blocklist.de/bots|blocklist.de/all|ziyadnz/hourly-ipv4,blocklist.de|bot|irc-bot|brute-force|ziyadnz|hourly,2026-08-17T18:48:05Z,2026-08-17T18:48:05Z,
198.244.240.111,ipv4,botnet,high,WHITE,blocklist.de/bots|blocklist.de/all|ziyadnz/hourly-ipv4,blocklist.de|bot|irc-bot|brute-force|ziyadnz|hourly,2026-08-17T18:48:05Z,2026-08-17T18:48:05Z,
198.244.240.117,ipv4,botnet,high,WHITE,blocklist.de/bots|blocklist.de/all|ziyadnz/hourly-ipv4,blocklist.de|bot|irc-bot|brute-force|ziyadnz|hourly,2026-08-17T18:48:05Z,2026-08-17T18:48:05Z,
198.244.240.118,ipv4,botnet,high,WHITE,blocklist.de/bots|blocklist.de/all|ziyadnz/hourly-ipv4,blocklist.de|bot|irc-bot|brute-force|ziyadnz|hourly,2026-08-17T18:48:05Z,2026-08-17T18:48:05Z,
198.244.240.119,ipv4,botnet,high,WHITE,blocklist.de/bots|blocklist.de/all|ziyadnz/hourly-ipv4,blocklist.de|bot|irc-bot|brute-force|ziyadnz|hourly,2026-08-17T18:48:05Z,2026-08-17T18:48:05Z,
198.244.240.12,ipv4,botnet,high,WHITE,blocklist.de/bots|blocklist.de/all|ziyadnz/hourly-ipv4,blocklist.de|bot|irc-bot|brute-force|ziyadnz|hourly,2026-08-17T18:48:05Z,2026-08-17T18:48:05Z,
198.244.240.122,ipv4,botnet,high,WHITE,blocklist.de/bots|blocklist.de/all|ziyadnz/hourly-ipv4,blocklist.de|bot|irc-bot|brute-force|ziyadnz|hourly,2026-08-17T18:48:05Z,2026-08-17T18:48:05Z,
198.244.240.127,ipv4,botnet,medium,WHITE,blocklist.de/bots|blocklist.de/all,blocklist.de|bot|irc-bot|brute-force|ziyadnz|hourly,2026-08-17T18:48:05Z,2026-08-17T18:48:05Z,
198.244.240.128,ipv4,botnet,high,WHITE,blocklist.de/bots|blocklist.de/all|ziyadnz/hourly-ipv4,blocklist.de|bot|irc-bot|brute-force|ziyadnz|hourly,2026-08-17T18:48:05Z,2026-08-17T18:48:05Z,
198.244.240.129,ipv4,botnet,high,WHITE,blocklist.de/bots|blocklist.de/all|ziyadnz/hourly-ipv4,blocklist.de|bot|irc-bot|brute-force|ziyadnz|hourly,2026-08-17T18:48:05Z,2026-08-17T18:48:05Z,
198.244.240.131,ipv4,botnet,high,WHITE,blocklist.de/bots|blocklist.de/all|ziyadnz/hourly-ipv4,blocklist.de|bot|irc-bot|brute-force|ziyadnz|hourly,2026-08-17T18:48:05Z,2026-08-17T18:48:05Z,
198.244.240.132,ipv4,botnet,high,WHITE,blocklist.de/bots|blocklist.de/all|ziyadnz/hourly-ipv4,blocklist.de|bot|irc-bot|brute-force|ziyadnz|hourly,2026-08-17T18:48:05Z,2026-08-17T18:48:05Z,
198.244.240.133,ipv4,botnet,high,WHITE,blocklist.de/bots|blocklist.de/all|ziyadnz/hourly-ipv4,blocklist.de|bot|irc-bot|brute-force|ziyadnz|hourly,2026-08-17T18:48:05Z,2026-08-17T18:48:05Z,
198.244.240.136,ipv4,botnet,high,WHITE,blocklist.de/bots|blocklist.de/all|ziyadnz/hourly-ipv4,blocklist.de|bot|irc-bot|brute-force|ziyadnz|hourly,2026-08-17T18:48:05Z,2026-08-17T18:48:05Z,
198.244.240.138,ipv4,botnet,medium,WHITE,blocklist.de/bots|blocklist.de/all,blocklist.de|bot|irc-bot|brute-force|ziyadnz|hourly,2026-08-17T18:48:05Z,2026-08-17T18:48:05Z,
198.244.240.139,ipv4,botnet,high,WHITE,blocklist.de/bots|blocklist.de/all|ziyadnz/hourly-ipv4,blocklist.de|bot|irc-bot|brute-force|ziyadnz|hourly,2026-08-17T18:48:05Z,2026-08-17T18:48:05Z,
198.244.240.14,ipv4,botnet,high,WHITE,blocklist.de/bots|blocklist.de/all|ziyadnz/hourly-ipv4,blocklist.de|bot|irc-bot|brute-force|ziyadnz|hourly,2026-08-17T18:48:05Z,2026-08-17T18:48:05Z,
198.244.240.144,ipv4,botnet,high,WHITE,blocklist.de/bots|blocklist.de/all|ziyadnz/hourly-ipv4,blocklist.de|bot|irc-bot|brute-force|ziyadnz|hourly,2026-08-17T18:48:05Z,2026-08-17T18:48:05Z,
198.244.240.145,ipv4,botnet,high,WHITE,blocklist.de/bots|blocklist.de/all|ziyadnz/hourly-ipv4,blocklist.de|bot|irc-bot|brute-force|ziyadnz|hourly,2026-08-17T18:48:05Z,2026-08-17T18:48:05Z,
198.244.240.15,ipv4,botnet,high,WHITE,blocklist.de/bots|blocklist.de/all|ziyadnz/hourly-ipv4,blocklist.de|bot|irc-bot|brute-force|ziyadnz|hourly,2026-08-17T18:48:05Z,2026-08-17T18:48:05Z,
198.244.240.150,ipv4,botnet,high,WHITE,blocklist.de/bots|blocklist.de/all|ziyadnz/hourly-ipv4,blocklist.de|bot|irc-bot|brute-force|ziyadnz|hourly,2026-08-17T18:48:05Z,2026-08-17T18:48:05Z,
198.244.240.153,ipv4,botnet,high,WHITE,blocklist.de/bots|blocklist.de/all|ziyadnz/hourly-ipv4,blocklist.de|bot|irc-bot|brute-force|ziyadnz|hourly,2026-08-17T18:48:05Z,2026-08-17T18:48:05Z,
198.244.240.154,ipv4,botnet,high,WHITE,blocklist.de/bots|blocklist.de/all|ziyadnz/hourly-ipv4,blocklist.de|bot|irc-bot|brute-force|ziyadnz|hourly,2026-08-17T18:48:05Z,2026-08-17T18:48:05Z,
198.244.240.158,ipv4,botnet,high,WHITE,blocklist.de/bots|blocklist.de/all|ziyadnz/hourly-ipv4,blocklist.de|bot|irc-bot|brute-force|ziyadnz|hourly,2026-08-17T18:48:05Z,2026-08-17T18:48:05Z,
198.244.240.159,ipv4,botnet,high,WHITE,blocklist.de/bots|blocklist.de/all|ziyadnz/hourly-ipv4,blocklist.de|bot|irc-bot|brute-force|ziyadnz|hourly,2026-08-17T18:48:05Z,2026-08-17T18:48:05Z,
198.244.240.161,ipv4,botnet,high,WHITE,blocklist.de/bots|blocklist.de/all|ziyadnz/hourly-ipv4,blocklist.de|bot|irc-bot|brute-force|ziyadnz|hourly,2026-08-17T18:48:05Z,2026-08-17T18:48:05Z,
198.244.240.162,ipv4,botnet,high,WHITE,blocklist.de/bots|blocklist.de/all|ziyadnz/hourly-ipv4,blocklist.de|bot|irc-bot|brute-force|ziyadnz|hourly,2026-08-17T18:48:05Z,2026-08-17T18:48:05Z,
198.244.240.163,ipv4,botnet,high,WHITE,blocklist.de/bots|blocklist.de/all|ziyadnz/hourly-ipv4,blocklist.de|bot|irc-bot|brute-force|ziyadnz|hourly,2026-08-17T18:48:05Z,2026-08-17T18:48:05Z,
198.244.240.164,ipv4,botnet,high,WHITE,blocklist.de/bots|blocklist.de/all|ziyadnz/hourly-ipv4,blocklist.de|bot|irc-bot|brute-force|ziyadnz|hourly,2026-08-17T18:48:05Z,2026-08-17T18:48:05Z,
198.244.240.169,ipv4,botnet,high,WHITE,blocklist.de/bots|blocklist.de/all|ziyadnz/hourly-ipv4,blocklist.de|bot|irc-bot|brute-force|ziyadnz|hourly,2026-08-17T18:48:05Z,2026-08-17T18:48:05Z,
198.244.240.172,ipv4,botnet,high,WHITE,blocklist.de/bots|blocklist.de/all|ziyadnz/hourly-ipv4,blocklist.de|bot|irc-bot|brute-force|ziyadnz|hourly,2026-08-17T18:48:05Z,2026-08-17T18:48:05Z,
198.244.240.173,ipv4,botnet,high,WHITE,blocklist.de/bots|blocklist.de/all|ziyadnz/hourly-ipv4,blocklist.de|bot|irc-bot|brute-force|ziyadnz|hourly,2026-08-17T18:48:05Z,2026-08-17T18:48:05Z,
198.244.240.177,ipv4,botnet,high,WHITE,blocklist.de/bots|blocklist.de/all|ziyadnz/hourly-ipv4,blocklist.de|bot|irc-bot|brute-force|ziyadnz|hourly,2026-08-17T18:48:05Z,2026-08-17T18:48:05Z,
198.244.240.179,ipv4,botnet,high,WHITE,blocklist.de/bots|blocklist.de/all|ziyadnz/hourly-ipv4,blocklist.de|bot|irc-bot|brute-force|ziyadnz|hourly,2026-08-17T18:48:05Z,2026-08-17T18:48:05Z,
198.244.240.18,ipv4,botnet,high,WHITE,blocklist.de/bots|blocklist.de/all|ziyadnz/hourly-ipv4,blocklist.de|bot|irc-bot|brute-force|ziyadnz|hourly,2026-08-17T18:48:05Z,2026-08-17T18:48:05Z,
198.244.240.180,ipv4,botnet,high,WHITE,blocklist.de/bots|blocklist.de/all|ziyadnz/hourly-ipv4,blocklist.de|bot|irc-bot|brute-force|ziyadnz|hourly,2026-08-17T18:48:05Z,2026-08-17T18:48:05Z,
198.244.240.183,ipv4,botnet,high,WHITE,blocklist.de/bots|blocklist.de/all|ziyadnz/hourly-ipv4,blocklist.de|bot|irc-bot|brute-force|ziyadnz|hourly,2026-08-17T18:48:05Z,2026-08-17T18:48:05Z,
198.244.240.184,ipv4,botnet,high,WHITE,blocklist.de/bots|blocklist.de/all|ziyadnz/hourly-ipv4,blocklist.de|bot|irc-bot|brute-force|ziyadnz|hourly,2026-08-17T18:48:05Z,2026-08-17T18:48:05Z,
198.244.240.186,ipv4,botnet,high,WHITE,blocklist.de/bots|blocklist.de/all|ziyadnz/hourly-ipv4,blocklist.de|bot|irc-bot|brute-force|ziyadnz|hourly,2026-08-17T18:48:05Z,2026-08-17T18:48:05Z,
198.244.240.189,ipv4,botnet,high,WHITE,blocklist.de/bots|blocklist.de/all|ziyadnz/hourly-ipv4,blocklist.de|bot|irc-bot|brute-force|ziyadnz|hourly,2026-08-17T18:48:05Z,2026-08-17T18:48:05Z,
198.244.240.190,ipv4,botnet,high,WHITE,blocklist.de/bots|blocklist.de/all|ziyadnz/hourly-ipv4,blocklist.de|bot|irc-bot|brute-force|ziyadnz|hourly,2026-08-17T18:48:05Z,2026-08-17T18:48:05Z,
198.244.240.191,ipv4,botnet,high,WHITE,blocklist.de/bots|blocklist.de/all|ziyadnz/hourly-ipv4,blocklist.de|bot|irc-bot|brute-force|ziyadnz|hourly,2026-08-17T18:48:05Z,2026-08-17T18:48:05Z,
198.244.240.192,ipv4,botnet,high,WHITE,blocklist.de/bots|blocklist.de/all|ziyadnz/hourly-ipv4,blocklist.de|bot|irc-bot|brute-force|ziyadnz|hourly,2026-08-17T18:48:05Z,2026-08-17T18:48:05Z,
198.244.240.196,ipv4,botnet,high,WHITE,blocklist.de/bots|blocklist.de/all|ziyadnz/hourly-ipv4,blocklist.de|bot|irc-bot|brute-force|ziyadnz|hourly,2026-08-17T18:48:05Z,2026-08-17T18:48:05Z,
198.244.240.20,ipv4,botnet,high,WHITE,blocklist.de/bots|blocklist.de/all|ziyadnz/hourly-ipv4,blocklist.de|bot|irc-bot|brute-force|ziyadnz|hourly,2026-08-17T18:48:05Z,2026-08-17T18:48:05Z,
198.244.240.203,ipv4,botnet,high,WHITE,blocklist.de/bots|blocklist.de/all|ziyadnz/hourly-ipv4,blocklist.de|bot|irc-bot|brute-force|ziyadnz|hourly,2026-08-17T18:48:05Z,2026-08-17T18:48:05Z,
198.244.240.205,ipv4,botnet,high,WHITE,blocklist.de/bots|blocklist.de/all|ziyadnz/hourly-ipv4,blocklist.de|bot|irc-bot|brute-force|ziyadnz|hourly,2026-08-17T18:48:05Z,2026-08-17T18:48:05Z,
198.244.240.206,ipv4,botnet,high,WHITE,blocklist.de/bots|blocklist.de/all|ziyadnz/hourly-ipv4,blocklist.de|bot|irc-bot|brute-force|ziyadnz|hourly,2026-08-17T18:48:05Z,2026-08-17T18:48:05Z,
198.244.240.207,ipv4,botnet,high,WHITE,blocklist.de/bots|blocklist.de/all|ziyadnz/hourly-ipv4,blocklist.de|bot|irc-bot|brute-force|ziyadnz|hourly,2026-08-17T18:48:05Z,2026-08-17T18:48:05Z,
198.244.240.208,ipv4,botnet,high,WHITE,blocklist.de/bots|blocklist.de/all|ziyadnz/hourly-ipv4,blocklist.de|bot|irc-bot|brute-force|ziyadnz|hourly,2026-08-17T18:48:05Z,2026-08-17T18:48:05Z,
198.244.240.209,ipv4,botnet,high,WHITE,blocklist.de/bots|blocklist.de/all|ziyadnz/hourly-ipv4,blocklist.de|bot|irc-bot|brute-force|ziyadnz|hourly,2026-08-17T18:48:05Z,2026-08-17T18:48:05Z,
198.244.240.211,ipv4,botnet,medium,WHITE,blocklist.de/bots|blocklist.de/all,blocklist.de|bot|irc-bot|brute-force|ziyadnz|hourly,2026-08-17T18:48:05Z,2026-08-17T18:48:05Z,
198.244.240.212,ipv4,botnet,high,WHITE,blocklist.de/bots|blocklist.de/all|ziyadnz/hourly-ipv4,blocklist.de|bot|irc-bot|brute-force|ziyadnz|hourly,2026-08-17T18:48:05Z,2026-08-17T18:48:05Z,
198.244.240.213,ipv4,botnet,high,WHITE,blocklist.de/bots|blocklist.de/all|ziyadnz/hourly-ipv4,blocklist.de|bot|irc-bot|brute-force|ziyadnz|hourly,2026-08-17T18:48:05Z,2026-08-17T18:48:05Z,
198.244.240.219,ipv4,botnet,high,WHITE,blocklist.de/bots|blocklist.de/all|ziyadnz/hourly-ipv4,blocklist.de|bot|irc-bot|brute-force|ziyadnz|hourly,2026-08-17T18:48:05Z,2026-08-17T18:48:05Z,
198.244.240.22,ipv4,botnet,high,WHITE,blocklist.de/bots|blocklist.de/all|ziyadnz/hourly-ipv4,blocklist.de|bot|irc-bot|brute-force|ziyadnz|hourly,2026-08-17T18:48:05Z,2026-08-17T18:48:05Z,
198.244.240.221,ipv4,botnet,high,WHITE,blocklist.de/bots|blocklist.de/all|ziyadnz/hourly-ipv4,blocklist.de|bot|irc-bot|brute-force|ziyadnz|hourly,2026-08-17T18:48:05Z,2026-08-17T18:48:05Z,
198.244.240.222,ipv4,botnet,high,WHITE,blocklist.de/bots|blocklist.de/all|ziyadnz/hourly-ipv4,blocklist.de|bot|irc-bot|brute-force|ziyadnz|hourly,2026-08-17T18:48:05Z,2026-08-17T18:48:05Z,
198.244.240.223,ipv4,botnet,high,WHITE,blocklist.de/bots|blocklist.de/all|ziyadnz/hourly-ipv4,blocklist.de|bot|irc-bot|brute-force|ziyadnz|hourly,2026-08-17T18:48:05Z,2026-08-17T18:48:05Z,
198.244.240.226,ipv4,botnet,high,WHITE,blocklist.de/bots|blocklist.de/all|ziyadnz/hourly-ipv4,blocklist.de|bot|irc-bot|brute-force|ziyadnz|hourly,2026-08-17T18:48:05Z,2026-08-17T18:48:05Z,
198.244.240.227,ipv4,botnet,high,WHITE,blocklist.de/bots|blocklist.de/all|ziyadnz/hourly-ipv4,blocklist.de|bot|irc-bot|brute-force|ziyadnz|hourly,2026-08-17T18:48:05Z,2026-08-17T18:48:05Z,
198.244.240.228,ipv4,botnet,high,WHITE,blocklist.de/bots|blocklist.de/all|ziyadnz/hourly-ipv4,blocklist.de|bot|irc-bot|brute-force|ziyadnz|hourly,2026-08-17T18:48:05Z,2026-08-17T18:48:05Z,
198.244.240.229,ipv4,botnet,high,WHITE,blocklist.de/bots|blocklist.de/all|ziyadnz/hourly-ipv4,blocklist.de|bot|irc-bot|brute-force|ziyadnz|hourly,2026-08-17T18:48:05Z,2026-08-17T18:48:05Z,
198.244.240.230,ipv4,botnet,high,WHITE,blocklist.de/bots|blocklist.de/all|ziyadnz/hourly-ipv4,blocklist.de|bot|irc-bot|brute-force|ziyadnz|hourly,2026-08-17T18:48:05Z,2026-08-17T18:48:05Z,
198.244.240.231,ipv4,botnet,high,WHITE,blocklist.de/bots|blocklist.de/all|ziyadnz/hourly-ipv4,blocklist.de|bot|irc-bot|brute-force|ziyadnz|hourly,2026-08-17T18:48:05Z,2026-08-17T18:48:05Z,
198.244.240.233,ipv4,botnet,high,WHITE,blocklist.de/bots|blocklist.de/all|ziyadnz/hourly-ipv4,blocklist.de|bot|irc-bot|brute-force|ziyadnz|hourly,2026-08-17T18:48:05Z,2026-08-17T18:48:05Z,
198.244.240.235,ipv4,botnet,high,WHITE,blocklist.de/bots|blocklist.de/all|ziyadnz/hourly-ipv4,blocklist.de|bot|irc-bot|brute-force|ziyadnz|hourly,2026-08-17T18:48:05Z,2026-08-17T18:48:05Z,
198.244.240.238,ipv4,botnet,high,WHITE,blocklist.de/bots|blocklist.de/all|ziyadnz/hourly-ipv4,blocklist.de|bot|irc-bot|brute-force|ziyadnz|hourly,2026-08-17T18:48:05Z,2026-08-17T18:48:05Z,
198.244.240.239,ipv4,botnet,high,WHITE,blocklist.de/bots|blocklist.de/all|ziyadnz/hourly-ipv4,blocklist.de|bot|irc-bot|brute-force|ziyadnz|hourly,2026-08-17T18:48:05Z,2026-08-17T18:48:05Z,
198.244.240.241,ipv4,botnet,high,WHITE,blocklist.de/bots|blocklist.de/all|ziyadnz/hourly-ipv4,blocklist.de|bot|irc-bot|brute-force|ziyadnz|hourly,2026-08-17T18:48:05Z,2026-08-17T18:48:05Z,
198.244.240.245,ipv4,botnet,high,WHITE,blocklist.de/bots|blocklist.de/all|ziyadnz/hourly-ipv4,blocklist.de|bot|irc-bot|brute-force|ziyadnz|hourly,2026-08-17T18:48:05Z,2026-08-17T18:48:05Z,
198.244.240.248,ipv4,botnet,high,WHITE,blocklist.de/bots|blocklist.de/all|ziyadnz/hourly-ipv4,blocklist.de|bot|irc-bot|brute-force|ziyadnz|hourly,2026-08-17T18:48:05Z,2026-08-17T18:48:05Z,
198.244.240.249,ipv4,botnet,high,WHITE,blocklist.de/bots|blocklist.de/all|ziyadnz/hourly-ipv4,blocklist.de|bot|irc-bot|brute-force|ziyadnz|hourly,2026-08-17T18:48:05Z,2026-08-17T18:48:05Z,
198.244.240.250,ipv4,botnet,high,WHITE,blocklist.de/bots|blocklist.de/all|ziyadnz/hourly-ipv4,blocklist.de|bot|irc-bot|brute-force|ziyadnz|hourly,2026-08-17T18:48:05Z,2026-08-17T18:48:05Z,
198.244.240.255,ipv4,botnet,high,WHITE,blocklist.de/bots|blocklist.de/all|ziyadnz/hourly-ipv4,blocklist.de|bot|irc-bot|brute-force|ziyadnz|hourly,2026-08-17T18:48:05Z,2026-08-17T18:48:05Z,
198.244.240.3,ipv4,botnet,high,WHITE,blocklist.de/bots|blocklist.de/all|ziyadnz/hourly-ipv4,blocklist.de|bot|irc-bot|brute-force|ziyadnz|hourly,2026-08-17T18:48:05Z,2026-08-17T18:48:05Z,
198.244.240.30,ipv4,botnet,high,WHITE,blocklist.de/bots|blocklist.de/all|ziyadnz/hourly-ipv4,blocklist.de|bot|irc-bot|brute-force|ziyadnz|hourly,2026-08-17T18:48:05Z,2026-08-17T18:48:05Z,
198.244.240.34,ipv4,botnet,high,WHITE,blocklist.de/bots|blocklist.de/all|ziyadnz/hourly-ipv4,blocklist.de|bot|irc-bot|brute-force|ziyadnz|hourly,2026-08-17T18:48:05Z,2026-08-17T18:48:05Z,
198.244.240.35,ipv4,botnet,high,WHITE,blocklist.de/bots|blocklist.de/all|ziyadnz/hourly-ipv4,blocklist.de|bot|irc-bot|brute-force|ziyadnz|hourly,2026-08-17T18:48:05Z,2026-08-17T18:48:05Z,
198.244.240.36,ipv4,botnet,high,WHITE,blocklist.de/bots|blocklist.de/all|ziyadnz/hourly-ipv4,blocklist.de|bot|irc-bot|brute-force|ziyadnz|hourly,2026-08-17T18:48:05Z,2026-08-17T18:48:05Z,
198.244.240.37,ipv4,botnet,high,WHITE,blocklist.de/bots|blocklist.de/all|ziyadnz/hourly-ipv4,blocklist.de|bot|irc-bot|brute-force|ziyadnz|hourly,2026-08-17T18:48:05Z,2026-08-17T18:48:05Z,
198.244.240.38,ipv4,botnet,high,WHITE,blocklist.de/bots|blocklist.de/all|ziyadnz/hourly-ipv4,blocklist.de|bot|irc-bot|brute-force|ziyadnz|hourly,2026-08-17T18:48:05Z,2026-08-17T18:48:05Z,
198.244.240.4,ipv4,botnet,high,WHITE,blocklist.de/bots|blocklist.de/all|ziyadnz/hourly-ipv4,blocklist.de|bot|irc-bot|brute-force|ziyadnz|hourly,2026-08-17T18:48:05Z,2026-08-17T18:48:05Z,
198.244.240.45,ipv4,botnet,high,WHITE,blocklist.de/bots|blocklist.de/all|ziyadnz/hourly-ipv4,blocklist.de|bot|irc-bot|brute-force|ziyadnz|hourly,2026-08-17T18:48:05Z,2026-08-17T18:48:05Z,
198.244.240.47,ipv4,botnet,high,WHITE,blocklist.de/bots|blocklist.de/all|ziyadnz/hourly-ipv4,blocklist.de|bot|irc-bot|brute-force|ziyadnz|hourly,2026-08-17T18:48:05Z,2026-08-17T18:48:05Z,
198.244.240.5,ipv4,botnet,medium,WHITE,blocklist.de/bots|blocklist.de/all,blocklist.de|bot|irc-bot|brute-force|ziyadnz|hourly,2026-08-17T18:48:05Z,2026-08-17T18:48:05Z,
198.244.240.50,ipv4,botnet,high,WHITE,blocklist.de/bots|blocklist.de/all|ziyadnz/hourly-ipv4,blocklist.de|bot|irc-bot|brute-force|ziyadnz|hourly,2026-08-17T18:48:05Z,2026-08-17T18:48:05Z,
198.244.240.54,ipv4,botnet,high,WHITE,blocklist.de/bots|blocklist.de/all|ziyadnz/hourly-ipv4,blocklist.de|bot|irc-bot|brute-force|ziyadnz|hourly,2026-08-17T18:48:05Z,2026-08-17T18:48:05Z,
198.244.240.56,ipv4,botnet,high,WHITE,blocklist.de/bots|blocklist.de/all|ziyadnz/hourly-ipv4,blocklist.de|bot|irc-bot|brute-force|ziyadnz|hourly,2026-08-17T18:48:05Z,2026-08-17T18:48:05Z,
198.244.240.66,ipv4,botnet,high,WHITE,blocklist.de/bots|blocklist.de/all|ziyadnz/hourly-ipv4,blocklist.de|bot|irc-bot|brute-force|ziyadnz|hourly,2026-08-17T18:48:05Z,2026-08-17T18:48:05Z,
198.244.240.69,ipv4,botnet,high,WHITE,blocklist.de/bots|blocklist.de/all|ziyadnz/hourly-ipv4,blocklist.de|bot|irc-bot|brute-force|ziyadnz|hourly,2026-08-17T18:48:05Z,2026-08-17T18:48:05Z,
198.244.240.71,ipv4,botnet,high,WHITE,blocklist.de/bots|blocklist.de/all|ziyadnz/hourly-ipv4,blocklist.de|bot|irc-bot|brute-force|ziyadnz|hourly,2026-08-17T18:48:05Z,2026-08-17T18:48:05Z,
198.244.240.72,ipv4,botnet,high,WHITE,blocklist.de/bots|blocklist.de/all|ziyadnz/hourly-ipv4,blocklist.de|bot|irc-bot|brute-force|ziyadnz|hourly,2026-08-17T18:48:05Z,2026-08-17T18:48:05Z,
198.244.240.74,ipv4,botnet,high,WHITE,blocklist.de/bots|blocklist.de/all|ziyadnz/hourly-ipv4,blocklist.de|bot|irc-bot|brute-force|ziyadnz|hourly,2026-08-17T18:48:05Z,2026-08-17T18:48:05Z,
198.244.240.75,ipv4,botnet,high,WHITE,blocklist.de/bots|blocklist.de/all|ziyadnz/hourly-ipv4,blocklist.de|bot|irc-bot|brute-force|ziyadnz|hourly,2026-08-17T18:48:05Z,2026-08-17T18:48:05Z,
198.244.240.78,ipv4,botnet,high,WHITE,blocklist.de/bots|blocklist.de/all|ziyadnz/hourly-ipv4,blocklist.de|bot|irc-bot|brute-force|ziyadnz|hourly,2026-08-17T18:48:05Z,2026-08-17T18:48:05Z,
198.244.240.79,ipv4,botnet,high,WHITE,blocklist.de/bots|blocklist.de/all|ziyadnz/hourly-ipv4,blocklist.de|bot|irc-bot|brute-force|ziyadnz|hourly,2026-08-17T18:48:05Z,2026-08-17T18:48:05Z,
198.244.240.82,ipv4,botnet,high,WHITE,blocklist.de/bots|blocklist.de/all|ziyadnz/hourly-ipv4,blocklist.de|bot|irc-bot|brute-force|ziyadnz|hourly,2026-08-17T18:48:05Z,2026-08-17T18:48:05Z,
198.244.240.83,ipv4,botnet,high,WHITE,blocklist.de/bots|blocklist.de/all|ziyadnz/hourly-ipv4,blocklist.de|bot|irc-bot|brute-force|ziyadnz|hourly,2026-08-17T18:48:05Z,2026-08-17T18:48:05Z,
198.244.240.86,ipv4,botnet,high,WHITE,blocklist.de/bots|blocklist.de/all|ziyadnz/hourly-ipv4,blocklist.de|bot|irc-bot|brute-force|ziyadnz|hourly,2026-08-17T18:48:05Z,2026-08-17T18:48:05Z,
198.244.240.89,ipv4,botnet,high,WHITE,blocklist.de/bots|blocklist.de/all|ziyadnz/hourly-ipv4,blocklist.de|bot|irc-bot|brute-force|ziyadnz|hourly,2026-08-17T18:48:05Z,2026-08-17T18:48:05Z,
198.244.240.90,ipv4,botnet,high,WHITE,blocklist.de/bots|blocklist.de/all|ziyadnz/hourly-ipv4,blocklist.de|bot|irc-bot|brute-force|ziyadnz|hourly,2026-08-17T18:48:05Z,2026-08-17T18:48:05Z,
198.244.240.91,ipv4,botnet,high,WHITE,blocklist.de/bots|blocklist.de/all|ziyadnz/hourly-ipv4,blocklist.de|bot|irc-bot|brute-force|ziyadnz|hourly,2026-08-17T18:48:05Z,2026-08-17T18:48:05Z,
198.244.240.92,ipv4,botnet,high,WHITE,blocklist.de/bots|blocklist.de/all|ziyadnz/hourly-ipv4,blocklist.de|bot|irc-bot|brute-force|ziyadnz|hourly,2026-08-17T18:48:05Z,2026-08-17T18:48:05Z,
198.244.240.93,ipv4,botnet,high,WHITE,blocklist.de/bots|blocklist.de/all|ziyadnz/hourly-ipv4,blocklist.de|bot|irc-bot|brute-force|ziyadnz|hourly,2026-08-17T18:48:05Z,2026-08-17T18:48:05Z,
198.244.240.96,ipv4,botnet,high,WHITE,blocklist.de/bots|blocklist.de/all|ziyadnz/hourly-ipv4,blocklist.de|bot|irc-bot|brute-force|ziyadnz|hourly,2026-08-17T18:48:05Z,2026-08-17T18:48:05Z,
198.244.240.99,ipv4,botnet,high,WHITE,blocklist.de/bots|blocklist.de/all|ziyadnz/hourly-ipv4,blocklist.de|bot|irc-bot|brute-force|ziyadnz|hourly,2026-08-17T18:48:05Z,2026-08-17T18:48:05Z,
198.244.242.0,ipv4,botnet,high,WHITE,blocklist.de/bots|blocklist.de/all|ziyadnz/hourly-ipv4,blocklist.de|bot|irc-bot|brute-force|ziyadnz|hourly,2026-08-17T18:48:05Z,2026-08-17T18:48:05Z,
198.244.242.10,ipv4,botnet,high,WHITE,blocklist.de/bots|blocklist.de/all|ziyadnz/hourly-ipv4,blocklist.de|bot|irc-bot|brute-force|ziyadnz|hourly,2026-08-17T18:48:05Z,2026-08-17T18:48:05Z,
198.244.242.100,ipv4,botnet,medium,WHITE,blocklist.de/bots|blocklist.de/all,blocklist.de|bot|irc-bot|brute-force|ziyadnz|hourly,2026-08-17T18:48:05Z,2026-08-17T18:48:05Z,
198.244.242.101,ipv4,botnet,high,WHITE,blocklist.de/bots|blocklist.de/all|ziyadnz/hourly-ipv4,blocklist.de|bot|irc-bot|brute-force|ziyadnz|hourly,2026-08-17T18:48:05Z,2026-08-17T18:48:05Z,
198.244.242.102,ipv4,botnet,high,WHITE,blocklist.de/bots|blocklist.de/all|ziyadnz/hourly-ipv4,blocklist.de|bot|irc-bot|brute-force|ziyadnz|hourly,2026-08-17T18:48:05Z,2026-08-17T18:48:05Z,
198.244.242.105,ipv4,botnet,high,WHITE,blocklist.de/bots|blocklist.de/all|ziyadnz/hourly-ipv4,blocklist.de|bot|irc-bot|brute-force|ziyadnz|hourly,2026-08-17T18:48:05Z,2026-08-17T18:48:05Z,
198.244.242.106,ipv4,botnet,high,WHITE,blocklist.de/bots|blocklist.de/all|ziyadnz/hourly-ipv4,blocklist.de|bot|irc-bot|brute-force|ziyadnz|hourly,2026-08-17T18:48:05Z,2026-08-17T18:48:05Z,
198.244.242.108,ipv4,botnet,high,WHITE,blocklist.de/bots|blocklist.de/all|ziyadnz/hourly-ipv4,blocklist.de|bot|irc-bot|brute-force|ziyadnz|hourly,2026-08-17T18:48:05Z,2026-08-17T18:48:05Z,
198.244.242.11,ipv4,botnet,high,WHITE,blocklist.de/bots|blocklist.de/all|ziyadnz/hourly-ipv4,blocklist.de|bot|irc-bot|brute-force|ziyadnz|hourly,2026-08-17T18:48:05Z,2026-08-17T18:48:05Z,
198.244.242.111,ipv4,botnet,high,WHITE,blocklist.de/bots|blocklist.de/all|ziyadnz/hourly-ipv4,blocklist.de|bot|irc-bot|brute-force|ziyadnz|hourly,2026-08-17T18:48:05Z,2026-08-17T18:48:05Z,
198.244.242.112,ipv4,botnet,high,WHITE,blocklist.de/bots|blocklist.de/all|ziyadnz/hourly-ipv4,blocklist.de|bot|irc-bot|brute-force|ziyadnz|hourly,2026-08-17T18:48:05Z,2026-08-17T18:48:05Z,
198.244.242.113,ipv4,botnet,high,WHITE,blocklist.de/bots|blocklist.de/all|ziyadnz/hourly-ipv4,blocklist.de|bot|irc-bot|brute-force|ziyadnz|hourly,2026-08-17T18:48:05Z,2026-08-17T18:48:05Z,
198.244.242.114,ipv4,botnet,high,WHITE,blocklist.de/bots|blocklist.de/all|ziyadnz/hourly-ipv4,blocklist.de|bot|irc-bot|brute-force|ziyadnz|hourly,2026-08-17T18:48:05Z,2026-08-17T18:48:05Z,
198.244.242.120,ipv4,botnet,high,WHITE,blocklist.de/bots|blocklist.de/all|ziyadnz/hourly-ipv4,blocklist.de|bot|irc-bot|brute-force|ziyadnz|hourly,2026-08-17T18:48:05Z,2026-08-17T18:48:05Z,
198.244.242.125,ipv4,botnet,high,WHITE,blocklist.de/bots|blocklist.de/all|ziyadnz/hourly-ipv4,blocklist.de|bot|irc-bot|brute-force|ziyadnz|hourly,2026-08-17T18:48:05Z,2026-08-17T18:48:05Z,
198.244.242.126,ipv4,botnet,high,WHITE,blocklist.de/bots|blocklist.de/all|ziyadnz/hourly-ipv4,blocklist.de|bot|irc-bot|brute-force|ziyadnz|hourly,2026-08-17T18:48:05Z,2026-08-17T18:48:05Z,
198.244.242.129,ipv4,botnet,high,WHITE,blocklist.de/bots|blocklist.de/all|ziyadnz/hourly-ipv4,blocklist.de|bot|irc-bot|brute-force|ziyadnz|hourly,2026-08-17T18:48:05Z,2026-08-17T18:48:05Z,
198.244.242.130,ipv4,botnet,high,WHITE,blocklist.de/bots|blocklist.de/all|ziyadnz/hourly-ipv4,blocklist.de|bot|irc-bot|brute-force|ziyadnz|hourly,2026-08-17T18:48:05Z,2026-08-17T18:48:05Z,
198.244.242.131,ipv4,botnet,medium,WHITE,blocklist.de/bots|blocklist.de/all,blocklist.de|bot|irc-bot|brute-force|ziyadnz|hourly,2026-08-17T18:48:05Z,2026-08-17T18:48:05Z,
198.244.242.132,ipv4,botnet,high,WHITE,blocklist.de/bots|blocklist.de/all|ziyadnz/hourly-ipv4,blocklist.de|bot|irc-bot|brute-force|ziyadnz|hourly,2026-08-17T18:48:05Z,2026-08-17T18:48:05Z,
198.244.242.134,ipv4,botnet,high,WHITE,blocklist.de/bots|blocklist.de/all|ziyadnz/hourly-ipv4,blocklist.de|bot|irc-bot|brute-force|ziyadnz|hourly,2026-08-17T18:48:05Z,2026-08-17T18:48:05Z,
198.244.242.135,ipv4,botnet,high,WHITE,blocklist.de/bots|blocklist.de/all|ziyadnz/hourly-ipv4,blocklist.de|bot|irc-bot|brute-force|ziyadnz|hourly,2026-08-17T18:48:05Z,2026-08-17T18:48:05Z,
198.244.242.137,ipv4,botnet,high,WHITE,blocklist.de/bots|blocklist.de/all|ziyadnz/hourly-ipv4,blocklist.de|bot|irc-bot|brute-force|ziyadnz|hourly,2026-08-17T18:48:05Z,2026-08-17T18:48:05Z,
198.244.242.139,ipv4,botnet,high,WHITE,blocklist.de/bots|blocklist.de/all|ziyadnz/hourly-ipv4,blocklist.de|bot|irc-bot|brute-force|ziyadnz|hourly,2026-08-17T18:48:05Z,2026-08-17T18:48:05Z,
198.244.242.142,ipv4,botnet,high,WHITE,blocklist.de/bots|blocklist.de/all|ziyadnz/hourly-ipv4,blocklist.de|bot|irc-bot|brute-force|ziyadnz|hourly,2026-08-17T18:48:05Z,2026-08-17T18:48:05Z,
198.244.242.143,ipv4,botnet,high,WHITE,blocklist.de/bots|blocklist.de/all|ziyadnz/hourly-ipv4,blocklist.de|bot|irc-bot|brute-force|ziyadnz|hourly,2026-08-17T18:48:05Z,2026-08-17T18:48:05Z,
198.244.242.144,ipv4,botnet,medium,WHITE,blocklist.de/bots|blocklist.de/all,blocklist.de|bot|irc-bot|brute-force|ziyadnz|hourly,2026-08-17T18:48:05Z,2026-08-17T18:48:05Z,
198.244.242.147,ipv4,botnet,high,WHITE,blocklist.de/bots|blocklist.de/all|ziyadnz/hourly-ipv4,blocklist.de|bot|irc-bot|brute-force|ziyadnz|hourly,2026-08-17T18:48:05Z,2026-08-17T18:48:05Z,
198.244.242.15,ipv4,botnet,high,WHITE,blocklist.de/bots|blocklist.de/all|ziyadnz/hourly-ipv4,blocklist.de|bot|irc-bot|brute-force|ziyadnz|hourly,2026-08-17T18:48:05Z,2026-08-17T18:48:05Z,
198.244.242.152,ipv4,botnet,high,WHITE,blocklist.de/bots|blocklist.de/all|ziyadnz/hourly-ipv4,blocklist.de|bot|irc-bot|brute-force|ziyadnz|hourly,2026-08-17T18:48:05Z,2026-08-17T18:48:05Z,
198.244.242.153,ipv4,botnet,high,WHITE,blocklist.de/bots|blocklist.de/all|ziyadnz/hourly-ipv4,blocklist.de|bot|irc-bot|brute-force|ziyadnz|hourly,2026-08-17T18:48:05Z,2026-08-17T18:48:05Z,
198.244.242.154,ipv4,botnet,high,WHITE,blocklist.de/bots|blocklist.de/all|ziyadnz/hourly-ipv4,blocklist.de|bot|irc-bot|brute-force|ziyadnz|hourly,2026-08-17T18:48:05Z,2026-08-17T18:48:05Z,
198.244.242.157,ipv4,botnet,high,WHITE,blocklist.de/bots|blocklist.de/all|ziyadnz/hourly-ipv4,blocklist.de|bot|irc-bot|brute-force|ziyadnz|hourly,2026-08-17T18:48:05Z,2026-08-17T18:48:05Z,
198.244.242.158,ipv4,botnet,high,WHITE,blocklist.de/bots|blocklist.de/all|ziyadnz/hourly-ipv4,blocklist.de|bot|irc-bot|brute-force|ziyadnz|hourly,2026-08-17T18:48:05Z,2026-08-17T18:48:05Z,
198.244.242.159,ipv4,botnet,high,WHITE,blocklist.de/bots|blocklist.de/all|ziyadnz/hourly-ipv4,blocklist.de|bot|irc-bot|brute-force|ziyadnz|hourly,2026-08-17T18:48:05Z,2026-08-17T18:48:05Z,
198.244.242.161,ipv4,botnet,high,WHITE,blocklist.de/bots|blocklist.de/all|ziyadnz/hourly-ipv4,blocklist.de|bot|irc-bot|brute-force|ziyadnz|hourly,2026-08-17T18:48:05Z,2026-08-17T18:48:05Z,
198.244.242.162,ipv4,botnet,high,WHITE,blocklist.de/bots|blocklist.de/all|ziyadnz/hourly-ipv4,blocklist.de|bot|irc-bot|brute-force|ziyadnz|hourly,2026-08-17T18:48:05Z,2026-08-17T18:48:05Z,
198.244.242.164,ipv4,botnet,high,WHITE,blocklist.de/bots|blocklist.de/all|ziyadnz/hourly-ipv4,blocklist.de|bot|irc-bot|brute-force|ziyadnz|hourly,2026-08-17T18:48:05Z,2026-08-17T18:48:05Z,
198.244.242.169,ipv4,botnet,high,WHITE,blocklist.de/bots|blocklist.de/all|ziyadnz/hourly-ipv4,blocklist.de|bot|irc-bot|brute-force|ziyadnz|hourly,2026-08-17T18:48:05Z,2026-08-17T18:48:05Z,
198.244.242.17,ipv4,botnet,high,WHITE,blocklist.de/bots|blocklist.de/all|ziyadnz/hourly-ipv4,blocklist.de|bot|irc-bot|brute-force|ziyadnz|hourly,2026-08-17T18:48:05Z,2026-08-17T18:48:05Z,
198.244.242.170,ipv4,botnet,high,WHITE,blocklist.de/bots|blocklist.de/all|ziyadnz/hourly-ipv4,blocklist.de|bot|irc-bot|brute-force|ziyadnz|hourly,2026-08-17T18:48:05Z,2026-08-17T18:48:05Z,
198.244.242.172,ipv4,botnet,high,WHITE,blocklist.de/bots|blocklist.de/all|ziyadnz/hourly-ipv4,blocklist.de|bot|irc-bot|brute-force|ziyadnz|hourly,2026-08-17T18:48:05Z,2026-08-17T18:48:05Z,
198.244.242.174,ipv4,botnet,high,WHITE,blocklist.de/bots|blocklist.de/all|ziyadnz/hourly-ipv4,blocklist.de|bot|irc-bot|brute-force|ziyadnz|hourly,2026-08-17T18:48:05Z,2026-08-17T18:48:05Z,
198.244.242.177,ipv4,botnet,high,WHITE,blocklist.de/bots|blocklist.de/all|ziyadnz/hourly-ipv4,blocklist.de|bot|irc-bot|brute-force|ziyadnz|hourly,2026-08-17T18:48:05Z,2026-08-17T18:48:05Z,
198.244.242.181,ipv4,botnet,high,WHITE,blocklist.de/bots|blocklist.de/all|ziyadnz/hourly-ipv4,blocklist.de|bot|irc-bot|brute-force|ziyadnz|hourly,2026-08-17T18:48:05Z,2026-08-17T18:48:05Z,
198.244.242.183,ipv4,botnet,high,WHITE,blocklist.de/bots|blocklist.de/all|ziyadnz/hourly-ipv4,blocklist.de|bot|irc-bot|brute-force|ziyadnz|hourly,2026-08-17T18:48:05Z,2026-08-17T18:48:05Z,
198.244.242.185,ipv4,botnet,high,WHITE,blocklist.de/bots|blocklist.de/all|ziyadnz/hourly-ipv4,blocklist.de|bot|irc-bot|brute-force|ziyadnz|hourly,2026-08-17T18:48:05Z,2026-08-17T18:48:05Z,
198.244.242.186,ipv4,botnet,high,WHITE,blocklist.de/bots|blocklist.de/all|ziyadnz/hourly-ipv4,blocklist.de|bot|irc-bot|brute-force|ziyadnz|hourly,2026-08-17T18:48:05Z,2026-08-17T18:48:05Z,
198.244.242.19,ipv4,botnet,high,WHITE,blocklist.de/bots|blocklist.de/all|ziyadnz/hourly-ipv4,blocklist.de|bot|irc-bot|brute-force|ziyadnz|hourly,2026-08-17T18:48:05Z,2026-08-17T18:48:05Z,
198.244.242.191,ipv4,botnet,high,WHITE,blocklist.de/bots|blocklist.de/all|ziyadnz/hourly-ipv4,blocklist.de|bot|irc-bot|brute-force|ziyadnz|hourly,2026-08-17T18:48:05Z,2026-08-17T18:48:05Z,
198.244.242.192,ipv4,botnet,high,WHITE,blocklist.de/bots|blocklist.de/all|ziyadnz/hourly-ipv4,blocklist.de|bot|irc-bot|brute-force|ziyadnz|hourly,2026-08-17T18:48:05Z,2026-08-17T18:48:05Z,
198.244.242.193,ipv4,botnet,high,WHITE,blocklist.de/bots|blocklist.de/all|ziyadnz/hourly-ipv4,blocklist.de|bot|irc-bot|brute-force|ziyadnz|hourly,2026-08-17T18:48:05Z,2026-08-17T18:48:05Z,
198.244.242.194,ipv4,botnet,high,WHITE,blocklist.de/bots|blocklist.de/all|ziyadnz/hourly-ipv4,blocklist.de|bot|irc-bot|brute-force|ziyadnz|hourly,2026-08-17T18:48:05Z,2026-08-17T18:48:05Z,
198.244.242.196,ipv4,botnet,high,WHITE,blocklist.de/bots|blocklist.de/all|ziyadnz/hourly-ipv4,blocklist.de|bot|irc-bot|brute-force|ziyadnz|hourly,2026-08-17T18:48:05Z,2026-08-17T18:48:05Z,
198.244.242.197,ipv4,botnet,high,WHITE,blocklist.de/bots|blocklist.de/all|ziyadnz/hourly-ipv4,blocklist.de|bot|irc-bot|brute-force|ziyadnz|hourly,2026-08-17T18:48:05Z,2026-08-17T18:48:05Z,
198.244.242.199,ipv4,botnet,high,WHITE,blocklist.de/bots|blocklist.de/all|ziyadnz/hourly-ipv4,blocklist.de|bot|irc-bot|brute-force|ziyadnz|hourly,2026-08-17T18:48:05Z,2026-08-17T18:48:05Z,
198.244.242.2,ipv4,botnet,high,WHITE,blocklist.de/bots|blocklist.de/all|ziyadnz/hourly-ipv4,blocklist.de|bot|irc-bot|brute-force|ziyadnz|hourly,2026-08-17T18:48:05Z,2026-08-17T18:48:05Z,
198.244.242.203,ipv4,botnet,high,WHITE,blocklist.de/bots|blocklist.de/all|ziyadnz/hourly-ipv4,blocklist.de|bot|irc-bot|brute-force|ziyadnz|hourly,2026-08-17T18:48:05Z,2026-08-17T18:48:05Z,
198.244.242.205,ipv4,botnet,high,WHITE,blocklist.de/bots|blocklist.de/all|ziyadnz/hourly-ipv4,blocklist.de|bot|irc-bot|brute-force|ziyadnz|hourly,2026-08-17T18:48:05Z,2026-08-17T18:48:05Z,
198.244.242.208,ipv4,botnet,high,WHITE,blocklist.de/bots|blocklist.de/all|ziyadnz/hourly-ipv4,blocklist.de|bot|irc-bot|brute-force|ziyadnz|hourly,2026-08-17T18:48:05Z,2026-08-17T18:48:05Z,
198.244.242.209,ipv4,botnet,high,WHITE,blocklist.de/bots|blocklist.de/all|ziyadnz/hourly-ipv4,blocklist.de|bot|irc-bot|brute-force|ziyadnz|hourly,2026-08-17T18:48:05Z,2026-08-17T18:48:05Z,
198.244.242.210,ipv4,botnet,high,WHITE,blocklist.de/bots|blocklist.de/all|ziyadnz/hourly-ipv4,blocklist.de|bot|irc-bot|brute-force|ziyadnz|hourly,2026-08-17T18:48:05Z,2026-08-17T18:48:05Z,
198.244.242.211,ipv4,botnet,high,WHITE,blocklist.de/bots|blocklist.de/all|ziyadnz/hourly-ipv4,blocklist.de|bot|irc-bot|brute-force|ziyadnz|hourly,2026-08-17T18:48:05Z,2026-08-17T18:48:05Z,
198.244.242.214,ipv4,botnet,high,WHITE,blocklist.de/bots|blocklist.de/all|ziyadnz/hourly-ipv4,blocklist.de|bot|irc-bot|brute-force|ziyadnz|hourly,2026-08-17T18:48:05Z,2026-08-17T18:48:05Z,
198.244.242.215,ipv4,botnet,high,WHITE,blocklist.de/bots|blocklist.de/all|ziyadnz/hourly-ipv4,blocklist.de|bot|irc-bot|brute-force|ziyadnz|hourly,2026-08-17T18:48:05Z,2026-08-17T18:48:05Z,
198.244.242.217,ipv4,botnet,high,WHITE,blocklist.de/bots|blocklist.de/all|ziyadnz/hourly-ipv4,blocklist.de|bot|irc-bot|brute-force|ziyadnz|hourly,2026-08-17T18:48:05Z,2026-08-17T18:48:05Z,
198.244.242.219,ipv4,botnet,high,WHITE,blocklist.de/bots|blocklist.de/all|ziyadnz/hourly-ipv4,blocklist.de|bot|irc-bot|brute-force|ziyadnz|hourly,2026-08-17T18:48:05Z,2026-08-17T18:48:05Z,
198.244.242.220,ipv4,botnet,high,WHITE,blocklist.de/bots|blocklist.de/all|ziyadnz/hourly-ipv4,blocklist.de|bot|irc-bot|brute-force|ziyadnz|hourly,2026-08-17T18:48:05Z,2026-08-17T18:48:05Z,
198.244.242.223,ipv4,botnet,high,WHITE,blocklist.de/bots|blocklist.de/all|ziyadnz/hourly-ipv4,blocklist.de|bot|irc-bot|brute-force|ziyadnz|hourly,2026-08-17T18:48:05Z,2026-08-17T18:48:05Z,
198.244.242.224,ipv4,botnet,high,WHITE,blocklist.de/bots|blocklist.de/all|ziyadnz/hourly-ipv4,blocklist.de|bot|irc-bot|brute-force|ziyadnz|hourly,2026-08-17T18:48:05Z,2026-08-17T18:48:05Z,
198.244.242.228,ipv4,botnet,high,WHITE,blocklist.de/bots|blocklist.de/all|ziyadnz/hourly-ipv4,blocklist.de|bot|irc-bot|brute-force|ziyadnz|hourly,2026-08-17T18:48:05Z,2026-08-17T18:48:05Z,
198.244.242.229,ipv4,botnet,high,WHITE,blocklist.de/bots|blocklist.de/all|ziyadnz/hourly-ipv4,blocklist.de|bot|irc-bot|brute-force|ziyadnz|hourly,2026-08-17T18:48:05Z,2026-08-17T18:48:05Z,
198.244.242.231,ipv4,botnet,high,WHITE,blocklist.de/bots|blocklist.de/all|ziyadnz/hourly-ipv4,blocklist.de|bot|irc-bot|brute-force|ziyadnz|hourly,2026-08-17T18:48:05Z,2026-08-17T18:48:05Z,
198.244.242.232,ipv4,botnet,high,WHITE,blocklist.de/bots|blocklist.de/all|ziyadnz/hourly-ipv4,blocklist.de|bot|irc-bot|brute-force|ziyadnz|hourly,2026-08-17T18:48:05Z,2026-08-17T18:48:05Z,
198.244.242.234,ipv4,botnet,high,WHITE,blocklist.de/bots|blocklist.de/all|ziyadnz/hourly-ipv4,blocklist.de|bot|irc-bot|brute-force|ziyadnz|hourly,2026-08-17T18:48:05Z,2026-08-17T18:48:05Z,
198.244.242.240,ipv4,botnet,high,WHITE,blocklist.de/bots|blocklist.de/all|ziyadnz/hourly-ipv4,blocklist.de|bot|irc-bot|brute-force|ziyadnz|hourly,2026-08-17T18:48:05Z,2026-08-17T18:48:05Z,
198.244.242.244,ipv4,botnet,high,WHITE,blocklist.de/bots|blocklist.de/all|ziyadnz/hourly-ipv4,blocklist.de|bot|irc-bot|brute-force|ziyadnz|hourly,2026-08-17T18:48:05Z,2026-08-17T18:48:05Z,
198.244.242.249,ipv4,botnet,high,WHITE,blocklist.de/bots|blocklist.de/all|ziyadnz/hourly-ipv4,blocklist.de|bot|irc-bot|brute-force|ziyadnz|hourly,2026-08-17T18:48:05Z,2026-08-17T18:48:05Z,
198.244.242.250,ipv4,botnet,high,WHITE,blocklist.de/bots|blocklist.de/all|ziyadnz/hourly-ipv4,blocklist.de|bot|irc-bot|brute-force|ziyadnz|hourly,2026-08-17T18:48:05Z,2026-08-17T18:48:05Z,
198.244.242.253,ipv4,botnet,high,WHITE,blocklist.de/bots|blocklist.de/all|ziyadnz/hourly-ipv4,blocklist.de|bot|irc-bot|brute-force|ziyadnz|hourly,2026-08-17T18:48:05Z,2026-08-17T18:48:05Z,
198.244.242.26,ipv4,botnet,high,WHITE,blocklist.de/bots|blocklist.de/all|ziyadnz/hourly-ipv4,blocklist.de|bot|irc-bot|brute-force|ziyadnz|hourly,2026-08-17T18:48:05Z,2026-08-17T18:48:05Z,
198.244.242.27,ipv4,botnet,high,WHITE,blocklist.de/bots|blocklist.de/all|ziyadnz/hourly-ipv4,blocklist.de|bot|irc-bot|brute-force|ziyadnz|hourly,2026-08-17T18:48:05Z,2026-08-17T18:48:05Z,
198.244.242.29,ipv4,botnet,high,WHITE,blocklist.de/bots|blocklist.de/all|ziyadnz/hourly-ipv4,blocklist.de|bot|irc-bot|brute-force|ziyadnz|hourly,2026-08-17T18:48:05Z,2026-08-17T18:48:05Z,
198.244.242.31,ipv4,botnet,high,WHITE,blocklist.de/bots|blocklist.de/all|ziyadnz/hourly-ipv4,blocklist.de|bot|irc-bot|brute-force|ziyadnz|hourly,2026-08-17T18:48:05Z,2026-08-17T18:48:05Z,
198.244.242.32,ipv4,botnet,high,WHITE,blocklist.de/bots|blocklist.de/all|ziyadnz/hourly-ipv4,blocklist.de|bot|irc-bot|brute-force|ziyadnz|hourly,2026-08-17T18:48:05Z,2026-08-17T18:48:05Z,
198.244.242.34,ipv4,botnet,high,WHITE,blocklist.de/bots|blocklist.de/all|ziyadnz/hourly-ipv4,blocklist.de|bot|irc-bot|brute-force|ziyadnz|hourly,2026-08-17T18:48:05Z,2026-08-17T18:48:05Z,
198.244.242.35,ipv4,botnet,high,WHITE,blocklist.de/bots|blocklist.de/all|ziyadnz/hourly-ipv4,blocklist.de|bot|irc-bot|brute-force|ziyadnz|hourly,2026-08-17T18:48:05Z,2026-08-17T18:48:05Z,
198.244.242.37,ipv4,botnet,high,WHITE,blocklist.de/bots|blocklist.de/all|ziyadnz/hourly-ipv4,blocklist.de|bot|irc-bot|brute-force|ziyadnz|hourly,2026-08-17T18:48:05Z,2026-08-17T18:48:05Z,
198.244.242.38,ipv4,botnet,high,WHITE,blocklist.de/bots|blocklist.de/all|ziyadnz/hourly-ipv4,blocklist.de|bot|irc-bot|brute-force|ziyadnz|hourly,2026-08-17T18:48:05Z,2026-08-17T18:48:05Z,
198.244.242.39,ipv4,botnet,high,WHITE,blocklist.de/bots|blocklist.de/all|ziyadnz/hourly-ipv4,blocklist.de|bot|irc-bot|brute-force|ziyadnz|hourly,2026-08-17T18:48:05Z,2026-08-17T18:48:05Z,
198.244.242.4,ipv4,botnet,high,WHITE,blocklist.de/bots|blocklist.de/all|ziyadnz/hourly-ipv4,blocklist.de|bot|irc-bot|brute-force|ziyadnz|hourly,2026-08-17T18:48:05Z,2026-08-17T18:48:05Z,
198.244.242.42,ipv4,botnet,high,WHITE,blocklist.de/bots|blocklist.de/all|ziyadnz/hourly-ipv4,blocklist.de|bot|irc-bot|brute-force|ziyadnz|hourly,2026-08-17T18:48:05Z,2026-08-17T18:48:05Z,
198.244.242.46,ipv4,botnet,high,WHITE,blocklist.de/bots|blocklist.de/all|ziyadnz/hourly-ipv4,blocklist.de|bot|irc-bot|brute-force|ziyadnz|hourly,2026-08-17T18:48:05Z,2026-08-17T18:48:05Z,
198.244.242.47,ipv4,botnet,high,WHITE,blocklist.de/bots|blocklist.de/all|ziyadnz/hourly-ipv4,blocklist.de|bot|irc-bot|brute-force|ziyadnz|hourly,2026-08-17T18:48:05Z,2026-08-17T18:48:05Z,
198.244.242.50,ipv4,botnet,high,WHITE,blocklist.de/bots|blocklist.de/all|ziyadnz/hourly-ipv4,blocklist.de|bot|irc-bot|brute-force|ziyadnz|hourly,2026-08-17T18:48:05Z,2026-08-17T18:48:05Z,
198.244.242.51,ipv4,botnet,high,WHITE,blocklist.de/bots|blocklist.de/all|ziyadnz/hourly-ipv4,blocklist.de|bot|irc-bot|brute-force|ziyadnz|hourly,2026-08-17T18:48:05Z,2026-08-17T18:48:05Z,
198.244.242.56,ipv4,botnet,high,WHITE,blocklist.de/bots|blocklist.de/all|ziyadnz/hourly-ipv4,blocklist.de|bot|irc-bot|brute-force|ziyadnz|hourly,2026-08-17T18:48:05Z,2026-08-17T18:48:05Z,
198.244.242.57,ipv4,botnet,medium,WHITE,blocklist.de/bots|blocklist.de/all,blocklist.de|bot|irc-bot|brute-force|ziyadnz|hourly,2026-08-17T18:48:05Z,2026-08-17T18:48:05Z,
198.244.242.6,ipv4,botnet,high,WHITE,blocklist.de/bots|blocklist.de/all|ziyadnz/hourly-ipv4,blocklist.de|bot|irc-bot|brute-force|ziyadnz|hourly,2026-08-17T18:48:05Z,2026-08-17T18:48:05Z,
198.244.242.63,ipv4,botnet,high,WHITE,blocklist.de/bots|blocklist.de/all|ziyadnz/hourly-ipv4,blocklist.de|bot|irc-bot|brute-force|ziyadnz|hourly,2026-08-17T18:48:05Z,2026-08-17T18:48:05Z,
198.244.242.64,ipv4,botnet,high,WHITE,blocklist.de/bots|blocklist.de/all|ziyadnz/hourly-ipv4,blocklist.de|bot|irc-bot|brute-force|ziyadnz|hourly,2026-08-17T18:48:05Z,2026-08-17T18:48:05Z,
198.244.242.65,ipv4,botnet,high,WHITE,blocklist.de/bots|blocklist.de/all|ziyadnz/hourly-ipv4,blocklist.de|bot|irc-bot|brute-force|ziyadnz|hourly,2026-08-17T18:48:05Z,2026-08-17T18:48:05Z,
198.244.242.67,ipv4,botnet,high,WHITE,blocklist.de/bots|blocklist.de/all|ziyadnz/hourly-ipv4,blocklist.de|bot|irc-bot|brute-force|ziyadnz|hourly,2026-08-17T18:48:05Z,2026-08-17T18:48:05Z,
198.244.242.68,ipv4,botnet,high,WHITE,blocklist.de/bots|blocklist.de/all|ziyadnz/hourly-ipv4,blocklist.de|bot|irc-bot|brute-force|ziyadnz|hourly,2026-08-17T18:48:05Z,2026-08-17T18:48:05Z,
198.244.242.69,ipv4,botnet,high,WHITE,blocklist.de/bots|blocklist.de/all|ziyadnz/hourly-ipv4,blocklist.de|bot|irc-bot|brute-force|ziyadnz|hourly,2026-08-17T18:48:05Z,2026-08-17T18:48:05Z,
198.244.242.70,ipv4,botnet,high,WHITE,blocklist.de/bots|blocklist.de/all|ziyadnz/hourly-ipv4,blocklist.de|bot|irc-bot|brute-force|ziyadnz|hourly,2026-08-17T18:48:05Z,2026-08-17T18:48:05Z,
198.244.242.71,ipv4,botnet,high,WHITE,blocklist.de/bots|blocklist.de/all|ziyadnz/hourly-ipv4,blocklist.de|bot|irc-bot|brute-force|ziyadnz|hourly,2026-08-17T18:48:05Z,2026-08-17T18:48:05Z,
198.244.242.73,ipv4,botnet,high,WHITE,blocklist.de/bots|blocklist.de/all|ziyadnz/hourly-ipv4,blocklist.de|bot|irc-bot|brute-force|ziyadnz|hourly,2026-08-17T18:48:05Z,2026-08-17T18:48:05Z,
198.244.242.74,ipv4,botnet,high,WHITE,blocklist.de/bots|blocklist.de/all|ziyadnz/hourly-ipv4,blocklist.de|bot|irc-bot|brute-force|ziyadnz|hourly,2026-08-17T18:48:05Z,2026-08-17T18:48:05Z,
198.244.242.75,ipv4,botnet,high,WHITE,blocklist.de/bots|blocklist.de/all|ziyadnz/hourly-ipv4,blocklist.de|bot|irc-bot|brute-force|ziyadnz|hourly,2026-08-17T18:48:05Z,2026-08-17T18:48:05Z,
198.244.242.76,ipv4,botnet,high,WHITE,blocklist.de/bots|blocklist.de/all|ziyadnz/hourly-ipv4,blocklist.de|bot|irc-bot|brute-force|ziyadnz|hourly,2026-08-17T18:48:05Z,2026-08-17T18:48:05Z,
198.244.242.77,ipv4,botnet,high,WHITE,blocklist.de/bots|blocklist.de/all|ziyadnz/hourly-ipv4,blocklist.de|bot|irc-bot|brute-force|ziyadnz|hourly,2026-08-17T18:48:05Z,2026-08-17T18:48:05Z,
198.244.242.78,ipv4,botnet,high,WHITE,blocklist.de/bots|blocklist.de/all|ziyadnz/hourly-ipv4,blocklist.de|bot|irc-bot|brute-force|ziyadnz|hourly,2026-08-17T18:48:05Z,2026-08-17T18:48:05Z,
198.244.242.88,ipv4,botnet,high,WHITE,blocklist.de/bots|blocklist.de/all|ziyadnz/hourly-ipv4,blocklist.de|bot|irc-bot|brute-force|ziyadnz|hourly,2026-08-17T18:48:05Z,2026-08-17T18:48:05Z,
198.244.242.89,ipv4,botnet,high,WHITE,blocklist.de/bots|blocklist.de/all|ziyadnz/hourly-ipv4,blocklist.de|bot|irc-bot|brute-force|ziyadnz|hourly,2026-08-17T18:48:05Z,2026-08-17T18:48:05Z,
198.244.242.9,ipv4,botnet,high,WHITE,blocklist.de/bots|blocklist.de/all|ziyadnz/hourly-ipv4,blocklist.de|bot|irc-bot|brute-force|ziyadnz|hourly,2026-08-17T18:48:05Z,2026-08-17T18:48:05Z,
198.244.242.90,ipv4,botnet,high,WHITE,blocklist.de/bots|blocklist.de/all|ziyadnz/hourly-ipv4,blocklist.de|bot|irc-bot|brute-force|ziyadnz|hourly,2026-08-17T18:48:05Z,2026-08-17T18:48:05Z,
198.244.242.92,ipv4,botnet,high,WHITE,blocklist.de/bots|blocklist.de/all|ziyadnz/hourly-ipv4,blocklist.de|bot|irc-bot|brute-force|ziyadnz|hourly,2026-08-17T18:48:05Z,2026-08-17T18:48:05Z,
198.244.242.93,ipv4,botnet,high,WHITE,blocklist.de/bots|blocklist.de/all|ziyadnz/hourly-ipv4,blocklist.de|bot|irc-bot|brute-force|ziyadnz|hourly,2026-08-17T18:48:05Z,2026-08-17T18:48:05Z,
198.244.242.96,ipv4,botnet,high,WHITE,blocklist.de/bots|blocklist.de/all|ziyadnz/hourly-ipv4,blocklist.de|bot|irc-bot|brute-force|ziyadnz|hourly,2026-08-17T18:48:05Z,2026-08-17T18:48:05Z,
198.244.242.98,ipv4,botnet,high,WHITE,blocklist.de/bots|blocklist.de/all|ziyadnz/hourly-ipv4,blocklist.de|bot|irc-bot|brute-force|ziyadnz|hourly,2026-08-17T18:48:05Z,2026-08-17T18:48:05Z,
198.244.242.99,ipv4,botnet,high,WHITE,blocklist.de/bots|blocklist.de/all|ziyadnz/hourly-ipv4,blocklist.de|bot|irc-bot|brute-force|ziyadnz|hourly,2026-08-17T18:48:05Z,2026-08-17T18:48:05Z,
199.192.23.37,ipv4,botnet,high,WHITE,blocklist.de/bots|blocklist.de/all|ziyadnz/hourly-ipv4,blocklist.de|bot|irc-bot|brute-force|ziyadnz|hourly,2026-08-17T18:48:05Z,2026-08-17T18:48:05Z,
2.27.11.30,ipv4,botnet,high,WHITE,blocklist.de/bots|blocklist.de/all|ziyadnz/hourly-ipv4,blocklist.de|bot|irc-bot|brute-force|ziyadnz|hourly,2026-08-17T18:48:05Z,2026-08-17T18:48:05Z,
2.50.155.88,ipv4,botnet,high,WHITE,blocklist.de/bots|blocklist.de/all|ziyadnz/hourly-ipv4,blocklist.de|bot|irc-bot|brute-force|ziyadnz|hourly,2026-08-17T18:48:05Z,2026-08-17T18:48:05Z,
2.50.20.130,ipv4,botnet,high,WHITE,blocklist.de/bots|blocklist.de/all|ziyadnz/hourly-ipv4,blocklist.de|bot|irc-bot|brute-force|ziyadnz|hourly,2026-08-17T18:48:05Z,2026-08-17T18:48:05Z,
2.51.186.124,ipv4,botnet,high,WHITE,blocklist.de/bots|blocklist.de/all|ziyadnz/hourly-ipv4,blocklist.de|bot|irc-bot|brute-force|ziyadnz|hourly,2026-08-17T18:48:05Z,2026-08-17T18:48:05Z,
2.56.190.158,ipv4,botnet,high,WHITE,blocklist.de/bots|blocklist.de/all|ziyadnz/hourly-ipv4,blocklist.de|bot|irc-bot|brute-force|ziyadnz|hourly,2026-08-17T18:48:05Z,2026-08-17T18:48:05Z,
2.99.36.197,ipv4,botnet,high,WHITE,blocklist.de/bots|blocklist.de/all|ziyadnz/hourly-ipv4,blocklist.de|bot|irc-bot|brute-force|ziyadnz|hourly,2026-08-17T18:48:05Z,2026-08-17T18:48:05Z,
20.118.216.125,ipv4,botnet,high,WHITE,blocklist.de/bots|blocklist.de/all|ziyadnz/hourly-ipv4,blocklist.de|bot|irc-bot|brute-force|ziyadnz|hourly,2026-08-17T18:48:05Z,2026-08-17T18:48:05Z,
20.124.247.79,ipv4,botnet,high,WHITE,blocklist.de/bots|blocklist.de/all|ziyadnz/hourly-ipv4,blocklist.de|bot|irc-bot|brute-force|ziyadnz|hourly,2026-08-17T18:48:05Z,2026-08-17T18:48:05Z,
20.163.15.247,ipv4,botnet,high,WHITE,blocklist.de/bots|blocklist.de/all|ziyadnz/hourly-ipv4,blocklist.de|bot|irc-bot|brute-force|ziyadnz|hourly,2026-08-17T18:48:05Z,2026-08-17T18:48:05Z,
20.206.73.37,ipv4,botnet,high,WHITE,blocklist.de/bots|blocklist.de/all|ziyadnz/hourly-ipv4,blocklist.de|bot|irc-bot|brute-force|ziyadnz|hourly,2026-08-17T18:48:05Z,2026-08-17T18:48:05Z,
20.206.96.72,ipv4,botnet,high,WHITE,blocklist.de/bots|blocklist.de/all|ziyadnz/hourly-ipv4,blocklist.de|bot|irc-bot|brute-force|ziyadnz|hourly,2026-08-17T18:48:05Z,2026-08-17T18:48:05Z,
20.226.56.190,ipv4,botnet,high,WHITE,blocklist.de/bots|blocklist.de/all|ziyadnz/hourly-ipv4,blocklist.de|bot|irc-bot|brute-force|ziyadnz|hourly,2026-08-17T18:48:05Z,2026-08-17T18:48:05Z,
20.29.77.16,ipv4,botnet,high,WHITE,blocklist.de/bots|blocklist.de/all|ziyadnz/hourly-ipv4,blocklist.de|bot|irc-bot|brute-force|ziyadnz|hourly,2026-08-17T18:48:05Z,2026-08-17T18:48:05Z,
20.48.236.86,ipv4,botnet,high,WHITE,blocklist.de/bots|blocklist.de/all|ziyadnz/hourly-ipv4,blocklist.de|bot|irc-bot|brute-force|ziyadnz|hourly,2026-08-17T18:48:05Z,2026-08-17T18:48:05Z,
20.69.90.245,ipv4,botnet,high,WHITE,blocklist.de/bots|blocklist.de/all|ziyadnz/hourly-ipv4,blocklist.de|bot|irc-bot|brute-force|ziyadnz|hourly,2026-08-17T18:48:05Z,2026-08-17T18:48:05Z,
200.141.111.229,ipv4,botnet,high,WHITE,blocklist.de/bots|blocklist.de/all|ziyadnz/hourly-ipv4,blocklist.de|bot|irc-bot|brute-force|ziyadnz|hourly,2026-08-17T18:48:05Z,2026-08-17T18:48:05Z,
200.162.154.17,ipv4,botnet,high,WHITE,blocklist.de/bots|blocklist.de/all|ziyadnz/hourly-ipv4,blocklist.de|bot|irc-bot|brute-force|ziyadnz|hourly,2026-08-17T18:48:05Z,2026-08-17T18:48:05Z,
200.162.154.55,ipv4,botnet,high,WHITE,blocklist.de/bots|blocklist.de/all|ziyadnz/hourly-ipv4,blocklist.de|bot|irc-bot|brute-force|ziyadnz|hourly,2026-08-17T18:48:05Z,2026-08-17T18:48:05Z,
200.162.155.119,ipv4,botnet,high,WHITE,blocklist.de/bots|blocklist.de/all|ziyadnz/hourly-ipv4,blocklist.de|bot|irc-bot|brute-force|ziyadnz|hourly,2026-08-17T18:48:05Z,2026-08-17T18:48:05Z,
2001:16a2:7735:8800:e0ce:40bc:9454:f26a,ipv4,botnet,medium,WHITE,blocklist.de/bots|blocklist.de/all,blocklist.de|bot|irc-bot|brute-force|ziyadnz|hourly,2026-08-17T18:48:05Z,2026-08-17T18:48:05Z,
2001:16a4:225:592:2053:3153:9644:ab57,ipv4,botnet,medium,WHITE,blocklist.de/bots|blocklist.de/all,blocklist.de|bot|irc-bot|brute-force|ziyadnz|hourly,2026-08-17T18:48:05Z,2026-08-17T18:48:05Z,
2001:16a4:37b:587a:4885:fb22:32b0:f576,ipv4,botnet,medium,WHITE,blocklist.de/bots|blocklist.de/all,blocklist.de|bot|irc-bot|brute-force|ziyadnz|hourly,2026-08-17T18:48:05Z,2026-08-17T18:48:05Z,
2001:16a4:37b:587a:5904:eb1f:b67b:876b,ipv4,botnet,medium,WHITE,blocklist.de/bots|blocklist.de/all,blocklist.de|bot|irc-bot|brute-force|ziyadnz|hourly,2026-08-17T18:48:05Z,2026-08-17T18:48:05Z,
2001:1a40:1420:7900:95c3:3248:1377:14bf,ipv4,botnet,medium,WHITE,blocklist.de/bots|blocklist.de/all,blocklist.de|bot|irc-bot|brute-force|ziyadnz|hourly,2026-08-17T18:48:05Z,2026-08-17T18:48:05Z,
2001:4450:4825:4900:1d8:f49f:1c26:92c1,ipv4,botnet,medium,WHITE,blocklist.de/bots|blocklist.de/all,blocklist.de|bot|irc-bot|brute-force|ziyadnz|hourly,2026-08-17T18:48:05Z,2026-08-17T18:48:05Z,
2001:4450:4825:4900:91bd:8ace:b4b5:6e97,ipv4,botnet,medium,WHITE,blocklist.de/bots|blocklist.de/all,blocklist.de|bot|irc-bot|brute-force|ziyadnz|hourly,2026-08-17T18:48:05Z,2026-08-17T18:48:05Z,
2001:4451:858:5900:1580:238d:a52f:6f80,ipv4,botnet,medium,WHITE,blocklist.de/bots|blocklist.de/all,blocklist.de|bot|irc-bot|brute-force|ziyadnz|hourly,2026-08-17T18:48:05Z,2026-08-17T18:48:05Z,
2001:4453:536:6b00:2d19:1cb0:dc64:fe72,ipv4,botnet,medium,WHITE,blocklist.de/bots|blocklist.de/all,blocklist.de|bot|irc-bot|brute-force|ziyadnz|hourly,2026-08-17T18:48:05Z,2026-08-17T18:48:05Z,
2001:4456:cf2:7e00:51ec:6c47:ecae:e70c,ipv4,botnet,medium,WHITE,blocklist.de/bots|blocklist.de/all,blocklist.de|bot|irc-bot|brute-force|ziyadnz|hourly,2026-08-17T18:48:05Z,2026-08-17T18:48:05Z,
2001:448a:4064:11b3:d024:6ca9:5889:9450,ipv4,botnet,medium,WHITE,blocklist.de/bots|blocklist.de/all,blocklist.de|bot|irc-bot|brute-force|ziyadnz|hourly,2026-08-17T18:48:05Z,2026-08-17T18:48:05Z,
2001:448a:4084:20c6:d8dd:ff30:e4c7:4f7f,ipv4,botnet,medium,WHITE,blocklist.de/bots|blocklist.de/all,blocklist.de|bot|irc-bot|brute-force|ziyadnz|hourly,2026-08-17T18:48:05Z,2026-08-17T18:48:05Z,
2001:4490:4070:6b5b:f4eb:b2c:3ee7:747,ipv4,botnet,medium,WHITE,blocklist.de/bots|blocklist.de/all,blocklist.de|bot|irc-bot|brute-force|ziyadnz|hourly,2026-08-17T18:48:05Z,2026-08-17T18:48:05Z,
2001:4490:4095:e5bb:5ddd:d422:7c4f:6ab2,ipv4,botnet,medium,WHITE,blocklist.de/bots|blocklist.de/all,blocklist.de|bot|irc-bot|brute-force|ziyadnz|hourly,2026-08-17T18:48:05Z,2026-08-17T18:48:05Z,
2001:4490:4899:2bb4:ac2f:2dee:1c22:2b7e,ipv4,botnet,medium,WHITE,blocklist.de/bots|blocklist.de/all,blocklist.de|bot|irc-bot|brute-force|ziyadnz|hourly,2026-08-17T18:48:05Z,2026-08-17T18:48:05Z,
2001:4490:4899:39b2:6d55:af8c:f643:b439,ipv4,botnet,medium,WHITE,blocklist.de/bots|blocklist.de/all,blocklist.de|bot|irc-bot|brute-force|ziyadnz|hourly,2026-08-17T18:48:05Z,2026-08-17T18:48:05Z,
2001:4490:4c45:5990:a49a:f7c7:811b:3b2e,ipv4,botnet,medium,WHITE,blocklist.de/bots|blocklist.de/all,blocklist.de|bot|irc-bot|brute-force|ziyadnz|hourly,2026-08-17T18:48:05Z,2026-08-17T18:48:05Z,
2001:4490:4c85:200b:e7:e9cd:9124:d9f7,ipv4,botnet,medium,WHITE,blocklist.de/bots|blocklist.de/all,blocklist.de|bot|irc-bot|brute-force|ziyadnz|hourly,2026-08-17T18:48:05Z,2026-08-17T18:48:05Z,
2001:4490:4e71:d57b:79db:db66:16a8:f91f,ipv4,botnet,medium,WHITE,blocklist.de/bots|blocklist.de/all,blocklist.de|bot|irc-bot|brute-force|ziyadnz|hourly,2026-08-17T18:48:05Z,2026-08-17T18:48:05Z,
2001:9e8:5045:c000:4c43:6f20:e531:dee2,ipv4,botnet,medium,WHITE,blocklist.de/bots|blocklist.de/all,blocklist.de|bot|irc-bot|brute-force|ziyadnz|hourly,2026-08-17T18:48:05Z,2026-08-17T18:48:05Z,
2001:9e8:5053:fe00:c475:f63f:6032:7a9f,ipv4,botnet,medium,WHITE,blocklist.de/bots|blocklist.de/all,blocklist.de|bot|irc-bot|brute-force|ziyadnz|hourly,2026-08-17T18:48:05Z,2026-08-17T18:48:05Z,
2001:ac8:8a:9000:6849:3877:a85c:3c52,ipv4,botnet,medium,WHITE,blocklist.de/bots|blocklist.de/all,blocklist.de|bot|irc-bot|brute-force|ziyadnz|hourly,2026-08-17T18:48:05Z,2026-08-17T18:48:05Z,
2001:df4:d1c0:bf89:55e2:c594:4926:6c62,ipv4,botnet,medium,WHITE,blocklist.de/bots|blocklist.de/all,blocklist.de|bot|irc-bot|brute-force|ziyadnz|hourly,2026-08-17T18:48:05Z,2026-08-17T18:48:05Z,
2001:df4:d1c0:cbb8:68dc:a654:ff8f:37b2,ipv4,botnet,medium,WHITE,blocklist.de/bots|blocklist.de/all,blocklist.de|bot|irc-bot|brute-force|ziyadnz|hourly,2026-08-17T18:48:05Z,2026-08-17T18:48:05Z,
2001:ee0:50c5:e2a0:9813:5c97:9029:9497,ipv4,botnet,medium,WHITE,blocklist.de/bots|blocklist.de/all,blocklist.de|bot|irc-bot|brute-force|ziyadnz|hourly,2026-08-17T18:48:05Z,2026-08-17T18:48:05Z,
2001:fb1:c7:6d80:b0bc:b2bb:51b3:3aea,ipv4,botnet,medium,WHITE,blocklist.de/bots|blocklist.de/all,blocklist.de|bot|irc-bot|brute-force|ziyadnz|hourly,2026-08-17T18:48:05Z,2026-08-17T18:48:05Z,
2001:fd8:3a0d:8300:896a:10db:c62e:bd8c,ipv4,botnet,medium,WHITE,blocklist.de/bots|blocklist.de/all,blocklist.de|bot|irc-bot|brute-force|ziyadnz|hourly,2026-08-17T18:48:05Z,2026-08-17T18:48:05Z,
2001:fd8:475a:9a00:d0f5:dbd6:b63d:c6ef,ipv4,botnet,medium,WHITE,blocklist.de/bots|blocklist.de/all,blocklist.de|bot|irc-bot|brute-force|ziyadnz|hourly,2026-08-17T18:48:05Z,2026-08-17T18:48:05Z,
2001:fd8:c314:800:14f4:60dc:a14a:971e,ipv4,botnet,medium,WHITE,blocklist.de/bots|blocklist.de/all,blocklist.de|bot|irc-bot|brute-force|ziyadnz|hourly,2026-08-17T18:48:05Z,2026-08-17T18:48:05Z,
2001:fd8:c8cd:4c00:f81f:61b4:8e1e:1932,ipv4,botnet,medium,WHITE,blocklist.de/bots|blocklist.de/all,blocklist.de|bot|irc-bot|brute-force|ziyadnz|hourly,2026-08-17T18:48:05Z,2026-08-17T18:48:05Z,
2003:fe:1706:5100:15fc:995f:f41f:6a97,ipv4,botnet,medium,WHITE,blocklist.de/bots|blocklist.de/all,blocklist.de|bot|irc-bot|brute-force|ziyadnz|hourly,2026-08-17T18:48:05Z,2026-08-17T18:48:05Z,
2003:fe:172b:2300:b872:d195:55cc:346d,ipv4,botnet,medium,WHITE,blocklist.de/bots|blocklist.de/all,blocklist.de|bot|irc-bot|brute-force|ziyadnz|hourly,2026-08-17T18:48:05Z,2026-08-17T18:48:05Z,
201.153.147.84,ipv4,botnet,high,WHITE,blocklist.de/bots|blocklist.de/all|ziyadnz/hourly-ipv4,blocklist.de|bot|irc-bot|brute-force|ziyadnz|hourly,2026-08-17T18:48:05Z,2026-08-17T18:48:05Z,
201.3.225.62,ipv4,botnet,high,WHITE,blocklist.de/bots|blocklist.de/all|ziyadnz/hourly-ipv4,blocklist.de|bot|irc-bot|brute-force|ziyadnz|hourly,2026-08-17T18:48:05Z,2026-08-17T18:48:05Z,
201.32.216.179,ipv4,botnet,high,WHITE,blocklist.de/bots|blocklist.de/all|ziyadnz/hourly-ipv4,blocklist.de|bot|irc-bot|brute-force|ziyadnz|hourly,2026-08-17T18:48:05Z,2026-08-17T18:48:05Z,
201.79.7.188,ipv4,botnet,high,WHITE,blocklist.de/bots|blocklist.de/all|ziyadnz/hourly-ipv4,blocklist.de|bot|irc-bot|brute-force|ziyadnz|hourly,2026-08-17T18:48:05Z,2026-08-17T18:48:05Z,
202.141.104.91,ipv4,botnet,high,WHITE,blocklist.de/bots|blocklist.de/all|ziyadnz/hourly-ipv4,blocklist.de|bot|irc-bot|brute-force|ziyadnz|hourly,2026-08-17T18:48:05Z,2026-08-17T18:48:05Z,
202.141.81.147,ipv4,botnet,high,WHITE,blocklist.de/bots|blocklist.de/all|ziyadnz/hourly-ipv4,blocklist.de|bot|irc-bot|brute-force|ziyadnz|hourly,2026-08-17T18:48:05Z,2026-08-17T18:48:05Z,
202.141.99.5,ipv4,botnet,high,WHITE,blocklist.de/bots|blocklist.de/all|ziyadnz/hourly-ipv4,blocklist.de|bot|irc-bot|brute-force|ziyadnz|hourly,2026-08-17T18:48:05Z,2026-08-17T18:48:05Z,
202.142.114.41,ipv4,botnet,high,WHITE,blocklist.de/bots|blocklist.de/all|ziyadnz/hourly-ipv4,blocklist.de|bot|irc-bot|brute-force|ziyadnz|hourly,2026-08-17T18:48:05Z,2026-08-17T18:48:05Z,
202.142.127.74,ipv4,botnet,high,WHITE,blocklist.de/bots|blocklist.de/all|ziyadnz/hourly-ipv4,blocklist.de|bot|irc-bot|brute-force|ziyadnz|hourly,2026-08-17T18:48:05Z,2026-08-17T18:48:05Z,
202.153.81.38,ipv4,botnet,high,WHITE,blocklist.de/bots|blocklist.de/all|ziyadnz/hourly-ipv4,blocklist.de|bot|irc-bot|brute-force|ziyadnz|hourly,2026-08-17T18:48:05Z,2026-08-17T18:48:05Z,
202.163.107.179,ipv4,botnet,medium,WHITE,blocklist.de/bots|blocklist.de/all,blocklist.de|bot|irc-bot|brute-force|ziyadnz|hourly,2026-08-17T18:48:05Z,2026-08-17T18:48:05Z,
202.163.107.57,ipv4,botnet,high,WHITE,blocklist.de/bots|blocklist.de/all|ziyadnz/hourly-ipv4,blocklist.de|bot|irc-bot|brute-force|ziyadnz|hourly,2026-08-17T18:48:05Z,2026-08-17T18:48:05Z,
202.164.136.196,ipv4,botnet,high,WHITE,blocklist.de/bots|blocklist.de/all|ziyadnz/hourly-ipv4,blocklist.de|bot|irc-bot|brute-force|ziyadnz|hourly,2026-08-17T18:48:05Z,2026-08-17T18:48:05Z,
202.164.35.18,ipv4,botnet,high,WHITE,blocklist.de/bots|blocklist.de/all|ziyadnz/hourly-ipv4,blocklist.de|bot|irc-bot|brute-force|ziyadnz|hourly,2026-08-17T18:48:05Z,2026-08-17T18:48:05Z,
202.166.198.121,ipv4,botnet,high,WHITE,blocklist.de/bots|blocklist.de/all|ziyadnz/hourly-ipv4,blocklist.de|bot|irc-bot|brute-force|ziyadnz|hourly,2026-08-17T18:48:05Z,2026-08-17T18:48:05Z,
202.176.1.225,ipv4,botnet,high,WHITE,blocklist.de/bots|blocklist.de/all|ziyadnz/hourly-ipv4,blocklist.de|bot|irc-bot|brute-force|ziyadnz|hourly,2026-08-17T18:48:05Z,2026-08-17T18:48:05Z,
202.179.159.122,ipv4,botnet,high,WHITE,blocklist.de/bots|blocklist.de/all|ziyadnz/hourly-ipv4,blocklist.de|bot|irc-bot|brute-force|ziyadnz|hourly,2026-08-17T18:48:05Z,2026-08-17T18:48:05Z,
202.47.34.118,ipv4,botnet,high,WHITE,blocklist.de/bots|blocklist.de/all|ziyadnz/hourly-ipv4,blocklist.de|bot|irc-bot|brute-force|ziyadnz|hourly,2026-08-17T18:48:05Z,2026-08-17T18:48:05Z,
202.47.50.90,ipv4,botnet,high,WHITE,blocklist.de/bots|blocklist.de/all|ziyadnz/hourly-ipv4,blocklist.de|bot|irc-bot|brute-force|ziyadnz|hourly,2026-08-17T18:48:05Z,2026-08-17T18:48:05Z,
202.51.92.105,ipv4,botnet,high,WHITE,blocklist.de/bots|blocklist.de/all|ziyadnz/hourly-ipv4,blocklist.de|bot|irc-bot|brute-force|ziyadnz|hourly,2026-08-17T18:48:05Z,2026-08-17T18:48:05Z,
202.58.198.69,ipv4,botnet,high,WHITE,blocklist.de/bots|blocklist.de/all|ziyadnz/hourly-ipv4,blocklist.de|bot|irc-bot|brute-force|ziyadnz|hourly,2026-08-17T18:48:05Z,2026-08-17T18:48:05Z,
202.66.181.144,ipv4,botnet,high,WHITE,blocklist.de/bots|blocklist.de/all|ziyadnz/hourly-ipv4,blocklist.de|bot|irc-bot|brute-force|ziyadnz|hourly,2026-08-17T18:48:05Z,2026-08-17T18:48:05Z,
202.69.42.10,ipv4,botnet,high,WHITE,blocklist.de/bots|blocklist.de/all|ziyadnz/hourly-ipv4,blocklist.de|bot|irc-bot|brute-force|ziyadnz|hourly,2026-08-17T18:48:05Z,2026-08-17T18:48:05Z,
202.71.25.11,ipv4,botnet,high,WHITE,blocklist.de/bots|blocklist.de/all|ziyadnz/hourly-ipv4,blocklist.de|bot|irc-bot|brute-force|ziyadnz|hourly,2026-08-17T18:48:05Z,2026-08-17T18:48:05Z,
202.71.26.165,ipv4,botnet,high,WHITE,blocklist.de/bots|blocklist.de/all|ziyadnz/hourly-ipv4,blocklist.de|bot|irc-bot|brute-force|ziyadnz|hourly,2026-08-17T18:48:05Z,2026-08-17T18:48:05Z,
202.8.40.102,ipv4,botnet,high,WHITE,blocklist.de/bots|blocklist.de/all|ziyadnz/hourly-ipv4,blocklist.de|bot|irc-bot|brute-force|ziyadnz|hourly,2026-08-17T18:48:05Z,2026-08-17T18:48:05Z,
202.8.40.111,ipv4,botnet,high,WHITE,blocklist.de/bots|blocklist.de/all|ziyadnz/hourly-ipv4,blocklist.de|bot|irc-bot|brute-force|ziyadnz|hourly,2026-08-17T18:48:05Z,2026-08-17T18:48:05Z,
202.8.40.141,ipv4,botnet,high,WHITE,blocklist.de/bots|blocklist.de/all|ziyadnz/hourly-ipv4,blocklist.de|bot|irc-bot|brute-force|ziyadnz|hourly,2026-08-17T18:48:05Z,2026-08-17T18:48:05Z,
202.8.40.150,ipv4,botnet,high,WHITE,blocklist.de/bots|blocklist.de/all|ziyadnz/hourly-ipv4,blocklist.de|bot|irc-bot|brute-force|ziyadnz|hourly,2026-08-17T18:48:05Z,2026-08-17T18:48:05Z,
202.8.40.154,ipv4,botnet,high,WHITE,blocklist.de/bots|blocklist.de/all|ziyadnz/hourly-ipv4,blocklist.de|bot|irc-bot|brute-force|ziyadnz|hourly,2026-08-17T18:48:05Z,2026-08-17T18:48:05Z,
202.8.40.184,ipv4,botnet,high,WHITE,blocklist.de/bots|blocklist.de/all|ziyadnz/hourly-ipv4,blocklist.de|bot|irc-bot|brute-force|ziyadnz|hourly,2026-08-17T18:48:05Z,2026-08-17T18:48:05Z,
202.8.40.186,ipv4,botnet,high,WHITE,blocklist.de/bots|blocklist.de/all|ziyadnz/hourly-ipv4,blocklist.de|bot|irc-bot|brute-force|ziyadnz|hourly,2026-08-17T18:48:05Z,2026-08-17T18:48:05Z,
202.8.40.206,ipv4,botnet,high,WHITE,blocklist.de/bots|blocklist.de/all|ziyadnz/hourly-ipv4,blocklist.de|bot|irc-bot|brute-force|ziyadnz|hourly,2026-08-17T18:48:05Z,2026-08-17T18:48:05Z,
202.8.40.234,ipv4,botnet,high,WHITE,blocklist.de/bots|blocklist.de/all|ziyadnz/hourly-ipv4,blocklist.de|bot|irc-bot|brute-force|ziyadnz|hourly,2026-08-17T18:48:05Z,2026-08-17T18:48:05Z,
202.8.40.246,ipv4,botnet,high,WHITE,blocklist.de/bots|blocklist.de/all|ziyadnz/hourly-ipv4,blocklist.de|bot|irc-bot|brute-force|ziyadnz|hourly,2026-08-17T18:48:05Z,2026-08-17T18:48:05Z,
202.8.40.251,ipv4,botnet,high,WHITE,blocklist.de/bots|blocklist.de/all|ziyadnz/hourly-ipv4,blocklist.de|bot|irc-bot|brute-force|ziyadnz|hourly,2026-08-17T18:48:05Z,2026-08-17T18:48:05Z,
202.8.40.27,ipv4,botnet,high,WHITE,blocklist.de/bots|blocklist.de/all|ziyadnz/hourly-ipv4,blocklist.de|bot|irc-bot|brute-force|ziyadnz|hourly,2026-08-17T18:48:05Z,2026-08-17T18:48:05Z,
202.8.40.36,ipv4,botnet,high,WHITE,blocklist.de/bots|blocklist.de/all|ziyadnz/hourly-ipv4,blocklist.de|bot|irc-bot|brute-force|ziyadnz|hourly,2026-08-17T18:48:05Z,2026-08-17T18:48:05Z,
202.8.40.45,ipv4,botnet,high,WHITE,blocklist.de/bots|blocklist.de/all|ziyadnz/hourly-ipv4,blocklist.de|bot|irc-bot|brute-force|ziyadnz|hourly,2026-08-17T18:48:05Z,2026-08-17T18:48:05Z,
202.8.40.54,ipv4,botnet,high,WHITE,blocklist.de/bots|blocklist.de/all|ziyadnz/hourly-ipv4,blocklist.de|bot|irc-bot|brute-force|ziyadnz|hourly,2026-08-17T18:48:05Z,2026-08-17T18:48:05Z,
202.8.40.76,ipv4,botnet,high,WHITE,blocklist.de/bots|blocklist.de/all|ziyadnz/hourly-ipv4,blocklist.de|bot|irc-bot|brute-force|ziyadnz|hourly,2026-08-17T18:48:05Z,2026-08-17T18:48:05Z,
202.8.40.9,ipv4,botnet,high,WHITE,blocklist.de/bots|blocklist.de/all|ziyadnz/hourly-ipv4,blocklist.de|bot|irc-bot|brute-force|ziyadnz|hourly,2026-08-17T18:48:05Z,2026-08-17T18:48:05Z,
202.8.40.94,ipv4,botnet,high,WHITE,blocklist.de/bots|blocklist.de/all|ziyadnz/hourly-ipv4,blocklist.de|bot|irc-bot|brute-force|ziyadnz|hourly,2026-08-17T18:48:05Z,2026-08-17T18:48:05Z,
202.8.41.102,ipv4,botnet,high,WHITE,blocklist.de/bots|blocklist.de/all|ziyadnz/hourly-ipv4,blocklist.de|bot|irc-bot|brute-force|ziyadnz|hourly,2026-08-17T18:48:05Z,2026-08-17T18:48:05Z,
202.8.41.12,ipv4,botnet,high,WHITE,blocklist.de/bots|blocklist.de/all|ziyadnz/hourly-ipv4,blocklist.de|bot|irc-bot|brute-force|ziyadnz|hourly,2026-08-17T18:48:05Z,2026-08-17T18:48:05Z,
202.8.41.122,ipv4,botnet,high,WHITE,blocklist.de/bots|blocklist.de/all|ziyadnz/hourly-ipv4,blocklist.de|bot|irc-bot|brute-force|ziyadnz|hourly,2026-08-17T18:48:05Z,2026-08-17T18:48:05Z,
202.8.41.13,ipv4,botnet,high,WHITE,blocklist.de/bots|blocklist.de/all|ziyadnz/hourly-ipv4,blocklist.de|bot|irc-bot|brute-force|ziyadnz|hourly,2026-08-17T18:48:05Z,2026-08-17T18:48:05Z,
202.8.41.143,ipv4,botnet,high,WHITE,blocklist.de/bots|blocklist.de/all|ziyadnz/hourly-ipv4,blocklist.de|bot|irc-bot|brute-force|ziyadnz|hourly,2026-08-17T18:48:05Z,2026-08-17T18:48:05Z,
202.8.41.15,ipv4,botnet,high,WHITE,blocklist.de/bots|blocklist.de/all|ziyadnz/hourly-ipv4,blocklist.de|bot|irc-bot|brute-force|ziyadnz|hourly,2026-08-17T18:48:05Z,2026-08-17T18:48:05Z,
202.8.41.150,ipv4,botnet,high,WHITE,blocklist.de/bots|blocklist.de/all|ziyadnz/hourly-ipv4,blocklist.de|bot|irc-bot|brute-force|ziyadnz|hourly,2026-08-17T18:48:05Z,2026-08-17T18:48:05Z,
202.8.41.159,ipv4,botnet,high,WHITE,blocklist.de/bots|blocklist.de/all|ziyadnz/hourly-ipv4,blocklist.de|bot|irc-bot|brute-force|ziyadnz|hourly,2026-08-17T18:48:05Z,2026-08-17T18:48:05Z,
202.8.41.169,ipv4,botnet,high,WHITE,blocklist.de/bots|blocklist.de/all|ziyadnz/hourly-ipv4,blocklist.de|bot|irc-bot|brute-force|ziyadnz|hourly,2026-08-17T18:48:05Z,2026-08-17T18:48:05Z,
202.8.41.173,ipv4,botnet,high,WHITE,blocklist.de/bots|blocklist.de/all|ziyadnz/hourly-ipv4,blocklist.de|bot|irc-bot|brute-force|ziyadnz|hourly,2026-08-17T18:48:05Z,2026-08-17T18:48:05Z,
202.8.41.211,ipv4,botnet,high,WHITE,blocklist.de/bots|blocklist.de/all|ziyadnz/hourly-ipv4,blocklist.de|bot|irc-bot|brute-force|ziyadnz|hourly,2026-08-17T18:48:05Z,2026-08-17T18:48:05Z,
202.8.41.218,ipv4,botnet,high,WHITE,blocklist.de/bots|blocklist.de/all|ziyadnz/hourly-ipv4,blocklist.de|bot|irc-bot|brute-force|ziyadnz|hourly,2026-08-17T18:48:05Z,2026-08-17T18:48:05Z,
202.8.41.236,ipv4,botnet,high,WHITE,blocklist.de/bots|blocklist.de/all|ziyadnz/hourly-ipv4,blocklist.de|bot|irc-bot|brute-force|ziyadnz|hourly,2026-08-17T18:48:05Z,2026-08-17T18:48:05Z,
202.8.41.37,ipv4,botnet,high,WHITE,blocklist.de/bots|blocklist.de/all|ziyadnz/hourly-ipv4,blocklist.de|bot|irc-bot|brute-force|ziyadnz|hourly,2026-08-17T18:48:05Z,2026-08-17T18:48:05Z,
202.8.41.38,ipv4,botnet,high,WHITE,blocklist.de/bots|blocklist.de/all|ziyadnz/hourly-ipv4,blocklist.de|bot|irc-bot|brute-force|ziyadnz|hourly,2026-08-17T18:48:05Z,2026-08-17T18:48:05Z,
202.8.41.49,ipv4,botnet,high,WHITE,blocklist.de/bots|blocklist.de/all|ziyadnz/hourly-ipv4,blocklist.de|bot|irc-bot|brute-force|ziyadnz|hourly,2026-08-17T18:48:05Z,2026-08-17T18:48:05Z,
202.8.41.50,ipv4,botnet,high,WHITE,blocklist.de/bots|blocklist.de/all|ziyadnz/hourly-ipv4,blocklist.de|bot|irc-bot|brute-force|ziyadnz|hourly,2026-08-17T18:48:05Z,2026-08-17T18:48:05Z,
202.8.41.55,ipv4,botnet,high,WHITE,blocklist.de/bots|blocklist.de/all|ziyadnz/hourly-ipv4,blocklist.de|bot|irc-bot|brute-force|ziyadnz|hourly,2026-08-17T18:48:05Z,2026-08-17T18:48:05Z,
202.8.41.62,ipv4,botnet,high,WHITE,blocklist.de/bots|blocklist.de/all|ziyadnz/hourly-ipv4,blocklist.de|bot|irc-bot|brute-force|ziyadnz|hourly,2026-08-17T18:48:05Z,2026-08-17T18:48:05Z,
202.8.41.68,ipv4,botnet,high,WHITE,blocklist.de/bots|blocklist.de/all|ziyadnz/hourly-ipv4,blocklist.de|bot|irc-bot|brute-force|ziyadnz|hourly,2026-08-17T18:48:05Z,2026-08-17T18:48:05Z,
202.8.41.77,ipv4,botnet,high,WHITE,blocklist.de/bots|blocklist.de/all|ziyadnz/hourly-ipv4,blocklist.de|bot|irc-bot|brute-force|ziyadnz|hourly,2026-08-17T18:48:05Z,2026-08-17T18:48:05Z,
202.8.42.124,ipv4,botnet,high,WHITE,blocklist.de/bots|blocklist.de/all|ziyadnz/hourly-ipv4,blocklist.de|bot|irc-bot|brute-force|ziyadnz|hourly,2026-08-17T18:48:05Z,2026-08-17T18:48:05Z,
202.8.42.131,ipv4,botnet,high,WHITE,blocklist.de/bots|blocklist.de/all|ziyadnz/hourly-ipv4,blocklist.de|bot|irc-bot|brute-force|ziyadnz|hourly,2026-08-17T18:48:05Z,2026-08-17T18:48:05Z,
202.8.42.150,ipv4,botnet,medium,WHITE,blocklist.de/bots|blocklist.de/all,blocklist.de|bot|irc-bot|brute-force|ziyadnz|hourly,2026-08-17T18:48:05Z,2026-08-17T18:48:05Z,
202.8.42.18,ipv4,botnet,high,WHITE,blocklist.de/bots|blocklist.de/all|ziyadnz/hourly-ipv4,blocklist.de|bot|irc-bot|brute-force|ziyadnz|hourly,2026-08-17T18:48:05Z,2026-08-17T18:48:05Z,
202.8.42.206,ipv4,botnet,high,WHITE,blocklist.de/bots|blocklist.de/all|ziyadnz/hourly-ipv4,blocklist.de|bot|irc-bot|brute-force|ziyadnz|hourly,2026-08-17T18:48:05Z,2026-08-17T18:48:05Z,
202.8.42.209,ipv4,botnet,high,WHITE,blocklist.de/bots|blocklist.de/all|ziyadnz/hourly-ipv4,blocklist.de|bot|irc-bot|brute-force|ziyadnz|hourly,2026-08-17T18:48:05Z,2026-08-17T18:48:05Z,
202.8.42.239,ipv4,botnet,high,WHITE,blocklist.de/bots|blocklist.de/all|ziyadnz/hourly-ipv4,blocklist.de|bot|irc-bot|brute-force|ziyadnz|hourly,2026-08-17T18:48:05Z,2026-08-17T18:48:05Z,
202.8.42.240,ipv4,botnet,high,WHITE,blocklist.de/bots|blocklist.de/all|ziyadnz/hourly-ipv4,blocklist.de|bot|irc-bot|brute-force|ziyadnz|hourly,2026-08-17T18:48:05Z,2026-08-17T18:48:05Z,
202.8.42.29,ipv4,botnet,high,WHITE,blocklist.de/bots|blocklist.de/all|ziyadnz/hourly-ipv4,blocklist.de|bot|irc-bot|brute-force|ziyadnz|hourly,2026-08-17T18:48:05Z,2026-08-17T18:48:05Z,
202.8.42.9,ipv4,botnet,high,WHITE,blocklist.de/bots|blocklist.de/all|ziyadnz/hourly-ipv4,blocklist.de|bot|irc-bot|brute-force|ziyadnz|hourly,2026-08-17T18:48:05Z,2026-08-17T18:48:05Z,
202.8.43.130,ipv4,botnet,high,WHITE,blocklist.de/bots|blocklist.de/all|ziyadnz/hourly-ipv4,blocklist.de|bot|irc-bot|brute-force|ziyadnz|hourly,2026-08-17T18:48:05Z,2026-08-17T18:48:05Z,
202.8.43.166,ipv4,botnet,high,WHITE,blocklist.de/bots|blocklist.de/all|ziyadnz/hourly-ipv4,blocklist.de|bot|irc-bot|brute-force|ziyadnz|hourly,2026-08-17T18:48:05Z,2026-08-17T18:48:05Z,
202.8.43.168,ipv4,botnet,high,WHITE,blocklist.de/bots|blocklist.de/all|ziyadnz/hourly-ipv4,blocklist.de|bot|irc-bot|brute-force|ziyadnz|hourly,2026-08-17T18:48:05Z,2026-08-17T18:48:05Z,
202.8.43.46,ipv4,botnet,high,WHITE,blocklist.de/bots|blocklist.de/all|ziyadnz/hourly-ipv4,blocklist.de|bot|irc-bot|brute-force|ziyadnz|hourly,2026-08-17T18:48:05Z,2026-08-17T18:48:05Z,
202.8.43.7,ipv4,botnet,high,WHITE,blocklist.de/bots|blocklist.de/all|ziyadnz/hourly-ipv4,blocklist.de|bot|irc-bot|brute-force|ziyadnz|hourly,2026-08-17T18:48:05Z,2026-08-17T18:48:05Z,
203.101.181.1,ipv4,botnet,high,WHITE,blocklist.de/bots|blocklist.de/all|ziyadnz/hourly-ipv4,blocklist.de|bot|irc-bot|brute-force|ziyadnz|hourly,2026-08-17T18:48:05Z,2026-08-17T18:48:05Z,
203.101.186.145,ipv4,botnet,medium,WHITE,blocklist.de/bots|blocklist.de/all,blocklist.de|bot|irc-bot|brute-force|ziyadnz|hourly,2026-08-17T18:48:05Z,2026-08-17T18:48:05Z,
203.128.10.184,ipv4,botnet,high,WHITE,blocklist.de/bots|blocklist.de/all|ziyadnz/hourly-ipv4,blocklist.de|bot|irc-bot|brute-force|ziyadnz|hourly,2026-08-17T18:48:05Z,2026-08-17T18:48:05Z,
203.132.61.185,ipv4,botnet,high,WHITE,blocklist.de/bots|blocklist.de/all|ziyadnz/hourly-ipv4,blocklist.de|bot|irc-bot|brute-force|ziyadnz|hourly,2026-08-17T18:48:05Z,2026-08-17T18:48:05Z,
203.147.139.33,ipv4,botnet,high,WHITE,blocklist.de/bots|blocklist.de/all|ziyadnz/hourly-ipv4,blocklist.de|bot|irc-bot|brute-force|ziyadnz|hourly,2026-08-17T18:48:05Z,2026-08-17T18:48:05Z,
203.177.64.130,ipv4,botnet,high,WHITE,blocklist.de/bots|blocklist.de/all|ziyadnz/hourly-ipv4,blocklist.de|bot|irc-bot|brute-force|ziyadnz|hourly,2026-08-17T18:48:05Z,2026-08-17T18:48:05Z,
203.177.85.22,ipv4,botnet,high,WHITE,blocklist.de/bots|blocklist.de/all|ziyadnz/hourly-ipv4,blocklist.de|bot|irc-bot|brute-force|ziyadnz|hourly,2026-08-17T18:48:05Z,2026-08-17T18:48:05Z,
203.189.184.124,ipv4,botnet,high,WHITE,blocklist.de/bots|blocklist.de/all|ziyadnz/hourly-ipv4,blocklist.de|bot|irc-bot|brute-force|ziyadnz|hourly,2026-08-17T18:48:05Z,2026-08-17T18:48:05Z,
203.193.145.163,ipv4,botnet,high,WHITE,blocklist.de/bots|blocklist.de/all|ziyadnz/hourly-ipv4,blocklist.de|bot|irc-bot|brute-force|ziyadnz|hourly,2026-08-17T18:48:05Z,2026-08-17T18:48:05Z,
203.200.86.170,ipv4,botnet,high,WHITE,blocklist.de/bots|blocklist.de/all|ziyadnz/hourly-ipv4,blocklist.de|bot|irc-bot|brute-force|ziyadnz|hourly,2026-08-17T18:48:05Z,2026-08-17T18:48:05Z,
204.14.250.46,ipv4,botnet,high,WHITE,blocklist.de/bots|blocklist.de/all|ziyadnz/hourly-ipv4,blocklist.de|bot|irc-bot|brute-force|ziyadnz|hourly,2026-08-17T18:48:05Z,2026-08-17T18:48:05Z,
204.195.168.45,ipv4,botnet,high,WHITE,blocklist.de/bots|blocklist.de/all|ziyadnz/hourly-ipv4,blocklist.de|bot|irc-bot|brute-force|ziyadnz|hourly,2026-08-17T18:48:05Z,2026-08-17T18:48:05Z,
204.44.67.106,ipv4,botnet,high,WHITE,blocklist.de/bots|blocklist.de/all|ziyadnz/hourly-ipv4,blocklist.de|bot|irc-bot|brute-force|ziyadnz|hourly,2026-08-17T18:48:05Z,2026-08-17T18:48:05Z,
204.8.96.104,ipv4,botnet,high,WHITE,blocklist.de/bots|blocklist.de/all|ziyadnz/hourly-ipv4,blocklist.de|bot|irc-bot|brute-force|ziyadnz|hourly,2026-08-17T18:48:05Z,2026-08-17T18:48:05Z,
204.8.96.152,ipv4,botnet,high,WHITE,blocklist.de/bots|blocklist.de/all|ziyadnz/hourly-ipv4,blocklist.de|bot|irc-bot|brute-force|ziyadnz|hourly,2026-08-17T18:48:05Z,2026-08-17T18:48:05Z,
204.8.96.158,ipv4,botnet,high,WHITE,blocklist.de/bots|blocklist.de/all|ziyadnz/hourly-ipv4,blocklist.de|bot|irc-bot|brute-force|ziyadnz|hourly,2026-08-17T18:48:05Z,2026-08-17T18:48:05Z,
204.8.96.182,ipv4,botnet,high,WHITE,blocklist.de/bots|blocklist.de/all|ziyadnz/hourly-ipv4,blocklist.de|bot|irc-bot|brute-force|ziyadnz|hourly,2026-08-17T18:48:05Z,2026-08-17T18:48:05Z,
204.8.96.65,ipv4,botnet,high,WHITE,blocklist.de/bots|blocklist.de/all|ziyadnz/hourly-ipv4,blocklist.de|bot|irc-bot|brute-force|ziyadnz|hourly,2026-08-17T18:48:05Z,2026-08-17T18:48:05Z,
204.8.96.75,ipv4,botnet,high,WHITE,blocklist.de/bots|blocklist.de/all|ziyadnz/hourly-ipv4,blocklist.de|bot|irc-bot|brute-force|ziyadnz|hourly,2026-08-17T18:48:05Z,2026-08-17T18:48:05Z,
205.186.137.75,ipv4,botnet,high,WHITE,blocklist.de/bots|blocklist.de/all|ziyadnz/hourly-ipv4,blocklist.de|bot|irc-bot|brute-force|ziyadnz|hourly,2026-08-17T18:48:05Z,2026-08-17T18:48:05Z,
205.237.105.132,ipv4,botnet,high,WHITE,blocklist.de/bots|blocklist.de/all|ziyadnz/hourly-ipv4,blocklist.de|bot|irc-bot|brute-force|ziyadnz|hourly,2026-08-17T18:48:05Z,2026-08-17T18:48:05Z,
207.175.171.122,ipv4,botnet,high,WHITE,blocklist.de/bots|blocklist.de/all|ziyadnz/hourly-ipv4,blocklist.de|bot|irc-bot|brute-force|ziyadnz|hourly,2026-08-17T18:48:05Z,2026-08-17T18:48:05Z,
207.175.187.163,ipv4,botnet,high,WHITE,blocklist.de/bots|blocklist.de/all|ziyadnz/hourly-ipv4,blocklist.de|bot|irc-bot|brute-force|ziyadnz|hourly,2026-08-17T18:48:05Z,2026-08-17T18:48:05Z,
207.175.71.50,ipv4,botnet,high,WHITE,blocklist.de/bots|blocklist.de/all|ziyadnz/hourly-ipv4,blocklist.de|bot|irc-bot|brute-force|ziyadnz|hourly,2026-08-17T18:48:05Z,2026-08-17T18:48:05Z,
207.46.13.156,ipv4,botnet,medium,WHITE,blocklist.de/bots|blocklist.de/all,blocklist.de|bot|irc-bot|brute-force|ziyadnz|hourly,2026-08-17T18:48:05Z,2026-08-17T18:48:05Z,
209.127.57.210,ipv4,botnet,high,WHITE,blocklist.de/bots|blocklist.de/all|ziyadnz/hourly-ipv4,blocklist.de|bot|irc-bot|brute-force|ziyadnz|hourly,2026-08-17T18:48:05Z,2026-08-17T18:48:05Z,
209.127.57.211,ipv4,botnet,high,WHITE,blocklist.de/bots|blocklist.de/all|ziyadnz/hourly-ipv4,blocklist.de|bot|irc-bot|brute-force|ziyadnz|hourly,2026-08-17T18:48:05Z,2026-08-17T18:48:05Z,
209.35.164.124,ipv4,botnet,high,WHITE,blocklist.de/bots|blocklist.de/all|ziyadnz/hourly-ipv4,blocklist.de|bot|irc-bot|brute-force|ziyadnz|hourly,2026-08-17T18:48:05Z,2026-08-17T18:48:05Z,
209.38.106.166,ipv4,botnet,high,WHITE,blocklist.de/bots|blocklist.de/all|ziyadnz/hourly-ipv4,blocklist.de|bot|irc-bot|brute-force|ziyadnz|hourly,2026-08-17T18:48:05Z,2026-08-17T18:48:05Z,
209.38.251.238,ipv4,botnet,high,WHITE,blocklist.de/bots|blocklist.de/all|ziyadnz/hourly-ipv4,blocklist.de|bot|irc-bot|brute-force|ziyadnz|hourly,2026-08-17T18:48:05Z,2026-08-17T18:48:05Z,
209.50.178.101,ipv4,botnet,high,WHITE,blocklist.de/bots|blocklist.de/all|ziyadnz/hourly-ipv4,blocklist.de|bot|irc-bot|brute-force|ziyadnz|hourly,2026-08-17T18:48:05Z,2026-08-17T18:48:05Z,
209.50.184.219,ipv4,botnet,high,WHITE,blocklist.de/bots|blocklist.de/all|ziyadnz/hourly-ipv4,blocklist.de|bot|irc-bot|brute-force|ziyadnz|hourly,2026-08-17T18:48:05Z,2026-08-17T18:48:05Z,
210.16.94.180,ipv4,botnet,high,WHITE,blocklist.de/bots|blocklist.de/all|ziyadnz/hourly-ipv4,blocklist.de|bot|irc-bot|brute-force|ziyadnz|hourly,2026-08-17T18:48:05Z,2026-08-17T18:48:05Z,
210.212.97.243,ipv4,botnet,high,WHITE,blocklist.de/bots|blocklist.de/all|ziyadnz/hourly-ipv4,blocklist.de|bot|irc-bot|brute-force|ziyadnz|hourly,2026-08-17T18:48:05Z,2026-08-17T18:48:05Z,
210.89.39.132,ipv4,botnet,high,WHITE,blocklist.de/bots|blocklist.de/all|ziyadnz/hourly-ipv4,blocklist.de|bot|irc-bot|brute-force|ziyadnz|hourly,2026-08-17T18:48:05Z,2026-08-17T18:48:05Z,
211.62.61.190,ipv4,botnet,high,WHITE,blocklist.de/bots|blocklist.de/all|ziyadnz/hourly-ipv4,blocklist.de|bot|irc-bot|brute-force|ziyadnz|hourly,2026-08-17T18:48:05Z,2026-08-17T18:48:05Z,
212.112.19.164,ipv4,botnet,high,WHITE,blocklist.de/bots|blocklist.de/all|ziyadnz/hourly-ipv4,blocklist.de|bot|irc-bot|brute-force|ziyadnz|hourly,2026-08-17T18:48:05Z,2026-08-17T18:48:05Z,
212.146.180.182,ipv4,botnet,high,WHITE,blocklist.de/bots|blocklist.de/all|ziyadnz/hourly-ipv4,blocklist.de|bot|irc-bot|brute-force|ziyadnz|hourly,2026-08-17T18:48:05Z,2026-08-17T18:48:05Z,
213.209.159.148,ipv4,botnet,high,WHITE,blocklist.de/bots|blocklist.de/all|ziyadnz/hourly-ipv4,blocklist.de|bot|irc-bot|brute-force|ziyadnz|hourly,2026-08-17T18:48:05Z,2026-08-17T18:48:05Z,
213.209.159.223,ipv4,botnet,high,WHITE,blocklist.de/bots|blocklist.de/all|ziyadnz/hourly-ipv4,blocklist.de|bot|irc-bot|brute-force|ziyadnz|hourly,2026-08-17T18:48:05Z,2026-08-17T18:48:05Z,
213.225.8.81,ipv4,botnet,high,WHITE,blocklist.de/bots|blocklist.de/all|ziyadnz/hourly-ipv4,blocklist.de|bot|irc-bot|brute-force|ziyadnz|hourly,2026-08-17T18:48:05Z,2026-08-17T18:48:05Z,
213.230.93.103,ipv4,botnet,high,WHITE,blocklist.de/bots|blocklist.de/all|ziyadnz/hourly-ipv4,blocklist.de|bot|irc-bot|brute-force|ziyadnz|hourly,2026-08-17T18:48:05Z,2026-08-17T18:48:05Z,
216.106.188.185,ipv4,botnet,high,WHITE,blocklist.de/bots|blocklist.de/all|ziyadnz/hourly-ipv4,blocklist.de|bot|irc-bot|brute-force|ziyadnz|hourly,2026-08-17T18:48:05Z,2026-08-17T18:48:05Z,
216.24.210.100,ipv4,botnet,high,WHITE,blocklist.de/bots|blocklist.de/all|ziyadnz/hourly-ipv4,blocklist.de|bot|irc-bot|brute-force|ziyadnz|hourly,2026-08-17T18:48:05Z,2026-08-17T18:48:05Z,
216.244.66.228,ipv4,botnet,high,WHITE,blocklist.de/bots|blocklist.de/all|ziyadnz/hourly-ipv4,blocklist.de|bot|irc-bot|brute-force|ziyadnz|hourly,2026-08-17T18:48:05Z,2026-08-17T18:48:05Z,
216.244.66.238,ipv4,botnet,high,WHITE,blocklist.de/bots|blocklist.de/all|ziyadnz/hourly-ipv4,blocklist.de|bot|irc-bot|brute-force|ziyadnz|hourly,2026-08-17T18:48:05Z,2026-08-17T18:48:05Z,
216.244.66.241,ipv4,botnet,high,WHITE,blocklist.de/bots|blocklist.de/all|ziyadnz/hourly-ipv4,blocklist.de|bot|irc-bot|brute-force|ziyadnz|hourly,2026-08-17T18:48:05Z,2026-08-17T18:48:05Z,
216.247.29.125,ipv4,botnet,high,WHITE,blocklist.de/bots|blocklist.de/all|ziyadnz/hourly-ipv4,blocklist.de|bot|irc-bot|brute-force|ziyadnz|hourly,2026-08-17T18:48:05Z,2026-08-17T18:48:05Z,
216.26.243.88,ipv4,botnet,high,WHITE,blocklist.de/bots|blocklist.de/all|ziyadnz/hourly-ipv4,blocklist.de|bot|irc-bot|brute-force|ziyadnz|hourly,2026-08-17T18:48:05Z,2026-08-17T18:48:05Z,
216.26.249.5,ipv4,botnet,high,WHITE,blocklist.de/bots|blocklist.de/all|ziyadnz/hourly-ipv4,blocklist.de|bot|irc-bot|brute-force|ziyadnz|hourly,2026-08-17T18:48:05Z,2026-08-17T18:48:05Z,
216.73.163.207,ipv4,botnet,high,WHITE,blocklist.de/bots|blocklist.de/all|ziyadnz/hourly-ipv4,blocklist.de|bot|irc-bot|brute-force|ziyadnz|hourly,2026-08-17T18:48:05Z,2026-08-17T18:48:05Z,
216.73.163.209,ipv4,botnet,high,WHITE,blocklist.de/bots|blocklist.de/all|ziyadnz/hourly-ipv4,blocklist.de|bot|irc-bot|brute-force|ziyadnz|hourly,2026-08-17T18:48:05Z,2026-08-17T18:48:05Z,
216.73.163.213,ipv4,botnet,high,WHITE,blocklist.de/bots|blocklist.de/all|ziyadnz/hourly-ipv4,blocklist.de|bot|irc-bot|brute-force|ziyadnz|hourly,2026-08-17T18:48:05Z,2026-08-17T18:48:05Z,
216.73.163.223,ipv4,botnet,high,WHITE,blocklist.de/bots|blocklist.de/all|ziyadnz/hourly-ipv4,blocklist.de|bot|irc-bot|brute-force|ziyadnz|hourly,2026-08-17T18:48:05Z,2026-08-17T18:48:05Z,
216.73.216.17,ipv4,botnet,high,WHITE,blocklist.de/bots|blocklist.de/all|ziyadnz/hourly-ipv4,blocklist.de|bot|irc-bot|brute-force|ziyadnz|hourly,2026-08-17T18:48:05Z,2026-08-17T18:48:05Z,
216.73.216.170,ipv4,botnet,high,WHITE,blocklist.de/bots|blocklist.de/all|ziyadnz/hourly-ipv4,blocklist.de|bot|irc-bot|brute-force|ziyadnz|hourly,2026-08-17T18:48:05Z,2026-08-17T18:48:05Z,
216.73.217.93,ipv4,botnet,high,WHITE,blocklist.de/bots|blocklist.de/all|ziyadnz/hourly-ipv4,blocklist.de|bot|irc-bot|brute-force|ziyadnz|hourly,2026-08-17T18:48:05Z,2026-08-17T18:48:05Z,
217.182.195.176,ipv4,botnet,high,WHITE,blocklist.de/bots|blocklist.de/all|ziyadnz/hourly-ipv4,blocklist.de|bot|irc-bot|brute-force|ziyadnz|hourly,2026-08-17T18:48:05Z,2026-08-17T18:48:05Z,
219.91.202.227,ipv4,botnet,high,WHITE,blocklist.de/bots|blocklist.de/all|ziyadnz/hourly-ipv4,blocklist.de|bot|irc-bot|brute-force|ziyadnz|hourly,2026-08-17T18:48:05Z,2026-08-17T18:48:05Z,
220.158.158.120,ipv4,botnet,high,WHITE,blocklist.de/bots|blocklist.de/all|ziyadnz/hourly-ipv4,blocklist.de|bot|irc-bot|brute-force|ziyadnz|hourly,2026-08-17T18:48:05Z,2026-08-17T18:48:05Z,
220.202.67.77,ipv4,botnet,high,WHITE,blocklist.de/bots|blocklist.de/all|ziyadnz/hourly-ipv4,blocklist.de|bot|irc-bot|brute-force|ziyadnz|hourly,2026-08-17T18:48:05Z,2026-08-17T18:48:05Z,
220.81.215.207,ipv4,botnet,high,WHITE,blocklist.de/bots|blocklist.de/all|ziyadnz/hourly-ipv4,blocklist.de|bot|irc-bot|brute-force|ziyadnz|hourly,2026-08-17T18:48:05Z,2026-08-17T18:48:05Z,
221.121.103.195,ipv4,botnet,high,WHITE,blocklist.de/bots|blocklist.de/all|ziyadnz/hourly-ipv4,blocklist.de|bot|irc-bot|brute-force|ziyadnz|hourly,2026-08-17T18:48:05Z,2026-08-17T18:48:05Z,
222.127.220.141,ipv4,botnet,high,WHITE,blocklist.de/bots|blocklist.de/all|ziyadnz/hourly-ipv4,blocklist.de|bot|irc-bot|brute-force|ziyadnz|hourly,2026-08-17T18:48:05Z,2026-08-17T18:48:05Z,
222.134.147.66,ipv4,botnet,high,WHITE,blocklist.de/bots|blocklist.de/all|ziyadnz/hourly-ipv4,blocklist.de|bot|irc-bot|brute-force|ziyadnz|hourly,2026-08-17T18:48:05Z,2026-08-17T18:48:05Z,
223.109.209.199,ipv4,botnet,high,WHITE,blocklist.de/bots|blocklist.de/all|ziyadnz/hourly-ipv4,blocklist.de|bot|irc-bot|brute-force|ziyadnz|hourly,2026-08-17T18:48:05Z,2026-08-17T18:48:05Z,
223.123.36.58,ipv4,botnet,high,WHITE,blocklist.de/bots|blocklist.de/all|ziyadnz/hourly-ipv4,blocklist.de|bot|irc-bot|brute-force|ziyadnz|hourly,2026-08-17T18:48:05Z,2026-08-17T18:48:05Z,
223.123.7.2,ipv4,botnet,high,WHITE,blocklist.de/bots|blocklist.de/all|ziyadnz/hourly-ipv4,blocklist.de|bot|irc-bot|brute-force|ziyadnz|hourly,2026-08-17T18:48:05Z,2026-08-17T18:48:05Z,
223.123.8.120,ipv4,botnet,high,WHITE,blocklist.de/bots|blocklist.de/all|ziyadnz/hourly-ipv4,blocklist.de|bot|irc-bot|brute-force|ziyadnz|hourly,2026-08-17T18:48:05Z,2026-08-17T18:48:05Z,
223.181.107.190,ipv4,botnet,high,WHITE,blocklist.de/bots|blocklist.de/all|ziyadnz/hourly-ipv4,blocklist.de|bot|irc-bot|brute-force|ziyadnz|hourly,2026-08-17T18:48:05Z,2026-08-17T18:48:05Z,
223.181.121.192,ipv4,botnet,high,WHITE,blocklist.de/bots|blocklist.de/all|ziyadnz/hourly-ipv4,blocklist.de|bot|irc-bot|brute-force|ziyadnz|hourly,2026-08-17T18:48:05Z,2026-08-17T18:48:05Z,
223.181.122.59,ipv4,botnet,high,WHITE,blocklist.de/bots|blocklist.de/all|ziyadnz/hourly-ipv4,blocklist.de|bot|irc-bot|brute-force|ziyadnz|hourly,2026-08-17T18:48:05Z,2026-08-17T18:48:05Z,
223.181.127.176,ipv4,botnet,high,WHITE,blocklist.de/bots|blocklist.de/all|ziyadnz/hourly-ipv4,blocklist.de|bot|irc-bot|brute-force|ziyadnz|hourly,2026-08-17T18:48:05Z,2026-08-17T18:48:05Z,
223.181.14.9,ipv4,botnet,high,WHITE,blocklist.de/bots|blocklist.de/all|ziyadnz/hourly-ipv4,blocklist.de|bot|irc-bot|brute-force|ziyadnz|hourly,2026-08-17T18:48:05Z,2026-08-17T18:48:05Z,
223.181.34.22,ipv4,botnet,high,WHITE,blocklist.de/bots|blocklist.de/all|ziyadnz/hourly-ipv4,blocklist.de|bot|irc-bot|brute-force|ziyadnz|hourly,2026-08-17T18:48:05Z,2026-08-17T18:48:05Z,
223.181.56.153,ipv4,botnet,high,WHITE,blocklist.de/bots|blocklist.de/all|ziyadnz/hourly-ipv4,blocklist.de|bot|irc-bot|brute-force|ziyadnz|hourly,2026-08-17T18:48:05Z,2026-08-17T18:48:05Z,
223.181.97.229,ipv4,botnet,high,WHITE,blocklist.de/bots|blocklist.de/all|ziyadnz/hourly-ipv4,blocklist.de|bot|irc-bot|brute-force|ziyadnz|hourly,2026-08-17T18:48:05Z,2026-08-17T18:48:05Z,
223.184.178.34,ipv4,botnet,high,WHITE,blocklist.de/bots|blocklist.de/all|ziyadnz/hourly-ipv4,blocklist.de|bot|irc-bot|brute-force|ziyadnz|hourly,2026-08-17T18:48:05Z,2026-08-17T18:48:05Z,
223.185.53.186,ipv4,botnet,high,WHITE,blocklist.de/bots|blocklist.de/all|ziyadnz/hourly-ipv4,blocklist.de|bot|irc-bot|brute-force|ziyadnz|hourly,2026-08-17T18:48:05Z,2026-08-17T18:48:05Z,
223.185.53.48,ipv4,botnet,high,WHITE,blocklist.de/bots|blocklist.de/all|ziyadnz/hourly-ipv4,blocklist.de|bot|irc-bot|brute-force|ziyadnz|hourly,2026-08-17T18:48:05Z,2026-08-17T18:48:05Z,
223.185.57.31,ipv4,botnet,high,WHITE,blocklist.de/bots|blocklist.de/all|ziyadnz/hourly-ipv4,blocklist.de|bot|irc-bot|brute-force|ziyadnz|hourly,2026-08-17T18:48:05Z,2026-08-17T18:48:05Z,
223.185.58.231,ipv4,botnet,high,WHITE,blocklist.de/bots|blocklist.de/all|ziyadnz/hourly-ipv4,blocklist.de|bot|irc-bot|brute-force|ziyadnz|hourly,2026-08-17T18:48:05Z,2026-08-17T18:48:05Z,
223.185.60.128,ipv4,botnet,high,WHITE,blocklist.de/bots|blocklist.de/all|ziyadnz/hourly-ipv4,blocklist.de|bot|irc-bot|brute-force|ziyadnz|hourly,2026-08-17T18:48:05Z,2026-08-17T18:48:05Z,
223.185.60.130,ipv4,botnet,high,WHITE,blocklist.de/bots|blocklist.de/all|ziyadnz/hourly-ipv4,blocklist.de|bot|irc-bot|brute-force|ziyadnz|hourly,2026-08-17T18:48:05Z,2026-08-17T18:48:05Z,
223.185.62.159,ipv4,botnet,high,WHITE,blocklist.de/bots|blocklist.de/all|ziyadnz/hourly-ipv4,blocklist.de|bot|irc-bot|brute-force|ziyadnz|hourly,2026-08-17T18:48:05Z,2026-08-17T18:48:05Z,
223.185.62.26,ipv4,botnet,high,WHITE,blocklist.de/bots|blocklist.de/all|ziyadnz/hourly-ipv4,blocklist.de|bot|irc-bot|brute-force|ziyadnz|hourly,2026-08-17T18:48:05Z,2026-08-17T18:48:05Z,
223.188.26.180,ipv4,botnet,high,WHITE,blocklist.de/bots|blocklist.de/all|ziyadnz/hourly-ipv4,blocklist.de|bot|irc-bot|brute-force|ziyadnz|hourly,2026-08-17T18:48:05Z,2026-08-17T18:48:05Z,
223.188.29.162,ipv4,botnet,high,WHITE,blocklist.de/bots|blocklist.de/all|ziyadnz/hourly-ipv4,blocklist.de|bot|irc-bot|brute-force|ziyadnz|hourly,2026-08-17T18:48:05Z,2026-08-17T18:48:05Z,
223.188.30.145,ipv4,botnet,high,WHITE,blocklist.de/bots|blocklist.de/all|ziyadnz/hourly-ipv4,blocklist.de|bot|irc-bot|brute-force|ziyadnz|hourly,2026-08-17T18:48:05Z,2026-08-17T18:48:05Z,
223.228.157.180,ipv4,botnet,high,WHITE,blocklist.de/bots|blocklist.de/all|ziyadnz/hourly-ipv4,blocklist.de|bot|irc-bot|brute-force|ziyadnz|hourly,2026-08-17T18:48:05Z,2026-08-17T18:48:05Z,
223.233.81.195,ipv4,botnet,high,WHITE,blocklist.de/bots|blocklist.de/all|ziyadnz/hourly-ipv4,blocklist.de|bot|irc-bot|brute-force|ziyadnz|hourly,2026-08-17T18:48:05Z,2026-08-17T18:48:05Z,
223.233.86.238,ipv4,botnet,high,WHITE,blocklist.de/bots|blocklist.de/all|ziyadnz/hourly-ipv4,blocklist.de|bot|irc-bot|brute-force|ziyadnz|hourly,2026-08-17T18:48:05Z,2026-08-17T18:48:05Z,
223.25.110.106,ipv4,botnet,high,WHITE,blocklist.de/bots|blocklist.de/all|ziyadnz/hourly-ipv4,blocklist.de|bot|irc-bot|brute-force|ziyadnz|hourly,2026-08-17T18:48:05Z,2026-08-17T18:48:05Z,
223.255.247.34,ipv4,botnet,high,WHITE,blocklist.de/bots|blocklist.de/all|ziyadnz/hourly-ipv4,blocklist.de|bot|irc-bot|brute-force|ziyadnz|hourly,2026-08-17T18:48:05Z,2026-08-17T18:48:05Z,
223.29.233.143,ipv4,botnet,high,WHITE,blocklist.de/bots|blocklist.de/all|ziyadnz/hourly-ipv4,blocklist.de|bot|irc-bot|brute-force|ziyadnz|hourly,2026-08-17T18:48:05Z,2026-08-17T18:48:05Z,
223.90.74.235,ipv4,botnet,high,WHITE,blocklist.de/bots|blocklist.de/all|ziyadnz/hourly-ipv4,blocklist.de|bot|irc-bot|brute-force|ziyadnz|hourly,2026-08-17T18:48:05Z,2026-08-17T18:48:05Z,
23.134.88.60,ipv4,botnet,high,WHITE,blocklist.de/bots|blocklist.de/all|ziyadnz/hourly-ipv4,blocklist.de|bot|irc-bot|brute-force|ziyadnz|hourly,2026-08-17T18:48:05Z,2026-08-17T18:48:05Z,
23.191.200.66,ipv4,botnet,high,WHITE,blocklist.de/bots|blocklist.de/all|ziyadnz/hourly-ipv4,blocklist.de|bot|irc-bot|brute-force|ziyadnz|hourly,2026-08-17T18:48:05Z,2026-08-17T18:48:05Z,
23.191.200.98,ipv4,botnet,high,WHITE,blocklist.de/bots|blocklist.de/all|ziyadnz/hourly-ipv4,blocklist.de|bot|irc-bot|brute-force|ziyadnz|hourly,2026-08-17T18:48:05Z,2026-08-17T18:48:05Z,
23.229.13.214,ipv4,botnet,high,WHITE,blocklist.de/bots|blocklist.de/all|ziyadnz/hourly-ipv4,blocklist.de|bot|irc-bot|brute-force|ziyadnz|hourly,2026-08-17T18:48:05Z,2026-08-17T18:48:05Z,
23.229.16.98,ipv4,botnet,high,WHITE,blocklist.de/bots|blocklist.de/all|ziyadnz/hourly-ipv4,blocklist.de|bot|irc-bot|brute-force|ziyadnz|hourly,2026-08-17T18:48:05Z,2026-08-17T18:48:05Z,
23.94.138.243,ipv4,botnet,high,WHITE,blocklist.de/bots|blocklist.de/all|ziyadnz/hourly-ipv4,blocklist.de|bot|irc-bot|brute-force|ziyadnz|hourly,2026-08-17T18:48:05Z,2026-08-17T18:48:05Z,
23.94.155.63,ipv4,botnet,high,WHITE,blocklist.de/bots|blocklist.de/all|ziyadnz/hourly-ipv4,blocklist.de|bot|irc-bot|brute-force|ziyadnz|hourly,2026-08-17T18:48:05Z,2026-08-17T18:48:05Z,
2400:1a00:1b6c:6c9c:b830:fbc3:ef62:aa8a,ipv4,botnet,medium,WHITE,blocklist.de/bots|blocklist.de/all,blocklist.de|bot|irc-bot|brute-force|ziyadnz|hourly,2026-08-17T18:48:05Z,2026-08-17T18:48:05Z,
2400:1a00:6b2f:80d7:9596:52a0:dbb4:686b,ipv4,botnet,medium,WHITE,blocklist.de/bots|blocklist.de/all,blocklist.de|bot|irc-bot|brute-force|ziyadnz|hourly,2026-08-17T18:48:05Z,2026-08-17T18:48:05Z,
2400:1a00:6b60:9c1b:2841:2959:61d0:600a,ipv4,botnet,medium,WHITE,blocklist.de/bots|blocklist.de/all,blocklist.de|bot|irc-bot|brute-force|ziyadnz|hourly,2026-08-17T18:48:05Z,2026-08-17T18:48:05Z,
2400:1a00:6b61:8934:9048:3c9a:aa0b:dc,ipv4,botnet,medium,WHITE,blocklist.de/bots|blocklist.de/all,blocklist.de|bot|irc-bot|brute-force|ziyadnz|hourly,2026-08-17T18:48:05Z,2026-08-17T18:48:05Z,
2400:1a00:6b66:cb80:a875:b35:1abd:bc6b,ipv4,botnet,medium,WHITE,blocklist.de/bots|blocklist.de/all,blocklist.de|bot|irc-bot|brute-force|ziyadnz|hourly,2026-08-17T18:48:05Z,2026-08-17T18:48:05Z,
2400:ac40:627:2fd7:e04c:cdfb:ee56:71ad,ipv4,botnet,medium,WHITE,blocklist.de/bots|blocklist.de/all,blocklist.de|bot|irc-bot|brute-force|ziyadnz|hourly,2026-08-17T18:48:05Z,2026-08-17T18:48:05Z,
2400:ac40:645:604e:d0c7:564:5d00:c72a,ipv4,botnet,medium,WHITE,blocklist.de/bots|blocklist.de/all,blocklist.de|bot|irc-bot|brute-force|ziyadnz|hourly,2026-08-17T18:48:05Z,2026-08-17T18:48:05Z,
2400:adc1:167:e800:c9df:30c8:1dc6:c9d1,ipv4,botnet,medium,WHITE,blocklist.de/bots|blocklist.de/all,blocklist.de|bot|irc-bot|brute-force|ziyadnz|hourly,2026-08-17T18:48:05Z,2026-08-17T18:48:05Z,
2400:adc1:441:c800:58eb:25f4:ed1a:ac89,ipv4,botnet,medium,WHITE,blocklist.de/bots|blocklist.de/all,blocklist.de|bot|irc-bot|brute-force|ziyadnz|hourly,2026-08-17T18:48:05Z,2026-08-17T18:48:05Z,
2400:adcc:131:a000:c112:d348:cf6f:d4b1,ipv4,botnet,medium,WHITE,blocklist.de/bots|blocklist.de/all,blocklist.de|bot|irc-bot|brute-force|ziyadnz|hourly,2026-08-17T18:48:05Z,2026-08-17T18:48:05Z,
2400:adcc:182:8d00:a821:196e:6bb6:7dfa,ipv4,botnet,medium,WHITE,blocklist.de/bots|blocklist.de/all,blocklist.de|bot|irc-bot|brute-force|ziyadnz|hourly,2026-08-17T18:48:05Z,2026-08-17T18:48:05Z,
2400:adcc:195:1000:d40:2726:df2:b087,ipv4,botnet,medium,WHITE,blocklist.de/bots|blocklist.de/all,blocklist.de|bot|irc-bot|brute-force|ziyadnz|hourly,2026-08-17T18:48:05Z,2026-08-17T18:48:05Z,
2400:adcc:1b6:ae00:df6:33f9:7e94:73e9,ipv4,botnet,medium,WHITE,blocklist.de/bots|blocklist.de/all,blocklist.de|bot|irc-bot|brute-force|ziyadnz|hourly,2026-08-17T18:48:05Z,2026-08-17T18:48:05Z,
2401:4900:1c08:1feb:94a:e6f0:37c5:454e,ipv4,botnet,medium,WHITE,blocklist.de/bots|blocklist.de/all,blocklist.de|bot|irc-bot|brute-force|ziyadnz|hourly,2026-08-17T18:48:05Z,2026-08-17T18:48:05Z,
2401:4900:1c36:4af8:8080:b1ed:13ed:42f4,ipv4,botnet,medium,WHITE,blocklist.de/bots|blocklist.de/all,blocklist.de|bot|irc-bot|brute-force|ziyadnz|hourly,2026-08-17T18:48:05Z,2026-08-17T18:48:05Z,
2401:4900:1c3e:ed1:a41a:2d78:dd7d:705d,ipv4,botnet,medium,WHITE,blocklist.de/bots|blocklist.de/all,blocklist.de|bot|irc-bot|brute-force|ziyadnz|hourly,2026-08-17T18:48:05Z,2026-08-17T18:48:05Z,
2401:4900:1c5c:288f:5bd:ab30:3092:af10,ipv4,botnet,medium,WHITE,blocklist.de/bots|blocklist.de/all,blocklist.de|bot|irc-bot|brute-force|ziyadnz|hourly,2026-08-17T18:48:05Z,2026-08-17T18:48:05Z,
2401:4900:1c7e:a738:a439:2748:498f:fa42,ipv4,botnet,medium,WHITE,blocklist.de/bots|blocklist.de/all,blocklist.de|bot|irc-bot|brute-force|ziyadnz|hourly,2026-08-17T18:48:05Z,2026-08-17T18:48:05Z,
2401:4900:1c82:183b:b5d4:b793:ada4:504,ipv4,botnet,medium,WHITE,blocklist.de/bots|blocklist.de/all,blocklist.de|bot|irc-bot|brute-force|ziyadnz|hourly,2026-08-17T18:48:05Z,2026-08-17T18:48:05Z,
2401:4900:1c83:1552:1849:a361:9bf9:4071,ipv4,botnet,medium,WHITE,blocklist.de/bots|blocklist.de/all,blocklist.de|bot|irc-bot|brute-force|ziyadnz|hourly,2026-08-17T18:48:05Z,2026-08-17T18:48:05Z,
2401:4900:1c85:630:89ef:f97e:4690:c546,ipv4,botnet,medium,WHITE,blocklist.de/bots|blocklist.de/all,blocklist.de|bot|irc-bot|brute-force|ziyadnz|hourly,2026-08-17T18:48:05Z,2026-08-17T18:48:05Z,
2401:4900:1c94:b866:a10b:625e:9087:c51c,ipv4,botnet,medium,WHITE,blocklist.de/bots|blocklist.de/all,blocklist.de|bot|irc-bot|brute-force|ziyadnz|hourly,2026-08-17T18:48:05Z,2026-08-17T18:48:05Z,
2401:4900:1c97:695e:7504:b13e:b152:e40d,ipv4,botnet,medium,WHITE,blocklist.de/bots|blocklist.de/all,blocklist.de|bot|irc-bot|brute-force|ziyadnz|hourly,2026-08-17T18:48:05Z,2026-08-17T18:48:05Z,
2401:4900:1ca9:c638:d5ed:32a0:1a1d:c994,ipv4,botnet,medium,WHITE,blocklist.de/bots|blocklist.de/all,blocklist.de|bot|irc-bot|brute-force|ziyadnz|hourly,2026-08-17T18:48:05Z,2026-08-17T18:48:05Z,
2401:4900:1cb2:e6fe:cf7:1a05:f5fc:5280,ipv4,botnet,medium,WHITE,blocklist.de/bots|blocklist.de/all,blocklist.de|bot|irc-bot|brute-force|ziyadnz|hourly,2026-08-17T18:48:05Z,2026-08-17T18:48:05Z,
2401:4900:1cbd:376e:1d0c:5580:dc28:824,ipv4,botnet,medium,WHITE,blocklist.de/bots|blocklist.de/all,blocklist.de|bot|irc-bot|brute-force|ziyadnz|hourly,2026-08-17T18:48:05Z,2026-08-17T18:48:05Z,
2401:4900:1cc8:7d6d:8c05:5c76:d060:76c1,ipv4,botnet,medium,WHITE,blocklist.de/bots|blocklist.de/all,blocklist.de|bot|irc-bot|brute-force|ziyadnz|hourly,2026-08-17T18:48:05Z,2026-08-17T18:48:05Z,
2401:4900:1ce3:9eef:4cf2:56ed:db54:5278,ipv4,botnet,medium,WHITE,blocklist.de/bots|blocklist.de/all,blocklist.de|bot|irc-bot|brute-force|ziyadnz|hourly,2026-08-17T18:48:05Z,2026-08-17T18:48:05Z,
2401:4900:1f32:625c:39b6:bb85:e66e:f4e,ipv4,botnet,medium,WHITE,blocklist.de/bots|blocklist.de/all,blocklist.de|bot|irc-bot|brute-force|ziyadnz|hourly,2026-08-17T18:48:05Z,2026-08-17T18:48:05Z,
2401:4900:1f38:533a:d40c:b542:a263:993e,ipv4,botnet,medium,WHITE,blocklist.de/bots|blocklist.de/all,blocklist.de|bot|irc-bot|brute-force|ziyadnz|hourly,2026-08-17T18:48:05Z,2026-08-17T18:48:05Z,
2401:4900:3cdf:86be:4100:7f2b:7a27:af53,ipv4,botnet,medium,WHITE,blocklist.de/bots|blocklist.de/all,blocklist.de|bot|irc-bot|brute-force|ziyadnz|hourly,2026-08-17T18:48:05Z,2026-08-17T18:48:05Z,
2401:4900:5603:f063:2cf4:283:3f00:9b75,ipv4,botnet,medium,WHITE,blocklist.de/bots|blocklist.de/all,blocklist.de|bot|irc-bot|brute-force|ziyadnz|hourly,2026-08-17T18:48:05Z,2026-08-17T18:48:05Z,
2401:4900:5da4:6eea:4c59:b4ee:61:967c,ipv4,botnet,medium,WHITE,blocklist.de/bots|blocklist.de/all,blocklist.de|bot|irc-bot|brute-force|ziyadnz|hourly,2026-08-17T18:48:05Z,2026-08-17T18:48:05Z,
2401:4900:705a:c8cf:f4ac:2310:7903:4796,ipv4,botnet,medium,WHITE,blocklist.de/bots|blocklist.de/all,blocklist.de|bot|irc-bot|brute-force|ziyadnz|hourly,2026-08-17T18:48:05Z,2026-08-17T18:48:05Z,
2401:4900:7c8a:f514:a848:5d8c:cc99:756c,ipv4,botnet,medium,WHITE,blocklist.de/bots|blocklist.de/all,blocklist.de|bot|irc-bot|brute-force|ziyadnz|hourly,2026-08-17T18:48:05Z,2026-08-17T18:48:05Z,
2401:4900:81f6:b822:7c65:2423:e22d:41c3,ipv4,botnet,medium,WHITE,blocklist.de/bots|blocklist.de/all,blocklist.de|bot|irc-bot|brute-force|ziyadnz|hourly,2026-08-17T18:48:05Z,2026-08-17T18:48:05Z,
2401:4900:8317:752a:65ae:a245:504b:b47e,ipv4,botnet,medium,WHITE,blocklist.de/bots|blocklist.de/all,blocklist.de|bot|irc-bot|brute-force|ziyadnz|hourly,2026-08-17T18:48:05Z,2026-08-17T18:48:05Z,
2401:4900:8820:f477:e048:53c0:452e:63d0,ipv4,botnet,medium,WHITE,blocklist.de/bots|blocklist.de/all,blocklist.de|bot|irc-bot|brute-force|ziyadnz|hourly,2026-08-17T18:48:05Z,2026-08-17T18:48:05Z,
2401:4900:8821:7484:8d8e:e354:2433:14b3,ipv4,botnet,medium,WHITE,blocklist.de/bots|blocklist.de/all,blocklist.de|bot|irc-bot|brute-force|ziyadnz|hourly,2026-08-17T18:48:05Z,2026-08-17T18:48:05Z,
2401:4900:8824:141a:e8d8:64e4:eb49:bb66,ipv4,botnet,medium,WHITE,blocklist.de/bots|blocklist.de/all,blocklist.de|bot|irc-bot|brute-force|ziyadnz|hourly,2026-08-17T18:48:05Z,2026-08-17T18:48:05Z,
2401:4900:8834:d1e1:30af:444c:417a:cf6c,ipv4,botnet,medium,WHITE,blocklist.de/bots|blocklist.de/all,blocklist.de|bot|irc-bot|brute-force|ziyadnz|hourly,2026-08-17T18:48:05Z,2026-08-17T18:48:05Z,
2401:4900:883c:7cdc:7de4:cb6b:4e49:2858,ipv4,botnet,medium,WHITE,blocklist.de/bots|blocklist.de/all,blocklist.de|bot|irc-bot|brute-force|ziyadnz|hourly,2026-08-17T18:48:05Z,2026-08-17T18:48:05Z,
2401:4900:88cc:1cc7:c983:3aac:cdd7:2460,ipv4,botnet,medium,WHITE,blocklist.de/bots|blocklist.de/all,blocklist.de|bot|irc-bot|brute-force|ziyadnz|hourly,2026-08-17T18:48:05Z,2026-08-17T18:48:05Z,
2401:4900:88d1:7798:90a6:5554:c4c5:da9c,ipv4,botnet,medium,WHITE,blocklist.de/bots|blocklist.de/all,blocklist.de|bot|irc-bot|brute-force|ziyadnz|hourly,2026-08-17T18:48:05Z,2026-08-17T18:48:05Z,
2401:4900:88d3:f56f:a8a2:9404:733f:4c9,ipv4,botnet,medium,WHITE,blocklist.de/bots|blocklist.de/all,blocklist.de|bot|irc-bot|brute-force|ziyadnz|hourly,2026-08-17T18:48:05Z,2026-08-17T18:48:05Z,
2401:4900:88d4:ce65:d41c:7d78:dce8:6e23,ipv4,botnet,medium,WHITE,blocklist.de/bots|blocklist.de/all,blocklist.de|bot|irc-bot|brute-force|ziyadnz|hourly,2026-08-17T18:48:05Z,2026-08-17T18:48:05Z,
2401:4900:88dc:2238:f923:7ba:e6d3:ee3f,ipv4,botnet,medium,WHITE,blocklist.de/bots|blocklist.de/all,blocklist.de|bot|irc-bot|brute-force|ziyadnz|hourly,2026-08-17T18:48:05Z,2026-08-17T18:48:05Z,
2401:4900:88fe:db2d:cef:8222:4753:ee30,ipv4,botnet,medium,WHITE,blocklist.de/bots|blocklist.de/all,blocklist.de|bot|irc-bot|brute-force|ziyadnz|hourly,2026-08-17T18:48:05Z,2026-08-17T18:48:05Z,
2401:4900:8909:369b:e571:9f0e:e465:eac1,ipv4,botnet,medium,WHITE,blocklist.de/bots|blocklist.de/all,blocklist.de|bot|irc-bot|brute-force|ziyadnz|hourly,2026-08-17T18:48:05Z,2026-08-17T18:48:05Z,
2401:4900:8939:3aa8:3caa:1fa5:df10:449a,ipv4,botnet,medium,WHITE,blocklist.de/bots|blocklist.de/all,blocklist.de|bot|irc-bot|brute-force|ziyadnz|hourly,2026-08-17T18:48:05Z,2026-08-17T18:48:05Z,
2401:4900:8946:b6fe:6d89:7f19:1946:520e,ipv4,botnet,medium,WHITE,blocklist.de/bots|blocklist.de/all,blocklist.de|bot|irc-bot|brute-force|ziyadnz|hourly,2026-08-17T18:48:05Z,2026-08-17T18:48:05Z,
2401:4900:8f78:ec11:1448:d42b:a673:bec1,ipv4,botnet,medium,WHITE,blocklist.de/bots|blocklist.de/all,blocklist.de|bot|irc-bot|brute-force|ziyadnz|hourly,2026-08-17T18:48:05Z,2026-08-17T18:48:05Z,
2401:4900:8f78:ec11:252b:e2ff:ec7a:4624,ipv4,botnet,medium,WHITE,blocklist.de/bots|blocklist.de/all,blocklist.de|bot|irc-bot|brute-force|ziyadnz|hourly,2026-08-17T18:48:05Z,2026-08-17T18:48:05Z,
2401:4900:8f78:ec11:34ac:998c:bccf:7c8e,ipv4,botnet,medium,WHITE,blocklist.de/bots|blocklist.de/all,blocklist.de|bot|irc-bot|brute-force|ziyadnz|hourly,2026-08-17T18:48:05Z,2026-08-17T18:48:05Z,
2401:4900:8f78:ec11:580d:c283:d9ba:7fd5,ipv4,botnet,medium,WHITE,blocklist.de/bots|blocklist.de/all,blocklist.de|bot|irc-bot|brute-force|ziyadnz|hourly,2026-08-17T18:48:05Z,2026-08-17T18:48:05Z,
2401:4900:8f78:ec11:75d6:585d:9026:71a2,ipv4,botnet,medium,WHITE,blocklist.de/bots|blocklist.de/all,blocklist.de|bot|irc-bot|brute-force|ziyadnz|hourly,2026-08-17T18:48:05Z,2026-08-17T18:48:05Z,
2401:4900:8f78:ec11:821:9d6c:78c8:3dc9,ipv4,botnet,medium,WHITE,blocklist.de/bots|blocklist.de/all,blocklist.de|bot|irc-bot|brute-force|ziyadnz|hourly,2026-08-17T18:48:05Z,2026-08-17T18:48:05Z,
2401:4900:8f78:ec11:8500:8e43:2105:e9d4,ipv4,botnet,medium,WHITE,blocklist.de/bots|blocklist.de/all,blocklist.de|bot|irc-bot|brute-force|ziyadnz|hourly,2026-08-17T18:48:05Z,2026-08-17T18:48:05Z,
2401:4900:8f78:ec11:88d8:2f02:20e4:b184,ipv4,botnet,medium,WHITE,blocklist.de/bots|blocklist.de/all,blocklist.de|bot|irc-bot|brute-force|ziyadnz|hourly,2026-08-17T18:48:05Z,2026-08-17T18:48:05Z,
2401:4900:8f78:ec11:8b1:58c6:26bf:89a3,ipv4,botnet,medium,WHITE,blocklist.de/bots|blocklist.de/all,blocklist.de|bot|irc-bot|brute-force|ziyadnz|hourly,2026-08-17T18:48:05Z,2026-08-17T18:48:05Z,
2401:4900:8f78:ec11:e471:6154:ec1:73f,ipv4,botnet,medium,WHITE,blocklist.de/bots|blocklist.de/all,blocklist.de|bot|irc-bot|brute-force|ziyadnz|hourly,2026-08-17T18:48:05Z,2026-08-17T18:48:05Z,
2401:4900:8f78:ec11:e979:6872:7b72:2be6,ipv4,botnet,medium,WHITE,blocklist.de/bots|blocklist.de/all,blocklist.de|bot|irc-bot|brute-force|ziyadnz|hourly,2026-08-17T18:48:05Z,2026-08-17T18:48:05Z,
2401:4900:8fc4:b70f:a05c:3b69:2709:2b1f,ipv4,botnet,medium,WHITE,blocklist.de/bots|blocklist.de/all,blocklist.de|bot|irc-bot|brute-force|ziyadnz|hourly,2026-08-17T18:48:05Z,2026-08-17T18:48:05Z,
2401:4900:8fd0:2bcf:b88b:87af:62ce:aff9,ipv4,botnet,medium,WHITE,blocklist.de/bots|blocklist.de/all,blocklist.de|bot|irc-bot|brute-force|ziyadnz|hourly,2026-08-17T18:48:05Z,2026-08-17T18:48:05Z,
2401:4900:8fe3:3a16:2cf0:2e57:c5:3dad,ipv4,botnet,medium,WHITE,blocklist.de/bots|blocklist.de/all,blocklist.de|bot|irc-bot|brute-force|ziyadnz|hourly,2026-08-17T18:48:05Z,2026-08-17T18:48:05Z,
2401:4900:8fed:1c19:8477:cf54:7625:1ee1,ipv4,botnet,medium,WHITE,blocklist.de/bots|blocklist.de/all,blocklist.de|bot|irc-bot|brute-force|ziyadnz|hourly,2026-08-17T18:48:05Z,2026-08-17T18:48:05Z,
2401:4900:8ff3:c591:adf1:2033:2fb9:1302,ipv4,botnet,medium,WHITE,blocklist.de/bots|blocklist.de/all,blocklist.de|bot|irc-bot|brute-force|ziyadnz|hourly,2026-08-17T18:48:05Z,2026-08-17T18:48:05Z,
2401:4900:8ff9:93b2:994:a131:8842:8643,ipv4,botnet,medium,WHITE,blocklist.de/bots|blocklist.de/all,blocklist.de|bot|irc-bot|brute-force|ziyadnz|hourly,2026-08-17T18:48:05Z,2026-08-17T18:48:05Z,
2401:4900:8ff9:93b2:d447:5ffc:f875:a60f,ipv4,botnet,medium,WHITE,blocklist.de/bots|blocklist.de/all,blocklist.de|bot|irc-bot|brute-force|ziyadnz|hourly,2026-08-17T18:48:05Z,2026-08-17T18:48:05Z,
2401:4900:8ff9:93b2:f9fb:98bc:880e:4f95,ipv4,botnet,medium,WHITE,blocklist.de/bots|blocklist.de/all,blocklist.de|bot|irc-bot|brute-force|ziyadnz|hourly,2026-08-17T18:48:05Z,2026-08-17T18:48:05Z,
2401:4900:92d3:f740:bd8f:36fa:f119:d3aa,ipv4,botnet,medium,WHITE,blocklist.de/bots|blocklist.de/all,blocklist.de|bot|irc-bot|brute-force|ziyadnz|hourly,2026-08-17T18:48:05Z,2026-08-17T18:48:05Z,
2401:4900:b10d:ec7f:b05c:b5b4:b37a:4549,ipv4,botnet,medium,WHITE,blocklist.de/bots|blocklist.de/all,blocklist.de|bot|irc-bot|brute-force|ziyadnz|hourly,2026-08-17T18:48:05Z,2026-08-17T18:48:05Z,
2401:4900:b3ee:6692:d5a1:4f07:93f7:bd0,ipv4,botnet,medium,WHITE,blocklist.de/bots|blocklist.de/all,blocklist.de|bot|irc-bot|brute-force|ziyadnz|hourly,2026-08-17T18:48:05Z,2026-08-17T18:48:05Z,
2401:4900:cac0:67cc:59bb:409a:b2d8:d6c7,ipv4,botnet,medium,WHITE,blocklist.de/bots|blocklist.de/all,blocklist.de|bot|irc-bot|brute-force|ziyadnz|hourly,2026-08-17T18:48:05Z,2026-08-17T18:48:05Z,
2401:4900:cadc:2a65:c1ad:2796:20e8:479e,ipv4,botnet,medium,WHITE,blocklist.de/bots|blocklist.de/all,blocklist.de|bot|irc-bot|brute-force|ziyadnz|hourly,2026-08-17T18:48:05Z,2026-08-17T18:48:05Z,
2402:3a80:837:8c72:e860:2dd2:11f9:2890,ipv4,botnet,medium,WHITE,blocklist.de/bots|blocklist.de/all,blocklist.de|bot|irc-bot|brute-force|ziyadnz|hourly,2026-08-17T18:48:05Z,2026-08-17T18:48:05Z,
2402:4000:b1b6:d083:8161:d04e:a522:d023,ipv4,botnet,medium,WHITE,blocklist.de/bots|blocklist.de/all,blocklist.de|bot|irc-bot|brute-force|ziyadnz|hourly,2026-08-17T18:48:05Z,2026-08-17T18:48:05Z,
2402:4000:b1b6:d083:f18b:bbab:1005:a66,ipv4,botnet,medium,WHITE,blocklist.de/bots|blocklist.de/all,blocklist.de|bot|irc-bot|brute-force|ziyadnz|hourly,2026-08-17T18:48:05Z,2026-08-17T18:48:05Z,
2402:800:61af:c64d:58aa:ae86:5ad5:97f1,ipv4,botnet,medium,WHITE,blocklist.de/bots|blocklist.de/all,blocklist.de|bot|irc-bot|brute-force|ziyadnz|hourly,2026-08-17T18:48:05Z,2026-08-17T18:48:05Z,
2402:800:6314:cf1a:69bb:5286:dc30:9033,ipv4,botnet,medium,WHITE,blocklist.de/bots|blocklist.de/all,blocklist.de|bot|irc-bot|brute-force|ziyadnz|hourly,2026-08-17T18:48:05Z,2026-08-17T18:48:05Z,
2402:8100:2781:bda0:fddd:da34:9ce9:8647,ipv4,botnet,medium,WHITE,blocklist.de/bots|blocklist.de/all,blocklist.de|bot|irc-bot|brute-force|ziyadnz|hourly,2026-08-17T18:48:05Z,2026-08-17T18:48:05Z,
2402:8100:2adb:fa06:e416:5be4:58d5:b79c,ipv4,botnet,medium,WHITE,blocklist.de/bots|blocklist.de/all,blocklist.de|bot|irc-bot|brute-force|ziyadnz|hourly,2026-08-17T18:48:05Z,2026-08-17T18:48:05Z,
2402:a00:173:6ecc:f891:eb92:b20a:bd9e,ipv4,botnet,medium,WHITE,blocklist.de/bots|blocklist.de/all,blocklist.de|bot|irc-bot|brute-force|ziyadnz|hourly,2026-08-17T18:48:05Z,2026-08-17T18:48:05Z,
2402:d000:810c:2bb0:6d18:2611:f17e:7265,ipv4,botnet,medium,WHITE,blocklist.de/bots|blocklist.de/all,blocklist.de|bot|irc-bot|brute-force|ziyadnz|hourly,2026-08-17T18:48:05Z,2026-08-17T18:48:05Z,
2403:6200:8856:1e41:512c:f7ae:2f14:50fa,ipv4,botnet,medium,WHITE,blocklist.de/bots|blocklist.de/all,blocklist.de|bot|irc-bot|brute-force|ziyadnz|hourly,2026-08-17T18:48:05Z,2026-08-17T18:48:05Z,
2404:3100:1472:9f63:11a4:25ae:69fe:2198,ipv4,botnet,medium,WHITE,blocklist.de/bots|blocklist.de/all,blocklist.de|bot|irc-bot|brute-force|ziyadnz|hourly,2026-08-17T18:48:05Z,2026-08-17T18:48:05Z,
2404:7c00:48:dadd:71ad:a5d:8fc9:ba70,ipv4,botnet,medium,WHITE,blocklist.de/bots|blocklist.de/all,blocklist.de|bot|irc-bot|brute-force|ziyadnz|hourly,2026-08-17T18:48:05Z,2026-08-17T18:48:05Z,
2404:8ec0:ddde:188e:11f6:7c59:df17:c43a,ipv4,botnet,medium,WHITE,blocklist.de/bots|blocklist.de/all,blocklist.de|bot|irc-bot|brute-force|ziyadnz|hourly,2026-08-17T18:48:05Z,2026-08-17T18:48:05Z,
2404:c0:a702:c91:d929:f28f:a5ab:b7c4,ipv4,botnet,medium,WHITE,blocklist.de/bots|blocklist.de/all,blocklist.de|bot|irc-bot|brute-force|ziyadnz|hourly,2026-08-17T18:48:05Z,2026-08-17T18:48:05Z,
2404:c0:b204:8ee6:79e1:4077:d71c:7cdf,ipv4,botnet,medium,WHITE,blocklist.de/bots|blocklist.de/all,blocklist.de|bot|irc-bot|brute-force|ziyadnz|hourly,2026-08-17T18:48:05Z,2026-08-17T18:48:05Z,
2405:201:0:69c7:88e1:b464:8191:9326,ipv4,botnet,medium,WHITE,blocklist.de/bots|blocklist.de/all,blocklist.de|bot|irc-bot|brute-force|ziyadnz|hourly,2026-08-17T18:48:05Z,2026-08-17T18:48:05Z,
2405:201:2018:d087:a050:da82:93cf:5746,ipv4,botnet,medium,WHITE,blocklist.de/bots|blocklist.de/all,blocklist.de|bot|irc-bot|brute-force|ziyadnz|hourly,2026-08-17T18:48:05Z,2026-08-17T18:48:05Z,
2405:201:28:1997:4e9:dd35:fa7c:8047,ipv4,botnet,medium,WHITE,blocklist.de/bots|blocklist.de/all,blocklist.de|bot|irc-bot|brute-force|ziyadnz|hourly,2026-08-17T18:48:05Z,2026-08-17T18:48:05Z,
2405:201:5023:40a4:ecf5:fa94:733a:91e1,ipv4,botnet,medium,WHITE,blocklist.de/bots|blocklist.de/all,blocklist.de|bot|irc-bot|brute-force|ziyadnz|hourly,2026-08-17T18:48:05Z,2026-08-17T18:48:05Z,
2405:201:5803:f955:ec29:fa6d:80b6:bfe6,ipv4,botnet,medium,WHITE,blocklist.de/bots|blocklist.de/all,blocklist.de|bot|irc-bot|brute-force|ziyadnz|hourly,2026-08-17T18:48:05Z,2026-08-17T18:48:05Z,
2405:201:7001:a16d:c5ae:bdd5:1273:8b1a,ipv4,botnet,medium,WHITE,blocklist.de/bots|blocklist.de/all,blocklist.de|bot|irc-bot|brute-force|ziyadnz|hourly,2026-08-17T18:48:05Z,2026-08-17T18:48:05Z,
2405:201:8005:7074:5842:2527:c5e:1dab,ipv4,botnet,medium,WHITE,blocklist.de/bots|blocklist.de/all,blocklist.de|bot|irc-bot|brute-force|ziyadnz|hourly,2026-08-17T18:48:05Z,2026-08-17T18:48:05Z,
2405:201:900c:c0af:3da1:a330:f579:f170,ipv4,botnet,medium,WHITE,blocklist.de/bots|blocklist.de/all,blocklist.de|bot|irc-bot|brute-force|ziyadnz|hourly,2026-08-17T18:48:05Z,2026-08-17T18:48:05Z,
2405:201:900c:c0af:a0fe:454f:3ced:748e,ipv4,botnet,medium,WHITE,blocklist.de/bots|blocklist.de/all,blocklist.de|bot|irc-bot|brute-force|ziyadnz|hourly,2026-08-17T18:48:05Z,2026-08-17T18:48:05Z,
2405:201:a018:501b:1da4:b639:a73a:5923,ipv4,botnet,medium,WHITE,blocklist.de/bots|blocklist.de/all,blocklist.de|bot|irc-bot|brute-force|ziyadnz|hourly,2026-08-17T18:48:05Z,2026-08-17T18:48:05Z,
2405:201:a418:68c8:f4df:1e40:a033:61a4,ipv4,botnet,medium,WHITE,blocklist.de/bots|blocklist.de/all,blocklist.de|bot|irc-bot|brute-force|ziyadnz|hourly,2026-08-17T18:48:05Z,2026-08-17T18:48:05Z,
2405:201:c400:d05a:811a:cbe4:f6d6:42bb,ipv4,botnet,medium,WHITE,blocklist.de/bots|blocklist.de/all,blocklist.de|bot|irc-bot|brute-force|ziyadnz|hourly,2026-08-17T18:48:05Z,2026-08-17T18:48:05Z,
2405:201:e019:e0f0:7155:50c6:74a6:566e,ipv4,botnet,medium,WHITE,blocklist.de/bots|blocklist.de/all,blocklist.de|bot|irc-bot|brute-force|ziyadnz|hourly,2026-08-17T18:48:05Z,2026-08-17T18:48:05Z,
2405:201:e05b:a870:4d3e:c8bc:44e5:24b1,ipv4,botnet,medium,WHITE,blocklist.de/bots|blocklist.de/all,blocklist.de|bot|irc-bot|brute-force|ziyadnz|hourly,2026-08-17T18:48:05Z,2026-08-17T18:48:05Z,
2405:201:e05b:a870:69df:a076:bf8a:8059,ipv4,botnet,medium,WHITE,blocklist.de/bots|blocklist.de/all,blocklist.de|bot|irc-bot|brute-force|ziyadnz|hourly,2026-08-17T18:48:05Z,2026-08-17T18:48:05Z,
2405:4802:91bc:adb0:606f:89bb:86a4:b675,ipv4,botnet,medium,WHITE,blocklist.de/bots|blocklist.de/all,blocklist.de|bot|irc-bot|brute-force|ziyadnz|hourly,2026-08-17T18:48:05Z,2026-08-17T18:48:05Z,
2405:5700:304:2b68:fc73:fe45:235c:2fd3,ipv4,botnet,medium,WHITE,blocklist.de/bots|blocklist.de/all,blocklist.de|bot|irc-bot|brute-force|ziyadnz|hourly,2026-08-17T18:48:05Z,2026-08-17T18:48:05Z,
2405:acc0:1207:ae82:be:8894:d80d:d5aa,ipv4,botnet,medium,WHITE,blocklist.de/bots|blocklist.de/all,blocklist.de|bot|irc-bot|brute-force|ziyadnz|hourly,2026-08-17T18:48:05Z,2026-08-17T18:48:05Z,
2405:acc0:1307:58d:c93b:5e7a:5c7d:30dc,ipv4,botnet,medium,WHITE,blocklist.de/bots|blocklist.de/all,blocklist.de|bot|irc-bot|brute-force|ziyadnz|hourly,2026-08-17T18:48:05Z,2026-08-17T18:48:05Z,
2406:2d40:f98:2108:4d07:5bab:7312:2c9c,ipv4,botnet,medium,WHITE,blocklist.de/bots|blocklist.de/all,blocklist.de|bot|irc-bot|brute-force|ziyadnz|hourly,2026-08-17T18:48:05Z,2026-08-17T18:48:05Z,
2406:b400:71:90ca:edeb:f990:cb89:ef33,ipv4,botnet,medium,WHITE,blocklist.de/bots|blocklist.de/all,blocklist.de|bot|irc-bot|brute-force|ziyadnz|hourly,2026-08-17T18:48:05Z,2026-08-17T18:48:05Z,
2406:d00:cccf:1f3c:45e0:a47f:b06d:da72,ipv4,botnet,medium,WHITE,blocklist.de/bots|blocklist.de/all,blocklist.de|bot|irc-bot|brute-force|ziyadnz|hourly,2026-08-17T18:48:05Z,2026-08-17T18:48:05Z,
2407:1400:aac0:4430:3501:a5fb:8c02:bc51,ipv4,botnet,medium,WHITE,blocklist.de/bots|blocklist.de/all,blocklist.de|bot|irc-bot|brute-force|ziyadnz|hourly,2026-08-17T18:48:05Z,2026-08-17T18:48:05Z,
2407:aa80:126:ea44:2837:419f:3058:3d11,ipv4,botnet,medium,WHITE,blocklist.de/bots|blocklist.de/all,blocklist.de|bot|irc-bot|brute-force|ziyadnz|hourly,2026-08-17T18:48:05Z,2026-08-17T18:48:05Z,
2407:b1c0:dc1:a994:101:54fe:2899:f0c5,ipv4,botnet,medium,WHITE,blocklist.de/bots|blocklist.de/all,blocklist.de|bot|irc-bot|brute-force|ziyadnz|hourly,2026-08-17T18:48:05Z,2026-08-17T18:48:05Z,
2407:d000:11:1e52:e5d9:a75f:7ce7:de4c,ipv4,botnet,medium,WHITE,blocklist.de/bots|blocklist.de/all,blocklist.de|bot|irc-bot|brute-force|ziyadnz|hourly,2026-08-17T18:48:05Z,2026-08-17T18:48:05Z,
2407:d000:506:1eea:809b:dec6:ae0a:34a1,ipv4,botnet,medium,WHITE,blocklist.de/bots|blocklist.de/all,blocklist.de|bot|irc-bot|brute-force|ziyadnz|hourly,2026-08-17T18:48:05Z,2026-08-17T18:48:05Z,
2407:d000:506:1eea:d571:fe45:610d:6cea,ipv4,botnet,medium,WHITE,blocklist.de/bots|blocklist.de/all,blocklist.de|bot|irc-bot|brute-force|ziyadnz|hourly,2026-08-17T18:48:05Z,2026-08-17T18:48:05Z,
2407:d000:506:1fdc:1d14:2c51:610e:d472,ipv4,botnet,medium,WHITE,blocklist.de/bots|blocklist.de/all,blocklist.de|bot|irc-bot|brute-force|ziyadnz|hourly,2026-08-17T18:48:05Z,2026-08-17T18:48:05Z,
2409:4072:8a:e825:a96d:ea7f:1461:be91,ipv4,botnet,medium,WHITE,blocklist.de/bots|blocklist.de/all,blocklist.de|bot|irc-bot|brute-force|ziyadnz|hourly,2026-08-17T18:48:05Z,2026-08-17T18:48:05Z,
2409:4081:adb0:3c63:75f9:bda3:d0a1:3bba,ipv4,botnet,medium,WHITE,blocklist.de/bots|blocklist.de/all,blocklist.de|bot|irc-bot|brute-force|ziyadnz|hourly,2026-08-17T18:48:05Z,2026-08-17T18:48:05Z,
2409:4081:adb0:3c63:dc22:4d07:9c8b:4f09,ipv4,botnet,medium,WHITE,blocklist.de/bots|blocklist.de/all,blocklist.de|bot|irc-bot|brute-force|ziyadnz|hourly,2026-08-17T18:48:05Z,2026-08-17T18:48:05Z,
2409:4090:205b:6c01:d822:f260:7fe4:9284,ipv4,botnet,medium,WHITE,blocklist.de/bots|blocklist.de/all,blocklist.de|bot|irc-bot|brute-force|ziyadnz|hourly,2026-08-17T18:48:05Z,2026-08-17T18:48:05Z,
2409:4090:20ba:f600:8d26:473:b77:12a7,ipv4,botnet,medium,WHITE,blocklist.de/bots|blocklist.de/all,blocklist.de|bot|irc-bot|brute-force|ziyadnz|hourly,2026-08-17T18:48:05Z,2026-08-17T18:48:05Z,
2409:4090:f0b2:a401:50ba:b3c5:c138:f481,ipv4,botnet,medium,WHITE,blocklist.de/bots|blocklist.de/all,blocklist.de|bot|irc-bot|brute-force|ziyadnz|hourly,2026-08-17T18:48:05Z,2026-08-17T18:48:05Z,
2409:4090:f0b2:a401:d0f3:ffc9:f33c:9eb,ipv4,botnet,medium,WHITE,blocklist.de/bots|blocklist.de/all,blocklist.de|bot|irc-bot|brute-force|ziyadnz|hourly,2026-08-17T18:48:05Z,2026-08-17T18:48:05Z,
2409:4091:40aa:d004:15af:6ad2:73d:aa37,ipv4,botnet,medium,WHITE,blocklist.de/bots|blocklist.de/all,blocklist.de|bot|irc-bot|brute-force|ziyadnz|hourly,2026-08-17T18:48:05Z,2026-08-17T18:48:05Z,
2409:40c2:5408:405d:94db:6f:160:b1b1,ipv4,botnet,medium,WHITE,blocklist.de/bots|blocklist.de/all,blocklist.de|bot|irc-bot|brute-force|ziyadnz|hourly,2026-08-17T18:48:05Z,2026-08-17T18:48:05Z,
2409:40c4:30c4:e366:2cd3:8ab:c12d:412d,ipv4,botnet,medium,WHITE,blocklist.de/bots|blocklist.de/all,blocklist.de|bot|irc-bot|brute-force|ziyadnz|hourly,2026-08-17T18:48:05Z,2026-08-17T18:48:05Z,
2409:40d2:1032:fed7:a188:4902:ac23:4b0e,ipv4,botnet,medium,WHITE,blocklist.de/bots|blocklist.de/all,blocklist.de|bot|irc-bot|brute-force|ziyadnz|hourly,2026-08-17T18:48:05Z,2026-08-17T18:48:05Z,
2409:40d4:f2:3967:2018:93e1:e49e:1ec5,ipv4,botnet,medium,WHITE,blocklist.de/bots|blocklist.de/all,blocklist.de|bot|irc-bot|brute-force|ziyadnz|hourly,2026-08-17T18:48:05Z,2026-08-17T18:48:05Z,
2409:40e2:20bb:6b28:2d12:e797:ba8a:6b97,ipv4,botnet,medium,WHITE,blocklist.de/bots|blocklist.de/all,blocklist.de|bot|irc-bot|brute-force|ziyadnz|hourly,2026-08-17T18:48:05Z,2026-08-17T18:48:05Z,
2409:40e4:101e:dfe1:d01b:22dd:701d:e4ae,ipv4,botnet,medium,WHITE,blocklist.de/bots|blocklist.de/all,blocklist.de|bot|irc-bot|brute-force|ziyadnz|hourly,2026-08-17T18:48:05Z,2026-08-17T18:48:05Z,
2409:40e5:101f:3079:1835:a8a4:5499:3af6,ipv4,botnet,medium,WHITE,blocklist.de/bots|blocklist.de/all,blocklist.de|bot|irc-bot|brute-force|ziyadnz|hourly,2026-08-17T18:48:05Z,2026-08-17T18:48:05Z,
2409:40e5:101f:3079:fd54:bb4c:778c:e3ca,ipv4,botnet,medium,WHITE,blocklist.de/bots|blocklist.de/all,blocklist.de|bot|irc-bot|brute-force|ziyadnz|hourly,2026-08-17T18:48:05Z,2026-08-17T18:48:05Z,
2409:40e5:177:a238:a4a4:6cfd:3a21:89d7,ipv4,botnet,medium,WHITE,blocklist.de/bots|blocklist.de/all,blocklist.de|bot|irc-bot|brute-force|ziyadnz|hourly,2026-08-17T18:48:05Z,2026-08-17T18:48:05Z,
2409:40e6:519:fba5:fd1c:4eb4:f2d9:3481,ipv4,botnet,medium,WHITE,blocklist.de/bots|blocklist.de/all,blocklist.de|bot|irc-bot|brute-force|ziyadnz|hourly,2026-08-17T18:48:05Z,2026-08-17T18:48:05Z,
2600:1700:6e10:2d50:c861:e6cf:9d42:43d6,ipv4,botnet,medium,WHITE,blocklist.de/bots|blocklist.de/all,blocklist.de|bot|irc-bot|brute-force|ziyadnz|hourly,2026-08-17T18:48:05Z,2026-08-17T18:48:05Z,
2600:1700:b6b0:5700:c9e5:397e:7f8c:8538,ipv4,botnet,medium,WHITE,blocklist.de/bots|blocklist.de/all,blocklist.de|bot|irc-bot|brute-force|ziyadnz|hourly,2026-08-17T18:48:05Z,2026-08-17T18:48:05Z,
2600:1702:6c80:5880:5f49:b85a:d034:19a1,ipv4,botnet,medium,WHITE,blocklist.de/bots|blocklist.de/all,blocklist.de|bot|irc-bot|brute-force|ziyadnz|hourly,2026-08-17T18:48:05Z,2026-08-17T18:48:05Z,
2600:382:b9f8:3156:e078:3e99:e29c:4992,ipv4,botnet,medium,WHITE,blocklist.de/bots|blocklist.de/all,blocklist.de|bot|irc-bot|brute-force|ziyadnz|hourly,2026-08-17T18:48:05Z,2026-08-17T18:48:05Z,
2600:8805:a207:700:8d32:6ad4:ba59:269c,ipv4,botnet,medium,WHITE,blocklist.de/bots|blocklist.de/all,blocklist.de|bot|irc-bot|brute-force|ziyadnz|hourly,2026-08-17T18:48:05Z,2026-08-17T18:48:05Z,
2601:406:4603:4510:9016:2cc8:8887:8041,ipv4,botnet,medium,WHITE,blocklist.de/bots|blocklist.de/all,blocklist.de|bot|irc-bot|brute-force|ziyadnz|hourly,2026-08-17T18:48:05Z,2026-08-17T18:48:05Z,
2601:406:4680:b90:6491:4a27:e5d6:bb77,ipv4,botnet,medium,WHITE,blocklist.de/bots|blocklist.de/all,blocklist.de|bot|irc-bot|brute-force|ziyadnz|hourly,2026-08-17T18:48:05Z,2026-08-17T18:48:05Z,
2601:44:402:b30e:d8d9:9c6f:276d:973a,ipv4,botnet,medium,WHITE,blocklist.de/bots|blocklist.de/all,blocklist.de|bot|irc-bot|brute-force|ziyadnz|hourly,2026-08-17T18:48:05Z,2026-08-17T18:48:05Z,
2601:805:600:249:5930:1d75:9aaa:17f3,ipv4,botnet,medium,WHITE,blocklist.de/bots|blocklist.de/all,blocklist.de|bot|irc-bot|brute-force|ziyadnz|hourly,2026-08-17T18:48:05Z,2026-08-17T18:48:05Z,
2601:805:600:249:a9f2:2256:9fd0:f7fb,ipv4,botnet,medium,WHITE,blocklist.de/bots|blocklist.de/all,blocklist.de|bot|irc-bot|brute-force|ziyadnz|hourly,2026-08-17T18:48:05Z,2026-08-17T18:48:05Z,
2601:8c:487e:83b0:29c7:9956:3a4a:523b,ipv4,botnet,medium,WHITE,blocklist.de/bots|blocklist.de/all,blocklist.de|bot|irc-bot|brute-force|ziyadnz|hourly,2026-08-17T18:48:05Z,2026-08-17T18:48:05Z,
2602:fa59:10:311::1,ipv4,botnet,medium,WHITE,blocklist.de/bots|blocklist.de/all,blocklist.de|bot|irc-bot|brute-force|ziyadnz|hourly,2026-08-17T18:48:05Z,2026-08-17T18:48:05Z,
2603:7000:c8f0:8140:6488:c60f:ee30:26ae,ipv4,botnet,medium,WHITE,blocklist.de/bots|blocklist.de/all,blocklist.de|bot|irc-bot|brute-force|ziyadnz|hourly,2026-08-17T18:48:05Z,2026-08-17T18:48:05Z,
2603:8088:303f:8623:5cf4:9509:69aa:f262,ipv4,botnet,medium,WHITE,blocklist.de/bots|blocklist.de/all,blocklist.de|bot|irc-bot|brute-force|ziyadnz|hourly,2026-08-17T18:48:05Z,2026-08-17T18:48:05Z,
2603:900b:dbf0:4a40:cd26:16c9:3889:2501,ipv4,botnet,medium,WHITE,blocklist.de/bots|blocklist.de/all,blocklist.de|bot|irc-bot|brute-force|ziyadnz|hourly,2026-08-17T18:48:05Z,2026-08-17T18:48:05Z,
2603:900b:dbf0:4a40:cdf:80a9:10b:9500,ipv4,botnet,medium,WHITE,blocklist.de/bots|blocklist.de/all,blocklist.de|bot|irc-bot|brute-force|ziyadnz|hourly,2026-08-17T18:48:05Z,2026-08-17T18:48:05Z,
2603:900b:dbf0:4a40:dcba:6816:ff48:7bd5,ipv4,botnet,medium,WHITE,blocklist.de/bots|blocklist.de/all,blocklist.de|bot|irc-bot|brute-force|ziyadnz|hourly,2026-08-17T18:48:05Z,2026-08-17T18:48:05Z,
2604:a880:800:14:0:3:5e4b:a000,ipv4,botnet,medium,WHITE,blocklist.de/bots|blocklist.de/all,blocklist.de|bot|irc-bot|brute-force|ziyadnz|hourly,2026-08-17T18:48:05Z,2026-08-17T18:48:05Z,
2605:52c0:3:4b:be24:11ff:fec8:2497,ipv4,botnet,medium,WHITE,blocklist.de/bots|blocklist.de/all,blocklist.de|bot|irc-bot|brute-force|ziyadnz|hourly,2026-08-17T18:48:05Z,2026-08-17T18:48:05Z,
2605:59c0:274e:3810:19e5:9187:ab97:6abc,ipv4,botnet,medium,WHITE,blocklist.de/bots|blocklist.de/all,blocklist.de|bot|irc-bot|brute-force|ziyadnz|hourly,2026-08-17T18:48:05Z,2026-08-17T18:48:05Z,
2605:59c0:e13:5d10:20ad:cf86:1696:6674,ipv4,botnet,medium,WHITE,blocklist.de/bots|blocklist.de/all,blocklist.de|bot|irc-bot|brute-force|ziyadnz|hourly,2026-08-17T18:48:05Z,2026-08-17T18:48:05Z,
2605:59c1:36e3:4508:2c08:ab9d:8542:5ff8,ipv4,botnet,medium,WHITE,blocklist.de/bots|blocklist.de/all,blocklist.de|bot|irc-bot|brute-force|ziyadnz|hourly,2026-08-17T18:48:05Z,2026-08-17T18:48:05Z,
2605:6440:a000:1003:3c09:b458:1f51:2522,ipv4,botnet,medium,WHITE,blocklist.de/bots|blocklist.de/all,blocklist.de|bot|irc-bot|brute-force|ziyadnz|hourly,2026-08-17T18:48:05Z,2026-08-17T18:48:05Z,
2605:6440:a000:a001:bdc7:b3da:f205:2c24,ipv4,botnet,medium,WHITE,blocklist.de/bots|blocklist.de/all,blocklist.de|bot|irc-bot|brute-force|ziyadnz|hourly,2026-08-17T18:48:05Z,2026-08-17T18:48:05Z,
27.34.68.99,ipv4,botnet,high,WHITE,blocklist.de/bots|blocklist.de/all|ziyadnz/hourly-ipv4,blocklist.de|bot|irc-bot|brute-force|ziyadnz|hourly,2026-08-17T18:48:05Z,2026-08-17T18:48:05Z,
27.34.70.224,ipv4,botnet,high,WHITE,blocklist.de/bots|blocklist.de/all|ziyadnz/hourly-ipv4,blocklist.de|bot|irc-bot|brute-force|ziyadnz|hourly,2026-08-17T18:48:05Z,2026-08-17T18:48:05Z,
27.34.72.188,ipv4,botnet,high,WHITE,blocklist.de/bots|blocklist.de/all|ziyadnz/hourly-ipv4,blocklist.de|bot|irc-bot|brute-force|ziyadnz|hourly,2026-08-17T18:48:05Z,2026-08-17T18:48:05Z,
27.34.72.38,ipv4,botnet,high,WHITE,blocklist.de/bots|blocklist.de/all|ziyadnz/hourly-ipv4,blocklist.de|bot|irc-bot|brute-force|ziyadnz|hourly,2026-08-17T18:48:05Z,2026-08-17T18:48:05Z,
27.34.73.232,ipv4,botnet,high,WHITE,blocklist.de/bots|blocklist.de/all|ziyadnz/hourly-ipv4,blocklist.de|bot|irc-bot|brute-force|ziyadnz|hourly,2026-08-17T18:48:05Z,2026-08-17T18:48:05Z,
27.44.125.38,ipv4,botnet,high,WHITE,blocklist.de/bots|blocklist.de/all|ziyadnz/hourly-ipv4,blocklist.de|bot|irc-bot|brute-force|ziyadnz|hourly,2026-08-17T18:48:05Z,2026-08-17T18:48:05Z,
27.58.193.148,ipv4,botnet,high,WHITE,blocklist.de/bots|blocklist.de/all|ziyadnz/hourly-ipv4,blocklist.de|bot|irc-bot|brute-force|ziyadnz|hourly,2026-08-17T18:48:05Z,2026-08-17T18:48:05Z,
27.61.45.8,ipv4,botnet,high,WHITE,blocklist.de/bots|blocklist.de/all|ziyadnz/hourly-ipv4,blocklist.de|bot|irc-bot|brute-force|ziyadnz|hourly,2026-08-17T18:48:05Z,2026-08-17T18:48:05Z,
27.7.54.221,ipv4,botnet,high,WHITE,blocklist.de/bots|blocklist.de/all|ziyadnz/hourly-ipv4,blocklist.de|bot|irc-bot|brute-force|ziyadnz|hourly,2026-08-17T18:48:05Z,2026-08-17T18:48:05Z,
2803:9800:98c7:72b2:7c6:696:3552:6c2d,ipv4,botnet,medium,WHITE,blocklist.de/bots|blocklist.de/all,blocklist.de|bot|irc-bot|brute-force|ziyadnz|hourly,2026-08-17T18:48:05Z,2026-08-17T18:48:05Z,
2803:9810:591c:c910:7db2:6b4f:c36b:db7d,ipv4,botnet,medium,WHITE,blocklist.de/bots|blocklist.de/all,blocklist.de|bot|irc-bot|brute-force|ziyadnz|hourly,2026-08-17T18:48:05Z,2026-08-17T18:48:05Z,
2803:9810:591c:c910:95c2:1ce4:79a0:8073,ipv4,botnet,medium,WHITE,blocklist.de/bots|blocklist.de/all,blocklist.de|bot|irc-bot|brute-force|ziyadnz|hourly,2026-08-17T18:48:05Z,2026-08-17T18:48:05Z,
2803:9810:a09c:d708:2993:868b:7b8b:40f4,ipv4,botnet,medium,WHITE,blocklist.de/bots|blocklist.de/all,blocklist.de|bot|irc-bot|brute-force|ziyadnz|hourly,2026-08-17T18:48:05Z,2026-08-17T18:48:05Z,
2804:14d:b083:8777:e5e5:3acb:4e7d:7bc0,ipv4,botnet,medium,WHITE,blocklist.de/bots|blocklist.de/all,blocklist.de|bot|irc-bot|brute-force|ziyadnz|hourly,2026-08-17T18:48:05Z,2026-08-17T18:48:05Z,
2804:2488:9083:ea70:80cd:5532:98c2:f66f,ipv4,botnet,medium,WHITE,blocklist.de/bots|blocklist.de/all,blocklist.de|bot|irc-bot|brute-force|ziyadnz|hourly,2026-08-17T18:48:05Z,2026-08-17T18:48:05Z,
2804:4398:4f:fb01:6b6:1903:dfe3:6900,ipv4,botnet,medium,WHITE,blocklist.de/bots|blocklist.de/all,blocklist.de|bot|irc-bot|brute-force|ziyadnz|hourly,2026-08-17T18:48:05Z,2026-08-17T18:48:05Z,
2804:7a3c:a50:1100:60b8:726b:5d11:1fe1,ipv4,botnet,medium,WHITE,blocklist.de/bots|blocklist.de/all,blocklist.de|bot|irc-bot|brute-force|ziyadnz|hourly,2026-08-17T18:48:05Z,2026-08-17T18:48:05Z,
2804:7a6c:d902:3900:38c7:aa42:e1b4:418a,ipv4,botnet,medium,WHITE,blocklist.de/bots|blocklist.de/all,blocklist.de|bot|irc-bot|brute-force|ziyadnz|hourly,2026-08-17T18:48:05Z,2026-08-17T18:48:05Z,
2804:7e70:c024:500:ac04:ff44:bbb6:59d6,ipv4,botnet,medium,WHITE,blocklist.de/bots|blocklist.de/all,blocklist.de|bot|irc-bot|brute-force|ziyadnz|hourly,2026-08-17T18:48:05Z,2026-08-17T18:48:05Z,
2804:7f6:bb02:5d02:705e:a:ac19:4f66,ipv4,botnet,medium,WHITE,blocklist.de/bots|blocklist.de/all,blocklist.de|bot|irc-bot|brute-force|ziyadnz|hourly,2026-08-17T18:48:05Z,2026-08-17T18:48:05Z,
2804:93c0:100:4808:a8b9:a0ba:78fb:f9b4,ipv4,botnet,medium,WHITE,blocklist.de/bots|blocklist.de/all,blocklist.de|bot|irc-bot|brute-force|ziyadnz|hourly,2026-08-17T18:48:05Z,2026-08-17T18:48:05Z,
2804:d47:b36c:b400:59c6:1bcf:9679:b551,ipv4,botnet,medium,WHITE,blocklist.de/bots|blocklist.de/all,blocklist.de|bot|irc-bot|brute-force|ziyadnz|hourly,2026-08-17T18:48:05Z,2026-08-17T18:48:05Z,
2804:ebc:b036:3700:c594:eb65:e93d:ff7c,ipv4,botnet,medium,WHITE,blocklist.de/bots|blocklist.de/all,blocklist.de|bot|irc-bot|brute-force|ziyadnz|hourly,2026-08-17T18:48:05Z,2026-08-17T18:48:05Z,
2806:10a6:8:6613:845f:df50:6cb:b00f,ipv4,botnet,medium,WHITE,blocklist.de/bots|blocklist.de/all,blocklist.de|bot|irc-bot|brute-force|ziyadnz|hourly,2026-08-17T18:48:05Z,2026-08-17T18:48:05Z,
2a00:1d36:dd07:1e00:1033:e175:54ff:b70b,ipv4,botnet,medium,WHITE,blocklist.de/bots|blocklist.de/all,blocklist.de|bot|irc-bot|brute-force|ziyadnz|hourly,2026-08-17T18:48:05Z,2026-08-17T18:48:05Z,
2a00:79c0:75b:5200:11bb:ea3c:6de5:6b2f,ipv4,botnet,medium,WHITE,blocklist.de/bots|blocklist.de/all,blocklist.de|bot|irc-bot|brute-force|ziyadnz|hourly,2026-08-17T18:48:05Z,2026-08-17T18:48:05Z,
2a00:f29:113e:d3fb:69ec:3c4e:1f59:f923,ipv4,botnet,medium,WHITE,blocklist.de/bots|blocklist.de/all,blocklist.de|bot|irc-bot|brute-force|ziyadnz|hourly,2026-08-17T18:48:05Z,2026-08-17T18:48:05Z,
2a00:f29:1140:14d6:7d6d:8f1f:d713:65ac,ipv4,botnet,medium,WHITE,blocklist.de/bots|blocklist.de/all,blocklist.de|bot|irc-bot|brute-force|ziyadnz|hourly,2026-08-17T18:48:05Z,2026-08-17T18:48:05Z,
2a00:f29:1148:1ead:f57e:455e:a83d:19f0,ipv4,botnet,medium,WHITE,blocklist.de/bots|blocklist.de/all,blocklist.de|bot|irc-bot|brute-force|ziyadnz|hourly,2026-08-17T18:48:05Z,2026-08-17T18:48:05Z,
2a00:fda0:2ad:fb00:c4ab:6ca1:8a4:2fc1,ipv4,botnet,medium,WHITE,blocklist.de/bots|blocklist.de/all,blocklist.de|bot|irc-bot|brute-force|ziyadnz|hourly,2026-08-17T18:48:05Z,2026-08-17T18:48:05Z,
2a01:9700:9140:6001:5816:2ab5:a945:c5d9,ipv4,botnet,medium,WHITE,blocklist.de/bots|blocklist.de/all,blocklist.de|bot|irc-bot|brute-force|ziyadnz|hourly,2026-08-17T18:48:05Z,2026-08-17T18:48:05Z,
2a01:cb00:80a7:f000:d88f:3892:5dd6:ce4a,ipv4,botnet,medium,WHITE,blocklist.de/bots|blocklist.de/all,blocklist.de|bot|irc-bot|brute-force|ziyadnz|hourly,2026-08-17T18:48:05Z,2026-08-17T18:48:05Z,
2a01:cb22:24:1200:5492:d13:3ae6:eefc,ipv4,botnet,medium,WHITE,blocklist.de/bots|blocklist.de/all,blocklist.de|bot|irc-bot|brute-force|ziyadnz|hourly,2026-08-17T18:48:05Z,2026-08-17T18:48:05Z,
2a02:2455:90f0:9600:a8af:8ca9:d92f:acfe,ipv4,botnet,medium,WHITE,blocklist.de/bots|blocklist.de/all,blocklist.de|bot|irc-bot|brute-force|ziyadnz|hourly,2026-08-17T18:48:05Z,2026-08-17T18:48:05Z,
2a02:2908:4401:1537:89ae:5b24:4ace:af4e,ipv4,botnet,medium,WHITE,blocklist.de/bots|blocklist.de/all,blocklist.de|bot|irc-bot|brute-force|ziyadnz|hourly,2026-08-17T18:48:05Z,2026-08-17T18:48:05Z,
2a02:2908:4500:b185:162:3315:a2f3:ffc1,ipv4,botnet,medium,WHITE,blocklist.de/bots|blocklist.de/all,blocklist.de|bot|irc-bot|brute-force|ziyadnz|hourly,2026-08-17T18:48:05Z,2026-08-17T18:48:05Z,
2a02:2f07:3903:3700:b962:1be8:14e3:332d,ipv4,botnet,medium,WHITE,blocklist.de/bots|blocklist.de/all,blocklist.de|bot|irc-bot|brute-force|ziyadnz|hourly,2026-08-17T18:48:05Z,2026-08-17T18:48:05Z,
2a02:3102:b474:500:5558:6ed7:124b:9142,ipv4,botnet,medium,WHITE,blocklist.de/bots|blocklist.de/all,blocklist.de|bot|irc-bot|brute-force|ziyadnz|hourly,2026-08-17T18:48:05Z,2026-08-17T18:48:05Z,
2a02:4e0:2d26:13e9:cd6e:4daf:b3a4:1cd3,ipv4,botnet,medium,WHITE,blocklist.de/bots|blocklist.de/all,blocklist.de|bot|irc-bot|brute-force|ziyadnz|hourly,2026-08-17T18:48:05Z,2026-08-17T18:48:05Z,
2a02:8071:2281:8240:7b8f:4890:5852:7ff5,ipv4,botnet,medium,WHITE,blocklist.de/bots|blocklist.de/all,blocklist.de|bot|irc-bot|brute-force|ziyadnz|hourly,2026-08-17T18:48:05Z,2026-08-17T18:48:05Z,
2a02:a58:8488:6000:790c:74:fcd2:8c99,ipv4,botnet,medium,WHITE,blocklist.de/bots|blocklist.de/all,blocklist.de|bot|irc-bot|brute-force|ziyadnz|hourly,2026-08-17T18:48:05Z,2026-08-17T18:48:05Z,
2a02:ce0:2002:6514:c99:8ddf:89e8:9c6,ipv4,botnet,medium,WHITE,blocklist.de/bots|blocklist.de/all,blocklist.de|bot|irc-bot|brute-force|ziyadnz|hourly,2026-08-17T18:48:05Z,2026-08-17T18:48:05Z,
2a02:ff0:220:58ea:cde5:c924:fd1f:f536,ipv4,botnet,medium,WHITE,blocklist.de/bots|blocklist.de/all,blocklist.de|bot|irc-bot|brute-force|ziyadnz|hourly,2026-08-17T18:48:05Z,2026-08-17T18:48:05Z,
2a02:ff0:330a:d8a9:6167:3fc2:7beb:50b9,ipv4,botnet,medium,WHITE,blocklist.de/bots|blocklist.de/all,blocklist.de|bot|irc-bot|brute-force|ziyadnz|hourly,2026-08-17T18:48:05Z,2026-08-17T18:48:05Z,
2a04:800:8206:2a01:45ee:bb97:8535:dace,ipv4,botnet,medium,WHITE,blocklist.de/bots|blocklist.de/all,blocklist.de|bot|irc-bot|brute-force|ziyadnz|hourly,2026-08-17T18:48:05Z,2026-08-17T18:48:05Z,
2a06:63c1:c0f:a700:bc81:6078:b0e3:f0cc,ipv4,botnet,medium,WHITE,blocklist.de/bots|blocklist.de/all,blocklist.de|bot|irc-bot|brute-force|ziyadnz|hourly,2026-08-17T18:48:05Z,2026-08-17T18:48:05Z,
2a06:c701:9cf0:6000:e033:6f31:bcbf:feaf,ipv4,botnet,medium,WHITE,blocklist.de/bots|blocklist.de/all,blocklist.de|bot|irc-bot|brute-force|ziyadnz|hourly,2026-08-17T18:48:05Z,2026-08-17T18:48:05Z,
2a09:bac1:2500:8::48e:58,ipv4,botnet,medium,WHITE,blocklist.de/bots|blocklist.de/all,blocklist.de|bot|irc-bot|brute-force|ziyadnz|hourly,2026-08-17T18:48:05Z,2026-08-17T18:48:05Z,
2a09:bac1:3ca0::2e4:32,ipv4,botnet,medium,WHITE,blocklist.de/bots|blocklist.de/all,blocklist.de|bot|irc-bot|brute-force|ziyadnz|hourly,2026-08-17T18:48:05Z,2026-08-17T18:48:05Z,
2a09:bac1:6180:3380::387:3c,ipv4,botnet,medium,WHITE,blocklist.de/bots|blocklist.de/all,blocklist.de|bot|irc-bot|brute-force|ziyadnz|hourly,2026-08-17T18:48:05Z,2026-08-17T18:48:05Z,
2a09:bac1:6180:3380::387:56,ipv4,botnet,medium,WHITE,blocklist.de/bots|blocklist.de/all,blocklist.de|bot|irc-bot|brute-force|ziyadnz|hourly,2026-08-17T18:48:05Z,2026-08-17T18:48:05Z,
2a09:bac1:6180:68::57:1bc,ipv4,botnet,medium,WHITE,blocklist.de/bots|blocklist.de/all,blocklist.de|bot|irc-bot|brute-force|ziyadnz|hourly,2026-08-17T18:48:05Z,2026-08-17T18:48:05Z,
2a09:bac1:61e0:30::57:22b,ipv4,botnet,medium,WHITE,blocklist.de/bots|blocklist.de/all,blocklist.de|bot|irc-bot|brute-force|ziyadnz|hourly,2026-08-17T18:48:05Z,2026-08-17T18:48:05Z,
2a09:bac1:61e0:3380::48e:3,ipv4,botnet,medium,WHITE,blocklist.de/bots|blocklist.de/all,blocklist.de|bot|irc-bot|brute-force|ziyadnz|hourly,2026-08-17T18:48:05Z,2026-08-17T18:48:05Z,
2a09:bac1:b20:10::2a5:f7,ipv4,botnet,medium,WHITE,blocklist.de/bots|blocklist.de/all,blocklist.de|bot|irc-bot|brute-force|ziyadnz|hourly,2026-08-17T18:48:05Z,2026-08-17T18:48:05Z,
2a09:bac5:31c7:2db9::48e:3,ipv4,botnet,medium,WHITE,blocklist.de/bots|blocklist.de/all,blocklist.de|bot|irc-bot|brute-force|ziyadnz|hourly,2026-08-17T18:48:05Z,2026-08-17T18:48:05Z,
2a09:bac5:47e2:18fa::27d:d6,ipv4,botnet,medium,WHITE,blocklist.de/bots|blocklist.de/all,blocklist.de|bot|irc-bot|brute-force|ziyadnz|hourly,2026-08-17T18:48:05Z,2026-08-17T18:48:05Z,
2a09:bac5:5069:295f::41f:55,ipv4,botnet,medium,WHITE,blocklist.de/bots|blocklist.de/all,blocklist.de|bot|irc-bot|brute-force|ziyadnz|hourly,2026-08-17T18:48:05Z,2026-08-17T18:48:05Z,
2a09:bac5:5157:2369::387:3c,ipv4,botnet,medium,WHITE,blocklist.de/bots|blocklist.de/all,blocklist.de|bot|irc-bot|brute-force|ziyadnz|hourly,2026-08-17T18:48:05Z,2026-08-17T18:48:05Z,
2a09:bac5:517a:295f::41f:55,ipv4,botnet,medium,WHITE,blocklist.de/bots|blocklist.de/all,blocklist.de|bot|irc-bot|brute-force|ziyadnz|hourly,2026-08-17T18:48:05Z,2026-08-17T18:48:05Z,
2a09:bac5:5185:2369::387:56,ipv4,botnet,medium,WHITE,blocklist.de/bots|blocklist.de/all,blocklist.de|bot|irc-bot|brute-force|ziyadnz|hourly,2026-08-17T18:48:05Z,2026-08-17T18:48:05Z,
2a09:bac5:51a4:2db9::48e:58,ipv4,botnet,medium,WHITE,blocklist.de/bots|blocklist.de/all,blocklist.de|bot|irc-bot|brute-force|ziyadnz|hourly,2026-08-17T18:48:05Z,2026-08-17T18:48:05Z,
2a09:bac5:51aa:2373::388:87,ipv4,botnet,medium,WHITE,blocklist.de/bots|blocklist.de/all,blocklist.de|bot|irc-bot|brute-force|ziyadnz|hourly,2026-08-17T18:48:05Z,2026-08-17T18:48:05Z,
2a09:bac5:51ab:369::57:22b,ipv4,botnet,medium,WHITE,blocklist.de/bots|blocklist.de/all,blocklist.de|bot|irc-bot|brute-force|ziyadnz|hourly,2026-08-17T18:48:05Z,2026-08-17T18:48:05Z,
2a09:bac5:51ad:369::57:1bc,ipv4,botnet,medium,WHITE,blocklist.de/bots|blocklist.de/all,blocklist.de|bot|irc-bot|brute-force|ziyadnz|hourly,2026-08-17T18:48:05Z,2026-08-17T18:48:05Z,
2a09:bac5:51bf:2373::388:87,ipv4,botnet,medium,WHITE,blocklist.de/bots|blocklist.de/all,blocklist.de|bot|irc-bot|brute-force|ziyadnz|hourly,2026-08-17T18:48:05Z,2026-08-17T18:48:05Z,
2a09:bac5:5aa:878::d8:140,ipv4,botnet,medium,WHITE,blocklist.de/bots|blocklist.de/all,blocklist.de|bot|irc-bot|brute-force|ziyadnz|hourly,2026-08-17T18:48:05Z,2026-08-17T18:48:05Z,
2a09:bac5:aa0:878::d8:134,ipv4,botnet,medium,WHITE,blocklist.de/bots|blocklist.de/all,blocklist.de|bot|irc-bot|brute-force|ziyadnz|hourly,2026-08-17T18:48:05Z,2026-08-17T18:48:05Z,
2a09:bac5:aa1:878::d8:140,ipv4,botnet,medium,WHITE,blocklist.de/bots|blocklist.de/all,blocklist.de|bot|irc-bot|brute-force|ziyadnz|hourly,2026-08-17T18:48:05Z,2026-08-17T18:48:05Z,
2a09:bac5:b5e:878::d8:134,ipv4,botnet,medium,WHITE,blocklist.de/bots|blocklist.de/all,blocklist.de|bot|irc-bot|brute-force|ziyadnz|hourly,2026-08-17T18:48:05Z,2026-08-17T18:48:05Z,
2a0c:5a86:f502:800:51a3:23a9:827c:715a,ipv4,botnet,medium,WHITE,blocklist.de/bots|blocklist.de/all,blocklist.de|bot|irc-bot|brute-force|ziyadnz|hourly,2026-08-17T18:48:05Z,2026-08-17T18:48:05Z,
2a0c:f040:0:3434::8,ipv4,botnet,medium,WHITE,blocklist.de/bots|blocklist.de/all,blocklist.de|bot|irc-bot|brute-force|ziyadnz|hourly,2026-08-17T18:48:05Z,2026-08-17T18:48:05Z,
2a0c:f040:0:3434::9,ipv4,botnet,medium,WHITE,blocklist.de/bots|blocklist.de/all,blocklist.de|bot|irc-bot|brute-force|ziyadnz|hourly,2026-08-17T18:48:05Z,2026-08-17T18:48:05Z,
2a0d:3341:c7e5:af08:d041:b210:61bd:f525,ipv4,botnet,medium,WHITE,blocklist.de/bots|blocklist.de/all,blocklist.de|bot|irc-bot|brute-force|ziyadnz|hourly,2026-08-17T18:48:05Z,2026-08-17T18:48:05Z,
2a10:3c0:100:0:1:5:0:1,ipv4,botnet,medium,WHITE,blocklist.de/bots|blocklist.de/all,blocklist.de|bot|irc-bot|brute-force|ziyadnz|hourly,2026-08-17T18:48:05Z,2026-08-17T18:48:05Z,
2c0f:f4c0:1d92:3958:48d0:f838:ccb5:4632,ipv4,botnet,medium,WHITE,blocklist.de/bots|blocklist.de/all,blocklist.de|bot|irc-bot|brute-force|ziyadnz|hourly,2026-08-17T18:48:05Z,2026-08-17T18:48:05Z,
2c0f:f830:120:a48:8cb4:2eca:3a05:79b9,ipv4,botnet,medium,WHITE,blocklist.de/bots|blocklist.de/all,blocklist.de|bot|irc-bot|brute-force|ziyadnz|hourly,2026-08-17T18:48:05Z,2026-08-17T18:48:05Z,
2c0f:f888:a180:5cf8:71e9:4d48:e677:cbbe,ipv4,botnet,medium,WHITE,blocklist.de/bots|blocklist.de/all,blocklist.de|bot|irc-bot|brute-force|ziyadnz|hourly,2026-08-17T18:48:05Z,2026-08-17T18:48:05Z,
3.234.103.5,ipv4,botnet,high,WHITE,blocklist.de/bots|blocklist.de/all|ziyadnz/hourly-ipv4,blocklist.de|bot|irc-bot|brute-force|ziyadnz|hourly,2026-08-17T18:48:05Z,2026-08-17T18:48:05Z,
3.255.140.188,ipv4,botnet,high,WHITE,blocklist.de/bots|blocklist.de/all|ziyadnz/hourly-ipv4,blocklist.de|bot|irc-bot|brute-force|ziyadnz|hourly,2026-08-17T18:48:05Z,2026-08-17T18:48:05Z,
31.132.90.3,ipv4,botnet,high,WHITE,blocklist.de/bots|blocklist.de/all|ziyadnz/hourly-ipv4,blocklist.de|bot|irc-bot|brute-force|ziyadnz|hourly,2026-08-17T18:48:05Z,2026-08-17T18:48:05Z,
31.166.24.52,ipv4,botnet,high,WHITE,blocklist.de/bots|blocklist.de/all|ziyadnz/hourly-ipv4,blocklist.de|bot|irc-bot|brute-force|ziyadnz|hourly,2026-08-17T18:48:05Z,2026-08-17T18:48:05Z,
31.171.1.219,ipv4,botnet,high,WHITE,blocklist.de/bots|blocklist.de/all|ziyadnz/hourly-ipv4,blocklist.de|bot|irc-bot|brute-force|ziyadnz|hourly,2026-08-17T18:48:05Z,2026-08-17T18:48:05Z,
31.171.155.132,ipv4,botnet,high,WHITE,blocklist.de/bots|blocklist.de/all|ziyadnz/hourly-ipv4,blocklist.de|bot|irc-bot|brute-force|ziyadnz|hourly,2026-08-17T18:48:05Z,2026-08-17T18:48:05Z,
31.206.110.147,ipv4,botnet,medium,WHITE,blocklist.de/bots|blocklist.de/all,blocklist.de|bot|irc-bot|brute-force|ziyadnz|hourly,2026-08-17T18:48:05Z,2026-08-17T18:48:05Z,
31.219.230.53,ipv4,botnet,high,WHITE,blocklist.de/bots|blocklist.de/all|ziyadnz/hourly-ipv4,blocklist.de|bot|irc-bot|brute-force|ziyadnz|hourly,2026-08-17T18:48:05Z,2026-08-17T18:48:05Z,
31.58.9.215,ipv4,botnet,high,WHITE,blocklist.de/bots|blocklist.de/all|ziyadnz/hourly-ipv4,blocklist.de|bot|irc-bot|brute-force|ziyadnz|hourly,2026-08-17T18:48:05Z,2026-08-17T18:48:05Z,
31.59.129.150,ipv4,botnet,high,WHITE,blocklist.de/bots|blocklist.de/all|ziyadnz/hourly-ipv4,blocklist.de|bot|irc-bot|brute-force|ziyadnz|hourly,2026-08-17T18:48:05Z,2026-08-17T18:48:05Z,
34.11.153.203,ipv4,botnet,high,WHITE,blocklist.de/bots|blocklist.de/all|ziyadnz/hourly-ipv4,blocklist.de|bot|irc-bot|brute-force|ziyadnz|hourly,2026-08-17T18:48:05Z,2026-08-17T18:48:05Z,
34.11.27.22,ipv4,botnet,high,WHITE,blocklist.de/bots|blocklist.de/all|ziyadnz/hourly-ipv4,blocklist.de|bot|irc-bot|brute-force|ziyadnz|hourly,2026-08-17T18:48:05Z,2026-08-17T18:48:05Z,
34.12.88.87,ipv4,botnet,high,WHITE,blocklist.de/bots|blocklist.de/all|ziyadnz/hourly-ipv4,blocklist.de|bot|irc-bot|brute-force|ziyadnz|hourly,2026-08-17T18:48:05Z,2026-08-17T18:48:05Z,
34.127.111.118,ipv4,botnet,high,WHITE,blocklist.de/bots|blocklist.de/all|ziyadnz/hourly-ipv4,blocklist.de|bot|irc-bot|brute-force|ziyadnz|hourly,2026-08-17T18:48:05Z,2026-08-17T18:48:05Z,
34.134.15.223,ipv4,botnet,high,WHITE,blocklist.de/bots|blocklist.de/all|ziyadnz/hourly-ipv4,blocklist.de|bot|irc-bot|brute-force|ziyadnz|hourly,2026-08-17T18:48:05Z,2026-08-17T18:48:05Z,
34.138.92.134,ipv4,botnet,high,WHITE,blocklist.de/bots|blocklist.de/all|ziyadnz/hourly-ipv4,blocklist.de|bot|irc-bot|brute-force|ziyadnz|hourly,2026-08-17T18:48:05Z,2026-08-17T18:48:05Z,
34.139.152.4,ipv4,botnet,high,WHITE,blocklist.de/bots|blocklist.de/all|ziyadnz/hourly-ipv4,blocklist.de|bot|irc-bot|brute-force|ziyadnz|hourly,2026-08-17T18:48:05Z,2026-08-17T18:48:05Z,
34.139.200.207,ipv4,botnet,high,WHITE,blocklist.de/bots|blocklist.de/all|ziyadnz/hourly-ipv4,blocklist.de|bot|irc-bot|brute-force|ziyadnz|hourly,2026-08-17T18:48:05Z,2026-08-17T18:48:05Z,
34.139.244.215,ipv4,botnet,high,WHITE,blocklist.de/bots|blocklist.de/all|ziyadnz/hourly-ipv4,blocklist.de|bot|irc-bot|brute-force|ziyadnz|hourly,2026-08-17T18:48:05Z,2026-08-17T18:48:05Z,
34.142.252.218,ipv4,botnet,medium,WHITE,blocklist.de/bots|blocklist.de/all,blocklist.de|bot|irc-bot|brute-force|ziyadnz|hourly,2026-08-17T18:48:05Z,2026-08-17T18:48:05Z,
34.143.167.51,ipv4,botnet,high,WHITE,blocklist.de/bots|blocklist.de/all|ziyadnz/hourly-ipv4,blocklist.de|bot|irc-bot|brute-force|ziyadnz|hourly,2026-08-17T18:48:05Z,2026-08-17T18:48:05Z,
34.145.157.242,ipv4,botnet,high,WHITE,blocklist.de/bots|blocklist.de/all|ziyadnz/hourly-ipv4,blocklist.de|bot|irc-bot|brute-force|ziyadnz|hourly,2026-08-17T18:48:05Z,2026-08-17T18:48:05Z,
34.145.201.249,ipv4,botnet,high,WHITE,blocklist.de/bots|blocklist.de/all|ziyadnz/hourly-ipv4,blocklist.de|bot|irc-bot|brute-force|ziyadnz|hourly,2026-08-17T18:48:05Z,2026-08-17T18:48:05Z,
34.145.203.169,ipv4,botnet,high,WHITE,blocklist.de/bots|blocklist.de/all|ziyadnz/hourly-ipv4,blocklist.de|bot|irc-bot|brute-force|ziyadnz|hourly,2026-08-17T18:48:05Z,2026-08-17T18:48:05Z,
34.145.244.192,ipv4,botnet,high,WHITE,blocklist.de/bots|blocklist.de/all|ziyadnz/hourly-ipv4,blocklist.de|bot|irc-bot|brute-force|ziyadnz|hourly,2026-08-17T18:48:05Z,2026-08-17T18:48:05Z,
34.148.134.238,ipv4,botnet,high,WHITE,blocklist.de/bots|blocklist.de/all|ziyadnz/hourly-ipv4,blocklist.de|bot|irc-bot|brute-force|ziyadnz|hourly,2026-08-17T18:48:05Z,2026-08-17T18:48:05Z,
34.148.250.252,ipv4,botnet,high,WHITE,blocklist.de/bots|blocklist.de/all|ziyadnz/hourly-ipv4,blocklist.de|bot|irc-bot|brute-force|ziyadnz|hourly,2026-08-17T18:48:05Z,2026-08-17T18:48:05Z,
34.148.254.217,ipv4,botnet,high,WHITE,blocklist.de/bots|blocklist.de/all|ziyadnz/hourly-ipv4,blocklist.de|bot|irc-bot|brute-force|ziyadnz|hourly,2026-08-17T18:48:05Z,2026-08-17T18:48:05Z,
34.156.133.109,ipv4,botnet,high,WHITE,blocklist.de/bots|blocklist.de/all|ziyadnz/hourly-ipv4,blocklist.de|bot|irc-bot|brute-force|ziyadnz|hourly,2026-08-17T18:48:05Z,2026-08-17T18:48:05Z,
34.169.250.45,ipv4,botnet,high,WHITE,blocklist.de/bots|blocklist.de/all|ziyadnz/hourly-ipv4,blocklist.de|bot|irc-bot|brute-force|ziyadnz|hourly,2026-08-17T18:48:05Z,2026-08-17T18:48:05Z,
34.171.183.78,ipv4,botnet,high,WHITE,blocklist.de/bots|blocklist.de/all|ziyadnz/hourly-ipv4,blocklist.de|bot|irc-bot|brute-force|ziyadnz|hourly,2026-08-17T18:48:05Z,2026-08-17T18:48:05Z,
34.181.152.230,ipv4,botnet,high,WHITE,blocklist.de/bots|blocklist.de/all|ziyadnz/hourly-ipv4,blocklist.de|bot|irc-bot|brute-force|ziyadnz|hourly,2026-08-17T18:48:05Z,2026-08-17T18:48:05Z,
34.181.238.230,ipv4,botnet,high,WHITE,blocklist.de/bots|blocklist.de/all|ziyadnz/hourly-ipv4,blocklist.de|bot|irc-bot|brute-force|ziyadnz|hourly,2026-08-17T18:48:05Z,2026-08-17T18:48:05Z,
34.186.115.115,ipv4,botnet,high,WHITE,blocklist.de/bots|blocklist.de/all|ziyadnz/hourly-ipv4,blocklist.de|bot|irc-bot|brute-force|ziyadnz|hourly,2026-08-17T18:48:05Z,2026-08-17T18:48:05Z,
34.187.20.69,ipv4,botnet,high,WHITE,blocklist.de/bots|blocklist.de/all|ziyadnz/hourly-ipv4,blocklist.de|bot|irc-bot|brute-force|ziyadnz|hourly,2026-08-17T18:48:05Z,2026-08-17T18:48:05Z,
34.21.244.218,ipv4,botnet,high,WHITE,blocklist.de/bots|blocklist.de/all|ziyadnz/hourly-ipv4,blocklist.de|bot|irc-bot|brute-force|ziyadnz|hourly,2026-08-17T18:48:05Z,2026-08-17T18:48:05Z,
34.21.55.94,ipv4,botnet,high,WHITE,blocklist.de/bots|blocklist.de/all|ziyadnz/hourly-ipv4,blocklist.de|bot|irc-bot|brute-force|ziyadnz|hourly,2026-08-17T18:48:05Z,2026-08-17T18:48:05Z,
34.23.122.214,ipv4,botnet,high,WHITE,blocklist.de/bots|blocklist.de/all|ziyadnz/hourly-ipv4,blocklist.de|bot|irc-bot|brute-force|ziyadnz|hourly,2026-08-17T18:48:05Z,2026-08-17T18:48:05Z,
34.23.65.233,ipv4,botnet,high,WHITE,blocklist.de/bots|blocklist.de/all|ziyadnz/hourly-ipv4,blocklist.de|bot|irc-bot|brute-force|ziyadnz|hourly,2026-08-17T18:48:05Z,2026-08-17T18:48:05Z,
34.24.194.189,ipv4,botnet,high,WHITE,blocklist.de/bots|blocklist.de/all|ziyadnz/hourly-ipv4,blocklist.de|bot|irc-bot|brute-force|ziyadnz|hourly,2026-08-17T18:48:05Z,2026-08-17T18:48:05Z,
34.24.68.124,ipv4,botnet,high,WHITE,blocklist.de/bots|blocklist.de/all|ziyadnz/hourly-ipv4,blocklist.de|bot|irc-bot|brute-force|ziyadnz|hourly,2026-08-17T18:48:05Z,2026-08-17T18:48:05Z,
34.245.172.51,ipv4,botnet,high,WHITE,blocklist.de/bots|blocklist.de/all|ziyadnz/hourly-ipv4,blocklist.de|bot|irc-bot|brute-force|ziyadnz|hourly,2026-08-17T18:48:05Z,2026-08-17T18:48:05Z,
34.250.6.26,ipv4,botnet,high,WHITE,blocklist.de/bots|blocklist.de/all|ziyadnz/hourly-ipv4,blocklist.de|bot|irc-bot|brute-force|ziyadnz|hourly,2026-08-17T18:48:05Z,2026-08-17T18:48:05Z,
34.26.130.206,ipv4,botnet,high,WHITE,blocklist.de/bots|blocklist.de/all|ziyadnz/hourly-ipv4,blocklist.de|bot|irc-bot|brute-force|ziyadnz|hourly,2026-08-17T18:48:05Z,2026-08-17T18:48:05Z,
34.26.153.167,ipv4,botnet,high,WHITE,blocklist.de/bots|blocklist.de/all|ziyadnz/hourly-ipv4,blocklist.de|bot|irc-bot|brute-force|ziyadnz|hourly,2026-08-17T18:48:05Z,2026-08-17T18:48:05Z,
34.26.194.50,ipv4,botnet,high,WHITE,blocklist.de/bots|blocklist.de/all|ziyadnz/hourly-ipv4,blocklist.de|bot|irc-bot|brute-force|ziyadnz|hourly,2026-08-17T18:48:05Z,2026-08-17T18:48:05Z,
34.41.30.80,ipv4,botnet,high,WHITE,blocklist.de/bots|blocklist.de/all|ziyadnz/hourly-ipv4,blocklist.de|bot|irc-bot|brute-force|ziyadnz|hourly,2026-08-17T18:48:05Z,2026-08-17T18:48:05Z,
34.48.19.212,ipv4,botnet,high,WHITE,blocklist.de/bots|blocklist.de/all|ziyadnz/hourly-ipv4,blocklist.de|bot|irc-bot|brute-force|ziyadnz|hourly,2026-08-17T18:48:05Z,2026-08-17T18:48:05Z,
34.48.249.218,ipv4,botnet,high,WHITE,blocklist.de/bots|blocklist.de/all|ziyadnz/hourly-ipv4,blocklist.de|bot|irc-bot|brute-force|ziyadnz|hourly,2026-08-17T18:48:05Z,2026-08-17T18:48:05Z,
34.48.32.149,ipv4,botnet,high,WHITE,blocklist.de/bots|blocklist.de/all|ziyadnz/hourly-ipv4,blocklist.de|bot|irc-bot|brute-force|ziyadnz|hourly,2026-08-17T18:48:05Z,2026-08-17T18:48:05Z,
34.48.9.127,ipv4,botnet,high,WHITE,blocklist.de/bots|blocklist.de/all|ziyadnz/hourly-ipv4,blocklist.de|bot|irc-bot|brute-force|ziyadnz|hourly,2026-08-17T18:48:05Z,2026-08-17T18:48:05Z,
34.52.172.57,ipv4,botnet,high,WHITE,blocklist.de/bots|blocklist.de/all|ziyadnz/hourly-ipv4,blocklist.de|bot|irc-bot|brute-force|ziyadnz|hourly,2026-08-17T18:48:05Z,2026-08-17T18:48:05Z,
34.6.237.174,ipv4,botnet,high,WHITE,blocklist.de/bots|blocklist.de/all|ziyadnz/hourly-ipv4,blocklist.de|bot|irc-bot|brute-force|ziyadnz|hourly,2026-08-17T18:48:05Z,2026-08-17T18:48:05Z,
34.62.218.5,ipv4,botnet,high,WHITE,blocklist.de/bots|blocklist.de/all|ziyadnz/hourly-ipv4,blocklist.de|bot|irc-bot|brute-force|ziyadnz|hourly,2026-08-17T18:48:05Z,2026-08-17T18:48:05Z,
34.63.233.246,ipv4,botnet,high,WHITE,blocklist.de/bots|blocklist.de/all|ziyadnz/hourly-ipv4,blocklist.de|bot|irc-bot|brute-force|ziyadnz|hourly,2026-08-17T18:48:05Z,2026-08-17T18:48:05Z,
34.70.5.90,ipv4,botnet,high,WHITE,blocklist.de/bots|blocklist.de/all|ziyadnz/hourly-ipv4,blocklist.de|bot|irc-bot|brute-force|ziyadnz|hourly,2026-08-17T18:48:05Z,2026-08-17T18:48:05Z,
34.74.123.9,ipv4,botnet,high,WHITE,blocklist.de/bots|blocklist.de/all|ziyadnz/hourly-ipv4,blocklist.de|bot|irc-bot|brute-force|ziyadnz|hourly,2026-08-17T18:48:05Z,2026-08-17T18:48:05Z,
34.74.13.213,ipv4,botnet,high,WHITE,blocklist.de/bots|blocklist.de/all|ziyadnz/hourly-ipv4,blocklist.de|bot|irc-bot|brute-force|ziyadnz|hourly,2026-08-17T18:48:05Z,2026-08-17T18:48:05Z,
34.74.236.153,ipv4,botnet,high,WHITE,blocklist.de/bots|blocklist.de/all|ziyadnz/hourly-ipv4,blocklist.de|bot|irc-bot|brute-force|ziyadnz|hourly,2026-08-17T18:48:05Z,2026-08-17T18:48:05Z,
34.76.114.27,ipv4,botnet,high,WHITE,blocklist.de/bots|blocklist.de/all|ziyadnz/hourly-ipv4,blocklist.de|bot|irc-bot|brute-force|ziyadnz|hourly,2026-08-17T18:48:05Z,2026-08-17T18:48:05Z,
34.78.198.42,ipv4,botnet,high,WHITE,blocklist.de/bots|blocklist.de/all|ziyadnz/hourly-ipv4,blocklist.de|bot|irc-bot|brute-force|ziyadnz|hourly,2026-08-17T18:48:05Z,2026-08-17T18:48:05Z,
34.82.136.141,ipv4,botnet,high,WHITE,blocklist.de/bots|blocklist.de/all|ziyadnz/hourly-ipv4,blocklist.de|bot|irc-bot|brute-force|ziyadnz|hourly,2026-08-17T18:48:05Z,2026-08-17T18:48:05Z,
34.83.28.226,ipv4,botnet,high,WHITE,blocklist.de/bots|blocklist.de/all|ziyadnz/hourly-ipv4,blocklist.de|bot|irc-bot|brute-force|ziyadnz|hourly,2026-08-17T18:48:05Z,2026-08-17T18:48:05Z,
34.85.136.74,ipv4,botnet,high,WHITE,blocklist.de/bots|blocklist.de/all|ziyadnz/hourly-ipv4,blocklist.de|bot|irc-bot|brute-force|ziyadnz|hourly,2026-08-17T18:48:05Z,2026-08-17T18:48:05Z,
34.87.38.35,ipv4,botnet,high,WHITE,blocklist.de/bots|blocklist.de/all|ziyadnz/hourly-ipv4,blocklist.de|bot|irc-bot|brute-force|ziyadnz|hourly,2026-08-17T18:48:05Z,2026-08-17T18:48:05Z,
35.185.28.139,ipv4,botnet,high,WHITE,blocklist.de/bots|blocklist.de/all|ziyadnz/hourly-ipv4,blocklist.de|bot|irc-bot|brute-force|ziyadnz|hourly,2026-08-17T18:48:05Z,2026-08-17T18:48:05Z,
35.189.162.151,ipv4,botnet,high,WHITE,blocklist.de/bots|blocklist.de/all|ziyadnz/hourly-ipv4,blocklist.de|bot|irc-bot|brute-force|ziyadnz|hourly,2026-08-17T18:48:05Z,2026-08-17T18:48:05Z,
35.190.152.214,ipv4,botnet,high,WHITE,blocklist.de/bots|blocklist.de/all|ziyadnz/hourly-ipv4,blocklist.de|bot|irc-bot|brute-force|ziyadnz|hourly,2026-08-17T18:48:05Z,2026-08-17T18:48:05Z,
35.190.178.189,ipv4,botnet,high,WHITE,blocklist.de/bots|blocklist.de/all|ziyadnz/hourly-ipv4,blocklist.de|bot|irc-bot|brute-force|ziyadnz|hourly,2026-08-17T18:48:05Z,2026-08-17T18:48:05Z,
35.190.193.242,ipv4,botnet,high,WHITE,blocklist.de/bots|blocklist.de/all|ziyadnz/hourly-ipv4,blocklist.de|bot|irc-bot|brute-force|ziyadnz|hourly,2026-08-17T18:48:05Z,2026-08-17T18:48:05Z,
35.190.198.240,ipv4,botnet,high,WHITE,blocklist.de/bots|blocklist.de/all|ziyadnz/hourly-ipv4,blocklist.de|bot|irc-bot|brute-force|ziyadnz|hourly,2026-08-17T18:48:05Z,2026-08-17T18:48:05Z,
35.190.210.118,ipv4,botnet,high,WHITE,blocklist.de/bots|blocklist.de/all|ziyadnz/hourly-ipv4,blocklist.de|bot|irc-bot|brute-force|ziyadnz|hourly,2026-08-17T18:48:05Z,2026-08-17T18:48:05Z,
35.196.141.239,ipv4,botnet,high,WHITE,blocklist.de/bots|blocklist.de/all|ziyadnz/hourly-ipv4,blocklist.de|bot|irc-bot|brute-force|ziyadnz|hourly,2026-08-17T18:48:05Z,2026-08-17T18:48:05Z,
35.196.240.6,ipv4,botnet,high,WHITE,blocklist.de/bots|blocklist.de/all|ziyadnz/hourly-ipv4,blocklist.de|bot|irc-bot|brute-force|ziyadnz|hourly,2026-08-17T18:48:05Z,2026-08-17T18:48:05Z,
35.204.177.123,ipv4,botnet,high,WHITE,blocklist.de/bots|blocklist.de/all|ziyadnz/hourly-ipv4,blocklist.de|bot|irc-bot|brute-force|ziyadnz|hourly,2026-08-17T18:48:05Z,2026-08-17T18:48:05Z,
35.205.133.255,ipv4,botnet,high,WHITE,blocklist.de/bots|blocklist.de/all|ziyadnz/hourly-ipv4,blocklist.de|bot|irc-bot|brute-force|ziyadnz|hourly,2026-08-17T18:48:05Z,2026-08-17T18:48:05Z,
35.205.45.48,ipv4,botnet,high,WHITE,blocklist.de/bots|blocklist.de/all|ziyadnz/hourly-ipv4,blocklist.de|bot|irc-bot|brute-force|ziyadnz|hourly,2026-08-17T18:48:05Z,2026-08-17T18:48:05Z,
35.221.11.112,ipv4,botnet,high,WHITE,blocklist.de/bots|blocklist.de/all|ziyadnz/hourly-ipv4,blocklist.de|bot|irc-bot|brute-force|ziyadnz|hourly,2026-08-17T18:48:05Z,2026-08-17T18:48:05Z,
35.223.230.40,ipv4,botnet,high,WHITE,blocklist.de/bots|blocklist.de/all|ziyadnz/hourly-ipv4,blocklist.de|bot|irc-bot|brute-force|ziyadnz|hourly,2026-08-17T18:48:05Z,2026-08-17T18:48:05Z,
35.230.112.185,ipv4,botnet,high,WHITE,blocklist.de/bots|blocklist.de/all|ziyadnz/hourly-ipv4,blocklist.de|bot|irc-bot|brute-force|ziyadnz|hourly,2026-08-17T18:48:05Z,2026-08-17T18:48:05Z,
35.231.110.153,ipv4,botnet,high,WHITE,blocklist.de/bots|blocklist.de/all|ziyadnz/hourly-ipv4,blocklist.de|bot|irc-bot|brute-force|ziyadnz|hourly,2026-08-17T18:48:05Z,2026-08-17T18:48:05Z,
35.231.148.249,ipv4,botnet,high,WHITE,blocklist.de/bots|blocklist.de/all|ziyadnz/hourly-ipv4,blocklist.de|bot|irc-bot|brute-force|ziyadnz|hourly,2026-08-17T18:48:05Z,2026-08-17T18:48:05Z,
35.231.28.217,ipv4,botnet,high,WHITE,blocklist.de/bots|blocklist.de/all|ziyadnz/hourly-ipv4,blocklist.de|bot|irc-bot|brute-force|ziyadnz|hourly,2026-08-17T18:48:05Z,2026-08-17T18:48:05Z,
35.231.67.40,ipv4,botnet,high,WHITE,blocklist.de/bots|blocklist.de/all|ziyadnz/hourly-ipv4,blocklist.de|bot|irc-bot|brute-force|ziyadnz|hourly,2026-08-17T18:48:05Z,2026-08-17T18:48:05Z,
35.231.84.2,ipv4,botnet,high,WHITE,blocklist.de/bots|blocklist.de/all|ziyadnz/hourly-ipv4,blocklist.de|bot|irc-bot|brute-force|ziyadnz|hourly,2026-08-17T18:48:05Z,2026-08-17T18:48:05Z,
35.233.239.116,ipv4,botnet,high,WHITE,blocklist.de/bots|blocklist.de/all|ziyadnz/hourly-ipv4,blocklist.de|bot|irc-bot|brute-force|ziyadnz|hourly,2026-08-17T18:48:05Z,2026-08-17T18:48:05Z,
35.237.48.14,ipv4,botnet,high,WHITE,blocklist.de/bots|blocklist.de/all|ziyadnz/hourly-ipv4,blocklist.de|bot|irc-bot|brute-force|ziyadnz|hourly,2026-08-17T18:48:05Z,2026-08-17T18:48:05Z,
35.240.119.53,ipv4,botnet,high,WHITE,blocklist.de/bots|blocklist.de/all|ziyadnz/hourly-ipv4,blocklist.de|bot|irc-bot|brute-force|ziyadnz|hourly,2026-08-17T18:48:05Z,2026-08-17T18:48:05Z,
35.240.197.36,ipv4,botnet,high,WHITE,blocklist.de/bots|blocklist.de/all|ziyadnz/hourly-ipv4,blocklist.de|bot|irc-bot|brute-force|ziyadnz|hourly,2026-08-17T18:48:05Z,2026-08-17T18:48:05Z,
35.241.212.9,ipv4,botnet,high,WHITE,blocklist.de/bots|blocklist.de/all|ziyadnz/hourly-ipv4,blocklist.de|bot|irc-bot|brute-force|ziyadnz|hourly,2026-08-17T18:48:05Z,2026-08-17T18:48:05Z,
35.243.130.145,ipv4,botnet,high,WHITE,blocklist.de/bots|blocklist.de/all|ziyadnz/hourly-ipv4,blocklist.de|bot|irc-bot|brute-force|ziyadnz|hourly,2026-08-17T18:48:05Z,2026-08-17T18:48:05Z,
35.245.125.235,ipv4,botnet,high,WHITE,blocklist.de/bots|blocklist.de/all|ziyadnz/hourly-ipv4,blocklist.de|bot|irc-bot|brute-force|ziyadnz|hourly,2026-08-17T18:48:05Z,2026-08-17T18:48:05Z,
35.245.127.145,ipv4,botnet,high,WHITE,blocklist.de/bots|blocklist.de/all|ziyadnz/hourly-ipv4,blocklist.de|bot|irc-bot|brute-force|ziyadnz|hourly,2026-08-17T18:48:05Z,2026-08-17T18:48:05Z,
35.245.221.247,ipv4,botnet,high,WHITE,blocklist.de/bots|blocklist.de/all|ziyadnz/hourly-ipv4,blocklist.de|bot|irc-bot|brute-force|ziyadnz|hourly,2026-08-17T18:48:05Z,2026-08-17T18:48:05Z,
35.245.229.155,ipv4,botnet,high,WHITE,blocklist.de/bots|blocklist.de/all|ziyadnz/hourly-ipv4,blocklist.de|bot|irc-bot|brute-force|ziyadnz|hourly,2026-08-17T18:48:05Z,2026-08-17T18:48:05Z,
35.247.119.157,ipv4,botnet,high,WHITE,blocklist.de/bots|blocklist.de/all|ziyadnz/hourly-ipv4,blocklist.de|bot|irc-bot|brute-force|ziyadnz|hourly,2026-08-17T18:48:05Z,2026-08-17T18:48:05Z,
35.252.166.21,ipv4,botnet,high,WHITE,blocklist.de/bots|blocklist.de/all|ziyadnz/hourly-ipv4,blocklist.de|bot|irc-bot|brute-force|ziyadnz|hourly,2026-08-17T18:48:05Z,2026-08-17T18:48:05Z,
35.252.249.246,ipv4,botnet,high,WHITE,blocklist.de/bots|blocklist.de/all|ziyadnz/hourly-ipv4,blocklist.de|bot|irc-bot|brute-force|ziyadnz|hourly,2026-08-17T18:48:05Z,2026-08-17T18:48:05Z,
36.250.220.168,ipv4,botnet,high,WHITE,blocklist.de/bots|blocklist.de/all|ziyadnz/hourly-ipv4,blocklist.de|bot|irc-bot|brute-force|ziyadnz|hourly,2026-08-17T18:48:05Z,2026-08-17T18:48:05Z,
36.250.221.157,ipv4,botnet,high,WHITE,blocklist.de/bots|blocklist.de/all|ziyadnz/hourly-ipv4,blocklist.de|bot|irc-bot|brute-force|ziyadnz|hourly,2026-08-17T18:48:05Z,2026-08-17T18:48:05Z,
36.250.221.250,ipv4,botnet,high,WHITE,blocklist.de/bots|blocklist.de/all|ziyadnz/hourly-ipv4,blocklist.de|bot|irc-bot|brute-force|ziyadnz|hourly,2026-08-17T18:48:05Z,2026-08-17T18:48:05Z,
36.250.221.28,ipv4,botnet,high,WHITE,blocklist.de/bots|blocklist.de/all|ziyadnz/hourly-ipv4,blocklist.de|bot|irc-bot|brute-force|ziyadnz|hourly,2026-08-17T18:48:05Z,2026-08-17T18:48:05Z,
36.255.41.221,ipv4,botnet,high,WHITE,blocklist.de/bots|blocklist.de/all|ziyadnz/hourly-ipv4,blocklist.de|bot|irc-bot|brute-force|ziyadnz|hourly,2026-08-17T18:48:05Z,2026-08-17T18:48:05Z,
36.255.7.169,ipv4,botnet,high,WHITE,blocklist.de/bots|blocklist.de/all|ziyadnz/hourly-ipv4,blocklist.de|bot|irc-bot|brute-force|ziyadnz|hourly,2026-08-17T18:48:05Z,2026-08-17T18:48:05Z,
36.65.106.220,ipv4,botnet,high,WHITE,blocklist.de/bots|blocklist.de/all|ziyadnz/hourly-ipv4,blocklist.de|bot|irc-bot|brute-force|ziyadnz|hourly,2026-08-17T18:48:05Z,2026-08-17T18:48:05Z,
36.65.201.79,ipv4,botnet,high,WHITE,blocklist.de/bots|blocklist.de/all|ziyadnz/hourly-ipv4,blocklist.de|bot|irc-bot|brute-force|ziyadnz|hourly,2026-08-17T18:48:05Z,2026-08-17T18:48:05Z,
36.65.220.31,ipv4,botnet,high,WHITE,blocklist.de/bots|blocklist.de/all|ziyadnz/hourly-ipv4,blocklist.de|bot|irc-bot|brute-force|ziyadnz|hourly,2026-08-17T18:48:05Z,2026-08-17T18:48:05Z,
36.67.165.162,ipv4,botnet,high,WHITE,blocklist.de/bots|blocklist.de/all|ziyadnz/hourly-ipv4,blocklist.de|bot|irc-bot|brute-force|ziyadnz|hourly,2026-08-17T18:48:05Z,2026-08-17T18:48:05Z,
36.68.55.187,ipv4,botnet,high,WHITE,blocklist.de/bots|blocklist.de/all|ziyadnz/hourly-ipv4,blocklist.de|bot|irc-bot|brute-force|ziyadnz|hourly,2026-08-17T18:48:05Z,2026-08-17T18:48:05Z,
36.68.8.108,ipv4,botnet,high,WHITE,blocklist.de/bots|blocklist.de/all|ziyadnz/hourly-ipv4,blocklist.de|bot|irc-bot|brute-force|ziyadnz|hourly,2026-08-17T18:48:05Z,2026-08-17T18:48:05Z,
36.69.60.239,ipv4,botnet,high,WHITE,blocklist.de/bots|blocklist.de/all|ziyadnz/hourly-ipv4,blocklist.de|bot|irc-bot|brute-force|ziyadnz|hourly,2026-08-17T18:48:05Z,2026-08-17T18:48:05Z,
36.81.62.36,ipv4,botnet,high,WHITE,blocklist.de/bots|blocklist.de/all|ziyadnz/hourly-ipv4,blocklist.de|bot|irc-bot|brute-force|ziyadnz|hourly,2026-08-17T18:48:05Z,2026-08-17T18:48:05Z,
36.93.191.109,ipv4,botnet,high,WHITE,blocklist.de/bots|blocklist.de/all|ziyadnz/hourly-ipv4,blocklist.de|bot|irc-bot|brute-force|ziyadnz|hourly,2026-08-17T18:48:05Z,2026-08-17T18:48:05Z,
37.107.179.15,ipv4,botnet,high,WHITE,blocklist.de/bots|blocklist.de/all|ziyadnz/hourly-ipv4,blocklist.de|bot|irc-bot|brute-force|ziyadnz|hourly,2026-08-17T18:48:05Z,2026-08-17T18:48:05Z,
37.126.219.158,ipv4,botnet,high,WHITE,blocklist.de/bots|blocklist.de/all|ziyadnz/hourly-ipv4,blocklist.de|bot|irc-bot|brute-force|ziyadnz|hourly,2026-08-17T18:48:05Z,2026-08-17T18:48:05Z,
37.131.44.156,ipv4,botnet,high,WHITE,blocklist.de/bots|blocklist.de/all|ziyadnz/hourly-ipv4,blocklist.de|bot|irc-bot|brute-force|ziyadnz|hourly,2026-08-17T18:48:05Z,2026-08-17T18:48:05Z,
37.186.33.14,ipv4,botnet,high,WHITE,blocklist.de/bots|blocklist.de/all|ziyadnz/hourly-ipv4,blocklist.de|bot|irc-bot|brute-force|ziyadnz|hourly,2026-08-17T18:48:05Z,2026-08-17T18:48:05Z,
37.19.210.25,ipv4,botnet,medium,WHITE,blocklist.de/bots|blocklist.de/all,blocklist.de|bot|irc-bot|brute-force|ziyadnz|hourly,2026-08-17T18:48:05Z,2026-08-17T18:48:05Z,
37.203.155.148,ipv4,botnet,high,WHITE,blocklist.de/bots|blocklist.de/all|ziyadnz/hourly-ipv4,blocklist.de|bot|irc-bot|brute-force|ziyadnz|hourly,2026-08-17T18:48:05Z,2026-08-17T18:48:05Z,
37.211.49.113,ipv4,botnet,high,WHITE,blocklist.de/bots|blocklist.de/all|ziyadnz/hourly-ipv4,blocklist.de|bot|irc-bot|brute-force|ziyadnz|hourly,2026-08-17T18:48:05Z,2026-08-17T18:48:05Z,
37.221.198.47,ipv4,botnet,high,WHITE,blocklist.de/bots|blocklist.de/all|ziyadnz/hourly-ipv4,blocklist.de|bot|irc-bot|brute-force|ziyadnz|hourly,2026-08-17T18:48:05Z,2026-08-17T18:48:05Z,
37.232.59.241,ipv4,botnet,high,WHITE,blocklist.de/bots|blocklist.de/all|ziyadnz/hourly-ipv4,blocklist.de|bot|irc-bot|brute-force|ziyadnz|hourly,2026-08-17T18:48:05Z,2026-08-17T18:48:05Z,
37.251.222.49,ipv4,botnet,high,WHITE,blocklist.de/bots|blocklist.de/all|ziyadnz/hourly-ipv4,blocklist.de|bot|irc-bot|brute-force|ziyadnz|hourly,2026-08-17T18:48:05Z,2026-08-17T18:48:05Z,
37.40.225.83,ipv4,botnet,high,WHITE,blocklist.de/bots|blocklist.de/all|ziyadnz/hourly-ipv4,blocklist.de|bot|irc-bot|brute-force|ziyadnz|hourly,2026-08-17T18:48:05Z,2026-08-17T18:48:05Z,
37.41.191.84,ipv4,botnet,high,WHITE,blocklist.de/bots|blocklist.de/all|ziyadnz/hourly-ipv4,blocklist.de|bot|irc-bot|brute-force|ziyadnz|hourly,2026-08-17T18:48:05Z,2026-08-17T18:48:05Z,
37.59.204.129,ipv4,botnet,high,WHITE,blocklist.de/bots|blocklist.de/all|ziyadnz/hourly-ipv4,blocklist.de|bot|irc-bot|brute-force|ziyadnz|hourly,2026-08-17T18:48:05Z,2026-08-17T18:48:05Z,
37.59.204.131,ipv4,botnet,high,WHITE,blocklist.de/bots|blocklist.de/all|ziyadnz/hourly-ipv4,blocklist.de|bot|irc-bot|brute-force|ziyadnz|hourly,2026-08-17T18:48:05Z,2026-08-17T18:48:05Z,
37.59.204.132,ipv4,botnet,high,WHITE,blocklist.de/bots|blocklist.de/all|ziyadnz/hourly-ipv4,blocklist.de|bot|irc-bot|brute-force|ziyadnz|hourly,2026-08-17T18:48:05Z,2026-08-17T18:48:05Z,
37.59.204.133,ipv4,botnet,high,WHITE,blocklist.de/bots|blocklist.de/all|ziyadnz/hourly-ipv4,blocklist.de|bot|irc-bot|brute-force|ziyadnz|hourly,2026-08-17T18:48:05Z,2026-08-17T18:48:05Z,
37.59.204.135,ipv4,botnet,high,WHITE,blocklist.de/bots|blocklist.de/all|ziyadnz/hourly-ipv4,blocklist.de|bot|irc-bot|brute-force|ziyadnz|hourly,2026-08-17T18:48:05Z,2026-08-17T18:48:05Z,
37.59.204.139,ipv4,botnet,high,WHITE,blocklist.de/bots|blocklist.de/all|ziyadnz/hourly-ipv4,blocklist.de|bot|irc-bot|brute-force|ziyadnz|hourly,2026-08-17T18:48:05Z,2026-08-17T18:48:05Z,
37.59.204.143,ipv4,botnet,high,WHITE,blocklist.de/bots|blocklist.de/all|ziyadnz/hourly-ipv4,blocklist.de|bot|irc-bot|brute-force|ziyadnz|hourly,2026-08-17T18:48:05Z,2026-08-17T18:48:05Z,
37.59.204.144,ipv4,botnet,high,WHITE,blocklist.de/bots|blocklist.de/all|ziyadnz/hourly-ipv4,blocklist.de|bot|irc-bot|brute-force|ziyadnz|hourly,2026-08-17T18:48:05Z,2026-08-17T18:48:05Z,
37.59.204.145,ipv4,botnet,high,WHITE,blocklist.de/bots|blocklist.de/all|ziyadnz/hourly-ipv4,blocklist.de|bot|irc-bot|brute-force|ziyadnz|hourly,2026-08-17T18:48:05Z,2026-08-17T18:48:05Z,
37.59.204.148,ipv4,botnet,high,WHITE,blocklist.de/bots|blocklist.de/all|ziyadnz/hourly-ipv4,blocklist.de|bot|irc-bot|brute-force|ziyadnz|hourly,2026-08-17T18:48:05Z,2026-08-17T18:48:05Z,
37.59.204.150,ipv4,botnet,high,WHITE,blocklist.de/bots|blocklist.de/all|ziyadnz/hourly-ipv4,blocklist.de|bot|irc-bot|brute-force|ziyadnz|hourly,2026-08-17T18:48:05Z,2026-08-17T18:48:05Z,
37.59.204.151,ipv4,botnet,high,WHITE,blocklist.de/bots|blocklist.de/all|ziyadnz/hourly-ipv4,blocklist.de|bot|irc-bot|brute-force|ziyadnz|hourly,2026-08-17T18:48:05Z,2026-08-17T18:48:05Z,
38.128.66.244,ipv4,botnet,high,WHITE,blocklist.de/bots|blocklist.de/all|ziyadnz/hourly-ipv4,blocklist.de|bot|irc-bot|brute-force|ziyadnz|hourly,2026-08-17T18:48:05Z,2026-08-17T18:48:05Z,
38.137.4.98,ipv4,botnet,high,WHITE,blocklist.de/bots|blocklist.de/all|ziyadnz/hourly-ipv4,blocklist.de|bot|irc-bot|brute-force|ziyadnz|hourly,2026-08-17T18:48:05Z,2026-08-17T18:48:05Z,
38.137.52.8,ipv4,botnet,high,WHITE,blocklist.de/bots|blocklist.de/all|ziyadnz/hourly-ipv4,blocklist.de|bot|irc-bot|brute-force|ziyadnz|hourly,2026-08-17T18:48:05Z,2026-08-17T18:48:05Z,
38.199.50.73,ipv4,botnet,high,WHITE,blocklist.de/bots|blocklist.de/all|ziyadnz/hourly-ipv4,blocklist.de|bot|irc-bot|brute-force|ziyadnz|hourly,2026-08-17T18:48:05Z,2026-08-17T18:48:05Z,
38.199.91.146,ipv4,botnet,high,WHITE,blocklist.de/bots|blocklist.de/all|ziyadnz/hourly-ipv4,blocklist.de|bot|irc-bot|brute-force|ziyadnz|hourly,2026-08-17T18:48:05Z,2026-08-17T18:48:05Z,
38.248.89.133,ipv4,botnet,high,WHITE,blocklist.de/bots|blocklist.de/all|ziyadnz/hourly-ipv4,blocklist.de|bot|irc-bot|brute-force|ziyadnz|hourly,2026-08-17T18:48:05Z,2026-08-17T18:48:05Z,
39.32.167.245,ipv4,botnet,high,WHITE,blocklist.de/bots|blocklist.de/all|ziyadnz/hourly-ipv4,blocklist.de|bot|irc-bot|brute-force|ziyadnz|hourly,2026-08-17T18:48:05Z,2026-08-17T18:48:05Z,
39.34.191.2,ipv4,botnet,high,WHITE,blocklist.de/bots|blocklist.de/all|ziyadnz/hourly-ipv4,blocklist.de|bot|irc-bot|brute-force|ziyadnz|hourly,2026-08-17T18:48:05Z,2026-08-17T18:48:05Z,
39.35.205.186,ipv4,botnet,high,WHITE,blocklist.de/bots|blocklist.de/all|ziyadnz/hourly-ipv4,blocklist.de|bot|irc-bot|brute-force|ziyadnz|hourly,2026-08-17T18:48:05Z,2026-08-17T18:48:05Z,
39.44.13.0,ipv4,botnet,high,WHITE,blocklist.de/bots|blocklist.de/all|ziyadnz/hourly-ipv4,blocklist.de|bot|irc-bot|brute-force|ziyadnz|hourly,2026-08-17T18:48:05Z,2026-08-17T18:48:05Z,
39.45.19.102,ipv4,botnet,high,WHITE,blocklist.de/bots|blocklist.de/all|ziyadnz/hourly-ipv4,blocklist.de|bot|irc-bot|brute-force|ziyadnz|hourly,2026-08-17T18:48:05Z,2026-08-17T18:48:05Z,
39.46.155.139,ipv4,botnet,high,WHITE,blocklist.de/bots|blocklist.de/all|ziyadnz/hourly-ipv4,blocklist.de|bot|irc-bot|brute-force|ziyadnz|hourly,2026-08-17T18:48:05Z,2026-08-17T18:48:05Z,
39.49.169.150,ipv4,botnet,high,WHITE,blocklist.de/bots|blocklist.de/all|ziyadnz/hourly-ipv4,blocklist.de|bot|irc-bot|brute-force|ziyadnz|hourly,2026-08-17T18:48:05Z,2026-08-17T18:48:05Z,
39.49.42.174,ipv4,botnet,high,WHITE,blocklist.de/bots|blocklist.de/all|ziyadnz/hourly-ipv4,blocklist.de|bot|irc-bot|brute-force|ziyadnz|hourly,2026-08-17T18:48:05Z,2026-08-17T18:48:05Z,
39.55.177.53,ipv4,botnet,high,WHITE,blocklist.de/bots|blocklist.de/all|ziyadnz/hourly-ipv4,blocklist.de|bot|irc-bot|brute-force|ziyadnz|hourly,2026-08-17T18:48:05Z,2026-08-17T18:48:05Z,
39.58.207.80,ipv4,botnet,high,WHITE,blocklist.de/bots|blocklist.de/all|ziyadnz/hourly-ipv4,blocklist.de|bot|irc-bot|brute-force|ziyadnz|hourly,2026-08-17T18:48:05Z,2026-08-17T18:48:05Z,
39.58.40.168,ipv4,botnet,high,WHITE,blocklist.de/bots|blocklist.de/all|ziyadnz/hourly-ipv4,blocklist.de|bot|irc-bot|brute-force|ziyadnz|hourly,2026-08-17T18:48:05Z,2026-08-17T18:48:05Z,
39.62.137.60,ipv4,botnet,high,WHITE,blocklist.de/bots|blocklist.de/all|ziyadnz/hourly-ipv4,blocklist.de|bot|irc-bot|brute-force|ziyadnz|hourly,2026-08-17T18:48:05Z,2026-08-17T18:48:05Z,
39.98.173.163,ipv4,botnet,high,WHITE,blocklist.de/bots|blocklist.de/all|ziyadnz/hourly-ipv4,blocklist.de|bot|irc-bot|brute-force|ziyadnz|hourly,2026-08-17T18:48:05Z,2026-08-17T18:48:05Z,
4.190.160.249,ipv4,botnet,high,WHITE,blocklist.de/bots|blocklist.de/all|ziyadnz/hourly-ipv4,blocklist.de|bot|irc-bot|brute-force|ziyadnz|hourly,2026-08-17T18:48:05Z,2026-08-17T18:48:05Z,
40.119.41.94,ipv4,botnet,high,WHITE,blocklist.de/bots|blocklist.de/all|ziyadnz/hourly-ipv4,blocklist.de|bot|irc-bot|brute-force|ziyadnz|hourly,2026-08-17T18:48:05Z,2026-08-17T18:48:05Z,
40.77.167.0,ipv4,botnet,high,WHITE,blocklist.de/bots|blocklist.de/all|ziyadnz/hourly-ipv4,blocklist.de|bot|irc-bot|brute-force|ziyadnz|hourly,2026-08-17T18:48:05Z,2026-08-17T18:48:05Z,
40.77.167.158,ipv4,botnet,medium,WHITE,blocklist.de/bots|blocklist.de/all,blocklist.de|bot|irc-bot|brute-force|ziyadnz|hourly,2026-08-17T18:48:05Z,2026-08-17T18:48:05Z,
40.77.167.22,ipv4,botnet,high,WHITE,blocklist.de/bots|blocklist.de/all|ziyadnz/hourly-ipv4,blocklist.de|bot|irc-bot|brute-force|ziyadnz|hourly,2026-08-17T18:48:05Z,2026-08-17T18:48:05Z,
40.77.167.7,ipv4,botnet,high,WHITE,blocklist.de/bots|blocklist.de/all|ziyadnz/hourly-ipv4,blocklist.de|bot|irc-bot|brute-force|ziyadnz|hourly,2026-08-17T18:48:05Z,2026-08-17T18:48:05Z,
40.77.167.75,ipv4,botnet,high,WHITE,blocklist.de/bots|blocklist.de/all|ziyadnz/hourly-ipv4,blocklist.de|bot|irc-bot|brute-force|ziyadnz|hourly,2026-08-17T18:48:05Z,2026-08-17T18:48:05Z,
40.77.167.85,ipv4,botnet,high,WHITE,blocklist.de/bots|blocklist.de/all|ziyadnz/hourly-ipv4,blocklist.de|bot|irc-bot|brute-force|ziyadnz|hourly,2026-08-17T18:48:05Z,2026-08-17T18:48:05Z,
40.77.177.214,ipv4,botnet,high,WHITE,blocklist.de/bots|blocklist.de/all|ziyadnz/hourly-ipv4,blocklist.de|bot|irc-bot|brute-force|ziyadnz|hourly,2026-08-17T18:48:05Z,2026-08-17T18:48:05Z,
40.77.177.221,ipv4,botnet,high,WHITE,blocklist.de/bots|blocklist.de/all|ziyadnz/hourly-ipv4,blocklist.de|bot|irc-bot|brute-force|ziyadnz|hourly,2026-08-17T18:48:05Z,2026-08-17T18:48:05Z,
40.77.178.174,ipv4,botnet,high,WHITE,blocklist.de/bots|blocklist.de/all|ziyadnz/hourly-ipv4,blocklist.de|bot|irc-bot|brute-force|ziyadnz|hourly,2026-08-17T18:48:05Z,2026-08-17T18:48:05Z,
40.77.178.183,ipv4,botnet,high,WHITE,blocklist.de/bots|blocklist.de/all|ziyadnz/hourly-ipv4,blocklist.de|bot|irc-bot|brute-force|ziyadnz|hourly,2026-08-17T18:48:05Z,2026-08-17T18:48:05Z,
40.77.178.246,ipv4,botnet,high,WHITE,blocklist.de/bots|blocklist.de/all|ziyadnz/hourly-ipv4,blocklist.de|bot|irc-bot|brute-force|ziyadnz|hourly,2026-08-17T18:48:05Z,2026-08-17T18:48:05Z,
41.10.83.67,ipv4,botnet,high,WHITE,blocklist.de/bots|blocklist.de/all|ziyadnz/hourly-ipv4,blocklist.de|bot|irc-bot|brute-force|ziyadnz|hourly,2026-08-17T18:48:05Z,2026-08-17T18:48:05Z,
41.103.12.184,ipv4,botnet,high,WHITE,blocklist.de/bots|blocklist.de/all|ziyadnz/hourly-ipv4,blocklist.de|bot|irc-bot|brute-force|ziyadnz|hourly,2026-08-17T18:48:05Z,2026-08-17T18:48:05Z,
41.155.61.146,ipv4,botnet,high,WHITE,blocklist.de/bots|blocklist.de/all|ziyadnz/hourly-ipv4,blocklist.de|bot|irc-bot|brute-force|ziyadnz|hourly,2026-08-17T18:48:05Z,2026-08-17T18:48:05Z,
41.221.84.166,ipv4,botnet,high,WHITE,blocklist.de/bots|blocklist.de/all|ziyadnz/hourly-ipv4,blocklist.de|bot|irc-bot|brute-force|ziyadnz|hourly,2026-08-17T18:48:05Z,2026-08-17T18:48:05Z,
41.223.134.36,ipv4,botnet,high,WHITE,blocklist.de/bots|blocklist.de/all|ziyadnz/hourly-ipv4,blocklist.de|bot|irc-bot|brute-force|ziyadnz|hourly,2026-08-17T18:48:05Z,2026-08-17T18:48:05Z,
41.235.67.102,ipv4,botnet,high,WHITE,blocklist.de/bots|blocklist.de/all|ziyadnz/hourly-ipv4,blocklist.de|bot|irc-bot|brute-force|ziyadnz|hourly,2026-08-17T18:48:05Z,2026-08-17T18:48:05Z,
41.236.92.213,ipv4,botnet,high,WHITE,blocklist.de/bots|blocklist.de/all|ziyadnz/hourly-ipv4,blocklist.de|bot|irc-bot|brute-force|ziyadnz|hourly,2026-08-17T18:48:05Z,2026-08-17T18:48:05Z,
41.237.154.166,ipv4,botnet,high,WHITE,blocklist.de/bots|blocklist.de/all|ziyadnz/hourly-ipv4,blocklist.de|bot|irc-bot|brute-force|ziyadnz|hourly,2026-08-17T18:48:05Z,2026-08-17T18:48:05Z,
41.36.51.148,ipv4,botnet,high,WHITE,blocklist.de/bots|blocklist.de/all|ziyadnz/hourly-ipv4,blocklist.de|bot|irc-bot|brute-force|ziyadnz|hourly,2026-08-17T18:48:05Z,2026-08-17T18:48:05Z,
41.41.224.233,ipv4,botnet,high,WHITE,blocklist.de/bots|blocklist.de/all|ziyadnz/hourly-ipv4,blocklist.de|bot|irc-bot|brute-force|ziyadnz|hourly,2026-08-17T18:48:05Z,2026-08-17T18:48:05Z,
41.47.237.76,ipv4,botnet,high,WHITE,blocklist.de/bots|blocklist.de/all|ziyadnz/hourly-ipv4,blocklist.de|bot|irc-bot|brute-force|ziyadnz|hourly,2026-08-17T18:48:05Z,2026-08-17T18:48:05Z,
41.83.53.4,ipv4,botnet,high,WHITE,blocklist.de/bots|blocklist.de/all|ziyadnz/hourly-ipv4,blocklist.de|bot|irc-bot|brute-force|ziyadnz|hourly,2026-08-17T18:48:05Z,2026-08-17T18:48:05Z,
41.90.238.111,ipv4,botnet,high,WHITE,blocklist.de/bots|blocklist.de/all|ziyadnz/hourly-ipv4,blocklist.de|bot|irc-bot|brute-force|ziyadnz|hourly,2026-08-17T18:48:05Z,2026-08-17T18:48:05Z,
42.105.177.33,ipv4,botnet,high,WHITE,blocklist.de/bots|blocklist.de/all|ziyadnz/hourly-ipv4,blocklist.de|bot|irc-bot|brute-force|ziyadnz|hourly,2026-08-17T18:48:05Z,2026-08-17T18:48:05Z,
42.105.182.130,ipv4,botnet,high,WHITE,blocklist.de/bots|blocklist.de/all|ziyadnz/hourly-ipv4,blocklist.de|bot|irc-bot|brute-force|ziyadnz|hourly,2026-08-17T18:48:05Z,2026-08-17T18:48:05Z,
42.105.182.179,ipv4,botnet,high,WHITE,blocklist.de/bots|blocklist.de/all|ziyadnz/hourly-ipv4,blocklist.de|bot|irc-bot|brute-force|ziyadnz|hourly,2026-08-17T18:48:05Z,2026-08-17T18:48:05Z,
42.105.33.221,ipv4,botnet,high,WHITE,blocklist.de/bots|blocklist.de/all|ziyadnz/hourly-ipv4,blocklist.de|bot|irc-bot|brute-force|ziyadnz|hourly,2026-08-17T18:48:05Z,2026-08-17T18:48:05Z,
42.107.170.208,ipv4,botnet,high,WHITE,blocklist.de/bots|blocklist.de/all|ziyadnz/hourly-ipv4,blocklist.de|bot|irc-bot|brute-force|ziyadnz|hourly,2026-08-17T18:48:05Z,2026-08-17T18:48:05Z,
42.107.171.225,ipv4,botnet,high,WHITE,blocklist.de/bots|blocklist.de/all|ziyadnz/hourly-ipv4,blocklist.de|bot|irc-bot|brute-force|ziyadnz|hourly,2026-08-17T18:48:05Z,2026-08-17T18:48:05Z,
42.107.208.140,ipv4,botnet,high,WHITE,blocklist.de/bots|blocklist.de/all|ziyadnz/hourly-ipv4,blocklist.de|bot|irc-bot|brute-force|ziyadnz|hourly,2026-08-17T18:48:05Z,2026-08-17T18:48:05Z,
42.107.211.235,ipv4,botnet,high,WHITE,blocklist.de/bots|blocklist.de/all|ziyadnz/hourly-ipv4,blocklist.de|bot|irc-bot|brute-force|ziyadnz|hourly,2026-08-17T18:48:05Z,2026-08-17T18:48:05Z,
42.114.72.48,ipv4,botnet,high,WHITE,blocklist.de/bots|blocklist.de/all|ziyadnz/hourly-ipv4,blocklist.de|bot|irc-bot|brute-force|ziyadnz|hourly,2026-08-17T18:48:05Z,2026-08-17T18:48:05Z,
42.194.226.88,ipv4,botnet,high,WHITE,blocklist.de/bots|blocklist.de/all|ziyadnz/hourly-ipv4,blocklist.de|bot|irc-bot|brute-force|ziyadnz|hourly,2026-08-17T18:48:05Z,2026-08-17T18:48:05Z,
43.138.82.6,ipv4,botnet,high,WHITE,blocklist.de/bots|blocklist.de/all|ziyadnz/hourly-ipv4,blocklist.de|bot|irc-bot|brute-force|ziyadnz|hourly,2026-08-17T18:48:05Z,2026-08-17T18:48:05Z,
43.153.50.102,ipv4,botnet,high,WHITE,blocklist.de/bots|blocklist.de/all|ziyadnz/hourly-ipv4,blocklist.de|bot|irc-bot|brute-force|ziyadnz|hourly,2026-08-17T18:48:05Z,2026-08-17T18:48:05Z,
43.153.98.72,ipv4,botnet,high,WHITE,blocklist.de/bots|blocklist.de/all|ziyadnz/hourly-ipv4,blocklist.de|bot|irc-bot|brute-force|ziyadnz|hourly,2026-08-17T18:48:05Z,2026-08-17T18:48:05Z,
43.159.130.108,ipv4,botnet,medium,WHITE,blocklist.de/bots|blocklist.de/all,blocklist.de|bot|irc-bot|brute-force|ziyadnz|hourly,2026-08-17T18:48:05Z,2026-08-17T18:48:05Z,
43.163.126.81,ipv4,botnet,high,WHITE,blocklist.de/bots|blocklist.de/all|ziyadnz/hourly-ipv4,blocklist.de|bot|irc-bot|brute-force|ziyadnz|hourly,2026-08-17T18:48:05Z,2026-08-17T18:48:05Z,
43.167.166.10,ipv4,botnet,high,WHITE,blocklist.de/bots|blocklist.de/all|ziyadnz/hourly-ipv4,blocklist.de|bot|irc-bot|brute-force|ziyadnz|hourly,2026-08-17T18:48:05Z,2026-08-17T18:48:05Z,
43.173.74.10,ipv4,botnet,high,WHITE,blocklist.de/bots|blocklist.de/all|ziyadnz/hourly-ipv4,blocklist.de|bot|irc-bot|brute-force|ziyadnz|hourly,2026-08-17T18:48:05Z,2026-08-17T18:48:05Z,
43.173.78.50,ipv4,botnet,high,WHITE,blocklist.de/bots|blocklist.de/all|ziyadnz/hourly-ipv4,blocklist.de|bot|irc-bot|brute-force|ziyadnz|hourly,2026-08-17T18:48:05Z,2026-08-17T18:48:05Z,
43.225.142.236,ipv4,botnet,high,WHITE,blocklist.de/bots|blocklist.de/all|ziyadnz/hourly-ipv4,blocklist.de|bot|irc-bot|brute-force|ziyadnz|hourly,2026-08-17T18:48:05Z,2026-08-17T18:48:05Z,
43.229.224.110,ipv4,botnet,high,WHITE,blocklist.de/bots|blocklist.de/all|ziyadnz/hourly-ipv4,blocklist.de|bot|irc-bot|brute-force|ziyadnz|hourly,2026-08-17T18:48:05Z,2026-08-17T18:48:05Z,
43.229.88.104,ipv4,botnet,high,WHITE,blocklist.de/bots|blocklist.de/all|ziyadnz/hourly-ipv4,blocklist.de|bot|irc-bot|brute-force|ziyadnz|hourly,2026-08-17T18:48:05Z,2026-08-17T18:48:05Z,
43.230.134.62,ipv4,botnet,high,WHITE,blocklist.de/bots|blocklist.de/all|ziyadnz/hourly-ipv4,blocklist.de|bot|irc-bot|brute-force|ziyadnz|hourly,2026-08-17T18:48:05Z,2026-08-17T18:48:05Z,
43.241.144.116,ipv4,botnet,high,WHITE,blocklist.de/bots|blocklist.de/all|ziyadnz/hourly-ipv4,blocklist.de|bot|irc-bot|brute-force|ziyadnz|hourly,2026-08-17T18:48:05Z,2026-08-17T18:48:05Z,
43.241.65.101,ipv4,botnet,high,WHITE,blocklist.de/bots|blocklist.de/all|ziyadnz/hourly-ipv4,blocklist.de|bot|irc-bot|brute-force|ziyadnz|hourly,2026-08-17T18:48:05Z,2026-08-17T18:48:05Z,
43.241.65.102,ipv4,botnet,high,WHITE,blocklist.de/bots|blocklist.de/all|ziyadnz/hourly-ipv4,blocklist.de|bot|irc-bot|brute-force|ziyadnz|hourly,2026-08-17T18:48:05Z,2026-08-17T18:48:05Z,
43.241.65.118,ipv4,botnet,high,WHITE,blocklist.de/bots|blocklist.de/all|ziyadnz/hourly-ipv4,blocklist.de|bot|irc-bot|brute-force|ziyadnz|hourly,2026-08-17T18:48:05Z,2026-08-17T18:48:05Z,
43.242.176.109,ipv4,botnet,high,WHITE,blocklist.de/bots|blocklist.de/all|ziyadnz/hourly-ipv4,blocklist.de|bot|irc-bot|brute-force|ziyadnz|hourly,2026-08-17T18:48:05Z,2026-08-17T18:48:05Z,
43.242.176.14,ipv4,botnet,high,WHITE,blocklist.de/bots|blocklist.de/all|ziyadnz/hourly-ipv4,blocklist.de|bot|irc-bot|brute-force|ziyadnz|hourly,2026-08-17T18:48:05Z,2026-08-17T18:48:05Z,
43.250.252.236,ipv4,botnet,high,WHITE,blocklist.de/bots|blocklist.de/all|ziyadnz/hourly-ipv4,blocklist.de|bot|irc-bot|brute-force|ziyadnz|hourly,2026-08-17T18:48:05Z,2026-08-17T18:48:05Z,
43.251.99.145,ipv4,botnet,high,WHITE,blocklist.de/bots|blocklist.de/all|ziyadnz/hourly-ipv4,blocklist.de|bot|irc-bot|brute-force|ziyadnz|hourly,2026-08-17T18:48:05Z,2026-08-17T18:48:05Z,
45.11.172.132,ipv4,botnet,high,WHITE,blocklist.de/bots|blocklist.de/all|ziyadnz/hourly-ipv4,blocklist.de|bot|irc-bot|brute-force|ziyadnz|hourly,2026-08-17T18:48:05Z,2026-08-17T18:48:05Z,
45.112.47.17,ipv4,botnet,high,WHITE,blocklist.de/bots|blocklist.de/all|ziyadnz/hourly-ipv4,blocklist.de|bot|irc-bot|brute-force|ziyadnz|hourly,2026-08-17T18:48:05Z,2026-08-17T18:48:05Z,
45.112.71.170,ipv4,botnet,high,WHITE,blocklist.de/bots|blocklist.de/all|ziyadnz/hourly-ipv4,blocklist.de|bot|irc-bot|brute-force|ziyadnz|hourly,2026-08-17T18:48:05Z,2026-08-17T18:48:05Z,
45.118.75.92,ipv4,botnet,high,WHITE,blocklist.de/bots|blocklist.de/all|ziyadnz/hourly-ipv4,blocklist.de|bot|irc-bot|brute-force|ziyadnz|hourly,2026-08-17T18:48:05Z,2026-08-17T18:48:05Z,
45.121.0.219,ipv4,botnet,high,WHITE,blocklist.de/bots|blocklist.de/all|ziyadnz/hourly-ipv4,blocklist.de|bot|irc-bot|brute-force|ziyadnz|hourly,2026-08-17T18:48:05Z,2026-08-17T18:48:05Z,
45.123.216.210,ipv4,botnet,high,WHITE,blocklist.de/bots|blocklist.de/all|ziyadnz/hourly-ipv4,blocklist.de|bot|irc-bot|brute-force|ziyadnz|hourly,2026-08-17T18:48:05Z,2026-08-17T18:48:05Z,
45.131.193.114,ipv4,botnet,high,WHITE,blocklist.de/bots|blocklist.de/all|ziyadnz/hourly-ipv4,blocklist.de|bot|irc-bot|brute-force|ziyadnz|hourly,2026-08-17T18:48:05Z,2026-08-17T18:48:05Z,
45.131.193.91,ipv4,botnet,high,WHITE,blocklist.de/bots|blocklist.de/all|ziyadnz/hourly-ipv4,blocklist.de|bot|irc-bot|brute-force|ziyadnz|hourly,2026-08-17T18:48:05Z,2026-08-17T18:48:05Z,
45.131.193.96,ipv4,botnet,high,WHITE,blocklist.de/bots|blocklist.de/all|ziyadnz/hourly-ipv4,blocklist.de|bot|irc-bot|brute-force|ziyadnz|hourly,2026-08-17T18:48:05Z,2026-08-17T18:48:05Z,
45.131.195.169,ipv4,botnet,high,WHITE,blocklist.de/bots|blocklist.de/all|ziyadnz/hourly-ipv4,blocklist.de|bot|irc-bot|brute-force|ziyadnz|hourly,2026-08-17T18:48:05Z,2026-08-17T18:48:05Z,
45.131.195.174,ipv4,botnet,high,WHITE,blocklist.de/bots|blocklist.de/all|ziyadnz/hourly-ipv4,blocklist.de|bot|irc-bot|brute-force|ziyadnz|hourly,2026-08-17T18:48:05Z,2026-08-17T18:48:05Z,
45.131.195.175,ipv4,botnet,high,WHITE,blocklist.de/bots|blocklist.de/all|ziyadnz/hourly-ipv4,blocklist.de|bot|irc-bot|brute-force|ziyadnz|hourly,2026-08-17T18:48:05Z,2026-08-17T18:48:05Z,
45.132.195.117,ipv4,botnet,high,WHITE,blocklist.de/bots|blocklist.de/all|ziyadnz/hourly-ipv4,blocklist.de|bot|irc-bot|brute-force|ziyadnz|hourly,2026-08-17T18:48:05Z,2026-08-17T18:48:05Z,
45.133.193.57,ipv4,botnet,high,WHITE,blocklist.de/bots|blocklist.de/all|ziyadnz/hourly-ipv4,blocklist.de|bot|irc-bot|brute-force|ziyadnz|hourly,2026-08-17T18:48:05Z,2026-08-17T18:48:05Z,
45.138.0.35,ipv4,botnet,high,WHITE,blocklist.de/bots|blocklist.de/all|ziyadnz/hourly-ipv4,blocklist.de|bot|irc-bot|brute-force|ziyadnz|hourly,2026-08-17T18:48:05Z,2026-08-17T18:48:05Z,
45.144.113.198,ipv4,botnet,high,WHITE,blocklist.de/bots|blocklist.de/all|ziyadnz/hourly-ipv4,blocklist.de|bot|irc-bot|brute-force|ziyadnz|hourly,2026-08-17T18:48:05Z,2026-08-17T18:48:05Z,
45.150.179.161,ipv4,botnet,high,WHITE,blocklist.de/bots|blocklist.de/all|ziyadnz/hourly-ipv4,blocklist.de|bot|irc-bot|brute-force|ziyadnz|hourly,2026-08-17T18:48:05Z,2026-08-17T18:48:05Z,
45.156.129.110,ipv4,botnet,high,WHITE,blocklist.de/bots|blocklist.de/all|ziyadnz/hourly-ipv4,blocklist.de|bot|irc-bot|brute-force|ziyadnz|hourly,2026-08-17T18:48:05Z,2026-08-17T18:48:05Z,
45.156.129.137,ipv4,botnet,high,WHITE,blocklist.de/bots|blocklist.de/all|ziyadnz/hourly-ipv4,blocklist.de|bot|irc-bot|brute-force|ziyadnz|hourly,2026-08-17T18:48:05Z,2026-08-17T18:48:05Z,
45.156.129.169,ipv4,botnet,high,WHITE,blocklist.de/bots|blocklist.de/all|ziyadnz/hourly-ipv4,blocklist.de|bot|irc-bot|brute-force|ziyadnz|hourly,2026-08-17T18:48:05Z,2026-08-17T18:48:05Z,
45.194.92.14,ipv4,botnet,high,WHITE,blocklist.de/bots|blocklist.de/all|ziyadnz/hourly-ipv4,blocklist.de|bot|irc-bot|brute-force|ziyadnz|hourly,2026-08-17T18:48:05Z,2026-08-17T18:48:05Z,
45.198.224.110,ipv4,botnet,high,WHITE,blocklist.de/bots|blocklist.de/all|ziyadnz/hourly-ipv4,blocklist.de|bot|irc-bot|brute-force|ziyadnz|hourly,2026-08-17T18:48:05Z,2026-08-17T18:48:05Z,
45.235.122.97,ipv4,botnet,high,WHITE,blocklist.de/bots|blocklist.de/all|ziyadnz/hourly-ipv4,blocklist.de|bot|irc-bot|brute-force|ziyadnz|hourly,2026-08-17T18:48:05Z,2026-08-17T18:48:05Z,
45.251.232.68,ipv4,botnet,high,WHITE,blocklist.de/bots|blocklist.de/all|ziyadnz/hourly-ipv4,blocklist.de|bot|irc-bot|brute-force|ziyadnz|hourly,2026-08-17T18:48:05Z,2026-08-17T18:48:05Z,
45.251.71.57,ipv4,botnet,high,WHITE,blocklist.de/bots|blocklist.de/all|ziyadnz/hourly-ipv4,blocklist.de|bot|irc-bot|brute-force|ziyadnz|hourly,2026-08-17T18:48:05Z,2026-08-17T18:48:05Z,
45.33.107.63,ipv4,botnet,high,WHITE,blocklist.de/bots|blocklist.de/all|ziyadnz/hourly-ipv4,blocklist.de|bot|irc-bot|brute-force|ziyadnz|hourly,2026-08-17T18:48:05Z,2026-08-17T18:48:05Z,
45.33.14.5,ipv4,botnet,high,WHITE,blocklist.de/bots|blocklist.de/all|ziyadnz/hourly-ipv4,blocklist.de|bot|irc-bot|brute-force|ziyadnz|hourly,2026-08-17T18:48:05Z,2026-08-17T18:48:05Z,
45.33.55.49,ipv4,botnet,medium,WHITE,blocklist.de/bots|blocklist.de/all,blocklist.de|bot|irc-bot|brute-force|ziyadnz|hourly,2026-08-17T18:48:05Z,2026-08-17T18:48:05Z,
45.49.44.19,ipv4,botnet,high,WHITE,blocklist.de/bots|blocklist.de/all|ziyadnz/hourly-ipv4,blocklist.de|bot|irc-bot|brute-force|ziyadnz|hourly,2026-08-17T18:48:05Z,2026-08-17T18:48:05Z,
45.59.186.47,ipv4,botnet,high,WHITE,blocklist.de/bots|blocklist.de/all|ziyadnz/hourly-ipv4,blocklist.de|bot|irc-bot|brute-force|ziyadnz|hourly,2026-08-17T18:48:05Z,2026-08-17T18:48:05Z,
45.66.35.37,ipv4,botnet,high,WHITE,blocklist.de/bots|blocklist.de/all|ziyadnz/hourly-ipv4,blocklist.de|bot|irc-bot|brute-force|ziyadnz|hourly,2026-08-17T18:48:05Z,2026-08-17T18:48:05Z,
45.79.173.214,ipv4,botnet,high,WHITE,blocklist.de/bots|blocklist.de/all|ziyadnz/hourly-ipv4,blocklist.de|bot|irc-bot|brute-force|ziyadnz|hourly,2026-08-17T18:48:05Z,2026-08-17T18:48:05Z,
45.79.192.172,ipv4,botnet,high,WHITE,blocklist.de/bots|blocklist.de/all|ziyadnz/hourly-ipv4,blocklist.de|bot|irc-bot|brute-force|ziyadnz|hourly,2026-08-17T18:48:05Z,2026-08-17T18:48:05Z,
45.79.207.13,ipv4,botnet,high,WHITE,blocklist.de/bots|blocklist.de/all|ziyadnz/hourly-ipv4,blocklist.de|bot|irc-bot|brute-force|ziyadnz|hourly,2026-08-17T18:48:05Z,2026-08-17T18:48:05Z,
45.86.203.76,ipv4,botnet,high,WHITE,blocklist.de/bots|blocklist.de/all|ziyadnz/hourly-ipv4,blocklist.de|bot|irc-bot|brute-force|ziyadnz|hourly,2026-08-17T18:48:05Z,2026-08-17T18:48:05Z,
45.86.58.52,ipv4,botnet,high,WHITE,blocklist.de/bots|blocklist.de/all|ziyadnz/hourly-ipv4,blocklist.de|bot|irc-bot|brute-force|ziyadnz|hourly,2026-08-17T18:48:05Z,2026-08-17T18:48:05Z,
46.105.38.210,ipv4,botnet,high,WHITE,blocklist.de/bots|blocklist.de/all|ziyadnz/hourly-ipv4,blocklist.de|bot|irc-bot|brute-force|ziyadnz|hourly,2026-08-17T18:48:05Z,2026-08-17T18:48:05Z,
46.105.39.50,ipv4,botnet,high,WHITE,blocklist.de/bots|blocklist.de/all|ziyadnz/hourly-ipv4,blocklist.de|bot|irc-bot|brute-force|ziyadnz|hourly,2026-08-17T18:48:05Z,2026-08-17T18:48:05Z,
46.105.42.135,ipv4,botnet,high,WHITE,blocklist.de/bots|blocklist.de/all|ziyadnz/hourly-ipv4,blocklist.de|bot|irc-bot|brute-force|ziyadnz|hourly,2026-08-17T18:48:05Z,2026-08-17T18:48:05Z,
46.105.42.96,ipv4,botnet,high,WHITE,blocklist.de/bots|blocklist.de/all|ziyadnz/hourly-ipv4,blocklist.de|bot|irc-bot|brute-force|ziyadnz|hourly,2026-08-17T18:48:05Z,2026-08-17T18:48:05Z,
46.105.46.43,ipv4,botnet,high,WHITE,blocklist.de/bots|blocklist.de/all|ziyadnz/hourly-ipv4,blocklist.de|bot|irc-bot|brute-force|ziyadnz|hourly,2026-08-17T18:48:05Z,2026-08-17T18:48:05Z,
46.105.48.30,ipv4,botnet,high,WHITE,blocklist.de/bots|blocklist.de/all|ziyadnz/hourly-ipv4,blocklist.de|bot|irc-bot|brute-force|ziyadnz|hourly,2026-08-17T18:48:05Z,2026-08-17T18:48:05Z,
46.153.160.52,ipv4,botnet,high,WHITE,blocklist.de/bots|blocklist.de/all|ziyadnz/hourly-ipv4,blocklist.de|bot|irc-bot|brute-force|ziyadnz|hourly,2026-08-17T18:48:05Z,2026-08-17T18:48:05Z,
46.162.203.25,ipv4,botnet,high,WHITE,blocklist.de/bots|blocklist.de/all|ziyadnz/hourly-ipv4,blocklist.de|bot|irc-bot|brute-force|ziyadnz|hourly,2026-08-17T18:48:05Z,2026-08-17T18:48:05Z,
46.35.69.255,ipv4,botnet,high,WHITE,blocklist.de/bots|blocklist.de/all|ziyadnz/hourly-ipv4,blocklist.de|bot|irc-bot|brute-force|ziyadnz|hourly,2026-08-17T18:48:05Z,2026-08-17T18:48:05Z,
46.35.92.135,ipv4,botnet,high,WHITE,blocklist.de/bots|blocklist.de/all|ziyadnz/hourly-ipv4,blocklist.de|bot|irc-bot|brute-force|ziyadnz|hourly,2026-08-17T18:48:05Z,2026-08-17T18:48:05Z,
46.97.176.35,ipv4,botnet,medium,WHITE,blocklist.de/bots|blocklist.de/all,blocklist.de|bot|irc-bot|brute-force|ziyadnz|hourly,2026-08-17T18:48:05Z,2026-08-17T18:48:05Z,
47.128.111.138,ipv4,botnet,high,WHITE,blocklist.de/bots|blocklist.de/all|ziyadnz/hourly-ipv4,blocklist.de|bot|irc-bot|brute-force|ziyadnz|hourly,2026-08-17T18:48:05Z,2026-08-17T18:48:05Z,
47.128.112.233,ipv4,botnet,high,WHITE,blocklist.de/bots|blocklist.de/all|ziyadnz/hourly-ipv4,blocklist.de|bot|irc-bot|brute-force|ziyadnz|hourly,2026-08-17T18:48:05Z,2026-08-17T18:48:05Z,
47.128.119.151,ipv4,botnet,high,WHITE,blocklist.de/bots|blocklist.de/all|ziyadnz/hourly-ipv4,blocklist.de|bot|irc-bot|brute-force|ziyadnz|hourly,2026-08-17T18:48:05Z,2026-08-17T18:48:05Z,
47.128.120.214,ipv4,botnet,high,WHITE,blocklist.de/bots|blocklist.de/all|ziyadnz/hourly-ipv4,blocklist.de|bot|irc-bot|brute-force|ziyadnz|hourly,2026-08-17T18:48:05Z,2026-08-17T18:48:05Z,
47.128.121.118,ipv4,botnet,high,WHITE,blocklist.de/bots|blocklist.de/all|ziyadnz/hourly-ipv4,blocklist.de|bot|irc-bot|brute-force|ziyadnz|hourly,2026-08-17T18:48:05Z,2026-08-17T18:48:05Z,
47.128.121.126,ipv4,botnet,high,WHITE,blocklist.de/bots|blocklist.de/all|ziyadnz/hourly-ipv4,blocklist.de|bot|irc-bot|brute-force|ziyadnz|hourly,2026-08-17T18:48:05Z,2026-08-17T18:48:05Z,
47.128.121.158,ipv4,botnet,high,WHITE,blocklist.de/bots|blocklist.de/all|ziyadnz/hourly-ipv4,blocklist.de|bot|irc-bot|brute-force|ziyadnz|hourly,2026-08-17T18:48:05Z,2026-08-17T18:48:05Z,
47.15.19.89,ipv4,botnet,high,WHITE,blocklist.de/bots|blocklist.de/all|ziyadnz/hourly-ipv4,blocklist.de|bot|irc-bot|brute-force|ziyadnz|hourly,2026-08-17T18:48:05Z,2026-08-17T18:48:05Z,
47.15.238.243,ipv4,botnet,high,WHITE,blocklist.de/bots|blocklist.de/all|ziyadnz/hourly-ipv4,blocklist.de|bot|irc-bot|brute-force|ziyadnz|hourly,2026-08-17T18:48:05Z,2026-08-17T18:48:05Z,
47.196.124.18,ipv4,botnet,high,WHITE,blocklist.de/bots|blocklist.de/all|ziyadnz/hourly-ipv4,blocklist.de|bot|irc-bot|brute-force|ziyadnz|hourly,2026-08-17T18:48:05Z,2026-08-17T18:48:05Z,
47.238.178.190,ipv4,botnet,high,WHITE,blocklist.de/bots|blocklist.de/all|ziyadnz/hourly-ipv4,blocklist.de|bot|irc-bot|brute-force|ziyadnz|hourly,2026-08-17T18:48:05Z,2026-08-17T18:48:05Z,
47.250.160.122,ipv4,botnet,high,WHITE,blocklist.de/bots|blocklist.de/all|ziyadnz/hourly-ipv4,blocklist.de|bot|irc-bot|brute-force|ziyadnz|hourly,2026-08-17T18:48:05Z,2026-08-17T18:48:05Z,
47.251.87.199,ipv4,botnet,high,WHITE,blocklist.de/bots|blocklist.de/all|ziyadnz/hourly-ipv4,blocklist.de|bot|irc-bot|brute-force|ziyadnz|hourly,2026-08-17T18:48:05Z,2026-08-17T18:48:05Z,
47.254.198.155,ipv4,botnet,high,WHITE,blocklist.de/bots|blocklist.de/all|ziyadnz/hourly-ipv4,blocklist.de|bot|irc-bot|brute-force|ziyadnz|hourly,2026-08-17T18:48:05Z,2026-08-17T18:48:05Z,
47.29.1.43,ipv4,botnet,high,WHITE,blocklist.de/bots|blocklist.de/all|ziyadnz/hourly-ipv4,blocklist.de|bot|irc-bot|brute-force|ziyadnz|hourly,2026-08-17T18:48:05Z,2026-08-17T18:48:05Z,
47.31.110.150,ipv4,botnet,high,WHITE,blocklist.de/bots|blocklist.de/all|ziyadnz/hourly-ipv4,blocklist.de|bot|irc-bot|brute-force|ziyadnz|hourly,2026-08-17T18:48:05Z,2026-08-17T18:48:05Z,
47.31.71.206,ipv4,botnet,high,WHITE,blocklist.de/bots|blocklist.de/all|ziyadnz/hourly-ipv4,blocklist.de|bot|irc-bot|brute-force|ziyadnz|hourly,2026-08-17T18:48:05Z,2026-08-17T18:48:05Z,
47.31.73.183,ipv4,botnet,high,WHITE,blocklist.de/bots|blocklist.de/all|ziyadnz/hourly-ipv4,blocklist.de|bot|irc-bot|brute-force|ziyadnz|hourly,2026-08-17T18:48:05Z,2026-08-17T18:48:05Z,
47.82.54.51,ipv4,botnet,high,WHITE,blocklist.de/bots|blocklist.de/all|ziyadnz/hourly-ipv4,blocklist.de|bot|irc-bot|brute-force|ziyadnz|hourly,2026-08-17T18:48:05Z,2026-08-17T18:48:05Z,
47.88.55.214,ipv4,botnet,high,WHITE,blocklist.de/bots|blocklist.de/all|ziyadnz/hourly-ipv4,blocklist.de|bot|irc-bot|brute-force|ziyadnz|hourly,2026-08-17T18:48:05Z,2026-08-17T18:48:05Z,
47.89.247.91,ipv4,botnet,high,WHITE,blocklist.de/bots|blocklist.de/all|ziyadnz/hourly-ipv4,blocklist.de|bot|irc-bot|brute-force|ziyadnz|hourly,2026-08-17T18:48:05Z,2026-08-17T18:48:05Z,
47.94.230.80,ipv4,botnet,high,WHITE,blocklist.de/bots|blocklist.de/all|ziyadnz/hourly-ipv4,blocklist.de|bot|irc-bot|brute-force|ziyadnz|hourly,2026-08-17T18:48:05Z,2026-08-17T18:48:05Z,
49.144.236.101,ipv4,botnet,high,WHITE,blocklist.de/bots|blocklist.de/all|ziyadnz/hourly-ipv4,blocklist.de|bot|irc-bot|brute-force|ziyadnz|hourly,2026-08-17T18:48:05Z,2026-08-17T18:48:05Z,
49.147.176.224,ipv4,botnet,high,WHITE,blocklist.de/bots|blocklist.de/all|ziyadnz/hourly-ipv4,blocklist.de|bot|irc-bot|brute-force|ziyadnz|hourly,2026-08-17T18:48:05Z,2026-08-17T18:48:05Z,
49.148.49.158,ipv4,botnet,high,WHITE,blocklist.de/bots|blocklist.de/all|ziyadnz/hourly-ipv4,blocklist.de|bot|irc-bot|brute-force|ziyadnz|hourly,2026-08-17T18:48:05Z,2026-08-17T18:48:05Z,
49.15.250.51,ipv4,botnet,high,WHITE,blocklist.de/bots|blocklist.de/all|ziyadnz/hourly-ipv4,blocklist.de|bot|irc-bot|brute-force|ziyadnz|hourly,2026-08-17T18:48:05Z,2026-08-17T18:48:05Z,
49.232.124.90,ipv4,botnet,high,WHITE,blocklist.de/bots|blocklist.de/all|ziyadnz/hourly-ipv4,blocklist.de|bot|irc-bot|brute-force|ziyadnz|hourly,2026-08-17T18:48:05Z,2026-08-17T18:48:05Z,
49.232.214.115,ipv4,botnet,high,WHITE,blocklist.de/bots|blocklist.de/all|ziyadnz/hourly-ipv4,blocklist.de|bot|irc-bot|brute-force|ziyadnz|hourly,2026-08-17T18:48:05Z,2026-08-17T18:48:05Z,
49.233.253.113,ipv4,botnet,high,WHITE,blocklist.de/bots|blocklist.de/all|ziyadnz/hourly-ipv4,blocklist.de|bot|irc-bot|brute-force|ziyadnz|hourly,2026-08-17T18:48:05Z,2026-08-17T18:48:05Z,
49.234.4.25,ipv4,botnet,high,WHITE,blocklist.de/bots|blocklist.de/all|ziyadnz/hourly-ipv4,blocklist.de|bot|irc-bot|brute-force|ziyadnz|hourly,2026-08-17T18:48:05Z,2026-08-17T18:48:05Z,
49.244.149.204,ipv4,botnet,high,WHITE,blocklist.de/bots|blocklist.de/all|ziyadnz/hourly-ipv4,blocklist.de|bot|irc-bot|brute-force|ziyadnz|hourly,2026-08-17T18:48:05Z,2026-08-17T18:48:05Z,
49.36.170.47,ipv4,botnet,high,WHITE,blocklist.de/bots|blocklist.de/all|ziyadnz/hourly-ipv4,blocklist.de|bot|irc-bot|brute-force|ziyadnz|hourly,2026-08-17T18:48:05Z,2026-08-17T18:48:05Z,
49.36.215.115,ipv4,botnet,high,WHITE,blocklist.de/bots|blocklist.de/all|ziyadnz/hourly-ipv4,blocklist.de|bot|irc-bot|brute-force|ziyadnz|hourly,2026-08-17T18:48:05Z,2026-08-17T18:48:05Z,
49.36.233.39,ipv4,botnet,high,WHITE,blocklist.de/bots|blocklist.de/all|ziyadnz/hourly-ipv4,blocklist.de|bot|irc-bot|brute-force|ziyadnz|hourly,2026-08-17T18:48:05Z,2026-08-17T18:48:05Z,
49.36.41.233,ipv4,botnet,high,WHITE,blocklist.de/bots|blocklist.de/all|ziyadnz/hourly-ipv4,blocklist.de|bot|irc-bot|brute-force|ziyadnz|hourly,2026-08-17T18:48:05Z,2026-08-17T18:48:05Z,
49.37.194.39,ipv4,botnet,high,WHITE,blocklist.de/bots|blocklist.de/all|ziyadnz/hourly-ipv4,blocklist.de|bot|irc-bot|brute-force|ziyadnz|hourly,2026-08-17T18:48:05Z,2026-08-17T18:48:05Z,
49.37.46.68,ipv4,botnet,high,WHITE,blocklist.de/bots|blocklist.de/all|ziyadnz/hourly-ipv4,blocklist.de|bot|irc-bot|brute-force|ziyadnz|hourly,2026-08-17T18:48:05Z,2026-08-17T18:48:05Z,
49.37.87.160,ipv4,botnet,high,WHITE,blocklist.de/bots|blocklist.de/all|ziyadnz/hourly-ipv4,blocklist.de|bot|irc-bot|brute-force|ziyadnz|hourly,2026-08-17T18:48:05Z,2026-08-17T18:48:05Z,
49.42.129.115,ipv4,botnet,high,WHITE,blocklist.de/bots|blocklist.de/all|ziyadnz/hourly-ipv4,blocklist.de|bot|irc-bot|brute-force|ziyadnz|hourly,2026-08-17T18:48:05Z,2026-08-17T18:48:05Z,
49.42.149.218,ipv4,botnet,high,WHITE,blocklist.de/bots|blocklist.de/all|ziyadnz/hourly-ipv4,blocklist.de|bot|irc-bot|brute-force|ziyadnz|hourly,2026-08-17T18:48:05Z,2026-08-17T18:48:05Z,
49.42.222.74,ipv4,botnet,high,WHITE,blocklist.de/bots|blocklist.de/all|ziyadnz/hourly-ipv4,blocklist.de|bot|irc-bot|brute-force|ziyadnz|hourly,2026-08-17T18:48:05Z,2026-08-17T18:48:05Z,
49.43.129.122,ipv4,botnet,high,WHITE,blocklist.de/bots|blocklist.de/all|ziyadnz/hourly-ipv4,blocklist.de|bot|irc-bot|brute-force|ziyadnz|hourly,2026-08-17T18:48:05Z,2026-08-17T18:48:05Z,
49.43.129.212,ipv4,botnet,high,WHITE,blocklist.de/bots|blocklist.de/all|ziyadnz/hourly-ipv4,blocklist.de|bot|irc-bot|brute-force|ziyadnz|hourly,2026-08-17T18:48:05Z,2026-08-17T18:48:05Z,
49.43.129.253,ipv4,botnet,high,WHITE,blocklist.de/bots|blocklist.de/all|ziyadnz/hourly-ipv4,blocklist.de|bot|irc-bot|brute-force|ziyadnz|hourly,2026-08-17T18:48:05Z,2026-08-17T18:48:05Z,
49.43.129.3,ipv4,botnet,high,WHITE,blocklist.de/bots|blocklist.de/all|ziyadnz/hourly-ipv4,blocklist.de|bot|irc-bot|brute-force|ziyadnz|hourly,2026-08-17T18:48:05Z,2026-08-17T18:48:05Z,
49.43.133.35,ipv4,botnet,high,WHITE,blocklist.de/bots|blocklist.de/all|ziyadnz/hourly-ipv4,blocklist.de|bot|irc-bot|brute-force|ziyadnz|hourly,2026-08-17T18:48:05Z,2026-08-17T18:48:05Z,
49.43.135.72,ipv4,botnet,high,WHITE,blocklist.de/bots|blocklist.de/all|ziyadnz/hourly-ipv4,blocklist.de|bot|irc-bot|brute-force|ziyadnz|hourly,2026-08-17T18:48:05Z,2026-08-17T18:48:05Z,
49.43.152.139,ipv4,botnet,high,WHITE,blocklist.de/bots|blocklist.de/all|ziyadnz/hourly-ipv4,blocklist.de|bot|irc-bot|brute-force|ziyadnz|hourly,2026-08-17T18:48:05Z,2026-08-17T18:48:05Z,
49.43.158.33,ipv4,botnet,high,WHITE,blocklist.de/bots|blocklist.de/all|ziyadnz/hourly-ipv4,blocklist.de|bot|irc-bot|brute-force|ziyadnz|hourly,2026-08-17T18:48:05Z,2026-08-17T18:48:05Z,
49.43.228.200,ipv4,botnet,high,WHITE,blocklist.de/bots|blocklist.de/all|ziyadnz/hourly-ipv4,blocklist.de|bot|irc-bot|brute-force|ziyadnz|hourly,2026-08-17T18:48:05Z,2026-08-17T18:48:05Z,
49.43.228.241,ipv4,botnet,high,WHITE,blocklist.de/bots|blocklist.de/all|ziyadnz/hourly-ipv4,blocklist.de|bot|irc-bot|brute-force|ziyadnz|hourly,2026-08-17T18:48:05Z,2026-08-17T18:48:05Z,
49.43.251.3,ipv4,botnet,high,WHITE,blocklist.de/bots|blocklist.de/all|ziyadnz/hourly-ipv4,blocklist.de|bot|irc-bot|brute-force|ziyadnz|hourly,2026-08-17T18:48:05Z,2026-08-17T18:48:05Z,
49.47.132.63,ipv4,botnet,medium,WHITE,blocklist.de/bots|blocklist.de/all,blocklist.de|bot|irc-bot|brute-force|ziyadnz|hourly,2026-08-17T18:48:05Z,2026-08-17T18:48:05Z,
49.47.135.47,ipv4,botnet,high,WHITE,blocklist.de/bots|blocklist.de/all|ziyadnz/hourly-ipv4,blocklist.de|bot|irc-bot|brute-force|ziyadnz|hourly,2026-08-17T18:48:05Z,2026-08-17T18:48:05Z,
49.47.216.83,ipv4,botnet,high,WHITE,blocklist.de/bots|blocklist.de/all|ziyadnz/hourly-ipv4,blocklist.de|bot|irc-bot|brute-force|ziyadnz|hourly,2026-08-17T18:48:05Z,2026-08-17T18:48:05Z,
49.47.218.82,ipv4,botnet,high,WHITE,blocklist.de/bots|blocklist.de/all|ziyadnz/hourly-ipv4,blocklist.de|bot|irc-bot|brute-force|ziyadnz|hourly,2026-08-17T18:48:05Z,2026-08-17T18:48:05Z,
49.48.86.138,ipv4,botnet,high,WHITE,blocklist.de/bots|blocklist.de/all|ziyadnz/hourly-ipv4,blocklist.de|bot|irc-bot|brute-force|ziyadnz|hourly,2026-08-17T18:48:05Z,2026-08-17T18:48:05Z,
49.51.207.61,ipv4,botnet,high,WHITE,blocklist.de/bots|blocklist.de/all|ziyadnz/hourly-ipv4,blocklist.de|bot|irc-bot|brute-force|ziyadnz|hourly,2026-08-17T18:48:05Z,2026-08-17T18:48:05Z,
5.194.191.4,ipv4,botnet,high,WHITE,blocklist.de/bots|blocklist.de/all|ziyadnz/hourly-ipv4,blocklist.de|bot|irc-bot|brute-force|ziyadnz|hourly,2026-08-17T18:48:05Z,2026-08-17T18:48:05Z,
5.29.23.87,ipv4,botnet,high,WHITE,blocklist.de/bots|blocklist.de/all|ziyadnz/hourly-ipv4,blocklist.de|bot|irc-bot|brute-force|ziyadnz|hourly,2026-08-17T18:48:05Z,2026-08-17T18:48:05Z,
5.30.139.203,ipv4,botnet,high,WHITE,blocklist.de/bots|blocklist.de/all|ziyadnz/hourly-ipv4,blocklist.de|bot|irc-bot|brute-force|ziyadnz|hourly,2026-08-17T18:48:05Z,2026-08-17T18:48:05Z,
5.31.194.58,ipv4,botnet,high,WHITE,blocklist.de/bots|blocklist.de/all|ziyadnz/hourly-ipv4,blocklist.de|bot|irc-bot|brute-force|ziyadnz|hourly,2026-08-17T18:48:05Z,2026-08-17T18:48:05Z,
5.31.220.208,ipv4,botnet,high,WHITE,blocklist.de/bots|blocklist.de/all|ziyadnz/hourly-ipv4,blocklist.de|bot|irc-bot|brute-force|ziyadnz|hourly,2026-08-17T18:48:05Z,2026-08-17T18:48:05Z,
5.39.1.227,ipv4,botnet,high,WHITE,blocklist.de/bots|blocklist.de/all|ziyadnz/hourly-ipv4,blocklist.de|bot|irc-bot|brute-force|ziyadnz|hourly,2026-08-17T18:48:05Z,2026-08-17T18:48:05Z,
5.39.1.228,ipv4,botnet,high,WHITE,blocklist.de/bots|blocklist.de/all|ziyadnz/hourly-ipv4,blocklist.de|bot|irc-bot|brute-force|ziyadnz|hourly,2026-08-17T18:48:05Z,2026-08-17T18:48:05Z,
5.39.1.230,ipv4,botnet,high,WHITE,blocklist.de/bots|blocklist.de/all|ziyadnz/hourly-ipv4,blocklist.de|bot|irc-bot|brute-force|ziyadnz|hourly,2026-08-17T18:48:05Z,2026-08-17T18:48:05Z,
5.39.1.231,ipv4,botnet,high,WHITE,blocklist.de/bots|blocklist.de/all|ziyadnz/hourly-ipv4,blocklist.de|bot|irc-bot|brute-force|ziyadnz|hourly,2026-08-17T18:48:05Z,2026-08-17T18:48:05Z,
5.39.1.232,ipv4,botnet,high,WHITE,blocklist.de/bots|blocklist.de/all|ziyadnz/hourly-ipv4,blocklist.de|bot|irc-bot|brute-force|ziyadnz|hourly,2026-08-17T18:48:05Z,2026-08-17T18:48:05Z,
5.39.1.233,ipv4,botnet,high,WHITE,blocklist.de/bots|blocklist.de/all|ziyadnz/hourly-ipv4,blocklist.de|bot|irc-bot|brute-force|ziyadnz|hourly,2026-08-17T18:48:05Z,2026-08-17T18:48:05Z,
5.39.1.234,ipv4,botnet,high,WHITE,blocklist.de/bots|blocklist.de/all|ziyadnz/hourly-ipv4,blocklist.de|bot|irc-bot|brute-force|ziyadnz|hourly,2026-08-17T18:48:05Z,2026-08-17T18:48:05Z,
5.39.1.238,ipv4,botnet,high,WHITE,blocklist.de/bots|blocklist.de/all|ziyadnz/hourly-ipv4,blocklist.de|bot|irc-bot|brute-force|ziyadnz|hourly,2026-08-17T18:48:05Z,2026-08-17T18:48:05Z,
5.39.1.241,ipv4,botnet,high,WHITE,blocklist.de/bots|blocklist.de/all|ziyadnz/hourly-ipv4,blocklist.de|bot|irc-bot|brute-force|ziyadnz|hourly,2026-08-17T18:48:05Z,2026-08-17T18:48:05Z,
5.39.1.243,ipv4,botnet,high,WHITE,blocklist.de/bots|blocklist.de/all|ziyadnz/hourly-ipv4,blocklist.de|bot|irc-bot|brute-force|ziyadnz|hourly,2026-08-17T18:48:05Z,2026-08-17T18:48:05Z,
5.39.1.250,ipv4,botnet,high,WHITE,blocklist.de/bots|blocklist.de/all|ziyadnz/hourly-ipv4,blocklist.de|bot|irc-bot|brute-force|ziyadnz|hourly,2026-08-17T18:48:05Z,2026-08-17T18:48:05Z,
5.39.1.252,ipv4,botnet,high,WHITE,blocklist.de/bots|blocklist.de/all|ziyadnz/hourly-ipv4,blocklist.de|bot|irc-bot|brute-force|ziyadnz|hourly,2026-08-17T18:48:05Z,2026-08-17T18:48:05Z,
5.39.1.254,ipv4,botnet,high,WHITE,blocklist.de/bots|blocklist.de/all|ziyadnz/hourly-ipv4,blocklist.de|bot|irc-bot|brute-force|ziyadnz|hourly,2026-08-17T18:48:05Z,2026-08-17T18:48:05Z,
5.79.213.156,ipv4,botnet,high,WHITE,blocklist.de/bots|blocklist.de/all|ziyadnz/hourly-ipv4,blocklist.de|bot|irc-bot|brute-force|ziyadnz|hourly,2026-08-17T18:48:05Z,2026-08-17T18:48:05Z,
5.82.235.137,ipv4,botnet,high,WHITE,blocklist.de/bots|blocklist.de/all|ziyadnz/hourly-ipv4,blocklist.de|bot|irc-bot|brute-force|ziyadnz|hourly,2026-08-17T18:48:05Z,2026-08-17T18:48:05Z,
50.114.242.16,ipv4,botnet,high,WHITE,blocklist.de/bots|blocklist.de/all|ziyadnz/hourly-ipv4,blocklist.de|bot|irc-bot|brute-force|ziyadnz|hourly,2026-08-17T18:48:05Z,2026-08-17T18:48:05Z,
50.81.152.190,ipv4,botnet,high,WHITE,blocklist.de/bots|blocklist.de/all|ziyadnz/hourly-ipv4,blocklist.de|bot|irc-bot|brute-force|ziyadnz|hourly,2026-08-17T18:48:05Z,2026-08-17T18:48:05Z,
51.15.59.15,ipv4,botnet,high,WHITE,blocklist.de/bots|blocklist.de/all|ziyadnz/hourly-ipv4,blocklist.de|bot|irc-bot|brute-force|ziyadnz|hourly,2026-08-17T18:48:05Z,2026-08-17T18:48:05Z,
51.161.37.0,ipv4,botnet,high,WHITE,blocklist.de/bots|blocklist.de/all|ziyadnz/hourly-ipv4,blocklist.de|bot|irc-bot|brute-force|ziyadnz|hourly,2026-08-17T18:48:05Z,2026-08-17T18:48:05Z,
51.161.37.1,ipv4,botnet,high,WHITE,blocklist.de/bots|blocklist.de/all|ziyadnz/hourly-ipv4,blocklist.de|bot|irc-bot|brute-force|ziyadnz|hourly,2026-08-17T18:48:05Z,2026-08-17T18:48:05Z,
51.161.37.100,ipv4,botnet,high,WHITE,blocklist.de/bots|blocklist.de/all|ziyadnz/hourly-ipv4,blocklist.de|bot|irc-bot|brute-force|ziyadnz|hourly,2026-08-17T18:48:05Z,2026-08-17T18:48:05Z,
51.161.37.105,ipv4,botnet,high,WHITE,blocklist.de/bots|blocklist.de/all|ziyadnz/hourly-ipv4,blocklist.de|bot|irc-bot|brute-force|ziyadnz|hourly,2026-08-17T18:48:05Z,2026-08-17T18:48:05Z,
51.161.37.107,ipv4,botnet,high,WHITE,blocklist.de/bots|blocklist.de/all|ziyadnz/hourly-ipv4,blocklist.de|bot|irc-bot|brute-force|ziyadnz|hourly,2026-08-17T18:48:05Z,2026-08-17T18:48:05Z,
51.161.37.108,ipv4,botnet,high,WHITE,blocklist.de/bots|blocklist.de/all|ziyadnz/hourly-ipv4,blocklist.de|bot|irc-bot|brute-force|ziyadnz|hourly,2026-08-17T18:48:05Z,2026-08-17T18:48:05Z,
51.161.37.110,ipv4,botnet,high,WHITE,blocklist.de/bots|blocklist.de/all|ziyadnz/hourly-ipv4,blocklist.de|bot|irc-bot|brute-force|ziyadnz|hourly,2026-08-17T18:48:05Z,2026-08-17T18:48:05Z,
51.161.37.111,ipv4,botnet,high,WHITE,blocklist.de/bots|blocklist.de/all|ziyadnz/hourly-ipv4,blocklist.de|bot|irc-bot|brute-force|ziyadnz|hourly,2026-08-17T18:48:05Z,2026-08-17T18:48:05Z,
51.161.37.114,ipv4,botnet,high,WHITE,blocklist.de/bots|blocklist.de/all|ziyadnz/hourly-ipv4,blocklist.de|bot|irc-bot|brute-force|ziyadnz|hourly,2026-08-17T18:48:05Z,2026-08-17T18:48:05Z,
51.161.37.115,ipv4,botnet,high,WHITE,blocklist.de/bots|blocklist.de/all|ziyadnz/hourly-ipv4,blocklist.de|bot|irc-bot|brute-force|ziyadnz|hourly,2026-08-17T18:48:05Z,2026-08-17T18:48:05Z,
51.161.37.117,ipv4,botnet,high,WHITE,blocklist.de/bots|blocklist.de/all|ziyadnz/hourly-ipv4,blocklist.de|bot|irc-bot|brute-force|ziyadnz|hourly,2026-08-17T18:48:05Z,2026-08-17T18:48:05Z,
51.161.37.118,ipv4,botnet,high,WHITE,blocklist.de/bots|blocklist.de/all|ziyadnz/hourly-ipv4,blocklist.de|bot|irc-bot|brute-force|ziyadnz|hourly,2026-08-17T18:48:05Z,2026-08-17T18:48:05Z,
51.161.37.121,ipv4,botnet,high,WHITE,blocklist.de/bots|blocklist.de/all|ziyadnz/hourly-ipv4,blocklist.de|bot|irc-bot|brute-force|ziyadnz|hourly,2026-08-17T18:48:05Z,2026-08-17T18:48:05Z,
51.161.37.122,ipv4,botnet,high,WHITE,blocklist.de/bots|blocklist.de/all|ziyadnz/hourly-ipv4,blocklist.de|bot|irc-bot|brute-force|ziyadnz|hourly,2026-08-17T18:48:05Z,2026-08-17T18:48:05Z,
51.161.37.124,ipv4,botnet,high,WHITE,blocklist.de/bots|blocklist.de/all|ziyadnz/hourly-ipv4,blocklist.de|bot|irc-bot|brute-force|ziyadnz|hourly,2026-08-17T18:48:05Z,2026-08-17T18:48:05Z,
51.161.37.125,ipv4,botnet,high,WHITE,blocklist.de/bots|blocklist.de/all|ziyadnz/hourly-ipv4,blocklist.de|bot|irc-bot|brute-force|ziyadnz|hourly,2026-08-17T18:48:05Z,2026-08-17T18:48:05Z,
51.161.37.126,ipv4,botnet,high,WHITE,blocklist.de/bots|blocklist.de/all|ziyadnz/hourly-ipv4,blocklist.de|bot|irc-bot|brute-force|ziyadnz|hourly,2026-08-17T18:48:05Z,2026-08-17T18:48:05Z,
51.161.37.128,ipv4,botnet,high,WHITE,blocklist.de/bots|blocklist.de/all|ziyadnz/hourly-ipv4,blocklist.de|bot|irc-bot|brute-force|ziyadnz|hourly,2026-08-17T18:48:05Z,2026-08-17T18:48:05Z,
51.161.37.131,ipv4,botnet,high,WHITE,blocklist.de/bots|blocklist.de/all|ziyadnz/hourly-ipv4,blocklist.de|bot|irc-bot|brute-force|ziyadnz|hourly,2026-08-17T18:48:05Z,2026-08-17T18:48:05Z,
51.161.37.134,ipv4,botnet,high,WHITE,blocklist.de/bots|blocklist.de/all|ziyadnz/hourly-ipv4,blocklist.de|bot|irc-bot|brute-force|ziyadnz|hourly,2026-08-17T18:48:05Z,2026-08-17T18:48:05Z,
51.161.37.135,ipv4,botnet,high,WHITE,blocklist.de/bots|blocklist.de/all|ziyadnz/hourly-ipv4,blocklist.de|bot|irc-bot|brute-force|ziyadnz|hourly,2026-08-17T18:48:05Z,2026-08-17T18:48:05Z,
51.161.37.136,ipv4,botnet,high,WHITE,blocklist.de/bots|blocklist.de/all|ziyadnz/hourly-ipv4,blocklist.de|bot|irc-bot|brute-force|ziyadnz|hourly,2026-08-17T18:48:05Z,2026-08-17T18:48:05Z,
51.161.37.138,ipv4,botnet,high,WHITE,blocklist.de/bots|blocklist.de/all|ziyadnz/hourly-ipv4,blocklist.de|bot|irc-bot|brute-force|ziyadnz|hourly,2026-08-17T18:48:05Z,2026-08-17T18:48:05Z,
51.161.37.141,ipv4,botnet,high,WHITE,blocklist.de/bots|blocklist.de/all|ziyadnz/hourly-ipv4,blocklist.de|bot|irc-bot|brute-force|ziyadnz|hourly,2026-08-17T18:48:05Z,2026-08-17T18:48:05Z,
51.161.37.142,ipv4,botnet,high,WHITE,blocklist.de/bots|blocklist.de/all|ziyadnz/hourly-ipv4,blocklist.de|bot|irc-bot|brute-force|ziyadnz|hourly,2026-08-17T18:48:05Z,2026-08-17T18:48:05Z,
51.161.37.146,ipv4,botnet,high,WHITE,blocklist.de/bots|blocklist.de/all|ziyadnz/hourly-ipv4,blocklist.de|bot|irc-bot|brute-force|ziyadnz|hourly,2026-08-17T18:48:05Z,2026-08-17T18:48:05Z,
51.161.37.147,ipv4,botnet,high,WHITE,blocklist.de/bots|blocklist.de/all|ziyadnz/hourly-ipv4,blocklist.de|bot|irc-bot|brute-force|ziyadnz|hourly,2026-08-17T18:48:05Z,2026-08-17T18:48:05Z,
51.161.37.148,ipv4,botnet,high,WHITE,blocklist.de/bots|blocklist.de/all|ziyadnz/hourly-ipv4,blocklist.de|bot|irc-bot|brute-force|ziyadnz|hourly,2026-08-17T18:48:05Z,2026-08-17T18:48:05Z,
51.161.37.152,ipv4,botnet,high,WHITE,blocklist.de/bots|blocklist.de/all|ziyadnz/hourly-ipv4,blocklist.de|bot|irc-bot|brute-force|ziyadnz|hourly,2026-08-17T18:48:05Z,2026-08-17T18:48:05Z,
51.161.37.156,ipv4,botnet,high,WHITE,blocklist.de/bots|blocklist.de/all|ziyadnz/hourly-ipv4,blocklist.de|bot|irc-bot|brute-force|ziyadnz|hourly,2026-08-17T18:48:05Z,2026-08-17T18:48:05Z,
51.161.37.160,ipv4,botnet,high,WHITE,blocklist.de/bots|blocklist.de/all|ziyadnz/hourly-ipv4,blocklist.de|bot|irc-bot|brute-force|ziyadnz|hourly,2026-08-17T18:48:05Z,2026-08-17T18:48:05Z,
51.161.37.161,ipv4,botnet,high,WHITE,blocklist.de/bots|blocklist.de/all|ziyadnz/hourly-ipv4,blocklist.de|bot|irc-bot|brute-force|ziyadnz|hourly,2026-08-17T18:48:05Z,2026-08-17T18:48:05Z,
51.161.37.162,ipv4,botnet,high,WHITE,blocklist.de/bots|blocklist.de/all|ziyadnz/hourly-ipv4,blocklist.de|bot|irc-bot|brute-force|ziyadnz|hourly,2026-08-17T18:48:05Z,2026-08-17T18:48:05Z,
51.161.37.164,ipv4,botnet,high,WHITE,blocklist.de/bots|blocklist.de/all|ziyadnz/hourly-ipv4,blocklist.de|bot|irc-bot|brute-force|ziyadnz|hourly,2026-08-17T18:48:05Z,2026-08-17T18:48:05Z,
51.161.37.166,ipv4,botnet,high,WHITE,blocklist.de/bots|blocklist.de/all|ziyadnz/hourly-ipv4,blocklist.de|bot|irc-bot|brute-force|ziyadnz|hourly,2026-08-17T18:48:05Z,2026-08-17T18:48:05Z,
51.161.37.167,ipv4,botnet,high,WHITE,blocklist.de/bots|blocklist.de/all|ziyadnz/hourly-ipv4,blocklist.de|bot|irc-bot|brute-force|ziyadnz|hourly,2026-08-17T18:48:05Z,2026-08-17T18:48:05Z,
51.161.37.168,ipv4,botnet,high,WHITE,blocklist.de/bots|blocklist.de/all|ziyadnz/hourly-ipv4,blocklist.de|bot|irc-bot|brute-force|ziyadnz|hourly,2026-08-17T18:48:05Z,2026-08-17T18:48:05Z,
51.161.37.17,ipv4,botnet,high,WHITE,blocklist.de/bots|blocklist.de/all|ziyadnz/hourly-ipv4,blocklist.de|bot|irc-bot|brute-force|ziyadnz|hourly,2026-08-17T18:48:05Z,2026-08-17T18:48:05Z,
51.161.37.171,ipv4,botnet,high,WHITE,blocklist.de/bots|blocklist.de/all|ziyadnz/hourly-ipv4,blocklist.de|bot|irc-bot|brute-force|ziyadnz|hourly,2026-08-17T18:48:05Z,2026-08-17T18:48:05Z,
51.161.37.172,ipv4,botnet,high,WHITE,blocklist.de/bots|blocklist.de/all|ziyadnz/hourly-ipv4,blocklist.de|bot|irc-bot|brute-force|ziyadnz|hourly,2026-08-17T18:48:05Z,2026-08-17T18:48:05Z,
51.161.37.173,ipv4,botnet,high,WHITE,blocklist.de/bots|blocklist.de/all|ziyadnz/hourly-ipv4,blocklist.de|bot|irc-bot|brute-force|ziyadnz|hourly,2026-08-17T18:48:05Z,2026-08-17T18:48:05Z,
51.161.37.178,ipv4,botnet,high,WHITE,blocklist.de/bots|blocklist.de/all|ziyadnz/hourly-ipv4,blocklist.de|bot|irc-bot|brute-force|ziyadnz|hourly,2026-08-17T18:48:05Z,2026-08-17T18:48:05Z,
51.161.37.179,ipv4,botnet,high,WHITE,blocklist.de/bots|blocklist.de/all|ziyadnz/hourly-ipv4,blocklist.de|bot|irc-bot|brute-force|ziyadnz|hourly,2026-08-17T18:48:05Z,2026-08-17T18:48:05Z,
51.161.37.181,ipv4,botnet,high,WHITE,blocklist.de/bots|blocklist.de/all|ziyadnz/hourly-ipv4,blocklist.de|bot|irc-bot|brute-force|ziyadnz|hourly,2026-08-17T18:48:05Z,2026-08-17T18:48:05Z,
51.161.37.183,ipv4,botnet,high,WHITE,blocklist.de/bots|blocklist.de/all|ziyadnz/hourly-ipv4,blocklist.de|bot|irc-bot|brute-force|ziyadnz|hourly,2026-08-17T18:48:05Z,2026-08-17T18:48:05Z,
51.161.37.184,ipv4,botnet,high,WHITE,blocklist.de/bots|blocklist.de/all|ziyadnz/hourly-ipv4,blocklist.de|bot|irc-bot|brute-force|ziyadnz|hourly,2026-08-17T18:48:05Z,2026-08-17T18:48:05Z,
51.161.37.190,ipv4,botnet,high,WHITE,blocklist.de/bots|blocklist.de/all|ziyadnz/hourly-ipv4,blocklist.de|bot|irc-bot|brute-force|ziyadnz|hourly,2026-08-17T18:48:05Z,2026-08-17T18:48:05Z,
51.161.37.191,ipv4,botnet,high,WHITE,blocklist.de/bots|blocklist.de/all|ziyadnz/hourly-ipv4,blocklist.de|bot|irc-bot|brute-force|ziyadnz|hourly,2026-08-17T18:48:05Z,2026-08-17T18:48:05Z,
51.161.37.193,ipv4,botnet,high,WHITE,blocklist.de/bots|blocklist.de/all|ziyadnz/hourly-ipv4,blocklist.de|bot|irc-bot|brute-force|ziyadnz|hourly,2026-08-17T18:48:05Z,2026-08-17T18:48:05Z,
51.161.37.196,ipv4,botnet,high,WHITE,blocklist.de/bots|blocklist.de/all|ziyadnz/hourly-ipv4,blocklist.de|bot|irc-bot|brute-force|ziyadnz|hourly,2026-08-17T18:48:05Z,2026-08-17T18:48:05Z,
51.161.37.2,ipv4,botnet,high,WHITE,blocklist.de/bots|blocklist.de/all|ziyadnz/hourly-ipv4,blocklist.de|bot|irc-bot|brute-force|ziyadnz|hourly,2026-08-17T18:48:05Z,2026-08-17T18:48:05Z,
51.161.37.20,ipv4,botnet,high,WHITE,blocklist.de/bots|blocklist.de/all|ziyadnz/hourly-ipv4,blocklist.de|bot|irc-bot|brute-force|ziyadnz|hourly,2026-08-17T18:48:05Z,2026-08-17T18:48:05Z,
51.161.37.201,ipv4,botnet,high,WHITE,blocklist.de/bots|blocklist.de/all|ziyadnz/hourly-ipv4,blocklist.de|bot|irc-bot|brute-force|ziyadnz|hourly,2026-08-17T18:48:05Z,2026-08-17T18:48:05Z,
51.161.37.202,ipv4,botnet,high,WHITE,blocklist.de/bots|blocklist.de/all|ziyadnz/hourly-ipv4,blocklist.de|bot|irc-bot|brute-force|ziyadnz|hourly,2026-08-17T18:48:05Z,2026-08-17T18:48:05Z,
51.161.37.203,ipv4,botnet,high,WHITE,blocklist.de/bots|blocklist.de/all|ziyadnz/hourly-ipv4,blocklist.de|bot|irc-bot|brute-force|ziyadnz|hourly,2026-08-17T18:48:05Z,2026-08-17T18:48:05Z,
51.161.37.206,ipv4,botnet,high,WHITE,blocklist.de/bots|blocklist.de/all|ziyadnz/hourly-ipv4,blocklist.de|bot|irc-bot|brute-force|ziyadnz|hourly,2026-08-17T18:48:05Z,2026-08-17T18:48:05Z,
51.161.37.208,ipv4,botnet,high,WHITE,blocklist.de/bots|blocklist.de/all|ziyadnz/hourly-ipv4,blocklist.de|bot|irc-bot|brute-force|ziyadnz|hourly,2026-08-17T18:48:05Z,2026-08-17T18:48:05Z,
51.161.37.211,ipv4,botnet,high,WHITE,blocklist.de/bots|blocklist.de/all|ziyadnz/hourly-ipv4,blocklist.de|bot|irc-bot|brute-force|ziyadnz|hourly,2026-08-17T18:48:05Z,2026-08-17T18:48:05Z,
51.161.37.213,ipv4,botnet,high,WHITE,blocklist.de/bots|blocklist.de/all|ziyadnz/hourly-ipv4,blocklist.de|bot|irc-bot|brute-force|ziyadnz|hourly,2026-08-17T18:48:05Z,2026-08-17T18:48:05Z,
51.161.37.214,ipv4,botnet,high,WHITE,blocklist.de/bots|blocklist.de/all|ziyadnz/hourly-ipv4,blocklist.de|bot|irc-bot|brute-force|ziyadnz|hourly,2026-08-17T18:48:05Z,2026-08-17T18:48:05Z,
51.161.37.215,ipv4,botnet,high,WHITE,blocklist.de/bots|blocklist.de/all|ziyadnz/hourly-ipv4,blocklist.de|bot|irc-bot|brute-force|ziyadnz|hourly,2026-08-17T18:48:05Z,2026-08-17T18:48:05Z,
51.161.37.218,ipv4,botnet,high,WHITE,blocklist.de/bots|blocklist.de/all|ziyadnz/hourly-ipv4,blocklist.de|bot|irc-bot|brute-force|ziyadnz|hourly,2026-08-17T18:48:05Z,2026-08-17T18:48:05Z,
51.161.37.222,ipv4,botnet,high,WHITE,blocklist.de/bots|blocklist.de/all|ziyadnz/hourly-ipv4,blocklist.de|bot|irc-bot|brute-force|ziyadnz|hourly,2026-08-17T18:48:05Z,2026-08-17T18:48:05Z,
51.161.37.224,ipv4,botnet,high,WHITE,blocklist.de/bots|blocklist.de/all|ziyadnz/hourly-ipv4,blocklist.de|bot|irc-bot|brute-force|ziyadnz|hourly,2026-08-17T18:48:05Z,2026-08-17T18:48:05Z,
51.161.37.23,ipv4,botnet,high,WHITE,blocklist.de/bots|blocklist.de/all|ziyadnz/hourly-ipv4,blocklist.de|bot|irc-bot|brute-force|ziyadnz|hourly,2026-08-17T18:48:05Z,2026-08-17T18:48:05Z,
51.161.37.230,ipv4,botnet,high,WHITE,blocklist.de/bots|blocklist.de/all|ziyadnz/hourly-ipv4,blocklist.de|bot|irc-bot|brute-force|ziyadnz|hourly,2026-08-17T18:48:05Z,2026-08-17T18:48:05Z,
51.161.37.231,ipv4,botnet,high,WHITE,blocklist.de/bots|blocklist.de/all|ziyadnz/hourly-ipv4,blocklist.de|bot|irc-bot|brute-force|ziyadnz|hourly,2026-08-17T18:48:05Z,2026-08-17T18:48:05Z,
51.161.37.234,ipv4,botnet,high,WHITE,blocklist.de/bots|blocklist.de/all|ziyadnz/hourly-ipv4,blocklist.de|bot|irc-bot|brute-force|ziyadnz|hourly,2026-08-17T18:48:05Z,2026-08-17T18:48:05Z,
51.161.37.235,ipv4,botnet,high,WHITE,blocklist.de/bots|blocklist.de/all|ziyadnz/hourly-ipv4,blocklist.de|bot|irc-bot|brute-force|ziyadnz|hourly,2026-08-17T18:48:05Z,2026-08-17T18:48:05Z,
51.161.37.237,ipv4,botnet,high,WHITE,blocklist.de/bots|blocklist.de/all|ziyadnz/hourly-ipv4,blocklist.de|bot|irc-bot|brute-force|ziyadnz|hourly,2026-08-17T18:48:05Z,2026-08-17T18:48:05Z,
51.161.37.240,ipv4,botnet,high,WHITE,blocklist.de/bots|blocklist.de/all|ziyadnz/hourly-ipv4,blocklist.de|bot|irc-bot|brute-force|ziyadnz|hourly,2026-08-17T18:48:05Z,2026-08-17T18:48:05Z,
51.161.37.242,ipv4,botnet,high,WHITE,blocklist.de/bots|blocklist.de/all|ziyadnz/hourly-ipv4,blocklist.de|bot|irc-bot|brute-force|ziyadnz|hourly,2026-08-17T18:48:05Z,2026-08-17T18:48:05Z,
51.161.37.243,ipv4,botnet,high,WHITE,blocklist.de/bots|blocklist.de/all|ziyadnz/hourly-ipv4,blocklist.de|bot|irc-bot|brute-force|ziyadnz|hourly,2026-08-17T18:48:05Z,2026-08-17T18:48:05Z,
51.161.37.245,ipv4,botnet,high,WHITE,blocklist.de/bots|blocklist.de/all|ziyadnz/hourly-ipv4,blocklist.de|bot|irc-bot|brute-force|ziyadnz|hourly,2026-08-17T18:48:05Z,2026-08-17T18:48:05Z,
51.161.37.246,ipv4,botnet,high,WHITE,blocklist.de/bots|blocklist.de/all|ziyadnz/hourly-ipv4,blocklist.de|bot|irc-bot|brute-force|ziyadnz|hourly,2026-08-17T18:48:05Z,2026-08-17T18:48:05Z,
51.161.37.247,ipv4,botnet,high,WHITE,blocklist.de/bots|blocklist.de/all|ziyadnz/hourly-ipv4,blocklist.de|bot|irc-bot|brute-force|ziyadnz|hourly,2026-08-17T18:48:05Z,2026-08-17T18:48:05Z,
51.161.37.248,ipv4,botnet,high,WHITE,blocklist.de/bots|blocklist.de/all|ziyadnz/hourly-ipv4,blocklist.de|bot|irc-bot|brute-force|ziyadnz|hourly,2026-08-17T18:48:05Z,2026-08-17T18:48:05Z,
51.161.37.249,ipv4,botnet,high,WHITE,blocklist.de/bots|blocklist.de/all|ziyadnz/hourly-ipv4,blocklist.de|bot|irc-bot|brute-force|ziyadnz|hourly,2026-08-17T18:48:05Z,2026-08-17T18:48:05Z,
51.161.37.252,ipv4,botnet,high,WHITE,blocklist.de/bots|blocklist.de/all|ziyadnz/hourly-ipv4,blocklist.de|bot|irc-bot|brute-force|ziyadnz|hourly,2026-08-17T18:48:05Z,2026-08-17T18:48:05Z,
51.161.37.253,ipv4,botnet,high,WHITE,blocklist.de/bots|blocklist.de/all|ziyadnz/hourly-ipv4,blocklist.de|bot|irc-bot|brute-force|ziyadnz|hourly,2026-08-17T18:48:05Z,2026-08-17T18:48:05Z,
51.161.37.254,ipv4,botnet,high,WHITE,blocklist.de/bots|blocklist.de/all|ziyadnz/hourly-ipv4,blocklist.de|bot|irc-bot|brute-force|ziyadnz|hourly,2026-08-17T18:48:05Z,2026-08-17T18:48:05Z,
51.161.37.27,ipv4,botnet,high,WHITE,blocklist.de/bots|blocklist.de/all|ziyadnz/hourly-ipv4,blocklist.de|bot|irc-bot|brute-force|ziyadnz|hourly,2026-08-17T18:48:05Z,2026-08-17T18:48:05Z,
51.161.37.28,ipv4,botnet,high,WHITE,blocklist.de/bots|blocklist.de/all|ziyadnz/hourly-ipv4,blocklist.de|bot|irc-bot|brute-force|ziyadnz|hourly,2026-08-17T18:48:05Z,2026-08-17T18:48:05Z,
51.161.37.29,ipv4,botnet,high,WHITE,blocklist.de/bots|blocklist.de/all|ziyadnz/hourly-ipv4,blocklist.de|bot|irc-bot|brute-force|ziyadnz|hourly,2026-08-17T18:48:05Z,2026-08-17T18:48:05Z,
51.161.37.33,ipv4,botnet,high,WHITE,blocklist.de/bots|blocklist.de/all|ziyadnz/hourly-ipv4,blocklist.de|bot|irc-bot|brute-force|ziyadnz|hourly,2026-08-17T18:48:05Z,2026-08-17T18:48:05Z,
51.161.37.36,ipv4,botnet,high,WHITE,blocklist.de/bots|blocklist.de/all|ziyadnz/hourly-ipv4,blocklist.de|bot|irc-bot|brute-force|ziyadnz|hourly,2026-08-17T18:48:05Z,2026-08-17T18:48:05Z,
51.161.37.37,ipv4,botnet,high,WHITE,blocklist.de/bots|blocklist.de/all|ziyadnz/hourly-ipv4,blocklist.de|bot|irc-bot|brute-force|ziyadnz|hourly,2026-08-17T18:48:05Z,2026-08-17T18:48:05Z,
51.161.37.40,ipv4,botnet,high,WHITE,blocklist.de/bots|blocklist.de/all|ziyadnz/hourly-ipv4,blocklist.de|bot|irc-bot|brute-force|ziyadnz|hourly,2026-08-17T18:48:05Z,2026-08-17T18:48:05Z,
51.161.37.43,ipv4,botnet,high,WHITE,blocklist.de/bots|blocklist.de/all|ziyadnz/hourly-ipv4,blocklist.de|bot|irc-bot|brute-force|ziyadnz|hourly,2026-08-17T18:48:05Z,2026-08-17T18:48:05Z,
51.161.37.44,ipv4,botnet,high,WHITE,blocklist.de/bots|blocklist.de/all|ziyadnz/hourly-ipv4,blocklist.de|bot|irc-bot|brute-force|ziyadnz|hourly,2026-08-17T18:48:05Z,2026-08-17T18:48:05Z,
51.161.37.49,ipv4,botnet,high,WHITE,blocklist.de/bots|blocklist.de/all|ziyadnz/hourly-ipv4,blocklist.de|bot|irc-bot|brute-force|ziyadnz|hourly,2026-08-17T18:48:05Z,2026-08-17T18:48:05Z,
51.161.37.52,ipv4,botnet,high,WHITE,blocklist.de/bots|blocklist.de/all|ziyadnz/hourly-ipv4,blocklist.de|bot|irc-bot|brute-force|ziyadnz|hourly,2026-08-17T18:48:05Z,2026-08-17T18:48:05Z,
51.161.37.55,ipv4,botnet,high,WHITE,blocklist.de/bots|blocklist.de/all|ziyadnz/hourly-ipv4,blocklist.de|bot|irc-bot|brute-force|ziyadnz|hourly,2026-08-17T18:48:05Z,2026-08-17T18:48:05Z,
51.161.37.56,ipv4,botnet,high,WHITE,blocklist.de/bots|blocklist.de/all|ziyadnz/hourly-ipv4,blocklist.de|bot|irc-bot|brute-force|ziyadnz|hourly,2026-08-17T18:48:05Z,2026-08-17T18:48:05Z,
51.161.37.57,ipv4,botnet,high,WHITE,blocklist.de/bots|blocklist.de/all|ziyadnz/hourly-ipv4,blocklist.de|bot|irc-bot|brute-force|ziyadnz|hourly,2026-08-17T18:48:05Z,2026-08-17T18:48:05Z,
51.161.37.59,ipv4,botnet,high,WHITE,blocklist.de/bots|blocklist.de/all|ziyadnz/hourly-ipv4,blocklist.de|bot|irc-bot|brute-force|ziyadnz|hourly,2026-08-17T18:48:05Z,2026-08-17T18:48:05Z,
51.161.37.62,ipv4,botnet,high,WHITE,blocklist.de/bots|blocklist.de/all|ziyadnz/hourly-ipv4,blocklist.de|bot|irc-bot|brute-force|ziyadnz|hourly,2026-08-17T18:48:05Z,2026-08-17T18:48:05Z,
51.161.37.66,ipv4,botnet,high,WHITE,blocklist.de/bots|blocklist.de/all|ziyadnz/hourly-ipv4,blocklist.de|bot|irc-bot|brute-force|ziyadnz|hourly,2026-08-17T18:48:05Z,2026-08-17T18:48:05Z,
51.161.37.72,ipv4,botnet,high,WHITE,blocklist.de/bots|blocklist.de/all|ziyadnz/hourly-ipv4,blocklist.de|bot|irc-bot|brute-force|ziyadnz|hourly,2026-08-17T18:48:05Z,2026-08-17T18:48:05Z,
51.161.37.74,ipv4,botnet,high,WHITE,blocklist.de/bots|blocklist.de/all|ziyadnz/hourly-ipv4,blocklist.de|bot|irc-bot|brute-force|ziyadnz|hourly,2026-08-17T18:48:05Z,2026-08-17T18:48:05Z,
51.161.37.76,ipv4,botnet,high,WHITE,blocklist.de/bots|blocklist.de/all|ziyadnz/hourly-ipv4,blocklist.de|bot|irc-bot|brute-force|ziyadnz|hourly,2026-08-17T18:48:05Z,2026-08-17T18:48:05Z,
51.161.37.77,ipv4,botnet,high,WHITE,blocklist.de/bots|blocklist.de/all|ziyadnz/hourly-ipv4,blocklist.de|bot|irc-bot|brute-force|ziyadnz|hourly,2026-08-17T18:48:05Z,2026-08-17T18:48:05Z,
51.161.37.78,ipv4,botnet,high,WHITE,blocklist.de/bots|blocklist.de/all|ziyadnz/hourly-ipv4,blocklist.de|bot|irc-bot|brute-force|ziyadnz|hourly,2026-08-17T18:48:05Z,2026-08-17T18:48:05Z,
51.161.37.79,ipv4,botnet,high,WHITE,blocklist.de/bots|blocklist.de/all|ziyadnz/hourly-ipv4,blocklist.de|bot|irc-bot|brute-force|ziyadnz|hourly,2026-08-17T18:48:05Z,2026-08-17T18:48:05Z,
51.161.37.8,ipv4,botnet,high,WHITE,blocklist.de/bots|blocklist.de/all|ziyadnz/hourly-ipv4,blocklist.de|bot|irc-bot|brute-force|ziyadnz|hourly,2026-08-17T18:48:05Z,2026-08-17T18:48:05Z,
51.161.37.80,ipv4,botnet,high,WHITE,blocklist.de/bots|blocklist.de/all|ziyadnz/hourly-ipv4,blocklist.de|bot|irc-bot|brute-force|ziyadnz|hourly,2026-08-17T18:48:05Z,2026-08-17T18:48:05Z,
51.161.37.81,ipv4,botnet,high,WHITE,blocklist.de/bots|blocklist.de/all|ziyadnz/hourly-ipv4,blocklist.de|bot|irc-bot|brute-force|ziyadnz|hourly,2026-08-17T18:48:05Z,2026-08-17T18:48:05Z,
51.161.37.82,ipv4,botnet,high,WHITE,blocklist.de/bots|blocklist.de/all|ziyadnz/hourly-ipv4,blocklist.de|bot|irc-bot|brute-force|ziyadnz|hourly,2026-08-17T18:48:05Z,2026-08-17T18:48:05Z,
51.161.37.83,ipv4,botnet,high,WHITE,blocklist.de/bots|blocklist.de/all|ziyadnz/hourly-ipv4,blocklist.de|bot|irc-bot|brute-force|ziyadnz|hourly,2026-08-17T18:48:05Z,2026-08-17T18:48:05Z,
51.161.37.85,ipv4,botnet,high,WHITE,blocklist.de/bots|blocklist.de/all|ziyadnz/hourly-ipv4,blocklist.de|bot|irc-bot|brute-force|ziyadnz|hourly,2026-08-17T18:48:05Z,2026-08-17T18:48:05Z,
51.161.37.89,ipv4,botnet,high,WHITE,blocklist.de/bots|blocklist.de/all|ziyadnz/hourly-ipv4,blocklist.de|bot|irc-bot|brute-force|ziyadnz|hourly,2026-08-17T18:48:05Z,2026-08-17T18:48:05Z,
51.161.37.9,ipv4,botnet,high,WHITE,blocklist.de/bots|blocklist.de/all|ziyadnz/hourly-ipv4,blocklist.de|bot|irc-bot|brute-force|ziyadnz|hourly,2026-08-17T18:48:05Z,2026-08-17T18:48:05Z,
51.161.37.91,ipv4,botnet,high,WHITE,blocklist.de/bots|blocklist.de/all|ziyadnz/hourly-ipv4,blocklist.de|bot|irc-bot|brute-force|ziyadnz|hourly,2026-08-17T18:48:05Z,2026-08-17T18:48:05Z,
51.161.37.93,ipv4,botnet,high,WHITE,blocklist.de/bots|blocklist.de/all|ziyadnz/hourly-ipv4,blocklist.de|bot|irc-bot|brute-force|ziyadnz|hourly,2026-08-17T18:48:05Z,2026-08-17T18:48:05Z,
51.161.37.95,ipv4,botnet,high,WHITE,blocklist.de/bots|blocklist.de/all|ziyadnz/hourly-ipv4,blocklist.de|bot|irc-bot|brute-force|ziyadnz|hourly,2026-08-17T18:48:05Z,2026-08-17T18:48:05Z,
51.161.37.96,ipv4,botnet,high,WHITE,blocklist.de/bots|blocklist.de/all|ziyadnz/hourly-ipv4,blocklist.de|bot|irc-bot|brute-force|ziyadnz|hourly,2026-08-17T18:48:05Z,2026-08-17T18:48:05Z,
51.161.37.98,ipv4,botnet,high,WHITE,blocklist.de/bots|blocklist.de/all|ziyadnz/hourly-ipv4,blocklist.de|bot|irc-bot|brute-force|ziyadnz|hourly,2026-08-17T18:48:05Z,2026-08-17T18:48:05Z,
51.161.65.0,ipv4,botnet,high,WHITE,blocklist.de/bots|blocklist.de/all|ziyadnz/hourly-ipv4,blocklist.de|bot|irc-bot|brute-force|ziyadnz|hourly,2026-08-17T18:48:05Z,2026-08-17T18:48:05Z,
51.161.65.10,ipv4,botnet,high,WHITE,blocklist.de/bots|blocklist.de/all|ziyadnz/hourly-ipv4,blocklist.de|bot|irc-bot|brute-force|ziyadnz|hourly,2026-08-17T18:48:05Z,2026-08-17T18:48:05Z,
51.161.65.100,ipv4,botnet,high,WHITE,blocklist.de/bots|blocklist.de/all|ziyadnz/hourly-ipv4,blocklist.de|bot|irc-bot|brute-force|ziyadnz|hourly,2026-08-17T18:48:05Z,2026-08-17T18:48:05Z,
51.161.65.101,ipv4,botnet,high,WHITE,blocklist.de/bots|blocklist.de/all|ziyadnz/hourly-ipv4,blocklist.de|bot|irc-bot|brute-force|ziyadnz|hourly,2026-08-17T18:48:05Z,2026-08-17T18:48:05Z,
51.161.65.107,ipv4,botnet,high,WHITE,blocklist.de/bots|blocklist.de/all|ziyadnz/hourly-ipv4,blocklist.de|bot|irc-bot|brute-force|ziyadnz|hourly,2026-08-17T18:48:05Z,2026-08-17T18:48:05Z,
51.161.65.109,ipv4,botnet,high,WHITE,blocklist.de/bots|blocklist.de/all|ziyadnz/hourly-ipv4,blocklist.de|bot|irc-bot|brute-force|ziyadnz|hourly,2026-08-17T18:48:05Z,2026-08-17T18:48:05Z,
51.161.65.110,ipv4,botnet,high,WHITE,blocklist.de/bots|blocklist.de/all|ziyadnz/hourly-ipv4,blocklist.de|bot|irc-bot|brute-force|ziyadnz|hourly,2026-08-17T18:48:05Z,2026-08-17T18:48:05Z,
51.161.65.111,ipv4,botnet,high,WHITE,blocklist.de/bots|blocklist.de/all|ziyadnz/hourly-ipv4,blocklist.de|bot|irc-bot|brute-force|ziyadnz|hourly,2026-08-17T18:48:05Z,2026-08-17T18:48:05Z,
51.161.65.118,ipv4,botnet,high,WHITE,blocklist.de/bots|blocklist.de/all|ziyadnz/hourly-ipv4,blocklist.de|bot|irc-bot|brute-force|ziyadnz|hourly,2026-08-17T18:48:05Z,2026-08-17T18:48:05Z,
51.161.65.121,ipv4,botnet,high,WHITE,blocklist.de/bots|blocklist.de/all|ziyadnz/hourly-ipv4,blocklist.de|bot|irc-bot|brute-force|ziyadnz|hourly,2026-08-17T18:48:05Z,2026-08-17T18:48:05Z,
51.161.65.122,ipv4,botnet,high,WHITE,blocklist.de/bots|blocklist.de/all|ziyadnz/hourly-ipv4,blocklist.de|bot|irc-bot|brute-force|ziyadnz|hourly,2026-08-17T18:48:05Z,2026-08-17T18:48:05Z,
51.161.65.123,ipv4,botnet,high,WHITE,blocklist.de/bots|blocklist.de/all|ziyadnz/hourly-ipv4,blocklist.de|bot|irc-bot|brute-force|ziyadnz|hourly,2026-08-17T18:48:05Z,2026-08-17T18:48:05Z,
51.161.65.124,ipv4,botnet,high,WHITE,blocklist.de/bots|blocklist.de/all|ziyadnz/hourly-ipv4,blocklist.de|bot|irc-bot|brute-force|ziyadnz|hourly,2026-08-17T18:48:05Z,2026-08-17T18:48:05Z,
51.161.65.128,ipv4,botnet,high,WHITE,blocklist.de/bots|blocklist.de/all|ziyadnz/hourly-ipv4,blocklist.de|bot|irc-bot|brute-force|ziyadnz|hourly,2026-08-17T18:48:05Z,2026-08-17T18:48:05Z,
51.161.65.130,ipv4,botnet,high,WHITE,blocklist.de/bots|blocklist.de/all|ziyadnz/hourly-ipv4,blocklist.de|bot|irc-bot|brute-force|ziyadnz|hourly,2026-08-17T18:48:05Z,2026-08-17T18:48:05Z,
51.161.65.131,ipv4,botnet,high,WHITE,blocklist.de/bots|blocklist.de/all|ziyadnz/hourly-ipv4,blocklist.de|bot|irc-bot|brute-force|ziyadnz|hourly,2026-08-17T18:48:05Z,2026-08-17T18:48:05Z,
51.161.65.132,ipv4,botnet,high,WHITE,blocklist.de/bots|blocklist.de/all|ziyadnz/hourly-ipv4,blocklist.de|bot|irc-bot|brute-force|ziyadnz|hourly,2026-08-17T18:48:05Z,2026-08-17T18:48:05Z,
51.161.65.133,ipv4,botnet,high,WHITE,blocklist.de/bots|blocklist.de/all|ziyadnz/hourly-ipv4,blocklist.de|bot|irc-bot|brute-force|ziyadnz|hourly,2026-08-17T18:48:05Z,2026-08-17T18:48:05Z,
51.161.65.134,ipv4,botnet,high,WHITE,blocklist.de/bots|blocklist.de/all|ziyadnz/hourly-ipv4,blocklist.de|bot|irc-bot|brute-force|ziyadnz|hourly,2026-08-17T18:48:05Z,2026-08-17T18:48:05Z,
51.161.65.135,ipv4,botnet,high,WHITE,blocklist.de/bots|blocklist.de/all|ziyadnz/hourly-ipv4,blocklist.de|bot|irc-bot|brute-force|ziyadnz|hourly,2026-08-17T18:48:05Z,2026-08-17T18:48:05Z,
51.161.65.136,ipv4,botnet,high,WHITE,blocklist.de/bots|blocklist.de/all|ziyadnz/hourly-ipv4,blocklist.de|bot|irc-bot|brute-force|ziyadnz|hourly,2026-08-17T18:48:05Z,2026-08-17T18:48:05Z,
51.161.65.141,ipv4,botnet,high,WHITE,blocklist.de/bots|blocklist.de/all|ziyadnz/hourly-ipv4,blocklist.de|bot|irc-bot|brute-force|ziyadnz|hourly,2026-08-17T18:48:05Z,2026-08-17T18:48:05Z,
51.161.65.142,ipv4,botnet,high,WHITE,blocklist.de/bots|blocklist.de/all|ziyadnz/hourly-ipv4,blocklist.de|bot|irc-bot|brute-force|ziyadnz|hourly,2026-08-17T18:48:05Z,2026-08-17T18:48:05Z,
51.161.65.146,ipv4,botnet,high,WHITE,blocklist.de/bots|blocklist.de/all|ziyadnz/hourly-ipv4,blocklist.de|bot|irc-bot|brute-force|ziyadnz|hourly,2026-08-17T18:48:05Z,2026-08-17T18:48:05Z,
51.161.65.147,ipv4,botnet,high,WHITE,blocklist.de/bots|blocklist.de/all|ziyadnz/hourly-ipv4,blocklist.de|bot|irc-bot|brute-force|ziyadnz|hourly,2026-08-17T18:48:05Z,2026-08-17T18:48:05Z,
51.161.65.148,ipv4,botnet,high,WHITE,blocklist.de/bots|blocklist.de/all|ziyadnz/hourly-ipv4,blocklist.de|bot|irc-bot|brute-force|ziyadnz|hourly,2026-08-17T18:48:05Z,2026-08-17T18:48:05Z,
51.161.65.149,ipv4,botnet,high,WHITE,blocklist.de/bots|blocklist.de/all|ziyadnz/hourly-ipv4,blocklist.de|bot|irc-bot|brute-force|ziyadnz|hourly,2026-08-17T18:48:05Z,2026-08-17T18:48:05Z,
51.161.65.15,ipv4,botnet,high,WHITE,blocklist.de/bots|blocklist.de/all|ziyadnz/hourly-ipv4,blocklist.de|bot|irc-bot|brute-force|ziyadnz|hourly,2026-08-17T18:48:05Z,2026-08-17T18:48:05Z,
51.161.65.150,ipv4,botnet,high,WHITE,blocklist.de/bots|blocklist.de/all|ziyadnz/hourly-ipv4,blocklist.de|bot|irc-bot|brute-force|ziyadnz|hourly,2026-08-17T18:48:05Z,2026-08-17T18:48:05Z,
51.161.65.152,ipv4,botnet,high,WHITE,blocklist.de/bots|blocklist.de/all|ziyadnz/hourly-ipv4,blocklist.de|bot|irc-bot|brute-force|ziyadnz|hourly,2026-08-17T18:48:05Z,2026-08-17T18:48:05Z,
51.161.65.153,ipv4,botnet,high,WHITE,blocklist.de/bots|blocklist.de/all|ziyadnz/hourly-ipv4,blocklist.de|bot|irc-bot|brute-force|ziyadnz|hourly,2026-08-17T18:48:05Z,2026-08-17T18:48:05Z,
51.161.65.154,ipv4,botnet,high,WHITE,blocklist.de/bots|blocklist.de/all|ziyadnz/hourly-ipv4,blocklist.de|bot|irc-bot|brute-force|ziyadnz|hourly,2026-08-17T18:48:05Z,2026-08-17T18:48:05Z,
51.161.65.155,ipv4,botnet,high,WHITE,blocklist.de/bots|blocklist.de/all|ziyadnz/hourly-ipv4,blocklist.de|bot|irc-bot|brute-force|ziyadnz|hourly,2026-08-17T18:48:05Z,2026-08-17T18:48:05Z,
51.161.65.156,ipv4,botnet,high,WHITE,blocklist.de/bots|blocklist.de/all|ziyadnz/hourly-ipv4,blocklist.de|bot|irc-bot|brute-force|ziyadnz|hourly,2026-08-17T18:48:05Z,2026-08-17T18:48:05Z,
51.161.65.159,ipv4,botnet,high,WHITE,blocklist.de/bots|blocklist.de/all|ziyadnz/hourly-ipv4,blocklist.de|bot|irc-bot|brute-force|ziyadnz|hourly,2026-08-17T18:48:05Z,2026-08-17T18:48:05Z,
51.161.65.167,ipv4,botnet,high,WHITE,blocklist.de/bots|blocklist.de/all|ziyadnz/hourly-ipv4,blocklist.de|bot|irc-bot|brute-force|ziyadnz|hourly,2026-08-17T18:48:05Z,2026-08-17T18:48:05Z,
51.161.65.17,ipv4,botnet,high,WHITE,blocklist.de/bots|blocklist.de/all|ziyadnz/hourly-ipv4,blocklist.de|bot|irc-bot|brute-force|ziyadnz|hourly,2026-08-17T18:48:05Z,2026-08-17T18:48:05Z,
51.161.65.170,ipv4,botnet,high,WHITE,blocklist.de/bots|blocklist.de/all|ziyadnz/hourly-ipv4,blocklist.de|bot|irc-bot|brute-force|ziyadnz|hourly,2026-08-17T18:48:05Z,2026-08-17T18:48:05Z,
51.161.65.171,ipv4,botnet,high,WHITE,blocklist.de/bots|blocklist.de/all|ziyadnz/hourly-ipv4,blocklist.de|bot|irc-bot|brute-force|ziyadnz|hourly,2026-08-17T18:48:05Z,2026-08-17T18:48:05Z,
51.161.65.177,ipv4,botnet,high,WHITE,blocklist.de/bots|blocklist.de/all|ziyadnz/hourly-ipv4,blocklist.de|bot|irc-bot|brute-force|ziyadnz|hourly,2026-08-17T18:48:05Z,2026-08-17T18:48:05Z,
51.161.65.178,ipv4,botnet,high,WHITE,blocklist.de/bots|blocklist.de/all|ziyadnz/hourly-ipv4,blocklist.de|bot|irc-bot|brute-force|ziyadnz|hourly,2026-08-17T18:48:05Z,2026-08-17T18:48:05Z,
51.161.65.181,ipv4,botnet,high,WHITE,blocklist.de/bots|blocklist.de/all|ziyadnz/hourly-ipv4,blocklist.de|bot|irc-bot|brute-force|ziyadnz|hourly,2026-08-17T18:48:05Z,2026-08-17T18:48:05Z,
51.161.65.182,ipv4,botnet,high,WHITE,blocklist.de/bots|blocklist.de/all|ziyadnz/hourly-ipv4,blocklist.de|bot|irc-bot|brute-force|ziyadnz|hourly,2026-08-17T18:48:05Z,2026-08-17T18:48:05Z,
51.161.65.184,ipv4,botnet,high,WHITE,blocklist.de/bots|blocklist.de/all|ziyadnz/hourly-ipv4,blocklist.de|bot|irc-bot|brute-force|ziyadnz|hourly,2026-08-17T18:48:05Z,2026-08-17T18:48:05Z,
51.161.65.188,ipv4,botnet,high,WHITE,blocklist.de/bots|blocklist.de/all|ziyadnz/hourly-ipv4,blocklist.de|bot|irc-bot|brute-force|ziyadnz|hourly,2026-08-17T18:48:05Z,2026-08-17T18:48:05Z,
51.161.65.19,ipv4,botnet,high,WHITE,blocklist.de/bots|blocklist.de/all|ziyadnz/hourly-ipv4,blocklist.de|bot|irc-bot|brute-force|ziyadnz|hourly,2026-08-17T18:48:05Z,2026-08-17T18:48:05Z,
51.161.65.192,ipv4,botnet,high,WHITE,blocklist.de/bots|blocklist.de/all|ziyadnz/hourly-ipv4,blocklist.de|bot|irc-bot|brute-force|ziyadnz|hourly,2026-08-17T18:48:05Z,2026-08-17T18:48:05Z,
51.161.65.194,ipv4,botnet,high,WHITE,blocklist.de/bots|blocklist.de/all|ziyadnz/hourly-ipv4,blocklist.de|bot|irc-bot|brute-force|ziyadnz|hourly,2026-08-17T18:48:05Z,2026-08-17T18:48:05Z,
51.161.65.195,ipv4,botnet,high,WHITE,blocklist.de/bots|blocklist.de/all|ziyadnz/hourly-ipv4,blocklist.de|bot|irc-bot|brute-force|ziyadnz|hourly,2026-08-17T18:48:05Z,2026-08-17T18:48:05Z,
51.161.65.199,ipv4,botnet,high,WHITE,blocklist.de/bots|blocklist.de/all|ziyadnz/hourly-ipv4,blocklist.de|bot|irc-bot|brute-force|ziyadnz|hourly,2026-08-17T18:48:05Z,2026-08-17T18:48:05Z,
51.161.65.2,ipv4,botnet,high,WHITE,blocklist.de/bots|blocklist.de/all|ziyadnz/hourly-ipv4,blocklist.de|bot|irc-bot|brute-force|ziyadnz|hourly,2026-08-17T18:48:05Z,2026-08-17T18:48:05Z,
51.161.65.203,ipv4,botnet,high,WHITE,blocklist.de/bots|blocklist.de/all|ziyadnz/hourly-ipv4,blocklist.de|bot|irc-bot|brute-force|ziyadnz|hourly,2026-08-17T18:48:05Z,2026-08-17T18:48:05Z,
51.161.65.204,ipv4,botnet,high,WHITE,blocklist.de/bots|blocklist.de/all|ziyadnz/hourly-ipv4,blocklist.de|bot|irc-bot|brute-force|ziyadnz|hourly,2026-08-17T18:48:05Z,2026-08-17T18:48:05Z,
51.161.65.207,ipv4,botnet,high,WHITE,blocklist.de/bots|blocklist.de/all|ziyadnz/hourly-ipv4,blocklist.de|bot|irc-bot|brute-force|ziyadnz|hourly,2026-08-17T18:48:05Z,2026-08-17T18:48:05Z,
51.161.65.21,ipv4,botnet,high,WHITE,blocklist.de/bots|blocklist.de/all|ziyadnz/hourly-ipv4,blocklist.de|bot|irc-bot|brute-force|ziyadnz|hourly,2026-08-17T18:48:05Z,2026-08-17T18:48:05Z,
51.161.65.211,ipv4,botnet,high,WHITE,blocklist.de/bots|blocklist.de/all|ziyadnz/hourly-ipv4,blocklist.de|bot|irc-bot|brute-force|ziyadnz|hourly,2026-08-17T18:48:05Z,2026-08-17T18:48:05Z,
51.161.65.212,ipv4,botnet,high,WHITE,blocklist.de/bots|blocklist.de/all|ziyadnz/hourly-ipv4,blocklist.de|bot|irc-bot|brute-force|ziyadnz|hourly,2026-08-17T18:48:05Z,2026-08-17T18:48:05Z,
51.161.65.213,ipv4,botnet,high,WHITE,blocklist.de/bots|blocklist.de/all|ziyadnz/hourly-ipv4,blocklist.de|bot|irc-bot|brute-force|ziyadnz|hourly,2026-08-17T18:48:05Z,2026-08-17T18:48:05Z,
51.161.65.214,ipv4,botnet,high,WHITE,blocklist.de/bots|blocklist.de/all|ziyadnz/hourly-ipv4,blocklist.de|bot|irc-bot|brute-force|ziyadnz|hourly,2026-08-17T18:48:05Z,2026-08-17T18:48:05Z,
51.161.65.215,ipv4,botnet,high,WHITE,blocklist.de/bots|blocklist.de/all|ziyadnz/hourly-ipv4,blocklist.de|bot|irc-bot|brute-force|ziyadnz|hourly,2026-08-17T18:48:05Z,2026-08-17T18:48:05Z,
51.161.65.216,ipv4,botnet,high,WHITE,blocklist.de/bots|blocklist.de/all|ziyadnz/hourly-ipv4,blocklist.de|bot|irc-bot|brute-force|ziyadnz|hourly,2026-08-17T18:48:05Z,2026-08-17T18:48:05Z,
51.161.65.220,ipv4,botnet,high,WHITE,blocklist.de/bots|blocklist.de/all|ziyadnz/hourly-ipv4,blocklist.de|bot|irc-bot|brute-force|ziyadnz|hourly,2026-08-17T18:48:05Z,2026-08-17T18:48:05Z,
51.161.65.221,ipv4,botnet,high,WHITE,blocklist.de/bots|blocklist.de/all|ziyadnz/hourly-ipv4,blocklist.de|bot|irc-bot|brute-force|ziyadnz|hourly,2026-08-17T18:48:05Z,2026-08-17T18:48:05Z,
51.161.65.223,ipv4,botnet,high,WHITE,blocklist.de/bots|blocklist.de/all|ziyadnz/hourly-ipv4,blocklist.de|bot|irc-bot|brute-force|ziyadnz|hourly,2026-08-17T18:48:05Z,2026-08-17T18:48:05Z,
51.161.65.224,ipv4,botnet,high,WHITE,blocklist.de/bots|blocklist.de/all|ziyadnz/hourly-ipv4,blocklist.de|bot|irc-bot|brute-force|ziyadnz|hourly,2026-08-17T18:48:05Z,2026-08-17T18:48:05Z,
51.161.65.225,ipv4,botnet,high,WHITE,blocklist.de/bots|blocklist.de/all|ziyadnz/hourly-ipv4,blocklist.de|bot|irc-bot|brute-force|ziyadnz|hourly,2026-08-17T18:48:05Z,2026-08-17T18:48:05Z,
51.161.65.228,ipv4,botnet,high,WHITE,blocklist.de/bots|blocklist.de/all|ziyadnz/hourly-ipv4,blocklist.de|bot|irc-bot|brute-force|ziyadnz|hourly,2026-08-17T18:48:05Z,2026-08-17T18:48:05Z,
51.161.65.23,ipv4,botnet,high,WHITE,blocklist.de/bots|blocklist.de/all|ziyadnz/hourly-ipv4,blocklist.de|bot|irc-bot|brute-force|ziyadnz|hourly,2026-08-17T18:48:05Z,2026-08-17T18:48:05Z,
51.161.65.230,ipv4,botnet,high,WHITE,blocklist.de/bots|blocklist.de/all|ziyadnz/hourly-ipv4,blocklist.de|bot|irc-bot|brute-force|ziyadnz|hourly,2026-08-17T18:48:05Z,2026-08-17T18:48:05Z,
51.161.65.231,ipv4,botnet,high,WHITE,blocklist.de/bots|blocklist.de/all|ziyadnz/hourly-ipv4,blocklist.de|bot|irc-bot|brute-force|ziyadnz|hourly,2026-08-17T18:48:05Z,2026-08-17T18:48:05Z,
51.161.65.233,ipv4,botnet,high,WHITE,blocklist.de/bots|blocklist.de/all|ziyadnz/hourly-ipv4,blocklist.de|bot|irc-bot|brute-force|ziyadnz|hourly,2026-08-17T18:48:05Z,2026-08-17T18:48:05Z,
51.161.65.234,ipv4,botnet,high,WHITE,blocklist.de/bots|blocklist.de/all|ziyadnz/hourly-ipv4,blocklist.de|bot|irc-bot|brute-force|ziyadnz|hourly,2026-08-17T18:48:05Z,2026-08-17T18:48:05Z,
51.161.65.237,ipv4,botnet,high,WHITE,blocklist.de/bots|blocklist.de/all|ziyadnz/hourly-ipv4,blocklist.de|bot|irc-bot|brute-force|ziyadnz|hourly,2026-08-17T18:48:05Z,2026-08-17T18:48:05Z,
51.161.65.238,ipv4,botnet,high,WHITE,blocklist.de/bots|blocklist.de/all|ziyadnz/hourly-ipv4,blocklist.de|bot|irc-bot|brute-force|ziyadnz|hourly,2026-08-17T18:48:05Z,2026-08-17T18:48:05Z,
51.161.65.239,ipv4,botnet,high,WHITE,blocklist.de/bots|blocklist.de/all|ziyadnz/hourly-ipv4,blocklist.de|bot|irc-bot|brute-force|ziyadnz|hourly,2026-08-17T18:48:05Z,2026-08-17T18:48:05Z,
51.161.65.241,ipv4,botnet,high,WHITE,blocklist.de/bots|blocklist.de/all|ziyadnz/hourly-ipv4,blocklist.de|bot|irc-bot|brute-force|ziyadnz|hourly,2026-08-17T18:48:05Z,2026-08-17T18:48:05Z,
51.161.65.242,ipv4,botnet,high,WHITE,blocklist.de/bots|blocklist.de/all|ziyadnz/hourly-ipv4,blocklist.de|bot|irc-bot|brute-force|ziyadnz|hourly,2026-08-17T18:48:05Z,2026-08-17T18:48:05Z,
51.161.65.243,ipv4,botnet,high,WHITE,blocklist.de/bots|blocklist.de/all|ziyadnz/hourly-ipv4,blocklist.de|bot|irc-bot|brute-force|ziyadnz|hourly,2026-08-17T18:48:05Z,2026-08-17T18:48:05Z,
51.161.65.245,ipv4,botnet,high,WHITE,blocklist.de/bots|blocklist.de/all|ziyadnz/hourly-ipv4,blocklist.de|bot|irc-bot|brute-force|ziyadnz|hourly,2026-08-17T18:48:05Z,2026-08-17T18:48:05Z,
51.161.65.247,ipv4,botnet,high,WHITE,blocklist.de/bots|blocklist.de/all|ziyadnz/hourly-ipv4,blocklist.de|bot|irc-bot|brute-force|ziyadnz|hourly,2026-08-17T18:48:05Z,2026-08-17T18:48:05Z,
51.161.65.249,ipv4,botnet,high,WHITE,blocklist.de/bots|blocklist.de/all|ziyadnz/hourly-ipv4,blocklist.de|bot|irc-bot|brute-force|ziyadnz|hourly,2026-08-17T18:48:05Z,2026-08-17T18:48:05Z,
51.161.65.253,ipv4,botnet,high,WHITE,blocklist.de/bots|blocklist.de/all|ziyadnz/hourly-ipv4,blocklist.de|bot|irc-bot|brute-force|ziyadnz|hourly,2026-08-17T18:48:05Z,2026-08-17T18:48:05Z,
51.161.65.255,ipv4,botnet,high,WHITE,blocklist.de/bots|blocklist.de/all|ziyadnz/hourly-ipv4,blocklist.de|bot|irc-bot|brute-force|ziyadnz|hourly,2026-08-17T18:48:05Z,2026-08-17T18:48:05Z,
51.161.65.27,ipv4,botnet,high,WHITE,blocklist.de/bots|blocklist.de/all|ziyadnz/hourly-ipv4,blocklist.de|bot|irc-bot|brute-force|ziyadnz|hourly,2026-08-17T18:48:05Z,2026-08-17T18:48:05Z,
51.161.65.3,ipv4,botnet,high,WHITE,blocklist.de/bots|blocklist.de/all|ziyadnz/hourly-ipv4,blocklist.de|bot|irc-bot|brute-force|ziyadnz|hourly,2026-08-17T18:48:05Z,2026-08-17T18:48:05Z,
51.161.65.30,ipv4,botnet,high,WHITE,blocklist.de/bots|blocklist.de/all|ziyadnz/hourly-ipv4,blocklist.de|bot|irc-bot|brute-force|ziyadnz|hourly,2026-08-17T18:48:05Z,2026-08-17T18:48:05Z,
51.161.65.31,ipv4,botnet,high,WHITE,blocklist.de/bots|blocklist.de/all|ziyadnz/hourly-ipv4,blocklist.de|bot|irc-bot|brute-force|ziyadnz|hourly,2026-08-17T18:48:05Z,2026-08-17T18:48:05Z,
51.161.65.32,ipv4,botnet,high,WHITE,blocklist.de/bots|blocklist.de/all|ziyadnz/hourly-ipv4,blocklist.de|bot|irc-bot|brute-force|ziyadnz|hourly,2026-08-17T18:48:05Z,2026-08-17T18:48:05Z,
51.161.65.33,ipv4,botnet,high,WHITE,blocklist.de/bots|blocklist.de/all|ziyadnz/hourly-ipv4,blocklist.de|bot|irc-bot|brute-force|ziyadnz|hourly,2026-08-17T18:48:05Z,2026-08-17T18:48:05Z,
51.161.65.35,ipv4,botnet,high,WHITE,blocklist.de/bots|blocklist.de/all|ziyadnz/hourly-ipv4,blocklist.de|bot|irc-bot|brute-force|ziyadnz|hourly,2026-08-17T18:48:05Z,2026-08-17T18:48:05Z,
51.161.65.37,ipv4,botnet,high,WHITE,blocklist.de/bots|blocklist.de/all|ziyadnz/hourly-ipv4,blocklist.de|bot|irc-bot|brute-force|ziyadnz|hourly,2026-08-17T18:48:05Z,2026-08-17T18:48:05Z,
51.161.65.38,ipv4,botnet,high,WHITE,blocklist.de/bots|blocklist.de/all|ziyadnz/hourly-ipv4,blocklist.de|bot|irc-bot|brute-force|ziyadnz|hourly,2026-08-17T18:48:05Z,2026-08-17T18:48:05Z,
51.161.65.39,ipv4,botnet,high,WHITE,blocklist.de/bots|blocklist.de/all|ziyadnz/hourly-ipv4,blocklist.de|bot|irc-bot|brute-force|ziyadnz|hourly,2026-08-17T18:48:05Z,2026-08-17T18:48:05Z,
51.161.65.40,ipv4,botnet,high,WHITE,blocklist.de/bots|blocklist.de/all|ziyadnz/hourly-ipv4,blocklist.de|bot|irc-bot|brute-force|ziyadnz|hourly,2026-08-17T18:48:05Z,2026-08-17T18:48:05Z,
51.161.65.41,ipv4,botnet,high,WHITE,blocklist.de/bots|blocklist.de/all|ziyadnz/hourly-ipv4,blocklist.de|bot|irc-bot|brute-force|ziyadnz|hourly,2026-08-17T18:48:05Z,2026-08-17T18:48:05Z,
51.161.65.44,ipv4,botnet,high,WHITE,blocklist.de/bots|blocklist.de/all|ziyadnz/hourly-ipv4,blocklist.de|bot|irc-bot|brute-force|ziyadnz|hourly,2026-08-17T18:48:05Z,2026-08-17T18:48:05Z,
51.161.65.45,ipv4,botnet,high,WHITE,blocklist.de/bots|blocklist.de/all|ziyadnz/hourly-ipv4,blocklist.de|bot|irc-bot|brute-force|ziyadnz|hourly,2026-08-17T18:48:05Z,2026-08-17T18:48:05Z,
51.161.65.47,ipv4,botnet,high,WHITE,blocklist.de/bots|blocklist.de/all|ziyadnz/hourly-ipv4,blocklist.de|bot|irc-bot|brute-force|ziyadnz|hourly,2026-08-17T18:48:05Z,2026-08-17T18:48:05Z,
51.161.65.49,ipv4,botnet,high,WHITE,blocklist.de/bots|blocklist.de/all|ziyadnz/hourly-ipv4,blocklist.de|bot|irc-bot|brute-force|ziyadnz|hourly,2026-08-17T18:48:05Z,2026-08-17T18:48:05Z,
51.161.65.56,ipv4,botnet,high,WHITE,blocklist.de/bots|blocklist.de/all|ziyadnz/hourly-ipv4,blocklist.de|bot|irc-bot|brute-force|ziyadnz|hourly,2026-08-17T18:48:05Z,2026-08-17T18:48:05Z,
51.161.65.58,ipv4,botnet,high,WHITE,blocklist.de/bots|blocklist.de/all|ziyadnz/hourly-ipv4,blocklist.de|bot|irc-bot|brute-force|ziyadnz|hourly,2026-08-17T18:48:05Z,2026-08-17T18:48:05Z,
51.161.65.59,ipv4,botnet,high,WHITE,blocklist.de/bots|blocklist.de/all|ziyadnz/hourly-ipv4,blocklist.de|bot|irc-bot|brute-force|ziyadnz|hourly,2026-08-17T18:48:05Z,2026-08-17T18:48:05Z,
51.161.65.6,ipv4,botnet,high,WHITE,blocklist.de/bots|blocklist.de/all|ziyadnz/hourly-ipv4,blocklist.de|bot|irc-bot|brute-force|ziyadnz|hourly,2026-08-17T18:48:05Z,2026-08-17T18:48:05Z,
51.161.65.60,ipv4,botnet,high,WHITE,blocklist.de/bots|blocklist.de/all|ziyadnz/hourly-ipv4,blocklist.de|bot|irc-bot|brute-force|ziyadnz|hourly,2026-08-17T18:48:05Z,2026-08-17T18:48:05Z,
51.161.65.62,ipv4,botnet,high,WHITE,blocklist.de/bots|blocklist.de/all|ziyadnz/hourly-ipv4,blocklist.de|bot|irc-bot|brute-force|ziyadnz|hourly,2026-08-17T18:48:05Z,2026-08-17T18:48:05Z,
51.161.65.63,ipv4,botnet,high,WHITE,blocklist.de/bots|blocklist.de/all|ziyadnz/hourly-ipv4,blocklist.de|bot|irc-bot|brute-force|ziyadnz|hourly,2026-08-17T18:48:05Z,2026-08-17T18:48:05Z,
51.161.65.68,ipv4,botnet,high,WHITE,blocklist.de/bots|blocklist.de/all|ziyadnz/hourly-ipv4,blocklist.de|bot|irc-bot|brute-force|ziyadnz|hourly,2026-08-17T18:48:05Z,2026-08-17T18:48:05Z,
51.161.65.70,ipv4,botnet,high,WHITE,blocklist.de/bots|blocklist.de/all|ziyadnz/hourly-ipv4,blocklist.de|bot|irc-bot|brute-force|ziyadnz|hourly,2026-08-17T18:48:05Z,2026-08-17T18:48:05Z,
51.161.65.76,ipv4,botnet,high,WHITE,blocklist.de/bots|blocklist.de/all|ziyadnz/hourly-ipv4,blocklist.de|bot|irc-bot|brute-force|ziyadnz|hourly,2026-08-17T18:48:05Z,2026-08-17T18:48:05Z,
51.161.65.77,ipv4,botnet,high,WHITE,blocklist.de/bots|blocklist.de/all|ziyadnz/hourly-ipv4,blocklist.de|bot|irc-bot|brute-force|ziyadnz|hourly,2026-08-17T18:48:05Z,2026-08-17T18:48:05Z,
51.161.65.8,ipv4,botnet,high,WHITE,blocklist.de/bots|blocklist.de/all|ziyadnz/hourly-ipv4,blocklist.de|bot|irc-bot|brute-force|ziyadnz|hourly,2026-08-17T18:48:05Z,2026-08-17T18:48:05Z,
51.161.65.81,ipv4,botnet,high,WHITE,blocklist.de/bots|blocklist.de/all|ziyadnz/hourly-ipv4,blocklist.de|bot|irc-bot|brute-force|ziyadnz|hourly,2026-08-17T18:48:05Z,2026-08-17T18:48:05Z,
51.161.65.83,ipv4,botnet,high,WHITE,blocklist.de/bots|blocklist.de/all|ziyadnz/hourly-ipv4,blocklist.de|bot|irc-bot|brute-force|ziyadnz|hourly,2026-08-17T18:48:05Z,2026-08-17T18:48:05Z,
51.161.65.85,ipv4,botnet,high,WHITE,blocklist.de/bots|blocklist.de/all|ziyadnz/hourly-ipv4,blocklist.de|bot|irc-bot|brute-force|ziyadnz|hourly,2026-08-17T18:48:05Z,2026-08-17T18:48:05Z,
51.161.65.86,ipv4,botnet,high,WHITE,blocklist.de/bots|blocklist.de/all|ziyadnz/hourly-ipv4,blocklist.de|bot|irc-bot|brute-force|ziyadnz|hourly,2026-08-17T18:48:05Z,2026-08-17T18:48:05Z,
51.161.65.90,ipv4,botnet,high,WHITE,blocklist.de/bots|blocklist.de/all|ziyadnz/hourly-ipv4,blocklist.de|bot|irc-bot|brute-force|ziyadnz|hourly,2026-08-17T18:48:05Z,2026-08-17T18:48:05Z,
51.161.65.96,ipv4,botnet,high,WHITE,blocklist.de/bots|blocklist.de/all|ziyadnz/hourly-ipv4,blocklist.de|bot|irc-bot|brute-force|ziyadnz|hourly,2026-08-17T18:48:05Z,2026-08-17T18:48:05Z,
51.161.65.97,ipv4,botnet,high,WHITE,blocklist.de/bots|blocklist.de/all|ziyadnz/hourly-ipv4,blocklist.de|bot|irc-bot|brute-force|ziyadnz|hourly,2026-08-17T18:48:05Z,2026-08-17T18:48:05Z,
51.161.65.98,ipv4,botnet,high,WHITE,blocklist.de/bots|blocklist.de/all|ziyadnz/hourly-ipv4,blocklist.de|bot|irc-bot|brute-force|ziyadnz|hourly,2026-08-17T18:48:05Z,2026-08-17T18:48:05Z,
51.195.183.1,ipv4,botnet,medium,WHITE,blocklist.de/bots|blocklist.de/all,blocklist.de|bot|irc-bot|brute-force|ziyadnz|hourly,2026-08-17T18:48:05Z,2026-08-17T18:48:05Z,
51.195.183.10,ipv4,botnet,high,WHITE,blocklist.de/bots|blocklist.de/all|ziyadnz/hourly-ipv4,blocklist.de|bot|irc-bot|brute-force|ziyadnz|hourly,2026-08-17T18:48:05Z,2026-08-17T18:48:05Z,
51.195.183.102,ipv4,botnet,high,WHITE,blocklist.de/bots|blocklist.de/all|ziyadnz/hourly-ipv4,blocklist.de|bot|irc-bot|brute-force|ziyadnz|hourly,2026-08-17T18:48:05Z,2026-08-17T18:48:05Z,
51.195.183.104,ipv4,botnet,high,WHITE,blocklist.de/bots|blocklist.de/all|ziyadnz/hourly-ipv4,blocklist.de|bot|irc-bot|brute-force|ziyadnz|hourly,2026-08-17T18:48:05Z,2026-08-17T18:48:05Z,
51.195.183.107,ipv4,botnet,high,WHITE,blocklist.de/bots|blocklist.de/all|ziyadnz/hourly-ipv4,blocklist.de|bot|irc-bot|brute-force|ziyadnz|hourly,2026-08-17T18:48:05Z,2026-08-17T18:48:05Z,
51.195.183.108,ipv4,botnet,high,WHITE,blocklist.de/bots|blocklist.de/all|ziyadnz/hourly-ipv4,blocklist.de|bot|irc-bot|brute-force|ziyadnz|hourly,2026-08-17T18:48:05Z,2026-08-17T18:48:05Z,
51.195.183.109,ipv4,botnet,high,WHITE,blocklist.de/bots|blocklist.de/all|ziyadnz/hourly-ipv4,blocklist.de|bot|irc-bot|brute-force|ziyadnz|hourly,2026-08-17T18:48:05Z,2026-08-17T18:48:05Z,
51.195.183.11,ipv4,botnet,high,WHITE,blocklist.de/bots|blocklist.de/all|ziyadnz/hourly-ipv4,blocklist.de|bot|irc-bot|brute-force|ziyadnz|hourly,2026-08-17T18:48:05Z,2026-08-17T18:48:05Z,
51.195.183.114,ipv4,botnet,high,WHITE,blocklist.de/bots|blocklist.de/all|ziyadnz/hourly-ipv4,blocklist.de|bot|irc-bot|brute-force|ziyadnz|hourly,2026-08-17T18:48:05Z,2026-08-17T18:48:05Z,
51.195.183.118,ipv4,botnet,high,WHITE,blocklist.de/bots|blocklist.de/all|ziyadnz/hourly-ipv4,blocklist.de|bot|irc-bot|brute-force|ziyadnz|hourly,2026-08-17T18:48:05Z,2026-08-17T18:48:05Z,
51.195.183.119,ipv4,botnet,high,WHITE,blocklist.de/bots|blocklist.de/all|ziyadnz/hourly-ipv4,blocklist.de|bot|irc-bot|brute-force|ziyadnz|hourly,2026-08-17T18:48:05Z,2026-08-17T18:48:05Z,
51.195.183.12,ipv4,botnet,high,WHITE,blocklist.de/bots|blocklist.de/all|ziyadnz/hourly-ipv4,blocklist.de|bot|irc-bot|brute-force|ziyadnz|hourly,2026-08-17T18:48:05Z,2026-08-17T18:48:05Z,
51.195.183.120,ipv4,botnet,high,WHITE,blocklist.de/bots|blocklist.de/all|ziyadnz/hourly-ipv4,blocklist.de|bot|irc-bot|brute-force|ziyadnz|hourly,2026-08-17T18:48:05Z,2026-08-17T18:48:05Z,
51.195.183.123,ipv4,botnet,high,WHITE,blocklist.de/bots|blocklist.de/all|ziyadnz/hourly-ipv4,blocklist.de|bot|irc-bot|brute-force|ziyadnz|hourly,2026-08-17T18:48:05Z,2026-08-17T18:48:05Z,
51.195.183.124,ipv4,botnet,high,WHITE,blocklist.de/bots|blocklist.de/all|ziyadnz/hourly-ipv4,blocklist.de|bot|irc-bot|brute-force|ziyadnz|hourly,2026-08-17T18:48:05Z,2026-08-17T18:48:05Z,
51.195.183.128,ipv4,botnet,high,WHITE,blocklist.de/bots|blocklist.de/all|ziyadnz/hourly-ipv4,blocklist.de|bot|irc-bot|brute-force|ziyadnz|hourly,2026-08-17T18:48:05Z,2026-08-17T18:48:05Z,
51.195.183.13,ipv4,botnet,high,WHITE,blocklist.de/bots|blocklist.de/all|ziyadnz/hourly-ipv4,blocklist.de|bot|irc-bot|brute-force|ziyadnz|hourly,2026-08-17T18:48:05Z,2026-08-17T18:48:05Z,
51.195.183.131,ipv4,botnet,high,WHITE,blocklist.de/bots|blocklist.de/all|ziyadnz/hourly-ipv4,blocklist.de|bot|irc-bot|brute-force|ziyadnz|hourly,2026-08-17T18:48:05Z,2026-08-17T18:48:05Z,
51.195.183.134,ipv4,botnet,high,WHITE,blocklist.de/bots|blocklist.de/all|ziyadnz/hourly-ipv4,blocklist.de|bot|irc-bot|brute-force|ziyadnz|hourly,2026-08-17T18:48:05Z,2026-08-17T18:48:05Z,
51.195.183.135,ipv4,botnet,high,WHITE,blocklist.de/bots|blocklist.de/all|ziyadnz/hourly-ipv4,blocklist.de|bot|irc-bot|brute-force|ziyadnz|hourly,2026-08-17T18:48:05Z,2026-08-17T18:48:05Z,
51.195.183.136,ipv4,botnet,high,WHITE,blocklist.de/bots|blocklist.de/all|ziyadnz/hourly-ipv4,blocklist.de|bot|irc-bot|brute-force|ziyadnz|hourly,2026-08-17T18:48:05Z,2026-08-17T18:48:05Z,
51.195.183.137,ipv4,botnet,high,WHITE,blocklist.de/bots|blocklist.de/all|ziyadnz/hourly-ipv4,blocklist.de|bot|irc-bot|brute-force|ziyadnz|hourly,2026-08-17T18:48:05Z,2026-08-17T18:48:05Z,
51.195.183.138,ipv4,botnet,high,WHITE,blocklist.de/bots|blocklist.de/all|ziyadnz/hourly-ipv4,blocklist.de|bot|irc-bot|brute-force|ziyadnz|hourly,2026-08-17T18:48:05Z,2026-08-17T18:48:05Z,
51.195.183.139,ipv4,botnet,high,WHITE,blocklist.de/bots|blocklist.de/all|ziyadnz/hourly-ipv4,blocklist.de|bot|irc-bot|brute-force|ziyadnz|hourly,2026-08-17T18:48:05Z,2026-08-17T18:48:05Z,
51.195.183.14,ipv4,botnet,high,WHITE,blocklist.de/bots|blocklist.de/all|ziyadnz/hourly-ipv4,blocklist.de|bot|irc-bot|brute-force|ziyadnz|hourly,2026-08-17T18:48:05Z,2026-08-17T18:48:05Z,
51.195.183.141,ipv4,botnet,high,WHITE,blocklist.de/bots|blocklist.de/all|ziyadnz/hourly-ipv4,blocklist.de|bot|irc-bot|brute-force|ziyadnz|hourly,2026-08-17T18:48:05Z,2026-08-17T18:48:05Z,
51.195.183.143,ipv4,botnet,high,WHITE,blocklist.de/bots|blocklist.de/all|ziyadnz/hourly-ipv4,blocklist.de|bot|irc-bot|brute-force|ziyadnz|hourly,2026-08-17T18:48:05Z,2026-08-17T18:48:05Z,
51.195.183.146,ipv4,botnet,high,WHITE,blocklist.de/bots|blocklist.de/all|ziyadnz/hourly-ipv4,blocklist.de|bot|irc-bot|brute-force|ziyadnz|hourly,2026-08-17T18:48:05Z,2026-08-17T18:48:05Z,
51.195.183.147,ipv4,botnet,high,WHITE,blocklist.de/bots|blocklist.de/all|ziyadnz/hourly-ipv4,blocklist.de|bot|irc-bot|brute-force|ziyadnz|hourly,2026-08-17T18:48:05Z,2026-08-17T18:48:05Z,
51.195.183.150,ipv4,botnet,high,WHITE,blocklist.de/bots|blocklist.de/all|ziyadnz/hourly-ipv4,blocklist.de|bot|irc-bot|brute-force|ziyadnz|hourly,2026-08-17T18:48:05Z,2026-08-17T18:48:05Z,
51.195.183.152,ipv4,botnet,high,WHITE,blocklist.de/bots|blocklist.de/all|ziyadnz/hourly-ipv4,blocklist.de|bot|irc-bot|brute-force|ziyadnz|hourly,2026-08-17T18:48:05Z,2026-08-17T18:48:05Z,
51.195.183.154,ipv4,botnet,high,WHITE,blocklist.de/bots|blocklist.de/all|ziyadnz/hourly-ipv4,blocklist.de|bot|irc-bot|brute-force|ziyadnz|hourly,2026-08-17T18:48:05Z,2026-08-17T18:48:05Z,
51.195.183.158,ipv4,botnet,high,WHITE,blocklist.de/bots|blocklist.de/all|ziyadnz/hourly-ipv4,blocklist.de|bot|irc-bot|brute-force|ziyadnz|hourly,2026-08-17T18:48:05Z,2026-08-17T18:48:05Z,
51.195.183.159,ipv4,botnet,high,WHITE,blocklist.de/bots|blocklist.de/all|ziyadnz/hourly-ipv4,blocklist.de|bot|irc-bot|brute-force|ziyadnz|hourly,2026-08-17T18:48:05Z,2026-08-17T18:48:05Z,
51.195.183.161,ipv4,botnet,high,WHITE,blocklist.de/bots|blocklist.de/all|ziyadnz/hourly-ipv4,blocklist.de|bot|irc-bot|brute-force|ziyadnz|hourly,2026-08-17T18:48:05Z,2026-08-17T18:48:05Z,
51.195.183.162,ipv4,botnet,high,WHITE,blocklist.de/bots|blocklist.de/all|ziyadnz/hourly-ipv4,blocklist.de|bot|irc-bot|brute-force|ziyadnz|hourly,2026-08-17T18:48:05Z,2026-08-17T18:48:05Z,
51.195.183.166,ipv4,botnet,high,WHITE,blocklist.de/bots|blocklist.de/all|ziyadnz/hourly-ipv4,blocklist.de|bot|irc-bot|brute-force|ziyadnz|hourly,2026-08-17T18:48:05Z,2026-08-17T18:48:05Z,
51.195.183.167,ipv4,botnet,high,WHITE,blocklist.de/bots|blocklist.de/all|ziyadnz/hourly-ipv4,blocklist.de|bot|irc-bot|brute-force|ziyadnz|hourly,2026-08-17T18:48:05Z,2026-08-17T18:48:05Z,
51.195.183.168,ipv4,botnet,high,WHITE,blocklist.de/bots|blocklist.de/all|ziyadnz/hourly-ipv4,blocklist.de|bot|irc-bot|brute-force|ziyadnz|hourly,2026-08-17T18:48:05Z,2026-08-17T18:48:05Z,
51.195.183.17,ipv4,botnet,high,WHITE,blocklist.de/bots|blocklist.de/all|ziyadnz/hourly-ipv4,blocklist.de|bot|irc-bot|brute-force|ziyadnz|hourly,2026-08-17T18:48:05Z,2026-08-17T18:48:05Z,
51.195.183.171,ipv4,botnet,high,WHITE,blocklist.de/bots|blocklist.de/all|ziyadnz/hourly-ipv4,blocklist.de|bot|irc-bot|brute-force|ziyadnz|hourly,2026-08-17T18:48:05Z,2026-08-17T18:48:05Z,
51.195.183.172,ipv4,botnet,high,WHITE,blocklist.de/bots|blocklist.de/all|ziyadnz/hourly-ipv4,blocklist.de|bot|irc-bot|brute-force|ziyadnz|hourly,2026-08-17T18:48:05Z,2026-08-17T18:48:05Z,
51.195.183.174,ipv4,botnet,high,WHITE,blocklist.de/bots|blocklist.de/all|ziyadnz/hourly-ipv4,blocklist.de|bot|irc-bot|brute-force|ziyadnz|hourly,2026-08-17T18:48:05Z,2026-08-17T18:48:05Z,
51.195.183.175,ipv4,botnet,high,WHITE,blocklist.de/bots|blocklist.de/all|ziyadnz/hourly-ipv4,blocklist.de|bot|irc-bot|brute-force|ziyadnz|hourly,2026-08-17T18:48:05Z,2026-08-17T18:48:05Z,
51.195.183.177,ipv4,botnet,high,WHITE,blocklist.de/bots|blocklist.de/all|ziyadnz/hourly-ipv4,blocklist.de|bot|irc-bot|brute-force|ziyadnz|hourly,2026-08-17T18:48:05Z,2026-08-17T18:48:05Z,
51.195.183.178,ipv4,botnet,high,WHITE,blocklist.de/bots|blocklist.de/all|ziyadnz/hourly-ipv4,blocklist.de|bot|irc-bot|brute-force|ziyadnz|hourly,2026-08-17T18:48:05Z,2026-08-17T18:48:05Z,
51.195.183.179,ipv4,botnet,high,WHITE,blocklist.de/bots|blocklist.de/all|ziyadnz/hourly-ipv4,blocklist.de|bot|irc-bot|brute-force|ziyadnz|hourly,2026-08-17T18:48:05Z,2026-08-17T18:48:05Z,
51.195.183.18,ipv4,botnet,high,WHITE,blocklist.de/bots|blocklist.de/all|ziyadnz/hourly-ipv4,blocklist.de|bot|irc-bot|brute-force|ziyadnz|hourly,2026-08-17T18:48:05Z,2026-08-17T18:48:05Z,
51.195.183.183,ipv4,botnet,high,WHITE,blocklist.de/bots|blocklist.de/all|ziyadnz/hourly-ipv4,blocklist.de|bot|irc-bot|brute-force|ziyadnz|hourly,2026-08-17T18:48:05Z,2026-08-17T18:48:05Z,
51.195.183.185,ipv4,botnet,high,WHITE,blocklist.de/bots|blocklist.de/all|ziyadnz/hourly-ipv4,blocklist.de|bot|irc-bot|brute-force|ziyadnz|hourly,2026-08-17T18:48:05Z,2026-08-17T18:48:05Z,
51.195.183.187,ipv4,botnet,medium,WHITE,blocklist.de/bots|blocklist.de/all,blocklist.de|bot|irc-bot|brute-force|ziyadnz|hourly,2026-08-17T18:48:05Z,2026-08-17T18:48:05Z,
51.195.183.193,ipv4,botnet,high,WHITE,blocklist.de/bots|blocklist.de/all|ziyadnz/hourly-ipv4,blocklist.de|bot|irc-bot|brute-force|ziyadnz|hourly,2026-08-17T18:48:05Z,2026-08-17T18:48:05Z,
51.195.183.195,ipv4,botnet,high,WHITE,blocklist.de/bots|blocklist.de/all|ziyadnz/hourly-ipv4,blocklist.de|bot|irc-bot|brute-force|ziyadnz|hourly,2026-08-17T18:48:05Z,2026-08-17T18:48:05Z,
51.195.183.198,ipv4,botnet,high,WHITE,blocklist.de/bots|blocklist.de/all|ziyadnz/hourly-ipv4,blocklist.de|bot|irc-bot|brute-force|ziyadnz|hourly,2026-08-17T18:48:05Z,2026-08-17T18:48:05Z,
51.195.183.2,ipv4,botnet,high,WHITE,blocklist.de/bots|blocklist.de/all|ziyadnz/hourly-ipv4,blocklist.de|bot|irc-bot|brute-force|ziyadnz|hourly,2026-08-17T18:48:05Z,2026-08-17T18:48:05Z,
51.195.183.20,ipv4,botnet,high,WHITE,blocklist.de/bots|blocklist.de/all|ziyadnz/hourly-ipv4,blocklist.de|bot|irc-bot|brute-force|ziyadnz|hourly,2026-08-17T18:48:05Z,2026-08-17T18:48:05Z,
51.195.183.202,ipv4,botnet,high,WHITE,blocklist.de/bots|blocklist.de/all|ziyadnz/hourly-ipv4,blocklist.de|bot|irc-bot|brute-force|ziyadnz|hourly,2026-08-17T18:48:05Z,2026-08-17T18:48:05Z,
51.195.183.203,ipv4,botnet,high,WHITE,blocklist.de/bots|blocklist.de/all|ziyadnz/hourly-ipv4,blocklist.de|bot|irc-bot|brute-force|ziyadnz|hourly,2026-08-17T18:48:05Z,2026-08-17T18:48:05Z,
51.195.183.204,ipv4,botnet,high,WHITE,blocklist.de/bots|blocklist.de/all|ziyadnz/hourly-ipv4,blocklist.de|bot|irc-bot|brute-force|ziyadnz|hourly,2026-08-17T18:48:05Z,2026-08-17T18:48:05Z,
51.195.183.205,ipv4,botnet,high,WHITE,blocklist.de/bots|blocklist.de/all|ziyadnz/hourly-ipv4,blocklist.de|bot|irc-bot|brute-force|ziyadnz|hourly,2026-08-17T18:48:05Z,2026-08-17T18:48:05Z,
51.195.183.207,ipv4,botnet,high,WHITE,blocklist.de/bots|blocklist.de/all|ziyadnz/hourly-ipv4,blocklist.de|bot|irc-bot|brute-force|ziyadnz|hourly,2026-08-17T18:48:05Z,2026-08-17T18:48:05Z,
51.195.183.208,ipv4,botnet,high,WHITE,blocklist.de/bots|blocklist.de/all|ziyadnz/hourly-ipv4,blocklist.de|bot|irc-bot|brute-force|ziyadnz|hourly,2026-08-17T18:48:05Z,2026-08-17T18:48:05Z,
51.195.183.209,ipv4,botnet,high,WHITE,blocklist.de/bots|blocklist.de/all|ziyadnz/hourly-ipv4,blocklist.de|bot|irc-bot|brute-force|ziyadnz|hourly,2026-08-17T18:48:05Z,2026-08-17T18:48:05Z,
51.195.183.212,ipv4,botnet,high,WHITE,blocklist.de/bots|blocklist.de/all|ziyadnz/hourly-ipv4,blocklist.de|bot|irc-bot|brute-force|ziyadnz|hourly,2026-08-17T18:48:05Z,2026-08-17T18:48:05Z,
51.195.183.216,ipv4,botnet,high,WHITE,blocklist.de/bots|blocklist.de/all|ziyadnz/hourly-ipv4,blocklist.de|bot|irc-bot|brute-force|ziyadnz|hourly,2026-08-17T18:48:05Z,2026-08-17T18:48:05Z,
51.195.183.220,ipv4,botnet,high,WHITE,blocklist.de/bots|blocklist.de/all|ziyadnz/hourly-ipv4,blocklist.de|bot|irc-bot|brute-force|ziyadnz|hourly,2026-08-17T18:48:05Z,2026-08-17T18:48:05Z,
51.195.183.222,ipv4,botnet,high,WHITE,blocklist.de/bots|blocklist.de/all|ziyadnz/hourly-ipv4,blocklist.de|bot|irc-bot|brute-force|ziyadnz|hourly,2026-08-17T18:48:05Z,2026-08-17T18:48:05Z,
51.195.183.224,ipv4,botnet,high,WHITE,blocklist.de/bots|blocklist.de/all|ziyadnz/hourly-ipv4,blocklist.de|bot|irc-bot|brute-force|ziyadnz|hourly,2026-08-17T18:48:05Z,2026-08-17T18:48:05Z,
51.195.183.227,ipv4,botnet,high,WHITE,blocklist.de/bots|blocklist.de/all|ziyadnz/hourly-ipv4,blocklist.de|bot|irc-bot|brute-force|ziyadnz|hourly,2026-08-17T18:48:05Z,2026-08-17T18:48:05Z,
51.195.183.229,ipv4,botnet,medium,WHITE,blocklist.de/bots|blocklist.de/all,blocklist.de|bot|irc-bot|brute-force|ziyadnz|hourly,2026-08-17T18:48:05Z,2026-08-17T18:48:05Z,
51.195.183.230,ipv4,botnet,high,WHITE,blocklist.de/bots|blocklist.de/all|ziyadnz/hourly-ipv4,blocklist.de|bot|irc-bot|brute-force|ziyadnz|hourly,2026-08-17T18:48:05Z,2026-08-17T18:48:05Z,
51.195.183.231,ipv4,botnet,high,WHITE,blocklist.de/bots|blocklist.de/all|ziyadnz/hourly-ipv4,blocklist.de|bot|irc-bot|brute-force|ziyadnz|hourly,2026-08-17T18:48:05Z,2026-08-17T18:48:05Z,
51.195.183.234,ipv4,botnet,high,WHITE,blocklist.de/bots|blocklist.de/all|ziyadnz/hourly-ipv4,blocklist.de|bot|irc-bot|brute-force|ziyadnz|hourly,2026-08-17T18:48:05Z,2026-08-17T18:48:05Z,
51.195.183.235,ipv4,botnet,high,WHITE,blocklist.de/bots|blocklist.de/all|ziyadnz/hourly-ipv4,blocklist.de|bot|irc-bot|brute-force|ziyadnz|hourly,2026-08-17T18:48:05Z,2026-08-17T18:48:05Z,
51.195.183.236,ipv4,botnet,high,WHITE,blocklist.de/bots|blocklist.de/all|ziyadnz/hourly-ipv4,blocklist.de|bot|irc-bot|brute-force|ziyadnz|hourly,2026-08-17T18:48:05Z,2026-08-17T18:48:05Z,
51.195.183.238,ipv4,botnet,high,WHITE,blocklist.de/bots|blocklist.de/all|ziyadnz/hourly-ipv4,blocklist.de|bot|irc-bot|brute-force|ziyadnz|hourly,2026-08-17T18:48:05Z,2026-08-17T18:48:05Z,
51.195.183.24,ipv4,botnet,high,WHITE,blocklist.de/bots|blocklist.de/all|ziyadnz/hourly-ipv4,blocklist.de|bot|irc-bot|brute-force|ziyadnz|hourly,2026-08-17T18:48:05Z,2026-08-17T18:48:05Z,
51.195.183.240,ipv4,botnet,high,WHITE,blocklist.de/bots|blocklist.de/all|ziyadnz/hourly-ipv4,blocklist.de|bot|irc-bot|brute-force|ziyadnz|hourly,2026-08-17T18:48:05Z,2026-08-17T18:48:05Z,
51.195.183.242,ipv4,botnet,high,WHITE,blocklist.de/bots|blocklist.de/all|ziyadnz/hourly-ipv4,blocklist.de|bot|irc-bot|brute-force|ziyadnz|hourly,2026-08-17T18:48:05Z,2026-08-17T18:48:05Z,
51.195.183.245,ipv4,botnet,high,WHITE,blocklist.de/bots|blocklist.de/all|ziyadnz/hourly-ipv4,blocklist.de|bot|irc-bot|brute-force|ziyadnz|hourly,2026-08-17T18:48:05Z,2026-08-17T18:48:05Z,
51.195.183.248,ipv4,botnet,high,WHITE,blocklist.de/bots|blocklist.de/all|ziyadnz/hourly-ipv4,blocklist.de|bot|irc-bot|brute-force|ziyadnz|hourly,2026-08-17T18:48:05Z,2026-08-17T18:48:05Z,
51.195.183.25,ipv4,botnet,high,WHITE,blocklist.de/bots|blocklist.de/all|ziyadnz/hourly-ipv4,blocklist.de|bot|irc-bot|brute-force|ziyadnz|hourly,2026-08-17T18:48:05Z,2026-08-17T18:48:05Z,
51.195.183.252,ipv4,botnet,high,WHITE,blocklist.de/bots|blocklist.de/all|ziyadnz/hourly-ipv4,blocklist.de|bot|irc-bot|brute-force|ziyadnz|hourly,2026-08-17T18:48:05Z,2026-08-17T18:48:05Z,
51.195.183.253,ipv4,botnet,high,WHITE,blocklist.de/bots|blocklist.de/all|ziyadnz/hourly-ipv4,blocklist.de|bot|irc-bot|brute-force|ziyadnz|hourly,2026-08-17T18:48:05Z,2026-08-17T18:48:05Z,
51.195.183.26,ipv4,botnet,high,WHITE,blocklist.de/bots|blocklist.de/all|ziyadnz/hourly-ipv4,blocklist.de|bot|irc-bot|brute-force|ziyadnz|hourly,2026-08-17T18:48:05Z,2026-08-17T18:48:05Z,
51.195.183.28,ipv4,botnet,high,WHITE,blocklist.de/bots|blocklist.de/all|ziyadnz/hourly-ipv4,blocklist.de|bot|irc-bot|brute-force|ziyadnz|hourly,2026-08-17T18:48:05Z,2026-08-17T18:48:05Z,
51.195.183.31,ipv4,botnet,high,WHITE,blocklist.de/bots|blocklist.de/all|ziyadnz/hourly-ipv4,blocklist.de|bot|irc-bot|brute-force|ziyadnz|hourly,2026-08-17T18:48:05Z,2026-08-17T18:48:05Z,
51.195.183.32,ipv4,botnet,high,WHITE,blocklist.de/bots|blocklist.de/all|ziyadnz/hourly-ipv4,blocklist.de|bot|irc-bot|brute-force|ziyadnz|hourly,2026-08-17T18:48:05Z,2026-08-17T18:48:05Z,
51.195.183.33,ipv4,botnet,high,WHITE,blocklist.de/bots|blocklist.de/all|ziyadnz/hourly-ipv4,blocklist.de|bot|irc-bot|brute-force|ziyadnz|hourly,2026-08-17T18:48:05Z,2026-08-17T18:48:05Z,
51.195.183.36,ipv4,botnet,high,WHITE,blocklist.de/bots|blocklist.de/all|ziyadnz/hourly-ipv4,blocklist.de|bot|irc-bot|brute-force|ziyadnz|hourly,2026-08-17T18:48:05Z,2026-08-17T18:48:05Z,
51.195.183.43,ipv4,botnet,high,WHITE,blocklist.de/bots|blocklist.de/all|ziyadnz/hourly-ipv4,blocklist.de|bot|irc-bot|brute-force|ziyadnz|hourly,2026-08-17T18:48:05Z,2026-08-17T18:48:05Z,
51.195.183.45,ipv4,botnet,high,WHITE,blocklist.de/bots|blocklist.de/all|ziyadnz/hourly-ipv4,blocklist.de|bot|irc-bot|brute-force|ziyadnz|hourly,2026-08-17T18:48:05Z,2026-08-17T18:48:05Z,
51.195.183.47,ipv4,botnet,high,WHITE,blocklist.de/bots|blocklist.de/all|ziyadnz/hourly-ipv4,blocklist.de|bot|irc-bot|brute-force|ziyadnz|hourly,2026-08-17T18:48:05Z,2026-08-17T18:48:05Z,
51.195.183.50,ipv4,botnet,high,WHITE,blocklist.de/bots|blocklist.de/all|ziyadnz/hourly-ipv4,blocklist.de|bot|irc-bot|brute-force|ziyadnz|hourly,2026-08-17T18:48:05Z,2026-08-17T18:48:05Z,
51.195.183.53,ipv4,botnet,high,WHITE,blocklist.de/bots|blocklist.de/all|ziyadnz/hourly-ipv4,blocklist.de|bot|irc-bot|brute-force|ziyadnz|hourly,2026-08-17T18:48:05Z,2026-08-17T18:48:05Z,
51.195.183.54,ipv4,botnet,high,WHITE,blocklist.de/bots|blocklist.de/all|ziyadnz/hourly-ipv4,blocklist.de|bot|irc-bot|brute-force|ziyadnz|hourly,2026-08-17T18:48:05Z,2026-08-17T18:48:05Z,
51.195.183.56,ipv4,botnet,high,WHITE,blocklist.de/bots|blocklist.de/all|ziyadnz/hourly-ipv4,blocklist.de|bot|irc-bot|brute-force|ziyadnz|hourly,2026-08-17T18:48:05Z,2026-08-17T18:48:05Z,
51.195.183.58,ipv4,botnet,medium,WHITE,blocklist.de/bots|blocklist.de/all,blocklist.de|bot|irc-bot|brute-force|ziyadnz|hourly,2026-08-17T18:48:05Z,2026-08-17T18:48:05Z,
51.195.183.6,ipv4,botnet,high,WHITE,blocklist.de/bots|blocklist.de/all|ziyadnz/hourly-ipv4,blocklist.de|bot|irc-bot|brute-force|ziyadnz|hourly,2026-08-17T18:48:05Z,2026-08-17T18:48:05Z,
51.195.183.62,ipv4,botnet,medium,WHITE,blocklist.de/bots|blocklist.de/all,blocklist.de|bot|irc-bot|brute-force|ziyadnz|hourly,2026-08-17T18:48:05Z,2026-08-17T18:48:05Z,
51.195.183.66,ipv4,botnet,high,WHITE,blocklist.de/bots|blocklist.de/all|ziyadnz/hourly-ipv4,blocklist.de|bot|irc-bot|brute-force|ziyadnz|hourly,2026-08-17T18:48:05Z,2026-08-17T18:48:05Z,
51.195.183.69,ipv4,botnet,high,WHITE,blocklist.de/bots|blocklist.de/all|ziyadnz/hourly-ipv4,blocklist.de|bot|irc-bot|brute-force|ziyadnz|hourly,2026-08-17T18:48:05Z,2026-08-17T18:48:05Z,
51.195.183.7,ipv4,botnet,high,WHITE,blocklist.de/bots|blocklist.de/all|ziyadnz/hourly-ipv4,blocklist.de|bot|irc-bot|brute-force|ziyadnz|hourly,2026-08-17T18:48:05Z,2026-08-17T18:48:05Z,
51.195.183.72,ipv4,botnet,high,WHITE,blocklist.de/bots|blocklist.de/all|ziyadnz/hourly-ipv4,blocklist.de|bot|irc-bot|brute-force|ziyadnz|hourly,2026-08-17T18:48:05Z,2026-08-17T18:48:05Z,
51.195.183.74,ipv4,botnet,high,WHITE,blocklist.de/bots|blocklist.de/all|ziyadnz/hourly-ipv4,blocklist.de|bot|irc-bot|brute-force|ziyadnz|hourly,2026-08-17T18:48:05Z,2026-08-17T18:48:05Z,
51.195.183.75,ipv4,botnet,high,WHITE,blocklist.de/bots|blocklist.de/all|ziyadnz/hourly-ipv4,blocklist.de|bot|irc-bot|brute-force|ziyadnz|hourly,2026-08-17T18:48:05Z,2026-08-17T18:48:05Z,
51.195.183.79,ipv4,botnet,high,WHITE,blocklist.de/bots|blocklist.de/all|ziyadnz/hourly-ipv4,blocklist.de|bot|irc-bot|brute-force|ziyadnz|hourly,2026-08-17T18:48:05Z,2026-08-17T18:48:05Z,
51.195.183.80,ipv4,botnet,high,WHITE,blocklist.de/bots|blocklist.de/all|ziyadnz/hourly-ipv4,blocklist.de|bot|irc-bot|brute-force|ziyadnz|hourly,2026-08-17T18:48:05Z,2026-08-17T18:48:05Z,
51.195.183.82,ipv4,botnet,high,WHITE,blocklist.de/bots|blocklist.de/all|ziyadnz/hourly-ipv4,blocklist.de|bot|irc-bot|brute-force|ziyadnz|hourly,2026-08-17T18:48:05Z,2026-08-17T18:48:05Z,
51.195.183.84,ipv4,botnet,high,WHITE,blocklist.de/bots|blocklist.de/all|ziyadnz/hourly-ipv4,blocklist.de|bot|irc-bot|brute-force|ziyadnz|hourly,2026-08-17T18:48:05Z,2026-08-17T18:48:05Z,
51.195.183.86,ipv4,botnet,high,WHITE,blocklist.de/bots|blocklist.de/all|ziyadnz/hourly-ipv4,blocklist.de|bot|irc-bot|brute-force|ziyadnz|hourly,2026-08-17T18:48:05Z,2026-08-17T18:48:05Z,
51.195.183.87,ipv4,botnet,high,WHITE,blocklist.de/bots|blocklist.de/all|ziyadnz/hourly-ipv4,blocklist.de|bot|irc-bot|brute-force|ziyadnz|hourly,2026-08-17T18:48:05Z,2026-08-17T18:48:05Z,
51.195.183.9,ipv4,botnet,high,WHITE,blocklist.de/bots|blocklist.de/all|ziyadnz/hourly-ipv4,blocklist.de|bot|irc-bot|brute-force|ziyadnz|hourly,2026-08-17T18:48:05Z,2026-08-17T18:48:05Z,
51.195.183.91,ipv4,botnet,high,WHITE,blocklist.de/bots|blocklist.de/all|ziyadnz/hourly-ipv4,blocklist.de|bot|irc-bot|brute-force|ziyadnz|hourly,2026-08-17T18:48:05Z,2026-08-17T18:48:05Z,
51.195.183.92,ipv4,botnet,high,WHITE,blocklist.de/bots|blocklist.de/all|ziyadnz/hourly-ipv4,blocklist.de|bot|irc-bot|brute-force|ziyadnz|hourly,2026-08-17T18:48:05Z,2026-08-17T18:48:05Z,
51.195.183.93,ipv4,botnet,high,WHITE,blocklist.de/bots|blocklist.de/all|ziyadnz/hourly-ipv4,blocklist.de|bot|irc-bot|brute-force|ziyadnz|hourly,2026-08-17T18:48:05Z,2026-08-17T18:48:05Z,
51.195.183.94,ipv4,botnet,high,WHITE,blocklist.de/bots|blocklist.de/all|ziyadnz/hourly-ipv4,blocklist.de|bot|irc-bot|brute-force|ziyadnz|hourly,2026-08-17T18:48:05Z,2026-08-17T18:48:05Z,
51.195.183.95,ipv4,botnet,high,WHITE,blocklist.de/bots|blocklist.de/all|ziyadnz/hourly-ipv4,blocklist.de|bot|irc-bot|brute-force|ziyadnz|hourly,2026-08-17T18:48:05Z,2026-08-17T18:48:05Z,
51.195.183.96,ipv4,botnet,high,WHITE,blocklist.de/bots|blocklist.de/all|ziyadnz/hourly-ipv4,blocklist.de|bot|irc-bot|brute-force|ziyadnz|hourly,2026-08-17T18:48:05Z,2026-08-17T18:48:05Z,
51.195.215.1,ipv4,botnet,high,WHITE,blocklist.de/bots|blocklist.de/all|ziyadnz/hourly-ipv4,blocklist.de|bot|irc-bot|brute-force|ziyadnz|hourly,2026-08-17T18:48:05Z,2026-08-17T18:48:05Z,
51.195.215.10,ipv4,botnet,high,WHITE,blocklist.de/bots|blocklist.de/all|ziyadnz/hourly-ipv4,blocklist.de|bot|irc-bot|brute-force|ziyadnz|hourly,2026-08-17T18:48:05Z,2026-08-17T18:48:05Z,
51.195.215.100,ipv4,botnet,high,WHITE,blocklist.de/bots|blocklist.de/all|ziyadnz/hourly-ipv4,blocklist.de|bot|irc-bot|brute-force|ziyadnz|hourly,2026-08-17T18:48:05Z,2026-08-17T18:48:05Z,
51.195.215.101,ipv4,botnet,high,WHITE,blocklist.de/bots|blocklist.de/all|ziyadnz/hourly-ipv4,blocklist.de|bot|irc-bot|brute-force|ziyadnz|hourly,2026-08-17T18:48:05Z,2026-08-17T18:48:05Z,
51.195.215.102,ipv4,botnet,high,WHITE,blocklist.de/bots|blocklist.de/all|ziyadnz/hourly-ipv4,blocklist.de|bot|irc-bot|brute-force|ziyadnz|hourly,2026-08-17T18:48:05Z,2026-08-17T18:48:05Z,
51.195.215.104,ipv4,botnet,high,WHITE,blocklist.de/bots|blocklist.de/all|ziyadnz/hourly-ipv4,blocklist.de|bot|irc-bot|brute-force|ziyadnz|hourly,2026-08-17T18:48:05Z,2026-08-17T18:48:05Z,
51.195.215.106,ipv4,botnet,high,WHITE,blocklist.de/bots|blocklist.de/all|ziyadnz/hourly-ipv4,blocklist.de|bot|irc-bot|brute-force|ziyadnz|hourly,2026-08-17T18:48:05Z,2026-08-17T18:48:05Z,
51.195.215.108,ipv4,botnet,high,WHITE,blocklist.de/bots|blocklist.de/all|ziyadnz/hourly-ipv4,blocklist.de|bot|irc-bot|brute-force|ziyadnz|hourly,2026-08-17T18:48:05Z,2026-08-17T18:48:05Z,
51.195.215.11,ipv4,botnet,high,WHITE,blocklist.de/bots|blocklist.de/all|ziyadnz/hourly-ipv4,blocklist.de|bot|irc-bot|brute-force|ziyadnz|hourly,2026-08-17T18:48:05Z,2026-08-17T18:48:05Z,
51.195.215.110,ipv4,botnet,high,WHITE,blocklist.de/bots|blocklist.de/all|ziyadnz/hourly-ipv4,blocklist.de|bot|irc-bot|brute-force|ziyadnz|hourly,2026-08-17T18:48:05Z,2026-08-17T18:48:05Z,
51.195.215.111,ipv4,botnet,high,WHITE,blocklist.de/bots|blocklist.de/all|ziyadnz/hourly-ipv4,blocklist.de|bot|irc-bot|brute-force|ziyadnz|hourly,2026-08-17T18:48:05Z,2026-08-17T18:48:05Z,
51.195.215.112,ipv4,botnet,high,WHITE,blocklist.de/bots|blocklist.de/all|ziyadnz/hourly-ipv4,blocklist.de|bot|irc-bot|brute-force|ziyadnz|hourly,2026-08-17T18:48:05Z,2026-08-17T18:48:05Z,
51.195.215.113,ipv4,botnet,high,WHITE,blocklist.de/bots|blocklist.de/all|ziyadnz/hourly-ipv4,blocklist.de|bot|irc-bot|brute-force|ziyadnz|hourly,2026-08-17T18:48:05Z,2026-08-17T18:48:05Z,
51.195.215.114,ipv4,botnet,high,WHITE,blocklist.de/bots|blocklist.de/all|ziyadnz/hourly-ipv4,blocklist.de|bot|irc-bot|brute-force|ziyadnz|hourly,2026-08-17T18:48:05Z,2026-08-17T18:48:05Z,
51.195.215.115,ipv4,botnet,high,WHITE,blocklist.de/bots|blocklist.de/all|ziyadnz/hourly-ipv4,blocklist.de|bot|irc-bot|brute-force|ziyadnz|hourly,2026-08-17T18:48:05Z,2026-08-17T18:48:05Z,
51.195.215.116,ipv4,botnet,high,WHITE,blocklist.de/bots|blocklist.de/all|ziyadnz/hourly-ipv4,blocklist.de|bot|irc-bot|brute-force|ziyadnz|hourly,2026-08-17T18:48:05Z,2026-08-17T18:48:05Z,
51.195.215.118,ipv4,botnet,high,WHITE,blocklist.de/bots|blocklist.de/all|ziyadnz/hourly-ipv4,blocklist.de|bot|irc-bot|brute-force|ziyadnz|hourly,2026-08-17T18:48:05Z,2026-08-17T18:48:05Z,
51.195.215.119,ipv4,botnet,high,WHITE,blocklist.de/bots|blocklist.de/all|ziyadnz/hourly-ipv4,blocklist.de|bot|irc-bot|brute-force|ziyadnz|hourly,2026-08-17T18:48:05Z,2026-08-17T18:48:05Z,
51.195.215.120,ipv4,botnet,high,WHITE,blocklist.de/bots|blocklist.de/all|ziyadnz/hourly-ipv4,blocklist.de|bot|irc-bot|brute-force|ziyadnz|hourly,2026-08-17T18:48:05Z,2026-08-17T18:48:05Z,
51.195.215.121,ipv4,botnet,high,WHITE,blocklist.de/bots|blocklist.de/all|ziyadnz/hourly-ipv4,blocklist.de|bot|irc-bot|brute-force|ziyadnz|hourly,2026-08-17T18:48:05Z,2026-08-17T18:48:05Z,
51.195.215.124,ipv4,botnet,high,WHITE,blocklist.de/bots|blocklist.de/all|ziyadnz/hourly-ipv4,blocklist.de|bot|irc-bot|brute-force|ziyadnz|hourly,2026-08-17T18:48:05Z,2026-08-17T18:48:05Z,
51.195.215.125,ipv4,botnet,high,WHITE,blocklist.de/bots|blocklist.de/all|ziyadnz/hourly-ipv4,blocklist.de|bot|irc-bot|brute-force|ziyadnz|hourly,2026-08-17T18:48:05Z,2026-08-17T18:48:05Z,
51.195.215.126,ipv4,botnet,high,WHITE,blocklist.de/bots|blocklist.de/all|ziyadnz/hourly-ipv4,blocklist.de|bot|irc-bot|brute-force|ziyadnz|hourly,2026-08-17T18:48:05Z,2026-08-17T18:48:05Z,
51.195.215.129,ipv4,botnet,high,WHITE,blocklist.de/bots|blocklist.de/all|ziyadnz/hourly-ipv4,blocklist.de|bot|irc-bot|brute-force|ziyadnz|hourly,2026-08-17T18:48:05Z,2026-08-17T18:48:05Z,
51.195.215.13,ipv4,botnet,medium,WHITE,blocklist.de/bots|blocklist.de/all,blocklist.de|bot|irc-bot|brute-force|ziyadnz|hourly,2026-08-17T18:48:05Z,2026-08-17T18:48:05Z,
51.195.215.132,ipv4,botnet,high,WHITE,blocklist.de/bots|blocklist.de/all|ziyadnz/hourly-ipv4,blocklist.de|bot|irc-bot|brute-force|ziyadnz|hourly,2026-08-17T18:48:05Z,2026-08-17T18:48:05Z,
51.195.215.137,ipv4,botnet,high,WHITE,blocklist.de/bots|blocklist.de/all|ziyadnz/hourly-ipv4,blocklist.de|bot|irc-bot|brute-force|ziyadnz|hourly,2026-08-17T18:48:05Z,2026-08-17T18:48:05Z,
51.195.215.14,ipv4,botnet,high,WHITE,blocklist.de/bots|blocklist.de/all|ziyadnz/hourly-ipv4,blocklist.de|bot|irc-bot|brute-force|ziyadnz|hourly,2026-08-17T18:48:05Z,2026-08-17T18:48:05Z,
51.195.215.140,ipv4,botnet,high,WHITE,blocklist.de/bots|blocklist.de/all|ziyadnz/hourly-ipv4,blocklist.de|bot|irc-bot|brute-force|ziyadnz|hourly,2026-08-17T18:48:05Z,2026-08-17T18:48:05Z,
51.195.215.142,ipv4,botnet,high,WHITE,blocklist.de/bots|blocklist.de/all|ziyadnz/hourly-ipv4,blocklist.de|bot|irc-bot|brute-force|ziyadnz|hourly,2026-08-17T18:48:05Z,2026-08-17T18:48:05Z,
51.195.215.143,ipv4,botnet,high,WHITE,blocklist.de/bots|blocklist.de/all|ziyadnz/hourly-ipv4,blocklist.de|bot|irc-bot|brute-force|ziyadnz|hourly,2026-08-17T18:48:05Z,2026-08-17T18:48:05Z,
51.195.215.147,ipv4,botnet,high,WHITE,blocklist.de/bots|blocklist.de/all|ziyadnz/hourly-ipv4,blocklist.de|bot|irc-bot|brute-force|ziyadnz|hourly,2026-08-17T18:48:05Z,2026-08-17T18:48:05Z,
51.195.215.150,ipv4,botnet,high,WHITE,blocklist.de/bots|blocklist.de/all|ziyadnz/hourly-ipv4,blocklist.de|bot|irc-bot|brute-force|ziyadnz|hourly,2026-08-17T18:48:05Z,2026-08-17T18:48:05Z,
51.195.215.153,ipv4,botnet,high,WHITE,blocklist.de/bots|blocklist.de/all|ziyadnz/hourly-ipv4,blocklist.de|bot|irc-bot|brute-force|ziyadnz|hourly,2026-08-17T18:48:05Z,2026-08-17T18:48:05Z,
51.195.215.156,ipv4,botnet,high,WHITE,blocklist.de/bots|blocklist.de/all|ziyadnz/hourly-ipv4,blocklist.de|bot|irc-bot|brute-force|ziyadnz|hourly,2026-08-17T18:48:05Z,2026-08-17T18:48:05Z,
51.195.215.158,ipv4,botnet,high,WHITE,blocklist.de/bots|blocklist.de/all|ziyadnz/hourly-ipv4,blocklist.de|bot|irc-bot|brute-force|ziyadnz|hourly,2026-08-17T18:48:05Z,2026-08-17T18:48:05Z,
51.195.215.16,ipv4,botnet,high,WHITE,blocklist.de/bots|blocklist.de/all|ziyadnz/hourly-ipv4,blocklist.de|bot|irc-bot|brute-force|ziyadnz|hourly,2026-08-17T18:48:05Z,2026-08-17T18:48:05Z,
51.195.215.160,ipv4,botnet,high,WHITE,blocklist.de/bots|blocklist.de/all|ziyadnz/hourly-ipv4,blocklist.de|bot|irc-bot|brute-force|ziyadnz|hourly,2026-08-17T18:48:05Z,2026-08-17T18:48:05Z,
51.195.215.161,ipv4,botnet,high,WHITE,blocklist.de/bots|blocklist.de/all|ziyadnz/hourly-ipv4,blocklist.de|bot|irc-bot|brute-force|ziyadnz|hourly,2026-08-17T18:48:05Z,2026-08-17T18:48:05Z,
51.195.215.162,ipv4,botnet,high,WHITE,blocklist.de/bots|blocklist.de/all|ziyadnz/hourly-ipv4,blocklist.de|bot|irc-bot|brute-force|ziyadnz|hourly,2026-08-17T18:48:05Z,2026-08-17T18:48:05Z,
51.195.215.163,ipv4,botnet,high,WHITE,blocklist.de/bots|blocklist.de/all|ziyadnz/hourly-ipv4,blocklist.de|bot|irc-bot|brute-force|ziyadnz|hourly,2026-08-17T18:48:05Z,2026-08-17T18:48:05Z,
51.195.215.168,ipv4,botnet,high,WHITE,blocklist.de/bots|blocklist.de/all|ziyadnz/hourly-ipv4,blocklist.de|bot|irc-bot|brute-force|ziyadnz|hourly,2026-08-17T18:48:05Z,2026-08-17T18:48:05Z,
51.195.215.170,ipv4,botnet,high,WHITE,blocklist.de/bots|blocklist.de/all|ziyadnz/hourly-ipv4,blocklist.de|bot|irc-bot|brute-force|ziyadnz|hourly,2026-08-17T18:48:05Z,2026-08-17T18:48:05Z,
51.195.215.172,ipv4,botnet,high,WHITE,blocklist.de/bots|blocklist.de/all|ziyadnz/hourly-ipv4,blocklist.de|bot|irc-bot|brute-force|ziyadnz|hourly,2026-08-17T18:48:05Z,2026-08-17T18:48:05Z,
51.195.215.176,ipv4,botnet,high,WHITE,blocklist.de/bots|blocklist.de/all|ziyadnz/hourly-ipv4,blocklist.de|bot|irc-bot|brute-force|ziyadnz|hourly,2026-08-17T18:48:05Z,2026-08-17T18:48:05Z,
51.195.215.179,ipv4,botnet,high,WHITE,blocklist.de/bots|blocklist.de/all|ziyadnz/hourly-ipv4,blocklist.de|bot|irc-bot|brute-force|ziyadnz|hourly,2026-08-17T18:48:05Z,2026-08-17T18:48:05Z,
51.195.215.18,ipv4,botnet,high,WHITE,blocklist.de/bots|blocklist.de/all|ziyadnz/hourly-ipv4,blocklist.de|bot|irc-bot|brute-force|ziyadnz|hourly,2026-08-17T18:48:05Z,2026-08-17T18:48:05Z,
51.195.215.183,ipv4,botnet,high,WHITE,blocklist.de/bots|blocklist.de/all|ziyadnz/hourly-ipv4,blocklist.de|bot|irc-bot|brute-force|ziyadnz|hourly,2026-08-17T18:48:05Z,2026-08-17T18:48:05Z,
51.195.215.184,ipv4,botnet,high,WHITE,blocklist.de/bots|blocklist.de/all|ziyadnz/hourly-ipv4,blocklist.de|bot|irc-bot|brute-force|ziyadnz|hourly,2026-08-17T18:48:05Z,2026-08-17T18:48:05Z,
51.195.215.190,ipv4,botnet,high,WHITE,blocklist.de/bots|blocklist.de/all|ziyadnz/hourly-ipv4,blocklist.de|bot|irc-bot|brute-force|ziyadnz|hourly,2026-08-17T18:48:05Z,2026-08-17T18:48:05Z,
51.195.215.191,ipv4,botnet,high,WHITE,blocklist.de/bots|blocklist.de/all|ziyadnz/hourly-ipv4,blocklist.de|bot|irc-bot|brute-force|ziyadnz|hourly,2026-08-17T18:48:05Z,2026-08-17T18:48:05Z,
51.195.215.196,ipv4,botnet,high,WHITE,blocklist.de/bots|blocklist.de/all|ziyadnz/hourly-ipv4,blocklist.de|bot|irc-bot|brute-force|ziyadnz|hourly,2026-08-17T18:48:05Z,2026-08-17T18:48:05Z,
51.195.215.199,ipv4,botnet,high,WHITE,blocklist.de/bots|blocklist.de/all|ziyadnz/hourly-ipv4,blocklist.de|bot|irc-bot|brute-force|ziyadnz|hourly,2026-08-17T18:48:05Z,2026-08-17T18:48:05Z,
51.195.215.2,ipv4,botnet,high,WHITE,blocklist.de/bots|blocklist.de/all|ziyadnz/hourly-ipv4,blocklist.de|bot|irc-bot|brute-force|ziyadnz|hourly,2026-08-17T18:48:05Z,2026-08-17T18:48:05Z,
51.195.215.200,ipv4,botnet,high,WHITE,blocklist.de/bots|blocklist.de/all|ziyadnz/hourly-ipv4,blocklist.de|bot|irc-bot|brute-force|ziyadnz|hourly,2026-08-17T18:48:05Z,2026-08-17T18:48:05Z,
51.195.215.201,ipv4,botnet,high,WHITE,blocklist.de/bots|blocklist.de/all|ziyadnz/hourly-ipv4,blocklist.de|bot|irc-bot|brute-force|ziyadnz|hourly,2026-08-17T18:48:05Z,2026-08-17T18:48:05Z,
51.195.215.202,ipv4,botnet,high,WHITE,blocklist.de/bots|blocklist.de/all|ziyadnz/hourly-ipv4,blocklist.de|bot|irc-bot|brute-force|ziyadnz|hourly,2026-08-17T18:48:05Z,2026-08-17T18:48:05Z,
51.195.215.205,ipv4,botnet,high,WHITE,blocklist.de/bots|blocklist.de/all|ziyadnz/hourly-ipv4,blocklist.de|bot|irc-bot|brute-force|ziyadnz|hourly,2026-08-17T18:48:05Z,2026-08-17T18:48:05Z,
51.195.215.207,ipv4,botnet,high,WHITE,blocklist.de/bots|blocklist.de/all|ziyadnz/hourly-ipv4,blocklist.de|bot|irc-bot|brute-force|ziyadnz|hourly,2026-08-17T18:48:05Z,2026-08-17T18:48:05Z,
51.195.215.208,ipv4,botnet,high,WHITE,blocklist.de/bots|blocklist.de/all|ziyadnz/hourly-ipv4,blocklist.de|bot|irc-bot|brute-force|ziyadnz|hourly,2026-08-17T18:48:05Z,2026-08-17T18:48:05Z,
51.195.215.210,ipv4,botnet,high,WHITE,blocklist.de/bots|blocklist.de/all|ziyadnz/hourly-ipv4,blocklist.de|bot|irc-bot|brute-force|ziyadnz|hourly,2026-08-17T18:48:05Z,2026-08-17T18:48:05Z,
51.195.215.211,ipv4,botnet,high,WHITE,blocklist.de/bots|blocklist.de/all|ziyadnz/hourly-ipv4,blocklist.de|bot|irc-bot|brute-force|ziyadnz|hourly,2026-08-17T18:48:05Z,2026-08-17T18:48:05Z,
51.195.215.213,ipv4,botnet,high,WHITE,blocklist.de/bots|blocklist.de/all|ziyadnz/hourly-ipv4,blocklist.de|bot|irc-bot|brute-force|ziyadnz|hourly,2026-08-17T18:48:05Z,2026-08-17T18:48:05Z,
51.195.215.215,ipv4,botnet,high,WHITE,blocklist.de/bots|blocklist.de/all|ziyadnz/hourly-ipv4,blocklist.de|bot|irc-bot|brute-force|ziyadnz|hourly,2026-08-17T18:48:05Z,2026-08-17T18:48:05Z,
51.195.215.216,ipv4,botnet,high,WHITE,blocklist.de/bots|blocklist.de/all|ziyadnz/hourly-ipv4,blocklist.de|bot|irc-bot|brute-force|ziyadnz|hourly,2026-08-17T18:48:05Z,2026-08-17T18:48:05Z,
51.195.215.217,ipv4,botnet,high,WHITE,blocklist.de/bots|blocklist.de/all|ziyadnz/hourly-ipv4,blocklist.de|bot|irc-bot|brute-force|ziyadnz|hourly,2026-08-17T18:48:05Z,2026-08-17T18:48:05Z,
51.195.215.22,ipv4,botnet,high,WHITE,blocklist.de/bots|blocklist.de/all|ziyadnz/hourly-ipv4,blocklist.de|bot|irc-bot|brute-force|ziyadnz|hourly,2026-08-17T18:48:05Z,2026-08-17T18:48:05Z,
51.195.215.220,ipv4,botnet,high,WHITE,blocklist.de/bots|blocklist.de/all|ziyadnz/hourly-ipv4,blocklist.de|bot|irc-bot|brute-force|ziyadnz|hourly,2026-08-17T18:48:05Z,2026-08-17T18:48:05Z,
51.195.215.224,ipv4,botnet,high,WHITE,blocklist.de/bots|blocklist.de/all|ziyadnz/hourly-ipv4,blocklist.de|bot|irc-bot|brute-force|ziyadnz|hourly,2026-08-17T18:48:05Z,2026-08-17T18:48:05Z,
51.195.215.226,ipv4,botnet,high,WHITE,blocklist.de/bots|blocklist.de/all|ziyadnz/hourly-ipv4,blocklist.de|bot|irc-bot|brute-force|ziyadnz|hourly,2026-08-17T18:48:05Z,2026-08-17T18:48:05Z,
51.195.215.227,ipv4,botnet,high,WHITE,blocklist.de/bots|blocklist.de/all|ziyadnz/hourly-ipv4,blocklist.de|bot|irc-bot|brute-force|ziyadnz|hourly,2026-08-17T18:48:05Z,2026-08-17T18:48:05Z,
51.195.215.228,ipv4,botnet,high,WHITE,blocklist.de/bots|blocklist.de/all|ziyadnz/hourly-ipv4,blocklist.de|bot|irc-bot|brute-force|ziyadnz|hourly,2026-08-17T18:48:05Z,2026-08-17T18:48:05Z,
51.195.215.229,ipv4,botnet,high,WHITE,blocklist.de/bots|blocklist.de/all|ziyadnz/hourly-ipv4,blocklist.de|bot|irc-bot|brute-force|ziyadnz|hourly,2026-08-17T18:48:05Z,2026-08-17T18:48:05Z,
51.195.215.23,ipv4,botnet,high,WHITE,blocklist.de/bots|blocklist.de/all|ziyadnz/hourly-ipv4,blocklist.de|bot|irc-bot|brute-force|ziyadnz|hourly,2026-08-17T18:48:05Z,2026-08-17T18:48:05Z,
51.195.215.232,ipv4,botnet,high,WHITE,blocklist.de/bots|blocklist.de/all|ziyadnz/hourly-ipv4,blocklist.de|bot|irc-bot|brute-force|ziyadnz|hourly,2026-08-17T18:48:05Z,2026-08-17T18:48:05Z,
51.195.215.234,ipv4,botnet,high,WHITE,blocklist.de/bots|blocklist.de/all|ziyadnz/hourly-ipv4,blocklist.de|bot|irc-bot|brute-force|ziyadnz|hourly,2026-08-17T18:48:05Z,2026-08-17T18:48:05Z,
51.195.215.237,ipv4,botnet,high,WHITE,blocklist.de/bots|blocklist.de/all|ziyadnz/hourly-ipv4,blocklist.de|bot|irc-bot|brute-force|ziyadnz|hourly,2026-08-17T18:48:05Z,2026-08-17T18:48:05Z,
51.195.215.24,ipv4,botnet,high,WHITE,blocklist.de/bots|blocklist.de/all|ziyadnz/hourly-ipv4,blocklist.de|bot|irc-bot|brute-force|ziyadnz|hourly,2026-08-17T18:48:05Z,2026-08-17T18:48:05Z,
51.195.215.242,ipv4,botnet,high,WHITE,blocklist.de/bots|blocklist.de/all|ziyadnz/hourly-ipv4,blocklist.de|bot|irc-bot|brute-force|ziyadnz|hourly,2026-08-17T18:48:05Z,2026-08-17T18:48:05Z,
51.195.215.244,ipv4,botnet,high,WHITE,blocklist.de/bots|blocklist.de/all|ziyadnz/hourly-ipv4,blocklist.de|bot|irc-bot|brute-force|ziyadnz|hourly,2026-08-17T18:48:05Z,2026-08-17T18:48:05Z,
51.195.215.25,ipv4,botnet,high,WHITE,blocklist.de/bots|blocklist.de/all|ziyadnz/hourly-ipv4,blocklist.de|bot|irc-bot|brute-force|ziyadnz|hourly,2026-08-17T18:48:05Z,2026-08-17T18:48:05Z,
51.195.215.252,ipv4,botnet,high,WHITE,blocklist.de/bots|blocklist.de/all|ziyadnz/hourly-ipv4,blocklist.de|bot|irc-bot|brute-force|ziyadnz|hourly,2026-08-17T18:48:05Z,2026-08-17T18:48:05Z,
51.195.215.255,ipv4,botnet,medium,WHITE,blocklist.de/bots|blocklist.de/all,blocklist.de|bot|irc-bot|brute-force|ziyadnz|hourly,2026-08-17T18:48:05Z,2026-08-17T18:48:05Z,
51.195.215.3,ipv4,botnet,high,WHITE,blocklist.de/bots|blocklist.de/all|ziyadnz/hourly-ipv4,blocklist.de|bot|irc-bot|brute-force|ziyadnz|hourly,2026-08-17T18:48:05Z,2026-08-17T18:48:05Z,
51.195.215.30,ipv4,botnet,high,WHITE,blocklist.de/bots|blocklist.de/all|ziyadnz/hourly-ipv4,blocklist.de|bot|irc-bot|brute-force|ziyadnz|hourly,2026-08-17T18:48:05Z,2026-08-17T18:48:05Z,
51.195.215.32,ipv4,botnet,high,WHITE,blocklist.de/bots|blocklist.de/all|ziyadnz/hourly-ipv4,blocklist.de|bot|irc-bot|brute-force|ziyadnz|hourly,2026-08-17T18:48:05Z,2026-08-17T18:48:05Z,
51.195.215.36,ipv4,botnet,high,WHITE,blocklist.de/bots|blocklist.de/all|ziyadnz/hourly-ipv4,blocklist.de|bot|irc-bot|brute-force|ziyadnz|hourly,2026-08-17T18:48:05Z,2026-08-17T18:48:05Z,
51.195.215.40,ipv4,botnet,high,WHITE,blocklist.de/bots|blocklist.de/all|ziyadnz/hourly-ipv4,blocklist.de|bot|irc-bot|brute-force|ziyadnz|hourly,2026-08-17T18:48:05Z,2026-08-17T18:48:05Z,
51.195.215.45,ipv4,botnet,high,WHITE,blocklist.de/bots|blocklist.de/all|ziyadnz/hourly-ipv4,blocklist.de|bot|irc-bot|brute-force|ziyadnz|hourly,2026-08-17T18:48:05Z,2026-08-17T18:48:05Z,
51.195.215.50,ipv4,botnet,high,WHITE,blocklist.de/bots|blocklist.de/all|ziyadnz/hourly-ipv4,blocklist.de|bot|irc-bot|brute-force|ziyadnz|hourly,2026-08-17T18:48:05Z,2026-08-17T18:48:05Z,
51.195.215.56,ipv4,botnet,high,WHITE,blocklist.de/bots|blocklist.de/all|ziyadnz/hourly-ipv4,blocklist.de|bot|irc-bot|brute-force|ziyadnz|hourly,2026-08-17T18:48:05Z,2026-08-17T18:48:05Z,
51.195.215.58,ipv4,botnet,high,WHITE,blocklist.de/bots|blocklist.de/all|ziyadnz/hourly-ipv4,blocklist.de|bot|irc-bot|brute-force|ziyadnz|hourly,2026-08-17T18:48:05Z,2026-08-17T18:48:05Z,
51.195.215.59,ipv4,botnet,high,WHITE,blocklist.de/bots|blocklist.de/all|ziyadnz/hourly-ipv4,blocklist.de|bot|irc-bot|brute-force|ziyadnz|hourly,2026-08-17T18:48:05Z,2026-08-17T18:48:05Z,
51.195.215.6,ipv4,botnet,high,WHITE,blocklist.de/bots|blocklist.de/all|ziyadnz/hourly-ipv4,blocklist.de|bot|irc-bot|brute-force|ziyadnz|hourly,2026-08-17T18:48:05Z,2026-08-17T18:48:05Z,
51.195.215.60,ipv4,botnet,high,WHITE,blocklist.de/bots|blocklist.de/all|ziyadnz/hourly-ipv4,blocklist.de|bot|irc-bot|brute-force|ziyadnz|hourly,2026-08-17T18:48:05Z,2026-08-17T18:48:05Z,
51.195.215.61,ipv4,botnet,high,WHITE,blocklist.de/bots|blocklist.de/all|ziyadnz/hourly-ipv4,blocklist.de|bot|irc-bot|brute-force|ziyadnz|hourly,2026-08-17T18:48:05Z,2026-08-17T18:48:05Z,
51.195.215.62,ipv4,botnet,high,WHITE,blocklist.de/bots|blocklist.de/all|ziyadnz/hourly-ipv4,blocklist.de|bot|irc-bot|brute-force|ziyadnz|hourly,2026-08-17T18:48:05Z,2026-08-17T18:48:05Z,
51.195.215.63,ipv4,botnet,high,WHITE,blocklist.de/bots|blocklist.de/all|ziyadnz/hourly-ipv4,blocklist.de|bot|irc-bot|brute-force|ziyadnz|hourly,2026-08-17T18:48:05Z,2026-08-17T18:48:05Z,
51.195.215.64,ipv4,botnet,high,WHITE,blocklist.de/bots|blocklist.de/all|ziyadnz/hourly-ipv4,blocklist.de|bot|irc-bot|brute-force|ziyadnz|hourly,2026-08-17T18:48:05Z,2026-08-17T18:48:05Z,
51.195.215.66,ipv4,botnet,high,WHITE,blocklist.de/bots|blocklist.de/all|ziyadnz/hourly-ipv4,blocklist.de|bot|irc-bot|brute-force|ziyadnz|hourly,2026-08-17T18:48:05Z,2026-08-17T18:48:05Z,
51.195.215.67,ipv4,botnet,high,WHITE,blocklist.de/bots|blocklist.de/all|ziyadnz/hourly-ipv4,blocklist.de|bot|irc-bot|brute-force|ziyadnz|hourly,2026-08-17T18:48:05Z,2026-08-17T18:48:05Z,
51.195.215.68,ipv4,botnet,high,WHITE,blocklist.de/bots|blocklist.de/all|ziyadnz/hourly-ipv4,blocklist.de|bot|irc-bot|brute-force|ziyadnz|hourly,2026-08-17T18:48:05Z,2026-08-17T18:48:05Z,
51.195.215.69,ipv4,botnet,high,WHITE,blocklist.de/bots|blocklist.de/all|ziyadnz/hourly-ipv4,blocklist.de|bot|irc-bot|brute-force|ziyadnz|hourly,2026-08-17T18:48:05Z,2026-08-17T18:48:05Z,
51.195.215.7,ipv4,botnet,high,WHITE,blocklist.de/bots|blocklist.de/all|ziyadnz/hourly-ipv4,blocklist.de|bot|irc-bot|brute-force|ziyadnz|hourly,2026-08-17T18:48:05Z,2026-08-17T18:48:05Z,
51.195.215.70,ipv4,botnet,high,WHITE,blocklist.de/bots|blocklist.de/all|ziyadnz/hourly-ipv4,blocklist.de|bot|irc-bot|brute-force|ziyadnz|hourly,2026-08-17T18:48:05Z,2026-08-17T18:48:05Z,
51.195.215.71,ipv4,botnet,high,WHITE,blocklist.de/bots|blocklist.de/all|ziyadnz/hourly-ipv4,blocklist.de|bot|irc-bot|brute-force|ziyadnz|hourly,2026-08-17T18:48:05Z,2026-08-17T18:48:05Z,
51.195.215.75,ipv4,botnet,high,WHITE,blocklist.de/bots|blocklist.de/all|ziyadnz/hourly-ipv4,blocklist.de|bot|irc-bot|brute-force|ziyadnz|hourly,2026-08-17T18:48:05Z,2026-08-17T18:48:05Z,
51.195.215.77,ipv4,botnet,high,WHITE,blocklist.de/bots|blocklist.de/all|ziyadnz/hourly-ipv4,blocklist.de|bot|irc-bot|brute-force|ziyadnz|hourly,2026-08-17T18:48:05Z,2026-08-17T18:48:05Z,
51.195.215.8,ipv4,botnet,high,WHITE,blocklist.de/bots|blocklist.de/all|ziyadnz/hourly-ipv4,blocklist.de|bot|irc-bot|brute-force|ziyadnz|hourly,2026-08-17T18:48:05Z,2026-08-17T18:48:05Z,
51.195.215.82,ipv4,botnet,high,WHITE,blocklist.de/bots|blocklist.de/all|ziyadnz/hourly-ipv4,blocklist.de|bot|irc-bot|brute-force|ziyadnz|hourly,2026-08-17T18:48:05Z,2026-08-17T18:48:05Z,
51.195.215.84,ipv4,botnet,high,WHITE,blocklist.de/bots|blocklist.de/all|ziyadnz/hourly-ipv4,blocklist.de|bot|irc-bot|brute-force|ziyadnz|hourly,2026-08-17T18:48:05Z,2026-08-17T18:48:05Z,
51.195.215.86,ipv4,botnet,high,WHITE,blocklist.de/bots|blocklist.de/all|ziyadnz/hourly-ipv4,blocklist.de|bot|irc-bot|brute-force|ziyadnz|hourly,2026-08-17T18:48:05Z,2026-08-17T18:48:05Z,
51.195.215.87,ipv4,botnet,high,WHITE,blocklist.de/bots|blocklist.de/all|ziyadnz/hourly-ipv4,blocklist.de|bot|irc-bot|brute-force|ziyadnz|hourly,2026-08-17T18:48:05Z,2026-08-17T18:48:05Z,
51.195.215.91,ipv4,botnet,high,WHITE,blocklist.de/bots|blocklist.de/all|ziyadnz/hourly-ipv4,blocklist.de|bot|irc-bot|brute-force|ziyadnz|hourly,2026-08-17T18:48:05Z,2026-08-17T18:48:05Z,
51.195.215.92,ipv4,botnet,high,WHITE,blocklist.de/bots|blocklist.de/all|ziyadnz/hourly-ipv4,blocklist.de|bot|irc-bot|brute-force|ziyadnz|hourly,2026-08-17T18:48:05Z,2026-08-17T18:48:05Z,
51.195.215.97,ipv4,botnet,high,WHITE,blocklist.de/bots|blocklist.de/all|ziyadnz/hourly-ipv4,blocklist.de|bot|irc-bot|brute-force|ziyadnz|hourly,2026-08-17T18:48:05Z,2026-08-17T18:48:05Z,
51.195.215.98,ipv4,botnet,high,WHITE,blocklist.de/bots|blocklist.de/all|ziyadnz/hourly-ipv4,blocklist.de|bot|irc-bot|brute-force|ziyadnz|hourly,2026-08-17T18:48:05Z,2026-08-17T18:48:05Z,
51.195.244.0,ipv4,botnet,high,WHITE,blocklist.de/bots|blocklist.de/all|ziyadnz/hourly-ipv4,blocklist.de|bot|irc-bot|brute-force|ziyadnz|hourly,2026-08-17T18:48:05Z,2026-08-17T18:48:05Z,
51.195.244.1,ipv4,botnet,high,WHITE,blocklist.de/bots|blocklist.de/all|ziyadnz/hourly-ipv4,blocklist.de|bot|irc-bot|brute-force|ziyadnz|hourly,2026-08-17T18:48:05Z,2026-08-17T18:48:05Z,
51.195.244.100,ipv4,botnet,medium,WHITE,blocklist.de/bots|blocklist.de/all,blocklist.de|bot|irc-bot|brute-force|ziyadnz|hourly,2026-08-17T18:48:05Z,2026-08-17T18:48:05Z,
51.195.244.108,ipv4,botnet,high,WHITE,blocklist.de/bots|blocklist.de/all|ziyadnz/hourly-ipv4,blocklist.de|bot|irc-bot|brute-force|ziyadnz|hourly,2026-08-17T18:48:05Z,2026-08-17T18:48:05Z,
51.195.244.109,ipv4,botnet,high,WHITE,blocklist.de/bots|blocklist.de/all|ziyadnz/hourly-ipv4,blocklist.de|bot|irc-bot|brute-force|ziyadnz|hourly,2026-08-17T18:48:05Z,2026-08-17T18:48:05Z,
51.195.244.111,ipv4,botnet,high,WHITE,blocklist.de/bots|blocklist.de/all|ziyadnz/hourly-ipv4,blocklist.de|bot|irc-bot|brute-force|ziyadnz|hourly,2026-08-17T18:48:05Z,2026-08-17T18:48:05Z,
51.195.244.112,ipv4,botnet,high,WHITE,blocklist.de/bots|blocklist.de/all|ziyadnz/hourly-ipv4,blocklist.de|bot|irc-bot|brute-force|ziyadnz|hourly,2026-08-17T18:48:05Z,2026-08-17T18:48:05Z,
51.195.244.115,ipv4,botnet,high,WHITE,blocklist.de/bots|blocklist.de/all|ziyadnz/hourly-ipv4,blocklist.de|bot|irc-bot|brute-force|ziyadnz|hourly,2026-08-17T18:48:05Z,2026-08-17T18:48:05Z,
51.195.244.117,ipv4,botnet,high,WHITE,blocklist.de/bots|blocklist.de/all|ziyadnz/hourly-ipv4,blocklist.de|bot|irc-bot|brute-force|ziyadnz|hourly,2026-08-17T18:48:05Z,2026-08-17T18:48:05Z,
51.195.244.118,ipv4,botnet,high,WHITE,blocklist.de/bots|blocklist.de/all|ziyadnz/hourly-ipv4,blocklist.de|bot|irc-bot|brute-force|ziyadnz|hourly,2026-08-17T18:48:05Z,2026-08-17T18:48:05Z,
51.195.244.119,ipv4,botnet,high,WHITE,blocklist.de/bots|blocklist.de/all|ziyadnz/hourly-ipv4,blocklist.de|bot|irc-bot|brute-force|ziyadnz|hourly,2026-08-17T18:48:05Z,2026-08-17T18:48:05Z,
51.195.244.122,ipv4,botnet,high,WHITE,blocklist.de/bots|blocklist.de/all|ziyadnz/hourly-ipv4,blocklist.de|bot|irc-bot|brute-force|ziyadnz|hourly,2026-08-17T18:48:05Z,2026-08-17T18:48:05Z,
51.195.244.123,ipv4,botnet,high,WHITE,blocklist.de/bots|blocklist.de/all|ziyadnz/hourly-ipv4,blocklist.de|bot|irc-bot|brute-force|ziyadnz|hourly,2026-08-17T18:48:05Z,2026-08-17T18:48:05Z,
51.195.244.127,ipv4,botnet,high,WHITE,blocklist.de/bots|blocklist.de/all|ziyadnz/hourly-ipv4,blocklist.de|bot|irc-bot|brute-force|ziyadnz|hourly,2026-08-17T18:48:05Z,2026-08-17T18:48:05Z,
51.195.244.128,ipv4,botnet,high,WHITE,blocklist.de/bots|blocklist.de/all|ziyadnz/hourly-ipv4,blocklist.de|bot|irc-bot|brute-force|ziyadnz|hourly,2026-08-17T18:48:05Z,2026-08-17T18:48:05Z,
51.195.244.129,ipv4,botnet,high,WHITE,blocklist.de/bots|blocklist.de/all|ziyadnz/hourly-ipv4,blocklist.de|bot|irc-bot|brute-force|ziyadnz|hourly,2026-08-17T18:48:05Z,2026-08-17T18:48:05Z,
51.195.244.132,ipv4,botnet,high,WHITE,blocklist.de/bots|blocklist.de/all|ziyadnz/hourly-ipv4,blocklist.de|bot|irc-bot|brute-force|ziyadnz|hourly,2026-08-17T18:48:05Z,2026-08-17T18:48:05Z,
51.195.244.135,ipv4,botnet,high,WHITE,blocklist.de/bots|blocklist.de/all|ziyadnz/hourly-ipv4,blocklist.de|bot|irc-bot|brute-force|ziyadnz|hourly,2026-08-17T18:48:05Z,2026-08-17T18:48:05Z,
51.195.244.136,ipv4,botnet,high,WHITE,blocklist.de/bots|blocklist.de/all|ziyadnz/hourly-ipv4,blocklist.de|bot|irc-bot|brute-force|ziyadnz|hourly,2026-08-17T18:48:05Z,2026-08-17T18:48:05Z,
51.195.244.139,ipv4,botnet,high,WHITE,blocklist.de/bots|blocklist.de/all|ziyadnz/hourly-ipv4,blocklist.de|bot|irc-bot|brute-force|ziyadnz|hourly,2026-08-17T18:48:05Z,2026-08-17T18:48:05Z,
51.195.244.140,ipv4,botnet,high,WHITE,blocklist.de/bots|blocklist.de/all|ziyadnz/hourly-ipv4,blocklist.de|bot|irc-bot|brute-force|ziyadnz|hourly,2026-08-17T18:48:05Z,2026-08-17T18:48:05Z,
51.195.244.141,ipv4,botnet,high,WHITE,blocklist.de/bots|blocklist.de/all|ziyadnz/hourly-ipv4,blocklist.de|bot|irc-bot|brute-force|ziyadnz|hourly,2026-08-17T18:48:05Z,2026-08-17T18:48:05Z,
51.195.244.142,ipv4,botnet,high,WHITE,blocklist.de/bots|blocklist.de/all|ziyadnz/hourly-ipv4,blocklist.de|bot|irc-bot|brute-force|ziyadnz|hourly,2026-08-17T18:48:05Z,2026-08-17T18:48:05Z,
51.195.244.145,ipv4,botnet,high,WHITE,blocklist.de/bots|blocklist.de/all|ziyadnz/hourly-ipv4,blocklist.de|bot|irc-bot|brute-force|ziyadnz|hourly,2026-08-17T18:48:05Z,2026-08-17T18:48:05Z,
51.195.244.149,ipv4,botnet,high,WHITE,blocklist.de/bots|blocklist.de/all|ziyadnz/hourly-ipv4,blocklist.de|bot|irc-bot|brute-force|ziyadnz|hourly,2026-08-17T18:48:05Z,2026-08-17T18:48:05Z,
51.195.244.150,ipv4,botnet,high,WHITE,blocklist.de/bots|blocklist.de/all|ziyadnz/hourly-ipv4,blocklist.de|bot|irc-bot|brute-force|ziyadnz|hourly,2026-08-17T18:48:05Z,2026-08-17T18:48:05Z,
51.195.244.153,ipv4,botnet,high,WHITE,blocklist.de/bots|blocklist.de/all|ziyadnz/hourly-ipv4,blocklist.de|bot|irc-bot|brute-force|ziyadnz|hourly,2026-08-17T18:48:05Z,2026-08-17T18:48:05Z,
51.195.244.155,ipv4,botnet,high,WHITE,blocklist.de/bots|blocklist.de/all|ziyadnz/hourly-ipv4,blocklist.de|bot|irc-bot|brute-force|ziyadnz|hourly,2026-08-17T18:48:05Z,2026-08-17T18:48:05Z,
51.195.244.157,ipv4,botnet,high,WHITE,blocklist.de/bots|blocklist.de/all|ziyadnz/hourly-ipv4,blocklist.de|bot|irc-bot|brute-force|ziyadnz|hourly,2026-08-17T18:48:05Z,2026-08-17T18:48:05Z,
51.195.244.16,ipv4,botnet,high,WHITE,blocklist.de/bots|blocklist.de/all|ziyadnz/hourly-ipv4,blocklist.de|bot|irc-bot|brute-force|ziyadnz|hourly,2026-08-17T18:48:05Z,2026-08-17T18:48:05Z,
51.195.244.160,ipv4,botnet,high,WHITE,blocklist.de/bots|blocklist.de/all|ziyadnz/hourly-ipv4,blocklist.de|bot|irc-bot|brute-force|ziyadnz|hourly,2026-08-17T18:48:05Z,2026-08-17T18:48:05Z,
51.195.244.163,ipv4,botnet,high,WHITE,blocklist.de/bots|blocklist.de/all|ziyadnz/hourly-ipv4,blocklist.de|bot|irc-bot|brute-force|ziyadnz|hourly,2026-08-17T18:48:05Z,2026-08-17T18:48:05Z,
51.195.244.167,ipv4,botnet,high,WHITE,blocklist.de/bots|blocklist.de/all|ziyadnz/hourly-ipv4,blocklist.de|bot|irc-bot|brute-force|ziyadnz|hourly,2026-08-17T18:48:05Z,2026-08-17T18:48:05Z,
51.195.244.168,ipv4,botnet,high,WHITE,blocklist.de/bots|blocklist.de/all|ziyadnz/hourly-ipv4,blocklist.de|bot|irc-bot|brute-force|ziyadnz|hourly,2026-08-17T18:48:05Z,2026-08-17T18:48:05Z,
51.195.244.17,ipv4,botnet,high,WHITE,blocklist.de/bots|blocklist.de/all|ziyadnz/hourly-ipv4,blocklist.de|bot|irc-bot|brute-force|ziyadnz|hourly,2026-08-17T18:48:05Z,2026-08-17T18:48:05Z,
51.195.244.171,ipv4,botnet,high,WHITE,blocklist.de/bots|blocklist.de/all|ziyadnz/hourly-ipv4,blocklist.de|bot|irc-bot|brute-force|ziyadnz|hourly,2026-08-17T18:48:05Z,2026-08-17T18:48:05Z,
51.195.244.174,ipv4,botnet,high,WHITE,blocklist.de/bots|blocklist.de/all|ziyadnz/hourly-ipv4,blocklist.de|bot|irc-bot|brute-force|ziyadnz|hourly,2026-08-17T18:48:05Z,2026-08-17T18:48:05Z,
51.195.244.175,ipv4,botnet,high,WHITE,blocklist.de/bots|blocklist.de/all|ziyadnz/hourly-ipv4,blocklist.de|bot|irc-bot|brute-force|ziyadnz|hourly,2026-08-17T18:48:05Z,2026-08-17T18:48:05Z,
51.195.244.176,ipv4,botnet,high,WHITE,blocklist.de/bots|blocklist.de/all|ziyadnz/hourly-ipv4,blocklist.de|bot|irc-bot|brute-force|ziyadnz|hourly,2026-08-17T18:48:05Z,2026-08-17T18:48:05Z,
51.195.244.177,ipv4,botnet,high,WHITE,blocklist.de/bots|blocklist.de/all|ziyadnz/hourly-ipv4,blocklist.de|bot|irc-bot|brute-force|ziyadnz|hourly,2026-08-17T18:48:05Z,2026-08-17T18:48:05Z,
51.195.244.178,ipv4,botnet,high,WHITE,blocklist.de/bots|blocklist.de/all|ziyadnz/hourly-ipv4,blocklist.de|bot|irc-bot|brute-force|ziyadnz|hourly,2026-08-17T18:48:05Z,2026-08-17T18:48:05Z,
51.195.244.179,ipv4,botnet,high,WHITE,blocklist.de/bots|blocklist.de/all|ziyadnz/hourly-ipv4,blocklist.de|bot|irc-bot|brute-force|ziyadnz|hourly,2026-08-17T18:48:05Z,2026-08-17T18:48:05Z,
51.195.244.18,ipv4,botnet,high,WHITE,blocklist.de/bots|blocklist.de/all|ziyadnz/hourly-ipv4,blocklist.de|bot|irc-bot|brute-force|ziyadnz|hourly,2026-08-17T18:48:05Z,2026-08-17T18:48:05Z,
51.195.244.180,ipv4,botnet,high,WHITE,blocklist.de/bots|blocklist.de/all|ziyadnz/hourly-ipv4,blocklist.de|bot|irc-bot|brute-force|ziyadnz|hourly,2026-08-17T18:48:05Z,2026-08-17T18:48:05Z,
51.195.244.183,ipv4,botnet,high,WHITE,blocklist.de/bots|blocklist.de/all|ziyadnz/hourly-ipv4,blocklist.de|bot|irc-bot|brute-force|ziyadnz|hourly,2026-08-17T18:48:05Z,2026-08-17T18:48:05Z,
51.195.244.184,ipv4,botnet,high,WHITE,blocklist.de/bots|blocklist.de/all|ziyadnz/hourly-ipv4,blocklist.de|bot|irc-bot|brute-force|ziyadnz|hourly,2026-08-17T18:48:05Z,2026-08-17T18:48:05Z,
51.195.244.188,ipv4,botnet,high,WHITE,blocklist.de/bots|blocklist.de/all|ziyadnz/hourly-ipv4,blocklist.de|bot|irc-bot|brute-force|ziyadnz|hourly,2026-08-17T18:48:05Z,2026-08-17T18:48:05Z,
51.195.244.19,ipv4,botnet,high,WHITE,blocklist.de/bots|blocklist.de/all|ziyadnz/hourly-ipv4,blocklist.de|bot|irc-bot|brute-force|ziyadnz|hourly,2026-08-17T18:48:05Z,2026-08-17T18:48:05Z,
51.195.244.190,ipv4,botnet,high,WHITE,blocklist.de/bots|blocklist.de/all|ziyadnz/hourly-ipv4,blocklist.de|bot|irc-bot|brute-force|ziyadnz|hourly,2026-08-17T18:48:05Z,2026-08-17T18:48:05Z,
51.195.244.192,ipv4,botnet,high,WHITE,blocklist.de/bots|blocklist.de/all|ziyadnz/hourly-ipv4,blocklist.de|bot|irc-bot|brute-force|ziyadnz|hourly,2026-08-17T18:48:05Z,2026-08-17T18:48:05Z,
51.195.244.2,ipv4,botnet,high,WHITE,blocklist.de/bots|blocklist.de/all|ziyadnz/hourly-ipv4,blocklist.de|bot|irc-bot|brute-force|ziyadnz|hourly,2026-08-17T18:48:05Z,2026-08-17T18:48:05Z,
51.195.244.200,ipv4,botnet,high,WHITE,blocklist.de/bots|blocklist.de/all|ziyadnz/hourly-ipv4,blocklist.de|bot|irc-bot|brute-force|ziyadnz|hourly,2026-08-17T18:48:05Z,2026-08-17T18:48:05Z,
51.195.244.201,ipv4,botnet,high,WHITE,blocklist.de/bots|blocklist.de/all|ziyadnz/hourly-ipv4,blocklist.de|bot|irc-bot|brute-force|ziyadnz|hourly,2026-08-17T18:48:05Z,2026-08-17T18:48:05Z,
51.195.244.202,ipv4,botnet,high,WHITE,blocklist.de/bots|blocklist.de/all|ziyadnz/hourly-ipv4,blocklist.de|bot|irc-bot|brute-force|ziyadnz|hourly,2026-08-17T18:48:05Z,2026-08-17T18:48:05Z,
51.195.244.203,ipv4,botnet,high,WHITE,blocklist.de/bots|blocklist.de/all|ziyadnz/hourly-ipv4,blocklist.de|bot|irc-bot|brute-force|ziyadnz|hourly,2026-08-17T18:48:05Z,2026-08-17T18:48:05Z,
51.195.244.204,ipv4,botnet,high,WHITE,blocklist.de/bots|blocklist.de/all|ziyadnz/hourly-ipv4,blocklist.de|bot|irc-bot|brute-force|ziyadnz|hourly,2026-08-17T18:48:05Z,2026-08-17T18:48:05Z,
51.195.244.205,ipv4,botnet,high,WHITE,blocklist.de/bots|blocklist.de/all|ziyadnz/hourly-ipv4,blocklist.de|bot|irc-bot|brute-force|ziyadnz|hourly,2026-08-17T18:48:05Z,2026-08-17T18:48:05Z,
51.195.244.206,ipv4,botnet,high,WHITE,blocklist.de/bots|blocklist.de/all|ziyadnz/hourly-ipv4,blocklist.de|bot|irc-bot|brute-force|ziyadnz|hourly,2026-08-17T18:48:05Z,2026-08-17T18:48:05Z,
51.195.244.207,ipv4,botnet,high,WHITE,blocklist.de/bots|blocklist.de/all|ziyadnz/hourly-ipv4,blocklist.de|bot|irc-bot|brute-force|ziyadnz|hourly,2026-08-17T18:48:05Z,2026-08-17T18:48:05Z,
51.195.244.209,ipv4,botnet,high,WHITE,blocklist.de/bots|blocklist.de/all|ziyadnz/hourly-ipv4,blocklist.de|bot|irc-bot|brute-force|ziyadnz|hourly,2026-08-17T18:48:05Z,2026-08-17T18:48:05Z,
51.195.244.21,ipv4,botnet,high,WHITE,blocklist.de/bots|blocklist.de/all|ziyadnz/hourly-ipv4,blocklist.de|bot|irc-bot|brute-force|ziyadnz|hourly,2026-08-17T18:48:05Z,2026-08-17T18:48:05Z,
51.195.244.211,ipv4,botnet,high,WHITE,blocklist.de/bots|blocklist.de/all|ziyadnz/hourly-ipv4,blocklist.de|bot|irc-bot|brute-force|ziyadnz|hourly,2026-08-17T18:48:05Z,2026-08-17T18:48:05Z,
51.195.244.213,ipv4,botnet,high,WHITE,blocklist.de/bots|blocklist.de/all|ziyadnz/hourly-ipv4,blocklist.de|bot|irc-bot|brute-force|ziyadnz|hourly,2026-08-17T18:48:05Z,2026-08-17T18:48:05Z,
51.195.244.214,ipv4,botnet,high,WHITE,blocklist.de/bots|blocklist.de/all|ziyadnz/hourly-ipv4,blocklist.de|bot|irc-bot|brute-force|ziyadnz|hourly,2026-08-17T18:48:05Z,2026-08-17T18:48:05Z,
51.195.244.217,ipv4,botnet,high,WHITE,blocklist.de/bots|blocklist.de/all|ziyadnz/hourly-ipv4,blocklist.de|bot|irc-bot|brute-force|ziyadnz|hourly,2026-08-17T18:48:05Z,2026-08-17T18:48:05Z,
51.195.244.218,ipv4,botnet,high,WHITE,blocklist.de/bots|blocklist.de/all|ziyadnz/hourly-ipv4,blocklist.de|bot|irc-bot|brute-force|ziyadnz|hourly,2026-08-17T18:48:05Z,2026-08-17T18:48:05Z,
51.195.244.219,ipv4,botnet,high,WHITE,blocklist.de/bots|blocklist.de/all|ziyadnz/hourly-ipv4,blocklist.de|bot|irc-bot|brute-force|ziyadnz|hourly,2026-08-17T18:48:05Z,2026-08-17T18:48:05Z,
51.195.244.224,ipv4,botnet,high,WHITE,blocklist.de/bots|blocklist.de/all|ziyadnz/hourly-ipv4,blocklist.de|bot|irc-bot|brute-force|ziyadnz|hourly,2026-08-17T18:48:05Z,2026-08-17T18:48:05Z,
51.195.244.226,ipv4,botnet,high,WHITE,blocklist.de/bots|blocklist.de/all|ziyadnz/hourly-ipv4,blocklist.de|bot|irc-bot|brute-force|ziyadnz|hourly,2026-08-17T18:48:05Z,2026-08-17T18:48:05Z,
51.195.244.227,ipv4,botnet,high,WHITE,blocklist.de/bots|blocklist.de/all|ziyadnz/hourly-ipv4,blocklist.de|bot|irc-bot|brute-force|ziyadnz|hourly,2026-08-17T18:48:05Z,2026-08-17T18:48:05Z,
51.195.244.228,ipv4,botnet,high,WHITE,blocklist.de/bots|blocklist.de/all|ziyadnz/hourly-ipv4,blocklist.de|bot|irc-bot|brute-force|ziyadnz|hourly,2026-08-17T18:48:05Z,2026-08-17T18:48:05Z,
51.195.244.229,ipv4,botnet,high,WHITE,blocklist.de/bots|blocklist.de/all|ziyadnz/hourly-ipv4,blocklist.de|bot|irc-bot|brute-force|ziyadnz|hourly,2026-08-17T18:48:05Z,2026-08-17T18:48:05Z,
51.195.244.23,ipv4,botnet,high,WHITE,blocklist.de/bots|blocklist.de/all|ziyadnz/hourly-ipv4,blocklist.de|bot|irc-bot|brute-force|ziyadnz|hourly,2026-08-17T18:48:05Z,2026-08-17T18:48:05Z,
51.195.244.230,ipv4,botnet,high,WHITE,blocklist.de/bots|blocklist.de/all|ziyadnz/hourly-ipv4,blocklist.de|bot|irc-bot|brute-force|ziyadnz|hourly,2026-08-17T18:48:05Z,2026-08-17T18:48:05Z,
51.195.244.231,ipv4,botnet,high,WHITE,blocklist.de/bots|blocklist.de/all|ziyadnz/hourly-ipv4,blocklist.de|bot|irc-bot|brute-force|ziyadnz|hourly,2026-08-17T18:48:05Z,2026-08-17T18:48:05Z,
51.195.244.232,ipv4,botnet,high,WHITE,blocklist.de/bots|blocklist.de/all|ziyadnz/hourly-ipv4,blocklist.de|bot|irc-bot|brute-force|ziyadnz|hourly,2026-08-17T18:48:05Z,2026-08-17T18:48:05Z,
51.195.244.235,ipv4,botnet,high,WHITE,blocklist.de/bots|blocklist.de/all|ziyadnz/hourly-ipv4,blocklist.de|bot|irc-bot|brute-force|ziyadnz|hourly,2026-08-17T18:48:05Z,2026-08-17T18:48:05Z,
51.195.244.239,ipv4,botnet,high,WHITE,blocklist.de/bots|blocklist.de/all|ziyadnz/hourly-ipv4,blocklist.de|bot|irc-bot|brute-force|ziyadnz|hourly,2026-08-17T18:48:05Z,2026-08-17T18:48:05Z,
51.195.244.24,ipv4,botnet,high,WHITE,blocklist.de/bots|blocklist.de/all|ziyadnz/hourly-ipv4,blocklist.de|bot|irc-bot|brute-force|ziyadnz|hourly,2026-08-17T18:48:05Z,2026-08-17T18:48:05Z,
51.195.244.241,ipv4,botnet,high,WHITE,blocklist.de/bots|blocklist.de/all|ziyadnz/hourly-ipv4,blocklist.de|bot|irc-bot|brute-force|ziyadnz|hourly,2026-08-17T18:48:05Z,2026-08-17T18:48:05Z,
51.195.244.242,ipv4,botnet,high,WHITE,blocklist.de/bots|blocklist.de/all|ziyadnz/hourly-ipv4,blocklist.de|bot|irc-bot|brute-force|ziyadnz|hourly,2026-08-17T18:48:05Z,2026-08-17T18:48:05Z,
51.195.244.243,ipv4,botnet,high,WHITE,blocklist.de/bots|blocklist.de/all|ziyadnz/hourly-ipv4,blocklist.de|bot|irc-bot|brute-force|ziyadnz|hourly,2026-08-17T18:48:05Z,2026-08-17T18:48:05Z,
51.195.244.246,ipv4,botnet,high,WHITE,blocklist.de/bots|blocklist.de/all|ziyadnz/hourly-ipv4,blocklist.de|bot|irc-bot|brute-force|ziyadnz|hourly,2026-08-17T18:48:05Z,2026-08-17T18:48:05Z,
51.195.244.248,ipv4,botnet,high,WHITE,blocklist.de/bots|blocklist.de/all|ziyadnz/hourly-ipv4,blocklist.de|bot|irc-bot|brute-force|ziyadnz|hourly,2026-08-17T18:48:05Z,2026-08-17T18:48:05Z,
51.195.244.249,ipv4,botnet,high,WHITE,blocklist.de/bots|blocklist.de/all|ziyadnz/hourly-ipv4,blocklist.de|bot|irc-bot|brute-force|ziyadnz|hourly,2026-08-17T18:48:05Z,2026-08-17T18:48:05Z,
51.195.244.255,ipv4,botnet,high,WHITE,blocklist.de/bots|blocklist.de/all|ziyadnz/hourly-ipv4,blocklist.de|bot|irc-bot|brute-force|ziyadnz|hourly,2026-08-17T18:48:05Z,2026-08-17T18:48:05Z,
51.195.244.28,ipv4,botnet,high,WHITE,blocklist.de/bots|blocklist.de/all|ziyadnz/hourly-ipv4,blocklist.de|bot|irc-bot|brute-force|ziyadnz|hourly,2026-08-17T18:48:05Z,2026-08-17T18:48:05Z,
51.195.244.29,ipv4,botnet,high,WHITE,blocklist.de/bots|blocklist.de/all|ziyadnz/hourly-ipv4,blocklist.de|bot|irc-bot|brute-force|ziyadnz|hourly,2026-08-17T18:48:05Z,2026-08-17T18:48:05Z,
51.195.244.30,ipv4,botnet,high,WHITE,blocklist.de/bots|blocklist.de/all|ziyadnz/hourly-ipv4,blocklist.de|bot|irc-bot|brute-force|ziyadnz|hourly,2026-08-17T18:48:05Z,2026-08-17T18:48:05Z,
51.195.244.31,ipv4,botnet,high,WHITE,blocklist.de/bots|blocklist.de/all|ziyadnz/hourly-ipv4,blocklist.de|bot|irc-bot|brute-force|ziyadnz|hourly,2026-08-17T18:48:05Z,2026-08-17T18:48:05Z,
51.195.244.36,ipv4,botnet,high,WHITE,blocklist.de/bots|blocklist.de/all|ziyadnz/hourly-ipv4,blocklist.de|bot|irc-bot|brute-force|ziyadnz|hourly,2026-08-17T18:48:05Z,2026-08-17T18:48:05Z,
51.195.244.38,ipv4,botnet,high,WHITE,blocklist.de/bots|blocklist.de/all|ziyadnz/hourly-ipv4,blocklist.de|bot|irc-bot|brute-force|ziyadnz|hourly,2026-08-17T18:48:05Z,2026-08-17T18:48:05Z,
51.195.244.39,ipv4,botnet,high,WHITE,blocklist.de/bots|blocklist.de/all|ziyadnz/hourly-ipv4,blocklist.de|bot|irc-bot|brute-force|ziyadnz|hourly,2026-08-17T18:48:05Z,2026-08-17T18:48:05Z,
51.195.244.42,ipv4,botnet,high,WHITE,blocklist.de/bots|blocklist.de/all|ziyadnz/hourly-ipv4,blocklist.de|bot|irc-bot|brute-force|ziyadnz|hourly,2026-08-17T18:48:05Z,2026-08-17T18:48:05Z,
51.195.244.44,ipv4,botnet,high,WHITE,blocklist.de/bots|blocklist.de/all|ziyadnz/hourly-ipv4,blocklist.de|bot|irc-bot|brute-force|ziyadnz|hourly,2026-08-17T18:48:05Z,2026-08-17T18:48:05Z,
51.195.244.45,ipv4,botnet,high,WHITE,blocklist.de/bots|blocklist.de/all|ziyadnz/hourly-ipv4,blocklist.de|bot|irc-bot|brute-force|ziyadnz|hourly,2026-08-17T18:48:05Z,2026-08-17T18:48:05Z,
51.195.244.5,ipv4,botnet,high,WHITE,blocklist.de/bots|blocklist.de/all|ziyadnz/hourly-ipv4,blocklist.de|bot|irc-bot|brute-force|ziyadnz|hourly,2026-08-17T18:48:05Z,2026-08-17T18:48:05Z,
51.195.244.50,ipv4,botnet,high,WHITE,blocklist.de/bots|blocklist.de/all|ziyadnz/hourly-ipv4,blocklist.de|bot|irc-bot|brute-force|ziyadnz|hourly,2026-08-17T18:48:05Z,2026-08-17T18:48:05Z,
51.195.244.53,ipv4,botnet,high,WHITE,blocklist.de/bots|blocklist.de/all|ziyadnz/hourly-ipv4,blocklist.de|bot|irc-bot|brute-force|ziyadnz|hourly,2026-08-17T18:48:05Z,2026-08-17T18:48:05Z,
51.195.244.54,ipv4,botnet,high,WHITE,blocklist.de/bots|blocklist.de/all|ziyadnz/hourly-ipv4,blocklist.de|bot|irc-bot|brute-force|ziyadnz|hourly,2026-08-17T18:48:05Z,2026-08-17T18:48:05Z,
51.195.244.56,ipv4,botnet,high,WHITE,blocklist.de/bots|blocklist.de/all|ziyadnz/hourly-ipv4,blocklist.de|bot|irc-bot|brute-force|ziyadnz|hourly,2026-08-17T18:48:05Z,2026-08-17T18:48:05Z,
51.195.244.57,ipv4,botnet,high,WHITE,blocklist.de/bots|blocklist.de/all|ziyadnz/hourly-ipv4,blocklist.de|bot|irc-bot|brute-force|ziyadnz|hourly,2026-08-17T18:48:05Z,2026-08-17T18:48:05Z,
51.195.244.61,ipv4,botnet,high,WHITE,blocklist.de/bots|blocklist.de/all|ziyadnz/hourly-ipv4,blocklist.de|bot|irc-bot|brute-force|ziyadnz|hourly,2026-08-17T18:48:05Z,2026-08-17T18:48:05Z,
51.195.244.62,ipv4,botnet,high,WHITE,blocklist.de/bots|blocklist.de/all|ziyadnz/hourly-ipv4,blocklist.de|bot|irc-bot|brute-force|ziyadnz|hourly,2026-08-17T18:48:05Z,2026-08-17T18:48:05Z,
51.195.244.63,ipv4,botnet,high,WHITE,blocklist.de/bots|blocklist.de/all|ziyadnz/hourly-ipv4,blocklist.de|bot|irc-bot|brute-force|ziyadnz|hourly,2026-08-17T18:48:05Z,2026-08-17T18:48:05Z,
51.195.244.69,ipv4,botnet,medium,WHITE,blocklist.de/bots|blocklist.de/all,blocklist.de|bot|irc-bot|brute-force|ziyadnz|hourly,2026-08-17T18:48:05Z,2026-08-17T18:48:05Z,
51.195.244.71,ipv4,botnet,high,WHITE,blocklist.de/bots|blocklist.de/all|ziyadnz/hourly-ipv4,blocklist.de|bot|irc-bot|brute-force|ziyadnz|hourly,2026-08-17T18:48:05Z,2026-08-17T18:48:05Z,
51.195.244.74,ipv4,botnet,high,WHITE,blocklist.de/bots|blocklist.de/all|ziyadnz/hourly-ipv4,blocklist.de|bot|irc-bot|brute-force|ziyadnz|hourly,2026-08-17T18:48:05Z,2026-08-17T18:48:05Z,
51.195.244.76,ipv4,botnet,high,WHITE,blocklist.de/bots|blocklist.de/all|ziyadnz/hourly-ipv4,blocklist.de|bot|irc-bot|brute-force|ziyadnz|hourly,2026-08-17T18:48:05Z,2026-08-17T18:48:05Z,
51.195.244.78,ipv4,botnet,high,WHITE,blocklist.de/bots|blocklist.de/all|ziyadnz/hourly-ipv4,blocklist.de|bot|irc-bot|brute-force|ziyadnz|hourly,2026-08-17T18:48:05Z,2026-08-17T18:48:05Z,
51.195.244.79,ipv4,botnet,high,WHITE,blocklist.de/bots|blocklist.de/all|ziyadnz/hourly-ipv4,blocklist.de|bot|irc-bot|brute-force|ziyadnz|hourly,2026-08-17T18:48:05Z,2026-08-17T18:48:05Z,
51.195.244.84,ipv4,botnet,high,WHITE,blocklist.de/bots|blocklist.de/all|ziyadnz/hourly-ipv4,blocklist.de|bot|irc-bot|brute-force|ziyadnz|hourly,2026-08-17T18:48:05Z,2026-08-17T18:48:05Z,
51.195.244.89,ipv4,botnet,high,WHITE,blocklist.de/bots|blocklist.de/all|ziyadnz/hourly-ipv4,blocklist.de|bot|irc-bot|brute-force|ziyadnz|hourly,2026-08-17T18:48:05Z,2026-08-17T18:48:05Z,
51.195.244.9,ipv4,botnet,high,WHITE,blocklist.de/bots|blocklist.de/all|ziyadnz/hourly-ipv4,blocklist.de|bot|irc-bot|brute-force|ziyadnz|hourly,2026-08-17T18:48:05Z,2026-08-17T18:48:05Z,
51.195.244.90,ipv4,botnet,high,WHITE,blocklist.de/bots|blocklist.de/all|ziyadnz/hourly-ipv4,blocklist.de|bot|irc-bot|brute-force|ziyadnz|hourly,2026-08-17T18:48:05Z,2026-08-17T18:48:05Z,
51.195.244.92,ipv4,botnet,high,WHITE,blocklist.de/bots|blocklist.de/all|ziyadnz/hourly-ipv4,blocklist.de|bot|irc-bot|brute-force|ziyadnz|hourly,2026-08-17T18:48:05Z,2026-08-17T18:48:05Z,
51.195.244.94,ipv4,botnet,high,WHITE,blocklist.de/bots|blocklist.de/all|ziyadnz/hourly-ipv4,blocklist.de|bot|irc-bot|brute-force|ziyadnz|hourly,2026-08-17T18:48:05Z,2026-08-17T18:48:05Z,
51.195.244.96,ipv4,botnet,high,WHITE,blocklist.de/bots|blocklist.de/all|ziyadnz/hourly-ipv4,blocklist.de|bot|irc-bot|brute-force|ziyadnz|hourly,2026-08-17T18:48:05Z,2026-08-17T18:48:05Z,
51.195.244.98,ipv4,botnet,high,WHITE,blocklist.de/bots|blocklist.de/all|ziyadnz/hourly-ipv4,blocklist.de|bot|irc-bot|brute-force|ziyadnz|hourly,2026-08-17T18:48:05Z,2026-08-17T18:48:05Z,
51.222.168.0,ipv4,botnet,high,WHITE,blocklist.de/bots|blocklist.de/all|ziyadnz/hourly-ipv4,blocklist.de|bot|irc-bot|brute-force|ziyadnz|hourly,2026-08-17T18:48:05Z,2026-08-17T18:48:05Z,
51.222.168.1,ipv4,botnet,high,WHITE,blocklist.de/bots|blocklist.de/all|ziyadnz/hourly-ipv4,blocklist.de|bot|irc-bot|brute-force|ziyadnz|hourly,2026-08-17T18:48:05Z,2026-08-17T18:48:05Z,
51.222.168.101,ipv4,botnet,high,WHITE,blocklist.de/bots|blocklist.de/all|ziyadnz/hourly-ipv4,blocklist.de|bot|irc-bot|brute-force|ziyadnz|hourly,2026-08-17T18:48:05Z,2026-08-17T18:48:05Z,
51.222.168.102,ipv4,botnet,high,WHITE,blocklist.de/bots|blocklist.de/all|ziyadnz/hourly-ipv4,blocklist.de|bot|irc-bot|brute-force|ziyadnz|hourly,2026-08-17T18:48:05Z,2026-08-17T18:48:05Z,
51.222.168.103,ipv4,botnet,high,WHITE,blocklist.de/bots|blocklist.de/all|ziyadnz/hourly-ipv4,blocklist.de|bot|irc-bot|brute-force|ziyadnz|hourly,2026-08-17T18:48:05Z,2026-08-17T18:48:05Z,
51.222.168.105,ipv4,botnet,high,WHITE,blocklist.de/bots|blocklist.de/all|ziyadnz/hourly-ipv4,blocklist.de|bot|irc-bot|brute-force|ziyadnz|hourly,2026-08-17T18:48:05Z,2026-08-17T18:48:05Z,
51.222.168.106,ipv4,botnet,high,WHITE,blocklist.de/bots|blocklist.de/all|ziyadnz/hourly-ipv4,blocklist.de|bot|irc-bot|brute-force|ziyadnz|hourly,2026-08-17T18:48:05Z,2026-08-17T18:48:05Z,
51.222.168.11,ipv4,botnet,high,WHITE,blocklist.de/bots|blocklist.de/all|ziyadnz/hourly-ipv4,blocklist.de|bot|irc-bot|brute-force|ziyadnz|hourly,2026-08-17T18:48:05Z,2026-08-17T18:48:05Z,
51.222.168.114,ipv4,botnet,high,WHITE,blocklist.de/bots|blocklist.de/all|ziyadnz/hourly-ipv4,blocklist.de|bot|irc-bot|brute-force|ziyadnz|hourly,2026-08-17T18:48:05Z,2026-08-17T18:48:05Z,
51.222.168.117,ipv4,botnet,high,WHITE,blocklist.de/bots|blocklist.de/all|ziyadnz/hourly-ipv4,blocklist.de|bot|irc-bot|brute-force|ziyadnz|hourly,2026-08-17T18:48:05Z,2026-08-17T18:48:05Z,
51.222.168.119,ipv4,botnet,high,WHITE,blocklist.de/bots|blocklist.de/all|ziyadnz/hourly-ipv4,blocklist.de|bot|irc-bot|brute-force|ziyadnz|hourly,2026-08-17T18:48:05Z,2026-08-17T18:48:05Z,
51.222.168.121,ipv4,botnet,high,WHITE,blocklist.de/bots|blocklist.de/all|ziyadnz/hourly-ipv4,blocklist.de|bot|irc-bot|brute-force|ziyadnz|hourly,2026-08-17T18:48:05Z,2026-08-17T18:48:05Z,
51.222.168.123,ipv4,botnet,high,WHITE,blocklist.de/bots|blocklist.de/all|ziyadnz/hourly-ipv4,blocklist.de|bot|irc-bot|brute-force|ziyadnz|hourly,2026-08-17T18:48:05Z,2026-08-17T18:48:05Z,
51.222.168.13,ipv4,botnet,high,WHITE,blocklist.de/bots|blocklist.de/all|ziyadnz/hourly-ipv4,blocklist.de|bot|irc-bot|brute-force|ziyadnz|hourly,2026-08-17T18:48:05Z,2026-08-17T18:48:05Z,
51.222.168.130,ipv4,botnet,high,WHITE,blocklist.de/bots|blocklist.de/all|ziyadnz/hourly-ipv4,blocklist.de|bot|irc-bot|brute-force|ziyadnz|hourly,2026-08-17T18:48:05Z,2026-08-17T18:48:05Z,
51.222.168.131,ipv4,botnet,high,WHITE,blocklist.de/bots|blocklist.de/all|ziyadnz/hourly-ipv4,blocklist.de|bot|irc-bot|brute-force|ziyadnz|hourly,2026-08-17T18:48:05Z,2026-08-17T18:48:05Z,
51.222.168.132,ipv4,botnet,high,WHITE,blocklist.de/bots|blocklist.de/all|ziyadnz/hourly-ipv4,blocklist.de|bot|irc-bot|brute-force|ziyadnz|hourly,2026-08-17T18:48:05Z,2026-08-17T18:48:05Z,
51.222.168.133,ipv4,botnet,high,WHITE,blocklist.de/bots|blocklist.de/all|ziyadnz/hourly-ipv4,blocklist.de|bot|irc-bot|brute-force|ziyadnz|hourly,2026-08-17T18:48:05Z,2026-08-17T18:48:05Z,
51.222.168.134,ipv4,botnet,high,WHITE,blocklist.de/bots|blocklist.de/all|ziyadnz/hourly-ipv4,blocklist.de|bot|irc-bot|brute-force|ziyadnz|hourly,2026-08-17T18:48:05Z,2026-08-17T18:48:05Z,
51.222.168.135,ipv4,botnet,high,WHITE,blocklist.de/bots|blocklist.de/all|ziyadnz/hourly-ipv4,blocklist.de|bot|irc-bot|brute-force|ziyadnz|hourly,2026-08-17T18:48:05Z,2026-08-17T18:48:05Z,
51.222.168.138,ipv4,botnet,high,WHITE,blocklist.de/bots|blocklist.de/all|ziyadnz/hourly-ipv4,blocklist.de|bot|irc-bot|brute-force|ziyadnz|hourly,2026-08-17T18:48:05Z,2026-08-17T18:48:05Z,
51.222.168.142,ipv4,botnet,high,WHITE,blocklist.de/bots|blocklist.de/all|ziyadnz/hourly-ipv4,blocklist.de|bot|irc-bot|brute-force|ziyadnz|hourly,2026-08-17T18:48:05Z,2026-08-17T18:48:05Z,
51.222.168.143,ipv4,botnet,high,WHITE,blocklist.de/bots|blocklist.de/all|ziyadnz/hourly-ipv4,blocklist.de|bot|irc-bot|brute-force|ziyadnz|hourly,2026-08-17T18:48:05Z,2026-08-17T18:48:05Z,
51.222.168.144,ipv4,botnet,high,WHITE,blocklist.de/bots|blocklist.de/all|ziyadnz/hourly-ipv4,blocklist.de|bot|irc-bot|brute-force|ziyadnz|hourly,2026-08-17T18:48:05Z,2026-08-17T18:48:05Z,
51.222.168.148,ipv4,botnet,high,WHITE,blocklist.de/bots|blocklist.de/all|ziyadnz/hourly-ipv4,blocklist.de|bot|irc-bot|brute-force|ziyadnz|hourly,2026-08-17T18:48:05Z,2026-08-17T18:48:05Z,
51.222.168.149,ipv4,botnet,high,WHITE,blocklist.de/bots|blocklist.de/all|ziyadnz/hourly-ipv4,blocklist.de|bot|irc-bot|brute-force|ziyadnz|hourly,2026-08-17T18:48:05Z,2026-08-17T18:48:05Z,
51.222.168.150,ipv4,botnet,high,WHITE,blocklist.de/bots|blocklist.de/all|ziyadnz/hourly-ipv4,blocklist.de|bot|irc-bot|brute-force|ziyadnz|hourly,2026-08-17T18:48:05Z,2026-08-17T18:48:05Z,
51.222.168.151,ipv4,botnet,high,WHITE,blocklist.de/bots|blocklist.de/all|ziyadnz/hourly-ipv4,blocklist.de|bot|irc-bot|brute-force|ziyadnz|hourly,2026-08-17T18:48:05Z,2026-08-17T18:48:05Z,
51.222.168.152,ipv4,botnet,high,WHITE,blocklist.de/bots|blocklist.de/all|ziyadnz/hourly-ipv4,blocklist.de|bot|irc-bot|brute-force|ziyadnz|hourly,2026-08-17T18:48:05Z,2026-08-17T18:48:05Z,
51.222.168.157,ipv4,botnet,high,WHITE,blocklist.de/bots|blocklist.de/all|ziyadnz/hourly-ipv4,blocklist.de|bot|irc-bot|brute-force|ziyadnz|hourly,2026-08-17T18:48:05Z,2026-08-17T18:48:05Z,
51.222.168.158,ipv4,botnet,high,WHITE,blocklist.de/bots|blocklist.de/all|ziyadnz/hourly-ipv4,blocklist.de|bot|irc-bot|brute-force|ziyadnz|hourly,2026-08-17T18:48:05Z,2026-08-17T18:48:05Z,
51.222.168.160,ipv4,botnet,high,WHITE,blocklist.de/bots|blocklist.de/all|ziyadnz/hourly-ipv4,blocklist.de|bot|irc-bot|brute-force|ziyadnz|hourly,2026-08-17T18:48:05Z,2026-08-17T18:48:05Z,
51.222.168.162,ipv4,botnet,high,WHITE,blocklist.de/bots|blocklist.de/all|ziyadnz/hourly-ipv4,blocklist.de|bot|irc-bot|brute-force|ziyadnz|hourly,2026-08-17T18:48:05Z,2026-08-17T18:48:05Z,
51.222.168.164,ipv4,botnet,high,WHITE,blocklist.de/bots|blocklist.de/all|ziyadnz/hourly-ipv4,blocklist.de|bot|irc-bot|brute-force|ziyadnz|hourly,2026-08-17T18:48:05Z,2026-08-17T18:48:05Z,
51.222.168.165,ipv4,botnet,high,WHITE,blocklist.de/bots|blocklist.de/all|ziyadnz/hourly-ipv4,blocklist.de|bot|irc-bot|brute-force|ziyadnz|hourly,2026-08-17T18:48:05Z,2026-08-17T18:48:05Z,
51.222.168.167,ipv4,botnet,high,WHITE,blocklist.de/bots|blocklist.de/all|ziyadnz/hourly-ipv4,blocklist.de|bot|irc-bot|brute-force|ziyadnz|hourly,2026-08-17T18:48:05Z,2026-08-17T18:48:05Z,
51.222.168.168,ipv4,botnet,high,WHITE,blocklist.de/bots|blocklist.de/all|ziyadnz/hourly-ipv4,blocklist.de|bot|irc-bot|brute-force|ziyadnz|hourly,2026-08-17T18:48:05Z,2026-08-17T18:48:05Z,
51.222.168.169,ipv4,botnet,high,WHITE,blocklist.de/bots|blocklist.de/all|ziyadnz/hourly-ipv4,blocklist.de|bot|irc-bot|brute-force|ziyadnz|hourly,2026-08-17T18:48:05Z,2026-08-17T18:48:05Z,
51.222.168.17,ipv4,botnet,high,WHITE,blocklist.de/bots|blocklist.de/all|ziyadnz/hourly-ipv4,blocklist.de|bot|irc-bot|brute-force|ziyadnz|hourly,2026-08-17T18:48:05Z,2026-08-17T18:48:05Z,
51.222.168.170,ipv4,botnet,high,WHITE,blocklist.de/bots|blocklist.de/all|ziyadnz/hourly-ipv4,blocklist.de|bot|irc-bot|brute-force|ziyadnz|hourly,2026-08-17T18:48:05Z,2026-08-17T18:48:05Z,
51.222.168.172,ipv4,botnet,high,WHITE,blocklist.de/bots|blocklist.de/all|ziyadnz/hourly-ipv4,blocklist.de|bot|irc-bot|brute-force|ziyadnz|hourly,2026-08-17T18:48:05Z,2026-08-17T18:48:05Z,
51.222.168.173,ipv4,botnet,high,WHITE,blocklist.de/bots|blocklist.de/all|ziyadnz/hourly-ipv4,blocklist.de|bot|irc-bot|brute-force|ziyadnz|hourly,2026-08-17T18:48:05Z,2026-08-17T18:48:05Z,
51.222.168.175,ipv4,botnet,high,WHITE,blocklist.de/bots|blocklist.de/all|ziyadnz/hourly-ipv4,blocklist.de|bot|irc-bot|brute-force|ziyadnz|hourly,2026-08-17T18:48:05Z,2026-08-17T18:48:05Z,
51.222.168.176,ipv4,botnet,high,WHITE,blocklist.de/bots|blocklist.de/all|ziyadnz/hourly-ipv4,blocklist.de|bot|irc-bot|brute-force|ziyadnz|hourly,2026-08-17T18:48:05Z,2026-08-17T18:48:05Z,
51.222.168.177,ipv4,botnet,high,WHITE,blocklist.de/bots|blocklist.de/all|ziyadnz/hourly-ipv4,blocklist.de|bot|irc-bot|brute-force|ziyadnz|hourly,2026-08-17T18:48:05Z,2026-08-17T18:48:05Z,
51.222.168.178,ipv4,botnet,high,WHITE,blocklist.de/bots|blocklist.de/all|ziyadnz/hourly-ipv4,blocklist.de|bot|irc-bot|brute-force|ziyadnz|hourly,2026-08-17T18:48:05Z,2026-08-17T18:48:05Z,
51.222.168.179,ipv4,botnet,high,WHITE,blocklist.de/bots|blocklist.de/all|ziyadnz/hourly-ipv4,blocklist.de|bot|irc-bot|brute-force|ziyadnz|hourly,2026-08-17T18:48:05Z,2026-08-17T18:48:05Z,
51.222.168.18,ipv4,botnet,high,WHITE,blocklist.de/bots|blocklist.de/all|ziyadnz/hourly-ipv4,blocklist.de|bot|irc-bot|brute-force|ziyadnz|hourly,2026-08-17T18:48:05Z,2026-08-17T18:48:05Z,
51.222.168.182,ipv4,botnet,high,WHITE,blocklist.de/bots|blocklist.de/all|ziyadnz/hourly-ipv4,blocklist.de|bot|irc-bot|brute-force|ziyadnz|hourly,2026-08-17T18:48:05Z,2026-08-17T18:48:05Z,
51.222.168.183,ipv4,botnet,high,WHITE,blocklist.de/bots|blocklist.de/all|ziyadnz/hourly-ipv4,blocklist.de|bot|irc-bot|brute-force|ziyadnz|hourly,2026-08-17T18:48:05Z,2026-08-17T18:48:05Z,
51.222.168.184,ipv4,botnet,high,WHITE,blocklist.de/bots|blocklist.de/all|ziyadnz/hourly-ipv4,blocklist.de|bot|irc-bot|brute-force|ziyadnz|hourly,2026-08-17T18:48:05Z,2026-08-17T18:48:05Z,
51.222.168.185,ipv4,botnet,high,WHITE,blocklist.de/bots|blocklist.de/all|ziyadnz/hourly-ipv4,blocklist.de|bot|irc-bot|brute-force|ziyadnz|hourly,2026-08-17T18:48:05Z,2026-08-17T18:48:05Z,
51.222.168.189,ipv4,botnet,high,WHITE,blocklist.de/bots|blocklist.de/all|ziyadnz/hourly-ipv4,blocklist.de|bot|irc-bot|brute-force|ziyadnz|hourly,2026-08-17T18:48:05Z,2026-08-17T18:48:05Z,
51.222.168.191,ipv4,botnet,high,WHITE,blocklist.de/bots|blocklist.de/all|ziyadnz/hourly-ipv4,blocklist.de|bot|irc-bot|brute-force|ziyadnz|hourly,2026-08-17T18:48:05Z,2026-08-17T18:48:05Z,
51.222.168.193,ipv4,botnet,high,WHITE,blocklist.de/bots|blocklist.de/all|ziyadnz/hourly-ipv4,blocklist.de|bot|irc-bot|brute-force|ziyadnz|hourly,2026-08-17T18:48:05Z,2026-08-17T18:48:05Z,
51.222.168.194,ipv4,botnet,high,WHITE,blocklist.de/bots|blocklist.de/all|ziyadnz/hourly-ipv4,blocklist.de|bot|irc-bot|brute-force|ziyadnz|hourly,2026-08-17T18:48:05Z,2026-08-17T18:48:05Z,
51.222.168.197,ipv4,botnet,high,WHITE,blocklist.de/bots|blocklist.de/all|ziyadnz/hourly-ipv4,blocklist.de|bot|irc-bot|brute-force|ziyadnz|hourly,2026-08-17T18:48:05Z,2026-08-17T18:48:05Z,
51.222.168.198,ipv4,botnet,high,WHITE,blocklist.de/bots|blocklist.de/all|ziyadnz/hourly-ipv4,blocklist.de|bot|irc-bot|brute-force|ziyadnz|hourly,2026-08-17T18:48:05Z,2026-08-17T18:48:05Z,
51.222.168.199,ipv4,botnet,high,WHITE,blocklist.de/bots|blocklist.de/all|ziyadnz/hourly-ipv4,blocklist.de|bot|irc-bot|brute-force|ziyadnz|hourly,2026-08-17T18:48:05Z,2026-08-17T18:48:05Z,
51.222.168.2,ipv4,botnet,high,WHITE,blocklist.de/bots|blocklist.de/all|ziyadnz/hourly-ipv4,blocklist.de|bot|irc-bot|brute-force|ziyadnz|hourly,2026-08-17T18:48:05Z,2026-08-17T18:48:05Z,
51.222.168.20,ipv4,botnet,high,WHITE,blocklist.de/bots|blocklist.de/all|ziyadnz/hourly-ipv4,blocklist.de|bot|irc-bot|brute-force|ziyadnz|hourly,2026-08-17T18:48:05Z,2026-08-17T18:48:05Z,
51.222.168.200,ipv4,botnet,high,WHITE,blocklist.de/bots|blocklist.de/all|ziyadnz/hourly-ipv4,blocklist.de|bot|irc-bot|brute-force|ziyadnz|hourly,2026-08-17T18:48:05Z,2026-08-17T18:48:05Z,
51.222.168.202,ipv4,botnet,high,WHITE,blocklist.de/bots|blocklist.de/all|ziyadnz/hourly-ipv4,blocklist.de|bot|irc-bot|brute-force|ziyadnz|hourly,2026-08-17T18:48:05Z,2026-08-17T18:48:05Z,
51.222.168.203,ipv4,botnet,high,WHITE,blocklist.de/bots|blocklist.de/all|ziyadnz/hourly-ipv4,blocklist.de|bot|irc-bot|brute-force|ziyadnz|hourly,2026-08-17T18:48:05Z,2026-08-17T18:48:05Z,
51.222.168.204,ipv4,botnet,high,WHITE,blocklist.de/bots|blocklist.de/all|ziyadnz/hourly-ipv4,blocklist.de|bot|irc-bot|brute-force|ziyadnz|hourly,2026-08-17T18:48:05Z,2026-08-17T18:48:05Z,
51.222.168.205,ipv4,botnet,high,WHITE,blocklist.de/bots|blocklist.de/all|ziyadnz/hourly-ipv4,blocklist.de|bot|irc-bot|brute-force|ziyadnz|hourly,2026-08-17T18:48:05Z,2026-08-17T18:48:05Z,
51.222.168.21,ipv4,botnet,high,WHITE,blocklist.de/bots|blocklist.de/all|ziyadnz/hourly-ipv4,blocklist.de|bot|irc-bot|brute-force|ziyadnz|hourly,2026-08-17T18:48:05Z,2026-08-17T18:48:05Z,
51.222.168.211,ipv4,botnet,high,WHITE,blocklist.de/bots|blocklist.de/all|ziyadnz/hourly-ipv4,blocklist.de|bot|irc-bot|brute-force|ziyadnz|hourly,2026-08-17T18:48:05Z,2026-08-17T18:48:05Z,
51.222.168.217,ipv4,botnet,high,WHITE,blocklist.de/bots|blocklist.de/all|ziyadnz/hourly-ipv4,blocklist.de|bot|irc-bot|brute-force|ziyadnz|hourly,2026-08-17T18:48:05Z,2026-08-17T18:48:05Z,
51.222.168.219,ipv4,botnet,high,WHITE,blocklist.de/bots|blocklist.de/all|ziyadnz/hourly-ipv4,blocklist.de|bot|irc-bot|brute-force|ziyadnz|hourly,2026-08-17T18:48:05Z,2026-08-17T18:48:05Z,
51.222.168.221,ipv4,botnet,high,WHITE,blocklist.de/bots|blocklist.de/all|ziyadnz/hourly-ipv4,blocklist.de|bot|irc-bot|brute-force|ziyadnz|hourly,2026-08-17T18:48:05Z,2026-08-17T18:48:05Z,
51.222.168.222,ipv4,botnet,high,WHITE,blocklist.de/bots|blocklist.de/all|ziyadnz/hourly-ipv4,blocklist.de|bot|irc-bot|brute-force|ziyadnz|hourly,2026-08-17T18:48:05Z,2026-08-17T18:48:05Z,
51.222.168.223,ipv4,botnet,high,WHITE,blocklist.de/bots|blocklist.de/all|ziyadnz/hourly-ipv4,blocklist.de|bot|irc-bot|brute-force|ziyadnz|hourly,2026-08-17T18:48:05Z,2026-08-17T18:48:05Z,
51.222.168.225,ipv4,botnet,high,WHITE,blocklist.de/bots|blocklist.de/all|ziyadnz/hourly-ipv4,blocklist.de|bot|irc-bot|brute-force|ziyadnz|hourly,2026-08-17T18:48:05Z,2026-08-17T18:48:05Z,
51.222.168.228,ipv4,botnet,high,WHITE,blocklist.de/bots|blocklist.de/all|ziyadnz/hourly-ipv4,blocklist.de|bot|irc-bot|brute-force|ziyadnz|hourly,2026-08-17T18:48:05Z,2026-08-17T18:48:05Z,
51.222.168.229,ipv4,botnet,high,WHITE,blocklist.de/bots|blocklist.de/all|ziyadnz/hourly-ipv4,blocklist.de|bot|irc-bot|brute-force|ziyadnz|hourly,2026-08-17T18:48:05Z,2026-08-17T18:48:05Z,
51.222.168.23,ipv4,botnet,high,WHITE,blocklist.de/bots|blocklist.de/all|ziyadnz/hourly-ipv4,blocklist.de|bot|irc-bot|brute-force|ziyadnz|hourly,2026-08-17T18:48:05Z,2026-08-17T18:48:05Z,
51.222.168.235,ipv4,botnet,high,WHITE,blocklist.de/bots|blocklist.de/all|ziyadnz/hourly-ipv4,blocklist.de|bot|irc-bot|brute-force|ziyadnz|hourly,2026-08-17T18:48:05Z,2026-08-17T18:48:05Z,
51.222.168.236,ipv4,botnet,high,WHITE,blocklist.de/bots|blocklist.de/all|ziyadnz/hourly-ipv4,blocklist.de|bot|irc-bot|brute-force|ziyadnz|hourly,2026-08-17T18:48:05Z,2026-08-17T18:48:05Z,
51.222.168.242,ipv4,botnet,high,WHITE,blocklist.de/bots|blocklist.de/all|ziyadnz/hourly-ipv4,blocklist.de|bot|irc-bot|brute-force|ziyadnz|hourly,2026-08-17T18:48:05Z,2026-08-17T18:48:05Z,
51.222.168.244,ipv4,botnet,high,WHITE,blocklist.de/bots|blocklist.de/all|ziyadnz/hourly-ipv4,blocklist.de|bot|irc-bot|brute-force|ziyadnz|hourly,2026-08-17T18:48:05Z,2026-08-17T18:48:05Z,
51.222.168.248,ipv4,botnet,high,WHITE,blocklist.de/bots|blocklist.de/all|ziyadnz/hourly-ipv4,blocklist.de|bot|irc-bot|brute-force|ziyadnz|hourly,2026-08-17T18:48:05Z,2026-08-17T18:48:05Z,
51.222.168.249,ipv4,botnet,high,WHITE,blocklist.de/bots|blocklist.de/all|ziyadnz/hourly-ipv4,blocklist.de|bot|irc-bot|brute-force|ziyadnz|hourly,2026-08-17T18:48:05Z,2026-08-17T18:48:05Z,
51.222.168.25,ipv4,botnet,high,WHITE,blocklist.de/bots|blocklist.de/all|ziyadnz/hourly-ipv4,blocklist.de|bot|irc-bot|brute-force|ziyadnz|hourly,2026-08-17T18:48:05Z,2026-08-17T18:48:05Z,
51.222.168.255,ipv4,botnet,high,WHITE,blocklist.de/bots|blocklist.de/all|ziyadnz/hourly-ipv4,blocklist.de|bot|irc-bot|brute-force|ziyadnz|hourly,2026-08-17T18:48:05Z,2026-08-17T18:48:05Z,
51.222.168.27,ipv4,botnet,high,WHITE,blocklist.de/bots|blocklist.de/all|ziyadnz/hourly-ipv4,blocklist.de|bot|irc-bot|brute-force|ziyadnz|hourly,2026-08-17T18:48:05Z,2026-08-17T18:48:05Z,
51.222.168.3,ipv4,botnet,high,WHITE,blocklist.de/bots|blocklist.de/all|ziyadnz/hourly-ipv4,blocklist.de|bot|irc-bot|brute-force|ziyadnz|hourly,2026-08-17T18:48:05Z,2026-08-17T18:48:05Z,
51.222.168.36,ipv4,botnet,high,WHITE,blocklist.de/bots|blocklist.de/all|ziyadnz/hourly-ipv4,blocklist.de|bot|irc-bot|brute-force|ziyadnz|hourly,2026-08-17T18:48:05Z,2026-08-17T18:48:05Z,
51.222.168.39,ipv4,botnet,high,WHITE,blocklist.de/bots|blocklist.de/all|ziyadnz/hourly-ipv4,blocklist.de|bot|irc-bot|brute-force|ziyadnz|hourly,2026-08-17T18:48:05Z,2026-08-17T18:48:05Z,
51.222.168.4,ipv4,botnet,high,WHITE,blocklist.de/bots|blocklist.de/all|ziyadnz/hourly-ipv4,blocklist.de|bot|irc-bot|brute-force|ziyadnz|hourly,2026-08-17T18:48:05Z,2026-08-17T18:48:05Z,
51.222.168.40,ipv4,botnet,high,WHITE,blocklist.de/bots|blocklist.de/all|ziyadnz/hourly-ipv4,blocklist.de|bot|irc-bot|brute-force|ziyadnz|hourly,2026-08-17T18:48:05Z,2026-08-17T18:48:05Z,
51.222.168.42,ipv4,botnet,high,WHITE,blocklist.de/bots|blocklist.de/all|ziyadnz/hourly-ipv4,blocklist.de|bot|irc-bot|brute-force|ziyadnz|hourly,2026-08-17T18:48:05Z,2026-08-17T18:48:05Z,
51.222.168.43,ipv4,botnet,high,WHITE,blocklist.de/bots|blocklist.de/all|ziyadnz/hourly-ipv4,blocklist.de|bot|irc-bot|brute-force|ziyadnz|hourly,2026-08-17T18:48:05Z,2026-08-17T18:48:05Z,
51.222.168.50,ipv4,botnet,high,WHITE,blocklist.de/bots|blocklist.de/all|ziyadnz/hourly-ipv4,blocklist.de|bot|irc-bot|brute-force|ziyadnz|hourly,2026-08-17T18:48:05Z,2026-08-17T18:48:05Z,
51.222.168.51,ipv4,botnet,high,WHITE,blocklist.de/bots|blocklist.de/all|ziyadnz/hourly-ipv4,blocklist.de|bot|irc-bot|brute-force|ziyadnz|hourly,2026-08-17T18:48:05Z,2026-08-17T18:48:05Z,
51.222.168.52,ipv4,botnet,high,WHITE,blocklist.de/bots|blocklist.de/all|ziyadnz/hourly-ipv4,blocklist.de|bot|irc-bot|brute-force|ziyadnz|hourly,2026-08-17T18:48:05Z,2026-08-17T18:48:05Z,
51.222.168.53,ipv4,botnet,high,WHITE,blocklist.de/bots|blocklist.de/all|ziyadnz/hourly-ipv4,blocklist.de|bot|irc-bot|brute-force|ziyadnz|hourly,2026-08-17T18:48:05Z,2026-08-17T18:48:05Z,
51.222.168.55,ipv4,botnet,high,WHITE,blocklist.de/bots|blocklist.de/all|ziyadnz/hourly-ipv4,blocklist.de|bot|irc-bot|brute-force|ziyadnz|hourly,2026-08-17T18:48:05Z,2026-08-17T18:48:05Z,
51.222.168.58,ipv4,botnet,high,WHITE,blocklist.de/bots|blocklist.de/all|ziyadnz/hourly-ipv4,blocklist.de|bot|irc-bot|brute-force|ziyadnz|hourly,2026-08-17T18:48:05Z,2026-08-17T18:48:05Z,
51.222.168.62,ipv4,botnet,high,WHITE,blocklist.de/bots|blocklist.de/all|ziyadnz/hourly-ipv4,blocklist.de|bot|irc-bot|brute-force|ziyadnz|hourly,2026-08-17T18:48:05Z,2026-08-17T18:48:05Z,
51.222.168.63,ipv4,botnet,high,WHITE,blocklist.de/bots|blocklist.de/all|ziyadnz/hourly-ipv4,blocklist.de|bot|irc-bot|brute-force|ziyadnz|hourly,2026-08-17T18:48:05Z,2026-08-17T18:48:05Z,
51.222.168.64,ipv4,botnet,high,WHITE,blocklist.de/bots|blocklist.de/all|ziyadnz/hourly-ipv4,blocklist.de|bot|irc-bot|brute-force|ziyadnz|hourly,2026-08-17T18:48:05Z,2026-08-17T18:48:05Z,
51.222.168.65,ipv4,botnet,high,WHITE,blocklist.de/bots|blocklist.de/all|ziyadnz/hourly-ipv4,blocklist.de|bot|irc-bot|brute-force|ziyadnz|hourly,2026-08-17T18:48:05Z,2026-08-17T18:48:05Z,
51.222.168.66,ipv4,botnet,high,WHITE,blocklist.de/bots|blocklist.de/all|ziyadnz/hourly-ipv4,blocklist.de|bot|irc-bot|brute-force|ziyadnz|hourly,2026-08-17T18:48:05Z,2026-08-17T18:48:05Z,
51.222.168.67,ipv4,botnet,high,WHITE,blocklist.de/bots|blocklist.de/all|ziyadnz/hourly-ipv4,blocklist.de|bot|irc-bot|brute-force|ziyadnz|hourly,2026-08-17T18:48:05Z,2026-08-17T18:48:05Z,
51.222.168.68,ipv4,botnet,high,WHITE,blocklist.de/bots|blocklist.de/all|ziyadnz/hourly-ipv4,blocklist.de|bot|irc-bot|brute-force|ziyadnz|hourly,2026-08-17T18:48:05Z,2026-08-17T18:48:05Z,
51.222.168.7,ipv4,botnet,high,WHITE,blocklist.de/bots|blocklist.de/all|ziyadnz/hourly-ipv4,blocklist.de|bot|irc-bot|brute-force|ziyadnz|hourly,2026-08-17T18:48:05Z,2026-08-17T18:48:05Z,
51.222.168.70,ipv4,botnet,high,WHITE,blocklist.de/bots|blocklist.de/all|ziyadnz/hourly-ipv4,blocklist.de|bot|irc-bot|brute-force|ziyadnz|hourly,2026-08-17T18:48:05Z,2026-08-17T18:48:05Z,
51.222.168.72,ipv4,botnet,high,WHITE,blocklist.de/bots|blocklist.de/all|ziyadnz/hourly-ipv4,blocklist.de|bot|irc-bot|brute-force|ziyadnz|hourly,2026-08-17T18:48:05Z,2026-08-17T18:48:05Z,
51.222.168.74,ipv4,botnet,high,WHITE,blocklist.de/bots|blocklist.de/all|ziyadnz/hourly-ipv4,blocklist.de|bot|irc-bot|brute-force|ziyadnz|hourly,2026-08-17T18:48:05Z,2026-08-17T18:48:05Z,
51.222.168.76,ipv4,botnet,high,WHITE,blocklist.de/bots|blocklist.de/all|ziyadnz/hourly-ipv4,blocklist.de|bot|irc-bot|brute-force|ziyadnz|hourly,2026-08-17T18:48:05Z,2026-08-17T18:48:05Z,
51.222.168.78,ipv4,botnet,high,WHITE,blocklist.de/bots|blocklist.de/all|ziyadnz/hourly-ipv4,blocklist.de|bot|irc-bot|brute-force|ziyadnz|hourly,2026-08-17T18:48:05Z,2026-08-17T18:48:05Z,
51.222.168.8,ipv4,botnet,high,WHITE,blocklist.de/bots|blocklist.de/all|ziyadnz/hourly-ipv4,blocklist.de|bot|irc-bot|brute-force|ziyadnz|hourly,2026-08-17T18:48:05Z,2026-08-17T18:48:05Z,
51.222.168.80,ipv4,botnet,high,WHITE,blocklist.de/bots|blocklist.de/all|ziyadnz/hourly-ipv4,blocklist.de|bot|irc-bot|brute-force|ziyadnz|hourly,2026-08-17T18:48:05Z,2026-08-17T18:48:05Z,
51.222.168.86,ipv4,botnet,high,WHITE,blocklist.de/bots|blocklist.de/all|ziyadnz/hourly-ipv4,blocklist.de|bot|irc-bot|brute-force|ziyadnz|hourly,2026-08-17T18:48:05Z,2026-08-17T18:48:05Z,
51.222.168.9,ipv4,botnet,high,WHITE,blocklist.de/bots|blocklist.de/all|ziyadnz/hourly-ipv4,blocklist.de|bot|irc-bot|brute-force|ziyadnz|hourly,2026-08-17T18:48:05Z,2026-08-17T18:48:05Z,
51.222.168.91,ipv4,botnet,high,WHITE,blocklist.de/bots|blocklist.de/all|ziyadnz/hourly-ipv4,blocklist.de|bot|irc-bot|brute-force|ziyadnz|hourly,2026-08-17T18:48:05Z,2026-08-17T18:48:05Z,
51.222.168.95,ipv4,botnet,high,WHITE,blocklist.de/bots|blocklist.de/all|ziyadnz/hourly-ipv4,blocklist.de|bot|irc-bot|brute-force|ziyadnz|hourly,2026-08-17T18:48:05Z,2026-08-17T18:48:05Z,
51.222.168.97,ipv4,botnet,high,WHITE,blocklist.de/bots|blocklist.de/all|ziyadnz/hourly-ipv4,blocklist.de|bot|irc-bot|brute-force|ziyadnz|hourly,2026-08-17T18:48:05Z,2026-08-17T18:48:05Z,
51.222.95.102,ipv4,botnet,high,WHITE,blocklist.de/bots|blocklist.de/all|ziyadnz/hourly-ipv4,blocklist.de|bot|irc-bot|brute-force|ziyadnz|hourly,2026-08-17T18:48:05Z,2026-08-17T18:48:05Z,
51.222.95.103,ipv4,botnet,high,WHITE,blocklist.de/bots|blocklist.de/all|ziyadnz/hourly-ipv4,blocklist.de|bot|irc-bot|brute-force|ziyadnz|hourly,2026-08-17T18:48:05Z,2026-08-17T18:48:05Z,
51.222.95.104,ipv4,botnet,high,WHITE,blocklist.de/bots|blocklist.de/all|ziyadnz/hourly-ipv4,blocklist.de|bot|irc-bot|brute-force|ziyadnz|hourly,2026-08-17T18:48:05Z,2026-08-17T18:48:05Z,
51.222.95.108,ipv4,botnet,high,WHITE,blocklist.de/bots|blocklist.de/all|ziyadnz/hourly-ipv4,blocklist.de|bot|irc-bot|brute-force|ziyadnz|hourly,2026-08-17T18:48:05Z,2026-08-17T18:48:05Z,
51.222.95.109,ipv4,botnet,high,WHITE,blocklist.de/bots|blocklist.de/all|ziyadnz/hourly-ipv4,blocklist.de|bot|irc-bot|brute-force|ziyadnz|hourly,2026-08-17T18:48:05Z,2026-08-17T18:48:05Z,
51.222.95.11,ipv4,botnet,high,WHITE,blocklist.de/bots|blocklist.de/all|ziyadnz/hourly-ipv4,blocklist.de|bot|irc-bot|brute-force|ziyadnz|hourly,2026-08-17T18:48:05Z,2026-08-17T18:48:05Z,
51.222.95.112,ipv4,botnet,high,WHITE,blocklist.de/bots|blocklist.de/all|ziyadnz/hourly-ipv4,blocklist.de|bot|irc-bot|brute-force|ziyadnz|hourly,2026-08-17T18:48:05Z,2026-08-17T18:48:05Z,
51.222.95.114,ipv4,botnet,high,WHITE,blocklist.de/bots|blocklist.de/all|ziyadnz/hourly-ipv4,blocklist.de|bot|irc-bot|brute-force|ziyadnz|hourly,2026-08-17T18:48:05Z,2026-08-17T18:48:05Z,
51.222.95.116,ipv4,botnet,high,WHITE,blocklist.de/bots|blocklist.de/all|ziyadnz/hourly-ipv4,blocklist.de|bot|irc-bot|brute-force|ziyadnz|hourly,2026-08-17T18:48:05Z,2026-08-17T18:48:05Z,
51.222.95.117,ipv4,botnet,high,WHITE,blocklist.de/bots|blocklist.de/all|ziyadnz/hourly-ipv4,blocklist.de|bot|irc-bot|brute-force|ziyadnz|hourly,2026-08-17T18:48:05Z,2026-08-17T18:48:05Z,
51.222.95.120,ipv4,botnet,high,WHITE,blocklist.de/bots|blocklist.de/all|ziyadnz/hourly-ipv4,blocklist.de|bot|irc-bot|brute-force|ziyadnz|hourly,2026-08-17T18:48:05Z,2026-08-17T18:48:05Z,
51.222.95.122,ipv4,botnet,high,WHITE,blocklist.de/bots|blocklist.de/all|ziyadnz/hourly-ipv4,blocklist.de|bot|irc-bot|brute-force|ziyadnz|hourly,2026-08-17T18:48:05Z,2026-08-17T18:48:05Z,
51.222.95.124,ipv4,botnet,high,WHITE,blocklist.de/bots|blocklist.de/all|ziyadnz/hourly-ipv4,blocklist.de|bot|irc-bot|brute-force|ziyadnz|hourly,2026-08-17T18:48:05Z,2026-08-17T18:48:05Z,
51.222.95.125,ipv4,botnet,high,WHITE,blocklist.de/bots|blocklist.de/all|ziyadnz/hourly-ipv4,blocklist.de|bot|irc-bot|brute-force|ziyadnz|hourly,2026-08-17T18:48:05Z,2026-08-17T18:48:05Z,
51.222.95.126,ipv4,botnet,high,WHITE,blocklist.de/bots|blocklist.de/all|ziyadnz/hourly-ipv4,blocklist.de|bot|irc-bot|brute-force|ziyadnz|hourly,2026-08-17T18:48:05Z,2026-08-17T18:48:05Z,
51.222.95.127,ipv4,botnet,high,WHITE,blocklist.de/bots|blocklist.de/all|ziyadnz/hourly-ipv4,blocklist.de|bot|irc-bot|brute-force|ziyadnz|hourly,2026-08-17T18:48:05Z,2026-08-17T18:48:05Z,
51.222.95.128,ipv4,botnet,high,WHITE,blocklist.de/bots|blocklist.de/all|ziyadnz/hourly-ipv4,blocklist.de|bot|irc-bot|brute-force|ziyadnz|hourly,2026-08-17T18:48:05Z,2026-08-17T18:48:05Z,
51.222.95.129,ipv4,botnet,high,WHITE,blocklist.de/bots|blocklist.de/all|ziyadnz/hourly-ipv4,blocklist.de|bot|irc-bot|brute-force|ziyadnz|hourly,2026-08-17T18:48:05Z,2026-08-17T18:48:05Z,
51.222.95.13,ipv4,botnet,high,WHITE,blocklist.de/bots|blocklist.de/all|ziyadnz/hourly-ipv4,blocklist.de|bot|irc-bot|brute-force|ziyadnz|hourly,2026-08-17T18:48:05Z,2026-08-17T18:48:05Z,
51.222.95.132,ipv4,botnet,high,WHITE,blocklist.de/bots|blocklist.de/all|ziyadnz/hourly-ipv4,blocklist.de|bot|irc-bot|brute-force|ziyadnz|hourly,2026-08-17T18:48:05Z,2026-08-17T18:48:05Z,
51.222.95.133,ipv4,botnet,high,WHITE,blocklist.de/bots|blocklist.de/all|ziyadnz/hourly-ipv4,blocklist.de|bot|irc-bot|brute-force|ziyadnz|hourly,2026-08-17T18:48:05Z,2026-08-17T18:48:05Z,
51.222.95.135,ipv4,botnet,high,WHITE,blocklist.de/bots|blocklist.de/all|ziyadnz/hourly-ipv4,blocklist.de|bot|irc-bot|brute-force|ziyadnz|hourly,2026-08-17T18:48:05Z,2026-08-17T18:48:05Z,
51.222.95.138,ipv4,botnet,high,WHITE,blocklist.de/bots|blocklist.de/all|ziyadnz/hourly-ipv4,blocklist.de|bot|irc-bot|brute-force|ziyadnz|hourly,2026-08-17T18:48:05Z,2026-08-17T18:48:05Z,
51.222.95.139,ipv4,botnet,high,WHITE,blocklist.de/bots|blocklist.de/all|ziyadnz/hourly-ipv4,blocklist.de|bot|irc-bot|brute-force|ziyadnz|hourly,2026-08-17T18:48:05Z,2026-08-17T18:48:05Z,
51.222.95.14,ipv4,botnet,high,WHITE,blocklist.de/bots|blocklist.de/all|ziyadnz/hourly-ipv4,blocklist.de|bot|irc-bot|brute-force|ziyadnz|hourly,2026-08-17T18:48:05Z,2026-08-17T18:48:05Z,
51.222.95.144,ipv4,botnet,high,WHITE,blocklist.de/bots|blocklist.de/all|ziyadnz/hourly-ipv4,blocklist.de|bot|irc-bot|brute-force|ziyadnz|hourly,2026-08-17T18:48:05Z,2026-08-17T18:48:05Z,
51.222.95.147,ipv4,botnet,high,WHITE,blocklist.de/bots|blocklist.de/all|ziyadnz/hourly-ipv4,blocklist.de|bot|irc-bot|brute-force|ziyadnz|hourly,2026-08-17T18:48:05Z,2026-08-17T18:48:05Z,
51.222.95.150,ipv4,botnet,high,WHITE,blocklist.de/bots|blocklist.de/all|ziyadnz/hourly-ipv4,blocklist.de|bot|irc-bot|brute-force|ziyadnz|hourly,2026-08-17T18:48:05Z,2026-08-17T18:48:05Z,
51.222.95.151,ipv4,botnet,high,WHITE,blocklist.de/bots|blocklist.de/all|ziyadnz/hourly-ipv4,blocklist.de|bot|irc-bot|brute-force|ziyadnz|hourly,2026-08-17T18:48:05Z,2026-08-17T18:48:05Z,
51.222.95.153,ipv4,botnet,high,WHITE,blocklist.de/bots|blocklist.de/all|ziyadnz/hourly-ipv4,blocklist.de|bot|irc-bot|brute-force|ziyadnz|hourly,2026-08-17T18:48:05Z,2026-08-17T18:48:05Z,
51.222.95.154,ipv4,botnet,high,WHITE,blocklist.de/bots|blocklist.de/all|ziyadnz/hourly-ipv4,blocklist.de|bot|irc-bot|brute-force|ziyadnz|hourly,2026-08-17T18:48:05Z,2026-08-17T18:48:05Z,
51.222.95.157,ipv4,botnet,high,WHITE,blocklist.de/bots|blocklist.de/all|ziyadnz/hourly-ipv4,blocklist.de|bot|irc-bot|brute-force|ziyadnz|hourly,2026-08-17T18:48:05Z,2026-08-17T18:48:05Z,
51.222.95.159,ipv4,botnet,high,WHITE,blocklist.de/bots|blocklist.de/all|ziyadnz/hourly-ipv4,blocklist.de|bot|irc-bot|brute-force|ziyadnz|hourly,2026-08-17T18:48:05Z,2026-08-17T18:48:05Z,
51.222.95.161,ipv4,botnet,high,WHITE,blocklist.de/bots|blocklist.de/all|ziyadnz/hourly-ipv4,blocklist.de|bot|irc-bot|brute-force|ziyadnz|hourly,2026-08-17T18:48:05Z,2026-08-17T18:48:05Z,
51.222.95.164,ipv4,botnet,high,WHITE,blocklist.de/bots|blocklist.de/all|ziyadnz/hourly-ipv4,blocklist.de|bot|irc-bot|brute-force|ziyadnz|hourly,2026-08-17T18:48:05Z,2026-08-17T18:48:05Z,
51.222.95.165,ipv4,botnet,high,WHITE,blocklist.de/bots|blocklist.de/all|ziyadnz/hourly-ipv4,blocklist.de|bot|irc-bot|brute-force|ziyadnz|hourly,2026-08-17T18:48:05Z,2026-08-17T18:48:05Z,
51.222.95.167,ipv4,botnet,high,WHITE,blocklist.de/bots|blocklist.de/all|ziyadnz/hourly-ipv4,blocklist.de|bot|irc-bot|brute-force|ziyadnz|hourly,2026-08-17T18:48:05Z,2026-08-17T18:48:05Z,
51.222.95.17,ipv4,botnet,high,WHITE,blocklist.de/bots|blocklist.de/all|ziyadnz/hourly-ipv4,blocklist.de|bot|irc-bot|brute-force|ziyadnz|hourly,2026-08-17T18:48:05Z,2026-08-17T18:48:05Z,
51.222.95.170,ipv4,botnet,high,WHITE,blocklist.de/bots|blocklist.de/all|ziyadnz/hourly-ipv4,blocklist.de|bot|irc-bot|brute-force|ziyadnz|hourly,2026-08-17T18:48:05Z,2026-08-17T18:48:05Z,
51.222.95.171,ipv4,botnet,high,WHITE,blocklist.de/bots|blocklist.de/all|ziyadnz/hourly-ipv4,blocklist.de|bot|irc-bot|brute-force|ziyadnz|hourly,2026-08-17T18:48:05Z,2026-08-17T18:48:05Z,
51.222.95.174,ipv4,botnet,high,WHITE,blocklist.de/bots|blocklist.de/all|ziyadnz/hourly-ipv4,blocklist.de|bot|irc-bot|brute-force|ziyadnz|hourly,2026-08-17T18:48:05Z,2026-08-17T18:48:05Z,
51.222.95.176,ipv4,botnet,high,WHITE,blocklist.de/bots|blocklist.de/all|ziyadnz/hourly-ipv4,blocklist.de|bot|irc-bot|brute-force|ziyadnz|hourly,2026-08-17T18:48:05Z,2026-08-17T18:48:05Z,
51.222.95.177,ipv4,botnet,high,WHITE,blocklist.de/bots|blocklist.de/all|ziyadnz/hourly-ipv4,blocklist.de|bot|irc-bot|brute-force|ziyadnz|hourly,2026-08-17T18:48:05Z,2026-08-17T18:48:05Z,
51.222.95.18,ipv4,botnet,high,WHITE,blocklist.de/bots|blocklist.de/all|ziyadnz/hourly-ipv4,blocklist.de|bot|irc-bot|brute-force|ziyadnz|hourly,2026-08-17T18:48:05Z,2026-08-17T18:48:05Z,
51.222.95.180,ipv4,botnet,high,WHITE,blocklist.de/bots|blocklist.de/all|ziyadnz/hourly-ipv4,blocklist.de|bot|irc-bot|brute-force|ziyadnz|hourly,2026-08-17T18:48:05Z,2026-08-17T18:48:05Z,
51.222.95.181,ipv4,botnet,high,WHITE,blocklist.de/bots|blocklist.de/all|ziyadnz/hourly-ipv4,blocklist.de|bot|irc-bot|brute-force|ziyadnz|hourly,2026-08-17T18:48:05Z,2026-08-17T18:48:05Z,
51.222.95.182,ipv4,botnet,high,WHITE,blocklist.de/bots|blocklist.de/all|ziyadnz/hourly-ipv4,blocklist.de|bot|irc-bot|brute-force|ziyadnz|hourly,2026-08-17T18:48:05Z,2026-08-17T18:48:05Z,
51.222.95.186,ipv4,botnet,high,WHITE,blocklist.de/bots|blocklist.de/all|ziyadnz/hourly-ipv4,blocklist.de|bot|irc-bot|brute-force|ziyadnz|hourly,2026-08-17T18:48:05Z,2026-08-17T18:48:05Z,
51.222.95.188,ipv4,botnet,high,WHITE,blocklist.de/bots|blocklist.de/all|ziyadnz/hourly-ipv4,blocklist.de|bot|irc-bot|brute-force|ziyadnz|hourly,2026-08-17T18:48:05Z,2026-08-17T18:48:05Z,
51.222.95.189,ipv4,botnet,high,WHITE,blocklist.de/bots|blocklist.de/all|ziyadnz/hourly-ipv4,blocklist.de|bot|irc-bot|brute-force|ziyadnz|hourly,2026-08-17T18:48:05Z,2026-08-17T18:48:05Z,
51.222.95.192,ipv4,botnet,high,WHITE,blocklist.de/bots|blocklist.de/all|ziyadnz/hourly-ipv4,blocklist.de|bot|irc-bot|brute-force|ziyadnz|hourly,2026-08-17T18:48:05Z,2026-08-17T18:48:05Z,
51.222.95.196,ipv4,botnet,high,WHITE,blocklist.de/bots|blocklist.de/all|ziyadnz/hourly-ipv4,blocklist.de|bot|irc-bot|brute-force|ziyadnz|hourly,2026-08-17T18:48:05Z,2026-08-17T18:48:05Z,
51.222.95.197,ipv4,botnet,high,WHITE,blocklist.de/bots|blocklist.de/all|ziyadnz/hourly-ipv4,blocklist.de|bot|irc-bot|brute-force|ziyadnz|hourly,2026-08-17T18:48:05Z,2026-08-17T18:48:05Z,
51.222.95.201,ipv4,botnet,high,WHITE,blocklist.de/bots|blocklist.de/all|ziyadnz/hourly-ipv4,blocklist.de|bot|irc-bot|brute-force|ziyadnz|hourly,2026-08-17T18:48:05Z,2026-08-17T18:48:05Z,
51.222.95.202,ipv4,botnet,high,WHITE,blocklist.de/bots|blocklist.de/all|ziyadnz/hourly-ipv4,blocklist.de|bot|irc-bot|brute-force|ziyadnz|hourly,2026-08-17T18:48:05Z,2026-08-17T18:48:05Z,
51.222.95.205,ipv4,botnet,high,WHITE,blocklist.de/bots|blocklist.de/all|ziyadnz/hourly-ipv4,blocklist.de|bot|irc-bot|brute-force|ziyadnz|hourly,2026-08-17T18:48:05Z,2026-08-17T18:48:05Z,
51.222.95.207,ipv4,botnet,high,WHITE,blocklist.de/bots|blocklist.de/all|ziyadnz/hourly-ipv4,blocklist.de|bot|irc-bot|brute-force|ziyadnz|hourly,2026-08-17T18:48:05Z,2026-08-17T18:48:05Z,
51.222.95.208,ipv4,botnet,high,WHITE,blocklist.de/bots|blocklist.de/all|ziyadnz/hourly-ipv4,blocklist.de|bot|irc-bot|brute-force|ziyadnz|hourly,2026-08-17T18:48:05Z,2026-08-17T18:48:05Z,
51.222.95.211,ipv4,botnet,high,WHITE,blocklist.de/bots|blocklist.de/all|ziyadnz/hourly-ipv4,blocklist.de|bot|irc-bot|brute-force|ziyadnz|hourly,2026-08-17T18:48:05Z,2026-08-17T18:48:05Z,
51.222.95.212,ipv4,botnet,high,WHITE,blocklist.de/bots|blocklist.de/all|ziyadnz/hourly-ipv4,blocklist.de|bot|irc-bot|brute-force|ziyadnz|hourly,2026-08-17T18:48:05Z,2026-08-17T18:48:05Z,
51.222.95.214,ipv4,botnet,high,WHITE,blocklist.de/bots|blocklist.de/all|ziyadnz/hourly-ipv4,blocklist.de|bot|irc-bot|brute-force|ziyadnz|hourly,2026-08-17T18:48:05Z,2026-08-17T18:48:05Z,
51.222.95.215,ipv4,botnet,high,WHITE,blocklist.de/bots|blocklist.de/all|ziyadnz/hourly-ipv4,blocklist.de|bot|irc-bot|brute-force|ziyadnz|hourly,2026-08-17T18:48:05Z,2026-08-17T18:48:05Z,
51.222.95.218,ipv4,botnet,high,WHITE,blocklist.de/bots|blocklist.de/all|ziyadnz/hourly-ipv4,blocklist.de|bot|irc-bot|brute-force|ziyadnz|hourly,2026-08-17T18:48:05Z,2026-08-17T18:48:05Z,
51.222.95.220,ipv4,botnet,high,WHITE,blocklist.de/bots|blocklist.de/all|ziyadnz/hourly-ipv4,blocklist.de|bot|irc-bot|brute-force|ziyadnz|hourly,2026-08-17T18:48:05Z,2026-08-17T18:48:05Z,
51.222.95.221,ipv4,botnet,high,WHITE,blocklist.de/bots|blocklist.de/all|ziyadnz/hourly-ipv4,blocklist.de|bot|irc-bot|brute-force|ziyadnz|hourly,2026-08-17T18:48:05Z,2026-08-17T18:48:05Z,
51.222.95.222,ipv4,botnet,high,WHITE,blocklist.de/bots|blocklist.de/all|ziyadnz/hourly-ipv4,blocklist.de|bot|irc-bot|brute-force|ziyadnz|hourly,2026-08-17T18:48:05Z,2026-08-17T18:48:05Z,
51.222.95.223,ipv4,botnet,high,WHITE,blocklist.de/bots|blocklist.de/all|ziyadnz/hourly-ipv4,blocklist.de|bot|irc-bot|brute-force|ziyadnz|hourly,2026-08-17T18:48:05Z,2026-08-17T18:48:05Z,
51.222.95.224,ipv4,botnet,high,WHITE,blocklist.de/bots|blocklist.de/all|ziyadnz/hourly-ipv4,blocklist.de|bot|irc-bot|brute-force|ziyadnz|hourly,2026-08-17T18:48:05Z,2026-08-17T18:48:05Z,
51.222.95.225,ipv4,botnet,high,WHITE,blocklist.de/bots|blocklist.de/all|ziyadnz/hourly-ipv4,blocklist.de|bot|irc-bot|brute-force|ziyadnz|hourly,2026-08-17T18:48:05Z,2026-08-17T18:48:05Z,
51.222.95.230,ipv4,botnet,high,WHITE,blocklist.de/bots|blocklist.de/all|ziyadnz/hourly-ipv4,blocklist.de|bot|irc-bot|brute-force|ziyadnz|hourly,2026-08-17T18:48:05Z,2026-08-17T18:48:05Z,
51.222.95.231,ipv4,botnet,high,WHITE,blocklist.de/bots|blocklist.de/all|ziyadnz/hourly-ipv4,blocklist.de|bot|irc-bot|brute-force|ziyadnz|hourly,2026-08-17T18:48:05Z,2026-08-17T18:48:05Z,
51.222.95.232,ipv4,botnet,high,WHITE,blocklist.de/bots|blocklist.de/all|ziyadnz/hourly-ipv4,blocklist.de|bot|irc-bot|brute-force|ziyadnz|hourly,2026-08-17T18:48:05Z,2026-08-17T18:48:05Z,
51.222.95.233,ipv4,botnet,medium,WHITE,blocklist.de/bots|ziyadnz/hourly-ipv4,blocklist.de|bot|irc-bot|brute-force|ziyadnz|hourly,2026-08-17T18:48:05Z,2026-08-17T18:48:05Z,
51.222.95.234,ipv4,botnet,high,WHITE,blocklist.de/bots|blocklist.de/all|ziyadnz/hourly-ipv4,blocklist.de|bot|irc-bot|brute-force|ziyadnz|hourly,2026-08-17T18:48:05Z,2026-08-17T18:48:05Z,
51.222.95.235,ipv4,botnet,high,WHITE,blocklist.de/bots|blocklist.de/all|ziyadnz/hourly-ipv4,blocklist.de|bot|irc-bot|brute-force|ziyadnz|hourly,2026-08-17T18:48:05Z,2026-08-17T18:48:05Z,
51.222.95.239,ipv4,botnet,high,WHITE,blocklist.de/bots|blocklist.de/all|ziyadnz/hourly-ipv4,blocklist.de|bot|irc-bot|brute-force|ziyadnz|hourly,2026-08-17T18:48:05Z,2026-08-17T18:48:05Z,
51.222.95.241,ipv4,botnet,high,WHITE,blocklist.de/bots|blocklist.de/all|ziyadnz/hourly-ipv4,blocklist.de|bot|irc-bot|brute-force|ziyadnz|hourly,2026-08-17T18:48:05Z,2026-08-17T18:48:05Z,
51.222.95.242,ipv4,botnet,high,WHITE,blocklist.de/bots|blocklist.de/all|ziyadnz/hourly-ipv4,blocklist.de|bot|irc-bot|brute-force|ziyadnz|hourly,2026-08-17T18:48:05Z,2026-08-17T18:48:05Z,
51.222.95.243,ipv4,botnet,high,WHITE,blocklist.de/bots|blocklist.de/all|ziyadnz/hourly-ipv4,blocklist.de|bot|irc-bot|brute-force|ziyadnz|hourly,2026-08-17T18:48:05Z,2026-08-17T18:48:05Z,
51.222.95.244,ipv4,botnet,high,WHITE,blocklist.de/bots|blocklist.de/all|ziyadnz/hourly-ipv4,blocklist.de|bot|irc-bot|brute-force|ziyadnz|hourly,2026-08-17T18:48:05Z,2026-08-17T18:48:05Z,
51.222.95.246,ipv4,botnet,high,WHITE,blocklist.de/bots|blocklist.de/all|ziyadnz/hourly-ipv4,blocklist.de|bot|irc-bot|brute-force|ziyadnz|hourly,2026-08-17T18:48:05Z,2026-08-17T18:48:05Z,
51.222.95.247,ipv4,botnet,high,WHITE,blocklist.de/bots|blocklist.de/all|ziyadnz/hourly-ipv4,blocklist.de|bot|irc-bot|brute-force|ziyadnz|hourly,2026-08-17T18:48:05Z,2026-08-17T18:48:05Z,
51.222.95.248,ipv4,botnet,high,WHITE,blocklist.de/bots|blocklist.de/all|ziyadnz/hourly-ipv4,blocklist.de|bot|irc-bot|brute-force|ziyadnz|hourly,2026-08-17T18:48:05Z,2026-08-17T18:48:05Z,
51.222.95.250,ipv4,botnet,high,WHITE,blocklist.de/bots|blocklist.de/all|ziyadnz/hourly-ipv4,blocklist.de|bot|irc-bot|brute-force|ziyadnz|hourly,2026-08-17T18:48:05Z,2026-08-17T18:48:05Z,
51.222.95.251,ipv4,botnet,high,WHITE,blocklist.de/bots|blocklist.de/all|ziyadnz/hourly-ipv4,blocklist.de|bot|irc-bot|brute-force|ziyadnz|hourly,2026-08-17T18:48:05Z,2026-08-17T18:48:05Z,
51.222.95.253,ipv4,botnet,high,WHITE,blocklist.de/bots|blocklist.de/all|ziyadnz/hourly-ipv4,blocklist.de|bot|irc-bot|brute-force|ziyadnz|hourly,2026-08-17T18:48:05Z,2026-08-17T18:48:05Z,
51.222.95.254,ipv4,botnet,high,WHITE,blocklist.de/bots|blocklist.de/all|ziyadnz/hourly-ipv4,blocklist.de|bot|irc-bot|brute-force|ziyadnz|hourly,2026-08-17T18:48:05Z,2026-08-17T18:48:05Z,
51.222.95.27,ipv4,botnet,high,WHITE,blocklist.de/bots|blocklist.de/all|ziyadnz/hourly-ipv4,blocklist.de|bot|irc-bot|brute-force|ziyadnz|hourly,2026-08-17T18:48:05Z,2026-08-17T18:48:05Z,
51.222.95.28,ipv4,botnet,high,WHITE,blocklist.de/bots|blocklist.de/all|ziyadnz/hourly-ipv4,blocklist.de|bot|irc-bot|brute-force|ziyadnz|hourly,2026-08-17T18:48:05Z,2026-08-17T18:48:05Z,
51.222.95.31,ipv4,botnet,high,WHITE,blocklist.de/bots|blocklist.de/all|ziyadnz/hourly-ipv4,blocklist.de|bot|irc-bot|brute-force|ziyadnz|hourly,2026-08-17T18:48:05Z,2026-08-17T18:48:05Z,
51.222.95.33,ipv4,botnet,high,WHITE,blocklist.de/bots|blocklist.de/all|ziyadnz/hourly-ipv4,blocklist.de|bot|irc-bot|brute-force|ziyadnz|hourly,2026-08-17T18:48:05Z,2026-08-17T18:48:05Z,
51.222.95.35,ipv4,botnet,high,WHITE,blocklist.de/bots|blocklist.de/all|ziyadnz/hourly-ipv4,blocklist.de|bot|irc-bot|brute-force|ziyadnz|hourly,2026-08-17T18:48:05Z,2026-08-17T18:48:05Z,
51.222.95.37,ipv4,botnet,high,WHITE,blocklist.de/bots|blocklist.de/all|ziyadnz/hourly-ipv4,blocklist.de|bot|irc-bot|brute-force|ziyadnz|hourly,2026-08-17T18:48:05Z,2026-08-17T18:48:05Z,
51.222.95.4,ipv4,botnet,high,WHITE,blocklist.de/bots|blocklist.de/all|ziyadnz/hourly-ipv4,blocklist.de|bot|irc-bot|brute-force|ziyadnz|hourly,2026-08-17T18:48:05Z,2026-08-17T18:48:05Z,
51.222.95.40,ipv4,botnet,high,WHITE,blocklist.de/bots|blocklist.de/all|ziyadnz/hourly-ipv4,blocklist.de|bot|irc-bot|brute-force|ziyadnz|hourly,2026-08-17T18:48:05Z,2026-08-17T18:48:05Z,
51.222.95.42,ipv4,botnet,high,WHITE,blocklist.de/bots|blocklist.de/all|ziyadnz/hourly-ipv4,blocklist.de|bot|irc-bot|brute-force|ziyadnz|hourly,2026-08-17T18:48:05Z,2026-08-17T18:48:05Z,
51.222.95.43,ipv4,botnet,high,WHITE,blocklist.de/bots|blocklist.de/all|ziyadnz/hourly-ipv4,blocklist.de|bot|irc-bot|brute-force|ziyadnz|hourly,2026-08-17T18:48:05Z,2026-08-17T18:48:05Z,
51.222.95.44,ipv4,botnet,high,WHITE,blocklist.de/bots|blocklist.de/all|ziyadnz/hourly-ipv4,blocklist.de|bot|irc-bot|brute-force|ziyadnz|hourly,2026-08-17T18:48:05Z,2026-08-17T18:48:05Z,
51.222.95.48,ipv4,botnet,high,WHITE,blocklist.de/bots|blocklist.de/all|ziyadnz/hourly-ipv4,blocklist.de|bot|irc-bot|brute-force|ziyadnz|hourly,2026-08-17T18:48:05Z,2026-08-17T18:48:05Z,
51.222.95.5,ipv4,botnet,high,WHITE,blocklist.de/bots|blocklist.de/all|ziyadnz/hourly-ipv4,blocklist.de|bot|irc-bot|brute-force|ziyadnz|hourly,2026-08-17T18:48:05Z,2026-08-17T18:48:05Z,
51.222.95.50,ipv4,botnet,high,WHITE,blocklist.de/bots|blocklist.de/all|ziyadnz/hourly-ipv4,blocklist.de|bot|irc-bot|brute-force|ziyadnz|hourly,2026-08-17T18:48:05Z,2026-08-17T18:48:05Z,
51.222.95.54,ipv4,botnet,high,WHITE,blocklist.de/bots|blocklist.de/all|ziyadnz/hourly-ipv4,blocklist.de|bot|irc-bot|brute-force|ziyadnz|hourly,2026-08-17T18:48:05Z,2026-08-17T18:48:05Z,
51.222.95.57,ipv4,botnet,high,WHITE,blocklist.de/bots|blocklist.de/all|ziyadnz/hourly-ipv4,blocklist.de|bot|irc-bot|brute-force|ziyadnz|hourly,2026-08-17T18:48:05Z,2026-08-17T18:48:05Z,
51.222.95.58,ipv4,botnet,high,WHITE,blocklist.de/bots|blocklist.de/all|ziyadnz/hourly-ipv4,blocklist.de|bot|irc-bot|brute-force|ziyadnz|hourly,2026-08-17T18:48:05Z,2026-08-17T18:48:05Z,
51.222.95.6,ipv4,botnet,high,WHITE,blocklist.de/bots|blocklist.de/all|ziyadnz/hourly-ipv4,blocklist.de|bot|irc-bot|brute-force|ziyadnz|hourly,2026-08-17T18:48:05Z,2026-08-17T18:48:05Z,
51.222.95.60,ipv4,botnet,high,WHITE,blocklist.de/bots|blocklist.de/all|ziyadnz/hourly-ipv4,blocklist.de|bot|irc-bot|brute-force|ziyadnz|hourly,2026-08-17T18:48:05Z,2026-08-17T18:48:05Z,
51.222.95.64,ipv4,botnet,high,WHITE,blocklist.de/bots|blocklist.de/all|ziyadnz/hourly-ipv4,blocklist.de|bot|irc-bot|brute-force|ziyadnz|hourly,2026-08-17T18:48:05Z,2026-08-17T18:48:05Z,
51.222.95.65,ipv4,botnet,high,WHITE,blocklist.de/bots|blocklist.de/all|ziyadnz/hourly-ipv4,blocklist.de|bot|irc-bot|brute-force|ziyadnz|hourly,2026-08-17T18:48:05Z,2026-08-17T18:48:05Z,
51.222.95.70,ipv4,botnet,high,WHITE,blocklist.de/bots|blocklist.de/all|ziyadnz/hourly-ipv4,blocklist.de|bot|irc-bot|brute-force|ziyadnz|hourly,2026-08-17T18:48:05Z,2026-08-17T18:48:05Z,
51.222.95.71,ipv4,botnet,high,WHITE,blocklist.de/bots|blocklist.de/all|ziyadnz/hourly-ipv4,blocklist.de|bot|irc-bot|brute-force|ziyadnz|hourly,2026-08-17T18:48:05Z,2026-08-17T18:48:05Z,
51.222.95.72,ipv4,botnet,high,WHITE,blocklist.de/bots|blocklist.de/all|ziyadnz/hourly-ipv4,blocklist.de|bot|irc-bot|brute-force|ziyadnz|hourly,2026-08-17T18:48:05Z,2026-08-17T18:48:05Z,
51.222.95.73,ipv4,botnet,high,WHITE,blocklist.de/bots|blocklist.de/all|ziyadnz/hourly-ipv4,blocklist.de|bot|irc-bot|brute-force|ziyadnz|hourly,2026-08-17T18:48:05Z,2026-08-17T18:48:05Z,
51.222.95.76,ipv4,botnet,high,WHITE,blocklist.de/bots|blocklist.de/all|ziyadnz/hourly-ipv4,blocklist.de|bot|irc-bot|brute-force|ziyadnz|hourly,2026-08-17T18:48:05Z,2026-08-17T18:48:05Z,
51.222.95.79,ipv4,botnet,high,WHITE,blocklist.de/bots|blocklist.de/all|ziyadnz/hourly-ipv4,blocklist.de|bot|irc-bot|brute-force|ziyadnz|hourly,2026-08-17T18:48:05Z,2026-08-17T18:48:05Z,
51.222.95.8,ipv4,botnet,high,WHITE,blocklist.de/bots|blocklist.de/all|ziyadnz/hourly-ipv4,blocklist.de|bot|irc-bot|brute-force|ziyadnz|hourly,2026-08-17T18:48:05Z,2026-08-17T18:48:05Z,
51.222.95.80,ipv4,botnet,high,WHITE,blocklist.de/bots|blocklist.de/all|ziyadnz/hourly-ipv4,blocklist.de|bot|irc-bot|brute-force|ziyadnz|hourly,2026-08-17T18:48:05Z,2026-08-17T18:48:05Z,
51.222.95.81,ipv4,botnet,high,WHITE,blocklist.de/bots|blocklist.de/all|ziyadnz/hourly-ipv4,blocklist.de|bot|irc-bot|brute-force|ziyadnz|hourly,2026-08-17T18:48:05Z,2026-08-17T18:48:05Z,
51.222.95.83,ipv4,botnet,high,WHITE,blocklist.de/bots|blocklist.de/all|ziyadnz/hourly-ipv4,blocklist.de|bot|irc-bot|brute-force|ziyadnz|hourly,2026-08-17T18:48:05Z,2026-08-17T18:48:05Z,
51.222.95.84,ipv4,botnet,high,WHITE,blocklist.de/bots|blocklist.de/all|ziyadnz/hourly-ipv4,blocklist.de|bot|irc-bot|brute-force|ziyadnz|hourly,2026-08-17T18:48:05Z,2026-08-17T18:48:05Z,
51.222.95.86,ipv4,botnet,high,WHITE,blocklist.de/bots|blocklist.de/all|ziyadnz/hourly-ipv4,blocklist.de|bot|irc-bot|brute-force|ziyadnz|hourly,2026-08-17T18:48:05Z,2026-08-17T18:48:05Z,
51.222.95.87,ipv4,botnet,high,WHITE,blocklist.de/bots|blocklist.de/all|ziyadnz/hourly-ipv4,blocklist.de|bot|irc-bot|brute-force|ziyadnz|hourly,2026-08-17T18:48:05Z,2026-08-17T18:48:05Z,
51.222.95.88,ipv4,botnet,high,WHITE,blocklist.de/bots|blocklist.de/all|ziyadnz/hourly-ipv4,blocklist.de|bot|irc-bot|brute-force|ziyadnz|hourly,2026-08-17T18:48:05Z,2026-08-17T18:48:05Z,
51.222.95.90,ipv4,botnet,high,WHITE,blocklist.de/bots|blocklist.de/all|ziyadnz/hourly-ipv4,blocklist.de|bot|irc-bot|brute-force|ziyadnz|hourly,2026-08-17T18:48:05Z,2026-08-17T18:48:05Z,
51.222.95.94,ipv4,botnet,high,WHITE,blocklist.de/bots|blocklist.de/all|ziyadnz/hourly-ipv4,blocklist.de|bot|irc-bot|brute-force|ziyadnz|hourly,2026-08-17T18:48:05Z,2026-08-17T18:48:05Z,
51.222.95.96,ipv4,botnet,high,WHITE,blocklist.de/bots|blocklist.de/all|ziyadnz/hourly-ipv4,blocklist.de|bot|irc-bot|brute-force|ziyadnz|hourly,2026-08-17T18:48:05Z,2026-08-17T18:48:05Z,
51.222.95.97,ipv4,botnet,high,WHITE,blocklist.de/bots|blocklist.de/all|ziyadnz/hourly-ipv4,blocklist.de|bot|irc-bot|brute-force|ziyadnz|hourly,2026-08-17T18:48:05Z,2026-08-17T18:48:05Z,
51.222.95.98,ipv4,botnet,high,WHITE,blocklist.de/bots|blocklist.de/all|ziyadnz/hourly-ipv4,blocklist.de|bot|irc-bot|brute-force|ziyadnz|hourly,2026-08-17T18:48:05Z,2026-08-17T18:48:05Z,
51.222.95.99,ipv4,botnet,high,WHITE,blocklist.de/bots|blocklist.de/all|ziyadnz/hourly-ipv4,blocklist.de|bot|irc-bot|brute-force|ziyadnz|hourly,2026-08-17T18:48:05Z,2026-08-17T18:48:05Z,
51.68.107.137,ipv4,botnet,high,WHITE,blocklist.de/bots|blocklist.de/all|ziyadnz/hourly-ipv4,blocklist.de|bot|irc-bot|brute-force|ziyadnz|hourly,2026-08-17T18:48:05Z,2026-08-17T18:48:05Z,
51.68.107.141,ipv4,botnet,high,WHITE,blocklist.de/bots|blocklist.de/all|ziyadnz/hourly-ipv4,blocklist.de|bot|irc-bot|brute-force|ziyadnz|hourly,2026-08-17T18:48:05Z,2026-08-17T18:48:05Z,
51.68.107.142,ipv4,botnet,high,WHITE,blocklist.de/bots|blocklist.de/all|ziyadnz/hourly-ipv4,blocklist.de|bot|irc-bot|brute-force|ziyadnz|hourly,2026-08-17T18:48:05Z,2026-08-17T18:48:05Z,
51.68.107.149,ipv4,botnet,high,WHITE,blocklist.de/bots|blocklist.de/all|ziyadnz/hourly-ipv4,blocklist.de|bot|irc-bot|brute-force|ziyadnz|hourly,2026-08-17T18:48:05Z,2026-08-17T18:48:05Z,
51.68.107.150,ipv4,botnet,high,WHITE,blocklist.de/bots|blocklist.de/all|ziyadnz/hourly-ipv4,blocklist.de|bot|irc-bot|brute-force|ziyadnz|hourly,2026-08-17T18:48:05Z,2026-08-17T18:48:05Z,
51.68.107.151,ipv4,botnet,high,WHITE,blocklist.de/bots|blocklist.de/all|ziyadnz/hourly-ipv4,blocklist.de|bot|irc-bot|brute-force|ziyadnz|hourly,2026-08-17T18:48:05Z,2026-08-17T18:48:05Z,
51.68.107.154,ipv4,botnet,high,WHITE,blocklist.de/bots|blocklist.de/all|ziyadnz/hourly-ipv4,blocklist.de|bot|irc-bot|brute-force|ziyadnz|hourly,2026-08-17T18:48:05Z,2026-08-17T18:48:05Z,
51.68.107.156,ipv4,botnet,high,WHITE,blocklist.de/bots|blocklist.de/all|ziyadnz/hourly-ipv4,blocklist.de|bot|irc-bot|brute-force|ziyadnz|hourly,2026-08-17T18:48:05Z,2026-08-17T18:48:05Z,
51.68.107.157,ipv4,botnet,high,WHITE,blocklist.de/bots|blocklist.de/all|ziyadnz/hourly-ipv4,blocklist.de|bot|irc-bot|brute-force|ziyadnz|hourly,2026-08-17T18:48:05Z,2026-08-17T18:48:05Z,
51.68.107.159,ipv4,botnet,high,WHITE,blocklist.de/bots|blocklist.de/all|ziyadnz/hourly-ipv4,blocklist.de|bot|irc-bot|brute-force|ziyadnz|hourly,2026-08-17T18:48:05Z,2026-08-17T18:48:05Z,
51.68.107.161,ipv4,botnet,high,WHITE,blocklist.de/bots|blocklist.de/all|ziyadnz/hourly-ipv4,blocklist.de|bot|irc-bot|brute-force|ziyadnz|hourly,2026-08-17T18:48:05Z,2026-08-17T18:48:05Z,
51.68.111.199,ipv4,botnet,high,WHITE,blocklist.de/bots|blocklist.de/all|ziyadnz/hourly-ipv4,blocklist.de|bot|irc-bot|brute-force|ziyadnz|hourly,2026-08-17T18:48:05Z,2026-08-17T18:48:05Z,
51.68.111.207,ipv4,botnet,high,WHITE,blocklist.de/bots|blocklist.de/all|ziyadnz/hourly-ipv4,blocklist.de|bot|irc-bot|brute-force|ziyadnz|hourly,2026-08-17T18:48:05Z,2026-08-17T18:48:05Z,
51.68.111.209,ipv4,botnet,high,WHITE,blocklist.de/bots|blocklist.de/all|ziyadnz/hourly-ipv4,blocklist.de|bot|irc-bot|brute-force|ziyadnz|hourly,2026-08-17T18:48:05Z,2026-08-17T18:48:05Z,
51.68.111.214,ipv4,botnet,high,WHITE,blocklist.de/bots|blocklist.de/all|ziyadnz/hourly-ipv4,blocklist.de|bot|irc-bot|brute-force|ziyadnz|hourly,2026-08-17T18:48:05Z,2026-08-17T18:48:05Z,
51.68.111.216,ipv4,botnet,high,WHITE,blocklist.de/bots|blocklist.de/all|ziyadnz/hourly-ipv4,blocklist.de|bot|irc-bot|brute-force|ziyadnz|hourly,2026-08-17T18:48:05Z,2026-08-17T18:48:05Z,
51.68.111.218,ipv4,botnet,high,WHITE,blocklist.de/bots|blocklist.de/all|ziyadnz/hourly-ipv4,blocklist.de|bot|irc-bot|brute-force|ziyadnz|hourly,2026-08-17T18:48:05Z,2026-08-17T18:48:05Z,
51.68.111.219,ipv4,botnet,high,WHITE,blocklist.de/bots|blocklist.de/all|ziyadnz/hourly-ipv4,blocklist.de|bot|irc-bot|brute-force|ziyadnz|hourly,2026-08-17T18:48:05Z,2026-08-17T18:48:05Z,
51.68.111.238,ipv4,botnet,high,WHITE,blocklist.de/bots|blocklist.de/all|ziyadnz/hourly-ipv4,blocklist.de|bot|irc-bot|brute-force|ziyadnz|hourly,2026-08-17T18:48:05Z,2026-08-17T18:48:05Z,
51.68.111.240,ipv4,botnet,medium,WHITE,blocklist.de/bots|ziyadnz/hourly-ipv4,blocklist.de|bot|irc-bot|brute-force|ziyadnz|hourly,2026-08-17T18:48:05Z,2026-08-17T18:48:05Z,
51.68.111.241,ipv4,botnet,high,WHITE,blocklist.de/bots|blocklist.de/all|ziyadnz/hourly-ipv4,blocklist.de|bot|irc-bot|brute-force|ziyadnz|hourly,2026-08-17T18:48:05Z,2026-08-17T18:48:05Z,
51.68.111.242,ipv4,botnet,high,WHITE,blocklist.de/bots|blocklist.de/all|ziyadnz/hourly-ipv4,blocklist.de|bot|irc-bot|brute-force|ziyadnz|hourly,2026-08-17T18:48:05Z,2026-08-17T18:48:05Z,
51.68.111.243,ipv4,botnet,high,WHITE,blocklist.de/bots|blocklist.de/all|ziyadnz/hourly-ipv4,blocklist.de|bot|irc-bot|brute-force|ziyadnz|hourly,2026-08-17T18:48:05Z,2026-08-17T18:48:05Z,
51.68.111.244,ipv4,botnet,high,WHITE,blocklist.de/bots|blocklist.de/all|ziyadnz/hourly-ipv4,blocklist.de|bot|irc-bot|brute-force|ziyadnz|hourly,2026-08-17T18:48:05Z,2026-08-17T18:48:05Z,
51.68.111.245,ipv4,botnet,high,WHITE,blocklist.de/bots|blocklist.de/all|ziyadnz/hourly-ipv4,blocklist.de|bot|irc-bot|brute-force|ziyadnz|hourly,2026-08-17T18:48:05Z,2026-08-17T18:48:05Z,
51.68.236.68,ipv4,botnet,high,WHITE,blocklist.de/bots|blocklist.de/all|ziyadnz/hourly-ipv4,blocklist.de|bot|irc-bot|brute-force|ziyadnz|hourly,2026-08-17T18:48:05Z,2026-08-17T18:48:05Z,
51.68.236.69,ipv4,botnet,high,WHITE,blocklist.de/bots|blocklist.de/all|ziyadnz/hourly-ipv4,blocklist.de|bot|irc-bot|brute-force|ziyadnz|hourly,2026-08-17T18:48:05Z,2026-08-17T18:48:05Z,
51.68.236.70,ipv4,botnet,high,WHITE,blocklist.de/bots|blocklist.de/all|ziyadnz/hourly-ipv4,blocklist.de|bot|irc-bot|brute-force|ziyadnz|hourly,2026-08-17T18:48:05Z,2026-08-17T18:48:05Z,
51.68.236.73,ipv4,botnet,high,WHITE,blocklist.de/bots|blocklist.de/all|ziyadnz/hourly-ipv4,blocklist.de|bot|irc-bot|brute-force|ziyadnz|hourly,2026-08-17T18:48:05Z,2026-08-17T18:48:05Z,
51.68.236.87,ipv4,botnet,high,WHITE,blocklist.de/bots|blocklist.de/all|ziyadnz/hourly-ipv4,blocklist.de|bot|irc-bot|brute-force|ziyadnz|hourly,2026-08-17T18:48:05Z,2026-08-17T18:48:05Z,
51.68.236.90,ipv4,botnet,high,WHITE,blocklist.de/bots|blocklist.de/all|ziyadnz/hourly-ipv4,blocklist.de|bot|irc-bot|brute-force|ziyadnz|hourly,2026-08-17T18:48:05Z,2026-08-17T18:48:05Z,
51.68.236.91,ipv4,botnet,high,WHITE,blocklist.de/bots|blocklist.de/all|ziyadnz/hourly-ipv4,blocklist.de|bot|irc-bot|brute-force|ziyadnz|hourly,2026-08-17T18:48:05Z,2026-08-17T18:48:05Z,
51.68.236.92,ipv4,botnet,high,WHITE,blocklist.de/bots|blocklist.de/all|ziyadnz/hourly-ipv4,blocklist.de|bot|irc-bot|brute-force|ziyadnz|hourly,2026-08-17T18:48:05Z,2026-08-17T18:48:05Z,
51.68.236.93,ipv4,botnet,high,WHITE,blocklist.de/bots|blocklist.de/all|ziyadnz/hourly-ipv4,blocklist.de|bot|irc-bot|brute-force|ziyadnz|hourly,2026-08-17T18:48:05Z,2026-08-17T18:48:05Z,
51.68.236.95,ipv4,botnet,high,WHITE,blocklist.de/bots|blocklist.de/all|ziyadnz/hourly-ipv4,blocklist.de|bot|irc-bot|brute-force|ziyadnz|hourly,2026-08-17T18:48:05Z,2026-08-17T18:48:05Z,
51.68.247.200,ipv4,botnet,high,WHITE,blocklist.de/bots|blocklist.de/all|ziyadnz/hourly-ipv4,blocklist.de|bot|irc-bot|brute-force|ziyadnz|hourly,2026-08-17T18:48:05Z,2026-08-17T18:48:05Z,
51.68.247.208,ipv4,botnet,high,WHITE,blocklist.de/bots|blocklist.de/all|ziyadnz/hourly-ipv4,blocklist.de|bot|irc-bot|brute-force|ziyadnz|hourly,2026-08-17T18:48:05Z,2026-08-17T18:48:05Z,
51.68.247.209,ipv4,botnet,high,WHITE,blocklist.de/bots|blocklist.de/all|ziyadnz/hourly-ipv4,blocklist.de|bot|irc-bot|brute-force|ziyadnz|hourly,2026-08-17T18:48:05Z,2026-08-17T18:48:05Z,
51.68.247.219,ipv4,botnet,high,WHITE,blocklist.de/bots|blocklist.de/all|ziyadnz/hourly-ipv4,blocklist.de|bot|irc-bot|brute-force|ziyadnz|hourly,2026-08-17T18:48:05Z,2026-08-17T18:48:05Z,
51.75.119.168,ipv4,botnet,high,WHITE,blocklist.de/bots|blocklist.de/all|ziyadnz/hourly-ipv4,blocklist.de|bot|irc-bot|brute-force|ziyadnz|hourly,2026-08-17T18:48:05Z,2026-08-17T18:48:05Z,
51.75.119.75,ipv4,botnet,high,WHITE,blocklist.de/bots|blocklist.de/all|ziyadnz/hourly-ipv4,blocklist.de|bot|irc-bot|brute-force|ziyadnz|hourly,2026-08-17T18:48:05Z,2026-08-17T18:48:05Z,
51.75.236.129,ipv4,botnet,high,WHITE,blocklist.de/bots|blocklist.de/all|ziyadnz/hourly-ipv4,blocklist.de|bot|irc-bot|brute-force|ziyadnz|hourly,2026-08-17T18:48:05Z,2026-08-17T18:48:05Z,
51.75.236.130,ipv4,botnet,high,WHITE,blocklist.de/bots|blocklist.de/all|ziyadnz/hourly-ipv4,blocklist.de|bot|irc-bot|brute-force|ziyadnz|hourly,2026-08-17T18:48:05Z,2026-08-17T18:48:05Z,
51.75.236.132,ipv4,botnet,high,WHITE,blocklist.de/bots|blocklist.de/all|ziyadnz/hourly-ipv4,blocklist.de|bot|irc-bot|brute-force|ziyadnz|hourly,2026-08-17T18:48:05Z,2026-08-17T18:48:05Z,
51.75.236.134,ipv4,botnet,high,WHITE,blocklist.de/bots|blocklist.de/all|ziyadnz/hourly-ipv4,blocklist.de|bot|irc-bot|brute-force|ziyadnz|hourly,2026-08-17T18:48:05Z,2026-08-17T18:48:05Z,
51.75.236.146,ipv4,botnet,high,WHITE,blocklist.de/bots|blocklist.de/all|ziyadnz/hourly-ipv4,blocklist.de|bot|irc-bot|brute-force|ziyadnz|hourly,2026-08-17T18:48:05Z,2026-08-17T18:48:05Z,
51.75.236.148,ipv4,botnet,high,WHITE,blocklist.de/bots|blocklist.de/all|ziyadnz/hourly-ipv4,blocklist.de|bot|irc-bot|brute-force|ziyadnz|hourly,2026-08-17T18:48:05Z,2026-08-17T18:48:05Z,
51.75.236.149,ipv4,botnet,high,WHITE,blocklist.de/bots|blocklist.de/all|ziyadnz/hourly-ipv4,blocklist.de|bot|irc-bot|brute-force|ziyadnz|hourly,2026-08-17T18:48:05Z,2026-08-17T18:48:05Z,
51.75.236.151,ipv4,botnet,high,WHITE,blocklist.de/bots|blocklist.de/all|ziyadnz/hourly-ipv4,blocklist.de|bot|irc-bot|brute-force|ziyadnz|hourly,2026-08-17T18:48:05Z,2026-08-17T18:48:05Z,
51.75.236.153,ipv4,botnet,high,WHITE,blocklist.de/bots|blocklist.de/all|ziyadnz/hourly-ipv4,blocklist.de|bot|irc-bot|brute-force|ziyadnz|hourly,2026-08-17T18:48:05Z,2026-08-17T18:48:05Z,
51.75.236.155,ipv4,botnet,high,WHITE,blocklist.de/bots|blocklist.de/all|ziyadnz/hourly-ipv4,blocklist.de|bot|irc-bot|brute-force|ziyadnz|hourly,2026-08-17T18:48:05Z,2026-08-17T18:48:05Z,
51.75.236.157,ipv4,botnet,high,WHITE,blocklist.de/bots|blocklist.de/all|ziyadnz/hourly-ipv4,blocklist.de|bot|irc-bot|brute-force|ziyadnz|hourly,2026-08-17T18:48:05Z,2026-08-17T18:48:05Z,
51.75.236.158,ipv4,botnet,high,WHITE,blocklist.de/bots|blocklist.de/all|ziyadnz/hourly-ipv4,blocklist.de|bot|irc-bot|brute-force|ziyadnz|hourly,2026-08-17T18:48:05Z,2026-08-17T18:48:05Z,
51.83.7.228,ipv4,botnet,high,WHITE,blocklist.de/bots|blocklist.de/all|ziyadnz/hourly-ipv4,blocklist.de|bot|irc-bot|brute-force|ziyadnz|hourly,2026-08-17T18:48:05Z,2026-08-17T18:48:05Z,
51.89.129.0,ipv4,botnet,high,WHITE,blocklist.de/bots|blocklist.de/all|ziyadnz/hourly-ipv4,blocklist.de|bot|irc-bot|brute-force|ziyadnz|hourly,2026-08-17T18:48:05Z,2026-08-17T18:48:05Z,
51.89.129.10,ipv4,botnet,high,WHITE,blocklist.de/bots|blocklist.de/all|ziyadnz/hourly-ipv4,blocklist.de|bot|irc-bot|brute-force|ziyadnz|hourly,2026-08-17T18:48:05Z,2026-08-17T18:48:05Z,
51.89.129.103,ipv4,botnet,high,WHITE,blocklist.de/bots|blocklist.de/all|ziyadnz/hourly-ipv4,blocklist.de|bot|irc-bot|brute-force|ziyadnz|hourly,2026-08-17T18:48:05Z,2026-08-17T18:48:05Z,
51.89.129.104,ipv4,botnet,high,WHITE,blocklist.de/bots|blocklist.de/all|ziyadnz/hourly-ipv4,blocklist.de|bot|irc-bot|brute-force|ziyadnz|hourly,2026-08-17T18:48:05Z,2026-08-17T18:48:05Z,
51.89.129.105,ipv4,botnet,high,WHITE,blocklist.de/bots|blocklist.de/all|ziyadnz/hourly-ipv4,blocklist.de|bot|irc-bot|brute-force|ziyadnz|hourly,2026-08-17T18:48:05Z,2026-08-17T18:48:05Z,
51.89.129.106,ipv4,botnet,high,WHITE,blocklist.de/bots|blocklist.de/all|ziyadnz/hourly-ipv4,blocklist.de|bot|irc-bot|brute-force|ziyadnz|hourly,2026-08-17T18:48:05Z,2026-08-17T18:48:05Z,
51.89.129.107,ipv4,botnet,high,WHITE,blocklist.de/bots|blocklist.de/all|ziyadnz/hourly-ipv4,blocklist.de|bot|irc-bot|brute-force|ziyadnz|hourly,2026-08-17T18:48:05Z,2026-08-17T18:48:05Z,
51.89.129.109,ipv4,botnet,high,WHITE,blocklist.de/bots|blocklist.de/all|ziyadnz/hourly-ipv4,blocklist.de|bot|irc-bot|brute-force|ziyadnz|hourly,2026-08-17T18:48:05Z,2026-08-17T18:48:05Z,
51.89.129.110,ipv4,botnet,high,WHITE,blocklist.de/bots|blocklist.de/all|ziyadnz/hourly-ipv4,blocklist.de|bot|irc-bot|brute-force|ziyadnz|hourly,2026-08-17T18:48:05Z,2026-08-17T18:48:05Z,
51.89.129.111,ipv4,botnet,high,WHITE,blocklist.de/bots|blocklist.de/all|ziyadnz/hourly-ipv4,blocklist.de|bot|irc-bot|brute-force|ziyadnz|hourly,2026-08-17T18:48:05Z,2026-08-17T18:48:05Z,
51.89.129.112,ipv4,botnet,medium,WHITE,blocklist.de/bots|blocklist.de/all,blocklist.de|bot|irc-bot|brute-force|ziyadnz|hourly,2026-08-17T18:48:05Z,2026-08-17T18:48:05Z,
51.89.129.113,ipv4,botnet,high,WHITE,blocklist.de/bots|blocklist.de/all|ziyadnz/hourly-ipv4,blocklist.de|bot|irc-bot|brute-force|ziyadnz|hourly,2026-08-17T18:48:05Z,2026-08-17T18:48:05Z,
51.89.129.114,ipv4,botnet,high,WHITE,blocklist.de/bots|blocklist.de/all|ziyadnz/hourly-ipv4,blocklist.de|bot|irc-bot|brute-force|ziyadnz|hourly,2026-08-17T18:48:05Z,2026-08-17T18:48:05Z,
51.89.129.115,ipv4,botnet,high,WHITE,blocklist.de/bots|blocklist.de/all|ziyadnz/hourly-ipv4,blocklist.de|bot|irc-bot|brute-force|ziyadnz|hourly,2026-08-17T18:48:05Z,2026-08-17T18:48:05Z,
51.89.129.116,ipv4,botnet,high,WHITE,blocklist.de/bots|blocklist.de/all|ziyadnz/hourly-ipv4,blocklist.de|bot|irc-bot|brute-force|ziyadnz|hourly,2026-08-17T18:48:05Z,2026-08-17T18:48:05Z,
51.89.129.117,ipv4,botnet,high,WHITE,blocklist.de/bots|blocklist.de/all|ziyadnz/hourly-ipv4,blocklist.de|bot|irc-bot|brute-force|ziyadnz|hourly,2026-08-17T18:48:05Z,2026-08-17T18:48:05Z,
51.89.129.118,ipv4,botnet,high,WHITE,blocklist.de/bots|blocklist.de/all|ziyadnz/hourly-ipv4,blocklist.de|bot|irc-bot|brute-force|ziyadnz|hourly,2026-08-17T18:48:05Z,2026-08-17T18:48:05Z,
51.89.129.121,ipv4,botnet,high,WHITE,blocklist.de/bots|blocklist.de/all|ziyadnz/hourly-ipv4,blocklist.de|bot|irc-bot|brute-force|ziyadnz|hourly,2026-08-17T18:48:05Z,2026-08-17T18:48:05Z,
51.89.129.122,ipv4,botnet,high,WHITE,blocklist.de/bots|blocklist.de/all|ziyadnz/hourly-ipv4,blocklist.de|bot|irc-bot|brute-force|ziyadnz|hourly,2026-08-17T18:48:05Z,2026-08-17T18:48:05Z,
51.89.129.124,ipv4,botnet,high,WHITE,blocklist.de/bots|blocklist.de/all|ziyadnz/hourly-ipv4,blocklist.de|bot|irc-bot|brute-force|ziyadnz|hourly,2026-08-17T18:48:05Z,2026-08-17T18:48:05Z,
51.89.129.125,ipv4,botnet,high,WHITE,blocklist.de/bots|blocklist.de/all|ziyadnz/hourly-ipv4,blocklist.de|bot|irc-bot|brute-force|ziyadnz|hourly,2026-08-17T18:48:05Z,2026-08-17T18:48:05Z,
51.89.129.129,ipv4,botnet,high,WHITE,blocklist.de/bots|blocklist.de/all|ziyadnz/hourly-ipv4,blocklist.de|bot|irc-bot|brute-force|ziyadnz|hourly,2026-08-17T18:48:05Z,2026-08-17T18:48:05Z,
51.89.129.13,ipv4,botnet,high,WHITE,blocklist.de/bots|blocklist.de/all|ziyadnz/hourly-ipv4,blocklist.de|bot|irc-bot|brute-force|ziyadnz|hourly,2026-08-17T18:48:05Z,2026-08-17T18:48:05Z,
51.89.129.131,ipv4,botnet,high,WHITE,blocklist.de/bots|blocklist.de/all|ziyadnz/hourly-ipv4,blocklist.de|bot|irc-bot|brute-force|ziyadnz|hourly,2026-08-17T18:48:05Z,2026-08-17T18:48:05Z,
51.89.129.133,ipv4,botnet,high,WHITE,blocklist.de/bots|blocklist.de/all|ziyadnz/hourly-ipv4,blocklist.de|bot|irc-bot|brute-force|ziyadnz|hourly,2026-08-17T18:48:05Z,2026-08-17T18:48:05Z,
51.89.129.134,ipv4,botnet,high,WHITE,blocklist.de/bots|blocklist.de/all|ziyadnz/hourly-ipv4,blocklist.de|bot|irc-bot|brute-force|ziyadnz|hourly,2026-08-17T18:48:05Z,2026-08-17T18:48:05Z,
51.89.129.139,ipv4,botnet,high,WHITE,blocklist.de/bots|blocklist.de/all|ziyadnz/hourly-ipv4,blocklist.de|bot|irc-bot|brute-force|ziyadnz|hourly,2026-08-17T18:48:05Z,2026-08-17T18:48:05Z,
51.89.129.140,ipv4,botnet,high,WHITE,blocklist.de/bots|blocklist.de/all|ziyadnz/hourly-ipv4,blocklist.de|bot|irc-bot|brute-force|ziyadnz|hourly,2026-08-17T18:48:05Z,2026-08-17T18:48:05Z,
51.89.129.141,ipv4,botnet,high,WHITE,blocklist.de/bots|blocklist.de/all|ziyadnz/hourly-ipv4,blocklist.de|bot|irc-bot|brute-force|ziyadnz|hourly,2026-08-17T18:48:05Z,2026-08-17T18:48:05Z,
51.89.129.142,ipv4,botnet,high,WHITE,blocklist.de/bots|blocklist.de/all|ziyadnz/hourly-ipv4,blocklist.de|bot|irc-bot|brute-force|ziyadnz|hourly,2026-08-17T18:48:05Z,2026-08-17T18:48:05Z,
51.89.129.144,ipv4,botnet,high,WHITE,blocklist.de/bots|blocklist.de/all|ziyadnz/hourly-ipv4,blocklist.de|bot|irc-bot|brute-force|ziyadnz|hourly,2026-08-17T18:48:05Z,2026-08-17T18:48:05Z,
51.89.129.146,ipv4,botnet,high,WHITE,blocklist.de/bots|blocklist.de/all|ziyadnz/hourly-ipv4,blocklist.de|bot|irc-bot|brute-force|ziyadnz|hourly,2026-08-17T18:48:05Z,2026-08-17T18:48:05Z,
51.89.129.150,ipv4,botnet,high,WHITE,blocklist.de/bots|blocklist.de/all|ziyadnz/hourly-ipv4,blocklist.de|bot|irc-bot|brute-force|ziyadnz|hourly,2026-08-17T18:48:05Z,2026-08-17T18:48:05Z,
51.89.129.151,ipv4,botnet,high,WHITE,blocklist.de/bots|blocklist.de/all|ziyadnz/hourly-ipv4,blocklist.de|bot|irc-bot|brute-force|ziyadnz|hourly,2026-08-17T18:48:05Z,2026-08-17T18:48:05Z,
51.89.129.152,ipv4,botnet,high,WHITE,blocklist.de/bots|blocklist.de/all|ziyadnz/hourly-ipv4,blocklist.de|bot|irc-bot|brute-force|ziyadnz|hourly,2026-08-17T18:48:05Z,2026-08-17T18:48:05Z,
51.89.129.153,ipv4,botnet,high,WHITE,blocklist.de/bots|blocklist.de/all|ziyadnz/hourly-ipv4,blocklist.de|bot|irc-bot|brute-force|ziyadnz|hourly,2026-08-17T18:48:05Z,2026-08-17T18:48:05Z,
51.89.129.155,ipv4,botnet,high,WHITE,blocklist.de/bots|blocklist.de/all|ziyadnz/hourly-ipv4,blocklist.de|bot|irc-bot|brute-force|ziyadnz|hourly,2026-08-17T18:48:05Z,2026-08-17T18:48:05Z,
51.89.129.16,ipv4,botnet,high,WHITE,blocklist.de/bots|blocklist.de/all|ziyadnz/hourly-ipv4,blocklist.de|bot|irc-bot|brute-force|ziyadnz|hourly,2026-08-17T18:48:05Z,2026-08-17T18:48:05Z,
51.89.129.160,ipv4,botnet,high,WHITE,blocklist.de/bots|blocklist.de/all|ziyadnz/hourly-ipv4,blocklist.de|bot|irc-bot|brute-force|ziyadnz|hourly,2026-08-17T18:48:05Z,2026-08-17T18:48:05Z,
51.89.129.162,ipv4,botnet,high,WHITE,blocklist.de/bots|blocklist.de/all|ziyadnz/hourly-ipv4,blocklist.de|bot|irc-bot|brute-force|ziyadnz|hourly,2026-08-17T18:48:05Z,2026-08-17T18:48:05Z,
51.89.129.163,ipv4,botnet,high,WHITE,blocklist.de/bots|blocklist.de/all|ziyadnz/hourly-ipv4,blocklist.de|bot|irc-bot|brute-force|ziyadnz|hourly,2026-08-17T18:48:05Z,2026-08-17T18:48:05Z,
51.89.129.164,ipv4,botnet,high,WHITE,blocklist.de/bots|blocklist.de/all|ziyadnz/hourly-ipv4,blocklist.de|bot|irc-bot|brute-force|ziyadnz|hourly,2026-08-17T18:48:05Z,2026-08-17T18:48:05Z,
51.89.129.165,ipv4,botnet,high,WHITE,blocklist.de/bots|blocklist.de/all|ziyadnz/hourly-ipv4,blocklist.de|bot|irc-bot|brute-force|ziyadnz|hourly,2026-08-17T18:48:05Z,2026-08-17T18:48:05Z,
51.89.129.166,ipv4,botnet,high,WHITE,blocklist.de/bots|blocklist.de/all|ziyadnz/hourly-ipv4,blocklist.de|bot|irc-bot|brute-force|ziyadnz|hourly,2026-08-17T18:48:05Z,2026-08-17T18:48:05Z,
51.89.129.170,ipv4,botnet,high,WHITE,blocklist.de/bots|blocklist.de/all|ziyadnz/hourly-ipv4,blocklist.de|bot|irc-bot|brute-force|ziyadnz|hourly,2026-08-17T18:48:05Z,2026-08-17T18:48:05Z,
51.89.129.171,ipv4,botnet,high,WHITE,blocklist.de/bots|blocklist.de/all|ziyadnz/hourly-ipv4,blocklist.de|bot|irc-bot|brute-force|ziyadnz|hourly,2026-08-17T18:48:05Z,2026-08-17T18:48:05Z,
51.89.129.176,ipv4,botnet,high,WHITE,blocklist.de/bots|blocklist.de/all|ziyadnz/hourly-ipv4,blocklist.de|bot|irc-bot|brute-force|ziyadnz|hourly,2026-08-17T18:48:05Z,2026-08-17T18:48:05Z,
51.89.129.177,ipv4,botnet,high,WHITE,blocklist.de/bots|blocklist.de/all|ziyadnz/hourly-ipv4,blocklist.de|bot|irc-bot|brute-force|ziyadnz|hourly,2026-08-17T18:48:05Z,2026-08-17T18:48:05Z,
51.89.129.178,ipv4,botnet,high,WHITE,blocklist.de/bots|blocklist.de/all|ziyadnz/hourly-ipv4,blocklist.de|bot|irc-bot|brute-force|ziyadnz|hourly,2026-08-17T18:48:05Z,2026-08-17T18:48:05Z,
51.89.129.18,ipv4,botnet,high,WHITE,blocklist.de/bots|blocklist.de/all|ziyadnz/hourly-ipv4,blocklist.de|bot|irc-bot|brute-force|ziyadnz|hourly,2026-08-17T18:48:05Z,2026-08-17T18:48:05Z,
51.89.129.180,ipv4,botnet,high,WHITE,blocklist.de/bots|blocklist.de/all|ziyadnz/hourly-ipv4,blocklist.de|bot|irc-bot|brute-force|ziyadnz|hourly,2026-08-17T18:48:05Z,2026-08-17T18:48:05Z,
51.89.129.181,ipv4,botnet,high,WHITE,blocklist.de/bots|blocklist.de/all|ziyadnz/hourly-ipv4,blocklist.de|bot|irc-bot|brute-force|ziyadnz|hourly,2026-08-17T18:48:05Z,2026-08-17T18:48:05Z,
51.89.129.182,ipv4,botnet,high,WHITE,blocklist.de/bots|blocklist.de/all|ziyadnz/hourly-ipv4,blocklist.de|bot|irc-bot|brute-force|ziyadnz|hourly,2026-08-17T18:48:05Z,2026-08-17T18:48:05Z,
51.89.129.183,ipv4,botnet,high,WHITE,blocklist.de/bots|blocklist.de/all|ziyadnz/hourly-ipv4,blocklist.de|bot|irc-bot|brute-force|ziyadnz|hourly,2026-08-17T18:48:05Z,2026-08-17T18:48:05Z,
51.89.129.185,ipv4,botnet,high,WHITE,blocklist.de/bots|blocklist.de/all|ziyadnz/hourly-ipv4,blocklist.de|bot|irc-bot|brute-force|ziyadnz|hourly,2026-08-17T18:48:05Z,2026-08-17T18:48:05Z,
51.89.129.187,ipv4,botnet,high,WHITE,blocklist.de/bots|blocklist.de/all|ziyadnz/hourly-ipv4,blocklist.de|bot|irc-bot|brute-force|ziyadnz|hourly,2026-08-17T18:48:05Z,2026-08-17T18:48:05Z,
51.89.129.19,ipv4,botnet,high,WHITE,blocklist.de/bots|blocklist.de/all|ziyadnz/hourly-ipv4,blocklist.de|bot|irc-bot|brute-force|ziyadnz|hourly,2026-08-17T18:48:05Z,2026-08-17T18:48:05Z,
51.89.129.190,ipv4,botnet,high,WHITE,blocklist.de/bots|blocklist.de/all|ziyadnz/hourly-ipv4,blocklist.de|bot|irc-bot|brute-force|ziyadnz|hourly,2026-08-17T18:48:05Z,2026-08-17T18:48:05Z,
51.89.129.191,ipv4,botnet,high,WHITE,blocklist.de/bots|blocklist.de/all|ziyadnz/hourly-ipv4,blocklist.de|bot|irc-bot|brute-force|ziyadnz|hourly,2026-08-17T18:48:05Z,2026-08-17T18:48:05Z,
51.89.129.193,ipv4,botnet,high,WHITE,blocklist.de/bots|blocklist.de/all|ziyadnz/hourly-ipv4,blocklist.de|bot|irc-bot|brute-force|ziyadnz|hourly,2026-08-17T18:48:05Z,2026-08-17T18:48:05Z,
51.89.129.194,ipv4,botnet,high,WHITE,blocklist.de/bots|blocklist.de/all|ziyadnz/hourly-ipv4,blocklist.de|bot|irc-bot|brute-force|ziyadnz|hourly,2026-08-17T18:48:05Z,2026-08-17T18:48:05Z,
51.89.129.195,ipv4,botnet,high,WHITE,blocklist.de/bots|blocklist.de/all|ziyadnz/hourly-ipv4,blocklist.de|bot|irc-bot|brute-force|ziyadnz|hourly,2026-08-17T18:48:05Z,2026-08-17T18:48:05Z,
51.89.129.196,ipv4,botnet,high,WHITE,blocklist.de/bots|blocklist.de/all|ziyadnz/hourly-ipv4,blocklist.de|bot|irc-bot|brute-force|ziyadnz|hourly,2026-08-17T18:48:05Z,2026-08-17T18:48:05Z,
51.89.129.197,ipv4,botnet,high,WHITE,blocklist.de/bots|blocklist.de/all|ziyadnz/hourly-ipv4,blocklist.de|bot|irc-bot|brute-force|ziyadnz|hourly,2026-08-17T18:48:05Z,2026-08-17T18:48:05Z,
51.89.129.199,ipv4,botnet,medium,WHITE,blocklist.de/bots|blocklist.de/all,blocklist.de|bot|irc-bot|brute-force|ziyadnz|hourly,2026-08-17T18:48:05Z,2026-08-17T18:48:05Z,
51.89.129.2,ipv4,botnet,high,WHITE,blocklist.de/bots|blocklist.de/all|ziyadnz/hourly-ipv4,blocklist.de|bot|irc-bot|brute-force|ziyadnz|hourly,2026-08-17T18:48:05Z,2026-08-17T18:48:05Z,
51.89.129.20,ipv4,botnet,high,WHITE,blocklist.de/bots|blocklist.de/all|ziyadnz/hourly-ipv4,blocklist.de|bot|irc-bot|brute-force|ziyadnz|hourly,2026-08-17T18:48:05Z,2026-08-17T18:48:05Z,
51.89.129.203,ipv4,botnet,high,WHITE,blocklist.de/bots|blocklist.de/all|ziyadnz/hourly-ipv4,blocklist.de|bot|irc-bot|brute-force|ziyadnz|hourly,2026-08-17T18:48:05Z,2026-08-17T18:48:05Z,
51.89.129.204,ipv4,botnet,high,WHITE,blocklist.de/bots|blocklist.de/all|ziyadnz/hourly-ipv4,blocklist.de|bot|irc-bot|brute-force|ziyadnz|hourly,2026-08-17T18:48:05Z,2026-08-17T18:48:05Z,
51.89.129.206,ipv4,botnet,high,WHITE,blocklist.de/bots|blocklist.de/all|ziyadnz/hourly-ipv4,blocklist.de|bot|irc-bot|brute-force|ziyadnz|hourly,2026-08-17T18:48:05Z,2026-08-17T18:48:05Z,
51.89.129.207,ipv4,botnet,high,WHITE,blocklist.de/bots|blocklist.de/all|ziyadnz/hourly-ipv4,blocklist.de|bot|irc-bot|brute-force|ziyadnz|hourly,2026-08-17T18:48:05Z,2026-08-17T18:48:05Z,
51.89.129.208,ipv4,botnet,high,WHITE,blocklist.de/bots|blocklist.de/all|ziyadnz/hourly-ipv4,blocklist.de|bot|irc-bot|brute-force|ziyadnz|hourly,2026-08-17T18:48:05Z,2026-08-17T18:48:05Z,
51.89.129.210,ipv4,botnet,high,WHITE,blocklist.de/bots|blocklist.de/all|ziyadnz/hourly-ipv4,blocklist.de|bot|irc-bot|brute-force|ziyadnz|hourly,2026-08-17T18:48:05Z,2026-08-17T18:48:05Z,
51.89.129.211,ipv4,botnet,high,WHITE,blocklist.de/bots|blocklist.de/all|ziyadnz/hourly-ipv4,blocklist.de|bot|irc-bot|brute-force|ziyadnz|hourly,2026-08-17T18:48:05Z,2026-08-17T18:48:05Z,
51.89.129.214,ipv4,botnet,high,WHITE,blocklist.de/bots|blocklist.de/all|ziyadnz/hourly-ipv4,blocklist.de|bot|irc-bot|brute-force|ziyadnz|hourly,2026-08-17T18:48:05Z,2026-08-17T18:48:05Z,
51.89.129.216,ipv4,botnet,high,WHITE,blocklist.de/bots|blocklist.de/all|ziyadnz/hourly-ipv4,blocklist.de|bot|irc-bot|brute-force|ziyadnz|hourly,2026-08-17T18:48:05Z,2026-08-17T18:48:05Z,
51.89.129.218,ipv4,botnet,high,WHITE,blocklist.de/bots|blocklist.de/all|ziyadnz/hourly-ipv4,blocklist.de|bot|irc-bot|brute-force|ziyadnz|hourly,2026-08-17T18:48:05Z,2026-08-17T18:48:05Z,
51.89.129.219,ipv4,botnet,high,WHITE,blocklist.de/bots|blocklist.de/all|ziyadnz/hourly-ipv4,blocklist.de|bot|irc-bot|brute-force|ziyadnz|hourly,2026-08-17T18:48:05Z,2026-08-17T18:48:05Z,
51.89.129.22,ipv4,botnet,high,WHITE,blocklist.de/bots|blocklist.de/all|ziyadnz/hourly-ipv4,blocklist.de|bot|irc-bot|brute-force|ziyadnz|hourly,2026-08-17T18:48:05Z,2026-08-17T18:48:05Z,
51.89.129.220,ipv4,botnet,high,WHITE,blocklist.de/bots|blocklist.de/all|ziyadnz/hourly-ipv4,blocklist.de|bot|irc-bot|brute-force|ziyadnz|hourly,2026-08-17T18:48:05Z,2026-08-17T18:48:05Z,
51.89.129.222,ipv4,botnet,high,WHITE,blocklist.de/bots|blocklist.de/all|ziyadnz/hourly-ipv4,blocklist.de|bot|irc-bot|brute-force|ziyadnz|hourly,2026-08-17T18:48:05Z,2026-08-17T18:48:05Z,
51.89.129.224,ipv4,botnet,high,WHITE,blocklist.de/bots|blocklist.de/all|ziyadnz/hourly-ipv4,blocklist.de|bot|irc-bot|brute-force|ziyadnz|hourly,2026-08-17T18:48:05Z,2026-08-17T18:48:05Z,
51.89.129.226,ipv4,botnet,high,WHITE,blocklist.de/bots|blocklist.de/all|ziyadnz/hourly-ipv4,blocklist.de|bot|irc-bot|brute-force|ziyadnz|hourly,2026-08-17T18:48:05Z,2026-08-17T18:48:05Z,
51.89.129.229,ipv4,botnet,high,WHITE,blocklist.de/bots|blocklist.de/all|ziyadnz/hourly-ipv4,blocklist.de|bot|irc-bot|brute-force|ziyadnz|hourly,2026-08-17T18:48:05Z,2026-08-17T18:48:05Z,
51.89.129.23,ipv4,botnet,high,WHITE,blocklist.de/bots|blocklist.de/all|ziyadnz/hourly-ipv4,blocklist.de|bot|irc-bot|brute-force|ziyadnz|hourly,2026-08-17T18:48:05Z,2026-08-17T18:48:05Z,
51.89.129.231,ipv4,botnet,high,WHITE,blocklist.de/bots|blocklist.de/all|ziyadnz/hourly-ipv4,blocklist.de|bot|irc-bot|brute-force|ziyadnz|hourly,2026-08-17T18:48:05Z,2026-08-17T18:48:05Z,
51.89.129.232,ipv4,botnet,high,WHITE,blocklist.de/bots|blocklist.de/all|ziyadnz/hourly-ipv4,blocklist.de|bot|irc-bot|brute-force|ziyadnz|hourly,2026-08-17T18:48:05Z,2026-08-17T18:48:05Z,
51.89.129.238,ipv4,botnet,high,WHITE,blocklist.de/bots|blocklist.de/all|ziyadnz/hourly-ipv4,blocklist.de|bot|irc-bot|brute-force|ziyadnz|hourly,2026-08-17T18:48:05Z,2026-08-17T18:48:05Z,
51.89.129.24,ipv4,botnet,high,WHITE,blocklist.de/bots|blocklist.de/all|ziyadnz/hourly-ipv4,blocklist.de|bot|irc-bot|brute-force|ziyadnz|hourly,2026-08-17T18:48:05Z,2026-08-17T18:48:05Z,
51.89.129.241,ipv4,botnet,high,WHITE,blocklist.de/bots|blocklist.de/all|ziyadnz/hourly-ipv4,blocklist.de|bot|irc-bot|brute-force|ziyadnz|hourly,2026-08-17T18:48:05Z,2026-08-17T18:48:05Z,
51.89.129.242,ipv4,botnet,high,WHITE,blocklist.de/bots|blocklist.de/all|ziyadnz/hourly-ipv4,blocklist.de|bot|irc-bot|brute-force|ziyadnz|hourly,2026-08-17T18:48:05Z,2026-08-17T18:48:05Z,
51.89.129.245,ipv4,botnet,high,WHITE,blocklist.de/bots|blocklist.de/all|ziyadnz/hourly-ipv4,blocklist.de|bot|irc-bot|brute-force|ziyadnz|hourly,2026-08-17T18:48:05Z,2026-08-17T18:48:05Z,
51.89.129.246,ipv4,botnet,high,WHITE,blocklist.de/bots|blocklist.de/all|ziyadnz/hourly-ipv4,blocklist.de|bot|irc-bot|brute-force|ziyadnz|hourly,2026-08-17T18:48:05Z,2026-08-17T18:48:05Z,
51.89.129.247,ipv4,botnet,high,WHITE,blocklist.de/bots|blocklist.de/all|ziyadnz/hourly-ipv4,blocklist.de|bot|irc-bot|brute-force|ziyadnz|hourly,2026-08-17T18:48:05Z,2026-08-17T18:48:05Z,
51.89.129.248,ipv4,botnet,high,WHITE,blocklist.de/bots|blocklist.de/all|ziyadnz/hourly-ipv4,blocklist.de|bot|irc-bot|brute-force|ziyadnz|hourly,2026-08-17T18:48:05Z,2026-08-17T18:48:05Z,
51.89.129.250,ipv4,botnet,high,WHITE,blocklist.de/bots|blocklist.de/all|ziyadnz/hourly-ipv4,blocklist.de|bot|irc-bot|brute-force|ziyadnz|hourly,2026-08-17T18:48:05Z,2026-08-17T18:48:05Z,
51.89.129.251,ipv4,botnet,high,WHITE,blocklist.de/bots|blocklist.de/all|ziyadnz/hourly-ipv4,blocklist.de|bot|irc-bot|brute-force|ziyadnz|hourly,2026-08-17T18:48:05Z,2026-08-17T18:48:05Z,
51.89.129.252,ipv4,botnet,high,WHITE,blocklist.de/bots|blocklist.de/all|ziyadnz/hourly-ipv4,blocklist.de|bot|irc-bot|brute-force|ziyadnz|hourly,2026-08-17T18:48:05Z,2026-08-17T18:48:05Z,
51.89.129.26,ipv4,botnet,high,WHITE,blocklist.de/bots|blocklist.de/all|ziyadnz/hourly-ipv4,blocklist.de|bot|irc-bot|brute-force|ziyadnz|hourly,2026-08-17T18:48:05Z,2026-08-17T18:48:05Z,
51.89.129.28,ipv4,botnet,high,WHITE,blocklist.de/bots|blocklist.de/all|ziyadnz/hourly-ipv4,blocklist.de|bot|irc-bot|brute-force|ziyadnz|hourly,2026-08-17T18:48:05Z,2026-08-17T18:48:05Z,
51.89.129.29,ipv4,botnet,high,WHITE,blocklist.de/bots|blocklist.de/all|ziyadnz/hourly-ipv4,blocklist.de|bot|irc-bot|brute-force|ziyadnz|hourly,2026-08-17T18:48:05Z,2026-08-17T18:48:05Z,
51.89.129.30,ipv4,botnet,high,WHITE,blocklist.de/bots|blocklist.de/all|ziyadnz/hourly-ipv4,blocklist.de|bot|irc-bot|brute-force|ziyadnz|hourly,2026-08-17T18:48:05Z,2026-08-17T18:48:05Z,
51.89.129.31,ipv4,botnet,high,WHITE,blocklist.de/bots|blocklist.de/all|ziyadnz/hourly-ipv4,blocklist.de|bot|irc-bot|brute-force|ziyadnz|hourly,2026-08-17T18:48:05Z,2026-08-17T18:48:05Z,
51.89.129.34,ipv4,botnet,high,WHITE,blocklist.de/bots|blocklist.de/all|ziyadnz/hourly-ipv4,blocklist.de|bot|irc-bot|brute-force|ziyadnz|hourly,2026-08-17T18:48:05Z,2026-08-17T18:48:05Z,
51.89.129.35,ipv4,botnet,high,WHITE,blocklist.de/bots|blocklist.de/all|ziyadnz/hourly-ipv4,blocklist.de|bot|irc-bot|brute-force|ziyadnz|hourly,2026-08-17T18:48:05Z,2026-08-17T18:48:05Z,
51.89.129.36,ipv4,botnet,high,WHITE,blocklist.de/bots|blocklist.de/all|ziyadnz/hourly-ipv4,blocklist.de|bot|irc-bot|brute-force|ziyadnz|hourly,2026-08-17T18:48:05Z,2026-08-17T18:48:05Z,
51.89.129.37,ipv4,botnet,high,WHITE,blocklist.de/bots|blocklist.de/all|ziyadnz/hourly-ipv4,blocklist.de|bot|irc-bot|brute-force|ziyadnz|hourly,2026-08-17T18:48:05Z,2026-08-17T18:48:05Z,
51.89.129.38,ipv4,botnet,high,WHITE,blocklist.de/bots|blocklist.de/all|ziyadnz/hourly-ipv4,blocklist.de|bot|irc-bot|brute-force|ziyadnz|hourly,2026-08-17T18:48:05Z,2026-08-17T18:48:05Z,
51.89.129.39,ipv4,botnet,high,WHITE,blocklist.de/bots|blocklist.de/all|ziyadnz/hourly-ipv4,blocklist.de|bot|irc-bot|brute-force|ziyadnz|hourly,2026-08-17T18:48:05Z,2026-08-17T18:48:05Z,
51.89.129.40,ipv4,botnet,high,WHITE,blocklist.de/bots|blocklist.de/all|ziyadnz/hourly-ipv4,blocklist.de|bot|irc-bot|brute-force|ziyadnz|hourly,2026-08-17T18:48:05Z,2026-08-17T18:48:05Z,
51.89.129.41,ipv4,botnet,high,WHITE,blocklist.de/bots|blocklist.de/all|ziyadnz/hourly-ipv4,blocklist.de|bot|irc-bot|brute-force|ziyadnz|hourly,2026-08-17T18:48:05Z,2026-08-17T18:48:05Z,
51.89.129.42,ipv4,botnet,high,WHITE,blocklist.de/bots|blocklist.de/all|ziyadnz/hourly-ipv4,blocklist.de|bot|irc-bot|brute-force|ziyadnz|hourly,2026-08-17T18:48:05Z,2026-08-17T18:48:05Z,
51.89.129.43,ipv4,botnet,high,WHITE,blocklist.de/bots|blocklist.de/all|ziyadnz/hourly-ipv4,blocklist.de|bot|irc-bot|brute-force|ziyadnz|hourly,2026-08-17T18:48:05Z,2026-08-17T18:48:05Z,
51.89.129.46,ipv4,botnet,high,WHITE,blocklist.de/bots|blocklist.de/all|ziyadnz/hourly-ipv4,blocklist.de|bot|irc-bot|brute-force|ziyadnz|hourly,2026-08-17T18:48:05Z,2026-08-17T18:48:05Z,
51.89.129.47,ipv4,botnet,high,WHITE,blocklist.de/bots|blocklist.de/all|ziyadnz/hourly-ipv4,blocklist.de|bot|irc-bot|brute-force|ziyadnz|hourly,2026-08-17T18:48:05Z,2026-08-17T18:48:05Z,
51.89.129.49,ipv4,botnet,high,WHITE,blocklist.de/bots|blocklist.de/all|ziyadnz/hourly-ipv4,blocklist.de|bot|irc-bot|brute-force|ziyadnz|hourly,2026-08-17T18:48:05Z,2026-08-17T18:48:05Z,
51.89.129.52,ipv4,botnet,high,WHITE,blocklist.de/bots|blocklist.de/all|ziyadnz/hourly-ipv4,blocklist.de|bot|irc-bot|brute-force|ziyadnz|hourly,2026-08-17T18:48:05Z,2026-08-17T18:48:05Z,
51.89.129.53,ipv4,botnet,high,WHITE,blocklist.de/bots|blocklist.de/all|ziyadnz/hourly-ipv4,blocklist.de|bot|irc-bot|brute-force|ziyadnz|hourly,2026-08-17T18:48:05Z,2026-08-17T18:48:05Z,
51.89.129.54,ipv4,botnet,high,WHITE,blocklist.de/bots|blocklist.de/all|ziyadnz/hourly-ipv4,blocklist.de|bot|irc-bot|brute-force|ziyadnz|hourly,2026-08-17T18:48:05Z,2026-08-17T18:48:05Z,
51.89.129.55,ipv4,botnet,high,WHITE,blocklist.de/bots|blocklist.de/all|ziyadnz/hourly-ipv4,blocklist.de|bot|irc-bot|brute-force|ziyadnz|hourly,2026-08-17T18:48:05Z,2026-08-17T18:48:05Z,
51.89.129.6,ipv4,botnet,high,WHITE,blocklist.de/bots|blocklist.de/all|ziyadnz/hourly-ipv4,blocklist.de|bot|irc-bot|brute-force|ziyadnz|hourly,2026-08-17T18:48:05Z,2026-08-17T18:48:05Z,
51.89.129.61,ipv4,botnet,high,WHITE,blocklist.de/bots|blocklist.de/all|ziyadnz/hourly-ipv4,blocklist.de|bot|irc-bot|brute-force|ziyadnz|hourly,2026-08-17T18:48:05Z,2026-08-17T18:48:05Z,
51.89.129.63,ipv4,botnet,high,WHITE,blocklist.de/bots|blocklist.de/all|ziyadnz/hourly-ipv4,blocklist.de|bot|irc-bot|brute-force|ziyadnz|hourly,2026-08-17T18:48:05Z,2026-08-17T18:48:05Z,
51.89.129.65,ipv4,botnet,high,WHITE,blocklist.de/bots|blocklist.de/all|ziyadnz/hourly-ipv4,blocklist.de|bot|irc-bot|brute-force|ziyadnz|hourly,2026-08-17T18:48:05Z,2026-08-17T18:48:05Z,
51.89.129.67,ipv4,botnet,high,WHITE,blocklist.de/bots|blocklist.de/all|ziyadnz/hourly-ipv4,blocklist.de|bot|irc-bot|brute-force|ziyadnz|hourly,2026-08-17T18:48:05Z,2026-08-17T18:48:05Z,
51.89.129.69,ipv4,botnet,high,WHITE,blocklist.de/bots|blocklist.de/all|ziyadnz/hourly-ipv4,blocklist.de|bot|irc-bot|brute-force|ziyadnz|hourly,2026-08-17T18:48:05Z,2026-08-17T18:48:05Z,
51.89.129.71,ipv4,botnet,high,WHITE,blocklist.de/bots|blocklist.de/all|ziyadnz/hourly-ipv4,blocklist.de|bot|irc-bot|brute-force|ziyadnz|hourly,2026-08-17T18:48:05Z,2026-08-17T18:48:05Z,
51.89.129.72,ipv4,botnet,high,WHITE,blocklist.de/bots|blocklist.de/all|ziyadnz/hourly-ipv4,blocklist.de|bot|irc-bot|brute-force|ziyadnz|hourly,2026-08-17T18:48:05Z,2026-08-17T18:48:05Z,
51.89.129.73,ipv4,botnet,high,WHITE,blocklist.de/bots|blocklist.de/all|ziyadnz/hourly-ipv4,blocklist.de|bot|irc-bot|brute-force|ziyadnz|hourly,2026-08-17T18:48:05Z,2026-08-17T18:48:05Z,
51.89.129.75,ipv4,botnet,high,WHITE,blocklist.de/bots|blocklist.de/all|ziyadnz/hourly-ipv4,blocklist.de|bot|irc-bot|brute-force|ziyadnz|hourly,2026-08-17T18:48:05Z,2026-08-17T18:48:05Z,
51.89.129.78,ipv4,botnet,high,WHITE,blocklist.de/bots|blocklist.de/all|ziyadnz/hourly-ipv4,blocklist.de|bot|irc-bot|brute-force|ziyadnz|hourly,2026-08-17T18:48:05Z,2026-08-17T18:48:05Z,
51.89.129.79,ipv4,botnet,high,WHITE,blocklist.de/bots|blocklist.de/all|ziyadnz/hourly-ipv4,blocklist.de|bot|irc-bot|brute-force|ziyadnz|hourly,2026-08-17T18:48:05Z,2026-08-17T18:48:05Z,
51.89.129.80,ipv4,botnet,high,WHITE,blocklist.de/bots|blocklist.de/all|ziyadnz/hourly-ipv4,blocklist.de|bot|irc-bot|brute-force|ziyadnz|hourly,2026-08-17T18:48:05Z,2026-08-17T18:48:05Z,
51.89.129.81,ipv4,botnet,high,WHITE,blocklist.de/bots|blocklist.de/all|ziyadnz/hourly-ipv4,blocklist.de|bot|irc-bot|brute-force|ziyadnz|hourly,2026-08-17T18:48:05Z,2026-08-17T18:48:05Z,
51.89.129.82,ipv4,botnet,high,WHITE,blocklist.de/bots|blocklist.de/all|ziyadnz/hourly-ipv4,blocklist.de|bot|irc-bot|brute-force|ziyadnz|hourly,2026-08-17T18:48:05Z,2026-08-17T18:48:05Z,
51.89.129.84,ipv4,botnet,high,WHITE,blocklist.de/bots|blocklist.de/all|ziyadnz/hourly-ipv4,blocklist.de|bot|irc-bot|brute-force|ziyadnz|hourly,2026-08-17T18:48:05Z,2026-08-17T18:48:05Z,
51.89.129.87,ipv4,botnet,high,WHITE,blocklist.de/bots|blocklist.de/all|ziyadnz/hourly-ipv4,blocklist.de|bot|irc-bot|brute-force|ziyadnz|hourly,2026-08-17T18:48:05Z,2026-08-17T18:48:05Z,
51.89.129.89,ipv4,botnet,high,WHITE,blocklist.de/bots|blocklist.de/all|ziyadnz/hourly-ipv4,blocklist.de|bot|irc-bot|brute-force|ziyadnz|hourly,2026-08-17T18:48:05Z,2026-08-17T18:48:05Z,
51.89.129.91,ipv4,botnet,high,WHITE,blocklist.de/bots|blocklist.de/all|ziyadnz/hourly-ipv4,blocklist.de|bot|irc-bot|brute-force|ziyadnz|hourly,2026-08-17T18:48:05Z,2026-08-17T18:48:05Z,
51.89.129.92,ipv4,botnet,high,WHITE,blocklist.de/bots|blocklist.de/all|ziyadnz/hourly-ipv4,blocklist.de|bot|irc-bot|brute-force|ziyadnz|hourly,2026-08-17T18:48:05Z,2026-08-17T18:48:05Z,
51.89.129.93,ipv4,botnet,high,WHITE,blocklist.de/bots|blocklist.de/all|ziyadnz/hourly-ipv4,blocklist.de|bot|irc-bot|brute-force|ziyadnz|hourly,2026-08-17T18:48:05Z,2026-08-17T18:48:05Z,
51.89.129.94,ipv4,botnet,high,WHITE,blocklist.de/bots|blocklist.de/all|ziyadnz/hourly-ipv4,blocklist.de|bot|irc-bot|brute-force|ziyadnz|hourly,2026-08-17T18:48:05Z,2026-08-17T18:48:05Z,
51.89.129.96,ipv4,botnet,medium,WHITE,blocklist.de/bots|blocklist.de/all,blocklist.de|bot|irc-bot|brute-force|ziyadnz|hourly,2026-08-17T18:48:05Z,2026-08-17T18:48:05Z,
51.89.129.98,ipv4,botnet,high,WHITE,blocklist.de/bots|blocklist.de/all|ziyadnz/hourly-ipv4,blocklist.de|bot|irc-bot|brute-force|ziyadnz|hourly,2026-08-17T18:48:05Z,2026-08-17T18:48:05Z,
51.89.129.99,ipv4,botnet,high,WHITE,blocklist.de/bots|blocklist.de/all|ziyadnz/hourly-ipv4,blocklist.de|bot|irc-bot|brute-force|ziyadnz|hourly,2026-08-17T18:48:05Z,2026-08-17T18:48:05Z,
52.167.144.20,ipv4,botnet,medium,WHITE,blocklist.de/bots|blocklist.de/all,blocklist.de|bot|irc-bot|brute-force|ziyadnz|hourly,2026-08-17T18:48:05Z,2026-08-17T18:48:05Z,
52.23.26.158,ipv4,botnet,high,WHITE,blocklist.de/bots|blocklist.de/all|ziyadnz/hourly-ipv4,blocklist.de|bot|irc-bot|brute-force|ziyadnz|hourly,2026-08-17T18:48:05Z,2026-08-17T18:48:05Z,
54.216.152.246,ipv4,botnet,high,WHITE,blocklist.de/bots|blocklist.de/all|ziyadnz/hourly-ipv4,blocklist.de|bot|irc-bot|brute-force|ziyadnz|hourly,2026-08-17T18:48:05Z,2026-08-17T18:48:05Z,
54.222.247.102,ipv4,botnet,high,WHITE,blocklist.de/bots|blocklist.de/all|ziyadnz/hourly-ipv4,blocklist.de|bot|irc-bot|brute-force|ziyadnz|hourly,2026-08-17T18:48:05Z,2026-08-17T18:48:05Z,
54.247.166.54,ipv4,botnet,high,WHITE,blocklist.de/bots|blocklist.de/all|ziyadnz/hourly-ipv4,blocklist.de|bot|irc-bot|brute-force|ziyadnz|hourly,2026-08-17T18:48:05Z,2026-08-17T18:48:05Z,
54.36.60.45,ipv4,botnet,high,WHITE,blocklist.de/bots|blocklist.de/all|ziyadnz/hourly-ipv4,blocklist.de|bot|irc-bot|brute-force|ziyadnz|hourly,2026-08-17T18:48:05Z,2026-08-17T18:48:05Z,
54.37.118.64,ipv4,botnet,high,WHITE,blocklist.de/bots|blocklist.de/all|ziyadnz/hourly-ipv4,blocklist.de|bot|irc-bot|brute-force|ziyadnz|hourly,2026-08-17T18:48:05Z,2026-08-17T18:48:05Z,
54.37.118.65,ipv4,botnet,high,WHITE,blocklist.de/bots|blocklist.de/all|ziyadnz/hourly-ipv4,blocklist.de|bot|irc-bot|brute-force|ziyadnz|hourly,2026-08-17T18:48:05Z,2026-08-17T18:48:05Z,
54.37.118.67,ipv4,botnet,high,WHITE,blocklist.de/bots|blocklist.de/all|ziyadnz/hourly-ipv4,blocklist.de|bot|irc-bot|brute-force|ziyadnz|hourly,2026-08-17T18:48:05Z,2026-08-17T18:48:05Z,
54.37.118.68,ipv4,botnet,high,WHITE,blocklist.de/bots|blocklist.de/all|ziyadnz/hourly-ipv4,blocklist.de|bot|irc-bot|brute-force|ziyadnz|hourly,2026-08-17T18:48:05Z,2026-08-17T18:48:05Z,
54.37.118.70,ipv4,botnet,high,WHITE,blocklist.de/bots|blocklist.de/all|ziyadnz/hourly-ipv4,blocklist.de|bot|irc-bot|brute-force|ziyadnz|hourly,2026-08-17T18:48:05Z,2026-08-17T18:48:05Z,
54.37.118.71,ipv4,botnet,high,WHITE,blocklist.de/bots|blocklist.de/all|ziyadnz/hourly-ipv4,blocklist.de|bot|irc-bot|brute-force|ziyadnz|hourly,2026-08-17T18:48:05Z,2026-08-17T18:48:05Z,
54.37.118.72,ipv4,botnet,high,WHITE,blocklist.de/bots|blocklist.de/all|ziyadnz/hourly-ipv4,blocklist.de|bot|irc-bot|brute-force|ziyadnz|hourly,2026-08-17T18:48:05Z,2026-08-17T18:48:05Z,
54.37.118.75,ipv4,botnet,high,WHITE,blocklist.de/bots|blocklist.de/all|ziyadnz/hourly-ipv4,blocklist.de|bot|irc-bot|brute-force|ziyadnz|hourly,2026-08-17T18:48:05Z,2026-08-17T18:48:05Z,
54.37.118.80,ipv4,botnet,high,WHITE,blocklist.de/bots|blocklist.de/all|ziyadnz/hourly-ipv4,blocklist.de|bot|irc-bot|brute-force|ziyadnz|hourly,2026-08-17T18:48:05Z,2026-08-17T18:48:05Z,
54.37.118.83,ipv4,botnet,high,WHITE,blocklist.de/bots|blocklist.de/all|ziyadnz/hourly-ipv4,blocklist.de|bot|irc-bot|brute-force|ziyadnz|hourly,2026-08-17T18:48:05Z,2026-08-17T18:48:05Z,
54.37.118.84,ipv4,botnet,high,WHITE,blocklist.de/bots|blocklist.de/all|ziyadnz/hourly-ipv4,blocklist.de|bot|irc-bot|brute-force|ziyadnz|hourly,2026-08-17T18:48:05Z,2026-08-17T18:48:05Z,
54.37.118.86,ipv4,botnet,high,WHITE,blocklist.de/bots|blocklist.de/all|ziyadnz/hourly-ipv4,blocklist.de|bot|irc-bot|brute-force|ziyadnz|hourly,2026-08-17T18:48:05Z,2026-08-17T18:48:05Z,
54.37.118.87,ipv4,botnet,high,WHITE,blocklist.de/bots|blocklist.de/all|ziyadnz/hourly-ipv4,blocklist.de|bot|irc-bot|brute-force|ziyadnz|hourly,2026-08-17T18:48:05Z,2026-08-17T18:48:05Z,
54.37.118.88,ipv4,botnet,high,WHITE,blocklist.de/bots|blocklist.de/all|ziyadnz/hourly-ipv4,blocklist.de|bot|irc-bot|brute-force|ziyadnz|hourly,2026-08-17T18:48:05Z,2026-08-17T18:48:05Z,
54.37.252.118,ipv4,botnet,high,WHITE,blocklist.de/bots|blocklist.de/all|ziyadnz/hourly-ipv4,blocklist.de|bot|irc-bot|brute-force|ziyadnz|hourly,2026-08-17T18:48:05Z,2026-08-17T18:48:05Z,
54.37.252.119,ipv4,botnet,high,WHITE,blocklist.de/bots|blocklist.de/all|ziyadnz/hourly-ipv4,blocklist.de|bot|irc-bot|brute-force|ziyadnz|hourly,2026-08-17T18:48:05Z,2026-08-17T18:48:05Z,
54.37.252.212,ipv4,botnet,high,WHITE,blocklist.de/bots|blocklist.de/all|ziyadnz/hourly-ipv4,blocklist.de|bot|irc-bot|brute-force|ziyadnz|hourly,2026-08-17T18:48:05Z,2026-08-17T18:48:05Z,
54.37.252.231,ipv4,botnet,high,WHITE,blocklist.de/bots|blocklist.de/all|ziyadnz/hourly-ipv4,blocklist.de|bot|irc-bot|brute-force|ziyadnz|hourly,2026-08-17T18:48:05Z,2026-08-17T18:48:05Z,
54.37.254.160,ipv4,botnet,high,WHITE,blocklist.de/bots|blocklist.de/all|ziyadnz/hourly-ipv4,blocklist.de|bot|irc-bot|brute-force|ziyadnz|hourly,2026-08-17T18:48:05Z,2026-08-17T18:48:05Z,
54.38.147.0,ipv4,botnet,high,WHITE,blocklist.de/bots|blocklist.de/all|ziyadnz/hourly-ipv4,blocklist.de|bot|irc-bot|brute-force|ziyadnz|hourly,2026-08-17T18:48:05Z,2026-08-17T18:48:05Z,
54.38.147.10,ipv4,botnet,high,WHITE,blocklist.de/bots|blocklist.de/all|ziyadnz/hourly-ipv4,blocklist.de|bot|irc-bot|brute-force|ziyadnz|hourly,2026-08-17T18:48:05Z,2026-08-17T18:48:05Z,
54.38.147.100,ipv4,botnet,high,WHITE,blocklist.de/bots|blocklist.de/all|ziyadnz/hourly-ipv4,blocklist.de|bot|irc-bot|brute-force|ziyadnz|hourly,2026-08-17T18:48:05Z,2026-08-17T18:48:05Z,
54.38.147.102,ipv4,botnet,high,WHITE,blocklist.de/bots|blocklist.de/all|ziyadnz/hourly-ipv4,blocklist.de|bot|irc-bot|brute-force|ziyadnz|hourly,2026-08-17T18:48:05Z,2026-08-17T18:48:05Z,
54.38.147.103,ipv4,botnet,high,WHITE,blocklist.de/bots|blocklist.de/all|ziyadnz/hourly-ipv4,blocklist.de|bot|irc-bot|brute-force|ziyadnz|hourly,2026-08-17T18:48:05Z,2026-08-17T18:48:05Z,
54.38.147.105,ipv4,botnet,high,WHITE,blocklist.de/bots|blocklist.de/all|ziyadnz/hourly-ipv4,blocklist.de|bot|irc-bot|brute-force|ziyadnz|hourly,2026-08-17T18:48:05Z,2026-08-17T18:48:05Z,
54.38.147.108,ipv4,botnet,high,WHITE,blocklist.de/bots|blocklist.de/all|ziyadnz/hourly-ipv4,blocklist.de|bot|irc-bot|brute-force|ziyadnz|hourly,2026-08-17T18:48:05Z,2026-08-17T18:48:05Z,
54.38.147.109,ipv4,botnet,high,WHITE,blocklist.de/bots|blocklist.de/all|ziyadnz/hourly-ipv4,blocklist.de|bot|irc-bot|brute-force|ziyadnz|hourly,2026-08-17T18:48:05Z,2026-08-17T18:48:05Z,
54.38.147.11,ipv4,botnet,high,WHITE,blocklist.de/bots|blocklist.de/all|ziyadnz/hourly-ipv4,blocklist.de|bot|irc-bot|brute-force|ziyadnz|hourly,2026-08-17T18:48:05Z,2026-08-17T18:48:05Z,
54.38.147.111,ipv4,botnet,high,WHITE,blocklist.de/bots|blocklist.de/all|ziyadnz/hourly-ipv4,blocklist.de|bot|irc-bot|brute-force|ziyadnz|hourly,2026-08-17T18:48:05Z,2026-08-17T18:48:05Z,
54.38.147.112,ipv4,botnet,high,WHITE,blocklist.de/bots|blocklist.de/all|ziyadnz/hourly-ipv4,blocklist.de|bot|irc-bot|brute-force|ziyadnz|hourly,2026-08-17T18:48:05Z,2026-08-17T18:48:05Z,
54.38.147.116,ipv4,botnet,high,WHITE,blocklist.de/bots|blocklist.de/all|ziyadnz/hourly-ipv4,blocklist.de|bot|irc-bot|brute-force|ziyadnz|hourly,2026-08-17T18:48:05Z,2026-08-17T18:48:05Z,
54.38.147.118,ipv4,botnet,high,WHITE,blocklist.de/bots|blocklist.de/all|ziyadnz/hourly-ipv4,blocklist.de|bot|irc-bot|brute-force|ziyadnz|hourly,2026-08-17T18:48:05Z,2026-08-17T18:48:05Z,
54.38.147.119,ipv4,botnet,high,WHITE,blocklist.de/bots|blocklist.de/all|ziyadnz/hourly-ipv4,blocklist.de|bot|irc-bot|brute-force|ziyadnz|hourly,2026-08-17T18:48:05Z,2026-08-17T18:48:05Z,
54.38.147.121,ipv4,botnet,high,WHITE,blocklist.de/bots|blocklist.de/all|ziyadnz/hourly-ipv4,blocklist.de|bot|irc-bot|brute-force|ziyadnz|hourly,2026-08-17T18:48:05Z,2026-08-17T18:48:05Z,
54.38.147.122,ipv4,botnet,medium,WHITE,blocklist.de/bots|blocklist.de/all,blocklist.de|bot|irc-bot|brute-force|ziyadnz|hourly,2026-08-17T18:48:05Z,2026-08-17T18:48:05Z,
54.38.147.123,ipv4,botnet,high,WHITE,blocklist.de/bots|blocklist.de/all|ziyadnz/hourly-ipv4,blocklist.de|bot|irc-bot|brute-force|ziyadnz|hourly,2026-08-17T18:48:05Z,2026-08-17T18:48:05Z,
54.38.147.125,ipv4,botnet,high,WHITE,blocklist.de/bots|blocklist.de/all|ziyadnz/hourly-ipv4,blocklist.de|bot|irc-bot|brute-force|ziyadnz|hourly,2026-08-17T18:48:05Z,2026-08-17T18:48:05Z,
54.38.147.126,ipv4,botnet,high,WHITE,blocklist.de/bots|blocklist.de/all|ziyadnz/hourly-ipv4,blocklist.de|bot|irc-bot|brute-force|ziyadnz|hourly,2026-08-17T18:48:05Z,2026-08-17T18:48:05Z,
54.38.147.127,ipv4,botnet,high,WHITE,blocklist.de/bots|blocklist.de/all|ziyadnz/hourly-ipv4,blocklist.de|bot|irc-bot|brute-force|ziyadnz|hourly,2026-08-17T18:48:05Z,2026-08-17T18:48:05Z,
54.38.147.128,ipv4,botnet,high,WHITE,blocklist.de/bots|blocklist.de/all|ziyadnz/hourly-ipv4,blocklist.de|bot|irc-bot|brute-force|ziyadnz|hourly,2026-08-17T18:48:05Z,2026-08-17T18:48:05Z,
54.38.147.13,ipv4,botnet,high,WHITE,blocklist.de/bots|blocklist.de/all|ziyadnz/hourly-ipv4,blocklist.de|bot|irc-bot|brute-force|ziyadnz|hourly,2026-08-17T18:48:05Z,2026-08-17T18:48:05Z,
54.38.147.132,ipv4,botnet,high,WHITE,blocklist.de/bots|blocklist.de/all|ziyadnz/hourly-ipv4,blocklist.de|bot|irc-bot|brute-force|ziyadnz|hourly,2026-08-17T18:48:05Z,2026-08-17T18:48:05Z,
54.38.147.133,ipv4,botnet,high,WHITE,blocklist.de/bots|blocklist.de/all|ziyadnz/hourly-ipv4,blocklist.de|bot|irc-bot|brute-force|ziyadnz|hourly,2026-08-17T18:48:05Z,2026-08-17T18:48:05Z,
54.38.147.134,ipv4,botnet,high,WHITE,blocklist.de/bots|blocklist.de/all|ziyadnz/hourly-ipv4,blocklist.de|bot|irc-bot|brute-force|ziyadnz|hourly,2026-08-17T18:48:05Z,2026-08-17T18:48:05Z,
54.38.147.135,ipv4,botnet,high,WHITE,blocklist.de/bots|blocklist.de/all|ziyadnz/hourly-ipv4,blocklist.de|bot|irc-bot|brute-force|ziyadnz|hourly,2026-08-17T18:48:05Z,2026-08-17T18:48:05Z,
54.38.147.137,ipv4,botnet,high,WHITE,blocklist.de/bots|blocklist.de/all|ziyadnz/hourly-ipv4,blocklist.de|bot|irc-bot|brute-force|ziyadnz|hourly,2026-08-17T18:48:05Z,2026-08-17T18:48:05Z,
54.38.147.139,ipv4,botnet,high,WHITE,blocklist.de/bots|blocklist.de/all|ziyadnz/hourly-ipv4,blocklist.de|bot|irc-bot|brute-force|ziyadnz|hourly,2026-08-17T18:48:05Z,2026-08-17T18:48:05Z,
54.38.147.140,ipv4,botnet,high,WHITE,blocklist.de/bots|blocklist.de/all|ziyadnz/hourly-ipv4,blocklist.de|bot|irc-bot|brute-force|ziyadnz|hourly,2026-08-17T18:48:05Z,2026-08-17T18:48:05Z,
54.38.147.142,ipv4,botnet,high,WHITE,blocklist.de/bots|blocklist.de/all|ziyadnz/hourly-ipv4,blocklist.de|bot|irc-bot|brute-force|ziyadnz|hourly,2026-08-17T18:48:05Z,2026-08-17T18:48:05Z,
54.38.147.144,ipv4,botnet,high,WHITE,blocklist.de/bots|blocklist.de/all|ziyadnz/hourly-ipv4,blocklist.de|bot|irc-bot|brute-force|ziyadnz|hourly,2026-08-17T18:48:05Z,2026-08-17T18:48:05Z,
54.38.147.145,ipv4,botnet,high,WHITE,blocklist.de/bots|blocklist.de/all|ziyadnz/hourly-ipv4,blocklist.de|bot|irc-bot|brute-force|ziyadnz|hourly,2026-08-17T18:48:05Z,2026-08-17T18:48:05Z,
54.38.147.146,ipv4,botnet,high,WHITE,blocklist.de/bots|blocklist.de/all|ziyadnz/hourly-ipv4,blocklist.de|bot|irc-bot|brute-force|ziyadnz|hourly,2026-08-17T18:48:05Z,2026-08-17T18:48:05Z,
54.38.147.147,ipv4,botnet,high,WHITE,blocklist.de/bots|blocklist.de/all|ziyadnz/hourly-ipv4,blocklist.de|bot|irc-bot|brute-force|ziyadnz|hourly,2026-08-17T18:48:05Z,2026-08-17T18:48:05Z,
54.38.147.148,ipv4,botnet,high,WHITE,blocklist.de/bots|blocklist.de/all|ziyadnz/hourly-ipv4,blocklist.de|bot|irc-bot|brute-force|ziyadnz|hourly,2026-08-17T18:48:05Z,2026-08-17T18:48:05Z,
54.38.147.151,ipv4,botnet,high,WHITE,blocklist.de/bots|blocklist.de/all|ziyadnz/hourly-ipv4,blocklist.de|bot|irc-bot|brute-force|ziyadnz|hourly,2026-08-17T18:48:05Z,2026-08-17T18:48:05Z,
54.38.147.152,ipv4,botnet,medium,WHITE,blocklist.de/bots|blocklist.de/all,blocklist.de|bot|irc-bot|brute-force|ziyadnz|hourly,2026-08-17T18:48:05Z,2026-08-17T18:48:05Z,
54.38.147.155,ipv4,botnet,high,WHITE,blocklist.de/bots|blocklist.de/all|ziyadnz/hourly-ipv4,blocklist.de|bot|irc-bot|brute-force|ziyadnz|hourly,2026-08-17T18:48:05Z,2026-08-17T18:48:05Z,
54.38.147.158,ipv4,botnet,high,WHITE,blocklist.de/bots|blocklist.de/all|ziyadnz/hourly-ipv4,blocklist.de|bot|irc-bot|brute-force|ziyadnz|hourly,2026-08-17T18:48:05Z,2026-08-17T18:48:05Z,
54.38.147.161,ipv4,botnet,medium,WHITE,blocklist.de/bots|blocklist.de/all,blocklist.de|bot|irc-bot|brute-force|ziyadnz|hourly,2026-08-17T18:48:05Z,2026-08-17T18:48:05Z,
54.38.147.162,ipv4,botnet,high,WHITE,blocklist.de/bots|blocklist.de/all|ziyadnz/hourly-ipv4,blocklist.de|bot|irc-bot|brute-force|ziyadnz|hourly,2026-08-17T18:48:05Z,2026-08-17T18:48:05Z,
54.38.147.167,ipv4,botnet,high,WHITE,blocklist.de/bots|blocklist.de/all|ziyadnz/hourly-ipv4,blocklist.de|bot|irc-bot|brute-force|ziyadnz|hourly,2026-08-17T18:48:05Z,2026-08-17T18:48:05Z,
54.38.147.168,ipv4,botnet,high,WHITE,blocklist.de/bots|blocklist.de/all|ziyadnz/hourly-ipv4,blocklist.de|bot|irc-bot|brute-force|ziyadnz|hourly,2026-08-17T18:48:05Z,2026-08-17T18:48:05Z,
54.38.147.169,ipv4,botnet,high,WHITE,blocklist.de/bots|blocklist.de/all|ziyadnz/hourly-ipv4,blocklist.de|bot|irc-bot|brute-force|ziyadnz|hourly,2026-08-17T18:48:05Z,2026-08-17T18:48:05Z,
54.38.147.17,ipv4,botnet,high,WHITE,blocklist.de/bots|blocklist.de/all|ziyadnz/hourly-ipv4,blocklist.de|bot|irc-bot|brute-force|ziyadnz|hourly,2026-08-17T18:48:05Z,2026-08-17T18:48:05Z,
54.38.147.174,ipv4,botnet,high,WHITE,blocklist.de/bots|blocklist.de/all|ziyadnz/hourly-ipv4,blocklist.de|bot|irc-bot|brute-force|ziyadnz|hourly,2026-08-17T18:48:05Z,2026-08-17T18:48:05Z,
54.38.147.175,ipv4,botnet,high,WHITE,blocklist.de/bots|blocklist.de/all|ziyadnz/hourly-ipv4,blocklist.de|bot|irc-bot|brute-force|ziyadnz|hourly,2026-08-17T18:48:05Z,2026-08-17T18:48:05Z,
54.38.147.176,ipv4,botnet,high,WHITE,blocklist.de/bots|blocklist.de/all|ziyadnz/hourly-ipv4,blocklist.de|bot|irc-bot|brute-force|ziyadnz|hourly,2026-08-17T18:48:05Z,2026-08-17T18:48:05Z,
54.38.147.179,ipv4,botnet,high,WHITE,blocklist.de/bots|blocklist.de/all|ziyadnz/hourly-ipv4,blocklist.de|bot|irc-bot|brute-force|ziyadnz|hourly,2026-08-17T18:48:05Z,2026-08-17T18:48:05Z,
54.38.147.182,ipv4,botnet,high,WHITE,blocklist.de/bots|blocklist.de/all|ziyadnz/hourly-ipv4,blocklist.de|bot|irc-bot|brute-force|ziyadnz|hourly,2026-08-17T18:48:05Z,2026-08-17T18:48:05Z,
54.38.147.183,ipv4,botnet,high,WHITE,blocklist.de/bots|blocklist.de/all|ziyadnz/hourly-ipv4,blocklist.de|bot|irc-bot|brute-force|ziyadnz|hourly,2026-08-17T18:48:05Z,2026-08-17T18:48:05Z,
54.38.147.186,ipv4,botnet,high,WHITE,blocklist.de/bots|blocklist.de/all|ziyadnz/hourly-ipv4,blocklist.de|bot|irc-bot|brute-force|ziyadnz|hourly,2026-08-17T18:48:05Z,2026-08-17T18:48:05Z,
54.38.147.187,ipv4,botnet,medium,WHITE,blocklist.de/bots|blocklist.de/all,blocklist.de|bot|irc-bot|brute-force|ziyadnz|hourly,2026-08-17T18:48:05Z,2026-08-17T18:48:05Z,
54.38.147.190,ipv4,botnet,high,WHITE,blocklist.de/bots|blocklist.de/all|ziyadnz/hourly-ipv4,blocklist.de|bot|irc-bot|brute-force|ziyadnz|hourly,2026-08-17T18:48:05Z,2026-08-17T18:48:05Z,
54.38.147.193,ipv4,botnet,high,WHITE,blocklist.de/bots|blocklist.de/all|ziyadnz/hourly-ipv4,blocklist.de|bot|irc-bot|brute-force|ziyadnz|hourly,2026-08-17T18:48:05Z,2026-08-17T18:48:05Z,
54.38.147.197,ipv4,botnet,high,WHITE,blocklist.de/bots|blocklist.de/all|ziyadnz/hourly-ipv4,blocklist.de|bot|irc-bot|brute-force|ziyadnz|hourly,2026-08-17T18:48:05Z,2026-08-17T18:48:05Z,
54.38.147.2,ipv4,botnet,high,WHITE,blocklist.de/bots|blocklist.de/all|ziyadnz/hourly-ipv4,blocklist.de|bot|irc-bot|brute-force|ziyadnz|hourly,2026-08-17T18:48:05Z,2026-08-17T18:48:05Z,
54.38.147.200,ipv4,botnet,high,WHITE,blocklist.de/bots|blocklist.de/all|ziyadnz/hourly-ipv4,blocklist.de|bot|irc-bot|brute-force|ziyadnz|hourly,2026-08-17T18:48:05Z,2026-08-17T18:48:05Z,
54.38.147.201,ipv4,botnet,high,WHITE,blocklist.de/bots|blocklist.de/all|ziyadnz/hourly-ipv4,blocklist.de|bot|irc-bot|brute-force|ziyadnz|hourly,2026-08-17T18:48:05Z,2026-08-17T18:48:05Z,
54.38.147.203,ipv4,botnet,high,WHITE,blocklist.de/bots|blocklist.de/all|ziyadnz/hourly-ipv4,blocklist.de|bot|irc-bot|brute-force|ziyadnz|hourly,2026-08-17T18:48:05Z,2026-08-17T18:48:05Z,
54.38.147.204,ipv4,botnet,high,WHITE,blocklist.de/bots|blocklist.de/all|ziyadnz/hourly-ipv4,blocklist.de|bot|irc-bot|brute-force|ziyadnz|hourly,2026-08-17T18:48:05Z,2026-08-17T18:48:05Z,
54.38.147.205,ipv4,botnet,high,WHITE,blocklist.de/bots|blocklist.de/all|ziyadnz/hourly-ipv4,blocklist.de|bot|irc-bot|brute-force|ziyadnz|hourly,2026-08-17T18:48:05Z,2026-08-17T18:48:05Z,
54.38.147.206,ipv4,botnet,high,WHITE,blocklist.de/bots|blocklist.de/all|ziyadnz/hourly-ipv4,blocklist.de|bot|irc-bot|brute-force|ziyadnz|hourly,2026-08-17T18:48:05Z,2026-08-17T18:48:05Z,
54.38.147.209,ipv4,botnet,high,WHITE,blocklist.de/bots|blocklist.de/all|ziyadnz/hourly-ipv4,blocklist.de|bot|irc-bot|brute-force|ziyadnz|hourly,2026-08-17T18:48:05Z,2026-08-17T18:48:05Z,
54.38.147.211,ipv4,botnet,high,WHITE,blocklist.de/bots|blocklist.de/all|ziyadnz/hourly-ipv4,blocklist.de|bot|irc-bot|brute-force|ziyadnz|hourly,2026-08-17T18:48:05Z,2026-08-17T18:48:05Z,
54.38.147.212,ipv4,botnet,high,WHITE,blocklist.de/bots|blocklist.de/all|ziyadnz/hourly-ipv4,blocklist.de|bot|irc-bot|brute-force|ziyadnz|hourly,2026-08-17T18:48:05Z,2026-08-17T18:48:05Z,
54.38.147.215,ipv4,botnet,high,WHITE,blocklist.de/bots|blocklist.de/all|ziyadnz/hourly-ipv4,blocklist.de|bot|irc-bot|brute-force|ziyadnz|hourly,2026-08-17T18:48:05Z,2026-08-17T18:48:05Z,
54.38.147.22,ipv4,botnet,high,WHITE,blocklist.de/bots|blocklist.de/all|ziyadnz/hourly-ipv4,blocklist.de|bot|irc-bot|brute-force|ziyadnz|hourly,2026-08-17T18:48:05Z,2026-08-17T18:48:05Z,
54.38.147.220,ipv4,botnet,high,WHITE,blocklist.de/bots|blocklist.de/all|ziyadnz/hourly-ipv4,blocklist.de|bot|irc-bot|brute-force|ziyadnz|hourly,2026-08-17T18:48:05Z,2026-08-17T18:48:05Z,
54.38.147.223,ipv4,botnet,high,WHITE,blocklist.de/bots|blocklist.de/all|ziyadnz/hourly-ipv4,blocklist.de|bot|irc-bot|brute-force|ziyadnz|hourly,2026-08-17T18:48:05Z,2026-08-17T18:48:05Z,
54.38.147.224,ipv4,botnet,high,WHITE,blocklist.de/bots|blocklist.de/all|ziyadnz/hourly-ipv4,blocklist.de|bot|irc-bot|brute-force|ziyadnz|hourly,2026-08-17T18:48:05Z,2026-08-17T18:48:05Z,
54.38.147.233,ipv4,botnet,high,WHITE,blocklist.de/bots|blocklist.de/all|ziyadnz/hourly-ipv4,blocklist.de|bot|irc-bot|brute-force|ziyadnz|hourly,2026-08-17T18:48:05Z,2026-08-17T18:48:05Z,
54.38.147.235,ipv4,botnet,high,WHITE,blocklist.de/bots|blocklist.de/all|ziyadnz/hourly-ipv4,blocklist.de|bot|irc-bot|brute-force|ziyadnz|hourly,2026-08-17T18:48:05Z,2026-08-17T18:48:05Z,
54.38.147.236,ipv4,botnet,high,WHITE,blocklist.de/bots|blocklist.de/all|ziyadnz/hourly-ipv4,blocklist.de|bot|irc-bot|brute-force|ziyadnz|hourly,2026-08-17T18:48:05Z,2026-08-17T18:48:05Z,
54.38.147.237,ipv4,botnet,high,WHITE,blocklist.de/bots|blocklist.de/all|ziyadnz/hourly-ipv4,blocklist.de|bot|irc-bot|brute-force|ziyadnz|hourly,2026-08-17T18:48:05Z,2026-08-17T18:48:05Z,
54.38.147.243,ipv4,botnet,high,WHITE,blocklist.de/bots|blocklist.de/all|ziyadnz/hourly-ipv4,blocklist.de|bot|irc-bot|brute-force|ziyadnz|hourly,2026-08-17T18:48:05Z,2026-08-17T18:48:05Z,
54.38.147.246,ipv4,botnet,high,WHITE,blocklist.de/bots|blocklist.de/all|ziyadnz/hourly-ipv4,blocklist.de|bot|irc-bot|brute-force|ziyadnz|hourly,2026-08-17T18:48:05Z,2026-08-17T18:48:05Z,
54.38.147.249,ipv4,botnet,high,WHITE,blocklist.de/bots|blocklist.de/all|ziyadnz/hourly-ipv4,blocklist.de|bot|irc-bot|brute-force|ziyadnz|hourly,2026-08-17T18:48:05Z,2026-08-17T18:48:05Z,
54.38.147.25,ipv4,botnet,high,WHITE,blocklist.de/bots|blocklist.de/all|ziyadnz/hourly-ipv4,blocklist.de|bot|irc-bot|brute-force|ziyadnz|hourly,2026-08-17T18:48:05Z,2026-08-17T18:48:05Z,
54.38.147.252,ipv4,botnet,high,WHITE,blocklist.de/bots|blocklist.de/all|ziyadnz/hourly-ipv4,blocklist.de|bot|irc-bot|brute-force|ziyadnz|hourly,2026-08-17T18:48:05Z,2026-08-17T18:48:05Z,
54.38.147.255,ipv4,botnet,high,WHITE,blocklist.de/bots|blocklist.de/all|ziyadnz/hourly-ipv4,blocklist.de|bot|irc-bot|brute-force|ziyadnz|hourly,2026-08-17T18:48:05Z,2026-08-17T18:48:05Z,
54.38.147.28,ipv4,botnet,high,WHITE,blocklist.de/bots|blocklist.de/all|ziyadnz/hourly-ipv4,blocklist.de|bot|irc-bot|brute-force|ziyadnz|hourly,2026-08-17T18:48:05Z,2026-08-17T18:48:05Z,
54.38.147.32,ipv4,botnet,high,WHITE,blocklist.de/bots|blocklist.de/all|ziyadnz/hourly-ipv4,blocklist.de|bot|irc-bot|brute-force|ziyadnz|hourly,2026-08-17T18:48:05Z,2026-08-17T18:48:05Z,
54.38.147.33,ipv4,botnet,high,WHITE,blocklist.de/bots|blocklist.de/all|ziyadnz/hourly-ipv4,blocklist.de|bot|irc-bot|brute-force|ziyadnz|hourly,2026-08-17T18:48:05Z,2026-08-17T18:48:05Z,
54.38.147.34,ipv4,botnet,high,WHITE,blocklist.de/bots|blocklist.de/all|ziyadnz/hourly-ipv4,blocklist.de|bot|irc-bot|brute-force|ziyadnz|hourly,2026-08-17T18:48:05Z,2026-08-17T18:48:05Z,
54.38.147.35,ipv4,botnet,high,WHITE,blocklist.de/bots|blocklist.de/all|ziyadnz/hourly-ipv4,blocklist.de|bot|irc-bot|brute-force|ziyadnz|hourly,2026-08-17T18:48:05Z,2026-08-17T18:48:05Z,
54.38.147.38,ipv4,botnet,high,WHITE,blocklist.de/bots|blocklist.de/all|ziyadnz/hourly-ipv4,blocklist.de|bot|irc-bot|brute-force|ziyadnz|hourly,2026-08-17T18:48:05Z,2026-08-17T18:48:05Z,
54.38.147.39,ipv4,botnet,high,WHITE,blocklist.de/bots|blocklist.de/all|ziyadnz/hourly-ipv4,blocklist.de|bot|irc-bot|brute-force|ziyadnz|hourly,2026-08-17T18:48:05Z,2026-08-17T18:48:05Z,
54.38.147.42,ipv4,botnet,high,WHITE,blocklist.de/bots|blocklist.de/all|ziyadnz/hourly-ipv4,blocklist.de|bot|irc-bot|brute-force|ziyadnz|hourly,2026-08-17T18:48:05Z,2026-08-17T18:48:05Z,
54.38.147.43,ipv4,botnet,high,WHITE,blocklist.de/bots|blocklist.de/all|ziyadnz/hourly-ipv4,blocklist.de|bot|irc-bot|brute-force|ziyadnz|hourly,2026-08-17T18:48:05Z,2026-08-17T18:48:05Z,
54.38.147.45,ipv4,botnet,high,WHITE,blocklist.de/bots|blocklist.de/all|ziyadnz/hourly-ipv4,blocklist.de|bot|irc-bot|brute-force|ziyadnz|hourly,2026-08-17T18:48:05Z,2026-08-17T18:48:05Z,
54.38.147.47,ipv4,botnet,high,WHITE,blocklist.de/bots|blocklist.de/all|ziyadnz/hourly-ipv4,blocklist.de|bot|irc-bot|brute-force|ziyadnz|hourly,2026-08-17T18:48:05Z,2026-08-17T18:48:05Z,
54.38.147.49,ipv4,botnet,high,WHITE,blocklist.de/bots|blocklist.de/all|ziyadnz/hourly-ipv4,blocklist.de|bot|irc-bot|brute-force|ziyadnz|hourly,2026-08-17T18:48:05Z,2026-08-17T18:48:05Z,
54.38.147.53,ipv4,botnet,high,WHITE,blocklist.de/bots|blocklist.de/all|ziyadnz/hourly-ipv4,blocklist.de|bot|irc-bot|brute-force|ziyadnz|hourly,2026-08-17T18:48:05Z,2026-08-17T18:48:05Z,
54.38.147.56,ipv4,botnet,high,WHITE,blocklist.de/bots|blocklist.de/all|ziyadnz/hourly-ipv4,blocklist.de|bot|irc-bot|brute-force|ziyadnz|hourly,2026-08-17T18:48:05Z,2026-08-17T18:48:05Z,
54.38.147.57,ipv4,botnet,high,WHITE,blocklist.de/bots|blocklist.de/all|ziyadnz/hourly-ipv4,blocklist.de|bot|irc-bot|brute-force|ziyadnz|hourly,2026-08-17T18:48:05Z,2026-08-17T18:48:05Z,
54.38.147.6,ipv4,botnet,high,WHITE,blocklist.de/bots|blocklist.de/all|ziyadnz/hourly-ipv4,blocklist.de|bot|irc-bot|brute-force|ziyadnz|hourly,2026-08-17T18:48:05Z,2026-08-17T18:48:05Z,
54.38.147.60,ipv4,botnet,high,WHITE,blocklist.de/bots|blocklist.de/all|ziyadnz/hourly-ipv4,blocklist.de|bot|irc-bot|brute-force|ziyadnz|hourly,2026-08-17T18:48:05Z,2026-08-17T18:48:05Z,
54.38.147.62,ipv4,botnet,high,WHITE,blocklist.de/bots|blocklist.de/all|ziyadnz/hourly-ipv4,blocklist.de|bot|irc-bot|brute-force|ziyadnz|hourly,2026-08-17T18:48:05Z,2026-08-17T18:48:05Z,
54.38.147.64,ipv4,botnet,high,WHITE,blocklist.de/bots|blocklist.de/all|ziyadnz/hourly-ipv4,blocklist.de|bot|irc-bot|brute-force|ziyadnz|hourly,2026-08-17T18:48:05Z,2026-08-17T18:48:05Z,
54.38.147.65,ipv4,botnet,high,WHITE,blocklist.de/bots|blocklist.de/all|ziyadnz/hourly-ipv4,blocklist.de|bot|irc-bot|brute-force|ziyadnz|hourly,2026-08-17T18:48:05Z,2026-08-17T18:48:05Z,
54.38.147.68,ipv4,botnet,high,WHITE,blocklist.de/bots|blocklist.de/all|ziyadnz/hourly-ipv4,blocklist.de|bot|irc-bot|brute-force|ziyadnz|hourly,2026-08-17T18:48:05Z,2026-08-17T18:48:05Z,
54.38.147.69,ipv4,botnet,high,WHITE,blocklist.de/bots|blocklist.de/all|ziyadnz/hourly-ipv4,blocklist.de|bot|irc-bot|brute-force|ziyadnz|hourly,2026-08-17T18:48:05Z,2026-08-17T18:48:05Z,
54.38.147.7,ipv4,botnet,high,WHITE,blocklist.de/bots|blocklist.de/all|ziyadnz/hourly-ipv4,blocklist.de|bot|irc-bot|brute-force|ziyadnz|hourly,2026-08-17T18:48:05Z,2026-08-17T18:48:05Z,
54.38.147.72,ipv4,botnet,high,WHITE,blocklist.de/bots|blocklist.de/all|ziyadnz/hourly-ipv4,blocklist.de|bot|irc-bot|brute-force|ziyadnz|hourly,2026-08-17T18:48:05Z,2026-08-17T18:48:05Z,
54.38.147.74,ipv4,botnet,medium,WHITE,blocklist.de/bots|blocklist.de/all,blocklist.de|bot|irc-bot|brute-force|ziyadnz|hourly,2026-08-17T18:48:05Z,2026-08-17T18:48:05Z,
54.38.147.75,ipv4,botnet,high,WHITE,blocklist.de/bots|blocklist.de/all|ziyadnz/hourly-ipv4,blocklist.de|bot|irc-bot|brute-force|ziyadnz|hourly,2026-08-17T18:48:05Z,2026-08-17T18:48:05Z,
54.38.147.76,ipv4,botnet,high,WHITE,blocklist.de/bots|blocklist.de/all|ziyadnz/hourly-ipv4,blocklist.de|bot|irc-bot|brute-force|ziyadnz|hourly,2026-08-17T18:48:05Z,2026-08-17T18:48:05Z,
54.38.147.77,ipv4,botnet,high,WHITE,blocklist.de/bots|blocklist.de/all|ziyadnz/hourly-ipv4,blocklist.de|bot|irc-bot|brute-force|ziyadnz|hourly,2026-08-17T18:48:05Z,2026-08-17T18:48:05Z,
54.38.147.78,ipv4,botnet,high,WHITE,blocklist.de/bots|blocklist.de/all|ziyadnz/hourly-ipv4,blocklist.de|bot|irc-bot|brute-force|ziyadnz|hourly,2026-08-17T18:48:05Z,2026-08-17T18:48:05Z,
54.38.147.80,ipv4,botnet,high,WHITE,blocklist.de/bots|blocklist.de/all|ziyadnz/hourly-ipv4,blocklist.de|bot|irc-bot|brute-force|ziyadnz|hourly,2026-08-17T18:48:05Z,2026-08-17T18:48:05Z,
54.38.147.85,ipv4,botnet,high,WHITE,blocklist.de/bots|blocklist.de/all|ziyadnz/hourly-ipv4,blocklist.de|bot|irc-bot|brute-force|ziyadnz|hourly,2026-08-17T18:48:05Z,2026-08-17T18:48:05Z,
54.38.147.88,ipv4,botnet,high,WHITE,blocklist.de/bots|blocklist.de/all|ziyadnz/hourly-ipv4,blocklist.de|bot|irc-bot|brute-force|ziyadnz|hourly,2026-08-17T18:48:05Z,2026-08-17T18:48:05Z,
54.38.147.89,ipv4,botnet,high,WHITE,blocklist.de/bots|blocklist.de/all|ziyadnz/hourly-ipv4,blocklist.de|bot|irc-bot|brute-force|ziyadnz|hourly,2026-08-17T18:48:05Z,2026-08-17T18:48:05Z,
54.38.147.90,ipv4,botnet,high,WHITE,blocklist.de/bots|blocklist.de/all|ziyadnz/hourly-ipv4,blocklist.de|bot|irc-bot|brute-force|ziyadnz|hourly,2026-08-17T18:48:05Z,2026-08-17T18:48:05Z,
54.38.147.91,ipv4,botnet,high,WHITE,blocklist.de/bots|blocklist.de/all|ziyadnz/hourly-ipv4,blocklist.de|bot|irc-bot|brute-force|ziyadnz|hourly,2026-08-17T18:48:05Z,2026-08-17T18:48:05Z,
54.38.147.92,ipv4,botnet,high,WHITE,blocklist.de/bots|blocklist.de/all|ziyadnz/hourly-ipv4,blocklist.de|bot|irc-bot|brute-force|ziyadnz|hourly,2026-08-17T18:48:05Z,2026-08-17T18:48:05Z,
54.38.147.95,ipv4,botnet,high,WHITE,blocklist.de/bots|blocklist.de/all|ziyadnz/hourly-ipv4,blocklist.de|bot|irc-bot|brute-force|ziyadnz|hourly,2026-08-17T18:48:05Z,2026-08-17T18:48:05Z,
54.38.147.96,ipv4,botnet,high,WHITE,blocklist.de/bots|blocklist.de/all|ziyadnz/hourly-ipv4,blocklist.de|bot|irc-bot|brute-force|ziyadnz|hourly,2026-08-17T18:48:05Z,2026-08-17T18:48:05Z,
54.39.0.1,ipv4,botnet,high,WHITE,blocklist.de/bots|blocklist.de/all|ziyadnz/hourly-ipv4,blocklist.de|bot|irc-bot|brute-force|ziyadnz|hourly,2026-08-17T18:48:05Z,2026-08-17T18:48:05Z,
54.39.0.100,ipv4,botnet,high,WHITE,blocklist.de/bots|blocklist.de/all|ziyadnz/hourly-ipv4,blocklist.de|bot|irc-bot|brute-force|ziyadnz|hourly,2026-08-17T18:48:05Z,2026-08-17T18:48:05Z,
54.39.0.101,ipv4,botnet,high,WHITE,blocklist.de/bots|blocklist.de/all|ziyadnz/hourly-ipv4,blocklist.de|bot|irc-bot|brute-force|ziyadnz|hourly,2026-08-17T18:48:05Z,2026-08-17T18:48:05Z,
54.39.0.104,ipv4,botnet,high,WHITE,blocklist.de/bots|blocklist.de/all|ziyadnz/hourly-ipv4,blocklist.de|bot|irc-bot|brute-force|ziyadnz|hourly,2026-08-17T18:48:05Z,2026-08-17T18:48:05Z,
54.39.0.106,ipv4,botnet,high,WHITE,blocklist.de/bots|blocklist.de/all|ziyadnz/hourly-ipv4,blocklist.de|bot|irc-bot|brute-force|ziyadnz|hourly,2026-08-17T18:48:05Z,2026-08-17T18:48:05Z,
54.39.0.107,ipv4,botnet,high,WHITE,blocklist.de/bots|blocklist.de/all|ziyadnz/hourly-ipv4,blocklist.de|bot|irc-bot|brute-force|ziyadnz|hourly,2026-08-17T18:48:05Z,2026-08-17T18:48:05Z,
54.39.0.109,ipv4,botnet,high,WHITE,blocklist.de/bots|blocklist.de/all|ziyadnz/hourly-ipv4,blocklist.de|bot|irc-bot|brute-force|ziyadnz|hourly,2026-08-17T18:48:05Z,2026-08-17T18:48:05Z,
54.39.0.11,ipv4,botnet,high,WHITE,blocklist.de/bots|blocklist.de/all|ziyadnz/hourly-ipv4,blocklist.de|bot|irc-bot|brute-force|ziyadnz|hourly,2026-08-17T18:48:05Z,2026-08-17T18:48:05Z,
54.39.0.112,ipv4,botnet,high,WHITE,blocklist.de/bots|blocklist.de/all|ziyadnz/hourly-ipv4,blocklist.de|bot|irc-bot|brute-force|ziyadnz|hourly,2026-08-17T18:48:05Z,2026-08-17T18:48:05Z,
54.39.0.114,ipv4,botnet,high,WHITE,blocklist.de/bots|blocklist.de/all|ziyadnz/hourly-ipv4,blocklist.de|bot|irc-bot|brute-force|ziyadnz|hourly,2026-08-17T18:48:05Z,2026-08-17T18:48:05Z,
54.39.0.115,ipv4,botnet,high,WHITE,blocklist.de/bots|blocklist.de/all|ziyadnz/hourly-ipv4,blocklist.de|bot|irc-bot|brute-force|ziyadnz|hourly,2026-08-17T18:48:05Z,2026-08-17T18:48:05Z,
54.39.0.116,ipv4,botnet,high,WHITE,blocklist.de/bots|blocklist.de/all|ziyadnz/hourly-ipv4,blocklist.de|bot|irc-bot|brute-force|ziyadnz|hourly,2026-08-17T18:48:05Z,2026-08-17T18:48:05Z,
54.39.0.117,ipv4,botnet,high,WHITE,blocklist.de/bots|blocklist.de/all|ziyadnz/hourly-ipv4,blocklist.de|bot|irc-bot|brute-force|ziyadnz|hourly,2026-08-17T18:48:05Z,2026-08-17T18:48:05Z,
54.39.0.118,ipv4,botnet,high,WHITE,blocklist.de/bots|blocklist.de/all|ziyadnz/hourly-ipv4,blocklist.de|bot|irc-bot|brute-force|ziyadnz|hourly,2026-08-17T18:48:05Z,2026-08-17T18:48:05Z,
54.39.0.119,ipv4,botnet,high,WHITE,blocklist.de/bots|blocklist.de/all|ziyadnz/hourly-ipv4,blocklist.de|bot|irc-bot|brute-force|ziyadnz|hourly,2026-08-17T18:48:05Z,2026-08-17T18:48:05Z,
54.39.0.12,ipv4,botnet,high,WHITE,blocklist.de/bots|blocklist.de/all|ziyadnz/hourly-ipv4,blocklist.de|bot|irc-bot|brute-force|ziyadnz|hourly,2026-08-17T18:48:05Z,2026-08-17T18:48:05Z,
54.39.0.121,ipv4,botnet,high,WHITE,blocklist.de/bots|blocklist.de/all|ziyadnz/hourly-ipv4,blocklist.de|bot|irc-bot|brute-force|ziyadnz|hourly,2026-08-17T18:48:05Z,2026-08-17T18:48:05Z,
54.39.0.123,ipv4,botnet,high,WHITE,blocklist.de/bots|blocklist.de/all|ziyadnz/hourly-ipv4,blocklist.de|bot|irc-bot|brute-force|ziyadnz|hourly,2026-08-17T18:48:05Z,2026-08-17T18:48:05Z,
54.39.0.125,ipv4,botnet,high,WHITE,blocklist.de/bots|blocklist.de/all|ziyadnz/hourly-ipv4,blocklist.de|bot|irc-bot|brute-force|ziyadnz|hourly,2026-08-17T18:48:05Z,2026-08-17T18:48:05Z,
54.39.0.129,ipv4,botnet,high,WHITE,blocklist.de/bots|blocklist.de/all|ziyadnz/hourly-ipv4,blocklist.de|bot|irc-bot|brute-force|ziyadnz|hourly,2026-08-17T18:48:05Z,2026-08-17T18:48:05Z,
54.39.0.13,ipv4,botnet,high,WHITE,blocklist.de/bots|blocklist.de/all|ziyadnz/hourly-ipv4,blocklist.de|bot|irc-bot|brute-force|ziyadnz|hourly,2026-08-17T18:48:05Z,2026-08-17T18:48:05Z,
54.39.0.130,ipv4,botnet,high,WHITE,blocklist.de/bots|blocklist.de/all|ziyadnz/hourly-ipv4,blocklist.de|bot|irc-bot|brute-force|ziyadnz|hourly,2026-08-17T18:48:05Z,2026-08-17T18:48:05Z,
54.39.0.132,ipv4,botnet,high,WHITE,blocklist.de/bots|blocklist.de/all|ziyadnz/hourly-ipv4,blocklist.de|bot|irc-bot|brute-force|ziyadnz|hourly,2026-08-17T18:48:05Z,2026-08-17T18:48:05Z,
54.39.0.136,ipv4,botnet,high,WHITE,blocklist.de/bots|blocklist.de/all|ziyadnz/hourly-ipv4,blocklist.de|bot|irc-bot|brute-force|ziyadnz|hourly,2026-08-17T18:48:05Z,2026-08-17T18:48:05Z,
54.39.0.137,ipv4,botnet,high,WHITE,blocklist.de/bots|blocklist.de/all|ziyadnz/hourly-ipv4,blocklist.de|bot|irc-bot|brute-force|ziyadnz|hourly,2026-08-17T18:48:05Z,2026-08-17T18:48:05Z,
54.39.0.139,ipv4,botnet,high,WHITE,blocklist.de/bots|blocklist.de/all|ziyadnz/hourly-ipv4,blocklist.de|bot|irc-bot|brute-force|ziyadnz|hourly,2026-08-17T18:48:05Z,2026-08-17T18:48:05Z,
54.39.0.14,ipv4,botnet,high,WHITE,blocklist.de/bots|blocklist.de/all|ziyadnz/hourly-ipv4,blocklist.de|bot|irc-bot|brute-force|ziyadnz|hourly,2026-08-17T18:48:05Z,2026-08-17T18:48:05Z,
54.39.0.140,ipv4,botnet,high,WHITE,blocklist.de/bots|blocklist.de/all|ziyadnz/hourly-ipv4,blocklist.de|bot|irc-bot|brute-force|ziyadnz|hourly,2026-08-17T18:48:05Z,2026-08-17T18:48:05Z,
54.39.0.141,ipv4,botnet,high,WHITE,blocklist.de/bots|blocklist.de/all|ziyadnz/hourly-ipv4,blocklist.de|bot|irc-bot|brute-force|ziyadnz|hourly,2026-08-17T18:48:05Z,2026-08-17T18:48:05Z,
54.39.0.142,ipv4,botnet,high,WHITE,blocklist.de/bots|blocklist.de/all|ziyadnz/hourly-ipv4,blocklist.de|bot|irc-bot|brute-force|ziyadnz|hourly,2026-08-17T18:48:05Z,2026-08-17T18:48:05Z,
54.39.0.144,ipv4,botnet,high,WHITE,blocklist.de/bots|blocklist.de/all|ziyadnz/hourly-ipv4,blocklist.de|bot|irc-bot|brute-force|ziyadnz|hourly,2026-08-17T18:48:05Z,2026-08-17T18:48:05Z,
54.39.0.147,ipv4,botnet,high,WHITE,blocklist.de/bots|blocklist.de/all|ziyadnz/hourly-ipv4,blocklist.de|bot|irc-bot|brute-force|ziyadnz|hourly,2026-08-17T18:48:05Z,2026-08-17T18:48:05Z,
54.39.0.153,ipv4,botnet,high,WHITE,blocklist.de/bots|blocklist.de/all|ziyadnz/hourly-ipv4,blocklist.de|bot|irc-bot|brute-force|ziyadnz|hourly,2026-08-17T18:48:05Z,2026-08-17T18:48:05Z,
54.39.0.154,ipv4,botnet,high,WHITE,blocklist.de/bots|blocklist.de/all|ziyadnz/hourly-ipv4,blocklist.de|bot|irc-bot|brute-force|ziyadnz|hourly,2026-08-17T18:48:05Z,2026-08-17T18:48:05Z,
54.39.0.155,ipv4,botnet,high,WHITE,blocklist.de/bots|blocklist.de/all|ziyadnz/hourly-ipv4,blocklist.de|bot|irc-bot|brute-force|ziyadnz|hourly,2026-08-17T18:48:05Z,2026-08-17T18:48:05Z,
54.39.0.156,ipv4,botnet,high,WHITE,blocklist.de/bots|blocklist.de/all|ziyadnz/hourly-ipv4,blocklist.de|bot|irc-bot|brute-force|ziyadnz|hourly,2026-08-17T18:48:05Z,2026-08-17T18:48:05Z,
54.39.0.157,ipv4,botnet,high,WHITE,blocklist.de/bots|blocklist.de/all|ziyadnz/hourly-ipv4,blocklist.de|bot|irc-bot|brute-force|ziyadnz|hourly,2026-08-17T18:48:05Z,2026-08-17T18:48:05Z,
54.39.0.159,ipv4,botnet,high,WHITE,blocklist.de/bots|blocklist.de/all|ziyadnz/hourly-ipv4,blocklist.de|bot|irc-bot|brute-force|ziyadnz|hourly,2026-08-17T18:48:05Z,2026-08-17T18:48:05Z,
54.39.0.160,ipv4,botnet,high,WHITE,blocklist.de/bots|blocklist.de/all|ziyadnz/hourly-ipv4,blocklist.de|bot|irc-bot|brute-force|ziyadnz|hourly,2026-08-17T18:48:05Z,2026-08-17T18:48:05Z,
54.39.0.163,ipv4,botnet,high,WHITE,blocklist.de/bots|blocklist.de/all|ziyadnz/hourly-ipv4,blocklist.de|bot|irc-bot|brute-force|ziyadnz|hourly,2026-08-17T18:48:05Z,2026-08-17T18:48:05Z,
54.39.0.164,ipv4,botnet,high,WHITE,blocklist.de/bots|blocklist.de/all|ziyadnz/hourly-ipv4,blocklist.de|bot|irc-bot|brute-force|ziyadnz|hourly,2026-08-17T18:48:05Z,2026-08-17T18:48:05Z,
54.39.0.167,ipv4,botnet,high,WHITE,blocklist.de/bots|blocklist.de/all|ziyadnz/hourly-ipv4,blocklist.de|bot|irc-bot|brute-force|ziyadnz|hourly,2026-08-17T18:48:05Z,2026-08-17T18:48:05Z,
54.39.0.171,ipv4,botnet,high,WHITE,blocklist.de/bots|blocklist.de/all|ziyadnz/hourly-ipv4,blocklist.de|bot|irc-bot|brute-force|ziyadnz|hourly,2026-08-17T18:48:05Z,2026-08-17T18:48:05Z,
54.39.0.172,ipv4,botnet,high,WHITE,blocklist.de/bots|blocklist.de/all|ziyadnz/hourly-ipv4,blocklist.de|bot|irc-bot|brute-force|ziyadnz|hourly,2026-08-17T18:48:05Z,2026-08-17T18:48:05Z,
54.39.0.173,ipv4,botnet,high,WHITE,blocklist.de/bots|blocklist.de/all|ziyadnz/hourly-ipv4,blocklist.de|bot|irc-bot|brute-force|ziyadnz|hourly,2026-08-17T18:48:05Z,2026-08-17T18:48:05Z,
54.39.0.177,ipv4,botnet,high,WHITE,blocklist.de/bots|blocklist.de/all|ziyadnz/hourly-ipv4,blocklist.de|bot|irc-bot|brute-force|ziyadnz|hourly,2026-08-17T18:48:05Z,2026-08-17T18:48:05Z,
54.39.0.178,ipv4,botnet,high,WHITE,blocklist.de/bots|blocklist.de/all|ziyadnz/hourly-ipv4,blocklist.de|bot|irc-bot|brute-force|ziyadnz|hourly,2026-08-17T18:48:05Z,2026-08-17T18:48:05Z,
54.39.0.181,ipv4,botnet,high,WHITE,blocklist.de/bots|blocklist.de/all|ziyadnz/hourly-ipv4,blocklist.de|bot|irc-bot|brute-force|ziyadnz|hourly,2026-08-17T18:48:05Z,2026-08-17T18:48:05Z,
54.39.0.183,ipv4,botnet,high,WHITE,blocklist.de/bots|blocklist.de/all|ziyadnz/hourly-ipv4,blocklist.de|bot|irc-bot|brute-force|ziyadnz|hourly,2026-08-17T18:48:05Z,2026-08-17T18:48:05Z,
54.39.0.185,ipv4,botnet,high,WHITE,blocklist.de/bots|blocklist.de/all|ziyadnz/hourly-ipv4,blocklist.de|bot|irc-bot|brute-force|ziyadnz|hourly,2026-08-17T18:48:05Z,2026-08-17T18:48:05Z,
54.39.0.186,ipv4,botnet,high,WHITE,blocklist.de/bots|blocklist.de/all|ziyadnz/hourly-ipv4,blocklist.de|bot|irc-bot|brute-force|ziyadnz|hourly,2026-08-17T18:48:05Z,2026-08-17T18:48:05Z,
54.39.0.19,ipv4,botnet,high,WHITE,blocklist.de/bots|blocklist.de/all|ziyadnz/hourly-ipv4,blocklist.de|bot|irc-bot|brute-force|ziyadnz|hourly,2026-08-17T18:48:05Z,2026-08-17T18:48:05Z,
54.39.0.190,ipv4,botnet,high,WHITE,blocklist.de/bots|blocklist.de/all|ziyadnz/hourly-ipv4,blocklist.de|bot|irc-bot|brute-force|ziyadnz|hourly,2026-08-17T18:48:05Z,2026-08-17T18:48:05Z,
54.39.0.194,ipv4,botnet,high,WHITE,blocklist.de/bots|blocklist.de/all|ziyadnz/hourly-ipv4,blocklist.de|bot|irc-bot|brute-force|ziyadnz|hourly,2026-08-17T18:48:05Z,2026-08-17T18:48:05Z,
54.39.0.197,ipv4,botnet,high,WHITE,blocklist.de/bots|blocklist.de/all|ziyadnz/hourly-ipv4,blocklist.de|bot|irc-bot|brute-force|ziyadnz|hourly,2026-08-17T18:48:05Z,2026-08-17T18:48:05Z,
54.39.0.199,ipv4,botnet,high,WHITE,blocklist.de/bots|blocklist.de/all|ziyadnz/hourly-ipv4,blocklist.de|bot|irc-bot|brute-force|ziyadnz|hourly,2026-08-17T18:48:05Z,2026-08-17T18:48:05Z,
54.39.0.2,ipv4,botnet,high,WHITE,blocklist.de/bots|blocklist.de/all|ziyadnz/hourly-ipv4,blocklist.de|bot|irc-bot|brute-force|ziyadnz|hourly,2026-08-17T18:48:05Z,2026-08-17T18:48:05Z,
54.39.0.203,ipv4,botnet,high,WHITE,blocklist.de/bots|blocklist.de/all|ziyadnz/hourly-ipv4,blocklist.de|bot|irc-bot|brute-force|ziyadnz|hourly,2026-08-17T18:48:05Z,2026-08-17T18:48:05Z,
54.39.0.204,ipv4,botnet,high,WHITE,blocklist.de/bots|blocklist.de/all|ziyadnz/hourly-ipv4,blocklist.de|bot|irc-bot|brute-force|ziyadnz|hourly,2026-08-17T18:48:05Z,2026-08-17T18:48:05Z,
54.39.0.205,ipv4,botnet,high,WHITE,blocklist.de/bots|blocklist.de/all|ziyadnz/hourly-ipv4,blocklist.de|bot|irc-bot|brute-force|ziyadnz|hourly,2026-08-17T18:48:05Z,2026-08-17T18:48:05Z,
54.39.0.206,ipv4,botnet,high,WHITE,blocklist.de/bots|blocklist.de/all|ziyadnz/hourly-ipv4,blocklist.de|bot|irc-bot|brute-force|ziyadnz|hourly,2026-08-17T18:48:05Z,2026-08-17T18:48:05Z,
54.39.0.207,ipv4,botnet,high,WHITE,blocklist.de/bots|blocklist.de/all|ziyadnz/hourly-ipv4,blocklist.de|bot|irc-bot|brute-force|ziyadnz|hourly,2026-08-17T18:48:05Z,2026-08-17T18:48:05Z,
54.39.0.21,ipv4,botnet,high,WHITE,blocklist.de/bots|blocklist.de/all|ziyadnz/hourly-ipv4,blocklist.de|bot|irc-bot|brute-force|ziyadnz|hourly,2026-08-17T18:48:05Z,2026-08-17T18:48:05Z,
54.39.0.218,ipv4,botnet,high,WHITE,blocklist.de/bots|blocklist.de/all|ziyadnz/hourly-ipv4,blocklist.de|bot|irc-bot|brute-force|ziyadnz|hourly,2026-08-17T18:48:05Z,2026-08-17T18:48:05Z,
54.39.0.219,ipv4,botnet,high,WHITE,blocklist.de/bots|blocklist.de/all|ziyadnz/hourly-ipv4,blocklist.de|bot|irc-bot|brute-force|ziyadnz|hourly,2026-08-17T18:48:05Z,2026-08-17T18:48:05Z,
54.39.0.220,ipv4,botnet,high,WHITE,blocklist.de/bots|blocklist.de/all|ziyadnz/hourly-ipv4,blocklist.de|bot|irc-bot|brute-force|ziyadnz|hourly,2026-08-17T18:48:05Z,2026-08-17T18:48:05Z,
54.39.0.223,ipv4,botnet,high,WHITE,blocklist.de/bots|blocklist.de/all|ziyadnz/hourly-ipv4,blocklist.de|bot|irc-bot|brute-force|ziyadnz|hourly,2026-08-17T18:48:05Z,2026-08-17T18:48:05Z,
54.39.0.224,ipv4,botnet,high,WHITE,blocklist.de/bots|blocklist.de/all|ziyadnz/hourly-ipv4,blocklist.de|bot|irc-bot|brute-force|ziyadnz|hourly,2026-08-17T18:48:05Z,2026-08-17T18:48:05Z,
54.39.0.225,ipv4,botnet,high,WHITE,blocklist.de/bots|blocklist.de/all|ziyadnz/hourly-ipv4,blocklist.de|bot|irc-bot|brute-force|ziyadnz|hourly,2026-08-17T18:48:05Z,2026-08-17T18:48:05Z,
54.39.0.226,ipv4,botnet,high,WHITE,blocklist.de/bots|blocklist.de/all|ziyadnz/hourly-ipv4,blocklist.de|bot|irc-bot|brute-force|ziyadnz|hourly,2026-08-17T18:48:05Z,2026-08-17T18:48:05Z,
54.39.0.231,ipv4,botnet,high,WHITE,blocklist.de/bots|blocklist.de/all|ziyadnz/hourly-ipv4,blocklist.de|bot|irc-bot|brute-force|ziyadnz|hourly,2026-08-17T18:48:05Z,2026-08-17T18:48:05Z,
54.39.0.233,ipv4,botnet,high,WHITE,blocklist.de/bots|blocklist.de/all|ziyadnz/hourly-ipv4,blocklist.de|bot|irc-bot|brute-force|ziyadnz|hourly,2026-08-17T18:48:05Z,2026-08-17T18:48:05Z,
54.39.0.236,ipv4,botnet,high,WHITE,blocklist.de/bots|blocklist.de/all|ziyadnz/hourly-ipv4,blocklist.de|bot|irc-bot|brute-force|ziyadnz|hourly,2026-08-17T18:48:05Z,2026-08-17T18:48:05Z,
54.39.0.239,ipv4,botnet,high,WHITE,blocklist.de/bots|blocklist.de/all|ziyadnz/hourly-ipv4,blocklist.de|bot|irc-bot|brute-force|ziyadnz|hourly,2026-08-17T18:48:05Z,2026-08-17T18:48:05Z,
54.39.0.240,ipv4,botnet,high,WHITE,blocklist.de/bots|blocklist.de/all|ziyadnz/hourly-ipv4,blocklist.de|bot|irc-bot|brute-force|ziyadnz|hourly,2026-08-17T18:48:05Z,2026-08-17T18:48:05Z,
54.39.0.246,ipv4,botnet,high,WHITE,blocklist.de/bots|blocklist.de/all|ziyadnz/hourly-ipv4,blocklist.de|bot|irc-bot|brute-force|ziyadnz|hourly,2026-08-17T18:48:05Z,2026-08-17T18:48:05Z,
54.39.0.250,ipv4,botnet,high,WHITE,blocklist.de/bots|blocklist.de/all|ziyadnz/hourly-ipv4,blocklist.de|bot|irc-bot|brute-force|ziyadnz|hourly,2026-08-17T18:48:05Z,2026-08-17T18:48:05Z,
54.39.0.251,ipv4,botnet,high,WHITE,blocklist.de/bots|blocklist.de/all|ziyadnz/hourly-ipv4,blocklist.de|bot|irc-bot|brute-force|ziyadnz|hourly,2026-08-17T18:48:05Z,2026-08-17T18:48:05Z,
54.39.0.252,ipv4,botnet,high,WHITE,blocklist.de/bots|blocklist.de/all|ziyadnz/hourly-ipv4,blocklist.de|bot|irc-bot|brute-force|ziyadnz|hourly,2026-08-17T18:48:05Z,2026-08-17T18:48:05Z,
54.39.0.254,ipv4,botnet,high,WHITE,blocklist.de/bots|blocklist.de/all|ziyadnz/hourly-ipv4,blocklist.de|bot|irc-bot|brute-force|ziyadnz|hourly,2026-08-17T18:48:05Z,2026-08-17T18:48:05Z,
54.39.0.26,ipv4,botnet,high,WHITE,blocklist.de/bots|blocklist.de/all|ziyadnz/hourly-ipv4,blocklist.de|bot|irc-bot|brute-force|ziyadnz|hourly,2026-08-17T18:48:05Z,2026-08-17T18:48:05Z,
54.39.0.27,ipv4,botnet,high,WHITE,blocklist.de/bots|blocklist.de/all|ziyadnz/hourly-ipv4,blocklist.de|bot|irc-bot|brute-force|ziyadnz|hourly,2026-08-17T18:48:05Z,2026-08-17T18:48:05Z,
54.39.0.28,ipv4,botnet,high,WHITE,blocklist.de/bots|blocklist.de/all|ziyadnz/hourly-ipv4,blocklist.de|bot|irc-bot|brute-force|ziyadnz|hourly,2026-08-17T18:48:05Z,2026-08-17T18:48:05Z,
54.39.0.29,ipv4,botnet,high,WHITE,blocklist.de/bots|blocklist.de/all|ziyadnz/hourly-ipv4,blocklist.de|bot|irc-bot|brute-force|ziyadnz|hourly,2026-08-17T18:48:05Z,2026-08-17T18:48:05Z,
54.39.0.31,ipv4,botnet,high,WHITE,blocklist.de/bots|blocklist.de/all|ziyadnz/hourly-ipv4,blocklist.de|bot|irc-bot|brute-force|ziyadnz|hourly,2026-08-17T18:48:05Z,2026-08-17T18:48:05Z,
54.39.0.32,ipv4,botnet,high,WHITE,blocklist.de/bots|blocklist.de/all|ziyadnz/hourly-ipv4,blocklist.de|bot|irc-bot|brute-force|ziyadnz|hourly,2026-08-17T18:48:05Z,2026-08-17T18:48:05Z,
54.39.0.33,ipv4,botnet,high,WHITE,blocklist.de/bots|blocklist.de/all|ziyadnz/hourly-ipv4,blocklist.de|bot|irc-bot|brute-force|ziyadnz|hourly,2026-08-17T18:48:05Z,2026-08-17T18:48:05Z,
54.39.0.36,ipv4,botnet,high,WHITE,blocklist.de/bots|blocklist.de/all|ziyadnz/hourly-ipv4,blocklist.de|bot|irc-bot|brute-force|ziyadnz|hourly,2026-08-17T18:48:05Z,2026-08-17T18:48:05Z,
54.39.0.39,ipv4,botnet,high,WHITE,blocklist.de/bots|blocklist.de/all|ziyadnz/hourly-ipv4,blocklist.de|bot|irc-bot|brute-force|ziyadnz|hourly,2026-08-17T18:48:05Z,2026-08-17T18:48:05Z,
54.39.0.4,ipv4,botnet,high,WHITE,blocklist.de/bots|blocklist.de/all|ziyadnz/hourly-ipv4,blocklist.de|bot|irc-bot|brute-force|ziyadnz|hourly,2026-08-17T18:48:05Z,2026-08-17T18:48:05Z,
54.39.0.40,ipv4,botnet,high,WHITE,blocklist.de/bots|blocklist.de/all|ziyadnz/hourly-ipv4,blocklist.de|bot|irc-bot|brute-force|ziyadnz|hourly,2026-08-17T18:48:05Z,2026-08-17T18:48:05Z,
54.39.0.43,ipv4,botnet,high,WHITE,blocklist.de/bots|blocklist.de/all|ziyadnz/hourly-ipv4,blocklist.de|bot|irc-bot|brute-force|ziyadnz|hourly,2026-08-17T18:48:05Z,2026-08-17T18:48:05Z,
54.39.0.44,ipv4,botnet,high,WHITE,blocklist.de/bots|blocklist.de/all|ziyadnz/hourly-ipv4,blocklist.de|bot|irc-bot|brute-force|ziyadnz|hourly,2026-08-17T18:48:05Z,2026-08-17T18:48:05Z,
54.39.0.45,ipv4,botnet,high,WHITE,blocklist.de/bots|blocklist.de/all|ziyadnz/hourly-ipv4,blocklist.de|bot|irc-bot|brute-force|ziyadnz|hourly,2026-08-17T18:48:05Z,2026-08-17T18:48:05Z,
54.39.0.46,ipv4,botnet,high,WHITE,blocklist.de/bots|blocklist.de/all|ziyadnz/hourly-ipv4,blocklist.de|bot|irc-bot|brute-force|ziyadnz|hourly,2026-08-17T18:48:05Z,2026-08-17T18:48:05Z,
54.39.0.48,ipv4,botnet,high,WHITE,blocklist.de/bots|blocklist.de/all|ziyadnz/hourly-ipv4,blocklist.de|bot|irc-bot|brute-force|ziyadnz|hourly,2026-08-17T18:48:05Z,2026-08-17T18:48:05Z,
54.39.0.51,ipv4,botnet,high,WHITE,blocklist.de/bots|blocklist.de/all|ziyadnz/hourly-ipv4,blocklist.de|bot|irc-bot|brute-force|ziyadnz|hourly,2026-08-17T18:48:05Z,2026-08-17T18:48:05Z,
54.39.0.52,ipv4,botnet,high,WHITE,blocklist.de/bots|blocklist.de/all|ziyadnz/hourly-ipv4,blocklist.de|bot|irc-bot|brute-force|ziyadnz|hourly,2026-08-17T18:48:05Z,2026-08-17T18:48:05Z,
54.39.0.54,ipv4,botnet,high,WHITE,blocklist.de/bots|blocklist.de/all|ziyadnz/hourly-ipv4,blocklist.de|bot|irc-bot|brute-force|ziyadnz|hourly,2026-08-17T18:48:05Z,2026-08-17T18:48:05Z,
54.39.0.59,ipv4,botnet,high,WHITE,blocklist.de/bots|blocklist.de/all|ziyadnz/hourly-ipv4,blocklist.de|bot|irc-bot|brute-force|ziyadnz|hourly,2026-08-17T18:48:05Z,2026-08-17T18:48:05Z,
54.39.0.60,ipv4,botnet,high,WHITE,blocklist.de/bots|blocklist.de/all|ziyadnz/hourly-ipv4,blocklist.de|bot|irc-bot|brute-force|ziyadnz|hourly,2026-08-17T18:48:05Z,2026-08-17T18:48:05Z,
54.39.0.64,ipv4,botnet,high,WHITE,blocklist.de/bots|blocklist.de/all|ziyadnz/hourly-ipv4,blocklist.de|bot|irc-bot|brute-force|ziyadnz|hourly,2026-08-17T18:48:05Z,2026-08-17T18:48:05Z,
54.39.0.65,ipv4,botnet,high,WHITE,blocklist.de/bots|blocklist.de/all|ziyadnz/hourly-ipv4,blocklist.de|bot|irc-bot|brute-force|ziyadnz|hourly,2026-08-17T18:48:05Z,2026-08-17T18:48:05Z,
54.39.0.70,ipv4,botnet,high,WHITE,blocklist.de/bots|blocklist.de/all|ziyadnz/hourly-ipv4,blocklist.de|bot|irc-bot|brute-force|ziyadnz|hourly,2026-08-17T18:48:05Z,2026-08-17T18:48:05Z,
54.39.0.73,ipv4,botnet,high,WHITE,blocklist.de/bots|blocklist.de/all|ziyadnz/hourly-ipv4,blocklist.de|bot|irc-bot|brute-force|ziyadnz|hourly,2026-08-17T18:48:05Z,2026-08-17T18:48:05Z,
54.39.0.74,ipv4,botnet,high,WHITE,blocklist.de/bots|blocklist.de/all|ziyadnz/hourly-ipv4,blocklist.de|bot|irc-bot|brute-force|ziyadnz|hourly,2026-08-17T18:48:05Z,2026-08-17T18:48:05Z,
54.39.0.75,ipv4,botnet,high,WHITE,blocklist.de/bots|blocklist.de/all|ziyadnz/hourly-ipv4,blocklist.de|bot|irc-bot|brute-force|ziyadnz|hourly,2026-08-17T18:48:05Z,2026-08-17T18:48:05Z,
54.39.0.77,ipv4,botnet,high,WHITE,blocklist.de/bots|blocklist.de/all|ziyadnz/hourly-ipv4,blocklist.de|bot|irc-bot|brute-force|ziyadnz|hourly,2026-08-17T18:48:05Z,2026-08-17T18:48:05Z,
54.39.0.8,ipv4,botnet,high,WHITE,blocklist.de/bots|blocklist.de/all|ziyadnz/hourly-ipv4,blocklist.de|bot|irc-bot|brute-force|ziyadnz|hourly,2026-08-17T18:48:05Z,2026-08-17T18:48:05Z,
54.39.0.80,ipv4,botnet,high,WHITE,blocklist.de/bots|blocklist.de/all|ziyadnz/hourly-ipv4,blocklist.de|bot|irc-bot|brute-force|ziyadnz|hourly,2026-08-17T18:48:05Z,2026-08-17T18:48:05Z,
54.39.0.83,ipv4,botnet,high,WHITE,blocklist.de/bots|blocklist.de/all|ziyadnz/hourly-ipv4,blocklist.de|bot|irc-bot|brute-force|ziyadnz|hourly,2026-08-17T18:48:05Z,2026-08-17T18:48:05Z,
54.39.0.85,ipv4,botnet,high,WHITE,blocklist.de/bots|blocklist.de/all|ziyadnz/hourly-ipv4,blocklist.de|bot|irc-bot|brute-force|ziyadnz|hourly,2026-08-17T18:48:05Z,2026-08-17T18:48:05Z,
54.39.0.86,ipv4,botnet,high,WHITE,blocklist.de/bots|blocklist.de/all|ziyadnz/hourly-ipv4,blocklist.de|bot|irc-bot|brute-force|ziyadnz|hourly,2026-08-17T18:48:05Z,2026-08-17T18:48:05Z,
54.39.0.87,ipv4,botnet,high,WHITE,blocklist.de/bots|blocklist.de/all|ziyadnz/hourly-ipv4,blocklist.de|bot|irc-bot|brute-force|ziyadnz|hourly,2026-08-17T18:48:05Z,2026-08-17T18:48:05Z,
54.39.0.9,ipv4,botnet,high,WHITE,blocklist.de/bots|blocklist.de/all|ziyadnz/hourly-ipv4,blocklist.de|bot|irc-bot|brute-force|ziyadnz|hourly,2026-08-17T18:48:05Z,2026-08-17T18:48:05Z,
54.39.0.93,ipv4,botnet,high,WHITE,blocklist.de/bots|blocklist.de/all|ziyadnz/hourly-ipv4,blocklist.de|bot|irc-bot|brute-force|ziyadnz|hourly,2026-08-17T18:48:05Z,2026-08-17T18:48:05Z,
54.39.0.94,ipv4,botnet,high,WHITE,blocklist.de/bots|blocklist.de/all|ziyadnz/hourly-ipv4,blocklist.de|bot|irc-bot|brute-force|ziyadnz|hourly,2026-08-17T18:48:05Z,2026-08-17T18:48:05Z,
54.39.136.0,ipv4,botnet,high,WHITE,blocklist.de/bots|blocklist.de/all|ziyadnz/hourly-ipv4,blocklist.de|bot|irc-bot|brute-force|ziyadnz|hourly,2026-08-17T18:48:05Z,2026-08-17T18:48:05Z,
54.39.136.10,ipv4,botnet,high,WHITE,blocklist.de/bots|blocklist.de/all|ziyadnz/hourly-ipv4,blocklist.de|bot|irc-bot|brute-force|ziyadnz|hourly,2026-08-17T18:48:05Z,2026-08-17T18:48:05Z,
54.39.136.100,ipv4,botnet,high,WHITE,blocklist.de/bots|blocklist.de/all|ziyadnz/hourly-ipv4,blocklist.de|bot|irc-bot|brute-force|ziyadnz|hourly,2026-08-17T18:48:05Z,2026-08-17T18:48:05Z,
54.39.136.101,ipv4,botnet,high,WHITE,blocklist.de/bots|blocklist.de/all|ziyadnz/hourly-ipv4,blocklist.de|bot|irc-bot|brute-force|ziyadnz|hourly,2026-08-17T18:48:05Z,2026-08-17T18:48:05Z,
54.39.136.102,ipv4,botnet,high,WHITE,blocklist.de/bots|blocklist.de/all|ziyadnz/hourly-ipv4,blocklist.de|bot|irc-bot|brute-force|ziyadnz|hourly,2026-08-17T18:48:05Z,2026-08-17T18:48:05Z,
54.39.136.103,ipv4,botnet,high,WHITE,blocklist.de/bots|blocklist.de/all|ziyadnz/hourly-ipv4,blocklist.de|bot|irc-bot|brute-force|ziyadnz|hourly,2026-08-17T18:48:05Z,2026-08-17T18:48:05Z,
54.39.136.108,ipv4,botnet,high,WHITE,blocklist.de/bots|blocklist.de/all|ziyadnz/hourly-ipv4,blocklist.de|bot|irc-bot|brute-force|ziyadnz|hourly,2026-08-17T18:48:05Z,2026-08-17T18:48:05Z,
54.39.136.109,ipv4,botnet,high,WHITE,blocklist.de/bots|blocklist.de/all|ziyadnz/hourly-ipv4,blocklist.de|bot|irc-bot|brute-force|ziyadnz|hourly,2026-08-17T18:48:05Z,2026-08-17T18:48:05Z,
54.39.136.113,ipv4,botnet,high,WHITE,blocklist.de/bots|blocklist.de/all|ziyadnz/hourly-ipv4,blocklist.de|bot|irc-bot|brute-force|ziyadnz|hourly,2026-08-17T18:48:05Z,2026-08-17T18:48:05Z,
54.39.136.114,ipv4,botnet,high,WHITE,blocklist.de/bots|blocklist.de/all|ziyadnz/hourly-ipv4,blocklist.de|bot|irc-bot|brute-force|ziyadnz|hourly,2026-08-17T18:48:05Z,2026-08-17T18:48:05Z,
54.39.136.115,ipv4,botnet,high,WHITE,blocklist.de/bots|blocklist.de/all|ziyadnz/hourly-ipv4,blocklist.de|bot|irc-bot|brute-force|ziyadnz|hourly,2026-08-17T18:48:05Z,2026-08-17T18:48:05Z,
54.39.136.117,ipv4,botnet,high,WHITE,blocklist.de/bots|blocklist.de/all|ziyadnz/hourly-ipv4,blocklist.de|bot|irc-bot|brute-force|ziyadnz|hourly,2026-08-17T18:48:05Z,2026-08-17T18:48:05Z,
54.39.136.12,ipv4,botnet,high,WHITE,blocklist.de/bots|blocklist.de/all|ziyadnz/hourly-ipv4,blocklist.de|bot|irc-bot|brute-force|ziyadnz|hourly,2026-08-17T18:48:05Z,2026-08-17T18:48:05Z,
54.39.136.120,ipv4,botnet,high,WHITE,blocklist.de/bots|blocklist.de/all|ziyadnz/hourly-ipv4,blocklist.de|bot|irc-bot|brute-force|ziyadnz|hourly,2026-08-17T18:48:05Z,2026-08-17T18:48:05Z,
54.39.136.121,ipv4,botnet,high,WHITE,blocklist.de/bots|blocklist.de/all|ziyadnz/hourly-ipv4,blocklist.de|bot|irc-bot|brute-force|ziyadnz|hourly,2026-08-17T18:48:05Z,2026-08-17T18:48:05Z,
54.39.136.123,ipv4,botnet,high,WHITE,blocklist.de/bots|blocklist.de/all|ziyadnz/hourly-ipv4,blocklist.de|bot|irc-bot|brute-force|ziyadnz|hourly,2026-08-17T18:48:05Z,2026-08-17T18:48:05Z,
54.39.136.124,ipv4,botnet,high,WHITE,blocklist.de/bots|blocklist.de/all|ziyadnz/hourly-ipv4,blocklist.de|bot|irc-bot|brute-force|ziyadnz|hourly,2026-08-17T18:48:05Z,2026-08-17T18:48:05Z,
54.39.136.125,ipv4,botnet,high,WHITE,blocklist.de/bots|blocklist.de/all|ziyadnz/hourly-ipv4,blocklist.de|bot|irc-bot|brute-force|ziyadnz|hourly,2026-08-17T18:48:05Z,2026-08-17T18:48:05Z,
54.39.136.130,ipv4,botnet,high,WHITE,blocklist.de/bots|blocklist.de/all|ziyadnz/hourly-ipv4,blocklist.de|bot|irc-bot|brute-force|ziyadnz|hourly,2026-08-17T18:48:05Z,2026-08-17T18:48:05Z,
54.39.136.131,ipv4,botnet,high,WHITE,blocklist.de/bots|blocklist.de/all|ziyadnz/hourly-ipv4,blocklist.de|bot|irc-bot|brute-force|ziyadnz|hourly,2026-08-17T18:48:05Z,2026-08-17T18:48:05Z,
54.39.136.135,ipv4,botnet,high,WHITE,blocklist.de/bots|blocklist.de/all|ziyadnz/hourly-ipv4,blocklist.de|bot|irc-bot|brute-force|ziyadnz|hourly,2026-08-17T18:48:05Z,2026-08-17T18:48:05Z,
54.39.136.137,ipv4,botnet,high,WHITE,blocklist.de/bots|blocklist.de/all|ziyadnz/hourly-ipv4,blocklist.de|bot|irc-bot|brute-force|ziyadnz|hourly,2026-08-17T18:48:05Z,2026-08-17T18:48:05Z,
54.39.136.138,ipv4,botnet,high,WHITE,blocklist.de/bots|blocklist.de/all|ziyadnz/hourly-ipv4,blocklist.de|bot|irc-bot|brute-force|ziyadnz|hourly,2026-08-17T18:48:05Z,2026-08-17T18:48:05Z,
54.39.136.14,ipv4,botnet,high,WHITE,blocklist.de/bots|blocklist.de/all|ziyadnz/hourly-ipv4,blocklist.de|bot|irc-bot|brute-force|ziyadnz|hourly,2026-08-17T18:48:05Z,2026-08-17T18:48:05Z,
54.39.136.140,ipv4,botnet,high,WHITE,blocklist.de/bots|blocklist.de/all|ziyadnz/hourly-ipv4,blocklist.de|bot|irc-bot|brute-force|ziyadnz|hourly,2026-08-17T18:48:05Z,2026-08-17T18:48:05Z,
54.39.136.141,ipv4,botnet,high,WHITE,blocklist.de/bots|blocklist.de/all|ziyadnz/hourly-ipv4,blocklist.de|bot|irc-bot|brute-force|ziyadnz|hourly,2026-08-17T18:48:05Z,2026-08-17T18:48:05Z,
54.39.136.142,ipv4,botnet,high,WHITE,blocklist.de/bots|blocklist.de/all|ziyadnz/hourly-ipv4,blocklist.de|bot|irc-bot|brute-force|ziyadnz|hourly,2026-08-17T18:48:05Z,2026-08-17T18:48:05Z,
54.39.136.148,ipv4,botnet,high,WHITE,blocklist.de/bots|blocklist.de/all|ziyadnz/hourly-ipv4,blocklist.de|bot|irc-bot|brute-force|ziyadnz|hourly,2026-08-17T18:48:05Z,2026-08-17T18:48:05Z,
54.39.136.15,ipv4,botnet,high,WHITE,blocklist.de/bots|blocklist.de/all|ziyadnz/hourly-ipv4,blocklist.de|bot|irc-bot|brute-force|ziyadnz|hourly,2026-08-17T18:48:05Z,2026-08-17T18:48:05Z,
54.39.136.150,ipv4,botnet,high,WHITE,blocklist.de/bots|blocklist.de/all|ziyadnz/hourly-ipv4,blocklist.de|bot|irc-bot|brute-force|ziyadnz|hourly,2026-08-17T18:48:05Z,2026-08-17T18:48:05Z,
54.39.136.151,ipv4,botnet,high,WHITE,blocklist.de/bots|blocklist.de/all|ziyadnz/hourly-ipv4,blocklist.de|bot|irc-bot|brute-force|ziyadnz|hourly,2026-08-17T18:48:05Z,2026-08-17T18:48:05Z,
54.39.136.156,ipv4,botnet,high,WHITE,blocklist.de/bots|blocklist.de/all|ziyadnz/hourly-ipv4,blocklist.de|bot|irc-bot|brute-force|ziyadnz|hourly,2026-08-17T18:48:05Z,2026-08-17T18:48:05Z,
54.39.136.157,ipv4,botnet,high,WHITE,blocklist.de/bots|blocklist.de/all|ziyadnz/hourly-ipv4,blocklist.de|bot|irc-bot|brute-force|ziyadnz|hourly,2026-08-17T18:48:05Z,2026-08-17T18:48:05Z,
54.39.136.159,ipv4,botnet,high,WHITE,blocklist.de/bots|blocklist.de/all|ziyadnz/hourly-ipv4,blocklist.de|bot|irc-bot|brute-force|ziyadnz|hourly,2026-08-17T18:48:05Z,2026-08-17T18:48:05Z,
54.39.136.160,ipv4,botnet,high,WHITE,blocklist.de/bots|blocklist.de/all|ziyadnz/hourly-ipv4,blocklist.de|bot|irc-bot|brute-force|ziyadnz|hourly,2026-08-17T18:48:05Z,2026-08-17T18:48:05Z,
54.39.136.162,ipv4,botnet,high,WHITE,blocklist.de/bots|blocklist.de/all|ziyadnz/hourly-ipv4,blocklist.de|bot|irc-bot|brute-force|ziyadnz|hourly,2026-08-17T18:48:05Z,2026-08-17T18:48:05Z,
54.39.136.164,ipv4,botnet,high,WHITE,blocklist.de/bots|blocklist.de/all|ziyadnz/hourly-ipv4,blocklist.de|bot|irc-bot|brute-force|ziyadnz|hourly,2026-08-17T18:48:05Z,2026-08-17T18:48:05Z,
54.39.136.165,ipv4,botnet,high,WHITE,blocklist.de/bots|blocklist.de/all|ziyadnz/hourly-ipv4,blocklist.de|bot|irc-bot|brute-force|ziyadnz|hourly,2026-08-17T18:48:05Z,2026-08-17T18:48:05Z,
54.39.136.166,ipv4,botnet,high,WHITE,blocklist.de/bots|blocklist.de/all|ziyadnz/hourly-ipv4,blocklist.de|bot|irc-bot|brute-force|ziyadnz|hourly,2026-08-17T18:48:05Z,2026-08-17T18:48:05Z,
54.39.136.168,ipv4,botnet,high,WHITE,blocklist.de/bots|blocklist.de/all|ziyadnz/hourly-ipv4,blocklist.de|bot|irc-bot|brute-force|ziyadnz|hourly,2026-08-17T18:48:05Z,2026-08-17T18:48:05Z,
54.39.136.17,ipv4,botnet,high,WHITE,blocklist.de/bots|blocklist.de/all|ziyadnz/hourly-ipv4,blocklist.de|bot|irc-bot|brute-force|ziyadnz|hourly,2026-08-17T18:48:05Z,2026-08-17T18:48:05Z,
54.39.136.170,ipv4,botnet,high,WHITE,blocklist.de/bots|blocklist.de/all|ziyadnz/hourly-ipv4,blocklist.de|bot|irc-bot|brute-force|ziyadnz|hourly,2026-08-17T18:48:05Z,2026-08-17T18:48:05Z,
54.39.136.171,ipv4,botnet,high,WHITE,blocklist.de/bots|blocklist.de/all|ziyadnz/hourly-ipv4,blocklist.de|bot|irc-bot|brute-force|ziyadnz|hourly,2026-08-17T18:48:05Z,2026-08-17T18:48:05Z,
54.39.136.177,ipv4,botnet,high,WHITE,blocklist.de/bots|blocklist.de/all|ziyadnz/hourly-ipv4,blocklist.de|bot|irc-bot|brute-force|ziyadnz|hourly,2026-08-17T18:48:05Z,2026-08-17T18:48:05Z,
54.39.136.178,ipv4,botnet,high,WHITE,blocklist.de/bots|blocklist.de/all|ziyadnz/hourly-ipv4,blocklist.de|bot|irc-bot|brute-force|ziyadnz|hourly,2026-08-17T18:48:05Z,2026-08-17T18:48:05Z,
54.39.136.179,ipv4,botnet,high,WHITE,blocklist.de/bots|blocklist.de/all|ziyadnz/hourly-ipv4,blocklist.de|bot|irc-bot|brute-force|ziyadnz|hourly,2026-08-17T18:48:05Z,2026-08-17T18:48:05Z,
54.39.136.182,ipv4,botnet,high,WHITE,blocklist.de/bots|blocklist.de/all|ziyadnz/hourly-ipv4,blocklist.de|bot|irc-bot|brute-force|ziyadnz|hourly,2026-08-17T18:48:05Z,2026-08-17T18:48:05Z,
54.39.136.184,ipv4,botnet,high,WHITE,blocklist.de/bots|blocklist.de/all|ziyadnz/hourly-ipv4,blocklist.de|bot|irc-bot|brute-force|ziyadnz|hourly,2026-08-17T18:48:05Z,2026-08-17T18:48:05Z,
54.39.136.185,ipv4,botnet,high,WHITE,blocklist.de/bots|blocklist.de/all|ziyadnz/hourly-ipv4,blocklist.de|bot|irc-bot|brute-force|ziyadnz|hourly,2026-08-17T18:48:05Z,2026-08-17T18:48:05Z,
54.39.136.187,ipv4,botnet,high,WHITE,blocklist.de/bots|blocklist.de/all|ziyadnz/hourly-ipv4,blocklist.de|bot|irc-bot|brute-force|ziyadnz|hourly,2026-08-17T18:48:05Z,2026-08-17T18:48:05Z,
54.39.136.188,ipv4,botnet,high,WHITE,blocklist.de/bots|blocklist.de/all|ziyadnz/hourly-ipv4,blocklist.de|bot|irc-bot|brute-force|ziyadnz|hourly,2026-08-17T18:48:05Z,2026-08-17T18:48:05Z,
54.39.136.189,ipv4,botnet,high,WHITE,blocklist.de/bots|blocklist.de/all|ziyadnz/hourly-ipv4,blocklist.de|bot|irc-bot|brute-force|ziyadnz|hourly,2026-08-17T18:48:05Z,2026-08-17T18:48:05Z,
54.39.136.190,ipv4,botnet,high,WHITE,blocklist.de/bots|blocklist.de/all|ziyadnz/hourly-ipv4,blocklist.de|bot|irc-bot|brute-force|ziyadnz|hourly,2026-08-17T18:48:05Z,2026-08-17T18:48:05Z,
54.39.136.192,ipv4,botnet,high,WHITE,blocklist.de/bots|blocklist.de/all|ziyadnz/hourly-ipv4,blocklist.de|bot|irc-bot|brute-force|ziyadnz|hourly,2026-08-17T18:48:05Z,2026-08-17T18:48:05Z,
54.39.136.193,ipv4,botnet,high,WHITE,blocklist.de/bots|blocklist.de/all|ziyadnz/hourly-ipv4,blocklist.de|bot|irc-bot|brute-force|ziyadnz|hourly,2026-08-17T18:48:05Z,2026-08-17T18:48:05Z,
54.39.136.195,ipv4,botnet,high,WHITE,blocklist.de/bots|blocklist.de/all|ziyadnz/hourly-ipv4,blocklist.de|bot|irc-bot|brute-force|ziyadnz|hourly,2026-08-17T18:48:05Z,2026-08-17T18:48:05Z,
54.39.136.196,ipv4,botnet,high,WHITE,blocklist.de/bots|blocklist.de/all|ziyadnz/hourly-ipv4,blocklist.de|bot|irc-bot|brute-force|ziyadnz|hourly,2026-08-17T18:48:05Z,2026-08-17T18:48:05Z,
54.39.136.199,ipv4,botnet,high,WHITE,blocklist.de/bots|blocklist.de/all|ziyadnz/hourly-ipv4,blocklist.de|bot|irc-bot|brute-force|ziyadnz|hourly,2026-08-17T18:48:05Z,2026-08-17T18:48:05Z,
54.39.136.2,ipv4,botnet,high,WHITE,blocklist.de/bots|blocklist.de/all|ziyadnz/hourly-ipv4,blocklist.de|bot|irc-bot|brute-force|ziyadnz|hourly,2026-08-17T18:48:05Z,2026-08-17T18:48:05Z,
54.39.136.20,ipv4,botnet,high,WHITE,blocklist.de/bots|blocklist.de/all|ziyadnz/hourly-ipv4,blocklist.de|bot|irc-bot|brute-force|ziyadnz|hourly,2026-08-17T18:48:05Z,2026-08-17T18:48:05Z,
54.39.136.200,ipv4,botnet,high,WHITE,blocklist.de/bots|blocklist.de/all|ziyadnz/hourly-ipv4,blocklist.de|bot|irc-bot|brute-force|ziyadnz|hourly,2026-08-17T18:48:05Z,2026-08-17T18:48:05Z,
54.39.136.205,ipv4,botnet,high,WHITE,blocklist.de/bots|blocklist.de/all|ziyadnz/hourly-ipv4,blocklist.de|bot|irc-bot|brute-force|ziyadnz|hourly,2026-08-17T18:48:05Z,2026-08-17T18:48:05Z,
54.39.136.207,ipv4,botnet,high,WHITE,blocklist.de/bots|blocklist.de/all|ziyadnz/hourly-ipv4,blocklist.de|bot|irc-bot|brute-force|ziyadnz|hourly,2026-08-17T18:48:05Z,2026-08-17T18:48:05Z,
54.39.136.208,ipv4,botnet,high,WHITE,blocklist.de/bots|blocklist.de/all|ziyadnz/hourly-ipv4,blocklist.de|bot|irc-bot|brute-force|ziyadnz|hourly,2026-08-17T18:48:05Z,2026-08-17T18:48:05Z,
54.39.136.21,ipv4,botnet,high,WHITE,blocklist.de/bots|blocklist.de/all|ziyadnz/hourly-ipv4,blocklist.de|bot|irc-bot|brute-force|ziyadnz|hourly,2026-08-17T18:48:05Z,2026-08-17T18:48:05Z,
54.39.136.210,ipv4,botnet,high,WHITE,blocklist.de/bots|blocklist.de/all|ziyadnz/hourly-ipv4,blocklist.de|bot|irc-bot|brute-force|ziyadnz|hourly,2026-08-17T18:48:05Z,2026-08-17T18:48:05Z,
54.39.136.211,ipv4,botnet,high,WHITE,blocklist.de/bots|blocklist.de/all|ziyadnz/hourly-ipv4,blocklist.de|bot|irc-bot|brute-force|ziyadnz|hourly,2026-08-17T18:48:05Z,2026-08-17T18:48:05Z,
54.39.136.214,ipv4,botnet,high,WHITE,blocklist.de/bots|blocklist.de/all|ziyadnz/hourly-ipv4,blocklist.de|bot|irc-bot|brute-force|ziyadnz|hourly,2026-08-17T18:48:05Z,2026-08-17T18:48:05Z,
54.39.136.216,ipv4,botnet,high,WHITE,blocklist.de/bots|blocklist.de/all|ziyadnz/hourly-ipv4,blocklist.de|bot|irc-bot|brute-force|ziyadnz|hourly,2026-08-17T18:48:05Z,2026-08-17T18:48:05Z,
54.39.136.219,ipv4,botnet,high,WHITE,blocklist.de/bots|blocklist.de/all|ziyadnz/hourly-ipv4,blocklist.de|bot|irc-bot|brute-force|ziyadnz|hourly,2026-08-17T18:48:05Z,2026-08-17T18:48:05Z,
54.39.136.22,ipv4,botnet,high,WHITE,blocklist.de/bots|blocklist.de/all|ziyadnz/hourly-ipv4,blocklist.de|bot|irc-bot|brute-force|ziyadnz|hourly,2026-08-17T18:48:05Z,2026-08-17T18:48:05Z,
54.39.136.223,ipv4,botnet,high,WHITE,blocklist.de/bots|blocklist.de/all|ziyadnz/hourly-ipv4,blocklist.de|bot|irc-bot|brute-force|ziyadnz|hourly,2026-08-17T18:48:05Z,2026-08-17T18:48:05Z,
54.39.136.227,ipv4,botnet,high,WHITE,blocklist.de/bots|blocklist.de/all|ziyadnz/hourly-ipv4,blocklist.de|bot|irc-bot|brute-force|ziyadnz|hourly,2026-08-17T18:48:05Z,2026-08-17T18:48:05Z,
54.39.136.24,ipv4,botnet,high,WHITE,blocklist.de/bots|blocklist.de/all|ziyadnz/hourly-ipv4,blocklist.de|bot|irc-bot|brute-force|ziyadnz|hourly,2026-08-17T18:48:05Z,2026-08-17T18:48:05Z,
54.39.136.241,ipv4,botnet,high,WHITE,blocklist.de/bots|blocklist.de/all|ziyadnz/hourly-ipv4,blocklist.de|bot|irc-bot|brute-force|ziyadnz|hourly,2026-08-17T18:48:05Z,2026-08-17T18:48:05Z,
54.39.136.244,ipv4,botnet,high,WHITE,blocklist.de/bots|blocklist.de/all|ziyadnz/hourly-ipv4,blocklist.de|bot|irc-bot|brute-force|ziyadnz|hourly,2026-08-17T18:48:05Z,2026-08-17T18:48:05Z,
54.39.136.245,ipv4,botnet,high,WHITE,blocklist.de/bots|blocklist.de/all|ziyadnz/hourly-ipv4,blocklist.de|bot|irc-bot|brute-force|ziyadnz|hourly,2026-08-17T18:48:05Z,2026-08-17T18:48:05Z,
54.39.136.246,ipv4,botnet,high,WHITE,blocklist.de/bots|blocklist.de/all|ziyadnz/hourly-ipv4,blocklist.de|bot|irc-bot|brute-force|ziyadnz|hourly,2026-08-17T18:48:05Z,2026-08-17T18:48:05Z,
54.39.136.247,ipv4,botnet,high,WHITE,blocklist.de/bots|blocklist.de/all|ziyadnz/hourly-ipv4,blocklist.de|bot|irc-bot|brute-force|ziyadnz|hourly,2026-08-17T18:48:05Z,2026-08-17T18:48:05Z,
54.39.136.248,ipv4,botnet,high,WHITE,blocklist.de/bots|blocklist.de/all|ziyadnz/hourly-ipv4,blocklist.de|bot|irc-bot|brute-force|ziyadnz|hourly,2026-08-17T18:48:05Z,2026-08-17T18:48:05Z,
54.39.136.25,ipv4,botnet,high,WHITE,blocklist.de/bots|blocklist.de/all|ziyadnz/hourly-ipv4,blocklist.de|bot|irc-bot|brute-force|ziyadnz|hourly,2026-08-17T18:48:05Z,2026-08-17T18:48:05Z,
54.39.136.252,ipv4,botnet,high,WHITE,blocklist.de/bots|blocklist.de/all|ziyadnz/hourly-ipv4,blocklist.de|bot|irc-bot|brute-force|ziyadnz|hourly,2026-08-17T18:48:05Z,2026-08-17T18:48:05Z,
54.39.136.255,ipv4,botnet,high,WHITE,blocklist.de/bots|blocklist.de/all|ziyadnz/hourly-ipv4,blocklist.de|bot|irc-bot|brute-force|ziyadnz|hourly,2026-08-17T18:48:05Z,2026-08-17T18:48:05Z,
54.39.136.26,ipv4,botnet,high,WHITE,blocklist.de/bots|blocklist.de/all|ziyadnz/hourly-ipv4,blocklist.de|bot|irc-bot|brute-force|ziyadnz|hourly,2026-08-17T18:48:05Z,2026-08-17T18:48:05Z,
54.39.136.27,ipv4,botnet,high,WHITE,blocklist.de/bots|blocklist.de/all|ziyadnz/hourly-ipv4,blocklist.de|bot|irc-bot|brute-force|ziyadnz|hourly,2026-08-17T18:48:05Z,2026-08-17T18:48:05Z,
54.39.136.29,ipv4,botnet,high,WHITE,blocklist.de/bots|blocklist.de/all|ziyadnz/hourly-ipv4,blocklist.de|bot|irc-bot|brute-force|ziyadnz|hourly,2026-08-17T18:48:05Z,2026-08-17T18:48:05Z,
54.39.136.3,ipv4,botnet,high,WHITE,blocklist.de/bots|blocklist.de/all|ziyadnz/hourly-ipv4,blocklist.de|bot|irc-bot|brute-force|ziyadnz|hourly,2026-08-17T18:48:05Z,2026-08-17T18:48:05Z,
54.39.136.32,ipv4,botnet,high,WHITE,blocklist.de/bots|blocklist.de/all|ziyadnz/hourly-ipv4,blocklist.de|bot|irc-bot|brute-force|ziyadnz|hourly,2026-08-17T18:48:05Z,2026-08-17T18:48:05Z,
54.39.136.37,ipv4,botnet,high,WHITE,blocklist.de/bots|blocklist.de/all|ziyadnz/hourly-ipv4,blocklist.de|bot|irc-bot|brute-force|ziyadnz|hourly,2026-08-17T18:48:05Z,2026-08-17T18:48:05Z,
54.39.136.38,ipv4,botnet,high,WHITE,blocklist.de/bots|blocklist.de/all|ziyadnz/hourly-ipv4,blocklist.de|bot|irc-bot|brute-force|ziyadnz|hourly,2026-08-17T18:48:05Z,2026-08-17T18:48:05Z,
54.39.136.39,ipv4,botnet,high,WHITE,blocklist.de/bots|blocklist.de/all|ziyadnz/hourly-ipv4,blocklist.de|bot|irc-bot|brute-force|ziyadnz|hourly,2026-08-17T18:48:05Z,2026-08-17T18:48:05Z,
54.39.136.43,ipv4,botnet,high,WHITE,blocklist.de/bots|blocklist.de/all|ziyadnz/hourly-ipv4,blocklist.de|bot|irc-bot|brute-force|ziyadnz|hourly,2026-08-17T18:48:05Z,2026-08-17T18:48:05Z,
54.39.136.44,ipv4,botnet,high,WHITE,blocklist.de/bots|blocklist.de/all|ziyadnz/hourly-ipv4,blocklist.de|bot|irc-bot|brute-force|ziyadnz|hourly,2026-08-17T18:48:05Z,2026-08-17T18:48:05Z,
54.39.136.45,ipv4,botnet,high,WHITE,blocklist.de/bots|blocklist.de/all|ziyadnz/hourly-ipv4,blocklist.de|bot|irc-bot|brute-force|ziyadnz|hourly,2026-08-17T18:48:05Z,2026-08-17T18:48:05Z,
54.39.136.46,ipv4,botnet,high,WHITE,blocklist.de/bots|blocklist.de/all|ziyadnz/hourly-ipv4,blocklist.de|bot|irc-bot|brute-force|ziyadnz|hourly,2026-08-17T18:48:05Z,2026-08-17T18:48:05Z,
54.39.136.47,ipv4,botnet,high,WHITE,blocklist.de/bots|blocklist.de/all|ziyadnz/hourly-ipv4,blocklist.de|bot|irc-bot|brute-force|ziyadnz|hourly,2026-08-17T18:48:05Z,2026-08-17T18:48:05Z,
54.39.136.48,ipv4,botnet,high,WHITE,blocklist.de/bots|blocklist.de/all|ziyadnz/hourly-ipv4,blocklist.de|bot|irc-bot|brute-force|ziyadnz|hourly,2026-08-17T18:48:05Z,2026-08-17T18:48:05Z,
54.39.136.51,ipv4,botnet,high,WHITE,blocklist.de/bots|blocklist.de/all|ziyadnz/hourly-ipv4,blocklist.de|bot|irc-bot|brute-force|ziyadnz|hourly,2026-08-17T18:48:05Z,2026-08-17T18:48:05Z,
54.39.136.54,ipv4,botnet,high,WHITE,blocklist.de/bots|blocklist.de/all|ziyadnz/hourly-ipv4,blocklist.de|bot|irc-bot|brute-force|ziyadnz|hourly,2026-08-17T18:48:05Z,2026-08-17T18:48:05Z,
54.39.136.55,ipv4,botnet,high,WHITE,blocklist.de/bots|blocklist.de/all|ziyadnz/hourly-ipv4,blocklist.de|bot|irc-bot|brute-force|ziyadnz|hourly,2026-08-17T18:48:05Z,2026-08-17T18:48:05Z,
54.39.136.56,ipv4,botnet,high,WHITE,blocklist.de/bots|blocklist.de/all|ziyadnz/hourly-ipv4,blocklist.de|bot|irc-bot|brute-force|ziyadnz|hourly,2026-08-17T18:48:05Z,2026-08-17T18:48:05Z,
54.39.136.58,ipv4,botnet,high,WHITE,blocklist.de/bots|blocklist.de/all|ziyadnz/hourly-ipv4,blocklist.de|bot|irc-bot|brute-force|ziyadnz|hourly,2026-08-17T18:48:05Z,2026-08-17T18:48:05Z,
54.39.136.63,ipv4,botnet,high,WHITE,blocklist.de/bots|blocklist.de/all|ziyadnz/hourly-ipv4,blocklist.de|bot|irc-bot|brute-force|ziyadnz|hourly,2026-08-17T18:48:05Z,2026-08-17T18:48:05Z,
54.39.136.68,ipv4,botnet,high,WHITE,blocklist.de/bots|blocklist.de/all|ziyadnz/hourly-ipv4,blocklist.de|bot|irc-bot|brute-force|ziyadnz|hourly,2026-08-17T18:48:05Z,2026-08-17T18:48:05Z,
54.39.136.69,ipv4,botnet,high,WHITE,blocklist.de/bots|blocklist.de/all|ziyadnz/hourly-ipv4,blocklist.de|bot|irc-bot|brute-force|ziyadnz|hourly,2026-08-17T18:48:05Z,2026-08-17T18:48:05Z,
54.39.136.70,ipv4,botnet,high,WHITE,blocklist.de/bots|blocklist.de/all|ziyadnz/hourly-ipv4,blocklist.de|bot|irc-bot|brute-force|ziyadnz|hourly,2026-08-17T18:48:05Z,2026-08-17T18:48:05Z,
54.39.136.73,ipv4,botnet,high,WHITE,blocklist.de/bots|blocklist.de/all|ziyadnz/hourly-ipv4,blocklist.de|bot|irc-bot|brute-force|ziyadnz|hourly,2026-08-17T18:48:05Z,2026-08-17T18:48:05Z,
54.39.136.74,ipv4,botnet,high,WHITE,blocklist.de/bots|blocklist.de/all|ziyadnz/hourly-ipv4,blocklist.de|bot|irc-bot|brute-force|ziyadnz|hourly,2026-08-17T18:48:05Z,2026-08-17T18:48:05Z,
54.39.136.75,ipv4,botnet,high,WHITE,blocklist.de/bots|blocklist.de/all|ziyadnz/hourly-ipv4,blocklist.de|bot|irc-bot|brute-force|ziyadnz|hourly,2026-08-17T18:48:05Z,2026-08-17T18:48:05Z,
54.39.136.76,ipv4,botnet,high,WHITE,blocklist.de/bots|blocklist.de/all|ziyadnz/hourly-ipv4,blocklist.de|bot|irc-bot|brute-force|ziyadnz|hourly,2026-08-17T18:48:05Z,2026-08-17T18:48:05Z,
54.39.136.77,ipv4,botnet,high,WHITE,blocklist.de/bots|blocklist.de/all|ziyadnz/hourly-ipv4,blocklist.de|bot|irc-bot|brute-force|ziyadnz|hourly,2026-08-17T18:48:05Z,2026-08-17T18:48:05Z,
54.39.136.8,ipv4,botnet,high,WHITE,blocklist.de/bots|blocklist.de/all|ziyadnz/hourly-ipv4,blocklist.de|bot|irc-bot|brute-force|ziyadnz|hourly,2026-08-17T18:48:05Z,2026-08-17T18:48:05Z,
54.39.136.81,ipv4,botnet,high,WHITE,blocklist.de/bots|blocklist.de/all|ziyadnz/hourly-ipv4,blocklist.de|bot|irc-bot|brute-force|ziyadnz|hourly,2026-08-17T18:48:05Z,2026-08-17T18:48:05Z,
54.39.136.83,ipv4,botnet,high,WHITE,blocklist.de/bots|blocklist.de/all|ziyadnz/hourly-ipv4,blocklist.de|bot|irc-bot|brute-force|ziyadnz|hourly,2026-08-17T18:48:05Z,2026-08-17T18:48:05Z,
54.39.136.84,ipv4,botnet,high,WHITE,blocklist.de/bots|blocklist.de/all|ziyadnz/hourly-ipv4,blocklist.de|bot|irc-bot|brute-force|ziyadnz|hourly,2026-08-17T18:48:05Z,2026-08-17T18:48:05Z,
54.39.136.89,ipv4,botnet,high,WHITE,blocklist.de/bots|blocklist.de/all|ziyadnz/hourly-ipv4,blocklist.de|bot|irc-bot|brute-force|ziyadnz|hourly,2026-08-17T18:48:05Z,2026-08-17T18:48:05Z,
54.39.136.91,ipv4,botnet,high,WHITE,blocklist.de/bots|blocklist.de/all|ziyadnz/hourly-ipv4,blocklist.de|bot|irc-bot|brute-force|ziyadnz|hourly,2026-08-17T18:48:05Z,2026-08-17T18:48:05Z,
54.39.136.92,ipv4,botnet,high,WHITE,blocklist.de/bots|blocklist.de/all|ziyadnz/hourly-ipv4,blocklist.de|bot|irc-bot|brute-force|ziyadnz|hourly,2026-08-17T18:48:05Z,2026-08-17T18:48:05Z,
54.39.136.93,ipv4,botnet,high,WHITE,blocklist.de/bots|blocklist.de/all|ziyadnz/hourly-ipv4,blocklist.de|bot|irc-bot|brute-force|ziyadnz|hourly,2026-08-17T18:48:05Z,2026-08-17T18:48:05Z,
54.39.136.96,ipv4,botnet,high,WHITE,blocklist.de/bots|blocklist.de/all|ziyadnz/hourly-ipv4,blocklist.de|bot|irc-bot|brute-force|ziyadnz|hourly,2026-08-17T18:48:05Z,2026-08-17T18:48:05Z,
54.39.203.1,ipv4,botnet,high,WHITE,blocklist.de/bots|blocklist.de/all|ziyadnz/hourly-ipv4,blocklist.de|bot|irc-bot|brute-force|ziyadnz|hourly,2026-08-17T18:48:05Z,2026-08-17T18:48:05Z,
54.39.203.100,ipv4,botnet,high,WHITE,blocklist.de/bots|blocklist.de/all|ziyadnz/hourly-ipv4,blocklist.de|bot|irc-bot|brute-force|ziyadnz|hourly,2026-08-17T18:48:05Z,2026-08-17T18:48:05Z,
54.39.203.102,ipv4,botnet,high,WHITE,blocklist.de/bots|blocklist.de/all|ziyadnz/hourly-ipv4,blocklist.de|bot|irc-bot|brute-force|ziyadnz|hourly,2026-08-17T18:48:05Z,2026-08-17T18:48:05Z,
54.39.203.103,ipv4,botnet,high,WHITE,blocklist.de/bots|blocklist.de/all|ziyadnz/hourly-ipv4,blocklist.de|bot|irc-bot|brute-force|ziyadnz|hourly,2026-08-17T18:48:05Z,2026-08-17T18:48:05Z,
54.39.203.104,ipv4,botnet,high,WHITE,blocklist.de/bots|blocklist.de/all|ziyadnz/hourly-ipv4,blocklist.de|bot|irc-bot|brute-force|ziyadnz|hourly,2026-08-17T18:48:05Z,2026-08-17T18:48:05Z,
54.39.203.108,ipv4,botnet,high,WHITE,blocklist.de/bots|blocklist.de/all|ziyadnz/hourly-ipv4,blocklist.de|bot|irc-bot|brute-force|ziyadnz|hourly,2026-08-17T18:48:05Z,2026-08-17T18:48:05Z,
54.39.203.112,ipv4,botnet,high,WHITE,blocklist.de/bots|blocklist.de/all|ziyadnz/hourly-ipv4,blocklist.de|bot|irc-bot|brute-force|ziyadnz|hourly,2026-08-17T18:48:05Z,2026-08-17T18:48:05Z,
54.39.203.113,ipv4,botnet,high,WHITE,blocklist.de/bots|blocklist.de/all|ziyadnz/hourly-ipv4,blocklist.de|bot|irc-bot|brute-force|ziyadnz|hourly,2026-08-17T18:48:05Z,2026-08-17T18:48:05Z,
54.39.203.116,ipv4,botnet,high,WHITE,blocklist.de/bots|blocklist.de/all|ziyadnz/hourly-ipv4,blocklist.de|bot|irc-bot|brute-force|ziyadnz|hourly,2026-08-17T18:48:05Z,2026-08-17T18:48:05Z,
54.39.203.117,ipv4,botnet,high,WHITE,blocklist.de/bots|blocklist.de/all|ziyadnz/hourly-ipv4,blocklist.de|bot|irc-bot|brute-force|ziyadnz|hourly,2026-08-17T18:48:05Z,2026-08-17T18:48:05Z,
54.39.203.118,ipv4,botnet,high,WHITE,blocklist.de/bots|blocklist.de/all|ziyadnz/hourly-ipv4,blocklist.de|bot|irc-bot|brute-force|ziyadnz|hourly,2026-08-17T18:48:05Z,2026-08-17T18:48:05Z,
54.39.203.121,ipv4,botnet,high,WHITE,blocklist.de/bots|blocklist.de/all|ziyadnz/hourly-ipv4,blocklist.de|bot|irc-bot|brute-force|ziyadnz|hourly,2026-08-17T18:48:05Z,2026-08-17T18:48:05Z,
54.39.203.124,ipv4,botnet,high,WHITE,blocklist.de/bots|blocklist.de/all|ziyadnz/hourly-ipv4,blocklist.de|bot|irc-bot|brute-force|ziyadnz|hourly,2026-08-17T18:48:05Z,2026-08-17T18:48:05Z,
54.39.203.125,ipv4,botnet,high,WHITE,blocklist.de/bots|blocklist.de/all|ziyadnz/hourly-ipv4,blocklist.de|bot|irc-bot|brute-force|ziyadnz|hourly,2026-08-17T18:48:05Z,2026-08-17T18:48:05Z,
54.39.203.126,ipv4,botnet,high,WHITE,blocklist.de/bots|blocklist.de/all|ziyadnz/hourly-ipv4,blocklist.de|bot|irc-bot|brute-force|ziyadnz|hourly,2026-08-17T18:48:05Z,2026-08-17T18:48:05Z,
54.39.203.128,ipv4,botnet,high,WHITE,blocklist.de/bots|blocklist.de/all|ziyadnz/hourly-ipv4,blocklist.de|bot|irc-bot|brute-force|ziyadnz|hourly,2026-08-17T18:48:05Z,2026-08-17T18:48:05Z,
54.39.203.129,ipv4,botnet,high,WHITE,blocklist.de/bots|blocklist.de/all|ziyadnz/hourly-ipv4,blocklist.de|bot|irc-bot|brute-force|ziyadnz|hourly,2026-08-17T18:48:05Z,2026-08-17T18:48:05Z,
54.39.203.13,ipv4,botnet,high,WHITE,blocklist.de/bots|blocklist.de/all|ziyadnz/hourly-ipv4,blocklist.de|bot|irc-bot|brute-force|ziyadnz|hourly,2026-08-17T18:48:05Z,2026-08-17T18:48:05Z,
54.39.203.135,ipv4,botnet,high,WHITE,blocklist.de/bots|blocklist.de/all|ziyadnz/hourly-ipv4,blocklist.de|bot|irc-bot|brute-force|ziyadnz|hourly,2026-08-17T18:48:05Z,2026-08-17T18:48:05Z,
54.39.203.136,ipv4,botnet,high,WHITE,blocklist.de/bots|blocklist.de/all|ziyadnz/hourly-ipv4,blocklist.de|bot|irc-bot|brute-force|ziyadnz|hourly,2026-08-17T18:48:05Z,2026-08-17T18:48:05Z,
54.39.203.137,ipv4,botnet,high,WHITE,blocklist.de/bots|blocklist.de/all|ziyadnz/hourly-ipv4,blocklist.de|bot|irc-bot|brute-force|ziyadnz|hourly,2026-08-17T18:48:05Z,2026-08-17T18:48:05Z,
54.39.203.139,ipv4,botnet,high,WHITE,blocklist.de/bots|blocklist.de/all|ziyadnz/hourly-ipv4,blocklist.de|bot|irc-bot|brute-force|ziyadnz|hourly,2026-08-17T18:48:05Z,2026-08-17T18:48:05Z,
54.39.203.14,ipv4,botnet,high,WHITE,blocklist.de/bots|blocklist.de/all|ziyadnz/hourly-ipv4,blocklist.de|bot|irc-bot|brute-force|ziyadnz|hourly,2026-08-17T18:48:05Z,2026-08-17T18:48:05Z,
54.39.203.144,ipv4,botnet,high,WHITE,blocklist.de/bots|blocklist.de/all|ziyadnz/hourly-ipv4,blocklist.de|bot|irc-bot|brute-force|ziyadnz|hourly,2026-08-17T18:48:05Z,2026-08-17T18:48:05Z,
54.39.203.145,ipv4,botnet,high,WHITE,blocklist.de/bots|blocklist.de/all|ziyadnz/hourly-ipv4,blocklist.de|bot|irc-bot|brute-force|ziyadnz|hourly,2026-08-17T18:48:05Z,2026-08-17T18:48:05Z,
54.39.203.146,ipv4,botnet,high,WHITE,blocklist.de/bots|blocklist.de/all|ziyadnz/hourly-ipv4,blocklist.de|bot|irc-bot|brute-force|ziyadnz|hourly,2026-08-17T18:48:05Z,2026-08-17T18:48:05Z,
54.39.203.147,ipv4,botnet,high,WHITE,blocklist.de/bots|blocklist.de/all|ziyadnz/hourly-ipv4,blocklist.de|bot|irc-bot|brute-force|ziyadnz|hourly,2026-08-17T18:48:05Z,2026-08-17T18:48:05Z,
54.39.203.15,ipv4,botnet,high,WHITE,blocklist.de/bots|blocklist.de/all|ziyadnz/hourly-ipv4,blocklist.de|bot|irc-bot|brute-force|ziyadnz|hourly,2026-08-17T18:48:05Z,2026-08-17T18:48:05Z,
54.39.203.150,ipv4,botnet,high,WHITE,blocklist.de/bots|blocklist.de/all|ziyadnz/hourly-ipv4,blocklist.de|bot|irc-bot|brute-force|ziyadnz|hourly,2026-08-17T18:48:05Z,2026-08-17T18:48:05Z,
54.39.203.151,ipv4,botnet,high,WHITE,blocklist.de/bots|blocklist.de/all|ziyadnz/hourly-ipv4,blocklist.de|bot|irc-bot|brute-force|ziyadnz|hourly,2026-08-17T18:48:05Z,2026-08-17T18:48:05Z,
54.39.203.159,ipv4,botnet,high,WHITE,blocklist.de/bots|blocklist.de/all|ziyadnz/hourly-ipv4,blocklist.de|bot|irc-bot|brute-force|ziyadnz|hourly,2026-08-17T18:48:05Z,2026-08-17T18:48:05Z,
54.39.203.16,ipv4,botnet,high,WHITE,blocklist.de/bots|blocklist.de/all|ziyadnz/hourly-ipv4,blocklist.de|bot|irc-bot|brute-force|ziyadnz|hourly,2026-08-17T18:48:05Z,2026-08-17T18:48:05Z,
54.39.203.160,ipv4,botnet,high,WHITE,blocklist.de/bots|blocklist.de/all|ziyadnz/hourly-ipv4,blocklist.de|bot|irc-bot|brute-force|ziyadnz|hourly,2026-08-17T18:48:05Z,2026-08-17T18:48:05Z,
54.39.203.161,ipv4,botnet,high,WHITE,blocklist.de/bots|blocklist.de/all|ziyadnz/hourly-ipv4,blocklist.de|bot|irc-bot|brute-force|ziyadnz|hourly,2026-08-17T18:48:05Z,2026-08-17T18:48:05Z,
54.39.203.162,ipv4,botnet,high,WHITE,blocklist.de/bots|blocklist.de/all|ziyadnz/hourly-ipv4,blocklist.de|bot|irc-bot|brute-force|ziyadnz|hourly,2026-08-17T18:48:05Z,2026-08-17T18:48:05Z,
54.39.203.163,ipv4,botnet,high,WHITE,blocklist.de/bots|blocklist.de/all|ziyadnz/hourly-ipv4,blocklist.de|bot|irc-bot|brute-force|ziyadnz|hourly,2026-08-17T18:48:05Z,2026-08-17T18:48:05Z,
54.39.203.164,ipv4,botnet,high,WHITE,blocklist.de/bots|blocklist.de/all|ziyadnz/hourly-ipv4,blocklist.de|bot|irc-bot|brute-force|ziyadnz|hourly,2026-08-17T18:48:05Z,2026-08-17T18:48:05Z,
54.39.203.166,ipv4,botnet,high,WHITE,blocklist.de/bots|blocklist.de/all|ziyadnz/hourly-ipv4,blocklist.de|bot|irc-bot|brute-force|ziyadnz|hourly,2026-08-17T18:48:05Z,2026-08-17T18:48:05Z,
54.39.203.167,ipv4,botnet,high,WHITE,blocklist.de/bots|blocklist.de/all|ziyadnz/hourly-ipv4,blocklist.de|bot|irc-bot|brute-force|ziyadnz|hourly,2026-08-17T18:48:05Z,2026-08-17T18:48:05Z,
54.39.203.169,ipv4,botnet,high,WHITE,blocklist.de/bots|blocklist.de/all|ziyadnz/hourly-ipv4,blocklist.de|bot|irc-bot|brute-force|ziyadnz|hourly,2026-08-17T18:48:05Z,2026-08-17T18:48:05Z,
54.39.203.170,ipv4,botnet,high,WHITE,blocklist.de/bots|blocklist.de/all|ziyadnz/hourly-ipv4,blocklist.de|bot|irc-bot|brute-force|ziyadnz|hourly,2026-08-17T18:48:05Z,2026-08-17T18:48:05Z,
54.39.203.171,ipv4,botnet,high,WHITE,blocklist.de/bots|blocklist.de/all|ziyadnz/hourly-ipv4,blocklist.de|bot|irc-bot|brute-force|ziyadnz|hourly,2026-08-17T18:48:05Z,2026-08-17T18:48:05Z,
54.39.203.172,ipv4,botnet,high,WHITE,blocklist.de/bots|blocklist.de/all|ziyadnz/hourly-ipv4,blocklist.de|bot|irc-bot|brute-force|ziyadnz|hourly,2026-08-17T18:48:05Z,2026-08-17T18:48:05Z,
54.39.203.173,ipv4,botnet,high,WHITE,blocklist.de/bots|blocklist.de/all|ziyadnz/hourly-ipv4,blocklist.de|bot|irc-bot|brute-force|ziyadnz|hourly,2026-08-17T18:48:05Z,2026-08-17T18:48:05Z,
54.39.203.176,ipv4,botnet,high,WHITE,blocklist.de/bots|blocklist.de/all|ziyadnz/hourly-ipv4,blocklist.de|bot|irc-bot|brute-force|ziyadnz|hourly,2026-08-17T18:48:05Z,2026-08-17T18:48:05Z,
54.39.203.177,ipv4,botnet,high,WHITE,blocklist.de/bots|blocklist.de/all|ziyadnz/hourly-ipv4,blocklist.de|bot|irc-bot|brute-force|ziyadnz|hourly,2026-08-17T18:48:05Z,2026-08-17T18:48:05Z,
54.39.203.181,ipv4,botnet,high,WHITE,blocklist.de/bots|blocklist.de/all|ziyadnz/hourly-ipv4,blocklist.de|bot|irc-bot|brute-force|ziyadnz|hourly,2026-08-17T18:48:05Z,2026-08-17T18:48:05Z,
54.39.203.184,ipv4,botnet,high,WHITE,blocklist.de/bots|blocklist.de/all|ziyadnz/hourly-ipv4,blocklist.de|bot|irc-bot|brute-force|ziyadnz|hourly,2026-08-17T18:48:05Z,2026-08-17T18:48:05Z,
54.39.203.187,ipv4,botnet,high,WHITE,blocklist.de/bots|blocklist.de/all|ziyadnz/hourly-ipv4,blocklist.de|bot|irc-bot|brute-force|ziyadnz|hourly,2026-08-17T18:48:05Z,2026-08-17T18:48:05Z,
54.39.203.195,ipv4,botnet,high,WHITE,blocklist.de/bots|blocklist.de/all|ziyadnz/hourly-ipv4,blocklist.de|bot|irc-bot|brute-force|ziyadnz|hourly,2026-08-17T18:48:05Z,2026-08-17T18:48:05Z,
54.39.203.196,ipv4,botnet,high,WHITE,blocklist.de/bots|blocklist.de/all|ziyadnz/hourly-ipv4,blocklist.de|bot|irc-bot|brute-force|ziyadnz|hourly,2026-08-17T18:48:05Z,2026-08-17T18:48:05Z,
54.39.203.197,ipv4,botnet,high,WHITE,blocklist.de/bots|blocklist.de/all|ziyadnz/hourly-ipv4,blocklist.de|bot|irc-bot|brute-force|ziyadnz|hourly,2026-08-17T18:48:05Z,2026-08-17T18:48:05Z,
54.39.203.198,ipv4,botnet,high,WHITE,blocklist.de/bots|blocklist.de/all|ziyadnz/hourly-ipv4,blocklist.de|bot|irc-bot|brute-force|ziyadnz|hourly,2026-08-17T18:48:05Z,2026-08-17T18:48:05Z,
54.39.203.199,ipv4,botnet,high,WHITE,blocklist.de/bots|blocklist.de/all|ziyadnz/hourly-ipv4,blocklist.de|bot|irc-bot|brute-force|ziyadnz|hourly,2026-08-17T18:48:05Z,2026-08-17T18:48:05Z,
54.39.203.2,ipv4,botnet,high,WHITE,blocklist.de/bots|blocklist.de/all|ziyadnz/hourly-ipv4,blocklist.de|bot|irc-bot|brute-force|ziyadnz|hourly,2026-08-17T18:48:05Z,2026-08-17T18:48:05Z,
54.39.203.202,ipv4,botnet,high,WHITE,blocklist.de/bots|blocklist.de/all|ziyadnz/hourly-ipv4,blocklist.de|bot|irc-bot|brute-force|ziyadnz|hourly,2026-08-17T18:48:05Z,2026-08-17T18:48:05Z,
54.39.203.203,ipv4,botnet,high,WHITE,blocklist.de/bots|blocklist.de/all|ziyadnz/hourly-ipv4,blocklist.de|bot|irc-bot|brute-force|ziyadnz|hourly,2026-08-17T18:48:05Z,2026-08-17T18:48:05Z,
54.39.203.205,ipv4,botnet,high,WHITE,blocklist.de/bots|blocklist.de/all|ziyadnz/hourly-ipv4,blocklist.de|bot|irc-bot|brute-force|ziyadnz|hourly,2026-08-17T18:48:05Z,2026-08-17T18:48:05Z,
54.39.203.208,ipv4,botnet,high,WHITE,blocklist.de/bots|blocklist.de/all|ziyadnz/hourly-ipv4,blocklist.de|bot|irc-bot|brute-force|ziyadnz|hourly,2026-08-17T18:48:05Z,2026-08-17T18:48:05Z,
54.39.203.21,ipv4,botnet,high,WHITE,blocklist.de/bots|blocklist.de/all|ziyadnz/hourly-ipv4,blocklist.de|bot|irc-bot|brute-force|ziyadnz|hourly,2026-08-17T18:48:05Z,2026-08-17T18:48:05Z,
54.39.203.212,ipv4,botnet,high,WHITE,blocklist.de/bots|blocklist.de/all|ziyadnz/hourly-ipv4,blocklist.de|bot|irc-bot|brute-force|ziyadnz|hourly,2026-08-17T18:48:05Z,2026-08-17T18:48:05Z,
54.39.203.218,ipv4,botnet,high,WHITE,blocklist.de/bots|blocklist.de/all|ziyadnz/hourly-ipv4,blocklist.de|bot|irc-bot|brute-force|ziyadnz|hourly,2026-08-17T18:48:05Z,2026-08-17T18:48:05Z,
54.39.203.22,ipv4,botnet,high,WHITE,blocklist.de/bots|blocklist.de/all|ziyadnz/hourly-ipv4,blocklist.de|bot|irc-bot|brute-force|ziyadnz|hourly,2026-08-17T18:48:05Z,2026-08-17T18:48:05Z,
54.39.203.221,ipv4,botnet,high,WHITE,blocklist.de/bots|blocklist.de/all|ziyadnz/hourly-ipv4,blocklist.de|bot|irc-bot|brute-force|ziyadnz|hourly,2026-08-17T18:48:05Z,2026-08-17T18:48:05Z,
54.39.203.224,ipv4,botnet,high,WHITE,blocklist.de/bots|blocklist.de/all|ziyadnz/hourly-ipv4,blocklist.de|bot|irc-bot|brute-force|ziyadnz|hourly,2026-08-17T18:48:05Z,2026-08-17T18:48:05Z,
54.39.203.227,ipv4,botnet,high,WHITE,blocklist.de/bots|blocklist.de/all|ziyadnz/hourly-ipv4,blocklist.de|bot|irc-bot|brute-force|ziyadnz|hourly,2026-08-17T18:48:05Z,2026-08-17T18:48:05Z,
54.39.203.23,ipv4,botnet,high,WHITE,blocklist.de/bots|blocklist.de/all|ziyadnz/hourly-ipv4,blocklist.de|bot|irc-bot|brute-force|ziyadnz|hourly,2026-08-17T18:48:05Z,2026-08-17T18:48:05Z,
54.39.203.232,ipv4,botnet,high,WHITE,blocklist.de/bots|blocklist.de/all|ziyadnz/hourly-ipv4,blocklist.de|bot|irc-bot|brute-force|ziyadnz|hourly,2026-08-17T18:48:05Z,2026-08-17T18:48:05Z,
54.39.203.235,ipv4,botnet,high,WHITE,blocklist.de/bots|blocklist.de/all|ziyadnz/hourly-ipv4,blocklist.de|bot|irc-bot|brute-force|ziyadnz|hourly,2026-08-17T18:48:05Z,2026-08-17T18:48:05Z,
54.39.203.237,ipv4,botnet,high,WHITE,blocklist.de/bots|blocklist.de/all|ziyadnz/hourly-ipv4,blocklist.de|bot|irc-bot|brute-force|ziyadnz|hourly,2026-08-17T18:48:05Z,2026-08-17T18:48:05Z,
54.39.203.238,ipv4,botnet,high,WHITE,blocklist.de/bots|blocklist.de/all|ziyadnz/hourly-ipv4,blocklist.de|bot|irc-bot|brute-force|ziyadnz|hourly,2026-08-17T18:48:05Z,2026-08-17T18:48:05Z,
54.39.203.239,ipv4,botnet,high,WHITE,blocklist.de/bots|blocklist.de/all|ziyadnz/hourly-ipv4,blocklist.de|bot|irc-bot|brute-force|ziyadnz|hourly,2026-08-17T18:48:05Z,2026-08-17T18:48:05Z,
54.39.203.24,ipv4,botnet,high,WHITE,blocklist.de/bots|blocklist.de/all|ziyadnz/hourly-ipv4,blocklist.de|bot|irc-bot|brute-force|ziyadnz|hourly,2026-08-17T18:48:05Z,2026-08-17T18:48:05Z,
54.39.203.240,ipv4,botnet,high,WHITE,blocklist.de/bots|blocklist.de/all|ziyadnz/hourly-ipv4,blocklist.de|bot|irc-bot|brute-force|ziyadnz|hourly,2026-08-17T18:48:05Z,2026-08-17T18:48:05Z,
54.39.203.242,ipv4,botnet,high,WHITE,blocklist.de/bots|blocklist.de/all|ziyadnz/hourly-ipv4,blocklist.de|bot|irc-bot|brute-force|ziyadnz|hourly,2026-08-17T18:48:05Z,2026-08-17T18:48:05Z,
54.39.203.243,ipv4,botnet,high,WHITE,blocklist.de/bots|blocklist.de/all|ziyadnz/hourly-ipv4,blocklist.de|bot|irc-bot|brute-force|ziyadnz|hourly,2026-08-17T18:48:05Z,2026-08-17T18:48:05Z,
54.39.203.244,ipv4,botnet,high,WHITE,blocklist.de/bots|blocklist.de/all|ziyadnz/hourly-ipv4,blocklist.de|bot|irc-bot|brute-force|ziyadnz|hourly,2026-08-17T18:48:05Z,2026-08-17T18:48:05Z,
54.39.203.248,ipv4,botnet,high,WHITE,blocklist.de/bots|blocklist.de/all|ziyadnz/hourly-ipv4,blocklist.de|bot|irc-bot|brute-force|ziyadnz|hourly,2026-08-17T18:48:05Z,2026-08-17T18:48:05Z,
54.39.203.254,ipv4,botnet,high,WHITE,blocklist.de/bots|blocklist.de/all|ziyadnz/hourly-ipv4,blocklist.de|bot|irc-bot|brute-force|ziyadnz|hourly,2026-08-17T18:48:05Z,2026-08-17T18:48:05Z,
54.39.203.26,ipv4,botnet,high,WHITE,blocklist.de/bots|blocklist.de/all|ziyadnz/hourly-ipv4,blocklist.de|bot|irc-bot|brute-force|ziyadnz|hourly,2026-08-17T18:48:05Z,2026-08-17T18:48:05Z,
54.39.203.33,ipv4,botnet,high,WHITE,blocklist.de/bots|blocklist.de/all|ziyadnz/hourly-ipv4,blocklist.de|bot|irc-bot|brute-force|ziyadnz|hourly,2026-08-17T18:48:05Z,2026-08-17T18:48:05Z,
54.39.203.37,ipv4,botnet,high,WHITE,blocklist.de/bots|blocklist.de/all|ziyadnz/hourly-ipv4,blocklist.de|bot|irc-bot|brute-force|ziyadnz|hourly,2026-08-17T18:48:05Z,2026-08-17T18:48:05Z,
54.39.203.40,ipv4,botnet,high,WHITE,blocklist.de/bots|blocklist.de/all|ziyadnz/hourly-ipv4,blocklist.de|bot|irc-bot|brute-force|ziyadnz|hourly,2026-08-17T18:48:05Z,2026-08-17T18:48:05Z,
54.39.203.41,ipv4,botnet,high,WHITE,blocklist.de/bots|blocklist.de/all|ziyadnz/hourly-ipv4,blocklist.de|bot|irc-bot|brute-force|ziyadnz|hourly,2026-08-17T18:48:05Z,2026-08-17T18:48:05Z,
54.39.203.42,ipv4,botnet,high,WHITE,blocklist.de/bots|blocklist.de/all|ziyadnz/hourly-ipv4,blocklist.de|bot|irc-bot|brute-force|ziyadnz|hourly,2026-08-17T18:48:05Z,2026-08-17T18:48:05Z,
54.39.203.43,ipv4,botnet,high,WHITE,blocklist.de/bots|blocklist.de/all|ziyadnz/hourly-ipv4,blocklist.de|bot|irc-bot|brute-force|ziyadnz|hourly,2026-08-17T18:48:05Z,2026-08-17T18:48:05Z,
54.39.203.44,ipv4,botnet,high,WHITE,blocklist.de/bots|blocklist.de/all|ziyadnz/hourly-ipv4,blocklist.de|bot|irc-bot|brute-force|ziyadnz|hourly,2026-08-17T18:48:05Z,2026-08-17T18:48:05Z,
54.39.203.46,ipv4,botnet,high,WHITE,blocklist.de/bots|blocklist.de/all|ziyadnz/hourly-ipv4,blocklist.de|bot|irc-bot|brute-force|ziyadnz|hourly,2026-08-17T18:48:05Z,2026-08-17T18:48:05Z,
54.39.203.47,ipv4,botnet,high,WHITE,blocklist.de/bots|blocklist.de/all|ziyadnz/hourly-ipv4,blocklist.de|bot|irc-bot|brute-force|ziyadnz|hourly,2026-08-17T18:48:05Z,2026-08-17T18:48:05Z,
54.39.203.48,ipv4,botnet,high,WHITE,blocklist.de/bots|blocklist.de/all|ziyadnz/hourly-ipv4,blocklist.de|bot|irc-bot|brute-force|ziyadnz|hourly,2026-08-17T18:48:05Z,2026-08-17T18:48:05Z,
54.39.203.51,ipv4,botnet,high,WHITE,blocklist.de/bots|blocklist.de/all|ziyadnz/hourly-ipv4,blocklist.de|bot|irc-bot|brute-force|ziyadnz|hourly,2026-08-17T18:48:05Z,2026-08-17T18:48:05Z,
54.39.203.52,ipv4,botnet,high,WHITE,blocklist.de/bots|blocklist.de/all|ziyadnz/hourly-ipv4,blocklist.de|bot|irc-bot|brute-force|ziyadnz|hourly,2026-08-17T18:48:05Z,2026-08-17T18:48:05Z,
54.39.203.55,ipv4,botnet,high,WHITE,blocklist.de/bots|blocklist.de/all|ziyadnz/hourly-ipv4,blocklist.de|bot|irc-bot|brute-force|ziyadnz|hourly,2026-08-17T18:48:05Z,2026-08-17T18:48:05Z,
54.39.203.57,ipv4,botnet,high,WHITE,blocklist.de/bots|blocklist.de/all|ziyadnz/hourly-ipv4,blocklist.de|bot|irc-bot|brute-force|ziyadnz|hourly,2026-08-17T18:48:05Z,2026-08-17T18:48:05Z,
54.39.203.59,ipv4,botnet,high,WHITE,blocklist.de/bots|blocklist.de/all|ziyadnz/hourly-ipv4,blocklist.de|bot|irc-bot|brute-force|ziyadnz|hourly,2026-08-17T18:48:05Z,2026-08-17T18:48:05Z,
54.39.203.60,ipv4,botnet,high,WHITE,blocklist.de/bots|blocklist.de/all|ziyadnz/hourly-ipv4,blocklist.de|bot|irc-bot|brute-force|ziyadnz|hourly,2026-08-17T18:48:05Z,2026-08-17T18:48:05Z,
54.39.203.61,ipv4,botnet,high,WHITE,blocklist.de/bots|blocklist.de/all|ziyadnz/hourly-ipv4,blocklist.de|bot|irc-bot|brute-force|ziyadnz|hourly,2026-08-17T18:48:05Z,2026-08-17T18:48:05Z,
54.39.203.64,ipv4,botnet,high,WHITE,blocklist.de/bots|blocklist.de/all|ziyadnz/hourly-ipv4,blocklist.de|bot|irc-bot|brute-force|ziyadnz|hourly,2026-08-17T18:48:05Z,2026-08-17T18:48:05Z,
54.39.203.65,ipv4,botnet,high,WHITE,blocklist.de/bots|blocklist.de/all|ziyadnz/hourly-ipv4,blocklist.de|bot|irc-bot|brute-force|ziyadnz|hourly,2026-08-17T18:48:05Z,2026-08-17T18:48:05Z,
54.39.203.67,ipv4,botnet,high,WHITE,blocklist.de/bots|blocklist.de/all|ziyadnz/hourly-ipv4,blocklist.de|bot|irc-bot|brute-force|ziyadnz|hourly,2026-08-17T18:48:05Z,2026-08-17T18:48:05Z,
54.39.203.69,ipv4,botnet,high,WHITE,blocklist.de/bots|blocklist.de/all|ziyadnz/hourly-ipv4,blocklist.de|bot|irc-bot|brute-force|ziyadnz|hourly,2026-08-17T18:48:05Z,2026-08-17T18:48:05Z,
54.39.203.71,ipv4,botnet,high,WHITE,blocklist.de/bots|blocklist.de/all|ziyadnz/hourly-ipv4,blocklist.de|bot|irc-bot|brute-force|ziyadnz|hourly,2026-08-17T18:48:05Z,2026-08-17T18:48:05Z,
54.39.203.73,ipv4,botnet,high,WHITE,blocklist.de/bots|blocklist.de/all|ziyadnz/hourly-ipv4,blocklist.de|bot|irc-bot|brute-force|ziyadnz|hourly,2026-08-17T18:48:05Z,2026-08-17T18:48:05Z,
54.39.203.74,ipv4,botnet,high,WHITE,blocklist.de/bots|blocklist.de/all|ziyadnz/hourly-ipv4,blocklist.de|bot|irc-bot|brute-force|ziyadnz|hourly,2026-08-17T18:48:05Z,2026-08-17T18:48:05Z,
54.39.203.76,ipv4,botnet,high,WHITE,blocklist.de/bots|blocklist.de/all|ziyadnz/hourly-ipv4,blocklist.de|bot|irc-bot|brute-force|ziyadnz|hourly,2026-08-17T18:48:05Z,2026-08-17T18:48:05Z,
54.39.203.79,ipv4,botnet,high,WHITE,blocklist.de/bots|blocklist.de/all|ziyadnz/hourly-ipv4,blocklist.de|bot|irc-bot|brute-force|ziyadnz|hourly,2026-08-17T18:48:05Z,2026-08-17T18:48:05Z,
54.39.203.8,ipv4,botnet,high,WHITE,blocklist.de/bots|blocklist.de/all|ziyadnz/hourly-ipv4,blocklist.de|bot|irc-bot|brute-force|ziyadnz|hourly,2026-08-17T18:48:05Z,2026-08-17T18:48:05Z,
54.39.203.80,ipv4,botnet,high,WHITE,blocklist.de/bots|blocklist.de/all|ziyadnz/hourly-ipv4,blocklist.de|bot|irc-bot|brute-force|ziyadnz|hourly,2026-08-17T18:48:05Z,2026-08-17T18:48:05Z,
54.39.203.81,ipv4,botnet,high,WHITE,blocklist.de/bots|blocklist.de/all|ziyadnz/hourly-ipv4,blocklist.de|bot|irc-bot|brute-force|ziyadnz|hourly,2026-08-17T18:48:05Z,2026-08-17T18:48:05Z,
54.39.203.83,ipv4,botnet,high,WHITE,blocklist.de/bots|blocklist.de/all|ziyadnz/hourly-ipv4,blocklist.de|bot|irc-bot|brute-force|ziyadnz|hourly,2026-08-17T18:48:05Z,2026-08-17T18:48:05Z,
54.39.203.85,ipv4,botnet,high,WHITE,blocklist.de/bots|blocklist.de/all|ziyadnz/hourly-ipv4,blocklist.de|bot|irc-bot|brute-force|ziyadnz|hourly,2026-08-17T18:48:05Z,2026-08-17T18:48:05Z,
54.39.203.9,ipv4,botnet,high,WHITE,blocklist.de/bots|blocklist.de/all|ziyadnz/hourly-ipv4,blocklist.de|bot|irc-bot|brute-force|ziyadnz|hourly,2026-08-17T18:48:05Z,2026-08-17T18:48:05Z,
54.39.203.90,ipv4,botnet,high,WHITE,blocklist.de/bots|blocklist.de/all|ziyadnz/hourly-ipv4,blocklist.de|bot|irc-bot|brute-force|ziyadnz|hourly,2026-08-17T18:48:05Z,2026-08-17T18:48:05Z,
54.39.203.91,ipv4,botnet,high,WHITE,blocklist.de/bots|blocklist.de/all|ziyadnz/hourly-ipv4,blocklist.de|bot|irc-bot|brute-force|ziyadnz|hourly,2026-08-17T18:48:05Z,2026-08-17T18:48:05Z,
54.39.203.92,ipv4,botnet,high,WHITE,blocklist.de/bots|blocklist.de/all|ziyadnz/hourly-ipv4,blocklist.de|bot|irc-bot|brute-force|ziyadnz|hourly,2026-08-17T18:48:05Z,2026-08-17T18:48:05Z,
54.39.203.99,ipv4,botnet,high,WHITE,blocklist.de/bots|blocklist.de/all|ziyadnz/hourly-ipv4,blocklist.de|bot|irc-bot|brute-force|ziyadnz|hourly,2026-08-17T18:48:05Z,2026-08-17T18:48:05Z,
54.39.210.0,ipv4,botnet,high,WHITE,blocklist.de/bots|blocklist.de/all|ziyadnz/hourly-ipv4,blocklist.de|bot|irc-bot|brute-force|ziyadnz|hourly,2026-08-17T18:48:05Z,2026-08-17T18:48:05Z,
54.39.210.1,ipv4,botnet,high,WHITE,blocklist.de/bots|blocklist.de/all|ziyadnz/hourly-ipv4,blocklist.de|bot|irc-bot|brute-force|ziyadnz|hourly,2026-08-17T18:48:05Z,2026-08-17T18:48:05Z,
54.39.210.10,ipv4,botnet,high,WHITE,blocklist.de/bots|blocklist.de/all|ziyadnz/hourly-ipv4,blocklist.de|bot|irc-bot|brute-force|ziyadnz|hourly,2026-08-17T18:48:05Z,2026-08-17T18:48:05Z,
54.39.210.104,ipv4,botnet,high,WHITE,blocklist.de/bots|blocklist.de/all|ziyadnz/hourly-ipv4,blocklist.de|bot|irc-bot|brute-force|ziyadnz|hourly,2026-08-17T18:48:05Z,2026-08-17T18:48:05Z,
54.39.210.11,ipv4,botnet,high,WHITE,blocklist.de/bots|blocklist.de/all|ziyadnz/hourly-ipv4,blocklist.de|bot|irc-bot|brute-force|ziyadnz|hourly,2026-08-17T18:48:05Z,2026-08-17T18:48:05Z,
54.39.210.110,ipv4,botnet,high,WHITE,blocklist.de/bots|blocklist.de/all|ziyadnz/hourly-ipv4,blocklist.de|bot|irc-bot|brute-force|ziyadnz|hourly,2026-08-17T18:48:05Z,2026-08-17T18:48:05Z,
54.39.210.111,ipv4,botnet,high,WHITE,blocklist.de/bots|blocklist.de/all|ziyadnz/hourly-ipv4,blocklist.de|bot|irc-bot|brute-force|ziyadnz|hourly,2026-08-17T18:48:05Z,2026-08-17T18:48:05Z,
54.39.210.112,ipv4,botnet,high,WHITE,blocklist.de/bots|blocklist.de/all|ziyadnz/hourly-ipv4,blocklist.de|bot|irc-bot|brute-force|ziyadnz|hourly,2026-08-17T18:48:05Z,2026-08-17T18:48:05Z,
54.39.210.113,ipv4,botnet,high,WHITE,blocklist.de/bots|blocklist.de/all|ziyadnz/hourly-ipv4,blocklist.de|bot|irc-bot|brute-force|ziyadnz|hourly,2026-08-17T18:48:05Z,2026-08-17T18:48:05Z,
54.39.210.114,ipv4,botnet,high,WHITE,blocklist.de/bots|blocklist.de/all|ziyadnz/hourly-ipv4,blocklist.de|bot|irc-bot|brute-force|ziyadnz|hourly,2026-08-17T18:48:05Z,2026-08-17T18:48:05Z,
54.39.210.116,ipv4,botnet,high,WHITE,blocklist.de/bots|blocklist.de/all|ziyadnz/hourly-ipv4,blocklist.de|bot|irc-bot|brute-force|ziyadnz|hourly,2026-08-17T18:48:05Z,2026-08-17T18:48:05Z,
54.39.210.117,ipv4,botnet,high,WHITE,blocklist.de/bots|blocklist.de/all|ziyadnz/hourly-ipv4,blocklist.de|bot|irc-bot|brute-force|ziyadnz|hourly,2026-08-17T18:48:05Z,2026-08-17T18:48:05Z,
54.39.210.12,ipv4,botnet,high,WHITE,blocklist.de/bots|blocklist.de/all|ziyadnz/hourly-ipv4,blocklist.de|bot|irc-bot|brute-force|ziyadnz|hourly,2026-08-17T18:48:05Z,2026-08-17T18:48:05Z,
54.39.210.121,ipv4,botnet,high,WHITE,blocklist.de/bots|blocklist.de/all|ziyadnz/hourly-ipv4,blocklist.de|bot|irc-bot|brute-force|ziyadnz|hourly,2026-08-17T18:48:05Z,2026-08-17T18:48:05Z,
54.39.210.123,ipv4,botnet,high,WHITE,blocklist.de/bots|blocklist.de/all|ziyadnz/hourly-ipv4,blocklist.de|bot|irc-bot|brute-force|ziyadnz|hourly,2026-08-17T18:48:05Z,2026-08-17T18:48:05Z,
54.39.210.124,ipv4,botnet,high,WHITE,blocklist.de/bots|blocklist.de/all|ziyadnz/hourly-ipv4,blocklist.de|bot|irc-bot|brute-force|ziyadnz|hourly,2026-08-17T18:48:05Z,2026-08-17T18:48:05Z,
54.39.210.126,ipv4,botnet,high,WHITE,blocklist.de/bots|blocklist.de/all|ziyadnz/hourly-ipv4,blocklist.de|bot|irc-bot|brute-force|ziyadnz|hourly,2026-08-17T18:48:05Z,2026-08-17T18:48:05Z,
54.39.210.129,ipv4,botnet,high,WHITE,blocklist.de/bots|blocklist.de/all|ziyadnz/hourly-ipv4,blocklist.de|bot|irc-bot|brute-force|ziyadnz|hourly,2026-08-17T18:48:05Z,2026-08-17T18:48:05Z,
54.39.210.13,ipv4,botnet,high,WHITE,blocklist.de/bots|blocklist.de/all|ziyadnz/hourly-ipv4,blocklist.de|bot|irc-bot|brute-force|ziyadnz|hourly,2026-08-17T18:48:05Z,2026-08-17T18:48:05Z,
54.39.210.132,ipv4,botnet,high,WHITE,blocklist.de/bots|blocklist.de/all|ziyadnz/hourly-ipv4,blocklist.de|bot|irc-bot|brute-force|ziyadnz|hourly,2026-08-17T18:48:05Z,2026-08-17T18:48:05Z,
54.39.210.133,ipv4,botnet,high,WHITE,blocklist.de/bots|blocklist.de/all|ziyadnz/hourly-ipv4,blocklist.de|bot|irc-bot|brute-force|ziyadnz|hourly,2026-08-17T18:48:05Z,2026-08-17T18:48:05Z,
54.39.210.138,ipv4,botnet,high,WHITE,blocklist.de/bots|blocklist.de/all|ziyadnz/hourly-ipv4,blocklist.de|bot|irc-bot|brute-force|ziyadnz|hourly,2026-08-17T18:48:05Z,2026-08-17T18:48:05Z,
54.39.210.140,ipv4,botnet,high,WHITE,blocklist.de/bots|blocklist.de/all|ziyadnz/hourly-ipv4,blocklist.de|bot|irc-bot|brute-force|ziyadnz|hourly,2026-08-17T18:48:05Z,2026-08-17T18:48:05Z,
54.39.210.142,ipv4,botnet,high,WHITE,blocklist.de/bots|blocklist.de/all|ziyadnz/hourly-ipv4,blocklist.de|bot|irc-bot|brute-force|ziyadnz|hourly,2026-08-17T18:48:05Z,2026-08-17T18:48:05Z,
54.39.210.143,ipv4,botnet,high,WHITE,blocklist.de/bots|blocklist.de/all|ziyadnz/hourly-ipv4,blocklist.de|bot|irc-bot|brute-force|ziyadnz|hourly,2026-08-17T18:48:05Z,2026-08-17T18:48:05Z,
54.39.210.144,ipv4,botnet,high,WHITE,blocklist.de/bots|blocklist.de/all|ziyadnz/hourly-ipv4,blocklist.de|bot|irc-bot|brute-force|ziyadnz|hourly,2026-08-17T18:48:05Z,2026-08-17T18:48:05Z,
54.39.210.145,ipv4,botnet,high,WHITE,blocklist.de/bots|blocklist.de/all|ziyadnz/hourly-ipv4,blocklist.de|bot|irc-bot|brute-force|ziyadnz|hourly,2026-08-17T18:48:05Z,2026-08-17T18:48:05Z,
54.39.210.146,ipv4,botnet,high,WHITE,blocklist.de/bots|blocklist.de/all|ziyadnz/hourly-ipv4,blocklist.de|bot|irc-bot|brute-force|ziyadnz|hourly,2026-08-17T18:48:05Z,2026-08-17T18:48:05Z,
54.39.210.148,ipv4,botnet,high,WHITE,blocklist.de/bots|blocklist.de/all|ziyadnz/hourly-ipv4,blocklist.de|bot|irc-bot|brute-force|ziyadnz|hourly,2026-08-17T18:48:05Z,2026-08-17T18:48:05Z,
54.39.210.149,ipv4,botnet,high,WHITE,blocklist.de/bots|blocklist.de/all|ziyadnz/hourly-ipv4,blocklist.de|bot|irc-bot|brute-force|ziyadnz|hourly,2026-08-17T18:48:05Z,2026-08-17T18:48:05Z,
54.39.210.150,ipv4,botnet,high,WHITE,blocklist.de/bots|blocklist.de/all|ziyadnz/hourly-ipv4,blocklist.de|bot|irc-bot|brute-force|ziyadnz|hourly,2026-08-17T18:48:05Z,2026-08-17T18:48:05Z,
54.39.210.153,ipv4,botnet,high,WHITE,blocklist.de/bots|blocklist.de/all|ziyadnz/hourly-ipv4,blocklist.de|bot|irc-bot|brute-force|ziyadnz|hourly,2026-08-17T18:48:05Z,2026-08-17T18:48:05Z,
54.39.210.154,ipv4,botnet,high,WHITE,blocklist.de/bots|blocklist.de/all|ziyadnz/hourly-ipv4,blocklist.de|bot|irc-bot|brute-force|ziyadnz|hourly,2026-08-17T18:48:05Z,2026-08-17T18:48:05Z,
54.39.210.158,ipv4,botnet,high,WHITE,blocklist.de/bots|blocklist.de/all|ziyadnz/hourly-ipv4,blocklist.de|bot|irc-bot|brute-force|ziyadnz|hourly,2026-08-17T18:48:05Z,2026-08-17T18:48:05Z,
54.39.210.160,ipv4,botnet,high,WHITE,blocklist.de/bots|blocklist.de/all|ziyadnz/hourly-ipv4,blocklist.de|bot|irc-bot|brute-force|ziyadnz|hourly,2026-08-17T18:48:05Z,2026-08-17T18:48:05Z,
54.39.210.164,ipv4,botnet,high,WHITE,blocklist.de/bots|blocklist.de/all|ziyadnz/hourly-ipv4,blocklist.de|bot|irc-bot|brute-force|ziyadnz|hourly,2026-08-17T18:48:05Z,2026-08-17T18:48:05Z,
54.39.210.165,ipv4,botnet,high,WHITE,blocklist.de/bots|blocklist.de/all|ziyadnz/hourly-ipv4,blocklist.de|bot|irc-bot|brute-force|ziyadnz|hourly,2026-08-17T18:48:05Z,2026-08-17T18:48:05Z,
54.39.210.167,ipv4,botnet,high,WHITE,blocklist.de/bots|blocklist.de/all|ziyadnz/hourly-ipv4,blocklist.de|bot|irc-bot|brute-force|ziyadnz|hourly,2026-08-17T18:48:05Z,2026-08-17T18:48:05Z,
54.39.210.170,ipv4,botnet,high,WHITE,blocklist.de/bots|blocklist.de/all|ziyadnz/hourly-ipv4,blocklist.de|bot|irc-bot|brute-force|ziyadnz|hourly,2026-08-17T18:48:05Z,2026-08-17T18:48:05Z,
54.39.210.175,ipv4,botnet,high,WHITE,blocklist.de/bots|blocklist.de/all|ziyadnz/hourly-ipv4,blocklist.de|bot|irc-bot|brute-force|ziyadnz|hourly,2026-08-17T18:48:05Z,2026-08-17T18:48:05Z,
54.39.210.179,ipv4,botnet,high,WHITE,blocklist.de/bots|blocklist.de/all|ziyadnz/hourly-ipv4,blocklist.de|bot|irc-bot|brute-force|ziyadnz|hourly,2026-08-17T18:48:05Z,2026-08-17T18:48:05Z,
54.39.210.180,ipv4,botnet,high,WHITE,blocklist.de/bots|blocklist.de/all|ziyadnz/hourly-ipv4,blocklist.de|bot|irc-bot|brute-force|ziyadnz|hourly,2026-08-17T18:48:05Z,2026-08-17T18:48:05Z,
54.39.210.184,ipv4,botnet,high,WHITE,blocklist.de/bots|blocklist.de/all|ziyadnz/hourly-ipv4,blocklist.de|bot|irc-bot|brute-force|ziyadnz|hourly,2026-08-17T18:48:05Z,2026-08-17T18:48:05Z,
54.39.210.189,ipv4,botnet,high,WHITE,blocklist.de/bots|blocklist.de/all|ziyadnz/hourly-ipv4,blocklist.de|bot|irc-bot|brute-force|ziyadnz|hourly,2026-08-17T18:48:05Z,2026-08-17T18:48:05Z,
54.39.210.19,ipv4,botnet,high,WHITE,blocklist.de/bots|blocklist.de/all|ziyadnz/hourly-ipv4,blocklist.de|bot|irc-bot|brute-force|ziyadnz|hourly,2026-08-17T18:48:05Z,2026-08-17T18:48:05Z,
54.39.210.191,ipv4,botnet,high,WHITE,blocklist.de/bots|blocklist.de/all|ziyadnz/hourly-ipv4,blocklist.de|bot|irc-bot|brute-force|ziyadnz|hourly,2026-08-17T18:48:05Z,2026-08-17T18:48:05Z,
54.39.210.192,ipv4,botnet,high,WHITE,blocklist.de/bots|blocklist.de/all|ziyadnz/hourly-ipv4,blocklist.de|bot|irc-bot|brute-force|ziyadnz|hourly,2026-08-17T18:48:05Z,2026-08-17T18:48:05Z,
54.39.210.193,ipv4,botnet,high,WHITE,blocklist.de/bots|blocklist.de/all|ziyadnz/hourly-ipv4,blocklist.de|bot|irc-bot|brute-force|ziyadnz|hourly,2026-08-17T18:48:05Z,2026-08-17T18:48:05Z,
54.39.210.196,ipv4,botnet,high,WHITE,blocklist.de/bots|blocklist.de/all|ziyadnz/hourly-ipv4,blocklist.de|bot|irc-bot|brute-force|ziyadnz|hourly,2026-08-17T18:48:05Z,2026-08-17T18:48:05Z,
54.39.210.199,ipv4,botnet,high,WHITE,blocklist.de/bots|blocklist.de/all|ziyadnz/hourly-ipv4,blocklist.de|bot|irc-bot|brute-force|ziyadnz|hourly,2026-08-17T18:48:05Z,2026-08-17T18:48:05Z,
54.39.210.2,ipv4,botnet,high,WHITE,blocklist.de/bots|blocklist.de/all|ziyadnz/hourly-ipv4,blocklist.de|bot|irc-bot|brute-force|ziyadnz|hourly,2026-08-17T18:48:05Z,2026-08-17T18:48:05Z,
54.39.210.20,ipv4,botnet,high,WHITE,blocklist.de/bots|blocklist.de/all|ziyadnz/hourly-ipv4,blocklist.de|bot|irc-bot|brute-force|ziyadnz|hourly,2026-08-17T18:48:05Z,2026-08-17T18:48:05Z,
54.39.210.203,ipv4,botnet,high,WHITE,blocklist.de/bots|blocklist.de/all|ziyadnz/hourly-ipv4,blocklist.de|bot|irc-bot|brute-force|ziyadnz|hourly,2026-08-17T18:48:05Z,2026-08-17T18:48:05Z,
54.39.210.206,ipv4,botnet,high,WHITE,blocklist.de/bots|blocklist.de/all|ziyadnz/hourly-ipv4,blocklist.de|bot|irc-bot|brute-force|ziyadnz|hourly,2026-08-17T18:48:05Z,2026-08-17T18:48:05Z,
54.39.210.208,ipv4,botnet,high,WHITE,blocklist.de/bots|blocklist.de/all|ziyadnz/hourly-ipv4,blocklist.de|bot|irc-bot|brute-force|ziyadnz|hourly,2026-08-17T18:48:05Z,2026-08-17T18:48:05Z,
54.39.210.210,ipv4,botnet,high,WHITE,blocklist.de/bots|blocklist.de/all|ziyadnz/hourly-ipv4,blocklist.de|bot|irc-bot|brute-force|ziyadnz|hourly,2026-08-17T18:48:05Z,2026-08-17T18:48:05Z,
54.39.210.211,ipv4,botnet,high,WHITE,blocklist.de/bots|blocklist.de/all|ziyadnz/hourly-ipv4,blocklist.de|bot|irc-bot|brute-force|ziyadnz|hourly,2026-08-17T18:48:05Z,2026-08-17T18:48:05Z,
54.39.210.215,ipv4,botnet,high,WHITE,blocklist.de/bots|blocklist.de/all|ziyadnz/hourly-ipv4,blocklist.de|bot|irc-bot|brute-force|ziyadnz|hourly,2026-08-17T18:48:05Z,2026-08-17T18:48:05Z,
54.39.210.216,ipv4,botnet,high,WHITE,blocklist.de/bots|blocklist.de/all|ziyadnz/hourly-ipv4,blocklist.de|bot|irc-bot|brute-force|ziyadnz|hourly,2026-08-17T18:48:05Z,2026-08-17T18:48:05Z,
54.39.210.217,ipv4,botnet,high,WHITE,blocklist.de/bots|blocklist.de/all|ziyadnz/hourly-ipv4,blocklist.de|bot|irc-bot|brute-force|ziyadnz|hourly,2026-08-17T18:48:05Z,2026-08-17T18:48:05Z,
54.39.210.22,ipv4,botnet,high,WHITE,blocklist.de/bots|blocklist.de/all|ziyadnz/hourly-ipv4,blocklist.de|bot|irc-bot|brute-force|ziyadnz|hourly,2026-08-17T18:48:05Z,2026-08-17T18:48:05Z,
54.39.210.220,ipv4,botnet,high,WHITE,blocklist.de/bots|blocklist.de/all|ziyadnz/hourly-ipv4,blocklist.de|bot|irc-bot|brute-force|ziyadnz|hourly,2026-08-17T18:48:05Z,2026-08-17T18:48:05Z,
54.39.210.223,ipv4,botnet,high,WHITE,blocklist.de/bots|blocklist.de/all|ziyadnz/hourly-ipv4,blocklist.de|bot|irc-bot|brute-force|ziyadnz|hourly,2026-08-17T18:48:05Z,2026-08-17T18:48:05Z,
54.39.210.224,ipv4,botnet,high,WHITE,blocklist.de/bots|blocklist.de/all|ziyadnz/hourly-ipv4,blocklist.de|bot|irc-bot|brute-force|ziyadnz|hourly,2026-08-17T18:48:05Z,2026-08-17T18:48:05Z,
54.39.210.225,ipv4,botnet,high,WHITE,blocklist.de/bots|blocklist.de/all|ziyadnz/hourly-ipv4,blocklist.de|bot|irc-bot|brute-force|ziyadnz|hourly,2026-08-17T18:48:05Z,2026-08-17T18:48:05Z,
54.39.210.226,ipv4,botnet,high,WHITE,blocklist.de/bots|blocklist.de/all|ziyadnz/hourly-ipv4,blocklist.de|bot|irc-bot|brute-force|ziyadnz|hourly,2026-08-17T18:48:05Z,2026-08-17T18:48:05Z,
54.39.210.227,ipv4,botnet,high,WHITE,blocklist.de/bots|blocklist.de/all|ziyadnz/hourly-ipv4,blocklist.de|bot|irc-bot|brute-force|ziyadnz|hourly,2026-08-17T18:48:05Z,2026-08-17T18:48:05Z,
54.39.210.228,ipv4,botnet,high,WHITE,blocklist.de/bots|blocklist.de/all|ziyadnz/hourly-ipv4,blocklist.de|bot|irc-bot|brute-force|ziyadnz|hourly,2026-08-17T18:48:05Z,2026-08-17T18:48:05Z,
54.39.210.229,ipv4,botnet,high,WHITE,blocklist.de/bots|blocklist.de/all|ziyadnz/hourly-ipv4,blocklist.de|bot|irc-bot|brute-force|ziyadnz|hourly,2026-08-17T18:48:05Z,2026-08-17T18:48:05Z,
54.39.210.230,ipv4,botnet,high,WHITE,blocklist.de/bots|blocklist.de/all|ziyadnz/hourly-ipv4,blocklist.de|bot|irc-bot|brute-force|ziyadnz|hourly,2026-08-17T18:48:05Z,2026-08-17T18:48:05Z,
54.39.210.234,ipv4,botnet,high,WHITE,blocklist.de/bots|blocklist.de/all|ziyadnz/hourly-ipv4,blocklist.de|bot|irc-bot|brute-force|ziyadnz|hourly,2026-08-17T18:48:05Z,2026-08-17T18:48:05Z,
54.39.210.235,ipv4,botnet,high,WHITE,blocklist.de/bots|blocklist.de/all|ziyadnz/hourly-ipv4,blocklist.de|bot|irc-bot|brute-force|ziyadnz|hourly,2026-08-17T18:48:05Z,2026-08-17T18:48:05Z,
54.39.210.24,ipv4,botnet,high,WHITE,blocklist.de/bots|blocklist.de/all|ziyadnz/hourly-ipv4,blocklist.de|bot|irc-bot|brute-force|ziyadnz|hourly,2026-08-17T18:48:05Z,2026-08-17T18:48:05Z,
54.39.210.241,ipv4,botnet,high,WHITE,blocklist.de/bots|blocklist.de/all|ziyadnz/hourly-ipv4,blocklist.de|bot|irc-bot|brute-force|ziyadnz|hourly,2026-08-17T18:48:05Z,2026-08-17T18:48:05Z,
54.39.210.244,ipv4,botnet,high,WHITE,blocklist.de/bots|blocklist.de/all|ziyadnz/hourly-ipv4,blocklist.de|bot|irc-bot|brute-force|ziyadnz|hourly,2026-08-17T18:48:05Z,2026-08-17T18:48:05Z,
54.39.210.245,ipv4,botnet,high,WHITE,blocklist.de/bots|blocklist.de/all|ziyadnz/hourly-ipv4,blocklist.de|bot|irc-bot|brute-force|ziyadnz|hourly,2026-08-17T18:48:05Z,2026-08-17T18:48:05Z,
54.39.210.249,ipv4,botnet,high,WHITE,blocklist.de/bots|blocklist.de/all|ziyadnz/hourly-ipv4,blocklist.de|bot|irc-bot|brute-force|ziyadnz|hourly,2026-08-17T18:48:05Z,2026-08-17T18:48:05Z,
54.39.210.250,ipv4,botnet,high,WHITE,blocklist.de/bots|blocklist.de/all|ziyadnz/hourly-ipv4,blocklist.de|bot|irc-bot|brute-force|ziyadnz|hourly,2026-08-17T18:48:05Z,2026-08-17T18:48:05Z,
54.39.210.251,ipv4,botnet,high,WHITE,blocklist.de/bots|blocklist.de/all|ziyadnz/hourly-ipv4,blocklist.de|bot|irc-bot|brute-force|ziyadnz|hourly,2026-08-17T18:48:05Z,2026-08-17T18:48:05Z,
54.39.210.252,ipv4,botnet,high,WHITE,blocklist.de/bots|blocklist.de/all|ziyadnz/hourly-ipv4,blocklist.de|bot|irc-bot|brute-force|ziyadnz|hourly,2026-08-17T18:48:05Z,2026-08-17T18:48:05Z,
54.39.210.254,ipv4,botnet,high,WHITE,blocklist.de/bots|blocklist.de/all|ziyadnz/hourly-ipv4,blocklist.de|bot|irc-bot|brute-force|ziyadnz|hourly,2026-08-17T18:48:05Z,2026-08-17T18:48:05Z,
54.39.210.255,ipv4,botnet,high,WHITE,blocklist.de/bots|blocklist.de/all|ziyadnz/hourly-ipv4,blocklist.de|bot|irc-bot|brute-force|ziyadnz|hourly,2026-08-17T18:48:05Z,2026-08-17T18:48:05Z,
54.39.210.29,ipv4,botnet,high,WHITE,blocklist.de/bots|blocklist.de/all|ziyadnz/hourly-ipv4,blocklist.de|bot|irc-bot|brute-force|ziyadnz|hourly,2026-08-17T18:48:05Z,2026-08-17T18:48:05Z,
54.39.210.33,ipv4,botnet,high,WHITE,blocklist.de/bots|blocklist.de/all|ziyadnz/hourly-ipv4,blocklist.de|bot|irc-bot|brute-force|ziyadnz|hourly,2026-08-17T18:48:05Z,2026-08-17T18:48:05Z,
54.39.210.34,ipv4,botnet,high,WHITE,blocklist.de/bots|blocklist.de/all|ziyadnz/hourly-ipv4,blocklist.de|bot|irc-bot|brute-force|ziyadnz|hourly,2026-08-17T18:48:05Z,2026-08-17T18:48:05Z,
54.39.210.4,ipv4,botnet,high,WHITE,blocklist.de/bots|blocklist.de/all|ziyadnz/hourly-ipv4,blocklist.de|bot|irc-bot|brute-force|ziyadnz|hourly,2026-08-17T18:48:05Z,2026-08-17T18:48:05Z,
54.39.210.40,ipv4,botnet,high,WHITE,blocklist.de/bots|blocklist.de/all|ziyadnz/hourly-ipv4,blocklist.de|bot|irc-bot|brute-force|ziyadnz|hourly,2026-08-17T18:48:05Z,2026-08-17T18:48:05Z,
54.39.210.41,ipv4,botnet,high,WHITE,blocklist.de/bots|blocklist.de/all|ziyadnz/hourly-ipv4,blocklist.de|bot|irc-bot|brute-force|ziyadnz|hourly,2026-08-17T18:48:05Z,2026-08-17T18:48:05Z,
54.39.210.42,ipv4,botnet,high,WHITE,blocklist.de/bots|blocklist.de/all|ziyadnz/hourly-ipv4,blocklist.de|bot|irc-bot|brute-force|ziyadnz|hourly,2026-08-17T18:48:05Z,2026-08-17T18:48:05Z,
54.39.210.44,ipv4,botnet,high,WHITE,blocklist.de/bots|blocklist.de/all|ziyadnz/hourly-ipv4,blocklist.de|bot|irc-bot|brute-force|ziyadnz|hourly,2026-08-17T18:48:05Z,2026-08-17T18:48:05Z,
54.39.210.45,ipv4,botnet,high,WHITE,blocklist.de/bots|blocklist.de/all|ziyadnz/hourly-ipv4,blocklist.de|bot|irc-bot|brute-force|ziyadnz|hourly,2026-08-17T18:48:05Z,2026-08-17T18:48:05Z,
54.39.210.47,ipv4,botnet,high,WHITE,blocklist.de/bots|blocklist.de/all|ziyadnz/hourly-ipv4,blocklist.de|bot|irc-bot|brute-force|ziyadnz|hourly,2026-08-17T18:48:05Z,2026-08-17T18:48:05Z,
54.39.210.48,ipv4,botnet,high,WHITE,blocklist.de/bots|blocklist.de/all|ziyadnz/hourly-ipv4,blocklist.de|bot|irc-bot|brute-force|ziyadnz|hourly,2026-08-17T18:48:05Z,2026-08-17T18:48:05Z,
54.39.210.5,ipv4,botnet,high,WHITE,blocklist.de/bots|blocklist.de/all|ziyadnz/hourly-ipv4,blocklist.de|bot|irc-bot|brute-force|ziyadnz|hourly,2026-08-17T18:48:05Z,2026-08-17T18:48:05Z,
54.39.210.52,ipv4,botnet,high,WHITE,blocklist.de/bots|blocklist.de/all|ziyadnz/hourly-ipv4,blocklist.de|bot|irc-bot|brute-force|ziyadnz|hourly,2026-08-17T18:48:05Z,2026-08-17T18:48:05Z,
54.39.210.54,ipv4,botnet,high,WHITE,blocklist.de/bots|blocklist.de/all|ziyadnz/hourly-ipv4,blocklist.de|bot|irc-bot|brute-force|ziyadnz|hourly,2026-08-17T18:48:05Z,2026-08-17T18:48:05Z,
54.39.210.55,ipv4,botnet,high,WHITE,blocklist.de/bots|blocklist.de/all|ziyadnz/hourly-ipv4,blocklist.de|bot|irc-bot|brute-force|ziyadnz|hourly,2026-08-17T18:48:05Z,2026-08-17T18:48:05Z,
54.39.210.60,ipv4,botnet,high,WHITE,blocklist.de/bots|blocklist.de/all|ziyadnz/hourly-ipv4,blocklist.de|bot|irc-bot|brute-force|ziyadnz|hourly,2026-08-17T18:48:05Z,2026-08-17T18:48:05Z,
54.39.210.61,ipv4,botnet,high,WHITE,blocklist.de/bots|blocklist.de/all|ziyadnz/hourly-ipv4,blocklist.de|bot|irc-bot|brute-force|ziyadnz|hourly,2026-08-17T18:48:05Z,2026-08-17T18:48:05Z,
54.39.210.63,ipv4,botnet,high,WHITE,blocklist.de/bots|blocklist.de/all|ziyadnz/hourly-ipv4,blocklist.de|bot|irc-bot|brute-force|ziyadnz|hourly,2026-08-17T18:48:05Z,2026-08-17T18:48:05Z,
54.39.210.65,ipv4,botnet,high,WHITE,blocklist.de/bots|blocklist.de/all|ziyadnz/hourly-ipv4,blocklist.de|bot|irc-bot|brute-force|ziyadnz|hourly,2026-08-17T18:48:05Z,2026-08-17T18:48:05Z,
54.39.210.67,ipv4,botnet,high,WHITE,blocklist.de/bots|blocklist.de/all|ziyadnz/hourly-ipv4,blocklist.de|bot|irc-bot|brute-force|ziyadnz|hourly,2026-08-17T18:48:05Z,2026-08-17T18:48:05Z,
54.39.210.69,ipv4,botnet,high,WHITE,blocklist.de/bots|blocklist.de/all|ziyadnz/hourly-ipv4,blocklist.de|bot|irc-bot|brute-force|ziyadnz|hourly,2026-08-17T18:48:05Z,2026-08-17T18:48:05Z,
54.39.210.7,ipv4,botnet,high,WHITE,blocklist.de/bots|blocklist.de/all|ziyadnz/hourly-ipv4,blocklist.de|bot|irc-bot|brute-force|ziyadnz|hourly,2026-08-17T18:48:05Z,2026-08-17T18:48:05Z,
54.39.210.70,ipv4,botnet,high,WHITE,blocklist.de/bots|blocklist.de/all|ziyadnz/hourly-ipv4,blocklist.de|bot|irc-bot|brute-force|ziyadnz|hourly,2026-08-17T18:48:05Z,2026-08-17T18:48:05Z,
54.39.210.71,ipv4,botnet,high,WHITE,blocklist.de/bots|blocklist.de/all|ziyadnz/hourly-ipv4,blocklist.de|bot|irc-bot|brute-force|ziyadnz|hourly,2026-08-17T18:48:05Z,2026-08-17T18:48:05Z,
54.39.210.73,ipv4,botnet,high,WHITE,blocklist.de/bots|blocklist.de/all|ziyadnz/hourly-ipv4,blocklist.de|bot|irc-bot|brute-force|ziyadnz|hourly,2026-08-17T18:48:05Z,2026-08-17T18:48:05Z,
54.39.210.78,ipv4,botnet,high,WHITE,blocklist.de/bots|blocklist.de/all|ziyadnz/hourly-ipv4,blocklist.de|bot|irc-bot|brute-force|ziyadnz|hourly,2026-08-17T18:48:05Z,2026-08-17T18:48:05Z,
54.39.210.8,ipv4,botnet,high,WHITE,blocklist.de/bots|blocklist.de/all|ziyadnz/hourly-ipv4,blocklist.de|bot|irc-bot|brute-force|ziyadnz|hourly,2026-08-17T18:48:05Z,2026-08-17T18:48:05Z,
54.39.210.80,ipv4,botnet,high,WHITE,blocklist.de/bots|blocklist.de/all|ziyadnz/hourly-ipv4,blocklist.de|bot|irc-bot|brute-force|ziyadnz|hourly,2026-08-17T18:48:05Z,2026-08-17T18:48:05Z,
54.39.210.81,ipv4,botnet,high,WHITE,blocklist.de/bots|blocklist.de/all|ziyadnz/hourly-ipv4,blocklist.de|bot|irc-bot|brute-force|ziyadnz|hourly,2026-08-17T18:48:05Z,2026-08-17T18:48:05Z,
54.39.210.82,ipv4,botnet,high,WHITE,blocklist.de/bots|blocklist.de/all|ziyadnz/hourly-ipv4,blocklist.de|bot|irc-bot|brute-force|ziyadnz|hourly,2026-08-17T18:48:05Z,2026-08-17T18:48:05Z,
54.39.210.85,ipv4,botnet,high,WHITE,blocklist.de/bots|blocklist.de/all|ziyadnz/hourly-ipv4,blocklist.de|bot|irc-bot|brute-force|ziyadnz|hourly,2026-08-17T18:48:05Z,2026-08-17T18:48:05Z,
54.39.210.86,ipv4,botnet,high,WHITE,blocklist.de/bots|blocklist.de/all|ziyadnz/hourly-ipv4,blocklist.de|bot|irc-bot|brute-force|ziyadnz|hourly,2026-08-17T18:48:05Z,2026-08-17T18:48:05Z,
54.39.210.9,ipv4,botnet,high,WHITE,blocklist.de/bots|blocklist.de/all|ziyadnz/hourly-ipv4,blocklist.de|bot|irc-bot|brute-force|ziyadnz|hourly,2026-08-17T18:48:05Z,2026-08-17T18:48:05Z,
54.39.210.90,ipv4,botnet,high,WHITE,blocklist.de/bots|blocklist.de/all|ziyadnz/hourly-ipv4,blocklist.de|bot|irc-bot|brute-force|ziyadnz|hourly,2026-08-17T18:48:05Z,2026-08-17T18:48:05Z,
54.39.210.91,ipv4,botnet,high,WHITE,blocklist.de/bots|blocklist.de/all|ziyadnz/hourly-ipv4,blocklist.de|bot|irc-bot|brute-force|ziyadnz|hourly,2026-08-17T18:48:05Z,2026-08-17T18:48:05Z,
54.39.210.92,ipv4,botnet,high,WHITE,blocklist.de/bots|blocklist.de/all|ziyadnz/hourly-ipv4,blocklist.de|bot|irc-bot|brute-force|ziyadnz|hourly,2026-08-17T18:48:05Z,2026-08-17T18:48:05Z,
54.39.210.94,ipv4,botnet,high,WHITE,blocklist.de/bots|blocklist.de/all|ziyadnz/hourly-ipv4,blocklist.de|bot|irc-bot|brute-force|ziyadnz|hourly,2026-08-17T18:48:05Z,2026-08-17T18:48:05Z,
54.39.210.96,ipv4,botnet,high,WHITE,blocklist.de/bots|blocklist.de/all|ziyadnz/hourly-ipv4,blocklist.de|bot|irc-bot|brute-force|ziyadnz|hourly,2026-08-17T18:48:05Z,2026-08-17T18:48:05Z,
54.39.210.97,ipv4,botnet,high,WHITE,blocklist.de/bots|blocklist.de/all|ziyadnz/hourly-ipv4,blocklist.de|bot|irc-bot|brute-force|ziyadnz|hourly,2026-08-17T18:48:05Z,2026-08-17T18:48:05Z,
54.39.210.98,ipv4,botnet,high,WHITE,blocklist.de/bots|blocklist.de/all|ziyadnz/hourly-ipv4,blocklist.de|bot|irc-bot|brute-force|ziyadnz|hourly,2026-08-17T18:48:05Z,2026-08-17T18:48:05Z,
54.39.6.0,ipv4,botnet,high,WHITE,blocklist.de/bots|blocklist.de/all|ziyadnz/hourly-ipv4,blocklist.de|bot|irc-bot|brute-force|ziyadnz|hourly,2026-08-17T18:48:05Z,2026-08-17T18:48:05Z,
54.39.6.101,ipv4,botnet,high,WHITE,blocklist.de/bots|blocklist.de/all|ziyadnz/hourly-ipv4,blocklist.de|bot|irc-bot|brute-force|ziyadnz|hourly,2026-08-17T18:48:05Z,2026-08-17T18:48:05Z,
54.39.6.102,ipv4,botnet,high,WHITE,blocklist.de/bots|blocklist.de/all|ziyadnz/hourly-ipv4,blocklist.de|bot|irc-bot|brute-force|ziyadnz|hourly,2026-08-17T18:48:05Z,2026-08-17T18:48:05Z,
54.39.6.103,ipv4,botnet,high,WHITE,blocklist.de/bots|blocklist.de/all|ziyadnz/hourly-ipv4,blocklist.de|bot|irc-bot|brute-force|ziyadnz|hourly,2026-08-17T18:48:05Z,2026-08-17T18:48:05Z,
54.39.6.104,ipv4,botnet,high,WHITE,blocklist.de/bots|blocklist.de/all|ziyadnz/hourly-ipv4,blocklist.de|bot|irc-bot|brute-force|ziyadnz|hourly,2026-08-17T18:48:05Z,2026-08-17T18:48:05Z,
54.39.6.108,ipv4,botnet,high,WHITE,blocklist.de/bots|blocklist.de/all|ziyadnz/hourly-ipv4,blocklist.de|bot|irc-bot|brute-force|ziyadnz|hourly,2026-08-17T18:48:05Z,2026-08-17T18:48:05Z,
54.39.6.109,ipv4,botnet,high,WHITE,blocklist.de/bots|blocklist.de/all|ziyadnz/hourly-ipv4,blocklist.de|bot|irc-bot|brute-force|ziyadnz|hourly,2026-08-17T18:48:05Z,2026-08-17T18:48:05Z,
54.39.6.112,ipv4,botnet,high,WHITE,blocklist.de/bots|blocklist.de/all|ziyadnz/hourly-ipv4,blocklist.de|bot|irc-bot|brute-force|ziyadnz|hourly,2026-08-17T18:48:05Z,2026-08-17T18:48:05Z,
54.39.6.113,ipv4,botnet,high,WHITE,blocklist.de/bots|blocklist.de/all|ziyadnz/hourly-ipv4,blocklist.de|bot|irc-bot|brute-force|ziyadnz|hourly,2026-08-17T18:48:05Z,2026-08-17T18:48:05Z,
54.39.6.121,ipv4,botnet,high,WHITE,blocklist.de/bots|blocklist.de/all|ziyadnz/hourly-ipv4,blocklist.de|bot|irc-bot|brute-force|ziyadnz|hourly,2026-08-17T18:48:05Z,2026-08-17T18:48:05Z,
54.39.6.123,ipv4,botnet,high,WHITE,blocklist.de/bots|blocklist.de/all|ziyadnz/hourly-ipv4,blocklist.de|bot|irc-bot|brute-force|ziyadnz|hourly,2026-08-17T18:48:05Z,2026-08-17T18:48:05Z,
54.39.6.124,ipv4,botnet,high,WHITE,blocklist.de/bots|blocklist.de/all|ziyadnz/hourly-ipv4,blocklist.de|bot|irc-bot|brute-force|ziyadnz|hourly,2026-08-17T18:48:05Z,2026-08-17T18:48:05Z,
54.39.6.128,ipv4,botnet,high,WHITE,blocklist.de/bots|blocklist.de/all|ziyadnz/hourly-ipv4,blocklist.de|bot|irc-bot|brute-force|ziyadnz|hourly,2026-08-17T18:48:05Z,2026-08-17T18:48:05Z,
54.39.6.13,ipv4,botnet,high,WHITE,blocklist.de/bots|blocklist.de/all|ziyadnz/hourly-ipv4,blocklist.de|bot|irc-bot|brute-force|ziyadnz|hourly,2026-08-17T18:48:05Z,2026-08-17T18:48:05Z,
54.39.6.131,ipv4,botnet,high,WHITE,blocklist.de/bots|blocklist.de/all|ziyadnz/hourly-ipv4,blocklist.de|bot|irc-bot|brute-force|ziyadnz|hourly,2026-08-17T18:48:05Z,2026-08-17T18:48:05Z,
54.39.6.132,ipv4,botnet,high,WHITE,blocklist.de/bots|blocklist.de/all|ziyadnz/hourly-ipv4,blocklist.de|bot|irc-bot|brute-force|ziyadnz|hourly,2026-08-17T18:48:05Z,2026-08-17T18:48:05Z,
54.39.6.137,ipv4,botnet,high,WHITE,blocklist.de/bots|blocklist.de/all|ziyadnz/hourly-ipv4,blocklist.de|bot|irc-bot|brute-force|ziyadnz|hourly,2026-08-17T18:48:05Z,2026-08-17T18:48:05Z,
54.39.6.138,ipv4,botnet,high,WHITE,blocklist.de/bots|blocklist.de/all|ziyadnz/hourly-ipv4,blocklist.de|bot|irc-bot|brute-force|ziyadnz|hourly,2026-08-17T18:48:05Z,2026-08-17T18:48:05Z,
54.39.6.141,ipv4,botnet,high,WHITE,blocklist.de/bots|blocklist.de/all|ziyadnz/hourly-ipv4,blocklist.de|bot|irc-bot|brute-force|ziyadnz|hourly,2026-08-17T18:48:05Z,2026-08-17T18:48:05Z,
54.39.6.142,ipv4,botnet,high,WHITE,blocklist.de/bots|blocklist.de/all|ziyadnz/hourly-ipv4,blocklist.de|bot|irc-bot|brute-force|ziyadnz|hourly,2026-08-17T18:48:05Z,2026-08-17T18:48:05Z,
54.39.6.143,ipv4,botnet,high,WHITE,blocklist.de/bots|blocklist.de/all|ziyadnz/hourly-ipv4,blocklist.de|bot|irc-bot|brute-force|ziyadnz|hourly,2026-08-17T18:48:05Z,2026-08-17T18:48:05Z,
54.39.6.149,ipv4,botnet,high,WHITE,blocklist.de/bots|blocklist.de/all|ziyadnz/hourly-ipv4,blocklist.de|bot|irc-bot|brute-force|ziyadnz|hourly,2026-08-17T18:48:05Z,2026-08-17T18:48:05Z,
54.39.6.15,ipv4,botnet,high,WHITE,blocklist.de/bots|blocklist.de/all|ziyadnz/hourly-ipv4,blocklist.de|bot|irc-bot|brute-force|ziyadnz|hourly,2026-08-17T18:48:05Z,2026-08-17T18:48:05Z,
54.39.6.150,ipv4,botnet,high,WHITE,blocklist.de/bots|blocklist.de/all|ziyadnz/hourly-ipv4,blocklist.de|bot|irc-bot|brute-force|ziyadnz|hourly,2026-08-17T18:48:05Z,2026-08-17T18:48:05Z,
54.39.6.152,ipv4,botnet,high,WHITE,blocklist.de/bots|blocklist.de/all|ziyadnz/hourly-ipv4,blocklist.de|bot|irc-bot|brute-force|ziyadnz|hourly,2026-08-17T18:48:05Z,2026-08-17T18:48:05Z,
54.39.6.153,ipv4,botnet,high,WHITE,blocklist.de/bots|blocklist.de/all|ziyadnz/hourly-ipv4,blocklist.de|bot|irc-bot|brute-force|ziyadnz|hourly,2026-08-17T18:48:05Z,2026-08-17T18:48:05Z,
54.39.6.155,ipv4,botnet,high,WHITE,blocklist.de/bots|blocklist.de/all|ziyadnz/hourly-ipv4,blocklist.de|bot|irc-bot|brute-force|ziyadnz|hourly,2026-08-17T18:48:05Z,2026-08-17T18:48:05Z,
54.39.6.156,ipv4,botnet,high,WHITE,blocklist.de/bots|blocklist.de/all|ziyadnz/hourly-ipv4,blocklist.de|bot|irc-bot|brute-force|ziyadnz|hourly,2026-08-17T18:48:05Z,2026-08-17T18:48:05Z,
54.39.6.157,ipv4,botnet,high,WHITE,blocklist.de/bots|blocklist.de/all|ziyadnz/hourly-ipv4,blocklist.de|bot|irc-bot|brute-force|ziyadnz|hourly,2026-08-17T18:48:05Z,2026-08-17T18:48:05Z,
54.39.6.158,ipv4,botnet,high,WHITE,blocklist.de/bots|blocklist.de/all|ziyadnz/hourly-ipv4,blocklist.de|bot|irc-bot|brute-force|ziyadnz|hourly,2026-08-17T18:48:05Z,2026-08-17T18:48:05Z,
54.39.6.16,ipv4,botnet,high,WHITE,blocklist.de/bots|blocklist.de/all|ziyadnz/hourly-ipv4,blocklist.de|bot|irc-bot|brute-force|ziyadnz|hourly,2026-08-17T18:48:05Z,2026-08-17T18:48:05Z,
54.39.6.160,ipv4,botnet,high,WHITE,blocklist.de/bots|blocklist.de/all|ziyadnz/hourly-ipv4,blocklist.de|bot|irc-bot|brute-force|ziyadnz|hourly,2026-08-17T18:48:05Z,2026-08-17T18:48:05Z,
54.39.6.161,ipv4,botnet,high,WHITE,blocklist.de/bots|blocklist.de/all|ziyadnz/hourly-ipv4,blocklist.de|bot|irc-bot|brute-force|ziyadnz|hourly,2026-08-17T18:48:05Z,2026-08-17T18:48:05Z,
54.39.6.163,ipv4,botnet,high,WHITE,blocklist.de/bots|blocklist.de/all|ziyadnz/hourly-ipv4,blocklist.de|bot|irc-bot|brute-force|ziyadnz|hourly,2026-08-17T18:48:05Z,2026-08-17T18:48:05Z,
54.39.6.164,ipv4,botnet,high,WHITE,blocklist.de/bots|blocklist.de/all|ziyadnz/hourly-ipv4,blocklist.de|bot|irc-bot|brute-force|ziyadnz|hourly,2026-08-17T18:48:05Z,2026-08-17T18:48:05Z,
54.39.6.165,ipv4,botnet,high,WHITE,blocklist.de/bots|blocklist.de/all|ziyadnz/hourly-ipv4,blocklist.de|bot|irc-bot|brute-force|ziyadnz|hourly,2026-08-17T18:48:05Z,2026-08-17T18:48:05Z,
54.39.6.167,ipv4,botnet,high,WHITE,blocklist.de/bots|blocklist.de/all|ziyadnz/hourly-ipv4,blocklist.de|bot|irc-bot|brute-force|ziyadnz|hourly,2026-08-17T18:48:05Z,2026-08-17T18:48:05Z,
54.39.6.168,ipv4,botnet,high,WHITE,blocklist.de/bots|blocklist.de/all|ziyadnz/hourly-ipv4,blocklist.de|bot|irc-bot|brute-force|ziyadnz|hourly,2026-08-17T18:48:05Z,2026-08-17T18:48:05Z,
54.39.6.169,ipv4,botnet,high,WHITE,blocklist.de/bots|blocklist.de/all|ziyadnz/hourly-ipv4,blocklist.de|bot|irc-bot|brute-force|ziyadnz|hourly,2026-08-17T18:48:05Z,2026-08-17T18:48:05Z,
54.39.6.17,ipv4,botnet,high,WHITE,blocklist.de/bots|blocklist.de/all|ziyadnz/hourly-ipv4,blocklist.de|bot|irc-bot|brute-force|ziyadnz|hourly,2026-08-17T18:48:05Z,2026-08-17T18:48:05Z,
54.39.6.170,ipv4,botnet,high,WHITE,blocklist.de/bots|blocklist.de/all|ziyadnz/hourly-ipv4,blocklist.de|bot|irc-bot|brute-force|ziyadnz|hourly,2026-08-17T18:48:05Z,2026-08-17T18:48:05Z,
54.39.6.171,ipv4,botnet,high,WHITE,blocklist.de/bots|blocklist.de/all|ziyadnz/hourly-ipv4,blocklist.de|bot|irc-bot|brute-force|ziyadnz|hourly,2026-08-17T18:48:05Z,2026-08-17T18:48:05Z,
54.39.6.172,ipv4,botnet,high,WHITE,blocklist.de/bots|blocklist.de/all|ziyadnz/hourly-ipv4,blocklist.de|bot|irc-bot|brute-force|ziyadnz|hourly,2026-08-17T18:48:05Z,2026-08-17T18:48:05Z,
54.39.6.173,ipv4,botnet,high,WHITE,blocklist.de/bots|blocklist.de/all|ziyadnz/hourly-ipv4,blocklist.de|bot|irc-bot|brute-force|ziyadnz|hourly,2026-08-17T18:48:05Z,2026-08-17T18:48:05Z,
54.39.6.174,ipv4,botnet,high,WHITE,blocklist.de/bots|blocklist.de/all|ziyadnz/hourly-ipv4,blocklist.de|bot|irc-bot|brute-force|ziyadnz|hourly,2026-08-17T18:48:05Z,2026-08-17T18:48:05Z,
54.39.6.175,ipv4,botnet,high,WHITE,blocklist.de/bots|blocklist.de/all|ziyadnz/hourly-ipv4,blocklist.de|bot|irc-bot|brute-force|ziyadnz|hourly,2026-08-17T18:48:05Z,2026-08-17T18:48:05Z,
54.39.6.178,ipv4,botnet,high,WHITE,blocklist.de/bots|blocklist.de/all|ziyadnz/hourly-ipv4,blocklist.de|bot|irc-bot|brute-force|ziyadnz|hourly,2026-08-17T18:48:05Z,2026-08-17T18:48:05Z,
54.39.6.179,ipv4,botnet,high,WHITE,blocklist.de/bots|blocklist.de/all|ziyadnz/hourly-ipv4,blocklist.de|bot|irc-bot|brute-force|ziyadnz|hourly,2026-08-17T18:48:05Z,2026-08-17T18:48:05Z,
54.39.6.181,ipv4,botnet,high,WHITE,blocklist.de/bots|blocklist.de/all|ziyadnz/hourly-ipv4,blocklist.de|bot|irc-bot|brute-force|ziyadnz|hourly,2026-08-17T18:48:05Z,2026-08-17T18:48:05Z,
54.39.6.189,ipv4,botnet,high,WHITE,blocklist.de/bots|blocklist.de/all|ziyadnz/hourly-ipv4,blocklist.de|bot|irc-bot|brute-force|ziyadnz|hourly,2026-08-17T18:48:05Z,2026-08-17T18:48:05Z,
54.39.6.19,ipv4,botnet,high,WHITE,blocklist.de/bots|blocklist.de/all|ziyadnz/hourly-ipv4,blocklist.de|bot|irc-bot|brute-force|ziyadnz|hourly,2026-08-17T18:48:05Z,2026-08-17T18:48:05Z,
54.39.6.190,ipv4,botnet,high,WHITE,blocklist.de/bots|blocklist.de/all|ziyadnz/hourly-ipv4,blocklist.de|bot|irc-bot|brute-force|ziyadnz|hourly,2026-08-17T18:48:05Z,2026-08-17T18:48:05Z,
54.39.6.191,ipv4,botnet,high,WHITE,blocklist.de/bots|blocklist.de/all|ziyadnz/hourly-ipv4,blocklist.de|bot|irc-bot|brute-force|ziyadnz|hourly,2026-08-17T18:48:05Z,2026-08-17T18:48:05Z,
54.39.6.195,ipv4,botnet,high,WHITE,blocklist.de/bots|blocklist.de/all|ziyadnz/hourly-ipv4,blocklist.de|bot|irc-bot|brute-force|ziyadnz|hourly,2026-08-17T18:48:05Z,2026-08-17T18:48:05Z,
54.39.6.196,ipv4,botnet,high,WHITE,blocklist.de/bots|blocklist.de/all|ziyadnz/hourly-ipv4,blocklist.de|bot|irc-bot|brute-force|ziyadnz|hourly,2026-08-17T18:48:05Z,2026-08-17T18:48:05Z,
54.39.6.198,ipv4,botnet,high,WHITE,blocklist.de/bots|blocklist.de/all|ziyadnz/hourly-ipv4,blocklist.de|bot|irc-bot|brute-force|ziyadnz|hourly,2026-08-17T18:48:05Z,2026-08-17T18:48:05Z,
54.39.6.199,ipv4,botnet,high,WHITE,blocklist.de/bots|blocklist.de/all|ziyadnz/hourly-ipv4,blocklist.de|bot|irc-bot|brute-force|ziyadnz|hourly,2026-08-17T18:48:05Z,2026-08-17T18:48:05Z,
54.39.6.2,ipv4,botnet,high,WHITE,blocklist.de/bots|blocklist.de/all|ziyadnz/hourly-ipv4,blocklist.de|bot|irc-bot|brute-force|ziyadnz|hourly,2026-08-17T18:48:05Z,2026-08-17T18:48:05Z,
54.39.6.201,ipv4,botnet,high,WHITE,blocklist.de/bots|blocklist.de/all|ziyadnz/hourly-ipv4,blocklist.de|bot|irc-bot|brute-force|ziyadnz|hourly,2026-08-17T18:48:05Z,2026-08-17T18:48:05Z,
54.39.6.202,ipv4,botnet,high,WHITE,blocklist.de/bots|blocklist.de/all|ziyadnz/hourly-ipv4,blocklist.de|bot|irc-bot|brute-force|ziyadnz|hourly,2026-08-17T18:48:05Z,2026-08-17T18:48:05Z,
54.39.6.203,ipv4,botnet,high,WHITE,blocklist.de/bots|blocklist.de/all|ziyadnz/hourly-ipv4,blocklist.de|bot|irc-bot|brute-force|ziyadnz|hourly,2026-08-17T18:48:05Z,2026-08-17T18:48:05Z,
54.39.6.207,ipv4,botnet,high,WHITE,blocklist.de/bots|blocklist.de/all|ziyadnz/hourly-ipv4,blocklist.de|bot|irc-bot|brute-force|ziyadnz|hourly,2026-08-17T18:48:05Z,2026-08-17T18:48:05Z,
54.39.6.210,ipv4,botnet,high,WHITE,blocklist.de/bots|blocklist.de/all|ziyadnz/hourly-ipv4,blocklist.de|bot|irc-bot|brute-force|ziyadnz|hourly,2026-08-17T18:48:05Z,2026-08-17T18:48:05Z,
54.39.6.211,ipv4,botnet,high,WHITE,blocklist.de/bots|blocklist.de/all|ziyadnz/hourly-ipv4,blocklist.de|bot|irc-bot|brute-force|ziyadnz|hourly,2026-08-17T18:48:05Z,2026-08-17T18:48:05Z,
54.39.6.212,ipv4,botnet,high,WHITE,blocklist.de/bots|blocklist.de/all|ziyadnz/hourly-ipv4,blocklist.de|bot|irc-bot|brute-force|ziyadnz|hourly,2026-08-17T18:48:05Z,2026-08-17T18:48:05Z,
54.39.6.215,ipv4,botnet,high,WHITE,blocklist.de/bots|blocklist.de/all|ziyadnz/hourly-ipv4,blocklist.de|bot|irc-bot|brute-force|ziyadnz|hourly,2026-08-17T18:48:05Z,2026-08-17T18:48:05Z,
54.39.6.219,ipv4,botnet,high,WHITE,blocklist.de/bots|blocklist.de/all|ziyadnz/hourly-ipv4,blocklist.de|bot|irc-bot|brute-force|ziyadnz|hourly,2026-08-17T18:48:05Z,2026-08-17T18:48:05Z,
54.39.6.220,ipv4,botnet,high,WHITE,blocklist.de/bots|blocklist.de/all|ziyadnz/hourly-ipv4,blocklist.de|bot|irc-bot|brute-force|ziyadnz|hourly,2026-08-17T18:48:05Z,2026-08-17T18:48:05Z,
54.39.6.223,ipv4,botnet,high,WHITE,blocklist.de/bots|blocklist.de/all|ziyadnz/hourly-ipv4,blocklist.de|bot|irc-bot|brute-force|ziyadnz|hourly,2026-08-17T18:48:05Z,2026-08-17T18:48:05Z,
54.39.6.224,ipv4,botnet,high,WHITE,blocklist.de/bots|blocklist.de/all|ziyadnz/hourly-ipv4,blocklist.de|bot|irc-bot|brute-force|ziyadnz|hourly,2026-08-17T18:48:05Z,2026-08-17T18:48:05Z,
54.39.6.225,ipv4,botnet,high,WHITE,blocklist.de/bots|blocklist.de/all|ziyadnz/hourly-ipv4,blocklist.de|bot|irc-bot|brute-force|ziyadnz|hourly,2026-08-17T18:48:05Z,2026-08-17T18:48:05Z,
54.39.6.226,ipv4,botnet,high,WHITE,blocklist.de/bots|blocklist.de/all|ziyadnz/hourly-ipv4,blocklist.de|bot|irc-bot|brute-force|ziyadnz|hourly,2026-08-17T18:48:05Z,2026-08-17T18:48:05Z,
54.39.6.228,ipv4,botnet,high,WHITE,blocklist.de/bots|blocklist.de/all|ziyadnz/hourly-ipv4,blocklist.de|bot|irc-bot|brute-force|ziyadnz|hourly,2026-08-17T18:48:05Z,2026-08-17T18:48:05Z,
54.39.6.230,ipv4,botnet,high,WHITE,blocklist.de/bots|blocklist.de/all|ziyadnz/hourly-ipv4,blocklist.de|bot|irc-bot|brute-force|ziyadnz|hourly,2026-08-17T18:48:05Z,2026-08-17T18:48:05Z,
54.39.6.231,ipv4,botnet,high,WHITE,blocklist.de/bots|blocklist.de/all|ziyadnz/hourly-ipv4,blocklist.de|bot|irc-bot|brute-force|ziyadnz|hourly,2026-08-17T18:48:05Z,2026-08-17T18:48:05Z,
54.39.6.233,ipv4,botnet,high,WHITE,blocklist.de/bots|blocklist.de/all|ziyadnz/hourly-ipv4,blocklist.de|bot|irc-bot|brute-force|ziyadnz|hourly,2026-08-17T18:48:05Z,2026-08-17T18:48:05Z,
54.39.6.234,ipv4,botnet,high,WHITE,blocklist.de/bots|blocklist.de/all|ziyadnz/hourly-ipv4,blocklist.de|bot|irc-bot|brute-force|ziyadnz|hourly,2026-08-17T18:48:05Z,2026-08-17T18:48:05Z,
54.39.6.238,ipv4,botnet,high,WHITE,blocklist.de/bots|blocklist.de/all|ziyadnz/hourly-ipv4,blocklist.de|bot|irc-bot|brute-force|ziyadnz|hourly,2026-08-17T18:48:05Z,2026-08-17T18:48:05Z,
54.39.6.239,ipv4,botnet,high,WHITE,blocklist.de/bots|blocklist.de/all|ziyadnz/hourly-ipv4,blocklist.de|bot|irc-bot|brute-force|ziyadnz|hourly,2026-08-17T18:48:05Z,2026-08-17T18:48:05Z,
54.39.6.240,ipv4,botnet,high,WHITE,blocklist.de/bots|blocklist.de/all|ziyadnz/hourly-ipv4,blocklist.de|bot|irc-bot|brute-force|ziyadnz|hourly,2026-08-17T18:48:05Z,2026-08-17T18:48:05Z,
54.39.6.242,ipv4,botnet,high,WHITE,blocklist.de/bots|blocklist.de/all|ziyadnz/hourly-ipv4,blocklist.de|bot|irc-bot|brute-force|ziyadnz|hourly,2026-08-17T18:48:05Z,2026-08-17T18:48:05Z,
54.39.6.244,ipv4,botnet,high,WHITE,blocklist.de/bots|blocklist.de/all|ziyadnz/hourly-ipv4,blocklist.de|bot|irc-bot|brute-force|ziyadnz|hourly,2026-08-17T18:48:05Z,2026-08-17T18:48:05Z,
54.39.6.245,ipv4,botnet,high,WHITE,blocklist.de/bots|blocklist.de/all|ziyadnz/hourly-ipv4,blocklist.de|bot|irc-bot|brute-force|ziyadnz|hourly,2026-08-17T18:48:05Z,2026-08-17T18:48:05Z,
54.39.6.248,ipv4,botnet,high,WHITE,blocklist.de/bots|blocklist.de/all|ziyadnz/hourly-ipv4,blocklist.de|bot|irc-bot|brute-force|ziyadnz|hourly,2026-08-17T18:48:05Z,2026-08-17T18:48:05Z,
54.39.6.250,ipv4,botnet,high,WHITE,blocklist.de/bots|blocklist.de/all|ziyadnz/hourly-ipv4,blocklist.de|bot|irc-bot|brute-force|ziyadnz|hourly,2026-08-17T18:48:05Z,2026-08-17T18:48:05Z,
54.39.6.251,ipv4,botnet,high,WHITE,blocklist.de/bots|blocklist.de/all|ziyadnz/hourly-ipv4,blocklist.de|bot|irc-bot|brute-force|ziyadnz|hourly,2026-08-17T18:48:05Z,2026-08-17T18:48:05Z,
54.39.6.253,ipv4,botnet,high,WHITE,blocklist.de/bots|blocklist.de/all|ziyadnz/hourly-ipv4,blocklist.de|bot|irc-bot|brute-force|ziyadnz|hourly,2026-08-17T18:48:05Z,2026-08-17T18:48:05Z,
54.39.6.28,ipv4,botnet,high,WHITE,blocklist.de/bots|blocklist.de/all|ziyadnz/hourly-ipv4,blocklist.de|bot|irc-bot|brute-force|ziyadnz|hourly,2026-08-17T18:48:05Z,2026-08-17T18:48:05Z,
54.39.6.3,ipv4,botnet,high,WHITE,blocklist.de/bots|blocklist.de/all|ziyadnz/hourly-ipv4,blocklist.de|bot|irc-bot|brute-force|ziyadnz|hourly,2026-08-17T18:48:05Z,2026-08-17T18:48:05Z,
54.39.6.4,ipv4,botnet,high,WHITE,blocklist.de/bots|blocklist.de/all|ziyadnz/hourly-ipv4,blocklist.de|bot|irc-bot|brute-force|ziyadnz|hourly,2026-08-17T18:48:05Z,2026-08-17T18:48:05Z,
54.39.6.42,ipv4,botnet,high,WHITE,blocklist.de/bots|blocklist.de/all|ziyadnz/hourly-ipv4,blocklist.de|bot|irc-bot|brute-force|ziyadnz|hourly,2026-08-17T18:48:05Z,2026-08-17T18:48:05Z,
54.39.6.44,ipv4,botnet,high,WHITE,blocklist.de/bots|blocklist.de/all|ziyadnz/hourly-ipv4,blocklist.de|bot|irc-bot|brute-force|ziyadnz|hourly,2026-08-17T18:48:05Z,2026-08-17T18:48:05Z,
54.39.6.45,ipv4,botnet,high,WHITE,blocklist.de/bots|blocklist.de/all|ziyadnz/hourly-ipv4,blocklist.de|bot|irc-bot|brute-force|ziyadnz|hourly,2026-08-17T18:48:05Z,2026-08-17T18:48:05Z,
54.39.6.47,ipv4,botnet,high,WHITE,blocklist.de/bots|blocklist.de/all|ziyadnz/hourly-ipv4,blocklist.de|bot|irc-bot|brute-force|ziyadnz|hourly,2026-08-17T18:48:05Z,2026-08-17T18:48:05Z,
54.39.6.48,ipv4,botnet,high,WHITE,blocklist.de/bots|blocklist.de/all|ziyadnz/hourly-ipv4,blocklist.de|bot|irc-bot|brute-force|ziyadnz|hourly,2026-08-17T18:48:05Z,2026-08-17T18:48:05Z,
54.39.6.49,ipv4,botnet,high,WHITE,blocklist.de/bots|blocklist.de/all|ziyadnz/hourly-ipv4,blocklist.de|bot|irc-bot|brute-force|ziyadnz|hourly,2026-08-17T18:48:05Z,2026-08-17T18:48:05Z,
54.39.6.5,ipv4,botnet,high,WHITE,blocklist.de/bots|blocklist.de/all|ziyadnz/hourly-ipv4,blocklist.de|bot|irc-bot|brute-force|ziyadnz|hourly,2026-08-17T18:48:05Z,2026-08-17T18:48:05Z,
54.39.6.50,ipv4,botnet,high,WHITE,blocklist.de/bots|blocklist.de/all|ziyadnz/hourly-ipv4,blocklist.de|bot|irc-bot|brute-force|ziyadnz|hourly,2026-08-17T18:48:05Z,2026-08-17T18:48:05Z,
54.39.6.52,ipv4,botnet,high,WHITE,blocklist.de/bots|blocklist.de/all|ziyadnz/hourly-ipv4,blocklist.de|bot|irc-bot|brute-force|ziyadnz|hourly,2026-08-17T18:48:05Z,2026-08-17T18:48:05Z,
54.39.6.53,ipv4,botnet,high,WHITE,blocklist.de/bots|blocklist.de/all|ziyadnz/hourly-ipv4,blocklist.de|bot|irc-bot|brute-force|ziyadnz|hourly,2026-08-17T18:48:05Z,2026-08-17T18:48:05Z,
54.39.6.58,ipv4,botnet,high,WHITE,blocklist.de/bots|blocklist.de/all|ziyadnz/hourly-ipv4,blocklist.de|bot|irc-bot|brute-force|ziyadnz|hourly,2026-08-17T18:48:05Z,2026-08-17T18:48:05Z,
54.39.6.6,ipv4,botnet,high,WHITE,blocklist.de/bots|blocklist.de/all|ziyadnz/hourly-ipv4,blocklist.de|bot|irc-bot|brute-force|ziyadnz|hourly,2026-08-17T18:48:05Z,2026-08-17T18:48:05Z,
54.39.6.60,ipv4,botnet,high,WHITE,blocklist.de/bots|blocklist.de/all|ziyadnz/hourly-ipv4,blocklist.de|bot|irc-bot|brute-force|ziyadnz|hourly,2026-08-17T18:48:05Z,2026-08-17T18:48:05Z,
54.39.6.61,ipv4,botnet,high,WHITE,blocklist.de/bots|blocklist.de/all|ziyadnz/hourly-ipv4,blocklist.de|bot|irc-bot|brute-force|ziyadnz|hourly,2026-08-17T18:48:05Z,2026-08-17T18:48:05Z,
54.39.6.62,ipv4,botnet,high,WHITE,blocklist.de/bots|blocklist.de/all|ziyadnz/hourly-ipv4,blocklist.de|bot|irc-bot|brute-force|ziyadnz|hourly,2026-08-17T18:48:05Z,2026-08-17T18:48:05Z,
54.39.6.64,ipv4,botnet,high,WHITE,blocklist.de/bots|blocklist.de/all|ziyadnz/hourly-ipv4,blocklist.de|bot|irc-bot|brute-force|ziyadnz|hourly,2026-08-17T18:48:05Z,2026-08-17T18:48:05Z,
54.39.6.67,ipv4,botnet,high,WHITE,blocklist.de/bots|blocklist.de/all|ziyadnz/hourly-ipv4,blocklist.de|bot|irc-bot|brute-force|ziyadnz|hourly,2026-08-17T18:48:05Z,2026-08-17T18:48:05Z,
54.39.6.68,ipv4,botnet,high,WHITE,blocklist.de/bots|blocklist.de/all|ziyadnz/hourly-ipv4,blocklist.de|bot|irc-bot|brute-force|ziyadnz|hourly,2026-08-17T18:48:05Z,2026-08-17T18:48:05Z,
54.39.6.69,ipv4,botnet,high,WHITE,blocklist.de/bots|blocklist.de/all|ziyadnz/hourly-ipv4,blocklist.de|bot|irc-bot|brute-force|ziyadnz|hourly,2026-08-17T18:48:05Z,2026-08-17T18:48:05Z,
54.39.6.7,ipv4,botnet,high,WHITE,blocklist.de/bots|blocklist.de/all|ziyadnz/hourly-ipv4,blocklist.de|bot|irc-bot|brute-force|ziyadnz|hourly,2026-08-17T18:48:05Z,2026-08-17T18:48:05Z,
54.39.6.71,ipv4,botnet,high,WHITE,blocklist.de/bots|blocklist.de/all|ziyadnz/hourly-ipv4,blocklist.de|bot|irc-bot|brute-force|ziyadnz|hourly,2026-08-17T18:48:05Z,2026-08-17T18:48:05Z,
54.39.6.73,ipv4,botnet,high,WHITE,blocklist.de/bots|blocklist.de/all|ziyadnz/hourly-ipv4,blocklist.de|bot|irc-bot|brute-force|ziyadnz|hourly,2026-08-17T18:48:05Z,2026-08-17T18:48:05Z,
54.39.6.74,ipv4,botnet,high,WHITE,blocklist.de/bots|blocklist.de/all|ziyadnz/hourly-ipv4,blocklist.de|bot|irc-bot|brute-force|ziyadnz|hourly,2026-08-17T18:48:05Z,2026-08-17T18:48:05Z,
54.39.6.75,ipv4,botnet,high,WHITE,blocklist.de/bots|blocklist.de/all|ziyadnz/hourly-ipv4,blocklist.de|bot|irc-bot|brute-force|ziyadnz|hourly,2026-08-17T18:48:05Z,2026-08-17T18:48:05Z,
54.39.6.78,ipv4,botnet,high,WHITE,blocklist.de/bots|blocklist.de/all|ziyadnz/hourly-ipv4,blocklist.de|bot|irc-bot|brute-force|ziyadnz|hourly,2026-08-17T18:48:05Z,2026-08-17T18:48:05Z,
54.39.6.80,ipv4,botnet,high,WHITE,blocklist.de/bots|blocklist.de/all|ziyadnz/hourly-ipv4,blocklist.de|bot|irc-bot|brute-force|ziyadnz|hourly,2026-08-17T18:48:05Z,2026-08-17T18:48:05Z,
54.39.6.81,ipv4,botnet,high,WHITE,blocklist.de/bots|blocklist.de/all|ziyadnz/hourly-ipv4,blocklist.de|bot|irc-bot|brute-force|ziyadnz|hourly,2026-08-17T18:48:05Z,2026-08-17T18:48:05Z,
54.39.6.82,ipv4,botnet,high,WHITE,blocklist.de/bots|blocklist.de/all|ziyadnz/hourly-ipv4,blocklist.de|bot|irc-bot|brute-force|ziyadnz|hourly,2026-08-17T18:48:05Z,2026-08-17T18:48:05Z,
54.39.6.83,ipv4,botnet,high,WHITE,blocklist.de/bots|blocklist.de/all|ziyadnz/hourly-ipv4,blocklist.de|bot|irc-bot|brute-force|ziyadnz|hourly,2026-08-17T18:48:05Z,2026-08-17T18:48:05Z,
54.39.6.84,ipv4,botnet,high,WHITE,blocklist.de/bots|blocklist.de/all|ziyadnz/hourly-ipv4,blocklist.de|bot|irc-bot|brute-force|ziyadnz|hourly,2026-08-17T18:48:05Z,2026-08-17T18:48:05Z,
54.39.6.87,ipv4,botnet,high,WHITE,blocklist.de/bots|blocklist.de/all|ziyadnz/hourly-ipv4,blocklist.de|bot|irc-bot|brute-force|ziyadnz|hourly,2026-08-17T18:48:05Z,2026-08-17T18:48:05Z,
54.39.6.89,ipv4,botnet,high,WHITE,blocklist.de/bots|blocklist.de/all|ziyadnz/hourly-ipv4,blocklist.de|bot|irc-bot|brute-force|ziyadnz|hourly,2026-08-17T18:48:05Z,2026-08-17T18:48:05Z,
54.39.6.9,ipv4,botnet,high,WHITE,blocklist.de/bots|blocklist.de/all|ziyadnz/hourly-ipv4,blocklist.de|bot|irc-bot|brute-force|ziyadnz|hourly,2026-08-17T18:48:05Z,2026-08-17T18:48:05Z,
54.39.6.90,ipv4,botnet,high,WHITE,blocklist.de/bots|blocklist.de/all|ziyadnz/hourly-ipv4,blocklist.de|bot|irc-bot|brute-force|ziyadnz|hourly,2026-08-17T18:48:05Z,2026-08-17T18:48:05Z,
54.39.6.91,ipv4,botnet,high,WHITE,blocklist.de/bots|blocklist.de/all|ziyadnz/hourly-ipv4,blocklist.de|bot|irc-bot|brute-force|ziyadnz|hourly,2026-08-17T18:48:05Z,2026-08-17T18:48:05Z,
54.39.6.95,ipv4,botnet,high,WHITE,blocklist.de/bots|blocklist.de/all|ziyadnz/hourly-ipv4,blocklist.de|bot|irc-bot|brute-force|ziyadnz|hourly,2026-08-17T18:48:05Z,2026-08-17T18:48:05Z,
54.39.6.97,ipv4,botnet,high,WHITE,blocklist.de/bots|blocklist.de/all|ziyadnz/hourly-ipv4,blocklist.de|bot|irc-bot|brute-force|ziyadnz|hourly,2026-08-17T18:48:05Z,2026-08-17T18:48:05Z,
54.39.6.99,ipv4,botnet,high,WHITE,blocklist.de/bots|blocklist.de/all|ziyadnz/hourly-ipv4,blocklist.de|bot|irc-bot|brute-force|ziyadnz|hourly,2026-08-17T18:48:05Z,2026-08-17T18:48:05Z,
54.39.89.0,ipv4,botnet,high,WHITE,blocklist.de/bots|blocklist.de/all|ziyadnz/hourly-ipv4,blocklist.de|bot|irc-bot|brute-force|ziyadnz|hourly,2026-08-17T18:48:05Z,2026-08-17T18:48:05Z,
54.39.89.10,ipv4,botnet,high,WHITE,blocklist.de/bots|blocklist.de/all|ziyadnz/hourly-ipv4,blocklist.de|bot|irc-bot|brute-force|ziyadnz|hourly,2026-08-17T18:48:05Z,2026-08-17T18:48:05Z,
54.39.89.101,ipv4,botnet,high,WHITE,blocklist.de/bots|blocklist.de/all|ziyadnz/hourly-ipv4,blocklist.de|bot|irc-bot|brute-force|ziyadnz|hourly,2026-08-17T18:48:05Z,2026-08-17T18:48:05Z,
54.39.89.107,ipv4,botnet,high,WHITE,blocklist.de/bots|blocklist.de/all|ziyadnz/hourly-ipv4,blocklist.de|bot|irc-bot|brute-force|ziyadnz|hourly,2026-08-17T18:48:05Z,2026-08-17T18:48:05Z,
54.39.89.11,ipv4,botnet,high,WHITE,blocklist.de/bots|blocklist.de/all|ziyadnz/hourly-ipv4,blocklist.de|bot|irc-bot|brute-force|ziyadnz|hourly,2026-08-17T18:48:05Z,2026-08-17T18:48:05Z,
54.39.89.110,ipv4,botnet,high,WHITE,blocklist.de/bots|blocklist.de/all|ziyadnz/hourly-ipv4,blocklist.de|bot|irc-bot|brute-force|ziyadnz|hourly,2026-08-17T18:48:05Z,2026-08-17T18:48:05Z,
54.39.89.111,ipv4,botnet,high,WHITE,blocklist.de/bots|blocklist.de/all|ziyadnz/hourly-ipv4,blocklist.de|bot|irc-bot|brute-force|ziyadnz|hourly,2026-08-17T18:48:05Z,2026-08-17T18:48:05Z,
54.39.89.112,ipv4,botnet,high,WHITE,blocklist.de/bots|blocklist.de/all|ziyadnz/hourly-ipv4,blocklist.de|bot|irc-bot|brute-force|ziyadnz|hourly,2026-08-17T18:48:05Z,2026-08-17T18:48:05Z,
54.39.89.116,ipv4,botnet,high,WHITE,blocklist.de/bots|blocklist.de/all|ziyadnz/hourly-ipv4,blocklist.de|bot|irc-bot|brute-force|ziyadnz|hourly,2026-08-17T18:48:05Z,2026-08-17T18:48:05Z,
54.39.89.117,ipv4,botnet,high,WHITE,blocklist.de/bots|blocklist.de/all|ziyadnz/hourly-ipv4,blocklist.de|bot|irc-bot|brute-force|ziyadnz|hourly,2026-08-17T18:48:05Z,2026-08-17T18:48:05Z,
54.39.89.119,ipv4,botnet,high,WHITE,blocklist.de/bots|blocklist.de/all|ziyadnz/hourly-ipv4,blocklist.de|bot|irc-bot|brute-force|ziyadnz|hourly,2026-08-17T18:48:05Z,2026-08-17T18:48:05Z,
54.39.89.121,ipv4,botnet,high,WHITE,blocklist.de/bots|blocklist.de/all|ziyadnz/hourly-ipv4,blocklist.de|bot|irc-bot|brute-force|ziyadnz|hourly,2026-08-17T18:48:05Z,2026-08-17T18:48:05Z,
54.39.89.122,ipv4,botnet,high,WHITE,blocklist.de/bots|blocklist.de/all|ziyadnz/hourly-ipv4,blocklist.de|bot|irc-bot|brute-force|ziyadnz|hourly,2026-08-17T18:48:05Z,2026-08-17T18:48:05Z,
54.39.89.124,ipv4,botnet,high,WHITE,blocklist.de/bots|blocklist.de/all|ziyadnz/hourly-ipv4,blocklist.de|bot|irc-bot|brute-force|ziyadnz|hourly,2026-08-17T18:48:05Z,2026-08-17T18:48:05Z,
54.39.89.129,ipv4,botnet,high,WHITE,blocklist.de/bots|blocklist.de/all|ziyadnz/hourly-ipv4,blocklist.de|bot|irc-bot|brute-force|ziyadnz|hourly,2026-08-17T18:48:05Z,2026-08-17T18:48:05Z,
54.39.89.13,ipv4,botnet,high,WHITE,blocklist.de/bots|blocklist.de/all|ziyadnz/hourly-ipv4,blocklist.de|bot|irc-bot|brute-force|ziyadnz|hourly,2026-08-17T18:48:05Z,2026-08-17T18:48:05Z,
54.39.89.130,ipv4,botnet,high,WHITE,blocklist.de/bots|blocklist.de/all|ziyadnz/hourly-ipv4,blocklist.de|bot|irc-bot|brute-force|ziyadnz|hourly,2026-08-17T18:48:05Z,2026-08-17T18:48:05Z,
54.39.89.131,ipv4,botnet,high,WHITE,blocklist.de/bots|blocklist.de/all|ziyadnz/hourly-ipv4,blocklist.de|bot|irc-bot|brute-force|ziyadnz|hourly,2026-08-17T18:48:05Z,2026-08-17T18:48:05Z,
54.39.89.132,ipv4,botnet,high,WHITE,blocklist.de/bots|blocklist.de/all|ziyadnz/hourly-ipv4,blocklist.de|bot|irc-bot|brute-force|ziyadnz|hourly,2026-08-17T18:48:05Z,2026-08-17T18:48:05Z,
54.39.89.136,ipv4,botnet,high,WHITE,blocklist.de/bots|blocklist.de/all|ziyadnz/hourly-ipv4,blocklist.de|bot|irc-bot|brute-force|ziyadnz|hourly,2026-08-17T18:48:05Z,2026-08-17T18:48:05Z,
54.39.89.141,ipv4,botnet,high,WHITE,blocklist.de/bots|blocklist.de/all|ziyadnz/hourly-ipv4,blocklist.de|bot|irc-bot|brute-force|ziyadnz|hourly,2026-08-17T18:48:05Z,2026-08-17T18:48:05Z,
54.39.89.142,ipv4,botnet,high,WHITE,blocklist.de/bots|blocklist.de/all|ziyadnz/hourly-ipv4,blocklist.de|bot|irc-bot|brute-force|ziyadnz|hourly,2026-08-17T18:48:05Z,2026-08-17T18:48:05Z,
54.39.89.143,ipv4,botnet,high,WHITE,blocklist.de/bots|blocklist.de/all|ziyadnz/hourly-ipv4,blocklist.de|bot|irc-bot|brute-force|ziyadnz|hourly,2026-08-17T18:48:05Z,2026-08-17T18:48:05Z,
54.39.89.148,ipv4,botnet,high,WHITE,blocklist.de/bots|blocklist.de/all|ziyadnz/hourly-ipv4,blocklist.de|bot|irc-bot|brute-force|ziyadnz|hourly,2026-08-17T18:48:05Z,2026-08-17T18:48:05Z,
54.39.89.149,ipv4,botnet,high,WHITE,blocklist.de/bots|blocklist.de/all|ziyadnz/hourly-ipv4,blocklist.de|bot|irc-bot|brute-force|ziyadnz|hourly,2026-08-17T18:48:05Z,2026-08-17T18:48:05Z,
54.39.89.15,ipv4,botnet,high,WHITE,blocklist.de/bots|blocklist.de/all|ziyadnz/hourly-ipv4,blocklist.de|bot|irc-bot|brute-force|ziyadnz|hourly,2026-08-17T18:48:05Z,2026-08-17T18:48:05Z,
54.39.89.150,ipv4,botnet,high,WHITE,blocklist.de/bots|blocklist.de/all|ziyadnz/hourly-ipv4,blocklist.de|bot|irc-bot|brute-force|ziyadnz|hourly,2026-08-17T18:48:05Z,2026-08-17T18:48:05Z,
54.39.89.151,ipv4,botnet,high,WHITE,blocklist.de/bots|blocklist.de/all|ziyadnz/hourly-ipv4,blocklist.de|bot|irc-bot|brute-force|ziyadnz|hourly,2026-08-17T18:48:05Z,2026-08-17T18:48:05Z,
54.39.89.154,ipv4,botnet,high,WHITE,blocklist.de/bots|blocklist.de/all|ziyadnz/hourly-ipv4,blocklist.de|bot|irc-bot|brute-force|ziyadnz|hourly,2026-08-17T18:48:05Z,2026-08-17T18:48:05Z,
54.39.89.155,ipv4,botnet,high,WHITE,blocklist.de/bots|blocklist.de/all|ziyadnz/hourly-ipv4,blocklist.de|bot|irc-bot|brute-force|ziyadnz|hourly,2026-08-17T18:48:05Z,2026-08-17T18:48:05Z,
54.39.89.156,ipv4,botnet,high,WHITE,blocklist.de/bots|blocklist.de/all|ziyadnz/hourly-ipv4,blocklist.de|bot|irc-bot|brute-force|ziyadnz|hourly,2026-08-17T18:48:05Z,2026-08-17T18:48:05Z,
54.39.89.160,ipv4,botnet,high,WHITE,blocklist.de/bots|blocklist.de/all|ziyadnz/hourly-ipv4,blocklist.de|bot|irc-bot|brute-force|ziyadnz|hourly,2026-08-17T18:48:05Z,2026-08-17T18:48:05Z,
54.39.89.161,ipv4,botnet,high,WHITE,blocklist.de/bots|blocklist.de/all|ziyadnz/hourly-ipv4,blocklist.de|bot|irc-bot|brute-force|ziyadnz|hourly,2026-08-17T18:48:05Z,2026-08-17T18:48:05Z,
54.39.89.162,ipv4,botnet,high,WHITE,blocklist.de/bots|blocklist.de/all|ziyadnz/hourly-ipv4,blocklist.de|bot|irc-bot|brute-force|ziyadnz|hourly,2026-08-17T18:48:05Z,2026-08-17T18:48:05Z,
54.39.89.166,ipv4,botnet,high,WHITE,blocklist.de/bots|blocklist.de/all|ziyadnz/hourly-ipv4,blocklist.de|bot|irc-bot|brute-force|ziyadnz|hourly,2026-08-17T18:48:05Z,2026-08-17T18:48:05Z,
54.39.89.168,ipv4,botnet,high,WHITE,blocklist.de/bots|blocklist.de/all|ziyadnz/hourly-ipv4,blocklist.de|bot|irc-bot|brute-force|ziyadnz|hourly,2026-08-17T18:48:05Z,2026-08-17T18:48:05Z,
54.39.89.169,ipv4,botnet,high,WHITE,blocklist.de/bots|blocklist.de/all|ziyadnz/hourly-ipv4,blocklist.de|bot|irc-bot|brute-force|ziyadnz|hourly,2026-08-17T18:48:05Z,2026-08-17T18:48:05Z,
54.39.89.17,ipv4,botnet,high,WHITE,blocklist.de/bots|blocklist.de/all|ziyadnz/hourly-ipv4,blocklist.de|bot|irc-bot|brute-force|ziyadnz|hourly,2026-08-17T18:48:05Z,2026-08-17T18:48:05Z,
54.39.89.174,ipv4,botnet,high,WHITE,blocklist.de/bots|blocklist.de/all|ziyadnz/hourly-ipv4,blocklist.de|bot|irc-bot|brute-force|ziyadnz|hourly,2026-08-17T18:48:05Z,2026-08-17T18:48:05Z,
54.39.89.18,ipv4,botnet,high,WHITE,blocklist.de/bots|blocklist.de/all|ziyadnz/hourly-ipv4,blocklist.de|bot|irc-bot|brute-force|ziyadnz|hourly,2026-08-17T18:48:05Z,2026-08-17T18:48:05Z,
54.39.89.180,ipv4,botnet,high,WHITE,blocklist.de/bots|blocklist.de/all|ziyadnz/hourly-ipv4,blocklist.de|bot|irc-bot|brute-force|ziyadnz|hourly,2026-08-17T18:48:05Z,2026-08-17T18:48:05Z,
54.39.89.182,ipv4,botnet,high,WHITE,blocklist.de/bots|blocklist.de/all|ziyadnz/hourly-ipv4,blocklist.de|bot|irc-bot|brute-force|ziyadnz|hourly,2026-08-17T18:48:05Z,2026-08-17T18:48:05Z,
54.39.89.183,ipv4,botnet,high,WHITE,blocklist.de/bots|blocklist.de/all|ziyadnz/hourly-ipv4,blocklist.de|bot|irc-bot|brute-force|ziyadnz|hourly,2026-08-17T18:48:05Z,2026-08-17T18:48:05Z,
54.39.89.186,ipv4,botnet,high,WHITE,blocklist.de/bots|blocklist.de/all|ziyadnz/hourly-ipv4,blocklist.de|bot|irc-bot|brute-force|ziyadnz|hourly,2026-08-17T18:48:05Z,2026-08-17T18:48:05Z,
54.39.89.187,ipv4,botnet,high,WHITE,blocklist.de/bots|blocklist.de/all|ziyadnz/hourly-ipv4,blocklist.de|bot|irc-bot|brute-force|ziyadnz|hourly,2026-08-17T18:48:05Z,2026-08-17T18:48:05Z,
54.39.89.188,ipv4,botnet,high,WHITE,blocklist.de/bots|blocklist.de/all|ziyadnz/hourly-ipv4,blocklist.de|bot|irc-bot|brute-force|ziyadnz|hourly,2026-08-17T18:48:05Z,2026-08-17T18:48:05Z,
54.39.89.189,ipv4,botnet,high,WHITE,blocklist.de/bots|blocklist.de/all|ziyadnz/hourly-ipv4,blocklist.de|bot|irc-bot|brute-force|ziyadnz|hourly,2026-08-17T18:48:05Z,2026-08-17T18:48:05Z,
54.39.89.19,ipv4,botnet,high,WHITE,blocklist.de/bots|blocklist.de/all|ziyadnz/hourly-ipv4,blocklist.de|bot|irc-bot|brute-force|ziyadnz|hourly,2026-08-17T18:48:05Z,2026-08-17T18:48:05Z,
54.39.89.192,ipv4,botnet,high,WHITE,blocklist.de/bots|blocklist.de/all|ziyadnz/hourly-ipv4,blocklist.de|bot|irc-bot|brute-force|ziyadnz|hourly,2026-08-17T18:48:05Z,2026-08-17T18:48:05Z,
54.39.89.193,ipv4,botnet,high,WHITE,blocklist.de/bots|blocklist.de/all|ziyadnz/hourly-ipv4,blocklist.de|bot|irc-bot|brute-force|ziyadnz|hourly,2026-08-17T18:48:05Z,2026-08-17T18:48:05Z,
54.39.89.195,ipv4,botnet,high,WHITE,blocklist.de/bots|blocklist.de/all|ziyadnz/hourly-ipv4,blocklist.de|bot|irc-bot|brute-force|ziyadnz|hourly,2026-08-17T18:48:05Z,2026-08-17T18:48:05Z,
54.39.89.198,ipv4,botnet,high,WHITE,blocklist.de/bots|blocklist.de/all|ziyadnz/hourly-ipv4,blocklist.de|bot|irc-bot|brute-force|ziyadnz|hourly,2026-08-17T18:48:05Z,2026-08-17T18:48:05Z,
54.39.89.20,ipv4,botnet,high,WHITE,blocklist.de/bots|blocklist.de/all|ziyadnz/hourly-ipv4,blocklist.de|bot|irc-bot|brute-force|ziyadnz|hourly,2026-08-17T18:48:05Z,2026-08-17T18:48:05Z,
54.39.89.200,ipv4,botnet,high,WHITE,blocklist.de/bots|blocklist.de/all|ziyadnz/hourly-ipv4,blocklist.de|bot|irc-bot|brute-force|ziyadnz|hourly,2026-08-17T18:48:05Z,2026-08-17T18:48:05Z,
54.39.89.201,ipv4,botnet,high,WHITE,blocklist.de/bots|blocklist.de/all|ziyadnz/hourly-ipv4,blocklist.de|bot|irc-bot|brute-force|ziyadnz|hourly,2026-08-17T18:48:05Z,2026-08-17T18:48:05Z,
54.39.89.203,ipv4,botnet,high,WHITE,blocklist.de/bots|blocklist.de/all|ziyadnz/hourly-ipv4,blocklist.de|bot|irc-bot|brute-force|ziyadnz|hourly,2026-08-17T18:48:05Z,2026-08-17T18:48:05Z,
54.39.89.204,ipv4,botnet,high,WHITE,blocklist.de/bots|blocklist.de/all|ziyadnz/hourly-ipv4,blocklist.de|bot|irc-bot|brute-force|ziyadnz|hourly,2026-08-17T18:48:05Z,2026-08-17T18:48:05Z,
54.39.89.206,ipv4,botnet,high,WHITE,blocklist.de/bots|blocklist.de/all|ziyadnz/hourly-ipv4,blocklist.de|bot|irc-bot|brute-force|ziyadnz|hourly,2026-08-17T18:48:05Z,2026-08-17T18:48:05Z,
54.39.89.209,ipv4,botnet,high,WHITE,blocklist.de/bots|blocklist.de/all|ziyadnz/hourly-ipv4,blocklist.de|bot|irc-bot|brute-force|ziyadnz|hourly,2026-08-17T18:48:05Z,2026-08-17T18:48:05Z,
54.39.89.21,ipv4,botnet,high,WHITE,blocklist.de/bots|blocklist.de/all|ziyadnz/hourly-ipv4,blocklist.de|bot|irc-bot|brute-force|ziyadnz|hourly,2026-08-17T18:48:05Z,2026-08-17T18:48:05Z,
54.39.89.212,ipv4,botnet,high,WHITE,blocklist.de/bots|blocklist.de/all|ziyadnz/hourly-ipv4,blocklist.de|bot|irc-bot|brute-force|ziyadnz|hourly,2026-08-17T18:48:05Z,2026-08-17T18:48:05Z,
54.39.89.214,ipv4,botnet,high,WHITE,blocklist.de/bots|blocklist.de/all|ziyadnz/hourly-ipv4,blocklist.de|bot|irc-bot|brute-force|ziyadnz|hourly,2026-08-17T18:48:05Z,2026-08-17T18:48:05Z,
54.39.89.217,ipv4,botnet,high,WHITE,blocklist.de/bots|blocklist.de/all|ziyadnz/hourly-ipv4,blocklist.de|bot|irc-bot|brute-force|ziyadnz|hourly,2026-08-17T18:48:05Z,2026-08-17T18:48:05Z,
54.39.89.219,ipv4,botnet,high,WHITE,blocklist.de/bots|blocklist.de/all|ziyadnz/hourly-ipv4,blocklist.de|bot|irc-bot|brute-force|ziyadnz|hourly,2026-08-17T18:48:05Z,2026-08-17T18:48:05Z,
54.39.89.221,ipv4,botnet,high,WHITE,blocklist.de/bots|blocklist.de/all|ziyadnz/hourly-ipv4,blocklist.de|bot|irc-bot|brute-force|ziyadnz|hourly,2026-08-17T18:48:05Z,2026-08-17T18:48:05Z,
54.39.89.222,ipv4,botnet,high,WHITE,blocklist.de/bots|blocklist.de/all|ziyadnz/hourly-ipv4,blocklist.de|bot|irc-bot|brute-force|ziyadnz|hourly,2026-08-17T18:48:05Z,2026-08-17T18:48:05Z,
54.39.89.225,ipv4,botnet,high,WHITE,blocklist.de/bots|blocklist.de/all|ziyadnz/hourly-ipv4,blocklist.de|bot|irc-bot|brute-force|ziyadnz|hourly,2026-08-17T18:48:05Z,2026-08-17T18:48:05Z,
54.39.89.226,ipv4,botnet,high,WHITE,blocklist.de/bots|blocklist.de/all|ziyadnz/hourly-ipv4,blocklist.de|bot|irc-bot|brute-force|ziyadnz|hourly,2026-08-17T18:48:05Z,2026-08-17T18:48:05Z,
54.39.89.228,ipv4,botnet,high,WHITE,blocklist.de/bots|blocklist.de/all|ziyadnz/hourly-ipv4,blocklist.de|bot|irc-bot|brute-force|ziyadnz|hourly,2026-08-17T18:48:05Z,2026-08-17T18:48:05Z,
54.39.89.230,ipv4,botnet,high,WHITE,blocklist.de/bots|blocklist.de/all|ziyadnz/hourly-ipv4,blocklist.de|bot|irc-bot|brute-force|ziyadnz|hourly,2026-08-17T18:48:05Z,2026-08-17T18:48:05Z,
54.39.89.231,ipv4,botnet,high,WHITE,blocklist.de/bots|blocklist.de/all|ziyadnz/hourly-ipv4,blocklist.de|bot|irc-bot|brute-force|ziyadnz|hourly,2026-08-17T18:48:05Z,2026-08-17T18:48:05Z,
54.39.89.232,ipv4,botnet,high,WHITE,blocklist.de/bots|blocklist.de/all|ziyadnz/hourly-ipv4,blocklist.de|bot|irc-bot|brute-force|ziyadnz|hourly,2026-08-17T18:48:05Z,2026-08-17T18:48:05Z,
54.39.89.233,ipv4,botnet,high,WHITE,blocklist.de/bots|blocklist.de/all|ziyadnz/hourly-ipv4,blocklist.de|bot|irc-bot|brute-force|ziyadnz|hourly,2026-08-17T18:48:05Z,2026-08-17T18:48:05Z,
54.39.89.234,ipv4,botnet,high,WHITE,blocklist.de/bots|blocklist.de/all|ziyadnz/hourly-ipv4,blocklist.de|bot|irc-bot|brute-force|ziyadnz|hourly,2026-08-17T18:48:05Z,2026-08-17T18:48:05Z,
54.39.89.236,ipv4,botnet,high,WHITE,blocklist.de/bots|blocklist.de/all|ziyadnz/hourly-ipv4,blocklist.de|bot|irc-bot|brute-force|ziyadnz|hourly,2026-08-17T18:48:05Z,2026-08-17T18:48:05Z,
54.39.89.237,ipv4,botnet,high,WHITE,blocklist.de/bots|blocklist.de/all|ziyadnz/hourly-ipv4,blocklist.de|bot|irc-bot|brute-force|ziyadnz|hourly,2026-08-17T18:48:05Z,2026-08-17T18:48:05Z,
54.39.89.238,ipv4,botnet,high,WHITE,blocklist.de/bots|blocklist.de/all|ziyadnz/hourly-ipv4,blocklist.de|bot|irc-bot|brute-force|ziyadnz|hourly,2026-08-17T18:48:05Z,2026-08-17T18:48:05Z,
54.39.89.239,ipv4,botnet,high,WHITE,blocklist.de/bots|blocklist.de/all|ziyadnz/hourly-ipv4,blocklist.de|bot|irc-bot|brute-force|ziyadnz|hourly,2026-08-17T18:48:05Z,2026-08-17T18:48:05Z,
54.39.89.24,ipv4,botnet,high,WHITE,blocklist.de/bots|blocklist.de/all|ziyadnz/hourly-ipv4,blocklist.de|bot|irc-bot|brute-force|ziyadnz|hourly,2026-08-17T18:48:05Z,2026-08-17T18:48:05Z,
54.39.89.241,ipv4,botnet,high,WHITE,blocklist.de/bots|blocklist.de/all|ziyadnz/hourly-ipv4,blocklist.de|bot|irc-bot|brute-force|ziyadnz|hourly,2026-08-17T18:48:05Z,2026-08-17T18:48:05Z,
54.39.89.242,ipv4,botnet,high,WHITE,blocklist.de/bots|blocklist.de/all|ziyadnz/hourly-ipv4,blocklist.de|bot|irc-bot|brute-force|ziyadnz|hourly,2026-08-17T18:48:05Z,2026-08-17T18:48:05Z,
54.39.89.243,ipv4,botnet,high,WHITE,blocklist.de/bots|blocklist.de/all|ziyadnz/hourly-ipv4,blocklist.de|bot|irc-bot|brute-force|ziyadnz|hourly,2026-08-17T18:48:05Z,2026-08-17T18:48:05Z,
54.39.89.247,ipv4,botnet,high,WHITE,blocklist.de/bots|blocklist.de/all|ziyadnz/hourly-ipv4,blocklist.de|bot|irc-bot|brute-force|ziyadnz|hourly,2026-08-17T18:48:05Z,2026-08-17T18:48:05Z,
54.39.89.249,ipv4,botnet,high,WHITE,blocklist.de/bots|blocklist.de/all|ziyadnz/hourly-ipv4,blocklist.de|bot|irc-bot|brute-force|ziyadnz|hourly,2026-08-17T18:48:05Z,2026-08-17T18:48:05Z,
54.39.89.25,ipv4,botnet,high,WHITE,blocklist.de/bots|blocklist.de/all|ziyadnz/hourly-ipv4,blocklist.de|bot|irc-bot|brute-force|ziyadnz|hourly,2026-08-17T18:48:05Z,2026-08-17T18:48:05Z,
54.39.89.254,ipv4,botnet,high,WHITE,blocklist.de/bots|blocklist.de/all|ziyadnz/hourly-ipv4,blocklist.de|bot|irc-bot|brute-force|ziyadnz|hourly,2026-08-17T18:48:05Z,2026-08-17T18:48:05Z,
54.39.89.255,ipv4,botnet,high,WHITE,blocklist.de/bots|blocklist.de/all|ziyadnz/hourly-ipv4,blocklist.de|bot|irc-bot|brute-force|ziyadnz|hourly,2026-08-17T18:48:05Z,2026-08-17T18:48:05Z,
54.39.89.26,ipv4,botnet,high,WHITE,blocklist.de/bots|blocklist.de/all|ziyadnz/hourly-ipv4,blocklist.de|bot|irc-bot|brute-force|ziyadnz|hourly,2026-08-17T18:48:05Z,2026-08-17T18:48:05Z,
54.39.89.27,ipv4,botnet,high,WHITE,blocklist.de/bots|blocklist.de/all|ziyadnz/hourly-ipv4,blocklist.de|bot|irc-bot|brute-force|ziyadnz|hourly,2026-08-17T18:48:05Z,2026-08-17T18:48:05Z,
54.39.89.28,ipv4,botnet,high,WHITE,blocklist.de/bots|blocklist.de/all|ziyadnz/hourly-ipv4,blocklist.de|bot|irc-bot|brute-force|ziyadnz|hourly,2026-08-17T18:48:05Z,2026-08-17T18:48:05Z,
54.39.89.29,ipv4,botnet,high,WHITE,blocklist.de/bots|blocklist.de/all|ziyadnz/hourly-ipv4,blocklist.de|bot|irc-bot|brute-force|ziyadnz|hourly,2026-08-17T18:48:05Z,2026-08-17T18:48:05Z,
54.39.89.30,ipv4,botnet,high,WHITE,blocklist.de/bots|blocklist.de/all|ziyadnz/hourly-ipv4,blocklist.de|bot|irc-bot|brute-force|ziyadnz|hourly,2026-08-17T18:48:05Z,2026-08-17T18:48:05Z,
54.39.89.32,ipv4,botnet,high,WHITE,blocklist.de/bots|blocklist.de/all|ziyadnz/hourly-ipv4,blocklist.de|bot|irc-bot|brute-force|ziyadnz|hourly,2026-08-17T18:48:05Z,2026-08-17T18:48:05Z,
54.39.89.33,ipv4,botnet,high,WHITE,blocklist.de/bots|blocklist.de/all|ziyadnz/hourly-ipv4,blocklist.de|bot|irc-bot|brute-force|ziyadnz|hourly,2026-08-17T18:48:05Z,2026-08-17T18:48:05Z,
54.39.89.35,ipv4,botnet,high,WHITE,blocklist.de/bots|blocklist.de/all|ziyadnz/hourly-ipv4,blocklist.de|bot|irc-bot|brute-force|ziyadnz|hourly,2026-08-17T18:48:05Z,2026-08-17T18:48:05Z,
54.39.89.37,ipv4,botnet,high,WHITE,blocklist.de/bots|blocklist.de/all|ziyadnz/hourly-ipv4,blocklist.de|bot|irc-bot|brute-force|ziyadnz|hourly,2026-08-17T18:48:05Z,2026-08-17T18:48:05Z,
54.39.89.38,ipv4,botnet,high,WHITE,blocklist.de/bots|blocklist.de/all|ziyadnz/hourly-ipv4,blocklist.de|bot|irc-bot|brute-force|ziyadnz|hourly,2026-08-17T18:48:05Z,2026-08-17T18:48:05Z,
54.39.89.39,ipv4,botnet,high,WHITE,blocklist.de/bots|blocklist.de/all|ziyadnz/hourly-ipv4,blocklist.de|bot|irc-bot|brute-force|ziyadnz|hourly,2026-08-17T18:48:05Z,2026-08-17T18:48:05Z,
54.39.89.4,ipv4,botnet,high,WHITE,blocklist.de/bots|blocklist.de/all|ziyadnz/hourly-ipv4,blocklist.de|bot|irc-bot|brute-force|ziyadnz|hourly,2026-08-17T18:48:05Z,2026-08-17T18:48:05Z,
54.39.89.42,ipv4,botnet,high,WHITE,blocklist.de/bots|blocklist.de/all|ziyadnz/hourly-ipv4,blocklist.de|bot|irc-bot|brute-force|ziyadnz|hourly,2026-08-17T18:48:05Z,2026-08-17T18:48:05Z,
54.39.89.44,ipv4,botnet,high,WHITE,blocklist.de/bots|blocklist.de/all|ziyadnz/hourly-ipv4,blocklist.de|bot|irc-bot|brute-force|ziyadnz|hourly,2026-08-17T18:48:05Z,2026-08-17T18:48:05Z,
54.39.89.46,ipv4,botnet,high,WHITE,blocklist.de/bots|blocklist.de/all|ziyadnz/hourly-ipv4,blocklist.de|bot|irc-bot|brute-force|ziyadnz|hourly,2026-08-17T18:48:05Z,2026-08-17T18:48:05Z,
54.39.89.47,ipv4,botnet,high,WHITE,blocklist.de/bots|blocklist.de/all|ziyadnz/hourly-ipv4,blocklist.de|bot|irc-bot|brute-force|ziyadnz|hourly,2026-08-17T18:48:05Z,2026-08-17T18:48:05Z,
54.39.89.48,ipv4,botnet,high,WHITE,blocklist.de/bots|blocklist.de/all|ziyadnz/hourly-ipv4,blocklist.de|bot|irc-bot|brute-force|ziyadnz|hourly,2026-08-17T18:48:05Z,2026-08-17T18:48:05Z,
54.39.89.50,ipv4,botnet,high,WHITE,blocklist.de/bots|blocklist.de/all|ziyadnz/hourly-ipv4,blocklist.de|bot|irc-bot|brute-force|ziyadnz|hourly,2026-08-17T18:48:05Z,2026-08-17T18:48:05Z,
54.39.89.51,ipv4,botnet,high,WHITE,blocklist.de/bots|blocklist.de/all|ziyadnz/hourly-ipv4,blocklist.de|bot|irc-bot|brute-force|ziyadnz|hourly,2026-08-17T18:48:05Z,2026-08-17T18:48:05Z,
54.39.89.52,ipv4,botnet,high,WHITE,blocklist.de/bots|blocklist.de/all|ziyadnz/hourly-ipv4,blocklist.de|bot|irc-bot|brute-force|ziyadnz|hourly,2026-08-17T18:48:05Z,2026-08-17T18:48:05Z,
54.39.89.53,ipv4,botnet,high,WHITE,blocklist.de/bots|blocklist.de/all|ziyadnz/hourly-ipv4,blocklist.de|bot|irc-bot|brute-force|ziyadnz|hourly,2026-08-17T18:48:05Z,2026-08-17T18:48:05Z,
54.39.89.54,ipv4,botnet,high,WHITE,blocklist.de/bots|blocklist.de/all|ziyadnz/hourly-ipv4,blocklist.de|bot|irc-bot|brute-force|ziyadnz|hourly,2026-08-17T18:48:05Z,2026-08-17T18:48:05Z,
54.39.89.55,ipv4,botnet,high,WHITE,blocklist.de/bots|blocklist.de/all|ziyadnz/hourly-ipv4,blocklist.de|bot|irc-bot|brute-force|ziyadnz|hourly,2026-08-17T18:48:05Z,2026-08-17T18:48:05Z,
54.39.89.56,ipv4,botnet,high,WHITE,blocklist.de/bots|blocklist.de/all|ziyadnz/hourly-ipv4,blocklist.de|bot|irc-bot|brute-force|ziyadnz|hourly,2026-08-17T18:48:05Z,2026-08-17T18:48:05Z,
54.39.89.58,ipv4,botnet,high,WHITE,blocklist.de/bots|blocklist.de/all|ziyadnz/hourly-ipv4,blocklist.de|bot|irc-bot|brute-force|ziyadnz|hourly,2026-08-17T18:48:05Z,2026-08-17T18:48:05Z,
54.39.89.59,ipv4,botnet,high,WHITE,blocklist.de/bots|blocklist.de/all|ziyadnz/hourly-ipv4,blocklist.de|bot|irc-bot|brute-force|ziyadnz|hourly,2026-08-17T18:48:05Z,2026-08-17T18:48:05Z,
54.39.89.60,ipv4,botnet,high,WHITE,blocklist.de/bots|blocklist.de/all|ziyadnz/hourly-ipv4,blocklist.de|bot|irc-bot|brute-force|ziyadnz|hourly,2026-08-17T18:48:05Z,2026-08-17T18:48:05Z,
54.39.89.61,ipv4,botnet,high,WHITE,blocklist.de/bots|blocklist.de/all|ziyadnz/hourly-ipv4,blocklist.de|bot|irc-bot|brute-force|ziyadnz|hourly,2026-08-17T18:48:05Z,2026-08-17T18:48:05Z,
54.39.89.62,ipv4,botnet,high,WHITE,blocklist.de/bots|blocklist.de/all|ziyadnz/hourly-ipv4,blocklist.de|bot|irc-bot|brute-force|ziyadnz|hourly,2026-08-17T18:48:05Z,2026-08-17T18:48:05Z,
54.39.89.64,ipv4,botnet,high,WHITE,blocklist.de/bots|blocklist.de/all|ziyadnz/hourly-ipv4,blocklist.de|bot|irc-bot|brute-force|ziyadnz|hourly,2026-08-17T18:48:05Z,2026-08-17T18:48:05Z,
54.39.89.72,ipv4,botnet,high,WHITE,blocklist.de/bots|blocklist.de/all|ziyadnz/hourly-ipv4,blocklist.de|bot|irc-bot|brute-force|ziyadnz|hourly,2026-08-17T18:48:05Z,2026-08-17T18:48:05Z,
54.39.89.74,ipv4,botnet,high,WHITE,blocklist.de/bots|blocklist.de/all|ziyadnz/hourly-ipv4,blocklist.de|bot|irc-bot|brute-force|ziyadnz|hourly,2026-08-17T18:48:05Z,2026-08-17T18:48:05Z,
54.39.89.75,ipv4,botnet,high,WHITE,blocklist.de/bots|blocklist.de/all|ziyadnz/hourly-ipv4,blocklist.de|bot|irc-bot|brute-force|ziyadnz|hourly,2026-08-17T18:48:05Z,2026-08-17T18:48:05Z,
54.39.89.76,ipv4,botnet,high,WHITE,blocklist.de/bots|blocklist.de/all|ziyadnz/hourly-ipv4,blocklist.de|bot|irc-bot|brute-force|ziyadnz|hourly,2026-08-17T18:48:05Z,2026-08-17T18:48:05Z,
54.39.89.77,ipv4,botnet,high,WHITE,blocklist.de/bots|blocklist.de/all|ziyadnz/hourly-ipv4,blocklist.de|bot|irc-bot|brute-force|ziyadnz|hourly,2026-08-17T18:48:05Z,2026-08-17T18:48:05Z,
54.39.89.78,ipv4,botnet,high,WHITE,blocklist.de/bots|blocklist.de/all|ziyadnz/hourly-ipv4,blocklist.de|bot|irc-bot|brute-force|ziyadnz|hourly,2026-08-17T18:48:05Z,2026-08-17T18:48:05Z,
54.39.89.79,ipv4,botnet,high,WHITE,blocklist.de/bots|blocklist.de/all|ziyadnz/hourly-ipv4,blocklist.de|bot|irc-bot|brute-force|ziyadnz|hourly,2026-08-17T18:48:05Z,2026-08-17T18:48:05Z,
54.39.89.8,ipv4,botnet,high,WHITE,blocklist.de/bots|blocklist.de/all|ziyadnz/hourly-ipv4,blocklist.de|bot|irc-bot|brute-force|ziyadnz|hourly,2026-08-17T18:48:05Z,2026-08-17T18:48:05Z,
54.39.89.80,ipv4,botnet,high,WHITE,blocklist.de/bots|blocklist.de/all|ziyadnz/hourly-ipv4,blocklist.de|bot|irc-bot|brute-force|ziyadnz|hourly,2026-08-17T18:48:05Z,2026-08-17T18:48:05Z,
54.39.89.81,ipv4,botnet,high,WHITE,blocklist.de/bots|blocklist.de/all|ziyadnz/hourly-ipv4,blocklist.de|bot|irc-bot|brute-force|ziyadnz|hourly,2026-08-17T18:48:05Z,2026-08-17T18:48:05Z,
54.39.89.82,ipv4,botnet,high,WHITE,blocklist.de/bots|blocklist.de/all|ziyadnz/hourly-ipv4,blocklist.de|bot|irc-bot|brute-force|ziyadnz|hourly,2026-08-17T18:48:05Z,2026-08-17T18:48:05Z,
54.39.89.83,ipv4,botnet,high,WHITE,blocklist.de/bots|blocklist.de/all|ziyadnz/hourly-ipv4,blocklist.de|bot|irc-bot|brute-force|ziyadnz|hourly,2026-08-17T18:48:05Z,2026-08-17T18:48:05Z,
54.39.89.85,ipv4,botnet,high,WHITE,blocklist.de/bots|blocklist.de/all|ziyadnz/hourly-ipv4,blocklist.de|bot|irc-bot|brute-force|ziyadnz|hourly,2026-08-17T18:48:05Z,2026-08-17T18:48:05Z,
54.39.89.89,ipv4,botnet,high,WHITE,blocklist.de/bots|blocklist.de/all|ziyadnz/hourly-ipv4,blocklist.de|bot|irc-bot|brute-force|ziyadnz|hourly,2026-08-17T18:48:05Z,2026-08-17T18:48:05Z,
54.39.89.9,ipv4,botnet,high,WHITE,blocklist.de/bots|blocklist.de/all|ziyadnz/hourly-ipv4,blocklist.de|bot|irc-bot|brute-force|ziyadnz|hourly,2026-08-17T18:48:05Z,2026-08-17T18:48:05Z,
54.39.89.90,ipv4,botnet,high,WHITE,blocklist.de/bots|blocklist.de/all|ziyadnz/hourly-ipv4,blocklist.de|bot|irc-bot|brute-force|ziyadnz|hourly,2026-08-17T18:48:05Z,2026-08-17T18:48:05Z,
54.39.89.91,ipv4,botnet,high,WHITE,blocklist.de/bots|blocklist.de/all|ziyadnz/hourly-ipv4,blocklist.de|bot|irc-bot|brute-force|ziyadnz|hourly,2026-08-17T18:48:05Z,2026-08-17T18:48:05Z,
54.39.89.93,ipv4,botnet,high,WHITE,blocklist.de/bots|blocklist.de/all|ziyadnz/hourly-ipv4,blocklist.de|bot|irc-bot|brute-force|ziyadnz|hourly,2026-08-17T18:48:05Z,2026-08-17T18:48:05Z,
54.39.89.94,ipv4,botnet,high,WHITE,blocklist.de/bots|blocklist.de/all|ziyadnz/hourly-ipv4,blocklist.de|bot|irc-bot|brute-force|ziyadnz|hourly,2026-08-17T18:48:05Z,2026-08-17T18:48:05Z,
54.39.89.96,ipv4,botnet,high,WHITE,blocklist.de/bots|blocklist.de/all|ziyadnz/hourly-ipv4,blocklist.de|bot|irc-bot|brute-force|ziyadnz|hourly,2026-08-17T18:48:05Z,2026-08-17T18:48:05Z,
54.39.89.98,ipv4,botnet,high,WHITE,blocklist.de/bots|blocklist.de/all|ziyadnz/hourly-ipv4,blocklist.de|bot|irc-bot|brute-force|ziyadnz|hourly,2026-08-17T18:48:05Z,2026-08-17T18:48:05Z,
58.169.88.14,ipv4,botnet,high,WHITE,blocklist.de/bots|blocklist.de/all|ziyadnz/hourly-ipv4,blocklist.de|bot|irc-bot|brute-force|ziyadnz|hourly,2026-08-17T18:48:05Z,2026-08-17T18:48:05Z,
58.65.217.41,ipv4,botnet,high,WHITE,blocklist.de/bots|blocklist.de/all|ziyadnz/hourly-ipv4,blocklist.de|bot|irc-bot|brute-force|ziyadnz|hourly,2026-08-17T18:48:05Z,2026-08-17T18:48:05Z,
59.103.104.34,ipv4,botnet,high,WHITE,blocklist.de/bots|blocklist.de/all|ziyadnz/hourly-ipv4,blocklist.de|bot|irc-bot|brute-force|ziyadnz|hourly,2026-08-17T18:48:05Z,2026-08-17T18:48:05Z,
59.103.40.13,ipv4,botnet,high,WHITE,blocklist.de/bots|blocklist.de/all|ziyadnz/hourly-ipv4,blocklist.de|bot|irc-bot|brute-force|ziyadnz|hourly,2026-08-17T18:48:05Z,2026-08-17T18:48:05Z,
59.103.46.206,ipv4,botnet,high,WHITE,blocklist.de/bots|blocklist.de/all|ziyadnz/hourly-ipv4,blocklist.de|bot|irc-bot|brute-force|ziyadnz|hourly,2026-08-17T18:48:05Z,2026-08-17T18:48:05Z,
59.144.214.78,ipv4,botnet,high,WHITE,blocklist.de/bots|blocklist.de/all|ziyadnz/hourly-ipv4,blocklist.de|bot|irc-bot|brute-force|ziyadnz|hourly,2026-08-17T18:48:05Z,2026-08-17T18:48:05Z,
59.178.153.91,ipv4,botnet,high,WHITE,blocklist.de/bots|blocklist.de/all|ziyadnz/hourly-ipv4,blocklist.de|bot|irc-bot|brute-force|ziyadnz|hourly,2026-08-17T18:48:05Z,2026-08-17T18:48:05Z,
59.178.162.120,ipv4,botnet,high,WHITE,blocklist.de/bots|blocklist.de/all|ziyadnz/hourly-ipv4,blocklist.de|bot|irc-bot|brute-force|ziyadnz|hourly,2026-08-17T18:48:05Z,2026-08-17T18:48:05Z,
59.183.243.42,ipv4,botnet,high,WHITE,blocklist.de/bots|blocklist.de/all|ziyadnz/hourly-ipv4,blocklist.de|bot|irc-bot|brute-force|ziyadnz|hourly,2026-08-17T18:48:05Z,2026-08-17T18:48:05Z,
59.88.207.190,ipv4,botnet,high,WHITE,blocklist.de/bots|blocklist.de/all|ziyadnz/hourly-ipv4,blocklist.de|bot|irc-bot|brute-force|ziyadnz|hourly,2026-08-17T18:48:05Z,2026-08-17T18:48:05Z,
59.93.11.189,ipv4,botnet,high,WHITE,blocklist.de/bots|blocklist.de/all|ziyadnz/hourly-ipv4,blocklist.de|bot|irc-bot|brute-force|ziyadnz|hourly,2026-08-17T18:48:05Z,2026-08-17T18:48:05Z,
59.93.90.61,ipv4,botnet,high,WHITE,blocklist.de/bots|blocklist.de/all|ziyadnz/hourly-ipv4,blocklist.de|bot|irc-bot|brute-force|ziyadnz|hourly,2026-08-17T18:48:05Z,2026-08-17T18:48:05Z,
59.96.39.15,ipv4,botnet,high,WHITE,blocklist.de/bots|blocklist.de/all|ziyadnz/hourly-ipv4,blocklist.de|bot|irc-bot|brute-force|ziyadnz|hourly,2026-08-17T18:48:05Z,2026-08-17T18:48:05Z,
59.99.185.247,ipv4,botnet,high,WHITE,blocklist.de/bots|blocklist.de/all|ziyadnz/hourly-ipv4,blocklist.de|bot|irc-bot|brute-force|ziyadnz|hourly,2026-08-17T18:48:05Z,2026-08-17T18:48:05Z,
60.51.84.253,ipv4,botnet,high,WHITE,blocklist.de/bots|blocklist.de/all|ziyadnz/hourly-ipv4,blocklist.de|bot|irc-bot|brute-force|ziyadnz|hourly,2026-08-17T18:48:05Z,2026-08-17T18:48:05Z,
60.52.184.21,ipv4,botnet,high,WHITE,blocklist.de/bots|blocklist.de/all|ziyadnz/hourly-ipv4,blocklist.de|bot|irc-bot|brute-force|ziyadnz|hourly,2026-08-17T18:48:05Z,2026-08-17T18:48:05Z,
60.52.79.184,ipv4,botnet,high,WHITE,blocklist.de/bots|blocklist.de/all|ziyadnz/hourly-ipv4,blocklist.de|bot|irc-bot|brute-force|ziyadnz|hourly,2026-08-17T18:48:05Z,2026-08-17T18:48:05Z,
60.54.100.36,ipv4,botnet,high,WHITE,blocklist.de/bots|blocklist.de/all|ziyadnz/hourly-ipv4,blocklist.de|bot|irc-bot|brute-force|ziyadnz|hourly,2026-08-17T18:48:05Z,2026-08-17T18:48:05Z,
61.0.209.47,ipv4,botnet,high,WHITE,blocklist.de/bots|blocklist.de/all|ziyadnz/hourly-ipv4,blocklist.de|bot|irc-bot|brute-force|ziyadnz|hourly,2026-08-17T18:48:05Z,2026-08-17T18:48:05Z,
61.0.61.11,ipv4,botnet,high,WHITE,blocklist.de/bots|blocklist.de/all|ziyadnz/hourly-ipv4,blocklist.de|bot|irc-bot|brute-force|ziyadnz|hourly,2026-08-17T18:48:05Z,2026-08-17T18:48:05Z,
61.228.187.37,ipv4,botnet,high,WHITE,blocklist.de/bots|blocklist.de/all|ziyadnz/hourly-ipv4,blocklist.de|bot|irc-bot|brute-force|ziyadnz|hourly,2026-08-17T18:48:05Z,2026-08-17T18:48:05Z,
61.238.27.209,ipv4,botnet,high,WHITE,blocklist.de/bots|blocklist.de/all|ziyadnz/hourly-ipv4,blocklist.de|bot|irc-bot|brute-force|ziyadnz|hourly,2026-08-17T18:48:05Z,2026-08-17T18:48:05Z,
61.3.14.46,ipv4,botnet,high,WHITE,blocklist.de/bots|blocklist.de/all|ziyadnz/hourly-ipv4,blocklist.de|bot|irc-bot|brute-force|ziyadnz|hourly,2026-08-17T18:48:05Z,2026-08-17T18:48:05Z,
62.133.45.2,ipv4,botnet,high,WHITE,blocklist.de/bots|blocklist.de/all|ziyadnz/hourly-ipv4,blocklist.de|bot|irc-bot|brute-force|ziyadnz|hourly,2026-08-17T18:48:05Z,2026-08-17T18:48:05Z,
62.167.164.171,ipv4,botnet,high,WHITE,blocklist.de/bots|blocklist.de/all|ziyadnz/hourly-ipv4,blocklist.de|bot|irc-bot|brute-force|ziyadnz|hourly,2026-08-17T18:48:05Z,2026-08-17T18:48:05Z,
62.201.241.10,ipv4,botnet,high,WHITE,blocklist.de/bots|blocklist.de/all|ziyadnz/hourly-ipv4,blocklist.de|bot|irc-bot|brute-force|ziyadnz|hourly,2026-08-17T18:48:05Z,2026-08-17T18:48:05Z,
62.60.166.51,ipv4,botnet,high,WHITE,blocklist.de/bots|blocklist.de/all|ziyadnz/hourly-ipv4,blocklist.de|bot|irc-bot|brute-force|ziyadnz|hourly,2026-08-17T18:48:05Z,2026-08-17T18:48:05Z,
62.84.185.67,ipv4,botnet,high,WHITE,blocklist.de/bots|blocklist.de/all|ziyadnz/hourly-ipv4,blocklist.de|bot|irc-bot|brute-force|ziyadnz|hourly,2026-08-17T18:48:05Z,2026-08-17T18:48:05Z,
64.226.98.14,ipv4,botnet,high,WHITE,blocklist.de/bots|blocklist.de/all|ziyadnz/hourly-ipv4,blocklist.de|bot|irc-bot|brute-force|ziyadnz|hourly,2026-08-17T18:48:05Z,2026-08-17T18:48:05Z,
64.227.54.230,ipv4,botnet,high,WHITE,blocklist.de/bots|blocklist.de/all|ziyadnz/hourly-ipv4,blocklist.de|bot|irc-bot|brute-force|ziyadnz|hourly,2026-08-17T18:48:05Z,2026-08-17T18:48:05Z,
64.227.8.55,ipv4,botnet,high,WHITE,blocklist.de/bots|blocklist.de/all|ziyadnz/hourly-ipv4,blocklist.de|bot|irc-bot|brute-force|ziyadnz|hourly,2026-08-17T18:48:05Z,2026-08-17T18:48:05Z,
64.23.133.186,ipv4,botnet,high,WHITE,blocklist.de/bots|blocklist.de/all|ziyadnz/hourly-ipv4,blocklist.de|bot|irc-bot|brute-force|ziyadnz|hourly,2026-08-17T18:48:05Z,2026-08-17T18:48:05Z,
65.111.30.221,ipv4,botnet,high,WHITE,blocklist.de/bots|blocklist.de/all|ziyadnz/hourly-ipv4,blocklist.de|bot|irc-bot|brute-force|ziyadnz|hourly,2026-08-17T18:48:05Z,2026-08-17T18:48:05Z,
65.181.14.95,ipv4,botnet,high,WHITE,blocklist.de/bots|blocklist.de/all|ziyadnz/hourly-ipv4,blocklist.de|bot|irc-bot|brute-force|ziyadnz|hourly,2026-08-17T18:48:05Z,2026-08-17T18:48:05Z,
65.20.165.115,ipv4,botnet,high,WHITE,blocklist.de/bots|blocklist.de/all|ziyadnz/hourly-ipv4,blocklist.de|bot|irc-bot|brute-force|ziyadnz|hourly,2026-08-17T18:48:05Z,2026-08-17T18:48:05Z,
65.20.165.211,ipv4,botnet,high,WHITE,blocklist.de/bots|blocklist.de/all|ziyadnz/hourly-ipv4,blocklist.de|bot|irc-bot|brute-force|ziyadnz|hourly,2026-08-17T18:48:05Z,2026-08-17T18:48:05Z,
65.55.210.12,ipv4,botnet,high,WHITE,blocklist.de/bots|blocklist.de/all|ziyadnz/hourly-ipv4,blocklist.de|bot|irc-bot|brute-force|ziyadnz|hourly,2026-08-17T18:48:05Z,2026-08-17T18:48:05Z,
65.55.210.19,ipv4,botnet,high,WHITE,blocklist.de/bots|blocklist.de/all|ziyadnz/hourly-ipv4,blocklist.de|bot|irc-bot|brute-force|ziyadnz|hourly,2026-08-17T18:48:05Z,2026-08-17T18:48:05Z,
65.92.161.220,ipv4,botnet,high,WHITE,blocklist.de/bots|blocklist.de/all|ziyadnz/hourly-ipv4,blocklist.de|bot|irc-bot|brute-force|ziyadnz|hourly,2026-08-17T18:48:05Z,2026-08-17T18:48:05Z,
66.102.6.163,ipv4,botnet,high,WHITE,blocklist.de/bots|blocklist.de/all|ziyadnz/hourly-ipv4,blocklist.de|bot|irc-bot|brute-force|ziyadnz|hourly,2026-08-17T18:48:05Z,2026-08-17T18:48:05Z,
66.102.6.164,ipv4,botnet,high,WHITE,blocklist.de/bots|blocklist.de/all|ziyadnz/hourly-ipv4,blocklist.de|bot|irc-bot|brute-force|ziyadnz|hourly,2026-08-17T18:48:05Z,2026-08-17T18:48:05Z,
66.102.6.165,ipv4,botnet,high,WHITE,blocklist.de/bots|blocklist.de/all|ziyadnz/hourly-ipv4,blocklist.de|bot|irc-bot|brute-force|ziyadnz|hourly,2026-08-17T18:48:05Z,2026-08-17T18:48:05Z,
66.132.172.177,ipv4,botnet,high,WHITE,blocklist.de/bots|blocklist.de/all|ziyadnz/hourly-ipv4,blocklist.de|bot|irc-bot|brute-force|ziyadnz|hourly,2026-08-17T18:48:05Z,2026-08-17T18:48:05Z,
66.228.36.223,ipv4,botnet,high,WHITE,blocklist.de/bots|blocklist.de/all|ziyadnz/hourly-ipv4,blocklist.de|bot|irc-bot|brute-force|ziyadnz|hourly,2026-08-17T18:48:05Z,2026-08-17T18:48:05Z,
66.249.72.36,ipv4,botnet,high,WHITE,blocklist.de/bots|blocklist.de/all|ziyadnz/hourly-ipv4,blocklist.de|bot|irc-bot|brute-force|ziyadnz|hourly,2026-08-17T18:48:05Z,2026-08-17T18:48:05Z,
66.42.56.47,ipv4,botnet,high,WHITE,blocklist.de/bots|blocklist.de/all|ziyadnz/hourly-ipv4,blocklist.de|bot|irc-bot|brute-force|ziyadnz|hourly,2026-08-17T18:48:05Z,2026-08-17T18:48:05Z,
66.9.168.197,ipv4,botnet,high,WHITE,blocklist.de/bots|blocklist.de/all|ziyadnz/hourly-ipv4,blocklist.de|bot|irc-bot|brute-force|ziyadnz|hourly,2026-08-17T18:48:05Z,2026-08-17T18:48:05Z,
66.97.208.206,ipv4,botnet,high,WHITE,blocklist.de/bots|blocklist.de/all|ziyadnz/hourly-ipv4,blocklist.de|bot|irc-bot|brute-force|ziyadnz|hourly,2026-08-17T18:48:05Z,2026-08-17T18:48:05Z,
68.100.73.21,ipv4,botnet,high,WHITE,blocklist.de/bots|blocklist.de/all|ziyadnz/hourly-ipv4,blocklist.de|bot|irc-bot|brute-force|ziyadnz|hourly,2026-08-17T18:48:05Z,2026-08-17T18:48:05Z,
68.59.149.145,ipv4,botnet,high,WHITE,blocklist.de/bots|blocklist.de/all|ziyadnz/hourly-ipv4,blocklist.de|bot|irc-bot|brute-force|ziyadnz|hourly,2026-08-17T18:48:05Z,2026-08-17T18:48:05Z,
68.69.177.102,ipv4,botnet,high,WHITE,blocklist.de/bots|blocklist.de/all|ziyadnz/hourly-ipv4,blocklist.de|bot|irc-bot|brute-force|ziyadnz|hourly,2026-08-17T18:48:05Z,2026-08-17T18:48:05Z,
72.130.112.27,ipv4,botnet,high,WHITE,blocklist.de/bots|blocklist.de/all|ziyadnz/hourly-ipv4,blocklist.de|bot|irc-bot|brute-force|ziyadnz|hourly,2026-08-17T18:48:05Z,2026-08-17T18:48:05Z,
72.255.10.32,ipv4,botnet,high,WHITE,blocklist.de/bots|blocklist.de/all|ziyadnz/hourly-ipv4,blocklist.de|bot|irc-bot|brute-force|ziyadnz|hourly,2026-08-17T18:48:05Z,2026-08-17T18:48:05Z,
72.255.9.39,ipv4,botnet,high,WHITE,blocklist.de/bots|blocklist.de/all|ziyadnz/hourly-ipv4,blocklist.de|bot|irc-bot|brute-force|ziyadnz|hourly,2026-08-17T18:48:05Z,2026-08-17T18:48:05Z,
73.168.26.29,ipv4,botnet,high,WHITE,blocklist.de/bots|blocklist.de/all|ziyadnz/hourly-ipv4,blocklist.de|bot|irc-bot|brute-force|ziyadnz|hourly,2026-08-17T18:48:05Z,2026-08-17T18:48:05Z,
74.125.208.107,ipv4,botnet,high,WHITE,blocklist.de/bots|blocklist.de/all|ziyadnz/hourly-ipv4,blocklist.de|bot|irc-bot|brute-force|ziyadnz|hourly,2026-08-17T18:48:05Z,2026-08-17T18:48:05Z,
74.125.208.167,ipv4,botnet,high,WHITE,blocklist.de/bots|blocklist.de/all|ziyadnz/hourly-ipv4,blocklist.de|bot|irc-bot|brute-force|ziyadnz|hourly,2026-08-17T18:48:05Z,2026-08-17T18:48:05Z,
74.139.84.244,ipv4,botnet,high,WHITE,blocklist.de/bots|blocklist.de/all|ziyadnz/hourly-ipv4,blocklist.de|bot|irc-bot|brute-force|ziyadnz|hourly,2026-08-17T18:48:05Z,2026-08-17T18:48:05Z,
74.207.234.126,ipv4,botnet,high,WHITE,blocklist.de/bots|blocklist.de/all|ziyadnz/hourly-ipv4,blocklist.de|bot|irc-bot|brute-force|ziyadnz|hourly,2026-08-17T18:48:05Z,2026-08-17T18:48:05Z,
74.208.63.76,ipv4,botnet,high,WHITE,blocklist.de/bots|blocklist.de/all|ziyadnz/hourly-ipv4,blocklist.de|bot|irc-bot|brute-force|ziyadnz|hourly,2026-08-17T18:48:05Z,2026-08-17T18:48:05Z,
74.244.13.88,ipv4,botnet,high,WHITE,blocklist.de/bots|blocklist.de/all|ziyadnz/hourly-ipv4,blocklist.de|bot|irc-bot|brute-force|ziyadnz|hourly,2026-08-17T18:48:05Z,2026-08-17T18:48:05Z,
74.244.195.254,ipv4,botnet,high,WHITE,blocklist.de/bots|blocklist.de/all|ziyadnz/hourly-ipv4,blocklist.de|bot|irc-bot|brute-force|ziyadnz|hourly,2026-08-17T18:48:05Z,2026-08-17T18:48:05Z,
74.63.207.133,ipv4,botnet,high,WHITE,blocklist.de/bots|blocklist.de/all|ziyadnz/hourly-ipv4,blocklist.de|bot|irc-bot|brute-force|ziyadnz|hourly,2026-08-17T18:48:05Z,2026-08-17T18:48:05Z,
74.7.227.149,ipv4,botnet,high,WHITE,blocklist.de/bots|blocklist.de/all|ziyadnz/hourly-ipv4,blocklist.de|bot|irc-bot|brute-force|ziyadnz|hourly,2026-08-17T18:48:05Z,2026-08-17T18:48:05Z,
74.7.242.40,ipv4,botnet,high,WHITE,blocklist.de/bots|blocklist.de/all|ziyadnz/hourly-ipv4,blocklist.de|bot|irc-bot|brute-force|ziyadnz|hourly,2026-08-17T18:48:05Z,2026-08-17T18:48:05Z,
74.7.243.240,ipv4,botnet,high,WHITE,blocklist.de/bots|blocklist.de/all|ziyadnz/hourly-ipv4,blocklist.de|bot|irc-bot|brute-force|ziyadnz|hourly,2026-08-17T18:48:05Z,2026-08-17T18:48:05Z,
77.221.3.114,ipv4,botnet,high,WHITE,blocklist.de/bots|blocklist.de/all|ziyadnz/hourly-ipv4,blocklist.de|bot|irc-bot|brute-force|ziyadnz|hourly,2026-08-17T18:48:05Z,2026-08-17T18:48:05Z,
77.234.91.68,ipv4,botnet,high,WHITE,blocklist.de/bots|blocklist.de/all|ziyadnz/hourly-ipv4,blocklist.de|bot|irc-bot|brute-force|ziyadnz|hourly,2026-08-17T18:48:05Z,2026-08-17T18:48:05Z,
77.246.68.227,ipv4,botnet,high,WHITE,blocklist.de/bots|blocklist.de/all|ziyadnz/hourly-ipv4,blocklist.de|bot|irc-bot|brute-force|ziyadnz|hourly,2026-08-17T18:48:05Z,2026-08-17T18:48:05Z,
77.90.185.230,ipv4,botnet,high,WHITE,blocklist.de/bots|blocklist.de/all|ziyadnz/hourly-ipv4,blocklist.de|bot|irc-bot|brute-force|ziyadnz|hourly,2026-08-17T18:48:05Z,2026-08-17T18:48:05Z,
77.91.191.29,ipv4,botnet,high,WHITE,blocklist.de/bots|blocklist.de/all|ziyadnz/hourly-ipv4,blocklist.de|bot|irc-bot|brute-force|ziyadnz|hourly,2026-08-17T18:48:05Z,2026-08-17T18:48:05Z,
77.91.71.91,ipv4,botnet,high,WHITE,blocklist.de/bots|blocklist.de/all|ziyadnz/hourly-ipv4,blocklist.de|bot|irc-bot|brute-force|ziyadnz|hourly,2026-08-17T18:48:05Z,2026-08-17T18:48:05Z,
78.170.217.230,ipv4,botnet,high,WHITE,blocklist.de/bots|blocklist.de/all|ziyadnz/hourly-ipv4,blocklist.de|bot|irc-bot|brute-force|ziyadnz|hourly,2026-08-17T18:48:05Z,2026-08-17T18:48:05Z,
79.115.155.68,ipv4,botnet,high,WHITE,blocklist.de/bots|blocklist.de/all|ziyadnz/hourly-ipv4,blocklist.de|bot|irc-bot|brute-force|ziyadnz|hourly,2026-08-17T18:48:05Z,2026-08-17T18:48:05Z,
79.127.181.102,ipv4,botnet,high,WHITE,blocklist.de/bots|blocklist.de/all|ziyadnz/hourly-ipv4,blocklist.de|bot|irc-bot|brute-force|ziyadnz|hourly,2026-08-17T18:48:05Z,2026-08-17T18:48:05Z,
79.127.181.18,ipv4,botnet,high,WHITE,blocklist.de/bots|blocklist.de/all|ziyadnz/hourly-ipv4,blocklist.de|bot|irc-bot|brute-force|ziyadnz|hourly,2026-08-17T18:48:05Z,2026-08-17T18:48:05Z,
79.127.181.28,ipv4,botnet,high,WHITE,blocklist.de/bots|blocklist.de/all|ziyadnz/hourly-ipv4,blocklist.de|bot|irc-bot|brute-force|ziyadnz|hourly,2026-08-17T18:48:05Z,2026-08-17T18:48:05Z,
79.177.133.176,ipv4,botnet,high,WHITE,blocklist.de/bots|blocklist.de/all|ziyadnz/hourly-ipv4,blocklist.de|bot|irc-bot|brute-force|ziyadnz|hourly,2026-08-17T18:48:05Z,2026-08-17T18:48:05Z,
79.177.139.47,ipv4,botnet,high,WHITE,blocklist.de/bots|blocklist.de/all|ziyadnz/hourly-ipv4,blocklist.de|bot|irc-bot|brute-force|ziyadnz|hourly,2026-08-17T18:48:05Z,2026-08-17T18:48:05Z,
8.156.90.205,ipv4,botnet,high,WHITE,blocklist.de/bots|blocklist.de/all|ziyadnz/hourly-ipv4,blocklist.de|bot|irc-bot|brute-force|ziyadnz|hourly,2026-08-17T18:48:05Z,2026-08-17T18:48:05Z,
8.211.199.59,ipv4,botnet,high,WHITE,blocklist.de/bots|blocklist.de/all|ziyadnz/hourly-ipv4,blocklist.de|bot|irc-bot|brute-force|ziyadnz|hourly,2026-08-17T18:48:05Z,2026-08-17T18:48:05Z,
8.211.27.182,ipv4,botnet,high,WHITE,blocklist.de/bots|blocklist.de/all|ziyadnz/hourly-ipv4,blocklist.de|bot|irc-bot|brute-force|ziyadnz|hourly,2026-08-17T18:48:05Z,2026-08-17T18:48:05Z,
8.216.5.90,ipv4,botnet,high,WHITE,blocklist.de/bots|blocklist.de/all|ziyadnz/hourly-ipv4,blocklist.de|bot|irc-bot|brute-force|ziyadnz|hourly,2026-08-17T18:48:05Z,2026-08-17T18:48:05Z,
8.229.14.32,ipv4,botnet,high,WHITE,blocklist.de/bots|blocklist.de/all|ziyadnz/hourly-ipv4,blocklist.de|bot|irc-bot|brute-force|ziyadnz|hourly,2026-08-17T18:48:05Z,2026-08-17T18:48:05Z,
8.229.223.205,ipv4,botnet,high,WHITE,blocklist.de/bots|blocklist.de/all|ziyadnz/hourly-ipv4,blocklist.de|bot|irc-bot|brute-force|ziyadnz|hourly,2026-08-17T18:48:05Z,2026-08-17T18:48:05Z,
8.229.5.255,ipv4,botnet,high,WHITE,blocklist.de/bots|blocklist.de/all|ziyadnz/hourly-ipv4,blocklist.de|bot|irc-bot|brute-force|ziyadnz|hourly,2026-08-17T18:48:05Z,2026-08-17T18:48:05Z,
8.229.75.13,ipv4,botnet,high,WHITE,blocklist.de/bots|blocklist.de/all|ziyadnz/hourly-ipv4,blocklist.de|bot|irc-bot|brute-force|ziyadnz|hourly,2026-08-17T18:48:05Z,2026-08-17T18:48:05Z,
8.231.218.231,ipv4,botnet,high,WHITE,blocklist.de/bots|blocklist.de/all|ziyadnz/hourly-ipv4,blocklist.de|bot|irc-bot|brute-force|ziyadnz|hourly,2026-08-17T18:48:05Z,2026-08-17T18:48:05Z,
8.234.183.126,ipv4,botnet,high,WHITE,blocklist.de/bots|blocklist.de/all|ziyadnz/hourly-ipv4,blocklist.de|bot|irc-bot|brute-force|ziyadnz|hourly,2026-08-17T18:48:05Z,2026-08-17T18:48:05Z,
8.234.201.43,ipv4,botnet,high,WHITE,blocklist.de/bots|blocklist.de/all|ziyadnz/hourly-ipv4,blocklist.de|bot|irc-bot|brute-force|ziyadnz|hourly,2026-08-17T18:48:05Z,2026-08-17T18:48:05Z,
8.235.109.231,ipv4,botnet,high,WHITE,blocklist.de/bots|blocklist.de/all|ziyadnz/hourly-ipv4,blocklist.de|bot|irc-bot|brute-force|ziyadnz|hourly,2026-08-17T18:48:05Z,2026-08-17T18:48:05Z,
8.235.71.93,ipv4,botnet,high,WHITE,blocklist.de/bots|blocklist.de/all|ziyadnz/hourly-ipv4,blocklist.de|bot|irc-bot|brute-force|ziyadnz|hourly,2026-08-17T18:48:05Z,2026-08-17T18:48:05Z,
80.89.73.138,ipv4,botnet,high,WHITE,blocklist.de/bots|blocklist.de/all|ziyadnz/hourly-ipv4,blocklist.de|bot|irc-bot|brute-force|ziyadnz|hourly,2026-08-17T18:48:05Z,2026-08-17T18:48:05Z,
81.10.46.71,ipv4,botnet,high,WHITE,blocklist.de/bots|blocklist.de/all|ziyadnz/hourly-ipv4,blocklist.de|bot|irc-bot|brute-force|ziyadnz|hourly,2026-08-17T18:48:05Z,2026-08-17T18:48:05Z,
81.133.252.101,ipv4,botnet,high,WHITE,blocklist.de/bots|blocklist.de/all|ziyadnz/hourly-ipv4,blocklist.de|bot|irc-bot|brute-force|ziyadnz|hourly,2026-08-17T18:48:05Z,2026-08-17T18:48:05Z,
81.166.116.181,ipv4,botnet,high,WHITE,blocklist.de/bots|blocklist.de/all|ziyadnz/hourly-ipv4,blocklist.de|bot|irc-bot|brute-force|ziyadnz|hourly,2026-08-17T18:48:05Z,2026-08-17T18:48:05Z,
81.70.243.118,ipv4,botnet,high,WHITE,blocklist.de/bots|blocklist.de/all|ziyadnz/hourly-ipv4,blocklist.de|bot|irc-bot|brute-force|ziyadnz|hourly,2026-08-17T18:48:05Z,2026-08-17T18:48:05Z,
82.131.198.151,ipv4,botnet,high,WHITE,blocklist.de/bots|blocklist.de/all|ziyadnz/hourly-ipv4,blocklist.de|bot|irc-bot|brute-force|ziyadnz|hourly,2026-08-17T18:48:05Z,2026-08-17T18:48:05Z,
82.146.16.148,ipv4,botnet,high,WHITE,blocklist.de/bots|blocklist.de/all|ziyadnz/hourly-ipv4,blocklist.de|bot|irc-bot|brute-force|ziyadnz|hourly,2026-08-17T18:48:05Z,2026-08-17T18:48:05Z,
82.156.7.181,ipv4,botnet,high,WHITE,blocklist.de/bots|blocklist.de/all|ziyadnz/hourly-ipv4,blocklist.de|bot|irc-bot|brute-force|ziyadnz|hourly,2026-08-17T18:48:05Z,2026-08-17T18:48:05Z,
82.157.52.81,ipv4,botnet,high,WHITE,blocklist.de/bots|blocklist.de/all|ziyadnz/hourly-ipv4,blocklist.de|bot|irc-bot|brute-force|ziyadnz|hourly,2026-08-17T18:48:05Z,2026-08-17T18:48:05Z,
82.165.27.72,ipv4,botnet,high,WHITE,blocklist.de/bots|blocklist.de/all|ziyadnz/hourly-ipv4,blocklist.de|bot|irc-bot|brute-force|ziyadnz|hourly,2026-08-17T18:48:05Z,2026-08-17T18:48:05Z,
82.167.182.252,ipv4,botnet,high,WHITE,blocklist.de/bots|blocklist.de/all|ziyadnz/hourly-ipv4,blocklist.de|bot|irc-bot|brute-force|ziyadnz|hourly,2026-08-17T18:48:05Z,2026-08-17T18:48:05Z,
82.179.192.10,ipv4,botnet,high,WHITE,blocklist.de/bots|blocklist.de/all|ziyadnz/hourly-ipv4,blocklist.de|bot|irc-bot|brute-force|ziyadnz|hourly,2026-08-17T18:48:05Z,2026-08-17T18:48:05Z,
82.194.21.139,ipv4,botnet,high,WHITE,blocklist.de/bots|blocklist.de/all|ziyadnz/hourly-ipv4,blocklist.de|bot|irc-bot|brute-force|ziyadnz|hourly,2026-08-17T18:48:05Z,2026-08-17T18:48:05Z,
82.215.102.212,ipv4,botnet,high,WHITE,blocklist.de/bots|blocklist.de/all|ziyadnz/hourly-ipv4,blocklist.de|bot|irc-bot|brute-force|ziyadnz|hourly,2026-08-17T18:48:05Z,2026-08-17T18:48:05Z,
82.40.48.10,ipv4,botnet,high,WHITE,blocklist.de/bots|blocklist.de/all|ziyadnz/hourly-ipv4,blocklist.de|bot|irc-bot|brute-force|ziyadnz|hourly,2026-08-17T18:48:05Z,2026-08-17T18:48:05Z,
82.76.74.244,ipv4,botnet,high,WHITE,blocklist.de/bots|blocklist.de/all|ziyadnz/hourly-ipv4,blocklist.de|bot|irc-bot|brute-force|ziyadnz|hourly,2026-08-17T18:48:05Z,2026-08-17T18:48:05Z,
82.78.22.36,ipv4,botnet,high,WHITE,blocklist.de/bots|blocklist.de/all|ziyadnz/hourly-ipv4,blocklist.de|bot|irc-bot|brute-force|ziyadnz|hourly,2026-08-17T18:48:05Z,2026-08-17T18:48:05Z,
82.79.225.253,ipv4,botnet,high,WHITE,blocklist.de/bots|blocklist.de/all|ziyadnz/hourly-ipv4,blocklist.de|bot|irc-bot|brute-force|ziyadnz|hourly,2026-08-17T18:48:05Z,2026-08-17T18:48:05Z,
83.167.187.1,ipv4,botnet,high,WHITE,blocklist.de/bots|blocklist.de/all|ziyadnz/hourly-ipv4,blocklist.de|bot|irc-bot|brute-force|ziyadnz|hourly,2026-08-17T18:48:05Z,2026-08-17T18:48:05Z,
83.167.187.3,ipv4,botnet,high,WHITE,blocklist.de/bots|blocklist.de/all|ziyadnz/hourly-ipv4,blocklist.de|bot|irc-bot|brute-force|ziyadnz|hourly,2026-08-17T18:48:05Z,2026-08-17T18:48:05Z,
83.98.89.47,ipv4,botnet,high,WHITE,blocklist.de/bots|blocklist.de/all|ziyadnz/hourly-ipv4,blocklist.de|bot|irc-bot|brute-force|ziyadnz|hourly,2026-08-17T18:48:05Z,2026-08-17T18:48:05Z,
84.15.177.118,ipv4,botnet,high,WHITE,blocklist.de/bots|blocklist.de/all|ziyadnz/hourly-ipv4,blocklist.de|bot|irc-bot|brute-force|ziyadnz|hourly,2026-08-17T18:48:05Z,2026-08-17T18:48:05Z,
84.2.90.118,ipv4,botnet,high,WHITE,blocklist.de/bots|blocklist.de/all|ziyadnz/hourly-ipv4,blocklist.de|bot|irc-bot|brute-force|ziyadnz|hourly,2026-08-17T18:48:05Z,2026-08-17T18:48:05Z,
84.240.4.242,ipv4,botnet,high,WHITE,blocklist.de/bots|blocklist.de/all|ziyadnz/hourly-ipv4,blocklist.de|bot|irc-bot|brute-force|ziyadnz|hourly,2026-08-17T18:48:05Z,2026-08-17T18:48:05Z,
85.11.167.225,ipv4,botnet,high,WHITE,blocklist.de/bots|blocklist.de/all|ziyadnz/hourly-ipv4,blocklist.de|bot|irc-bot|brute-force|ziyadnz|hourly,2026-08-17T18:48:05Z,2026-08-17T18:48:05Z,
85.203.15.162,ipv4,botnet,high,WHITE,blocklist.de/bots|blocklist.de/all|ziyadnz/hourly-ipv4,blocklist.de|bot|irc-bot|brute-force|ziyadnz|hourly,2026-08-17T18:48:05Z,2026-08-17T18:48:05Z,
85.203.21.10,ipv4,botnet,high,WHITE,blocklist.de/bots|blocklist.de/all|ziyadnz/hourly-ipv4,blocklist.de|bot|irc-bot|brute-force|ziyadnz|hourly,2026-08-17T18:48:05Z,2026-08-17T18:48:05Z,
85.203.21.101,ipv4,botnet,high,WHITE,blocklist.de/bots|blocklist.de/all|ziyadnz/hourly-ipv4,blocklist.de|bot|irc-bot|brute-force|ziyadnz|hourly,2026-08-17T18:48:05Z,2026-08-17T18:48:05Z,
85.203.21.109,ipv4,botnet,high,WHITE,blocklist.de/bots|blocklist.de/all|ziyadnz/hourly-ipv4,blocklist.de|bot|irc-bot|brute-force|ziyadnz|hourly,2026-08-17T18:48:05Z,2026-08-17T18:48:05Z,
85.203.21.11,ipv4,botnet,high,WHITE,blocklist.de/bots|blocklist.de/all|ziyadnz/hourly-ipv4,blocklist.de|bot|irc-bot|brute-force|ziyadnz|hourly,2026-08-17T18:48:05Z,2026-08-17T18:48:05Z,
85.203.21.116,ipv4,botnet,high,WHITE,blocklist.de/bots|blocklist.de/all|ziyadnz/hourly-ipv4,blocklist.de|bot|irc-bot|brute-force|ziyadnz|hourly,2026-08-17T18:48:05Z,2026-08-17T18:48:05Z,
85.203.21.12,ipv4,botnet,high,WHITE,blocklist.de/bots|blocklist.de/all|ziyadnz/hourly-ipv4,blocklist.de|bot|irc-bot|brute-force|ziyadnz|hourly,2026-08-17T18:48:05Z,2026-08-17T18:48:05Z,
85.203.21.13,ipv4,botnet,high,WHITE,blocklist.de/bots|blocklist.de/all|ziyadnz/hourly-ipv4,blocklist.de|bot|irc-bot|brute-force|ziyadnz|hourly,2026-08-17T18:48:05Z,2026-08-17T18:48:05Z,
85.203.21.139,ipv4,botnet,high,WHITE,blocklist.de/bots|blocklist.de/all|ziyadnz/hourly-ipv4,blocklist.de|bot|irc-bot|brute-force|ziyadnz|hourly,2026-08-17T18:48:05Z,2026-08-17T18:48:05Z,
85.203.21.14,ipv4,botnet,high,WHITE,blocklist.de/bots|blocklist.de/all|ziyadnz/hourly-ipv4,blocklist.de|bot|irc-bot|brute-force|ziyadnz|hourly,2026-08-17T18:48:05Z,2026-08-17T18:48:05Z,
85.203.21.147,ipv4,botnet,high,WHITE,blocklist.de/bots|blocklist.de/all|ziyadnz/hourly-ipv4,blocklist.de|bot|irc-bot|brute-force|ziyadnz|hourly,2026-08-17T18:48:05Z,2026-08-17T18:48:05Z,
85.203.21.15,ipv4,botnet,high,WHITE,blocklist.de/bots|blocklist.de/all|ziyadnz/hourly-ipv4,blocklist.de|bot|irc-bot|brute-force|ziyadnz|hourly,2026-08-17T18:48:05Z,2026-08-17T18:48:05Z,
85.203.21.150,ipv4,botnet,high,WHITE,blocklist.de/bots|blocklist.de/all|ziyadnz/hourly-ipv4,blocklist.de|bot|irc-bot|brute-force|ziyadnz|hourly,2026-08-17T18:48:05Z,2026-08-17T18:48:05Z,
85.203.21.152,ipv4,botnet,high,WHITE,blocklist.de/bots|blocklist.de/all|ziyadnz/hourly-ipv4,blocklist.de|bot|irc-bot|brute-force|ziyadnz|hourly,2026-08-17T18:48:05Z,2026-08-17T18:48:05Z,
85.203.21.16,ipv4,botnet,high,WHITE,blocklist.de/bots|blocklist.de/all|ziyadnz/hourly-ipv4,blocklist.de|bot|irc-bot|brute-force|ziyadnz|hourly,2026-08-17T18:48:05Z,2026-08-17T18:48:05Z,
85.203.21.17,ipv4,botnet,high,WHITE,blocklist.de/bots|blocklist.de/all|ziyadnz/hourly-ipv4,blocklist.de|bot|irc-bot|brute-force|ziyadnz|hourly,2026-08-17T18:48:05Z,2026-08-17T18:48:05Z,
85.203.21.18,ipv4,botnet,high,WHITE,blocklist.de/bots|blocklist.de/all|ziyadnz/hourly-ipv4,blocklist.de|bot|irc-bot|brute-force|ziyadnz|hourly,2026-08-17T18:48:05Z,2026-08-17T18:48:05Z,
85.203.21.19,ipv4,botnet,high,WHITE,blocklist.de/bots|blocklist.de/all|ziyadnz/hourly-ipv4,blocklist.de|bot|irc-bot|brute-force|ziyadnz|hourly,2026-08-17T18:48:05Z,2026-08-17T18:48:05Z,
85.203.21.2,ipv4,botnet,high,WHITE,blocklist.de/bots|blocklist.de/all|ziyadnz/hourly-ipv4,blocklist.de|bot|irc-bot|brute-force|ziyadnz|hourly,2026-08-17T18:48:05Z,2026-08-17T18:48:05Z,
85.203.21.20,ipv4,botnet,high,WHITE,blocklist.de/bots|blocklist.de/all|ziyadnz/hourly-ipv4,blocklist.de|bot|irc-bot|brute-force|ziyadnz|hourly,2026-08-17T18:48:05Z,2026-08-17T18:48:05Z,
85.203.21.21,ipv4,botnet,high,WHITE,blocklist.de/bots|blocklist.de/all|ziyadnz/hourly-ipv4,blocklist.de|bot|irc-bot|brute-force|ziyadnz|hourly,2026-08-17T18:48:05Z,2026-08-17T18:48:05Z,
85.203.21.22,ipv4,botnet,high,WHITE,blocklist.de/bots|blocklist.de/all|ziyadnz/hourly-ipv4,blocklist.de|bot|irc-bot|brute-force|ziyadnz|hourly,2026-08-17T18:48:05Z,2026-08-17T18:48:05Z,
85.203.21.23,ipv4,botnet,high,WHITE,blocklist.de/bots|blocklist.de/all|ziyadnz/hourly-ipv4,blocklist.de|bot|irc-bot|brute-force|ziyadnz|hourly,2026-08-17T18:48:05Z,2026-08-17T18:48:05Z,
85.203.21.24,ipv4,botnet,high,WHITE,blocklist.de/bots|blocklist.de/all|ziyadnz/hourly-ipv4,blocklist.de|bot|irc-bot|brute-force|ziyadnz|hourly,2026-08-17T18:48:05Z,2026-08-17T18:48:05Z,
85.203.21.25,ipv4,botnet,high,WHITE,blocklist.de/bots|blocklist.de/all|ziyadnz/hourly-ipv4,blocklist.de|bot|irc-bot|brute-force|ziyadnz|hourly,2026-08-17T18:48:05Z,2026-08-17T18:48:05Z,
85.203.21.26,ipv4,botnet,high,WHITE,blocklist.de/bots|blocklist.de/all|ziyadnz/hourly-ipv4,blocklist.de|bot|irc-bot|brute-force|ziyadnz|hourly,2026-08-17T18:48:05Z,2026-08-17T18:48:05Z,
85.203.21.27,ipv4,botnet,high,WHITE,blocklist.de/bots|blocklist.de/all|ziyadnz/hourly-ipv4,blocklist.de|bot|irc-bot|brute-force|ziyadnz|hourly,2026-08-17T18:48:05Z,2026-08-17T18:48:05Z,
85.203.21.29,ipv4,botnet,high,WHITE,blocklist.de/bots|blocklist.de/all|ziyadnz/hourly-ipv4,blocklist.de|bot|irc-bot|brute-force|ziyadnz|hourly,2026-08-17T18:48:05Z,2026-08-17T18:48:05Z,
85.203.21.3,ipv4,botnet,high,WHITE,blocklist.de/bots|blocklist.de/all|ziyadnz/hourly-ipv4,blocklist.de|bot|irc-bot|brute-force|ziyadnz|hourly,2026-08-17T18:48:05Z,2026-08-17T18:48:05Z,
85.203.21.30,ipv4,botnet,high,WHITE,blocklist.de/bots|blocklist.de/all|ziyadnz/hourly-ipv4,blocklist.de|bot|irc-bot|brute-force|ziyadnz|hourly,2026-08-17T18:48:05Z,2026-08-17T18:48:05Z,
85.203.21.34,ipv4,botnet,high,WHITE,blocklist.de/bots|blocklist.de/all|ziyadnz/hourly-ipv4,blocklist.de|bot|irc-bot|brute-force|ziyadnz|hourly,2026-08-17T18:48:05Z,2026-08-17T18:48:05Z,
85.203.21.36,ipv4,botnet,high,WHITE,blocklist.de/bots|blocklist.de/all|ziyadnz/hourly-ipv4,blocklist.de|bot|irc-bot|brute-force|ziyadnz|hourly,2026-08-17T18:48:05Z,2026-08-17T18:48:05Z,
85.203.21.37,ipv4,botnet,high,WHITE,blocklist.de/bots|blocklist.de/all|ziyadnz/hourly-ipv4,blocklist.de|bot|irc-bot|brute-force|ziyadnz|hourly,2026-08-17T18:48:05Z,2026-08-17T18:48:05Z,
85.203.21.38,ipv4,botnet,high,WHITE,blocklist.de/bots|blocklist.de/all|ziyadnz/hourly-ipv4,blocklist.de|bot|irc-bot|brute-force|ziyadnz|hourly,2026-08-17T18:48:05Z,2026-08-17T18:48:05Z,
85.203.21.4,ipv4,botnet,high,WHITE,blocklist.de/bots|blocklist.de/all|ziyadnz/hourly-ipv4,blocklist.de|bot|irc-bot|brute-force|ziyadnz|hourly,2026-08-17T18:48:05Z,2026-08-17T18:48:05Z,
85.203.21.42,ipv4,botnet,high,WHITE,blocklist.de/bots|blocklist.de/all|ziyadnz/hourly-ipv4,blocklist.de|bot|irc-bot|brute-force|ziyadnz|hourly,2026-08-17T18:48:05Z,2026-08-17T18:48:05Z,
85.203.21.43,ipv4,botnet,high,WHITE,blocklist.de/bots|blocklist.de/all|ziyadnz/hourly-ipv4,blocklist.de|bot|irc-bot|brute-force|ziyadnz|hourly,2026-08-17T18:48:05Z,2026-08-17T18:48:05Z,
85.203.21.44,ipv4,botnet,high,WHITE,blocklist.de/bots|blocklist.de/all|ziyadnz/hourly-ipv4,blocklist.de|bot|irc-bot|brute-force|ziyadnz|hourly,2026-08-17T18:48:05Z,2026-08-17T18:48:05Z,
85.203.21.46,ipv4,botnet,high,WHITE,blocklist.de/bots|blocklist.de/all|ziyadnz/hourly-ipv4,blocklist.de|bot|irc-bot|brute-force|ziyadnz|hourly,2026-08-17T18:48:05Z,2026-08-17T18:48:05Z,
85.203.21.47,ipv4,botnet,high,WHITE,blocklist.de/bots|blocklist.de/all|ziyadnz/hourly-ipv4,blocklist.de|bot|irc-bot|brute-force|ziyadnz|hourly,2026-08-17T18:48:05Z,2026-08-17T18:48:05Z,
85.203.21.48,ipv4,botnet,high,WHITE,blocklist.de/bots|blocklist.de/all|ziyadnz/hourly-ipv4,blocklist.de|bot|irc-bot|brute-force|ziyadnz|hourly,2026-08-17T18:48:05Z,2026-08-17T18:48:05Z,
85.203.21.49,ipv4,botnet,high,WHITE,blocklist.de/bots|blocklist.de/all|ziyadnz/hourly-ipv4,blocklist.de|bot|irc-bot|brute-force|ziyadnz|hourly,2026-08-17T18:48:05Z,2026-08-17T18:48:05Z,
85.203.21.5,ipv4,botnet,high,WHITE,blocklist.de/bots|blocklist.de/all|ziyadnz/hourly-ipv4,blocklist.de|bot|irc-bot|brute-force|ziyadnz|hourly,2026-08-17T18:48:05Z,2026-08-17T18:48:05Z,
85.203.21.50,ipv4,botnet,high,WHITE,blocklist.de/bots|blocklist.de/all|ziyadnz/hourly-ipv4,blocklist.de|bot|irc-bot|brute-force|ziyadnz|hourly,2026-08-17T18:48:05Z,2026-08-17T18:48:05Z,
85.203.21.51,ipv4,botnet,high,WHITE,blocklist.de/bots|blocklist.de/all|ziyadnz/hourly-ipv4,blocklist.de|bot|irc-bot|brute-force|ziyadnz|hourly,2026-08-17T18:48:05Z,2026-08-17T18:48:05Z,
85.203.21.53,ipv4,botnet,high,WHITE,blocklist.de/bots|blocklist.de/all|ziyadnz/hourly-ipv4,blocklist.de|bot|irc-bot|brute-force|ziyadnz|hourly,2026-08-17T18:48:05Z,2026-08-17T18:48:05Z,
85.203.21.55,ipv4,botnet,high,WHITE,blocklist.de/bots|blocklist.de/all|ziyadnz/hourly-ipv4,blocklist.de|bot|irc-bot|brute-force|ziyadnz|hourly,2026-08-17T18:48:05Z,2026-08-17T18:48:05Z,
85.203.21.56,ipv4,botnet,high,WHITE,blocklist.de/bots|blocklist.de/all|ziyadnz/hourly-ipv4,blocklist.de|bot|irc-bot|brute-force|ziyadnz|hourly,2026-08-17T18:48:05Z,2026-08-17T18:48:05Z,
85.203.21.59,ipv4,botnet,high,WHITE,blocklist.de/bots|blocklist.de/all|ziyadnz/hourly-ipv4,blocklist.de|bot|irc-bot|brute-force|ziyadnz|hourly,2026-08-17T18:48:05Z,2026-08-17T18:48:05Z,
85.203.21.6,ipv4,botnet,high,WHITE,blocklist.de/bots|blocklist.de/all|ziyadnz/hourly-ipv4,blocklist.de|bot|irc-bot|brute-force|ziyadnz|hourly,2026-08-17T18:48:05Z,2026-08-17T18:48:05Z,
85.203.21.60,ipv4,botnet,high,WHITE,blocklist.de/bots|blocklist.de/all|ziyadnz/hourly-ipv4,blocklist.de|bot|irc-bot|brute-force|ziyadnz|hourly,2026-08-17T18:48:05Z,2026-08-17T18:48:05Z,
85.203.21.62,ipv4,botnet,high,WHITE,blocklist.de/bots|blocklist.de/all|ziyadnz/hourly-ipv4,blocklist.de|bot|irc-bot|brute-force|ziyadnz|hourly,2026-08-17T18:48:05Z,2026-08-17T18:48:05Z,
85.203.21.63,ipv4,botnet,high,WHITE,blocklist.de/bots|blocklist.de/all|ziyadnz/hourly-ipv4,blocklist.de|bot|irc-bot|brute-force|ziyadnz|hourly,2026-08-17T18:48:05Z,2026-08-17T18:48:05Z,
85.203.21.64,ipv4,botnet,high,WHITE,blocklist.de/bots|blocklist.de/all|ziyadnz/hourly-ipv4,blocklist.de|bot|irc-bot|brute-force|ziyadnz|hourly,2026-08-17T18:48:05Z,2026-08-17T18:48:05Z,
85.203.21.67,ipv4,botnet,high,WHITE,blocklist.de/bots|blocklist.de/all|ziyadnz/hourly-ipv4,blocklist.de|bot|irc-bot|brute-force|ziyadnz|hourly,2026-08-17T18:48:05Z,2026-08-17T18:48:05Z,
85.203.21.68,ipv4,botnet,high,WHITE,blocklist.de/bots|blocklist.de/all|ziyadnz/hourly-ipv4,blocklist.de|bot|irc-bot|brute-force|ziyadnz|hourly,2026-08-17T18:48:05Z,2026-08-17T18:48:05Z,
85.203.21.69,ipv4,botnet,high,WHITE,blocklist.de/bots|blocklist.de/all|ziyadnz/hourly-ipv4,blocklist.de|bot|irc-bot|brute-force|ziyadnz|hourly,2026-08-17T18:48:05Z,2026-08-17T18:48:05Z,
85.203.21.7,ipv4,botnet,high,WHITE,blocklist.de/bots|blocklist.de/all|ziyadnz/hourly-ipv4,blocklist.de|bot|irc-bot|brute-force|ziyadnz|hourly,2026-08-17T18:48:05Z,2026-08-17T18:48:05Z,
85.203.21.71,ipv4,botnet,high,WHITE,blocklist.de/bots|blocklist.de/all|ziyadnz/hourly-ipv4,blocklist.de|bot|irc-bot|brute-force|ziyadnz|hourly,2026-08-17T18:48:05Z,2026-08-17T18:48:05Z,
85.203.21.72,ipv4,botnet,high,WHITE,blocklist.de/bots|blocklist.de/all|ziyadnz/hourly-ipv4,blocklist.de|bot|irc-bot|brute-force|ziyadnz|hourly,2026-08-17T18:48:05Z,2026-08-17T18:48:05Z,
85.203.21.8,ipv4,botnet,high,WHITE,blocklist.de/bots|blocklist.de/all|ziyadnz/hourly-ipv4,blocklist.de|bot|irc-bot|brute-force|ziyadnz|hourly,2026-08-17T18:48:05Z,2026-08-17T18:48:05Z,
85.203.21.85,ipv4,botnet,high,WHITE,blocklist.de/bots|blocklist.de/all|ziyadnz/hourly-ipv4,blocklist.de|bot|irc-bot|brute-force|ziyadnz|hourly,2026-08-17T18:48:05Z,2026-08-17T18:48:05Z,
85.203.21.87,ipv4,botnet,high,WHITE,blocklist.de/bots|blocklist.de/all|ziyadnz/hourly-ipv4,blocklist.de|bot|irc-bot|brute-force|ziyadnz|hourly,2026-08-17T18:48:05Z,2026-08-17T18:48:05Z,
85.203.21.9,ipv4,botnet,high,WHITE,blocklist.de/bots|blocklist.de/all|ziyadnz/hourly-ipv4,blocklist.de|bot|irc-bot|brute-force|ziyadnz|hourly,2026-08-17T18:48:05Z,2026-08-17T18:48:05Z,
85.203.21.97,ipv4,botnet,high,WHITE,blocklist.de/bots|blocklist.de/all|ziyadnz/hourly-ipv4,blocklist.de|bot|irc-bot|brute-force|ziyadnz|hourly,2026-08-17T18:48:05Z,2026-08-17T18:48:05Z,
85.203.21.98,ipv4,botnet,high,WHITE,blocklist.de/bots|blocklist.de/all|ziyadnz/hourly-ipv4,blocklist.de|bot|irc-bot|brute-force|ziyadnz|hourly,2026-08-17T18:48:05Z,2026-08-17T18:48:05Z,
85.203.23.10,ipv4,botnet,high,WHITE,blocklist.de/bots|blocklist.de/all|ziyadnz/hourly-ipv4,blocklist.de|bot|irc-bot|brute-force|ziyadnz|hourly,2026-08-17T18:48:05Z,2026-08-17T18:48:05Z,
85.203.23.11,ipv4,botnet,high,WHITE,blocklist.de/bots|blocklist.de/all|ziyadnz/hourly-ipv4,blocklist.de|bot|irc-bot|brute-force|ziyadnz|hourly,2026-08-17T18:48:05Z,2026-08-17T18:48:05Z,
85.203.23.12,ipv4,botnet,high,WHITE,blocklist.de/bots|blocklist.de/all|ziyadnz/hourly-ipv4,blocklist.de|bot|irc-bot|brute-force|ziyadnz|hourly,2026-08-17T18:48:05Z,2026-08-17T18:48:05Z,
85.203.23.13,ipv4,botnet,high,WHITE,blocklist.de/bots|blocklist.de/all|ziyadnz/hourly-ipv4,blocklist.de|bot|irc-bot|brute-force|ziyadnz|hourly,2026-08-17T18:48:05Z,2026-08-17T18:48:05Z,
85.203.23.14,ipv4,botnet,high,WHITE,blocklist.de/bots|blocklist.de/all|ziyadnz/hourly-ipv4,blocklist.de|bot|irc-bot|brute-force|ziyadnz|hourly,2026-08-17T18:48:05Z,2026-08-17T18:48:05Z,
85.203.23.15,ipv4,botnet,high,WHITE,blocklist.de/bots|blocklist.de/all|ziyadnz/hourly-ipv4,blocklist.de|bot|irc-bot|brute-force|ziyadnz|hourly,2026-08-17T18:48:05Z,2026-08-17T18:48:05Z,
85.203.23.16,ipv4,botnet,high,WHITE,blocklist.de/bots|blocklist.de/all|ziyadnz/hourly-ipv4,blocklist.de|bot|irc-bot|brute-force|ziyadnz|hourly,2026-08-17T18:48:05Z,2026-08-17T18:48:05Z,
85.203.23.166,ipv4,botnet,high,WHITE,blocklist.de/bots|blocklist.de/all|ziyadnz/hourly-ipv4,blocklist.de|bot|irc-bot|brute-force|ziyadnz|hourly,2026-08-17T18:48:05Z,2026-08-17T18:48:05Z,
85.203.23.168,ipv4,botnet,high,WHITE,blocklist.de/bots|blocklist.de/all|ziyadnz/hourly-ipv4,blocklist.de|bot|irc-bot|brute-force|ziyadnz|hourly,2026-08-17T18:48:05Z,2026-08-17T18:48:05Z,
85.203.23.169,ipv4,botnet,high,WHITE,blocklist.de/bots|blocklist.de/all|ziyadnz/hourly-ipv4,blocklist.de|bot|irc-bot|brute-force|ziyadnz|hourly,2026-08-17T18:48:05Z,2026-08-17T18:48:05Z,
85.203.23.17,ipv4,botnet,high,WHITE,blocklist.de/bots|blocklist.de/all|ziyadnz/hourly-ipv4,blocklist.de|bot|irc-bot|brute-force|ziyadnz|hourly,2026-08-17T18:48:05Z,2026-08-17T18:48:05Z,
85.203.23.170,ipv4,botnet,high,WHITE,blocklist.de/bots|blocklist.de/all|ziyadnz/hourly-ipv4,blocklist.de|bot|irc-bot|brute-force|ziyadnz|hourly,2026-08-17T18:48:05Z,2026-08-17T18:48:05Z,
85.203.23.171,ipv4,botnet,high,WHITE,blocklist.de/bots|blocklist.de/all|ziyadnz/hourly-ipv4,blocklist.de|bot|irc-bot|brute-force|ziyadnz|hourly,2026-08-17T18:48:05Z,2026-08-17T18:48:05Z,
85.203.23.172,ipv4,botnet,high,WHITE,blocklist.de/bots|blocklist.de/all|ziyadnz/hourly-ipv4,blocklist.de|bot|irc-bot|brute-force|ziyadnz|hourly,2026-08-17T18:48:05Z,2026-08-17T18:48:05Z,
85.203.23.173,ipv4,botnet,high,WHITE,blocklist.de/bots|blocklist.de/all|ziyadnz/hourly-ipv4,blocklist.de|bot|irc-bot|brute-force|ziyadnz|hourly,2026-08-17T18:48:05Z,2026-08-17T18:48:05Z,
85.203.23.176,ipv4,botnet,high,WHITE,blocklist.de/bots|blocklist.de/all|ziyadnz/hourly-ipv4,blocklist.de|bot|irc-bot|brute-force|ziyadnz|hourly,2026-08-17T18:48:05Z,2026-08-17T18:48:05Z,
85.203.23.177,ipv4,botnet,high,WHITE,blocklist.de/bots|blocklist.de/all|ziyadnz/hourly-ipv4,blocklist.de|bot|irc-bot|brute-force|ziyadnz|hourly,2026-08-17T18:48:05Z,2026-08-17T18:48:05Z,
85.203.23.178,ipv4,botnet,high,WHITE,blocklist.de/bots|blocklist.de/all|ziyadnz/hourly-ipv4,blocklist.de|bot|irc-bot|brute-force|ziyadnz|hourly,2026-08-17T18:48:05Z,2026-08-17T18:48:05Z,
85.203.23.18,ipv4,botnet,high,WHITE,blocklist.de/bots|blocklist.de/all|ziyadnz/hourly-ipv4,blocklist.de|bot|irc-bot|brute-force|ziyadnz|hourly,2026-08-17T18:48:05Z,2026-08-17T18:48:05Z,
85.203.23.180,ipv4,botnet,high,WHITE,blocklist.de/bots|blocklist.de/all|ziyadnz/hourly-ipv4,blocklist.de|bot|irc-bot|brute-force|ziyadnz|hourly,2026-08-17T18:48:05Z,2026-08-17T18:48:05Z,
85.203.23.181,ipv4,botnet,high,WHITE,blocklist.de/bots|blocklist.de/all|ziyadnz/hourly-ipv4,blocklist.de|bot|irc-bot|brute-force|ziyadnz|hourly,2026-08-17T18:48:05Z,2026-08-17T18:48:05Z,
85.203.23.182,ipv4,botnet,high,WHITE,blocklist.de/bots|blocklist.de/all|ziyadnz/hourly-ipv4,blocklist.de|bot|irc-bot|brute-force|ziyadnz|hourly,2026-08-17T18:48:05Z,2026-08-17T18:48:05Z,
85.203.23.183,ipv4,botnet,high,WHITE,blocklist.de/bots|blocklist.de/all|ziyadnz/hourly-ipv4,blocklist.de|bot|irc-bot|brute-force|ziyadnz|hourly,2026-08-17T18:48:05Z,2026-08-17T18:48:05Z,
85.203.23.184,ipv4,botnet,high,WHITE,blocklist.de/bots|blocklist.de/all|ziyadnz/hourly-ipv4,blocklist.de|bot|irc-bot|brute-force|ziyadnz|hourly,2026-08-17T18:48:05Z,2026-08-17T18:48:05Z,
85.203.23.185,ipv4,botnet,high,WHITE,blocklist.de/bots|blocklist.de/all|ziyadnz/hourly-ipv4,blocklist.de|bot|irc-bot|brute-force|ziyadnz|hourly,2026-08-17T18:48:05Z,2026-08-17T18:48:05Z,
85.203.23.186,ipv4,botnet,high,WHITE,blocklist.de/bots|blocklist.de/all|ziyadnz/hourly-ipv4,blocklist.de|bot|irc-bot|brute-force|ziyadnz|hourly,2026-08-17T18:48:05Z,2026-08-17T18:48:05Z,
85.203.23.187,ipv4,botnet,high,WHITE,blocklist.de/bots|blocklist.de/all|ziyadnz/hourly-ipv4,blocklist.de|bot|irc-bot|brute-force|ziyadnz|hourly,2026-08-17T18:48:05Z,2026-08-17T18:48:05Z,
85.203.23.188,ipv4,botnet,high,WHITE,blocklist.de/bots|blocklist.de/all|ziyadnz/hourly-ipv4,blocklist.de|bot|irc-bot|brute-force|ziyadnz|hourly,2026-08-17T18:48:05Z,2026-08-17T18:48:05Z,
85.203.23.189,ipv4,botnet,high,WHITE,blocklist.de/bots|blocklist.de/all|ziyadnz/hourly-ipv4,blocklist.de|bot|irc-bot|brute-force|ziyadnz|hourly,2026-08-17T18:48:05Z,2026-08-17T18:48:05Z,
85.203.23.19,ipv4,botnet,high,WHITE,blocklist.de/bots|blocklist.de/all|ziyadnz/hourly-ipv4,blocklist.de|bot|irc-bot|brute-force|ziyadnz|hourly,2026-08-17T18:48:05Z,2026-08-17T18:48:05Z,
85.203.23.190,ipv4,botnet,high,WHITE,blocklist.de/bots|blocklist.de/all|ziyadnz/hourly-ipv4,blocklist.de|bot|irc-bot|brute-force|ziyadnz|hourly,2026-08-17T18:48:05Z,2026-08-17T18:48:05Z,
85.203.23.191,ipv4,botnet,high,WHITE,blocklist.de/bots|blocklist.de/all|ziyadnz/hourly-ipv4,blocklist.de|bot|irc-bot|brute-force|ziyadnz|hourly,2026-08-17T18:48:05Z,2026-08-17T18:48:05Z,
85.203.23.192,ipv4,botnet,high,WHITE,blocklist.de/bots|blocklist.de/all|ziyadnz/hourly-ipv4,blocklist.de|bot|irc-bot|brute-force|ziyadnz|hourly,2026-08-17T18:48:05Z,2026-08-17T18:48:05Z,
85.203.23.195,ipv4,botnet,high,WHITE,blocklist.de/bots|blocklist.de/all|ziyadnz/hourly-ipv4,blocklist.de|bot|irc-bot|brute-force|ziyadnz|hourly,2026-08-17T18:48:05Z,2026-08-17T18:48:05Z,
85.203.23.196,ipv4,botnet,high,WHITE,blocklist.de/bots|blocklist.de/all|ziyadnz/hourly-ipv4,blocklist.de|bot|irc-bot|brute-force|ziyadnz|hourly,2026-08-17T18:48:05Z,2026-08-17T18:48:05Z,
85.203.23.197,ipv4,botnet,high,WHITE,blocklist.de/bots|blocklist.de/all|ziyadnz/hourly-ipv4,blocklist.de|bot|irc-bot|brute-force|ziyadnz|hourly,2026-08-17T18:48:05Z,2026-08-17T18:48:05Z,
85.203.23.199,ipv4,botnet,high,WHITE,blocklist.de/bots|blocklist.de/all|ziyadnz/hourly-ipv4,blocklist.de|bot|irc-bot|brute-force|ziyadnz|hourly,2026-08-17T18:48:05Z,2026-08-17T18:48:05Z,
85.203.23.2,ipv4,botnet,high,WHITE,blocklist.de/bots|blocklist.de/all|ziyadnz/hourly-ipv4,blocklist.de|bot|irc-bot|brute-force|ziyadnz|hourly,2026-08-17T18:48:05Z,2026-08-17T18:48:05Z,
85.203.23.20,ipv4,botnet,high,WHITE,blocklist.de/bots|blocklist.de/all|ziyadnz/hourly-ipv4,blocklist.de|bot|irc-bot|brute-force|ziyadnz|hourly,2026-08-17T18:48:05Z,2026-08-17T18:48:05Z,
85.203.23.200,ipv4,botnet,high,WHITE,blocklist.de/bots|blocklist.de/all|ziyadnz/hourly-ipv4,blocklist.de|bot|irc-bot|brute-force|ziyadnz|hourly,2026-08-17T18:48:05Z,2026-08-17T18:48:05Z,
85.203.23.201,ipv4,botnet,high,WHITE,blocklist.de/bots|blocklist.de/all|ziyadnz/hourly-ipv4,blocklist.de|bot|irc-bot|brute-force|ziyadnz|hourly,2026-08-17T18:48:05Z,2026-08-17T18:48:05Z,
85.203.23.202,ipv4,botnet,high,WHITE,blocklist.de/bots|blocklist.de/all|ziyadnz/hourly-ipv4,blocklist.de|bot|irc-bot|brute-force|ziyadnz|hourly,2026-08-17T18:48:05Z,2026-08-17T18:48:05Z,
85.203.23.203,ipv4,botnet,high,WHITE,blocklist.de/bots|blocklist.de/all|ziyadnz/hourly-ipv4,blocklist.de|bot|irc-bot|brute-force|ziyadnz|hourly,2026-08-17T18:48:05Z,2026-08-17T18:48:05Z,
85.203.23.204,ipv4,botnet,high,WHITE,blocklist.de/bots|blocklist.de/all|ziyadnz/hourly-ipv4,blocklist.de|bot|irc-bot|brute-force|ziyadnz|hourly,2026-08-17T18:48:05Z,2026-08-17T18:48:05Z,
85.203.23.205,ipv4,botnet,high,WHITE,blocklist.de/bots|blocklist.de/all|ziyadnz/hourly-ipv4,blocklist.de|bot|irc-bot|brute-force|ziyadnz|hourly,2026-08-17T18:48:05Z,2026-08-17T18:48:05Z,
85.203.23.206,ipv4,botnet,high,WHITE,blocklist.de/bots|blocklist.de/all|ziyadnz/hourly-ipv4,blocklist.de|bot|irc-bot|brute-force|ziyadnz|hourly,2026-08-17T18:48:05Z,2026-08-17T18:48:05Z,
85.203.23.208,ipv4,botnet,high,WHITE,blocklist.de/bots|blocklist.de/all|ziyadnz/hourly-ipv4,blocklist.de|bot|irc-bot|brute-force|ziyadnz|hourly,2026-08-17T18:48:05Z,2026-08-17T18:48:05Z,
85.203.23.209,ipv4,botnet,high,WHITE,blocklist.de/bots|blocklist.de/all|ziyadnz/hourly-ipv4,blocklist.de|bot|irc-bot|brute-force|ziyadnz|hourly,2026-08-17T18:48:05Z,2026-08-17T18:48:05Z,
85.203.23.21,ipv4,botnet,high,WHITE,blocklist.de/bots|blocklist.de/all|ziyadnz/hourly-ipv4,blocklist.de|bot|irc-bot|brute-force|ziyadnz|hourly,2026-08-17T18:48:05Z,2026-08-17T18:48:05Z,
85.203.23.210,ipv4,botnet,high,WHITE,blocklist.de/bots|blocklist.de/all|ziyadnz/hourly-ipv4,blocklist.de|bot|irc-bot|brute-force|ziyadnz|hourly,2026-08-17T18:48:05Z,2026-08-17T18:48:05Z,
85.203.23.211,ipv4,botnet,high,WHITE,blocklist.de/bots|blocklist.de/all|ziyadnz/hourly-ipv4,blocklist.de|bot|irc-bot|brute-force|ziyadnz|hourly,2026-08-17T18:48:05Z,2026-08-17T18:48:05Z,
85.203.23.212,ipv4,botnet,high,WHITE,blocklist.de/bots|blocklist.de/all|ziyadnz/hourly-ipv4,blocklist.de|bot|irc-bot|brute-force|ziyadnz|hourly,2026-08-17T18:48:05Z,2026-08-17T18:48:05Z,
85.203.23.214,ipv4,botnet,high,WHITE,blocklist.de/bots|blocklist.de/all|ziyadnz/hourly-ipv4,blocklist.de|bot|irc-bot|brute-force|ziyadnz|hourly,2026-08-17T18:48:05Z,2026-08-17T18:48:05Z,
85.203.23.215,ipv4,botnet,high,WHITE,blocklist.de/bots|blocklist.de/all|ziyadnz/hourly-ipv4,blocklist.de|bot|irc-bot|brute-force|ziyadnz|hourly,2026-08-17T18:48:05Z,2026-08-17T18:48:05Z,
85.203.23.216,ipv4,botnet,high,WHITE,blocklist.de/bots|blocklist.de/all|ziyadnz/hourly-ipv4,blocklist.de|bot|irc-bot|brute-force|ziyadnz|hourly,2026-08-17T18:48:05Z,2026-08-17T18:48:05Z,
85.203.23.217,ipv4,botnet,high,WHITE,blocklist.de/bots|blocklist.de/all|ziyadnz/hourly-ipv4,blocklist.de|bot|irc-bot|brute-force|ziyadnz|hourly,2026-08-17T18:48:05Z,2026-08-17T18:48:05Z,
85.203.23.218,ipv4,botnet,high,WHITE,blocklist.de/bots|blocklist.de/all|ziyadnz/hourly-ipv4,blocklist.de|bot|irc-bot|brute-force|ziyadnz|hourly,2026-08-17T18:48:05Z,2026-08-17T18:48:05Z,
85.203.23.219,ipv4,botnet,high,WHITE,blocklist.de/bots|blocklist.de/all|ziyadnz/hourly-ipv4,blocklist.de|bot|irc-bot|brute-force|ziyadnz|hourly,2026-08-17T18:48:05Z,2026-08-17T18:48:05Z,
85.203.23.22,ipv4,botnet,high,WHITE,blocklist.de/bots|blocklist.de/all|ziyadnz/hourly-ipv4,blocklist.de|bot|irc-bot|brute-force|ziyadnz|hourly,2026-08-17T18:48:05Z,2026-08-17T18:48:05Z,
85.203.23.220,ipv4,botnet,high,WHITE,blocklist.de/bots|blocklist.de/all|ziyadnz/hourly-ipv4,blocklist.de|bot|irc-bot|brute-force|ziyadnz|hourly,2026-08-17T18:48:05Z,2026-08-17T18:48:05Z,
85.203.23.221,ipv4,botnet,high,WHITE,blocklist.de/bots|blocklist.de/all|ziyadnz/hourly-ipv4,blocklist.de|bot|irc-bot|brute-force|ziyadnz|hourly,2026-08-17T18:48:05Z,2026-08-17T18:48:05Z,
85.203.23.222,ipv4,botnet,high,WHITE,blocklist.de/bots|blocklist.de/all|ziyadnz/hourly-ipv4,blocklist.de|bot|irc-bot|brute-force|ziyadnz|hourly,2026-08-17T18:48:05Z,2026-08-17T18:48:05Z,
85.203.23.223,ipv4,botnet,high,WHITE,blocklist.de/bots|blocklist.de/all|ziyadnz/hourly-ipv4,blocklist.de|bot|irc-bot|brute-force|ziyadnz|hourly,2026-08-17T18:48:05Z,2026-08-17T18:48:05Z,
85.203.23.224,ipv4,botnet,high,WHITE,blocklist.de/bots|blocklist.de/all|ziyadnz/hourly-ipv4,blocklist.de|bot|irc-bot|brute-force|ziyadnz|hourly,2026-08-17T18:48:05Z,2026-08-17T18:48:05Z,
85.203.23.225,ipv4,botnet,high,WHITE,blocklist.de/bots|blocklist.de/all|ziyadnz/hourly-ipv4,blocklist.de|bot|irc-bot|brute-force|ziyadnz|hourly,2026-08-17T18:48:05Z,2026-08-17T18:48:05Z,
85.203.23.23,ipv4,botnet,high,WHITE,blocklist.de/bots|blocklist.de/all|ziyadnz/hourly-ipv4,blocklist.de|bot|irc-bot|brute-force|ziyadnz|hourly,2026-08-17T18:48:05Z,2026-08-17T18:48:05Z,
85.203.23.24,ipv4,botnet,high,WHITE,blocklist.de/bots|blocklist.de/all|ziyadnz/hourly-ipv4,blocklist.de|bot|irc-bot|brute-force|ziyadnz|hourly,2026-08-17T18:48:05Z,2026-08-17T18:48:05Z,
85.203.23.25,ipv4,botnet,high,WHITE,blocklist.de/bots|blocklist.de/all|ziyadnz/hourly-ipv4,blocklist.de|bot|irc-bot|brute-force|ziyadnz|hourly,2026-08-17T18:48:05Z,2026-08-17T18:48:05Z,
85.203.23.26,ipv4,botnet,high,WHITE,blocklist.de/bots|blocklist.de/all|ziyadnz/hourly-ipv4,blocklist.de|bot|irc-bot|brute-force|ziyadnz|hourly,2026-08-17T18:48:05Z,2026-08-17T18:48:05Z,
85.203.23.27,ipv4,botnet,high,WHITE,blocklist.de/bots|blocklist.de/all|ziyadnz/hourly-ipv4,blocklist.de|bot|irc-bot|brute-force|ziyadnz|hourly,2026-08-17T18:48:05Z,2026-08-17T18:48:05Z,
85.203.23.28,ipv4,botnet,high,WHITE,blocklist.de/bots|blocklist.de/all|ziyadnz/hourly-ipv4,blocklist.de|bot|irc-bot|brute-force|ziyadnz|hourly,2026-08-17T18:48:05Z,2026-08-17T18:48:05Z,
85.203.23.29,ipv4,botnet,high,WHITE,blocklist.de/bots|blocklist.de/all|ziyadnz/hourly-ipv4,blocklist.de|bot|irc-bot|brute-force|ziyadnz|hourly,2026-08-17T18:48:05Z,2026-08-17T18:48:05Z,
85.203.23.3,ipv4,botnet,high,WHITE,blocklist.de/bots|blocklist.de/all|ziyadnz/hourly-ipv4,blocklist.de|bot|irc-bot|brute-force|ziyadnz|hourly,2026-08-17T18:48:05Z,2026-08-17T18:48:05Z,
85.203.23.30,ipv4,botnet,high,WHITE,blocklist.de/bots|blocklist.de/all|ziyadnz/hourly-ipv4,blocklist.de|bot|irc-bot|brute-force|ziyadnz|hourly,2026-08-17T18:48:05Z,2026-08-17T18:48:05Z,
85.203.23.31,ipv4,botnet,high,WHITE,blocklist.de/bots|blocklist.de/all|ziyadnz/hourly-ipv4,blocklist.de|bot|irc-bot|brute-force|ziyadnz|hourly,2026-08-17T18:48:05Z,2026-08-17T18:48:05Z,
85.203.23.32,ipv4,botnet,high,WHITE,blocklist.de/bots|blocklist.de/all|ziyadnz/hourly-ipv4,blocklist.de|bot|irc-bot|brute-force|ziyadnz|hourly,2026-08-17T18:48:05Z,2026-08-17T18:48:05Z,
85.203.23.33,ipv4,botnet,high,WHITE,blocklist.de/bots|blocklist.de/all|ziyadnz/hourly-ipv4,blocklist.de|bot|irc-bot|brute-force|ziyadnz|hourly,2026-08-17T18:48:05Z,2026-08-17T18:48:05Z,
85.203.23.34,ipv4,botnet,high,WHITE,blocklist.de/bots|blocklist.de/all|ziyadnz/hourly-ipv4,blocklist.de|bot|irc-bot|brute-force|ziyadnz|hourly,2026-08-17T18:48:05Z,2026-08-17T18:48:05Z,
85.203.23.35,ipv4,botnet,high,WHITE,blocklist.de/bots|blocklist.de/all|ziyadnz/hourly-ipv4,blocklist.de|bot|irc-bot|brute-force|ziyadnz|hourly,2026-08-17T18:48:05Z,2026-08-17T18:48:05Z,
85.203.23.36,ipv4,botnet,high,WHITE,blocklist.de/bots|blocklist.de/all|ziyadnz/hourly-ipv4,blocklist.de|bot|irc-bot|brute-force|ziyadnz|hourly,2026-08-17T18:48:05Z,2026-08-17T18:48:05Z,
85.203.23.37,ipv4,botnet,high,WHITE,blocklist.de/bots|blocklist.de/all|ziyadnz/hourly-ipv4,blocklist.de|bot|irc-bot|brute-force|ziyadnz|hourly,2026-08-17T18:48:05Z,2026-08-17T18:48:05Z,
85.203.23.38,ipv4,botnet,high,WHITE,blocklist.de/bots|blocklist.de/all|ziyadnz/hourly-ipv4,blocklist.de|bot|irc-bot|brute-force|ziyadnz|hourly,2026-08-17T18:48:05Z,2026-08-17T18:48:05Z,
85.203.23.39,ipv4,botnet,high,WHITE,blocklist.de/bots|blocklist.de/all|ziyadnz/hourly-ipv4,blocklist.de|bot|irc-bot|brute-force|ziyadnz|hourly,2026-08-17T18:48:05Z,2026-08-17T18:48:05Z,
85.203.23.4,ipv4,botnet,high,WHITE,blocklist.de/bots|blocklist.de/all|ziyadnz/hourly-ipv4,blocklist.de|bot|irc-bot|brute-force|ziyadnz|hourly,2026-08-17T18:48:05Z,2026-08-17T18:48:05Z,
85.203.23.40,ipv4,botnet,high,WHITE,blocklist.de/bots|blocklist.de/all|ziyadnz/hourly-ipv4,blocklist.de|bot|irc-bot|brute-force|ziyadnz|hourly,2026-08-17T18:48:05Z,2026-08-17T18:48:05Z,
85.203.23.41,ipv4,botnet,high,WHITE,blocklist.de/bots|blocklist.de/all|ziyadnz/hourly-ipv4,blocklist.de|bot|irc-bot|brute-force|ziyadnz|hourly,2026-08-17T18:48:05Z,2026-08-17T18:48:05Z,
85.203.23.42,ipv4,botnet,high,WHITE,blocklist.de/bots|blocklist.de/all|ziyadnz/hourly-ipv4,blocklist.de|bot|irc-bot|brute-force|ziyadnz|hourly,2026-08-17T18:48:05Z,2026-08-17T18:48:05Z,
85.203.23.43,ipv4,botnet,high,WHITE,blocklist.de/bots|blocklist.de/all|ziyadnz/hourly-ipv4,blocklist.de|bot|irc-bot|brute-force|ziyadnz|hourly,2026-08-17T18:48:05Z,2026-08-17T18:48:05Z,
85.203.23.44,ipv4,botnet,high,WHITE,blocklist.de/bots|blocklist.de/all|ziyadnz/hourly-ipv4,blocklist.de|bot|irc-bot|brute-force|ziyadnz|hourly,2026-08-17T18:48:05Z,2026-08-17T18:48:05Z,
85.203.23.45,ipv4,botnet,high,WHITE,blocklist.de/bots|blocklist.de/all|ziyadnz/hourly-ipv4,blocklist.de|bot|irc-bot|brute-force|ziyadnz|hourly,2026-08-17T18:48:05Z,2026-08-17T18:48:05Z,
85.203.23.46,ipv4,botnet,high,WHITE,blocklist.de/bots|blocklist.de/all|ziyadnz/hourly-ipv4,blocklist.de|bot|irc-bot|brute-force|ziyadnz|hourly,2026-08-17T18:48:05Z,2026-08-17T18:48:05Z,
85.203.23.47,ipv4,botnet,high,WHITE,blocklist.de/bots|blocklist.de/all|ziyadnz/hourly-ipv4,blocklist.de|bot|irc-bot|brute-force|ziyadnz|hourly,2026-08-17T18:48:05Z,2026-08-17T18:48:05Z,
85.203.23.48,ipv4,botnet,high,WHITE,blocklist.de/bots|blocklist.de/all|ziyadnz/hourly-ipv4,blocklist.de|bot|irc-bot|brute-force|ziyadnz|hourly,2026-08-17T18:48:05Z,2026-08-17T18:48:05Z,
85.203.23.49,ipv4,botnet,high,WHITE,blocklist.de/bots|blocklist.de/all|ziyadnz/hourly-ipv4,blocklist.de|bot|irc-bot|brute-force|ziyadnz|hourly,2026-08-17T18:48:05Z,2026-08-17T18:48:05Z,
85.203.23.5,ipv4,botnet,high,WHITE,blocklist.de/bots|blocklist.de/all|ziyadnz/hourly-ipv4,blocklist.de|bot|irc-bot|brute-force|ziyadnz|hourly,2026-08-17T18:48:05Z,2026-08-17T18:48:05Z,
85.203.23.50,ipv4,botnet,high,WHITE,blocklist.de/bots|blocklist.de/all|ziyadnz/hourly-ipv4,blocklist.de|bot|irc-bot|brute-force|ziyadnz|hourly,2026-08-17T18:48:05Z,2026-08-17T18:48:05Z,
85.203.23.51,ipv4,botnet,high,WHITE,blocklist.de/bots|blocklist.de/all|ziyadnz/hourly-ipv4,blocklist.de|bot|irc-bot|brute-force|ziyadnz|hourly,2026-08-17T18:48:05Z,2026-08-17T18:48:05Z,
85.203.23.52,ipv4,botnet,high,WHITE,blocklist.de/bots|blocklist.de/all|ziyadnz/hourly-ipv4,blocklist.de|bot|irc-bot|brute-force|ziyadnz|hourly,2026-08-17T18:48:05Z,2026-08-17T18:48:05Z,
85.203.23.53,ipv4,botnet,high,WHITE,blocklist.de/bots|blocklist.de/all|ziyadnz/hourly-ipv4,blocklist.de|bot|irc-bot|brute-force|ziyadnz|hourly,2026-08-17T18:48:05Z,2026-08-17T18:48:05Z,
85.203.23.6,ipv4,botnet,high,WHITE,blocklist.de/bots|blocklist.de/all|ziyadnz/hourly-ipv4,blocklist.de|bot|irc-bot|brute-force|ziyadnz|hourly,2026-08-17T18:48:05Z,2026-08-17T18:48:05Z,
85.203.23.7,ipv4,botnet,high,WHITE,blocklist.de/bots|blocklist.de/all|ziyadnz/hourly-ipv4,blocklist.de|bot|irc-bot|brute-force|ziyadnz|hourly,2026-08-17T18:48:05Z,2026-08-17T18:48:05Z,
85.203.23.8,ipv4,botnet,high,WHITE,blocklist.de/bots|blocklist.de/all|ziyadnz/hourly-ipv4,blocklist.de|bot|irc-bot|brute-force|ziyadnz|hourly,2026-08-17T18:48:05Z,2026-08-17T18:48:05Z,
85.203.23.9,ipv4,botnet,high,WHITE,blocklist.de/bots|blocklist.de/all|ziyadnz/hourly-ipv4,blocklist.de|bot|irc-bot|brute-force|ziyadnz|hourly,2026-08-17T18:48:05Z,2026-08-17T18:48:05Z,
85.203.46.101,ipv4,botnet,high,WHITE,blocklist.de/bots|blocklist.de/all|ziyadnz/hourly-ipv4,blocklist.de|bot|irc-bot|brute-force|ziyadnz|hourly,2026-08-17T18:48:05Z,2026-08-17T18:48:05Z,
85.203.46.62,ipv4,botnet,high,WHITE,blocklist.de/bots|blocklist.de/all|ziyadnz/hourly-ipv4,blocklist.de|bot|irc-bot|brute-force|ziyadnz|hourly,2026-08-17T18:48:05Z,2026-08-17T18:48:05Z,
85.209.132.62,ipv4,botnet,high,WHITE,blocklist.de/bots|blocklist.de/all|ziyadnz/hourly-ipv4,blocklist.de|bot|irc-bot|brute-force|ziyadnz|hourly,2026-08-17T18:48:05Z,2026-08-17T18:48:05Z,
85.224.251.119,ipv4,botnet,high,WHITE,blocklist.de/bots|blocklist.de/all|ziyadnz/hourly-ipv4,blocklist.de|bot|irc-bot|brute-force|ziyadnz|hourly,2026-08-17T18:48:05Z,2026-08-17T18:48:05Z,
85.225.108.198,ipv4,botnet,high,WHITE,blocklist.de/bots|blocklist.de/all|ziyadnz/hourly-ipv4,blocklist.de|bot|irc-bot|brute-force|ziyadnz|hourly,2026-08-17T18:48:05Z,2026-08-17T18:48:05Z,
85.237.212.8,ipv4,botnet,high,WHITE,blocklist.de/bots|blocklist.de/all|ziyadnz/hourly-ipv4,blocklist.de|bot|irc-bot|brute-force|ziyadnz|hourly,2026-08-17T18:48:05Z,2026-08-17T18:48:05Z,
85.248.44.211,ipv4,botnet,high,WHITE,blocklist.de/bots|blocklist.de/all|ziyadnz/hourly-ipv4,blocklist.de|bot|irc-bot|brute-force|ziyadnz|hourly,2026-08-17T18:48:05Z,2026-08-17T18:48:05Z,
85.67.121.41,ipv4,botnet,high,WHITE,blocklist.de/bots|blocklist.de/all|ziyadnz/hourly-ipv4,blocklist.de|bot|irc-bot|brute-force|ziyadnz|hourly,2026-08-17T18:48:05Z,2026-08-17T18:48:05Z,
85.8.130.23,ipv4,botnet,high,WHITE,blocklist.de/bots|blocklist.de/all|ziyadnz/hourly-ipv4,blocklist.de|bot|irc-bot|brute-force|ziyadnz|hourly,2026-08-17T18:48:05Z,2026-08-17T18:48:05Z,
86.108.23.26,ipv4,botnet,high,WHITE,blocklist.de/bots|blocklist.de/all|ziyadnz/hourly-ipv4,blocklist.de|bot|irc-bot|brute-force|ziyadnz|hourly,2026-08-17T18:48:05Z,2026-08-17T18:48:05Z,
86.108.44.178,ipv4,botnet,high,WHITE,blocklist.de/bots|blocklist.de/all|ziyadnz/hourly-ipv4,blocklist.de|bot|irc-bot|brute-force|ziyadnz|hourly,2026-08-17T18:48:05Z,2026-08-17T18:48:05Z,
86.108.69.187,ipv4,botnet,high,WHITE,blocklist.de/bots|blocklist.de/all|ziyadnz/hourly-ipv4,blocklist.de|bot|irc-bot|brute-force|ziyadnz|hourly,2026-08-17T18:48:05Z,2026-08-17T18:48:05Z,
86.120.190.110,ipv4,botnet,high,WHITE,blocklist.de/bots|blocklist.de/all|ziyadnz/hourly-ipv4,blocklist.de|bot|irc-bot|brute-force|ziyadnz|hourly,2026-08-17T18:48:05Z,2026-08-17T18:48:05Z,
86.97.67.180,ipv4,botnet,high,WHITE,blocklist.de/bots|blocklist.de/all|ziyadnz/hourly-ipv4,blocklist.de|bot|irc-bot|brute-force|ziyadnz|hourly,2026-08-17T18:48:05Z,2026-08-17T18:48:05Z,
86.99.152.223,ipv4,botnet,high,WHITE,blocklist.de/bots|blocklist.de/all|ziyadnz/hourly-ipv4,blocklist.de|bot|irc-bot|brute-force|ziyadnz|hourly,2026-08-17T18:48:05Z,2026-08-17T18:48:05Z,
87.116.133.15,ipv4,botnet,high,WHITE,blocklist.de/bots|blocklist.de/all|ziyadnz/hourly-ipv4,blocklist.de|bot|irc-bot|brute-force|ziyadnz|hourly,2026-08-17T18:48:05Z,2026-08-17T18:48:05Z,
87.116.167.132,ipv4,botnet,high,WHITE,blocklist.de/bots|blocklist.de/all|ziyadnz/hourly-ipv4,blocklist.de|bot|irc-bot|brute-force|ziyadnz|hourly,2026-08-17T18:48:05Z,2026-08-17T18:48:05Z,
87.116.167.232,ipv4,botnet,high,WHITE,blocklist.de/bots|blocklist.de/all|ziyadnz/hourly-ipv4,blocklist.de|bot|irc-bot|brute-force|ziyadnz|hourly,2026-08-17T18:48:05Z,2026-08-17T18:48:05Z,
87.13.122.99,ipv4,botnet,high,WHITE,blocklist.de/bots|blocklist.de/all|ziyadnz/hourly-ipv4,blocklist.de|bot|irc-bot|brute-force|ziyadnz|hourly,2026-08-17T18:48:05Z,2026-08-17T18:48:05Z,
87.241.156.102,ipv4,botnet,high,WHITE,blocklist.de/bots|blocklist.de/all|ziyadnz/hourly-ipv4,blocklist.de|bot|irc-bot|brute-force|ziyadnz|hourly,2026-08-17T18:48:05Z,2026-08-17T18:48:05Z,
87.49.45.46,ipv4,botnet,high,WHITE,blocklist.de/bots|blocklist.de/all|ziyadnz/hourly-ipv4,blocklist.de|bot|irc-bot|brute-force|ziyadnz|hourly,2026-08-17T18:48:05Z,2026-08-17T18:48:05Z,
88.136.73.131,ipv4,botnet,high,WHITE,blocklist.de/bots|blocklist.de/all|ziyadnz/hourly-ipv4,blocklist.de|bot|irc-bot|brute-force|ziyadnz|hourly,2026-08-17T18:48:05Z,2026-08-17T18:48:05Z,
88.147.152.222,ipv4,botnet,high,WHITE,blocklist.de/bots|blocklist.de/all|ziyadnz/hourly-ipv4,blocklist.de|bot|irc-bot|brute-force|ziyadnz|hourly,2026-08-17T18:48:05Z,2026-08-17T18:48:05Z,
88.201.67.185,ipv4,botnet,high,WHITE,blocklist.de/bots|blocklist.de/all|ziyadnz/hourly-ipv4,blocklist.de|bot|irc-bot|brute-force|ziyadnz|hourly,2026-08-17T18:48:05Z,2026-08-17T18:48:05Z,
88.90.243.36,ipv4,botnet,high,WHITE,blocklist.de/bots|blocklist.de/all|ziyadnz/hourly-ipv4,blocklist.de|bot|irc-bot|brute-force|ziyadnz|hourly,2026-08-17T18:48:05Z,2026-08-17T18:48:05Z,
89.126.211.166,ipv4,botnet,high,WHITE,blocklist.de/bots|blocklist.de/all|ziyadnz/hourly-ipv4,blocklist.de|bot|irc-bot|brute-force|ziyadnz|hourly,2026-08-17T18:48:05Z,2026-08-17T18:48:05Z,
9.154.222.189,ipv4,botnet,high,WHITE,blocklist.de/bots|blocklist.de/all|ziyadnz/hourly-ipv4,blocklist.de|bot|irc-bot|brute-force|ziyadnz|hourly,2026-08-17T18:48:05Z,2026-08-17T18:48:05Z,
90.215.98.95,ipv4,botnet,high,WHITE,blocklist.de/bots|blocklist.de/all|ziyadnz/hourly-ipv4,blocklist.de|bot|irc-bot|brute-force|ziyadnz|hourly,2026-08-17T18:48:05Z,2026-08-17T18:48:05Z,
91.137.27.140,ipv4,botnet,high,WHITE,blocklist.de/bots|blocklist.de/all|ziyadnz/hourly-ipv4,blocklist.de|bot|irc-bot|brute-force|ziyadnz|hourly,2026-08-17T18:48:05Z,2026-08-17T18:48:05Z,
91.213.248.122,ipv4,botnet,medium,WHITE,blocklist.de/bots|ziyadnz/hourly-ipv4,blocklist.de|bot|irc-bot|brute-force|ziyadnz|hourly,2026-08-17T18:48:05Z,2026-08-17T18:48:05Z,
91.245.204.148,ipv4,botnet,high,WHITE,blocklist.de/bots|blocklist.de/all|ziyadnz/hourly-ipv4,blocklist.de|bot|irc-bot|brute-force|ziyadnz|hourly,2026-08-17T18:48:05Z,2026-08-17T18:48:05Z,
91.92.42.124,ipv4,botnet,medium,WHITE,blocklist.de/bots|ziyadnz/hourly-ipv4,blocklist.de|bot|irc-bot|brute-force|ziyadnz|hourly,2026-08-17T18:48:05Z,2026-08-17T18:48:05Z,
91.92.47.135,ipv4,botnet,high,WHITE,blocklist.de/bots|blocklist.de/all|ziyadnz/hourly-ipv4,blocklist.de|bot|irc-bot|brute-force|ziyadnz|hourly,2026-08-17T18:48:05Z,2026-08-17T18:48:05Z,
92.112.175.28,ipv4,botnet,high,WHITE,blocklist.de/bots|blocklist.de/all|ziyadnz/hourly-ipv4,blocklist.de|bot|irc-bot|brute-force|ziyadnz|hourly,2026-08-17T18:48:05Z,2026-08-17T18:48:05Z,
92.208.103.81,ipv4,botnet,high,WHITE,blocklist.de/bots|blocklist.de/all|ziyadnz/hourly-ipv4,blocklist.de|bot|irc-bot|brute-force|ziyadnz|hourly,2026-08-17T18:48:05Z,2026-08-17T18:48:05Z,
92.222.104.192,ipv4,botnet,high,WHITE,blocklist.de/bots|blocklist.de/all|ziyadnz/hourly-ipv4,blocklist.de|bot|irc-bot|brute-force|ziyadnz|hourly,2026-08-17T18:48:05Z,2026-08-17T18:48:05Z,
92.222.104.193,ipv4,botnet,high,WHITE,blocklist.de/bots|blocklist.de/all|ziyadnz/hourly-ipv4,blocklist.de|bot|irc-bot|brute-force|ziyadnz|hourly,2026-08-17T18:48:05Z,2026-08-17T18:48:05Z,
92.222.104.194,ipv4,botnet,high,WHITE,blocklist.de/bots|blocklist.de/all|ziyadnz/hourly-ipv4,blocklist.de|bot|irc-bot|brute-force|ziyadnz|hourly,2026-08-17T18:48:05Z,2026-08-17T18:48:05Z,
92.222.104.197,ipv4,botnet,high,WHITE,blocklist.de/bots|blocklist.de/all|ziyadnz/hourly-ipv4,blocklist.de|bot|irc-bot|brute-force|ziyadnz|hourly,2026-08-17T18:48:05Z,2026-08-17T18:48:05Z,
92.222.104.200,ipv4,botnet,high,WHITE,blocklist.de/bots|blocklist.de/all|ziyadnz/hourly-ipv4,blocklist.de|bot|irc-bot|brute-force|ziyadnz|hourly,2026-08-17T18:48:05Z,2026-08-17T18:48:05Z,
92.222.104.201,ipv4,botnet,high,WHITE,blocklist.de/bots|blocklist.de/all|ziyadnz/hourly-ipv4,blocklist.de|bot|irc-bot|brute-force|ziyadnz|hourly,2026-08-17T18:48:05Z,2026-08-17T18:48:05Z,
92.222.104.202,ipv4,botnet,high,WHITE,blocklist.de/bots|blocklist.de/all|ziyadnz/hourly-ipv4,blocklist.de|bot|irc-bot|brute-force|ziyadnz|hourly,2026-08-17T18:48:05Z,2026-08-17T18:48:05Z,
92.222.104.204,ipv4,botnet,high,WHITE,blocklist.de/bots|blocklist.de/all|ziyadnz/hourly-ipv4,blocklist.de|bot|irc-bot|brute-force|ziyadnz|hourly,2026-08-17T18:48:05Z,2026-08-17T18:48:05Z,
92.222.104.206,ipv4,botnet,high,WHITE,blocklist.de/bots|blocklist.de/all|ziyadnz/hourly-ipv4,blocklist.de|bot|irc-bot|brute-force|ziyadnz|hourly,2026-08-17T18:48:05Z,2026-08-17T18:48:05Z,
92.222.104.207,ipv4,botnet,high,WHITE,blocklist.de/bots|blocklist.de/all|ziyadnz/hourly-ipv4,blocklist.de|bot|irc-bot|brute-force|ziyadnz|hourly,2026-08-17T18:48:05Z,2026-08-17T18:48:05Z,
92.222.104.208,ipv4,botnet,high,WHITE,blocklist.de/bots|blocklist.de/all|ziyadnz/hourly-ipv4,blocklist.de|bot|irc-bot|brute-force|ziyadnz|hourly,2026-08-17T18:48:05Z,2026-08-17T18:48:05Z,
92.222.104.209,ipv4,botnet,high,WHITE,blocklist.de/bots|blocklist.de/all|ziyadnz/hourly-ipv4,blocklist.de|bot|irc-bot|brute-force|ziyadnz|hourly,2026-08-17T18:48:05Z,2026-08-17T18:48:05Z,
92.222.104.213,ipv4,botnet,high,WHITE,blocklist.de/bots|blocklist.de/all|ziyadnz/hourly-ipv4,blocklist.de|bot|irc-bot|brute-force|ziyadnz|hourly,2026-08-17T18:48:05Z,2026-08-17T18:48:05Z,
92.222.104.215,ipv4,botnet,high,WHITE,blocklist.de/bots|blocklist.de/all|ziyadnz/hourly-ipv4,blocklist.de|bot|irc-bot|brute-force|ziyadnz|hourly,2026-08-17T18:48:05Z,2026-08-17T18:48:05Z,
92.222.104.220,ipv4,botnet,high,WHITE,blocklist.de/bots|blocklist.de/all|ziyadnz/hourly-ipv4,blocklist.de|bot|irc-bot|brute-force|ziyadnz|hourly,2026-08-17T18:48:05Z,2026-08-17T18:48:05Z,
92.222.104.223,ipv4,botnet,high,WHITE,blocklist.de/bots|blocklist.de/all|ziyadnz/hourly-ipv4,blocklist.de|bot|irc-bot|brute-force|ziyadnz|hourly,2026-08-17T18:48:05Z,2026-08-17T18:48:05Z,
92.222.108.101,ipv4,botnet,high,WHITE,blocklist.de/bots|blocklist.de/all|ziyadnz/hourly-ipv4,blocklist.de|bot|irc-bot|brute-force|ziyadnz|hourly,2026-08-17T18:48:05Z,2026-08-17T18:48:05Z,
92.222.108.102,ipv4,botnet,high,WHITE,blocklist.de/bots|blocklist.de/all|ziyadnz/hourly-ipv4,blocklist.de|bot|irc-bot|brute-force|ziyadnz|hourly,2026-08-17T18:48:05Z,2026-08-17T18:48:05Z,
92.222.108.105,ipv4,botnet,high,WHITE,blocklist.de/bots|blocklist.de/all|ziyadnz/hourly-ipv4,blocklist.de|bot|irc-bot|brute-force|ziyadnz|hourly,2026-08-17T18:48:05Z,2026-08-17T18:48:05Z,
92.222.108.108,ipv4,botnet,high,WHITE,blocklist.de/bots|blocklist.de/all|ziyadnz/hourly-ipv4,blocklist.de|bot|irc-bot|brute-force|ziyadnz|hourly,2026-08-17T18:48:05Z,2026-08-17T18:48:05Z,
92.222.108.109,ipv4,botnet,high,WHITE,blocklist.de/bots|blocklist.de/all|ziyadnz/hourly-ipv4,blocklist.de|bot|irc-bot|brute-force|ziyadnz|hourly,2026-08-17T18:48:05Z,2026-08-17T18:48:05Z,
92.222.108.110,ipv4,botnet,high,WHITE,blocklist.de/bots|blocklist.de/all|ziyadnz/hourly-ipv4,blocklist.de|bot|irc-bot|brute-force|ziyadnz|hourly,2026-08-17T18:48:05Z,2026-08-17T18:48:05Z,
92.222.108.113,ipv4,botnet,high,WHITE,blocklist.de/bots|blocklist.de/all|ziyadnz/hourly-ipv4,blocklist.de|bot|irc-bot|brute-force|ziyadnz|hourly,2026-08-17T18:48:05Z,2026-08-17T18:48:05Z,
92.222.108.115,ipv4,botnet,high,WHITE,blocklist.de/bots|blocklist.de/all|ziyadnz/hourly-ipv4,blocklist.de|bot|irc-bot|brute-force|ziyadnz|hourly,2026-08-17T18:48:05Z,2026-08-17T18:48:05Z,
92.222.108.120,ipv4,botnet,high,WHITE,blocklist.de/bots|blocklist.de/all|ziyadnz/hourly-ipv4,blocklist.de|bot|irc-bot|brute-force|ziyadnz|hourly,2026-08-17T18:48:05Z,2026-08-17T18:48:05Z,
92.222.108.123,ipv4,botnet,high,WHITE,blocklist.de/bots|blocklist.de/all|ziyadnz/hourly-ipv4,blocklist.de|bot|irc-bot|brute-force|ziyadnz|hourly,2026-08-17T18:48:05Z,2026-08-17T18:48:05Z,
92.222.108.124,ipv4,botnet,high,WHITE,blocklist.de/bots|blocklist.de/all|ziyadnz/hourly-ipv4,blocklist.de|bot|irc-bot|brute-force|ziyadnz|hourly,2026-08-17T18:48:05Z,2026-08-17T18:48:05Z,
92.222.108.125,ipv4,botnet,high,WHITE,blocklist.de/bots|blocklist.de/all|ziyadnz/hourly-ipv4,blocklist.de|bot|irc-bot|brute-force|ziyadnz|hourly,2026-08-17T18:48:05Z,2026-08-17T18:48:05Z,
92.222.108.126,ipv4,botnet,high,WHITE,blocklist.de/bots|blocklist.de/all|ziyadnz/hourly-ipv4,blocklist.de|bot|irc-bot|brute-force|ziyadnz|hourly,2026-08-17T18:48:05Z,2026-08-17T18:48:05Z,
92.222.108.97,ipv4,botnet,high,WHITE,blocklist.de/bots|blocklist.de/all|ziyadnz/hourly-ipv4,blocklist.de|bot|irc-bot|brute-force|ziyadnz|hourly,2026-08-17T18:48:05Z,2026-08-17T18:48:05Z,
92.222.108.99,ipv4,botnet,high,WHITE,blocklist.de/bots|blocklist.de/all|ziyadnz/hourly-ipv4,blocklist.de|bot|irc-bot|brute-force|ziyadnz|hourly,2026-08-17T18:48:05Z,2026-08-17T18:48:05Z,
92.36.132.123,ipv4,botnet,high,WHITE,blocklist.de/bots|blocklist.de/all|ziyadnz/hourly-ipv4,blocklist.de|bot|irc-bot|brute-force|ziyadnz|hourly,2026-08-17T18:48:05Z,2026-08-17T18:48:05Z,
92.98.220.27,ipv4,botnet,medium,WHITE,blocklist.de/bots|ziyadnz/hourly-ipv4,blocklist.de|bot|irc-bot|brute-force|ziyadnz|hourly,2026-08-17T18:48:05Z,2026-08-17T18:48:05Z,
93.123.109.105,ipv4,botnet,high,WHITE,blocklist.de/bots|blocklist.de/all|ziyadnz/hourly-ipv4,blocklist.de|bot|irc-bot|brute-force|ziyadnz|hourly,2026-08-17T18:48:05Z,2026-08-17T18:48:05Z,
93.123.109.152,ipv4,botnet,high,WHITE,blocklist.de/bots|blocklist.de/all|ziyadnz/hourly-ipv4,blocklist.de|bot|irc-bot|brute-force|ziyadnz|hourly,2026-08-17T18:48:05Z,2026-08-17T18:48:05Z,
93.152.221.68,ipv4,botnet,high,WHITE,blocklist.de/bots|blocklist.de/all|ziyadnz/hourly-ipv4,blocklist.de|bot|irc-bot|brute-force|ziyadnz|hourly,2026-08-17T18:48:05Z,2026-08-17T18:48:05Z,
93.70.83.213,ipv4,botnet,high,WHITE,blocklist.de/bots|blocklist.de/all|ziyadnz/hourly-ipv4,blocklist.de|bot|irc-bot|brute-force|ziyadnz|hourly,2026-08-17T18:48:05Z,2026-08-17T18:48:05Z,
93.86.218.86,ipv4,botnet,high,WHITE,blocklist.de/bots|blocklist.de/all|ziyadnz/hourly-ipv4,blocklist.de|bot|irc-bot|brute-force|ziyadnz|hourly,2026-08-17T18:48:05Z,2026-08-17T18:48:05Z,
93.86.237.211,ipv4,botnet,high,WHITE,blocklist.de/bots|blocklist.de/all|ziyadnz/hourly-ipv4,blocklist.de|bot|irc-bot|brute-force|ziyadnz|hourly,2026-08-17T18:48:05Z,2026-08-17T18:48:05Z,
94.120.118.128,ipv4,botnet,high,WHITE,blocklist.de/bots|blocklist.de/all|ziyadnz/hourly-ipv4,blocklist.de|bot|irc-bot|brute-force|ziyadnz|hourly,2026-08-17T18:48:05Z,2026-08-17T18:48:05Z,
94.206.16.68,ipv4,botnet,high,WHITE,blocklist.de/bots|blocklist.de/all|ziyadnz/hourly-ipv4,blocklist.de|bot|irc-bot|brute-force|ziyadnz|hourly,2026-08-17T18:48:05Z,2026-08-17T18:48:05Z,
94.229.64.171,ipv4,botnet,high,WHITE,blocklist.de/bots|blocklist.de/all|ziyadnz/hourly-ipv4,blocklist.de|bot|irc-bot|brute-force|ziyadnz|hourly,2026-08-17T18:48:05Z,2026-08-17T18:48:05Z,
94.23.188.193,ipv4,botnet,high,WHITE,blocklist.de/bots|blocklist.de/all|ziyadnz/hourly-ipv4,blocklist.de|bot|irc-bot|brute-force|ziyadnz|hourly,2026-08-17T18:48:05Z,2026-08-17T18:48:05Z,
94.23.188.196,ipv4,botnet,high,WHITE,blocklist.de/bots|blocklist.de/all|ziyadnz/hourly-ipv4,blocklist.de|bot|irc-bot|brute-force|ziyadnz|hourly,2026-08-17T18:48:05Z,2026-08-17T18:48:05Z,
94.23.188.197,ipv4,botnet,high,WHITE,blocklist.de/bots|blocklist.de/all|ziyadnz/hourly-ipv4,blocklist.de|bot|irc-bot|brute-force|ziyadnz|hourly,2026-08-17T18:48:05Z,2026-08-17T18:48:05Z,
94.23.188.198,ipv4,botnet,high,WHITE,blocklist.de/bots|blocklist.de/all|ziyadnz/hourly-ipv4,blocklist.de|bot|irc-bot|brute-force|ziyadnz|hourly,2026-08-17T18:48:05Z,2026-08-17T18:48:05Z,
94.23.188.201,ipv4,botnet,high,WHITE,blocklist.de/bots|blocklist.de/all|ziyadnz/hourly-ipv4,blocklist.de|bot|irc-bot|brute-force|ziyadnz|hourly,2026-08-17T18:48:05Z,2026-08-17T18:48:05Z,
94.23.188.203,ipv4,botnet,high,WHITE,blocklist.de/bots|blocklist.de/all|ziyadnz/hourly-ipv4,blocklist.de|bot|irc-bot|brute-force|ziyadnz|hourly,2026-08-17T18:48:05Z,2026-08-17T18:48:05Z,
94.23.188.206,ipv4,botnet,high,WHITE,blocklist.de/bots|blocklist.de/all|ziyadnz/hourly-ipv4,blocklist.de|bot|irc-bot|brute-force|ziyadnz|hourly,2026-08-17T18:48:05Z,2026-08-17T18:48:05Z,
94.23.188.208,ipv4,botnet,high,WHITE,blocklist.de/bots|blocklist.de/all|ziyadnz/hourly-ipv4,blocklist.de|bot|irc-bot|brute-force|ziyadnz|hourly,2026-08-17T18:48:05Z,2026-08-17T18:48:05Z,
94.23.188.209,ipv4,botnet,high,WHITE,blocklist.de/bots|blocklist.de/all|ziyadnz/hourly-ipv4,blocklist.de|bot|irc-bot|brute-force|ziyadnz|hourly,2026-08-17T18:48:05Z,2026-08-17T18:48:05Z,
94.23.188.212,ipv4,botnet,high,WHITE,blocklist.de/bots|blocklist.de/all|ziyadnz/hourly-ipv4,blocklist.de|bot|irc-bot|brute-force|ziyadnz|hourly,2026-08-17T18:48:05Z,2026-08-17T18:48:05Z,
94.23.188.213,ipv4,botnet,high,WHITE,blocklist.de/bots|blocklist.de/all|ziyadnz/hourly-ipv4,blocklist.de|bot|irc-bot|brute-force|ziyadnz|hourly,2026-08-17T18:48:05Z,2026-08-17T18:48:05Z,
94.23.188.217,ipv4,botnet,high,WHITE,blocklist.de/bots|blocklist.de/all|ziyadnz/hourly-ipv4,blocklist.de|bot|irc-bot|brute-force|ziyadnz|hourly,2026-08-17T18:48:05Z,2026-08-17T18:48:05Z,
94.23.188.222,ipv4,botnet,high,WHITE,blocklist.de/bots|blocklist.de/all|ziyadnz/hourly-ipv4,blocklist.de|bot|irc-bot|brute-force|ziyadnz|hourly,2026-08-17T18:48:05Z,2026-08-17T18:48:05Z,
94.249.90.85,ipv4,botnet,high,WHITE,blocklist.de/bots|blocklist.de/all|ziyadnz/hourly-ipv4,blocklist.de|bot|irc-bot|brute-force|ziyadnz|hourly,2026-08-17T18:48:05Z,2026-08-17T18:48:05Z,
94.57.98.110,ipv4,botnet,high,WHITE,blocklist.de/bots|blocklist.de/all|ziyadnz/hourly-ipv4,blocklist.de|bot|irc-bot|brute-force|ziyadnz|hourly,2026-08-17T18:48:05Z,2026-08-17T18:48:05Z,
94.59.138.82,ipv4,botnet,high,WHITE,blocklist.de/bots|blocklist.de/all|ziyadnz/hourly-ipv4,blocklist.de|bot|irc-bot|brute-force|ziyadnz|hourly,2026-08-17T18:48:05Z,2026-08-17T18:48:05Z,
95.108.213.230,ipv4,botnet,high,WHITE,blocklist.de/bots|blocklist.de/all|ziyadnz/hourly-ipv4,blocklist.de|bot|irc-bot|brute-force|ziyadnz|hourly,2026-08-17T18:48:05Z,2026-08-17T18:48:05Z,
95.173.216.16,ipv4,botnet,high,WHITE,blocklist.de/bots|blocklist.de/all|ziyadnz/hourly-ipv4,blocklist.de|bot|irc-bot|brute-force|ziyadnz|hourly,2026-08-17T18:48:05Z,2026-08-17T18:48:05Z,
95.173.222.30,ipv4,botnet,high,WHITE,blocklist.de/bots|blocklist.de/all|ziyadnz/hourly-ipv4,blocklist.de|bot|irc-bot|brute-force|ziyadnz|hourly,2026-08-17T18:48:05Z,2026-08-17T18:48:05Z,
95.91.106.101,ipv4,botnet,high,WHITE,blocklist.de/bots|blocklist.de/all|ziyadnz/hourly-ipv4,blocklist.de|bot|irc-bot|brute-force|ziyadnz|hourly,2026-08-17T18:48:05Z,2026-08-17T18:48:05Z,
96.0.161.106,ipv4,botnet,high,WHITE,blocklist.de/bots|blocklist.de/all|ziyadnz/hourly-ipv4,blocklist.de|bot|irc-bot|brute-force|ziyadnz|hourly,2026-08-17T18:48:05Z,2026-08-17T18:48:05Z,
96.126.117.204,ipv4,botnet,high,WHITE,blocklist.de/bots|blocklist.de/all|ziyadnz/hourly-ipv4,blocklist.de|bot|irc-bot|brute-force|ziyadnz|hourly,2026-08-17T18:48:05Z,2026-08-17T18:48:05Z,
96.66.81.29,ipv4,botnet,high,WHITE,blocklist.de/bots|blocklist.de/all|ziyadnz/hourly-ipv4,blocklist.de|bot|irc-bot|brute-force|ziyadnz|hourly,2026-08-17T18:48:05Z,2026-08-17T18:48:05Z,
97.107.135.241,ipv4,botnet,high,WHITE,blocklist.de/bots|blocklist.de/all|ziyadnz/hourly-ipv4,blocklist.de|bot|irc-bot|brute-force|ziyadnz|hourly,2026-08-17T18:48:05Z,2026-08-17T18:48:05Z,
97.74.4.49,ipv4,botnet,high,WHITE,blocklist.de/bots|blocklist.de/all|ziyadnz/hourly-ipv4,blocklist.de|bot|irc-bot|brute-force|ziyadnz|hourly,2026-08-17T18:48:05Z,2026-08-17T18:48:05Z,
100.51.195.110,ipv4,attack,high,WHITE,blocklist.de/all|blocklist.de/mail|ziyadnz/hourly-ipv4,blocklist.de|brute-force|apache|rfi|ddos|spam|mail|ziyadnz|hourly,2026-08-17T18:48:05Z,2026-08-17T18:48:05Z,
100.59.0.92,ipv4,attack,medium,WHITE,blocklist.de/all|ziyadnz/hourly-ipv4,blocklist.de|brute-force|apache|rfi|ddos|spam|mail|ziyadnz|hourly,2026-08-17T18:48:05Z,2026-08-17T18:48:05Z,
101.13.4.119,ipv4,attack,high,WHITE,blocklist.de/all|blocklist.de/mail|ziyadnz/hourly-ipv4,blocklist.de|brute-force|apache|rfi|ddos|spam|mail|ziyadnz|hourly,2026-08-17T18:48:05Z,2026-08-17T18:48:05Z,
101.168.24.56,ipv4,attack,medium,WHITE,blocklist.de/all|ziyadnz/hourly-ipv4,blocklist.de|brute-force|apache|rfi|ddos|spam|mail|ziyadnz|hourly,2026-08-17T18:48:05Z,2026-08-17T18:48:05Z,
101.226.10.126,ipv4,attack,high,WHITE,blocklist.de/all|blocklist.de/apache|ziyadnz/hourly-ipv4,blocklist.de|brute-force|apache|rfi|ddos|spam|mail|ziyadnz|hourly,2026-08-17T18:48:05Z,2026-08-17T18:48:05Z,
101.34.249.202,ipv4,attack,medium,WHITE,blocklist.de/all|ziyadnz/hourly-ipv4,blocklist.de|brute-force|apache|rfi|ddos|spam|mail|ziyadnz|hourly,2026-08-17T18:48:05Z,2026-08-17T18:48:05Z,
101.96.202.177,ipv4,attack,medium,WHITE,blocklist.de/all|ziyadnz/hourly-ipv4,blocklist.de|brute-force|apache|rfi|ddos|spam|mail|ziyadnz|hourly,2026-08-17T18:48:05Z,2026-08-17T18:48:05Z,
102.222.132.206,ipv4,attack,high,WHITE,blocklist.de/all|blocklist.de/mail|ziyadnz/hourly-ipv4,blocklist.de|brute-force|apache|rfi|ddos|spam|mail|ziyadnz|hourly,2026-08-17T18:48:05Z,2026-08-17T18:48:05Z,
102.39.73.254,ipv4,attack,high,WHITE,blocklist.de/all|blocklist.de/mail|ziyadnz/hourly-ipv4,blocklist.de|brute-force|apache|rfi|ddos|spam|mail|ziyadnz|hourly,2026-08-17T18:48:05Z,2026-08-17T18:48:05Z,
102.90.34.90,ipv4,attack,high,WHITE,blocklist.de/all|blocklist.de/mail|ziyadnz/hourly-ipv4,blocklist.de|brute-force|apache|rfi|ddos|spam|mail|ziyadnz|hourly,2026-08-17T18:48:05Z,2026-08-17T18:48:05Z,
103.103.53.44,ipv4,attack,high,WHITE,blocklist.de/all|blocklist.de/mail|ziyadnz/hourly-ipv4,blocklist.de|brute-force|apache|rfi|ddos|spam|mail|ziyadnz|hourly,2026-08-17T18:48:05Z,2026-08-17T18:48:05Z,
103.127.32.106,ipv4,attack,high,WHITE,blocklist.de/all|blocklist.de/mail|ziyadnz/hourly-ipv4,blocklist.de|brute-force|apache|rfi|ddos|spam|mail|ziyadnz|hourly,2026-08-17T18:48:05Z,2026-08-17T18:48:05Z,
103.129.200.10,ipv4,attack,high,WHITE,blocklist.de/all|blocklist.de/mail|ziyadnz/hourly-ipv4,blocklist.de|brute-force|apache|rfi|ddos|spam|mail|ziyadnz|hourly,2026-08-17T18:48:05Z,2026-08-17T18:48:05Z,
103.158.138.179,ipv4,attack,high,WHITE,blocklist.de/all|blocklist.de/mail|ziyadnz/hourly-ipv4,blocklist.de|brute-force|apache|rfi|ddos|spam|mail|ziyadnz|hourly,2026-08-17T18:48:05Z,2026-08-17T18:48:05Z,
103.161.93.53,ipv4,attack,high,WHITE,blocklist.de/all|blocklist.de/mail|ziyadnz/hourly-ipv4,blocklist.de|brute-force|apache|rfi|ddos|spam|mail|ziyadnz|hourly,2026-08-17T18:48:05Z,2026-08-17T18:48:05Z,
103.170.185.162,ipv4,attack,high,WHITE,blocklist.de/all|blocklist.de/mail|ziyadnz/hourly-ipv4,blocklist.de|brute-force|apache|rfi|ddos|spam|mail|ziyadnz|hourly,2026-08-17T18:48:05Z,2026-08-17T18:48:05Z,
103.175.138.31,ipv4,attack,high,WHITE,blocklist.de/all|blocklist.de/mail|ziyadnz/hourly-ipv4,blocklist.de|brute-force|apache|rfi|ddos|spam|mail|ziyadnz|hourly,2026-08-17T18:48:05Z,2026-08-17T18:48:05Z,
103.180.123.42,ipv4,attack,high,WHITE,blocklist.de/all|blocklist.de/mail|ziyadnz/hourly-ipv4,blocklist.de|brute-force|apache|rfi|ddos|spam|mail|ziyadnz|hourly,2026-08-17T18:48:05Z,2026-08-17T18:48:05Z,
103.180.88.203,ipv4,attack,high,WHITE,blocklist.de/all|blocklist.de/mail|ziyadnz/hourly-ipv4,blocklist.de|brute-force|apache|rfi|ddos|spam|mail|ziyadnz|hourly,2026-08-17T18:48:05Z,2026-08-17T18:48:05Z,
103.181.81.150,ipv4,attack,high,WHITE,blocklist.de/all|blocklist.de/mail|ziyadnz/hourly-ipv4,blocklist.de|brute-force|apache|rfi|ddos|spam|mail|ziyadnz|hourly,2026-08-17T18:48:05Z,2026-08-17T18:48:05Z,
103.200.25.79,ipv4,attack,medium,WHITE,blocklist.de/all|ziyadnz/hourly-ipv4,blocklist.de|brute-force|apache|rfi|ddos|spam|mail|ziyadnz|hourly,2026-08-17T18:48:05Z,2026-08-17T18:48:05Z,
103.203.210.119,ipv4,attack,high,WHITE,blocklist.de/all|blocklist.de/mail|ziyadnz/hourly-ipv4,blocklist.de|brute-force|apache|rfi|ddos|spam|mail|ziyadnz|hourly,2026-08-17T18:48:05Z,2026-08-17T18:48:05Z,
103.21.235.47,ipv4,attack,high,WHITE,blocklist.de/all|blocklist.de/mail|ziyadnz/hourly-ipv4,blocklist.de|brute-force|apache|rfi|ddos|spam|mail|ziyadnz|hourly,2026-08-17T18:48:05Z,2026-08-17T18:48:05Z,
103.215.74.223,ipv4,attack,high,WHITE,blocklist.de/all|blocklist.de/apache|ziyadnz/hourly-ipv4,blocklist.de|brute-force|apache|rfi|ddos|spam|mail|ziyadnz|hourly,2026-08-17T18:48:05Z,2026-08-17T18:48:05Z,
103.217.72.95,ipv4,attack,high,WHITE,blocklist.de/all|blocklist.de/mail|ziyadnz/hourly-ipv4,blocklist.de|brute-force|apache|rfi|ddos|spam|mail|ziyadnz|hourly,2026-08-17T18:48:05Z,2026-08-17T18:48:05Z,
103.230.176.152,ipv4,attack,high,WHITE,blocklist.de/all|blocklist.de/mail|ziyadnz/hourly-ipv4,blocklist.de|brute-force|apache|rfi|ddos|spam|mail|ziyadnz|hourly,2026-08-17T18:48:05Z,2026-08-17T18:48:05Z,
103.251.27.212,ipv4,attack,high,WHITE,blocklist.de/all|blocklist.de/apache|ziyadnz/hourly-ipv4,blocklist.de|brute-force|apache|rfi|ddos|spam|mail|ziyadnz|hourly,2026-08-17T18:48:05Z,2026-08-17T18:48:05Z,
103.50.5.94,ipv4,attack,high,WHITE,blocklist.de/all|blocklist.de/mail|ziyadnz/hourly-ipv4,blocklist.de|brute-force|apache|rfi|ddos|spam|mail|ziyadnz|hourly,2026-08-17T18:48:05Z,2026-08-17T18:48:05Z,
103.61.44.43,ipv4,attack,medium,WHITE,blocklist.de/all|ziyadnz/hourly-ipv4,blocklist.de|brute-force|apache|rfi|ddos|spam|mail|ziyadnz|hourly,2026-08-17T18:48:05Z,2026-08-17T18:48:05Z,
103.68.52.210,ipv4,attack,high,WHITE,blocklist.de/all|blocklist.de/mail|ziyadnz/hourly-ipv4,blocklist.de|brute-force|apache|rfi|ddos|spam|mail|ziyadnz|hourly,2026-08-17T18:48:05Z,2026-08-17T18:48:05Z,
103.69.9.16,ipv4,attack,high,WHITE,blocklist.de/all|blocklist.de/mail|ziyadnz/hourly-ipv4,blocklist.de|brute-force|apache|rfi|ddos|spam|mail|ziyadnz|hourly,2026-08-17T18:48:05Z,2026-08-17T18:48:05Z,
103.70.40.36,ipv4,attack,medium,WHITE,blocklist.de/all|ziyadnz/hourly-ipv4,blocklist.de|brute-force|apache|rfi|ddos|spam|mail|ziyadnz|hourly,2026-08-17T18:48:05Z,2026-08-17T18:48:05Z,
103.84.5.172,ipv4,attack,medium,WHITE,blocklist.de/all|ziyadnz/hourly-ipv4,blocklist.de|brute-force|apache|rfi|ddos|spam|mail|ziyadnz|hourly,2026-08-17T18:48:05Z,2026-08-17T18:48:05Z,
103.93.129.237,ipv4,attack,high,WHITE,blocklist.de/all|blocklist.de/apache|ziyadnz/hourly-ipv4,blocklist.de|brute-force|apache|rfi|ddos|spam|mail|ziyadnz|hourly,2026-08-17T18:48:05Z,2026-08-17T18:48:05Z,
103.93.37.178,ipv4,attack,high,WHITE,blocklist.de/all|blocklist.de/mail|ziyadnz/hourly-ipv4,blocklist.de|brute-force|apache|rfi|ddos|spam|mail|ziyadnz|hourly,2026-08-17T18:48:05Z,2026-08-17T18:48:05Z,
104.131.120.187,ipv4,attack,high,WHITE,blocklist.de/all|blocklist.de/mail|ziyadnz/hourly-ipv4,blocklist.de|brute-force|apache|rfi|ddos|spam|mail|ziyadnz|hourly,2026-08-17T18:48:05Z,2026-08-17T18:48:05Z,
104.137.140.116,ipv4,attack,high,WHITE,blocklist.de/all|blocklist.de/mail|ziyadnz/hourly-ipv4,blocklist.de|brute-force|apache|rfi|ddos|spam|mail|ziyadnz|hourly,2026-08-17T18:48:05Z,2026-08-17T18:48:05Z,
104.155.12.32,ipv4,attack,high,WHITE,blocklist.de/all|blocklist.de/apache|ziyadnz/hourly-ipv4,blocklist.de|brute-force|apache|rfi|ddos|spam|mail|ziyadnz|hourly,2026-08-17T18:48:05Z,2026-08-17T18:48:05Z,
104.155.18.133,ipv4,attack,high,WHITE,blocklist.de/all|blocklist.de/apache|ziyadnz/hourly-ipv4,blocklist.de|brute-force|apache|rfi|ddos|spam|mail|ziyadnz|hourly,2026-08-17T18:48:05Z,2026-08-17T18:48:05Z,
104.155.42.229,ipv4,attack,high,WHITE,blocklist.de/all|blocklist.de/apache|ziyadnz/hourly-ipv4,blocklist.de|brute-force|apache|rfi|ddos|spam|mail|ziyadnz|hourly,2026-08-17T18:48:05Z,2026-08-17T18:48:05Z,
104.196.165.40,ipv4,attack,high,WHITE,blocklist.de/all|blocklist.de/apache|ziyadnz/hourly-ipv4,blocklist.de|brute-force|apache|rfi|ddos|spam|mail|ziyadnz|hourly,2026-08-17T18:48:05Z,2026-08-17T18:48:05Z,
104.197.242.193,ipv4,attack,high,WHITE,blocklist.de/all|blocklist.de/apache|ziyadnz/hourly-ipv4,blocklist.de|brute-force|apache|rfi|ddos|spam|mail|ziyadnz|hourly,2026-08-17T18:48:05Z,2026-08-17T18:48:05Z,
104.199.84.143,ipv4,attack,high,WHITE,blocklist.de/all|blocklist.de/apache|ziyadnz/hourly-ipv4,blocklist.de|brute-force|apache|rfi|ddos|spam|mail|ziyadnz|hourly,2026-08-17T18:48:05Z,2026-08-17T18:48:05Z,
104.199.99.241,ipv4,attack,medium,WHITE,blocklist.de/all|ziyadnz/hourly-ipv4,blocklist.de|brute-force|apache|rfi|ddos|spam|mail|ziyadnz|hourly,2026-08-17T18:48:05Z,2026-08-17T18:48:05Z,
104.22.10.146,ipv4,attack,high,WHITE,blocklist.de/all|blocklist.de/apache|ziyadnz/hourly-ipv4,blocklist.de|brute-force|apache|rfi|ddos|spam|mail|ziyadnz|hourly,2026-08-17T18:48:05Z,2026-08-17T18:48:05Z,
104.22.100.184,ipv4,attack,high,WHITE,blocklist.de/all|blocklist.de/apache|ziyadnz/hourly-ipv4,blocklist.de|brute-force|apache|rfi|ddos|spam|mail|ziyadnz|hourly,2026-08-17T18:48:05Z,2026-08-17T18:48:05Z,
104.22.100.96,ipv4,attack,high,WHITE,blocklist.de/all|blocklist.de/apache|ziyadnz/hourly-ipv4,blocklist.de|brute-force|apache|rfi|ddos|spam|mail|ziyadnz|hourly,2026-08-17T18:48:05Z,2026-08-17T18:48:05Z,
104.22.101.136,ipv4,attack,high,WHITE,blocklist.de/all|blocklist.de/apache|ziyadnz/hourly-ipv4,blocklist.de|brute-force|apache|rfi|ddos|spam|mail|ziyadnz|hourly,2026-08-17T18:48:05Z,2026-08-17T18:48:05Z,
104.22.101.137,ipv4,attack,high,WHITE,blocklist.de/all|blocklist.de/apache|ziyadnz/hourly-ipv4,blocklist.de|brute-force|apache|rfi|ddos|spam|mail|ziyadnz|hourly,2026-08-17T18:48:05Z,2026-08-17T18:48:05Z,
104.22.17.112,ipv4,attack,high,WHITE,blocklist.de/all|blocklist.de/apache|ziyadnz/hourly-ipv4,blocklist.de|brute-force|apache|rfi|ddos|spam|mail|ziyadnz|hourly,2026-08-17T18:48:05Z,2026-08-17T18:48:05Z,
104.22.17.113,ipv4,attack,high,WHITE,blocklist.de/all|blocklist.de/apache|ziyadnz/hourly-ipv4,blocklist.de|brute-force|apache|rfi|ddos|spam|mail|ziyadnz|hourly,2026-08-17T18:48:05Z,2026-08-17T18:48:05Z,
104.22.17.125,ipv4,attack,high,WHITE,blocklist.de/all|blocklist.de/apache|ziyadnz/hourly-ipv4,blocklist.de|brute-force|apache|rfi|ddos|spam|mail|ziyadnz|hourly,2026-08-17T18:48:05Z,2026-08-17T18:48:05Z,
104.22.93.90,ipv4,attack,high,WHITE,blocklist.de/all|blocklist.de/apache|ziyadnz/hourly-ipv4,blocklist.de|brute-force|apache|rfi|ddos|spam|mail|ziyadnz|hourly,2026-08-17T18:48:05Z,2026-08-17T18:48:05Z,
104.22.93.95,ipv4,attack,high,WHITE,blocklist.de/all|blocklist.de/apache|ziyadnz/hourly-ipv4,blocklist.de|brute-force|apache|rfi|ddos|spam|mail|ziyadnz|hourly,2026-08-17T18:48:05Z,2026-08-17T18:48:05Z,
104.23.209.132,ipv4,attack,high,WHITE,blocklist.de/all|blocklist.de/apache|ziyadnz/hourly-ipv4,blocklist.de|brute-force|apache|rfi|ddos|spam|mail|ziyadnz|hourly,2026-08-17T18:48:05Z,2026-08-17T18:48:05Z,
104.23.209.146,ipv4,attack,high,WHITE,blocklist.de/all|blocklist.de/apache|ziyadnz/hourly-ipv4,blocklist.de|brute-force|apache|rfi|ddos|spam|mail|ziyadnz|hourly,2026-08-17T18:48:05Z,2026-08-17T18:48:05Z,
104.23.213.90,ipv4,attack,high,WHITE,blocklist.de/all|blocklist.de/apache|ziyadnz/hourly-ipv4,blocklist.de|brute-force|apache|rfi|ddos|spam|mail|ziyadnz|hourly,2026-08-17T18:48:05Z,2026-08-17T18:48:05Z,
104.23.213.91,ipv4,attack,high,WHITE,blocklist.de/all|blocklist.de/apache|ziyadnz/hourly-ipv4,blocklist.de|brute-force|apache|rfi|ddos|spam|mail|ziyadnz|hourly,2026-08-17T18:48:05Z,2026-08-17T18:48:05Z,
104.23.221.185,ipv4,attack,high,WHITE,blocklist.de/all|blocklist.de/apache|ziyadnz/hourly-ipv4,blocklist.de|brute-force|apache|rfi|ddos|spam|mail|ziyadnz|hourly,2026-08-17T18:48:05Z,2026-08-17T18:48:05Z,
104.23.221.214,ipv4,attack,high,WHITE,blocklist.de/all|blocklist.de/apache|ziyadnz/hourly-ipv4,blocklist.de|brute-force|apache|rfi|ddos|spam|mail|ziyadnz|hourly,2026-08-17T18:48:05Z,2026-08-17T18:48:05Z,
104.23.221.215,ipv4,attack,high,WHITE,blocklist.de/all|blocklist.de/apache|ziyadnz/hourly-ipv4,blocklist.de|brute-force|apache|rfi|ddos|spam|mail|ziyadnz|hourly,2026-08-17T18:48:05Z,2026-08-17T18:48:05Z,
104.23.223.78,ipv4,attack,high,WHITE,blocklist.de/all|blocklist.de/apache|ziyadnz/hourly-ipv4,blocklist.de|brute-force|apache|rfi|ddos|spam|mail|ziyadnz|hourly,2026-08-17T18:48:05Z,2026-08-17T18:48:05Z,
104.23.223.79,ipv4,attack,high,WHITE,blocklist.de/all|blocklist.de/apache|ziyadnz/hourly-ipv4,blocklist.de|brute-force|apache|rfi|ddos|spam|mail|ziyadnz|hourly,2026-08-17T18:48:05Z,2026-08-17T18:48:05Z,
104.23.245.170,ipv4,attack,high,WHITE,blocklist.de/all|blocklist.de/apache|ziyadnz/hourly-ipv4,blocklist.de|brute-force|apache|rfi|ddos|spam|mail|ziyadnz|hourly,2026-08-17T18:48:05Z,2026-08-17T18:48:05Z,
104.23.245.171,ipv4,attack,high,WHITE,blocklist.de/all|blocklist.de/apache|ziyadnz/hourly-ipv4,blocklist.de|brute-force|apache|rfi|ddos|spam|mail|ziyadnz|hourly,2026-08-17T18:48:05Z,2026-08-17T18:48:05Z,
104.23.251.232,ipv4,attack,high,WHITE,blocklist.de/all|blocklist.de/apache|ziyadnz/hourly-ipv4,blocklist.de|brute-force|apache|rfi|ddos|spam|mail|ziyadnz|hourly,2026-08-17T18:48:05Z,2026-08-17T18:48:05Z,
104.23.251.233,ipv4,attack,high,WHITE,blocklist.de/all|blocklist.de/apache|ziyadnz/hourly-ipv4,blocklist.de|brute-force|apache|rfi|ddos|spam|mail|ziyadnz|hourly,2026-08-17T18:48:05Z,2026-08-17T18:48:05Z,
104.236.25.125,ipv4,attack,high,WHITE,blocklist.de/all|blocklist.de/apache|ziyadnz/hourly-ipv4,blocklist.de|brute-force|apache|rfi|ddos|spam|mail|ziyadnz|hourly,2026-08-17T18:48:05Z,2026-08-17T18:48:05Z,
104.236.83.40,ipv4,attack,medium,WHITE,blocklist.de/all|ziyadnz/hourly-ipv4,blocklist.de|brute-force|apache|rfi|ddos|spam|mail|ziyadnz|hourly,2026-08-17T18:48:05Z,2026-08-17T18:48:05Z,
104.248.224.222,ipv4,attack,high,WHITE,blocklist.de/all|blocklist.de/apache|ziyadnz/hourly-ipv4,blocklist.de|brute-force|apache|rfi|ddos|spam|mail|ziyadnz|hourly,2026-08-17T18:48:05Z,2026-08-17T18:48:05Z,
104.248.57.188,ipv4,attack,medium,WHITE,blocklist.de/all|blocklist.de/apache,blocklist.de|brute-force|apache|rfi|ddos|spam|mail|ziyadnz|hourly,2026-08-17T18:48:05Z,2026-08-17T18:48:05Z,
105.72.176.66,ipv4,attack,high,WHITE,blocklist.de/all|blocklist.de/mail|ziyadnz/hourly-ipv4,blocklist.de|brute-force|apache|rfi|ddos|spam|mail|ziyadnz|hourly,2026-08-17T18:48:05Z,2026-08-17T18:48:05Z,
106.112.194.160,ipv4,attack,high,WHITE,blocklist.de/all|blocklist.de/mail|ziyadnz/hourly-ipv4,blocklist.de|brute-force|apache|rfi|ddos|spam|mail|ziyadnz|hourly,2026-08-17T18:48:05Z,2026-08-17T18:48:05Z,
106.12.128.184,ipv4,attack,medium,WHITE,blocklist.de/all|ziyadnz/hourly-ipv4,blocklist.de|brute-force|apache|rfi|ddos|spam|mail|ziyadnz|hourly,2026-08-17T18:48:05Z,2026-08-17T18:48:05Z,
106.153.250.45,ipv4,attack,high,WHITE,blocklist.de/all|blocklist.de/mail|ziyadnz/hourly-ipv4,blocklist.de|brute-force|apache|rfi|ddos|spam|mail|ziyadnz|hourly,2026-08-17T18:48:05Z,2026-08-17T18:48:05Z,
106.201.232.211,ipv4,attack,high,WHITE,blocklist.de/all|blocklist.de/mail|ziyadnz/hourly-ipv4,blocklist.de|brute-force|apache|rfi|ddos|spam|mail|ziyadnz|hourly,2026-08-17T18:48:05Z,2026-08-17T18:48:05Z,
106.246.89.69,ipv4,attack,high,WHITE,blocklist.de/all|blocklist.de/mail|ziyadnz/hourly-ipv4,blocklist.de|brute-force|apache|rfi|ddos|spam|mail|ziyadnz|hourly,2026-08-17T18:48:05Z,2026-08-17T18:48:05Z,
106.246.89.73,ipv4,attack,high,WHITE,blocklist.de/all|blocklist.de/mail|ziyadnz/hourly-ipv4,blocklist.de|brute-force|apache|rfi|ddos|spam|mail|ziyadnz|hourly,2026-08-17T18:48:05Z,2026-08-17T18:48:05Z,
106.37.72.234,ipv4,attack,medium,WHITE,blocklist.de/all|ziyadnz/hourly-ipv4,blocklist.de|brute-force|apache|rfi|ddos|spam|mail|ziyadnz|hourly,2026-08-17T18:48:05Z,2026-08-17T18:48:05Z,
106.52.168.177,ipv4,attack,medium,WHITE,blocklist.de/all|ziyadnz/hourly-ipv4,blocklist.de|brute-force|apache|rfi|ddos|spam|mail|ziyadnz|hourly,2026-08-17T18:48:05Z,2026-08-17T18:48:05Z,
106.89.59.10,ipv4,attack,high,WHITE,blocklist.de/all|blocklist.de/mail|ziyadnz/hourly-ipv4,blocklist.de|brute-force|apache|rfi|ddos|spam|mail|ziyadnz|hourly,2026-08-17T18:48:05Z,2026-08-17T18:48:05Z,
107.170.2.196,ipv4,attack,high,WHITE,blocklist.de/all|blocklist.de/apache|ziyadnz/hourly-ipv4,blocklist.de|brute-force|apache|rfi|ddos|spam|mail|ziyadnz|hourly,2026-08-17T18:48:05Z,2026-08-17T18:48:05Z,
107.173.136.200,ipv4,attack,high,WHITE,blocklist.de/all|blocklist.de/apache|ziyadnz/hourly-ipv4,blocklist.de|brute-force|apache|rfi|ddos|spam|mail|ziyadnz|hourly,2026-08-17T18:48:05Z,2026-08-17T18:48:05Z,
107.189.17.174,ipv4,attack,medium,WHITE,blocklist.de/all|ziyadnz/hourly-ipv4,blocklist.de|brute-force|apache|rfi|ddos|spam|mail|ziyadnz|hourly,2026-08-17T18:48:05Z,2026-08-17T18:48:05Z,
107.22.9.48,ipv4,attack,medium,WHITE,blocklist.de/all,blocklist.de|brute-force|apache|rfi|ddos|spam|mail|ziyadnz|hourly,2026-08-17T18:48:05Z,2026-08-17T18:48:05Z,
107.85.14.222,ipv4,attack,high,WHITE,blocklist.de/all|blocklist.de/mail|ziyadnz/hourly-ipv4,blocklist.de|brute-force|apache|rfi|ddos|spam|mail|ziyadnz|hourly,2026-08-17T18:48:05Z,2026-08-17T18:48:05Z,
107.85.96.209,ipv4,attack,high,WHITE,blocklist.de/all|blocklist.de/mail|ziyadnz/hourly-ipv4,blocklist.de|brute-force|apache|rfi|ddos|spam|mail|ziyadnz|hourly,2026-08-17T18:48:05Z,2026-08-17T18:48:05Z,
109.105.210.77,ipv4,attack,high,WHITE,blocklist.de/all|blocklist.de/mail|ziyadnz/hourly-ipv4,blocklist.de|brute-force|apache|rfi|ddos|spam|mail|ziyadnz|hourly,2026-08-17T18:48:05Z,2026-08-17T18:48:05Z,
109.121.162.212,ipv4,attack,high,WHITE,blocklist.de/all|blocklist.de/mail|ziyadnz/hourly-ipv4,blocklist.de|brute-force|apache|rfi|ddos|spam|mail|ziyadnz|hourly,2026-08-17T18:48:05Z,2026-08-17T18:48:05Z,
109.172.8.83,ipv4,attack,high,WHITE,blocklist.de/all|blocklist.de/apache|ziyadnz/hourly-ipv4,blocklist.de|brute-force|apache|rfi|ddos|spam|mail|ziyadnz|hourly,2026-08-17T18:48:05Z,2026-08-17T18:48:05Z,
109.195.14.161,ipv4,attack,high,WHITE,blocklist.de/all|blocklist.de/mail|ziyadnz/hourly-ipv4,blocklist.de|brute-force|apache|rfi|ddos|spam|mail|ziyadnz|hourly,2026-08-17T18:48:05Z,2026-08-17T18:48:05Z,
109.205.116.30,ipv4,attack,high,WHITE,blocklist.de/all|blocklist.de/mail|ziyadnz/hourly-ipv4,blocklist.de|brute-force|apache|rfi|ddos|spam|mail|ziyadnz|hourly,2026-08-17T18:48:05Z,2026-08-17T18:48:05Z,
109.226.14.23,ipv4,attack,high,WHITE,blocklist.de/all|blocklist.de/mail|ziyadnz/hourly-ipv4,blocklist.de|brute-force|apache|rfi|ddos|spam|mail|ziyadnz|hourly,2026-08-17T18:48:05Z,2026-08-17T18:48:05Z,
109.226.15.208,ipv4,attack,high,WHITE,blocklist.de/all|blocklist.de/mail|ziyadnz/hourly-ipv4,blocklist.de|brute-force|apache|rfi|ddos|spam|mail|ziyadnz|hourly,2026-08-17T18:48:05Z,2026-08-17T18:48:05Z,
109.233.21.109,ipv4,attack,high,WHITE,blocklist.de/all|blocklist.de/mail|ziyadnz/hourly-ipv4,blocklist.de|brute-force|apache|rfi|ddos|spam|mail|ziyadnz|hourly,2026-08-17T18:48:05Z,2026-08-17T18:48:05Z,
109.87.158.243,ipv4,attack,high,WHITE,blocklist.de/all|blocklist.de/mail|ziyadnz/hourly-ipv4,blocklist.de|brute-force|apache|rfi|ddos|spam|mail|ziyadnz|hourly,2026-08-17T18:48:05Z,2026-08-17T18:48:05Z,
110.14.192.20,ipv4,attack,high,WHITE,blocklist.de/all|blocklist.de/mail|ziyadnz/hourly-ipv4,blocklist.de|brute-force|apache|rfi|ddos|spam|mail|ziyadnz|hourly,2026-08-17T18:48:05Z,2026-08-17T18:48:05Z,
110.227.215.90,ipv4,attack,high,WHITE,blocklist.de/all|blocklist.de/mail|ziyadnz/hourly-ipv4,blocklist.de|brute-force|apache|rfi|ddos|spam|mail|ziyadnz|hourly,2026-08-17T18:48:05Z,2026-08-17T18:48:05Z,
110.25.101.55,ipv4,attack,high,WHITE,blocklist.de/all|blocklist.de/mail|ziyadnz/hourly-ipv4,blocklist.de|brute-force|apache|rfi|ddos|spam|mail|ziyadnz|hourly,2026-08-17T18:48:05Z,2026-08-17T18:48:05Z,
110.25.112.143,ipv4,attack,high,WHITE,blocklist.de/all|blocklist.de/mail|ziyadnz/hourly-ipv4,blocklist.de|brute-force|apache|rfi|ddos|spam|mail|ziyadnz|hourly,2026-08-17T18:48:05Z,2026-08-17T18:48:05Z,
110.25.112.152,ipv4,attack,high,WHITE,blocklist.de/all|blocklist.de/mail|ziyadnz/hourly-ipv4,blocklist.de|brute-force|apache|rfi|ddos|spam|mail|ziyadnz|hourly,2026-08-17T18:48:05Z,2026-08-17T18:48:05Z,
110.39.181.194,ipv4,attack,high,WHITE,blocklist.de/all|blocklist.de/mail|ziyadnz/hourly-ipv4,blocklist.de|brute-force|apache|rfi|ddos|spam|mail|ziyadnz|hourly,2026-08-17T18:48:05Z,2026-08-17T18:48:05Z,
111.171.125.94,ipv4,attack,high,WHITE,blocklist.de/all|blocklist.de/mail|ziyadnz/hourly-ipv4,blocklist.de|brute-force|apache|rfi|ddos|spam|mail|ziyadnz|hourly,2026-08-17T18:48:05Z,2026-08-17T18:48:05Z,
111.171.127.190,ipv4,attack,high,WHITE,blocklist.de/all|blocklist.de/mail|ziyadnz/hourly-ipv4,blocklist.de|brute-force|apache|rfi|ddos|spam|mail|ziyadnz|hourly,2026-08-17T18:48:05Z,2026-08-17T18:48:05Z,
111.198.53.188,ipv4,attack,high,WHITE,blocklist.de/all|blocklist.de/mail|ziyadnz/hourly-ipv4,blocklist.de|brute-force|apache|rfi|ddos|spam|mail|ziyadnz|hourly,2026-08-17T18:48:05Z,2026-08-17T18:48:05Z,
111.21.45.74,ipv4,attack,high,WHITE,blocklist.de/all|blocklist.de/mail|ziyadnz/hourly-ipv4,blocklist.de|brute-force|apache|rfi|ddos|spam|mail|ziyadnz|hourly,2026-08-17T18:48:05Z,2026-08-17T18:48:05Z,
111.221.44.12,ipv4,attack,high,WHITE,blocklist.de/all|blocklist.de/apache|ziyadnz/hourly-ipv4,blocklist.de|brute-force|apache|rfi|ddos|spam|mail|ziyadnz|hourly,2026-08-17T18:48:05Z,2026-08-17T18:48:05Z,
111.26.167.166,ipv4,attack,high,WHITE,blocklist.de/all|blocklist.de/mail|ziyadnz/hourly-ipv4,blocklist.de|brute-force|apache|rfi|ddos|spam|mail|ziyadnz|hourly,2026-08-17T18:48:05Z,2026-08-17T18:48:05Z,
111.26.62.37,ipv4,attack,high,WHITE,blocklist.de/all|blocklist.de/mail|ziyadnz/hourly-ipv4,blocklist.de|brute-force|apache|rfi|ddos|spam|mail|ziyadnz|hourly,2026-08-17T18:48:05Z,2026-08-17T18:48:05Z,
111.26.95.124,ipv4,attack,high,WHITE,blocklist.de/all|blocklist.de/mail|ziyadnz/hourly-ipv4,blocklist.de|brute-force|apache|rfi|ddos|spam|mail|ziyadnz|hourly,2026-08-17T18:48:05Z,2026-08-17T18:48:05Z,
111.26.95.126,ipv4,attack,high,WHITE,blocklist.de/all|blocklist.de/mail|ziyadnz/hourly-ipv4,blocklist.de|brute-force|apache|rfi|ddos|spam|mail|ziyadnz|hourly,2026-08-17T18:48:05Z,2026-08-17T18:48:05Z,
111.39.167.59,ipv4,attack,high,WHITE,blocklist.de/all|blocklist.de/mail|ziyadnz/hourly-ipv4,blocklist.de|brute-force|apache|rfi|ddos|spam|mail|ziyadnz|hourly,2026-08-17T18:48:05Z,2026-08-17T18:48:05Z,
111.39.206.23,ipv4,attack,high,WHITE,blocklist.de/all|blocklist.de/mail|ziyadnz/hourly-ipv4,blocklist.de|brute-force|apache|rfi|ddos|spam|mail|ziyadnz|hourly,2026-08-17T18:48:05Z,2026-08-17T18:48:05Z,
111.42.175.101,ipv4,attack,high,WHITE,blocklist.de/all|blocklist.de/mail|ziyadnz/hourly-ipv4,blocklist.de|brute-force|apache|rfi|ddos|spam|mail|ziyadnz|hourly,2026-08-17T18:48:05Z,2026-08-17T18:48:05Z,
111.46.77.2,ipv4,attack,high,WHITE,blocklist.de/all|blocklist.de/mail|ziyadnz/hourly-ipv4,blocklist.de|brute-force|apache|rfi|ddos|spam|mail|ziyadnz|hourly,2026-08-17T18:48:05Z,2026-08-17T18:48:05Z,
111.61.176.243,ipv4,attack,high,WHITE,blocklist.de/all|blocklist.de/mail|ziyadnz/hourly-ipv4,blocklist.de|brute-force|apache|rfi|ddos|spam|mail|ziyadnz|hourly,2026-08-17T18:48:05Z,2026-08-17T18:48:05Z,
111.61.177.188,ipv4,attack,high,WHITE,blocklist.de/all|blocklist.de/mail|ziyadnz/hourly-ipv4,blocklist.de|brute-force|apache|rfi|ddos|spam|mail|ziyadnz|hourly,2026-08-17T18:48:05Z,2026-08-17T18:48:05Z,
111.61.177.190,ipv4,attack,high,WHITE,blocklist.de/all|blocklist.de/mail|ziyadnz/hourly-ipv4,blocklist.de|brute-force|apache|rfi|ddos|spam|mail|ziyadnz|hourly,2026-08-17T18:48:05Z,2026-08-17T18:48:05Z,
111.61.177.3,ipv4,attack,high,WHITE,blocklist.de/all|blocklist.de/mail|ziyadnz/hourly-ipv4,blocklist.de|brute-force|apache|rfi|ddos|spam|mail|ziyadnz|hourly,2026-08-17T18:48:05Z,2026-08-17T18:48:05Z,
111.61.97.108,ipv4,attack,high,WHITE,blocklist.de/all|blocklist.de/mail|ziyadnz/hourly-ipv4,blocklist.de|brute-force|apache|rfi|ddos|spam|mail|ziyadnz|hourly,2026-08-17T18:48:05Z,2026-08-17T18:48:05Z,
111.61.97.5,ipv4,attack,high,WHITE,blocklist.de/all|blocklist.de/mail|ziyadnz/hourly-ipv4,blocklist.de|brute-force|apache|rfi|ddos|spam|mail|ziyadnz|hourly,2026-08-17T18:48:05Z,2026-08-17T18:48:05Z,
111.68.102.19,ipv4,attack,high,WHITE,blocklist.de/all|blocklist.de/mail|ziyadnz/hourly-ipv4,blocklist.de|brute-force|apache|rfi|ddos|spam|mail|ziyadnz|hourly,2026-08-17T18:48:05Z,2026-08-17T18:48:05Z,
111.70.10.15,ipv4,attack,high,WHITE,blocklist.de/all|blocklist.de/mail|ziyadnz/hourly-ipv4,blocklist.de|brute-force|apache|rfi|ddos|spam|mail|ziyadnz|hourly,2026-08-17T18:48:05Z,2026-08-17T18:48:05Z,
111.70.11.78,ipv4,attack,high,WHITE,blocklist.de/all|blocklist.de/mail|ziyadnz/hourly-ipv4,blocklist.de|brute-force|apache|rfi|ddos|spam|mail|ziyadnz|hourly,2026-08-17T18:48:05Z,2026-08-17T18:48:05Z,
111.70.13.240,ipv4,attack,high,WHITE,blocklist.de/all|blocklist.de/mail|ziyadnz/hourly-ipv4,blocklist.de|brute-force|apache|rfi|ddos|spam|mail|ziyadnz|hourly,2026-08-17T18:48:05Z,2026-08-17T18:48:05Z,
111.70.14.135,ipv4,attack,high,WHITE,blocklist.de/all|blocklist.de/mail|ziyadnz/hourly-ipv4,blocklist.de|brute-force|apache|rfi|ddos|spam|mail|ziyadnz|hourly,2026-08-17T18:48:05Z,2026-08-17T18:48:05Z,
111.70.16.7,ipv4,attack,high,WHITE,blocklist.de/all|blocklist.de/mail|ziyadnz/hourly-ipv4,blocklist.de|brute-force|apache|rfi|ddos|spam|mail|ziyadnz|hourly,2026-08-17T18:48:05Z,2026-08-17T18:48:05Z,
111.70.17.73,ipv4,attack,high,WHITE,blocklist.de/all|blocklist.de/mail|ziyadnz/hourly-ipv4,blocklist.de|brute-force|apache|rfi|ddos|spam|mail|ziyadnz|hourly,2026-08-17T18:48:05Z,2026-08-17T18:48:05Z,
111.70.22.152,ipv4,attack,high,WHITE,blocklist.de/all|blocklist.de/mail|ziyadnz/hourly-ipv4,blocklist.de|brute-force|apache|rfi|ddos|spam|mail|ziyadnz|hourly,2026-08-17T18:48:05Z,2026-08-17T18:48:05Z,
111.70.22.154,ipv4,attack,high,WHITE,blocklist.de/all|blocklist.de/mail|ziyadnz/hourly-ipv4,blocklist.de|brute-force|apache|rfi|ddos|spam|mail|ziyadnz|hourly,2026-08-17T18:48:05Z,2026-08-17T18:48:05Z,
111.70.23.222,ipv4,attack,high,WHITE,blocklist.de/all|blocklist.de/mail|ziyadnz/hourly-ipv4,blocklist.de|brute-force|apache|rfi|ddos|spam|mail|ziyadnz|hourly,2026-08-17T18:48:05Z,2026-08-17T18:48:05Z,
111.70.23.231,ipv4,attack,high,WHITE,blocklist.de/all|blocklist.de/mail|ziyadnz/hourly-ipv4,blocklist.de|brute-force|apache|rfi|ddos|spam|mail|ziyadnz|hourly,2026-08-17T18:48:05Z,2026-08-17T18:48:05Z,
111.70.23.236,ipv4,attack,high,WHITE,blocklist.de/all|blocklist.de/mail|ziyadnz/hourly-ipv4,blocklist.de|brute-force|apache|rfi|ddos|spam|mail|ziyadnz|hourly,2026-08-17T18:48:05Z,2026-08-17T18:48:05Z,
111.70.23.238,ipv4,attack,high,WHITE,blocklist.de/all|blocklist.de/mail|ziyadnz/hourly-ipv4,blocklist.de|brute-force|apache|rfi|ddos|spam|mail|ziyadnz|hourly,2026-08-17T18:48:05Z,2026-08-17T18:48:05Z,
111.70.23.240,ipv4,attack,high,WHITE,blocklist.de/all|blocklist.de/mail|ziyadnz/hourly-ipv4,blocklist.de|brute-force|apache|rfi|ddos|spam|mail|ziyadnz|hourly,2026-08-17T18:48:05Z,2026-08-17T18:48:05Z,
111.70.23.248,ipv4,attack,high,WHITE,blocklist.de/all|blocklist.de/mail|ziyadnz/hourly-ipv4,blocklist.de|brute-force|apache|rfi|ddos|spam|mail|ziyadnz|hourly,2026-08-17T18:48:05Z,2026-08-17T18:48:05Z,
111.70.23.250,ipv4,attack,high,WHITE,blocklist.de/all|blocklist.de/mail|ziyadnz/hourly-ipv4,blocklist.de|brute-force|apache|rfi|ddos|spam|mail|ziyadnz|hourly,2026-08-17T18:48:05Z,2026-08-17T18:48:05Z,
111.70.23.253,ipv4,attack,high,WHITE,blocklist.de/all|blocklist.de/mail|ziyadnz/hourly-ipv4,blocklist.de|brute-force|apache|rfi|ddos|spam|mail|ziyadnz|hourly,2026-08-17T18:48:05Z,2026-08-17T18:48:05Z,
111.70.25.161,ipv4,attack,high,WHITE,blocklist.de/all|blocklist.de/mail|ziyadnz/hourly-ipv4,blocklist.de|brute-force|apache|rfi|ddos|spam|mail|ziyadnz|hourly,2026-08-17T18:48:05Z,2026-08-17T18:48:05Z,
111.70.28.243,ipv4,attack,high,WHITE,blocklist.de/all|blocklist.de/mail|ziyadnz/hourly-ipv4,blocklist.de|brute-force|apache|rfi|ddos|spam|mail|ziyadnz|hourly,2026-08-17T18:48:05Z,2026-08-17T18:48:05Z,
111.70.29.130,ipv4,attack,high,WHITE,blocklist.de/all|blocklist.de/mail|ziyadnz/hourly-ipv4,blocklist.de|brute-force|apache|rfi|ddos|spam|mail|ziyadnz|hourly,2026-08-17T18:48:05Z,2026-08-17T18:48:05Z,
111.70.29.151,ipv4,attack,high,WHITE,blocklist.de/all|blocklist.de/mail|ziyadnz/hourly-ipv4,blocklist.de|brute-force|apache|rfi|ddos|spam|mail|ziyadnz|hourly,2026-08-17T18:48:05Z,2026-08-17T18:48:05Z,
111.70.3.106,ipv4,attack,high,WHITE,blocklist.de/all|blocklist.de/mail|ziyadnz/hourly-ipv4,blocklist.de|brute-force|apache|rfi|ddos|spam|mail|ziyadnz|hourly,2026-08-17T18:48:05Z,2026-08-17T18:48:05Z,
111.70.31.135,ipv4,attack,high,WHITE,blocklist.de/all|blocklist.de/mail|ziyadnz/hourly-ipv4,blocklist.de|brute-force|apache|rfi|ddos|spam|mail|ziyadnz|hourly,2026-08-17T18:48:05Z,2026-08-17T18:48:05Z,
111.70.32.2,ipv4,attack,high,WHITE,blocklist.de/all|blocklist.de/mail|ziyadnz/hourly-ipv4,blocklist.de|brute-force|apache|rfi|ddos|spam|mail|ziyadnz|hourly,2026-08-17T18:48:05Z,2026-08-17T18:48:05Z,
111.70.32.49,ipv4,attack,high,WHITE,blocklist.de/all|blocklist.de/mail|ziyadnz/hourly-ipv4,blocklist.de|brute-force|apache|rfi|ddos|spam|mail|ziyadnz|hourly,2026-08-17T18:48:05Z,2026-08-17T18:48:05Z,
111.70.32.5,ipv4,attack,high,WHITE,blocklist.de/all|blocklist.de/mail|ziyadnz/hourly-ipv4,blocklist.de|brute-force|apache|rfi|ddos|spam|mail|ziyadnz|hourly,2026-08-17T18:48:05Z,2026-08-17T18:48:05Z,
111.70.32.51,ipv4,attack,high,WHITE,blocklist.de/all|blocklist.de/mail|ziyadnz/hourly-ipv4,blocklist.de|brute-force|apache|rfi|ddos|spam|mail|ziyadnz|hourly,2026-08-17T18:48:05Z,2026-08-17T18:48:05Z,
111.70.32.52,ipv4,attack,high,WHITE,blocklist.de/all|blocklist.de/mail|ziyadnz/hourly-ipv4,blocklist.de|brute-force|apache|rfi|ddos|spam|mail|ziyadnz|hourly,2026-08-17T18:48:05Z,2026-08-17T18:48:05Z,
111.70.32.53,ipv4,attack,high,WHITE,blocklist.de/all|blocklist.de/mail|ziyadnz/hourly-ipv4,blocklist.de|brute-force|apache|rfi|ddos|spam|mail|ziyadnz|hourly,2026-08-17T18:48:05Z,2026-08-17T18:48:05Z,
111.70.32.8,ipv4,attack,high,WHITE,blocklist.de/all|blocklist.de/mail|ziyadnz/hourly-ipv4,blocklist.de|brute-force|apache|rfi|ddos|spam|mail|ziyadnz|hourly,2026-08-17T18:48:05Z,2026-08-17T18:48:05Z,
111.70.32.9,ipv4,attack,high,WHITE,blocklist.de/all|blocklist.de/mail|ziyadnz/hourly-ipv4,blocklist.de|brute-force|apache|rfi|ddos|spam|mail|ziyadnz|hourly,2026-08-17T18:48:05Z,2026-08-17T18:48:05Z,
111.70.39.216,ipv4,attack,high,WHITE,blocklist.de/all|blocklist.de/mail|ziyadnz/hourly-ipv4,blocklist.de|brute-force|apache|rfi|ddos|spam|mail|ziyadnz|hourly,2026-08-17T18:48:05Z,2026-08-17T18:48:05Z,
111.70.42.37,ipv4,attack,high,WHITE,blocklist.de/all|blocklist.de/mail|ziyadnz/hourly-ipv4,blocklist.de|brute-force|apache|rfi|ddos|spam|mail|ziyadnz|hourly,2026-08-17T18:48:05Z,2026-08-17T18:48:05Z,
111.70.49.181,ipv4,attack,high,WHITE,blocklist.de/all|blocklist.de/mail|ziyadnz/hourly-ipv4,blocklist.de|brute-force|apache|rfi|ddos|spam|mail|ziyadnz|hourly,2026-08-17T18:48:05Z,2026-08-17T18:48:05Z,
111.70.49.182,ipv4,attack,high,WHITE,blocklist.de/all|blocklist.de/mail|ziyadnz/hourly-ipv4,blocklist.de|brute-force|apache|rfi|ddos|spam|mail|ziyadnz|hourly,2026-08-17T18:48:05Z,2026-08-17T18:48:05Z,
111.70.51.3,ipv4,attack,high,WHITE,blocklist.de/all|blocklist.de/mail|ziyadnz/hourly-ipv4,blocklist.de|brute-force|apache|rfi|ddos|spam|mail|ziyadnz|hourly,2026-08-17T18:48:05Z,2026-08-17T18:48:05Z,
112.116.164.136,ipv4,attack,high,WHITE,blocklist.de/all|blocklist.de/mail|ziyadnz/hourly-ipv4,blocklist.de|brute-force|apache|rfi|ddos|spam|mail|ziyadnz|hourly,2026-08-17T18:48:05Z,2026-08-17T18:48:05Z,
112.164.239.190,ipv4,attack,high,WHITE,blocklist.de/all|blocklist.de/mail|ziyadnz/hourly-ipv4,blocklist.de|brute-force|apache|rfi|ddos|spam|mail|ziyadnz|hourly,2026-08-17T18:48:05Z,2026-08-17T18:48:05Z,
112.164.239.83,ipv4,attack,high,WHITE,blocklist.de/all|blocklist.de/mail|ziyadnz/hourly-ipv4,blocklist.de|brute-force|apache|rfi|ddos|spam|mail|ziyadnz|hourly,2026-08-17T18:48:05Z,2026-08-17T18:48:05Z,
112.164.251.239,ipv4,attack,high,WHITE,blocklist.de/all|blocklist.de/mail|ziyadnz/hourly-ipv4,blocklist.de|brute-force|apache|rfi|ddos|spam|mail|ziyadnz|hourly,2026-08-17T18:48:05Z,2026-08-17T18:48:05Z,
112.164.253.222,ipv4,attack,high,WHITE,blocklist.de/all|blocklist.de/mail|ziyadnz/hourly-ipv4,blocklist.de|brute-force|apache|rfi|ddos|spam|mail|ziyadnz|hourly,2026-08-17T18:48:05Z,2026-08-17T18:48:05Z,
112.168.1.182,ipv4,attack,high,WHITE,blocklist.de/all|blocklist.de/mail|ziyadnz/hourly-ipv4,blocklist.de|brute-force|apache|rfi|ddos|spam|mail|ziyadnz|hourly,2026-08-17T18:48:05Z,2026-08-17T18:48:05Z,
112.168.121.39,ipv4,attack,high,WHITE,blocklist.de/all|blocklist.de/mail|ziyadnz/hourly-ipv4,blocklist.de|brute-force|apache|rfi|ddos|spam|mail|ziyadnz|hourly,2026-08-17T18:48:05Z,2026-08-17T18:48:05Z,
112.184.40.215,ipv4,attack,high,WHITE,blocklist.de/all|blocklist.de/mail|ziyadnz/hourly-ipv4,blocklist.de|brute-force|apache|rfi|ddos|spam|mail|ziyadnz|hourly,2026-08-17T18:48:05Z,2026-08-17T18:48:05Z,
112.184.52.16,ipv4,attack,high,WHITE,blocklist.de/all|blocklist.de/mail|ziyadnz/hourly-ipv4,blocklist.de|brute-force|apache|rfi|ddos|spam|mail|ziyadnz|hourly,2026-08-17T18:48:05Z,2026-08-17T18:48:05Z,
112.184.61.153,ipv4,attack,high,WHITE,blocklist.de/all|blocklist.de/mail|ziyadnz/hourly-ipv4,blocklist.de|brute-force|apache|rfi|ddos|spam|mail|ziyadnz|hourly,2026-08-17T18:48:05Z,2026-08-17T18:48:05Z,
112.197.2.116,ipv4,attack,medium,WHITE,blocklist.de/all|ziyadnz/hourly-ipv4,blocklist.de|brute-force|apache|rfi|ddos|spam|mail|ziyadnz|hourly,2026-08-17T18:48:05Z,2026-08-17T18:48:05Z,
112.25.140.211,ipv4,attack,high,WHITE,blocklist.de/all|blocklist.de/mail|ziyadnz/hourly-ipv4,blocklist.de|brute-force|apache|rfi|ddos|spam|mail|ziyadnz|hourly,2026-08-17T18:48:05Z,2026-08-17T18:48:05Z,
112.26.101.76,ipv4,attack,high,WHITE,blocklist.de/all|blocklist.de/mail|ziyadnz/hourly-ipv4,blocklist.de|brute-force|apache|rfi|ddos|spam|mail|ziyadnz|hourly,2026-08-17T18:48:05Z,2026-08-17T18:48:05Z,
112.27.129.78,ipv4,attack,high,WHITE,blocklist.de/all|blocklist.de/mail|ziyadnz/hourly-ipv4,blocklist.de|brute-force|apache|rfi|ddos|spam|mail|ziyadnz|hourly,2026-08-17T18:48:05Z,2026-08-17T18:48:05Z,
112.27.38.203,ipv4,attack,high,WHITE,blocklist.de/all|blocklist.de/mail|ziyadnz/hourly-ipv4,blocklist.de|brute-force|apache|rfi|ddos|spam|mail|ziyadnz|hourly,2026-08-17T18:48:05Z,2026-08-17T18:48:05Z,
112.30.127.9,ipv4,attack,high,WHITE,blocklist.de/all|blocklist.de/mail|ziyadnz/hourly-ipv4,blocklist.de|brute-force|apache|rfi|ddos|spam|mail|ziyadnz|hourly,2026-08-17T18:48:05Z,2026-08-17T18:48:05Z,
112.31.167.120,ipv4,attack,high,WHITE,blocklist.de/all|blocklist.de/mail|ziyadnz/hourly-ipv4,blocklist.de|brute-force|apache|rfi|ddos|spam|mail|ziyadnz|hourly,2026-08-17T18:48:05Z,2026-08-17T18:48:05Z,
112.31.93.229,ipv4,attack,high,WHITE,blocklist.de/all|blocklist.de/mail|ziyadnz/hourly-ipv4,blocklist.de|brute-force|apache|rfi|ddos|spam|mail|ziyadnz|hourly,2026-08-17T18:48:05Z,2026-08-17T18:48:05Z,
112.46.138.214,ipv4,attack,high,WHITE,blocklist.de/all|blocklist.de/mail|ziyadnz/hourly-ipv4,blocklist.de|brute-force|apache|rfi|ddos|spam|mail|ziyadnz|hourly,2026-08-17T18:48:05Z,2026-08-17T18:48:05Z,
112.6.11.184,ipv4,attack,high,WHITE,blocklist.de/all|blocklist.de/mail|ziyadnz/hourly-ipv4,blocklist.de|brute-force|apache|rfi|ddos|spam|mail|ziyadnz|hourly,2026-08-17T18:48:05Z,2026-08-17T18:48:05Z,
112.6.127.244,ipv4,attack,high,WHITE,blocklist.de/all|blocklist.de/mail|ziyadnz/hourly-ipv4,blocklist.de|brute-force|apache|rfi|ddos|spam|mail|ziyadnz|hourly,2026-08-17T18:48:05Z,2026-08-17T18:48:05Z,
113.108.88.121,ipv4,attack,high,WHITE,blocklist.de/all|blocklist.de/mail|ziyadnz/hourly-ipv4,blocklist.de|brute-force|apache|rfi|ddos|spam|mail|ziyadnz|hourly,2026-08-17T18:48:05Z,2026-08-17T18:48:05Z,
113.11.34.221,ipv4,attack,high,WHITE,blocklist.de/all|blocklist.de/mail|ziyadnz/hourly-ipv4,blocklist.de|brute-force|apache|rfi|ddos|spam|mail|ziyadnz|hourly,2026-08-17T18:48:05Z,2026-08-17T18:48:05Z,
113.140.95.250,ipv4,attack,high,WHITE,blocklist.de/all|blocklist.de/mail|ziyadnz/hourly-ipv4,blocklist.de|brute-force|apache|rfi|ddos|spam|mail|ziyadnz|hourly,2026-08-17T18:48:05Z,2026-08-17T18:48:05Z,
113.158.205.225,ipv4,attack,high,WHITE,blocklist.de/all|blocklist.de/mail|ziyadnz/hourly-ipv4,blocklist.de|brute-force|apache|rfi|ddos|spam|mail|ziyadnz|hourly,2026-08-17T18:48:05Z,2026-08-17T18:48:05Z,
113.181.195.77,ipv4,attack,high,WHITE,blocklist.de/all|blocklist.de/mail|ziyadnz/hourly-ipv4,blocklist.de|brute-force|apache|rfi|ddos|spam|mail|ziyadnz|hourly,2026-08-17T18:48:05Z,2026-08-17T18:48:05Z,
113.193.187.154,ipv4,attack,high,WHITE,blocklist.de/all|blocklist.de/mail|ziyadnz/hourly-ipv4,blocklist.de|brute-force|apache|rfi|ddos|spam|mail|ziyadnz|hourly,2026-08-17T18:48:05Z,2026-08-17T18:48:05Z,
113.219.177.95,ipv4,attack,high,WHITE,blocklist.de/all|blocklist.de/mail|ziyadnz/hourly-ipv4,blocklist.de|brute-force|apache|rfi|ddos|spam|mail|ziyadnz|hourly,2026-08-17T18:48:05Z,2026-08-17T18:48:05Z,
113.28.86.1,ipv4,attack,high,WHITE,blocklist.de/all|blocklist.de/mail|ziyadnz/hourly-ipv4,blocklist.de|brute-force|apache|rfi|ddos|spam|mail|ziyadnz|hourly,2026-08-17T18:48:05Z,2026-08-17T18:48:05Z,
114.10.47.234,ipv4,attack,medium,WHITE,blocklist.de/all|ziyadnz/hourly-ipv4,blocklist.de|brute-force|apache|rfi|ddos|spam|mail|ziyadnz|hourly,2026-08-17T18:48:05Z,2026-08-17T18:48:05Z,
114.104.153.51,ipv4,attack,high,WHITE,blocklist.de/all|blocklist.de/mail|ziyadnz/hourly-ipv4,blocklist.de|brute-force|apache|rfi|ddos|spam|mail|ziyadnz|hourly,2026-08-17T18:48:05Z,2026-08-17T18:48:05Z,
114.30.180.58,ipv4,attack,high,WHITE,blocklist.de/all|blocklist.de/mail|ziyadnz/hourly-ipv4,blocklist.de|brute-force|apache|rfi|ddos|spam|mail|ziyadnz|hourly,2026-08-17T18:48:05Z,2026-08-17T18:48:05Z,
114.98.63.18,ipv4,attack,high,WHITE,blocklist.de/all|blocklist.de/mail|ziyadnz/hourly-ipv4,blocklist.de|brute-force|apache|rfi|ddos|spam|mail|ziyadnz|hourly,2026-08-17T18:48:05Z,2026-08-17T18:48:05Z,
115.160.124.86,ipv4,attack,high,WHITE,blocklist.de/all|blocklist.de/mail|ziyadnz/hourly-ipv4,blocklist.de|brute-force|apache|rfi|ddos|spam|mail|ziyadnz|hourly,2026-08-17T18:48:05Z,2026-08-17T18:48:05Z,
115.211.171.198,ipv4,attack,high,WHITE,blocklist.de/all|blocklist.de/apache|ziyadnz/hourly-ipv4,blocklist.de|brute-force|apache|rfi|ddos|spam|mail|ziyadnz|hourly,2026-08-17T18:48:05Z,2026-08-17T18:48:05Z,
115.245.172.214,ipv4,attack,high,WHITE,blocklist.de/all|blocklist.de/mail|ziyadnz/hourly-ipv4,blocklist.de|brute-force|apache|rfi|ddos|spam|mail|ziyadnz|hourly,2026-08-17T18:48:05Z,2026-08-17T18:48:05Z,
115.246.242.2,ipv4,attack,high,WHITE,blocklist.de/all|blocklist.de/mail|ziyadnz/hourly-ipv4,blocklist.de|brute-force|apache|rfi|ddos|spam|mail|ziyadnz|hourly,2026-08-17T18:48:05Z,2026-08-17T18:48:05Z,
115.46.88.68,ipv4,attack,high,WHITE,blocklist.de/all|blocklist.de/mail|ziyadnz/hourly-ipv4,blocklist.de|brute-force|apache|rfi|ddos|spam|mail|ziyadnz|hourly,2026-08-17T18:48:05Z,2026-08-17T18:48:05Z,
116.181.11.193,ipv4,attack,medium,WHITE,blocklist.de/all|ziyadnz/hourly-ipv4,blocklist.de|brute-force|apache|rfi|ddos|spam|mail|ziyadnz|hourly,2026-08-17T18:48:05Z,2026-08-17T18:48:05Z,
116.228.195.251,ipv4,attack,high,WHITE,blocklist.de/all|blocklist.de/mail|ziyadnz/hourly-ipv4,blocklist.de|brute-force|apache|rfi|ddos|spam|mail|ziyadnz|hourly,2026-08-17T18:48:05Z,2026-08-17T18:48:05Z,
116.232.22.43,ipv4,attack,high,WHITE,blocklist.de/all|blocklist.de/mail|ziyadnz/hourly-ipv4,blocklist.de|brute-force|apache|rfi|ddos|spam|mail|ziyadnz|hourly,2026-08-17T18:48:05Z,2026-08-17T18:48:05Z,
116.237.181.57,ipv4,attack,high,WHITE,blocklist.de/all|blocklist.de/mail|ziyadnz/hourly-ipv4,blocklist.de|brute-force|apache|rfi|ddos|spam|mail|ziyadnz|hourly,2026-08-17T18:48:05Z,2026-08-17T18:48:05Z,
116.48.138.69,ipv4,attack,high,WHITE,blocklist.de/all|blocklist.de/mail|ziyadnz/hourly-ipv4,blocklist.de|brute-force|apache|rfi|ddos|spam|mail|ziyadnz|hourly,2026-08-17T18:48:05Z,2026-08-17T18:48:05Z,
116.48.143.166,ipv4,attack,high,WHITE,blocklist.de/all|blocklist.de/mail|ziyadnz/hourly-ipv4,blocklist.de|brute-force|apache|rfi|ddos|spam|mail|ziyadnz|hourly,2026-08-17T18:48:05Z,2026-08-17T18:48:05Z,
116.48.150.115,ipv4,attack,high,WHITE,blocklist.de/all|blocklist.de/mail|ziyadnz/hourly-ipv4,blocklist.de|brute-force|apache|rfi|ddos|spam|mail|ziyadnz|hourly,2026-08-17T18:48:05Z,2026-08-17T18:48:05Z,
116.48.151.136,ipv4,attack,high,WHITE,blocklist.de/all|blocklist.de/mail|ziyadnz/hourly-ipv4,blocklist.de|brute-force|apache|rfi|ddos|spam|mail|ziyadnz|hourly,2026-08-17T18:48:05Z,2026-08-17T18:48:05Z,
116.7.248.50,ipv4,attack,high,WHITE,blocklist.de/all|blocklist.de/mail|ziyadnz/hourly-ipv4,blocklist.de|brute-force|apache|rfi|ddos|spam|mail|ziyadnz|hourly,2026-08-17T18:48:05Z,2026-08-17T18:48:05Z,
116.90.236.50,ipv4,attack,high,WHITE,blocklist.de/all|blocklist.de/mail|ziyadnz/hourly-ipv4,blocklist.de|brute-force|apache|rfi|ddos|spam|mail|ziyadnz|hourly,2026-08-17T18:48:05Z,2026-08-17T18:48:05Z,
116.90.97.140,ipv4,attack,high,WHITE,blocklist.de/all|blocklist.de/mail|ziyadnz/hourly-ipv4,blocklist.de|brute-force|apache|rfi|ddos|spam|mail|ziyadnz|hourly,2026-08-17T18:48:05Z,2026-08-17T18:48:05Z,
117.158.166.73,ipv4,attack,high,WHITE,blocklist.de/all|blocklist.de/mail|ziyadnz/hourly-ipv4,blocklist.de|brute-force|apache|rfi|ddos|spam|mail|ziyadnz|hourly,2026-08-17T18:48:05Z,2026-08-17T18:48:05Z,
117.158.21.113,ipv4,attack,high,WHITE,blocklist.de/all|blocklist.de/mail|ziyadnz/hourly-ipv4,blocklist.de|brute-force|apache|rfi|ddos|spam|mail|ziyadnz|hourly,2026-08-17T18:48:05Z,2026-08-17T18:48:05Z,
117.2.123.19,ipv4,attack,high,WHITE,blocklist.de/all|blocklist.de/mail|ziyadnz/hourly-ipv4,blocklist.de|brute-force|apache|rfi|ddos|spam|mail|ziyadnz|hourly,2026-08-17T18:48:05Z,2026-08-17T18:48:05Z,
117.211.74.211,ipv4,attack,high,WHITE,blocklist.de/all|blocklist.de/mail|ziyadnz/hourly-ipv4,blocklist.de|brute-force|apache|rfi|ddos|spam|mail|ziyadnz|hourly,2026-08-17T18:48:05Z,2026-08-17T18:48:05Z,
117.211.77.86,ipv4,attack,high,WHITE,blocklist.de/all|blocklist.de/mail|ziyadnz/hourly-ipv4,blocklist.de|brute-force|apache|rfi|ddos|spam|mail|ziyadnz|hourly,2026-08-17T18:48:05Z,2026-08-17T18:48:05Z,
117.32.132.170,ipv4,attack,high,WHITE,blocklist.de/all|blocklist.de/mail|ziyadnz/hourly-ipv4,blocklist.de|brute-force|apache|rfi|ddos|spam|mail|ziyadnz|hourly,2026-08-17T18:48:05Z,2026-08-17T18:48:05Z,
117.34.85.168,ipv4,attack,medium,WHITE,blocklist.de/all|ziyadnz/hourly-ipv4,blocklist.de|brute-force|apache|rfi|ddos|spam|mail|ziyadnz|hourly,2026-08-17T18:48:05Z,2026-08-17T18:48:05Z,
117.39.63.46,ipv4,attack,high,WHITE,blocklist.de/all|blocklist.de/mail|ziyadnz/hourly-ipv4,blocklist.de|brute-force|apache|rfi|ddos|spam|mail|ziyadnz|hourly,2026-08-17T18:48:05Z,2026-08-17T18:48:05Z,
117.6.212.2,ipv4,attack,high,WHITE,blocklist.de/all|blocklist.de/mail|ziyadnz/hourly-ipv4,blocklist.de|brute-force|apache|rfi|ddos|spam|mail|ziyadnz|hourly,2026-08-17T18:48:05Z,2026-08-17T18:48:05Z,
117.69.255.239,ipv4,attack,high,WHITE,blocklist.de/all|blocklist.de/mail|ziyadnz/hourly-ipv4,blocklist.de|brute-force|apache|rfi|ddos|spam|mail|ziyadnz|hourly,2026-08-17T18:48:05Z,2026-08-17T18:48:05Z,
117.70.94.155,ipv4,attack,high,WHITE,blocklist.de/all|blocklist.de/mail|ziyadnz/hourly-ipv4,blocklist.de|brute-force|apache|rfi|ddos|spam|mail|ziyadnz|hourly,2026-08-17T18:48:05Z,2026-08-17T18:48:05Z,
118.113.164.137,ipv4,attack,high,WHITE,blocklist.de/all|blocklist.de/mail|ziyadnz/hourly-ipv4,blocklist.de|brute-force|apache|rfi|ddos|spam|mail|ziyadnz|hourly,2026-08-17T18:48:05Z,2026-08-17T18:48:05Z,
118.122.38.74,ipv4,attack,high,WHITE,blocklist.de/all|blocklist.de/mail|ziyadnz/hourly-ipv4,blocklist.de|brute-force|apache|rfi|ddos|spam|mail|ziyadnz|hourly,2026-08-17T18:48:05Z,2026-08-17T18:48:05Z,
118.122.87.186,ipv4,attack,high,WHITE,blocklist.de/all|blocklist.de/mail|ziyadnz/hourly-ipv4,blocklist.de|brute-force|apache|rfi|ddos|spam|mail|ziyadnz|hourly,2026-08-17T18:48:05Z,2026-08-17T18:48:05Z,
118.123.116.93,ipv4,attack,high,WHITE,blocklist.de/all|blocklist.de/mail|ziyadnz/hourly-ipv4,blocklist.de|brute-force|apache|rfi|ddos|spam|mail|ziyadnz|hourly,2026-08-17T18:48:05Z,2026-08-17T18:48:05Z,
118.145.238.115,ipv4,attack,medium,WHITE,blocklist.de/all|ziyadnz/hourly-ipv4,blocklist.de|brute-force|apache|rfi|ddos|spam|mail|ziyadnz|hourly,2026-08-17T18:48:05Z,2026-08-17T18:48:05Z,
118.183.180.108,ipv4,attack,high,WHITE,blocklist.de/all|blocklist.de/mail|ziyadnz/hourly-ipv4,blocklist.de|brute-force|apache|rfi|ddos|spam|mail|ziyadnz|hourly,2026-08-17T18:48:05Z,2026-08-17T18:48:05Z,
118.193.32.92,ipv4,attack,high,WHITE,blocklist.de/all|blocklist.de/mail|ziyadnz/hourly-ipv4,blocklist.de|brute-force|apache|rfi|ddos|spam|mail|ziyadnz|hourly,2026-08-17T18:48:05Z,2026-08-17T18:48:05Z,
118.193.40.61,ipv4,attack,medium,WHITE,blocklist.de/all|ziyadnz/hourly-ipv4,blocklist.de|brute-force|apache|rfi|ddos|spam|mail|ziyadnz|hourly,2026-08-17T18:48:05Z,2026-08-17T18:48:05Z,
118.193.57.185,ipv4,attack,high,WHITE,blocklist.de/all|blocklist.de/mail|ziyadnz/hourly-ipv4,blocklist.de|brute-force|apache|rfi|ddos|spam|mail|ziyadnz|hourly,2026-08-17T18:48:05Z,2026-08-17T18:48:05Z,
118.193.59.194,ipv4,attack,high,WHITE,blocklist.de/all|blocklist.de/mail|ziyadnz/hourly-ipv4,blocklist.de|brute-force|apache|rfi|ddos|spam|mail|ziyadnz|hourly,2026-08-17T18:48:05Z,2026-08-17T18:48:05Z,
118.194.248.142,ipv4,attack,high,WHITE,blocklist.de/all|blocklist.de/mail|ziyadnz/hourly-ipv4,blocklist.de|brute-force|apache|rfi|ddos|spam|mail|ziyadnz|hourly,2026-08-17T18:48:05Z,2026-08-17T18:48:05Z,
118.194.248.4,ipv4,attack,high,WHITE,blocklist.de/all|blocklist.de/apache|ziyadnz/hourly-ipv4,blocklist.de|brute-force|apache|rfi|ddos|spam|mail|ziyadnz|hourly,2026-08-17T18:48:05Z,2026-08-17T18:48:05Z,
118.211.165.46,ipv4,attack,high,WHITE,blocklist.de/all|blocklist.de/mail|ziyadnz/hourly-ipv4,blocklist.de|brute-force|apache|rfi|ddos|spam|mail|ziyadnz|hourly,2026-08-17T18:48:05Z,2026-08-17T18:48:05Z,
118.43.196.193,ipv4,attack,high,WHITE,blocklist.de/all|blocklist.de/mail|ziyadnz/hourly-ipv4,blocklist.de|brute-force|apache|rfi|ddos|spam|mail|ziyadnz|hourly,2026-08-17T18:48:05Z,2026-08-17T18:48:05Z,
118.43.231.252,ipv4,attack,high,WHITE,blocklist.de/all|blocklist.de/mail|ziyadnz/hourly-ipv4,blocklist.de|brute-force|apache|rfi|ddos|spam|mail|ziyadnz|hourly,2026-08-17T18:48:05Z,2026-08-17T18:48:05Z,
118.45.113.206,ipv4,attack,high,WHITE,blocklist.de/all|blocklist.de/mail|ziyadnz/hourly-ipv4,blocklist.de|brute-force|apache|rfi|ddos|spam|mail|ziyadnz|hourly,2026-08-17T18:48:05Z,2026-08-17T18:48:05Z,
118.45.255.153,ipv4,attack,high,WHITE,blocklist.de/all|blocklist.de/mail|ziyadnz/hourly-ipv4,blocklist.de|brute-force|apache|rfi|ddos|spam|mail|ziyadnz|hourly,2026-08-17T18:48:05Z,2026-08-17T18:48:05Z,
118.99.118.104,ipv4,attack,high,WHITE,blocklist.de/all|blocklist.de/mail|ziyadnz/hourly-ipv4,blocklist.de|brute-force|apache|rfi|ddos|spam|mail|ziyadnz|hourly,2026-08-17T18:48:05Z,2026-08-17T18:48:05Z,
119.156.176.77,ipv4,attack,high,WHITE,blocklist.de/all|blocklist.de/mail|ziyadnz/hourly-ipv4,blocklist.de|brute-force|apache|rfi|ddos|spam|mail|ziyadnz|hourly,2026-08-17T18:48:05Z,2026-08-17T18:48:05Z,
119.166.180.214,ipv4,attack,high,WHITE,blocklist.de/all|blocklist.de/mail|ziyadnz/hourly-ipv4,blocklist.de|brute-force|apache|rfi|ddos|spam|mail|ziyadnz|hourly,2026-08-17T18:48:05Z,2026-08-17T18:48:05Z,
119.200.229.33,ipv4,attack,high,WHITE,blocklist.de/all|blocklist.de/mail|ziyadnz/hourly-ipv4,blocklist.de|brute-force|apache|rfi|ddos|spam|mail|ziyadnz|hourly,2026-08-17T18:48:05Z,2026-08-17T18:48:05Z,
12.150.243.22,ipv4,attack,high,WHITE,blocklist.de/all|blocklist.de/mail|ziyadnz/hourly-ipv4,blocklist.de|brute-force|apache|rfi|ddos|spam|mail|ziyadnz|hourly,2026-08-17T18:48:05Z,2026-08-17T18:48:05Z,
120.194.220.230,ipv4,attack,high,WHITE,blocklist.de/all|blocklist.de/mail|ziyadnz/hourly-ipv4,blocklist.de|brute-force|apache|rfi|ddos|spam|mail|ziyadnz|hourly,2026-08-17T18:48:05Z,2026-08-17T18:48:05Z,
120.198.138.185,ipv4,attack,high,WHITE,blocklist.de/all|blocklist.de/mail|ziyadnz/hourly-ipv4,blocklist.de|brute-force|apache|rfi|ddos|spam|mail|ziyadnz|hourly,2026-08-17T18:48:05Z,2026-08-17T18:48:05Z,
120.224.15.67,ipv4,attack,high,WHITE,blocklist.de/all|blocklist.de/mail|ziyadnz/hourly-ipv4,blocklist.de|brute-force|apache|rfi|ddos|spam|mail|ziyadnz|hourly,2026-08-17T18:48:05Z,2026-08-17T18:48:05Z,
120.224.163.23,ipv4,attack,high,WHITE,blocklist.de/all|blocklist.de/mail|ziyadnz/hourly-ipv4,blocklist.de|brute-force|apache|rfi|ddos|spam|mail|ziyadnz|hourly,2026-08-17T18:48:05Z,2026-08-17T18:48:05Z,
120.224.242.78,ipv4,attack,high,WHITE,blocklist.de/all|blocklist.de/mail|ziyadnz/hourly-ipv4,blocklist.de|brute-force|apache|rfi|ddos|spam|mail|ziyadnz|hourly,2026-08-17T18:48:05Z,2026-08-17T18:48:05Z,
120.230.86.115,ipv4,attack,high,WHITE,blocklist.de/all|blocklist.de/apache|ziyadnz/hourly-ipv4,blocklist.de|brute-force|apache|rfi|ddos|spam|mail|ziyadnz|hourly,2026-08-17T18:48:05Z,2026-08-17T18:48:05Z,
120.234.195.41,ipv4,attack,high,WHITE,blocklist.de/all|blocklist.de/mail|ziyadnz/hourly-ipv4,blocklist.de|brute-force|apache|rfi|ddos|spam|mail|ziyadnz|hourly,2026-08-17T18:48:05Z,2026-08-17T18:48:05Z,
120.234.232.184,ipv4,attack,high,WHITE,blocklist.de/all|blocklist.de/mail|ziyadnz/hourly-ipv4,blocklist.de|brute-force|apache|rfi|ddos|spam|mail|ziyadnz|hourly,2026-08-17T18:48:05Z,2026-08-17T18:48:05Z,
120.238.23.168,ipv4,attack,high,WHITE,blocklist.de/all|blocklist.de/mail|ziyadnz/hourly-ipv4,blocklist.de|brute-force|apache|rfi|ddos|spam|mail|ziyadnz|hourly,2026-08-17T18:48:05Z,2026-08-17T18:48:05Z,
121.131.220.137,ipv4,attack,high,WHITE,blocklist.de/all|blocklist.de/mail|ziyadnz/hourly-ipv4,blocklist.de|brute-force|apache|rfi|ddos|spam|mail|ziyadnz|hourly,2026-08-17T18:48:05Z,2026-08-17T18:48:05Z,
121.136.135.137,ipv4,attack,high,WHITE,blocklist.de/all|blocklist.de/mail|ziyadnz/hourly-ipv4,blocklist.de|brute-force|apache|rfi|ddos|spam|mail|ziyadnz|hourly,2026-08-17T18:48:05Z,2026-08-17T18:48:05Z,
121.137.82.50,ipv4,attack,high,WHITE,blocklist.de/all|blocklist.de/mail|ziyadnz/hourly-ipv4,blocklist.de|brute-force|apache|rfi|ddos|spam|mail|ziyadnz|hourly,2026-08-17T18:48:05Z,2026-08-17T18:48:05Z,
121.159.41.81,ipv4,attack,high,WHITE,blocklist.de/all|blocklist.de/mail|ziyadnz/hourly-ipv4,blocklist.de|brute-force|apache|rfi|ddos|spam|mail|ziyadnz|hourly,2026-08-17T18:48:05Z,2026-08-17T18:48:05Z,
121.164.135.251,ipv4,attack,high,WHITE,blocklist.de/all|blocklist.de/mail|ziyadnz/hourly-ipv4,blocklist.de|brute-force|apache|rfi|ddos|spam|mail|ziyadnz|hourly,2026-08-17T18:48:05Z,2026-08-17T18:48:05Z,
121.165.8.169,ipv4,attack,high,WHITE,blocklist.de/all|blocklist.de/mail|ziyadnz/hourly-ipv4,blocklist.de|brute-force|apache|rfi|ddos|spam|mail|ziyadnz|hourly,2026-08-17T18:48:05Z,2026-08-17T18:48:05Z,
121.167.110.137,ipv4,attack,high,WHITE,blocklist.de/all|blocklist.de/mail|ziyadnz/hourly-ipv4,blocklist.de|brute-force|apache|rfi|ddos|spam|mail|ziyadnz|hourly,2026-08-17T18:48:05Z,2026-08-17T18:48:05Z,
121.167.89.157,ipv4,attack,high,WHITE,blocklist.de/all|blocklist.de/mail|ziyadnz/hourly-ipv4,blocklist.de|brute-force|apache|rfi|ddos|spam|mail|ziyadnz|hourly,2026-08-17T18:48:05Z,2026-08-17T18:48:05Z,
121.168.164.245,ipv4,attack,high,WHITE,blocklist.de/all|blocklist.de/mail|ziyadnz/hourly-ipv4,blocklist.de|brute-force|apache|rfi|ddos|spam|mail|ziyadnz|hourly,2026-08-17T18:48:05Z,2026-08-17T18:48:05Z,
121.168.83.124,ipv4,attack,high,WHITE,blocklist.de/all|blocklist.de/mail|ziyadnz/hourly-ipv4,blocklist.de|brute-force|apache|rfi|ddos|spam|mail|ziyadnz|hourly,2026-08-17T18:48:05Z,2026-08-17T18:48:05Z,
121.176.109.31,ipv4,attack,high,WHITE,blocklist.de/all|blocklist.de/mail|ziyadnz/hourly-ipv4,blocklist.de|brute-force|apache|rfi|ddos|spam|mail|ziyadnz|hourly,2026-08-17T18:48:05Z,2026-08-17T18:48:05Z,
121.18.148.10,ipv4,attack,high,WHITE,blocklist.de/all|blocklist.de/mail|ziyadnz/hourly-ipv4,blocklist.de|brute-force|apache|rfi|ddos|spam|mail|ziyadnz|hourly,2026-08-17T18:48:05Z,2026-08-17T18:48:05Z,
121.18.49.14,ipv4,attack,high,WHITE,blocklist.de/all|blocklist.de/mail|ziyadnz/hourly-ipv4,blocklist.de|brute-force|apache|rfi|ddos|spam|mail|ziyadnz|hourly,2026-08-17T18:48:05Z,2026-08-17T18:48:05Z,
121.181.123.134,ipv4,attack,high,WHITE,blocklist.de/all|blocklist.de/mail|ziyadnz/hourly-ipv4,blocklist.de|brute-force|apache|rfi|ddos|spam|mail|ziyadnz|hourly,2026-08-17T18:48:05Z,2026-08-17T18:48:05Z,
121.182.227.240,ipv4,attack,high,WHITE,blocklist.de/all|blocklist.de/mail|ziyadnz/hourly-ipv4,blocklist.de|brute-force|apache|rfi|ddos|spam|mail|ziyadnz|hourly,2026-08-17T18:48:05Z,2026-08-17T18:48:05Z,
121.188.193.96,ipv4,attack,high,WHITE,blocklist.de/all|blocklist.de/mail|ziyadnz/hourly-ipv4,blocklist.de|brute-force|apache|rfi|ddos|spam|mail|ziyadnz|hourly,2026-08-17T18:48:05Z,2026-08-17T18:48:05Z,
121.188.201.185,ipv4,attack,high,WHITE,blocklist.de/all|blocklist.de/mail|ziyadnz/hourly-ipv4,blocklist.de|brute-force|apache|rfi|ddos|spam|mail|ziyadnz|hourly,2026-08-17T18:48:05Z,2026-08-17T18:48:05Z,
121.188.250.148,ipv4,attack,high,WHITE,blocklist.de/all|blocklist.de/mail|ziyadnz/hourly-ipv4,blocklist.de|brute-force|apache|rfi|ddos|spam|mail|ziyadnz|hourly,2026-08-17T18:48:05Z,2026-08-17T18:48:05Z,
121.189.198.60,ipv4,attack,high,WHITE,blocklist.de/all|blocklist.de/mail|ziyadnz/hourly-ipv4,blocklist.de|brute-force|apache|rfi|ddos|spam|mail|ziyadnz|hourly,2026-08-17T18:48:05Z,2026-08-17T18:48:05Z,
121.189.226.81,ipv4,attack,high,WHITE,blocklist.de/all|blocklist.de/mail|ziyadnz/hourly-ipv4,blocklist.de|brute-force|apache|rfi|ddos|spam|mail|ziyadnz|hourly,2026-08-17T18:48:05Z,2026-08-17T18:48:05Z,
121.231.4.19,ipv4,attack,high,WHITE,blocklist.de/all|blocklist.de/mail|ziyadnz/hourly-ipv4,blocklist.de|brute-force|apache|rfi|ddos|spam|mail|ziyadnz|hourly,2026-08-17T18:48:05Z,2026-08-17T18:48:05Z,
121.46.239.198,ipv4,attack,high,WHITE,blocklist.de/all|blocklist.de/mail|ziyadnz/hourly-ipv4,blocklist.de|brute-force|apache|rfi|ddos|spam|mail|ziyadnz|hourly,2026-08-17T18:48:05Z,2026-08-17T18:48:05Z,
121.46.239.200,ipv4,attack,high,WHITE,blocklist.de/all|blocklist.de/mail|ziyadnz/hourly-ipv4,blocklist.de|brute-force|apache|rfi|ddos|spam|mail|ziyadnz|hourly,2026-08-17T18:48:05Z,2026-08-17T18:48:05Z,
121.66.124.148,ipv4,attack,high,WHITE,blocklist.de/all|blocklist.de/mail|ziyadnz/hourly-ipv4,blocklist.de|brute-force|apache|rfi|ddos|spam|mail|ziyadnz|hourly,2026-08-17T18:48:05Z,2026-08-17T18:48:05Z,
121.66.124.149,ipv4,attack,high,WHITE,blocklist.de/all|blocklist.de/mail|ziyadnz/hourly-ipv4,blocklist.de|brute-force|apache|rfi|ddos|spam|mail|ziyadnz|hourly,2026-08-17T18:48:05Z,2026-08-17T18:48:05Z,
121.66.63.189,ipv4,attack,high,WHITE,blocklist.de/all|blocklist.de/mail|ziyadnz/hourly-ipv4,blocklist.de|brute-force|apache|rfi|ddos|spam|mail|ziyadnz|hourly,2026-08-17T18:48:05Z,2026-08-17T18:48:05Z,
121.73.162.166,ipv4,attack,high,WHITE,blocklist.de/all|blocklist.de/mail|ziyadnz/hourly-ipv4,blocklist.de|brute-force|apache|rfi|ddos|spam|mail|ziyadnz|hourly,2026-08-17T18:48:05Z,2026-08-17T18:48:05Z,
122.114.35.55,ipv4,attack,high,WHITE,blocklist.de/all|blocklist.de/mail|ziyadnz/hourly-ipv4,blocklist.de|brute-force|apache|rfi|ddos|spam|mail|ziyadnz|hourly,2026-08-17T18:48:05Z,2026-08-17T18:48:05Z,
122.160.103.228,ipv4,attack,high,WHITE,blocklist.de/all|blocklist.de/mail|ziyadnz/hourly-ipv4,blocklist.de|brute-force|apache|rfi|ddos|spam|mail|ziyadnz|hourly,2026-08-17T18:48:05Z,2026-08-17T18:48:05Z,
122.160.142.194,ipv4,attack,high,WHITE,blocklist.de/all|blocklist.de/mail|ziyadnz/hourly-ipv4,blocklist.de|brute-force|apache|rfi|ddos|spam|mail|ziyadnz|hourly,2026-08-17T18:48:05Z,2026-08-17T18:48:05Z,
122.160.165.158,ipv4,attack,high,WHITE,blocklist.de/all|blocklist.de/mail|ziyadnz/hourly-ipv4,blocklist.de|brute-force|apache|rfi|ddos|spam|mail|ziyadnz|hourly,2026-08-17T18:48:05Z,2026-08-17T18:48:05Z,
122.160.187.31,ipv4,attack,high,WHITE,blocklist.de/all|blocklist.de/mail|ziyadnz/hourly-ipv4,blocklist.de|brute-force|apache|rfi|ddos|spam|mail|ziyadnz|hourly,2026-08-17T18:48:05Z,2026-08-17T18:48:05Z,
122.160.50.155,ipv4,attack,high,WHITE,blocklist.de/all|blocklist.de/mail|ziyadnz/hourly-ipv4,blocklist.de|brute-force|apache|rfi|ddos|spam|mail|ziyadnz|hourly,2026-08-17T18:48:05Z,2026-08-17T18:48:05Z,
122.160.51.109,ipv4,attack,high,WHITE,blocklist.de/all|blocklist.de/mail|ziyadnz/hourly-ipv4,blocklist.de|brute-force|apache|rfi|ddos|spam|mail|ziyadnz|hourly,2026-08-17T18:48:05Z,2026-08-17T18:48:05Z,
122.160.59.87,ipv4,attack,high,WHITE,blocklist.de/all|blocklist.de/mail|ziyadnz/hourly-ipv4,blocklist.de|brute-force|apache|rfi|ddos|spam|mail|ziyadnz|hourly,2026-08-17T18:48:05Z,2026-08-17T18:48:05Z,
122.160.85.144,ipv4,attack,high,WHITE,blocklist.de/all|blocklist.de/mail|ziyadnz/hourly-ipv4,blocklist.de|brute-force|apache|rfi|ddos|spam|mail|ziyadnz|hourly,2026-08-17T18:48:05Z,2026-08-17T18:48:05Z,
122.166.253.226,ipv4,attack,high,WHITE,blocklist.de/all|blocklist.de/mail|ziyadnz/hourly-ipv4,blocklist.de|brute-force|apache|rfi|ddos|spam|mail|ziyadnz|hourly,2026-08-17T18:48:05Z,2026-08-17T18:48:05Z,
122.169.207.93,ipv4,attack,high,WHITE,blocklist.de/all|blocklist.de/mail|ziyadnz/hourly-ipv4,blocklist.de|brute-force|apache|rfi|ddos|spam|mail|ziyadnz|hourly,2026-08-17T18:48:05Z,2026-08-17T18:48:05Z,
122.169.97.132,ipv4,attack,high,WHITE,blocklist.de/all|blocklist.de/mail|ziyadnz/hourly-ipv4,blocklist.de|brute-force|apache|rfi|ddos|spam|mail|ziyadnz|hourly,2026-08-17T18:48:05Z,2026-08-17T18:48:05Z,
122.170.100.253,ipv4,attack,high,WHITE,blocklist.de/all|blocklist.de/mail|ziyadnz/hourly-ipv4,blocklist.de|brute-force|apache|rfi|ddos|spam|mail|ziyadnz|hourly,2026-08-17T18:48:05Z,2026-08-17T18:48:05Z,
122.170.111.140,ipv4,attack,high,WHITE,blocklist.de/all|blocklist.de/mail|ziyadnz/hourly-ipv4,blocklist.de|brute-force|apache|rfi|ddos|spam|mail|ziyadnz|hourly,2026-08-17T18:48:05Z,2026-08-17T18:48:05Z,
122.170.96.105,ipv4,attack,high,WHITE,blocklist.de/all|blocklist.de/mail|ziyadnz/hourly-ipv4,blocklist.de|brute-force|apache|rfi|ddos|spam|mail|ziyadnz|hourly,2026-08-17T18:48:05Z,2026-08-17T18:48:05Z,
122.170.97.94,ipv4,attack,high,WHITE,blocklist.de/all|blocklist.de/mail|ziyadnz/hourly-ipv4,blocklist.de|brute-force|apache|rfi|ddos|spam|mail|ziyadnz|hourly,2026-08-17T18:48:05Z,2026-08-17T18:48:05Z,
122.170.98.139,ipv4,attack,high,WHITE,blocklist.de/all|blocklist.de/mail|ziyadnz/hourly-ipv4,blocklist.de|brute-force|apache|rfi|ddos|spam|mail|ziyadnz|hourly,2026-08-17T18:48:05Z,2026-08-17T18:48:05Z,
122.170.99.195,ipv4,attack,high,WHITE,blocklist.de/all|blocklist.de/mail|ziyadnz/hourly-ipv4,blocklist.de|brute-force|apache|rfi|ddos|spam|mail|ziyadnz|hourly,2026-08-17T18:48:05Z,2026-08-17T18:48:05Z,
122.176.21.104,ipv4,attack,high,WHITE,blocklist.de/all|blocklist.de/mail|ziyadnz/hourly-ipv4,blocklist.de|brute-force|apache|rfi|ddos|spam|mail|ziyadnz|hourly,2026-08-17T18:48:05Z,2026-08-17T18:48:05Z,
122.176.23.166,ipv4,attack,high,WHITE,blocklist.de/all|blocklist.de/mail|ziyadnz/hourly-ipv4,blocklist.de|brute-force|apache|rfi|ddos|spam|mail|ziyadnz|hourly,2026-08-17T18:48:05Z,2026-08-17T18:48:05Z,
122.176.45.238,ipv4,attack,high,WHITE,blocklist.de/all|blocklist.de/mail|ziyadnz/hourly-ipv4,blocklist.de|brute-force|apache|rfi|ddos|spam|mail|ziyadnz|hourly,2026-08-17T18:48:05Z,2026-08-17T18:48:05Z,
122.183.54.59,ipv4,attack,high,WHITE,blocklist.de/all|blocklist.de/mail|ziyadnz/hourly-ipv4,blocklist.de|brute-force|apache|rfi|ddos|spam|mail|ziyadnz|hourly,2026-08-17T18:48:05Z,2026-08-17T18:48:05Z,
122.185.40.86,ipv4,attack,high,WHITE,blocklist.de/all|blocklist.de/mail|ziyadnz/hourly-ipv4,blocklist.de|brute-force|apache|rfi|ddos|spam|mail|ziyadnz|hourly,2026-08-17T18:48:05Z,2026-08-17T18:48:05Z,
122.187.226.21,ipv4,attack,high,WHITE,blocklist.de/all|blocklist.de/mail|ziyadnz/hourly-ipv4,blocklist.de|brute-force|apache|rfi|ddos|spam|mail|ziyadnz|hourly,2026-08-17T18:48:05Z,2026-08-17T18:48:05Z,
122.187.227.164,ipv4,attack,high,WHITE,blocklist.de/all|blocklist.de/mail|ziyadnz/hourly-ipv4,blocklist.de|brute-force|apache|rfi|ddos|spam|mail|ziyadnz|hourly,2026-08-17T18:48:05Z,2026-08-17T18:48:05Z,
122.187.227.198,ipv4,attack,high,WHITE,blocklist.de/all|blocklist.de/mail|ziyadnz/hourly-ipv4,blocklist.de|brute-force|apache|rfi|ddos|spam|mail|ziyadnz|hourly,2026-08-17T18:48:05Z,2026-08-17T18:48:05Z,
122.187.227.24,ipv4,attack,high,WHITE,blocklist.de/all|blocklist.de/mail|ziyadnz/hourly-ipv4,blocklist.de|brute-force|apache|rfi|ddos|spam|mail|ziyadnz|hourly,2026-08-17T18:48:05Z,2026-08-17T18:48:05Z,
122.187.228.228,ipv4,attack,high,WHITE,blocklist.de/all|blocklist.de/mail|ziyadnz/hourly-ipv4,blocklist.de|brute-force|apache|rfi|ddos|spam|mail|ziyadnz|hourly,2026-08-17T18:48:05Z,2026-08-17T18:48:05Z,
122.187.228.231,ipv4,attack,high,WHITE,blocklist.de/all|blocklist.de/mail|ziyadnz/hourly-ipv4,blocklist.de|brute-force|apache|rfi|ddos|spam|mail|ziyadnz|hourly,2026-08-17T18:48:05Z,2026-08-17T18:48:05Z,
122.187.228.233,ipv4,attack,high,WHITE,blocklist.de/all|blocklist.de/mail|ziyadnz/hourly-ipv4,blocklist.de|brute-force|apache|rfi|ddos|spam|mail|ziyadnz|hourly,2026-08-17T18:48:05Z,2026-08-17T18:48:05Z,
122.187.228.235,ipv4,attack,high,WHITE,blocklist.de/all|blocklist.de/mail|ziyadnz/hourly-ipv4,blocklist.de|brute-force|apache|rfi|ddos|spam|mail|ziyadnz|hourly,2026-08-17T18:48:05Z,2026-08-17T18:48:05Z,
122.187.228.248,ipv4,attack,high,WHITE,blocklist.de/all|blocklist.de/mail|ziyadnz/hourly-ipv4,blocklist.de|brute-force|apache|rfi|ddos|spam|mail|ziyadnz|hourly,2026-08-17T18:48:05Z,2026-08-17T18:48:05Z,
122.187.228.253,ipv4,attack,high,WHITE,blocklist.de/all|blocklist.de/mail|ziyadnz/hourly-ipv4,blocklist.de|brute-force|apache|rfi|ddos|spam|mail|ziyadnz|hourly,2026-08-17T18:48:05Z,2026-08-17T18:48:05Z,
122.187.229.149,ipv4,attack,high,WHITE,blocklist.de/all|blocklist.de/mail|ziyadnz/hourly-ipv4,blocklist.de|brute-force|apache|rfi|ddos|spam|mail|ziyadnz|hourly,2026-08-17T18:48:05Z,2026-08-17T18:48:05Z,
122.187.229.201,ipv4,attack,high,WHITE,blocklist.de/all|blocklist.de/mail|ziyadnz/hourly-ipv4,blocklist.de|brute-force|apache|rfi|ddos|spam|mail|ziyadnz|hourly,2026-08-17T18:48:05Z,2026-08-17T18:48:05Z,
122.187.229.220,ipv4,attack,high,WHITE,blocklist.de/all|blocklist.de/mail|ziyadnz/hourly-ipv4,blocklist.de|brute-force|apache|rfi|ddos|spam|mail|ziyadnz|hourly,2026-08-17T18:48:05Z,2026-08-17T18:48:05Z,
122.187.229.87,ipv4,attack,high,WHITE,blocklist.de/all|blocklist.de/mail|ziyadnz/hourly-ipv4,blocklist.de|brute-force|apache|rfi|ddos|spam|mail|ziyadnz|hourly,2026-08-17T18:48:05Z,2026-08-17T18:48:05Z,
122.187.230.12,ipv4,attack,high,WHITE,blocklist.de/all|blocklist.de/mail|ziyadnz/hourly-ipv4,blocklist.de|brute-force|apache|rfi|ddos|spam|mail|ziyadnz|hourly,2026-08-17T18:48:05Z,2026-08-17T18:48:05Z,
122.187.230.154,ipv4,attack,high,WHITE,blocklist.de/all|blocklist.de/mail|ziyadnz/hourly-ipv4,blocklist.de|brute-force|apache|rfi|ddos|spam|mail|ziyadnz|hourly,2026-08-17T18:48:05Z,2026-08-17T18:48:05Z,
122.187.230.181,ipv4,attack,high,WHITE,blocklist.de/all|blocklist.de/mail|ziyadnz/hourly-ipv4,blocklist.de|brute-force|apache|rfi|ddos|spam|mail|ziyadnz|hourly,2026-08-17T18:48:05Z,2026-08-17T18:48:05Z,
122.187.230.194,ipv4,attack,high,WHITE,blocklist.de/all|blocklist.de/mail|ziyadnz/hourly-ipv4,blocklist.de|brute-force|apache|rfi|ddos|spam|mail|ziyadnz|hourly,2026-08-17T18:48:05Z,2026-08-17T18:48:05Z,
122.187.230.213,ipv4,attack,high,WHITE,blocklist.de/all|blocklist.de/mail|ziyadnz/hourly-ipv4,blocklist.de|brute-force|apache|rfi|ddos|spam|mail|ziyadnz|hourly,2026-08-17T18:48:05Z,2026-08-17T18:48:05Z,
122.187.230.34,ipv4,attack,high,WHITE,blocklist.de/all|blocklist.de/mail|ziyadnz/hourly-ipv4,blocklist.de|brute-force|apache|rfi|ddos|spam|mail|ziyadnz|hourly,2026-08-17T18:48:05Z,2026-08-17T18:48:05Z,
122.187.230.83,ipv4,attack,high,WHITE,blocklist.de/all|blocklist.de/mail|ziyadnz/hourly-ipv4,blocklist.de|brute-force|apache|rfi|ddos|spam|mail|ziyadnz|hourly,2026-08-17T18:48:05Z,2026-08-17T18:48:05Z,
122.187.235.148,ipv4,attack,high,WHITE,blocklist.de/all|blocklist.de/mail|ziyadnz/hourly-ipv4,blocklist.de|brute-force|apache|rfi|ddos|spam|mail|ziyadnz|hourly,2026-08-17T18:48:05Z,2026-08-17T18:48:05Z,
122.187.237.122,ipv4,attack,high,WHITE,blocklist.de/all|blocklist.de/mail|ziyadnz/hourly-ipv4,blocklist.de|brute-force|apache|rfi|ddos|spam|mail|ziyadnz|hourly,2026-08-17T18:48:05Z,2026-08-17T18:48:05Z,
122.187.240.209,ipv4,attack,high,WHITE,blocklist.de/all|blocklist.de/mail|ziyadnz/hourly-ipv4,blocklist.de|brute-force|apache|rfi|ddos|spam|mail|ziyadnz|hourly,2026-08-17T18:48:05Z,2026-08-17T18:48:05Z,
122.224.164.194,ipv4,attack,high,WHITE,blocklist.de/all|blocklist.de/mail|ziyadnz/hourly-ipv4,blocklist.de|brute-force|apache|rfi|ddos|spam|mail|ziyadnz|hourly,2026-08-17T18:48:05Z,2026-08-17T18:48:05Z,
123.160.223.72,ipv4,attack,high,WHITE,blocklist.de/all|blocklist.de/apache|ziyadnz/hourly-ipv4,blocklist.de|brute-force|apache|rfi|ddos|spam|mail|ziyadnz|hourly,2026-08-17T18:48:05Z,2026-08-17T18:48:05Z,
123.52.202.92,ipv4,attack,high,WHITE,blocklist.de/all|blocklist.de/mail|ziyadnz/hourly-ipv4,blocklist.de|brute-force|apache|rfi|ddos|spam|mail|ziyadnz|hourly,2026-08-17T18:48:05Z,2026-08-17T18:48:05Z,
123.58.196.28,ipv4,attack,high,WHITE,blocklist.de/all|blocklist.de/apache|ziyadnz/hourly-ipv4,blocklist.de|brute-force|apache|rfi|ddos|spam|mail|ziyadnz|hourly,2026-08-17T18:48:05Z,2026-08-17T18:48:05Z,
124.123.42.113,ipv4,attack,high,WHITE,blocklist.de/all|blocklist.de/apache|ziyadnz/hourly-ipv4,blocklist.de|brute-force|apache|rfi|ddos|spam|mail|ziyadnz|hourly,2026-08-17T18:48:05Z,2026-08-17T18:48:05Z,
124.129.157.189,ipv4,attack,high,WHITE,blocklist.de/all|blocklist.de/mail|ziyadnz/hourly-ipv4,blocklist.de|brute-force|apache|rfi|ddos|spam|mail|ziyadnz|hourly,2026-08-17T18:48:05Z,2026-08-17T18:48:05Z,
124.133.14.126,ipv4,attack,high,WHITE,blocklist.de/all|blocklist.de/mail|ziyadnz/hourly-ipv4,blocklist.de|brute-force|apache|rfi|ddos|spam|mail|ziyadnz|hourly,2026-08-17T18:48:05Z,2026-08-17T18:48:05Z,
124.152.90.68,ipv4,attack,high,WHITE,blocklist.de/all|blocklist.de/mail|ziyadnz/hourly-ipv4,blocklist.de|brute-force|apache|rfi|ddos|spam|mail|ziyadnz|hourly,2026-08-17T18:48:05Z,2026-08-17T18:48:05Z,
124.160.45.26,ipv4,attack,high,WHITE,blocklist.de/all|blocklist.de/mail|ziyadnz/hourly-ipv4,blocklist.de|brute-force|apache|rfi|ddos|spam|mail|ziyadnz|hourly,2026-08-17T18:48:05Z,2026-08-17T18:48:05Z,
124.167.20.72,ipv4,attack,high,WHITE,blocklist.de/all|blocklist.de/mail|ziyadnz/hourly-ipv4,blocklist.de|brute-force|apache|rfi|ddos|spam|mail|ziyadnz|hourly,2026-08-17T18:48:05Z,2026-08-17T18:48:05Z,
124.195.255.12,ipv4,attack,high,WHITE,blocklist.de/all|blocklist.de/mail|ziyadnz/hourly-ipv4,blocklist.de|brute-force|apache|rfi|ddos|spam|mail|ziyadnz|hourly,2026-08-17T18:48:05Z,2026-08-17T18:48:05Z,
124.239.169.52,ipv4,attack,high,WHITE,blocklist.de/all|blocklist.de/mail|ziyadnz/hourly-ipv4,blocklist.de|brute-force|apache|rfi|ddos|spam|mail|ziyadnz|hourly,2026-08-17T18:48:05Z,2026-08-17T18:48:05Z,
124.67.120.106,ipv4,attack,high,WHITE,blocklist.de/all|blocklist.de/mail|ziyadnz/hourly-ipv4,blocklist.de|brute-force|apache|rfi|ddos|spam|mail|ziyadnz|hourly,2026-08-17T18:48:05Z,2026-08-17T18:48:05Z,
124.74.9.190,ipv4,attack,high,WHITE,blocklist.de/all|blocklist.de/mail|ziyadnz/hourly-ipv4,blocklist.de|brute-force|apache|rfi|ddos|spam|mail|ziyadnz|hourly,2026-08-17T18:48:05Z,2026-08-17T18:48:05Z,
124.83.9.140,ipv4,attack,high,WHITE,blocklist.de/all|blocklist.de/mail|ziyadnz/hourly-ipv4,blocklist.de|brute-force|apache|rfi|ddos|spam|mail|ziyadnz|hourly,2026-08-17T18:48:05Z,2026-08-17T18:48:05Z,
125.130.102.172,ipv4,attack,high,WHITE,blocklist.de/all|blocklist.de/mail|ziyadnz/hourly-ipv4,blocklist.de|brute-force|apache|rfi|ddos|spam|mail|ziyadnz|hourly,2026-08-17T18:48:05Z,2026-08-17T18:48:05Z,
125.130.223.207,ipv4,attack,high,WHITE,blocklist.de/all|blocklist.de/mail|ziyadnz/hourly-ipv4,blocklist.de|brute-force|apache|rfi|ddos|spam|mail|ziyadnz|hourly,2026-08-17T18:48:05Z,2026-08-17T18:48:05Z,
125.130.249.158,ipv4,attack,high,WHITE,blocklist.de/all|blocklist.de/mail|ziyadnz/hourly-ipv4,blocklist.de|brute-force|apache|rfi|ddos|spam|mail|ziyadnz|hourly,2026-08-17T18:48:05Z,2026-08-17T18:48:05Z,
125.131.2.28,ipv4,attack,high,WHITE,blocklist.de/all|blocklist.de/mail|ziyadnz/hourly-ipv4,blocklist.de|brute-force|apache|rfi|ddos|spam|mail|ziyadnz|hourly,2026-08-17T18:48:05Z,2026-08-17T18:48:05Z,
125.143.209.68,ipv4,attack,high,WHITE,blocklist.de/all|blocklist.de/mail|ziyadnz/hourly-ipv4,blocklist.de|brute-force|apache|rfi|ddos|spam|mail|ziyadnz|hourly,2026-08-17T18:48:05Z,2026-08-17T18:48:05Z,
125.164.182.162,ipv4,attack,medium,WHITE,blocklist.de/all|ziyadnz/hourly-ipv4,blocklist.de|brute-force|apache|rfi|ddos|spam|mail|ziyadnz|hourly,2026-08-17T18:48:05Z,2026-08-17T18:48:05Z,
125.19.155.202,ipv4,attack,high,WHITE,blocklist.de/all|blocklist.de/mail|ziyadnz/hourly-ipv4,blocklist.de|brute-force|apache|rfi|ddos|spam|mail|ziyadnz|hourly,2026-08-17T18:48:05Z,2026-08-17T18:48:05Z,
125.215.199.37,ipv4,attack,high,WHITE,blocklist.de/all|blocklist.de/mail|ziyadnz/hourly-ipv4,blocklist.de|brute-force|apache|rfi|ddos|spam|mail|ziyadnz|hourly,2026-08-17T18:48:05Z,2026-08-17T18:48:05Z,
125.35.109.214,ipv4,attack,high,WHITE,blocklist.de/all|blocklist.de/mail|ziyadnz/hourly-ipv4,blocklist.de|brute-force|apache|rfi|ddos|spam|mail|ziyadnz|hourly,2026-08-17T18:48:05Z,2026-08-17T18:48:05Z,
125.36.68.227,ipv4,attack,high,WHITE,blocklist.de/all|blocklist.de/mail|ziyadnz/hourly-ipv4,blocklist.de|brute-force|apache|rfi|ddos|spam|mail|ziyadnz|hourly,2026-08-17T18:48:05Z,2026-08-17T18:48:05Z,
125.69.76.148,ipv4,attack,high,WHITE,blocklist.de/all|blocklist.de/mail|ziyadnz/hourly-ipv4,blocklist.de|brute-force|apache|rfi|ddos|spam|mail|ziyadnz|hourly,2026-08-17T18:48:05Z,2026-08-17T18:48:05Z,
128.1.131.11,ipv4,attack,medium,WHITE,blocklist.de/all|ziyadnz/hourly-ipv4,blocklist.de|brute-force|apache|rfi|ddos|spam|mail|ziyadnz|hourly,2026-08-17T18:48:05Z,2026-08-17T18:48:05Z,
128.134.83.141,ipv4,attack,high,WHITE,blocklist.de/all|blocklist.de/mail|ziyadnz/hourly-ipv4,blocklist.de|brute-force|apache|rfi|ddos|spam|mail|ziyadnz|hourly,2026-08-17T18:48:05Z,2026-08-17T18:48:05Z,
128.185.187.2,ipv4,attack,high,WHITE,blocklist.de/all|blocklist.de/mail|ziyadnz/hourly-ipv4,blocklist.de|brute-force|apache|rfi|ddos|spam|mail|ziyadnz|hourly,2026-08-17T18:48:05Z,2026-08-17T18:48:05Z,
128.199.118.234,ipv4,attack,high,WHITE,blocklist.de/all|blocklist.de/mail|ziyadnz/hourly-ipv4,blocklist.de|brute-force|apache|rfi|ddos|spam|mail|ziyadnz|hourly,2026-08-17T18:48:05Z,2026-08-17T18:48:05Z,
128.90.145.12,ipv4,attack,high,WHITE,blocklist.de/all|blocklist.de/apache|ziyadnz/hourly-ipv4,blocklist.de|brute-force|apache|rfi|ddos|spam|mail|ziyadnz|hourly,2026-08-17T18:48:05Z,2026-08-17T18:48:05Z,
129.121.35.21,ipv4,attack,high,WHITE,blocklist.de/all|blocklist.de/mail|ziyadnz/hourly-ipv4,blocklist.de|brute-force|apache|rfi|ddos|spam|mail|ziyadnz|hourly,2026-08-17T18:48:05Z,2026-08-17T18:48:05Z,
129.18.183.162,ipv4,attack,high,WHITE,blocklist.de/all|blocklist.de/mail|ziyadnz/hourly-ipv4,blocklist.de|brute-force|apache|rfi|ddos|spam|mail|ziyadnz|hourly,2026-08-17T18:48:05Z,2026-08-17T18:48:05Z,
129.212.235.26,ipv4,attack,high,WHITE,blocklist.de/all|blocklist.de/apache|ziyadnz/hourly-ipv4,blocklist.de|brute-force|apache|rfi|ddos|spam|mail|ziyadnz|hourly,2026-08-17T18:48:05Z,2026-08-17T18:48:05Z,
13.143.67.44,ipv4,attack,high,WHITE,blocklist.de/all|blocklist.de/mail|ziyadnz/hourly-ipv4,blocklist.de|brute-force|apache|rfi|ddos|spam|mail|ziyadnz|hourly,2026-08-17T18:48:05Z,2026-08-17T18:48:05Z,
13.158.7.142,ipv4,attack,high,WHITE,blocklist.de/all|blocklist.de/mail|ziyadnz/hourly-ipv4,blocklist.de|brute-force|apache|rfi|ddos|spam|mail|ziyadnz|hourly,2026-08-17T18:48:05Z,2026-08-17T18:48:05Z,
13.204.46.82,ipv4,attack,high,WHITE,blocklist.de/all|blocklist.de/apache|ziyadnz/hourly-ipv4,blocklist.de|brute-force|apache|rfi|ddos|spam|mail|ziyadnz|hourly,2026-08-17T18:48:05Z,2026-08-17T18:48:05Z,
13.38.100.11,ipv4,attack,high,WHITE,blocklist.de/all|blocklist.de/apache|ziyadnz/hourly-ipv4,blocklist.de|brute-force|apache|rfi|ddos|spam|mail|ziyadnz|hourly,2026-08-17T18:48:05Z,2026-08-17T18:48:05Z,
130.185.101.86,ipv4,attack,high,WHITE,blocklist.de/all|blocklist.de/mail|ziyadnz/hourly-ipv4,blocklist.de|brute-force|apache|rfi|ddos|spam|mail|ziyadnz|hourly,2026-08-17T18:48:05Z,2026-08-17T18:48:05Z,
130.185.96.113,ipv4,attack,high,WHITE,blocklist.de/all|blocklist.de/mail|ziyadnz/hourly-ipv4,blocklist.de|brute-force|apache|rfi|ddos|spam|mail|ziyadnz|hourly,2026-08-17T18:48:05Z,2026-08-17T18:48:05Z,
130.211.78.232,ipv4,attack,high,WHITE,blocklist.de/all|blocklist.de/mail|ziyadnz/hourly-ipv4,blocklist.de|brute-force|apache|rfi|ddos|spam|mail|ziyadnz|hourly,2026-08-17T18:48:05Z,2026-08-17T18:48:05Z,
130.49.155.26,ipv4,attack,high,WHITE,blocklist.de/all|blocklist.de/mail|ziyadnz/hourly-ipv4,blocklist.de|brute-force|apache|rfi|ddos|spam|mail|ziyadnz|hourly,2026-08-17T18:48:05Z,2026-08-17T18:48:05Z,
131.0.190.152,ipv4,attack,high,WHITE,blocklist.de/all|blocklist.de/mail|ziyadnz/hourly-ipv4,blocklist.de|brute-force|apache|rfi|ddos|spam|mail|ziyadnz|hourly,2026-08-17T18:48:05Z,2026-08-17T18:48:05Z,
131.100.203.202,ipv4,attack,high,WHITE,blocklist.de/all|blocklist.de/mail|ziyadnz/hourly-ipv4,blocklist.de|brute-force|apache|rfi|ddos|spam|mail|ziyadnz|hourly,2026-08-17T18:48:05Z,2026-08-17T18:48:05Z,
133.162.226.34,ipv4,attack,high,WHITE,blocklist.de/all|blocklist.de/mail|ziyadnz/hourly-ipv4,blocklist.de|brute-force|apache|rfi|ddos|spam|mail|ziyadnz|hourly,2026-08-17T18:48:05Z,2026-08-17T18:48:05Z,
134.209.109.88,ipv4,attack,medium,WHITE,blocklist.de/all|blocklist.de/apache,blocklist.de|brute-force|apache|rfi|ddos|spam|mail|ziyadnz|hourly,2026-08-17T18:48:05Z,2026-08-17T18:48:05Z,
134.209.169.231,ipv4,attack,high,WHITE,blocklist.de/all|blocklist.de/apache|ziyadnz/hourly-ipv4,blocklist.de|brute-force|apache|rfi|ddos|spam|mail|ziyadnz|hourly,2026-08-17T18:48:05Z,2026-08-17T18:48:05Z,
134.98.151.11,ipv4,attack,high,WHITE,blocklist.de/all|blocklist.de/apache|ziyadnz/hourly-ipv4,blocklist.de|brute-force|apache|rfi|ddos|spam|mail|ziyadnz|hourly,2026-08-17T18:48:05Z,2026-08-17T18:48:05Z,
135.129.124.137,ipv4,attack,medium,WHITE,blocklist.de/all,blocklist.de|brute-force|apache|rfi|ddos|spam|mail|ziyadnz|hourly,2026-08-17T18:48:05Z,2026-08-17T18:48:05Z,
135.136.20.5,ipv4,attack,medium,WHITE,blocklist.de/all|ziyadnz/hourly-ipv4,blocklist.de|brute-force|apache|rfi|ddos|spam|mail|ziyadnz|hourly,2026-08-17T18:48:05Z,2026-08-17T18:48:05Z,
135.136.23.159,ipv4,attack,high,WHITE,blocklist.de/all|blocklist.de/apache|ziyadnz/hourly-ipv4,blocklist.de|brute-force|apache|rfi|ddos|spam|mail|ziyadnz|hourly,2026-08-17T18:48:05Z,2026-08-17T18:48:05Z,
135.136.23.208,ipv4,attack,high,WHITE,blocklist.de/all|blocklist.de/mail|ziyadnz/hourly-ipv4,blocklist.de|brute-force|apache|rfi|ddos|spam|mail|ziyadnz|hourly,2026-08-17T18:48:05Z,2026-08-17T18:48:05Z,
135.225.78.186,ipv4,attack,high,WHITE,blocklist.de/all|blocklist.de/apache|ziyadnz/hourly-ipv4,blocklist.de|brute-force|apache|rfi|ddos|spam|mail|ziyadnz|hourly,2026-08-17T18:48:05Z,2026-08-17T18:48:05Z,
136.0.202.101,ipv4,attack,high,WHITE,blocklist.de/all|blocklist.de/apache|ziyadnz/hourly-ipv4,blocklist.de|brute-force|apache|rfi|ddos|spam|mail|ziyadnz|hourly,2026-08-17T18:48:05Z,2026-08-17T18:48:05Z,
136.107.219.48,ipv4,attack,high,WHITE,blocklist.de/all|blocklist.de/apache|ziyadnz/hourly-ipv4,blocklist.de|brute-force|apache|rfi|ddos|spam|mail|ziyadnz|hourly,2026-08-17T18:48:05Z,2026-08-17T18:48:05Z,
136.108.34.174,ipv4,attack,high,WHITE,blocklist.de/all|blocklist.de/apache|ziyadnz/hourly-ipv4,blocklist.de|brute-force|apache|rfi|ddos|spam|mail|ziyadnz|hourly,2026-08-17T18:48:05Z,2026-08-17T18:48:05Z,
136.108.43.180,ipv4,attack,high,WHITE,blocklist.de/all|blocklist.de/apache|ziyadnz/hourly-ipv4,blocklist.de|brute-force|apache|rfi|ddos|spam|mail|ziyadnz|hourly,2026-08-17T18:48:05Z,2026-08-17T18:48:05Z,
136.108.80.95,ipv4,attack,high,WHITE,blocklist.de/all|blocklist.de/apache|ziyadnz/hourly-ipv4,blocklist.de|brute-force|apache|rfi|ddos|spam|mail|ziyadnz|hourly,2026-08-17T18:48:05Z,2026-08-17T18:48:05Z,
136.108.81.233,ipv4,attack,high,WHITE,blocklist.de/all|blocklist.de/mail|ziyadnz/hourly-ipv4,blocklist.de|brute-force|apache|rfi|ddos|spam|mail|ziyadnz|hourly,2026-08-17T18:48:05Z,2026-08-17T18:48:05Z,
136.109.82.31,ipv4,attack,high,WHITE,blocklist.de/all|blocklist.de/apache|ziyadnz/hourly-ipv4,blocklist.de|brute-force|apache|rfi|ddos|spam|mail|ziyadnz|hourly,2026-08-17T18:48:05Z,2026-08-17T18:48:05Z,
136.109.91.85,ipv4,attack,high,WHITE,blocklist.de/all|blocklist.de/apache|ziyadnz/hourly-ipv4,blocklist.de|brute-force|apache|rfi|ddos|spam|mail|ziyadnz|hourly,2026-08-17T18:48:05Z,2026-08-17T18:48:05Z,
136.111.203.128,ipv4,attack,high,WHITE,blocklist.de/all|blocklist.de/apache|ziyadnz/hourly-ipv4,blocklist.de|brute-force|apache|rfi|ddos|spam|mail|ziyadnz|hourly,2026-08-17T18:48:05Z,2026-08-17T18:48:05Z,
136.111.77.170,ipv4,attack,high,WHITE,blocklist.de/all|blocklist.de/apache|ziyadnz/hourly-ipv4,blocklist.de|brute-force|apache|rfi|ddos|spam|mail|ziyadnz|hourly,2026-08-17T18:48:05Z,2026-08-17T18:48:05Z,
136.112.129.36,ipv4,attack,high,WHITE,blocklist.de/all|blocklist.de/apache|ziyadnz/hourly-ipv4,blocklist.de|brute-force|apache|rfi|ddos|spam|mail|ziyadnz|hourly,2026-08-17T18:48:05Z,2026-08-17T18:48:05Z,
136.113.136.97,ipv4,attack,medium,WHITE,blocklist.de/all|ziyadnz/hourly-ipv4,blocklist.de|brute-force|apache|rfi|ddos|spam|mail|ziyadnz|hourly,2026-08-17T18:48:05Z,2026-08-17T18:48:05Z,
136.118.4.250,ipv4,attack,high,WHITE,blocklist.de/all|blocklist.de/apache|ziyadnz/hourly-ipv4,blocklist.de|brute-force|apache|rfi|ddos|spam|mail|ziyadnz|hourly,2026-08-17T18:48:05Z,2026-08-17T18:48:05Z,
136.119.230.201,ipv4,attack,high,WHITE,blocklist.de/all|blocklist.de/apache|ziyadnz/hourly-ipv4,blocklist.de|brute-force|apache|rfi|ddos|spam|mail|ziyadnz|hourly,2026-08-17T18:48:05Z,2026-08-17T18:48:05Z,
136.119.246.88,ipv4,attack,high,WHITE,blocklist.de/all|blocklist.de/apache|ziyadnz/hourly-ipv4,blocklist.de|brute-force|apache|rfi|ddos|spam|mail|ziyadnz|hourly,2026-08-17T18:48:05Z,2026-08-17T18:48:05Z,
136.144.42.64,ipv4,attack,high,WHITE,blocklist.de/all|blocklist.de/mail|ziyadnz/hourly-ipv4,blocklist.de|brute-force|apache|rfi|ddos|spam|mail|ziyadnz|hourly,2026-08-17T18:48:05Z,2026-08-17T18:48:05Z,
136.185.6.181,ipv4,attack,high,WHITE,blocklist.de/all|blocklist.de/mail|ziyadnz/hourly-ipv4,blocklist.de|brute-force|apache|rfi|ddos|spam|mail|ziyadnz|hourly,2026-08-17T18:48:05Z,2026-08-17T18:48:05Z,
136.56.34.147,ipv4,attack,high,WHITE,blocklist.de/all|blocklist.de/mail|ziyadnz/hourly-ipv4,blocklist.de|brute-force|apache|rfi|ddos|spam|mail|ziyadnz|hourly,2026-08-17T18:48:05Z,2026-08-17T18:48:05Z,
136.66.27.226,ipv4,attack,high,WHITE,blocklist.de/all|blocklist.de/apache|ziyadnz/hourly-ipv4,blocklist.de|brute-force|apache|rfi|ddos|spam|mail|ziyadnz|hourly,2026-08-17T18:48:05Z,2026-08-17T18:48:05Z,
136.67.107.122,ipv4,attack,high,WHITE,blocklist.de/all|blocklist.de/apache|ziyadnz/hourly-ipv4,blocklist.de|brute-force|apache|rfi|ddos|spam|mail|ziyadnz|hourly,2026-08-17T18:48:05Z,2026-08-17T18:48:05Z,
136.67.122.210,ipv4,attack,high,WHITE,blocklist.de/all|blocklist.de/apache|ziyadnz/hourly-ipv4,blocklist.de|brute-force|apache|rfi|ddos|spam|mail|ziyadnz|hourly,2026-08-17T18:48:05Z,2026-08-17T18:48:05Z,
136.67.128.229,ipv4,attack,high,WHITE,blocklist.de/all|blocklist.de/apache|ziyadnz/hourly-ipv4,blocklist.de|brute-force|apache|rfi|ddos|spam|mail|ziyadnz|hourly,2026-08-17T18:48:05Z,2026-08-17T18:48:05Z,
136.67.99.68,ipv4,attack,high,WHITE,blocklist.de/all|blocklist.de/apache|ziyadnz/hourly-ipv4,blocklist.de|brute-force|apache|rfi|ddos|spam|mail|ziyadnz|hourly,2026-08-17T18:48:05Z,2026-08-17T18:48:05Z,
136.85.1.0,ipv4,attack,high,WHITE,blocklist.de/all|blocklist.de/apache|ziyadnz/hourly-ipv4,blocklist.de|brute-force|apache|rfi|ddos|spam|mail|ziyadnz|hourly,2026-08-17T18:48:05Z,2026-08-17T18:48:05Z,
136.85.102.239,ipv4,attack,high,WHITE,blocklist.de/all|blocklist.de/apache|ziyadnz/hourly-ipv4,blocklist.de|brute-force|apache|rfi|ddos|spam|mail|ziyadnz|hourly,2026-08-17T18:48:05Z,2026-08-17T18:48:05Z,
136.85.104.42,ipv4,attack,high,WHITE,blocklist.de/all|blocklist.de/apache|ziyadnz/hourly-ipv4,blocklist.de|brute-force|apache|rfi|ddos|spam|mail|ziyadnz|hourly,2026-08-17T18:48:05Z,2026-08-17T18:48:05Z,
136.85.90.18,ipv4,attack,high,WHITE,blocklist.de/all|blocklist.de/apache|ziyadnz/hourly-ipv4,blocklist.de|brute-force|apache|rfi|ddos|spam|mail|ziyadnz|hourly,2026-08-17T18:48:05Z,2026-08-17T18:48:05Z,
136.85.94.32,ipv4,attack,high,WHITE,blocklist.de/all|blocklist.de/apache|ziyadnz/hourly-ipv4,blocklist.de|brute-force|apache|rfi|ddos|spam|mail|ziyadnz|hourly,2026-08-17T18:48:05Z,2026-08-17T18:48:05Z,
137.184.152.188,ipv4,attack,high,WHITE,blocklist.de/all|blocklist.de/apache|ziyadnz/hourly-ipv4,blocklist.de|brute-force|apache|rfi|ddos|spam|mail|ziyadnz|hourly,2026-08-17T18:48:05Z,2026-08-17T18:48:05Z,
137.184.74.187,ipv4,attack,high,WHITE,blocklist.de/all|blocklist.de/apache|ziyadnz/hourly-ipv4,blocklist.de|brute-force|apache|rfi|ddos|spam|mail|ziyadnz|hourly,2026-08-17T18:48:05Z,2026-08-17T18:48:05Z,
137.27.32.70,ipv4,attack,high,WHITE,blocklist.de/all|blocklist.de/mail|ziyadnz/hourly-ipv4,blocklist.de|brute-force|apache|rfi|ddos|spam|mail|ziyadnz|hourly,2026-08-17T18:48:05Z,2026-08-17T18:48:05Z,
138.122.164.206,ipv4,attack,high,WHITE,blocklist.de/all|blocklist.de/mail|ziyadnz/hourly-ipv4,blocklist.de|brute-force|apache|rfi|ddos|spam|mail|ziyadnz|hourly,2026-08-17T18:48:05Z,2026-08-17T18:48:05Z,
138.122.242.42,ipv4,attack,high,WHITE,blocklist.de/all|blocklist.de/mail|ziyadnz/hourly-ipv4,blocklist.de|brute-force|apache|rfi|ddos|spam|mail|ziyadnz|hourly,2026-08-17T18:48:05Z,2026-08-17T18:48:05Z,
138.124.80.122,ipv4,attack,medium,WHITE,blocklist.de/all|ziyadnz/hourly-ipv4,blocklist.de|brute-force|apache|rfi|ddos|spam|mail|ziyadnz|hourly,2026-08-17T18:48:05Z,2026-08-17T18:48:05Z,
138.197.21.75,ipv4,attack,high,WHITE,blocklist.de/all|blocklist.de/apache|ziyadnz/hourly-ipv4,blocklist.de|brute-force|apache|rfi|ddos|spam|mail|ziyadnz|hourly,2026-08-17T18:48:05Z,2026-08-17T18:48:05Z,
138.68.252.209,ipv4,attack,high,WHITE,blocklist.de/all|blocklist.de/mail|ziyadnz/hourly-ipv4,blocklist.de|brute-force|apache|rfi|ddos|spam|mail|ziyadnz|hourly,2026-08-17T18:48:05Z,2026-08-17T18:48:05Z,
138.68.49.124,ipv4,attack,high,WHITE,blocklist.de/all|blocklist.de/apache|ziyadnz/hourly-ipv4,blocklist.de|brute-force|apache|rfi|ddos|spam|mail|ziyadnz|hourly,2026-08-17T18:48:05Z,2026-08-17T18:48:05Z,
138.68.70.127,ipv4,attack,high,WHITE,blocklist.de/all|blocklist.de/mail|ziyadnz/hourly-ipv4,blocklist.de|brute-force|apache|rfi|ddos|spam|mail|ziyadnz|hourly,2026-08-17T18:48:05Z,2026-08-17T18:48:05Z,
138.97.78.46,ipv4,attack,high,WHITE,blocklist.de/all|blocklist.de/mail|ziyadnz/hourly-ipv4,blocklist.de|brute-force|apache|rfi|ddos|spam|mail|ziyadnz|hourly,2026-08-17T18:48:05Z,2026-08-17T18:48:05Z,
139.213.240.6,ipv4,attack,high,WHITE,blocklist.de/all|blocklist.de/mail|ziyadnz/hourly-ipv4,blocklist.de|brute-force|apache|rfi|ddos|spam|mail|ziyadnz|hourly,2026-08-17T18:48:05Z,2026-08-17T18:48:05Z,
139.226.136.210,ipv4,attack,high,WHITE,blocklist.de/all|blocklist.de/mail|ziyadnz/hourly-ipv4,blocklist.de|brute-force|apache|rfi|ddos|spam|mail|ziyadnz|hourly,2026-08-17T18:48:05Z,2026-08-17T18:48:05Z,
139.59.208.49,ipv4,attack,medium,WHITE,blocklist.de/all|ziyadnz/hourly-ipv4,blocklist.de|brute-force|apache|rfi|ddos|spam|mail|ziyadnz|hourly,2026-08-17T18:48:05Z,2026-08-17T18:48:05Z,
14.116.172.42,ipv4,attack,high,WHITE,blocklist.de/all|blocklist.de/mail|ziyadnz/hourly-ipv4,blocklist.de|brute-force|apache|rfi|ddos|spam|mail|ziyadnz|hourly,2026-08-17T18:48:05Z,2026-08-17T18:48:05Z,
14.155.209.79,ipv4,attack,high,WHITE,blocklist.de/all|blocklist.de/mail|ziyadnz/hourly-ipv4,blocklist.de|brute-force|apache|rfi|ddos|spam|mail|ziyadnz|hourly,2026-08-17T18:48:05Z,2026-08-17T18:48:05Z,
14.23.77.27,ipv4,attack,high,WHITE,blocklist.de/all|blocklist.de/mail|ziyadnz/hourly-ipv4,blocklist.de|brute-force|apache|rfi|ddos|spam|mail|ziyadnz|hourly,2026-08-17T18:48:05Z,2026-08-17T18:48:05Z,
14.238.137.2,ipv4,attack,high,WHITE,blocklist.de/all|blocklist.de/mail|ziyadnz/hourly-ipv4,blocklist.de|brute-force|apache|rfi|ddos|spam|mail|ziyadnz|hourly,2026-08-17T18:48:05Z,2026-08-17T18:48:05Z,
14.29.181.34,ipv4,attack,medium,WHITE,blocklist.de/all|ziyadnz/hourly-ipv4,blocklist.de|brute-force|apache|rfi|ddos|spam|mail|ziyadnz|hourly,2026-08-17T18:48:05Z,2026-08-17T18:48:05Z,
14.33.96.3,ipv4,attack,high,WHITE,blocklist.de/all|blocklist.de/mail|ziyadnz/hourly-ipv4,blocklist.de|brute-force|apache|rfi|ddos|spam|mail|ziyadnz|hourly,2026-08-17T18:48:05Z,2026-08-17T18:48:05Z,
14.36.5.203,ipv4,attack,high,WHITE,blocklist.de/all|blocklist.de/mail|ziyadnz/hourly-ipv4,blocklist.de|brute-force|apache|rfi|ddos|spam|mail|ziyadnz|hourly,2026-08-17T18:48:05Z,2026-08-17T18:48:05Z,
14.39.107.91,ipv4,attack,high,WHITE,blocklist.de/all|blocklist.de/mail|ziyadnz/hourly-ipv4,blocklist.de|brute-force|apache|rfi|ddos|spam|mail|ziyadnz|hourly,2026-08-17T18:48:05Z,2026-08-17T18:48:05Z,
14.41.16.204,ipv4,attack,high,WHITE,blocklist.de/all|blocklist.de/mail|ziyadnz/hourly-ipv4,blocklist.de|brute-force|apache|rfi|ddos|spam|mail|ziyadnz|hourly,2026-08-17T18:48:05Z,2026-08-17T18:48:05Z,
14.47.3.217,ipv4,attack,high,WHITE,blocklist.de/all|blocklist.de/mail|ziyadnz/hourly-ipv4,blocklist.de|brute-force|apache|rfi|ddos|spam|mail|ziyadnz|hourly,2026-08-17T18:48:05Z,2026-08-17T18:48:05Z,
14.48.246.33,ipv4,attack,high,WHITE,blocklist.de/all|blocklist.de/mail|ziyadnz/hourly-ipv4,blocklist.de|brute-force|apache|rfi|ddos|spam|mail|ziyadnz|hourly,2026-08-17T18:48:05Z,2026-08-17T18:48:05Z,
14.49.149.111,ipv4,attack,high,WHITE,blocklist.de/all|blocklist.de/mail|ziyadnz/hourly-ipv4,blocklist.de|brute-force|apache|rfi|ddos|spam|mail|ziyadnz|hourly,2026-08-17T18:48:05Z,2026-08-17T18:48:05Z,
14.49.151.7,ipv4,attack,high,WHITE,blocklist.de/all|blocklist.de/mail|ziyadnz/hourly-ipv4,blocklist.de|brute-force|apache|rfi|ddos|spam|mail|ziyadnz|hourly,2026-08-17T18:48:05Z,2026-08-17T18:48:05Z,
14.49.195.142,ipv4,attack,high,WHITE,blocklist.de/all|blocklist.de/mail|ziyadnz/hourly-ipv4,blocklist.de|brute-force|apache|rfi|ddos|spam|mail|ziyadnz|hourly,2026-08-17T18:48:05Z,2026-08-17T18:48:05Z,
141.148.165.230,ipv4,attack,high,WHITE,blocklist.de/all|blocklist.de/mail|ziyadnz/hourly-ipv4,blocklist.de|brute-force|apache|rfi|ddos|spam|mail|ziyadnz|hourly,2026-08-17T18:48:05Z,2026-08-17T18:48:05Z,
141.98.10.11,ipv4,attack,high,WHITE,blocklist.de/all|blocklist.de/mail|ziyadnz/hourly-ipv4,blocklist.de|brute-force|apache|rfi|ddos|spam|mail|ziyadnz|hourly,2026-08-17T18:48:05Z,2026-08-17T18:48:05Z,
141.98.10.134,ipv4,attack,high,WHITE,blocklist.de/all|blocklist.de/mail|ziyadnz/hourly-ipv4,blocklist.de|brute-force|apache|rfi|ddos|spam|mail|ziyadnz|hourly,2026-08-17T18:48:05Z,2026-08-17T18:48:05Z,
141.98.9.103,ipv4,attack,high,WHITE,blocklist.de/all|blocklist.de/mail|ziyadnz/hourly-ipv4,blocklist.de|brute-force|apache|rfi|ddos|spam|mail|ziyadnz|hourly,2026-08-17T18:48:05Z,2026-08-17T18:48:05Z,
141.98.9.69,ipv4,attack,high,WHITE,blocklist.de/all|blocklist.de/mail|ziyadnz/hourly-ipv4,blocklist.de|brute-force|apache|rfi|ddos|spam|mail|ziyadnz|hourly,2026-08-17T18:48:05Z,2026-08-17T18:48:05Z,
142.93.34.149,ipv4,attack,high,WHITE,blocklist.de/all|blocklist.de/mail|ziyadnz/hourly-ipv4,blocklist.de|brute-force|apache|rfi|ddos|spam|mail|ziyadnz|hourly,2026-08-17T18:48:05Z,2026-08-17T18:48:05Z,
142.93.59.180,ipv4,attack,high,WHITE,blocklist.de/all|blocklist.de/apache|ziyadnz/hourly-ipv4,blocklist.de|brute-force|apache|rfi|ddos|spam|mail|ziyadnz|hourly,2026-08-17T18:48:05Z,2026-08-17T18:48:05Z,
142.93.90.47,ipv4,attack,high,WHITE,blocklist.de/all|blocklist.de/apache|ziyadnz/hourly-ipv4,blocklist.de|brute-force|apache|rfi|ddos|spam|mail|ziyadnz|hourly,2026-08-17T18:48:05Z,2026-08-17T18:48:05Z,
143.110.177.252,ipv4,attack,high,WHITE,blocklist.de/all|blocklist.de/mail|ziyadnz/hourly-ipv4,blocklist.de|brute-force|apache|rfi|ddos|spam|mail|ziyadnz|hourly,2026-08-17T18:48:05Z,2026-08-17T18:48:05Z,
143.198.176.135,ipv4,attack,high,WHITE,blocklist.de/all|blocklist.de/apache|ziyadnz/hourly-ipv4,blocklist.de|brute-force|apache|rfi|ddos|spam|mail|ziyadnz|hourly,2026-08-17T18:48:05Z,2026-08-17T18:48:05Z,
143.20.97.135,ipv4,attack,medium,WHITE,blocklist.de/all|ziyadnz/hourly-ipv4,blocklist.de|brute-force|apache|rfi|ddos|spam|mail|ziyadnz|hourly,2026-08-17T18:48:05Z,2026-08-17T18:48:05Z,
144.172.106.244,ipv4,attack,medium,WHITE,blocklist.de/all|ziyadnz/hourly-ipv4,blocklist.de|brute-force|apache|rfi|ddos|spam|mail|ziyadnz|hourly,2026-08-17T18:48:05Z,2026-08-17T18:48:05Z,
145.239.11.155,ipv4,attack,high,WHITE,blocklist.de/all|blocklist.de/mail|ziyadnz/hourly-ipv4,blocklist.de|brute-force|apache|rfi|ddos|spam|mail|ziyadnz|hourly,2026-08-17T18:48:05Z,2026-08-17T18:48:05Z,
146.158.120.77,ipv4,attack,high,WHITE,blocklist.de/all|blocklist.de/mail|ziyadnz/hourly-ipv4,blocklist.de|brute-force|apache|rfi|ddos|spam|mail|ziyadnz|hourly,2026-08-17T18:48:05Z,2026-08-17T18:48:05Z,
146.190.116.42,ipv4,attack,high,WHITE,blocklist.de/all|blocklist.de/apache|ziyadnz/hourly-ipv4,blocklist.de|brute-force|apache|rfi|ddos|spam|mail|ziyadnz|hourly,2026-08-17T18:48:05Z,2026-08-17T18:48:05Z,
146.190.240.220,ipv4,attack,high,WHITE,blocklist.de/all|blocklist.de/apache|ziyadnz/hourly-ipv4,blocklist.de|brute-force|apache|rfi|ddos|spam|mail|ziyadnz|hourly,2026-08-17T18:48:05Z,2026-08-17T18:48:05Z,
146.190.247.31,ipv4,attack,high,WHITE,blocklist.de/all|blocklist.de/mail|ziyadnz/hourly-ipv4,blocklist.de|brute-force|apache|rfi|ddos|spam|mail|ziyadnz|hourly,2026-08-17T18:48:05Z,2026-08-17T18:48:05Z,
146.190.82.67,ipv4,attack,high,WHITE,blocklist.de/all|blocklist.de/apache|ziyadnz/hourly-ipv4,blocklist.de|brute-force|apache|rfi|ddos|spam|mail|ziyadnz|hourly,2026-08-17T18:48:05Z,2026-08-17T18:48:05Z,
146.59.182.47,ipv4,attack,high,WHITE,blocklist.de/all|blocklist.de/apache|ziyadnz/hourly-ipv4,blocklist.de|brute-force|apache|rfi|ddos|spam|mail|ziyadnz|hourly,2026-08-17T18:48:05Z,2026-08-17T18:48:05Z,
147.124.217.81,ipv4,attack,high,WHITE,blocklist.de/all|blocklist.de/mail|ziyadnz/hourly-ipv4,blocklist.de|brute-force|apache|rfi|ddos|spam|mail|ziyadnz|hourly,2026-08-17T18:48:05Z,2026-08-17T18:48:05Z,
147.182.236.166,ipv4,attack,high,WHITE,blocklist.de/all|blocklist.de/mail|ziyadnz/hourly-ipv4,blocklist.de|brute-force|apache|rfi|ddos|spam|mail|ziyadnz|hourly,2026-08-17T18:48:05Z,2026-08-17T18:48:05Z,
147.185.133.6,ipv4,attack,high,WHITE,blocklist.de/all|blocklist.de/mail|ziyadnz/hourly-ipv4,blocklist.de|brute-force|apache|rfi|ddos|spam|mail|ziyadnz|hourly,2026-08-17T18:48:05Z,2026-08-17T18:48:05Z,
149.54.24.254,ipv4,attack,high,WHITE,blocklist.de/all|blocklist.de/mail|ziyadnz/hourly-ipv4,blocklist.de|brute-force|apache|rfi|ddos|spam|mail|ziyadnz|hourly,2026-08-17T18:48:05Z,2026-08-17T18:48:05Z,
149.54.40.222,ipv4,attack,high,WHITE,blocklist.de/all|blocklist.de/mail|ziyadnz/hourly-ipv4,blocklist.de|brute-force|apache|rfi|ddos|spam|mail|ziyadnz|hourly,2026-08-17T18:48:05Z,2026-08-17T18:48:05Z,
149.56.160.214,ipv4,attack,high,WHITE,blocklist.de/all|blocklist.de/apache|ziyadnz/hourly-ipv4,blocklist.de|brute-force|apache|rfi|ddos|spam|mail|ziyadnz|hourly,2026-08-17T18:48:05Z,2026-08-17T18:48:05Z,
149.62.239.4,ipv4,attack,high,WHITE,blocklist.de/all|blocklist.de/mail|ziyadnz/hourly-ipv4,blocklist.de|brute-force|apache|rfi|ddos|spam|mail|ziyadnz|hourly,2026-08-17T18:48:05Z,2026-08-17T18:48:05Z,
15.206.122.63,ipv4,attack,high,WHITE,blocklist.de/all|blocklist.de/apache|ziyadnz/hourly-ipv4,blocklist.de|brute-force|apache|rfi|ddos|spam|mail|ziyadnz|hourly,2026-08-17T18:48:05Z,2026-08-17T18:48:05Z,
15.220.65.177,ipv4,attack,high,WHITE,blocklist.de/all|blocklist.de/apache|ziyadnz/hourly-ipv4,blocklist.de|brute-force|apache|rfi|ddos|spam|mail|ziyadnz|hourly,2026-08-17T18:48:05Z,2026-08-17T18:48:05Z,
151.237.113.87,ipv4,attack,high,WHITE,blocklist.de/all|blocklist.de/mail|ziyadnz/hourly-ipv4,blocklist.de|brute-force|apache|rfi|ddos|spam|mail|ziyadnz|hourly,2026-08-17T18:48:05Z,2026-08-17T18:48:05Z,
151.237.115.206,ipv4,attack,high,WHITE,blocklist.de/all|blocklist.de/mail|ziyadnz/hourly-ipv4,blocklist.de|brute-force|apache|rfi|ddos|spam|mail|ziyadnz|hourly,2026-08-17T18:48:05Z,2026-08-17T18:48:05Z,
151.3.178.94,ipv4,attack,high,WHITE,blocklist.de/all|blocklist.de/mail|ziyadnz/hourly-ipv4,blocklist.de|brute-force|apache|rfi|ddos|spam|mail|ziyadnz|hourly,2026-08-17T18:48:05Z,2026-08-17T18:48:05Z,
152.115.85.22,ipv4,attack,high,WHITE,blocklist.de/all|blocklist.de/mail|ziyadnz/hourly-ipv4,blocklist.de|brute-force|apache|rfi|ddos|spam|mail|ziyadnz|hourly,2026-08-17T18:48:05Z,2026-08-17T18:48:05Z,
152.32.140.218,ipv4,attack,high,WHITE,blocklist.de/all|blocklist.de/mail|ziyadnz/hourly-ipv4,blocklist.de|brute-force|apache|rfi|ddos|spam|mail|ziyadnz|hourly,2026-08-17T18:48:05Z,2026-08-17T18:48:05Z,
152.32.150.26,ipv4,attack,medium,WHITE,blocklist.de/all|ziyadnz/hourly-ipv4,blocklist.de|brute-force|apache|rfi|ddos|spam|mail|ziyadnz|hourly,2026-08-17T18:48:05Z,2026-08-17T18:48:05Z,
152.32.180.86,ipv4,attack,high,WHITE,blocklist.de/all|blocklist.de/mail|ziyadnz/hourly-ipv4,blocklist.de|brute-force|apache|rfi|ddos|spam|mail|ziyadnz|hourly,2026-08-17T18:48:05Z,2026-08-17T18:48:05Z,
152.32.180.98,ipv4,attack,high,WHITE,blocklist.de/all|blocklist.de/mail|ziyadnz/hourly-ipv4,blocklist.de|brute-force|apache|rfi|ddos|spam|mail|ziyadnz|hourly,2026-08-17T18:48:05Z,2026-08-17T18:48:05Z,
152.32.181.210,ipv4,attack,high,WHITE,blocklist.de/all|blocklist.de/mail|ziyadnz/hourly-ipv4,blocklist.de|brute-force|apache|rfi|ddos|spam|mail|ziyadnz|hourly,2026-08-17T18:48:05Z,2026-08-17T18:48:05Z,
152.32.235.85,ipv4,attack,high,WHITE,blocklist.de/all|blocklist.de/mail|ziyadnz/hourly-ipv4,blocklist.de|brute-force|apache|rfi|ddos|spam|mail|ziyadnz|hourly,2026-08-17T18:48:05Z,2026-08-17T18:48:05Z,
152.32.243.245,ipv4,attack,high,WHITE,blocklist.de/all|blocklist.de/mail|ziyadnz/hourly-ipv4,blocklist.de|brute-force|apache|rfi|ddos|spam|mail|ziyadnz|hourly,2026-08-17T18:48:05Z,2026-08-17T18:48:05Z,
152.42.192.155,ipv4,attack,high,WHITE,blocklist.de/all|blocklist.de/apache|ziyadnz/hourly-ipv4,blocklist.de|brute-force|apache|rfi|ddos|spam|mail|ziyadnz|hourly,2026-08-17T18:48:05Z,2026-08-17T18:48:05Z,
152.52.198.130,ipv4,attack,high,WHITE,blocklist.de/all|blocklist.de/mail|ziyadnz/hourly-ipv4,blocklist.de|brute-force|apache|rfi|ddos|spam|mail|ziyadnz|hourly,2026-08-17T18:48:05Z,2026-08-17T18:48:05Z,
152.52.200.6,ipv4,attack,high,WHITE,blocklist.de/all|blocklist.de/mail|ziyadnz/hourly-ipv4,blocklist.de|brute-force|apache|rfi|ddos|spam|mail|ziyadnz|hourly,2026-08-17T18:48:05Z,2026-08-17T18:48:05Z,
152.52.229.94,ipv4,attack,high,WHITE,blocklist.de/all|blocklist.de/mail|ziyadnz/hourly-ipv4,blocklist.de|brute-force|apache|rfi|ddos|spam|mail|ziyadnz|hourly,2026-08-17T18:48:05Z,2026-08-17T18:48:05Z,
152.53.0.108,ipv4,attack,high,WHITE,blocklist.de/all|blocklist.de/apache|ziyadnz/hourly-ipv4,blocklist.de|brute-force|apache|rfi|ddos|spam|mail|ziyadnz|hourly,2026-08-17T18:48:05Z,2026-08-17T18:48:05Z,
153.35.192.98,ipv4,attack,high,WHITE,blocklist.de/all|blocklist.de/mail|ziyadnz/hourly-ipv4,blocklist.de|brute-force|apache|rfi|ddos|spam|mail|ziyadnz|hourly,2026-08-17T18:48:05Z,2026-08-17T18:48:05Z,
153.37.177.219,ipv4,attack,high,WHITE,blocklist.de/all|blocklist.de/mail|ziyadnz/hourly-ipv4,blocklist.de|brute-force|apache|rfi|ddos|spam|mail|ziyadnz|hourly,2026-08-17T18:48:05Z,2026-08-17T18:48:05Z,
154.14.139.82,ipv4,attack,high,WHITE,blocklist.de/all|blocklist.de/mail|ziyadnz/hourly-ipv4,blocklist.de|brute-force|apache|rfi|ddos|spam|mail|ziyadnz|hourly,2026-08-17T18:48:05Z,2026-08-17T18:48:05Z,
154.14.144.86,ipv4,attack,high,WHITE,blocklist.de/all|blocklist.de/mail|ziyadnz/hourly-ipv4,blocklist.de|brute-force|apache|rfi|ddos|spam|mail|ziyadnz|hourly,2026-08-17T18:48:05Z,2026-08-17T18:48:05Z,
154.14.31.34,ipv4,attack,high,WHITE,blocklist.de/all|blocklist.de/mail|ziyadnz/hourly-ipv4,blocklist.de|brute-force|apache|rfi|ddos|spam|mail|ziyadnz|hourly,2026-08-17T18:48:05Z,2026-08-17T18:48:05Z,
154.16.95.141,ipv4,attack,high,WHITE,blocklist.de/all|blocklist.de/mail|ziyadnz/hourly-ipv4,blocklist.de|brute-force|apache|rfi|ddos|spam|mail|ziyadnz|hourly,2026-08-17T18:48:05Z,2026-08-17T18:48:05Z,
154.160.18.88,ipv4,attack,high,WHITE,blocklist.de/all|blocklist.de/mail|ziyadnz/hourly-ipv4,blocklist.de|brute-force|apache|rfi|ddos|spam|mail|ziyadnz|hourly,2026-08-17T18:48:05Z,2026-08-17T18:48:05Z,
154.197.57.11,ipv4,attack,medium,WHITE,blocklist.de/all|ziyadnz/hourly-ipv4,blocklist.de|brute-force|apache|rfi|ddos|spam|mail|ziyadnz|hourly,2026-08-17T18:48:05Z,2026-08-17T18:48:05Z,
154.241.105.255,ipv4,attack,high,WHITE,blocklist.de/all|blocklist.de/mail|ziyadnz/hourly-ipv4,blocklist.de|brute-force|apache|rfi|ddos|spam|mail|ziyadnz|hourly,2026-08-17T18:48:05Z,2026-08-17T18:48:05Z,
154.84.203.106,ipv4,attack,high,WHITE,blocklist.de/all|blocklist.de/mail|ziyadnz/hourly-ipv4,blocklist.de|brute-force|apache|rfi|ddos|spam|mail|ziyadnz|hourly,2026-08-17T18:48:05Z,2026-08-17T18:48:05Z,
156.229.21.54,ipv4,attack,high,WHITE,blocklist.de/all|blocklist.de/apache|ziyadnz/hourly-ipv4,blocklist.de|brute-force|apache|rfi|ddos|spam|mail|ziyadnz|hourly,2026-08-17T18:48:05Z,2026-08-17T18:48:05Z,
156.67.111.76,ipv4,attack,medium,WHITE,blocklist.de/all|ziyadnz/hourly-ipv4,blocklist.de|brute-force|apache|rfi|ddos|spam|mail|ziyadnz|hourly,2026-08-17T18:48:05Z,2026-08-17T18:48:05Z,
157.20.228.20,ipv4,attack,high,WHITE,blocklist.de/all|blocklist.de/mail|ziyadnz/hourly-ipv4,blocklist.de|brute-force|apache|rfi|ddos|spam|mail|ziyadnz|hourly,2026-08-17T18:48:05Z,2026-08-17T18:48:05Z,
157.230.186.54,ipv4,attack,high,WHITE,blocklist.de/all|blocklist.de/apache|ziyadnz/hourly-ipv4,blocklist.de|brute-force|apache|rfi|ddos|spam|mail|ziyadnz|hourly,2026-08-17T18:48:05Z,2026-08-17T18:48:05Z,
157.230.225.184,ipv4,attack,high,WHITE,blocklist.de/all|blocklist.de/apache|ziyadnz/hourly-ipv4,blocklist.de|brute-force|apache|rfi|ddos|spam|mail|ziyadnz|hourly,2026-08-17T18:48:05Z,2026-08-17T18:48:05Z,
157.230.5.121,ipv4,attack,high,WHITE,blocklist.de/all|blocklist.de/apache|ziyadnz/hourly-ipv4,blocklist.de|brute-force|apache|rfi|ddos|spam|mail|ziyadnz|hourly,2026-08-17T18:48:05Z,2026-08-17T18:48:05Z,
157.245.248.249,ipv4,attack,high,WHITE,blocklist.de/all|blocklist.de/apache|ziyadnz/hourly-ipv4,blocklist.de|brute-force|apache|rfi|ddos|spam|mail|ziyadnz|hourly,2026-08-17T18:48:05Z,2026-08-17T18:48:05Z,
157.245.78.131,ipv4,attack,high,WHITE,blocklist.de/all|blocklist.de/apache|ziyadnz/hourly-ipv4,blocklist.de|brute-force|apache|rfi|ddos|spam|mail|ziyadnz|hourly,2026-08-17T18:48:05Z,2026-08-17T18:48:05Z,
157.66.56.94,ipv4,attack,high,WHITE,blocklist.de/all|blocklist.de/apache|ziyadnz/hourly-ipv4,blocklist.de|brute-force|apache|rfi|ddos|spam|mail|ziyadnz|hourly,2026-08-17T18:48:05Z,2026-08-17T18:48:05Z,
158.173.158.15,ipv4,attack,high,WHITE,blocklist.de/all|blocklist.de/mail|ziyadnz/hourly-ipv4,blocklist.de|brute-force|apache|rfi|ddos|spam|mail|ziyadnz|hourly,2026-08-17T18:48:05Z,2026-08-17T18:48:05Z,
158.23.18.197,ipv4,attack,high,WHITE,blocklist.de/all|blocklist.de/apache|ziyadnz/hourly-ipv4,blocklist.de|brute-force|apache|rfi|ddos|spam|mail|ziyadnz|hourly,2026-08-17T18:48:05Z,2026-08-17T18:48:05Z,
159.203.130.37,ipv4,attack,high,WHITE,blocklist.de/all|blocklist.de/mail|ziyadnz/hourly-ipv4,blocklist.de|brute-force|apache|rfi|ddos|spam|mail|ziyadnz|hourly,2026-08-17T18:48:05Z,2026-08-17T18:48:05Z,
159.223.204.247,ipv4,attack,high,WHITE,blocklist.de/all|blocklist.de/mail|ziyadnz/hourly-ipv4,blocklist.de|brute-force|apache|rfi|ddos|spam|mail|ziyadnz|hourly,2026-08-17T18:48:05Z,2026-08-17T18:48:05Z,
159.224.140.227,ipv4,attack,high,WHITE,blocklist.de/all|blocklist.de/mail|ziyadnz/hourly-ipv4,blocklist.de|brute-force|apache|rfi|ddos|spam|mail|ziyadnz|hourly,2026-08-17T18:48:05Z,2026-08-17T18:48:05Z,
159.26.110.123,ipv4,attack,high,WHITE,blocklist.de/all|blocklist.de/apache|ziyadnz/hourly-ipv4,blocklist.de|brute-force|apache|rfi|ddos|spam|mail|ziyadnz|hourly,2026-08-17T18:48:05Z,2026-08-17T18:48:05Z,
159.65.75.2,ipv4,attack,high,WHITE,blocklist.de/all|blocklist.de/apache|ziyadnz/hourly-ipv4,blocklist.de|brute-force|apache|rfi|ddos|spam|mail|ziyadnz|hourly,2026-08-17T18:48:05Z,2026-08-17T18:48:05Z,
159.89.52.219,ipv4,attack,high,WHITE,blocklist.de/all|blocklist.de/mail|ziyadnz/hourly-ipv4,blocklist.de|brute-force|apache|rfi|ddos|spam|mail|ziyadnz|hourly,2026-08-17T18:48:05Z,2026-08-17T18:48:05Z,
16.171.64.239,ipv4,attack,high,WHITE,blocklist.de/all|blocklist.de/apache|ziyadnz/hourly-ipv4,blocklist.de|brute-force|apache|rfi|ddos|spam|mail|ziyadnz|hourly,2026-08-17T18:48:05Z,2026-08-17T18:48:05Z,
160.119.76.66,ipv4,attack,medium,WHITE,blocklist.de/all|ziyadnz/hourly-ipv4,blocklist.de|brute-force|apache|rfi|ddos|spam|mail|ziyadnz|hourly,2026-08-17T18:48:05Z,2026-08-17T18:48:05Z,
160.20.109.54,ipv4,attack,high,WHITE,blocklist.de/all|blocklist.de/apache|ziyadnz/hourly-ipv4,blocklist.de|brute-force|apache|rfi|ddos|spam|mail|ziyadnz|hourly,2026-08-17T18:48:05Z,2026-08-17T18:48:05Z,
160.20.109.55,ipv4,attack,high,WHITE,blocklist.de/all|blocklist.de/apache|ziyadnz/hourly-ipv4,blocklist.de|brute-force|apache|rfi|ddos|spam|mail|ziyadnz|hourly,2026-08-17T18:48:05Z,2026-08-17T18:48:05Z,
160.251.202.50,ipv4,attack,medium,WHITE,blocklist.de/all|ziyadnz/hourly-ipv4,blocklist.de|brute-force|apache|rfi|ddos|spam|mail|ziyadnz|hourly,2026-08-17T18:48:05Z,2026-08-17T18:48:05Z,
160.30.142.218,ipv4,attack,high,WHITE,blocklist.de/all|blocklist.de/apache|ziyadnz/hourly-ipv4,blocklist.de|brute-force|apache|rfi|ddos|spam|mail|ziyadnz|hourly,2026-08-17T18:48:05Z,2026-08-17T18:48:05Z,
161.118.210.177,ipv4,attack,high,WHITE,blocklist.de/all|blocklist.de/apache|ziyadnz/hourly-ipv4,blocklist.de|brute-force|apache|rfi|ddos|spam|mail|ziyadnz|hourly,2026-08-17T18:48:05Z,2026-08-17T18:48:05Z,
162.158.102.122,ipv4,attack,high,WHITE,blocklist.de/all|blocklist.de/apache|ziyadnz/hourly-ipv4,blocklist.de|brute-force|apache|rfi|ddos|spam|mail|ziyadnz|hourly,2026-08-17T18:48:05Z,2026-08-17T18:48:05Z,
162.158.102.46,ipv4,attack,high,WHITE,blocklist.de/all|blocklist.de/apache|ziyadnz/hourly-ipv4,blocklist.de|brute-force|apache|rfi|ddos|spam|mail|ziyadnz|hourly,2026-08-17T18:48:05Z,2026-08-17T18:48:05Z,
162.158.114.83,ipv4,attack,high,WHITE,blocklist.de/all|blocklist.de/apache|ziyadnz/hourly-ipv4,blocklist.de|brute-force|apache|rfi|ddos|spam|mail|ziyadnz|hourly,2026-08-17T18:48:05Z,2026-08-17T18:48:05Z,
162.158.174.61,ipv4,attack,high,WHITE,blocklist.de/all|blocklist.de/apache|ziyadnz/hourly-ipv4,blocklist.de|brute-force|apache|rfi|ddos|spam|mail|ziyadnz|hourly,2026-08-17T18:48:05Z,2026-08-17T18:48:05Z,
162.158.174.76,ipv4,attack,high,WHITE,blocklist.de/all|blocklist.de/apache|ziyadnz/hourly-ipv4,blocklist.de|brute-force|apache|rfi|ddos|spam|mail|ziyadnz|hourly,2026-08-17T18:48:05Z,2026-08-17T18:48:05Z,
162.158.174.77,ipv4,attack,high,WHITE,blocklist.de/all|blocklist.de/apache|ziyadnz/hourly-ipv4,blocklist.de|brute-force|apache|rfi|ddos|spam|mail|ziyadnz|hourly,2026-08-17T18:48:05Z,2026-08-17T18:48:05Z,
162.158.178.157,ipv4,attack,high,WHITE,blocklist.de/all|blocklist.de/apache|ziyadnz/hourly-ipv4,blocklist.de|brute-force|apache|rfi|ddos|spam|mail|ziyadnz|hourly,2026-08-17T18:48:05Z,2026-08-17T18:48:05Z,
162.158.178.35,ipv4,attack,high,WHITE,blocklist.de/all|blocklist.de/apache|ziyadnz/hourly-ipv4,blocklist.de|brute-force|apache|rfi|ddos|spam|mail|ziyadnz|hourly,2026-08-17T18:48:05Z,2026-08-17T18:48:05Z,
162.158.182.54,ipv4,attack,high,WHITE,blocklist.de/all|blocklist.de/apache|ziyadnz/hourly-ipv4,blocklist.de|brute-force|apache|rfi|ddos|spam|mail|ziyadnz|hourly,2026-08-17T18:48:05Z,2026-08-17T18:48:05Z,
162.158.183.15,ipv4,attack,high,WHITE,blocklist.de/all|blocklist.de/apache|ziyadnz/hourly-ipv4,blocklist.de|brute-force|apache|rfi|ddos|spam|mail|ziyadnz|hourly,2026-08-17T18:48:05Z,2026-08-17T18:48:05Z,
162.158.183.16,ipv4,attack,high,WHITE,blocklist.de/all|blocklist.de/apache|ziyadnz/hourly-ipv4,blocklist.de|brute-force|apache|rfi|ddos|spam|mail|ziyadnz|hourly,2026-08-17T18:48:05Z,2026-08-17T18:48:05Z,
162.158.86.68,ipv4,attack,high,WHITE,blocklist.de/all|blocklist.de/apache|ziyadnz/hourly-ipv4,blocklist.de|brute-force|apache|rfi|ddos|spam|mail|ziyadnz|hourly,2026-08-17T18:48:05Z,2026-08-17T18:48:05Z,
162.158.94.206,ipv4,attack,high,WHITE,blocklist.de/all|blocklist.de/apache|ziyadnz/hourly-ipv4,blocklist.de|brute-force|apache|rfi|ddos|spam|mail|ziyadnz|hourly,2026-08-17T18:48:05Z,2026-08-17T18:48:05Z,
162.158.94.207,ipv4,attack,high,WHITE,blocklist.de/all|blocklist.de/apache|ziyadnz/hourly-ipv4,blocklist.de|brute-force|apache|rfi|ddos|spam|mail|ziyadnz|hourly,2026-08-17T18:48:05Z,2026-08-17T18:48:05Z,
162.158.95.218,ipv4,attack,high,WHITE,blocklist.de/all|blocklist.de/apache|ziyadnz/hourly-ipv4,blocklist.de|brute-force|apache|rfi|ddos|spam|mail|ziyadnz|hourly,2026-08-17T18:48:05Z,2026-08-17T18:48:05Z,
162.159.98.156,ipv4,attack,high,WHITE,blocklist.de/all|blocklist.de/apache|ziyadnz/hourly-ipv4,blocklist.de|brute-force|apache|rfi|ddos|spam|mail|ziyadnz|hourly,2026-08-17T18:48:05Z,2026-08-17T18:48:05Z,
162.159.98.64,ipv4,attack,high,WHITE,blocklist.de/all|blocklist.de/apache|ziyadnz/hourly-ipv4,blocklist.de|brute-force|apache|rfi|ddos|spam|mail|ziyadnz|hourly,2026-08-17T18:48:05Z,2026-08-17T18:48:05Z,
162.216.149.157,ipv4,attack,high,WHITE,blocklist.de/all|blocklist.de/mail|ziyadnz/hourly-ipv4,blocklist.de|brute-force|apache|rfi|ddos|spam|mail|ziyadnz|hourly,2026-08-17T18:48:05Z,2026-08-17T18:48:05Z,
162.243.79.180,ipv4,attack,high,WHITE,blocklist.de/all|blocklist.de/apache|ziyadnz/hourly-ipv4,blocklist.de|brute-force|apache|rfi|ddos|spam|mail|ziyadnz|hourly,2026-08-17T18:48:05Z,2026-08-17T18:48:05Z,
162.251.93.214,ipv4,attack,high,WHITE,blocklist.de/all|blocklist.de/mail|ziyadnz/hourly-ipv4,blocklist.de|brute-force|apache|rfi|ddos|spam|mail|ziyadnz|hourly,2026-08-17T18:48:05Z,2026-08-17T18:48:05Z,
164.164.117.23,ipv4,attack,high,WHITE,blocklist.de/all|blocklist.de/mail|ziyadnz/hourly-ipv4,blocklist.de|brute-force|apache|rfi|ddos|spam|mail|ziyadnz|hourly,2026-08-17T18:48:05Z,2026-08-17T18:48:05Z,
164.90.223.245,ipv4,attack,high,WHITE,blocklist.de/all|blocklist.de/apache|ziyadnz/hourly-ipv4,blocklist.de|brute-force|apache|rfi|ddos|spam|mail|ziyadnz|hourly,2026-08-17T18:48:05Z,2026-08-17T18:48:05Z,
164.92.110.206,ipv4,attack,high,WHITE,blocklist.de/all|blocklist.de/mail|ziyadnz/hourly-ipv4,blocklist.de|brute-force|apache|rfi|ddos|spam|mail|ziyadnz|hourly,2026-08-17T18:48:05Z,2026-08-17T18:48:05Z,
165.154.100.42,ipv4,attack,high,WHITE,blocklist.de/all|blocklist.de/mail|ziyadnz/hourly-ipv4,blocklist.de|brute-force|apache|rfi|ddos|spam|mail|ziyadnz|hourly,2026-08-17T18:48:05Z,2026-08-17T18:48:05Z,
165.154.163.199,ipv4,attack,high,WHITE,blocklist.de/all|blocklist.de/mail|ziyadnz/hourly-ipv4,blocklist.de|brute-force|apache|rfi|ddos|spam|mail|ziyadnz|hourly,2026-08-17T18:48:05Z,2026-08-17T18:48:05Z,
165.154.41.56,ipv4,attack,high,WHITE,blocklist.de/all|blocklist.de/mail|ziyadnz/hourly-ipv4,blocklist.de|brute-force|apache|rfi|ddos|spam|mail|ziyadnz|hourly,2026-08-17T18:48:05Z,2026-08-17T18:48:05Z,
165.154.49.137,ipv4,attack,high,WHITE,blocklist.de/all|blocklist.de/mail|ziyadnz/hourly-ipv4,blocklist.de|brute-force|apache|rfi|ddos|spam|mail|ziyadnz|hourly,2026-08-17T18:48:05Z,2026-08-17T18:48:05Z,
165.154.59.118,ipv4,attack,high,WHITE,blocklist.de/all|blocklist.de/mail|ziyadnz/hourly-ipv4,blocklist.de|brute-force|apache|rfi|ddos|spam|mail|ziyadnz|hourly,2026-08-17T18:48:05Z,2026-08-17T18:48:05Z,
165.22.229.225,ipv4,attack,high,WHITE,blocklist.de/all|blocklist.de/apache|ziyadnz/hourly-ipv4,blocklist.de|brute-force|apache|rfi|ddos|spam|mail|ziyadnz|hourly,2026-08-17T18:48:05Z,2026-08-17T18:48:05Z,
165.22.30.79,ipv4,attack,high,WHITE,blocklist.de/all|blocklist.de/apache|ziyadnz/hourly-ipv4,blocklist.de|brute-force|apache|rfi|ddos|spam|mail|ziyadnz|hourly,2026-08-17T18:48:05Z,2026-08-17T18:48:05Z,
165.220.169.113,ipv4,attack,high,WHITE,blocklist.de/all|blocklist.de/mail|ziyadnz/hourly-ipv4,blocklist.de|brute-force|apache|rfi|ddos|spam|mail|ziyadnz|hourly,2026-08-17T18:48:05Z,2026-08-17T18:48:05Z,
165.232.183.136,ipv4,attack,high,WHITE,blocklist.de/all|blocklist.de/apache|ziyadnz/hourly-ipv4,blocklist.de|brute-force|apache|rfi|ddos|spam|mail|ziyadnz|hourly,2026-08-17T18:48:05Z,2026-08-17T18:48:05Z,
165.232.61.133,ipv4,attack,medium,WHITE,blocklist.de/all|ziyadnz/hourly-ipv4,blocklist.de|brute-force|apache|rfi|ddos|spam|mail|ziyadnz|hourly,2026-08-17T18:48:05Z,2026-08-17T18:48:05Z,
165.245.255.11,ipv4,attack,high,WHITE,blocklist.de/all|blocklist.de/mail|ziyadnz/hourly-ipv4,blocklist.de|brute-force|apache|rfi|ddos|spam|mail|ziyadnz|hourly,2026-08-17T18:48:05Z,2026-08-17T18:48:05Z,
167.233.34.173,ipv4,attack,high,WHITE,blocklist.de/all|blocklist.de/apache|ziyadnz/hourly-ipv4,blocklist.de|brute-force|apache|rfi|ddos|spam|mail|ziyadnz|hourly,2026-08-17T18:48:05Z,2026-08-17T18:48:05Z,
167.250.118.12,ipv4,attack,high,WHITE,blocklist.de/all|blocklist.de/mail|ziyadnz/hourly-ipv4,blocklist.de|brute-force|apache|rfi|ddos|spam|mail|ziyadnz|hourly,2026-08-17T18:48:05Z,2026-08-17T18:48:05Z,
167.71.10.224,ipv4,attack,high,WHITE,blocklist.de/all|blocklist.de/apache|ziyadnz/hourly-ipv4,blocklist.de|brute-force|apache|rfi|ddos|spam|mail|ziyadnz|hourly,2026-08-17T18:48:05Z,2026-08-17T18:48:05Z,
167.94.146.62,ipv4,attack,high,WHITE,blocklist.de/all|blocklist.de/mail|ziyadnz/hourly-ipv4,blocklist.de|brute-force|apache|rfi|ddos|spam|mail|ziyadnz|hourly,2026-08-17T18:48:05Z,2026-08-17T18:48:05Z,
167.99.185.177,ipv4,attack,high,WHITE,blocklist.de/all|blocklist.de/apache|ziyadnz/hourly-ipv4,blocklist.de|brute-force|apache|rfi|ddos|spam|mail|ziyadnz|hourly,2026-08-17T18:48:05Z,2026-08-17T18:48:05Z,
168.144.148.171,ipv4,attack,high,WHITE,blocklist.de/all|blocklist.de/apache|ziyadnz/hourly-ipv4,blocklist.de|brute-force|apache|rfi|ddos|spam|mail|ziyadnz|hourly,2026-08-17T18:48:05Z,2026-08-17T18:48:05Z,
168.235.210.242,ipv4,attack,high,WHITE,blocklist.de/all|blocklist.de/mail|ziyadnz/hourly-ipv4,blocklist.de|brute-force|apache|rfi|ddos|spam|mail|ziyadnz|hourly,2026-08-17T18:48:05Z,2026-08-17T18:48:05Z,
168.253.224.242,ipv4,attack,high,WHITE,blocklist.de/all|blocklist.de/mail|ziyadnz/hourly-ipv4,blocklist.de|brute-force|apache|rfi|ddos|spam|mail|ziyadnz|hourly,2026-08-17T18:48:05Z,2026-08-17T18:48:05Z,
169.213.183.67,ipv4,attack,high,WHITE,blocklist.de/all|blocklist.de/mail|ziyadnz/hourly-ipv4,blocklist.de|brute-force|apache|rfi|ddos|spam|mail|ziyadnz|hourly,2026-08-17T18:48:05Z,2026-08-17T18:48:05Z,
169.58.152.85,ipv4,attack,high,WHITE,blocklist.de/all|blocklist.de/mail|ziyadnz/hourly-ipv4,blocklist.de|brute-force|apache|rfi|ddos|spam|mail|ziyadnz|hourly,2026-08-17T18:48:05Z,2026-08-17T18:48:05Z,
169.58.86.150,ipv4,attack,medium,WHITE,blocklist.de/all|ziyadnz/hourly-ipv4,blocklist.de|brute-force|apache|rfi|ddos|spam|mail|ziyadnz|hourly,2026-08-17T18:48:05Z,2026-08-17T18:48:05Z,
170.199.240.113,ipv4,attack,high,WHITE,blocklist.de/all|blocklist.de/mail|ziyadnz/hourly-ipv4,blocklist.de|brute-force|apache|rfi|ddos|spam|mail|ziyadnz|hourly,2026-08-17T18:48:05Z,2026-08-17T18:48:05Z,
170.233.29.175,ipv4,attack,high,WHITE,blocklist.de/all|blocklist.de/mail|ziyadnz/hourly-ipv4,blocklist.de|brute-force|apache|rfi|ddos|spam|mail|ziyadnz|hourly,2026-08-17T18:48:05Z,2026-08-17T18:48:05Z,
170.238.37.68,ipv4,attack,high,WHITE,blocklist.de/all|blocklist.de/mail|ziyadnz/hourly-ipv4,blocklist.de|brute-force|apache|rfi|ddos|spam|mail|ziyadnz|hourly,2026-08-17T18:48:05Z,2026-08-17T18:48:05Z,
170.239.185.47,ipv4,attack,high,WHITE,blocklist.de/all|blocklist.de/mail|ziyadnz/hourly-ipv4,blocklist.de|brute-force|apache|rfi|ddos|spam|mail|ziyadnz|hourly,2026-08-17T18:48:05Z,2026-08-17T18:48:05Z,
170.80.23.57,ipv4,attack,high,WHITE,blocklist.de/all|blocklist.de/mail|ziyadnz/hourly-ipv4,blocklist.de|brute-force|apache|rfi|ddos|spam|mail|ziyadnz|hourly,2026-08-17T18:48:05Z,2026-08-17T18:48:05Z,
171.100.156.38,ipv4,attack,high,WHITE,blocklist.de/all|blocklist.de/mail|ziyadnz/hourly-ipv4,blocklist.de|brute-force|apache|rfi|ddos|spam|mail|ziyadnz|hourly,2026-08-17T18:48:05Z,2026-08-17T18:48:05Z,
171.5.189.100,ipv4,attack,high,WHITE,blocklist.de/all|blocklist.de/mail|ziyadnz/hourly-ipv4,blocklist.de|brute-force|apache|rfi|ddos|spam|mail|ziyadnz|hourly,2026-08-17T18:48:05Z,2026-08-17T18:48:05Z,
171.6.4.145,ipv4,attack,high,WHITE,blocklist.de/all|blocklist.de/mail|ziyadnz/hourly-ipv4,blocklist.de|brute-force|apache|rfi|ddos|spam|mail|ziyadnz|hourly,2026-08-17T18:48:05Z,2026-08-17T18:48:05Z,
171.8.42.112,ipv4,attack,high,WHITE,blocklist.de/all|blocklist.de/mail|ziyadnz/hourly-ipv4,blocklist.de|brute-force|apache|rfi|ddos|spam|mail|ziyadnz|hourly,2026-08-17T18:48:05Z,2026-08-17T18:48:05Z,
171.8.7.8,ipv4,attack,high,WHITE,blocklist.de/all|blocklist.de/mail|ziyadnz/hourly-ipv4,blocklist.de|brute-force|apache|rfi|ddos|spam|mail|ziyadnz|hourly,2026-08-17T18:48:05Z,2026-08-17T18:48:05Z,
172.104.241.98,ipv4,attack,high,WHITE,blocklist.de/all|blocklist.de/apache|ziyadnz/hourly-ipv4,blocklist.de|brute-force|apache|rfi|ddos|spam|mail|ziyadnz|hourly,2026-08-17T18:48:05Z,2026-08-17T18:48:05Z,
172.104.31.208,ipv4,attack,high,WHITE,blocklist.de/all|blocklist.de/apache|ziyadnz/hourly-ipv4,blocklist.de|brute-force|apache|rfi|ddos|spam|mail|ziyadnz|hourly,2026-08-17T18:48:05Z,2026-08-17T18:48:05Z,
172.110.223.180,ipv4,attack,medium,WHITE,blocklist.de/all|ziyadnz/hourly-ipv4,blocklist.de|brute-force|apache|rfi|ddos|spam|mail|ziyadnz|hourly,2026-08-17T18:48:05Z,2026-08-17T18:48:05Z,
172.110.223.34,ipv4,attack,medium,WHITE,blocklist.de/all|ziyadnz/hourly-ipv4,blocklist.de|brute-force|apache|rfi|ddos|spam|mail|ziyadnz|hourly,2026-08-17T18:48:05Z,2026-08-17T18:48:05Z,
172.110.223.79,ipv4,attack,medium,WHITE,blocklist.de/all|ziyadnz/hourly-ipv4,blocklist.de|brute-force|apache|rfi|ddos|spam|mail|ziyadnz|hourly,2026-08-17T18:48:05Z,2026-08-17T18:48:05Z,
172.110.223.99,ipv4,attack,medium,WHITE,blocklist.de/all|ziyadnz/hourly-ipv4,blocklist.de|brute-force|apache|rfi|ddos|spam|mail|ziyadnz|hourly,2026-08-17T18:48:05Z,2026-08-17T18:48:05Z,
172.119.140.97,ipv4,attack,high,WHITE,blocklist.de/all|blocklist.de/mail|ziyadnz/hourly-ipv4,blocklist.de|brute-force|apache|rfi|ddos|spam|mail|ziyadnz|hourly,2026-08-17T18:48:05Z,2026-08-17T18:48:05Z,
172.173.200.62,ipv4,attack,medium,WHITE,blocklist.de/all|ziyadnz/hourly-ipv4,blocklist.de|brute-force|apache|rfi|ddos|spam|mail|ziyadnz|hourly,2026-08-17T18:48:05Z,2026-08-17T18:48:05Z,
172.191.178.196,ipv4,attack,medium,WHITE,blocklist.de/all|ziyadnz/hourly-ipv4,blocklist.de|brute-force|apache|rfi|ddos|spam|mail|ziyadnz|hourly,2026-08-17T18:48:05Z,2026-08-17T18:48:05Z,
172.202.39.151,ipv4,attack,high,WHITE,blocklist.de/all|blocklist.de/apache|ziyadnz/hourly-ipv4,blocklist.de|brute-force|apache|rfi|ddos|spam|mail|ziyadnz|hourly,2026-08-17T18:48:05Z,2026-08-17T18:48:05Z,
172.233.26.186,ipv4,attack,high,WHITE,blocklist.de/all|blocklist.de/mail|ziyadnz/hourly-ipv4,blocklist.de|brute-force|apache|rfi|ddos|spam|mail|ziyadnz|hourly,2026-08-17T18:48:05Z,2026-08-17T18:48:05Z,
172.234.232.181,ipv4,attack,high,WHITE,blocklist.de/all|blocklist.de/apache|ziyadnz/hourly-ipv4,blocklist.de|brute-force|apache|rfi|ddos|spam|mail|ziyadnz|hourly,2026-08-17T18:48:05Z,2026-08-17T18:48:05Z,
172.68.134.198,ipv4,attack,high,WHITE,blocklist.de/all|blocklist.de/apache|ziyadnz/hourly-ipv4,blocklist.de|brute-force|apache|rfi|ddos|spam|mail|ziyadnz|hourly,2026-08-17T18:48:05Z,2026-08-17T18:48:05Z,
172.68.14.182,ipv4,attack,high,WHITE,blocklist.de/all|blocklist.de/apache|ziyadnz/hourly-ipv4,blocklist.de|brute-force|apache|rfi|ddos|spam|mail|ziyadnz|hourly,2026-08-17T18:48:05Z,2026-08-17T18:48:05Z,
172.68.14.183,ipv4,attack,high,WHITE,blocklist.de/all|blocklist.de/apache|ziyadnz/hourly-ipv4,blocklist.de|brute-force|apache|rfi|ddos|spam|mail|ziyadnz|hourly,2026-08-17T18:48:05Z,2026-08-17T18:48:05Z,
172.68.211.10,ipv4,attack,high,WHITE,blocklist.de/all|blocklist.de/apache|ziyadnz/hourly-ipv4,blocklist.de|brute-force|apache|rfi|ddos|spam|mail|ziyadnz|hourly,2026-08-17T18:48:05Z,2026-08-17T18:48:05Z,
172.68.211.48,ipv4,attack,high,WHITE,blocklist.de/all|blocklist.de/apache|ziyadnz/hourly-ipv4,blocklist.de|brute-force|apache|rfi|ddos|spam|mail|ziyadnz|hourly,2026-08-17T18:48:05Z,2026-08-17T18:48:05Z,
172.68.225.124,ipv4,attack,high,WHITE,blocklist.de/all|blocklist.de/apache|ziyadnz/hourly-ipv4,blocklist.de|brute-force|apache|rfi|ddos|spam|mail|ziyadnz|hourly,2026-08-17T18:48:05Z,2026-08-17T18:48:05Z,
172.68.234.96,ipv4,attack,high,WHITE,blocklist.de/all|blocklist.de/apache|ziyadnz/hourly-ipv4,blocklist.de|brute-force|apache|rfi|ddos|spam|mail|ziyadnz|hourly,2026-08-17T18:48:05Z,2026-08-17T18:48:05Z,
172.68.234.97,ipv4,attack,high,WHITE,blocklist.de/all|blocklist.de/apache|ziyadnz/hourly-ipv4,blocklist.de|brute-force|apache|rfi|ddos|spam|mail|ziyadnz|hourly,2026-08-17T18:48:05Z,2026-08-17T18:48:05Z,
172.68.245.78,ipv4,attack,high,WHITE,blocklist.de/all|blocklist.de/apache|ziyadnz/hourly-ipv4,blocklist.de|brute-force|apache|rfi|ddos|spam|mail|ziyadnz|hourly,2026-08-17T18:48:05Z,2026-08-17T18:48:05Z,
172.68.245.79,ipv4,attack,high,WHITE,blocklist.de/all|blocklist.de/apache|ziyadnz/hourly-ipv4,blocklist.de|brute-force|apache|rfi|ddos|spam|mail|ziyadnz|hourly,2026-08-17T18:48:05Z,2026-08-17T18:48:05Z,
172.68.71.33,ipv4,attack,high,WHITE,blocklist.de/all|blocklist.de/apache|ziyadnz/hourly-ipv4,blocklist.de|brute-force|apache|rfi|ddos|spam|mail|ziyadnz|hourly,2026-08-17T18:48:05Z,2026-08-17T18:48:05Z,
172.68.71.59,ipv4,attack,high,WHITE,blocklist.de/all|blocklist.de/apache|ziyadnz/hourly-ipv4,blocklist.de|brute-force|apache|rfi|ddos|spam|mail|ziyadnz|hourly,2026-08-17T18:48:05Z,2026-08-17T18:48:05Z,
172.68.71.60,ipv4,attack,high,WHITE,blocklist.de/all|blocklist.de/apache|ziyadnz/hourly-ipv4,blocklist.de|brute-force|apache|rfi|ddos|spam|mail|ziyadnz|hourly,2026-08-17T18:48:05Z,2026-08-17T18:48:05Z,
172.69.11.98,ipv4,attack,high,WHITE,blocklist.de/all|blocklist.de/apache|ziyadnz/hourly-ipv4,blocklist.de|brute-force|apache|rfi|ddos|spam|mail|ziyadnz|hourly,2026-08-17T18:48:05Z,2026-08-17T18:48:05Z,
172.69.114.109,ipv4,attack,high,WHITE,blocklist.de/all|blocklist.de/apache|ziyadnz/hourly-ipv4,blocklist.de|brute-force|apache|rfi|ddos|spam|mail|ziyadnz|hourly,2026-08-17T18:48:05Z,2026-08-17T18:48:05Z,
172.69.169.210,ipv4,attack,high,WHITE,blocklist.de/all|blocklist.de/apache|ziyadnz/hourly-ipv4,blocklist.de|brute-force|apache|rfi|ddos|spam|mail|ziyadnz|hourly,2026-08-17T18:48:05Z,2026-08-17T18:48:05Z,
172.69.169.211,ipv4,attack,high,WHITE,blocklist.de/all|blocklist.de/apache|ziyadnz/hourly-ipv4,blocklist.de|brute-force|apache|rfi|ddos|spam|mail|ziyadnz|hourly,2026-08-17T18:48:05Z,2026-08-17T18:48:05Z,
172.69.68.152,ipv4,attack,high,WHITE,blocklist.de/all|blocklist.de/apache|ziyadnz/hourly-ipv4,blocklist.de|brute-force|apache|rfi|ddos|spam|mail|ziyadnz|hourly,2026-08-17T18:48:05Z,2026-08-17T18:48:05Z,
172.69.68.176,ipv4,attack,high,WHITE,blocklist.de/all|blocklist.de/apache|ziyadnz/hourly-ipv4,blocklist.de|brute-force|apache|rfi|ddos|spam|mail|ziyadnz|hourly,2026-08-17T18:48:05Z,2026-08-17T18:48:05Z,
172.69.86.154,ipv4,attack,high,WHITE,blocklist.de/all|blocklist.de/apache|ziyadnz/hourly-ipv4,blocklist.de|brute-force|apache|rfi|ddos|spam|mail|ziyadnz|hourly,2026-08-17T18:48:05Z,2026-08-17T18:48:05Z,
172.70.233.118,ipv4,attack,high,WHITE,blocklist.de/all|blocklist.de/apache|ziyadnz/hourly-ipv4,blocklist.de|brute-force|apache|rfi|ddos|spam|mail|ziyadnz|hourly,2026-08-17T18:48:05Z,2026-08-17T18:48:05Z,
172.70.233.119,ipv4,attack,high,WHITE,blocklist.de/all|blocklist.de/apache|ziyadnz/hourly-ipv4,blocklist.de|brute-force|apache|rfi|ddos|spam|mail|ziyadnz|hourly,2026-08-17T18:48:05Z,2026-08-17T18:48:05Z,
172.70.233.24,ipv4,attack,high,WHITE,blocklist.de/all|blocklist.de/apache|ziyadnz/hourly-ipv4,blocklist.de|brute-force|apache|rfi|ddos|spam|mail|ziyadnz|hourly,2026-08-17T18:48:05Z,2026-08-17T18:48:05Z,
172.70.240.111,ipv4,attack,high,WHITE,blocklist.de/all|blocklist.de/apache|ziyadnz/hourly-ipv4,blocklist.de|brute-force|apache|rfi|ddos|spam|mail|ziyadnz|hourly,2026-08-17T18:48:05Z,2026-08-17T18:48:05Z,
172.70.240.176,ipv4,attack,high,WHITE,blocklist.de/all|blocklist.de/apache|ziyadnz/hourly-ipv4,blocklist.de|brute-force|apache|rfi|ddos|spam|mail|ziyadnz|hourly,2026-08-17T18:48:05Z,2026-08-17T18:48:05Z,
172.70.240.177,ipv4,attack,high,WHITE,blocklist.de/all|blocklist.de/apache|ziyadnz/hourly-ipv4,blocklist.de|brute-force|apache|rfi|ddos|spam|mail|ziyadnz|hourly,2026-08-17T18:48:05Z,2026-08-17T18:48:05Z,
172.70.248.100,ipv4,attack,high,WHITE,blocklist.de/all|blocklist.de/apache|ziyadnz/hourly-ipv4,blocklist.de|brute-force|apache|rfi|ddos|spam|mail|ziyadnz|hourly,2026-08-17T18:48:05Z,2026-08-17T18:48:05Z,
172.70.248.101,ipv4,attack,high,WHITE,blocklist.de/all|blocklist.de/apache|ziyadnz/hourly-ipv4,blocklist.de|brute-force|apache|rfi|ddos|spam|mail|ziyadnz|hourly,2026-08-17T18:48:05Z,2026-08-17T18:48:05Z,
172.70.248.77,ipv4,attack,high,WHITE,blocklist.de/all|blocklist.de/apache|ziyadnz/hourly-ipv4,blocklist.de|brute-force|apache|rfi|ddos|spam|mail|ziyadnz|hourly,2026-08-17T18:48:05Z,2026-08-17T18:48:05Z,
172.70.34.34,ipv4,attack,high,WHITE,blocklist.de/all|blocklist.de/apache|ziyadnz/hourly-ipv4,blocklist.de|brute-force|apache|rfi|ddos|spam|mail|ziyadnz|hourly,2026-08-17T18:48:05Z,2026-08-17T18:48:05Z,
172.70.34.6,ipv4,attack,high,WHITE,blocklist.de/all|blocklist.de/apache|ziyadnz/hourly-ipv4,blocklist.de|brute-force|apache|rfi|ddos|spam|mail|ziyadnz|hourly,2026-08-17T18:48:05Z,2026-08-17T18:48:05Z,
172.70.83.163,ipv4,attack,high,WHITE,blocklist.de/all|blocklist.de/apache|ziyadnz/hourly-ipv4,blocklist.de|brute-force|apache|rfi|ddos|spam|mail|ziyadnz|hourly,2026-08-17T18:48:05Z,2026-08-17T18:48:05Z,
172.70.83.164,ipv4,attack,high,WHITE,blocklist.de/all|blocklist.de/apache|ziyadnz/hourly-ipv4,blocklist.de|brute-force|apache|rfi|ddos|spam|mail|ziyadnz|hourly,2026-08-17T18:48:05Z,2026-08-17T18:48:05Z,
172.71.148.153,ipv4,attack,high,WHITE,blocklist.de/all|blocklist.de/apache|ziyadnz/hourly-ipv4,blocklist.de|brute-force|apache|rfi|ddos|spam|mail|ziyadnz|hourly,2026-08-17T18:48:05Z,2026-08-17T18:48:05Z,
172.71.191.131,ipv4,attack,high,WHITE,blocklist.de/all|blocklist.de/apache|ziyadnz/hourly-ipv4,blocklist.de|brute-force|apache|rfi|ddos|spam|mail|ziyadnz|hourly,2026-08-17T18:48:05Z,2026-08-17T18:48:05Z,
172.71.191.132,ipv4,attack,high,WHITE,blocklist.de/all|blocklist.de/apache|ziyadnz/hourly-ipv4,blocklist.de|brute-force|apache|rfi|ddos|spam|mail|ziyadnz|hourly,2026-08-17T18:48:05Z,2026-08-17T18:48:05Z,
172.71.211.43,ipv4,attack,high,WHITE,blocklist.de/all|blocklist.de/apache|ziyadnz/hourly-ipv4,blocklist.de|brute-force|apache|rfi|ddos|spam|mail|ziyadnz|hourly,2026-08-17T18:48:05Z,2026-08-17T18:48:05Z,
172.71.211.44,ipv4,attack,high,WHITE,blocklist.de/all|blocklist.de/apache|ziyadnz/hourly-ipv4,blocklist.de|brute-force|apache|rfi|ddos|spam|mail|ziyadnz|hourly,2026-08-17T18:48:05Z,2026-08-17T18:48:05Z,
172.71.222.246,ipv4,attack,high,WHITE,blocklist.de/all|blocklist.de/apache|ziyadnz/hourly-ipv4,blocklist.de|brute-force|apache|rfi|ddos|spam|mail|ziyadnz|hourly,2026-08-17T18:48:05Z,2026-08-17T18:48:05Z,
172.71.223.189,ipv4,attack,high,WHITE,blocklist.de/all|blocklist.de/apache|ziyadnz/hourly-ipv4,blocklist.de|brute-force|apache|rfi|ddos|spam|mail|ziyadnz|hourly,2026-08-17T18:48:05Z,2026-08-17T18:48:05Z,
172.86.116.241,ipv4,attack,medium,WHITE,blocklist.de/all|ziyadnz/hourly-ipv4,blocklist.de|brute-force|apache|rfi|ddos|spam|mail|ziyadnz|hourly,2026-08-17T18:48:05Z,2026-08-17T18:48:05Z,
172.94.9.39,ipv4,attack,high,WHITE,blocklist.de/all|blocklist.de/mail|ziyadnz/hourly-ipv4,blocklist.de|brute-force|apache|rfi|ddos|spam|mail|ziyadnz|hourly,2026-08-17T18:48:05Z,2026-08-17T18:48:05Z,
172.94.9.64,ipv4,attack,high,WHITE,blocklist.de/all|blocklist.de/mail|ziyadnz/hourly-ipv4,blocklist.de|brute-force|apache|rfi|ddos|spam|mail|ziyadnz|hourly,2026-08-17T18:48:05Z,2026-08-17T18:48:05Z,
173.18.106.54,ipv4,attack,high,WHITE,blocklist.de/all|blocklist.de/mail|ziyadnz/hourly-ipv4,blocklist.de|brute-force|apache|rfi|ddos|spam|mail|ziyadnz|hourly,2026-08-17T18:48:05Z,2026-08-17T18:48:05Z,
173.239.211.32,ipv4,attack,high,WHITE,blocklist.de/all|blocklist.de/mail|ziyadnz/hourly-ipv4,blocklist.de|brute-force|apache|rfi|ddos|spam|mail|ziyadnz|hourly,2026-08-17T18:48:05Z,2026-08-17T18:48:05Z,
174.126.222.110,ipv4,attack,high,WHITE,blocklist.de/all|blocklist.de/mail|ziyadnz/hourly-ipv4,blocklist.de|brute-force|apache|rfi|ddos|spam|mail|ziyadnz|hourly,2026-08-17T18:48:05Z,2026-08-17T18:48:05Z,
174.161.27.82,ipv4,attack,high,WHITE,blocklist.de/all|blocklist.de/mail|ziyadnz/hourly-ipv4,blocklist.de|brute-force|apache|rfi|ddos|spam|mail|ziyadnz|hourly,2026-08-17T18:48:05Z,2026-08-17T18:48:05Z,
174.166.153.20,ipv4,attack,high,WHITE,blocklist.de/all|blocklist.de/mail|ziyadnz/hourly-ipv4,blocklist.de|brute-force|apache|rfi|ddos|spam|mail|ziyadnz|hourly,2026-08-17T18:48:05Z,2026-08-17T18:48:05Z,
174.169.224.27,ipv4,attack,high,WHITE,blocklist.de/all|blocklist.de/mail|ziyadnz/hourly-ipv4,blocklist.de|brute-force|apache|rfi|ddos|spam|mail|ziyadnz|hourly,2026-08-17T18:48:05Z,2026-08-17T18:48:05Z,
174.58.87.108,ipv4,attack,high,WHITE,blocklist.de/all|blocklist.de/mail|ziyadnz/hourly-ipv4,blocklist.de|brute-force|apache|rfi|ddos|spam|mail|ziyadnz|hourly,2026-08-17T18:48:05Z,2026-08-17T18:48:05Z,
174.78.143.234,ipv4,attack,high,WHITE,blocklist.de/all|blocklist.de/mail|ziyadnz/hourly-ipv4,blocklist.de|brute-force|apache|rfi|ddos|spam|mail|ziyadnz|hourly,2026-08-17T18:48:05Z,2026-08-17T18:48:05Z,
175.100.107.238,ipv4,attack,high,WHITE,blocklist.de/all|blocklist.de/mail|ziyadnz/hourly-ipv4,blocklist.de|brute-force|apache|rfi|ddos|spam|mail|ziyadnz|hourly,2026-08-17T18:48:05Z,2026-08-17T18:48:05Z,
175.123.128.195,ipv4,attack,high,WHITE,blocklist.de/all|blocklist.de/mail|ziyadnz/hourly-ipv4,blocklist.de|brute-force|apache|rfi|ddos|spam|mail|ziyadnz|hourly,2026-08-17T18:48:05Z,2026-08-17T18:48:05Z,
175.198.18.3,ipv4,attack,high,WHITE,blocklist.de/all|blocklist.de/mail|ziyadnz/hourly-ipv4,blocklist.de|brute-force|apache|rfi|ddos|spam|mail|ziyadnz|hourly,2026-08-17T18:48:05Z,2026-08-17T18:48:05Z,
175.201.203.181,ipv4,attack,high,WHITE,blocklist.de/all|blocklist.de/mail|ziyadnz/hourly-ipv4,blocklist.de|brute-force|apache|rfi|ddos|spam|mail|ziyadnz|hourly,2026-08-17T18:48:05Z,2026-08-17T18:48:05Z,
175.201.203.220,ipv4,attack,high,WHITE,blocklist.de/all|blocklist.de/mail|ziyadnz/hourly-ipv4,blocklist.de|brute-force|apache|rfi|ddos|spam|mail|ziyadnz|hourly,2026-08-17T18:48:05Z,2026-08-17T18:48:05Z,
175.206.1.60,ipv4,attack,high,WHITE,blocklist.de/all|blocklist.de/mail|ziyadnz/hourly-ipv4,blocklist.de|brute-force|apache|rfi|ddos|spam|mail|ziyadnz|hourly,2026-08-17T18:48:05Z,2026-08-17T18:48:05Z,
176.136.125.141,ipv4,attack,high,WHITE,blocklist.de/all|blocklist.de/apache|ziyadnz/hourly-ipv4,blocklist.de|brute-force|apache|rfi|ddos|spam|mail|ziyadnz|hourly,2026-08-17T18:48:05Z,2026-08-17T18:48:05Z,
176.31.232.107,ipv4,attack,medium,WHITE,blocklist.de/all|ziyadnz/hourly-ipv4,blocklist.de|brute-force|apache|rfi|ddos|spam|mail|ziyadnz|hourly,2026-08-17T18:48:05Z,2026-08-17T18:48:05Z,
177.117.181.57,ipv4,attack,medium,WHITE,blocklist.de/all,blocklist.de|brute-force|apache|rfi|ddos|spam|mail|ziyadnz|hourly,2026-08-17T18:48:05Z,2026-08-17T18:48:05Z,
177.135.223.123,ipv4,attack,high,WHITE,blocklist.de/all|blocklist.de/mail|ziyadnz/hourly-ipv4,blocklist.de|brute-force|apache|rfi|ddos|spam|mail|ziyadnz|hourly,2026-08-17T18:48:05Z,2026-08-17T18:48:05Z,
177.159.150.111,ipv4,attack,high,WHITE,blocklist.de/all|blocklist.de/mail|ziyadnz/hourly-ipv4,blocklist.de|brute-force|apache|rfi|ddos|spam|mail|ziyadnz|hourly,2026-08-17T18:48:05Z,2026-08-17T18:48:05Z,
177.174.89.99,ipv4,attack,high,WHITE,blocklist.de/all|blocklist.de/mail|ziyadnz/hourly-ipv4,blocklist.de|brute-force|apache|rfi|ddos|spam|mail|ziyadnz|hourly,2026-08-17T18:48:05Z,2026-08-17T18:48:05Z,
177.207.250.1,ipv4,attack,high,WHITE,blocklist.de/all|blocklist.de/mail|ziyadnz/hourly-ipv4,blocklist.de|brute-force|apache|rfi|ddos|spam|mail|ziyadnz|hourly,2026-08-17T18:48:05Z,2026-08-17T18:48:05Z,
177.232.83.20,ipv4,attack,high,WHITE,blocklist.de/all|blocklist.de/mail|ziyadnz/hourly-ipv4,blocklist.de|brute-force|apache|rfi|ddos|spam|mail|ziyadnz|hourly,2026-08-17T18:48:05Z,2026-08-17T18:48:05Z,
177.39.171.117,ipv4,attack,medium,WHITE,blocklist.de/all|ziyadnz/hourly-ipv4,blocklist.de|brute-force|apache|rfi|ddos|spam|mail|ziyadnz|hourly,2026-08-17T18:48:05Z,2026-08-17T18:48:05Z,
177.4.8.203,ipv4,attack,medium,WHITE,blocklist.de/all|ziyadnz/hourly-ipv4,blocklist.de|brute-force|apache|rfi|ddos|spam|mail|ziyadnz|hourly,2026-08-17T18:48:05Z,2026-08-17T18:48:05Z,
177.61.176.110,ipv4,attack,high,WHITE,blocklist.de/all|blocklist.de/mail|ziyadnz/hourly-ipv4,blocklist.de|brute-force|apache|rfi|ddos|spam|mail|ziyadnz|hourly,2026-08-17T18:48:05Z,2026-08-17T18:48:05Z,
177.72.87.7,ipv4,attack,high,WHITE,blocklist.de/all|blocklist.de/mail|ziyadnz/hourly-ipv4,blocklist.de|brute-force|apache|rfi|ddos|spam|mail|ziyadnz|hourly,2026-08-17T18:48:05Z,2026-08-17T18:48:05Z,
178.128.11.243,ipv4,attack,high,WHITE,blocklist.de/all|blocklist.de/apache|ziyadnz/hourly-ipv4,blocklist.de|brute-force|apache|rfi|ddos|spam|mail|ziyadnz|hourly,2026-08-17T18:48:05Z,2026-08-17T18:48:05Z,
178.128.34.158,ipv4,attack,medium,WHITE,blocklist.de/all|blocklist.de/apache,blocklist.de|brute-force|apache|rfi|ddos|spam|mail|ziyadnz|hourly,2026-08-17T18:48:05Z,2026-08-17T18:48:05Z,
178.16.53.247,ipv4,attack,high,WHITE,blocklist.de/all|blocklist.de/mail|ziyadnz/hourly-ipv4,blocklist.de|brute-force|apache|rfi|ddos|spam|mail|ziyadnz|hourly,2026-08-17T18:48:05Z,2026-08-17T18:48:05Z,
178.16.53.72,ipv4,attack,high,WHITE,blocklist.de/all|blocklist.de/mail|ziyadnz/hourly-ipv4,blocklist.de|brute-force|apache|rfi|ddos|spam|mail|ziyadnz|hourly,2026-08-17T18:48:05Z,2026-08-17T18:48:05Z,
178.178.194.128,ipv4,attack,high,WHITE,blocklist.de/all|blocklist.de/mail|ziyadnz/hourly-ipv4,blocklist.de|brute-force|apache|rfi|ddos|spam|mail|ziyadnz|hourly,2026-08-17T18:48:05Z,2026-08-17T18:48:05Z,
178.178.194.134,ipv4,attack,high,WHITE,blocklist.de/all|blocklist.de/mail|ziyadnz/hourly-ipv4,blocklist.de|brute-force|apache|rfi|ddos|spam|mail|ziyadnz|hourly,2026-08-17T18:48:05Z,2026-08-17T18:48:05Z,
178.178.194.135,ipv4,attack,high,WHITE,blocklist.de/all|blocklist.de/mail|ziyadnz/hourly-ipv4,blocklist.de|brute-force|apache|rfi|ddos|spam|mail|ziyadnz|hourly,2026-08-17T18:48:05Z,2026-08-17T18:48:05Z,
178.178.194.136,ipv4,attack,high,WHITE,blocklist.de/all|blocklist.de/mail|ziyadnz/hourly-ipv4,blocklist.de|brute-force|apache|rfi|ddos|spam|mail|ziyadnz|hourly,2026-08-17T18:48:05Z,2026-08-17T18:48:05Z,
178.178.194.151,ipv4,attack,high,WHITE,blocklist.de/all|blocklist.de/mail|ziyadnz/hourly-ipv4,blocklist.de|brute-force|apache|rfi|ddos|spam|mail|ziyadnz|hourly,2026-08-17T18:48:05Z,2026-08-17T18:48:05Z,
178.178.194.192,ipv4,attack,high,WHITE,blocklist.de/all|blocklist.de/mail|ziyadnz/hourly-ipv4,blocklist.de|brute-force|apache|rfi|ddos|spam|mail|ziyadnz|hourly,2026-08-17T18:48:05Z,2026-08-17T18:48:05Z,
178.178.194.203,ipv4,attack,high,WHITE,blocklist.de/all|blocklist.de/mail|ziyadnz/hourly-ipv4,blocklist.de|brute-force|apache|rfi|ddos|spam|mail|ziyadnz|hourly,2026-08-17T18:48:05Z,2026-08-17T18:48:05Z,
178.178.222.50,ipv4,attack,high,WHITE,blocklist.de/all|blocklist.de/mail|ziyadnz/hourly-ipv4,blocklist.de|brute-force|apache|rfi|ddos|spam|mail|ziyadnz|hourly,2026-08-17T18:48:05Z,2026-08-17T18:48:05Z,
178.178.222.52,ipv4,attack,high,WHITE,blocklist.de/all|blocklist.de/mail|ziyadnz/hourly-ipv4,blocklist.de|brute-force|apache|rfi|ddos|spam|mail|ziyadnz|hourly,2026-08-17T18:48:05Z,2026-08-17T18:48:05Z,
178.178.222.56,ipv4,attack,high,WHITE,blocklist.de/all|blocklist.de/mail|ziyadnz/hourly-ipv4,blocklist.de|brute-force|apache|rfi|ddos|spam|mail|ziyadnz|hourly,2026-08-17T18:48:05Z,2026-08-17T18:48:05Z,
178.216.165.187,ipv4,attack,high,WHITE,blocklist.de/all|blocklist.de/mail|ziyadnz/hourly-ipv4,blocklist.de|brute-force|apache|rfi|ddos|spam|mail|ziyadnz|hourly,2026-08-17T18:48:05Z,2026-08-17T18:48:05Z,
179.183.114.175,ipv4,attack,high,WHITE,blocklist.de/all|blocklist.de/mail|ziyadnz/hourly-ipv4,blocklist.de|brute-force|apache|rfi|ddos|spam|mail|ziyadnz|hourly,2026-08-17T18:48:05Z,2026-08-17T18:48:05Z,
179.184.218.49,ipv4,attack,high,WHITE,blocklist.de/all|blocklist.de/mail|ziyadnz/hourly-ipv4,blocklist.de|brute-force|apache|rfi|ddos|spam|mail|ziyadnz|hourly,2026-08-17T18:48:05Z,2026-08-17T18:48:05Z,
179.184.85.167,ipv4,attack,high,WHITE,blocklist.de/all|blocklist.de/mail|ziyadnz/hourly-ipv4,blocklist.de|brute-force|apache|rfi|ddos|spam|mail|ziyadnz|hourly,2026-08-17T18:48:05Z,2026-08-17T18:48:05Z,
179.185.227.77,ipv4,attack,high,WHITE,blocklist.de/all|blocklist.de/mail|ziyadnz/hourly-ipv4,blocklist.de|brute-force|apache|rfi|ddos|spam|mail|ziyadnz|hourly,2026-08-17T18:48:05Z,2026-08-17T18:48:05Z,
179.189.83.163,ipv4,attack,high,WHITE,blocklist.de/all|blocklist.de/mail|ziyadnz/hourly-ipv4,blocklist.de|brute-force|apache|rfi|ddos|spam|mail|ziyadnz|hourly,2026-08-17T18:48:05Z,2026-08-17T18:48:05Z,
179.189.85.66,ipv4,attack,high,WHITE,blocklist.de/all|blocklist.de/mail|ziyadnz/hourly-ipv4,blocklist.de|brute-force|apache|rfi|ddos|spam|mail|ziyadnz|hourly,2026-08-17T18:48:05Z,2026-08-17T18:48:05Z,
179.223.203.2,ipv4,attack,high,WHITE,blocklist.de/all|blocklist.de/mail|ziyadnz/hourly-ipv4,blocklist.de|brute-force|apache|rfi|ddos|spam|mail|ziyadnz|hourly,2026-08-17T18:48:05Z,2026-08-17T18:48:05Z,
179.237.79.10,ipv4,attack,medium,WHITE,blocklist.de/all|ziyadnz/hourly-ipv4,blocklist.de|brute-force|apache|rfi|ddos|spam|mail|ziyadnz|hourly,2026-08-17T18:48:05Z,2026-08-17T18:48:05Z,
179.237.79.193,ipv4,attack,high,WHITE,blocklist.de/all|blocklist.de/mail|ziyadnz/hourly-ipv4,blocklist.de|brute-force|apache|rfi|ddos|spam|mail|ziyadnz|hourly,2026-08-17T18:48:05Z,2026-08-17T18:48:05Z,
179.237.79.194,ipv4,attack,medium,WHITE,blocklist.de/all|ziyadnz/hourly-ipv4,blocklist.de|brute-force|apache|rfi|ddos|spam|mail|ziyadnz|hourly,2026-08-17T18:48:05Z,2026-08-17T18:48:05Z,
179.237.79.87,ipv4,attack,high,WHITE,blocklist.de/all|blocklist.de/mail|ziyadnz/hourly-ipv4,blocklist.de|brute-force|apache|rfi|ddos|spam|mail|ziyadnz|hourly,2026-08-17T18:48:05Z,2026-08-17T18:48:05Z,
179.83.134.101,ipv4,attack,high,WHITE,blocklist.de/all|blocklist.de/mail|ziyadnz/hourly-ipv4,blocklist.de|brute-force|apache|rfi|ddos|spam|mail|ziyadnz|hourly,2026-08-17T18:48:05Z,2026-08-17T18:48:05Z,
18.168.148.195,ipv4,attack,high,WHITE,blocklist.de/all|blocklist.de/apache|ziyadnz/hourly-ipv4,blocklist.de|brute-force|apache|rfi|ddos|spam|mail|ziyadnz|hourly,2026-08-17T18:48:05Z,2026-08-17T18:48:05Z,
18.199.93.26,ipv4,attack,high,WHITE,blocklist.de/all|blocklist.de/apache|ziyadnz/hourly-ipv4,blocklist.de|brute-force|apache|rfi|ddos|spam|mail|ziyadnz|hourly,2026-08-17T18:48:05Z,2026-08-17T18:48:05Z,
18.231.108.132,ipv4,attack,high,WHITE,blocklist.de/all|blocklist.de/apache|ziyadnz/hourly-ipv4,blocklist.de|brute-force|apache|rfi|ddos|spam|mail|ziyadnz|hourly,2026-08-17T18:48:05Z,2026-08-17T18:48:05Z,
18.231.113.48,ipv4,attack,high,WHITE,blocklist.de/all|blocklist.de/apache|ziyadnz/hourly-ipv4,blocklist.de|brute-force|apache|rfi|ddos|spam|mail|ziyadnz|hourly,2026-08-17T18:48:05Z,2026-08-17T18:48:05Z,
180.183.245.232,ipv4,attack,high,WHITE,blocklist.de/all|blocklist.de/mail|ziyadnz/hourly-ipv4,blocklist.de|brute-force|apache|rfi|ddos|spam|mail|ziyadnz|hourly,2026-08-17T18:48:05Z,2026-08-17T18:48:05Z,
180.184.144.75,ipv4,attack,high,WHITE,blocklist.de/all|blocklist.de/mail|ziyadnz/hourly-ipv4,blocklist.de|brute-force|apache|rfi|ddos|spam|mail|ziyadnz|hourly,2026-08-17T18:48:05Z,2026-08-17T18:48:05Z,
180.213.44.242,ipv4,attack,medium,WHITE,blocklist.de/all|ziyadnz/hourly-ipv4,blocklist.de|brute-force|apache|rfi|ddos|spam|mail|ziyadnz|hourly,2026-08-17T18:48:05Z,2026-08-17T18:48:05Z,
180.76.176.249,ipv4,attack,medium,WHITE,blocklist.de/all|ziyadnz/hourly-ipv4,blocklist.de|brute-force|apache|rfi|ddos|spam|mail|ziyadnz|hourly,2026-08-17T18:48:05Z,2026-08-17T18:48:05Z,
180.93.228.187,ipv4,attack,high,WHITE,blocklist.de/all|blocklist.de/mail|ziyadnz/hourly-ipv4,blocklist.de|brute-force|apache|rfi|ddos|spam|mail|ziyadnz|hourly,2026-08-17T18:48:05Z,2026-08-17T18:48:05Z,
181.114.91.184,ipv4,attack,high,WHITE,blocklist.de/all|blocklist.de/mail|ziyadnz/hourly-ipv4,blocklist.de|brute-force|apache|rfi|ddos|spam|mail|ziyadnz|hourly,2026-08-17T18:48:05Z,2026-08-17T18:48:05Z,
181.188.148.74,ipv4,attack,medium,WHITE,blocklist.de/all|ziyadnz/hourly-ipv4,blocklist.de|brute-force|apache|rfi|ddos|spam|mail|ziyadnz|hourly,2026-08-17T18:48:05Z,2026-08-17T18:48:05Z,
182.135.63.175,ipv4,attack,high,WHITE,blocklist.de/all|blocklist.de/mail|ziyadnz/hourly-ipv4,blocklist.de|brute-force|apache|rfi|ddos|spam|mail|ziyadnz|hourly,2026-08-17T18:48:05Z,2026-08-17T18:48:05Z,
182.138.171.243,ipv4,attack,high,WHITE,blocklist.de/all|blocklist.de/mail|ziyadnz/hourly-ipv4,blocklist.de|brute-force|apache|rfi|ddos|spam|mail|ziyadnz|hourly,2026-08-17T18:48:05Z,2026-08-17T18:48:05Z,
182.139.39.150,ipv4,attack,high,WHITE,blocklist.de/all|blocklist.de/mail|ziyadnz/hourly-ipv4,blocklist.de|brute-force|apache|rfi|ddos|spam|mail|ziyadnz|hourly,2026-08-17T18:48:05Z,2026-08-17T18:48:05Z,
182.171.88.235,ipv4,attack,high,WHITE,blocklist.de/all|blocklist.de/mail|ziyadnz/hourly-ipv4,blocklist.de|brute-force|apache|rfi|ddos|spam|mail|ziyadnz|hourly,2026-08-17T18:48:05Z,2026-08-17T18:48:05Z,
182.188.24.243,ipv4,attack,medium,WHITE,blocklist.de/all|ziyadnz/hourly-ipv4,blocklist.de|brute-force|apache|rfi|ddos|spam|mail|ziyadnz|hourly,2026-08-17T18:48:05Z,2026-08-17T18:48:05Z,
182.239.80.7,ipv4,attack,high,WHITE,blocklist.de/all|blocklist.de/mail|ziyadnz/hourly-ipv4,blocklist.de|brute-force|apache|rfi|ddos|spam|mail|ziyadnz|hourly,2026-08-17T18:48:05Z,2026-08-17T18:48:05Z,
182.42.113.10,ipv4,attack,high,WHITE,blocklist.de/all|blocklist.de/mail|ziyadnz/hourly-ipv4,blocklist.de|brute-force|apache|rfi|ddos|spam|mail|ziyadnz|hourly,2026-08-17T18:48:05Z,2026-08-17T18:48:05Z,
182.66.213.59,ipv4,attack,high,WHITE,blocklist.de/all|blocklist.de/mail|ziyadnz/hourly-ipv4,blocklist.de|brute-force|apache|rfi|ddos|spam|mail|ziyadnz|hourly,2026-08-17T18:48:05Z,2026-08-17T18:48:05Z,
182.71.62.220,ipv4,attack,high,WHITE,blocklist.de/all|blocklist.de/mail|ziyadnz/hourly-ipv4,blocklist.de|brute-force|apache|rfi|ddos|spam|mail|ziyadnz|hourly,2026-08-17T18:48:05Z,2026-08-17T18:48:05Z,
182.73.164.228,ipv4,attack,high,WHITE,blocklist.de/all|blocklist.de/mail|ziyadnz/hourly-ipv4,blocklist.de|brute-force|apache|rfi|ddos|spam|mail|ziyadnz|hourly,2026-08-17T18:48:05Z,2026-08-17T18:48:05Z,
182.76.71.82,ipv4,attack,high,WHITE,blocklist.de/all|blocklist.de/mail|ziyadnz/hourly-ipv4,blocklist.de|brute-force|apache|rfi|ddos|spam|mail|ziyadnz|hourly,2026-08-17T18:48:05Z,2026-08-17T18:48:05Z,
182.78.103.122,ipv4,attack,high,WHITE,blocklist.de/all|blocklist.de/mail|ziyadnz/hourly-ipv4,blocklist.de|brute-force|apache|rfi|ddos|spam|mail|ziyadnz|hourly,2026-08-17T18:48:05Z,2026-08-17T18:48:05Z,
182.78.112.158,ipv4,attack,high,WHITE,blocklist.de/all|blocklist.de/mail|ziyadnz/hourly-ipv4,blocklist.de|brute-force|apache|rfi|ddos|spam|mail|ziyadnz|hourly,2026-08-17T18:48:05Z,2026-08-17T18:48:05Z,
182.78.207.170,ipv4,attack,high,WHITE,blocklist.de/all|blocklist.de/mail|ziyadnz/hourly-ipv4,blocklist.de|brute-force|apache|rfi|ddos|spam|mail|ziyadnz|hourly,2026-08-17T18:48:05Z,2026-08-17T18:48:05Z,
182.78.240.94,ipv4,attack,high,WHITE,blocklist.de/all|blocklist.de/mail|ziyadnz/hourly-ipv4,blocklist.de|brute-force|apache|rfi|ddos|spam|mail|ziyadnz|hourly,2026-08-17T18:48:05Z,2026-08-17T18:48:05Z,
182.79.218.101,ipv4,attack,high,WHITE,blocklist.de/all|blocklist.de/mail|ziyadnz/hourly-ipv4,blocklist.de|brute-force|apache|rfi|ddos|spam|mail|ziyadnz|hourly,2026-08-17T18:48:05Z,2026-08-17T18:48:05Z,
182.79.218.164,ipv4,attack,high,WHITE,blocklist.de/all|blocklist.de/mail|ziyadnz/hourly-ipv4,blocklist.de|brute-force|apache|rfi|ddos|spam|mail|ziyadnz|hourly,2026-08-17T18:48:05Z,2026-08-17T18:48:05Z,
182.95.116.190,ipv4,attack,high,WHITE,blocklist.de/all|blocklist.de/mail|ziyadnz/hourly-ipv4,blocklist.de|brute-force|apache|rfi|ddos|spam|mail|ziyadnz|hourly,2026-08-17T18:48:05Z,2026-08-17T18:48:05Z,
182.95.123.102,ipv4,attack,high,WHITE,blocklist.de/all|blocklist.de/mail|ziyadnz/hourly-ipv4,blocklist.de|brute-force|apache|rfi|ddos|spam|mail|ziyadnz|hourly,2026-08-17T18:48:05Z,2026-08-17T18:48:05Z,
182.95.127.42,ipv4,attack,high,WHITE,blocklist.de/all|blocklist.de/mail|ziyadnz/hourly-ipv4,blocklist.de|brute-force|apache|rfi|ddos|spam|mail|ziyadnz|hourly,2026-08-17T18:48:05Z,2026-08-17T18:48:05Z,
183.103.13.130,ipv4,attack,high,WHITE,blocklist.de/all|blocklist.de/mail|ziyadnz/hourly-ipv4,blocklist.de|brute-force|apache|rfi|ddos|spam|mail|ziyadnz|hourly,2026-08-17T18:48:05Z,2026-08-17T18:48:05Z,
183.106.178.212,ipv4,attack,high,WHITE,blocklist.de/all|blocklist.de/mail|ziyadnz/hourly-ipv4,blocklist.de|brute-force|apache|rfi|ddos|spam|mail|ziyadnz|hourly,2026-08-17T18:48:05Z,2026-08-17T18:48:05Z,
183.167.217.86,ipv4,attack,high,WHITE,blocklist.de/all|blocklist.de/mail|ziyadnz/hourly-ipv4,blocklist.de|brute-force|apache|rfi|ddos|spam|mail|ziyadnz|hourly,2026-08-17T18:48:05Z,2026-08-17T18:48:05Z,
183.167.234.154,ipv4,attack,high,WHITE,blocklist.de/all|blocklist.de/mail|ziyadnz/hourly-ipv4,blocklist.de|brute-force|apache|rfi|ddos|spam|mail|ziyadnz|hourly,2026-08-17T18:48:05Z,2026-08-17T18:48:05Z,
183.171.41.155,ipv4,attack,high,WHITE,blocklist.de/all|blocklist.de/mail|ziyadnz/hourly-ipv4,blocklist.de|brute-force|apache|rfi|ddos|spam|mail|ziyadnz|hourly,2026-08-17T18:48:05Z,2026-08-17T18:48:05Z,
183.224.160.34,ipv4,attack,high,WHITE,blocklist.de/all|blocklist.de/mail|ziyadnz/hourly-ipv4,blocklist.de|brute-force|apache|rfi|ddos|spam|mail|ziyadnz|hourly,2026-08-17T18:48:05Z,2026-08-17T18:48:05Z,
183.233.85.194,ipv4,attack,high,WHITE,blocklist.de/all|blocklist.de/mail|ziyadnz/hourly-ipv4,blocklist.de|brute-force|apache|rfi|ddos|spam|mail|ziyadnz|hourly,2026-08-17T18:48:05Z,2026-08-17T18:48:05Z,
183.236.75.189,ipv4,attack,high,WHITE,blocklist.de/all|blocklist.de/mail|ziyadnz/hourly-ipv4,blocklist.de|brute-force|apache|rfi|ddos|spam|mail|ziyadnz|hourly,2026-08-17T18:48:05Z,2026-08-17T18:48:05Z,
183.238.10.198,ipv4,attack,high,WHITE,blocklist.de/all|blocklist.de/mail|ziyadnz/hourly-ipv4,blocklist.de|brute-force|apache|rfi|ddos|spam|mail|ziyadnz|hourly,2026-08-17T18:48:05Z,2026-08-17T18:48:05Z,
183.247.171.186,ipv4,attack,high,WHITE,blocklist.de/all|blocklist.de/mail|ziyadnz/hourly-ipv4,blocklist.de|brute-force|apache|rfi|ddos|spam|mail|ziyadnz|hourly,2026-08-17T18:48:05Z,2026-08-17T18:48:05Z,
183.56.179.201,ipv4,attack,high,WHITE,blocklist.de/all|blocklist.de/mail|ziyadnz/hourly-ipv4,blocklist.de|brute-force|apache|rfi|ddos|spam|mail|ziyadnz|hourly,2026-08-17T18:48:05Z,2026-08-17T18:48:05Z,
183.63.220.210,ipv4,attack,high,WHITE,blocklist.de/all|blocklist.de/mail|ziyadnz/hourly-ipv4,blocklist.de|brute-force|apache|rfi|ddos|spam|mail|ziyadnz|hourly,2026-08-17T18:48:05Z,2026-08-17T18:48:05Z,
183.82.108.109,ipv4,attack,high,WHITE,blocklist.de/all|blocklist.de/mail|ziyadnz/hourly-ipv4,blocklist.de|brute-force|apache|rfi|ddos|spam|mail|ziyadnz|hourly,2026-08-17T18:48:05Z,2026-08-17T18:48:05Z,
183.89.208.174,ipv4,attack,high,WHITE,blocklist.de/all|blocklist.de/mail|ziyadnz/hourly-ipv4,blocklist.de|brute-force|apache|rfi|ddos|spam|mail|ziyadnz|hourly,2026-08-17T18:48:05Z,2026-08-17T18:48:05Z,
184.186.104.77,ipv4,attack,high,WHITE,blocklist.de/all|blocklist.de/mail|ziyadnz/hourly-ipv4,blocklist.de|brute-force|apache|rfi|ddos|spam|mail|ziyadnz|hourly,2026-08-17T18:48:05Z,2026-08-17T18:48:05Z,
184.186.73.74,ipv4,attack,high,WHITE,blocklist.de/all|blocklist.de/mail|ziyadnz/hourly-ipv4,blocklist.de|brute-force|apache|rfi|ddos|spam|mail|ziyadnz|hourly,2026-08-17T18:48:05Z,2026-08-17T18:48:05Z,
185.15.189.232,ipv4,attack,high,WHITE,blocklist.de/all|blocklist.de/mail|ziyadnz/hourly-ipv4,blocklist.de|brute-force|apache|rfi|ddos|spam|mail|ziyadnz|hourly,2026-08-17T18:48:05Z,2026-08-17T18:48:05Z,
185.150.189.18,ipv4,attack,medium,WHITE,blocklist.de/all|ziyadnz/hourly-ipv4,blocklist.de|brute-force|apache|rfi|ddos|spam|mail|ziyadnz|hourly,2026-08-17T18:48:05Z,2026-08-17T18:48:05Z,
185.169.3.195,ipv4,attack,high,WHITE,blocklist.de/all|blocklist.de/apache|ziyadnz/hourly-ipv4,blocklist.de|brute-force|apache|rfi|ddos|spam|mail|ziyadnz|hourly,2026-08-17T18:48:05Z,2026-08-17T18:48:05Z,
185.169.4.229,ipv4,attack,high,WHITE,blocklist.de/all|blocklist.de/mail|ziyadnz/hourly-ipv4,blocklist.de|brute-force|apache|rfi|ddos|spam|mail|ziyadnz|hourly,2026-08-17T18:48:05Z,2026-08-17T18:48:05Z,
185.177.72.11,ipv4,attack,high,WHITE,blocklist.de/all|blocklist.de/apache|ziyadnz/hourly-ipv4,blocklist.de|brute-force|apache|rfi|ddos|spam|mail|ziyadnz|hourly,2026-08-17T18:48:05Z,2026-08-17T18:48:05Z,
185.177.72.12,ipv4,attack,high,WHITE,blocklist.de/all|blocklist.de/apache|ziyadnz/hourly-ipv4,blocklist.de|brute-force|apache|rfi|ddos|spam|mail|ziyadnz|hourly,2026-08-17T18:48:05Z,2026-08-17T18:48:05Z,
185.177.72.30,ipv4,attack,high,WHITE,blocklist.de/all|blocklist.de/apache|ziyadnz/hourly-ipv4,blocklist.de|brute-force|apache|rfi|ddos|spam|mail|ziyadnz|hourly,2026-08-17T18:48:05Z,2026-08-17T18:48:05Z,
185.177.72.56,ipv4,attack,high,WHITE,blocklist.de/all|blocklist.de/apache|ziyadnz/hourly-ipv4,blocklist.de|brute-force|apache|rfi|ddos|spam|mail|ziyadnz|hourly,2026-08-17T18:48:05Z,2026-08-17T18:48:05Z,
185.177.72.67,ipv4,attack,high,WHITE,blocklist.de/all|blocklist.de/apache|ziyadnz/hourly-ipv4,blocklist.de|brute-force|apache|rfi|ddos|spam|mail|ziyadnz|hourly,2026-08-17T18:48:05Z,2026-08-17T18:48:05Z,
185.177.72.70,ipv4,attack,high,WHITE,blocklist.de/all|blocklist.de/apache|ziyadnz/hourly-ipv4,blocklist.de|brute-force|apache|rfi|ddos|spam|mail|ziyadnz|hourly,2026-08-17T18:48:05Z,2026-08-17T18:48:05Z,
185.180.229.105,ipv4,attack,high,WHITE,blocklist.de/all|blocklist.de/mail|ziyadnz/hourly-ipv4,blocklist.de|brute-force|apache|rfi|ddos|spam|mail|ziyadnz|hourly,2026-08-17T18:48:05Z,2026-08-17T18:48:05Z,
185.192.70.102,ipv4,attack,high,WHITE,blocklist.de/all|blocklist.de/apache|ziyadnz/hourly-ipv4,blocklist.de|brute-force|apache|rfi|ddos|spam|mail|ziyadnz|hourly,2026-08-17T18:48:05Z,2026-08-17T18:48:05Z,
185.192.70.108,ipv4,attack,high,WHITE,blocklist.de/all|blocklist.de/apache|ziyadnz/hourly-ipv4,blocklist.de|brute-force|apache|rfi|ddos|spam|mail|ziyadnz|hourly,2026-08-17T18:48:05Z,2026-08-17T18:48:05Z,
185.192.70.118,ipv4,attack,high,WHITE,blocklist.de/all|blocklist.de/apache|ziyadnz/hourly-ipv4,blocklist.de|brute-force|apache|rfi|ddos|spam|mail|ziyadnz|hourly,2026-08-17T18:48:05Z,2026-08-17T18:48:05Z,
185.192.70.125,ipv4,attack,high,WHITE,blocklist.de/all|blocklist.de/apache|ziyadnz/hourly-ipv4,blocklist.de|brute-force|apache|rfi|ddos|spam|mail|ziyadnz|hourly,2026-08-17T18:48:05Z,2026-08-17T18:48:05Z,
185.213.154.212,ipv4,attack,high,WHITE,blocklist.de/all|blocklist.de/apache|ziyadnz/hourly-ipv4,blocklist.de|brute-force|apache|rfi|ddos|spam|mail|ziyadnz|hourly,2026-08-17T18:48:05Z,2026-08-17T18:48:05Z,
185.213.175.37,ipv4,attack,high,WHITE,blocklist.de/all|blocklist.de/apache|ziyadnz/hourly-ipv4,blocklist.de|brute-force|apache|rfi|ddos|spam|mail|ziyadnz|hourly,2026-08-17T18:48:05Z,2026-08-17T18:48:05Z,
185.213.175.92,ipv4,attack,medium,WHITE,blocklist.de/all|blocklist.de/apache,blocklist.de|brute-force|apache|rfi|ddos|spam|mail|ziyadnz|hourly,2026-08-17T18:48:05Z,2026-08-17T18:48:05Z,
185.223.235.17,ipv4,attack,high,WHITE,blocklist.de/all|blocklist.de/mail|ziyadnz/hourly-ipv4,blocklist.de|brute-force|apache|rfi|ddos|spam|mail|ziyadnz|hourly,2026-08-17T18:48:05Z,2026-08-17T18:48:05Z,
185.223.235.20,ipv4,attack,high,WHITE,blocklist.de/all|blocklist.de/mail|ziyadnz/hourly-ipv4,blocklist.de|brute-force|apache|rfi|ddos|spam|mail|ziyadnz|hourly,2026-08-17T18:48:05Z,2026-08-17T18:48:05Z,
185.226.196.17,ipv4,attack,high,WHITE,blocklist.de/all|blocklist.de/apache|ziyadnz/hourly-ipv4,blocklist.de|brute-force|apache|rfi|ddos|spam|mail|ziyadnz|hourly,2026-08-17T18:48:05Z,2026-08-17T18:48:05Z,
185.226.196.18,ipv4,attack,high,WHITE,blocklist.de/all|blocklist.de/apache|ziyadnz/hourly-ipv4,blocklist.de|brute-force|apache|rfi|ddos|spam|mail|ziyadnz|hourly,2026-08-17T18:48:05Z,2026-08-17T18:48:05Z,
185.226.196.19,ipv4,attack,high,WHITE,blocklist.de/all|blocklist.de/apache|ziyadnz/hourly-ipv4,blocklist.de|brute-force|apache|rfi|ddos|spam|mail|ziyadnz|hourly,2026-08-17T18:48:05Z,2026-08-17T18:48:05Z,
185.226.196.20,ipv4,attack,high,WHITE,blocklist.de/all|blocklist.de/apache|ziyadnz/hourly-ipv4,blocklist.de|brute-force|apache|rfi|ddos|spam|mail|ziyadnz|hourly,2026-08-17T18:48:05Z,2026-08-17T18:48:05Z,
185.241.208.154,ipv4,attack,high,WHITE,blocklist.de/all|blocklist.de/apache|ziyadnz/hourly-ipv4,blocklist.de|brute-force|apache|rfi|ddos|spam|mail|ziyadnz|hourly,2026-08-17T18:48:05Z,2026-08-17T18:48:05Z,
185.242.235.217,ipv4,attack,medium,WHITE,blocklist.de/all|ziyadnz/hourly-ipv4,blocklist.de|brute-force|apache|rfi|ddos|spam|mail|ziyadnz|hourly,2026-08-17T18:48:05Z,2026-08-17T18:48:05Z,
185.243.5.110,ipv4,attack,medium,WHITE,blocklist.de/all|ziyadnz/hourly-ipv4,blocklist.de|brute-force|apache|rfi|ddos|spam|mail|ziyadnz|hourly,2026-08-17T18:48:05Z,2026-08-17T18:48:05Z,
185.243.5.118,ipv4,attack,medium,WHITE,blocklist.de/all|ziyadnz/hourly-ipv4,blocklist.de|brute-force|apache|rfi|ddos|spam|mail|ziyadnz|hourly,2026-08-17T18:48:05Z,2026-08-17T18:48:05Z,
185.243.5.146,ipv4,attack,medium,WHITE,blocklist.de/all|ziyadnz/hourly-ipv4,blocklist.de|brute-force|apache|rfi|ddos|spam|mail|ziyadnz|hourly,2026-08-17T18:48:05Z,2026-08-17T18:48:05Z,
185.243.5.164,ipv4,attack,medium,WHITE,blocklist.de/all|ziyadnz/hourly-ipv4,blocklist.de|brute-force|apache|rfi|ddos|spam|mail|ziyadnz|hourly,2026-08-17T18:48:05Z,2026-08-17T18:48:05Z,
185.243.5.56,ipv4,attack,medium,WHITE,blocklist.de/all|ziyadnz/hourly-ipv4,blocklist.de|brute-force|apache|rfi|ddos|spam|mail|ziyadnz|hourly,2026-08-17T18:48:05Z,2026-08-17T18:48:05Z,
185.243.5.8,ipv4,attack,medium,WHITE,blocklist.de/all|ziyadnz/hourly-ipv4,blocklist.de|brute-force|apache|rfi|ddos|spam|mail|ziyadnz|hourly,2026-08-17T18:48:05Z,2026-08-17T18:48:05Z,
185.74.59.14,ipv4,attack,medium,WHITE,blocklist.de/all|ziyadnz/hourly-ipv4,blocklist.de|brute-force|apache|rfi|ddos|spam|mail|ziyadnz|hourly,2026-08-17T18:48:05Z,2026-08-17T18:48:05Z,
185.77.220.233,ipv4,attack,high,WHITE,blocklist.de/all|blocklist.de/apache|ziyadnz/hourly-ipv4,blocklist.de|brute-force|apache|rfi|ddos|spam|mail|ziyadnz|hourly,2026-08-17T18:48:05Z,2026-08-17T18:48:05Z,
185.93.89.150,ipv4,attack,high,WHITE,blocklist.de/all|blocklist.de/mail|ziyadnz/hourly-ipv4,blocklist.de|brute-force|apache|rfi|ddos|spam|mail|ziyadnz|hourly,2026-08-17T18:48:05Z,2026-08-17T18:48:05Z,
185.95.84.67,ipv4,attack,high,WHITE,blocklist.de/all|blocklist.de/mail|ziyadnz/hourly-ipv4,blocklist.de|brute-force|apache|rfi|ddos|spam|mail|ziyadnz|hourly,2026-08-17T18:48:05Z,2026-08-17T18:48:05Z,
185.95.84.77,ipv4,attack,high,WHITE,blocklist.de/all|blocklist.de/mail|ziyadnz/hourly-ipv4,blocklist.de|brute-force|apache|rfi|ddos|spam|mail|ziyadnz|hourly,2026-08-17T18:48:05Z,2026-08-17T18:48:05Z,
186.215.107.189,ipv4,attack,high,WHITE,blocklist.de/all|blocklist.de/mail|ziyadnz/hourly-ipv4,blocklist.de|brute-force|apache|rfi|ddos|spam|mail|ziyadnz|hourly,2026-08-17T18:48:05Z,2026-08-17T18:48:05Z,
186.238.242.194,ipv4,attack,high,WHITE,blocklist.de/all|blocklist.de/mail|ziyadnz/hourly-ipv4,blocklist.de|brute-force|apache|rfi|ddos|spam|mail|ziyadnz|hourly,2026-08-17T18:48:05Z,2026-08-17T18:48:05Z,
186.239.41.74,ipv4,attack,high,WHITE,blocklist.de/all|blocklist.de/mail|ziyadnz/hourly-ipv4,blocklist.de|brute-force|apache|rfi|ddos|spam|mail|ziyadnz|hourly,2026-08-17T18:48:05Z,2026-08-17T18:48:05Z,
186.248.57.224,ipv4,attack,high,WHITE,blocklist.de/all|blocklist.de/mail|ziyadnz/hourly-ipv4,blocklist.de|brute-force|apache|rfi|ddos|spam|mail|ziyadnz|hourly,2026-08-17T18:48:05Z,2026-08-17T18:48:05Z,
186.93.87.73,ipv4,attack,high,WHITE,blocklist.de/all|blocklist.de/mail|ziyadnz/hourly-ipv4,blocklist.de|brute-force|apache|rfi|ddos|spam|mail|ziyadnz|hourly,2026-08-17T18:48:05Z,2026-08-17T18:48:05Z,
187.218.57.50,ipv4,attack,high,WHITE,blocklist.de/all|blocklist.de/mail|ziyadnz/hourly-ipv4,blocklist.de|brute-force|apache|rfi|ddos|spam|mail|ziyadnz|hourly,2026-08-17T18:48:05Z,2026-08-17T18:48:05Z,
187.237.47.214,ipv4,attack,high,WHITE,blocklist.de/all|blocklist.de/mail|ziyadnz/hourly-ipv4,blocklist.de|brute-force|apache|rfi|ddos|spam|mail|ziyadnz|hourly,2026-08-17T18:48:05Z,2026-08-17T18:48:05Z,
187.58.241.90,ipv4,attack,high,WHITE,blocklist.de/all|blocklist.de/mail|ziyadnz/hourly-ipv4,blocklist.de|brute-force|apache|rfi|ddos|spam|mail|ziyadnz|hourly,2026-08-17T18:48:05Z,2026-08-17T18:48:05Z,
187.8.64.94,ipv4,attack,high,WHITE,blocklist.de/all|blocklist.de/mail|ziyadnz/hourly-ipv4,blocklist.de|brute-force|apache|rfi|ddos|spam|mail|ziyadnz|hourly,2026-08-17T18:48:05Z,2026-08-17T18:48:05Z,
188.132.203.240,ipv4,attack,high,WHITE,blocklist.de/all|blocklist.de/mail|ziyadnz/hourly-ipv4,blocklist.de|brute-force|apache|rfi|ddos|spam|mail|ziyadnz|hourly,2026-08-17T18:48:05Z,2026-08-17T18:48:05Z,
188.166.245.203,ipv4,attack,high,WHITE,blocklist.de/all|blocklist.de/mail|ziyadnz/hourly-ipv4,blocklist.de|brute-force|apache|rfi|ddos|spam|mail|ziyadnz|hourly,2026-08-17T18:48:05Z,2026-08-17T18:48:05Z,
188.43.204.45,ipv4,attack,high,WHITE,blocklist.de/all|blocklist.de/mail|ziyadnz/hourly-ipv4,blocklist.de|brute-force|apache|rfi|ddos|spam|mail|ziyadnz|hourly,2026-08-17T18:48:05Z,2026-08-17T18:48:05Z,
188.59.182.213,ipv4,attack,high,WHITE,blocklist.de/all|blocklist.de/mail|ziyadnz/hourly-ipv4,blocklist.de|brute-force|apache|rfi|ddos|spam|mail|ziyadnz|hourly,2026-08-17T18:48:05Z,2026-08-17T18:48:05Z,
189.57.204.50,ipv4,attack,high,WHITE,blocklist.de/all|blocklist.de/mail|ziyadnz/hourly-ipv4,blocklist.de|brute-force|apache|rfi|ddos|spam|mail|ziyadnz|hourly,2026-08-17T18:48:05Z,2026-08-17T18:48:05Z,
190.12.83.134,ipv4,attack,high,WHITE,blocklist.de/all|blocklist.de/mail|ziyadnz/hourly-ipv4,blocklist.de|brute-force|apache|rfi|ddos|spam|mail|ziyadnz|hourly,2026-08-17T18:48:05Z,2026-08-17T18:48:05Z,
190.167.237.191,ipv4,attack,medium,WHITE,blocklist.de/all|ziyadnz/hourly-ipv4,blocklist.de|brute-force|apache|rfi|ddos|spam|mail|ziyadnz|hourly,2026-08-17T18:48:05Z,2026-08-17T18:48:05Z,
190.182.166.19,ipv4,attack,high,WHITE,blocklist.de/all|blocklist.de/mail|ziyadnz/hourly-ipv4,blocklist.de|brute-force|apache|rfi|ddos|spam|mail|ziyadnz|hourly,2026-08-17T18:48:05Z,2026-08-17T18:48:05Z,
190.205.8.195,ipv4,attack,high,WHITE,blocklist.de/all|blocklist.de/mail|ziyadnz/hourly-ipv4,blocklist.de|brute-force|apache|rfi|ddos|spam|mail|ziyadnz|hourly,2026-08-17T18:48:05Z,2026-08-17T18:48:05Z,
190.223.36.108,ipv4,attack,high,WHITE,blocklist.de/all|blocklist.de/mail|ziyadnz/hourly-ipv4,blocklist.de|brute-force|apache|rfi|ddos|spam|mail|ziyadnz|hourly,2026-08-17T18:48:05Z,2026-08-17T18:48:05Z,
190.247.116.191,ipv4,attack,high,WHITE,blocklist.de/all|blocklist.de/mail|ziyadnz/hourly-ipv4,blocklist.de|brute-force|apache|rfi|ddos|spam|mail|ziyadnz|hourly,2026-08-17T18:48:05Z,2026-08-17T18:48:05Z,
190.75.248.87,ipv4,attack,high,WHITE,blocklist.de/all|blocklist.de/mail|ziyadnz/hourly-ipv4,blocklist.de|brute-force|apache|rfi|ddos|spam|mail|ziyadnz|hourly,2026-08-17T18:48:05Z,2026-08-17T18:48:05Z,
191.237.254.161,ipv4,attack,high,WHITE,blocklist.de/all|blocklist.de/apache|ziyadnz/hourly-ipv4,blocklist.de|brute-force|apache|rfi|ddos|spam|mail|ziyadnz|hourly,2026-08-17T18:48:05Z,2026-08-17T18:48:05Z,
191.33.76.49,ipv4,attack,high,WHITE,blocklist.de/all|blocklist.de/mail|ziyadnz/hourly-ipv4,blocklist.de|brute-force|apache|rfi|ddos|spam|mail|ziyadnz|hourly,2026-08-17T18:48:05Z,2026-08-17T18:48:05Z,
192.162.210.9,ipv4,attack,medium,WHITE,blocklist.de/all|ziyadnz/hourly-ipv4,blocklist.de|brute-force|apache|rfi|ddos|spam|mail|ziyadnz|hourly,2026-08-17T18:48:05Z,2026-08-17T18:48:05Z,
192.241.75.45,ipv4,attack,high,WHITE,blocklist.de/all|blocklist.de/apache|ziyadnz/hourly-ipv4,blocklist.de|brute-force|apache|rfi|ddos|spam|mail|ziyadnz|hourly,2026-08-17T18:48:05Z,2026-08-17T18:48:05Z,
192.253.248.142,ipv4,attack,high,WHITE,blocklist.de/all|blocklist.de/apache|ziyadnz/hourly-ipv4,blocklist.de|brute-force|apache|rfi|ddos|spam|mail|ziyadnz|hourly,2026-08-17T18:48:05Z,2026-08-17T18:48:05Z,
192.253.248.145,ipv4,attack,medium,WHITE,blocklist.de/all|ziyadnz/hourly-ipv4,blocklist.de|brute-force|apache|rfi|ddos|spam|mail|ziyadnz|hourly,2026-08-17T18:48:05Z,2026-08-17T18:48:05Z,
192.72.56.178,ipv4,attack,high,WHITE,blocklist.de/all|blocklist.de/mail|ziyadnz/hourly-ipv4,blocklist.de|brute-force|apache|rfi|ddos|spam|mail|ziyadnz|hourly,2026-08-17T18:48:05Z,2026-08-17T18:48:05Z,
192.81.213.149,ipv4,attack,high,WHITE,blocklist.de/all|blocklist.de/apache|ziyadnz/hourly-ipv4,blocklist.de|brute-force|apache|rfi|ddos|spam|mail|ziyadnz|hourly,2026-08-17T18:48:05Z,2026-08-17T18:48:05Z,
193.138.195.134,ipv4,attack,high,WHITE,blocklist.de/all|blocklist.de/mail|ziyadnz/hourly-ipv4,blocklist.de|brute-force|apache|rfi|ddos|spam|mail|ziyadnz|hourly,2026-08-17T18:48:05Z,2026-08-17T18:48:05Z,
193.176.31.202,ipv4,attack,high,WHITE,blocklist.de/all|blocklist.de/mail|ziyadnz/hourly-ipv4,blocklist.de|brute-force|apache|rfi|ddos|spam|mail|ziyadnz|hourly,2026-08-17T18:48:05Z,2026-08-17T18:48:05Z,
193.32.162.71,ipv4,attack,high,WHITE,blocklist.de/all|blocklist.de/mail|ziyadnz/hourly-ipv4,blocklist.de|brute-force|apache|rfi|ddos|spam|mail|ziyadnz|hourly,2026-08-17T18:48:05Z,2026-08-17T18:48:05Z,
193.46.33.205,ipv4,attack,high,WHITE,blocklist.de/all|blocklist.de/mail|ziyadnz/hourly-ipv4,blocklist.de|brute-force|apache|rfi|ddos|spam|mail|ziyadnz|hourly,2026-08-17T18:48:05Z,2026-08-17T18:48:05Z,
194.180.49.37,ipv4,attack,high,WHITE,blocklist.de/all|blocklist.de/apache|ziyadnz/hourly-ipv4,blocklist.de|brute-force|apache|rfi|ddos|spam|mail|ziyadnz|hourly,2026-08-17T18:48:05Z,2026-08-17T18:48:05Z,
194.31.220.230,ipv4,attack,high,WHITE,blocklist.de/all|blocklist.de/mail|ziyadnz/hourly-ipv4,blocklist.de|brute-force|apache|rfi|ddos|spam|mail|ziyadnz|hourly,2026-08-17T18:48:05Z,2026-08-17T18:48:05Z,
194.31.8.12,ipv4,attack,high,WHITE,blocklist.de/all|blocklist.de/mail|ziyadnz/hourly-ipv4,blocklist.de|brute-force|apache|rfi|ddos|spam|mail|ziyadnz|hourly,2026-08-17T18:48:05Z,2026-08-17T18:48:05Z,
194.5.49.7,ipv4,attack,high,WHITE,blocklist.de/all|blocklist.de/mail|ziyadnz/hourly-ipv4,blocklist.de|brute-force|apache|rfi|ddos|spam|mail|ziyadnz|hourly,2026-08-17T18:48:05Z,2026-08-17T18:48:05Z,
194.59.36.45,ipv4,attack,high,WHITE,blocklist.de/all|blocklist.de/mail|ziyadnz/hourly-ipv4,blocklist.de|brute-force|apache|rfi|ddos|spam|mail|ziyadnz|hourly,2026-08-17T18:48:05Z,2026-08-17T18:48:05Z,
195.133.158.175,ipv4,attack,high,WHITE,blocklist.de/all|blocklist.de/mail|ziyadnz/hourly-ipv4,blocklist.de|brute-force|apache|rfi|ddos|spam|mail|ziyadnz|hourly,2026-08-17T18:48:05Z,2026-08-17T18:48:05Z,
195.140.214.26,ipv4,attack,high,WHITE,blocklist.de/all|blocklist.de/mail|ziyadnz/hourly-ipv4,blocklist.de|brute-force|apache|rfi|ddos|spam|mail|ziyadnz|hourly,2026-08-17T18:48:05Z,2026-08-17T18:48:05Z,
195.158.14.232,ipv4,attack,high,WHITE,blocklist.de/all|blocklist.de/mail|ziyadnz/hourly-ipv4,blocklist.de|brute-force|apache|rfi|ddos|spam|mail|ziyadnz|hourly,2026-08-17T18:48:05Z,2026-08-17T18:48:05Z,
195.158.26.59,ipv4,attack,high,WHITE,blocklist.de/all|blocklist.de/mail|ziyadnz/hourly-ipv4,blocklist.de|brute-force|apache|rfi|ddos|spam|mail|ziyadnz|hourly,2026-08-17T18:48:05Z,2026-08-17T18:48:05Z,
195.170.172.215,ipv4,attack,high,WHITE,blocklist.de/all|blocklist.de/mail|ziyadnz/hourly-ipv4,blocklist.de|brute-force|apache|rfi|ddos|spam|mail|ziyadnz|hourly,2026-08-17T18:48:05Z,2026-08-17T18:48:05Z,
195.178.110.223,ipv4,attack,high,WHITE,blocklist.de/all|blocklist.de/apache|ziyadnz/hourly-ipv4,blocklist.de|brute-force|apache|rfi|ddos|spam|mail|ziyadnz|hourly,2026-08-17T18:48:05Z,2026-08-17T18:48:05Z,
195.210.4.1,ipv4,attack,high,WHITE,blocklist.de/all|blocklist.de/apache|ziyadnz/hourly-ipv4,blocklist.de|brute-force|apache|rfi|ddos|spam|mail|ziyadnz|hourly,2026-08-17T18:48:05Z,2026-08-17T18:48:05Z,
195.222.57.183,ipv4,attack,high,WHITE,blocklist.de/all|blocklist.de/mail|ziyadnz/hourly-ipv4,blocklist.de|brute-force|apache|rfi|ddos|spam|mail|ziyadnz|hourly,2026-08-17T18:48:05Z,2026-08-17T18:48:05Z,
195.222.57.190,ipv4,attack,high,WHITE,blocklist.de/all|blocklist.de/mail|ziyadnz/hourly-ipv4,blocklist.de|brute-force|apache|rfi|ddos|spam|mail|ziyadnz|hourly,2026-08-17T18:48:05Z,2026-08-17T18:48:05Z,
195.96.138.34,ipv4,attack,medium,WHITE,blocklist.de/all|ziyadnz/hourly-ipv4,blocklist.de|brute-force|apache|rfi|ddos|spam|mail|ziyadnz|hourly,2026-08-17T18:48:05Z,2026-08-17T18:48:05Z,
196.188.187.205,ipv4,attack,high,WHITE,blocklist.de/all|blocklist.de/mail|ziyadnz/hourly-ipv4,blocklist.de|brute-force|apache|rfi|ddos|spam|mail|ziyadnz|hourly,2026-08-17T18:48:05Z,2026-08-17T18:48:05Z,
196.188.187.85,ipv4,attack,high,WHITE,blocklist.de/all|blocklist.de/mail|ziyadnz/hourly-ipv4,blocklist.de|brute-force|apache|rfi|ddos|spam|mail|ziyadnz|hourly,2026-08-17T18:48:05Z,2026-08-17T18:48:05Z,
196.189.124.218,ipv4,attack,high,WHITE,blocklist.de/all|blocklist.de/mail|ziyadnz/hourly-ipv4,blocklist.de|brute-force|apache|rfi|ddos|spam|mail|ziyadnz|hourly,2026-08-17T18:48:05Z,2026-08-17T18:48:05Z,
196.189.124.229,ipv4,attack,high,WHITE,blocklist.de/all|blocklist.de/mail|ziyadnz/hourly-ipv4,blocklist.de|brute-force|apache|rfi|ddos|spam|mail|ziyadnz|hourly,2026-08-17T18:48:05Z,2026-08-17T18:48:05Z,
196.189.126.10,ipv4,attack,high,WHITE,blocklist.de/all|blocklist.de/mail|ziyadnz/hourly-ipv4,blocklist.de|brute-force|apache|rfi|ddos|spam|mail|ziyadnz|hourly,2026-08-17T18:48:05Z,2026-08-17T18:48:05Z,
196.190.41.137,ipv4,attack,high,WHITE,blocklist.de/all|blocklist.de/mail|ziyadnz/hourly-ipv4,blocklist.de|brute-force|apache|rfi|ddos|spam|mail|ziyadnz|hourly,2026-08-17T18:48:05Z,2026-08-17T18:48:05Z,
196.191.142.67,ipv4,attack,high,WHITE,blocklist.de/all|blocklist.de/mail|ziyadnz/hourly-ipv4,blocklist.de|brute-force|apache|rfi|ddos|spam|mail|ziyadnz|hourly,2026-08-17T18:48:05Z,2026-08-17T18:48:05Z,
196.41.207.112,ipv4,attack,high,WHITE,blocklist.de/all|blocklist.de/mail|ziyadnz/hourly-ipv4,blocklist.de|brute-force|apache|rfi|ddos|spam|mail|ziyadnz|hourly,2026-08-17T18:48:05Z,2026-08-17T18:48:05Z,
196.43.162.129,ipv4,attack,high,WHITE,blocklist.de/all|blocklist.de/mail|ziyadnz/hourly-ipv4,blocklist.de|brute-force|apache|rfi|ddos|spam|mail|ziyadnz|hourly,2026-08-17T18:48:05Z,2026-08-17T18:48:05Z,
197.156.97.198,ipv4,attack,high,WHITE,blocklist.de/all|blocklist.de/mail|ziyadnz/hourly-ipv4,blocklist.de|brute-force|apache|rfi|ddos|spam|mail|ziyadnz|hourly,2026-08-17T18:48:05Z,2026-08-17T18:48:05Z,
197.157.192.86,ipv4,attack,high,WHITE,blocklist.de/all|blocklist.de/mail|ziyadnz/hourly-ipv4,blocklist.de|brute-force|apache|rfi|ddos|spam|mail|ziyadnz|hourly,2026-08-17T18:48:05Z,2026-08-17T18:48:05Z,
197.231.177.149,ipv4,attack,high,WHITE,blocklist.de/all|blocklist.de/mail|ziyadnz/hourly-ipv4,blocklist.de|brute-force|apache|rfi|ddos|spam|mail|ziyadnz|hourly,2026-08-17T18:48:05Z,2026-08-17T18:48:05Z,
197.251.249.79,ipv4,attack,high,WHITE,blocklist.de/all|blocklist.de/mail|ziyadnz/hourly-ipv4,blocklist.de|brute-force|apache|rfi|ddos|spam|mail|ziyadnz|hourly,2026-08-17T18:48:05Z,2026-08-17T18:48:05Z,
198.235.24.64,ipv4,attack,high,WHITE,blocklist.de/all|blocklist.de/mail|ziyadnz/hourly-ipv4,blocklist.de|brute-force|apache|rfi|ddos|spam|mail|ziyadnz|hourly,2026-08-17T18:48:05Z,2026-08-17T18:48:05Z,
198.244.183.235,ipv4,attack,medium,WHITE,blocklist.de/all,blocklist.de|brute-force|apache|rfi|ddos|spam|mail|ziyadnz|hourly,2026-08-17T18:48:05Z,2026-08-17T18:48:05Z,
198.244.183.48,ipv4,attack,medium,WHITE,blocklist.de/all,blocklist.de|brute-force|apache|rfi|ddos|spam|mail|ziyadnz|hourly,2026-08-17T18:48:05Z,2026-08-17T18:48:05Z,
198.251.81.49,ipv4,attack,high,WHITE,blocklist.de/all|blocklist.de/mail|ziyadnz/hourly-ipv4,blocklist.de|brute-force|apache|rfi|ddos|spam|mail|ziyadnz|hourly,2026-08-17T18:48:05Z,2026-08-17T18:48:05Z,
199.15.214.39,ipv4,attack,high,WHITE,blocklist.de/all|blocklist.de/mail|ziyadnz/hourly-ipv4,blocklist.de|brute-force|apache|rfi|ddos|spam|mail|ziyadnz|hourly,2026-08-17T18:48:05Z,2026-08-17T18:48:05Z,
199.30.62.4,ipv4,attack,high,WHITE,blocklist.de/all|blocklist.de/mail|ziyadnz/hourly-ipv4,blocklist.de|brute-force|apache|rfi|ddos|spam|mail|ziyadnz|hourly,2026-08-17T18:48:05Z,2026-08-17T18:48:05Z,
199.45.154.123,ipv4,attack,high,WHITE,blocklist.de/all|blocklist.de/mail|ziyadnz/hourly-ipv4,blocklist.de|brute-force|apache|rfi|ddos|spam|mail|ziyadnz|hourly,2026-08-17T18:48:05Z,2026-08-17T18:48:05Z,
199.45.155.103,ipv4,attack,high,WHITE,blocklist.de/all|blocklist.de/mail|ziyadnz/hourly-ipv4,blocklist.de|brute-force|apache|rfi|ddos|spam|mail|ziyadnz|hourly,2026-08-17T18:48:05Z,2026-08-17T18:48:05Z,
199.45.155.109,ipv4,attack,high,WHITE,blocklist.de/all|blocklist.de/mail|ziyadnz/hourly-ipv4,blocklist.de|brute-force|apache|rfi|ddos|spam|mail|ziyadnz|hourly,2026-08-17T18:48:05Z,2026-08-17T18:48:05Z,
199.45.155.80,ipv4,attack,high,WHITE,blocklist.de/all|blocklist.de/mail|ziyadnz/hourly-ipv4,blocklist.de|brute-force|apache|rfi|ddos|spam|mail|ziyadnz|hourly,2026-08-17T18:48:05Z,2026-08-17T18:48:05Z,
2.179.194.193,ipv4,attack,high,WHITE,blocklist.de/all|blocklist.de/mail|ziyadnz/hourly-ipv4,blocklist.de|brute-force|apache|rfi|ddos|spam|mail|ziyadnz|hourly,2026-08-17T18:48:05Z,2026-08-17T18:48:05Z,
2.180.1.34,ipv4,attack,high,WHITE,blocklist.de/all|blocklist.de/mail|ziyadnz/hourly-ipv4,blocklist.de|brute-force|apache|rfi|ddos|spam|mail|ziyadnz|hourly,2026-08-17T18:48:05Z,2026-08-17T18:48:05Z,
2.180.6.8,ipv4,attack,high,WHITE,blocklist.de/all|blocklist.de/mail|ziyadnz/hourly-ipv4,blocklist.de|brute-force|apache|rfi|ddos|spam|mail|ziyadnz|hourly,2026-08-17T18:48:05Z,2026-08-17T18:48:05Z,
2.33.204.219,ipv4,attack,high,WHITE,blocklist.de/all|blocklist.de/mail|ziyadnz/hourly-ipv4,blocklist.de|brute-force|apache|rfi|ddos|spam|mail|ziyadnz|hourly,2026-08-17T18:48:05Z,2026-08-17T18:48:05Z,
2.54.85.220,ipv4,attack,high,WHITE,blocklist.de/all|blocklist.de/mail|ziyadnz/hourly-ipv4,blocklist.de|brute-force|apache|rfi|ddos|spam|mail|ziyadnz|hourly,2026-08-17T18:48:05Z,2026-08-17T18:48:05Z,
2.55.100.104,ipv4,attack,high,WHITE,blocklist.de/all|blocklist.de/mail|ziyadnz/hourly-ipv4,blocklist.de|brute-force|apache|rfi|ddos|spam|mail|ziyadnz|hourly,2026-08-17T18:48:05Z,2026-08-17T18:48:05Z,
2.55.122.202,ipv4,attack,high,WHITE,blocklist.de/all|blocklist.de/mail|ziyadnz/hourly-ipv4,blocklist.de|brute-force|apache|rfi|ddos|spam|mail|ziyadnz|hourly,2026-08-17T18:48:05Z,2026-08-17T18:48:05Z,
2.55.125.200,ipv4,attack,high,WHITE,blocklist.de/all|blocklist.de/mail|ziyadnz/hourly-ipv4,blocklist.de|brute-force|apache|rfi|ddos|spam|mail|ziyadnz|hourly,2026-08-17T18:48:05Z,2026-08-17T18:48:05Z,
2.55.74.30,ipv4,attack,high,WHITE,blocklist.de/all|blocklist.de/mail|ziyadnz/hourly-ipv4,blocklist.de|brute-force|apache|rfi|ddos|spam|mail|ziyadnz|hourly,2026-08-17T18:48:05Z,2026-08-17T18:48:05Z,
2.55.85.196,ipv4,attack,high,WHITE,blocklist.de/all|blocklist.de/mail|ziyadnz/hourly-ipv4,blocklist.de|brute-force|apache|rfi|ddos|spam|mail|ziyadnz|hourly,2026-08-17T18:48:05Z,2026-08-17T18:48:05Z,
2.55.88.51,ipv4,attack,high,WHITE,blocklist.de/all|blocklist.de/mail|ziyadnz/hourly-ipv4,blocklist.de|brute-force|apache|rfi|ddos|spam|mail|ziyadnz|hourly,2026-08-17T18:48:05Z,2026-08-17T18:48:05Z,
2.57.121.120,ipv4,attack,medium,WHITE,blocklist.de/all|ziyadnz/hourly-ipv4,blocklist.de|brute-force|apache|rfi|ddos|spam|mail|ziyadnz|hourly,2026-08-17T18:48:05Z,2026-08-17T18:48:05Z,
2.63.211.145,ipv4,attack,high,WHITE,blocklist.de/all|blocklist.de/mail|ziyadnz/hourly-ipv4,blocklist.de|brute-force|apache|rfi|ddos|spam|mail|ziyadnz|hourly,2026-08-17T18:48:05Z,2026-08-17T18:48:05Z,
20.102.65.165,ipv4,attack,high,WHITE,blocklist.de/all|blocklist.de/apache|ziyadnz/hourly-ipv4,blocklist.de|brute-force|apache|rfi|ddos|spam|mail|ziyadnz|hourly,2026-08-17T18:48:05Z,2026-08-17T18:48:05Z,
20.104.100.201,ipv4,attack,high,WHITE,blocklist.de/all|blocklist.de/apache|ziyadnz/hourly-ipv4,blocklist.de|brute-force|apache|rfi|ddos|spam|mail|ziyadnz|hourly,2026-08-17T18:48:05Z,2026-08-17T18:48:05Z,
20.104.49.167,ipv4,attack,high,WHITE,blocklist.de/all|blocklist.de/apache|ziyadnz/hourly-ipv4,blocklist.de|brute-force|apache|rfi|ddos|spam|mail|ziyadnz|hourly,2026-08-17T18:48:05Z,2026-08-17T18:48:05Z,
20.106.102.5,ipv4,attack,high,WHITE,blocklist.de/all|blocklist.de/apache|ziyadnz/hourly-ipv4,blocklist.de|brute-force|apache|rfi|ddos|spam|mail|ziyadnz|hourly,2026-08-17T18:48:05Z,2026-08-17T18:48:05Z,
20.118.133.132,ipv4,attack,high,WHITE,blocklist.de/all|blocklist.de/apache|ziyadnz/hourly-ipv4,blocklist.de|brute-force|apache|rfi|ddos|spam|mail|ziyadnz|hourly,2026-08-17T18:48:05Z,2026-08-17T18:48:05Z,
20.124.89.58,ipv4,attack,high,WHITE,blocklist.de/all|blocklist.de/mail|ziyadnz/hourly-ipv4,blocklist.de|brute-force|apache|rfi|ddos|spam|mail|ziyadnz|hourly,2026-08-17T18:48:05Z,2026-08-17T18:48:05Z,
20.127.136.245,ipv4,attack,high,WHITE,blocklist.de/all|blocklist.de/apache|ziyadnz/hourly-ipv4,blocklist.de|brute-force|apache|rfi|ddos|spam|mail|ziyadnz|hourly,2026-08-17T18:48:05Z,2026-08-17T18:48:05Z,
20.151.109.219,ipv4,attack,high,WHITE,blocklist.de/all|blocklist.de/apache|ziyadnz/hourly-ipv4,blocklist.de|brute-force|apache|rfi|ddos|spam|mail|ziyadnz|hourly,2026-08-17T18:48:05Z,2026-08-17T18:48:05Z,
20.151.128.234,ipv4,attack,high,WHITE,blocklist.de/all|blocklist.de/apache|ziyadnz/hourly-ipv4,blocklist.de|brute-force|apache|rfi|ddos|spam|mail|ziyadnz|hourly,2026-08-17T18:48:05Z,2026-08-17T18:48:05Z,
20.163.43.14,ipv4,attack,high,WHITE,blocklist.de/all|blocklist.de/apache|ziyadnz/hourly-ipv4,blocklist.de|brute-force|apache|rfi|ddos|spam|mail|ziyadnz|hourly,2026-08-17T18:48:05Z,2026-08-17T18:48:05Z,
20.197.195.76,ipv4,attack,high,WHITE,blocklist.de/all|blocklist.de/apache|ziyadnz/hourly-ipv4,blocklist.de|brute-force|apache|rfi|ddos|spam|mail|ziyadnz|hourly,2026-08-17T18:48:05Z,2026-08-17T18:48:05Z,
20.203.138.185,ipv4,attack,high,WHITE,blocklist.de/all|blocklist.de/apache|ziyadnz/hourly-ipv4,blocklist.de|brute-force|apache|rfi|ddos|spam|mail|ziyadnz|hourly,2026-08-17T18:48:05Z,2026-08-17T18:48:05Z,
20.203.183.135,ipv4,attack,high,WHITE,blocklist.de/all|blocklist.de/apache|ziyadnz/hourly-ipv4,blocklist.de|brute-force|apache|rfi|ddos|spam|mail|ziyadnz|hourly,2026-08-17T18:48:05Z,2026-08-17T18:48:05Z,
20.215.241.237,ipv4,attack,high,WHITE,blocklist.de/all|blocklist.de/apache|ziyadnz/hourly-ipv4,blocklist.de|brute-force|apache|rfi|ddos|spam|mail|ziyadnz|hourly,2026-08-17T18:48:05Z,2026-08-17T18:48:05Z,
20.226.112.14,ipv4,attack,high,WHITE,blocklist.de/all|blocklist.de/apache|ziyadnz/hourly-ipv4,blocklist.de|brute-force|apache|rfi|ddos|spam|mail|ziyadnz|hourly,2026-08-17T18:48:05Z,2026-08-17T18:48:05Z,
20.226.7.189,ipv4,attack,high,WHITE,blocklist.de/all|blocklist.de/apache|ziyadnz/hourly-ipv4,blocklist.de|brute-force|apache|rfi|ddos|spam|mail|ziyadnz|hourly,2026-08-17T18:48:05Z,2026-08-17T18:48:05Z,
20.250.27.191,ipv4,attack,high,WHITE,blocklist.de/all|blocklist.de/apache|ziyadnz/hourly-ipv4,blocklist.de|brute-force|apache|rfi|ddos|spam|mail|ziyadnz|hourly,2026-08-17T18:48:05Z,2026-08-17T18:48:05Z,
20.251.112.238,ipv4,attack,high,WHITE,blocklist.de/all|blocklist.de/apache|ziyadnz/hourly-ipv4,blocklist.de|brute-force|apache|rfi|ddos|spam|mail|ziyadnz|hourly,2026-08-17T18:48:05Z,2026-08-17T18:48:05Z,
20.251.48.93,ipv4,attack,high,WHITE,blocklist.de/all|blocklist.de/apache|ziyadnz/hourly-ipv4,blocklist.de|brute-force|apache|rfi|ddos|spam|mail|ziyadnz|hourly,2026-08-17T18:48:05Z,2026-08-17T18:48:05Z,
20.38.3.247,ipv4,attack,high,WHITE,blocklist.de/all|blocklist.de/apache|ziyadnz/hourly-ipv4,blocklist.de|brute-force|apache|rfi|ddos|spam|mail|ziyadnz|hourly,2026-08-17T18:48:05Z,2026-08-17T18:48:05Z,
20.40.208.6,ipv4,attack,high,WHITE,blocklist.de/all|blocklist.de/apache|ziyadnz/hourly-ipv4,blocklist.de|brute-force|apache|rfi|ddos|spam|mail|ziyadnz|hourly,2026-08-17T18:48:05Z,2026-08-17T18:48:05Z,
20.64.104.229,ipv4,attack,high,WHITE,blocklist.de/all|blocklist.de/mail|ziyadnz/hourly-ipv4,blocklist.de|brute-force|apache|rfi|ddos|spam|mail|ziyadnz|hourly,2026-08-17T18:48:05Z,2026-08-17T18:48:05Z,
20.65.105.233,ipv4,attack,high,WHITE,blocklist.de/all|blocklist.de/apache|ziyadnz/hourly-ipv4,blocklist.de|brute-force|apache|rfi|ddos|spam|mail|ziyadnz|hourly,2026-08-17T18:48:05Z,2026-08-17T18:48:05Z,
20.75.92.165,ipv4,attack,medium,WHITE,blocklist.de/all|blocklist.de/apache,blocklist.de|brute-force|apache|rfi|ddos|spam|mail|ziyadnz|hourly,2026-08-17T18:48:05Z,2026-08-17T18:48:05Z,
20.97.182.130,ipv4,attack,high,WHITE,blocklist.de/all|blocklist.de/apache|ziyadnz/hourly-ipv4,blocklist.de|brute-force|apache|rfi|ddos|spam|mail|ziyadnz|hourly,2026-08-17T18:48:05Z,2026-08-17T18:48:05Z,
200.107.163.195,ipv4,attack,high,WHITE,blocklist.de/all|blocklist.de/mail|ziyadnz/hourly-ipv4,blocklist.de|brute-force|apache|rfi|ddos|spam|mail|ziyadnz|hourly,2026-08-17T18:48:05Z,2026-08-17T18:48:05Z,
200.149.51.6,ipv4,attack,high,WHITE,blocklist.de/all|blocklist.de/mail|ziyadnz/hourly-ipv4,blocklist.de|brute-force|apache|rfi|ddos|spam|mail|ziyadnz|hourly,2026-08-17T18:48:05Z,2026-08-17T18:48:05Z,
200.153.86.250,ipv4,attack,high,WHITE,blocklist.de/all|blocklist.de/mail|ziyadnz/hourly-ipv4,blocklist.de|brute-force|apache|rfi|ddos|spam|mail|ziyadnz|hourly,2026-08-17T18:48:05Z,2026-08-17T18:48:05Z,
200.159.14.187,ipv4,attack,high,WHITE,blocklist.de/all|blocklist.de/mail|ziyadnz/hourly-ipv4,blocklist.de|brute-force|apache|rfi|ddos|spam|mail|ziyadnz|hourly,2026-08-17T18:48:05Z,2026-08-17T18:48:05Z,
200.204.243.202,ipv4,attack,high,WHITE,blocklist.de/all|blocklist.de/mail|ziyadnz/hourly-ipv4,blocklist.de|brute-force|apache|rfi|ddos|spam|mail|ziyadnz|hourly,2026-08-17T18:48:05Z,2026-08-17T18:48:05Z,
200.216.172.182,ipv4,attack,high,WHITE,blocklist.de/all|blocklist.de/mail|ziyadnz/hourly-ipv4,blocklist.de|brute-force|apache|rfi|ddos|spam|mail|ziyadnz|hourly,2026-08-17T18:48:05Z,2026-08-17T18:48:05Z,
200.223.196.90,ipv4,attack,high,WHITE,blocklist.de/all|blocklist.de/mail|ziyadnz/hourly-ipv4,blocklist.de|brute-force|apache|rfi|ddos|spam|mail|ziyadnz|hourly,2026-08-17T18:48:05Z,2026-08-17T18:48:05Z,
200.232.114.71,ipv4,attack,high,WHITE,blocklist.de/all|blocklist.de/mail|ziyadnz/hourly-ipv4,blocklist.de|brute-force|apache|rfi|ddos|spam|mail|ziyadnz|hourly,2026-08-17T18:48:05Z,2026-08-17T18:48:05Z,
200.37.179.83,ipv4,attack,high,WHITE,blocklist.de/all|blocklist.de/mail|ziyadnz/hourly-ipv4,blocklist.de|brute-force|apache|rfi|ddos|spam|mail|ziyadnz|hourly,2026-08-17T18:48:05Z,2026-08-17T18:48:05Z,
200.52.196.233,ipv4,attack,high,WHITE,blocklist.de/all|blocklist.de/mail|ziyadnz/hourly-ipv4,blocklist.de|brute-force|apache|rfi|ddos|spam|mail|ziyadnz|hourly,2026-08-17T18:48:05Z,2026-08-17T18:48:05Z,
200.7.8.232,ipv4,attack,high,WHITE,blocklist.de/all|blocklist.de/mail|ziyadnz/hourly-ipv4,blocklist.de|brute-force|apache|rfi|ddos|spam|mail|ziyadnz|hourly,2026-08-17T18:48:05Z,2026-08-17T18:48:05Z,
200.88.152.183,ipv4,attack,high,WHITE,blocklist.de/all|blocklist.de/mail|ziyadnz/hourly-ipv4,blocklist.de|brute-force|apache|rfi|ddos|spam|mail|ziyadnz|hourly,2026-08-17T18:48:05Z,2026-08-17T18:48:05Z,
200.89.159.59,ipv4,attack,high,WHITE,blocklist.de/all|blocklist.de/mail|ziyadnz/hourly-ipv4,blocklist.de|brute-force|apache|rfi|ddos|spam|mail|ziyadnz|hourly,2026-08-17T18:48:05Z,2026-08-17T18:48:05Z,
2001:1600:16:10::10a,ipv4,attack,medium,WHITE,blocklist.de/all|blocklist.de/apache,blocklist.de|brute-force|apache|rfi|ddos|spam|mail|ziyadnz|hourly,2026-08-17T18:48:05Z,2026-08-17T18:48:05Z,
201.20.82.85,ipv4,attack,high,WHITE,blocklist.de/all|blocklist.de/mail|ziyadnz/hourly-ipv4,blocklist.de|brute-force|apache|rfi|ddos|spam|mail|ziyadnz|hourly,2026-08-17T18:48:05Z,2026-08-17T18:48:05Z,
201.210.121.134,ipv4,attack,high,WHITE,blocklist.de/all|blocklist.de/mail|ziyadnz/hourly-ipv4,blocklist.de|brute-force|apache|rfi|ddos|spam|mail|ziyadnz|hourly,2026-08-17T18:48:05Z,2026-08-17T18:48:05Z,
201.28.237.90,ipv4,attack,high,WHITE,blocklist.de/all|blocklist.de/mail|ziyadnz/hourly-ipv4,blocklist.de|brute-force|apache|rfi|ddos|spam|mail|ziyadnz|hourly,2026-08-17T18:48:05Z,2026-08-17T18:48:05Z,
201.63.67.250,ipv4,attack,high,WHITE,blocklist.de/all|blocklist.de/mail|ziyadnz/hourly-ipv4,blocklist.de|brute-force|apache|rfi|ddos|spam|mail|ziyadnz|hourly,2026-08-17T18:48:05Z,2026-08-17T18:48:05Z,
202.104.140.212,ipv4,attack,medium,WHITE,blocklist.de/all|ziyadnz/hourly-ipv4,blocklist.de|brute-force|apache|rfi|ddos|spam|mail|ziyadnz|hourly,2026-08-17T18:48:05Z,2026-08-17T18:48:05Z,
202.29.51.12,ipv4,attack,high,WHITE,blocklist.de/all|blocklist.de/mail|ziyadnz/hourly-ipv4,blocklist.de|brute-force|apache|rfi|ddos|spam|mail|ziyadnz|hourly,2026-08-17T18:48:05Z,2026-08-17T18:48:05Z,
202.8.40.112,ipv4,attack,medium,WHITE,blocklist.de/all|ziyadnz/hourly-ipv4,blocklist.de|brute-force|apache|rfi|ddos|spam|mail|ziyadnz|hourly,2026-08-17T18:48:05Z,2026-08-17T18:48:05Z,
202.82.20.241,ipv4,attack,high,WHITE,blocklist.de/all|blocklist.de/mail|ziyadnz/hourly-ipv4,blocklist.de|brute-force|apache|rfi|ddos|spam|mail|ziyadnz|hourly,2026-08-17T18:48:05Z,2026-08-17T18:48:05Z,
202.84.34.85,ipv4,attack,high,WHITE,blocklist.de/all|blocklist.de/mail|ziyadnz/hourly-ipv4,blocklist.de|brute-force|apache|rfi|ddos|spam|mail|ziyadnz|hourly,2026-08-17T18:48:05Z,2026-08-17T18:48:05Z,
203.110.233.225,ipv4,attack,high,WHITE,blocklist.de/all|blocklist.de/mail|ziyadnz/hourly-ipv4,blocklist.de|brute-force|apache|rfi|ddos|spam|mail|ziyadnz|hourly,2026-08-17T18:48:05Z,2026-08-17T18:48:05Z,
203.123.219.137,ipv4,attack,high,WHITE,blocklist.de/all|blocklist.de/mail|ziyadnz/hourly-ipv4,blocklist.de|brute-force|apache|rfi|ddos|spam|mail|ziyadnz|hourly,2026-08-17T18:48:05Z,2026-08-17T18:48:05Z,
203.192.247.84,ipv4,attack,high,WHITE,blocklist.de/all|blocklist.de/mail|ziyadnz/hourly-ipv4,blocklist.de|brute-force|apache|rfi|ddos|spam|mail|ziyadnz|hourly,2026-08-17T18:48:05Z,2026-08-17T18:48:05Z,
203.193.137.250,ipv4,attack,high,WHITE,blocklist.de/all|blocklist.de/mail|ziyadnz/hourly-ipv4,blocklist.de|brute-force|apache|rfi|ddos|spam|mail|ziyadnz|hourly,2026-08-17T18:48:05Z,2026-08-17T18:48:05Z,
203.194.5.183,ipv4,attack,high,WHITE,blocklist.de/all|blocklist.de/mail|ziyadnz/hourly-ipv4,blocklist.de|brute-force|apache|rfi|ddos|spam|mail|ziyadnz|hourly,2026-08-17T18:48:05Z,2026-08-17T18:48:05Z,
203.232.101.49,ipv4,attack,high,WHITE,blocklist.de/all|blocklist.de/mail|ziyadnz/hourly-ipv4,blocklist.de|brute-force|apache|rfi|ddos|spam|mail|ziyadnz|hourly,2026-08-17T18:48:05Z,2026-08-17T18:48:05Z,
203.252.10.4,ipv4,attack,high,WHITE,blocklist.de/all|blocklist.de/mail|ziyadnz/hourly-ipv4,blocklist.de|brute-force|apache|rfi|ddos|spam|mail|ziyadnz|hourly,2026-08-17T18:48:05Z,2026-08-17T18:48:05Z,
205.210.31.51,ipv4,attack,high,WHITE,blocklist.de/all|blocklist.de/mail|ziyadnz/hourly-ipv4,blocklist.de|brute-force|apache|rfi|ddos|spam|mail|ziyadnz|hourly,2026-08-17T18:48:05Z,2026-08-17T18:48:05Z,
206.1.80.36,ipv4,attack,high,WHITE,blocklist.de/all|blocklist.de/mail|ziyadnz/hourly-ipv4,blocklist.de|brute-force|apache|rfi|ddos|spam|mail|ziyadnz|hourly,2026-08-17T18:48:05Z,2026-08-17T18:48:05Z,
206.189.233.59,ipv4,attack,high,WHITE,blocklist.de/all|blocklist.de/apache|ziyadnz/hourly-ipv4,blocklist.de|brute-force|apache|rfi|ddos|spam|mail|ziyadnz|hourly,2026-08-17T18:48:05Z,2026-08-17T18:48:05Z,
207.175.193.172,ipv4,attack,high,WHITE,blocklist.de/all|blocklist.de/apache|ziyadnz/hourly-ipv4,blocklist.de|brute-force|apache|rfi|ddos|spam|mail|ziyadnz|hourly,2026-08-17T18:48:05Z,2026-08-17T18:48:05Z,
207.175.202.20,ipv4,attack,high,WHITE,blocklist.de/all|blocklist.de/apache|ziyadnz/hourly-ipv4,blocklist.de|brute-force|apache|rfi|ddos|spam|mail|ziyadnz|hourly,2026-08-17T18:48:05Z,2026-08-17T18:48:05Z,
207.175.232.38,ipv4,attack,high,WHITE,blocklist.de/all|blocklist.de/apache|ziyadnz/hourly-ipv4,blocklist.de|brute-force|apache|rfi|ddos|spam|mail|ziyadnz|hourly,2026-08-17T18:48:05Z,2026-08-17T18:48:05Z,
207.175.44.120,ipv4,attack,medium,WHITE,blocklist.de/all|ziyadnz/hourly-ipv4,blocklist.de|brute-force|apache|rfi|ddos|spam|mail|ziyadnz|hourly,2026-08-17T18:48:05Z,2026-08-17T18:48:05Z,
207.219.221.101,ipv4,attack,high,WHITE,blocklist.de/all|blocklist.de/mail|ziyadnz/hourly-ipv4,blocklist.de|brute-force|apache|rfi|ddos|spam|mail|ziyadnz|hourly,2026-08-17T18:48:05Z,2026-08-17T18:48:05Z,
207.219.222.29,ipv4,attack,high,WHITE,blocklist.de/all|blocklist.de/mail|ziyadnz/hourly-ipv4,blocklist.de|brute-force|apache|rfi|ddos|spam|mail|ziyadnz|hourly,2026-08-17T18:48:05Z,2026-08-17T18:48:05Z,
207.254.40.89,ipv4,attack,high,WHITE,blocklist.de/all|blocklist.de/mail|ziyadnz/hourly-ipv4,blocklist.de|brute-force|apache|rfi|ddos|spam|mail|ziyadnz|hourly,2026-08-17T18:48:05Z,2026-08-17T18:48:05Z,
209.14.85.115,ipv4,attack,high,WHITE,blocklist.de/all|blocklist.de/mail|ziyadnz/hourly-ipv4,blocklist.de|brute-force|apache|rfi|ddos|spam|mail|ziyadnz|hourly,2026-08-17T18:48:05Z,2026-08-17T18:48:05Z,
209.173.10.75,ipv4,attack,high,WHITE,blocklist.de/all|blocklist.de/mail|ziyadnz/hourly-ipv4,blocklist.de|brute-force|apache|rfi|ddos|spam|mail|ziyadnz|hourly,2026-08-17T18:48:05Z,2026-08-17T18:48:05Z,
209.198.156.49,ipv4,attack,high,WHITE,blocklist.de/all|blocklist.de/mail|ziyadnz/hourly-ipv4,blocklist.de|brute-force|apache|rfi|ddos|spam|mail|ziyadnz|hourly,2026-08-17T18:48:05Z,2026-08-17T18:48:05Z,
209.240.111.185,ipv4,attack,medium,WHITE,blocklist.de/all|ziyadnz/hourly-ipv4,blocklist.de|brute-force|apache|rfi|ddos|spam|mail|ziyadnz|hourly,2026-08-17T18:48:05Z,2026-08-17T18:48:05Z,
209.38.164.234,ipv4,attack,high,WHITE,blocklist.de/all|blocklist.de/apache|ziyadnz/hourly-ipv4,blocklist.de|brute-force|apache|rfi|ddos|spam|mail|ziyadnz|hourly,2026-08-17T18:48:05Z,2026-08-17T18:48:05Z,
209.38.19.20,ipv4,attack,high,WHITE,blocklist.de/all|blocklist.de/apache|ziyadnz/hourly-ipv4,blocklist.de|brute-force|apache|rfi|ddos|spam|mail|ziyadnz|hourly,2026-08-17T18:48:05Z,2026-08-17T18:48:05Z,
209.97.178.115,ipv4,attack,high,WHITE,blocklist.de/all|blocklist.de/mail|ziyadnz/hourly-ipv4,blocklist.de|brute-force|apache|rfi|ddos|spam|mail|ziyadnz|hourly,2026-08-17T18:48:05Z,2026-08-17T18:48:05Z,
209.99.190.99,ipv4,attack,high,WHITE,blocklist.de/all|blocklist.de/apache|ziyadnz/hourly-ipv4,blocklist.de|brute-force|apache|rfi|ddos|spam|mail|ziyadnz|hourly,2026-08-17T18:48:05Z,2026-08-17T18:48:05Z,
210.110.7.21,ipv4,attack,high,WHITE,blocklist.de/all|blocklist.de/mail|ziyadnz/hourly-ipv4,blocklist.de|brute-force|apache|rfi|ddos|spam|mail|ziyadnz|hourly,2026-08-17T18:48:05Z,2026-08-17T18:48:05Z,
210.13.99.66,ipv4,attack,high,WHITE,blocklist.de/all|blocklist.de/mail|ziyadnz/hourly-ipv4,blocklist.de|brute-force|apache|rfi|ddos|spam|mail|ziyadnz|hourly,2026-08-17T18:48:05Z,2026-08-17T18:48:05Z,
210.134.58.196,ipv4,attack,high,WHITE,blocklist.de/all|blocklist.de/mail|ziyadnz/hourly-ipv4,blocklist.de|brute-force|apache|rfi|ddos|spam|mail|ziyadnz|hourly,2026-08-17T18:48:05Z,2026-08-17T18:48:05Z,
210.204.110.224,ipv4,attack,high,WHITE,blocklist.de/all|blocklist.de/mail|ziyadnz/hourly-ipv4,blocklist.de|brute-force|apache|rfi|ddos|spam|mail|ziyadnz|hourly,2026-08-17T18:48:05Z,2026-08-17T18:48:05Z,
210.204.137.38,ipv4,attack,high,WHITE,blocklist.de/all|blocklist.de/mail|ziyadnz/hourly-ipv4,blocklist.de|brute-force|apache|rfi|ddos|spam|mail|ziyadnz|hourly,2026-08-17T18:48:05Z,2026-08-17T18:48:05Z,
210.206.24.237,ipv4,attack,high,WHITE,blocklist.de/all|blocklist.de/mail|ziyadnz/hourly-ipv4,blocklist.de|brute-force|apache|rfi|ddos|spam|mail|ziyadnz|hourly,2026-08-17T18:48:05Z,2026-08-17T18:48:05Z,
210.245.95.11,ipv4,attack,high,WHITE,blocklist.de/all|blocklist.de/mail|ziyadnz/hourly-ipv4,blocklist.de|brute-force|apache|rfi|ddos|spam|mail|ziyadnz|hourly,2026-08-17T18:48:05Z,2026-08-17T18:48:05Z,
211.101.237.45,ipv4,attack,high,WHITE,blocklist.de/all|blocklist.de/apache|ziyadnz/hourly-ipv4,blocklist.de|brute-force|apache|rfi|ddos|spam|mail|ziyadnz|hourly,2026-08-17T18:48:05Z,2026-08-17T18:48:05Z,
211.107.130.203,ipv4,attack,high,WHITE,blocklist.de/all|blocklist.de/mail|ziyadnz/hourly-ipv4,blocklist.de|brute-force|apache|rfi|ddos|spam|mail|ziyadnz|hourly,2026-08-17T18:48:05Z,2026-08-17T18:48:05Z,
211.115.191.84,ipv4,attack,high,WHITE,blocklist.de/all|blocklist.de/mail|ziyadnz/hourly-ipv4,blocklist.de|brute-force|apache|rfi|ddos|spam|mail|ziyadnz|hourly,2026-08-17T18:48:05Z,2026-08-17T18:48:05Z,
211.169.212.206,ipv4,attack,high,WHITE,blocklist.de/all|blocklist.de/mail|ziyadnz/hourly-ipv4,blocklist.de|brute-force|apache|rfi|ddos|spam|mail|ziyadnz|hourly,2026-08-17T18:48:05Z,2026-08-17T18:48:05Z,
211.178.165.251,ipv4,attack,high,WHITE,blocklist.de/all|blocklist.de/mail|ziyadnz/hourly-ipv4,blocklist.de|brute-force|apache|rfi|ddos|spam|mail|ziyadnz|hourly,2026-08-17T18:48:05Z,2026-08-17T18:48:05Z,
211.184.85.174,ipv4,attack,high,WHITE,blocklist.de/all|blocklist.de/mail|ziyadnz/hourly-ipv4,blocklist.de|brute-force|apache|rfi|ddos|spam|mail|ziyadnz|hourly,2026-08-17T18:48:05Z,2026-08-17T18:48:05Z,
211.185.23.242,ipv4,attack,high,WHITE,blocklist.de/all|blocklist.de/mail|ziyadnz/hourly-ipv4,blocklist.de|brute-force|apache|rfi|ddos|spam|mail|ziyadnz|hourly,2026-08-17T18:48:05Z,2026-08-17T18:48:05Z,
211.192.54.219,ipv4,attack,high,WHITE,blocklist.de/all|blocklist.de/mail|ziyadnz/hourly-ipv4,blocklist.de|brute-force|apache|rfi|ddos|spam|mail|ziyadnz|hourly,2026-08-17T18:48:05Z,2026-08-17T18:48:05Z,
211.194.173.186,ipv4,attack,high,WHITE,blocklist.de/all|blocklist.de/mail|ziyadnz/hourly-ipv4,blocklist.de|brute-force|apache|rfi|ddos|spam|mail|ziyadnz|hourly,2026-08-17T18:48:05Z,2026-08-17T18:48:05Z,
211.216.58.204,ipv4,attack,high,WHITE,blocklist.de/all|blocklist.de/mail|ziyadnz/hourly-ipv4,blocklist.de|brute-force|apache|rfi|ddos|spam|mail|ziyadnz|hourly,2026-08-17T18:48:05Z,2026-08-17T18:48:05Z,
211.228.217.178,ipv4,attack,high,WHITE,blocklist.de/all|blocklist.de/mail|ziyadnz/hourly-ipv4,blocklist.de|brute-force|apache|rfi|ddos|spam|mail|ziyadnz|hourly,2026-08-17T18:48:05Z,2026-08-17T18:48:05Z,
211.228.86.83,ipv4,attack,high,WHITE,blocklist.de/all|blocklist.de/mail|ziyadnz/hourly-ipv4,blocklist.de|brute-force|apache|rfi|ddos|spam|mail|ziyadnz|hourly,2026-08-17T18:48:05Z,2026-08-17T18:48:05Z,
211.228.97.186,ipv4,attack,high,WHITE,blocklist.de/all|blocklist.de/mail|ziyadnz/hourly-ipv4,blocklist.de|brute-force|apache|rfi|ddos|spam|mail|ziyadnz|hourly,2026-08-17T18:48:05Z,2026-08-17T18:48:05Z,
211.238.237.254,ipv4,attack,high,WHITE,blocklist.de/all|blocklist.de/mail|ziyadnz/hourly-ipv4,blocklist.de|brute-force|apache|rfi|ddos|spam|mail|ziyadnz|hourly,2026-08-17T18:48:05Z,2026-08-17T18:48:05Z,
211.247.127.250,ipv4,attack,high,WHITE,blocklist.de/all|blocklist.de/mail|ziyadnz/hourly-ipv4,blocklist.de|brute-force|apache|rfi|ddos|spam|mail|ziyadnz|hourly,2026-08-17T18:48:05Z,2026-08-17T18:48:05Z,
211.253.10.61,ipv4,attack,high,WHITE,blocklist.de/all|blocklist.de/mail|ziyadnz/hourly-ipv4,blocklist.de|brute-force|apache|rfi|ddos|spam|mail|ziyadnz|hourly,2026-08-17T18:48:05Z,2026-08-17T18:48:05Z,
211.43.139.196,ipv4,attack,high,WHITE,blocklist.de/all|blocklist.de/mail|ziyadnz/hourly-ipv4,blocklist.de|brute-force|apache|rfi|ddos|spam|mail|ziyadnz|hourly,2026-08-17T18:48:05Z,2026-08-17T18:48:05Z,
211.48.60.35,ipv4,attack,high,WHITE,blocklist.de/all|blocklist.de/mail|ziyadnz/hourly-ipv4,blocklist.de|brute-force|apache|rfi|ddos|spam|mail|ziyadnz|hourly,2026-08-17T18:48:05Z,2026-08-17T18:48:05Z,
211.53.58.10,ipv4,attack,high,WHITE,blocklist.de/all|blocklist.de/mail|ziyadnz/hourly-ipv4,blocklist.de|brute-force|apache|rfi|ddos|spam|mail|ziyadnz|hourly,2026-08-17T18:48:05Z,2026-08-17T18:48:05Z,
211.63.34.149,ipv4,attack,high,WHITE,blocklist.de/all|blocklist.de/mail|ziyadnz/hourly-ipv4,blocklist.de|brute-force|apache|rfi|ddos|spam|mail|ziyadnz|hourly,2026-08-17T18:48:05Z,2026-08-17T18:48:05Z,
212.154.75.233,ipv4,attack,high,WHITE,blocklist.de/all|blocklist.de/mail|ziyadnz/hourly-ipv4,blocklist.de|brute-force|apache|rfi|ddos|spam|mail|ziyadnz|hourly,2026-08-17T18:48:05Z,2026-08-17T18:48:05Z,
212.18.114.31,ipv4,attack,high,WHITE,blocklist.de/all|blocklist.de/apache|ziyadnz/hourly-ipv4,blocklist.de|brute-force|apache|rfi|ddos|spam|mail|ziyadnz|hourly,2026-08-17T18:48:05Z,2026-08-17T18:48:05Z,
212.73.75.82,ipv4,attack,high,WHITE,blocklist.de/all|blocklist.de/mail|ziyadnz/hourly-ipv4,blocklist.de|brute-force|apache|rfi|ddos|spam|mail|ziyadnz|hourly,2026-08-17T18:48:05Z,2026-08-17T18:48:05Z,
213.114.116.44,ipv4,attack,high,WHITE,blocklist.de/all|blocklist.de/mail|ziyadnz/hourly-ipv4,blocklist.de|brute-force|apache|rfi|ddos|spam|mail|ziyadnz|hourly,2026-08-17T18:48:05Z,2026-08-17T18:48:05Z,
213.127.168.82,ipv4,attack,high,WHITE,blocklist.de/all|blocklist.de/mail|ziyadnz/hourly-ipv4,blocklist.de|brute-force|apache|rfi|ddos|spam|mail|ziyadnz|hourly,2026-08-17T18:48:05Z,2026-08-17T18:48:05Z,
213.142.191.108,ipv4,attack,high,WHITE,blocklist.de/all|blocklist.de/mail|ziyadnz/hourly-ipv4,blocklist.de|brute-force|apache|rfi|ddos|spam|mail|ziyadnz|hourly,2026-08-17T18:48:05Z,2026-08-17T18:48:05Z,
213.154.80.51,ipv4,attack,high,WHITE,blocklist.de/all|blocklist.de/mail|ziyadnz/hourly-ipv4,blocklist.de|brute-force|apache|rfi|ddos|spam|mail|ziyadnz|hourly,2026-08-17T18:48:05Z,2026-08-17T18:48:05Z,
213.176.26.109,ipv4,attack,high,WHITE,blocklist.de/all|blocklist.de/mail|ziyadnz/hourly-ipv4,blocklist.de|brute-force|apache|rfi|ddos|spam|mail|ziyadnz|hourly,2026-08-17T18:48:05Z,2026-08-17T18:48:05Z,
213.176.26.113,ipv4,attack,high,WHITE,blocklist.de/all|blocklist.de/mail|ziyadnz/hourly-ipv4,blocklist.de|brute-force|apache|rfi|ddos|spam|mail|ziyadnz|hourly,2026-08-17T18:48:05Z,2026-08-17T18:48:05Z,
213.176.26.133,ipv4,attack,high,WHITE,blocklist.de/all|blocklist.de/mail|ziyadnz/hourly-ipv4,blocklist.de|brute-force|apache|rfi|ddos|spam|mail|ziyadnz|hourly,2026-08-17T18:48:05Z,2026-08-17T18:48:05Z,
213.176.26.21,ipv4,attack,high,WHITE,blocklist.de/all|blocklist.de/mail|ziyadnz/hourly-ipv4,blocklist.de|brute-force|apache|rfi|ddos|spam|mail|ziyadnz|hourly,2026-08-17T18:48:05Z,2026-08-17T18:48:05Z,
213.176.26.44,ipv4,attack,high,WHITE,blocklist.de/all|blocklist.de/mail|ziyadnz/hourly-ipv4,blocklist.de|brute-force|apache|rfi|ddos|spam|mail|ziyadnz|hourly,2026-08-17T18:48:05Z,2026-08-17T18:48:05Z,
213.176.26.54,ipv4,attack,high,WHITE,blocklist.de/all|blocklist.de/mail|ziyadnz/hourly-ipv4,blocklist.de|brute-force|apache|rfi|ddos|spam|mail|ziyadnz|hourly,2026-08-17T18:48:05Z,2026-08-17T18:48:05Z,
213.176.26.76,ipv4,attack,medium,WHITE,blocklist.de/all|ziyadnz/hourly-ipv4,blocklist.de|brute-force|apache|rfi|ddos|spam|mail|ziyadnz|hourly,2026-08-17T18:48:05Z,2026-08-17T18:48:05Z,
213.176.26.78,ipv4,attack,medium,WHITE,blocklist.de/all|ziyadnz/hourly-ipv4,blocklist.de|brute-force|apache|rfi|ddos|spam|mail|ziyadnz|hourly,2026-08-17T18:48:05Z,2026-08-17T18:48:05Z,
213.176.26.82,ipv4,attack,high,WHITE,blocklist.de/all|blocklist.de/mail|ziyadnz/hourly-ipv4,blocklist.de|brute-force|apache|rfi|ddos|spam|mail|ziyadnz|hourly,2026-08-17T18:48:05Z,2026-08-17T18:48:05Z,
213.176.26.85,ipv4,attack,medium,WHITE,blocklist.de/all|ziyadnz/hourly-ipv4,blocklist.de|brute-force|apache|rfi|ddos|spam|mail|ziyadnz|hourly,2026-08-17T18:48:05Z,2026-08-17T18:48:05Z,
213.209.159.115,ipv4,attack,high,WHITE,blocklist.de/all|blocklist.de/apache|ziyadnz/hourly-ipv4,blocklist.de|brute-force|apache|rfi|ddos|spam|mail|ziyadnz|hourly,2026-08-17T18:48:05Z,2026-08-17T18:48:05Z,
213.209.159.154,ipv4,attack,high,WHITE,blocklist.de/all|blocklist.de/apache|ziyadnz/hourly-ipv4,blocklist.de|brute-force|apache|rfi|ddos|spam|mail|ziyadnz|hourly,2026-08-17T18:48:05Z,2026-08-17T18:48:05Z,
213.209.159.226,ipv4,attack,medium,WHITE,blocklist.de/all|ziyadnz/hourly-ipv4,blocklist.de|brute-force|apache|rfi|ddos|spam|mail|ziyadnz|hourly,2026-08-17T18:48:05Z,2026-08-17T18:48:05Z,
213.230.64.246,ipv4,attack,high,WHITE,blocklist.de/all|blocklist.de/mail|ziyadnz/hourly-ipv4,blocklist.de|brute-force|apache|rfi|ddos|spam|mail|ziyadnz|hourly,2026-08-17T18:48:05Z,2026-08-17T18:48:05Z,
213.230.66.211,ipv4,attack,high,WHITE,blocklist.de/all|blocklist.de/mail|ziyadnz/hourly-ipv4,blocklist.de|brute-force|apache|rfi|ddos|spam|mail|ziyadnz|hourly,2026-08-17T18:48:05Z,2026-08-17T18:48:05Z,
213.234.9.218,ipv4,attack,high,WHITE,blocklist.de/all|blocklist.de/mail|ziyadnz/hourly-ipv4,blocklist.de|brute-force|apache|rfi|ddos|spam|mail|ziyadnz|hourly,2026-08-17T18:48:05Z,2026-08-17T18:48:05Z,
213.235.25.2,ipv4,attack,high,WHITE,blocklist.de/all|blocklist.de/mail|ziyadnz/hourly-ipv4,blocklist.de|brute-force|apache|rfi|ddos|spam|mail|ziyadnz|hourly,2026-08-17T18:48:05Z,2026-08-17T18:48:05Z,
213.33.209.197,ipv4,attack,high,WHITE,blocklist.de/all|blocklist.de/mail|ziyadnz/hourly-ipv4,blocklist.de|brute-force|apache|rfi|ddos|spam|mail|ziyadnz|hourly,2026-08-17T18:48:05Z,2026-08-17T18:48:05Z,
213.59.165.74,ipv4,attack,high,WHITE,blocklist.de/all|blocklist.de/mail|ziyadnz/hourly-ipv4,blocklist.de|brute-force|apache|rfi|ddos|spam|mail|ziyadnz|hourly,2026-08-17T18:48:05Z,2026-08-17T18:48:05Z,
213.65.190.48,ipv4,attack,high,WHITE,blocklist.de/all|blocklist.de/mail|ziyadnz/hourly-ipv4,blocklist.de|brute-force|apache|rfi|ddos|spam|mail|ziyadnz|hourly,2026-08-17T18:48:05Z,2026-08-17T18:48:05Z,
216.110.71.37,ipv4,attack,high,WHITE,blocklist.de/all|blocklist.de/mail|ziyadnz/hourly-ipv4,blocklist.de|brute-force|apache|rfi|ddos|spam|mail|ziyadnz|hourly,2026-08-17T18:48:05Z,2026-08-17T18:48:05Z,
216.122.161.101,ipv4,attack,high,WHITE,blocklist.de/all|blocklist.de/mail|ziyadnz/hourly-ipv4,blocklist.de|brute-force|apache|rfi|ddos|spam|mail|ziyadnz|hourly,2026-08-17T18:48:05Z,2026-08-17T18:48:05Z,
216.73.160.233,ipv4,attack,medium,WHITE,blocklist.de/all|ziyadnz/hourly-ipv4,blocklist.de|brute-force|apache|rfi|ddos|spam|mail|ziyadnz|hourly,2026-08-17T18:48:05Z,2026-08-17T18:48:05Z,
217.113.5.104,ipv4,attack,high,WHITE,blocklist.de/all|blocklist.de/mail|ziyadnz/hourly-ipv4,blocklist.de|brute-force|apache|rfi|ddos|spam|mail|ziyadnz|hourly,2026-08-17T18:48:05Z,2026-08-17T18:48:05Z,
217.115.87.186,ipv4,attack,high,WHITE,blocklist.de/all|blocklist.de/mail|ziyadnz/hourly-ipv4,blocklist.de|brute-force|apache|rfi|ddos|spam|mail|ziyadnz|hourly,2026-08-17T18:48:05Z,2026-08-17T18:48:05Z,
217.154.152.20,ipv4,attack,medium,WHITE,blocklist.de/all|ziyadnz/hourly-ipv4,blocklist.de|brute-force|apache|rfi|ddos|spam|mail|ziyadnz|hourly,2026-08-17T18:48:05Z,2026-08-17T18:48:05Z,
217.156.66.57,ipv4,attack,medium,WHITE,blocklist.de/all|ziyadnz/hourly-ipv4,blocklist.de|brute-force|apache|rfi|ddos|spam|mail|ziyadnz|hourly,2026-08-17T18:48:05Z,2026-08-17T18:48:05Z,
217.211.208.125,ipv4,attack,high,WHITE,blocklist.de/all|blocklist.de/mail|ziyadnz/hourly-ipv4,blocklist.de|brute-force|apache|rfi|ddos|spam|mail|ziyadnz|hourly,2026-08-17T18:48:05Z,2026-08-17T18:48:05Z,
217.24.185.244,ipv4,attack,high,WHITE,blocklist.de/all|blocklist.de/mail|ziyadnz/hourly-ipv4,blocklist.de|brute-force|apache|rfi|ddos|spam|mail|ziyadnz|hourly,2026-08-17T18:48:05Z,2026-08-17T18:48:05Z,
217.60.97.18,ipv4,attack,high,WHITE,blocklist.de/all|blocklist.de/apache|ziyadnz/hourly-ipv4,blocklist.de|brute-force|apache|rfi|ddos|spam|mail|ziyadnz|hourly,2026-08-17T18:48:05Z,2026-08-17T18:48:05Z,
218.103.120.150,ipv4,attack,high,WHITE,blocklist.de/all|blocklist.de/mail|ziyadnz/hourly-ipv4,blocklist.de|brute-force|apache|rfi|ddos|spam|mail|ziyadnz|hourly,2026-08-17T18:48:05Z,2026-08-17T18:48:05Z,
218.13.214.18,ipv4,attack,high,WHITE,blocklist.de/all|blocklist.de/mail|ziyadnz/hourly-ipv4,blocklist.de|brute-force|apache|rfi|ddos|spam|mail|ziyadnz|hourly,2026-08-17T18:48:05Z,2026-08-17T18:48:05Z,
218.146.255.221,ipv4,attack,high,WHITE,blocklist.de/all|blocklist.de/mail|ziyadnz/hourly-ipv4,blocklist.de|brute-force|apache|rfi|ddos|spam|mail|ziyadnz|hourly,2026-08-17T18:48:05Z,2026-08-17T18:48:05Z,
218.149.228.137,ipv4,attack,high,WHITE,blocklist.de/all|blocklist.de/mail|ziyadnz/hourly-ipv4,blocklist.de|brute-force|apache|rfi|ddos|spam|mail|ziyadnz|hourly,2026-08-17T18:48:05Z,2026-08-17T18:48:05Z,
218.149.228.138,ipv4,attack,high,WHITE,blocklist.de/all|blocklist.de/mail|ziyadnz/hourly-ipv4,blocklist.de|brute-force|apache|rfi|ddos|spam|mail|ziyadnz|hourly,2026-08-17T18:48:05Z,2026-08-17T18:48:05Z,
218.149.228.145,ipv4,attack,high,WHITE,blocklist.de/all|blocklist.de/mail|ziyadnz/hourly-ipv4,blocklist.de|brute-force|apache|rfi|ddos|spam|mail|ziyadnz|hourly,2026-08-17T18:48:05Z,2026-08-17T18:48:05Z,
218.149.228.156,ipv4,attack,high,WHITE,blocklist.de/all|blocklist.de/mail|ziyadnz/hourly-ipv4,blocklist.de|brute-force|apache|rfi|ddos|spam|mail|ziyadnz|hourly,2026-08-17T18:48:05Z,2026-08-17T18:48:05Z,
218.149.228.161,ipv4,attack,high,WHITE,blocklist.de/all|blocklist.de/mail|ziyadnz/hourly-ipv4,blocklist.de|brute-force|apache|rfi|ddos|spam|mail|ziyadnz|hourly,2026-08-17T18:48:05Z,2026-08-17T18:48:05Z,
218.149.228.168,ipv4,attack,high,WHITE,blocklist.de/all|blocklist.de/mail|ziyadnz/hourly-ipv4,blocklist.de|brute-force|apache|rfi|ddos|spam|mail|ziyadnz|hourly,2026-08-17T18:48:05Z,2026-08-17T18:48:05Z,
218.149.228.175,ipv4,attack,high,WHITE,blocklist.de/all|blocklist.de/mail|ziyadnz/hourly-ipv4,blocklist.de|brute-force|apache|rfi|ddos|spam|mail|ziyadnz|hourly,2026-08-17T18:48:05Z,2026-08-17T18:48:05Z,
218.149.228.177,ipv4,attack,high,WHITE,blocklist.de/all|blocklist.de/mail|ziyadnz/hourly-ipv4,blocklist.de|brute-force|apache|rfi|ddos|spam|mail|ziyadnz|hourly,2026-08-17T18:48:05Z,2026-08-17T18:48:05Z,
218.149.228.178,ipv4,attack,high,WHITE,blocklist.de/all|blocklist.de/mail|ziyadnz/hourly-ipv4,blocklist.de|brute-force|apache|rfi|ddos|spam|mail|ziyadnz|hourly,2026-08-17T18:48:05Z,2026-08-17T18:48:05Z,
218.15.224.102,ipv4,attack,high,WHITE,blocklist.de/all|blocklist.de/mail|ziyadnz/hourly-ipv4,blocklist.de|brute-force|apache|rfi|ddos|spam|mail|ziyadnz|hourly,2026-08-17T18:48:05Z,2026-08-17T18:48:05Z,
218.202.143.68,ipv4,attack,high,WHITE,blocklist.de/all|blocklist.de/mail|ziyadnz/hourly-ipv4,blocklist.de|brute-force|apache|rfi|ddos|spam|mail|ziyadnz|hourly,2026-08-17T18:48:05Z,2026-08-17T18:48:05Z,
218.202.91.147,ipv4,attack,high,WHITE,blocklist.de/all|blocklist.de/mail|ziyadnz/hourly-ipv4,blocklist.de|brute-force|apache|rfi|ddos|spam|mail|ziyadnz|hourly,2026-08-17T18:48:05Z,2026-08-17T18:48:05Z,
218.203.179.228,ipv4,attack,high,WHITE,blocklist.de/all|blocklist.de/mail|ziyadnz/hourly-ipv4,blocklist.de|brute-force|apache|rfi|ddos|spam|mail|ziyadnz|hourly,2026-08-17T18:48:05Z,2026-08-17T18:48:05Z,
218.21.243.58,ipv4,attack,high,WHITE,blocklist.de/all|blocklist.de/mail|ziyadnz/hourly-ipv4,blocklist.de|brute-force|apache|rfi|ddos|spam|mail|ziyadnz|hourly,2026-08-17T18:48:05Z,2026-08-17T18:48:05Z,
218.23.95.14,ipv4,attack,high,WHITE,blocklist.de/all|blocklist.de/mail|ziyadnz/hourly-ipv4,blocklist.de|brute-force|apache|rfi|ddos|spam|mail|ziyadnz|hourly,2026-08-17T18:48:05Z,2026-08-17T18:48:05Z,
218.25.233.22,ipv4,attack,high,WHITE,blocklist.de/all|blocklist.de/mail|ziyadnz/hourly-ipv4,blocklist.de|brute-force|apache|rfi|ddos|spam|mail|ziyadnz|hourly,2026-08-17T18:48:05Z,2026-08-17T18:48:05Z,
218.26.205.154,ipv4,attack,high,WHITE,blocklist.de/all|blocklist.de/mail|ziyadnz/hourly-ipv4,blocklist.de|brute-force|apache|rfi|ddos|spam|mail|ziyadnz|hourly,2026-08-17T18:48:05Z,2026-08-17T18:48:05Z,
218.27.205.159,ipv4,attack,high,WHITE,blocklist.de/all|blocklist.de/mail|ziyadnz/hourly-ipv4,blocklist.de|brute-force|apache|rfi|ddos|spam|mail|ziyadnz|hourly,2026-08-17T18:48:05Z,2026-08-17T18:48:05Z,
218.28.18.2,ipv4,attack,high,WHITE,blocklist.de/all|blocklist.de/mail|ziyadnz/hourly-ipv4,blocklist.de|brute-force|apache|rfi|ddos|spam|mail|ziyadnz|hourly,2026-08-17T18:48:05Z,2026-08-17T18:48:05Z,
218.29.196.162,ipv4,attack,high,WHITE,blocklist.de/all|blocklist.de/mail|ziyadnz/hourly-ipv4,blocklist.de|brute-force|apache|rfi|ddos|spam|mail|ziyadnz|hourly,2026-08-17T18:48:05Z,2026-08-17T18:48:05Z,
218.4.156.254,ipv4,attack,high,WHITE,blocklist.de/all|blocklist.de/mail|ziyadnz/hourly-ipv4,blocklist.de|brute-force|apache|rfi|ddos|spam|mail|ziyadnz|hourly,2026-08-17T18:48:05Z,2026-08-17T18:48:05Z,
218.58.73.238,ipv4,attack,high,WHITE,blocklist.de/all|blocklist.de/mail|ziyadnz/hourly-ipv4,blocklist.de|brute-force|apache|rfi|ddos|spam|mail|ziyadnz|hourly,2026-08-17T18:48:05Z,2026-08-17T18:48:05Z,
218.59.235.170,ipv4,attack,high,WHITE,blocklist.de/all|blocklist.de/mail|ziyadnz/hourly-ipv4,blocklist.de|brute-force|apache|rfi|ddos|spam|mail|ziyadnz|hourly,2026-08-17T18:48:05Z,2026-08-17T18:48:05Z,
218.92.244.10,ipv4,attack,high,WHITE,blocklist.de/all|blocklist.de/mail|ziyadnz/hourly-ipv4,blocklist.de|brute-force|apache|rfi|ddos|spam|mail|ziyadnz|hourly,2026-08-17T18:48:05Z,2026-08-17T18:48:05Z,
219.128.15.190,ipv4,attack,high,WHITE,blocklist.de/all|blocklist.de/mail|ziyadnz/hourly-ipv4,blocklist.de|brute-force|apache|rfi|ddos|spam|mail|ziyadnz|hourly,2026-08-17T18:48:05Z,2026-08-17T18:48:05Z,
219.129.236.174,ipv4,attack,high,WHITE,blocklist.de/all|blocklist.de/mail|ziyadnz/hourly-ipv4,blocklist.de|brute-force|apache|rfi|ddos|spam|mail|ziyadnz|hourly,2026-08-17T18:48:05Z,2026-08-17T18:48:05Z,
219.129.96.2,ipv4,attack,high,WHITE,blocklist.de/all|blocklist.de/mail|ziyadnz/hourly-ipv4,blocklist.de|brute-force|apache|rfi|ddos|spam|mail|ziyadnz|hourly,2026-08-17T18:48:05Z,2026-08-17T18:48:05Z,
219.144.16.16,ipv4,attack,high,WHITE,blocklist.de/all|blocklist.de/mail|ziyadnz/hourly-ipv4,blocklist.de|brute-force|apache|rfi|ddos|spam|mail|ziyadnz|hourly,2026-08-17T18:48:05Z,2026-08-17T18:48:05Z,
219.150.86.202,ipv4,attack,high,WHITE,blocklist.de/all|blocklist.de/mail|ziyadnz/hourly-ipv4,blocklist.de|brute-force|apache|rfi|ddos|spam|mail|ziyadnz|hourly,2026-08-17T18:48:05Z,2026-08-17T18:48:05Z,
219.248.65.30,ipv4,attack,high,WHITE,blocklist.de/all|blocklist.de/mail|ziyadnz/hourly-ipv4,blocklist.de|brute-force|apache|rfi|ddos|spam|mail|ziyadnz|hourly,2026-08-17T18:48:05Z,2026-08-17T18:48:05Z,
219.76.191.29,ipv4,attack,high,WHITE,blocklist.de/all|blocklist.de/mail|ziyadnz/hourly-ipv4,blocklist.de|brute-force|apache|rfi|ddos|spam|mail|ziyadnz|hourly,2026-08-17T18:48:05Z,2026-08-17T18:48:05Z,
219.89.198.191,ipv4,attack,high,WHITE,blocklist.de/all|blocklist.de/mail|ziyadnz/hourly-ipv4,blocklist.de|brute-force|apache|rfi|ddos|spam|mail|ziyadnz|hourly,2026-08-17T18:48:05Z,2026-08-17T18:48:05Z,
220.122.115.9,ipv4,attack,high,WHITE,blocklist.de/all|blocklist.de/mail|ziyadnz/hourly-ipv4,blocklist.de|brute-force|apache|rfi|ddos|spam|mail|ziyadnz|hourly,2026-08-17T18:48:05Z,2026-08-17T18:48:05Z,
220.122.210.87,ipv4,attack,high,WHITE,blocklist.de/all|blocklist.de/mail|ziyadnz/hourly-ipv4,blocklist.de|brute-force|apache|rfi|ddos|spam|mail|ziyadnz|hourly,2026-08-17T18:48:05Z,2026-08-17T18:48:05Z,
220.124.208.27,ipv4,attack,high,WHITE,blocklist.de/all|blocklist.de/mail|ziyadnz/hourly-ipv4,blocklist.de|brute-force|apache|rfi|ddos|spam|mail|ziyadnz|hourly,2026-08-17T18:48:05Z,2026-08-17T18:48:05Z,
220.124.253.58,ipv4,attack,high,WHITE,blocklist.de/all|blocklist.de/mail|ziyadnz/hourly-ipv4,blocklist.de|brute-force|apache|rfi|ddos|spam|mail|ziyadnz|hourly,2026-08-17T18:48:05Z,2026-08-17T18:48:05Z,
220.126.215.120,ipv4,attack,high,WHITE,blocklist.de/all|blocklist.de/mail|ziyadnz/hourly-ipv4,blocklist.de|brute-force|apache|rfi|ddos|spam|mail|ziyadnz|hourly,2026-08-17T18:48:05Z,2026-08-17T18:48:05Z,
220.126.237.110,ipv4,attack,high,WHITE,blocklist.de/all|blocklist.de/mail|ziyadnz/hourly-ipv4,blocklist.de|brute-force|apache|rfi|ddos|spam|mail|ziyadnz|hourly,2026-08-17T18:48:05Z,2026-08-17T18:48:05Z,
220.161.52.149,ipv4,attack,high,WHITE,blocklist.de/all|blocklist.de/mail|ziyadnz/hourly-ipv4,blocklist.de|brute-force|apache|rfi|ddos|spam|mail|ziyadnz|hourly,2026-08-17T18:48:05Z,2026-08-17T18:48:05Z,
220.163.252.244,ipv4,attack,high,WHITE,blocklist.de/all|blocklist.de/mail|ziyadnz/hourly-ipv4,blocklist.de|brute-force|apache|rfi|ddos|spam|mail|ziyadnz|hourly,2026-08-17T18:48:05Z,2026-08-17T18:48:05Z,
220.178.246.43,ipv4,attack,high,WHITE,blocklist.de/all|blocklist.de/mail|ziyadnz/hourly-ipv4,blocklist.de|brute-force|apache|rfi|ddos|spam|mail|ziyadnz|hourly,2026-08-17T18:48:05Z,2026-08-17T18:48:05Z,
220.178.82.124,ipv4,attack,high,WHITE,blocklist.de/all|blocklist.de/mail|ziyadnz/hourly-ipv4,blocklist.de|brute-force|apache|rfi|ddos|spam|mail|ziyadnz|hourly,2026-08-17T18:48:05Z,2026-08-17T18:48:05Z,
220.179.255.54,ipv4,attack,high,WHITE,blocklist.de/all|blocklist.de/mail|ziyadnz/hourly-ipv4,blocklist.de|brute-force|apache|rfi|ddos|spam|mail|ziyadnz|hourly,2026-08-17T18:48:05Z,2026-08-17T18:48:05Z,
220.179.87.204,ipv4,attack,high,WHITE,blocklist.de/all|blocklist.de/mail|ziyadnz/hourly-ipv4,blocklist.de|brute-force|apache|rfi|ddos|spam|mail|ziyadnz|hourly,2026-08-17T18:48:05Z,2026-08-17T18:48:05Z,
220.180.107.193,ipv4,attack,high,WHITE,blocklist.de/all|blocklist.de/mail|ziyadnz/hourly-ipv4,blocklist.de|brute-force|apache|rfi|ddos|spam|mail|ziyadnz|hourly,2026-08-17T18:48:05Z,2026-08-17T18:48:05Z,
220.180.166.214,ipv4,attack,high,WHITE,blocklist.de/all|blocklist.de/mail|ziyadnz/hourly-ipv4,blocklist.de|brute-force|apache|rfi|ddos|spam|mail|ziyadnz|hourly,2026-08-17T18:48:05Z,2026-08-17T18:48:05Z,
220.180.185.18,ipv4,attack,high,WHITE,blocklist.de/all|blocklist.de/mail|ziyadnz/hourly-ipv4,blocklist.de|brute-force|apache|rfi|ddos|spam|mail|ziyadnz|hourly,2026-08-17T18:48:05Z,2026-08-17T18:48:05Z,
220.180.249.165,ipv4,attack,high,WHITE,blocklist.de/all|blocklist.de/mail|ziyadnz/hourly-ipv4,blocklist.de|brute-force|apache|rfi|ddos|spam|mail|ziyadnz|hourly,2026-08-17T18:48:05Z,2026-08-17T18:48:05Z,
220.189.209.18,ipv4,attack,high,WHITE,blocklist.de/all|blocklist.de/mail|ziyadnz/hourly-ipv4,blocklist.de|brute-force|apache|rfi|ddos|spam|mail|ziyadnz|hourly,2026-08-17T18:48:05Z,2026-08-17T18:48:05Z,
220.189.253.198,ipv4,attack,high,WHITE,blocklist.de/all|blocklist.de/mail|ziyadnz/hourly-ipv4,blocklist.de|brute-force|apache|rfi|ddos|spam|mail|ziyadnz|hourly,2026-08-17T18:48:05Z,2026-08-17T18:48:05Z,
220.246.36.42,ipv4,attack,high,WHITE,blocklist.de/all|blocklist.de/mail|ziyadnz/hourly-ipv4,blocklist.de|brute-force|apache|rfi|ddos|spam|mail|ziyadnz|hourly,2026-08-17T18:48:05Z,2026-08-17T18:48:05Z,
220.246.42.212,ipv4,attack,high,WHITE,blocklist.de/all|blocklist.de/mail|ziyadnz/hourly-ipv4,blocklist.de|brute-force|apache|rfi|ddos|spam|mail|ziyadnz|hourly,2026-08-17T18:48:05Z,2026-08-17T18:48:05Z,
220.246.42.217,ipv4,attack,high,WHITE,blocklist.de/all|blocklist.de/mail|ziyadnz/hourly-ipv4,blocklist.de|brute-force|apache|rfi|ddos|spam|mail|ziyadnz|hourly,2026-08-17T18:48:05Z,2026-08-17T18:48:05Z,
220.246.43.172,ipv4,attack,high,WHITE,blocklist.de/all|blocklist.de/mail|ziyadnz/hourly-ipv4,blocklist.de|brute-force|apache|rfi|ddos|spam|mail|ziyadnz|hourly,2026-08-17T18:48:05Z,2026-08-17T18:48:05Z,
220.246.66.209,ipv4,attack,high,WHITE,blocklist.de/all|blocklist.de/mail|ziyadnz/hourly-ipv4,blocklist.de|brute-force|apache|rfi|ddos|spam|mail|ziyadnz|hourly,2026-08-17T18:48:05Z,2026-08-17T18:48:05Z,
220.248.73.84,ipv4,attack,high,WHITE,blocklist.de/all|blocklist.de/mail|ziyadnz/hourly-ipv4,blocklist.de|brute-force|apache|rfi|ddos|spam|mail|ziyadnz|hourly,2026-08-17T18:48:05Z,2026-08-17T18:48:05Z,
220.78.179.108,ipv4,attack,high,WHITE,blocklist.de/all|blocklist.de/mail|ziyadnz/hourly-ipv4,blocklist.de|brute-force|apache|rfi|ddos|spam|mail|ziyadnz|hourly,2026-08-17T18:48:05Z,2026-08-17T18:48:05Z,
220.86.191.141,ipv4,attack,high,WHITE,blocklist.de/all|blocklist.de/mail|ziyadnz/hourly-ipv4,blocklist.de|brute-force|apache|rfi|ddos|spam|mail|ziyadnz|hourly,2026-08-17T18:48:05Z,2026-08-17T18:48:05Z,
221.10.221.104,ipv4,attack,high,WHITE,blocklist.de/all|blocklist.de/mail|ziyadnz/hourly-ipv4,blocklist.de|brute-force|apache|rfi|ddos|spam|mail|ziyadnz|hourly,2026-08-17T18:48:05Z,2026-08-17T18:48:05Z,
221.120.4.61,ipv4,attack,high,WHITE,blocklist.de/all|blocklist.de/mail|ziyadnz/hourly-ipv4,blocklist.de|brute-force|apache|rfi|ddos|spam|mail|ziyadnz|hourly,2026-08-17T18:48:05Z,2026-08-17T18:48:05Z,
221.120.78.177,ipv4,attack,high,WHITE,blocklist.de/all|blocklist.de/mail|ziyadnz/hourly-ipv4,blocklist.de|brute-force|apache|rfi|ddos|spam|mail|ziyadnz|hourly,2026-08-17T18:48:05Z,2026-08-17T18:48:05Z,
221.151.251.129,ipv4,attack,high,WHITE,blocklist.de/all|blocklist.de/mail|ziyadnz/hourly-ipv4,blocklist.de|brute-force|apache|rfi|ddos|spam|mail|ziyadnz|hourly,2026-08-17T18:48:05Z,2026-08-17T18:48:05Z,
221.153.12.93,ipv4,attack,high,WHITE,blocklist.de/all|blocklist.de/mail|ziyadnz/hourly-ipv4,blocklist.de|brute-force|apache|rfi|ddos|spam|mail|ziyadnz|hourly,2026-08-17T18:48:05Z,2026-08-17T18:48:05Z,
221.164.235.149,ipv4,attack,high,WHITE,blocklist.de/all|blocklist.de/mail|ziyadnz/hourly-ipv4,blocklist.de|brute-force|apache|rfi|ddos|spam|mail|ziyadnz|hourly,2026-08-17T18:48:05Z,2026-08-17T18:48:05Z,
221.164.237.124,ipv4,attack,high,WHITE,blocklist.de/all|blocklist.de/mail|ziyadnz/hourly-ipv4,blocklist.de|brute-force|apache|rfi|ddos|spam|mail|ziyadnz|hourly,2026-08-17T18:48:05Z,2026-08-17T18:48:05Z,
221.167.88.119,ipv4,attack,high,WHITE,blocklist.de/all|blocklist.de/mail|ziyadnz/hourly-ipv4,blocklist.de|brute-force|apache|rfi|ddos|spam|mail|ziyadnz|hourly,2026-08-17T18:48:05Z,2026-08-17T18:48:05Z,
221.168.170.14,ipv4,attack,high,WHITE,blocklist.de/all|blocklist.de/mail|ziyadnz/hourly-ipv4,blocklist.de|brute-force|apache|rfi|ddos|spam|mail|ziyadnz|hourly,2026-08-17T18:48:05Z,2026-08-17T18:48:05Z,
221.181.210.98,ipv4,attack,high,WHITE,blocklist.de/all|blocklist.de/mail|ziyadnz/hourly-ipv4,blocklist.de|brute-force|apache|rfi|ddos|spam|mail|ziyadnz|hourly,2026-08-17T18:48:05Z,2026-08-17T18:48:05Z,
221.199.172.66,ipv4,attack,high,WHITE,blocklist.de/all|blocklist.de/mail|ziyadnz/hourly-ipv4,blocklist.de|brute-force|apache|rfi|ddos|spam|mail|ziyadnz|hourly,2026-08-17T18:48:05Z,2026-08-17T18:48:05Z,
221.231.5.210,ipv4,attack,high,WHITE,blocklist.de/all|blocklist.de/mail|ziyadnz/hourly-ipv4,blocklist.de|brute-force|apache|rfi|ddos|spam|mail|ziyadnz|hourly,2026-08-17T18:48:05Z,2026-08-17T18:48:05Z,
221.8.22.30,ipv4,attack,high,WHITE,blocklist.de/all|blocklist.de/mail|ziyadnz/hourly-ipv4,blocklist.de|brute-force|apache|rfi|ddos|spam|mail|ziyadnz|hourly,2026-08-17T18:48:05Z,2026-08-17T18:48:05Z,
222.104.76.94,ipv4,attack,high,WHITE,blocklist.de/all|blocklist.de/mail|ziyadnz/hourly-ipv4,blocklist.de|brute-force|apache|rfi|ddos|spam|mail|ziyadnz|hourly,2026-08-17T18:48:05Z,2026-08-17T18:48:05Z,
222.116.40.28,ipv4,attack,high,WHITE,blocklist.de/all|blocklist.de/mail|ziyadnz/hourly-ipv4,blocklist.de|brute-force|apache|rfi|ddos|spam|mail|ziyadnz|hourly,2026-08-17T18:48:05Z,2026-08-17T18:48:05Z,
222.116.46.123,ipv4,attack,high,WHITE,blocklist.de/all|blocklist.de/mail|ziyadnz/hourly-ipv4,blocklist.de|brute-force|apache|rfi|ddos|spam|mail|ziyadnz|hourly,2026-08-17T18:48:05Z,2026-08-17T18:48:05Z,
222.116.59.144,ipv4,attack,high,WHITE,blocklist.de/all|blocklist.de/mail|ziyadnz/hourly-ipv4,blocklist.de|brute-force|apache|rfi|ddos|spam|mail|ziyadnz|hourly,2026-08-17T18:48:05Z,2026-08-17T18:48:05Z,
222.116.9.180,ipv4,attack,high,WHITE,blocklist.de/all|blocklist.de/mail|ziyadnz/hourly-ipv4,blocklist.de|brute-force|apache|rfi|ddos|spam|mail|ziyadnz|hourly,2026-08-17T18:48:05Z,2026-08-17T18:48:05Z,
222.117.0.253,ipv4,attack,high,WHITE,blocklist.de/all|blocklist.de/mail|ziyadnz/hourly-ipv4,blocklist.de|brute-force|apache|rfi|ddos|spam|mail|ziyadnz|hourly,2026-08-17T18:48:05Z,2026-08-17T18:48:05Z,
222.117.176.58,ipv4,attack,high,WHITE,blocklist.de/all|blocklist.de/mail|ziyadnz/hourly-ipv4,blocklist.de|brute-force|apache|rfi|ddos|spam|mail|ziyadnz|hourly,2026-08-17T18:48:05Z,2026-08-17T18:48:05Z,
222.128.80.201,ipv4,attack,high,WHITE,blocklist.de/all|blocklist.de/mail|ziyadnz/hourly-ipv4,blocklist.de|brute-force|apache|rfi|ddos|spam|mail|ziyadnz|hourly,2026-08-17T18:48:05Z,2026-08-17T18:48:05Z,
222.173.138.250,ipv4,attack,high,WHITE,blocklist.de/all|blocklist.de/mail|ziyadnz/hourly-ipv4,blocklist.de|brute-force|apache|rfi|ddos|spam|mail|ziyadnz|hourly,2026-08-17T18:48:05Z,2026-08-17T18:48:05Z,
222.174.184.86,ipv4,attack,high,WHITE,blocklist.de/all|blocklist.de/mail|ziyadnz/hourly-ipv4,blocklist.de|brute-force|apache|rfi|ddos|spam|mail|ziyadnz|hourly,2026-08-17T18:48:05Z,2026-08-17T18:48:05Z,
222.175.187.214,ipv4,attack,high,WHITE,blocklist.de/all|blocklist.de/mail|ziyadnz/hourly-ipv4,blocklist.de|brute-force|apache|rfi|ddos|spam|mail|ziyadnz|hourly,2026-08-17T18:48:05Z,2026-08-17T18:48:05Z,
222.185.255.227,ipv4,attack,high,WHITE,blocklist.de/all|blocklist.de/mail|ziyadnz/hourly-ipv4,blocklist.de|brute-force|apache|rfi|ddos|spam|mail|ziyadnz|hourly,2026-08-17T18:48:05Z,2026-08-17T18:48:05Z,
222.186.68.154,ipv4,attack,high,WHITE,blocklist.de/all|blocklist.de/mail|ziyadnz/hourly-ipv4,blocklist.de|brute-force|apache|rfi|ddos|spam|mail|ziyadnz|hourly,2026-08-17T18:48:05Z,2026-08-17T18:48:05Z,
222.190.110.210,ipv4,attack,high,WHITE,blocklist.de/all|blocklist.de/mail|ziyadnz/hourly-ipv4,blocklist.de|brute-force|apache|rfi|ddos|spam|mail|ziyadnz|hourly,2026-08-17T18:48:05Z,2026-08-17T18:48:05Z,
222.222.124.164,ipv4,attack,high,WHITE,blocklist.de/all|blocklist.de/mail|ziyadnz/hourly-ipv4,blocklist.de|brute-force|apache|rfi|ddos|spam|mail|ziyadnz|hourly,2026-08-17T18:48:05Z,2026-08-17T18:48:05Z,
222.236.155.146,ipv4,attack,high,WHITE,blocklist.de/all|blocklist.de/mail|ziyadnz/hourly-ipv4,blocklist.de|brute-force|apache|rfi|ddos|spam|mail|ziyadnz|hourly,2026-08-17T18:48:05Z,2026-08-17T18:48:05Z,
222.75.225.206,ipv4,attack,high,WHITE,blocklist.de/all|blocklist.de/mail|ziyadnz/hourly-ipv4,blocklist.de|brute-force|apache|rfi|ddos|spam|mail|ziyadnz|hourly,2026-08-17T18:48:05Z,2026-08-17T18:48:05Z,
222.76.248.54,ipv4,attack,high,WHITE,blocklist.de/all|blocklist.de/mail|ziyadnz/hourly-ipv4,blocklist.de|brute-force|apache|rfi|ddos|spam|mail|ziyadnz|hourly,2026-08-17T18:48:05Z,2026-08-17T18:48:05Z,
222.92.61.242,ipv4,attack,high,WHITE,blocklist.de/all|blocklist.de/mail|ziyadnz/hourly-ipv4,blocklist.de|brute-force|apache|rfi|ddos|spam|mail|ziyadnz|hourly,2026-08-17T18:48:05Z,2026-08-17T18:48:05Z,
223.100.248.64,ipv4,attack,high,WHITE,blocklist.de/all|blocklist.de/mail|ziyadnz/hourly-ipv4,blocklist.de|brute-force|apache|rfi|ddos|spam|mail|ziyadnz|hourly,2026-08-17T18:48:05Z,2026-08-17T18:48:05Z,
223.107.146.186,ipv4,attack,high,WHITE,blocklist.de/all|blocklist.de/mail|ziyadnz/hourly-ipv4,blocklist.de|brute-force|apache|rfi|ddos|spam|mail|ziyadnz|hourly,2026-08-17T18:48:05Z,2026-08-17T18:48:05Z,
223.123.92.56,ipv4,attack,medium,WHITE,blocklist.de/all|ziyadnz/hourly-ipv4,blocklist.de|brute-force|apache|rfi|ddos|spam|mail|ziyadnz|hourly,2026-08-17T18:48:05Z,2026-08-17T18:48:05Z,
223.185.53.8,ipv4,attack,medium,WHITE,blocklist.de/all,blocklist.de|brute-force|apache|rfi|ddos|spam|mail|ziyadnz|hourly,2026-08-17T18:48:05Z,2026-08-17T18:48:05Z,
223.197.153.135,ipv4,attack,high,WHITE,blocklist.de/all|blocklist.de/mail|ziyadnz/hourly-ipv4,blocklist.de|brute-force|apache|rfi|ddos|spam|mail|ziyadnz|hourly,2026-08-17T18:48:05Z,2026-08-17T18:48:05Z,
223.197.153.143,ipv4,attack,high,WHITE,blocklist.de/all|blocklist.de/mail|ziyadnz/hourly-ipv4,blocklist.de|brute-force|apache|rfi|ddos|spam|mail|ziyadnz|hourly,2026-08-17T18:48:05Z,2026-08-17T18:48:05Z,
223.210.27.53,ipv4,attack,high,WHITE,blocklist.de/all|blocklist.de/mail|ziyadnz/hourly-ipv4,blocklist.de|brute-force|apache|rfi|ddos|spam|mail|ziyadnz|hourly,2026-08-17T18:48:05Z,2026-08-17T18:48:05Z,
223.70.149.210,ipv4,attack,high,WHITE,blocklist.de/all|blocklist.de/mail|ziyadnz/hourly-ipv4,blocklist.de|brute-force|apache|rfi|ddos|spam|mail|ziyadnz|hourly,2026-08-17T18:48:05Z,2026-08-17T18:48:05Z,
223.75.156.89,ipv4,attack,high,WHITE,blocklist.de/all|blocklist.de/mail|ziyadnz/hourly-ipv4,blocklist.de|brute-force|apache|rfi|ddos|spam|mail|ziyadnz|hourly,2026-08-17T18:48:05Z,2026-08-17T18:48:05Z,
223.82.86.2,ipv4,attack,high,WHITE,blocklist.de/all|blocklist.de/mail|ziyadnz/hourly-ipv4,blocklist.de|brute-force|apache|rfi|ddos|spam|mail|ziyadnz|hourly,2026-08-17T18:48:05Z,2026-08-17T18:48:05Z,
223.99.212.58,ipv4,attack,high,WHITE,blocklist.de/all|blocklist.de/mail|ziyadnz/hourly-ipv4,blocklist.de|brute-force|apache|rfi|ddos|spam|mail|ziyadnz|hourly,2026-08-17T18:48:05Z,2026-08-17T18:48:05Z,
23.234.107.206,ipv4,attack,high,WHITE,blocklist.de/all|blocklist.de/apache|ziyadnz/hourly-ipv4,blocklist.de|brute-force|apache|rfi|ddos|spam|mail|ziyadnz|hourly,2026-08-17T18:48:05Z,2026-08-17T18:48:05Z,
23.239.4.155,ipv4,attack,high,WHITE,blocklist.de/all|blocklist.de/apache|ziyadnz/hourly-ipv4,blocklist.de|brute-force|apache|rfi|ddos|spam|mail|ziyadnz|hourly,2026-08-17T18:48:05Z,2026-08-17T18:48:05Z,
23.254.164.253,ipv4,attack,high,WHITE,blocklist.de/all|blocklist.de/mail|ziyadnz/hourly-ipv4,blocklist.de|brute-force|apache|rfi|ddos|spam|mail|ziyadnz|hourly,2026-08-17T18:48:05Z,2026-08-17T18:48:05Z,
23.97.62.129,ipv4,attack,medium,WHITE,blocklist.de/all|ziyadnz/hourly-ipv4,blocklist.de|brute-force|apache|rfi|ddos|spam|mail|ziyadnz|hourly,2026-08-17T18:48:05Z,2026-08-17T18:48:05Z,
24.142.170.231,ipv4,attack,high,WHITE,blocklist.de/all|blocklist.de/mail|ziyadnz/hourly-ipv4,blocklist.de|brute-force|apache|rfi|ddos|spam|mail|ziyadnz|hourly,2026-08-17T18:48:05Z,2026-08-17T18:48:05Z,
24.207.66.154,ipv4,attack,high,WHITE,blocklist.de/all|blocklist.de/mail|ziyadnz/hourly-ipv4,blocklist.de|brute-force|apache|rfi|ddos|spam|mail|ziyadnz|hourly,2026-08-17T18:48:05Z,2026-08-17T18:48:05Z,
24.23.125.83,ipv4,attack,high,WHITE,blocklist.de/all|blocklist.de/mail|ziyadnz/hourly-ipv4,blocklist.de|brute-force|apache|rfi|ddos|spam|mail|ziyadnz|hourly,2026-08-17T18:48:05Z,2026-08-17T18:48:05Z,
24.234.239.57,ipv4,attack,high,WHITE,blocklist.de/all|blocklist.de/mail|ziyadnz/hourly-ipv4,blocklist.de|brute-force|apache|rfi|ddos|spam|mail|ziyadnz|hourly,2026-08-17T18:48:05Z,2026-08-17T18:48:05Z,
24.97.253.246,ipv4,attack,high,WHITE,blocklist.de/all|blocklist.de/mail|ziyadnz/hourly-ipv4,blocklist.de|brute-force|apache|rfi|ddos|spam|mail|ziyadnz|hourly,2026-08-17T18:48:05Z,2026-08-17T18:48:05Z,
24.98.45.238,ipv4,attack,high,WHITE,blocklist.de/all|blocklist.de/mail|ziyadnz/hourly-ipv4,blocklist.de|brute-force|apache|rfi|ddos|spam|mail|ziyadnz|hourly,2026-08-17T18:48:05Z,2026-08-17T18:48:05Z,
2400:6180:0:d2:0:3:1743:d000,ipv4,attack,medium,WHITE,blocklist.de/all|blocklist.de/apache,blocklist.de|brute-force|apache|rfi|ddos|spam|mail|ziyadnz|hourly,2026-08-17T18:48:05Z,2026-08-17T18:48:05Z,
2400:cb00:1023:1000:436d:333d:aba2:e0b7,ipv4,attack,medium,WHITE,blocklist.de/all|blocklist.de/apache,blocklist.de|brute-force|apache|rfi|ddos|spam|mail|ziyadnz|hourly,2026-08-17T18:48:05Z,2026-08-17T18:48:05Z,
2400:cb00:1023:1000:fc16:24e4:a048:dd10,ipv4,attack,medium,WHITE,blocklist.de/all|blocklist.de/apache,blocklist.de|brute-force|apache|rfi|ddos|spam|mail|ziyadnz|hourly,2026-08-17T18:48:05Z,2026-08-17T18:48:05Z,
2400:cb00:1024:1000:6506:3e6e:bf50:4ea6,ipv4,attack,medium,WHITE,blocklist.de/all|blocklist.de/apache,blocklist.de|brute-force|apache|rfi|ddos|spam|mail|ziyadnz|hourly,2026-08-17T18:48:05Z,2026-08-17T18:48:05Z,
2400:cb00:1024:1000:e65b:1ea1:304f:aee1,ipv4,attack,medium,WHITE,blocklist.de/all|blocklist.de/apache,blocklist.de|brute-force|apache|rfi|ddos|spam|mail|ziyadnz|hourly,2026-08-17T18:48:05Z,2026-08-17T18:48:05Z,
2400:cb00:1026:1000:8c2e:30c8:2ee:4afc,ipv4,attack,medium,WHITE,blocklist.de/all|blocklist.de/apache,blocklist.de|brute-force|apache|rfi|ddos|spam|mail|ziyadnz|hourly,2026-08-17T18:48:05Z,2026-08-17T18:48:05Z,
2400:cb00:1026:1000:a80f:fb5e:8515:21c2,ipv4,attack,medium,WHITE,blocklist.de/all|blocklist.de/apache,blocklist.de|brute-force|apache|rfi|ddos|spam|mail|ziyadnz|hourly,2026-08-17T18:48:05Z,2026-08-17T18:48:05Z,
2400:cb00:1031:1000:7fbc:8a4:7834:2e9d,ipv4,attack,medium,WHITE,blocklist.de/all|blocklist.de/apache,blocklist.de|brute-force|apache|rfi|ddos|spam|mail|ziyadnz|hourly,2026-08-17T18:48:05Z,2026-08-17T18:48:05Z,
2400:cb00:1031:1000:ff2a:e45f:f5c6:b704,ipv4,attack,medium,WHITE,blocklist.de/all|blocklist.de/apache,blocklist.de|brute-force|apache|rfi|ddos|spam|mail|ziyadnz|hourly,2026-08-17T18:48:05Z,2026-08-17T18:48:05Z,
2400:cb00:1058:1000:3fe8:1ca:96df:580a,ipv4,attack,medium,WHITE,blocklist.de/all|blocklist.de/apache,blocklist.de|brute-force|apache|rfi|ddos|spam|mail|ziyadnz|hourly,2026-08-17T18:48:05Z,2026-08-17T18:48:05Z,
2400:cb00:1058:1000:7ab6:6613:b470:9292,ipv4,attack,medium,WHITE,blocklist.de/all|blocklist.de/apache,blocklist.de|brute-force|apache|rfi|ddos|spam|mail|ziyadnz|hourly,2026-08-17T18:48:05Z,2026-08-17T18:48:05Z,
2400:cb00:1058:1000:8f9f:f5f6:d2d3:9053,ipv4,attack,medium,WHITE,blocklist.de/all|blocklist.de/apache,blocklist.de|brute-force|apache|rfi|ddos|spam|mail|ziyadnz|hourly,2026-08-17T18:48:05Z,2026-08-17T18:48:05Z,
2400:cb00:1231:1000:1587:562e:5d79:cccf,ipv4,attack,medium,WHITE,blocklist.de/all|blocklist.de/apache,blocklist.de|brute-force|apache|rfi|ddos|spam|mail|ziyadnz|hourly,2026-08-17T18:48:05Z,2026-08-17T18:48:05Z,
2400:cb00:1231:1000:4cb7:26f1:f139:5051,ipv4,attack,medium,WHITE,blocklist.de/all|blocklist.de/apache,blocklist.de|brute-force|apache|rfi|ddos|spam|mail|ziyadnz|hourly,2026-08-17T18:48:05Z,2026-08-17T18:48:05Z,
2400:cb00:1233:1000:9d63:eef2:9356:3583,ipv4,attack,medium,WHITE,blocklist.de/all|blocklist.de/apache,blocklist.de|brute-force|apache|rfi|ddos|spam|mail|ziyadnz|hourly,2026-08-17T18:48:05Z,2026-08-17T18:48:05Z,
2400:cb00:1233:1000:fef1:7450:f4f1:e399,ipv4,attack,medium,WHITE,blocklist.de/all|blocklist.de/apache,blocklist.de|brute-force|apache|rfi|ddos|spam|mail|ziyadnz|hourly,2026-08-17T18:48:05Z,2026-08-17T18:48:05Z,
2400:cb00:128:1000:fc22:1f2:5612:2646,ipv4,attack,medium,WHITE,blocklist.de/all|blocklist.de/apache,blocklist.de|brute-force|apache|rfi|ddos|spam|mail|ziyadnz|hourly,2026-08-17T18:48:05Z,2026-08-17T18:48:05Z,
2400:cb00:1293:1000:66d4:2482:d58e:232e,ipv4,attack,medium,WHITE,blocklist.de/all|blocklist.de/apache,blocklist.de|brute-force|apache|rfi|ddos|spam|mail|ziyadnz|hourly,2026-08-17T18:48:05Z,2026-08-17T18:48:05Z,
2400:cb00:1293:1000:c306:c55d:fbb6:cc86,ipv4,attack,medium,WHITE,blocklist.de/all|blocklist.de/apache,blocklist.de|brute-force|apache|rfi|ddos|spam|mail|ziyadnz|hourly,2026-08-17T18:48:05Z,2026-08-17T18:48:05Z,
2400:cb00:350:1000:91a1:c2fc:5da6:3d2f,ipv4,attack,medium,WHITE,blocklist.de/all|blocklist.de/apache,blocklist.de|brute-force|apache|rfi|ddos|spam|mail|ziyadnz|hourly,2026-08-17T18:48:05Z,2026-08-17T18:48:05Z,
2400:cb00:455:1000:4302:7fd5:a50d:b0b,ipv4,attack,medium,WHITE,blocklist.de/all|blocklist.de/apache,blocklist.de|brute-force|apache|rfi|ddos|spam|mail|ziyadnz|hourly,2026-08-17T18:48:05Z,2026-08-17T18:48:05Z,
2400:cb00:455:1000:fa5:15f0:b192:3c5e,ipv4,attack,medium,WHITE,blocklist.de/all|blocklist.de/apache,blocklist.de|brute-force|apache|rfi|ddos|spam|mail|ziyadnz|hourly,2026-08-17T18:48:05Z,2026-08-17T18:48:05Z,
2400:cb00:572:1000:6b1b:964:7cae:dc3,ipv4,attack,medium,WHITE,blocklist.de/all|blocklist.de/apache,blocklist.de|brute-force|apache|rfi|ddos|spam|mail|ziyadnz|hourly,2026-08-17T18:48:05Z,2026-08-17T18:48:05Z,
2400:cb00:581:1000:2f25:b67e:936a:911,ipv4,attack,medium,WHITE,blocklist.de/all|blocklist.de/apache,blocklist.de|brute-force|apache|rfi|ddos|spam|mail|ziyadnz|hourly,2026-08-17T18:48:05Z,2026-08-17T18:48:05Z,
2400:cb00:583:1000:1587:908a:6a73:507a,ipv4,attack,medium,WHITE,blocklist.de/all|blocklist.de/apache,blocklist.de|brute-force|apache|rfi|ddos|spam|mail|ziyadnz|hourly,2026-08-17T18:48:05Z,2026-08-17T18:48:05Z,
2400:cb00:641:1000:1e0b:fc38:d7c6:f66a,ipv4,attack,medium,WHITE,blocklist.de/all|blocklist.de/apache,blocklist.de|brute-force|apache|rfi|ddos|spam|mail|ziyadnz|hourly,2026-08-17T18:48:05Z,2026-08-17T18:48:05Z,
2400:cb00:641:1000:bdb0:873:90e0:eb30,ipv4,attack,medium,WHITE,blocklist.de/all|blocklist.de/apache,blocklist.de|brute-force|apache|rfi|ddos|spam|mail|ziyadnz|hourly,2026-08-17T18:48:05Z,2026-08-17T18:48:05Z,
2400:cb00:677:1000:4328:6144:b624:6c1b,ipv4,attack,medium,WHITE,blocklist.de/all|blocklist.de/apache,blocklist.de|brute-force|apache|rfi|ddos|spam|mail|ziyadnz|hourly,2026-08-17T18:48:05Z,2026-08-17T18:48:05Z,
2400:cb00:677:1000:83f8:8d12:4bc8:a51,ipv4,attack,medium,WHITE,blocklist.de/all|blocklist.de/apache,blocklist.de|brute-force|apache|rfi|ddos|spam|mail|ziyadnz|hourly,2026-08-17T18:48:05Z,2026-08-17T18:48:05Z,
2400:cb00:719:1000:3574:e39f:af26:6af5,ipv4,attack,medium,WHITE,blocklist.de/all|blocklist.de/apache,blocklist.de|brute-force|apache|rfi|ddos|spam|mail|ziyadnz|hourly,2026-08-17T18:48:05Z,2026-08-17T18:48:05Z,
2400:cb00:719:1000:6ab:4766:cc64:9d2c,ipv4,attack,medium,WHITE,blocklist.de/all|blocklist.de/apache,blocklist.de|brute-force|apache|rfi|ddos|spam|mail|ziyadnz|hourly,2026-08-17T18:48:05Z,2026-08-17T18:48:05Z,
2400:cb00:768:1000:1f04:7cf2:f610:1fcb,ipv4,attack,medium,WHITE,blocklist.de/all|blocklist.de/apache,blocklist.de|brute-force|apache|rfi|ddos|spam|mail|ziyadnz|hourly,2026-08-17T18:48:05Z,2026-08-17T18:48:05Z,
2400:cb00:768:1000:986c:22d1:62b4:d7b9,ipv4,attack,medium,WHITE,blocklist.de/all|blocklist.de/apache,blocklist.de|brute-force|apache|rfi|ddos|spam|mail|ziyadnz|hourly,2026-08-17T18:48:05Z,2026-08-17T18:48:05Z,
2400:cb00:786:1000:bb78:c666:77c3:4693,ipv4,attack,medium,WHITE,blocklist.de/all|blocklist.de/apache,blocklist.de|brute-force|apache|rfi|ddos|spam|mail|ziyadnz|hourly,2026-08-17T18:48:05Z,2026-08-17T18:48:05Z,
2400:cb00:925:1000:657f:2cc7:a473:456a,ipv4,attack,medium,WHITE,blocklist.de/all|blocklist.de/apache,blocklist.de|brute-force|apache|rfi|ddos|spam|mail|ziyadnz|hourly,2026-08-17T18:48:05Z,2026-08-17T18:48:05Z,
2400:cb00:975:1000:18d7:276a:c11c:7d7c,ipv4,attack,medium,WHITE,blocklist.de/all|blocklist.de/apache,blocklist.de|brute-force|apache|rfi|ddos|spam|mail|ziyadnz|hourly,2026-08-17T18:48:05Z,2026-08-17T18:48:05Z,
2400:cb00:978:1000:62f:10b3:33db:7e5f,ipv4,attack,medium,WHITE,blocklist.de/all|blocklist.de/apache,blocklist.de|brute-force|apache|rfi|ddos|spam|mail|ziyadnz|hourly,2026-08-17T18:48:05Z,2026-08-17T18:48:05Z,
2400:cb00:978:1000:b225:66a9:548f:e0e7,ipv4,attack,medium,WHITE,blocklist.de/all|blocklist.de/apache,blocklist.de|brute-force|apache|rfi|ddos|spam|mail|ziyadnz|hourly,2026-08-17T18:48:05Z,2026-08-17T18:48:05Z,
2401:e320:611:fb08:48d:bf7c:11ea:b9a6,ipv4,attack,medium,WHITE,blocklist.de/all|blocklist.de/apache,blocklist.de|brute-force|apache|rfi|ddos|spam|mail|ziyadnz|hourly,2026-08-17T18:48:05Z,2026-08-17T18:48:05Z,
2407:6ac0:4:1:4:4321:528b:1,ipv4,attack,medium,WHITE,blocklist.de/all|blocklist.de/apache,blocklist.de|brute-force|apache|rfi|ddos|spam|mail|ziyadnz|hourly,2026-08-17T18:48:05Z,2026-08-17T18:48:05Z,
2600:1900:4090:23f:0:260:0:7,ipv4,attack,medium,WHITE,blocklist.de/all|blocklist.de/mail,blocklist.de|brute-force|apache|rfi|ddos|spam|mail|ziyadnz|hourly,2026-08-17T18:48:05Z,2026-08-17T18:48:05Z,
2600:1900:4090:23f:0:261:0:2,ipv4,attack,medium,WHITE,blocklist.de/all|blocklist.de/mail,blocklist.de|brute-force|apache|rfi|ddos|spam|mail|ziyadnz|hourly,2026-08-17T18:48:05Z,2026-08-17T18:48:05Z,
2600:1f11:a34:5500:c83d:1f20:3e6:3e45,ipv4,attack,medium,WHITE,blocklist.de/all|blocklist.de/apache,blocklist.de|brute-force|apache|rfi|ddos|spam|mail|ziyadnz|hourly,2026-08-17T18:48:05Z,2026-08-17T18:48:05Z,
2600:3c01::2000:aff:fe8e:dae7,ipv4,attack,medium,WHITE,blocklist.de/all|blocklist.de/apache,blocklist.de|brute-force|apache|rfi|ddos|spam|mail|ziyadnz|hourly,2026-08-17T18:48:05Z,2026-08-17T18:48:05Z,
2600:3c03::2000:11ff:fe01:30d4,ipv4,attack,medium,WHITE,blocklist.de/all|blocklist.de/apache,blocklist.de|brute-force|apache|rfi|ddos|spam|mail|ziyadnz|hourly,2026-08-17T18:48:05Z,2026-08-17T18:48:05Z,
2602:80d:1003::f,ipv4,attack,medium,WHITE,blocklist.de/all|blocklist.de/apache,blocklist.de|brute-force|apache|rfi|ddos|spam|mail|ziyadnz|hourly,2026-08-17T18:48:05Z,2026-08-17T18:48:05Z,
2604:a880:800:14:0:3:5cdf:3000,ipv4,attack,medium,WHITE,blocklist.de/all|blocklist.de/apache,blocklist.de|brute-force|apache|rfi|ddos|spam|mail|ziyadnz|hourly,2026-08-17T18:48:05Z,2026-08-17T18:48:05Z,
2604:a880:800:14:0:3:5e4c:3000,ipv4,attack,medium,WHITE,blocklist.de/all|blocklist.de/apache,blocklist.de|brute-force|apache|rfi|ddos|spam|mail|ziyadnz|hourly,2026-08-17T18:48:05Z,2026-08-17T18:48:05Z,
27.123.109.22,ipv4,attack,high,WHITE,blocklist.de/all|blocklist.de/mail|ziyadnz/hourly-ipv4,blocklist.de|brute-force|apache|rfi|ddos|spam|mail|ziyadnz|hourly,2026-08-17T18:48:05Z,2026-08-17T18:48:05Z,
27.123.113.30,ipv4,attack,high,WHITE,blocklist.de/all|blocklist.de/mail|ziyadnz/hourly-ipv4,blocklist.de|brute-force|apache|rfi|ddos|spam|mail|ziyadnz|hourly,2026-08-17T18:48:05Z,2026-08-17T18:48:05Z,
27.123.94.66,ipv4,attack,high,WHITE,blocklist.de/all|blocklist.de/mail|ziyadnz/hourly-ipv4,blocklist.de|brute-force|apache|rfi|ddos|spam|mail|ziyadnz|hourly,2026-08-17T18:48:05Z,2026-08-17T18:48:05Z,
27.123.98.22,ipv4,attack,high,WHITE,blocklist.de/all|blocklist.de/mail|ziyadnz/hourly-ipv4,blocklist.de|brute-force|apache|rfi|ddos|spam|mail|ziyadnz|hourly,2026-08-17T18:48:05Z,2026-08-17T18:48:05Z,
27.223.98.117,ipv4,attack,high,WHITE,blocklist.de/all|blocklist.de/mail|ziyadnz/hourly-ipv4,blocklist.de|brute-force|apache|rfi|ddos|spam|mail|ziyadnz|hourly,2026-08-17T18:48:05Z,2026-08-17T18:48:05Z,
27.252.177.148,ipv4,attack,high,WHITE,blocklist.de/all|blocklist.de/mail|ziyadnz/hourly-ipv4,blocklist.de|brute-force|apache|rfi|ddos|spam|mail|ziyadnz|hourly,2026-08-17T18:48:05Z,2026-08-17T18:48:05Z,
27.66.252.74,ipv4,attack,high,WHITE,blocklist.de/all|blocklist.de/mail|ziyadnz/hourly-ipv4,blocklist.de|brute-force|apache|rfi|ddos|spam|mail|ziyadnz|hourly,2026-08-17T18:48:05Z,2026-08-17T18:48:05Z,
27.72.151.114,ipv4,attack,high,WHITE,blocklist.de/all|blocklist.de/mail|ziyadnz/hourly-ipv4,blocklist.de|brute-force|apache|rfi|ddos|spam|mail|ziyadnz|hourly,2026-08-17T18:48:05Z,2026-08-17T18:48:05Z,
2a00:1450:4864:20::534,ipv4,attack,medium,WHITE,blocklist.de/all|blocklist.de/mail,blocklist.de|brute-force|apache|rfi|ddos|spam|mail|ziyadnz|hourly,2026-08-17T18:48:05Z,2026-08-17T18:48:05Z,
2a01:4f9:c014:c572::1,ipv4,attack,medium,WHITE,blocklist.de/all|blocklist.de/mail,blocklist.de|brute-force|apache|rfi|ddos|spam|mail|ziyadnz|hourly,2026-08-17T18:48:05Z,2026-08-17T18:48:05Z,
2a01:8640:11:1::2f46:c26c,ipv4,attack,medium,WHITE,blocklist.de/all|blocklist.de/mail,blocklist.de|brute-force|apache|rfi|ddos|spam|mail|ziyadnz|hourly,2026-08-17T18:48:05Z,2026-08-17T18:48:05Z,
2a02:4780:11:778:0:3308:5603:1,ipv4,attack,medium,WHITE,blocklist.de/all|blocklist.de/apache,blocklist.de|brute-force|apache|rfi|ddos|spam|mail|ziyadnz|hourly,2026-08-17T18:48:05Z,2026-08-17T18:48:05Z,
2a06:9801:283:0:5054:ff:fe74:2782,ipv4,attack,medium,WHITE,blocklist.de/all|blocklist.de/apache,blocklist.de|brute-force|apache|rfi|ddos|spam|mail|ziyadnz|hourly,2026-08-17T18:48:05Z,2026-08-17T18:48:05Z,
2a06:dd00:1:4::2cd1,ipv4,attack,medium,WHITE,blocklist.de/all|blocklist.de/mail,blocklist.de|brute-force|apache|rfi|ddos|spam|mail|ziyadnz|hourly,2026-08-17T18:48:05Z,2026-08-17T18:48:05Z,
2a09:bac1:28a0:130::3d8:46,ipv4,attack,medium,WHITE,blocklist.de/all|blocklist.de/apache,blocklist.de|brute-force|apache|rfi|ddos|spam|mail|ziyadnz|hourly,2026-08-17T18:48:05Z,2026-08-17T18:48:05Z,
2a09:bac5:385a:d2::15:3f3,ipv4,attack,medium,WHITE,blocklist.de/all|blocklist.de/apache,blocklist.de|brute-force|apache|rfi|ddos|spam|mail|ziyadnz|hourly,2026-08-17T18:48:05Z,2026-08-17T18:48:05Z,
3.15.40.143,ipv4,attack,high,WHITE,blocklist.de/all|blocklist.de/apache|ziyadnz/hourly-ipv4,blocklist.de|brute-force|apache|rfi|ddos|spam|mail|ziyadnz|hourly,2026-08-17T18:48:05Z,2026-08-17T18:48:05Z,
3.236.174.174,ipv4,attack,high,WHITE,blocklist.de/all|blocklist.de/apache|ziyadnz/hourly-ipv4,blocklist.de|brute-force|apache|rfi|ddos|spam|mail|ziyadnz|hourly,2026-08-17T18:48:05Z,2026-08-17T18:48:05Z,
3.8.147.100,ipv4,attack,high,WHITE,blocklist.de/all|blocklist.de/apache|ziyadnz/hourly-ipv4,blocklist.de|brute-force|apache|rfi|ddos|spam|mail|ziyadnz|hourly,2026-08-17T18:48:05Z,2026-08-17T18:48:05Z,
3.85.28.104,ipv4,attack,high,WHITE,blocklist.de/all|blocklist.de/apache|ziyadnz/hourly-ipv4,blocklist.de|brute-force|apache|rfi|ddos|spam|mail|ziyadnz|hourly,2026-08-17T18:48:05Z,2026-08-17T18:48:05Z,
31.130.35.29,ipv4,attack,high,WHITE,blocklist.de/all|blocklist.de/mail|ziyadnz/hourly-ipv4,blocklist.de|brute-force|apache|rfi|ddos|spam|mail|ziyadnz|hourly,2026-08-17T18:48:05Z,2026-08-17T18:48:05Z,
31.141.216.143,ipv4,attack,high,WHITE,blocklist.de/all|blocklist.de/mail|ziyadnz/hourly-ipv4,blocklist.de|brute-force|apache|rfi|ddos|spam|mail|ziyadnz|hourly,2026-08-17T18:48:05Z,2026-08-17T18:48:05Z,
31.173.31.59,ipv4,attack,high,WHITE,blocklist.de/all|blocklist.de/mail|ziyadnz/hourly-ipv4,blocklist.de|brute-force|apache|rfi|ddos|spam|mail|ziyadnz|hourly,2026-08-17T18:48:05Z,2026-08-17T18:48:05Z,
31.173.4.22,ipv4,attack,high,WHITE,blocklist.de/all|blocklist.de/mail|ziyadnz/hourly-ipv4,blocklist.de|brute-force|apache|rfi|ddos|spam|mail|ziyadnz|hourly,2026-08-17T18:48:05Z,2026-08-17T18:48:05Z,
31.173.67.146,ipv4,attack,high,WHITE,blocklist.de/all|blocklist.de/mail|ziyadnz/hourly-ipv4,blocklist.de|brute-force|apache|rfi|ddos|spam|mail|ziyadnz|hourly,2026-08-17T18:48:05Z,2026-08-17T18:48:05Z,
31.173.8.170,ipv4,attack,high,WHITE,blocklist.de/all|blocklist.de/mail|ziyadnz/hourly-ipv4,blocklist.de|brute-force|apache|rfi|ddos|spam|mail|ziyadnz|hourly,2026-08-17T18:48:05Z,2026-08-17T18:48:05Z,
31.190.186.213,ipv4,attack,high,WHITE,blocklist.de/all|blocklist.de/mail|ziyadnz/hourly-ipv4,blocklist.de|brute-force|apache|rfi|ddos|spam|mail|ziyadnz|hourly,2026-08-17T18:48:05Z,2026-08-17T18:48:05Z,
31.208.108.219,ipv4,attack,high,WHITE,blocklist.de/all|blocklist.de/mail|ziyadnz/hourly-ipv4,blocklist.de|brute-force|apache|rfi|ddos|spam|mail|ziyadnz|hourly,2026-08-17T18:48:05Z,2026-08-17T18:48:05Z,
31.41.81.65,ipv4,attack,high,WHITE,blocklist.de/all|blocklist.de/mail|ziyadnz/hourly-ipv4,blocklist.de|brute-force|apache|rfi|ddos|spam|mail|ziyadnz|hourly,2026-08-17T18:48:05Z,2026-08-17T18:48:05Z,
31.41.84.60,ipv4,attack,high,WHITE,blocklist.de/all|blocklist.de/mail|ziyadnz/hourly-ipv4,blocklist.de|brute-force|apache|rfi|ddos|spam|mail|ziyadnz|hourly,2026-08-17T18:48:05Z,2026-08-17T18:48:05Z,
31.41.84.98,ipv4,attack,high,WHITE,blocklist.de/all|blocklist.de/mail|ziyadnz/hourly-ipv4,blocklist.de|brute-force|apache|rfi|ddos|spam|mail|ziyadnz|hourly,2026-08-17T18:48:05Z,2026-08-17T18:48:05Z,
31.56.58.43,ipv4,attack,high,WHITE,blocklist.de/all|blocklist.de/apache|ziyadnz/hourly-ipv4,blocklist.de|brute-force|apache|rfi|ddos|spam|mail|ziyadnz|hourly,2026-08-17T18:48:05Z,2026-08-17T18:48:05Z,
31.57.184.56,ipv4,attack,high,WHITE,blocklist.de/all|blocklist.de/mail|ziyadnz/hourly-ipv4,blocklist.de|brute-force|apache|rfi|ddos|spam|mail|ziyadnz|hourly,2026-08-17T18:48:05Z,2026-08-17T18:48:05Z,
31.70.107.46,ipv4,attack,high,WHITE,blocklist.de/all|blocklist.de/mail|ziyadnz/hourly-ipv4,blocklist.de|brute-force|apache|rfi|ddos|spam|mail|ziyadnz|hourly,2026-08-17T18:48:05Z,2026-08-17T18:48:05Z,
31.70.83.197,ipv4,attack,high,WHITE,blocklist.de/all|blocklist.de/mail|ziyadnz/hourly-ipv4,blocklist.de|brute-force|apache|rfi|ddos|spam|mail|ziyadnz|hourly,2026-08-17T18:48:05Z,2026-08-17T18:48:05Z,
34.11.128.217,ipv4,attack,high,WHITE,blocklist.de/all|blocklist.de/apache|ziyadnz/hourly-ipv4,blocklist.de|brute-force|apache|rfi|ddos|spam|mail|ziyadnz|hourly,2026-08-17T18:48:05Z,2026-08-17T18:48:05Z,
34.118.254.157,ipv4,attack,high,WHITE,blocklist.de/all|blocklist.de/mail|ziyadnz/hourly-ipv4,blocklist.de|brute-force|apache|rfi|ddos|spam|mail|ziyadnz|hourly,2026-08-17T18:48:05Z,2026-08-17T18:48:05Z,
34.12.129.44,ipv4,attack,high,WHITE,blocklist.de/all|blocklist.de/apache|ziyadnz/hourly-ipv4,blocklist.de|brute-force|apache|rfi|ddos|spam|mail|ziyadnz|hourly,2026-08-17T18:48:05Z,2026-08-17T18:48:05Z,
34.123.140.126,ipv4,attack,high,WHITE,blocklist.de/all|blocklist.de/apache|ziyadnz/hourly-ipv4,blocklist.de|brute-force|apache|rfi|ddos|spam|mail|ziyadnz|hourly,2026-08-17T18:48:05Z,2026-08-17T18:48:05Z,
34.124.160.48,ipv4,attack,high,WHITE,blocklist.de/all|blocklist.de/apache|ziyadnz/hourly-ipv4,blocklist.de|brute-force|apache|rfi|ddos|spam|mail|ziyadnz|hourly,2026-08-17T18:48:05Z,2026-08-17T18:48:05Z,
34.124.190.190,ipv4,attack,high,WHITE,blocklist.de/all|blocklist.de/apache|ziyadnz/hourly-ipv4,blocklist.de|brute-force|apache|rfi|ddos|spam|mail|ziyadnz|hourly,2026-08-17T18:48:05Z,2026-08-17T18:48:05Z,
34.124.221.88,ipv4,attack,high,WHITE,blocklist.de/all|blocklist.de/apache|ziyadnz/hourly-ipv4,blocklist.de|brute-force|apache|rfi|ddos|spam|mail|ziyadnz|hourly,2026-08-17T18:48:05Z,2026-08-17T18:48:05Z,
34.125.18.152,ipv4,attack,high,WHITE,blocklist.de/all|blocklist.de/apache|ziyadnz/hourly-ipv4,blocklist.de|brute-force|apache|rfi|ddos|spam|mail|ziyadnz|hourly,2026-08-17T18:48:05Z,2026-08-17T18:48:05Z,
34.126.152.168,ipv4,attack,high,WHITE,blocklist.de/all|blocklist.de/apache|ziyadnz/hourly-ipv4,blocklist.de|brute-force|apache|rfi|ddos|spam|mail|ziyadnz|hourly,2026-08-17T18:48:05Z,2026-08-17T18:48:05Z,
34.133.77.86,ipv4,attack,high,WHITE,blocklist.de/all|blocklist.de/apache|ziyadnz/hourly-ipv4,blocklist.de|brute-force|apache|rfi|ddos|spam|mail|ziyadnz|hourly,2026-08-17T18:48:05Z,2026-08-17T18:48:05Z,
34.138.179.39,ipv4,attack,high,WHITE,blocklist.de/all|blocklist.de/apache|ziyadnz/hourly-ipv4,blocklist.de|brute-force|apache|rfi|ddos|spam|mail|ziyadnz|hourly,2026-08-17T18:48:05Z,2026-08-17T18:48:05Z,
34.138.182.155,ipv4,attack,high,WHITE,blocklist.de/all|blocklist.de/apache|ziyadnz/hourly-ipv4,blocklist.de|brute-force|apache|rfi|ddos|spam|mail|ziyadnz|hourly,2026-08-17T18:48:05Z,2026-08-17T18:48:05Z,
34.139.163.59,ipv4,attack,high,WHITE,blocklist.de/all|blocklist.de/apache|ziyadnz/hourly-ipv4,blocklist.de|brute-force|apache|rfi|ddos|spam|mail|ziyadnz|hourly,2026-08-17T18:48:05Z,2026-08-17T18:48:05Z,
34.140.120.159,ipv4,attack,high,WHITE,blocklist.de/all|blocklist.de/apache|ziyadnz/hourly-ipv4,blocklist.de|brute-force|apache|rfi|ddos|spam|mail|ziyadnz|hourly,2026-08-17T18:48:05Z,2026-08-17T18:48:05Z,
34.140.52.102,ipv4,attack,medium,WHITE,blocklist.de/all|ziyadnz/hourly-ipv4,blocklist.de|brute-force|apache|rfi|ddos|spam|mail|ziyadnz|hourly,2026-08-17T18:48:05Z,2026-08-17T18:48:05Z,
34.142.131.169,ipv4,attack,high,WHITE,blocklist.de/all|blocklist.de/apache|ziyadnz/hourly-ipv4,blocklist.de|brute-force|apache|rfi|ddos|spam|mail|ziyadnz|hourly,2026-08-17T18:48:05Z,2026-08-17T18:48:05Z,
34.142.212.187,ipv4,attack,high,WHITE,blocklist.de/all|blocklist.de/apache|ziyadnz/hourly-ipv4,blocklist.de|brute-force|apache|rfi|ddos|spam|mail|ziyadnz|hourly,2026-08-17T18:48:05Z,2026-08-17T18:48:05Z,
34.146.217.105,ipv4,attack,high,WHITE,blocklist.de/all|blocklist.de/mail|ziyadnz/hourly-ipv4,blocklist.de|brute-force|apache|rfi|ddos|spam|mail|ziyadnz|hourly,2026-08-17T18:48:05Z,2026-08-17T18:48:05Z,
34.146.248.7,ipv4,attack,high,WHITE,blocklist.de/all|blocklist.de/mail|ziyadnz/hourly-ipv4,blocklist.de|brute-force|apache|rfi|ddos|spam|mail|ziyadnz|hourly,2026-08-17T18:48:05Z,2026-08-17T18:48:05Z,
34.148.173.202,ipv4,attack,high,WHITE,blocklist.de/all|blocklist.de/apache|ziyadnz/hourly-ipv4,blocklist.de|brute-force|apache|rfi|ddos|spam|mail|ziyadnz|hourly,2026-08-17T18:48:05Z,2026-08-17T18:48:05Z,
34.155.58.180,ipv4,attack,high,WHITE,blocklist.de/all|blocklist.de/mail|ziyadnz/hourly-ipv4,blocklist.de|brute-force|apache|rfi|ddos|spam|mail|ziyadnz|hourly,2026-08-17T18:48:05Z,2026-08-17T18:48:05Z,
34.156.121.81,ipv4,attack,high,WHITE,blocklist.de/all|blocklist.de/apache|ziyadnz/hourly-ipv4,blocklist.de|brute-force|apache|rfi|ddos|spam|mail|ziyadnz|hourly,2026-08-17T18:48:05Z,2026-08-17T18:48:05Z,
34.162.153.148,ipv4,attack,high,WHITE,blocklist.de/all|blocklist.de/apache|ziyadnz/hourly-ipv4,blocklist.de|brute-force|apache|rfi|ddos|spam|mail|ziyadnz|hourly,2026-08-17T18:48:05Z,2026-08-17T18:48:05Z,
34.168.246.216,ipv4,attack,high,WHITE,blocklist.de/all|blocklist.de/apache|ziyadnz/hourly-ipv4,blocklist.de|brute-force|apache|rfi|ddos|spam|mail|ziyadnz|hourly,2026-08-17T18:48:05Z,2026-08-17T18:48:05Z,
34.169.141.118,ipv4,attack,high,WHITE,blocklist.de/all|blocklist.de/apache|ziyadnz/hourly-ipv4,blocklist.de|brute-force|apache|rfi|ddos|spam|mail|ziyadnz|hourly,2026-08-17T18:48:05Z,2026-08-17T18:48:05Z,
34.169.37.73,ipv4,attack,high,WHITE,blocklist.de/all|blocklist.de/apache|ziyadnz/hourly-ipv4,blocklist.de|brute-force|apache|rfi|ddos|spam|mail|ziyadnz|hourly,2026-08-17T18:48:05Z,2026-08-17T18:48:05Z,
34.175.19.199,ipv4,attack,high,WHITE,blocklist.de/all|blocklist.de/mail|ziyadnz/hourly-ipv4,blocklist.de|brute-force|apache|rfi|ddos|spam|mail|ziyadnz|hourly,2026-08-17T18:48:05Z,2026-08-17T18:48:05Z,
34.182.169.170,ipv4,attack,high,WHITE,blocklist.de/all|blocklist.de/apache|ziyadnz/hourly-ipv4,blocklist.de|brute-force|apache|rfi|ddos|spam|mail|ziyadnz|hourly,2026-08-17T18:48:05Z,2026-08-17T18:48:05Z,
34.182.73.145,ipv4,attack,high,WHITE,blocklist.de/all|blocklist.de/apache|ziyadnz/hourly-ipv4,blocklist.de|brute-force|apache|rfi|ddos|spam|mail|ziyadnz|hourly,2026-08-17T18:48:05Z,2026-08-17T18:48:05Z,
34.187.136.121,ipv4,attack,high,WHITE,blocklist.de/all|blocklist.de/apache|ziyadnz/hourly-ipv4,blocklist.de|brute-force|apache|rfi|ddos|spam|mail|ziyadnz|hourly,2026-08-17T18:48:05Z,2026-08-17T18:48:05Z,
34.19.183.214,ipv4,attack,high,WHITE,blocklist.de/all|blocklist.de/apache|ziyadnz/hourly-ipv4,blocklist.de|brute-force|apache|rfi|ddos|spam|mail|ziyadnz|hourly,2026-08-17T18:48:05Z,2026-08-17T18:48:05Z,
34.21.140.50,ipv4,attack,high,WHITE,blocklist.de/all|blocklist.de/apache|ziyadnz/hourly-ipv4,blocklist.de|brute-force|apache|rfi|ddos|spam|mail|ziyadnz|hourly,2026-08-17T18:48:05Z,2026-08-17T18:48:05Z,
34.21.224.80,ipv4,attack,high,WHITE,blocklist.de/all|blocklist.de/apache|ziyadnz/hourly-ipv4,blocklist.de|brute-force|apache|rfi|ddos|spam|mail|ziyadnz|hourly,2026-08-17T18:48:05Z,2026-08-17T18:48:05Z,
34.21.249.223,ipv4,attack,high,WHITE,blocklist.de/all|blocklist.de/apache|ziyadnz/hourly-ipv4,blocklist.de|brute-force|apache|rfi|ddos|spam|mail|ziyadnz|hourly,2026-08-17T18:48:05Z,2026-08-17T18:48:05Z,
34.21.251.128,ipv4,attack,high,WHITE,blocklist.de/all|blocklist.de/apache|ziyadnz/hourly-ipv4,blocklist.de|brute-force|apache|rfi|ddos|spam|mail|ziyadnz|hourly,2026-08-17T18:48:05Z,2026-08-17T18:48:05Z,
34.21.95.92,ipv4,attack,high,WHITE,blocklist.de/all|blocklist.de/apache|ziyadnz/hourly-ipv4,blocklist.de|brute-force|apache|rfi|ddos|spam|mail|ziyadnz|hourly,2026-08-17T18:48:05Z,2026-08-17T18:48:05Z,
34.219.229.137,ipv4,attack,high,WHITE,blocklist.de/all|blocklist.de/apache|ziyadnz/hourly-ipv4,blocklist.de|brute-force|apache|rfi|ddos|spam|mail|ziyadnz|hourly,2026-08-17T18:48:05Z,2026-08-17T18:48:05Z,
34.22.122.157,ipv4,attack,high,WHITE,blocklist.de/all|blocklist.de/apache|ziyadnz/hourly-ipv4,blocklist.de|brute-force|apache|rfi|ddos|spam|mail|ziyadnz|hourly,2026-08-17T18:48:05Z,2026-08-17T18:48:05Z,
34.23.127.191,ipv4,attack,high,WHITE,blocklist.de/all|blocklist.de/apache|ziyadnz/hourly-ipv4,blocklist.de|brute-force|apache|rfi|ddos|spam|mail|ziyadnz|hourly,2026-08-17T18:48:05Z,2026-08-17T18:48:05Z,
34.23.140.95,ipv4,attack,high,WHITE,blocklist.de/all|blocklist.de/apache|ziyadnz/hourly-ipv4,blocklist.de|brute-force|apache|rfi|ddos|spam|mail|ziyadnz|hourly,2026-08-17T18:48:05Z,2026-08-17T18:48:05Z,
34.23.50.175,ipv4,attack,high,WHITE,blocklist.de/all|blocklist.de/apache|ziyadnz/hourly-ipv4,blocklist.de|brute-force|apache|rfi|ddos|spam|mail|ziyadnz|hourly,2026-08-17T18:48:05Z,2026-08-17T18:48:05Z,
34.23.50.64,ipv4,attack,high,WHITE,blocklist.de/all|blocklist.de/apache|ziyadnz/hourly-ipv4,blocklist.de|brute-force|apache|rfi|ddos|spam|mail|ziyadnz|hourly,2026-08-17T18:48:05Z,2026-08-17T18:48:05Z,
34.24.79.149,ipv4,attack,high,WHITE,blocklist.de/all|blocklist.de/apache|ziyadnz/hourly-ipv4,blocklist.de|brute-force|apache|rfi|ddos|spam|mail|ziyadnz|hourly,2026-08-17T18:48:05Z,2026-08-17T18:48:05Z,
34.26.54.216,ipv4,attack,high,WHITE,blocklist.de/all|blocklist.de/apache|ziyadnz/hourly-ipv4,blocklist.de|brute-force|apache|rfi|ddos|spam|mail|ziyadnz|hourly,2026-08-17T18:48:05Z,2026-08-17T18:48:05Z,
34.28.75.252,ipv4,attack,high,WHITE,blocklist.de/all|blocklist.de/apache|ziyadnz/hourly-ipv4,blocklist.de|brute-force|apache|rfi|ddos|spam|mail|ziyadnz|hourly,2026-08-17T18:48:05Z,2026-08-17T18:48:05Z,
34.34.132.8,ipv4,attack,high,WHITE,blocklist.de/all|blocklist.de/apache|ziyadnz/hourly-ipv4,blocklist.de|brute-force|apache|rfi|ddos|spam|mail|ziyadnz|hourly,2026-08-17T18:48:05Z,2026-08-17T18:48:05Z,
34.34.134.75,ipv4,attack,medium,WHITE,blocklist.de/all|blocklist.de/apache,blocklist.de|brute-force|apache|rfi|ddos|spam|mail|ziyadnz|hourly,2026-08-17T18:48:05Z,2026-08-17T18:48:05Z,
34.34.173.137,ipv4,attack,high,WHITE,blocklist.de/all|blocklist.de/apache|ziyadnz/hourly-ipv4,blocklist.de|brute-force|apache|rfi|ddos|spam|mail|ziyadnz|hourly,2026-08-17T18:48:05Z,2026-08-17T18:48:05Z,
34.38.153.244,ipv4,attack,high,WHITE,blocklist.de/all|blocklist.de/apache|ziyadnz/hourly-ipv4,blocklist.de|brute-force|apache|rfi|ddos|spam|mail|ziyadnz|hourly,2026-08-17T18:48:05Z,2026-08-17T18:48:05Z,
34.38.158.94,ipv4,attack,high,WHITE,blocklist.de/all|blocklist.de/apache|ziyadnz/hourly-ipv4,blocklist.de|brute-force|apache|rfi|ddos|spam|mail|ziyadnz|hourly,2026-08-17T18:48:05Z,2026-08-17T18:48:05Z,
34.38.175.130,ipv4,attack,high,WHITE,blocklist.de/all|blocklist.de/apache|ziyadnz/hourly-ipv4,blocklist.de|brute-force|apache|rfi|ddos|spam|mail|ziyadnz|hourly,2026-08-17T18:48:05Z,2026-08-17T18:48:05Z,
34.38.190.147,ipv4,attack,high,WHITE,blocklist.de/all|blocklist.de/apache|ziyadnz/hourly-ipv4,blocklist.de|brute-force|apache|rfi|ddos|spam|mail|ziyadnz|hourly,2026-08-17T18:48:05Z,2026-08-17T18:48:05Z,
34.38.198.2,ipv4,attack,high,WHITE,blocklist.de/all|blocklist.de/mail|ziyadnz/hourly-ipv4,blocklist.de|brute-force|apache|rfi|ddos|spam|mail|ziyadnz|hourly,2026-08-17T18:48:05Z,2026-08-17T18:48:05Z,
34.38.228.208,ipv4,attack,high,WHITE,blocklist.de/all|blocklist.de/mail|ziyadnz/hourly-ipv4,blocklist.de|brute-force|apache|rfi|ddos|spam|mail|ziyadnz|hourly,2026-08-17T18:48:05Z,2026-08-17T18:48:05Z,
34.38.240.85,ipv4,attack,high,WHITE,blocklist.de/all|blocklist.de/apache|ziyadnz/hourly-ipv4,blocklist.de|brute-force|apache|rfi|ddos|spam|mail|ziyadnz|hourly,2026-08-17T18:48:05Z,2026-08-17T18:48:05Z,
34.38.94.143,ipv4,attack,high,WHITE,blocklist.de/all|blocklist.de/apache|ziyadnz/hourly-ipv4,blocklist.de|brute-force|apache|rfi|ddos|spam|mail|ziyadnz|hourly,2026-08-17T18:48:05Z,2026-08-17T18:48:05Z,
34.40.145.110,ipv4,attack,medium,WHITE,blocklist.de/all|ziyadnz/hourly-ipv4,blocklist.de|brute-force|apache|rfi|ddos|spam|mail|ziyadnz|hourly,2026-08-17T18:48:05Z,2026-08-17T18:48:05Z,
34.45.151.230,ipv4,attack,high,WHITE,blocklist.de/all|blocklist.de/apache|ziyadnz/hourly-ipv4,blocklist.de|brute-force|apache|rfi|ddos|spam|mail|ziyadnz|hourly,2026-08-17T18:48:05Z,2026-08-17T18:48:05Z,
34.48.200.125,ipv4,attack,high,WHITE,blocklist.de/all|blocklist.de/mail|ziyadnz/hourly-ipv4,blocklist.de|brute-force|apache|rfi|ddos|spam|mail|ziyadnz|hourly,2026-08-17T18:48:05Z,2026-08-17T18:48:05Z,
34.52.152.224,ipv4,attack,high,WHITE,blocklist.de/all|blocklist.de/apache|ziyadnz/hourly-ipv4,blocklist.de|brute-force|apache|rfi|ddos|spam|mail|ziyadnz|hourly,2026-08-17T18:48:05Z,2026-08-17T18:48:05Z,
34.52.220.178,ipv4,attack,high,WHITE,blocklist.de/all|blocklist.de/apache|ziyadnz/hourly-ipv4,blocklist.de|brute-force|apache|rfi|ddos|spam|mail|ziyadnz|hourly,2026-08-17T18:48:05Z,2026-08-17T18:48:05Z,
34.53.141.219,ipv4,attack,high,WHITE,blocklist.de/all|blocklist.de/apache|ziyadnz/hourly-ipv4,blocklist.de|brute-force|apache|rfi|ddos|spam|mail|ziyadnz|hourly,2026-08-17T18:48:05Z,2026-08-17T18:48:05Z,
34.53.169.96,ipv4,attack,high,WHITE,blocklist.de/all|blocklist.de/apache|ziyadnz/hourly-ipv4,blocklist.de|brute-force|apache|rfi|ddos|spam|mail|ziyadnz|hourly,2026-08-17T18:48:05Z,2026-08-17T18:48:05Z,
34.53.201.18,ipv4,attack,high,WHITE,blocklist.de/all|blocklist.de/mail|ziyadnz/hourly-ipv4,blocklist.de|brute-force|apache|rfi|ddos|spam|mail|ziyadnz|hourly,2026-08-17T18:48:05Z,2026-08-17T18:48:05Z,
34.53.234.52,ipv4,attack,high,WHITE,blocklist.de/all|blocklist.de/apache|ziyadnz/hourly-ipv4,blocklist.de|brute-force|apache|rfi|ddos|spam|mail|ziyadnz|hourly,2026-08-17T18:48:05Z,2026-08-17T18:48:05Z,
34.57.181.56,ipv4,attack,high,WHITE,blocklist.de/all|blocklist.de/apache|ziyadnz/hourly-ipv4,blocklist.de|brute-force|apache|rfi|ddos|spam|mail|ziyadnz|hourly,2026-08-17T18:48:05Z,2026-08-17T18:48:05Z,
34.58.129.245,ipv4,attack,high,WHITE,blocklist.de/all|blocklist.de/apache|ziyadnz/hourly-ipv4,blocklist.de|brute-force|apache|rfi|ddos|spam|mail|ziyadnz|hourly,2026-08-17T18:48:05Z,2026-08-17T18:48:05Z,
34.62.189.174,ipv4,attack,high,WHITE,blocklist.de/all|blocklist.de/apache|ziyadnz/hourly-ipv4,blocklist.de|brute-force|apache|rfi|ddos|spam|mail|ziyadnz|hourly,2026-08-17T18:48:05Z,2026-08-17T18:48:05Z,
34.63.149.97,ipv4,attack,high,WHITE,blocklist.de/all|blocklist.de/apache|ziyadnz/hourly-ipv4,blocklist.de|brute-force|apache|rfi|ddos|spam|mail|ziyadnz|hourly,2026-08-17T18:48:05Z,2026-08-17T18:48:05Z,
34.7.60.184,ipv4,attack,high,WHITE,blocklist.de/all|blocklist.de/apache|ziyadnz/hourly-ipv4,blocklist.de|brute-force|apache|rfi|ddos|spam|mail|ziyadnz|hourly,2026-08-17T18:48:05Z,2026-08-17T18:48:05Z,
34.72.42.51,ipv4,attack,high,WHITE,blocklist.de/all|blocklist.de/mail|ziyadnz/hourly-ipv4,blocklist.de|brute-force|apache|rfi|ddos|spam|mail|ziyadnz|hourly,2026-08-17T18:48:05Z,2026-08-17T18:48:05Z,
34.72.57.21,ipv4,attack,high,WHITE,blocklist.de/all|blocklist.de/apache|ziyadnz/hourly-ipv4,blocklist.de|brute-force|apache|rfi|ddos|spam|mail|ziyadnz|hourly,2026-08-17T18:48:05Z,2026-08-17T18:48:05Z,
34.73.60.170,ipv4,attack,high,WHITE,blocklist.de/all|blocklist.de/apache|ziyadnz/hourly-ipv4,blocklist.de|brute-force|apache|rfi|ddos|spam|mail|ziyadnz|hourly,2026-08-17T18:48:05Z,2026-08-17T18:48:05Z,
34.74.167.177,ipv4,attack,high,WHITE,blocklist.de/all|blocklist.de/apache|ziyadnz/hourly-ipv4,blocklist.de|brute-force|apache|rfi|ddos|spam|mail|ziyadnz|hourly,2026-08-17T18:48:05Z,2026-08-17T18:48:05Z,
34.75.177.151,ipv4,attack,high,WHITE,blocklist.de/all|blocklist.de/apache|ziyadnz/hourly-ipv4,blocklist.de|brute-force|apache|rfi|ddos|spam|mail|ziyadnz|hourly,2026-08-17T18:48:05Z,2026-08-17T18:48:05Z,
34.75.198.72,ipv4,attack,high,WHITE,blocklist.de/all|blocklist.de/apache|ziyadnz/hourly-ipv4,blocklist.de|brute-force|apache|rfi|ddos|spam|mail|ziyadnz|hourly,2026-08-17T18:48:05Z,2026-08-17T18:48:05Z,
34.76.139.59,ipv4,attack,high,WHITE,blocklist.de/all|blocklist.de/apache|ziyadnz/hourly-ipv4,blocklist.de|brute-force|apache|rfi|ddos|spam|mail|ziyadnz|hourly,2026-08-17T18:48:05Z,2026-08-17T18:48:05Z,
34.76.184.239,ipv4,attack,high,WHITE,blocklist.de/all|blocklist.de/apache|ziyadnz/hourly-ipv4,blocklist.de|brute-force|apache|rfi|ddos|spam|mail|ziyadnz|hourly,2026-08-17T18:48:05Z,2026-08-17T18:48:05Z,
34.77.103.18,ipv4,attack,high,WHITE,blocklist.de/all|blocklist.de/apache|ziyadnz/hourly-ipv4,blocklist.de|brute-force|apache|rfi|ddos|spam|mail|ziyadnz|hourly,2026-08-17T18:48:05Z,2026-08-17T18:48:05Z,
34.77.197.213,ipv4,attack,high,WHITE,blocklist.de/all|blocklist.de/apache|ziyadnz/hourly-ipv4,blocklist.de|brute-force|apache|rfi|ddos|spam|mail|ziyadnz|hourly,2026-08-17T18:48:05Z,2026-08-17T18:48:05Z,
34.77.39.126,ipv4,attack,medium,WHITE,blocklist.de/all|blocklist.de/apache,blocklist.de|brute-force|apache|rfi|ddos|spam|mail|ziyadnz|hourly,2026-08-17T18:48:05Z,2026-08-17T18:48:05Z,
34.77.72.224,ipv4,attack,high,WHITE,blocklist.de/all|blocklist.de/apache|ziyadnz/hourly-ipv4,blocklist.de|brute-force|apache|rfi|ddos|spam|mail|ziyadnz|hourly,2026-08-17T18:48:05Z,2026-08-17T18:48:05Z,
34.78.107.52,ipv4,attack,high,WHITE,blocklist.de/all|blocklist.de/apache|ziyadnz/hourly-ipv4,blocklist.de|brute-force|apache|rfi|ddos|spam|mail|ziyadnz|hourly,2026-08-17T18:48:05Z,2026-08-17T18:48:05Z,
34.78.159.177,ipv4,attack,high,WHITE,blocklist.de/all|blocklist.de/apache|ziyadnz/hourly-ipv4,blocklist.de|brute-force|apache|rfi|ddos|spam|mail|ziyadnz|hourly,2026-08-17T18:48:05Z,2026-08-17T18:48:05Z,
34.78.228.218,ipv4,attack,high,WHITE,blocklist.de/all|blocklist.de/apache|ziyadnz/hourly-ipv4,blocklist.de|brute-force|apache|rfi|ddos|spam|mail|ziyadnz|hourly,2026-08-17T18:48:05Z,2026-08-17T18:48:05Z,
34.78.26.52,ipv4,attack,medium,WHITE,blocklist.de/all|blocklist.de/apache,blocklist.de|brute-force|apache|rfi|ddos|spam|mail|ziyadnz|hourly,2026-08-17T18:48:05Z,2026-08-17T18:48:05Z,
34.79.43.20,ipv4,attack,high,WHITE,blocklist.de/all|blocklist.de/apache|ziyadnz/hourly-ipv4,blocklist.de|brute-force|apache|rfi|ddos|spam|mail|ziyadnz|hourly,2026-08-17T18:48:05Z,2026-08-17T18:48:05Z,
34.87.29.37,ipv4,attack,high,WHITE,blocklist.de/all|blocklist.de/apache|ziyadnz/hourly-ipv4,blocklist.de|brute-force|apache|rfi|ddos|spam|mail|ziyadnz|hourly,2026-08-17T18:48:05Z,2026-08-17T18:48:05Z,
34.9.243.194,ipv4,attack,high,WHITE,blocklist.de/all|blocklist.de/apache|ziyadnz/hourly-ipv4,blocklist.de|brute-force|apache|rfi|ddos|spam|mail|ziyadnz|hourly,2026-08-17T18:48:05Z,2026-08-17T18:48:05Z,
34.90.20.159,ipv4,attack,high,WHITE,blocklist.de/all|blocklist.de/mail|ziyadnz/hourly-ipv4,blocklist.de|brute-force|apache|rfi|ddos|spam|mail|ziyadnz|hourly,2026-08-17T18:48:05Z,2026-08-17T18:48:05Z,
34.92.171.119,ipv4,attack,high,WHITE,blocklist.de/all|blocklist.de/mail|ziyadnz/hourly-ipv4,blocklist.de|brute-force|apache|rfi|ddos|spam|mail|ziyadnz|hourly,2026-08-17T18:48:05Z,2026-08-17T18:48:05Z,
35.130.111.146,ipv4,attack,high,WHITE,blocklist.de/all|blocklist.de/mail|ziyadnz/hourly-ipv4,blocklist.de|brute-force|apache|rfi|ddos|spam|mail|ziyadnz|hourly,2026-08-17T18:48:05Z,2026-08-17T18:48:05Z,
35.183.114.145,ipv4,attack,medium,WHITE,blocklist.de/all,blocklist.de|brute-force|apache|rfi|ddos|spam|mail|ziyadnz|hourly,2026-08-17T18:48:05Z,2026-08-17T18:48:05Z,
35.184.39.14,ipv4,attack,medium,WHITE,blocklist.de/all,blocklist.de|brute-force|apache|rfi|ddos|spam|mail|ziyadnz|hourly,2026-08-17T18:48:05Z,2026-08-17T18:48:05Z,
35.184.99.138,ipv4,attack,high,WHITE,blocklist.de/all|blocklist.de/apache|ziyadnz/hourly-ipv4,blocklist.de|brute-force|apache|rfi|ddos|spam|mail|ziyadnz|hourly,2026-08-17T18:48:05Z,2026-08-17T18:48:05Z,
35.185.101.156,ipv4,attack,high,WHITE,blocklist.de/all|blocklist.de/apache|ziyadnz/hourly-ipv4,blocklist.de|brute-force|apache|rfi|ddos|spam|mail|ziyadnz|hourly,2026-08-17T18:48:05Z,2026-08-17T18:48:05Z,
35.185.234.54,ipv4,attack,high,WHITE,blocklist.de/all|blocklist.de/apache|ziyadnz/hourly-ipv4,blocklist.de|brute-force|apache|rfi|ddos|spam|mail|ziyadnz|hourly,2026-08-17T18:48:05Z,2026-08-17T18:48:05Z,
35.185.237.235,ipv4,attack,high,WHITE,blocklist.de/all|blocklist.de/apache|ziyadnz/hourly-ipv4,blocklist.de|brute-force|apache|rfi|ddos|spam|mail|ziyadnz|hourly,2026-08-17T18:48:05Z,2026-08-17T18:48:05Z,
35.185.93.45,ipv4,attack,high,WHITE,blocklist.de/all|blocklist.de/apache|ziyadnz/hourly-ipv4,blocklist.de|brute-force|apache|rfi|ddos|spam|mail|ziyadnz|hourly,2026-08-17T18:48:05Z,2026-08-17T18:48:05Z,
35.187.119.100,ipv4,attack,high,WHITE,blocklist.de/all|blocklist.de/mail|ziyadnz/hourly-ipv4,blocklist.de|brute-force|apache|rfi|ddos|spam|mail|ziyadnz|hourly,2026-08-17T18:48:05Z,2026-08-17T18:48:05Z,
35.187.241.109,ipv4,attack,high,WHITE,blocklist.de/all|blocklist.de/apache|ziyadnz/hourly-ipv4,blocklist.de|brute-force|apache|rfi|ddos|spam|mail|ziyadnz|hourly,2026-08-17T18:48:05Z,2026-08-17T18:48:05Z,
35.187.247.67,ipv4,attack,high,WHITE,blocklist.de/all|blocklist.de/apache|ziyadnz/hourly-ipv4,blocklist.de|brute-force|apache|rfi|ddos|spam|mail|ziyadnz|hourly,2026-08-17T18:48:05Z,2026-08-17T18:48:05Z,
35.187.91.6,ipv4,attack,high,WHITE,blocklist.de/all|blocklist.de/apache|ziyadnz/hourly-ipv4,blocklist.de|brute-force|apache|rfi|ddos|spam|mail|ziyadnz|hourly,2026-08-17T18:48:05Z,2026-08-17T18:48:05Z,
35.189.252.4,ipv4,attack,high,WHITE,blocklist.de/all|blocklist.de/apache|ziyadnz/hourly-ipv4,blocklist.de|brute-force|apache|rfi|ddos|spam|mail|ziyadnz|hourly,2026-08-17T18:48:05Z,2026-08-17T18:48:05Z,
35.195.189.9,ipv4,attack,high,WHITE,blocklist.de/all|blocklist.de/apache|ziyadnz/hourly-ipv4,blocklist.de|brute-force|apache|rfi|ddos|spam|mail|ziyadnz|hourly,2026-08-17T18:48:05Z,2026-08-17T18:48:05Z,
35.195.204.139,ipv4,attack,high,WHITE,blocklist.de/all|blocklist.de/apache|ziyadnz/hourly-ipv4,blocklist.de|brute-force|apache|rfi|ddos|spam|mail|ziyadnz|hourly,2026-08-17T18:48:05Z,2026-08-17T18:48:05Z,
35.196.166.177,ipv4,attack,high,WHITE,blocklist.de/all|blocklist.de/apache|ziyadnz/hourly-ipv4,blocklist.de|brute-force|apache|rfi|ddos|spam|mail|ziyadnz|hourly,2026-08-17T18:48:05Z,2026-08-17T18:48:05Z,
35.197.232.17,ipv4,attack,high,WHITE,blocklist.de/all|blocklist.de/mail|ziyadnz/hourly-ipv4,blocklist.de|brute-force|apache|rfi|ddos|spam|mail|ziyadnz|hourly,2026-08-17T18:48:05Z,2026-08-17T18:48:05Z,
35.203.210.162,ipv4,attack,high,WHITE,blocklist.de/all|blocklist.de/mail|ziyadnz/hourly-ipv4,blocklist.de|brute-force|apache|rfi|ddos|spam|mail|ziyadnz|hourly,2026-08-17T18:48:05Z,2026-08-17T18:48:05Z,
35.203.211.148,ipv4,attack,high,WHITE,blocklist.de/all|blocklist.de/mail|ziyadnz/hourly-ipv4,blocklist.de|brute-force|apache|rfi|ddos|spam|mail|ziyadnz|hourly,2026-08-17T18:48:05Z,2026-08-17T18:48:05Z,
35.204.21.19,ipv4,attack,high,WHITE,blocklist.de/all|blocklist.de/apache|ziyadnz/hourly-ipv4,blocklist.de|brute-force|apache|rfi|ddos|spam|mail|ziyadnz|hourly,2026-08-17T18:48:05Z,2026-08-17T18:48:05Z,
35.205.109.118,ipv4,attack,high,WHITE,blocklist.de/all|blocklist.de/apache|ziyadnz/hourly-ipv4,blocklist.de|brute-force|apache|rfi|ddos|spam|mail|ziyadnz|hourly,2026-08-17T18:48:05Z,2026-08-17T18:48:05Z,
35.205.171.24,ipv4,attack,high,WHITE,blocklist.de/all|blocklist.de/mail|ziyadnz/hourly-ipv4,blocklist.de|brute-force|apache|rfi|ddos|spam|mail|ziyadnz|hourly,2026-08-17T18:48:05Z,2026-08-17T18:48:05Z,
35.205.203.65,ipv4,attack,high,WHITE,blocklist.de/all|blocklist.de/apache|ziyadnz/hourly-ipv4,blocklist.de|brute-force|apache|rfi|ddos|spam|mail|ziyadnz|hourly,2026-08-17T18:48:05Z,2026-08-17T18:48:05Z,
35.205.244.47,ipv4,attack,high,WHITE,blocklist.de/all|blocklist.de/apache|ziyadnz/hourly-ipv4,blocklist.de|brute-force|apache|rfi|ddos|spam|mail|ziyadnz|hourly,2026-08-17T18:48:05Z,2026-08-17T18:48:05Z,
35.224.156.126,ipv4,attack,high,WHITE,blocklist.de/all|blocklist.de/apache|ziyadnz/hourly-ipv4,blocklist.de|brute-force|apache|rfi|ddos|spam|mail|ziyadnz|hourly,2026-08-17T18:48:05Z,2026-08-17T18:48:05Z,
35.225.64.158,ipv4,attack,high,WHITE,blocklist.de/all|blocklist.de/apache|ziyadnz/hourly-ipv4,blocklist.de|brute-force|apache|rfi|ddos|spam|mail|ziyadnz|hourly,2026-08-17T18:48:05Z,2026-08-17T18:48:05Z,
35.227.87.181,ipv4,attack,high,WHITE,blocklist.de/all|blocklist.de/apache|ziyadnz/hourly-ipv4,blocklist.de|brute-force|apache|rfi|ddos|spam|mail|ziyadnz|hourly,2026-08-17T18:48:05Z,2026-08-17T18:48:05Z,
35.237.26.140,ipv4,attack,high,WHITE,blocklist.de/all|blocklist.de/apache|ziyadnz/hourly-ipv4,blocklist.de|brute-force|apache|rfi|ddos|spam|mail|ziyadnz|hourly,2026-08-17T18:48:05Z,2026-08-17T18:48:05Z,
35.238.115.7,ipv4,attack,high,WHITE,blocklist.de/all|blocklist.de/apache|ziyadnz/hourly-ipv4,blocklist.de|brute-force|apache|rfi|ddos|spam|mail|ziyadnz|hourly,2026-08-17T18:48:05Z,2026-08-17T18:48:05Z,
35.240.36.114,ipv4,attack,high,WHITE,blocklist.de/all|blocklist.de/apache|ziyadnz/hourly-ipv4,blocklist.de|brute-force|apache|rfi|ddos|spam|mail|ziyadnz|hourly,2026-08-17T18:48:05Z,2026-08-17T18:48:05Z,
35.241.160.19,ipv4,attack,high,WHITE,blocklist.de/all|blocklist.de/apache|ziyadnz/hourly-ipv4,blocklist.de|brute-force|apache|rfi|ddos|spam|mail|ziyadnz|hourly,2026-08-17T18:48:05Z,2026-08-17T18:48:05Z,
35.245.239.85,ipv4,attack,high,WHITE,blocklist.de/all|blocklist.de/mail|ziyadnz/hourly-ipv4,blocklist.de|brute-force|apache|rfi|ddos|spam|mail|ziyadnz|hourly,2026-08-17T18:48:05Z,2026-08-17T18:48:05Z,
35.247.137.29,ipv4,attack,high,WHITE,blocklist.de/all|blocklist.de/apache|ziyadnz/hourly-ipv4,blocklist.de|brute-force|apache|rfi|ddos|spam|mail|ziyadnz|hourly,2026-08-17T18:48:05Z,2026-08-17T18:48:05Z,
35.247.158.38,ipv4,attack,high,WHITE,blocklist.de/all|blocklist.de/apache|ziyadnz/hourly-ipv4,blocklist.de|brute-force|apache|rfi|ddos|spam|mail|ziyadnz|hourly,2026-08-17T18:48:05Z,2026-08-17T18:48:05Z,
35.252.192.37,ipv4,attack,high,WHITE,blocklist.de/all|blocklist.de/apache|ziyadnz/hourly-ipv4,blocklist.de|brute-force|apache|rfi|ddos|spam|mail|ziyadnz|hourly,2026-08-17T18:48:05Z,2026-08-17T18:48:05Z,
35.252.232.11,ipv4,attack,high,WHITE,blocklist.de/all|blocklist.de/apache|ziyadnz/hourly-ipv4,blocklist.de|brute-force|apache|rfi|ddos|spam|mail|ziyadnz|hourly,2026-08-17T18:48:05Z,2026-08-17T18:48:05Z,
36.105.164.126,ipv4,attack,medium,WHITE,blocklist.de/all|ziyadnz/hourly-ipv4,blocklist.de|brute-force|apache|rfi|ddos|spam|mail|ziyadnz|hourly,2026-08-17T18:48:05Z,2026-08-17T18:48:05Z,
36.135.103.30,ipv4,attack,high,WHITE,blocklist.de/all|blocklist.de/mail|ziyadnz/hourly-ipv4,blocklist.de|brute-force|apache|rfi|ddos|spam|mail|ziyadnz|hourly,2026-08-17T18:48:05Z,2026-08-17T18:48:05Z,
36.150.60.24,ipv4,attack,high,WHITE,blocklist.de/all|blocklist.de/mail|ziyadnz/hourly-ipv4,blocklist.de|brute-force|apache|rfi|ddos|spam|mail|ziyadnz|hourly,2026-08-17T18:48:05Z,2026-08-17T18:48:05Z,
36.153.164.122,ipv4,attack,high,WHITE,blocklist.de/all|blocklist.de/mail|ziyadnz/hourly-ipv4,blocklist.de|brute-force|apache|rfi|ddos|spam|mail|ziyadnz|hourly,2026-08-17T18:48:05Z,2026-08-17T18:48:05Z,
36.154.134.146,ipv4,attack,high,WHITE,blocklist.de/all|blocklist.de/mail|ziyadnz/hourly-ipv4,blocklist.de|brute-force|apache|rfi|ddos|spam|mail|ziyadnz|hourly,2026-08-17T18:48:05Z,2026-08-17T18:48:05Z,
36.27.95.85,ipv4,attack,medium,WHITE,blocklist.de/all|ziyadnz/hourly-ipv4,blocklist.de|brute-force|apache|rfi|ddos|spam|mail|ziyadnz|hourly,2026-08-17T18:48:05Z,2026-08-17T18:48:05Z,
36.64.33.82,ipv4,attack,high,WHITE,blocklist.de/all|blocklist.de/mail|ziyadnz/hourly-ipv4,blocklist.de|brute-force|apache|rfi|ddos|spam|mail|ziyadnz|hourly,2026-08-17T18:48:05Z,2026-08-17T18:48:05Z,
36.7.99.146,ipv4,attack,medium,WHITE,blocklist.de/all|ziyadnz/hourly-ipv4,blocklist.de|brute-force|apache|rfi|ddos|spam|mail|ziyadnz|hourly,2026-08-17T18:48:05Z,2026-08-17T18:48:05Z,
36.73.190.249,ipv4,attack,high,WHITE,blocklist.de/all|blocklist.de/mail|ziyadnz/hourly-ipv4,blocklist.de|brute-force|apache|rfi|ddos|spam|mail|ziyadnz|hourly,2026-08-17T18:48:05Z,2026-08-17T18:48:05Z,
37.110.113.113,ipv4,attack,medium,WHITE,blocklist.de/all|ziyadnz/hourly-ipv4,blocklist.de|brute-force|apache|rfi|ddos|spam|mail|ziyadnz|hourly,2026-08-17T18:48:05Z,2026-08-17T18:48:05Z,
37.151.92.31,ipv4,attack,medium,WHITE,blocklist.de/all|ziyadnz/hourly-ipv4,blocklist.de|brute-force|apache|rfi|ddos|spam|mail|ziyadnz|hourly,2026-08-17T18:48:05Z,2026-08-17T18:48:05Z,
37.204.111.153,ipv4,attack,high,WHITE,blocklist.de/all|blocklist.de/mail|ziyadnz/hourly-ipv4,blocklist.de|brute-force|apache|rfi|ddos|spam|mail|ziyadnz|hourly,2026-08-17T18:48:05Z,2026-08-17T18:48:05Z,
37.208.46.131,ipv4,attack,high,WHITE,blocklist.de/all|blocklist.de/mail|ziyadnz/hourly-ipv4,blocklist.de|brute-force|apache|rfi|ddos|spam|mail|ziyadnz|hourly,2026-08-17T18:48:05Z,2026-08-17T18:48:05Z,
37.208.46.132,ipv4,attack,high,WHITE,blocklist.de/all|blocklist.de/mail|ziyadnz/hourly-ipv4,blocklist.de|brute-force|apache|rfi|ddos|spam|mail|ziyadnz|hourly,2026-08-17T18:48:05Z,2026-08-17T18:48:05Z,
37.214.249.51,ipv4,attack,high,WHITE,blocklist.de/all|blocklist.de/apache|ziyadnz/hourly-ipv4,blocklist.de|brute-force|apache|rfi|ddos|spam|mail|ziyadnz|hourly,2026-08-17T18:48:05Z,2026-08-17T18:48:05Z,
37.230.57.8,ipv4,attack,high,WHITE,blocklist.de/all|blocklist.de/mail|ziyadnz/hourly-ipv4,blocklist.de|brute-force|apache|rfi|ddos|spam|mail|ziyadnz|hourly,2026-08-17T18:48:05Z,2026-08-17T18:48:05Z,
37.25.36.197,ipv4,attack,high,WHITE,blocklist.de/all|blocklist.de/mail|ziyadnz/hourly-ipv4,blocklist.de|brute-force|apache|rfi|ddos|spam|mail|ziyadnz|hourly,2026-08-17T18:48:05Z,2026-08-17T18:48:05Z,
37.57.158.182,ipv4,attack,high,WHITE,blocklist.de/all|blocklist.de/mail|ziyadnz/hourly-ipv4,blocklist.de|brute-force|apache|rfi|ddos|spam|mail|ziyadnz|hourly,2026-08-17T18:48:05Z,2026-08-17T18:48:05Z,
37.79.232.82,ipv4,attack,high,WHITE,blocklist.de/all|blocklist.de/mail|ziyadnz/hourly-ipv4,blocklist.de|brute-force|apache|rfi|ddos|spam|mail|ziyadnz|hourly,2026-08-17T18:48:05Z,2026-08-17T18:48:05Z,
37.79.241.252,ipv4,attack,high,WHITE,blocklist.de/all|blocklist.de/mail|ziyadnz/hourly-ipv4,blocklist.de|brute-force|apache|rfi|ddos|spam|mail|ziyadnz|hourly,2026-08-17T18:48:05Z,2026-08-17T18:48:05Z,
38.224.57.66,ipv4,attack,high,WHITE,blocklist.de/all|blocklist.de/mail|ziyadnz/hourly-ipv4,blocklist.de|brute-force|apache|rfi|ddos|spam|mail|ziyadnz|hourly,2026-08-17T18:48:05Z,2026-08-17T18:48:05Z,
38.46.214.131,ipv4,attack,high,WHITE,blocklist.de/all|blocklist.de/mail|ziyadnz/hourly-ipv4,blocklist.de|brute-force|apache|rfi|ddos|spam|mail|ziyadnz|hourly,2026-08-17T18:48:05Z,2026-08-17T18:48:05Z,
38.51.221.24,ipv4,attack,high,WHITE,blocklist.de/all|blocklist.de/mail|ziyadnz/hourly-ipv4,blocklist.de|brute-force|apache|rfi|ddos|spam|mail|ziyadnz|hourly,2026-08-17T18:48:05Z,2026-08-17T18:48:05Z,
39.106.119.124,ipv4,attack,medium,WHITE,blocklist.de/all|ziyadnz/hourly-ipv4,blocklist.de|brute-force|apache|rfi|ddos|spam|mail|ziyadnz|hourly,2026-08-17T18:48:05Z,2026-08-17T18:48:05Z,
39.164.91.67,ipv4,attack,high,WHITE,blocklist.de/all|blocklist.de/mail|ziyadnz/hourly-ipv4,blocklist.de|brute-force|apache|rfi|ddos|spam|mail|ziyadnz|hourly,2026-08-17T18:48:05Z,2026-08-17T18:48:05Z,
39.164.94.190,ipv4,attack,high,WHITE,blocklist.de/all|blocklist.de/mail|ziyadnz/hourly-ipv4,blocklist.de|brute-force|apache|rfi|ddos|spam|mail|ziyadnz|hourly,2026-08-17T18:48:05Z,2026-08-17T18:48:05Z,
39.182.10.152,ipv4,attack,high,WHITE,blocklist.de/all|blocklist.de/mail|ziyadnz/hourly-ipv4,blocklist.de|brute-force|apache|rfi|ddos|spam|mail|ziyadnz|hourly,2026-08-17T18:48:05Z,2026-08-17T18:48:05Z,
4.204.200.143,ipv4,attack,high,WHITE,blocklist.de/all|blocklist.de/apache|ziyadnz/hourly-ipv4,blocklist.de|brute-force|apache|rfi|ddos|spam|mail|ziyadnz|hourly,2026-08-17T18:48:05Z,2026-08-17T18:48:05Z,
4.223.165.84,ipv4,attack,high,WHITE,blocklist.de/all|blocklist.de/apache|ziyadnz/hourly-ipv4,blocklist.de|brute-force|apache|rfi|ddos|spam|mail|ziyadnz|hourly,2026-08-17T18:48:05Z,2026-08-17T18:48:05Z,
4.223.171.122,ipv4,attack,high,WHITE,blocklist.de/all|blocklist.de/apache|ziyadnz/hourly-ipv4,blocklist.de|brute-force|apache|rfi|ddos|spam|mail|ziyadnz|hourly,2026-08-17T18:48:05Z,2026-08-17T18:48:05Z,
4.232.94.23,ipv4,attack,high,WHITE,blocklist.de/all|blocklist.de/apache|ziyadnz/hourly-ipv4,blocklist.de|brute-force|apache|rfi|ddos|spam|mail|ziyadnz|hourly,2026-08-17T18:48:05Z,2026-08-17T18:48:05Z,
4.246.204.51,ipv4,attack,medium,WHITE,blocklist.de/all|ziyadnz/hourly-ipv4,blocklist.de|brute-force|apache|rfi|ddos|spam|mail|ziyadnz|hourly,2026-08-17T18:48:05Z,2026-08-17T18:48:05Z,
40.160.62.6,ipv4,attack,medium,WHITE,blocklist.de/all|ziyadnz/hourly-ipv4,blocklist.de|brute-force|apache|rfi|ddos|spam|mail|ziyadnz|hourly,2026-08-17T18:48:05Z,2026-08-17T18:48:05Z,
40.74.65.169,ipv4,attack,high,WHITE,blocklist.de/all|blocklist.de/apache|ziyadnz/hourly-ipv4,blocklist.de|brute-force|apache|rfi|ddos|spam|mail|ziyadnz|hourly,2026-08-17T18:48:05Z,2026-08-17T18:48:05Z,
41.207.249.210,ipv4,attack,high,WHITE,blocklist.de/all|blocklist.de/mail|ziyadnz/hourly-ipv4,blocklist.de|brute-force|apache|rfi|ddos|spam|mail|ziyadnz|hourly,2026-08-17T18:48:05Z,2026-08-17T18:48:05Z,
41.215.146.195,ipv4,attack,high,WHITE,blocklist.de/all|blocklist.de/mail|ziyadnz/hourly-ipv4,blocklist.de|brute-force|apache|rfi|ddos|spam|mail|ziyadnz|hourly,2026-08-17T18:48:05Z,2026-08-17T18:48:05Z,
41.220.233.254,ipv4,attack,high,WHITE,blocklist.de/all|blocklist.de/mail|ziyadnz/hourly-ipv4,blocklist.de|brute-force|apache|rfi|ddos|spam|mail|ziyadnz|hourly,2026-08-17T18:48:05Z,2026-08-17T18:48:05Z,
41.33.105.181,ipv4,attack,high,WHITE,blocklist.de/all|blocklist.de/mail|ziyadnz/hourly-ipv4,blocklist.de|brute-force|apache|rfi|ddos|spam|mail|ziyadnz|hourly,2026-08-17T18:48:05Z,2026-08-17T18:48:05Z,
41.47.44.75,ipv4,attack,high,WHITE,blocklist.de/all|blocklist.de/mail|ziyadnz/hourly-ipv4,blocklist.de|brute-force|apache|rfi|ddos|spam|mail|ziyadnz|hourly,2026-08-17T18:48:05Z,2026-08-17T18:48:05Z,
41.59.202.241,ipv4,attack,high,WHITE,blocklist.de/all|blocklist.de/mail|ziyadnz/hourly-ipv4,blocklist.de|brute-force|apache|rfi|ddos|spam|mail|ziyadnz|hourly,2026-08-17T18:48:05Z,2026-08-17T18:48:05Z,
41.59.99.40,ipv4,attack,high,WHITE,blocklist.de/all|blocklist.de/mail|ziyadnz/hourly-ipv4,blocklist.de|brute-force|apache|rfi|ddos|spam|mail|ziyadnz|hourly,2026-08-17T18:48:05Z,2026-08-17T18:48:05Z,
41.72.202.86,ipv4,attack,high,WHITE,blocklist.de/all|blocklist.de/mail|ziyadnz/hourly-ipv4,blocklist.de|brute-force|apache|rfi|ddos|spam|mail|ziyadnz|hourly,2026-08-17T18:48:05Z,2026-08-17T18:48:05Z,
42.114.121.205,ipv4,attack,medium,WHITE,blocklist.de/all,blocklist.de|brute-force|apache|rfi|ddos|spam|mail|ziyadnz|hourly,2026-08-17T18:48:05Z,2026-08-17T18:48:05Z,
42.200.60.186,ipv4,attack,high,WHITE,blocklist.de/all|blocklist.de/mail|ziyadnz/hourly-ipv4,blocklist.de|brute-force|apache|rfi|ddos|spam|mail|ziyadnz|hourly,2026-08-17T18:48:05Z,2026-08-17T18:48:05Z,
42.200.73.3,ipv4,attack,high,WHITE,blocklist.de/all|blocklist.de/mail|ziyadnz/hourly-ipv4,blocklist.de|brute-force|apache|rfi|ddos|spam|mail|ziyadnz|hourly,2026-08-17T18:48:05Z,2026-08-17T18:48:05Z,
42.248.129.234,ipv4,attack,high,WHITE,blocklist.de/all|blocklist.de/mail|ziyadnz/hourly-ipv4,blocklist.de|brute-force|apache|rfi|ddos|spam|mail|ziyadnz|hourly,2026-08-17T18:48:05Z,2026-08-17T18:48:05Z,
42.83.145.218,ipv4,attack,high,WHITE,blocklist.de/all|blocklist.de/apache|ziyadnz/hourly-ipv4,blocklist.de|brute-force|apache|rfi|ddos|spam|mail|ziyadnz|hourly,2026-08-17T18:48:05Z,2026-08-17T18:48:05Z,
43.143.73.189,ipv4,attack,medium,WHITE,blocklist.de/all|ziyadnz/hourly-ipv4,blocklist.de|brute-force|apache|rfi|ddos|spam|mail|ziyadnz|hourly,2026-08-17T18:48:05Z,2026-08-17T18:48:05Z,
43.173.98.142,ipv4,attack,high,WHITE,blocklist.de/all|blocklist.de/mail|ziyadnz/hourly-ipv4,blocklist.de|brute-force|apache|rfi|ddos|spam|mail|ziyadnz|hourly,2026-08-17T18:48:05Z,2026-08-17T18:48:05Z,
44.203.253.5,ipv4,attack,medium,WHITE,blocklist.de/all|ziyadnz/hourly-ipv4,blocklist.de|brute-force|apache|rfi|ddos|spam|mail|ziyadnz|hourly,2026-08-17T18:48:05Z,2026-08-17T18:48:05Z,
44.212.15.65,ipv4,attack,medium,WHITE,blocklist.de/all|ziyadnz/hourly-ipv4,blocklist.de|brute-force|apache|rfi|ddos|spam|mail|ziyadnz|hourly,2026-08-17T18:48:05Z,2026-08-17T18:48:05Z,
44.220.188.40,ipv4,attack,high,WHITE,blocklist.de/all|blocklist.de/mail|ziyadnz/hourly-ipv4,blocklist.de|brute-force|apache|rfi|ddos|spam|mail|ziyadnz|hourly,2026-08-17T18:48:05Z,2026-08-17T18:48:05Z,
44.243.118.201,ipv4,attack,high,WHITE,blocklist.de/all|blocklist.de/apache|ziyadnz/hourly-ipv4,blocklist.de|brute-force|apache|rfi|ddos|spam|mail|ziyadnz|hourly,2026-08-17T18:48:05Z,2026-08-17T18:48:05Z,
44.244.198.56,ipv4,attack,high,WHITE,blocklist.de/all|blocklist.de/apache|ziyadnz/hourly-ipv4,blocklist.de|brute-force|apache|rfi|ddos|spam|mail|ziyadnz|hourly,2026-08-17T18:48:05Z,2026-08-17T18:48:05Z,
45.118.49.18,ipv4,attack,high,WHITE,blocklist.de/all|blocklist.de/mail|ziyadnz/hourly-ipv4,blocklist.de|brute-force|apache|rfi|ddos|spam|mail|ziyadnz|hourly,2026-08-17T18:48:05Z,2026-08-17T18:48:05Z,
45.143.198.173,ipv4,attack,medium,WHITE,blocklist.de/all|ziyadnz/hourly-ipv4,blocklist.de|brute-force|apache|rfi|ddos|spam|mail|ziyadnz|hourly,2026-08-17T18:48:05Z,2026-08-17T18:48:05Z,
45.143.198.70,ipv4,attack,medium,WHITE,blocklist.de/all|ziyadnz/hourly-ipv4,blocklist.de|brute-force|apache|rfi|ddos|spam|mail|ziyadnz|hourly,2026-08-17T18:48:05Z,2026-08-17T18:48:05Z,
45.148.10.238,ipv4,attack,high,WHITE,blocklist.de/all|blocklist.de/apache|ziyadnz/hourly-ipv4,blocklist.de|brute-force|apache|rfi|ddos|spam|mail|ziyadnz|hourly,2026-08-17T18:48:05Z,2026-08-17T18:48:05Z,
45.153.34.151,ipv4,attack,medium,WHITE,blocklist.de/all|ziyadnz/hourly-ipv4,blocklist.de|brute-force|apache|rfi|ddos|spam|mail|ziyadnz|hourly,2026-08-17T18:48:05Z,2026-08-17T18:48:05Z,
45.153.34.32,ipv4,attack,high,WHITE,blocklist.de/all|blocklist.de/apache|ziyadnz/hourly-ipv4,blocklist.de|brute-force|apache|rfi|ddos|spam|mail|ziyadnz|hourly,2026-08-17T18:48:05Z,2026-08-17T18:48:05Z,
45.154.98.108,ipv4,attack,high,WHITE,blocklist.de/all|blocklist.de/apache|ziyadnz/hourly-ipv4,blocklist.de|brute-force|apache|rfi|ddos|spam|mail|ziyadnz|hourly,2026-08-17T18:48:05Z,2026-08-17T18:48:05Z,
45.156.128.156,ipv4,attack,high,WHITE,blocklist.de/all|blocklist.de/apache|ziyadnz/hourly-ipv4,blocklist.de|brute-force|apache|rfi|ddos|spam|mail|ziyadnz|hourly,2026-08-17T18:48:05Z,2026-08-17T18:48:05Z,
45.18.255.202,ipv4,attack,high,WHITE,blocklist.de/all|blocklist.de/mail|ziyadnz/hourly-ipv4,blocklist.de|brute-force|apache|rfi|ddos|spam|mail|ziyadnz|hourly,2026-08-17T18:48:05Z,2026-08-17T18:48:05Z,
45.19.206.146,ipv4,attack,high,WHITE,blocklist.de/all|blocklist.de/mail|ziyadnz/hourly-ipv4,blocklist.de|brute-force|apache|rfi|ddos|spam|mail|ziyadnz|hourly,2026-08-17T18:48:05Z,2026-08-17T18:48:05Z,
45.190.21.90,ipv4,attack,high,WHITE,blocklist.de/all|blocklist.de/mail|ziyadnz/hourly-ipv4,blocklist.de|brute-force|apache|rfi|ddos|spam|mail|ziyadnz|hourly,2026-08-17T18:48:05Z,2026-08-17T18:48:05Z,
45.195.8.70,ipv4,attack,medium,WHITE,blocklist.de/all|ziyadnz/hourly-ipv4,blocklist.de|brute-force|apache|rfi|ddos|spam|mail|ziyadnz|hourly,2026-08-17T18:48:05Z,2026-08-17T18:48:05Z,
45.198.224.141,ipv4,attack,medium,WHITE,blocklist.de/all|ziyadnz/hourly-ipv4,blocklist.de|brute-force|apache|rfi|ddos|spam|mail|ziyadnz|hourly,2026-08-17T18:48:05Z,2026-08-17T18:48:05Z,
45.217.22.120,ipv4,attack,high,WHITE,blocklist.de/all|blocklist.de/mail|ziyadnz/hourly-ipv4,blocklist.de|brute-force|apache|rfi|ddos|spam|mail|ziyadnz|hourly,2026-08-17T18:48:05Z,2026-08-17T18:48:05Z,
45.225.135.11,ipv4,attack,high,WHITE,blocklist.de/all|blocklist.de/mail|ziyadnz/hourly-ipv4,blocklist.de|brute-force|apache|rfi|ddos|spam|mail|ziyadnz|hourly,2026-08-17T18:48:05Z,2026-08-17T18:48:05Z,
45.228.190.124,ipv4,attack,high,WHITE,blocklist.de/all|blocklist.de/mail|ziyadnz/hourly-ipv4,blocklist.de|brute-force|apache|rfi|ddos|spam|mail|ziyadnz|hourly,2026-08-17T18:48:05Z,2026-08-17T18:48:05Z,
45.230.172.165,ipv4,attack,high,WHITE,blocklist.de/all|blocklist.de/mail|ziyadnz/hourly-ipv4,blocklist.de|brute-force|apache|rfi|ddos|spam|mail|ziyadnz|hourly,2026-08-17T18:48:05Z,2026-08-17T18:48:05Z,
45.249.245.54,ipv4,attack,high,WHITE,blocklist.de/all|blocklist.de/mail|ziyadnz/hourly-ipv4,blocklist.de|brute-force|apache|rfi|ddos|spam|mail|ziyadnz|hourly,2026-08-17T18:48:05Z,2026-08-17T18:48:05Z,
45.250.170.88,ipv4,attack,high,WHITE,blocklist.de/all|blocklist.de/mail|ziyadnz/hourly-ipv4,blocklist.de|brute-force|apache|rfi|ddos|spam|mail|ziyadnz|hourly,2026-08-17T18:48:05Z,2026-08-17T18:48:05Z,
45.32.195.225,ipv4,attack,high,WHITE,blocklist.de/all|blocklist.de/mail|ziyadnz/hourly-ipv4,blocklist.de|brute-force|apache|rfi|ddos|spam|mail|ziyadnz|hourly,2026-08-17T18:48:05Z,2026-08-17T18:48:05Z,
45.32.36.158,ipv4,attack,high,WHITE,blocklist.de/all|blocklist.de/mail|ziyadnz/hourly-ipv4,blocklist.de|brute-force|apache|rfi|ddos|spam|mail|ziyadnz|hourly,2026-08-17T18:48:05Z,2026-08-17T18:48:05Z,
45.33.62.173,ipv4,attack,high,WHITE,blocklist.de/all|blocklist.de/apache|ziyadnz/hourly-ipv4,blocklist.de|brute-force|apache|rfi|ddos|spam|mail|ziyadnz|hourly,2026-08-17T18:48:05Z,2026-08-17T18:48:05Z,
45.61.184.74,ipv4,attack,medium,WHITE,blocklist.de/all|ziyadnz/hourly-ipv4,blocklist.de|brute-force|apache|rfi|ddos|spam|mail|ziyadnz|hourly,2026-08-17T18:48:05Z,2026-08-17T18:48:05Z,
45.61.187.218,ipv4,attack,medium,WHITE,blocklist.de/all|ziyadnz/hourly-ipv4,blocklist.de|brute-force|apache|rfi|ddos|spam|mail|ziyadnz|hourly,2026-08-17T18:48:05Z,2026-08-17T18:48:05Z,
45.61.188.18,ipv4,attack,medium,WHITE,blocklist.de/all|ziyadnz/hourly-ipv4,blocklist.de|brute-force|apache|rfi|ddos|spam|mail|ziyadnz|hourly,2026-08-17T18:48:05Z,2026-08-17T18:48:05Z,
45.61.59.237,ipv4,attack,high,WHITE,blocklist.de/all|blocklist.de/mail|ziyadnz/hourly-ipv4,blocklist.de|brute-force|apache|rfi|ddos|spam|mail|ziyadnz|hourly,2026-08-17T18:48:05Z,2026-08-17T18:48:05Z,
45.63.121.159,ipv4,attack,high,WHITE,blocklist.de/all|blocklist.de/mail|ziyadnz/hourly-ipv4,blocklist.de|brute-force|apache|rfi|ddos|spam|mail|ziyadnz|hourly,2026-08-17T18:48:05Z,2026-08-17T18:48:05Z,
45.63.86.120,ipv4,attack,high,WHITE,blocklist.de/all|blocklist.de/mail|ziyadnz/hourly-ipv4,blocklist.de|brute-force|apache|rfi|ddos|spam|mail|ziyadnz|hourly,2026-08-17T18:48:05Z,2026-08-17T18:48:05Z,
45.65.222.52,ipv4,attack,high,WHITE,blocklist.de/all|blocklist.de/mail|ziyadnz/hourly-ipv4,blocklist.de|brute-force|apache|rfi|ddos|spam|mail|ziyadnz|hourly,2026-08-17T18:48:05Z,2026-08-17T18:48:05Z,
45.76.130.43,ipv4,attack,high,WHITE,blocklist.de/all|blocklist.de/mail|ziyadnz/hourly-ipv4,blocklist.de|brute-force|apache|rfi|ddos|spam|mail|ziyadnz|hourly,2026-08-17T18:48:05Z,2026-08-17T18:48:05Z,
45.79.189.112,ipv4,attack,high,WHITE,blocklist.de/all|blocklist.de/apache|ziyadnz/hourly-ipv4,blocklist.de|brute-force|apache|rfi|ddos|spam|mail|ziyadnz|hourly,2026-08-17T18:48:05Z,2026-08-17T18:48:05Z,
45.8.19.240,ipv4,attack,high,WHITE,blocklist.de/all|blocklist.de/mail|ziyadnz/hourly-ipv4,blocklist.de|brute-force|apache|rfi|ddos|spam|mail|ziyadnz|hourly,2026-08-17T18:48:05Z,2026-08-17T18:48:05Z,
45.95.232.35,ipv4,attack,high,WHITE,blocklist.de/all|blocklist.de/mail|ziyadnz/hourly-ipv4,blocklist.de|brute-force|apache|rfi|ddos|spam|mail|ziyadnz|hourly,2026-08-17T18:48:05Z,2026-08-17T18:48:05Z,
46.100.5.224,ipv4,attack,high,WHITE,blocklist.de/all|blocklist.de/mail|ziyadnz/hourly-ipv4,blocklist.de|brute-force|apache|rfi|ddos|spam|mail|ziyadnz|hourly,2026-08-17T18:48:05Z,2026-08-17T18:48:05Z,
46.105.160.251,ipv4,attack,medium,WHITE,blocklist.de/all|ziyadnz/hourly-ipv4,blocklist.de|brute-force|apache|rfi|ddos|spam|mail|ziyadnz|hourly,2026-08-17T18:48:05Z,2026-08-17T18:48:05Z,
46.19.137.194,ipv4,attack,medium,WHITE,blocklist.de/all|ziyadnz/hourly-ipv4,blocklist.de|brute-force|apache|rfi|ddos|spam|mail|ziyadnz|hourly,2026-08-17T18:48:05Z,2026-08-17T18:48:05Z,
46.21.153.58,ipv4,attack,medium,WHITE,blocklist.de/all|ziyadnz/hourly-ipv4,blocklist.de|brute-force|apache|rfi|ddos|spam|mail|ziyadnz|hourly,2026-08-17T18:48:05Z,2026-08-17T18:48:05Z,
46.210.107.161,ipv4,attack,high,WHITE,blocklist.de/all|blocklist.de/mail|ziyadnz/hourly-ipv4,blocklist.de|brute-force|apache|rfi|ddos|spam|mail|ziyadnz|hourly,2026-08-17T18:48:05Z,2026-08-17T18:48:05Z,
46.232.235.177,ipv4,attack,high,WHITE,blocklist.de/all|blocklist.de/apache|ziyadnz/hourly-ipv4,blocklist.de|brute-force|apache|rfi|ddos|spam|mail|ziyadnz|hourly,2026-08-17T18:48:05Z,2026-08-17T18:48:05Z,
46.29.234.126,ipv4,attack,medium,WHITE,blocklist.de/all|ziyadnz/hourly-ipv4,blocklist.de|brute-force|apache|rfi|ddos|spam|mail|ziyadnz|hourly,2026-08-17T18:48:05Z,2026-08-17T18:48:05Z,
46.35.178.104,ipv4,attack,high,WHITE,blocklist.de/all|blocklist.de/mail|ziyadnz/hourly-ipv4,blocklist.de|brute-force|apache|rfi|ddos|spam|mail|ziyadnz|hourly,2026-08-17T18:48:05Z,2026-08-17T18:48:05Z,
46.44.36.143,ipv4,attack,high,WHITE,blocklist.de/all|blocklist.de/mail|ziyadnz/hourly-ipv4,blocklist.de|brute-force|apache|rfi|ddos|spam|mail|ziyadnz|hourly,2026-08-17T18:48:05Z,2026-08-17T18:48:05Z,
46.6.125.115,ipv4,attack,high,WHITE,blocklist.de/all|blocklist.de/mail|ziyadnz/hourly-ipv4,blocklist.de|brute-force|apache|rfi|ddos|spam|mail|ziyadnz|hourly,2026-08-17T18:48:05Z,2026-08-17T18:48:05Z,
46.72.125.248,ipv4,attack,high,WHITE,blocklist.de/all|blocklist.de/mail|ziyadnz/hourly-ipv4,blocklist.de|brute-force|apache|rfi|ddos|spam|mail|ziyadnz|hourly,2026-08-17T18:48:05Z,2026-08-17T18:48:05Z,
47.112.237.28,ipv4,attack,medium,WHITE,blocklist.de/all|ziyadnz/hourly-ipv4,blocklist.de|brute-force|apache|rfi|ddos|spam|mail|ziyadnz|hourly,2026-08-17T18:48:05Z,2026-08-17T18:48:05Z,
47.237.86.38,ipv4,attack,medium,WHITE,blocklist.de/all|blocklist.de/mail,blocklist.de|brute-force|apache|rfi|ddos|spam|mail|ziyadnz|hourly,2026-08-17T18:48:05Z,2026-08-17T18:48:05Z,
47.251.108.43,ipv4,attack,high,WHITE,blocklist.de/all|blocklist.de/apache|ziyadnz/hourly-ipv4,blocklist.de|brute-force|apache|rfi|ddos|spam|mail|ziyadnz|hourly,2026-08-17T18:48:05Z,2026-08-17T18:48:05Z,
47.77.182.54,ipv4,attack,medium,WHITE,blocklist.de/all|ziyadnz/hourly-ipv4,blocklist.de|brute-force|apache|rfi|ddos|spam|mail|ziyadnz|hourly,2026-08-17T18:48:05Z,2026-08-17T18:48:05Z,
47.85.102.169,ipv4,attack,high,WHITE,blocklist.de/all|blocklist.de/apache|ziyadnz/hourly-ipv4,blocklist.de|brute-force|apache|rfi|ddos|spam|mail|ziyadnz|hourly,2026-08-17T18:48:05Z,2026-08-17T18:48:05Z,
47.95.234.23,ipv4,attack,medium,WHITE,blocklist.de/all|ziyadnz/hourly-ipv4,blocklist.de|brute-force|apache|rfi|ddos|spam|mail|ziyadnz|hourly,2026-08-17T18:48:05Z,2026-08-17T18:48:05Z,
49.115.219.90,ipv4,attack,high,WHITE,blocklist.de/all|blocklist.de/mail|ziyadnz/hourly-ipv4,blocklist.de|brute-force|apache|rfi|ddos|spam|mail|ziyadnz|hourly,2026-08-17T18:48:05Z,2026-08-17T18:48:05Z,
49.124.147.101,ipv4,attack,high,WHITE,blocklist.de/all|blocklist.de/mail|ziyadnz/hourly-ipv4,blocklist.de|brute-force|apache|rfi|ddos|spam|mail|ziyadnz|hourly,2026-08-17T18:48:05Z,2026-08-17T18:48:05Z,
49.124.147.118,ipv4,attack,high,WHITE,blocklist.de/all|blocklist.de/mail|ziyadnz/hourly-ipv4,blocklist.de|brute-force|apache|rfi|ddos|spam|mail|ziyadnz|hourly,2026-08-17T18:48:05Z,2026-08-17T18:48:05Z,
49.124.148.185,ipv4,attack,high,WHITE,blocklist.de/all|blocklist.de/mail|ziyadnz/hourly-ipv4,blocklist.de|brute-force|apache|rfi|ddos|spam|mail|ziyadnz|hourly,2026-08-17T18:48:05Z,2026-08-17T18:48:05Z,
49.124.150.254,ipv4,attack,high,WHITE,blocklist.de/all|blocklist.de/mail|ziyadnz/hourly-ipv4,blocklist.de|brute-force|apache|rfi|ddos|spam|mail|ziyadnz|hourly,2026-08-17T18:48:05Z,2026-08-17T18:48:05Z,
49.124.152.177,ipv4,attack,high,WHITE,blocklist.de/all|blocklist.de/mail|ziyadnz/hourly-ipv4,blocklist.de|brute-force|apache|rfi|ddos|spam|mail|ziyadnz|hourly,2026-08-17T18:48:05Z,2026-08-17T18:48:05Z,
49.124.152.218,ipv4,attack,high,WHITE,blocklist.de/all|blocklist.de/mail|ziyadnz/hourly-ipv4,blocklist.de|brute-force|apache|rfi|ddos|spam|mail|ziyadnz|hourly,2026-08-17T18:48:05Z,2026-08-17T18:48:05Z,
49.124.153.37,ipv4,attack,high,WHITE,blocklist.de/all|blocklist.de/mail|ziyadnz/hourly-ipv4,blocklist.de|brute-force|apache|rfi|ddos|spam|mail|ziyadnz|hourly,2026-08-17T18:48:05Z,2026-08-17T18:48:05Z,
49.124.153.51,ipv4,attack,high,WHITE,blocklist.de/all|blocklist.de/mail|ziyadnz/hourly-ipv4,blocklist.de|brute-force|apache|rfi|ddos|spam|mail|ziyadnz|hourly,2026-08-17T18:48:05Z,2026-08-17T18:48:05Z,
49.124.159.189,ipv4,attack,high,WHITE,blocklist.de/all|blocklist.de/mail|ziyadnz/hourly-ipv4,blocklist.de|brute-force|apache|rfi|ddos|spam|mail|ziyadnz|hourly,2026-08-17T18:48:05Z,2026-08-17T18:48:05Z,
49.206.194.29,ipv4,attack,high,WHITE,blocklist.de/all|blocklist.de/mail|ziyadnz/hourly-ipv4,blocklist.de|brute-force|apache|rfi|ddos|spam|mail|ziyadnz|hourly,2026-08-17T18:48:05Z,2026-08-17T18:48:05Z,
49.235.35.175,ipv4,attack,medium,WHITE,blocklist.de/all|ziyadnz/hourly-ipv4,blocklist.de|brute-force|apache|rfi|ddos|spam|mail|ziyadnz|hourly,2026-08-17T18:48:05Z,2026-08-17T18:48:05Z,
49.249.76.219,ipv4,attack,high,WHITE,blocklist.de/all|blocklist.de/mail|ziyadnz/hourly-ipv4,blocklist.de|brute-force|apache|rfi|ddos|spam|mail|ziyadnz|hourly,2026-08-17T18:48:05Z,2026-08-17T18:48:05Z,
49.75.185.71,ipv4,attack,medium,WHITE,blocklist.de/all|ziyadnz/hourly-ipv4,blocklist.de|brute-force|apache|rfi|ddos|spam|mail|ziyadnz|hourly,2026-08-17T18:48:05Z,2026-08-17T18:48:05Z,
49.77.20.217,ipv4,attack,high,WHITE,blocklist.de/all|blocklist.de/mail|ziyadnz/hourly-ipv4,blocklist.de|brute-force|apache|rfi|ddos|spam|mail|ziyadnz|hourly,2026-08-17T18:48:05Z,2026-08-17T18:48:05Z,
5.11.162.163,ipv4,attack,high,WHITE,blocklist.de/all|blocklist.de/mail|ziyadnz/hourly-ipv4,blocklist.de|brute-force|apache|rfi|ddos|spam|mail|ziyadnz|hourly,2026-08-17T18:48:05Z,2026-08-17T18:48:05Z,
5.135.244.134,ipv4,attack,high,WHITE,blocklist.de/all|blocklist.de/mail|ziyadnz/hourly-ipv4,blocklist.de|brute-force|apache|rfi|ddos|spam|mail|ziyadnz|hourly,2026-08-17T18:48:05Z,2026-08-17T18:48:05Z,
5.164.26.191,ipv4,attack,high,WHITE,blocklist.de/all|blocklist.de/mail|ziyadnz/hourly-ipv4,blocklist.de|brute-force|apache|rfi|ddos|spam|mail|ziyadnz|hourly,2026-08-17T18:48:05Z,2026-08-17T18:48:05Z,
5.253.204.204,ipv4,attack,high,WHITE,blocklist.de/all|blocklist.de/apache|ziyadnz/hourly-ipv4,blocklist.de|brute-force|apache|rfi|ddos|spam|mail|ziyadnz|hourly,2026-08-17T18:48:05Z,2026-08-17T18:48:05Z,
5.26.29.240,ipv4,attack,high,WHITE,blocklist.de/all|blocklist.de/mail|ziyadnz/hourly-ipv4,blocklist.de|brute-force|apache|rfi|ddos|spam|mail|ziyadnz|hourly,2026-08-17T18:48:05Z,2026-08-17T18:48:05Z,
5.32.107.6,ipv4,attack,high,WHITE,blocklist.de/all|blocklist.de/mail|ziyadnz/hourly-ipv4,blocklist.de|brute-force|apache|rfi|ddos|spam|mail|ziyadnz|hourly,2026-08-17T18:48:05Z,2026-08-17T18:48:05Z,
5.32.61.6,ipv4,attack,high,WHITE,blocklist.de/all|blocklist.de/mail|ziyadnz/hourly-ipv4,blocklist.de|brute-force|apache|rfi|ddos|spam|mail|ziyadnz|hourly,2026-08-17T18:48:05Z,2026-08-17T18:48:05Z,
5.83.129.219,ipv4,attack,medium,WHITE,blocklist.de/all|ziyadnz/hourly-ipv4,blocklist.de|brute-force|apache|rfi|ddos|spam|mail|ziyadnz|hourly,2026-08-17T18:48:05Z,2026-08-17T18:48:05Z,
50.116.52.173,ipv4,attack,high,WHITE,blocklist.de/all|blocklist.de/apache|ziyadnz/hourly-ipv4,blocklist.de|brute-force|apache|rfi|ddos|spam|mail|ziyadnz|hourly,2026-08-17T18:48:05Z,2026-08-17T18:48:05Z,
50.116.52.199,ipv4,attack,high,WHITE,blocklist.de/all|blocklist.de/mail|ziyadnz/hourly-ipv4,blocklist.de|brute-force|apache|rfi|ddos|spam|mail|ziyadnz|hourly,2026-08-17T18:48:05Z,2026-08-17T18:48:05Z,
50.116.72.11,ipv4,attack,medium,WHITE,blocklist.de/all|ziyadnz/hourly-ipv4,blocklist.de|brute-force|apache|rfi|ddos|spam|mail|ziyadnz|hourly,2026-08-17T18:48:05Z,2026-08-17T18:48:05Z,
50.121.186.125,ipv4,attack,high,WHITE,blocklist.de/all|blocklist.de/mail|ziyadnz/hourly-ipv4,blocklist.de|brute-force|apache|rfi|ddos|spam|mail|ziyadnz|hourly,2026-08-17T18:48:05Z,2026-08-17T18:48:05Z,
50.217.40.11,ipv4,attack,high,WHITE,blocklist.de/all|blocklist.de/mail|ziyadnz/hourly-ipv4,blocklist.de|brute-force|apache|rfi|ddos|spam|mail|ziyadnz|hourly,2026-08-17T18:48:05Z,2026-08-17T18:48:05Z,
50.223.176.171,ipv4,attack,high,WHITE,blocklist.de/all|blocklist.de/mail|ziyadnz/hourly-ipv4,blocklist.de|brute-force|apache|rfi|ddos|spam|mail|ziyadnz|hourly,2026-08-17T18:48:05Z,2026-08-17T18:48:05Z,
50.231.243.28,ipv4,attack,high,WHITE,blocklist.de/all|blocklist.de/mail|ziyadnz/hourly-ipv4,blocklist.de|brute-force|apache|rfi|ddos|spam|mail|ziyadnz|hourly,2026-08-17T18:48:05Z,2026-08-17T18:48:05Z,
50.25.65.7,ipv4,attack,high,WHITE,blocklist.de/all|blocklist.de/mail|ziyadnz/hourly-ipv4,blocklist.de|brute-force|apache|rfi|ddos|spam|mail|ziyadnz|hourly,2026-08-17T18:48:05Z,2026-08-17T18:48:05Z,
50.74.136.134,ipv4,attack,high,WHITE,blocklist.de/all|blocklist.de/mail|ziyadnz/hourly-ipv4,blocklist.de|brute-force|apache|rfi|ddos|spam|mail|ziyadnz|hourly,2026-08-17T18:48:05Z,2026-08-17T18:48:05Z,
51.103.131.31,ipv4,attack,high,WHITE,blocklist.de/all|blocklist.de/apache|ziyadnz/hourly-ipv4,blocklist.de|brute-force|apache|rfi|ddos|spam|mail|ziyadnz|hourly,2026-08-17T18:48:05Z,2026-08-17T18:48:05Z,
51.107.190.246,ipv4,attack,high,WHITE,blocklist.de/all|blocklist.de/apache|ziyadnz/hourly-ipv4,blocklist.de|brute-force|apache|rfi|ddos|spam|mail|ziyadnz|hourly,2026-08-17T18:48:05Z,2026-08-17T18:48:05Z,
51.116.180.165,ipv4,attack,high,WHITE,blocklist.de/all|blocklist.de/apache|ziyadnz/hourly-ipv4,blocklist.de|brute-force|apache|rfi|ddos|spam|mail|ziyadnz|hourly,2026-08-17T18:48:05Z,2026-08-17T18:48:05Z,
51.12.221.15,ipv4,attack,medium,WHITE,blocklist.de/all|ziyadnz/hourly-ipv4,blocklist.de|brute-force|apache|rfi|ddos|spam|mail|ziyadnz|hourly,2026-08-17T18:48:05Z,2026-08-17T18:48:05Z,
51.170.84.58,ipv4,attack,high,WHITE,blocklist.de/all|blocklist.de/apache|ziyadnz/hourly-ipv4,blocklist.de|brute-force|apache|rfi|ddos|spam|mail|ziyadnz|hourly,2026-08-17T18:48:05Z,2026-08-17T18:48:05Z,
51.254.162.254,ipv4,attack,medium,WHITE,blocklist.de/all|ziyadnz/hourly-ipv4,blocklist.de|brute-force|apache|rfi|ddos|spam|mail|ziyadnz|hourly,2026-08-17T18:48:05Z,2026-08-17T18:48:05Z,
51.38.189.46,ipv4,attack,high,WHITE,blocklist.de/all|blocklist.de/mail|ziyadnz/hourly-ipv4,blocklist.de|brute-force|apache|rfi|ddos|spam|mail|ziyadnz|hourly,2026-08-17T18:48:05Z,2026-08-17T18:48:05Z,
51.68.67.100,ipv4,attack,high,WHITE,blocklist.de/all|blocklist.de/mail|ziyadnz/hourly-ipv4,blocklist.de|brute-force|apache|rfi|ddos|spam|mail|ziyadnz|hourly,2026-08-17T18:48:05Z,2026-08-17T18:48:05Z,
51.77.30.48,ipv4,attack,high,WHITE,blocklist.de/all|blocklist.de/mail|ziyadnz/hourly-ipv4,blocklist.de|brute-force|apache|rfi|ddos|spam|mail|ziyadnz|hourly,2026-08-17T18:48:05Z,2026-08-17T18:48:05Z,
51.81.109.98,ipv4,attack,medium,WHITE,blocklist.de/all|ziyadnz/hourly-ipv4,blocklist.de|brute-force|apache|rfi|ddos|spam|mail|ziyadnz|hourly,2026-08-17T18:48:05Z,2026-08-17T18:48:05Z,
51.81.37.150,ipv4,attack,medium,WHITE,blocklist.de/all|ziyadnz/hourly-ipv4,blocklist.de|brute-force|apache|rfi|ddos|spam|mail|ziyadnz|hourly,2026-08-17T18:48:05Z,2026-08-17T18:48:05Z,
51.83.5.110,ipv4,attack,medium,WHITE,blocklist.de/all|ziyadnz/hourly-ipv4,blocklist.de|brute-force|apache|rfi|ddos|spam|mail|ziyadnz|hourly,2026-08-17T18:48:05Z,2026-08-17T18:48:05Z,
51.89.129.205,ipv4,attack,medium,WHITE,blocklist.de/all|ziyadnz/hourly-ipv4,blocklist.de|brute-force|apache|rfi|ddos|spam|mail|ziyadnz|hourly,2026-08-17T18:48:05Z,2026-08-17T18:48:05Z,
51.89.15.49,ipv4,attack,high,WHITE,blocklist.de/all|blocklist.de/apache|ziyadnz/hourly-ipv4,blocklist.de|brute-force|apache|rfi|ddos|spam|mail|ziyadnz|hourly,2026-08-17T18:48:05Z,2026-08-17T18:48:05Z,
52.238.210.254,ipv4,attack,high,WHITE,blocklist.de/all|blocklist.de/apache|ziyadnz/hourly-ipv4,blocklist.de|brute-force|apache|rfi|ddos|spam|mail|ziyadnz|hourly,2026-08-17T18:48:05Z,2026-08-17T18:48:05Z,
54.160.212.81,ipv4,attack,medium,WHITE,blocklist.de/all,blocklist.de|brute-force|apache|rfi|ddos|spam|mail|ziyadnz|hourly,2026-08-17T18:48:05Z,2026-08-17T18:48:05Z,
54.221.141.122,ipv4,attack,medium,WHITE,blocklist.de/all|ziyadnz/hourly-ipv4,blocklist.de|brute-force|apache|rfi|ddos|spam|mail|ziyadnz|hourly,2026-08-17T18:48:05Z,2026-08-17T18:48:05Z,
54.232.149.4,ipv4,attack,high,WHITE,blocklist.de/all|blocklist.de/apache|ziyadnz/hourly-ipv4,blocklist.de|brute-force|apache|rfi|ddos|spam|mail|ziyadnz|hourly,2026-08-17T18:48:05Z,2026-08-17T18:48:05Z,
54.247.214.220,ipv4,attack,medium,WHITE,blocklist.de/all,blocklist.de|brute-force|apache|rfi|ddos|spam|mail|ziyadnz|hourly,2026-08-17T18:48:05Z,2026-08-17T18:48:05Z,
58.153.114.155,ipv4,attack,high,WHITE,blocklist.de/all|blocklist.de/mail|ziyadnz/hourly-ipv4,blocklist.de|brute-force|apache|rfi|ddos|spam|mail|ziyadnz|hourly,2026-08-17T18:48:05Z,2026-08-17T18:48:05Z,
58.17.128.7,ipv4,attack,high,WHITE,blocklist.de/all|blocklist.de/mail|ziyadnz/hourly-ipv4,blocklist.de|brute-force|apache|rfi|ddos|spam|mail|ziyadnz|hourly,2026-08-17T18:48:05Z,2026-08-17T18:48:05Z,
58.17.6.119,ipv4,attack,high,WHITE,blocklist.de/all|blocklist.de/mail|ziyadnz/hourly-ipv4,blocklist.de|brute-force|apache|rfi|ddos|spam|mail|ziyadnz|hourly,2026-08-17T18:48:05Z,2026-08-17T18:48:05Z,
58.222.86.210,ipv4,attack,high,WHITE,blocklist.de/all|blocklist.de/mail|ziyadnz/hourly-ipv4,blocklist.de|brute-force|apache|rfi|ddos|spam|mail|ziyadnz|hourly,2026-08-17T18:48:05Z,2026-08-17T18:48:05Z,
58.30.60.250,ipv4,attack,high,WHITE,blocklist.de/all|blocklist.de/mail|ziyadnz/hourly-ipv4,blocklist.de|brute-force|apache|rfi|ddos|spam|mail|ziyadnz|hourly,2026-08-17T18:48:05Z,2026-08-17T18:48:05Z,
58.34.174.90,ipv4,attack,high,WHITE,blocklist.de/all|blocklist.de/mail|ziyadnz/hourly-ipv4,blocklist.de|brute-force|apache|rfi|ddos|spam|mail|ziyadnz|hourly,2026-08-17T18:48:05Z,2026-08-17T18:48:05Z,
58.37.196.39,ipv4,attack,high,WHITE,blocklist.de/all|blocklist.de/mail|ziyadnz/hourly-ipv4,blocklist.de|brute-force|apache|rfi|ddos|spam|mail|ziyadnz|hourly,2026-08-17T18:48:05Z,2026-08-17T18:48:05Z,
58.56.128.190,ipv4,attack,high,WHITE,blocklist.de/all|blocklist.de/mail|ziyadnz/hourly-ipv4,blocklist.de|brute-force|apache|rfi|ddos|spam|mail|ziyadnz|hourly,2026-08-17T18:48:05Z,2026-08-17T18:48:05Z,
58.58.130.22,ipv4,attack,high,WHITE,blocklist.de/all|blocklist.de/mail|ziyadnz/hourly-ipv4,blocklist.de|brute-force|apache|rfi|ddos|spam|mail|ziyadnz|hourly,2026-08-17T18:48:05Z,2026-08-17T18:48:05Z,
58.8.48.178,ipv4,attack,high,WHITE,blocklist.de/all|blocklist.de/mail|ziyadnz/hourly-ipv4,blocklist.de|brute-force|apache|rfi|ddos|spam|mail|ziyadnz|hourly,2026-08-17T18:48:05Z,2026-08-17T18:48:05Z,
59.177.12.54,ipv4,attack,high,WHITE,blocklist.de/all|blocklist.de/mail|ziyadnz/hourly-ipv4,blocklist.de|brute-force|apache|rfi|ddos|spam|mail|ziyadnz|hourly,2026-08-17T18:48:05Z,2026-08-17T18:48:05Z,
59.24.131.89,ipv4,attack,high,WHITE,blocklist.de/all|blocklist.de/mail|ziyadnz/hourly-ipv4,blocklist.de|brute-force|apache|rfi|ddos|spam|mail|ziyadnz|hourly,2026-08-17T18:48:05Z,2026-08-17T18:48:05Z,
59.48.40.6,ipv4,attack,high,WHITE,blocklist.de/all|blocklist.de/mail|ziyadnz/hourly-ipv4,blocklist.de|brute-force|apache|rfi|ddos|spam|mail|ziyadnz|hourly,2026-08-17T18:48:05Z,2026-08-17T18:48:05Z,
59.5.108.192,ipv4,attack,high,WHITE,blocklist.de/all|blocklist.de/mail|ziyadnz/hourly-ipv4,blocklist.de|brute-force|apache|rfi|ddos|spam|mail|ziyadnz|hourly,2026-08-17T18:48:05Z,2026-08-17T18:48:05Z,
59.8.111.106,ipv4,attack,high,WHITE,blocklist.de/all|blocklist.de/mail|ziyadnz/hourly-ipv4,blocklist.de|brute-force|apache|rfi|ddos|spam|mail|ziyadnz|hourly,2026-08-17T18:48:05Z,2026-08-17T18:48:05Z,
59.8.50.83,ipv4,attack,high,WHITE,blocklist.de/all|blocklist.de/mail|ziyadnz/hourly-ipv4,blocklist.de|brute-force|apache|rfi|ddos|spam|mail|ziyadnz|hourly,2026-08-17T18:48:05Z,2026-08-17T18:48:05Z,
59.90.30.233,ipv4,attack,high,WHITE,blocklist.de/all|blocklist.de/mail|ziyadnz/hourly-ipv4,blocklist.de|brute-force|apache|rfi|ddos|spam|mail|ziyadnz|hourly,2026-08-17T18:48:05Z,2026-08-17T18:48:05Z,
59.92.51.188,ipv4,attack,high,WHITE,blocklist.de/all|blocklist.de/mail|ziyadnz/hourly-ipv4,blocklist.de|brute-force|apache|rfi|ddos|spam|mail|ziyadnz|hourly,2026-08-17T18:48:05Z,2026-08-17T18:48:05Z,
59.93.107.172,ipv4,attack,high,WHITE,blocklist.de/all|blocklist.de/mail|ziyadnz/hourly-ipv4,blocklist.de|brute-force|apache|rfi|ddos|spam|mail|ziyadnz|hourly,2026-08-17T18:48:05Z,2026-08-17T18:48:05Z,
60.166.31.198,ipv4,attack,high,WHITE,blocklist.de/all|blocklist.de/mail|ziyadnz/hourly-ipv4,blocklist.de|brute-force|apache|rfi|ddos|spam|mail|ziyadnz|hourly,2026-08-17T18:48:05Z,2026-08-17T18:48:05Z,
60.166.8.174,ipv4,attack,high,WHITE,blocklist.de/all|blocklist.de/mail|ziyadnz/hourly-ipv4,blocklist.de|brute-force|apache|rfi|ddos|spam|mail|ziyadnz|hourly,2026-08-17T18:48:05Z,2026-08-17T18:48:05Z,
60.169.120.17,ipv4,attack,high,WHITE,blocklist.de/all|blocklist.de/mail|ziyadnz/hourly-ipv4,blocklist.de|brute-force|apache|rfi|ddos|spam|mail|ziyadnz|hourly,2026-08-17T18:48:05Z,2026-08-17T18:48:05Z,
60.171.135.254,ipv4,attack,high,WHITE,blocklist.de/all|blocklist.de/mail|ziyadnz/hourly-ipv4,blocklist.de|brute-force|apache|rfi|ddos|spam|mail|ziyadnz|hourly,2026-08-17T18:48:05Z,2026-08-17T18:48:05Z,
60.172.1.210,ipv4,attack,high,WHITE,blocklist.de/all|blocklist.de/mail|ziyadnz/hourly-ipv4,blocklist.de|brute-force|apache|rfi|ddos|spam|mail|ziyadnz|hourly,2026-08-17T18:48:05Z,2026-08-17T18:48:05Z,
60.172.230.184,ipv4,attack,high,WHITE,blocklist.de/all|blocklist.de/mail|ziyadnz/hourly-ipv4,blocklist.de|brute-force|apache|rfi|ddos|spam|mail|ziyadnz|hourly,2026-08-17T18:48:05Z,2026-08-17T18:48:05Z,
60.172.41.103,ipv4,attack,high,WHITE,blocklist.de/all|blocklist.de/mail|ziyadnz/hourly-ipv4,blocklist.de|brute-force|apache|rfi|ddos|spam|mail|ziyadnz|hourly,2026-08-17T18:48:05Z,2026-08-17T18:48:05Z,
60.172.54.36,ipv4,attack,high,WHITE,blocklist.de/all|blocklist.de/mail|ziyadnz/hourly-ipv4,blocklist.de|brute-force|apache|rfi|ddos|spam|mail|ziyadnz|hourly,2026-08-17T18:48:05Z,2026-08-17T18:48:05Z,
60.173.105.206,ipv4,attack,high,WHITE,blocklist.de/all|blocklist.de/mail|ziyadnz/hourly-ipv4,blocklist.de|brute-force|apache|rfi|ddos|spam|mail|ziyadnz|hourly,2026-08-17T18:48:05Z,2026-08-17T18:48:05Z,
60.174.35.18,ipv4,attack,high,WHITE,blocklist.de/all|blocklist.de/mail|ziyadnz/hourly-ipv4,blocklist.de|brute-force|apache|rfi|ddos|spam|mail|ziyadnz|hourly,2026-08-17T18:48:05Z,2026-08-17T18:48:05Z,
60.174.39.82,ipv4,attack,high,WHITE,blocklist.de/all|blocklist.de/mail|ziyadnz/hourly-ipv4,blocklist.de|brute-force|apache|rfi|ddos|spam|mail|ziyadnz|hourly,2026-08-17T18:48:05Z,2026-08-17T18:48:05Z,
60.175.91.53,ipv4,attack,high,WHITE,blocklist.de/all|blocklist.de/mail|ziyadnz/hourly-ipv4,blocklist.de|brute-force|apache|rfi|ddos|spam|mail|ziyadnz|hourly,2026-08-17T18:48:05Z,2026-08-17T18:48:05Z,
60.18.139.82,ipv4,attack,high,WHITE,blocklist.de/all|blocklist.de/mail|ziyadnz/hourly-ipv4,blocklist.de|brute-force|apache|rfi|ddos|spam|mail|ziyadnz|hourly,2026-08-17T18:48:05Z,2026-08-17T18:48:05Z,
60.212.0.13,ipv4,attack,high,WHITE,blocklist.de/all|blocklist.de/mail|ziyadnz/hourly-ipv4,blocklist.de|brute-force|apache|rfi|ddos|spam|mail|ziyadnz|hourly,2026-08-17T18:48:05Z,2026-08-17T18:48:05Z,
60.214.127.246,ipv4,attack,high,WHITE,blocklist.de/all|blocklist.de/mail|ziyadnz/hourly-ipv4,blocklist.de|brute-force|apache|rfi|ddos|spam|mail|ziyadnz|hourly,2026-08-17T18:48:05Z,2026-08-17T18:48:05Z,
60.223.239.151,ipv4,attack,high,WHITE,blocklist.de/all|blocklist.de/mail|ziyadnz/hourly-ipv4,blocklist.de|brute-force|apache|rfi|ddos|spam|mail|ziyadnz|hourly,2026-08-17T18:48:05Z,2026-08-17T18:48:05Z,
60.223.245.120,ipv4,attack,high,WHITE,blocklist.de/all|blocklist.de/mail|ziyadnz/hourly-ipv4,blocklist.de|brute-force|apache|rfi|ddos|spam|mail|ziyadnz|hourly,2026-08-17T18:48:05Z,2026-08-17T18:48:05Z,
60.223.250.50,ipv4,attack,high,WHITE,blocklist.de/all|blocklist.de/mail|ziyadnz/hourly-ipv4,blocklist.de|brute-force|apache|rfi|ddos|spam|mail|ziyadnz|hourly,2026-08-17T18:48:05Z,2026-08-17T18:48:05Z,
60.223.251.132,ipv4,attack,high,WHITE,blocklist.de/all|blocklist.de/mail|ziyadnz/hourly-ipv4,blocklist.de|brute-force|apache|rfi|ddos|spam|mail|ziyadnz|hourly,2026-08-17T18:48:05Z,2026-08-17T18:48:05Z,
61.1.105.105,ipv4,attack,high,WHITE,blocklist.de/all|blocklist.de/mail|ziyadnz/hourly-ipv4,blocklist.de|brute-force|apache|rfi|ddos|spam|mail|ziyadnz|hourly,2026-08-17T18:48:05Z,2026-08-17T18:48:05Z,
61.143.227.17,ipv4,attack,high,WHITE,blocklist.de/all|blocklist.de/mail|ziyadnz/hourly-ipv4,blocklist.de|brute-force|apache|rfi|ddos|spam|mail|ziyadnz|hourly,2026-08-17T18:48:05Z,2026-08-17T18:48:05Z,
61.145.163.164,ipv4,attack,high,WHITE,blocklist.de/all|blocklist.de/mail|ziyadnz/hourly-ipv4,blocklist.de|brute-force|apache|rfi|ddos|spam|mail|ziyadnz|hourly,2026-08-17T18:48:05Z,2026-08-17T18:48:05Z,
61.145.181.7,ipv4,attack,high,WHITE,blocklist.de/all|blocklist.de/mail|ziyadnz/hourly-ipv4,blocklist.de|brute-force|apache|rfi|ddos|spam|mail|ziyadnz|hourly,2026-08-17T18:48:05Z,2026-08-17T18:48:05Z,
61.146.129.133,ipv4,attack,high,WHITE,blocklist.de/all|blocklist.de/mail|ziyadnz/hourly-ipv4,blocklist.de|brute-force|apache|rfi|ddos|spam|mail|ziyadnz|hourly,2026-08-17T18:48:05Z,2026-08-17T18:48:05Z,
61.156.59.146,ipv4,attack,high,WHITE,blocklist.de/all|blocklist.de/mail|ziyadnz/hourly-ipv4,blocklist.de|brute-force|apache|rfi|ddos|spam|mail|ziyadnz|hourly,2026-08-17T18:48:05Z,2026-08-17T18:48:05Z,
61.164.57.90,ipv4,attack,medium,WHITE,blocklist.de/all|ziyadnz/hourly-ipv4,blocklist.de|brute-force|apache|rfi|ddos|spam|mail|ziyadnz|hourly,2026-08-17T18:48:05Z,2026-08-17T18:48:05Z,
61.169.112.210,ipv4,attack,high,WHITE,blocklist.de/all|blocklist.de/mail|ziyadnz/hourly-ipv4,blocklist.de|brute-force|apache|rfi|ddos|spam|mail|ziyadnz|hourly,2026-08-17T18:48:05Z,2026-08-17T18:48:05Z,
61.169.54.150,ipv4,attack,high,WHITE,blocklist.de/all|blocklist.de/mail|ziyadnz/hourly-ipv4,blocklist.de|brute-force|apache|rfi|ddos|spam|mail|ziyadnz|hourly,2026-08-17T18:48:05Z,2026-08-17T18:48:05Z,
61.184.128.210,ipv4,attack,high,WHITE,blocklist.de/all|blocklist.de/mail|ziyadnz/hourly-ipv4,blocklist.de|brute-force|apache|rfi|ddos|spam|mail|ziyadnz|hourly,2026-08-17T18:48:05Z,2026-08-17T18:48:05Z,
61.186.136.36,ipv4,attack,high,WHITE,blocklist.de/all|blocklist.de/mail|ziyadnz/hourly-ipv4,blocklist.de|brute-force|apache|rfi|ddos|spam|mail|ziyadnz|hourly,2026-08-17T18:48:05Z,2026-08-17T18:48:05Z,
61.191.145.123,ipv4,attack,high,WHITE,blocklist.de/all|blocklist.de/mail|ziyadnz/hourly-ipv4,blocklist.de|brute-force|apache|rfi|ddos|spam|mail|ziyadnz|hourly,2026-08-17T18:48:05Z,2026-08-17T18:48:05Z,
61.31.169.147,ipv4,attack,high,WHITE,blocklist.de/all|blocklist.de/mail|ziyadnz/hourly-ipv4,blocklist.de|brute-force|apache|rfi|ddos|spam|mail|ziyadnz|hourly,2026-08-17T18:48:05Z,2026-08-17T18:48:05Z,
61.6.206.13,ipv4,attack,high,WHITE,blocklist.de/all|blocklist.de/mail|ziyadnz/hourly-ipv4,blocklist.de|brute-force|apache|rfi|ddos|spam|mail|ziyadnz|hourly,2026-08-17T18:48:05Z,2026-08-17T18:48:05Z,
62.16.103.46,ipv4,attack,high,WHITE,blocklist.de/all|blocklist.de/mail|ziyadnz/hourly-ipv4,blocklist.de|brute-force|apache|rfi|ddos|spam|mail|ziyadnz|hourly,2026-08-17T18:48:05Z,2026-08-17T18:48:05Z,
62.164.177.54,ipv4,attack,high,WHITE,blocklist.de/all|blocklist.de/mail|ziyadnz/hourly-ipv4,blocklist.de|brute-force|apache|rfi|ddos|spam|mail|ziyadnz|hourly,2026-08-17T18:48:05Z,2026-08-17T18:48:05Z,
62.183.82.70,ipv4,attack,high,WHITE,blocklist.de/all|blocklist.de/mail|ziyadnz/hourly-ipv4,blocklist.de|brute-force|apache|rfi|ddos|spam|mail|ziyadnz|hourly,2026-08-17T18:48:05Z,2026-08-17T18:48:05Z,
62.192.226.83,ipv4,attack,high,WHITE,blocklist.de/all|blocklist.de/mail|ziyadnz/hourly-ipv4,blocklist.de|brute-force|apache|rfi|ddos|spam|mail|ziyadnz|hourly,2026-08-17T18:48:05Z,2026-08-17T18:48:05Z,
62.201.212.54,ipv4,attack,high,WHITE,blocklist.de/all|blocklist.de/mail|ziyadnz/hourly-ipv4,blocklist.de|brute-force|apache|rfi|ddos|spam|mail|ziyadnz|hourly,2026-08-17T18:48:05Z,2026-08-17T18:48:05Z,
62.210.142.172,ipv4,attack,high,WHITE,blocklist.de/all|blocklist.de/apache|ziyadnz/hourly-ipv4,blocklist.de|brute-force|apache|rfi|ddos|spam|mail|ziyadnz|hourly,2026-08-17T18:48:05Z,2026-08-17T18:48:05Z,
63.178.6.66,ipv4,attack,high,WHITE,blocklist.de/all|blocklist.de/apache|ziyadnz/hourly-ipv4,blocklist.de|brute-force|apache|rfi|ddos|spam|mail|ziyadnz|hourly,2026-08-17T18:48:05Z,2026-08-17T18:48:05Z,
63.40.119.254,ipv4,attack,high,WHITE,blocklist.de/all|blocklist.de/mail|ziyadnz/hourly-ipv4,blocklist.de|brute-force|apache|rfi|ddos|spam|mail|ziyadnz|hourly,2026-08-17T18:48:05Z,2026-08-17T18:48:05Z,
63.47.149.59,ipv4,attack,high,WHITE,blocklist.de/all|blocklist.de/mail|ziyadnz/hourly-ipv4,blocklist.de|brute-force|apache|rfi|ddos|spam|mail|ziyadnz|hourly,2026-08-17T18:48:05Z,2026-08-17T18:48:05Z,
64.117.0.42,ipv4,attack,high,WHITE,blocklist.de/all|blocklist.de/mail|ziyadnz/hourly-ipv4,blocklist.de|brute-force|apache|rfi|ddos|spam|mail|ziyadnz|hourly,2026-08-17T18:48:05Z,2026-08-17T18:48:05Z,
64.225.42.132,ipv4,attack,high,WHITE,blocklist.de/all|blocklist.de/apache|ziyadnz/hourly-ipv4,blocklist.de|brute-force|apache|rfi|ddos|spam|mail|ziyadnz|hourly,2026-08-17T18:48:05Z,2026-08-17T18:48:05Z,
64.226.119.22,ipv4,attack,high,WHITE,blocklist.de/all|blocklist.de/apache|ziyadnz/hourly-ipv4,blocklist.de|brute-force|apache|rfi|ddos|spam|mail|ziyadnz|hourly,2026-08-17T18:48:05Z,2026-08-17T18:48:05Z,
64.227.168.220,ipv4,attack,medium,WHITE,blocklist.de/all|ziyadnz/hourly-ipv4,blocklist.de|brute-force|apache|rfi|ddos|spam|mail|ziyadnz|hourly,2026-08-17T18:48:05Z,2026-08-17T18:48:05Z,
64.62.197.137,ipv4,attack,high,WHITE,blocklist.de/all|blocklist.de/mail|ziyadnz/hourly-ipv4,blocklist.de|brute-force|apache|rfi|ddos|spam|mail|ziyadnz|hourly,2026-08-17T18:48:05Z,2026-08-17T18:48:05Z,
64.62.197.152,ipv4,attack,high,WHITE,blocklist.de/all|blocklist.de/mail|ziyadnz/hourly-ipv4,blocklist.de|brute-force|apache|rfi|ddos|spam|mail|ziyadnz|hourly,2026-08-17T18:48:05Z,2026-08-17T18:48:05Z,
64.62.197.32,ipv4,attack,high,WHITE,blocklist.de/all|blocklist.de/mail|ziyadnz/hourly-ipv4,blocklist.de|brute-force|apache|rfi|ddos|spam|mail|ziyadnz|hourly,2026-08-17T18:48:05Z,2026-08-17T18:48:05Z,
64.62.197.77,ipv4,attack,high,WHITE,blocklist.de/all|blocklist.de/mail|ziyadnz/hourly-ipv4,blocklist.de|brute-force|apache|rfi|ddos|spam|mail|ziyadnz|hourly,2026-08-17T18:48:05Z,2026-08-17T18:48:05Z,
64.89.161.56,ipv4,attack,high,WHITE,blocklist.de/all|blocklist.de/mail|ziyadnz/hourly-ipv4,blocklist.de|brute-force|apache|rfi|ddos|spam|mail|ziyadnz|hourly,2026-08-17T18:48:05Z,2026-08-17T18:48:05Z,
64.89.162.15,ipv4,attack,high,WHITE,blocklist.de/all|blocklist.de/mail|ziyadnz/hourly-ipv4,blocklist.de|brute-force|apache|rfi|ddos|spam|mail|ziyadnz|hourly,2026-08-17T18:48:05Z,2026-08-17T18:48:05Z,
65.20.129.28,ipv4,attack,high,WHITE,blocklist.de/all|blocklist.de/mail|ziyadnz/hourly-ipv4,blocklist.de|brute-force|apache|rfi|ddos|spam|mail|ziyadnz|hourly,2026-08-17T18:48:05Z,2026-08-17T18:48:05Z,
65.20.133.208,ipv4,attack,high,WHITE,blocklist.de/all|blocklist.de/mail|ziyadnz/hourly-ipv4,blocklist.de|brute-force|apache|rfi|ddos|spam|mail|ziyadnz|hourly,2026-08-17T18:48:05Z,2026-08-17T18:48:05Z,
65.20.133.56,ipv4,attack,high,WHITE,blocklist.de/all|blocklist.de/mail|ziyadnz/hourly-ipv4,blocklist.de|brute-force|apache|rfi|ddos|spam|mail|ziyadnz|hourly,2026-08-17T18:48:05Z,2026-08-17T18:48:05Z,
65.20.143.45,ipv4,attack,high,WHITE,blocklist.de/all|blocklist.de/mail|ziyadnz/hourly-ipv4,blocklist.de|brute-force|apache|rfi|ddos|spam|mail|ziyadnz|hourly,2026-08-17T18:48:05Z,2026-08-17T18:48:05Z,
65.20.184.80,ipv4,attack,high,WHITE,blocklist.de/all|blocklist.de/mail|ziyadnz/hourly-ipv4,blocklist.de|brute-force|apache|rfi|ddos|spam|mail|ziyadnz|hourly,2026-08-17T18:48:05Z,2026-08-17T18:48:05Z,
65.20.202.4,ipv4,attack,high,WHITE,blocklist.de/all|blocklist.de/mail|ziyadnz/hourly-ipv4,blocklist.de|brute-force|apache|rfi|ddos|spam|mail|ziyadnz|hourly,2026-08-17T18:48:05Z,2026-08-17T18:48:05Z,
65.20.204.108,ipv4,attack,high,WHITE,blocklist.de/all|blocklist.de/mail|ziyadnz/hourly-ipv4,blocklist.de|brute-force|apache|rfi|ddos|spam|mail|ziyadnz|hourly,2026-08-17T18:48:05Z,2026-08-17T18:48:05Z,
65.20.204.88,ipv4,attack,high,WHITE,blocklist.de/all|blocklist.de/mail|ziyadnz/hourly-ipv4,blocklist.de|brute-force|apache|rfi|ddos|spam|mail|ziyadnz|hourly,2026-08-17T18:48:05Z,2026-08-17T18:48:05Z,
65.20.205.197,ipv4,attack,high,WHITE,blocklist.de/all|blocklist.de/mail|ziyadnz/hourly-ipv4,blocklist.de|brute-force|apache|rfi|ddos|spam|mail|ziyadnz|hourly,2026-08-17T18:48:05Z,2026-08-17T18:48:05Z,
65.20.251.41,ipv4,attack,high,WHITE,blocklist.de/all|blocklist.de/mail|ziyadnz/hourly-ipv4,blocklist.de|brute-force|apache|rfi|ddos|spam|mail|ziyadnz|hourly,2026-08-17T18:48:05Z,2026-08-17T18:48:05Z,
65.49.1.202,ipv4,attack,high,WHITE,blocklist.de/all|blocklist.de/mail|ziyadnz/hourly-ipv4,blocklist.de|brute-force|apache|rfi|ddos|spam|mail|ziyadnz|hourly,2026-08-17T18:48:05Z,2026-08-17T18:48:05Z,
66.132.186.180,ipv4,attack,high,WHITE,blocklist.de/all|blocklist.de/mail|ziyadnz/hourly-ipv4,blocklist.de|brute-force|apache|rfi|ddos|spam|mail|ziyadnz|hourly,2026-08-17T18:48:05Z,2026-08-17T18:48:05Z,
66.228.41.25,ipv4,attack,high,WHITE,blocklist.de/all|blocklist.de/mail|ziyadnz/hourly-ipv4,blocklist.de|brute-force|apache|rfi|ddos|spam|mail|ziyadnz|hourly,2026-08-17T18:48:05Z,2026-08-17T18:48:05Z,
66.45.144.201,ipv4,attack,high,WHITE,blocklist.de/all|blocklist.de/mail|ziyadnz/hourly-ipv4,blocklist.de|brute-force|apache|rfi|ddos|spam|mail|ziyadnz|hourly,2026-08-17T18:48:05Z,2026-08-17T18:48:05Z,
67.173.58.47,ipv4,attack,high,WHITE,blocklist.de/all|blocklist.de/mail|ziyadnz/hourly-ipv4,blocklist.de|brute-force|apache|rfi|ddos|spam|mail|ziyadnz|hourly,2026-08-17T18:48:05Z,2026-08-17T18:48:05Z,
67.43.240.149,ipv4,attack,high,WHITE,blocklist.de/all|blocklist.de/mail|ziyadnz/hourly-ipv4,blocklist.de|brute-force|apache|rfi|ddos|spam|mail|ziyadnz|hourly,2026-08-17T18:48:05Z,2026-08-17T18:48:05Z,
67.60.17.114,ipv4,attack,high,WHITE,blocklist.de/all|blocklist.de/mail|ziyadnz/hourly-ipv4,blocklist.de|brute-force|apache|rfi|ddos|spam|mail|ziyadnz|hourly,2026-08-17T18:48:05Z,2026-08-17T18:48:05Z,
67.85.146.216,ipv4,attack,high,WHITE,blocklist.de/all|blocklist.de/mail|ziyadnz/hourly-ipv4,blocklist.de|brute-force|apache|rfi|ddos|spam|mail|ziyadnz|hourly,2026-08-17T18:48:05Z,2026-08-17T18:48:05Z,
68.155.146.130,ipv4,attack,high,WHITE,blocklist.de/all|blocklist.de/apache|ziyadnz/hourly-ipv4,blocklist.de|brute-force|apache|rfi|ddos|spam|mail|ziyadnz|hourly,2026-08-17T18:48:05Z,2026-08-17T18:48:05Z,
68.155.155.23,ipv4,attack,high,WHITE,blocklist.de/all|blocklist.de/apache|ziyadnz/hourly-ipv4,blocklist.de|brute-force|apache|rfi|ddos|spam|mail|ziyadnz|hourly,2026-08-17T18:48:05Z,2026-08-17T18:48:05Z,
68.183.63.208,ipv4,attack,high,WHITE,blocklist.de/all|blocklist.de/apache|ziyadnz/hourly-ipv4,blocklist.de|brute-force|apache|rfi|ddos|spam|mail|ziyadnz|hourly,2026-08-17T18:48:05Z,2026-08-17T18:48:05Z,
68.221.130.146,ipv4,attack,high,WHITE,blocklist.de/all|blocklist.de/apache|ziyadnz/hourly-ipv4,blocklist.de|brute-force|apache|rfi|ddos|spam|mail|ziyadnz|hourly,2026-08-17T18:48:05Z,2026-08-17T18:48:05Z,
68.221.73.131,ipv4,attack,high,WHITE,blocklist.de/all|blocklist.de/apache|ziyadnz/hourly-ipv4,blocklist.de|brute-force|apache|rfi|ddos|spam|mail|ziyadnz|hourly,2026-08-17T18:48:05Z,2026-08-17T18:48:05Z,
68.225.61.18,ipv4,attack,high,WHITE,blocklist.de/all|blocklist.de/mail|ziyadnz/hourly-ipv4,blocklist.de|brute-force|apache|rfi|ddos|spam|mail|ziyadnz|hourly,2026-08-17T18:48:05Z,2026-08-17T18:48:05Z,
68.82.141.145,ipv4,attack,high,WHITE,blocklist.de/all|blocklist.de/mail|ziyadnz/hourly-ipv4,blocklist.de|brute-force|apache|rfi|ddos|spam|mail|ziyadnz|hourly,2026-08-17T18:48:05Z,2026-08-17T18:48:05Z,
69.113.69.92,ipv4,attack,medium,WHITE,blocklist.de/all|blocklist.de/mail,blocklist.de|brute-force|apache|rfi|ddos|spam|mail|ziyadnz|hourly,2026-08-17T18:48:05Z,2026-08-17T18:48:05Z,
69.164.219.46,ipv4,attack,high,WHITE,blocklist.de/all|blocklist.de/mail|ziyadnz/hourly-ipv4,blocklist.de|brute-force|apache|rfi|ddos|spam|mail|ziyadnz|hourly,2026-08-17T18:48:05Z,2026-08-17T18:48:05Z,
69.194.3.6,ipv4,attack,high,WHITE,blocklist.de/all|blocklist.de/mail|ziyadnz/hourly-ipv4,blocklist.de|brute-force|apache|rfi|ddos|spam|mail|ziyadnz|hourly,2026-08-17T18:48:05Z,2026-08-17T18:48:05Z,
69.5.169.140,ipv4,attack,high,WHITE,blocklist.de/all|blocklist.de/mail|ziyadnz/hourly-ipv4,blocklist.de|brute-force|apache|rfi|ddos|spam|mail|ziyadnz|hourly,2026-08-17T18:48:05Z,2026-08-17T18:48:05Z,
69.5.169.212,ipv4,attack,high,WHITE,blocklist.de/all|blocklist.de/mail|ziyadnz/hourly-ipv4,blocklist.de|brute-force|apache|rfi|ddos|spam|mail|ziyadnz|hourly,2026-08-17T18:48:05Z,2026-08-17T18:48:05Z,
70.167.233.181,ipv4,attack,medium,WHITE,blocklist.de/all|blocklist.de/mail,blocklist.de|brute-force|apache|rfi|ddos|spam|mail|ziyadnz|hourly,2026-08-17T18:48:05Z,2026-08-17T18:48:05Z,
70.169.11.150,ipv4,attack,high,WHITE,blocklist.de/all|blocklist.de/mail|ziyadnz/hourly-ipv4,blocklist.de|brute-force|apache|rfi|ddos|spam|mail|ziyadnz|hourly,2026-08-17T18:48:05Z,2026-08-17T18:48:05Z,
70.175.182.20,ipv4,attack,high,WHITE,blocklist.de/all|blocklist.de/mail|ziyadnz/hourly-ipv4,blocklist.de|brute-force|apache|rfi|ddos|spam|mail|ziyadnz|hourly,2026-08-17T18:48:05Z,2026-08-17T18:48:05Z,
70.183.232.69,ipv4,attack,high,WHITE,blocklist.de/all|blocklist.de/mail|ziyadnz/hourly-ipv4,blocklist.de|brute-force|apache|rfi|ddos|spam|mail|ziyadnz|hourly,2026-08-17T18:48:05Z,2026-08-17T18:48:05Z,
70.184.172.232,ipv4,attack,high,WHITE,blocklist.de/all|blocklist.de/mail|ziyadnz/hourly-ipv4,blocklist.de|brute-force|apache|rfi|ddos|spam|mail|ziyadnz|hourly,2026-08-17T18:48:05Z,2026-08-17T18:48:05Z,
70.89.116.5,ipv4,attack,high,WHITE,blocklist.de/all|blocklist.de/mail|ziyadnz/hourly-ipv4,blocklist.de|brute-force|apache|rfi|ddos|spam|mail|ziyadnz|hourly,2026-08-17T18:48:05Z,2026-08-17T18:48:05Z,
71.172.125.156,ipv4,attack,high,WHITE,blocklist.de/all|blocklist.de/mail|ziyadnz/hourly-ipv4,blocklist.de|brute-force|apache|rfi|ddos|spam|mail|ziyadnz|hourly,2026-08-17T18:48:05Z,2026-08-17T18:48:05Z,
71.229.1.186,ipv4,attack,high,WHITE,blocklist.de/all|blocklist.de/mail|ziyadnz/hourly-ipv4,blocklist.de|brute-force|apache|rfi|ddos|spam|mail|ziyadnz|hourly,2026-08-17T18:48:05Z,2026-08-17T18:48:05Z,
71.6.199.23,ipv4,attack,high,WHITE,blocklist.de/all|blocklist.de/mail|ziyadnz/hourly-ipv4,blocklist.de|brute-force|apache|rfi|ddos|spam|mail|ziyadnz|hourly,2026-08-17T18:48:05Z,2026-08-17T18:48:05Z,
72.11.48.172,ipv4,attack,high,WHITE,blocklist.de/all|blocklist.de/mail|ziyadnz/hourly-ipv4,blocklist.de|brute-force|apache|rfi|ddos|spam|mail|ziyadnz|hourly,2026-08-17T18:48:05Z,2026-08-17T18:48:05Z,
72.202.231.46,ipv4,attack,high,WHITE,blocklist.de/all|blocklist.de/mail|ziyadnz/hourly-ipv4,blocklist.de|brute-force|apache|rfi|ddos|spam|mail|ziyadnz|hourly,2026-08-17T18:48:05Z,2026-08-17T18:48:05Z,
72.214.79.233,ipv4,attack,high,WHITE,blocklist.de/all|blocklist.de/mail|ziyadnz/hourly-ipv4,blocklist.de|brute-force|apache|rfi|ddos|spam|mail|ziyadnz|hourly,2026-08-17T18:48:05Z,2026-08-17T18:48:05Z,
72.215.46.114,ipv4,attack,high,WHITE,blocklist.de/all|blocklist.de/mail|ziyadnz/hourly-ipv4,blocklist.de|brute-force|apache|rfi|ddos|spam|mail|ziyadnz|hourly,2026-08-17T18:48:05Z,2026-08-17T18:48:05Z,
73.129.57.71,ipv4,attack,high,WHITE,blocklist.de/all|blocklist.de/mail|ziyadnz/hourly-ipv4,blocklist.de|brute-force|apache|rfi|ddos|spam|mail|ziyadnz|hourly,2026-08-17T18:48:05Z,2026-08-17T18:48:05Z,
73.145.107.251,ipv4,attack,high,WHITE,blocklist.de/all|blocklist.de/mail|ziyadnz/hourly-ipv4,blocklist.de|brute-force|apache|rfi|ddos|spam|mail|ziyadnz|hourly,2026-08-17T18:48:05Z,2026-08-17T18:48:05Z,
73.183.115.109,ipv4,attack,high,WHITE,blocklist.de/all|blocklist.de/mail|ziyadnz/hourly-ipv4,blocklist.de|brute-force|apache|rfi|ddos|spam|mail|ziyadnz|hourly,2026-08-17T18:48:05Z,2026-08-17T18:48:05Z,
73.183.74.177,ipv4,attack,high,WHITE,blocklist.de/all|blocklist.de/mail|ziyadnz/hourly-ipv4,blocklist.de|brute-force|apache|rfi|ddos|spam|mail|ziyadnz|hourly,2026-08-17T18:48:05Z,2026-08-17T18:48:05Z,
73.197.236.163,ipv4,attack,high,WHITE,blocklist.de/all|blocklist.de/mail|ziyadnz/hourly-ipv4,blocklist.de|brute-force|apache|rfi|ddos|spam|mail|ziyadnz|hourly,2026-08-17T18:48:05Z,2026-08-17T18:48:05Z,
73.208.81.125,ipv4,attack,high,WHITE,blocklist.de/all|blocklist.de/mail|ziyadnz/hourly-ipv4,blocklist.de|brute-force|apache|rfi|ddos|spam|mail|ziyadnz|hourly,2026-08-17T18:48:05Z,2026-08-17T18:48:05Z,
73.213.236.66,ipv4,attack,high,WHITE,blocklist.de/all|blocklist.de/mail|ziyadnz/hourly-ipv4,blocklist.de|brute-force|apache|rfi|ddos|spam|mail|ziyadnz|hourly,2026-08-17T18:48:05Z,2026-08-17T18:48:05Z,
73.88.196.91,ipv4,attack,high,WHITE,blocklist.de/all|blocklist.de/mail|ziyadnz/hourly-ipv4,blocklist.de|brute-force|apache|rfi|ddos|spam|mail|ziyadnz|hourly,2026-08-17T18:48:05Z,2026-08-17T18:48:05Z,
74.197.220.5,ipv4,attack,high,WHITE,blocklist.de/all|blocklist.de/mail|ziyadnz/hourly-ipv4,blocklist.de|brute-force|apache|rfi|ddos|spam|mail|ziyadnz|hourly,2026-08-17T18:48:05Z,2026-08-17T18:48:05Z,
74.208.177.56,ipv4,attack,high,WHITE,blocklist.de/all|blocklist.de/mail|ziyadnz/hourly-ipv4,blocklist.de|brute-force|apache|rfi|ddos|spam|mail|ziyadnz|hourly,2026-08-17T18:48:05Z,2026-08-17T18:48:05Z,
74.248.130.103,ipv4,attack,high,WHITE,blocklist.de/all|blocklist.de/apache|ziyadnz/hourly-ipv4,blocklist.de|brute-force|apache|rfi|ddos|spam|mail|ziyadnz|hourly,2026-08-17T18:48:05Z,2026-08-17T18:48:05Z,
74.249.206.207,ipv4,attack,high,WHITE,blocklist.de/all|blocklist.de/apache|ziyadnz/hourly-ipv4,blocklist.de|brute-force|apache|rfi|ddos|spam|mail|ziyadnz|hourly,2026-08-17T18:48:05Z,2026-08-17T18:48:05Z,
74.50.98.193,ipv4,attack,medium,WHITE,blocklist.de/all|ziyadnz/hourly-ipv4,blocklist.de|brute-force|apache|rfi|ddos|spam|mail|ziyadnz|hourly,2026-08-17T18:48:05Z,2026-08-17T18:48:05Z,
76.143.253.230,ipv4,attack,high,WHITE,blocklist.de/all|blocklist.de/mail|ziyadnz/hourly-ipv4,blocklist.de|brute-force|apache|rfi|ddos|spam|mail|ziyadnz|hourly,2026-08-17T18:48:05Z,2026-08-17T18:48:05Z,
76.16.7.82,ipv4,attack,high,WHITE,blocklist.de/all|blocklist.de/mail|ziyadnz/hourly-ipv4,blocklist.de|brute-force|apache|rfi|ddos|spam|mail|ziyadnz|hourly,2026-08-17T18:48:05Z,2026-08-17T18:48:05Z,
77.106.78.215,ipv4,attack,high,WHITE,blocklist.de/all|blocklist.de/mail|ziyadnz/hourly-ipv4,blocklist.de|brute-force|apache|rfi|ddos|spam|mail|ziyadnz|hourly,2026-08-17T18:48:05Z,2026-08-17T18:48:05Z,
77.237.247.203,ipv4,attack,medium,WHITE,blocklist.de/all|ziyadnz/hourly-ipv4,blocklist.de|brute-force|apache|rfi|ddos|spam|mail|ziyadnz|hourly,2026-08-17T18:48:05Z,2026-08-17T18:48:05Z,
77.38.132.161,ipv4,attack,high,WHITE,blocklist.de/all|blocklist.de/mail|ziyadnz/hourly-ipv4,blocklist.de|brute-force|apache|rfi|ddos|spam|mail|ziyadnz|hourly,2026-08-17T18:48:05Z,2026-08-17T18:48:05Z,
77.92.152.83,ipv4,attack,high,WHITE,blocklist.de/all|blocklist.de/mail|ziyadnz/hourly-ipv4,blocklist.de|brute-force|apache|rfi|ddos|spam|mail|ziyadnz|hourly,2026-08-17T18:48:05Z,2026-08-17T18:48:05Z,
78.136.223.227,ipv4,attack,high,WHITE,blocklist.de/all|blocklist.de/mail|ziyadnz/hourly-ipv4,blocklist.de|brute-force|apache|rfi|ddos|spam|mail|ziyadnz|hourly,2026-08-17T18:48:05Z,2026-08-17T18:48:05Z,
78.153.140.126,ipv4,attack,high,WHITE,blocklist.de/all|blocklist.de/mail|ziyadnz/hourly-ipv4,blocklist.de|brute-force|apache|rfi|ddos|spam|mail|ziyadnz|hourly,2026-08-17T18:48:05Z,2026-08-17T18:48:05Z,
78.153.140.127,ipv4,attack,high,WHITE,blocklist.de/all|blocklist.de/mail|ziyadnz/hourly-ipv4,blocklist.de|brute-force|apache|rfi|ddos|spam|mail|ziyadnz|hourly,2026-08-17T18:48:05Z,2026-08-17T18:48:05Z,
78.153.140.129,ipv4,attack,high,WHITE,blocklist.de/all|blocklist.de/mail|ziyadnz/hourly-ipv4,blocklist.de|brute-force|apache|rfi|ddos|spam|mail|ziyadnz|hourly,2026-08-17T18:48:05Z,2026-08-17T18:48:05Z,
78.186.54.65,ipv4,attack,high,WHITE,blocklist.de/all|blocklist.de/mail|ziyadnz/hourly-ipv4,blocklist.de|brute-force|apache|rfi|ddos|spam|mail|ziyadnz|hourly,2026-08-17T18:48:05Z,2026-08-17T18:48:05Z,
78.189.17.35,ipv4,attack,high,WHITE,blocklist.de/all|blocklist.de/mail|ziyadnz/hourly-ipv4,blocklist.de|brute-force|apache|rfi|ddos|spam|mail|ziyadnz|hourly,2026-08-17T18:48:05Z,2026-08-17T18:48:05Z,
78.66.45.101,ipv4,attack,high,WHITE,blocklist.de/all|blocklist.de/mail|ziyadnz/hourly-ipv4,blocklist.de|brute-force|apache|rfi|ddos|spam|mail|ziyadnz|hourly,2026-08-17T18:48:05Z,2026-08-17T18:48:05Z,
79.156.105.217,ipv4,attack,high,WHITE,blocklist.de/all|blocklist.de/mail|ziyadnz/hourly-ipv4,blocklist.de|brute-force|apache|rfi|ddos|spam|mail|ziyadnz|hourly,2026-08-17T18:48:05Z,2026-08-17T18:48:05Z,
79.161.110.92,ipv4,attack,high,WHITE,blocklist.de/all|blocklist.de/mail|ziyadnz/hourly-ipv4,blocklist.de|brute-force|apache|rfi|ddos|spam|mail|ziyadnz|hourly,2026-08-17T18:48:05Z,2026-08-17T18:48:05Z,
8.211.41.19,ipv4,attack,high,WHITE,blocklist.de/all|blocklist.de/mail|ziyadnz/hourly-ipv4,blocklist.de|brute-force|apache|rfi|ddos|spam|mail|ziyadnz|hourly,2026-08-17T18:48:05Z,2026-08-17T18:48:05Z,
8.228.126.102,ipv4,attack,high,WHITE,blocklist.de/all|blocklist.de/apache|ziyadnz/hourly-ipv4,blocklist.de|brute-force|apache|rfi|ddos|spam|mail|ziyadnz|hourly,2026-08-17T18:48:05Z,2026-08-17T18:48:05Z,
8.229.133.11,ipv4,attack,high,WHITE,blocklist.de/all|blocklist.de/apache|ziyadnz/hourly-ipv4,blocklist.de|brute-force|apache|rfi|ddos|spam|mail|ziyadnz|hourly,2026-08-17T18:48:05Z,2026-08-17T18:48:05Z,
8.229.134.194,ipv4,attack,high,WHITE,blocklist.de/all|blocklist.de/mail|ziyadnz/hourly-ipv4,blocklist.de|brute-force|apache|rfi|ddos|spam|mail|ziyadnz|hourly,2026-08-17T18:48:05Z,2026-08-17T18:48:05Z,
8.229.59.173,ipv4,attack,high,WHITE,blocklist.de/all|blocklist.de/apache|ziyadnz/hourly-ipv4,blocklist.de|brute-force|apache|rfi|ddos|spam|mail|ziyadnz|hourly,2026-08-17T18:48:05Z,2026-08-17T18:48:05Z,
8.231.167.54,ipv4,attack,high,WHITE,blocklist.de/all|blocklist.de/apache|ziyadnz/hourly-ipv4,blocklist.de|brute-force|apache|rfi|ddos|spam|mail|ziyadnz|hourly,2026-08-17T18:48:05Z,2026-08-17T18:48:05Z,
8.234.242.235,ipv4,attack,high,WHITE,blocklist.de/all|blocklist.de/apache|ziyadnz/hourly-ipv4,blocklist.de|brute-force|apache|rfi|ddos|spam|mail|ziyadnz|hourly,2026-08-17T18:48:05Z,2026-08-17T18:48:05Z,
8.235.28.31,ipv4,attack,high,WHITE,blocklist.de/all|blocklist.de/apache|ziyadnz/hourly-ipv4,blocklist.de|brute-force|apache|rfi|ddos|spam|mail|ziyadnz|hourly,2026-08-17T18:48:05Z,2026-08-17T18:48:05Z,
8.235.3.76,ipv4,attack,high,WHITE,blocklist.de/all|blocklist.de/apache|ziyadnz/hourly-ipv4,blocklist.de|brute-force|apache|rfi|ddos|spam|mail|ziyadnz|hourly,2026-08-17T18:48:05Z,2026-08-17T18:48:05Z,
8.235.32.217,ipv4,attack,high,WHITE,blocklist.de/all|blocklist.de/apache|ziyadnz/hourly-ipv4,blocklist.de|brute-force|apache|rfi|ddos|spam|mail|ziyadnz|hourly,2026-08-17T18:48:05Z,2026-08-17T18:48:05Z,
80.227.102.242,ipv4,attack,high,WHITE,blocklist.de/all|blocklist.de/mail|ziyadnz/hourly-ipv4,blocklist.de|brute-force|apache|rfi|ddos|spam|mail|ziyadnz|hourly,2026-08-17T18:48:05Z,2026-08-17T18:48:05Z,
80.227.147.94,ipv4,attack,high,WHITE,blocklist.de/all|blocklist.de/mail|ziyadnz/hourly-ipv4,blocklist.de|brute-force|apache|rfi|ddos|spam|mail|ziyadnz|hourly,2026-08-17T18:48:05Z,2026-08-17T18:48:05Z,
80.233.77.136,ipv4,attack,high,WHITE,blocklist.de/all|blocklist.de/mail|ziyadnz/hourly-ipv4,blocklist.de|brute-force|apache|rfi|ddos|spam|mail|ziyadnz|hourly,2026-08-17T18:48:05Z,2026-08-17T18:48:05Z,
80.82.77.139,ipv4,attack,high,WHITE,blocklist.de/all|blocklist.de/mail|ziyadnz/hourly-ipv4,blocklist.de|brute-force|apache|rfi|ddos|spam|mail|ziyadnz|hourly,2026-08-17T18:48:05Z,2026-08-17T18:48:05Z,
80.82.77.202,ipv4,attack,high,WHITE,blocklist.de/all|blocklist.de/mail|ziyadnz/hourly-ipv4,blocklist.de|brute-force|apache|rfi|ddos|spam|mail|ziyadnz|hourly,2026-08-17T18:48:05Z,2026-08-17T18:48:05Z,
80.82.77.33,ipv4,attack,high,WHITE,blocklist.de/all|blocklist.de/mail|ziyadnz/hourly-ipv4,blocklist.de|brute-force|apache|rfi|ddos|spam|mail|ziyadnz|hourly,2026-08-17T18:48:05Z,2026-08-17T18:48:05Z,
80.95.38.14,ipv4,attack,high,WHITE,blocklist.de/all|blocklist.de/mail|ziyadnz/hourly-ipv4,blocklist.de|brute-force|apache|rfi|ddos|spam|mail|ziyadnz|hourly,2026-08-17T18:48:05Z,2026-08-17T18:48:05Z,
81.13.62.77,ipv4,attack,high,WHITE,blocklist.de/all|blocklist.de/mail|ziyadnz/hourly-ipv4,blocklist.de|brute-force|apache|rfi|ddos|spam|mail|ziyadnz|hourly,2026-08-17T18:48:05Z,2026-08-17T18:48:05Z,
81.19.216.94,ipv4,attack,high,WHITE,blocklist.de/all|blocklist.de/mail|ziyadnz/hourly-ipv4,blocklist.de|brute-force|apache|rfi|ddos|spam|mail|ziyadnz|hourly,2026-08-17T18:48:05Z,2026-08-17T18:48:05Z,
81.214.75.248,ipv4,attack,high,WHITE,blocklist.de/all|blocklist.de/mail|ziyadnz/hourly-ipv4,blocklist.de|brute-force|apache|rfi|ddos|spam|mail|ziyadnz|hourly,2026-08-17T18:48:05Z,2026-08-17T18:48:05Z,
81.22.51.64,ipv4,attack,high,WHITE,blocklist.de/all|blocklist.de/mail|ziyadnz/hourly-ipv4,blocklist.de|brute-force|apache|rfi|ddos|spam|mail|ziyadnz|hourly,2026-08-17T18:48:05Z,2026-08-17T18:48:05Z,
81.226.88.121,ipv4,attack,high,WHITE,blocklist.de/all|blocklist.de/mail|ziyadnz/hourly-ipv4,blocklist.de|brute-force|apache|rfi|ddos|spam|mail|ziyadnz|hourly,2026-08-17T18:48:05Z,2026-08-17T18:48:05Z,
81.71.96.41,ipv4,attack,medium,WHITE,blocklist.de/all|ziyadnz/hourly-ipv4,blocklist.de|brute-force|apache|rfi|ddos|spam|mail|ziyadnz|hourly,2026-08-17T18:48:05Z,2026-08-17T18:48:05Z,
82.10.54.245,ipv4,attack,high,WHITE,blocklist.de/all|blocklist.de/mail|ziyadnz/hourly-ipv4,blocklist.de|brute-force|apache|rfi|ddos|spam|mail|ziyadnz|hourly,2026-08-17T18:48:05Z,2026-08-17T18:48:05Z,
82.102.149.88,ipv4,attack,high,WHITE,blocklist.de/all|blocklist.de/mail|ziyadnz/hourly-ipv4,blocklist.de|brute-force|apache|rfi|ddos|spam|mail|ziyadnz|hourly,2026-08-17T18:48:05Z,2026-08-17T18:48:05Z,
82.102.158.36,ipv4,attack,high,WHITE,blocklist.de/all|blocklist.de/mail|ziyadnz/hourly-ipv4,blocklist.de|brute-force|apache|rfi|ddos|spam|mail|ziyadnz|hourly,2026-08-17T18:48:05Z,2026-08-17T18:48:05Z,
82.102.188.117,ipv4,attack,high,WHITE,blocklist.de/all|blocklist.de/mail|ziyadnz/hourly-ipv4,blocklist.de|brute-force|apache|rfi|ddos|spam|mail|ziyadnz|hourly,2026-08-17T18:48:05Z,2026-08-17T18:48:05Z,
82.165.159.37,ipv4,attack,high,WHITE,blocklist.de/all|blocklist.de/mail|ziyadnz/hourly-ipv4,blocklist.de|brute-force|apache|rfi|ddos|spam|mail|ziyadnz|hourly,2026-08-17T18:48:05Z,2026-08-17T18:48:05Z,
82.181.235.31,ipv4,attack,high,WHITE,blocklist.de/all|blocklist.de/mail|ziyadnz/hourly-ipv4,blocklist.de|brute-force|apache|rfi|ddos|spam|mail|ziyadnz|hourly,2026-08-17T18:48:05Z,2026-08-17T18:48:05Z,
82.193.122.91,ipv4,attack,high,WHITE,blocklist.de/all|blocklist.de/mail|ziyadnz/hourly-ipv4,blocklist.de|brute-force|apache|rfi|ddos|spam|mail|ziyadnz|hourly,2026-08-17T18:48:05Z,2026-08-17T18:48:05Z,
82.25.120.218,ipv4,attack,high,WHITE,blocklist.de/all|blocklist.de/apache|ziyadnz/hourly-ipv4,blocklist.de|brute-force|apache|rfi|ddos|spam|mail|ziyadnz|hourly,2026-08-17T18:48:05Z,2026-08-17T18:48:05Z,
82.65.140.218,ipv4,attack,high,WHITE,blocklist.de/all|blocklist.de/mail|ziyadnz/hourly-ipv4,blocklist.de|brute-force|apache|rfi|ddos|spam|mail|ziyadnz|hourly,2026-08-17T18:48:05Z,2026-08-17T18:48:05Z,
82.67.175.124,ipv4,attack,high,WHITE,blocklist.de/all|blocklist.de/mail|ziyadnz/hourly-ipv4,blocklist.de|brute-force|apache|rfi|ddos|spam|mail|ziyadnz|hourly,2026-08-17T18:48:05Z,2026-08-17T18:48:05Z,
83.168.107.92,ipv4,attack,high,WHITE,blocklist.de/all|blocklist.de/mail|ziyadnz/hourly-ipv4,blocklist.de|brute-force|apache|rfi|ddos|spam|mail|ziyadnz|hourly,2026-08-17T18:48:05Z,2026-08-17T18:48:05Z,
83.168.69.153,ipv4,attack,high,WHITE,blocklist.de/all|blocklist.de/mail|ziyadnz/hourly-ipv4,blocklist.de|brute-force|apache|rfi|ddos|spam|mail|ziyadnz|hourly,2026-08-17T18:48:05Z,2026-08-17T18:48:05Z,
83.191.181.23,ipv4,attack,high,WHITE,blocklist.de/all|blocklist.de/mail|ziyadnz/hourly-ipv4,blocklist.de|brute-force|apache|rfi|ddos|spam|mail|ziyadnz|hourly,2026-08-17T18:48:05Z,2026-08-17T18:48:05Z,
83.209.249.224,ipv4,attack,high,WHITE,blocklist.de/all|blocklist.de/mail|ziyadnz/hourly-ipv4,blocklist.de|brute-force|apache|rfi|ddos|spam|mail|ziyadnz|hourly,2026-08-17T18:48:05Z,2026-08-17T18:48:05Z,
83.226.56.106,ipv4,attack,high,WHITE,blocklist.de/all|blocklist.de/mail|ziyadnz/hourly-ipv4,blocklist.de|brute-force|apache|rfi|ddos|spam|mail|ziyadnz|hourly,2026-08-17T18:48:05Z,2026-08-17T18:48:05Z,
84.46.99.57,ipv4,attack,medium,WHITE,blocklist.de/all|ziyadnz/hourly-ipv4,blocklist.de|brute-force|apache|rfi|ddos|spam|mail|ziyadnz|hourly,2026-08-17T18:48:05Z,2026-08-17T18:48:05Z,
84.54.115.46,ipv4,attack,high,WHITE,blocklist.de/all|blocklist.de/mail|ziyadnz/hourly-ipv4,blocklist.de|brute-force|apache|rfi|ddos|spam|mail|ziyadnz|hourly,2026-08-17T18:48:05Z,2026-08-17T18:48:05Z,
84.54.83.155,ipv4,attack,high,WHITE,blocklist.de/all|blocklist.de/apache|ziyadnz/hourly-ipv4,blocklist.de|brute-force|apache|rfi|ddos|spam|mail|ziyadnz|hourly,2026-08-17T18:48:05Z,2026-08-17T18:48:05Z,
85.139.119.249,ipv4,attack,high,WHITE,blocklist.de/all|blocklist.de/mail|ziyadnz/hourly-ipv4,blocklist.de|brute-force|apache|rfi|ddos|spam|mail|ziyadnz|hourly,2026-08-17T18:48:05Z,2026-08-17T18:48:05Z,
85.185.218.27,ipv4,attack,high,WHITE,blocklist.de/all|blocklist.de/mail|ziyadnz/hourly-ipv4,blocklist.de|brute-force|apache|rfi|ddos|spam|mail|ziyadnz|hourly,2026-08-17T18:48:05Z,2026-08-17T18:48:05Z,
85.204.70.112,ipv4,attack,high,WHITE,blocklist.de/all|blocklist.de/apache|ziyadnz/hourly-ipv4,blocklist.de|brute-force|apache|rfi|ddos|spam|mail|ziyadnz|hourly,2026-08-17T18:48:05Z,2026-08-17T18:48:05Z,
85.204.70.88,ipv4,attack,high,WHITE,blocklist.de/all|blocklist.de/apache|ziyadnz/hourly-ipv4,blocklist.de|brute-force|apache|rfi|ddos|spam|mail|ziyadnz|hourly,2026-08-17T18:48:05Z,2026-08-17T18:48:05Z,
85.26.228.68,ipv4,attack,high,WHITE,blocklist.de/all|blocklist.de/mail|ziyadnz/hourly-ipv4,blocklist.de|brute-force|apache|rfi|ddos|spam|mail|ziyadnz|hourly,2026-08-17T18:48:05Z,2026-08-17T18:48:05Z,
85.50.184.251,ipv4,attack,high,WHITE,blocklist.de/all|blocklist.de/mail|ziyadnz/hourly-ipv4,blocklist.de|brute-force|apache|rfi|ddos|spam|mail|ziyadnz|hourly,2026-08-17T18:48:05Z,2026-08-17T18:48:05Z,
85.93.45.33,ipv4,attack,high,WHITE,blocklist.de/all|blocklist.de/mail|ziyadnz/hourly-ipv4,blocklist.de|brute-force|apache|rfi|ddos|spam|mail|ziyadnz|hourly,2026-08-17T18:48:05Z,2026-08-17T18:48:05Z,
86.65.168.139,ipv4,attack,high,WHITE,blocklist.de/all|blocklist.de/mail|ziyadnz/hourly-ipv4,blocklist.de|brute-force|apache|rfi|ddos|spam|mail|ziyadnz|hourly,2026-08-17T18:48:05Z,2026-08-17T18:48:05Z,
87.106.149.37,ipv4,attack,medium,WHITE,blocklist.de/all|ziyadnz/hourly-ipv4,blocklist.de|brute-force|apache|rfi|ddos|spam|mail|ziyadnz|hourly,2026-08-17T18:48:05Z,2026-08-17T18:48:05Z,
87.192.253.110,ipv4,attack,high,WHITE,blocklist.de/all|blocklist.de/apache|ziyadnz/hourly-ipv4,blocklist.de|brute-force|apache|rfi|ddos|spam|mail|ziyadnz|hourly,2026-08-17T18:48:05Z,2026-08-17T18:48:05Z,
87.229.254.207,ipv4,attack,high,WHITE,blocklist.de/all|blocklist.de/mail|ziyadnz/hourly-ipv4,blocklist.de|brute-force|apache|rfi|ddos|spam|mail|ziyadnz|hourly,2026-08-17T18:48:05Z,2026-08-17T18:48:05Z,
87.237.198.139,ipv4,attack,high,WHITE,blocklist.de/all|blocklist.de/mail|ziyadnz/hourly-ipv4,blocklist.de|brute-force|apache|rfi|ddos|spam|mail|ziyadnz|hourly,2026-08-17T18:48:05Z,2026-08-17T18:48:05Z,
87.249.21.102,ipv4,attack,high,WHITE,blocklist.de/all|blocklist.de/mail|ziyadnz/hourly-ipv4,blocklist.de|brute-force|apache|rfi|ddos|spam|mail|ziyadnz|hourly,2026-08-17T18:48:05Z,2026-08-17T18:48:05Z,
87.98.155.218,ipv4,attack,medium,WHITE,blocklist.de/all|blocklist.de/mail,blocklist.de|brute-force|apache|rfi|ddos|spam|mail|ziyadnz|hourly,2026-08-17T18:48:05Z,2026-08-17T18:48:05Z,
88.215.1.201,ipv4,attack,high,WHITE,blocklist.de/all|blocklist.de/mail|ziyadnz/hourly-ipv4,blocklist.de|brute-force|apache|rfi|ddos|spam|mail|ziyadnz|hourly,2026-08-17T18:48:05Z,2026-08-17T18:48:05Z,
88.248.250.143,ipv4,attack,high,WHITE,blocklist.de/all|blocklist.de/mail|ziyadnz/hourly-ipv4,blocklist.de|brute-force|apache|rfi|ddos|spam|mail|ziyadnz|hourly,2026-08-17T18:48:05Z,2026-08-17T18:48:05Z,
89.109.233.181,ipv4,attack,high,WHITE,blocklist.de/all|blocklist.de/mail|ziyadnz/hourly-ipv4,blocklist.de|brute-force|apache|rfi|ddos|spam|mail|ziyadnz|hourly,2026-08-17T18:48:05Z,2026-08-17T18:48:05Z,
89.146.123.84,ipv4,attack,high,WHITE,blocklist.de/all|blocklist.de/mail|ziyadnz/hourly-ipv4,blocklist.de|brute-force|apache|rfi|ddos|spam|mail|ziyadnz|hourly,2026-08-17T18:48:05Z,2026-08-17T18:48:05Z,
89.21.67.158,ipv4,attack,high,WHITE,blocklist.de/all|blocklist.de/mail|ziyadnz/hourly-ipv4,blocklist.de|brute-force|apache|rfi|ddos|spam|mail|ziyadnz|hourly,2026-08-17T18:48:05Z,2026-08-17T18:48:05Z,
89.21.67.159,ipv4,attack,high,WHITE,blocklist.de/all|blocklist.de/mail|ziyadnz/hourly-ipv4,blocklist.de|brute-force|apache|rfi|ddos|spam|mail|ziyadnz|hourly,2026-08-17T18:48:05Z,2026-08-17T18:48:05Z,
89.248.172.11,ipv4,attack,high,WHITE,blocklist.de/all|blocklist.de/mail|ziyadnz/hourly-ipv4,blocklist.de|brute-force|apache|rfi|ddos|spam|mail|ziyadnz|hourly,2026-08-17T18:48:05Z,2026-08-17T18:48:05Z,
90.196.177.242,ipv4,attack,high,WHITE,blocklist.de/all|blocklist.de/mail|ziyadnz/hourly-ipv4,blocklist.de|brute-force|apache|rfi|ddos|spam|mail|ziyadnz|hourly,2026-08-17T18:48:05Z,2026-08-17T18:48:05Z,
90.230.168.26,ipv4,attack,high,WHITE,blocklist.de/all|blocklist.de/mail|ziyadnz/hourly-ipv4,blocklist.de|brute-force|apache|rfi|ddos|spam|mail|ziyadnz|hourly,2026-08-17T18:48:05Z,2026-08-17T18:48:05Z,
90.82.202.152,ipv4,attack,high,WHITE,blocklist.de/all|blocklist.de/mail|ziyadnz/hourly-ipv4,blocklist.de|brute-force|apache|rfi|ddos|spam|mail|ziyadnz|hourly,2026-08-17T18:48:05Z,2026-08-17T18:48:05Z,
91.146.167.76,ipv4,attack,high,WHITE,blocklist.de/all|blocklist.de/mail|ziyadnz/hourly-ipv4,blocklist.de|brute-force|apache|rfi|ddos|spam|mail|ziyadnz|hourly,2026-08-17T18:48:05Z,2026-08-17T18:48:05Z,
91.152.6.16,ipv4,attack,high,WHITE,blocklist.de/all|blocklist.de/mail|ziyadnz/hourly-ipv4,blocklist.de|brute-force|apache|rfi|ddos|spam|mail|ziyadnz|hourly,2026-08-17T18:48:05Z,2026-08-17T18:48:05Z,
91.220.182.162,ipv4,attack,high,WHITE,blocklist.de/all|blocklist.de/mail|ziyadnz/hourly-ipv4,blocklist.de|brute-force|apache|rfi|ddos|spam|mail|ziyadnz|hourly,2026-08-17T18:48:05Z,2026-08-17T18:48:05Z,
91.236.254.61,ipv4,attack,high,WHITE,blocklist.de/all|blocklist.de/mail|ziyadnz/hourly-ipv4,blocklist.de|brute-force|apache|rfi|ddos|spam|mail|ziyadnz|hourly,2026-08-17T18:48:05Z,2026-08-17T18:48:05Z,
91.239.157.219,ipv4,attack,high,WHITE,blocklist.de/all|blocklist.de/apache|ziyadnz/hourly-ipv4,blocklist.de|brute-force|apache|rfi|ddos|spam|mail|ziyadnz|hourly,2026-08-17T18:48:05Z,2026-08-17T18:48:05Z,
91.241.150.246,ipv4,attack,high,WHITE,blocklist.de/all|blocklist.de/mail|ziyadnz/hourly-ipv4,blocklist.de|brute-force|apache|rfi|ddos|spam|mail|ziyadnz|hourly,2026-08-17T18:48:05Z,2026-08-17T18:48:05Z,
91.244.113.178,ipv4,attack,high,WHITE,blocklist.de/all|blocklist.de/mail|ziyadnz/hourly-ipv4,blocklist.de|brute-force|apache|rfi|ddos|spam|mail|ziyadnz|hourly,2026-08-17T18:48:05Z,2026-08-17T18:48:05Z,
91.72.153.110,ipv4,attack,high,WHITE,blocklist.de/all|blocklist.de/mail|ziyadnz/hourly-ipv4,blocklist.de|brute-force|apache|rfi|ddos|spam|mail|ziyadnz|hourly,2026-08-17T18:48:05Z,2026-08-17T18:48:05Z,
91.92.209.22,ipv4,attack,high,WHITE,blocklist.de/all|blocklist.de/mail|ziyadnz/hourly-ipv4,blocklist.de|brute-force|apache|rfi|ddos|spam|mail|ziyadnz|hourly,2026-08-17T18:48:05Z,2026-08-17T18:48:05Z,
91.92.214.2,ipv4,attack,high,WHITE,blocklist.de/all|blocklist.de/mail|ziyadnz/hourly-ipv4,blocklist.de|brute-force|apache|rfi|ddos|spam|mail|ziyadnz|hourly,2026-08-17T18:48:05Z,2026-08-17T18:48:05Z,
91.92.241.196,ipv4,attack,high,WHITE,blocklist.de/all|blocklist.de/apache|ziyadnz/hourly-ipv4,blocklist.de|brute-force|apache|rfi|ddos|spam|mail|ziyadnz|hourly,2026-08-17T18:48:05Z,2026-08-17T18:48:05Z,
91.92.241.87,ipv4,attack,high,WHITE,blocklist.de/all|blocklist.de/mail|ziyadnz/hourly-ipv4,blocklist.de|brute-force|apache|rfi|ddos|spam|mail|ziyadnz|hourly,2026-08-17T18:48:05Z,2026-08-17T18:48:05Z,
91.92.40.239,ipv4,attack,medium,WHITE,blocklist.de/all|ziyadnz/hourly-ipv4,blocklist.de|brute-force|apache|rfi|ddos|spam|mail|ziyadnz|hourly,2026-08-17T18:48:05Z,2026-08-17T18:48:05Z,
92.113.19.6,ipv4,attack,high,WHITE,blocklist.de/all|blocklist.de/apache|ziyadnz/hourly-ipv4,blocklist.de|brute-force|apache|rfi|ddos|spam|mail|ziyadnz|hourly,2026-08-17T18:48:05Z,2026-08-17T18:48:05Z,
92.118.39.65,ipv4,attack,high,WHITE,blocklist.de/all|blocklist.de/mail|ziyadnz/hourly-ipv4,blocklist.de|brute-force|apache|rfi|ddos|spam|mail|ziyadnz|hourly,2026-08-17T18:48:05Z,2026-08-17T18:48:05Z,
92.126.223.175,ipv4,attack,high,WHITE,blocklist.de/all|blocklist.de/mail|ziyadnz/hourly-ipv4,blocklist.de|brute-force|apache|rfi|ddos|spam|mail|ziyadnz|hourly,2026-08-17T18:48:05Z,2026-08-17T18:48:05Z,
92.255.190.69,ipv4,attack,high,WHITE,blocklist.de/all|blocklist.de/mail|ziyadnz/hourly-ipv4,blocklist.de|brute-force|apache|rfi|ddos|spam|mail|ziyadnz|hourly,2026-08-17T18:48:05Z,2026-08-17T18:48:05Z,
92.255.196.185,ipv4,attack,high,WHITE,blocklist.de/all|blocklist.de/mail|ziyadnz/hourly-ipv4,blocklist.de|brute-force|apache|rfi|ddos|spam|mail|ziyadnz|hourly,2026-08-17T18:48:05Z,2026-08-17T18:48:05Z,
93.118.139.170,ipv4,attack,high,WHITE,blocklist.de/all|blocklist.de/mail|ziyadnz/hourly-ipv4,blocklist.de|brute-force|apache|rfi|ddos|spam|mail|ziyadnz|hourly,2026-08-17T18:48:05Z,2026-08-17T18:48:05Z,
93.118.140.9,ipv4,attack,high,WHITE,blocklist.de/all|blocklist.de/mail|ziyadnz/hourly-ipv4,blocklist.de|brute-force|apache|rfi|ddos|spam|mail|ziyadnz|hourly,2026-08-17T18:48:05Z,2026-08-17T18:48:05Z,
93.123.109.118,ipv4,attack,high,WHITE,blocklist.de/all|blocklist.de/apache|ziyadnz/hourly-ipv4,blocklist.de|brute-force|apache|rfi|ddos|spam|mail|ziyadnz|hourly,2026-08-17T18:48:05Z,2026-08-17T18:48:05Z,
93.123.109.228,ipv4,attack,medium,WHITE,blocklist.de/all|ziyadnz/hourly-ipv4,blocklist.de|brute-force|apache|rfi|ddos|spam|mail|ziyadnz|hourly,2026-08-17T18:48:05Z,2026-08-17T18:48:05Z,
93.174.95.106,ipv4,attack,high,WHITE,blocklist.de/all|blocklist.de/mail|ziyadnz/hourly-ipv4,blocklist.de|brute-force|apache|rfi|ddos|spam|mail|ziyadnz|hourly,2026-08-17T18:48:05Z,2026-08-17T18:48:05Z,
93.190.203.181,ipv4,attack,high,WHITE,blocklist.de/all|blocklist.de/mail|ziyadnz/hourly-ipv4,blocklist.de|brute-force|apache|rfi|ddos|spam|mail|ziyadnz|hourly,2026-08-17T18:48:05Z,2026-08-17T18:48:05Z,
93.241.232.14,ipv4,attack,high,WHITE,blocklist.de/all|blocklist.de/mail|ziyadnz/hourly-ipv4,blocklist.de|brute-force|apache|rfi|ddos|spam|mail|ziyadnz|hourly,2026-08-17T18:48:05Z,2026-08-17T18:48:05Z,
94.203.215.166,ipv4,attack,high,WHITE,blocklist.de/all|blocklist.de/mail|ziyadnz/hourly-ipv4,blocklist.de|brute-force|apache|rfi|ddos|spam|mail|ziyadnz|hourly,2026-08-17T18:48:05Z,2026-08-17T18:48:05Z,
94.206.93.90,ipv4,attack,high,WHITE,blocklist.de/all|blocklist.de/mail|ziyadnz/hourly-ipv4,blocklist.de|brute-force|apache|rfi|ddos|spam|mail|ziyadnz|hourly,2026-08-17T18:48:05Z,2026-08-17T18:48:05Z,
94.247.172.129,ipv4,attack,high,WHITE,blocklist.de/all|blocklist.de/mail|ziyadnz/hourly-ipv4,blocklist.de|brute-force|apache|rfi|ddos|spam|mail|ziyadnz|hourly,2026-08-17T18:48:05Z,2026-08-17T18:48:05Z,
95.107.170.22,ipv4,attack,high,WHITE,blocklist.de/all|blocklist.de/mail|ziyadnz/hourly-ipv4,blocklist.de|brute-force|apache|rfi|ddos|spam|mail|ziyadnz|hourly,2026-08-17T18:48:05Z,2026-08-17T18:48:05Z,
95.229.5.248,ipv4,attack,high,WHITE,blocklist.de/all|blocklist.de/mail|ziyadnz/hourly-ipv4,blocklist.de|brute-force|apache|rfi|ddos|spam|mail|ziyadnz|hourly,2026-08-17T18:48:05Z,2026-08-17T18:48:05Z,
95.35.26.164,ipv4,attack,high,WHITE,blocklist.de/all|blocklist.de/mail|ziyadnz/hourly-ipv4,blocklist.de|brute-force|apache|rfi|ddos|spam|mail|ziyadnz|hourly,2026-08-17T18:48:05Z,2026-08-17T18:48:05Z,
95.35.29.192,ipv4,attack,high,WHITE,blocklist.de/all|blocklist.de/mail|ziyadnz/hourly-ipv4,blocklist.de|brute-force|apache|rfi|ddos|spam|mail|ziyadnz|hourly,2026-08-17T18:48:05Z,2026-08-17T18:48:05Z,
95.38.148.60,ipv4,attack,high,WHITE,blocklist.de/all|blocklist.de/mail|ziyadnz/hourly-ipv4,blocklist.de|brute-force|apache|rfi|ddos|spam|mail|ziyadnz|hourly,2026-08-17T18:48:05Z,2026-08-17T18:48:05Z,
95.79.26.121,ipv4,attack,medium,WHITE,blocklist.de/all|ziyadnz/hourly-ipv4,blocklist.de|brute-force|apache|rfi|ddos|spam|mail|ziyadnz|hourly,2026-08-17T18:48:05Z,2026-08-17T18:48:05Z,
96.1.40.151,ipv4,attack,high,WHITE,blocklist.de/all|blocklist.de/mail|ziyadnz/hourly-ipv4,blocklist.de|brute-force|apache|rfi|ddos|spam|mail|ziyadnz|hourly,2026-08-17T18:48:05Z,2026-08-17T18:48:05Z,
96.85.104.2,ipv4,attack,high,WHITE,blocklist.de/all|blocklist.de/mail|ziyadnz/hourly-ipv4,blocklist.de|brute-force|apache|rfi|ddos|spam|mail|ziyadnz|hourly,2026-08-17T18:48:05Z,2026-08-17T18:48:05Z,
98.163.124.138,ipv4,attack,high,WHITE,blocklist.de/all|blocklist.de/mail|ziyadnz/hourly-ipv4,blocklist.de|brute-force|apache|rfi|ddos|spam|mail|ziyadnz|hourly,2026-08-17T18:48:05Z,2026-08-17T18:48:05Z,
98.175.158.5,ipv4,attack,high,WHITE,blocklist.de/all|blocklist.de/mail|ziyadnz/hourly-ipv4,blocklist.de|brute-force|apache|rfi|ddos|spam|mail|ziyadnz|hourly,2026-08-17T18:48:05Z,2026-08-17T18:48:05Z,
98.204.134.124,ipv4,attack,high,WHITE,blocklist.de/all|blocklist.de/mail|ziyadnz/hourly-ipv4,blocklist.de|brute-force|apache|rfi|ddos|spam|mail|ziyadnz|hourly,2026-08-17T18:48:05Z,2026-08-17T18:48:05Z,
98.234.121.231,ipv4,attack,medium,WHITE,blocklist.de/all|ziyadnz/hourly-ipv4,blocklist.de|brute-force|apache|rfi|ddos|spam|mail|ziyadnz|hourly,2026-08-17T18:48:05Z,2026-08-17T18:48:05Z,
98.245.24.105,ipv4,attack,high,WHITE,blocklist.de/all|blocklist.de/mail|ziyadnz/hourly-ipv4,blocklist.de|brute-force|apache|rfi|ddos|spam|mail|ziyadnz|hourly,2026-08-17T18:48:05Z,2026-08-17T18:48:05Z,
98.248.218.102,ipv4,attack,high,WHITE,blocklist.de/all|blocklist.de/mail|ziyadnz/hourly-ipv4,blocklist.de|brute-force|apache|rfi|ddos|spam|mail|ziyadnz|hourly,2026-08-17T18:48:05Z,2026-08-17T18:48:05Z,
98.48.178.139,ipv4,attack,high,WHITE,blocklist.de/all|blocklist.de/mail|ziyadnz/hourly-ipv4,blocklist.de|brute-force|apache|rfi|ddos|spam|mail|ziyadnz|hourly,2026-08-17T18:48:05Z,2026-08-17T18:48:05Z,
99.112.149.242,ipv4,attack,medium,WHITE,blocklist.de/all|ziyadnz/hourly-ipv4,blocklist.de|brute-force|apache|rfi|ddos|spam|mail|ziyadnz|hourly,2026-08-17T18:48:05Z,2026-08-17T18:48:05Z,
99.45.236.27,ipv4,attack,medium,WHITE,blocklist.de/all|ziyadnz/hourly-ipv4,blocklist.de|brute-force|apache|rfi|ddos|spam|mail|ziyadnz|hourly,2026-08-17T18:48:05Z,2026-08-17T18:48:05Z,
77.109.139.87,ipv4,attack,high,WHITE,blocklist.de/all|blocklist.de/apache|blocklist.de/mail|ziyadnz/hourly-ipv4,blocklist.de|brute-force|apache|rfi|ddos|spam|mail|ziyadnz|hourly,2026-08-17T18:48:05Z,2026-08-17T18:48:05Z,
192.251.226.0,ipv4,attack,high,WHITE,blocklist.de/all|blocklist.de/apache|blocklist.de/mail|ziyadnz/hourly-ipv4,blocklist.de|brute-force|apache|rfi|ddos|spam|mail|ziyadnz|hourly,2026-08-17T18:48:05Z,2026-08-17T18:48:05Z,
192.251.226.1,ipv4,attack,high,WHITE,blocklist.de/all|blocklist.de/apache|blocklist.de/mail|ziyadnz/hourly-ipv4,blocklist.de|brute-force|apache|rfi|ddos|spam|mail|ziyadnz|hourly,2026-08-17T18:48:05Z,2026-08-17T18:48:05Z,
192.251.226.2,ipv4,attack,high,WHITE,blocklist.de/all|blocklist.de/apache|blocklist.de/mail|ziyadnz/hourly-ipv4,blocklist.de|brute-force|apache|rfi|ddos|spam|mail|ziyadnz|hourly,2026-08-17T18:48:05Z,2026-08-17T18:48:05Z,
192.251.226.3,ipv4,attack,high,WHITE,blocklist.de/all|blocklist.de/apache|blocklist.de/mail|ziyadnz/hourly-ipv4,blocklist.de|brute-force|apache|rfi|ddos|spam|mail|ziyadnz|hourly,2026-08-17T18:48:05Z,2026-08-17T18:48:05Z,
192.251.226.4,ipv4,attack,high,WHITE,blocklist.de/all|blocklist.de/apache|blocklist.de/mail|ziyadnz/hourly-ipv4,blocklist.de|brute-force|apache|rfi|ddos|spam|mail|ziyadnz|hourly,2026-08-17T18:48:05Z,2026-08-17T18:48:05Z,
192.251.226.5,ipv4,attack,high,WHITE,blocklist.de/all|blocklist.de/apache|blocklist.de/mail|ziyadnz/hourly-ipv4,blocklist.de|brute-force|apache|rfi|ddos|spam|mail|ziyadnz|hourly,2026-08-17T18:48:05Z,2026-08-17T18:48:05Z,
192.251.226.6,ipv4,attack,high,WHITE,blocklist.de/all|blocklist.de/apache|blocklist.de/mail|ziyadnz/hourly-ipv4,blocklist.de|brute-force|apache|rfi|ddos|spam|mail|ziyadnz|hourly,2026-08-17T18:48:05Z,2026-08-17T18:48:05Z,
192.251.226.7,ipv4,attack,high,WHITE,blocklist.de/all|blocklist.de/apache|blocklist.de/mail|ziyadnz/hourly-ipv4,blocklist.de|brute-force|apache|rfi|ddos|spam|mail|ziyadnz|hourly,2026-08-17T18:48:05Z,2026-08-17T18:48:05Z,
192.251.226.8,ipv4,attack,high,WHITE,blocklist.de/all|blocklist.de/apache|blocklist.de/mail|ziyadnz/hourly-ipv4,blocklist.de|brute-force|apache|rfi|ddos|spam|mail|ziyadnz|hourly,2026-08-17T18:48:05Z,2026-08-17T18:48:05Z,
192.251.226.9,ipv4,attack,high,WHITE,blocklist.de/all|blocklist.de/apache|blocklist.de/mail|ziyadnz/hourly-ipv4,blocklist.de|brute-force|apache|rfi|ddos|spam|mail|ziyadnz|hourly,2026-08-17T18:48:05Z,2026-08-17T18:48:05Z,
192.251.226.10,ipv4,attack,high,WHITE,blocklist.de/all|blocklist.de/apache|blocklist.de/mail|ziyadnz/hourly-ipv4,blocklist.de|brute-force|apache|rfi|ddos|spam|mail|ziyadnz|hourly,2026-08-17T18:48:05Z,2026-08-17T18:48:05Z,
192.251.226.11,ipv4,attack,high,WHITE,blocklist.de/all|blocklist.de/apache|blocklist.de/mail|ziyadnz/hourly-ipv4,blocklist.de|brute-force|apache|rfi|ddos|spam|mail|ziyadnz|hourly,2026-08-17T18:48:05Z,2026-08-17T18:48:05Z,
192.251.226.12,ipv4,attack,high,WHITE,blocklist.de/all|blocklist.de/apache|blocklist.de/mail|ziyadnz/hourly-ipv4,blocklist.de|brute-force|apache|rfi|ddos|spam|mail|ziyadnz|hourly,2026-08-17T18:48:05Z,2026-08-17T18:48:05Z,
192.251.226.13,ipv4,attack,high,WHITE,blocklist.de/all|blocklist.de/apache|blocklist.de/mail|ziyadnz/hourly-ipv4,blocklist.de|brute-force|apache|rfi|ddos|spam|mail|ziyadnz|hourly,2026-08-17T18:48:05Z,2026-08-17T18:48:05Z,
192.251.226.14,ipv4,attack,high,WHITE,blocklist.de/all|blocklist.de/apache|blocklist.de/mail|ziyadnz/hourly-ipv4,blocklist.de|brute-force|apache|rfi|ddos|spam|mail|ziyadnz|hourly,2026-08-17T18:48:05Z,2026-08-17T18:48:05Z,
192.251.226.15,ipv4,attack,high,WHITE,blocklist.de/all|blocklist.de/apache|blocklist.de/mail|ziyadnz/hourly-ipv4,blocklist.de|brute-force|apache|rfi|ddos|spam|mail|ziyadnz|hourly,2026-08-17T18:48:05Z,2026-08-17T18:48:05Z,
192.251.226.16,ipv4,attack,high,WHITE,blocklist.de/all|blocklist.de/apache|blocklist.de/mail|ziyadnz/hourly-ipv4,blocklist.de|brute-force|apache|rfi|ddos|spam|mail|ziyadnz|hourly,2026-08-17T18:48:05Z,2026-08-17T18:48:05Z,
192.251.226.17,ipv4,attack,high,WHITE,blocklist.de/all|blocklist.de/apache|blocklist.de/mail|ziyadnz/hourly-ipv4,blocklist.de|brute-force|apache|rfi|ddos|spam|mail|ziyadnz|hourly,2026-08-17T18:48:05Z,2026-08-17T18:48:05Z,
192.251.226.18,ipv4,attack,high,WHITE,blocklist.de/all|blocklist.de/apache|blocklist.de/mail|ziyadnz/hourly-ipv4,blocklist.de|brute-force|apache|rfi|ddos|spam|mail|ziyadnz|hourly,2026-08-17T18:48:05Z,2026-08-17T18:48:05Z,
192.251.226.19,ipv4,attack,high,WHITE,blocklist.de/all|blocklist.de/apache|blocklist.de/mail|ziyadnz/hourly-ipv4,blocklist.de|brute-force|apache|rfi|ddos|spam|mail|ziyadnz|hourly,2026-08-17T18:48:05Z,2026-08-17T18:48:05Z,
192.251.226.20,ipv4,attack,high,WHITE,blocklist.de/all|blocklist.de/apache|blocklist.de/mail|ziyadnz/hourly-ipv4,blocklist.de|brute-force|apache|rfi|ddos|spam|mail|ziyadnz|hourly,2026-08-17T18:48:05Z,2026-08-17T18:48:05Z,
192.251.226.21,ipv4,attack,high,WHITE,blocklist.de/all|blocklist.de/apache|blocklist.de/mail|ziyadnz/hourly-ipv4,blocklist.de|brute-force|apache|rfi|ddos|spam|mail|ziyadnz|hourly,2026-08-17T18:48:05Z,2026-08-17T18:48:05Z,
192.251.226.22,ipv4,attack,high,WHITE,blocklist.de/all|blocklist.de/apache|blocklist.de/mail|ziyadnz/hourly-ipv4,blocklist.de|brute-force|apache|rfi|ddos|spam|mail|ziyadnz|hourly,2026-08-17T18:48:05Z,2026-08-17T18:48:05Z,
192.251.226.23,ipv4,attack,high,WHITE,blocklist.de/all|blocklist.de/apache|blocklist.de/mail|ziyadnz/hourly-ipv4,blocklist.de|brute-force|apache|rfi|ddos|spam|mail|ziyadnz|hourly,2026-08-17T18:48:05Z,2026-08-17T18:48:05Z,
192.251.226.24,ipv4,attack,high,WHITE,blocklist.de/all|blocklist.de/apache|blocklist.de/mail|ziyadnz/hourly-ipv4,blocklist.de|brute-force|apache|rfi|ddos|spam|mail|ziyadnz|hourly,2026-08-17T18:48:05Z,2026-08-17T18:48:05Z,
192.251.226.25,ipv4,attack,high,WHITE,blocklist.de/all|blocklist.de/apache|blocklist.de/mail|ziyadnz/hourly-ipv4,blocklist.de|brute-force|apache|rfi|ddos|spam|mail|ziyadnz|hourly,2026-08-17T18:48:05Z,2026-08-17T18:48:05Z,
192.251.226.26,ipv4,attack,high,WHITE,blocklist.de/all|blocklist.de/apache|blocklist.de/mail|ziyadnz/hourly-ipv4,blocklist.de|brute-force|apache|rfi|ddos|spam|mail|ziyadnz|hourly,2026-08-17T18:48:05Z,2026-08-17T18:48:05Z,
192.251.226.27,ipv4,attack,high,WHITE,blocklist.de/all|blocklist.de/apache|blocklist.de/mail|ziyadnz/hourly-ipv4,blocklist.de|brute-force|apache|rfi|ddos|spam|mail|ziyadnz|hourly,2026-08-17T18:48:05Z,2026-08-17T18:48:05Z,
192.251.226.28,ipv4,attack,high,WHITE,blocklist.de/all|blocklist.de/apache|blocklist.de/mail|ziyadnz/hourly-ipv4,blocklist.de|brute-force|apache|rfi|ddos|spam|mail|ziyadnz|hourly,2026-08-17T18:48:05Z,2026-08-17T18:48:05Z,
192.251.226.29,ipv4,attack,high,WHITE,blocklist.de/all|blocklist.de/apache|blocklist.de/mail|ziyadnz/hourly-ipv4,blocklist.de|brute-force|apache|rfi|ddos|spam|mail|ziyadnz|hourly,2026-08-17T18:48:05Z,2026-08-17T18:48:05Z,
192.251.226.30,ipv4,attack,high,WHITE,blocklist.de/all|blocklist.de/apache|blocklist.de/mail|ziyadnz/hourly-ipv4,blocklist.de|brute-force|apache|rfi|ddos|spam|mail|ziyadnz|hourly,2026-08-17T18:48:05Z,2026-08-17T18:48:05Z,
192.251.226.31,ipv4,attack,high,WHITE,blocklist.de/all|blocklist.de/apache|blocklist.de/mail|ziyadnz/hourly-ipv4,blocklist.de|brute-force|apache|rfi|ddos|spam|mail|ziyadnz|hourly,2026-08-17T18:48:05Z,2026-08-17T18:48:05Z,
192.251.226.32,ipv4,attack,high,WHITE,blocklist.de/all|blocklist.de/apache|blocklist.de/mail|ziyadnz/hourly-ipv4,blocklist.de|brute-force|apache|rfi|ddos|spam|mail|ziyadnz|hourly,2026-08-17T18:48:05Z,2026-08-17T18:48:05Z,
192.251.226.33,ipv4,attack,high,WHITE,blocklist.de/all|blocklist.de/apache|blocklist.de/mail|ziyadnz/hourly-ipv4,blocklist.de|brute-force|apache|rfi|ddos|spam|mail|ziyadnz|hourly,2026-08-17T18:48:05Z,2026-08-17T18:48:05Z,
192.251.226.34,ipv4,attack,high,WHITE,blocklist.de/all|blocklist.de/apache|blocklist.de/mail|ziyadnz/hourly-ipv4,blocklist.de|brute-force|apache|rfi|ddos|spam|mail|ziyadnz|hourly,2026-08-17T18:48:05Z,2026-08-17T18:48:05Z,
192.251.226.35,ipv4,attack,high,WHITE,blocklist.de/all|blocklist.de/apache|blocklist.de/mail|ziyadnz/hourly-ipv4,blocklist.de|brute-force|apache|rfi|ddos|spam|mail|ziyadnz|hourly,2026-08-17T18:48:05Z,2026-08-17T18:48:05Z,
192.251.226.36,ipv4,attack,high,WHITE,blocklist.de/all|blocklist.de/apache|blocklist.de/mail|ziyadnz/hourly-ipv4,blocklist.de|brute-force|apache|rfi|ddos|spam|mail|ziyadnz|hourly,2026-08-17T18:48:05Z,2026-08-17T18:48:05Z,
192.251.226.37,ipv4,attack,high,WHITE,blocklist.de/all|blocklist.de/apache|blocklist.de/mail|ziyadnz/hourly-ipv4,blocklist.de|brute-force|apache|rfi|ddos|spam|mail|ziyadnz|hourly,2026-08-17T18:48:05Z,2026-08-17T18:48:05Z,
192.251.226.38,ipv4,attack,high,WHITE,blocklist.de/all|blocklist.de/apache|blocklist.de/mail|ziyadnz/hourly-ipv4,blocklist.de|brute-force|apache|rfi|ddos|spam|mail|ziyadnz|hourly,2026-08-17T18:48:05Z,2026-08-17T18:48:05Z,
192.251.226.39,ipv4,attack,high,WHITE,blocklist.de/all|blocklist.de/apache|blocklist.de/mail|ziyadnz/hourly-ipv4,blocklist.de|brute-force|apache|rfi|ddos|spam|mail|ziyadnz|hourly,2026-08-17T18:48:05Z,2026-08-17T18:48:05Z,
192.251.226.40,ipv4,attack,high,WHITE,blocklist.de/all|blocklist.de/apache|blocklist.de/mail|ziyadnz/hourly-ipv4,blocklist.de|brute-force|apache|rfi|ddos|spam|mail|ziyadnz|hourly,2026-08-17T18:48:05Z,2026-08-17T18:48:05Z,
192.251.226.41,ipv4,attack,high,WHITE,blocklist.de/all|blocklist.de/apache|blocklist.de/mail|ziyadnz/hourly-ipv4,blocklist.de|brute-force|apache|rfi|ddos|spam|mail|ziyadnz|hourly,2026-08-17T18:48:05Z,2026-08-17T18:48:05Z,
192.251.226.42,ipv4,attack,high,WHITE,blocklist.de/all|blocklist.de/apache|blocklist.de/mail|ziyadnz/hourly-ipv4,blocklist.de|brute-force|apache|rfi|ddos|spam|mail|ziyadnz|hourly,2026-08-17T18:48:05Z,2026-08-17T18:48:05Z,
192.251.226.43,ipv4,attack,high,WHITE,blocklist.de/all|blocklist.de/apache|blocklist.de/mail|ziyadnz/hourly-ipv4,blocklist.de|brute-force|apache|rfi|ddos|spam|mail|ziyadnz|hourly,2026-08-17T18:48:05Z,2026-08-17T18:48:05Z,
192.251.226.44,ipv4,attack,high,WHITE,blocklist.de/all|blocklist.de/apache|blocklist.de/mail|ziyadnz/hourly-ipv4,blocklist.de|brute-force|apache|rfi|ddos|spam|mail|ziyadnz|hourly,2026-08-17T18:48:05Z,2026-08-17T18:48:05Z,
192.251.226.45,ipv4,attack,high,WHITE,blocklist.de/all|blocklist.de/apache|blocklist.de/mail|ziyadnz/hourly-ipv4,blocklist.de|brute-force|apache|rfi|ddos|spam|mail|ziyadnz|hourly,2026-08-17T18:48:05Z,2026-08-17T18:48:05Z,
192.251.226.46,ipv4,attack,high,WHITE,blocklist.de/all|blocklist.de/apache|blocklist.de/mail|ziyadnz/hourly-ipv4,blocklist.de|brute-force|apache|rfi|ddos|spam|mail|ziyadnz|hourly,2026-08-17T18:48:05Z,2026-08-17T18:48:05Z,
192.251.226.47,ipv4,attack,high,WHITE,blocklist.de/all|blocklist.de/apache|blocklist.de/mail|ziyadnz/hourly-ipv4,blocklist.de|brute-force|apache|rfi|ddos|spam|mail|ziyadnz|hourly,2026-08-17T18:48:05Z,2026-08-17T18:48:05Z,
192.251.226.48,ipv4,attack,high,WHITE,blocklist.de/all|blocklist.de/apache|blocklist.de/mail|ziyadnz/hourly-ipv4,blocklist.de|brute-force|apache|rfi|ddos|spam|mail|ziyadnz|hourly,2026-08-17T18:48:05Z,2026-08-17T18:48:05Z,
192.251.226.49,ipv4,attack,high,WHITE,blocklist.de/all|blocklist.de/apache|blocklist.de/mail|ziyadnz/hourly-ipv4,blocklist.de|brute-force|apache|rfi|ddos|spam|mail|ziyadnz|hourly,2026-08-17T18:48:05Z,2026-08-17T18:48:05Z,
192.251.226.50,ipv4,attack,high,WHITE,blocklist.de/all|blocklist.de/apache|blocklist.de/mail|ziyadnz/hourly-ipv4,blocklist.de|brute-force|apache|rfi|ddos|spam|mail|ziyadnz|hourly,2026-08-17T18:48:05Z,2026-08-17T18:48:05Z,
192.251.226.51,ipv4,attack,high,WHITE,blocklist.de/all|blocklist.de/apache|blocklist.de/mail|ziyadnz/hourly-ipv4,blocklist.de|brute-force|apache|rfi|ddos|spam|mail|ziyadnz|hourly,2026-08-17T18:48:05Z,2026-08-17T18:48:05Z,
192.251.226.52,ipv4,attack,high,WHITE,blocklist.de/all|blocklist.de/apache|blocklist.de/mail|ziyadnz/hourly-ipv4,blocklist.de|brute-force|apache|rfi|ddos|spam|mail|ziyadnz|hourly,2026-08-17T18:48:05Z,2026-08-17T18:48:05Z,
192.251.226.53,ipv4,attack,high,WHITE,blocklist.de/all|blocklist.de/apache|blocklist.de/mail|ziyadnz/hourly-ipv4,blocklist.de|brute-force|apache|rfi|ddos|spam|mail|ziyadnz|hourly,2026-08-17T18:48:05Z,2026-08-17T18:48:05Z,
192.251.226.54,ipv4,attack,high,WHITE,blocklist.de/all|blocklist.de/apache|blocklist.de/mail|ziyadnz/hourly-ipv4,blocklist.de|brute-force|apache|rfi|ddos|spam|mail|ziyadnz|hourly,2026-08-17T18:48:05Z,2026-08-17T18:48:05Z,
192.251.226.55,ipv4,attack,high,WHITE,blocklist.de/all|blocklist.de/apache|blocklist.de/mail|ziyadnz/hourly-ipv4,blocklist.de|brute-force|apache|rfi|ddos|spam|mail|ziyadnz|hourly,2026-08-17T18:48:05Z,2026-08-17T18:48:05Z,
192.251.226.56,ipv4,attack,high,WHITE,blocklist.de/all|blocklist.de/apache|blocklist.de/mail|ziyadnz/hourly-ipv4,blocklist.de|brute-force|apache|rfi|ddos|spam|mail|ziyadnz|hourly,2026-08-17T18:48:05Z,2026-08-17T18:48:05Z,
192.251.226.57,ipv4,attack,high,WHITE,blocklist.de/all|blocklist.de/apache|blocklist.de/mail|ziyadnz/hourly-ipv4,blocklist.de|brute-force|apache|rfi|ddos|spam|mail|ziyadnz|hourly,2026-08-17T18:48:05Z,2026-08-17T18:48:05Z,
192.251.226.58,ipv4,attack,high,WHITE,blocklist.de/all|blocklist.de/apache|blocklist.de/mail|ziyadnz/hourly-ipv4,blocklist.de|brute-force|apache|rfi|ddos|spam|mail|ziyadnz|hourly,2026-08-17T18:48:05Z,2026-08-17T18:48:05Z,
192.251.226.59,ipv4,attack,high,WHITE,blocklist.de/all|blocklist.de/apache|blocklist.de/mail|ziyadnz/hourly-ipv4,blocklist.de|brute-force|apache|rfi|ddos|spam|mail|ziyadnz|hourly,2026-08-17T18:48:05Z,2026-08-17T18:48:05Z,
192.251.226.60,ipv4,attack,high,WHITE,blocklist.de/all|blocklist.de/apache|blocklist.de/mail|ziyadnz/hourly-ipv4,blocklist.de|brute-force|apache|rfi|ddos|spam|mail|ziyadnz|hourly,2026-08-17T18:48:05Z,2026-08-17T18:48:05Z,
192.251.226.61,ipv4,attack,high,WHITE,blocklist.de/all|blocklist.de/apache|blocklist.de/mail|ziyadnz/hourly-ipv4,blocklist.de|brute-force|apache|rfi|ddos|spam|mail|ziyadnz|hourly,2026-08-17T18:48:05Z,2026-08-17T18:48:05Z,
192.251.226.62,ipv4,attack,high,WHITE,blocklist.de/all|blocklist.de/apache|blocklist.de/mail|ziyadnz/hourly-ipv4,blocklist.de|brute-force|apache|rfi|ddos|spam|mail|ziyadnz|hourly,2026-08-17T18:48:05Z,2026-08-17T18:48:05Z,
192.251.226.63,ipv4,attack,high,WHITE,blocklist.de/all|blocklist.de/apache|blocklist.de/mail|ziyadnz/hourly-ipv4,blocklist.de|brute-force|apache|rfi|ddos|spam|mail|ziyadnz|hourly,2026-08-17T18:48:05Z,2026-08-17T18:48:05Z,
192.251.226.64,ipv4,attack,high,WHITE,blocklist.de/all|blocklist.de/apache|blocklist.de/mail|ziyadnz/hourly-ipv4,blocklist.de|brute-force|apache|rfi|ddos|spam|mail|ziyadnz|hourly,2026-08-17T18:48:05Z,2026-08-17T18:48:05Z,
192.251.226.65,ipv4,attack,high,WHITE,blocklist.de/all|blocklist.de/apache|blocklist.de/mail|ziyadnz/hourly-ipv4,blocklist.de|brute-force|apache|rfi|ddos|spam|mail|ziyadnz|hourly,2026-08-17T18:48:05Z,2026-08-17T18:48:05Z,
192.251.226.66,ipv4,attack,high,WHITE,blocklist.de/all|blocklist.de/apache|blocklist.de/mail|ziyadnz/hourly-ipv4,blocklist.de|brute-force|apache|rfi|ddos|spam|mail|ziyadnz|hourly,2026-08-17T18:48:05Z,2026-08-17T18:48:05Z,
192.251.226.67,ipv4,attack,high,WHITE,blocklist.de/all|blocklist.de/apache|blocklist.de/mail|ziyadnz/hourly-ipv4,blocklist.de|brute-force|apache|rfi|ddos|spam|mail|ziyadnz|hourly,2026-08-17T18:48:05Z,2026-08-17T18:48:05Z,
192.251.226.68,ipv4,attack,high,WHITE,blocklist.de/all|blocklist.de/apache|blocklist.de/mail|ziyadnz/hourly-ipv4,blocklist.de|brute-force|apache|rfi|ddos|spam|mail|ziyadnz|hourly,2026-08-17T18:48:05Z,2026-08-17T18:48:05Z,
192.251.226.69,ipv4,attack,high,WHITE,blocklist.de/all|blocklist.de/apache|blocklist.de/mail|ziyadnz/hourly-ipv4,blocklist.de|brute-force|apache|rfi|ddos|spam|mail|ziyadnz|hourly,2026-08-17T18:48:05Z,2026-08-17T18:48:05Z,
192.251.226.70,ipv4,attack,high,WHITE,blocklist.de/all|blocklist.de/apache|blocklist.de/mail|ziyadnz/hourly-ipv4,blocklist.de|brute-force|apache|rfi|ddos|spam|mail|ziyadnz|hourly,2026-08-17T18:48:05Z,2026-08-17T18:48:05Z,
192.251.226.71,ipv4,attack,high,WHITE,blocklist.de/all|blocklist.de/apache|blocklist.de/mail|ziyadnz/hourly-ipv4,blocklist.de|brute-force|apache|rfi|ddos|spam|mail|ziyadnz|hourly,2026-08-17T18:48:05Z,2026-08-17T18:48:05Z,
192.251.226.72,ipv4,attack,high,WHITE,blocklist.de/all|blocklist.de/apache|blocklist.de/mail|ziyadnz/hourly-ipv4,blocklist.de|brute-force|apache|rfi|ddos|spam|mail|ziyadnz|hourly,2026-08-17T18:48:05Z,2026-08-17T18:48:05Z,
192.251.226.73,ipv4,attack,high,WHITE,blocklist.de/all|blocklist.de/apache|blocklist.de/mail|ziyadnz/hourly-ipv4,blocklist.de|brute-force|apache|rfi|ddos|spam|mail|ziyadnz|hourly,2026-08-17T18:48:05Z,2026-08-17T18:48:05Z,
192.251.226.74,ipv4,attack,high,WHITE,blocklist.de/all|blocklist.de/apache|blocklist.de/mail|ziyadnz/hourly-ipv4,blocklist.de|brute-force|apache|rfi|ddos|spam|mail|ziyadnz|hourly,2026-08-17T18:48:05Z,2026-08-17T18:48:05Z,
192.251.226.75,ipv4,attack,high,WHITE,blocklist.de/all|blocklist.de/apache|blocklist.de/mail|ziyadnz/hourly-ipv4,blocklist.de|brute-force|apache|rfi|ddos|spam|mail|ziyadnz|hourly,2026-08-17T18:48:05Z,2026-08-17T18:48:05Z,
192.251.226.76,ipv4,attack,high,WHITE,blocklist.de/all|blocklist.de/apache|blocklist.de/mail|ziyadnz/hourly-ipv4,blocklist.de|brute-force|apache|rfi|ddos|spam|mail|ziyadnz|hourly,2026-08-17T18:48:05Z,2026-08-17T18:48:05Z,
192.251.226.77,ipv4,attack,high,WHITE,blocklist.de/all|blocklist.de/apache|blocklist.de/mail|ziyadnz/hourly-ipv4,blocklist.de|brute-force|apache|rfi|ddos|spam|mail|ziyadnz|hourly,2026-08-17T18:48:05Z,2026-08-17T18:48:05Z,
192.251.226.78,ipv4,attack,high,WHITE,blocklist.de/all|blocklist.de/apache|blocklist.de/mail|ziyadnz/hourly-ipv4,blocklist.de|brute-force|apache|rfi|ddos|spam|mail|ziyadnz|hourly,2026-08-17T18:48:05Z,2026-08-17T18:48:05Z,
192.251.226.79,ipv4,attack,high,WHITE,blocklist.de/all|blocklist.de/apache|blocklist.de/mail|ziyadnz/hourly-ipv4,blocklist.de|brute-force|apache|rfi|ddos|spam|mail|ziyadnz|hourly,2026-08-17T18:48:05Z,2026-08-17T18:48:05Z,
192.251.226.80,ipv4,attack,high,WHITE,blocklist.de/all|blocklist.de/apache|blocklist.de/mail|ziyadnz/hourly-ipv4,blocklist.de|brute-force|apache|rfi|ddos|spam|mail|ziyadnz|hourly,2026-08-17T18:48:05Z,2026-08-17T18:48:05Z,
192.251.226.81,ipv4,attack,high,WHITE,blocklist.de/all|blocklist.de/apache|blocklist.de/mail|ziyadnz/hourly-ipv4,blocklist.de|brute-force|apache|rfi|ddos|spam|mail|ziyadnz|hourly,2026-08-17T18:48:05Z,2026-08-17T18:48:05Z,
192.251.226.82,ipv4,attack,high,WHITE,blocklist.de/all|blocklist.de/apache|blocklist.de/mail|ziyadnz/hourly-ipv4,blocklist.de|brute-force|apache|rfi|ddos|spam|mail|ziyadnz|hourly,2026-08-17T18:48:05Z,2026-08-17T18:48:05Z,
192.251.226.83,ipv4,attack,high,WHITE,blocklist.de/all|blocklist.de/apache|blocklist.de/mail|ziyadnz/hourly-ipv4,blocklist.de|brute-force|apache|rfi|ddos|spam|mail|ziyadnz|hourly,2026-08-17T18:48:05Z,2026-08-17T18:48:05Z,
192.251.226.84,ipv4,attack,high,WHITE,blocklist.de/all|blocklist.de/apache|blocklist.de/mail|ziyadnz/hourly-ipv4,blocklist.de|brute-force|apache|rfi|ddos|spam|mail|ziyadnz|hourly,2026-08-17T18:48:05Z,2026-08-17T18:48:05Z,
192.251.226.85,ipv4,attack,high,WHITE,blocklist.de/all|blocklist.de/apache|blocklist.de/mail|ziyadnz/hourly-ipv4,blocklist.de|brute-force|apache|rfi|ddos|spam|mail|ziyadnz|hourly,2026-08-17T18:48:05Z,2026-08-17T18:48:05Z,
192.251.226.86,ipv4,attack,high,WHITE,blocklist.de/all|blocklist.de/apache|blocklist.de/mail|ziyadnz/hourly-ipv4,blocklist.de|brute-force|apache|rfi|ddos|spam|mail|ziyadnz|hourly,2026-08-17T18:48:05Z,2026-08-17T18:48:05Z,
192.251.226.87,ipv4,attack,high,WHITE,blocklist.de/all|blocklist.de/apache|blocklist.de/mail|ziyadnz/hourly-ipv4,blocklist.de|brute-force|apache|rfi|ddos|spam|mail|ziyadnz|hourly,2026-08-17T18:48:05Z,2026-08-17T18:48:05Z,
192.251.226.88,ipv4,attack,high,WHITE,blocklist.de/all|blocklist.de/apache|blocklist.de/mail|ziyadnz/hourly-ipv4,blocklist.de|brute-force|apache|rfi|ddos|spam|mail|ziyadnz|hourly,2026-08-17T18:48:05Z,2026-08-17T18:48:05Z,
192.251.226.89,ipv4,attack,high,WHITE,blocklist.de/all|blocklist.de/apache|blocklist.de/mail|ziyadnz/hourly-ipv4,blocklist.de|brute-force|apache|rfi|ddos|spam|mail|ziyadnz|hourly,2026-08-17T18:48:05Z,2026-08-17T18:48:05Z,
192.251.226.90,ipv4,attack,high,WHITE,blocklist.de/all|blocklist.de/apache|blocklist.de/mail|ziyadnz/hourly-ipv4,blocklist.de|brute-force|apache|rfi|ddos|spam|mail|ziyadnz|hourly,2026-08-17T18:48:05Z,2026-08-17T18:48:05Z,
192.251.226.91,ipv4,attack,high,WHITE,blocklist.de/all|blocklist.de/apache|blocklist.de/mail|ziyadnz/hourly-ipv4,blocklist.de|brute-force|apache|rfi|ddos|spam|mail|ziyadnz|hourly,2026-08-17T18:48:05Z,2026-08-17T18:48:05Z,
192.251.226.92,ipv4,attack,high,WHITE,blocklist.de/all|blocklist.de/apache|blocklist.de/mail|ziyadnz/hourly-ipv4,blocklist.de|brute-force|apache|rfi|ddos|spam|mail|ziyadnz|hourly,2026-08-17T18:48:05Z,2026-08-17T18:48:05Z,
192.251.226.93,ipv4,attack,high,WHITE,blocklist.de/all|blocklist.de/apache|blocklist.de/mail|ziyadnz/hourly-ipv4,blocklist.de|brute-force|apache|rfi|ddos|spam|mail|ziyadnz|hourly,2026-08-17T18:48:05Z,2026-08-17T18:48:05Z,
192.251.226.94,ipv4,attack,high,WHITE,blocklist.de/all|blocklist.de/apache|blocklist.de/mail|ziyadnz/hourly-ipv4,blocklist.de|brute-force|apache|rfi|ddos|spam|mail|ziyadnz|hourly,2026-08-17T18:48:05Z,2026-08-17T18:48:05Z,
192.251.226.95,ipv4,attack,high,WHITE,blocklist.de/all|blocklist.de/apache|blocklist.de/mail|ziyadnz/hourly-ipv4,blocklist.de|brute-force|apache|rfi|ddos|spam|mail|ziyadnz|hourly,2026-08-17T18:48:05Z,2026-08-17T18:48:05Z,
192.251.226.96,ipv4,attack,high,WHITE,blocklist.de/all|blocklist.de/apache|blocklist.de/mail|ziyadnz/hourly-ipv4,blocklist.de|brute-force|apache|rfi|ddos|spam|mail|ziyadnz|hourly,2026-08-17T18:48:05Z,2026-08-17T18:48:05Z,
192.251.226.97,ipv4,attack,high,WHITE,blocklist.de/all|blocklist.de/apache|blocklist.de/mail|ziyadnz/hourly-ipv4,blocklist.de|brute-force|apache|rfi|ddos|spam|mail|ziyadnz|hourly,2026-08-17T18:48:05Z,2026-08-17T18:48:05Z,
192.251.226.98,ipv4,attack,high,WHITE,blocklist.de/all|blocklist.de/apache|blocklist.de/mail|ziyadnz/hourly-ipv4,blocklist.de|brute-force|apache|rfi|ddos|spam|mail|ziyadnz|hourly,2026-08-17T18:48:05Z,2026-08-17T18:48:05Z,
192.251.226.99,ipv4,attack,high,WHITE,blocklist.de/all|blocklist.de/apache|blocklist.de/mail|ziyadnz/hourly-ipv4,blocklist.de|brute-force|apache|rfi|ddos|spam|mail|ziyadnz|hourly,2026-08-17T18:48:05Z,2026-08-17T18:48:05Z,
192.251.226.100,ipv4,attack,high,WHITE,blocklist.de/all|blocklist.de/apache|blocklist.de/mail|ziyadnz/hourly-ipv4,blocklist.de|brute-force|apache|rfi|ddos|spam|mail|ziyadnz|hourly,2026-08-17T18:48:05Z,2026-08-17T18:48:05Z,
192.251.226.101,ipv4,attack,high,WHITE,blocklist.de/all|blocklist.de/apache|blocklist.de/mail|ziyadnz/hourly-ipv4,blocklist.de|brute-force|apache|rfi|ddos|spam|mail|ziyadnz|hourly,2026-08-17T18:48:05Z,2026-08-17T18:48:05Z,
192.251.226.102,ipv4,attack,high,WHITE,blocklist.de/all|blocklist.de/apache|blocklist.de/mail|ziyadnz/hourly-ipv4,blocklist.de|brute-force|apache|rfi|ddos|spam|mail|ziyadnz|hourly,2026-08-17T18:48:05Z,2026-08-17T18:48:05Z,
192.251.226.103,ipv4,attack,high,WHITE,blocklist.de/all|blocklist.de/apache|blocklist.de/mail|ziyadnz/hourly-ipv4,blocklist.de|brute-force|apache|rfi|ddos|spam|mail|ziyadnz|hourly,2026-08-17T18:48:05Z,2026-08-17T18:48:05Z,
192.251.226.104,ipv4,attack,high,WHITE,blocklist.de/all|blocklist.de/apache|blocklist.de/mail|ziyadnz/hourly-ipv4,blocklist.de|brute-force|apache|rfi|ddos|spam|mail|ziyadnz|hourly,2026-08-17T18:48:05Z,2026-08-17T18:48:05Z,
192.251.226.105,ipv4,attack,high,WHITE,blocklist.de/all|blocklist.de/apache|blocklist.de/mail|ziyadnz/hourly-ipv4,blocklist.de|brute-force|apache|rfi|ddos|spam|mail|ziyadnz|hourly,2026-08-17T18:48:05Z,2026-08-17T18:48:05Z,
192.251.226.106,ipv4,attack,high,WHITE,blocklist.de/all|blocklist.de/apache|blocklist.de/mail|ziyadnz/hourly-ipv4,blocklist.de|brute-force|apache|rfi|ddos|spam|mail|ziyadnz|hourly,2026-08-17T18:48:05Z,2026-08-17T18:48:05Z,
192.251.226.107,ipv4,attack,high,WHITE,blocklist.de/all|blocklist.de/apache|blocklist.de/mail|ziyadnz/hourly-ipv4,blocklist.de|brute-force|apache|rfi|ddos|spam|mail|ziyadnz|hourly,2026-08-17T18:48:05Z,2026-08-17T18:48:05Z,
192.251.226.108,ipv4,attack,high,WHITE,blocklist.de/all|blocklist.de/apache|blocklist.de/mail|ziyadnz/hourly-ipv4,blocklist.de|brute-force|apache|rfi|ddos|spam|mail|ziyadnz|hourly,2026-08-17T18:48:05Z,2026-08-17T18:48:05Z,
192.251.226.109,ipv4,attack,high,WHITE,blocklist.de/all|blocklist.de/apache|blocklist.de/mail|ziyadnz/hourly-ipv4,blocklist.de|brute-force|apache|rfi|ddos|spam|mail|ziyadnz|hourly,2026-08-17T18:48:05Z,2026-08-17T18:48:05Z,
192.251.226.110,ipv4,attack,high,WHITE,blocklist.de/all|blocklist.de/apache|blocklist.de/mail|ziyadnz/hourly-ipv4,blocklist.de|brute-force|apache|rfi|ddos|spam|mail|ziyadnz|hourly,2026-08-17T18:48:05Z,2026-08-17T18:48:05Z,
192.251.226.111,ipv4,attack,high,WHITE,blocklist.de/all|blocklist.de/apache|blocklist.de/mail|ziyadnz/hourly-ipv4,blocklist.de|brute-force|apache|rfi|ddos|spam|mail|ziyadnz|hourly,2026-08-17T18:48:05Z,2026-08-17T18:48:05Z,
192.251.226.112,ipv4,attack,high,WHITE,blocklist.de/all|blocklist.de/apache|blocklist.de/mail|ziyadnz/hourly-ipv4,blocklist.de|brute-force|apache|rfi|ddos|spam|mail|ziyadnz|hourly,2026-08-17T18:48:05Z,2026-08-17T18:48:05Z,
192.251.226.113,ipv4,attack,high,WHITE,blocklist.de/all|blocklist.de/apache|blocklist.de/mail|ziyadnz/hourly-ipv4,blocklist.de|brute-force|apache|rfi|ddos|spam|mail|ziyadnz|hourly,2026-08-17T18:48:05Z,2026-08-17T18:48:05Z,
192.251.226.114,ipv4,attack,high,WHITE,blocklist.de/all|blocklist.de/apache|blocklist.de/mail|ziyadnz/hourly-ipv4,blocklist.de|brute-force|apache|rfi|ddos|spam|mail|ziyadnz|hourly,2026-08-17T18:48:05Z,2026-08-17T18:48:05Z,
192.251.226.115,ipv4,attack,high,WHITE,blocklist.de/all|blocklist.de/apache|blocklist.de/mail|ziyadnz/hourly-ipv4,blocklist.de|brute-force|apache|rfi|ddos|spam|mail|ziyadnz|hourly,2026-08-17T18:48:05Z,2026-08-17T18:48:05Z,
192.251.226.116,ipv4,attack,high,WHITE,blocklist.de/all|blocklist.de/apache|blocklist.de/mail|ziyadnz/hourly-ipv4,blocklist.de|brute-force|apache|rfi|ddos|spam|mail|ziyadnz|hourly,2026-08-17T18:48:05Z,2026-08-17T18:48:05Z,
192.251.226.117,ipv4,attack,high,WHITE,blocklist.de/all|blocklist.de/apache|blocklist.de/mail|ziyadnz/hourly-ipv4,blocklist.de|brute-force|apache|rfi|ddos|spam|mail|ziyadnz|hourly,2026-08-17T18:48:05Z,2026-08-17T18:48:05Z,
192.251.226.118,ipv4,attack,high,WHITE,blocklist.de/all|blocklist.de/apache|blocklist.de/mail|ziyadnz/hourly-ipv4,blocklist.de|brute-force|apache|rfi|ddos|spam|mail|ziyadnz|hourly,2026-08-17T18:48:05Z,2026-08-17T18:48:05Z,
192.251.226.119,ipv4,attack,high,WHITE,blocklist.de/all|blocklist.de/apache|blocklist.de/mail|ziyadnz/hourly-ipv4,blocklist.de|brute-force|apache|rfi|ddos|spam|mail|ziyadnz|hourly,2026-08-17T18:48:05Z,2026-08-17T18:48:05Z,
192.251.226.120,ipv4,attack,high,WHITE,blocklist.de/all|blocklist.de/apache|blocklist.de/mail|ziyadnz/hourly-ipv4,blocklist.de|brute-force|apache|rfi|ddos|spam|mail|ziyadnz|hourly,2026-08-17T18:48:05Z,2026-08-17T18:48:05Z,
192.251.226.121,ipv4,attack,high,WHITE,blocklist.de/all|blocklist.de/apache|blocklist.de/mail|ziyadnz/hourly-ipv4,blocklist.de|brute-force|apache|rfi|ddos|spam|mail|ziyadnz|hourly,2026-08-17T18:48:05Z,2026-08-17T18:48:05Z,
192.251.226.122,ipv4,attack,high,WHITE,blocklist.de/all|blocklist.de/apache|blocklist.de/mail|ziyadnz/hourly-ipv4,blocklist.de|brute-force|apache|rfi|ddos|spam|mail|ziyadnz|hourly,2026-08-17T18:48:05Z,2026-08-17T18:48:05Z,
192.251.226.123,ipv4,attack,high,WHITE,blocklist.de/all|blocklist.de/apache|blocklist.de/mail|ziyadnz/hourly-ipv4,blocklist.de|brute-force|apache|rfi|ddos|spam|mail|ziyadnz|hourly,2026-08-17T18:48:05Z,2026-08-17T18:48:05Z,
192.251.226.124,ipv4,attack,high,WHITE,blocklist.de/all|blocklist.de/apache|blocklist.de/mail|ziyadnz/hourly-ipv4,blocklist.de|brute-force|apache|rfi|ddos|spam|mail|ziyadnz|hourly,2026-08-17T18:48:05Z,2026-08-17T18:48:05Z,
192.251.226.125,ipv4,attack,high,WHITE,blocklist.de/all|blocklist.de/apache|blocklist.de/mail|ziyadnz/hourly-ipv4,blocklist.de|brute-force|apache|rfi|ddos|spam|mail|ziyadnz|hourly,2026-08-17T18:48:05Z,2026-08-17T18:48:05Z,
192.251.226.126,ipv4,attack,high,WHITE,blocklist.de/all|blocklist.de/apache|blocklist.de/mail|ziyadnz/hourly-ipv4,blocklist.de|brute-force|apache|rfi|ddos|spam|mail|ziyadnz|hourly,2026-08-17T18:48:05Z,2026-08-17T18:48:05Z,
192.251.226.127,ipv4,attack,high,WHITE,blocklist.de/all|blocklist.de/apache|blocklist.de/mail|ziyadnz/hourly-ipv4,blocklist.de|brute-force|apache|rfi|ddos|spam|mail|ziyadnz|hourly,2026-08-17T18:48:05Z,2026-08-17T18:48:05Z,
192.251.226.128,ipv4,attack,high,WHITE,blocklist.de/all|blocklist.de/apache|blocklist.de/mail|ziyadnz/hourly-ipv4,blocklist.de|brute-force|apache|rfi|ddos|spam|mail|ziyadnz|hourly,2026-08-17T18:48:05Z,2026-08-17T18:48:05Z,
192.251.226.129,ipv4,attack,high,WHITE,blocklist.de/all|blocklist.de/apache|blocklist.de/mail|ziyadnz/hourly-ipv4,blocklist.de|brute-force|apache|rfi|ddos|spam|mail|ziyadnz|hourly,2026-08-17T18:48:05Z,2026-08-17T18:48:05Z,
192.251.226.130,ipv4,attack,high,WHITE,blocklist.de/all|blocklist.de/apache|blocklist.de/mail|ziyadnz/hourly-ipv4,blocklist.de|brute-force|apache|rfi|ddos|spam|mail|ziyadnz|hourly,2026-08-17T18:48:05Z,2026-08-17T18:48:05Z,
192.251.226.131,ipv4,attack,high,WHITE,blocklist.de/all|blocklist.de/apache|blocklist.de/mail|ziyadnz/hourly-ipv4,blocklist.de|brute-force|apache|rfi|ddos|spam|mail|ziyadnz|hourly,2026-08-17T18:48:05Z,2026-08-17T18:48:05Z,
192.251.226.132,ipv4,attack,high,WHITE,blocklist.de/all|blocklist.de/apache|blocklist.de/mail|ziyadnz/hourly-ipv4,blocklist.de|brute-force|apache|rfi|ddos|spam|mail|ziyadnz|hourly,2026-08-17T18:48:05Z,2026-08-17T18:48:05Z,
192.251.226.133,ipv4,attack,high,WHITE,blocklist.de/all|blocklist.de/apache|blocklist.de/mail|ziyadnz/hourly-ipv4,blocklist.de|brute-force|apache|rfi|ddos|spam|mail|ziyadnz|hourly,2026-08-17T18:48:05Z,2026-08-17T18:48:05Z,
192.251.226.134,ipv4,attack,high,WHITE,blocklist.de/all|blocklist.de/apache|blocklist.de/mail|ziyadnz/hourly-ipv4,blocklist.de|brute-force|apache|rfi|ddos|spam|mail|ziyadnz|hourly,2026-08-17T18:48:05Z,2026-08-17T18:48:05Z,
192.251.226.135,ipv4,attack,high,WHITE,blocklist.de/all|blocklist.de/apache|blocklist.de/mail|ziyadnz/hourly-ipv4,blocklist.de|brute-force|apache|rfi|ddos|spam|mail|ziyadnz|hourly,2026-08-17T18:48:05Z,2026-08-17T18:48:05Z,
192.251.226.136,ipv4,attack,high,WHITE,blocklist.de/all|blocklist.de/apache|blocklist.de/mail|ziyadnz/hourly-ipv4,blocklist.de|brute-force|apache|rfi|ddos|spam|mail|ziyadnz|hourly,2026-08-17T18:48:05Z,2026-08-17T18:48:05Z,
192.251.226.137,ipv4,attack,high,WHITE,blocklist.de/all|blocklist.de/apache|blocklist.de/mail|ziyadnz/hourly-ipv4,blocklist.de|brute-force|apache|rfi|ddos|spam|mail|ziyadnz|hourly,2026-08-17T18:48:05Z,2026-08-17T18:48:05Z,
192.251.226.138,ipv4,attack,high,WHITE,blocklist.de/all|blocklist.de/apache|blocklist.de/mail|ziyadnz/hourly-ipv4,blocklist.de|brute-force|apache|rfi|ddos|spam|mail|ziyadnz|hourly,2026-08-17T18:48:05Z,2026-08-17T18:48:05Z,
192.251.226.139,ipv4,attack,high,WHITE,blocklist.de/all|blocklist.de/apache|blocklist.de/mail|ziyadnz/hourly-ipv4,blocklist.de|brute-force|apache|rfi|ddos|spam|mail|ziyadnz|hourly,2026-08-17T18:48:05Z,2026-08-17T18:48:05Z,
192.251.226.140,ipv4,attack,high,WHITE,blocklist.de/all|blocklist.de/apache|blocklist.de/mail|ziyadnz/hourly-ipv4,blocklist.de|brute-force|apache|rfi|ddos|spam|mail|ziyadnz|hourly,2026-08-17T18:48:05Z,2026-08-17T18:48:05Z,
192.251.226.141,ipv4,attack,high,WHITE,blocklist.de/all|blocklist.de/apache|blocklist.de/mail|ziyadnz/hourly-ipv4,blocklist.de|brute-force|apache|rfi|ddos|spam|mail|ziyadnz|hourly,2026-08-17T18:48:05Z,2026-08-17T18:48:05Z,
192.251.226.142,ipv4,attack,high,WHITE,blocklist.de/all|blocklist.de/apache|blocklist.de/mail|ziyadnz/hourly-ipv4,blocklist.de|brute-force|apache|rfi|ddos|spam|mail|ziyadnz|hourly,2026-08-17T18:48:05Z,2026-08-17T18:48:05Z,
192.251.226.143,ipv4,attack,high,WHITE,blocklist.de/all|blocklist.de/apache|blocklist.de/mail|ziyadnz/hourly-ipv4,blocklist.de|brute-force|apache|rfi|ddos|spam|mail|ziyadnz|hourly,2026-08-17T18:48:05Z,2026-08-17T18:48:05Z,
192.251.226.144,ipv4,attack,high,WHITE,blocklist.de/all|blocklist.de/apache|blocklist.de/mail|ziyadnz/hourly-ipv4,blocklist.de|brute-force|apache|rfi|ddos|spam|mail|ziyadnz|hourly,2026-08-17T18:48:05Z,2026-08-17T18:48:05Z,
192.251.226.145,ipv4,attack,high,WHITE,blocklist.de/all|blocklist.de/apache|blocklist.de/mail|ziyadnz/hourly-ipv4,blocklist.de|brute-force|apache|rfi|ddos|spam|mail|ziyadnz|hourly,2026-08-17T18:48:05Z,2026-08-17T18:48:05Z,
192.251.226.146,ipv4,attack,high,WHITE,blocklist.de/all|blocklist.de/apache|blocklist.de/mail|ziyadnz/hourly-ipv4,blocklist.de|brute-force|apache|rfi|ddos|spam|mail|ziyadnz|hourly,2026-08-17T18:48:05Z,2026-08-17T18:48:05Z,
192.251.226.147,ipv4,attack,high,WHITE,blocklist.de/all|blocklist.de/apache|blocklist.de/mail|ziyadnz/hourly-ipv4,blocklist.de|brute-force|apache|rfi|ddos|spam|mail|ziyadnz|hourly,2026-08-17T18:48:05Z,2026-08-17T18:48:05Z,
192.251.226.148,ipv4,attack,high,WHITE,blocklist.de/all|blocklist.de/apache|blocklist.de/mail|ziyadnz/hourly-ipv4,blocklist.de|brute-force|apache|rfi|ddos|spam|mail|ziyadnz|hourly,2026-08-17T18:48:05Z,2026-08-17T18:48:05Z,
192.251.226.149,ipv4,attack,high,WHITE,blocklist.de/all|blocklist.de/apache|blocklist.de/mail|ziyadnz/hourly-ipv4,blocklist.de|brute-force|apache|rfi|ddos|spam|mail|ziyadnz|hourly,2026-08-17T18:48:05Z,2026-08-17T18:48:05Z,
192.251.226.150,ipv4,attack,high,WHITE,blocklist.de/all|blocklist.de/apache|blocklist.de/mail|ziyadnz/hourly-ipv4,blocklist.de|brute-force|apache|rfi|ddos|spam|mail|ziyadnz|hourly,2026-08-17T18:48:05Z,2026-08-17T18:48:05Z,
192.251.226.151,ipv4,attack,high,WHITE,blocklist.de/all|blocklist.de/apache|blocklist.de/mail|ziyadnz/hourly-ipv4,blocklist.de|brute-force|apache|rfi|ddos|spam|mail|ziyadnz|hourly,2026-08-17T18:48:05Z,2026-08-17T18:48:05Z,
192.251.226.152,ipv4,attack,high,WHITE,blocklist.de/all|blocklist.de/apache|blocklist.de/mail|ziyadnz/hourly-ipv4,blocklist.de|brute-force|apache|rfi|ddos|spam|mail|ziyadnz|hourly,2026-08-17T18:48:05Z,2026-08-17T18:48:05Z,
192.251.226.153,ipv4,attack,high,WHITE,blocklist.de/all|blocklist.de/apache|blocklist.de/mail|ziyadnz/hourly-ipv4,blocklist.de|brute-force|apache|rfi|ddos|spam|mail|ziyadnz|hourly,2026-08-17T18:48:05Z,2026-08-17T18:48:05Z,
192.251.226.154,ipv4,attack,high,WHITE,blocklist.de/all|blocklist.de/apache|blocklist.de/mail|ziyadnz/hourly-ipv4,blocklist.de|brute-force|apache|rfi|ddos|spam|mail|ziyadnz|hourly,2026-08-17T18:48:05Z,2026-08-17T18:48:05Z,
192.251.226.155,ipv4,attack,high,WHITE,blocklist.de/all|blocklist.de/apache|blocklist.de/mail|ziyadnz/hourly-ipv4,blocklist.de|brute-force|apache|rfi|ddos|spam|mail|ziyadnz|hourly,2026-08-17T18:48:05Z,2026-08-17T18:48:05Z,
192.251.226.156,ipv4,attack,high,WHITE,blocklist.de/all|blocklist.de/apache|blocklist.de/mail|ziyadnz/hourly-ipv4,blocklist.de|brute-force|apache|rfi|ddos|spam|mail|ziyadnz|hourly,2026-08-17T18:48:05Z,2026-08-17T18:48:05Z,
192.251.226.157,ipv4,attack,high,WHITE,blocklist.de/all|blocklist.de/apache|blocklist.de/mail|ziyadnz/hourly-ipv4,blocklist.de|brute-force|apache|rfi|ddos|spam|mail|ziyadnz|hourly,2026-08-17T18:48:05Z,2026-08-17T18:48:05Z,
192.251.226.158,ipv4,attack,high,WHITE,blocklist.de/all|blocklist.de/apache|blocklist.de/mail|ziyadnz/hourly-ipv4,blocklist.de|brute-force|apache|rfi|ddos|spam|mail|ziyadnz|hourly,2026-08-17T18:48:05Z,2026-08-17T18:48:05Z,
192.251.226.159,ipv4,attack,high,WHITE,blocklist.de/all|blocklist.de/apache|blocklist.de/mail|ziyadnz/hourly-ipv4,blocklist.de|brute-force|apache|rfi|ddos|spam|mail|ziyadnz|hourly,2026-08-17T18:48:05Z,2026-08-17T18:48:05Z,
192.251.226.160,ipv4,attack,high,WHITE,blocklist.de/all|blocklist.de/apache|blocklist.de/mail|ziyadnz/hourly-ipv4,blocklist.de|brute-force|apache|rfi|ddos|spam|mail|ziyadnz|hourly,2026-08-17T18:48:05Z,2026-08-17T18:48:05Z,
192.251.226.161,ipv4,attack,high,WHITE,blocklist.de/all|blocklist.de/apache|blocklist.de/mail|ziyadnz/hourly-ipv4,blocklist.de|brute-force|apache|rfi|ddos|spam|mail|ziyadnz|hourly,2026-08-17T18:48:05Z,2026-08-17T18:48:05Z,
192.251.226.162,ipv4,attack,high,WHITE,blocklist.de/all|blocklist.de/apache|blocklist.de/mail|ziyadnz/hourly-ipv4,blocklist.de|brute-force|apache|rfi|ddos|spam|mail|ziyadnz|hourly,2026-08-17T18:48:05Z,2026-08-17T18:48:05Z,
192.251.226.163,ipv4,attack,high,WHITE,blocklist.de/all|blocklist.de/apache|blocklist.de/mail|ziyadnz/hourly-ipv4,blocklist.de|brute-force|apache|rfi|ddos|spam|mail|ziyadnz|hourly,2026-08-17T18:48:05Z,2026-08-17T18:48:05Z,
192.251.226.164,ipv4,attack,high,WHITE,blocklist.de/all|blocklist.de/apache|blocklist.de/mail|ziyadnz/hourly-ipv4,blocklist.de|brute-force|apache|rfi|ddos|spam|mail|ziyadnz|hourly,2026-08-17T18:48:05Z,2026-08-17T18:48:05Z,
192.251.226.165,ipv4,attack,high,WHITE,blocklist.de/all|blocklist.de/apache|blocklist.de/mail|ziyadnz/hourly-ipv4,blocklist.de|brute-force|apache|rfi|ddos|spam|mail|ziyadnz|hourly,2026-08-17T18:48:05Z,2026-08-17T18:48:05Z,
192.251.226.166,ipv4,attack,high,WHITE,blocklist.de/all|blocklist.de/apache|blocklist.de/mail|ziyadnz/hourly-ipv4,blocklist.de|brute-force|apache|rfi|ddos|spam|mail|ziyadnz|hourly,2026-08-17T18:48:05Z,2026-08-17T18:48:05Z,
192.251.226.167,ipv4,attack,high,WHITE,blocklist.de/all|blocklist.de/apache|blocklist.de/mail|ziyadnz/hourly-ipv4,blocklist.de|brute-force|apache|rfi|ddos|spam|mail|ziyadnz|hourly,2026-08-17T18:48:05Z,2026-08-17T18:48:05Z,
192.251.226.168,ipv4,attack,high,WHITE,blocklist.de/all|blocklist.de/apache|blocklist.de/mail|ziyadnz/hourly-ipv4,blocklist.de|brute-force|apache|rfi|ddos|spam|mail|ziyadnz|hourly,2026-08-17T18:48:05Z,2026-08-17T18:48:05Z,
192.251.226.169,ipv4,attack,high,WHITE,blocklist.de/all|blocklist.de/apache|blocklist.de/mail|ziyadnz/hourly-ipv4,blocklist.de|brute-force|apache|rfi|ddos|spam|mail|ziyadnz|hourly,2026-08-17T18:48:05Z,2026-08-17T18:48:05Z,
192.251.226.170,ipv4,attack,high,WHITE,blocklist.de/all|blocklist.de/apache|blocklist.de/mail|ziyadnz/hourly-ipv4,blocklist.de|brute-force|apache|rfi|ddos|spam|mail|ziyadnz|hourly,2026-08-17T18:48:05Z,2026-08-17T18:48:05Z,
192.251.226.171,ipv4,attack,high,WHITE,blocklist.de/all|blocklist.de/apache|blocklist.de/mail|ziyadnz/hourly-ipv4,blocklist.de|brute-force|apache|rfi|ddos|spam|mail|ziyadnz|hourly,2026-08-17T18:48:05Z,2026-08-17T18:48:05Z,
192.251.226.172,ipv4,attack,high,WHITE,blocklist.de/all|blocklist.de/apache|blocklist.de/mail|ziyadnz/hourly-ipv4,blocklist.de|brute-force|apache|rfi|ddos|spam|mail|ziyadnz|hourly,2026-08-17T18:48:05Z,2026-08-17T18:48:05Z,
192.251.226.173,ipv4,attack,high,WHITE,blocklist.de/all|blocklist.de/apache|blocklist.de/mail|ziyadnz/hourly-ipv4,blocklist.de|brute-force|apache|rfi|ddos|spam|mail|ziyadnz|hourly,2026-08-17T18:48:05Z,2026-08-17T18:48:05Z,
192.251.226.174,ipv4,attack,high,WHITE,blocklist.de/all|blocklist.de/apache|blocklist.de/mail|ziyadnz/hourly-ipv4,blocklist.de|brute-force|apache|rfi|ddos|spam|mail|ziyadnz|hourly,2026-08-17T18:48:05Z,2026-08-17T18:48:05Z,
192.251.226.175,ipv4,attack,high,WHITE,blocklist.de/all|blocklist.de/apache|blocklist.de/mail|ziyadnz/hourly-ipv4,blocklist.de|brute-force|apache|rfi|ddos|spam|mail|ziyadnz|hourly,2026-08-17T18:48:05Z,2026-08-17T18:48:05Z,
192.251.226.176,ipv4,attack,high,WHITE,blocklist.de/all|blocklist.de/apache|blocklist.de/mail|ziyadnz/hourly-ipv4,blocklist.de|brute-force|apache|rfi|ddos|spam|mail|ziyadnz|hourly,2026-08-17T18:48:05Z,2026-08-17T18:48:05Z,
192.251.226.177,ipv4,attack,high,WHITE,blocklist.de/all|blocklist.de/apache|blocklist.de/mail|ziyadnz/hourly-ipv4,blocklist.de|brute-force|apache|rfi|ddos|spam|mail|ziyadnz|hourly,2026-08-17T18:48:05Z,2026-08-17T18:48:05Z,
192.251.226.178,ipv4,attack,high,WHITE,blocklist.de/all|blocklist.de/apache|blocklist.de/mail|ziyadnz/hourly-ipv4,blocklist.de|brute-force|apache|rfi|ddos|spam|mail|ziyadnz|hourly,2026-08-17T18:48:05Z,2026-08-17T18:48:05Z,
192.251.226.179,ipv4,attack,high,WHITE,blocklist.de/all|blocklist.de/apache|blocklist.de/mail|ziyadnz/hourly-ipv4,blocklist.de|brute-force|apache|rfi|ddos|spam|mail|ziyadnz|hourly,2026-08-17T18:48:05Z,2026-08-17T18:48:05Z,
192.251.226.180,ipv4,attack,high,WHITE,blocklist.de/all|blocklist.de/apache|blocklist.de/mail|ziyadnz/hourly-ipv4,blocklist.de|brute-force|apache|rfi|ddos|spam|mail|ziyadnz|hourly,2026-08-17T18:48:05Z,2026-08-17T18:48:05Z,
192.251.226.181,ipv4,attack,high,WHITE,blocklist.de/all|blocklist.de/apache|blocklist.de/mail|ziyadnz/hourly-ipv4,blocklist.de|brute-force|apache|rfi|ddos|spam|mail|ziyadnz|hourly,2026-08-17T18:48:05Z,2026-08-17T18:48:05Z,
192.251.226.182,ipv4,attack,high,WHITE,blocklist.de/all|blocklist.de/apache|blocklist.de/mail|ziyadnz/hourly-ipv4,blocklist.de|brute-force|apache|rfi|ddos|spam|mail|ziyadnz|hourly,2026-08-17T18:48:05Z,2026-08-17T18:48:05Z,
192.251.226.183,ipv4,attack,high,WHITE,blocklist.de/all|blocklist.de/apache|blocklist.de/mail|ziyadnz/hourly-ipv4,blocklist.de|brute-force|apache|rfi|ddos|spam|mail|ziyadnz|hourly,2026-08-17T18:48:05Z,2026-08-17T18:48:05Z,
192.251.226.184,ipv4,attack,high,WHITE,blocklist.de/all|blocklist.de/apache|blocklist.de/mail|ziyadnz/hourly-ipv4,blocklist.de|brute-force|apache|rfi|ddos|spam|mail|ziyadnz|hourly,2026-08-17T18:48:05Z,2026-08-17T18:48:05Z,
192.251.226.185,ipv4,attack,high,WHITE,blocklist.de/all|blocklist.de/apache|blocklist.de/mail|ziyadnz/hourly-ipv4,blocklist.de|brute-force|apache|rfi|ddos|spam|mail|ziyadnz|hourly,2026-08-17T18:48:05Z,2026-08-17T18:48:05Z,
192.251.226.186,ipv4,attack,high,WHITE,blocklist.de/all|blocklist.de/apache|blocklist.de/mail|ziyadnz/hourly-ipv4,blocklist.de|brute-force|apache|rfi|ddos|spam|mail|ziyadnz|hourly,2026-08-17T18:48:05Z,2026-08-17T18:48:05Z,
192.251.226.187,ipv4,attack,high,WHITE,blocklist.de/all|blocklist.de/apache|blocklist.de/mail|ziyadnz/hourly-ipv4,blocklist.de|brute-force|apache|rfi|ddos|spam|mail|ziyadnz|hourly,2026-08-17T18:48:05Z,2026-08-17T18:48:05Z,
192.251.226.188,ipv4,attack,high,WHITE,blocklist.de/all|blocklist.de/apache|blocklist.de/mail|ziyadnz/hourly-ipv4,blocklist.de|brute-force|apache|rfi|ddos|spam|mail|ziyadnz|hourly,2026-08-17T18:48:05Z,2026-08-17T18:48:05Z,
192.251.226.189,ipv4,attack,high,WHITE,blocklist.de/all|blocklist.de/apache|blocklist.de/mail|ziyadnz/hourly-ipv4,blocklist.de|brute-force|apache|rfi|ddos|spam|mail|ziyadnz|hourly,2026-08-17T18:48:05Z,2026-08-17T18:48:05Z,
192.251.226.190,ipv4,attack,high,WHITE,blocklist.de/all|blocklist.de/apache|blocklist.de/mail|ziyadnz/hourly-ipv4,blocklist.de|brute-force|apache|rfi|ddos|spam|mail|ziyadnz|hourly,2026-08-17T18:48:05Z,2026-08-17T18:48:05Z,
192.251.226.191,ipv4,attack,high,WHITE,blocklist.de/all|blocklist.de/apache|blocklist.de/mail|ziyadnz/hourly-ipv4,blocklist.de|brute-force|apache|rfi|ddos|spam|mail|ziyadnz|hourly,2026-08-17T18:48:05Z,2026-08-17T18:48:05Z,
192.251.226.192,ipv4,attack,high,WHITE,blocklist.de/all|blocklist.de/apache|blocklist.de/mail|ziyadnz/hourly-ipv4,blocklist.de|brute-force|apache|rfi|ddos|spam|mail|ziyadnz|hourly,2026-08-17T18:48:05Z,2026-08-17T18:48:05Z,
192.251.226.193,ipv4,attack,high,WHITE,blocklist.de/all|blocklist.de/apache|blocklist.de/mail|ziyadnz/hourly-ipv4,blocklist.de|brute-force|apache|rfi|ddos|spam|mail|ziyadnz|hourly,2026-08-17T18:48:05Z,2026-08-17T18:48:05Z,
192.251.226.194,ipv4,attack,high,WHITE,blocklist.de/all|blocklist.de/apache|blocklist.de/mail|ziyadnz/hourly-ipv4,blocklist.de|brute-force|apache|rfi|ddos|spam|mail|ziyadnz|hourly,2026-08-17T18:48:05Z,2026-08-17T18:48:05Z,
192.251.226.195,ipv4,attack,high,WHITE,blocklist.de/all|blocklist.de/apache|blocklist.de/mail|ziyadnz/hourly-ipv4,blocklist.de|brute-force|apache|rfi|ddos|spam|mail|ziyadnz|hourly,2026-08-17T18:48:05Z,2026-08-17T18:48:05Z,
192.251.226.196,ipv4,attack,high,WHITE,blocklist.de/all|blocklist.de/apache|blocklist.de/mail|ziyadnz/hourly-ipv4,blocklist.de|brute-force|apache|rfi|ddos|spam|mail|ziyadnz|hourly,2026-08-17T18:48:05Z,2026-08-17T18:48:05Z,
192.251.226.197,ipv4,attack,high,WHITE,blocklist.de/all|blocklist.de/apache|blocklist.de/mail|ziyadnz/hourly-ipv4,blocklist.de|brute-force|apache|rfi|ddos|spam|mail|ziyadnz|hourly,2026-08-17T18:48:05Z,2026-08-17T18:48:05Z,
192.251.226.198,ipv4,attack,high,WHITE,blocklist.de/all|blocklist.de/apache|blocklist.de/mail|ziyadnz/hourly-ipv4,blocklist.de|brute-force|apache|rfi|ddos|spam|mail|ziyadnz|hourly,2026-08-17T18:48:05Z,2026-08-17T18:48:05Z,
192.251.226.199,ipv4,attack,high,WHITE,blocklist.de/all|blocklist.de/apache|blocklist.de/mail|ziyadnz/hourly-ipv4,blocklist.de|brute-force|apache|rfi|ddos|spam|mail|ziyadnz|hourly,2026-08-17T18:48:05Z,2026-08-17T18:48:05Z,
192.251.226.200,ipv4,attack,high,WHITE,blocklist.de/all|blocklist.de/apache|blocklist.de/mail|ziyadnz/hourly-ipv4,blocklist.de|brute-force|apache|rfi|ddos|spam|mail|ziyadnz|hourly,2026-08-17T18:48:05Z,2026-08-17T18:48:05Z,
192.251.226.201,ipv4,attack,high,WHITE,blocklist.de/all|blocklist.de/apache|blocklist.de/mail|ziyadnz/hourly-ipv4,blocklist.de|brute-force|apache|rfi|ddos|spam|mail|ziyadnz|hourly,2026-08-17T18:48:05Z,2026-08-17T18:48:05Z,
192.251.226.202,ipv4,attack,high,WHITE,blocklist.de/all|blocklist.de/apache|blocklist.de/mail|ziyadnz/hourly-ipv4,blocklist.de|brute-force|apache|rfi|ddos|spam|mail|ziyadnz|hourly,2026-08-17T18:48:05Z,2026-08-17T18:48:05Z,
192.251.226.203,ipv4,attack,high,WHITE,blocklist.de/all|blocklist.de/apache|blocklist.de/mail|ziyadnz/hourly-ipv4,blocklist.de|brute-force|apache|rfi|ddos|spam|mail|ziyadnz|hourly,2026-08-17T18:48:05Z,2026-08-17T18:48:05Z,
192.251.226.204,ipv4,attack,high,WHITE,blocklist.de/all|blocklist.de/apache|blocklist.de/mail|ziyadnz/hourly-ipv4,blocklist.de|brute-force|apache|rfi|ddos|spam|mail|ziyadnz|hourly,2026-08-17T18:48:05Z,2026-08-17T18:48:05Z,
192.251.226.205,ipv4,attack,high,WHITE,blocklist.de/all|blocklist.de/apache|blocklist.de/mail|ziyadnz/hourly-ipv4,blocklist.de|brute-force|apache|rfi|ddos|spam|mail|ziyadnz|hourly,2026-08-17T18:48:05Z,2026-08-17T18:48:05Z,
192.251.226.206,ipv4,attack,high,WHITE,blocklist.de/all|blocklist.de/apache|blocklist.de/mail|ziyadnz/hourly-ipv4,blocklist.de|brute-force|apache|rfi|ddos|spam|mail|ziyadnz|hourly,2026-08-17T18:48:05Z,2026-08-17T18:48:05Z,
192.251.226.207,ipv4,attack,high,WHITE,blocklist.de/all|blocklist.de/apache|blocklist.de/mail|ziyadnz/hourly-ipv4,blocklist.de|brute-force|apache|rfi|ddos|spam|mail|ziyadnz|hourly,2026-08-17T18:48:05Z,2026-08-17T18:48:05Z,
192.251.226.208,ipv4,attack,high,WHITE,blocklist.de/all|blocklist.de/apache|blocklist.de/mail|ziyadnz/hourly-ipv4,blocklist.de|brute-force|apache|rfi|ddos|spam|mail|ziyadnz|hourly,2026-08-17T18:48:05Z,2026-08-17T18:48:05Z,
192.251.226.209,ipv4,attack,high,WHITE,blocklist.de/all|blocklist.de/apache|blocklist.de/mail|ziyadnz/hourly-ipv4,blocklist.de|brute-force|apache|rfi|ddos|spam|mail|ziyadnz|hourly,2026-08-17T18:48:05Z,2026-08-17T18:48:05Z,
192.251.226.210,ipv4,attack,high,WHITE,blocklist.de/all|blocklist.de/apache|blocklist.de/mail|ziyadnz/hourly-ipv4,blocklist.de|brute-force|apache|rfi|ddos|spam|mail|ziyadnz|hourly,2026-08-17T18:48:05Z,2026-08-17T18:48:05Z,
192.251.226.211,ipv4,attack,high,WHITE,blocklist.de/all|blocklist.de/apache|blocklist.de/mail|ziyadnz/hourly-ipv4,blocklist.de|brute-force|apache|rfi|ddos|spam|mail|ziyadnz|hourly,2026-08-17T18:48:05Z,2026-08-17T18:48:05Z,
192.251.226.212,ipv4,attack,high,WHITE,blocklist.de/all|blocklist.de/apache|blocklist.de/mail|ziyadnz/hourly-ipv4,blocklist.de|brute-force|apache|rfi|ddos|spam|mail|ziyadnz|hourly,2026-08-17T18:48:05Z,2026-08-17T18:48:05Z,
192.251.226.213,ipv4,attack,high,WHITE,blocklist.de/all|blocklist.de/apache|blocklist.de/mail|ziyadnz/hourly-ipv4,blocklist.de|brute-force|apache|rfi|ddos|spam|mail|ziyadnz|hourly,2026-08-17T18:48:05Z,2026-08-17T18:48:05Z,
192.251.226.214,ipv4,attack,high,WHITE,blocklist.de/all|blocklist.de/apache|blocklist.de/mail|ziyadnz/hourly-ipv4,blocklist.de|brute-force|apache|rfi|ddos|spam|mail|ziyadnz|hourly,2026-08-17T18:48:05Z,2026-08-17T18:48:05Z,
192.251.226.215,ipv4,attack,high,WHITE,blocklist.de/all|blocklist.de/apache|blocklist.de/mail|ziyadnz/hourly-ipv4,blocklist.de|brute-force|apache|rfi|ddos|spam|mail|ziyadnz|hourly,2026-08-17T18:48:05Z,2026-08-17T18:48:05Z,
192.251.226.216,ipv4,attack,high,WHITE,blocklist.de/all|blocklist.de/apache|blocklist.de/mail|ziyadnz/hourly-ipv4,blocklist.de|brute-force|apache|rfi|ddos|spam|mail|ziyadnz|hourly,2026-08-17T18:48:05Z,2026-08-17T18:48:05Z,
192.251.226.217,ipv4,attack,high,WHITE,blocklist.de/all|blocklist.de/apache|blocklist.de/mail|ziyadnz/hourly-ipv4,blocklist.de|brute-force|apache|rfi|ddos|spam|mail|ziyadnz|hourly,2026-08-17T18:48:05Z,2026-08-17T18:48:05Z,
192.251.226.218,ipv4,attack,high,WHITE,blocklist.de/all|blocklist.de/apache|blocklist.de/mail|ziyadnz/hourly-ipv4,blocklist.de|brute-force|apache|rfi|ddos|spam|mail|ziyadnz|hourly,2026-08-17T18:48:05Z,2026-08-17T18:48:05Z,
192.251.226.219,ipv4,attack,high,WHITE,blocklist.de/all|blocklist.de/apache|blocklist.de/mail|ziyadnz/hourly-ipv4,blocklist.de|brute-force|apache|rfi|ddos|spam|mail|ziyadnz|hourly,2026-08-17T18:48:05Z,2026-08-17T18:48:05Z,
192.251.226.220,ipv4,attack,high,WHITE,blocklist.de/all|blocklist.de/apache|blocklist.de/mail|ziyadnz/hourly-ipv4,blocklist.de|brute-force|apache|rfi|ddos|spam|mail|ziyadnz|hourly,2026-08-17T18:48:05Z,2026-08-17T18:48:05Z,
192.251.226.221,ipv4,attack,high,WHITE,blocklist.de/all|blocklist.de/apache|blocklist.de/mail|ziyadnz/hourly-ipv4,blocklist.de|brute-force|apache|rfi|ddos|spam|mail|ziyadnz|hourly,2026-08-17T18:48:05Z,2026-08-17T18:48:05Z,
192.251.226.222,ipv4,attack,high,WHITE,blocklist.de/all|blocklist.de/apache|blocklist.de/mail|ziyadnz/hourly-ipv4,blocklist.de|brute-force|apache|rfi|ddos|spam|mail|ziyadnz|hourly,2026-08-17T18:48:05Z,2026-08-17T18:48:05Z,
192.251.226.223,ipv4,attack,high,WHITE,blocklist.de/all|blocklist.de/apache|blocklist.de/mail|ziyadnz/hourly-ipv4,blocklist.de|brute-force|apache|rfi|ddos|spam|mail|ziyadnz|hourly,2026-08-17T18:48:05Z,2026-08-17T18:48:05Z,
192.251.226.224,ipv4,attack,high,WHITE,blocklist.de/all|blocklist.de/apache|blocklist.de/mail|ziyadnz/hourly-ipv4,blocklist.de|brute-force|apache|rfi|ddos|spam|mail|ziyadnz|hourly,2026-08-17T18:48:05Z,2026-08-17T18:48:05Z,
192.251.226.225,ipv4,attack,high,WHITE,blocklist.de/all|blocklist.de/apache|blocklist.de/mail|ziyadnz/hourly-ipv4,blocklist.de|brute-force|apache|rfi|ddos|spam|mail|ziyadnz|hourly,2026-08-17T18:48:05Z,2026-08-17T18:48:05Z,
192.251.226.226,ipv4,attack,high,WHITE,blocklist.de/all|blocklist.de/apache|blocklist.de/mail|ziyadnz/hourly-ipv4,blocklist.de|brute-force|apache|rfi|ddos|spam|mail|ziyadnz|hourly,2026-08-17T18:48:05Z,2026-08-17T18:48:05Z,
192.251.226.227,ipv4,attack,high,WHITE,blocklist.de/all|blocklist.de/apache|blocklist.de/mail|ziyadnz/hourly-ipv4,blocklist.de|brute-force|apache|rfi|ddos|spam|mail|ziyadnz|hourly,2026-08-17T18:48:05Z,2026-08-17T18:48:05Z,
192.251.226.228,ipv4,attack,high,WHITE,blocklist.de/all|blocklist.de/apache|blocklist.de/mail|ziyadnz/hourly-ipv4,blocklist.de|brute-force|apache|rfi|ddos|spam|mail|ziyadnz|hourly,2026-08-17T18:48:05Z,2026-08-17T18:48:05Z,
192.251.226.229,ipv4,attack,high,WHITE,blocklist.de/all|blocklist.de/apache|blocklist.de/mail|ziyadnz/hourly-ipv4,blocklist.de|brute-force|apache|rfi|ddos|spam|mail|ziyadnz|hourly,2026-08-17T18:48:05Z,2026-08-17T18:48:05Z,
192.251.226.230,ipv4,attack,high,WHITE,blocklist.de/all|blocklist.de/apache|blocklist.de/mail|ziyadnz/hourly-ipv4,blocklist.de|brute-force|apache|rfi|ddos|spam|mail|ziyadnz|hourly,2026-08-17T18:48:05Z,2026-08-17T18:48:05Z,
192.251.226.231,ipv4,attack,high,WHITE,blocklist.de/all|blocklist.de/apache|blocklist.de/mail|ziyadnz/hourly-ipv4,blocklist.de|brute-force|apache|rfi|ddos|spam|mail|ziyadnz|hourly,2026-08-17T18:48:05Z,2026-08-17T18:48:05Z,
192.251.226.232,ipv4,attack,high,WHITE,blocklist.de/all|blocklist.de/apache|blocklist.de/mail|ziyadnz/hourly-ipv4,blocklist.de|brute-force|apache|rfi|ddos|spam|mail|ziyadnz|hourly,2026-08-17T18:48:05Z,2026-08-17T18:48:05Z,
192.251.226.233,ipv4,attack,high,WHITE,blocklist.de/all|blocklist.de/apache|blocklist.de/mail|ziyadnz/hourly-ipv4,blocklist.de|brute-force|apache|rfi|ddos|spam|mail|ziyadnz|hourly,2026-08-17T18:48:05Z,2026-08-17T18:48:05Z,
192.251.226.234,ipv4,attack,high,WHITE,blocklist.de/all|blocklist.de/apache|blocklist.de/mail|ziyadnz/hourly-ipv4,blocklist.de|brute-force|apache|rfi|ddos|spam|mail|ziyadnz|hourly,2026-08-17T18:48:05Z,2026-08-17T18:48:05Z,
192.251.226.235,ipv4,attack,high,WHITE,blocklist.de/all|blocklist.de/apache|blocklist.de/mail|ziyadnz/hourly-ipv4,blocklist.de|brute-force|apache|rfi|ddos|spam|mail|ziyadnz|hourly,2026-08-17T18:48:05Z,2026-08-17T18:48:05Z,
192.251.226.236,ipv4,attack,high,WHITE,blocklist.de/all|blocklist.de/apache|blocklist.de/mail|ziyadnz/hourly-ipv4,blocklist.de|brute-force|apache|rfi|ddos|spam|mail|ziyadnz|hourly,2026-08-17T18:48:05Z,2026-08-17T18:48:05Z,
192.251.226.237,ipv4,attack,high,WHITE,blocklist.de/all|blocklist.de/apache|blocklist.de/mail|ziyadnz/hourly-ipv4,blocklist.de|brute-force|apache|rfi|ddos|spam|mail|ziyadnz|hourly,2026-08-17T18:48:05Z,2026-08-17T18:48:05Z,
192.251.226.238,ipv4,attack,high,WHITE,blocklist.de/all|blocklist.de/apache|blocklist.de/mail|ziyadnz/hourly-ipv4,blocklist.de|brute-force|apache|rfi|ddos|spam|mail|ziyadnz|hourly,2026-08-17T18:48:05Z,2026-08-17T18:48:05Z,
192.251.226.239,ipv4,attack,high,WHITE,blocklist.de/all|blocklist.de/apache|blocklist.de/mail|ziyadnz/hourly-ipv4,blocklist.de|brute-force|apache|rfi|ddos|spam|mail|ziyadnz|hourly,2026-08-17T18:48:05Z,2026-08-17T18:48:05Z,
192.251.226.240,ipv4,attack,high,WHITE,blocklist.de/all|blocklist.de/apache|blocklist.de/mail|ziyadnz/hourly-ipv4,blocklist.de|brute-force|apache|rfi|ddos|spam|mail|ziyadnz|hourly,2026-08-17T18:48:05Z,2026-08-17T18:48:05Z,
192.251.226.241,ipv4,attack,high,WHITE,blocklist.de/all|blocklist.de/apache|blocklist.de/mail|ziyadnz/hourly-ipv4,blocklist.de|brute-force|apache|rfi|ddos|spam|mail|ziyadnz|hourly,2026-08-17T18:48:05Z,2026-08-17T18:48:05Z,
192.251.226.242,ipv4,attack,high,WHITE,blocklist.de/all|blocklist.de/apache|blocklist.de/mail|ziyadnz/hourly-ipv4,blocklist.de|brute-force|apache|rfi|ddos|spam|mail|ziyadnz|hourly,2026-08-17T18:48:05Z,2026-08-17T18:48:05Z,
192.251.226.243,ipv4,attack,high,WHITE,blocklist.de/all|blocklist.de/apache|blocklist.de/mail|ziyadnz/hourly-ipv4,blocklist.de|brute-force|apache|rfi|ddos|spam|mail|ziyadnz|hourly,2026-08-17T18:48:05Z,2026-08-17T18:48:05Z,
192.251.226.244,ipv4,attack,high,WHITE,blocklist.de/all|blocklist.de/apache|blocklist.de/mail|ziyadnz/hourly-ipv4,blocklist.de|brute-force|apache|rfi|ddos|spam|mail|ziyadnz|hourly,2026-08-17T18:48:05Z,2026-08-17T18:48:05Z,
192.251.226.245,ipv4,attack,high,WHITE,blocklist.de/all|blocklist.de/apache|blocklist.de/mail|ziyadnz/hourly-ipv4,blocklist.de|brute-force|apache|rfi|ddos|spam|mail|ziyadnz|hourly,2026-08-17T18:48:05Z,2026-08-17T18:48:05Z,
192.251.226.246,ipv4,attack,high,WHITE,blocklist.de/all|blocklist.de/apache|blocklist.de/mail|ziyadnz/hourly-ipv4,blocklist.de|brute-force|apache|rfi|ddos|spam|mail|ziyadnz|hourly,2026-08-17T18:48:05Z,2026-08-17T18:48:05Z,
192.251.226.247,ipv4,attack,high,WHITE,blocklist.de/all|blocklist.de/apache|blocklist.de/mail|ziyadnz/hourly-ipv4,blocklist.de|brute-force|apache|rfi|ddos|spam|mail|ziyadnz|hourly,2026-08-17T18:48:05Z,2026-08-17T18:48:05Z,
192.251.226.248,ipv4,attack,high,WHITE,blocklist.de/all|blocklist.de/apache|blocklist.de/mail|ziyadnz/hourly-ipv4,blocklist.de|brute-force|apache|rfi|ddos|spam|mail|ziyadnz|hourly,2026-08-17T18:48:05Z,2026-08-17T18:48:05Z,
192.251.226.249,ipv4,attack,high,WHITE,blocklist.de/all|blocklist.de/apache|blocklist.de/mail|ziyadnz/hourly-ipv4,blocklist.de|brute-force|apache|rfi|ddos|spam|mail|ziyadnz|hourly,2026-08-17T18:48:05Z,2026-08-17T18:48:05Z,
192.251.226.250,ipv4,attack,high,WHITE,blocklist.de/all|blocklist.de/apache|blocklist.de/mail|ziyadnz/hourly-ipv4,blocklist.de|brute-force|apache|rfi|ddos|spam|mail|ziyadnz|hourly,2026-08-17T18:48:05Z,2026-08-17T18:48:05Z,
192.251.226.251,ipv4,attack,high,WHITE,blocklist.de/all|blocklist.de/apache|blocklist.de/mail|ziyadnz/hourly-ipv4,blocklist.de|brute-force|apache|rfi|ddos|spam|mail|ziyadnz|hourly,2026-08-17T18:48:05Z,2026-08-17T18:48:05Z,
192.251.226.252,ipv4,attack,high,WHITE,blocklist.de/all|blocklist.de/apache|blocklist.de/mail|ziyadnz/hourly-ipv4,blocklist.de|brute-force|apache|rfi|ddos|spam|mail|ziyadnz|hourly,2026-08-17T18:48:05Z,2026-08-17T18:48:05Z,
192.251.226.253,ipv4,attack,high,WHITE,blocklist.de/all|blocklist.de/apache|blocklist.de/mail|ziyadnz/hourly-ipv4,blocklist.de|brute-force|apache|rfi|ddos|spam|mail|ziyadnz|hourly,2026-08-17T18:48:05Z,2026-08-17T18:48:05Z,
192.251.226.254,ipv4,attack,high,WHITE,blocklist.de/all|blocklist.de/apache|blocklist.de/mail|ziyadnz/hourly-ipv4,blocklist.de|brute-force|apache|rfi|ddos|spam|mail|ziyadnz|hourly,2026-08-17T18:48:05Z,2026-08-17T18:48:05Z,
192.251.226.255,ipv4,attack,high,WHITE,blocklist.de/all|blocklist.de/apache|blocklist.de/mail|ziyadnz/hourly-ipv4,blocklist.de|brute-force|apache|rfi|ddos|spam|mail|ziyadnz|hourly,2026-08-17T18:48:05Z,2026-08-17T18:48:05Z,
188.143.232.0,ipv4,attack,high,WHITE,blocklist.de/all|blocklist.de/apache|blocklist.de/mail|ziyadnz/hourly-ipv4,blocklist.de|brute-force|apache|rfi|ddos|spam|mail|ziyadnz|hourly,2026-08-17T18:48:05Z,2026-08-17T18:48:05Z,
188.143.232.1,ipv4,attack,high,WHITE,blocklist.de/all|blocklist.de/apache|blocklist.de/mail|ziyadnz/hourly-ipv4,blocklist.de|brute-force|apache|rfi|ddos|spam|mail|ziyadnz|hourly,2026-08-17T18:48:05Z,2026-08-17T18:48:05Z,
188.143.232.2,ipv4,attack,high,WHITE,blocklist.de/all|blocklist.de/apache|blocklist.de/mail|ziyadnz/hourly-ipv4,blocklist.de|brute-force|apache|rfi|ddos|spam|mail|ziyadnz|hourly,2026-08-17T18:48:05Z,2026-08-17T18:48:05Z,
188.143.232.3,ipv4,attack,high,WHITE,blocklist.de/all|blocklist.de/apache|blocklist.de/mail|ziyadnz/hourly-ipv4,blocklist.de|brute-force|apache|rfi|ddos|spam|mail|ziyadnz|hourly,2026-08-17T18:48:05Z,2026-08-17T18:48:05Z,
188.143.232.4,ipv4,attack,high,WHITE,blocklist.de/all|blocklist.de/apache|blocklist.de/mail|ziyadnz/hourly-ipv4,blocklist.de|brute-force|apache|rfi|ddos|spam|mail|ziyadnz|hourly,2026-08-17T18:48:05Z,2026-08-17T18:48:05Z,
188.143.232.5,ipv4,attack,high,WHITE,blocklist.de/all|blocklist.de/apache|blocklist.de/mail|ziyadnz/hourly-ipv4,blocklist.de|brute-force|apache|rfi|ddos|spam|mail|ziyadnz|hourly,2026-08-17T18:48:05Z,2026-08-17T18:48:05Z,
188.143.232.6,ipv4,attack,high,WHITE,blocklist.de/all|blocklist.de/apache|blocklist.de/mail|ziyadnz/hourly-ipv4,blocklist.de|brute-force|apache|rfi|ddos|spam|mail|ziyadnz|hourly,2026-08-17T18:48:05Z,2026-08-17T18:48:05Z,
188.143.232.7,ipv4,attack,high,WHITE,blocklist.de/all|blocklist.de/apache|blocklist.de/mail|ziyadnz/hourly-ipv4,blocklist.de|brute-force|apache|rfi|ddos|spam|mail|ziyadnz|hourly,2026-08-17T18:48:05Z,2026-08-17T18:48:05Z,
188.143.232.8,ipv4,attack,high,WHITE,blocklist.de/all|blocklist.de/apache|blocklist.de/mail|ziyadnz/hourly-ipv4,blocklist.de|brute-force|apache|rfi|ddos|spam|mail|ziyadnz|hourly,2026-08-17T18:48:05Z,2026-08-17T18:48:05Z,
188.143.232.9,ipv4,attack,high,WHITE,blocklist.de/all|blocklist.de/apache|blocklist.de/mail|ziyadnz/hourly-ipv4,blocklist.de|brute-force|apache|rfi|ddos|spam|mail|ziyadnz|hourly,2026-08-17T18:48:05Z,2026-08-17T18:48:05Z,
188.143.232.10,ipv4,attack,high,WHITE,blocklist.de/all|blocklist.de/apache|blocklist.de/mail|ziyadnz/hourly-ipv4,blocklist.de|brute-force|apache|rfi|ddos|spam|mail|ziyadnz|hourly,2026-08-17T18:48:05Z,2026-08-17T18:48:05Z,
188.143.232.11,ipv4,attack,high,WHITE,blocklist.de/all|blocklist.de/apache|blocklist.de/mail|ziyadnz/hourly-ipv4,blocklist.de|brute-force|apache|rfi|ddos|spam|mail|ziyadnz|hourly,2026-08-17T18:48:05Z,2026-08-17T18:48:05Z,
188.143.232.12,ipv4,attack,high,WHITE,blocklist.de/all|blocklist.de/apache|blocklist.de/mail|ziyadnz/hourly-ipv4,blocklist.de|brute-force|apache|rfi|ddos|spam|mail|ziyadnz|hourly,2026-08-17T18:48:05Z,2026-08-17T18:48:05Z,
188.143.232.13,ipv4,attack,high,WHITE,blocklist.de/all|blocklist.de/apache|blocklist.de/mail|ziyadnz/hourly-ipv4,blocklist.de|brute-force|apache|rfi|ddos|spam|mail|ziyadnz|hourly,2026-08-17T18:48:05Z,2026-08-17T18:48:05Z,
188.143.232.14,ipv4,attack,high,WHITE,blocklist.de/all|blocklist.de/apache|blocklist.de/mail|ziyadnz/hourly-ipv4,blocklist.de|brute-force|apache|rfi|ddos|spam|mail|ziyadnz|hourly,2026-08-17T18:48:05Z,2026-08-17T18:48:05Z,
188.143.232.15,ipv4,attack,high,WHITE,blocklist.de/all|blocklist.de/apache|blocklist.de/mail|ziyadnz/hourly-ipv4,blocklist.de|brute-force|apache|rfi|ddos|spam|mail|ziyadnz|hourly,2026-08-17T18:48:05Z,2026-08-17T18:48:05Z,
188.143.232.16,ipv4,attack,high,WHITE,blocklist.de/all|blocklist.de/apache|blocklist.de/mail|ziyadnz/hourly-ipv4,blocklist.de|brute-force|apache|rfi|ddos|spam|mail|ziyadnz|hourly,2026-08-17T18:48:05Z,2026-08-17T18:48:05Z,
188.143.232.17,ipv4,attack,high,WHITE,blocklist.de/all|blocklist.de/apache|blocklist.de/mail|ziyadnz/hourly-ipv4,blocklist.de|brute-force|apache|rfi|ddos|spam|mail|ziyadnz|hourly,2026-08-17T18:48:05Z,2026-08-17T18:48:05Z,
188.143.232.18,ipv4,attack,high,WHITE,blocklist.de/all|blocklist.de/apache|blocklist.de/mail|ziyadnz/hourly-ipv4,blocklist.de|brute-force|apache|rfi|ddos|spam|mail|ziyadnz|hourly,2026-08-17T18:48:05Z,2026-08-17T18:48:05Z,
188.143.232.19,ipv4,attack,high,WHITE,blocklist.de/all|blocklist.de/apache|blocklist.de/mail|ziyadnz/hourly-ipv4,blocklist.de|brute-force|apache|rfi|ddos|spam|mail|ziyadnz|hourly,2026-08-17T18:48:05Z,2026-08-17T18:48:05Z,
188.143.232.20,ipv4,attack,high,WHITE,blocklist.de/all|blocklist.de/apache|blocklist.de/mail|ziyadnz/hourly-ipv4,blocklist.de|brute-force|apache|rfi|ddos|spam|mail|ziyadnz|hourly,2026-08-17T18:48:05Z,2026-08-17T18:48:05Z,
188.143.232.21,ipv4,attack,high,WHITE,blocklist.de/all|blocklist.de/apache|blocklist.de/mail|ziyadnz/hourly-ipv4,blocklist.de|brute-force|apache|rfi|ddos|spam|mail|ziyadnz|hourly,2026-08-17T18:48:05Z,2026-08-17T18:48:05Z,
188.143.232.22,ipv4,attack,high,WHITE,blocklist.de/all|blocklist.de/apache|blocklist.de/mail|ziyadnz/hourly-ipv4,blocklist.de|brute-force|apache|rfi|ddos|spam|mail|ziyadnz|hourly,2026-08-17T18:48:05Z,2026-08-17T18:48:05Z,
188.143.232.23,ipv4,attack,high,WHITE,blocklist.de/all|blocklist.de/apache|blocklist.de/mail|ziyadnz/hourly-ipv4,blocklist.de|brute-force|apache|rfi|ddos|spam|mail|ziyadnz|hourly,2026-08-17T18:48:05Z,2026-08-17T18:48:05Z,
188.143.232.24,ipv4,attack,high,WHITE,blocklist.de/all|blocklist.de/apache|blocklist.de/mail|ziyadnz/hourly-ipv4,blocklist.de|brute-force|apache|rfi|ddos|spam|mail|ziyadnz|hourly,2026-08-17T18:48:05Z,2026-08-17T18:48:05Z,
188.143.232.25,ipv4,attack,high,WHITE,blocklist.de/all|blocklist.de/apache|blocklist.de/mail|ziyadnz/hourly-ipv4,blocklist.de|brute-force|apache|rfi|ddos|spam|mail|ziyadnz|hourly,2026-08-17T18:48:05Z,2026-08-17T18:48:05Z,
188.143.232.26,ipv4,attack,high,WHITE,blocklist.de/all|blocklist.de/apache|blocklist.de/mail|ziyadnz/hourly-ipv4,blocklist.de|brute-force|apache|rfi|ddos|spam|mail|ziyadnz|hourly,2026-08-17T18:48:05Z,2026-08-17T18:48:05Z,
188.143.232.27,ipv4,attack,high,WHITE,blocklist.de/all|blocklist.de/apache|blocklist.de/mail|ziyadnz/hourly-ipv4,blocklist.de|brute-force|apache|rfi|ddos|spam|mail|ziyadnz|hourly,2026-08-17T18:48:05Z,2026-08-17T18:48:05Z,
188.143.232.28,ipv4,attack,high,WHITE,blocklist.de/all|blocklist.de/apache|blocklist.de/mail|ziyadnz/hourly-ipv4,blocklist.de|brute-force|apache|rfi|ddos|spam|mail|ziyadnz|hourly,2026-08-17T18:48:05Z,2026-08-17T18:48:05Z,
188.143.232.29,ipv4,attack,high,WHITE,blocklist.de/all|blocklist.de/apache|blocklist.de/mail|ziyadnz/hourly-ipv4,blocklist.de|brute-force|apache|rfi|ddos|spam|mail|ziyadnz|hourly,2026-08-17T18:48:05Z,2026-08-17T18:48:05Z,
188.143.232.30,ipv4,attack,high,WHITE,blocklist.de/all|blocklist.de/apache|blocklist.de/mail|ziyadnz/hourly-ipv4,blocklist.de|brute-force|apache|rfi|ddos|spam|mail|ziyadnz|hourly,2026-08-17T18:48:05Z,2026-08-17T18:48:05Z,
188.143.232.31,ipv4,attack,high,WHITE,blocklist.de/all|blocklist.de/apache|blocklist.de/mail|ziyadnz/hourly-ipv4,blocklist.de|brute-force|apache|rfi|ddos|spam|mail|ziyadnz|hourly,2026-08-17T18:48:05Z,2026-08-17T18:48:05Z,
188.143.232.32,ipv4,attack,high,WHITE,blocklist.de/all|blocklist.de/apache|blocklist.de/mail|ziyadnz/hourly-ipv4,blocklist.de|brute-force|apache|rfi|ddos|spam|mail|ziyadnz|hourly,2026-08-17T18:48:05Z,2026-08-17T18:48:05Z,
188.143.232.33,ipv4,attack,high,WHITE,blocklist.de/all|blocklist.de/apache|blocklist.de/mail|ziyadnz/hourly-ipv4,blocklist.de|brute-force|apache|rfi|ddos|spam|mail|ziyadnz|hourly,2026-08-17T18:48:05Z,2026-08-17T18:48:05Z,
188.143.232.34,ipv4,attack,high,WHITE,blocklist.de/all|blocklist.de/apache|blocklist.de/mail|ziyadnz/hourly-ipv4,blocklist.de|brute-force|apache|rfi|ddos|spam|mail|ziyadnz|hourly,2026-08-17T18:48:05Z,2026-08-17T18:48:05Z,
188.143.232.35,ipv4,attack,high,WHITE,blocklist.de/all|blocklist.de/apache|blocklist.de/mail|ziyadnz/hourly-ipv4,blocklist.de|brute-force|apache|rfi|ddos|spam|mail|ziyadnz|hourly,2026-08-17T18:48:05Z,2026-08-17T18:48:05Z,
188.143.232.36,ipv4,attack,high,WHITE,blocklist.de/all|blocklist.de/apache|blocklist.de/mail|ziyadnz/hourly-ipv4,blocklist.de|brute-force|apache|rfi|ddos|spam|mail|ziyadnz|hourly,2026-08-17T18:48:05Z,2026-08-17T18:48:05Z,
188.143.232.37,ipv4,attack,high,WHITE,blocklist.de/all|blocklist.de/apache|blocklist.de/mail|ziyadnz/hourly-ipv4,blocklist.de|brute-force|apache|rfi|ddos|spam|mail|ziyadnz|hourly,2026-08-17T18:48:05Z,2026-08-17T18:48:05Z,
188.143.232.38,ipv4,attack,high,WHITE,blocklist.de/all|blocklist.de/apache|blocklist.de/mail|ziyadnz/hourly-ipv4,blocklist.de|brute-force|apache|rfi|ddos|spam|mail|ziyadnz|hourly,2026-08-17T18:48:05Z,2026-08-17T18:48:05Z,
188.143.232.39,ipv4,attack,high,WHITE,blocklist.de/all|blocklist.de/apache|blocklist.de/mail|ziyadnz/hourly-ipv4,blocklist.de|brute-force|apache|rfi|ddos|spam|mail|ziyadnz|hourly,2026-08-17T18:48:05Z,2026-08-17T18:48:05Z,
188.143.232.40,ipv4,attack,high,WHITE,blocklist.de/all|blocklist.de/apache|blocklist.de/mail|ziyadnz/hourly-ipv4,blocklist.de|brute-force|apache|rfi|ddos|spam|mail|ziyadnz|hourly,2026-08-17T18:48:05Z,2026-08-17T18:48:05Z,
188.143.232.41,ipv4,attack,high,WHITE,blocklist.de/all|blocklist.de/apache|blocklist.de/mail|ziyadnz/hourly-ipv4,blocklist.de|brute-force|apache|rfi|ddos|spam|mail|ziyadnz|hourly,2026-08-17T18:48:05Z,2026-08-17T18:48:05Z,
188.143.232.42,ipv4,attack,high,WHITE,blocklist.de/all|blocklist.de/apache|blocklist.de/mail|ziyadnz/hourly-ipv4,blocklist.de|brute-force|apache|rfi|ddos|spam|mail|ziyadnz|hourly,2026-08-17T18:48:05Z,2026-08-17T18:48:05Z,
188.143.232.43,ipv4,attack,high,WHITE,blocklist.de/all|blocklist.de/apache|blocklist.de/mail|ziyadnz/hourly-ipv4,blocklist.de|brute-force|apache|rfi|ddos|spam|mail|ziyadnz|hourly,2026-08-17T18:48:05Z,2026-08-17T18:48:05Z,
188.143.232.44,ipv4,attack,high,WHITE,blocklist.de/all|blocklist.de/apache|blocklist.de/mail|ziyadnz/hourly-ipv4,blocklist.de|brute-force|apache|rfi|ddos|spam|mail|ziyadnz|hourly,2026-08-17T18:48:05Z,2026-08-17T18:48:05Z,
188.143.232.45,ipv4,attack,high,WHITE,blocklist.de/all|blocklist.de/apache|blocklist.de/mail|ziyadnz/hourly-ipv4,blocklist.de|brute-force|apache|rfi|ddos|spam|mail|ziyadnz|hourly,2026-08-17T18:48:05Z,2026-08-17T18:48:05Z,
188.143.232.46,ipv4,attack,high,WHITE,blocklist.de/all|blocklist.de/apache|blocklist.de/mail|ziyadnz/hourly-ipv4,blocklist.de|brute-force|apache|rfi|ddos|spam|mail|ziyadnz|hourly,2026-08-17T18:48:05Z,2026-08-17T18:48:05Z,
188.143.232.47,ipv4,attack,high,WHITE,blocklist.de/all|blocklist.de/apache|blocklist.de/mail|ziyadnz/hourly-ipv4,blocklist.de|brute-force|apache|rfi|ddos|spam|mail|ziyadnz|hourly,2026-08-17T18:48:05Z,2026-08-17T18:48:05Z,
188.143.232.48,ipv4,attack,high,WHITE,blocklist.de/all|blocklist.de/apache|blocklist.de/mail|ziyadnz/hourly-ipv4,blocklist.de|brute-force|apache|rfi|ddos|spam|mail|ziyadnz|hourly,2026-08-17T18:48:05Z,2026-08-17T18:48:05Z,
188.143.232.49,ipv4,attack,high,WHITE,blocklist.de/all|blocklist.de/apache|blocklist.de/mail|ziyadnz/hourly-ipv4,blocklist.de|brute-force|apache|rfi|ddos|spam|mail|ziyadnz|hourly,2026-08-17T18:48:05Z,2026-08-17T18:48:05Z,
188.143.232.50,ipv4,attack,high,WHITE,blocklist.de/all|blocklist.de/apache|blocklist.de/mail|ziyadnz/hourly-ipv4,blocklist.de|brute-force|apache|rfi|ddos|spam|mail|ziyadnz|hourly,2026-08-17T18:48:05Z,2026-08-17T18:48:05Z,
188.143.232.51,ipv4,attack,high,WHITE,blocklist.de/all|blocklist.de/apache|blocklist.de/mail|ziyadnz/hourly-ipv4,blocklist.de|brute-force|apache|rfi|ddos|spam|mail|ziyadnz|hourly,2026-08-17T18:48:05Z,2026-08-17T18:48:05Z,
188.143.232.52,ipv4,attack,high,WHITE,blocklist.de/all|blocklist.de/apache|blocklist.de/mail|ziyadnz/hourly-ipv4,blocklist.de|brute-force|apache|rfi|ddos|spam|mail|ziyadnz|hourly,2026-08-17T18:48:05Z,2026-08-17T18:48:05Z,
188.143.232.53,ipv4,attack,high,WHITE,blocklist.de/all|blocklist.de/apache|blocklist.de/mail|ziyadnz/hourly-ipv4,blocklist.de|brute-force|apache|rfi|ddos|spam|mail|ziyadnz|hourly,2026-08-17T18:48:05Z,2026-08-17T18:48:05Z,
188.143.232.54,ipv4,attack,high,WHITE,blocklist.de/all|blocklist.de/apache|blocklist.de/mail|ziyadnz/hourly-ipv4,blocklist.de|brute-force|apache|rfi|ddos|spam|mail|ziyadnz|hourly,2026-08-17T18:48:05Z,2026-08-17T18:48:05Z,
188.143.232.55,ipv4,attack,high,WHITE,blocklist.de/all|blocklist.de/apache|blocklist.de/mail|ziyadnz/hourly-ipv4,blocklist.de|brute-force|apache|rfi|ddos|spam|mail|ziyadnz|hourly,2026-08-17T18:48:05Z,2026-08-17T18:48:05Z,
188.143.232.56,ipv4,attack,high,WHITE,blocklist.de/all|blocklist.de/apache|blocklist.de/mail|ziyadnz/hourly-ipv4,blocklist.de|brute-force|apache|rfi|ddos|spam|mail|ziyadnz|hourly,2026-08-17T18:48:05Z,2026-08-17T18:48:05Z,
188.143.232.57,ipv4,attack,high,WHITE,blocklist.de/all|blocklist.de/apache|blocklist.de/mail|ziyadnz/hourly-ipv4,blocklist.de|brute-force|apache|rfi|ddos|spam|mail|ziyadnz|hourly,2026-08-17T18:48:05Z,2026-08-17T18:48:05Z,
188.143.232.58,ipv4,attack,high,WHITE,blocklist.de/all|blocklist.de/apache|blocklist.de/mail|ziyadnz/hourly-ipv4,blocklist.de|brute-force|apache|rfi|ddos|spam|mail|ziyadnz|hourly,2026-08-17T18:48:05Z,2026-08-17T18:48:05Z,
188.143.232.59,ipv4,attack,high,WHITE,blocklist.de/all|blocklist.de/apache|blocklist.de/mail|ziyadnz/hourly-ipv4,blocklist.de|brute-force|apache|rfi|ddos|spam|mail|ziyadnz|hourly,2026-08-17T18:48:05Z,2026-08-17T18:48:05Z,
188.143.232.60,ipv4,attack,high,WHITE,blocklist.de/all|blocklist.de/apache|blocklist.de/mail|ziyadnz/hourly-ipv4,blocklist.de|brute-force|apache|rfi|ddos|spam|mail|ziyadnz|hourly,2026-08-17T18:48:05Z,2026-08-17T18:48:05Z,
188.143.232.61,ipv4,attack,high,WHITE,blocklist.de/all|blocklist.de/apache|blocklist.de/mail|ziyadnz/hourly-ipv4,blocklist.de|brute-force|apache|rfi|ddos|spam|mail|ziyadnz|hourly,2026-08-17T18:48:05Z,2026-08-17T18:48:05Z,
188.143.232.62,ipv4,attack,high,WHITE,blocklist.de/all|blocklist.de/apache|blocklist.de/mail|ziyadnz/hourly-ipv4,blocklist.de|brute-force|apache|rfi|ddos|spam|mail|ziyadnz|hourly,2026-08-17T18:48:05Z,2026-08-17T18:48:05Z,
188.143.232.63,ipv4,attack,high,WHITE,blocklist.de/all|blocklist.de/apache|blocklist.de/mail|ziyadnz/hourly-ipv4,blocklist.de|brute-force|apache|rfi|ddos|spam|mail|ziyadnz|hourly,2026-08-17T18:48:05Z,2026-08-17T18:48:05Z,
188.143.232.64,ipv4,attack,high,WHITE,blocklist.de/all|blocklist.de/apache|blocklist.de/mail|ziyadnz/hourly-ipv4,blocklist.de|brute-force|apache|rfi|ddos|spam|mail|ziyadnz|hourly,2026-08-17T18:48:05Z,2026-08-17T18:48:05Z,
188.143.232.65,ipv4,attack,high,WHITE,blocklist.de/all|blocklist.de/apache|blocklist.de/mail|ziyadnz/hourly-ipv4,blocklist.de|brute-force|apache|rfi|ddos|spam|mail|ziyadnz|hourly,2026-08-17T18:48:05Z,2026-08-17T18:48:05Z,
188.143.232.66,ipv4,attack,high,WHITE,blocklist.de/all|blocklist.de/apache|blocklist.de/mail|ziyadnz/hourly-ipv4,blocklist.de|brute-force|apache|rfi|ddos|spam|mail|ziyadnz|hourly,2026-08-17T18:48:05Z,2026-08-17T18:48:05Z,
188.143.232.67,ipv4,attack,high,WHITE,blocklist.de/all|blocklist.de/apache|blocklist.de/mail|ziyadnz/hourly-ipv4,blocklist.de|brute-force|apache|rfi|ddos|spam|mail|ziyadnz|hourly,2026-08-17T18:48:05Z,2026-08-17T18:48:05Z,
188.143.232.68,ipv4,attack,high,WHITE,blocklist.de/all|blocklist.de/apache|blocklist.de/mail|ziyadnz/hourly-ipv4,blocklist.de|brute-force|apache|rfi|ddos|spam|mail|ziyadnz|hourly,2026-08-17T18:48:05Z,2026-08-17T18:48:05Z,
188.143.232.69,ipv4,attack,high,WHITE,blocklist.de/all|blocklist.de/apache|blocklist.de/mail|ziyadnz/hourly-ipv4,blocklist.de|brute-force|apache|rfi|ddos|spam|mail|ziyadnz|hourly,2026-08-17T18:48:05Z,2026-08-17T18:48:05Z,
188.143.232.70,ipv4,attack,high,WHITE,blocklist.de/all|blocklist.de/apache|blocklist.de/mail|ziyadnz/hourly-ipv4,blocklist.de|brute-force|apache|rfi|ddos|spam|mail|ziyadnz|hourly,2026-08-17T18:48:05Z,2026-08-17T18:48:05Z,
188.143.232.71,ipv4,attack,high,WHITE,blocklist.de/all|blocklist.de/apache|blocklist.de/mail|ziyadnz/hourly-ipv4,blocklist.de|brute-force|apache|rfi|ddos|spam|mail|ziyadnz|hourly,2026-08-17T18:48:05Z,2026-08-17T18:48:05Z,
188.143.232.72,ipv4,attack,high,WHITE,blocklist.de/all|blocklist.de/apache|blocklist.de/mail|ziyadnz/hourly-ipv4,blocklist.de|brute-force|apache|rfi|ddos|spam|mail|ziyadnz|hourly,2026-08-17T18:48:05Z,2026-08-17T18:48:05Z,
188.143.232.73,ipv4,attack,high,WHITE,blocklist.de/all|blocklist.de/apache|blocklist.de/mail|ziyadnz/hourly-ipv4,blocklist.de|brute-force|apache|rfi|ddos|spam|mail|ziyadnz|hourly,2026-08-17T18:48:05Z,2026-08-17T18:48:05Z,
188.143.232.74,ipv4,attack,high,WHITE,blocklist.de/all|blocklist.de/apache|blocklist.de/mail|ziyadnz/hourly-ipv4,blocklist.de|brute-force|apache|rfi|ddos|spam|mail|ziyadnz|hourly,2026-08-17T18:48:05Z,2026-08-17T18:48:05Z,
188.143.232.75,ipv4,attack,high,WHITE,blocklist.de/all|blocklist.de/apache|blocklist.de/mail|ziyadnz/hourly-ipv4,blocklist.de|brute-force|apache|rfi|ddos|spam|mail|ziyadnz|hourly,2026-08-17T18:48:05Z,2026-08-17T18:48:05Z,
188.143.232.76,ipv4,attack,high,WHITE,blocklist.de/all|blocklist.de/apache|blocklist.de/mail|ziyadnz/hourly-ipv4,blocklist.de|brute-force|apache|rfi|ddos|spam|mail|ziyadnz|hourly,2026-08-17T18:48:05Z,2026-08-17T18:48:05Z,
188.143.232.77,ipv4,attack,high,WHITE,blocklist.de/all|blocklist.de/apache|blocklist.de/mail|ziyadnz/hourly-ipv4,blocklist.de|brute-force|apache|rfi|ddos|spam|mail|ziyadnz|hourly,2026-08-17T18:48:05Z,2026-08-17T18:48:05Z,
188.143.232.78,ipv4,attack,high,WHITE,blocklist.de/all|blocklist.de/apache|blocklist.de/mail|ziyadnz/hourly-ipv4,blocklist.de|brute-force|apache|rfi|ddos|spam|mail|ziyadnz|hourly,2026-08-17T18:48:05Z,2026-08-17T18:48:05Z,
188.143.232.79,ipv4,attack,high,WHITE,blocklist.de/all|blocklist.de/apache|blocklist.de/mail|ziyadnz/hourly-ipv4,blocklist.de|brute-force|apache|rfi|ddos|spam|mail|ziyadnz|hourly,2026-08-17T18:48:05Z,2026-08-17T18:48:05Z,
188.143.232.80,ipv4,attack,high,WHITE,blocklist.de/all|blocklist.de/apache|blocklist.de/mail|ziyadnz/hourly-ipv4,blocklist.de|brute-force|apache|rfi|ddos|spam|mail|ziyadnz|hourly,2026-08-17T18:48:05Z,2026-08-17T18:48:05Z,
188.143.232.81,ipv4,attack,high,WHITE,blocklist.de/all|blocklist.de/apache|blocklist.de/mail|ziyadnz/hourly-ipv4,blocklist.de|brute-force|apache|rfi|ddos|spam|mail|ziyadnz|hourly,2026-08-17T18:48:05Z,2026-08-17T18:48:05Z,
188.143.232.82,ipv4,attack,high,WHITE,blocklist.de/all|blocklist.de/apache|blocklist.de/mail|ziyadnz/hourly-ipv4,blocklist.de|brute-force|apache|rfi|ddos|spam|mail|ziyadnz|hourly,2026-08-17T18:48:05Z,2026-08-17T18:48:05Z,
188.143.232.83,ipv4,attack,high,WHITE,blocklist.de/all|blocklist.de/apache|blocklist.de/mail|ziyadnz/hourly-ipv4,blocklist.de|brute-force|apache|rfi|ddos|spam|mail|ziyadnz|hourly,2026-08-17T18:48:05Z,2026-08-17T18:48:05Z,
188.143.232.84,ipv4,attack,high,WHITE,blocklist.de/all|blocklist.de/apache|blocklist.de/mail|ziyadnz/hourly-ipv4,blocklist.de|brute-force|apache|rfi|ddos|spam|mail|ziyadnz|hourly,2026-08-17T18:48:05Z,2026-08-17T18:48:05Z,
188.143.232.85,ipv4,attack,high,WHITE,blocklist.de/all|blocklist.de/apache|blocklist.de/mail|ziyadnz/hourly-ipv4,blocklist.de|brute-force|apache|rfi|ddos|spam|mail|ziyadnz|hourly,2026-08-17T18:48:05Z,2026-08-17T18:48:05Z,
188.143.232.86,ipv4,attack,high,WHITE,blocklist.de/all|blocklist.de/apache|blocklist.de/mail|ziyadnz/hourly-ipv4,blocklist.de|brute-force|apache|rfi|ddos|spam|mail|ziyadnz|hourly,2026-08-17T18:48:05Z,2026-08-17T18:48:05Z,
188.143.232.87,ipv4,attack,high,WHITE,blocklist.de/all|blocklist.de/apache|blocklist.de/mail|ziyadnz/hourly-ipv4,blocklist.de|brute-force|apache|rfi|ddos|spam|mail|ziyadnz|hourly,2026-08-17T18:48:05Z,2026-08-17T18:48:05Z,
188.143.232.88,ipv4,attack,high,WHITE,blocklist.de/all|blocklist.de/apache|blocklist.de/mail|ziyadnz/hourly-ipv4,blocklist.de|brute-force|apache|rfi|ddos|spam|mail|ziyadnz|hourly,2026-08-17T18:48:05Z,2026-08-17T18:48:05Z,
188.143.232.89,ipv4,attack,high,WHITE,blocklist.de/all|blocklist.de/apache|blocklist.de/mail|ziyadnz/hourly-ipv4,blocklist.de|brute-force|apache|rfi|ddos|spam|mail|ziyadnz|hourly,2026-08-17T18:48:05Z,2026-08-17T18:48:05Z,
188.143.232.90,ipv4,attack,high,WHITE,blocklist.de/all|blocklist.de/apache|blocklist.de/mail|ziyadnz/hourly-ipv4,blocklist.de|brute-force|apache|rfi|ddos|spam|mail|ziyadnz|hourly,2026-08-17T18:48:05Z,2026-08-17T18:48:05Z,
188.143.232.91,ipv4,attack,high,WHITE,blocklist.de/all|blocklist.de/apache|blocklist.de/mail|ziyadnz/hourly-ipv4,blocklist.de|brute-force|apache|rfi|ddos|spam|mail|ziyadnz|hourly,2026-08-17T18:48:05Z,2026-08-17T18:48:05Z,
188.143.232.92,ipv4,attack,high,WHITE,blocklist.de/all|blocklist.de/apache|blocklist.de/mail|ziyadnz/hourly-ipv4,blocklist.de|brute-force|apache|rfi|ddos|spam|mail|ziyadnz|hourly,2026-08-17T18:48:05Z,2026-08-17T18:48:05Z,
188.143.232.93,ipv4,attack,high,WHITE,blocklist.de/all|blocklist.de/apache|blocklist.de/mail|ziyadnz/hourly-ipv4,blocklist.de|brute-force|apache|rfi|ddos|spam|mail|ziyadnz|hourly,2026-08-17T18:48:05Z,2026-08-17T18:48:05Z,
188.143.232.94,ipv4,attack,high,WHITE,blocklist.de/all|blocklist.de/apache|blocklist.de/mail|ziyadnz/hourly-ipv4,blocklist.de|brute-force|apache|rfi|ddos|spam|mail|ziyadnz|hourly,2026-08-17T18:48:05Z,2026-08-17T18:48:05Z,
188.143.232.95,ipv4,attack,high,WHITE,blocklist.de/all|blocklist.de/apache|blocklist.de/mail|ziyadnz/hourly-ipv4,blocklist.de|brute-force|apache|rfi|ddos|spam|mail|ziyadnz|hourly,2026-08-17T18:48:05Z,2026-08-17T18:48:05Z,
188.143.232.96,ipv4,attack,high,WHITE,blocklist.de/all|blocklist.de/apache|blocklist.de/mail|ziyadnz/hourly-ipv4,blocklist.de|brute-force|apache|rfi|ddos|spam|mail|ziyadnz|hourly,2026-08-17T18:48:05Z,2026-08-17T18:48:05Z,
188.143.232.97,ipv4,attack,high,WHITE,blocklist.de/all|blocklist.de/apache|blocklist.de/mail|ziyadnz/hourly-ipv4,blocklist.de|brute-force|apache|rfi|ddos|spam|mail|ziyadnz|hourly,2026-08-17T18:48:05Z,2026-08-17T18:48:05Z,
188.143.232.98,ipv4,attack,high,WHITE,blocklist.de/all|blocklist.de/apache|blocklist.de/mail|ziyadnz/hourly-ipv4,blocklist.de|brute-force|apache|rfi|ddos|spam|mail|ziyadnz|hourly,2026-08-17T18:48:05Z,2026-08-17T18:48:05Z,
188.143.232.99,ipv4,attack,high,WHITE,blocklist.de/all|blocklist.de/apache|blocklist.de/mail|ziyadnz/hourly-ipv4,blocklist.de|brute-force|apache|rfi|ddos|spam|mail|ziyadnz|hourly,2026-08-17T18:48:05Z,2026-08-17T18:48:05Z,
188.143.232.100,ipv4,attack,high,WHITE,blocklist.de/all|blocklist.de/apache|blocklist.de/mail|ziyadnz/hourly-ipv4,blocklist.de|brute-force|apache|rfi|ddos|spam|mail|ziyadnz|hourly,2026-08-17T18:48:05Z,2026-08-17T18:48:05Z,
188.143.232.101,ipv4,attack,high,WHITE,blocklist.de/all|blocklist.de/apache|blocklist.de/mail|ziyadnz/hourly-ipv4,blocklist.de|brute-force|apache|rfi|ddos|spam|mail|ziyadnz|hourly,2026-08-17T18:48:05Z,2026-08-17T18:48:05Z,
188.143.232.102,ipv4,attack,high,WHITE,blocklist.de/all|blocklist.de/apache|blocklist.de/mail|ziyadnz/hourly-ipv4,blocklist.de|brute-force|apache|rfi|ddos|spam|mail|ziyadnz|hourly,2026-08-17T18:48:05Z,2026-08-17T18:48:05Z,
188.143.232.103,ipv4,attack,high,WHITE,blocklist.de/all|blocklist.de/apache|blocklist.de/mail|ziyadnz/hourly-ipv4,blocklist.de|brute-force|apache|rfi|ddos|spam|mail|ziyadnz|hourly,2026-08-17T18:48:05Z,2026-08-17T18:48:05Z,
188.143.232.104,ipv4,attack,high,WHITE,blocklist.de/all|blocklist.de/apache|blocklist.de/mail|ziyadnz/hourly-ipv4,blocklist.de|brute-force|apache|rfi|ddos|spam|mail|ziyadnz|hourly,2026-08-17T18:48:05Z,2026-08-17T18:48:05Z,
188.143.232.105,ipv4,attack,high,WHITE,blocklist.de/all|blocklist.de/apache|blocklist.de/mail|ziyadnz/hourly-ipv4,blocklist.de|brute-force|apache|rfi|ddos|spam|mail|ziyadnz|hourly,2026-08-17T18:48:05Z,2026-08-17T18:48:05Z,
188.143.232.106,ipv4,attack,high,WHITE,blocklist.de/all|blocklist.de/apache|blocklist.de/mail|ziyadnz/hourly-ipv4,blocklist.de|brute-force|apache|rfi|ddos|spam|mail|ziyadnz|hourly,2026-08-17T18:48:05Z,2026-08-17T18:48:05Z,
188.143.232.107,ipv4,attack,high,WHITE,blocklist.de/all|blocklist.de/apache|blocklist.de/mail|ziyadnz/hourly-ipv4,blocklist.de|brute-force|apache|rfi|ddos|spam|mail|ziyadnz|hourly,2026-08-17T18:48:05Z,2026-08-17T18:48:05Z,
188.143.232.108,ipv4,attack,high,WHITE,blocklist.de/all|blocklist.de/apache|blocklist.de/mail|ziyadnz/hourly-ipv4,blocklist.de|brute-force|apache|rfi|ddos|spam|mail|ziyadnz|hourly,2026-08-17T18:48:05Z,2026-08-17T18:48:05Z,
188.143.232.109,ipv4,attack,high,WHITE,blocklist.de/all|blocklist.de/apache|blocklist.de/mail|ziyadnz/hourly-ipv4,blocklist.de|brute-force|apache|rfi|ddos|spam|mail|ziyadnz|hourly,2026-08-17T18:48:05Z,2026-08-17T18:48:05Z,
188.143.232.110,ipv4,attack,high,WHITE,blocklist.de/all|blocklist.de/apache|blocklist.de/mail|ziyadnz/hourly-ipv4,blocklist.de|brute-force|apache|rfi|ddos|spam|mail|ziyadnz|hourly,2026-08-17T18:48:05Z,2026-08-17T18:48:05Z,
188.143.232.111,ipv4,attack,high,WHITE,blocklist.de/all|blocklist.de/apache|blocklist.de/mail|ziyadnz/hourly-ipv4,blocklist.de|brute-force|apache|rfi|ddos|spam|mail|ziyadnz|hourly,2026-08-17T18:48:05Z,2026-08-17T18:48:05Z,
188.143.232.112,ipv4,attack,high,WHITE,blocklist.de/all|blocklist.de/apache|blocklist.de/mail|ziyadnz/hourly-ipv4,blocklist.de|brute-force|apache|rfi|ddos|spam|mail|ziyadnz|hourly,2026-08-17T18:48:05Z,2026-08-17T18:48:05Z,
188.143.232.113,ipv4,attack,high,WHITE,blocklist.de/all|blocklist.de/apache|blocklist.de/mail|ziyadnz/hourly-ipv4,blocklist.de|brute-force|apache|rfi|ddos|spam|mail|ziyadnz|hourly,2026-08-17T18:48:05Z,2026-08-17T18:48:05Z,
188.143.232.114,ipv4,attack,high,WHITE,blocklist.de/all|blocklist.de/apache|blocklist.de/mail|ziyadnz/hourly-ipv4,blocklist.de|brute-force|apache|rfi|ddos|spam|mail|ziyadnz|hourly,2026-08-17T18:48:05Z,2026-08-17T18:48:05Z,
188.143.232.115,ipv4,attack,high,WHITE,blocklist.de/all|blocklist.de/apache|blocklist.de/mail|ziyadnz/hourly-ipv4,blocklist.de|brute-force|apache|rfi|ddos|spam|mail|ziyadnz|hourly,2026-08-17T18:48:05Z,2026-08-17T18:48:05Z,
188.143.232.116,ipv4,attack,high,WHITE,blocklist.de/all|blocklist.de/apache|blocklist.de/mail|ziyadnz/hourly-ipv4,blocklist.de|brute-force|apache|rfi|ddos|spam|mail|ziyadnz|hourly,2026-08-17T18:48:05Z,2026-08-17T18:48:05Z,
188.143.232.117,ipv4,attack,high,WHITE,blocklist.de/all|blocklist.de/apache|blocklist.de/mail|ziyadnz/hourly-ipv4,blocklist.de|brute-force|apache|rfi|ddos|spam|mail|ziyadnz|hourly,2026-08-17T18:48:05Z,2026-08-17T18:48:05Z,
188.143.232.118,ipv4,attack,high,WHITE,blocklist.de/all|blocklist.de/apache|blocklist.de/mail|ziyadnz/hourly-ipv4,blocklist.de|brute-force|apache|rfi|ddos|spam|mail|ziyadnz|hourly,2026-08-17T18:48:05Z,2026-08-17T18:48:05Z,
188.143.232.119,ipv4,attack,high,WHITE,blocklist.de/all|blocklist.de/apache|blocklist.de/mail|ziyadnz/hourly-ipv4,blocklist.de|brute-force|apache|rfi|ddos|spam|mail|ziyadnz|hourly,2026-08-17T18:48:05Z,2026-08-17T18:48:05Z,
188.143.232.120,ipv4,attack,high,WHITE,blocklist.de/all|blocklist.de/apache|blocklist.de/mail|ziyadnz/hourly-ipv4,blocklist.de|brute-force|apache|rfi|ddos|spam|mail|ziyadnz|hourly,2026-08-17T18:48:05Z,2026-08-17T18:48:05Z,
188.143.232.121,ipv4,attack,high,WHITE,blocklist.de/all|blocklist.de/apache|blocklist.de/mail|ziyadnz/hourly-ipv4,blocklist.de|brute-force|apache|rfi|ddos|spam|mail|ziyadnz|hourly,2026-08-17T18:48:05Z,2026-08-17T18:48:05Z,
188.143.232.122,ipv4,attack,high,WHITE,blocklist.de/all|blocklist.de/apache|blocklist.de/mail|ziyadnz/hourly-ipv4,blocklist.de|brute-force|apache|rfi|ddos|spam|mail|ziyadnz|hourly,2026-08-17T18:48:05Z,2026-08-17T18:48:05Z,
188.143.232.123,ipv4,attack,high,WHITE,blocklist.de/all|blocklist.de/apache|blocklist.de/mail|ziyadnz/hourly-ipv4,blocklist.de|brute-force|apache|rfi|ddos|spam|mail|ziyadnz|hourly,2026-08-17T18:48:05Z,2026-08-17T18:48:05Z,
188.143.232.124,ipv4,attack,high,WHITE,blocklist.de/all|blocklist.de/apache|blocklist.de/mail|ziyadnz/hourly-ipv4,blocklist.de|brute-force|apache|rfi|ddos|spam|mail|ziyadnz|hourly,2026-08-17T18:48:05Z,2026-08-17T18:48:05Z,
188.143.232.125,ipv4,attack,high,WHITE,blocklist.de/all|blocklist.de/apache|blocklist.de/mail|ziyadnz/hourly-ipv4,blocklist.de|brute-force|apache|rfi|ddos|spam|mail|ziyadnz|hourly,2026-08-17T18:48:05Z,2026-08-17T18:48:05Z,
188.143.232.126,ipv4,attack,high,WHITE,blocklist.de/all|blocklist.de/apache|blocklist.de/mail|ziyadnz/hourly-ipv4,blocklist.de|brute-force|apache|rfi|ddos|spam|mail|ziyadnz|hourly,2026-08-17T18:48:05Z,2026-08-17T18:48:05Z,
188.143.232.127,ipv4,attack,high,WHITE,blocklist.de/all|blocklist.de/apache|blocklist.de/mail|ziyadnz/hourly-ipv4,blocklist.de|brute-force|apache|rfi|ddos|spam|mail|ziyadnz|hourly,2026-08-17T18:48:05Z,2026-08-17T18:48:05Z,
188.143.232.128,ipv4,attack,high,WHITE,blocklist.de/all|blocklist.de/apache|blocklist.de/mail|ziyadnz/hourly-ipv4,blocklist.de|brute-force|apache|rfi|ddos|spam|mail|ziyadnz|hourly,2026-08-17T18:48:05Z,2026-08-17T18:48:05Z,
188.143.232.129,ipv4,attack,high,WHITE,blocklist.de/all|blocklist.de/apache|blocklist.de/mail|ziyadnz/hourly-ipv4,blocklist.de|brute-force|apache|rfi|ddos|spam|mail|ziyadnz|hourly,2026-08-17T18:48:05Z,2026-08-17T18:48:05Z,
188.143.232.130,ipv4,attack,high,WHITE,blocklist.de/all|blocklist.de/apache|blocklist.de/mail|ziyadnz/hourly-ipv4,blocklist.de|brute-force|apache|rfi|ddos|spam|mail|ziyadnz|hourly,2026-08-17T18:48:05Z,2026-08-17T18:48:05Z,
188.143.232.131,ipv4,attack,high,WHITE,blocklist.de/all|blocklist.de/apache|blocklist.de/mail|ziyadnz/hourly-ipv4,blocklist.de|brute-force|apache|rfi|ddos|spam|mail|ziyadnz|hourly,2026-08-17T18:48:05Z,2026-08-17T18:48:05Z,
188.143.232.132,ipv4,attack,high,WHITE,blocklist.de/all|blocklist.de/apache|blocklist.de/mail|ziyadnz/hourly-ipv4,blocklist.de|brute-force|apache|rfi|ddos|spam|mail|ziyadnz|hourly,2026-08-17T18:48:05Z,2026-08-17T18:48:05Z,
188.143.232.133,ipv4,attack,high,WHITE,blocklist.de/all|blocklist.de/apache|blocklist.de/mail|ziyadnz/hourly-ipv4,blocklist.de|brute-force|apache|rfi|ddos|spam|mail|ziyadnz|hourly,2026-08-17T18:48:05Z,2026-08-17T18:48:05Z,
188.143.232.134,ipv4,attack,high,WHITE,blocklist.de/all|blocklist.de/apache|blocklist.de/mail|ziyadnz/hourly-ipv4,blocklist.de|brute-force|apache|rfi|ddos|spam|mail|ziyadnz|hourly,2026-08-17T18:48:05Z,2026-08-17T18:48:05Z,
188.143.232.135,ipv4,attack,high,WHITE,blocklist.de/all|blocklist.de/apache|blocklist.de/mail|ziyadnz/hourly-ipv4,blocklist.de|brute-force|apache|rfi|ddos|spam|mail|ziyadnz|hourly,2026-08-17T18:48:05Z,2026-08-17T18:48:05Z,
188.143.232.136,ipv4,attack,high,WHITE,blocklist.de/all|blocklist.de/apache|blocklist.de/mail|ziyadnz/hourly-ipv4,blocklist.de|brute-force|apache|rfi|ddos|spam|mail|ziyadnz|hourly,2026-08-17T18:48:05Z,2026-08-17T18:48:05Z,
188.143.232.137,ipv4,attack,high,WHITE,blocklist.de/all|blocklist.de/apache|blocklist.de/mail|ziyadnz/hourly-ipv4,blocklist.de|brute-force|apache|rfi|ddos|spam|mail|ziyadnz|hourly,2026-08-17T18:48:05Z,2026-08-17T18:48:05Z,
188.143.232.138,ipv4,attack,high,WHITE,blocklist.de/all|blocklist.de/apache|blocklist.de/mail|ziyadnz/hourly-ipv4,blocklist.de|brute-force|apache|rfi|ddos|spam|mail|ziyadnz|hourly,2026-08-17T18:48:05Z,2026-08-17T18:48:05Z,
188.143.232.139,ipv4,attack,high,WHITE,blocklist.de/all|blocklist.de/apache|blocklist.de/mail|ziyadnz/hourly-ipv4,blocklist.de|brute-force|apache|rfi|ddos|spam|mail|ziyadnz|hourly,2026-08-17T18:48:05Z,2026-08-17T18:48:05Z,
188.143.232.140,ipv4,attack,high,WHITE,blocklist.de/all|blocklist.de/apache|blocklist.de/mail|ziyadnz/hourly-ipv4,blocklist.de|brute-force|apache|rfi|ddos|spam|mail|ziyadnz|hourly,2026-08-17T18:48:05Z,2026-08-17T18:48:05Z,
188.143.232.141,ipv4,attack,high,WHITE,blocklist.de/all|blocklist.de/apache|blocklist.de/mail|ziyadnz/hourly-ipv4,blocklist.de|brute-force|apache|rfi|ddos|spam|mail|ziyadnz|hourly,2026-08-17T18:48:05Z,2026-08-17T18:48:05Z,
188.143.232.142,ipv4,attack,high,WHITE,blocklist.de/all|blocklist.de/apache|blocklist.de/mail|ziyadnz/hourly-ipv4,blocklist.de|brute-force|apache|rfi|ddos|spam|mail|ziyadnz|hourly,2026-08-17T18:48:05Z,2026-08-17T18:48:05Z,
188.143.232.143,ipv4,attack,high,WHITE,blocklist.de/all|blocklist.de/apache|blocklist.de/mail|ziyadnz/hourly-ipv4,blocklist.de|brute-force|apache|rfi|ddos|spam|mail|ziyadnz|hourly,2026-08-17T18:48:05Z,2026-08-17T18:48:05Z,
188.143.232.144,ipv4,attack,high,WHITE,blocklist.de/all|blocklist.de/apache|blocklist.de/mail|ziyadnz/hourly-ipv4,blocklist.de|brute-force|apache|rfi|ddos|spam|mail|ziyadnz|hourly,2026-08-17T18:48:05Z,2026-08-17T18:48:05Z,
188.143.232.145,ipv4,attack,high,WHITE,blocklist.de/all|blocklist.de/apache|blocklist.de/mail|ziyadnz/hourly-ipv4,blocklist.de|brute-force|apache|rfi|ddos|spam|mail|ziyadnz|hourly,2026-08-17T18:48:05Z,2026-08-17T18:48:05Z,
188.143.232.146,ipv4,attack,high,WHITE,blocklist.de/all|blocklist.de/apache|blocklist.de/mail|ziyadnz/hourly-ipv4,blocklist.de|brute-force|apache|rfi|ddos|spam|mail|ziyadnz|hourly,2026-08-17T18:48:05Z,2026-08-17T18:48:05Z,
188.143.232.147,ipv4,attack,high,WHITE,blocklist.de/all|blocklist.de/apache|blocklist.de/mail|ziyadnz/hourly-ipv4,blocklist.de|brute-force|apache|rfi|ddos|spam|mail|ziyadnz|hourly,2026-08-17T18:48:05Z,2026-08-17T18:48:05Z,
188.143.232.148,ipv4,attack,high,WHITE,blocklist.de/all|blocklist.de/apache|blocklist.de/mail|ziyadnz/hourly-ipv4,blocklist.de|brute-force|apache|rfi|ddos|spam|mail|ziyadnz|hourly,2026-08-17T18:48:05Z,2026-08-17T18:48:05Z,
188.143.232.149,ipv4,attack,high,WHITE,blocklist.de/all|blocklist.de/apache|blocklist.de/mail|ziyadnz/hourly-ipv4,blocklist.de|brute-force|apache|rfi|ddos|spam|mail|ziyadnz|hourly,2026-08-17T18:48:05Z,2026-08-17T18:48:05Z,
188.143.232.150,ipv4,attack,high,WHITE,blocklist.de/all|blocklist.de/apache|blocklist.de/mail|ziyadnz/hourly-ipv4,blocklist.de|brute-force|apache|rfi|ddos|spam|mail|ziyadnz|hourly,2026-08-17T18:48:05Z,2026-08-17T18:48:05Z,
188.143.232.151,ipv4,attack,high,WHITE,blocklist.de/all|blocklist.de/apache|blocklist.de/mail|ziyadnz/hourly-ipv4,blocklist.de|brute-force|apache|rfi|ddos|spam|mail|ziyadnz|hourly,2026-08-17T18:48:05Z,2026-08-17T18:48:05Z,
188.143.232.152,ipv4,attack,high,WHITE,blocklist.de/all|blocklist.de/apache|blocklist.de/mail|ziyadnz/hourly-ipv4,blocklist.de|brute-force|apache|rfi|ddos|spam|mail|ziyadnz|hourly,2026-08-17T18:48:05Z,2026-08-17T18:48:05Z,
188.143.232.153,ipv4,attack,high,WHITE,blocklist.de/all|blocklist.de/apache|blocklist.de/mail|ziyadnz/hourly-ipv4,blocklist.de|brute-force|apache|rfi|ddos|spam|mail|ziyadnz|hourly,2026-08-17T18:48:05Z,2026-08-17T18:48:05Z,
188.143.232.154,ipv4,attack,high,WHITE,blocklist.de/all|blocklist.de/apache|blocklist.de/mail|ziyadnz/hourly-ipv4,blocklist.de|brute-force|apache|rfi|ddos|spam|mail|ziyadnz|hourly,2026-08-17T18:48:05Z,2026-08-17T18:48:05Z,
188.143.232.155,ipv4,attack,high,WHITE,blocklist.de/all|blocklist.de/apache|blocklist.de/mail|ziyadnz/hourly-ipv4,blocklist.de|brute-force|apache|rfi|ddos|spam|mail|ziyadnz|hourly,2026-08-17T18:48:05Z,2026-08-17T18:48:05Z,
188.143.232.156,ipv4,attack,high,WHITE,blocklist.de/all|blocklist.de/apache|blocklist.de/mail|ziyadnz/hourly-ipv4,blocklist.de|brute-force|apache|rfi|ddos|spam|mail|ziyadnz|hourly,2026-08-17T18:48:05Z,2026-08-17T18:48:05Z,
188.143.232.157,ipv4,attack,high,WHITE,blocklist.de/all|blocklist.de/apache|blocklist.de/mail|ziyadnz/hourly-ipv4,blocklist.de|brute-force|apache|rfi|ddos|spam|mail|ziyadnz|hourly,2026-08-17T18:48:05Z,2026-08-17T18:48:05Z,
188.143.232.158,ipv4,attack,high,WHITE,blocklist.de/all|blocklist.de/apache|blocklist.de/mail|ziyadnz/hourly-ipv4,blocklist.de|brute-force|apache|rfi|ddos|spam|mail|ziyadnz|hourly,2026-08-17T18:48:05Z,2026-08-17T18:48:05Z,
188.143.232.159,ipv4,attack,high,WHITE,blocklist.de/all|blocklist.de/apache|blocklist.de/mail|ziyadnz/hourly-ipv4,blocklist.de|brute-force|apache|rfi|ddos|spam|mail|ziyadnz|hourly,2026-08-17T18:48:05Z,2026-08-17T18:48:05Z,
188.143.232.160,ipv4,attack,high,WHITE,blocklist.de/all|blocklist.de/apache|blocklist.de/mail|ziyadnz/hourly-ipv4,blocklist.de|brute-force|apache|rfi|ddos|spam|mail|ziyadnz|hourly,2026-08-17T18:48:05Z,2026-08-17T18:48:05Z,
188.143.232.161,ipv4,attack,high,WHITE,blocklist.de/all|blocklist.de/apache|blocklist.de/mail|ziyadnz/hourly-ipv4,blocklist.de|brute-force|apache|rfi|ddos|spam|mail|ziyadnz|hourly,2026-08-17T18:48:05Z,2026-08-17T18:48:05Z,
188.143.232.162,ipv4,attack,high,WHITE,blocklist.de/all|blocklist.de/apache|blocklist.de/mail|ziyadnz/hourly-ipv4,blocklist.de|brute-force|apache|rfi|ddos|spam|mail|ziyadnz|hourly,2026-08-17T18:48:05Z,2026-08-17T18:48:05Z,
188.143.232.163,ipv4,attack,high,WHITE,blocklist.de/all|blocklist.de/apache|blocklist.de/mail|ziyadnz/hourly-ipv4,blocklist.de|brute-force|apache|rfi|ddos|spam|mail|ziyadnz|hourly,2026-08-17T18:48:05Z,2026-08-17T18:48:05Z,
188.143.232.164,ipv4,attack,high,WHITE,blocklist.de/all|blocklist.de/apache|blocklist.de/mail|ziyadnz/hourly-ipv4,blocklist.de|brute-force|apache|rfi|ddos|spam|mail|ziyadnz|hourly,2026-08-17T18:48:05Z,2026-08-17T18:48:05Z,
188.143.232.165,ipv4,attack,high,WHITE,blocklist.de/all|blocklist.de/apache|blocklist.de/mail|ziyadnz/hourly-ipv4,blocklist.de|brute-force|apache|rfi|ddos|spam|mail|ziyadnz|hourly,2026-08-17T18:48:05Z,2026-08-17T18:48:05Z,
188.143.232.166,ipv4,attack,high,WHITE,blocklist.de/all|blocklist.de/apache|blocklist.de/mail|ziyadnz/hourly-ipv4,blocklist.de|brute-force|apache|rfi|ddos|spam|mail|ziyadnz|hourly,2026-08-17T18:48:05Z,2026-08-17T18:48:05Z,
188.143.232.167,ipv4,attack,high,WHITE,blocklist.de/all|blocklist.de/apache|blocklist.de/mail|ziyadnz/hourly-ipv4,blocklist.de|brute-force|apache|rfi|ddos|spam|mail|ziyadnz|hourly,2026-08-17T18:48:05Z,2026-08-17T18:48:05Z,
188.143.232.168,ipv4,attack,high,WHITE,blocklist.de/all|blocklist.de/apache|blocklist.de/mail|ziyadnz/hourly-ipv4,blocklist.de|brute-force|apache|rfi|ddos|spam|mail|ziyadnz|hourly,2026-08-17T18:48:05Z,2026-08-17T18:48:05Z,
188.143.232.169,ipv4,attack,high,WHITE,blocklist.de/all|blocklist.de/apache|blocklist.de/mail|ziyadnz/hourly-ipv4,blocklist.de|brute-force|apache|rfi|ddos|spam|mail|ziyadnz|hourly,2026-08-17T18:48:05Z,2026-08-17T18:48:05Z,
188.143.232.170,ipv4,attack,high,WHITE,blocklist.de/all|blocklist.de/apache|blocklist.de/mail|ziyadnz/hourly-ipv4,blocklist.de|brute-force|apache|rfi|ddos|spam|mail|ziyadnz|hourly,2026-08-17T18:48:05Z,2026-08-17T18:48:05Z,
188.143.232.171,ipv4,attack,high,WHITE,blocklist.de/all|blocklist.de/apache|blocklist.de/mail|ziyadnz/hourly-ipv4,blocklist.de|brute-force|apache|rfi|ddos|spam|mail|ziyadnz|hourly,2026-08-17T18:48:05Z,2026-08-17T18:48:05Z,
188.143.232.172,ipv4,attack,high,WHITE,blocklist.de/all|blocklist.de/apache|blocklist.de/mail|ziyadnz/hourly-ipv4,blocklist.de|brute-force|apache|rfi|ddos|spam|mail|ziyadnz|hourly,2026-08-17T18:48:05Z,2026-08-17T18:48:05Z,
188.143.232.173,ipv4,attack,high,WHITE,blocklist.de/all|blocklist.de/apache|blocklist.de/mail|ziyadnz/hourly-ipv4,blocklist.de|brute-force|apache|rfi|ddos|spam|mail|ziyadnz|hourly,2026-08-17T18:48:05Z,2026-08-17T18:48:05Z,
188.143.232.174,ipv4,attack,high,WHITE,blocklist.de/all|blocklist.de/apache|blocklist.de/mail|ziyadnz/hourly-ipv4,blocklist.de|brute-force|apache|rfi|ddos|spam|mail|ziyadnz|hourly,2026-08-17T18:48:05Z,2026-08-17T18:48:05Z,
188.143.232.175,ipv4,attack,high,WHITE,blocklist.de/all|blocklist.de/apache|blocklist.de/mail|ziyadnz/hourly-ipv4,blocklist.de|brute-force|apache|rfi|ddos|spam|mail|ziyadnz|hourly,2026-08-17T18:48:05Z,2026-08-17T18:48:05Z,
188.143.232.176,ipv4,attack,high,WHITE,blocklist.de/all|blocklist.de/apache|blocklist.de/mail|ziyadnz/hourly-ipv4,blocklist.de|brute-force|apache|rfi|ddos|spam|mail|ziyadnz|hourly,2026-08-17T18:48:05Z,2026-08-17T18:48:05Z,
188.143.232.177,ipv4,attack,high,WHITE,blocklist.de/all|blocklist.de/apache|blocklist.de/mail|ziyadnz/hourly-ipv4,blocklist.de|brute-force|apache|rfi|ddos|spam|mail|ziyadnz|hourly,2026-08-17T18:48:05Z,2026-08-17T18:48:05Z,
188.143.232.178,ipv4,attack,high,WHITE,blocklist.de/all|blocklist.de/apache|blocklist.de/mail|ziyadnz/hourly-ipv4,blocklist.de|brute-force|apache|rfi|ddos|spam|mail|ziyadnz|hourly,2026-08-17T18:48:05Z,2026-08-17T18:48:05Z,
188.143.232.179,ipv4,attack,high,WHITE,blocklist.de/all|blocklist.de/apache|blocklist.de/mail|ziyadnz/hourly-ipv4,blocklist.de|brute-force|apache|rfi|ddos|spam|mail|ziyadnz|hourly,2026-08-17T18:48:05Z,2026-08-17T18:48:05Z,
188.143.232.180,ipv4,attack,high,WHITE,blocklist.de/all|blocklist.de/apache|blocklist.de/mail|ziyadnz/hourly-ipv4,blocklist.de|brute-force|apache|rfi|ddos|spam|mail|ziyadnz|hourly,2026-08-17T18:48:05Z,2026-08-17T18:48:05Z,
188.143.232.181,ipv4,attack,high,WHITE,blocklist.de/all|blocklist.de/apache|blocklist.de/mail|ziyadnz/hourly-ipv4,blocklist.de|brute-force|apache|rfi|ddos|spam|mail|ziyadnz|hourly,2026-08-17T18:48:05Z,2026-08-17T18:48:05Z,
188.143.232.182,ipv4,attack,high,WHITE,blocklist.de/all|blocklist.de/apache|blocklist.de/mail|ziyadnz/hourly-ipv4,blocklist.de|brute-force|apache|rfi|ddos|spam|mail|ziyadnz|hourly,2026-08-17T18:48:05Z,2026-08-17T18:48:05Z,
188.143.232.183,ipv4,attack,high,WHITE,blocklist.de/all|blocklist.de/apache|blocklist.de/mail|ziyadnz/hourly-ipv4,blocklist.de|brute-force|apache|rfi|ddos|spam|mail|ziyadnz|hourly,2026-08-17T18:48:05Z,2026-08-17T18:48:05Z,
188.143.232.184,ipv4,attack,high,WHITE,blocklist.de/all|blocklist.de/apache|blocklist.de/mail|ziyadnz/hourly-ipv4,blocklist.de|brute-force|apache|rfi|ddos|spam|mail|ziyadnz|hourly,2026-08-17T18:48:05Z,2026-08-17T18:48:05Z,
188.143.232.185,ipv4,attack,high,WHITE,blocklist.de/all|blocklist.de/apache|blocklist.de/mail|ziyadnz/hourly-ipv4,blocklist.de|brute-force|apache|rfi|ddos|spam|mail|ziyadnz|hourly,2026-08-17T18:48:05Z,2026-08-17T18:48:05Z,
188.143.232.186,ipv4,attack,high,WHITE,blocklist.de/all|blocklist.de/apache|blocklist.de/mail|ziyadnz/hourly-ipv4,blocklist.de|brute-force|apache|rfi|ddos|spam|mail|ziyadnz|hourly,2026-08-17T18:48:05Z,2026-08-17T18:48:05Z,
188.143.232.187,ipv4,attack,high,WHITE,blocklist.de/all|blocklist.de/apache|blocklist.de/mail|ziyadnz/hourly-ipv4,blocklist.de|brute-force|apache|rfi|ddos|spam|mail|ziyadnz|hourly,2026-08-17T18:48:05Z,2026-08-17T18:48:05Z,
188.143.232.188,ipv4,attack,high,WHITE,blocklist.de/all|blocklist.de/apache|blocklist.de/mail|ziyadnz/hourly-ipv4,blocklist.de|brute-force|apache|rfi|ddos|spam|mail|ziyadnz|hourly,2026-08-17T18:48:05Z,2026-08-17T18:48:05Z,
188.143.232.189,ipv4,attack,high,WHITE,blocklist.de/all|blocklist.de/apache|blocklist.de/mail|ziyadnz/hourly-ipv4,blocklist.de|brute-force|apache|rfi|ddos|spam|mail|ziyadnz|hourly,2026-08-17T18:48:05Z,2026-08-17T18:48:05Z,
188.143.232.190,ipv4,attack,high,WHITE,blocklist.de/all|blocklist.de/apache|blocklist.de/mail|ziyadnz/hourly-ipv4,blocklist.de|brute-force|apache|rfi|ddos|spam|mail|ziyadnz|hourly,2026-08-17T18:48:05Z,2026-08-17T18:48:05Z,
188.143.232.191,ipv4,attack,high,WHITE,blocklist.de/all|blocklist.de/apache|blocklist.de/mail|ziyadnz/hourly-ipv4,blocklist.de|brute-force|apache|rfi|ddos|spam|mail|ziyadnz|hourly,2026-08-17T18:48:05Z,2026-08-17T18:48:05Z,
188.143.232.192,ipv4,attack,high,WHITE,blocklist.de/all|blocklist.de/apache|blocklist.de/mail|ziyadnz/hourly-ipv4,blocklist.de|brute-force|apache|rfi|ddos|spam|mail|ziyadnz|hourly,2026-08-17T18:48:05Z,2026-08-17T18:48:05Z,
188.143.232.193,ipv4,attack,high,WHITE,blocklist.de/all|blocklist.de/apache|blocklist.de/mail|ziyadnz/hourly-ipv4,blocklist.de|brute-force|apache|rfi|ddos|spam|mail|ziyadnz|hourly,2026-08-17T18:48:05Z,2026-08-17T18:48:05Z,
188.143.232.194,ipv4,attack,high,WHITE,blocklist.de/all|blocklist.de/apache|blocklist.de/mail|ziyadnz/hourly-ipv4,blocklist.de|brute-force|apache|rfi|ddos|spam|mail|ziyadnz|hourly,2026-08-17T18:48:05Z,2026-08-17T18:48:05Z,
188.143.232.195,ipv4,attack,high,WHITE,blocklist.de/all|blocklist.de/apache|blocklist.de/mail|ziyadnz/hourly-ipv4,blocklist.de|brute-force|apache|rfi|ddos|spam|mail|ziyadnz|hourly,2026-08-17T18:48:05Z,2026-08-17T18:48:05Z,
188.143.232.196,ipv4,attack,high,WHITE,blocklist.de/all|blocklist.de/apache|blocklist.de/mail|ziyadnz/hourly-ipv4,blocklist.de|brute-force|apache|rfi|ddos|spam|mail|ziyadnz|hourly,2026-08-17T18:48:05Z,2026-08-17T18:48:05Z,
188.143.232.197,ipv4,attack,high,WHITE,blocklist.de/all|blocklist.de/apache|blocklist.de/mail|ziyadnz/hourly-ipv4,blocklist.de|brute-force|apache|rfi|ddos|spam|mail|ziyadnz|hourly,2026-08-17T18:48:05Z,2026-08-17T18:48:05Z,
188.143.232.198,ipv4,attack,high,WHITE,blocklist.de/all|blocklist.de/apache|blocklist.de/mail|ziyadnz/hourly-ipv4,blocklist.de|brute-force|apache|rfi|ddos|spam|mail|ziyadnz|hourly,2026-08-17T18:48:05Z,2026-08-17T18:48:05Z,
188.143.232.199,ipv4,attack,high,WHITE,blocklist.de/all|blocklist.de/apache|blocklist.de/mail|ziyadnz/hourly-ipv4,blocklist.de|brute-force|apache|rfi|ddos|spam|mail|ziyadnz|hourly,2026-08-17T18:48:05Z,2026-08-17T18:48:05Z,
188.143.232.200,ipv4,attack,high,WHITE,blocklist.de/all|blocklist.de/apache|blocklist.de/mail|ziyadnz/hourly-ipv4,blocklist.de|brute-force|apache|rfi|ddos|spam|mail|ziyadnz|hourly,2026-08-17T18:48:05Z,2026-08-17T18:48:05Z,
188.143.232.201,ipv4,attack,high,WHITE,blocklist.de/all|blocklist.de/apache|blocklist.de/mail|ziyadnz/hourly-ipv4,blocklist.de|brute-force|apache|rfi|ddos|spam|mail|ziyadnz|hourly,2026-08-17T18:48:05Z,2026-08-17T18:48:05Z,
188.143.232.202,ipv4,attack,high,WHITE,blocklist.de/all|blocklist.de/apache|blocklist.de/mail|ziyadnz/hourly-ipv4,blocklist.de|brute-force|apache|rfi|ddos|spam|mail|ziyadnz|hourly,2026-08-17T18:48:05Z,2026-08-17T18:48:05Z,
188.143.232.203,ipv4,attack,high,WHITE,blocklist.de/all|blocklist.de/apache|blocklist.de/mail|ziyadnz/hourly-ipv4,blocklist.de|brute-force|apache|rfi|ddos|spam|mail|ziyadnz|hourly,2026-08-17T18:48:05Z,2026-08-17T18:48:05Z,
188.143.232.204,ipv4,attack,high,WHITE,blocklist.de/all|blocklist.de/apache|blocklist.de/mail|ziyadnz/hourly-ipv4,blocklist.de|brute-force|apache|rfi|ddos|spam|mail|ziyadnz|hourly,2026-08-17T18:48:05Z,2026-08-17T18:48:05Z,
188.143.232.205,ipv4,attack,high,WHITE,blocklist.de/all|blocklist.de/apache|blocklist.de/mail|ziyadnz/hourly-ipv4,blocklist.de|brute-force|apache|rfi|ddos|spam|mail|ziyadnz|hourly,2026-08-17T18:48:05Z,2026-08-17T18:48:05Z,
188.143.232.206,ipv4,attack,high,WHITE,blocklist.de/all|blocklist.de/apache|blocklist.de/mail|ziyadnz/hourly-ipv4,blocklist.de|brute-force|apache|rfi|ddos|spam|mail|ziyadnz|hourly,2026-08-17T18:48:05Z,2026-08-17T18:48:05Z,
188.143.232.207,ipv4,attack,high,WHITE,blocklist.de/all|blocklist.de/apache|blocklist.de/mail|ziyadnz/hourly-ipv4,blocklist.de|brute-force|apache|rfi|ddos|spam|mail|ziyadnz|hourly,2026-08-17T18:48:05Z,2026-08-17T18:48:05Z,
188.143.232.208,ipv4,attack,high,WHITE,blocklist.de/all|blocklist.de/apache|blocklist.de/mail|ziyadnz/hourly-ipv4,blocklist.de|brute-force|apache|rfi|ddos|spam|mail|ziyadnz|hourly,2026-08-17T18:48:05Z,2026-08-17T18:48:05Z,
188.143.232.209,ipv4,attack,high,WHITE,blocklist.de/all|blocklist.de/apache|blocklist.de/mail|ziyadnz/hourly-ipv4,blocklist.de|brute-force|apache|rfi|ddos|spam|mail|ziyadnz|hourly,2026-08-17T18:48:05Z,2026-08-17T18:48:05Z,
188.143.232.210,ipv4,attack,high,WHITE,blocklist.de/all|blocklist.de/apache|blocklist.de/mail|ziyadnz/hourly-ipv4,blocklist.de|brute-force|apache|rfi|ddos|spam|mail|ziyadnz|hourly,2026-08-17T18:48:05Z,2026-08-17T18:48:05Z,
188.143.232.211,ipv4,attack,high,WHITE,blocklist.de/all|blocklist.de/apache|blocklist.de/mail|ziyadnz/hourly-ipv4,blocklist.de|brute-force|apache|rfi|ddos|spam|mail|ziyadnz|hourly,2026-08-17T18:48:05Z,2026-08-17T18:48:05Z,
188.143.232.212,ipv4,attack,high,WHITE,blocklist.de/all|blocklist.de/apache|blocklist.de/mail|ziyadnz/hourly-ipv4,blocklist.de|brute-force|apache|rfi|ddos|spam|mail|ziyadnz|hourly,2026-08-17T18:48:05Z,2026-08-17T18:48:05Z,
188.143.232.213,ipv4,attack,high,WHITE,blocklist.de/all|blocklist.de/apache|blocklist.de/mail|ziyadnz/hourly-ipv4,blocklist.de|brute-force|apache|rfi|ddos|spam|mail|ziyadnz|hourly,2026-08-17T18:48:05Z,2026-08-17T18:48:05Z,
188.143.232.214,ipv4,attack,high,WHITE,blocklist.de/all|blocklist.de/apache|blocklist.de/mail|ziyadnz/hourly-ipv4,blocklist.de|brute-force|apache|rfi|ddos|spam|mail|ziyadnz|hourly,2026-08-17T18:48:05Z,2026-08-17T18:48:05Z,
188.143.232.215,ipv4,attack,high,WHITE,blocklist.de/all|blocklist.de/apache|blocklist.de/mail|ziyadnz/hourly-ipv4,blocklist.de|brute-force|apache|rfi|ddos|spam|mail|ziyadnz|hourly,2026-08-17T18:48:05Z,2026-08-17T18:48:05Z,
188.143.232.216,ipv4,attack,high,WHITE,blocklist.de/all|blocklist.de/apache|blocklist.de/mail|ziyadnz/hourly-ipv4,blocklist.de|brute-force|apache|rfi|ddos|spam|mail|ziyadnz|hourly,2026-08-17T18:48:05Z,2026-08-17T18:48:05Z,
188.143.232.217,ipv4,attack,high,WHITE,blocklist.de/all|blocklist.de/apache|blocklist.de/mail|ziyadnz/hourly-ipv4,blocklist.de|brute-force|apache|rfi|ddos|spam|mail|ziyadnz|hourly,2026-08-17T18:48:05Z,2026-08-17T18:48:05Z,
188.143.232.218,ipv4,attack,high,WHITE,blocklist.de/all|blocklist.de/apache|blocklist.de/mail|ziyadnz/hourly-ipv4,blocklist.de|brute-force|apache|rfi|ddos|spam|mail|ziyadnz|hourly,2026-08-17T18:48:05Z,2026-08-17T18:48:05Z,
188.143.232.219,ipv4,attack,high,WHITE,blocklist.de/all|blocklist.de/apache|blocklist.de/mail|ziyadnz/hourly-ipv4,blocklist.de|brute-force|apache|rfi|ddos|spam|mail|ziyadnz|hourly,2026-08-17T18:48:05Z,2026-08-17T18:48:05Z,
188.143.232.220,ipv4,attack,high,WHITE,blocklist.de/all|blocklist.de/apache|blocklist.de/mail|ziyadnz/hourly-ipv4,blocklist.de|brute-force|apache|rfi|ddos|spam|mail|ziyadnz|hourly,2026-08-17T18:48:05Z,2026-08-17T18:48:05Z,
188.143.232.221,ipv4,attack,high,WHITE,blocklist.de/all|blocklist.de/apache|blocklist.de/mail|ziyadnz/hourly-ipv4,blocklist.de|brute-force|apache|rfi|ddos|spam|mail|ziyadnz|hourly,2026-08-17T18:48:05Z,2026-08-17T18:48:05Z,
188.143.232.222,ipv4,attack,high,WHITE,blocklist.de/all|blocklist.de/apache|blocklist.de/mail|ziyadnz/hourly-ipv4,blocklist.de|brute-force|apache|rfi|ddos|spam|mail|ziyadnz|hourly,2026-08-17T18:48:05Z,2026-08-17T18:48:05Z,
188.143.232.223,ipv4,attack,high,WHITE,blocklist.de/all|blocklist.de/apache|blocklist.de/mail|ziyadnz/hourly-ipv4,blocklist.de|brute-force|apache|rfi|ddos|spam|mail|ziyadnz|hourly,2026-08-17T18:48:05Z,2026-08-17T18:48:05Z,
188.143.232.224,ipv4,attack,high,WHITE,blocklist.de/all|blocklist.de/apache|blocklist.de/mail|ziyadnz/hourly-ipv4,blocklist.de|brute-force|apache|rfi|ddos|spam|mail|ziyadnz|hourly,2026-08-17T18:48:05Z,2026-08-17T18:48:05Z,
188.143.232.225,ipv4,attack,high,WHITE,blocklist.de/all|blocklist.de/apache|blocklist.de/mail|ziyadnz/hourly-ipv4,blocklist.de|brute-force|apache|rfi|ddos|spam|mail|ziyadnz|hourly,2026-08-17T18:48:05Z,2026-08-17T18:48:05Z,
188.143.232.226,ipv4,attack,high,WHITE,blocklist.de/all|blocklist.de/apache|blocklist.de/mail|ziyadnz/hourly-ipv4,blocklist.de|brute-force|apache|rfi|ddos|spam|mail|ziyadnz|hourly,2026-08-17T18:48:05Z,2026-08-17T18:48:05Z,
188.143.232.227,ipv4,attack,high,WHITE,blocklist.de/all|blocklist.de/apache|blocklist.de/mail|ziyadnz/hourly-ipv4,blocklist.de|brute-force|apache|rfi|ddos|spam|mail|ziyadnz|hourly,2026-08-17T18:48:05Z,2026-08-17T18:48:05Z,
188.143.232.228,ipv4,attack,high,WHITE,blocklist.de/all|blocklist.de/apache|blocklist.de/mail|ziyadnz/hourly-ipv4,blocklist.de|brute-force|apache|rfi|ddos|spam|mail|ziyadnz|hourly,2026-08-17T18:48:05Z,2026-08-17T18:48:05Z,
188.143.232.229,ipv4,attack,high,WHITE,blocklist.de/all|blocklist.de/apache|blocklist.de/mail|ziyadnz/hourly-ipv4,blocklist.de|brute-force|apache|rfi|ddos|spam|mail|ziyadnz|hourly,2026-08-17T18:48:05Z,2026-08-17T18:48:05Z,
188.143.232.230,ipv4,attack,high,WHITE,blocklist.de/all|blocklist.de/apache|blocklist.de/mail|ziyadnz/hourly-ipv4,blocklist.de|brute-force|apache|rfi|ddos|spam|mail|ziyadnz|hourly,2026-08-17T18:48:05Z,2026-08-17T18:48:05Z,
188.143.232.231,ipv4,attack,high,WHITE,blocklist.de/all|blocklist.de/apache|blocklist.de/mail|ziyadnz/hourly-ipv4,blocklist.de|brute-force|apache|rfi|ddos|spam|mail|ziyadnz|hourly,2026-08-17T18:48:05Z,2026-08-17T18:48:05Z,
188.143.232.232,ipv4,attack,high,WHITE,blocklist.de/all|blocklist.de/apache|blocklist.de/mail|ziyadnz/hourly-ipv4,blocklist.de|brute-force|apache|rfi|ddos|spam|mail|ziyadnz|hourly,2026-08-17T18:48:05Z,2026-08-17T18:48:05Z,
188.143.232.233,ipv4,attack,high,WHITE,blocklist.de/all|blocklist.de/apache|blocklist.de/mail|ziyadnz/hourly-ipv4,blocklist.de|brute-force|apache|rfi|ddos|spam|mail|ziyadnz|hourly,2026-08-17T18:48:05Z,2026-08-17T18:48:05Z,
188.143.232.234,ipv4,attack,high,WHITE,blocklist.de/all|blocklist.de/apache|blocklist.de/mail|ziyadnz/hourly-ipv4,blocklist.de|brute-force|apache|rfi|ddos|spam|mail|ziyadnz|hourly,2026-08-17T18:48:05Z,2026-08-17T18:48:05Z,
188.143.232.235,ipv4,attack,high,WHITE,blocklist.de/all|blocklist.de/apache|blocklist.de/mail|ziyadnz/hourly-ipv4,blocklist.de|brute-force|apache|rfi|ddos|spam|mail|ziyadnz|hourly,2026-08-17T18:48:05Z,2026-08-17T18:48:05Z,
188.143.232.236,ipv4,attack,high,WHITE,blocklist.de/all|blocklist.de/apache|blocklist.de/mail|ziyadnz/hourly-ipv4,blocklist.de|brute-force|apache|rfi|ddos|spam|mail|ziyadnz|hourly,2026-08-17T18:48:05Z,2026-08-17T18:48:05Z,
188.143.232.237,ipv4,attack,high,WHITE,blocklist.de/all|blocklist.de/apache|blocklist.de/mail|ziyadnz/hourly-ipv4,blocklist.de|brute-force|apache|rfi|ddos|spam|mail|ziyadnz|hourly,2026-08-17T18:48:05Z,2026-08-17T18:48:05Z,
188.143.232.238,ipv4,attack,high,WHITE,blocklist.de/all|blocklist.de/apache|blocklist.de/mail|ziyadnz/hourly-ipv4,blocklist.de|brute-force|apache|rfi|ddos|spam|mail|ziyadnz|hourly,2026-08-17T18:48:05Z,2026-08-17T18:48:05Z,
188.143.232.239,ipv4,attack,high,WHITE,blocklist.de/all|blocklist.de/apache|blocklist.de/mail|ziyadnz/hourly-ipv4,blocklist.de|brute-force|apache|rfi|ddos|spam|mail|ziyadnz|hourly,2026-08-17T18:48:05Z,2026-08-17T18:48:05Z,
188.143.232.240,ipv4,attack,high,WHITE,blocklist.de/all|blocklist.de/apache|blocklist.de/mail|ziyadnz/hourly-ipv4,blocklist.de|brute-force|apache|rfi|ddos|spam|mail|ziyadnz|hourly,2026-08-17T18:48:05Z,2026-08-17T18:48:05Z,
188.143.232.241,ipv4,attack,high,WHITE,blocklist.de/all|blocklist.de/apache|blocklist.de/mail|ziyadnz/hourly-ipv4,blocklist.de|brute-force|apache|rfi|ddos|spam|mail|ziyadnz|hourly,2026-08-17T18:48:05Z,2026-08-17T18:48:05Z,
188.143.232.242,ipv4,attack,high,WHITE,blocklist.de/all|blocklist.de/apache|blocklist.de/mail|ziyadnz/hourly-ipv4,blocklist.de|brute-force|apache|rfi|ddos|spam|mail|ziyadnz|hourly,2026-08-17T18:48:05Z,2026-08-17T18:48:05Z,
188.143.232.243,ipv4,attack,high,WHITE,blocklist.de/all|blocklist.de/apache|blocklist.de/mail|ziyadnz/hourly-ipv4,blocklist.de|brute-force|apache|rfi|ddos|spam|mail|ziyadnz|hourly,2026-08-17T18:48:05Z,2026-08-17T18:48:05Z,
188.143.232.244,ipv4,attack,high,WHITE,blocklist.de/all|blocklist.de/apache|blocklist.de/mail|ziyadnz/hourly-ipv4,blocklist.de|brute-force|apache|rfi|ddos|spam|mail|ziyadnz|hourly,2026-08-17T18:48:05Z,2026-08-17T18:48:05Z,
188.143.232.245,ipv4,attack,high,WHITE,blocklist.de/all|blocklist.de/apache|blocklist.de/mail|ziyadnz/hourly-ipv4,blocklist.de|brute-force|apache|rfi|ddos|spam|mail|ziyadnz|hourly,2026-08-17T18:48:05Z,2026-08-17T18:48:05Z,
188.143.232.246,ipv4,attack,high,WHITE,blocklist.de/all|blocklist.de/apache|blocklist.de/mail|ziyadnz/hourly-ipv4,blocklist.de|brute-force|apache|rfi|ddos|spam|mail|ziyadnz|hourly,2026-08-17T18:48:05Z,2026-08-17T18:48:05Z,
188.143.232.247,ipv4,attack,high,WHITE,blocklist.de/all|blocklist.de/apache|blocklist.de/mail|ziyadnz/hourly-ipv4,blocklist.de|brute-force|apache|rfi|ddos|spam|mail|ziyadnz|hourly,2026-08-17T18:48:05Z,2026-08-17T18:48:05Z,
188.143.232.248,ipv4,attack,high,WHITE,blocklist.de/all|blocklist.de/apache|blocklist.de/mail|ziyadnz/hourly-ipv4,blocklist.de|brute-force|apache|rfi|ddos|spam|mail|ziyadnz|hourly,2026-08-17T18:48:05Z,2026-08-17T18:48:05Z,
188.143.232.249,ipv4,attack,high,WHITE,blocklist.de/all|blocklist.de/apache|blocklist.de/mail|ziyadnz/hourly-ipv4,blocklist.de|brute-force|apache|rfi|ddos|spam|mail|ziyadnz|hourly,2026-08-17T18:48:05Z,2026-08-17T18:48:05Z,
188.143.232.250,ipv4,attack,high,WHITE,blocklist.de/all|blocklist.de/apache|blocklist.de/mail|ziyadnz/hourly-ipv4,blocklist.de|brute-force|apache|rfi|ddos|spam|mail|ziyadnz|hourly,2026-08-17T18:48:05Z,2026-08-17T18:48:05Z,
188.143.232.251,ipv4,attack,high,WHITE,blocklist.de/all|blocklist.de/apache|blocklist.de/mail|ziyadnz/hourly-ipv4,blocklist.de|brute-force|apache|rfi|ddos|spam|mail|ziyadnz|hourly,2026-08-17T18:48:05Z,2026-08-17T18:48:05Z,
188.143.232.252,ipv4,attack,high,WHITE,blocklist.de/all|blocklist.de/apache|blocklist.de/mail|ziyadnz/hourly-ipv4,blocklist.de|brute-force|apache|rfi|ddos|spam|mail|ziyadnz|hourly,2026-08-17T18:48:05Z,2026-08-17T18:48:05Z,
188.143.232.253,ipv4,attack,high,WHITE,blocklist.de/all|blocklist.de/apache|blocklist.de/mail|ziyadnz/hourly-ipv4,blocklist.de|brute-force|apache|rfi|ddos|spam|mail|ziyadnz|hourly,2026-08-17T18:48:05Z,2026-08-17T18:48:05Z,
188.143.232.254,ipv4,attack,high,WHITE,blocklist.de/all|blocklist.de/apache|blocklist.de/mail|ziyadnz/hourly-ipv4,blocklist.de|brute-force|apache|rfi|ddos|spam|mail|ziyadnz|hourly,2026-08-17T18:48:05Z,2026-08-17T18:48:05Z,
188.143.232.255,ipv4,attack,high,WHITE,blocklist.de/all|blocklist.de/apache|blocklist.de/mail|ziyadnz/hourly-ipv4,blocklist.de|brute-force|apache|rfi|ddos|spam|mail|ziyadnz|hourly,2026-08-17T18:48:05Z,2026-08-17T18:48:05Z,
188.143.233.0,ipv4,attack,high,WHITE,blocklist.de/all|blocklist.de/apache|blocklist.de/mail|ziyadnz/hourly-ipv4,blocklist.de|brute-force|apache|rfi|ddos|spam|mail|ziyadnz|hourly,2026-08-17T18:48:05Z,2026-08-17T18:48:05Z,
188.143.233.1,ipv4,attack,high,WHITE,blocklist.de/all|blocklist.de/apache|blocklist.de/mail|ziyadnz/hourly-ipv4,blocklist.de|brute-force|apache|rfi|ddos|spam|mail|ziyadnz|hourly,2026-08-17T18:48:05Z,2026-08-17T18:48:05Z,
188.143.233.2,ipv4,attack,high,WHITE,blocklist.de/all|blocklist.de/apache|blocklist.de/mail|ziyadnz/hourly-ipv4,blocklist.de|brute-force|apache|rfi|ddos|spam|mail|ziyadnz|hourly,2026-08-17T18:48:05Z,2026-08-17T18:48:05Z,
188.143.233.3,ipv4,attack,high,WHITE,blocklist.de/all|blocklist.de/apache|blocklist.de/mail|ziyadnz/hourly-ipv4,blocklist.de|brute-force|apache|rfi|ddos|spam|mail|ziyadnz|hourly,2026-08-17T18:48:05Z,2026-08-17T18:48:05Z,
188.143.233.4,ipv4,attack,high,WHITE,blocklist.de/all|blocklist.de/apache|blocklist.de/mail|ziyadnz/hourly-ipv4,blocklist.de|brute-force|apache|rfi|ddos|spam|mail|ziyadnz|hourly,2026-08-17T18:48:05Z,2026-08-17T18:48:05Z,
188.143.233.5,ipv4,attack,high,WHITE,blocklist.de/all|blocklist.de/apache|blocklist.de/mail|ziyadnz/hourly-ipv4,blocklist.de|brute-force|apache|rfi|ddos|spam|mail|ziyadnz|hourly,2026-08-17T18:48:05Z,2026-08-17T18:48:05Z,
188.143.233.6,ipv4,attack,high,WHITE,blocklist.de/all|blocklist.de/apache|blocklist.de/mail|ziyadnz/hourly-ipv4,blocklist.de|brute-force|apache|rfi|ddos|spam|mail|ziyadnz|hourly,2026-08-17T18:48:05Z,2026-08-17T18:48:05Z,
188.143.233.7,ipv4,attack,high,WHITE,blocklist.de/all|blocklist.de/apache|blocklist.de/mail|ziyadnz/hourly-ipv4,blocklist.de|brute-force|apache|rfi|ddos|spam|mail|ziyadnz|hourly,2026-08-17T18:48:05Z,2026-08-17T18:48:05Z,
188.143.233.8,ipv4,attack,high,WHITE,blocklist.de/all|blocklist.de/apache|blocklist.de/mail|ziyadnz/hourly-ipv4,blocklist.de|brute-force|apache|rfi|ddos|spam|mail|ziyadnz|hourly,2026-08-17T18:48:05Z,2026-08-17T18:48:05Z,
188.143.233.9,ipv4,attack,high,WHITE,blocklist.de/all|blocklist.de/apache|blocklist.de/mail|ziyadnz/hourly-ipv4,blocklist.de|brute-force|apache|rfi|ddos|spam|mail|ziyadnz|hourly,2026-08-17T18:48:05Z,2026-08-17T18:48:05Z,
188.143.233.10,ipv4,attack,high,WHITE,blocklist.de/all|blocklist.de/apache|blocklist.de/mail|ziyadnz/hourly-ipv4,blocklist.de|brute-force|apache|rfi|ddos|spam|mail|ziyadnz|hourly,2026-08-17T18:48:05Z,2026-08-17T18:48:05Z,
188.143.233.11,ipv4,attack,high,WHITE,blocklist.de/all|blocklist.de/apache|blocklist.de/mail|ziyadnz/hourly-ipv4,blocklist.de|brute-force|apache|rfi|ddos|spam|mail|ziyadnz|hourly,2026-08-17T18:48:05Z,2026-08-17T18:48:05Z,
188.143.233.12,ipv4,attack,high,WHITE,blocklist.de/all|blocklist.de/apache|blocklist.de/mail|ziyadnz/hourly-ipv4,blocklist.de|brute-force|apache|rfi|ddos|spam|mail|ziyadnz|hourly,2026-08-17T18:48:05Z,2026-08-17T18:48:05Z,
188.143.233.13,ipv4,attack,high,WHITE,blocklist.de/all|blocklist.de/apache|blocklist.de/mail|ziyadnz/hourly-ipv4,blocklist.de|brute-force|apache|rfi|ddos|spam|mail|ziyadnz|hourly,2026-08-17T18:48:05Z,2026-08-17T18:48:05Z,
188.143.233.14,ipv4,attack,high,WHITE,blocklist.de/all|blocklist.de/apache|blocklist.de/mail|ziyadnz/hourly-ipv4,blocklist.de|brute-force|apache|rfi|ddos|spam|mail|ziyadnz|hourly,2026-08-17T18:48:05Z,2026-08-17T18:48:05Z,
188.143.233.15,ipv4,attack,high,WHITE,blocklist.de/all|blocklist.de/apache|blocklist.de/mail|ziyadnz/hourly-ipv4,blocklist.de|brute-force|apache|rfi|ddos|spam|mail|ziyadnz|hourly,2026-08-17T18:48:05Z,2026-08-17T18:48:05Z,
188.143.233.16,ipv4,attack,high,WHITE,blocklist.de/all|blocklist.de/apache|blocklist.de/mail|ziyadnz/hourly-ipv4,blocklist.de|brute-force|apache|rfi|ddos|spam|mail|ziyadnz|hourly,2026-08-17T18:48:05Z,2026-08-17T18:48:05Z,
188.143.233.17,ipv4,attack,high,WHITE,blocklist.de/all|blocklist.de/apache|blocklist.de/mail|ziyadnz/hourly-ipv4,blocklist.de|brute-force|apache|rfi|ddos|spam|mail|ziyadnz|hourly,2026-08-17T18:48:05Z,2026-08-17T18:48:05Z,
188.143.233.18,ipv4,attack,high,WHITE,blocklist.de/all|blocklist.de/apache|blocklist.de/mail|ziyadnz/hourly-ipv4,blocklist.de|brute-force|apache|rfi|ddos|spam|mail|ziyadnz|hourly,2026-08-17T18:48:05Z,2026-08-17T18:48:05Z,
188.143.233.19,ipv4,attack,high,WHITE,blocklist.de/all|blocklist.de/apache|blocklist.de/mail|ziyadnz/hourly-ipv4,blocklist.de|brute-force|apache|rfi|ddos|spam|mail|ziyadnz|hourly,2026-08-17T18:48:05Z,2026-08-17T18:48:05Z,
188.143.233.20,ipv4,attack,high,WHITE,blocklist.de/all|blocklist.de/apache|blocklist.de/mail|ziyadnz/hourly-ipv4,blocklist.de|brute-force|apache|rfi|ddos|spam|mail|ziyadnz|hourly,2026-08-17T18:48:05Z,2026-08-17T18:48:05Z,
188.143.233.21,ipv4,attack,high,WHITE,blocklist.de/all|blocklist.de/apache|blocklist.de/mail|ziyadnz/hourly-ipv4,blocklist.de|brute-force|apache|rfi|ddos|spam|mail|ziyadnz|hourly,2026-08-17T18:48:05Z,2026-08-17T18:48:05Z,
188.143.233.22,ipv4,attack,high,WHITE,blocklist.de/all|blocklist.de/apache|blocklist.de/mail|ziyadnz/hourly-ipv4,blocklist.de|brute-force|apache|rfi|ddos|spam|mail|ziyadnz|hourly,2026-08-17T18:48:05Z,2026-08-17T18:48:05Z,
188.143.233.23,ipv4,attack,high,WHITE,blocklist.de/all|blocklist.de/apache|blocklist.de/mail|ziyadnz/hourly-ipv4,blocklist.de|brute-force|apache|rfi|ddos|spam|mail|ziyadnz|hourly,2026-08-17T18:48:05Z,2026-08-17T18:48:05Z,
188.143.233.24,ipv4,attack,high,WHITE,blocklist.de/all|blocklist.de/apache|blocklist.de/mail|ziyadnz/hourly-ipv4,blocklist.de|brute-force|apache|rfi|ddos|spam|mail|ziyadnz|hourly,2026-08-17T18:48:05Z,2026-08-17T18:48:05Z,
188.143.233.25,ipv4,attack,high,WHITE,blocklist.de/all|blocklist.de/apache|blocklist.de/mail|ziyadnz/hourly-ipv4,blocklist.de|brute-force|apache|rfi|ddos|spam|mail|ziyadnz|hourly,2026-08-17T18:48:05Z,2026-08-17T18:48:05Z,
188.143.233.26,ipv4,attack,high,WHITE,blocklist.de/all|blocklist.de/apache|blocklist.de/mail|ziyadnz/hourly-ipv4,blocklist.de|brute-force|apache|rfi|ddos|spam|mail|ziyadnz|hourly,2026-08-17T18:48:05Z,2026-08-17T18:48:05Z,
188.143.233.27,ipv4,attack,high,WHITE,blocklist.de/all|blocklist.de/apache|blocklist.de/mail|ziyadnz/hourly-ipv4,blocklist.de|brute-force|apache|rfi|ddos|spam|mail|ziyadnz|hourly,2026-08-17T18:48:05Z,2026-08-17T18:48:05Z,
188.143.233.28,ipv4,attack,high,WHITE,blocklist.de/all|blocklist.de/apache|blocklist.de/mail|ziyadnz/hourly-ipv4,blocklist.de|brute-force|apache|rfi|ddos|spam|mail|ziyadnz|hourly,2026-08-17T18:48:05Z,2026-08-17T18:48:05Z,
188.143.233.29,ipv4,attack,high,WHITE,blocklist.de/all|blocklist.de/apache|blocklist.de/mail|ziyadnz/hourly-ipv4,blocklist.de|brute-force|apache|rfi|ddos|spam|mail|ziyadnz|hourly,2026-08-17T18:48:05Z,2026-08-17T18:48:05Z,
188.143.233.30,ipv4,attack,high,WHITE,blocklist.de/all|blocklist.de/apache|blocklist.de/mail|ziyadnz/hourly-ipv4,blocklist.de|brute-force|apache|rfi|ddos|spam|mail|ziyadnz|hourly,2026-08-17T18:48:05Z,2026-08-17T18:48:05Z,
188.143.233.31,ipv4,attack,high,WHITE,blocklist.de/all|blocklist.de/apache|blocklist.de/mail|ziyadnz/hourly-ipv4,blocklist.de|brute-force|apache|rfi|ddos|spam|mail|ziyadnz|hourly,2026-08-17T18:48:05Z,2026-08-17T18:48:05Z,
188.143.233.32,ipv4,attack,high,WHITE,blocklist.de/all|blocklist.de/apache|blocklist.de/mail|ziyadnz/hourly-ipv4,blocklist.de|brute-force|apache|rfi|ddos|spam|mail|ziyadnz|hourly,2026-08-17T18:48:05Z,2026-08-17T18:48:05Z,
188.143.233.33,ipv4,attack,high,WHITE,blocklist.de/all|blocklist.de/apache|blocklist.de/mail|ziyadnz/hourly-ipv4,blocklist.de|brute-force|apache|rfi|ddos|spam|mail|ziyadnz|hourly,2026-08-17T18:48:05Z,2026-08-17T18:48:05Z,
188.143.233.34,ipv4,attack,high,WHITE,blocklist.de/all|blocklist.de/apache|blocklist.de/mail|ziyadnz/hourly-ipv4,blocklist.de|brute-force|apache|rfi|ddos|spam|mail|ziyadnz|hourly,2026-08-17T18:48:05Z,2026-08-17T18:48:05Z,
188.143.233.35,ipv4,attack,high,WHITE,blocklist.de/all|blocklist.de/apache|blocklist.de/mail|ziyadnz/hourly-ipv4,blocklist.de|brute-force|apache|rfi|ddos|spam|mail|ziyadnz|hourly,2026-08-17T18:48:05Z,2026-08-17T18:48:05Z,
188.143.233.36,ipv4,attack,high,WHITE,blocklist.de/all|blocklist.de/apache|blocklist.de/mail|ziyadnz/hourly-ipv4,blocklist.de|brute-force|apache|rfi|ddos|spam|mail|ziyadnz|hourly,2026-08-17T18:48:05Z,2026-08-17T18:48:05Z,
188.143.233.37,ipv4,attack,high,WHITE,blocklist.de/all|blocklist.de/apache|blocklist.de/mail|ziyadnz/hourly-ipv4,blocklist.de|brute-force|apache|rfi|ddos|spam|mail|ziyadnz|hourly,2026-08-17T18:48:05Z,2026-08-17T18:48:05Z,
188.143.233.38,ipv4,attack,high,WHITE,blocklist.de/all|blocklist.de/apache|blocklist.de/mail|ziyadnz/hourly-ipv4,blocklist.de|brute-force|apache|rfi|ddos|spam|mail|ziyadnz|hourly,2026-08-17T18:48:05Z,2026-08-17T18:48:05Z,
188.143.233.39,ipv4,attack,high,WHITE,blocklist.de/all|blocklist.de/apache|blocklist.de/mail|ziyadnz/hourly-ipv4,blocklist.de|brute-force|apache|rfi|ddos|spam|mail|ziyadnz|hourly,2026-08-17T18:48:05Z,2026-08-17T18:48:05Z,
188.143.233.40,ipv4,attack,high,WHITE,blocklist.de/all|blocklist.de/apache|blocklist.de/mail|ziyadnz/hourly-ipv4,blocklist.de|brute-force|apache|rfi|ddos|spam|mail|ziyadnz|hourly,2026-08-17T18:48:05Z,2026-08-17T18:48:05Z,
188.143.233.41,ipv4,attack,high,WHITE,blocklist.de/all|blocklist.de/apache|blocklist.de/mail|ziyadnz/hourly-ipv4,blocklist.de|brute-force|apache|rfi|ddos|spam|mail|ziyadnz|hourly,2026-08-17T18:48:05Z,2026-08-17T18:48:05Z,
188.143.233.42,ipv4,attack,high,WHITE,blocklist.de/all|blocklist.de/apache|blocklist.de/mail|ziyadnz/hourly-ipv4,blocklist.de|brute-force|apache|rfi|ddos|spam|mail|ziyadnz|hourly,2026-08-17T18:48:05Z,2026-08-17T18:48:05Z,
188.143.233.43,ipv4,attack,high,WHITE,blocklist.de/all|blocklist.de/apache|blocklist.de/mail|ziyadnz/hourly-ipv4,blocklist.de|brute-force|apache|rfi|ddos|spam|mail|ziyadnz|hourly,2026-08-17T18:48:05Z,2026-08-17T18:48:05Z,
188.143.233.44,ipv4,attack,high,WHITE,blocklist.de/all|blocklist.de/apache|blocklist.de/mail|ziyadnz/hourly-ipv4,blocklist.de|brute-force|apache|rfi|ddos|spam|mail|ziyadnz|hourly,2026-08-17T18:48:05Z,2026-08-17T18:48:05Z,
188.143.233.45,ipv4,attack,high,WHITE,blocklist.de/all|blocklist.de/apache|blocklist.de/mail|ziyadnz/hourly-ipv4,blocklist.de|brute-force|apache|rfi|ddos|spam|mail|ziyadnz|hourly,2026-08-17T18:48:05Z,2026-08-17T18:48:05Z,
188.143.233.46,ipv4,attack,high,WHITE,blocklist.de/all|blocklist.de/apache|blocklist.de/mail|ziyadnz/hourly-ipv4,blocklist.de|brute-force|apache|rfi|ddos|spam|mail|ziyadnz|hourly,2026-08-17T18:48:05Z,2026-08-17T18:48:05Z,
188.143.233.47,ipv4,attack,high,WHITE,blocklist.de/all|blocklist.de/apache|blocklist.de/mail|ziyadnz/hourly-ipv4,blocklist.de|brute-force|apache|rfi|ddos|spam|mail|ziyadnz|hourly,2026-08-17T18:48:05Z,2026-08-17T18:48:05Z,
188.143.233.48,ipv4,attack,high,WHITE,blocklist.de/all|blocklist.de/apache|blocklist.de/mail|ziyadnz/hourly-ipv4,blocklist.de|brute-force|apache|rfi|ddos|spam|mail|ziyadnz|hourly,2026-08-17T18:48:05Z,2026-08-17T18:48:05Z,
188.143.233.49,ipv4,attack,high,WHITE,blocklist.de/all|blocklist.de/apache|blocklist.de/mail|ziyadnz/hourly-ipv4,blocklist.de|brute-force|apache|rfi|ddos|spam|mail|ziyadnz|hourly,2026-08-17T18:48:05Z,2026-08-17T18:48:05Z,
188.143.233.50,ipv4,attack,high,WHITE,blocklist.de/all|blocklist.de/apache|blocklist.de/mail|ziyadnz/hourly-ipv4,blocklist.de|brute-force|apache|rfi|ddos|spam|mail|ziyadnz|hourly,2026-08-17T18:48:05Z,2026-08-17T18:48:05Z,
188.143.233.51,ipv4,attack,high,WHITE,blocklist.de/all|blocklist.de/apache|blocklist.de/mail|ziyadnz/hourly-ipv4,blocklist.de|brute-force|apache|rfi|ddos|spam|mail|ziyadnz|hourly,2026-08-17T18:48:05Z,2026-08-17T18:48:05Z,
188.143.233.52,ipv4,attack,high,WHITE,blocklist.de/all|blocklist.de/apache|blocklist.de/mail|ziyadnz/hourly-ipv4,blocklist.de|brute-force|apache|rfi|ddos|spam|mail|ziyadnz|hourly,2026-08-17T18:48:05Z,2026-08-17T18:48:05Z,
188.143.233.53,ipv4,attack,high,WHITE,blocklist.de/all|blocklist.de/apache|blocklist.de/mail|ziyadnz/hourly-ipv4,blocklist.de|brute-force|apache|rfi|ddos|spam|mail|ziyadnz|hourly,2026-08-17T18:48:05Z,2026-08-17T18:48:05Z,
188.143.233.54,ipv4,attack,high,WHITE,blocklist.de/all|blocklist.de/apache|blocklist.de/mail|ziyadnz/hourly-ipv4,blocklist.de|brute-force|apache|rfi|ddos|spam|mail|ziyadnz|hourly,2026-08-17T18:48:05Z,2026-08-17T18:48:05Z,
188.143.233.55,ipv4,attack,high,WHITE,blocklist.de/all|blocklist.de/apache|blocklist.de/mail|ziyadnz/hourly-ipv4,blocklist.de|brute-force|apache|rfi|ddos|spam|mail|ziyadnz|hourly,2026-08-17T18:48:05Z,2026-08-17T18:48:05Z,
188.143.233.56,ipv4,attack,high,WHITE,blocklist.de/all|blocklist.de/apache|blocklist.de/mail|ziyadnz/hourly-ipv4,blocklist.de|brute-force|apache|rfi|ddos|spam|mail|ziyadnz|hourly,2026-08-17T18:48:05Z,2026-08-17T18:48:05Z,
188.143.233.57,ipv4,attack,high,WHITE,blocklist.de/all|blocklist.de/apache|blocklist.de/mail|ziyadnz/hourly-ipv4,blocklist.de|brute-force|apache|rfi|ddos|spam|mail|ziyadnz|hourly,2026-08-17T18:48:05Z,2026-08-17T18:48:05Z,
188.143.233.58,ipv4,attack,high,WHITE,blocklist.de/all|blocklist.de/apache|blocklist.de/mail|ziyadnz/hourly-ipv4,blocklist.de|brute-force|apache|rfi|ddos|spam|mail|ziyadnz|hourly,2026-08-17T18:48:05Z,2026-08-17T18:48:05Z,
188.143.233.59,ipv4,attack,high,WHITE,blocklist.de/all|blocklist.de/apache|blocklist.de/mail|ziyadnz/hourly-ipv4,blocklist.de|brute-force|apache|rfi|ddos|spam|mail|ziyadnz|hourly,2026-08-17T18:48:05Z,2026-08-17T18:48:05Z,
188.143.233.60,ipv4,attack,high,WHITE,blocklist.de/all|blocklist.de/apache|blocklist.de/mail|ziyadnz/hourly-ipv4,blocklist.de|brute-force|apache|rfi|ddos|spam|mail|ziyadnz|hourly,2026-08-17T18:48:05Z,2026-08-17T18:48:05Z,
188.143.233.61,ipv4,attack,high,WHITE,blocklist.de/all|blocklist.de/apache|blocklist.de/mail|ziyadnz/hourly-ipv4,blocklist.de|brute-force|apache|rfi|ddos|spam|mail|ziyadnz|hourly,2026-08-17T18:48:05Z,2026-08-17T18:48:05Z,
188.143.233.62,ipv4,attack,high,WHITE,blocklist.de/all|blocklist.de/apache|blocklist.de/mail|ziyadnz/hourly-ipv4,blocklist.de|brute-force|apache|rfi|ddos|spam|mail|ziyadnz|hourly,2026-08-17T18:48:05Z,2026-08-17T18:48:05Z,
188.143.233.63,ipv4,attack,high,WHITE,blocklist.de/all|blocklist.de/apache|blocklist.de/mail|ziyadnz/hourly-ipv4,blocklist.de|brute-force|apache|rfi|ddos|spam|mail|ziyadnz|hourly,2026-08-17T18:48:05Z,2026-08-17T18:48:05Z,
188.143.233.64,ipv4,attack,high,WHITE,blocklist.de/all|blocklist.de/apache|blocklist.de/mail|ziyadnz/hourly-ipv4,blocklist.de|brute-force|apache|rfi|ddos|spam|mail|ziyadnz|hourly,2026-08-17T18:48:05Z,2026-08-17T18:48:05Z,
188.143.233.65,ipv4,attack,high,WHITE,blocklist.de/all|blocklist.de/apache|blocklist.de/mail|ziyadnz/hourly-ipv4,blocklist.de|brute-force|apache|rfi|ddos|spam|mail|ziyadnz|hourly,2026-08-17T18:48:05Z,2026-08-17T18:48:05Z,
188.143.233.66,ipv4,attack,high,WHITE,blocklist.de/all|blocklist.de/apache|blocklist.de/mail|ziyadnz/hourly-ipv4,blocklist.de|brute-force|apache|rfi|ddos|spam|mail|ziyadnz|hourly,2026-08-17T18:48:05Z,2026-08-17T18:48:05Z,
188.143.233.67,ipv4,attack,high,WHITE,blocklist.de/all|blocklist.de/apache|blocklist.de/mail|ziyadnz/hourly-ipv4,blocklist.de|brute-force|apache|rfi|ddos|spam|mail|ziyadnz|hourly,2026-08-17T18:48:05Z,2026-08-17T18:48:05Z,
188.143.233.68,ipv4,attack,high,WHITE,blocklist.de/all|blocklist.de/apache|blocklist.de/mail|ziyadnz/hourly-ipv4,blocklist.de|brute-force|apache|rfi|ddos|spam|mail|ziyadnz|hourly,2026-08-17T18:48:05Z,2026-08-17T18:48:05Z,
188.143.233.69,ipv4,attack,high,WHITE,blocklist.de/all|blocklist.de/apache|blocklist.de/mail|ziyadnz/hourly-ipv4,blocklist.de|brute-force|apache|rfi|ddos|spam|mail|ziyadnz|hourly,2026-08-17T18:48:05Z,2026-08-17T18:48:05Z,
188.143.233.70,ipv4,attack,high,WHITE,blocklist.de/all|blocklist.de/apache|blocklist.de/mail|ziyadnz/hourly-ipv4,blocklist.de|brute-force|apache|rfi|ddos|spam|mail|ziyadnz|hourly,2026-08-17T18:48:05Z,2026-08-17T18:48:05Z,
188.143.233.71,ipv4,attack,high,WHITE,blocklist.de/all|blocklist.de/apache|blocklist.de/mail|ziyadnz/hourly-ipv4,blocklist.de|brute-force|apache|rfi|ddos|spam|mail|ziyadnz|hourly,2026-08-17T18:48:05Z,2026-08-17T18:48:05Z,
188.143.233.72,ipv4,attack,high,WHITE,blocklist.de/all|blocklist.de/apache|blocklist.de/mail|ziyadnz/hourly-ipv4,blocklist.de|brute-force|apache|rfi|ddos|spam|mail|ziyadnz|hourly,2026-08-17T18:48:05Z,2026-08-17T18:48:05Z,
188.143.233.73,ipv4,attack,high,WHITE,blocklist.de/all|blocklist.de/apache|blocklist.de/mail|ziyadnz/hourly-ipv4,blocklist.de|brute-force|apache|rfi|ddos|spam|mail|ziyadnz|hourly,2026-08-17T18:48:05Z,2026-08-17T18:48:05Z,
188.143.233.74,ipv4,attack,high,WHITE,blocklist.de/all|blocklist.de/apache|blocklist.de/mail|ziyadnz/hourly-ipv4,blocklist.de|brute-force|apache|rfi|ddos|spam|mail|ziyadnz|hourly,2026-08-17T18:48:05Z,2026-08-17T18:48:05Z,
188.143.233.75,ipv4,attack,high,WHITE,blocklist.de/all|blocklist.de/apache|blocklist.de/mail|ziyadnz/hourly-ipv4,blocklist.de|brute-force|apache|rfi|ddos|spam|mail|ziyadnz|hourly,2026-08-17T18:48:05Z,2026-08-17T18:48:05Z,
188.143.233.76,ipv4,attack,high,WHITE,blocklist.de/all|blocklist.de/apache|blocklist.de/mail|ziyadnz/hourly-ipv4,blocklist.de|brute-force|apache|rfi|ddos|spam|mail|ziyadnz|hourly,2026-08-17T18:48:05Z,2026-08-17T18:48:05Z,
188.143.233.77,ipv4,attack,high,WHITE,blocklist.de/all|blocklist.de/apache|blocklist.de/mail|ziyadnz/hourly-ipv4,blocklist.de|brute-force|apache|rfi|ddos|spam|mail|ziyadnz|hourly,2026-08-17T18:48:05Z,2026-08-17T18:48:05Z,
188.143.233.78,ipv4,attack,high,WHITE,blocklist.de/all|blocklist.de/apache|blocklist.de/mail|ziyadnz/hourly-ipv4,blocklist.de|brute-force|apache|rfi|ddos|spam|mail|ziyadnz|hourly,2026-08-17T18:48:05Z,2026-08-17T18:48:05Z,
188.143.233.79,ipv4,attack,high,WHITE,blocklist.de/all|blocklist.de/apache|blocklist.de/mail|ziyadnz/hourly-ipv4,blocklist.de|brute-force|apache|rfi|ddos|spam|mail|ziyadnz|hourly,2026-08-17T18:48:05Z,2026-08-17T18:48:05Z,
188.143.233.80,ipv4,attack,high,WHITE,blocklist.de/all|blocklist.de/apache|blocklist.de/mail|ziyadnz/hourly-ipv4,blocklist.de|brute-force|apache|rfi|ddos|spam|mail|ziyadnz|hourly,2026-08-17T18:48:05Z,2026-08-17T18:48:05Z,
188.143.233.81,ipv4,attack,high,WHITE,blocklist.de/all|blocklist.de/apache|blocklist.de/mail|ziyadnz/hourly-ipv4,blocklist.de|brute-force|apache|rfi|ddos|spam|mail|ziyadnz|hourly,2026-08-17T18:48:05Z,2026-08-17T18:48:05Z,
188.143.233.82,ipv4,attack,high,WHITE,blocklist.de/all|blocklist.de/apache|blocklist.de/mail|ziyadnz/hourly-ipv4,blocklist.de|brute-force|apache|rfi|ddos|spam|mail|ziyadnz|hourly,2026-08-17T18:48:05Z,2026-08-17T18:48:05Z,
188.143.233.83,ipv4,attack,high,WHITE,blocklist.de/all|blocklist.de/apache|blocklist.de/mail|ziyadnz/hourly-ipv4,blocklist.de|brute-force|apache|rfi|ddos|spam|mail|ziyadnz|hourly,2026-08-17T18:48:05Z,2026-08-17T18:48:05Z,
188.143.233.84,ipv4,attack,high,WHITE,blocklist.de/all|blocklist.de/apache|blocklist.de/mail|ziyadnz/hourly-ipv4,blocklist.de|brute-force|apache|rfi|ddos|spam|mail|ziyadnz|hourly,2026-08-17T18:48:05Z,2026-08-17T18:48:05Z,
188.143.233.85,ipv4,attack,high,WHITE,blocklist.de/all|blocklist.de/apache|blocklist.de/mail|ziyadnz/hourly-ipv4,blocklist.de|brute-force|apache|rfi|ddos|spam|mail|ziyadnz|hourly,2026-08-17T18:48:05Z,2026-08-17T18:48:05Z,
188.143.233.86,ipv4,attack,high,WHITE,blocklist.de/all|blocklist.de/apache|blocklist.de/mail|ziyadnz/hourly-ipv4,blocklist.de|brute-force|apache|rfi|ddos|spam|mail|ziyadnz|hourly,2026-08-17T18:48:05Z,2026-08-17T18:48:05Z,
188.143.233.87,ipv4,attack,high,WHITE,blocklist.de/all|blocklist.de/apache|blocklist.de/mail|ziyadnz/hourly-ipv4,blocklist.de|brute-force|apache|rfi|ddos|spam|mail|ziyadnz|hourly,2026-08-17T18:48:05Z,2026-08-17T18:48:05Z,
188.143.233.88,ipv4,attack,high,WHITE,blocklist.de/all|blocklist.de/apache|blocklist.de/mail|ziyadnz/hourly-ipv4,blocklist.de|brute-force|apache|rfi|ddos|spam|mail|ziyadnz|hourly,2026-08-17T18:48:05Z,2026-08-17T18:48:05Z,
188.143.233.89,ipv4,attack,high,WHITE,blocklist.de/all|blocklist.de/apache|blocklist.de/mail|ziyadnz/hourly-ipv4,blocklist.de|brute-force|apache|rfi|ddos|spam|mail|ziyadnz|hourly,2026-08-17T18:48:05Z,2026-08-17T18:48:05Z,
188.143.233.90,ipv4,attack,high,WHITE,blocklist.de/all|blocklist.de/apache|blocklist.de/mail|ziyadnz/hourly-ipv4,blocklist.de|brute-force|apache|rfi|ddos|spam|mail|ziyadnz|hourly,2026-08-17T18:48:05Z,2026-08-17T18:48:05Z,
188.143.233.91,ipv4,attack,high,WHITE,blocklist.de/all|blocklist.de/apache|blocklist.de/mail|ziyadnz/hourly-ipv4,blocklist.de|brute-force|apache|rfi|ddos|spam|mail|ziyadnz|hourly,2026-08-17T18:48:05Z,2026-08-17T18:48:05Z,
188.143.233.92,ipv4,attack,high,WHITE,blocklist.de/all|blocklist.de/apache|blocklist.de/mail|ziyadnz/hourly-ipv4,blocklist.de|brute-force|apache|rfi|ddos|spam|mail|ziyadnz|hourly,2026-08-17T18:48:05Z,2026-08-17T18:48:05Z,
188.143.233.93,ipv4,attack,high,WHITE,blocklist.de/all|blocklist.de/apache|blocklist.de/mail|ziyadnz/hourly-ipv4,blocklist.de|brute-force|apache|rfi|ddos|spam|mail|ziyadnz|hourly,2026-08-17T18:48:05Z,2026-08-17T18:48:05Z,
188.143.233.94,ipv4,attack,high,WHITE,blocklist.de/all|blocklist.de/apache|blocklist.de/mail|ziyadnz/hourly-ipv4,blocklist.de|brute-force|apache|rfi|ddos|spam|mail|ziyadnz|hourly,2026-08-17T18:48:05Z,2026-08-17T18:48:05Z,
188.143.233.95,ipv4,attack,high,WHITE,blocklist.de/all|blocklist.de/apache|blocklist.de/mail|ziyadnz/hourly-ipv4,blocklist.de|brute-force|apache|rfi|ddos|spam|mail|ziyadnz|hourly,2026-08-17T18:48:05Z,2026-08-17T18:48:05Z,
188.143.233.96,ipv4,attack,high,WHITE,blocklist.de/all|blocklist.de/apache|blocklist.de/mail|ziyadnz/hourly-ipv4,blocklist.de|brute-force|apache|rfi|ddos|spam|mail|ziyadnz|hourly,2026-08-17T18:48:05Z,2026-08-17T18:48:05Z,
188.143.233.97,ipv4,attack,high,WHITE,blocklist.de/all|blocklist.de/apache|blocklist.de/mail|ziyadnz/hourly-ipv4,blocklist.de|brute-force|apache|rfi|ddos|spam|mail|ziyadnz|hourly,2026-08-17T18:48:05Z,2026-08-17T18:48:05Z,
188.143.233.98,ipv4,attack,high,WHITE,blocklist.de/all|blocklist.de/apache|blocklist.de/mail|ziyadnz/hourly-ipv4,blocklist.de|brute-force|apache|rfi|ddos|spam|mail|ziyadnz|hourly,2026-08-17T18:48:05Z,2026-08-17T18:48:05Z,
188.143.233.99,ipv4,attack,high,WHITE,blocklist.de/all|blocklist.de/apache|blocklist.de/mail|ziyadnz/hourly-ipv4,blocklist.de|brute-force|apache|rfi|ddos|spam|mail|ziyadnz|hourly,2026-08-17T18:48:05Z,2026-08-17T18:48:05Z,
188.143.233.100,ipv4,attack,high,WHITE,blocklist.de/all|blocklist.de/apache|blocklist.de/mail|ziyadnz/hourly-ipv4,blocklist.de|brute-force|apache|rfi|ddos|spam|mail|ziyadnz|hourly,2026-08-17T18:48:05Z,2026-08-17T18:48:05Z,
188.143.233.101,ipv4,attack,high,WHITE,blocklist.de/all|blocklist.de/apache|blocklist.de/mail|ziyadnz/hourly-ipv4,blocklist.de|brute-force|apache|rfi|ddos|spam|mail|ziyadnz|hourly,2026-08-17T18:48:05Z,2026-08-17T18:48:05Z,
188.143.233.102,ipv4,attack,high,WHITE,blocklist.de/all|blocklist.de/apache|blocklist.de/mail|ziyadnz/hourly-ipv4,blocklist.de|brute-force|apache|rfi|ddos|spam|mail|ziyadnz|hourly,2026-08-17T18:48:05Z,2026-08-17T18:48:05Z,
188.143.233.103,ipv4,attack,high,WHITE,blocklist.de/all|blocklist.de/apache|blocklist.de/mail|ziyadnz/hourly-ipv4,blocklist.de|brute-force|apache|rfi|ddos|spam|mail|ziyadnz|hourly,2026-08-17T18:48:05Z,2026-08-17T18:48:05Z,
188.143.233.104,ipv4,attack,high,WHITE,blocklist.de/all|blocklist.de/apache|blocklist.de/mail|ziyadnz/hourly-ipv4,blocklist.de|brute-force|apache|rfi|ddos|spam|mail|ziyadnz|hourly,2026-08-17T18:48:05Z,2026-08-17T18:48:05Z,
188.143.233.105,ipv4,attack,high,WHITE,blocklist.de/all|blocklist.de/apache|blocklist.de/mail|ziyadnz/hourly-ipv4,blocklist.de|brute-force|apache|rfi|ddos|spam|mail|ziyadnz|hourly,2026-08-17T18:48:05Z,2026-08-17T18:48:05Z,
188.143.233.106,ipv4,attack,high,WHITE,blocklist.de/all|blocklist.de/apache|blocklist.de/mail|ziyadnz/hourly-ipv4,blocklist.de|brute-force|apache|rfi|ddos|spam|mail|ziyadnz|hourly,2026-08-17T18:48:05Z,2026-08-17T18:48:05Z,
188.143.233.107,ipv4,attack,high,WHITE,blocklist.de/all|blocklist.de/apache|blocklist.de/mail|ziyadnz/hourly-ipv4,blocklist.de|brute-force|apache|rfi|ddos|spam|mail|ziyadnz|hourly,2026-08-17T18:48:05Z,2026-08-17T18:48:05Z,
188.143.233.108,ipv4,attack,high,WHITE,blocklist.de/all|blocklist.de/apache|blocklist.de/mail|ziyadnz/hourly-ipv4,blocklist.de|brute-force|apache|rfi|ddos|spam|mail|ziyadnz|hourly,2026-08-17T18:48:05Z,2026-08-17T18:48:05Z,
188.143.233.109,ipv4,attack,high,WHITE,blocklist.de/all|blocklist.de/apache|blocklist.de/mail|ziyadnz/hourly-ipv4,blocklist.de|brute-force|apache|rfi|ddos|spam|mail|ziyadnz|hourly,2026-08-17T18:48:05Z,2026-08-17T18:48:05Z,
188.143.233.110,ipv4,attack,high,WHITE,blocklist.de/all|blocklist.de/apache|blocklist.de/mail|ziyadnz/hourly-ipv4,blocklist.de|brute-force|apache|rfi|ddos|spam|mail|ziyadnz|hourly,2026-08-17T18:48:05Z,2026-08-17T18:48:05Z,
188.143.233.111,ipv4,attack,high,WHITE,blocklist.de/all|blocklist.de/apache|blocklist.de/mail|ziyadnz/hourly-ipv4,blocklist.de|brute-force|apache|rfi|ddos|spam|mail|ziyadnz|hourly,2026-08-17T18:48:05Z,2026-08-17T18:48:05Z,
188.143.233.112,ipv4,attack,high,WHITE,blocklist.de/all|blocklist.de/apache|blocklist.de/mail|ziyadnz/hourly-ipv4,blocklist.de|brute-force|apache|rfi|ddos|spam|mail|ziyadnz|hourly,2026-08-17T18:48:05Z,2026-08-17T18:48:05Z,
188.143.233.113,ipv4,attack,high,WHITE,blocklist.de/all|blocklist.de/apache|blocklist.de/mail|ziyadnz/hourly-ipv4,blocklist.de|brute-force|apache|rfi|ddos|spam|mail|ziyadnz|hourly,2026-08-17T18:48:05Z,2026-08-17T18:48:05Z,
188.143.233.114,ipv4,attack,high,WHITE,blocklist.de/all|blocklist.de/apache|blocklist.de/mail|ziyadnz/hourly-ipv4,blocklist.de|brute-force|apache|rfi|ddos|spam|mail|ziyadnz|hourly,2026-08-17T18:48:05Z,2026-08-17T18:48:05Z,
188.143.233.115,ipv4,attack,high,WHITE,blocklist.de/all|blocklist.de/apache|blocklist.de/mail|ziyadnz/hourly-ipv4,blocklist.de|brute-force|apache|rfi|ddos|spam|mail|ziyadnz|hourly,2026-08-17T18:48:05Z,2026-08-17T18:48:05Z,
188.143.233.116,ipv4,attack,high,WHITE,blocklist.de/all|blocklist.de/apache|blocklist.de/mail|ziyadnz/hourly-ipv4,blocklist.de|brute-force|apache|rfi|ddos|spam|mail|ziyadnz|hourly,2026-08-17T18:48:05Z,2026-08-17T18:48:05Z,
188.143.233.117,ipv4,attack,high,WHITE,blocklist.de/all|blocklist.de/apache|blocklist.de/mail|ziyadnz/hourly-ipv4,blocklist.de|brute-force|apache|rfi|ddos|spam|mail|ziyadnz|hourly,2026-08-17T18:48:05Z,2026-08-17T18:48:05Z,
188.143.233.118,ipv4,attack,high,WHITE,blocklist.de/all|blocklist.de/apache|blocklist.de/mail|ziyadnz/hourly-ipv4,blocklist.de|brute-force|apache|rfi|ddos|spam|mail|ziyadnz|hourly,2026-08-17T18:48:05Z,2026-08-17T18:48:05Z,
188.143.233.119,ipv4,attack,high,WHITE,blocklist.de/all|blocklist.de/apache|blocklist.de/mail|ziyadnz/hourly-ipv4,blocklist.de|brute-force|apache|rfi|ddos|spam|mail|ziyadnz|hourly,2026-08-17T18:48:05Z,2026-08-17T18:48:05Z,
188.143.233.120,ipv4,attack,high,WHITE,blocklist.de/all|blocklist.de/apache|blocklist.de/mail|ziyadnz/hourly-ipv4,blocklist.de|brute-force|apache|rfi|ddos|spam|mail|ziyadnz|hourly,2026-08-17T18:48:05Z,2026-08-17T18:48:05Z,
188.143.233.121,ipv4,attack,high,WHITE,blocklist.de/all|blocklist.de/apache|blocklist.de/mail|ziyadnz/hourly-ipv4,blocklist.de|brute-force|apache|rfi|ddos|spam|mail|ziyadnz|hourly,2026-08-17T18:48:05Z,2026-08-17T18:48:05Z,
188.143.233.122,ipv4,attack,high,WHITE,blocklist.de/all|blocklist.de/apache|blocklist.de/mail|ziyadnz/hourly-ipv4,blocklist.de|brute-force|apache|rfi|ddos|spam|mail|ziyadnz|hourly,2026-08-17T18:48:05Z,2026-08-17T18:48:05Z,
188.143.233.123,ipv4,attack,high,WHITE,blocklist.de/all|blocklist.de/apache|blocklist.de/mail|ziyadnz/hourly-ipv4,blocklist.de|brute-force|apache|rfi|ddos|spam|mail|ziyadnz|hourly,2026-08-17T18:48:05Z,2026-08-17T18:48:05Z,
188.143.233.124,ipv4,attack,high,WHITE,blocklist.de/all|blocklist.de/apache|blocklist.de/mail|ziyadnz/hourly-ipv4,blocklist.de|brute-force|apache|rfi|ddos|spam|mail|ziyadnz|hourly,2026-08-17T18:48:05Z,2026-08-17T18:48:05Z,
188.143.233.125,ipv4,attack,high,WHITE,blocklist.de/all|blocklist.de/apache|blocklist.de/mail|ziyadnz/hourly-ipv4,blocklist.de|brute-force|apache|rfi|ddos|spam|mail|ziyadnz|hourly,2026-08-17T18:48:05Z,2026-08-17T18:48:05Z,
188.143.233.126,ipv4,attack,high,WHITE,blocklist.de/all|blocklist.de/apache|blocklist.de/mail|ziyadnz/hourly-ipv4,blocklist.de|brute-force|apache|rfi|ddos|spam|mail|ziyadnz|hourly,2026-08-17T18:48:05Z,2026-08-17T18:48:05Z,
188.143.233.127,ipv4,attack,high,WHITE,blocklist.de/all|blocklist.de/apache|blocklist.de/mail|ziyadnz/hourly-ipv4,blocklist.de|brute-force|apache|rfi|ddos|spam|mail|ziyadnz|hourly,2026-08-17T18:48:05Z,2026-08-17T18:48:05Z,
188.143.233.128,ipv4,attack,high,WHITE,blocklist.de/all|blocklist.de/apache|blocklist.de/mail|ziyadnz/hourly-ipv4,blocklist.de|brute-force|apache|rfi|ddos|spam|mail|ziyadnz|hourly,2026-08-17T18:48:05Z,2026-08-17T18:48:05Z,
188.143.233.129,ipv4,attack,high,WHITE,blocklist.de/all|blocklist.de/apache|blocklist.de/mail|ziyadnz/hourly-ipv4,blocklist.de|brute-force|apache|rfi|ddos|spam|mail|ziyadnz|hourly,2026-08-17T18:48:05Z,2026-08-17T18:48:05Z,
188.143.233.130,ipv4,attack,high,WHITE,blocklist.de/all|blocklist.de/apache|blocklist.de/mail|ziyadnz/hourly-ipv4,blocklist.de|brute-force|apache|rfi|ddos|spam|mail|ziyadnz|hourly,2026-08-17T18:48:05Z,2026-08-17T18:48:05Z,
188.143.233.131,ipv4,attack,high,WHITE,blocklist.de/all|blocklist.de/apache|blocklist.de/mail|ziyadnz/hourly-ipv4,blocklist.de|brute-force|apache|rfi|ddos|spam|mail|ziyadnz|hourly,2026-08-17T18:48:05Z,2026-08-17T18:48:05Z,
188.143.233.132,ipv4,attack,high,WHITE,blocklist.de/all|blocklist.de/apache|blocklist.de/mail|ziyadnz/hourly-ipv4,blocklist.de|brute-force|apache|rfi|ddos|spam|mail|ziyadnz|hourly,2026-08-17T18:48:05Z,2026-08-17T18:48:05Z,
188.143.233.133,ipv4,attack,high,WHITE,blocklist.de/all|blocklist.de/apache|blocklist.de/mail|ziyadnz/hourly-ipv4,blocklist.de|brute-force|apache|rfi|ddos|spam|mail|ziyadnz|hourly,2026-08-17T18:48:05Z,2026-08-17T18:48:05Z,
188.143.233.134,ipv4,attack,high,WHITE,blocklist.de/all|blocklist.de/apache|blocklist.de/mail|ziyadnz/hourly-ipv4,blocklist.de|brute-force|apache|rfi|ddos|spam|mail|ziyadnz|hourly,2026-08-17T18:48:05Z,2026-08-17T18:48:05Z,
188.143.233.135,ipv4,attack,high,WHITE,blocklist.de/all|blocklist.de/apache|blocklist.de/mail|ziyadnz/hourly-ipv4,blocklist.de|brute-force|apache|rfi|ddos|spam|mail|ziyadnz|hourly,2026-08-17T18:48:05Z,2026-08-17T18:48:05Z,
188.143.233.136,ipv4,attack,high,WHITE,blocklist.de/all|blocklist.de/apache|blocklist.de/mail|ziyadnz/hourly-ipv4,blocklist.de|brute-force|apache|rfi|ddos|spam|mail|ziyadnz|hourly,2026-08-17T18:48:05Z,2026-08-17T18:48:05Z,
188.143.233.137,ipv4,attack,high,WHITE,blocklist.de/all|blocklist.de/apache|blocklist.de/mail|ziyadnz/hourly-ipv4,blocklist.de|brute-force|apache|rfi|ddos|spam|mail|ziyadnz|hourly,2026-08-17T18:48:05Z,2026-08-17T18:48:05Z,
188.143.233.138,ipv4,attack,high,WHITE,blocklist.de/all|blocklist.de/apache|blocklist.de/mail|ziyadnz/hourly-ipv4,blocklist.de|brute-force|apache|rfi|ddos|spam|mail|ziyadnz|hourly,2026-08-17T18:48:05Z,2026-08-17T18:48:05Z,
188.143.233.139,ipv4,attack,high,WHITE,blocklist.de/all|blocklist.de/apache|blocklist.de/mail|ziyadnz/hourly-ipv4,blocklist.de|brute-force|apache|rfi|ddos|spam|mail|ziyadnz|hourly,2026-08-17T18:48:05Z,2026-08-17T18:48:05Z,
188.143.233.140,ipv4,attack,high,WHITE,blocklist.de/all|blocklist.de/apache|blocklist.de/mail|ziyadnz/hourly-ipv4,blocklist.de|brute-force|apache|rfi|ddos|spam|mail|ziyadnz|hourly,2026-08-17T18:48:05Z,2026-08-17T18:48:05Z,
188.143.233.141,ipv4,attack,high,WHITE,blocklist.de/all|blocklist.de/apache|blocklist.de/mail|ziyadnz/hourly-ipv4,blocklist.de|brute-force|apache|rfi|ddos|spam|mail|ziyadnz|hourly,2026-08-17T18:48:05Z,2026-08-17T18:48:05Z,
188.143.233.142,ipv4,attack,high,WHITE,blocklist.de/all|blocklist.de/apache|blocklist.de/mail|ziyadnz/hourly-ipv4,blocklist.de|brute-force|apache|rfi|ddos|spam|mail|ziyadnz|hourly,2026-08-17T18:48:05Z,2026-08-17T18:48:05Z,
188.143.233.143,ipv4,attack,high,WHITE,blocklist.de/all|blocklist.de/apache|blocklist.de/mail|ziyadnz/hourly-ipv4,blocklist.de|brute-force|apache|rfi|ddos|spam|mail|ziyadnz|hourly,2026-08-17T18:48:05Z,2026-08-17T18:48:05Z,
188.143.233.144,ipv4,attack,high,WHITE,blocklist.de/all|blocklist.de/apache|blocklist.de/mail|ziyadnz/hourly-ipv4,blocklist.de|brute-force|apache|rfi|ddos|spam|mail|ziyadnz|hourly,2026-08-17T18:48:05Z,2026-08-17T18:48:05Z,
188.143.233.145,ipv4,attack,high,WHITE,blocklist.de/all|blocklist.de/apache|blocklist.de/mail|ziyadnz/hourly-ipv4,blocklist.de|brute-force|apache|rfi|ddos|spam|mail|ziyadnz|hourly,2026-08-17T18:48:05Z,2026-08-17T18:48:05Z,
188.143.233.146,ipv4,attack,high,WHITE,blocklist.de/all|blocklist.de/apache|blocklist.de/mail|ziyadnz/hourly-ipv4,blocklist.de|brute-force|apache|rfi|ddos|spam|mail|ziyadnz|hourly,2026-08-17T18:48:05Z,2026-08-17T18:48:05Z,
188.143.233.147,ipv4,attack,high,WHITE,blocklist.de/all|blocklist.de/apache|blocklist.de/mail|ziyadnz/hourly-ipv4,blocklist.de|brute-force|apache|rfi|ddos|spam|mail|ziyadnz|hourly,2026-08-17T18:48:05Z,2026-08-17T18:48:05Z,
188.143.233.148,ipv4,attack,high,WHITE,blocklist.de/all|blocklist.de/apache|blocklist.de/mail|ziyadnz/hourly-ipv4,blocklist.de|brute-force|apache|rfi|ddos|spam|mail|ziyadnz|hourly,2026-08-17T18:48:05Z,2026-08-17T18:48:05Z,
188.143.233.149,ipv4,attack,high,WHITE,blocklist.de/all|blocklist.de/apache|blocklist.de/mail|ziyadnz/hourly-ipv4,blocklist.de|brute-force|apache|rfi|ddos|spam|mail|ziyadnz|hourly,2026-08-17T18:48:05Z,2026-08-17T18:48:05Z,
188.143.233.150,ipv4,attack,high,WHITE,blocklist.de/all|blocklist.de/apache|blocklist.de/mail|ziyadnz/hourly-ipv4,blocklist.de|brute-force|apache|rfi|ddos|spam|mail|ziyadnz|hourly,2026-08-17T18:48:05Z,2026-08-17T18:48:05Z,
188.143.233.151,ipv4,attack,high,WHITE,blocklist.de/all|blocklist.de/apache|blocklist.de/mail|ziyadnz/hourly-ipv4,blocklist.de|brute-force|apache|rfi|ddos|spam|mail|ziyadnz|hourly,2026-08-17T18:48:05Z,2026-08-17T18:48:05Z,
188.143.233.152,ipv4,attack,high,WHITE,blocklist.de/all|blocklist.de/apache|blocklist.de/mail|ziyadnz/hourly-ipv4,blocklist.de|brute-force|apache|rfi|ddos|spam|mail|ziyadnz|hourly,2026-08-17T18:48:05Z,2026-08-17T18:48:05Z,
188.143.233.153,ipv4,attack,high,WHITE,blocklist.de/all|blocklist.de/apache|blocklist.de/mail|ziyadnz/hourly-ipv4,blocklist.de|brute-force|apache|rfi|ddos|spam|mail|ziyadnz|hourly,2026-08-17T18:48:05Z,2026-08-17T18:48:05Z,
188.143.233.154,ipv4,attack,high,WHITE,blocklist.de/all|blocklist.de/apache|blocklist.de/mail|ziyadnz/hourly-ipv4,blocklist.de|brute-force|apache|rfi|ddos|spam|mail|ziyadnz|hourly,2026-08-17T18:48:05Z,2026-08-17T18:48:05Z,
188.143.233.155,ipv4,attack,high,WHITE,blocklist.de/all|blocklist.de/apache|blocklist.de/mail|ziyadnz/hourly-ipv4,blocklist.de|brute-force|apache|rfi|ddos|spam|mail|ziyadnz|hourly,2026-08-17T18:48:05Z,2026-08-17T18:48:05Z,
188.143.233.156,ipv4,attack,high,WHITE,blocklist.de/all|blocklist.de/apache|blocklist.de/mail|ziyadnz/hourly-ipv4,blocklist.de|brute-force|apache|rfi|ddos|spam|mail|ziyadnz|hourly,2026-08-17T18:48:05Z,2026-08-17T18:48:05Z,
188.143.233.157,ipv4,attack,high,WHITE,blocklist.de/all|blocklist.de/apache|blocklist.de/mail|ziyadnz/hourly-ipv4,blocklist.de|brute-force|apache|rfi|ddos|spam|mail|ziyadnz|hourly,2026-08-17T18:48:05Z,2026-08-17T18:48:05Z,
188.143.233.158,ipv4,attack,high,WHITE,blocklist.de/all|blocklist.de/apache|blocklist.de/mail|ziyadnz/hourly-ipv4,blocklist.de|brute-force|apache|rfi|ddos|spam|mail|ziyadnz|hourly,2026-08-17T18:48:05Z,2026-08-17T18:48:05Z,
188.143.233.159,ipv4,attack,high,WHITE,blocklist.de/all|blocklist.de/apache|blocklist.de/mail|ziyadnz/hourly-ipv4,blocklist.de|brute-force|apache|rfi|ddos|spam|mail|ziyadnz|hourly,2026-08-17T18:48:05Z,2026-08-17T18:48:05Z,
188.143.233.160,ipv4,attack,high,WHITE,blocklist.de/all|blocklist.de/apache|blocklist.de/mail|ziyadnz/hourly-ipv4,blocklist.de|brute-force|apache|rfi|ddos|spam|mail|ziyadnz|hourly,2026-08-17T18:48:05Z,2026-08-17T18:48:05Z,
188.143.233.161,ipv4,attack,high,WHITE,blocklist.de/all|blocklist.de/apache|blocklist.de/mail|ziyadnz/hourly-ipv4,blocklist.de|brute-force|apache|rfi|ddos|spam|mail|ziyadnz|hourly,2026-08-17T18:48:05Z,2026-08-17T18:48:05Z,
188.143.233.162,ipv4,attack,high,WHITE,blocklist.de/all|blocklist.de/apache|blocklist.de/mail|ziyadnz/hourly-ipv4,blocklist.de|brute-force|apache|rfi|ddos|spam|mail|ziyadnz|hourly,2026-08-17T18:48:05Z,2026-08-17T18:48:05Z,
188.143.233.163,ipv4,attack,high,WHITE,blocklist.de/all|blocklist.de/apache|blocklist.de/mail|ziyadnz/hourly-ipv4,blocklist.de|brute-force|apache|rfi|ddos|spam|mail|ziyadnz|hourly,2026-08-17T18:48:05Z,2026-08-17T18:48:05Z,
188.143.233.164,ipv4,attack,high,WHITE,blocklist.de/all|blocklist.de/apache|blocklist.de/mail|ziyadnz/hourly-ipv4,blocklist.de|brute-force|apache|rfi|ddos|spam|mail|ziyadnz|hourly,2026-08-17T18:48:05Z,2026-08-17T18:48:05Z,
188.143.233.165,ipv4,attack,high,WHITE,blocklist.de/all|blocklist.de/apache|blocklist.de/mail|ziyadnz/hourly-ipv4,blocklist.de|brute-force|apache|rfi|ddos|spam|mail|ziyadnz|hourly,2026-08-17T18:48:05Z,2026-08-17T18:48:05Z,
188.143.233.166,ipv4,attack,high,WHITE,blocklist.de/all|blocklist.de/apache|blocklist.de/mail|ziyadnz/hourly-ipv4,blocklist.de|brute-force|apache|rfi|ddos|spam|mail|ziyadnz|hourly,2026-08-17T18:48:05Z,2026-08-17T18:48:05Z,
188.143.233.167,ipv4,attack,high,WHITE,blocklist.de/all|blocklist.de/apache|blocklist.de/mail|ziyadnz/hourly-ipv4,blocklist.de|brute-force|apache|rfi|ddos|spam|mail|ziyadnz|hourly,2026-08-17T18:48:05Z,2026-08-17T18:48:05Z,
188.143.233.168,ipv4,attack,high,WHITE,blocklist.de/all|blocklist.de/apache|blocklist.de/mail|ziyadnz/hourly-ipv4,blocklist.de|brute-force|apache|rfi|ddos|spam|mail|ziyadnz|hourly,2026-08-17T18:48:05Z,2026-08-17T18:48:05Z,
188.143.233.169,ipv4,attack,high,WHITE,blocklist.de/all|blocklist.de/apache|blocklist.de/mail|ziyadnz/hourly-ipv4,blocklist.de|brute-force|apache|rfi|ddos|spam|mail|ziyadnz|hourly,2026-08-17T18:48:05Z,2026-08-17T18:48:05Z,
188.143.233.170,ipv4,attack,high,WHITE,blocklist.de/all|blocklist.de/apache|blocklist.de/mail|ziyadnz/hourly-ipv4,blocklist.de|brute-force|apache|rfi|ddos|spam|mail|ziyadnz|hourly,2026-08-17T18:48:05Z,2026-08-17T18:48:05Z,
188.143.233.171,ipv4,attack,high,WHITE,blocklist.de/all|blocklist.de/apache|blocklist.de/mail|ziyadnz/hourly-ipv4,blocklist.de|brute-force|apache|rfi|ddos|spam|mail|ziyadnz|hourly,2026-08-17T18:48:05Z,2026-08-17T18:48:05Z,
188.143.233.172,ipv4,attack,high,WHITE,blocklist.de/all|blocklist.de/apache|blocklist.de/mail|ziyadnz/hourly-ipv4,blocklist.de|brute-force|apache|rfi|ddos|spam|mail|ziyadnz|hourly,2026-08-17T18:48:05Z,2026-08-17T18:48:05Z,
188.143.233.173,ipv4,attack,high,WHITE,blocklist.de/all|blocklist.de/apache|blocklist.de/mail|ziyadnz/hourly-ipv4,blocklist.de|brute-force|apache|rfi|ddos|spam|mail|ziyadnz|hourly,2026-08-17T18:48:05Z,2026-08-17T18:48:05Z,
188.143.233.174,ipv4,attack,high,WHITE,blocklist.de/all|blocklist.de/apache|blocklist.de/mail|ziyadnz/hourly-ipv4,blocklist.de|brute-force|apache|rfi|ddos|spam|mail|ziyadnz|hourly,2026-08-17T18:48:05Z,2026-08-17T18:48:05Z,
188.143.233.175,ipv4,attack,high,WHITE,blocklist.de/all|blocklist.de/apache|blocklist.de/mail|ziyadnz/hourly-ipv4,blocklist.de|brute-force|apache|rfi|ddos|spam|mail|ziyadnz|hourly,2026-08-17T18:48:05Z,2026-08-17T18:48:05Z,
188.143.233.176,ipv4,attack,high,WHITE,blocklist.de/all|blocklist.de/apache|blocklist.de/mail|ziyadnz/hourly-ipv4,blocklist.de|brute-force|apache|rfi|ddos|spam|mail|ziyadnz|hourly,2026-08-17T18:48:05Z,2026-08-17T18:48:05Z,
188.143.233.177,ipv4,attack,high,WHITE,blocklist.de/all|blocklist.de/apache|blocklist.de/mail|ziyadnz/hourly-ipv4,blocklist.de|brute-force|apache|rfi|ddos|spam|mail|ziyadnz|hourly,2026-08-17T18:48:05Z,2026-08-17T18:48:05Z,
188.143.233.178,ipv4,attack,high,WHITE,blocklist.de/all|blocklist.de/apache|blocklist.de/mail|ziyadnz/hourly-ipv4,blocklist.de|brute-force|apache|rfi|ddos|spam|mail|ziyadnz|hourly,2026-08-17T18:48:05Z,2026-08-17T18:48:05Z,
188.143.233.179,ipv4,attack,high,WHITE,blocklist.de/all|blocklist.de/apache|blocklist.de/mail|ziyadnz/hourly-ipv4,blocklist.de|brute-force|apache|rfi|ddos|spam|mail|ziyadnz|hourly,2026-08-17T18:48:05Z,2026-08-17T18:48:05Z,
188.143.233.180,ipv4,attack,high,WHITE,blocklist.de/all|blocklist.de/apache|blocklist.de/mail|ziyadnz/hourly-ipv4,blocklist.de|brute-force|apache|rfi|ddos|spam|mail|ziyadnz|hourly,2026-08-17T18:48:05Z,2026-08-17T18:48:05Z,
188.143.233.181,ipv4,attack,high,WHITE,blocklist.de/all|blocklist.de/apache|blocklist.de/mail|ziyadnz/hourly-ipv4,blocklist.de|brute-force|apache|rfi|ddos|spam|mail|ziyadnz|hourly,2026-08-17T18:48:05Z,2026-08-17T18:48:05Z,
188.143.233.182,ipv4,attack,high,WHITE,blocklist.de/all|blocklist.de/apache|blocklist.de/mail|ziyadnz/hourly-ipv4,blocklist.de|brute-force|apache|rfi|ddos|spam|mail|ziyadnz|hourly,2026-08-17T18:48:05Z,2026-08-17T18:48:05Z,
188.143.233.183,ipv4,attack,high,WHITE,blocklist.de/all|blocklist.de/apache|blocklist.de/mail|ziyadnz/hourly-ipv4,blocklist.de|brute-force|apache|rfi|ddos|spam|mail|ziyadnz|hourly,2026-08-17T18:48:05Z,2026-08-17T18:48:05Z,
188.143.233.184,ipv4,attack,high,WHITE,blocklist.de/all|blocklist.de/apache|blocklist.de/mail|ziyadnz/hourly-ipv4,blocklist.de|brute-force|apache|rfi|ddos|spam|mail|ziyadnz|hourly,2026-08-17T18:48:05Z,2026-08-17T18:48:05Z,
188.143.233.185,ipv4,attack,high,WHITE,blocklist.de/all|blocklist.de/apache|blocklist.de/mail|ziyadnz/hourly-ipv4,blocklist.de|brute-force|apache|rfi|ddos|spam|mail|ziyadnz|hourly,2026-08-17T18:48:05Z,2026-08-17T18:48:05Z,
188.143.233.186,ipv4,attack,high,WHITE,blocklist.de/all|blocklist.de/apache|blocklist.de/mail|ziyadnz/hourly-ipv4,blocklist.de|brute-force|apache|rfi|ddos|spam|mail|ziyadnz|hourly,2026-08-17T18:48:05Z,2026-08-17T18:48:05Z,
188.143.233.187,ipv4,attack,high,WHITE,blocklist.de/all|blocklist.de/apache|blocklist.de/mail|ziyadnz/hourly-ipv4,blocklist.de|brute-force|apache|rfi|ddos|spam|mail|ziyadnz|hourly,2026-08-17T18:48:05Z,2026-08-17T18:48:05Z,
188.143.233.188,ipv4,attack,high,WHITE,blocklist.de/all|blocklist.de/apache|blocklist.de/mail|ziyadnz/hourly-ipv4,blocklist.de|brute-force|apache|rfi|ddos|spam|mail|ziyadnz|hourly,2026-08-17T18:48:05Z,2026-08-17T18:48:05Z,
188.143.233.189,ipv4,attack,high,WHITE,blocklist.de/all|blocklist.de/apache|blocklist.de/mail|ziyadnz/hourly-ipv4,blocklist.de|brute-force|apache|rfi|ddos|spam|mail|ziyadnz|hourly,2026-08-17T18:48:05Z,2026-08-17T18:48:05Z,
188.143.233.190,ipv4,attack,high,WHITE,blocklist.de/all|blocklist.de/apache|blocklist.de/mail|ziyadnz/hourly-ipv4,blocklist.de|brute-force|apache|rfi|ddos|spam|mail|ziyadnz|hourly,2026-08-17T18:48:05Z,2026-08-17T18:48:05Z,
188.143.233.191,ipv4,attack,high,WHITE,blocklist.de/all|blocklist.de/apache|blocklist.de/mail|ziyadnz/hourly-ipv4,blocklist.de|brute-force|apache|rfi|ddos|spam|mail|ziyadnz|hourly,2026-08-17T18:48:05Z,2026-08-17T18:48:05Z,
188.143.233.192,ipv4,attack,high,WHITE,blocklist.de/all|blocklist.de/apache|blocklist.de/mail|ziyadnz/hourly-ipv4,blocklist.de|brute-force|apache|rfi|ddos|spam|mail|ziyadnz|hourly,2026-08-17T18:48:05Z,2026-08-17T18:48:05Z,
188.143.233.193,ipv4,attack,high,WHITE,blocklist.de/all|blocklist.de/apache|blocklist.de/mail|ziyadnz/hourly-ipv4,blocklist.de|brute-force|apache|rfi|ddos|spam|mail|ziyadnz|hourly,2026-08-17T18:48:05Z,2026-08-17T18:48:05Z,
188.143.233.194,ipv4,attack,high,WHITE,blocklist.de/all|blocklist.de/apache|blocklist.de/mail|ziyadnz/hourly-ipv4,blocklist.de|brute-force|apache|rfi|ddos|spam|mail|ziyadnz|hourly,2026-08-17T18:48:05Z,2026-08-17T18:48:05Z,
188.143.233.195,ipv4,attack,high,WHITE,blocklist.de/all|blocklist.de/apache|blocklist.de/mail|ziyadnz/hourly-ipv4,blocklist.de|brute-force|apache|rfi|ddos|spam|mail|ziyadnz|hourly,2026-08-17T18:48:05Z,2026-08-17T18:48:05Z,
188.143.233.196,ipv4,attack,high,WHITE,blocklist.de/all|blocklist.de/apache|blocklist.de/mail|ziyadnz/hourly-ipv4,blocklist.de|brute-force|apache|rfi|ddos|spam|mail|ziyadnz|hourly,2026-08-17T18:48:05Z,2026-08-17T18:48:05Z,
188.143.233.197,ipv4,attack,high,WHITE,blocklist.de/all|blocklist.de/apache|blocklist.de/mail|ziyadnz/hourly-ipv4,blocklist.de|brute-force|apache|rfi|ddos|spam|mail|ziyadnz|hourly,2026-08-17T18:48:05Z,2026-08-17T18:48:05Z,
188.143.233.198,ipv4,attack,high,WHITE,blocklist.de/all|blocklist.de/apache|blocklist.de/mail|ziyadnz/hourly-ipv4,blocklist.de|brute-force|apache|rfi|ddos|spam|mail|ziyadnz|hourly,2026-08-17T18:48:05Z,2026-08-17T18:48:05Z,
188.143.233.199,ipv4,attack,high,WHITE,blocklist.de/all|blocklist.de/apache|blocklist.de/mail|ziyadnz/hourly-ipv4,blocklist.de|brute-force|apache|rfi|ddos|spam|mail|ziyadnz|hourly,2026-08-17T18:48:05Z,2026-08-17T18:48:05Z,
188.143.233.200,ipv4,attack,high,WHITE,blocklist.de/all|blocklist.de/apache|blocklist.de/mail|ziyadnz/hourly-ipv4,blocklist.de|brute-force|apache|rfi|ddos|spam|mail|ziyadnz|hourly,2026-08-17T18:48:05Z,2026-08-17T18:48:05Z,
188.143.233.201,ipv4,attack,high,WHITE,blocklist.de/all|blocklist.de/apache|blocklist.de/mail|ziyadnz/hourly-ipv4,blocklist.de|brute-force|apache|rfi|ddos|spam|mail|ziyadnz|hourly,2026-08-17T18:48:05Z,2026-08-17T18:48:05Z,
188.143.233.202,ipv4,attack,high,WHITE,blocklist.de/all|blocklist.de/apache|blocklist.de/mail|ziyadnz/hourly-ipv4,blocklist.de|brute-force|apache|rfi|ddos|spam|mail|ziyadnz|hourly,2026-08-17T18:48:05Z,2026-08-17T18:48:05Z,
188.143.233.203,ipv4,attack,high,WHITE,blocklist.de/all|blocklist.de/apache|blocklist.de/mail|ziyadnz/hourly-ipv4,blocklist.de|brute-force|apache|rfi|ddos|spam|mail|ziyadnz|hourly,2026-08-17T18:48:05Z,2026-08-17T18:48:05Z,
188.143.233.204,ipv4,attack,high,WHITE,blocklist.de/all|blocklist.de/apache|blocklist.de/mail|ziyadnz/hourly-ipv4,blocklist.de|brute-force|apache|rfi|ddos|spam|mail|ziyadnz|hourly,2026-08-17T18:48:05Z,2026-08-17T18:48:05Z,
188.143.233.205,ipv4,attack,high,WHITE,blocklist.de/all|blocklist.de/apache|blocklist.de/mail|ziyadnz/hourly-ipv4,blocklist.de|brute-force|apache|rfi|ddos|spam|mail|ziyadnz|hourly,2026-08-17T18:48:05Z,2026-08-17T18:48:05Z,
188.143.233.206,ipv4,attack,high,WHITE,blocklist.de/all|blocklist.de/apache|blocklist.de/mail|ziyadnz/hourly-ipv4,blocklist.de|brute-force|apache|rfi|ddos|spam|mail|ziyadnz|hourly,2026-08-17T18:48:05Z,2026-08-17T18:48:05Z,
188.143.233.207,ipv4,attack,high,WHITE,blocklist.de/all|blocklist.de/apache|blocklist.de/mail|ziyadnz/hourly-ipv4,blocklist.de|brute-force|apache|rfi|ddos|spam|mail|ziyadnz|hourly,2026-08-17T18:48:05Z,2026-08-17T18:48:05Z,
188.143.233.208,ipv4,attack,high,WHITE,blocklist.de/all|blocklist.de/apache|blocklist.de/mail|ziyadnz/hourly-ipv4,blocklist.de|brute-force|apache|rfi|ddos|spam|mail|ziyadnz|hourly,2026-08-17T18:48:05Z,2026-08-17T18:48:05Z,
188.143.233.209,ipv4,attack,high,WHITE,blocklist.de/all|blocklist.de/apache|blocklist.de/mail|ziyadnz/hourly-ipv4,blocklist.de|brute-force|apache|rfi|ddos|spam|mail|ziyadnz|hourly,2026-08-17T18:48:05Z,2026-08-17T18:48:05Z,
188.143.233.210,ipv4,attack,high,WHITE,blocklist.de/all|blocklist.de/apache|blocklist.de/mail|ziyadnz/hourly-ipv4,blocklist.de|brute-force|apache|rfi|ddos|spam|mail|ziyadnz|hourly,2026-08-17T18:48:05Z,2026-08-17T18:48:05Z,
188.143.233.211,ipv4,attack,high,WHITE,blocklist.de/all|blocklist.de/apache|blocklist.de/mail|ziyadnz/hourly-ipv4,blocklist.de|brute-force|apache|rfi|ddos|spam|mail|ziyadnz|hourly,2026-08-17T18:48:05Z,2026-08-17T18:48:05Z,
188.143.233.212,ipv4,attack,high,WHITE,blocklist.de/all|blocklist.de/apache|blocklist.de/mail|ziyadnz/hourly-ipv4,blocklist.de|brute-force|apache|rfi|ddos|spam|mail|ziyadnz|hourly,2026-08-17T18:48:05Z,2026-08-17T18:48:05Z,
188.143.233.213,ipv4,attack,high,WHITE,blocklist.de/all|blocklist.de/apache|blocklist.de/mail|ziyadnz/hourly-ipv4,blocklist.de|brute-force|apache|rfi|ddos|spam|mail|ziyadnz|hourly,2026-08-17T18:48:05Z,2026-08-17T18:48:05Z,
188.143.233.214,ipv4,attack,high,WHITE,blocklist.de/all|blocklist.de/apache|blocklist.de/mail|ziyadnz/hourly-ipv4,blocklist.de|brute-force|apache|rfi|ddos|spam|mail|ziyadnz|hourly,2026-08-17T18:48:05Z,2026-08-17T18:48:05Z,
188.143.233.215,ipv4,attack,high,WHITE,blocklist.de/all|blocklist.de/apache|blocklist.de/mail|ziyadnz/hourly-ipv4,blocklist.de|brute-force|apache|rfi|ddos|spam|mail|ziyadnz|hourly,2026-08-17T18:48:05Z,2026-08-17T18:48:05Z,
188.143.233.216,ipv4,attack,high,WHITE,blocklist.de/all|blocklist.de/apache|blocklist.de/mail|ziyadnz/hourly-ipv4,blocklist.de|brute-force|apache|rfi|ddos|spam|mail|ziyadnz|hourly,2026-08-17T18:48:05Z,2026-08-17T18:48:05Z,
188.143.233.217,ipv4,attack,high,WHITE,blocklist.de/all|blocklist.de/apache|blocklist.de/mail|ziyadnz/hourly-ipv4,blocklist.de|brute-force|apache|rfi|ddos|spam|mail|ziyadnz|hourly,2026-08-17T18:48:05Z,2026-08-17T18:48:05Z,
188.143.233.218,ipv4,attack,high,WHITE,blocklist.de/all|blocklist.de/apache|blocklist.de/mail|ziyadnz/hourly-ipv4,blocklist.de|brute-force|apache|rfi|ddos|spam|mail|ziyadnz|hourly,2026-08-17T18:48:05Z,2026-08-17T18:48:05Z,
188.143.233.219,ipv4,attack,high,WHITE,blocklist.de/all|blocklist.de/apache|blocklist.de/mail|ziyadnz/hourly-ipv4,blocklist.de|brute-force|apache|rfi|ddos|spam|mail|ziyadnz|hourly,2026-08-17T18:48:05Z,2026-08-17T18:48:05Z,
188.143.233.220,ipv4,attack,high,WHITE,blocklist.de/all|blocklist.de/apache|blocklist.de/mail|ziyadnz/hourly-ipv4,blocklist.de|brute-force|apache|rfi|ddos|spam|mail|ziyadnz|hourly,2026-08-17T18:48:05Z,2026-08-17T18:48:05Z,
188.143.233.221,ipv4,attack,high,WHITE,blocklist.de/all|blocklist.de/apache|blocklist.de/mail|ziyadnz/hourly-ipv4,blocklist.de|brute-force|apache|rfi|ddos|spam|mail|ziyadnz|hourly,2026-08-17T18:48:05Z,2026-08-17T18:48:05Z,
188.143.233.222,ipv4,attack,high,WHITE,blocklist.de/all|blocklist.de/apache|blocklist.de/mail|ziyadnz/hourly-ipv4,blocklist.de|brute-force|apache|rfi|ddos|spam|mail|ziyadnz|hourly,2026-08-17T18:48:05Z,2026-08-17T18:48:05Z,
188.143.233.223,ipv4,attack,high,WHITE,blocklist.de/all|blocklist.de/apache|blocklist.de/mail|ziyadnz/hourly-ipv4,blocklist.de|brute-force|apache|rfi|ddos|spam|mail|ziyadnz|hourly,2026-08-17T18:48:05Z,2026-08-17T18:48:05Z,
188.143.233.224,ipv4,attack,high,WHITE,blocklist.de/all|blocklist.de/apache|blocklist.de/mail|ziyadnz/hourly-ipv4,blocklist.de|brute-force|apache|rfi|ddos|spam|mail|ziyadnz|hourly,2026-08-17T18:48:05Z,2026-08-17T18:48:05Z,
188.143.233.225,ipv4,attack,high,WHITE,blocklist.de/all|blocklist.de/apache|blocklist.de/mail|ziyadnz/hourly-ipv4,blocklist.de|brute-force|apache|rfi|ddos|spam|mail|ziyadnz|hourly,2026-08-17T18:48:05Z,2026-08-17T18:48:05Z,
188.143.233.226,ipv4,attack,high,WHITE,blocklist.de/all|blocklist.de/apache|blocklist.de/mail|ziyadnz/hourly-ipv4,blocklist.de|brute-force|apache|rfi|ddos|spam|mail|ziyadnz|hourly,2026-08-17T18:48:05Z,2026-08-17T18:48:05Z,
188.143.233.227,ipv4,attack,high,WHITE,blocklist.de/all|blocklist.de/apache|blocklist.de/mail|ziyadnz/hourly-ipv4,blocklist.de|brute-force|apache|rfi|ddos|spam|mail|ziyadnz|hourly,2026-08-17T18:48:05Z,2026-08-17T18:48:05Z,
188.143.233.228,ipv4,attack,high,WHITE,blocklist.de/all|blocklist.de/apache|blocklist.de/mail|ziyadnz/hourly-ipv4,blocklist.de|brute-force|apache|rfi|ddos|spam|mail|ziyadnz|hourly,2026-08-17T18:48:05Z,2026-08-17T18:48:05Z,
188.143.233.229,ipv4,attack,high,WHITE,blocklist.de/all|blocklist.de/apache|blocklist.de/mail|ziyadnz/hourly-ipv4,blocklist.de|brute-force|apache|rfi|ddos|spam|mail|ziyadnz|hourly,2026-08-17T18:48:05Z,2026-08-17T18:48:05Z,
188.143.233.230,ipv4,attack,high,WHITE,blocklist.de/all|blocklist.de/apache|blocklist.de/mail|ziyadnz/hourly-ipv4,blocklist.de|brute-force|apache|rfi|ddos|spam|mail|ziyadnz|hourly,2026-08-17T18:48:05Z,2026-08-17T18:48:05Z,
188.143.233.231,ipv4,attack,high,WHITE,blocklist.de/all|blocklist.de/apache|blocklist.de/mail|ziyadnz/hourly-ipv4,blocklist.de|brute-force|apache|rfi|ddos|spam|mail|ziyadnz|hourly,2026-08-17T18:48:05Z,2026-08-17T18:48:05Z,
188.143.233.232,ipv4,attack,high,WHITE,blocklist.de/all|blocklist.de/apache|blocklist.de/mail|ziyadnz/hourly-ipv4,blocklist.de|brute-force|apache|rfi|ddos|spam|mail|ziyadnz|hourly,2026-08-17T18:48:05Z,2026-08-17T18:48:05Z,
188.143.233.233,ipv4,attack,high,WHITE,blocklist.de/all|blocklist.de/apache|blocklist.de/mail|ziyadnz/hourly-ipv4,blocklist.de|brute-force|apache|rfi|ddos|spam|mail|ziyadnz|hourly,2026-08-17T18:48:05Z,2026-08-17T18:48:05Z,
188.143.233.234,ipv4,attack,high,WHITE,blocklist.de/all|blocklist.de/apache|blocklist.de/mail|ziyadnz/hourly-ipv4,blocklist.de|brute-force|apache|rfi|ddos|spam|mail|ziyadnz|hourly,2026-08-17T18:48:05Z,2026-08-17T18:48:05Z,
188.143.233.235,ipv4,attack,high,WHITE,blocklist.de/all|blocklist.de/apache|blocklist.de/mail|ziyadnz/hourly-ipv4,blocklist.de|brute-force|apache|rfi|ddos|spam|mail|ziyadnz|hourly,2026-08-17T18:48:05Z,2026-08-17T18:48:05Z,
188.143.233.236,ipv4,attack,high,WHITE,blocklist.de/all|blocklist.de/apache|blocklist.de/mail|ziyadnz/hourly-ipv4,blocklist.de|brute-force|apache|rfi|ddos|spam|mail|ziyadnz|hourly,2026-08-17T18:48:05Z,2026-08-17T18:48:05Z,
188.143.233.237,ipv4,attack,high,WHITE,blocklist.de/all|blocklist.de/apache|blocklist.de/mail|ziyadnz/hourly-ipv4,blocklist.de|brute-force|apache|rfi|ddos|spam|mail|ziyadnz|hourly,2026-08-17T18:48:05Z,2026-08-17T18:48:05Z,
188.143.233.238,ipv4,attack,high,WHITE,blocklist.de/all|blocklist.de/apache|blocklist.de/mail|ziyadnz/hourly-ipv4,blocklist.de|brute-force|apache|rfi|ddos|spam|mail|ziyadnz|hourly,2026-08-17T18:48:05Z,2026-08-17T18:48:05Z,
188.143.233.239,ipv4,attack,high,WHITE,blocklist.de/all|blocklist.de/apache|blocklist.de/mail|ziyadnz/hourly-ipv4,blocklist.de|brute-force|apache|rfi|ddos|spam|mail|ziyadnz|hourly,2026-08-17T18:48:05Z,2026-08-17T18:48:05Z,
188.143.233.240,ipv4,attack,high,WHITE,blocklist.de/all|blocklist.de/apache|blocklist.de/mail|ziyadnz/hourly-ipv4,blocklist.de|brute-force|apache|rfi|ddos|spam|mail|ziyadnz|hourly,2026-08-17T18:48:05Z,2026-08-17T18:48:05Z,
188.143.233.241,ipv4,attack,high,WHITE,blocklist.de/all|blocklist.de/apache|blocklist.de/mail|ziyadnz/hourly-ipv4,blocklist.de|brute-force|apache|rfi|ddos|spam|mail|ziyadnz|hourly,2026-08-17T18:48:05Z,2026-08-17T18:48:05Z,
188.143.233.242,ipv4,attack,high,WHITE,blocklist.de/all|blocklist.de/apache|blocklist.de/mail|ziyadnz/hourly-ipv4,blocklist.de|brute-force|apache|rfi|ddos|spam|mail|ziyadnz|hourly,2026-08-17T18:48:05Z,2026-08-17T18:48:05Z,
188.143.233.243,ipv4,attack,high,WHITE,blocklist.de/all|blocklist.de/apache|blocklist.de/mail|ziyadnz/hourly-ipv4,blocklist.de|brute-force|apache|rfi|ddos|spam|mail|ziyadnz|hourly,2026-08-17T18:48:05Z,2026-08-17T18:48:05Z,
188.143.233.244,ipv4,attack,high,WHITE,blocklist.de/all|blocklist.de/apache|blocklist.de/mail|ziyadnz/hourly-ipv4,blocklist.de|brute-force|apache|rfi|ddos|spam|mail|ziyadnz|hourly,2026-08-17T18:48:05Z,2026-08-17T18:48:05Z,
188.143.233.245,ipv4,attack,high,WHITE,blocklist.de/all|blocklist.de/apache|blocklist.de/mail|ziyadnz/hourly-ipv4,blocklist.de|brute-force|apache|rfi|ddos|spam|mail|ziyadnz|hourly,2026-08-17T18:48:05Z,2026-08-17T18:48:05Z,
188.143.233.246,ipv4,attack,high,WHITE,blocklist.de/all|blocklist.de/apache|blocklist.de/mail|ziyadnz/hourly-ipv4,blocklist.de|brute-force|apache|rfi|ddos|spam|mail|ziyadnz|hourly,2026-08-17T18:48:05Z,2026-08-17T18:48:05Z,
188.143.233.247,ipv4,attack,high,WHITE,blocklist.de/all|blocklist.de/apache|blocklist.de/mail|ziyadnz/hourly-ipv4,blocklist.de|brute-force|apache|rfi|ddos|spam|mail|ziyadnz|hourly,2026-08-17T18:48:05Z,2026-08-17T18:48:05Z,
188.143.233.248,ipv4,attack,high,WHITE,blocklist.de/all|blocklist.de/apache|blocklist.de/mail|ziyadnz/hourly-ipv4,blocklist.de|brute-force|apache|rfi|ddos|spam|mail|ziyadnz|hourly,2026-08-17T18:48:05Z,2026-08-17T18:48:05Z,
188.143.233.249,ipv4,attack,high,WHITE,blocklist.de/all|blocklist.de/apache|blocklist.de/mail|ziyadnz/hourly-ipv4,blocklist.de|brute-force|apache|rfi|ddos|spam|mail|ziyadnz|hourly,2026-08-17T18:48:05Z,2026-08-17T18:48:05Z,
188.143.233.250,ipv4,attack,high,WHITE,blocklist.de/all|blocklist.de/apache|blocklist.de/mail|ziyadnz/hourly-ipv4,blocklist.de|brute-force|apache|rfi|ddos|spam|mail|ziyadnz|hourly,2026-08-17T18:48:05Z,2026-08-17T18:48:05Z,
188.143.233.251,ipv4,attack,high,WHITE,blocklist.de/all|blocklist.de/apache|blocklist.de/mail|ziyadnz/hourly-ipv4,blocklist.de|brute-force|apache|rfi|ddos|spam|mail|ziyadnz|hourly,2026-08-17T18:48:05Z,2026-08-17T18:48:05Z,
188.143.233.252,ipv4,attack,high,WHITE,blocklist.de/all|blocklist.de/apache|blocklist.de/mail|ziyadnz/hourly-ipv4,blocklist.de|brute-force|apache|rfi|ddos|spam|mail|ziyadnz|hourly,2026-08-17T18:48:05Z,2026-08-17T18:48:05Z,
188.143.233.253,ipv4,attack,high,WHITE,blocklist.de/all|blocklist.de/apache|blocklist.de/mail|ziyadnz/hourly-ipv4,blocklist.de|brute-force|apache|rfi|ddos|spam|mail|ziyadnz|hourly,2026-08-17T18:48:05Z,2026-08-17T18:48:05Z,
188.143.233.254,ipv4,attack,high,WHITE,blocklist.de/all|blocklist.de/apache|blocklist.de/mail|ziyadnz/hourly-ipv4,blocklist.de|brute-force|apache|rfi|ddos|spam|mail|ziyadnz|hourly,2026-08-17T18:48:05Z,2026-08-17T18:48:05Z,
188.143.233.255,ipv4,attack,high,WHITE,blocklist.de/all|blocklist.de/apache|blocklist.de/mail|ziyadnz/hourly-ipv4,blocklist.de|brute-force|apache|rfi|ddos|spam|mail|ziyadnz|hourly,2026-08-17T18:48:05Z,2026-08-17T18:48:05Z,
178.137.16.0,ipv4,attack,high,WHITE,blocklist.de/all|blocklist.de/apache|blocklist.de/mail|ziyadnz/hourly-ipv4,blocklist.de|brute-force|apache|rfi|ddos|spam|mail|ziyadnz|hourly,2026-08-17T18:48:05Z,2026-08-17T18:48:05Z,
178.137.16.1,ipv4,attack,high,WHITE,blocklist.de/all|blocklist.de/apache|blocklist.de/mail|ziyadnz/hourly-ipv4,blocklist.de|brute-force|apache|rfi|ddos|spam|mail|ziyadnz|hourly,2026-08-17T18:48:05Z,2026-08-17T18:48:05Z,
178.137.16.2,ipv4,attack,high,WHITE,blocklist.de/all|blocklist.de/apache|blocklist.de/mail|ziyadnz/hourly-ipv4,blocklist.de|brute-force|apache|rfi|ddos|spam|mail|ziyadnz|hourly,2026-08-17T18:48:05Z,2026-08-17T18:48:05Z,
178.137.16.3,ipv4,attack,high,WHITE,blocklist.de/all|blocklist.de/apache|blocklist.de/mail|ziyadnz/hourly-ipv4,blocklist.de|brute-force|apache|rfi|ddos|spam|mail|ziyadnz|hourly,2026-08-17T18:48:05Z,2026-08-17T18:48:05Z,
178.137.16.4,ipv4,attack,high,WHITE,blocklist.de/all|blocklist.de/apache|blocklist.de/mail|ziyadnz/hourly-ipv4,blocklist.de|brute-force|apache|rfi|ddos|spam|mail|ziyadnz|hourly,2026-08-17T18:48:05Z,2026-08-17T18:48:05Z,
178.137.16.5,ipv4,attack,high,WHITE,blocklist.de/all|blocklist.de/apache|blocklist.de/mail|ziyadnz/hourly-ipv4,blocklist.de|brute-force|apache|rfi|ddos|spam|mail|ziyadnz|hourly,2026-08-17T18:48:05Z,2026-08-17T18:48:05Z,
178.137.16.6,ipv4,attack,high,WHITE,blocklist.de/all|blocklist.de/apache|blocklist.de/mail|ziyadnz/hourly-ipv4,blocklist.de|brute-force|apache|rfi|ddos|spam|mail|ziyadnz|hourly,2026-08-17T18:48:05Z,2026-08-17T18:48:05Z,
178.137.16.7,ipv4,attack,high,WHITE,blocklist.de/all|blocklist.de/apache|blocklist.de/mail|ziyadnz/hourly-ipv4,blocklist.de|brute-force|apache|rfi|ddos|spam|mail|ziyadnz|hourly,2026-08-17T18:48:05Z,2026-08-17T18:48:05Z,
178.137.16.8,ipv4,attack,high,WHITE,blocklist.de/all|blocklist.de/apache|blocklist.de/mail|ziyadnz/hourly-ipv4,blocklist.de|brute-force|apache|rfi|ddos|spam|mail|ziyadnz|hourly,2026-08-17T18:48:05Z,2026-08-17T18:48:05Z,
178.137.16.9,ipv4,attack,high,WHITE,blocklist.de/all|blocklist.de/apache|blocklist.de/mail|ziyadnz/hourly-ipv4,blocklist.de|brute-force|apache|rfi|ddos|spam|mail|ziyadnz|hourly,2026-08-17T18:48:05Z,2026-08-17T18:48:05Z,
178.137.16.10,ipv4,attack,high,WHITE,blocklist.de/all|blocklist.de/apache|blocklist.de/mail|ziyadnz/hourly-ipv4,blocklist.de|brute-force|apache|rfi|ddos|spam|mail|ziyadnz|hourly,2026-08-17T18:48:05Z,2026-08-17T18:48:05Z,
178.137.16.11,ipv4,attack,high,WHITE,blocklist.de/all|blocklist.de/apache|blocklist.de/mail|ziyadnz/hourly-ipv4,blocklist.de|brute-force|apache|rfi|ddos|spam|mail|ziyadnz|hourly,2026-08-17T18:48:05Z,2026-08-17T18:48:05Z,
178.137.16.12,ipv4,attack,high,WHITE,blocklist.de/all|blocklist.de/apache|blocklist.de/mail|ziyadnz/hourly-ipv4,blocklist.de|brute-force|apache|rfi|ddos|spam|mail|ziyadnz|hourly,2026-08-17T18:48:05Z,2026-08-17T18:48:05Z,
178.137.16.13,ipv4,attack,high,WHITE,blocklist.de/all|blocklist.de/apache|blocklist.de/mail|ziyadnz/hourly-ipv4,blocklist.de|brute-force|apache|rfi|ddos|spam|mail|ziyadnz|hourly,2026-08-17T18:48:05Z,2026-08-17T18:48:05Z,
178.137.16.14,ipv4,attack,high,WHITE,blocklist.de/all|blocklist.de/apache|blocklist.de/mail|ziyadnz/hourly-ipv4,blocklist.de|brute-force|apache|rfi|ddos|spam|mail|ziyadnz|hourly,2026-08-17T18:48:05Z,2026-08-17T18:48:05Z,
178.137.16.15,ipv4,attack,high,WHITE,blocklist.de/all|blocklist.de/apache|blocklist.de/mail|ziyadnz/hourly-ipv4,blocklist.de|brute-force|apache|rfi|ddos|spam|mail|ziyadnz|hourly,2026-08-17T18:48:05Z,2026-08-17T18:48:05Z,
178.137.16.16,ipv4,attack,high,WHITE,blocklist.de/all|blocklist.de/apache|blocklist.de/mail|ziyadnz/hourly-ipv4,blocklist.de|brute-force|apache|rfi|ddos|spam|mail|ziyadnz|hourly,2026-08-17T18:48:05Z,2026-08-17T18:48:05Z,
178.137.16.17,ipv4,attack,high,WHITE,blocklist.de/all|blocklist.de/apache|blocklist.de/mail|ziyadnz/hourly-ipv4,blocklist.de|brute-force|apache|rfi|ddos|spam|mail|ziyadnz|hourly,2026-08-17T18:48:05Z,2026-08-17T18:48:05Z,
178.137.16.18,ipv4,attack,high,WHITE,blocklist.de/all|blocklist.de/apache|blocklist.de/mail|ziyadnz/hourly-ipv4,blocklist.de|brute-force|apache|rfi|ddos|spam|mail|ziyadnz|hourly,2026-08-17T18:48:05Z,2026-08-17T18:48:05Z,
178.137.16.19,ipv4,attack,high,WHITE,blocklist.de/all|blocklist.de/apache|blocklist.de/mail|ziyadnz/hourly-ipv4,blocklist.de|brute-force|apache|rfi|ddos|spam|mail|ziyadnz|hourly,2026-08-17T18:48:05Z,2026-08-17T18:48:05Z,
178.137.16.20,ipv4,attack,high,WHITE,blocklist.de/all|blocklist.de/apache|blocklist.de/mail|ziyadnz/hourly-ipv4,blocklist.de|brute-force|apache|rfi|ddos|spam|mail|ziyadnz|hourly,2026-08-17T18:48:05Z,2026-08-17T18:48:05Z,
178.137.16.21,ipv4,attack,high,WHITE,blocklist.de/all|blocklist.de/apache|blocklist.de/mail|ziyadnz/hourly-ipv4,blocklist.de|brute-force|apache|rfi|ddos|spam|mail|ziyadnz|hourly,2026-08-17T18:48:05Z,2026-08-17T18:48:05Z,
178.137.16.22,ipv4,attack,high,WHITE,blocklist.de/all|blocklist.de/apache|blocklist.de/mail|ziyadnz/hourly-ipv4,blocklist.de|brute-force|apache|rfi|ddos|spam|mail|ziyadnz|hourly,2026-08-17T18:48:05Z,2026-08-17T18:48:05Z,
178.137.16.23,ipv4,attack,high,WHITE,blocklist.de/all|blocklist.de/apache|blocklist.de/mail|ziyadnz/hourly-ipv4,blocklist.de|brute-force|apache|rfi|ddos|spam|mail|ziyadnz|hourly,2026-08-17T18:48:05Z,2026-08-17T18:48:05Z,
178.137.16.24,ipv4,attack,high,WHITE,blocklist.de/all|blocklist.de/apache|blocklist.de/mail|ziyadnz/hourly-ipv4,blocklist.de|brute-force|apache|rfi|ddos|spam|mail|ziyadnz|hourly,2026-08-17T18:48:05Z,2026-08-17T18:48:05Z,
178.137.16.25,ipv4,attack,high,WHITE,blocklist.de/all|blocklist.de/apache|blocklist.de/mail|ziyadnz/hourly-ipv4,blocklist.de|brute-force|apache|rfi|ddos|spam|mail|ziyadnz|hourly,2026-08-17T18:48:05Z,2026-08-17T18:48:05Z,
178.137.16.26,ipv4,attack,high,WHITE,blocklist.de/all|blocklist.de/apache|blocklist.de/mail|ziyadnz/hourly-ipv4,blocklist.de|brute-force|apache|rfi|ddos|spam|mail|ziyadnz|hourly,2026-08-17T18:48:05Z,2026-08-17T18:48:05Z,
178.137.16.27,ipv4,attack,high,WHITE,blocklist.de/all|blocklist.de/apache|blocklist.de/mail|ziyadnz/hourly-ipv4,blocklist.de|brute-force|apache|rfi|ddos|spam|mail|ziyadnz|hourly,2026-08-17T18:48:05Z,2026-08-17T18:48:05Z,
178.137.16.28,ipv4,attack,high,WHITE,blocklist.de/all|blocklist.de/apache|blocklist.de/mail|ziyadnz/hourly-ipv4,blocklist.de|brute-force|apache|rfi|ddos|spam|mail|ziyadnz|hourly,2026-08-17T18:48:05Z,2026-08-17T18:48:05Z,
178.137.16.29,ipv4,attack,high,WHITE,blocklist.de/all|blocklist.de/apache|blocklist.de/mail|ziyadnz/hourly-ipv4,blocklist.de|brute-force|apache|rfi|ddos|spam|mail|ziyadnz|hourly,2026-08-17T18:48:05Z,2026-08-17T18:48:05Z,
178.137.16.30,ipv4,attack,high,WHITE,blocklist.de/all|blocklist.de/apache|blocklist.de/mail|ziyadnz/hourly-ipv4,blocklist.de|brute-force|apache|rfi|ddos|spam|mail|ziyadnz|hourly,2026-08-17T18:48:05Z,2026-08-17T18:48:05Z,
178.137.16.31,ipv4,attack,high,WHITE,blocklist.de/all|blocklist.de/apache|blocklist.de/mail|ziyadnz/hourly-ipv4,blocklist.de|brute-force|apache|rfi|ddos|spam|mail|ziyadnz|hourly,2026-08-17T18:48:05Z,2026-08-17T18:48:05Z,
178.137.16.32,ipv4,attack,high,WHITE,blocklist.de/all|blocklist.de/apache|blocklist.de/mail|ziyadnz/hourly-ipv4,blocklist.de|brute-force|apache|rfi|ddos|spam|mail|ziyadnz|hourly,2026-08-17T18:48:05Z,2026-08-17T18:48:05Z,
178.137.16.33,ipv4,attack,high,WHITE,blocklist.de/all|blocklist.de/apache|blocklist.de/mail|ziyadnz/hourly-ipv4,blocklist.de|brute-force|apache|rfi|ddos|spam|mail|ziyadnz|hourly,2026-08-17T18:48:05Z,2026-08-17T18:48:05Z,
178.137.16.34,ipv4,attack,high,WHITE,blocklist.de/all|blocklist.de/apache|blocklist.de/mail|ziyadnz/hourly-ipv4,blocklist.de|brute-force|apache|rfi|ddos|spam|mail|ziyadnz|hourly,2026-08-17T18:48:05Z,2026-08-17T18:48:05Z,
178.137.16.35,ipv4,attack,high,WHITE,blocklist.de/all|blocklist.de/apache|blocklist.de/mail|ziyadnz/hourly-ipv4,blocklist.de|brute-force|apache|rfi|ddos|spam|mail|ziyadnz|hourly,2026-08-17T18:48:05Z,2026-08-17T18:48:05Z,
178.137.16.36,ipv4,attack,high,WHITE,blocklist.de/all|blocklist.de/apache|blocklist.de/mail|ziyadnz/hourly-ipv4,blocklist.de|brute-force|apache|rfi|ddos|spam|mail|ziyadnz|hourly,2026-08-17T18:48:05Z,2026-08-17T18:48:05Z,
178.137.16.37,ipv4,attack,high,WHITE,blocklist.de/all|blocklist.de/apache|blocklist.de/mail|ziyadnz/hourly-ipv4,blocklist.de|brute-force|apache|rfi|ddos|spam|mail|ziyadnz|hourly,2026-08-17T18:48:05Z,2026-08-17T18:48:05Z,
178.137.16.38,ipv4,attack,high,WHITE,blocklist.de/all|blocklist.de/apache|blocklist.de/mail|ziyadnz/hourly-ipv4,blocklist.de|brute-force|apache|rfi|ddos|spam|mail|ziyadnz|hourly,2026-08-17T18:48:05Z,2026-08-17T18:48:05Z,
178.137.16.39,ipv4,attack,high,WHITE,blocklist.de/all|blocklist.de/apache|blocklist.de/mail|ziyadnz/hourly-ipv4,blocklist.de|brute-force|apache|rfi|ddos|spam|mail|ziyadnz|hourly,2026-08-17T18:48:05Z,2026-08-17T18:48:05Z,
178.137.16.40,ipv4,attack,high,WHITE,blocklist.de/all|blocklist.de/apache|blocklist.de/mail|ziyadnz/hourly-ipv4,blocklist.de|brute-force|apache|rfi|ddos|spam|mail|ziyadnz|hourly,2026-08-17T18:48:05Z,2026-08-17T18:48:05Z,
178.137.16.41,ipv4,attack,high,WHITE,blocklist.de/all|blocklist.de/apache|blocklist.de/mail|ziyadnz/hourly-ipv4,blocklist.de|brute-force|apache|rfi|ddos|spam|mail|ziyadnz|hourly,2026-08-17T18:48:05Z,2026-08-17T18:48:05Z,
178.137.16.42,ipv4,attack,high,WHITE,blocklist.de/all|blocklist.de/apache|blocklist.de/mail|ziyadnz/hourly-ipv4,blocklist.de|brute-force|apache|rfi|ddos|spam|mail|ziyadnz|hourly,2026-08-17T18:48:05Z,2026-08-17T18:48:05Z,
178.137.16.43,ipv4,attack,high,WHITE,blocklist.de/all|blocklist.de/apache|blocklist.de/mail|ziyadnz/hourly-ipv4,blocklist.de|brute-force|apache|rfi|ddos|spam|mail|ziyadnz|hourly,2026-08-17T18:48:05Z,2026-08-17T18:48:05Z,
178.137.16.44,ipv4,attack,high,WHITE,blocklist.de/all|blocklist.de/apache|blocklist.de/mail|ziyadnz/hourly-ipv4,blocklist.de|brute-force|apache|rfi|ddos|spam|mail|ziyadnz|hourly,2026-08-17T18:48:05Z,2026-08-17T18:48:05Z,
178.137.16.45,ipv4,attack,high,WHITE,blocklist.de/all|blocklist.de/apache|blocklist.de/mail|ziyadnz/hourly-ipv4,blocklist.de|brute-force|apache|rfi|ddos|spam|mail|ziyadnz|hourly,2026-08-17T18:48:05Z,2026-08-17T18:48:05Z,
178.137.16.46,ipv4,attack,high,WHITE,blocklist.de/all|blocklist.de/apache|blocklist.de/mail|ziyadnz/hourly-ipv4,blocklist.de|brute-force|apache|rfi|ddos|spam|mail|ziyadnz|hourly,2026-08-17T18:48:05Z,2026-08-17T18:48:05Z,
178.137.16.47,ipv4,attack,high,WHITE,blocklist.de/all|blocklist.de/apache|blocklist.de/mail|ziyadnz/hourly-ipv4,blocklist.de|brute-force|apache|rfi|ddos|spam|mail|ziyadnz|hourly,2026-08-17T18:48:05Z,2026-08-17T18:48:05Z,
178.137.16.48,ipv4,attack,high,WHITE,blocklist.de/all|blocklist.de/apache|blocklist.de/mail|ziyadnz/hourly-ipv4,blocklist.de|brute-force|apache|rfi|ddos|spam|mail|ziyadnz|hourly,2026-08-17T18:48:05Z,2026-08-17T18:48:05Z,
178.137.16.49,ipv4,attack,high,WHITE,blocklist.de/all|blocklist.de/apache|blocklist.de/mail|ziyadnz/hourly-ipv4,blocklist.de|brute-force|apache|rfi|ddos|spam|mail|ziyadnz|hourly,2026-08-17T18:48:05Z,2026-08-17T18:48:05Z,
178.137.16.50,ipv4,attack,high,WHITE,blocklist.de/all|blocklist.de/apache|blocklist.de/mail|ziyadnz/hourly-ipv4,blocklist.de|brute-force|apache|rfi|ddos|spam|mail|ziyadnz|hourly,2026-08-17T18:48:05Z,2026-08-17T18:48:05Z,
178.137.16.51,ipv4,attack,high,WHITE,blocklist.de/all|blocklist.de/apache|blocklist.de/mail|ziyadnz/hourly-ipv4,blocklist.de|brute-force|apache|rfi|ddos|spam|mail|ziyadnz|hourly,2026-08-17T18:48:05Z,2026-08-17T18:48:05Z,
178.137.16.52,ipv4,attack,high,WHITE,blocklist.de/all|blocklist.de/apache|blocklist.de/mail|ziyadnz/hourly-ipv4,blocklist.de|brute-force|apache|rfi|ddos|spam|mail|ziyadnz|hourly,2026-08-17T18:48:05Z,2026-08-17T18:48:05Z,
178.137.16.53,ipv4,attack,high,WHITE,blocklist.de/all|blocklist.de/apache|blocklist.de/mail|ziyadnz/hourly-ipv4,blocklist.de|brute-force|apache|rfi|ddos|spam|mail|ziyadnz|hourly,2026-08-17T18:48:05Z,2026-08-17T18:48:05Z,
178.137.16.54,ipv4,attack,high,WHITE,blocklist.de/all|blocklist.de/apache|blocklist.de/mail|ziyadnz/hourly-ipv4,blocklist.de|brute-force|apache|rfi|ddos|spam|mail|ziyadnz|hourly,2026-08-17T18:48:05Z,2026-08-17T18:48:05Z,
178.137.16.55,ipv4,attack,high,WHITE,blocklist.de/all|blocklist.de/apache|blocklist.de/mail|ziyadnz/hourly-ipv4,blocklist.de|brute-force|apache|rfi|ddos|spam|mail|ziyadnz|hourly,2026-08-17T18:48:05Z,2026-08-17T18:48:05Z,
178.137.16.56,ipv4,attack,high,WHITE,blocklist.de/all|blocklist.de/apache|blocklist.de/mail|ziyadnz/hourly-ipv4,blocklist.de|brute-force|apache|rfi|ddos|spam|mail|ziyadnz|hourly,2026-08-17T18:48:05Z,2026-08-17T18:48:05Z,
178.137.16.57,ipv4,attack,high,WHITE,blocklist.de/all|blocklist.de/apache|blocklist.de/mail|ziyadnz/hourly-ipv4,blocklist.de|brute-force|apache|rfi|ddos|spam|mail|ziyadnz|hourly,2026-08-17T18:48:05Z,2026-08-17T18:48:05Z,
178.137.16.58,ipv4,attack,high,WHITE,blocklist.de/all|blocklist.de/apache|blocklist.de/mail|ziyadnz/hourly-ipv4,blocklist.de|brute-force|apache|rfi|ddos|spam|mail|ziyadnz|hourly,2026-08-17T18:48:05Z,2026-08-17T18:48:05Z,
178.137.16.59,ipv4,attack,high,WHITE,blocklist.de/all|blocklist.de/apache|blocklist.de/mail|ziyadnz/hourly-ipv4,blocklist.de|brute-force|apache|rfi|ddos|spam|mail|ziyadnz|hourly,2026-08-17T18:48:05Z,2026-08-17T18:48:05Z,
178.137.16.60,ipv4,attack,high,WHITE,blocklist.de/all|blocklist.de/apache|blocklist.de/mail|ziyadnz/hourly-ipv4,blocklist.de|brute-force|apache|rfi|ddos|spam|mail|ziyadnz|hourly,2026-08-17T18:48:05Z,2026-08-17T18:48:05Z,
178.137.16.61,ipv4,attack,high,WHITE,blocklist.de/all|blocklist.de/apache|blocklist.de/mail|ziyadnz/hourly-ipv4,blocklist.de|brute-force|apache|rfi|ddos|spam|mail|ziyadnz|hourly,2026-08-17T18:48:05Z,2026-08-17T18:48:05Z,
178.137.16.62,ipv4,attack,high,WHITE,blocklist.de/all|blocklist.de/apache|blocklist.de/mail|ziyadnz/hourly-ipv4,blocklist.de|brute-force|apache|rfi|ddos|spam|mail|ziyadnz|hourly,2026-08-17T18:48:05Z,2026-08-17T18:48:05Z,
178.137.16.63,ipv4,attack,high,WHITE,blocklist.de/all|blocklist.de/apache|blocklist.de/mail|ziyadnz/hourly-ipv4,blocklist.de|brute-force|apache|rfi|ddos|spam|mail|ziyadnz|hourly,2026-08-17T18:48:05Z,2026-08-17T18:48:05Z,
178.137.16.64,ipv4,attack,high,WHITE,blocklist.de/all|blocklist.de/apache|blocklist.de/mail|ziyadnz/hourly-ipv4,blocklist.de|brute-force|apache|rfi|ddos|spam|mail|ziyadnz|hourly,2026-08-17T18:48:05Z,2026-08-17T18:48:05Z,
178.137.16.65,ipv4,attack,high,WHITE,blocklist.de/all|blocklist.de/apache|blocklist.de/mail|ziyadnz/hourly-ipv4,blocklist.de|brute-force|apache|rfi|ddos|spam|mail|ziyadnz|hourly,2026-08-17T18:48:05Z,2026-08-17T18:48:05Z,
178.137.16.66,ipv4,attack,high,WHITE,blocklist.de/all|blocklist.de/apache|blocklist.de/mail|ziyadnz/hourly-ipv4,blocklist.de|brute-force|apache|rfi|ddos|spam|mail|ziyadnz|hourly,2026-08-17T18:48:05Z,2026-08-17T18:48:05Z,
178.137.16.67,ipv4,attack,high,WHITE,blocklist.de/all|blocklist.de/apache|blocklist.de/mail|ziyadnz/hourly-ipv4,blocklist.de|brute-force|apache|rfi|ddos|spam|mail|ziyadnz|hourly,2026-08-17T18:48:05Z,2026-08-17T18:48:05Z,
178.137.16.68,ipv4,attack,high,WHITE,blocklist.de/all|blocklist.de/apache|blocklist.de/mail|ziyadnz/hourly-ipv4,blocklist.de|brute-force|apache|rfi|ddos|spam|mail|ziyadnz|hourly,2026-08-17T18:48:05Z,2026-08-17T18:48:05Z,
178.137.16.69,ipv4,attack,high,WHITE,blocklist.de/all|blocklist.de/apache|blocklist.de/mail|ziyadnz/hourly-ipv4,blocklist.de|brute-force|apache|rfi|ddos|spam|mail|ziyadnz|hourly,2026-08-17T18:48:05Z,2026-08-17T18:48:05Z,
178.137.16.70,ipv4,attack,high,WHITE,blocklist.de/all|blocklist.de/apache|blocklist.de/mail|ziyadnz/hourly-ipv4,blocklist.de|brute-force|apache|rfi|ddos|spam|mail|ziyadnz|hourly,2026-08-17T18:48:05Z,2026-08-17T18:48:05Z,
178.137.16.71,ipv4,attack,high,WHITE,blocklist.de/all|blocklist.de/apache|blocklist.de/mail|ziyadnz/hourly-ipv4,blocklist.de|brute-force|apache|rfi|ddos|spam|mail|ziyadnz|hourly,2026-08-17T18:48:05Z,2026-08-17T18:48:05Z,
178.137.16.72,ipv4,attack,high,WHITE,blocklist.de/all|blocklist.de/apache|blocklist.de/mail|ziyadnz/hourly-ipv4,blocklist.de|brute-force|apache|rfi|ddos|spam|mail|ziyadnz|hourly,2026-08-17T18:48:05Z,2026-08-17T18:48:05Z,
178.137.16.73,ipv4,attack,high,WHITE,blocklist.de/all|blocklist.de/apache|blocklist.de/mail|ziyadnz/hourly-ipv4,blocklist.de|brute-force|apache|rfi|ddos|spam|mail|ziyadnz|hourly,2026-08-17T18:48:05Z,2026-08-17T18:48:05Z,
178.137.16.74,ipv4,attack,high,WHITE,blocklist.de/all|blocklist.de/apache|blocklist.de/mail|ziyadnz/hourly-ipv4,blocklist.de|brute-force|apache|rfi|ddos|spam|mail|ziyadnz|hourly,2026-08-17T18:48:05Z,2026-08-17T18:48:05Z,
178.137.16.75,ipv4,attack,high,WHITE,blocklist.de/all|blocklist.de/apache|blocklist.de/mail|ziyadnz/hourly-ipv4,blocklist.de|brute-force|apache|rfi|ddos|spam|mail|ziyadnz|hourly,2026-08-17T18:48:05Z,2026-08-17T18:48:05Z,
178.137.16.76,ipv4,attack,high,WHITE,blocklist.de/all|blocklist.de/apache|blocklist.de/mail|ziyadnz/hourly-ipv4,blocklist.de|brute-force|apache|rfi|ddos|spam|mail|ziyadnz|hourly,2026-08-17T18:48:05Z,2026-08-17T18:48:05Z,
178.137.16.77,ipv4,attack,high,WHITE,blocklist.de/all|blocklist.de/apache|blocklist.de/mail|ziyadnz/hourly-ipv4,blocklist.de|brute-force|apache|rfi|ddos|spam|mail|ziyadnz|hourly,2026-08-17T18:48:05Z,2026-08-17T18:48:05Z,
178.137.16.78,ipv4,attack,high,WHITE,blocklist.de/all|blocklist.de/apache|blocklist.de/mail|ziyadnz/hourly-ipv4,blocklist.de|brute-force|apache|rfi|ddos|spam|mail|ziyadnz|hourly,2026-08-17T18:48:05Z,2026-08-17T18:48:05Z,
178.137.16.79,ipv4,attack,high,WHITE,blocklist.de/all|blocklist.de/apache|blocklist.de/mail|ziyadnz/hourly-ipv4,blocklist.de|brute-force|apache|rfi|ddos|spam|mail|ziyadnz|hourly,2026-08-17T18:48:05Z,2026-08-17T18:48:05Z,
178.137.16.80,ipv4,attack,high,WHITE,blocklist.de/all|blocklist.de/apache|blocklist.de/mail|ziyadnz/hourly-ipv4,blocklist.de|brute-force|apache|rfi|ddos|spam|mail|ziyadnz|hourly,2026-08-17T18:48:05Z,2026-08-17T18:48:05Z,
178.137.16.81,ipv4,attack,high,WHITE,blocklist.de/all|blocklist.de/apache|blocklist.de/mail|ziyadnz/hourly-ipv4,blocklist.de|brute-force|apache|rfi|ddos|spam|mail|ziyadnz|hourly,2026-08-17T18:48:05Z,2026-08-17T18:48:05Z,
178.137.16.82,ipv4,attack,high,WHITE,blocklist.de/all|blocklist.de/apache|blocklist.de/mail|ziyadnz/hourly-ipv4,blocklist.de|brute-force|apache|rfi|ddos|spam|mail|ziyadnz|hourly,2026-08-17T18:48:05Z,2026-08-17T18:48:05Z,
178.137.16.83,ipv4,attack,high,WHITE,blocklist.de/all|blocklist.de/apache|blocklist.de/mail|ziyadnz/hourly-ipv4,blocklist.de|brute-force|apache|rfi|ddos|spam|mail|ziyadnz|hourly,2026-08-17T18:48:05Z,2026-08-17T18:48:05Z,
178.137.16.84,ipv4,attack,high,WHITE,blocklist.de/all|blocklist.de/apache|blocklist.de/mail|ziyadnz/hourly-ipv4,blocklist.de|brute-force|apache|rfi|ddos|spam|mail|ziyadnz|hourly,2026-08-17T18:48:05Z,2026-08-17T18:48:05Z,
178.137.16.85,ipv4,attack,high,WHITE,blocklist.de/all|blocklist.de/apache|blocklist.de/mail|ziyadnz/hourly-ipv4,blocklist.de|brute-force|apache|rfi|ddos|spam|mail|ziyadnz|hourly,2026-08-17T18:48:05Z,2026-08-17T18:48:05Z,
178.137.16.86,ipv4,attack,high,WHITE,blocklist.de/all|blocklist.de/apache|blocklist.de/mail|ziyadnz/hourly-ipv4,blocklist.de|brute-force|apache|rfi|ddos|spam|mail|ziyadnz|hourly,2026-08-17T18:48:05Z,2026-08-17T18:48:05Z,
178.137.16.87,ipv4,attack,high,WHITE,blocklist.de/all|blocklist.de/apache|blocklist.de/mail|ziyadnz/hourly-ipv4,blocklist.de|brute-force|apache|rfi|ddos|spam|mail|ziyadnz|hourly,2026-08-17T18:48:05Z,2026-08-17T18:48:05Z,
178.137.16.88,ipv4,attack,high,WHITE,blocklist.de/all|blocklist.de/apache|blocklist.de/mail|ziyadnz/hourly-ipv4,blocklist.de|brute-force|apache|rfi|ddos|spam|mail|ziyadnz|hourly,2026-08-17T18:48:05Z,2026-08-17T18:48:05Z,
178.137.16.89,ipv4,attack,high,WHITE,blocklist.de/all|blocklist.de/apache|blocklist.de/mail|ziyadnz/hourly-ipv4,blocklist.de|brute-force|apache|rfi|ddos|spam|mail|ziyadnz|hourly,2026-08-17T18:48:05Z,2026-08-17T18:48:05Z,
178.137.16.90,ipv4,attack,high,WHITE,blocklist.de/all|blocklist.de/apache|blocklist.de/mail|ziyadnz/hourly-ipv4,blocklist.de|brute-force|apache|rfi|ddos|spam|mail|ziyadnz|hourly,2026-08-17T18:48:05Z,2026-08-17T18:48:05Z,
178.137.16.91,ipv4,attack,high,WHITE,blocklist.de/all|blocklist.de/apache|blocklist.de/mail|ziyadnz/hourly-ipv4,blocklist.de|brute-force|apache|rfi|ddos|spam|mail|ziyadnz|hourly,2026-08-17T18:48:05Z,2026-08-17T18:48:05Z,
178.137.16.92,ipv4,attack,high,WHITE,blocklist.de/all|blocklist.de/apache|blocklist.de/mail|ziyadnz/hourly-ipv4,blocklist.de|brute-force|apache|rfi|ddos|spam|mail|ziyadnz|hourly,2026-08-17T18:48:05Z,2026-08-17T18:48:05Z,
178.137.16.93,ipv4,attack,high,WHITE,blocklist.de/all|blocklist.de/apache|blocklist.de/mail|ziyadnz/hourly-ipv4,blocklist.de|brute-force|apache|rfi|ddos|spam|mail|ziyadnz|hourly,2026-08-17T18:48:05Z,2026-08-17T18:48:05Z,
178.137.16.94,ipv4,attack,high,WHITE,blocklist.de/all|blocklist.de/apache|blocklist.de/mail|ziyadnz/hourly-ipv4,blocklist.de|brute-force|apache|rfi|ddos|spam|mail|ziyadnz|hourly,2026-08-17T18:48:05Z,2026-08-17T18:48:05Z,
178.137.16.95,ipv4,attack,high,WHITE,blocklist.de/all|blocklist.de/apache|blocklist.de/mail|ziyadnz/hourly-ipv4,blocklist.de|brute-force|apache|rfi|ddos|spam|mail|ziyadnz|hourly,2026-08-17T18:48:05Z,2026-08-17T18:48:05Z,
178.137.16.96,ipv4,attack,high,WHITE,blocklist.de/all|blocklist.de/apache|blocklist.de/mail|ziyadnz/hourly-ipv4,blocklist.de|brute-force|apache|rfi|ddos|spam|mail|ziyadnz|hourly,2026-08-17T18:48:05Z,2026-08-17T18:48:05Z,
178.137.16.97,ipv4,attack,high,WHITE,blocklist.de/all|blocklist.de/apache|blocklist.de/mail|ziyadnz/hourly-ipv4,blocklist.de|brute-force|apache|rfi|ddos|spam|mail|ziyadnz|hourly,2026-08-17T18:48:05Z,2026-08-17T18:48:05Z,
178.137.16.98,ipv4,attack,high,WHITE,blocklist.de/all|blocklist.de/apache|blocklist.de/mail|ziyadnz/hourly-ipv4,blocklist.de|brute-force|apache|rfi|ddos|spam|mail|ziyadnz|hourly,2026-08-17T18:48:05Z,2026-08-17T18:48:05Z,
178.137.16.99,ipv4,attack,high,WHITE,blocklist.de/all|blocklist.de/apache|blocklist.de/mail|ziyadnz/hourly-ipv4,blocklist.de|brute-force|apache|rfi|ddos|spam|mail|ziyadnz|hourly,2026-08-17T18:48:05Z,2026-08-17T18:48:05Z,
178.137.16.100,ipv4,attack,high,WHITE,blocklist.de/all|blocklist.de/apache|blocklist.de/mail|ziyadnz/hourly-ipv4,blocklist.de|brute-force|apache|rfi|ddos|spam|mail|ziyadnz|hourly,2026-08-17T18:48:05Z,2026-08-17T18:48:05Z,
178.137.16.101,ipv4,attack,high,WHITE,blocklist.de/all|blocklist.de/apache|blocklist.de/mail|ziyadnz/hourly-ipv4,blocklist.de|brute-force|apache|rfi|ddos|spam|mail|ziyadnz|hourly,2026-08-17T18:48:05Z,2026-08-17T18:48:05Z,
178.137.16.102,ipv4,attack,high,WHITE,blocklist.de/all|blocklist.de/apache|blocklist.de/mail|ziyadnz/hourly-ipv4,blocklist.de|brute-force|apache|rfi|ddos|spam|mail|ziyadnz|hourly,2026-08-17T18:48:05Z,2026-08-17T18:48:05Z,
178.137.16.103,ipv4,attack,high,WHITE,blocklist.de/all|blocklist.de/apache|blocklist.de/mail|ziyadnz/hourly-ipv4,blocklist.de|brute-force|apache|rfi|ddos|spam|mail|ziyadnz|hourly,2026-08-17T18:48:05Z,2026-08-17T18:48:05Z,
178.137.16.104,ipv4,attack,high,WHITE,blocklist.de/all|blocklist.de/apache|blocklist.de/mail|ziyadnz/hourly-ipv4,blocklist.de|brute-force|apache|rfi|ddos|spam|mail|ziyadnz|hourly,2026-08-17T18:48:05Z,2026-08-17T18:48:05Z,
178.137.16.105,ipv4,attack,high,WHITE,blocklist.de/all|blocklist.de/apache|blocklist.de/mail|ziyadnz/hourly-ipv4,blocklist.de|brute-force|apache|rfi|ddos|spam|mail|ziyadnz|hourly,2026-08-17T18:48:05Z,2026-08-17T18:48:05Z,
178.137.16.106,ipv4,attack,high,WHITE,blocklist.de/all|blocklist.de/apache|blocklist.de/mail|ziyadnz/hourly-ipv4,blocklist.de|brute-force|apache|rfi|ddos|spam|mail|ziyadnz|hourly,2026-08-17T18:48:05Z,2026-08-17T18:48:05Z,
178.137.16.107,ipv4,attack,high,WHITE,blocklist.de/all|blocklist.de/apache|blocklist.de/mail|ziyadnz/hourly-ipv4,blocklist.de|brute-force|apache|rfi|ddos|spam|mail|ziyadnz|hourly,2026-08-17T18:48:05Z,2026-08-17T18:48:05Z,
178.137.16.108,ipv4,attack,high,WHITE,blocklist.de/all|blocklist.de/apache|blocklist.de/mail|ziyadnz/hourly-ipv4,blocklist.de|brute-force|apache|rfi|ddos|spam|mail|ziyadnz|hourly,2026-08-17T18:48:05Z,2026-08-17T18:48:05Z,
178.137.16.109,ipv4,attack,high,WHITE,blocklist.de/all|blocklist.de/apache|blocklist.de/mail|ziyadnz/hourly-ipv4,blocklist.de|brute-force|apache|rfi|ddos|spam|mail|ziyadnz|hourly,2026-08-17T18:48:05Z,2026-08-17T18:48:05Z,
178.137.16.110,ipv4,attack,high,WHITE,blocklist.de/all|blocklist.de/apache|blocklist.de/mail|ziyadnz/hourly-ipv4,blocklist.de|brute-force|apache|rfi|ddos|spam|mail|ziyadnz|hourly,2026-08-17T18:48:05Z,2026-08-17T18:48:05Z,
178.137.16.111,ipv4,attack,high,WHITE,blocklist.de/all|blocklist.de/apache|blocklist.de/mail|ziyadnz/hourly-ipv4,blocklist.de|brute-force|apache|rfi|ddos|spam|mail|ziyadnz|hourly,2026-08-17T18:48:05Z,2026-08-17T18:48:05Z,
178.137.16.112,ipv4,attack,high,WHITE,blocklist.de/all|blocklist.de/apache|blocklist.de/mail|ziyadnz/hourly-ipv4,blocklist.de|brute-force|apache|rfi|ddos|spam|mail|ziyadnz|hourly,2026-08-17T18:48:05Z,2026-08-17T18:48:05Z,
178.137.16.113,ipv4,attack,high,WHITE,blocklist.de/all|blocklist.de/apache|blocklist.de/mail|ziyadnz/hourly-ipv4,blocklist.de|brute-force|apache|rfi|ddos|spam|mail|ziyadnz|hourly,2026-08-17T18:48:05Z,2026-08-17T18:48:05Z,
178.137.16.114,ipv4,attack,high,WHITE,blocklist.de/all|blocklist.de/apache|blocklist.de/mail|ziyadnz/hourly-ipv4,blocklist.de|brute-force|apache|rfi|ddos|spam|mail|ziyadnz|hourly,2026-08-17T18:48:05Z,2026-08-17T18:48:05Z,
178.137.16.115,ipv4,attack,high,WHITE,blocklist.de/all|blocklist.de/apache|blocklist.de/mail|ziyadnz/hourly-ipv4,blocklist.de|brute-force|apache|rfi|ddos|spam|mail|ziyadnz|hourly,2026-08-17T18:48:05Z,2026-08-17T18:48:05Z,
178.137.16.116,ipv4,attack,high,WHITE,blocklist.de/all|blocklist.de/apache|blocklist.de/mail|ziyadnz/hourly-ipv4,blocklist.de|brute-force|apache|rfi|ddos|spam|mail|ziyadnz|hourly,2026-08-17T18:48:05Z,2026-08-17T18:48:05Z,
178.137.16.117,ipv4,attack,high,WHITE,blocklist.de/all|blocklist.de/apache|blocklist.de/mail|ziyadnz/hourly-ipv4,blocklist.de|brute-force|apache|rfi|ddos|spam|mail|ziyadnz|hourly,2026-08-17T18:48:05Z,2026-08-17T18:48:05Z,
178.137.16.118,ipv4,attack,high,WHITE,blocklist.de/all|blocklist.de/apache|blocklist.de/mail|ziyadnz/hourly-ipv4,blocklist.de|brute-force|apache|rfi|ddos|spam|mail|ziyadnz|hourly,2026-08-17T18:48:05Z,2026-08-17T18:48:05Z,
178.137.16.119,ipv4,attack,high,WHITE,blocklist.de/all|blocklist.de/apache|blocklist.de/mail|ziyadnz/hourly-ipv4,blocklist.de|brute-force|apache|rfi|ddos|spam|mail|ziyadnz|hourly,2026-08-17T18:48:05Z,2026-08-17T18:48:05Z,
178.137.16.120,ipv4,attack,high,WHITE,blocklist.de/all|blocklist.de/apache|blocklist.de/mail|ziyadnz/hourly-ipv4,blocklist.de|brute-force|apache|rfi|ddos|spam|mail|ziyadnz|hourly,2026-08-17T18:48:05Z,2026-08-17T18:48:05Z,
178.137.16.121,ipv4,attack,high,WHITE,blocklist.de/all|blocklist.de/apache|blocklist.de/mail|ziyadnz/hourly-ipv4,blocklist.de|brute-force|apache|rfi|ddos|spam|mail|ziyadnz|hourly,2026-08-17T18:48:05Z,2026-08-17T18:48:05Z,
178.137.16.122,ipv4,attack,high,WHITE,blocklist.de/all|blocklist.de/apache|blocklist.de/mail|ziyadnz/hourly-ipv4,blocklist.de|brute-force|apache|rfi|ddos|spam|mail|ziyadnz|hourly,2026-08-17T18:48:05Z,2026-08-17T18:48:05Z,
178.137.16.123,ipv4,attack,high,WHITE,blocklist.de/all|blocklist.de/apache|blocklist.de/mail|ziyadnz/hourly-ipv4,blocklist.de|brute-force|apache|rfi|ddos|spam|mail|ziyadnz|hourly,2026-08-17T18:48:05Z,2026-08-17T18:48:05Z,
178.137.16.124,ipv4,attack,high,WHITE,blocklist.de/all|blocklist.de/apache|blocklist.de/mail|ziyadnz/hourly-ipv4,blocklist.de|brute-force|apache|rfi|ddos|spam|mail|ziyadnz|hourly,2026-08-17T18:48:05Z,2026-08-17T18:48:05Z,
178.137.16.125,ipv4,attack,high,WHITE,blocklist.de/all|blocklist.de/apache|blocklist.de/mail|ziyadnz/hourly-ipv4,blocklist.de|brute-force|apache|rfi|ddos|spam|mail|ziyadnz|hourly,2026-08-17T18:48:05Z,2026-08-17T18:48:05Z,
178.137.16.126,ipv4,attack,high,WHITE,blocklist.de/all|blocklist.de/apache|blocklist.de/mail|ziyadnz/hourly-ipv4,blocklist.de|brute-force|apache|rfi|ddos|spam|mail|ziyadnz|hourly,2026-08-17T18:48:05Z,2026-08-17T18:48:05Z,
178.137.16.127,ipv4,attack,high,WHITE,blocklist.de/all|blocklist.de/apache|blocklist.de/mail|ziyadnz/hourly-ipv4,blocklist.de|brute-force|apache|rfi|ddos|spam|mail|ziyadnz|hourly,2026-08-17T18:48:05Z,2026-08-17T18:48:05Z,
178.137.16.128,ipv4,attack,high,WHITE,blocklist.de/all|blocklist.de/apache|blocklist.de/mail|ziyadnz/hourly-ipv4,blocklist.de|brute-force|apache|rfi|ddos|spam|mail|ziyadnz|hourly,2026-08-17T18:48:05Z,2026-08-17T18:48:05Z,
178.137.16.129,ipv4,attack,high,WHITE,blocklist.de/all|blocklist.de/apache|blocklist.de/mail|ziyadnz/hourly-ipv4,blocklist.de|brute-force|apache|rfi|ddos|spam|mail|ziyadnz|hourly,2026-08-17T18:48:05Z,2026-08-17T18:48:05Z,
178.137.16.130,ipv4,attack,high,WHITE,blocklist.de/all|blocklist.de/apache|blocklist.de/mail|ziyadnz/hourly-ipv4,blocklist.de|brute-force|apache|rfi|ddos|spam|mail|ziyadnz|hourly,2026-08-17T18:48:05Z,2026-08-17T18:48:05Z,
178.137.16.131,ipv4,attack,high,WHITE,blocklist.de/all|blocklist.de/apache|blocklist.de/mail|ziyadnz/hourly-ipv4,blocklist.de|brute-force|apache|rfi|ddos|spam|mail|ziyadnz|hourly,2026-08-17T18:48:05Z,2026-08-17T18:48:05Z,
178.137.16.132,ipv4,attack,high,WHITE,blocklist.de/all|blocklist.de/apache|blocklist.de/mail|ziyadnz/hourly-ipv4,blocklist.de|brute-force|apache|rfi|ddos|spam|mail|ziyadnz|hourly,2026-08-17T18:48:05Z,2026-08-17T18:48:05Z,
178.137.16.133,ipv4,attack,high,WHITE,blocklist.de/all|blocklist.de/apache|blocklist.de/mail|ziyadnz/hourly-ipv4,blocklist.de|brute-force|apache|rfi|ddos|spam|mail|ziyadnz|hourly,2026-08-17T18:48:05Z,2026-08-17T18:48:05Z,
178.137.16.134,ipv4,attack,high,WHITE,blocklist.de/all|blocklist.de/apache|blocklist.de/mail|ziyadnz/hourly-ipv4,blocklist.de|brute-force|apache|rfi|ddos|spam|mail|ziyadnz|hourly,2026-08-17T18:48:05Z,2026-08-17T18:48:05Z,
178.137.16.135,ipv4,attack,high,WHITE,blocklist.de/all|blocklist.de/apache|blocklist.de/mail|ziyadnz/hourly-ipv4,blocklist.de|brute-force|apache|rfi|ddos|spam|mail|ziyadnz|hourly,2026-08-17T18:48:05Z,2026-08-17T18:48:05Z,
178.137.16.136,ipv4,attack,high,WHITE,blocklist.de/all|blocklist.de/apache|blocklist.de/mail|ziyadnz/hourly-ipv4,blocklist.de|brute-force|apache|rfi|ddos|spam|mail|ziyadnz|hourly,2026-08-17T18:48:05Z,2026-08-17T18:48:05Z,
178.137.16.137,ipv4,attack,high,WHITE,blocklist.de/all|blocklist.de/apache|blocklist.de/mail|ziyadnz/hourly-ipv4,blocklist.de|brute-force|apache|rfi|ddos|spam|mail|ziyadnz|hourly,2026-08-17T18:48:05Z,2026-08-17T18:48:05Z,
178.137.16.138,ipv4,attack,high,WHITE,blocklist.de/all|blocklist.de/apache|blocklist.de/mail|ziyadnz/hourly-ipv4,blocklist.de|brute-force|apache|rfi|ddos|spam|mail|ziyadnz|hourly,2026-08-17T18:48:05Z,2026-08-17T18:48:05Z,
178.137.16.139,ipv4,attack,high,WHITE,blocklist.de/all|blocklist.de/apache|blocklist.de/mail|ziyadnz/hourly-ipv4,blocklist.de|brute-force|apache|rfi|ddos|spam|mail|ziyadnz|hourly,2026-08-17T18:48:05Z,2026-08-17T18:48:05Z,
178.137.16.140,ipv4,attack,high,WHITE,blocklist.de/all|blocklist.de/apache|blocklist.de/mail|ziyadnz/hourly-ipv4,blocklist.de|brute-force|apache|rfi|ddos|spam|mail|ziyadnz|hourly,2026-08-17T18:48:05Z,2026-08-17T18:48:05Z,
178.137.16.141,ipv4,attack,high,WHITE,blocklist.de/all|blocklist.de/apache|blocklist.de/mail|ziyadnz/hourly-ipv4,blocklist.de|brute-force|apache|rfi|ddos|spam|mail|ziyadnz|hourly,2026-08-17T18:48:05Z,2026-08-17T18:48:05Z,
178.137.16.142,ipv4,attack,high,WHITE,blocklist.de/all|blocklist.de/apache|blocklist.de/mail|ziyadnz/hourly-ipv4,blocklist.de|brute-force|apache|rfi|ddos|spam|mail|ziyadnz|hourly,2026-08-17T18:48:05Z,2026-08-17T18:48:05Z,
178.137.16.143,ipv4,attack,high,WHITE,blocklist.de/all|blocklist.de/apache|blocklist.de/mail|ziyadnz/hourly-ipv4,blocklist.de|brute-force|apache|rfi|ddos|spam|mail|ziyadnz|hourly,2026-08-17T18:48:05Z,2026-08-17T18:48:05Z,
178.137.16.144,ipv4,attack,high,WHITE,blocklist.de/all|blocklist.de/apache|blocklist.de/mail|ziyadnz/hourly-ipv4,blocklist.de|brute-force|apache|rfi|ddos|spam|mail|ziyadnz|hourly,2026-08-17T18:48:05Z,2026-08-17T18:48:05Z,
178.137.16.145,ipv4,attack,high,WHITE,blocklist.de/all|blocklist.de/apache|blocklist.de/mail|ziyadnz/hourly-ipv4,blocklist.de|brute-force|apache|rfi|ddos|spam|mail|ziyadnz|hourly,2026-08-17T18:48:05Z,2026-08-17T18:48:05Z,
178.137.16.146,ipv4,attack,high,WHITE,blocklist.de/all|blocklist.de/apache|blocklist.de/mail|ziyadnz/hourly-ipv4,blocklist.de|brute-force|apache|rfi|ddos|spam|mail|ziyadnz|hourly,2026-08-17T18:48:05Z,2026-08-17T18:48:05Z,
178.137.16.147,ipv4,attack,high,WHITE,blocklist.de/all|blocklist.de/apache|blocklist.de/mail|ziyadnz/hourly-ipv4,blocklist.de|brute-force|apache|rfi|ddos|spam|mail|ziyadnz|hourly,2026-08-17T18:48:05Z,2026-08-17T18:48:05Z,
178.137.16.148,ipv4,attack,high,WHITE,blocklist.de/all|blocklist.de/apache|blocklist.de/mail|ziyadnz/hourly-ipv4,blocklist.de|brute-force|apache|rfi|ddos|spam|mail|ziyadnz|hourly,2026-08-17T18:48:05Z,2026-08-17T18:48:05Z,
178.137.16.149,ipv4,attack,high,WHITE,blocklist.de/all|blocklist.de/apache|blocklist.de/mail|ziyadnz/hourly-ipv4,blocklist.de|brute-force|apache|rfi|ddos|spam|mail|ziyadnz|hourly,2026-08-17T18:48:05Z,2026-08-17T18:48:05Z,
178.137.16.150,ipv4,attack,high,WHITE,blocklist.de/all|blocklist.de/apache|blocklist.de/mail|ziyadnz/hourly-ipv4,blocklist.de|brute-force|apache|rfi|ddos|spam|mail|ziyadnz|hourly,2026-08-17T18:48:05Z,2026-08-17T18:48:05Z,
178.137.16.151,ipv4,attack,high,WHITE,blocklist.de/all|blocklist.de/apache|blocklist.de/mail|ziyadnz/hourly-ipv4,blocklist.de|brute-force|apache|rfi|ddos|spam|mail|ziyadnz|hourly,2026-08-17T18:48:05Z,2026-08-17T18:48:05Z,
178.137.16.152,ipv4,attack,high,WHITE,blocklist.de/all|blocklist.de/apache|blocklist.de/mail|ziyadnz/hourly-ipv4,blocklist.de|brute-force|apache|rfi|ddos|spam|mail|ziyadnz|hourly,2026-08-17T18:48:05Z,2026-08-17T18:48:05Z,
178.137.16.153,ipv4,attack,high,WHITE,blocklist.de/all|blocklist.de/apache|blocklist.de/mail|ziyadnz/hourly-ipv4,blocklist.de|brute-force|apache|rfi|ddos|spam|mail|ziyadnz|hourly,2026-08-17T18:48:05Z,2026-08-17T18:48:05Z,
178.137.16.154,ipv4,attack,high,WHITE,blocklist.de/all|blocklist.de/apache|blocklist.de/mail|ziyadnz/hourly-ipv4,blocklist.de|brute-force|apache|rfi|ddos|spam|mail|ziyadnz|hourly,2026-08-17T18:48:05Z,2026-08-17T18:48:05Z,
178.137.16.155,ipv4,attack,high,WHITE,blocklist.de/all|blocklist.de/apache|blocklist.de/mail|ziyadnz/hourly-ipv4,blocklist.de|brute-force|apache|rfi|ddos|spam|mail|ziyadnz|hourly,2026-08-17T18:48:05Z,2026-08-17T18:48:05Z,
178.137.16.156,ipv4,attack,high,WHITE,blocklist.de/all|blocklist.de/apache|blocklist.de/mail|ziyadnz/hourly-ipv4,blocklist.de|brute-force|apache|rfi|ddos|spam|mail|ziyadnz|hourly,2026-08-17T18:48:05Z,2026-08-17T18:48:05Z,
178.137.16.157,ipv4,attack,high,WHITE,blocklist.de/all|blocklist.de/apache|blocklist.de/mail|ziyadnz/hourly-ipv4,blocklist.de|brute-force|apache|rfi|ddos|spam|mail|ziyadnz|hourly,2026-08-17T18:48:05Z,2026-08-17T18:48:05Z,
178.137.16.158,ipv4,attack,high,WHITE,blocklist.de/all|blocklist.de/apache|blocklist.de/mail|ziyadnz/hourly-ipv4,blocklist.de|brute-force|apache|rfi|ddos|spam|mail|ziyadnz|hourly,2026-08-17T18:48:05Z,2026-08-17T18:48:05Z,
178.137.16.159,ipv4,attack,high,WHITE,blocklist.de/all|blocklist.de/apache|blocklist.de/mail|ziyadnz/hourly-ipv4,blocklist.de|brute-force|apache|rfi|ddos|spam|mail|ziyadnz|hourly,2026-08-17T18:48:05Z,2026-08-17T18:48:05Z,
178.137.16.160,ipv4,attack,high,WHITE,blocklist.de/all|blocklist.de/apache|blocklist.de/mail|ziyadnz/hourly-ipv4,blocklist.de|brute-force|apache|rfi|ddos|spam|mail|ziyadnz|hourly,2026-08-17T18:48:05Z,2026-08-17T18:48:05Z,
178.137.16.161,ipv4,attack,high,WHITE,blocklist.de/all|blocklist.de/apache|blocklist.de/mail|ziyadnz/hourly-ipv4,blocklist.de|brute-force|apache|rfi|ddos|spam|mail|ziyadnz|hourly,2026-08-17T18:48:05Z,2026-08-17T18:48:05Z,
178.137.16.162,ipv4,attack,high,WHITE,blocklist.de/all|blocklist.de/apache|blocklist.de/mail|ziyadnz/hourly-ipv4,blocklist.de|brute-force|apache|rfi|ddos|spam|mail|ziyadnz|hourly,2026-08-17T18:48:05Z,2026-08-17T18:48:05Z,
178.137.16.163,ipv4,attack,high,WHITE,blocklist.de/all|blocklist.de/apache|blocklist.de/mail|ziyadnz/hourly-ipv4,blocklist.de|brute-force|apache|rfi|ddos|spam|mail|ziyadnz|hourly,2026-08-17T18:48:05Z,2026-08-17T18:48:05Z,
178.137.16.164,ipv4,attack,high,WHITE,blocklist.de/all|blocklist.de/apache|blocklist.de/mail|ziyadnz/hourly-ipv4,blocklist.de|brute-force|apache|rfi|ddos|spam|mail|ziyadnz|hourly,2026-08-17T18:48:05Z,2026-08-17T18:48:05Z,
178.137.16.165,ipv4,attack,high,WHITE,blocklist.de/all|blocklist.de/apache|blocklist.de/mail|ziyadnz/hourly-ipv4,blocklist.de|brute-force|apache|rfi|ddos|spam|mail|ziyadnz|hourly,2026-08-17T18:48:05Z,2026-08-17T18:48:05Z,
178.137.16.166,ipv4,attack,high,WHITE,blocklist.de/all|blocklist.de/apache|blocklist.de/mail|ziyadnz/hourly-ipv4,blocklist.de|brute-force|apache|rfi|ddos|spam|mail|ziyadnz|hourly,2026-08-17T18:48:05Z,2026-08-17T18:48:05Z,
178.137.16.167,ipv4,attack,high,WHITE,blocklist.de/all|blocklist.de/apache|blocklist.de/mail|ziyadnz/hourly-ipv4,blocklist.de|brute-force|apache|rfi|ddos|spam|mail|ziyadnz|hourly,2026-08-17T18:48:05Z,2026-08-17T18:48:05Z,
178.137.16.168,ipv4,attack,high,WHITE,blocklist.de/all|blocklist.de/apache|blocklist.de/mail|ziyadnz/hourly-ipv4,blocklist.de|brute-force|apache|rfi|ddos|spam|mail|ziyadnz|hourly,2026-08-17T18:48:05Z,2026-08-17T18:48:05Z,
178.137.16.169,ipv4,attack,high,WHITE,blocklist.de/all|blocklist.de/apache|blocklist.de/mail|ziyadnz/hourly-ipv4,blocklist.de|brute-force|apache|rfi|ddos|spam|mail|ziyadnz|hourly,2026-08-17T18:48:05Z,2026-08-17T18:48:05Z,
178.137.16.170,ipv4,attack,high,WHITE,blocklist.de/all|blocklist.de/apache|blocklist.de/mail|ziyadnz/hourly-ipv4,blocklist.de|brute-force|apache|rfi|ddos|spam|mail|ziyadnz|hourly,2026-08-17T18:48:05Z,2026-08-17T18:48:05Z,
178.137.16.171,ipv4,attack,high,WHITE,blocklist.de/all|blocklist.de/apache|blocklist.de/mail|ziyadnz/hourly-ipv4,blocklist.de|brute-force|apache|rfi|ddos|spam|mail|ziyadnz|hourly,2026-08-17T18:48:05Z,2026-08-17T18:48:05Z,
178.137.16.172,ipv4,attack,high,WHITE,blocklist.de/all|blocklist.de/apache|blocklist.de/mail|ziyadnz/hourly-ipv4,blocklist.de|brute-force|apache|rfi|ddos|spam|mail|ziyadnz|hourly,2026-08-17T18:48:05Z,2026-08-17T18:48:05Z,
178.137.16.173,ipv4,attack,high,WHITE,blocklist.de/all|blocklist.de/apache|blocklist.de/mail|ziyadnz/hourly-ipv4,blocklist.de|brute-force|apache|rfi|ddos|spam|mail|ziyadnz|hourly,2026-08-17T18:48:05Z,2026-08-17T18:48:05Z,
178.137.16.174,ipv4,attack,high,WHITE,blocklist.de/all|blocklist.de/apache|blocklist.de/mail|ziyadnz/hourly-ipv4,blocklist.de|brute-force|apache|rfi|ddos|spam|mail|ziyadnz|hourly,2026-08-17T18:48:05Z,2026-08-17T18:48:05Z,
178.137.16.175,ipv4,attack,high,WHITE,blocklist.de/all|blocklist.de/apache|blocklist.de/mail|ziyadnz/hourly-ipv4,blocklist.de|brute-force|apache|rfi|ddos|spam|mail|ziyadnz|hourly,2026-08-17T18:48:05Z,2026-08-17T18:48:05Z,
178.137.16.176,ipv4,attack,high,WHITE,blocklist.de/all|blocklist.de/apache|blocklist.de/mail|ziyadnz/hourly-ipv4,blocklist.de|brute-force|apache|rfi|ddos|spam|mail|ziyadnz|hourly,2026-08-17T18:48:05Z,2026-08-17T18:48:05Z,
178.137.16.177,ipv4,attack,high,WHITE,blocklist.de/all|blocklist.de/apache|blocklist.de/mail|ziyadnz/hourly-ipv4,blocklist.de|brute-force|apache|rfi|ddos|spam|mail|ziyadnz|hourly,2026-08-17T18:48:05Z,2026-08-17T18:48:05Z,
178.137.16.178,ipv4,attack,high,WHITE,blocklist.de/all|blocklist.de/apache|blocklist.de/mail|ziyadnz/hourly-ipv4,blocklist.de|brute-force|apache|rfi|ddos|spam|mail|ziyadnz|hourly,2026-08-17T18:48:05Z,2026-08-17T18:48:05Z,
178.137.16.179,ipv4,attack,high,WHITE,blocklist.de/all|blocklist.de/apache|blocklist.de/mail|ziyadnz/hourly-ipv4,blocklist.de|brute-force|apache|rfi|ddos|spam|mail|ziyadnz|hourly,2026-08-17T18:48:05Z,2026-08-17T18:48:05Z,
178.137.16.180,ipv4,attack,high,WHITE,blocklist.de/all|blocklist.de/apache|blocklist.de/mail|ziyadnz/hourly-ipv4,blocklist.de|brute-force|apache|rfi|ddos|spam|mail|ziyadnz|hourly,2026-08-17T18:48:05Z,2026-08-17T18:48:05Z,
178.137.16.181,ipv4,attack,high,WHITE,blocklist.de/all|blocklist.de/apache|blocklist.de/mail|ziyadnz/hourly-ipv4,blocklist.de|brute-force|apache|rfi|ddos|spam|mail|ziyadnz|hourly,2026-08-17T18:48:05Z,2026-08-17T18:48:05Z,
178.137.16.182,ipv4,attack,high,WHITE,blocklist.de/all|blocklist.de/apache|blocklist.de/mail|ziyadnz/hourly-ipv4,blocklist.de|brute-force|apache|rfi|ddos|spam|mail|ziyadnz|hourly,2026-08-17T18:48:05Z,2026-08-17T18:48:05Z,
178.137.16.183,ipv4,attack,high,WHITE,blocklist.de/all|blocklist.de/apache|blocklist.de/mail|ziyadnz/hourly-ipv4,blocklist.de|brute-force|apache|rfi|ddos|spam|mail|ziyadnz|hourly,2026-08-17T18:48:05Z,2026-08-17T18:48:05Z,
178.137.16.184,ipv4,attack,high,WHITE,blocklist.de/all|blocklist.de/apache|blocklist.de/mail|ziyadnz/hourly-ipv4,blocklist.de|brute-force|apache|rfi|ddos|spam|mail|ziyadnz|hourly,2026-08-17T18:48:05Z,2026-08-17T18:48:05Z,
178.137.16.185,ipv4,attack,high,WHITE,blocklist.de/all|blocklist.de/apache|blocklist.de/mail|ziyadnz/hourly-ipv4,blocklist.de|brute-force|apache|rfi|ddos|spam|mail|ziyadnz|hourly,2026-08-17T18:48:05Z,2026-08-17T18:48:05Z,
178.137.16.186,ipv4,attack,high,WHITE,blocklist.de/all|blocklist.de/apache|blocklist.de/mail|ziyadnz/hourly-ipv4,blocklist.de|brute-force|apache|rfi|ddos|spam|mail|ziyadnz|hourly,2026-08-17T18:48:05Z,2026-08-17T18:48:05Z,
178.137.16.187,ipv4,attack,high,WHITE,blocklist.de/all|blocklist.de/apache|blocklist.de/mail|ziyadnz/hourly-ipv4,blocklist.de|brute-force|apache|rfi|ddos|spam|mail|ziyadnz|hourly,2026-08-17T18:48:05Z,2026-08-17T18:48:05Z,
178.137.16.188,ipv4,attack,high,WHITE,blocklist.de/all|blocklist.de/apache|blocklist.de/mail|ziyadnz/hourly-ipv4,blocklist.de|brute-force|apache|rfi|ddos|spam|mail|ziyadnz|hourly,2026-08-17T18:48:05Z,2026-08-17T18:48:05Z,
178.137.16.189,ipv4,attack,high,WHITE,blocklist.de/all|blocklist.de/apache|blocklist.de/mail|ziyadnz/hourly-ipv4,blocklist.de|brute-force|apache|rfi|ddos|spam|mail|ziyadnz|hourly,2026-08-17T18:48:05Z,2026-08-17T18:48:05Z,
178.137.16.190,ipv4,attack,high,WHITE,blocklist.de/all|blocklist.de/apache|blocklist.de/mail|ziyadnz/hourly-ipv4,blocklist.de|brute-force|apache|rfi|ddos|spam|mail|ziyadnz|hourly,2026-08-17T18:48:05Z,2026-08-17T18:48:05Z,
178.137.16.191,ipv4,attack,high,WHITE,blocklist.de/all|blocklist.de/apache|blocklist.de/mail|ziyadnz/hourly-ipv4,blocklist.de|brute-force|apache|rfi|ddos|spam|mail|ziyadnz|hourly,2026-08-17T18:48:05Z,2026-08-17T18:48:05Z,
178.137.16.192,ipv4,attack,high,WHITE,blocklist.de/all|blocklist.de/apache|blocklist.de/mail|ziyadnz/hourly-ipv4,blocklist.de|brute-force|apache|rfi|ddos|spam|mail|ziyadnz|hourly,2026-08-17T18:48:05Z,2026-08-17T18:48:05Z,
178.137.16.193,ipv4,attack,high,WHITE,blocklist.de/all|blocklist.de/apache|blocklist.de/mail|ziyadnz/hourly-ipv4,blocklist.de|brute-force|apache|rfi|ddos|spam|mail|ziyadnz|hourly,2026-08-17T18:48:05Z,2026-08-17T18:48:05Z,
178.137.16.194,ipv4,attack,high,WHITE,blocklist.de/all|blocklist.de/apache|blocklist.de/mail|ziyadnz/hourly-ipv4,blocklist.de|brute-force|apache|rfi|ddos|spam|mail|ziyadnz|hourly,2026-08-17T18:48:05Z,2026-08-17T18:48:05Z,
178.137.16.195,ipv4,attack,high,WHITE,blocklist.de/all|blocklist.de/apache|blocklist.de/mail|ziyadnz/hourly-ipv4,blocklist.de|brute-force|apache|rfi|ddos|spam|mail|ziyadnz|hourly,2026-08-17T18:48:05Z,2026-08-17T18:48:05Z,
178.137.16.196,ipv4,attack,high,WHITE,blocklist.de/all|blocklist.de/apache|blocklist.de/mail|ziyadnz/hourly-ipv4,blocklist.de|brute-force|apache|rfi|ddos|spam|mail|ziyadnz|hourly,2026-08-17T18:48:05Z,2026-08-17T18:48:05Z,
178.137.16.197,ipv4,attack,high,WHITE,blocklist.de/all|blocklist.de/apache|blocklist.de/mail|ziyadnz/hourly-ipv4,blocklist.de|brute-force|apache|rfi|ddos|spam|mail|ziyadnz|hourly,2026-08-17T18:48:05Z,2026-08-17T18:48:05Z,
178.137.16.198,ipv4,attack,high,WHITE,blocklist.de/all|blocklist.de/apache|blocklist.de/mail|ziyadnz/hourly-ipv4,blocklist.de|brute-force|apache|rfi|ddos|spam|mail|ziyadnz|hourly,2026-08-17T18:48:05Z,2026-08-17T18:48:05Z,
178.137.16.199,ipv4,attack,high,WHITE,blocklist.de/all|blocklist.de/apache|blocklist.de/mail|ziyadnz/hourly-ipv4,blocklist.de|brute-force|apache|rfi|ddos|spam|mail|ziyadnz|hourly,2026-08-17T18:48:05Z,2026-08-17T18:48:05Z,
178.137.16.200,ipv4,attack,high,WHITE,blocklist.de/all|blocklist.de/apache|blocklist.de/mail|ziyadnz/hourly-ipv4,blocklist.de|brute-force|apache|rfi|ddos|spam|mail|ziyadnz|hourly,2026-08-17T18:48:05Z,2026-08-17T18:48:05Z,
178.137.16.201,ipv4,attack,high,WHITE,blocklist.de/all|blocklist.de/apache|blocklist.de/mail|ziyadnz/hourly-ipv4,blocklist.de|brute-force|apache|rfi|ddos|spam|mail|ziyadnz|hourly,2026-08-17T18:48:05Z,2026-08-17T18:48:05Z,
178.137.16.202,ipv4,attack,high,WHITE,blocklist.de/all|blocklist.de/apache|blocklist.de/mail|ziyadnz/hourly-ipv4,blocklist.de|brute-force|apache|rfi|ddos|spam|mail|ziyadnz|hourly,2026-08-17T18:48:05Z,2026-08-17T18:48:05Z,
178.137.16.203,ipv4,attack,high,WHITE,blocklist.de/all|blocklist.de/apache|blocklist.de/mail|ziyadnz/hourly-ipv4,blocklist.de|brute-force|apache|rfi|ddos|spam|mail|ziyadnz|hourly,2026-08-17T18:48:05Z,2026-08-17T18:48:05Z,
178.137.16.204,ipv4,attack,high,WHITE,blocklist.de/all|blocklist.de/apache|blocklist.de/mail|ziyadnz/hourly-ipv4,blocklist.de|brute-force|apache|rfi|ddos|spam|mail|ziyadnz|hourly,2026-08-17T18:48:05Z,2026-08-17T18:48:05Z,
178.137.16.205,ipv4,attack,high,WHITE,blocklist.de/all|blocklist.de/apache|blocklist.de/mail|ziyadnz/hourly-ipv4,blocklist.de|brute-force|apache|rfi|ddos|spam|mail|ziyadnz|hourly,2026-08-17T18:48:05Z,2026-08-17T18:48:05Z,
178.137.16.206,ipv4,attack,high,WHITE,blocklist.de/all|blocklist.de/apache|blocklist.de/mail|ziyadnz/hourly-ipv4,blocklist.de|brute-force|apache|rfi|ddos|spam|mail|ziyadnz|hourly,2026-08-17T18:48:05Z,2026-08-17T18:48:05Z,
178.137.16.207,ipv4,attack,high,WHITE,blocklist.de/all|blocklist.de/apache|blocklist.de/mail|ziyadnz/hourly-ipv4,blocklist.de|brute-force|apache|rfi|ddos|spam|mail|ziyadnz|hourly,2026-08-17T18:48:05Z,2026-08-17T18:48:05Z,
178.137.16.208,ipv4,attack,high,WHITE,blocklist.de/all|blocklist.de/apache|blocklist.de/mail|ziyadnz/hourly-ipv4,blocklist.de|brute-force|apache|rfi|ddos|spam|mail|ziyadnz|hourly,2026-08-17T18:48:05Z,2026-08-17T18:48:05Z,
178.137.16.209,ipv4,attack,high,WHITE,blocklist.de/all|blocklist.de/apache|blocklist.de/mail|ziyadnz/hourly-ipv4,blocklist.de|brute-force|apache|rfi|ddos|spam|mail|ziyadnz|hourly,2026-08-17T18:48:05Z,2026-08-17T18:48:05Z,
178.137.16.210,ipv4,attack,high,WHITE,blocklist.de/all|blocklist.de/apache|blocklist.de/mail|ziyadnz/hourly-ipv4,blocklist.de|brute-force|apache|rfi|ddos|spam|mail|ziyadnz|hourly,2026-08-17T18:48:05Z,2026-08-17T18:48:05Z,
178.137.16.211,ipv4,attack,high,WHITE,blocklist.de/all|blocklist.de/apache|blocklist.de/mail|ziyadnz/hourly-ipv4,blocklist.de|brute-force|apache|rfi|ddos|spam|mail|ziyadnz|hourly,2026-08-17T18:48:05Z,2026-08-17T18:48:05Z,
178.137.16.212,ipv4,attack,high,WHITE,blocklist.de/all|blocklist.de/apache|blocklist.de/mail|ziyadnz/hourly-ipv4,blocklist.de|brute-force|apache|rfi|ddos|spam|mail|ziyadnz|hourly,2026-08-17T18:48:05Z,2026-08-17T18:48:05Z,
178.137.16.213,ipv4,attack,high,WHITE,blocklist.de/all|blocklist.de/apache|blocklist.de/mail|ziyadnz/hourly-ipv4,blocklist.de|brute-force|apache|rfi|ddos|spam|mail|ziyadnz|hourly,2026-08-17T18:48:05Z,2026-08-17T18:48:05Z,
178.137.16.214,ipv4,attack,high,WHITE,blocklist.de/all|blocklist.de/apache|blocklist.de/mail|ziyadnz/hourly-ipv4,blocklist.de|brute-force|apache|rfi|ddos|spam|mail|ziyadnz|hourly,2026-08-17T18:48:05Z,2026-08-17T18:48:05Z,
178.137.16.215,ipv4,attack,high,WHITE,blocklist.de/all|blocklist.de/apache|blocklist.de/mail|ziyadnz/hourly-ipv4,blocklist.de|brute-force|apache|rfi|ddos|spam|mail|ziyadnz|hourly,2026-08-17T18:48:05Z,2026-08-17T18:48:05Z,
178.137.16.216,ipv4,attack,high,WHITE,blocklist.de/all|blocklist.de/apache|blocklist.de/mail|ziyadnz/hourly-ipv4,blocklist.de|brute-force|apache|rfi|ddos|spam|mail|ziyadnz|hourly,2026-08-17T18:48:05Z,2026-08-17T18:48:05Z,
178.137.16.217,ipv4,attack,high,WHITE,blocklist.de/all|blocklist.de/apache|blocklist.de/mail|ziyadnz/hourly-ipv4,blocklist.de|brute-force|apache|rfi|ddos|spam|mail|ziyadnz|hourly,2026-08-17T18:48:05Z,2026-08-17T18:48:05Z,
178.137.16.218,ipv4,attack,high,WHITE,blocklist.de/all|blocklist.de/apache|blocklist.de/mail|ziyadnz/hourly-ipv4,blocklist.de|brute-force|apache|rfi|ddos|spam|mail|ziyadnz|hourly,2026-08-17T18:48:05Z,2026-08-17T18:48:05Z,
178.137.16.219,ipv4,attack,high,WHITE,blocklist.de/all|blocklist.de/apache|blocklist.de/mail|ziyadnz/hourly-ipv4,blocklist.de|brute-force|apache|rfi|ddos|spam|mail|ziyadnz|hourly,2026-08-17T18:48:05Z,2026-08-17T18:48:05Z,
178.137.16.220,ipv4,attack,high,WHITE,blocklist.de/all|blocklist.de/apache|blocklist.de/mail|ziyadnz/hourly-ipv4,blocklist.de|brute-force|apache|rfi|ddos|spam|mail|ziyadnz|hourly,2026-08-17T18:48:05Z,2026-08-17T18:48:05Z,
178.137.16.221,ipv4,attack,high,WHITE,blocklist.de/all|blocklist.de/apache|blocklist.de/mail|ziyadnz/hourly-ipv4,blocklist.de|brute-force|apache|rfi|ddos|spam|mail|ziyadnz|hourly,2026-08-17T18:48:05Z,2026-08-17T18:48:05Z,
178.137.16.222,ipv4,attack,high,WHITE,blocklist.de/all|blocklist.de/apache|blocklist.de/mail|ziyadnz/hourly-ipv4,blocklist.de|brute-force|apache|rfi|ddos|spam|mail|ziyadnz|hourly,2026-08-17T18:48:05Z,2026-08-17T18:48:05Z,
178.137.16.223,ipv4,attack,high,WHITE,blocklist.de/all|blocklist.de/apache|blocklist.de/mail|ziyadnz/hourly-ipv4,blocklist.de|brute-force|apache|rfi|ddos|spam|mail|ziyadnz|hourly,2026-08-17T18:48:05Z,2026-08-17T18:48:05Z,
178.137.16.224,ipv4,attack,high,WHITE,blocklist.de/all|blocklist.de/apache|blocklist.de/mail|ziyadnz/hourly-ipv4,blocklist.de|brute-force|apache|rfi|ddos|spam|mail|ziyadnz|hourly,2026-08-17T18:48:05Z,2026-08-17T18:48:05Z,
178.137.16.225,ipv4,attack,high,WHITE,blocklist.de/all|blocklist.de/apache|blocklist.de/mail|ziyadnz/hourly-ipv4,blocklist.de|brute-force|apache|rfi|ddos|spam|mail|ziyadnz|hourly,2026-08-17T18:48:05Z,2026-08-17T18:48:05Z,
178.137.16.226,ipv4,attack,high,WHITE,blocklist.de/all|blocklist.de/apache|blocklist.de/mail|ziyadnz/hourly-ipv4,blocklist.de|brute-force|apache|rfi|ddos|spam|mail|ziyadnz|hourly,2026-08-17T18:48:05Z,2026-08-17T18:48:05Z,
178.137.16.227,ipv4,attack,high,WHITE,blocklist.de/all|blocklist.de/apache|blocklist.de/mail|ziyadnz/hourly-ipv4,blocklist.de|brute-force|apache|rfi|ddos|spam|mail|ziyadnz|hourly,2026-08-17T18:48:05Z,2026-08-17T18:48:05Z,
178.137.16.228,ipv4,attack,high,WHITE,blocklist.de/all|blocklist.de/apache|blocklist.de/mail|ziyadnz/hourly-ipv4,blocklist.de|brute-force|apache|rfi|ddos|spam|mail|ziyadnz|hourly,2026-08-17T18:48:05Z,2026-08-17T18:48:05Z,
178.137.16.229,ipv4,attack,high,WHITE,blocklist.de/all|blocklist.de/apache|blocklist.de/mail|ziyadnz/hourly-ipv4,blocklist.de|brute-force|apache|rfi|ddos|spam|mail|ziyadnz|hourly,2026-08-17T18:48:05Z,2026-08-17T18:48:05Z,
178.137.16.230,ipv4,attack,high,WHITE,blocklist.de/all|blocklist.de/apache|blocklist.de/mail|ziyadnz/hourly-ipv4,blocklist.de|brute-force|apache|rfi|ddos|spam|mail|ziyadnz|hourly,2026-08-17T18:48:05Z,2026-08-17T18:48:05Z,
178.137.16.231,ipv4,attack,high,WHITE,blocklist.de/all|blocklist.de/apache|blocklist.de/mail|ziyadnz/hourly-ipv4,blocklist.de|brute-force|apache|rfi|ddos|spam|mail|ziyadnz|hourly,2026-08-17T18:48:05Z,2026-08-17T18:48:05Z,
178.137.16.232,ipv4,attack,high,WHITE,blocklist.de/all|blocklist.de/apache|blocklist.de/mail|ziyadnz/hourly-ipv4,blocklist.de|brute-force|apache|rfi|ddos|spam|mail|ziyadnz|hourly,2026-08-17T18:48:05Z,2026-08-17T18:48:05Z,
178.137.16.233,ipv4,attack,high,WHITE,blocklist.de/all|blocklist.de/apache|blocklist.de/mail|ziyadnz/hourly-ipv4,blocklist.de|brute-force|apache|rfi|ddos|spam|mail|ziyadnz|hourly,2026-08-17T18:48:05Z,2026-08-17T18:48:05Z,
178.137.16.234,ipv4,attack,high,WHITE,blocklist.de/all|blocklist.de/apache|blocklist.de/mail|ziyadnz/hourly-ipv4,blocklist.de|brute-force|apache|rfi|ddos|spam|mail|ziyadnz|hourly,2026-08-17T18:48:05Z,2026-08-17T18:48:05Z,
178.137.16.235,ipv4,attack,high,WHITE,blocklist.de/all|blocklist.de/apache|blocklist.de/mail|ziyadnz/hourly-ipv4,blocklist.de|brute-force|apache|rfi|ddos|spam|mail|ziyadnz|hourly,2026-08-17T18:48:05Z,2026-08-17T18:48:05Z,
178.137.16.236,ipv4,attack,high,WHITE,blocklist.de/all|blocklist.de/apache|blocklist.de/mail|ziyadnz/hourly-ipv4,blocklist.de|brute-force|apache|rfi|ddos|spam|mail|ziyadnz|hourly,2026-08-17T18:48:05Z,2026-08-17T18:48:05Z,
178.137.16.237,ipv4,attack,high,WHITE,blocklist.de/all|blocklist.de/apache|blocklist.de/mail|ziyadnz/hourly-ipv4,blocklist.de|brute-force|apache|rfi|ddos|spam|mail|ziyadnz|hourly,2026-08-17T18:48:05Z,2026-08-17T18:48:05Z,
178.137.16.238,ipv4,attack,high,WHITE,blocklist.de/all|blocklist.de/apache|blocklist.de/mail|ziyadnz/hourly-ipv4,blocklist.de|brute-force|apache|rfi|ddos|spam|mail|ziyadnz|hourly,2026-08-17T18:48:05Z,2026-08-17T18:48:05Z,
178.137.16.239,ipv4,attack,high,WHITE,blocklist.de/all|blocklist.de/apache|blocklist.de/mail|ziyadnz/hourly-ipv4,blocklist.de|brute-force|apache|rfi|ddos|spam|mail|ziyadnz|hourly,2026-08-17T18:48:05Z,2026-08-17T18:48:05Z,
178.137.16.240,ipv4,attack,high,WHITE,blocklist.de/all|blocklist.de/apache|blocklist.de/mail|ziyadnz/hourly-ipv4,blocklist.de|brute-force|apache|rfi|ddos|spam|mail|ziyadnz|hourly,2026-08-17T18:48:05Z,2026-08-17T18:48:05Z,
178.137.16.241,ipv4,attack,high,WHITE,blocklist.de/all|blocklist.de/apache|blocklist.de/mail|ziyadnz/hourly-ipv4,blocklist.de|brute-force|apache|rfi|ddos|spam|mail|ziyadnz|hourly,2026-08-17T18:48:05Z,2026-08-17T18:48:05Z,
178.137.16.242,ipv4,attack,high,WHITE,blocklist.de/all|blocklist.de/apache|blocklist.de/mail|ziyadnz/hourly-ipv4,blocklist.de|brute-force|apache|rfi|ddos|spam|mail|ziyadnz|hourly,2026-08-17T18:48:05Z,2026-08-17T18:48:05Z,
178.137.16.243,ipv4,attack,high,WHITE,blocklist.de/all|blocklist.de/apache|blocklist.de/mail|ziyadnz/hourly-ipv4,blocklist.de|brute-force|apache|rfi|ddos|spam|mail|ziyadnz|hourly,2026-08-17T18:48:05Z,2026-08-17T18:48:05Z,
178.137.16.244,ipv4,attack,high,WHITE,blocklist.de/all|blocklist.de/apache|blocklist.de/mail|ziyadnz/hourly-ipv4,blocklist.de|brute-force|apache|rfi|ddos|spam|mail|ziyadnz|hourly,2026-08-17T18:48:05Z,2026-08-17T18:48:05Z,
178.137.16.245,ipv4,attack,high,WHITE,blocklist.de/all|blocklist.de/apache|blocklist.de/mail|ziyadnz/hourly-ipv4,blocklist.de|brute-force|apache|rfi|ddos|spam|mail|ziyadnz|hourly,2026-08-17T18:48:05Z,2026-08-17T18:48:05Z,
178.137.16.246,ipv4,attack,high,WHITE,blocklist.de/all|blocklist.de/apache|blocklist.de/mail|ziyadnz/hourly-ipv4,blocklist.de|brute-force|apache|rfi|ddos|spam|mail|ziyadnz|hourly,2026-08-17T18:48:05Z,2026-08-17T18:48:05Z,
178.137.16.247,ipv4,attack,high,WHITE,blocklist.de/all|blocklist.de/apache|blocklist.de/mail|ziyadnz/hourly-ipv4,blocklist.de|brute-force|apache|rfi|ddos|spam|mail|ziyadnz|hourly,2026-08-17T18:48:05Z,2026-08-17T18:48:05Z,
178.137.16.248,ipv4,attack,high,WHITE,blocklist.de/all|blocklist.de/apache|blocklist.de/mail|ziyadnz/hourly-ipv4,blocklist.de|brute-force|apache|rfi|ddos|spam|mail|ziyadnz|hourly,2026-08-17T18:48:05Z,2026-08-17T18:48:05Z,
178.137.16.249,ipv4,attack,high,WHITE,blocklist.de/all|blocklist.de/apache|blocklist.de/mail|ziyadnz/hourly-ipv4,blocklist.de|brute-force|apache|rfi|ddos|spam|mail|ziyadnz|hourly,2026-08-17T18:48:05Z,2026-08-17T18:48:05Z,
178.137.16.250,ipv4,attack,high,WHITE,blocklist.de/all|blocklist.de/apache|blocklist.de/mail|ziyadnz/hourly-ipv4,blocklist.de|brute-force|apache|rfi|ddos|spam|mail|ziyadnz|hourly,2026-08-17T18:48:05Z,2026-08-17T18:48:05Z,
178.137.16.251,ipv4,attack,high,WHITE,blocklist.de/all|blocklist.de/apache|blocklist.de/mail|ziyadnz/hourly-ipv4,blocklist.de|brute-force|apache|rfi|ddos|spam|mail|ziyadnz|hourly,2026-08-17T18:48:05Z,2026-08-17T18:48:05Z,
178.137.16.252,ipv4,attack,high,WHITE,blocklist.de/all|blocklist.de/apache|blocklist.de/mail|ziyadnz/hourly-ipv4,blocklist.de|brute-force|apache|rfi|ddos|spam|mail|ziyadnz|hourly,2026-08-17T18:48:05Z,2026-08-17T18:48:05Z,
178.137.16.253,ipv4,attack,high,WHITE,blocklist.de/all|blocklist.de/apache|blocklist.de/mail|ziyadnz/hourly-ipv4,blocklist.de|brute-force|apache|rfi|ddos|spam|mail|ziyadnz|hourly,2026-08-17T18:48:05Z,2026-08-17T18:48:05Z,
178.137.16.254,ipv4,attack,high,WHITE,blocklist.de/all|blocklist.de/apache|blocklist.de/mail|ziyadnz/hourly-ipv4,blocklist.de|brute-force|apache|rfi|ddos|spam|mail|ziyadnz|hourly,2026-08-17T18:48:05Z,2026-08-17T18:48:05Z,
178.137.16.255,ipv4,attack,high,WHITE,blocklist.de/all|blocklist.de/apache|blocklist.de/mail|ziyadnz/hourly-ipv4,blocklist.de|brute-force|apache|rfi|ddos|spam|mail|ziyadnz|hourly,2026-08-17T18:48:05Z,2026-08-17T18:48:05Z,
95.141.17.0,ipv4,attack,high,WHITE,blocklist.de/all|blocklist.de/apache|blocklist.de/mail|ziyadnz/hourly-ipv4,blocklist.de|brute-force|apache|rfi|ddos|spam|mail|ziyadnz|hourly,2026-08-17T18:48:05Z,2026-08-17T18:48:05Z,
95.141.17.1,ipv4,attack,high,WHITE,blocklist.de/all|blocklist.de/apache|blocklist.de/mail|ziyadnz/hourly-ipv4,blocklist.de|brute-force|apache|rfi|ddos|spam|mail|ziyadnz|hourly,2026-08-17T18:48:05Z,2026-08-17T18:48:05Z,
95.141.17.2,ipv4,attack,high,WHITE,blocklist.de/all|blocklist.de/apache|blocklist.de/mail|ziyadnz/hourly-ipv4,blocklist.de|brute-force|apache|rfi|ddos|spam|mail|ziyadnz|hourly,2026-08-17T18:48:05Z,2026-08-17T18:48:05Z,
95.141.17.3,ipv4,attack,high,WHITE,blocklist.de/all|blocklist.de/apache|blocklist.de/mail|ziyadnz/hourly-ipv4,blocklist.de|brute-force|apache|rfi|ddos|spam|mail|ziyadnz|hourly,2026-08-17T18:48:05Z,2026-08-17T18:48:05Z,
95.141.17.4,ipv4,attack,high,WHITE,blocklist.de/all|blocklist.de/apache|blocklist.de/mail|ziyadnz/hourly-ipv4,blocklist.de|brute-force|apache|rfi|ddos|spam|mail|ziyadnz|hourly,2026-08-17T18:48:05Z,2026-08-17T18:48:05Z,
95.141.17.5,ipv4,attack,high,WHITE,blocklist.de/all|blocklist.de/apache|blocklist.de/mail|ziyadnz/hourly-ipv4,blocklist.de|brute-force|apache|rfi|ddos|spam|mail|ziyadnz|hourly,2026-08-17T18:48:05Z,2026-08-17T18:48:05Z,
95.141.17.6,ipv4,attack,high,WHITE,blocklist.de/all|blocklist.de/apache|blocklist.de/mail|ziyadnz/hourly-ipv4,blocklist.de|brute-force|apache|rfi|ddos|spam|mail|ziyadnz|hourly,2026-08-17T18:48:05Z,2026-08-17T18:48:05Z,
95.141.17.7,ipv4,attack,high,WHITE,blocklist.de/all|blocklist.de/apache|blocklist.de/mail|ziyadnz/hourly-ipv4,blocklist.de|brute-force|apache|rfi|ddos|spam|mail|ziyadnz|hourly,2026-08-17T18:48:05Z,2026-08-17T18:48:05Z,
95.141.17.8,ipv4,attack,high,WHITE,blocklist.de/all|blocklist.de/apache|blocklist.de/mail|ziyadnz/hourly-ipv4,blocklist.de|brute-force|apache|rfi|ddos|spam|mail|ziyadnz|hourly,2026-08-17T18:48:05Z,2026-08-17T18:48:05Z,
95.141.17.9,ipv4,attack,high,WHITE,blocklist.de/all|blocklist.de/apache|blocklist.de/mail|ziyadnz/hourly-ipv4,blocklist.de|brute-force|apache|rfi|ddos|spam|mail|ziyadnz|hourly,2026-08-17T18:48:05Z,2026-08-17T18:48:05Z,
95.141.17.10,ipv4,attack,high,WHITE,blocklist.de/all|blocklist.de/apache|blocklist.de/mail|ziyadnz/hourly-ipv4,blocklist.de|brute-force|apache|rfi|ddos|spam|mail|ziyadnz|hourly,2026-08-17T18:48:05Z,2026-08-17T18:48:05Z,
95.141.17.11,ipv4,attack,high,WHITE,blocklist.de/all|blocklist.de/apache|blocklist.de/mail|ziyadnz/hourly-ipv4,blocklist.de|brute-force|apache|rfi|ddos|spam|mail|ziyadnz|hourly,2026-08-17T18:48:05Z,2026-08-17T18:48:05Z,
95.141.17.12,ipv4,attack,high,WHITE,blocklist.de/all|blocklist.de/apache|blocklist.de/mail|ziyadnz/hourly-ipv4,blocklist.de|brute-force|apache|rfi|ddos|spam|mail|ziyadnz|hourly,2026-08-17T18:48:05Z,2026-08-17T18:48:05Z,
95.141.17.13,ipv4,attack,high,WHITE,blocklist.de/all|blocklist.de/apache|blocklist.de/mail|ziyadnz/hourly-ipv4,blocklist.de|brute-force|apache|rfi|ddos|spam|mail|ziyadnz|hourly,2026-08-17T18:48:05Z,2026-08-17T18:48:05Z,
95.141.17.14,ipv4,attack,high,WHITE,blocklist.de/all|blocklist.de/apache|blocklist.de/mail|ziyadnz/hourly-ipv4,blocklist.de|brute-force|apache|rfi|ddos|spam|mail|ziyadnz|hourly,2026-08-17T18:48:05Z,2026-08-17T18:48:05Z,
95.141.17.15,ipv4,attack,high,WHITE,blocklist.de/all|blocklist.de/apache|blocklist.de/mail|ziyadnz/hourly-ipv4,blocklist.de|brute-force|apache|rfi|ddos|spam|mail|ziyadnz|hourly,2026-08-17T18:48:05Z,2026-08-17T18:48:05Z,
95.141.17.16,ipv4,attack,high,WHITE,blocklist.de/all|blocklist.de/apache|blocklist.de/mail|ziyadnz/hourly-ipv4,blocklist.de|brute-force|apache|rfi|ddos|spam|mail|ziyadnz|hourly,2026-08-17T18:48:05Z,2026-08-17T18:48:05Z,
95.141.17.17,ipv4,attack,high,WHITE,blocklist.de/all|blocklist.de/apache|blocklist.de/mail|ziyadnz/hourly-ipv4,blocklist.de|brute-force|apache|rfi|ddos|spam|mail|ziyadnz|hourly,2026-08-17T18:48:05Z,2026-08-17T18:48:05Z,
95.141.17.18,ipv4,attack,high,WHITE,blocklist.de/all|blocklist.de/apache|blocklist.de/mail|ziyadnz/hourly-ipv4,blocklist.de|brute-force|apache|rfi|ddos|spam|mail|ziyadnz|hourly,2026-08-17T18:48:05Z,2026-08-17T18:48:05Z,
95.141.17.19,ipv4,attack,high,WHITE,blocklist.de/all|blocklist.de/apache|blocklist.de/mail|ziyadnz/hourly-ipv4,blocklist.de|brute-force|apache|rfi|ddos|spam|mail|ziyadnz|hourly,2026-08-17T18:48:05Z,2026-08-17T18:48:05Z,
95.141.17.20,ipv4,attack,high,WHITE,blocklist.de/all|blocklist.de/apache|blocklist.de/mail|ziyadnz/hourly-ipv4,blocklist.de|brute-force|apache|rfi|ddos|spam|mail|ziyadnz|hourly,2026-08-17T18:48:05Z,2026-08-17T18:48:05Z,
95.141.17.21,ipv4,attack,high,WHITE,blocklist.de/all|blocklist.de/apache|blocklist.de/mail|ziyadnz/hourly-ipv4,blocklist.de|brute-force|apache|rfi|ddos|spam|mail|ziyadnz|hourly,2026-08-17T18:48:05Z,2026-08-17T18:48:05Z,
95.141.17.22,ipv4,attack,high,WHITE,blocklist.de/all|blocklist.de/apache|blocklist.de/mail|ziyadnz/hourly-ipv4,blocklist.de|brute-force|apache|rfi|ddos|spam|mail|ziyadnz|hourly,2026-08-17T18:48:05Z,2026-08-17T18:48:05Z,
95.141.17.23,ipv4,attack,high,WHITE,blocklist.de/all|blocklist.de/apache|blocklist.de/mail|ziyadnz/hourly-ipv4,blocklist.de|brute-force|apache|rfi|ddos|spam|mail|ziyadnz|hourly,2026-08-17T18:48:05Z,2026-08-17T18:48:05Z,
95.141.17.24,ipv4,attack,high,WHITE,blocklist.de/all|blocklist.de/apache|blocklist.de/mail|ziyadnz/hourly-ipv4,blocklist.de|brute-force|apache|rfi|ddos|spam|mail|ziyadnz|hourly,2026-08-17T18:48:05Z,2026-08-17T18:48:05Z,
95.141.17.25,ipv4,attack,high,WHITE,blocklist.de/all|blocklist.de/apache|blocklist.de/mail|ziyadnz/hourly-ipv4,blocklist.de|brute-force|apache|rfi|ddos|spam|mail|ziyadnz|hourly,2026-08-17T18:48:05Z,2026-08-17T18:48:05Z,
95.141.17.26,ipv4,attack,high,WHITE,blocklist.de/all|blocklist.de/apache|blocklist.de/mail|ziyadnz/hourly-ipv4,blocklist.de|brute-force|apache|rfi|ddos|spam|mail|ziyadnz|hourly,2026-08-17T18:48:05Z,2026-08-17T18:48:05Z,
95.141.17.27,ipv4,attack,high,WHITE,blocklist.de/all|blocklist.de/apache|blocklist.de/mail|ziyadnz/hourly-ipv4,blocklist.de|brute-force|apache|rfi|ddos|spam|mail|ziyadnz|hourly,2026-08-17T18:48:05Z,2026-08-17T18:48:05Z,
95.141.17.28,ipv4,attack,high,WHITE,blocklist.de/all|blocklist.de/apache|blocklist.de/mail|ziyadnz/hourly-ipv4,blocklist.de|brute-force|apache|rfi|ddos|spam|mail|ziyadnz|hourly,2026-08-17T18:48:05Z,2026-08-17T18:48:05Z,
95.141.17.29,ipv4,attack,high,WHITE,blocklist.de/all|blocklist.de/apache|blocklist.de/mail|ziyadnz/hourly-ipv4,blocklist.de|brute-force|apache|rfi|ddos|spam|mail|ziyadnz|hourly,2026-08-17T18:48:05Z,2026-08-17T18:48:05Z,
95.141.17.30,ipv4,attack,high,WHITE,blocklist.de/all|blocklist.de/apache|blocklist.de/mail|ziyadnz/hourly-ipv4,blocklist.de|brute-force|apache|rfi|ddos|spam|mail|ziyadnz|hourly,2026-08-17T18:48:05Z,2026-08-17T18:48:05Z,
95.141.17.31,ipv4,attack,high,WHITE,blocklist.de/all|blocklist.de/apache|blocklist.de/mail|ziyadnz/hourly-ipv4,blocklist.de|brute-force|apache|rfi|ddos|spam|mail|ziyadnz|hourly,2026-08-17T18:48:05Z,2026-08-17T18:48:05Z,
95.141.17.32,ipv4,attack,high,WHITE,blocklist.de/all|blocklist.de/apache|blocklist.de/mail|ziyadnz/hourly-ipv4,blocklist.de|brute-force|apache|rfi|ddos|spam|mail|ziyadnz|hourly,2026-08-17T18:48:05Z,2026-08-17T18:48:05Z,
95.141.17.33,ipv4,attack,high,WHITE,blocklist.de/all|blocklist.de/apache|blocklist.de/mail|ziyadnz/hourly-ipv4,blocklist.de|brute-force|apache|rfi|ddos|spam|mail|ziyadnz|hourly,2026-08-17T18:48:05Z,2026-08-17T18:48:05Z,
95.141.17.34,ipv4,attack,high,WHITE,blocklist.de/all|blocklist.de/apache|blocklist.de/mail|ziyadnz/hourly-ipv4,blocklist.de|brute-force|apache|rfi|ddos|spam|mail|ziyadnz|hourly,2026-08-17T18:48:05Z,2026-08-17T18:48:05Z,
95.141.17.35,ipv4,attack,high,WHITE,blocklist.de/all|blocklist.de/apache|blocklist.de/mail|ziyadnz/hourly-ipv4,blocklist.de|brute-force|apache|rfi|ddos|spam|mail|ziyadnz|hourly,2026-08-17T18:48:05Z,2026-08-17T18:48:05Z,
95.141.17.36,ipv4,attack,high,WHITE,blocklist.de/all|blocklist.de/apache|blocklist.de/mail|ziyadnz/hourly-ipv4,blocklist.de|brute-force|apache|rfi|ddos|spam|mail|ziyadnz|hourly,2026-08-17T18:48:05Z,2026-08-17T18:48:05Z,
95.141.17.37,ipv4,attack,high,WHITE,blocklist.de/all|blocklist.de/apache|blocklist.de/mail|ziyadnz/hourly-ipv4,blocklist.de|brute-force|apache|rfi|ddos|spam|mail|ziyadnz|hourly,2026-08-17T18:48:05Z,2026-08-17T18:48:05Z,
95.141.17.38,ipv4,attack,high,WHITE,blocklist.de/all|blocklist.de/apache|blocklist.de/mail|ziyadnz/hourly-ipv4,blocklist.de|brute-force|apache|rfi|ddos|spam|mail|ziyadnz|hourly,2026-08-17T18:48:05Z,2026-08-17T18:48:05Z,
95.141.17.39,ipv4,attack,high,WHITE,blocklist.de/all|blocklist.de/apache|blocklist.de/mail|ziyadnz/hourly-ipv4,blocklist.de|brute-force|apache|rfi|ddos|spam|mail|ziyadnz|hourly,2026-08-17T18:48:05Z,2026-08-17T18:48:05Z,
95.141.17.40,ipv4,attack,high,WHITE,blocklist.de/all|blocklist.de/apache|blocklist.de/mail|ziyadnz/hourly-ipv4,blocklist.de|brute-force|apache|rfi|ddos|spam|mail|ziyadnz|hourly,2026-08-17T18:48:05Z,2026-08-17T18:48:05Z,
95.141.17.41,ipv4,attack,high,WHITE,blocklist.de/all|blocklist.de/apache|blocklist.de/mail|ziyadnz/hourly-ipv4,blocklist.de|brute-force|apache|rfi|ddos|spam|mail|ziyadnz|hourly,2026-08-17T18:48:05Z,2026-08-17T18:48:05Z,
95.141.17.42,ipv4,attack,high,WHITE,blocklist.de/all|blocklist.de/apache|blocklist.de/mail|ziyadnz/hourly-ipv4,blocklist.de|brute-force|apache|rfi|ddos|spam|mail|ziyadnz|hourly,2026-08-17T18:48:05Z,2026-08-17T18:48:05Z,
95.141.17.43,ipv4,attack,high,WHITE,blocklist.de/all|blocklist.de/apache|blocklist.de/mail|ziyadnz/hourly-ipv4,blocklist.de|brute-force|apache|rfi|ddos|spam|mail|ziyadnz|hourly,2026-08-17T18:48:05Z,2026-08-17T18:48:05Z,
95.141.17.44,ipv4,attack,high,WHITE,blocklist.de/all|blocklist.de/apache|blocklist.de/mail|ziyadnz/hourly-ipv4,blocklist.de|brute-force|apache|rfi|ddos|spam|mail|ziyadnz|hourly,2026-08-17T18:48:05Z,2026-08-17T18:48:05Z,
95.141.17.45,ipv4,attack,high,WHITE,blocklist.de/all|blocklist.de/apache|blocklist.de/mail|ziyadnz/hourly-ipv4,blocklist.de|brute-force|apache|rfi|ddos|spam|mail|ziyadnz|hourly,2026-08-17T18:48:05Z,2026-08-17T18:48:05Z,
95.141.17.46,ipv4,attack,high,WHITE,blocklist.de/all|blocklist.de/apache|blocklist.de/mail|ziyadnz/hourly-ipv4,blocklist.de|brute-force|apache|rfi|ddos|spam|mail|ziyadnz|hourly,2026-08-17T18:48:05Z,2026-08-17T18:48:05Z,
95.141.17.47,ipv4,attack,high,WHITE,blocklist.de/all|blocklist.de/apache|blocklist.de/mail|ziyadnz/hourly-ipv4,blocklist.de|brute-force|apache|rfi|ddos|spam|mail|ziyadnz|hourly,2026-08-17T18:48:05Z,2026-08-17T18:48:05Z,
95.141.17.48,ipv4,attack,high,WHITE,blocklist.de/all|blocklist.de/apache|blocklist.de/mail|ziyadnz/hourly-ipv4,blocklist.de|brute-force|apache|rfi|ddos|spam|mail|ziyadnz|hourly,2026-08-17T18:48:05Z,2026-08-17T18:48:05Z,
95.141.17.49,ipv4,attack,high,WHITE,blocklist.de/all|blocklist.de/apache|blocklist.de/mail|ziyadnz/hourly-ipv4,blocklist.de|brute-force|apache|rfi|ddos|spam|mail|ziyadnz|hourly,2026-08-17T18:48:05Z,2026-08-17T18:48:05Z,
95.141.17.50,ipv4,attack,high,WHITE,blocklist.de/all|blocklist.de/apache|blocklist.de/mail|ziyadnz/hourly-ipv4,blocklist.de|brute-force|apache|rfi|ddos|spam|mail|ziyadnz|hourly,2026-08-17T18:48:05Z,2026-08-17T18:48:05Z,
95.141.17.51,ipv4,attack,high,WHITE,blocklist.de/all|blocklist.de/apache|blocklist.de/mail|ziyadnz/hourly-ipv4,blocklist.de|brute-force|apache|rfi|ddos|spam|mail|ziyadnz|hourly,2026-08-17T18:48:05Z,2026-08-17T18:48:05Z,
95.141.17.52,ipv4,attack,high,WHITE,blocklist.de/all|blocklist.de/apache|blocklist.de/mail|ziyadnz/hourly-ipv4,blocklist.de|brute-force|apache|rfi|ddos|spam|mail|ziyadnz|hourly,2026-08-17T18:48:05Z,2026-08-17T18:48:05Z,
95.141.17.53,ipv4,attack,high,WHITE,blocklist.de/all|blocklist.de/apache|blocklist.de/mail|ziyadnz/hourly-ipv4,blocklist.de|brute-force|apache|rfi|ddos|spam|mail|ziyadnz|hourly,2026-08-17T18:48:05Z,2026-08-17T18:48:05Z,
95.141.17.54,ipv4,attack,high,WHITE,blocklist.de/all|blocklist.de/apache|blocklist.de/mail|ziyadnz/hourly-ipv4,blocklist.de|brute-force|apache|rfi|ddos|spam|mail|ziyadnz|hourly,2026-08-17T18:48:05Z,2026-08-17T18:48:05Z,
95.141.17.55,ipv4,attack,high,WHITE,blocklist.de/all|blocklist.de/apache|blocklist.de/mail|ziyadnz/hourly-ipv4,blocklist.de|brute-force|apache|rfi|ddos|spam|mail|ziyadnz|hourly,2026-08-17T18:48:05Z,2026-08-17T18:48:05Z,
95.141.17.56,ipv4,attack,high,WHITE,blocklist.de/all|blocklist.de/apache|blocklist.de/mail|ziyadnz/hourly-ipv4,blocklist.de|brute-force|apache|rfi|ddos|spam|mail|ziyadnz|hourly,2026-08-17T18:48:05Z,2026-08-17T18:48:05Z,
95.141.17.57,ipv4,attack,high,WHITE,blocklist.de/all|blocklist.de/apache|blocklist.de/mail|ziyadnz/hourly-ipv4,blocklist.de|brute-force|apache|rfi|ddos|spam|mail|ziyadnz|hourly,2026-08-17T18:48:05Z,2026-08-17T18:48:05Z,
95.141.17.58,ipv4,attack,high,WHITE,blocklist.de/all|blocklist.de/apache|blocklist.de/mail|ziyadnz/hourly-ipv4,blocklist.de|brute-force|apache|rfi|ddos|spam|mail|ziyadnz|hourly,2026-08-17T18:48:05Z,2026-08-17T18:48:05Z,
95.141.17.59,ipv4,attack,high,WHITE,blocklist.de/all|blocklist.de/apache|blocklist.de/mail|ziyadnz/hourly-ipv4,blocklist.de|brute-force|apache|rfi|ddos|spam|mail|ziyadnz|hourly,2026-08-17T18:48:05Z,2026-08-17T18:48:05Z,
95.141.17.60,ipv4,attack,high,WHITE,blocklist.de/all|blocklist.de/apache|blocklist.de/mail|ziyadnz/hourly-ipv4,blocklist.de|brute-force|apache|rfi|ddos|spam|mail|ziyadnz|hourly,2026-08-17T18:48:05Z,2026-08-17T18:48:05Z,
95.141.17.61,ipv4,attack,high,WHITE,blocklist.de/all|blocklist.de/apache|blocklist.de/mail|ziyadnz/hourly-ipv4,blocklist.de|brute-force|apache|rfi|ddos|spam|mail|ziyadnz|hourly,2026-08-17T18:48:05Z,2026-08-17T18:48:05Z,
95.141.17.62,ipv4,attack,high,WHITE,blocklist.de/all|blocklist.de/apache|blocklist.de/mail|ziyadnz/hourly-ipv4,blocklist.de|brute-force|apache|rfi|ddos|spam|mail|ziyadnz|hourly,2026-08-17T18:48:05Z,2026-08-17T18:48:05Z,
95.141.17.63,ipv4,attack,high,WHITE,blocklist.de/all|blocklist.de/apache|blocklist.de/mail|ziyadnz/hourly-ipv4,blocklist.de|brute-force|apache|rfi|ddos|spam|mail|ziyadnz|hourly,2026-08-17T18:48:05Z,2026-08-17T18:48:05Z,
95.141.17.64,ipv4,attack,high,WHITE,blocklist.de/all|blocklist.de/apache|blocklist.de/mail|ziyadnz/hourly-ipv4,blocklist.de|brute-force|apache|rfi|ddos|spam|mail|ziyadnz|hourly,2026-08-17T18:48:05Z,2026-08-17T18:48:05Z,
95.141.17.65,ipv4,attack,high,WHITE,blocklist.de/all|blocklist.de/apache|blocklist.de/mail|ziyadnz/hourly-ipv4,blocklist.de|brute-force|apache|rfi|ddos|spam|mail|ziyadnz|hourly,2026-08-17T18:48:05Z,2026-08-17T18:48:05Z,
95.141.17.66,ipv4,attack,high,WHITE,blocklist.de/all|blocklist.de/apache|blocklist.de/mail|ziyadnz/hourly-ipv4,blocklist.de|brute-force|apache|rfi|ddos|spam|mail|ziyadnz|hourly,2026-08-17T18:48:05Z,2026-08-17T18:48:05Z,
95.141.17.67,ipv4,attack,high,WHITE,blocklist.de/all|blocklist.de/apache|blocklist.de/mail|ziyadnz/hourly-ipv4,blocklist.de|brute-force|apache|rfi|ddos|spam|mail|ziyadnz|hourly,2026-08-17T18:48:05Z,2026-08-17T18:48:05Z,
95.141.17.68,ipv4,attack,high,WHITE,blocklist.de/all|blocklist.de/apache|blocklist.de/mail|ziyadnz/hourly-ipv4,blocklist.de|brute-force|apache|rfi|ddos|spam|mail|ziyadnz|hourly,2026-08-17T18:48:05Z,2026-08-17T18:48:05Z,
95.141.17.69,ipv4,attack,high,WHITE,blocklist.de/all|blocklist.de/apache|blocklist.de/mail|ziyadnz/hourly-ipv4,blocklist.de|brute-force|apache|rfi|ddos|spam|mail|ziyadnz|hourly,2026-08-17T18:48:05Z,2026-08-17T18:48:05Z,
95.141.17.70,ipv4,attack,high,WHITE,blocklist.de/all|blocklist.de/apache|blocklist.de/mail|ziyadnz/hourly-ipv4,blocklist.de|brute-force|apache|rfi|ddos|spam|mail|ziyadnz|hourly,2026-08-17T18:48:05Z,2026-08-17T18:48:05Z,
95.141.17.71,ipv4,attack,high,WHITE,blocklist.de/all|blocklist.de/apache|blocklist.de/mail|ziyadnz/hourly-ipv4,blocklist.de|brute-force|apache|rfi|ddos|spam|mail|ziyadnz|hourly,2026-08-17T18:48:05Z,2026-08-17T18:48:05Z,
95.141.17.72,ipv4,attack,high,WHITE,blocklist.de/all|blocklist.de/apache|blocklist.de/mail|ziyadnz/hourly-ipv4,blocklist.de|brute-force|apache|rfi|ddos|spam|mail|ziyadnz|hourly,2026-08-17T18:48:05Z,2026-08-17T18:48:05Z,
95.141.17.73,ipv4,attack,high,WHITE,blocklist.de/all|blocklist.de/apache|blocklist.de/mail|ziyadnz/hourly-ipv4,blocklist.de|brute-force|apache|rfi|ddos|spam|mail|ziyadnz|hourly,2026-08-17T18:48:05Z,2026-08-17T18:48:05Z,
95.141.17.74,ipv4,attack,high,WHITE,blocklist.de/all|blocklist.de/apache|blocklist.de/mail|ziyadnz/hourly-ipv4,blocklist.de|brute-force|apache|rfi|ddos|spam|mail|ziyadnz|hourly,2026-08-17T18:48:05Z,2026-08-17T18:48:05Z,
95.141.17.75,ipv4,attack,high,WHITE,blocklist.de/all|blocklist.de/apache|blocklist.de/mail|ziyadnz/hourly-ipv4,blocklist.de|brute-force|apache|rfi|ddos|spam|mail|ziyadnz|hourly,2026-08-17T18:48:05Z,2026-08-17T18:48:05Z,
95.141.17.76,ipv4,attack,high,WHITE,blocklist.de/all|blocklist.de/apache|blocklist.de/mail|ziyadnz/hourly-ipv4,blocklist.de|brute-force|apache|rfi|ddos|spam|mail|ziyadnz|hourly,2026-08-17T18:48:05Z,2026-08-17T18:48:05Z,
95.141.17.77,ipv4,attack,high,WHITE,blocklist.de/all|blocklist.de/apache|blocklist.de/mail|ziyadnz/hourly-ipv4,blocklist.de|brute-force|apache|rfi|ddos|spam|mail|ziyadnz|hourly,2026-08-17T18:48:05Z,2026-08-17T18:48:05Z,
95.141.17.78,ipv4,attack,high,WHITE,blocklist.de/all|blocklist.de/apache|blocklist.de/mail|ziyadnz/hourly-ipv4,blocklist.de|brute-force|apache|rfi|ddos|spam|mail|ziyadnz|hourly,2026-08-17T18:48:05Z,2026-08-17T18:48:05Z,
95.141.17.79,ipv4,attack,high,WHITE,blocklist.de/all|blocklist.de/apache|blocklist.de/mail|ziyadnz/hourly-ipv4,blocklist.de|brute-force|apache|rfi|ddos|spam|mail|ziyadnz|hourly,2026-08-17T18:48:05Z,2026-08-17T18:48:05Z,
95.141.17.80,ipv4,attack,high,WHITE,blocklist.de/all|blocklist.de/apache|blocklist.de/mail|ziyadnz/hourly-ipv4,blocklist.de|brute-force|apache|rfi|ddos|spam|mail|ziyadnz|hourly,2026-08-17T18:48:05Z,2026-08-17T18:48:05Z,
95.141.17.81,ipv4,attack,high,WHITE,blocklist.de/all|blocklist.de/apache|blocklist.de/mail|ziyadnz/hourly-ipv4,blocklist.de|brute-force|apache|rfi|ddos|spam|mail|ziyadnz|hourly,2026-08-17T18:48:05Z,2026-08-17T18:48:05Z,
95.141.17.82,ipv4,attack,high,WHITE,blocklist.de/all|blocklist.de/apache|blocklist.de/mail|ziyadnz/hourly-ipv4,blocklist.de|brute-force|apache|rfi|ddos|spam|mail|ziyadnz|hourly,2026-08-17T18:48:05Z,2026-08-17T18:48:05Z,
95.141.17.83,ipv4,attack,high,WHITE,blocklist.de/all|blocklist.de/apache|blocklist.de/mail|ziyadnz/hourly-ipv4,blocklist.de|brute-force|apache|rfi|ddos|spam|mail|ziyadnz|hourly,2026-08-17T18:48:05Z,2026-08-17T18:48:05Z,
95.141.17.84,ipv4,attack,high,WHITE,blocklist.de/all|blocklist.de/apache|blocklist.de/mail|ziyadnz/hourly-ipv4,blocklist.de|brute-force|apache|rfi|ddos|spam|mail|ziyadnz|hourly,2026-08-17T18:48:05Z,2026-08-17T18:48:05Z,
95.141.17.85,ipv4,attack,high,WHITE,blocklist.de/all|blocklist.de/apache|blocklist.de/mail|ziyadnz/hourly-ipv4,blocklist.de|brute-force|apache|rfi|ddos|spam|mail|ziyadnz|hourly,2026-08-17T18:48:05Z,2026-08-17T18:48:05Z,
95.141.17.86,ipv4,attack,high,WHITE,blocklist.de/all|blocklist.de/apache|blocklist.de/mail|ziyadnz/hourly-ipv4,blocklist.de|brute-force|apache|rfi|ddos|spam|mail|ziyadnz|hourly,2026-08-17T18:48:05Z,2026-08-17T18:48:05Z,
95.141.17.87,ipv4,attack,high,WHITE,blocklist.de/all|blocklist.de/apache|blocklist.de/mail|ziyadnz/hourly-ipv4,blocklist.de|brute-force|apache|rfi|ddos|spam|mail|ziyadnz|hourly,2026-08-17T18:48:05Z,2026-08-17T18:48:05Z,
95.141.17.88,ipv4,attack,high,WHITE,blocklist.de/all|blocklist.de/apache|blocklist.de/mail|ziyadnz/hourly-ipv4,blocklist.de|brute-force|apache|rfi|ddos|spam|mail|ziyadnz|hourly,2026-08-17T18:48:05Z,2026-08-17T18:48:05Z,
95.141.17.89,ipv4,attack,high,WHITE,blocklist.de/all|blocklist.de/apache|blocklist.de/mail|ziyadnz/hourly-ipv4,blocklist.de|brute-force|apache|rfi|ddos|spam|mail|ziyadnz|hourly,2026-08-17T18:48:05Z,2026-08-17T18:48:05Z,
95.141.17.90,ipv4,attack,high,WHITE,blocklist.de/all|blocklist.de/apache|blocklist.de/mail|ziyadnz/hourly-ipv4,blocklist.de|brute-force|apache|rfi|ddos|spam|mail|ziyadnz|hourly,2026-08-17T18:48:05Z,2026-08-17T18:48:05Z,
95.141.17.91,ipv4,attack,high,WHITE,blocklist.de/all|blocklist.de/apache|blocklist.de/mail|ziyadnz/hourly-ipv4,blocklist.de|brute-force|apache|rfi|ddos|spam|mail|ziyadnz|hourly,2026-08-17T18:48:05Z,2026-08-17T18:48:05Z,
95.141.17.92,ipv4,attack,high,WHITE,blocklist.de/all|blocklist.de/apache|blocklist.de/mail|ziyadnz/hourly-ipv4,blocklist.de|brute-force|apache|rfi|ddos|spam|mail|ziyadnz|hourly,2026-08-17T18:48:05Z,2026-08-17T18:48:05Z,
95.141.17.93,ipv4,attack,high,WHITE,blocklist.de/all|blocklist.de/apache|blocklist.de/mail|ziyadnz/hourly-ipv4,blocklist.de|brute-force|apache|rfi|ddos|spam|mail|ziyadnz|hourly,2026-08-17T18:48:05Z,2026-08-17T18:48:05Z,
95.141.17.94,ipv4,attack,high,WHITE,blocklist.de/all|blocklist.de/apache|blocklist.de/mail|ziyadnz/hourly-ipv4,blocklist.de|brute-force|apache|rfi|ddos|spam|mail|ziyadnz|hourly,2026-08-17T18:48:05Z,2026-08-17T18:48:05Z,
95.141.17.95,ipv4,attack,high,WHITE,blocklist.de/all|blocklist.de/apache|blocklist.de/mail|ziyadnz/hourly-ipv4,blocklist.de|brute-force|apache|rfi|ddos|spam|mail|ziyadnz|hourly,2026-08-17T18:48:05Z,2026-08-17T18:48:05Z,
95.141.17.96,ipv4,attack,high,WHITE,blocklist.de/all|blocklist.de/apache|blocklist.de/mail|ziyadnz/hourly-ipv4,blocklist.de|brute-force|apache|rfi|ddos|spam|mail|ziyadnz|hourly,2026-08-17T18:48:05Z,2026-08-17T18:48:05Z,
95.141.17.97,ipv4,attack,high,WHITE,blocklist.de/all|blocklist.de/apache|blocklist.de/mail|ziyadnz/hourly-ipv4,blocklist.de|brute-force|apache|rfi|ddos|spam|mail|ziyadnz|hourly,2026-08-17T18:48:05Z,2026-08-17T18:48:05Z,
95.141.17.98,ipv4,attack,high,WHITE,blocklist.de/all|blocklist.de/apache|blocklist.de/mail|ziyadnz/hourly-ipv4,blocklist.de|brute-force|apache|rfi|ddos|spam|mail|ziyadnz|hourly,2026-08-17T18:48:05Z,2026-08-17T18:48:05Z,
95.141.17.99,ipv4,attack,high,WHITE,blocklist.de/all|blocklist.de/apache|blocklist.de/mail|ziyadnz/hourly-ipv4,blocklist.de|brute-force|apache|rfi|ddos|spam|mail|ziyadnz|hourly,2026-08-17T18:48:05Z,2026-08-17T18:48:05Z,
95.141.17.100,ipv4,attack,high,WHITE,blocklist.de/all|blocklist.de/apache|blocklist.de/mail|ziyadnz/hourly-ipv4,blocklist.de|brute-force|apache|rfi|ddos|spam|mail|ziyadnz|hourly,2026-08-17T18:48:05Z,2026-08-17T18:48:05Z,
95.141.17.101,ipv4,attack,high,WHITE,blocklist.de/all|blocklist.de/apache|blocklist.de/mail|ziyadnz/hourly-ipv4,blocklist.de|brute-force|apache|rfi|ddos|spam|mail|ziyadnz|hourly,2026-08-17T18:48:05Z,2026-08-17T18:48:05Z,
95.141.17.102,ipv4,attack,high,WHITE,blocklist.de/all|blocklist.de/apache|blocklist.de/mail|ziyadnz/hourly-ipv4,blocklist.de|brute-force|apache|rfi|ddos|spam|mail|ziyadnz|hourly,2026-08-17T18:48:05Z,2026-08-17T18:48:05Z,
95.141.17.103,ipv4,attack,high,WHITE,blocklist.de/all|blocklist.de/apache|blocklist.de/mail|ziyadnz/hourly-ipv4,blocklist.de|brute-force|apache|rfi|ddos|spam|mail|ziyadnz|hourly,2026-08-17T18:48:05Z,2026-08-17T18:48:05Z,
95.141.17.104,ipv4,attack,high,WHITE,blocklist.de/all|blocklist.de/apache|blocklist.de/mail|ziyadnz/hourly-ipv4,blocklist.de|brute-force|apache|rfi|ddos|spam|mail|ziyadnz|hourly,2026-08-17T18:48:05Z,2026-08-17T18:48:05Z,
95.141.17.105,ipv4,attack,high,WHITE,blocklist.de/all|blocklist.de/apache|blocklist.de/mail|ziyadnz/hourly-ipv4,blocklist.de|brute-force|apache|rfi|ddos|spam|mail|ziyadnz|hourly,2026-08-17T18:48:05Z,2026-08-17T18:48:05Z,
95.141.17.106,ipv4,attack,high,WHITE,blocklist.de/all|blocklist.de/apache|blocklist.de/mail|ziyadnz/hourly-ipv4,blocklist.de|brute-force|apache|rfi|ddos|spam|mail|ziyadnz|hourly,2026-08-17T18:48:05Z,2026-08-17T18:48:05Z,
95.141.17.107,ipv4,attack,high,WHITE,blocklist.de/all|blocklist.de/apache|blocklist.de/mail|ziyadnz/hourly-ipv4,blocklist.de|brute-force|apache|rfi|ddos|spam|mail|ziyadnz|hourly,2026-08-17T18:48:05Z,2026-08-17T18:48:05Z,
95.141.17.108,ipv4,attack,high,WHITE,blocklist.de/all|blocklist.de/apache|blocklist.de/mail|ziyadnz/hourly-ipv4,blocklist.de|brute-force|apache|rfi|ddos|spam|mail|ziyadnz|hourly,2026-08-17T18:48:05Z,2026-08-17T18:48:05Z,
95.141.17.109,ipv4,attack,high,WHITE,blocklist.de/all|blocklist.de/apache|blocklist.de/mail|ziyadnz/hourly-ipv4,blocklist.de|brute-force|apache|rfi|ddos|spam|mail|ziyadnz|hourly,2026-08-17T18:48:05Z,2026-08-17T18:48:05Z,
95.141.17.110,ipv4,attack,high,WHITE,blocklist.de/all|blocklist.de/apache|blocklist.de/mail|ziyadnz/hourly-ipv4,blocklist.de|brute-force|apache|rfi|ddos|spam|mail|ziyadnz|hourly,2026-08-17T18:48:05Z,2026-08-17T18:48:05Z,
95.141.17.111,ipv4,attack,high,WHITE,blocklist.de/all|blocklist.de/apache|blocklist.de/mail|ziyadnz/hourly-ipv4,blocklist.de|brute-force|apache|rfi|ddos|spam|mail|ziyadnz|hourly,2026-08-17T18:48:05Z,2026-08-17T18:48:05Z,
95.141.17.112,ipv4,attack,high,WHITE,blocklist.de/all|blocklist.de/apache|blocklist.de/mail|ziyadnz/hourly-ipv4,blocklist.de|brute-force|apache|rfi|ddos|spam|mail|ziyadnz|hourly,2026-08-17T18:48:05Z,2026-08-17T18:48:05Z,
95.141.17.113,ipv4,attack,high,WHITE,blocklist.de/all|blocklist.de/apache|blocklist.de/mail|ziyadnz/hourly-ipv4,blocklist.de|brute-force|apache|rfi|ddos|spam|mail|ziyadnz|hourly,2026-08-17T18:48:05Z,2026-08-17T18:48:05Z,
95.141.17.114,ipv4,attack,high,WHITE,blocklist.de/all|blocklist.de/apache|blocklist.de/mail|ziyadnz/hourly-ipv4,blocklist.de|brute-force|apache|rfi|ddos|spam|mail|ziyadnz|hourly,2026-08-17T18:48:05Z,2026-08-17T18:48:05Z,
95.141.17.115,ipv4,attack,high,WHITE,blocklist.de/all|blocklist.de/apache|blocklist.de/mail|ziyadnz/hourly-ipv4,blocklist.de|brute-force|apache|rfi|ddos|spam|mail|ziyadnz|hourly,2026-08-17T18:48:05Z,2026-08-17T18:48:05Z,
95.141.17.116,ipv4,attack,high,WHITE,blocklist.de/all|blocklist.de/apache|blocklist.de/mail|ziyadnz/hourly-ipv4,blocklist.de|brute-force|apache|rfi|ddos|spam|mail|ziyadnz|hourly,2026-08-17T18:48:05Z,2026-08-17T18:48:05Z,
95.141.17.117,ipv4,attack,high,WHITE,blocklist.de/all|blocklist.de/apache|blocklist.de/mail|ziyadnz/hourly-ipv4,blocklist.de|brute-force|apache|rfi|ddos|spam|mail|ziyadnz|hourly,2026-08-17T18:48:05Z,2026-08-17T18:48:05Z,
95.141.17.118,ipv4,attack,high,WHITE,blocklist.de/all|blocklist.de/apache|blocklist.de/mail|ziyadnz/hourly-ipv4,blocklist.de|brute-force|apache|rfi|ddos|spam|mail|ziyadnz|hourly,2026-08-17T18:48:05Z,2026-08-17T18:48:05Z,
95.141.17.119,ipv4,attack,high,WHITE,blocklist.de/all|blocklist.de/apache|blocklist.de/mail|ziyadnz/hourly-ipv4,blocklist.de|brute-force|apache|rfi|ddos|spam|mail|ziyadnz|hourly,2026-08-17T18:48:05Z,2026-08-17T18:48:05Z,
95.141.17.120,ipv4,attack,high,WHITE,blocklist.de/all|blocklist.de/apache|blocklist.de/mail|ziyadnz/hourly-ipv4,blocklist.de|brute-force|apache|rfi|ddos|spam|mail|ziyadnz|hourly,2026-08-17T18:48:05Z,2026-08-17T18:48:05Z,
95.141.17.121,ipv4,attack,high,WHITE,blocklist.de/all|blocklist.de/apache|blocklist.de/mail|ziyadnz/hourly-ipv4,blocklist.de|brute-force|apache|rfi|ddos|spam|mail|ziyadnz|hourly,2026-08-17T18:48:05Z,2026-08-17T18:48:05Z,
95.141.17.122,ipv4,attack,high,WHITE,blocklist.de/all|blocklist.de/apache|blocklist.de/mail|ziyadnz/hourly-ipv4,blocklist.de|brute-force|apache|rfi|ddos|spam|mail|ziyadnz|hourly,2026-08-17T18:48:05Z,2026-08-17T18:48:05Z,
95.141.17.123,ipv4,attack,high,WHITE,blocklist.de/all|blocklist.de/apache|blocklist.de/mail|ziyadnz/hourly-ipv4,blocklist.de|brute-force|apache|rfi|ddos|spam|mail|ziyadnz|hourly,2026-08-17T18:48:05Z,2026-08-17T18:48:05Z,
95.141.17.124,ipv4,attack,high,WHITE,blocklist.de/all|blocklist.de/apache|blocklist.de/mail|ziyadnz/hourly-ipv4,blocklist.de|brute-force|apache|rfi|ddos|spam|mail|ziyadnz|hourly,2026-08-17T18:48:05Z,2026-08-17T18:48:05Z,
95.141.17.125,ipv4,attack,high,WHITE,blocklist.de/all|blocklist.de/apache|blocklist.de/mail|ziyadnz/hourly-ipv4,blocklist.de|brute-force|apache|rfi|ddos|spam|mail|ziyadnz|hourly,2026-08-17T18:48:05Z,2026-08-17T18:48:05Z,
95.141.17.126,ipv4,attack,high,WHITE,blocklist.de/all|blocklist.de/apache|blocklist.de/mail|ziyadnz/hourly-ipv4,blocklist.de|brute-force|apache|rfi|ddos|spam|mail|ziyadnz|hourly,2026-08-17T18:48:05Z,2026-08-17T18:48:05Z,
95.141.17.127,ipv4,attack,high,WHITE,blocklist.de/all|blocklist.de/apache|blocklist.de/mail|ziyadnz/hourly-ipv4,blocklist.de|brute-force|apache|rfi|ddos|spam|mail|ziyadnz|hourly,2026-08-17T18:48:05Z,2026-08-17T18:48:05Z,
95.141.17.128,ipv4,attack,high,WHITE,blocklist.de/all|blocklist.de/apache|blocklist.de/mail|ziyadnz/hourly-ipv4,blocklist.de|brute-force|apache|rfi|ddos|spam|mail|ziyadnz|hourly,2026-08-17T18:48:05Z,2026-08-17T18:48:05Z,
95.141.17.129,ipv4,attack,high,WHITE,blocklist.de/all|blocklist.de/apache|blocklist.de/mail|ziyadnz/hourly-ipv4,blocklist.de|brute-force|apache|rfi|ddos|spam|mail|ziyadnz|hourly,2026-08-17T18:48:05Z,2026-08-17T18:48:05Z,
95.141.17.130,ipv4,attack,high,WHITE,blocklist.de/all|blocklist.de/apache|blocklist.de/mail|ziyadnz/hourly-ipv4,blocklist.de|brute-force|apache|rfi|ddos|spam|mail|ziyadnz|hourly,2026-08-17T18:48:05Z,2026-08-17T18:48:05Z,
95.141.17.131,ipv4,attack,high,WHITE,blocklist.de/all|blocklist.de/apache|blocklist.de/mail|ziyadnz/hourly-ipv4,blocklist.de|brute-force|apache|rfi|ddos|spam|mail|ziyadnz|hourly,2026-08-17T18:48:05Z,2026-08-17T18:48:05Z,
95.141.17.132,ipv4,attack,high,WHITE,blocklist.de/all|blocklist.de/apache|blocklist.de/mail|ziyadnz/hourly-ipv4,blocklist.de|brute-force|apache|rfi|ddos|spam|mail|ziyadnz|hourly,2026-08-17T18:48:05Z,2026-08-17T18:48:05Z,
95.141.17.133,ipv4,attack,high,WHITE,blocklist.de/all|blocklist.de/apache|blocklist.de/mail|ziyadnz/hourly-ipv4,blocklist.de|brute-force|apache|rfi|ddos|spam|mail|ziyadnz|hourly,2026-08-17T18:48:05Z,2026-08-17T18:48:05Z,
95.141.17.134,ipv4,attack,high,WHITE,blocklist.de/all|blocklist.de/apache|blocklist.de/mail|ziyadnz/hourly-ipv4,blocklist.de|brute-force|apache|rfi|ddos|spam|mail|ziyadnz|hourly,2026-08-17T18:48:05Z,2026-08-17T18:48:05Z,
95.141.17.135,ipv4,attack,high,WHITE,blocklist.de/all|blocklist.de/apache|blocklist.de/mail|ziyadnz/hourly-ipv4,blocklist.de|brute-force|apache|rfi|ddos|spam|mail|ziyadnz|hourly,2026-08-17T18:48:05Z,2026-08-17T18:48:05Z,
95.141.17.136,ipv4,attack,high,WHITE,blocklist.de/all|blocklist.de/apache|blocklist.de/mail|ziyadnz/hourly-ipv4,blocklist.de|brute-force|apache|rfi|ddos|spam|mail|ziyadnz|hourly,2026-08-17T18:48:05Z,2026-08-17T18:48:05Z,
95.141.17.137,ipv4,attack,high,WHITE,blocklist.de/all|blocklist.de/apache|blocklist.de/mail|ziyadnz/hourly-ipv4,blocklist.de|brute-force|apache|rfi|ddos|spam|mail|ziyadnz|hourly,2026-08-17T18:48:05Z,2026-08-17T18:48:05Z,
95.141.17.138,ipv4,attack,high,WHITE,blocklist.de/all|blocklist.de/apache|blocklist.de/mail|ziyadnz/hourly-ipv4,blocklist.de|brute-force|apache|rfi|ddos|spam|mail|ziyadnz|hourly,2026-08-17T18:48:05Z,2026-08-17T18:48:05Z,
95.141.17.139,ipv4,attack,high,WHITE,blocklist.de/all|blocklist.de/apache|blocklist.de/mail|ziyadnz/hourly-ipv4,blocklist.de|brute-force|apache|rfi|ddos|spam|mail|ziyadnz|hourly,2026-08-17T18:48:05Z,2026-08-17T18:48:05Z,
95.141.17.140,ipv4,attack,high,WHITE,blocklist.de/all|blocklist.de/apache|blocklist.de/mail|ziyadnz/hourly-ipv4,blocklist.de|brute-force|apache|rfi|ddos|spam|mail|ziyadnz|hourly,2026-08-17T18:48:05Z,2026-08-17T18:48:05Z,
95.141.17.141,ipv4,attack,high,WHITE,blocklist.de/all|blocklist.de/apache|blocklist.de/mail|ziyadnz/hourly-ipv4,blocklist.de|brute-force|apache|rfi|ddos|spam|mail|ziyadnz|hourly,2026-08-17T18:48:05Z,2026-08-17T18:48:05Z,
95.141.17.142,ipv4,attack,high,WHITE,blocklist.de/all|blocklist.de/apache|blocklist.de/mail|ziyadnz/hourly-ipv4,blocklist.de|brute-force|apache|rfi|ddos|spam|mail|ziyadnz|hourly,2026-08-17T18:48:05Z,2026-08-17T18:48:05Z,
95.141.17.143,ipv4,attack,high,WHITE,blocklist.de/all|blocklist.de/apache|blocklist.de/mail|ziyadnz/hourly-ipv4,blocklist.de|brute-force|apache|rfi|ddos|spam|mail|ziyadnz|hourly,2026-08-17T18:48:05Z,2026-08-17T18:48:05Z,
95.141.17.144,ipv4,attack,high,WHITE,blocklist.de/all|blocklist.de/apache|blocklist.de/mail|ziyadnz/hourly-ipv4,blocklist.de|brute-force|apache|rfi|ddos|spam|mail|ziyadnz|hourly,2026-08-17T18:48:05Z,2026-08-17T18:48:05Z,
95.141.17.145,ipv4,attack,high,WHITE,blocklist.de/all|blocklist.de/apache|blocklist.de/mail|ziyadnz/hourly-ipv4,blocklist.de|brute-force|apache|rfi|ddos|spam|mail|ziyadnz|hourly,2026-08-17T18:48:05Z,2026-08-17T18:48:05Z,
95.141.17.146,ipv4,attack,high,WHITE,blocklist.de/all|blocklist.de/apache|blocklist.de/mail|ziyadnz/hourly-ipv4,blocklist.de|brute-force|apache|rfi|ddos|spam|mail|ziyadnz|hourly,2026-08-17T18:48:05Z,2026-08-17T18:48:05Z,
95.141.17.147,ipv4,attack,high,WHITE,blocklist.de/all|blocklist.de/apache|blocklist.de/mail|ziyadnz/hourly-ipv4,blocklist.de|brute-force|apache|rfi|ddos|spam|mail|ziyadnz|hourly,2026-08-17T18:48:05Z,2026-08-17T18:48:05Z,
95.141.17.148,ipv4,attack,high,WHITE,blocklist.de/all|blocklist.de/apache|blocklist.de/mail|ziyadnz/hourly-ipv4,blocklist.de|brute-force|apache|rfi|ddos|spam|mail|ziyadnz|hourly,2026-08-17T18:48:05Z,2026-08-17T18:48:05Z,
95.141.17.149,ipv4,attack,high,WHITE,blocklist.de/all|blocklist.de/apache|blocklist.de/mail|ziyadnz/hourly-ipv4,blocklist.de|brute-force|apache|rfi|ddos|spam|mail|ziyadnz|hourly,2026-08-17T18:48:05Z,2026-08-17T18:48:05Z,
95.141.17.150,ipv4,attack,high,WHITE,blocklist.de/all|blocklist.de/apache|blocklist.de/mail|ziyadnz/hourly-ipv4,blocklist.de|brute-force|apache|rfi|ddos|spam|mail|ziyadnz|hourly,2026-08-17T18:48:05Z,2026-08-17T18:48:05Z,
95.141.17.151,ipv4,attack,high,WHITE,blocklist.de/all|blocklist.de/apache|blocklist.de/mail|ziyadnz/hourly-ipv4,blocklist.de|brute-force|apache|rfi|ddos|spam|mail|ziyadnz|hourly,2026-08-17T18:48:05Z,2026-08-17T18:48:05Z,
95.141.17.152,ipv4,attack,high,WHITE,blocklist.de/all|blocklist.de/apache|blocklist.de/mail|ziyadnz/hourly-ipv4,blocklist.de|brute-force|apache|rfi|ddos|spam|mail|ziyadnz|hourly,2026-08-17T18:48:05Z,2026-08-17T18:48:05Z,
95.141.17.153,ipv4,attack,high,WHITE,blocklist.de/all|blocklist.de/apache|blocklist.de/mail|ziyadnz/hourly-ipv4,blocklist.de|brute-force|apache|rfi|ddos|spam|mail|ziyadnz|hourly,2026-08-17T18:48:05Z,2026-08-17T18:48:05Z,
95.141.17.154,ipv4,attack,high,WHITE,blocklist.de/all|blocklist.de/apache|blocklist.de/mail|ziyadnz/hourly-ipv4,blocklist.de|brute-force|apache|rfi|ddos|spam|mail|ziyadnz|hourly,2026-08-17T18:48:05Z,2026-08-17T18:48:05Z,
95.141.17.155,ipv4,attack,high,WHITE,blocklist.de/all|blocklist.de/apache|blocklist.de/mail|ziyadnz/hourly-ipv4,blocklist.de|brute-force|apache|rfi|ddos|spam|mail|ziyadnz|hourly,2026-08-17T18:48:05Z,2026-08-17T18:48:05Z,
95.141.17.156,ipv4,attack,high,WHITE,blocklist.de/all|blocklist.de/apache|blocklist.de/mail|ziyadnz/hourly-ipv4,blocklist.de|brute-force|apache|rfi|ddos|spam|mail|ziyadnz|hourly,2026-08-17T18:48:05Z,2026-08-17T18:48:05Z,
95.141.17.157,ipv4,attack,high,WHITE,blocklist.de/all|blocklist.de/apache|blocklist.de/mail|ziyadnz/hourly-ipv4,blocklist.de|brute-force|apache|rfi|ddos|spam|mail|ziyadnz|hourly,2026-08-17T18:48:05Z,2026-08-17T18:48:05Z,
95.141.17.158,ipv4,attack,high,WHITE,blocklist.de/all|blocklist.de/apache|blocklist.de/mail|ziyadnz/hourly-ipv4,blocklist.de|brute-force|apache|rfi|ddos|spam|mail|ziyadnz|hourly,2026-08-17T18:48:05Z,2026-08-17T18:48:05Z,
95.141.17.159,ipv4,attack,high,WHITE,blocklist.de/all|blocklist.de/apache|blocklist.de/mail|ziyadnz/hourly-ipv4,blocklist.de|brute-force|apache|rfi|ddos|spam|mail|ziyadnz|hourly,2026-08-17T18:48:05Z,2026-08-17T18:48:05Z,
95.141.17.160,ipv4,attack,high,WHITE,blocklist.de/all|blocklist.de/apache|blocklist.de/mail|ziyadnz/hourly-ipv4,blocklist.de|brute-force|apache|rfi|ddos|spam|mail|ziyadnz|hourly,2026-08-17T18:48:05Z,2026-08-17T18:48:05Z,
95.141.17.161,ipv4,attack,high,WHITE,blocklist.de/all|blocklist.de/apache|blocklist.de/mail|ziyadnz/hourly-ipv4,blocklist.de|brute-force|apache|rfi|ddos|spam|mail|ziyadnz|hourly,2026-08-17T18:48:05Z,2026-08-17T18:48:05Z,
95.141.17.162,ipv4,attack,high,WHITE,blocklist.de/all|blocklist.de/apache|blocklist.de/mail|ziyadnz/hourly-ipv4,blocklist.de|brute-force|apache|rfi|ddos|spam|mail|ziyadnz|hourly,2026-08-17T18:48:05Z,2026-08-17T18:48:05Z,
95.141.17.163,ipv4,attack,high,WHITE,blocklist.de/all|blocklist.de/apache|blocklist.de/mail|ziyadnz/hourly-ipv4,blocklist.de|brute-force|apache|rfi|ddos|spam|mail|ziyadnz|hourly,2026-08-17T18:48:05Z,2026-08-17T18:48:05Z,
95.141.17.164,ipv4,attack,high,WHITE,blocklist.de/all|blocklist.de/apache|blocklist.de/mail|ziyadnz/hourly-ipv4,blocklist.de|brute-force|apache|rfi|ddos|spam|mail|ziyadnz|hourly,2026-08-17T18:48:05Z,2026-08-17T18:48:05Z,
95.141.17.165,ipv4,attack,high,WHITE,blocklist.de/all|blocklist.de/apache|blocklist.de/mail|ziyadnz/hourly-ipv4,blocklist.de|brute-force|apache|rfi|ddos|spam|mail|ziyadnz|hourly,2026-08-17T18:48:05Z,2026-08-17T18:48:05Z,
95.141.17.166,ipv4,attack,high,WHITE,blocklist.de/all|blocklist.de/apache|blocklist.de/mail|ziyadnz/hourly-ipv4,blocklist.de|brute-force|apache|rfi|ddos|spam|mail|ziyadnz|hourly,2026-08-17T18:48:05Z,2026-08-17T18:48:05Z,
95.141.17.167,ipv4,attack,high,WHITE,blocklist.de/all|blocklist.de/apache|blocklist.de/mail|ziyadnz/hourly-ipv4,blocklist.de|brute-force|apache|rfi|ddos|spam|mail|ziyadnz|hourly,2026-08-17T18:48:05Z,2026-08-17T18:48:05Z,
95.141.17.168,ipv4,attack,high,WHITE,blocklist.de/all|blocklist.de/apache|blocklist.de/mail|ziyadnz/hourly-ipv4,blocklist.de|brute-force|apache|rfi|ddos|spam|mail|ziyadnz|hourly,2026-08-17T18:48:05Z,2026-08-17T18:48:05Z,
95.141.17.169,ipv4,attack,high,WHITE,blocklist.de/all|blocklist.de/apache|blocklist.de/mail|ziyadnz/hourly-ipv4,blocklist.de|brute-force|apache|rfi|ddos|spam|mail|ziyadnz|hourly,2026-08-17T18:48:05Z,2026-08-17T18:48:05Z,
95.141.17.170,ipv4,attack,high,WHITE,blocklist.de/all|blocklist.de/apache|blocklist.de/mail|ziyadnz/hourly-ipv4,blocklist.de|brute-force|apache|rfi|ddos|spam|mail|ziyadnz|hourly,2026-08-17T18:48:05Z,2026-08-17T18:48:05Z,
95.141.17.171,ipv4,attack,high,WHITE,blocklist.de/all|blocklist.de/apache|blocklist.de/mail|ziyadnz/hourly-ipv4,blocklist.de|brute-force|apache|rfi|ddos|spam|mail|ziyadnz|hourly,2026-08-17T18:48:05Z,2026-08-17T18:48:05Z,
95.141.17.172,ipv4,attack,high,WHITE,blocklist.de/all|blocklist.de/apache|blocklist.de/mail|ziyadnz/hourly-ipv4,blocklist.de|brute-force|apache|rfi|ddos|spam|mail|ziyadnz|hourly,2026-08-17T18:48:05Z,2026-08-17T18:48:05Z,
95.141.17.173,ipv4,attack,high,WHITE,blocklist.de/all|blocklist.de/apache|blocklist.de/mail|ziyadnz/hourly-ipv4,blocklist.de|brute-force|apache|rfi|ddos|spam|mail|ziyadnz|hourly,2026-08-17T18:48:05Z,2026-08-17T18:48:05Z,
95.141.17.174,ipv4,attack,high,WHITE,blocklist.de/all|blocklist.de/apache|blocklist.de/mail|ziyadnz/hourly-ipv4,blocklist.de|brute-force|apache|rfi|ddos|spam|mail|ziyadnz|hourly,2026-08-17T18:48:05Z,2026-08-17T18:48:05Z,
95.141.17.175,ipv4,attack,high,WHITE,blocklist.de/all|blocklist.de/apache|blocklist.de/mail|ziyadnz/hourly-ipv4,blocklist.de|brute-force|apache|rfi|ddos|spam|mail|ziyadnz|hourly,2026-08-17T18:48:05Z,2026-08-17T18:48:05Z,
95.141.17.176,ipv4,attack,high,WHITE,blocklist.de/all|blocklist.de/apache|blocklist.de/mail|ziyadnz/hourly-ipv4,blocklist.de|brute-force|apache|rfi|ddos|spam|mail|ziyadnz|hourly,2026-08-17T18:48:05Z,2026-08-17T18:48:05Z,
95.141.17.177,ipv4,attack,high,WHITE,blocklist.de/all|blocklist.de/apache|blocklist.de/mail|ziyadnz/hourly-ipv4,blocklist.de|brute-force|apache|rfi|ddos|spam|mail|ziyadnz|hourly,2026-08-17T18:48:05Z,2026-08-17T18:48:05Z,
95.141.17.178,ipv4,attack,high,WHITE,blocklist.de/all|blocklist.de/apache|blocklist.de/mail|ziyadnz/hourly-ipv4,blocklist.de|brute-force|apache|rfi|ddos|spam|mail|ziyadnz|hourly,2026-08-17T18:48:05Z,2026-08-17T18:48:05Z,
95.141.17.179,ipv4,attack,high,WHITE,blocklist.de/all|blocklist.de/apache|blocklist.de/mail|ziyadnz/hourly-ipv4,blocklist.de|brute-force|apache|rfi|ddos|spam|mail|ziyadnz|hourly,2026-08-17T18:48:05Z,2026-08-17T18:48:05Z,
95.141.17.180,ipv4,attack,high,WHITE,blocklist.de/all|blocklist.de/apache|blocklist.de/mail|ziyadnz/hourly-ipv4,blocklist.de|brute-force|apache|rfi|ddos|spam|mail|ziyadnz|hourly,2026-08-17T18:48:05Z,2026-08-17T18:48:05Z,
95.141.17.181,ipv4,attack,high,WHITE,blocklist.de/all|blocklist.de/apache|blocklist.de/mail|ziyadnz/hourly-ipv4,blocklist.de|brute-force|apache|rfi|ddos|spam|mail|ziyadnz|hourly,2026-08-17T18:48:05Z,2026-08-17T18:48:05Z,
95.141.17.182,ipv4,attack,high,WHITE,blocklist.de/all|blocklist.de/apache|blocklist.de/mail|ziyadnz/hourly-ipv4,blocklist.de|brute-force|apache|rfi|ddos|spam|mail|ziyadnz|hourly,2026-08-17T18:48:05Z,2026-08-17T18:48:05Z,
95.141.17.183,ipv4,attack,high,WHITE,blocklist.de/all|blocklist.de/apache|blocklist.de/mail|ziyadnz/hourly-ipv4,blocklist.de|brute-force|apache|rfi|ddos|spam|mail|ziyadnz|hourly,2026-08-17T18:48:05Z,2026-08-17T18:48:05Z,
95.141.17.184,ipv4,attack,high,WHITE,blocklist.de/all|blocklist.de/apache|blocklist.de/mail|ziyadnz/hourly-ipv4,blocklist.de|brute-force|apache|rfi|ddos|spam|mail|ziyadnz|hourly,2026-08-17T18:48:05Z,2026-08-17T18:48:05Z,
95.141.17.185,ipv4,attack,high,WHITE,blocklist.de/all|blocklist.de/apache|blocklist.de/mail|ziyadnz/hourly-ipv4,blocklist.de|brute-force|apache|rfi|ddos|spam|mail|ziyadnz|hourly,2026-08-17T18:48:05Z,2026-08-17T18:48:05Z,
95.141.17.186,ipv4,attack,high,WHITE,blocklist.de/all|blocklist.de/apache|blocklist.de/mail|ziyadnz/hourly-ipv4,blocklist.de|brute-force|apache|rfi|ddos|spam|mail|ziyadnz|hourly,2026-08-17T18:48:05Z,2026-08-17T18:48:05Z,
95.141.17.187,ipv4,attack,high,WHITE,blocklist.de/all|blocklist.de/apache|blocklist.de/mail|ziyadnz/hourly-ipv4,blocklist.de|brute-force|apache|rfi|ddos|spam|mail|ziyadnz|hourly,2026-08-17T18:48:05Z,2026-08-17T18:48:05Z,
95.141.17.188,ipv4,attack,high,WHITE,blocklist.de/all|blocklist.de/apache|blocklist.de/mail|ziyadnz/hourly-ipv4,blocklist.de|brute-force|apache|rfi|ddos|spam|mail|ziyadnz|hourly,2026-08-17T18:48:05Z,2026-08-17T18:48:05Z,
95.141.17.189,ipv4,attack,high,WHITE,blocklist.de/all|blocklist.de/apache|blocklist.de/mail|ziyadnz/hourly-ipv4,blocklist.de|brute-force|apache|rfi|ddos|spam|mail|ziyadnz|hourly,2026-08-17T18:48:05Z,2026-08-17T18:48:05Z,
95.141.17.190,ipv4,attack,high,WHITE,blocklist.de/all|blocklist.de/apache|blocklist.de/mail|ziyadnz/hourly-ipv4,blocklist.de|brute-force|apache|rfi|ddos|spam|mail|ziyadnz|hourly,2026-08-17T18:48:05Z,2026-08-17T18:48:05Z,
95.141.17.191,ipv4,attack,high,WHITE,blocklist.de/all|blocklist.de/apache|blocklist.de/mail|ziyadnz/hourly-ipv4,blocklist.de|brute-force|apache|rfi|ddos|spam|mail|ziyadnz|hourly,2026-08-17T18:48:05Z,2026-08-17T18:48:05Z,
95.141.17.192,ipv4,attack,high,WHITE,blocklist.de/all|blocklist.de/apache|blocklist.de/mail|ziyadnz/hourly-ipv4,blocklist.de|brute-force|apache|rfi|ddos|spam|mail|ziyadnz|hourly,2026-08-17T18:48:05Z,2026-08-17T18:48:05Z,
95.141.17.193,ipv4,attack,high,WHITE,blocklist.de/all|blocklist.de/apache|blocklist.de/mail|ziyadnz/hourly-ipv4,blocklist.de|brute-force|apache|rfi|ddos|spam|mail|ziyadnz|hourly,2026-08-17T18:48:05Z,2026-08-17T18:48:05Z,
95.141.17.194,ipv4,attack,high,WHITE,blocklist.de/all|blocklist.de/apache|blocklist.de/mail|ziyadnz/hourly-ipv4,blocklist.de|brute-force|apache|rfi|ddos|spam|mail|ziyadnz|hourly,2026-08-17T18:48:05Z,2026-08-17T18:48:05Z,
95.141.17.195,ipv4,attack,high,WHITE,blocklist.de/all|blocklist.de/apache|blocklist.de/mail|ziyadnz/hourly-ipv4,blocklist.de|brute-force|apache|rfi|ddos|spam|mail|ziyadnz|hourly,2026-08-17T18:48:05Z,2026-08-17T18:48:05Z,
95.141.17.196,ipv4,attack,high,WHITE,blocklist.de/all|blocklist.de/apache|blocklist.de/mail|ziyadnz/hourly-ipv4,blocklist.de|brute-force|apache|rfi|ddos|spam|mail|ziyadnz|hourly,2026-08-17T18:48:05Z,2026-08-17T18:48:05Z,
95.141.17.197,ipv4,attack,high,WHITE,blocklist.de/all|blocklist.de/apache|blocklist.de/mail|ziyadnz/hourly-ipv4,blocklist.de|brute-force|apache|rfi|ddos|spam|mail|ziyadnz|hourly,2026-08-17T18:48:05Z,2026-08-17T18:48:05Z,
95.141.17.198,ipv4,attack,high,WHITE,blocklist.de/all|blocklist.de/apache|blocklist.de/mail|ziyadnz/hourly-ipv4,blocklist.de|brute-force|apache|rfi|ddos|spam|mail|ziyadnz|hourly,2026-08-17T18:48:05Z,2026-08-17T18:48:05Z,
95.141.17.199,ipv4,attack,high,WHITE,blocklist.de/all|blocklist.de/apache|blocklist.de/mail|ziyadnz/hourly-ipv4,blocklist.de|brute-force|apache|rfi|ddos|spam|mail|ziyadnz|hourly,2026-08-17T18:48:05Z,2026-08-17T18:48:05Z,
95.141.17.200,ipv4,attack,high,WHITE,blocklist.de/all|blocklist.de/apache|blocklist.de/mail|ziyadnz/hourly-ipv4,blocklist.de|brute-force|apache|rfi|ddos|spam|mail|ziyadnz|hourly,2026-08-17T18:48:05Z,2026-08-17T18:48:05Z,
95.141.17.201,ipv4,attack,high,WHITE,blocklist.de/all|blocklist.de/apache|blocklist.de/mail|ziyadnz/hourly-ipv4,blocklist.de|brute-force|apache|rfi|ddos|spam|mail|ziyadnz|hourly,2026-08-17T18:48:05Z,2026-08-17T18:48:05Z,
95.141.17.202,ipv4,attack,high,WHITE,blocklist.de/all|blocklist.de/apache|blocklist.de/mail|ziyadnz/hourly-ipv4,blocklist.de|brute-force|apache|rfi|ddos|spam|mail|ziyadnz|hourly,2026-08-17T18:48:05Z,2026-08-17T18:48:05Z,
95.141.17.203,ipv4,attack,high,WHITE,blocklist.de/all|blocklist.de/apache|blocklist.de/mail|ziyadnz/hourly-ipv4,blocklist.de|brute-force|apache|rfi|ddos|spam|mail|ziyadnz|hourly,2026-08-17T18:48:05Z,2026-08-17T18:48:05Z,
95.141.17.204,ipv4,attack,high,WHITE,blocklist.de/all|blocklist.de/apache|blocklist.de/mail|ziyadnz/hourly-ipv4,blocklist.de|brute-force|apache|rfi|ddos|spam|mail|ziyadnz|hourly,2026-08-17T18:48:05Z,2026-08-17T18:48:05Z,
95.141.17.205,ipv4,attack,high,WHITE,blocklist.de/all|blocklist.de/apache|blocklist.de/mail|ziyadnz/hourly-ipv4,blocklist.de|brute-force|apache|rfi|ddos|spam|mail|ziyadnz|hourly,2026-08-17T18:48:05Z,2026-08-17T18:48:05Z,
95.141.17.206,ipv4,attack,high,WHITE,blocklist.de/all|blocklist.de/apache|blocklist.de/mail|ziyadnz/hourly-ipv4,blocklist.de|brute-force|apache|rfi|ddos|spam|mail|ziyadnz|hourly,2026-08-17T18:48:05Z,2026-08-17T18:48:05Z,
95.141.17.207,ipv4,attack,high,WHITE,blocklist.de/all|blocklist.de/apache|blocklist.de/mail|ziyadnz/hourly-ipv4,blocklist.de|brute-force|apache|rfi|ddos|spam|mail|ziyadnz|hourly,2026-08-17T18:48:05Z,2026-08-17T18:48:05Z,
95.141.17.208,ipv4,attack,high,WHITE,blocklist.de/all|blocklist.de/apache|blocklist.de/mail|ziyadnz/hourly-ipv4,blocklist.de|brute-force|apache|rfi|ddos|spam|mail|ziyadnz|hourly,2026-08-17T18:48:05Z,2026-08-17T18:48:05Z,
95.141.17.209,ipv4,attack,high,WHITE,blocklist.de/all|blocklist.de/apache|blocklist.de/mail|ziyadnz/hourly-ipv4,blocklist.de|brute-force|apache|rfi|ddos|spam|mail|ziyadnz|hourly,2026-08-17T18:48:05Z,2026-08-17T18:48:05Z,
95.141.17.210,ipv4,attack,high,WHITE,blocklist.de/all|blocklist.de/apache|blocklist.de/mail|ziyadnz/hourly-ipv4,blocklist.de|brute-force|apache|rfi|ddos|spam|mail|ziyadnz|hourly,2026-08-17T18:48:05Z,2026-08-17T18:48:05Z,
95.141.17.211,ipv4,attack,high,WHITE,blocklist.de/all|blocklist.de/apache|blocklist.de/mail|ziyadnz/hourly-ipv4,blocklist.de|brute-force|apache|rfi|ddos|spam|mail|ziyadnz|hourly,2026-08-17T18:48:05Z,2026-08-17T18:48:05Z,
95.141.17.212,ipv4,attack,high,WHITE,blocklist.de/all|blocklist.de/apache|blocklist.de/mail|ziyadnz/hourly-ipv4,blocklist.de|brute-force|apache|rfi|ddos|spam|mail|ziyadnz|hourly,2026-08-17T18:48:05Z,2026-08-17T18:48:05Z,
95.141.17.213,ipv4,attack,high,WHITE,blocklist.de/all|blocklist.de/apache|blocklist.de/mail|ziyadnz/hourly-ipv4,blocklist.de|brute-force|apache|rfi|ddos|spam|mail|ziyadnz|hourly,2026-08-17T18:48:05Z,2026-08-17T18:48:05Z,
95.141.17.214,ipv4,attack,high,WHITE,blocklist.de/all|blocklist.de/apache|blocklist.de/mail|ziyadnz/hourly-ipv4,blocklist.de|brute-force|apache|rfi|ddos|spam|mail|ziyadnz|hourly,2026-08-17T18:48:05Z,2026-08-17T18:48:05Z,
95.141.17.215,ipv4,attack,high,WHITE,blocklist.de/all|blocklist.de/apache|blocklist.de/mail|ziyadnz/hourly-ipv4,blocklist.de|brute-force|apache|rfi|ddos|spam|mail|ziyadnz|hourly,2026-08-17T18:48:05Z,2026-08-17T18:48:05Z,
95.141.17.216,ipv4,attack,high,WHITE,blocklist.de/all|blocklist.de/apache|blocklist.de/mail|ziyadnz/hourly-ipv4,blocklist.de|brute-force|apache|rfi|ddos|spam|mail|ziyadnz|hourly,2026-08-17T18:48:05Z,2026-08-17T18:48:05Z,
95.141.17.217,ipv4,attack,high,WHITE,blocklist.de/all|blocklist.de/apache|blocklist.de/mail|ziyadnz/hourly-ipv4,blocklist.de|brute-force|apache|rfi|ddos|spam|mail|ziyadnz|hourly,2026-08-17T18:48:05Z,2026-08-17T18:48:05Z,
95.141.17.218,ipv4,attack,high,WHITE,blocklist.de/all|blocklist.de/apache|blocklist.de/mail|ziyadnz/hourly-ipv4,blocklist.de|brute-force|apache|rfi|ddos|spam|mail|ziyadnz|hourly,2026-08-17T18:48:05Z,2026-08-17T18:48:05Z,
95.141.17.219,ipv4,attack,high,WHITE,blocklist.de/all|blocklist.de/apache|blocklist.de/mail|ziyadnz/hourly-ipv4,blocklist.de|brute-force|apache|rfi|ddos|spam|mail|ziyadnz|hourly,2026-08-17T18:48:05Z,2026-08-17T18:48:05Z,
95.141.17.220,ipv4,attack,high,WHITE,blocklist.de/all|blocklist.de/apache|blocklist.de/mail|ziyadnz/hourly-ipv4,blocklist.de|brute-force|apache|rfi|ddos|spam|mail|ziyadnz|hourly,2026-08-17T18:48:05Z,2026-08-17T18:48:05Z,
95.141.17.221,ipv4,attack,high,WHITE,blocklist.de/all|blocklist.de/apache|blocklist.de/mail|ziyadnz/hourly-ipv4,blocklist.de|brute-force|apache|rfi|ddos|spam|mail|ziyadnz|hourly,2026-08-17T18:48:05Z,2026-08-17T18:48:05Z,
95.141.17.222,ipv4,attack,high,WHITE,blocklist.de/all|blocklist.de/apache|blocklist.de/mail|ziyadnz/hourly-ipv4,blocklist.de|brute-force|apache|rfi|ddos|spam|mail|ziyadnz|hourly,2026-08-17T18:48:05Z,2026-08-17T18:48:05Z,
95.141.17.223,ipv4,attack,high,WHITE,blocklist.de/all|blocklist.de/apache|blocklist.de/mail|ziyadnz/hourly-ipv4,blocklist.de|brute-force|apache|rfi|ddos|spam|mail|ziyadnz|hourly,2026-08-17T18:48:05Z,2026-08-17T18:48:05Z,
95.141.17.224,ipv4,attack,high,WHITE,blocklist.de/all|blocklist.de/apache|blocklist.de/mail|ziyadnz/hourly-ipv4,blocklist.de|brute-force|apache|rfi|ddos|spam|mail|ziyadnz|hourly,2026-08-17T18:48:05Z,2026-08-17T18:48:05Z,
95.141.17.225,ipv4,attack,high,WHITE,blocklist.de/all|blocklist.de/apache|blocklist.de/mail|ziyadnz/hourly-ipv4,blocklist.de|brute-force|apache|rfi|ddos|spam|mail|ziyadnz|hourly,2026-08-17T18:48:05Z,2026-08-17T18:48:05Z,
95.141.17.226,ipv4,attack,high,WHITE,blocklist.de/all|blocklist.de/apache|blocklist.de/mail|ziyadnz/hourly-ipv4,blocklist.de|brute-force|apache|rfi|ddos|spam|mail|ziyadnz|hourly,2026-08-17T18:48:05Z,2026-08-17T18:48:05Z,
95.141.17.227,ipv4,attack,high,WHITE,blocklist.de/all|blocklist.de/apache|blocklist.de/mail|ziyadnz/hourly-ipv4,blocklist.de|brute-force|apache|rfi|ddos|spam|mail|ziyadnz|hourly,2026-08-17T18:48:05Z,2026-08-17T18:48:05Z,
95.141.17.228,ipv4,attack,high,WHITE,blocklist.de/all|blocklist.de/apache|blocklist.de/mail|ziyadnz/hourly-ipv4,blocklist.de|brute-force|apache|rfi|ddos|spam|mail|ziyadnz|hourly,2026-08-17T18:48:05Z,2026-08-17T18:48:05Z,
95.141.17.229,ipv4,attack,high,WHITE,blocklist.de/all|blocklist.de/apache|blocklist.de/mail|ziyadnz/hourly-ipv4,blocklist.de|brute-force|apache|rfi|ddos|spam|mail|ziyadnz|hourly,2026-08-17T18:48:05Z,2026-08-17T18:48:05Z,
95.141.17.230,ipv4,attack,high,WHITE,blocklist.de/all|blocklist.de/apache|blocklist.de/mail|ziyadnz/hourly-ipv4,blocklist.de|brute-force|apache|rfi|ddos|spam|mail|ziyadnz|hourly,2026-08-17T18:48:05Z,2026-08-17T18:48:05Z,
95.141.17.231,ipv4,attack,high,WHITE,blocklist.de/all|blocklist.de/apache|blocklist.de/mail|ziyadnz/hourly-ipv4,blocklist.de|brute-force|apache|rfi|ddos|spam|mail|ziyadnz|hourly,2026-08-17T18:48:05Z,2026-08-17T18:48:05Z,
95.141.17.232,ipv4,attack,high,WHITE,blocklist.de/all|blocklist.de/apache|blocklist.de/mail|ziyadnz/hourly-ipv4,blocklist.de|brute-force|apache|rfi|ddos|spam|mail|ziyadnz|hourly,2026-08-17T18:48:05Z,2026-08-17T18:48:05Z,
95.141.17.233,ipv4,attack,high,WHITE,blocklist.de/all|blocklist.de/apache|blocklist.de/mail|ziyadnz/hourly-ipv4,blocklist.de|brute-force|apache|rfi|ddos|spam|mail|ziyadnz|hourly,2026-08-17T18:48:05Z,2026-08-17T18:48:05Z,
95.141.17.234,ipv4,attack,high,WHITE,blocklist.de/all|blocklist.de/apache|blocklist.de/mail|ziyadnz/hourly-ipv4,blocklist.de|brute-force|apache|rfi|ddos|spam|mail|ziyadnz|hourly,2026-08-17T18:48:05Z,2026-08-17T18:48:05Z,
95.141.17.235,ipv4,attack,high,WHITE,blocklist.de/all|blocklist.de/apache|blocklist.de/mail|ziyadnz/hourly-ipv4,blocklist.de|brute-force|apache|rfi|ddos|spam|mail|ziyadnz|hourly,2026-08-17T18:48:05Z,2026-08-17T18:48:05Z,
95.141.17.236,ipv4,attack,high,WHITE,blocklist.de/all|blocklist.de/apache|blocklist.de/mail|ziyadnz/hourly-ipv4,blocklist.de|brute-force|apache|rfi|ddos|spam|mail|ziyadnz|hourly,2026-08-17T18:48:05Z,2026-08-17T18:48:05Z,
95.141.17.237,ipv4,attack,high,WHITE,blocklist.de/all|blocklist.de/apache|blocklist.de/mail|ziyadnz/hourly-ipv4,blocklist.de|brute-force|apache|rfi|ddos|spam|mail|ziyadnz|hourly,2026-08-17T18:48:05Z,2026-08-17T18:48:05Z,
95.141.17.238,ipv4,attack,high,WHITE,blocklist.de/all|blocklist.de/apache|blocklist.de/mail|ziyadnz/hourly-ipv4,blocklist.de|brute-force|apache|rfi|ddos|spam|mail|ziyadnz|hourly,2026-08-17T18:48:05Z,2026-08-17T18:48:05Z,
95.141.17.239,ipv4,attack,high,WHITE,blocklist.de/all|blocklist.de/apache|blocklist.de/mail|ziyadnz/hourly-ipv4,blocklist.de|brute-force|apache|rfi|ddos|spam|mail|ziyadnz|hourly,2026-08-17T18:48:05Z,2026-08-17T18:48:05Z,
95.141.17.240,ipv4,attack,high,WHITE,blocklist.de/all|blocklist.de/apache|blocklist.de/mail|ziyadnz/hourly-ipv4,blocklist.de|brute-force|apache|rfi|ddos|spam|mail|ziyadnz|hourly,2026-08-17T18:48:05Z,2026-08-17T18:48:05Z,
95.141.17.241,ipv4,attack,high,WHITE,blocklist.de/all|blocklist.de/apache|blocklist.de/mail|ziyadnz/hourly-ipv4,blocklist.de|brute-force|apache|rfi|ddos|spam|mail|ziyadnz|hourly,2026-08-17T18:48:05Z,2026-08-17T18:48:05Z,
95.141.17.242,ipv4,attack,high,WHITE,blocklist.de/all|blocklist.de/apache|blocklist.de/mail|ziyadnz/hourly-ipv4,blocklist.de|brute-force|apache|rfi|ddos|spam|mail|ziyadnz|hourly,2026-08-17T18:48:05Z,2026-08-17T18:48:05Z,
95.141.17.243,ipv4,attack,high,WHITE,blocklist.de/all|blocklist.de/apache|blocklist.de/mail|ziyadnz/hourly-ipv4,blocklist.de|brute-force|apache|rfi|ddos|spam|mail|ziyadnz|hourly,2026-08-17T18:48:05Z,2026-08-17T18:48:05Z,
95.141.17.244,ipv4,attack,high,WHITE,blocklist.de/all|blocklist.de/apache|blocklist.de/mail|ziyadnz/hourly-ipv4,blocklist.de|brute-force|apache|rfi|ddos|spam|mail|ziyadnz|hourly,2026-08-17T18:48:05Z,2026-08-17T18:48:05Z,
95.141.17.245,ipv4,attack,high,WHITE,blocklist.de/all|blocklist.de/apache|blocklist.de/mail|ziyadnz/hourly-ipv4,blocklist.de|brute-force|apache|rfi|ddos|spam|mail|ziyadnz|hourly,2026-08-17T18:48:05Z,2026-08-17T18:48:05Z,
95.141.17.246,ipv4,attack,high,WHITE,blocklist.de/all|blocklist.de/apache|blocklist.de/mail|ziyadnz/hourly-ipv4,blocklist.de|brute-force|apache|rfi|ddos|spam|mail|ziyadnz|hourly,2026-08-17T18:48:05Z,2026-08-17T18:48:05Z,
95.141.17.247,ipv4,attack,high,WHITE,blocklist.de/all|blocklist.de/apache|blocklist.de/mail|ziyadnz/hourly-ipv4,blocklist.de|brute-force|apache|rfi|ddos|spam|mail|ziyadnz|hourly,2026-08-17T18:48:05Z,2026-08-17T18:48:05Z,
95.141.17.248,ipv4,attack,high,WHITE,blocklist.de/all|blocklist.de/apache|blocklist.de/mail|ziyadnz/hourly-ipv4,blocklist.de|brute-force|apache|rfi|ddos|spam|mail|ziyadnz|hourly,2026-08-17T18:48:05Z,2026-08-17T18:48:05Z,
95.141.17.249,ipv4,attack,high,WHITE,blocklist.de/all|blocklist.de/apache|blocklist.de/mail|ziyadnz/hourly-ipv4,blocklist.de|brute-force|apache|rfi|ddos|spam|mail|ziyadnz|hourly,2026-08-17T18:48:05Z,2026-08-17T18:48:05Z,
95.141.17.250,ipv4,attack,high,WHITE,blocklist.de/all|blocklist.de/apache|blocklist.de/mail|ziyadnz/hourly-ipv4,blocklist.de|brute-force|apache|rfi|ddos|spam|mail|ziyadnz|hourly,2026-08-17T18:48:05Z,2026-08-17T18:48:05Z,
95.141.17.251,ipv4,attack,high,WHITE,blocklist.de/all|blocklist.de/apache|blocklist.de/mail|ziyadnz/hourly-ipv4,blocklist.de|brute-force|apache|rfi|ddos|spam|mail|ziyadnz|hourly,2026-08-17T18:48:05Z,2026-08-17T18:48:05Z,
95.141.17.252,ipv4,attack,high,WHITE,blocklist.de/all|blocklist.de/apache|blocklist.de/mail|ziyadnz/hourly-ipv4,blocklist.de|brute-force|apache|rfi|ddos|spam|mail|ziyadnz|hourly,2026-08-17T18:48:05Z,2026-08-17T18:48:05Z,
95.141.17.253,ipv4,attack,high,WHITE,blocklist.de/all|blocklist.de/apache|blocklist.de/mail|ziyadnz/hourly-ipv4,blocklist.de|brute-force|apache|rfi|ddos|spam|mail|ziyadnz|hourly,2026-08-17T18:48:05Z,2026-08-17T18:48:05Z,
95.141.17.254,ipv4,attack,high,WHITE,blocklist.de/all|blocklist.de/apache|blocklist.de/mail|ziyadnz/hourly-ipv4,blocklist.de|brute-force|apache|rfi|ddos|spam|mail|ziyadnz|hourly,2026-08-17T18:48:05Z,2026-08-17T18:48:05Z,
95.141.17.255,ipv4,attack,high,WHITE,blocklist.de/all|blocklist.de/apache|blocklist.de/mail|ziyadnz/hourly-ipv4,blocklist.de|brute-force|apache|rfi|ddos|spam|mail|ziyadnz|hourly,2026-08-17T18:48:05Z,2026-08-17T18:48:05Z,
108.62.56.0,ipv4,attack,high,WHITE,blocklist.de/all|blocklist.de/apache|blocklist.de/mail|ziyadnz/hourly-ipv4,blocklist.de|brute-force|apache|rfi|ddos|spam|mail|ziyadnz|hourly,2026-08-17T18:48:05Z,2026-08-17T18:48:05Z,
108.62.56.1,ipv4,attack,high,WHITE,blocklist.de/all|blocklist.de/apache|blocklist.de/mail|ziyadnz/hourly-ipv4,blocklist.de|brute-force|apache|rfi|ddos|spam|mail|ziyadnz|hourly,2026-08-17T18:48:05Z,2026-08-17T18:48:05Z,
108.62.56.2,ipv4,attack,high,WHITE,blocklist.de/all|blocklist.de/apache|blocklist.de/mail|ziyadnz/hourly-ipv4,blocklist.de|brute-force|apache|rfi|ddos|spam|mail|ziyadnz|hourly,2026-08-17T18:48:05Z,2026-08-17T18:48:05Z,
108.62.56.3,ipv4,attack,high,WHITE,blocklist.de/all|blocklist.de/apache|blocklist.de/mail|ziyadnz/hourly-ipv4,blocklist.de|brute-force|apache|rfi|ddos|spam|mail|ziyadnz|hourly,2026-08-17T18:48:05Z,2026-08-17T18:48:05Z,
108.62.56.4,ipv4,attack,high,WHITE,blocklist.de/all|blocklist.de/apache|blocklist.de/mail|ziyadnz/hourly-ipv4,blocklist.de|brute-force|apache|rfi|ddos|spam|mail|ziyadnz|hourly,2026-08-17T18:48:05Z,2026-08-17T18:48:05Z,
108.62.56.5,ipv4,attack,high,WHITE,blocklist.de/all|blocklist.de/apache|blocklist.de/mail|ziyadnz/hourly-ipv4,blocklist.de|brute-force|apache|rfi|ddos|spam|mail|ziyadnz|hourly,2026-08-17T18:48:05Z,2026-08-17T18:48:05Z,
108.62.56.6,ipv4,attack,high,WHITE,blocklist.de/all|blocklist.de/apache|blocklist.de/mail|ziyadnz/hourly-ipv4,blocklist.de|brute-force|apache|rfi|ddos|spam|mail|ziyadnz|hourly,2026-08-17T18:48:05Z,2026-08-17T18:48:05Z,
108.62.56.7,ipv4,attack,high,WHITE,blocklist.de/all|blocklist.de/apache|blocklist.de/mail|ziyadnz/hourly-ipv4,blocklist.de|brute-force|apache|rfi|ddos|spam|mail|ziyadnz|hourly,2026-08-17T18:48:05Z,2026-08-17T18:48:05Z,
108.62.56.8,ipv4,attack,high,WHITE,blocklist.de/all|blocklist.de/apache|blocklist.de/mail|ziyadnz/hourly-ipv4,blocklist.de|brute-force|apache|rfi|ddos|spam|mail|ziyadnz|hourly,2026-08-17T18:48:05Z,2026-08-17T18:48:05Z,
108.62.56.9,ipv4,attack,high,WHITE,blocklist.de/all|blocklist.de/apache|blocklist.de/mail|ziyadnz/hourly-ipv4,blocklist.de|brute-force|apache|rfi|ddos|spam|mail|ziyadnz|hourly,2026-08-17T18:48:05Z,2026-08-17T18:48:05Z,
108.62.56.10,ipv4,attack,high,WHITE,blocklist.de/all|blocklist.de/apache|blocklist.de/mail|ziyadnz/hourly-ipv4,blocklist.de|brute-force|apache|rfi|ddos|spam|mail|ziyadnz|hourly,2026-08-17T18:48:05Z,2026-08-17T18:48:05Z,
108.62.56.11,ipv4,attack,high,WHITE,blocklist.de/all|blocklist.de/apache|blocklist.de/mail|ziyadnz/hourly-ipv4,blocklist.de|brute-force|apache|rfi|ddos|spam|mail|ziyadnz|hourly,2026-08-17T18:48:05Z,2026-08-17T18:48:05Z,
108.62.56.12,ipv4,attack,high,WHITE,blocklist.de/all|blocklist.de/apache|blocklist.de/mail|ziyadnz/hourly-ipv4,blocklist.de|brute-force|apache|rfi|ddos|spam|mail|ziyadnz|hourly,2026-08-17T18:48:05Z,2026-08-17T18:48:05Z,
108.62.56.13,ipv4,attack,high,WHITE,blocklist.de/all|blocklist.de/apache|blocklist.de/mail|ziyadnz/hourly-ipv4,blocklist.de|brute-force|apache|rfi|ddos|spam|mail|ziyadnz|hourly,2026-08-17T18:48:05Z,2026-08-17T18:48:05Z,
108.62.56.14,ipv4,attack,high,WHITE,blocklist.de/all|blocklist.de/apache|blocklist.de/mail|ziyadnz/hourly-ipv4,blocklist.de|brute-force|apache|rfi|ddos|spam|mail|ziyadnz|hourly,2026-08-17T18:48:05Z,2026-08-17T18:48:05Z,
108.62.56.15,ipv4,attack,high,WHITE,blocklist.de/all|blocklist.de/apache|blocklist.de/mail|ziyadnz/hourly-ipv4,blocklist.de|brute-force|apache|rfi|ddos|spam|mail|ziyadnz|hourly,2026-08-17T18:48:05Z,2026-08-17T18:48:05Z,
108.62.56.16,ipv4,attack,high,WHITE,blocklist.de/all|blocklist.de/apache|blocklist.de/mail|ziyadnz/hourly-ipv4,blocklist.de|brute-force|apache|rfi|ddos|spam|mail|ziyadnz|hourly,2026-08-17T18:48:05Z,2026-08-17T18:48:05Z,
108.62.56.17,ipv4,attack,high,WHITE,blocklist.de/all|blocklist.de/apache|blocklist.de/mail|ziyadnz/hourly-ipv4,blocklist.de|brute-force|apache|rfi|ddos|spam|mail|ziyadnz|hourly,2026-08-17T18:48:05Z,2026-08-17T18:48:05Z,
108.62.56.18,ipv4,attack,high,WHITE,blocklist.de/all|blocklist.de/apache|blocklist.de/mail|ziyadnz/hourly-ipv4,blocklist.de|brute-force|apache|rfi|ddos|spam|mail|ziyadnz|hourly,2026-08-17T18:48:05Z,2026-08-17T18:48:05Z,
108.62.56.19,ipv4,attack,high,WHITE,blocklist.de/all|blocklist.de/apache|blocklist.de/mail|ziyadnz/hourly-ipv4,blocklist.de|brute-force|apache|rfi|ddos|spam|mail|ziyadnz|hourly,2026-08-17T18:48:05Z,2026-08-17T18:48:05Z,
108.62.56.20,ipv4,attack,high,WHITE,blocklist.de/all|blocklist.de/apache|blocklist.de/mail|ziyadnz/hourly-ipv4,blocklist.de|brute-force|apache|rfi|ddos|spam|mail|ziyadnz|hourly,2026-08-17T18:48:05Z,2026-08-17T18:48:05Z,
108.62.56.21,ipv4,attack,high,WHITE,blocklist.de/all|blocklist.de/apache|blocklist.de/mail|ziyadnz/hourly-ipv4,blocklist.de|brute-force|apache|rfi|ddos|spam|mail|ziyadnz|hourly,2026-08-17T18:48:05Z,2026-08-17T18:48:05Z,
108.62.56.22,ipv4,attack,high,WHITE,blocklist.de/all|blocklist.de/apache|blocklist.de/mail|ziyadnz/hourly-ipv4,blocklist.de|brute-force|apache|rfi|ddos|spam|mail|ziyadnz|hourly,2026-08-17T18:48:05Z,2026-08-17T18:48:05Z,
108.62.56.23,ipv4,attack,high,WHITE,blocklist.de/all|blocklist.de/apache|blocklist.de/mail|ziyadnz/hourly-ipv4,blocklist.de|brute-force|apache|rfi|ddos|spam|mail|ziyadnz|hourly,2026-08-17T18:48:05Z,2026-08-17T18:48:05Z,
108.62.56.24,ipv4,attack,high,WHITE,blocklist.de/all|blocklist.de/apache|blocklist.de/mail|ziyadnz/hourly-ipv4,blocklist.de|brute-force|apache|rfi|ddos|spam|mail|ziyadnz|hourly,2026-08-17T18:48:05Z,2026-08-17T18:48:05Z,
108.62.56.25,ipv4,attack,high,WHITE,blocklist.de/all|blocklist.de/apache|blocklist.de/mail|ziyadnz/hourly-ipv4,blocklist.de|brute-force|apache|rfi|ddos|spam|mail|ziyadnz|hourly,2026-08-17T18:48:05Z,2026-08-17T18:48:05Z,
108.62.56.26,ipv4,attack,high,WHITE,blocklist.de/all|blocklist.de/apache|blocklist.de/mail|ziyadnz/hourly-ipv4,blocklist.de|brute-force|apache|rfi|ddos|spam|mail|ziyadnz|hourly,2026-08-17T18:48:05Z,2026-08-17T18:48:05Z,
108.62.56.27,ipv4,attack,high,WHITE,blocklist.de/all|blocklist.de/apache|blocklist.de/mail|ziyadnz/hourly-ipv4,blocklist.de|brute-force|apache|rfi|ddos|spam|mail|ziyadnz|hourly,2026-08-17T18:48:05Z,2026-08-17T18:48:05Z,
108.62.56.28,ipv4,attack,high,WHITE,blocklist.de/all|blocklist.de/apache|blocklist.de/mail|ziyadnz/hourly-ipv4,blocklist.de|brute-force|apache|rfi|ddos|spam|mail|ziyadnz|hourly,2026-08-17T18:48:05Z,2026-08-17T18:48:05Z,
108.62.56.29,ipv4,attack,high,WHITE,blocklist.de/all|blocklist.de/apache|blocklist.de/mail|ziyadnz/hourly-ipv4,blocklist.de|brute-force|apache|rfi|ddos|spam|mail|ziyadnz|hourly,2026-08-17T18:48:05Z,2026-08-17T18:48:05Z,
108.62.56.30,ipv4,attack,high,WHITE,blocklist.de/all|blocklist.de/apache|blocklist.de/mail|ziyadnz/hourly-ipv4,blocklist.de|brute-force|apache|rfi|ddos|spam|mail|ziyadnz|hourly,2026-08-17T18:48:05Z,2026-08-17T18:48:05Z,
108.62.56.31,ipv4,attack,high,WHITE,blocklist.de/all|blocklist.de/apache|blocklist.de/mail|ziyadnz/hourly-ipv4,blocklist.de|brute-force|apache|rfi|ddos|spam|mail|ziyadnz|hourly,2026-08-17T18:48:05Z,2026-08-17T18:48:05Z,
108.62.56.32,ipv4,attack,high,WHITE,blocklist.de/all|blocklist.de/apache|blocklist.de/mail|ziyadnz/hourly-ipv4,blocklist.de|brute-force|apache|rfi|ddos|spam|mail|ziyadnz|hourly,2026-08-17T18:48:05Z,2026-08-17T18:48:05Z,
108.62.56.33,ipv4,attack,high,WHITE,blocklist.de/all|blocklist.de/apache|blocklist.de/mail|ziyadnz/hourly-ipv4,blocklist.de|brute-force|apache|rfi|ddos|spam|mail|ziyadnz|hourly,2026-08-17T18:48:05Z,2026-08-17T18:48:05Z,
108.62.56.34,ipv4,attack,high,WHITE,blocklist.de/all|blocklist.de/apache|blocklist.de/mail|ziyadnz/hourly-ipv4,blocklist.de|brute-force|apache|rfi|ddos|spam|mail|ziyadnz|hourly,2026-08-17T18:48:05Z,2026-08-17T18:48:05Z,
108.62.56.35,ipv4,attack,high,WHITE,blocklist.de/all|blocklist.de/apache|blocklist.de/mail|ziyadnz/hourly-ipv4,blocklist.de|brute-force|apache|rfi|ddos|spam|mail|ziyadnz|hourly,2026-08-17T18:48:05Z,2026-08-17T18:48:05Z,
108.62.56.36,ipv4,attack,high,WHITE,blocklist.de/all|blocklist.de/apache|blocklist.de/mail|ziyadnz/hourly-ipv4,blocklist.de|brute-force|apache|rfi|ddos|spam|mail|ziyadnz|hourly,2026-08-17T18:48:05Z,2026-08-17T18:48:05Z,
108.62.56.37,ipv4,attack,high,WHITE,blocklist.de/all|blocklist.de/apache|blocklist.de/mail|ziyadnz/hourly-ipv4,blocklist.de|brute-force|apache|rfi|ddos|spam|mail|ziyadnz|hourly,2026-08-17T18:48:05Z,2026-08-17T18:48:05Z,
108.62.56.38,ipv4,attack,high,WHITE,blocklist.de/all|blocklist.de/apache|blocklist.de/mail|ziyadnz/hourly-ipv4,blocklist.de|brute-force|apache|rfi|ddos|spam|mail|ziyadnz|hourly,2026-08-17T18:48:05Z,2026-08-17T18:48:05Z,
108.62.56.39,ipv4,attack,high,WHITE,blocklist.de/all|blocklist.de/apache|blocklist.de/mail|ziyadnz/hourly-ipv4,blocklist.de|brute-force|apache|rfi|ddos|spam|mail|ziyadnz|hourly,2026-08-17T18:48:05Z,2026-08-17T18:48:05Z,
108.62.56.40,ipv4,attack,high,WHITE,blocklist.de/all|blocklist.de/apache|blocklist.de/mail|ziyadnz/hourly-ipv4,blocklist.de|brute-force|apache|rfi|ddos|spam|mail|ziyadnz|hourly,2026-08-17T18:48:05Z,2026-08-17T18:48:05Z,
108.62.56.41,ipv4,attack,high,WHITE,blocklist.de/all|blocklist.de/apache|blocklist.de/mail|ziyadnz/hourly-ipv4,blocklist.de|brute-force|apache|rfi|ddos|spam|mail|ziyadnz|hourly,2026-08-17T18:48:05Z,2026-08-17T18:48:05Z,
108.62.56.42,ipv4,attack,high,WHITE,blocklist.de/all|blocklist.de/apache|blocklist.de/mail|ziyadnz/hourly-ipv4,blocklist.de|brute-force|apache|rfi|ddos|spam|mail|ziyadnz|hourly,2026-08-17T18:48:05Z,2026-08-17T18:48:05Z,
108.62.56.43,ipv4,attack,high,WHITE,blocklist.de/all|blocklist.de/apache|blocklist.de/mail|ziyadnz/hourly-ipv4,blocklist.de|brute-force|apache|rfi|ddos|spam|mail|ziyadnz|hourly,2026-08-17T18:48:05Z,2026-08-17T18:48:05Z,
108.62.56.44,ipv4,attack,high,WHITE,blocklist.de/all|blocklist.de/apache|blocklist.de/mail|ziyadnz/hourly-ipv4,blocklist.de|brute-force|apache|rfi|ddos|spam|mail|ziyadnz|hourly,2026-08-17T18:48:05Z,2026-08-17T18:48:05Z,
108.62.56.45,ipv4,attack,high,WHITE,blocklist.de/all|blocklist.de/apache|blocklist.de/mail|ziyadnz/hourly-ipv4,blocklist.de|brute-force|apache|rfi|ddos|spam|mail|ziyadnz|hourly,2026-08-17T18:48:05Z,2026-08-17T18:48:05Z,
108.62.56.46,ipv4,attack,high,WHITE,blocklist.de/all|blocklist.de/apache|blocklist.de/mail|ziyadnz/hourly-ipv4,blocklist.de|brute-force|apache|rfi|ddos|spam|mail|ziyadnz|hourly,2026-08-17T18:48:05Z,2026-08-17T18:48:05Z,
108.62.56.47,ipv4,attack,high,WHITE,blocklist.de/all|blocklist.de/apache|blocklist.de/mail|ziyadnz/hourly-ipv4,blocklist.de|brute-force|apache|rfi|ddos|spam|mail|ziyadnz|hourly,2026-08-17T18:48:05Z,2026-08-17T18:48:05Z,
108.62.56.48,ipv4,attack,high,WHITE,blocklist.de/all|blocklist.de/apache|blocklist.de/mail|ziyadnz/hourly-ipv4,blocklist.de|brute-force|apache|rfi|ddos|spam|mail|ziyadnz|hourly,2026-08-17T18:48:05Z,2026-08-17T18:48:05Z,
108.62.56.49,ipv4,attack,high,WHITE,blocklist.de/all|blocklist.de/apache|blocklist.de/mail|ziyadnz/hourly-ipv4,blocklist.de|brute-force|apache|rfi|ddos|spam|mail|ziyadnz|hourly,2026-08-17T18:48:05Z,2026-08-17T18:48:05Z,
108.62.56.50,ipv4,attack,high,WHITE,blocklist.de/all|blocklist.de/apache|blocklist.de/mail|ziyadnz/hourly-ipv4,blocklist.de|brute-force|apache|rfi|ddos|spam|mail|ziyadnz|hourly,2026-08-17T18:48:05Z,2026-08-17T18:48:05Z,
108.62.56.51,ipv4,attack,high,WHITE,blocklist.de/all|blocklist.de/apache|blocklist.de/mail|ziyadnz/hourly-ipv4,blocklist.de|brute-force|apache|rfi|ddos|spam|mail|ziyadnz|hourly,2026-08-17T18:48:05Z,2026-08-17T18:48:05Z,
108.62.56.52,ipv4,attack,high,WHITE,blocklist.de/all|blocklist.de/apache|blocklist.de/mail|ziyadnz/hourly-ipv4,blocklist.de|brute-force|apache|rfi|ddos|spam|mail|ziyadnz|hourly,2026-08-17T18:48:05Z,2026-08-17T18:48:05Z,
108.62.56.53,ipv4,attack,high,WHITE,blocklist.de/all|blocklist.de/apache|blocklist.de/mail|ziyadnz/hourly-ipv4,blocklist.de|brute-force|apache|rfi|ddos|spam|mail|ziyadnz|hourly,2026-08-17T18:48:05Z,2026-08-17T18:48:05Z,
108.62.56.54,ipv4,attack,high,WHITE,blocklist.de/all|blocklist.de/apache|blocklist.de/mail|ziyadnz/hourly-ipv4,blocklist.de|brute-force|apache|rfi|ddos|spam|mail|ziyadnz|hourly,2026-08-17T18:48:05Z,2026-08-17T18:48:05Z,
108.62.56.55,ipv4,attack,high,WHITE,blocklist.de/all|blocklist.de/apache|blocklist.de/mail|ziyadnz/hourly-ipv4,blocklist.de|brute-force|apache|rfi|ddos|spam|mail|ziyadnz|hourly,2026-08-17T18:48:05Z,2026-08-17T18:48:05Z,
108.62.56.56,ipv4,attack,high,WHITE,blocklist.de/all|blocklist.de/apache|blocklist.de/mail|ziyadnz/hourly-ipv4,blocklist.de|brute-force|apache|rfi|ddos|spam|mail|ziyadnz|hourly,2026-08-17T18:48:05Z,2026-08-17T18:48:05Z,
108.62.56.57,ipv4,attack,high,WHITE,blocklist.de/all|blocklist.de/apache|blocklist.de/mail|ziyadnz/hourly-ipv4,blocklist.de|brute-force|apache|rfi|ddos|spam|mail|ziyadnz|hourly,2026-08-17T18:48:05Z,2026-08-17T18:48:05Z,
108.62.56.58,ipv4,attack,high,WHITE,blocklist.de/all|blocklist.de/apache|blocklist.de/mail|ziyadnz/hourly-ipv4,blocklist.de|brute-force|apache|rfi|ddos|spam|mail|ziyadnz|hourly,2026-08-17T18:48:05Z,2026-08-17T18:48:05Z,
108.62.56.59,ipv4,attack,high,WHITE,blocklist.de/all|blocklist.de/apache|blocklist.de/mail|ziyadnz/hourly-ipv4,blocklist.de|brute-force|apache|rfi|ddos|spam|mail|ziyadnz|hourly,2026-08-17T18:48:05Z,2026-08-17T18:48:05Z,
108.62.56.60,ipv4,attack,high,WHITE,blocklist.de/all|blocklist.de/apache|blocklist.de/mail|ziyadnz/hourly-ipv4,blocklist.de|brute-force|apache|rfi|ddos|spam|mail|ziyadnz|hourly,2026-08-17T18:48:05Z,2026-08-17T18:48:05Z,
108.62.56.61,ipv4,attack,high,WHITE,blocklist.de/all|blocklist.de/apache|blocklist.de/mail|ziyadnz/hourly-ipv4,blocklist.de|brute-force|apache|rfi|ddos|spam|mail|ziyadnz|hourly,2026-08-17T18:48:05Z,2026-08-17T18:48:05Z,
108.62.56.62,ipv4,attack,high,WHITE,blocklist.de/all|blocklist.de/apache|blocklist.de/mail|ziyadnz/hourly-ipv4,blocklist.de|brute-force|apache|rfi|ddos|spam|mail|ziyadnz|hourly,2026-08-17T18:48:05Z,2026-08-17T18:48:05Z,
108.62.56.63,ipv4,attack,high,WHITE,blocklist.de/all|blocklist.de/apache|blocklist.de/mail|ziyadnz/hourly-ipv4,blocklist.de|brute-force|apache|rfi|ddos|spam|mail|ziyadnz|hourly,2026-08-17T18:48:05Z,2026-08-17T18:48:05Z,
108.62.56.64,ipv4,attack,high,WHITE,blocklist.de/all|blocklist.de/apache|blocklist.de/mail|ziyadnz/hourly-ipv4,blocklist.de|brute-force|apache|rfi|ddos|spam|mail|ziyadnz|hourly,2026-08-17T18:48:05Z,2026-08-17T18:48:05Z,
108.62.56.65,ipv4,attack,high,WHITE,blocklist.de/all|blocklist.de/apache|blocklist.de/mail|ziyadnz/hourly-ipv4,blocklist.de|brute-force|apache|rfi|ddos|spam|mail|ziyadnz|hourly,2026-08-17T18:48:05Z,2026-08-17T18:48:05Z,
108.62.56.66,ipv4,attack,high,WHITE,blocklist.de/all|blocklist.de/apache|blocklist.de/mail|ziyadnz/hourly-ipv4,blocklist.de|brute-force|apache|rfi|ddos|spam|mail|ziyadnz|hourly,2026-08-17T18:48:05Z,2026-08-17T18:48:05Z,
108.62.56.67,ipv4,attack,high,WHITE,blocklist.de/all|blocklist.de/apache|blocklist.de/mail|ziyadnz/hourly-ipv4,blocklist.de|brute-force|apache|rfi|ddos|spam|mail|ziyadnz|hourly,2026-08-17T18:48:05Z,2026-08-17T18:48:05Z,
108.62.56.68,ipv4,attack,high,WHITE,blocklist.de/all|blocklist.de/apache|blocklist.de/mail|ziyadnz/hourly-ipv4,blocklist.de|brute-force|apache|rfi|ddos|spam|mail|ziyadnz|hourly,2026-08-17T18:48:05Z,2026-08-17T18:48:05Z,
108.62.56.69,ipv4,attack,high,WHITE,blocklist.de/all|blocklist.de/apache|blocklist.de/mail|ziyadnz/hourly-ipv4,blocklist.de|brute-force|apache|rfi|ddos|spam|mail|ziyadnz|hourly,2026-08-17T18:48:05Z,2026-08-17T18:48:05Z,
108.62.56.70,ipv4,attack,high,WHITE,blocklist.de/all|blocklist.de/apache|blocklist.de/mail|ziyadnz/hourly-ipv4,blocklist.de|brute-force|apache|rfi|ddos|spam|mail|ziyadnz|hourly,2026-08-17T18:48:05Z,2026-08-17T18:48:05Z,
108.62.56.71,ipv4,attack,high,WHITE,blocklist.de/all|blocklist.de/apache|blocklist.de/mail|ziyadnz/hourly-ipv4,blocklist.de|brute-force|apache|rfi|ddos|spam|mail|ziyadnz|hourly,2026-08-17T18:48:05Z,2026-08-17T18:48:05Z,
108.62.56.72,ipv4,attack,high,WHITE,blocklist.de/all|blocklist.de/apache|blocklist.de/mail|ziyadnz/hourly-ipv4,blocklist.de|brute-force|apache|rfi|ddos|spam|mail|ziyadnz|hourly,2026-08-17T18:48:05Z,2026-08-17T18:48:05Z,
108.62.56.73,ipv4,attack,high,WHITE,blocklist.de/all|blocklist.de/apache|blocklist.de/mail|ziyadnz/hourly-ipv4,blocklist.de|brute-force|apache|rfi|ddos|spam|mail|ziyadnz|hourly,2026-08-17T18:48:05Z,2026-08-17T18:48:05Z,
108.62.56.74,ipv4,attack,high,WHITE,blocklist.de/all|blocklist.de/apache|blocklist.de/mail|ziyadnz/hourly-ipv4,blocklist.de|brute-force|apache|rfi|ddos|spam|mail|ziyadnz|hourly,2026-08-17T18:48:05Z,2026-08-17T18:48:05Z,
108.62.56.75,ipv4,attack,high,WHITE,blocklist.de/all|blocklist.de/apache|blocklist.de/mail|ziyadnz/hourly-ipv4,blocklist.de|brute-force|apache|rfi|ddos|spam|mail|ziyadnz|hourly,2026-08-17T18:48:05Z,2026-08-17T18:48:05Z,
108.62.56.76,ipv4,attack,high,WHITE,blocklist.de/all|blocklist.de/apache|blocklist.de/mail|ziyadnz/hourly-ipv4,blocklist.de|brute-force|apache|rfi|ddos|spam|mail|ziyadnz|hourly,2026-08-17T18:48:05Z,2026-08-17T18:48:05Z,
108.62.56.77,ipv4,attack,high,WHITE,blocklist.de/all|blocklist.de/apache|blocklist.de/mail|ziyadnz/hourly-ipv4,blocklist.de|brute-force|apache|rfi|ddos|spam|mail|ziyadnz|hourly,2026-08-17T18:48:05Z,2026-08-17T18:48:05Z,
108.62.56.78,ipv4,attack,high,WHITE,blocklist.de/all|blocklist.de/apache|blocklist.de/mail|ziyadnz/hourly-ipv4,blocklist.de|brute-force|apache|rfi|ddos|spam|mail|ziyadnz|hourly,2026-08-17T18:48:05Z,2026-08-17T18:48:05Z,
108.62.56.79,ipv4,attack,high,WHITE,blocklist.de/all|blocklist.de/apache|blocklist.de/mail|ziyadnz/hourly-ipv4,blocklist.de|brute-force|apache|rfi|ddos|spam|mail|ziyadnz|hourly,2026-08-17T18:48:05Z,2026-08-17T18:48:05Z,
108.62.56.80,ipv4,attack,high,WHITE,blocklist.de/all|blocklist.de/apache|blocklist.de/mail|ziyadnz/hourly-ipv4,blocklist.de|brute-force|apache|rfi|ddos|spam|mail|ziyadnz|hourly,2026-08-17T18:48:05Z,2026-08-17T18:48:05Z,
108.62.56.81,ipv4,attack,high,WHITE,blocklist.de/all|blocklist.de/apache|blocklist.de/mail|ziyadnz/hourly-ipv4,blocklist.de|brute-force|apache|rfi|ddos|spam|mail|ziyadnz|hourly,2026-08-17T18:48:05Z,2026-08-17T18:48:05Z,
108.62.56.82,ipv4,attack,high,WHITE,blocklist.de/all|blocklist.de/apache|blocklist.de/mail|ziyadnz/hourly-ipv4,blocklist.de|brute-force|apache|rfi|ddos|spam|mail|ziyadnz|hourly,2026-08-17T18:48:05Z,2026-08-17T18:48:05Z,
108.62.56.83,ipv4,attack,high,WHITE,blocklist.de/all|blocklist.de/apache|blocklist.de/mail|ziyadnz/hourly-ipv4,blocklist.de|brute-force|apache|rfi|ddos|spam|mail|ziyadnz|hourly,2026-08-17T18:48:05Z,2026-08-17T18:48:05Z,
108.62.56.84,ipv4,attack,high,WHITE,blocklist.de/all|blocklist.de/apache|blocklist.de/mail|ziyadnz/hourly-ipv4,blocklist.de|brute-force|apache|rfi|ddos|spam|mail|ziyadnz|hourly,2026-08-17T18:48:05Z,2026-08-17T18:48:05Z,
108.62.56.85,ipv4,attack,high,WHITE,blocklist.de/all|blocklist.de/apache|blocklist.de/mail|ziyadnz/hourly-ipv4,blocklist.de|brute-force|apache|rfi|ddos|spam|mail|ziyadnz|hourly,2026-08-17T18:48:05Z,2026-08-17T18:48:05Z,
108.62.56.86,ipv4,attack,high,WHITE,blocklist.de/all|blocklist.de/apache|blocklist.de/mail|ziyadnz/hourly-ipv4,blocklist.de|brute-force|apache|rfi|ddos|spam|mail|ziyadnz|hourly,2026-08-17T18:48:05Z,2026-08-17T18:48:05Z,
108.62.56.87,ipv4,attack,high,WHITE,blocklist.de/all|blocklist.de/apache|blocklist.de/mail|ziyadnz/hourly-ipv4,blocklist.de|brute-force|apache|rfi|ddos|spam|mail|ziyadnz|hourly,2026-08-17T18:48:05Z,2026-08-17T18:48:05Z,
108.62.56.88,ipv4,attack,high,WHITE,blocklist.de/all|blocklist.de/apache|blocklist.de/mail|ziyadnz/hourly-ipv4,blocklist.de|brute-force|apache|rfi|ddos|spam|mail|ziyadnz|hourly,2026-08-17T18:48:05Z,2026-08-17T18:48:05Z,
108.62.56.89,ipv4,attack,high,WHITE,blocklist.de/all|blocklist.de/apache|blocklist.de/mail|ziyadnz/hourly-ipv4,blocklist.de|brute-force|apache|rfi|ddos|spam|mail|ziyadnz|hourly,2026-08-17T18:48:05Z,2026-08-17T18:48:05Z,
108.62.56.90,ipv4,attack,high,WHITE,blocklist.de/all|blocklist.de/apache|blocklist.de/mail|ziyadnz/hourly-ipv4,blocklist.de|brute-force|apache|rfi|ddos|spam|mail|ziyadnz|hourly,2026-08-17T18:48:05Z,2026-08-17T18:48:05Z,
108.62.56.91,ipv4,attack,high,WHITE,blocklist.de/all|blocklist.de/apache|blocklist.de/mail|ziyadnz/hourly-ipv4,blocklist.de|brute-force|apache|rfi|ddos|spam|mail|ziyadnz|hourly,2026-08-17T18:48:05Z,2026-08-17T18:48:05Z,
108.62.56.92,ipv4,attack,high,WHITE,blocklist.de/all|blocklist.de/apache|blocklist.de/mail|ziyadnz/hourly-ipv4,blocklist.de|brute-force|apache|rfi|ddos|spam|mail|ziyadnz|hourly,2026-08-17T18:48:05Z,2026-08-17T18:48:05Z,
108.62.56.93,ipv4,attack,high,WHITE,blocklist.de/all|blocklist.de/apache|blocklist.de/mail|ziyadnz/hourly-ipv4,blocklist.de|brute-force|apache|rfi|ddos|spam|mail|ziyadnz|hourly,2026-08-17T18:48:05Z,2026-08-17T18:48:05Z,
108.62.56.94,ipv4,attack,high,WHITE,blocklist.de/all|blocklist.de/apache|blocklist.de/mail|ziyadnz/hourly-ipv4,blocklist.de|brute-force|apache|rfi|ddos|spam|mail|ziyadnz|hourly,2026-08-17T18:48:05Z,2026-08-17T18:48:05Z,
108.62.56.95,ipv4,attack,high,WHITE,blocklist.de/all|blocklist.de/apache|blocklist.de/mail|ziyadnz/hourly-ipv4,blocklist.de|brute-force|apache|rfi|ddos|spam|mail|ziyadnz|hourly,2026-08-17T18:48:05Z,2026-08-17T18:48:05Z,
108.62.56.96,ipv4,attack,high,WHITE,blocklist.de/all|blocklist.de/apache|blocklist.de/mail|ziyadnz/hourly-ipv4,blocklist.de|brute-force|apache|rfi|ddos|spam|mail|ziyadnz|hourly,2026-08-17T18:48:05Z,2026-08-17T18:48:05Z,
108.62.56.97,ipv4,attack,high,WHITE,blocklist.de/all|blocklist.de/apache|blocklist.de/mail|ziyadnz/hourly-ipv4,blocklist.de|brute-force|apache|rfi|ddos|spam|mail|ziyadnz|hourly,2026-08-17T18:48:05Z,2026-08-17T18:48:05Z,
108.62.56.98,ipv4,attack,high,WHITE,blocklist.de/all|blocklist.de/apache|blocklist.de/mail|ziyadnz/hourly-ipv4,blocklist.de|brute-force|apache|rfi|ddos|spam|mail|ziyadnz|hourly,2026-08-17T18:48:05Z,2026-08-17T18:48:05Z,
108.62.56.99,ipv4,attack,high,WHITE,blocklist.de/all|blocklist.de/apache|blocklist.de/mail|ziyadnz/hourly-ipv4,blocklist.de|brute-force|apache|rfi|ddos|spam|mail|ziyadnz|hourly,2026-08-17T18:48:05Z,2026-08-17T18:48:05Z,
108.62.56.100,ipv4,attack,high,WHITE,blocklist.de/all|blocklist.de/apache|blocklist.de/mail|ziyadnz/hourly-ipv4,blocklist.de|brute-force|apache|rfi|ddos|spam|mail|ziyadnz|hourly,2026-08-17T18:48:05Z,2026-08-17T18:48:05Z,
108.62.56.101,ipv4,attack,high,WHITE,blocklist.de/all|blocklist.de/apache|blocklist.de/mail|ziyadnz/hourly-ipv4,blocklist.de|brute-force|apache|rfi|ddos|spam|mail|ziyadnz|hourly,2026-08-17T18:48:05Z,2026-08-17T18:48:05Z,
108.62.56.102,ipv4,attack,high,WHITE,blocklist.de/all|blocklist.de/apache|blocklist.de/mail|ziyadnz/hourly-ipv4,blocklist.de|brute-force|apache|rfi|ddos|spam|mail|ziyadnz|hourly,2026-08-17T18:48:05Z,2026-08-17T18:48:05Z,
108.62.56.103,ipv4,attack,high,WHITE,blocklist.de/all|blocklist.de/apache|blocklist.de/mail|ziyadnz/hourly-ipv4,blocklist.de|brute-force|apache|rfi|ddos|spam|mail|ziyadnz|hourly,2026-08-17T18:48:05Z,2026-08-17T18:48:05Z,
108.62.56.104,ipv4,attack,high,WHITE,blocklist.de/all|blocklist.de/apache|blocklist.de/mail|ziyadnz/hourly-ipv4,blocklist.de|brute-force|apache|rfi|ddos|spam|mail|ziyadnz|hourly,2026-08-17T18:48:05Z,2026-08-17T18:48:05Z,
108.62.56.105,ipv4,attack,high,WHITE,blocklist.de/all|blocklist.de/apache|blocklist.de/mail|ziyadnz/hourly-ipv4,blocklist.de|brute-force|apache|rfi|ddos|spam|mail|ziyadnz|hourly,2026-08-17T18:48:05Z,2026-08-17T18:48:05Z,
108.62.56.106,ipv4,attack,high,WHITE,blocklist.de/all|blocklist.de/apache|blocklist.de/mail|ziyadnz/hourly-ipv4,blocklist.de|brute-force|apache|rfi|ddos|spam|mail|ziyadnz|hourly,2026-08-17T18:48:05Z,2026-08-17T18:48:05Z,
108.62.56.107,ipv4,attack,high,WHITE,blocklist.de/all|blocklist.de/apache|blocklist.de/mail|ziyadnz/hourly-ipv4,blocklist.de|brute-force|apache|rfi|ddos|spam|mail|ziyadnz|hourly,2026-08-17T18:48:05Z,2026-08-17T18:48:05Z,
108.62.56.108,ipv4,attack,high,WHITE,blocklist.de/all|blocklist.de/apache|blocklist.de/mail|ziyadnz/hourly-ipv4,blocklist.de|brute-force|apache|rfi|ddos|spam|mail|ziyadnz|hourly,2026-08-17T18:48:05Z,2026-08-17T18:48:05Z,
108.62.56.109,ipv4,attack,high,WHITE,blocklist.de/all|blocklist.de/apache|blocklist.de/mail|ziyadnz/hourly-ipv4,blocklist.de|brute-force|apache|rfi|ddos|spam|mail|ziyadnz|hourly,2026-08-17T18:48:05Z,2026-08-17T18:48:05Z,
108.62.56.110,ipv4,attack,high,WHITE,blocklist.de/all|blocklist.de/apache|blocklist.de/mail|ziyadnz/hourly-ipv4,blocklist.de|brute-force|apache|rfi|ddos|spam|mail|ziyadnz|hourly,2026-08-17T18:48:05Z,2026-08-17T18:48:05Z,
108.62.56.111,ipv4,attack,high,WHITE,blocklist.de/all|blocklist.de/apache|blocklist.de/mail|ziyadnz/hourly-ipv4,blocklist.de|brute-force|apache|rfi|ddos|spam|mail|ziyadnz|hourly,2026-08-17T18:48:05Z,2026-08-17T18:48:05Z,
108.62.56.112,ipv4,attack,high,WHITE,blocklist.de/all|blocklist.de/apache|blocklist.de/mail|ziyadnz/hourly-ipv4,blocklist.de|brute-force|apache|rfi|ddos|spam|mail|ziyadnz|hourly,2026-08-17T18:48:05Z,2026-08-17T18:48:05Z,
108.62.56.113,ipv4,attack,high,WHITE,blocklist.de/all|blocklist.de/apache|blocklist.de/mail|ziyadnz/hourly-ipv4,blocklist.de|brute-force|apache|rfi|ddos|spam|mail|ziyadnz|hourly,2026-08-17T18:48:05Z,2026-08-17T18:48:05Z,
108.62.56.114,ipv4,attack,high,WHITE,blocklist.de/all|blocklist.de/apache|blocklist.de/mail|ziyadnz/hourly-ipv4,blocklist.de|brute-force|apache|rfi|ddos|spam|mail|ziyadnz|hourly,2026-08-17T18:48:05Z,2026-08-17T18:48:05Z,
108.62.56.115,ipv4,attack,high,WHITE,blocklist.de/all|blocklist.de/apache|blocklist.de/mail|ziyadnz/hourly-ipv4,blocklist.de|brute-force|apache|rfi|ddos|spam|mail|ziyadnz|hourly,2026-08-17T18:48:05Z,2026-08-17T18:48:05Z,
108.62.56.116,ipv4,attack,high,WHITE,blocklist.de/all|blocklist.de/apache|blocklist.de/mail|ziyadnz/hourly-ipv4,blocklist.de|brute-force|apache|rfi|ddos|spam|mail|ziyadnz|hourly,2026-08-17T18:48:05Z,2026-08-17T18:48:05Z,
108.62.56.117,ipv4,attack,high,WHITE,blocklist.de/all|blocklist.de/apache|blocklist.de/mail|ziyadnz/hourly-ipv4,blocklist.de|brute-force|apache|rfi|ddos|spam|mail|ziyadnz|hourly,2026-08-17T18:48:05Z,2026-08-17T18:48:05Z,
108.62.56.118,ipv4,attack,high,WHITE,blocklist.de/all|blocklist.de/apache|blocklist.de/mail|ziyadnz/hourly-ipv4,blocklist.de|brute-force|apache|rfi|ddos|spam|mail|ziyadnz|hourly,2026-08-17T18:48:05Z,2026-08-17T18:48:05Z,
108.62.56.119,ipv4,attack,high,WHITE,blocklist.de/all|blocklist.de/apache|blocklist.de/mail|ziyadnz/hourly-ipv4,blocklist.de|brute-force|apache|rfi|ddos|spam|mail|ziyadnz|hourly,2026-08-17T18:48:05Z,2026-08-17T18:48:05Z,
108.62.56.120,ipv4,attack,high,WHITE,blocklist.de/all|blocklist.de/apache|blocklist.de/mail|ziyadnz/hourly-ipv4,blocklist.de|brute-force|apache|rfi|ddos|spam|mail|ziyadnz|hourly,2026-08-17T18:48:05Z,2026-08-17T18:48:05Z,
108.62.56.121,ipv4,attack,high,WHITE,blocklist.de/all|blocklist.de/apache|blocklist.de/mail|ziyadnz/hourly-ipv4,blocklist.de|brute-force|apache|rfi|ddos|spam|mail|ziyadnz|hourly,2026-08-17T18:48:05Z,2026-08-17T18:48:05Z,
108.62.56.122,ipv4,attack,high,WHITE,blocklist.de/all|blocklist.de/apache|blocklist.de/mail|ziyadnz/hourly-ipv4,blocklist.de|brute-force|apache|rfi|ddos|spam|mail|ziyadnz|hourly,2026-08-17T18:48:05Z,2026-08-17T18:48:05Z,
108.62.56.123,ipv4,attack,high,WHITE,blocklist.de/all|blocklist.de/apache|blocklist.de/mail|ziyadnz/hourly-ipv4,blocklist.de|brute-force|apache|rfi|ddos|spam|mail|ziyadnz|hourly,2026-08-17T18:48:05Z,2026-08-17T18:48:05Z,
108.62.56.124,ipv4,attack,high,WHITE,blocklist.de/all|blocklist.de/apache|blocklist.de/mail|ziyadnz/hourly-ipv4,blocklist.de|brute-force|apache|rfi|ddos|spam|mail|ziyadnz|hourly,2026-08-17T18:48:05Z,2026-08-17T18:48:05Z,
108.62.56.125,ipv4,attack,high,WHITE,blocklist.de/all|blocklist.de/apache|blocklist.de/mail|ziyadnz/hourly-ipv4,blocklist.de|brute-force|apache|rfi|ddos|spam|mail|ziyadnz|hourly,2026-08-17T18:48:05Z,2026-08-17T18:48:05Z,
108.62.56.126,ipv4,attack,high,WHITE,blocklist.de/all|blocklist.de/apache|blocklist.de/mail|ziyadnz/hourly-ipv4,blocklist.de|brute-force|apache|rfi|ddos|spam|mail|ziyadnz|hourly,2026-08-17T18:48:05Z,2026-08-17T18:48:05Z,
108.62.56.127,ipv4,attack,high,WHITE,blocklist.de/all|blocklist.de/apache|blocklist.de/mail|ziyadnz/hourly-ipv4,blocklist.de|brute-force|apache|rfi|ddos|spam|mail|ziyadnz|hourly,2026-08-17T18:48:05Z,2026-08-17T18:48:05Z,
108.62.56.128,ipv4,attack,high,WHITE,blocklist.de/all|blocklist.de/apache|blocklist.de/mail|ziyadnz/hourly-ipv4,blocklist.de|brute-force|apache|rfi|ddos|spam|mail|ziyadnz|hourly,2026-08-17T18:48:05Z,2026-08-17T18:48:05Z,
108.62.56.129,ipv4,attack,high,WHITE,blocklist.de/all|blocklist.de/apache|blocklist.de/mail|ziyadnz/hourly-ipv4,blocklist.de|brute-force|apache|rfi|ddos|spam|mail|ziyadnz|hourly,2026-08-17T18:48:05Z,2026-08-17T18:48:05Z,
108.62.56.130,ipv4,attack,high,WHITE,blocklist.de/all|blocklist.de/apache|blocklist.de/mail|ziyadnz/hourly-ipv4,blocklist.de|brute-force|apache|rfi|ddos|spam|mail|ziyadnz|hourly,2026-08-17T18:48:05Z,2026-08-17T18:48:05Z,
108.62.56.131,ipv4,attack,high,WHITE,blocklist.de/all|blocklist.de/apache|blocklist.de/mail|ziyadnz/hourly-ipv4,blocklist.de|brute-force|apache|rfi|ddos|spam|mail|ziyadnz|hourly,2026-08-17T18:48:05Z,2026-08-17T18:48:05Z,
108.62.56.132,ipv4,attack,high,WHITE,blocklist.de/all|blocklist.de/apache|blocklist.de/mail|ziyadnz/hourly-ipv4,blocklist.de|brute-force|apache|rfi|ddos|spam|mail|ziyadnz|hourly,2026-08-17T18:48:05Z,2026-08-17T18:48:05Z,
108.62.56.133,ipv4,attack,high,WHITE,blocklist.de/all|blocklist.de/apache|blocklist.de/mail|ziyadnz/hourly-ipv4,blocklist.de|brute-force|apache|rfi|ddos|spam|mail|ziyadnz|hourly,2026-08-17T18:48:05Z,2026-08-17T18:48:05Z,
108.62.56.134,ipv4,attack,high,WHITE,blocklist.de/all|blocklist.de/apache|blocklist.de/mail|ziyadnz/hourly-ipv4,blocklist.de|brute-force|apache|rfi|ddos|spam|mail|ziyadnz|hourly,2026-08-17T18:48:05Z,2026-08-17T18:48:05Z,
108.62.56.135,ipv4,attack,high,WHITE,blocklist.de/all|blocklist.de/apache|blocklist.de/mail|ziyadnz/hourly-ipv4,blocklist.de|brute-force|apache|rfi|ddos|spam|mail|ziyadnz|hourly,2026-08-17T18:48:05Z,2026-08-17T18:48:05Z,
108.62.56.136,ipv4,attack,high,WHITE,blocklist.de/all|blocklist.de/apache|blocklist.de/mail|ziyadnz/hourly-ipv4,blocklist.de|brute-force|apache|rfi|ddos|spam|mail|ziyadnz|hourly,2026-08-17T18:48:05Z,2026-08-17T18:48:05Z,
108.62.56.137,ipv4,attack,high,WHITE,blocklist.de/all|blocklist.de/apache|blocklist.de/mail|ziyadnz/hourly-ipv4,blocklist.de|brute-force|apache|rfi|ddos|spam|mail|ziyadnz|hourly,2026-08-17T18:48:05Z,2026-08-17T18:48:05Z,
108.62.56.138,ipv4,attack,high,WHITE,blocklist.de/all|blocklist.de/apache|blocklist.de/mail|ziyadnz/hourly-ipv4,blocklist.de|brute-force|apache|rfi|ddos|spam|mail|ziyadnz|hourly,2026-08-17T18:48:05Z,2026-08-17T18:48:05Z,
108.62.56.139,ipv4,attack,high,WHITE,blocklist.de/all|blocklist.de/apache|blocklist.de/mail|ziyadnz/hourly-ipv4,blocklist.de|brute-force|apache|rfi|ddos|spam|mail|ziyadnz|hourly,2026-08-17T18:48:05Z,2026-08-17T18:48:05Z,
108.62.56.140,ipv4,attack,high,WHITE,blocklist.de/all|blocklist.de/apache|blocklist.de/mail|ziyadnz/hourly-ipv4,blocklist.de|brute-force|apache|rfi|ddos|spam|mail|ziyadnz|hourly,2026-08-17T18:48:05Z,2026-08-17T18:48:05Z,
108.62.56.141,ipv4,attack,high,WHITE,blocklist.de/all|blocklist.de/apache|blocklist.de/mail|ziyadnz/hourly-ipv4,blocklist.de|brute-force|apache|rfi|ddos|spam|mail|ziyadnz|hourly,2026-08-17T18:48:05Z,2026-08-17T18:48:05Z,
108.62.56.142,ipv4,attack,high,WHITE,blocklist.de/all|blocklist.de/apache|blocklist.de/mail|ziyadnz/hourly-ipv4,blocklist.de|brute-force|apache|rfi|ddos|spam|mail|ziyadnz|hourly,2026-08-17T18:48:05Z,2026-08-17T18:48:05Z,
108.62.56.143,ipv4,attack,high,WHITE,blocklist.de/all|blocklist.de/apache|blocklist.de/mail|ziyadnz/hourly-ipv4,blocklist.de|brute-force|apache|rfi|ddos|spam|mail|ziyadnz|hourly,2026-08-17T18:48:05Z,2026-08-17T18:48:05Z,
108.62.56.144,ipv4,attack,high,WHITE,blocklist.de/all|blocklist.de/apache|blocklist.de/mail|ziyadnz/hourly-ipv4,blocklist.de|brute-force|apache|rfi|ddos|spam|mail|ziyadnz|hourly,2026-08-17T18:48:05Z,2026-08-17T18:48:05Z,
108.62.56.145,ipv4,attack,high,WHITE,blocklist.de/all|blocklist.de/apache|blocklist.de/mail|ziyadnz/hourly-ipv4,blocklist.de|brute-force|apache|rfi|ddos|spam|mail|ziyadnz|hourly,2026-08-17T18:48:05Z,2026-08-17T18:48:05Z,
108.62.56.146,ipv4,attack,high,WHITE,blocklist.de/all|blocklist.de/apache|blocklist.de/mail|ziyadnz/hourly-ipv4,blocklist.de|brute-force|apache|rfi|ddos|spam|mail|ziyadnz|hourly,2026-08-17T18:48:05Z,2026-08-17T18:48:05Z,
108.62.56.147,ipv4,attack,high,WHITE,blocklist.de/all|blocklist.de/apache|blocklist.de/mail|ziyadnz/hourly-ipv4,blocklist.de|brute-force|apache|rfi|ddos|spam|mail|ziyadnz|hourly,2026-08-17T18:48:05Z,2026-08-17T18:48:05Z,
108.62.56.148,ipv4,attack,high,WHITE,blocklist.de/all|blocklist.de/apache|blocklist.de/mail|ziyadnz/hourly-ipv4,blocklist.de|brute-force|apache|rfi|ddos|spam|mail|ziyadnz|hourly,2026-08-17T18:48:05Z,2026-08-17T18:48:05Z,
108.62.56.149,ipv4,attack,high,WHITE,blocklist.de/all|blocklist.de/apache|blocklist.de/mail|ziyadnz/hourly-ipv4,blocklist.de|brute-force|apache|rfi|ddos|spam|mail|ziyadnz|hourly,2026-08-17T18:48:05Z,2026-08-17T18:48:05Z,
108.62.56.150,ipv4,attack,high,WHITE,blocklist.de/all|blocklist.de/apache|blocklist.de/mail|ziyadnz/hourly-ipv4,blocklist.de|brute-force|apache|rfi|ddos|spam|mail|ziyadnz|hourly,2026-08-17T18:48:05Z,2026-08-17T18:48:05Z,
108.62.56.151,ipv4,attack,high,WHITE,blocklist.de/all|blocklist.de/apache|blocklist.de/mail|ziyadnz/hourly-ipv4,blocklist.de|brute-force|apache|rfi|ddos|spam|mail|ziyadnz|hourly,2026-08-17T18:48:05Z,2026-08-17T18:48:05Z,
108.62.56.152,ipv4,attack,high,WHITE,blocklist.de/all|blocklist.de/apache|blocklist.de/mail|ziyadnz/hourly-ipv4,blocklist.de|brute-force|apache|rfi|ddos|spam|mail|ziyadnz|hourly,2026-08-17T18:48:05Z,2026-08-17T18:48:05Z,
108.62.56.153,ipv4,attack,high,WHITE,blocklist.de/all|blocklist.de/apache|blocklist.de/mail|ziyadnz/hourly-ipv4,blocklist.de|brute-force|apache|rfi|ddos|spam|mail|ziyadnz|hourly,2026-08-17T18:48:05Z,2026-08-17T18:48:05Z,
108.62.56.154,ipv4,attack,high,WHITE,blocklist.de/all|blocklist.de/apache|blocklist.de/mail|ziyadnz/hourly-ipv4,blocklist.de|brute-force|apache|rfi|ddos|spam|mail|ziyadnz|hourly,2026-08-17T18:48:05Z,2026-08-17T18:48:05Z,
108.62.56.155,ipv4,attack,high,WHITE,blocklist.de/all|blocklist.de/apache|blocklist.de/mail|ziyadnz/hourly-ipv4,blocklist.de|brute-force|apache|rfi|ddos|spam|mail|ziyadnz|hourly,2026-08-17T18:48:05Z,2026-08-17T18:48:05Z,
108.62.56.156,ipv4,attack,high,WHITE,blocklist.de/all|blocklist.de/apache|blocklist.de/mail|ziyadnz/hourly-ipv4,blocklist.de|brute-force|apache|rfi|ddos|spam|mail|ziyadnz|hourly,2026-08-17T18:48:05Z,2026-08-17T18:48:05Z,
108.62.56.157,ipv4,attack,high,WHITE,blocklist.de/all|blocklist.de/apache|blocklist.de/mail|ziyadnz/hourly-ipv4,blocklist.de|brute-force|apache|rfi|ddos|spam|mail|ziyadnz|hourly,2026-08-17T18:48:05Z,2026-08-17T18:48:05Z,
108.62.56.158,ipv4,attack,high,WHITE,blocklist.de/all|blocklist.de/apache|blocklist.de/mail|ziyadnz/hourly-ipv4,blocklist.de|brute-force|apache|rfi|ddos|spam|mail|ziyadnz|hourly,2026-08-17T18:48:05Z,2026-08-17T18:48:05Z,
108.62.56.159,ipv4,attack,high,WHITE,blocklist.de/all|blocklist.de/apache|blocklist.de/mail|ziyadnz/hourly-ipv4,blocklist.de|brute-force|apache|rfi|ddos|spam|mail|ziyadnz|hourly,2026-08-17T18:48:05Z,2026-08-17T18:48:05Z,
108.62.56.160,ipv4,attack,high,WHITE,blocklist.de/all|blocklist.de/apache|blocklist.de/mail|ziyadnz/hourly-ipv4,blocklist.de|brute-force|apache|rfi|ddos|spam|mail|ziyadnz|hourly,2026-08-17T18:48:05Z,2026-08-17T18:48:05Z,
108.62.56.161,ipv4,attack,high,WHITE,blocklist.de/all|blocklist.de/apache|blocklist.de/mail|ziyadnz/hourly-ipv4,blocklist.de|brute-force|apache|rfi|ddos|spam|mail|ziyadnz|hourly,2026-08-17T18:48:05Z,2026-08-17T18:48:05Z,
108.62.56.162,ipv4,attack,high,WHITE,blocklist.de/all|blocklist.de/apache|blocklist.de/mail|ziyadnz/hourly-ipv4,blocklist.de|brute-force|apache|rfi|ddos|spam|mail|ziyadnz|hourly,2026-08-17T18:48:05Z,2026-08-17T18:48:05Z,
108.62.56.163,ipv4,attack,high,WHITE,blocklist.de/all|blocklist.de/apache|blocklist.de/mail|ziyadnz/hourly-ipv4,blocklist.de|brute-force|apache|rfi|ddos|spam|mail|ziyadnz|hourly,2026-08-17T18:48:05Z,2026-08-17T18:48:05Z,
108.62.56.164,ipv4,attack,high,WHITE,blocklist.de/all|blocklist.de/apache|blocklist.de/mail|ziyadnz/hourly-ipv4,blocklist.de|brute-force|apache|rfi|ddos|spam|mail|ziyadnz|hourly,2026-08-17T18:48:05Z,2026-08-17T18:48:05Z,
108.62.56.165,ipv4,attack,high,WHITE,blocklist.de/all|blocklist.de/apache|blocklist.de/mail|ziyadnz/hourly-ipv4,blocklist.de|brute-force|apache|rfi|ddos|spam|mail|ziyadnz|hourly,2026-08-17T18:48:05Z,2026-08-17T18:48:05Z,
108.62.56.166,ipv4,attack,high,WHITE,blocklist.de/all|blocklist.de/apache|blocklist.de/mail|ziyadnz/hourly-ipv4,blocklist.de|brute-force|apache|rfi|ddos|spam|mail|ziyadnz|hourly,2026-08-17T18:48:05Z,2026-08-17T18:48:05Z,
108.62.56.167,ipv4,attack,high,WHITE,blocklist.de/all|blocklist.de/apache|blocklist.de/mail|ziyadnz/hourly-ipv4,blocklist.de|brute-force|apache|rfi|ddos|spam|mail|ziyadnz|hourly,2026-08-17T18:48:05Z,2026-08-17T18:48:05Z,
108.62.56.168,ipv4,attack,high,WHITE,blocklist.de/all|blocklist.de/apache|blocklist.de/mail|ziyadnz/hourly-ipv4,blocklist.de|brute-force|apache|rfi|ddos|spam|mail|ziyadnz|hourly,2026-08-17T18:48:05Z,2026-08-17T18:48:05Z,
108.62.56.169,ipv4,attack,high,WHITE,blocklist.de/all|blocklist.de/apache|blocklist.de/mail|ziyadnz/hourly-ipv4,blocklist.de|brute-force|apache|rfi|ddos|spam|mail|ziyadnz|hourly,2026-08-17T18:48:05Z,2026-08-17T18:48:05Z,
108.62.56.170,ipv4,attack,high,WHITE,blocklist.de/all|blocklist.de/apache|blocklist.de/mail|ziyadnz/hourly-ipv4,blocklist.de|brute-force|apache|rfi|ddos|spam|mail|ziyadnz|hourly,2026-08-17T18:48:05Z,2026-08-17T18:48:05Z,
108.62.56.171,ipv4,attack,high,WHITE,blocklist.de/all|blocklist.de/apache|blocklist.de/mail|ziyadnz/hourly-ipv4,blocklist.de|brute-force|apache|rfi|ddos|spam|mail|ziyadnz|hourly,2026-08-17T18:48:05Z,2026-08-17T18:48:05Z,
108.62.56.172,ipv4,attack,high,WHITE,blocklist.de/all|blocklist.de/apache|blocklist.de/mail|ziyadnz/hourly-ipv4,blocklist.de|brute-force|apache|rfi|ddos|spam|mail|ziyadnz|hourly,2026-08-17T18:48:05Z,2026-08-17T18:48:05Z,
108.62.56.173,ipv4,attack,high,WHITE,blocklist.de/all|blocklist.de/apache|blocklist.de/mail|ziyadnz/hourly-ipv4,blocklist.de|brute-force|apache|rfi|ddos|spam|mail|ziyadnz|hourly,2026-08-17T18:48:05Z,2026-08-17T18:48:05Z,
108.62.56.174,ipv4,attack,high,WHITE,blocklist.de/all|blocklist.de/apache|blocklist.de/mail|ziyadnz/hourly-ipv4,blocklist.de|brute-force|apache|rfi|ddos|spam|mail|ziyadnz|hourly,2026-08-17T18:48:05Z,2026-08-17T18:48:05Z,
108.62.56.175,ipv4,attack,high,WHITE,blocklist.de/all|blocklist.de/apache|blocklist.de/mail|ziyadnz/hourly-ipv4,blocklist.de|brute-force|apache|rfi|ddos|spam|mail|ziyadnz|hourly,2026-08-17T18:48:05Z,2026-08-17T18:48:05Z,
108.62.56.176,ipv4,attack,high,WHITE,blocklist.de/all|blocklist.de/apache|blocklist.de/mail|ziyadnz/hourly-ipv4,blocklist.de|brute-force|apache|rfi|ddos|spam|mail|ziyadnz|hourly,2026-08-17T18:48:05Z,2026-08-17T18:48:05Z,
108.62.56.177,ipv4,attack,high,WHITE,blocklist.de/all|blocklist.de/apache|blocklist.de/mail|ziyadnz/hourly-ipv4,blocklist.de|brute-force|apache|rfi|ddos|spam|mail|ziyadnz|hourly,2026-08-17T18:48:05Z,2026-08-17T18:48:05Z,
108.62.56.178,ipv4,attack,high,WHITE,blocklist.de/all|blocklist.de/apache|blocklist.de/mail|ziyadnz/hourly-ipv4,blocklist.de|brute-force|apache|rfi|ddos|spam|mail|ziyadnz|hourly,2026-08-17T18:48:05Z,2026-08-17T18:48:05Z,
108.62.56.179,ipv4,attack,high,WHITE,blocklist.de/all|blocklist.de/apache|blocklist.de/mail|ziyadnz/hourly-ipv4,blocklist.de|brute-force|apache|rfi|ddos|spam|mail|ziyadnz|hourly,2026-08-17T18:48:05Z,2026-08-17T18:48:05Z,
108.62.56.180,ipv4,attack,high,WHITE,blocklist.de/all|blocklist.de/apache|blocklist.de/mail|ziyadnz/hourly-ipv4,blocklist.de|brute-force|apache|rfi|ddos|spam|mail|ziyadnz|hourly,2026-08-17T18:48:05Z,2026-08-17T18:48:05Z,
108.62.56.181,ipv4,attack,high,WHITE,blocklist.de/all|blocklist.de/apache|blocklist.de/mail|ziyadnz/hourly-ipv4,blocklist.de|brute-force|apache|rfi|ddos|spam|mail|ziyadnz|hourly,2026-08-17T18:48:05Z,2026-08-17T18:48:05Z,
108.62.56.182,ipv4,attack,high,WHITE,blocklist.de/all|blocklist.de/apache|blocklist.de/mail|ziyadnz/hourly-ipv4,blocklist.de|brute-force|apache|rfi|ddos|spam|mail|ziyadnz|hourly,2026-08-17T18:48:05Z,2026-08-17T18:48:05Z,
108.62.56.183,ipv4,attack,high,WHITE,blocklist.de/all|blocklist.de/apache|blocklist.de/mail|ziyadnz/hourly-ipv4,blocklist.de|brute-force|apache|rfi|ddos|spam|mail|ziyadnz|hourly,2026-08-17T18:48:05Z,2026-08-17T18:48:05Z,
108.62.56.184,ipv4,attack,high,WHITE,blocklist.de/all|blocklist.de/apache|blocklist.de/mail|ziyadnz/hourly-ipv4,blocklist.de|brute-force|apache|rfi|ddos|spam|mail|ziyadnz|hourly,2026-08-17T18:48:05Z,2026-08-17T18:48:05Z,
108.62.56.185,ipv4,attack,high,WHITE,blocklist.de/all|blocklist.de/apache|blocklist.de/mail|ziyadnz/hourly-ipv4,blocklist.de|brute-force|apache|rfi|ddos|spam|mail|ziyadnz|hourly,2026-08-17T18:48:05Z,2026-08-17T18:48:05Z,
108.62.56.186,ipv4,attack,high,WHITE,blocklist.de/all|blocklist.de/apache|blocklist.de/mail|ziyadnz/hourly-ipv4,blocklist.de|brute-force|apache|rfi|ddos|spam|mail|ziyadnz|hourly,2026-08-17T18:48:05Z,2026-08-17T18:48:05Z,
108.62.56.187,ipv4,attack,high,WHITE,blocklist.de/all|blocklist.de/apache|blocklist.de/mail|ziyadnz/hourly-ipv4,blocklist.de|brute-force|apache|rfi|ddos|spam|mail|ziyadnz|hourly,2026-08-17T18:48:05Z,2026-08-17T18:48:05Z,
108.62.56.188,ipv4,attack,high,WHITE,blocklist.de/all|blocklist.de/apache|blocklist.de/mail|ziyadnz/hourly-ipv4,blocklist.de|brute-force|apache|rfi|ddos|spam|mail|ziyadnz|hourly,2026-08-17T18:48:05Z,2026-08-17T18:48:05Z,
108.62.56.189,ipv4,attack,high,WHITE,blocklist.de/all|blocklist.de/apache|blocklist.de/mail|ziyadnz/hourly-ipv4,blocklist.de|brute-force|apache|rfi|ddos|spam|mail|ziyadnz|hourly,2026-08-17T18:48:05Z,2026-08-17T18:48:05Z,
108.62.56.190,ipv4,attack,high,WHITE,blocklist.de/all|blocklist.de/apache|blocklist.de/mail|ziyadnz/hourly-ipv4,blocklist.de|brute-force|apache|rfi|ddos|spam|mail|ziyadnz|hourly,2026-08-17T18:48:05Z,2026-08-17T18:48:05Z,
108.62.56.191,ipv4,attack,high,WHITE,blocklist.de/all|blocklist.de/apache|blocklist.de/mail|ziyadnz/hourly-ipv4,blocklist.de|brute-force|apache|rfi|ddos|spam|mail|ziyadnz|hourly,2026-08-17T18:48:05Z,2026-08-17T18:48:05Z,
108.62.56.192,ipv4,attack,high,WHITE,blocklist.de/all|blocklist.de/apache|blocklist.de/mail|ziyadnz/hourly-ipv4,blocklist.de|brute-force|apache|rfi|ddos|spam|mail|ziyadnz|hourly,2026-08-17T18:48:05Z,2026-08-17T18:48:05Z,
108.62.56.193,ipv4,attack,high,WHITE,blocklist.de/all|blocklist.de/apache|blocklist.de/mail|ziyadnz/hourly-ipv4,blocklist.de|brute-force|apache|rfi|ddos|spam|mail|ziyadnz|hourly,2026-08-17T18:48:05Z,2026-08-17T18:48:05Z,
108.62.56.194,ipv4,attack,high,WHITE,blocklist.de/all|blocklist.de/apache|blocklist.de/mail|ziyadnz/hourly-ipv4,blocklist.de|brute-force|apache|rfi|ddos|spam|mail|ziyadnz|hourly,2026-08-17T18:48:05Z,2026-08-17T18:48:05Z,
108.62.56.195,ipv4,attack,high,WHITE,blocklist.de/all|blocklist.de/apache|blocklist.de/mail|ziyadnz/hourly-ipv4,blocklist.de|brute-force|apache|rfi|ddos|spam|mail|ziyadnz|hourly,2026-08-17T18:48:05Z,2026-08-17T18:48:05Z,
108.62.56.196,ipv4,attack,high,WHITE,blocklist.de/all|blocklist.de/apache|blocklist.de/mail|ziyadnz/hourly-ipv4,blocklist.de|brute-force|apache|rfi|ddos|spam|mail|ziyadnz|hourly,2026-08-17T18:48:05Z,2026-08-17T18:48:05Z,
108.62.56.197,ipv4,attack,high,WHITE,blocklist.de/all|blocklist.de/apache|blocklist.de/mail|ziyadnz/hourly-ipv4,blocklist.de|brute-force|apache|rfi|ddos|spam|mail|ziyadnz|hourly,2026-08-17T18:48:05Z,2026-08-17T18:48:05Z,
108.62.56.198,ipv4,attack,high,WHITE,blocklist.de/all|blocklist.de/apache|blocklist.de/mail|ziyadnz/hourly-ipv4,blocklist.de|brute-force|apache|rfi|ddos|spam|mail|ziyadnz|hourly,2026-08-17T18:48:05Z,2026-08-17T18:48:05Z,
108.62.56.199,ipv4,attack,high,WHITE,blocklist.de/all|blocklist.de/apache|blocklist.de/mail|ziyadnz/hourly-ipv4,blocklist.de|brute-force|apache|rfi|ddos|spam|mail|ziyadnz|hourly,2026-08-17T18:48:05Z,2026-08-17T18:48:05Z,
108.62.56.200,ipv4,attack,high,WHITE,blocklist.de/all|blocklist.de/apache|blocklist.de/mail|ziyadnz/hourly-ipv4,blocklist.de|brute-force|apache|rfi|ddos|spam|mail|ziyadnz|hourly,2026-08-17T18:48:05Z,2026-08-17T18:48:05Z,
108.62.56.201,ipv4,attack,high,WHITE,blocklist.de/all|blocklist.de/apache|blocklist.de/mail|ziyadnz/hourly-ipv4,blocklist.de|brute-force|apache|rfi|ddos|spam|mail|ziyadnz|hourly,2026-08-17T18:48:05Z,2026-08-17T18:48:05Z,
108.62.56.202,ipv4,attack,high,WHITE,blocklist.de/all|blocklist.de/apache|blocklist.de/mail|ziyadnz/hourly-ipv4,blocklist.de|brute-force|apache|rfi|ddos|spam|mail|ziyadnz|hourly,2026-08-17T18:48:05Z,2026-08-17T18:48:05Z,
108.62.56.203,ipv4,attack,high,WHITE,blocklist.de/all|blocklist.de/apache|blocklist.de/mail|ziyadnz/hourly-ipv4,blocklist.de|brute-force|apache|rfi|ddos|spam|mail|ziyadnz|hourly,2026-08-17T18:48:05Z,2026-08-17T18:48:05Z,
108.62.56.204,ipv4,attack,high,WHITE,blocklist.de/all|blocklist.de/apache|blocklist.de/mail|ziyadnz/hourly-ipv4,blocklist.de|brute-force|apache|rfi|ddos|spam|mail|ziyadnz|hourly,2026-08-17T18:48:05Z,2026-08-17T18:48:05Z,
108.62.56.205,ipv4,attack,high,WHITE,blocklist.de/all|blocklist.de/apache|blocklist.de/mail|ziyadnz/hourly-ipv4,blocklist.de|brute-force|apache|rfi|ddos|spam|mail|ziyadnz|hourly,2026-08-17T18:48:05Z,2026-08-17T18:48:05Z,
108.62.56.206,ipv4,attack,high,WHITE,blocklist.de/all|blocklist.de/apache|blocklist.de/mail|ziyadnz/hourly-ipv4,blocklist.de|brute-force|apache|rfi|ddos|spam|mail|ziyadnz|hourly,2026-08-17T18:48:05Z,2026-08-17T18:48:05Z,
108.62.56.207,ipv4,attack,high,WHITE,blocklist.de/all|blocklist.de/apache|blocklist.de/mail|ziyadnz/hourly-ipv4,blocklist.de|brute-force|apache|rfi|ddos|spam|mail|ziyadnz|hourly,2026-08-17T18:48:05Z,2026-08-17T18:48:05Z,
108.62.56.208,ipv4,attack,high,WHITE,blocklist.de/all|blocklist.de/apache|blocklist.de/mail|ziyadnz/hourly-ipv4,blocklist.de|brute-force|apache|rfi|ddos|spam|mail|ziyadnz|hourly,2026-08-17T18:48:05Z,2026-08-17T18:48:05Z,
108.62.56.209,ipv4,attack,high,WHITE,blocklist.de/all|blocklist.de/apache|blocklist.de/mail|ziyadnz/hourly-ipv4,blocklist.de|brute-force|apache|rfi|ddos|spam|mail|ziyadnz|hourly,2026-08-17T18:48:05Z,2026-08-17T18:48:05Z,
108.62.56.210,ipv4,attack,high,WHITE,blocklist.de/all|blocklist.de/apache|blocklist.de/mail|ziyadnz/hourly-ipv4,blocklist.de|brute-force|apache|rfi|ddos|spam|mail|ziyadnz|hourly,2026-08-17T18:48:05Z,2026-08-17T18:48:05Z,
108.62.56.211,ipv4,attack,high,WHITE,blocklist.de/all|blocklist.de/apache|blocklist.de/mail|ziyadnz/hourly-ipv4,blocklist.de|brute-force|apache|rfi|ddos|spam|mail|ziyadnz|hourly,2026-08-17T18:48:05Z,2026-08-17T18:48:05Z,
108.62.56.212,ipv4,attack,high,WHITE,blocklist.de/all|blocklist.de/apache|blocklist.de/mail|ziyadnz/hourly-ipv4,blocklist.de|brute-force|apache|rfi|ddos|spam|mail|ziyadnz|hourly,2026-08-17T18:48:05Z,2026-08-17T18:48:05Z,
108.62.56.213,ipv4,attack,high,WHITE,blocklist.de/all|blocklist.de/apache|blocklist.de/mail|ziyadnz/hourly-ipv4,blocklist.de|brute-force|apache|rfi|ddos|spam|mail|ziyadnz|hourly,2026-08-17T18:48:05Z,2026-08-17T18:48:05Z,
108.62.56.214,ipv4,attack,high,WHITE,blocklist.de/all|blocklist.de/apache|blocklist.de/mail|ziyadnz/hourly-ipv4,blocklist.de|brute-force|apache|rfi|ddos|spam|mail|ziyadnz|hourly,2026-08-17T18:48:05Z,2026-08-17T18:48:05Z,
108.62.56.215,ipv4,attack,high,WHITE,blocklist.de/all|blocklist.de/apache|blocklist.de/mail|ziyadnz/hourly-ipv4,blocklist.de|brute-force|apache|rfi|ddos|spam|mail|ziyadnz|hourly,2026-08-17T18:48:05Z,2026-08-17T18:48:05Z,
108.62.56.216,ipv4,attack,high,WHITE,blocklist.de/all|blocklist.de/apache|blocklist.de/mail|ziyadnz/hourly-ipv4,blocklist.de|brute-force|apache|rfi|ddos|spam|mail|ziyadnz|hourly,2026-08-17T18:48:05Z,2026-08-17T18:48:05Z,
108.62.56.217,ipv4,attack,high,WHITE,blocklist.de/all|blocklist.de/apache|blocklist.de/mail|ziyadnz/hourly-ipv4,blocklist.de|brute-force|apache|rfi|ddos|spam|mail|ziyadnz|hourly,2026-08-17T18:48:05Z,2026-08-17T18:48:05Z,
108.62.56.218,ipv4,attack,high,WHITE,blocklist.de/all|blocklist.de/apache|blocklist.de/mail|ziyadnz/hourly-ipv4,blocklist.de|brute-force|apache|rfi|ddos|spam|mail|ziyadnz|hourly,2026-08-17T18:48:05Z,2026-08-17T18:48:05Z,
108.62.56.219,ipv4,attack,high,WHITE,blocklist.de/all|blocklist.de/apache|blocklist.de/mail|ziyadnz/hourly-ipv4,blocklist.de|brute-force|apache|rfi|ddos|spam|mail|ziyadnz|hourly,2026-08-17T18:48:05Z,2026-08-17T18:48:05Z,
108.62.56.220,ipv4,attack,high,WHITE,blocklist.de/all|blocklist.de/apache|blocklist.de/mail|ziyadnz/hourly-ipv4,blocklist.de|brute-force|apache|rfi|ddos|spam|mail|ziyadnz|hourly,2026-08-17T18:48:05Z,2026-08-17T18:48:05Z,
108.62.56.221,ipv4,attack,high,WHITE,blocklist.de/all|blocklist.de/apache|blocklist.de/mail|ziyadnz/hourly-ipv4,blocklist.de|brute-force|apache|rfi|ddos|spam|mail|ziyadnz|hourly,2026-08-17T18:48:05Z,2026-08-17T18:48:05Z,
108.62.56.222,ipv4,attack,high,WHITE,blocklist.de/all|blocklist.de/apache|blocklist.de/mail|ziyadnz/hourly-ipv4,blocklist.de|brute-force|apache|rfi|ddos|spam|mail|ziyadnz|hourly,2026-08-17T18:48:05Z,2026-08-17T18:48:05Z,
108.62.56.223,ipv4,attack,high,WHITE,blocklist.de/all|blocklist.de/apache|blocklist.de/mail|ziyadnz/hourly-ipv4,blocklist.de|brute-force|apache|rfi|ddos|spam|mail|ziyadnz|hourly,2026-08-17T18:48:05Z,2026-08-17T18:48:05Z,
108.62.56.224,ipv4,attack,high,WHITE,blocklist.de/all|blocklist.de/apache|blocklist.de/mail|ziyadnz/hourly-ipv4,blocklist.de|brute-force|apache|rfi|ddos|spam|mail|ziyadnz|hourly,2026-08-17T18:48:05Z,2026-08-17T18:48:05Z,
108.62.56.225,ipv4,attack,high,WHITE,blocklist.de/all|blocklist.de/apache|blocklist.de/mail|ziyadnz/hourly-ipv4,blocklist.de|brute-force|apache|rfi|ddos|spam|mail|ziyadnz|hourly,2026-08-17T18:48:05Z,2026-08-17T18:48:05Z,
108.62.56.226,ipv4,attack,high,WHITE,blocklist.de/all|blocklist.de/apache|blocklist.de/mail|ziyadnz/hourly-ipv4,blocklist.de|brute-force|apache|rfi|ddos|spam|mail|ziyadnz|hourly,2026-08-17T18:48:05Z,2026-08-17T18:48:05Z,
108.62.56.227,ipv4,attack,high,WHITE,blocklist.de/all|blocklist.de/apache|blocklist.de/mail|ziyadnz/hourly-ipv4,blocklist.de|brute-force|apache|rfi|ddos|spam|mail|ziyadnz|hourly,2026-08-17T18:48:05Z,2026-08-17T18:48:05Z,
108.62.56.228,ipv4,attack,high,WHITE,blocklist.de/all|blocklist.de/apache|blocklist.de/mail|ziyadnz/hourly-ipv4,blocklist.de|brute-force|apache|rfi|ddos|spam|mail|ziyadnz|hourly,2026-08-17T18:48:05Z,2026-08-17T18:48:05Z,
108.62.56.229,ipv4,attack,high,WHITE,blocklist.de/all|blocklist.de/apache|blocklist.de/mail|ziyadnz/hourly-ipv4,blocklist.de|brute-force|apache|rfi|ddos|spam|mail|ziyadnz|hourly,2026-08-17T18:48:05Z,2026-08-17T18:48:05Z,
108.62.56.230,ipv4,attack,high,WHITE,blocklist.de/all|blocklist.de/apache|blocklist.de/mail|ziyadnz/hourly-ipv4,blocklist.de|brute-force|apache|rfi|ddos|spam|mail|ziyadnz|hourly,2026-08-17T18:48:05Z,2026-08-17T18:48:05Z,
108.62.56.231,ipv4,attack,high,WHITE,blocklist.de/all|blocklist.de/apache|blocklist.de/mail|ziyadnz/hourly-ipv4,blocklist.de|brute-force|apache|rfi|ddos|spam|mail|ziyadnz|hourly,2026-08-17T18:48:05Z,2026-08-17T18:48:05Z,
108.62.56.232,ipv4,attack,high,WHITE,blocklist.de/all|blocklist.de/apache|blocklist.de/mail|ziyadnz/hourly-ipv4,blocklist.de|brute-force|apache|rfi|ddos|spam|mail|ziyadnz|hourly,2026-08-17T18:48:05Z,2026-08-17T18:48:05Z,
108.62.56.233,ipv4,attack,high,WHITE,blocklist.de/all|blocklist.de/apache|blocklist.de/mail|ziyadnz/hourly-ipv4,blocklist.de|brute-force|apache|rfi|ddos|spam|mail|ziyadnz|hourly,2026-08-17T18:48:05Z,2026-08-17T18:48:05Z,
108.62.56.234,ipv4,attack,high,WHITE,blocklist.de/all|blocklist.de/apache|blocklist.de/mail|ziyadnz/hourly-ipv4,blocklist.de|brute-force|apache|rfi|ddos|spam|mail|ziyadnz|hourly,2026-08-17T18:48:05Z,2026-08-17T18:48:05Z,
108.62.56.235,ipv4,attack,high,WHITE,blocklist.de/all|blocklist.de/apache|blocklist.de/mail|ziyadnz/hourly-ipv4,blocklist.de|brute-force|apache|rfi|ddos|spam|mail|ziyadnz|hourly,2026-08-17T18:48:05Z,2026-08-17T18:48:05Z,
108.62.56.236,ipv4,attack,high,WHITE,blocklist.de/all|blocklist.de/apache|blocklist.de/mail|ziyadnz/hourly-ipv4,blocklist.de|brute-force|apache|rfi|ddos|spam|mail|ziyadnz|hourly,2026-08-17T18:48:05Z,2026-08-17T18:48:05Z,
108.62.56.237,ipv4,attack,high,WHITE,blocklist.de/all|blocklist.de/apache|blocklist.de/mail|ziyadnz/hourly-ipv4,blocklist.de|brute-force|apache|rfi|ddos|spam|mail|ziyadnz|hourly,2026-08-17T18:48:05Z,2026-08-17T18:48:05Z,
108.62.56.238,ipv4,attack,high,WHITE,blocklist.de/all|blocklist.de/apache|blocklist.de/mail|ziyadnz/hourly-ipv4,blocklist.de|brute-force|apache|rfi|ddos|spam|mail|ziyadnz|hourly,2026-08-17T18:48:05Z,2026-08-17T18:48:05Z,
108.62.56.239,ipv4,attack,high,WHITE,blocklist.de/all|blocklist.de/apache|blocklist.de/mail|ziyadnz/hourly-ipv4,blocklist.de|brute-force|apache|rfi|ddos|spam|mail|ziyadnz|hourly,2026-08-17T18:48:05Z,2026-08-17T18:48:05Z,
108.62.56.240,ipv4,attack,high,WHITE,blocklist.de/all|blocklist.de/apache|blocklist.de/mail|ziyadnz/hourly-ipv4,blocklist.de|brute-force|apache|rfi|ddos|spam|mail|ziyadnz|hourly,2026-08-17T18:48:05Z,2026-08-17T18:48:05Z,
108.62.56.241,ipv4,attack,high,WHITE,blocklist.de/all|blocklist.de/apache|blocklist.de/mail|ziyadnz/hourly-ipv4,blocklist.de|brute-force|apache|rfi|ddos|spam|mail|ziyadnz|hourly,2026-08-17T18:48:05Z,2026-08-17T18:48:05Z,
108.62.56.242,ipv4,attack,high,WHITE,blocklist.de/all|blocklist.de/apache|blocklist.de/mail|ziyadnz/hourly-ipv4,blocklist.de|brute-force|apache|rfi|ddos|spam|mail|ziyadnz|hourly,2026-08-17T18:48:05Z,2026-08-17T18:48:05Z,
108.62.56.243,ipv4,attack,high,WHITE,blocklist.de/all|blocklist.de/apache|blocklist.de/mail|ziyadnz/hourly-ipv4,blocklist.de|brute-force|apache|rfi|ddos|spam|mail|ziyadnz|hourly,2026-08-17T18:48:05Z,2026-08-17T18:48:05Z,
108.62.56.244,ipv4,attack,high,WHITE,blocklist.de/all|blocklist.de/apache|blocklist.de/mail|ziyadnz/hourly-ipv4,blocklist.de|brute-force|apache|rfi|ddos|spam|mail|ziyadnz|hourly,2026-08-17T18:48:05Z,2026-08-17T18:48:05Z,
108.62.56.245,ipv4,attack,high,WHITE,blocklist.de/all|blocklist.de/apache|blocklist.de/mail|ziyadnz/hourly-ipv4,blocklist.de|brute-force|apache|rfi|ddos|spam|mail|ziyadnz|hourly,2026-08-17T18:48:05Z,2026-08-17T18:48:05Z,
108.62.56.246,ipv4,attack,high,WHITE,blocklist.de/all|blocklist.de/apache|blocklist.de/mail|ziyadnz/hourly-ipv4,blocklist.de|brute-force|apache|rfi|ddos|spam|mail|ziyadnz|hourly,2026-08-17T18:48:05Z,2026-08-17T18:48:05Z,
108.62.56.247,ipv4,attack,high,WHITE,blocklist.de/all|blocklist.de/apache|blocklist.de/mail|ziyadnz/hourly-ipv4,blocklist.de|brute-force|apache|rfi|ddos|spam|mail|ziyadnz|hourly,2026-08-17T18:48:05Z,2026-08-17T18:48:05Z,
108.62.56.248,ipv4,attack,high,WHITE,blocklist.de/all|blocklist.de/apache|blocklist.de/mail|ziyadnz/hourly-ipv4,blocklist.de|brute-force|apache|rfi|ddos|spam|mail|ziyadnz|hourly,2026-08-17T18:48:05Z,2026-08-17T18:48:05Z,
108.62.56.249,ipv4,attack,high,WHITE,blocklist.de/all|blocklist.de/apache|blocklist.de/mail|ziyadnz/hourly-ipv4,blocklist.de|brute-force|apache|rfi|ddos|spam|mail|ziyadnz|hourly,2026-08-17T18:48:05Z,2026-08-17T18:48:05Z,
108.62.56.250,ipv4,attack,high,WHITE,blocklist.de/all|blocklist.de/apache|blocklist.de/mail|ziyadnz/hourly-ipv4,blocklist.de|brute-force|apache|rfi|ddos|spam|mail|ziyadnz|hourly,2026-08-17T18:48:05Z,2026-08-17T18:48:05Z,
108.62.56.251,ipv4,attack,high,WHITE,blocklist.de/all|blocklist.de/apache|blocklist.de/mail|ziyadnz/hourly-ipv4,blocklist.de|brute-force|apache|rfi|ddos|spam|mail|ziyadnz|hourly,2026-08-17T18:48:05Z,2026-08-17T18:48:05Z,
108.62.56.252,ipv4,attack,high,WHITE,blocklist.de/all|blocklist.de/apache|blocklist.de/mail|ziyadnz/hourly-ipv4,blocklist.de|brute-force|apache|rfi|ddos|spam|mail|ziyadnz|hourly,2026-08-17T18:48:05Z,2026-08-17T18:48:05Z,
108.62.56.253,ipv4,attack,high,WHITE,blocklist.de/all|blocklist.de/apache|blocklist.de/mail|ziyadnz/hourly-ipv4,blocklist.de|brute-force|apache|rfi|ddos|spam|mail|ziyadnz|hourly,2026-08-17T18:48:05Z,2026-08-17T18:48:05Z,
108.62.56.254,ipv4,attack,high,WHITE,blocklist.de/all|blocklist.de/apache|blocklist.de/mail|ziyadnz/hourly-ipv4,blocklist.de|brute-force|apache|rfi|ddos|spam|mail|ziyadnz|hourly,2026-08-17T18:48:05Z,2026-08-17T18:48:05Z,
108.62.56.255,ipv4,attack,high,WHITE,blocklist.de/all|blocklist.de/apache|blocklist.de/mail|ziyadnz/hourly-ipv4,blocklist.de|brute-force|apache|rfi|ddos|spam|mail|ziyadnz|hourly,2026-08-17T18:48:05Z,2026-08-17T18:48:05Z,
108.62.57.0,ipv4,attack,high,WHITE,blocklist.de/all|blocklist.de/apache|blocklist.de/mail|ziyadnz/hourly-ipv4,blocklist.de|brute-force|apache|rfi|ddos|spam|mail|ziyadnz|hourly,2026-08-17T18:48:05Z,2026-08-17T18:48:05Z,
108.62.57.1,ipv4,attack,high,WHITE,blocklist.de/all|blocklist.de/apache|blocklist.de/mail|ziyadnz/hourly-ipv4,blocklist.de|brute-force|apache|rfi|ddos|spam|mail|ziyadnz|hourly,2026-08-17T18:48:05Z,2026-08-17T18:48:05Z,
108.62.57.2,ipv4,attack,high,WHITE,blocklist.de/all|blocklist.de/apache|blocklist.de/mail|ziyadnz/hourly-ipv4,blocklist.de|brute-force|apache|rfi|ddos|spam|mail|ziyadnz|hourly,2026-08-17T18:48:05Z,2026-08-17T18:48:05Z,
108.62.57.3,ipv4,attack,high,WHITE,blocklist.de/all|blocklist.de/apache|blocklist.de/mail|ziyadnz/hourly-ipv4,blocklist.de|brute-force|apache|rfi|ddos|spam|mail|ziyadnz|hourly,2026-08-17T18:48:05Z,2026-08-17T18:48:05Z,
108.62.57.4,ipv4,attack,high,WHITE,blocklist.de/all|blocklist.de/apache|blocklist.de/mail|ziyadnz/hourly-ipv4,blocklist.de|brute-force|apache|rfi|ddos|spam|mail|ziyadnz|hourly,2026-08-17T18:48:05Z,2026-08-17T18:48:05Z,
108.62.57.5,ipv4,attack,high,WHITE,blocklist.de/all|blocklist.de/apache|blocklist.de/mail|ziyadnz/hourly-ipv4,blocklist.de|brute-force|apache|rfi|ddos|spam|mail|ziyadnz|hourly,2026-08-17T18:48:05Z,2026-08-17T18:48:05Z,
108.62.57.6,ipv4,attack,high,WHITE,blocklist.de/all|blocklist.de/apache|blocklist.de/mail|ziyadnz/hourly-ipv4,blocklist.de|brute-force|apache|rfi|ddos|spam|mail|ziyadnz|hourly,2026-08-17T18:48:05Z,2026-08-17T18:48:05Z,
108.62.57.7,ipv4,attack,high,WHITE,blocklist.de/all|blocklist.de/apache|blocklist.de/mail|ziyadnz/hourly-ipv4,blocklist.de|brute-force|apache|rfi|ddos|spam|mail|ziyadnz|hourly,2026-08-17T18:48:05Z,2026-08-17T18:48:05Z,
108.62.57.8,ipv4,attack,high,WHITE,blocklist.de/all|blocklist.de/apache|blocklist.de/mail|ziyadnz/hourly-ipv4,blocklist.de|brute-force|apache|rfi|ddos|spam|mail|ziyadnz|hourly,2026-08-17T18:48:05Z,2026-08-17T18:48:05Z,
108.62.57.9,ipv4,attack,high,WHITE,blocklist.de/all|blocklist.de/apache|blocklist.de/mail|ziyadnz/hourly-ipv4,blocklist.de|brute-force|apache|rfi|ddos|spam|mail|ziyadnz|hourly,2026-08-17T18:48:05Z,2026-08-17T18:48:05Z,
108.62.57.10,ipv4,attack,high,WHITE,blocklist.de/all|blocklist.de/apache|blocklist.de/mail|ziyadnz/hourly-ipv4,blocklist.de|brute-force|apache|rfi|ddos|spam|mail|ziyadnz|hourly,2026-08-17T18:48:05Z,2026-08-17T18:48:05Z,
108.62.57.11,ipv4,attack,high,WHITE,blocklist.de/all|blocklist.de/apache|blocklist.de/mail|ziyadnz/hourly-ipv4,blocklist.de|brute-force|apache|rfi|ddos|spam|mail|ziyadnz|hourly,2026-08-17T18:48:05Z,2026-08-17T18:48:05Z,
108.62.57.12,ipv4,attack,high,WHITE,blocklist.de/all|blocklist.de/apache|blocklist.de/mail|ziyadnz/hourly-ipv4,blocklist.de|brute-force|apache|rfi|ddos|spam|mail|ziyadnz|hourly,2026-08-17T18:48:05Z,2026-08-17T18:48:05Z,
108.62.57.13,ipv4,attack,high,WHITE,blocklist.de/all|blocklist.de/apache|blocklist.de/mail|ziyadnz/hourly-ipv4,blocklist.de|brute-force|apache|rfi|ddos|spam|mail|ziyadnz|hourly,2026-08-17T18:48:05Z,2026-08-17T18:48:05Z,
108.62.57.14,ipv4,attack,high,WHITE,blocklist.de/all|blocklist.de/apache|blocklist.de/mail|ziyadnz/hourly-ipv4,blocklist.de|brute-force|apache|rfi|ddos|spam|mail|ziyadnz|hourly,2026-08-17T18:48:05Z,2026-08-17T18:48:05Z,
108.62.57.15,ipv4,attack,high,WHITE,blocklist.de/all|blocklist.de/apache|blocklist.de/mail|ziyadnz/hourly-ipv4,blocklist.de|brute-force|apache|rfi|ddos|spam|mail|ziyadnz|hourly,2026-08-17T18:48:05Z,2026-08-17T18:48:05Z,
108.62.57.16,ipv4,attack,high,WHITE,blocklist.de/all|blocklist.de/apache|blocklist.de/mail|ziyadnz/hourly-ipv4,blocklist.de|brute-force|apache|rfi|ddos|spam|mail|ziyadnz|hourly,2026-08-17T18:48:05Z,2026-08-17T18:48:05Z,
108.62.57.17,ipv4,attack,high,WHITE,blocklist.de/all|blocklist.de/apache|blocklist.de/mail|ziyadnz/hourly-ipv4,blocklist.de|brute-force|apache|rfi|ddos|spam|mail|ziyadnz|hourly,2026-08-17T18:48:05Z,2026-08-17T18:48:05Z,
108.62.57.18,ipv4,attack,high,WHITE,blocklist.de/all|blocklist.de/apache|blocklist.de/mail|ziyadnz/hourly-ipv4,blocklist.de|brute-force|apache|rfi|ddos|spam|mail|ziyadnz|hourly,2026-08-17T18:48:05Z,2026-08-17T18:48:05Z,
108.62.57.19,ipv4,attack,high,WHITE,blocklist.de/all|blocklist.de/apache|blocklist.de/mail|ziyadnz/hourly-ipv4,blocklist.de|brute-force|apache|rfi|ddos|spam|mail|ziyadnz|hourly,2026-08-17T18:48:05Z,2026-08-17T18:48:05Z,
108.62.57.20,ipv4,attack,high,WHITE,blocklist.de/all|blocklist.de/apache|blocklist.de/mail|ziyadnz/hourly-ipv4,blocklist.de|brute-force|apache|rfi|ddos|spam|mail|ziyadnz|hourly,2026-08-17T18:48:05Z,2026-08-17T18:48:05Z,
108.62.57.21,ipv4,attack,high,WHITE,blocklist.de/all|blocklist.de/apache|blocklist.de/mail|ziyadnz/hourly-ipv4,blocklist.de|brute-force|apache|rfi|ddos|spam|mail|ziyadnz|hourly,2026-08-17T18:48:05Z,2026-08-17T18:48:05Z,
108.62.57.22,ipv4,attack,high,WHITE,blocklist.de/all|blocklist.de/apache|blocklist.de/mail|ziyadnz/hourly-ipv4,blocklist.de|brute-force|apache|rfi|ddos|spam|mail|ziyadnz|hourly,2026-08-17T18:48:05Z,2026-08-17T18:48:05Z,
108.62.57.23,ipv4,attack,high,WHITE,blocklist.de/all|blocklist.de/apache|blocklist.de/mail|ziyadnz/hourly-ipv4,blocklist.de|brute-force|apache|rfi|ddos|spam|mail|ziyadnz|hourly,2026-08-17T18:48:05Z,2026-08-17T18:48:05Z,
108.62.57.24,ipv4,attack,high,WHITE,blocklist.de/all|blocklist.de/apache|blocklist.de/mail|ziyadnz/hourly-ipv4,blocklist.de|brute-force|apache|rfi|ddos|spam|mail|ziyadnz|hourly,2026-08-17T18:48:05Z,2026-08-17T18:48:05Z,
108.62.57.25,ipv4,attack,high,WHITE,blocklist.de/all|blocklist.de/apache|blocklist.de/mail|ziyadnz/hourly-ipv4,blocklist.de|brute-force|apache|rfi|ddos|spam|mail|ziyadnz|hourly,2026-08-17T18:48:05Z,2026-08-17T18:48:05Z,
108.62.57.26,ipv4,attack,high,WHITE,blocklist.de/all|blocklist.de/apache|blocklist.de/mail|ziyadnz/hourly-ipv4,blocklist.de|brute-force|apache|rfi|ddos|spam|mail|ziyadnz|hourly,2026-08-17T18:48:05Z,2026-08-17T18:48:05Z,
108.62.57.27,ipv4,attack,high,WHITE,blocklist.de/all|blocklist.de/apache|blocklist.de/mail|ziyadnz/hourly-ipv4,blocklist.de|brute-force|apache|rfi|ddos|spam|mail|ziyadnz|hourly,2026-08-17T18:48:05Z,2026-08-17T18:48:05Z,
108.62.57.28,ipv4,attack,high,WHITE,blocklist.de/all|blocklist.de/apache|blocklist.de/mail|ziyadnz/hourly-ipv4,blocklist.de|brute-force|apache|rfi|ddos|spam|mail|ziyadnz|hourly,2026-08-17T18:48:05Z,2026-08-17T18:48:05Z,
108.62.57.29,ipv4,attack,high,WHITE,blocklist.de/all|blocklist.de/apache|blocklist.de/mail|ziyadnz/hourly-ipv4,blocklist.de|brute-force|apache|rfi|ddos|spam|mail|ziyadnz|hourly,2026-08-17T18:48:05Z,2026-08-17T18:48:05Z,
108.62.57.30,ipv4,attack,high,WHITE,blocklist.de/all|blocklist.de/apache|blocklist.de/mail|ziyadnz/hourly-ipv4,blocklist.de|brute-force|apache|rfi|ddos|spam|mail|ziyadnz|hourly,2026-08-17T18:48:05Z,2026-08-17T18:48:05Z,
108.62.57.31,ipv4,attack,high,WHITE,blocklist.de/all|blocklist.de/apache|blocklist.de/mail|ziyadnz/hourly-ipv4,blocklist.de|brute-force|apache|rfi|ddos|spam|mail|ziyadnz|hourly,2026-08-17T18:48:05Z,2026-08-17T18:48:05Z,
108.62.57.32,ipv4,attack,high,WHITE,blocklist.de/all|blocklist.de/apache|blocklist.de/mail|ziyadnz/hourly-ipv4,blocklist.de|brute-force|apache|rfi|ddos|spam|mail|ziyadnz|hourly,2026-08-17T18:48:05Z,2026-08-17T18:48:05Z,
108.62.57.33,ipv4,attack,high,WHITE,blocklist.de/all|blocklist.de/apache|blocklist.de/mail|ziyadnz/hourly-ipv4,blocklist.de|brute-force|apache|rfi|ddos|spam|mail|ziyadnz|hourly,2026-08-17T18:48:05Z,2026-08-17T18:48:05Z,
108.62.57.34,ipv4,attack,high,WHITE,blocklist.de/all|blocklist.de/apache|blocklist.de/mail|ziyadnz/hourly-ipv4,blocklist.de|brute-force|apache|rfi|ddos|spam|mail|ziyadnz|hourly,2026-08-17T18:48:05Z,2026-08-17T18:48:05Z,
108.62.57.35,ipv4,attack,high,WHITE,blocklist.de/all|blocklist.de/apache|blocklist.de/mail|ziyadnz/hourly-ipv4,blocklist.de|brute-force|apache|rfi|ddos|spam|mail|ziyadnz|hourly,2026-08-17T18:48:05Z,2026-08-17T18:48:05Z,
108.62.57.36,ipv4,attack,high,WHITE,blocklist.de/all|blocklist.de/apache|blocklist.de/mail|ziyadnz/hourly-ipv4,blocklist.de|brute-force|apache|rfi|ddos|spam|mail|ziyadnz|hourly,2026-08-17T18:48:05Z,2026-08-17T18:48:05Z,
108.62.57.37,ipv4,attack,high,WHITE,blocklist.de/all|blocklist.de/apache|blocklist.de/mail|ziyadnz/hourly-ipv4,blocklist.de|brute-force|apache|rfi|ddos|spam|mail|ziyadnz|hourly,2026-08-17T18:48:05Z,2026-08-17T18:48:05Z,
108.62.57.38,ipv4,attack,high,WHITE,blocklist.de/all|blocklist.de/apache|blocklist.de/mail|ziyadnz/hourly-ipv4,blocklist.de|brute-force|apache|rfi|ddos|spam|mail|ziyadnz|hourly,2026-08-17T18:48:05Z,2026-08-17T18:48:05Z,
108.62.57.39,ipv4,attack,high,WHITE,blocklist.de/all|blocklist.de/apache|blocklist.de/mail|ziyadnz/hourly-ipv4,blocklist.de|brute-force|apache|rfi|ddos|spam|mail|ziyadnz|hourly,2026-08-17T18:48:05Z,2026-08-17T18:48:05Z,
108.62.57.40,ipv4,attack,high,WHITE,blocklist.de/all|blocklist.de/apache|blocklist.de/mail|ziyadnz/hourly-ipv4,blocklist.de|brute-force|apache|rfi|ddos|spam|mail|ziyadnz|hourly,2026-08-17T18:48:05Z,2026-08-17T18:48:05Z,
108.62.57.41,ipv4,attack,high,WHITE,blocklist.de/all|blocklist.de/apache|blocklist.de/mail|ziyadnz/hourly-ipv4,blocklist.de|brute-force|apache|rfi|ddos|spam|mail|ziyadnz|hourly,2026-08-17T18:48:05Z,2026-08-17T18:48:05Z,
108.62.57.42,ipv4,attack,high,WHITE,blocklist.de/all|blocklist.de/apache|blocklist.de/mail|ziyadnz/hourly-ipv4,blocklist.de|brute-force|apache|rfi|ddos|spam|mail|ziyadnz|hourly,2026-08-17T18:48:05Z,2026-08-17T18:48:05Z,
108.62.57.43,ipv4,attack,high,WHITE,blocklist.de/all|blocklist.de/apache|blocklist.de/mail|ziyadnz/hourly-ipv4,blocklist.de|brute-force|apache|rfi|ddos|spam|mail|ziyadnz|hourly,2026-08-17T18:48:05Z,2026-08-17T18:48:05Z,
108.62.57.44,ipv4,attack,high,WHITE,blocklist.de/all|blocklist.de/apache|blocklist.de/mail|ziyadnz/hourly-ipv4,blocklist.de|brute-force|apache|rfi|ddos|spam|mail|ziyadnz|hourly,2026-08-17T18:48:05Z,2026-08-17T18:48:05Z,
108.62.57.45,ipv4,attack,high,WHITE,blocklist.de/all|blocklist.de/apache|blocklist.de/mail|ziyadnz/hourly-ipv4,blocklist.de|brute-force|apache|rfi|ddos|spam|mail|ziyadnz|hourly,2026-08-17T18:48:05Z,2026-08-17T18:48:05Z,
108.62.57.46,ipv4,attack,high,WHITE,blocklist.de/all|blocklist.de/apache|blocklist.de/mail|ziyadnz/hourly-ipv4,blocklist.de|brute-force|apache|rfi|ddos|spam|mail|ziyadnz|hourly,2026-08-17T18:48:05Z,2026-08-17T18:48:05Z,
108.62.57.47,ipv4,attack,high,WHITE,blocklist.de/all|blocklist.de/apache|blocklist.de/mail|ziyadnz/hourly-ipv4,blocklist.de|brute-force|apache|rfi|ddos|spam|mail|ziyadnz|hourly,2026-08-17T18:48:05Z,2026-08-17T18:48:05Z,
108.62.57.48,ipv4,attack,high,WHITE,blocklist.de/all|blocklist.de/apache|blocklist.de/mail|ziyadnz/hourly-ipv4,blocklist.de|brute-force|apache|rfi|ddos|spam|mail|ziyadnz|hourly,2026-08-17T18:48:05Z,2026-08-17T18:48:05Z,
108.62.57.49,ipv4,attack,high,WHITE,blocklist.de/all|blocklist.de/apache|blocklist.de/mail|ziyadnz/hourly-ipv4,blocklist.de|brute-force|apache|rfi|ddos|spam|mail|ziyadnz|hourly,2026-08-17T18:48:05Z,2026-08-17T18:48:05Z,
108.62.57.50,ipv4,attack,high,WHITE,blocklist.de/all|blocklist.de/apache|blocklist.de/mail|ziyadnz/hourly-ipv4,blocklist.de|brute-force|apache|rfi|ddos|spam|mail|ziyadnz|hourly,2026-08-17T18:48:05Z,2026-08-17T18:48:05Z,
108.62.57.51,ipv4,attack,high,WHITE,blocklist.de/all|blocklist.de/apache|blocklist.de/mail|ziyadnz/hourly-ipv4,blocklist.de|brute-force|apache|rfi|ddos|spam|mail|ziyadnz|hourly,2026-08-17T18:48:05Z,2026-08-17T18:48:05Z,
108.62.57.52,ipv4,attack,high,WHITE,blocklist.de/all|blocklist.de/apache|blocklist.de/mail|ziyadnz/hourly-ipv4,blocklist.de|brute-force|apache|rfi|ddos|spam|mail|ziyadnz|hourly,2026-08-17T18:48:05Z,2026-08-17T18:48:05Z,
108.62.57.53,ipv4,attack,high,WHITE,blocklist.de/all|blocklist.de/apache|blocklist.de/mail|ziyadnz/hourly-ipv4,blocklist.de|brute-force|apache|rfi|ddos|spam|mail|ziyadnz|hourly,2026-08-17T18:48:05Z,2026-08-17T18:48:05Z,
108.62.57.54,ipv4,attack,high,WHITE,blocklist.de/all|blocklist.de/apache|blocklist.de/mail|ziyadnz/hourly-ipv4,blocklist.de|brute-force|apache|rfi|ddos|spam|mail|ziyadnz|hourly,2026-08-17T18:48:05Z,2026-08-17T18:48:05Z,
108.62.57.55,ipv4,attack,high,WHITE,blocklist.de/all|blocklist.de/apache|blocklist.de/mail|ziyadnz/hourly-ipv4,blocklist.de|brute-force|apache|rfi|ddos|spam|mail|ziyadnz|hourly,2026-08-17T18:48:05Z,2026-08-17T18:48:05Z,
108.62.57.56,ipv4,attack,high,WHITE,blocklist.de/all|blocklist.de/apache|blocklist.de/mail|ziyadnz/hourly-ipv4,blocklist.de|brute-force|apache|rfi|ddos|spam|mail|ziyadnz|hourly,2026-08-17T18:48:05Z,2026-08-17T18:48:05Z,
108.62.57.57,ipv4,attack,high,WHITE,blocklist.de/all|blocklist.de/apache|blocklist.de/mail|ziyadnz/hourly-ipv4,blocklist.de|brute-force|apache|rfi|ddos|spam|mail|ziyadnz|hourly,2026-08-17T18:48:05Z,2026-08-17T18:48:05Z,
108.62.57.58,ipv4,attack,high,WHITE,blocklist.de/all|blocklist.de/apache|blocklist.de/mail|ziyadnz/hourly-ipv4,blocklist.de|brute-force|apache|rfi|ddos|spam|mail|ziyadnz|hourly,2026-08-17T18:48:05Z,2026-08-17T18:48:05Z,
108.62.57.59,ipv4,attack,high,WHITE,blocklist.de/all|blocklist.de/apache|blocklist.de/mail|ziyadnz/hourly-ipv4,blocklist.de|brute-force|apache|rfi|ddos|spam|mail|ziyadnz|hourly,2026-08-17T18:48:05Z,2026-08-17T18:48:05Z,
108.62.57.60,ipv4,attack,high,WHITE,blocklist.de/all|blocklist.de/apache|blocklist.de/mail|ziyadnz/hourly-ipv4,blocklist.de|brute-force|apache|rfi|ddos|spam|mail|ziyadnz|hourly,2026-08-17T18:48:05Z,2026-08-17T18:48:05Z,
108.62.57.61,ipv4,attack,high,WHITE,blocklist.de/all|blocklist.de/apache|blocklist.de/mail|ziyadnz/hourly-ipv4,blocklist.de|brute-force|apache|rfi|ddos|spam|mail|ziyadnz|hourly,2026-08-17T18:48:05Z,2026-08-17T18:48:05Z,
108.62.57.62,ipv4,attack,high,WHITE,blocklist.de/all|blocklist.de/apache|blocklist.de/mail|ziyadnz/hourly-ipv4,blocklist.de|brute-force|apache|rfi|ddos|spam|mail|ziyadnz|hourly,2026-08-17T18:48:05Z,2026-08-17T18:48:05Z,
108.62.57.63,ipv4,attack,high,WHITE,blocklist.de/all|blocklist.de/apache|blocklist.de/mail|ziyadnz/hourly-ipv4,blocklist.de|brute-force|apache|rfi|ddos|spam|mail|ziyadnz|hourly,2026-08-17T18:48:05Z,2026-08-17T18:48:05Z,
108.62.57.64,ipv4,attack,high,WHITE,blocklist.de/all|blocklist.de/apache|blocklist.de/mail|ziyadnz/hourly-ipv4,blocklist.de|brute-force|apache|rfi|ddos|spam|mail|ziyadnz|hourly,2026-08-17T18:48:05Z,2026-08-17T18:48:05Z,
108.62.57.65,ipv4,attack,high,WHITE,blocklist.de/all|blocklist.de/apache|blocklist.de/mail|ziyadnz/hourly-ipv4,blocklist.de|brute-force|apache|rfi|ddos|spam|mail|ziyadnz|hourly,2026-08-17T18:48:05Z,2026-08-17T18:48:05Z,
108.62.57.66,ipv4,attack,high,WHITE,blocklist.de/all|blocklist.de/apache|blocklist.de/mail|ziyadnz/hourly-ipv4,blocklist.de|brute-force|apache|rfi|ddos|spam|mail|ziyadnz|hourly,2026-08-17T18:48:05Z,2026-08-17T18:48:05Z,
108.62.57.67,ipv4,attack,high,WHITE,blocklist.de/all|blocklist.de/apache|blocklist.de/mail|ziyadnz/hourly-ipv4,blocklist.de|brute-force|apache|rfi|ddos|spam|mail|ziyadnz|hourly,2026-08-17T18:48:05Z,2026-08-17T18:48:05Z,
108.62.57.68,ipv4,attack,high,WHITE,blocklist.de/all|blocklist.de/apache|blocklist.de/mail|ziyadnz/hourly-ipv4,blocklist.de|brute-force|apache|rfi|ddos|spam|mail|ziyadnz|hourly,2026-08-17T18:48:05Z,2026-08-17T18:48:05Z,
108.62.57.69,ipv4,attack,high,WHITE,blocklist.de/all|blocklist.de/apache|blocklist.de/mail|ziyadnz/hourly-ipv4,blocklist.de|brute-force|apache|rfi|ddos|spam|mail|ziyadnz|hourly,2026-08-17T18:48:05Z,2026-08-17T18:48:05Z,
108.62.57.70,ipv4,attack,high,WHITE,blocklist.de/all|blocklist.de/apache|blocklist.de/mail|ziyadnz/hourly-ipv4,blocklist.de|brute-force|apache|rfi|ddos|spam|mail|ziyadnz|hourly,2026-08-17T18:48:05Z,2026-08-17T18:48:05Z,
108.62.57.71,ipv4,attack,high,WHITE,blocklist.de/all|blocklist.de/apache|blocklist.de/mail|ziyadnz/hourly-ipv4,blocklist.de|brute-force|apache|rfi|ddos|spam|mail|ziyadnz|hourly,2026-08-17T18:48:05Z,2026-08-17T18:48:05Z,
108.62.57.72,ipv4,attack,high,WHITE,blocklist.de/all|blocklist.de/apache|blocklist.de/mail|ziyadnz/hourly-ipv4,blocklist.de|brute-force|apache|rfi|ddos|spam|mail|ziyadnz|hourly,2026-08-17T18:48:05Z,2026-08-17T18:48:05Z,
108.62.57.73,ipv4,attack,high,WHITE,blocklist.de/all|blocklist.de/apache|blocklist.de/mail|ziyadnz/hourly-ipv4,blocklist.de|brute-force|apache|rfi|ddos|spam|mail|ziyadnz|hourly,2026-08-17T18:48:05Z,2026-08-17T18:48:05Z,
108.62.57.74,ipv4,attack,high,WHITE,blocklist.de/all|blocklist.de/apache|blocklist.de/mail|ziyadnz/hourly-ipv4,blocklist.de|brute-force|apache|rfi|ddos|spam|mail|ziyadnz|hourly,2026-08-17T18:48:05Z,2026-08-17T18:48:05Z,
108.62.57.75,ipv4,attack,high,WHITE,blocklist.de/all|blocklist.de/apache|blocklist.de/mail|ziyadnz/hourly-ipv4,blocklist.de|brute-force|apache|rfi|ddos|spam|mail|ziyadnz|hourly,2026-08-17T18:48:05Z,2026-08-17T18:48:05Z,
108.62.57.76,ipv4,attack,high,WHITE,blocklist.de/all|blocklist.de/apache|blocklist.de/mail|ziyadnz/hourly-ipv4,blocklist.de|brute-force|apache|rfi|ddos|spam|mail|ziyadnz|hourly,2026-08-17T18:48:05Z,2026-08-17T18:48:05Z,
108.62.57.77,ipv4,attack,high,WHITE,blocklist.de/all|blocklist.de/apache|blocklist.de/mail|ziyadnz/hourly-ipv4,blocklist.de|brute-force|apache|rfi|ddos|spam|mail|ziyadnz|hourly,2026-08-17T18:48:05Z,2026-08-17T18:48:05Z,
108.62.57.78,ipv4,attack,high,WHITE,blocklist.de/all|blocklist.de/apache|blocklist.de/mail|ziyadnz/hourly-ipv4,blocklist.de|brute-force|apache|rfi|ddos|spam|mail|ziyadnz|hourly,2026-08-17T18:48:05Z,2026-08-17T18:48:05Z,
108.62.57.79,ipv4,attack,high,WHITE,blocklist.de/all|blocklist.de/apache|blocklist.de/mail|ziyadnz/hourly-ipv4,blocklist.de|brute-force|apache|rfi|ddos|spam|mail|ziyadnz|hourly,2026-08-17T18:48:05Z,2026-08-17T18:48:05Z,
108.62.57.80,ipv4,attack,high,WHITE,blocklist.de/all|blocklist.de/apache|blocklist.de/mail|ziyadnz/hourly-ipv4,blocklist.de|brute-force|apache|rfi|ddos|spam|mail|ziyadnz|hourly,2026-08-17T18:48:05Z,2026-08-17T18:48:05Z,
108.62.57.81,ipv4,attack,high,WHITE,blocklist.de/all|blocklist.de/apache|blocklist.de/mail|ziyadnz/hourly-ipv4,blocklist.de|brute-force|apache|rfi|ddos|spam|mail|ziyadnz|hourly,2026-08-17T18:48:05Z,2026-08-17T18:48:05Z,
108.62.57.82,ipv4,attack,high,WHITE,blocklist.de/all|blocklist.de/apache|blocklist.de/mail|ziyadnz/hourly-ipv4,blocklist.de|brute-force|apache|rfi|ddos|spam|mail|ziyadnz|hourly,2026-08-17T18:48:05Z,2026-08-17T18:48:05Z,
108.62.57.83,ipv4,attack,high,WHITE,blocklist.de/all|blocklist.de/apache|blocklist.de/mail|ziyadnz/hourly-ipv4,blocklist.de|brute-force|apache|rfi|ddos|spam|mail|ziyadnz|hourly,2026-08-17T18:48:05Z,2026-08-17T18:48:05Z,
108.62.57.84,ipv4,attack,high,WHITE,blocklist.de/all|blocklist.de/apache|blocklist.de/mail|ziyadnz/hourly-ipv4,blocklist.de|brute-force|apache|rfi|ddos|spam|mail|ziyadnz|hourly,2026-08-17T18:48:05Z,2026-08-17T18:48:05Z,
108.62.57.85,ipv4,attack,high,WHITE,blocklist.de/all|blocklist.de/apache|blocklist.de/mail|ziyadnz/hourly-ipv4,blocklist.de|brute-force|apache|rfi|ddos|spam|mail|ziyadnz|hourly,2026-08-17T18:48:05Z,2026-08-17T18:48:05Z,
108.62.57.86,ipv4,attack,high,WHITE,blocklist.de/all|blocklist.de/apache|blocklist.de/mail|ziyadnz/hourly-ipv4,blocklist.de|brute-force|apache|rfi|ddos|spam|mail|ziyadnz|hourly,2026-08-17T18:48:05Z,2026-08-17T18:48:05Z,
108.62.57.87,ipv4,attack,high,WHITE,blocklist.de/all|blocklist.de/apache|blocklist.de/mail|ziyadnz/hourly-ipv4,blocklist.de|brute-force|apache|rfi|ddos|spam|mail|ziyadnz|hourly,2026-08-17T18:48:05Z,2026-08-17T18:48:05Z,
108.62.57.88,ipv4,attack,high,WHITE,blocklist.de/all|blocklist.de/apache|blocklist.de/mail|ziyadnz/hourly-ipv4,blocklist.de|brute-force|apache|rfi|ddos|spam|mail|ziyadnz|hourly,2026-08-17T18:48:05Z,2026-08-17T18:48:05Z,
108.62.57.89,ipv4,attack,high,WHITE,blocklist.de/all|blocklist.de/apache|blocklist.de/mail|ziyadnz/hourly-ipv4,blocklist.de|brute-force|apache|rfi|ddos|spam|mail|ziyadnz|hourly,2026-08-17T18:48:05Z,2026-08-17T18:48:05Z,
108.62.57.90,ipv4,attack,high,WHITE,blocklist.de/all|blocklist.de/apache|blocklist.de/mail|ziyadnz/hourly-ipv4,blocklist.de|brute-force|apache|rfi|ddos|spam|mail|ziyadnz|hourly,2026-08-17T18:48:05Z,2026-08-17T18:48:05Z,
108.62.57.91,ipv4,attack,high,WHITE,blocklist.de/all|blocklist.de/apache|blocklist.de/mail|ziyadnz/hourly-ipv4,blocklist.de|brute-force|apache|rfi|ddos|spam|mail|ziyadnz|hourly,2026-08-17T18:48:05Z,2026-08-17T18:48:05Z,
108.62.57.92,ipv4,attack,high,WHITE,blocklist.de/all|blocklist.de/apache|blocklist.de/mail|ziyadnz/hourly-ipv4,blocklist.de|brute-force|apache|rfi|ddos|spam|mail|ziyadnz|hourly,2026-08-17T18:48:05Z,2026-08-17T18:48:05Z,
108.62.57.93,ipv4,attack,high,WHITE,blocklist.de/all|blocklist.de/apache|blocklist.de/mail|ziyadnz/hourly-ipv4,blocklist.de|brute-force|apache|rfi|ddos|spam|mail|ziyadnz|hourly,2026-08-17T18:48:05Z,2026-08-17T18:48:05Z,
108.62.57.94,ipv4,attack,high,WHITE,blocklist.de/all|blocklist.de/apache|blocklist.de/mail|ziyadnz/hourly-ipv4,blocklist.de|brute-force|apache|rfi|ddos|spam|mail|ziyadnz|hourly,2026-08-17T18:48:05Z,2026-08-17T18:48:05Z,
108.62.57.95,ipv4,attack,high,WHITE,blocklist.de/all|blocklist.de/apache|blocklist.de/mail|ziyadnz/hourly-ipv4,blocklist.de|brute-force|apache|rfi|ddos|spam|mail|ziyadnz|hourly,2026-08-17T18:48:05Z,2026-08-17T18:48:05Z,
108.62.57.96,ipv4,attack,high,WHITE,blocklist.de/all|blocklist.de/apache|blocklist.de/mail|ziyadnz/hourly-ipv4,blocklist.de|brute-force|apache|rfi|ddos|spam|mail|ziyadnz|hourly,2026-08-17T18:48:05Z,2026-08-17T18:48:05Z,
108.62.57.97,ipv4,attack,high,WHITE,blocklist.de/all|blocklist.de/apache|blocklist.de/mail|ziyadnz/hourly-ipv4,blocklist.de|brute-force|apache|rfi|ddos|spam|mail|ziyadnz|hourly,2026-08-17T18:48:05Z,2026-08-17T18:48:05Z,
108.62.57.98,ipv4,attack,high,WHITE,blocklist.de/all|blocklist.de/apache|blocklist.de/mail|ziyadnz/hourly-ipv4,blocklist.de|brute-force|apache|rfi|ddos|spam|mail|ziyadnz|hourly,2026-08-17T18:48:05Z,2026-08-17T18:48:05Z,
108.62.57.99,ipv4,attack,high,WHITE,blocklist.de/all|blocklist.de/apache|blocklist.de/mail|ziyadnz/hourly-ipv4,blocklist.de|brute-force|apache|rfi|ddos|spam|mail|ziyadnz|hourly,2026-08-17T18:48:05Z,2026-08-17T18:48:05Z,
108.62.57.100,ipv4,attack,high,WHITE,blocklist.de/all|blocklist.de/apache|blocklist.de/mail|ziyadnz/hourly-ipv4,blocklist.de|brute-force|apache|rfi|ddos|spam|mail|ziyadnz|hourly,2026-08-17T18:48:05Z,2026-08-17T18:48:05Z,
108.62.57.101,ipv4,attack,high,WHITE,blocklist.de/all|blocklist.de/apache|blocklist.de/mail|ziyadnz/hourly-ipv4,blocklist.de|brute-force|apache|rfi|ddos|spam|mail|ziyadnz|hourly,2026-08-17T18:48:05Z,2026-08-17T18:48:05Z,
108.62.57.102,ipv4,attack,high,WHITE,blocklist.de/all|blocklist.de/apache|blocklist.de/mail|ziyadnz/hourly-ipv4,blocklist.de|brute-force|apache|rfi|ddos|spam|mail|ziyadnz|hourly,2026-08-17T18:48:05Z,2026-08-17T18:48:05Z,
108.62.57.103,ipv4,attack,high,WHITE,blocklist.de/all|blocklist.de/apache|blocklist.de/mail|ziyadnz/hourly-ipv4,blocklist.de|brute-force|apache|rfi|ddos|spam|mail|ziyadnz|hourly,2026-08-17T18:48:05Z,2026-08-17T18:48:05Z,
108.62.57.104,ipv4,attack,high,WHITE,blocklist.de/all|blocklist.de/apache|blocklist.de/mail|ziyadnz/hourly-ipv4,blocklist.de|brute-force|apache|rfi|ddos|spam|mail|ziyadnz|hourly,2026-08-17T18:48:05Z,2026-08-17T18:48:05Z,
108.62.57.105,ipv4,attack,high,WHITE,blocklist.de/all|blocklist.de/apache|blocklist.de/mail|ziyadnz/hourly-ipv4,blocklist.de|brute-force|apache|rfi|ddos|spam|mail|ziyadnz|hourly,2026-08-17T18:48:05Z,2026-08-17T18:48:05Z,
108.62.57.106,ipv4,attack,high,WHITE,blocklist.de/all|blocklist.de/apache|blocklist.de/mail|ziyadnz/hourly-ipv4,blocklist.de|brute-force|apache|rfi|ddos|spam|mail|ziyadnz|hourly,2026-08-17T18:48:05Z,2026-08-17T18:48:05Z,
108.62.57.107,ipv4,attack,high,WHITE,blocklist.de/all|blocklist.de/apache|blocklist.de/mail|ziyadnz/hourly-ipv4,blocklist.de|brute-force|apache|rfi|ddos|spam|mail|ziyadnz|hourly,2026-08-17T18:48:05Z,2026-08-17T18:48:05Z,
108.62.57.108,ipv4,attack,high,WHITE,blocklist.de/all|blocklist.de/apache|blocklist.de/mail|ziyadnz/hourly-ipv4,blocklist.de|brute-force|apache|rfi|ddos|spam|mail|ziyadnz|hourly,2026-08-17T18:48:05Z,2026-08-17T18:48:05Z,
108.62.57.109,ipv4,attack,high,WHITE,blocklist.de/all|blocklist.de/apache|blocklist.de/mail|ziyadnz/hourly-ipv4,blocklist.de|brute-force|apache|rfi|ddos|spam|mail|ziyadnz|hourly,2026-08-17T18:48:05Z,2026-08-17T18:48:05Z,
108.62.57.110,ipv4,attack,high,WHITE,blocklist.de/all|blocklist.de/apache|blocklist.de/mail|ziyadnz/hourly-ipv4,blocklist.de|brute-force|apache|rfi|ddos|spam|mail|ziyadnz|hourly,2026-08-17T18:48:05Z,2026-08-17T18:48:05Z,
108.62.57.111,ipv4,attack,high,WHITE,blocklist.de/all|blocklist.de/apache|blocklist.de/mail|ziyadnz/hourly-ipv4,blocklist.de|brute-force|apache|rfi|ddos|spam|mail|ziyadnz|hourly,2026-08-17T18:48:05Z,2026-08-17T18:48:05Z,
108.62.57.112,ipv4,attack,high,WHITE,blocklist.de/all|blocklist.de/apache|blocklist.de/mail|ziyadnz/hourly-ipv4,blocklist.de|brute-force|apache|rfi|ddos|spam|mail|ziyadnz|hourly,2026-08-17T18:48:05Z,2026-08-17T18:48:05Z,
108.62.57.113,ipv4,attack,high,WHITE,blocklist.de/all|blocklist.de/apache|blocklist.de/mail|ziyadnz/hourly-ipv4,blocklist.de|brute-force|apache|rfi|ddos|spam|mail|ziyadnz|hourly,2026-08-17T18:48:05Z,2026-08-17T18:48:05Z,
108.62.57.114,ipv4,attack,high,WHITE,blocklist.de/all|blocklist.de/apache|blocklist.de/mail|ziyadnz/hourly-ipv4,blocklist.de|brute-force|apache|rfi|ddos|spam|mail|ziyadnz|hourly,2026-08-17T18:48:05Z,2026-08-17T18:48:05Z,
108.62.57.115,ipv4,attack,high,WHITE,blocklist.de/all|blocklist.de/apache|blocklist.de/mail|ziyadnz/hourly-ipv4,blocklist.de|brute-force|apache|rfi|ddos|spam|mail|ziyadnz|hourly,2026-08-17T18:48:05Z,2026-08-17T18:48:05Z,
108.62.57.116,ipv4,attack,high,WHITE,blocklist.de/all|blocklist.de/apache|blocklist.de/mail|ziyadnz/hourly-ipv4,blocklist.de|brute-force|apache|rfi|ddos|spam|mail|ziyadnz|hourly,2026-08-17T18:48:05Z,2026-08-17T18:48:05Z,
108.62.57.117,ipv4,attack,high,WHITE,blocklist.de/all|blocklist.de/apache|blocklist.de/mail|ziyadnz/hourly-ipv4,blocklist.de|brute-force|apache|rfi|ddos|spam|mail|ziyadnz|hourly,2026-08-17T18:48:05Z,2026-08-17T18:48:05Z,
108.62.57.118,ipv4,attack,high,WHITE,blocklist.de/all|blocklist.de/apache|blocklist.de/mail|ziyadnz/hourly-ipv4,blocklist.de|brute-force|apache|rfi|ddos|spam|mail|ziyadnz|hourly,2026-08-17T18:48:05Z,2026-08-17T18:48:05Z,
108.62.57.119,ipv4,attack,high,WHITE,blocklist.de/all|blocklist.de/apache|blocklist.de/mail|ziyadnz/hourly-ipv4,blocklist.de|brute-force|apache|rfi|ddos|spam|mail|ziyadnz|hourly,2026-08-17T18:48:05Z,2026-08-17T18:48:05Z,
108.62.57.120,ipv4,attack,high,WHITE,blocklist.de/all|blocklist.de/apache|blocklist.de/mail|ziyadnz/hourly-ipv4,blocklist.de|brute-force|apache|rfi|ddos|spam|mail|ziyadnz|hourly,2026-08-17T18:48:05Z,2026-08-17T18:48:05Z,
108.62.57.121,ipv4,attack,high,WHITE,blocklist.de/all|blocklist.de/apache|blocklist.de/mail|ziyadnz/hourly-ipv4,blocklist.de|brute-force|apache|rfi|ddos|spam|mail|ziyadnz|hourly,2026-08-17T18:48:05Z,2026-08-17T18:48:05Z,
108.62.57.122,ipv4,attack,high,WHITE,blocklist.de/all|blocklist.de/apache|blocklist.de/mail|ziyadnz/hourly-ipv4,blocklist.de|brute-force|apache|rfi|ddos|spam|mail|ziyadnz|hourly,2026-08-17T18:48:05Z,2026-08-17T18:48:05Z,
108.62.57.123,ipv4,attack,high,WHITE,blocklist.de/all|blocklist.de/apache|blocklist.de/mail|ziyadnz/hourly-ipv4,blocklist.de|brute-force|apache|rfi|ddos|spam|mail|ziyadnz|hourly,2026-08-17T18:48:05Z,2026-08-17T18:48:05Z,
108.62.57.124,ipv4,attack,high,WHITE,blocklist.de/all|blocklist.de/apache|blocklist.de/mail|ziyadnz/hourly-ipv4,blocklist.de|brute-force|apache|rfi|ddos|spam|mail|ziyadnz|hourly,2026-08-17T18:48:05Z,2026-08-17T18:48:05Z,
108.62.57.125,ipv4,attack,high,WHITE,blocklist.de/all|blocklist.de/apache|blocklist.de/mail|ziyadnz/hourly-ipv4,blocklist.de|brute-force|apache|rfi|ddos|spam|mail|ziyadnz|hourly,2026-08-17T18:48:05Z,2026-08-17T18:48:05Z,
108.62.57.126,ipv4,attack,high,WHITE,blocklist.de/all|blocklist.de/apache|blocklist.de/mail|ziyadnz/hourly-ipv4,blocklist.de|brute-force|apache|rfi|ddos|spam|mail|ziyadnz|hourly,2026-08-17T18:48:05Z,2026-08-17T18:48:05Z,
108.62.57.127,ipv4,attack,high,WHITE,blocklist.de/all|blocklist.de/apache|blocklist.de/mail|ziyadnz/hourly-ipv4,blocklist.de|brute-force|apache|rfi|ddos|spam|mail|ziyadnz|hourly,2026-08-17T18:48:05Z,2026-08-17T18:48:05Z,
108.62.57.128,ipv4,attack,high,WHITE,blocklist.de/all|blocklist.de/apache|blocklist.de/mail|ziyadnz/hourly-ipv4,blocklist.de|brute-force|apache|rfi|ddos|spam|mail|ziyadnz|hourly,2026-08-17T18:48:05Z,2026-08-17T18:48:05Z,
108.62.57.129,ipv4,attack,high,WHITE,blocklist.de/all|blocklist.de/apache|blocklist.de/mail|ziyadnz/hourly-ipv4,blocklist.de|brute-force|apache|rfi|ddos|spam|mail|ziyadnz|hourly,2026-08-17T18:48:05Z,2026-08-17T18:48:05Z,
108.62.57.130,ipv4,attack,high,WHITE,blocklist.de/all|blocklist.de/apache|blocklist.de/mail|ziyadnz/hourly-ipv4,blocklist.de|brute-force|apache|rfi|ddos|spam|mail|ziyadnz|hourly,2026-08-17T18:48:05Z,2026-08-17T18:48:05Z,
108.62.57.131,ipv4,attack,high,WHITE,blocklist.de/all|blocklist.de/apache|blocklist.de/mail|ziyadnz/hourly-ipv4,blocklist.de|brute-force|apache|rfi|ddos|spam|mail|ziyadnz|hourly,2026-08-17T18:48:05Z,2026-08-17T18:48:05Z,
108.62.57.132,ipv4,attack,high,WHITE,blocklist.de/all|blocklist.de/apache|blocklist.de/mail|ziyadnz/hourly-ipv4,blocklist.de|brute-force|apache|rfi|ddos|spam|mail|ziyadnz|hourly,2026-08-17T18:48:05Z,2026-08-17T18:48:05Z,
108.62.57.133,ipv4,attack,high,WHITE,blocklist.de/all|blocklist.de/apache|blocklist.de/mail|ziyadnz/hourly-ipv4,blocklist.de|brute-force|apache|rfi|ddos|spam|mail|ziyadnz|hourly,2026-08-17T18:48:05Z,2026-08-17T18:48:05Z,
108.62.57.134,ipv4,attack,high,WHITE,blocklist.de/all|blocklist.de/apache|blocklist.de/mail|ziyadnz/hourly-ipv4,blocklist.de|brute-force|apache|rfi|ddos|spam|mail|ziyadnz|hourly,2026-08-17T18:48:05Z,2026-08-17T18:48:05Z,
108.62.57.135,ipv4,attack,high,WHITE,blocklist.de/all|blocklist.de/apache|blocklist.de/mail|ziyadnz/hourly-ipv4,blocklist.de|brute-force|apache|rfi|ddos|spam|mail|ziyadnz|hourly,2026-08-17T18:48:05Z,2026-08-17T18:48:05Z,
108.62.57.136,ipv4,attack,high,WHITE,blocklist.de/all|blocklist.de/apache|blocklist.de/mail|ziyadnz/hourly-ipv4,blocklist.de|brute-force|apache|rfi|ddos|spam|mail|ziyadnz|hourly,2026-08-17T18:48:05Z,2026-08-17T18:48:05Z,
108.62.57.137,ipv4,attack,high,WHITE,blocklist.de/all|blocklist.de/apache|blocklist.de/mail|ziyadnz/hourly-ipv4,blocklist.de|brute-force|apache|rfi|ddos|spam|mail|ziyadnz|hourly,2026-08-17T18:48:05Z,2026-08-17T18:48:05Z,
108.62.57.138,ipv4,attack,high,WHITE,blocklist.de/all|blocklist.de/apache|blocklist.de/mail|ziyadnz/hourly-ipv4,blocklist.de|brute-force|apache|rfi|ddos|spam|mail|ziyadnz|hourly,2026-08-17T18:48:05Z,2026-08-17T18:48:05Z,
108.62.57.139,ipv4,attack,high,WHITE,blocklist.de/all|blocklist.de/apache|blocklist.de/mail|ziyadnz/hourly-ipv4,blocklist.de|brute-force|apache|rfi|ddos|spam|mail|ziyadnz|hourly,2026-08-17T18:48:05Z,2026-08-17T18:48:05Z,
108.62.57.140,ipv4,attack,high,WHITE,blocklist.de/all|blocklist.de/apache|blocklist.de/mail|ziyadnz/hourly-ipv4,blocklist.de|brute-force|apache|rfi|ddos|spam|mail|ziyadnz|hourly,2026-08-17T18:48:05Z,2026-08-17T18:48:05Z,
108.62.57.141,ipv4,attack,high,WHITE,blocklist.de/all|blocklist.de/apache|blocklist.de/mail|ziyadnz/hourly-ipv4,blocklist.de|brute-force|apache|rfi|ddos|spam|mail|ziyadnz|hourly,2026-08-17T18:48:05Z,2026-08-17T18:48:05Z,
108.62.57.142,ipv4,attack,high,WHITE,blocklist.de/all|blocklist.de/apache|blocklist.de/mail|ziyadnz/hourly-ipv4,blocklist.de|brute-force|apache|rfi|ddos|spam|mail|ziyadnz|hourly,2026-08-17T18:48:05Z,2026-08-17T18:48:05Z,
108.62.57.143,ipv4,attack,high,WHITE,blocklist.de/all|blocklist.de/apache|blocklist.de/mail|ziyadnz/hourly-ipv4,blocklist.de|brute-force|apache|rfi|ddos|spam|mail|ziyadnz|hourly,2026-08-17T18:48:05Z,2026-08-17T18:48:05Z,
108.62.57.144,ipv4,attack,high,WHITE,blocklist.de/all|blocklist.de/apache|blocklist.de/mail|ziyadnz/hourly-ipv4,blocklist.de|brute-force|apache|rfi|ddos|spam|mail|ziyadnz|hourly,2026-08-17T18:48:05Z,2026-08-17T18:48:05Z,
108.62.57.145,ipv4,attack,high,WHITE,blocklist.de/all|blocklist.de/apache|blocklist.de/mail|ziyadnz/hourly-ipv4,blocklist.de|brute-force|apache|rfi|ddos|spam|mail|ziyadnz|hourly,2026-08-17T18:48:05Z,2026-08-17T18:48:05Z,
108.62.57.146,ipv4,attack,high,WHITE,blocklist.de/all|blocklist.de/apache|blocklist.de/mail|ziyadnz/hourly-ipv4,blocklist.de|brute-force|apache|rfi|ddos|spam|mail|ziyadnz|hourly,2026-08-17T18:48:05Z,2026-08-17T18:48:05Z,
108.62.57.147,ipv4,attack,high,WHITE,blocklist.de/all|blocklist.de/apache|blocklist.de/mail|ziyadnz/hourly-ipv4,blocklist.de|brute-force|apache|rfi|ddos|spam|mail|ziyadnz|hourly,2026-08-17T18:48:05Z,2026-08-17T18:48:05Z,
108.62.57.148,ipv4,attack,high,WHITE,blocklist.de/all|blocklist.de/apache|blocklist.de/mail|ziyadnz/hourly-ipv4,blocklist.de|brute-force|apache|rfi|ddos|spam|mail|ziyadnz|hourly,2026-08-17T18:48:05Z,2026-08-17T18:48:05Z,
108.62.57.149,ipv4,attack,high,WHITE,blocklist.de/all|blocklist.de/apache|blocklist.de/mail|ziyadnz/hourly-ipv4,blocklist.de|brute-force|apache|rfi|ddos|spam|mail|ziyadnz|hourly,2026-08-17T18:48:05Z,2026-08-17T18:48:05Z,
108.62.57.150,ipv4,attack,high,WHITE,blocklist.de/all|blocklist.de/apache|blocklist.de/mail|ziyadnz/hourly-ipv4,blocklist.de|brute-force|apache|rfi|ddos|spam|mail|ziyadnz|hourly,2026-08-17T18:48:05Z,2026-08-17T18:48:05Z,
108.62.57.151,ipv4,attack,high,WHITE,blocklist.de/all|blocklist.de/apache|blocklist.de/mail|ziyadnz/hourly-ipv4,blocklist.de|brute-force|apache|rfi|ddos|spam|mail|ziyadnz|hourly,2026-08-17T18:48:05Z,2026-08-17T18:48:05Z,
108.62.57.152,ipv4,attack,high,WHITE,blocklist.de/all|blocklist.de/apache|blocklist.de/mail|ziyadnz/hourly-ipv4,blocklist.de|brute-force|apache|rfi|ddos|spam|mail|ziyadnz|hourly,2026-08-17T18:48:05Z,2026-08-17T18:48:05Z,
108.62.57.153,ipv4,attack,high,WHITE,blocklist.de/all|blocklist.de/apache|blocklist.de/mail|ziyadnz/hourly-ipv4,blocklist.de|brute-force|apache|rfi|ddos|spam|mail|ziyadnz|hourly,2026-08-17T18:48:05Z,2026-08-17T18:48:05Z,
108.62.57.154,ipv4,attack,high,WHITE,blocklist.de/all|blocklist.de/apache|blocklist.de/mail|ziyadnz/hourly-ipv4,blocklist.de|brute-force|apache|rfi|ddos|spam|mail|ziyadnz|hourly,2026-08-17T18:48:05Z,2026-08-17T18:48:05Z,
108.62.57.155,ipv4,attack,high,WHITE,blocklist.de/all|blocklist.de/apache|blocklist.de/mail|ziyadnz/hourly-ipv4,blocklist.de|brute-force|apache|rfi|ddos|spam|mail|ziyadnz|hourly,2026-08-17T18:48:05Z,2026-08-17T18:48:05Z,
108.62.57.156,ipv4,attack,high,WHITE,blocklist.de/all|blocklist.de/apache|blocklist.de/mail|ziyadnz/hourly-ipv4,blocklist.de|brute-force|apache|rfi|ddos|spam|mail|ziyadnz|hourly,2026-08-17T18:48:05Z,2026-08-17T18:48:05Z,
108.62.57.157,ipv4,attack,high,WHITE,blocklist.de/all|blocklist.de/apache|blocklist.de/mail|ziyadnz/hourly-ipv4,blocklist.de|brute-force|apache|rfi|ddos|spam|mail|ziyadnz|hourly,2026-08-17T18:48:05Z,2026-08-17T18:48:05Z,
108.62.57.158,ipv4,attack,high,WHITE,blocklist.de/all|blocklist.de/apache|blocklist.de/mail|ziyadnz/hourly-ipv4,blocklist.de|brute-force|apache|rfi|ddos|spam|mail|ziyadnz|hourly,2026-08-17T18:48:05Z,2026-08-17T18:48:05Z,
108.62.57.159,ipv4,attack,high,WHITE,blocklist.de/all|blocklist.de/apache|blocklist.de/mail|ziyadnz/hourly-ipv4,blocklist.de|brute-force|apache|rfi|ddos|spam|mail|ziyadnz|hourly,2026-08-17T18:48:05Z,2026-08-17T18:48:05Z,
108.62.57.160,ipv4,attack,high,WHITE,blocklist.de/all|blocklist.de/apache|blocklist.de/mail|ziyadnz/hourly-ipv4,blocklist.de|brute-force|apache|rfi|ddos|spam|mail|ziyadnz|hourly,2026-08-17T18:48:05Z,2026-08-17T18:48:05Z,
108.62.57.161,ipv4,attack,high,WHITE,blocklist.de/all|blocklist.de/apache|blocklist.de/mail|ziyadnz/hourly-ipv4,blocklist.de|brute-force|apache|rfi|ddos|spam|mail|ziyadnz|hourly,2026-08-17T18:48:05Z,2026-08-17T18:48:05Z,
108.62.57.162,ipv4,attack,high,WHITE,blocklist.de/all|blocklist.de/apache|blocklist.de/mail|ziyadnz/hourly-ipv4,blocklist.de|brute-force|apache|rfi|ddos|spam|mail|ziyadnz|hourly,2026-08-17T18:48:05Z,2026-08-17T18:48:05Z,
108.62.57.163,ipv4,attack,high,WHITE,blocklist.de/all|blocklist.de/apache|blocklist.de/mail|ziyadnz/hourly-ipv4,blocklist.de|brute-force|apache|rfi|ddos|spam|mail|ziyadnz|hourly,2026-08-17T18:48:05Z,2026-08-17T18:48:05Z,
108.62.57.164,ipv4,attack,high,WHITE,blocklist.de/all|blocklist.de/apache|blocklist.de/mail|ziyadnz/hourly-ipv4,blocklist.de|brute-force|apache|rfi|ddos|spam|mail|ziyadnz|hourly,2026-08-17T18:48:05Z,2026-08-17T18:48:05Z,
108.62.57.165,ipv4,attack,high,WHITE,blocklist.de/all|blocklist.de/apache|blocklist.de/mail|ziyadnz/hourly-ipv4,blocklist.de|brute-force|apache|rfi|ddos|spam|mail|ziyadnz|hourly,2026-08-17T18:48:05Z,2026-08-17T18:48:05Z,
108.62.57.166,ipv4,attack,high,WHITE,blocklist.de/all|blocklist.de/apache|blocklist.de/mail|ziyadnz/hourly-ipv4,blocklist.de|brute-force|apache|rfi|ddos|spam|mail|ziyadnz|hourly,2026-08-17T18:48:05Z,2026-08-17T18:48:05Z,
108.62.57.167,ipv4,attack,high,WHITE,blocklist.de/all|blocklist.de/apache|blocklist.de/mail|ziyadnz/hourly-ipv4,blocklist.de|brute-force|apache|rfi|ddos|spam|mail|ziyadnz|hourly,2026-08-17T18:48:05Z,2026-08-17T18:48:05Z,
108.62.57.168,ipv4,attack,high,WHITE,blocklist.de/all|blocklist.de/apache|blocklist.de/mail|ziyadnz/hourly-ipv4,blocklist.de|brute-force|apache|rfi|ddos|spam|mail|ziyadnz|hourly,2026-08-17T18:48:05Z,2026-08-17T18:48:05Z,
108.62.57.169,ipv4,attack,high,WHITE,blocklist.de/all|blocklist.de/apache|blocklist.de/mail|ziyadnz/hourly-ipv4,blocklist.de|brute-force|apache|rfi|ddos|spam|mail|ziyadnz|hourly,2026-08-17T18:48:05Z,2026-08-17T18:48:05Z,
108.62.57.170,ipv4,attack,high,WHITE,blocklist.de/all|blocklist.de/apache|blocklist.de/mail|ziyadnz/hourly-ipv4,blocklist.de|brute-force|apache|rfi|ddos|spam|mail|ziyadnz|hourly,2026-08-17T18:48:05Z,2026-08-17T18:48:05Z,
108.62.57.171,ipv4,attack,high,WHITE,blocklist.de/all|blocklist.de/apache|blocklist.de/mail|ziyadnz/hourly-ipv4,blocklist.de|brute-force|apache|rfi|ddos|spam|mail|ziyadnz|hourly,2026-08-17T18:48:05Z,2026-08-17T18:48:05Z,
108.62.57.172,ipv4,attack,high,WHITE,blocklist.de/all|blocklist.de/apache|blocklist.de/mail|ziyadnz/hourly-ipv4,blocklist.de|brute-force|apache|rfi|ddos|spam|mail|ziyadnz|hourly,2026-08-17T18:48:05Z,2026-08-17T18:48:05Z,
108.62.57.173,ipv4,attack,high,WHITE,blocklist.de/all|blocklist.de/apache|blocklist.de/mail|ziyadnz/hourly-ipv4,blocklist.de|brute-force|apache|rfi|ddos|spam|mail|ziyadnz|hourly,2026-08-17T18:48:05Z,2026-08-17T18:48:05Z,
108.62.57.174,ipv4,attack,high,WHITE,blocklist.de/all|blocklist.de/apache|blocklist.de/mail|ziyadnz/hourly-ipv4,blocklist.de|brute-force|apache|rfi|ddos|spam|mail|ziyadnz|hourly,2026-08-17T18:48:05Z,2026-08-17T18:48:05Z,
108.62.57.175,ipv4,attack,high,WHITE,blocklist.de/all|blocklist.de/apache|blocklist.de/mail|ziyadnz/hourly-ipv4,blocklist.de|brute-force|apache|rfi|ddos|spam|mail|ziyadnz|hourly,2026-08-17T18:48:05Z,2026-08-17T18:48:05Z,
108.62.57.176,ipv4,attack,high,WHITE,blocklist.de/all|blocklist.de/apache|blocklist.de/mail|ziyadnz/hourly-ipv4,blocklist.de|brute-force|apache|rfi|ddos|spam|mail|ziyadnz|hourly,2026-08-17T18:48:05Z,2026-08-17T18:48:05Z,
108.62.57.177,ipv4,attack,high,WHITE,blocklist.de/all|blocklist.de/apache|blocklist.de/mail|ziyadnz/hourly-ipv4,blocklist.de|brute-force|apache|rfi|ddos|spam|mail|ziyadnz|hourly,2026-08-17T18:48:05Z,2026-08-17T18:48:05Z,
108.62.57.178,ipv4,attack,high,WHITE,blocklist.de/all|blocklist.de/apache|blocklist.de/mail|ziyadnz/hourly-ipv4,blocklist.de|brute-force|apache|rfi|ddos|spam|mail|ziyadnz|hourly,2026-08-17T18:48:05Z,2026-08-17T18:48:05Z,
108.62.57.179,ipv4,attack,high,WHITE,blocklist.de/all|blocklist.de/apache|blocklist.de/mail|ziyadnz/hourly-ipv4,blocklist.de|brute-force|apache|rfi|ddos|spam|mail|ziyadnz|hourly,2026-08-17T18:48:05Z,2026-08-17T18:48:05Z,
108.62.57.180,ipv4,attack,high,WHITE,blocklist.de/all|blocklist.de/apache|blocklist.de/mail|ziyadnz/hourly-ipv4,blocklist.de|brute-force|apache|rfi|ddos|spam|mail|ziyadnz|hourly,2026-08-17T18:48:05Z,2026-08-17T18:48:05Z,
108.62.57.181,ipv4,attack,high,WHITE,blocklist.de/all|blocklist.de/apache|blocklist.de/mail|ziyadnz/hourly-ipv4,blocklist.de|brute-force|apache|rfi|ddos|spam|mail|ziyadnz|hourly,2026-08-17T18:48:05Z,2026-08-17T18:48:05Z,
108.62.57.182,ipv4,attack,high,WHITE,blocklist.de/all|blocklist.de/apache|blocklist.de/mail|ziyadnz/hourly-ipv4,blocklist.de|brute-force|apache|rfi|ddos|spam|mail|ziyadnz|hourly,2026-08-17T18:48:05Z,2026-08-17T18:48:05Z,
108.62.57.183,ipv4,attack,high,WHITE,blocklist.de/all|blocklist.de/apache|blocklist.de/mail|ziyadnz/hourly-ipv4,blocklist.de|brute-force|apache|rfi|ddos|spam|mail|ziyadnz|hourly,2026-08-17T18:48:05Z,2026-08-17T18:48:05Z,
108.62.57.184,ipv4,attack,high,WHITE,blocklist.de/all|blocklist.de/apache|blocklist.de/mail|ziyadnz/hourly-ipv4,blocklist.de|brute-force|apache|rfi|ddos|spam|mail|ziyadnz|hourly,2026-08-17T18:48:05Z,2026-08-17T18:48:05Z,
108.62.57.185,ipv4,attack,high,WHITE,blocklist.de/all|blocklist.de/apache|blocklist.de/mail|ziyadnz/hourly-ipv4,blocklist.de|brute-force|apache|rfi|ddos|spam|mail|ziyadnz|hourly,2026-08-17T18:48:05Z,2026-08-17T18:48:05Z,
108.62.57.186,ipv4,attack,high,WHITE,blocklist.de/all|blocklist.de/apache|blocklist.de/mail|ziyadnz/hourly-ipv4,blocklist.de|brute-force|apache|rfi|ddos|spam|mail|ziyadnz|hourly,2026-08-17T18:48:05Z,2026-08-17T18:48:05Z,
108.62.57.187,ipv4,attack,high,WHITE,blocklist.de/all|blocklist.de/apache|blocklist.de/mail|ziyadnz/hourly-ipv4,blocklist.de|brute-force|apache|rfi|ddos|spam|mail|ziyadnz|hourly,2026-08-17T18:48:05Z,2026-08-17T18:48:05Z,
108.62.57.188,ipv4,attack,high,WHITE,blocklist.de/all|blocklist.de/apache|blocklist.de/mail|ziyadnz/hourly-ipv4,blocklist.de|brute-force|apache|rfi|ddos|spam|mail|ziyadnz|hourly,2026-08-17T18:48:05Z,2026-08-17T18:48:05Z,
108.62.57.189,ipv4,attack,high,WHITE,blocklist.de/all|blocklist.de/apache|blocklist.de/mail|ziyadnz/hourly-ipv4,blocklist.de|brute-force|apache|rfi|ddos|spam|mail|ziyadnz|hourly,2026-08-17T18:48:05Z,2026-08-17T18:48:05Z,
108.62.57.190,ipv4,attack,high,WHITE,blocklist.de/all|blocklist.de/apache|blocklist.de/mail|ziyadnz/hourly-ipv4,blocklist.de|brute-force|apache|rfi|ddos|spam|mail|ziyadnz|hourly,2026-08-17T18:48:05Z,2026-08-17T18:48:05Z,
108.62.57.191,ipv4,attack,high,WHITE,blocklist.de/all|blocklist.de/apache|blocklist.de/mail|ziyadnz/hourly-ipv4,blocklist.de|brute-force|apache|rfi|ddos|spam|mail|ziyadnz|hourly,2026-08-17T18:48:05Z,2026-08-17T18:48:05Z,
108.62.57.192,ipv4,attack,high,WHITE,blocklist.de/all|blocklist.de/apache|blocklist.de/mail|ziyadnz/hourly-ipv4,blocklist.de|brute-force|apache|rfi|ddos|spam|mail|ziyadnz|hourly,2026-08-17T18:48:05Z,2026-08-17T18:48:05Z,
108.62.57.193,ipv4,attack,high,WHITE,blocklist.de/all|blocklist.de/apache|blocklist.de/mail|ziyadnz/hourly-ipv4,blocklist.de|brute-force|apache|rfi|ddos|spam|mail|ziyadnz|hourly,2026-08-17T18:48:05Z,2026-08-17T18:48:05Z,
108.62.57.194,ipv4,attack,high,WHITE,blocklist.de/all|blocklist.de/apache|blocklist.de/mail|ziyadnz/hourly-ipv4,blocklist.de|brute-force|apache|rfi|ddos|spam|mail|ziyadnz|hourly,2026-08-17T18:48:05Z,2026-08-17T18:48:05Z,
108.62.57.195,ipv4,attack,high,WHITE,blocklist.de/all|blocklist.de/apache|blocklist.de/mail|ziyadnz/hourly-ipv4,blocklist.de|brute-force|apache|rfi|ddos|spam|mail|ziyadnz|hourly,2026-08-17T18:48:05Z,2026-08-17T18:48:05Z,
108.62.57.196,ipv4,attack,high,WHITE,blocklist.de/all|blocklist.de/apache|blocklist.de/mail|ziyadnz/hourly-ipv4,blocklist.de|brute-force|apache|rfi|ddos|spam|mail|ziyadnz|hourly,2026-08-17T18:48:05Z,2026-08-17T18:48:05Z,
108.62.57.197,ipv4,attack,high,WHITE,blocklist.de/all|blocklist.de/apache|blocklist.de/mail|ziyadnz/hourly-ipv4,blocklist.de|brute-force|apache|rfi|ddos|spam|mail|ziyadnz|hourly,2026-08-17T18:48:05Z,2026-08-17T18:48:05Z,
108.62.57.198,ipv4,attack,high,WHITE,blocklist.de/all|blocklist.de/apache|blocklist.de/mail|ziyadnz/hourly-ipv4,blocklist.de|brute-force|apache|rfi|ddos|spam|mail|ziyadnz|hourly,2026-08-17T18:48:05Z,2026-08-17T18:48:05Z,
108.62.57.199,ipv4,attack,high,WHITE,blocklist.de/all|blocklist.de/apache|blocklist.de/mail|ziyadnz/hourly-ipv4,blocklist.de|brute-force|apache|rfi|ddos|spam|mail|ziyadnz|hourly,2026-08-17T18:48:05Z,2026-08-17T18:48:05Z,
108.62.57.200,ipv4,attack,high,WHITE,blocklist.de/all|blocklist.de/apache|blocklist.de/mail|ziyadnz/hourly-ipv4,blocklist.de|brute-force|apache|rfi|ddos|spam|mail|ziyadnz|hourly,2026-08-17T18:48:05Z,2026-08-17T18:48:05Z,
108.62.57.201,ipv4,attack,high,WHITE,blocklist.de/all|blocklist.de/apache|blocklist.de/mail|ziyadnz/hourly-ipv4,blocklist.de|brute-force|apache|rfi|ddos|spam|mail|ziyadnz|hourly,2026-08-17T18:48:05Z,2026-08-17T18:48:05Z,
108.62.57.202,ipv4,attack,high,WHITE,blocklist.de/all|blocklist.de/apache|blocklist.de/mail|ziyadnz/hourly-ipv4,blocklist.de|brute-force|apache|rfi|ddos|spam|mail|ziyadnz|hourly,2026-08-17T18:48:05Z,2026-08-17T18:48:05Z,
108.62.57.203,ipv4,attack,high,WHITE,blocklist.de/all|blocklist.de/apache|blocklist.de/mail|ziyadnz/hourly-ipv4,blocklist.de|brute-force|apache|rfi|ddos|spam|mail|ziyadnz|hourly,2026-08-17T18:48:05Z,2026-08-17T18:48:05Z,
108.62.57.204,ipv4,attack,high,WHITE,blocklist.de/all|blocklist.de/apache|blocklist.de/mail|ziyadnz/hourly-ipv4,blocklist.de|brute-force|apache|rfi|ddos|spam|mail|ziyadnz|hourly,2026-08-17T18:48:05Z,2026-08-17T18:48:05Z,
108.62.57.205,ipv4,attack,high,WHITE,blocklist.de/all|blocklist.de/apache|blocklist.de/mail|ziyadnz/hourly-ipv4,blocklist.de|brute-force|apache|rfi|ddos|spam|mail|ziyadnz|hourly,2026-08-17T18:48:05Z,2026-08-17T18:48:05Z,
108.62.57.206,ipv4,attack,high,WHITE,blocklist.de/all|blocklist.de/apache|blocklist.de/mail|ziyadnz/hourly-ipv4,blocklist.de|brute-force|apache|rfi|ddos|spam|mail|ziyadnz|hourly,2026-08-17T18:48:05Z,2026-08-17T18:48:05Z,
108.62.57.207,ipv4,attack,high,WHITE,blocklist.de/all|blocklist.de/apache|blocklist.de/mail|ziyadnz/hourly-ipv4,blocklist.de|brute-force|apache|rfi|ddos|spam|mail|ziyadnz|hourly,2026-08-17T18:48:05Z,2026-08-17T18:48:05Z,
108.62.57.208,ipv4,attack,high,WHITE,blocklist.de/all|blocklist.de/apache|blocklist.de/mail|ziyadnz/hourly-ipv4,blocklist.de|brute-force|apache|rfi|ddos|spam|mail|ziyadnz|hourly,2026-08-17T18:48:05Z,2026-08-17T18:48:05Z,
108.62.57.209,ipv4,attack,high,WHITE,blocklist.de/all|blocklist.de/apache|blocklist.de/mail|ziyadnz/hourly-ipv4,blocklist.de|brute-force|apache|rfi|ddos|spam|mail|ziyadnz|hourly,2026-08-17T18:48:05Z,2026-08-17T18:48:05Z,
108.62.57.210,ipv4,attack,high,WHITE,blocklist.de/all|blocklist.de/apache|blocklist.de/mail|ziyadnz/hourly-ipv4,blocklist.de|brute-force|apache|rfi|ddos|spam|mail|ziyadnz|hourly,2026-08-17T18:48:05Z,2026-08-17T18:48:05Z,
108.62.57.211,ipv4,attack,high,WHITE,blocklist.de/all|blocklist.de/apache|blocklist.de/mail|ziyadnz/hourly-ipv4,blocklist.de|brute-force|apache|rfi|ddos|spam|mail|ziyadnz|hourly,2026-08-17T18:48:05Z,2026-08-17T18:48:05Z,
108.62.57.212,ipv4,attack,high,WHITE,blocklist.de/all|blocklist.de/apache|blocklist.de/mail|ziyadnz/hourly-ipv4,blocklist.de|brute-force|apache|rfi|ddos|spam|mail|ziyadnz|hourly,2026-08-17T18:48:05Z,2026-08-17T18:48:05Z,
108.62.57.213,ipv4,attack,high,WHITE,blocklist.de/all|blocklist.de/apache|blocklist.de/mail|ziyadnz/hourly-ipv4,blocklist.de|brute-force|apache|rfi|ddos|spam|mail|ziyadnz|hourly,2026-08-17T18:48:05Z,2026-08-17T18:48:05Z,
108.62.57.214,ipv4,attack,high,WHITE,blocklist.de/all|blocklist.de/apache|blocklist.de/mail|ziyadnz/hourly-ipv4,blocklist.de|brute-force|apache|rfi|ddos|spam|mail|ziyadnz|hourly,2026-08-17T18:48:05Z,2026-08-17T18:48:05Z,
108.62.57.215,ipv4,attack,high,WHITE,blocklist.de/all|blocklist.de/apache|blocklist.de/mail|ziyadnz/hourly-ipv4,blocklist.de|brute-force|apache|rfi|ddos|spam|mail|ziyadnz|hourly,2026-08-17T18:48:05Z,2026-08-17T18:48:05Z,
108.62.57.216,ipv4,attack,high,WHITE,blocklist.de/all|blocklist.de/apache|blocklist.de/mail|ziyadnz/hourly-ipv4,blocklist.de|brute-force|apache|rfi|ddos|spam|mail|ziyadnz|hourly,2026-08-17T18:48:05Z,2026-08-17T18:48:05Z,
108.62.57.217,ipv4,attack,high,WHITE,blocklist.de/all|blocklist.de/apache|blocklist.de/mail|ziyadnz/hourly-ipv4,blocklist.de|brute-force|apache|rfi|ddos|spam|mail|ziyadnz|hourly,2026-08-17T18:48:05Z,2026-08-17T18:48:05Z,
108.62.57.218,ipv4,attack,high,WHITE,blocklist.de/all|blocklist.de/apache|blocklist.de/mail|ziyadnz/hourly-ipv4,blocklist.de|brute-force|apache|rfi|ddos|spam|mail|ziyadnz|hourly,2026-08-17T18:48:05Z,2026-08-17T18:48:05Z,
108.62.57.219,ipv4,attack,high,WHITE,blocklist.de/all|blocklist.de/apache|blocklist.de/mail|ziyadnz/hourly-ipv4,blocklist.de|brute-force|apache|rfi|ddos|spam|mail|ziyadnz|hourly,2026-08-17T18:48:05Z,2026-08-17T18:48:05Z,
108.62.57.220,ipv4,attack,high,WHITE,blocklist.de/all|blocklist.de/apache|blocklist.de/mail|ziyadnz/hourly-ipv4,blocklist.de|brute-force|apache|rfi|ddos|spam|mail|ziyadnz|hourly,2026-08-17T18:48:05Z,2026-08-17T18:48:05Z,
108.62.57.221,ipv4,attack,high,WHITE,blocklist.de/all|blocklist.de/apache|blocklist.de/mail|ziyadnz/hourly-ipv4,blocklist.de|brute-force|apache|rfi|ddos|spam|mail|ziyadnz|hourly,2026-08-17T18:48:05Z,2026-08-17T18:48:05Z,
108.62.57.222,ipv4,attack,high,WHITE,blocklist.de/all|blocklist.de/apache|blocklist.de/mail|ziyadnz/hourly-ipv4,blocklist.de|brute-force|apache|rfi|ddos|spam|mail|ziyadnz|hourly,2026-08-17T18:48:05Z,2026-08-17T18:48:05Z,
108.62.57.223,ipv4,attack,high,WHITE,blocklist.de/all|blocklist.de/apache|blocklist.de/mail|ziyadnz/hourly-ipv4,blocklist.de|brute-force|apache|rfi|ddos|spam|mail|ziyadnz|hourly,2026-08-17T18:48:05Z,2026-08-17T18:48:05Z,
108.62.57.224,ipv4,attack,high,WHITE,blocklist.de/all|blocklist.de/apache|blocklist.de/mail|ziyadnz/hourly-ipv4,blocklist.de|brute-force|apache|rfi|ddos|spam|mail|ziyadnz|hourly,2026-08-17T18:48:05Z,2026-08-17T18:48:05Z,
108.62.57.225,ipv4,attack,high,WHITE,blocklist.de/all|blocklist.de/apache|blocklist.de/mail|ziyadnz/hourly-ipv4,blocklist.de|brute-force|apache|rfi|ddos|spam|mail|ziyadnz|hourly,2026-08-17T18:48:05Z,2026-08-17T18:48:05Z,
108.62.57.226,ipv4,attack,high,WHITE,blocklist.de/all|blocklist.de/apache|blocklist.de/mail|ziyadnz/hourly-ipv4,blocklist.de|brute-force|apache|rfi|ddos|spam|mail|ziyadnz|hourly,2026-08-17T18:48:05Z,2026-08-17T18:48:05Z,
108.62.57.227,ipv4,attack,high,WHITE,blocklist.de/all|blocklist.de/apache|blocklist.de/mail|ziyadnz/hourly-ipv4,blocklist.de|brute-force|apache|rfi|ddos|spam|mail|ziyadnz|hourly,2026-08-17T18:48:05Z,2026-08-17T18:48:05Z,
108.62.57.228,ipv4,attack,high,WHITE,blocklist.de/all|blocklist.de/apache|blocklist.de/mail|ziyadnz/hourly-ipv4,blocklist.de|brute-force|apache|rfi|ddos|spam|mail|ziyadnz|hourly,2026-08-17T18:48:05Z,2026-08-17T18:48:05Z,
108.62.57.229,ipv4,attack,high,WHITE,blocklist.de/all|blocklist.de/apache|blocklist.de/mail|ziyadnz/hourly-ipv4,blocklist.de|brute-force|apache|rfi|ddos|spam|mail|ziyadnz|hourly,2026-08-17T18:48:05Z,2026-08-17T18:48:05Z,
108.62.57.230,ipv4,attack,high,WHITE,blocklist.de/all|blocklist.de/apache|blocklist.de/mail|ziyadnz/hourly-ipv4,blocklist.de|brute-force|apache|rfi|ddos|spam|mail|ziyadnz|hourly,2026-08-17T18:48:05Z,2026-08-17T18:48:05Z,
108.62.57.231,ipv4,attack,high,WHITE,blocklist.de/all|blocklist.de/apache|blocklist.de/mail|ziyadnz/hourly-ipv4,blocklist.de|brute-force|apache|rfi|ddos|spam|mail|ziyadnz|hourly,2026-08-17T18:48:05Z,2026-08-17T18:48:05Z,
108.62.57.232,ipv4,attack,high,WHITE,blocklist.de/all|blocklist.de/apache|blocklist.de/mail|ziyadnz/hourly-ipv4,blocklist.de|brute-force|apache|rfi|ddos|spam|mail|ziyadnz|hourly,2026-08-17T18:48:05Z,2026-08-17T18:48:05Z,
108.62.57.233,ipv4,attack,high,WHITE,blocklist.de/all|blocklist.de/apache|blocklist.de/mail|ziyadnz/hourly-ipv4,blocklist.de|brute-force|apache|rfi|ddos|spam|mail|ziyadnz|hourly,2026-08-17T18:48:05Z,2026-08-17T18:48:05Z,
108.62.57.234,ipv4,attack,high,WHITE,blocklist.de/all|blocklist.de/apache|blocklist.de/mail|ziyadnz/hourly-ipv4,blocklist.de|brute-force|apache|rfi|ddos|spam|mail|ziyadnz|hourly,2026-08-17T18:48:05Z,2026-08-17T18:48:05Z,
108.62.57.235,ipv4,attack,high,WHITE,blocklist.de/all|blocklist.de/apache|blocklist.de/mail|ziyadnz/hourly-ipv4,blocklist.de|brute-force|apache|rfi|ddos|spam|mail|ziyadnz|hourly,2026-08-17T18:48:05Z,2026-08-17T18:48:05Z,
108.62.57.236,ipv4,attack,high,WHITE,blocklist.de/all|blocklist.de/apache|blocklist.de/mail|ziyadnz/hourly-ipv4,blocklist.de|brute-force|apache|rfi|ddos|spam|mail|ziyadnz|hourly,2026-08-17T18:48:05Z,2026-08-17T18:48:05Z,
108.62.57.237,ipv4,attack,high,WHITE,blocklist.de/all|blocklist.de/apache|blocklist.de/mail|ziyadnz/hourly-ipv4,blocklist.de|brute-force|apache|rfi|ddos|spam|mail|ziyadnz|hourly,2026-08-17T18:48:05Z,2026-08-17T18:48:05Z,
108.62.57.238,ipv4,attack,high,WHITE,blocklist.de/all|blocklist.de/apache|blocklist.de/mail|ziyadnz/hourly-ipv4,blocklist.de|brute-force|apache|rfi|ddos|spam|mail|ziyadnz|hourly,2026-08-17T18:48:05Z,2026-08-17T18:48:05Z,
108.62.57.239,ipv4,attack,high,WHITE,blocklist.de/all|blocklist.de/apache|blocklist.de/mail|ziyadnz/hourly-ipv4,blocklist.de|brute-force|apache|rfi|ddos|spam|mail|ziyadnz|hourly,2026-08-17T18:48:05Z,2026-08-17T18:48:05Z,
108.62.57.240,ipv4,attack,high,WHITE,blocklist.de/all|blocklist.de/apache|blocklist.de/mail|ziyadnz/hourly-ipv4,blocklist.de|brute-force|apache|rfi|ddos|spam|mail|ziyadnz|hourly,2026-08-17T18:48:05Z,2026-08-17T18:48:05Z,
108.62.57.241,ipv4,attack,high,WHITE,blocklist.de/all|blocklist.de/apache|blocklist.de/mail|ziyadnz/hourly-ipv4,blocklist.de|brute-force|apache|rfi|ddos|spam|mail|ziyadnz|hourly,2026-08-17T18:48:05Z,2026-08-17T18:48:05Z,
108.62.57.242,ipv4,attack,high,WHITE,blocklist.de/all|blocklist.de/apache|blocklist.de/mail|ziyadnz/hourly-ipv4,blocklist.de|brute-force|apache|rfi|ddos|spam|mail|ziyadnz|hourly,2026-08-17T18:48:05Z,2026-08-17T18:48:05Z,
108.62.57.243,ipv4,attack,high,WHITE,blocklist.de/all|blocklist.de/apache|blocklist.de/mail|ziyadnz/hourly-ipv4,blocklist.de|brute-force|apache|rfi|ddos|spam|mail|ziyadnz|hourly,2026-08-17T18:48:05Z,2026-08-17T18:48:05Z,
108.62.57.244,ipv4,attack,high,WHITE,blocklist.de/all|blocklist.de/apache|blocklist.de/mail|ziyadnz/hourly-ipv4,blocklist.de|brute-force|apache|rfi|ddos|spam|mail|ziyadnz|hourly,2026-08-17T18:48:05Z,2026-08-17T18:48:05Z,
108.62.57.245,ipv4,attack,high,WHITE,blocklist.de/all|blocklist.de/apache|blocklist.de/mail|ziyadnz/hourly-ipv4,blocklist.de|brute-force|apache|rfi|ddos|spam|mail|ziyadnz|hourly,2026-08-17T18:48:05Z,2026-08-17T18:48:05Z,
108.62.57.246,ipv4,attack,high,WHITE,blocklist.de/all|blocklist.de/apache|blocklist.de/mail|ziyadnz/hourly-ipv4,blocklist.de|brute-force|apache|rfi|ddos|spam|mail|ziyadnz|hourly,2026-08-17T18:48:05Z,2026-08-17T18:48:05Z,
108.62.57.247,ipv4,attack,high,WHITE,blocklist.de/all|blocklist.de/apache|blocklist.de/mail|ziyadnz/hourly-ipv4,blocklist.de|brute-force|apache|rfi|ddos|spam|mail|ziyadnz|hourly,2026-08-17T18:48:05Z,2026-08-17T18:48:05Z,
108.62.57.248,ipv4,attack,high,WHITE,blocklist.de/all|blocklist.de/apache|blocklist.de/mail|ziyadnz/hourly-ipv4,blocklist.de|brute-force|apache|rfi|ddos|spam|mail|ziyadnz|hourly,2026-08-17T18:48:05Z,2026-08-17T18:48:05Z,
108.62.57.249,ipv4,attack,high,WHITE,blocklist.de/all|blocklist.de/apache|blocklist.de/mail|ziyadnz/hourly-ipv4,blocklist.de|brute-force|apache|rfi|ddos|spam|mail|ziyadnz|hourly,2026-08-17T18:48:05Z,2026-08-17T18:48:05Z,
108.62.57.250,ipv4,attack,high,WHITE,blocklist.de/all|blocklist.de/apache|blocklist.de/mail|ziyadnz/hourly-ipv4,blocklist.de|brute-force|apache|rfi|ddos|spam|mail|ziyadnz|hourly,2026-08-17T18:48:05Z,2026-08-17T18:48:05Z,
108.62.57.251,ipv4,attack,high,WHITE,blocklist.de/all|blocklist.de/apache|blocklist.de/mail|ziyadnz/hourly-ipv4,blocklist.de|brute-force|apache|rfi|ddos|spam|mail|ziyadnz|hourly,2026-08-17T18:48:05Z,2026-08-17T18:48:05Z,
108.62.57.252,ipv4,attack,high,WHITE,blocklist.de/all|blocklist.de/apache|blocklist.de/mail|ziyadnz/hourly-ipv4,blocklist.de|brute-force|apache|rfi|ddos|spam|mail|ziyadnz|hourly,2026-08-17T18:48:05Z,2026-08-17T18:48:05Z,
108.62.57.253,ipv4,attack,high,WHITE,blocklist.de/all|blocklist.de/apache|blocklist.de/mail|ziyadnz/hourly-ipv4,blocklist.de|brute-force|apache|rfi|ddos|spam|mail|ziyadnz|hourly,2026-08-17T18:48:05Z,2026-08-17T18:48:05Z,
108.62.57.254,ipv4,attack,high,WHITE,blocklist.de/all|blocklist.de/apache|blocklist.de/mail|ziyadnz/hourly-ipv4,blocklist.de|brute-force|apache|rfi|ddos|spam|mail|ziyadnz|hourly,2026-08-17T18:48:05Z,2026-08-17T18:48:05Z,
108.62.57.255,ipv4,attack,high,WHITE,blocklist.de/all|blocklist.de/apache|blocklist.de/mail|ziyadnz/hourly-ipv4,blocklist.de|brute-force|apache|rfi|ddos|spam|mail|ziyadnz|hourly,2026-08-17T18:48:05Z,2026-08-17T18:48:05Z,
108.62.58.0,ipv4,attack,high,WHITE,blocklist.de/all|blocklist.de/apache|blocklist.de/mail|ziyadnz/hourly-ipv4,blocklist.de|brute-force|apache|rfi|ddos|spam|mail|ziyadnz|hourly,2026-08-17T18:48:05Z,2026-08-17T18:48:05Z,
108.62.58.1,ipv4,attack,high,WHITE,blocklist.de/all|blocklist.de/apache|blocklist.de/mail|ziyadnz/hourly-ipv4,blocklist.de|brute-force|apache|rfi|ddos|spam|mail|ziyadnz|hourly,2026-08-17T18:48:05Z,2026-08-17T18:48:05Z,
108.62.58.2,ipv4,attack,high,WHITE,blocklist.de/all|blocklist.de/apache|blocklist.de/mail|ziyadnz/hourly-ipv4,blocklist.de|brute-force|apache|rfi|ddos|spam|mail|ziyadnz|hourly,2026-08-17T18:48:05Z,2026-08-17T18:48:05Z,
108.62.58.3,ipv4,attack,high,WHITE,blocklist.de/all|blocklist.de/apache|blocklist.de/mail|ziyadnz/hourly-ipv4,blocklist.de|brute-force|apache|rfi|ddos|spam|mail|ziyadnz|hourly,2026-08-17T18:48:05Z,2026-08-17T18:48:05Z,
108.62.58.4,ipv4,attack,high,WHITE,blocklist.de/all|blocklist.de/apache|blocklist.de/mail|ziyadnz/hourly-ipv4,blocklist.de|brute-force|apache|rfi|ddos|spam|mail|ziyadnz|hourly,2026-08-17T18:48:05Z,2026-08-17T18:48:05Z,
108.62.58.5,ipv4,attack,high,WHITE,blocklist.de/all|blocklist.de/apache|blocklist.de/mail|ziyadnz/hourly-ipv4,blocklist.de|brute-force|apache|rfi|ddos|spam|mail|ziyadnz|hourly,2026-08-17T18:48:05Z,2026-08-17T18:48:05Z,
108.62.58.6,ipv4,attack,high,WHITE,blocklist.de/all|blocklist.de/apache|blocklist.de/mail|ziyadnz/hourly-ipv4,blocklist.de|brute-force|apache|rfi|ddos|spam|mail|ziyadnz|hourly,2026-08-17T18:48:05Z,2026-08-17T18:48:05Z,
108.62.58.7,ipv4,attack,high,WHITE,blocklist.de/all|blocklist.de/apache|blocklist.de/mail|ziyadnz/hourly-ipv4,blocklist.de|brute-force|apache|rfi|ddos|spam|mail|ziyadnz|hourly,2026-08-17T18:48:05Z,2026-08-17T18:48:05Z,
108.62.58.8,ipv4,attack,high,WHITE,blocklist.de/all|blocklist.de/apache|blocklist.de/mail|ziyadnz/hourly-ipv4,blocklist.de|brute-force|apache|rfi|ddos|spam|mail|ziyadnz|hourly,2026-08-17T18:48:05Z,2026-08-17T18:48:05Z,
108.62.58.9,ipv4,attack,high,WHITE,blocklist.de/all|blocklist.de/apache|blocklist.de/mail|ziyadnz/hourly-ipv4,blocklist.de|brute-force|apache|rfi|ddos|spam|mail|ziyadnz|hourly,2026-08-17T18:48:05Z,2026-08-17T18:48:05Z,
108.62.58.10,ipv4,attack,high,WHITE,blocklist.de/all|blocklist.de/apache|blocklist.de/mail|ziyadnz/hourly-ipv4,blocklist.de|brute-force|apache|rfi|ddos|spam|mail|ziyadnz|hourly,2026-08-17T18:48:05Z,2026-08-17T18:48:05Z,
108.62.58.11,ipv4,attack,high,WHITE,blocklist.de/all|blocklist.de/apache|blocklist.de/mail|ziyadnz/hourly-ipv4,blocklist.de|brute-force|apache|rfi|ddos|spam|mail|ziyadnz|hourly,2026-08-17T18:48:05Z,2026-08-17T18:48:05Z,
108.62.58.12,ipv4,attack,high,WHITE,blocklist.de/all|blocklist.de/apache|blocklist.de/mail|ziyadnz/hourly-ipv4,blocklist.de|brute-force|apache|rfi|ddos|spam|mail|ziyadnz|hourly,2026-08-17T18:48:05Z,2026-08-17T18:48:05Z,
108.62.58.13,ipv4,attack,high,WHITE,blocklist.de/all|blocklist.de/apache|blocklist.de/mail|ziyadnz/hourly-ipv4,blocklist.de|brute-force|apache|rfi|ddos|spam|mail|ziyadnz|hourly,2026-08-17T18:48:05Z,2026-08-17T18:48:05Z,
108.62.58.14,ipv4,attack,high,WHITE,blocklist.de/all|blocklist.de/apache|blocklist.de/mail|ziyadnz/hourly-ipv4,blocklist.de|brute-force|apache|rfi|ddos|spam|mail|ziyadnz|hourly,2026-08-17T18:48:05Z,2026-08-17T18:48:05Z,
108.62.58.15,ipv4,attack,high,WHITE,blocklist.de/all|blocklist.de/apache|blocklist.de/mail|ziyadnz/hourly-ipv4,blocklist.de|brute-force|apache|rfi|ddos|spam|mail|ziyadnz|hourly,2026-08-17T18:48:05Z,2026-08-17T18:48:05Z,
108.62.58.16,ipv4,attack,high,WHITE,blocklist.de/all|blocklist.de/apache|blocklist.de/mail|ziyadnz/hourly-ipv4,blocklist.de|brute-force|apache|rfi|ddos|spam|mail|ziyadnz|hourly,2026-08-17T18:48:05Z,2026-08-17T18:48:05Z,
108.62.58.17,ipv4,attack,high,WHITE,blocklist.de/all|blocklist.de/apache|blocklist.de/mail|ziyadnz/hourly-ipv4,blocklist.de|brute-force|apache|rfi|ddos|spam|mail|ziyadnz|hourly,2026-08-17T18:48:05Z,2026-08-17T18:48:05Z,
108.62.58.18,ipv4,attack,high,WHITE,blocklist.de/all|blocklist.de/apache|blocklist.de/mail|ziyadnz/hourly-ipv4,blocklist.de|brute-force|apache|rfi|ddos|spam|mail|ziyadnz|hourly,2026-08-17T18:48:05Z,2026-08-17T18:48:05Z,
108.62.58.19,ipv4,attack,high,WHITE,blocklist.de/all|blocklist.de/apache|blocklist.de/mail|ziyadnz/hourly-ipv4,blocklist.de|brute-force|apache|rfi|ddos|spam|mail|ziyadnz|hourly,2026-08-17T18:48:05Z,2026-08-17T18:48:05Z,
108.62.58.20,ipv4,attack,high,WHITE,blocklist.de/all|blocklist.de/apache|blocklist.de/mail|ziyadnz/hourly-ipv4,blocklist.de|brute-force|apache|rfi|ddos|spam|mail|ziyadnz|hourly,2026-08-17T18:48:05Z,2026-08-17T18:48:05Z,
108.62.58.21,ipv4,attack,high,WHITE,blocklist.de/all|blocklist.de/apache|blocklist.de/mail|ziyadnz/hourly-ipv4,blocklist.de|brute-force|apache|rfi|ddos|spam|mail|ziyadnz|hourly,2026-08-17T18:48:05Z,2026-08-17T18:48:05Z,
108.62.58.22,ipv4,attack,high,WHITE,blocklist.de/all|blocklist.de/apache|blocklist.de/mail|ziyadnz/hourly-ipv4,blocklist.de|brute-force|apache|rfi|ddos|spam|mail|ziyadnz|hourly,2026-08-17T18:48:05Z,2026-08-17T18:48:05Z,
108.62.58.23,ipv4,attack,high,WHITE,blocklist.de/all|blocklist.de/apache|blocklist.de/mail|ziyadnz/hourly-ipv4,blocklist.de|brute-force|apache|rfi|ddos|spam|mail|ziyadnz|hourly,2026-08-17T18:48:05Z,2026-08-17T18:48:05Z,
108.62.58.24,ipv4,attack,high,WHITE,blocklist.de/all|blocklist.de/apache|blocklist.de/mail|ziyadnz/hourly-ipv4,blocklist.de|brute-force|apache|rfi|ddos|spam|mail|ziyadnz|hourly,2026-08-17T18:48:05Z,2026-08-17T18:48:05Z,
108.62.58.25,ipv4,attack,high,WHITE,blocklist.de/all|blocklist.de/apache|blocklist.de/mail|ziyadnz/hourly-ipv4,blocklist.de|brute-force|apache|rfi|ddos|spam|mail|ziyadnz|hourly,2026-08-17T18:48:05Z,2026-08-17T18:48:05Z,
108.62.58.26,ipv4,attack,high,WHITE,blocklist.de/all|blocklist.de/apache|blocklist.de/mail|ziyadnz/hourly-ipv4,blocklist.de|brute-force|apache|rfi|ddos|spam|mail|ziyadnz|hourly,2026-08-17T18:48:05Z,2026-08-17T18:48:05Z,
108.62.58.27,ipv4,attack,high,WHITE,blocklist.de/all|blocklist.de/apache|blocklist.de/mail|ziyadnz/hourly-ipv4,blocklist.de|brute-force|apache|rfi|ddos|spam|mail|ziyadnz|hourly,2026-08-17T18:48:05Z,2026-08-17T18:48:05Z,
108.62.58.28,ipv4,attack,high,WHITE,blocklist.de/all|blocklist.de/apache|blocklist.de/mail|ziyadnz/hourly-ipv4,blocklist.de|brute-force|apache|rfi|ddos|spam|mail|ziyadnz|hourly,2026-08-17T18:48:05Z,2026-08-17T18:48:05Z,
108.62.58.29,ipv4,attack,high,WHITE,blocklist.de/all|blocklist.de/apache|blocklist.de/mail|ziyadnz/hourly-ipv4,blocklist.de|brute-force|apache|rfi|ddos|spam|mail|ziyadnz|hourly,2026-08-17T18:48:05Z,2026-08-17T18:48:05Z,
108.62.58.30,ipv4,attack,high,WHITE,blocklist.de/all|blocklist.de/apache|blocklist.de/mail|ziyadnz/hourly-ipv4,blocklist.de|brute-force|apache|rfi|ddos|spam|mail|ziyadnz|hourly,2026-08-17T18:48:05Z,2026-08-17T18:48:05Z,
108.62.58.31,ipv4,attack,high,WHITE,blocklist.de/all|blocklist.de/apache|blocklist.de/mail|ziyadnz/hourly-ipv4,blocklist.de|brute-force|apache|rfi|ddos|spam|mail|ziyadnz|hourly,2026-08-17T18:48:05Z,2026-08-17T18:48:05Z,
108.62.58.32,ipv4,attack,high,WHITE,blocklist.de/all|blocklist.de/apache|blocklist.de/mail|ziyadnz/hourly-ipv4,blocklist.de|brute-force|apache|rfi|ddos|spam|mail|ziyadnz|hourly,2026-08-17T18:48:05Z,2026-08-17T18:48:05Z,
108.62.58.33,ipv4,attack,high,WHITE,blocklist.de/all|blocklist.de/apache|blocklist.de/mail|ziyadnz/hourly-ipv4,blocklist.de|brute-force|apache|rfi|ddos|spam|mail|ziyadnz|hourly,2026-08-17T18:48:05Z,2026-08-17T18:48:05Z,
108.62.58.34,ipv4,attack,high,WHITE,blocklist.de/all|blocklist.de/apache|blocklist.de/mail|ziyadnz/hourly-ipv4,blocklist.de|brute-force|apache|rfi|ddos|spam|mail|ziyadnz|hourly,2026-08-17T18:48:05Z,2026-08-17T18:48:05Z,
108.62.58.35,ipv4,attack,high,WHITE,blocklist.de/all|blocklist.de/apache|blocklist.de/mail|ziyadnz/hourly-ipv4,blocklist.de|brute-force|apache|rfi|ddos|spam|mail|ziyadnz|hourly,2026-08-17T18:48:05Z,2026-08-17T18:48:05Z,
108.62.58.36,ipv4,attack,high,WHITE,blocklist.de/all|blocklist.de/apache|blocklist.de/mail|ziyadnz/hourly-ipv4,blocklist.de|brute-force|apache|rfi|ddos|spam|mail|ziyadnz|hourly,2026-08-17T18:48:05Z,2026-08-17T18:48:05Z,
108.62.58.37,ipv4,attack,high,WHITE,blocklist.de/all|blocklist.de/apache|blocklist.de/mail|ziyadnz/hourly-ipv4,blocklist.de|brute-force|apache|rfi|ddos|spam|mail|ziyadnz|hourly,2026-08-17T18:48:05Z,2026-08-17T18:48:05Z,
108.62.58.38,ipv4,attack,high,WHITE,blocklist.de/all|blocklist.de/apache|blocklist.de/mail|ziyadnz/hourly-ipv4,blocklist.de|brute-force|apache|rfi|ddos|spam|mail|ziyadnz|hourly,2026-08-17T18:48:05Z,2026-08-17T18:48:05Z,
108.62.58.39,ipv4,attack,high,WHITE,blocklist.de/all|blocklist.de/apache|blocklist.de/mail|ziyadnz/hourly-ipv4,blocklist.de|brute-force|apache|rfi|ddos|spam|mail|ziyadnz|hourly,2026-08-17T18:48:05Z,2026-08-17T18:48:05Z,
108.62.58.40,ipv4,attack,high,WHITE,blocklist.de/all|blocklist.de/apache|blocklist.de/mail|ziyadnz/hourly-ipv4,blocklist.de|brute-force|apache|rfi|ddos|spam|mail|ziyadnz|hourly,2026-08-17T18:48:05Z,2026-08-17T18:48:05Z,
108.62.58.41,ipv4,attack,high,WHITE,blocklist.de/all|blocklist.de/apache|blocklist.de/mail|ziyadnz/hourly-ipv4,blocklist.de|brute-force|apache|rfi|ddos|spam|mail|ziyadnz|hourly,2026-08-17T18:48:05Z,2026-08-17T18:48:05Z,
108.62.58.42,ipv4,attack,high,WHITE,blocklist.de/all|blocklist.de/apache|blocklist.de/mail|ziyadnz/hourly-ipv4,blocklist.de|brute-force|apache|rfi|ddos|spam|mail|ziyadnz|hourly,2026-08-17T18:48:05Z,2026-08-17T18:48:05Z,
108.62.58.43,ipv4,attack,high,WHITE,blocklist.de/all|blocklist.de/apache|blocklist.de/mail|ziyadnz/hourly-ipv4,blocklist.de|brute-force|apache|rfi|ddos|spam|mail|ziyadnz|hourly,2026-08-17T18:48:05Z,2026-08-17T18:48:05Z,
108.62.58.44,ipv4,attack,high,WHITE,blocklist.de/all|blocklist.de/apache|blocklist.de/mail|ziyadnz/hourly-ipv4,blocklist.de|brute-force|apache|rfi|ddos|spam|mail|ziyadnz|hourly,2026-08-17T18:48:05Z,2026-08-17T18:48:05Z,
108.62.58.45,ipv4,attack,high,WHITE,blocklist.de/all|blocklist.de/apache|blocklist.de/mail|ziyadnz/hourly-ipv4,blocklist.de|brute-force|apache|rfi|ddos|spam|mail|ziyadnz|hourly,2026-08-17T18:48:05Z,2026-08-17T18:48:05Z,
108.62.58.46,ipv4,attack,high,WHITE,blocklist.de/all|blocklist.de/apache|blocklist.de/mail|ziyadnz/hourly-ipv4,blocklist.de|brute-force|apache|rfi|ddos|spam|mail|ziyadnz|hourly,2026-08-17T18:48:05Z,2026-08-17T18:48:05Z,
108.62.58.47,ipv4,attack,high,WHITE,blocklist.de/all|blocklist.de/apache|blocklist.de/mail|ziyadnz/hourly-ipv4,blocklist.de|brute-force|apache|rfi|ddos|spam|mail|ziyadnz|hourly,2026-08-17T18:48:05Z,2026-08-17T18:48:05Z,
108.62.58.48,ipv4,attack,high,WHITE,blocklist.de/all|blocklist.de/apache|blocklist.de/mail|ziyadnz/hourly-ipv4,blocklist.de|brute-force|apache|rfi|ddos|spam|mail|ziyadnz|hourly,2026-08-17T18:48:05Z,2026-08-17T18:48:05Z,
108.62.58.49,ipv4,attack,high,WHITE,blocklist.de/all|blocklist.de/apache|blocklist.de/mail|ziyadnz/hourly-ipv4,blocklist.de|brute-force|apache|rfi|ddos|spam|mail|ziyadnz|hourly,2026-08-17T18:48:05Z,2026-08-17T18:48:05Z,
108.62.58.50,ipv4,attack,high,WHITE,blocklist.de/all|blocklist.de/apache|blocklist.de/mail|ziyadnz/hourly-ipv4,blocklist.de|brute-force|apache|rfi|ddos|spam|mail|ziyadnz|hourly,2026-08-17T18:48:05Z,2026-08-17T18:48:05Z,
108.62.58.51,ipv4,attack,high,WHITE,blocklist.de/all|blocklist.de/apache|blocklist.de/mail|ziyadnz/hourly-ipv4,blocklist.de|brute-force|apache|rfi|ddos|spam|mail|ziyadnz|hourly,2026-08-17T18:48:05Z,2026-08-17T18:48:05Z,
108.62.58.52,ipv4,attack,high,WHITE,blocklist.de/all|blocklist.de/apache|blocklist.de/mail|ziyadnz/hourly-ipv4,blocklist.de|brute-force|apache|rfi|ddos|spam|mail|ziyadnz|hourly,2026-08-17T18:48:05Z,2026-08-17T18:48:05Z,
108.62.58.53,ipv4,attack,high,WHITE,blocklist.de/all|blocklist.de/apache|blocklist.de/mail|ziyadnz/hourly-ipv4,blocklist.de|brute-force|apache|rfi|ddos|spam|mail|ziyadnz|hourly,2026-08-17T18:48:05Z,2026-08-17T18:48:05Z,
108.62.58.54,ipv4,attack,high,WHITE,blocklist.de/all|blocklist.de/apache|blocklist.de/mail|ziyadnz/hourly-ipv4,blocklist.de|brute-force|apache|rfi|ddos|spam|mail|ziyadnz|hourly,2026-08-17T18:48:05Z,2026-08-17T18:48:05Z,
108.62.58.55,ipv4,attack,high,WHITE,blocklist.de/all|blocklist.de/apache|blocklist.de/mail|ziyadnz/hourly-ipv4,blocklist.de|brute-force|apache|rfi|ddos|spam|mail|ziyadnz|hourly,2026-08-17T18:48:05Z,2026-08-17T18:48:05Z,
108.62.58.56,ipv4,attack,high,WHITE,blocklist.de/all|blocklist.de/apache|blocklist.de/mail|ziyadnz/hourly-ipv4,blocklist.de|brute-force|apache|rfi|ddos|spam|mail|ziyadnz|hourly,2026-08-17T18:48:05Z,2026-08-17T18:48:05Z,
108.62.58.57,ipv4,attack,high,WHITE,blocklist.de/all|blocklist.de/apache|blocklist.de/mail|ziyadnz/hourly-ipv4,blocklist.de|brute-force|apache|rfi|ddos|spam|mail|ziyadnz|hourly,2026-08-17T18:48:05Z,2026-08-17T18:48:05Z,
108.62.58.58,ipv4,attack,high,WHITE,blocklist.de/all|blocklist.de/apache|blocklist.de/mail|ziyadnz/hourly-ipv4,blocklist.de|brute-force|apache|rfi|ddos|spam|mail|ziyadnz|hourly,2026-08-17T18:48:05Z,2026-08-17T18:48:05Z,
108.62.58.59,ipv4,attack,high,WHITE,blocklist.de/all|blocklist.de/apache|blocklist.de/mail|ziyadnz/hourly-ipv4,blocklist.de|brute-force|apache|rfi|ddos|spam|mail|ziyadnz|hourly,2026-08-17T18:48:05Z,2026-08-17T18:48:05Z,
108.62.58.60,ipv4,attack,high,WHITE,blocklist.de/all|blocklist.de/apache|blocklist.de/mail|ziyadnz/hourly-ipv4,blocklist.de|brute-force|apache|rfi|ddos|spam|mail|ziyadnz|hourly,2026-08-17T18:48:05Z,2026-08-17T18:48:05Z,
108.62.58.61,ipv4,attack,high,WHITE,blocklist.de/all|blocklist.de/apache|blocklist.de/mail|ziyadnz/hourly-ipv4,blocklist.de|brute-force|apache|rfi|ddos|spam|mail|ziyadnz|hourly,2026-08-17T18:48:05Z,2026-08-17T18:48:05Z,
108.62.58.62,ipv4,attack,high,WHITE,blocklist.de/all|blocklist.de/apache|blocklist.de/mail|ziyadnz/hourly-ipv4,blocklist.de|brute-force|apache|rfi|ddos|spam|mail|ziyadnz|hourly,2026-08-17T18:48:05Z,2026-08-17T18:48:05Z,
108.62.58.63,ipv4,attack,high,WHITE,blocklist.de/all|blocklist.de/apache|blocklist.de/mail|ziyadnz/hourly-ipv4,blocklist.de|brute-force|apache|rfi|ddos|spam|mail|ziyadnz|hourly,2026-08-17T18:48:05Z,2026-08-17T18:48:05Z,
108.62.58.64,ipv4,attack,high,WHITE,blocklist.de/all|blocklist.de/apache|blocklist.de/mail|ziyadnz/hourly-ipv4,blocklist.de|brute-force|apache|rfi|ddos|spam|mail|ziyadnz|hourly,2026-08-17T18:48:05Z,2026-08-17T18:48:05Z,
108.62.58.65,ipv4,attack,high,WHITE,blocklist.de/all|blocklist.de/apache|blocklist.de/mail|ziyadnz/hourly-ipv4,blocklist.de|brute-force|apache|rfi|ddos|spam|mail|ziyadnz|hourly,2026-08-17T18:48:05Z,2026-08-17T18:48:05Z,
108.62.58.66,ipv4,attack,high,WHITE,blocklist.de/all|blocklist.de/apache|blocklist.de/mail|ziyadnz/hourly-ipv4,blocklist.de|brute-force|apache|rfi|ddos|spam|mail|ziyadnz|hourly,2026-08-17T18:48:05Z,2026-08-17T18:48:05Z,
108.62.58.67,ipv4,attack,high,WHITE,blocklist.de/all|blocklist.de/apache|blocklist.de/mail|ziyadnz/hourly-ipv4,blocklist.de|brute-force|apache|rfi|ddos|spam|mail|ziyadnz|hourly,2026-08-17T18:48:05Z,2026-08-17T18:48:05Z,
108.62.58.68,ipv4,attack,high,WHITE,blocklist.de/all|blocklist.de/apache|blocklist.de/mail|ziyadnz/hourly-ipv4,blocklist.de|brute-force|apache|rfi|ddos|spam|mail|ziyadnz|hourly,2026-08-17T18:48:05Z,2026-08-17T18:48:05Z,
108.62.58.69,ipv4,attack,high,WHITE,blocklist.de/all|blocklist.de/apache|blocklist.de/mail|ziyadnz/hourly-ipv4,blocklist.de|brute-force|apache|rfi|ddos|spam|mail|ziyadnz|hourly,2026-08-17T18:48:05Z,2026-08-17T18:48:05Z,
108.62.58.70,ipv4,attack,high,WHITE,blocklist.de/all|blocklist.de/apache|blocklist.de/mail|ziyadnz/hourly-ipv4,blocklist.de|brute-force|apache|rfi|ddos|spam|mail|ziyadnz|hourly,2026-08-17T18:48:05Z,2026-08-17T18:48:05Z,
108.62.58.71,ipv4,attack,high,WHITE,blocklist.de/all|blocklist.de/apache|blocklist.de/mail|ziyadnz/hourly-ipv4,blocklist.de|brute-force|apache|rfi|ddos|spam|mail|ziyadnz|hourly,2026-08-17T18:48:05Z,2026-08-17T18:48:05Z,
108.62.58.72,ipv4,attack,high,WHITE,blocklist.de/all|blocklist.de/apache|blocklist.de/mail|ziyadnz/hourly-ipv4,blocklist.de|brute-force|apache|rfi|ddos|spam|mail|ziyadnz|hourly,2026-08-17T18:48:05Z,2026-08-17T18:48:05Z,
108.62.58.73,ipv4,attack,high,WHITE,blocklist.de/all|blocklist.de/apache|blocklist.de/mail|ziyadnz/hourly-ipv4,blocklist.de|brute-force|apache|rfi|ddos|spam|mail|ziyadnz|hourly,2026-08-17T18:48:05Z,2026-08-17T18:48:05Z,
108.62.58.74,ipv4,attack,high,WHITE,blocklist.de/all|blocklist.de/apache|blocklist.de/mail|ziyadnz/hourly-ipv4,blocklist.de|brute-force|apache|rfi|ddos|spam|mail|ziyadnz|hourly,2026-08-17T18:48:05Z,2026-08-17T18:48:05Z,
108.62.58.75,ipv4,attack,high,WHITE,blocklist.de/all|blocklist.de/apache|blocklist.de/mail|ziyadnz/hourly-ipv4,blocklist.de|brute-force|apache|rfi|ddos|spam|mail|ziyadnz|hourly,2026-08-17T18:48:05Z,2026-08-17T18:48:05Z,
108.62.58.76,ipv4,attack,high,WHITE,blocklist.de/all|blocklist.de/apache|blocklist.de/mail|ziyadnz/hourly-ipv4,blocklist.de|brute-force|apache|rfi|ddos|spam|mail|ziyadnz|hourly,2026-08-17T18:48:05Z,2026-08-17T18:48:05Z,
108.62.58.77,ipv4,attack,high,WHITE,blocklist.de/all|blocklist.de/apache|blocklist.de/mail|ziyadnz/hourly-ipv4,blocklist.de|brute-force|apache|rfi|ddos|spam|mail|ziyadnz|hourly,2026-08-17T18:48:05Z,2026-08-17T18:48:05Z,
108.62.58.78,ipv4,attack,high,WHITE,blocklist.de/all|blocklist.de/apache|blocklist.de/mail|ziyadnz/hourly-ipv4,blocklist.de|brute-force|apache|rfi|ddos|spam|mail|ziyadnz|hourly,2026-08-17T18:48:05Z,2026-08-17T18:48:05Z,
108.62.58.79,ipv4,attack,high,WHITE,blocklist.de/all|blocklist.de/apache|blocklist.de/mail|ziyadnz/hourly-ipv4,blocklist.de|brute-force|apache|rfi|ddos|spam|mail|ziyadnz|hourly,2026-08-17T18:48:05Z,2026-08-17T18:48:05Z,
108.62.58.80,ipv4,attack,high,WHITE,blocklist.de/all|blocklist.de/apache|blocklist.de/mail|ziyadnz/hourly-ipv4,blocklist.de|brute-force|apache|rfi|ddos|spam|mail|ziyadnz|hourly,2026-08-17T18:48:05Z,2026-08-17T18:48:05Z,
108.62.58.81,ipv4,attack,high,WHITE,blocklist.de/all|blocklist.de/apache|blocklist.de/mail|ziyadnz/hourly-ipv4,blocklist.de|brute-force|apache|rfi|ddos|spam|mail|ziyadnz|hourly,2026-08-17T18:48:05Z,2026-08-17T18:48:05Z,
108.62.58.82,ipv4,attack,high,WHITE,blocklist.de/all|blocklist.de/apache|blocklist.de/mail|ziyadnz/hourly-ipv4,blocklist.de|brute-force|apache|rfi|ddos|spam|mail|ziyadnz|hourly,2026-08-17T18:48:05Z,2026-08-17T18:48:05Z,
108.62.58.83,ipv4,attack,high,WHITE,blocklist.de/all|blocklist.de/apache|blocklist.de/mail|ziyadnz/hourly-ipv4,blocklist.de|brute-force|apache|rfi|ddos|spam|mail|ziyadnz|hourly,2026-08-17T18:48:05Z,2026-08-17T18:48:05Z,
108.62.58.84,ipv4,attack,high,WHITE,blocklist.de/all|blocklist.de/apache|blocklist.de/mail|ziyadnz/hourly-ipv4,blocklist.de|brute-force|apache|rfi|ddos|spam|mail|ziyadnz|hourly,2026-08-17T18:48:05Z,2026-08-17T18:48:05Z,
108.62.58.85,ipv4,attack,high,WHITE,blocklist.de/all|blocklist.de/apache|blocklist.de/mail|ziyadnz/hourly-ipv4,blocklist.de|brute-force|apache|rfi|ddos|spam|mail|ziyadnz|hourly,2026-08-17T18:48:05Z,2026-08-17T18:48:05Z,
108.62.58.86,ipv4,attack,high,WHITE,blocklist.de/all|blocklist.de/apache|blocklist.de/mail|ziyadnz/hourly-ipv4,blocklist.de|brute-force|apache|rfi|ddos|spam|mail|ziyadnz|hourly,2026-08-17T18:48:05Z,2026-08-17T18:48:05Z,
108.62.58.87,ipv4,attack,high,WHITE,blocklist.de/all|blocklist.de/apache|blocklist.de/mail|ziyadnz/hourly-ipv4,blocklist.de|brute-force|apache|rfi|ddos|spam|mail|ziyadnz|hourly,2026-08-17T18:48:05Z,2026-08-17T18:48:05Z,
108.62.58.88,ipv4,attack,high,WHITE,blocklist.de/all|blocklist.de/apache|blocklist.de/mail|ziyadnz/hourly-ipv4,blocklist.de|brute-force|apache|rfi|ddos|spam|mail|ziyadnz|hourly,2026-08-17T18:48:05Z,2026-08-17T18:48:05Z,
108.62.58.89,ipv4,attack,high,WHITE,blocklist.de/all|blocklist.de/apache|blocklist.de/mail|ziyadnz/hourly-ipv4,blocklist.de|brute-force|apache|rfi|ddos|spam|mail|ziyadnz|hourly,2026-08-17T18:48:05Z,2026-08-17T18:48:05Z,
108.62.58.90,ipv4,attack,high,WHITE,blocklist.de/all|blocklist.de/apache|blocklist.de/mail|ziyadnz/hourly-ipv4,blocklist.de|brute-force|apache|rfi|ddos|spam|mail|ziyadnz|hourly,2026-08-17T18:48:05Z,2026-08-17T18:48:05Z,
108.62.58.91,ipv4,attack,high,WHITE,blocklist.de/all|blocklist.de/apache|blocklist.de/mail|ziyadnz/hourly-ipv4,blocklist.de|brute-force|apache|rfi|ddos|spam|mail|ziyadnz|hourly,2026-08-17T18:48:05Z,2026-08-17T18:48:05Z,
108.62.58.92,ipv4,attack,high,WHITE,blocklist.de/all|blocklist.de/apache|blocklist.de/mail|ziyadnz/hourly-ipv4,blocklist.de|brute-force|apache|rfi|ddos|spam|mail|ziyadnz|hourly,2026-08-17T18:48:05Z,2026-08-17T18:48:05Z,
108.62.58.93,ipv4,attack,high,WHITE,blocklist.de/all|blocklist.de/apache|blocklist.de/mail|ziyadnz/hourly-ipv4,blocklist.de|brute-force|apache|rfi|ddos|spam|mail|ziyadnz|hourly,2026-08-17T18:48:05Z,2026-08-17T18:48:05Z,
108.62.58.94,ipv4,attack,high,WHITE,blocklist.de/all|blocklist.de/apache|blocklist.de/mail|ziyadnz/hourly-ipv4,blocklist.de|brute-force|apache|rfi|ddos|spam|mail|ziyadnz|hourly,2026-08-17T18:48:05Z,2026-08-17T18:48:05Z,
108.62.58.95,ipv4,attack,high,WHITE,blocklist.de/all|blocklist.de/apache|blocklist.de/mail|ziyadnz/hourly-ipv4,blocklist.de|brute-force|apache|rfi|ddos|spam|mail|ziyadnz|hourly,2026-08-17T18:48:05Z,2026-08-17T18:48:05Z,
108.62.58.96,ipv4,attack,high,WHITE,blocklist.de/all|blocklist.de/apache|blocklist.de/mail|ziyadnz/hourly-ipv4,blocklist.de|brute-force|apache|rfi|ddos|spam|mail|ziyadnz|hourly,2026-08-17T18:48:05Z,2026-08-17T18:48:05Z,
108.62.58.97,ipv4,attack,high,WHITE,blocklist.de/all|blocklist.de/apache|blocklist.de/mail|ziyadnz/hourly-ipv4,blocklist.de|brute-force|apache|rfi|ddos|spam|mail|ziyadnz|hourly,2026-08-17T18:48:05Z,2026-08-17T18:48:05Z,
108.62.58.98,ipv4,attack,high,WHITE,blocklist.de/all|blocklist.de/apache|blocklist.de/mail|ziyadnz/hourly-ipv4,blocklist.de|brute-force|apache|rfi|ddos|spam|mail|ziyadnz|hourly,2026-08-17T18:48:05Z,2026-08-17T18:48:05Z,
108.62.58.99,ipv4,attack,high,WHITE,blocklist.de/all|blocklist.de/apache|blocklist.de/mail|ziyadnz/hourly-ipv4,blocklist.de|brute-force|apache|rfi|ddos|spam|mail|ziyadnz|hourly,2026-08-17T18:48:05Z,2026-08-17T18:48:05Z,
108.62.58.100,ipv4,attack,high,WHITE,blocklist.de/all|blocklist.de/apache|blocklist.de/mail|ziyadnz/hourly-ipv4,blocklist.de|brute-force|apache|rfi|ddos|spam|mail|ziyadnz|hourly,2026-08-17T18:48:05Z,2026-08-17T18:48:05Z,
108.62.58.101,ipv4,attack,high,WHITE,blocklist.de/all|blocklist.de/apache|blocklist.de/mail|ziyadnz/hourly-ipv4,blocklist.de|brute-force|apache|rfi|ddos|spam|mail|ziyadnz|hourly,2026-08-17T18:48:05Z,2026-08-17T18:48:05Z,
108.62.58.102,ipv4,attack,high,WHITE,blocklist.de/all|blocklist.de/apache|blocklist.de/mail|ziyadnz/hourly-ipv4,blocklist.de|brute-force|apache|rfi|ddos|spam|mail|ziyadnz|hourly,2026-08-17T18:48:05Z,2026-08-17T18:48:05Z,
108.62.58.103,ipv4,attack,high,WHITE,blocklist.de/all|blocklist.de/apache|blocklist.de/mail|ziyadnz/hourly-ipv4,blocklist.de|brute-force|apache|rfi|ddos|spam|mail|ziyadnz|hourly,2026-08-17T18:48:05Z,2026-08-17T18:48:05Z,
108.62.58.104,ipv4,attack,high,WHITE,blocklist.de/all|blocklist.de/apache|blocklist.de/mail|ziyadnz/hourly-ipv4,blocklist.de|brute-force|apache|rfi|ddos|spam|mail|ziyadnz|hourly,2026-08-17T18:48:05Z,2026-08-17T18:48:05Z,
108.62.58.105,ipv4,attack,high,WHITE,blocklist.de/all|blocklist.de/apache|blocklist.de/mail|ziyadnz/hourly-ipv4,blocklist.de|brute-force|apache|rfi|ddos|spam|mail|ziyadnz|hourly,2026-08-17T18:48:05Z,2026-08-17T18:48:05Z,
108.62.58.106,ipv4,attack,high,WHITE,blocklist.de/all|blocklist.de/apache|blocklist.de/mail|ziyadnz/hourly-ipv4,blocklist.de|brute-force|apache|rfi|ddos|spam|mail|ziyadnz|hourly,2026-08-17T18:48:05Z,2026-08-17T18:48:05Z,
108.62.58.107,ipv4,attack,high,WHITE,blocklist.de/all|blocklist.de/apache|blocklist.de/mail|ziyadnz/hourly-ipv4,blocklist.de|brute-force|apache|rfi|ddos|spam|mail|ziyadnz|hourly,2026-08-17T18:48:05Z,2026-08-17T18:48:05Z,
108.62.58.108,ipv4,attack,high,WHITE,blocklist.de/all|blocklist.de/apache|blocklist.de/mail|ziyadnz/hourly-ipv4,blocklist.de|brute-force|apache|rfi|ddos|spam|mail|ziyadnz|hourly,2026-08-17T18:48:05Z,2026-08-17T18:48:05Z,
108.62.58.109,ipv4,attack,high,WHITE,blocklist.de/all|blocklist.de/apache|blocklist.de/mail|ziyadnz/hourly-ipv4,blocklist.de|brute-force|apache|rfi|ddos|spam|mail|ziyadnz|hourly,2026-08-17T18:48:05Z,2026-08-17T18:48:05Z,
108.62.58.110,ipv4,attack,high,WHITE,blocklist.de/all|blocklist.de/apache|blocklist.de/mail|ziyadnz/hourly-ipv4,blocklist.de|brute-force|apache|rfi|ddos|spam|mail|ziyadnz|hourly,2026-08-17T18:48:05Z,2026-08-17T18:48:05Z,
108.62.58.111,ipv4,attack,high,WHITE,blocklist.de/all|blocklist.de/apache|blocklist.de/mail|ziyadnz/hourly-ipv4,blocklist.de|brute-force|apache|rfi|ddos|spam|mail|ziyadnz|hourly,2026-08-17T18:48:05Z,2026-08-17T18:48:05Z,
108.62.58.112,ipv4,attack,high,WHITE,blocklist.de/all|blocklist.de/apache|blocklist.de/mail|ziyadnz/hourly-ipv4,blocklist.de|brute-force|apache|rfi|ddos|spam|mail|ziyadnz|hourly,2026-08-17T18:48:05Z,2026-08-17T18:48:05Z,
108.62.58.113,ipv4,attack,high,WHITE,blocklist.de/all|blocklist.de/apache|blocklist.de/mail|ziyadnz/hourly-ipv4,blocklist.de|brute-force|apache|rfi|ddos|spam|mail|ziyadnz|hourly,2026-08-17T18:48:05Z,2026-08-17T18:48:05Z,
108.62.58.114,ipv4,attack,high,WHITE,blocklist.de/all|blocklist.de/apache|blocklist.de/mail|ziyadnz/hourly-ipv4,blocklist.de|brute-force|apache|rfi|ddos|spam|mail|ziyadnz|hourly,2026-08-17T18:48:05Z,2026-08-17T18:48:05Z,
108.62.58.115,ipv4,attack,high,WHITE,blocklist.de/all|blocklist.de/apache|blocklist.de/mail|ziyadnz/hourly-ipv4,blocklist.de|brute-force|apache|rfi|ddos|spam|mail|ziyadnz|hourly,2026-08-17T18:48:05Z,2026-08-17T18:48:05Z,
108.62.58.116,ipv4,attack,high,WHITE,blocklist.de/all|blocklist.de/apache|blocklist.de/mail|ziyadnz/hourly-ipv4,blocklist.de|brute-force|apache|rfi|ddos|spam|mail|ziyadnz|hourly,2026-08-17T18:48:05Z,2026-08-17T18:48:05Z,
108.62.58.117,ipv4,attack,high,WHITE,blocklist.de/all|blocklist.de/apache|blocklist.de/mail|ziyadnz/hourly-ipv4,blocklist.de|brute-force|apache|rfi|ddos|spam|mail|ziyadnz|hourly,2026-08-17T18:48:05Z,2026-08-17T18:48:05Z,
108.62.58.118,ipv4,attack,high,WHITE,blocklist.de/all|blocklist.de/apache|blocklist.de/mail|ziyadnz/hourly-ipv4,blocklist.de|brute-force|apache|rfi|ddos|spam|mail|ziyadnz|hourly,2026-08-17T18:48:05Z,2026-08-17T18:48:05Z,
108.62.58.119,ipv4,attack,high,WHITE,blocklist.de/all|blocklist.de/apache|blocklist.de/mail|ziyadnz/hourly-ipv4,blocklist.de|brute-force|apache|rfi|ddos|spam|mail|ziyadnz|hourly,2026-08-17T18:48:05Z,2026-08-17T18:48:05Z,
108.62.58.120,ipv4,attack,high,WHITE,blocklist.de/all|blocklist.de/apache|blocklist.de/mail|ziyadnz/hourly-ipv4,blocklist.de|brute-force|apache|rfi|ddos|spam|mail|ziyadnz|hourly,2026-08-17T18:48:05Z,2026-08-17T18:48:05Z,
108.62.58.121,ipv4,attack,high,WHITE,blocklist.de/all|blocklist.de/apache|blocklist.de/mail|ziyadnz/hourly-ipv4,blocklist.de|brute-force|apache|rfi|ddos|spam|mail|ziyadnz|hourly,2026-08-17T18:48:05Z,2026-08-17T18:48:05Z,
108.62.58.122,ipv4,attack,high,WHITE,blocklist.de/all|blocklist.de/apache|blocklist.de/mail|ziyadnz/hourly-ipv4,blocklist.de|brute-force|apache|rfi|ddos|spam|mail|ziyadnz|hourly,2026-08-17T18:48:05Z,2026-08-17T18:48:05Z,
108.62.58.123,ipv4,attack,high,WHITE,blocklist.de/all|blocklist.de/apache|blocklist.de/mail|ziyadnz/hourly-ipv4,blocklist.de|brute-force|apache|rfi|ddos|spam|mail|ziyadnz|hourly,2026-08-17T18:48:05Z,2026-08-17T18:48:05Z,
108.62.58.124,ipv4,attack,high,WHITE,blocklist.de/all|blocklist.de/apache|blocklist.de/mail|ziyadnz/hourly-ipv4,blocklist.de|brute-force|apache|rfi|ddos|spam|mail|ziyadnz|hourly,2026-08-17T18:48:05Z,2026-08-17T18:48:05Z,
108.62.58.125,ipv4,attack,high,WHITE,blocklist.de/all|blocklist.de/apache|blocklist.de/mail|ziyadnz/hourly-ipv4,blocklist.de|brute-force|apache|rfi|ddos|spam|mail|ziyadnz|hourly,2026-08-17T18:48:05Z,2026-08-17T18:48:05Z,
108.62.58.126,ipv4,attack,high,WHITE,blocklist.de/all|blocklist.de/apache|blocklist.de/mail|ziyadnz/hourly-ipv4,blocklist.de|brute-force|apache|rfi|ddos|spam|mail|ziyadnz|hourly,2026-08-17T18:48:05Z,2026-08-17T18:48:05Z,
108.62.58.127,ipv4,attack,high,WHITE,blocklist.de/all|blocklist.de/apache|blocklist.de/mail|ziyadnz/hourly-ipv4,blocklist.de|brute-force|apache|rfi|ddos|spam|mail|ziyadnz|hourly,2026-08-17T18:48:05Z,2026-08-17T18:48:05Z,
108.62.58.128,ipv4,attack,high,WHITE,blocklist.de/all|blocklist.de/apache|blocklist.de/mail|ziyadnz/hourly-ipv4,blocklist.de|brute-force|apache|rfi|ddos|spam|mail|ziyadnz|hourly,2026-08-17T18:48:05Z,2026-08-17T18:48:05Z,
108.62.58.129,ipv4,attack,high,WHITE,blocklist.de/all|blocklist.de/apache|blocklist.de/mail|ziyadnz/hourly-ipv4,blocklist.de|brute-force|apache|rfi|ddos|spam|mail|ziyadnz|hourly,2026-08-17T18:48:05Z,2026-08-17T18:48:05Z,
108.62.58.130,ipv4,attack,high,WHITE,blocklist.de/all|blocklist.de/apache|blocklist.de/mail|ziyadnz/hourly-ipv4,blocklist.de|brute-force|apache|rfi|ddos|spam|mail|ziyadnz|hourly,2026-08-17T18:48:05Z,2026-08-17T18:48:05Z,
108.62.58.131,ipv4,attack,high,WHITE,blocklist.de/all|blocklist.de/apache|blocklist.de/mail|ziyadnz/hourly-ipv4,blocklist.de|brute-force|apache|rfi|ddos|spam|mail|ziyadnz|hourly,2026-08-17T18:48:05Z,2026-08-17T18:48:05Z,
108.62.58.132,ipv4,attack,high,WHITE,blocklist.de/all|blocklist.de/apache|blocklist.de/mail|ziyadnz/hourly-ipv4,blocklist.de|brute-force|apache|rfi|ddos|spam|mail|ziyadnz|hourly,2026-08-17T18:48:05Z,2026-08-17T18:48:05Z,
108.62.58.133,ipv4,attack,high,WHITE,blocklist.de/all|blocklist.de/apache|blocklist.de/mail|ziyadnz/hourly-ipv4,blocklist.de|brute-force|apache|rfi|ddos|spam|mail|ziyadnz|hourly,2026-08-17T18:48:05Z,2026-08-17T18:48:05Z,
108.62.58.134,ipv4,attack,high,WHITE,blocklist.de/all|blocklist.de/apache|blocklist.de/mail|ziyadnz/hourly-ipv4,blocklist.de|brute-force|apache|rfi|ddos|spam|mail|ziyadnz|hourly,2026-08-17T18:48:05Z,2026-08-17T18:48:05Z,
108.62.58.135,ipv4,attack,high,WHITE,blocklist.de/all|blocklist.de/apache|blocklist.de/mail|ziyadnz/hourly-ipv4,blocklist.de|brute-force|apache|rfi|ddos|spam|mail|ziyadnz|hourly,2026-08-17T18:48:05Z,2026-08-17T18:48:05Z,
108.62.58.136,ipv4,attack,high,WHITE,blocklist.de/all|blocklist.de/apache|blocklist.de/mail|ziyadnz/hourly-ipv4,blocklist.de|brute-force|apache|rfi|ddos|spam|mail|ziyadnz|hourly,2026-08-17T18:48:05Z,2026-08-17T18:48:05Z,
108.62.58.137,ipv4,attack,high,WHITE,blocklist.de/all|blocklist.de/apache|blocklist.de/mail|ziyadnz/hourly-ipv4,blocklist.de|brute-force|apache|rfi|ddos|spam|mail|ziyadnz|hourly,2026-08-17T18:48:05Z,2026-08-17T18:48:05Z,
108.62.58.138,ipv4,attack,high,WHITE,blocklist.de/all|blocklist.de/apache|blocklist.de/mail|ziyadnz/hourly-ipv4,blocklist.de|brute-force|apache|rfi|ddos|spam|mail|ziyadnz|hourly,2026-08-17T18:48:05Z,2026-08-17T18:48:05Z,
108.62.58.139,ipv4,attack,high,WHITE,blocklist.de/all|blocklist.de/apache|blocklist.de/mail|ziyadnz/hourly-ipv4,blocklist.de|brute-force|apache|rfi|ddos|spam|mail|ziyadnz|hourly,2026-08-17T18:48:05Z,2026-08-17T18:48:05Z,
108.62.58.140,ipv4,attack,high,WHITE,blocklist.de/all|blocklist.de/apache|blocklist.de/mail|ziyadnz/hourly-ipv4,blocklist.de|brute-force|apache|rfi|ddos|spam|mail|ziyadnz|hourly,2026-08-17T18:48:05Z,2026-08-17T18:48:05Z,
108.62.58.141,ipv4,attack,high,WHITE,blocklist.de/all|blocklist.de/apache|blocklist.de/mail|ziyadnz/hourly-ipv4,blocklist.de|brute-force|apache|rfi|ddos|spam|mail|ziyadnz|hourly,2026-08-17T18:48:05Z,2026-08-17T18:48:05Z,
108.62.58.142,ipv4,attack,high,WHITE,blocklist.de/all|blocklist.de/apache|blocklist.de/mail|ziyadnz/hourly-ipv4,blocklist.de|brute-force|apache|rfi|ddos|spam|mail|ziyadnz|hourly,2026-08-17T18:48:05Z,2026-08-17T18:48:05Z,
108.62.58.143,ipv4,attack,high,WHITE,blocklist.de/all|blocklist.de/apache|blocklist.de/mail|ziyadnz/hourly-ipv4,blocklist.de|brute-force|apache|rfi|ddos|spam|mail|ziyadnz|hourly,2026-08-17T18:48:05Z,2026-08-17T18:48:05Z,
108.62.58.144,ipv4,attack,high,WHITE,blocklist.de/all|blocklist.de/apache|blocklist.de/mail|ziyadnz/hourly-ipv4,blocklist.de|brute-force|apache|rfi|ddos|spam|mail|ziyadnz|hourly,2026-08-17T18:48:05Z,2026-08-17T18:48:05Z,
108.62.58.145,ipv4,attack,high,WHITE,blocklist.de/all|blocklist.de/apache|blocklist.de/mail|ziyadnz/hourly-ipv4,blocklist.de|brute-force|apache|rfi|ddos|spam|mail|ziyadnz|hourly,2026-08-17T18:48:05Z,2026-08-17T18:48:05Z,
108.62.58.146,ipv4,attack,high,WHITE,blocklist.de/all|blocklist.de/apache|blocklist.de/mail|ziyadnz/hourly-ipv4,blocklist.de|brute-force|apache|rfi|ddos|spam|mail|ziyadnz|hourly,2026-08-17T18:48:05Z,2026-08-17T18:48:05Z,
108.62.58.147,ipv4,attack,high,WHITE,blocklist.de/all|blocklist.de/apache|blocklist.de/mail|ziyadnz/hourly-ipv4,blocklist.de|brute-force|apache|rfi|ddos|spam|mail|ziyadnz|hourly,2026-08-17T18:48:05Z,2026-08-17T18:48:05Z,
108.62.58.148,ipv4,attack,high,WHITE,blocklist.de/all|blocklist.de/apache|blocklist.de/mail|ziyadnz/hourly-ipv4,blocklist.de|brute-force|apache|rfi|ddos|spam|mail|ziyadnz|hourly,2026-08-17T18:48:05Z,2026-08-17T18:48:05Z,
108.62.58.149,ipv4,attack,high,WHITE,blocklist.de/all|blocklist.de/apache|blocklist.de/mail|ziyadnz/hourly-ipv4,blocklist.de|brute-force|apache|rfi|ddos|spam|mail|ziyadnz|hourly,2026-08-17T18:48:05Z,2026-08-17T18:48:05Z,
108.62.58.150,ipv4,attack,high,WHITE,blocklist.de/all|blocklist.de/apache|blocklist.de/mail|ziyadnz/hourly-ipv4,blocklist.de|brute-force|apache|rfi|ddos|spam|mail|ziyadnz|hourly,2026-08-17T18:48:05Z,2026-08-17T18:48:05Z,
108.62.58.151,ipv4,attack,high,WHITE,blocklist.de/all|blocklist.de/apache|blocklist.de/mail|ziyadnz/hourly-ipv4,blocklist.de|brute-force|apache|rfi|ddos|spam|mail|ziyadnz|hourly,2026-08-17T18:48:05Z,2026-08-17T18:48:05Z,
108.62.58.152,ipv4,attack,high,WHITE,blocklist.de/all|blocklist.de/apache|blocklist.de/mail|ziyadnz/hourly-ipv4,blocklist.de|brute-force|apache|rfi|ddos|spam|mail|ziyadnz|hourly,2026-08-17T18:48:05Z,2026-08-17T18:48:05Z,
108.62.58.153,ipv4,attack,high,WHITE,blocklist.de/all|blocklist.de/apache|blocklist.de/mail|ziyadnz/hourly-ipv4,blocklist.de|brute-force|apache|rfi|ddos|spam|mail|ziyadnz|hourly,2026-08-17T18:48:05Z,2026-08-17T18:48:05Z,
108.62.58.154,ipv4,attack,high,WHITE,blocklist.de/all|blocklist.de/apache|blocklist.de/mail|ziyadnz/hourly-ipv4,blocklist.de|brute-force|apache|rfi|ddos|spam|mail|ziyadnz|hourly,2026-08-17T18:48:05Z,2026-08-17T18:48:05Z,
108.62.58.155,ipv4,attack,high,WHITE,blocklist.de/all|blocklist.de/apache|blocklist.de/mail|ziyadnz/hourly-ipv4,blocklist.de|brute-force|apache|rfi|ddos|spam|mail|ziyadnz|hourly,2026-08-17T18:48:05Z,2026-08-17T18:48:05Z,
108.62.58.156,ipv4,attack,high,WHITE,blocklist.de/all|blocklist.de/apache|blocklist.de/mail|ziyadnz/hourly-ipv4,blocklist.de|brute-force|apache|rfi|ddos|spam|mail|ziyadnz|hourly,2026-08-17T18:48:05Z,2026-08-17T18:48:05Z,
108.62.58.157,ipv4,attack,high,WHITE,blocklist.de/all|blocklist.de/apache|blocklist.de/mail|ziyadnz/hourly-ipv4,blocklist.de|brute-force|apache|rfi|ddos|spam|mail|ziyadnz|hourly,2026-08-17T18:48:05Z,2026-08-17T18:48:05Z,
108.62.58.158,ipv4,attack,high,WHITE,blocklist.de/all|blocklist.de/apache|blocklist.de/mail|ziyadnz/hourly-ipv4,blocklist.de|brute-force|apache|rfi|ddos|spam|mail|ziyadnz|hourly,2026-08-17T18:48:05Z,2026-08-17T18:48:05Z,
108.62.58.159,ipv4,attack,high,WHITE,blocklist.de/all|blocklist.de/apache|blocklist.de/mail|ziyadnz/hourly-ipv4,blocklist.de|brute-force|apache|rfi|ddos|spam|mail|ziyadnz|hourly,2026-08-17T18:48:05Z,2026-08-17T18:48:05Z,
108.62.58.160,ipv4,attack,high,WHITE,blocklist.de/all|blocklist.de/apache|blocklist.de/mail|ziyadnz/hourly-ipv4,blocklist.de|brute-force|apache|rfi|ddos|spam|mail|ziyadnz|hourly,2026-08-17T18:48:05Z,2026-08-17T18:48:05Z,
108.62.58.161,ipv4,attack,high,WHITE,blocklist.de/all|blocklist.de/apache|blocklist.de/mail|ziyadnz/hourly-ipv4,blocklist.de|brute-force|apache|rfi|ddos|spam|mail|ziyadnz|hourly,2026-08-17T18:48:05Z,2026-08-17T18:48:05Z,
108.62.58.162,ipv4,attack,high,WHITE,blocklist.de/all|blocklist.de/apache|blocklist.de/mail|ziyadnz/hourly-ipv4,blocklist.de|brute-force|apache|rfi|ddos|spam|mail|ziyadnz|hourly,2026-08-17T18:48:05Z,2026-08-17T18:48:05Z,
108.62.58.163,ipv4,attack,high,WHITE,blocklist.de/all|blocklist.de/apache|blocklist.de/mail|ziyadnz/hourly-ipv4,blocklist.de|brute-force|apache|rfi|ddos|spam|mail|ziyadnz|hourly,2026-08-17T18:48:05Z,2026-08-17T18:48:05Z,
108.62.58.164,ipv4,attack,high,WHITE,blocklist.de/all|blocklist.de/apache|blocklist.de/mail|ziyadnz/hourly-ipv4,blocklist.de|brute-force|apache|rfi|ddos|spam|mail|ziyadnz|hourly,2026-08-17T18:48:05Z,2026-08-17T18:48:05Z,
108.62.58.165,ipv4,attack,high,WHITE,blocklist.de/all|blocklist.de/apache|blocklist.de/mail|ziyadnz/hourly-ipv4,blocklist.de|brute-force|apache|rfi|ddos|spam|mail|ziyadnz|hourly,2026-08-17T18:48:05Z,2026-08-17T18:48:05Z,
108.62.58.166,ipv4,attack,high,WHITE,blocklist.de/all|blocklist.de/apache|blocklist.de/mail|ziyadnz/hourly-ipv4,blocklist.de|brute-force|apache|rfi|ddos|spam|mail|ziyadnz|hourly,2026-08-17T18:48:05Z,2026-08-17T18:48:05Z,
108.62.58.167,ipv4,attack,high,WHITE,blocklist.de/all|blocklist.de/apache|blocklist.de/mail|ziyadnz/hourly-ipv4,blocklist.de|brute-force|apache|rfi|ddos|spam|mail|ziyadnz|hourly,2026-08-17T18:48:05Z,2026-08-17T18:48:05Z,
108.62.58.168,ipv4,attack,high,WHITE,blocklist.de/all|blocklist.de/apache|blocklist.de/mail|ziyadnz/hourly-ipv4,blocklist.de|brute-force|apache|rfi|ddos|spam|mail|ziyadnz|hourly,2026-08-17T18:48:05Z,2026-08-17T18:48:05Z,
108.62.58.169,ipv4,attack,high,WHITE,blocklist.de/all|blocklist.de/apache|blocklist.de/mail|ziyadnz/hourly-ipv4,blocklist.de|brute-force|apache|rfi|ddos|spam|mail|ziyadnz|hourly,2026-08-17T18:48:05Z,2026-08-17T18:48:05Z,
108.62.58.170,ipv4,attack,high,WHITE,blocklist.de/all|blocklist.de/apache|blocklist.de/mail|ziyadnz/hourly-ipv4,blocklist.de|brute-force|apache|rfi|ddos|spam|mail|ziyadnz|hourly,2026-08-17T18:48:05Z,2026-08-17T18:48:05Z,
108.62.58.171,ipv4,attack,high,WHITE,blocklist.de/all|blocklist.de/apache|blocklist.de/mail|ziyadnz/hourly-ipv4,blocklist.de|brute-force|apache|rfi|ddos|spam|mail|ziyadnz|hourly,2026-08-17T18:48:05Z,2026-08-17T18:48:05Z,
108.62.58.172,ipv4,attack,high,WHITE,blocklist.de/all|blocklist.de/apache|blocklist.de/mail|ziyadnz/hourly-ipv4,blocklist.de|brute-force|apache|rfi|ddos|spam|mail|ziyadnz|hourly,2026-08-17T18:48:05Z,2026-08-17T18:48:05Z,
108.62.58.173,ipv4,attack,high,WHITE,blocklist.de/all|blocklist.de/apache|blocklist.de/mail|ziyadnz/hourly-ipv4,blocklist.de|brute-force|apache|rfi|ddos|spam|mail|ziyadnz|hourly,2026-08-17T18:48:05Z,2026-08-17T18:48:05Z,
108.62.58.174,ipv4,attack,high,WHITE,blocklist.de/all|blocklist.de/apache|blocklist.de/mail|ziyadnz/hourly-ipv4,blocklist.de|brute-force|apache|rfi|ddos|spam|mail|ziyadnz|hourly,2026-08-17T18:48:05Z,2026-08-17T18:48:05Z,
108.62.58.175,ipv4,attack,high,WHITE,blocklist.de/all|blocklist.de/apache|blocklist.de/mail|ziyadnz/hourly-ipv4,blocklist.de|brute-force|apache|rfi|ddos|spam|mail|ziyadnz|hourly,2026-08-17T18:48:05Z,2026-08-17T18:48:05Z,
108.62.58.176,ipv4,attack,high,WHITE,blocklist.de/all|blocklist.de/apache|blocklist.de/mail|ziyadnz/hourly-ipv4,blocklist.de|brute-force|apache|rfi|ddos|spam|mail|ziyadnz|hourly,2026-08-17T18:48:05Z,2026-08-17T18:48:05Z,
108.62.58.177,ipv4,attack,high,WHITE,blocklist.de/all|blocklist.de/apache|blocklist.de/mail|ziyadnz/hourly-ipv4,blocklist.de|brute-force|apache|rfi|ddos|spam|mail|ziyadnz|hourly,2026-08-17T18:48:05Z,2026-08-17T18:48:05Z,
108.62.58.178,ipv4,attack,high,WHITE,blocklist.de/all|blocklist.de/apache|blocklist.de/mail|ziyadnz/hourly-ipv4,blocklist.de|brute-force|apache|rfi|ddos|spam|mail|ziyadnz|hourly,2026-08-17T18:48:05Z,2026-08-17T18:48:05Z,
108.62.58.179,ipv4,attack,high,WHITE,blocklist.de/all|blocklist.de/apache|blocklist.de/mail|ziyadnz/hourly-ipv4,blocklist.de|brute-force|apache|rfi|ddos|spam|mail|ziyadnz|hourly,2026-08-17T18:48:05Z,2026-08-17T18:48:05Z,
108.62.58.180,ipv4,attack,high,WHITE,blocklist.de/all|blocklist.de/apache|blocklist.de/mail|ziyadnz/hourly-ipv4,blocklist.de|brute-force|apache|rfi|ddos|spam|mail|ziyadnz|hourly,2026-08-17T18:48:05Z,2026-08-17T18:48:05Z,
108.62.58.181,ipv4,attack,high,WHITE,blocklist.de/all|blocklist.de/apache|blocklist.de/mail|ziyadnz/hourly-ipv4,blocklist.de|brute-force|apache|rfi|ddos|spam|mail|ziyadnz|hourly,2026-08-17T18:48:05Z,2026-08-17T18:48:05Z,
108.62.58.182,ipv4,attack,high,WHITE,blocklist.de/all|blocklist.de/apache|blocklist.de/mail|ziyadnz/hourly-ipv4,blocklist.de|brute-force|apache|rfi|ddos|spam|mail|ziyadnz|hourly,2026-08-17T18:48:05Z,2026-08-17T18:48:05Z,
108.62.58.183,ipv4,attack,high,WHITE,blocklist.de/all|blocklist.de/apache|blocklist.de/mail|ziyadnz/hourly-ipv4,blocklist.de|brute-force|apache|rfi|ddos|spam|mail|ziyadnz|hourly,2026-08-17T18:48:05Z,2026-08-17T18:48:05Z,
108.62.58.184,ipv4,attack,high,WHITE,blocklist.de/all|blocklist.de/apache|blocklist.de/mail|ziyadnz/hourly-ipv4,blocklist.de|brute-force|apache|rfi|ddos|spam|mail|ziyadnz|hourly,2026-08-17T18:48:05Z,2026-08-17T18:48:05Z,
108.62.58.185,ipv4,attack,high,WHITE,blocklist.de/all|blocklist.de/apache|blocklist.de/mail|ziyadnz/hourly-ipv4,blocklist.de|brute-force|apache|rfi|ddos|spam|mail|ziyadnz|hourly,2026-08-17T18:48:05Z,2026-08-17T18:48:05Z,
108.62.58.186,ipv4,attack,high,WHITE,blocklist.de/all|blocklist.de/apache|blocklist.de/mail|ziyadnz/hourly-ipv4,blocklist.de|brute-force|apache|rfi|ddos|spam|mail|ziyadnz|hourly,2026-08-17T18:48:05Z,2026-08-17T18:48:05Z,
108.62.58.187,ipv4,attack,high,WHITE,blocklist.de/all|blocklist.de/apache|blocklist.de/mail|ziyadnz/hourly-ipv4,blocklist.de|brute-force|apache|rfi|ddos|spam|mail|ziyadnz|hourly,2026-08-17T18:48:05Z,2026-08-17T18:48:05Z,
108.62.58.188,ipv4,attack,high,WHITE,blocklist.de/all|blocklist.de/apache|blocklist.de/mail|ziyadnz/hourly-ipv4,blocklist.de|brute-force|apache|rfi|ddos|spam|mail|ziyadnz|hourly,2026-08-17T18:48:05Z,2026-08-17T18:48:05Z,
108.62.58.189,ipv4,attack,high,WHITE,blocklist.de/all|blocklist.de/apache|blocklist.de/mail|ziyadnz/hourly-ipv4,blocklist.de|brute-force|apache|rfi|ddos|spam|mail|ziyadnz|hourly,2026-08-17T18:48:05Z,2026-08-17T18:48:05Z,
108.62.58.190,ipv4,attack,high,WHITE,blocklist.de/all|blocklist.de/apache|blocklist.de/mail|ziyadnz/hourly-ipv4,blocklist.de|brute-force|apache|rfi|ddos|spam|mail|ziyadnz|hourly,2026-08-17T18:48:05Z,2026-08-17T18:48:05Z,
108.62.58.191,ipv4,attack,high,WHITE,blocklist.de/all|blocklist.de/apache|blocklist.de/mail|ziyadnz/hourly-ipv4,blocklist.de|brute-force|apache|rfi|ddos|spam|mail|ziyadnz|hourly,2026-08-17T18:48:05Z,2026-08-17T18:48:05Z,
108.62.58.192,ipv4,attack,high,WHITE,blocklist.de/all|blocklist.de/apache|blocklist.de/mail|ziyadnz/hourly-ipv4,blocklist.de|brute-force|apache|rfi|ddos|spam|mail|ziyadnz|hourly,2026-08-17T18:48:05Z,2026-08-17T18:48:05Z,
108.62.58.193,ipv4,attack,high,WHITE,blocklist.de/all|blocklist.de/apache|blocklist.de/mail|ziyadnz/hourly-ipv4,blocklist.de|brute-force|apache|rfi|ddos|spam|mail|ziyadnz|hourly,2026-08-17T18:48:05Z,2026-08-17T18:48:05Z,
108.62.58.194,ipv4,attack,high,WHITE,blocklist.de/all|blocklist.de/apache|blocklist.de/mail|ziyadnz/hourly-ipv4,blocklist.de|brute-force|apache|rfi|ddos|spam|mail|ziyadnz|hourly,2026-08-17T18:48:05Z,2026-08-17T18:48:05Z,
108.62.58.195,ipv4,attack,high,WHITE,blocklist.de/all|blocklist.de/apache|blocklist.de/mail|ziyadnz/hourly-ipv4,blocklist.de|brute-force|apache|rfi|ddos|spam|mail|ziyadnz|hourly,2026-08-17T18:48:05Z,2026-08-17T18:48:05Z,
108.62.58.196,ipv4,attack,high,WHITE,blocklist.de/all|blocklist.de/apache|blocklist.de/mail|ziyadnz/hourly-ipv4,blocklist.de|brute-force|apache|rfi|ddos|spam|mail|ziyadnz|hourly,2026-08-17T18:48:05Z,2026-08-17T18:48:05Z,
108.62.58.197,ipv4,attack,high,WHITE,blocklist.de/all|blocklist.de/apache|blocklist.de/mail|ziyadnz/hourly-ipv4,blocklist.de|brute-force|apache|rfi|ddos|spam|mail|ziyadnz|hourly,2026-08-17T18:48:05Z,2026-08-17T18:48:05Z,
108.62.58.198,ipv4,attack,high,WHITE,blocklist.de/all|blocklist.de/apache|blocklist.de/mail|ziyadnz/hourly-ipv4,blocklist.de|brute-force|apache|rfi|ddos|spam|mail|ziyadnz|hourly,2026-08-17T18:48:05Z,2026-08-17T18:48:05Z,
108.62.58.199,ipv4,attack,high,WHITE,blocklist.de/all|blocklist.de/apache|blocklist.de/mail|ziyadnz/hourly-ipv4,blocklist.de|brute-force|apache|rfi|ddos|spam|mail|ziyadnz|hourly,2026-08-17T18:48:05Z,2026-08-17T18:48:05Z,
108.62.58.200,ipv4,attack,high,WHITE,blocklist.de/all|blocklist.de/apache|blocklist.de/mail|ziyadnz/hourly-ipv4,blocklist.de|brute-force|apache|rfi|ddos|spam|mail|ziyadnz|hourly,2026-08-17T18:48:05Z,2026-08-17T18:48:05Z,
108.62.58.201,ipv4,attack,high,WHITE,blocklist.de/all|blocklist.de/apache|blocklist.de/mail|ziyadnz/hourly-ipv4,blocklist.de|brute-force|apache|rfi|ddos|spam|mail|ziyadnz|hourly,2026-08-17T18:48:05Z,2026-08-17T18:48:05Z,
108.62.58.202,ipv4,attack,high,WHITE,blocklist.de/all|blocklist.de/apache|blocklist.de/mail|ziyadnz/hourly-ipv4,blocklist.de|brute-force|apache|rfi|ddos|spam|mail|ziyadnz|hourly,2026-08-17T18:48:05Z,2026-08-17T18:48:05Z,
108.62.58.203,ipv4,attack,high,WHITE,blocklist.de/all|blocklist.de/apache|blocklist.de/mail|ziyadnz/hourly-ipv4,blocklist.de|brute-force|apache|rfi|ddos|spam|mail|ziyadnz|hourly,2026-08-17T18:48:05Z,2026-08-17T18:48:05Z,
108.62.58.204,ipv4,attack,high,WHITE,blocklist.de/all|blocklist.de/apache|blocklist.de/mail|ziyadnz/hourly-ipv4,blocklist.de|brute-force|apache|rfi|ddos|spam|mail|ziyadnz|hourly,2026-08-17T18:48:05Z,2026-08-17T18:48:05Z,
108.62.58.205,ipv4,attack,high,WHITE,blocklist.de/all|blocklist.de/apache|blocklist.de/mail|ziyadnz/hourly-ipv4,blocklist.de|brute-force|apache|rfi|ddos|spam|mail|ziyadnz|hourly,2026-08-17T18:48:05Z,2026-08-17T18:48:05Z,
108.62.58.206,ipv4,attack,high,WHITE,blocklist.de/all|blocklist.de/apache|blocklist.de/mail|ziyadnz/hourly-ipv4,blocklist.de|brute-force|apache|rfi|ddos|spam|mail|ziyadnz|hourly,2026-08-17T18:48:05Z,2026-08-17T18:48:05Z,
108.62.58.207,ipv4,attack,high,WHITE,blocklist.de/all|blocklist.de/apache|blocklist.de/mail|ziyadnz/hourly-ipv4,blocklist.de|brute-force|apache|rfi|ddos|spam|mail|ziyadnz|hourly,2026-08-17T18:48:05Z,2026-08-17T18:48:05Z,
108.62.58.208,ipv4,attack,high,WHITE,blocklist.de/all|blocklist.de/apache|blocklist.de/mail|ziyadnz/hourly-ipv4,blocklist.de|brute-force|apache|rfi|ddos|spam|mail|ziyadnz|hourly,2026-08-17T18:48:05Z,2026-08-17T18:48:05Z,
108.62.58.209,ipv4,attack,high,WHITE,blocklist.de/all|blocklist.de/apache|blocklist.de/mail|ziyadnz/hourly-ipv4,blocklist.de|brute-force|apache|rfi|ddos|spam|mail|ziyadnz|hourly,2026-08-17T18:48:05Z,2026-08-17T18:48:05Z,
108.62.58.210,ipv4,attack,high,WHITE,blocklist.de/all|blocklist.de/apache|blocklist.de/mail|ziyadnz/hourly-ipv4,blocklist.de|brute-force|apache|rfi|ddos|spam|mail|ziyadnz|hourly,2026-08-17T18:48:05Z,2026-08-17T18:48:05Z,
108.62.58.211,ipv4,attack,high,WHITE,blocklist.de/all|blocklist.de/apache|blocklist.de/mail|ziyadnz/hourly-ipv4,blocklist.de|brute-force|apache|rfi|ddos|spam|mail|ziyadnz|hourly,2026-08-17T18:48:05Z,2026-08-17T18:48:05Z,
108.62.58.212,ipv4,attack,high,WHITE,blocklist.de/all|blocklist.de/apache|blocklist.de/mail|ziyadnz/hourly-ipv4,blocklist.de|brute-force|apache|rfi|ddos|spam|mail|ziyadnz|hourly,2026-08-17T18:48:05Z,2026-08-17T18:48:05Z,
108.62.58.213,ipv4,attack,high,WHITE,blocklist.de/all|blocklist.de/apache|blocklist.de/mail|ziyadnz/hourly-ipv4,blocklist.de|brute-force|apache|rfi|ddos|spam|mail|ziyadnz|hourly,2026-08-17T18:48:05Z,2026-08-17T18:48:05Z,
108.62.58.214,ipv4,attack,high,WHITE,blocklist.de/all|blocklist.de/apache|blocklist.de/mail|ziyadnz/hourly-ipv4,blocklist.de|brute-force|apache|rfi|ddos|spam|mail|ziyadnz|hourly,2026-08-17T18:48:05Z,2026-08-17T18:48:05Z,
108.62.58.215,ipv4,attack,high,WHITE,blocklist.de/all|blocklist.de/apache|blocklist.de/mail|ziyadnz/hourly-ipv4,blocklist.de|brute-force|apache|rfi|ddos|spam|mail|ziyadnz|hourly,2026-08-17T18:48:05Z,2026-08-17T18:48:05Z,
108.62.58.216,ipv4,attack,high,WHITE,blocklist.de/all|blocklist.de/apache|blocklist.de/mail|ziyadnz/hourly-ipv4,blocklist.de|brute-force|apache|rfi|ddos|spam|mail|ziyadnz|hourly,2026-08-17T18:48:05Z,2026-08-17T18:48:05Z,
108.62.58.217,ipv4,attack,high,WHITE,blocklist.de/all|blocklist.de/apache|blocklist.de/mail|ziyadnz/hourly-ipv4,blocklist.de|brute-force|apache|rfi|ddos|spam|mail|ziyadnz|hourly,2026-08-17T18:48:05Z,2026-08-17T18:48:05Z,
108.62.58.218,ipv4,attack,high,WHITE,blocklist.de/all|blocklist.de/apache|blocklist.de/mail|ziyadnz/hourly-ipv4,blocklist.de|brute-force|apache|rfi|ddos|spam|mail|ziyadnz|hourly,2026-08-17T18:48:05Z,2026-08-17T18:48:05Z,
108.62.58.219,ipv4,attack,high,WHITE,blocklist.de/all|blocklist.de/apache|blocklist.de/mail|ziyadnz/hourly-ipv4,blocklist.de|brute-force|apache|rfi|ddos|spam|mail|ziyadnz|hourly,2026-08-17T18:48:05Z,2026-08-17T18:48:05Z,
108.62.58.220,ipv4,attack,high,WHITE,blocklist.de/all|blocklist.de/apache|blocklist.de/mail|ziyadnz/hourly-ipv4,blocklist.de|brute-force|apache|rfi|ddos|spam|mail|ziyadnz|hourly,2026-08-17T18:48:05Z,2026-08-17T18:48:05Z,
108.62.58.221,ipv4,attack,high,WHITE,blocklist.de/all|blocklist.de/apache|blocklist.de/mail|ziyadnz/hourly-ipv4,blocklist.de|brute-force|apache|rfi|ddos|spam|mail|ziyadnz|hourly,2026-08-17T18:48:05Z,2026-08-17T18:48:05Z,
108.62.58.222,ipv4,attack,high,WHITE,blocklist.de/all|blocklist.de/apache|blocklist.de/mail|ziyadnz/hourly-ipv4,blocklist.de|brute-force|apache|rfi|ddos|spam|mail|ziyadnz|hourly,2026-08-17T18:48:05Z,2026-08-17T18:48:05Z,
108.62.58.223,ipv4,attack,high,WHITE,blocklist.de/all|blocklist.de/apache|blocklist.de/mail|ziyadnz/hourly-ipv4,blocklist.de|brute-force|apache|rfi|ddos|spam|mail|ziyadnz|hourly,2026-08-17T18:48:05Z,2026-08-17T18:48:05Z,
108.62.58.224,ipv4,attack,high,WHITE,blocklist.de/all|blocklist.de/apache|blocklist.de/mail|ziyadnz/hourly-ipv4,blocklist.de|brute-force|apache|rfi|ddos|spam|mail|ziyadnz|hourly,2026-08-17T18:48:05Z,2026-08-17T18:48:05Z,
108.62.58.225,ipv4,attack,high,WHITE,blocklist.de/all|blocklist.de/apache|blocklist.de/mail|ziyadnz/hourly-ipv4,blocklist.de|brute-force|apache|rfi|ddos|spam|mail|ziyadnz|hourly,2026-08-17T18:48:05Z,2026-08-17T18:48:05Z,
108.62.58.226,ipv4,attack,high,WHITE,blocklist.de/all|blocklist.de/apache|blocklist.de/mail|ziyadnz/hourly-ipv4,blocklist.de|brute-force|apache|rfi|ddos|spam|mail|ziyadnz|hourly,2026-08-17T18:48:05Z,2026-08-17T18:48:05Z,
108.62.58.227,ipv4,attack,high,WHITE,blocklist.de/all|blocklist.de/apache|blocklist.de/mail|ziyadnz/hourly-ipv4,blocklist.de|brute-force|apache|rfi|ddos|spam|mail|ziyadnz|hourly,2026-08-17T18:48:05Z,2026-08-17T18:48:05Z,
108.62.58.228,ipv4,attack,high,WHITE,blocklist.de/all|blocklist.de/apache|blocklist.de/mail|ziyadnz/hourly-ipv4,blocklist.de|brute-force|apache|rfi|ddos|spam|mail|ziyadnz|hourly,2026-08-17T18:48:05Z,2026-08-17T18:48:05Z,
108.62.58.229,ipv4,attack,high,WHITE,blocklist.de/all|blocklist.de/apache|blocklist.de/mail|ziyadnz/hourly-ipv4,blocklist.de|brute-force|apache|rfi|ddos|spam|mail|ziyadnz|hourly,2026-08-17T18:48:05Z,2026-08-17T18:48:05Z,
108.62.58.230,ipv4,attack,high,WHITE,blocklist.de/all|blocklist.de/apache|blocklist.de/mail|ziyadnz/hourly-ipv4,blocklist.de|brute-force|apache|rfi|ddos|spam|mail|ziyadnz|hourly,2026-08-17T18:48:05Z,2026-08-17T18:48:05Z,
108.62.58.231,ipv4,attack,high,WHITE,blocklist.de/all|blocklist.de/apache|blocklist.de/mail|ziyadnz/hourly-ipv4,blocklist.de|brute-force|apache|rfi|ddos|spam|mail|ziyadnz|hourly,2026-08-17T18:48:05Z,2026-08-17T18:48:05Z,
108.62.58.232,ipv4,attack,high,WHITE,blocklist.de/all|blocklist.de/apache|blocklist.de/mail|ziyadnz/hourly-ipv4,blocklist.de|brute-force|apache|rfi|ddos|spam|mail|ziyadnz|hourly,2026-08-17T18:48:05Z,2026-08-17T18:48:05Z,
108.62.58.233,ipv4,attack,high,WHITE,blocklist.de/all|blocklist.de/apache|blocklist.de/mail|ziyadnz/hourly-ipv4,blocklist.de|brute-force|apache|rfi|ddos|spam|mail|ziyadnz|hourly,2026-08-17T18:48:05Z,2026-08-17T18:48:05Z,
108.62.58.234,ipv4,attack,high,WHITE,blocklist.de/all|blocklist.de/apache|blocklist.de/mail|ziyadnz/hourly-ipv4,blocklist.de|brute-force|apache|rfi|ddos|spam|mail|ziyadnz|hourly,2026-08-17T18:48:05Z,2026-08-17T18:48:05Z,
108.62.58.235,ipv4,attack,high,WHITE,blocklist.de/all|blocklist.de/apache|blocklist.de/mail|ziyadnz/hourly-ipv4,blocklist.de|brute-force|apache|rfi|ddos|spam|mail|ziyadnz|hourly,2026-08-17T18:48:05Z,2026-08-17T18:48:05Z,
108.62.58.236,ipv4,attack,high,WHITE,blocklist.de/all|blocklist.de/apache|blocklist.de/mail|ziyadnz/hourly-ipv4,blocklist.de|brute-force|apache|rfi|ddos|spam|mail|ziyadnz|hourly,2026-08-17T18:48:05Z,2026-08-17T18:48:05Z,
108.62.58.237,ipv4,attack,high,WHITE,blocklist.de/all|blocklist.de/apache|blocklist.de/mail|ziyadnz/hourly-ipv4,blocklist.de|brute-force|apache|rfi|ddos|spam|mail|ziyadnz|hourly,2026-08-17T18:48:05Z,2026-08-17T18:48:05Z,
108.62.58.238,ipv4,attack,high,WHITE,blocklist.de/all|blocklist.de/apache|blocklist.de/mail|ziyadnz/hourly-ipv4,blocklist.de|brute-force|apache|rfi|ddos|spam|mail|ziyadnz|hourly,2026-08-17T18:48:05Z,2026-08-17T18:48:05Z,
108.62.58.239,ipv4,attack,high,WHITE,blocklist.de/all|blocklist.de/apache|blocklist.de/mail|ziyadnz/hourly-ipv4,blocklist.de|brute-force|apache|rfi|ddos|spam|mail|ziyadnz|hourly,2026-08-17T18:48:05Z,2026-08-17T18:48:05Z,
108.62.58.240,ipv4,attack,high,WHITE,blocklist.de/all|blocklist.de/apache|blocklist.de/mail|ziyadnz/hourly-ipv4,blocklist.de|brute-force|apache|rfi|ddos|spam|mail|ziyadnz|hourly,2026-08-17T18:48:05Z,2026-08-17T18:48:05Z,
108.62.58.241,ipv4,attack,high,WHITE,blocklist.de/all|blocklist.de/apache|blocklist.de/mail|ziyadnz/hourly-ipv4,blocklist.de|brute-force|apache|rfi|ddos|spam|mail|ziyadnz|hourly,2026-08-17T18:48:05Z,2026-08-17T18:48:05Z,
108.62.58.242,ipv4,attack,high,WHITE,blocklist.de/all|blocklist.de/apache|blocklist.de/mail|ziyadnz/hourly-ipv4,blocklist.de|brute-force|apache|rfi|ddos|spam|mail|ziyadnz|hourly,2026-08-17T18:48:05Z,2026-08-17T18:48:05Z,
108.62.58.243,ipv4,attack,high,WHITE,blocklist.de/all|blocklist.de/apache|blocklist.de/mail|ziyadnz/hourly-ipv4,blocklist.de|brute-force|apache|rfi|ddos|spam|mail|ziyadnz|hourly,2026-08-17T18:48:05Z,2026-08-17T18:48:05Z,
108.62.58.244,ipv4,attack,high,WHITE,blocklist.de/all|blocklist.de/apache|blocklist.de/mail|ziyadnz/hourly-ipv4,blocklist.de|brute-force|apache|rfi|ddos|spam|mail|ziyadnz|hourly,2026-08-17T18:48:05Z,2026-08-17T18:48:05Z,
108.62.58.245,ipv4,attack,high,WHITE,blocklist.de/all|blocklist.de/apache|blocklist.de/mail|ziyadnz/hourly-ipv4,blocklist.de|brute-force|apache|rfi|ddos|spam|mail|ziyadnz|hourly,2026-08-17T18:48:05Z,2026-08-17T18:48:05Z,
108.62.58.246,ipv4,attack,high,WHITE,blocklist.de/all|blocklist.de/apache|blocklist.de/mail|ziyadnz/hourly-ipv4,blocklist.de|brute-force|apache|rfi|ddos|spam|mail|ziyadnz|hourly,2026-08-17T18:48:05Z,2026-08-17T18:48:05Z,
108.62.58.247,ipv4,attack,high,WHITE,blocklist.de/all|blocklist.de/apache|blocklist.de/mail|ziyadnz/hourly-ipv4,blocklist.de|brute-force|apache|rfi|ddos|spam|mail|ziyadnz|hourly,2026-08-17T18:48:05Z,2026-08-17T18:48:05Z,
108.62.58.248,ipv4,attack,high,WHITE,blocklist.de/all|blocklist.de/apache|blocklist.de/mail|ziyadnz/hourly-ipv4,blocklist.de|brute-force|apache|rfi|ddos|spam|mail|ziyadnz|hourly,2026-08-17T18:48:05Z,2026-08-17T18:48:05Z,
108.62.58.249,ipv4,attack,high,WHITE,blocklist.de/all|blocklist.de/apache|blocklist.de/mail|ziyadnz/hourly-ipv4,blocklist.de|brute-force|apache|rfi|ddos|spam|mail|ziyadnz|hourly,2026-08-17T18:48:05Z,2026-08-17T18:48:05Z,
108.62.58.250,ipv4,attack,high,WHITE,blocklist.de/all|blocklist.de/apache|blocklist.de/mail|ziyadnz/hourly-ipv4,blocklist.de|brute-force|apache|rfi|ddos|spam|mail|ziyadnz|hourly,2026-08-17T18:48:05Z,2026-08-17T18:48:05Z,
108.62.58.251,ipv4,attack,high,WHITE,blocklist.de/all|blocklist.de/apache|blocklist.de/mail|ziyadnz/hourly-ipv4,blocklist.de|brute-force|apache|rfi|ddos|spam|mail|ziyadnz|hourly,2026-08-17T18:48:05Z,2026-08-17T18:48:05Z,
108.62.58.252,ipv4,attack,high,WHITE,blocklist.de/all|blocklist.de/apache|blocklist.de/mail|ziyadnz/hourly-ipv4,blocklist.de|brute-force|apache|rfi|ddos|spam|mail|ziyadnz|hourly,2026-08-17T18:48:05Z,2026-08-17T18:48:05Z,
108.62.58.253,ipv4,attack,high,WHITE,blocklist.de/all|blocklist.de/apache|blocklist.de/mail|ziyadnz/hourly-ipv4,blocklist.de|brute-force|apache|rfi|ddos|spam|mail|ziyadnz|hourly,2026-08-17T18:48:05Z,2026-08-17T18:48:05Z,
108.62.58.254,ipv4,attack,high,WHITE,blocklist.de/all|blocklist.de/apache|blocklist.de/mail|ziyadnz/hourly-ipv4,blocklist.de|brute-force|apache|rfi|ddos|spam|mail|ziyadnz|hourly,2026-08-17T18:48:05Z,2026-08-17T18:48:05Z,
108.62.58.255,ipv4,attack,high,WHITE,blocklist.de/all|blocklist.de/apache|blocklist.de/mail|ziyadnz/hourly-ipv4,blocklist.de|brute-force|apache|rfi|ddos|spam|mail|ziyadnz|hourly,2026-08-17T18:48:05Z,2026-08-17T18:48:05Z,
108.62.59.0,ipv4,attack,high,WHITE,blocklist.de/all|blocklist.de/apache|blocklist.de/mail|ziyadnz/hourly-ipv4,blocklist.de|brute-force|apache|rfi|ddos|spam|mail|ziyadnz|hourly,2026-08-17T18:48:05Z,2026-08-17T18:48:05Z,
108.62.59.1,ipv4,attack,high,WHITE,blocklist.de/all|blocklist.de/apache|blocklist.de/mail|ziyadnz/hourly-ipv4,blocklist.de|brute-force|apache|rfi|ddos|spam|mail|ziyadnz|hourly,2026-08-17T18:48:05Z,2026-08-17T18:48:05Z,
108.62.59.2,ipv4,attack,high,WHITE,blocklist.de/all|blocklist.de/apache|blocklist.de/mail|ziyadnz/hourly-ipv4,blocklist.de|brute-force|apache|rfi|ddos|spam|mail|ziyadnz|hourly,2026-08-17T18:48:05Z,2026-08-17T18:48:05Z,
108.62.59.3,ipv4,attack,high,WHITE,blocklist.de/all|blocklist.de/apache|blocklist.de/mail|ziyadnz/hourly-ipv4,blocklist.de|brute-force|apache|rfi|ddos|spam|mail|ziyadnz|hourly,2026-08-17T18:48:05Z,2026-08-17T18:48:05Z,
108.62.59.4,ipv4,attack,high,WHITE,blocklist.de/all|blocklist.de/apache|blocklist.de/mail|ziyadnz/hourly-ipv4,blocklist.de|brute-force|apache|rfi|ddos|spam|mail|ziyadnz|hourly,2026-08-17T18:48:05Z,2026-08-17T18:48:05Z,
108.62.59.5,ipv4,attack,high,WHITE,blocklist.de/all|blocklist.de/apache|blocklist.de/mail|ziyadnz/hourly-ipv4,blocklist.de|brute-force|apache|rfi|ddos|spam|mail|ziyadnz|hourly,2026-08-17T18:48:05Z,2026-08-17T18:48:05Z,
108.62.59.6,ipv4,attack,high,WHITE,blocklist.de/all|blocklist.de/apache|blocklist.de/mail|ziyadnz/hourly-ipv4,blocklist.de|brute-force|apache|rfi|ddos|spam|mail|ziyadnz|hourly,2026-08-17T18:48:05Z,2026-08-17T18:48:05Z,
108.62.59.7,ipv4,attack,high,WHITE,blocklist.de/all|blocklist.de/apache|blocklist.de/mail|ziyadnz/hourly-ipv4,blocklist.de|brute-force|apache|rfi|ddos|spam|mail|ziyadnz|hourly,2026-08-17T18:48:05Z,2026-08-17T18:48:05Z,
108.62.59.8,ipv4,attack,high,WHITE,blocklist.de/all|blocklist.de/apache|blocklist.de/mail|ziyadnz/hourly-ipv4,blocklist.de|brute-force|apache|rfi|ddos|spam|mail|ziyadnz|hourly,2026-08-17T18:48:05Z,2026-08-17T18:48:05Z,
108.62.59.9,ipv4,attack,high,WHITE,blocklist.de/all|blocklist.de/apache|blocklist.de/mail|ziyadnz/hourly-ipv4,blocklist.de|brute-force|apache|rfi|ddos|spam|mail|ziyadnz|hourly,2026-08-17T18:48:05Z,2026-08-17T18:48:05Z,
108.62.59.10,ipv4,attack,high,WHITE,blocklist.de/all|blocklist.de/apache|blocklist.de/mail|ziyadnz/hourly-ipv4,blocklist.de|brute-force|apache|rfi|ddos|spam|mail|ziyadnz|hourly,2026-08-17T18:48:05Z,2026-08-17T18:48:05Z,
108.62.59.11,ipv4,attack,high,WHITE,blocklist.de/all|blocklist.de/apache|blocklist.de/mail|ziyadnz/hourly-ipv4,blocklist.de|brute-force|apache|rfi|ddos|spam|mail|ziyadnz|hourly,2026-08-17T18:48:05Z,2026-08-17T18:48:05Z,
108.62.59.12,ipv4,attack,high,WHITE,blocklist.de/all|blocklist.de/apache|blocklist.de/mail|ziyadnz/hourly-ipv4,blocklist.de|brute-force|apache|rfi|ddos|spam|mail|ziyadnz|hourly,2026-08-17T18:48:05Z,2026-08-17T18:48:05Z,
108.62.59.13,ipv4,attack,high,WHITE,blocklist.de/all|blocklist.de/apache|blocklist.de/mail|ziyadnz/hourly-ipv4,blocklist.de|brute-force|apache|rfi|ddos|spam|mail|ziyadnz|hourly,2026-08-17T18:48:05Z,2026-08-17T18:48:05Z,
108.62.59.14,ipv4,attack,high,WHITE,blocklist.de/all|blocklist.de/apache|blocklist.de/mail|ziyadnz/hourly-ipv4,blocklist.de|brute-force|apache|rfi|ddos|spam|mail|ziyadnz|hourly,2026-08-17T18:48:05Z,2026-08-17T18:48:05Z,
108.62.59.15,ipv4,attack,high,WHITE,blocklist.de/all|blocklist.de/apache|blocklist.de/mail|ziyadnz/hourly-ipv4,blocklist.de|brute-force|apache|rfi|ddos|spam|mail|ziyadnz|hourly,2026-08-17T18:48:05Z,2026-08-17T18:48:05Z,
108.62.59.16,ipv4,attack,high,WHITE,blocklist.de/all|blocklist.de/apache|blocklist.de/mail|ziyadnz/hourly-ipv4,blocklist.de|brute-force|apache|rfi|ddos|spam|mail|ziyadnz|hourly,2026-08-17T18:48:05Z,2026-08-17T18:48:05Z,
108.62.59.17,ipv4,attack,high,WHITE,blocklist.de/all|blocklist.de/apache|blocklist.de/mail|ziyadnz/hourly-ipv4,blocklist.de|brute-force|apache|rfi|ddos|spam|mail|ziyadnz|hourly,2026-08-17T18:48:05Z,2026-08-17T18:48:05Z,
108.62.59.18,ipv4,attack,high,WHITE,blocklist.de/all|blocklist.de/apache|blocklist.de/mail|ziyadnz/hourly-ipv4,blocklist.de|brute-force|apache|rfi|ddos|spam|mail|ziyadnz|hourly,2026-08-17T18:48:05Z,2026-08-17T18:48:05Z,
108.62.59.19,ipv4,attack,high,WHITE,blocklist.de/all|blocklist.de/apache|blocklist.de/mail|ziyadnz/hourly-ipv4,blocklist.de|brute-force|apache|rfi|ddos|spam|mail|ziyadnz|hourly,2026-08-17T18:48:05Z,2026-08-17T18:48:05Z,
108.62.59.20,ipv4,attack,high,WHITE,blocklist.de/all|blocklist.de/apache|blocklist.de/mail|ziyadnz/hourly-ipv4,blocklist.de|brute-force|apache|rfi|ddos|spam|mail|ziyadnz|hourly,2026-08-17T18:48:05Z,2026-08-17T18:48:05Z,
108.62.59.21,ipv4,attack,high,WHITE,blocklist.de/all|blocklist.de/apache|blocklist.de/mail|ziyadnz/hourly-ipv4,blocklist.de|brute-force|apache|rfi|ddos|spam|mail|ziyadnz|hourly,2026-08-17T18:48:05Z,2026-08-17T18:48:05Z,
108.62.59.22,ipv4,attack,high,WHITE,blocklist.de/all|blocklist.de/apache|blocklist.de/mail|ziyadnz/hourly-ipv4,blocklist.de|brute-force|apache|rfi|ddos|spam|mail|ziyadnz|hourly,2026-08-17T18:48:05Z,2026-08-17T18:48:05Z,
108.62.59.23,ipv4,attack,high,WHITE,blocklist.de/all|blocklist.de/apache|blocklist.de/mail|ziyadnz/hourly-ipv4,blocklist.de|brute-force|apache|rfi|ddos|spam|mail|ziyadnz|hourly,2026-08-17T18:48:05Z,2026-08-17T18:48:05Z,
108.62.59.24,ipv4,attack,high,WHITE,blocklist.de/all|blocklist.de/apache|blocklist.de/mail|ziyadnz/hourly-ipv4,blocklist.de|brute-force|apache|rfi|ddos|spam|mail|ziyadnz|hourly,2026-08-17T18:48:05Z,2026-08-17T18:48:05Z,
108.62.59.25,ipv4,attack,high,WHITE,blocklist.de/all|blocklist.de/apache|blocklist.de/mail|ziyadnz/hourly-ipv4,blocklist.de|brute-force|apache|rfi|ddos|spam|mail|ziyadnz|hourly,2026-08-17T18:48:05Z,2026-08-17T18:48:05Z,
108.62.59.26,ipv4,attack,high,WHITE,blocklist.de/all|blocklist.de/apache|blocklist.de/mail|ziyadnz/hourly-ipv4,blocklist.de|brute-force|apache|rfi|ddos|spam|mail|ziyadnz|hourly,2026-08-17T18:48:05Z,2026-08-17T18:48:05Z,
108.62.59.27,ipv4,attack,high,WHITE,blocklist.de/all|blocklist.de/apache|blocklist.de/mail|ziyadnz/hourly-ipv4,blocklist.de|brute-force|apache|rfi|ddos|spam|mail|ziyadnz|hourly,2026-08-17T18:48:05Z,2026-08-17T18:48:05Z,
108.62.59.28,ipv4,attack,high,WHITE,blocklist.de/all|blocklist.de/apache|blocklist.de/mail|ziyadnz/hourly-ipv4,blocklist.de|brute-force|apache|rfi|ddos|spam|mail|ziyadnz|hourly,2026-08-17T18:48:05Z,2026-08-17T18:48:05Z,
108.62.59.29,ipv4,attack,high,WHITE,blocklist.de/all|blocklist.de/apache|blocklist.de/mail|ziyadnz/hourly-ipv4,blocklist.de|brute-force|apache|rfi|ddos|spam|mail|ziyadnz|hourly,2026-08-17T18:48:05Z,2026-08-17T18:48:05Z,
108.62.59.30,ipv4,attack,high,WHITE,blocklist.de/all|blocklist.de/apache|blocklist.de/mail|ziyadnz/hourly-ipv4,blocklist.de|brute-force|apache|rfi|ddos|spam|mail|ziyadnz|hourly,2026-08-17T18:48:05Z,2026-08-17T18:48:05Z,
108.62.59.31,ipv4,attack,high,WHITE,blocklist.de/all|blocklist.de/apache|blocklist.de/mail|ziyadnz/hourly-ipv4,blocklist.de|brute-force|apache|rfi|ddos|spam|mail|ziyadnz|hourly,2026-08-17T18:48:05Z,2026-08-17T18:48:05Z,
108.62.59.32,ipv4,attack,high,WHITE,blocklist.de/all|blocklist.de/apache|blocklist.de/mail|ziyadnz/hourly-ipv4,blocklist.de|brute-force|apache|rfi|ddos|spam|mail|ziyadnz|hourly,2026-08-17T18:48:05Z,2026-08-17T18:48:05Z,
108.62.59.33,ipv4,attack,high,WHITE,blocklist.de/all|blocklist.de/apache|blocklist.de/mail|ziyadnz/hourly-ipv4,blocklist.de|brute-force|apache|rfi|ddos|spam|mail|ziyadnz|hourly,2026-08-17T18:48:05Z,2026-08-17T18:48:05Z,
108.62.59.34,ipv4,attack,high,WHITE,blocklist.de/all|blocklist.de/apache|blocklist.de/mail|ziyadnz/hourly-ipv4,blocklist.de|brute-force|apache|rfi|ddos|spam|mail|ziyadnz|hourly,2026-08-17T18:48:05Z,2026-08-17T18:48:05Z,
108.62.59.35,ipv4,attack,high,WHITE,blocklist.de/all|blocklist.de/apache|blocklist.de/mail|ziyadnz/hourly-ipv4,blocklist.de|brute-force|apache|rfi|ddos|spam|mail|ziyadnz|hourly,2026-08-17T18:48:05Z,2026-08-17T18:48:05Z,
108.62.59.36,ipv4,attack,high,WHITE,blocklist.de/all|blocklist.de/apache|blocklist.de/mail|ziyadnz/hourly-ipv4,blocklist.de|brute-force|apache|rfi|ddos|spam|mail|ziyadnz|hourly,2026-08-17T18:48:05Z,2026-08-17T18:48:05Z,
108.62.59.37,ipv4,attack,high,WHITE,blocklist.de/all|blocklist.de/apache|blocklist.de/mail|ziyadnz/hourly-ipv4,blocklist.de|brute-force|apache|rfi|ddos|spam|mail|ziyadnz|hourly,2026-08-17T18:48:05Z,2026-08-17T18:48:05Z,
108.62.59.38,ipv4,attack,high,WHITE,blocklist.de/all|blocklist.de/apache|blocklist.de/mail|ziyadnz/hourly-ipv4,blocklist.de|brute-force|apache|rfi|ddos|spam|mail|ziyadnz|hourly,2026-08-17T18:48:05Z,2026-08-17T18:48:05Z,
108.62.59.39,ipv4,attack,high,WHITE,blocklist.de/all|blocklist.de/apache|blocklist.de/mail|ziyadnz/hourly-ipv4,blocklist.de|brute-force|apache|rfi|ddos|spam|mail|ziyadnz|hourly,2026-08-17T18:48:05Z,2026-08-17T18:48:05Z,
108.62.59.40,ipv4,attack,high,WHITE,blocklist.de/all|blocklist.de/apache|blocklist.de/mail|ziyadnz/hourly-ipv4,blocklist.de|brute-force|apache|rfi|ddos|spam|mail|ziyadnz|hourly,2026-08-17T18:48:05Z,2026-08-17T18:48:05Z,
108.62.59.41,ipv4,attack,high,WHITE,blocklist.de/all|blocklist.de/apache|blocklist.de/mail|ziyadnz/hourly-ipv4,blocklist.de|brute-force|apache|rfi|ddos|spam|mail|ziyadnz|hourly,2026-08-17T18:48:05Z,2026-08-17T18:48:05Z,
108.62.59.42,ipv4,attack,high,WHITE,blocklist.de/all|blocklist.de/apache|blocklist.de/mail|ziyadnz/hourly-ipv4,blocklist.de|brute-force|apache|rfi|ddos|spam|mail|ziyadnz|hourly,2026-08-17T18:48:05Z,2026-08-17T18:48:05Z,
108.62.59.43,ipv4,attack,high,WHITE,blocklist.de/all|blocklist.de/apache|blocklist.de/mail|ziyadnz/hourly-ipv4,blocklist.de|brute-force|apache|rfi|ddos|spam|mail|ziyadnz|hourly,2026-08-17T18:48:05Z,2026-08-17T18:48:05Z,
108.62.59.44,ipv4,attack,high,WHITE,blocklist.de/all|blocklist.de/apache|blocklist.de/mail|ziyadnz/hourly-ipv4,blocklist.de|brute-force|apache|rfi|ddos|spam|mail|ziyadnz|hourly,2026-08-17T18:48:05Z,2026-08-17T18:48:05Z,
108.62.59.45,ipv4,attack,high,WHITE,blocklist.de/all|blocklist.de/apache|blocklist.de/mail|ziyadnz/hourly-ipv4,blocklist.de|brute-force|apache|rfi|ddos|spam|mail|ziyadnz|hourly,2026-08-17T18:48:05Z,2026-08-17T18:48:05Z,
108.62.59.46,ipv4,attack,high,WHITE,blocklist.de/all|blocklist.de/apache|blocklist.de/mail|ziyadnz/hourly-ipv4,blocklist.de|brute-force|apache|rfi|ddos|spam|mail|ziyadnz|hourly,2026-08-17T18:48:05Z,2026-08-17T18:48:05Z,
108.62.59.47,ipv4,attack,high,WHITE,blocklist.de/all|blocklist.de/apache|blocklist.de/mail|ziyadnz/hourly-ipv4,blocklist.de|brute-force|apache|rfi|ddos|spam|mail|ziyadnz|hourly,2026-08-17T18:48:05Z,2026-08-17T18:48:05Z,
108.62.59.48,ipv4,attack,high,WHITE,blocklist.de/all|blocklist.de/apache|blocklist.de/mail|ziyadnz/hourly-ipv4,blocklist.de|brute-force|apache|rfi|ddos|spam|mail|ziyadnz|hourly,2026-08-17T18:48:05Z,2026-08-17T18:48:05Z,
108.62.59.49,ipv4,attack,high,WHITE,blocklist.de/all|blocklist.de/apache|blocklist.de/mail|ziyadnz/hourly-ipv4,blocklist.de|brute-force|apache|rfi|ddos|spam|mail|ziyadnz|hourly,2026-08-17T18:48:05Z,2026-08-17T18:48:05Z,
108.62.59.50,ipv4,attack,high,WHITE,blocklist.de/all|blocklist.de/apache|blocklist.de/mail|ziyadnz/hourly-ipv4,blocklist.de|brute-force|apache|rfi|ddos|spam|mail|ziyadnz|hourly,2026-08-17T18:48:05Z,2026-08-17T18:48:05Z,
108.62.59.51,ipv4,attack,high,WHITE,blocklist.de/all|blocklist.de/apache|blocklist.de/mail|ziyadnz/hourly-ipv4,blocklist.de|brute-force|apache|rfi|ddos|spam|mail|ziyadnz|hourly,2026-08-17T18:48:05Z,2026-08-17T18:48:05Z,
108.62.59.52,ipv4,attack,high,WHITE,blocklist.de/all|blocklist.de/apache|blocklist.de/mail|ziyadnz/hourly-ipv4,blocklist.de|brute-force|apache|rfi|ddos|spam|mail|ziyadnz|hourly,2026-08-17T18:48:05Z,2026-08-17T18:48:05Z,
108.62.59.53,ipv4,attack,high,WHITE,blocklist.de/all|blocklist.de/apache|blocklist.de/mail|ziyadnz/hourly-ipv4,blocklist.de|brute-force|apache|rfi|ddos|spam|mail|ziyadnz|hourly,2026-08-17T18:48:05Z,2026-08-17T18:48:05Z,
108.62.59.54,ipv4,attack,high,WHITE,blocklist.de/all|blocklist.de/apache|blocklist.de/mail|ziyadnz/hourly-ipv4,blocklist.de|brute-force|apache|rfi|ddos|spam|mail|ziyadnz|hourly,2026-08-17T18:48:05Z,2026-08-17T18:48:05Z,
108.62.59.55,ipv4,attack,high,WHITE,blocklist.de/all|blocklist.de/apache|blocklist.de/mail|ziyadnz/hourly-ipv4,blocklist.de|brute-force|apache|rfi|ddos|spam|mail|ziyadnz|hourly,2026-08-17T18:48:05Z,2026-08-17T18:48:05Z,
108.62.59.56,ipv4,attack,high,WHITE,blocklist.de/all|blocklist.de/apache|blocklist.de/mail|ziyadnz/hourly-ipv4,blocklist.de|brute-force|apache|rfi|ddos|spam|mail|ziyadnz|hourly,2026-08-17T18:48:05Z,2026-08-17T18:48:05Z,
108.62.59.57,ipv4,attack,high,WHITE,blocklist.de/all|blocklist.de/apache|blocklist.de/mail|ziyadnz/hourly-ipv4,blocklist.de|brute-force|apache|rfi|ddos|spam|mail|ziyadnz|hourly,2026-08-17T18:48:05Z,2026-08-17T18:48:05Z,
108.62.59.58,ipv4,attack,high,WHITE,blocklist.de/all|blocklist.de/apache|blocklist.de/mail|ziyadnz/hourly-ipv4,blocklist.de|brute-force|apache|rfi|ddos|spam|mail|ziyadnz|hourly,2026-08-17T18:48:05Z,2026-08-17T18:48:05Z,
108.62.59.59,ipv4,attack,high,WHITE,blocklist.de/all|blocklist.de/apache|blocklist.de/mail|ziyadnz/hourly-ipv4,blocklist.de|brute-force|apache|rfi|ddos|spam|mail|ziyadnz|hourly,2026-08-17T18:48:05Z,2026-08-17T18:48:05Z,
108.62.59.60,ipv4,attack,high,WHITE,blocklist.de/all|blocklist.de/apache|blocklist.de/mail|ziyadnz/hourly-ipv4,blocklist.de|brute-force|apache|rfi|ddos|spam|mail|ziyadnz|hourly,2026-08-17T18:48:05Z,2026-08-17T18:48:05Z,
108.62.59.61,ipv4,attack,high,WHITE,blocklist.de/all|blocklist.de/apache|blocklist.de/mail|ziyadnz/hourly-ipv4,blocklist.de|brute-force|apache|rfi|ddos|spam|mail|ziyadnz|hourly,2026-08-17T18:48:05Z,2026-08-17T18:48:05Z,
108.62.59.62,ipv4,attack,high,WHITE,blocklist.de/all|blocklist.de/apache|blocklist.de/mail|ziyadnz/hourly-ipv4,blocklist.de|brute-force|apache|rfi|ddos|spam|mail|ziyadnz|hourly,2026-08-17T18:48:05Z,2026-08-17T18:48:05Z,
108.62.59.63,ipv4,attack,high,WHITE,blocklist.de/all|blocklist.de/apache|blocklist.de/mail|ziyadnz/hourly-ipv4,blocklist.de|brute-force|apache|rfi|ddos|spam|mail|ziyadnz|hourly,2026-08-17T18:48:05Z,2026-08-17T18:48:05Z,
108.62.59.64,ipv4,attack,high,WHITE,blocklist.de/all|blocklist.de/apache|blocklist.de/mail|ziyadnz/hourly-ipv4,blocklist.de|brute-force|apache|rfi|ddos|spam|mail|ziyadnz|hourly,2026-08-17T18:48:05Z,2026-08-17T18:48:05Z,
108.62.59.65,ipv4,attack,high,WHITE,blocklist.de/all|blocklist.de/apache|blocklist.de/mail|ziyadnz/hourly-ipv4,blocklist.de|brute-force|apache|rfi|ddos|spam|mail|ziyadnz|hourly,2026-08-17T18:48:05Z,2026-08-17T18:48:05Z,
108.62.59.66,ipv4,attack,high,WHITE,blocklist.de/all|blocklist.de/apache|blocklist.de/mail|ziyadnz/hourly-ipv4,blocklist.de|brute-force|apache|rfi|ddos|spam|mail|ziyadnz|hourly,2026-08-17T18:48:05Z,2026-08-17T18:48:05Z,
108.62.59.67,ipv4,attack,high,WHITE,blocklist.de/all|blocklist.de/apache|blocklist.de/mail|ziyadnz/hourly-ipv4,blocklist.de|brute-force|apache|rfi|ddos|spam|mail|ziyadnz|hourly,2026-08-17T18:48:05Z,2026-08-17T18:48:05Z,
108.62.59.68,ipv4,attack,high,WHITE,blocklist.de/all|blocklist.de/apache|blocklist.de/mail|ziyadnz/hourly-ipv4,blocklist.de|brute-force|apache|rfi|ddos|spam|mail|ziyadnz|hourly,2026-08-17T18:48:05Z,2026-08-17T18:48:05Z,
108.62.59.69,ipv4,attack,high,WHITE,blocklist.de/all|blocklist.de/apache|blocklist.de/mail|ziyadnz/hourly-ipv4,blocklist.de|brute-force|apache|rfi|ddos|spam|mail|ziyadnz|hourly,2026-08-17T18:48:05Z,2026-08-17T18:48:05Z,
108.62.59.70,ipv4,attack,high,WHITE,blocklist.de/all|blocklist.de/apache|blocklist.de/mail|ziyadnz/hourly-ipv4,blocklist.de|brute-force|apache|rfi|ddos|spam|mail|ziyadnz|hourly,2026-08-17T18:48:05Z,2026-08-17T18:48:05Z,
108.62.59.71,ipv4,attack,high,WHITE,blocklist.de/all|blocklist.de/apache|blocklist.de/mail|ziyadnz/hourly-ipv4,blocklist.de|brute-force|apache|rfi|ddos|spam|mail|ziyadnz|hourly,2026-08-17T18:48:05Z,2026-08-17T18:48:05Z,
108.62.59.72,ipv4,attack,high,WHITE,blocklist.de/all|blocklist.de/apache|blocklist.de/mail|ziyadnz/hourly-ipv4,blocklist.de|brute-force|apache|rfi|ddos|spam|mail|ziyadnz|hourly,2026-08-17T18:48:05Z,2026-08-17T18:48:05Z,
108.62.59.73,ipv4,attack,high,WHITE,blocklist.de/all|blocklist.de/apache|blocklist.de/mail|ziyadnz/hourly-ipv4,blocklist.de|brute-force|apache|rfi|ddos|spam|mail|ziyadnz|hourly,2026-08-17T18:48:05Z,2026-08-17T18:48:05Z,
108.62.59.74,ipv4,attack,high,WHITE,blocklist.de/all|blocklist.de/apache|blocklist.de/mail|ziyadnz/hourly-ipv4,blocklist.de|brute-force|apache|rfi|ddos|spam|mail|ziyadnz|hourly,2026-08-17T18:48:05Z,2026-08-17T18:48:05Z,
108.62.59.75,ipv4,attack,high,WHITE,blocklist.de/all|blocklist.de/apache|blocklist.de/mail|ziyadnz/hourly-ipv4,blocklist.de|brute-force|apache|rfi|ddos|spam|mail|ziyadnz|hourly,2026-08-17T18:48:05Z,2026-08-17T18:48:05Z,
108.62.59.76,ipv4,attack,high,WHITE,blocklist.de/all|blocklist.de/apache|blocklist.de/mail|ziyadnz/hourly-ipv4,blocklist.de|brute-force|apache|rfi|ddos|spam|mail|ziyadnz|hourly,2026-08-17T18:48:05Z,2026-08-17T18:48:05Z,
108.62.59.77,ipv4,attack,high,WHITE,blocklist.de/all|blocklist.de/apache|blocklist.de/mail|ziyadnz/hourly-ipv4,blocklist.de|brute-force|apache|rfi|ddos|spam|mail|ziyadnz|hourly,2026-08-17T18:48:05Z,2026-08-17T18:48:05Z,
108.62.59.78,ipv4,attack,high,WHITE,blocklist.de/all|blocklist.de/apache|blocklist.de/mail|ziyadnz/hourly-ipv4,blocklist.de|brute-force|apache|rfi|ddos|spam|mail|ziyadnz|hourly,2026-08-17T18:48:05Z,2026-08-17T18:48:05Z,
108.62.59.79,ipv4,attack,high,WHITE,blocklist.de/all|blocklist.de/apache|blocklist.de/mail|ziyadnz/hourly-ipv4,blocklist.de|brute-force|apache|rfi|ddos|spam|mail|ziyadnz|hourly,2026-08-17T18:48:05Z,2026-08-17T18:48:05Z,
108.62.59.80,ipv4,attack,high,WHITE,blocklist.de/all|blocklist.de/apache|blocklist.de/mail|ziyadnz/hourly-ipv4,blocklist.de|brute-force|apache|rfi|ddos|spam|mail|ziyadnz|hourly,2026-08-17T18:48:05Z,2026-08-17T18:48:05Z,
108.62.59.81,ipv4,attack,high,WHITE,blocklist.de/all|blocklist.de/apache|blocklist.de/mail|ziyadnz/hourly-ipv4,blocklist.de|brute-force|apache|rfi|ddos|spam|mail|ziyadnz|hourly,2026-08-17T18:48:05Z,2026-08-17T18:48:05Z,
108.62.59.82,ipv4,attack,high,WHITE,blocklist.de/all|blocklist.de/apache|blocklist.de/mail|ziyadnz/hourly-ipv4,blocklist.de|brute-force|apache|rfi|ddos|spam|mail|ziyadnz|hourly,2026-08-17T18:48:05Z,2026-08-17T18:48:05Z,
108.62.59.83,ipv4,attack,high,WHITE,blocklist.de/all|blocklist.de/apache|blocklist.de/mail|ziyadnz/hourly-ipv4,blocklist.de|brute-force|apache|rfi|ddos|spam|mail|ziyadnz|hourly,2026-08-17T18:48:05Z,2026-08-17T18:48:05Z,
108.62.59.84,ipv4,attack,high,WHITE,blocklist.de/all|blocklist.de/apache|blocklist.de/mail|ziyadnz/hourly-ipv4,blocklist.de|brute-force|apache|rfi|ddos|spam|mail|ziyadnz|hourly,2026-08-17T18:48:05Z,2026-08-17T18:48:05Z,
108.62.59.85,ipv4,attack,high,WHITE,blocklist.de/all|blocklist.de/apache|blocklist.de/mail|ziyadnz/hourly-ipv4,blocklist.de|brute-force|apache|rfi|ddos|spam|mail|ziyadnz|hourly,2026-08-17T18:48:05Z,2026-08-17T18:48:05Z,
108.62.59.86,ipv4,attack,high,WHITE,blocklist.de/all|blocklist.de/apache|blocklist.de/mail|ziyadnz/hourly-ipv4,blocklist.de|brute-force|apache|rfi|ddos|spam|mail|ziyadnz|hourly,2026-08-17T18:48:05Z,2026-08-17T18:48:05Z,
108.62.59.87,ipv4,attack,high,WHITE,blocklist.de/all|blocklist.de/apache|blocklist.de/mail|ziyadnz/hourly-ipv4,blocklist.de|brute-force|apache|rfi|ddos|spam|mail|ziyadnz|hourly,2026-08-17T18:48:05Z,2026-08-17T18:48:05Z,
108.62.59.88,ipv4,attack,high,WHITE,blocklist.de/all|blocklist.de/apache|blocklist.de/mail|ziyadnz/hourly-ipv4,blocklist.de|brute-force|apache|rfi|ddos|spam|mail|ziyadnz|hourly,2026-08-17T18:48:05Z,2026-08-17T18:48:05Z,
108.62.59.89,ipv4,attack,high,WHITE,blocklist.de/all|blocklist.de/apache|blocklist.de/mail|ziyadnz/hourly-ipv4,blocklist.de|brute-force|apache|rfi|ddos|spam|mail|ziyadnz|hourly,2026-08-17T18:48:05Z,2026-08-17T18:48:05Z,
108.62.59.90,ipv4,attack,high,WHITE,blocklist.de/all|blocklist.de/apache|blocklist.de/mail|ziyadnz/hourly-ipv4,blocklist.de|brute-force|apache|rfi|ddos|spam|mail|ziyadnz|hourly,2026-08-17T18:48:05Z,2026-08-17T18:48:05Z,
108.62.59.91,ipv4,attack,high,WHITE,blocklist.de/all|blocklist.de/apache|blocklist.de/mail|ziyadnz/hourly-ipv4,blocklist.de|brute-force|apache|rfi|ddos|spam|mail|ziyadnz|hourly,2026-08-17T18:48:05Z,2026-08-17T18:48:05Z,
108.62.59.92,ipv4,attack,high,WHITE,blocklist.de/all|blocklist.de/apache|blocklist.de/mail|ziyadnz/hourly-ipv4,blocklist.de|brute-force|apache|rfi|ddos|spam|mail|ziyadnz|hourly,2026-08-17T18:48:05Z,2026-08-17T18:48:05Z,
108.62.59.93,ipv4,attack,high,WHITE,blocklist.de/all|blocklist.de/apache|blocklist.de/mail|ziyadnz/hourly-ipv4,blocklist.de|brute-force|apache|rfi|ddos|spam|mail|ziyadnz|hourly,2026-08-17T18:48:05Z,2026-08-17T18:48:05Z,
108.62.59.94,ipv4,attack,high,WHITE,blocklist.de/all|blocklist.de/apache|blocklist.de/mail|ziyadnz/hourly-ipv4,blocklist.de|brute-force|apache|rfi|ddos|spam|mail|ziyadnz|hourly,2026-08-17T18:48:05Z,2026-08-17T18:48:05Z,
108.62.59.95,ipv4,attack,high,WHITE,blocklist.de/all|blocklist.de/apache|blocklist.de/mail|ziyadnz/hourly-ipv4,blocklist.de|brute-force|apache|rfi|ddos|spam|mail|ziyadnz|hourly,2026-08-17T18:48:05Z,2026-08-17T18:48:05Z,
108.62.59.96,ipv4,attack,high,WHITE,blocklist.de/all|blocklist.de/apache|blocklist.de/mail|ziyadnz/hourly-ipv4,blocklist.de|brute-force|apache|rfi|ddos|spam|mail|ziyadnz|hourly,2026-08-17T18:48:05Z,2026-08-17T18:48:05Z,
108.62.59.97,ipv4,attack,high,WHITE,blocklist.de/all|blocklist.de/apache|blocklist.de/mail|ziyadnz/hourly-ipv4,blocklist.de|brute-force|apache|rfi|ddos|spam|mail|ziyadnz|hourly,2026-08-17T18:48:05Z,2026-08-17T18:48:05Z,
108.62.59.98,ipv4,attack,high,WHITE,blocklist.de/all|blocklist.de/apache|blocklist.de/mail|ziyadnz/hourly-ipv4,blocklist.de|brute-force|apache|rfi|ddos|spam|mail|ziyadnz|hourly,2026-08-17T18:48:05Z,2026-08-17T18:48:05Z,
108.62.59.99,ipv4,attack,high,WHITE,blocklist.de/all|blocklist.de/apache|blocklist.de/mail|ziyadnz/hourly-ipv4,blocklist.de|brute-force|apache|rfi|ddos|spam|mail|ziyadnz|hourly,2026-08-17T18:48:05Z,2026-08-17T18:48:05Z,
108.62.59.100,ipv4,attack,high,WHITE,blocklist.de/all|blocklist.de/apache|blocklist.de/mail|ziyadnz/hourly-ipv4,blocklist.de|brute-force|apache|rfi|ddos|spam|mail|ziyadnz|hourly,2026-08-17T18:48:05Z,2026-08-17T18:48:05Z,
108.62.59.101,ipv4,attack,high,WHITE,blocklist.de/all|blocklist.de/apache|blocklist.de/mail|ziyadnz/hourly-ipv4,blocklist.de|brute-force|apache|rfi|ddos|spam|mail|ziyadnz|hourly,2026-08-17T18:48:05Z,2026-08-17T18:48:05Z,
108.62.59.102,ipv4,attack,high,WHITE,blocklist.de/all|blocklist.de/apache|blocklist.de/mail|ziyadnz/hourly-ipv4,blocklist.de|brute-force|apache|rfi|ddos|spam|mail|ziyadnz|hourly,2026-08-17T18:48:05Z,2026-08-17T18:48:05Z,
108.62.59.103,ipv4,attack,high,WHITE,blocklist.de/all|blocklist.de/apache|blocklist.de/mail|ziyadnz/hourly-ipv4,blocklist.de|brute-force|apache|rfi|ddos|spam|mail|ziyadnz|hourly,2026-08-17T18:48:05Z,2026-08-17T18:48:05Z,
108.62.59.104,ipv4,attack,high,WHITE,blocklist.de/all|blocklist.de/apache|blocklist.de/mail|ziyadnz/hourly-ipv4,blocklist.de|brute-force|apache|rfi|ddos|spam|mail|ziyadnz|hourly,2026-08-17T18:48:05Z,2026-08-17T18:48:05Z,
108.62.59.105,ipv4,attack,high,WHITE,blocklist.de/all|blocklist.de/apache|blocklist.de/mail|ziyadnz/hourly-ipv4,blocklist.de|brute-force|apache|rfi|ddos|spam|mail|ziyadnz|hourly,2026-08-17T18:48:05Z,2026-08-17T18:48:05Z,
108.62.59.106,ipv4,attack,high,WHITE,blocklist.de/all|blocklist.de/apache|blocklist.de/mail|ziyadnz/hourly-ipv4,blocklist.de|brute-force|apache|rfi|ddos|spam|mail|ziyadnz|hourly,2026-08-17T18:48:05Z,2026-08-17T18:48:05Z,
108.62.59.107,ipv4,attack,high,WHITE,blocklist.de/all|blocklist.de/apache|blocklist.de/mail|ziyadnz/hourly-ipv4,blocklist.de|brute-force|apache|rfi|ddos|spam|mail|ziyadnz|hourly,2026-08-17T18:48:05Z,2026-08-17T18:48:05Z,
108.62.59.108,ipv4,attack,high,WHITE,blocklist.de/all|blocklist.de/apache|blocklist.de/mail|ziyadnz/hourly-ipv4,blocklist.de|brute-force|apache|rfi|ddos|spam|mail|ziyadnz|hourly,2026-08-17T18:48:05Z,2026-08-17T18:48:05Z,
108.62.59.109,ipv4,attack,high,WHITE,blocklist.de/all|blocklist.de/apache|blocklist.de/mail|ziyadnz/hourly-ipv4,blocklist.de|brute-force|apache|rfi|ddos|spam|mail|ziyadnz|hourly,2026-08-17T18:48:05Z,2026-08-17T18:48:05Z,
108.62.59.110,ipv4,attack,high,WHITE,blocklist.de/all|blocklist.de/apache|blocklist.de/mail|ziyadnz/hourly-ipv4,blocklist.de|brute-force|apache|rfi|ddos|spam|mail|ziyadnz|hourly,2026-08-17T18:48:05Z,2026-08-17T18:48:05Z,
108.62.59.111,ipv4,attack,high,WHITE,blocklist.de/all|blocklist.de/apache|blocklist.de/mail|ziyadnz/hourly-ipv4,blocklist.de|brute-force|apache|rfi|ddos|spam|mail|ziyadnz|hourly,2026-08-17T18:48:05Z,2026-08-17T18:48:05Z,
108.62.59.112,ipv4,attack,high,WHITE,blocklist.de/all|blocklist.de/apache|blocklist.de/mail|ziyadnz/hourly-ipv4,blocklist.de|brute-force|apache|rfi|ddos|spam|mail|ziyadnz|hourly,2026-08-17T18:48:05Z,2026-08-17T18:48:05Z,
108.62.59.113,ipv4,attack,high,WHITE,blocklist.de/all|blocklist.de/apache|blocklist.de/mail|ziyadnz/hourly-ipv4,blocklist.de|brute-force|apache|rfi|ddos|spam|mail|ziyadnz|hourly,2026-08-17T18:48:05Z,2026-08-17T18:48:05Z,
108.62.59.114,ipv4,attack,high,WHITE,blocklist.de/all|blocklist.de/apache|blocklist.de/mail|ziyadnz/hourly-ipv4,blocklist.de|brute-force|apache|rfi|ddos|spam|mail|ziyadnz|hourly,2026-08-17T18:48:05Z,2026-08-17T18:48:05Z,
108.62.59.115,ipv4,attack,high,WHITE,blocklist.de/all|blocklist.de/apache|blocklist.de/mail|ziyadnz/hourly-ipv4,blocklist.de|brute-force|apache|rfi|ddos|spam|mail|ziyadnz|hourly,2026-08-17T18:48:05Z,2026-08-17T18:48:05Z,
108.62.59.116,ipv4,attack,high,WHITE,blocklist.de/all|blocklist.de/apache|blocklist.de/mail|ziyadnz/hourly-ipv4,blocklist.de|brute-force|apache|rfi|ddos|spam|mail|ziyadnz|hourly,2026-08-17T18:48:05Z,2026-08-17T18:48:05Z,
108.62.59.117,ipv4,attack,high,WHITE,blocklist.de/all|blocklist.de/apache|blocklist.de/mail|ziyadnz/hourly-ipv4,blocklist.de|brute-force|apache|rfi|ddos|spam|mail|ziyadnz|hourly,2026-08-17T18:48:05Z,2026-08-17T18:48:05Z,
108.62.59.118,ipv4,attack,high,WHITE,blocklist.de/all|blocklist.de/apache|blocklist.de/mail|ziyadnz/hourly-ipv4,blocklist.de|brute-force|apache|rfi|ddos|spam|mail|ziyadnz|hourly,2026-08-17T18:48:05Z,2026-08-17T18:48:05Z,
108.62.59.119,ipv4,attack,high,WHITE,blocklist.de/all|blocklist.de/apache|blocklist.de/mail|ziyadnz/hourly-ipv4,blocklist.de|brute-force|apache|rfi|ddos|spam|mail|ziyadnz|hourly,2026-08-17T18:48:05Z,2026-08-17T18:48:05Z,
108.62.59.120,ipv4,attack,high,WHITE,blocklist.de/all|blocklist.de/apache|blocklist.de/mail|ziyadnz/hourly-ipv4,blocklist.de|brute-force|apache|rfi|ddos|spam|mail|ziyadnz|hourly,2026-08-17T18:48:05Z,2026-08-17T18:48:05Z,
108.62.59.121,ipv4,attack,high,WHITE,blocklist.de/all|blocklist.de/apache|blocklist.de/mail|ziyadnz/hourly-ipv4,blocklist.de|brute-force|apache|rfi|ddos|spam|mail|ziyadnz|hourly,2026-08-17T18:48:05Z,2026-08-17T18:48:05Z,
108.62.59.122,ipv4,attack,high,WHITE,blocklist.de/all|blocklist.de/apache|blocklist.de/mail|ziyadnz/hourly-ipv4,blocklist.de|brute-force|apache|rfi|ddos|spam|mail|ziyadnz|hourly,2026-08-17T18:48:05Z,2026-08-17T18:48:05Z,
108.62.59.123,ipv4,attack,high,WHITE,blocklist.de/all|blocklist.de/apache|blocklist.de/mail|ziyadnz/hourly-ipv4,blocklist.de|brute-force|apache|rfi|ddos|spam|mail|ziyadnz|hourly,2026-08-17T18:48:05Z,2026-08-17T18:48:05Z,
108.62.59.124,ipv4,attack,high,WHITE,blocklist.de/all|blocklist.de/apache|blocklist.de/mail|ziyadnz/hourly-ipv4,blocklist.de|brute-force|apache|rfi|ddos|spam|mail|ziyadnz|hourly,2026-08-17T18:48:05Z,2026-08-17T18:48:05Z,
108.62.59.125,ipv4,attack,high,WHITE,blocklist.de/all|blocklist.de/apache|blocklist.de/mail|ziyadnz/hourly-ipv4,blocklist.de|brute-force|apache|rfi|ddos|spam|mail|ziyadnz|hourly,2026-08-17T18:48:05Z,2026-08-17T18:48:05Z,
108.62.59.126,ipv4,attack,high,WHITE,blocklist.de/all|blocklist.de/apache|blocklist.de/mail|ziyadnz/hourly-ipv4,blocklist.de|brute-force|apache|rfi|ddos|spam|mail|ziyadnz|hourly,2026-08-17T18:48:05Z,2026-08-17T18:48:05Z,
108.62.59.127,ipv4,attack,high,WHITE,blocklist.de/all|blocklist.de/apache|blocklist.de/mail|ziyadnz/hourly-ipv4,blocklist.de|brute-force|apache|rfi|ddos|spam|mail|ziyadnz|hourly,2026-08-17T18:48:05Z,2026-08-17T18:48:05Z,
108.62.59.128,ipv4,attack,high,WHITE,blocklist.de/all|blocklist.de/apache|blocklist.de/mail|ziyadnz/hourly-ipv4,blocklist.de|brute-force|apache|rfi|ddos|spam|mail|ziyadnz|hourly,2026-08-17T18:48:05Z,2026-08-17T18:48:05Z,
108.62.59.129,ipv4,attack,high,WHITE,blocklist.de/all|blocklist.de/apache|blocklist.de/mail|ziyadnz/hourly-ipv4,blocklist.de|brute-force|apache|rfi|ddos|spam|mail|ziyadnz|hourly,2026-08-17T18:48:05Z,2026-08-17T18:48:05Z,
108.62.59.130,ipv4,attack,high,WHITE,blocklist.de/all|blocklist.de/apache|blocklist.de/mail|ziyadnz/hourly-ipv4,blocklist.de|brute-force|apache|rfi|ddos|spam|mail|ziyadnz|hourly,2026-08-17T18:48:05Z,2026-08-17T18:48:05Z,
108.62.59.131,ipv4,attack,high,WHITE,blocklist.de/all|blocklist.de/apache|blocklist.de/mail|ziyadnz/hourly-ipv4,blocklist.de|brute-force|apache|rfi|ddos|spam|mail|ziyadnz|hourly,2026-08-17T18:48:05Z,2026-08-17T18:48:05Z,
108.62.59.132,ipv4,attack,high,WHITE,blocklist.de/all|blocklist.de/apache|blocklist.de/mail|ziyadnz/hourly-ipv4,blocklist.de|brute-force|apache|rfi|ddos|spam|mail|ziyadnz|hourly,2026-08-17T18:48:05Z,2026-08-17T18:48:05Z,
108.62.59.133,ipv4,attack,high,WHITE,blocklist.de/all|blocklist.de/apache|blocklist.de/mail|ziyadnz/hourly-ipv4,blocklist.de|brute-force|apache|rfi|ddos|spam|mail|ziyadnz|hourly,2026-08-17T18:48:05Z,2026-08-17T18:48:05Z,
108.62.59.134,ipv4,attack,high,WHITE,blocklist.de/all|blocklist.de/apache|blocklist.de/mail|ziyadnz/hourly-ipv4,blocklist.de|brute-force|apache|rfi|ddos|spam|mail|ziyadnz|hourly,2026-08-17T18:48:05Z,2026-08-17T18:48:05Z,
108.62.59.135,ipv4,attack,high,WHITE,blocklist.de/all|blocklist.de/apache|blocklist.de/mail|ziyadnz/hourly-ipv4,blocklist.de|brute-force|apache|rfi|ddos|spam|mail|ziyadnz|hourly,2026-08-17T18:48:05Z,2026-08-17T18:48:05Z,
108.62.59.136,ipv4,attack,high,WHITE,blocklist.de/all|blocklist.de/apache|blocklist.de/mail|ziyadnz/hourly-ipv4,blocklist.de|brute-force|apache|rfi|ddos|spam|mail|ziyadnz|hourly,2026-08-17T18:48:05Z,2026-08-17T18:48:05Z,
108.62.59.137,ipv4,attack,high,WHITE,blocklist.de/all|blocklist.de/apache|blocklist.de/mail|ziyadnz/hourly-ipv4,blocklist.de|brute-force|apache|rfi|ddos|spam|mail|ziyadnz|hourly,2026-08-17T18:48:05Z,2026-08-17T18:48:05Z,
108.62.59.138,ipv4,attack,high,WHITE,blocklist.de/all|blocklist.de/apache|blocklist.de/mail|ziyadnz/hourly-ipv4,blocklist.de|brute-force|apache|rfi|ddos|spam|mail|ziyadnz|hourly,2026-08-17T18:48:05Z,2026-08-17T18:48:05Z,
108.62.59.139,ipv4,attack,high,WHITE,blocklist.de/all|blocklist.de/apache|blocklist.de/mail|ziyadnz/hourly-ipv4,blocklist.de|brute-force|apache|rfi|ddos|spam|mail|ziyadnz|hourly,2026-08-17T18:48:05Z,2026-08-17T18:48:05Z,
108.62.59.140,ipv4,attack,high,WHITE,blocklist.de/all|blocklist.de/apache|blocklist.de/mail|ziyadnz/hourly-ipv4,blocklist.de|brute-force|apache|rfi|ddos|spam|mail|ziyadnz|hourly,2026-08-17T18:48:05Z,2026-08-17T18:48:05Z,
108.62.59.141,ipv4,attack,high,WHITE,blocklist.de/all|blocklist.de/apache|blocklist.de/mail|ziyadnz/hourly-ipv4,blocklist.de|brute-force|apache|rfi|ddos|spam|mail|ziyadnz|hourly,2026-08-17T18:48:05Z,2026-08-17T18:48:05Z,
108.62.59.142,ipv4,attack,high,WHITE,blocklist.de/all|blocklist.de/apache|blocklist.de/mail|ziyadnz/hourly-ipv4,blocklist.de|brute-force|apache|rfi|ddos|spam|mail|ziyadnz|hourly,2026-08-17T18:48:05Z,2026-08-17T18:48:05Z,
108.62.59.143,ipv4,attack,high,WHITE,blocklist.de/all|blocklist.de/apache|blocklist.de/mail|ziyadnz/hourly-ipv4,blocklist.de|brute-force|apache|rfi|ddos|spam|mail|ziyadnz|hourly,2026-08-17T18:48:05Z,2026-08-17T18:48:05Z,
108.62.59.144,ipv4,attack,high,WHITE,blocklist.de/all|blocklist.de/apache|blocklist.de/mail|ziyadnz/hourly-ipv4,blocklist.de|brute-force|apache|rfi|ddos|spam|mail|ziyadnz|hourly,2026-08-17T18:48:05Z,2026-08-17T18:48:05Z,
108.62.59.145,ipv4,attack,high,WHITE,blocklist.de/all|blocklist.de/apache|blocklist.de/mail|ziyadnz/hourly-ipv4,blocklist.de|brute-force|apache|rfi|ddos|spam|mail|ziyadnz|hourly,2026-08-17T18:48:05Z,2026-08-17T18:48:05Z,
108.62.59.146,ipv4,attack,high,WHITE,blocklist.de/all|blocklist.de/apache|blocklist.de/mail|ziyadnz/hourly-ipv4,blocklist.de|brute-force|apache|rfi|ddos|spam|mail|ziyadnz|hourly,2026-08-17T18:48:05Z,2026-08-17T18:48:05Z,
108.62.59.147,ipv4,attack,high,WHITE,blocklist.de/all|blocklist.de/apache|blocklist.de/mail|ziyadnz/hourly-ipv4,blocklist.de|brute-force|apache|rfi|ddos|spam|mail|ziyadnz|hourly,2026-08-17T18:48:05Z,2026-08-17T18:48:05Z,
108.62.59.148,ipv4,attack,high,WHITE,blocklist.de/all|blocklist.de/apache|blocklist.de/mail|ziyadnz/hourly-ipv4,blocklist.de|brute-force|apache|rfi|ddos|spam|mail|ziyadnz|hourly,2026-08-17T18:48:05Z,2026-08-17T18:48:05Z,
108.62.59.149,ipv4,attack,high,WHITE,blocklist.de/all|blocklist.de/apache|blocklist.de/mail|ziyadnz/hourly-ipv4,blocklist.de|brute-force|apache|rfi|ddos|spam|mail|ziyadnz|hourly,2026-08-17T18:48:05Z,2026-08-17T18:48:05Z,
108.62.59.150,ipv4,attack,high,WHITE,blocklist.de/all|blocklist.de/apache|blocklist.de/mail|ziyadnz/hourly-ipv4,blocklist.de|brute-force|apache|rfi|ddos|spam|mail|ziyadnz|hourly,2026-08-17T18:48:05Z,2026-08-17T18:48:05Z,
108.62.59.151,ipv4,attack,high,WHITE,blocklist.de/all|blocklist.de/apache|blocklist.de/mail|ziyadnz/hourly-ipv4,blocklist.de|brute-force|apache|rfi|ddos|spam|mail|ziyadnz|hourly,2026-08-17T18:48:05Z,2026-08-17T18:48:05Z,
108.62.59.152,ipv4,attack,high,WHITE,blocklist.de/all|blocklist.de/apache|blocklist.de/mail|ziyadnz/hourly-ipv4,blocklist.de|brute-force|apache|rfi|ddos|spam|mail|ziyadnz|hourly,2026-08-17T18:48:05Z,2026-08-17T18:48:05Z,
108.62.59.153,ipv4,attack,high,WHITE,blocklist.de/all|blocklist.de/apache|blocklist.de/mail|ziyadnz/hourly-ipv4,blocklist.de|brute-force|apache|rfi|ddos|spam|mail|ziyadnz|hourly,2026-08-17T18:48:05Z,2026-08-17T18:48:05Z,
108.62.59.154,ipv4,attack,high,WHITE,blocklist.de/all|blocklist.de/apache|blocklist.de/mail|ziyadnz/hourly-ipv4,blocklist.de|brute-force|apache|rfi|ddos|spam|mail|ziyadnz|hourly,2026-08-17T18:48:05Z,2026-08-17T18:48:05Z,
108.62.59.155,ipv4,attack,high,WHITE,blocklist.de/all|blocklist.de/apache|blocklist.de/mail|ziyadnz/hourly-ipv4,blocklist.de|brute-force|apache|rfi|ddos|spam|mail|ziyadnz|hourly,2026-08-17T18:48:05Z,2026-08-17T18:48:05Z,
108.62.59.156,ipv4,attack,high,WHITE,blocklist.de/all|blocklist.de/apache|blocklist.de/mail|ziyadnz/hourly-ipv4,blocklist.de|brute-force|apache|rfi|ddos|spam|mail|ziyadnz|hourly,2026-08-17T18:48:05Z,2026-08-17T18:48:05Z,
108.62.59.157,ipv4,attack,high,WHITE,blocklist.de/all|blocklist.de/apache|blocklist.de/mail|ziyadnz/hourly-ipv4,blocklist.de|brute-force|apache|rfi|ddos|spam|mail|ziyadnz|hourly,2026-08-17T18:48:05Z,2026-08-17T18:48:05Z,
108.62.59.158,ipv4,attack,high,WHITE,blocklist.de/all|blocklist.de/apache|blocklist.de/mail|ziyadnz/hourly-ipv4,blocklist.de|brute-force|apache|rfi|ddos|spam|mail|ziyadnz|hourly,2026-08-17T18:48:05Z,2026-08-17T18:48:05Z,
108.62.59.159,ipv4,attack,high,WHITE,blocklist.de/all|blocklist.de/apache|blocklist.de/mail|ziyadnz/hourly-ipv4,blocklist.de|brute-force|apache|rfi|ddos|spam|mail|ziyadnz|hourly,2026-08-17T18:48:05Z,2026-08-17T18:48:05Z,
108.62.59.160,ipv4,attack,high,WHITE,blocklist.de/all|blocklist.de/apache|blocklist.de/mail|ziyadnz/hourly-ipv4,blocklist.de|brute-force|apache|rfi|ddos|spam|mail|ziyadnz|hourly,2026-08-17T18:48:05Z,2026-08-17T18:48:05Z,
108.62.59.161,ipv4,attack,high,WHITE,blocklist.de/all|blocklist.de/apache|blocklist.de/mail|ziyadnz/hourly-ipv4,blocklist.de|brute-force|apache|rfi|ddos|spam|mail|ziyadnz|hourly,2026-08-17T18:48:05Z,2026-08-17T18:48:05Z,
108.62.59.162,ipv4,attack,high,WHITE,blocklist.de/all|blocklist.de/apache|blocklist.de/mail|ziyadnz/hourly-ipv4,blocklist.de|brute-force|apache|rfi|ddos|spam|mail|ziyadnz|hourly,2026-08-17T18:48:05Z,2026-08-17T18:48:05Z,
108.62.59.163,ipv4,attack,high,WHITE,blocklist.de/all|blocklist.de/apache|blocklist.de/mail|ziyadnz/hourly-ipv4,blocklist.de|brute-force|apache|rfi|ddos|spam|mail|ziyadnz|hourly,2026-08-17T18:48:05Z,2026-08-17T18:48:05Z,
108.62.59.164,ipv4,attack,high,WHITE,blocklist.de/all|blocklist.de/apache|blocklist.de/mail|ziyadnz/hourly-ipv4,blocklist.de|brute-force|apache|rfi|ddos|spam|mail|ziyadnz|hourly,2026-08-17T18:48:05Z,2026-08-17T18:48:05Z,
108.62.59.165,ipv4,attack,high,WHITE,blocklist.de/all|blocklist.de/apache|blocklist.de/mail|ziyadnz/hourly-ipv4,blocklist.de|brute-force|apache|rfi|ddos|spam|mail|ziyadnz|hourly,2026-08-17T18:48:05Z,2026-08-17T18:48:05Z,
108.62.59.166,ipv4,attack,high,WHITE,blocklist.de/all|blocklist.de/apache|blocklist.de/mail|ziyadnz/hourly-ipv4,blocklist.de|brute-force|apache|rfi|ddos|spam|mail|ziyadnz|hourly,2026-08-17T18:48:05Z,2026-08-17T18:48:05Z,
108.62.59.167,ipv4,attack,high,WHITE,blocklist.de/all|blocklist.de/apache|blocklist.de/mail|ziyadnz/hourly-ipv4,blocklist.de|brute-force|apache|rfi|ddos|spam|mail|ziyadnz|hourly,2026-08-17T18:48:05Z,2026-08-17T18:48:05Z,
108.62.59.168,ipv4,attack,high,WHITE,blocklist.de/all|blocklist.de/apache|blocklist.de/mail|ziyadnz/hourly-ipv4,blocklist.de|brute-force|apache|rfi|ddos|spam|mail|ziyadnz|hourly,2026-08-17T18:48:05Z,2026-08-17T18:48:05Z,
108.62.59.169,ipv4,attack,high,WHITE,blocklist.de/all|blocklist.de/apache|blocklist.de/mail|ziyadnz/hourly-ipv4,blocklist.de|brute-force|apache|rfi|ddos|spam|mail|ziyadnz|hourly,2026-08-17T18:48:05Z,2026-08-17T18:48:05Z,
108.62.59.170,ipv4,attack,high,WHITE,blocklist.de/all|blocklist.de/apache|blocklist.de/mail|ziyadnz/hourly-ipv4,blocklist.de|brute-force|apache|rfi|ddos|spam|mail|ziyadnz|hourly,2026-08-17T18:48:05Z,2026-08-17T18:48:05Z,
108.62.59.171,ipv4,attack,high,WHITE,blocklist.de/all|blocklist.de/apache|blocklist.de/mail|ziyadnz/hourly-ipv4,blocklist.de|brute-force|apache|rfi|ddos|spam|mail|ziyadnz|hourly,2026-08-17T18:48:05Z,2026-08-17T18:48:05Z,
108.62.59.172,ipv4,attack,high,WHITE,blocklist.de/all|blocklist.de/apache|blocklist.de/mail|ziyadnz/hourly-ipv4,blocklist.de|brute-force|apache|rfi|ddos|spam|mail|ziyadnz|hourly,2026-08-17T18:48:05Z,2026-08-17T18:48:05Z,
108.62.59.173,ipv4,attack,high,WHITE,blocklist.de/all|blocklist.de/apache|blocklist.de/mail|ziyadnz/hourly-ipv4,blocklist.de|brute-force|apache|rfi|ddos|spam|mail|ziyadnz|hourly,2026-08-17T18:48:05Z,2026-08-17T18:48:05Z,
108.62.59.174,ipv4,attack,high,WHITE,blocklist.de/all|blocklist.de/apache|blocklist.de/mail|ziyadnz/hourly-ipv4,blocklist.de|brute-force|apache|rfi|ddos|spam|mail|ziyadnz|hourly,2026-08-17T18:48:05Z,2026-08-17T18:48:05Z,
108.62.59.175,ipv4,attack,high,WHITE,blocklist.de/all|blocklist.de/apache|blocklist.de/mail|ziyadnz/hourly-ipv4,blocklist.de|brute-force|apache|rfi|ddos|spam|mail|ziyadnz|hourly,2026-08-17T18:48:05Z,2026-08-17T18:48:05Z,
108.62.59.176,ipv4,attack,high,WHITE,blocklist.de/all|blocklist.de/apache|blocklist.de/mail|ziyadnz/hourly-ipv4,blocklist.de|brute-force|apache|rfi|ddos|spam|mail|ziyadnz|hourly,2026-08-17T18:48:05Z,2026-08-17T18:48:05Z,
108.62.59.177,ipv4,attack,high,WHITE,blocklist.de/all|blocklist.de/apache|blocklist.de/mail|ziyadnz/hourly-ipv4,blocklist.de|brute-force|apache|rfi|ddos|spam|mail|ziyadnz|hourly,2026-08-17T18:48:05Z,2026-08-17T18:48:05Z,
108.62.59.178,ipv4,attack,high,WHITE,blocklist.de/all|blocklist.de/apache|blocklist.de/mail|ziyadnz/hourly-ipv4,blocklist.de|brute-force|apache|rfi|ddos|spam|mail|ziyadnz|hourly,2026-08-17T18:48:05Z,2026-08-17T18:48:05Z,
108.62.59.179,ipv4,attack,high,WHITE,blocklist.de/all|blocklist.de/apache|blocklist.de/mail|ziyadnz/hourly-ipv4,blocklist.de|brute-force|apache|rfi|ddos|spam|mail|ziyadnz|hourly,2026-08-17T18:48:05Z,2026-08-17T18:48:05Z,
108.62.59.180,ipv4,attack,high,WHITE,blocklist.de/all|blocklist.de/apache|blocklist.de/mail|ziyadnz/hourly-ipv4,blocklist.de|brute-force|apache|rfi|ddos|spam|mail|ziyadnz|hourly,2026-08-17T18:48:05Z,2026-08-17T18:48:05Z,
108.62.59.181,ipv4,attack,high,WHITE,blocklist.de/all|blocklist.de/apache|blocklist.de/mail|ziyadnz/hourly-ipv4,blocklist.de|brute-force|apache|rfi|ddos|spam|mail|ziyadnz|hourly,2026-08-17T18:48:05Z,2026-08-17T18:48:05Z,
108.62.59.182,ipv4,attack,high,WHITE,blocklist.de/all|blocklist.de/apache|blocklist.de/mail|ziyadnz/hourly-ipv4,blocklist.de|brute-force|apache|rfi|ddos|spam|mail|ziyadnz|hourly,2026-08-17T18:48:05Z,2026-08-17T18:48:05Z,
108.62.59.183,ipv4,attack,high,WHITE,blocklist.de/all|blocklist.de/apache|blocklist.de/mail|ziyadnz/hourly-ipv4,blocklist.de|brute-force|apache|rfi|ddos|spam|mail|ziyadnz|hourly,2026-08-17T18:48:05Z,2026-08-17T18:48:05Z,
108.62.59.184,ipv4,attack,high,WHITE,blocklist.de/all|blocklist.de/apache|blocklist.de/mail|ziyadnz/hourly-ipv4,blocklist.de|brute-force|apache|rfi|ddos|spam|mail|ziyadnz|hourly,2026-08-17T18:48:05Z,2026-08-17T18:48:05Z,
108.62.59.185,ipv4,attack,high,WHITE,blocklist.de/all|blocklist.de/apache|blocklist.de/mail|ziyadnz/hourly-ipv4,blocklist.de|brute-force|apache|rfi|ddos|spam|mail|ziyadnz|hourly,2026-08-17T18:48:05Z,2026-08-17T18:48:05Z,
108.62.59.186,ipv4,attack,high,WHITE,blocklist.de/all|blocklist.de/apache|blocklist.de/mail|ziyadnz/hourly-ipv4,blocklist.de|brute-force|apache|rfi|ddos|spam|mail|ziyadnz|hourly,2026-08-17T18:48:05Z,2026-08-17T18:48:05Z,
108.62.59.187,ipv4,attack,high,WHITE,blocklist.de/all|blocklist.de/apache|blocklist.de/mail|ziyadnz/hourly-ipv4,blocklist.de|brute-force|apache|rfi|ddos|spam|mail|ziyadnz|hourly,2026-08-17T18:48:05Z,2026-08-17T18:48:05Z,
108.62.59.188,ipv4,attack,high,WHITE,blocklist.de/all|blocklist.de/apache|blocklist.de/mail|ziyadnz/hourly-ipv4,blocklist.de|brute-force|apache|rfi|ddos|spam|mail|ziyadnz|hourly,2026-08-17T18:48:05Z,2026-08-17T18:48:05Z,
108.62.59.189,ipv4,attack,high,WHITE,blocklist.de/all|blocklist.de/apache|blocklist.de/mail|ziyadnz/hourly-ipv4,blocklist.de|brute-force|apache|rfi|ddos|spam|mail|ziyadnz|hourly,2026-08-17T18:48:05Z,2026-08-17T18:48:05Z,
108.62.59.190,ipv4,attack,high,WHITE,blocklist.de/all|blocklist.de/apache|blocklist.de/mail|ziyadnz/hourly-ipv4,blocklist.de|brute-force|apache|rfi|ddos|spam|mail|ziyadnz|hourly,2026-08-17T18:48:05Z,2026-08-17T18:48:05Z,
108.62.59.191,ipv4,attack,high,WHITE,blocklist.de/all|blocklist.de/apache|blocklist.de/mail|ziyadnz/hourly-ipv4,blocklist.de|brute-force|apache|rfi|ddos|spam|mail|ziyadnz|hourly,2026-08-17T18:48:05Z,2026-08-17T18:48:05Z,
108.62.59.192,ipv4,attack,high,WHITE,blocklist.de/all|blocklist.de/apache|blocklist.de/mail|ziyadnz/hourly-ipv4,blocklist.de|brute-force|apache|rfi|ddos|spam|mail|ziyadnz|hourly,2026-08-17T18:48:05Z,2026-08-17T18:48:05Z,
108.62.59.193,ipv4,attack,high,WHITE,blocklist.de/all|blocklist.de/apache|blocklist.de/mail|ziyadnz/hourly-ipv4,blocklist.de|brute-force|apache|rfi|ddos|spam|mail|ziyadnz|hourly,2026-08-17T18:48:05Z,2026-08-17T18:48:05Z,
108.62.59.194,ipv4,attack,high,WHITE,blocklist.de/all|blocklist.de/apache|blocklist.de/mail|ziyadnz/hourly-ipv4,blocklist.de|brute-force|apache|rfi|ddos|spam|mail|ziyadnz|hourly,2026-08-17T18:48:05Z,2026-08-17T18:48:05Z,
108.62.59.195,ipv4,attack,high,WHITE,blocklist.de/all|blocklist.de/apache|blocklist.de/mail|ziyadnz/hourly-ipv4,blocklist.de|brute-force|apache|rfi|ddos|spam|mail|ziyadnz|hourly,2026-08-17T18:48:05Z,2026-08-17T18:48:05Z,
108.62.59.196,ipv4,attack,high,WHITE,blocklist.de/all|blocklist.de/apache|blocklist.de/mail|ziyadnz/hourly-ipv4,blocklist.de|brute-force|apache|rfi|ddos|spam|mail|ziyadnz|hourly,2026-08-17T18:48:05Z,2026-08-17T18:48:05Z,
108.62.59.197,ipv4,attack,high,WHITE,blocklist.de/all|blocklist.de/apache|blocklist.de/mail|ziyadnz/hourly-ipv4,blocklist.de|brute-force|apache|rfi|ddos|spam|mail|ziyadnz|hourly,2026-08-17T18:48:05Z,2026-08-17T18:48:05Z,
108.62.59.198,ipv4,attack,high,WHITE,blocklist.de/all|blocklist.de/apache|blocklist.de/mail|ziyadnz/hourly-ipv4,blocklist.de|brute-force|apache|rfi|ddos|spam|mail|ziyadnz|hourly,2026-08-17T18:48:05Z,2026-08-17T18:48:05Z,
108.62.59.199,ipv4,attack,high,WHITE,blocklist.de/all|blocklist.de/apache|blocklist.de/mail|ziyadnz/hourly-ipv4,blocklist.de|brute-force|apache|rfi|ddos|spam|mail|ziyadnz|hourly,2026-08-17T18:48:05Z,2026-08-17T18:48:05Z,
108.62.59.200,ipv4,attack,high,WHITE,blocklist.de/all|blocklist.de/apache|blocklist.de/mail|ziyadnz/hourly-ipv4,blocklist.de|brute-force|apache|rfi|ddos|spam|mail|ziyadnz|hourly,2026-08-17T18:48:05Z,2026-08-17T18:48:05Z,
108.62.59.201,ipv4,attack,high,WHITE,blocklist.de/all|blocklist.de/apache|blocklist.de/mail|ziyadnz/hourly-ipv4,blocklist.de|brute-force|apache|rfi|ddos|spam|mail|ziyadnz|hourly,2026-08-17T18:48:05Z,2026-08-17T18:48:05Z,
108.62.59.202,ipv4,attack,high,WHITE,blocklist.de/all|blocklist.de/apache|blocklist.de/mail|ziyadnz/hourly-ipv4,blocklist.de|brute-force|apache|rfi|ddos|spam|mail|ziyadnz|hourly,2026-08-17T18:48:05Z,2026-08-17T18:48:05Z,
108.62.59.203,ipv4,attack,high,WHITE,blocklist.de/all|blocklist.de/apache|blocklist.de/mail|ziyadnz/hourly-ipv4,blocklist.de|brute-force|apache|rfi|ddos|spam|mail|ziyadnz|hourly,2026-08-17T18:48:05Z,2026-08-17T18:48:05Z,
108.62.59.204,ipv4,attack,high,WHITE,blocklist.de/all|blocklist.de/apache|blocklist.de/mail|ziyadnz/hourly-ipv4,blocklist.de|brute-force|apache|rfi|ddos|spam|mail|ziyadnz|hourly,2026-08-17T18:48:05Z,2026-08-17T18:48:05Z,
108.62.59.205,ipv4,attack,high,WHITE,blocklist.de/all|blocklist.de/apache|blocklist.de/mail|ziyadnz/hourly-ipv4,blocklist.de|brute-force|apache|rfi|ddos|spam|mail|ziyadnz|hourly,2026-08-17T18:48:05Z,2026-08-17T18:48:05Z,
108.62.59.206,ipv4,attack,high,WHITE,blocklist.de/all|blocklist.de/apache|blocklist.de/mail|ziyadnz/hourly-ipv4,blocklist.de|brute-force|apache|rfi|ddos|spam|mail|ziyadnz|hourly,2026-08-17T18:48:05Z,2026-08-17T18:48:05Z,
108.62.59.207,ipv4,attack,high,WHITE,blocklist.de/all|blocklist.de/apache|blocklist.de/mail|ziyadnz/hourly-ipv4,blocklist.de|brute-force|apache|rfi|ddos|spam|mail|ziyadnz|hourly,2026-08-17T18:48:05Z,2026-08-17T18:48:05Z,
108.62.59.208,ipv4,attack,high,WHITE,blocklist.de/all|blocklist.de/apache|blocklist.de/mail|ziyadnz/hourly-ipv4,blocklist.de|brute-force|apache|rfi|ddos|spam|mail|ziyadnz|hourly,2026-08-17T18:48:05Z,2026-08-17T18:48:05Z,
108.62.59.209,ipv4,attack,high,WHITE,blocklist.de/all|blocklist.de/apache|blocklist.de/mail|ziyadnz/hourly-ipv4,blocklist.de|brute-force|apache|rfi|ddos|spam|mail|ziyadnz|hourly,2026-08-17T18:48:05Z,2026-08-17T18:48:05Z,
108.62.59.210,ipv4,attack,high,WHITE,blocklist.de/all|blocklist.de/apache|blocklist.de/mail|ziyadnz/hourly-ipv4,blocklist.de|brute-force|apache|rfi|ddos|spam|mail|ziyadnz|hourly,2026-08-17T18:48:05Z,2026-08-17T18:48:05Z,
108.62.59.211,ipv4,attack,high,WHITE,blocklist.de/all|blocklist.de/apache|blocklist.de/mail|ziyadnz/hourly-ipv4,blocklist.de|brute-force|apache|rfi|ddos|spam|mail|ziyadnz|hourly,2026-08-17T18:48:05Z,2026-08-17T18:48:05Z,
108.62.59.212,ipv4,attack,high,WHITE,blocklist.de/all|blocklist.de/apache|blocklist.de/mail|ziyadnz/hourly-ipv4,blocklist.de|brute-force|apache|rfi|ddos|spam|mail|ziyadnz|hourly,2026-08-17T18:48:05Z,2026-08-17T18:48:05Z,
108.62.59.213,ipv4,attack,high,WHITE,blocklist.de/all|blocklist.de/apache|blocklist.de/mail|ziyadnz/hourly-ipv4,blocklist.de|brute-force|apache|rfi|ddos|spam|mail|ziyadnz|hourly,2026-08-17T18:48:05Z,2026-08-17T18:48:05Z,
108.62.59.214,ipv4,attack,high,WHITE,blocklist.de/all|blocklist.de/apache|blocklist.de/mail|ziyadnz/hourly-ipv4,blocklist.de|brute-force|apache|rfi|ddos|spam|mail|ziyadnz|hourly,2026-08-17T18:48:05Z,2026-08-17T18:48:05Z,
108.62.59.215,ipv4,attack,high,WHITE,blocklist.de/all|blocklist.de/apache|blocklist.de/mail|ziyadnz/hourly-ipv4,blocklist.de|brute-force|apache|rfi|ddos|spam|mail|ziyadnz|hourly,2026-08-17T18:48:05Z,2026-08-17T18:48:05Z,
108.62.59.216,ipv4,attack,high,WHITE,blocklist.de/all|blocklist.de/apache|blocklist.de/mail|ziyadnz/hourly-ipv4,blocklist.de|brute-force|apache|rfi|ddos|spam|mail|ziyadnz|hourly,2026-08-17T18:48:05Z,2026-08-17T18:48:05Z,
108.62.59.217,ipv4,attack,high,WHITE,blocklist.de/all|blocklist.de/apache|blocklist.de/mail|ziyadnz/hourly-ipv4,blocklist.de|brute-force|apache|rfi|ddos|spam|mail|ziyadnz|hourly,2026-08-17T18:48:05Z,2026-08-17T18:48:05Z,
108.62.59.218,ipv4,attack,high,WHITE,blocklist.de/all|blocklist.de/apache|blocklist.de/mail|ziyadnz/hourly-ipv4,blocklist.de|brute-force|apache|rfi|ddos|spam|mail|ziyadnz|hourly,2026-08-17T18:48:05Z,2026-08-17T18:48:05Z,
108.62.59.219,ipv4,attack,high,WHITE,blocklist.de/all|blocklist.de/apache|blocklist.de/mail|ziyadnz/hourly-ipv4,blocklist.de|brute-force|apache|rfi|ddos|spam|mail|ziyadnz|hourly,2026-08-17T18:48:05Z,2026-08-17T18:48:05Z,
108.62.59.220,ipv4,attack,high,WHITE,blocklist.de/all|blocklist.de/apache|blocklist.de/mail|ziyadnz/hourly-ipv4,blocklist.de|brute-force|apache|rfi|ddos|spam|mail|ziyadnz|hourly,2026-08-17T18:48:05Z,2026-08-17T18:48:05Z,
108.62.59.221,ipv4,attack,high,WHITE,blocklist.de/all|blocklist.de/apache|blocklist.de/mail|ziyadnz/hourly-ipv4,blocklist.de|brute-force|apache|rfi|ddos|spam|mail|ziyadnz|hourly,2026-08-17T18:48:05Z,2026-08-17T18:48:05Z,
108.62.59.222,ipv4,attack,high,WHITE,blocklist.de/all|blocklist.de/apache|blocklist.de/mail|ziyadnz/hourly-ipv4,blocklist.de|brute-force|apache|rfi|ddos|spam|mail|ziyadnz|hourly,2026-08-17T18:48:05Z,2026-08-17T18:48:05Z,
108.62.59.223,ipv4,attack,high,WHITE,blocklist.de/all|blocklist.de/apache|blocklist.de/mail|ziyadnz/hourly-ipv4,blocklist.de|brute-force|apache|rfi|ddos|spam|mail|ziyadnz|hourly,2026-08-17T18:48:05Z,2026-08-17T18:48:05Z,
108.62.59.224,ipv4,attack,high,WHITE,blocklist.de/all|blocklist.de/apache|blocklist.de/mail|ziyadnz/hourly-ipv4,blocklist.de|brute-force|apache|rfi|ddos|spam|mail|ziyadnz|hourly,2026-08-17T18:48:05Z,2026-08-17T18:48:05Z,
108.62.59.225,ipv4,attack,high,WHITE,blocklist.de/all|blocklist.de/apache|blocklist.de/mail|ziyadnz/hourly-ipv4,blocklist.de|brute-force|apache|rfi|ddos|spam|mail|ziyadnz|hourly,2026-08-17T18:48:05Z,2026-08-17T18:48:05Z,
108.62.59.226,ipv4,attack,high,WHITE,blocklist.de/all|blocklist.de/apache|blocklist.de/mail|ziyadnz/hourly-ipv4,blocklist.de|brute-force|apache|rfi|ddos|spam|mail|ziyadnz|hourly,2026-08-17T18:48:05Z,2026-08-17T18:48:05Z,
108.62.59.227,ipv4,attack,high,WHITE,blocklist.de/all|blocklist.de/apache|blocklist.de/mail|ziyadnz/hourly-ipv4,blocklist.de|brute-force|apache|rfi|ddos|spam|mail|ziyadnz|hourly,2026-08-17T18:48:05Z,2026-08-17T18:48:05Z,
108.62.59.228,ipv4,attack,high,WHITE,blocklist.de/all|blocklist.de/apache|blocklist.de/mail|ziyadnz/hourly-ipv4,blocklist.de|brute-force|apache|rfi|ddos|spam|mail|ziyadnz|hourly,2026-08-17T18:48:05Z,2026-08-17T18:48:05Z,
108.62.59.229,ipv4,attack,high,WHITE,blocklist.de/all|blocklist.de/apache|blocklist.de/mail|ziyadnz/hourly-ipv4,blocklist.de|brute-force|apache|rfi|ddos|spam|mail|ziyadnz|hourly,2026-08-17T18:48:05Z,2026-08-17T18:48:05Z,
108.62.59.230,ipv4,attack,high,WHITE,blocklist.de/all|blocklist.de/apache|blocklist.de/mail|ziyadnz/hourly-ipv4,blocklist.de|brute-force|apache|rfi|ddos|spam|mail|ziyadnz|hourly,2026-08-17T18:48:05Z,2026-08-17T18:48:05Z,
108.62.59.231,ipv4,attack,high,WHITE,blocklist.de/all|blocklist.de/apache|blocklist.de/mail|ziyadnz/hourly-ipv4,blocklist.de|brute-force|apache|rfi|ddos|spam|mail|ziyadnz|hourly,2026-08-17T18:48:05Z,2026-08-17T18:48:05Z,
108.62.59.232,ipv4,attack,high,WHITE,blocklist.de/all|blocklist.de/apache|blocklist.de/mail|ziyadnz/hourly-ipv4,blocklist.de|brute-force|apache|rfi|ddos|spam|mail|ziyadnz|hourly,2026-08-17T18:48:05Z,2026-08-17T18:48:05Z,
108.62.59.233,ipv4,attack,high,WHITE,blocklist.de/all|blocklist.de/apache|blocklist.de/mail|ziyadnz/hourly-ipv4,blocklist.de|brute-force|apache|rfi|ddos|spam|mail|ziyadnz|hourly,2026-08-17T18:48:05Z,2026-08-17T18:48:05Z,
108.62.59.234,ipv4,attack,high,WHITE,blocklist.de/all|blocklist.de/apache|blocklist.de/mail|ziyadnz/hourly-ipv4,blocklist.de|brute-force|apache|rfi|ddos|spam|mail|ziyadnz|hourly,2026-08-17T18:48:05Z,2026-08-17T18:48:05Z,
108.62.59.235,ipv4,attack,high,WHITE,blocklist.de/all|blocklist.de/apache|blocklist.de/mail|ziyadnz/hourly-ipv4,blocklist.de|brute-force|apache|rfi|ddos|spam|mail|ziyadnz|hourly,2026-08-17T18:48:05Z,2026-08-17T18:48:05Z,
108.62.59.236,ipv4,attack,high,WHITE,blocklist.de/all|blocklist.de/apache|blocklist.de/mail|ziyadnz/hourly-ipv4,blocklist.de|brute-force|apache|rfi|ddos|spam|mail|ziyadnz|hourly,2026-08-17T18:48:05Z,2026-08-17T18:48:05Z,
108.62.59.237,ipv4,attack,high,WHITE,blocklist.de/all|blocklist.de/apache|blocklist.de/mail|ziyadnz/hourly-ipv4,blocklist.de|brute-force|apache|rfi|ddos|spam|mail|ziyadnz|hourly,2026-08-17T18:48:05Z,2026-08-17T18:48:05Z,
108.62.59.238,ipv4,attack,high,WHITE,blocklist.de/all|blocklist.de/apache|blocklist.de/mail|ziyadnz/hourly-ipv4,blocklist.de|brute-force|apache|rfi|ddos|spam|mail|ziyadnz|hourly,2026-08-17T18:48:05Z,2026-08-17T18:48:05Z,
108.62.59.239,ipv4,attack,high,WHITE,blocklist.de/all|blocklist.de/apache|blocklist.de/mail|ziyadnz/hourly-ipv4,blocklist.de|brute-force|apache|rfi|ddos|spam|mail|ziyadnz|hourly,2026-08-17T18:48:05Z,2026-08-17T18:48:05Z,
108.62.59.240,ipv4,attack,high,WHITE,blocklist.de/all|blocklist.de/apache|blocklist.de/mail|ziyadnz/hourly-ipv4,blocklist.de|brute-force|apache|rfi|ddos|spam|mail|ziyadnz|hourly,2026-08-17T18:48:05Z,2026-08-17T18:48:05Z,
108.62.59.241,ipv4,attack,high,WHITE,blocklist.de/all|blocklist.de/apache|blocklist.de/mail|ziyadnz/hourly-ipv4,blocklist.de|brute-force|apache|rfi|ddos|spam|mail|ziyadnz|hourly,2026-08-17T18:48:05Z,2026-08-17T18:48:05Z,
108.62.59.242,ipv4,attack,high,WHITE,blocklist.de/all|blocklist.de/apache|blocklist.de/mail|ziyadnz/hourly-ipv4,blocklist.de|brute-force|apache|rfi|ddos|spam|mail|ziyadnz|hourly,2026-08-17T18:48:05Z,2026-08-17T18:48:05Z,
108.62.59.243,ipv4,attack,high,WHITE,blocklist.de/all|blocklist.de/apache|blocklist.de/mail|ziyadnz/hourly-ipv4,blocklist.de|brute-force|apache|rfi|ddos|spam|mail|ziyadnz|hourly,2026-08-17T18:48:05Z,2026-08-17T18:48:05Z,
108.62.59.244,ipv4,attack,high,WHITE,blocklist.de/all|blocklist.de/apache|blocklist.de/mail|ziyadnz/hourly-ipv4,blocklist.de|brute-force|apache|rfi|ddos|spam|mail|ziyadnz|hourly,2026-08-17T18:48:05Z,2026-08-17T18:48:05Z,
108.62.59.245,ipv4,attack,high,WHITE,blocklist.de/all|blocklist.de/apache|blocklist.de/mail|ziyadnz/hourly-ipv4,blocklist.de|brute-force|apache|rfi|ddos|spam|mail|ziyadnz|hourly,2026-08-17T18:48:05Z,2026-08-17T18:48:05Z,
108.62.59.246,ipv4,attack,high,WHITE,blocklist.de/all|blocklist.de/apache|blocklist.de/mail|ziyadnz/hourly-ipv4,blocklist.de|brute-force|apache|rfi|ddos|spam|mail|ziyadnz|hourly,2026-08-17T18:48:05Z,2026-08-17T18:48:05Z,
108.62.59.247,ipv4,attack,high,WHITE,blocklist.de/all|blocklist.de/apache|blocklist.de/mail|ziyadnz/hourly-ipv4,blocklist.de|brute-force|apache|rfi|ddos|spam|mail|ziyadnz|hourly,2026-08-17T18:48:05Z,2026-08-17T18:48:05Z,
108.62.59.248,ipv4,attack,high,WHITE,blocklist.de/all|blocklist.de/apache|blocklist.de/mail|ziyadnz/hourly-ipv4,blocklist.de|brute-force|apache|rfi|ddos|spam|mail|ziyadnz|hourly,2026-08-17T18:48:05Z,2026-08-17T18:48:05Z,
108.62.59.249,ipv4,attack,high,WHITE,blocklist.de/all|blocklist.de/apache|blocklist.de/mail|ziyadnz/hourly-ipv4,blocklist.de|brute-force|apache|rfi|ddos|spam|mail|ziyadnz|hourly,2026-08-17T18:48:05Z,2026-08-17T18:48:05Z,
108.62.59.250,ipv4,attack,high,WHITE,blocklist.de/all|blocklist.de/apache|blocklist.de/mail|ziyadnz/hourly-ipv4,blocklist.de|brute-force|apache|rfi|ddos|spam|mail|ziyadnz|hourly,2026-08-17T18:48:05Z,2026-08-17T18:48:05Z,
108.62.59.251,ipv4,attack,high,WHITE,blocklist.de/all|blocklist.de/apache|blocklist.de/mail|ziyadnz/hourly-ipv4,blocklist.de|brute-force|apache|rfi|ddos|spam|mail|ziyadnz|hourly,2026-08-17T18:48:05Z,2026-08-17T18:48:05Z,
108.62.59.252,ipv4,attack,high,WHITE,blocklist.de/all|blocklist.de/apache|blocklist.de/mail|ziyadnz/hourly-ipv4,blocklist.de|brute-force|apache|rfi|ddos|spam|mail|ziyadnz|hourly,2026-08-17T18:48:05Z,2026-08-17T18:48:05Z,
108.62.59.253,ipv4,attack,high,WHITE,blocklist.de/all|blocklist.de/apache|blocklist.de/mail|ziyadnz/hourly-ipv4,blocklist.de|brute-force|apache|rfi|ddos|spam|mail|ziyadnz|hourly,2026-08-17T18:48:05Z,2026-08-17T18:48:05Z,
108.62.59.254,ipv4,attack,high,WHITE,blocklist.de/all|blocklist.de/apache|blocklist.de/mail|ziyadnz/hourly-ipv4,blocklist.de|brute-force|apache|rfi|ddos|spam|mail|ziyadnz|hourly,2026-08-17T18:48:05Z,2026-08-17T18:48:05Z,
108.62.59.255,ipv4,attack,high,WHITE,blocklist.de/all|blocklist.de/apache|blocklist.de/mail|ziyadnz/hourly-ipv4,blocklist.de|brute-force|apache|rfi|ddos|spam|mail|ziyadnz|hourly,2026-08-17T18:48:05Z,2026-08-17T18:48:05Z,
108.62.60.0,ipv4,attack,high,WHITE,blocklist.de/all|blocklist.de/apache|blocklist.de/mail|ziyadnz/hourly-ipv4,blocklist.de|brute-force|apache|rfi|ddos|spam|mail|ziyadnz|hourly,2026-08-17T18:48:05Z,2026-08-17T18:48:05Z,
108.62.60.1,ipv4,attack,high,WHITE,blocklist.de/all|blocklist.de/apache|blocklist.de/mail|ziyadnz/hourly-ipv4,blocklist.de|brute-force|apache|rfi|ddos|spam|mail|ziyadnz|hourly,2026-08-17T18:48:05Z,2026-08-17T18:48:05Z,
108.62.60.2,ipv4,attack,high,WHITE,blocklist.de/all|blocklist.de/apache|blocklist.de/mail|ziyadnz/hourly-ipv4,blocklist.de|brute-force|apache|rfi|ddos|spam|mail|ziyadnz|hourly,2026-08-17T18:48:05Z,2026-08-17T18:48:05Z,
108.62.60.3,ipv4,attack,high,WHITE,blocklist.de/all|blocklist.de/apache|blocklist.de/mail|ziyadnz/hourly-ipv4,blocklist.de|brute-force|apache|rfi|ddos|spam|mail|ziyadnz|hourly,2026-08-17T18:48:05Z,2026-08-17T18:48:05Z,
108.62.60.4,ipv4,attack,high,WHITE,blocklist.de/all|blocklist.de/apache|blocklist.de/mail|ziyadnz/hourly-ipv4,blocklist.de|brute-force|apache|rfi|ddos|spam|mail|ziyadnz|hourly,2026-08-17T18:48:05Z,2026-08-17T18:48:05Z,
108.62.60.5,ipv4,attack,high,WHITE,blocklist.de/all|blocklist.de/apache|blocklist.de/mail|ziyadnz/hourly-ipv4,blocklist.de|brute-force|apache|rfi|ddos|spam|mail|ziyadnz|hourly,2026-08-17T18:48:05Z,2026-08-17T18:48:05Z,
108.62.60.6,ipv4,attack,high,WHITE,blocklist.de/all|blocklist.de/apache|blocklist.de/mail|ziyadnz/hourly-ipv4,blocklist.de|brute-force|apache|rfi|ddos|spam|mail|ziyadnz|hourly,2026-08-17T18:48:05Z,2026-08-17T18:48:05Z,
108.62.60.7,ipv4,attack,high,WHITE,blocklist.de/all|blocklist.de/apache|blocklist.de/mail|ziyadnz/hourly-ipv4,blocklist.de|brute-force|apache|rfi|ddos|spam|mail|ziyadnz|hourly,2026-08-17T18:48:05Z,2026-08-17T18:48:05Z,
108.62.60.8,ipv4,attack,high,WHITE,blocklist.de/all|blocklist.de/apache|blocklist.de/mail|ziyadnz/hourly-ipv4,blocklist.de|brute-force|apache|rfi|ddos|spam|mail|ziyadnz|hourly,2026-08-17T18:48:05Z,2026-08-17T18:48:05Z,
108.62.60.9,ipv4,attack,high,WHITE,blocklist.de/all|blocklist.de/apache|blocklist.de/mail|ziyadnz/hourly-ipv4,blocklist.de|brute-force|apache|rfi|ddos|spam|mail|ziyadnz|hourly,2026-08-17T18:48:05Z,2026-08-17T18:48:05Z,
108.62.60.10,ipv4,attack,high,WHITE,blocklist.de/all|blocklist.de/apache|blocklist.de/mail|ziyadnz/hourly-ipv4,blocklist.de|brute-force|apache|rfi|ddos|spam|mail|ziyadnz|hourly,2026-08-17T18:48:05Z,2026-08-17T18:48:05Z,
108.62.60.11,ipv4,attack,high,WHITE,blocklist.de/all|blocklist.de/apache|blocklist.de/mail|ziyadnz/hourly-ipv4,blocklist.de|brute-force|apache|rfi|ddos|spam|mail|ziyadnz|hourly,2026-08-17T18:48:05Z,2026-08-17T18:48:05Z,
108.62.60.12,ipv4,attack,high,WHITE,blocklist.de/all|blocklist.de/apache|blocklist.de/mail|ziyadnz/hourly-ipv4,blocklist.de|brute-force|apache|rfi|ddos|spam|mail|ziyadnz|hourly,2026-08-17T18:48:05Z,2026-08-17T18:48:05Z,
108.62.60.13,ipv4,attack,high,WHITE,blocklist.de/all|blocklist.de/apache|blocklist.de/mail|ziyadnz/hourly-ipv4,blocklist.de|brute-force|apache|rfi|ddos|spam|mail|ziyadnz|hourly,2026-08-17T18:48:05Z,2026-08-17T18:48:05Z,
108.62.60.14,ipv4,attack,high,WHITE,blocklist.de/all|blocklist.de/apache|blocklist.de/mail|ziyadnz/hourly-ipv4,blocklist.de|brute-force|apache|rfi|ddos|spam|mail|ziyadnz|hourly,2026-08-17T18:48:05Z,2026-08-17T18:48:05Z,
108.62.60.15,ipv4,attack,high,WHITE,blocklist.de/all|blocklist.de/apache|blocklist.de/mail|ziyadnz/hourly-ipv4,blocklist.de|brute-force|apache|rfi|ddos|spam|mail|ziyadnz|hourly,2026-08-17T18:48:05Z,2026-08-17T18:48:05Z,
108.62.60.16,ipv4,attack,high,WHITE,blocklist.de/all|blocklist.de/apache|blocklist.de/mail|ziyadnz/hourly-ipv4,blocklist.de|brute-force|apache|rfi|ddos|spam|mail|ziyadnz|hourly,2026-08-17T18:48:05Z,2026-08-17T18:48:05Z,
108.62.60.17,ipv4,attack,high,WHITE,blocklist.de/all|blocklist.de/apache|blocklist.de/mail|ziyadnz/hourly-ipv4,blocklist.de|brute-force|apache|rfi|ddos|spam|mail|ziyadnz|hourly,2026-08-17T18:48:05Z,2026-08-17T18:48:05Z,
108.62.60.18,ipv4,attack,high,WHITE,blocklist.de/all|blocklist.de/apache|blocklist.de/mail|ziyadnz/hourly-ipv4,blocklist.de|brute-force|apache|rfi|ddos|spam|mail|ziyadnz|hourly,2026-08-17T18:48:05Z,2026-08-17T18:48:05Z,
108.62.60.19,ipv4,attack,high,WHITE,blocklist.de/all|blocklist.de/apache|blocklist.de/mail|ziyadnz/hourly-ipv4,blocklist.de|brute-force|apache|rfi|ddos|spam|mail|ziyadnz|hourly,2026-08-17T18:48:05Z,2026-08-17T18:48:05Z,
108.62.60.20,ipv4,attack,high,WHITE,blocklist.de/all|blocklist.de/apache|blocklist.de/mail|ziyadnz/hourly-ipv4,blocklist.de|brute-force|apache|rfi|ddos|spam|mail|ziyadnz|hourly,2026-08-17T18:48:05Z,2026-08-17T18:48:05Z,
108.62.60.21,ipv4,attack,high,WHITE,blocklist.de/all|blocklist.de/apache|blocklist.de/mail|ziyadnz/hourly-ipv4,blocklist.de|brute-force|apache|rfi|ddos|spam|mail|ziyadnz|hourly,2026-08-17T18:48:05Z,2026-08-17T18:48:05Z,
108.62.60.22,ipv4,attack,high,WHITE,blocklist.de/all|blocklist.de/apache|blocklist.de/mail|ziyadnz/hourly-ipv4,blocklist.de|brute-force|apache|rfi|ddos|spam|mail|ziyadnz|hourly,2026-08-17T18:48:05Z,2026-08-17T18:48:05Z,
108.62.60.23,ipv4,attack,high,WHITE,blocklist.de/all|blocklist.de/apache|blocklist.de/mail|ziyadnz/hourly-ipv4,blocklist.de|brute-force|apache|rfi|ddos|spam|mail|ziyadnz|hourly,2026-08-17T18:48:05Z,2026-08-17T18:48:05Z,
108.62.60.24,ipv4,attack,high,WHITE,blocklist.de/all|blocklist.de/apache|blocklist.de/mail|ziyadnz/hourly-ipv4,blocklist.de|brute-force|apache|rfi|ddos|spam|mail|ziyadnz|hourly,2026-08-17T18:48:05Z,2026-08-17T18:48:05Z,
108.62.60.25,ipv4,attack,high,WHITE,blocklist.de/all|blocklist.de/apache|blocklist.de/mail|ziyadnz/hourly-ipv4,blocklist.de|brute-force|apache|rfi|ddos|spam|mail|ziyadnz|hourly,2026-08-17T18:48:05Z,2026-08-17T18:48:05Z,
108.62.60.26,ipv4,attack,high,WHITE,blocklist.de/all|blocklist.de/apache|blocklist.de/mail|ziyadnz/hourly-ipv4,blocklist.de|brute-force|apache|rfi|ddos|spam|mail|ziyadnz|hourly,2026-08-17T18:48:05Z,2026-08-17T18:48:05Z,
108.62.60.27,ipv4,attack,high,WHITE,blocklist.de/all|blocklist.de/apache|blocklist.de/mail|ziyadnz/hourly-ipv4,blocklist.de|brute-force|apache|rfi|ddos|spam|mail|ziyadnz|hourly,2026-08-17T18:48:05Z,2026-08-17T18:48:05Z,
108.62.60.28,ipv4,attack,high,WHITE,blocklist.de/all|blocklist.de/apache|blocklist.de/mail|ziyadnz/hourly-ipv4,blocklist.de|brute-force|apache|rfi|ddos|spam|mail|ziyadnz|hourly,2026-08-17T18:48:05Z,2026-08-17T18:48:05Z,
108.62.60.29,ipv4,attack,high,WHITE,blocklist.de/all|blocklist.de/apache|blocklist.de/mail|ziyadnz/hourly-ipv4,blocklist.de|brute-force|apache|rfi|ddos|spam|mail|ziyadnz|hourly,2026-08-17T18:48:05Z,2026-08-17T18:48:05Z,
108.62.60.30,ipv4,attack,high,WHITE,blocklist.de/all|blocklist.de/apache|blocklist.de/mail|ziyadnz/hourly-ipv4,blocklist.de|brute-force|apache|rfi|ddos|spam|mail|ziyadnz|hourly,2026-08-17T18:48:05Z,2026-08-17T18:48:05Z,
108.62.60.31,ipv4,attack,high,WHITE,blocklist.de/all|blocklist.de/apache|blocklist.de/mail|ziyadnz/hourly-ipv4,blocklist.de|brute-force|apache|rfi|ddos|spam|mail|ziyadnz|hourly,2026-08-17T18:48:05Z,2026-08-17T18:48:05Z,
108.62.60.32,ipv4,attack,high,WHITE,blocklist.de/all|blocklist.de/apache|blocklist.de/mail|ziyadnz/hourly-ipv4,blocklist.de|brute-force|apache|rfi|ddos|spam|mail|ziyadnz|hourly,2026-08-17T18:48:05Z,2026-08-17T18:48:05Z,
108.62.60.33,ipv4,attack,high,WHITE,blocklist.de/all|blocklist.de/apache|blocklist.de/mail|ziyadnz/hourly-ipv4,blocklist.de|brute-force|apache|rfi|ddos|spam|mail|ziyadnz|hourly,2026-08-17T18:48:05Z,2026-08-17T18:48:05Z,
108.62.60.34,ipv4,attack,high,WHITE,blocklist.de/all|blocklist.de/apache|blocklist.de/mail|ziyadnz/hourly-ipv4,blocklist.de|brute-force|apache|rfi|ddos|spam|mail|ziyadnz|hourly,2026-08-17T18:48:05Z,2026-08-17T18:48:05Z,
108.62.60.35,ipv4,attack,high,WHITE,blocklist.de/all|blocklist.de/apache|blocklist.de/mail|ziyadnz/hourly-ipv4,blocklist.de|brute-force|apache|rfi|ddos|spam|mail|ziyadnz|hourly,2026-08-17T18:48:05Z,2026-08-17T18:48:05Z,
108.62.60.36,ipv4,attack,high,WHITE,blocklist.de/all|blocklist.de/apache|blocklist.de/mail|ziyadnz/hourly-ipv4,blocklist.de|brute-force|apache|rfi|ddos|spam|mail|ziyadnz|hourly,2026-08-17T18:48:05Z,2026-08-17T18:48:05Z,
108.62.60.37,ipv4,attack,high,WHITE,blocklist.de/all|blocklist.de/apache|blocklist.de/mail|ziyadnz/hourly-ipv4,blocklist.de|brute-force|apache|rfi|ddos|spam|mail|ziyadnz|hourly,2026-08-17T18:48:05Z,2026-08-17T18:48:05Z,
108.62.60.38,ipv4,attack,high,WHITE,blocklist.de/all|blocklist.de/apache|blocklist.de/mail|ziyadnz/hourly-ipv4,blocklist.de|brute-force|apache|rfi|ddos|spam|mail|ziyadnz|hourly,2026-08-17T18:48:05Z,2026-08-17T18:48:05Z,
108.62.60.39,ipv4,attack,high,WHITE,blocklist.de/all|blocklist.de/apache|blocklist.de/mail|ziyadnz/hourly-ipv4,blocklist.de|brute-force|apache|rfi|ddos|spam|mail|ziyadnz|hourly,2026-08-17T18:48:05Z,2026-08-17T18:48:05Z,
108.62.60.40,ipv4,attack,high,WHITE,blocklist.de/all|blocklist.de/apache|blocklist.de/mail|ziyadnz/hourly-ipv4,blocklist.de|brute-force|apache|rfi|ddos|spam|mail|ziyadnz|hourly,2026-08-17T18:48:05Z,2026-08-17T18:48:05Z,
108.62.60.41,ipv4,attack,high,WHITE,blocklist.de/all|blocklist.de/apache|blocklist.de/mail|ziyadnz/hourly-ipv4,blocklist.de|brute-force|apache|rfi|ddos|spam|mail|ziyadnz|hourly,2026-08-17T18:48:05Z,2026-08-17T18:48:05Z,
108.62.60.42,ipv4,attack,high,WHITE,blocklist.de/all|blocklist.de/apache|blocklist.de/mail|ziyadnz/hourly-ipv4,blocklist.de|brute-force|apache|rfi|ddos|spam|mail|ziyadnz|hourly,2026-08-17T18:48:05Z,2026-08-17T18:48:05Z,
108.62.60.43,ipv4,attack,high,WHITE,blocklist.de/all|blocklist.de/apache|blocklist.de/mail|ziyadnz/hourly-ipv4,blocklist.de|brute-force|apache|rfi|ddos|spam|mail|ziyadnz|hourly,2026-08-17T18:48:05Z,2026-08-17T18:48:05Z,
108.62.60.44,ipv4,attack,high,WHITE,blocklist.de/all|blocklist.de/apache|blocklist.de/mail|ziyadnz/hourly-ipv4,blocklist.de|brute-force|apache|rfi|ddos|spam|mail|ziyadnz|hourly,2026-08-17T18:48:05Z,2026-08-17T18:48:05Z,
108.62.60.45,ipv4,attack,high,WHITE,blocklist.de/all|blocklist.de/apache|blocklist.de/mail|ziyadnz/hourly-ipv4,blocklist.de|brute-force|apache|rfi|ddos|spam|mail|ziyadnz|hourly,2026-08-17T18:48:05Z,2026-08-17T18:48:05Z,
108.62.60.46,ipv4,attack,high,WHITE,blocklist.de/all|blocklist.de/apache|blocklist.de/mail|ziyadnz/hourly-ipv4,blocklist.de|brute-force|apache|rfi|ddos|spam|mail|ziyadnz|hourly,2026-08-17T18:48:05Z,2026-08-17T18:48:05Z,
108.62.60.47,ipv4,attack,high,WHITE,blocklist.de/all|blocklist.de/apache|blocklist.de/mail|ziyadnz/hourly-ipv4,blocklist.de|brute-force|apache|rfi|ddos|spam|mail|ziyadnz|hourly,2026-08-17T18:48:05Z,2026-08-17T18:48:05Z,
108.62.60.48,ipv4,attack,high,WHITE,blocklist.de/all|blocklist.de/apache|blocklist.de/mail|ziyadnz/hourly-ipv4,blocklist.de|brute-force|apache|rfi|ddos|spam|mail|ziyadnz|hourly,2026-08-17T18:48:05Z,2026-08-17T18:48:05Z,
108.62.60.49,ipv4,attack,high,WHITE,blocklist.de/all|blocklist.de/apache|blocklist.de/mail|ziyadnz/hourly-ipv4,blocklist.de|brute-force|apache|rfi|ddos|spam|mail|ziyadnz|hourly,2026-08-17T18:48:05Z,2026-08-17T18:48:05Z,
108.62.60.50,ipv4,attack,high,WHITE,blocklist.de/all|blocklist.de/apache|blocklist.de/mail|ziyadnz/hourly-ipv4,blocklist.de|brute-force|apache|rfi|ddos|spam|mail|ziyadnz|hourly,2026-08-17T18:48:05Z,2026-08-17T18:48:05Z,
108.62.60.51,ipv4,attack,high,WHITE,blocklist.de/all|blocklist.de/apache|blocklist.de/mail|ziyadnz/hourly-ipv4,blocklist.de|brute-force|apache|rfi|ddos|spam|mail|ziyadnz|hourly,2026-08-17T18:48:05Z,2026-08-17T18:48:05Z,
108.62.60.52,ipv4,attack,high,WHITE,blocklist.de/all|blocklist.de/apache|blocklist.de/mail|ziyadnz/hourly-ipv4,blocklist.de|brute-force|apache|rfi|ddos|spam|mail|ziyadnz|hourly,2026-08-17T18:48:05Z,2026-08-17T18:48:05Z,
108.62.60.53,ipv4,attack,high,WHITE,blocklist.de/all|blocklist.de/apache|blocklist.de/mail|ziyadnz/hourly-ipv4,blocklist.de|brute-force|apache|rfi|ddos|spam|mail|ziyadnz|hourly,2026-08-17T18:48:05Z,2026-08-17T18:48:05Z,
108.62.60.54,ipv4,attack,high,WHITE,blocklist.de/all|blocklist.de/apache|blocklist.de/mail|ziyadnz/hourly-ipv4,blocklist.de|brute-force|apache|rfi|ddos|spam|mail|ziyadnz|hourly,2026-08-17T18:48:05Z,2026-08-17T18:48:05Z,
108.62.60.55,ipv4,attack,high,WHITE,blocklist.de/all|blocklist.de/apache|blocklist.de/mail|ziyadnz/hourly-ipv4,blocklist.de|brute-force|apache|rfi|ddos|spam|mail|ziyadnz|hourly,2026-08-17T18:48:05Z,2026-08-17T18:48:05Z,
108.62.60.56,ipv4,attack,high,WHITE,blocklist.de/all|blocklist.de/apache|blocklist.de/mail|ziyadnz/hourly-ipv4,blocklist.de|brute-force|apache|rfi|ddos|spam|mail|ziyadnz|hourly,2026-08-17T18:48:05Z,2026-08-17T18:48:05Z,
108.62.60.57,ipv4,attack,high,WHITE,blocklist.de/all|blocklist.de/apache|blocklist.de/mail|ziyadnz/hourly-ipv4,blocklist.de|brute-force|apache|rfi|ddos|spam|mail|ziyadnz|hourly,2026-08-17T18:48:05Z,2026-08-17T18:48:05Z,
108.62.60.58,ipv4,attack,high,WHITE,blocklist.de/all|blocklist.de/apache|blocklist.de/mail|ziyadnz/hourly-ipv4,blocklist.de|brute-force|apache|rfi|ddos|spam|mail|ziyadnz|hourly,2026-08-17T18:48:05Z,2026-08-17T18:48:05Z,
108.62.60.59,ipv4,attack,high,WHITE,blocklist.de/all|blocklist.de/apache|blocklist.de/mail|ziyadnz/hourly-ipv4,blocklist.de|brute-force|apache|rfi|ddos|spam|mail|ziyadnz|hourly,2026-08-17T18:48:05Z,2026-08-17T18:48:05Z,
108.62.60.60,ipv4,attack,high,WHITE,blocklist.de/all|blocklist.de/apache|blocklist.de/mail|ziyadnz/hourly-ipv4,blocklist.de|brute-force|apache|rfi|ddos|spam|mail|ziyadnz|hourly,2026-08-17T18:48:05Z,2026-08-17T18:48:05Z,
108.62.60.61,ipv4,attack,high,WHITE,blocklist.de/all|blocklist.de/apache|blocklist.de/mail|ziyadnz/hourly-ipv4,blocklist.de|brute-force|apache|rfi|ddos|spam|mail|ziyadnz|hourly,2026-08-17T18:48:05Z,2026-08-17T18:48:05Z,
108.62.60.62,ipv4,attack,high,WHITE,blocklist.de/all|blocklist.de/apache|blocklist.de/mail|ziyadnz/hourly-ipv4,blocklist.de|brute-force|apache|rfi|ddos|spam|mail|ziyadnz|hourly,2026-08-17T18:48:05Z,2026-08-17T18:48:05Z,
108.62.60.63,ipv4,attack,high,WHITE,blocklist.de/all|blocklist.de/apache|blocklist.de/mail|ziyadnz/hourly-ipv4,blocklist.de|brute-force|apache|rfi|ddos|spam|mail|ziyadnz|hourly,2026-08-17T18:48:05Z,2026-08-17T18:48:05Z,
108.62.60.64,ipv4,attack,high,WHITE,blocklist.de/all|blocklist.de/apache|blocklist.de/mail|ziyadnz/hourly-ipv4,blocklist.de|brute-force|apache|rfi|ddos|spam|mail|ziyadnz|hourly,2026-08-17T18:48:05Z,2026-08-17T18:48:05Z,
108.62.60.65,ipv4,attack,high,WHITE,blocklist.de/all|blocklist.de/apache|blocklist.de/mail|ziyadnz/hourly-ipv4,blocklist.de|brute-force|apache|rfi|ddos|spam|mail|ziyadnz|hourly,2026-08-17T18:48:05Z,2026-08-17T18:48:05Z,
108.62.60.66,ipv4,attack,high,WHITE,blocklist.de/all|blocklist.de/apache|blocklist.de/mail|ziyadnz/hourly-ipv4,blocklist.de|brute-force|apache|rfi|ddos|spam|mail|ziyadnz|hourly,2026-08-17T18:48:05Z,2026-08-17T18:48:05Z,
108.62.60.67,ipv4,attack,high,WHITE,blocklist.de/all|blocklist.de/apache|blocklist.de/mail|ziyadnz/hourly-ipv4,blocklist.de|brute-force|apache|rfi|ddos|spam|mail|ziyadnz|hourly,2026-08-17T18:48:05Z,2026-08-17T18:48:05Z,
108.62.60.68,ipv4,attack,high,WHITE,blocklist.de/all|blocklist.de/apache|blocklist.de/mail|ziyadnz/hourly-ipv4,blocklist.de|brute-force|apache|rfi|ddos|spam|mail|ziyadnz|hourly,2026-08-17T18:48:05Z,2026-08-17T18:48:05Z,
108.62.60.69,ipv4,attack,high,WHITE,blocklist.de/all|blocklist.de/apache|blocklist.de/mail|ziyadnz/hourly-ipv4,blocklist.de|brute-force|apache|rfi|ddos|spam|mail|ziyadnz|hourly,2026-08-17T18:48:05Z,2026-08-17T18:48:05Z,
108.62.60.70,ipv4,attack,high,WHITE,blocklist.de/all|blocklist.de/apache|blocklist.de/mail|ziyadnz/hourly-ipv4,blocklist.de|brute-force|apache|rfi|ddos|spam|mail|ziyadnz|hourly,2026-08-17T18:48:05Z,2026-08-17T18:48:05Z,
108.62.60.71,ipv4,attack,high,WHITE,blocklist.de/all|blocklist.de/apache|blocklist.de/mail|ziyadnz/hourly-ipv4,blocklist.de|brute-force|apache|rfi|ddos|spam|mail|ziyadnz|hourly,2026-08-17T18:48:05Z,2026-08-17T18:48:05Z,
108.62.60.72,ipv4,attack,high,WHITE,blocklist.de/all|blocklist.de/apache|blocklist.de/mail|ziyadnz/hourly-ipv4,blocklist.de|brute-force|apache|rfi|ddos|spam|mail|ziyadnz|hourly,2026-08-17T18:48:05Z,2026-08-17T18:48:05Z,
108.62.60.73,ipv4,attack,high,WHITE,blocklist.de/all|blocklist.de/apache|blocklist.de/mail|ziyadnz/hourly-ipv4,blocklist.de|brute-force|apache|rfi|ddos|spam|mail|ziyadnz|hourly,2026-08-17T18:48:05Z,2026-08-17T18:48:05Z,
108.62.60.74,ipv4,attack,high,WHITE,blocklist.de/all|blocklist.de/apache|blocklist.de/mail|ziyadnz/hourly-ipv4,blocklist.de|brute-force|apache|rfi|ddos|spam|mail|ziyadnz|hourly,2026-08-17T18:48:05Z,2026-08-17T18:48:05Z,
108.62.60.75,ipv4,attack,high,WHITE,blocklist.de/all|blocklist.de/apache|blocklist.de/mail|ziyadnz/hourly-ipv4,blocklist.de|brute-force|apache|rfi|ddos|spam|mail|ziyadnz|hourly,2026-08-17T18:48:05Z,2026-08-17T18:48:05Z,
108.62.60.76,ipv4,attack,high,WHITE,blocklist.de/all|blocklist.de/apache|blocklist.de/mail|ziyadnz/hourly-ipv4,blocklist.de|brute-force|apache|rfi|ddos|spam|mail|ziyadnz|hourly,2026-08-17T18:48:05Z,2026-08-17T18:48:05Z,
108.62.60.77,ipv4,attack,high,WHITE,blocklist.de/all|blocklist.de/apache|blocklist.de/mail|ziyadnz/hourly-ipv4,blocklist.de|brute-force|apache|rfi|ddos|spam|mail|ziyadnz|hourly,2026-08-17T18:48:05Z,2026-08-17T18:48:05Z,
108.62.60.78,ipv4,attack,high,WHITE,blocklist.de/all|blocklist.de/apache|blocklist.de/mail|ziyadnz/hourly-ipv4,blocklist.de|brute-force|apache|rfi|ddos|spam|mail|ziyadnz|hourly,2026-08-17T18:48:05Z,2026-08-17T18:48:05Z,
108.62.60.79,ipv4,attack,high,WHITE,blocklist.de/all|blocklist.de/apache|blocklist.de/mail|ziyadnz/hourly-ipv4,blocklist.de|brute-force|apache|rfi|ddos|spam|mail|ziyadnz|hourly,2026-08-17T18:48:05Z,2026-08-17T18:48:05Z,
108.62.60.80,ipv4,attack,high,WHITE,blocklist.de/all|blocklist.de/apache|blocklist.de/mail|ziyadnz/hourly-ipv4,blocklist.de|brute-force|apache|rfi|ddos|spam|mail|ziyadnz|hourly,2026-08-17T18:48:05Z,2026-08-17T18:48:05Z,
108.62.60.81,ipv4,attack,high,WHITE,blocklist.de/all|blocklist.de/apache|blocklist.de/mail|ziyadnz/hourly-ipv4,blocklist.de|brute-force|apache|rfi|ddos|spam|mail|ziyadnz|hourly,2026-08-17T18:48:05Z,2026-08-17T18:48:05Z,
108.62.60.82,ipv4,attack,high,WHITE,blocklist.de/all|blocklist.de/apache|blocklist.de/mail|ziyadnz/hourly-ipv4,blocklist.de|brute-force|apache|rfi|ddos|spam|mail|ziyadnz|hourly,2026-08-17T18:48:05Z,2026-08-17T18:48:05Z,
108.62.60.83,ipv4,attack,high,WHITE,blocklist.de/all|blocklist.de/apache|blocklist.de/mail|ziyadnz/hourly-ipv4,blocklist.de|brute-force|apache|rfi|ddos|spam|mail|ziyadnz|hourly,2026-08-17T18:48:05Z,2026-08-17T18:48:05Z,
108.62.60.84,ipv4,attack,high,WHITE,blocklist.de/all|blocklist.de/apache|blocklist.de/mail|ziyadnz/hourly-ipv4,blocklist.de|brute-force|apache|rfi|ddos|spam|mail|ziyadnz|hourly,2026-08-17T18:48:05Z,2026-08-17T18:48:05Z,
108.62.60.85,ipv4,attack,high,WHITE,blocklist.de/all|blocklist.de/apache|blocklist.de/mail|ziyadnz/hourly-ipv4,blocklist.de|brute-force|apache|rfi|ddos|spam|mail|ziyadnz|hourly,2026-08-17T18:48:05Z,2026-08-17T18:48:05Z,
108.62.60.86,ipv4,attack,high,WHITE,blocklist.de/all|blocklist.de/apache|blocklist.de/mail|ziyadnz/hourly-ipv4,blocklist.de|brute-force|apache|rfi|ddos|spam|mail|ziyadnz|hourly,2026-08-17T18:48:05Z,2026-08-17T18:48:05Z,
108.62.60.87,ipv4,attack,high,WHITE,blocklist.de/all|blocklist.de/apache|blocklist.de/mail|ziyadnz/hourly-ipv4,blocklist.de|brute-force|apache|rfi|ddos|spam|mail|ziyadnz|hourly,2026-08-17T18:48:05Z,2026-08-17T18:48:05Z,
108.62.60.88,ipv4,attack,high,WHITE,blocklist.de/all|blocklist.de/apache|blocklist.de/mail|ziyadnz/hourly-ipv4,blocklist.de|brute-force|apache|rfi|ddos|spam|mail|ziyadnz|hourly,2026-08-17T18:48:05Z,2026-08-17T18:48:05Z,
108.62.60.89,ipv4,attack,high,WHITE,blocklist.de/all|blocklist.de/apache|blocklist.de/mail|ziyadnz/hourly-ipv4,blocklist.de|brute-force|apache|rfi|ddos|spam|mail|ziyadnz|hourly,2026-08-17T18:48:05Z,2026-08-17T18:48:05Z,
108.62.60.90,ipv4,attack,high,WHITE,blocklist.de/all|blocklist.de/apache|blocklist.de/mail|ziyadnz/hourly-ipv4,blocklist.de|brute-force|apache|rfi|ddos|spam|mail|ziyadnz|hourly,2026-08-17T18:48:05Z,2026-08-17T18:48:05Z,
108.62.60.91,ipv4,attack,high,WHITE,blocklist.de/all|blocklist.de/apache|blocklist.de/mail|ziyadnz/hourly-ipv4,blocklist.de|brute-force|apache|rfi|ddos|spam|mail|ziyadnz|hourly,2026-08-17T18:48:05Z,2026-08-17T18:48:05Z,
108.62.60.92,ipv4,attack,high,WHITE,blocklist.de/all|blocklist.de/apache|blocklist.de/mail|ziyadnz/hourly-ipv4,blocklist.de|brute-force|apache|rfi|ddos|spam|mail|ziyadnz|hourly,2026-08-17T18:48:05Z,2026-08-17T18:48:05Z,
108.62.60.93,ipv4,attack,high,WHITE,blocklist.de/all|blocklist.de/apache|blocklist.de/mail|ziyadnz/hourly-ipv4,blocklist.de|brute-force|apache|rfi|ddos|spam|mail|ziyadnz|hourly,2026-08-17T18:48:05Z,2026-08-17T18:48:05Z,
108.62.60.94,ipv4,attack,high,WHITE,blocklist.de/all|blocklist.de/apache|blocklist.de/mail|ziyadnz/hourly-ipv4,blocklist.de|brute-force|apache|rfi|ddos|spam|mail|ziyadnz|hourly,2026-08-17T18:48:05Z,2026-08-17T18:48:05Z,
108.62.60.95,ipv4,attack,high,WHITE,blocklist.de/all|blocklist.de/apache|blocklist.de/mail|ziyadnz/hourly-ipv4,blocklist.de|brute-force|apache|rfi|ddos|spam|mail|ziyadnz|hourly,2026-08-17T18:48:05Z,2026-08-17T18:48:05Z,
108.62.60.96,ipv4,attack,high,WHITE,blocklist.de/all|blocklist.de/apache|blocklist.de/mail|ziyadnz/hourly-ipv4,blocklist.de|brute-force|apache|rfi|ddos|spam|mail|ziyadnz|hourly,2026-08-17T18:48:05Z,2026-08-17T18:48:05Z,
108.62.60.97,ipv4,attack,high,WHITE,blocklist.de/all|blocklist.de/apache|blocklist.de/mail|ziyadnz/hourly-ipv4,blocklist.de|brute-force|apache|rfi|ddos|spam|mail|ziyadnz|hourly,2026-08-17T18:48:05Z,2026-08-17T18:48:05Z,
108.62.60.98,ipv4,attack,high,WHITE,blocklist.de/all|blocklist.de/apache|blocklist.de/mail|ziyadnz/hourly-ipv4,blocklist.de|brute-force|apache|rfi|ddos|spam|mail|ziyadnz|hourly,2026-08-17T18:48:05Z,2026-08-17T18:48:05Z,
108.62.60.99,ipv4,attack,high,WHITE,blocklist.de/all|blocklist.de/apache|blocklist.de/mail|ziyadnz/hourly-ipv4,blocklist.de|brute-force|apache|rfi|ddos|spam|mail|ziyadnz|hourly,2026-08-17T18:48:05Z,2026-08-17T18:48:05Z,
108.62.60.100,ipv4,attack,high,WHITE,blocklist.de/all|blocklist.de/apache|blocklist.de/mail|ziyadnz/hourly-ipv4,blocklist.de|brute-force|apache|rfi|ddos|spam|mail|ziyadnz|hourly,2026-08-17T18:48:05Z,2026-08-17T18:48:05Z,
108.62.60.101,ipv4,attack,high,WHITE,blocklist.de/all|blocklist.de/apache|blocklist.de/mail|ziyadnz/hourly-ipv4,blocklist.de|brute-force|apache|rfi|ddos|spam|mail|ziyadnz|hourly,2026-08-17T18:48:05Z,2026-08-17T18:48:05Z,
108.62.60.102,ipv4,attack,high,WHITE,blocklist.de/all|blocklist.de/apache|blocklist.de/mail|ziyadnz/hourly-ipv4,blocklist.de|brute-force|apache|rfi|ddos|spam|mail|ziyadnz|hourly,2026-08-17T18:48:05Z,2026-08-17T18:48:05Z,
108.62.60.103,ipv4,attack,high,WHITE,blocklist.de/all|blocklist.de/apache|blocklist.de/mail|ziyadnz/hourly-ipv4,blocklist.de|brute-force|apache|rfi|ddos|spam|mail|ziyadnz|hourly,2026-08-17T18:48:05Z,2026-08-17T18:48:05Z,
108.62.60.104,ipv4,attack,high,WHITE,blocklist.de/all|blocklist.de/apache|blocklist.de/mail|ziyadnz/hourly-ipv4,blocklist.de|brute-force|apache|rfi|ddos|spam|mail|ziyadnz|hourly,2026-08-17T18:48:05Z,2026-08-17T18:48:05Z,
108.62.60.105,ipv4,attack,high,WHITE,blocklist.de/all|blocklist.de/apache|blocklist.de/mail|ziyadnz/hourly-ipv4,blocklist.de|brute-force|apache|rfi|ddos|spam|mail|ziyadnz|hourly,2026-08-17T18:48:05Z,2026-08-17T18:48:05Z,
108.62.60.106,ipv4,attack,high,WHITE,blocklist.de/all|blocklist.de/apache|blocklist.de/mail|ziyadnz/hourly-ipv4,blocklist.de|brute-force|apache|rfi|ddos|spam|mail|ziyadnz|hourly,2026-08-17T18:48:05Z,2026-08-17T18:48:05Z,
108.62.60.107,ipv4,attack,high,WHITE,blocklist.de/all|blocklist.de/apache|blocklist.de/mail|ziyadnz/hourly-ipv4,blocklist.de|brute-force|apache|rfi|ddos|spam|mail|ziyadnz|hourly,2026-08-17T18:48:05Z,2026-08-17T18:48:05Z,
108.62.60.108,ipv4,attack,high,WHITE,blocklist.de/all|blocklist.de/apache|blocklist.de/mail|ziyadnz/hourly-ipv4,blocklist.de|brute-force|apache|rfi|ddos|spam|mail|ziyadnz|hourly,2026-08-17T18:48:05Z,2026-08-17T18:48:05Z,
108.62.60.109,ipv4,attack,high,WHITE,blocklist.de/all|blocklist.de/apache|blocklist.de/mail|ziyadnz/hourly-ipv4,blocklist.de|brute-force|apache|rfi|ddos|spam|mail|ziyadnz|hourly,2026-08-17T18:48:05Z,2026-08-17T18:48:05Z,
108.62.60.110,ipv4,attack,high,WHITE,blocklist.de/all|blocklist.de/apache|blocklist.de/mail|ziyadnz/hourly-ipv4,blocklist.de|brute-force|apache|rfi|ddos|spam|mail|ziyadnz|hourly,2026-08-17T18:48:05Z,2026-08-17T18:48:05Z,
108.62.60.111,ipv4,attack,high,WHITE,blocklist.de/all|blocklist.de/apache|blocklist.de/mail|ziyadnz/hourly-ipv4,blocklist.de|brute-force|apache|rfi|ddos|spam|mail|ziyadnz|hourly,2026-08-17T18:48:05Z,2026-08-17T18:48:05Z,
108.62.60.112,ipv4,attack,high,WHITE,blocklist.de/all|blocklist.de/apache|blocklist.de/mail|ziyadnz/hourly-ipv4,blocklist.de|brute-force|apache|rfi|ddos|spam|mail|ziyadnz|hourly,2026-08-17T18:48:05Z,2026-08-17T18:48:05Z,
108.62.60.113,ipv4,attack,high,WHITE,blocklist.de/all|blocklist.de/apache|blocklist.de/mail|ziyadnz/hourly-ipv4,blocklist.de|brute-force|apache|rfi|ddos|spam|mail|ziyadnz|hourly,2026-08-17T18:48:05Z,2026-08-17T18:48:05Z,
108.62.60.114,ipv4,attack,high,WHITE,blocklist.de/all|blocklist.de/apache|blocklist.de/mail|ziyadnz/hourly-ipv4,blocklist.de|brute-force|apache|rfi|ddos|spam|mail|ziyadnz|hourly,2026-08-17T18:48:05Z,2026-08-17T18:48:05Z,
108.62.60.115,ipv4,attack,high,WHITE,blocklist.de/all|blocklist.de/apache|blocklist.de/mail|ziyadnz/hourly-ipv4,blocklist.de|brute-force|apache|rfi|ddos|spam|mail|ziyadnz|hourly,2026-08-17T18:48:05Z,2026-08-17T18:48:05Z,
108.62.60.116,ipv4,attack,high,WHITE,blocklist.de/all|blocklist.de/apache|blocklist.de/mail|ziyadnz/hourly-ipv4,blocklist.de|brute-force|apache|rfi|ddos|spam|mail|ziyadnz|hourly,2026-08-17T18:48:05Z,2026-08-17T18:48:05Z,
108.62.60.117,ipv4,attack,high,WHITE,blocklist.de/all|blocklist.de/apache|blocklist.de/mail|ziyadnz/hourly-ipv4,blocklist.de|brute-force|apache|rfi|ddos|spam|mail|ziyadnz|hourly,2026-08-17T18:48:05Z,2026-08-17T18:48:05Z,
108.62.60.118,ipv4,attack,high,WHITE,blocklist.de/all|blocklist.de/apache|blocklist.de/mail|ziyadnz/hourly-ipv4,blocklist.de|brute-force|apache|rfi|ddos|spam|mail|ziyadnz|hourly,2026-08-17T18:48:05Z,2026-08-17T18:48:05Z,
108.62.60.119,ipv4,attack,high,WHITE,blocklist.de/all|blocklist.de/apache|blocklist.de/mail|ziyadnz/hourly-ipv4,blocklist.de|brute-force|apache|rfi|ddos|spam|mail|ziyadnz|hourly,2026-08-17T18:48:05Z,2026-08-17T18:48:05Z,
108.62.60.120,ipv4,attack,high,WHITE,blocklist.de/all|blocklist.de/apache|blocklist.de/mail|ziyadnz/hourly-ipv4,blocklist.de|brute-force|apache|rfi|ddos|spam|mail|ziyadnz|hourly,2026-08-17T18:48:05Z,2026-08-17T18:48:05Z,
108.62.60.121,ipv4,attack,high,WHITE,blocklist.de/all|blocklist.de/apache|blocklist.de/mail|ziyadnz/hourly-ipv4,blocklist.de|brute-force|apache|rfi|ddos|spam|mail|ziyadnz|hourly,2026-08-17T18:48:05Z,2026-08-17T18:48:05Z,
108.62.60.122,ipv4,attack,high,WHITE,blocklist.de/all|blocklist.de/apache|blocklist.de/mail|ziyadnz/hourly-ipv4,blocklist.de|brute-force|apache|rfi|ddos|spam|mail|ziyadnz|hourly,2026-08-17T18:48:05Z,2026-08-17T18:48:05Z,
108.62.60.123,ipv4,attack,high,WHITE,blocklist.de/all|blocklist.de/apache|blocklist.de/mail|ziyadnz/hourly-ipv4,blocklist.de|brute-force|apache|rfi|ddos|spam|mail|ziyadnz|hourly,2026-08-17T18:48:05Z,2026-08-17T18:48:05Z,
108.62.60.124,ipv4,attack,high,WHITE,blocklist.de/all|blocklist.de/apache|blocklist.de/mail|ziyadnz/hourly-ipv4,blocklist.de|brute-force|apache|rfi|ddos|spam|mail|ziyadnz|hourly,2026-08-17T18:48:05Z,2026-08-17T18:48:05Z,
108.62.60.125,ipv4,attack,high,WHITE,blocklist.de/all|blocklist.de/apache|blocklist.de/mail|ziyadnz/hourly-ipv4,blocklist.de|brute-force|apache|rfi|ddos|spam|mail|ziyadnz|hourly,2026-08-17T18:48:05Z,2026-08-17T18:48:05Z,
108.62.60.126,ipv4,attack,high,WHITE,blocklist.de/all|blocklist.de/apache|blocklist.de/mail|ziyadnz/hourly-ipv4,blocklist.de|brute-force|apache|rfi|ddos|spam|mail|ziyadnz|hourly,2026-08-17T18:48:05Z,2026-08-17T18:48:05Z,
108.62.60.127,ipv4,attack,high,WHITE,blocklist.de/all|blocklist.de/apache|blocklist.de/mail|ziyadnz/hourly-ipv4,blocklist.de|brute-force|apache|rfi|ddos|spam|mail|ziyadnz|hourly,2026-08-17T18:48:05Z,2026-08-17T18:48:05Z,
108.62.60.128,ipv4,attack,high,WHITE,blocklist.de/all|blocklist.de/apache|blocklist.de/mail|ziyadnz/hourly-ipv4,blocklist.de|brute-force|apache|rfi|ddos|spam|mail|ziyadnz|hourly,2026-08-17T18:48:05Z,2026-08-17T18:48:05Z,
108.62.60.129,ipv4,attack,high,WHITE,blocklist.de/all|blocklist.de/apache|blocklist.de/mail|ziyadnz/hourly-ipv4,blocklist.de|brute-force|apache|rfi|ddos|spam|mail|ziyadnz|hourly,2026-08-17T18:48:05Z,2026-08-17T18:48:05Z,
108.62.60.130,ipv4,attack,high,WHITE,blocklist.de/all|blocklist.de/apache|blocklist.de/mail|ziyadnz/hourly-ipv4,blocklist.de|brute-force|apache|rfi|ddos|spam|mail|ziyadnz|hourly,2026-08-17T18:48:05Z,2026-08-17T18:48:05Z,
108.62.60.131,ipv4,attack,high,WHITE,blocklist.de/all|blocklist.de/apache|blocklist.de/mail|ziyadnz/hourly-ipv4,blocklist.de|brute-force|apache|rfi|ddos|spam|mail|ziyadnz|hourly,2026-08-17T18:48:05Z,2026-08-17T18:48:05Z,
108.62.60.132,ipv4,attack,high,WHITE,blocklist.de/all|blocklist.de/apache|blocklist.de/mail|ziyadnz/hourly-ipv4,blocklist.de|brute-force|apache|rfi|ddos|spam|mail|ziyadnz|hourly,2026-08-17T18:48:05Z,2026-08-17T18:48:05Z,
108.62.60.133,ipv4,attack,high,WHITE,blocklist.de/all|blocklist.de/apache|blocklist.de/mail|ziyadnz/hourly-ipv4,blocklist.de|brute-force|apache|rfi|ddos|spam|mail|ziyadnz|hourly,2026-08-17T18:48:05Z,2026-08-17T18:48:05Z,
108.62.60.134,ipv4,attack,high,WHITE,blocklist.de/all|blocklist.de/apache|blocklist.de/mail|ziyadnz/hourly-ipv4,blocklist.de|brute-force|apache|rfi|ddos|spam|mail|ziyadnz|hourly,2026-08-17T18:48:05Z,2026-08-17T18:48:05Z,
108.62.60.135,ipv4,attack,high,WHITE,blocklist.de/all|blocklist.de/apache|blocklist.de/mail|ziyadnz/hourly-ipv4,blocklist.de|brute-force|apache|rfi|ddos|spam|mail|ziyadnz|hourly,2026-08-17T18:48:05Z,2026-08-17T18:48:05Z,
108.62.60.136,ipv4,attack,high,WHITE,blocklist.de/all|blocklist.de/apache|blocklist.de/mail|ziyadnz/hourly-ipv4,blocklist.de|brute-force|apache|rfi|ddos|spam|mail|ziyadnz|hourly,2026-08-17T18:48:05Z,2026-08-17T18:48:05Z,
108.62.60.137,ipv4,attack,high,WHITE,blocklist.de/all|blocklist.de/apache|blocklist.de/mail|ziyadnz/hourly-ipv4,blocklist.de|brute-force|apache|rfi|ddos|spam|mail|ziyadnz|hourly,2026-08-17T18:48:05Z,2026-08-17T18:48:05Z,
108.62.60.138,ipv4,attack,high,WHITE,blocklist.de/all|blocklist.de/apache|blocklist.de/mail|ziyadnz/hourly-ipv4,blocklist.de|brute-force|apache|rfi|ddos|spam|mail|ziyadnz|hourly,2026-08-17T18:48:05Z,2026-08-17T18:48:05Z,
108.62.60.139,ipv4,attack,high,WHITE,blocklist.de/all|blocklist.de/apache|blocklist.de/mail|ziyadnz/hourly-ipv4,blocklist.de|brute-force|apache|rfi|ddos|spam|mail|ziyadnz|hourly,2026-08-17T18:48:05Z,2026-08-17T18:48:05Z,
108.62.60.140,ipv4,attack,high,WHITE,blocklist.de/all|blocklist.de/apache|blocklist.de/mail|ziyadnz/hourly-ipv4,blocklist.de|brute-force|apache|rfi|ddos|spam|mail|ziyadnz|hourly,2026-08-17T18:48:05Z,2026-08-17T18:48:05Z,
108.62.60.141,ipv4,attack,high,WHITE,blocklist.de/all|blocklist.de/apache|blocklist.de/mail|ziyadnz/hourly-ipv4,blocklist.de|brute-force|apache|rfi|ddos|spam|mail|ziyadnz|hourly,2026-08-17T18:48:05Z,2026-08-17T18:48:05Z,
108.62.60.142,ipv4,attack,high,WHITE,blocklist.de/all|blocklist.de/apache|blocklist.de/mail|ziyadnz/hourly-ipv4,blocklist.de|brute-force|apache|rfi|ddos|spam|mail|ziyadnz|hourly,2026-08-17T18:48:05Z,2026-08-17T18:48:05Z,
108.62.60.143,ipv4,attack,high,WHITE,blocklist.de/all|blocklist.de/apache|blocklist.de/mail|ziyadnz/hourly-ipv4,blocklist.de|brute-force|apache|rfi|ddos|spam|mail|ziyadnz|hourly,2026-08-17T18:48:05Z,2026-08-17T18:48:05Z,
108.62.60.144,ipv4,attack,high,WHITE,blocklist.de/all|blocklist.de/apache|blocklist.de/mail|ziyadnz/hourly-ipv4,blocklist.de|brute-force|apache|rfi|ddos|spam|mail|ziyadnz|hourly,2026-08-17T18:48:05Z,2026-08-17T18:48:05Z,
108.62.60.145,ipv4,attack,high,WHITE,blocklist.de/all|blocklist.de/apache|blocklist.de/mail|ziyadnz/hourly-ipv4,blocklist.de|brute-force|apache|rfi|ddos|spam|mail|ziyadnz|hourly,2026-08-17T18:48:05Z,2026-08-17T18:48:05Z,
108.62.60.146,ipv4,attack,high,WHITE,blocklist.de/all|blocklist.de/apache|blocklist.de/mail|ziyadnz/hourly-ipv4,blocklist.de|brute-force|apache|rfi|ddos|spam|mail|ziyadnz|hourly,2026-08-17T18:48:05Z,2026-08-17T18:48:05Z,
108.62.60.147,ipv4,attack,high,WHITE,blocklist.de/all|blocklist.de/apache|blocklist.de/mail|ziyadnz/hourly-ipv4,blocklist.de|brute-force|apache|rfi|ddos|spam|mail|ziyadnz|hourly,2026-08-17T18:48:05Z,2026-08-17T18:48:05Z,
108.62.60.148,ipv4,attack,high,WHITE,blocklist.de/all|blocklist.de/apache|blocklist.de/mail|ziyadnz/hourly-ipv4,blocklist.de|brute-force|apache|rfi|ddos|spam|mail|ziyadnz|hourly,2026-08-17T18:48:05Z,2026-08-17T18:48:05Z,
108.62.60.149,ipv4,attack,high,WHITE,blocklist.de/all|blocklist.de/apache|blocklist.de/mail|ziyadnz/hourly-ipv4,blocklist.de|brute-force|apache|rfi|ddos|spam|mail|ziyadnz|hourly,2026-08-17T18:48:05Z,2026-08-17T18:48:05Z,
108.62.60.150,ipv4,attack,high,WHITE,blocklist.de/all|blocklist.de/apache|blocklist.de/mail|ziyadnz/hourly-ipv4,blocklist.de|brute-force|apache|rfi|ddos|spam|mail|ziyadnz|hourly,2026-08-17T18:48:05Z,2026-08-17T18:48:05Z,
108.62.60.151,ipv4,attack,high,WHITE,blocklist.de/all|blocklist.de/apache|blocklist.de/mail|ziyadnz/hourly-ipv4,blocklist.de|brute-force|apache|rfi|ddos|spam|mail|ziyadnz|hourly,2026-08-17T18:48:05Z,2026-08-17T18:48:05Z,
108.62.60.152,ipv4,attack,high,WHITE,blocklist.de/all|blocklist.de/apache|blocklist.de/mail|ziyadnz/hourly-ipv4,blocklist.de|brute-force|apache|rfi|ddos|spam|mail|ziyadnz|hourly,2026-08-17T18:48:05Z,2026-08-17T18:48:05Z,
108.62.60.153,ipv4,attack,high,WHITE,blocklist.de/all|blocklist.de/apache|blocklist.de/mail|ziyadnz/hourly-ipv4,blocklist.de|brute-force|apache|rfi|ddos|spam|mail|ziyadnz|hourly,2026-08-17T18:48:05Z,2026-08-17T18:48:05Z,
108.62.60.154,ipv4,attack,high,WHITE,blocklist.de/all|blocklist.de/apache|blocklist.de/mail|ziyadnz/hourly-ipv4,blocklist.de|brute-force|apache|rfi|ddos|spam|mail|ziyadnz|hourly,2026-08-17T18:48:05Z,2026-08-17T18:48:05Z,
108.62.60.155,ipv4,attack,high,WHITE,blocklist.de/all|blocklist.de/apache|blocklist.de/mail|ziyadnz/hourly-ipv4,blocklist.de|brute-force|apache|rfi|ddos|spam|mail|ziyadnz|hourly,2026-08-17T18:48:05Z,2026-08-17T18:48:05Z,
108.62.60.156,ipv4,attack,high,WHITE,blocklist.de/all|blocklist.de/apache|blocklist.de/mail|ziyadnz/hourly-ipv4,blocklist.de|brute-force|apache|rfi|ddos|spam|mail|ziyadnz|hourly,2026-08-17T18:48:05Z,2026-08-17T18:48:05Z,
108.62.60.157,ipv4,attack,high,WHITE,blocklist.de/all|blocklist.de/apache|blocklist.de/mail|ziyadnz/hourly-ipv4,blocklist.de|brute-force|apache|rfi|ddos|spam|mail|ziyadnz|hourly,2026-08-17T18:48:05Z,2026-08-17T18:48:05Z,
108.62.60.158,ipv4,attack,high,WHITE,blocklist.de/all|blocklist.de/apache|blocklist.de/mail|ziyadnz/hourly-ipv4,blocklist.de|brute-force|apache|rfi|ddos|spam|mail|ziyadnz|hourly,2026-08-17T18:48:05Z,2026-08-17T18:48:05Z,
108.62.60.159,ipv4,attack,high,WHITE,blocklist.de/all|blocklist.de/apache|blocklist.de/mail|ziyadnz/hourly-ipv4,blocklist.de|brute-force|apache|rfi|ddos|spam|mail|ziyadnz|hourly,2026-08-17T18:48:05Z,2026-08-17T18:48:05Z,
108.62.60.160,ipv4,attack,high,WHITE,blocklist.de/all|blocklist.de/apache|blocklist.de/mail|ziyadnz/hourly-ipv4,blocklist.de|brute-force|apache|rfi|ddos|spam|mail|ziyadnz|hourly,2026-08-17T18:48:05Z,2026-08-17T18:48:05Z,
108.62.60.161,ipv4,attack,high,WHITE,blocklist.de/all|blocklist.de/apache|blocklist.de/mail|ziyadnz/hourly-ipv4,blocklist.de|brute-force|apache|rfi|ddos|spam|mail|ziyadnz|hourly,2026-08-17T18:48:05Z,2026-08-17T18:48:05Z,
108.62.60.162,ipv4,attack,high,WHITE,blocklist.de/all|blocklist.de/apache|blocklist.de/mail|ziyadnz/hourly-ipv4,blocklist.de|brute-force|apache|rfi|ddos|spam|mail|ziyadnz|hourly,2026-08-17T18:48:05Z,2026-08-17T18:48:05Z,
108.62.60.163,ipv4,attack,high,WHITE,blocklist.de/all|blocklist.de/apache|blocklist.de/mail|ziyadnz/hourly-ipv4,blocklist.de|brute-force|apache|rfi|ddos|spam|mail|ziyadnz|hourly,2026-08-17T18:48:05Z,2026-08-17T18:48:05Z,
108.62.60.164,ipv4,attack,high,WHITE,blocklist.de/all|blocklist.de/apache|blocklist.de/mail|ziyadnz/hourly-ipv4,blocklist.de|brute-force|apache|rfi|ddos|spam|mail|ziyadnz|hourly,2026-08-17T18:48:05Z,2026-08-17T18:48:05Z,
108.62.60.165,ipv4,attack,high,WHITE,blocklist.de/all|blocklist.de/apache|blocklist.de/mail|ziyadnz/hourly-ipv4,blocklist.de|brute-force|apache|rfi|ddos|spam|mail|ziyadnz|hourly,2026-08-17T18:48:05Z,2026-08-17T18:48:05Z,
108.62.60.166,ipv4,attack,high,WHITE,blocklist.de/all|blocklist.de/apache|blocklist.de/mail|ziyadnz/hourly-ipv4,blocklist.de|brute-force|apache|rfi|ddos|spam|mail|ziyadnz|hourly,2026-08-17T18:48:05Z,2026-08-17T18:48:05Z,
108.62.60.167,ipv4,attack,high,WHITE,blocklist.de/all|blocklist.de/apache|blocklist.de/mail|ziyadnz/hourly-ipv4,blocklist.de|brute-force|apache|rfi|ddos|spam|mail|ziyadnz|hourly,2026-08-17T18:48:05Z,2026-08-17T18:48:05Z,
108.62.60.168,ipv4,attack,high,WHITE,blocklist.de/all|blocklist.de/apache|blocklist.de/mail|ziyadnz/hourly-ipv4,blocklist.de|brute-force|apache|rfi|ddos|spam|mail|ziyadnz|hourly,2026-08-17T18:48:05Z,2026-08-17T18:48:05Z,
108.62.60.169,ipv4,attack,high,WHITE,blocklist.de/all|blocklist.de/apache|blocklist.de/mail|ziyadnz/hourly-ipv4,blocklist.de|brute-force|apache|rfi|ddos|spam|mail|ziyadnz|hourly,2026-08-17T18:48:05Z,2026-08-17T18:48:05Z,
108.62.60.170,ipv4,attack,high,WHITE,blocklist.de/all|blocklist.de/apache|blocklist.de/mail|ziyadnz/hourly-ipv4,blocklist.de|brute-force|apache|rfi|ddos|spam|mail|ziyadnz|hourly,2026-08-17T18:48:05Z,2026-08-17T18:48:05Z,
108.62.60.171,ipv4,attack,high,WHITE,blocklist.de/all|blocklist.de/apache|blocklist.de/mail|ziyadnz/hourly-ipv4,blocklist.de|brute-force|apache|rfi|ddos|spam|mail|ziyadnz|hourly,2026-08-17T18:48:05Z,2026-08-17T18:48:05Z,
108.62.60.172,ipv4,attack,high,WHITE,blocklist.de/all|blocklist.de/apache|blocklist.de/mail|ziyadnz/hourly-ipv4,blocklist.de|brute-force|apache|rfi|ddos|spam|mail|ziyadnz|hourly,2026-08-17T18:48:05Z,2026-08-17T18:48:05Z,
108.62.60.173,ipv4,attack,high,WHITE,blocklist.de/all|blocklist.de/apache|blocklist.de/mail|ziyadnz/hourly-ipv4,blocklist.de|brute-force|apache|rfi|ddos|spam|mail|ziyadnz|hourly,2026-08-17T18:48:05Z,2026-08-17T18:48:05Z,
108.62.60.174,ipv4,attack,high,WHITE,blocklist.de/all|blocklist.de/apache|blocklist.de/mail|ziyadnz/hourly-ipv4,blocklist.de|brute-force|apache|rfi|ddos|spam|mail|ziyadnz|hourly,2026-08-17T18:48:05Z,2026-08-17T18:48:05Z,
108.62.60.175,ipv4,attack,high,WHITE,blocklist.de/all|blocklist.de/apache|blocklist.de/mail|ziyadnz/hourly-ipv4,blocklist.de|brute-force|apache|rfi|ddos|spam|mail|ziyadnz|hourly,2026-08-17T18:48:05Z,2026-08-17T18:48:05Z,
108.62.60.176,ipv4,attack,high,WHITE,blocklist.de/all|blocklist.de/apache|blocklist.de/mail|ziyadnz/hourly-ipv4,blocklist.de|brute-force|apache|rfi|ddos|spam|mail|ziyadnz|hourly,2026-08-17T18:48:05Z,2026-08-17T18:48:05Z,
108.62.60.177,ipv4,attack,high,WHITE,blocklist.de/all|blocklist.de/apache|blocklist.de/mail|ziyadnz/hourly-ipv4,blocklist.de|brute-force|apache|rfi|ddos|spam|mail|ziyadnz|hourly,2026-08-17T18:48:05Z,2026-08-17T18:48:05Z,
108.62.60.178,ipv4,attack,high,WHITE,blocklist.de/all|blocklist.de/apache|blocklist.de/mail|ziyadnz/hourly-ipv4,blocklist.de|brute-force|apache|rfi|ddos|spam|mail|ziyadnz|hourly,2026-08-17T18:48:05Z,2026-08-17T18:48:05Z,
108.62.60.179,ipv4,attack,high,WHITE,blocklist.de/all|blocklist.de/apache|blocklist.de/mail|ziyadnz/hourly-ipv4,blocklist.de|brute-force|apache|rfi|ddos|spam|mail|ziyadnz|hourly,2026-08-17T18:48:05Z,2026-08-17T18:48:05Z,
108.62.60.180,ipv4,attack,high,WHITE,blocklist.de/all|blocklist.de/apache|blocklist.de/mail|ziyadnz/hourly-ipv4,blocklist.de|brute-force|apache|rfi|ddos|spam|mail|ziyadnz|hourly,2026-08-17T18:48:05Z,2026-08-17T18:48:05Z,
108.62.60.181,ipv4,attack,high,WHITE,blocklist.de/all|blocklist.de/apache|blocklist.de/mail|ziyadnz/hourly-ipv4,blocklist.de|brute-force|apache|rfi|ddos|spam|mail|ziyadnz|hourly,2026-08-17T18:48:05Z,2026-08-17T18:48:05Z,
108.62.60.182,ipv4,attack,high,WHITE,blocklist.de/all|blocklist.de/apache|blocklist.de/mail|ziyadnz/hourly-ipv4,blocklist.de|brute-force|apache|rfi|ddos|spam|mail|ziyadnz|hourly,2026-08-17T18:48:05Z,2026-08-17T18:48:05Z,
108.62.60.183,ipv4,attack,high,WHITE,blocklist.de/all|blocklist.de/apache|blocklist.de/mail|ziyadnz/hourly-ipv4,blocklist.de|brute-force|apache|rfi|ddos|spam|mail|ziyadnz|hourly,2026-08-17T18:48:05Z,2026-08-17T18:48:05Z,
108.62.60.184,ipv4,attack,high,WHITE,blocklist.de/all|blocklist.de/apache|blocklist.de/mail|ziyadnz/hourly-ipv4,blocklist.de|brute-force|apache|rfi|ddos|spam|mail|ziyadnz|hourly,2026-08-17T18:48:05Z,2026-08-17T18:48:05Z,
108.62.60.185,ipv4,attack,high,WHITE,blocklist.de/all|blocklist.de/apache|blocklist.de/mail|ziyadnz/hourly-ipv4,blocklist.de|brute-force|apache|rfi|ddos|spam|mail|ziyadnz|hourly,2026-08-17T18:48:05Z,2026-08-17T18:48:05Z,
108.62.60.186,ipv4,attack,high,WHITE,blocklist.de/all|blocklist.de/apache|blocklist.de/mail|ziyadnz/hourly-ipv4,blocklist.de|brute-force|apache|rfi|ddos|spam|mail|ziyadnz|hourly,2026-08-17T18:48:05Z,2026-08-17T18:48:05Z,
108.62.60.187,ipv4,attack,high,WHITE,blocklist.de/all|blocklist.de/apache|blocklist.de/mail|ziyadnz/hourly-ipv4,blocklist.de|brute-force|apache|rfi|ddos|spam|mail|ziyadnz|hourly,2026-08-17T18:48:05Z,2026-08-17T18:48:05Z,
108.62.60.188,ipv4,attack,high,WHITE,blocklist.de/all|blocklist.de/apache|blocklist.de/mail|ziyadnz/hourly-ipv4,blocklist.de|brute-force|apache|rfi|ddos|spam|mail|ziyadnz|hourly,2026-08-17T18:48:05Z,2026-08-17T18:48:05Z,
108.62.60.189,ipv4,attack,high,WHITE,blocklist.de/all|blocklist.de/apache|blocklist.de/mail|ziyadnz/hourly-ipv4,blocklist.de|brute-force|apache|rfi|ddos|spam|mail|ziyadnz|hourly,2026-08-17T18:48:05Z,2026-08-17T18:48:05Z,
108.62.60.190,ipv4,attack,high,WHITE,blocklist.de/all|blocklist.de/apache|blocklist.de/mail|ziyadnz/hourly-ipv4,blocklist.de|brute-force|apache|rfi|ddos|spam|mail|ziyadnz|hourly,2026-08-17T18:48:05Z,2026-08-17T18:48:05Z,
108.62.60.191,ipv4,attack,high,WHITE,blocklist.de/all|blocklist.de/apache|blocklist.de/mail|ziyadnz/hourly-ipv4,blocklist.de|brute-force|apache|rfi|ddos|spam|mail|ziyadnz|hourly,2026-08-17T18:48:05Z,2026-08-17T18:48:05Z,
108.62.60.192,ipv4,attack,high,WHITE,blocklist.de/all|blocklist.de/apache|blocklist.de/mail|ziyadnz/hourly-ipv4,blocklist.de|brute-force|apache|rfi|ddos|spam|mail|ziyadnz|hourly,2026-08-17T18:48:05Z,2026-08-17T18:48:05Z,
108.62.60.193,ipv4,attack,high,WHITE,blocklist.de/all|blocklist.de/apache|blocklist.de/mail|ziyadnz/hourly-ipv4,blocklist.de|brute-force|apache|rfi|ddos|spam|mail|ziyadnz|hourly,2026-08-17T18:48:05Z,2026-08-17T18:48:05Z,
108.62.60.194,ipv4,attack,high,WHITE,blocklist.de/all|blocklist.de/apache|blocklist.de/mail|ziyadnz/hourly-ipv4,blocklist.de|brute-force|apache|rfi|ddos|spam|mail|ziyadnz|hourly,2026-08-17T18:48:05Z,2026-08-17T18:48:05Z,
108.62.60.195,ipv4,attack,high,WHITE,blocklist.de/all|blocklist.de/apache|blocklist.de/mail|ziyadnz/hourly-ipv4,blocklist.de|brute-force|apache|rfi|ddos|spam|mail|ziyadnz|hourly,2026-08-17T18:48:05Z,2026-08-17T18:48:05Z,
108.62.60.196,ipv4,attack,high,WHITE,blocklist.de/all|blocklist.de/apache|blocklist.de/mail|ziyadnz/hourly-ipv4,blocklist.de|brute-force|apache|rfi|ddos|spam|mail|ziyadnz|hourly,2026-08-17T18:48:05Z,2026-08-17T18:48:05Z,
108.62.60.197,ipv4,attack,high,WHITE,blocklist.de/all|blocklist.de/apache|blocklist.de/mail|ziyadnz/hourly-ipv4,blocklist.de|brute-force|apache|rfi|ddos|spam|mail|ziyadnz|hourly,2026-08-17T18:48:05Z,2026-08-17T18:48:05Z,
108.62.60.198,ipv4,attack,high,WHITE,blocklist.de/all|blocklist.de/apache|blocklist.de/mail|ziyadnz/hourly-ipv4,blocklist.de|brute-force|apache|rfi|ddos|spam|mail|ziyadnz|hourly,2026-08-17T18:48:05Z,2026-08-17T18:48:05Z,
108.62.60.199,ipv4,attack,high,WHITE,blocklist.de/all|blocklist.de/apache|blocklist.de/mail|ziyadnz/hourly-ipv4,blocklist.de|brute-force|apache|rfi|ddos|spam|mail|ziyadnz|hourly,2026-08-17T18:48:05Z,2026-08-17T18:48:05Z,
108.62.60.200,ipv4,attack,high,WHITE,blocklist.de/all|blocklist.de/apache|blocklist.de/mail|ziyadnz/hourly-ipv4,blocklist.de|brute-force|apache|rfi|ddos|spam|mail|ziyadnz|hourly,2026-08-17T18:48:05Z,2026-08-17T18:48:05Z,
108.62.60.201,ipv4,attack,high,WHITE,blocklist.de/all|blocklist.de/apache|blocklist.de/mail|ziyadnz/hourly-ipv4,blocklist.de|brute-force|apache|rfi|ddos|spam|mail|ziyadnz|hourly,2026-08-17T18:48:05Z,2026-08-17T18:48:05Z,
108.62.60.202,ipv4,attack,high,WHITE,blocklist.de/all|blocklist.de/apache|blocklist.de/mail|ziyadnz/hourly-ipv4,blocklist.de|brute-force|apache|rfi|ddos|spam|mail|ziyadnz|hourly,2026-08-17T18:48:05Z,2026-08-17T18:48:05Z,
108.62.60.203,ipv4,attack,high,WHITE,blocklist.de/all|blocklist.de/apache|blocklist.de/mail|ziyadnz/hourly-ipv4,blocklist.de|brute-force|apache|rfi|ddos|spam|mail|ziyadnz|hourly,2026-08-17T18:48:05Z,2026-08-17T18:48:05Z,
108.62.60.204,ipv4,attack,high,WHITE,blocklist.de/all|blocklist.de/apache|blocklist.de/mail|ziyadnz/hourly-ipv4,blocklist.de|brute-force|apache|rfi|ddos|spam|mail|ziyadnz|hourly,2026-08-17T18:48:05Z,2026-08-17T18:48:05Z,
108.62.60.205,ipv4,attack,high,WHITE,blocklist.de/all|blocklist.de/apache|blocklist.de/mail|ziyadnz/hourly-ipv4,blocklist.de|brute-force|apache|rfi|ddos|spam|mail|ziyadnz|hourly,2026-08-17T18:48:05Z,2026-08-17T18:48:05Z,
108.62.60.206,ipv4,attack,high,WHITE,blocklist.de/all|blocklist.de/apache|blocklist.de/mail|ziyadnz/hourly-ipv4,blocklist.de|brute-force|apache|rfi|ddos|spam|mail|ziyadnz|hourly,2026-08-17T18:48:05Z,2026-08-17T18:48:05Z,
108.62.60.207,ipv4,attack,high,WHITE,blocklist.de/all|blocklist.de/apache|blocklist.de/mail|ziyadnz/hourly-ipv4,blocklist.de|brute-force|apache|rfi|ddos|spam|mail|ziyadnz|hourly,2026-08-17T18:48:05Z,2026-08-17T18:48:05Z,
108.62.60.208,ipv4,attack,high,WHITE,blocklist.de/all|blocklist.de/apache|blocklist.de/mail|ziyadnz/hourly-ipv4,blocklist.de|brute-force|apache|rfi|ddos|spam|mail|ziyadnz|hourly,2026-08-17T18:48:05Z,2026-08-17T18:48:05Z,
108.62.60.209,ipv4,attack,high,WHITE,blocklist.de/all|blocklist.de/apache|blocklist.de/mail|ziyadnz/hourly-ipv4,blocklist.de|brute-force|apache|rfi|ddos|spam|mail|ziyadnz|hourly,2026-08-17T18:48:05Z,2026-08-17T18:48:05Z,
108.62.60.210,ipv4,attack,high,WHITE,blocklist.de/all|blocklist.de/apache|blocklist.de/mail|ziyadnz/hourly-ipv4,blocklist.de|brute-force|apache|rfi|ddos|spam|mail|ziyadnz|hourly,2026-08-17T18:48:05Z,2026-08-17T18:48:05Z,
108.62.60.211,ipv4,attack,high,WHITE,blocklist.de/all|blocklist.de/apache|blocklist.de/mail|ziyadnz/hourly-ipv4,blocklist.de|brute-force|apache|rfi|ddos|spam|mail|ziyadnz|hourly,2026-08-17T18:48:05Z,2026-08-17T18:48:05Z,
108.62.60.212,ipv4,attack,high,WHITE,blocklist.de/all|blocklist.de/apache|blocklist.de/mail|ziyadnz/hourly-ipv4,blocklist.de|brute-force|apache|rfi|ddos|spam|mail|ziyadnz|hourly,2026-08-17T18:48:05Z,2026-08-17T18:48:05Z,
108.62.60.213,ipv4,attack,high,WHITE,blocklist.de/all|blocklist.de/apache|blocklist.de/mail|ziyadnz/hourly-ipv4,blocklist.de|brute-force|apache|rfi|ddos|spam|mail|ziyadnz|hourly,2026-08-17T18:48:05Z,2026-08-17T18:48:05Z,
108.62.60.214,ipv4,attack,high,WHITE,blocklist.de/all|blocklist.de/apache|blocklist.de/mail|ziyadnz/hourly-ipv4,blocklist.de|brute-force|apache|rfi|ddos|spam|mail|ziyadnz|hourly,2026-08-17T18:48:05Z,2026-08-17T18:48:05Z,
108.62.60.215,ipv4,attack,high,WHITE,blocklist.de/all|blocklist.de/apache|blocklist.de/mail|ziyadnz/hourly-ipv4,blocklist.de|brute-force|apache|rfi|ddos|spam|mail|ziyadnz|hourly,2026-08-17T18:48:05Z,2026-08-17T18:48:05Z,
108.62.60.216,ipv4,attack,high,WHITE,blocklist.de/all|blocklist.de/apache|blocklist.de/mail|ziyadnz/hourly-ipv4,blocklist.de|brute-force|apache|rfi|ddos|spam|mail|ziyadnz|hourly,2026-08-17T18:48:05Z,2026-08-17T18:48:05Z,
108.62.60.217,ipv4,attack,high,WHITE,blocklist.de/all|blocklist.de/apache|blocklist.de/mail|ziyadnz/hourly-ipv4,blocklist.de|brute-force|apache|rfi|ddos|spam|mail|ziyadnz|hourly,2026-08-17T18:48:05Z,2026-08-17T18:48:05Z,
108.62.60.218,ipv4,attack,high,WHITE,blocklist.de/all|blocklist.de/apache|blocklist.de/mail|ziyadnz/hourly-ipv4,blocklist.de|brute-force|apache|rfi|ddos|spam|mail|ziyadnz|hourly,2026-08-17T18:48:05Z,2026-08-17T18:48:05Z,
108.62.60.219,ipv4,attack,high,WHITE,blocklist.de/all|blocklist.de/apache|blocklist.de/mail|ziyadnz/hourly-ipv4,blocklist.de|brute-force|apache|rfi|ddos|spam|mail|ziyadnz|hourly,2026-08-17T18:48:05Z,2026-08-17T18:48:05Z,
108.62.60.220,ipv4,attack,high,WHITE,blocklist.de/all|blocklist.de/apache|blocklist.de/mail|ziyadnz/hourly-ipv4,blocklist.de|brute-force|apache|rfi|ddos|spam|mail|ziyadnz|hourly,2026-08-17T18:48:05Z,2026-08-17T18:48:05Z,
108.62.60.221,ipv4,attack,high,WHITE,blocklist.de/all|blocklist.de/apache|blocklist.de/mail|ziyadnz/hourly-ipv4,blocklist.de|brute-force|apache|rfi|ddos|spam|mail|ziyadnz|hourly,2026-08-17T18:48:05Z,2026-08-17T18:48:05Z,
108.62.60.222,ipv4,attack,high,WHITE,blocklist.de/all|blocklist.de/apache|blocklist.de/mail|ziyadnz/hourly-ipv4,blocklist.de|brute-force|apache|rfi|ddos|spam|mail|ziyadnz|hourly,2026-08-17T18:48:05Z,2026-08-17T18:48:05Z,
108.62.60.223,ipv4,attack,high,WHITE,blocklist.de/all|blocklist.de/apache|blocklist.de/mail|ziyadnz/hourly-ipv4,blocklist.de|brute-force|apache|rfi|ddos|spam|mail|ziyadnz|hourly,2026-08-17T18:48:05Z,2026-08-17T18:48:05Z,
108.62.60.224,ipv4,attack,high,WHITE,blocklist.de/all|blocklist.de/apache|blocklist.de/mail|ziyadnz/hourly-ipv4,blocklist.de|brute-force|apache|rfi|ddos|spam|mail|ziyadnz|hourly,2026-08-17T18:48:05Z,2026-08-17T18:48:05Z,
108.62.60.225,ipv4,attack,high,WHITE,blocklist.de/all|blocklist.de/apache|blocklist.de/mail|ziyadnz/hourly-ipv4,blocklist.de|brute-force|apache|rfi|ddos|spam|mail|ziyadnz|hourly,2026-08-17T18:48:05Z,2026-08-17T18:48:05Z,
108.62.60.226,ipv4,attack,high,WHITE,blocklist.de/all|blocklist.de/apache|blocklist.de/mail|ziyadnz/hourly-ipv4,blocklist.de|brute-force|apache|rfi|ddos|spam|mail|ziyadnz|hourly,2026-08-17T18:48:05Z,2026-08-17T18:48:05Z,
108.62.60.227,ipv4,attack,high,WHITE,blocklist.de/all|blocklist.de/apache|blocklist.de/mail|ziyadnz/hourly-ipv4,blocklist.de|brute-force|apache|rfi|ddos|spam|mail|ziyadnz|hourly,2026-08-17T18:48:05Z,2026-08-17T18:48:05Z,
108.62.60.228,ipv4,attack,high,WHITE,blocklist.de/all|blocklist.de/apache|blocklist.de/mail|ziyadnz/hourly-ipv4,blocklist.de|brute-force|apache|rfi|ddos|spam|mail|ziyadnz|hourly,2026-08-17T18:48:05Z,2026-08-17T18:48:05Z,
108.62.60.229,ipv4,attack,high,WHITE,blocklist.de/all|blocklist.de/apache|blocklist.de/mail|ziyadnz/hourly-ipv4,blocklist.de|brute-force|apache|rfi|ddos|spam|mail|ziyadnz|hourly,2026-08-17T18:48:05Z,2026-08-17T18:48:05Z,
108.62.60.230,ipv4,attack,high,WHITE,blocklist.de/all|blocklist.de/apache|blocklist.de/mail|ziyadnz/hourly-ipv4,blocklist.de|brute-force|apache|rfi|ddos|spam|mail|ziyadnz|hourly,2026-08-17T18:48:05Z,2026-08-17T18:48:05Z,
108.62.60.231,ipv4,attack,high,WHITE,blocklist.de/all|blocklist.de/apache|blocklist.de/mail|ziyadnz/hourly-ipv4,blocklist.de|brute-force|apache|rfi|ddos|spam|mail|ziyadnz|hourly,2026-08-17T18:48:05Z,2026-08-17T18:48:05Z,
108.62.60.232,ipv4,attack,high,WHITE,blocklist.de/all|blocklist.de/apache|blocklist.de/mail|ziyadnz/hourly-ipv4,blocklist.de|brute-force|apache|rfi|ddos|spam|mail|ziyadnz|hourly,2026-08-17T18:48:05Z,2026-08-17T18:48:05Z,
108.62.60.233,ipv4,attack,high,WHITE,blocklist.de/all|blocklist.de/apache|blocklist.de/mail|ziyadnz/hourly-ipv4,blocklist.de|brute-force|apache|rfi|ddos|spam|mail|ziyadnz|hourly,2026-08-17T18:48:05Z,2026-08-17T18:48:05Z,
108.62.60.234,ipv4,attack,high,WHITE,blocklist.de/all|blocklist.de/apache|blocklist.de/mail|ziyadnz/hourly-ipv4,blocklist.de|brute-force|apache|rfi|ddos|spam|mail|ziyadnz|hourly,2026-08-17T18:48:05Z,2026-08-17T18:48:05Z,
108.62.60.235,ipv4,attack,high,WHITE,blocklist.de/all|blocklist.de/apache|blocklist.de/mail|ziyadnz/hourly-ipv4,blocklist.de|brute-force|apache|rfi|ddos|spam|mail|ziyadnz|hourly,2026-08-17T18:48:05Z,2026-08-17T18:48:05Z,
108.62.60.236,ipv4,attack,high,WHITE,blocklist.de/all|blocklist.de/apache|blocklist.de/mail|ziyadnz/hourly-ipv4,blocklist.de|brute-force|apache|rfi|ddos|spam|mail|ziyadnz|hourly,2026-08-17T18:48:05Z,2026-08-17T18:48:05Z,
108.62.60.237,ipv4,attack,high,WHITE,blocklist.de/all|blocklist.de/apache|blocklist.de/mail|ziyadnz/hourly-ipv4,blocklist.de|brute-force|apache|rfi|ddos|spam|mail|ziyadnz|hourly,2026-08-17T18:48:05Z,2026-08-17T18:48:05Z,
108.62.60.238,ipv4,attack,high,WHITE,blocklist.de/all|blocklist.de/apache|blocklist.de/mail|ziyadnz/hourly-ipv4,blocklist.de|brute-force|apache|rfi|ddos|spam|mail|ziyadnz|hourly,2026-08-17T18:48:05Z,2026-08-17T18:48:05Z,
108.62.60.239,ipv4,attack,high,WHITE,blocklist.de/all|blocklist.de/apache|blocklist.de/mail|ziyadnz/hourly-ipv4,blocklist.de|brute-force|apache|rfi|ddos|spam|mail|ziyadnz|hourly,2026-08-17T18:48:05Z,2026-08-17T18:48:05Z,
108.62.60.240,ipv4,attack,high,WHITE,blocklist.de/all|blocklist.de/apache|blocklist.de/mail|ziyadnz/hourly-ipv4,blocklist.de|brute-force|apache|rfi|ddos|spam|mail|ziyadnz|hourly,2026-08-17T18:48:05Z,2026-08-17T18:48:05Z,
108.62.60.241,ipv4,attack,high,WHITE,blocklist.de/all|blocklist.de/apache|blocklist.de/mail|ziyadnz/hourly-ipv4,blocklist.de|brute-force|apache|rfi|ddos|spam|mail|ziyadnz|hourly,2026-08-17T18:48:05Z,2026-08-17T18:48:05Z,
108.62.60.242,ipv4,attack,high,WHITE,blocklist.de/all|blocklist.de/apache|blocklist.de/mail|ziyadnz/hourly-ipv4,blocklist.de|brute-force|apache|rfi|ddos|spam|mail|ziyadnz|hourly,2026-08-17T18:48:05Z,2026-08-17T18:48:05Z,
108.62.60.243,ipv4,attack,high,WHITE,blocklist.de/all|blocklist.de/apache|blocklist.de/mail|ziyadnz/hourly-ipv4,blocklist.de|brute-force|apache|rfi|ddos|spam|mail|ziyadnz|hourly,2026-08-17T18:48:05Z,2026-08-17T18:48:05Z,
108.62.60.244,ipv4,attack,high,WHITE,blocklist.de/all|blocklist.de/apache|blocklist.de/mail|ziyadnz/hourly-ipv4,blocklist.de|brute-force|apache|rfi|ddos|spam|mail|ziyadnz|hourly,2026-08-17T18:48:05Z,2026-08-17T18:48:05Z,
108.62.60.245,ipv4,attack,high,WHITE,blocklist.de/all|blocklist.de/apache|blocklist.de/mail|ziyadnz/hourly-ipv4,blocklist.de|brute-force|apache|rfi|ddos|spam|mail|ziyadnz|hourly,2026-08-17T18:48:05Z,2026-08-17T18:48:05Z,
108.62.60.246,ipv4,attack,high,WHITE,blocklist.de/all|blocklist.de/apache|blocklist.de/mail|ziyadnz/hourly-ipv4,blocklist.de|brute-force|apache|rfi|ddos|spam|mail|ziyadnz|hourly,2026-08-17T18:48:05Z,2026-08-17T18:48:05Z,
108.62.60.247,ipv4,attack,high,WHITE,blocklist.de/all|blocklist.de/apache|blocklist.de/mail|ziyadnz/hourly-ipv4,blocklist.de|brute-force|apache|rfi|ddos|spam|mail|ziyadnz|hourly,2026-08-17T18:48:05Z,2026-08-17T18:48:05Z,
108.62.60.248,ipv4,attack,high,WHITE,blocklist.de/all|blocklist.de/apache|blocklist.de/mail|ziyadnz/hourly-ipv4,blocklist.de|brute-force|apache|rfi|ddos|spam|mail|ziyadnz|hourly,2026-08-17T18:48:05Z,2026-08-17T18:48:05Z,
108.62.60.249,ipv4,attack,high,WHITE,blocklist.de/all|blocklist.de/apache|blocklist.de/mail|ziyadnz/hourly-ipv4,blocklist.de|brute-force|apache|rfi|ddos|spam|mail|ziyadnz|hourly,2026-08-17T18:48:05Z,2026-08-17T18:48:05Z,
108.62.60.250,ipv4,attack,high,WHITE,blocklist.de/all|blocklist.de/apache|blocklist.de/mail|ziyadnz/hourly-ipv4,blocklist.de|brute-force|apache|rfi|ddos|spam|mail|ziyadnz|hourly,2026-08-17T18:48:05Z,2026-08-17T18:48:05Z,
108.62.60.251,ipv4,attack,high,WHITE,blocklist.de/all|blocklist.de/apache|blocklist.de/mail|ziyadnz/hourly-ipv4,blocklist.de|brute-force|apache|rfi|ddos|spam|mail|ziyadnz|hourly,2026-08-17T18:48:05Z,2026-08-17T18:48:05Z,
108.62.60.252,ipv4,attack,high,WHITE,blocklist.de/all|blocklist.de/apache|blocklist.de/mail|ziyadnz/hourly-ipv4,blocklist.de|brute-force|apache|rfi|ddos|spam|mail|ziyadnz|hourly,2026-08-17T18:48:05Z,2026-08-17T18:48:05Z,
108.62.60.253,ipv4,attack,high,WHITE,blocklist.de/all|blocklist.de/apache|blocklist.de/mail|ziyadnz/hourly-ipv4,blocklist.de|brute-force|apache|rfi|ddos|spam|mail|ziyadnz|hourly,2026-08-17T18:48:05Z,2026-08-17T18:48:05Z,
108.62.60.254,ipv4,attack,high,WHITE,blocklist.de/all|blocklist.de/apache|blocklist.de/mail|ziyadnz/hourly-ipv4,blocklist.de|brute-force|apache|rfi|ddos|spam|mail|ziyadnz|hourly,2026-08-17T18:48:05Z,2026-08-17T18:48:05Z,
108.62.60.255,ipv4,attack,high,WHITE,blocklist.de/all|blocklist.de/apache|blocklist.de/mail|ziyadnz/hourly-ipv4,blocklist.de|brute-force|apache|rfi|ddos|spam|mail|ziyadnz|hourly,2026-08-17T18:48:05Z,2026-08-17T18:48:05Z,
108.62.61.0,ipv4,attack,high,WHITE,blocklist.de/all|blocklist.de/apache|blocklist.de/mail|ziyadnz/hourly-ipv4,blocklist.de|brute-force|apache|rfi|ddos|spam|mail|ziyadnz|hourly,2026-08-17T18:48:05Z,2026-08-17T18:48:05Z,
108.62.61.1,ipv4,attack,high,WHITE,blocklist.de/all|blocklist.de/apache|blocklist.de/mail|ziyadnz/hourly-ipv4,blocklist.de|brute-force|apache|rfi|ddos|spam|mail|ziyadnz|hourly,2026-08-17T18:48:05Z,2026-08-17T18:48:05Z,
108.62.61.2,ipv4,attack,high,WHITE,blocklist.de/all|blocklist.de/apache|blocklist.de/mail|ziyadnz/hourly-ipv4,blocklist.de|brute-force|apache|rfi|ddos|spam|mail|ziyadnz|hourly,2026-08-17T18:48:05Z,2026-08-17T18:48:05Z,
108.62.61.3,ipv4,attack,high,WHITE,blocklist.de/all|blocklist.de/apache|blocklist.de/mail|ziyadnz/hourly-ipv4,blocklist.de|brute-force|apache|rfi|ddos|spam|mail|ziyadnz|hourly,2026-08-17T18:48:05Z,2026-08-17T18:48:05Z,
108.62.61.4,ipv4,attack,high,WHITE,blocklist.de/all|blocklist.de/apache|blocklist.de/mail|ziyadnz/hourly-ipv4,blocklist.de|brute-force|apache|rfi|ddos|spam|mail|ziyadnz|hourly,2026-08-17T18:48:05Z,2026-08-17T18:48:05Z,
108.62.61.5,ipv4,attack,high,WHITE,blocklist.de/all|blocklist.de/apache|blocklist.de/mail|ziyadnz/hourly-ipv4,blocklist.de|brute-force|apache|rfi|ddos|spam|mail|ziyadnz|hourly,2026-08-17T18:48:05Z,2026-08-17T18:48:05Z,
108.62.61.6,ipv4,attack,high,WHITE,blocklist.de/all|blocklist.de/apache|blocklist.de/mail|ziyadnz/hourly-ipv4,blocklist.de|brute-force|apache|rfi|ddos|spam|mail|ziyadnz|hourly,2026-08-17T18:48:05Z,2026-08-17T18:48:05Z,
108.62.61.7,ipv4,attack,high,WHITE,blocklist.de/all|blocklist.de/apache|blocklist.de/mail|ziyadnz/hourly-ipv4,blocklist.de|brute-force|apache|rfi|ddos|spam|mail|ziyadnz|hourly,2026-08-17T18:48:05Z,2026-08-17T18:48:05Z,
108.62.61.8,ipv4,attack,high,WHITE,blocklist.de/all|blocklist.de/apache|blocklist.de/mail|ziyadnz/hourly-ipv4,blocklist.de|brute-force|apache|rfi|ddos|spam|mail|ziyadnz|hourly,2026-08-17T18:48:05Z,2026-08-17T18:48:05Z,
108.62.61.9,ipv4,attack,high,WHITE,blocklist.de/all|blocklist.de/apache|blocklist.de/mail|ziyadnz/hourly-ipv4,blocklist.de|brute-force|apache|rfi|ddos|spam|mail|ziyadnz|hourly,2026-08-17T18:48:05Z,2026-08-17T18:48:05Z,
108.62.61.10,ipv4,attack,high,WHITE,blocklist.de/all|blocklist.de/apache|blocklist.de/mail|ziyadnz/hourly-ipv4,blocklist.de|brute-force|apache|rfi|ddos|spam|mail|ziyadnz|hourly,2026-08-17T18:48:05Z,2026-08-17T18:48:05Z,
108.62.61.11,ipv4,attack,high,WHITE,blocklist.de/all|blocklist.de/apache|blocklist.de/mail|ziyadnz/hourly-ipv4,blocklist.de|brute-force|apache|rfi|ddos|spam|mail|ziyadnz|hourly,2026-08-17T18:48:05Z,2026-08-17T18:48:05Z,
108.62.61.12,ipv4,attack,high,WHITE,blocklist.de/all|blocklist.de/apache|blocklist.de/mail|ziyadnz/hourly-ipv4,blocklist.de|brute-force|apache|rfi|ddos|spam|mail|ziyadnz|hourly,2026-08-17T18:48:05Z,2026-08-17T18:48:05Z,
108.62.61.13,ipv4,attack,high,WHITE,blocklist.de/all|blocklist.de/apache|blocklist.de/mail|ziyadnz/hourly-ipv4,blocklist.de|brute-force|apache|rfi|ddos|spam|mail|ziyadnz|hourly,2026-08-17T18:48:05Z,2026-08-17T18:48:05Z,
108.62.61.14,ipv4,attack,high,WHITE,blocklist.de/all|blocklist.de/apache|blocklist.de/mail|ziyadnz/hourly-ipv4,blocklist.de|brute-force|apache|rfi|ddos|spam|mail|ziyadnz|hourly,2026-08-17T18:48:05Z,2026-08-17T18:48:05Z,
108.62.61.15,ipv4,attack,high,WHITE,blocklist.de/all|blocklist.de/apache|blocklist.de/mail|ziyadnz/hourly-ipv4,blocklist.de|brute-force|apache|rfi|ddos|spam|mail|ziyadnz|hourly,2026-08-17T18:48:05Z,2026-08-17T18:48:05Z,
108.62.61.16,ipv4,attack,high,WHITE,blocklist.de/all|blocklist.de/apache|blocklist.de/mail|ziyadnz/hourly-ipv4,blocklist.de|brute-force|apache|rfi|ddos|spam|mail|ziyadnz|hourly,2026-08-17T18:48:05Z,2026-08-17T18:48:05Z,
108.62.61.17,ipv4,attack,high,WHITE,blocklist.de/all|blocklist.de/apache|blocklist.de/mail|ziyadnz/hourly-ipv4,blocklist.de|brute-force|apache|rfi|ddos|spam|mail|ziyadnz|hourly,2026-08-17T18:48:05Z,2026-08-17T18:48:05Z,
108.62.61.18,ipv4,attack,high,WHITE,blocklist.de/all|blocklist.de/apache|blocklist.de/mail|ziyadnz/hourly-ipv4,blocklist.de|brute-force|apache|rfi|ddos|spam|mail|ziyadnz|hourly,2026-08-17T18:48:05Z,2026-08-17T18:48:05Z,
108.62.61.19,ipv4,attack,high,WHITE,blocklist.de/all|blocklist.de/apache|blocklist.de/mail|ziyadnz/hourly-ipv4,blocklist.de|brute-force|apache|rfi|ddos|spam|mail|ziyadnz|hourly,2026-08-17T18:48:05Z,2026-08-17T18:48:05Z,
108.62.61.20,ipv4,attack,high,WHITE,blocklist.de/all|blocklist.de/apache|blocklist.de/mail|ziyadnz/hourly-ipv4,blocklist.de|brute-force|apache|rfi|ddos|spam|mail|ziyadnz|hourly,2026-08-17T18:48:05Z,2026-08-17T18:48:05Z,
108.62.61.21,ipv4,attack,high,WHITE,blocklist.de/all|blocklist.de/apache|blocklist.de/mail|ziyadnz/hourly-ipv4,blocklist.de|brute-force|apache|rfi|ddos|spam|mail|ziyadnz|hourly,2026-08-17T18:48:05Z,2026-08-17T18:48:05Z,
108.62.61.22,ipv4,attack,high,WHITE,blocklist.de/all|blocklist.de/apache|blocklist.de/mail|ziyadnz/hourly-ipv4,blocklist.de|brute-force|apache|rfi|ddos|spam|mail|ziyadnz|hourly,2026-08-17T18:48:05Z,2026-08-17T18:48:05Z,
108.62.61.23,ipv4,attack,high,WHITE,blocklist.de/all|blocklist.de/apache|blocklist.de/mail|ziyadnz/hourly-ipv4,blocklist.de|brute-force|apache|rfi|ddos|spam|mail|ziyadnz|hourly,2026-08-17T18:48:05Z,2026-08-17T18:48:05Z,
108.62.61.24,ipv4,attack,high,WHITE,blocklist.de/all|blocklist.de/apache|blocklist.de/mail|ziyadnz/hourly-ipv4,blocklist.de|brute-force|apache|rfi|ddos|spam|mail|ziyadnz|hourly,2026-08-17T18:48:05Z,2026-08-17T18:48:05Z,
108.62.61.25,ipv4,attack,high,WHITE,blocklist.de/all|blocklist.de/apache|blocklist.de/mail|ziyadnz/hourly-ipv4,blocklist.de|brute-force|apache|rfi|ddos|spam|mail|ziyadnz|hourly,2026-08-17T18:48:05Z,2026-08-17T18:48:05Z,
108.62.61.26,ipv4,attack,high,WHITE,blocklist.de/all|blocklist.de/apache|blocklist.de/mail|ziyadnz/hourly-ipv4,blocklist.de|brute-force|apache|rfi|ddos|spam|mail|ziyadnz|hourly,2026-08-17T18:48:05Z,2026-08-17T18:48:05Z,
108.62.61.27,ipv4,attack,high,WHITE,blocklist.de/all|blocklist.de/apache|blocklist.de/mail|ziyadnz/hourly-ipv4,blocklist.de|brute-force|apache|rfi|ddos|spam|mail|ziyadnz|hourly,2026-08-17T18:48:05Z,2026-08-17T18:48:05Z,
108.62.61.28,ipv4,attack,high,WHITE,blocklist.de/all|blocklist.de/apache|blocklist.de/mail|ziyadnz/hourly-ipv4,blocklist.de|brute-force|apache|rfi|ddos|spam|mail|ziyadnz|hourly,2026-08-17T18:48:05Z,2026-08-17T18:48:05Z,
108.62.61.29,ipv4,attack,high,WHITE,blocklist.de/all|blocklist.de/apache|blocklist.de/mail|ziyadnz/hourly-ipv4,blocklist.de|brute-force|apache|rfi|ddos|spam|mail|ziyadnz|hourly,2026-08-17T18:48:05Z,2026-08-17T18:48:05Z,
108.62.61.30,ipv4,attack,high,WHITE,blocklist.de/all|blocklist.de/apache|blocklist.de/mail|ziyadnz/hourly-ipv4,blocklist.de|brute-force|apache|rfi|ddos|spam|mail|ziyadnz|hourly,2026-08-17T18:48:05Z,2026-08-17T18:48:05Z,
108.62.61.31,ipv4,attack,high,WHITE,blocklist.de/all|blocklist.de/apache|blocklist.de/mail|ziyadnz/hourly-ipv4,blocklist.de|brute-force|apache|rfi|ddos|spam|mail|ziyadnz|hourly,2026-08-17T18:48:05Z,2026-08-17T18:48:05Z,
108.62.61.32,ipv4,attack,high,WHITE,blocklist.de/all|blocklist.de/apache|blocklist.de/mail|ziyadnz/hourly-ipv4,blocklist.de|brute-force|apache|rfi|ddos|spam|mail|ziyadnz|hourly,2026-08-17T18:48:05Z,2026-08-17T18:48:05Z,
108.62.61.33,ipv4,attack,high,WHITE,blocklist.de/all|blocklist.de/apache|blocklist.de/mail|ziyadnz/hourly-ipv4,blocklist.de|brute-force|apache|rfi|ddos|spam|mail|ziyadnz|hourly,2026-08-17T18:48:05Z,2026-08-17T18:48:05Z,
108.62.61.34,ipv4,attack,high,WHITE,blocklist.de/all|blocklist.de/apache|blocklist.de/mail|ziyadnz/hourly-ipv4,blocklist.de|brute-force|apache|rfi|ddos|spam|mail|ziyadnz|hourly,2026-08-17T18:48:05Z,2026-08-17T18:48:05Z,
108.62.61.35,ipv4,attack,high,WHITE,blocklist.de/all|blocklist.de/apache|blocklist.de/mail|ziyadnz/hourly-ipv4,blocklist.de|brute-force|apache|rfi|ddos|spam|mail|ziyadnz|hourly,2026-08-17T18:48:05Z,2026-08-17T18:48:05Z,
108.62.61.36,ipv4,attack,high,WHITE,blocklist.de/all|blocklist.de/apache|blocklist.de/mail|ziyadnz/hourly-ipv4,blocklist.de|brute-force|apache|rfi|ddos|spam|mail|ziyadnz|hourly,2026-08-17T18:48:05Z,2026-08-17T18:48:05Z,
108.62.61.37,ipv4,attack,high,WHITE,blocklist.de/all|blocklist.de/apache|blocklist.de/mail|ziyadnz/hourly-ipv4,blocklist.de|brute-force|apache|rfi|ddos|spam|mail|ziyadnz|hourly,2026-08-17T18:48:05Z,2026-08-17T18:48:05Z,
108.62.61.38,ipv4,attack,high,WHITE,blocklist.de/all|blocklist.de/apache|blocklist.de/mail|ziyadnz/hourly-ipv4,blocklist.de|brute-force|apache|rfi|ddos|spam|mail|ziyadnz|hourly,2026-08-17T18:48:05Z,2026-08-17T18:48:05Z,
108.62.61.39,ipv4,attack,high,WHITE,blocklist.de/all|blocklist.de/apache|blocklist.de/mail|ziyadnz/hourly-ipv4,blocklist.de|brute-force|apache|rfi|ddos|spam|mail|ziyadnz|hourly,2026-08-17T18:48:05Z,2026-08-17T18:48:05Z,
108.62.61.40,ipv4,attack,high,WHITE,blocklist.de/all|blocklist.de/apache|blocklist.de/mail|ziyadnz/hourly-ipv4,blocklist.de|brute-force|apache|rfi|ddos|spam|mail|ziyadnz|hourly,2026-08-17T18:48:05Z,2026-08-17T18:48:05Z,
108.62.61.41,ipv4,attack,high,WHITE,blocklist.de/all|blocklist.de/apache|blocklist.de/mail|ziyadnz/hourly-ipv4,blocklist.de|brute-force|apache|rfi|ddos|spam|mail|ziyadnz|hourly,2026-08-17T18:48:05Z,2026-08-17T18:48:05Z,
108.62.61.42,ipv4,attack,high,WHITE,blocklist.de/all|blocklist.de/apache|blocklist.de/mail|ziyadnz/hourly-ipv4,blocklist.de|brute-force|apache|rfi|ddos|spam|mail|ziyadnz|hourly,2026-08-17T18:48:05Z,2026-08-17T18:48:05Z,
108.62.61.43,ipv4,attack,high,WHITE,blocklist.de/all|blocklist.de/apache|blocklist.de/mail|ziyadnz/hourly-ipv4,blocklist.de|brute-force|apache|rfi|ddos|spam|mail|ziyadnz|hourly,2026-08-17T18:48:05Z,2026-08-17T18:48:05Z,
108.62.61.44,ipv4,attack,high,WHITE,blocklist.de/all|blocklist.de/apache|blocklist.de/mail|ziyadnz/hourly-ipv4,blocklist.de|brute-force|apache|rfi|ddos|spam|mail|ziyadnz|hourly,2026-08-17T18:48:05Z,2026-08-17T18:48:05Z,
108.62.61.45,ipv4,attack,high,WHITE,blocklist.de/all|blocklist.de/apache|blocklist.de/mail|ziyadnz/hourly-ipv4,blocklist.de|brute-force|apache|rfi|ddos|spam|mail|ziyadnz|hourly,2026-08-17T18:48:05Z,2026-08-17T18:48:05Z,
108.62.61.46,ipv4,attack,high,WHITE,blocklist.de/all|blocklist.de/apache|blocklist.de/mail|ziyadnz/hourly-ipv4,blocklist.de|brute-force|apache|rfi|ddos|spam|mail|ziyadnz|hourly,2026-08-17T18:48:05Z,2026-08-17T18:48:05Z,
108.62.61.47,ipv4,attack,high,WHITE,blocklist.de/all|blocklist.de/apache|blocklist.de/mail|ziyadnz/hourly-ipv4,blocklist.de|brute-force|apache|rfi|ddos|spam|mail|ziyadnz|hourly,2026-08-17T18:48:05Z,2026-08-17T18:48:05Z,
108.62.61.48,ipv4,attack,high,WHITE,blocklist.de/all|blocklist.de/apache|blocklist.de/mail|ziyadnz/hourly-ipv4,blocklist.de|brute-force|apache|rfi|ddos|spam|mail|ziyadnz|hourly,2026-08-17T18:48:05Z,2026-08-17T18:48:05Z,
108.62.61.49,ipv4,attack,high,WHITE,blocklist.de/all|blocklist.de/apache|blocklist.de/mail|ziyadnz/hourly-ipv4,blocklist.de|brute-force|apache|rfi|ddos|spam|mail|ziyadnz|hourly,2026-08-17T18:48:05Z,2026-08-17T18:48:05Z,
108.62.61.50,ipv4,attack,high,WHITE,blocklist.de/all|blocklist.de/apache|blocklist.de/mail|ziyadnz/hourly-ipv4,blocklist.de|brute-force|apache|rfi|ddos|spam|mail|ziyadnz|hourly,2026-08-17T18:48:05Z,2026-08-17T18:48:05Z,
108.62.61.51,ipv4,attack,high,WHITE,blocklist.de/all|blocklist.de/apache|blocklist.de/mail|ziyadnz/hourly-ipv4,blocklist.de|brute-force|apache|rfi|ddos|spam|mail|ziyadnz|hourly,2026-08-17T18:48:05Z,2026-08-17T18:48:05Z,
108.62.61.52,ipv4,attack,high,WHITE,blocklist.de/all|blocklist.de/apache|blocklist.de/mail|ziyadnz/hourly-ipv4,blocklist.de|brute-force|apache|rfi|ddos|spam|mail|ziyadnz|hourly,2026-08-17T18:48:05Z,2026-08-17T18:48:05Z,
108.62.61.53,ipv4,attack,high,WHITE,blocklist.de/all|blocklist.de/apache|blocklist.de/mail|ziyadnz/hourly-ipv4,blocklist.de|brute-force|apache|rfi|ddos|spam|mail|ziyadnz|hourly,2026-08-17T18:48:05Z,2026-08-17T18:48:05Z,
108.62.61.54,ipv4,attack,high,WHITE,blocklist.de/all|blocklist.de/apache|blocklist.de/mail|ziyadnz/hourly-ipv4,blocklist.de|brute-force|apache|rfi|ddos|spam|mail|ziyadnz|hourly,2026-08-17T18:48:05Z,2026-08-17T18:48:05Z,
108.62.61.55,ipv4,attack,high,WHITE,blocklist.de/all|blocklist.de/apache|blocklist.de/mail|ziyadnz/hourly-ipv4,blocklist.de|brute-force|apache|rfi|ddos|spam|mail|ziyadnz|hourly,2026-08-17T18:48:05Z,2026-08-17T18:48:05Z,
108.62.61.56,ipv4,attack,high,WHITE,blocklist.de/all|blocklist.de/apache|blocklist.de/mail|ziyadnz/hourly-ipv4,blocklist.de|brute-force|apache|rfi|ddos|spam|mail|ziyadnz|hourly,2026-08-17T18:48:05Z,2026-08-17T18:48:05Z,
108.62.61.57,ipv4,attack,high,WHITE,blocklist.de/all|blocklist.de/apache|blocklist.de/mail|ziyadnz/hourly-ipv4,blocklist.de|brute-force|apache|rfi|ddos|spam|mail|ziyadnz|hourly,2026-08-17T18:48:05Z,2026-08-17T18:48:05Z,
108.62.61.58,ipv4,attack,high,WHITE,blocklist.de/all|blocklist.de/apache|blocklist.de/mail|ziyadnz/hourly-ipv4,blocklist.de|brute-force|apache|rfi|ddos|spam|mail|ziyadnz|hourly,2026-08-17T18:48:05Z,2026-08-17T18:48:05Z,
108.62.61.59,ipv4,attack,high,WHITE,blocklist.de/all|blocklist.de/apache|blocklist.de/mail|ziyadnz/hourly-ipv4,blocklist.de|brute-force|apache|rfi|ddos|spam|mail|ziyadnz|hourly,2026-08-17T18:48:05Z,2026-08-17T18:48:05Z,
108.62.61.60,ipv4,attack,high,WHITE,blocklist.de/all|blocklist.de/apache|blocklist.de/mail|ziyadnz/hourly-ipv4,blocklist.de|brute-force|apache|rfi|ddos|spam|mail|ziyadnz|hourly,2026-08-17T18:48:05Z,2026-08-17T18:48:05Z,
108.62.61.61,ipv4,attack,high,WHITE,blocklist.de/all|blocklist.de/apache|blocklist.de/mail|ziyadnz/hourly-ipv4,blocklist.de|brute-force|apache|rfi|ddos|spam|mail|ziyadnz|hourly,2026-08-17T18:48:05Z,2026-08-17T18:48:05Z,
108.62.61.62,ipv4,attack,high,WHITE,blocklist.de/all|blocklist.de/apache|blocklist.de/mail|ziyadnz/hourly-ipv4,blocklist.de|brute-force|apache|rfi|ddos|spam|mail|ziyadnz|hourly,2026-08-17T18:48:05Z,2026-08-17T18:48:05Z,
108.62.61.63,ipv4,attack,high,WHITE,blocklist.de/all|blocklist.de/apache|blocklist.de/mail|ziyadnz/hourly-ipv4,blocklist.de|brute-force|apache|rfi|ddos|spam|mail|ziyadnz|hourly,2026-08-17T18:48:05Z,2026-08-17T18:48:05Z,
108.62.61.64,ipv4,attack,high,WHITE,blocklist.de/all|blocklist.de/apache|blocklist.de/mail|ziyadnz/hourly-ipv4,blocklist.de|brute-force|apache|rfi|ddos|spam|mail|ziyadnz|hourly,2026-08-17T18:48:05Z,2026-08-17T18:48:05Z,
108.62.61.65,ipv4,attack,high,WHITE,blocklist.de/all|blocklist.de/apache|blocklist.de/mail|ziyadnz/hourly-ipv4,blocklist.de|brute-force|apache|rfi|ddos|spam|mail|ziyadnz|hourly,2026-08-17T18:48:05Z,2026-08-17T18:48:05Z,
108.62.61.66,ipv4,attack,high,WHITE,blocklist.de/all|blocklist.de/apache|blocklist.de/mail|ziyadnz/hourly-ipv4,blocklist.de|brute-force|apache|rfi|ddos|spam|mail|ziyadnz|hourly,2026-08-17T18:48:05Z,2026-08-17T18:48:05Z,
108.62.61.67,ipv4,attack,high,WHITE,blocklist.de/all|blocklist.de/apache|blocklist.de/mail|ziyadnz/hourly-ipv4,blocklist.de|brute-force|apache|rfi|ddos|spam|mail|ziyadnz|hourly,2026-08-17T18:48:05Z,2026-08-17T18:48:05Z,
108.62.61.68,ipv4,attack,high,WHITE,blocklist.de/all|blocklist.de/apache|blocklist.de/mail|ziyadnz/hourly-ipv4,blocklist.de|brute-force|apache|rfi|ddos|spam|mail|ziyadnz|hourly,2026-08-17T18:48:05Z,2026-08-17T18:48:05Z,
108.62.61.69,ipv4,attack,high,WHITE,blocklist.de/all|blocklist.de/apache|blocklist.de/mail|ziyadnz/hourly-ipv4,blocklist.de|brute-force|apache|rfi|ddos|spam|mail|ziyadnz|hourly,2026-08-17T18:48:05Z,2026-08-17T18:48:05Z,
108.62.61.70,ipv4,attack,high,WHITE,blocklist.de/all|blocklist.de/apache|blocklist.de/mail|ziyadnz/hourly-ipv4,blocklist.de|brute-force|apache|rfi|ddos|spam|mail|ziyadnz|hourly,2026-08-17T18:48:05Z,2026-08-17T18:48:05Z,
108.62.61.71,ipv4,attack,high,WHITE,blocklist.de/all|blocklist.de/apache|blocklist.de/mail|ziyadnz/hourly-ipv4,blocklist.de|brute-force|apache|rfi|ddos|spam|mail|ziyadnz|hourly,2026-08-17T18:48:05Z,2026-08-17T18:48:05Z,
108.62.61.72,ipv4,attack,high,WHITE,blocklist.de/all|blocklist.de/apache|blocklist.de/mail|ziyadnz/hourly-ipv4,blocklist.de|brute-force|apache|rfi|ddos|spam|mail|ziyadnz|hourly,2026-08-17T18:48:05Z,2026-08-17T18:48:05Z,
108.62.61.73,ipv4,attack,high,WHITE,blocklist.de/all|blocklist.de/apache|blocklist.de/mail|ziyadnz/hourly-ipv4,blocklist.de|brute-force|apache|rfi|ddos|spam|mail|ziyadnz|hourly,2026-08-17T18:48:05Z,2026-08-17T18:48:05Z,
108.62.61.74,ipv4,attack,high,WHITE,blocklist.de/all|blocklist.de/apache|blocklist.de/mail|ziyadnz/hourly-ipv4,blocklist.de|brute-force|apache|rfi|ddos|spam|mail|ziyadnz|hourly,2026-08-17T18:48:05Z,2026-08-17T18:48:05Z,
108.62.61.75,ipv4,attack,high,WHITE,blocklist.de/all|blocklist.de/apache|blocklist.de/mail|ziyadnz/hourly-ipv4,blocklist.de|brute-force|apache|rfi|ddos|spam|mail|ziyadnz|hourly,2026-08-17T18:48:05Z,2026-08-17T18:48:05Z,
108.62.61.76,ipv4,attack,high,WHITE,blocklist.de/all|blocklist.de/apache|blocklist.de/mail|ziyadnz/hourly-ipv4,blocklist.de|brute-force|apache|rfi|ddos|spam|mail|ziyadnz|hourly,2026-08-17T18:48:05Z,2026-08-17T18:48:05Z,
108.62.61.77,ipv4,attack,high,WHITE,blocklist.de/all|blocklist.de/apache|blocklist.de/mail|ziyadnz/hourly-ipv4,blocklist.de|brute-force|apache|rfi|ddos|spam|mail|ziyadnz|hourly,2026-08-17T18:48:05Z,2026-08-17T18:48:05Z,
108.62.61.78,ipv4,attack,high,WHITE,blocklist.de/all|blocklist.de/apache|blocklist.de/mail|ziyadnz/hourly-ipv4,blocklist.de|brute-force|apache|rfi|ddos|spam|mail|ziyadnz|hourly,2026-08-17T18:48:05Z,2026-08-17T18:48:05Z,
108.62.61.79,ipv4,attack,high,WHITE,blocklist.de/all|blocklist.de/apache|blocklist.de/mail|ziyadnz/hourly-ipv4,blocklist.de|brute-force|apache|rfi|ddos|spam|mail|ziyadnz|hourly,2026-08-17T18:48:05Z,2026-08-17T18:48:05Z,
108.62.61.80,ipv4,attack,high,WHITE,blocklist.de/all|blocklist.de/apache|blocklist.de/mail|ziyadnz/hourly-ipv4,blocklist.de|brute-force|apache|rfi|ddos|spam|mail|ziyadnz|hourly,2026-08-17T18:48:05Z,2026-08-17T18:48:05Z,
108.62.61.81,ipv4,attack,high,WHITE,blocklist.de/all|blocklist.de/apache|blocklist.de/mail|ziyadnz/hourly-ipv4,blocklist.de|brute-force|apache|rfi|ddos|spam|mail|ziyadnz|hourly,2026-08-17T18:48:05Z,2026-08-17T18:48:05Z,
108.62.61.82,ipv4,attack,high,WHITE,blocklist.de/all|blocklist.de/apache|blocklist.de/mail|ziyadnz/hourly-ipv4,blocklist.de|brute-force|apache|rfi|ddos|spam|mail|ziyadnz|hourly,2026-08-17T18:48:05Z,2026-08-17T18:48:05Z,
108.62.61.83,ipv4,attack,high,WHITE,blocklist.de/all|blocklist.de/apache|blocklist.de/mail|ziyadnz/hourly-ipv4,blocklist.de|brute-force|apache|rfi|ddos|spam|mail|ziyadnz|hourly,2026-08-17T18:48:05Z,2026-08-17T18:48:05Z,
108.62.61.84,ipv4,attack,high,WHITE,blocklist.de/all|blocklist.de/apache|blocklist.de/mail|ziyadnz/hourly-ipv4,blocklist.de|brute-force|apache|rfi|ddos|spam|mail|ziyadnz|hourly,2026-08-17T18:48:05Z,2026-08-17T18:48:05Z,
108.62.61.85,ipv4,attack,high,WHITE,blocklist.de/all|blocklist.de/apache|blocklist.de/mail|ziyadnz/hourly-ipv4,blocklist.de|brute-force|apache|rfi|ddos|spam|mail|ziyadnz|hourly,2026-08-17T18:48:05Z,2026-08-17T18:48:05Z,
108.62.61.86,ipv4,attack,high,WHITE,blocklist.de/all|blocklist.de/apache|blocklist.de/mail|ziyadnz/hourly-ipv4,blocklist.de|brute-force|apache|rfi|ddos|spam|mail|ziyadnz|hourly,2026-08-17T18:48:05Z,2026-08-17T18:48:05Z,
108.62.61.87,ipv4,attack,high,WHITE,blocklist.de/all|blocklist.de/apache|blocklist.de/mail|ziyadnz/hourly-ipv4,blocklist.de|brute-force|apache|rfi|ddos|spam|mail|ziyadnz|hourly,2026-08-17T18:48:05Z,2026-08-17T18:48:05Z,
108.62.61.88,ipv4,attack,high,WHITE,blocklist.de/all|blocklist.de/apache|blocklist.de/mail|ziyadnz/hourly-ipv4,blocklist.de|brute-force|apache|rfi|ddos|spam|mail|ziyadnz|hourly,2026-08-17T18:48:05Z,2026-08-17T18:48:05Z,
108.62.61.89,ipv4,attack,high,WHITE,blocklist.de/all|blocklist.de/apache|blocklist.de/mail|ziyadnz/hourly-ipv4,blocklist.de|brute-force|apache|rfi|ddos|spam|mail|ziyadnz|hourly,2026-08-17T18:48:05Z,2026-08-17T18:48:05Z,
108.62.61.90,ipv4,attack,high,WHITE,blocklist.de/all|blocklist.de/apache|blocklist.de/mail|ziyadnz/hourly-ipv4,blocklist.de|brute-force|apache|rfi|ddos|spam|mail|ziyadnz|hourly,2026-08-17T18:48:05Z,2026-08-17T18:48:05Z,
108.62.61.91,ipv4,attack,high,WHITE,blocklist.de/all|blocklist.de/apache|blocklist.de/mail|ziyadnz/hourly-ipv4,blocklist.de|brute-force|apache|rfi|ddos|spam|mail|ziyadnz|hourly,2026-08-17T18:48:05Z,2026-08-17T18:48:05Z,
108.62.61.92,ipv4,attack,high,WHITE,blocklist.de/all|blocklist.de/apache|blocklist.de/mail|ziyadnz/hourly-ipv4,blocklist.de|brute-force|apache|rfi|ddos|spam|mail|ziyadnz|hourly,2026-08-17T18:48:05Z,2026-08-17T18:48:05Z,
108.62.61.93,ipv4,attack,high,WHITE,blocklist.de/all|blocklist.de/apache|blocklist.de/mail|ziyadnz/hourly-ipv4,blocklist.de|brute-force|apache|rfi|ddos|spam|mail|ziyadnz|hourly,2026-08-17T18:48:05Z,2026-08-17T18:48:05Z,
108.62.61.94,ipv4,attack,high,WHITE,blocklist.de/all|blocklist.de/apache|blocklist.de/mail|ziyadnz/hourly-ipv4,blocklist.de|brute-force|apache|rfi|ddos|spam|mail|ziyadnz|hourly,2026-08-17T18:48:05Z,2026-08-17T18:48:05Z,
108.62.61.95,ipv4,attack,high,WHITE,blocklist.de/all|blocklist.de/apache|blocklist.de/mail|ziyadnz/hourly-ipv4,blocklist.de|brute-force|apache|rfi|ddos|spam|mail|ziyadnz|hourly,2026-08-17T18:48:05Z,2026-08-17T18:48:05Z,
108.62.61.96,ipv4,attack,high,WHITE,blocklist.de/all|blocklist.de/apache|blocklist.de/mail|ziyadnz/hourly-ipv4,blocklist.de|brute-force|apache|rfi|ddos|spam|mail|ziyadnz|hourly,2026-08-17T18:48:05Z,2026-08-17T18:48:05Z,
108.62.61.97,ipv4,attack,high,WHITE,blocklist.de/all|blocklist.de/apache|blocklist.de/mail|ziyadnz/hourly-ipv4,blocklist.de|brute-force|apache|rfi|ddos|spam|mail|ziyadnz|hourly,2026-08-17T18:48:05Z,2026-08-17T18:48:05Z,
108.62.61.98,ipv4,attack,high,WHITE,blocklist.de/all|blocklist.de/apache|blocklist.de/mail|ziyadnz/hourly-ipv4,blocklist.de|brute-force|apache|rfi|ddos|spam|mail|ziyadnz|hourly,2026-08-17T18:48:05Z,2026-08-17T18:48:05Z,
108.62.61.99,ipv4,attack,high,WHITE,blocklist.de/all|blocklist.de/apache|blocklist.de/mail|ziyadnz/hourly-ipv4,blocklist.de|brute-force|apache|rfi|ddos|spam|mail|ziyadnz|hourly,2026-08-17T18:48:05Z,2026-08-17T18:48:05Z,
108.62.61.100,ipv4,attack,high,WHITE,blocklist.de/all|blocklist.de/apache|blocklist.de/mail|ziyadnz/hourly-ipv4,blocklist.de|brute-force|apache|rfi|ddos|spam|mail|ziyadnz|hourly,2026-08-17T18:48:05Z,2026-08-17T18:48:05Z,
108.62.61.101,ipv4,attack,high,WHITE,blocklist.de/all|blocklist.de/apache|blocklist.de/mail|ziyadnz/hourly-ipv4,blocklist.de|brute-force|apache|rfi|ddos|spam|mail|ziyadnz|hourly,2026-08-17T18:48:05Z,2026-08-17T18:48:05Z,
108.62.61.102,ipv4,attack,high,WHITE,blocklist.de/all|blocklist.de/apache|blocklist.de/mail|ziyadnz/hourly-ipv4,blocklist.de|brute-force|apache|rfi|ddos|spam|mail|ziyadnz|hourly,2026-08-17T18:48:05Z,2026-08-17T18:48:05Z,
108.62.61.103,ipv4,attack,high,WHITE,blocklist.de/all|blocklist.de/apache|blocklist.de/mail|ziyadnz/hourly-ipv4,blocklist.de|brute-force|apache|rfi|ddos|spam|mail|ziyadnz|hourly,2026-08-17T18:48:05Z,2026-08-17T18:48:05Z,
108.62.61.104,ipv4,attack,high,WHITE,blocklist.de/all|blocklist.de/apache|blocklist.de/mail|ziyadnz/hourly-ipv4,blocklist.de|brute-force|apache|rfi|ddos|spam|mail|ziyadnz|hourly,2026-08-17T18:48:05Z,2026-08-17T18:48:05Z,
108.62.61.105,ipv4,attack,high,WHITE,blocklist.de/all|blocklist.de/apache|blocklist.de/mail|ziyadnz/hourly-ipv4,blocklist.de|brute-force|apache|rfi|ddos|spam|mail|ziyadnz|hourly,2026-08-17T18:48:05Z,2026-08-17T18:48:05Z,
108.62.61.106,ipv4,attack,high,WHITE,blocklist.de/all|blocklist.de/apache|blocklist.de/mail|ziyadnz/hourly-ipv4,blocklist.de|brute-force|apache|rfi|ddos|spam|mail|ziyadnz|hourly,2026-08-17T18:48:05Z,2026-08-17T18:48:05Z,
108.62.61.107,ipv4,attack,high,WHITE,blocklist.de/all|blocklist.de/apache|blocklist.de/mail|ziyadnz/hourly-ipv4,blocklist.de|brute-force|apache|rfi|ddos|spam|mail|ziyadnz|hourly,2026-08-17T18:48:05Z,2026-08-17T18:48:05Z,
108.62.61.108,ipv4,attack,high,WHITE,blocklist.de/all|blocklist.de/apache|blocklist.de/mail|ziyadnz/hourly-ipv4,blocklist.de|brute-force|apache|rfi|ddos|spam|mail|ziyadnz|hourly,2026-08-17T18:48:05Z,2026-08-17T18:48:05Z,
108.62.61.109,ipv4,attack,high,WHITE,blocklist.de/all|blocklist.de/apache|blocklist.de/mail|ziyadnz/hourly-ipv4,blocklist.de|brute-force|apache|rfi|ddos|spam|mail|ziyadnz|hourly,2026-08-17T18:48:05Z,2026-08-17T18:48:05Z,
108.62.61.110,ipv4,attack,high,WHITE,blocklist.de/all|blocklist.de/apache|blocklist.de/mail|ziyadnz/hourly-ipv4,blocklist.de|brute-force|apache|rfi|ddos|spam|mail|ziyadnz|hourly,2026-08-17T18:48:05Z,2026-08-17T18:48:05Z,
108.62.61.111,ipv4,attack,high,WHITE,blocklist.de/all|blocklist.de/apache|blocklist.de/mail|ziyadnz/hourly-ipv4,blocklist.de|brute-force|apache|rfi|ddos|spam|mail|ziyadnz|hourly,2026-08-17T18:48:05Z,2026-08-17T18:48:05Z,
108.62.61.112,ipv4,attack,high,WHITE,blocklist.de/all|blocklist.de/apache|blocklist.de/mail|ziyadnz/hourly-ipv4,blocklist.de|brute-force|apache|rfi|ddos|spam|mail|ziyadnz|hourly,2026-08-17T18:48:05Z,2026-08-17T18:48:05Z,
108.62.61.113,ipv4,attack,high,WHITE,blocklist.de/all|blocklist.de/apache|blocklist.de/mail|ziyadnz/hourly-ipv4,blocklist.de|brute-force|apache|rfi|ddos|spam|mail|ziyadnz|hourly,2026-08-17T18:48:05Z,2026-08-17T18:48:05Z,
108.62.61.114,ipv4,attack,high,WHITE,blocklist.de/all|blocklist.de/apache|blocklist.de/mail|ziyadnz/hourly-ipv4,blocklist.de|brute-force|apache|rfi|ddos|spam|mail|ziyadnz|hourly,2026-08-17T18:48:05Z,2026-08-17T18:48:05Z,
108.62.61.115,ipv4,attack,high,WHITE,blocklist.de/all|blocklist.de/apache|blocklist.de/mail|ziyadnz/hourly-ipv4,blocklist.de|brute-force|apache|rfi|ddos|spam|mail|ziyadnz|hourly,2026-08-17T18:48:05Z,2026-08-17T18:48:05Z,
108.62.61.116,ipv4,attack,high,WHITE,blocklist.de/all|blocklist.de/apache|blocklist.de/mail|ziyadnz/hourly-ipv4,blocklist.de|brute-force|apache|rfi|ddos|spam|mail|ziyadnz|hourly,2026-08-17T18:48:05Z,2026-08-17T18:48:05Z,
108.62.61.117,ipv4,attack,high,WHITE,blocklist.de/all|blocklist.de/apache|blocklist.de/mail|ziyadnz/hourly-ipv4,blocklist.de|brute-force|apache|rfi|ddos|spam|mail|ziyadnz|hourly,2026-08-17T18:48:05Z,2026-08-17T18:48:05Z,
108.62.61.118,ipv4,attack,high,WHITE,blocklist.de/all|blocklist.de/apache|blocklist.de/mail|ziyadnz/hourly-ipv4,blocklist.de|brute-force|apache|rfi|ddos|spam|mail|ziyadnz|hourly,2026-08-17T18:48:05Z,2026-08-17T18:48:05Z,
108.62.61.119,ipv4,attack,high,WHITE,blocklist.de/all|blocklist.de/apache|blocklist.de/mail|ziyadnz/hourly-ipv4,blocklist.de|brute-force|apache|rfi|ddos|spam|mail|ziyadnz|hourly,2026-08-17T18:48:05Z,2026-08-17T18:48:05Z,
108.62.61.120,ipv4,attack,high,WHITE,blocklist.de/all|blocklist.de/apache|blocklist.de/mail|ziyadnz/hourly-ipv4,blocklist.de|brute-force|apache|rfi|ddos|spam|mail|ziyadnz|hourly,2026-08-17T18:48:05Z,2026-08-17T18:48:05Z,
108.62.61.121,ipv4,attack,high,WHITE,blocklist.de/all|blocklist.de/apache|blocklist.de/mail|ziyadnz/hourly-ipv4,blocklist.de|brute-force|apache|rfi|ddos|spam|mail|ziyadnz|hourly,2026-08-17T18:48:05Z,2026-08-17T18:48:05Z,
108.62.61.122,ipv4,attack,high,WHITE,blocklist.de/all|blocklist.de/apache|blocklist.de/mail|ziyadnz/hourly-ipv4,blocklist.de|brute-force|apache|rfi|ddos|spam|mail|ziyadnz|hourly,2026-08-17T18:48:05Z,2026-08-17T18:48:05Z,
108.62.61.123,ipv4,attack,high,WHITE,blocklist.de/all|blocklist.de/apache|blocklist.de/mail|ziyadnz/hourly-ipv4,blocklist.de|brute-force|apache|rfi|ddos|spam|mail|ziyadnz|hourly,2026-08-17T18:48:05Z,2026-08-17T18:48:05Z,
108.62.61.124,ipv4,attack,high,WHITE,blocklist.de/all|blocklist.de/apache|blocklist.de/mail|ziyadnz/hourly-ipv4,blocklist.de|brute-force|apache|rfi|ddos|spam|mail|ziyadnz|hourly,2026-08-17T18:48:05Z,2026-08-17T18:48:05Z,
108.62.61.125,ipv4,attack,high,WHITE,blocklist.de/all|blocklist.de/apache|blocklist.de/mail|ziyadnz/hourly-ipv4,blocklist.de|brute-force|apache|rfi|ddos|spam|mail|ziyadnz|hourly,2026-08-17T18:48:05Z,2026-08-17T18:48:05Z,
108.62.61.126,ipv4,attack,high,WHITE,blocklist.de/all|blocklist.de/apache|blocklist.de/mail|ziyadnz/hourly-ipv4,blocklist.de|brute-force|apache|rfi|ddos|spam|mail|ziyadnz|hourly,2026-08-17T18:48:05Z,2026-08-17T18:48:05Z,
108.62.61.127,ipv4,attack,high,WHITE,blocklist.de/all|blocklist.de/apache|blocklist.de/mail|ziyadnz/hourly-ipv4,blocklist.de|brute-force|apache|rfi|ddos|spam|mail|ziyadnz|hourly,2026-08-17T18:48:05Z,2026-08-17T18:48:05Z,
108.62.61.128,ipv4,attack,high,WHITE,blocklist.de/all|blocklist.de/apache|blocklist.de/mail|ziyadnz/hourly-ipv4,blocklist.de|brute-force|apache|rfi|ddos|spam|mail|ziyadnz|hourly,2026-08-17T18:48:05Z,2026-08-17T18:48:05Z,
108.62.61.129,ipv4,attack,high,WHITE,blocklist.de/all|blocklist.de/apache|blocklist.de/mail|ziyadnz/hourly-ipv4,blocklist.de|brute-force|apache|rfi|ddos|spam|mail|ziyadnz|hourly,2026-08-17T18:48:05Z,2026-08-17T18:48:05Z,
108.62.61.130,ipv4,attack,high,WHITE,blocklist.de/all|blocklist.de/apache|blocklist.de/mail|ziyadnz/hourly-ipv4,blocklist.de|brute-force|apache|rfi|ddos|spam|mail|ziyadnz|hourly,2026-08-17T18:48:05Z,2026-08-17T18:48:05Z,
108.62.61.131,ipv4,attack,high,WHITE,blocklist.de/all|blocklist.de/apache|blocklist.de/mail|ziyadnz/hourly-ipv4,blocklist.de|brute-force|apache|rfi|ddos|spam|mail|ziyadnz|hourly,2026-08-17T18:48:05Z,2026-08-17T18:48:05Z,
108.62.61.132,ipv4,attack,high,WHITE,blocklist.de/all|blocklist.de/apache|blocklist.de/mail|ziyadnz/hourly-ipv4,blocklist.de|brute-force|apache|rfi|ddos|spam|mail|ziyadnz|hourly,2026-08-17T18:48:05Z,2026-08-17T18:48:05Z,
108.62.61.133,ipv4,attack,high,WHITE,blocklist.de/all|blocklist.de/apache|blocklist.de/mail|ziyadnz/hourly-ipv4,blocklist.de|brute-force|apache|rfi|ddos|spam|mail|ziyadnz|hourly,2026-08-17T18:48:05Z,2026-08-17T18:48:05Z,
108.62.61.134,ipv4,attack,high,WHITE,blocklist.de/all|blocklist.de/apache|blocklist.de/mail|ziyadnz/hourly-ipv4,blocklist.de|brute-force|apache|rfi|ddos|spam|mail|ziyadnz|hourly,2026-08-17T18:48:05Z,2026-08-17T18:48:05Z,
108.62.61.135,ipv4,attack,high,WHITE,blocklist.de/all|blocklist.de/apache|blocklist.de/mail|ziyadnz/hourly-ipv4,blocklist.de|brute-force|apache|rfi|ddos|spam|mail|ziyadnz|hourly,2026-08-17T18:48:05Z,2026-08-17T18:48:05Z,
108.62.61.136,ipv4,attack,high,WHITE,blocklist.de/all|blocklist.de/apache|blocklist.de/mail|ziyadnz/hourly-ipv4,blocklist.de|brute-force|apache|rfi|ddos|spam|mail|ziyadnz|hourly,2026-08-17T18:48:05Z,2026-08-17T18:48:05Z,
108.62.61.137,ipv4,attack,high,WHITE,blocklist.de/all|blocklist.de/apache|blocklist.de/mail|ziyadnz/hourly-ipv4,blocklist.de|brute-force|apache|rfi|ddos|spam|mail|ziyadnz|hourly,2026-08-17T18:48:05Z,2026-08-17T18:48:05Z,
108.62.61.138,ipv4,attack,high,WHITE,blocklist.de/all|blocklist.de/apache|blocklist.de/mail|ziyadnz/hourly-ipv4,blocklist.de|brute-force|apache|rfi|ddos|spam|mail|ziyadnz|hourly,2026-08-17T18:48:05Z,2026-08-17T18:48:05Z,
108.62.61.139,ipv4,attack,high,WHITE,blocklist.de/all|blocklist.de/apache|blocklist.de/mail|ziyadnz/hourly-ipv4,blocklist.de|brute-force|apache|rfi|ddos|spam|mail|ziyadnz|hourly,2026-08-17T18:48:05Z,2026-08-17T18:48:05Z,
108.62.61.140,ipv4,attack,high,WHITE,blocklist.de/all|blocklist.de/apache|blocklist.de/mail|ziyadnz/hourly-ipv4,blocklist.de|brute-force|apache|rfi|ddos|spam|mail|ziyadnz|hourly,2026-08-17T18:48:05Z,2026-08-17T18:48:05Z,
108.62.61.141,ipv4,attack,high,WHITE,blocklist.de/all|blocklist.de/apache|blocklist.de/mail|ziyadnz/hourly-ipv4,blocklist.de|brute-force|apache|rfi|ddos|spam|mail|ziyadnz|hourly,2026-08-17T18:48:05Z,2026-08-17T18:48:05Z,
108.62.61.142,ipv4,attack,high,WHITE,blocklist.de/all|blocklist.de/apache|blocklist.de/mail|ziyadnz/hourly-ipv4,blocklist.de|brute-force|apache|rfi|ddos|spam|mail|ziyadnz|hourly,2026-08-17T18:48:05Z,2026-08-17T18:48:05Z,
108.62.61.143,ipv4,attack,high,WHITE,blocklist.de/all|blocklist.de/apache|blocklist.de/mail|ziyadnz/hourly-ipv4,blocklist.de|brute-force|apache|rfi|ddos|spam|mail|ziyadnz|hourly,2026-08-17T18:48:05Z,2026-08-17T18:48:05Z,
108.62.61.144,ipv4,attack,high,WHITE,blocklist.de/all|blocklist.de/apache|blocklist.de/mail|ziyadnz/hourly-ipv4,blocklist.de|brute-force|apache|rfi|ddos|spam|mail|ziyadnz|hourly,2026-08-17T18:48:05Z,2026-08-17T18:48:05Z,
108.62.61.145,ipv4,attack,high,WHITE,blocklist.de/all|blocklist.de/apache|blocklist.de/mail|ziyadnz/hourly-ipv4,blocklist.de|brute-force|apache|rfi|ddos|spam|mail|ziyadnz|hourly,2026-08-17T18:48:05Z,2026-08-17T18:48:05Z,
108.62.61.146,ipv4,attack,high,WHITE,blocklist.de/all|blocklist.de/apache|blocklist.de/mail|ziyadnz/hourly-ipv4,blocklist.de|brute-force|apache|rfi|ddos|spam|mail|ziyadnz|hourly,2026-08-17T18:48:05Z,2026-08-17T18:48:05Z,
108.62.61.147,ipv4,attack,high,WHITE,blocklist.de/all|blocklist.de/apache|blocklist.de/mail|ziyadnz/hourly-ipv4,blocklist.de|brute-force|apache|rfi|ddos|spam|mail|ziyadnz|hourly,2026-08-17T18:48:05Z,2026-08-17T18:48:05Z,
108.62.61.148,ipv4,attack,high,WHITE,blocklist.de/all|blocklist.de/apache|blocklist.de/mail|ziyadnz/hourly-ipv4,blocklist.de|brute-force|apache|rfi|ddos|spam|mail|ziyadnz|hourly,2026-08-17T18:48:05Z,2026-08-17T18:48:05Z,
108.62.61.149,ipv4,attack,high,WHITE,blocklist.de/all|blocklist.de/apache|blocklist.de/mail|ziyadnz/hourly-ipv4,blocklist.de|brute-force|apache|rfi|ddos|spam|mail|ziyadnz|hourly,2026-08-17T18:48:05Z,2026-08-17T18:48:05Z,
108.62.61.150,ipv4,attack,high,WHITE,blocklist.de/all|blocklist.de/apache|blocklist.de/mail|ziyadnz/hourly-ipv4,blocklist.de|brute-force|apache|rfi|ddos|spam|mail|ziyadnz|hourly,2026-08-17T18:48:05Z,2026-08-17T18:48:05Z,
108.62.61.151,ipv4,attack,high,WHITE,blocklist.de/all|blocklist.de/apache|blocklist.de/mail|ziyadnz/hourly-ipv4,blocklist.de|brute-force|apache|rfi|ddos|spam|mail|ziyadnz|hourly,2026-08-17T18:48:05Z,2026-08-17T18:48:05Z,
108.62.61.152,ipv4,attack,high,WHITE,blocklist.de/all|blocklist.de/apache|blocklist.de/mail|ziyadnz/hourly-ipv4,blocklist.de|brute-force|apache|rfi|ddos|spam|mail|ziyadnz|hourly,2026-08-17T18:48:05Z,2026-08-17T18:48:05Z,
108.62.61.153,ipv4,attack,high,WHITE,blocklist.de/all|blocklist.de/apache|blocklist.de/mail|ziyadnz/hourly-ipv4,blocklist.de|brute-force|apache|rfi|ddos|spam|mail|ziyadnz|hourly,2026-08-17T18:48:05Z,2026-08-17T18:48:05Z,
108.62.61.154,ipv4,attack,high,WHITE,blocklist.de/all|blocklist.de/apache|blocklist.de/mail|ziyadnz/hourly-ipv4,blocklist.de|brute-force|apache|rfi|ddos|spam|mail|ziyadnz|hourly,2026-08-17T18:48:05Z,2026-08-17T18:48:05Z,
108.62.61.155,ipv4,attack,high,WHITE,blocklist.de/all|blocklist.de/apache|blocklist.de/mail|ziyadnz/hourly-ipv4,blocklist.de|brute-force|apache|rfi|ddos|spam|mail|ziyadnz|hourly,2026-08-17T18:48:05Z,2026-08-17T18:48:05Z,
108.62.61.156,ipv4,attack,high,WHITE,blocklist.de/all|blocklist.de/apache|blocklist.de/mail|ziyadnz/hourly-ipv4,blocklist.de|brute-force|apache|rfi|ddos|spam|mail|ziyadnz|hourly,2026-08-17T18:48:05Z,2026-08-17T18:48:05Z,
108.62.61.157,ipv4,attack,high,WHITE,blocklist.de/all|blocklist.de/apache|blocklist.de/mail|ziyadnz/hourly-ipv4,blocklist.de|brute-force|apache|rfi|ddos|spam|mail|ziyadnz|hourly,2026-08-17T18:48:05Z,2026-08-17T18:48:05Z,
108.62.61.158,ipv4,attack,high,WHITE,blocklist.de/all|blocklist.de/apache|blocklist.de/mail|ziyadnz/hourly-ipv4,blocklist.de|brute-force|apache|rfi|ddos|spam|mail|ziyadnz|hourly,2026-08-17T18:48:05Z,2026-08-17T18:48:05Z,
108.62.61.159,ipv4,attack,high,WHITE,blocklist.de/all|blocklist.de/apache|blocklist.de/mail|ziyadnz/hourly-ipv4,blocklist.de|brute-force|apache|rfi|ddos|spam|mail|ziyadnz|hourly,2026-08-17T18:48:05Z,2026-08-17T18:48:05Z,
108.62.61.160,ipv4,attack,high,WHITE,blocklist.de/all|blocklist.de/apache|blocklist.de/mail|ziyadnz/hourly-ipv4,blocklist.de|brute-force|apache|rfi|ddos|spam|mail|ziyadnz|hourly,2026-08-17T18:48:05Z,2026-08-17T18:48:05Z,
108.62.61.161,ipv4,attack,high,WHITE,blocklist.de/all|blocklist.de/apache|blocklist.de/mail|ziyadnz/hourly-ipv4,blocklist.de|brute-force|apache|rfi|ddos|spam|mail|ziyadnz|hourly,2026-08-17T18:48:05Z,2026-08-17T18:48:05Z,
108.62.61.162,ipv4,attack,high,WHITE,blocklist.de/all|blocklist.de/apache|blocklist.de/mail|ziyadnz/hourly-ipv4,blocklist.de|brute-force|apache|rfi|ddos|spam|mail|ziyadnz|hourly,2026-08-17T18:48:05Z,2026-08-17T18:48:05Z,
108.62.61.163,ipv4,attack,high,WHITE,blocklist.de/all|blocklist.de/apache|blocklist.de/mail|ziyadnz/hourly-ipv4,blocklist.de|brute-force|apache|rfi|ddos|spam|mail|ziyadnz|hourly,2026-08-17T18:48:05Z,2026-08-17T18:48:05Z,
108.62.61.164,ipv4,attack,high,WHITE,blocklist.de/all|blocklist.de/apache|blocklist.de/mail|ziyadnz/hourly-ipv4,blocklist.de|brute-force|apache|rfi|ddos|spam|mail|ziyadnz|hourly,2026-08-17T18:48:05Z,2026-08-17T18:48:05Z,
108.62.61.165,ipv4,attack,high,WHITE,blocklist.de/all|blocklist.de/apache|blocklist.de/mail|ziyadnz/hourly-ipv4,blocklist.de|brute-force|apache|rfi|ddos|spam|mail|ziyadnz|hourly,2026-08-17T18:48:05Z,2026-08-17T18:48:05Z,
108.62.61.166,ipv4,attack,high,WHITE,blocklist.de/all|blocklist.de/apache|blocklist.de/mail|ziyadnz/hourly-ipv4,blocklist.de|brute-force|apache|rfi|ddos|spam|mail|ziyadnz|hourly,2026-08-17T18:48:05Z,2026-08-17T18:48:05Z,
108.62.61.167,ipv4,attack,high,WHITE,blocklist.de/all|blocklist.de/apache|blocklist.de/mail|ziyadnz/hourly-ipv4,blocklist.de|brute-force|apache|rfi|ddos|spam|mail|ziyadnz|hourly,2026-08-17T18:48:05Z,2026-08-17T18:48:05Z,
108.62.61.168,ipv4,attack,high,WHITE,blocklist.de/all|blocklist.de/apache|blocklist.de/mail|ziyadnz/hourly-ipv4,blocklist.de|brute-force|apache|rfi|ddos|spam|mail|ziyadnz|hourly,2026-08-17T18:48:05Z,2026-08-17T18:48:05Z,
108.62.61.169,ipv4,attack,high,WHITE,blocklist.de/all|blocklist.de/apache|blocklist.de/mail|ziyadnz/hourly-ipv4,blocklist.de|brute-force|apache|rfi|ddos|spam|mail|ziyadnz|hourly,2026-08-17T18:48:05Z,2026-08-17T18:48:05Z,
108.62.61.170,ipv4,attack,high,WHITE,blocklist.de/all|blocklist.de/apache|blocklist.de/mail|ziyadnz/hourly-ipv4,blocklist.de|brute-force|apache|rfi|ddos|spam|mail|ziyadnz|hourly,2026-08-17T18:48:05Z,2026-08-17T18:48:05Z,
108.62.61.171,ipv4,attack,high,WHITE,blocklist.de/all|blocklist.de/apache|blocklist.de/mail|ziyadnz/hourly-ipv4,blocklist.de|brute-force|apache|rfi|ddos|spam|mail|ziyadnz|hourly,2026-08-17T18:48:05Z,2026-08-17T18:48:05Z,
108.62.61.172,ipv4,attack,high,WHITE,blocklist.de/all|blocklist.de/apache|blocklist.de/mail|ziyadnz/hourly-ipv4,blocklist.de|brute-force|apache|rfi|ddos|spam|mail|ziyadnz|hourly,2026-08-17T18:48:05Z,2026-08-17T18:48:05Z,
108.62.61.173,ipv4,attack,high,WHITE,blocklist.de/all|blocklist.de/apache|blocklist.de/mail|ziyadnz/hourly-ipv4,blocklist.de|brute-force|apache|rfi|ddos|spam|mail|ziyadnz|hourly,2026-08-17T18:48:05Z,2026-08-17T18:48:05Z,
108.62.61.174,ipv4,attack,high,WHITE,blocklist.de/all|blocklist.de/apache|blocklist.de/mail|ziyadnz/hourly-ipv4,blocklist.de|brute-force|apache|rfi|ddos|spam|mail|ziyadnz|hourly,2026-08-17T18:48:05Z,2026-08-17T18:48:05Z,
108.62.61.175,ipv4,attack,high,WHITE,blocklist.de/all|blocklist.de/apache|blocklist.de/mail|ziyadnz/hourly-ipv4,blocklist.de|brute-force|apache|rfi|ddos|spam|mail|ziyadnz|hourly,2026-08-17T18:48:05Z,2026-08-17T18:48:05Z,
108.62.61.176,ipv4,attack,high,WHITE,blocklist.de/all|blocklist.de/apache|blocklist.de/mail|ziyadnz/hourly-ipv4,blocklist.de|brute-force|apache|rfi|ddos|spam|mail|ziyadnz|hourly,2026-08-17T18:48:05Z,2026-08-17T18:48:05Z,
108.62.61.177,ipv4,attack,high,WHITE,blocklist.de/all|blocklist.de/apache|blocklist.de/mail|ziyadnz/hourly-ipv4,blocklist.de|brute-force|apache|rfi|ddos|spam|mail|ziyadnz|hourly,2026-08-17T18:48:05Z,2026-08-17T18:48:05Z,
108.62.61.178,ipv4,attack,high,WHITE,blocklist.de/all|blocklist.de/apache|blocklist.de/mail|ziyadnz/hourly-ipv4,blocklist.de|brute-force|apache|rfi|ddos|spam|mail|ziyadnz|hourly,2026-08-17T18:48:05Z,2026-08-17T18:48:05Z,
108.62.61.179,ipv4,attack,high,WHITE,blocklist.de/all|blocklist.de/apache|blocklist.de/mail|ziyadnz/hourly-ipv4,blocklist.de|brute-force|apache|rfi|ddos|spam|mail|ziyadnz|hourly,2026-08-17T18:48:05Z,2026-08-17T18:48:05Z,
108.62.61.180,ipv4,attack,high,WHITE,blocklist.de/all|blocklist.de/apache|blocklist.de/mail|ziyadnz/hourly-ipv4,blocklist.de|brute-force|apache|rfi|ddos|spam|mail|ziyadnz|hourly,2026-08-17T18:48:05Z,2026-08-17T18:48:05Z,
108.62.61.181,ipv4,attack,high,WHITE,blocklist.de/all|blocklist.de/apache|blocklist.de/mail|ziyadnz/hourly-ipv4,blocklist.de|brute-force|apache|rfi|ddos|spam|mail|ziyadnz|hourly,2026-08-17T18:48:05Z,2026-08-17T18:48:05Z,
108.62.61.182,ipv4,attack,high,WHITE,blocklist.de/all|blocklist.de/apache|blocklist.de/mail|ziyadnz/hourly-ipv4,blocklist.de|brute-force|apache|rfi|ddos|spam|mail|ziyadnz|hourly,2026-08-17T18:48:05Z,2026-08-17T18:48:05Z,
108.62.61.183,ipv4,attack,high,WHITE,blocklist.de/all|blocklist.de/apache|blocklist.de/mail|ziyadnz/hourly-ipv4,blocklist.de|brute-force|apache|rfi|ddos|spam|mail|ziyadnz|hourly,2026-08-17T18:48:05Z,2026-08-17T18:48:05Z,
108.62.61.184,ipv4,attack,high,WHITE,blocklist.de/all|blocklist.de/apache|blocklist.de/mail|ziyadnz/hourly-ipv4,blocklist.de|brute-force|apache|rfi|ddos|spam|mail|ziyadnz|hourly,2026-08-17T18:48:05Z,2026-08-17T18:48:05Z,
108.62.61.185,ipv4,attack,high,WHITE,blocklist.de/all|blocklist.de/apache|blocklist.de/mail|ziyadnz/hourly-ipv4,blocklist.de|brute-force|apache|rfi|ddos|spam|mail|ziyadnz|hourly,2026-08-17T18:48:05Z,2026-08-17T18:48:05Z,
108.62.61.186,ipv4,attack,high,WHITE,blocklist.de/all|blocklist.de/apache|blocklist.de/mail|ziyadnz/hourly-ipv4,blocklist.de|brute-force|apache|rfi|ddos|spam|mail|ziyadnz|hourly,2026-08-17T18:48:05Z,2026-08-17T18:48:05Z,
108.62.61.187,ipv4,attack,high,WHITE,blocklist.de/all|blocklist.de/apache|blocklist.de/mail|ziyadnz/hourly-ipv4,blocklist.de|brute-force|apache|rfi|ddos|spam|mail|ziyadnz|hourly,2026-08-17T18:48:05Z,2026-08-17T18:48:05Z,
108.62.61.188,ipv4,attack,high,WHITE,blocklist.de/all|blocklist.de/apache|blocklist.de/mail|ziyadnz/hourly-ipv4,blocklist.de|brute-force|apache|rfi|ddos|spam|mail|ziyadnz|hourly,2026-08-17T18:48:05Z,2026-08-17T18:48:05Z,
108.62.61.189,ipv4,attack,high,WHITE,blocklist.de/all|blocklist.de/apache|blocklist.de/mail|ziyadnz/hourly-ipv4,blocklist.de|brute-force|apache|rfi|ddos|spam|mail|ziyadnz|hourly,2026-08-17T18:48:05Z,2026-08-17T18:48:05Z,
108.62.61.190,ipv4,attack,high,WHITE,blocklist.de/all|blocklist.de/apache|blocklist.de/mail|ziyadnz/hourly-ipv4,blocklist.de|brute-force|apache|rfi|ddos|spam|mail|ziyadnz|hourly,2026-08-17T18:48:05Z,2026-08-17T18:48:05Z,
108.62.61.191,ipv4,attack,high,WHITE,blocklist.de/all|blocklist.de/apache|blocklist.de/mail|ziyadnz/hourly-ipv4,blocklist.de|brute-force|apache|rfi|ddos|spam|mail|ziyadnz|hourly,2026-08-17T18:48:05Z,2026-08-17T18:48:05Z,
108.62.61.192,ipv4,attack,high,WHITE,blocklist.de/all|blocklist.de/apache|blocklist.de/mail|ziyadnz/hourly-ipv4,blocklist.de|brute-force|apache|rfi|ddos|spam|mail|ziyadnz|hourly,2026-08-17T18:48:05Z,2026-08-17T18:48:05Z,
108.62.61.193,ipv4,attack,high,WHITE,blocklist.de/all|blocklist.de/apache|blocklist.de/mail|ziyadnz/hourly-ipv4,blocklist.de|brute-force|apache|rfi|ddos|spam|mail|ziyadnz|hourly,2026-08-17T18:48:05Z,2026-08-17T18:48:05Z,
108.62.61.194,ipv4,attack,high,WHITE,blocklist.de/all|blocklist.de/apache|blocklist.de/mail|ziyadnz/hourly-ipv4,blocklist.de|brute-force|apache|rfi|ddos|spam|mail|ziyadnz|hourly,2026-08-17T18:48:05Z,2026-08-17T18:48:05Z,
108.62.61.195,ipv4,attack,high,WHITE,blocklist.de/all|blocklist.de/apache|blocklist.de/mail|ziyadnz/hourly-ipv4,blocklist.de|brute-force|apache|rfi|ddos|spam|mail|ziyadnz|hourly,2026-08-17T18:48:05Z,2026-08-17T18:48:05Z,
108.62.61.196,ipv4,attack,high,WHITE,blocklist.de/all|blocklist.de/apache|blocklist.de/mail|ziyadnz/hourly-ipv4,blocklist.de|brute-force|apache|rfi|ddos|spam|mail|ziyadnz|hourly,2026-08-17T18:48:05Z,2026-08-17T18:48:05Z,
108.62.61.197,ipv4,attack,high,WHITE,blocklist.de/all|blocklist.de/apache|blocklist.de/mail|ziyadnz/hourly-ipv4,blocklist.de|brute-force|apache|rfi|ddos|spam|mail|ziyadnz|hourly,2026-08-17T18:48:05Z,2026-08-17T18:48:05Z,
108.62.61.198,ipv4,attack,high,WHITE,blocklist.de/all|blocklist.de/apache|blocklist.de/mail|ziyadnz/hourly-ipv4,blocklist.de|brute-force|apache|rfi|ddos|spam|mail|ziyadnz|hourly,2026-08-17T18:48:05Z,2026-08-17T18:48:05Z,
108.62.61.199,ipv4,attack,high,WHITE,blocklist.de/all|blocklist.de/apache|blocklist.de/mail|ziyadnz/hourly-ipv4,blocklist.de|brute-force|apache|rfi|ddos|spam|mail|ziyadnz|hourly,2026-08-17T18:48:05Z,2026-08-17T18:48:05Z,
108.62.61.200,ipv4,attack,high,WHITE,blocklist.de/all|blocklist.de/apache|blocklist.de/mail|ziyadnz/hourly-ipv4,blocklist.de|brute-force|apache|rfi|ddos|spam|mail|ziyadnz|hourly,2026-08-17T18:48:05Z,2026-08-17T18:48:05Z,
108.62.61.201,ipv4,attack,high,WHITE,blocklist.de/all|blocklist.de/apache|blocklist.de/mail|ziyadnz/hourly-ipv4,blocklist.de|brute-force|apache|rfi|ddos|spam|mail|ziyadnz|hourly,2026-08-17T18:48:05Z,2026-08-17T18:48:05Z,
108.62.61.202,ipv4,attack,high,WHITE,blocklist.de/all|blocklist.de/apache|blocklist.de/mail|ziyadnz/hourly-ipv4,blocklist.de|brute-force|apache|rfi|ddos|spam|mail|ziyadnz|hourly,2026-08-17T18:48:05Z,2026-08-17T18:48:05Z,
108.62.61.203,ipv4,attack,high,WHITE,blocklist.de/all|blocklist.de/apache|blocklist.de/mail|ziyadnz/hourly-ipv4,blocklist.de|brute-force|apache|rfi|ddos|spam|mail|ziyadnz|hourly,2026-08-17T18:48:05Z,2026-08-17T18:48:05Z,
108.62.61.204,ipv4,attack,high,WHITE,blocklist.de/all|blocklist.de/apache|blocklist.de/mail|ziyadnz/hourly-ipv4,blocklist.de|brute-force|apache|rfi|ddos|spam|mail|ziyadnz|hourly,2026-08-17T18:48:05Z,2026-08-17T18:48:05Z,
108.62.61.205,ipv4,attack,high,WHITE,blocklist.de/all|blocklist.de/apache|blocklist.de/mail|ziyadnz/hourly-ipv4,blocklist.de|brute-force|apache|rfi|ddos|spam|mail|ziyadnz|hourly,2026-08-17T18:48:05Z,2026-08-17T18:48:05Z,
108.62.61.206,ipv4,attack,high,WHITE,blocklist.de/all|blocklist.de/apache|blocklist.de/mail|ziyadnz/hourly-ipv4,blocklist.de|brute-force|apache|rfi|ddos|spam|mail|ziyadnz|hourly,2026-08-17T18:48:05Z,2026-08-17T18:48:05Z,
108.62.61.207,ipv4,attack,high,WHITE,blocklist.de/all|blocklist.de/apache|blocklist.de/mail|ziyadnz/hourly-ipv4,blocklist.de|brute-force|apache|rfi|ddos|spam|mail|ziyadnz|hourly,2026-08-17T18:48:05Z,2026-08-17T18:48:05Z,
108.62.61.208,ipv4,attack,high,WHITE,blocklist.de/all|blocklist.de/apache|blocklist.de/mail|ziyadnz/hourly-ipv4,blocklist.de|brute-force|apache|rfi|ddos|spam|mail|ziyadnz|hourly,2026-08-17T18:48:05Z,2026-08-17T18:48:05Z,
108.62.61.209,ipv4,attack,high,WHITE,blocklist.de/all|blocklist.de/apache|blocklist.de/mail|ziyadnz/hourly-ipv4,blocklist.de|brute-force|apache|rfi|ddos|spam|mail|ziyadnz|hourly,2026-08-17T18:48:05Z,2026-08-17T18:48:05Z,
108.62.61.210,ipv4,attack,high,WHITE,blocklist.de/all|blocklist.de/apache|blocklist.de/mail|ziyadnz/hourly-ipv4,blocklist.de|brute-force|apache|rfi|ddos|spam|mail|ziyadnz|hourly,2026-08-17T18:48:05Z,2026-08-17T18:48:05Z,
108.62.61.211,ipv4,attack,high,WHITE,blocklist.de/all|blocklist.de/apache|blocklist.de/mail|ziyadnz/hourly-ipv4,blocklist.de|brute-force|apache|rfi|ddos|spam|mail|ziyadnz|hourly,2026-08-17T18:48:05Z,2026-08-17T18:48:05Z,
108.62.61.212,ipv4,attack,high,WHITE,blocklist.de/all|blocklist.de/apache|blocklist.de/mail|ziyadnz/hourly-ipv4,blocklist.de|brute-force|apache|rfi|ddos|spam|mail|ziyadnz|hourly,2026-08-17T18:48:05Z,2026-08-17T18:48:05Z,
108.62.61.213,ipv4,attack,high,WHITE,blocklist.de/all|blocklist.de/apache|blocklist.de/mail|ziyadnz/hourly-ipv4,blocklist.de|brute-force|apache|rfi|ddos|spam|mail|ziyadnz|hourly,2026-08-17T18:48:05Z,2026-08-17T18:48:05Z,
108.62.61.214,ipv4,attack,high,WHITE,blocklist.de/all|blocklist.de/apache|blocklist.de/mail|ziyadnz/hourly-ipv4,blocklist.de|brute-force|apache|rfi|ddos|spam|mail|ziyadnz|hourly,2026-08-17T18:48:05Z,2026-08-17T18:48:05Z,
108.62.61.215,ipv4,attack,high,WHITE,blocklist.de/all|blocklist.de/apache|blocklist.de/mail|ziyadnz/hourly-ipv4,blocklist.de|brute-force|apache|rfi|ddos|spam|mail|ziyadnz|hourly,2026-08-17T18:48:05Z,2026-08-17T18:48:05Z,
108.62.61.216,ipv4,attack,high,WHITE,blocklist.de/all|blocklist.de/apache|blocklist.de/mail|ziyadnz/hourly-ipv4,blocklist.de|brute-force|apache|rfi|ddos|spam|mail|ziyadnz|hourly,2026-08-17T18:48:05Z,2026-08-17T18:48:05Z,
108.62.61.217,ipv4,attack,high,WHITE,blocklist.de/all|blocklist.de/apache|blocklist.de/mail|ziyadnz/hourly-ipv4,blocklist.de|brute-force|apache|rfi|ddos|spam|mail|ziyadnz|hourly,2026-08-17T18:48:05Z,2026-08-17T18:48:05Z,
108.62.61.218,ipv4,attack,high,WHITE,blocklist.de/all|blocklist.de/apache|blocklist.de/mail|ziyadnz/hourly-ipv4,blocklist.de|brute-force|apache|rfi|ddos|spam|mail|ziyadnz|hourly,2026-08-17T18:48:05Z,2026-08-17T18:48:05Z,
108.62.61.219,ipv4,attack,high,WHITE,blocklist.de/all|blocklist.de/apache|blocklist.de/mail|ziyadnz/hourly-ipv4,blocklist.de|brute-force|apache|rfi|ddos|spam|mail|ziyadnz|hourly,2026-08-17T18:48:05Z,2026-08-17T18:48:05Z,
108.62.61.220,ipv4,attack,high,WHITE,blocklist.de/all|blocklist.de/apache|blocklist.de/mail|ziyadnz/hourly-ipv4,blocklist.de|brute-force|apache|rfi|ddos|spam|mail|ziyadnz|hourly,2026-08-17T18:48:05Z,2026-08-17T18:48:05Z,
108.62.61.221,ipv4,attack,high,WHITE,blocklist.de/all|blocklist.de/apache|blocklist.de/mail|ziyadnz/hourly-ipv4,blocklist.de|brute-force|apache|rfi|ddos|spam|mail|ziyadnz|hourly,2026-08-17T18:48:05Z,2026-08-17T18:48:05Z,
108.62.61.222,ipv4,attack,high,WHITE,blocklist.de/all|blocklist.de/apache|blocklist.de/mail|ziyadnz/hourly-ipv4,blocklist.de|brute-force|apache|rfi|ddos|spam|mail|ziyadnz|hourly,2026-08-17T18:48:05Z,2026-08-17T18:48:05Z,
108.62.61.223,ipv4,attack,high,WHITE,blocklist.de/all|blocklist.de/apache|blocklist.de/mail|ziyadnz/hourly-ipv4,blocklist.de|brute-force|apache|rfi|ddos|spam|mail|ziyadnz|hourly,2026-08-17T18:48:05Z,2026-08-17T18:48:05Z,
108.62.61.224,ipv4,attack,high,WHITE,blocklist.de/all|blocklist.de/apache|blocklist.de/mail|ziyadnz/hourly-ipv4,blocklist.de|brute-force|apache|rfi|ddos|spam|mail|ziyadnz|hourly,2026-08-17T18:48:05Z,2026-08-17T18:48:05Z,
108.62.61.225,ipv4,attack,high,WHITE,blocklist.de/all|blocklist.de/apache|blocklist.de/mail|ziyadnz/hourly-ipv4,blocklist.de|brute-force|apache|rfi|ddos|spam|mail|ziyadnz|hourly,2026-08-17T18:48:05Z,2026-08-17T18:48:05Z,
108.62.61.226,ipv4,attack,high,WHITE,blocklist.de/all|blocklist.de/apache|blocklist.de/mail|ziyadnz/hourly-ipv4,blocklist.de|brute-force|apache|rfi|ddos|spam|mail|ziyadnz|hourly,2026-08-17T18:48:05Z,2026-08-17T18:48:05Z,
108.62.61.227,ipv4,attack,high,WHITE,blocklist.de/all|blocklist.de/apache|blocklist.de/mail|ziyadnz/hourly-ipv4,blocklist.de|brute-force|apache|rfi|ddos|spam|mail|ziyadnz|hourly,2026-08-17T18:48:05Z,2026-08-17T18:48:05Z,
108.62.61.228,ipv4,attack,high,WHITE,blocklist.de/all|blocklist.de/apache|blocklist.de/mail|ziyadnz/hourly-ipv4,blocklist.de|brute-force|apache|rfi|ddos|spam|mail|ziyadnz|hourly,2026-08-17T18:48:05Z,2026-08-17T18:48:05Z,
108.62.61.229,ipv4,attack,high,WHITE,blocklist.de/all|blocklist.de/apache|blocklist.de/mail|ziyadnz/hourly-ipv4,blocklist.de|brute-force|apache|rfi|ddos|spam|mail|ziyadnz|hourly,2026-08-17T18:48:05Z,2026-08-17T18:48:05Z,
108.62.61.230,ipv4,attack,high,WHITE,blocklist.de/all|blocklist.de/apache|blocklist.de/mail|ziyadnz/hourly-ipv4,blocklist.de|brute-force|apache|rfi|ddos|spam|mail|ziyadnz|hourly,2026-08-17T18:48:05Z,2026-08-17T18:48:05Z,
108.62.61.231,ipv4,attack,high,WHITE,blocklist.de/all|blocklist.de/apache|blocklist.de/mail|ziyadnz/hourly-ipv4,blocklist.de|brute-force|apache|rfi|ddos|spam|mail|ziyadnz|hourly,2026-08-17T18:48:05Z,2026-08-17T18:48:05Z,
108.62.61.232,ipv4,attack,high,WHITE,blocklist.de/all|blocklist.de/apache|blocklist.de/mail|ziyadnz/hourly-ipv4,blocklist.de|brute-force|apache|rfi|ddos|spam|mail|ziyadnz|hourly,2026-08-17T18:48:05Z,2026-08-17T18:48:05Z,
108.62.61.233,ipv4,attack,high,WHITE,blocklist.de/all|blocklist.de/apache|blocklist.de/mail|ziyadnz/hourly-ipv4,blocklist.de|brute-force|apache|rfi|ddos|spam|mail|ziyadnz|hourly,2026-08-17T18:48:05Z,2026-08-17T18:48:05Z,
108.62.61.234,ipv4,attack,high,WHITE,blocklist.de/all|blocklist.de/apache|blocklist.de/mail|ziyadnz/hourly-ipv4,blocklist.de|brute-force|apache|rfi|ddos|spam|mail|ziyadnz|hourly,2026-08-17T18:48:05Z,2026-08-17T18:48:05Z,
108.62.61.235,ipv4,attack,high,WHITE,blocklist.de/all|blocklist.de/apache|blocklist.de/mail|ziyadnz/hourly-ipv4,blocklist.de|brute-force|apache|rfi|ddos|spam|mail|ziyadnz|hourly,2026-08-17T18:48:05Z,2026-08-17T18:48:05Z,
108.62.61.236,ipv4,attack,high,WHITE,blocklist.de/all|blocklist.de/apache|blocklist.de/mail|ziyadnz/hourly-ipv4,blocklist.de|brute-force|apache|rfi|ddos|spam|mail|ziyadnz|hourly,2026-08-17T18:48:05Z,2026-08-17T18:48:05Z,
108.62.61.237,ipv4,attack,high,WHITE,blocklist.de/all|blocklist.de/apache|blocklist.de/mail|ziyadnz/hourly-ipv4,blocklist.de|brute-force|apache|rfi|ddos|spam|mail|ziyadnz|hourly,2026-08-17T18:48:05Z,2026-08-17T18:48:05Z,
108.62.61.238,ipv4,attack,high,WHITE,blocklist.de/all|blocklist.de/apache|blocklist.de/mail|ziyadnz/hourly-ipv4,blocklist.de|brute-force|apache|rfi|ddos|spam|mail|ziyadnz|hourly,2026-08-17T18:48:05Z,2026-08-17T18:48:05Z,
108.62.61.239,ipv4,attack,high,WHITE,blocklist.de/all|blocklist.de/apache|blocklist.de/mail|ziyadnz/hourly-ipv4,blocklist.de|brute-force|apache|rfi|ddos|spam|mail|ziyadnz|hourly,2026-08-17T18:48:05Z,2026-08-17T18:48:05Z,
108.62.61.240,ipv4,attack,high,WHITE,blocklist.de/all|blocklist.de/apache|blocklist.de/mail|ziyadnz/hourly-ipv4,blocklist.de|brute-force|apache|rfi|ddos|spam|mail|ziyadnz|hourly,2026-08-17T18:48:05Z,2026-08-17T18:48:05Z,
108.62.61.241,ipv4,attack,high,WHITE,blocklist.de/all|blocklist.de/apache|blocklist.de/mail|ziyadnz/hourly-ipv4,blocklist.de|brute-force|apache|rfi|ddos|spam|mail|ziyadnz|hourly,2026-08-17T18:48:05Z,2026-08-17T18:48:05Z,
108.62.61.242,ipv4,attack,high,WHITE,blocklist.de/all|blocklist.de/apache|blocklist.de/mail|ziyadnz/hourly-ipv4,blocklist.de|brute-force|apache|rfi|ddos|spam|mail|ziyadnz|hourly,2026-08-17T18:48:05Z,2026-08-17T18:48:05Z,
108.62.61.243,ipv4,attack,high,WHITE,blocklist.de/all|blocklist.de/apache|blocklist.de/mail|ziyadnz/hourly-ipv4,blocklist.de|brute-force|apache|rfi|ddos|spam|mail|ziyadnz|hourly,2026-08-17T18:48:05Z,2026-08-17T18:48:05Z,
108.62.61.244,ipv4,attack,high,WHITE,blocklist.de/all|blocklist.de/apache|blocklist.de/mail|ziyadnz/hourly-ipv4,blocklist.de|brute-force|apache|rfi|ddos|spam|mail|ziyadnz|hourly,2026-08-17T18:48:05Z,2026-08-17T18:48:05Z,
108.62.61.245,ipv4,attack,high,WHITE,blocklist.de/all|blocklist.de/apache|blocklist.de/mail|ziyadnz/hourly-ipv4,blocklist.de|brute-force|apache|rfi|ddos|spam|mail|ziyadnz|hourly,2026-08-17T18:48:05Z,2026-08-17T18:48:05Z,
108.62.61.246,ipv4,attack,high,WHITE,blocklist.de/all|blocklist.de/apache|blocklist.de/mail|ziyadnz/hourly-ipv4,blocklist.de|brute-force|apache|rfi|ddos|spam|mail|ziyadnz|hourly,2026-08-17T18:48:05Z,2026-08-17T18:48:05Z,
108.62.61.247,ipv4,attack,high,WHITE,blocklist.de/all|blocklist.de/apache|blocklist.de/mail|ziyadnz/hourly-ipv4,blocklist.de|brute-force|apache|rfi|ddos|spam|mail|ziyadnz|hourly,2026-08-17T18:48:05Z,2026-08-17T18:48:05Z,
108.62.61.248,ipv4,attack,high,WHITE,blocklist.de/all|blocklist.de/apache|blocklist.de/mail|ziyadnz/hourly-ipv4,blocklist.de|brute-force|apache|rfi|ddos|spam|mail|ziyadnz|hourly,2026-08-17T18:48:05Z,2026-08-17T18:48:05Z,
108.62.61.249,ipv4,attack,high,WHITE,blocklist.de/all|blocklist.de/apache|blocklist.de/mail|ziyadnz/hourly-ipv4,blocklist.de|brute-force|apache|rfi|ddos|spam|mail|ziyadnz|hourly,2026-08-17T18:48:05Z,2026-08-17T18:48:05Z,
108.62.61.250,ipv4,attack,high,WHITE,blocklist.de/all|blocklist.de/apache|blocklist.de/mail|ziyadnz/hourly-ipv4,blocklist.de|brute-force|apache|rfi|ddos|spam|mail|ziyadnz|hourly,2026-08-17T18:48:05Z,2026-08-17T18:48:05Z,
108.62.61.251,ipv4,attack,high,WHITE,blocklist.de/all|blocklist.de/apache|blocklist.de/mail|ziyadnz/hourly-ipv4,blocklist.de|brute-force|apache|rfi|ddos|spam|mail|ziyadnz|hourly,2026-08-17T18:48:05Z,2026-08-17T18:48:05Z,
108.62.61.252,ipv4,attack,high,WHITE,blocklist.de/all|blocklist.de/apache|blocklist.de/mail|ziyadnz/hourly-ipv4,blocklist.de|brute-force|apache|rfi|ddos|spam|mail|ziyadnz|hourly,2026-08-17T18:48:05Z,2026-08-17T18:48:05Z,
108.62.61.253,ipv4,attack,high,WHITE,blocklist.de/all|blocklist.de/apache|blocklist.de/mail|ziyadnz/hourly-ipv4,blocklist.de|brute-force|apache|rfi|ddos|spam|mail|ziyadnz|hourly,2026-08-17T18:48:05Z,2026-08-17T18:48:05Z,
108.62.61.254,ipv4,attack,high,WHITE,blocklist.de/all|blocklist.de/apache|blocklist.de/mail|ziyadnz/hourly-ipv4,blocklist.de|brute-force|apache|rfi|ddos|spam|mail|ziyadnz|hourly,2026-08-17T18:48:05Z,2026-08-17T18:48:05Z,
108.62.61.255,ipv4,attack,high,WHITE,blocklist.de/all|blocklist.de/apache|blocklist.de/mail|ziyadnz/hourly-ipv4,blocklist.de|brute-force|apache|rfi|ddos|spam|mail|ziyadnz|hourly,2026-08-17T18:48:05Z,2026-08-17T18:48:05Z,
108.62.62.0,ipv4,attack,high,WHITE,blocklist.de/all|blocklist.de/apache|blocklist.de/mail|ziyadnz/hourly-ipv4,blocklist.de|brute-force|apache|rfi|ddos|spam|mail|ziyadnz|hourly,2026-08-17T18:48:05Z,2026-08-17T18:48:05Z,
108.62.62.1,ipv4,attack,high,WHITE,blocklist.de/all|blocklist.de/apache|blocklist.de/mail|ziyadnz/hourly-ipv4,blocklist.de|brute-force|apache|rfi|ddos|spam|mail|ziyadnz|hourly,2026-08-17T18:48:05Z,2026-08-17T18:48:05Z,
108.62.62.2,ipv4,attack,high,WHITE,blocklist.de/all|blocklist.de/apache|blocklist.de/mail|ziyadnz/hourly-ipv4,blocklist.de|brute-force|apache|rfi|ddos|spam|mail|ziyadnz|hourly,2026-08-17T18:48:05Z,2026-08-17T18:48:05Z,
108.62.62.3,ipv4,attack,high,WHITE,blocklist.de/all|blocklist.de/apache|blocklist.de/mail|ziyadnz/hourly-ipv4,blocklist.de|brute-force|apache|rfi|ddos|spam|mail|ziyadnz|hourly,2026-08-17T18:48:05Z,2026-08-17T18:48:05Z,
108.62.62.4,ipv4,attack,high,WHITE,blocklist.de/all|blocklist.de/apache|blocklist.de/mail|ziyadnz/hourly-ipv4,blocklist.de|brute-force|apache|rfi|ddos|spam|mail|ziyadnz|hourly,2026-08-17T18:48:05Z,2026-08-17T18:48:05Z,
108.62.62.5,ipv4,attack,high,WHITE,blocklist.de/all|blocklist.de/apache|blocklist.de/mail|ziyadnz/hourly-ipv4,blocklist.de|brute-force|apache|rfi|ddos|spam|mail|ziyadnz|hourly,2026-08-17T18:48:05Z,2026-08-17T18:48:05Z,
108.62.62.6,ipv4,attack,high,WHITE,blocklist.de/all|blocklist.de/apache|blocklist.de/mail|ziyadnz/hourly-ipv4,blocklist.de|brute-force|apache|rfi|ddos|spam|mail|ziyadnz|hourly,2026-08-17T18:48:05Z,2026-08-17T18:48:05Z,
108.62.62.7,ipv4,attack,high,WHITE,blocklist.de/all|blocklist.de/apache|blocklist.de/mail|ziyadnz/hourly-ipv4,blocklist.de|brute-force|apache|rfi|ddos|spam|mail|ziyadnz|hourly,2026-08-17T18:48:05Z,2026-08-17T18:48:05Z,
108.62.62.8,ipv4,attack,high,WHITE,blocklist.de/all|blocklist.de/apache|blocklist.de/mail|ziyadnz/hourly-ipv4,blocklist.de|brute-force|apache|rfi|ddos|spam|mail|ziyadnz|hourly,2026-08-17T18:48:05Z,2026-08-17T18:48:05Z,
108.62.62.9,ipv4,attack,high,WHITE,blocklist.de/all|blocklist.de/apache|blocklist.de/mail|ziyadnz/hourly-ipv4,blocklist.de|brute-force|apache|rfi|ddos|spam|mail|ziyadnz|hourly,2026-08-17T18:48:05Z,2026-08-17T18:48:05Z,
108.62.62.10,ipv4,attack,high,WHITE,blocklist.de/all|blocklist.de/apache|blocklist.de/mail|ziyadnz/hourly-ipv4,blocklist.de|brute-force|apache|rfi|ddos|spam|mail|ziyadnz|hourly,2026-08-17T18:48:05Z,2026-08-17T18:48:05Z,
108.62.62.11,ipv4,attack,high,WHITE,blocklist.de/all|blocklist.de/apache|blocklist.de/mail|ziyadnz/hourly-ipv4,blocklist.de|brute-force|apache|rfi|ddos|spam|mail|ziyadnz|hourly,2026-08-17T18:48:05Z,2026-08-17T18:48:05Z,
108.62.62.12,ipv4,attack,high,WHITE,blocklist.de/all|blocklist.de/apache|blocklist.de/mail|ziyadnz/hourly-ipv4,blocklist.de|brute-force|apache|rfi|ddos|spam|mail|ziyadnz|hourly,2026-08-17T18:48:05Z,2026-08-17T18:48:05Z,
108.62.62.13,ipv4,attack,high,WHITE,blocklist.de/all|blocklist.de/apache|blocklist.de/mail|ziyadnz/hourly-ipv4,blocklist.de|brute-force|apache|rfi|ddos|spam|mail|ziyadnz|hourly,2026-08-17T18:48:05Z,2026-08-17T18:48:05Z,
108.62.62.14,ipv4,attack,high,WHITE,blocklist.de/all|blocklist.de/apache|blocklist.de/mail|ziyadnz/hourly-ipv4,blocklist.de|brute-force|apache|rfi|ddos|spam|mail|ziyadnz|hourly,2026-08-17T18:48:05Z,2026-08-17T18:48:05Z,
108.62.62.15,ipv4,attack,high,WHITE,blocklist.de/all|blocklist.de/apache|blocklist.de/mail|ziyadnz/hourly-ipv4,blocklist.de|brute-force|apache|rfi|ddos|spam|mail|ziyadnz|hourly,2026-08-17T18:48:05Z,2026-08-17T18:48:05Z,
108.62.62.16,ipv4,attack,high,WHITE,blocklist.de/all|blocklist.de/apache|blocklist.de/mail|ziyadnz/hourly-ipv4,blocklist.de|brute-force|apache|rfi|ddos|spam|mail|ziyadnz|hourly,2026-08-17T18:48:05Z,2026-08-17T18:48:05Z,
108.62.62.17,ipv4,attack,high,WHITE,blocklist.de/all|blocklist.de/apache|blocklist.de/mail|ziyadnz/hourly-ipv4,blocklist.de|brute-force|apache|rfi|ddos|spam|mail|ziyadnz|hourly,2026-08-17T18:48:05Z,2026-08-17T18:48:05Z,
108.62.62.18,ipv4,attack,high,WHITE,blocklist.de/all|blocklist.de/apache|blocklist.de/mail|ziyadnz/hourly-ipv4,blocklist.de|brute-force|apache|rfi|ddos|spam|mail|ziyadnz|hourly,2026-08-17T18:48:05Z,2026-08-17T18:48:05Z,
108.62.62.19,ipv4,attack,high,WHITE,blocklist.de/all|blocklist.de/apache|blocklist.de/mail|ziyadnz/hourly-ipv4,blocklist.de|brute-force|apache|rfi|ddos|spam|mail|ziyadnz|hourly,2026-08-17T18:48:05Z,2026-08-17T18:48:05Z,
108.62.62.20,ipv4,attack,high,WHITE,blocklist.de/all|blocklist.de/apache|blocklist.de/mail|ziyadnz/hourly-ipv4,blocklist.de|brute-force|apache|rfi|ddos|spam|mail|ziyadnz|hourly,2026-08-17T18:48:05Z,2026-08-17T18:48:05Z,
108.62.62.21,ipv4,attack,high,WHITE,blocklist.de/all|blocklist.de/apache|blocklist.de/mail|ziyadnz/hourly-ipv4,blocklist.de|brute-force|apache|rfi|ddos|spam|mail|ziyadnz|hourly,2026-08-17T18:48:05Z,2026-08-17T18:48:05Z,
108.62.62.22,ipv4,attack,high,WHITE,blocklist.de/all|blocklist.de/apache|blocklist.de/mail|ziyadnz/hourly-ipv4,blocklist.de|brute-force|apache|rfi|ddos|spam|mail|ziyadnz|hourly,2026-08-17T18:48:05Z,2026-08-17T18:48:05Z,
108.62.62.23,ipv4,attack,high,WHITE,blocklist.de/all|blocklist.de/apache|blocklist.de/mail|ziyadnz/hourly-ipv4,blocklist.de|brute-force|apache|rfi|ddos|spam|mail|ziyadnz|hourly,2026-08-17T18:48:05Z,2026-08-17T18:48:05Z,
108.62.62.24,ipv4,attack,high,WHITE,blocklist.de/all|blocklist.de/apache|blocklist.de/mail|ziyadnz/hourly-ipv4,blocklist.de|brute-force|apache|rfi|ddos|spam|mail|ziyadnz|hourly,2026-08-17T18:48:05Z,2026-08-17T18:48:05Z,
108.62.62.25,ipv4,attack,high,WHITE,blocklist.de/all|blocklist.de/apache|blocklist.de/mail|ziyadnz/hourly-ipv4,blocklist.de|brute-force|apache|rfi|ddos|spam|mail|ziyadnz|hourly,2026-08-17T18:48:05Z,2026-08-17T18:48:05Z,
108.62.62.26,ipv4,attack,high,WHITE,blocklist.de/all|blocklist.de/apache|blocklist.de/mail|ziyadnz/hourly-ipv4,blocklist.de|brute-force|apache|rfi|ddos|spam|mail|ziyadnz|hourly,2026-08-17T18:48:05Z,2026-08-17T18:48:05Z,
108.62.62.27,ipv4,attack,high,WHITE,blocklist.de/all|blocklist.de/apache|blocklist.de/mail|ziyadnz/hourly-ipv4,blocklist.de|brute-force|apache|rfi|ddos|spam|mail|ziyadnz|hourly,2026-08-17T18:48:05Z,2026-08-17T18:48:05Z,
108.62.62.28,ipv4,attack,high,WHITE,blocklist.de/all|blocklist.de/apache|blocklist.de/mail|ziyadnz/hourly-ipv4,blocklist.de|brute-force|apache|rfi|ddos|spam|mail|ziyadnz|hourly,2026-08-17T18:48:05Z,2026-08-17T18:48:05Z,
108.62.62.29,ipv4,attack,high,WHITE,blocklist.de/all|blocklist.de/apache|blocklist.de/mail|ziyadnz/hourly-ipv4,blocklist.de|brute-force|apache|rfi|ddos|spam|mail|ziyadnz|hourly,2026-08-17T18:48:05Z,2026-08-17T18:48:05Z,
108.62.62.30,ipv4,attack,high,WHITE,blocklist.de/all|blocklist.de/apache|blocklist.de/mail|ziyadnz/hourly-ipv4,blocklist.de|brute-force|apache|rfi|ddos|spam|mail|ziyadnz|hourly,2026-08-17T18:48:05Z,2026-08-17T18:48:05Z,
108.62.62.31,ipv4,attack,high,WHITE,blocklist.de/all|blocklist.de/apache|blocklist.de/mail|ziyadnz/hourly-ipv4,blocklist.de|brute-force|apache|rfi|ddos|spam|mail|ziyadnz|hourly,2026-08-17T18:48:05Z,2026-08-17T18:48:05Z,
108.62.62.32,ipv4,attack,high,WHITE,blocklist.de/all|blocklist.de/apache|blocklist.de/mail|ziyadnz/hourly-ipv4,blocklist.de|brute-force|apache|rfi|ddos|spam|mail|ziyadnz|hourly,2026-08-17T18:48:05Z,2026-08-17T18:48:05Z,
108.62.62.33,ipv4,attack,high,WHITE,blocklist.de/all|blocklist.de/apache|blocklist.de/mail|ziyadnz/hourly-ipv4,blocklist.de|brute-force|apache|rfi|ddos|spam|mail|ziyadnz|hourly,2026-08-17T18:48:05Z,2026-08-17T18:48:05Z,
108.62.62.34,ipv4,attack,high,WHITE,blocklist.de/all|blocklist.de/apache|blocklist.de/mail|ziyadnz/hourly-ipv4,blocklist.de|brute-force|apache|rfi|ddos|spam|mail|ziyadnz|hourly,2026-08-17T18:48:05Z,2026-08-17T18:48:05Z,
108.62.62.35,ipv4,attack,high,WHITE,blocklist.de/all|blocklist.de/apache|blocklist.de/mail|ziyadnz/hourly-ipv4,blocklist.de|brute-force|apache|rfi|ddos|spam|mail|ziyadnz|hourly,2026-08-17T18:48:05Z,2026-08-17T18:48:05Z,
108.62.62.36,ipv4,attack,high,WHITE,blocklist.de/all|blocklist.de/apache|blocklist.de/mail|ziyadnz/hourly-ipv4,blocklist.de|brute-force|apache|rfi|ddos|spam|mail|ziyadnz|hourly,2026-08-17T18:48:05Z,2026-08-17T18:48:05Z,
108.62.62.37,ipv4,attack,high,WHITE,blocklist.de/all|blocklist.de/apache|blocklist.de/mail|ziyadnz/hourly-ipv4,blocklist.de|brute-force|apache|rfi|ddos|spam|mail|ziyadnz|hourly,2026-08-17T18:48:05Z,2026-08-17T18:48:05Z,
108.62.62.38,ipv4,attack,high,WHITE,blocklist.de/all|blocklist.de/apache|blocklist.de/mail|ziyadnz/hourly-ipv4,blocklist.de|brute-force|apache|rfi|ddos|spam|mail|ziyadnz|hourly,2026-08-17T18:48:05Z,2026-08-17T18:48:05Z,
108.62.62.39,ipv4,attack,high,WHITE,blocklist.de/all|blocklist.de/apache|blocklist.de/mail|ziyadnz/hourly-ipv4,blocklist.de|brute-force|apache|rfi|ddos|spam|mail|ziyadnz|hourly,2026-08-17T18:48:05Z,2026-08-17T18:48:05Z,
108.62.62.40,ipv4,attack,high,WHITE,blocklist.de/all|blocklist.de/apache|blocklist.de/mail|ziyadnz/hourly-ipv4,blocklist.de|brute-force|apache|rfi|ddos|spam|mail|ziyadnz|hourly,2026-08-17T18:48:05Z,2026-08-17T18:48:05Z,
108.62.62.41,ipv4,attack,high,WHITE,blocklist.de/all|blocklist.de/apache|blocklist.de/mail|ziyadnz/hourly-ipv4,blocklist.de|brute-force|apache|rfi|ddos|spam|mail|ziyadnz|hourly,2026-08-17T18:48:05Z,2026-08-17T18:48:05Z,
108.62.62.42,ipv4,attack,high,WHITE,blocklist.de/all|blocklist.de/apache|blocklist.de/mail|ziyadnz/hourly-ipv4,blocklist.de|brute-force|apache|rfi|ddos|spam|mail|ziyadnz|hourly,2026-08-17T18:48:05Z,2026-08-17T18:48:05Z,
108.62.62.43,ipv4,attack,high,WHITE,blocklist.de/all|blocklist.de/apache|blocklist.de/mail|ziyadnz/hourly-ipv4,blocklist.de|brute-force|apache|rfi|ddos|spam|mail|ziyadnz|hourly,2026-08-17T18:48:05Z,2026-08-17T18:48:05Z,
108.62.62.44,ipv4,attack,high,WHITE,blocklist.de/all|blocklist.de/apache|blocklist.de/mail|ziyadnz/hourly-ipv4,blocklist.de|brute-force|apache|rfi|ddos|spam|mail|ziyadnz|hourly,2026-08-17T18:48:05Z,2026-08-17T18:48:05Z,
108.62.62.45,ipv4,attack,high,WHITE,blocklist.de/all|blocklist.de/apache|blocklist.de/mail|ziyadnz/hourly-ipv4,blocklist.de|brute-force|apache|rfi|ddos|spam|mail|ziyadnz|hourly,2026-08-17T18:48:05Z,2026-08-17T18:48:05Z,
108.62.62.46,ipv4,attack,high,WHITE,blocklist.de/all|blocklist.de/apache|blocklist.de/mail|ziyadnz/hourly-ipv4,blocklist.de|brute-force|apache|rfi|ddos|spam|mail|ziyadnz|hourly,2026-08-17T18:48:05Z,2026-08-17T18:48:05Z,
108.62.62.47,ipv4,attack,high,WHITE,blocklist.de/all|blocklist.de/apache|blocklist.de/mail|ziyadnz/hourly-ipv4,blocklist.de|brute-force|apache|rfi|ddos|spam|mail|ziyadnz|hourly,2026-08-17T18:48:05Z,2026-08-17T18:48:05Z,
108.62.62.48,ipv4,attack,high,WHITE,blocklist.de/all|blocklist.de/apache|blocklist.de/mail|ziyadnz/hourly-ipv4,blocklist.de|brute-force|apache|rfi|ddos|spam|mail|ziyadnz|hourly,2026-08-17T18:48:05Z,2026-08-17T18:48:05Z,
108.62.62.49,ipv4,attack,high,WHITE,blocklist.de/all|blocklist.de/apache|blocklist.de/mail|ziyadnz/hourly-ipv4,blocklist.de|brute-force|apache|rfi|ddos|spam|mail|ziyadnz|hourly,2026-08-17T18:48:05Z,2026-08-17T18:48:05Z,
108.62.62.50,ipv4,attack,high,WHITE,blocklist.de/all|blocklist.de/apache|blocklist.de/mail|ziyadnz/hourly-ipv4,blocklist.de|brute-force|apache|rfi|ddos|spam|mail|ziyadnz|hourly,2026-08-17T18:48:05Z,2026-08-17T18:48:05Z,
108.62.62.51,ipv4,attack,high,WHITE,blocklist.de/all|blocklist.de/apache|blocklist.de/mail|ziyadnz/hourly-ipv4,blocklist.de|brute-force|apache|rfi|ddos|spam|mail|ziyadnz|hourly,2026-08-17T18:48:05Z,2026-08-17T18:48:05Z,
108.62.62.52,ipv4,attack,high,WHITE,blocklist.de/all|blocklist.de/apache|blocklist.de/mail|ziyadnz/hourly-ipv4,blocklist.de|brute-force|apache|rfi|ddos|spam|mail|ziyadnz|hourly,2026-08-17T18:48:05Z,2026-08-17T18:48:05Z,
108.62.62.53,ipv4,attack,high,WHITE,blocklist.de/all|blocklist.de/apache|blocklist.de/mail|ziyadnz/hourly-ipv4,blocklist.de|brute-force|apache|rfi|ddos|spam|mail|ziyadnz|hourly,2026-08-17T18:48:05Z,2026-08-17T18:48:05Z,
108.62.62.54,ipv4,attack,high,WHITE,blocklist.de/all|blocklist.de/apache|blocklist.de/mail|ziyadnz/hourly-ipv4,blocklist.de|brute-force|apache|rfi|ddos|spam|mail|ziyadnz|hourly,2026-08-17T18:48:05Z,2026-08-17T18:48:05Z,
108.62.62.55,ipv4,attack,high,WHITE,blocklist.de/all|blocklist.de/apache|blocklist.de/mail|ziyadnz/hourly-ipv4,blocklist.de|brute-force|apache|rfi|ddos|spam|mail|ziyadnz|hourly,2026-08-17T18:48:05Z,2026-08-17T18:48:05Z,
108.62.62.56,ipv4,attack,high,WHITE,blocklist.de/all|blocklist.de/apache|blocklist.de/mail|ziyadnz/hourly-ipv4,blocklist.de|brute-force|apache|rfi|ddos|spam|mail|ziyadnz|hourly,2026-08-17T18:48:05Z,2026-08-17T18:48:05Z,
108.62.62.57,ipv4,attack,high,WHITE,blocklist.de/all|blocklist.de/apache|blocklist.de/mail|ziyadnz/hourly-ipv4,blocklist.de|brute-force|apache|rfi|ddos|spam|mail|ziyadnz|hourly,2026-08-17T18:48:05Z,2026-08-17T18:48:05Z,
108.62.62.58,ipv4,attack,high,WHITE,blocklist.de/all|blocklist.de/apache|blocklist.de/mail|ziyadnz/hourly-ipv4,blocklist.de|brute-force|apache|rfi|ddos|spam|mail|ziyadnz|hourly,2026-08-17T18:48:05Z,2026-08-17T18:48:05Z,
108.62.62.59,ipv4,attack,high,WHITE,blocklist.de/all|blocklist.de/apache|blocklist.de/mail|ziyadnz/hourly-ipv4,blocklist.de|brute-force|apache|rfi|ddos|spam|mail|ziyadnz|hourly,2026-08-17T18:48:05Z,2026-08-17T18:48:05Z,
108.62.62.60,ipv4,attack,high,WHITE,blocklist.de/all|blocklist.de/apache|blocklist.de/mail|ziyadnz/hourly-ipv4,blocklist.de|brute-force|apache|rfi|ddos|spam|mail|ziyadnz|hourly,2026-08-17T18:48:05Z,2026-08-17T18:48:05Z,
108.62.62.61,ipv4,attack,high,WHITE,blocklist.de/all|blocklist.de/apache|blocklist.de/mail|ziyadnz/hourly-ipv4,blocklist.de|brute-force|apache|rfi|ddos|spam|mail|ziyadnz|hourly,2026-08-17T18:48:05Z,2026-08-17T18:48:05Z,
108.62.62.62,ipv4,attack,high,WHITE,blocklist.de/all|blocklist.de/apache|blocklist.de/mail|ziyadnz/hourly-ipv4,blocklist.de|brute-force|apache|rfi|ddos|spam|mail|ziyadnz|hourly,2026-08-17T18:48:05Z,2026-08-17T18:48:05Z,
108.62.62.63,ipv4,attack,high,WHITE,blocklist.de/all|blocklist.de/apache|blocklist.de/mail|ziyadnz/hourly-ipv4,blocklist.de|brute-force|apache|rfi|ddos|spam|mail|ziyadnz|hourly,2026-08-17T18:48:05Z,2026-08-17T18:48:05Z,
108.62.62.64,ipv4,attack,high,WHITE,blocklist.de/all|blocklist.de/apache|blocklist.de/mail|ziyadnz/hourly-ipv4,blocklist.de|brute-force|apache|rfi|ddos|spam|mail|ziyadnz|hourly,2026-08-17T18:48:05Z,2026-08-17T18:48:05Z,
108.62.62.65,ipv4,attack,high,WHITE,blocklist.de/all|blocklist.de/apache|blocklist.de/mail|ziyadnz/hourly-ipv4,blocklist.de|brute-force|apache|rfi|ddos|spam|mail|ziyadnz|hourly,2026-08-17T18:48:05Z,2026-08-17T18:48:05Z,
108.62.62.66,ipv4,attack,high,WHITE,blocklist.de/all|blocklist.de/apache|blocklist.de/mail|ziyadnz/hourly-ipv4,blocklist.de|brute-force|apache|rfi|ddos|spam|mail|ziyadnz|hourly,2026-08-17T18:48:05Z,2026-08-17T18:48:05Z,
108.62.62.67,ipv4,attack,high,WHITE,blocklist.de/all|blocklist.de/apache|blocklist.de/mail|ziyadnz/hourly-ipv4,blocklist.de|brute-force|apache|rfi|ddos|spam|mail|ziyadnz|hourly,2026-08-17T18:48:05Z,2026-08-17T18:48:05Z,
108.62.62.68,ipv4,attack,high,WHITE,blocklist.de/all|blocklist.de/apache|blocklist.de/mail|ziyadnz/hourly-ipv4,blocklist.de|brute-force|apache|rfi|ddos|spam|mail|ziyadnz|hourly,2026-08-17T18:48:05Z,2026-08-17T18:48:05Z,
108.62.62.69,ipv4,attack,high,WHITE,blocklist.de/all|blocklist.de/apache|blocklist.de/mail|ziyadnz/hourly-ipv4,blocklist.de|brute-force|apache|rfi|ddos|spam|mail|ziyadnz|hourly,2026-08-17T18:48:05Z,2026-08-17T18:48:05Z,
108.62.62.70,ipv4,attack,high,WHITE,blocklist.de/all|blocklist.de/apache|blocklist.de/mail|ziyadnz/hourly-ipv4,blocklist.de|brute-force|apache|rfi|ddos|spam|mail|ziyadnz|hourly,2026-08-17T18:48:05Z,2026-08-17T18:48:05Z,
108.62.62.71,ipv4,attack,high,WHITE,blocklist.de/all|blocklist.de/apache|blocklist.de/mail|ziyadnz/hourly-ipv4,blocklist.de|brute-force|apache|rfi|ddos|spam|mail|ziyadnz|hourly,2026-08-17T18:48:05Z,2026-08-17T18:48:05Z,
108.62.62.72,ipv4,attack,high,WHITE,blocklist.de/all|blocklist.de/apache|blocklist.de/mail|ziyadnz/hourly-ipv4,blocklist.de|brute-force|apache|rfi|ddos|spam|mail|ziyadnz|hourly,2026-08-17T18:48:05Z,2026-08-17T18:48:05Z,
108.62.62.73,ipv4,attack,high,WHITE,blocklist.de/all|blocklist.de/apache|blocklist.de/mail|ziyadnz/hourly-ipv4,blocklist.de|brute-force|apache|rfi|ddos|spam|mail|ziyadnz|hourly,2026-08-17T18:48:05Z,2026-08-17T18:48:05Z,
108.62.62.74,ipv4,attack,high,WHITE,blocklist.de/all|blocklist.de/apache|blocklist.de/mail|ziyadnz/hourly-ipv4,blocklist.de|brute-force|apache|rfi|ddos|spam|mail|ziyadnz|hourly,2026-08-17T18:48:05Z,2026-08-17T18:48:05Z,
108.62.62.75,ipv4,attack,high,WHITE,blocklist.de/all|blocklist.de/apache|blocklist.de/mail|ziyadnz/hourly-ipv4,blocklist.de|brute-force|apache|rfi|ddos|spam|mail|ziyadnz|hourly,2026-08-17T18:48:05Z,2026-08-17T18:48:05Z,
108.62.62.76,ipv4,attack,high,WHITE,blocklist.de/all|blocklist.de/apache|blocklist.de/mail|ziyadnz/hourly-ipv4,blocklist.de|brute-force|apache|rfi|ddos|spam|mail|ziyadnz|hourly,2026-08-17T18:48:05Z,2026-08-17T18:48:05Z,
108.62.62.77,ipv4,attack,high,WHITE,blocklist.de/all|blocklist.de/apache|blocklist.de/mail|ziyadnz/hourly-ipv4,blocklist.de|brute-force|apache|rfi|ddos|spam|mail|ziyadnz|hourly,2026-08-17T18:48:05Z,2026-08-17T18:48:05Z,
108.62.62.78,ipv4,attack,high,WHITE,blocklist.de/all|blocklist.de/apache|blocklist.de/mail|ziyadnz/hourly-ipv4,blocklist.de|brute-force|apache|rfi|ddos|spam|mail|ziyadnz|hourly,2026-08-17T18:48:05Z,2026-08-17T18:48:05Z,
108.62.62.79,ipv4,attack,high,WHITE,blocklist.de/all|blocklist.de/apache|blocklist.de/mail|ziyadnz/hourly-ipv4,blocklist.de|brute-force|apache|rfi|ddos|spam|mail|ziyadnz|hourly,2026-08-17T18:48:05Z,2026-08-17T18:48:05Z,
108.62.62.80,ipv4,attack,high,WHITE,blocklist.de/all|blocklist.de/apache|blocklist.de/mail|ziyadnz/hourly-ipv4,blocklist.de|brute-force|apache|rfi|ddos|spam|mail|ziyadnz|hourly,2026-08-17T18:48:05Z,2026-08-17T18:48:05Z,
108.62.62.81,ipv4,attack,high,WHITE,blocklist.de/all|blocklist.de/apache|blocklist.de/mail|ziyadnz/hourly-ipv4,blocklist.de|brute-force|apache|rfi|ddos|spam|mail|ziyadnz|hourly,2026-08-17T18:48:05Z,2026-08-17T18:48:05Z,
108.62.62.82,ipv4,attack,high,WHITE,blocklist.de/all|blocklist.de/apache|blocklist.de/mail|ziyadnz/hourly-ipv4,blocklist.de|brute-force|apache|rfi|ddos|spam|mail|ziyadnz|hourly,2026-08-17T18:48:05Z,2026-08-17T18:48:05Z,
108.62.62.83,ipv4,attack,high,WHITE,blocklist.de/all|blocklist.de/apache|blocklist.de/mail|ziyadnz/hourly-ipv4,blocklist.de|brute-force|apache|rfi|ddos|spam|mail|ziyadnz|hourly,2026-08-17T18:48:05Z,2026-08-17T18:48:05Z,
108.62.62.84,ipv4,attack,high,WHITE,blocklist.de/all|blocklist.de/apache|blocklist.de/mail|ziyadnz/hourly-ipv4,blocklist.de|brute-force|apache|rfi|ddos|spam|mail|ziyadnz|hourly,2026-08-17T18:48:05Z,2026-08-17T18:48:05Z,
108.62.62.85,ipv4,attack,high,WHITE,blocklist.de/all|blocklist.de/apache|blocklist.de/mail|ziyadnz/hourly-ipv4,blocklist.de|brute-force|apache|rfi|ddos|spam|mail|ziyadnz|hourly,2026-08-17T18:48:05Z,2026-08-17T18:48:05Z,
108.62.62.86,ipv4,attack,high,WHITE,blocklist.de/all|blocklist.de/apache|blocklist.de/mail|ziyadnz/hourly-ipv4,blocklist.de|brute-force|apache|rfi|ddos|spam|mail|ziyadnz|hourly,2026-08-17T18:48:05Z,2026-08-17T18:48:05Z,
108.62.62.87,ipv4,attack,high,WHITE,blocklist.de/all|blocklist.de/apache|blocklist.de/mail|ziyadnz/hourly-ipv4,blocklist.de|brute-force|apache|rfi|ddos|spam|mail|ziyadnz|hourly,2026-08-17T18:48:05Z,2026-08-17T18:48:05Z,
108.62.62.88,ipv4,attack,high,WHITE,blocklist.de/all|blocklist.de/apache|blocklist.de/mail|ziyadnz/hourly-ipv4,blocklist.de|brute-force|apache|rfi|ddos|spam|mail|ziyadnz|hourly,2026-08-17T18:48:05Z,2026-08-17T18:48:05Z,
108.62.62.89,ipv4,attack,high,WHITE,blocklist.de/all|blocklist.de/apache|blocklist.de/mail|ziyadnz/hourly-ipv4,blocklist.de|brute-force|apache|rfi|ddos|spam|mail|ziyadnz|hourly,2026-08-17T18:48:05Z,2026-08-17T18:48:05Z,
108.62.62.90,ipv4,attack,high,WHITE,blocklist.de/all|blocklist.de/apache|blocklist.de/mail|ziyadnz/hourly-ipv4,blocklist.de|brute-force|apache|rfi|ddos|spam|mail|ziyadnz|hourly,2026-08-17T18:48:05Z,2026-08-17T18:48:05Z,
108.62.62.91,ipv4,attack,high,WHITE,blocklist.de/all|blocklist.de/apache|blocklist.de/mail|ziyadnz/hourly-ipv4,blocklist.de|brute-force|apache|rfi|ddos|spam|mail|ziyadnz|hourly,2026-08-17T18:48:05Z,2026-08-17T18:48:05Z,
108.62.62.92,ipv4,attack,high,WHITE,blocklist.de/all|blocklist.de/apache|blocklist.de/mail|ziyadnz/hourly-ipv4,blocklist.de|brute-force|apache|rfi|ddos|spam|mail|ziyadnz|hourly,2026-08-17T18:48:05Z,2026-08-17T18:48:05Z,
108.62.62.93,ipv4,attack,high,WHITE,blocklist.de/all|blocklist.de/apache|blocklist.de/mail|ziyadnz/hourly-ipv4,blocklist.de|brute-force|apache|rfi|ddos|spam|mail|ziyadnz|hourly,2026-08-17T18:48:05Z,2026-08-17T18:48:05Z,
108.62.62.94,ipv4,attack,high,WHITE,blocklist.de/all|blocklist.de/apache|blocklist.de/mail|ziyadnz/hourly-ipv4,blocklist.de|brute-force|apache|rfi|ddos|spam|mail|ziyadnz|hourly,2026-08-17T18:48:05Z,2026-08-17T18:48:05Z,
108.62.62.95,ipv4,attack,high,WHITE,blocklist.de/all|blocklist.de/apache|blocklist.de/mail|ziyadnz/hourly-ipv4,blocklist.de|brute-force|apache|rfi|ddos|spam|mail|ziyadnz|hourly,2026-08-17T18:48:05Z,2026-08-17T18:48:05Z,
108.62.62.96,ipv4,attack,high,WHITE,blocklist.de/all|blocklist.de/apache|blocklist.de/mail|ziyadnz/hourly-ipv4,blocklist.de|brute-force|apache|rfi|ddos|spam|mail|ziyadnz|hourly,2026-08-17T18:48:05Z,2026-08-17T18:48:05Z,
108.62.62.97,ipv4,attack,high,WHITE,blocklist.de/all|blocklist.de/apache|blocklist.de/mail|ziyadnz/hourly-ipv4,blocklist.de|brute-force|apache|rfi|ddos|spam|mail|ziyadnz|hourly,2026-08-17T18:48:05Z,2026-08-17T18:48:05Z,
108.62.62.98,ipv4,attack,high,WHITE,blocklist.de/all|blocklist.de/apache|blocklist.de/mail|ziyadnz/hourly-ipv4,blocklist.de|brute-force|apache|rfi|ddos|spam|mail|ziyadnz|hourly,2026-08-17T18:48:05Z,2026-08-17T18:48:05Z,
108.62.62.99,ipv4,attack,high,WHITE,blocklist.de/all|blocklist.de/apache|blocklist.de/mail|ziyadnz/hourly-ipv4,blocklist.de|brute-force|apache|rfi|ddos|spam|mail|ziyadnz|hourly,2026-08-17T18:48:05Z,2026-08-17T18:48:05Z,
108.62.62.100,ipv4,attack,high,WHITE,blocklist.de/all|blocklist.de/apache|blocklist.de/mail|ziyadnz/hourly-ipv4,blocklist.de|brute-force|apache|rfi|ddos|spam|mail|ziyadnz|hourly,2026-08-17T18:48:05Z,2026-08-17T18:48:05Z,
108.62.62.101,ipv4,attack,high,WHITE,blocklist.de/all|blocklist.de/apache|blocklist.de/mail|ziyadnz/hourly-ipv4,blocklist.de|brute-force|apache|rfi|ddos|spam|mail|ziyadnz|hourly,2026-08-17T18:48:05Z,2026-08-17T18:48:05Z,
108.62.62.102,ipv4,attack,high,WHITE,blocklist.de/all|blocklist.de/apache|blocklist.de/mail|ziyadnz/hourly-ipv4,blocklist.de|brute-force|apache|rfi|ddos|spam|mail|ziyadnz|hourly,2026-08-17T18:48:05Z,2026-08-17T18:48:05Z,
108.62.62.103,ipv4,attack,high,WHITE,blocklist.de/all|blocklist.de/apache|blocklist.de/mail|ziyadnz/hourly-ipv4,blocklist.de|brute-force|apache|rfi|ddos|spam|mail|ziyadnz|hourly,2026-08-17T18:48:05Z,2026-08-17T18:48:05Z,
108.62.62.104,ipv4,attack,high,WHITE,blocklist.de/all|blocklist.de/apache|blocklist.de/mail|ziyadnz/hourly-ipv4,blocklist.de|brute-force|apache|rfi|ddos|spam|mail|ziyadnz|hourly,2026-08-17T18:48:05Z,2026-08-17T18:48:05Z,
108.62.62.105,ipv4,attack,high,WHITE,blocklist.de/all|blocklist.de/apache|blocklist.de/mail|ziyadnz/hourly-ipv4,blocklist.de|brute-force|apache|rfi|ddos|spam|mail|ziyadnz|hourly,2026-08-17T18:48:05Z,2026-08-17T18:48:05Z,
108.62.62.106,ipv4,attack,high,WHITE,blocklist.de/all|blocklist.de/apache|blocklist.de/mail|ziyadnz/hourly-ipv4,blocklist.de|brute-force|apache|rfi|ddos|spam|mail|ziyadnz|hourly,2026-08-17T18:48:05Z,2026-08-17T18:48:05Z,
108.62.62.107,ipv4,attack,high,WHITE,blocklist.de/all|blocklist.de/apache|blocklist.de/mail|ziyadnz/hourly-ipv4,blocklist.de|brute-force|apache|rfi|ddos|spam|mail|ziyadnz|hourly,2026-08-17T18:48:05Z,2026-08-17T18:48:05Z,
108.62.62.108,ipv4,attack,high,WHITE,blocklist.de/all|blocklist.de/apache|blocklist.de/mail|ziyadnz/hourly-ipv4,blocklist.de|brute-force|apache|rfi|ddos|spam|mail|ziyadnz|hourly,2026-08-17T18:48:05Z,2026-08-17T18:48:05Z,
108.62.62.109,ipv4,attack,high,WHITE,blocklist.de/all|blocklist.de/apache|blocklist.de/mail|ziyadnz/hourly-ipv4,blocklist.de|brute-force|apache|rfi|ddos|spam|mail|ziyadnz|hourly,2026-08-17T18:48:05Z,2026-08-17T18:48:05Z,
108.62.62.110,ipv4,attack,high,WHITE,blocklist.de/all|blocklist.de/apache|blocklist.de/mail|ziyadnz/hourly-ipv4,blocklist.de|brute-force|apache|rfi|ddos|spam|mail|ziyadnz|hourly,2026-08-17T18:48:05Z,2026-08-17T18:48:05Z,
108.62.62.111,ipv4,attack,high,WHITE,blocklist.de/all|blocklist.de/apache|blocklist.de/mail|ziyadnz/hourly-ipv4,blocklist.de|brute-force|apache|rfi|ddos|spam|mail|ziyadnz|hourly,2026-08-17T18:48:05Z,2026-08-17T18:48:05Z,
108.62.62.112,ipv4,attack,high,WHITE,blocklist.de/all|blocklist.de/apache|blocklist.de/mail|ziyadnz/hourly-ipv4,blocklist.de|brute-force|apache|rfi|ddos|spam|mail|ziyadnz|hourly,2026-08-17T18:48:05Z,2026-08-17T18:48:05Z,
108.62.62.113,ipv4,attack,high,WHITE,blocklist.de/all|blocklist.de/apache|blocklist.de/mail|ziyadnz/hourly-ipv4,blocklist.de|brute-force|apache|rfi|ddos|spam|mail|ziyadnz|hourly,2026-08-17T18:48:05Z,2026-08-17T18:48:05Z,
108.62.62.114,ipv4,attack,high,WHITE,blocklist.de/all|blocklist.de/apache|blocklist.de/mail|ziyadnz/hourly-ipv4,blocklist.de|brute-force|apache|rfi|ddos|spam|mail|ziyadnz|hourly,2026-08-17T18:48:05Z,2026-08-17T18:48:05Z,
108.62.62.115,ipv4,attack,high,WHITE,blocklist.de/all|blocklist.de/apache|blocklist.de/mail|ziyadnz/hourly-ipv4,blocklist.de|brute-force|apache|rfi|ddos|spam|mail|ziyadnz|hourly,2026-08-17T18:48:05Z,2026-08-17T18:48:05Z,
108.62.62.116,ipv4,attack,high,WHITE,blocklist.de/all|blocklist.de/apache|blocklist.de/mail|ziyadnz/hourly-ipv4,blocklist.de|brute-force|apache|rfi|ddos|spam|mail|ziyadnz|hourly,2026-08-17T18:48:05Z,2026-08-17T18:48:05Z,
108.62.62.117,ipv4,attack,high,WHITE,blocklist.de/all|blocklist.de/apache|blocklist.de/mail|ziyadnz/hourly-ipv4,blocklist.de|brute-force|apache|rfi|ddos|spam|mail|ziyadnz|hourly,2026-08-17T18:48:05Z,2026-08-17T18:48:05Z,
108.62.62.118,ipv4,attack,high,WHITE,blocklist.de/all|blocklist.de/apache|blocklist.de/mail|ziyadnz/hourly-ipv4,blocklist.de|brute-force|apache|rfi|ddos|spam|mail|ziyadnz|hourly,2026-08-17T18:48:05Z,2026-08-17T18:48:05Z,
108.62.62.119,ipv4,attack,high,WHITE,blocklist.de/all|blocklist.de/apache|blocklist.de/mail|ziyadnz/hourly-ipv4,blocklist.de|brute-force|apache|rfi|ddos|spam|mail|ziyadnz|hourly,2026-08-17T18:48:05Z,2026-08-17T18:48:05Z,
108.62.62.120,ipv4,attack,high,WHITE,blocklist.de/all|blocklist.de/apache|blocklist.de/mail|ziyadnz/hourly-ipv4,blocklist.de|brute-force|apache|rfi|ddos|spam|mail|ziyadnz|hourly,2026-08-17T18:48:05Z,2026-08-17T18:48:05Z,
108.62.62.121,ipv4,attack,high,WHITE,blocklist.de/all|blocklist.de/apache|blocklist.de/mail|ziyadnz/hourly-ipv4,blocklist.de|brute-force|apache|rfi|ddos|spam|mail|ziyadnz|hourly,2026-08-17T18:48:05Z,2026-08-17T18:48:05Z,
108.62.62.122,ipv4,attack,high,WHITE,blocklist.de/all|blocklist.de/apache|blocklist.de/mail|ziyadnz/hourly-ipv4,blocklist.de|brute-force|apache|rfi|ddos|spam|mail|ziyadnz|hourly,2026-08-17T18:48:05Z,2026-08-17T18:48:05Z,
108.62.62.123,ipv4,attack,high,WHITE,blocklist.de/all|blocklist.de/apache|blocklist.de/mail|ziyadnz/hourly-ipv4,blocklist.de|brute-force|apache|rfi|ddos|spam|mail|ziyadnz|hourly,2026-08-17T18:48:05Z,2026-08-17T18:48:05Z,
108.62.62.124,ipv4,attack,high,WHITE,blocklist.de/all|blocklist.de/apache|blocklist.de/mail|ziyadnz/hourly-ipv4,blocklist.de|brute-force|apache|rfi|ddos|spam|mail|ziyadnz|hourly,2026-08-17T18:48:05Z,2026-08-17T18:48:05Z,
108.62.62.125,ipv4,attack,high,WHITE,blocklist.de/all|blocklist.de/apache|blocklist.de/mail|ziyadnz/hourly-ipv4,blocklist.de|brute-force|apache|rfi|ddos|spam|mail|ziyadnz|hourly,2026-08-17T18:48:05Z,2026-08-17T18:48:05Z,
108.62.62.126,ipv4,attack,high,WHITE,blocklist.de/all|blocklist.de/apache|blocklist.de/mail|ziyadnz/hourly-ipv4,blocklist.de|brute-force|apache|rfi|ddos|spam|mail|ziyadnz|hourly,2026-08-17T18:48:05Z,2026-08-17T18:48:05Z,
108.62.62.127,ipv4,attack,high,WHITE,blocklist.de/all|blocklist.de/apache|blocklist.de/mail|ziyadnz/hourly-ipv4,blocklist.de|brute-force|apache|rfi|ddos|spam|mail|ziyadnz|hourly,2026-08-17T18:48:05Z,2026-08-17T18:48:05Z,
108.62.62.128,ipv4,attack,high,WHITE,blocklist.de/all|blocklist.de/apache|blocklist.de/mail|ziyadnz/hourly-ipv4,blocklist.de|brute-force|apache|rfi|ddos|spam|mail|ziyadnz|hourly,2026-08-17T18:48:05Z,2026-08-17T18:48:05Z,
108.62.62.129,ipv4,attack,high,WHITE,blocklist.de/all|blocklist.de/apache|blocklist.de/mail|ziyadnz/hourly-ipv4,blocklist.de|brute-force|apache|rfi|ddos|spam|mail|ziyadnz|hourly,2026-08-17T18:48:05Z,2026-08-17T18:48:05Z,
108.62.62.130,ipv4,attack,high,WHITE,blocklist.de/all|blocklist.de/apache|blocklist.de/mail|ziyadnz/hourly-ipv4,blocklist.de|brute-force|apache|rfi|ddos|spam|mail|ziyadnz|hourly,2026-08-17T18:48:05Z,2026-08-17T18:48:05Z,
108.62.62.131,ipv4,attack,high,WHITE,blocklist.de/all|blocklist.de/apache|blocklist.de/mail|ziyadnz/hourly-ipv4,blocklist.de|brute-force|apache|rfi|ddos|spam|mail|ziyadnz|hourly,2026-08-17T18:48:05Z,2026-08-17T18:48:05Z,
108.62.62.132,ipv4,attack,high,WHITE,blocklist.de/all|blocklist.de/apache|blocklist.de/mail|ziyadnz/hourly-ipv4,blocklist.de|brute-force|apache|rfi|ddos|spam|mail|ziyadnz|hourly,2026-08-17T18:48:05Z,2026-08-17T18:48:05Z,
108.62.62.133,ipv4,attack,high,WHITE,blocklist.de/all|blocklist.de/apache|blocklist.de/mail|ziyadnz/hourly-ipv4,blocklist.de|brute-force|apache|rfi|ddos|spam|mail|ziyadnz|hourly,2026-08-17T18:48:05Z,2026-08-17T18:48:05Z,
108.62.62.134,ipv4,attack,high,WHITE,blocklist.de/all|blocklist.de/apache|blocklist.de/mail|ziyadnz/hourly-ipv4,blocklist.de|brute-force|apache|rfi|ddos|spam|mail|ziyadnz|hourly,2026-08-17T18:48:05Z,2026-08-17T18:48:05Z,
108.62.62.135,ipv4,attack,high,WHITE,blocklist.de/all|blocklist.de/apache|blocklist.de/mail|ziyadnz/hourly-ipv4,blocklist.de|brute-force|apache|rfi|ddos|spam|mail|ziyadnz|hourly,2026-08-17T18:48:05Z,2026-08-17T18:48:05Z,
108.62.62.136,ipv4,attack,high,WHITE,blocklist.de/all|blocklist.de/apache|blocklist.de/mail|ziyadnz/hourly-ipv4,blocklist.de|brute-force|apache|rfi|ddos|spam|mail|ziyadnz|hourly,2026-08-17T18:48:05Z,2026-08-17T18:48:05Z,
108.62.62.137,ipv4,attack,high,WHITE,blocklist.de/all|blocklist.de/apache|blocklist.de/mail|ziyadnz/hourly-ipv4,blocklist.de|brute-force|apache|rfi|ddos|spam|mail|ziyadnz|hourly,2026-08-17T18:48:05Z,2026-08-17T18:48:05Z,
108.62.62.138,ipv4,attack,high,WHITE,blocklist.de/all|blocklist.de/apache|blocklist.de/mail|ziyadnz/hourly-ipv4,blocklist.de|brute-force|apache|rfi|ddos|spam|mail|ziyadnz|hourly,2026-08-17T18:48:05Z,2026-08-17T18:48:05Z,
108.62.62.139,ipv4,attack,high,WHITE,blocklist.de/all|blocklist.de/apache|blocklist.de/mail|ziyadnz/hourly-ipv4,blocklist.de|brute-force|apache|rfi|ddos|spam|mail|ziyadnz|hourly,2026-08-17T18:48:05Z,2026-08-17T18:48:05Z,
108.62.62.140,ipv4,attack,high,WHITE,blocklist.de/all|blocklist.de/apache|blocklist.de/mail|ziyadnz/hourly-ipv4,blocklist.de|brute-force|apache|rfi|ddos|spam|mail|ziyadnz|hourly,2026-08-17T18:48:05Z,2026-08-17T18:48:05Z,
108.62.62.141,ipv4,attack,high,WHITE,blocklist.de/all|blocklist.de/apache|blocklist.de/mail|ziyadnz/hourly-ipv4,blocklist.de|brute-force|apache|rfi|ddos|spam|mail|ziyadnz|hourly,2026-08-17T18:48:05Z,2026-08-17T18:48:05Z,
108.62.62.142,ipv4,attack,high,WHITE,blocklist.de/all|blocklist.de/apache|blocklist.de/mail|ziyadnz/hourly-ipv4,blocklist.de|brute-force|apache|rfi|ddos|spam|mail|ziyadnz|hourly,2026-08-17T18:48:05Z,2026-08-17T18:48:05Z,
108.62.62.143,ipv4,attack,high,WHITE,blocklist.de/all|blocklist.de/apache|blocklist.de/mail|ziyadnz/hourly-ipv4,blocklist.de|brute-force|apache|rfi|ddos|spam|mail|ziyadnz|hourly,2026-08-17T18:48:05Z,2026-08-17T18:48:05Z,
108.62.62.144,ipv4,attack,high,WHITE,blocklist.de/all|blocklist.de/apache|blocklist.de/mail|ziyadnz/hourly-ipv4,blocklist.de|brute-force|apache|rfi|ddos|spam|mail|ziyadnz|hourly,2026-08-17T18:48:05Z,2026-08-17T18:48:05Z,
108.62.62.145,ipv4,attack,high,WHITE,blocklist.de/all|blocklist.de/apache|blocklist.de/mail|ziyadnz/hourly-ipv4,blocklist.de|brute-force|apache|rfi|ddos|spam|mail|ziyadnz|hourly,2026-08-17T18:48:05Z,2026-08-17T18:48:05Z,
108.62.62.146,ipv4,attack,high,WHITE,blocklist.de/all|blocklist.de/apache|blocklist.de/mail|ziyadnz/hourly-ipv4,blocklist.de|brute-force|apache|rfi|ddos|spam|mail|ziyadnz|hourly,2026-08-17T18:48:05Z,2026-08-17T18:48:05Z,
108.62.62.147,ipv4,attack,high,WHITE,blocklist.de/all|blocklist.de/apache|blocklist.de/mail|ziyadnz/hourly-ipv4,blocklist.de|brute-force|apache|rfi|ddos|spam|mail|ziyadnz|hourly,2026-08-17T18:48:05Z,2026-08-17T18:48:05Z,
108.62.62.148,ipv4,attack,high,WHITE,blocklist.de/all|blocklist.de/apache|blocklist.de/mail|ziyadnz/hourly-ipv4,blocklist.de|brute-force|apache|rfi|ddos|spam|mail|ziyadnz|hourly,2026-08-17T18:48:05Z,2026-08-17T18:48:05Z,
108.62.62.149,ipv4,attack,high,WHITE,blocklist.de/all|blocklist.de/apache|blocklist.de/mail|ziyadnz/hourly-ipv4,blocklist.de|brute-force|apache|rfi|ddos|spam|mail|ziyadnz|hourly,2026-08-17T18:48:05Z,2026-08-17T18:48:05Z,
108.62.62.150,ipv4,attack,high,WHITE,blocklist.de/all|blocklist.de/apache|blocklist.de/mail|ziyadnz/hourly-ipv4,blocklist.de|brute-force|apache|rfi|ddos|spam|mail|ziyadnz|hourly,2026-08-17T18:48:05Z,2026-08-17T18:48:05Z,
108.62.62.151,ipv4,attack,high,WHITE,blocklist.de/all|blocklist.de/apache|blocklist.de/mail|ziyadnz/hourly-ipv4,blocklist.de|brute-force|apache|rfi|ddos|spam|mail|ziyadnz|hourly,2026-08-17T18:48:05Z,2026-08-17T18:48:05Z,
108.62.62.152,ipv4,attack,high,WHITE,blocklist.de/all|blocklist.de/apache|blocklist.de/mail|ziyadnz/hourly-ipv4,blocklist.de|brute-force|apache|rfi|ddos|spam|mail|ziyadnz|hourly,2026-08-17T18:48:05Z,2026-08-17T18:48:05Z,
108.62.62.153,ipv4,attack,high,WHITE,blocklist.de/all|blocklist.de/apache|blocklist.de/mail|ziyadnz/hourly-ipv4,blocklist.de|brute-force|apache|rfi|ddos|spam|mail|ziyadnz|hourly,2026-08-17T18:48:05Z,2026-08-17T18:48:05Z,
108.62.62.154,ipv4,attack,high,WHITE,blocklist.de/all|blocklist.de/apache|blocklist.de/mail|ziyadnz/hourly-ipv4,blocklist.de|brute-force|apache|rfi|ddos|spam|mail|ziyadnz|hourly,2026-08-17T18:48:05Z,2026-08-17T18:48:05Z,
108.62.62.155,ipv4,attack,high,WHITE,blocklist.de/all|blocklist.de/apache|blocklist.de/mail|ziyadnz/hourly-ipv4,blocklist.de|brute-force|apache|rfi|ddos|spam|mail|ziyadnz|hourly,2026-08-17T18:48:05Z,2026-08-17T18:48:05Z,
108.62.62.156,ipv4,attack,high,WHITE,blocklist.de/all|blocklist.de/apache|blocklist.de/mail|ziyadnz/hourly-ipv4,blocklist.de|brute-force|apache|rfi|ddos|spam|mail|ziyadnz|hourly,2026-08-17T18:48:05Z,2026-08-17T18:48:05Z,
108.62.62.157,ipv4,attack,high,WHITE,blocklist.de/all|blocklist.de/apache|blocklist.de/mail|ziyadnz/hourly-ipv4,blocklist.de|brute-force|apache|rfi|ddos|spam|mail|ziyadnz|hourly,2026-08-17T18:48:05Z,2026-08-17T18:48:05Z,
108.62.62.158,ipv4,attack,high,WHITE,blocklist.de/all|blocklist.de/apache|blocklist.de/mail|ziyadnz/hourly-ipv4,blocklist.de|brute-force|apache|rfi|ddos|spam|mail|ziyadnz|hourly,2026-08-17T18:48:05Z,2026-08-17T18:48:05Z,
108.62.62.159,ipv4,attack,high,WHITE,blocklist.de/all|blocklist.de/apache|blocklist.de/mail|ziyadnz/hourly-ipv4,blocklist.de|brute-force|apache|rfi|ddos|spam|mail|ziyadnz|hourly,2026-08-17T18:48:05Z,2026-08-17T18:48:05Z,
108.62.62.160,ipv4,attack,high,WHITE,blocklist.de/all|blocklist.de/apache|blocklist.de/mail|ziyadnz/hourly-ipv4,blocklist.de|brute-force|apache|rfi|ddos|spam|mail|ziyadnz|hourly,2026-08-17T18:48:05Z,2026-08-17T18:48:05Z,
108.62.62.161,ipv4,attack,high,WHITE,blocklist.de/all|blocklist.de/apache|blocklist.de/mail|ziyadnz/hourly-ipv4,blocklist.de|brute-force|apache|rfi|ddos|spam|mail|ziyadnz|hourly,2026-08-17T18:48:05Z,2026-08-17T18:48:05Z,
108.62.62.162,ipv4,attack,high,WHITE,blocklist.de/all|blocklist.de/apache|blocklist.de/mail|ziyadnz/hourly-ipv4,blocklist.de|brute-force|apache|rfi|ddos|spam|mail|ziyadnz|hourly,2026-08-17T18:48:05Z,2026-08-17T18:48:05Z,
108.62.62.163,ipv4,attack,high,WHITE,blocklist.de/all|blocklist.de/apache|blocklist.de/mail|ziyadnz/hourly-ipv4,blocklist.de|brute-force|apache|rfi|ddos|spam|mail|ziyadnz|hourly,2026-08-17T18:48:05Z,2026-08-17T18:48:05Z,
108.62.62.164,ipv4,attack,high,WHITE,blocklist.de/all|blocklist.de/apache|blocklist.de/mail|ziyadnz/hourly-ipv4,blocklist.de|brute-force|apache|rfi|ddos|spam|mail|ziyadnz|hourly,2026-08-17T18:48:05Z,2026-08-17T18:48:05Z,
108.62.62.165,ipv4,attack,high,WHITE,blocklist.de/all|blocklist.de/apache|blocklist.de/mail|ziyadnz/hourly-ipv4,blocklist.de|brute-force|apache|rfi|ddos|spam|mail|ziyadnz|hourly,2026-08-17T18:48:05Z,2026-08-17T18:48:05Z,
108.62.62.166,ipv4,attack,high,WHITE,blocklist.de/all|blocklist.de/apache|blocklist.de/mail|ziyadnz/hourly-ipv4,blocklist.de|brute-force|apache|rfi|ddos|spam|mail|ziyadnz|hourly,2026-08-17T18:48:05Z,2026-08-17T18:48:05Z,
108.62.62.167,ipv4,attack,high,WHITE,blocklist.de/all|blocklist.de/apache|blocklist.de/mail|ziyadnz/hourly-ipv4,blocklist.de|brute-force|apache|rfi|ddos|spam|mail|ziyadnz|hourly,2026-08-17T18:48:05Z,2026-08-17T18:48:05Z,
108.62.62.168,ipv4,attack,high,WHITE,blocklist.de/all|blocklist.de/apache|blocklist.de/mail|ziyadnz/hourly-ipv4,blocklist.de|brute-force|apache|rfi|ddos|spam|mail|ziyadnz|hourly,2026-08-17T18:48:05Z,2026-08-17T18:48:05Z,
108.62.62.169,ipv4,attack,high,WHITE,blocklist.de/all|blocklist.de/apache|blocklist.de/mail|ziyadnz/hourly-ipv4,blocklist.de|brute-force|apache|rfi|ddos|spam|mail|ziyadnz|hourly,2026-08-17T18:48:05Z,2026-08-17T18:48:05Z,
108.62.62.170,ipv4,attack,high,WHITE,blocklist.de/all|blocklist.de/apache|blocklist.de/mail|ziyadnz/hourly-ipv4,blocklist.de|brute-force|apache|rfi|ddos|spam|mail|ziyadnz|hourly,2026-08-17T18:48:05Z,2026-08-17T18:48:05Z,
108.62.62.171,ipv4,attack,high,WHITE,blocklist.de/all|blocklist.de/apache|blocklist.de/mail|ziyadnz/hourly-ipv4,blocklist.de|brute-force|apache|rfi|ddos|spam|mail|ziyadnz|hourly,2026-08-17T18:48:05Z,2026-08-17T18:48:05Z,
108.62.62.172,ipv4,attack,high,WHITE,blocklist.de/all|blocklist.de/apache|blocklist.de/mail|ziyadnz/hourly-ipv4,blocklist.de|brute-force|apache|rfi|ddos|spam|mail|ziyadnz|hourly,2026-08-17T18:48:05Z,2026-08-17T18:48:05Z,
108.62.62.173,ipv4,attack,high,WHITE,blocklist.de/all|blocklist.de/apache|blocklist.de/mail|ziyadnz/hourly-ipv4,blocklist.de|brute-force|apache|rfi|ddos|spam|mail|ziyadnz|hourly,2026-08-17T18:48:05Z,2026-08-17T18:48:05Z,
108.62.62.174,ipv4,attack,high,WHITE,blocklist.de/all|blocklist.de/apache|blocklist.de/mail|ziyadnz/hourly-ipv4,blocklist.de|brute-force|apache|rfi|ddos|spam|mail|ziyadnz|hourly,2026-08-17T18:48:05Z,2026-08-17T18:48:05Z,
108.62.62.175,ipv4,attack,high,WHITE,blocklist.de/all|blocklist.de/apache|blocklist.de/mail|ziyadnz/hourly-ipv4,blocklist.de|brute-force|apache|rfi|ddos|spam|mail|ziyadnz|hourly,2026-08-17T18:48:05Z,2026-08-17T18:48:05Z,
108.62.62.176,ipv4,attack,high,WHITE,blocklist.de/all|blocklist.de/apache|blocklist.de/mail|ziyadnz/hourly-ipv4,blocklist.de|brute-force|apache|rfi|ddos|spam|mail|ziyadnz|hourly,2026-08-17T18:48:05Z,2026-08-17T18:48:05Z,
108.62.62.177,ipv4,attack,high,WHITE,blocklist.de/all|blocklist.de/apache|blocklist.de/mail|ziyadnz/hourly-ipv4,blocklist.de|brute-force|apache|rfi|ddos|spam|mail|ziyadnz|hourly,2026-08-17T18:48:05Z,2026-08-17T18:48:05Z,
108.62.62.178,ipv4,attack,high,WHITE,blocklist.de/all|blocklist.de/apache|blocklist.de/mail|ziyadnz/hourly-ipv4,blocklist.de|brute-force|apache|rfi|ddos|spam|mail|ziyadnz|hourly,2026-08-17T18:48:05Z,2026-08-17T18:48:05Z,
108.62.62.179,ipv4,attack,high,WHITE,blocklist.de/all|blocklist.de/apache|blocklist.de/mail|ziyadnz/hourly-ipv4,blocklist.de|brute-force|apache|rfi|ddos|spam|mail|ziyadnz|hourly,2026-08-17T18:48:05Z,2026-08-17T18:48:05Z,
108.62.62.180,ipv4,attack,high,WHITE,blocklist.de/all|blocklist.de/apache|blocklist.de/mail|ziyadnz/hourly-ipv4,blocklist.de|brute-force|apache|rfi|ddos|spam|mail|ziyadnz|hourly,2026-08-17T18:48:05Z,2026-08-17T18:48:05Z,
108.62.62.181,ipv4,attack,high,WHITE,blocklist.de/all|blocklist.de/apache|blocklist.de/mail|ziyadnz/hourly-ipv4,blocklist.de|brute-force|apache|rfi|ddos|spam|mail|ziyadnz|hourly,2026-08-17T18:48:05Z,2026-08-17T18:48:05Z,
108.62.62.182,ipv4,attack,high,WHITE,blocklist.de/all|blocklist.de/apache|blocklist.de/mail|ziyadnz/hourly-ipv4,blocklist.de|brute-force|apache|rfi|ddos|spam|mail|ziyadnz|hourly,2026-08-17T18:48:05Z,2026-08-17T18:48:05Z,
108.62.62.183,ipv4,attack,high,WHITE,blocklist.de/all|blocklist.de/apache|blocklist.de/mail|ziyadnz/hourly-ipv4,blocklist.de|brute-force|apache|rfi|ddos|spam|mail|ziyadnz|hourly,2026-08-17T18:48:05Z,2026-08-17T18:48:05Z,
108.62.62.184,ipv4,attack,high,WHITE,blocklist.de/all|blocklist.de/apache|blocklist.de/mail|ziyadnz/hourly-ipv4,blocklist.de|brute-force|apache|rfi|ddos|spam|mail|ziyadnz|hourly,2026-08-17T18:48:05Z,2026-08-17T18:48:05Z,
108.62.62.185,ipv4,attack,high,WHITE,blocklist.de/all|blocklist.de/apache|blocklist.de/mail|ziyadnz/hourly-ipv4,blocklist.de|brute-force|apache|rfi|ddos|spam|mail|ziyadnz|hourly,2026-08-17T18:48:05Z,2026-08-17T18:48:05Z,
108.62.62.186,ipv4,attack,high,WHITE,blocklist.de/all|blocklist.de/apache|blocklist.de/mail|ziyadnz/hourly-ipv4,blocklist.de|brute-force|apache|rfi|ddos|spam|mail|ziyadnz|hourly,2026-08-17T18:48:05Z,2026-08-17T18:48:05Z,
108.62.62.187,ipv4,attack,high,WHITE,blocklist.de/all|blocklist.de/apache|blocklist.de/mail|ziyadnz/hourly-ipv4,blocklist.de|brute-force|apache|rfi|ddos|spam|mail|ziyadnz|hourly,2026-08-17T18:48:05Z,2026-08-17T18:48:05Z,
108.62.62.188,ipv4,attack,high,WHITE,blocklist.de/all|blocklist.de/apache|blocklist.de/mail|ziyadnz/hourly-ipv4,blocklist.de|brute-force|apache|rfi|ddos|spam|mail|ziyadnz|hourly,2026-08-17T18:48:05Z,2026-08-17T18:48:05Z,
108.62.62.189,ipv4,attack,high,WHITE,blocklist.de/all|blocklist.de/apache|blocklist.de/mail|ziyadnz/hourly-ipv4,blocklist.de|brute-force|apache|rfi|ddos|spam|mail|ziyadnz|hourly,2026-08-17T18:48:05Z,2026-08-17T18:48:05Z,
108.62.62.190,ipv4,attack,high,WHITE,blocklist.de/all|blocklist.de/apache|blocklist.de/mail|ziyadnz/hourly-ipv4,blocklist.de|brute-force|apache|rfi|ddos|spam|mail|ziyadnz|hourly,2026-08-17T18:48:05Z,2026-08-17T18:48:05Z,
108.62.62.191,ipv4,attack,high,WHITE,blocklist.de/all|blocklist.de/apache|blocklist.de/mail|ziyadnz/hourly-ipv4,blocklist.de|brute-force|apache|rfi|ddos|spam|mail|ziyadnz|hourly,2026-08-17T18:48:05Z,2026-08-17T18:48:05Z,
108.62.62.192,ipv4,attack,high,WHITE,blocklist.de/all|blocklist.de/apache|blocklist.de/mail|ziyadnz/hourly-ipv4,blocklist.de|brute-force|apache|rfi|ddos|spam|mail|ziyadnz|hourly,2026-08-17T18:48:05Z,2026-08-17T18:48:05Z,
108.62.62.193,ipv4,attack,high,WHITE,blocklist.de/all|blocklist.de/apache|blocklist.de/mail|ziyadnz/hourly-ipv4,blocklist.de|brute-force|apache|rfi|ddos|spam|mail|ziyadnz|hourly,2026-08-17T18:48:05Z,2026-08-17T18:48:05Z,
108.62.62.194,ipv4,attack,high,WHITE,blocklist.de/all|blocklist.de/apache|blocklist.de/mail|ziyadnz/hourly-ipv4,blocklist.de|brute-force|apache|rfi|ddos|spam|mail|ziyadnz|hourly,2026-08-17T18:48:05Z,2026-08-17T18:48:05Z,
108.62.62.195,ipv4,attack,high,WHITE,blocklist.de/all|blocklist.de/apache|blocklist.de/mail|ziyadnz/hourly-ipv4,blocklist.de|brute-force|apache|rfi|ddos|spam|mail|ziyadnz|hourly,2026-08-17T18:48:05Z,2026-08-17T18:48:05Z,
108.62.62.196,ipv4,attack,high,WHITE,blocklist.de/all|blocklist.de/apache|blocklist.de/mail|ziyadnz/hourly-ipv4,blocklist.de|brute-force|apache|rfi|ddos|spam|mail|ziyadnz|hourly,2026-08-17T18:48:05Z,2026-08-17T18:48:05Z,
108.62.62.197,ipv4,attack,high,WHITE,blocklist.de/all|blocklist.de/apache|blocklist.de/mail|ziyadnz/hourly-ipv4,blocklist.de|brute-force|apache|rfi|ddos|spam|mail|ziyadnz|hourly,2026-08-17T18:48:05Z,2026-08-17T18:48:05Z,
108.62.62.198,ipv4,attack,high,WHITE,blocklist.de/all|blocklist.de/apache|blocklist.de/mail|ziyadnz/hourly-ipv4,blocklist.de|brute-force|apache|rfi|ddos|spam|mail|ziyadnz|hourly,2026-08-17T18:48:05Z,2026-08-17T18:48:05Z,
108.62.62.199,ipv4,attack,high,WHITE,blocklist.de/all|blocklist.de/apache|blocklist.de/mail|ziyadnz/hourly-ipv4,blocklist.de|brute-force|apache|rfi|ddos|spam|mail|ziyadnz|hourly,2026-08-17T18:48:05Z,2026-08-17T18:48:05Z,
108.62.62.200,ipv4,attack,high,WHITE,blocklist.de/all|blocklist.de/apache|blocklist.de/mail|ziyadnz/hourly-ipv4,blocklist.de|brute-force|apache|rfi|ddos|spam|mail|ziyadnz|hourly,2026-08-17T18:48:05Z,2026-08-17T18:48:05Z,
108.62.62.201,ipv4,attack,high,WHITE,blocklist.de/all|blocklist.de/apache|blocklist.de/mail|ziyadnz/hourly-ipv4,blocklist.de|brute-force|apache|rfi|ddos|spam|mail|ziyadnz|hourly,2026-08-17T18:48:05Z,2026-08-17T18:48:05Z,
108.62.62.202,ipv4,attack,high,WHITE,blocklist.de/all|blocklist.de/apache|blocklist.de/mail|ziyadnz/hourly-ipv4,blocklist.de|brute-force|apache|rfi|ddos|spam|mail|ziyadnz|hourly,2026-08-17T18:48:05Z,2026-08-17T18:48:05Z,
108.62.62.203,ipv4,attack,high,WHITE,blocklist.de/all|blocklist.de/apache|blocklist.de/mail|ziyadnz/hourly-ipv4,blocklist.de|brute-force|apache|rfi|ddos|spam|mail|ziyadnz|hourly,2026-08-17T18:48:05Z,2026-08-17T18:48:05Z,
108.62.62.204,ipv4,attack,high,WHITE,blocklist.de/all|blocklist.de/apache|blocklist.de/mail|ziyadnz/hourly-ipv4,blocklist.de|brute-force|apache|rfi|ddos|spam|mail|ziyadnz|hourly,2026-08-17T18:48:05Z,2026-08-17T18:48:05Z,
108.62.62.205,ipv4,attack,high,WHITE,blocklist.de/all|blocklist.de/apache|blocklist.de/mail|ziyadnz/hourly-ipv4,blocklist.de|brute-force|apache|rfi|ddos|spam|mail|ziyadnz|hourly,2026-08-17T18:48:05Z,2026-08-17T18:48:05Z,
108.62.62.206,ipv4,attack,high,WHITE,blocklist.de/all|blocklist.de/apache|blocklist.de/mail|ziyadnz/hourly-ipv4,blocklist.de|brute-force|apache|rfi|ddos|spam|mail|ziyadnz|hourly,2026-08-17T18:48:05Z,2026-08-17T18:48:05Z,
108.62.62.207,ipv4,attack,high,WHITE,blocklist.de/all|blocklist.de/apache|blocklist.de/mail|ziyadnz/hourly-ipv4,blocklist.de|brute-force|apache|rfi|ddos|spam|mail|ziyadnz|hourly,2026-08-17T18:48:05Z,2026-08-17T18:48:05Z,
108.62.62.208,ipv4,attack,high,WHITE,blocklist.de/all|blocklist.de/apache|blocklist.de/mail|ziyadnz/hourly-ipv4,blocklist.de|brute-force|apache|rfi|ddos|spam|mail|ziyadnz|hourly,2026-08-17T18:48:05Z,2026-08-17T18:48:05Z,
108.62.62.209,ipv4,attack,high,WHITE,blocklist.de/all|blocklist.de/apache|blocklist.de/mail|ziyadnz/hourly-ipv4,blocklist.de|brute-force|apache|rfi|ddos|spam|mail|ziyadnz|hourly,2026-08-17T18:48:05Z,2026-08-17T18:48:05Z,
108.62.62.210,ipv4,attack,high,WHITE,blocklist.de/all|blocklist.de/apache|blocklist.de/mail|ziyadnz/hourly-ipv4,blocklist.de|brute-force|apache|rfi|ddos|spam|mail|ziyadnz|hourly,2026-08-17T18:48:05Z,2026-08-17T18:48:05Z,
108.62.62.211,ipv4,attack,high,WHITE,blocklist.de/all|blocklist.de/apache|blocklist.de/mail|ziyadnz/hourly-ipv4,blocklist.de|brute-force|apache|rfi|ddos|spam|mail|ziyadnz|hourly,2026-08-17T18:48:05Z,2026-08-17T18:48:05Z,
108.62.62.212,ipv4,attack,high,WHITE,blocklist.de/all|blocklist.de/apache|blocklist.de/mail|ziyadnz/hourly-ipv4,blocklist.de|brute-force|apache|rfi|ddos|spam|mail|ziyadnz|hourly,2026-08-17T18:48:05Z,2026-08-17T18:48:05Z,
108.62.62.213,ipv4,attack,high,WHITE,blocklist.de/all|blocklist.de/apache|blocklist.de/mail|ziyadnz/hourly-ipv4,blocklist.de|brute-force|apache|rfi|ddos|spam|mail|ziyadnz|hourly,2026-08-17T18:48:05Z,2026-08-17T18:48:05Z,
108.62.62.214,ipv4,attack,high,WHITE,blocklist.de/all|blocklist.de/apache|blocklist.de/mail|ziyadnz/hourly-ipv4,blocklist.de|brute-force|apache|rfi|ddos|spam|mail|ziyadnz|hourly,2026-08-17T18:48:05Z,2026-08-17T18:48:05Z,
108.62.62.215,ipv4,attack,high,WHITE,blocklist.de/all|blocklist.de/apache|blocklist.de/mail|ziyadnz/hourly-ipv4,blocklist.de|brute-force|apache|rfi|ddos|spam|mail|ziyadnz|hourly,2026-08-17T18:48:05Z,2026-08-17T18:48:05Z,
108.62.62.216,ipv4,attack,high,WHITE,blocklist.de/all|blocklist.de/apache|blocklist.de/mail|ziyadnz/hourly-ipv4,blocklist.de|brute-force|apache|rfi|ddos|spam|mail|ziyadnz|hourly,2026-08-17T18:48:05Z,2026-08-17T18:48:05Z,
108.62.62.217,ipv4,attack,high,WHITE,blocklist.de/all|blocklist.de/apache|blocklist.de/mail|ziyadnz/hourly-ipv4,blocklist.de|brute-force|apache|rfi|ddos|spam|mail|ziyadnz|hourly,2026-08-17T18:48:05Z,2026-08-17T18:48:05Z,
108.62.62.218,ipv4,attack,high,WHITE,blocklist.de/all|blocklist.de/apache|blocklist.de/mail|ziyadnz/hourly-ipv4,blocklist.de|brute-force|apache|rfi|ddos|spam|mail|ziyadnz|hourly,2026-08-17T18:48:05Z,2026-08-17T18:48:05Z,
108.62.62.219,ipv4,attack,high,WHITE,blocklist.de/all|blocklist.de/apache|blocklist.de/mail|ziyadnz/hourly-ipv4,blocklist.de|brute-force|apache|rfi|ddos|spam|mail|ziyadnz|hourly,2026-08-17T18:48:05Z,2026-08-17T18:48:05Z,
108.62.62.220,ipv4,attack,high,WHITE,blocklist.de/all|blocklist.de/apache|blocklist.de/mail|ziyadnz/hourly-ipv4,blocklist.de|brute-force|apache|rfi|ddos|spam|mail|ziyadnz|hourly,2026-08-17T18:48:05Z,2026-08-17T18:48:05Z,
108.62.62.221,ipv4,attack,high,WHITE,blocklist.de/all|blocklist.de/apache|blocklist.de/mail|ziyadnz/hourly-ipv4,blocklist.de|brute-force|apache|rfi|ddos|spam|mail|ziyadnz|hourly,2026-08-17T18:48:05Z,2026-08-17T18:48:05Z,
108.62.62.222,ipv4,attack,high,WHITE,blocklist.de/all|blocklist.de/apache|blocklist.de/mail|ziyadnz/hourly-ipv4,blocklist.de|brute-force|apache|rfi|ddos|spam|mail|ziyadnz|hourly,2026-08-17T18:48:05Z,2026-08-17T18:48:05Z,
108.62.62.223,ipv4,attack,high,WHITE,blocklist.de/all|blocklist.de/apache|blocklist.de/mail|ziyadnz/hourly-ipv4,blocklist.de|brute-force|apache|rfi|ddos|spam|mail|ziyadnz|hourly,2026-08-17T18:48:05Z,2026-08-17T18:48:05Z,
108.62.62.224,ipv4,attack,high,WHITE,blocklist.de/all|blocklist.de/apache|blocklist.de/mail|ziyadnz/hourly-ipv4,blocklist.de|brute-force|apache|rfi|ddos|spam|mail|ziyadnz|hourly,2026-08-17T18:48:05Z,2026-08-17T18:48:05Z,
108.62.62.225,ipv4,attack,high,WHITE,blocklist.de/all|blocklist.de/apache|blocklist.de/mail|ziyadnz/hourly-ipv4,blocklist.de|brute-force|apache|rfi|ddos|spam|mail|ziyadnz|hourly,2026-08-17T18:48:05Z,2026-08-17T18:48:05Z,
108.62.62.226,ipv4,attack,high,WHITE,blocklist.de/all|blocklist.de/apache|blocklist.de/mail|ziyadnz/hourly-ipv4,blocklist.de|brute-force|apache|rfi|ddos|spam|mail|ziyadnz|hourly,2026-08-17T18:48:05Z,2026-08-17T18:48:05Z,
108.62.62.227,ipv4,attack,high,WHITE,blocklist.de/all|blocklist.de/apache|blocklist.de/mail|ziyadnz/hourly-ipv4,blocklist.de|brute-force|apache|rfi|ddos|spam|mail|ziyadnz|hourly,2026-08-17T18:48:05Z,2026-08-17T18:48:05Z,
108.62.62.228,ipv4,attack,high,WHITE,blocklist.de/all|blocklist.de/apache|blocklist.de/mail|ziyadnz/hourly-ipv4,blocklist.de|brute-force|apache|rfi|ddos|spam|mail|ziyadnz|hourly,2026-08-17T18:48:05Z,2026-08-17T18:48:05Z,
108.62.62.229,ipv4,attack,high,WHITE,blocklist.de/all|blocklist.de/apache|blocklist.de/mail|ziyadnz/hourly-ipv4,blocklist.de|brute-force|apache|rfi|ddos|spam|mail|ziyadnz|hourly,2026-08-17T18:48:05Z,2026-08-17T18:48:05Z,
108.62.62.230,ipv4,attack,high,WHITE,blocklist.de/all|blocklist.de/apache|blocklist.de/mail|ziyadnz/hourly-ipv4,blocklist.de|brute-force|apache|rfi|ddos|spam|mail|ziyadnz|hourly,2026-08-17T18:48:05Z,2026-08-17T18:48:05Z,
108.62.62.231,ipv4,attack,high,WHITE,blocklist.de/all|blocklist.de/apache|blocklist.de/mail|ziyadnz/hourly-ipv4,blocklist.de|brute-force|apache|rfi|ddos|spam|mail|ziyadnz|hourly,2026-08-17T18:48:05Z,2026-08-17T18:48:05Z,
108.62.62.232,ipv4,attack,high,WHITE,blocklist.de/all|blocklist.de/apache|blocklist.de/mail|ziyadnz/hourly-ipv4,blocklist.de|brute-force|apache|rfi|ddos|spam|mail|ziyadnz|hourly,2026-08-17T18:48:05Z,2026-08-17T18:48:05Z,
108.62.62.233,ipv4,attack,high,WHITE,blocklist.de/all|blocklist.de/apache|blocklist.de/mail|ziyadnz/hourly-ipv4,blocklist.de|brute-force|apache|rfi|ddos|spam|mail|ziyadnz|hourly,2026-08-17T18:48:05Z,2026-08-17T18:48:05Z,
108.62.62.234,ipv4,attack,high,WHITE,blocklist.de/all|blocklist.de/apache|blocklist.de/mail|ziyadnz/hourly-ipv4,blocklist.de|brute-force|apache|rfi|ddos|spam|mail|ziyadnz|hourly,2026-08-17T18:48:05Z,2026-08-17T18:48:05Z,
108.62.62.235,ipv4,attack,high,WHITE,blocklist.de/all|blocklist.de/apache|blocklist.de/mail|ziyadnz/hourly-ipv4,blocklist.de|brute-force|apache|rfi|ddos|spam|mail|ziyadnz|hourly,2026-08-17T18:48:05Z,2026-08-17T18:48:05Z,
108.62.62.236,ipv4,attack,high,WHITE,blocklist.de/all|blocklist.de/apache|blocklist.de/mail|ziyadnz/hourly-ipv4,blocklist.de|brute-force|apache|rfi|ddos|spam|mail|ziyadnz|hourly,2026-08-17T18:48:05Z,2026-08-17T18:48:05Z,
108.62.62.237,ipv4,attack,high,WHITE,blocklist.de/all|blocklist.de/apache|blocklist.de/mail|ziyadnz/hourly-ipv4,blocklist.de|brute-force|apache|rfi|ddos|spam|mail|ziyadnz|hourly,2026-08-17T18:48:05Z,2026-08-17T18:48:05Z,
108.62.62.238,ipv4,attack,high,WHITE,blocklist.de/all|blocklist.de/apache|blocklist.de/mail|ziyadnz/hourly-ipv4,blocklist.de|brute-force|apache|rfi|ddos|spam|mail|ziyadnz|hourly,2026-08-17T18:48:05Z,2026-08-17T18:48:05Z,
108.62.62.239,ipv4,attack,high,WHITE,blocklist.de/all|blocklist.de/apache|blocklist.de/mail|ziyadnz/hourly-ipv4,blocklist.de|brute-force|apache|rfi|ddos|spam|mail|ziyadnz|hourly,2026-08-17T18:48:05Z,2026-08-17T18:48:05Z,
108.62.62.240,ipv4,attack,high,WHITE,blocklist.de/all|blocklist.de/apache|blocklist.de/mail|ziyadnz/hourly-ipv4,blocklist.de|brute-force|apache|rfi|ddos|spam|mail|ziyadnz|hourly,2026-08-17T18:48:05Z,2026-08-17T18:48:05Z,
108.62.62.241,ipv4,attack,high,WHITE,blocklist.de/all|blocklist.de/apache|blocklist.de/mail|ziyadnz/hourly-ipv4,blocklist.de|brute-force|apache|rfi|ddos|spam|mail|ziyadnz|hourly,2026-08-17T18:48:05Z,2026-08-17T18:48:05Z,
108.62.62.242,ipv4,attack,high,WHITE,blocklist.de/all|blocklist.de/apache|blocklist.de/mail|ziyadnz/hourly-ipv4,blocklist.de|brute-force|apache|rfi|ddos|spam|mail|ziyadnz|hourly,2026-08-17T18:48:05Z,2026-08-17T18:48:05Z,
108.62.62.243,ipv4,attack,high,WHITE,blocklist.de/all|blocklist.de/apache|blocklist.de/mail|ziyadnz/hourly-ipv4,blocklist.de|brute-force|apache|rfi|ddos|spam|mail|ziyadnz|hourly,2026-08-17T18:48:05Z,2026-08-17T18:48:05Z,
108.62.62.244,ipv4,attack,high,WHITE,blocklist.de/all|blocklist.de/apache|blocklist.de/mail|ziyadnz/hourly-ipv4,blocklist.de|brute-force|apache|rfi|ddos|spam|mail|ziyadnz|hourly,2026-08-17T18:48:05Z,2026-08-17T18:48:05Z,
108.62.62.245,ipv4,attack,high,WHITE,blocklist.de/all|blocklist.de/apache|blocklist.de/mail|ziyadnz/hourly-ipv4,blocklist.de|brute-force|apache|rfi|ddos|spam|mail|ziyadnz|hourly,2026-08-17T18:48:05Z,2026-08-17T18:48:05Z,
108.62.62.246,ipv4,attack,high,WHITE,blocklist.de/all|blocklist.de/apache|blocklist.de/mail|ziyadnz/hourly-ipv4,blocklist.de|brute-force|apache|rfi|ddos|spam|mail|ziyadnz|hourly,2026-08-17T18:48:05Z,2026-08-17T18:48:05Z,
108.62.62.247,ipv4,attack,high,WHITE,blocklist.de/all|blocklist.de/apache|blocklist.de/mail|ziyadnz/hourly-ipv4,blocklist.de|brute-force|apache|rfi|ddos|spam|mail|ziyadnz|hourly,2026-08-17T18:48:05Z,2026-08-17T18:48:05Z,
108.62.62.248,ipv4,attack,high,WHITE,blocklist.de/all|blocklist.de/apache|blocklist.de/mail|ziyadnz/hourly-ipv4,blocklist.de|brute-force|apache|rfi|ddos|spam|mail|ziyadnz|hourly,2026-08-17T18:48:05Z,2026-08-17T18:48:05Z,
108.62.62.249,ipv4,attack,high,WHITE,blocklist.de/all|blocklist.de/apache|blocklist.de/mail|ziyadnz/hourly-ipv4,blocklist.de|brute-force|apache|rfi|ddos|spam|mail|ziyadnz|hourly,2026-08-17T18:48:05Z,2026-08-17T18:48:05Z,
108.62.62.250,ipv4,attack,high,WHITE,blocklist.de/all|blocklist.de/apache|blocklist.de/mail|ziyadnz/hourly-ipv4,blocklist.de|brute-force|apache|rfi|ddos|spam|mail|ziyadnz|hourly,2026-08-17T18:48:05Z,2026-08-17T18:48:05Z,
108.62.62.251,ipv4,attack,high,WHITE,blocklist.de/all|blocklist.de/apache|blocklist.de/mail|ziyadnz/hourly-ipv4,blocklist.de|brute-force|apache|rfi|ddos|spam|mail|ziyadnz|hourly,2026-08-17T18:48:05Z,2026-08-17T18:48:05Z,
108.62.62.252,ipv4,attack,high,WHITE,blocklist.de/all|blocklist.de/apache|blocklist.de/mail|ziyadnz/hourly-ipv4,blocklist.de|brute-force|apache|rfi|ddos|spam|mail|ziyadnz|hourly,2026-08-17T18:48:05Z,2026-08-17T18:48:05Z,
108.62.62.253,ipv4,attack,high,WHITE,blocklist.de/all|blocklist.de/apache|blocklist.de/mail|ziyadnz/hourly-ipv4,blocklist.de|brute-force|apache|rfi|ddos|spam|mail|ziyadnz|hourly,2026-08-17T18:48:05Z,2026-08-17T18:48:05Z,
108.62.62.254,ipv4,attack,high,WHITE,blocklist.de/all|blocklist.de/apache|blocklist.de/mail|ziyadnz/hourly-ipv4,blocklist.de|brute-force|apache|rfi|ddos|spam|mail|ziyadnz|hourly,2026-08-17T18:48:05Z,2026-08-17T18:48:05Z,
108.62.62.255,ipv4,attack,high,WHITE,blocklist.de/all|blocklist.de/apache|blocklist.de/mail|ziyadnz/hourly-ipv4,blocklist.de|brute-force|apache|rfi|ddos|spam|mail|ziyadnz|hourly,2026-08-17T18:48:05Z,2026-08-17T18:48:05Z,
108.62.63.0,ipv4,attack,high,WHITE,blocklist.de/all|blocklist.de/apache|blocklist.de/mail|ziyadnz/hourly-ipv4,blocklist.de|brute-force|apache|rfi|ddos|spam|mail|ziyadnz|hourly,2026-08-17T18:48:05Z,2026-08-17T18:48:05Z,
108.62.63.1,ipv4,attack,high,WHITE,blocklist.de/all|blocklist.de/apache|blocklist.de/mail|ziyadnz/hourly-ipv4,blocklist.de|brute-force|apache|rfi|ddos|spam|mail|ziyadnz|hourly,2026-08-17T18:48:05Z,2026-08-17T18:48:05Z,
108.62.63.2,ipv4,attack,high,WHITE,blocklist.de/all|blocklist.de/apache|blocklist.de/mail|ziyadnz/hourly-ipv4,blocklist.de|brute-force|apache|rfi|ddos|spam|mail|ziyadnz|hourly,2026-08-17T18:48:05Z,2026-08-17T18:48:05Z,
108.62.63.3,ipv4,attack,high,WHITE,blocklist.de/all|blocklist.de/apache|blocklist.de/mail|ziyadnz/hourly-ipv4,blocklist.de|brute-force|apache|rfi|ddos|spam|mail|ziyadnz|hourly,2026-08-17T18:48:05Z,2026-08-17T18:48:05Z,
108.62.63.4,ipv4,attack,high,WHITE,blocklist.de/all|blocklist.de/apache|blocklist.de/mail|ziyadnz/hourly-ipv4,blocklist.de|brute-force|apache|rfi|ddos|spam|mail|ziyadnz|hourly,2026-08-17T18:48:05Z,2026-08-17T18:48:05Z,
108.62.63.5,ipv4,attack,high,WHITE,blocklist.de/all|blocklist.de/apache|blocklist.de/mail|ziyadnz/hourly-ipv4,blocklist.de|brute-force|apache|rfi|ddos|spam|mail|ziyadnz|hourly,2026-08-17T18:48:05Z,2026-08-17T18:48:05Z,
108.62.63.6,ipv4,attack,high,WHITE,blocklist.de/all|blocklist.de/apache|blocklist.de/mail|ziyadnz/hourly-ipv4,blocklist.de|brute-force|apache|rfi|ddos|spam|mail|ziyadnz|hourly,2026-08-17T18:48:05Z,2026-08-17T18:48:05Z,
108.62.63.7,ipv4,attack,high,WHITE,blocklist.de/all|blocklist.de/apache|blocklist.de/mail|ziyadnz/hourly-ipv4,blocklist.de|brute-force|apache|rfi|ddos|spam|mail|ziyadnz|hourly,2026-08-17T18:48:05Z,2026-08-17T18:48:05Z,
108.62.63.8,ipv4,attack,high,WHITE,blocklist.de/all|blocklist.de/apache|blocklist.de/mail|ziyadnz/hourly-ipv4,blocklist.de|brute-force|apache|rfi|ddos|spam|mail|ziyadnz|hourly,2026-08-17T18:48:05Z,2026-08-17T18:48:05Z,
108.62.63.9,ipv4,attack,high,WHITE,blocklist.de/all|blocklist.de/apache|blocklist.de/mail|ziyadnz/hourly-ipv4,blocklist.de|brute-force|apache|rfi|ddos|spam|mail|ziyadnz|hourly,2026-08-17T18:48:05Z,2026-08-17T18:48:05Z,
108.62.63.10,ipv4,attack,high,WHITE,blocklist.de/all|blocklist.de/apache|blocklist.de/mail|ziyadnz/hourly-ipv4,blocklist.de|brute-force|apache|rfi|ddos|spam|mail|ziyadnz|hourly,2026-08-17T18:48:05Z,2026-08-17T18:48:05Z,
108.62.63.11,ipv4,attack,high,WHITE,blocklist.de/all|blocklist.de/apache|blocklist.de/mail|ziyadnz/hourly-ipv4,blocklist.de|brute-force|apache|rfi|ddos|spam|mail|ziyadnz|hourly,2026-08-17T18:48:05Z,2026-08-17T18:48:05Z,
108.62.63.12,ipv4,attack,high,WHITE,blocklist.de/all|blocklist.de/apache|blocklist.de/mail|ziyadnz/hourly-ipv4,blocklist.de|brute-force|apache|rfi|ddos|spam|mail|ziyadnz|hourly,2026-08-17T18:48:05Z,2026-08-17T18:48:05Z,
108.62.63.13,ipv4,attack,high,WHITE,blocklist.de/all|blocklist.de/apache|blocklist.de/mail|ziyadnz/hourly-ipv4,blocklist.de|brute-force|apache|rfi|ddos|spam|mail|ziyadnz|hourly,2026-08-17T18:48:05Z,2026-08-17T18:48:05Z,
108.62.63.14,ipv4,attack,high,WHITE,blocklist.de/all|blocklist.de/apache|blocklist.de/mail|ziyadnz/hourly-ipv4,blocklist.de|brute-force|apache|rfi|ddos|spam|mail|ziyadnz|hourly,2026-08-17T18:48:05Z,2026-08-17T18:48:05Z,
108.62.63.15,ipv4,attack,high,WHITE,blocklist.de/all|blocklist.de/apache|blocklist.de/mail|ziyadnz/hourly-ipv4,blocklist.de|brute-force|apache|rfi|ddos|spam|mail|ziyadnz|hourly,2026-08-17T18:48:05Z,2026-08-17T18:48:05Z,
108.62.63.16,ipv4,attack,high,WHITE,blocklist.de/all|blocklist.de/apache|blocklist.de/mail|ziyadnz/hourly-ipv4,blocklist.de|brute-force|apache|rfi|ddos|spam|mail|ziyadnz|hourly,2026-08-17T18:48:05Z,2026-08-17T18:48:05Z,
108.62.63.17,ipv4,attack,high,WHITE,blocklist.de/all|blocklist.de/apache|blocklist.de/mail|ziyadnz/hourly-ipv4,blocklist.de|brute-force|apache|rfi|ddos|spam|mail|ziyadnz|hourly,2026-08-17T18:48:05Z,2026-08-17T18:48:05Z,
108.62.63.18,ipv4,attack,high,WHITE,blocklist.de/all|blocklist.de/apache|blocklist.de/mail|ziyadnz/hourly-ipv4,blocklist.de|brute-force|apache|rfi|ddos|spam|mail|ziyadnz|hourly,2026-08-17T18:48:05Z,2026-08-17T18:48:05Z,
108.62.63.19,ipv4,attack,high,WHITE,blocklist.de/all|blocklist.de/apache|blocklist.de/mail|ziyadnz/hourly-ipv4,blocklist.de|brute-force|apache|rfi|ddos|spam|mail|ziyadnz|hourly,2026-08-17T18:48:05Z,2026-08-17T18:48:05Z,
108.62.63.20,ipv4,attack,high,WHITE,blocklist.de/all|blocklist.de/apache|blocklist.de/mail|ziyadnz/hourly-ipv4,blocklist.de|brute-force|apache|rfi|ddos|spam|mail|ziyadnz|hourly,2026-08-17T18:48:05Z,2026-08-17T18:48:05Z,
108.62.63.21,ipv4,attack,high,WHITE,blocklist.de/all|blocklist.de/apache|blocklist.de/mail|ziyadnz/hourly-ipv4,blocklist.de|brute-force|apache|rfi|ddos|spam|mail|ziyadnz|hourly,2026-08-17T18:48:05Z,2026-08-17T18:48:05Z,
108.62.63.22,ipv4,attack,high,WHITE,blocklist.de/all|blocklist.de/apache|blocklist.de/mail|ziyadnz/hourly-ipv4,blocklist.de|brute-force|apache|rfi|ddos|spam|mail|ziyadnz|hourly,2026-08-17T18:48:05Z,2026-08-17T18:48:05Z,
108.62.63.23,ipv4,attack,high,WHITE,blocklist.de/all|blocklist.de/apache|blocklist.de/mail|ziyadnz/hourly-ipv4,blocklist.de|brute-force|apache|rfi|ddos|spam|mail|ziyadnz|hourly,2026-08-17T18:48:05Z,2026-08-17T18:48:05Z,
108.62.63.24,ipv4,attack,high,WHITE,blocklist.de/all|blocklist.de/apache|blocklist.de/mail|ziyadnz/hourly-ipv4,blocklist.de|brute-force|apache|rfi|ddos|spam|mail|ziyadnz|hourly,2026-08-17T18:48:05Z,2026-08-17T18:48:05Z,
108.62.63.25,ipv4,attack,high,WHITE,blocklist.de/all|blocklist.de/apache|blocklist.de/mail|ziyadnz/hourly-ipv4,blocklist.de|brute-force|apache|rfi|ddos|spam|mail|ziyadnz|hourly,2026-08-17T18:48:05Z,2026-08-17T18:48:05Z,
108.62.63.26,ipv4,attack,high,WHITE,blocklist.de/all|blocklist.de/apache|blocklist.de/mail|ziyadnz/hourly-ipv4,blocklist.de|brute-force|apache|rfi|ddos|spam|mail|ziyadnz|hourly,2026-08-17T18:48:05Z,2026-08-17T18:48:05Z,
108.62.63.27,ipv4,attack,high,WHITE,blocklist.de/all|blocklist.de/apache|blocklist.de/mail|ziyadnz/hourly-ipv4,blocklist.de|brute-force|apache|rfi|ddos|spam|mail|ziyadnz|hourly,2026-08-17T18:48:05Z,2026-08-17T18:48:05Z,
108.62.63.28,ipv4,attack,high,WHITE,blocklist.de/all|blocklist.de/apache|blocklist.de/mail|ziyadnz/hourly-ipv4,blocklist.de|brute-force|apache|rfi|ddos|spam|mail|ziyadnz|hourly,2026-08-17T18:48:05Z,2026-08-17T18:48:05Z,
108.62.63.29,ipv4,attack,high,WHITE,blocklist.de/all|blocklist.de/apache|blocklist.de/mail|ziyadnz/hourly-ipv4,blocklist.de|brute-force|apache|rfi|ddos|spam|mail|ziyadnz|hourly,2026-08-17T18:48:05Z,2026-08-17T18:48:05Z,
108.62.63.30,ipv4,attack,high,WHITE,blocklist.de/all|blocklist.de/apache|blocklist.de/mail|ziyadnz/hourly-ipv4,blocklist.de|brute-force|apache|rfi|ddos|spam|mail|ziyadnz|hourly,2026-08-17T18:48:05Z,2026-08-17T18:48:05Z,
108.62.63.31,ipv4,attack,high,WHITE,blocklist.de/all|blocklist.de/apache|blocklist.de/mail|ziyadnz/hourly-ipv4,blocklist.de|brute-force|apache|rfi|ddos|spam|mail|ziyadnz|hourly,2026-08-17T18:48:05Z,2026-08-17T18:48:05Z,
108.62.63.32,ipv4,attack,high,WHITE,blocklist.de/all|blocklist.de/apache|blocklist.de/mail|ziyadnz/hourly-ipv4,blocklist.de|brute-force|apache|rfi|ddos|spam|mail|ziyadnz|hourly,2026-08-17T18:48:05Z,2026-08-17T18:48:05Z,
108.62.63.33,ipv4,attack,high,WHITE,blocklist.de/all|blocklist.de/apache|blocklist.de/mail|ziyadnz/hourly-ipv4,blocklist.de|brute-force|apache|rfi|ddos|spam|mail|ziyadnz|hourly,2026-08-17T18:48:05Z,2026-08-17T18:48:05Z,
108.62.63.34,ipv4,attack,high,WHITE,blocklist.de/all|blocklist.de/apache|blocklist.de/mail|ziyadnz/hourly-ipv4,blocklist.de|brute-force|apache|rfi|ddos|spam|mail|ziyadnz|hourly,2026-08-17T18:48:05Z,2026-08-17T18:48:05Z,
108.62.63.35,ipv4,attack,high,WHITE,blocklist.de/all|blocklist.de/apache|blocklist.de/mail|ziyadnz/hourly-ipv4,blocklist.de|brute-force|apache|rfi|ddos|spam|mail|ziyadnz|hourly,2026-08-17T18:48:05Z,2026-08-17T18:48:05Z,
108.62.63.36,ipv4,attack,high,WHITE,blocklist.de/all|blocklist.de/apache|blocklist.de/mail|ziyadnz/hourly-ipv4,blocklist.de|brute-force|apache|rfi|ddos|spam|mail|ziyadnz|hourly,2026-08-17T18:48:05Z,2026-08-17T18:48:05Z,
108.62.63.37,ipv4,attack,high,WHITE,blocklist.de/all|blocklist.de/apache|blocklist.de/mail|ziyadnz/hourly-ipv4,blocklist.de|brute-force|apache|rfi|ddos|spam|mail|ziyadnz|hourly,2026-08-17T18:48:05Z,2026-08-17T18:48:05Z,
108.62.63.38,ipv4,attack,high,WHITE,blocklist.de/all|blocklist.de/apache|blocklist.de/mail|ziyadnz/hourly-ipv4,blocklist.de|brute-force|apache|rfi|ddos|spam|mail|ziyadnz|hourly,2026-08-17T18:48:05Z,2026-08-17T18:48:05Z,
108.62.63.39,ipv4,attack,high,WHITE,blocklist.de/all|blocklist.de/apache|blocklist.de/mail|ziyadnz/hourly-ipv4,blocklist.de|brute-force|apache|rfi|ddos|spam|mail|ziyadnz|hourly,2026-08-17T18:48:05Z,2026-08-17T18:48:05Z,
108.62.63.40,ipv4,attack,high,WHITE,blocklist.de/all|blocklist.de/apache|blocklist.de/mail|ziyadnz/hourly-ipv4,blocklist.de|brute-force|apache|rfi|ddos|spam|mail|ziyadnz|hourly,2026-08-17T18:48:05Z,2026-08-17T18:48:05Z,
108.62.63.41,ipv4,attack,high,WHITE,blocklist.de/all|blocklist.de/apache|blocklist.de/mail|ziyadnz/hourly-ipv4,blocklist.de|brute-force|apache|rfi|ddos|spam|mail|ziyadnz|hourly,2026-08-17T18:48:05Z,2026-08-17T18:48:05Z,
108.62.63.42,ipv4,attack,high,WHITE,blocklist.de/all|blocklist.de/apache|blocklist.de/mail|ziyadnz/hourly-ipv4,blocklist.de|brute-force|apache|rfi|ddos|spam|mail|ziyadnz|hourly,2026-08-17T18:48:05Z,2026-08-17T18:48:05Z,
108.62.63.43,ipv4,attack,high,WHITE,blocklist.de/all|blocklist.de/apache|blocklist.de/mail|ziyadnz/hourly-ipv4,blocklist.de|brute-force|apache|rfi|ddos|spam|mail|ziyadnz|hourly,2026-08-17T18:48:05Z,2026-08-17T18:48:05Z,
108.62.63.44,ipv4,attack,high,WHITE,blocklist.de/all|blocklist.de/apache|blocklist.de/mail|ziyadnz/hourly-ipv4,blocklist.de|brute-force|apache|rfi|ddos|spam|mail|ziyadnz|hourly,2026-08-17T18:48:05Z,2026-08-17T18:48:05Z,
108.62.63.45,ipv4,attack,high,WHITE,blocklist.de/all|blocklist.de/apache|blocklist.de/mail|ziyadnz/hourly-ipv4,blocklist.de|brute-force|apache|rfi|ddos|spam|mail|ziyadnz|hourly,2026-08-17T18:48:05Z,2026-08-17T18:48:05Z,
108.62.63.46,ipv4,attack,high,WHITE,blocklist.de/all|blocklist.de/apache|blocklist.de/mail|ziyadnz/hourly-ipv4,blocklist.de|brute-force|apache|rfi|ddos|spam|mail|ziyadnz|hourly,2026-08-17T18:48:05Z,2026-08-17T18:48:05Z,
108.62.63.47,ipv4,attack,high,WHITE,blocklist.de/all|blocklist.de/apache|blocklist.de/mail|ziyadnz/hourly-ipv4,blocklist.de|brute-force|apache|rfi|ddos|spam|mail|ziyadnz|hourly,2026-08-17T18:48:05Z,2026-08-17T18:48:05Z,
108.62.63.48,ipv4,attack,high,WHITE,blocklist.de/all|blocklist.de/apache|blocklist.de/mail|ziyadnz/hourly-ipv4,blocklist.de|brute-force|apache|rfi|ddos|spam|mail|ziyadnz|hourly,2026-08-17T18:48:05Z,2026-08-17T18:48:05Z,
108.62.63.49,ipv4,attack,high,WHITE,blocklist.de/all|blocklist.de/apache|blocklist.de/mail|ziyadnz/hourly-ipv4,blocklist.de|brute-force|apache|rfi|ddos|spam|mail|ziyadnz|hourly,2026-08-17T18:48:05Z,2026-08-17T18:48:05Z,
108.62.63.50,ipv4,attack,high,WHITE,blocklist.de/all|blocklist.de/apache|blocklist.de/mail|ziyadnz/hourly-ipv4,blocklist.de|brute-force|apache|rfi|ddos|spam|mail|ziyadnz|hourly,2026-08-17T18:48:05Z,2026-08-17T18:48:05Z,
108.62.63.51,ipv4,attack,high,WHITE,blocklist.de/all|blocklist.de/apache|blocklist.de/mail|ziyadnz/hourly-ipv4,blocklist.de|brute-force|apache|rfi|ddos|spam|mail|ziyadnz|hourly,2026-08-17T18:48:05Z,2026-08-17T18:48:05Z,
108.62.63.52,ipv4,attack,high,WHITE,blocklist.de/all|blocklist.de/apache|blocklist.de/mail|ziyadnz/hourly-ipv4,blocklist.de|brute-force|apache|rfi|ddos|spam|mail|ziyadnz|hourly,2026-08-17T18:48:05Z,2026-08-17T18:48:05Z,
108.62.63.53,ipv4,attack,high,WHITE,blocklist.de/all|blocklist.de/apache|blocklist.de/mail|ziyadnz/hourly-ipv4,blocklist.de|brute-force|apache|rfi|ddos|spam|mail|ziyadnz|hourly,2026-08-17T18:48:05Z,2026-08-17T18:48:05Z,
108.62.63.54,ipv4,attack,high,WHITE,blocklist.de/all|blocklist.de/apache|blocklist.de/mail|ziyadnz/hourly-ipv4,blocklist.de|brute-force|apache|rfi|ddos|spam|mail|ziyadnz|hourly,2026-08-17T18:48:05Z,2026-08-17T18:48:05Z,
108.62.63.55,ipv4,attack,high,WHITE,blocklist.de/all|blocklist.de/apache|blocklist.de/mail|ziyadnz/hourly-ipv4,blocklist.de|brute-force|apache|rfi|ddos|spam|mail|ziyadnz|hourly,2026-08-17T18:48:05Z,2026-08-17T18:48:05Z,
108.62.63.56,ipv4,attack,high,WHITE,blocklist.de/all|blocklist.de/apache|blocklist.de/mail|ziyadnz/hourly-ipv4,blocklist.de|brute-force|apache|rfi|ddos|spam|mail|ziyadnz|hourly,2026-08-17T18:48:05Z,2026-08-17T18:48:05Z,
108.62.63.57,ipv4,attack,high,WHITE,blocklist.de/all|blocklist.de/apache|blocklist.de/mail|ziyadnz/hourly-ipv4,blocklist.de|brute-force|apache|rfi|ddos|spam|mail|ziyadnz|hourly,2026-08-17T18:48:05Z,2026-08-17T18:48:05Z,
108.62.63.58,ipv4,attack,high,WHITE,blocklist.de/all|blocklist.de/apache|blocklist.de/mail|ziyadnz/hourly-ipv4,blocklist.de|brute-force|apache|rfi|ddos|spam|mail|ziyadnz|hourly,2026-08-17T18:48:05Z,2026-08-17T18:48:05Z,
108.62.63.59,ipv4,attack,high,WHITE,blocklist.de/all|blocklist.de/apache|blocklist.de/mail|ziyadnz/hourly-ipv4,blocklist.de|brute-force|apache|rfi|ddos|spam|mail|ziyadnz|hourly,2026-08-17T18:48:05Z,2026-08-17T18:48:05Z,
108.62.63.60,ipv4,attack,high,WHITE,blocklist.de/all|blocklist.de/apache|blocklist.de/mail|ziyadnz/hourly-ipv4,blocklist.de|brute-force|apache|rfi|ddos|spam|mail|ziyadnz|hourly,2026-08-17T18:48:05Z,2026-08-17T18:48:05Z,
108.62.63.61,ipv4,attack,high,WHITE,blocklist.de/all|blocklist.de/apache|blocklist.de/mail|ziyadnz/hourly-ipv4,blocklist.de|brute-force|apache|rfi|ddos|spam|mail|ziyadnz|hourly,2026-08-17T18:48:05Z,2026-08-17T18:48:05Z,
108.62.63.62,ipv4,attack,high,WHITE,blocklist.de/all|blocklist.de/apache|blocklist.de/mail|ziyadnz/hourly-ipv4,blocklist.de|brute-force|apache|rfi|ddos|spam|mail|ziyadnz|hourly,2026-08-17T18:48:05Z,2026-08-17T18:48:05Z,
108.62.63.63,ipv4,attack,high,WHITE,blocklist.de/all|blocklist.de/apache|blocklist.de/mail|ziyadnz/hourly-ipv4,blocklist.de|brute-force|apache|rfi|ddos|spam|mail|ziyadnz|hourly,2026-08-17T18:48:05Z,2026-08-17T18:48:05Z,
108.62.63.64,ipv4,attack,high,WHITE,blocklist.de/all|blocklist.de/apache|blocklist.de/mail|ziyadnz/hourly-ipv4,blocklist.de|brute-force|apache|rfi|ddos|spam|mail|ziyadnz|hourly,2026-08-17T18:48:05Z,2026-08-17T18:48:05Z,
108.62.63.65,ipv4,attack,high,WHITE,blocklist.de/all|blocklist.de/apache|blocklist.de/mail|ziyadnz/hourly-ipv4,blocklist.de|brute-force|apache|rfi|ddos|spam|mail|ziyadnz|hourly,2026-08-17T18:48:05Z,2026-08-17T18:48:05Z,
108.62.63.66,ipv4,attack,high,WHITE,blocklist.de/all|blocklist.de/apache|blocklist.de/mail|ziyadnz/hourly-ipv4,blocklist.de|brute-force|apache|rfi|ddos|spam|mail|ziyadnz|hourly,2026-08-17T18:48:05Z,2026-08-17T18:48:05Z,
108.62.63.67,ipv4,attack,high,WHITE,blocklist.de/all|blocklist.de/apache|blocklist.de/mail|ziyadnz/hourly-ipv4,blocklist.de|brute-force|apache|rfi|ddos|spam|mail|ziyadnz|hourly,2026-08-17T18:48:05Z,2026-08-17T18:48:05Z,
108.62.63.68,ipv4,attack,high,WHITE,blocklist.de/all|blocklist.de/apache|blocklist.de/mail|ziyadnz/hourly-ipv4,blocklist.de|brute-force|apache|rfi|ddos|spam|mail|ziyadnz|hourly,2026-08-17T18:48:05Z,2026-08-17T18:48:05Z,
108.62.63.69,ipv4,attack,high,WHITE,blocklist.de/all|blocklist.de/apache|blocklist.de/mail|ziyadnz/hourly-ipv4,blocklist.de|brute-force|apache|rfi|ddos|spam|mail|ziyadnz|hourly,2026-08-17T18:48:05Z,2026-08-17T18:48:05Z,
108.62.63.70,ipv4,attack,high,WHITE,blocklist.de/all|blocklist.de/apache|blocklist.de/mail|ziyadnz/hourly-ipv4,blocklist.de|brute-force|apache|rfi|ddos|spam|mail|ziyadnz|hourly,2026-08-17T18:48:05Z,2026-08-17T18:48:05Z,
108.62.63.71,ipv4,attack,high,WHITE,blocklist.de/all|blocklist.de/apache|blocklist.de/mail|ziyadnz/hourly-ipv4,blocklist.de|brute-force|apache|rfi|ddos|spam|mail|ziyadnz|hourly,2026-08-17T18:48:05Z,2026-08-17T18:48:05Z,
108.62.63.72,ipv4,attack,high,WHITE,blocklist.de/all|blocklist.de/apache|blocklist.de/mail|ziyadnz/hourly-ipv4,blocklist.de|brute-force|apache|rfi|ddos|spam|mail|ziyadnz|hourly,2026-08-17T18:48:05Z,2026-08-17T18:48:05Z,
108.62.63.73,ipv4,attack,high,WHITE,blocklist.de/all|blocklist.de/apache|blocklist.de/mail|ziyadnz/hourly-ipv4,blocklist.de|brute-force|apache|rfi|ddos|spam|mail|ziyadnz|hourly,2026-08-17T18:48:05Z,2026-08-17T18:48:05Z,
108.62.63.74,ipv4,attack,high,WHITE,blocklist.de/all|blocklist.de/apache|blocklist.de/mail|ziyadnz/hourly-ipv4,blocklist.de|brute-force|apache|rfi|ddos|spam|mail|ziyadnz|hourly,2026-08-17T18:48:05Z,2026-08-17T18:48:05Z,
108.62.63.75,ipv4,attack,high,WHITE,blocklist.de/all|blocklist.de/apache|blocklist.de/mail|ziyadnz/hourly-ipv4,blocklist.de|brute-force|apache|rfi|ddos|spam|mail|ziyadnz|hourly,2026-08-17T18:48:05Z,2026-08-17T18:48:05Z,
108.62.63.76,ipv4,attack,high,WHITE,blocklist.de/all|blocklist.de/apache|blocklist.de/mail|ziyadnz/hourly-ipv4,blocklist.de|brute-force|apache|rfi|ddos|spam|mail|ziyadnz|hourly,2026-08-17T18:48:05Z,2026-08-17T18:48:05Z,
108.62.63.77,ipv4,attack,high,WHITE,blocklist.de/all|blocklist.de/apache|blocklist.de/mail|ziyadnz/hourly-ipv4,blocklist.de|brute-force|apache|rfi|ddos|spam|mail|ziyadnz|hourly,2026-08-17T18:48:05Z,2026-08-17T18:48:05Z,
108.62.63.78,ipv4,attack,high,WHITE,blocklist.de/all|blocklist.de/apache|blocklist.de/mail|ziyadnz/hourly-ipv4,blocklist.de|brute-force|apache|rfi|ddos|spam|mail|ziyadnz|hourly,2026-08-17T18:48:05Z,2026-08-17T18:48:05Z,
108.62.63.79,ipv4,attack,high,WHITE,blocklist.de/all|blocklist.de/apache|blocklist.de/mail|ziyadnz/hourly-ipv4,blocklist.de|brute-force|apache|rfi|ddos|spam|mail|ziyadnz|hourly,2026-08-17T18:48:05Z,2026-08-17T18:48:05Z,
108.62.63.80,ipv4,attack,high,WHITE,blocklist.de/all|blocklist.de/apache|blocklist.de/mail|ziyadnz/hourly-ipv4,blocklist.de|brute-force|apache|rfi|ddos|spam|mail|ziyadnz|hourly,2026-08-17T18:48:05Z,2026-08-17T18:48:05Z,
108.62.63.81,ipv4,attack,high,WHITE,blocklist.de/all|blocklist.de/apache|blocklist.de/mail|ziyadnz/hourly-ipv4,blocklist.de|brute-force|apache|rfi|ddos|spam|mail|ziyadnz|hourly,2026-08-17T18:48:05Z,2026-08-17T18:48:05Z,
108.62.63.82,ipv4,attack,high,WHITE,blocklist.de/all|blocklist.de/apache|blocklist.de/mail|ziyadnz/hourly-ipv4,blocklist.de|brute-force|apache|rfi|ddos|spam|mail|ziyadnz|hourly,2026-08-17T18:48:05Z,2026-08-17T18:48:05Z,
108.62.63.83,ipv4,attack,high,WHITE,blocklist.de/all|blocklist.de/apache|blocklist.de/mail|ziyadnz/hourly-ipv4,blocklist.de|brute-force|apache|rfi|ddos|spam|mail|ziyadnz|hourly,2026-08-17T18:48:05Z,2026-08-17T18:48:05Z,
108.62.63.84,ipv4,attack,high,WHITE,blocklist.de/all|blocklist.de/apache|blocklist.de/mail|ziyadnz/hourly-ipv4,blocklist.de|brute-force|apache|rfi|ddos|spam|mail|ziyadnz|hourly,2026-08-17T18:48:05Z,2026-08-17T18:48:05Z,
108.62.63.85,ipv4,attack,high,WHITE,blocklist.de/all|blocklist.de/apache|blocklist.de/mail|ziyadnz/hourly-ipv4,blocklist.de|brute-force|apache|rfi|ddos|spam|mail|ziyadnz|hourly,2026-08-17T18:48:05Z,2026-08-17T18:48:05Z,
108.62.63.86,ipv4,attack,high,WHITE,blocklist.de/all|blocklist.de/apache|blocklist.de/mail|ziyadnz/hourly-ipv4,blocklist.de|brute-force|apache|rfi|ddos|spam|mail|ziyadnz|hourly,2026-08-17T18:48:05Z,2026-08-17T18:48:05Z,
108.62.63.87,ipv4,attack,high,WHITE,blocklist.de/all|blocklist.de/apache|blocklist.de/mail|ziyadnz/hourly-ipv4,blocklist.de|brute-force|apache|rfi|ddos|spam|mail|ziyadnz|hourly,2026-08-17T18:48:05Z,2026-08-17T18:48:05Z,
108.62.63.88,ipv4,attack,high,WHITE,blocklist.de/all|blocklist.de/apache|blocklist.de/mail|ziyadnz/hourly-ipv4,blocklist.de|brute-force|apache|rfi|ddos|spam|mail|ziyadnz|hourly,2026-08-17T18:48:05Z,2026-08-17T18:48:05Z,
108.62.63.89,ipv4,attack,high,WHITE,blocklist.de/all|blocklist.de/apache|blocklist.de/mail|ziyadnz/hourly-ipv4,blocklist.de|brute-force|apache|rfi|ddos|spam|mail|ziyadnz|hourly,2026-08-17T18:48:05Z,2026-08-17T18:48:05Z,
108.62.63.90,ipv4,attack,high,WHITE,blocklist.de/all|blocklist.de/apache|blocklist.de/mail|ziyadnz/hourly-ipv4,blocklist.de|brute-force|apache|rfi|ddos|spam|mail|ziyadnz|hourly,2026-08-17T18:48:05Z,2026-08-17T18:48:05Z,
108.62.63.91,ipv4,attack,high,WHITE,blocklist.de/all|blocklist.de/apache|blocklist.de/mail|ziyadnz/hourly-ipv4,blocklist.de|brute-force|apache|rfi|ddos|spam|mail|ziyadnz|hourly,2026-08-17T18:48:05Z,2026-08-17T18:48:05Z,
108.62.63.92,ipv4,attack,high,WHITE,blocklist.de/all|blocklist.de/apache|blocklist.de/mail|ziyadnz/hourly-ipv4,blocklist.de|brute-force|apache|rfi|ddos|spam|mail|ziyadnz|hourly,2026-08-17T18:48:05Z,2026-08-17T18:48:05Z,
108.62.63.93,ipv4,attack,high,WHITE,blocklist.de/all|blocklist.de/apache|blocklist.de/mail|ziyadnz/hourly-ipv4,blocklist.de|brute-force|apache|rfi|ddos|spam|mail|ziyadnz|hourly,2026-08-17T18:48:05Z,2026-08-17T18:48:05Z,
108.62.63.94,ipv4,attack,high,WHITE,blocklist.de/all|blocklist.de/apache|blocklist.de/mail|ziyadnz/hourly-ipv4,blocklist.de|brute-force|apache|rfi|ddos|spam|mail|ziyadnz|hourly,2026-08-17T18:48:05Z,2026-08-17T18:48:05Z,
108.62.63.95,ipv4,attack,high,WHITE,blocklist.de/all|blocklist.de/apache|blocklist.de/mail|ziyadnz/hourly-ipv4,blocklist.de|brute-force|apache|rfi|ddos|spam|mail|ziyadnz|hourly,2026-08-17T18:48:05Z,2026-08-17T18:48:05Z,
108.62.63.96,ipv4,attack,high,WHITE,blocklist.de/all|blocklist.de/apache|blocklist.de/mail|ziyadnz/hourly-ipv4,blocklist.de|brute-force|apache|rfi|ddos|spam|mail|ziyadnz|hourly,2026-08-17T18:48:05Z,2026-08-17T18:48:05Z,
108.62.63.97,ipv4,attack,high,WHITE,blocklist.de/all|blocklist.de/apache|blocklist.de/mail|ziyadnz/hourly-ipv4,blocklist.de|brute-force|apache|rfi|ddos|spam|mail|ziyadnz|hourly,2026-08-17T18:48:05Z,2026-08-17T18:48:05Z,
108.62.63.98,ipv4,attack,high,WHITE,blocklist.de/all|blocklist.de/apache|blocklist.de/mail|ziyadnz/hourly-ipv4,blocklist.de|brute-force|apache|rfi|ddos|spam|mail|ziyadnz|hourly,2026-08-17T18:48:05Z,2026-08-17T18:48:05Z,
108.62.63.99,ipv4,attack,high,WHITE,blocklist.de/all|blocklist.de/apache|blocklist.de/mail|ziyadnz/hourly-ipv4,blocklist.de|brute-force|apache|rfi|ddos|spam|mail|ziyadnz|hourly,2026-08-17T18:48:05Z,2026-08-17T18:48:05Z,
108.62.63.100,ipv4,attack,high,WHITE,blocklist.de/all|blocklist.de/apache|blocklist.de/mail|ziyadnz/hourly-ipv4,blocklist.de|brute-force|apache|rfi|ddos|spam|mail|ziyadnz|hourly,2026-08-17T18:48:05Z,2026-08-17T18:48:05Z,
108.62.63.101,ipv4,attack,high,WHITE,blocklist.de/all|blocklist.de/apache|blocklist.de/mail|ziyadnz/hourly-ipv4,blocklist.de|brute-force|apache|rfi|ddos|spam|mail|ziyadnz|hourly,2026-08-17T18:48:05Z,2026-08-17T18:48:05Z,
108.62.63.102,ipv4,attack,high,WHITE,blocklist.de/all|blocklist.de/apache|blocklist.de/mail|ziyadnz/hourly-ipv4,blocklist.de|brute-force|apache|rfi|ddos|spam|mail|ziyadnz|hourly,2026-08-17T18:48:05Z,2026-08-17T18:48:05Z,
108.62.63.103,ipv4,attack,high,WHITE,blocklist.de/all|blocklist.de/apache|blocklist.de/mail|ziyadnz/hourly-ipv4,blocklist.de|brute-force|apache|rfi|ddos|spam|mail|ziyadnz|hourly,2026-08-17T18:48:05Z,2026-08-17T18:48:05Z,
108.62.63.104,ipv4,attack,high,WHITE,blocklist.de/all|blocklist.de/apache|blocklist.de/mail|ziyadnz/hourly-ipv4,blocklist.de|brute-force|apache|rfi|ddos|spam|mail|ziyadnz|hourly,2026-08-17T18:48:05Z,2026-08-17T18:48:05Z,
108.62.63.105,ipv4,attack,high,WHITE,blocklist.de/all|blocklist.de/apache|blocklist.de/mail|ziyadnz/hourly-ipv4,blocklist.de|brute-force|apache|rfi|ddos|spam|mail|ziyadnz|hourly,2026-08-17T18:48:05Z,2026-08-17T18:48:05Z,
108.62.63.106,ipv4,attack,high,WHITE,blocklist.de/all|blocklist.de/apache|blocklist.de/mail|ziyadnz/hourly-ipv4,blocklist.de|brute-force|apache|rfi|ddos|spam|mail|ziyadnz|hourly,2026-08-17T18:48:05Z,2026-08-17T18:48:05Z,
108.62.63.107,ipv4,attack,high,WHITE,blocklist.de/all|blocklist.de/apache|blocklist.de/mail|ziyadnz/hourly-ipv4,blocklist.de|brute-force|apache|rfi|ddos|spam|mail|ziyadnz|hourly,2026-08-17T18:48:05Z,2026-08-17T18:48:05Z,
108.62.63.108,ipv4,attack,high,WHITE,blocklist.de/all|blocklist.de/apache|blocklist.de/mail|ziyadnz/hourly-ipv4,blocklist.de|brute-force|apache|rfi|ddos|spam|mail|ziyadnz|hourly,2026-08-17T18:48:05Z,2026-08-17T18:48:05Z,
108.62.63.109,ipv4,attack,high,WHITE,blocklist.de/all|blocklist.de/apache|blocklist.de/mail|ziyadnz/hourly-ipv4,blocklist.de|brute-force|apache|rfi|ddos|spam|mail|ziyadnz|hourly,2026-08-17T18:48:05Z,2026-08-17T18:48:05Z,
108.62.63.110,ipv4,attack,high,WHITE,blocklist.de/all|blocklist.de/apache|blocklist.de/mail|ziyadnz/hourly-ipv4,blocklist.de|brute-force|apache|rfi|ddos|spam|mail|ziyadnz|hourly,2026-08-17T18:48:05Z,2026-08-17T18:48:05Z,
108.62.63.111,ipv4,attack,high,WHITE,blocklist.de/all|blocklist.de/apache|blocklist.de/mail|ziyadnz/hourly-ipv4,blocklist.de|brute-force|apache|rfi|ddos|spam|mail|ziyadnz|hourly,2026-08-17T18:48:05Z,2026-08-17T18:48:05Z,
108.62.63.112,ipv4,attack,high,WHITE,blocklist.de/all|blocklist.de/apache|blocklist.de/mail|ziyadnz/hourly-ipv4,blocklist.de|brute-force|apache|rfi|ddos|spam|mail|ziyadnz|hourly,2026-08-17T18:48:05Z,2026-08-17T18:48:05Z,
108.62.63.113,ipv4,attack,high,WHITE,blocklist.de/all|blocklist.de/apache|blocklist.de/mail|ziyadnz/hourly-ipv4,blocklist.de|brute-force|apache|rfi|ddos|spam|mail|ziyadnz|hourly,2026-08-17T18:48:05Z,2026-08-17T18:48:05Z,
108.62.63.114,ipv4,attack,high,WHITE,blocklist.de/all|blocklist.de/apache|blocklist.de/mail|ziyadnz/hourly-ipv4,blocklist.de|brute-force|apache|rfi|ddos|spam|mail|ziyadnz|hourly,2026-08-17T18:48:05Z,2026-08-17T18:48:05Z,
108.62.63.115,ipv4,attack,high,WHITE,blocklist.de/all|blocklist.de/apache|blocklist.de/mail|ziyadnz/hourly-ipv4,blocklist.de|brute-force|apache|rfi|ddos|spam|mail|ziyadnz|hourly,2026-08-17T18:48:05Z,2026-08-17T18:48:05Z,
108.62.63.116,ipv4,attack,high,WHITE,blocklist.de/all|blocklist.de/apache|blocklist.de/mail|ziyadnz/hourly-ipv4,blocklist.de|brute-force|apache|rfi|ddos|spam|mail|ziyadnz|hourly,2026-08-17T18:48:05Z,2026-08-17T18:48:05Z,
108.62.63.117,ipv4,attack,high,WHITE,blocklist.de/all|blocklist.de/apache|blocklist.de/mail|ziyadnz/hourly-ipv4,blocklist.de|brute-force|apache|rfi|ddos|spam|mail|ziyadnz|hourly,2026-08-17T18:48:05Z,2026-08-17T18:48:05Z,
108.62.63.118,ipv4,attack,high,WHITE,blocklist.de/all|blocklist.de/apache|blocklist.de/mail|ziyadnz/hourly-ipv4,blocklist.de|brute-force|apache|rfi|ddos|spam|mail|ziyadnz|hourly,2026-08-17T18:48:05Z,2026-08-17T18:48:05Z,
108.62.63.119,ipv4,attack,high,WHITE,blocklist.de/all|blocklist.de/apache|blocklist.de/mail|ziyadnz/hourly-ipv4,blocklist.de|brute-force|apache|rfi|ddos|spam|mail|ziyadnz|hourly,2026-08-17T18:48:05Z,2026-08-17T18:48:05Z,
108.62.63.120,ipv4,attack,high,WHITE,blocklist.de/all|blocklist.de/apache|blocklist.de/mail|ziyadnz/hourly-ipv4,blocklist.de|brute-force|apache|rfi|ddos|spam|mail|ziyadnz|hourly,2026-08-17T18:48:05Z,2026-08-17T18:48:05Z,
108.62.63.121,ipv4,attack,high,WHITE,blocklist.de/all|blocklist.de/apache|blocklist.de/mail|ziyadnz/hourly-ipv4,blocklist.de|brute-force|apache|rfi|ddos|spam|mail|ziyadnz|hourly,2026-08-17T18:48:05Z,2026-08-17T18:48:05Z,
108.62.63.122,ipv4,attack,high,WHITE,blocklist.de/all|blocklist.de/apache|blocklist.de/mail|ziyadnz/hourly-ipv4,blocklist.de|brute-force|apache|rfi|ddos|spam|mail|ziyadnz|hourly,2026-08-17T18:48:05Z,2026-08-17T18:48:05Z,
108.62.63.123,ipv4,attack,high,WHITE,blocklist.de/all|blocklist.de/apache|blocklist.de/mail|ziyadnz/hourly-ipv4,blocklist.de|brute-force|apache|rfi|ddos|spam|mail|ziyadnz|hourly,2026-08-17T18:48:05Z,2026-08-17T18:48:05Z,
108.62.63.124,ipv4,attack,high,WHITE,blocklist.de/all|blocklist.de/apache|blocklist.de/mail|ziyadnz/hourly-ipv4,blocklist.de|brute-force|apache|rfi|ddos|spam|mail|ziyadnz|hourly,2026-08-17T18:48:05Z,2026-08-17T18:48:05Z,
108.62.63.125,ipv4,attack,high,WHITE,blocklist.de/all|blocklist.de/apache|blocklist.de/mail|ziyadnz/hourly-ipv4,blocklist.de|brute-force|apache|rfi|ddos|spam|mail|ziyadnz|hourly,2026-08-17T18:48:05Z,2026-08-17T18:48:05Z,
108.62.63.126,ipv4,attack,high,WHITE,blocklist.de/all|blocklist.de/apache|blocklist.de/mail|ziyadnz/hourly-ipv4,blocklist.de|brute-force|apache|rfi|ddos|spam|mail|ziyadnz|hourly,2026-08-17T18:48:05Z,2026-08-17T18:48:05Z,
108.62.63.127,ipv4,attack,high,WHITE,blocklist.de/all|blocklist.de/apache|blocklist.de/mail|ziyadnz/hourly-ipv4,blocklist.de|brute-force|apache|rfi|ddos|spam|mail|ziyadnz|hourly,2026-08-17T18:48:05Z,2026-08-17T18:48:05Z,
108.62.63.128,ipv4,attack,high,WHITE,blocklist.de/all|blocklist.de/apache|blocklist.de/mail|ziyadnz/hourly-ipv4,blocklist.de|brute-force|apache|rfi|ddos|spam|mail|ziyadnz|hourly,2026-08-17T18:48:05Z,2026-08-17T18:48:05Z,
108.62.63.129,ipv4,attack,high,WHITE,blocklist.de/all|blocklist.de/apache|blocklist.de/mail|ziyadnz/hourly-ipv4,blocklist.de|brute-force|apache|rfi|ddos|spam|mail|ziyadnz|hourly,2026-08-17T18:48:05Z,2026-08-17T18:48:05Z,
108.62.63.130,ipv4,attack,high,WHITE,blocklist.de/all|blocklist.de/apache|blocklist.de/mail|ziyadnz/hourly-ipv4,blocklist.de|brute-force|apache|rfi|ddos|spam|mail|ziyadnz|hourly,2026-08-17T18:48:05Z,2026-08-17T18:48:05Z,
108.62.63.131,ipv4,attack,high,WHITE,blocklist.de/all|blocklist.de/apache|blocklist.de/mail|ziyadnz/hourly-ipv4,blocklist.de|brute-force|apache|rfi|ddos|spam|mail|ziyadnz|hourly,2026-08-17T18:48:05Z,2026-08-17T18:48:05Z,
108.62.63.132,ipv4,attack,high,WHITE,blocklist.de/all|blocklist.de/apache|blocklist.de/mail|ziyadnz/hourly-ipv4,blocklist.de|brute-force|apache|rfi|ddos|spam|mail|ziyadnz|hourly,2026-08-17T18:48:05Z,2026-08-17T18:48:05Z,
108.62.63.133,ipv4,attack,high,WHITE,blocklist.de/all|blocklist.de/apache|blocklist.de/mail|ziyadnz/hourly-ipv4,blocklist.de|brute-force|apache|rfi|ddos|spam|mail|ziyadnz|hourly,2026-08-17T18:48:05Z,2026-08-17T18:48:05Z,
108.62.63.134,ipv4,attack,high,WHITE,blocklist.de/all|blocklist.de/apache|blocklist.de/mail|ziyadnz/hourly-ipv4,blocklist.de|brute-force|apache|rfi|ddos|spam|mail|ziyadnz|hourly,2026-08-17T18:48:05Z,2026-08-17T18:48:05Z,
108.62.63.135,ipv4,attack,high,WHITE,blocklist.de/all|blocklist.de/apache|blocklist.de/mail|ziyadnz/hourly-ipv4,blocklist.de|brute-force|apache|rfi|ddos|spam|mail|ziyadnz|hourly,2026-08-17T18:48:05Z,2026-08-17T18:48:05Z,
108.62.63.136,ipv4,attack,high,WHITE,blocklist.de/all|blocklist.de/apache|blocklist.de/mail|ziyadnz/hourly-ipv4,blocklist.de|brute-force|apache|rfi|ddos|spam|mail|ziyadnz|hourly,2026-08-17T18:48:05Z,2026-08-17T18:48:05Z,
108.62.63.137,ipv4,attack,high,WHITE,blocklist.de/all|blocklist.de/apache|blocklist.de/mail|ziyadnz/hourly-ipv4,blocklist.de|brute-force|apache|rfi|ddos|spam|mail|ziyadnz|hourly,2026-08-17T18:48:05Z,2026-08-17T18:48:05Z,
108.62.63.138,ipv4,attack,high,WHITE,blocklist.de/all|blocklist.de/apache|blocklist.de/mail|ziyadnz/hourly-ipv4,blocklist.de|brute-force|apache|rfi|ddos|spam|mail|ziyadnz|hourly,2026-08-17T18:48:05Z,2026-08-17T18:48:05Z,
108.62.63.139,ipv4,attack,high,WHITE,blocklist.de/all|blocklist.de/apache|blocklist.de/mail|ziyadnz/hourly-ipv4,blocklist.de|brute-force|apache|rfi|ddos|spam|mail|ziyadnz|hourly,2026-08-17T18:48:05Z,2026-08-17T18:48:05Z,
108.62.63.140,ipv4,attack,high,WHITE,blocklist.de/all|blocklist.de/apache|blocklist.de/mail|ziyadnz/hourly-ipv4,blocklist.de|brute-force|apache|rfi|ddos|spam|mail|ziyadnz|hourly,2026-08-17T18:48:05Z,2026-08-17T18:48:05Z,
108.62.63.141,ipv4,attack,high,WHITE,blocklist.de/all|blocklist.de/apache|blocklist.de/mail|ziyadnz/hourly-ipv4,blocklist.de|brute-force|apache|rfi|ddos|spam|mail|ziyadnz|hourly,2026-08-17T18:48:05Z,2026-08-17T18:48:05Z,
108.62.63.142,ipv4,attack,high,WHITE,blocklist.de/all|blocklist.de/apache|blocklist.de/mail|ziyadnz/hourly-ipv4,blocklist.de|brute-force|apache|rfi|ddos|spam|mail|ziyadnz|hourly,2026-08-17T18:48:05Z,2026-08-17T18:48:05Z,
108.62.63.143,ipv4,attack,high,WHITE,blocklist.de/all|blocklist.de/apache|blocklist.de/mail|ziyadnz/hourly-ipv4,blocklist.de|brute-force|apache|rfi|ddos|spam|mail|ziyadnz|hourly,2026-08-17T18:48:05Z,2026-08-17T18:48:05Z,
108.62.63.144,ipv4,attack,high,WHITE,blocklist.de/all|blocklist.de/apache|blocklist.de/mail|ziyadnz/hourly-ipv4,blocklist.de|brute-force|apache|rfi|ddos|spam|mail|ziyadnz|hourly,2026-08-17T18:48:05Z,2026-08-17T18:48:05Z,
108.62.63.145,ipv4,attack,high,WHITE,blocklist.de/all|blocklist.de/apache|blocklist.de/mail|ziyadnz/hourly-ipv4,blocklist.de|brute-force|apache|rfi|ddos|spam|mail|ziyadnz|hourly,2026-08-17T18:48:05Z,2026-08-17T18:48:05Z,
108.62.63.146,ipv4,attack,high,WHITE,blocklist.de/all|blocklist.de/apache|blocklist.de/mail|ziyadnz/hourly-ipv4,blocklist.de|brute-force|apache|rfi|ddos|spam|mail|ziyadnz|hourly,2026-08-17T18:48:05Z,2026-08-17T18:48:05Z,
108.62.63.147,ipv4,attack,high,WHITE,blocklist.de/all|blocklist.de/apache|blocklist.de/mail|ziyadnz/hourly-ipv4,blocklist.de|brute-force|apache|rfi|ddos|spam|mail|ziyadnz|hourly,2026-08-17T18:48:05Z,2026-08-17T18:48:05Z,
108.62.63.148,ipv4,attack,high,WHITE,blocklist.de/all|blocklist.de/apache|blocklist.de/mail|ziyadnz/hourly-ipv4,blocklist.de|brute-force|apache|rfi|ddos|spam|mail|ziyadnz|hourly,2026-08-17T18:48:05Z,2026-08-17T18:48:05Z,
108.62.63.149,ipv4,attack,high,WHITE,blocklist.de/all|blocklist.de/apache|blocklist.de/mail|ziyadnz/hourly-ipv4,blocklist.de|brute-force|apache|rfi|ddos|spam|mail|ziyadnz|hourly,2026-08-17T18:48:05Z,2026-08-17T18:48:05Z,
108.62.63.150,ipv4,attack,high,WHITE,blocklist.de/all|blocklist.de/apache|blocklist.de/mail|ziyadnz/hourly-ipv4,blocklist.de|brute-force|apache|rfi|ddos|spam|mail|ziyadnz|hourly,2026-08-17T18:48:05Z,2026-08-17T18:48:05Z,
108.62.63.151,ipv4,attack,high,WHITE,blocklist.de/all|blocklist.de/apache|blocklist.de/mail|ziyadnz/hourly-ipv4,blocklist.de|brute-force|apache|rfi|ddos|spam|mail|ziyadnz|hourly,2026-08-17T18:48:05Z,2026-08-17T18:48:05Z,
108.62.63.152,ipv4,attack,high,WHITE,blocklist.de/all|blocklist.de/apache|blocklist.de/mail|ziyadnz/hourly-ipv4,blocklist.de|brute-force|apache|rfi|ddos|spam|mail|ziyadnz|hourly,2026-08-17T18:48:05Z,2026-08-17T18:48:05Z,
108.62.63.153,ipv4,attack,high,WHITE,blocklist.de/all|blocklist.de/apache|blocklist.de/mail|ziyadnz/hourly-ipv4,blocklist.de|brute-force|apache|rfi|ddos|spam|mail|ziyadnz|hourly,2026-08-17T18:48:05Z,2026-08-17T18:48:05Z,
108.62.63.154,ipv4,attack,high,WHITE,blocklist.de/all|blocklist.de/apache|blocklist.de/mail|ziyadnz/hourly-ipv4,blocklist.de|brute-force|apache|rfi|ddos|spam|mail|ziyadnz|hourly,2026-08-17T18:48:05Z,2026-08-17T18:48:05Z,
108.62.63.155,ipv4,attack,high,WHITE,blocklist.de/all|blocklist.de/apache|blocklist.de/mail|ziyadnz/hourly-ipv4,blocklist.de|brute-force|apache|rfi|ddos|spam|mail|ziyadnz|hourly,2026-08-17T18:48:05Z,2026-08-17T18:48:05Z,
108.62.63.156,ipv4,attack,high,WHITE,blocklist.de/all|blocklist.de/apache|blocklist.de/mail|ziyadnz/hourly-ipv4,blocklist.de|brute-force|apache|rfi|ddos|spam|mail|ziyadnz|hourly,2026-08-17T18:48:05Z,2026-08-17T18:48:05Z,
108.62.63.157,ipv4,attack,high,WHITE,blocklist.de/all|blocklist.de/apache|blocklist.de/mail|ziyadnz/hourly-ipv4,blocklist.de|brute-force|apache|rfi|ddos|spam|mail|ziyadnz|hourly,2026-08-17T18:48:05Z,2026-08-17T18:48:05Z,
108.62.63.158,ipv4,attack,high,WHITE,blocklist.de/all|blocklist.de/apache|blocklist.de/mail|ziyadnz/hourly-ipv4,blocklist.de|brute-force|apache|rfi|ddos|spam|mail|ziyadnz|hourly,2026-08-17T18:48:05Z,2026-08-17T18:48:05Z,
108.62.63.159,ipv4,attack,high,WHITE,blocklist.de/all|blocklist.de/apache|blocklist.de/mail|ziyadnz/hourly-ipv4,blocklist.de|brute-force|apache|rfi|ddos|spam|mail|ziyadnz|hourly,2026-08-17T18:48:05Z,2026-08-17T18:48:05Z,
108.62.63.160,ipv4,attack,high,WHITE,blocklist.de/all|blocklist.de/apache|blocklist.de/mail|ziyadnz/hourly-ipv4,blocklist.de|brute-force|apache|rfi|ddos|spam|mail|ziyadnz|hourly,2026-08-17T18:48:05Z,2026-08-17T18:48:05Z,
108.62.63.161,ipv4,attack,high,WHITE,blocklist.de/all|blocklist.de/apache|blocklist.de/mail|ziyadnz/hourly-ipv4,blocklist.de|brute-force|apache|rfi|ddos|spam|mail|ziyadnz|hourly,2026-08-17T18:48:05Z,2026-08-17T18:48:05Z,
108.62.63.162,ipv4,attack,high,WHITE,blocklist.de/all|blocklist.de/apache|blocklist.de/mail|ziyadnz/hourly-ipv4,blocklist.de|brute-force|apache|rfi|ddos|spam|mail|ziyadnz|hourly,2026-08-17T18:48:05Z,2026-08-17T18:48:05Z,
108.62.63.163,ipv4,attack,high,WHITE,blocklist.de/all|blocklist.de/apache|blocklist.de/mail|ziyadnz/hourly-ipv4,blocklist.de|brute-force|apache|rfi|ddos|spam|mail|ziyadnz|hourly,2026-08-17T18:48:05Z,2026-08-17T18:48:05Z,
108.62.63.164,ipv4,attack,high,WHITE,blocklist.de/all|blocklist.de/apache|blocklist.de/mail|ziyadnz/hourly-ipv4,blocklist.de|brute-force|apache|rfi|ddos|spam|mail|ziyadnz|hourly,2026-08-17T18:48:05Z,2026-08-17T18:48:05Z,
108.62.63.165,ipv4,attack,high,WHITE,blocklist.de/all|blocklist.de/apache|blocklist.de/mail|ziyadnz/hourly-ipv4,blocklist.de|brute-force|apache|rfi|ddos|spam|mail|ziyadnz|hourly,2026-08-17T18:48:05Z,2026-08-17T18:48:05Z,
108.62.63.166,ipv4,attack,high,WHITE,blocklist.de/all|blocklist.de/apache|blocklist.de/mail|ziyadnz/hourly-ipv4,blocklist.de|brute-force|apache|rfi|ddos|spam|mail|ziyadnz|hourly,2026-08-17T18:48:05Z,2026-08-17T18:48:05Z,
108.62.63.167,ipv4,attack,high,WHITE,blocklist.de/all|blocklist.de/apache|blocklist.de/mail|ziyadnz/hourly-ipv4,blocklist.de|brute-force|apache|rfi|ddos|spam|mail|ziyadnz|hourly,2026-08-17T18:48:05Z,2026-08-17T18:48:05Z,
108.62.63.168,ipv4,attack,high,WHITE,blocklist.de/all|blocklist.de/apache|blocklist.de/mail|ziyadnz/hourly-ipv4,blocklist.de|brute-force|apache|rfi|ddos|spam|mail|ziyadnz|hourly,2026-08-17T18:48:05Z,2026-08-17T18:48:05Z,
108.62.63.169,ipv4,attack,high,WHITE,blocklist.de/all|blocklist.de/apache|blocklist.de/mail|ziyadnz/hourly-ipv4,blocklist.de|brute-force|apache|rfi|ddos|spam|mail|ziyadnz|hourly,2026-08-17T18:48:05Z,2026-08-17T18:48:05Z,
108.62.63.170,ipv4,attack,high,WHITE,blocklist.de/all|blocklist.de/apache|blocklist.de/mail|ziyadnz/hourly-ipv4,blocklist.de|brute-force|apache|rfi|ddos|spam|mail|ziyadnz|hourly,2026-08-17T18:48:05Z,2026-08-17T18:48:05Z,
108.62.63.171,ipv4,attack,high,WHITE,blocklist.de/all|blocklist.de/apache|blocklist.de/mail|ziyadnz/hourly-ipv4,blocklist.de|brute-force|apache|rfi|ddos|spam|mail|ziyadnz|hourly,2026-08-17T18:48:05Z,2026-08-17T18:48:05Z,
108.62.63.172,ipv4,attack,high,WHITE,blocklist.de/all|blocklist.de/apache|blocklist.de/mail|ziyadnz/hourly-ipv4,blocklist.de|brute-force|apache|rfi|ddos|spam|mail|ziyadnz|hourly,2026-08-17T18:48:05Z,2026-08-17T18:48:05Z,
108.62.63.173,ipv4,attack,high,WHITE,blocklist.de/all|blocklist.de/apache|blocklist.de/mail|ziyadnz/hourly-ipv4,blocklist.de|brute-force|apache|rfi|ddos|spam|mail|ziyadnz|hourly,2026-08-17T18:48:05Z,2026-08-17T18:48:05Z,
108.62.63.174,ipv4,attack,high,WHITE,blocklist.de/all|blocklist.de/apache|blocklist.de/mail|ziyadnz/hourly-ipv4,blocklist.de|brute-force|apache|rfi|ddos|spam|mail|ziyadnz|hourly,2026-08-17T18:48:05Z,2026-08-17T18:48:05Z,
108.62.63.175,ipv4,attack,high,WHITE,blocklist.de/all|blocklist.de/apache|blocklist.de/mail|ziyadnz/hourly-ipv4,blocklist.de|brute-force|apache|rfi|ddos|spam|mail|ziyadnz|hourly,2026-08-17T18:48:05Z,2026-08-17T18:48:05Z,
108.62.63.176,ipv4,attack,high,WHITE,blocklist.de/all|blocklist.de/apache|blocklist.de/mail|ziyadnz/hourly-ipv4,blocklist.de|brute-force|apache|rfi|ddos|spam|mail|ziyadnz|hourly,2026-08-17T18:48:05Z,2026-08-17T18:48:05Z,
108.62.63.177,ipv4,attack,high,WHITE,blocklist.de/all|blocklist.de/apache|blocklist.de/mail|ziyadnz/hourly-ipv4,blocklist.de|brute-force|apache|rfi|ddos|spam|mail|ziyadnz|hourly,2026-08-17T18:48:05Z,2026-08-17T18:48:05Z,
108.62.63.178,ipv4,attack,high,WHITE,blocklist.de/all|blocklist.de/apache|blocklist.de/mail|ziyadnz/hourly-ipv4,blocklist.de|brute-force|apache|rfi|ddos|spam|mail|ziyadnz|hourly,2026-08-17T18:48:05Z,2026-08-17T18:48:05Z,
108.62.63.179,ipv4,attack,high,WHITE,blocklist.de/all|blocklist.de/apache|blocklist.de/mail|ziyadnz/hourly-ipv4,blocklist.de|brute-force|apache|rfi|ddos|spam|mail|ziyadnz|hourly,2026-08-17T18:48:05Z,2026-08-17T18:48:05Z,
108.62.63.180,ipv4,attack,high,WHITE,blocklist.de/all|blocklist.de/apache|blocklist.de/mail|ziyadnz/hourly-ipv4,blocklist.de|brute-force|apache|rfi|ddos|spam|mail|ziyadnz|hourly,2026-08-17T18:48:05Z,2026-08-17T18:48:05Z,
108.62.63.181,ipv4,attack,high,WHITE,blocklist.de/all|blocklist.de/apache|blocklist.de/mail|ziyadnz/hourly-ipv4,blocklist.de|brute-force|apache|rfi|ddos|spam|mail|ziyadnz|hourly,2026-08-17T18:48:05Z,2026-08-17T18:48:05Z,
108.62.63.182,ipv4,attack,high,WHITE,blocklist.de/all|blocklist.de/apache|blocklist.de/mail|ziyadnz/hourly-ipv4,blocklist.de|brute-force|apache|rfi|ddos|spam|mail|ziyadnz|hourly,2026-08-17T18:48:05Z,2026-08-17T18:48:05Z,
108.62.63.183,ipv4,attack,high,WHITE,blocklist.de/all|blocklist.de/apache|blocklist.de/mail|ziyadnz/hourly-ipv4,blocklist.de|brute-force|apache|rfi|ddos|spam|mail|ziyadnz|hourly,2026-08-17T18:48:05Z,2026-08-17T18:48:05Z,
108.62.63.184,ipv4,attack,high,WHITE,blocklist.de/all|blocklist.de/apache|blocklist.de/mail|ziyadnz/hourly-ipv4,blocklist.de|brute-force|apache|rfi|ddos|spam|mail|ziyadnz|hourly,2026-08-17T18:48:05Z,2026-08-17T18:48:05Z,
108.62.63.185,ipv4,attack,high,WHITE,blocklist.de/all|blocklist.de/apache|blocklist.de/mail|ziyadnz/hourly-ipv4,blocklist.de|brute-force|apache|rfi|ddos|spam|mail|ziyadnz|hourly,2026-08-17T18:48:05Z,2026-08-17T18:48:05Z,
108.62.63.186,ipv4,attack,high,WHITE,blocklist.de/all|blocklist.de/apache|blocklist.de/mail|ziyadnz/hourly-ipv4,blocklist.de|brute-force|apache|rfi|ddos|spam|mail|ziyadnz|hourly,2026-08-17T18:48:05Z,2026-08-17T18:48:05Z,
108.62.63.187,ipv4,attack,high,WHITE,blocklist.de/all|blocklist.de/apache|blocklist.de/mail|ziyadnz/hourly-ipv4,blocklist.de|brute-force|apache|rfi|ddos|spam|mail|ziyadnz|hourly,2026-08-17T18:48:05Z,2026-08-17T18:48:05Z,
108.62.63.188,ipv4,attack,high,WHITE,blocklist.de/all|blocklist.de/apache|blocklist.de/mail|ziyadnz/hourly-ipv4,blocklist.de|brute-force|apache|rfi|ddos|spam|mail|ziyadnz|hourly,2026-08-17T18:48:05Z,2026-08-17T18:48:05Z,
108.62.63.189,ipv4,attack,high,WHITE,blocklist.de/all|blocklist.de/apache|blocklist.de/mail|ziyadnz/hourly-ipv4,blocklist.de|brute-force|apache|rfi|ddos|spam|mail|ziyadnz|hourly,2026-08-17T18:48:05Z,2026-08-17T18:48:05Z,
108.62.63.190,ipv4,attack,high,WHITE,blocklist.de/all|blocklist.de/apache|blocklist.de/mail|ziyadnz/hourly-ipv4,blocklist.de|brute-force|apache|rfi|ddos|spam|mail|ziyadnz|hourly,2026-08-17T18:48:05Z,2026-08-17T18:48:05Z,
108.62.63.191,ipv4,attack,high,WHITE,blocklist.de/all|blocklist.de/apache|blocklist.de/mail|ziyadnz/hourly-ipv4,blocklist.de|brute-force|apache|rfi|ddos|spam|mail|ziyadnz|hourly,2026-08-17T18:48:05Z,2026-08-17T18:48:05Z,
108.62.63.192,ipv4,attack,high,WHITE,blocklist.de/all|blocklist.de/apache|blocklist.de/mail|ziyadnz/hourly-ipv4,blocklist.de|brute-force|apache|rfi|ddos|spam|mail|ziyadnz|hourly,2026-08-17T18:48:05Z,2026-08-17T18:48:05Z,
108.62.63.193,ipv4,attack,high,WHITE,blocklist.de/all|blocklist.de/apache|blocklist.de/mail|ziyadnz/hourly-ipv4,blocklist.de|brute-force|apache|rfi|ddos|spam|mail|ziyadnz|hourly,2026-08-17T18:48:05Z,2026-08-17T18:48:05Z,
108.62.63.194,ipv4,attack,high,WHITE,blocklist.de/all|blocklist.de/apache|blocklist.de/mail|ziyadnz/hourly-ipv4,blocklist.de|brute-force|apache|rfi|ddos|spam|mail|ziyadnz|hourly,2026-08-17T18:48:05Z,2026-08-17T18:48:05Z,
108.62.63.195,ipv4,attack,high,WHITE,blocklist.de/all|blocklist.de/apache|blocklist.de/mail|ziyadnz/hourly-ipv4,blocklist.de|brute-force|apache|rfi|ddos|spam|mail|ziyadnz|hourly,2026-08-17T18:48:05Z,2026-08-17T18:48:05Z,
108.62.63.196,ipv4,attack,high,WHITE,blocklist.de/all|blocklist.de/apache|blocklist.de/mail|ziyadnz/hourly-ipv4,blocklist.de|brute-force|apache|rfi|ddos|spam|mail|ziyadnz|hourly,2026-08-17T18:48:05Z,2026-08-17T18:48:05Z,
108.62.63.197,ipv4,attack,high,WHITE,blocklist.de/all|blocklist.de/apache|blocklist.de/mail|ziyadnz/hourly-ipv4,blocklist.de|brute-force|apache|rfi|ddos|spam|mail|ziyadnz|hourly,2026-08-17T18:48:05Z,2026-08-17T18:48:05Z,
108.62.63.198,ipv4,attack,high,WHITE,blocklist.de/all|blocklist.de/apache|blocklist.de/mail|ziyadnz/hourly-ipv4,blocklist.de|brute-force|apache|rfi|ddos|spam|mail|ziyadnz|hourly,2026-08-17T18:48:05Z,2026-08-17T18:48:05Z,
108.62.63.199,ipv4,attack,high,WHITE,blocklist.de/all|blocklist.de/apache|blocklist.de/mail|ziyadnz/hourly-ipv4,blocklist.de|brute-force|apache|rfi|ddos|spam|mail|ziyadnz|hourly,2026-08-17T18:48:05Z,2026-08-17T18:48:05Z,
108.62.63.200,ipv4,attack,high,WHITE,blocklist.de/all|blocklist.de/apache|blocklist.de/mail|ziyadnz/hourly-ipv4,blocklist.de|brute-force|apache|rfi|ddos|spam|mail|ziyadnz|hourly,2026-08-17T18:48:05Z,2026-08-17T18:48:05Z,
108.62.63.201,ipv4,attack,high,WHITE,blocklist.de/all|blocklist.de/apache|blocklist.de/mail|ziyadnz/hourly-ipv4,blocklist.de|brute-force|apache|rfi|ddos|spam|mail|ziyadnz|hourly,2026-08-17T18:48:05Z,2026-08-17T18:48:05Z,
108.62.63.202,ipv4,attack,high,WHITE,blocklist.de/all|blocklist.de/apache|blocklist.de/mail|ziyadnz/hourly-ipv4,blocklist.de|brute-force|apache|rfi|ddos|spam|mail|ziyadnz|hourly,2026-08-17T18:48:05Z,2026-08-17T18:48:05Z,
108.62.63.203,ipv4,attack,high,WHITE,blocklist.de/all|blocklist.de/apache|blocklist.de/mail|ziyadnz/hourly-ipv4,blocklist.de|brute-force|apache|rfi|ddos|spam|mail|ziyadnz|hourly,2026-08-17T18:48:05Z,2026-08-17T18:48:05Z,
108.62.63.204,ipv4,attack,high,WHITE,blocklist.de/all|blocklist.de/apache|blocklist.de/mail|ziyadnz/hourly-ipv4,blocklist.de|brute-force|apache|rfi|ddos|spam|mail|ziyadnz|hourly,2026-08-17T18:48:05Z,2026-08-17T18:48:05Z,
108.62.63.205,ipv4,attack,high,WHITE,blocklist.de/all|blocklist.de/apache|blocklist.de/mail|ziyadnz/hourly-ipv4,blocklist.de|brute-force|apache|rfi|ddos|spam|mail|ziyadnz|hourly,2026-08-17T18:48:05Z,2026-08-17T18:48:05Z,
108.62.63.206,ipv4,attack,high,WHITE,blocklist.de/all|blocklist.de/apache|blocklist.de/mail|ziyadnz/hourly-ipv4,blocklist.de|brute-force|apache|rfi|ddos|spam|mail|ziyadnz|hourly,2026-08-17T18:48:05Z,2026-08-17T18:48:05Z,
108.62.63.207,ipv4,attack,high,WHITE,blocklist.de/all|blocklist.de/apache|blocklist.de/mail|ziyadnz/hourly-ipv4,blocklist.de|brute-force|apache|rfi|ddos|spam|mail|ziyadnz|hourly,2026-08-17T18:48:05Z,2026-08-17T18:48:05Z,
108.62.63.208,ipv4,attack,high,WHITE,blocklist.de/all|blocklist.de/apache|blocklist.de/mail|ziyadnz/hourly-ipv4,blocklist.de|brute-force|apache|rfi|ddos|spam|mail|ziyadnz|hourly,2026-08-17T18:48:05Z,2026-08-17T18:48:05Z,
108.62.63.209,ipv4,attack,high,WHITE,blocklist.de/all|blocklist.de/apache|blocklist.de/mail|ziyadnz/hourly-ipv4,blocklist.de|brute-force|apache|rfi|ddos|spam|mail|ziyadnz|hourly,2026-08-17T18:48:05Z,2026-08-17T18:48:05Z,
108.62.63.210,ipv4,attack,high,WHITE,blocklist.de/all|blocklist.de/apache|blocklist.de/mail|ziyadnz/hourly-ipv4,blocklist.de|brute-force|apache|rfi|ddos|spam|mail|ziyadnz|hourly,2026-08-17T18:48:05Z,2026-08-17T18:48:05Z,
108.62.63.211,ipv4,attack,high,WHITE,blocklist.de/all|blocklist.de/apache|blocklist.de/mail|ziyadnz/hourly-ipv4,blocklist.de|brute-force|apache|rfi|ddos|spam|mail|ziyadnz|hourly,2026-08-17T18:48:05Z,2026-08-17T18:48:05Z,
108.62.63.212,ipv4,attack,high,WHITE,blocklist.de/all|blocklist.de/apache|blocklist.de/mail|ziyadnz/hourly-ipv4,blocklist.de|brute-force|apache|rfi|ddos|spam|mail|ziyadnz|hourly,2026-08-17T18:48:05Z,2026-08-17T18:48:05Z,
108.62.63.213,ipv4,attack,high,WHITE,blocklist.de/all|blocklist.de/apache|blocklist.de/mail|ziyadnz/hourly-ipv4,blocklist.de|brute-force|apache|rfi|ddos|spam|mail|ziyadnz|hourly,2026-08-17T18:48:05Z,2026-08-17T18:48:05Z,
108.62.63.214,ipv4,attack,high,WHITE,blocklist.de/all|blocklist.de/apache|blocklist.de/mail|ziyadnz/hourly-ipv4,blocklist.de|brute-force|apache|rfi|ddos|spam|mail|ziyadnz|hourly,2026-08-17T18:48:05Z,2026-08-17T18:48:05Z,
108.62.63.215,ipv4,attack,high,WHITE,blocklist.de/all|blocklist.de/apache|blocklist.de/mail|ziyadnz/hourly-ipv4,blocklist.de|brute-force|apache|rfi|ddos|spam|mail|ziyadnz|hourly,2026-08-17T18:48:05Z,2026-08-17T18:48:05Z,
108.62.63.216,ipv4,attack,high,WHITE,blocklist.de/all|blocklist.de/apache|blocklist.de/mail|ziyadnz/hourly-ipv4,blocklist.de|brute-force|apache|rfi|ddos|spam|mail|ziyadnz|hourly,2026-08-17T18:48:05Z,2026-08-17T18:48:05Z,
108.62.63.217,ipv4,attack,high,WHITE,blocklist.de/all|blocklist.de/apache|blocklist.de/mail|ziyadnz/hourly-ipv4,blocklist.de|brute-force|apache|rfi|ddos|spam|mail|ziyadnz|hourly,2026-08-17T18:48:05Z,2026-08-17T18:48:05Z,
108.62.63.218,ipv4,attack,high,WHITE,blocklist.de/all|blocklist.de/apache|blocklist.de/mail|ziyadnz/hourly-ipv4,blocklist.de|brute-force|apache|rfi|ddos|spam|mail|ziyadnz|hourly,2026-08-17T18:48:05Z,2026-08-17T18:48:05Z,
108.62.63.219,ipv4,attack,high,WHITE,blocklist.de/all|blocklist.de/apache|blocklist.de/mail|ziyadnz/hourly-ipv4,blocklist.de|brute-force|apache|rfi|ddos|spam|mail|ziyadnz|hourly,2026-08-17T18:48:05Z,2026-08-17T18:48:05Z,
108.62.63.220,ipv4,attack,high,WHITE,blocklist.de/all|blocklist.de/apache|blocklist.de/mail|ziyadnz/hourly-ipv4,blocklist.de|brute-force|apache|rfi|ddos|spam|mail|ziyadnz|hourly,2026-08-17T18:48:05Z,2026-08-17T18:48:05Z,
108.62.63.221,ipv4,attack,high,WHITE,blocklist.de/all|blocklist.de/apache|blocklist.de/mail|ziyadnz/hourly-ipv4,blocklist.de|brute-force|apache|rfi|ddos|spam|mail|ziyadnz|hourly,2026-08-17T18:48:05Z,2026-08-17T18:48:05Z,
108.62.63.222,ipv4,attack,high,WHITE,blocklist.de/all|blocklist.de/apache|blocklist.de/mail|ziyadnz/hourly-ipv4,blocklist.de|brute-force|apache|rfi|ddos|spam|mail|ziyadnz|hourly,2026-08-17T18:48:05Z,2026-08-17T18:48:05Z,
108.62.63.223,ipv4,attack,high,WHITE,blocklist.de/all|blocklist.de/apache|blocklist.de/mail|ziyadnz/hourly-ipv4,blocklist.de|brute-force|apache|rfi|ddos|spam|mail|ziyadnz|hourly,2026-08-17T18:48:05Z,2026-08-17T18:48:05Z,
108.62.63.224,ipv4,attack,high,WHITE,blocklist.de/all|blocklist.de/apache|blocklist.de/mail|ziyadnz/hourly-ipv4,blocklist.de|brute-force|apache|rfi|ddos|spam|mail|ziyadnz|hourly,2026-08-17T18:48:05Z,2026-08-17T18:48:05Z,
108.62.63.225,ipv4,attack,high,WHITE,blocklist.de/all|blocklist.de/apache|blocklist.de/mail|ziyadnz/hourly-ipv4,blocklist.de|brute-force|apache|rfi|ddos|spam|mail|ziyadnz|hourly,2026-08-17T18:48:05Z,2026-08-17T18:48:05Z,
108.62.63.226,ipv4,attack,high,WHITE,blocklist.de/all|blocklist.de/apache|blocklist.de/mail|ziyadnz/hourly-ipv4,blocklist.de|brute-force|apache|rfi|ddos|spam|mail|ziyadnz|hourly,2026-08-17T18:48:05Z,2026-08-17T18:48:05Z,
108.62.63.227,ipv4,attack,high,WHITE,blocklist.de/all|blocklist.de/apache|blocklist.de/mail|ziyadnz/hourly-ipv4,blocklist.de|brute-force|apache|rfi|ddos|spam|mail|ziyadnz|hourly,2026-08-17T18:48:05Z,2026-08-17T18:48:05Z,
108.62.63.228,ipv4,attack,high,WHITE,blocklist.de/all|blocklist.de/apache|blocklist.de/mail|ziyadnz/hourly-ipv4,blocklist.de|brute-force|apache|rfi|ddos|spam|mail|ziyadnz|hourly,2026-08-17T18:48:05Z,2026-08-17T18:48:05Z,
108.62.63.229,ipv4,attack,high,WHITE,blocklist.de/all|blocklist.de/apache|blocklist.de/mail|ziyadnz/hourly-ipv4,blocklist.de|brute-force|apache|rfi|ddos|spam|mail|ziyadnz|hourly,2026-08-17T18:48:05Z,2026-08-17T18:48:05Z,
108.62.63.230,ipv4,attack,high,WHITE,blocklist.de/all|blocklist.de/apache|blocklist.de/mail|ziyadnz/hourly-ipv4,blocklist.de|brute-force|apache|rfi|ddos|spam|mail|ziyadnz|hourly,2026-08-17T18:48:05Z,2026-08-17T18:48:05Z,
108.62.63.231,ipv4,attack,high,WHITE,blocklist.de/all|blocklist.de/apache|blocklist.de/mail|ziyadnz/hourly-ipv4,blocklist.de|brute-force|apache|rfi|ddos|spam|mail|ziyadnz|hourly,2026-08-17T18:48:05Z,2026-08-17T18:48:05Z,
108.62.63.232,ipv4,attack,high,WHITE,blocklist.de/all|blocklist.de/apache|blocklist.de/mail|ziyadnz/hourly-ipv4,blocklist.de|brute-force|apache|rfi|ddos|spam|mail|ziyadnz|hourly,2026-08-17T18:48:05Z,2026-08-17T18:48:05Z,
108.62.63.233,ipv4,attack,high,WHITE,blocklist.de/all|blocklist.de/apache|blocklist.de/mail|ziyadnz/hourly-ipv4,blocklist.de|brute-force|apache|rfi|ddos|spam|mail|ziyadnz|hourly,2026-08-17T18:48:05Z,2026-08-17T18:48:05Z,
108.62.63.234,ipv4,attack,high,WHITE,blocklist.de/all|blocklist.de/apache|blocklist.de/mail|ziyadnz/hourly-ipv4,blocklist.de|brute-force|apache|rfi|ddos|spam|mail|ziyadnz|hourly,2026-08-17T18:48:05Z,2026-08-17T18:48:05Z,
108.62.63.235,ipv4,attack,high,WHITE,blocklist.de/all|blocklist.de/apache|blocklist.de/mail|ziyadnz/hourly-ipv4,blocklist.de|brute-force|apache|rfi|ddos|spam|mail|ziyadnz|hourly,2026-08-17T18:48:05Z,2026-08-17T18:48:05Z,
108.62.63.236,ipv4,attack,high,WHITE,blocklist.de/all|blocklist.de/apache|blocklist.de/mail|ziyadnz/hourly-ipv4,blocklist.de|brute-force|apache|rfi|ddos|spam|mail|ziyadnz|hourly,2026-08-17T18:48:05Z,2026-08-17T18:48:05Z,
108.62.63.237,ipv4,attack,high,WHITE,blocklist.de/all|blocklist.de/apache|blocklist.de/mail|ziyadnz/hourly-ipv4,blocklist.de|brute-force|apache|rfi|ddos|spam|mail|ziyadnz|hourly,2026-08-17T18:48:05Z,2026-08-17T18:48:05Z,
108.62.63.238,ipv4,attack,high,WHITE,blocklist.de/all|blocklist.de/apache|blocklist.de/mail|ziyadnz/hourly-ipv4,blocklist.de|brute-force|apache|rfi|ddos|spam|mail|ziyadnz|hourly,2026-08-17T18:48:05Z,2026-08-17T18:48:05Z,
108.62.63.239,ipv4,attack,high,WHITE,blocklist.de/all|blocklist.de/apache|blocklist.de/mail|ziyadnz/hourly-ipv4,blocklist.de|brute-force|apache|rfi|ddos|spam|mail|ziyadnz|hourly,2026-08-17T18:48:05Z,2026-08-17T18:48:05Z,
108.62.63.240,ipv4,attack,high,WHITE,blocklist.de/all|blocklist.de/apache|blocklist.de/mail|ziyadnz/hourly-ipv4,blocklist.de|brute-force|apache|rfi|ddos|spam|mail|ziyadnz|hourly,2026-08-17T18:48:05Z,2026-08-17T18:48:05Z,
108.62.63.241,ipv4,attack,high,WHITE,blocklist.de/all|blocklist.de/apache|blocklist.de/mail|ziyadnz/hourly-ipv4,blocklist.de|brute-force|apache|rfi|ddos|spam|mail|ziyadnz|hourly,2026-08-17T18:48:05Z,2026-08-17T18:48:05Z,
108.62.63.242,ipv4,attack,high,WHITE,blocklist.de/all|blocklist.de/apache|blocklist.de/mail|ziyadnz/hourly-ipv4,blocklist.de|brute-force|apache|rfi|ddos|spam|mail|ziyadnz|hourly,2026-08-17T18:48:05Z,2026-08-17T18:48:05Z,
108.62.63.243,ipv4,attack,high,WHITE,blocklist.de/all|blocklist.de/apache|blocklist.de/mail|ziyadnz/hourly-ipv4,blocklist.de|brute-force|apache|rfi|ddos|spam|mail|ziyadnz|hourly,2026-08-17T18:48:05Z,2026-08-17T18:48:05Z,
108.62.63.244,ipv4,attack,high,WHITE,blocklist.de/all|blocklist.de/apache|blocklist.de/mail|ziyadnz/hourly-ipv4,blocklist.de|brute-force|apache|rfi|ddos|spam|mail|ziyadnz|hourly,2026-08-17T18:48:05Z,2026-08-17T18:48:05Z,
108.62.63.245,ipv4,attack,high,WHITE,blocklist.de/all|blocklist.de/apache|blocklist.de/mail|ziyadnz/hourly-ipv4,blocklist.de|brute-force|apache|rfi|ddos|spam|mail|ziyadnz|hourly,2026-08-17T18:48:05Z,2026-08-17T18:48:05Z,
108.62.63.246,ipv4,attack,high,WHITE,blocklist.de/all|blocklist.de/apache|blocklist.de/mail|ziyadnz/hourly-ipv4,blocklist.de|brute-force|apache|rfi|ddos|spam|mail|ziyadnz|hourly,2026-08-17T18:48:05Z,2026-08-17T18:48:05Z,
108.62.63.247,ipv4,attack,high,WHITE,blocklist.de/all|blocklist.de/apache|blocklist.de/mail|ziyadnz/hourly-ipv4,blocklist.de|brute-force|apache|rfi|ddos|spam|mail|ziyadnz|hourly,2026-08-17T18:48:05Z,2026-08-17T18:48:05Z,
108.62.63.248,ipv4,attack,high,WHITE,blocklist.de/all|blocklist.de/apache|blocklist.de/mail|ziyadnz/hourly-ipv4,blocklist.de|brute-force|apache|rfi|ddos|spam|mail|ziyadnz|hourly,2026-08-17T18:48:05Z,2026-08-17T18:48:05Z,
108.62.63.249,ipv4,attack,high,WHITE,blocklist.de/all|blocklist.de/apache|blocklist.de/mail|ziyadnz/hourly-ipv4,blocklist.de|brute-force|apache|rfi|ddos|spam|mail|ziyadnz|hourly,2026-08-17T18:48:05Z,2026-08-17T18:48:05Z,
108.62.63.250,ipv4,attack,high,WHITE,blocklist.de/all|blocklist.de/apache|blocklist.de/mail|ziyadnz/hourly-ipv4,blocklist.de|brute-force|apache|rfi|ddos|spam|mail|ziyadnz|hourly,2026-08-17T18:48:05Z,2026-08-17T18:48:05Z,
108.62.63.251,ipv4,attack,high,WHITE,blocklist.de/all|blocklist.de/apache|blocklist.de/mail|ziyadnz/hourly-ipv4,blocklist.de|brute-force|apache|rfi|ddos|spam|mail|ziyadnz|hourly,2026-08-17T18:48:05Z,2026-08-17T18:48:05Z,
108.62.63.252,ipv4,attack,high,WHITE,blocklist.de/all|blocklist.de/apache|blocklist.de/mail|ziyadnz/hourly-ipv4,blocklist.de|brute-force|apache|rfi|ddos|spam|mail|ziyadnz|hourly,2026-08-17T18:48:05Z,2026-08-17T18:48:05Z,
108.62.63.253,ipv4,attack,high,WHITE,blocklist.de/all|blocklist.de/apache|blocklist.de/mail|ziyadnz/hourly-ipv4,blocklist.de|brute-force|apache|rfi|ddos|spam|mail|ziyadnz|hourly,2026-08-17T18:48:05Z,2026-08-17T18:48:05Z,
108.62.63.254,ipv4,attack,high,WHITE,blocklist.de/all|blocklist.de/apache|blocklist.de/mail|ziyadnz/hourly-ipv4,blocklist.de|brute-force|apache|rfi|ddos|spam|mail|ziyadnz|hourly,2026-08-17T18:48:05Z,2026-08-17T18:48:05Z,
108.62.63.255,ipv4,attack,high,WHITE,blocklist.de/all|blocklist.de/apache|blocklist.de/mail|ziyadnz/hourly-ipv4,blocklist.de|brute-force|apache|rfi|ddos|spam|mail|ziyadnz|hourly,2026-08-17T18:48:05Z,2026-08-17T18:48:05Z,
173.234.225.0,ipv4,attack,high,WHITE,blocklist.de/all|blocklist.de/apache|blocklist.de/mail|ziyadnz/hourly-ipv4,blocklist.de|brute-force|apache|rfi|ddos|spam|mail|ziyadnz|hourly,2026-08-17T18:48:05Z,2026-08-17T18:48:05Z,
173.234.225.1,ipv4,attack,high,WHITE,blocklist.de/all|blocklist.de/apache|blocklist.de/mail|ziyadnz/hourly-ipv4,blocklist.de|brute-force|apache|rfi|ddos|spam|mail|ziyadnz|hourly,2026-08-17T18:48:05Z,2026-08-17T18:48:05Z,
173.234.225.2,ipv4,attack,high,WHITE,blocklist.de/all|blocklist.de/apache|blocklist.de/mail|ziyadnz/hourly-ipv4,blocklist.de|brute-force|apache|rfi|ddos|spam|mail|ziyadnz|hourly,2026-08-17T18:48:05Z,2026-08-17T18:48:05Z,
173.234.225.3,ipv4,attack,high,WHITE,blocklist.de/all|blocklist.de/apache|blocklist.de/mail|ziyadnz/hourly-ipv4,blocklist.de|brute-force|apache|rfi|ddos|spam|mail|ziyadnz|hourly,2026-08-17T18:48:05Z,2026-08-17T18:48:05Z,
173.234.225.4,ipv4,attack,high,WHITE,blocklist.de/all|blocklist.de/apache|blocklist.de/mail|ziyadnz/hourly-ipv4,blocklist.de|brute-force|apache|rfi|ddos|spam|mail|ziyadnz|hourly,2026-08-17T18:48:05Z,2026-08-17T18:48:05Z,
173.234.225.5,ipv4,attack,high,WHITE,blocklist.de/all|blocklist.de/apache|blocklist.de/mail|ziyadnz/hourly-ipv4,blocklist.de|brute-force|apache|rfi|ddos|spam|mail|ziyadnz|hourly,2026-08-17T18:48:05Z,2026-08-17T18:48:05Z,
173.234.225.6,ipv4,attack,high,WHITE,blocklist.de/all|blocklist.de/apache|blocklist.de/mail|ziyadnz/hourly-ipv4,blocklist.de|brute-force|apache|rfi|ddos|spam|mail|ziyadnz|hourly,2026-08-17T18:48:05Z,2026-08-17T18:48:05Z,
173.234.225.7,ipv4,attack,high,WHITE,blocklist.de/all|blocklist.de/apache|blocklist.de/mail|ziyadnz/hourly-ipv4,blocklist.de|brute-force|apache|rfi|ddos|spam|mail|ziyadnz|hourly,2026-08-17T18:48:05Z,2026-08-17T18:48:05Z,
173.234.225.8,ipv4,attack,high,WHITE,blocklist.de/all|blocklist.de/apache|blocklist.de/mail|ziyadnz/hourly-ipv4,blocklist.de|brute-force|apache|rfi|ddos|spam|mail|ziyadnz|hourly,2026-08-17T18:48:05Z,2026-08-17T18:48:05Z,
173.234.225.9,ipv4,attack,high,WHITE,blocklist.de/all|blocklist.de/apache|blocklist.de/mail|ziyadnz/hourly-ipv4,blocklist.de|brute-force|apache|rfi|ddos|spam|mail|ziyadnz|hourly,2026-08-17T18:48:05Z,2026-08-17T18:48:05Z,
173.234.225.10,ipv4,attack,high,WHITE,blocklist.de/all|blocklist.de/apache|blocklist.de/mail|ziyadnz/hourly-ipv4,blocklist.de|brute-force|apache|rfi|ddos|spam|mail|ziyadnz|hourly,2026-08-17T18:48:05Z,2026-08-17T18:48:05Z,
173.234.225.11,ipv4,attack,high,WHITE,blocklist.de/all|blocklist.de/apache|blocklist.de/mail|ziyadnz/hourly-ipv4,blocklist.de|brute-force|apache|rfi|ddos|spam|mail|ziyadnz|hourly,2026-08-17T18:48:05Z,2026-08-17T18:48:05Z,
173.234.225.12,ipv4,attack,high,WHITE,blocklist.de/all|blocklist.de/apache|blocklist.de/mail|ziyadnz/hourly-ipv4,blocklist.de|brute-force|apache|rfi|ddos|spam|mail|ziyadnz|hourly,2026-08-17T18:48:05Z,2026-08-17T18:48:05Z,
173.234.225.13,ipv4,attack,high,WHITE,blocklist.de/all|blocklist.de/apache|blocklist.de/mail|ziyadnz/hourly-ipv4,blocklist.de|brute-force|apache|rfi|ddos|spam|mail|ziyadnz|hourly,2026-08-17T18:48:05Z,2026-08-17T18:48:05Z,
173.234.225.14,ipv4,attack,high,WHITE,blocklist.de/all|blocklist.de/apache|blocklist.de/mail|ziyadnz/hourly-ipv4,blocklist.de|brute-force|apache|rfi|ddos|spam|mail|ziyadnz|hourly,2026-08-17T18:48:05Z,2026-08-17T18:48:05Z,
173.234.225.15,ipv4,attack,high,WHITE,blocklist.de/all|blocklist.de/apache|blocklist.de/mail|ziyadnz/hourly-ipv4,blocklist.de|brute-force|apache|rfi|ddos|spam|mail|ziyadnz|hourly,2026-08-17T18:48:05Z,2026-08-17T18:48:05Z,
173.234.225.16,ipv4,attack,high,WHITE,blocklist.de/all|blocklist.de/apache|blocklist.de/mail|ziyadnz/hourly-ipv4,blocklist.de|brute-force|apache|rfi|ddos|spam|mail|ziyadnz|hourly,2026-08-17T18:48:05Z,2026-08-17T18:48:05Z,
173.234.225.17,ipv4,attack,high,WHITE,blocklist.de/all|blocklist.de/apache|blocklist.de/mail|ziyadnz/hourly-ipv4,blocklist.de|brute-force|apache|rfi|ddos|spam|mail|ziyadnz|hourly,2026-08-17T18:48:05Z,2026-08-17T18:48:05Z,
173.234.225.18,ipv4,attack,high,WHITE,blocklist.de/all|blocklist.de/apache|blocklist.de/mail|ziyadnz/hourly-ipv4,blocklist.de|brute-force|apache|rfi|ddos|spam|mail|ziyadnz|hourly,2026-08-17T18:48:05Z,2026-08-17T18:48:05Z,
173.234.225.19,ipv4,attack,high,WHITE,blocklist.de/all|blocklist.de/apache|blocklist.de/mail|ziyadnz/hourly-ipv4,blocklist.de|brute-force|apache|rfi|ddos|spam|mail|ziyadnz|hourly,2026-08-17T18:48:05Z,2026-08-17T18:48:05Z,
173.234.225.20,ipv4,attack,high,WHITE,blocklist.de/all|blocklist.de/apache|blocklist.de/mail|ziyadnz/hourly-ipv4,blocklist.de|brute-force|apache|rfi|ddos|spam|mail|ziyadnz|hourly,2026-08-17T18:48:05Z,2026-08-17T18:48:05Z,
173.234.225.21,ipv4,attack,high,WHITE,blocklist.de/all|blocklist.de/apache|blocklist.de/mail|ziyadnz/hourly-ipv4,blocklist.de|brute-force|apache|rfi|ddos|spam|mail|ziyadnz|hourly,2026-08-17T18:48:05Z,2026-08-17T18:48:05Z,
173.234.225.22,ipv4,attack,high,WHITE,blocklist.de/all|blocklist.de/apache|blocklist.de/mail|ziyadnz/hourly-ipv4,blocklist.de|brute-force|apache|rfi|ddos|spam|mail|ziyadnz|hourly,2026-08-17T18:48:05Z,2026-08-17T18:48:05Z,
173.234.225.23,ipv4,attack,high,WHITE,blocklist.de/all|blocklist.de/apache|blocklist.de/mail|ziyadnz/hourly-ipv4,blocklist.de|brute-force|apache|rfi|ddos|spam|mail|ziyadnz|hourly,2026-08-17T18:48:05Z,2026-08-17T18:48:05Z,
173.234.225.24,ipv4,attack,high,WHITE,blocklist.de/all|blocklist.de/apache|blocklist.de/mail|ziyadnz/hourly-ipv4,blocklist.de|brute-force|apache|rfi|ddos|spam|mail|ziyadnz|hourly,2026-08-17T18:48:05Z,2026-08-17T18:48:05Z,
173.234.225.25,ipv4,attack,high,WHITE,blocklist.de/all|blocklist.de/apache|blocklist.de/mail|ziyadnz/hourly-ipv4,blocklist.de|brute-force|apache|rfi|ddos|spam|mail|ziyadnz|hourly,2026-08-17T18:48:05Z,2026-08-17T18:48:05Z,
173.234.225.26,ipv4,attack,high,WHITE,blocklist.de/all|blocklist.de/apache|blocklist.de/mail|ziyadnz/hourly-ipv4,blocklist.de|brute-force|apache|rfi|ddos|spam|mail|ziyadnz|hourly,2026-08-17T18:48:05Z,2026-08-17T18:48:05Z,
173.234.225.27,ipv4,attack,high,WHITE,blocklist.de/all|blocklist.de/apache|blocklist.de/mail|ziyadnz/hourly-ipv4,blocklist.de|brute-force|apache|rfi|ddos|spam|mail|ziyadnz|hourly,2026-08-17T18:48:05Z,2026-08-17T18:48:05Z,
173.234.225.28,ipv4,attack,high,WHITE,blocklist.de/all|blocklist.de/apache|blocklist.de/mail|ziyadnz/hourly-ipv4,blocklist.de|brute-force|apache|rfi|ddos|spam|mail|ziyadnz|hourly,2026-08-17T18:48:05Z,2026-08-17T18:48:05Z,
173.234.225.29,ipv4,attack,high,WHITE,blocklist.de/all|blocklist.de/apache|blocklist.de/mail|ziyadnz/hourly-ipv4,blocklist.de|brute-force|apache|rfi|ddos|spam|mail|ziyadnz|hourly,2026-08-17T18:48:05Z,2026-08-17T18:48:05Z,
173.234.225.30,ipv4,attack,high,WHITE,blocklist.de/all|blocklist.de/apache|blocklist.de/mail|ziyadnz/hourly-ipv4,blocklist.de|brute-force|apache|rfi|ddos|spam|mail|ziyadnz|hourly,2026-08-17T18:48:05Z,2026-08-17T18:48:05Z,
173.234.225.31,ipv4,attack,high,WHITE,blocklist.de/all|blocklist.de/apache|blocklist.de/mail|ziyadnz/hourly-ipv4,blocklist.de|brute-force|apache|rfi|ddos|spam|mail|ziyadnz|hourly,2026-08-17T18:48:05Z,2026-08-17T18:48:05Z,
173.234.225.32,ipv4,attack,high,WHITE,blocklist.de/all|blocklist.de/apache|blocklist.de/mail|ziyadnz/hourly-ipv4,blocklist.de|brute-force|apache|rfi|ddos|spam|mail|ziyadnz|hourly,2026-08-17T18:48:05Z,2026-08-17T18:48:05Z,
173.234.225.33,ipv4,attack,high,WHITE,blocklist.de/all|blocklist.de/apache|blocklist.de/mail|ziyadnz/hourly-ipv4,blocklist.de|brute-force|apache|rfi|ddos|spam|mail|ziyadnz|hourly,2026-08-17T18:48:05Z,2026-08-17T18:48:05Z,
173.234.225.34,ipv4,attack,high,WHITE,blocklist.de/all|blocklist.de/apache|blocklist.de/mail|ziyadnz/hourly-ipv4,blocklist.de|brute-force|apache|rfi|ddos|spam|mail|ziyadnz|hourly,2026-08-17T18:48:05Z,2026-08-17T18:48:05Z,
173.234.225.35,ipv4,attack,high,WHITE,blocklist.de/all|blocklist.de/apache|blocklist.de/mail|ziyadnz/hourly-ipv4,blocklist.de|brute-force|apache|rfi|ddos|spam|mail|ziyadnz|hourly,2026-08-17T18:48:05Z,2026-08-17T18:48:05Z,
173.234.225.36,ipv4,attack,high,WHITE,blocklist.de/all|blocklist.de/apache|blocklist.de/mail|ziyadnz/hourly-ipv4,blocklist.de|brute-force|apache|rfi|ddos|spam|mail|ziyadnz|hourly,2026-08-17T18:48:05Z,2026-08-17T18:48:05Z,
173.234.225.37,ipv4,attack,high,WHITE,blocklist.de/all|blocklist.de/apache|blocklist.de/mail|ziyadnz/hourly-ipv4,blocklist.de|brute-force|apache|rfi|ddos|spam|mail|ziyadnz|hourly,2026-08-17T18:48:05Z,2026-08-17T18:48:05Z,
173.234.225.38,ipv4,attack,high,WHITE,blocklist.de/all|blocklist.de/apache|blocklist.de/mail|ziyadnz/hourly-ipv4,blocklist.de|brute-force|apache|rfi|ddos|spam|mail|ziyadnz|hourly,2026-08-17T18:48:05Z,2026-08-17T18:48:05Z,
173.234.225.39,ipv4,attack,high,WHITE,blocklist.de/all|blocklist.de/apache|blocklist.de/mail|ziyadnz/hourly-ipv4,blocklist.de|brute-force|apache|rfi|ddos|spam|mail|ziyadnz|hourly,2026-08-17T18:48:05Z,2026-08-17T18:48:05Z,
173.234.225.40,ipv4,attack,high,WHITE,blocklist.de/all|blocklist.de/apache|blocklist.de/mail|ziyadnz/hourly-ipv4,blocklist.de|brute-force|apache|rfi|ddos|spam|mail|ziyadnz|hourly,2026-08-17T18:48:05Z,2026-08-17T18:48:05Z,
173.234.225.41,ipv4,attack,high,WHITE,blocklist.de/all|blocklist.de/apache|blocklist.de/mail|ziyadnz/hourly-ipv4,blocklist.de|brute-force|apache|rfi|ddos|spam|mail|ziyadnz|hourly,2026-08-17T18:48:05Z,2026-08-17T18:48:05Z,
173.234.225.42,ipv4,attack,high,WHITE,blocklist.de/all|blocklist.de/apache|blocklist.de/mail|ziyadnz/hourly-ipv4,blocklist.de|brute-force|apache|rfi|ddos|spam|mail|ziyadnz|hourly,2026-08-17T18:48:05Z,2026-08-17T18:48:05Z,
173.234.225.43,ipv4,attack,high,WHITE,blocklist.de/all|blocklist.de/apache|blocklist.de/mail|ziyadnz/hourly-ipv4,blocklist.de|brute-force|apache|rfi|ddos|spam|mail|ziyadnz|hourly,2026-08-17T18:48:05Z,2026-08-17T18:48:05Z,
173.234.225.44,ipv4,attack,high,WHITE,blocklist.de/all|blocklist.de/apache|blocklist.de/mail|ziyadnz/hourly-ipv4,blocklist.de|brute-force|apache|rfi|ddos|spam|mail|ziyadnz|hourly,2026-08-17T18:48:05Z,2026-08-17T18:48:05Z,
173.234.225.45,ipv4,attack,high,WHITE,blocklist.de/all|blocklist.de/apache|blocklist.de/mail|ziyadnz/hourly-ipv4,blocklist.de|brute-force|apache|rfi|ddos|spam|mail|ziyadnz|hourly,2026-08-17T18:48:05Z,2026-08-17T18:48:05Z,
173.234.225.46,ipv4,attack,high,WHITE,blocklist.de/all|blocklist.de/apache|blocklist.de/mail|ziyadnz/hourly-ipv4,blocklist.de|brute-force|apache|rfi|ddos|spam|mail|ziyadnz|hourly,2026-08-17T18:48:05Z,2026-08-17T18:48:05Z,
173.234.225.47,ipv4,attack,high,WHITE,blocklist.de/all|blocklist.de/apache|blocklist.de/mail|ziyadnz/hourly-ipv4,blocklist.de|brute-force|apache|rfi|ddos|spam|mail|ziyadnz|hourly,2026-08-17T18:48:05Z,2026-08-17T18:48:05Z,
173.234.225.48,ipv4,attack,high,WHITE,blocklist.de/all|blocklist.de/apache|blocklist.de/mail|ziyadnz/hourly-ipv4,blocklist.de|brute-force|apache|rfi|ddos|spam|mail|ziyadnz|hourly,2026-08-17T18:48:05Z,2026-08-17T18:48:05Z,
173.234.225.49,ipv4,attack,high,WHITE,blocklist.de/all|blocklist.de/apache|blocklist.de/mail|ziyadnz/hourly-ipv4,blocklist.de|brute-force|apache|rfi|ddos|spam|mail|ziyadnz|hourly,2026-08-17T18:48:05Z,2026-08-17T18:48:05Z,
173.234.225.50,ipv4,attack,high,WHITE,blocklist.de/all|blocklist.de/apache|blocklist.de/mail|ziyadnz/hourly-ipv4,blocklist.de|brute-force|apache|rfi|ddos|spam|mail|ziyadnz|hourly,2026-08-17T18:48:05Z,2026-08-17T18:48:05Z,
173.234.225.51,ipv4,attack,high,WHITE,blocklist.de/all|blocklist.de/apache|blocklist.de/mail|ziyadnz/hourly-ipv4,blocklist.de|brute-force|apache|rfi|ddos|spam|mail|ziyadnz|hourly,2026-08-17T18:48:05Z,2026-08-17T18:48:05Z,
173.234.225.52,ipv4,attack,high,WHITE,blocklist.de/all|blocklist.de/apache|blocklist.de/mail|ziyadnz/hourly-ipv4,blocklist.de|brute-force|apache|rfi|ddos|spam|mail|ziyadnz|hourly,2026-08-17T18:48:05Z,2026-08-17T18:48:05Z,
173.234.225.53,ipv4,attack,high,WHITE,blocklist.de/all|blocklist.de/apache|blocklist.de/mail|ziyadnz/hourly-ipv4,blocklist.de|brute-force|apache|rfi|ddos|spam|mail|ziyadnz|hourly,2026-08-17T18:48:05Z,2026-08-17T18:48:05Z,
173.234.225.54,ipv4,attack,high,WHITE,blocklist.de/all|blocklist.de/apache|blocklist.de/mail|ziyadnz/hourly-ipv4,blocklist.de|brute-force|apache|rfi|ddos|spam|mail|ziyadnz|hourly,2026-08-17T18:48:05Z,2026-08-17T18:48:05Z,
173.234.225.55,ipv4,attack,high,WHITE,blocklist.de/all|blocklist.de/apache|blocklist.de/mail|ziyadnz/hourly-ipv4,blocklist.de|brute-force|apache|rfi|ddos|spam|mail|ziyadnz|hourly,2026-08-17T18:48:05Z,2026-08-17T18:48:05Z,
173.234.225.56,ipv4,attack,high,WHITE,blocklist.de/all|blocklist.de/apache|blocklist.de/mail|ziyadnz/hourly-ipv4,blocklist.de|brute-force|apache|rfi|ddos|spam|mail|ziyadnz|hourly,2026-08-17T18:48:05Z,2026-08-17T18:48:05Z,
173.234.225.57,ipv4,attack,high,WHITE,blocklist.de/all|blocklist.de/apache|blocklist.de/mail|ziyadnz/hourly-ipv4,blocklist.de|brute-force|apache|rfi|ddos|spam|mail|ziyadnz|hourly,2026-08-17T18:48:05Z,2026-08-17T18:48:05Z,
173.234.225.58,ipv4,attack,high,WHITE,blocklist.de/all|blocklist.de/apache|blocklist.de/mail|ziyadnz/hourly-ipv4,blocklist.de|brute-force|apache|rfi|ddos|spam|mail|ziyadnz|hourly,2026-08-17T18:48:05Z,2026-08-17T18:48:05Z,
173.234.225.59,ipv4,attack,high,WHITE,blocklist.de/all|blocklist.de/apache|blocklist.de/mail|ziyadnz/hourly-ipv4,blocklist.de|brute-force|apache|rfi|ddos|spam|mail|ziyadnz|hourly,2026-08-17T18:48:05Z,2026-08-17T18:48:05Z,
173.234.225.60,ipv4,attack,high,WHITE,blocklist.de/all|blocklist.de/apache|blocklist.de/mail|ziyadnz/hourly-ipv4,blocklist.de|brute-force|apache|rfi|ddos|spam|mail|ziyadnz|hourly,2026-08-17T18:48:05Z,2026-08-17T18:48:05Z,
173.234.225.61,ipv4,attack,high,WHITE,blocklist.de/all|blocklist.de/apache|blocklist.de/mail|ziyadnz/hourly-ipv4,blocklist.de|brute-force|apache|rfi|ddos|spam|mail|ziyadnz|hourly,2026-08-17T18:48:05Z,2026-08-17T18:48:05Z,
173.234.225.62,ipv4,attack,high,WHITE,blocklist.de/all|blocklist.de/apache|blocklist.de/mail|ziyadnz/hourly-ipv4,blocklist.de|brute-force|apache|rfi|ddos|spam|mail|ziyadnz|hourly,2026-08-17T18:48:05Z,2026-08-17T18:48:05Z,
173.234.225.63,ipv4,attack,high,WHITE,blocklist.de/all|blocklist.de/apache|blocklist.de/mail|ziyadnz/hourly-ipv4,blocklist.de|brute-force|apache|rfi|ddos|spam|mail|ziyadnz|hourly,2026-08-17T18:48:05Z,2026-08-17T18:48:05Z,
173.234.225.64,ipv4,attack,high,WHITE,blocklist.de/all|blocklist.de/apache|blocklist.de/mail|ziyadnz/hourly-ipv4,blocklist.de|brute-force|apache|rfi|ddos|spam|mail|ziyadnz|hourly,2026-08-17T18:48:05Z,2026-08-17T18:48:05Z,
173.234.225.65,ipv4,attack,high,WHITE,blocklist.de/all|blocklist.de/apache|blocklist.de/mail|ziyadnz/hourly-ipv4,blocklist.de|brute-force|apache|rfi|ddos|spam|mail|ziyadnz|hourly,2026-08-17T18:48:05Z,2026-08-17T18:48:05Z,
173.234.225.66,ipv4,attack,high,WHITE,blocklist.de/all|blocklist.de/apache|blocklist.de/mail|ziyadnz/hourly-ipv4,blocklist.de|brute-force|apache|rfi|ddos|spam|mail|ziyadnz|hourly,2026-08-17T18:48:05Z,2026-08-17T18:48:05Z,
173.234.225.67,ipv4,attack,high,WHITE,blocklist.de/all|blocklist.de/apache|blocklist.de/mail|ziyadnz/hourly-ipv4,blocklist.de|brute-force|apache|rfi|ddos|spam|mail|ziyadnz|hourly,2026-08-17T18:48:05Z,2026-08-17T18:48:05Z,
173.234.225.68,ipv4,attack,high,WHITE,blocklist.de/all|blocklist.de/apache|blocklist.de/mail|ziyadnz/hourly-ipv4,blocklist.de|brute-force|apache|rfi|ddos|spam|mail|ziyadnz|hourly,2026-08-17T18:48:05Z,2026-08-17T18:48:05Z,
173.234.225.69,ipv4,attack,high,WHITE,blocklist.de/all|blocklist.de/apache|blocklist.de/mail|ziyadnz/hourly-ipv4,blocklist.de|brute-force|apache|rfi|ddos|spam|mail|ziyadnz|hourly,2026-08-17T18:48:05Z,2026-08-17T18:48:05Z,
173.234.225.70,ipv4,attack,high,WHITE,blocklist.de/all|blocklist.de/apache|blocklist.de/mail|ziyadnz/hourly-ipv4,blocklist.de|brute-force|apache|rfi|ddos|spam|mail|ziyadnz|hourly,2026-08-17T18:48:05Z,2026-08-17T18:48:05Z,
173.234.225.71,ipv4,attack,high,WHITE,blocklist.de/all|blocklist.de/apache|blocklist.de/mail|ziyadnz/hourly-ipv4,blocklist.de|brute-force|apache|rfi|ddos|spam|mail|ziyadnz|hourly,2026-08-17T18:48:05Z,2026-08-17T18:48:05Z,
173.234.225.72,ipv4,attack,high,WHITE,blocklist.de/all|blocklist.de/apache|blocklist.de/mail|ziyadnz/hourly-ipv4,blocklist.de|brute-force|apache|rfi|ddos|spam|mail|ziyadnz|hourly,2026-08-17T18:48:05Z,2026-08-17T18:48:05Z,
173.234.225.73,ipv4,attack,high,WHITE,blocklist.de/all|blocklist.de/apache|blocklist.de/mail|ziyadnz/hourly-ipv4,blocklist.de|brute-force|apache|rfi|ddos|spam|mail|ziyadnz|hourly,2026-08-17T18:48:05Z,2026-08-17T18:48:05Z,
173.234.225.74,ipv4,attack,high,WHITE,blocklist.de/all|blocklist.de/apache|blocklist.de/mail|ziyadnz/hourly-ipv4,blocklist.de|brute-force|apache|rfi|ddos|spam|mail|ziyadnz|hourly,2026-08-17T18:48:05Z,2026-08-17T18:48:05Z,
173.234.225.75,ipv4,attack,high,WHITE,blocklist.de/all|blocklist.de/apache|blocklist.de/mail|ziyadnz/hourly-ipv4,blocklist.de|brute-force|apache|rfi|ddos|spam|mail|ziyadnz|hourly,2026-08-17T18:48:05Z,2026-08-17T18:48:05Z,
173.234.225.76,ipv4,attack,high,WHITE,blocklist.de/all|blocklist.de/apache|blocklist.de/mail|ziyadnz/hourly-ipv4,blocklist.de|brute-force|apache|rfi|ddos|spam|mail|ziyadnz|hourly,2026-08-17T18:48:05Z,2026-08-17T18:48:05Z,
173.234.225.77,ipv4,attack,high,WHITE,blocklist.de/all|blocklist.de/apache|blocklist.de/mail|ziyadnz/hourly-ipv4,blocklist.de|brute-force|apache|rfi|ddos|spam|mail|ziyadnz|hourly,2026-08-17T18:48:05Z,2026-08-17T18:48:05Z,
173.234.225.78,ipv4,attack,high,WHITE,blocklist.de/all|blocklist.de/apache|blocklist.de/mail|ziyadnz/hourly-ipv4,blocklist.de|brute-force|apache|rfi|ddos|spam|mail|ziyadnz|hourly,2026-08-17T18:48:05Z,2026-08-17T18:48:05Z,
173.234.225.79,ipv4,attack,high,WHITE,blocklist.de/all|blocklist.de/apache|blocklist.de/mail|ziyadnz/hourly-ipv4,blocklist.de|brute-force|apache|rfi|ddos|spam|mail|ziyadnz|hourly,2026-08-17T18:48:05Z,2026-08-17T18:48:05Z,
173.234.225.80,ipv4,attack,high,WHITE,blocklist.de/all|blocklist.de/apache|blocklist.de/mail|ziyadnz/hourly-ipv4,blocklist.de|brute-force|apache|rfi|ddos|spam|mail|ziyadnz|hourly,2026-08-17T18:48:05Z,2026-08-17T18:48:05Z,
173.234.225.81,ipv4,attack,high,WHITE,blocklist.de/all|blocklist.de/apache|blocklist.de/mail|ziyadnz/hourly-ipv4,blocklist.de|brute-force|apache|rfi|ddos|spam|mail|ziyadnz|hourly,2026-08-17T18:48:05Z,2026-08-17T18:48:05Z,
173.234.225.82,ipv4,attack,high,WHITE,blocklist.de/all|blocklist.de/apache|blocklist.de/mail|ziyadnz/hourly-ipv4,blocklist.de|brute-force|apache|rfi|ddos|spam|mail|ziyadnz|hourly,2026-08-17T18:48:05Z,2026-08-17T18:48:05Z,
173.234.225.83,ipv4,attack,high,WHITE,blocklist.de/all|blocklist.de/apache|blocklist.de/mail|ziyadnz/hourly-ipv4,blocklist.de|brute-force|apache|rfi|ddos|spam|mail|ziyadnz|hourly,2026-08-17T18:48:05Z,2026-08-17T18:48:05Z,
173.234.225.84,ipv4,attack,high,WHITE,blocklist.de/all|blocklist.de/apache|blocklist.de/mail|ziyadnz/hourly-ipv4,blocklist.de|brute-force|apache|rfi|ddos|spam|mail|ziyadnz|hourly,2026-08-17T18:48:05Z,2026-08-17T18:48:05Z,
173.234.225.85,ipv4,attack,high,WHITE,blocklist.de/all|blocklist.de/apache|blocklist.de/mail|ziyadnz/hourly-ipv4,blocklist.de|brute-force|apache|rfi|ddos|spam|mail|ziyadnz|hourly,2026-08-17T18:48:05Z,2026-08-17T18:48:05Z,
173.234.225.86,ipv4,attack,high,WHITE,blocklist.de/all|blocklist.de/apache|blocklist.de/mail|ziyadnz/hourly-ipv4,blocklist.de|brute-force|apache|rfi|ddos|spam|mail|ziyadnz|hourly,2026-08-17T18:48:05Z,2026-08-17T18:48:05Z,
173.234.225.87,ipv4,attack,high,WHITE,blocklist.de/all|blocklist.de/apache|blocklist.de/mail|ziyadnz/hourly-ipv4,blocklist.de|brute-force|apache|rfi|ddos|spam|mail|ziyadnz|hourly,2026-08-17T18:48:05Z,2026-08-17T18:48:05Z,
173.234.225.88,ipv4,attack,high,WHITE,blocklist.de/all|blocklist.de/apache|blocklist.de/mail|ziyadnz/hourly-ipv4,blocklist.de|brute-force|apache|rfi|ddos|spam|mail|ziyadnz|hourly,2026-08-17T18:48:05Z,2026-08-17T18:48:05Z,
173.234.225.89,ipv4,attack,high,WHITE,blocklist.de/all|blocklist.de/apache|blocklist.de/mail|ziyadnz/hourly-ipv4,blocklist.de|brute-force|apache|rfi|ddos|spam|mail|ziyadnz|hourly,2026-08-17T18:48:05Z,2026-08-17T18:48:05Z,
173.234.225.90,ipv4,attack,high,WHITE,blocklist.de/all|blocklist.de/apache|blocklist.de/mail|ziyadnz/hourly-ipv4,blocklist.de|brute-force|apache|rfi|ddos|spam|mail|ziyadnz|hourly,2026-08-17T18:48:05Z,2026-08-17T18:48:05Z,
173.234.225.91,ipv4,attack,high,WHITE,blocklist.de/all|blocklist.de/apache|blocklist.de/mail|ziyadnz/hourly-ipv4,blocklist.de|brute-force|apache|rfi|ddos|spam|mail|ziyadnz|hourly,2026-08-17T18:48:05Z,2026-08-17T18:48:05Z,
173.234.225.92,ipv4,attack,high,WHITE,blocklist.de/all|blocklist.de/apache|blocklist.de/mail|ziyadnz/hourly-ipv4,blocklist.de|brute-force|apache|rfi|ddos|spam|mail|ziyadnz|hourly,2026-08-17T18:48:05Z,2026-08-17T18:48:05Z,
173.234.225.93,ipv4,attack,high,WHITE,blocklist.de/all|blocklist.de/apache|blocklist.de/mail|ziyadnz/hourly-ipv4,blocklist.de|brute-force|apache|rfi|ddos|spam|mail|ziyadnz|hourly,2026-08-17T18:48:05Z,2026-08-17T18:48:05Z,
173.234.225.94,ipv4,attack,high,WHITE,blocklist.de/all|blocklist.de/apache|blocklist.de/mail|ziyadnz/hourly-ipv4,blocklist.de|brute-force|apache|rfi|ddos|spam|mail|ziyadnz|hourly,2026-08-17T18:48:05Z,2026-08-17T18:48:05Z,
173.234.225.95,ipv4,attack,high,WHITE,blocklist.de/all|blocklist.de/apache|blocklist.de/mail|ziyadnz/hourly-ipv4,blocklist.de|brute-force|apache|rfi|ddos|spam|mail|ziyadnz|hourly,2026-08-17T18:48:05Z,2026-08-17T18:48:05Z,
173.234.225.96,ipv4,attack,high,WHITE,blocklist.de/all|blocklist.de/apache|blocklist.de/mail|ziyadnz/hourly-ipv4,blocklist.de|brute-force|apache|rfi|ddos|spam|mail|ziyadnz|hourly,2026-08-17T18:48:05Z,2026-08-17T18:48:05Z,
173.234.225.97,ipv4,attack,high,WHITE,blocklist.de/all|blocklist.de/apache|blocklist.de/mail|ziyadnz/hourly-ipv4,blocklist.de|brute-force|apache|rfi|ddos|spam|mail|ziyadnz|hourly,2026-08-17T18:48:05Z,2026-08-17T18:48:05Z,
173.234.225.98,ipv4,attack,high,WHITE,blocklist.de/all|blocklist.de/apache|blocklist.de/mail|ziyadnz/hourly-ipv4,blocklist.de|brute-force|apache|rfi|ddos|spam|mail|ziyadnz|hourly,2026-08-17T18:48:05Z,2026-08-17T18:48:05Z,
173.234.225.99,ipv4,attack,high,WHITE,blocklist.de/all|blocklist.de/apache|blocklist.de/mail|ziyadnz/hourly-ipv4,blocklist.de|brute-force|apache|rfi|ddos|spam|mail|ziyadnz|hourly,2026-08-17T18:48:05Z,2026-08-17T18:48:05Z,
173.234.225.100,ipv4,attack,high,WHITE,blocklist.de/all|blocklist.de/apache|blocklist.de/mail|ziyadnz/hourly-ipv4,blocklist.de|brute-force|apache|rfi|ddos|spam|mail|ziyadnz|hourly,2026-08-17T18:48:05Z,2026-08-17T18:48:05Z,
173.234.225.101,ipv4,attack,high,WHITE,blocklist.de/all|blocklist.de/apache|blocklist.de/mail|ziyadnz/hourly-ipv4,blocklist.de|brute-force|apache|rfi|ddos|spam|mail|ziyadnz|hourly,2026-08-17T18:48:05Z,2026-08-17T18:48:05Z,
173.234.225.102,ipv4,attack,high,WHITE,blocklist.de/all|blocklist.de/apache|blocklist.de/mail|ziyadnz/hourly-ipv4,blocklist.de|brute-force|apache|rfi|ddos|spam|mail|ziyadnz|hourly,2026-08-17T18:48:05Z,2026-08-17T18:48:05Z,
173.234.225.103,ipv4,attack,high,WHITE,blocklist.de/all|blocklist.de/apache|blocklist.de/mail|ziyadnz/hourly-ipv4,blocklist.de|brute-force|apache|rfi|ddos|spam|mail|ziyadnz|hourly,2026-08-17T18:48:05Z,2026-08-17T18:48:05Z,
173.234.225.104,ipv4,attack,high,WHITE,blocklist.de/all|blocklist.de/apache|blocklist.de/mail|ziyadnz/hourly-ipv4,blocklist.de|brute-force|apache|rfi|ddos|spam|mail|ziyadnz|hourly,2026-08-17T18:48:05Z,2026-08-17T18:48:05Z,
173.234.225.105,ipv4,attack,high,WHITE,blocklist.de/all|blocklist.de/apache|blocklist.de/mail|ziyadnz/hourly-ipv4,blocklist.de|brute-force|apache|rfi|ddos|spam|mail|ziyadnz|hourly,2026-08-17T18:48:05Z,2026-08-17T18:48:05Z,
173.234.225.106,ipv4,attack,high,WHITE,blocklist.de/all|blocklist.de/apache|blocklist.de/mail|ziyadnz/hourly-ipv4,blocklist.de|brute-force|apache|rfi|ddos|spam|mail|ziyadnz|hourly,2026-08-17T18:48:05Z,2026-08-17T18:48:05Z,
173.234.225.107,ipv4,attack,high,WHITE,blocklist.de/all|blocklist.de/apache|blocklist.de/mail|ziyadnz/hourly-ipv4,blocklist.de|brute-force|apache|rfi|ddos|spam|mail|ziyadnz|hourly,2026-08-17T18:48:05Z,2026-08-17T18:48:05Z,
173.234.225.108,ipv4,attack,high,WHITE,blocklist.de/all|blocklist.de/apache|blocklist.de/mail|ziyadnz/hourly-ipv4,blocklist.de|brute-force|apache|rfi|ddos|spam|mail|ziyadnz|hourly,2026-08-17T18:48:05Z,2026-08-17T18:48:05Z,
173.234.225.109,ipv4,attack,high,WHITE,blocklist.de/all|blocklist.de/apache|blocklist.de/mail|ziyadnz/hourly-ipv4,blocklist.de|brute-force|apache|rfi|ddos|spam|mail|ziyadnz|hourly,2026-08-17T18:48:05Z,2026-08-17T18:48:05Z,
173.234.225.110,ipv4,attack,high,WHITE,blocklist.de/all|blocklist.de/apache|blocklist.de/mail|ziyadnz/hourly-ipv4,blocklist.de|brute-force|apache|rfi|ddos|spam|mail|ziyadnz|hourly,2026-08-17T18:48:05Z,2026-08-17T18:48:05Z,
173.234.225.111,ipv4,attack,high,WHITE,blocklist.de/all|blocklist.de/apache|blocklist.de/mail|ziyadnz/hourly-ipv4,blocklist.de|brute-force|apache|rfi|ddos|spam|mail|ziyadnz|hourly,2026-08-17T18:48:05Z,2026-08-17T18:48:05Z,
173.234.225.112,ipv4,attack,high,WHITE,blocklist.de/all|blocklist.de/apache|blocklist.de/mail|ziyadnz/hourly-ipv4,blocklist.de|brute-force|apache|rfi|ddos|spam|mail|ziyadnz|hourly,2026-08-17T18:48:05Z,2026-08-17T18:48:05Z,
173.234.225.113,ipv4,attack,high,WHITE,blocklist.de/all|blocklist.de/apache|blocklist.de/mail|ziyadnz/hourly-ipv4,blocklist.de|brute-force|apache|rfi|ddos|spam|mail|ziyadnz|hourly,2026-08-17T18:48:05Z,2026-08-17T18:48:05Z,
173.234.225.114,ipv4,attack,high,WHITE,blocklist.de/all|blocklist.de/apache|blocklist.de/mail|ziyadnz/hourly-ipv4,blocklist.de|brute-force|apache|rfi|ddos|spam|mail|ziyadnz|hourly,2026-08-17T18:48:05Z,2026-08-17T18:48:05Z,
173.234.225.115,ipv4,attack,high,WHITE,blocklist.de/all|blocklist.de/apache|blocklist.de/mail|ziyadnz/hourly-ipv4,blocklist.de|brute-force|apache|rfi|ddos|spam|mail|ziyadnz|hourly,2026-08-17T18:48:05Z,2026-08-17T18:48:05Z,
173.234.225.116,ipv4,attack,high,WHITE,blocklist.de/all|blocklist.de/apache|blocklist.de/mail|ziyadnz/hourly-ipv4,blocklist.de|brute-force|apache|rfi|ddos|spam|mail|ziyadnz|hourly,2026-08-17T18:48:05Z,2026-08-17T18:48:05Z,
173.234.225.117,ipv4,attack,high,WHITE,blocklist.de/all|blocklist.de/apache|blocklist.de/mail|ziyadnz/hourly-ipv4,blocklist.de|brute-force|apache|rfi|ddos|spam|mail|ziyadnz|hourly,2026-08-17T18:48:05Z,2026-08-17T18:48:05Z,
173.234.225.118,ipv4,attack,high,WHITE,blocklist.de/all|blocklist.de/apache|blocklist.de/mail|ziyadnz/hourly-ipv4,blocklist.de|brute-force|apache|rfi|ddos|spam|mail|ziyadnz|hourly,2026-08-17T18:48:05Z,2026-08-17T18:48:05Z,
173.234.225.119,ipv4,attack,high,WHITE,blocklist.de/all|blocklist.de/apache|blocklist.de/mail|ziyadnz/hourly-ipv4,blocklist.de|brute-force|apache|rfi|ddos|spam|mail|ziyadnz|hourly,2026-08-17T18:48:05Z,2026-08-17T18:48:05Z,
173.234.225.120,ipv4,attack,high,WHITE,blocklist.de/all|blocklist.de/apache|blocklist.de/mail|ziyadnz/hourly-ipv4,blocklist.de|brute-force|apache|rfi|ddos|spam|mail|ziyadnz|hourly,2026-08-17T18:48:05Z,2026-08-17T18:48:05Z,
173.234.225.121,ipv4,attack,high,WHITE,blocklist.de/all|blocklist.de/apache|blocklist.de/mail|ziyadnz/hourly-ipv4,blocklist.de|brute-force|apache|rfi|ddos|spam|mail|ziyadnz|hourly,2026-08-17T18:48:05Z,2026-08-17T18:48:05Z,
173.234.225.122,ipv4,attack,high,WHITE,blocklist.de/all|blocklist.de/apache|blocklist.de/mail|ziyadnz/hourly-ipv4,blocklist.de|brute-force|apache|rfi|ddos|spam|mail|ziyadnz|hourly,2026-08-17T18:48:05Z,2026-08-17T18:48:05Z,
173.234.225.123,ipv4,attack,high,WHITE,blocklist.de/all|blocklist.de/apache|blocklist.de/mail|ziyadnz/hourly-ipv4,blocklist.de|brute-force|apache|rfi|ddos|spam|mail|ziyadnz|hourly,2026-08-17T18:48:05Z,2026-08-17T18:48:05Z,
173.234.225.124,ipv4,attack,high,WHITE,blocklist.de/all|blocklist.de/apache|blocklist.de/mail|ziyadnz/hourly-ipv4,blocklist.de|brute-force|apache|rfi|ddos|spam|mail|ziyadnz|hourly,2026-08-17T18:48:05Z,2026-08-17T18:48:05Z,
173.234.225.125,ipv4,attack,high,WHITE,blocklist.de/all|blocklist.de/apache|blocklist.de/mail|ziyadnz/hourly-ipv4,blocklist.de|brute-force|apache|rfi|ddos|spam|mail|ziyadnz|hourly,2026-08-17T18:48:05Z,2026-08-17T18:48:05Z,
173.234.225.126,ipv4,attack,high,WHITE,blocklist.de/all|blocklist.de/apache|blocklist.de/mail|ziyadnz/hourly-ipv4,blocklist.de|brute-force|apache|rfi|ddos|spam|mail|ziyadnz|hourly,2026-08-17T18:48:05Z,2026-08-17T18:48:05Z,
173.234.225.127,ipv4,attack,high,WHITE,blocklist.de/all|blocklist.de/apache|blocklist.de/mail|ziyadnz/hourly-ipv4,blocklist.de|brute-force|apache|rfi|ddos|spam|mail|ziyadnz|hourly,2026-08-17T18:48:05Z,2026-08-17T18:48:05Z,
173.234.225.128,ipv4,attack,high,WHITE,blocklist.de/all|blocklist.de/apache|blocklist.de/mail|ziyadnz/hourly-ipv4,blocklist.de|brute-force|apache|rfi|ddos|spam|mail|ziyadnz|hourly,2026-08-17T18:48:05Z,2026-08-17T18:48:05Z,
173.234.225.129,ipv4,attack,high,WHITE,blocklist.de/all|blocklist.de/apache|blocklist.de/mail|ziyadnz/hourly-ipv4,blocklist.de|brute-force|apache|rfi|ddos|spam|mail|ziyadnz|hourly,2026-08-17T18:48:05Z,2026-08-17T18:48:05Z,
173.234.225.130,ipv4,attack,high,WHITE,blocklist.de/all|blocklist.de/apache|blocklist.de/mail|ziyadnz/hourly-ipv4,blocklist.de|brute-force|apache|rfi|ddos|spam|mail|ziyadnz|hourly,2026-08-17T18:48:05Z,2026-08-17T18:48:05Z,
173.234.225.131,ipv4,attack,high,WHITE,blocklist.de/all|blocklist.de/apache|blocklist.de/mail|ziyadnz/hourly-ipv4,blocklist.de|brute-force|apache|rfi|ddos|spam|mail|ziyadnz|hourly,2026-08-17T18:48:05Z,2026-08-17T18:48:05Z,
173.234.225.132,ipv4,attack,high,WHITE,blocklist.de/all|blocklist.de/apache|blocklist.de/mail|ziyadnz/hourly-ipv4,blocklist.de|brute-force|apache|rfi|ddos|spam|mail|ziyadnz|hourly,2026-08-17T18:48:05Z,2026-08-17T18:48:05Z,
173.234.225.133,ipv4,attack,high,WHITE,blocklist.de/all|blocklist.de/apache|blocklist.de/mail|ziyadnz/hourly-ipv4,blocklist.de|brute-force|apache|rfi|ddos|spam|mail|ziyadnz|hourly,2026-08-17T18:48:05Z,2026-08-17T18:48:05Z,
173.234.225.134,ipv4,attack,high,WHITE,blocklist.de/all|blocklist.de/apache|blocklist.de/mail|ziyadnz/hourly-ipv4,blocklist.de|brute-force|apache|rfi|ddos|spam|mail|ziyadnz|hourly,2026-08-17T18:48:05Z,2026-08-17T18:48:05Z,
173.234.225.135,ipv4,attack,high,WHITE,blocklist.de/all|blocklist.de/apache|blocklist.de/mail|ziyadnz/hourly-ipv4,blocklist.de|brute-force|apache|rfi|ddos|spam|mail|ziyadnz|hourly,2026-08-17T18:48:05Z,2026-08-17T18:48:05Z,
173.234.225.136,ipv4,attack,high,WHITE,blocklist.de/all|blocklist.de/apache|blocklist.de/mail|ziyadnz/hourly-ipv4,blocklist.de|brute-force|apache|rfi|ddos|spam|mail|ziyadnz|hourly,2026-08-17T18:48:05Z,2026-08-17T18:48:05Z,
173.234.225.137,ipv4,attack,high,WHITE,blocklist.de/all|blocklist.de/apache|blocklist.de/mail|ziyadnz/hourly-ipv4,blocklist.de|brute-force|apache|rfi|ddos|spam|mail|ziyadnz|hourly,2026-08-17T18:48:05Z,2026-08-17T18:48:05Z,
173.234.225.138,ipv4,attack,high,WHITE,blocklist.de/all|blocklist.de/apache|blocklist.de/mail|ziyadnz/hourly-ipv4,blocklist.de|brute-force|apache|rfi|ddos|spam|mail|ziyadnz|hourly,2026-08-17T18:48:05Z,2026-08-17T18:48:05Z,
173.234.225.139,ipv4,attack,high,WHITE,blocklist.de/all|blocklist.de/apache|blocklist.de/mail|ziyadnz/hourly-ipv4,blocklist.de|brute-force|apache|rfi|ddos|spam|mail|ziyadnz|hourly,2026-08-17T18:48:05Z,2026-08-17T18:48:05Z,
173.234.225.140,ipv4,attack,high,WHITE,blocklist.de/all|blocklist.de/apache|blocklist.de/mail|ziyadnz/hourly-ipv4,blocklist.de|brute-force|apache|rfi|ddos|spam|mail|ziyadnz|hourly,2026-08-17T18:48:05Z,2026-08-17T18:48:05Z,
173.234.225.141,ipv4,attack,high,WHITE,blocklist.de/all|blocklist.de/apache|blocklist.de/mail|ziyadnz/hourly-ipv4,blocklist.de|brute-force|apache|rfi|ddos|spam|mail|ziyadnz|hourly,2026-08-17T18:48:05Z,2026-08-17T18:48:05Z,
173.234.225.142,ipv4,attack,high,WHITE,blocklist.de/all|blocklist.de/apache|blocklist.de/mail|ziyadnz/hourly-ipv4,blocklist.de|brute-force|apache|rfi|ddos|spam|mail|ziyadnz|hourly,2026-08-17T18:48:05Z,2026-08-17T18:48:05Z,
173.234.225.143,ipv4,attack,high,WHITE,blocklist.de/all|blocklist.de/apache|blocklist.de/mail|ziyadnz/hourly-ipv4,blocklist.de|brute-force|apache|rfi|ddos|spam|mail|ziyadnz|hourly,2026-08-17T18:48:05Z,2026-08-17T18:48:05Z,
173.234.225.144,ipv4,attack,high,WHITE,blocklist.de/all|blocklist.de/apache|blocklist.de/mail|ziyadnz/hourly-ipv4,blocklist.de|brute-force|apache|rfi|ddos|spam|mail|ziyadnz|hourly,2026-08-17T18:48:05Z,2026-08-17T18:48:05Z,
173.234.225.145,ipv4,attack,high,WHITE,blocklist.de/all|blocklist.de/apache|blocklist.de/mail|ziyadnz/hourly-ipv4,blocklist.de|brute-force|apache|rfi|ddos|spam|mail|ziyadnz|hourly,2026-08-17T18:48:05Z,2026-08-17T18:48:05Z,
173.234.225.146,ipv4,attack,high,WHITE,blocklist.de/all|blocklist.de/apache|blocklist.de/mail|ziyadnz/hourly-ipv4,blocklist.de|brute-force|apache|rfi|ddos|spam|mail|ziyadnz|hourly,2026-08-17T18:48:05Z,2026-08-17T18:48:05Z,
173.234.225.147,ipv4,attack,high,WHITE,blocklist.de/all|blocklist.de/apache|blocklist.de/mail|ziyadnz/hourly-ipv4,blocklist.de|brute-force|apache|rfi|ddos|spam|mail|ziyadnz|hourly,2026-08-17T18:48:05Z,2026-08-17T18:48:05Z,
173.234.225.148,ipv4,attack,high,WHITE,blocklist.de/all|blocklist.de/apache|blocklist.de/mail|ziyadnz/hourly-ipv4,blocklist.de|brute-force|apache|rfi|ddos|spam|mail|ziyadnz|hourly,2026-08-17T18:48:05Z,2026-08-17T18:48:05Z,
173.234.225.149,ipv4,attack,high,WHITE,blocklist.de/all|blocklist.de/apache|blocklist.de/mail|ziyadnz/hourly-ipv4,blocklist.de|brute-force|apache|rfi|ddos|spam|mail|ziyadnz|hourly,2026-08-17T18:48:05Z,2026-08-17T18:48:05Z,
173.234.225.150,ipv4,attack,high,WHITE,blocklist.de/all|blocklist.de/apache|blocklist.de/mail|ziyadnz/hourly-ipv4,blocklist.de|brute-force|apache|rfi|ddos|spam|mail|ziyadnz|hourly,2026-08-17T18:48:05Z,2026-08-17T18:48:05Z,
173.234.225.151,ipv4,attack,high,WHITE,blocklist.de/all|blocklist.de/apache|blocklist.de/mail|ziyadnz/hourly-ipv4,blocklist.de|brute-force|apache|rfi|ddos|spam|mail|ziyadnz|hourly,2026-08-17T18:48:05Z,2026-08-17T18:48:05Z,
173.234.225.152,ipv4,attack,high,WHITE,blocklist.de/all|blocklist.de/apache|blocklist.de/mail|ziyadnz/hourly-ipv4,blocklist.de|brute-force|apache|rfi|ddos|spam|mail|ziyadnz|hourly,2026-08-17T18:48:05Z,2026-08-17T18:48:05Z,
173.234.225.153,ipv4,attack,high,WHITE,blocklist.de/all|blocklist.de/apache|blocklist.de/mail|ziyadnz/hourly-ipv4,blocklist.de|brute-force|apache|rfi|ddos|spam|mail|ziyadnz|hourly,2026-08-17T18:48:05Z,2026-08-17T18:48:05Z,
173.234.225.154,ipv4,attack,high,WHITE,blocklist.de/all|blocklist.de/apache|blocklist.de/mail|ziyadnz/hourly-ipv4,blocklist.de|brute-force|apache|rfi|ddos|spam|mail|ziyadnz|hourly,2026-08-17T18:48:05Z,2026-08-17T18:48:05Z,
173.234.225.155,ipv4,attack,high,WHITE,blocklist.de/all|blocklist.de/apache|blocklist.de/mail|ziyadnz/hourly-ipv4,blocklist.de|brute-force|apache|rfi|ddos|spam|mail|ziyadnz|hourly,2026-08-17T18:48:05Z,2026-08-17T18:48:05Z,
173.234.225.156,ipv4,attack,high,WHITE,blocklist.de/all|blocklist.de/apache|blocklist.de/mail|ziyadnz/hourly-ipv4,blocklist.de|brute-force|apache|rfi|ddos|spam|mail|ziyadnz|hourly,2026-08-17T18:48:05Z,2026-08-17T18:48:05Z,
173.234.225.157,ipv4,attack,high,WHITE,blocklist.de/all|blocklist.de/apache|blocklist.de/mail|ziyadnz/hourly-ipv4,blocklist.de|brute-force|apache|rfi|ddos|spam|mail|ziyadnz|hourly,2026-08-17T18:48:05Z,2026-08-17T18:48:05Z,
173.234.225.158,ipv4,attack,high,WHITE,blocklist.de/all|blocklist.de/apache|blocklist.de/mail|ziyadnz/hourly-ipv4,blocklist.de|brute-force|apache|rfi|ddos|spam|mail|ziyadnz|hourly,2026-08-17T18:48:05Z,2026-08-17T18:48:05Z,
173.234.225.159,ipv4,attack,high,WHITE,blocklist.de/all|blocklist.de/apache|blocklist.de/mail|ziyadnz/hourly-ipv4,blocklist.de|brute-force|apache|rfi|ddos|spam|mail|ziyadnz|hourly,2026-08-17T18:48:05Z,2026-08-17T18:48:05Z,
173.234.225.160,ipv4,attack,high,WHITE,blocklist.de/all|blocklist.de/apache|blocklist.de/mail|ziyadnz/hourly-ipv4,blocklist.de|brute-force|apache|rfi|ddos|spam|mail|ziyadnz|hourly,2026-08-17T18:48:05Z,2026-08-17T18:48:05Z,
173.234.225.161,ipv4,attack,high,WHITE,blocklist.de/all|blocklist.de/apache|blocklist.de/mail|ziyadnz/hourly-ipv4,blocklist.de|brute-force|apache|rfi|ddos|spam|mail|ziyadnz|hourly,2026-08-17T18:48:05Z,2026-08-17T18:48:05Z,
173.234.225.162,ipv4,attack,high,WHITE,blocklist.de/all|blocklist.de/apache|blocklist.de/mail|ziyadnz/hourly-ipv4,blocklist.de|brute-force|apache|rfi|ddos|spam|mail|ziyadnz|hourly,2026-08-17T18:48:05Z,2026-08-17T18:48:05Z,
173.234.225.163,ipv4,attack,high,WHITE,blocklist.de/all|blocklist.de/apache|blocklist.de/mail|ziyadnz/hourly-ipv4,blocklist.de|brute-force|apache|rfi|ddos|spam|mail|ziyadnz|hourly,2026-08-17T18:48:05Z,2026-08-17T18:48:05Z,
173.234.225.164,ipv4,attack,high,WHITE,blocklist.de/all|blocklist.de/apache|blocklist.de/mail|ziyadnz/hourly-ipv4,blocklist.de|brute-force|apache|rfi|ddos|spam|mail|ziyadnz|hourly,2026-08-17T18:48:05Z,2026-08-17T18:48:05Z,
173.234.225.165,ipv4,attack,high,WHITE,blocklist.de/all|blocklist.de/apache|blocklist.de/mail|ziyadnz/hourly-ipv4,blocklist.de|brute-force|apache|rfi|ddos|spam|mail|ziyadnz|hourly,2026-08-17T18:48:05Z,2026-08-17T18:48:05Z,
173.234.225.166,ipv4,attack,high,WHITE,blocklist.de/all|blocklist.de/apache|blocklist.de/mail|ziyadnz/hourly-ipv4,blocklist.de|brute-force|apache|rfi|ddos|spam|mail|ziyadnz|hourly,2026-08-17T18:48:05Z,2026-08-17T18:48:05Z,
173.234.225.167,ipv4,attack,high,WHITE,blocklist.de/all|blocklist.de/apache|blocklist.de/mail|ziyadnz/hourly-ipv4,blocklist.de|brute-force|apache|rfi|ddos|spam|mail|ziyadnz|hourly,2026-08-17T18:48:05Z,2026-08-17T18:48:05Z,
173.234.225.168,ipv4,attack,high,WHITE,blocklist.de/all|blocklist.de/apache|blocklist.de/mail|ziyadnz/hourly-ipv4,blocklist.de|brute-force|apache|rfi|ddos|spam|mail|ziyadnz|hourly,2026-08-17T18:48:05Z,2026-08-17T18:48:05Z,
173.234.225.169,ipv4,attack,high,WHITE,blocklist.de/all|blocklist.de/apache|blocklist.de/mail|ziyadnz/hourly-ipv4,blocklist.de|brute-force|apache|rfi|ddos|spam|mail|ziyadnz|hourly,2026-08-17T18:48:05Z,2026-08-17T18:48:05Z,
173.234.225.170,ipv4,attack,high,WHITE,blocklist.de/all|blocklist.de/apache|blocklist.de/mail|ziyadnz/hourly-ipv4,blocklist.de|brute-force|apache|rfi|ddos|spam|mail|ziyadnz|hourly,2026-08-17T18:48:05Z,2026-08-17T18:48:05Z,
173.234.225.171,ipv4,attack,high,WHITE,blocklist.de/all|blocklist.de/apache|blocklist.de/mail|ziyadnz/hourly-ipv4,blocklist.de|brute-force|apache|rfi|ddos|spam|mail|ziyadnz|hourly,2026-08-17T18:48:05Z,2026-08-17T18:48:05Z,
173.234.225.172,ipv4,attack,high,WHITE,blocklist.de/all|blocklist.de/apache|blocklist.de/mail|ziyadnz/hourly-ipv4,blocklist.de|brute-force|apache|rfi|ddos|spam|mail|ziyadnz|hourly,2026-08-17T18:48:05Z,2026-08-17T18:48:05Z,
173.234.225.173,ipv4,attack,high,WHITE,blocklist.de/all|blocklist.de/apache|blocklist.de/mail|ziyadnz/hourly-ipv4,blocklist.de|brute-force|apache|rfi|ddos|spam|mail|ziyadnz|hourly,2026-08-17T18:48:05Z,2026-08-17T18:48:05Z,
173.234.225.174,ipv4,attack,high,WHITE,blocklist.de/all|blocklist.de/apache|blocklist.de/mail|ziyadnz/hourly-ipv4,blocklist.de|brute-force|apache|rfi|ddos|spam|mail|ziyadnz|hourly,2026-08-17T18:48:05Z,2026-08-17T18:48:05Z,
173.234.225.175,ipv4,attack,high,WHITE,blocklist.de/all|blocklist.de/apache|blocklist.de/mail|ziyadnz/hourly-ipv4,blocklist.de|brute-force|apache|rfi|ddos|spam|mail|ziyadnz|hourly,2026-08-17T18:48:05Z,2026-08-17T18:48:05Z,
173.234.225.176,ipv4,attack,high,WHITE,blocklist.de/all|blocklist.de/apache|blocklist.de/mail|ziyadnz/hourly-ipv4,blocklist.de|brute-force|apache|rfi|ddos|spam|mail|ziyadnz|hourly,2026-08-17T18:48:05Z,2026-08-17T18:48:05Z,
173.234.225.177,ipv4,attack,high,WHITE,blocklist.de/all|blocklist.de/apache|blocklist.de/mail|ziyadnz/hourly-ipv4,blocklist.de|brute-force|apache|rfi|ddos|spam|mail|ziyadnz|hourly,2026-08-17T18:48:05Z,2026-08-17T18:48:05Z,
173.234.225.178,ipv4,attack,high,WHITE,blocklist.de/all|blocklist.de/apache|blocklist.de/mail|ziyadnz/hourly-ipv4,blocklist.de|brute-force|apache|rfi|ddos|spam|mail|ziyadnz|hourly,2026-08-17T18:48:05Z,2026-08-17T18:48:05Z,
173.234.225.179,ipv4,attack,high,WHITE,blocklist.de/all|blocklist.de/apache|blocklist.de/mail|ziyadnz/hourly-ipv4,blocklist.de|brute-force|apache|rfi|ddos|spam|mail|ziyadnz|hourly,2026-08-17T18:48:05Z,2026-08-17T18:48:05Z,
173.234.225.180,ipv4,attack,high,WHITE,blocklist.de/all|blocklist.de/apache|blocklist.de/mail|ziyadnz/hourly-ipv4,blocklist.de|brute-force|apache|rfi|ddos|spam|mail|ziyadnz|hourly,2026-08-17T18:48:05Z,2026-08-17T18:48:05Z,
173.234.225.181,ipv4,attack,high,WHITE,blocklist.de/all|blocklist.de/apache|blocklist.de/mail|ziyadnz/hourly-ipv4,blocklist.de|brute-force|apache|rfi|ddos|spam|mail|ziyadnz|hourly,2026-08-17T18:48:05Z,2026-08-17T18:48:05Z,
173.234.225.182,ipv4,attack,high,WHITE,blocklist.de/all|blocklist.de/apache|blocklist.de/mail|ziyadnz/hourly-ipv4,blocklist.de|brute-force|apache|rfi|ddos|spam|mail|ziyadnz|hourly,2026-08-17T18:48:05Z,2026-08-17T18:48:05Z,
173.234.225.183,ipv4,attack,high,WHITE,blocklist.de/all|blocklist.de/apache|blocklist.de/mail|ziyadnz/hourly-ipv4,blocklist.de|brute-force|apache|rfi|ddos|spam|mail|ziyadnz|hourly,2026-08-17T18:48:05Z,2026-08-17T18:48:05Z,
173.234.225.184,ipv4,attack,high,WHITE,blocklist.de/all|blocklist.de/apache|blocklist.de/mail|ziyadnz/hourly-ipv4,blocklist.de|brute-force|apache|rfi|ddos|spam|mail|ziyadnz|hourly,2026-08-17T18:48:05Z,2026-08-17T18:48:05Z,
173.234.225.185,ipv4,attack,high,WHITE,blocklist.de/all|blocklist.de/apache|blocklist.de/mail|ziyadnz/hourly-ipv4,blocklist.de|brute-force|apache|rfi|ddos|spam|mail|ziyadnz|hourly,2026-08-17T18:48:05Z,2026-08-17T18:48:05Z,
173.234.225.186,ipv4,attack,high,WHITE,blocklist.de/all|blocklist.de/apache|blocklist.de/mail|ziyadnz/hourly-ipv4,blocklist.de|brute-force|apache|rfi|ddos|spam|mail|ziyadnz|hourly,2026-08-17T18:48:05Z,2026-08-17T18:48:05Z,
173.234.225.187,ipv4,attack,high,WHITE,blocklist.de/all|blocklist.de/apache|blocklist.de/mail|ziyadnz/hourly-ipv4,blocklist.de|brute-force|apache|rfi|ddos|spam|mail|ziyadnz|hourly,2026-08-17T18:48:05Z,2026-08-17T18:48:05Z,
173.234.225.188,ipv4,attack,high,WHITE,blocklist.de/all|blocklist.de/apache|blocklist.de/mail|ziyadnz/hourly-ipv4,blocklist.de|brute-force|apache|rfi|ddos|spam|mail|ziyadnz|hourly,2026-08-17T18:48:05Z,2026-08-17T18:48:05Z,
173.234.225.189,ipv4,attack,high,WHITE,blocklist.de/all|blocklist.de/apache|blocklist.de/mail|ziyadnz/hourly-ipv4,blocklist.de|brute-force|apache|rfi|ddos|spam|mail|ziyadnz|hourly,2026-08-17T18:48:05Z,2026-08-17T18:48:05Z,
173.234.225.190,ipv4,attack,high,WHITE,blocklist.de/all|blocklist.de/apache|blocklist.de/mail|ziyadnz/hourly-ipv4,blocklist.de|brute-force|apache|rfi|ddos|spam|mail|ziyadnz|hourly,2026-08-17T18:48:05Z,2026-08-17T18:48:05Z,
173.234.225.191,ipv4,attack,high,WHITE,blocklist.de/all|blocklist.de/apache|blocklist.de/mail|ziyadnz/hourly-ipv4,blocklist.de|brute-force|apache|rfi|ddos|spam|mail|ziyadnz|hourly,2026-08-17T18:48:05Z,2026-08-17T18:48:05Z,
173.234.225.192,ipv4,attack,high,WHITE,blocklist.de/all|blocklist.de/apache|blocklist.de/mail|ziyadnz/hourly-ipv4,blocklist.de|brute-force|apache|rfi|ddos|spam|mail|ziyadnz|hourly,2026-08-17T18:48:05Z,2026-08-17T18:48:05Z,
173.234.225.193,ipv4,attack,high,WHITE,blocklist.de/all|blocklist.de/apache|blocklist.de/mail|ziyadnz/hourly-ipv4,blocklist.de|brute-force|apache|rfi|ddos|spam|mail|ziyadnz|hourly,2026-08-17T18:48:05Z,2026-08-17T18:48:05Z,
173.234.225.194,ipv4,attack,high,WHITE,blocklist.de/all|blocklist.de/apache|blocklist.de/mail|ziyadnz/hourly-ipv4,blocklist.de|brute-force|apache|rfi|ddos|spam|mail|ziyadnz|hourly,2026-08-17T18:48:05Z,2026-08-17T18:48:05Z,
173.234.225.195,ipv4,attack,high,WHITE,blocklist.de/all|blocklist.de/apache|blocklist.de/mail|ziyadnz/hourly-ipv4,blocklist.de|brute-force|apache|rfi|ddos|spam|mail|ziyadnz|hourly,2026-08-17T18:48:05Z,2026-08-17T18:48:05Z,
173.234.225.196,ipv4,attack,high,WHITE,blocklist.de/all|blocklist.de/apache|blocklist.de/mail|ziyadnz/hourly-ipv4,blocklist.de|brute-force|apache|rfi|ddos|spam|mail|ziyadnz|hourly,2026-08-17T18:48:05Z,2026-08-17T18:48:05Z,
173.234.225.197,ipv4,attack,high,WHITE,blocklist.de/all|blocklist.de/apache|blocklist.de/mail|ziyadnz/hourly-ipv4,blocklist.de|brute-force|apache|rfi|ddos|spam|mail|ziyadnz|hourly,2026-08-17T18:48:05Z,2026-08-17T18:48:05Z,
173.234.225.198,ipv4,attack,high,WHITE,blocklist.de/all|blocklist.de/apache|blocklist.de/mail|ziyadnz/hourly-ipv4,blocklist.de|brute-force|apache|rfi|ddos|spam|mail|ziyadnz|hourly,2026-08-17T18:48:05Z,2026-08-17T18:48:05Z,
173.234.225.199,ipv4,attack,high,WHITE,blocklist.de/all|blocklist.de/apache|blocklist.de/mail|ziyadnz/hourly-ipv4,blocklist.de|brute-force|apache|rfi|ddos|spam|mail|ziyadnz|hourly,2026-08-17T18:48:05Z,2026-08-17T18:48:05Z,
173.234.225.200,ipv4,attack,high,WHITE,blocklist.de/all|blocklist.de/apache|blocklist.de/mail|ziyadnz/hourly-ipv4,blocklist.de|brute-force|apache|rfi|ddos|spam|mail|ziyadnz|hourly,2026-08-17T18:48:05Z,2026-08-17T18:48:05Z,
173.234.225.201,ipv4,attack,high,WHITE,blocklist.de/all|blocklist.de/apache|blocklist.de/mail|ziyadnz/hourly-ipv4,blocklist.de|brute-force|apache|rfi|ddos|spam|mail|ziyadnz|hourly,2026-08-17T18:48:05Z,2026-08-17T18:48:05Z,
173.234.225.202,ipv4,attack,high,WHITE,blocklist.de/all|blocklist.de/apache|blocklist.de/mail|ziyadnz/hourly-ipv4,blocklist.de|brute-force|apache|rfi|ddos|spam|mail|ziyadnz|hourly,2026-08-17T18:48:05Z,2026-08-17T18:48:05Z,
173.234.225.203,ipv4,attack,high,WHITE,blocklist.de/all|blocklist.de/apache|blocklist.de/mail|ziyadnz/hourly-ipv4,blocklist.de|brute-force|apache|rfi|ddos|spam|mail|ziyadnz|hourly,2026-08-17T18:48:05Z,2026-08-17T18:48:05Z,
173.234.225.204,ipv4,attack,high,WHITE,blocklist.de/all|blocklist.de/apache|blocklist.de/mail|ziyadnz/hourly-ipv4,blocklist.de|brute-force|apache|rfi|ddos|spam|mail|ziyadnz|hourly,2026-08-17T18:48:05Z,2026-08-17T18:48:05Z,
173.234.225.205,ipv4,attack,high,WHITE,blocklist.de/all|blocklist.de/apache|blocklist.de/mail|ziyadnz/hourly-ipv4,blocklist.de|brute-force|apache|rfi|ddos|spam|mail|ziyadnz|hourly,2026-08-17T18:48:05Z,2026-08-17T18:48:05Z,
173.234.225.206,ipv4,attack,high,WHITE,blocklist.de/all|blocklist.de/apache|blocklist.de/mail|ziyadnz/hourly-ipv4,blocklist.de|brute-force|apache|rfi|ddos|spam|mail|ziyadnz|hourly,2026-08-17T18:48:05Z,2026-08-17T18:48:05Z,
173.234.225.207,ipv4,attack,high,WHITE,blocklist.de/all|blocklist.de/apache|blocklist.de/mail|ziyadnz/hourly-ipv4,blocklist.de|brute-force|apache|rfi|ddos|spam|mail|ziyadnz|hourly,2026-08-17T18:48:05Z,2026-08-17T18:48:05Z,
173.234.225.208,ipv4,attack,high,WHITE,blocklist.de/all|blocklist.de/apache|blocklist.de/mail|ziyadnz/hourly-ipv4,blocklist.de|brute-force|apache|rfi|ddos|spam|mail|ziyadnz|hourly,2026-08-17T18:48:05Z,2026-08-17T18:48:05Z,
173.234.225.209,ipv4,attack,high,WHITE,blocklist.de/all|blocklist.de/apache|blocklist.de/mail|ziyadnz/hourly-ipv4,blocklist.de|brute-force|apache|rfi|ddos|spam|mail|ziyadnz|hourly,2026-08-17T18:48:05Z,2026-08-17T18:48:05Z,
173.234.225.210,ipv4,attack,high,WHITE,blocklist.de/all|blocklist.de/apache|blocklist.de/mail|ziyadnz/hourly-ipv4,blocklist.de|brute-force|apache|rfi|ddos|spam|mail|ziyadnz|hourly,2026-08-17T18:48:05Z,2026-08-17T18:48:05Z,
173.234.225.211,ipv4,attack,high,WHITE,blocklist.de/all|blocklist.de/apache|blocklist.de/mail|ziyadnz/hourly-ipv4,blocklist.de|brute-force|apache|rfi|ddos|spam|mail|ziyadnz|hourly,2026-08-17T18:48:05Z,2026-08-17T18:48:05Z,
173.234.225.212,ipv4,attack,high,WHITE,blocklist.de/all|blocklist.de/apache|blocklist.de/mail|ziyadnz/hourly-ipv4,blocklist.de|brute-force|apache|rfi|ddos|spam|mail|ziyadnz|hourly,2026-08-17T18:48:05Z,2026-08-17T18:48:05Z,
173.234.225.213,ipv4,attack,high,WHITE,blocklist.de/all|blocklist.de/apache|blocklist.de/mail|ziyadnz/hourly-ipv4,blocklist.de|brute-force|apache|rfi|ddos|spam|mail|ziyadnz|hourly,2026-08-17T18:48:05Z,2026-08-17T18:48:05Z,
173.234.225.214,ipv4,attack,high,WHITE,blocklist.de/all|blocklist.de/apache|blocklist.de/mail|ziyadnz/hourly-ipv4,blocklist.de|brute-force|apache|rfi|ddos|spam|mail|ziyadnz|hourly,2026-08-17T18:48:05Z,2026-08-17T18:48:05Z,
173.234.225.215,ipv4,attack,high,WHITE,blocklist.de/all|blocklist.de/apache|blocklist.de/mail|ziyadnz/hourly-ipv4,blocklist.de|brute-force|apache|rfi|ddos|spam|mail|ziyadnz|hourly,2026-08-17T18:48:05Z,2026-08-17T18:48:05Z,
173.234.225.216,ipv4,attack,high,WHITE,blocklist.de/all|blocklist.de/apache|blocklist.de/mail|ziyadnz/hourly-ipv4,blocklist.de|brute-force|apache|rfi|ddos|spam|mail|ziyadnz|hourly,2026-08-17T18:48:05Z,2026-08-17T18:48:05Z,
173.234.225.217,ipv4,attack,high,WHITE,blocklist.de/all|blocklist.de/apache|blocklist.de/mail|ziyadnz/hourly-ipv4,blocklist.de|brute-force|apache|rfi|ddos|spam|mail|ziyadnz|hourly,2026-08-17T18:48:05Z,2026-08-17T18:48:05Z,
173.234.225.218,ipv4,attack,high,WHITE,blocklist.de/all|blocklist.de/apache|blocklist.de/mail|ziyadnz/hourly-ipv4,blocklist.de|brute-force|apache|rfi|ddos|spam|mail|ziyadnz|hourly,2026-08-17T18:48:05Z,2026-08-17T18:48:05Z,
173.234.225.219,ipv4,attack,high,WHITE,blocklist.de/all|blocklist.de/apache|blocklist.de/mail|ziyadnz/hourly-ipv4,blocklist.de|brute-force|apache|rfi|ddos|spam|mail|ziyadnz|hourly,2026-08-17T18:48:05Z,2026-08-17T18:48:05Z,
173.234.225.220,ipv4,attack,high,WHITE,blocklist.de/all|blocklist.de/apache|blocklist.de/mail|ziyadnz/hourly-ipv4,blocklist.de|brute-force|apache|rfi|ddos|spam|mail|ziyadnz|hourly,2026-08-17T18:48:05Z,2026-08-17T18:48:05Z,
173.234.225.221,ipv4,attack,high,WHITE,blocklist.de/all|blocklist.de/apache|blocklist.de/mail|ziyadnz/hourly-ipv4,blocklist.de|brute-force|apache|rfi|ddos|spam|mail|ziyadnz|hourly,2026-08-17T18:48:05Z,2026-08-17T18:48:05Z,
173.234.225.222,ipv4,attack,high,WHITE,blocklist.de/all|blocklist.de/apache|blocklist.de/mail|ziyadnz/hourly-ipv4,blocklist.de|brute-force|apache|rfi|ddos|spam|mail|ziyadnz|hourly,2026-08-17T18:48:05Z,2026-08-17T18:48:05Z,
173.234.225.223,ipv4,attack,high,WHITE,blocklist.de/all|blocklist.de/apache|blocklist.de/mail|ziyadnz/hourly-ipv4,blocklist.de|brute-force|apache|rfi|ddos|spam|mail|ziyadnz|hourly,2026-08-17T18:48:05Z,2026-08-17T18:48:05Z,
173.234.225.224,ipv4,attack,high,WHITE,blocklist.de/all|blocklist.de/apache|blocklist.de/mail|ziyadnz/hourly-ipv4,blocklist.de|brute-force|apache|rfi|ddos|spam|mail|ziyadnz|hourly,2026-08-17T18:48:05Z,2026-08-17T18:48:05Z,
173.234.225.225,ipv4,attack,high,WHITE,blocklist.de/all|blocklist.de/apache|blocklist.de/mail|ziyadnz/hourly-ipv4,blocklist.de|brute-force|apache|rfi|ddos|spam|mail|ziyadnz|hourly,2026-08-17T18:48:05Z,2026-08-17T18:48:05Z,
173.234.225.226,ipv4,attack,high,WHITE,blocklist.de/all|blocklist.de/apache|blocklist.de/mail|ziyadnz/hourly-ipv4,blocklist.de|brute-force|apache|rfi|ddos|spam|mail|ziyadnz|hourly,2026-08-17T18:48:05Z,2026-08-17T18:48:05Z,
173.234.225.227,ipv4,attack,high,WHITE,blocklist.de/all|blocklist.de/apache|blocklist.de/mail|ziyadnz/hourly-ipv4,blocklist.de|brute-force|apache|rfi|ddos|spam|mail|ziyadnz|hourly,2026-08-17T18:48:05Z,2026-08-17T18:48:05Z,
173.234.225.228,ipv4,attack,high,WHITE,blocklist.de/all|blocklist.de/apache|blocklist.de/mail|ziyadnz/hourly-ipv4,blocklist.de|brute-force|apache|rfi|ddos|spam|mail|ziyadnz|hourly,2026-08-17T18:48:05Z,2026-08-17T18:48:05Z,
173.234.225.229,ipv4,attack,high,WHITE,blocklist.de/all|blocklist.de/apache|blocklist.de/mail|ziyadnz/hourly-ipv4,blocklist.de|brute-force|apache|rfi|ddos|spam|mail|ziyadnz|hourly,2026-08-17T18:48:05Z,2026-08-17T18:48:05Z,
173.234.225.230,ipv4,attack,high,WHITE,blocklist.de/all|blocklist.de/apache|blocklist.de/mail|ziyadnz/hourly-ipv4,blocklist.de|brute-force|apache|rfi|ddos|spam|mail|ziyadnz|hourly,2026-08-17T18:48:05Z,2026-08-17T18:48:05Z,
173.234.225.231,ipv4,attack,high,WHITE,blocklist.de/all|blocklist.de/apache|blocklist.de/mail|ziyadnz/hourly-ipv4,blocklist.de|brute-force|apache|rfi|ddos|spam|mail|ziyadnz|hourly,2026-08-17T18:48:05Z,2026-08-17T18:48:05Z,
173.234.225.232,ipv4,attack,high,WHITE,blocklist.de/all|blocklist.de/apache|blocklist.de/mail|ziyadnz/hourly-ipv4,blocklist.de|brute-force|apache|rfi|ddos|spam|mail|ziyadnz|hourly,2026-08-17T18:48:05Z,2026-08-17T18:48:05Z,
173.234.225.233,ipv4,attack,high,WHITE,blocklist.de/all|blocklist.de/apache|blocklist.de/mail|ziyadnz/hourly-ipv4,blocklist.de|brute-force|apache|rfi|ddos|spam|mail|ziyadnz|hourly,2026-08-17T18:48:05Z,2026-08-17T18:48:05Z,
173.234.225.234,ipv4,attack,high,WHITE,blocklist.de/all|blocklist.de/apache|blocklist.de/mail|ziyadnz/hourly-ipv4,blocklist.de|brute-force|apache|rfi|ddos|spam|mail|ziyadnz|hourly,2026-08-17T18:48:05Z,2026-08-17T18:48:05Z,
173.234.225.235,ipv4,attack,high,WHITE,blocklist.de/all|blocklist.de/apache|blocklist.de/mail|ziyadnz/hourly-ipv4,blocklist.de|brute-force|apache|rfi|ddos|spam|mail|ziyadnz|hourly,2026-08-17T18:48:05Z,2026-08-17T18:48:05Z,
173.234.225.236,ipv4,attack,high,WHITE,blocklist.de/all|blocklist.de/apache|blocklist.de/mail|ziyadnz/hourly-ipv4,blocklist.de|brute-force|apache|rfi|ddos|spam|mail|ziyadnz|hourly,2026-08-17T18:48:05Z,2026-08-17T18:48:05Z,
173.234.225.237,ipv4,attack,high,WHITE,blocklist.de/all|blocklist.de/apache|blocklist.de/mail|ziyadnz/hourly-ipv4,blocklist.de|brute-force|apache|rfi|ddos|spam|mail|ziyadnz|hourly,2026-08-17T18:48:05Z,2026-08-17T18:48:05Z,
173.234.225.238,ipv4,attack,high,WHITE,blocklist.de/all|blocklist.de/apache|blocklist.de/mail|ziyadnz/hourly-ipv4,blocklist.de|brute-force|apache|rfi|ddos|spam|mail|ziyadnz|hourly,2026-08-17T18:48:05Z,2026-08-17T18:48:05Z,
173.234.225.239,ipv4,attack,high,WHITE,blocklist.de/all|blocklist.de/apache|blocklist.de/mail|ziyadnz/hourly-ipv4,blocklist.de|brute-force|apache|rfi|ddos|spam|mail|ziyadnz|hourly,2026-08-17T18:48:05Z,2026-08-17T18:48:05Z,
173.234.225.240,ipv4,attack,high,WHITE,blocklist.de/all|blocklist.de/apache|blocklist.de/mail|ziyadnz/hourly-ipv4,blocklist.de|brute-force|apache|rfi|ddos|spam|mail|ziyadnz|hourly,2026-08-17T18:48:05Z,2026-08-17T18:48:05Z,
173.234.225.241,ipv4,attack,high,WHITE,blocklist.de/all|blocklist.de/apache|blocklist.de/mail|ziyadnz/hourly-ipv4,blocklist.de|brute-force|apache|rfi|ddos|spam|mail|ziyadnz|hourly,2026-08-17T18:48:05Z,2026-08-17T18:48:05Z,
173.234.225.242,ipv4,attack,high,WHITE,blocklist.de/all|blocklist.de/apache|blocklist.de/mail|ziyadnz/hourly-ipv4,blocklist.de|brute-force|apache|rfi|ddos|spam|mail|ziyadnz|hourly,2026-08-17T18:48:05Z,2026-08-17T18:48:05Z,
173.234.225.243,ipv4,attack,high,WHITE,blocklist.de/all|blocklist.de/apache|blocklist.de/mail|ziyadnz/hourly-ipv4,blocklist.de|brute-force|apache|rfi|ddos|spam|mail|ziyadnz|hourly,2026-08-17T18:48:05Z,2026-08-17T18:48:05Z,
173.234.225.244,ipv4,attack,high,WHITE,blocklist.de/all|blocklist.de/apache|blocklist.de/mail|ziyadnz/hourly-ipv4,blocklist.de|brute-force|apache|rfi|ddos|spam|mail|ziyadnz|hourly,2026-08-17T18:48:05Z,2026-08-17T18:48:05Z,
173.234.225.245,ipv4,attack,high,WHITE,blocklist.de/all|blocklist.de/apache|blocklist.de/mail|ziyadnz/hourly-ipv4,blocklist.de|brute-force|apache|rfi|ddos|spam|mail|ziyadnz|hourly,2026-08-17T18:48:05Z,2026-08-17T18:48:05Z,
173.234.225.246,ipv4,attack,high,WHITE,blocklist.de/all|blocklist.de/apache|blocklist.de/mail|ziyadnz/hourly-ipv4,blocklist.de|brute-force|apache|rfi|ddos|spam|mail|ziyadnz|hourly,2026-08-17T18:48:05Z,2026-08-17T18:48:05Z,
173.234.225.247,ipv4,attack,high,WHITE,blocklist.de/all|blocklist.de/apache|blocklist.de/mail|ziyadnz/hourly-ipv4,blocklist.de|brute-force|apache|rfi|ddos|spam|mail|ziyadnz|hourly,2026-08-17T18:48:05Z,2026-08-17T18:48:05Z,
173.234.225.248,ipv4,attack,high,WHITE,blocklist.de/all|blocklist.de/apache|blocklist.de/mail|ziyadnz/hourly-ipv4,blocklist.de|brute-force|apache|rfi|ddos|spam|mail|ziyadnz|hourly,2026-08-17T18:48:05Z,2026-08-17T18:48:05Z,
173.234.225.249,ipv4,attack,high,WHITE,blocklist.de/all|blocklist.de/apache|blocklist.de/mail|ziyadnz/hourly-ipv4,blocklist.de|brute-force|apache|rfi|ddos|spam|mail|ziyadnz|hourly,2026-08-17T18:48:05Z,2026-08-17T18:48:05Z,
173.234.225.250,ipv4,attack,high,WHITE,blocklist.de/all|blocklist.de/apache|blocklist.de/mail|ziyadnz/hourly-ipv4,blocklist.de|brute-force|apache|rfi|ddos|spam|mail|ziyadnz|hourly,2026-08-17T18:48:05Z,2026-08-17T18:48:05Z,
173.234.225.251,ipv4,attack,high,WHITE,blocklist.de/all|blocklist.de/apache|blocklist.de/mail|ziyadnz/hourly-ipv4,blocklist.de|brute-force|apache|rfi|ddos|spam|mail|ziyadnz|hourly,2026-08-17T18:48:05Z,2026-08-17T18:48:05Z,
173.234.225.252,ipv4,attack,high,WHITE,blocklist.de/all|blocklist.de/apache|blocklist.de/mail|ziyadnz/hourly-ipv4,blocklist.de|brute-force|apache|rfi|ddos|spam|mail|ziyadnz|hourly,2026-08-17T18:48:05Z,2026-08-17T18:48:05Z,
173.234.225.253,ipv4,attack,high,WHITE,blocklist.de/all|blocklist.de/apache|blocklist.de/mail|ziyadnz/hourly-ipv4,blocklist.de|brute-force|apache|rfi|ddos|spam|mail|ziyadnz|hourly,2026-08-17T18:48:05Z,2026-08-17T18:48:05Z,
173.234.225.254,ipv4,attack,high,WHITE,blocklist.de/all|blocklist.de/apache|blocklist.de/mail|ziyadnz/hourly-ipv4,blocklist.de|brute-force|apache|rfi|ddos|spam|mail|ziyadnz|hourly,2026-08-17T18:48:05Z,2026-08-17T18:48:05Z,
173.234.225.255,ipv4,attack,high,WHITE,blocklist.de/all|blocklist.de/apache|blocklist.de/mail|ziyadnz/hourly-ipv4,blocklist.de|brute-force|apache|rfi|ddos|spam|mail|ziyadnz|hourly,2026-08-17T18:48:05Z,2026-08-17T18:48:05Z,
173.234.226.0,ipv4,attack,high,WHITE,blocklist.de/all|blocklist.de/apache|blocklist.de/mail|ziyadnz/hourly-ipv4,blocklist.de|brute-force|apache|rfi|ddos|spam|mail|ziyadnz|hourly,2026-08-17T18:48:05Z,2026-08-17T18:48:05Z,
173.234.226.1,ipv4,attack,high,WHITE,blocklist.de/all|blocklist.de/apache|blocklist.de/mail|ziyadnz/hourly-ipv4,blocklist.de|brute-force|apache|rfi|ddos|spam|mail|ziyadnz|hourly,2026-08-17T18:48:05Z,2026-08-17T18:48:05Z,
173.234.226.2,ipv4,attack,high,WHITE,blocklist.de/all|blocklist.de/apache|blocklist.de/mail|ziyadnz/hourly-ipv4,blocklist.de|brute-force|apache|rfi|ddos|spam|mail|ziyadnz|hourly,2026-08-17T18:48:05Z,2026-08-17T18:48:05Z,
173.234.226.3,ipv4,attack,high,WHITE,blocklist.de/all|blocklist.de/apache|blocklist.de/mail|ziyadnz/hourly-ipv4,blocklist.de|brute-force|apache|rfi|ddos|spam|mail|ziyadnz|hourly,2026-08-17T18:48:05Z,2026-08-17T18:48:05Z,
173.234.226.4,ipv4,attack,high,WHITE,blocklist.de/all|blocklist.de/apache|blocklist.de/mail|ziyadnz/hourly-ipv4,blocklist.de|brute-force|apache|rfi|ddos|spam|mail|ziyadnz|hourly,2026-08-17T18:48:05Z,2026-08-17T18:48:05Z,
173.234.226.5,ipv4,attack,high,WHITE,blocklist.de/all|blocklist.de/apache|blocklist.de/mail|ziyadnz/hourly-ipv4,blocklist.de|brute-force|apache|rfi|ddos|spam|mail|ziyadnz|hourly,2026-08-17T18:48:05Z,2026-08-17T18:48:05Z,
173.234.226.6,ipv4,attack,high,WHITE,blocklist.de/all|blocklist.de/apache|blocklist.de/mail|ziyadnz/hourly-ipv4,blocklist.de|brute-force|apache|rfi|ddos|spam|mail|ziyadnz|hourly,2026-08-17T18:48:05Z,2026-08-17T18:48:05Z,
173.234.226.7,ipv4,attack,high,WHITE,blocklist.de/all|blocklist.de/apache|blocklist.de/mail|ziyadnz/hourly-ipv4,blocklist.de|brute-force|apache|rfi|ddos|spam|mail|ziyadnz|hourly,2026-08-17T18:48:05Z,2026-08-17T18:48:05Z,
173.234.226.8,ipv4,attack,high,WHITE,blocklist.de/all|blocklist.de/apache|blocklist.de/mail|ziyadnz/hourly-ipv4,blocklist.de|brute-force|apache|rfi|ddos|spam|mail|ziyadnz|hourly,2026-08-17T18:48:05Z,2026-08-17T18:48:05Z,
173.234.226.9,ipv4,attack,high,WHITE,blocklist.de/all|blocklist.de/apache|blocklist.de/mail|ziyadnz/hourly-ipv4,blocklist.de|brute-force|apache|rfi|ddos|spam|mail|ziyadnz|hourly,2026-08-17T18:48:05Z,2026-08-17T18:48:05Z,
173.234.226.10,ipv4,attack,high,WHITE,blocklist.de/all|blocklist.de/apache|blocklist.de/mail|ziyadnz/hourly-ipv4,blocklist.de|brute-force|apache|rfi|ddos|spam|mail|ziyadnz|hourly,2026-08-17T18:48:05Z,2026-08-17T18:48:05Z,
173.234.226.11,ipv4,attack,high,WHITE,blocklist.de/all|blocklist.de/apache|blocklist.de/mail|ziyadnz/hourly-ipv4,blocklist.de|brute-force|apache|rfi|ddos|spam|mail|ziyadnz|hourly,2026-08-17T18:48:05Z,2026-08-17T18:48:05Z,
173.234.226.12,ipv4,attack,high,WHITE,blocklist.de/all|blocklist.de/apache|blocklist.de/mail|ziyadnz/hourly-ipv4,blocklist.de|brute-force|apache|rfi|ddos|spam|mail|ziyadnz|hourly,2026-08-17T18:48:05Z,2026-08-17T18:48:05Z,
173.234.226.13,ipv4,attack,high,WHITE,blocklist.de/all|blocklist.de/apache|blocklist.de/mail|ziyadnz/hourly-ipv4,blocklist.de|brute-force|apache|rfi|ddos|spam|mail|ziyadnz|hourly,2026-08-17T18:48:05Z,2026-08-17T18:48:05Z,
173.234.226.14,ipv4,attack,high,WHITE,blocklist.de/all|blocklist.de/apache|blocklist.de/mail|ziyadnz/hourly-ipv4,blocklist.de|brute-force|apache|rfi|ddos|spam|mail|ziyadnz|hourly,2026-08-17T18:48:05Z,2026-08-17T18:48:05Z,
173.234.226.15,ipv4,attack,high,WHITE,blocklist.de/all|blocklist.de/apache|blocklist.de/mail|ziyadnz/hourly-ipv4,blocklist.de|brute-force|apache|rfi|ddos|spam|mail|ziyadnz|hourly,2026-08-17T18:48:05Z,2026-08-17T18:48:05Z,
173.234.226.16,ipv4,attack,high,WHITE,blocklist.de/all|blocklist.de/apache|blocklist.de/mail|ziyadnz/hourly-ipv4,blocklist.de|brute-force|apache|rfi|ddos|spam|mail|ziyadnz|hourly,2026-08-17T18:48:05Z,2026-08-17T18:48:05Z,
173.234.226.17,ipv4,attack,high,WHITE,blocklist.de/all|blocklist.de/apache|blocklist.de/mail|ziyadnz/hourly-ipv4,blocklist.de|brute-force|apache|rfi|ddos|spam|mail|ziyadnz|hourly,2026-08-17T18:48:05Z,2026-08-17T18:48:05Z,
173.234.226.18,ipv4,attack,high,WHITE,blocklist.de/all|blocklist.de/apache|blocklist.de/mail|ziyadnz/hourly-ipv4,blocklist.de|brute-force|apache|rfi|ddos|spam|mail|ziyadnz|hourly,2026-08-17T18:48:05Z,2026-08-17T18:48:05Z,
173.234.226.19,ipv4,attack,high,WHITE,blocklist.de/all|blocklist.de/apache|blocklist.de/mail|ziyadnz/hourly-ipv4,blocklist.de|brute-force|apache|rfi|ddos|spam|mail|ziyadnz|hourly,2026-08-17T18:48:05Z,2026-08-17T18:48:05Z,
173.234.226.20,ipv4,attack,high,WHITE,blocklist.de/all|blocklist.de/apache|blocklist.de/mail|ziyadnz/hourly-ipv4,blocklist.de|brute-force|apache|rfi|ddos|spam|mail|ziyadnz|hourly,2026-08-17T18:48:05Z,2026-08-17T18:48:05Z,
173.234.226.21,ipv4,attack,high,WHITE,blocklist.de/all|blocklist.de/apache|blocklist.de/mail|ziyadnz/hourly-ipv4,blocklist.de|brute-force|apache|rfi|ddos|spam|mail|ziyadnz|hourly,2026-08-17T18:48:05Z,2026-08-17T18:48:05Z,
173.234.226.22,ipv4,attack,high,WHITE,blocklist.de/all|blocklist.de/apache|blocklist.de/mail|ziyadnz/hourly-ipv4,blocklist.de|brute-force|apache|rfi|ddos|spam|mail|ziyadnz|hourly,2026-08-17T18:48:05Z,2026-08-17T18:48:05Z,
173.234.226.23,ipv4,attack,high,WHITE,blocklist.de/all|blocklist.de/apache|blocklist.de/mail|ziyadnz/hourly-ipv4,blocklist.de|brute-force|apache|rfi|ddos|spam|mail|ziyadnz|hourly,2026-08-17T18:48:05Z,2026-08-17T18:48:05Z,
173.234.226.24,ipv4,attack,high,WHITE,blocklist.de/all|blocklist.de/apache|blocklist.de/mail|ziyadnz/hourly-ipv4,blocklist.de|brute-force|apache|rfi|ddos|spam|mail|ziyadnz|hourly,2026-08-17T18:48:05Z,2026-08-17T18:48:05Z,
173.234.226.25,ipv4,attack,high,WHITE,blocklist.de/all|blocklist.de/apache|blocklist.de/mail|ziyadnz/hourly-ipv4,blocklist.de|brute-force|apache|rfi|ddos|spam|mail|ziyadnz|hourly,2026-08-17T18:48:05Z,2026-08-17T18:48:05Z,
173.234.226.26,ipv4,attack,high,WHITE,blocklist.de/all|blocklist.de/apache|blocklist.de/mail|ziyadnz/hourly-ipv4,blocklist.de|brute-force|apache|rfi|ddos|spam|mail|ziyadnz|hourly,2026-08-17T18:48:05Z,2026-08-17T18:48:05Z,
173.234.226.27,ipv4,attack,high,WHITE,blocklist.de/all|blocklist.de/apache|blocklist.de/mail|ziyadnz/hourly-ipv4,blocklist.de|brute-force|apache|rfi|ddos|spam|mail|ziyadnz|hourly,2026-08-17T18:48:05Z,2026-08-17T18:48:05Z,
173.234.226.28,ipv4,attack,high,WHITE,blocklist.de/all|blocklist.de/apache|blocklist.de/mail|ziyadnz/hourly-ipv4,blocklist.de|brute-force|apache|rfi|ddos|spam|mail|ziyadnz|hourly,2026-08-17T18:48:05Z,2026-08-17T18:48:05Z,
173.234.226.29,ipv4,attack,high,WHITE,blocklist.de/all|blocklist.de/apache|blocklist.de/mail|ziyadnz/hourly-ipv4,blocklist.de|brute-force|apache|rfi|ddos|spam|mail|ziyadnz|hourly,2026-08-17T18:48:05Z,2026-08-17T18:48:05Z,
173.234.226.30,ipv4,attack,high,WHITE,blocklist.de/all|blocklist.de/apache|blocklist.de/mail|ziyadnz/hourly-ipv4,blocklist.de|brute-force|apache|rfi|ddos|spam|mail|ziyadnz|hourly,2026-08-17T18:48:05Z,2026-08-17T18:48:05Z,
173.234.226.31,ipv4,attack,high,WHITE,blocklist.de/all|blocklist.de/apache|blocklist.de/mail|ziyadnz/hourly-ipv4,blocklist.de|brute-force|apache|rfi|ddos|spam|mail|ziyadnz|hourly,2026-08-17T18:48:05Z,2026-08-17T18:48:05Z,
173.234.226.32,ipv4,attack,high,WHITE,blocklist.de/all|blocklist.de/apache|blocklist.de/mail|ziyadnz/hourly-ipv4,blocklist.de|brute-force|apache|rfi|ddos|spam|mail|ziyadnz|hourly,2026-08-17T18:48:05Z,2026-08-17T18:48:05Z,
173.234.226.33,ipv4,attack,high,WHITE,blocklist.de/all|blocklist.de/apache|blocklist.de/mail|ziyadnz/hourly-ipv4,blocklist.de|brute-force|apache|rfi|ddos|spam|mail|ziyadnz|hourly,2026-08-17T18:48:05Z,2026-08-17T18:48:05Z,
173.234.226.34,ipv4,attack,high,WHITE,blocklist.de/all|blocklist.de/apache|blocklist.de/mail|ziyadnz/hourly-ipv4,blocklist.de|brute-force|apache|rfi|ddos|spam|mail|ziyadnz|hourly,2026-08-17T18:48:05Z,2026-08-17T18:48:05Z,
173.234.226.35,ipv4,attack,high,WHITE,blocklist.de/all|blocklist.de/apache|blocklist.de/mail|ziyadnz/hourly-ipv4,blocklist.de|brute-force|apache|rfi|ddos|spam|mail|ziyadnz|hourly,2026-08-17T18:48:05Z,2026-08-17T18:48:05Z,
173.234.226.36,ipv4,attack,high,WHITE,blocklist.de/all|blocklist.de/apache|blocklist.de/mail|ziyadnz/hourly-ipv4,blocklist.de|brute-force|apache|rfi|ddos|spam|mail|ziyadnz|hourly,2026-08-17T18:48:05Z,2026-08-17T18:48:05Z,
173.234.226.37,ipv4,attack,high,WHITE,blocklist.de/all|blocklist.de/apache|blocklist.de/mail|ziyadnz/hourly-ipv4,blocklist.de|brute-force|apache|rfi|ddos|spam|mail|ziyadnz|hourly,2026-08-17T18:48:05Z,2026-08-17T18:48:05Z,
173.234.226.38,ipv4,attack,high,WHITE,blocklist.de/all|blocklist.de/apache|blocklist.de/mail|ziyadnz/hourly-ipv4,blocklist.de|brute-force|apache|rfi|ddos|spam|mail|ziyadnz|hourly,2026-08-17T18:48:05Z,2026-08-17T18:48:05Z,
173.234.226.39,ipv4,attack,high,WHITE,blocklist.de/all|blocklist.de/apache|blocklist.de/mail|ziyadnz/hourly-ipv4,blocklist.de|brute-force|apache|rfi|ddos|spam|mail|ziyadnz|hourly,2026-08-17T18:48:05Z,2026-08-17T18:48:05Z,
173.234.226.40,ipv4,attack,high,WHITE,blocklist.de/all|blocklist.de/apache|blocklist.de/mail|ziyadnz/hourly-ipv4,blocklist.de|brute-force|apache|rfi|ddos|spam|mail|ziyadnz|hourly,2026-08-17T18:48:05Z,2026-08-17T18:48:05Z,
173.234.226.41,ipv4,attack,high,WHITE,blocklist.de/all|blocklist.de/apache|blocklist.de/mail|ziyadnz/hourly-ipv4,blocklist.de|brute-force|apache|rfi|ddos|spam|mail|ziyadnz|hourly,2026-08-17T18:48:05Z,2026-08-17T18:48:05Z,
173.234.226.42,ipv4,attack,high,WHITE,blocklist.de/all|blocklist.de/apache|blocklist.de/mail|ziyadnz/hourly-ipv4,blocklist.de|brute-force|apache|rfi|ddos|spam|mail|ziyadnz|hourly,2026-08-17T18:48:05Z,2026-08-17T18:48:05Z,
173.234.226.43,ipv4,attack,high,WHITE,blocklist.de/all|blocklist.de/apache|blocklist.de/mail|ziyadnz/hourly-ipv4,blocklist.de|brute-force|apache|rfi|ddos|spam|mail|ziyadnz|hourly,2026-08-17T18:48:05Z,2026-08-17T18:48:05Z,
173.234.226.44,ipv4,attack,high,WHITE,blocklist.de/all|blocklist.de/apache|blocklist.de/mail|ziyadnz/hourly-ipv4,blocklist.de|brute-force|apache|rfi|ddos|spam|mail|ziyadnz|hourly,2026-08-17T18:48:05Z,2026-08-17T18:48:05Z,
173.234.226.45,ipv4,attack,high,WHITE,blocklist.de/all|blocklist.de/apache|blocklist.de/mail|ziyadnz/hourly-ipv4,blocklist.de|brute-force|apache|rfi|ddos|spam|mail|ziyadnz|hourly,2026-08-17T18:48:05Z,2026-08-17T18:48:05Z,
173.234.226.46,ipv4,attack,high,WHITE,blocklist.de/all|blocklist.de/apache|blocklist.de/mail|ziyadnz/hourly-ipv4,blocklist.de|brute-force|apache|rfi|ddos|spam|mail|ziyadnz|hourly,2026-08-17T18:48:05Z,2026-08-17T18:48:05Z,
173.234.226.47,ipv4,attack,high,WHITE,blocklist.de/all|blocklist.de/apache|blocklist.de/mail|ziyadnz/hourly-ipv4,blocklist.de|brute-force|apache|rfi|ddos|spam|mail|ziyadnz|hourly,2026-08-17T18:48:05Z,2026-08-17T18:48:05Z,
173.234.226.48,ipv4,attack,high,WHITE,blocklist.de/all|blocklist.de/apache|blocklist.de/mail|ziyadnz/hourly-ipv4,blocklist.de|brute-force|apache|rfi|ddos|spam|mail|ziyadnz|hourly,2026-08-17T18:48:05Z,2026-08-17T18:48:05Z,
173.234.226.49,ipv4,attack,high,WHITE,blocklist.de/all|blocklist.de/apache|blocklist.de/mail|ziyadnz/hourly-ipv4,blocklist.de|brute-force|apache|rfi|ddos|spam|mail|ziyadnz|hourly,2026-08-17T18:48:05Z,2026-08-17T18:48:05Z,
173.234.226.50,ipv4,attack,high,WHITE,blocklist.de/all|blocklist.de/apache|blocklist.de/mail|ziyadnz/hourly-ipv4,blocklist.de|brute-force|apache|rfi|ddos|spam|mail|ziyadnz|hourly,2026-08-17T18:48:05Z,2026-08-17T18:48:05Z,
173.234.226.51,ipv4,attack,high,WHITE,blocklist.de/all|blocklist.de/apache|blocklist.de/mail|ziyadnz/hourly-ipv4,blocklist.de|brute-force|apache|rfi|ddos|spam|mail|ziyadnz|hourly,2026-08-17T18:48:05Z,2026-08-17T18:48:05Z,
173.234.226.52,ipv4,attack,high,WHITE,blocklist.de/all|blocklist.de/apache|blocklist.de/mail|ziyadnz/hourly-ipv4,blocklist.de|brute-force|apache|rfi|ddos|spam|mail|ziyadnz|hourly,2026-08-17T18:48:05Z,2026-08-17T18:48:05Z,
173.234.226.53,ipv4,attack,high,WHITE,blocklist.de/all|blocklist.de/apache|blocklist.de/mail|ziyadnz/hourly-ipv4,blocklist.de|brute-force|apache|rfi|ddos|spam|mail|ziyadnz|hourly,2026-08-17T18:48:05Z,2026-08-17T18:48:05Z,
173.234.226.54,ipv4,attack,high,WHITE,blocklist.de/all|blocklist.de/apache|blocklist.de/mail|ziyadnz/hourly-ipv4,blocklist.de|brute-force|apache|rfi|ddos|spam|mail|ziyadnz|hourly,2026-08-17T18:48:05Z,2026-08-17T18:48:05Z,
173.234.226.55,ipv4,attack,high,WHITE,blocklist.de/all|blocklist.de/apache|blocklist.de/mail|ziyadnz/hourly-ipv4,blocklist.de|brute-force|apache|rfi|ddos|spam|mail|ziyadnz|hourly,2026-08-17T18:48:05Z,2026-08-17T18:48:05Z,
173.234.226.56,ipv4,attack,high,WHITE,blocklist.de/all|blocklist.de/apache|blocklist.de/mail|ziyadnz/hourly-ipv4,blocklist.de|brute-force|apache|rfi|ddos|spam|mail|ziyadnz|hourly,2026-08-17T18:48:05Z,2026-08-17T18:48:05Z,
173.234.226.57,ipv4,attack,high,WHITE,blocklist.de/all|blocklist.de/apache|blocklist.de/mail|ziyadnz/hourly-ipv4,blocklist.de|brute-force|apache|rfi|ddos|spam|mail|ziyadnz|hourly,2026-08-17T18:48:05Z,2026-08-17T18:48:05Z,
173.234.226.58,ipv4,attack,high,WHITE,blocklist.de/all|blocklist.de/apache|blocklist.de/mail|ziyadnz/hourly-ipv4,blocklist.de|brute-force|apache|rfi|ddos|spam|mail|ziyadnz|hourly,2026-08-17T18:48:05Z,2026-08-17T18:48:05Z,
173.234.226.59,ipv4,attack,high,WHITE,blocklist.de/all|blocklist.de/apache|blocklist.de/mail|ziyadnz/hourly-ipv4,blocklist.de|brute-force|apache|rfi|ddos|spam|mail|ziyadnz|hourly,2026-08-17T18:48:05Z,2026-08-17T18:48:05Z,
173.234.226.60,ipv4,attack,high,WHITE,blocklist.de/all|blocklist.de/apache|blocklist.de/mail|ziyadnz/hourly-ipv4,blocklist.de|brute-force|apache|rfi|ddos|spam|mail|ziyadnz|hourly,2026-08-17T18:48:05Z,2026-08-17T18:48:05Z,
173.234.226.61,ipv4,attack,high,WHITE,blocklist.de/all|blocklist.de/apache|blocklist.de/mail|ziyadnz/hourly-ipv4,blocklist.de|brute-force|apache|rfi|ddos|spam|mail|ziyadnz|hourly,2026-08-17T18:48:05Z,2026-08-17T18:48:05Z,
173.234.226.62,ipv4,attack,high,WHITE,blocklist.de/all|blocklist.de/apache|blocklist.de/mail|ziyadnz/hourly-ipv4,blocklist.de|brute-force|apache|rfi|ddos|spam|mail|ziyadnz|hourly,2026-08-17T18:48:05Z,2026-08-17T18:48:05Z,
173.234.226.63,ipv4,attack,high,WHITE,blocklist.de/all|blocklist.de/apache|blocklist.de/mail|ziyadnz/hourly-ipv4,blocklist.de|brute-force|apache|rfi|ddos|spam|mail|ziyadnz|hourly,2026-08-17T18:48:05Z,2026-08-17T18:48:05Z,
173.234.226.64,ipv4,attack,high,WHITE,blocklist.de/all|blocklist.de/apache|blocklist.de/mail|ziyadnz/hourly-ipv4,blocklist.de|brute-force|apache|rfi|ddos|spam|mail|ziyadnz|hourly,2026-08-17T18:48:05Z,2026-08-17T18:48:05Z,
173.234.226.65,ipv4,attack,high,WHITE,blocklist.de/all|blocklist.de/apache|blocklist.de/mail|ziyadnz/hourly-ipv4,blocklist.de|brute-force|apache|rfi|ddos|spam|mail|ziyadnz|hourly,2026-08-17T18:48:05Z,2026-08-17T18:48:05Z,
173.234.226.66,ipv4,attack,high,WHITE,blocklist.de/all|blocklist.de/apache|blocklist.de/mail|ziyadnz/hourly-ipv4,blocklist.de|brute-force|apache|rfi|ddos|spam|mail|ziyadnz|hourly,2026-08-17T18:48:05Z,2026-08-17T18:48:05Z,
173.234.226.67,ipv4,attack,high,WHITE,blocklist.de/all|blocklist.de/apache|blocklist.de/mail|ziyadnz/hourly-ipv4,blocklist.de|brute-force|apache|rfi|ddos|spam|mail|ziyadnz|hourly,2026-08-17T18:48:05Z,2026-08-17T18:48:05Z,
173.234.226.68,ipv4,attack,high,WHITE,blocklist.de/all|blocklist.de/apache|blocklist.de/mail|ziyadnz/hourly-ipv4,blocklist.de|brute-force|apache|rfi|ddos|spam|mail|ziyadnz|hourly,2026-08-17T18:48:05Z,2026-08-17T18:48:05Z,
173.234.226.69,ipv4,attack,high,WHITE,blocklist.de/all|blocklist.de/apache|blocklist.de/mail|ziyadnz/hourly-ipv4,blocklist.de|brute-force|apache|rfi|ddos|spam|mail|ziyadnz|hourly,2026-08-17T18:48:05Z,2026-08-17T18:48:05Z,
173.234.226.70,ipv4,attack,high,WHITE,blocklist.de/all|blocklist.de/apache|blocklist.de/mail|ziyadnz/hourly-ipv4,blocklist.de|brute-force|apache|rfi|ddos|spam|mail|ziyadnz|hourly,2026-08-17T18:48:05Z,2026-08-17T18:48:05Z,
173.234.226.71,ipv4,attack,high,WHITE,blocklist.de/all|blocklist.de/apache|blocklist.de/mail|ziyadnz/hourly-ipv4,blocklist.de|brute-force|apache|rfi|ddos|spam|mail|ziyadnz|hourly,2026-08-17T18:48:05Z,2026-08-17T18:48:05Z,
173.234.226.72,ipv4,attack,high,WHITE,blocklist.de/all|blocklist.de/apache|blocklist.de/mail|ziyadnz/hourly-ipv4,blocklist.de|brute-force|apache|rfi|ddos|spam|mail|ziyadnz|hourly,2026-08-17T18:48:05Z,2026-08-17T18:48:05Z,
173.234.226.73,ipv4,attack,high,WHITE,blocklist.de/all|blocklist.de/apache|blocklist.de/mail|ziyadnz/hourly-ipv4,blocklist.de|brute-force|apache|rfi|ddos|spam|mail|ziyadnz|hourly,2026-08-17T18:48:05Z,2026-08-17T18:48:05Z,
173.234.226.74,ipv4,attack,high,WHITE,blocklist.de/all|blocklist.de/apache|blocklist.de/mail|ziyadnz/hourly-ipv4,blocklist.de|brute-force|apache|rfi|ddos|spam|mail|ziyadnz|hourly,2026-08-17T18:48:05Z,2026-08-17T18:48:05Z,
173.234.226.75,ipv4,attack,high,WHITE,blocklist.de/all|blocklist.de/apache|blocklist.de/mail|ziyadnz/hourly-ipv4,blocklist.de|brute-force|apache|rfi|ddos|spam|mail|ziyadnz|hourly,2026-08-17T18:48:05Z,2026-08-17T18:48:05Z,
173.234.226.76,ipv4,attack,high,WHITE,blocklist.de/all|blocklist.de/apache|blocklist.de/mail|ziyadnz/hourly-ipv4,blocklist.de|brute-force|apache|rfi|ddos|spam|mail|ziyadnz|hourly,2026-08-17T18:48:05Z,2026-08-17T18:48:05Z,
173.234.226.77,ipv4,attack,high,WHITE,blocklist.de/all|blocklist.de/apache|blocklist.de/mail|ziyadnz/hourly-ipv4,blocklist.de|brute-force|apache|rfi|ddos|spam|mail|ziyadnz|hourly,2026-08-17T18:48:05Z,2026-08-17T18:48:05Z,
173.234.226.78,ipv4,attack,high,WHITE,blocklist.de/all|blocklist.de/apache|blocklist.de/mail|ziyadnz/hourly-ipv4,blocklist.de|brute-force|apache|rfi|ddos|spam|mail|ziyadnz|hourly,2026-08-17T18:48:05Z,2026-08-17T18:48:05Z,
173.234.226.79,ipv4,attack,high,WHITE,blocklist.de/all|blocklist.de/apache|blocklist.de/mail|ziyadnz/hourly-ipv4,blocklist.de|brute-force|apache|rfi|ddos|spam|mail|ziyadnz|hourly,2026-08-17T18:48:05Z,2026-08-17T18:48:05Z,
173.234.226.80,ipv4,attack,high,WHITE,blocklist.de/all|blocklist.de/apache|blocklist.de/mail|ziyadnz/hourly-ipv4,blocklist.de|brute-force|apache|rfi|ddos|spam|mail|ziyadnz|hourly,2026-08-17T18:48:05Z,2026-08-17T18:48:05Z,
173.234.226.81,ipv4,attack,high,WHITE,blocklist.de/all|blocklist.de/apache|blocklist.de/mail|ziyadnz/hourly-ipv4,blocklist.de|brute-force|apache|rfi|ddos|spam|mail|ziyadnz|hourly,2026-08-17T18:48:05Z,2026-08-17T18:48:05Z,
173.234.226.82,ipv4,attack,high,WHITE,blocklist.de/all|blocklist.de/apache|blocklist.de/mail|ziyadnz/hourly-ipv4,blocklist.de|brute-force|apache|rfi|ddos|spam|mail|ziyadnz|hourly,2026-08-17T18:48:05Z,2026-08-17T18:48:05Z,
173.234.226.83,ipv4,attack,high,WHITE,blocklist.de/all|blocklist.de/apache|blocklist.de/mail|ziyadnz/hourly-ipv4,blocklist.de|brute-force|apache|rfi|ddos|spam|mail|ziyadnz|hourly,2026-08-17T18:48:05Z,2026-08-17T18:48:05Z,
173.234.226.84,ipv4,attack,high,WHITE,blocklist.de/all|blocklist.de/apache|blocklist.de/mail|ziyadnz/hourly-ipv4,blocklist.de|brute-force|apache|rfi|ddos|spam|mail|ziyadnz|hourly,2026-08-17T18:48:05Z,2026-08-17T18:48:05Z,
173.234.226.85,ipv4,attack,high,WHITE,blocklist.de/all|blocklist.de/apache|blocklist.de/mail|ziyadnz/hourly-ipv4,blocklist.de|brute-force|apache|rfi|ddos|spam|mail|ziyadnz|hourly,2026-08-17T18:48:05Z,2026-08-17T18:48:05Z,
173.234.226.86,ipv4,attack,high,WHITE,blocklist.de/all|blocklist.de/apache|blocklist.de/mail|ziyadnz/hourly-ipv4,blocklist.de|brute-force|apache|rfi|ddos|spam|mail|ziyadnz|hourly,2026-08-17T18:48:05Z,2026-08-17T18:48:05Z,
173.234.226.87,ipv4,attack,high,WHITE,blocklist.de/all|blocklist.de/apache|blocklist.de/mail|ziyadnz/hourly-ipv4,blocklist.de|brute-force|apache|rfi|ddos|spam|mail|ziyadnz|hourly,2026-08-17T18:48:05Z,2026-08-17T18:48:05Z,
173.234.226.88,ipv4,attack,high,WHITE,blocklist.de/all|blocklist.de/apache|blocklist.de/mail|ziyadnz/hourly-ipv4,blocklist.de|brute-force|apache|rfi|ddos|spam|mail|ziyadnz|hourly,2026-08-17T18:48:05Z,2026-08-17T18:48:05Z,
173.234.226.89,ipv4,attack,high,WHITE,blocklist.de/all|blocklist.de/apache|blocklist.de/mail|ziyadnz/hourly-ipv4,blocklist.de|brute-force|apache|rfi|ddos|spam|mail|ziyadnz|hourly,2026-08-17T18:48:05Z,2026-08-17T18:48:05Z,
173.234.226.90,ipv4,attack,high,WHITE,blocklist.de/all|blocklist.de/apache|blocklist.de/mail|ziyadnz/hourly-ipv4,blocklist.de|brute-force|apache|rfi|ddos|spam|mail|ziyadnz|hourly,2026-08-17T18:48:05Z,2026-08-17T18:48:05Z,
173.234.226.91,ipv4,attack,high,WHITE,blocklist.de/all|blocklist.de/apache|blocklist.de/mail|ziyadnz/hourly-ipv4,blocklist.de|brute-force|apache|rfi|ddos|spam|mail|ziyadnz|hourly,2026-08-17T18:48:05Z,2026-08-17T18:48:05Z,
173.234.226.92,ipv4,attack,high,WHITE,blocklist.de/all|blocklist.de/apache|blocklist.de/mail|ziyadnz/hourly-ipv4,blocklist.de|brute-force|apache|rfi|ddos|spam|mail|ziyadnz|hourly,2026-08-17T18:48:05Z,2026-08-17T18:48:05Z,
173.234.226.93,ipv4,attack,high,WHITE,blocklist.de/all|blocklist.de/apache|blocklist.de/mail|ziyadnz/hourly-ipv4,blocklist.de|brute-force|apache|rfi|ddos|spam|mail|ziyadnz|hourly,2026-08-17T18:48:05Z,2026-08-17T18:48:05Z,
173.234.226.94,ipv4,attack,high,WHITE,blocklist.de/all|blocklist.de/apache|blocklist.de/mail|ziyadnz/hourly-ipv4,blocklist.de|brute-force|apache|rfi|ddos|spam|mail|ziyadnz|hourly,2026-08-17T18:48:05Z,2026-08-17T18:48:05Z,
173.234.226.95,ipv4,attack,high,WHITE,blocklist.de/all|blocklist.de/apache|blocklist.de/mail|ziyadnz/hourly-ipv4,blocklist.de|brute-force|apache|rfi|ddos|spam|mail|ziyadnz|hourly,2026-08-17T18:48:05Z,2026-08-17T18:48:05Z,
173.234.226.96,ipv4,attack,high,WHITE,blocklist.de/all|blocklist.de/apache|blocklist.de/mail|ziyadnz/hourly-ipv4,blocklist.de|brute-force|apache|rfi|ddos|spam|mail|ziyadnz|hourly,2026-08-17T18:48:05Z,2026-08-17T18:48:05Z,
173.234.226.97,ipv4,attack,high,WHITE,blocklist.de/all|blocklist.de/apache|blocklist.de/mail|ziyadnz/hourly-ipv4,blocklist.de|brute-force|apache|rfi|ddos|spam|mail|ziyadnz|hourly,2026-08-17T18:48:05Z,2026-08-17T18:48:05Z,
173.234.226.98,ipv4,attack,high,WHITE,blocklist.de/all|blocklist.de/apache|blocklist.de/mail|ziyadnz/hourly-ipv4,blocklist.de|brute-force|apache|rfi|ddos|spam|mail|ziyadnz|hourly,2026-08-17T18:48:05Z,2026-08-17T18:48:05Z,
173.234.226.99,ipv4,attack,high,WHITE,blocklist.de/all|blocklist.de/apache|blocklist.de/mail|ziyadnz/hourly-ipv4,blocklist.de|brute-force|apache|rfi|ddos|spam|mail|ziyadnz|hourly,2026-08-17T18:48:05Z,2026-08-17T18:48:05Z,
173.234.226.100,ipv4,attack,high,WHITE,blocklist.de/all|blocklist.de/apache|blocklist.de/mail|ziyadnz/hourly-ipv4,blocklist.de|brute-force|apache|rfi|ddos|spam|mail|ziyadnz|hourly,2026-08-17T18:48:05Z,2026-08-17T18:48:05Z,
173.234.226.101,ipv4,attack,high,WHITE,blocklist.de/all|blocklist.de/apache|blocklist.de/mail|ziyadnz/hourly-ipv4,blocklist.de|brute-force|apache|rfi|ddos|spam|mail|ziyadnz|hourly,2026-08-17T18:48:05Z,2026-08-17T18:48:05Z,
173.234.226.102,ipv4,attack,high,WHITE,blocklist.de/all|blocklist.de/apache|blocklist.de/mail|ziyadnz/hourly-ipv4,blocklist.de|brute-force|apache|rfi|ddos|spam|mail|ziyadnz|hourly,2026-08-17T18:48:05Z,2026-08-17T18:48:05Z,
173.234.226.103,ipv4,attack,high,WHITE,blocklist.de/all|blocklist.de/apache|blocklist.de/mail|ziyadnz/hourly-ipv4,blocklist.de|brute-force|apache|rfi|ddos|spam|mail|ziyadnz|hourly,2026-08-17T18:48:05Z,2026-08-17T18:48:05Z,
173.234.226.104,ipv4,attack,high,WHITE,blocklist.de/all|blocklist.de/apache|blocklist.de/mail|ziyadnz/hourly-ipv4,blocklist.de|brute-force|apache|rfi|ddos|spam|mail|ziyadnz|hourly,2026-08-17T18:48:05Z,2026-08-17T18:48:05Z,
173.234.226.105,ipv4,attack,high,WHITE,blocklist.de/all|blocklist.de/apache|blocklist.de/mail|ziyadnz/hourly-ipv4,blocklist.de|brute-force|apache|rfi|ddos|spam|mail|ziyadnz|hourly,2026-08-17T18:48:05Z,2026-08-17T18:48:05Z,
173.234.226.106,ipv4,attack,high,WHITE,blocklist.de/all|blocklist.de/apache|blocklist.de/mail|ziyadnz/hourly-ipv4,blocklist.de|brute-force|apache|rfi|ddos|spam|mail|ziyadnz|hourly,2026-08-17T18:48:05Z,2026-08-17T18:48:05Z,
173.234.226.107,ipv4,attack,high,WHITE,blocklist.de/all|blocklist.de/apache|blocklist.de/mail|ziyadnz/hourly-ipv4,blocklist.de|brute-force|apache|rfi|ddos|spam|mail|ziyadnz|hourly,2026-08-17T18:48:05Z,2026-08-17T18:48:05Z,
173.234.226.108,ipv4,attack,high,WHITE,blocklist.de/all|blocklist.de/apache|blocklist.de/mail|ziyadnz/hourly-ipv4,blocklist.de|brute-force|apache|rfi|ddos|spam|mail|ziyadnz|hourly,2026-08-17T18:48:05Z,2026-08-17T18:48:05Z,
173.234.226.109,ipv4,attack,high,WHITE,blocklist.de/all|blocklist.de/apache|blocklist.de/mail|ziyadnz/hourly-ipv4,blocklist.de|brute-force|apache|rfi|ddos|spam|mail|ziyadnz|hourly,2026-08-17T18:48:05Z,2026-08-17T18:48:05Z,
173.234.226.110,ipv4,attack,high,WHITE,blocklist.de/all|blocklist.de/apache|blocklist.de/mail|ziyadnz/hourly-ipv4,blocklist.de|brute-force|apache|rfi|ddos|spam|mail|ziyadnz|hourly,2026-08-17T18:48:05Z,2026-08-17T18:48:05Z,
173.234.226.111,ipv4,attack,high,WHITE,blocklist.de/all|blocklist.de/apache|blocklist.de/mail|ziyadnz/hourly-ipv4,blocklist.de|brute-force|apache|rfi|ddos|spam|mail|ziyadnz|hourly,2026-08-17T18:48:05Z,2026-08-17T18:48:05Z,
173.234.226.112,ipv4,attack,high,WHITE,blocklist.de/all|blocklist.de/apache|blocklist.de/mail|ziyadnz/hourly-ipv4,blocklist.de|brute-force|apache|rfi|ddos|spam|mail|ziyadnz|hourly,2026-08-17T18:48:05Z,2026-08-17T18:48:05Z,
173.234.226.113,ipv4,attack,high,WHITE,blocklist.de/all|blocklist.de/apache|blocklist.de/mail|ziyadnz/hourly-ipv4,blocklist.de|brute-force|apache|rfi|ddos|spam|mail|ziyadnz|hourly,2026-08-17T18:48:05Z,2026-08-17T18:48:05Z,
173.234.226.114,ipv4,attack,high,WHITE,blocklist.de/all|blocklist.de/apache|blocklist.de/mail|ziyadnz/hourly-ipv4,blocklist.de|brute-force|apache|rfi|ddos|spam|mail|ziyadnz|hourly,2026-08-17T18:48:05Z,2026-08-17T18:48:05Z,
173.234.226.115,ipv4,attack,high,WHITE,blocklist.de/all|blocklist.de/apache|blocklist.de/mail|ziyadnz/hourly-ipv4,blocklist.de|brute-force|apache|rfi|ddos|spam|mail|ziyadnz|hourly,2026-08-17T18:48:05Z,2026-08-17T18:48:05Z,
173.234.226.116,ipv4,attack,high,WHITE,blocklist.de/all|blocklist.de/apache|blocklist.de/mail|ziyadnz/hourly-ipv4,blocklist.de|brute-force|apache|rfi|ddos|spam|mail|ziyadnz|hourly,2026-08-17T18:48:05Z,2026-08-17T18:48:05Z,
173.234.226.117,ipv4,attack,high,WHITE,blocklist.de/all|blocklist.de/apache|blocklist.de/mail|ziyadnz/hourly-ipv4,blocklist.de|brute-force|apache|rfi|ddos|spam|mail|ziyadnz|hourly,2026-08-17T18:48:05Z,2026-08-17T18:48:05Z,
173.234.226.118,ipv4,attack,high,WHITE,blocklist.de/all|blocklist.de/apache|blocklist.de/mail|ziyadnz/hourly-ipv4,blocklist.de|brute-force|apache|rfi|ddos|spam|mail|ziyadnz|hourly,2026-08-17T18:48:05Z,2026-08-17T18:48:05Z,
173.234.226.119,ipv4,attack,high,WHITE,blocklist.de/all|blocklist.de/apache|blocklist.de/mail|ziyadnz/hourly-ipv4,blocklist.de|brute-force|apache|rfi|ddos|spam|mail|ziyadnz|hourly,2026-08-17T18:48:05Z,2026-08-17T18:48:05Z,
173.234.226.120,ipv4,attack,high,WHITE,blocklist.de/all|blocklist.de/apache|blocklist.de/mail|ziyadnz/hourly-ipv4,blocklist.de|brute-force|apache|rfi|ddos|spam|mail|ziyadnz|hourly,2026-08-17T18:48:05Z,2026-08-17T18:48:05Z,
173.234.226.121,ipv4,attack,high,WHITE,blocklist.de/all|blocklist.de/apache|blocklist.de/mail|ziyadnz/hourly-ipv4,blocklist.de|brute-force|apache|rfi|ddos|spam|mail|ziyadnz|hourly,2026-08-17T18:48:05Z,2026-08-17T18:48:05Z,
173.234.226.122,ipv4,attack,high,WHITE,blocklist.de/all|blocklist.de/apache|blocklist.de/mail|ziyadnz/hourly-ipv4,blocklist.de|brute-force|apache|rfi|ddos|spam|mail|ziyadnz|hourly,2026-08-17T18:48:05Z,2026-08-17T18:48:05Z,
173.234.226.123,ipv4,attack,high,WHITE,blocklist.de/all|blocklist.de/apache|blocklist.de/mail|ziyadnz/hourly-ipv4,blocklist.de|brute-force|apache|rfi|ddos|spam|mail|ziyadnz|hourly,2026-08-17T18:48:05Z,2026-08-17T18:48:05Z,
173.234.226.124,ipv4,attack,high,WHITE,blocklist.de/all|blocklist.de/apache|blocklist.de/mail|ziyadnz/hourly-ipv4,blocklist.de|brute-force|apache|rfi|ddos|spam|mail|ziyadnz|hourly,2026-08-17T18:48:05Z,2026-08-17T18:48:05Z,
173.234.226.125,ipv4,attack,high,WHITE,blocklist.de/all|blocklist.de/apache|blocklist.de/mail|ziyadnz/hourly-ipv4,blocklist.de|brute-force|apache|rfi|ddos|spam|mail|ziyadnz|hourly,2026-08-17T18:48:05Z,2026-08-17T18:48:05Z,
173.234.226.126,ipv4,attack,high,WHITE,blocklist.de/all|blocklist.de/apache|blocklist.de/mail|ziyadnz/hourly-ipv4,blocklist.de|brute-force|apache|rfi|ddos|spam|mail|ziyadnz|hourly,2026-08-17T18:48:05Z,2026-08-17T18:48:05Z,
173.234.226.127,ipv4,attack,high,WHITE,blocklist.de/all|blocklist.de/apache|blocklist.de/mail|ziyadnz/hourly-ipv4,blocklist.de|brute-force|apache|rfi|ddos|spam|mail|ziyadnz|hourly,2026-08-17T18:48:05Z,2026-08-17T18:48:05Z,
173.234.226.128,ipv4,attack,high,WHITE,blocklist.de/all|blocklist.de/apache|blocklist.de/mail|ziyadnz/hourly-ipv4,blocklist.de|brute-force|apache|rfi|ddos|spam|mail|ziyadnz|hourly,2026-08-17T18:48:05Z,2026-08-17T18:48:05Z,
173.234.226.129,ipv4,attack,high,WHITE,blocklist.de/all|blocklist.de/apache|blocklist.de/mail|ziyadnz/hourly-ipv4,blocklist.de|brute-force|apache|rfi|ddos|spam|mail|ziyadnz|hourly,2026-08-17T18:48:05Z,2026-08-17T18:48:05Z,
173.234.226.130,ipv4,attack,high,WHITE,blocklist.de/all|blocklist.de/apache|blocklist.de/mail|ziyadnz/hourly-ipv4,blocklist.de|brute-force|apache|rfi|ddos|spam|mail|ziyadnz|hourly,2026-08-17T18:48:05Z,2026-08-17T18:48:05Z,
173.234.226.131,ipv4,attack,high,WHITE,blocklist.de/all|blocklist.de/apache|blocklist.de/mail|ziyadnz/hourly-ipv4,blocklist.de|brute-force|apache|rfi|ddos|spam|mail|ziyadnz|hourly,2026-08-17T18:48:05Z,2026-08-17T18:48:05Z,
173.234.226.132,ipv4,attack,high,WHITE,blocklist.de/all|blocklist.de/apache|blocklist.de/mail|ziyadnz/hourly-ipv4,blocklist.de|brute-force|apache|rfi|ddos|spam|mail|ziyadnz|hourly,2026-08-17T18:48:05Z,2026-08-17T18:48:05Z,
173.234.226.133,ipv4,attack,high,WHITE,blocklist.de/all|blocklist.de/apache|blocklist.de/mail|ziyadnz/hourly-ipv4,blocklist.de|brute-force|apache|rfi|ddos|spam|mail|ziyadnz|hourly,2026-08-17T18:48:05Z,2026-08-17T18:48:05Z,
173.234.226.134,ipv4,attack,high,WHITE,blocklist.de/all|blocklist.de/apache|blocklist.de/mail|ziyadnz/hourly-ipv4,blocklist.de|brute-force|apache|rfi|ddos|spam|mail|ziyadnz|hourly,2026-08-17T18:48:05Z,2026-08-17T18:48:05Z,
173.234.226.135,ipv4,attack,high,WHITE,blocklist.de/all|blocklist.de/apache|blocklist.de/mail|ziyadnz/hourly-ipv4,blocklist.de|brute-force|apache|rfi|ddos|spam|mail|ziyadnz|hourly,2026-08-17T18:48:05Z,2026-08-17T18:48:05Z,
173.234.226.136,ipv4,attack,high,WHITE,blocklist.de/all|blocklist.de/apache|blocklist.de/mail|ziyadnz/hourly-ipv4,blocklist.de|brute-force|apache|rfi|ddos|spam|mail|ziyadnz|hourly,2026-08-17T18:48:05Z,2026-08-17T18:48:05Z,
173.234.226.137,ipv4,attack,high,WHITE,blocklist.de/all|blocklist.de/apache|blocklist.de/mail|ziyadnz/hourly-ipv4,blocklist.de|brute-force|apache|rfi|ddos|spam|mail|ziyadnz|hourly,2026-08-17T18:48:05Z,2026-08-17T18:48:05Z,
173.234.226.138,ipv4,attack,high,WHITE,blocklist.de/all|blocklist.de/apache|blocklist.de/mail|ziyadnz/hourly-ipv4,blocklist.de|brute-force|apache|rfi|ddos|spam|mail|ziyadnz|hourly,2026-08-17T18:48:05Z,2026-08-17T18:48:05Z,
173.234.226.139,ipv4,attack,high,WHITE,blocklist.de/all|blocklist.de/apache|blocklist.de/mail|ziyadnz/hourly-ipv4,blocklist.de|brute-force|apache|rfi|ddos|spam|mail|ziyadnz|hourly,2026-08-17T18:48:05Z,2026-08-17T18:48:05Z,
173.234.226.140,ipv4,attack,high,WHITE,blocklist.de/all|blocklist.de/apache|blocklist.de/mail|ziyadnz/hourly-ipv4,blocklist.de|brute-force|apache|rfi|ddos|spam|mail|ziyadnz|hourly,2026-08-17T18:48:05Z,2026-08-17T18:48:05Z,
173.234.226.141,ipv4,attack,high,WHITE,blocklist.de/all|blocklist.de/apache|blocklist.de/mail|ziyadnz/hourly-ipv4,blocklist.de|brute-force|apache|rfi|ddos|spam|mail|ziyadnz|hourly,2026-08-17T18:48:05Z,2026-08-17T18:48:05Z,
173.234.226.142,ipv4,attack,high,WHITE,blocklist.de/all|blocklist.de/apache|blocklist.de/mail|ziyadnz/hourly-ipv4,blocklist.de|brute-force|apache|rfi|ddos|spam|mail|ziyadnz|hourly,2026-08-17T18:48:05Z,2026-08-17T18:48:05Z,
173.234.226.143,ipv4,attack,high,WHITE,blocklist.de/all|blocklist.de/apache|blocklist.de/mail|ziyadnz/hourly-ipv4,blocklist.de|brute-force|apache|rfi|ddos|spam|mail|ziyadnz|hourly,2026-08-17T18:48:05Z,2026-08-17T18:48:05Z,
173.234.226.144,ipv4,attack,high,WHITE,blocklist.de/all|blocklist.de/apache|blocklist.de/mail|ziyadnz/hourly-ipv4,blocklist.de|brute-force|apache|rfi|ddos|spam|mail|ziyadnz|hourly,2026-08-17T18:48:05Z,2026-08-17T18:48:05Z,
173.234.226.145,ipv4,attack,high,WHITE,blocklist.de/all|blocklist.de/apache|blocklist.de/mail|ziyadnz/hourly-ipv4,blocklist.de|brute-force|apache|rfi|ddos|spam|mail|ziyadnz|hourly,2026-08-17T18:48:05Z,2026-08-17T18:48:05Z,
173.234.226.146,ipv4,attack,high,WHITE,blocklist.de/all|blocklist.de/apache|blocklist.de/mail|ziyadnz/hourly-ipv4,blocklist.de|brute-force|apache|rfi|ddos|spam|mail|ziyadnz|hourly,2026-08-17T18:48:05Z,2026-08-17T18:48:05Z,
173.234.226.147,ipv4,attack,high,WHITE,blocklist.de/all|blocklist.de/apache|blocklist.de/mail|ziyadnz/hourly-ipv4,blocklist.de|brute-force|apache|rfi|ddos|spam|mail|ziyadnz|hourly,2026-08-17T18:48:05Z,2026-08-17T18:48:05Z,
173.234.226.148,ipv4,attack,high,WHITE,blocklist.de/all|blocklist.de/apache|blocklist.de/mail|ziyadnz/hourly-ipv4,blocklist.de|brute-force|apache|rfi|ddos|spam|mail|ziyadnz|hourly,2026-08-17T18:48:05Z,2026-08-17T18:48:05Z,
173.234.226.149,ipv4,attack,high,WHITE,blocklist.de/all|blocklist.de/apache|blocklist.de/mail|ziyadnz/hourly-ipv4,blocklist.de|brute-force|apache|rfi|ddos|spam|mail|ziyadnz|hourly,2026-08-17T18:48:05Z,2026-08-17T18:48:05Z,
173.234.226.150,ipv4,attack,high,WHITE,blocklist.de/all|blocklist.de/apache|blocklist.de/mail|ziyadnz/hourly-ipv4,blocklist.de|brute-force|apache|rfi|ddos|spam|mail|ziyadnz|hourly,2026-08-17T18:48:05Z,2026-08-17T18:48:05Z,
173.234.226.151,ipv4,attack,high,WHITE,blocklist.de/all|blocklist.de/apache|blocklist.de/mail|ziyadnz/hourly-ipv4,blocklist.de|brute-force|apache|rfi|ddos|spam|mail|ziyadnz|hourly,2026-08-17T18:48:05Z,2026-08-17T18:48:05Z,
173.234.226.152,ipv4,attack,high,WHITE,blocklist.de/all|blocklist.de/apache|blocklist.de/mail|ziyadnz/hourly-ipv4,blocklist.de|brute-force|apache|rfi|ddos|spam|mail|ziyadnz|hourly,2026-08-17T18:48:05Z,2026-08-17T18:48:05Z,
173.234.226.153,ipv4,attack,high,WHITE,blocklist.de/all|blocklist.de/apache|blocklist.de/mail|ziyadnz/hourly-ipv4,blocklist.de|brute-force|apache|rfi|ddos|spam|mail|ziyadnz|hourly,2026-08-17T18:48:05Z,2026-08-17T18:48:05Z,
173.234.226.154,ipv4,attack,high,WHITE,blocklist.de/all|blocklist.de/apache|blocklist.de/mail|ziyadnz/hourly-ipv4,blocklist.de|brute-force|apache|rfi|ddos|spam|mail|ziyadnz|hourly,2026-08-17T18:48:05Z,2026-08-17T18:48:05Z,
173.234.226.155,ipv4,attack,high,WHITE,blocklist.de/all|blocklist.de/apache|blocklist.de/mail|ziyadnz/hourly-ipv4,blocklist.de|brute-force|apache|rfi|ddos|spam|mail|ziyadnz|hourly,2026-08-17T18:48:05Z,2026-08-17T18:48:05Z,
173.234.226.156,ipv4,attack,high,WHITE,blocklist.de/all|blocklist.de/apache|blocklist.de/mail|ziyadnz/hourly-ipv4,blocklist.de|brute-force|apache|rfi|ddos|spam|mail|ziyadnz|hourly,2026-08-17T18:48:05Z,2026-08-17T18:48:05Z,
173.234.226.157,ipv4,attack,high,WHITE,blocklist.de/all|blocklist.de/apache|blocklist.de/mail|ziyadnz/hourly-ipv4,blocklist.de|brute-force|apache|rfi|ddos|spam|mail|ziyadnz|hourly,2026-08-17T18:48:05Z,2026-08-17T18:48:05Z,
173.234.226.158,ipv4,attack,high,WHITE,blocklist.de/all|blocklist.de/apache|blocklist.de/mail|ziyadnz/hourly-ipv4,blocklist.de|brute-force|apache|rfi|ddos|spam|mail|ziyadnz|hourly,2026-08-17T18:48:05Z,2026-08-17T18:48:05Z,
173.234.226.159,ipv4,attack,high,WHITE,blocklist.de/all|blocklist.de/apache|blocklist.de/mail|ziyadnz/hourly-ipv4,blocklist.de|brute-force|apache|rfi|ddos|spam|mail|ziyadnz|hourly,2026-08-17T18:48:05Z,2026-08-17T18:48:05Z,
173.234.226.160,ipv4,attack,high,WHITE,blocklist.de/all|blocklist.de/apache|blocklist.de/mail|ziyadnz/hourly-ipv4,blocklist.de|brute-force|apache|rfi|ddos|spam|mail|ziyadnz|hourly,2026-08-17T18:48:05Z,2026-08-17T18:48:05Z,
173.234.226.161,ipv4,attack,high,WHITE,blocklist.de/all|blocklist.de/apache|blocklist.de/mail|ziyadnz/hourly-ipv4,blocklist.de|brute-force|apache|rfi|ddos|spam|mail|ziyadnz|hourly,2026-08-17T18:48:05Z,2026-08-17T18:48:05Z,
173.234.226.162,ipv4,attack,high,WHITE,blocklist.de/all|blocklist.de/apache|blocklist.de/mail|ziyadnz/hourly-ipv4,blocklist.de|brute-force|apache|rfi|ddos|spam|mail|ziyadnz|hourly,2026-08-17T18:48:05Z,2026-08-17T18:48:05Z,
173.234.226.163,ipv4,attack,high,WHITE,blocklist.de/all|blocklist.de/apache|blocklist.de/mail|ziyadnz/hourly-ipv4,blocklist.de|brute-force|apache|rfi|ddos|spam|mail|ziyadnz|hourly,2026-08-17T18:48:05Z,2026-08-17T18:48:05Z,
173.234.226.164,ipv4,attack,high,WHITE,blocklist.de/all|blocklist.de/apache|blocklist.de/mail|ziyadnz/hourly-ipv4,blocklist.de|brute-force|apache|rfi|ddos|spam|mail|ziyadnz|hourly,2026-08-17T18:48:05Z,2026-08-17T18:48:05Z,
173.234.226.165,ipv4,attack,high,WHITE,blocklist.de/all|blocklist.de/apache|blocklist.de/mail|ziyadnz/hourly-ipv4,blocklist.de|brute-force|apache|rfi|ddos|spam|mail|ziyadnz|hourly,2026-08-17T18:48:05Z,2026-08-17T18:48:05Z,
173.234.226.166,ipv4,attack,high,WHITE,blocklist.de/all|blocklist.de/apache|blocklist.de/mail|ziyadnz/hourly-ipv4,blocklist.de|brute-force|apache|rfi|ddos|spam|mail|ziyadnz|hourly,2026-08-17T18:48:05Z,2026-08-17T18:48:05Z,
173.234.226.167,ipv4,attack,high,WHITE,blocklist.de/all|blocklist.de/apache|blocklist.de/mail|ziyadnz/hourly-ipv4,blocklist.de|brute-force|apache|rfi|ddos|spam|mail|ziyadnz|hourly,2026-08-17T18:48:05Z,2026-08-17T18:48:05Z,
173.234.226.168,ipv4,attack,high,WHITE,blocklist.de/all|blocklist.de/apache|blocklist.de/mail|ziyadnz/hourly-ipv4,blocklist.de|brute-force|apache|rfi|ddos|spam|mail|ziyadnz|hourly,2026-08-17T18:48:05Z,2026-08-17T18:48:05Z,
173.234.226.169,ipv4,attack,high,WHITE,blocklist.de/all|blocklist.de/apache|blocklist.de/mail|ziyadnz/hourly-ipv4,blocklist.de|brute-force|apache|rfi|ddos|spam|mail|ziyadnz|hourly,2026-08-17T18:48:05Z,2026-08-17T18:48:05Z,
173.234.226.170,ipv4,attack,high,WHITE,blocklist.de/all|blocklist.de/apache|blocklist.de/mail|ziyadnz/hourly-ipv4,blocklist.de|brute-force|apache|rfi|ddos|spam|mail|ziyadnz|hourly,2026-08-17T18:48:05Z,2026-08-17T18:48:05Z,
173.234.226.171,ipv4,attack,high,WHITE,blocklist.de/all|blocklist.de/apache|blocklist.de/mail|ziyadnz/hourly-ipv4,blocklist.de|brute-force|apache|rfi|ddos|spam|mail|ziyadnz|hourly,2026-08-17T18:48:05Z,2026-08-17T18:48:05Z,
173.234.226.172,ipv4,attack,high,WHITE,blocklist.de/all|blocklist.de/apache|blocklist.de/mail|ziyadnz/hourly-ipv4,blocklist.de|brute-force|apache|rfi|ddos|spam|mail|ziyadnz|hourly,2026-08-17T18:48:05Z,2026-08-17T18:48:05Z,
173.234.226.173,ipv4,attack,high,WHITE,blocklist.de/all|blocklist.de/apache|blocklist.de/mail|ziyadnz/hourly-ipv4,blocklist.de|brute-force|apache|rfi|ddos|spam|mail|ziyadnz|hourly,2026-08-17T18:48:05Z,2026-08-17T18:48:05Z,
173.234.226.174,ipv4,attack,high,WHITE,blocklist.de/all|blocklist.de/apache|blocklist.de/mail|ziyadnz/hourly-ipv4,blocklist.de|brute-force|apache|rfi|ddos|spam|mail|ziyadnz|hourly,2026-08-17T18:48:05Z,2026-08-17T18:48:05Z,
173.234.226.175,ipv4,attack,high,WHITE,blocklist.de/all|blocklist.de/apache|blocklist.de/mail|ziyadnz/hourly-ipv4,blocklist.de|brute-force|apache|rfi|ddos|spam|mail|ziyadnz|hourly,2026-08-17T18:48:05Z,2026-08-17T18:48:05Z,
173.234.226.176,ipv4,attack,high,WHITE,blocklist.de/all|blocklist.de/apache|blocklist.de/mail|ziyadnz/hourly-ipv4,blocklist.de|brute-force|apache|rfi|ddos|spam|mail|ziyadnz|hourly,2026-08-17T18:48:05Z,2026-08-17T18:48:05Z,
173.234.226.177,ipv4,attack,high,WHITE,blocklist.de/all|blocklist.de/apache|blocklist.de/mail|ziyadnz/hourly-ipv4,blocklist.de|brute-force|apache|rfi|ddos|spam|mail|ziyadnz|hourly,2026-08-17T18:48:05Z,2026-08-17T18:48:05Z,
173.234.226.178,ipv4,attack,high,WHITE,blocklist.de/all|blocklist.de/apache|blocklist.de/mail|ziyadnz/hourly-ipv4,blocklist.de|brute-force|apache|rfi|ddos|spam|mail|ziyadnz|hourly,2026-08-17T18:48:05Z,2026-08-17T18:48:05Z,
173.234.226.179,ipv4,attack,high,WHITE,blocklist.de/all|blocklist.de/apache|blocklist.de/mail|ziyadnz/hourly-ipv4,blocklist.de|brute-force|apache|rfi|ddos|spam|mail|ziyadnz|hourly,2026-08-17T18:48:05Z,2026-08-17T18:48:05Z,
173.234.226.180,ipv4,attack,high,WHITE,blocklist.de/all|blocklist.de/apache|blocklist.de/mail|ziyadnz/hourly-ipv4,blocklist.de|brute-force|apache|rfi|ddos|spam|mail|ziyadnz|hourly,2026-08-17T18:48:05Z,2026-08-17T18:48:05Z,
173.234.226.181,ipv4,attack,high,WHITE,blocklist.de/all|blocklist.de/apache|blocklist.de/mail|ziyadnz/hourly-ipv4,blocklist.de|brute-force|apache|rfi|ddos|spam|mail|ziyadnz|hourly,2026-08-17T18:48:05Z,2026-08-17T18:48:05Z,
173.234.226.182,ipv4,attack,high,WHITE,blocklist.de/all|blocklist.de/apache|blocklist.de/mail|ziyadnz/hourly-ipv4,blocklist.de|brute-force|apache|rfi|ddos|spam|mail|ziyadnz|hourly,2026-08-17T18:48:05Z,2026-08-17T18:48:05Z,
173.234.226.183,ipv4,attack,high,WHITE,blocklist.de/all|blocklist.de/apache|blocklist.de/mail|ziyadnz/hourly-ipv4,blocklist.de|brute-force|apache|rfi|ddos|spam|mail|ziyadnz|hourly,2026-08-17T18:48:05Z,2026-08-17T18:48:05Z,
173.234.226.184,ipv4,attack,high,WHITE,blocklist.de/all|blocklist.de/apache|blocklist.de/mail|ziyadnz/hourly-ipv4,blocklist.de|brute-force|apache|rfi|ddos|spam|mail|ziyadnz|hourly,2026-08-17T18:48:05Z,2026-08-17T18:48:05Z,
173.234.226.185,ipv4,attack,high,WHITE,blocklist.de/all|blocklist.de/apache|blocklist.de/mail|ziyadnz/hourly-ipv4,blocklist.de|brute-force|apache|rfi|ddos|spam|mail|ziyadnz|hourly,2026-08-17T18:48:05Z,2026-08-17T18:48:05Z,
173.234.226.186,ipv4,attack,high,WHITE,blocklist.de/all|blocklist.de/apache|blocklist.de/mail|ziyadnz/hourly-ipv4,blocklist.de|brute-force|apache|rfi|ddos|spam|mail|ziyadnz|hourly,2026-08-17T18:48:05Z,2026-08-17T18:48:05Z,
173.234.226.187,ipv4,attack,high,WHITE,blocklist.de/all|blocklist.de/apache|blocklist.de/mail|ziyadnz/hourly-ipv4,blocklist.de|brute-force|apache|rfi|ddos|spam|mail|ziyadnz|hourly,2026-08-17T18:48:05Z,2026-08-17T18:48:05Z,
173.234.226.188,ipv4,attack,high,WHITE,blocklist.de/all|blocklist.de/apache|blocklist.de/mail|ziyadnz/hourly-ipv4,blocklist.de|brute-force|apache|rfi|ddos|spam|mail|ziyadnz|hourly,2026-08-17T18:48:05Z,2026-08-17T18:48:05Z,
173.234.226.189,ipv4,attack,high,WHITE,blocklist.de/all|blocklist.de/apache|blocklist.de/mail|ziyadnz/hourly-ipv4,blocklist.de|brute-force|apache|rfi|ddos|spam|mail|ziyadnz|hourly,2026-08-17T18:48:05Z,2026-08-17T18:48:05Z,
173.234.226.190,ipv4,attack,high,WHITE,blocklist.de/all|blocklist.de/apache|blocklist.de/mail|ziyadnz/hourly-ipv4,blocklist.de|brute-force|apache|rfi|ddos|spam|mail|ziyadnz|hourly,2026-08-17T18:48:05Z,2026-08-17T18:48:05Z,
173.234.226.191,ipv4,attack,high,WHITE,blocklist.de/all|blocklist.de/apache|blocklist.de/mail|ziyadnz/hourly-ipv4,blocklist.de|brute-force|apache|rfi|ddos|spam|mail|ziyadnz|hourly,2026-08-17T18:48:05Z,2026-08-17T18:48:05Z,
173.234.226.192,ipv4,attack,high,WHITE,blocklist.de/all|blocklist.de/apache|blocklist.de/mail|ziyadnz/hourly-ipv4,blocklist.de|brute-force|apache|rfi|ddos|spam|mail|ziyadnz|hourly,2026-08-17T18:48:05Z,2026-08-17T18:48:05Z,
173.234.226.193,ipv4,attack,high,WHITE,blocklist.de/all|blocklist.de/apache|blocklist.de/mail|ziyadnz/hourly-ipv4,blocklist.de|brute-force|apache|rfi|ddos|spam|mail|ziyadnz|hourly,2026-08-17T18:48:05Z,2026-08-17T18:48:05Z,
173.234.226.194,ipv4,attack,high,WHITE,blocklist.de/all|blocklist.de/apache|blocklist.de/mail|ziyadnz/hourly-ipv4,blocklist.de|brute-force|apache|rfi|ddos|spam|mail|ziyadnz|hourly,2026-08-17T18:48:05Z,2026-08-17T18:48:05Z,
173.234.226.195,ipv4,attack,high,WHITE,blocklist.de/all|blocklist.de/apache|blocklist.de/mail|ziyadnz/hourly-ipv4,blocklist.de|brute-force|apache|rfi|ddos|spam|mail|ziyadnz|hourly,2026-08-17T18:48:05Z,2026-08-17T18:48:05Z,
173.234.226.196,ipv4,attack,high,WHITE,blocklist.de/all|blocklist.de/apache|blocklist.de/mail|ziyadnz/hourly-ipv4,blocklist.de|brute-force|apache|rfi|ddos|spam|mail|ziyadnz|hourly,2026-08-17T18:48:05Z,2026-08-17T18:48:05Z,
173.234.226.197,ipv4,attack,high,WHITE,blocklist.de/all|blocklist.de/apache|blocklist.de/mail|ziyadnz/hourly-ipv4,blocklist.de|brute-force|apache|rfi|ddos|spam|mail|ziyadnz|hourly,2026-08-17T18:48:05Z,2026-08-17T18:48:05Z,
173.234.226.198,ipv4,attack,high,WHITE,blocklist.de/all|blocklist.de/apache|blocklist.de/mail|ziyadnz/hourly-ipv4,blocklist.de|brute-force|apache|rfi|ddos|spam|mail|ziyadnz|hourly,2026-08-17T18:48:05Z,2026-08-17T18:48:05Z,
173.234.226.199,ipv4,attack,high,WHITE,blocklist.de/all|blocklist.de/apache|blocklist.de/mail|ziyadnz/hourly-ipv4,blocklist.de|brute-force|apache|rfi|ddos|spam|mail|ziyadnz|hourly,2026-08-17T18:48:05Z,2026-08-17T18:48:05Z,
173.234.226.200,ipv4,attack,high,WHITE,blocklist.de/all|blocklist.de/apache|blocklist.de/mail|ziyadnz/hourly-ipv4,blocklist.de|brute-force|apache|rfi|ddos|spam|mail|ziyadnz|hourly,2026-08-17T18:48:05Z,2026-08-17T18:48:05Z,
173.234.226.201,ipv4,attack,high,WHITE,blocklist.de/all|blocklist.de/apache|blocklist.de/mail|ziyadnz/hourly-ipv4,blocklist.de|brute-force|apache|rfi|ddos|spam|mail|ziyadnz|hourly,2026-08-17T18:48:05Z,2026-08-17T18:48:05Z,
173.234.226.202,ipv4,attack,high,WHITE,blocklist.de/all|blocklist.de/apache|blocklist.de/mail|ziyadnz/hourly-ipv4,blocklist.de|brute-force|apache|rfi|ddos|spam|mail|ziyadnz|hourly,2026-08-17T18:48:05Z,2026-08-17T18:48:05Z,
173.234.226.203,ipv4,attack,high,WHITE,blocklist.de/all|blocklist.de/apache|blocklist.de/mail|ziyadnz/hourly-ipv4,blocklist.de|brute-force|apache|rfi|ddos|spam|mail|ziyadnz|hourly,2026-08-17T18:48:05Z,2026-08-17T18:48:05Z,
173.234.226.204,ipv4,attack,high,WHITE,blocklist.de/all|blocklist.de/apache|blocklist.de/mail|ziyadnz/hourly-ipv4,blocklist.de|brute-force|apache|rfi|ddos|spam|mail|ziyadnz|hourly,2026-08-17T18:48:05Z,2026-08-17T18:48:05Z,
173.234.226.205,ipv4,attack,high,WHITE,blocklist.de/all|blocklist.de/apache|blocklist.de/mail|ziyadnz/hourly-ipv4,blocklist.de|brute-force|apache|rfi|ddos|spam|mail|ziyadnz|hourly,2026-08-17T18:48:05Z,2026-08-17T18:48:05Z,
173.234.226.206,ipv4,attack,high,WHITE,blocklist.de/all|blocklist.de/apache|blocklist.de/mail|ziyadnz/hourly-ipv4,blocklist.de|brute-force|apache|rfi|ddos|spam|mail|ziyadnz|hourly,2026-08-17T18:48:05Z,2026-08-17T18:48:05Z,
173.234.226.207,ipv4,attack,high,WHITE,blocklist.de/all|blocklist.de/apache|blocklist.de/mail|ziyadnz/hourly-ipv4,blocklist.de|brute-force|apache|rfi|ddos|spam|mail|ziyadnz|hourly,2026-08-17T18:48:05Z,2026-08-17T18:48:05Z,
173.234.226.208,ipv4,attack,high,WHITE,blocklist.de/all|blocklist.de/apache|blocklist.de/mail|ziyadnz/hourly-ipv4,blocklist.de|brute-force|apache|rfi|ddos|spam|mail|ziyadnz|hourly,2026-08-17T18:48:05Z,2026-08-17T18:48:05Z,
173.234.226.209,ipv4,attack,high,WHITE,blocklist.de/all|blocklist.de/apache|blocklist.de/mail|ziyadnz/hourly-ipv4,blocklist.de|brute-force|apache|rfi|ddos|spam|mail|ziyadnz|hourly,2026-08-17T18:48:05Z,2026-08-17T18:48:05Z,
173.234.226.210,ipv4,attack,high,WHITE,blocklist.de/all|blocklist.de/apache|blocklist.de/mail|ziyadnz/hourly-ipv4,blocklist.de|brute-force|apache|rfi|ddos|spam|mail|ziyadnz|hourly,2026-08-17T18:48:05Z,2026-08-17T18:48:05Z,
173.234.226.211,ipv4,attack,high,WHITE,blocklist.de/all|blocklist.de/apache|blocklist.de/mail|ziyadnz/hourly-ipv4,blocklist.de|brute-force|apache|rfi|ddos|spam|mail|ziyadnz|hourly,2026-08-17T18:48:05Z,2026-08-17T18:48:05Z,
173.234.226.212,ipv4,attack,high,WHITE,blocklist.de/all|blocklist.de/apache|blocklist.de/mail|ziyadnz/hourly-ipv4,blocklist.de|brute-force|apache|rfi|ddos|spam|mail|ziyadnz|hourly,2026-08-17T18:48:05Z,2026-08-17T18:48:05Z,
173.234.226.213,ipv4,attack,high,WHITE,blocklist.de/all|blocklist.de/apache|blocklist.de/mail|ziyadnz/hourly-ipv4,blocklist.de|brute-force|apache|rfi|ddos|spam|mail|ziyadnz|hourly,2026-08-17T18:48:05Z,2026-08-17T18:48:05Z,
173.234.226.214,ipv4,attack,high,WHITE,blocklist.de/all|blocklist.de/apache|blocklist.de/mail|ziyadnz/hourly-ipv4,blocklist.de|brute-force|apache|rfi|ddos|spam|mail|ziyadnz|hourly,2026-08-17T18:48:05Z,2026-08-17T18:48:05Z,
173.234.226.215,ipv4,attack,high,WHITE,blocklist.de/all|blocklist.de/apache|blocklist.de/mail|ziyadnz/hourly-ipv4,blocklist.de|brute-force|apache|rfi|ddos|spam|mail|ziyadnz|hourly,2026-08-17T18:48:05Z,2026-08-17T18:48:05Z,
173.234.226.216,ipv4,attack,high,WHITE,blocklist.de/all|blocklist.de/apache|blocklist.de/mail|ziyadnz/hourly-ipv4,blocklist.de|brute-force|apache|rfi|ddos|spam|mail|ziyadnz|hourly,2026-08-17T18:48:05Z,2026-08-17T18:48:05Z,
173.234.226.217,ipv4,attack,high,WHITE,blocklist.de/all|blocklist.de/apache|blocklist.de/mail|ziyadnz/hourly-ipv4,blocklist.de|brute-force|apache|rfi|ddos|spam|mail|ziyadnz|hourly,2026-08-17T18:48:05Z,2026-08-17T18:48:05Z,
173.234.226.218,ipv4,attack,high,WHITE,blocklist.de/all|blocklist.de/apache|blocklist.de/mail|ziyadnz/hourly-ipv4,blocklist.de|brute-force|apache|rfi|ddos|spam|mail|ziyadnz|hourly,2026-08-17T18:48:05Z,2026-08-17T18:48:05Z,
173.234.226.219,ipv4,attack,high,WHITE,blocklist.de/all|blocklist.de/apache|blocklist.de/mail|ziyadnz/hourly-ipv4,blocklist.de|brute-force|apache|rfi|ddos|spam|mail|ziyadnz|hourly,2026-08-17T18:48:05Z,2026-08-17T18:48:05Z,
173.234.226.220,ipv4,attack,high,WHITE,blocklist.de/all|blocklist.de/apache|blocklist.de/mail|ziyadnz/hourly-ipv4,blocklist.de|brute-force|apache|rfi|ddos|spam|mail|ziyadnz|hourly,2026-08-17T18:48:05Z,2026-08-17T18:48:05Z,
173.234.226.221,ipv4,attack,high,WHITE,blocklist.de/all|blocklist.de/apache|blocklist.de/mail|ziyadnz/hourly-ipv4,blocklist.de|brute-force|apache|rfi|ddos|spam|mail|ziyadnz|hourly,2026-08-17T18:48:05Z,2026-08-17T18:48:05Z,
173.234.226.222,ipv4,attack,high,WHITE,blocklist.de/all|blocklist.de/apache|blocklist.de/mail|ziyadnz/hourly-ipv4,blocklist.de|brute-force|apache|rfi|ddos|spam|mail|ziyadnz|hourly,2026-08-17T18:48:05Z,2026-08-17T18:48:05Z,
173.234.226.223,ipv4,attack,high,WHITE,blocklist.de/all|blocklist.de/apache|blocklist.de/mail|ziyadnz/hourly-ipv4,blocklist.de|brute-force|apache|rfi|ddos|spam|mail|ziyadnz|hourly,2026-08-17T18:48:05Z,2026-08-17T18:48:05Z,
173.234.226.224,ipv4,attack,high,WHITE,blocklist.de/all|blocklist.de/apache|blocklist.de/mail|ziyadnz/hourly-ipv4,blocklist.de|brute-force|apache|rfi|ddos|spam|mail|ziyadnz|hourly,2026-08-17T18:48:05Z,2026-08-17T18:48:05Z,
173.234.226.225,ipv4,attack,high,WHITE,blocklist.de/all|blocklist.de/apache|blocklist.de/mail|ziyadnz/hourly-ipv4,blocklist.de|brute-force|apache|rfi|ddos|spam|mail|ziyadnz|hourly,2026-08-17T18:48:05Z,2026-08-17T18:48:05Z,
173.234.226.226,ipv4,attack,high,WHITE,blocklist.de/all|blocklist.de/apache|blocklist.de/mail|ziyadnz/hourly-ipv4,blocklist.de|brute-force|apache|rfi|ddos|spam|mail|ziyadnz|hourly,2026-08-17T18:48:05Z,2026-08-17T18:48:05Z,
173.234.226.227,ipv4,attack,high,WHITE,blocklist.de/all|blocklist.de/apache|blocklist.de/mail|ziyadnz/hourly-ipv4,blocklist.de|brute-force|apache|rfi|ddos|spam|mail|ziyadnz|hourly,2026-08-17T18:48:05Z,2026-08-17T18:48:05Z,
173.234.226.228,ipv4,attack,high,WHITE,blocklist.de/all|blocklist.de/apache|blocklist.de/mail|ziyadnz/hourly-ipv4,blocklist.de|brute-force|apache|rfi|ddos|spam|mail|ziyadnz|hourly,2026-08-17T18:48:05Z,2026-08-17T18:48:05Z,
173.234.226.229,ipv4,attack,high,WHITE,blocklist.de/all|blocklist.de/apache|blocklist.de/mail|ziyadnz/hourly-ipv4,blocklist.de|brute-force|apache|rfi|ddos|spam|mail|ziyadnz|hourly,2026-08-17T18:48:05Z,2026-08-17T18:48:05Z,
173.234.226.230,ipv4,attack,high,WHITE,blocklist.de/all|blocklist.de/apache|blocklist.de/mail|ziyadnz/hourly-ipv4,blocklist.de|brute-force|apache|rfi|ddos|spam|mail|ziyadnz|hourly,2026-08-17T18:48:05Z,2026-08-17T18:48:05Z,
173.234.226.231,ipv4,attack,high,WHITE,blocklist.de/all|blocklist.de/apache|blocklist.de/mail|ziyadnz/hourly-ipv4,blocklist.de|brute-force|apache|rfi|ddos|spam|mail|ziyadnz|hourly,2026-08-17T18:48:05Z,2026-08-17T18:48:05Z,
173.234.226.232,ipv4,attack,high,WHITE,blocklist.de/all|blocklist.de/apache|blocklist.de/mail|ziyadnz/hourly-ipv4,blocklist.de|brute-force|apache|rfi|ddos|spam|mail|ziyadnz|hourly,2026-08-17T18:48:05Z,2026-08-17T18:48:05Z,
173.234.226.233,ipv4,attack,high,WHITE,blocklist.de/all|blocklist.de/apache|blocklist.de/mail|ziyadnz/hourly-ipv4,blocklist.de|brute-force|apache|rfi|ddos|spam|mail|ziyadnz|hourly,2026-08-17T18:48:05Z,2026-08-17T18:48:05Z,
173.234.226.234,ipv4,attack,high,WHITE,blocklist.de/all|blocklist.de/apache|blocklist.de/mail|ziyadnz/hourly-ipv4,blocklist.de|brute-force|apache|rfi|ddos|spam|mail|ziyadnz|hourly,2026-08-17T18:48:05Z,2026-08-17T18:48:05Z,
173.234.226.235,ipv4,attack,high,WHITE,blocklist.de/all|blocklist.de/apache|blocklist.de/mail|ziyadnz/hourly-ipv4,blocklist.de|brute-force|apache|rfi|ddos|spam|mail|ziyadnz|hourly,2026-08-17T18:48:05Z,2026-08-17T18:48:05Z,
173.234.226.236,ipv4,attack,high,WHITE,blocklist.de/all|blocklist.de/apache|blocklist.de/mail|ziyadnz/hourly-ipv4,blocklist.de|brute-force|apache|rfi|ddos|spam|mail|ziyadnz|hourly,2026-08-17T18:48:05Z,2026-08-17T18:48:05Z,
173.234.226.237,ipv4,attack,high,WHITE,blocklist.de/all|blocklist.de/apache|blocklist.de/mail|ziyadnz/hourly-ipv4,blocklist.de|brute-force|apache|rfi|ddos|spam|mail|ziyadnz|hourly,2026-08-17T18:48:05Z,2026-08-17T18:48:05Z,
173.234.226.238,ipv4,attack,high,WHITE,blocklist.de/all|blocklist.de/apache|blocklist.de/mail|ziyadnz/hourly-ipv4,blocklist.de|brute-force|apache|rfi|ddos|spam|mail|ziyadnz|hourly,2026-08-17T18:48:05Z,2026-08-17T18:48:05Z,
173.234.226.239,ipv4,attack,high,WHITE,blocklist.de/all|blocklist.de/apache|blocklist.de/mail|ziyadnz/hourly-ipv4,blocklist.de|brute-force|apache|rfi|ddos|spam|mail|ziyadnz|hourly,2026-08-17T18:48:05Z,2026-08-17T18:48:05Z,
173.234.226.240,ipv4,attack,high,WHITE,blocklist.de/all|blocklist.de/apache|blocklist.de/mail|ziyadnz/hourly-ipv4,blocklist.de|brute-force|apache|rfi|ddos|spam|mail|ziyadnz|hourly,2026-08-17T18:48:05Z,2026-08-17T18:48:05Z,
173.234.226.241,ipv4,attack,high,WHITE,blocklist.de/all|blocklist.de/apache|blocklist.de/mail|ziyadnz/hourly-ipv4,blocklist.de|brute-force|apache|rfi|ddos|spam|mail|ziyadnz|hourly,2026-08-17T18:48:05Z,2026-08-17T18:48:05Z,
173.234.226.242,ipv4,attack,high,WHITE,blocklist.de/all|blocklist.de/apache|blocklist.de/mail|ziyadnz/hourly-ipv4,blocklist.de|brute-force|apache|rfi|ddos|spam|mail|ziyadnz|hourly,2026-08-17T18:48:05Z,2026-08-17T18:48:05Z,
173.234.226.243,ipv4,attack,high,WHITE,blocklist.de/all|blocklist.de/apache|blocklist.de/mail|ziyadnz/hourly-ipv4,blocklist.de|brute-force|apache|rfi|ddos|spam|mail|ziyadnz|hourly,2026-08-17T18:48:05Z,2026-08-17T18:48:05Z,
173.234.226.244,ipv4,attack,high,WHITE,blocklist.de/all|blocklist.de/apache|blocklist.de/mail|ziyadnz/hourly-ipv4,blocklist.de|brute-force|apache|rfi|ddos|spam|mail|ziyadnz|hourly,2026-08-17T18:48:05Z,2026-08-17T18:48:05Z,
173.234.226.245,ipv4,attack,high,WHITE,blocklist.de/all|blocklist.de/apache|blocklist.de/mail|ziyadnz/hourly-ipv4,blocklist.de|brute-force|apache|rfi|ddos|spam|mail|ziyadnz|hourly,2026-08-17T18:48:05Z,2026-08-17T18:48:05Z,
173.234.226.246,ipv4,attack,high,WHITE,blocklist.de/all|blocklist.de/apache|blocklist.de/mail|ziyadnz/hourly-ipv4,blocklist.de|brute-force|apache|rfi|ddos|spam|mail|ziyadnz|hourly,2026-08-17T18:48:05Z,2026-08-17T18:48:05Z,
173.234.226.247,ipv4,attack,high,WHITE,blocklist.de/all|blocklist.de/apache|blocklist.de/mail|ziyadnz/hourly-ipv4,blocklist.de|brute-force|apache|rfi|ddos|spam|mail|ziyadnz|hourly,2026-08-17T18:48:05Z,2026-08-17T18:48:05Z,
173.234.226.248,ipv4,attack,high,WHITE,blocklist.de/all|blocklist.de/apache|blocklist.de/mail|ziyadnz/hourly-ipv4,blocklist.de|brute-force|apache|rfi|ddos|spam|mail|ziyadnz|hourly,2026-08-17T18:48:05Z,2026-08-17T18:48:05Z,
173.234.226.249,ipv4,attack,high,WHITE,blocklist.de/all|blocklist.de/apache|blocklist.de/mail|ziyadnz/hourly-ipv4,blocklist.de|brute-force|apache|rfi|ddos|spam|mail|ziyadnz|hourly,2026-08-17T18:48:05Z,2026-08-17T18:48:05Z,
173.234.226.250,ipv4,attack,high,WHITE,blocklist.de/all|blocklist.de/apache|blocklist.de/mail|ziyadnz/hourly-ipv4,blocklist.de|brute-force|apache|rfi|ddos|spam|mail|ziyadnz|hourly,2026-08-17T18:48:05Z,2026-08-17T18:48:05Z,
173.234.226.251,ipv4,attack,high,WHITE,blocklist.de/all|blocklist.de/apache|blocklist.de/mail|ziyadnz/hourly-ipv4,blocklist.de|brute-force|apache|rfi|ddos|spam|mail|ziyadnz|hourly,2026-08-17T18:48:05Z,2026-08-17T18:48:05Z,
173.234.226.252,ipv4,attack,high,WHITE,blocklist.de/all|blocklist.de/apache|blocklist.de/mail|ziyadnz/hourly-ipv4,blocklist.de|brute-force|apache|rfi|ddos|spam|mail|ziyadnz|hourly,2026-08-17T18:48:05Z,2026-08-17T18:48:05Z,
173.234.226.253,ipv4,attack,high,WHITE,blocklist.de/all|blocklist.de/apache|blocklist.de/mail|ziyadnz/hourly-ipv4,blocklist.de|brute-force|apache|rfi|ddos|spam|mail|ziyadnz|hourly,2026-08-17T18:48:05Z,2026-08-17T18:48:05Z,
173.234.226.254,ipv4,attack,high,WHITE,blocklist.de/all|blocklist.de/apache|blocklist.de/mail|ziyadnz/hourly-ipv4,blocklist.de|brute-force|apache|rfi|ddos|spam|mail|ziyadnz|hourly,2026-08-17T18:48:05Z,2026-08-17T18:48:05Z,
173.234.226.255,ipv4,attack,high,WHITE,blocklist.de/all|blocklist.de/apache|blocklist.de/mail|ziyadnz/hourly-ipv4,blocklist.de|brute-force|apache|rfi|ddos|spam|mail|ziyadnz|hourly,2026-08-17T18:48:05Z,2026-08-17T18:48:05Z,
173.234.227.0,ipv4,attack,high,WHITE,blocklist.de/all|blocklist.de/apache|blocklist.de/mail|ziyadnz/hourly-ipv4,blocklist.de|brute-force|apache|rfi|ddos|spam|mail|ziyadnz|hourly,2026-08-17T18:48:05Z,2026-08-17T18:48:05Z,
173.234.227.1,ipv4,attack,high,WHITE,blocklist.de/all|blocklist.de/apache|blocklist.de/mail|ziyadnz/hourly-ipv4,blocklist.de|brute-force|apache|rfi|ddos|spam|mail|ziyadnz|hourly,2026-08-17T18:48:05Z,2026-08-17T18:48:05Z,
173.234.227.2,ipv4,attack,high,WHITE,blocklist.de/all|blocklist.de/apache|blocklist.de/mail|ziyadnz/hourly-ipv4,blocklist.de|brute-force|apache|rfi|ddos|spam|mail|ziyadnz|hourly,2026-08-17T18:48:05Z,2026-08-17T18:48:05Z,
173.234.227.3,ipv4,attack,high,WHITE,blocklist.de/all|blocklist.de/apache|blocklist.de/mail|ziyadnz/hourly-ipv4,blocklist.de|brute-force|apache|rfi|ddos|spam|mail|ziyadnz|hourly,2026-08-17T18:48:05Z,2026-08-17T18:48:05Z,
173.234.227.4,ipv4,attack,high,WHITE,blocklist.de/all|blocklist.de/apache|blocklist.de/mail|ziyadnz/hourly-ipv4,blocklist.de|brute-force|apache|rfi|ddos|spam|mail|ziyadnz|hourly,2026-08-17T18:48:05Z,2026-08-17T18:48:05Z,
173.234.227.5,ipv4,attack,high,WHITE,blocklist.de/all|blocklist.de/apache|blocklist.de/mail|ziyadnz/hourly-ipv4,blocklist.de|brute-force|apache|rfi|ddos|spam|mail|ziyadnz|hourly,2026-08-17T18:48:05Z,2026-08-17T18:48:05Z,
173.234.227.6,ipv4,attack,high,WHITE,blocklist.de/all|blocklist.de/apache|blocklist.de/mail|ziyadnz/hourly-ipv4,blocklist.de|brute-force|apache|rfi|ddos|spam|mail|ziyadnz|hourly,2026-08-17T18:48:05Z,2026-08-17T18:48:05Z,
173.234.227.7,ipv4,attack,high,WHITE,blocklist.de/all|blocklist.de/apache|blocklist.de/mail|ziyadnz/hourly-ipv4,blocklist.de|brute-force|apache|rfi|ddos|spam|mail|ziyadnz|hourly,2026-08-17T18:48:05Z,2026-08-17T18:48:05Z,
173.234.227.8,ipv4,attack,high,WHITE,blocklist.de/all|blocklist.de/apache|blocklist.de/mail|ziyadnz/hourly-ipv4,blocklist.de|brute-force|apache|rfi|ddos|spam|mail|ziyadnz|hourly,2026-08-17T18:48:05Z,2026-08-17T18:48:05Z,
173.234.227.9,ipv4,attack,high,WHITE,blocklist.de/all|blocklist.de/apache|blocklist.de/mail|ziyadnz/hourly-ipv4,blocklist.de|brute-force|apache|rfi|ddos|spam|mail|ziyadnz|hourly,2026-08-17T18:48:05Z,2026-08-17T18:48:05Z,
173.234.227.10,ipv4,attack,high,WHITE,blocklist.de/all|blocklist.de/apache|blocklist.de/mail|ziyadnz/hourly-ipv4,blocklist.de|brute-force|apache|rfi|ddos|spam|mail|ziyadnz|hourly,2026-08-17T18:48:05Z,2026-08-17T18:48:05Z,
173.234.227.11,ipv4,attack,high,WHITE,blocklist.de/all|blocklist.de/apache|blocklist.de/mail|ziyadnz/hourly-ipv4,blocklist.de|brute-force|apache|rfi|ddos|spam|mail|ziyadnz|hourly,2026-08-17T18:48:05Z,2026-08-17T18:48:05Z,
173.234.227.12,ipv4,attack,high,WHITE,blocklist.de/all|blocklist.de/apache|blocklist.de/mail|ziyadnz/hourly-ipv4,blocklist.de|brute-force|apache|rfi|ddos|spam|mail|ziyadnz|hourly,2026-08-17T18:48:05Z,2026-08-17T18:48:05Z,
173.234.227.13,ipv4,attack,high,WHITE,blocklist.de/all|blocklist.de/apache|blocklist.de/mail|ziyadnz/hourly-ipv4,blocklist.de|brute-force|apache|rfi|ddos|spam|mail|ziyadnz|hourly,2026-08-17T18:48:05Z,2026-08-17T18:48:05Z,
173.234.227.14,ipv4,attack,high,WHITE,blocklist.de/all|blocklist.de/apache|blocklist.de/mail|ziyadnz/hourly-ipv4,blocklist.de|brute-force|apache|rfi|ddos|spam|mail|ziyadnz|hourly,2026-08-17T18:48:05Z,2026-08-17T18:48:05Z,
173.234.227.15,ipv4,attack,high,WHITE,blocklist.de/all|blocklist.de/apache|blocklist.de/mail|ziyadnz/hourly-ipv4,blocklist.de|brute-force|apache|rfi|ddos|spam|mail|ziyadnz|hourly,2026-08-17T18:48:05Z,2026-08-17T18:48:05Z,
173.234.227.16,ipv4,attack,high,WHITE,blocklist.de/all|blocklist.de/apache|blocklist.de/mail|ziyadnz/hourly-ipv4,blocklist.de|brute-force|apache|rfi|ddos|spam|mail|ziyadnz|hourly,2026-08-17T18:48:05Z,2026-08-17T18:48:05Z,
173.234.227.17,ipv4,attack,high,WHITE,blocklist.de/all|blocklist.de/apache|blocklist.de/mail|ziyadnz/hourly-ipv4,blocklist.de|brute-force|apache|rfi|ddos|spam|mail|ziyadnz|hourly,2026-08-17T18:48:05Z,2026-08-17T18:48:05Z,
173.234.227.18,ipv4,attack,high,WHITE,blocklist.de/all|blocklist.de/apache|blocklist.de/mail|ziyadnz/hourly-ipv4,blocklist.de|brute-force|apache|rfi|ddos|spam|mail|ziyadnz|hourly,2026-08-17T18:48:05Z,2026-08-17T18:48:05Z,
173.234.227.19,ipv4,attack,high,WHITE,blocklist.de/all|blocklist.de/apache|blocklist.de/mail|ziyadnz/hourly-ipv4,blocklist.de|brute-force|apache|rfi|ddos|spam|mail|ziyadnz|hourly,2026-08-17T18:48:05Z,2026-08-17T18:48:05Z,
173.234.227.20,ipv4,attack,high,WHITE,blocklist.de/all|blocklist.de/apache|blocklist.de/mail|ziyadnz/hourly-ipv4,blocklist.de|brute-force|apache|rfi|ddos|spam|mail|ziyadnz|hourly,2026-08-17T18:48:05Z,2026-08-17T18:48:05Z,
173.234.227.21,ipv4,attack,high,WHITE,blocklist.de/all|blocklist.de/apache|blocklist.de/mail|ziyadnz/hourly-ipv4,blocklist.de|brute-force|apache|rfi|ddos|spam|mail|ziyadnz|hourly,2026-08-17T18:48:05Z,2026-08-17T18:48:05Z,
173.234.227.22,ipv4,attack,high,WHITE,blocklist.de/all|blocklist.de/apache|blocklist.de/mail|ziyadnz/hourly-ipv4,blocklist.de|brute-force|apache|rfi|ddos|spam|mail|ziyadnz|hourly,2026-08-17T18:48:05Z,2026-08-17T18:48:05Z,
173.234.227.23,ipv4,attack,high,WHITE,blocklist.de/all|blocklist.de/apache|blocklist.de/mail|ziyadnz/hourly-ipv4,blocklist.de|brute-force|apache|rfi|ddos|spam|mail|ziyadnz|hourly,2026-08-17T18:48:05Z,2026-08-17T18:48:05Z,
173.234.227.24,ipv4,attack,high,WHITE,blocklist.de/all|blocklist.de/apache|blocklist.de/mail|ziyadnz/hourly-ipv4,blocklist.de|brute-force|apache|rfi|ddos|spam|mail|ziyadnz|hourly,2026-08-17T18:48:05Z,2026-08-17T18:48:05Z,
173.234.227.25,ipv4,attack,high,WHITE,blocklist.de/all|blocklist.de/apache|blocklist.de/mail|ziyadnz/hourly-ipv4,blocklist.de|brute-force|apache|rfi|ddos|spam|mail|ziyadnz|hourly,2026-08-17T18:48:05Z,2026-08-17T18:48:05Z,
173.234.227.26,ipv4,attack,high,WHITE,blocklist.de/all|blocklist.de/apache|blocklist.de/mail|ziyadnz/hourly-ipv4,blocklist.de|brute-force|apache|rfi|ddos|spam|mail|ziyadnz|hourly,2026-08-17T18:48:05Z,2026-08-17T18:48:05Z,
173.234.227.27,ipv4,attack,high,WHITE,blocklist.de/all|blocklist.de/apache|blocklist.de/mail|ziyadnz/hourly-ipv4,blocklist.de|brute-force|apache|rfi|ddos|spam|mail|ziyadnz|hourly,2026-08-17T18:48:05Z,2026-08-17T18:48:05Z,
173.234.227.28,ipv4,attack,high,WHITE,blocklist.de/all|blocklist.de/apache|blocklist.de/mail|ziyadnz/hourly-ipv4,blocklist.de|brute-force|apache|rfi|ddos|spam|mail|ziyadnz|hourly,2026-08-17T18:48:05Z,2026-08-17T18:48:05Z,
173.234.227.29,ipv4,attack,high,WHITE,blocklist.de/all|blocklist.de/apache|blocklist.de/mail|ziyadnz/hourly-ipv4,blocklist.de|brute-force|apache|rfi|ddos|spam|mail|ziyadnz|hourly,2026-08-17T18:48:05Z,2026-08-17T18:48:05Z,
173.234.227.30,ipv4,attack,high,WHITE,blocklist.de/all|blocklist.de/apache|blocklist.de/mail|ziyadnz/hourly-ipv4,blocklist.de|brute-force|apache|rfi|ddos|spam|mail|ziyadnz|hourly,2026-08-17T18:48:05Z,2026-08-17T18:48:05Z,
173.234.227.31,ipv4,attack,high,WHITE,blocklist.de/all|blocklist.de/apache|blocklist.de/mail|ziyadnz/hourly-ipv4,blocklist.de|brute-force|apache|rfi|ddos|spam|mail|ziyadnz|hourly,2026-08-17T18:48:05Z,2026-08-17T18:48:05Z,
173.234.227.32,ipv4,attack,high,WHITE,blocklist.de/all|blocklist.de/apache|blocklist.de/mail|ziyadnz/hourly-ipv4,blocklist.de|brute-force|apache|rfi|ddos|spam|mail|ziyadnz|hourly,2026-08-17T18:48:05Z,2026-08-17T18:48:05Z,
173.234.227.33,ipv4,attack,high,WHITE,blocklist.de/all|blocklist.de/apache|blocklist.de/mail|ziyadnz/hourly-ipv4,blocklist.de|brute-force|apache|rfi|ddos|spam|mail|ziyadnz|hourly,2026-08-17T18:48:05Z,2026-08-17T18:48:05Z,
173.234.227.34,ipv4,attack,high,WHITE,blocklist.de/all|blocklist.de/apache|blocklist.de/mail|ziyadnz/hourly-ipv4,blocklist.de|brute-force|apache|rfi|ddos|spam|mail|ziyadnz|hourly,2026-08-17T18:48:05Z,2026-08-17T18:48:05Z,
173.234.227.35,ipv4,attack,high,WHITE,blocklist.de/all|blocklist.de/apache|blocklist.de/mail|ziyadnz/hourly-ipv4,blocklist.de|brute-force|apache|rfi|ddos|spam|mail|ziyadnz|hourly,2026-08-17T18:48:05Z,2026-08-17T18:48:05Z,
173.234.227.36,ipv4,attack,high,WHITE,blocklist.de/all|blocklist.de/apache|blocklist.de/mail|ziyadnz/hourly-ipv4,blocklist.de|brute-force|apache|rfi|ddos|spam|mail|ziyadnz|hourly,2026-08-17T18:48:05Z,2026-08-17T18:48:05Z,
173.234.227.37,ipv4,attack,high,WHITE,blocklist.de/all|blocklist.de/apache|blocklist.de/mail|ziyadnz/hourly-ipv4,blocklist.de|brute-force|apache|rfi|ddos|spam|mail|ziyadnz|hourly,2026-08-17T18:48:05Z,2026-08-17T18:48:05Z,
173.234.227.38,ipv4,attack,high,WHITE,blocklist.de/all|blocklist.de/apache|blocklist.de/mail|ziyadnz/hourly-ipv4,blocklist.de|brute-force|apache|rfi|ddos|spam|mail|ziyadnz|hourly,2026-08-17T18:48:05Z,2026-08-17T18:48:05Z,
173.234.227.39,ipv4,attack,high,WHITE,blocklist.de/all|blocklist.de/apache|blocklist.de/mail|ziyadnz/hourly-ipv4,blocklist.de|brute-force|apache|rfi|ddos|spam|mail|ziyadnz|hourly,2026-08-17T18:48:05Z,2026-08-17T18:48:05Z,
173.234.227.40,ipv4,attack,high,WHITE,blocklist.de/all|blocklist.de/apache|blocklist.de/mail|ziyadnz/hourly-ipv4,blocklist.de|brute-force|apache|rfi|ddos|spam|mail|ziyadnz|hourly,2026-08-17T18:48:05Z,2026-08-17T18:48:05Z,
173.234.227.41,ipv4,attack,high,WHITE,blocklist.de/all|blocklist.de/apache|blocklist.de/mail|ziyadnz/hourly-ipv4,blocklist.de|brute-force|apache|rfi|ddos|spam|mail|ziyadnz|hourly,2026-08-17T18:48:05Z,2026-08-17T18:48:05Z,
173.234.227.42,ipv4,attack,high,WHITE,blocklist.de/all|blocklist.de/apache|blocklist.de/mail|ziyadnz/hourly-ipv4,blocklist.de|brute-force|apache|rfi|ddos|spam|mail|ziyadnz|hourly,2026-08-17T18:48:05Z,2026-08-17T18:48:05Z,
173.234.227.43,ipv4,attack,high,WHITE,blocklist.de/all|blocklist.de/apache|blocklist.de/mail|ziyadnz/hourly-ipv4,blocklist.de|brute-force|apache|rfi|ddos|spam|mail|ziyadnz|hourly,2026-08-17T18:48:05Z,2026-08-17T18:48:05Z,
173.234.227.44,ipv4,attack,high,WHITE,blocklist.de/all|blocklist.de/apache|blocklist.de/mail|ziyadnz/hourly-ipv4,blocklist.de|brute-force|apache|rfi|ddos|spam|mail|ziyadnz|hourly,2026-08-17T18:48:05Z,2026-08-17T18:48:05Z,
173.234.227.45,ipv4,attack,high,WHITE,blocklist.de/all|blocklist.de/apache|blocklist.de/mail|ziyadnz/hourly-ipv4,blocklist.de|brute-force|apache|rfi|ddos|spam|mail|ziyadnz|hourly,2026-08-17T18:48:05Z,2026-08-17T18:48:05Z,
173.234.227.46,ipv4,attack,high,WHITE,blocklist.de/all|blocklist.de/apache|blocklist.de/mail|ziyadnz/hourly-ipv4,blocklist.de|brute-force|apache|rfi|ddos|spam|mail|ziyadnz|hourly,2026-08-17T18:48:05Z,2026-08-17T18:48:05Z,
173.234.227.47,ipv4,attack,high,WHITE,blocklist.de/all|blocklist.de/apache|blocklist.de/mail|ziyadnz/hourly-ipv4,blocklist.de|brute-force|apache|rfi|ddos|spam|mail|ziyadnz|hourly,2026-08-17T18:48:05Z,2026-08-17T18:48:05Z,
173.234.227.48,ipv4,attack,high,WHITE,blocklist.de/all|blocklist.de/apache|blocklist.de/mail|ziyadnz/hourly-ipv4,blocklist.de|brute-force|apache|rfi|ddos|spam|mail|ziyadnz|hourly,2026-08-17T18:48:05Z,2026-08-17T18:48:05Z,
173.234.227.49,ipv4,attack,high,WHITE,blocklist.de/all|blocklist.de/apache|blocklist.de/mail|ziyadnz/hourly-ipv4,blocklist.de|brute-force|apache|rfi|ddos|spam|mail|ziyadnz|hourly,2026-08-17T18:48:05Z,2026-08-17T18:48:05Z,
173.234.227.50,ipv4,attack,high,WHITE,blocklist.de/all|blocklist.de/apache|blocklist.de/mail|ziyadnz/hourly-ipv4,blocklist.de|brute-force|apache|rfi|ddos|spam|mail|ziyadnz|hourly,2026-08-17T18:48:05Z,2026-08-17T18:48:05Z,
173.234.227.51,ipv4,attack,high,WHITE,blocklist.de/all|blocklist.de/apache|blocklist.de/mail|ziyadnz/hourly-ipv4,blocklist.de|brute-force|apache|rfi|ddos|spam|mail|ziyadnz|hourly,2026-08-17T18:48:05Z,2026-08-17T18:48:05Z,
173.234.227.52,ipv4,attack,high,WHITE,blocklist.de/all|blocklist.de/apache|blocklist.de/mail|ziyadnz/hourly-ipv4,blocklist.de|brute-force|apache|rfi|ddos|spam|mail|ziyadnz|hourly,2026-08-17T18:48:05Z,2026-08-17T18:48:05Z,
173.234.227.53,ipv4,attack,high,WHITE,blocklist.de/all|blocklist.de/apache|blocklist.de/mail|ziyadnz/hourly-ipv4,blocklist.de|brute-force|apache|rfi|ddos|spam|mail|ziyadnz|hourly,2026-08-17T18:48:05Z,2026-08-17T18:48:05Z,
173.234.227.54,ipv4,attack,high,WHITE,blocklist.de/all|blocklist.de/apache|blocklist.de/mail|ziyadnz/hourly-ipv4,blocklist.de|brute-force|apache|rfi|ddos|spam|mail|ziyadnz|hourly,2026-08-17T18:48:05Z,2026-08-17T18:48:05Z,
173.234.227.55,ipv4,attack,high,WHITE,blocklist.de/all|blocklist.de/apache|blocklist.de/mail|ziyadnz/hourly-ipv4,blocklist.de|brute-force|apache|rfi|ddos|spam|mail|ziyadnz|hourly,2026-08-17T18:48:05Z,2026-08-17T18:48:05Z,
173.234.227.56,ipv4,attack,high,WHITE,blocklist.de/all|blocklist.de/apache|blocklist.de/mail|ziyadnz/hourly-ipv4,blocklist.de|brute-force|apache|rfi|ddos|spam|mail|ziyadnz|hourly,2026-08-17T18:48:05Z,2026-08-17T18:48:05Z,
173.234.227.57,ipv4,attack,high,WHITE,blocklist.de/all|blocklist.de/apache|blocklist.de/mail|ziyadnz/hourly-ipv4,blocklist.de|brute-force|apache|rfi|ddos|spam|mail|ziyadnz|hourly,2026-08-17T18:48:05Z,2026-08-17T18:48:05Z,
173.234.227.58,ipv4,attack,high,WHITE,blocklist.de/all|blocklist.de/apache|blocklist.de/mail|ziyadnz/hourly-ipv4,blocklist.de|brute-force|apache|rfi|ddos|spam|mail|ziyadnz|hourly,2026-08-17T18:48:05Z,2026-08-17T18:48:05Z,
173.234.227.59,ipv4,attack,high,WHITE,blocklist.de/all|blocklist.de/apache|blocklist.de/mail|ziyadnz/hourly-ipv4,blocklist.de|brute-force|apache|rfi|ddos|spam|mail|ziyadnz|hourly,2026-08-17T18:48:05Z,2026-08-17T18:48:05Z,
173.234.227.60,ipv4,attack,high,WHITE,blocklist.de/all|blocklist.de/apache|blocklist.de/mail|ziyadnz/hourly-ipv4,blocklist.de|brute-force|apache|rfi|ddos|spam|mail|ziyadnz|hourly,2026-08-17T18:48:05Z,2026-08-17T18:48:05Z,
173.234.227.61,ipv4,attack,high,WHITE,blocklist.de/all|blocklist.de/apache|blocklist.de/mail|ziyadnz/hourly-ipv4,blocklist.de|brute-force|apache|rfi|ddos|spam|mail|ziyadnz|hourly,2026-08-17T18:48:05Z,2026-08-17T18:48:05Z,
173.234.227.62,ipv4,attack,high,WHITE,blocklist.de/all|blocklist.de/apache|blocklist.de/mail|ziyadnz/hourly-ipv4,blocklist.de|brute-force|apache|rfi|ddos|spam|mail|ziyadnz|hourly,2026-08-17T18:48:05Z,2026-08-17T18:48:05Z,
173.234.227.63,ipv4,attack,high,WHITE,blocklist.de/all|blocklist.de/apache|blocklist.de/mail|ziyadnz/hourly-ipv4,blocklist.de|brute-force|apache|rfi|ddos|spam|mail|ziyadnz|hourly,2026-08-17T18:48:05Z,2026-08-17T18:48:05Z,
173.234.227.64,ipv4,attack,high,WHITE,blocklist.de/all|blocklist.de/apache|blocklist.de/mail|ziyadnz/hourly-ipv4,blocklist.de|brute-force|apache|rfi|ddos|spam|mail|ziyadnz|hourly,2026-08-17T18:48:05Z,2026-08-17T18:48:05Z,
173.234.227.65,ipv4,attack,high,WHITE,blocklist.de/all|blocklist.de/apache|blocklist.de/mail|ziyadnz/hourly-ipv4,blocklist.de|brute-force|apache|rfi|ddos|spam|mail|ziyadnz|hourly,2026-08-17T18:48:05Z,2026-08-17T18:48:05Z,
173.234.227.66,ipv4,attack,high,WHITE,blocklist.de/all|blocklist.de/apache|blocklist.de/mail|ziyadnz/hourly-ipv4,blocklist.de|brute-force|apache|rfi|ddos|spam|mail|ziyadnz|hourly,2026-08-17T18:48:05Z,2026-08-17T18:48:05Z,
173.234.227.67,ipv4,attack,high,WHITE,blocklist.de/all|blocklist.de/apache|blocklist.de/mail|ziyadnz/hourly-ipv4,blocklist.de|brute-force|apache|rfi|ddos|spam|mail|ziyadnz|hourly,2026-08-17T18:48:05Z,2026-08-17T18:48:05Z,
173.234.227.68,ipv4,attack,high,WHITE,blocklist.de/all|blocklist.de/apache|blocklist.de/mail|ziyadnz/hourly-ipv4,blocklist.de|brute-force|apache|rfi|ddos|spam|mail|ziyadnz|hourly,2026-08-17T18:48:05Z,2026-08-17T18:48:05Z,
173.234.227.69,ipv4,attack,high,WHITE,blocklist.de/all|blocklist.de/apache|blocklist.de/mail|ziyadnz/hourly-ipv4,blocklist.de|brute-force|apache|rfi|ddos|spam|mail|ziyadnz|hourly,2026-08-17T18:48:05Z,2026-08-17T18:48:05Z,
173.234.227.70,ipv4,attack,high,WHITE,blocklist.de/all|blocklist.de/apache|blocklist.de/mail|ziyadnz/hourly-ipv4,blocklist.de|brute-force|apache|rfi|ddos|spam|mail|ziyadnz|hourly,2026-08-17T18:48:05Z,2026-08-17T18:48:05Z,
173.234.227.71,ipv4,attack,high,WHITE,blocklist.de/all|blocklist.de/apache|blocklist.de/mail|ziyadnz/hourly-ipv4,blocklist.de|brute-force|apache|rfi|ddos|spam|mail|ziyadnz|hourly,2026-08-17T18:48:05Z,2026-08-17T18:48:05Z,
173.234.227.72,ipv4,attack,high,WHITE,blocklist.de/all|blocklist.de/apache|blocklist.de/mail|ziyadnz/hourly-ipv4,blocklist.de|brute-force|apache|rfi|ddos|spam|mail|ziyadnz|hourly,2026-08-17T18:48:05Z,2026-08-17T18:48:05Z,
173.234.227.73,ipv4,attack,high,WHITE,blocklist.de/all|blocklist.de/apache|blocklist.de/mail|ziyadnz/hourly-ipv4,blocklist.de|brute-force|apache|rfi|ddos|spam|mail|ziyadnz|hourly,2026-08-17T18:48:05Z,2026-08-17T18:48:05Z,
173.234.227.74,ipv4,attack,high,WHITE,blocklist.de/all|blocklist.de/apache|blocklist.de/mail|ziyadnz/hourly-ipv4,blocklist.de|brute-force|apache|rfi|ddos|spam|mail|ziyadnz|hourly,2026-08-17T18:48:05Z,2026-08-17T18:48:05Z,
173.234.227.75,ipv4,attack,high,WHITE,blocklist.de/all|blocklist.de/apache|blocklist.de/mail|ziyadnz/hourly-ipv4,blocklist.de|brute-force|apache|rfi|ddos|spam|mail|ziyadnz|hourly,2026-08-17T18:48:05Z,2026-08-17T18:48:05Z,
173.234.227.76,ipv4,attack,high,WHITE,blocklist.de/all|blocklist.de/apache|blocklist.de/mail|ziyadnz/hourly-ipv4,blocklist.de|brute-force|apache|rfi|ddos|spam|mail|ziyadnz|hourly,2026-08-17T18:48:05Z,2026-08-17T18:48:05Z,
173.234.227.77,ipv4,attack,high,WHITE,blocklist.de/all|blocklist.de/apache|blocklist.de/mail|ziyadnz/hourly-ipv4,blocklist.de|brute-force|apache|rfi|ddos|spam|mail|ziyadnz|hourly,2026-08-17T18:48:05Z,2026-08-17T18:48:05Z,
173.234.227.78,ipv4,attack,high,WHITE,blocklist.de/all|blocklist.de/apache|blocklist.de/mail|ziyadnz/hourly-ipv4,blocklist.de|brute-force|apache|rfi|ddos|spam|mail|ziyadnz|hourly,2026-08-17T18:48:05Z,2026-08-17T18:48:05Z,
173.234.227.79,ipv4,attack,high,WHITE,blocklist.de/all|blocklist.de/apache|blocklist.de/mail|ziyadnz/hourly-ipv4,blocklist.de|brute-force|apache|rfi|ddos|spam|mail|ziyadnz|hourly,2026-08-17T18:48:05Z,2026-08-17T18:48:05Z,
173.234.227.80,ipv4,attack,high,WHITE,blocklist.de/all|blocklist.de/apache|blocklist.de/mail|ziyadnz/hourly-ipv4,blocklist.de|brute-force|apache|rfi|ddos|spam|mail|ziyadnz|hourly,2026-08-17T18:48:05Z,2026-08-17T18:48:05Z,
173.234.227.81,ipv4,attack,high,WHITE,blocklist.de/all|blocklist.de/apache|blocklist.de/mail|ziyadnz/hourly-ipv4,blocklist.de|brute-force|apache|rfi|ddos|spam|mail|ziyadnz|hourly,2026-08-17T18:48:05Z,2026-08-17T18:48:05Z,
173.234.227.82,ipv4,attack,high,WHITE,blocklist.de/all|blocklist.de/apache|blocklist.de/mail|ziyadnz/hourly-ipv4,blocklist.de|brute-force|apache|rfi|ddos|spam|mail|ziyadnz|hourly,2026-08-17T18:48:05Z,2026-08-17T18:48:05Z,
173.234.227.83,ipv4,attack,high,WHITE,blocklist.de/all|blocklist.de/apache|blocklist.de/mail|ziyadnz/hourly-ipv4,blocklist.de|brute-force|apache|rfi|ddos|spam|mail|ziyadnz|hourly,2026-08-17T18:48:05Z,2026-08-17T18:48:05Z,
173.234.227.84,ipv4,attack,high,WHITE,blocklist.de/all|blocklist.de/apache|blocklist.de/mail|ziyadnz/hourly-ipv4,blocklist.de|brute-force|apache|rfi|ddos|spam|mail|ziyadnz|hourly,2026-08-17T18:48:05Z,2026-08-17T18:48:05Z,
173.234.227.85,ipv4,attack,high,WHITE,blocklist.de/all|blocklist.de/apache|blocklist.de/mail|ziyadnz/hourly-ipv4,blocklist.de|brute-force|apache|rfi|ddos|spam|mail|ziyadnz|hourly,2026-08-17T18:48:05Z,2026-08-17T18:48:05Z,
173.234.227.86,ipv4,attack,high,WHITE,blocklist.de/all|blocklist.de/apache|blocklist.de/mail|ziyadnz/hourly-ipv4,blocklist.de|brute-force|apache|rfi|ddos|spam|mail|ziyadnz|hourly,2026-08-17T18:48:05Z,2026-08-17T18:48:05Z,
173.234.227.87,ipv4,attack,high,WHITE,blocklist.de/all|blocklist.de/apache|blocklist.de/mail|ziyadnz/hourly-ipv4,blocklist.de|brute-force|apache|rfi|ddos|spam|mail|ziyadnz|hourly,2026-08-17T18:48:05Z,2026-08-17T18:48:05Z,
173.234.227.88,ipv4,attack,high,WHITE,blocklist.de/all|blocklist.de/apache|blocklist.de/mail|ziyadnz/hourly-ipv4,blocklist.de|brute-force|apache|rfi|ddos|spam|mail|ziyadnz|hourly,2026-08-17T18:48:05Z,2026-08-17T18:48:05Z,
173.234.227.89,ipv4,attack,high,WHITE,blocklist.de/all|blocklist.de/apache|blocklist.de/mail|ziyadnz/hourly-ipv4,blocklist.de|brute-force|apache|rfi|ddos|spam|mail|ziyadnz|hourly,2026-08-17T18:48:05Z,2026-08-17T18:48:05Z,
173.234.227.90,ipv4,attack,high,WHITE,blocklist.de/all|blocklist.de/apache|blocklist.de/mail|ziyadnz/hourly-ipv4,blocklist.de|brute-force|apache|rfi|ddos|spam|mail|ziyadnz|hourly,2026-08-17T18:48:05Z,2026-08-17T18:48:05Z,
173.234.227.91,ipv4,attack,high,WHITE,blocklist.de/all|blocklist.de/apache|blocklist.de/mail|ziyadnz/hourly-ipv4,blocklist.de|brute-force|apache|rfi|ddos|spam|mail|ziyadnz|hourly,2026-08-17T18:48:05Z,2026-08-17T18:48:05Z,
173.234.227.92,ipv4,attack,high,WHITE,blocklist.de/all|blocklist.de/apache|blocklist.de/mail|ziyadnz/hourly-ipv4,blocklist.de|brute-force|apache|rfi|ddos|spam|mail|ziyadnz|hourly,2026-08-17T18:48:05Z,2026-08-17T18:48:05Z,
173.234.227.93,ipv4,attack,high,WHITE,blocklist.de/all|blocklist.de/apache|blocklist.de/mail|ziyadnz/hourly-ipv4,blocklist.de|brute-force|apache|rfi|ddos|spam|mail|ziyadnz|hourly,2026-08-17T18:48:05Z,2026-08-17T18:48:05Z,
173.234.227.94,ipv4,attack,high,WHITE,blocklist.de/all|blocklist.de/apache|blocklist.de/mail|ziyadnz/hourly-ipv4,blocklist.de|brute-force|apache|rfi|ddos|spam|mail|ziyadnz|hourly,2026-08-17T18:48:05Z,2026-08-17T18:48:05Z,
173.234.227.95,ipv4,attack,high,WHITE,blocklist.de/all|blocklist.de/apache|blocklist.de/mail|ziyadnz/hourly-ipv4,blocklist.de|brute-force|apache|rfi|ddos|spam|mail|ziyadnz|hourly,2026-08-17T18:48:05Z,2026-08-17T18:48:05Z,
173.234.227.96,ipv4,attack,high,WHITE,blocklist.de/all|blocklist.de/apache|blocklist.de/mail|ziyadnz/hourly-ipv4,blocklist.de|brute-force|apache|rfi|ddos|spam|mail|ziyadnz|hourly,2026-08-17T18:48:05Z,2026-08-17T18:48:05Z,
173.234.227.97,ipv4,attack,high,WHITE,blocklist.de/all|blocklist.de/apache|blocklist.de/mail|ziyadnz/hourly-ipv4,blocklist.de|brute-force|apache|rfi|ddos|spam|mail|ziyadnz|hourly,2026-08-17T18:48:05Z,2026-08-17T18:48:05Z,
173.234.227.98,ipv4,attack,high,WHITE,blocklist.de/all|blocklist.de/apache|blocklist.de/mail|ziyadnz/hourly-ipv4,blocklist.de|brute-force|apache|rfi|ddos|spam|mail|ziyadnz|hourly,2026-08-17T18:48:05Z,2026-08-17T18:48:05Z,
173.234.227.99,ipv4,attack,high,WHITE,blocklist.de/all|blocklist.de/apache|blocklist.de/mail|ziyadnz/hourly-ipv4,blocklist.de|brute-force|apache|rfi|ddos|spam|mail|ziyadnz|hourly,2026-08-17T18:48:05Z,2026-08-17T18:48:05Z,
173.234.227.100,ipv4,attack,high,WHITE,blocklist.de/all|blocklist.de/apache|blocklist.de/mail|ziyadnz/hourly-ipv4,blocklist.de|brute-force|apache|rfi|ddos|spam|mail|ziyadnz|hourly,2026-08-17T18:48:05Z,2026-08-17T18:48:05Z,
173.234.227.101,ipv4,attack,high,WHITE,blocklist.de/all|blocklist.de/apache|blocklist.de/mail|ziyadnz/hourly-ipv4,blocklist.de|brute-force|apache|rfi|ddos|spam|mail|ziyadnz|hourly,2026-08-17T18:48:05Z,2026-08-17T18:48:05Z,
173.234.227.102,ipv4,attack,high,WHITE,blocklist.de/all|blocklist.de/apache|blocklist.de/mail|ziyadnz/hourly-ipv4,blocklist.de|brute-force|apache|rfi|ddos|spam|mail|ziyadnz|hourly,2026-08-17T18:48:05Z,2026-08-17T18:48:05Z,
173.234.227.103,ipv4,attack,high,WHITE,blocklist.de/all|blocklist.de/apache|blocklist.de/mail|ziyadnz/hourly-ipv4,blocklist.de|brute-force|apache|rfi|ddos|spam|mail|ziyadnz|hourly,2026-08-17T18:48:05Z,2026-08-17T18:48:05Z,
173.234.227.104,ipv4,attack,high,WHITE,blocklist.de/all|blocklist.de/apache|blocklist.de/mail|ziyadnz/hourly-ipv4,blocklist.de|brute-force|apache|rfi|ddos|spam|mail|ziyadnz|hourly,2026-08-17T18:48:05Z,2026-08-17T18:48:05Z,
173.234.227.105,ipv4,attack,high,WHITE,blocklist.de/all|blocklist.de/apache|blocklist.de/mail|ziyadnz/hourly-ipv4,blocklist.de|brute-force|apache|rfi|ddos|spam|mail|ziyadnz|hourly,2026-08-17T18:48:05Z,2026-08-17T18:48:05Z,
173.234.227.106,ipv4,attack,high,WHITE,blocklist.de/all|blocklist.de/apache|blocklist.de/mail|ziyadnz/hourly-ipv4,blocklist.de|brute-force|apache|rfi|ddos|spam|mail|ziyadnz|hourly,2026-08-17T18:48:05Z,2026-08-17T18:48:05Z,
173.234.227.107,ipv4,attack,high,WHITE,blocklist.de/all|blocklist.de/apache|blocklist.de/mail|ziyadnz/hourly-ipv4,blocklist.de|brute-force|apache|rfi|ddos|spam|mail|ziyadnz|hourly,2026-08-17T18:48:05Z,2026-08-17T18:48:05Z,
173.234.227.108,ipv4,attack,high,WHITE,blocklist.de/all|blocklist.de/apache|blocklist.de/mail|ziyadnz/hourly-ipv4,blocklist.de|brute-force|apache|rfi|ddos|spam|mail|ziyadnz|hourly,2026-08-17T18:48:05Z,2026-08-17T18:48:05Z,
173.234.227.109,ipv4,attack,high,WHITE,blocklist.de/all|blocklist.de/apache|blocklist.de/mail|ziyadnz/hourly-ipv4,blocklist.de|brute-force|apache|rfi|ddos|spam|mail|ziyadnz|hourly,2026-08-17T18:48:05Z,2026-08-17T18:48:05Z,
173.234.227.110,ipv4,attack,high,WHITE,blocklist.de/all|blocklist.de/apache|blocklist.de/mail|ziyadnz/hourly-ipv4,blocklist.de|brute-force|apache|rfi|ddos|spam|mail|ziyadnz|hourly,2026-08-17T18:48:05Z,2026-08-17T18:48:05Z,
173.234.227.111,ipv4,attack,high,WHITE,blocklist.de/all|blocklist.de/apache|blocklist.de/mail|ziyadnz/hourly-ipv4,blocklist.de|brute-force|apache|rfi|ddos|spam|mail|ziyadnz|hourly,2026-08-17T18:48:05Z,2026-08-17T18:48:05Z,
173.234.227.112,ipv4,attack,high,WHITE,blocklist.de/all|blocklist.de/apache|blocklist.de/mail|ziyadnz/hourly-ipv4,blocklist.de|brute-force|apache|rfi|ddos|spam|mail|ziyadnz|hourly,2026-08-17T18:48:05Z,2026-08-17T18:48:05Z,
173.234.227.113,ipv4,attack,high,WHITE,blocklist.de/all|blocklist.de/apache|blocklist.de/mail|ziyadnz/hourly-ipv4,blocklist.de|brute-force|apache|rfi|ddos|spam|mail|ziyadnz|hourly,2026-08-17T18:48:05Z,2026-08-17T18:48:05Z,
173.234.227.114,ipv4,attack,high,WHITE,blocklist.de/all|blocklist.de/apache|blocklist.de/mail|ziyadnz/hourly-ipv4,blocklist.de|brute-force|apache|rfi|ddos|spam|mail|ziyadnz|hourly,2026-08-17T18:48:05Z,2026-08-17T18:48:05Z,
173.234.227.115,ipv4,attack,high,WHITE,blocklist.de/all|blocklist.de/apache|blocklist.de/mail|ziyadnz/hourly-ipv4,blocklist.de|brute-force|apache|rfi|ddos|spam|mail|ziyadnz|hourly,2026-08-17T18:48:05Z,2026-08-17T18:48:05Z,
173.234.227.116,ipv4,attack,high,WHITE,blocklist.de/all|blocklist.de/apache|blocklist.de/mail|ziyadnz/hourly-ipv4,blocklist.de|brute-force|apache|rfi|ddos|spam|mail|ziyadnz|hourly,2026-08-17T18:48:05Z,2026-08-17T18:48:05Z,
173.234.227.117,ipv4,attack,high,WHITE,blocklist.de/all|blocklist.de/apache|blocklist.de/mail|ziyadnz/hourly-ipv4,blocklist.de|brute-force|apache|rfi|ddos|spam|mail|ziyadnz|hourly,2026-08-17T18:48:05Z,2026-08-17T18:48:05Z,
173.234.227.118,ipv4,attack,high,WHITE,blocklist.de/all|blocklist.de/apache|blocklist.de/mail|ziyadnz/hourly-ipv4,blocklist.de|brute-force|apache|rfi|ddos|spam|mail|ziyadnz|hourly,2026-08-17T18:48:05Z,2026-08-17T18:48:05Z,
173.234.227.119,ipv4,attack,high,WHITE,blocklist.de/all|blocklist.de/apache|blocklist.de/mail|ziyadnz/hourly-ipv4,blocklist.de|brute-force|apache|rfi|ddos|spam|mail|ziyadnz|hourly,2026-08-17T18:48:05Z,2026-08-17T18:48:05Z,
173.234.227.120,ipv4,attack,high,WHITE,blocklist.de/all|blocklist.de/apache|blocklist.de/mail|ziyadnz/hourly-ipv4,blocklist.de|brute-force|apache|rfi|ddos|spam|mail|ziyadnz|hourly,2026-08-17T18:48:05Z,2026-08-17T18:48:05Z,
173.234.227.121,ipv4,attack,high,WHITE,blocklist.de/all|blocklist.de/apache|blocklist.de/mail|ziyadnz/hourly-ipv4,blocklist.de|brute-force|apache|rfi|ddos|spam|mail|ziyadnz|hourly,2026-08-17T18:48:05Z,2026-08-17T18:48:05Z,
173.234.227.122,ipv4,attack,high,WHITE,blocklist.de/all|blocklist.de/apache|blocklist.de/mail|ziyadnz/hourly-ipv4,blocklist.de|brute-force|apache|rfi|ddos|spam|mail|ziyadnz|hourly,2026-08-17T18:48:05Z,2026-08-17T18:48:05Z,
173.234.227.123,ipv4,attack,high,WHITE,blocklist.de/all|blocklist.de/apache|blocklist.de/mail|ziyadnz/hourly-ipv4,blocklist.de|brute-force|apache|rfi|ddos|spam|mail|ziyadnz|hourly,2026-08-17T18:48:05Z,2026-08-17T18:48:05Z,
173.234.227.124,ipv4,attack,high,WHITE,blocklist.de/all|blocklist.de/apache|blocklist.de/mail|ziyadnz/hourly-ipv4,blocklist.de|brute-force|apache|rfi|ddos|spam|mail|ziyadnz|hourly,2026-08-17T18:48:05Z,2026-08-17T18:48:05Z,
173.234.227.125,ipv4,attack,high,WHITE,blocklist.de/all|blocklist.de/apache|blocklist.de/mail|ziyadnz/hourly-ipv4,blocklist.de|brute-force|apache|rfi|ddos|spam|mail|ziyadnz|hourly,2026-08-17T18:48:05Z,2026-08-17T18:48:05Z,
173.234.227.126,ipv4,attack,high,WHITE,blocklist.de/all|blocklist.de/apache|blocklist.de/mail|ziyadnz/hourly-ipv4,blocklist.de|brute-force|apache|rfi|ddos|spam|mail|ziyadnz|hourly,2026-08-17T18:48:05Z,2026-08-17T18:48:05Z,
173.234.227.127,ipv4,attack,high,WHITE,blocklist.de/all|blocklist.de/apache|blocklist.de/mail|ziyadnz/hourly-ipv4,blocklist.de|brute-force|apache|rfi|ddos|spam|mail|ziyadnz|hourly,2026-08-17T18:48:05Z,2026-08-17T18:48:05Z,
173.234.227.128,ipv4,attack,high,WHITE,blocklist.de/all|blocklist.de/apache|blocklist.de/mail|ziyadnz/hourly-ipv4,blocklist.de|brute-force|apache|rfi|ddos|spam|mail|ziyadnz|hourly,2026-08-17T18:48:05Z,2026-08-17T18:48:05Z,
173.234.227.129,ipv4,attack,high,WHITE,blocklist.de/all|blocklist.de/apache|blocklist.de/mail|ziyadnz/hourly-ipv4,blocklist.de|brute-force|apache|rfi|ddos|spam|mail|ziyadnz|hourly,2026-08-17T18:48:05Z,2026-08-17T18:48:05Z,
173.234.227.130,ipv4,attack,high,WHITE,blocklist.de/all|blocklist.de/apache|blocklist.de/mail|ziyadnz/hourly-ipv4,blocklist.de|brute-force|apache|rfi|ddos|spam|mail|ziyadnz|hourly,2026-08-17T18:48:05Z,2026-08-17T18:48:05Z,
173.234.227.131,ipv4,attack,high,WHITE,blocklist.de/all|blocklist.de/apache|blocklist.de/mail|ziyadnz/hourly-ipv4,blocklist.de|brute-force|apache|rfi|ddos|spam|mail|ziyadnz|hourly,2026-08-17T18:48:05Z,2026-08-17T18:48:05Z,
173.234.227.132,ipv4,attack,high,WHITE,blocklist.de/all|blocklist.de/apache|blocklist.de/mail|ziyadnz/hourly-ipv4,blocklist.de|brute-force|apache|rfi|ddos|spam|mail|ziyadnz|hourly,2026-08-17T18:48:05Z,2026-08-17T18:48:05Z,
173.234.227.133,ipv4,attack,high,WHITE,blocklist.de/all|blocklist.de/apache|blocklist.de/mail|ziyadnz/hourly-ipv4,blocklist.de|brute-force|apache|rfi|ddos|spam|mail|ziyadnz|hourly,2026-08-17T18:48:05Z,2026-08-17T18:48:05Z,
173.234.227.134,ipv4,attack,high,WHITE,blocklist.de/all|blocklist.de/apache|blocklist.de/mail|ziyadnz/hourly-ipv4,blocklist.de|brute-force|apache|rfi|ddos|spam|mail|ziyadnz|hourly,2026-08-17T18:48:05Z,2026-08-17T18:48:05Z,
173.234.227.135,ipv4,attack,high,WHITE,blocklist.de/all|blocklist.de/apache|blocklist.de/mail|ziyadnz/hourly-ipv4,blocklist.de|brute-force|apache|rfi|ddos|spam|mail|ziyadnz|hourly,2026-08-17T18:48:05Z,2026-08-17T18:48:05Z,
173.234.227.136,ipv4,attack,high,WHITE,blocklist.de/all|blocklist.de/apache|blocklist.de/mail|ziyadnz/hourly-ipv4,blocklist.de|brute-force|apache|rfi|ddos|spam|mail|ziyadnz|hourly,2026-08-17T18:48:05Z,2026-08-17T18:48:05Z,
173.234.227.137,ipv4,attack,high,WHITE,blocklist.de/all|blocklist.de/apache|blocklist.de/mail|ziyadnz/hourly-ipv4,blocklist.de|brute-force|apache|rfi|ddos|spam|mail|ziyadnz|hourly,2026-08-17T18:48:05Z,2026-08-17T18:48:05Z,
173.234.227.138,ipv4,attack,high,WHITE,blocklist.de/all|blocklist.de/apache|blocklist.de/mail|ziyadnz/hourly-ipv4,blocklist.de|brute-force|apache|rfi|ddos|spam|mail|ziyadnz|hourly,2026-08-17T18:48:05Z,2026-08-17T18:48:05Z,
173.234.227.139,ipv4,attack,high,WHITE,blocklist.de/all|blocklist.de/apache|blocklist.de/mail|ziyadnz/hourly-ipv4,blocklist.de|brute-force|apache|rfi|ddos|spam|mail|ziyadnz|hourly,2026-08-17T18:48:05Z,2026-08-17T18:48:05Z,
173.234.227.140,ipv4,attack,high,WHITE,blocklist.de/all|blocklist.de/apache|blocklist.de/mail|ziyadnz/hourly-ipv4,blocklist.de|brute-force|apache|rfi|ddos|spam|mail|ziyadnz|hourly,2026-08-17T18:48:05Z,2026-08-17T18:48:05Z,
173.234.227.141,ipv4,attack,high,WHITE,blocklist.de/all|blocklist.de/apache|blocklist.de/mail|ziyadnz/hourly-ipv4,blocklist.de|brute-force|apache|rfi|ddos|spam|mail|ziyadnz|hourly,2026-08-17T18:48:05Z,2026-08-17T18:48:05Z,
173.234.227.142,ipv4,attack,high,WHITE,blocklist.de/all|blocklist.de/apache|blocklist.de/mail|ziyadnz/hourly-ipv4,blocklist.de|brute-force|apache|rfi|ddos|spam|mail|ziyadnz|hourly,2026-08-17T18:48:05Z,2026-08-17T18:48:05Z,
173.234.227.143,ipv4,attack,high,WHITE,blocklist.de/all|blocklist.de/apache|blocklist.de/mail|ziyadnz/hourly-ipv4,blocklist.de|brute-force|apache|rfi|ddos|spam|mail|ziyadnz|hourly,2026-08-17T18:48:05Z,2026-08-17T18:48:05Z,
173.234.227.144,ipv4,attack,high,WHITE,blocklist.de/all|blocklist.de/apache|blocklist.de/mail|ziyadnz/hourly-ipv4,blocklist.de|brute-force|apache|rfi|ddos|spam|mail|ziyadnz|hourly,2026-08-17T18:48:05Z,2026-08-17T18:48:05Z,
173.234.227.145,ipv4,attack,high,WHITE,blocklist.de/all|blocklist.de/apache|blocklist.de/mail|ziyadnz/hourly-ipv4,blocklist.de|brute-force|apache|rfi|ddos|spam|mail|ziyadnz|hourly,2026-08-17T18:48:05Z,2026-08-17T18:48:05Z,
173.234.227.146,ipv4,attack,high,WHITE,blocklist.de/all|blocklist.de/apache|blocklist.de/mail|ziyadnz/hourly-ipv4,blocklist.de|brute-force|apache|rfi|ddos|spam|mail|ziyadnz|hourly,2026-08-17T18:48:05Z,2026-08-17T18:48:05Z,
173.234.227.147,ipv4,attack,high,WHITE,blocklist.de/all|blocklist.de/apache|blocklist.de/mail|ziyadnz/hourly-ipv4,blocklist.de|brute-force|apache|rfi|ddos|spam|mail|ziyadnz|hourly,2026-08-17T18:48:05Z,2026-08-17T18:48:05Z,
173.234.227.148,ipv4,attack,high,WHITE,blocklist.de/all|blocklist.de/apache|blocklist.de/mail|ziyadnz/hourly-ipv4,blocklist.de|brute-force|apache|rfi|ddos|spam|mail|ziyadnz|hourly,2026-08-17T18:48:05Z,2026-08-17T18:48:05Z,
173.234.227.149,ipv4,attack,high,WHITE,blocklist.de/all|blocklist.de/apache|blocklist.de/mail|ziyadnz/hourly-ipv4,blocklist.de|brute-force|apache|rfi|ddos|spam|mail|ziyadnz|hourly,2026-08-17T18:48:05Z,2026-08-17T18:48:05Z,
173.234.227.150,ipv4,attack,high,WHITE,blocklist.de/all|blocklist.de/apache|blocklist.de/mail|ziyadnz/hourly-ipv4,blocklist.de|brute-force|apache|rfi|ddos|spam|mail|ziyadnz|hourly,2026-08-17T18:48:05Z,2026-08-17T18:48:05Z,
173.234.227.151,ipv4,attack,high,WHITE,blocklist.de/all|blocklist.de/apache|blocklist.de/mail|ziyadnz/hourly-ipv4,blocklist.de|brute-force|apache|rfi|ddos|spam|mail|ziyadnz|hourly,2026-08-17T18:48:05Z,2026-08-17T18:48:05Z,
173.234.227.152,ipv4,attack,high,WHITE,blocklist.de/all|blocklist.de/apache|blocklist.de/mail|ziyadnz/hourly-ipv4,blocklist.de|brute-force|apache|rfi|ddos|spam|mail|ziyadnz|hourly,2026-08-17T18:48:05Z,2026-08-17T18:48:05Z,
173.234.227.153,ipv4,attack,high,WHITE,blocklist.de/all|blocklist.de/apache|blocklist.de/mail|ziyadnz/hourly-ipv4,blocklist.de|brute-force|apache|rfi|ddos|spam|mail|ziyadnz|hourly,2026-08-17T18:48:05Z,2026-08-17T18:48:05Z,
173.234.227.154,ipv4,attack,high,WHITE,blocklist.de/all|blocklist.de/apache|blocklist.de/mail|ziyadnz/hourly-ipv4,blocklist.de|brute-force|apache|rfi|ddos|spam|mail|ziyadnz|hourly,2026-08-17T18:48:05Z,2026-08-17T18:48:05Z,
173.234.227.155,ipv4,attack,high,WHITE,blocklist.de/all|blocklist.de/apache|blocklist.de/mail|ziyadnz/hourly-ipv4,blocklist.de|brute-force|apache|rfi|ddos|spam|mail|ziyadnz|hourly,2026-08-17T18:48:05Z,2026-08-17T18:48:05Z,
173.234.227.156,ipv4,attack,high,WHITE,blocklist.de/all|blocklist.de/apache|blocklist.de/mail|ziyadnz/hourly-ipv4,blocklist.de|brute-force|apache|rfi|ddos|spam|mail|ziyadnz|hourly,2026-08-17T18:48:05Z,2026-08-17T18:48:05Z,
173.234.227.157,ipv4,attack,high,WHITE,blocklist.de/all|blocklist.de/apache|blocklist.de/mail|ziyadnz/hourly-ipv4,blocklist.de|brute-force|apache|rfi|ddos|spam|mail|ziyadnz|hourly,2026-08-17T18:48:05Z,2026-08-17T18:48:05Z,
173.234.227.158,ipv4,attack,high,WHITE,blocklist.de/all|blocklist.de/apache|blocklist.de/mail|ziyadnz/hourly-ipv4,blocklist.de|brute-force|apache|rfi|ddos|spam|mail|ziyadnz|hourly,2026-08-17T18:48:05Z,2026-08-17T18:48:05Z,
173.234.227.159,ipv4,attack,high,WHITE,blocklist.de/all|blocklist.de/apache|blocklist.de/mail|ziyadnz/hourly-ipv4,blocklist.de|brute-force|apache|rfi|ddos|spam|mail|ziyadnz|hourly,2026-08-17T18:48:05Z,2026-08-17T18:48:05Z,
173.234.227.160,ipv4,attack,high,WHITE,blocklist.de/all|blocklist.de/apache|blocklist.de/mail|ziyadnz/hourly-ipv4,blocklist.de|brute-force|apache|rfi|ddos|spam|mail|ziyadnz|hourly,2026-08-17T18:48:05Z,2026-08-17T18:48:05Z,
173.234.227.161,ipv4,attack,high,WHITE,blocklist.de/all|blocklist.de/apache|blocklist.de/mail|ziyadnz/hourly-ipv4,blocklist.de|brute-force|apache|rfi|ddos|spam|mail|ziyadnz|hourly,2026-08-17T18:48:05Z,2026-08-17T18:48:05Z,
173.234.227.162,ipv4,attack,high,WHITE,blocklist.de/all|blocklist.de/apache|blocklist.de/mail|ziyadnz/hourly-ipv4,blocklist.de|brute-force|apache|rfi|ddos|spam|mail|ziyadnz|hourly,2026-08-17T18:48:05Z,2026-08-17T18:48:05Z,
173.234.227.163,ipv4,attack,high,WHITE,blocklist.de/all|blocklist.de/apache|blocklist.de/mail|ziyadnz/hourly-ipv4,blocklist.de|brute-force|apache|rfi|ddos|spam|mail|ziyadnz|hourly,2026-08-17T18:48:05Z,2026-08-17T18:48:05Z,
173.234.227.164,ipv4,attack,high,WHITE,blocklist.de/all|blocklist.de/apache|blocklist.de/mail|ziyadnz/hourly-ipv4,blocklist.de|brute-force|apache|rfi|ddos|spam|mail|ziyadnz|hourly,2026-08-17T18:48:05Z,2026-08-17T18:48:05Z,
173.234.227.165,ipv4,attack,high,WHITE,blocklist.de/all|blocklist.de/apache|blocklist.de/mail|ziyadnz/hourly-ipv4,blocklist.de|brute-force|apache|rfi|ddos|spam|mail|ziyadnz|hourly,2026-08-17T18:48:05Z,2026-08-17T18:48:05Z,
173.234.227.166,ipv4,attack,high,WHITE,blocklist.de/all|blocklist.de/apache|blocklist.de/mail|ziyadnz/hourly-ipv4,blocklist.de|brute-force|apache|rfi|ddos|spam|mail|ziyadnz|hourly,2026-08-17T18:48:05Z,2026-08-17T18:48:05Z,
173.234.227.167,ipv4,attack,high,WHITE,blocklist.de/all|blocklist.de/apache|blocklist.de/mail|ziyadnz/hourly-ipv4,blocklist.de|brute-force|apache|rfi|ddos|spam|mail|ziyadnz|hourly,2026-08-17T18:48:05Z,2026-08-17T18:48:05Z,
173.234.227.168,ipv4,attack,high,WHITE,blocklist.de/all|blocklist.de/apache|blocklist.de/mail|ziyadnz/hourly-ipv4,blocklist.de|brute-force|apache|rfi|ddos|spam|mail|ziyadnz|hourly,2026-08-17T18:48:05Z,2026-08-17T18:48:05Z,
173.234.227.169,ipv4,attack,high,WHITE,blocklist.de/all|blocklist.de/apache|blocklist.de/mail|ziyadnz/hourly-ipv4,blocklist.de|brute-force|apache|rfi|ddos|spam|mail|ziyadnz|hourly,2026-08-17T18:48:05Z,2026-08-17T18:48:05Z,
173.234.227.170,ipv4,attack,high,WHITE,blocklist.de/all|blocklist.de/apache|blocklist.de/mail|ziyadnz/hourly-ipv4,blocklist.de|brute-force|apache|rfi|ddos|spam|mail|ziyadnz|hourly,2026-08-17T18:48:05Z,2026-08-17T18:48:05Z,
173.234.227.171,ipv4,attack,high,WHITE,blocklist.de/all|blocklist.de/apache|blocklist.de/mail|ziyadnz/hourly-ipv4,blocklist.de|brute-force|apache|rfi|ddos|spam|mail|ziyadnz|hourly,2026-08-17T18:48:05Z,2026-08-17T18:48:05Z,
173.234.227.172,ipv4,attack,high,WHITE,blocklist.de/all|blocklist.de/apache|blocklist.de/mail|ziyadnz/hourly-ipv4,blocklist.de|brute-force|apache|rfi|ddos|spam|mail|ziyadnz|hourly,2026-08-17T18:48:05Z,2026-08-17T18:48:05Z,
173.234.227.173,ipv4,attack,high,WHITE,blocklist.de/all|blocklist.de/apache|blocklist.de/mail|ziyadnz/hourly-ipv4,blocklist.de|brute-force|apache|rfi|ddos|spam|mail|ziyadnz|hourly,2026-08-17T18:48:05Z,2026-08-17T18:48:05Z,
173.234.227.174,ipv4,attack,high,WHITE,blocklist.de/all|blocklist.de/apache|blocklist.de/mail|ziyadnz/hourly-ipv4,blocklist.de|brute-force|apache|rfi|ddos|spam|mail|ziyadnz|hourly,2026-08-17T18:48:05Z,2026-08-17T18:48:05Z,
173.234.227.175,ipv4,attack,high,WHITE,blocklist.de/all|blocklist.de/apache|blocklist.de/mail|ziyadnz/hourly-ipv4,blocklist.de|brute-force|apache|rfi|ddos|spam|mail|ziyadnz|hourly,2026-08-17T18:48:05Z,2026-08-17T18:48:05Z,
173.234.227.176,ipv4,attack,high,WHITE,blocklist.de/all|blocklist.de/apache|blocklist.de/mail|ziyadnz/hourly-ipv4,blocklist.de|brute-force|apache|rfi|ddos|spam|mail|ziyadnz|hourly,2026-08-17T18:48:05Z,2026-08-17T18:48:05Z,
173.234.227.177,ipv4,attack,high,WHITE,blocklist.de/all|blocklist.de/apache|blocklist.de/mail|ziyadnz/hourly-ipv4,blocklist.de|brute-force|apache|rfi|ddos|spam|mail|ziyadnz|hourly,2026-08-17T18:48:05Z,2026-08-17T18:48:05Z,
173.234.227.178,ipv4,attack,high,WHITE,blocklist.de/all|blocklist.de/apache|blocklist.de/mail|ziyadnz/hourly-ipv4,blocklist.de|brute-force|apache|rfi|ddos|spam|mail|ziyadnz|hourly,2026-08-17T18:48:05Z,2026-08-17T18:48:05Z,
173.234.227.179,ipv4,attack,high,WHITE,blocklist.de/all|blocklist.de/apache|blocklist.de/mail|ziyadnz/hourly-ipv4,blocklist.de|brute-force|apache|rfi|ddos|spam|mail|ziyadnz|hourly,2026-08-17T18:48:05Z,2026-08-17T18:48:05Z,
173.234.227.180,ipv4,attack,high,WHITE,blocklist.de/all|blocklist.de/apache|blocklist.de/mail|ziyadnz/hourly-ipv4,blocklist.de|brute-force|apache|rfi|ddos|spam|mail|ziyadnz|hourly,2026-08-17T18:48:05Z,2026-08-17T18:48:05Z,
173.234.227.181,ipv4,attack,high,WHITE,blocklist.de/all|blocklist.de/apache|blocklist.de/mail|ziyadnz/hourly-ipv4,blocklist.de|brute-force|apache|rfi|ddos|spam|mail|ziyadnz|hourly,2026-08-17T18:48:05Z,2026-08-17T18:48:05Z,
173.234.227.182,ipv4,attack,high,WHITE,blocklist.de/all|blocklist.de/apache|blocklist.de/mail|ziyadnz/hourly-ipv4,blocklist.de|brute-force|apache|rfi|ddos|spam|mail|ziyadnz|hourly,2026-08-17T18:48:05Z,2026-08-17T18:48:05Z,
173.234.227.183,ipv4,attack,high,WHITE,blocklist.de/all|blocklist.de/apache|blocklist.de/mail|ziyadnz/hourly-ipv4,blocklist.de|brute-force|apache|rfi|ddos|spam|mail|ziyadnz|hourly,2026-08-17T18:48:05Z,2026-08-17T18:48:05Z,
173.234.227.184,ipv4,attack,high,WHITE,blocklist.de/all|blocklist.de/apache|blocklist.de/mail|ziyadnz/hourly-ipv4,blocklist.de|brute-force|apache|rfi|ddos|spam|mail|ziyadnz|hourly,2026-08-17T18:48:05Z,2026-08-17T18:48:05Z,
173.234.227.185,ipv4,attack,high,WHITE,blocklist.de/all|blocklist.de/apache|blocklist.de/mail|ziyadnz/hourly-ipv4,blocklist.de|brute-force|apache|rfi|ddos|spam|mail|ziyadnz|hourly,2026-08-17T18:48:05Z,2026-08-17T18:48:05Z,
173.234.227.186,ipv4,attack,high,WHITE,blocklist.de/all|blocklist.de/apache|blocklist.de/mail|ziyadnz/hourly-ipv4,blocklist.de|brute-force|apache|rfi|ddos|spam|mail|ziyadnz|hourly,2026-08-17T18:48:05Z,2026-08-17T18:48:05Z,
173.234.227.187,ipv4,attack,high,WHITE,blocklist.de/all|blocklist.de/apache|blocklist.de/mail|ziyadnz/hourly-ipv4,blocklist.de|brute-force|apache|rfi|ddos|spam|mail|ziyadnz|hourly,2026-08-17T18:48:05Z,2026-08-17T18:48:05Z,
173.234.227.188,ipv4,attack,high,WHITE,blocklist.de/all|blocklist.de/apache|blocklist.de/mail|ziyadnz/hourly-ipv4,blocklist.de|brute-force|apache|rfi|ddos|spam|mail|ziyadnz|hourly,2026-08-17T18:48:05Z,2026-08-17T18:48:05Z,
173.234.227.189,ipv4,attack,high,WHITE,blocklist.de/all|blocklist.de/apache|blocklist.de/mail|ziyadnz/hourly-ipv4,blocklist.de|brute-force|apache|rfi|ddos|spam|mail|ziyadnz|hourly,2026-08-17T18:48:05Z,2026-08-17T18:48:05Z,
173.234.227.190,ipv4,attack,high,WHITE,blocklist.de/all|blocklist.de/apache|blocklist.de/mail|ziyadnz/hourly-ipv4,blocklist.de|brute-force|apache|rfi|ddos|spam|mail|ziyadnz|hourly,2026-08-17T18:48:05Z,2026-08-17T18:48:05Z,
173.234.227.191,ipv4,attack,high,WHITE,blocklist.de/all|blocklist.de/apache|blocklist.de/mail|ziyadnz/hourly-ipv4,blocklist.de|brute-force|apache|rfi|ddos|spam|mail|ziyadnz|hourly,2026-08-17T18:48:05Z,2026-08-17T18:48:05Z,
173.234.227.192,ipv4,attack,high,WHITE,blocklist.de/all|blocklist.de/apache|blocklist.de/mail|ziyadnz/hourly-ipv4,blocklist.de|brute-force|apache|rfi|ddos|spam|mail|ziyadnz|hourly,2026-08-17T18:48:05Z,2026-08-17T18:48:05Z,
173.234.227.193,ipv4,attack,high,WHITE,blocklist.de/all|blocklist.de/apache|blocklist.de/mail|ziyadnz/hourly-ipv4,blocklist.de|brute-force|apache|rfi|ddos|spam|mail|ziyadnz|hourly,2026-08-17T18:48:05Z,2026-08-17T18:48:05Z,
173.234.227.194,ipv4,attack,high,WHITE,blocklist.de/all|blocklist.de/apache|blocklist.de/mail|ziyadnz/hourly-ipv4,blocklist.de|brute-force|apache|rfi|ddos|spam|mail|ziyadnz|hourly,2026-08-17T18:48:05Z,2026-08-17T18:48:05Z,
173.234.227.195,ipv4,attack,high,WHITE,blocklist.de/all|blocklist.de/apache|blocklist.de/mail|ziyadnz/hourly-ipv4,blocklist.de|brute-force|apache|rfi|ddos|spam|mail|ziyadnz|hourly,2026-08-17T18:48:05Z,2026-08-17T18:48:05Z,
173.234.227.196,ipv4,attack,high,WHITE,blocklist.de/all|blocklist.de/apache|blocklist.de/mail|ziyadnz/hourly-ipv4,blocklist.de|brute-force|apache|rfi|ddos|spam|mail|ziyadnz|hourly,2026-08-17T18:48:05Z,2026-08-17T18:48:05Z,
173.234.227.197,ipv4,attack,high,WHITE,blocklist.de/all|blocklist.de/apache|blocklist.de/mail|ziyadnz/hourly-ipv4,blocklist.de|brute-force|apache|rfi|ddos|spam|mail|ziyadnz|hourly,2026-08-17T18:48:05Z,2026-08-17T18:48:05Z,
173.234.227.198,ipv4,attack,high,WHITE,blocklist.de/all|blocklist.de/apache|blocklist.de/mail|ziyadnz/hourly-ipv4,blocklist.de|brute-force|apache|rfi|ddos|spam|mail|ziyadnz|hourly,2026-08-17T18:48:05Z,2026-08-17T18:48:05Z,
173.234.227.199,ipv4,attack,high,WHITE,blocklist.de/all|blocklist.de/apache|blocklist.de/mail|ziyadnz/hourly-ipv4,blocklist.de|brute-force|apache|rfi|ddos|spam|mail|ziyadnz|hourly,2026-08-17T18:48:05Z,2026-08-17T18:48:05Z,
173.234.227.200,ipv4,attack,high,WHITE,blocklist.de/all|blocklist.de/apache|blocklist.de/mail|ziyadnz/hourly-ipv4,blocklist.de|brute-force|apache|rfi|ddos|spam|mail|ziyadnz|hourly,2026-08-17T18:48:05Z,2026-08-17T18:48:05Z,
173.234.227.201,ipv4,attack,high,WHITE,blocklist.de/all|blocklist.de/apache|blocklist.de/mail|ziyadnz/hourly-ipv4,blocklist.de|brute-force|apache|rfi|ddos|spam|mail|ziyadnz|hourly,2026-08-17T18:48:05Z,2026-08-17T18:48:05Z,
173.234.227.202,ipv4,attack,high,WHITE,blocklist.de/all|blocklist.de/apache|blocklist.de/mail|ziyadnz/hourly-ipv4,blocklist.de|brute-force|apache|rfi|ddos|spam|mail|ziyadnz|hourly,2026-08-17T18:48:05Z,2026-08-17T18:48:05Z,
173.234.227.203,ipv4,attack,high,WHITE,blocklist.de/all|blocklist.de/apache|blocklist.de/mail|ziyadnz/hourly-ipv4,blocklist.de|brute-force|apache|rfi|ddos|spam|mail|ziyadnz|hourly,2026-08-17T18:48:05Z,2026-08-17T18:48:05Z,
173.234.227.204,ipv4,attack,high,WHITE,blocklist.de/all|blocklist.de/apache|blocklist.de/mail|ziyadnz/hourly-ipv4,blocklist.de|brute-force|apache|rfi|ddos|spam|mail|ziyadnz|hourly,2026-08-17T18:48:05Z,2026-08-17T18:48:05Z,
173.234.227.205,ipv4,attack,high,WHITE,blocklist.de/all|blocklist.de/apache|blocklist.de/mail|ziyadnz/hourly-ipv4,blocklist.de|brute-force|apache|rfi|ddos|spam|mail|ziyadnz|hourly,2026-08-17T18:48:05Z,2026-08-17T18:48:05Z,
173.234.227.206,ipv4,attack,high,WHITE,blocklist.de/all|blocklist.de/apache|blocklist.de/mail|ziyadnz/hourly-ipv4,blocklist.de|brute-force|apache|rfi|ddos|spam|mail|ziyadnz|hourly,2026-08-17T18:48:05Z,2026-08-17T18:48:05Z,
173.234.227.207,ipv4,attack,high,WHITE,blocklist.de/all|blocklist.de/apache|blocklist.de/mail|ziyadnz/hourly-ipv4,blocklist.de|brute-force|apache|rfi|ddos|spam|mail|ziyadnz|hourly,2026-08-17T18:48:05Z,2026-08-17T18:48:05Z,
173.234.227.208,ipv4,attack,high,WHITE,blocklist.de/all|blocklist.de/apache|blocklist.de/mail|ziyadnz/hourly-ipv4,blocklist.de|brute-force|apache|rfi|ddos|spam|mail|ziyadnz|hourly,2026-08-17T18:48:05Z,2026-08-17T18:48:05Z,
173.234.227.209,ipv4,attack,high,WHITE,blocklist.de/all|blocklist.de/apache|blocklist.de/mail|ziyadnz/hourly-ipv4,blocklist.de|brute-force|apache|rfi|ddos|spam|mail|ziyadnz|hourly,2026-08-17T18:48:05Z,2026-08-17T18:48:05Z,
173.234.227.210,ipv4,attack,high,WHITE,blocklist.de/all|blocklist.de/apache|blocklist.de/mail|ziyadnz/hourly-ipv4,blocklist.de|brute-force|apache|rfi|ddos|spam|mail|ziyadnz|hourly,2026-08-17T18:48:05Z,2026-08-17T18:48:05Z,
173.234.227.211,ipv4,attack,high,WHITE,blocklist.de/all|blocklist.de/apache|blocklist.de/mail|ziyadnz/hourly-ipv4,blocklist.de|brute-force|apache|rfi|ddos|spam|mail|ziyadnz|hourly,2026-08-17T18:48:05Z,2026-08-17T18:48:05Z,
173.234.227.212,ipv4,attack,high,WHITE,blocklist.de/all|blocklist.de/apache|blocklist.de/mail|ziyadnz/hourly-ipv4,blocklist.de|brute-force|apache|rfi|ddos|spam|mail|ziyadnz|hourly,2026-08-17T18:48:05Z,2026-08-17T18:48:05Z,
173.234.227.213,ipv4,attack,high,WHITE,blocklist.de/all|blocklist.de/apache|blocklist.de/mail|ziyadnz/hourly-ipv4,blocklist.de|brute-force|apache|rfi|ddos|spam|mail|ziyadnz|hourly,2026-08-17T18:48:05Z,2026-08-17T18:48:05Z,
173.234.227.214,ipv4,attack,high,WHITE,blocklist.de/all|blocklist.de/apache|blocklist.de/mail|ziyadnz/hourly-ipv4,blocklist.de|brute-force|apache|rfi|ddos|spam|mail|ziyadnz|hourly,2026-08-17T18:48:05Z,2026-08-17T18:48:05Z,
173.234.227.215,ipv4,attack,high,WHITE,blocklist.de/all|blocklist.de/apache|blocklist.de/mail|ziyadnz/hourly-ipv4,blocklist.de|brute-force|apache|rfi|ddos|spam|mail|ziyadnz|hourly,2026-08-17T18:48:05Z,2026-08-17T18:48:05Z,
173.234.227.216,ipv4,attack,high,WHITE,blocklist.de/all|blocklist.de/apache|blocklist.de/mail|ziyadnz/hourly-ipv4,blocklist.de|brute-force|apache|rfi|ddos|spam|mail|ziyadnz|hourly,2026-08-17T18:48:05Z,2026-08-17T18:48:05Z,
173.234.227.217,ipv4,attack,high,WHITE,blocklist.de/all|blocklist.de/apache|blocklist.de/mail|ziyadnz/hourly-ipv4,blocklist.de|brute-force|apache|rfi|ddos|spam|mail|ziyadnz|hourly,2026-08-17T18:48:05Z,2026-08-17T18:48:05Z,
173.234.227.218,ipv4,attack,high,WHITE,blocklist.de/all|blocklist.de/apache|blocklist.de/mail|ziyadnz/hourly-ipv4,blocklist.de|brute-force|apache|rfi|ddos|spam|mail|ziyadnz|hourly,2026-08-17T18:48:05Z,2026-08-17T18:48:05Z,
173.234.227.219,ipv4,attack,high,WHITE,blocklist.de/all|blocklist.de/apache|blocklist.de/mail|ziyadnz/hourly-ipv4,blocklist.de|brute-force|apache|rfi|ddos|spam|mail|ziyadnz|hourly,2026-08-17T18:48:05Z,2026-08-17T18:48:05Z,
173.234.227.220,ipv4,attack,high,WHITE,blocklist.de/all|blocklist.de/apache|blocklist.de/mail|ziyadnz/hourly-ipv4,blocklist.de|brute-force|apache|rfi|ddos|spam|mail|ziyadnz|hourly,2026-08-17T18:48:05Z,2026-08-17T18:48:05Z,
173.234.227.221,ipv4,attack,high,WHITE,blocklist.de/all|blocklist.de/apache|blocklist.de/mail|ziyadnz/hourly-ipv4,blocklist.de|brute-force|apache|rfi|ddos|spam|mail|ziyadnz|hourly,2026-08-17T18:48:05Z,2026-08-17T18:48:05Z,
173.234.227.222,ipv4,attack,high,WHITE,blocklist.de/all|blocklist.de/apache|blocklist.de/mail|ziyadnz/hourly-ipv4,blocklist.de|brute-force|apache|rfi|ddos|spam|mail|ziyadnz|hourly,2026-08-17T18:48:05Z,2026-08-17T18:48:05Z,
173.234.227.223,ipv4,attack,high,WHITE,blocklist.de/all|blocklist.de/apache|blocklist.de/mail|ziyadnz/hourly-ipv4,blocklist.de|brute-force|apache|rfi|ddos|spam|mail|ziyadnz|hourly,2026-08-17T18:48:05Z,2026-08-17T18:48:05Z,
173.234.227.224,ipv4,attack,high,WHITE,blocklist.de/all|blocklist.de/apache|blocklist.de/mail|ziyadnz/hourly-ipv4,blocklist.de|brute-force|apache|rfi|ddos|spam|mail|ziyadnz|hourly,2026-08-17T18:48:05Z,2026-08-17T18:48:05Z,
173.234.227.225,ipv4,attack,high,WHITE,blocklist.de/all|blocklist.de/apache|blocklist.de/mail|ziyadnz/hourly-ipv4,blocklist.de|brute-force|apache|rfi|ddos|spam|mail|ziyadnz|hourly,2026-08-17T18:48:05Z,2026-08-17T18:48:05Z,
173.234.227.226,ipv4,attack,high,WHITE,blocklist.de/all|blocklist.de/apache|blocklist.de/mail|ziyadnz/hourly-ipv4,blocklist.de|brute-force|apache|rfi|ddos|spam|mail|ziyadnz|hourly,2026-08-17T18:48:05Z,2026-08-17T18:48:05Z,
173.234.227.227,ipv4,attack,high,WHITE,blocklist.de/all|blocklist.de/apache|blocklist.de/mail|ziyadnz/hourly-ipv4,blocklist.de|brute-force|apache|rfi|ddos|spam|mail|ziyadnz|hourly,2026-08-17T18:48:05Z,2026-08-17T18:48:05Z,
173.234.227.228,ipv4,attack,high,WHITE,blocklist.de/all|blocklist.de/apache|blocklist.de/mail|ziyadnz/hourly-ipv4,blocklist.de|brute-force|apache|rfi|ddos|spam|mail|ziyadnz|hourly,2026-08-17T18:48:05Z,2026-08-17T18:48:05Z,
173.234.227.229,ipv4,attack,high,WHITE,blocklist.de/all|blocklist.de/apache|blocklist.de/mail|ziyadnz/hourly-ipv4,blocklist.de|brute-force|apache|rfi|ddos|spam|mail|ziyadnz|hourly,2026-08-17T18:48:05Z,2026-08-17T18:48:05Z,
173.234.227.230,ipv4,attack,high,WHITE,blocklist.de/all|blocklist.de/apache|blocklist.de/mail|ziyadnz/hourly-ipv4,blocklist.de|brute-force|apache|rfi|ddos|spam|mail|ziyadnz|hourly,2026-08-17T18:48:05Z,2026-08-17T18:48:05Z,
173.234.227.231,ipv4,attack,high,WHITE,blocklist.de/all|blocklist.de/apache|blocklist.de/mail|ziyadnz/hourly-ipv4,blocklist.de|brute-force|apache|rfi|ddos|spam|mail|ziyadnz|hourly,2026-08-17T18:48:05Z,2026-08-17T18:48:05Z,
173.234.227.232,ipv4,attack,high,WHITE,blocklist.de/all|blocklist.de/apache|blocklist.de/mail|ziyadnz/hourly-ipv4,blocklist.de|brute-force|apache|rfi|ddos|spam|mail|ziyadnz|hourly,2026-08-17T18:48:05Z,2026-08-17T18:48:05Z,
173.234.227.233,ipv4,attack,high,WHITE,blocklist.de/all|blocklist.de/apache|blocklist.de/mail|ziyadnz/hourly-ipv4,blocklist.de|brute-force|apache|rfi|ddos|spam|mail|ziyadnz|hourly,2026-08-17T18:48:05Z,2026-08-17T18:48:05Z,
173.234.227.234,ipv4,attack,high,WHITE,blocklist.de/all|blocklist.de/apache|blocklist.de/mail|ziyadnz/hourly-ipv4,blocklist.de|brute-force|apache|rfi|ddos|spam|mail|ziyadnz|hourly,2026-08-17T18:48:05Z,2026-08-17T18:48:05Z,
173.234.227.235,ipv4,attack,high,WHITE,blocklist.de/all|blocklist.de/apache|blocklist.de/mail|ziyadnz/hourly-ipv4,blocklist.de|brute-force|apache|rfi|ddos|spam|mail|ziyadnz|hourly,2026-08-17T18:48:05Z,2026-08-17T18:48:05Z,
173.234.227.236,ipv4,attack,high,WHITE,blocklist.de/all|blocklist.de/apache|blocklist.de/mail|ziyadnz/hourly-ipv4,blocklist.de|brute-force|apache|rfi|ddos|spam|mail|ziyadnz|hourly,2026-08-17T18:48:05Z,2026-08-17T18:48:05Z,
173.234.227.237,ipv4,attack,high,WHITE,blocklist.de/all|blocklist.de/apache|blocklist.de/mail|ziyadnz/hourly-ipv4,blocklist.de|brute-force|apache|rfi|ddos|spam|mail|ziyadnz|hourly,2026-08-17T18:48:05Z,2026-08-17T18:48:05Z,
173.234.227.238,ipv4,attack,high,WHITE,blocklist.de/all|blocklist.de/apache|blocklist.de/mail|ziyadnz/hourly-ipv4,blocklist.de|brute-force|apache|rfi|ddos|spam|mail|ziyadnz|hourly,2026-08-17T18:48:05Z,2026-08-17T18:48:05Z,
173.234.227.239,ipv4,attack,high,WHITE,blocklist.de/all|blocklist.de/apache|blocklist.de/mail|ziyadnz/hourly-ipv4,blocklist.de|brute-force|apache|rfi|ddos|spam|mail|ziyadnz|hourly,2026-08-17T18:48:05Z,2026-08-17T18:48:05Z,
173.234.227.240,ipv4,attack,high,WHITE,blocklist.de/all|blocklist.de/apache|blocklist.de/mail|ziyadnz/hourly-ipv4,blocklist.de|brute-force|apache|rfi|ddos|spam|mail|ziyadnz|hourly,2026-08-17T18:48:05Z,2026-08-17T18:48:05Z,
173.234.227.241,ipv4,attack,high,WHITE,blocklist.de/all|blocklist.de/apache|blocklist.de/mail|ziyadnz/hourly-ipv4,blocklist.de|brute-force|apache|rfi|ddos|spam|mail|ziyadnz|hourly,2026-08-17T18:48:05Z,2026-08-17T18:48:05Z,
173.234.227.242,ipv4,attack,high,WHITE,blocklist.de/all|blocklist.de/apache|blocklist.de/mail|ziyadnz/hourly-ipv4,blocklist.de|brute-force|apache|rfi|ddos|spam|mail|ziyadnz|hourly,2026-08-17T18:48:05Z,2026-08-17T18:48:05Z,
173.234.227.243,ipv4,attack,high,WHITE,blocklist.de/all|blocklist.de/apache|blocklist.de/mail|ziyadnz/hourly-ipv4,blocklist.de|brute-force|apache|rfi|ddos|spam|mail|ziyadnz|hourly,2026-08-17T18:48:05Z,2026-08-17T18:48:05Z,
173.234.227.244,ipv4,attack,high,WHITE,blocklist.de/all|blocklist.de/apache|blocklist.de/mail|ziyadnz/hourly-ipv4,blocklist.de|brute-force|apache|rfi|ddos|spam|mail|ziyadnz|hourly,2026-08-17T18:48:05Z,2026-08-17T18:48:05Z,
173.234.227.245,ipv4,attack,high,WHITE,blocklist.de/all|blocklist.de/apache|blocklist.de/mail|ziyadnz/hourly-ipv4,blocklist.de|brute-force|apache|rfi|ddos|spam|mail|ziyadnz|hourly,2026-08-17T18:48:05Z,2026-08-17T18:48:05Z,
173.234.227.246,ipv4,attack,high,WHITE,blocklist.de/all|blocklist.de/apache|blocklist.de/mail|ziyadnz/hourly-ipv4,blocklist.de|brute-force|apache|rfi|ddos|spam|mail|ziyadnz|hourly,2026-08-17T18:48:05Z,2026-08-17T18:48:05Z,
173.234.227.247,ipv4,attack,high,WHITE,blocklist.de/all|blocklist.de/apache|blocklist.de/mail|ziyadnz/hourly-ipv4,blocklist.de|brute-force|apache|rfi|ddos|spam|mail|ziyadnz|hourly,2026-08-17T18:48:05Z,2026-08-17T18:48:05Z,
173.234.227.248,ipv4,attack,high,WHITE,blocklist.de/all|blocklist.de/apache|blocklist.de/mail|ziyadnz/hourly-ipv4,blocklist.de|brute-force|apache|rfi|ddos|spam|mail|ziyadnz|hourly,2026-08-17T18:48:05Z,2026-08-17T18:48:05Z,
173.234.227.249,ipv4,attack,high,WHITE,blocklist.de/all|blocklist.de/apache|blocklist.de/mail|ziyadnz/hourly-ipv4,blocklist.de|brute-force|apache|rfi|ddos|spam|mail|ziyadnz|hourly,2026-08-17T18:48:05Z,2026-08-17T18:48:05Z,
173.234.227.250,ipv4,attack,high,WHITE,blocklist.de/all|blocklist.de/apache|blocklist.de/mail|ziyadnz/hourly-ipv4,blocklist.de|brute-force|apache|rfi|ddos|spam|mail|ziyadnz|hourly,2026-08-17T18:48:05Z,2026-08-17T18:48:05Z,
173.234.227.251,ipv4,attack,high,WHITE,blocklist.de/all|blocklist.de/apache|blocklist.de/mail|ziyadnz/hourly-ipv4,blocklist.de|brute-force|apache|rfi|ddos|spam|mail|ziyadnz|hourly,2026-08-17T18:48:05Z,2026-08-17T18:48:05Z,
173.234.227.252,ipv4,attack,high,WHITE,blocklist.de/all|blocklist.de/apache|blocklist.de/mail|ziyadnz/hourly-ipv4,blocklist.de|brute-force|apache|rfi|ddos|spam|mail|ziyadnz|hourly,2026-08-17T18:48:05Z,2026-08-17T18:48:05Z,
173.234.227.253,ipv4,attack,high,WHITE,blocklist.de/all|blocklist.de/apache|blocklist.de/mail|ziyadnz/hourly-ipv4,blocklist.de|brute-force|apache|rfi|ddos|spam|mail|ziyadnz|hourly,2026-08-17T18:48:05Z,2026-08-17T18:48:05Z,
173.234.227.254,ipv4,attack,high,WHITE,blocklist.de/all|blocklist.de/apache|blocklist.de/mail|ziyadnz/hourly-ipv4,blocklist.de|brute-force|apache|rfi|ddos|spam|mail|ziyadnz|hourly,2026-08-17T18:48:05Z,2026-08-17T18:48:05Z,
173.234.227.255,ipv4,attack,high,WHITE,blocklist.de/all|blocklist.de/apache|blocklist.de/mail|ziyadnz/hourly-ipv4,blocklist.de|brute-force|apache|rfi|ddos|spam|mail|ziyadnz|hourly,2026-08-17T18:48:05Z,2026-08-17T18:48:05Z,
113.212.69.0,ipv4,attack,high,WHITE,blocklist.de/all|blocklist.de/apache|blocklist.de/mail|ziyadnz/hourly-ipv4,blocklist.de|brute-force|apache|rfi|ddos|spam|mail|ziyadnz|hourly,2026-08-17T18:48:05Z,2026-08-17T18:48:05Z,
113.212.69.1,ipv4,attack,high,WHITE,blocklist.de/all|blocklist.de/apache|blocklist.de/mail|ziyadnz/hourly-ipv4,blocklist.de|brute-force|apache|rfi|ddos|spam|mail|ziyadnz|hourly,2026-08-17T18:48:05Z,2026-08-17T18:48:05Z,
113.212.69.2,ipv4,attack,high,WHITE,blocklist.de/all|blocklist.de/apache|blocklist.de/mail|ziyadnz/hourly-ipv4,blocklist.de|brute-force|apache|rfi|ddos|spam|mail|ziyadnz|hourly,2026-08-17T18:48:05Z,2026-08-17T18:48:05Z,
113.212.69.3,ipv4,attack,high,WHITE,blocklist.de/all|blocklist.de/apache|blocklist.de/mail|ziyadnz/hourly-ipv4,blocklist.de|brute-force|apache|rfi|ddos|spam|mail|ziyadnz|hourly,2026-08-17T18:48:05Z,2026-08-17T18:48:05Z,
113.212.69.4,ipv4,attack,high,WHITE,blocklist.de/all|blocklist.de/apache|blocklist.de/mail|ziyadnz/hourly-ipv4,blocklist.de|brute-force|apache|rfi|ddos|spam|mail|ziyadnz|hourly,2026-08-17T18:48:05Z,2026-08-17T18:48:05Z,
113.212.69.5,ipv4,attack,high,WHITE,blocklist.de/all|blocklist.de/apache|blocklist.de/mail|ziyadnz/hourly-ipv4,blocklist.de|brute-force|apache|rfi|ddos|spam|mail|ziyadnz|hourly,2026-08-17T18:48:05Z,2026-08-17T18:48:05Z,
113.212.69.6,ipv4,attack,high,WHITE,blocklist.de/all|blocklist.de/apache|blocklist.de/mail|ziyadnz/hourly-ipv4,blocklist.de|brute-force|apache|rfi|ddos|spam|mail|ziyadnz|hourly,2026-08-17T18:48:05Z,2026-08-17T18:48:05Z,
113.212.69.7,ipv4,attack,high,WHITE,blocklist.de/all|blocklist.de/apache|blocklist.de/mail|ziyadnz/hourly-ipv4,blocklist.de|brute-force|apache|rfi|ddos|spam|mail|ziyadnz|hourly,2026-08-17T18:48:05Z,2026-08-17T18:48:05Z,
113.212.69.8,ipv4,attack,high,WHITE,blocklist.de/all|blocklist.de/apache|blocklist.de/mail|ziyadnz/hourly-ipv4,blocklist.de|brute-force|apache|rfi|ddos|spam|mail|ziyadnz|hourly,2026-08-17T18:48:05Z,2026-08-17T18:48:05Z,
113.212.69.9,ipv4,attack,high,WHITE,blocklist.de/all|blocklist.de/apache|blocklist.de/mail|ziyadnz/hourly-ipv4,blocklist.de|brute-force|apache|rfi|ddos|spam|mail|ziyadnz|hourly,2026-08-17T18:48:05Z,2026-08-17T18:48:05Z,
113.212.69.10,ipv4,attack,high,WHITE,blocklist.de/all|blocklist.de/apache|blocklist.de/mail|ziyadnz/hourly-ipv4,blocklist.de|brute-force|apache|rfi|ddos|spam|mail|ziyadnz|hourly,2026-08-17T18:48:05Z,2026-08-17T18:48:05Z,
113.212.69.11,ipv4,attack,high,WHITE,blocklist.de/all|blocklist.de/apache|blocklist.de/mail|ziyadnz/hourly-ipv4,blocklist.de|brute-force|apache|rfi|ddos|spam|mail|ziyadnz|hourly,2026-08-17T18:48:05Z,2026-08-17T18:48:05Z,
113.212.69.12,ipv4,attack,high,WHITE,blocklist.de/all|blocklist.de/apache|blocklist.de/mail|ziyadnz/hourly-ipv4,blocklist.de|brute-force|apache|rfi|ddos|spam|mail|ziyadnz|hourly,2026-08-17T18:48:05Z,2026-08-17T18:48:05Z,
113.212.69.13,ipv4,attack,high,WHITE,blocklist.de/all|blocklist.de/apache|blocklist.de/mail|ziyadnz/hourly-ipv4,blocklist.de|brute-force|apache|rfi|ddos|spam|mail|ziyadnz|hourly,2026-08-17T18:48:05Z,2026-08-17T18:48:05Z,
113.212.69.14,ipv4,attack,high,WHITE,blocklist.de/all|blocklist.de/apache|blocklist.de/mail|ziyadnz/hourly-ipv4,blocklist.de|brute-force|apache|rfi|ddos|spam|mail|ziyadnz|hourly,2026-08-17T18:48:05Z,2026-08-17T18:48:05Z,
113.212.69.15,ipv4,attack,high,WHITE,blocklist.de/all|blocklist.de/apache|blocklist.de/mail|ziyadnz/hourly-ipv4,blocklist.de|brute-force|apache|rfi|ddos|spam|mail|ziyadnz|hourly,2026-08-17T18:48:05Z,2026-08-17T18:48:05Z,
113.212.69.16,ipv4,attack,high,WHITE,blocklist.de/all|blocklist.de/apache|blocklist.de/mail|ziyadnz/hourly-ipv4,blocklist.de|brute-force|apache|rfi|ddos|spam|mail|ziyadnz|hourly,2026-08-17T18:48:05Z,2026-08-17T18:48:05Z,
113.212.69.17,ipv4,attack,high,WHITE,blocklist.de/all|blocklist.de/apache|blocklist.de/mail|ziyadnz/hourly-ipv4,blocklist.de|brute-force|apache|rfi|ddos|spam|mail|ziyadnz|hourly,2026-08-17T18:48:05Z,2026-08-17T18:48:05Z,
113.212.69.18,ipv4,attack,high,WHITE,blocklist.de/all|blocklist.de/apache|blocklist.de/mail|ziyadnz/hourly-ipv4,blocklist.de|brute-force|apache|rfi|ddos|spam|mail|ziyadnz|hourly,2026-08-17T18:48:05Z,2026-08-17T18:48:05Z,
113.212.69.19,ipv4,attack,high,WHITE,blocklist.de/all|blocklist.de/apache|blocklist.de/mail|ziyadnz/hourly-ipv4,blocklist.de|brute-force|apache|rfi|ddos|spam|mail|ziyadnz|hourly,2026-08-17T18:48:05Z,2026-08-17T18:48:05Z,
113.212.69.20,ipv4,attack,high,WHITE,blocklist.de/all|blocklist.de/apache|blocklist.de/mail|ziyadnz/hourly-ipv4,blocklist.de|brute-force|apache|rfi|ddos|spam|mail|ziyadnz|hourly,2026-08-17T18:48:05Z,2026-08-17T18:48:05Z,
113.212.69.21,ipv4,attack,high,WHITE,blocklist.de/all|blocklist.de/apache|blocklist.de/mail|ziyadnz/hourly-ipv4,blocklist.de|brute-force|apache|rfi|ddos|spam|mail|ziyadnz|hourly,2026-08-17T18:48:05Z,2026-08-17T18:48:05Z,
113.212.69.22,ipv4,attack,high,WHITE,blocklist.de/all|blocklist.de/apache|blocklist.de/mail|ziyadnz/hourly-ipv4,blocklist.de|brute-force|apache|rfi|ddos|spam|mail|ziyadnz|hourly,2026-08-17T18:48:05Z,2026-08-17T18:48:05Z,
113.212.69.23,ipv4,attack,high,WHITE,blocklist.de/all|blocklist.de/apache|blocklist.de/mail|ziyadnz/hourly-ipv4,blocklist.de|brute-force|apache|rfi|ddos|spam|mail|ziyadnz|hourly,2026-08-17T18:48:05Z,2026-08-17T18:48:05Z,
113.212.69.24,ipv4,attack,high,WHITE,blocklist.de/all|blocklist.de/apache|blocklist.de/mail|ziyadnz/hourly-ipv4,blocklist.de|brute-force|apache|rfi|ddos|spam|mail|ziyadnz|hourly,2026-08-17T18:48:05Z,2026-08-17T18:48:05Z,
113.212.69.25,ipv4,attack,high,WHITE,blocklist.de/all|blocklist.de/apache|blocklist.de/mail|ziyadnz/hourly-ipv4,blocklist.de|brute-force|apache|rfi|ddos|spam|mail|ziyadnz|hourly,2026-08-17T18:48:05Z,2026-08-17T18:48:05Z,
113.212.69.26,ipv4,attack,high,WHITE,blocklist.de/all|blocklist.de/apache|blocklist.de/mail|ziyadnz/hourly-ipv4,blocklist.de|brute-force|apache|rfi|ddos|spam|mail|ziyadnz|hourly,2026-08-17T18:48:05Z,2026-08-17T18:48:05Z,
113.212.69.27,ipv4,attack,high,WHITE,blocklist.de/all|blocklist.de/apache|blocklist.de/mail|ziyadnz/hourly-ipv4,blocklist.de|brute-force|apache|rfi|ddos|spam|mail|ziyadnz|hourly,2026-08-17T18:48:05Z,2026-08-17T18:48:05Z,
113.212.69.28,ipv4,attack,high,WHITE,blocklist.de/all|blocklist.de/apache|blocklist.de/mail|ziyadnz/hourly-ipv4,blocklist.de|brute-force|apache|rfi|ddos|spam|mail|ziyadnz|hourly,2026-08-17T18:48:05Z,2026-08-17T18:48:05Z,
113.212.69.29,ipv4,attack,high,WHITE,blocklist.de/all|blocklist.de/apache|blocklist.de/mail|ziyadnz/hourly-ipv4,blocklist.de|brute-force|apache|rfi|ddos|spam|mail|ziyadnz|hourly,2026-08-17T18:48:05Z,2026-08-17T18:48:05Z,
113.212.69.30,ipv4,attack,high,WHITE,blocklist.de/all|blocklist.de/apache|blocklist.de/mail|ziyadnz/hourly-ipv4,blocklist.de|brute-force|apache|rfi|ddos|spam|mail|ziyadnz|hourly,2026-08-17T18:48:05Z,2026-08-17T18:48:05Z,
113.212.69.31,ipv4,attack,high,WHITE,blocklist.de/all|blocklist.de/apache|blocklist.de/mail|ziyadnz/hourly-ipv4,blocklist.de|brute-force|apache|rfi|ddos|spam|mail|ziyadnz|hourly,2026-08-17T18:48:05Z,2026-08-17T18:48:05Z,
113.212.69.32,ipv4,attack,high,WHITE,blocklist.de/all|blocklist.de/apache|blocklist.de/mail|ziyadnz/hourly-ipv4,blocklist.de|brute-force|apache|rfi|ddos|spam|mail|ziyadnz|hourly,2026-08-17T18:48:05Z,2026-08-17T18:48:05Z,
113.212.69.33,ipv4,attack,high,WHITE,blocklist.de/all|blocklist.de/apache|blocklist.de/mail|ziyadnz/hourly-ipv4,blocklist.de|brute-force|apache|rfi|ddos|spam|mail|ziyadnz|hourly,2026-08-17T18:48:05Z,2026-08-17T18:48:05Z,
113.212.69.34,ipv4,attack,high,WHITE,blocklist.de/all|blocklist.de/apache|blocklist.de/mail|ziyadnz/hourly-ipv4,blocklist.de|brute-force|apache|rfi|ddos|spam|mail|ziyadnz|hourly,2026-08-17T18:48:05Z,2026-08-17T18:48:05Z,
113.212.69.35,ipv4,attack,high,WHITE,blocklist.de/all|blocklist.de/apache|blocklist.de/mail|ziyadnz/hourly-ipv4,blocklist.de|brute-force|apache|rfi|ddos|spam|mail|ziyadnz|hourly,2026-08-17T18:48:05Z,2026-08-17T18:48:05Z,
113.212.69.36,ipv4,attack,high,WHITE,blocklist.de/all|blocklist.de/apache|blocklist.de/mail|ziyadnz/hourly-ipv4,blocklist.de|brute-force|apache|rfi|ddos|spam|mail|ziyadnz|hourly,2026-08-17T18:48:05Z,2026-08-17T18:48:05Z,
113.212.69.37,ipv4,attack,high,WHITE,blocklist.de/all|blocklist.de/apache|blocklist.de/mail|ziyadnz/hourly-ipv4,blocklist.de|brute-force|apache|rfi|ddos|spam|mail|ziyadnz|hourly,2026-08-17T18:48:05Z,2026-08-17T18:48:05Z,
113.212.69.38,ipv4,attack,high,WHITE,blocklist.de/all|blocklist.de/apache|blocklist.de/mail|ziyadnz/hourly-ipv4,blocklist.de|brute-force|apache|rfi|ddos|spam|mail|ziyadnz|hourly,2026-08-17T18:48:05Z,2026-08-17T18:48:05Z,
113.212.69.39,ipv4,attack,high,WHITE,blocklist.de/all|blocklist.de/apache|blocklist.de/mail|ziyadnz/hourly-ipv4,blocklist.de|brute-force|apache|rfi|ddos|spam|mail|ziyadnz|hourly,2026-08-17T18:48:05Z,2026-08-17T18:48:05Z,
113.212.69.40,ipv4,attack,high,WHITE,blocklist.de/all|blocklist.de/apache|blocklist.de/mail|ziyadnz/hourly-ipv4,blocklist.de|brute-force|apache|rfi|ddos|spam|mail|ziyadnz|hourly,2026-08-17T18:48:05Z,2026-08-17T18:48:05Z,
113.212.69.41,ipv4,attack,high,WHITE,blocklist.de/all|blocklist.de/apache|blocklist.de/mail|ziyadnz/hourly-ipv4,blocklist.de|brute-force|apache|rfi|ddos|spam|mail|ziyadnz|hourly,2026-08-17T18:48:05Z,2026-08-17T18:48:05Z,
113.212.69.42,ipv4,attack,high,WHITE,blocklist.de/all|blocklist.de/apache|blocklist.de/mail|ziyadnz/hourly-ipv4,blocklist.de|brute-force|apache|rfi|ddos|spam|mail|ziyadnz|hourly,2026-08-17T18:48:05Z,2026-08-17T18:48:05Z,
113.212.69.43,ipv4,attack,high,WHITE,blocklist.de/all|blocklist.de/apache|blocklist.de/mail|ziyadnz/hourly-ipv4,blocklist.de|brute-force|apache|rfi|ddos|spam|mail|ziyadnz|hourly,2026-08-17T18:48:05Z,2026-08-17T18:48:05Z,
113.212.69.44,ipv4,attack,high,WHITE,blocklist.de/all|blocklist.de/apache|blocklist.de/mail|ziyadnz/hourly-ipv4,blocklist.de|brute-force|apache|rfi|ddos|spam|mail|ziyadnz|hourly,2026-08-17T18:48:05Z,2026-08-17T18:48:05Z,
113.212.69.45,ipv4,attack,high,WHITE,blocklist.de/all|blocklist.de/apache|blocklist.de/mail|ziyadnz/hourly-ipv4,blocklist.de|brute-force|apache|rfi|ddos|spam|mail|ziyadnz|hourly,2026-08-17T18:48:05Z,2026-08-17T18:48:05Z,
113.212.69.46,ipv4,attack,high,WHITE,blocklist.de/all|blocklist.de/apache|blocklist.de/mail|ziyadnz/hourly-ipv4,blocklist.de|brute-force|apache|rfi|ddos|spam|mail|ziyadnz|hourly,2026-08-17T18:48:05Z,2026-08-17T18:48:05Z,
113.212.69.47,ipv4,attack,high,WHITE,blocklist.de/all|blocklist.de/apache|blocklist.de/mail|ziyadnz/hourly-ipv4,blocklist.de|brute-force|apache|rfi|ddos|spam|mail|ziyadnz|hourly,2026-08-17T18:48:05Z,2026-08-17T18:48:05Z,
113.212.69.48,ipv4,attack,high,WHITE,blocklist.de/all|blocklist.de/apache|blocklist.de/mail|ziyadnz/hourly-ipv4,blocklist.de|brute-force|apache|rfi|ddos|spam|mail|ziyadnz|hourly,2026-08-17T18:48:05Z,2026-08-17T18:48:05Z,
113.212.69.49,ipv4,attack,high,WHITE,blocklist.de/all|blocklist.de/apache|blocklist.de/mail|ziyadnz/hourly-ipv4,blocklist.de|brute-force|apache|rfi|ddos|spam|mail|ziyadnz|hourly,2026-08-17T18:48:05Z,2026-08-17T18:48:05Z,
113.212.69.50,ipv4,attack,high,WHITE,blocklist.de/all|blocklist.de/apache|blocklist.de/mail|ziyadnz/hourly-ipv4,blocklist.de|brute-force|apache|rfi|ddos|spam|mail|ziyadnz|hourly,2026-08-17T18:48:05Z,2026-08-17T18:48:05Z,
113.212.69.51,ipv4,attack,high,WHITE,blocklist.de/all|blocklist.de/apache|blocklist.de/mail|ziyadnz/hourly-ipv4,blocklist.de|brute-force|apache|rfi|ddos|spam|mail|ziyadnz|hourly,2026-08-17T18:48:05Z,2026-08-17T18:48:05Z,
113.212.69.52,ipv4,attack,high,WHITE,blocklist.de/all|blocklist.de/apache|blocklist.de/mail|ziyadnz/hourly-ipv4,blocklist.de|brute-force|apache|rfi|ddos|spam|mail|ziyadnz|hourly,2026-08-17T18:48:05Z,2026-08-17T18:48:05Z,
113.212.69.53,ipv4,attack,high,WHITE,blocklist.de/all|blocklist.de/apache|blocklist.de/mail|ziyadnz/hourly-ipv4,blocklist.de|brute-force|apache|rfi|ddos|spam|mail|ziyadnz|hourly,2026-08-17T18:48:05Z,2026-08-17T18:48:05Z,
113.212.69.54,ipv4,attack,high,WHITE,blocklist.de/all|blocklist.de/apache|blocklist.de/mail|ziyadnz/hourly-ipv4,blocklist.de|brute-force|apache|rfi|ddos|spam|mail|ziyadnz|hourly,2026-08-17T18:48:05Z,2026-08-17T18:48:05Z,
113.212.69.55,ipv4,attack,high,WHITE,blocklist.de/all|blocklist.de/apache|blocklist.de/mail|ziyadnz/hourly-ipv4,blocklist.de|brute-force|apache|rfi|ddos|spam|mail|ziyadnz|hourly,2026-08-17T18:48:05Z,2026-08-17T18:48:05Z,
113.212.69.56,ipv4,attack,high,WHITE,blocklist.de/all|blocklist.de/apache|blocklist.de/mail|ziyadnz/hourly-ipv4,blocklist.de|brute-force|apache|rfi|ddos|spam|mail|ziyadnz|hourly,2026-08-17T18:48:05Z,2026-08-17T18:48:05Z,
113.212.69.57,ipv4,attack,high,WHITE,blocklist.de/all|blocklist.de/apache|blocklist.de/mail|ziyadnz/hourly-ipv4,blocklist.de|brute-force|apache|rfi|ddos|spam|mail|ziyadnz|hourly,2026-08-17T18:48:05Z,2026-08-17T18:48:05Z,
113.212.69.58,ipv4,attack,high,WHITE,blocklist.de/all|blocklist.de/apache|blocklist.de/mail|ziyadnz/hourly-ipv4,blocklist.de|brute-force|apache|rfi|ddos|spam|mail|ziyadnz|hourly,2026-08-17T18:48:05Z,2026-08-17T18:48:05Z,
113.212.69.59,ipv4,attack,high,WHITE,blocklist.de/all|blocklist.de/apache|blocklist.de/mail|ziyadnz/hourly-ipv4,blocklist.de|brute-force|apache|rfi|ddos|spam|mail|ziyadnz|hourly,2026-08-17T18:48:05Z,2026-08-17T18:48:05Z,
113.212.69.60,ipv4,attack,high,WHITE,blocklist.de/all|blocklist.de/apache|blocklist.de/mail|ziyadnz/hourly-ipv4,blocklist.de|brute-force|apache|rfi|ddos|spam|mail|ziyadnz|hourly,2026-08-17T18:48:05Z,2026-08-17T18:48:05Z,
113.212.69.61,ipv4,attack,high,WHITE,blocklist.de/all|blocklist.de/apache|blocklist.de/mail|ziyadnz/hourly-ipv4,blocklist.de|brute-force|apache|rfi|ddos|spam|mail|ziyadnz|hourly,2026-08-17T18:48:05Z,2026-08-17T18:48:05Z,
113.212.69.62,ipv4,attack,high,WHITE,blocklist.de/all|blocklist.de/apache|blocklist.de/mail|ziyadnz/hourly-ipv4,blocklist.de|brute-force|apache|rfi|ddos|spam|mail|ziyadnz|hourly,2026-08-17T18:48:05Z,2026-08-17T18:48:05Z,
113.212.69.63,ipv4,attack,high,WHITE,blocklist.de/all|blocklist.de/apache|blocklist.de/mail|ziyadnz/hourly-ipv4,blocklist.de|brute-force|apache|rfi|ddos|spam|mail|ziyadnz|hourly,2026-08-17T18:48:05Z,2026-08-17T18:48:05Z,
113.212.69.64,ipv4,attack,high,WHITE,blocklist.de/all|blocklist.de/apache|blocklist.de/mail|ziyadnz/hourly-ipv4,blocklist.de|brute-force|apache|rfi|ddos|spam|mail|ziyadnz|hourly,2026-08-17T18:48:05Z,2026-08-17T18:48:05Z,
113.212.69.65,ipv4,attack,high,WHITE,blocklist.de/all|blocklist.de/apache|blocklist.de/mail|ziyadnz/hourly-ipv4,blocklist.de|brute-force|apache|rfi|ddos|spam|mail|ziyadnz|hourly,2026-08-17T18:48:05Z,2026-08-17T18:48:05Z,
113.212.69.66,ipv4,attack,high,WHITE,blocklist.de/all|blocklist.de/apache|blocklist.de/mail|ziyadnz/hourly-ipv4,blocklist.de|brute-force|apache|rfi|ddos|spam|mail|ziyadnz|hourly,2026-08-17T18:48:05Z,2026-08-17T18:48:05Z,
113.212.69.67,ipv4,attack,high,WHITE,blocklist.de/all|blocklist.de/apache|blocklist.de/mail|ziyadnz/hourly-ipv4,blocklist.de|brute-force|apache|rfi|ddos|spam|mail|ziyadnz|hourly,2026-08-17T18:48:05Z,2026-08-17T18:48:05Z,
113.212.69.68,ipv4,attack,high,WHITE,blocklist.de/all|blocklist.de/apache|blocklist.de/mail|ziyadnz/hourly-ipv4,blocklist.de|brute-force|apache|rfi|ddos|spam|mail|ziyadnz|hourly,2026-08-17T18:48:05Z,2026-08-17T18:48:05Z,
113.212.69.69,ipv4,attack,high,WHITE,blocklist.de/all|blocklist.de/apache|blocklist.de/mail|ziyadnz/hourly-ipv4,blocklist.de|brute-force|apache|rfi|ddos|spam|mail|ziyadnz|hourly,2026-08-17T18:48:05Z,2026-08-17T18:48:05Z,
113.212.69.70,ipv4,attack,high,WHITE,blocklist.de/all|blocklist.de/apache|blocklist.de/mail|ziyadnz/hourly-ipv4,blocklist.de|brute-force|apache|rfi|ddos|spam|mail|ziyadnz|hourly,2026-08-17T18:48:05Z,2026-08-17T18:48:05Z,
113.212.69.71,ipv4,attack,high,WHITE,blocklist.de/all|blocklist.de/apache|blocklist.de/mail|ziyadnz/hourly-ipv4,blocklist.de|brute-force|apache|rfi|ddos|spam|mail|ziyadnz|hourly,2026-08-17T18:48:05Z,2026-08-17T18:48:05Z,
113.212.69.72,ipv4,attack,high,WHITE,blocklist.de/all|blocklist.de/apache|blocklist.de/mail|ziyadnz/hourly-ipv4,blocklist.de|brute-force|apache|rfi|ddos|spam|mail|ziyadnz|hourly,2026-08-17T18:48:05Z,2026-08-17T18:48:05Z,
113.212.69.73,ipv4,attack,high,WHITE,blocklist.de/all|blocklist.de/apache|blocklist.de/mail|ziyadnz/hourly-ipv4,blocklist.de|brute-force|apache|rfi|ddos|spam|mail|ziyadnz|hourly,2026-08-17T18:48:05Z,2026-08-17T18:48:05Z,
113.212.69.74,ipv4,attack,high,WHITE,blocklist.de/all|blocklist.de/apache|blocklist.de/mail|ziyadnz/hourly-ipv4,blocklist.de|brute-force|apache|rfi|ddos|spam|mail|ziyadnz|hourly,2026-08-17T18:48:05Z,2026-08-17T18:48:05Z,
113.212.69.75,ipv4,attack,high,WHITE,blocklist.de/all|blocklist.de/apache|blocklist.de/mail|ziyadnz/hourly-ipv4,blocklist.de|brute-force|apache|rfi|ddos|spam|mail|ziyadnz|hourly,2026-08-17T18:48:05Z,2026-08-17T18:48:05Z,
113.212.69.76,ipv4,attack,high,WHITE,blocklist.de/all|blocklist.de/apache|blocklist.de/mail|ziyadnz/hourly-ipv4,blocklist.de|brute-force|apache|rfi|ddos|spam|mail|ziyadnz|hourly,2026-08-17T18:48:05Z,2026-08-17T18:48:05Z,
113.212.69.77,ipv4,attack,high,WHITE,blocklist.de/all|blocklist.de/apache|blocklist.de/mail|ziyadnz/hourly-ipv4,blocklist.de|brute-force|apache|rfi|ddos|spam|mail|ziyadnz|hourly,2026-08-17T18:48:05Z,2026-08-17T18:48:05Z,
113.212.69.78,ipv4,attack,high,WHITE,blocklist.de/all|blocklist.de/apache|blocklist.de/mail|ziyadnz/hourly-ipv4,blocklist.de|brute-force|apache|rfi|ddos|spam|mail|ziyadnz|hourly,2026-08-17T18:48:05Z,2026-08-17T18:48:05Z,
113.212.69.79,ipv4,attack,high,WHITE,blocklist.de/all|blocklist.de/apache|blocklist.de/mail|ziyadnz/hourly-ipv4,blocklist.de|brute-force|apache|rfi|ddos|spam|mail|ziyadnz|hourly,2026-08-17T18:48:05Z,2026-08-17T18:48:05Z,
113.212.69.80,ipv4,attack,high,WHITE,blocklist.de/all|blocklist.de/apache|blocklist.de/mail|ziyadnz/hourly-ipv4,blocklist.de|brute-force|apache|rfi|ddos|spam|mail|ziyadnz|hourly,2026-08-17T18:48:05Z,2026-08-17T18:48:05Z,
113.212.69.81,ipv4,attack,high,WHITE,blocklist.de/all|blocklist.de/apache|blocklist.de/mail|ziyadnz/hourly-ipv4,blocklist.de|brute-force|apache|rfi|ddos|spam|mail|ziyadnz|hourly,2026-08-17T18:48:05Z,2026-08-17T18:48:05Z,
113.212.69.82,ipv4,attack,high,WHITE,blocklist.de/all|blocklist.de/apache|blocklist.de/mail|ziyadnz/hourly-ipv4,blocklist.de|brute-force|apache|rfi|ddos|spam|mail|ziyadnz|hourly,2026-08-17T18:48:05Z,2026-08-17T18:48:05Z,
113.212.69.83,ipv4,attack,high,WHITE,blocklist.de/all|blocklist.de/apache|blocklist.de/mail|ziyadnz/hourly-ipv4,blocklist.de|brute-force|apache|rfi|ddos|spam|mail|ziyadnz|hourly,2026-08-17T18:48:05Z,2026-08-17T18:48:05Z,
113.212.69.84,ipv4,attack,high,WHITE,blocklist.de/all|blocklist.de/apache|blocklist.de/mail|ziyadnz/hourly-ipv4,blocklist.de|brute-force|apache|rfi|ddos|spam|mail|ziyadnz|hourly,2026-08-17T18:48:05Z,2026-08-17T18:48:05Z,
113.212.69.85,ipv4,attack,high,WHITE,blocklist.de/all|blocklist.de/apache|blocklist.de/mail|ziyadnz/hourly-ipv4,blocklist.de|brute-force|apache|rfi|ddos|spam|mail|ziyadnz|hourly,2026-08-17T18:48:05Z,2026-08-17T18:48:05Z,
113.212.69.86,ipv4,attack,high,WHITE,blocklist.de/all|blocklist.de/apache|blocklist.de/mail|ziyadnz/hourly-ipv4,blocklist.de|brute-force|apache|rfi|ddos|spam|mail|ziyadnz|hourly,2026-08-17T18:48:05Z,2026-08-17T18:48:05Z,
113.212.69.87,ipv4,attack,high,WHITE,blocklist.de/all|blocklist.de/apache|blocklist.de/mail|ziyadnz/hourly-ipv4,blocklist.de|brute-force|apache|rfi|ddos|spam|mail|ziyadnz|hourly,2026-08-17T18:48:05Z,2026-08-17T18:48:05Z,
113.212.69.88,ipv4,attack,high,WHITE,blocklist.de/all|blocklist.de/apache|blocklist.de/mail|ziyadnz/hourly-ipv4,blocklist.de|brute-force|apache|rfi|ddos|spam|mail|ziyadnz|hourly,2026-08-17T18:48:05Z,2026-08-17T18:48:05Z,
113.212.69.89,ipv4,attack,high,WHITE,blocklist.de/all|blocklist.de/apache|blocklist.de/mail|ziyadnz/hourly-ipv4,blocklist.de|brute-force|apache|rfi|ddos|spam|mail|ziyadnz|hourly,2026-08-17T18:48:05Z,2026-08-17T18:48:05Z,
113.212.69.90,ipv4,attack,high,WHITE,blocklist.de/all|blocklist.de/apache|blocklist.de/mail|ziyadnz/hourly-ipv4,blocklist.de|brute-force|apache|rfi|ddos|spam|mail|ziyadnz|hourly,2026-08-17T18:48:05Z,2026-08-17T18:48:05Z,
113.212.69.91,ipv4,attack,high,WHITE,blocklist.de/all|blocklist.de/apache|blocklist.de/mail|ziyadnz/hourly-ipv4,blocklist.de|brute-force|apache|rfi|ddos|spam|mail|ziyadnz|hourly,2026-08-17T18:48:05Z,2026-08-17T18:48:05Z,
113.212.69.92,ipv4,attack,high,WHITE,blocklist.de/all|blocklist.de/apache|blocklist.de/mail|ziyadnz/hourly-ipv4,blocklist.de|brute-force|apache|rfi|ddos|spam|mail|ziyadnz|hourly,2026-08-17T18:48:05Z,2026-08-17T18:48:05Z,
113.212.69.93,ipv4,attack,high,WHITE,blocklist.de/all|blocklist.de/apache|blocklist.de/mail|ziyadnz/hourly-ipv4,blocklist.de|brute-force|apache|rfi|ddos|spam|mail|ziyadnz|hourly,2026-08-17T18:48:05Z,2026-08-17T18:48:05Z,
113.212.69.94,ipv4,attack,high,WHITE,blocklist.de/all|blocklist.de/apache|blocklist.de/mail|ziyadnz/hourly-ipv4,blocklist.de|brute-force|apache|rfi|ddos|spam|mail|ziyadnz|hourly,2026-08-17T18:48:05Z,2026-08-17T18:48:05Z,
113.212.69.95,ipv4,attack,high,WHITE,blocklist.de/all|blocklist.de/apache|blocklist.de/mail|ziyadnz/hourly-ipv4,blocklist.de|brute-force|apache|rfi|ddos|spam|mail|ziyadnz|hourly,2026-08-17T18:48:05Z,2026-08-17T18:48:05Z,
113.212.69.96,ipv4,attack,high,WHITE,blocklist.de/all|blocklist.de/apache|blocklist.de/mail|ziyadnz/hourly-ipv4,blocklist.de|brute-force|apache|rfi|ddos|spam|mail|ziyadnz|hourly,2026-08-17T18:48:05Z,2026-08-17T18:48:05Z,
113.212.69.97,ipv4,attack,high,WHITE,blocklist.de/all|blocklist.de/apache|blocklist.de/mail|ziyadnz/hourly-ipv4,blocklist.de|brute-force|apache|rfi|ddos|spam|mail|ziyadnz|hourly,2026-08-17T18:48:05Z,2026-08-17T18:48:05Z,
113.212.69.98,ipv4,attack,high,WHITE,blocklist.de/all|blocklist.de/apache|blocklist.de/mail|ziyadnz/hourly-ipv4,blocklist.de|brute-force|apache|rfi|ddos|spam|mail|ziyadnz|hourly,2026-08-17T18:48:05Z,2026-08-17T18:48:05Z,
113.212.69.99,ipv4,attack,high,WHITE,blocklist.de/all|blocklist.de/apache|blocklist.de/mail|ziyadnz/hourly-ipv4,blocklist.de|brute-force|apache|rfi|ddos|spam|mail|ziyadnz|hourly,2026-08-17T18:48:05Z,2026-08-17T18:48:05Z,
113.212.69.100,ipv4,attack,high,WHITE,blocklist.de/all|blocklist.de/apache|blocklist.de/mail|ziyadnz/hourly-ipv4,blocklist.de|brute-force|apache|rfi|ddos|spam|mail|ziyadnz|hourly,2026-08-17T18:48:05Z,2026-08-17T18:48:05Z,
113.212.69.101,ipv4,attack,high,WHITE,blocklist.de/all|blocklist.de/apache|blocklist.de/mail|ziyadnz/hourly-ipv4,blocklist.de|brute-force|apache|rfi|ddos|spam|mail|ziyadnz|hourly,2026-08-17T18:48:05Z,2026-08-17T18:48:05Z,
113.212.69.102,ipv4,attack,high,WHITE,blocklist.de/all|blocklist.de/apache|blocklist.de/mail|ziyadnz/hourly-ipv4,blocklist.de|brute-force|apache|rfi|ddos|spam|mail|ziyadnz|hourly,2026-08-17T18:48:05Z,2026-08-17T18:48:05Z,
113.212.69.103,ipv4,attack,high,WHITE,blocklist.de/all|blocklist.de/apache|blocklist.de/mail|ziyadnz/hourly-ipv4,blocklist.de|brute-force|apache|rfi|ddos|spam|mail|ziyadnz|hourly,2026-08-17T18:48:05Z,2026-08-17T18:48:05Z,
113.212.69.104,ipv4,attack,high,WHITE,blocklist.de/all|blocklist.de/apache|blocklist.de/mail|ziyadnz/hourly-ipv4,blocklist.de|brute-force|apache|rfi|ddos|spam|mail|ziyadnz|hourly,2026-08-17T18:48:05Z,2026-08-17T18:48:05Z,
113.212.69.105,ipv4,attack,high,WHITE,blocklist.de/all|blocklist.de/apache|blocklist.de/mail|ziyadnz/hourly-ipv4,blocklist.de|brute-force|apache|rfi|ddos|spam|mail|ziyadnz|hourly,2026-08-17T18:48:05Z,2026-08-17T18:48:05Z,
113.212.69.106,ipv4,attack,high,WHITE,blocklist.de/all|blocklist.de/apache|blocklist.de/mail|ziyadnz/hourly-ipv4,blocklist.de|brute-force|apache|rfi|ddos|spam|mail|ziyadnz|hourly,2026-08-17T18:48:05Z,2026-08-17T18:48:05Z,
113.212.69.107,ipv4,attack,high,WHITE,blocklist.de/all|blocklist.de/apache|blocklist.de/mail|ziyadnz/hourly-ipv4,blocklist.de|brute-force|apache|rfi|ddos|spam|mail|ziyadnz|hourly,2026-08-17T18:48:05Z,2026-08-17T18:48:05Z,
113.212.69.108,ipv4,attack,high,WHITE,blocklist.de/all|blocklist.de/apache|blocklist.de/mail|ziyadnz/hourly-ipv4,blocklist.de|brute-force|apache|rfi|ddos|spam|mail|ziyadnz|hourly,2026-08-17T18:48:05Z,2026-08-17T18:48:05Z,
113.212.69.109,ipv4,attack,high,WHITE,blocklist.de/all|blocklist.de/apache|blocklist.de/mail|ziyadnz/hourly-ipv4,blocklist.de|brute-force|apache|rfi|ddos|spam|mail|ziyadnz|hourly,2026-08-17T18:48:05Z,2026-08-17T18:48:05Z,
113.212.69.110,ipv4,attack,high,WHITE,blocklist.de/all|blocklist.de/apache|blocklist.de/mail|ziyadnz/hourly-ipv4,blocklist.de|brute-force|apache|rfi|ddos|spam|mail|ziyadnz|hourly,2026-08-17T18:48:05Z,2026-08-17T18:48:05Z,
113.212.69.111,ipv4,attack,high,WHITE,blocklist.de/all|blocklist.de/apache|blocklist.de/mail|ziyadnz/hourly-ipv4,blocklist.de|brute-force|apache|rfi|ddos|spam|mail|ziyadnz|hourly,2026-08-17T18:48:05Z,2026-08-17T18:48:05Z,
113.212.69.112,ipv4,attack,high,WHITE,blocklist.de/all|blocklist.de/apache|blocklist.de/mail|ziyadnz/hourly-ipv4,blocklist.de|brute-force|apache|rfi|ddos|spam|mail|ziyadnz|hourly,2026-08-17T18:48:05Z,2026-08-17T18:48:05Z,
113.212.69.113,ipv4,attack,high,WHITE,blocklist.de/all|blocklist.de/apache|blocklist.de/mail|ziyadnz/hourly-ipv4,blocklist.de|brute-force|apache|rfi|ddos|spam|mail|ziyadnz|hourly,2026-08-17T18:48:05Z,2026-08-17T18:48:05Z,
113.212.69.114,ipv4,attack,high,WHITE,blocklist.de/all|blocklist.de/apache|blocklist.de/mail|ziyadnz/hourly-ipv4,blocklist.de|brute-force|apache|rfi|ddos|spam|mail|ziyadnz|hourly,2026-08-17T18:48:05Z,2026-08-17T18:48:05Z,
113.212.69.115,ipv4,attack,high,WHITE,blocklist.de/all|blocklist.de/apache|blocklist.de/mail|ziyadnz/hourly-ipv4,blocklist.de|brute-force|apache|rfi|ddos|spam|mail|ziyadnz|hourly,2026-08-17T18:48:05Z,2026-08-17T18:48:05Z,
113.212.69.116,ipv4,attack,high,WHITE,blocklist.de/all|blocklist.de/apache|blocklist.de/mail|ziyadnz/hourly-ipv4,blocklist.de|brute-force|apache|rfi|ddos|spam|mail|ziyadnz|hourly,2026-08-17T18:48:05Z,2026-08-17T18:48:05Z,
113.212.69.117,ipv4,attack,high,WHITE,blocklist.de/all|blocklist.de/apache|blocklist.de/mail|ziyadnz/hourly-ipv4,blocklist.de|brute-force|apache|rfi|ddos|spam|mail|ziyadnz|hourly,2026-08-17T18:48:05Z,2026-08-17T18:48:05Z,
113.212.69.118,ipv4,attack,high,WHITE,blocklist.de/all|blocklist.de/apache|blocklist.de/mail|ziyadnz/hourly-ipv4,blocklist.de|brute-force|apache|rfi|ddos|spam|mail|ziyadnz|hourly,2026-08-17T18:48:05Z,2026-08-17T18:48:05Z,
113.212.69.119,ipv4,attack,high,WHITE,blocklist.de/all|blocklist.de/apache|blocklist.de/mail|ziyadnz/hourly-ipv4,blocklist.de|brute-force|apache|rfi|ddos|spam|mail|ziyadnz|hourly,2026-08-17T18:48:05Z,2026-08-17T18:48:05Z,
113.212.69.120,ipv4,attack,high,WHITE,blocklist.de/all|blocklist.de/apache|blocklist.de/mail|ziyadnz/hourly-ipv4,blocklist.de|brute-force|apache|rfi|ddos|spam|mail|ziyadnz|hourly,2026-08-17T18:48:05Z,2026-08-17T18:48:05Z,
113.212.69.121,ipv4,attack,high,WHITE,blocklist.de/all|blocklist.de/apache|blocklist.de/mail|ziyadnz/hourly-ipv4,blocklist.de|brute-force|apache|rfi|ddos|spam|mail|ziyadnz|hourly,2026-08-17T18:48:05Z,2026-08-17T18:48:05Z,
113.212.69.122,ipv4,attack,high,WHITE,blocklist.de/all|blocklist.de/apache|blocklist.de/mail|ziyadnz/hourly-ipv4,blocklist.de|brute-force|apache|rfi|ddos|spam|mail|ziyadnz|hourly,2026-08-17T18:48:05Z,2026-08-17T18:48:05Z,
113.212.69.123,ipv4,attack,high,WHITE,blocklist.de/all|blocklist.de/apache|blocklist.de/mail|ziyadnz/hourly-ipv4,blocklist.de|brute-force|apache|rfi|ddos|spam|mail|ziyadnz|hourly,2026-08-17T18:48:05Z,2026-08-17T18:48:05Z,
113.212.69.124,ipv4,attack,high,WHITE,blocklist.de/all|blocklist.de/apache|blocklist.de/mail|ziyadnz/hourly-ipv4,blocklist.de|brute-force|apache|rfi|ddos|spam|mail|ziyadnz|hourly,2026-08-17T18:48:05Z,2026-08-17T18:48:05Z,
113.212.69.125,ipv4,attack,high,WHITE,blocklist.de/all|blocklist.de/apache|blocklist.de/mail|ziyadnz/hourly-ipv4,blocklist.de|brute-force|apache|rfi|ddos|spam|mail|ziyadnz|hourly,2026-08-17T18:48:05Z,2026-08-17T18:48:05Z,
113.212.69.126,ipv4,attack,high,WHITE,blocklist.de/all|blocklist.de/apache|blocklist.de/mail|ziyadnz/hourly-ipv4,blocklist.de|brute-force|apache|rfi|ddos|spam|mail|ziyadnz|hourly,2026-08-17T18:48:05Z,2026-08-17T18:48:05Z,
113.212.69.127,ipv4,attack,high,WHITE,blocklist.de/all|blocklist.de/apache|blocklist.de/mail|ziyadnz/hourly-ipv4,blocklist.de|brute-force|apache|rfi|ddos|spam|mail|ziyadnz|hourly,2026-08-17T18:48:05Z,2026-08-17T18:48:05Z,
113.212.69.128,ipv4,attack,high,WHITE,blocklist.de/all|blocklist.de/apache|blocklist.de/mail|ziyadnz/hourly-ipv4,blocklist.de|brute-force|apache|rfi|ddos|spam|mail|ziyadnz|hourly,2026-08-17T18:48:05Z,2026-08-17T18:48:05Z,
113.212.69.129,ipv4,attack,high,WHITE,blocklist.de/all|blocklist.de/apache|blocklist.de/mail|ziyadnz/hourly-ipv4,blocklist.de|brute-force|apache|rfi|ddos|spam|mail|ziyadnz|hourly,2026-08-17T18:48:05Z,2026-08-17T18:48:05Z,
113.212.69.130,ipv4,attack,high,WHITE,blocklist.de/all|blocklist.de/apache|blocklist.de/mail|ziyadnz/hourly-ipv4,blocklist.de|brute-force|apache|rfi|ddos|spam|mail|ziyadnz|hourly,2026-08-17T18:48:05Z,2026-08-17T18:48:05Z,
113.212.69.131,ipv4,attack,high,WHITE,blocklist.de/all|blocklist.de/apache|blocklist.de/mail|ziyadnz/hourly-ipv4,blocklist.de|brute-force|apache|rfi|ddos|spam|mail|ziyadnz|hourly,2026-08-17T18:48:05Z,2026-08-17T18:48:05Z,
113.212.69.132,ipv4,attack,high,WHITE,blocklist.de/all|blocklist.de/apache|blocklist.de/mail|ziyadnz/hourly-ipv4,blocklist.de|brute-force|apache|rfi|ddos|spam|mail|ziyadnz|hourly,2026-08-17T18:48:05Z,2026-08-17T18:48:05Z,
113.212.69.133,ipv4,attack,high,WHITE,blocklist.de/all|blocklist.de/apache|blocklist.de/mail|ziyadnz/hourly-ipv4,blocklist.de|brute-force|apache|rfi|ddos|spam|mail|ziyadnz|hourly,2026-08-17T18:48:05Z,2026-08-17T18:48:05Z,
113.212.69.134,ipv4,attack,high,WHITE,blocklist.de/all|blocklist.de/apache|blocklist.de/mail|ziyadnz/hourly-ipv4,blocklist.de|brute-force|apache|rfi|ddos|spam|mail|ziyadnz|hourly,2026-08-17T18:48:05Z,2026-08-17T18:48:05Z,
113.212.69.135,ipv4,attack,high,WHITE,blocklist.de/all|blocklist.de/apache|blocklist.de/mail|ziyadnz/hourly-ipv4,blocklist.de|brute-force|apache|rfi|ddos|spam|mail|ziyadnz|hourly,2026-08-17T18:48:05Z,2026-08-17T18:48:05Z,
113.212.69.136,ipv4,attack,high,WHITE,blocklist.de/all|blocklist.de/apache|blocklist.de/mail|ziyadnz/hourly-ipv4,blocklist.de|brute-force|apache|rfi|ddos|spam|mail|ziyadnz|hourly,2026-08-17T18:48:05Z,2026-08-17T18:48:05Z,
113.212.69.137,ipv4,attack,high,WHITE,blocklist.de/all|blocklist.de/apache|blocklist.de/mail|ziyadnz/hourly-ipv4,blocklist.de|brute-force|apache|rfi|ddos|spam|mail|ziyadnz|hourly,2026-08-17T18:48:05Z,2026-08-17T18:48:05Z,
113.212.69.138,ipv4,attack,high,WHITE,blocklist.de/all|blocklist.de/apache|blocklist.de/mail|ziyadnz/hourly-ipv4,blocklist.de|brute-force|apache|rfi|ddos|spam|mail|ziyadnz|hourly,2026-08-17T18:48:05Z,2026-08-17T18:48:05Z,
113.212.69.139,ipv4,attack,high,WHITE,blocklist.de/all|blocklist.de/apache|blocklist.de/mail|ziyadnz/hourly-ipv4,blocklist.de|brute-force|apache|rfi|ddos|spam|mail|ziyadnz|hourly,2026-08-17T18:48:05Z,2026-08-17T18:48:05Z,
113.212.69.140,ipv4,attack,high,WHITE,blocklist.de/all|blocklist.de/apache|blocklist.de/mail|ziyadnz/hourly-ipv4,blocklist.de|brute-force|apache|rfi|ddos|spam|mail|ziyadnz|hourly,2026-08-17T18:48:05Z,2026-08-17T18:48:05Z,
113.212.69.141,ipv4,attack,high,WHITE,blocklist.de/all|blocklist.de/apache|blocklist.de/mail|ziyadnz/hourly-ipv4,blocklist.de|brute-force|apache|rfi|ddos|spam|mail|ziyadnz|hourly,2026-08-17T18:48:05Z,2026-08-17T18:48:05Z,
113.212.69.142,ipv4,attack,high,WHITE,blocklist.de/all|blocklist.de/apache|blocklist.de/mail|ziyadnz/hourly-ipv4,blocklist.de|brute-force|apache|rfi|ddos|spam|mail|ziyadnz|hourly,2026-08-17T18:48:05Z,2026-08-17T18:48:05Z,
113.212.69.143,ipv4,attack,high,WHITE,blocklist.de/all|blocklist.de/apache|blocklist.de/mail|ziyadnz/hourly-ipv4,blocklist.de|brute-force|apache|rfi|ddos|spam|mail|ziyadnz|hourly,2026-08-17T18:48:05Z,2026-08-17T18:48:05Z,
113.212.69.144,ipv4,attack,high,WHITE,blocklist.de/all|blocklist.de/apache|blocklist.de/mail|ziyadnz/hourly-ipv4,blocklist.de|brute-force|apache|rfi|ddos|spam|mail|ziyadnz|hourly,2026-08-17T18:48:05Z,2026-08-17T18:48:05Z,
113.212.69.145,ipv4,attack,high,WHITE,blocklist.de/all|blocklist.de/apache|blocklist.de/mail|ziyadnz/hourly-ipv4,blocklist.de|brute-force|apache|rfi|ddos|spam|mail|ziyadnz|hourly,2026-08-17T18:48:05Z,2026-08-17T18:48:05Z,
113.212.69.146,ipv4,attack,high,WHITE,blocklist.de/all|blocklist.de/apache|blocklist.de/mail|ziyadnz/hourly-ipv4,blocklist.de|brute-force|apache|rfi|ddos|spam|mail|ziyadnz|hourly,2026-08-17T18:48:05Z,2026-08-17T18:48:05Z,
113.212.69.147,ipv4,attack,high,WHITE,blocklist.de/all|blocklist.de/apache|blocklist.de/mail|ziyadnz/hourly-ipv4,blocklist.de|brute-force|apache|rfi|ddos|spam|mail|ziyadnz|hourly,2026-08-17T18:48:05Z,2026-08-17T18:48:05Z,
113.212.69.148,ipv4,attack,high,WHITE,blocklist.de/all|blocklist.de/apache|blocklist.de/mail|ziyadnz/hourly-ipv4,blocklist.de|brute-force|apache|rfi|ddos|spam|mail|ziyadnz|hourly,2026-08-17T18:48:05Z,2026-08-17T18:48:05Z,
113.212.69.149,ipv4,attack,high,WHITE,blocklist.de/all|blocklist.de/apache|blocklist.de/mail|ziyadnz/hourly-ipv4,blocklist.de|brute-force|apache|rfi|ddos|spam|mail|ziyadnz|hourly,2026-08-17T18:48:05Z,2026-08-17T18:48:05Z,
113.212.69.150,ipv4,attack,high,WHITE,blocklist.de/all|blocklist.de/apache|blocklist.de/mail|ziyadnz/hourly-ipv4,blocklist.de|brute-force|apache|rfi|ddos|spam|mail|ziyadnz|hourly,2026-08-17T18:48:05Z,2026-08-17T18:48:05Z,
113.212.69.151,ipv4,attack,high,WHITE,blocklist.de/all|blocklist.de/apache|blocklist.de/mail|ziyadnz/hourly-ipv4,blocklist.de|brute-force|apache|rfi|ddos|spam|mail|ziyadnz|hourly,2026-08-17T18:48:05Z,2026-08-17T18:48:05Z,
113.212.69.152,ipv4,attack,high,WHITE,blocklist.de/all|blocklist.de/apache|blocklist.de/mail|ziyadnz/hourly-ipv4,blocklist.de|brute-force|apache|rfi|ddos|spam|mail|ziyadnz|hourly,2026-08-17T18:48:05Z,2026-08-17T18:48:05Z,
113.212.69.153,ipv4,attack,high,WHITE,blocklist.de/all|blocklist.de/apache|blocklist.de/mail|ziyadnz/hourly-ipv4,blocklist.de|brute-force|apache|rfi|ddos|spam|mail|ziyadnz|hourly,2026-08-17T18:48:05Z,2026-08-17T18:48:05Z,
113.212.69.154,ipv4,attack,high,WHITE,blocklist.de/all|blocklist.de/apache|blocklist.de/mail|ziyadnz/hourly-ipv4,blocklist.de|brute-force|apache|rfi|ddos|spam|mail|ziyadnz|hourly,2026-08-17T18:48:05Z,2026-08-17T18:48:05Z,
113.212.69.155,ipv4,attack,high,WHITE,blocklist.de/all|blocklist.de/apache|blocklist.de/mail|ziyadnz/hourly-ipv4,blocklist.de|brute-force|apache|rfi|ddos|spam|mail|ziyadnz|hourly,2026-08-17T18:48:05Z,2026-08-17T18:48:05Z,
113.212.69.156,ipv4,attack,high,WHITE,blocklist.de/all|blocklist.de/apache|blocklist.de/mail|ziyadnz/hourly-ipv4,blocklist.de|brute-force|apache|rfi|ddos|spam|mail|ziyadnz|hourly,2026-08-17T18:48:05Z,2026-08-17T18:48:05Z,
113.212.69.157,ipv4,attack,high,WHITE,blocklist.de/all|blocklist.de/apache|blocklist.de/mail|ziyadnz/hourly-ipv4,blocklist.de|brute-force|apache|rfi|ddos|spam|mail|ziyadnz|hourly,2026-08-17T18:48:05Z,2026-08-17T18:48:05Z,
113.212.69.158,ipv4,attack,high,WHITE,blocklist.de/all|blocklist.de/apache|blocklist.de/mail|ziyadnz/hourly-ipv4,blocklist.de|brute-force|apache|rfi|ddos|spam|mail|ziyadnz|hourly,2026-08-17T18:48:05Z,2026-08-17T18:48:05Z,
113.212.69.159,ipv4,attack,high,WHITE,blocklist.de/all|blocklist.de/apache|blocklist.de/mail|ziyadnz/hourly-ipv4,blocklist.de|brute-force|apache|rfi|ddos|spam|mail|ziyadnz|hourly,2026-08-17T18:48:05Z,2026-08-17T18:48:05Z,
113.212.69.160,ipv4,attack,high,WHITE,blocklist.de/all|blocklist.de/apache|blocklist.de/mail|ziyadnz/hourly-ipv4,blocklist.de|brute-force|apache|rfi|ddos|spam|mail|ziyadnz|hourly,2026-08-17T18:48:05Z,2026-08-17T18:48:05Z,
113.212.69.161,ipv4,attack,high,WHITE,blocklist.de/all|blocklist.de/apache|blocklist.de/mail|ziyadnz/hourly-ipv4,blocklist.de|brute-force|apache|rfi|ddos|spam|mail|ziyadnz|hourly,2026-08-17T18:48:05Z,2026-08-17T18:48:05Z,
113.212.69.162,ipv4,attack,high,WHITE,blocklist.de/all|blocklist.de/apache|blocklist.de/mail|ziyadnz/hourly-ipv4,blocklist.de|brute-force|apache|rfi|ddos|spam|mail|ziyadnz|hourly,2026-08-17T18:48:05Z,2026-08-17T18:48:05Z,
113.212.69.163,ipv4,attack,high,WHITE,blocklist.de/all|blocklist.de/apache|blocklist.de/mail|ziyadnz/hourly-ipv4,blocklist.de|brute-force|apache|rfi|ddos|spam|mail|ziyadnz|hourly,2026-08-17T18:48:05Z,2026-08-17T18:48:05Z,
113.212.69.164,ipv4,attack,high,WHITE,blocklist.de/all|blocklist.de/apache|blocklist.de/mail|ziyadnz/hourly-ipv4,blocklist.de|brute-force|apache|rfi|ddos|spam|mail|ziyadnz|hourly,2026-08-17T18:48:05Z,2026-08-17T18:48:05Z,
113.212.69.165,ipv4,attack,high,WHITE,blocklist.de/all|blocklist.de/apache|blocklist.de/mail|ziyadnz/hourly-ipv4,blocklist.de|brute-force|apache|rfi|ddos|spam|mail|ziyadnz|hourly,2026-08-17T18:48:05Z,2026-08-17T18:48:05Z,
113.212.69.166,ipv4,attack,high,WHITE,blocklist.de/all|blocklist.de/apache|blocklist.de/mail|ziyadnz/hourly-ipv4,blocklist.de|brute-force|apache|rfi|ddos|spam|mail|ziyadnz|hourly,2026-08-17T18:48:05Z,2026-08-17T18:48:05Z,
113.212.69.167,ipv4,attack,high,WHITE,blocklist.de/all|blocklist.de/apache|blocklist.de/mail|ziyadnz/hourly-ipv4,blocklist.de|brute-force|apache|rfi|ddos|spam|mail|ziyadnz|hourly,2026-08-17T18:48:05Z,2026-08-17T18:48:05Z,
113.212.69.168,ipv4,attack,high,WHITE,blocklist.de/all|blocklist.de/apache|blocklist.de/mail|ziyadnz/hourly-ipv4,blocklist.de|brute-force|apache|rfi|ddos|spam|mail|ziyadnz|hourly,2026-08-17T18:48:05Z,2026-08-17T18:48:05Z,
113.212.69.169,ipv4,attack,high,WHITE,blocklist.de/all|blocklist.de/apache|blocklist.de/mail|ziyadnz/hourly-ipv4,blocklist.de|brute-force|apache|rfi|ddos|spam|mail|ziyadnz|hourly,2026-08-17T18:48:05Z,2026-08-17T18:48:05Z,
113.212.69.170,ipv4,attack,high,WHITE,blocklist.de/all|blocklist.de/apache|blocklist.de/mail|ziyadnz/hourly-ipv4,blocklist.de|brute-force|apache|rfi|ddos|spam|mail|ziyadnz|hourly,2026-08-17T18:48:05Z,2026-08-17T18:48:05Z,
113.212.69.171,ipv4,attack,high,WHITE,blocklist.de/all|blocklist.de/apache|blocklist.de/mail|ziyadnz/hourly-ipv4,blocklist.de|brute-force|apache|rfi|ddos|spam|mail|ziyadnz|hourly,2026-08-17T18:48:05Z,2026-08-17T18:48:05Z,
113.212.69.172,ipv4,attack,high,WHITE,blocklist.de/all|blocklist.de/apache|blocklist.de/mail|ziyadnz/hourly-ipv4,blocklist.de|brute-force|apache|rfi|ddos|spam|mail|ziyadnz|hourly,2026-08-17T18:48:05Z,2026-08-17T18:48:05Z,
113.212.69.173,ipv4,attack,high,WHITE,blocklist.de/all|blocklist.de/apache|blocklist.de/mail|ziyadnz/hourly-ipv4,blocklist.de|brute-force|apache|rfi|ddos|spam|mail|ziyadnz|hourly,2026-08-17T18:48:05Z,2026-08-17T18:48:05Z,
113.212.69.174,ipv4,attack,high,WHITE,blocklist.de/all|blocklist.de/apache|blocklist.de/mail|ziyadnz/hourly-ipv4,blocklist.de|brute-force|apache|rfi|ddos|spam|mail|ziyadnz|hourly,2026-08-17T18:48:05Z,2026-08-17T18:48:05Z,
113.212.69.175,ipv4,attack,high,WHITE,blocklist.de/all|blocklist.de/apache|blocklist.de/mail|ziyadnz/hourly-ipv4,blocklist.de|brute-force|apache|rfi|ddos|spam|mail|ziyadnz|hourly,2026-08-17T18:48:05Z,2026-08-17T18:48:05Z,
113.212.69.176,ipv4,attack,high,WHITE,blocklist.de/all|blocklist.de/apache|blocklist.de/mail|ziyadnz/hourly-ipv4,blocklist.de|brute-force|apache|rfi|ddos|spam|mail|ziyadnz|hourly,2026-08-17T18:48:05Z,2026-08-17T18:48:05Z,
113.212.69.177,ipv4,attack,high,WHITE,blocklist.de/all|blocklist.de/apache|blocklist.de/mail|ziyadnz/hourly-ipv4,blocklist.de|brute-force|apache|rfi|ddos|spam|mail|ziyadnz|hourly,2026-08-17T18:48:05Z,2026-08-17T18:48:05Z,
113.212.69.178,ipv4,attack,high,WHITE,blocklist.de/all|blocklist.de/apache|blocklist.de/mail|ziyadnz/hourly-ipv4,blocklist.de|brute-force|apache|rfi|ddos|spam|mail|ziyadnz|hourly,2026-08-17T18:48:05Z,2026-08-17T18:48:05Z,
113.212.69.179,ipv4,attack,high,WHITE,blocklist.de/all|blocklist.de/apache|blocklist.de/mail|ziyadnz/hourly-ipv4,blocklist.de|brute-force|apache|rfi|ddos|spam|mail|ziyadnz|hourly,2026-08-17T18:48:05Z,2026-08-17T18:48:05Z,
113.212.69.180,ipv4,attack,high,WHITE,blocklist.de/all|blocklist.de/apache|blocklist.de/mail|ziyadnz/hourly-ipv4,blocklist.de|brute-force|apache|rfi|ddos|spam|mail|ziyadnz|hourly,2026-08-17T18:48:05Z,2026-08-17T18:48:05Z,
113.212.69.181,ipv4,attack,high,WHITE,blocklist.de/all|blocklist.de/apache|blocklist.de/mail|ziyadnz/hourly-ipv4,blocklist.de|brute-force|apache|rfi|ddos|spam|mail|ziyadnz|hourly,2026-08-17T18:48:05Z,2026-08-17T18:48:05Z,
113.212.69.182,ipv4,attack,high,WHITE,blocklist.de/all|blocklist.de/apache|blocklist.de/mail|ziyadnz/hourly-ipv4,blocklist.de|brute-force|apache|rfi|ddos|spam|mail|ziyadnz|hourly,2026-08-17T18:48:05Z,2026-08-17T18:48:05Z,
113.212.69.183,ipv4,attack,high,WHITE,blocklist.de/all|blocklist.de/apache|blocklist.de/mail|ziyadnz/hourly-ipv4,blocklist.de|brute-force|apache|rfi|ddos|spam|mail|ziyadnz|hourly,2026-08-17T18:48:05Z,2026-08-17T18:48:05Z,
113.212.69.184,ipv4,attack,high,WHITE,blocklist.de/all|blocklist.de/apache|blocklist.de/mail|ziyadnz/hourly-ipv4,blocklist.de|brute-force|apache|rfi|ddos|spam|mail|ziyadnz|hourly,2026-08-17T18:48:05Z,2026-08-17T18:48:05Z,
113.212.69.185,ipv4,attack,high,WHITE,blocklist.de/all|blocklist.de/apache|blocklist.de/mail|ziyadnz/hourly-ipv4,blocklist.de|brute-force|apache|rfi|ddos|spam|mail|ziyadnz|hourly,2026-08-17T18:48:05Z,2026-08-17T18:48:05Z,
113.212.69.186,ipv4,attack,high,WHITE,blocklist.de/all|blocklist.de/apache|blocklist.de/mail|ziyadnz/hourly-ipv4,blocklist.de|brute-force|apache|rfi|ddos|spam|mail|ziyadnz|hourly,2026-08-17T18:48:05Z,2026-08-17T18:48:05Z,
113.212.69.187,ipv4,attack,high,WHITE,blocklist.de/all|blocklist.de/apache|blocklist.de/mail|ziyadnz/hourly-ipv4,blocklist.de|brute-force|apache|rfi|ddos|spam|mail|ziyadnz|hourly,2026-08-17T18:48:05Z,2026-08-17T18:48:05Z,
113.212.69.188,ipv4,attack,high,WHITE,blocklist.de/all|blocklist.de/apache|blocklist.de/mail|ziyadnz/hourly-ipv4,blocklist.de|brute-force|apache|rfi|ddos|spam|mail|ziyadnz|hourly,2026-08-17T18:48:05Z,2026-08-17T18:48:05Z,
113.212.69.189,ipv4,attack,high,WHITE,blocklist.de/all|blocklist.de/apache|blocklist.de/mail|ziyadnz/hourly-ipv4,blocklist.de|brute-force|apache|rfi|ddos|spam|mail|ziyadnz|hourly,2026-08-17T18:48:05Z,2026-08-17T18:48:05Z,
113.212.69.190,ipv4,attack,high,WHITE,blocklist.de/all|blocklist.de/apache|blocklist.de/mail|ziyadnz/hourly-ipv4,blocklist.de|brute-force|apache|rfi|ddos|spam|mail|ziyadnz|hourly,2026-08-17T18:48:05Z,2026-08-17T18:48:05Z,
113.212.69.191,ipv4,attack,high,WHITE,blocklist.de/all|blocklist.de/apache|blocklist.de/mail|ziyadnz/hourly-ipv4,blocklist.de|brute-force|apache|rfi|ddos|spam|mail|ziyadnz|hourly,2026-08-17T18:48:05Z,2026-08-17T18:48:05Z,
113.212.69.192,ipv4,attack,high,WHITE,blocklist.de/all|blocklist.de/apache|blocklist.de/mail|ziyadnz/hourly-ipv4,blocklist.de|brute-force|apache|rfi|ddos|spam|mail|ziyadnz|hourly,2026-08-17T18:48:05Z,2026-08-17T18:48:05Z,
113.212.69.193,ipv4,attack,high,WHITE,blocklist.de/all|blocklist.de/apache|blocklist.de/mail|ziyadnz/hourly-ipv4,blocklist.de|brute-force|apache|rfi|ddos|spam|mail|ziyadnz|hourly,2026-08-17T18:48:05Z,2026-08-17T18:48:05Z,
113.212.69.194,ipv4,attack,high,WHITE,blocklist.de/all|blocklist.de/apache|blocklist.de/mail|ziyadnz/hourly-ipv4,blocklist.de|brute-force|apache|rfi|ddos|spam|mail|ziyadnz|hourly,2026-08-17T18:48:05Z,2026-08-17T18:48:05Z,
113.212.69.195,ipv4,attack,high,WHITE,blocklist.de/all|blocklist.de/apache|blocklist.de/mail|ziyadnz/hourly-ipv4,blocklist.de|brute-force|apache|rfi|ddos|spam|mail|ziyadnz|hourly,2026-08-17T18:48:05Z,2026-08-17T18:48:05Z,
113.212.69.196,ipv4,attack,high,WHITE,blocklist.de/all|blocklist.de/apache|blocklist.de/mail|ziyadnz/hourly-ipv4,blocklist.de|brute-force|apache|rfi|ddos|spam|mail|ziyadnz|hourly,2026-08-17T18:48:05Z,2026-08-17T18:48:05Z,
113.212.69.197,ipv4,attack,high,WHITE,blocklist.de/all|blocklist.de/apache|blocklist.de/mail|ziyadnz/hourly-ipv4,blocklist.de|brute-force|apache|rfi|ddos|spam|mail|ziyadnz|hourly,2026-08-17T18:48:05Z,2026-08-17T18:48:05Z,
113.212.69.198,ipv4,attack,high,WHITE,blocklist.de/all|blocklist.de/apache|blocklist.de/mail|ziyadnz/hourly-ipv4,blocklist.de|brute-force|apache|rfi|ddos|spam|mail|ziyadnz|hourly,2026-08-17T18:48:05Z,2026-08-17T18:48:05Z,
113.212.69.199,ipv4,attack,high,WHITE,blocklist.de/all|blocklist.de/apache|blocklist.de/mail|ziyadnz/hourly-ipv4,blocklist.de|brute-force|apache|rfi|ddos|spam|mail|ziyadnz|hourly,2026-08-17T18:48:05Z,2026-08-17T18:48:05Z,
113.212.69.200,ipv4,attack,high,WHITE,blocklist.de/all|blocklist.de/apache|blocklist.de/mail|ziyadnz/hourly-ipv4,blocklist.de|brute-force|apache|rfi|ddos|spam|mail|ziyadnz|hourly,2026-08-17T18:48:05Z,2026-08-17T18:48:05Z,
113.212.69.201,ipv4,attack,high,WHITE,blocklist.de/all|blocklist.de/apache|blocklist.de/mail|ziyadnz/hourly-ipv4,blocklist.de|brute-force|apache|rfi|ddos|spam|mail|ziyadnz|hourly,2026-08-17T18:48:05Z,2026-08-17T18:48:05Z,
113.212.69.202,ipv4,attack,high,WHITE,blocklist.de/all|blocklist.de/apache|blocklist.de/mail|ziyadnz/hourly-ipv4,blocklist.de|brute-force|apache|rfi|ddos|spam|mail|ziyadnz|hourly,2026-08-17T18:48:05Z,2026-08-17T18:48:05Z,
113.212.69.203,ipv4,attack,high,WHITE,blocklist.de/all|blocklist.de/apache|blocklist.de/mail|ziyadnz/hourly-ipv4,blocklist.de|brute-force|apache|rfi|ddos|spam|mail|ziyadnz|hourly,2026-08-17T18:48:05Z,2026-08-17T18:48:05Z,
113.212.69.204,ipv4,attack,high,WHITE,blocklist.de/all|blocklist.de/apache|blocklist.de/mail|ziyadnz/hourly-ipv4,blocklist.de|brute-force|apache|rfi|ddos|spam|mail|ziyadnz|hourly,2026-08-17T18:48:05Z,2026-08-17T18:48:05Z,
113.212.69.205,ipv4,attack,high,WHITE,blocklist.de/all|blocklist.de/apache|blocklist.de/mail|ziyadnz/hourly-ipv4,blocklist.de|brute-force|apache|rfi|ddos|spam|mail|ziyadnz|hourly,2026-08-17T18:48:05Z,2026-08-17T18:48:05Z,
113.212.69.206,ipv4,attack,high,WHITE,blocklist.de/all|blocklist.de/apache|blocklist.de/mail|ziyadnz/hourly-ipv4,blocklist.de|brute-force|apache|rfi|ddos|spam|mail|ziyadnz|hourly,2026-08-17T18:48:05Z,2026-08-17T18:48:05Z,
113.212.69.207,ipv4,attack,high,WHITE,blocklist.de/all|blocklist.de/apache|blocklist.de/mail|ziyadnz/hourly-ipv4,blocklist.de|brute-force|apache|rfi|ddos|spam|mail|ziyadnz|hourly,2026-08-17T18:48:05Z,2026-08-17T18:48:05Z,
113.212.69.208,ipv4,attack,high,WHITE,blocklist.de/all|blocklist.de/apache|blocklist.de/mail|ziyadnz/hourly-ipv4,blocklist.de|brute-force|apache|rfi|ddos|spam|mail|ziyadnz|hourly,2026-08-17T18:48:05Z,2026-08-17T18:48:05Z,
113.212.69.209,ipv4,attack,high,WHITE,blocklist.de/all|blocklist.de/apache|blocklist.de/mail|ziyadnz/hourly-ipv4,blocklist.de|brute-force|apache|rfi|ddos|spam|mail|ziyadnz|hourly,2026-08-17T18:48:05Z,2026-08-17T18:48:05Z,
113.212.69.210,ipv4,attack,high,WHITE,blocklist.de/all|blocklist.de/apache|blocklist.de/mail|ziyadnz/hourly-ipv4,blocklist.de|brute-force|apache|rfi|ddos|spam|mail|ziyadnz|hourly,2026-08-17T18:48:05Z,2026-08-17T18:48:05Z,
113.212.69.211,ipv4,attack,high,WHITE,blocklist.de/all|blocklist.de/apache|blocklist.de/mail|ziyadnz/hourly-ipv4,blocklist.de|brute-force|apache|rfi|ddos|spam|mail|ziyadnz|hourly,2026-08-17T18:48:05Z,2026-08-17T18:48:05Z,
113.212.69.212,ipv4,attack,high,WHITE,blocklist.de/all|blocklist.de/apache|blocklist.de/mail|ziyadnz/hourly-ipv4,blocklist.de|brute-force|apache|rfi|ddos|spam|mail|ziyadnz|hourly,2026-08-17T18:48:05Z,2026-08-17T18:48:05Z,
113.212.69.213,ipv4,attack,high,WHITE,blocklist.de/all|blocklist.de/apache|blocklist.de/mail|ziyadnz/hourly-ipv4,blocklist.de|brute-force|apache|rfi|ddos|spam|mail|ziyadnz|hourly,2026-08-17T18:48:05Z,2026-08-17T18:48:05Z,
113.212.69.214,ipv4,attack,high,WHITE,blocklist.de/all|blocklist.de/apache|blocklist.de/mail|ziyadnz/hourly-ipv4,blocklist.de|brute-force|apache|rfi|ddos|spam|mail|ziyadnz|hourly,2026-08-17T18:48:05Z,2026-08-17T18:48:05Z,
113.212.69.215,ipv4,attack,high,WHITE,blocklist.de/all|blocklist.de/apache|blocklist.de/mail|ziyadnz/hourly-ipv4,blocklist.de|brute-force|apache|rfi|ddos|spam|mail|ziyadnz|hourly,2026-08-17T18:48:05Z,2026-08-17T18:48:05Z,
113.212.69.216,ipv4,attack,high,WHITE,blocklist.de/all|blocklist.de/apache|blocklist.de/mail|ziyadnz/hourly-ipv4,blocklist.de|brute-force|apache|rfi|ddos|spam|mail|ziyadnz|hourly,2026-08-17T18:48:05Z,2026-08-17T18:48:05Z,
113.212.69.217,ipv4,attack,high,WHITE,blocklist.de/all|blocklist.de/apache|blocklist.de/mail|ziyadnz/hourly-ipv4,blocklist.de|brute-force|apache|rfi|ddos|spam|mail|ziyadnz|hourly,2026-08-17T18:48:05Z,2026-08-17T18:48:05Z,
113.212.69.218,ipv4,attack,high,WHITE,blocklist.de/all|blocklist.de/apache|blocklist.de/mail|ziyadnz/hourly-ipv4,blocklist.de|brute-force|apache|rfi|ddos|spam|mail|ziyadnz|hourly,2026-08-17T18:48:05Z,2026-08-17T18:48:05Z,
113.212.69.219,ipv4,attack,high,WHITE,blocklist.de/all|blocklist.de/apache|blocklist.de/mail|ziyadnz/hourly-ipv4,blocklist.de|brute-force|apache|rfi|ddos|spam|mail|ziyadnz|hourly,2026-08-17T18:48:05Z,2026-08-17T18:48:05Z,
113.212.69.220,ipv4,attack,high,WHITE,blocklist.de/all|blocklist.de/apache|blocklist.de/mail|ziyadnz/hourly-ipv4,blocklist.de|brute-force|apache|rfi|ddos|spam|mail|ziyadnz|hourly,2026-08-17T18:48:05Z,2026-08-17T18:48:05Z,
113.212.69.221,ipv4,attack,high,WHITE,blocklist.de/all|blocklist.de/apache|blocklist.de/mail|ziyadnz/hourly-ipv4,blocklist.de|brute-force|apache|rfi|ddos|spam|mail|ziyadnz|hourly,2026-08-17T18:48:05Z,2026-08-17T18:48:05Z,
113.212.69.222,ipv4,attack,high,WHITE,blocklist.de/all|blocklist.de/apache|blocklist.de/mail|ziyadnz/hourly-ipv4,blocklist.de|brute-force|apache|rfi|ddos|spam|mail|ziyadnz|hourly,2026-08-17T18:48:05Z,2026-08-17T18:48:05Z,
113.212.69.223,ipv4,attack,high,WHITE,blocklist.de/all|blocklist.de/apache|blocklist.de/mail|ziyadnz/hourly-ipv4,blocklist.de|brute-force|apache|rfi|ddos|spam|mail|ziyadnz|hourly,2026-08-17T18:48:05Z,2026-08-17T18:48:05Z,
113.212.69.224,ipv4,attack,high,WHITE,blocklist.de/all|blocklist.de/apache|blocklist.de/mail|ziyadnz/hourly-ipv4,blocklist.de|brute-force|apache|rfi|ddos|spam|mail|ziyadnz|hourly,2026-08-17T18:48:05Z,2026-08-17T18:48:05Z,
113.212.69.225,ipv4,attack,high,WHITE,blocklist.de/all|blocklist.de/apache|blocklist.de/mail|ziyadnz/hourly-ipv4,blocklist.de|brute-force|apache|rfi|ddos|spam|mail|ziyadnz|hourly,2026-08-17T18:48:05Z,2026-08-17T18:48:05Z,
113.212.69.226,ipv4,attack,high,WHITE,blocklist.de/all|blocklist.de/apache|blocklist.de/mail|ziyadnz/hourly-ipv4,blocklist.de|brute-force|apache|rfi|ddos|spam|mail|ziyadnz|hourly,2026-08-17T18:48:05Z,2026-08-17T18:48:05Z,
113.212.69.227,ipv4,attack,high,WHITE,blocklist.de/all|blocklist.de/apache|blocklist.de/mail|ziyadnz/hourly-ipv4,blocklist.de|brute-force|apache|rfi|ddos|spam|mail|ziyadnz|hourly,2026-08-17T18:48:05Z,2026-08-17T18:48:05Z,
113.212.69.228,ipv4,attack,high,WHITE,blocklist.de/all|blocklist.de/apache|blocklist.de/mail|ziyadnz/hourly-ipv4,blocklist.de|brute-force|apache|rfi|ddos|spam|mail|ziyadnz|hourly,2026-08-17T18:48:05Z,2026-08-17T18:48:05Z,
113.212.69.229,ipv4,attack,high,WHITE,blocklist.de/all|blocklist.de/apache|blocklist.de/mail|ziyadnz/hourly-ipv4,blocklist.de|brute-force|apache|rfi|ddos|spam|mail|ziyadnz|hourly,2026-08-17T18:48:05Z,2026-08-17T18:48:05Z,
113.212.69.230,ipv4,attack,high,WHITE,blocklist.de/all|blocklist.de/apache|blocklist.de/mail|ziyadnz/hourly-ipv4,blocklist.de|brute-force|apache|rfi|ddos|spam|mail|ziyadnz|hourly,2026-08-17T18:48:05Z,2026-08-17T18:48:05Z,
113.212.69.231,ipv4,attack,high,WHITE,blocklist.de/all|blocklist.de/apache|blocklist.de/mail|ziyadnz/hourly-ipv4,blocklist.de|brute-force|apache|rfi|ddos|spam|mail|ziyadnz|hourly,2026-08-17T18:48:05Z,2026-08-17T18:48:05Z,
113.212.69.232,ipv4,attack,high,WHITE,blocklist.de/all|blocklist.de/apache|blocklist.de/mail|ziyadnz/hourly-ipv4,blocklist.de|brute-force|apache|rfi|ddos|spam|mail|ziyadnz|hourly,2026-08-17T18:48:05Z,2026-08-17T18:48:05Z,
113.212.69.233,ipv4,attack,high,WHITE,blocklist.de/all|blocklist.de/apache|blocklist.de/mail|ziyadnz/hourly-ipv4,blocklist.de|brute-force|apache|rfi|ddos|spam|mail|ziyadnz|hourly,2026-08-17T18:48:05Z,2026-08-17T18:48:05Z,
113.212.69.234,ipv4,attack,high,WHITE,blocklist.de/all|blocklist.de/apache|blocklist.de/mail|ziyadnz/hourly-ipv4,blocklist.de|brute-force|apache|rfi|ddos|spam|mail|ziyadnz|hourly,2026-08-17T18:48:05Z,2026-08-17T18:48:05Z,
113.212.69.235,ipv4,attack,high,WHITE,blocklist.de/all|blocklist.de/apache|blocklist.de/mail|ziyadnz/hourly-ipv4,blocklist.de|brute-force|apache|rfi|ddos|spam|mail|ziyadnz|hourly,2026-08-17T18:48:05Z,2026-08-17T18:48:05Z,
113.212.69.236,ipv4,attack,high,WHITE,blocklist.de/all|blocklist.de/apache|blocklist.de/mail|ziyadnz/hourly-ipv4,blocklist.de|brute-force|apache|rfi|ddos|spam|mail|ziyadnz|hourly,2026-08-17T18:48:05Z,2026-08-17T18:48:05Z,
113.212.69.237,ipv4,attack,high,WHITE,blocklist.de/all|blocklist.de/apache|blocklist.de/mail|ziyadnz/hourly-ipv4,blocklist.de|brute-force|apache|rfi|ddos|spam|mail|ziyadnz|hourly,2026-08-17T18:48:05Z,2026-08-17T18:48:05Z,
113.212.69.238,ipv4,attack,high,WHITE,blocklist.de/all|blocklist.de/apache|blocklist.de/mail|ziyadnz/hourly-ipv4,blocklist.de|brute-force|apache|rfi|ddos|spam|mail|ziyadnz|hourly,2026-08-17T18:48:05Z,2026-08-17T18:48:05Z,
113.212.69.239,ipv4,attack,high,WHITE,blocklist.de/all|blocklist.de/apache|blocklist.de/mail|ziyadnz/hourly-ipv4,blocklist.de|brute-force|apache|rfi|ddos|spam|mail|ziyadnz|hourly,2026-08-17T18:48:05Z,2026-08-17T18:48:05Z,
113.212.69.240,ipv4,attack,high,WHITE,blocklist.de/all|blocklist.de/apache|blocklist.de/mail|ziyadnz/hourly-ipv4,blocklist.de|brute-force|apache|rfi|ddos|spam|mail|ziyadnz|hourly,2026-08-17T18:48:05Z,2026-08-17T18:48:05Z,
113.212.69.241,ipv4,attack,high,WHITE,blocklist.de/all|blocklist.de/apache|blocklist.de/mail|ziyadnz/hourly-ipv4,blocklist.de|brute-force|apache|rfi|ddos|spam|mail|ziyadnz|hourly,2026-08-17T18:48:05Z,2026-08-17T18:48:05Z,
113.212.69.242,ipv4,attack,high,WHITE,blocklist.de/all|blocklist.de/apache|blocklist.de/mail|ziyadnz/hourly-ipv4,blocklist.de|brute-force|apache|rfi|ddos|spam|mail|ziyadnz|hourly,2026-08-17T18:48:05Z,2026-08-17T18:48:05Z,
113.212.69.243,ipv4,attack,high,WHITE,blocklist.de/all|blocklist.de/apache|blocklist.de/mail|ziyadnz/hourly-ipv4,blocklist.de|brute-force|apache|rfi|ddos|spam|mail|ziyadnz|hourly,2026-08-17T18:48:05Z,2026-08-17T18:48:05Z,
113.212.69.244,ipv4,attack,high,WHITE,blocklist.de/all|blocklist.de/apache|blocklist.de/mail|ziyadnz/hourly-ipv4,blocklist.de|brute-force|apache|rfi|ddos|spam|mail|ziyadnz|hourly,2026-08-17T18:48:05Z,2026-08-17T18:48:05Z,
113.212.69.245,ipv4,attack,high,WHITE,blocklist.de/all|blocklist.de/apache|blocklist.de/mail|ziyadnz/hourly-ipv4,blocklist.de|brute-force|apache|rfi|ddos|spam|mail|ziyadnz|hourly,2026-08-17T18:48:05Z,2026-08-17T18:48:05Z,
113.212.69.246,ipv4,attack,high,WHITE,blocklist.de/all|blocklist.de/apache|blocklist.de/mail|ziyadnz/hourly-ipv4,blocklist.de|brute-force|apache|rfi|ddos|spam|mail|ziyadnz|hourly,2026-08-17T18:48:05Z,2026-08-17T18:48:05Z,
113.212.69.247,ipv4,attack,high,WHITE,blocklist.de/all|blocklist.de/apache|blocklist.de/mail|ziyadnz/hourly-ipv4,blocklist.de|brute-force|apache|rfi|ddos|spam|mail|ziyadnz|hourly,2026-08-17T18:48:05Z,2026-08-17T18:48:05Z,
113.212.69.248,ipv4,attack,high,WHITE,blocklist.de/all|blocklist.de/apache|blocklist.de/mail|ziyadnz/hourly-ipv4,blocklist.de|brute-force|apache|rfi|ddos|spam|mail|ziyadnz|hourly,2026-08-17T18:48:05Z,2026-08-17T18:48:05Z,
113.212.69.249,ipv4,attack,high,WHITE,blocklist.de/all|blocklist.de/apache|blocklist.de/mail|ziyadnz/hourly-ipv4,blocklist.de|brute-force|apache|rfi|ddos|spam|mail|ziyadnz|hourly,2026-08-17T18:48:05Z,2026-08-17T18:48:05Z,
113.212.69.250,ipv4,attack,high,WHITE,blocklist.de/all|blocklist.de/apache|blocklist.de/mail|ziyadnz/hourly-ipv4,blocklist.de|brute-force|apache|rfi|ddos|spam|mail|ziyadnz|hourly,2026-08-17T18:48:05Z,2026-08-17T18:48:05Z,
113.212.69.251,ipv4,attack,high,WHITE,blocklist.de/all|blocklist.de/apache|blocklist.de/mail|ziyadnz/hourly-ipv4,blocklist.de|brute-force|apache|rfi|ddos|spam|mail|ziyadnz|hourly,2026-08-17T18:48:05Z,2026-08-17T18:48:05Z,
113.212.69.252,ipv4,attack,high,WHITE,blocklist.de/all|blocklist.de/apache|blocklist.de/mail|ziyadnz/hourly-ipv4,blocklist.de|brute-force|apache|rfi|ddos|spam|mail|ziyadnz|hourly,2026-08-17T18:48:05Z,2026-08-17T18:48:05Z,
113.212.69.253,ipv4,attack,high,WHITE,blocklist.de/all|blocklist.de/apache|blocklist.de/mail|ziyadnz/hourly-ipv4,blocklist.de|brute-force|apache|rfi|ddos|spam|mail|ziyadnz|hourly,2026-08-17T18:48:05Z,2026-08-17T18:48:05Z,
113.212.69.254,ipv4,attack,high,WHITE,blocklist.de/all|blocklist.de/apache|blocklist.de/mail|ziyadnz/hourly-ipv4,blocklist.de|brute-force|apache|rfi|ddos|spam|mail|ziyadnz|hourly,2026-08-17T18:48:05Z,2026-08-17T18:48:05Z,
113.212.69.255,ipv4,attack,high,WHITE,blocklist.de/all|blocklist.de/apache|blocklist.de/mail|ziyadnz/hourly-ipv4,blocklist.de|brute-force|apache|rfi|ddos|spam|mail|ziyadnz|hourly,2026-08-17T18:48:05Z,2026-08-17T18:48:05Z,
113.212.70.0,ipv4,attack,high,WHITE,blocklist.de/all|blocklist.de/apache|blocklist.de/mail|ziyadnz/hourly-ipv4,blocklist.de|brute-force|apache|rfi|ddos|spam|mail|ziyadnz|hourly,2026-08-17T18:48:05Z,2026-08-17T18:48:05Z,
113.212.70.1,ipv4,attack,high,WHITE,blocklist.de/all|blocklist.de/apache|blocklist.de/mail|ziyadnz/hourly-ipv4,blocklist.de|brute-force|apache|rfi|ddos|spam|mail|ziyadnz|hourly,2026-08-17T18:48:05Z,2026-08-17T18:48:05Z,
113.212.70.2,ipv4,attack,high,WHITE,blocklist.de/all|blocklist.de/apache|blocklist.de/mail|ziyadnz/hourly-ipv4,blocklist.de|brute-force|apache|rfi|ddos|spam|mail|ziyadnz|hourly,2026-08-17T18:48:05Z,2026-08-17T18:48:05Z,
113.212.70.3,ipv4,attack,high,WHITE,blocklist.de/all|blocklist.de/apache|blocklist.de/mail|ziyadnz/hourly-ipv4,blocklist.de|brute-force|apache|rfi|ddos|spam|mail|ziyadnz|hourly,2026-08-17T18:48:05Z,2026-08-17T18:48:05Z,
113.212.70.4,ipv4,attack,high,WHITE,blocklist.de/all|blocklist.de/apache|blocklist.de/mail|ziyadnz/hourly-ipv4,blocklist.de|brute-force|apache|rfi|ddos|spam|mail|ziyadnz|hourly,2026-08-17T18:48:05Z,2026-08-17T18:48:05Z,
113.212.70.5,ipv4,attack,high,WHITE,blocklist.de/all|blocklist.de/apache|blocklist.de/mail|ziyadnz/hourly-ipv4,blocklist.de|brute-force|apache|rfi|ddos|spam|mail|ziyadnz|hourly,2026-08-17T18:48:05Z,2026-08-17T18:48:05Z,
113.212.70.6,ipv4,attack,high,WHITE,blocklist.de/all|blocklist.de/apache|blocklist.de/mail|ziyadnz/hourly-ipv4,blocklist.de|brute-force|apache|rfi|ddos|spam|mail|ziyadnz|hourly,2026-08-17T18:48:05Z,2026-08-17T18:48:05Z,
113.212.70.7,ipv4,attack,high,WHITE,blocklist.de/all|blocklist.de/apache|blocklist.de/mail|ziyadnz/hourly-ipv4,blocklist.de|brute-force|apache|rfi|ddos|spam|mail|ziyadnz|hourly,2026-08-17T18:48:05Z,2026-08-17T18:48:05Z,
113.212.70.8,ipv4,attack,high,WHITE,blocklist.de/all|blocklist.de/apache|blocklist.de/mail|ziyadnz/hourly-ipv4,blocklist.de|brute-force|apache|rfi|ddos|spam|mail|ziyadnz|hourly,2026-08-17T18:48:05Z,2026-08-17T18:48:05Z,
113.212.70.9,ipv4,attack,high,WHITE,blocklist.de/all|blocklist.de/apache|blocklist.de/mail|ziyadnz/hourly-ipv4,blocklist.de|brute-force|apache|rfi|ddos|spam|mail|ziyadnz|hourly,2026-08-17T18:48:05Z,2026-08-17T18:48:05Z,
113.212.70.10,ipv4,attack,high,WHITE,blocklist.de/all|blocklist.de/apache|blocklist.de/mail|ziyadnz/hourly-ipv4,blocklist.de|brute-force|apache|rfi|ddos|spam|mail|ziyadnz|hourly,2026-08-17T18:48:05Z,2026-08-17T18:48:05Z,
113.212.70.11,ipv4,attack,high,WHITE,blocklist.de/all|blocklist.de/apache|blocklist.de/mail|ziyadnz/hourly-ipv4,blocklist.de|brute-force|apache|rfi|ddos|spam|mail|ziyadnz|hourly,2026-08-17T18:48:05Z,2026-08-17T18:48:05Z,
113.212.70.12,ipv4,attack,high,WHITE,blocklist.de/all|blocklist.de/apache|blocklist.de/mail|ziyadnz/hourly-ipv4,blocklist.de|brute-force|apache|rfi|ddos|spam|mail|ziyadnz|hourly,2026-08-17T18:48:05Z,2026-08-17T18:48:05Z,
113.212.70.13,ipv4,attack,high,WHITE,blocklist.de/all|blocklist.de/apache|blocklist.de/mail|ziyadnz/hourly-ipv4,blocklist.de|brute-force|apache|rfi|ddos|spam|mail|ziyadnz|hourly,2026-08-17T18:48:05Z,2026-08-17T18:48:05Z,
113.212.70.14,ipv4,attack,high,WHITE,blocklist.de/all|blocklist.de/apache|blocklist.de/mail|ziyadnz/hourly-ipv4,blocklist.de|brute-force|apache|rfi|ddos|spam|mail|ziyadnz|hourly,2026-08-17T18:48:05Z,2026-08-17T18:48:05Z,
113.212.70.15,ipv4,attack,high,WHITE,blocklist.de/all|blocklist.de/apache|blocklist.de/mail|ziyadnz/hourly-ipv4,blocklist.de|brute-force|apache|rfi|ddos|spam|mail|ziyadnz|hourly,2026-08-17T18:48:05Z,2026-08-17T18:48:05Z,
113.212.70.16,ipv4,attack,high,WHITE,blocklist.de/all|blocklist.de/apache|blocklist.de/mail|ziyadnz/hourly-ipv4,blocklist.de|brute-force|apache|rfi|ddos|spam|mail|ziyadnz|hourly,2026-08-17T18:48:05Z,2026-08-17T18:48:05Z,
113.212.70.17,ipv4,attack,high,WHITE,blocklist.de/all|blocklist.de/apache|blocklist.de/mail|ziyadnz/hourly-ipv4,blocklist.de|brute-force|apache|rfi|ddos|spam|mail|ziyadnz|hourly,2026-08-17T18:48:05Z,2026-08-17T18:48:05Z,
113.212.70.18,ipv4,attack,high,WHITE,blocklist.de/all|blocklist.de/apache|blocklist.de/mail|ziyadnz/hourly-ipv4,blocklist.de|brute-force|apache|rfi|ddos|spam|mail|ziyadnz|hourly,2026-08-17T18:48:05Z,2026-08-17T18:48:05Z,
113.212.70.19,ipv4,attack,high,WHITE,blocklist.de/all|blocklist.de/apache|blocklist.de/mail|ziyadnz/hourly-ipv4,blocklist.de|brute-force|apache|rfi|ddos|spam|mail|ziyadnz|hourly,2026-08-17T18:48:05Z,2026-08-17T18:48:05Z,
113.212.70.20,ipv4,attack,high,WHITE,blocklist.de/all|blocklist.de/apache|blocklist.de/mail|ziyadnz/hourly-ipv4,blocklist.de|brute-force|apache|rfi|ddos|spam|mail|ziyadnz|hourly,2026-08-17T18:48:05Z,2026-08-17T18:48:05Z,
113.212.70.21,ipv4,attack,high,WHITE,blocklist.de/all|blocklist.de/apache|blocklist.de/mail|ziyadnz/hourly-ipv4,blocklist.de|brute-force|apache|rfi|ddos|spam|mail|ziyadnz|hourly,2026-08-17T18:48:05Z,2026-08-17T18:48:05Z,
113.212.70.22,ipv4,attack,high,WHITE,blocklist.de/all|blocklist.de/apache|blocklist.de/mail|ziyadnz/hourly-ipv4,blocklist.de|brute-force|apache|rfi|ddos|spam|mail|ziyadnz|hourly,2026-08-17T18:48:05Z,2026-08-17T18:48:05Z,
113.212.70.23,ipv4,attack,high,WHITE,blocklist.de/all|blocklist.de/apache|blocklist.de/mail|ziyadnz/hourly-ipv4,blocklist.de|brute-force|apache|rfi|ddos|spam|mail|ziyadnz|hourly,2026-08-17T18:48:05Z,2026-08-17T18:48:05Z,
113.212.70.24,ipv4,attack,high,WHITE,blocklist.de/all|blocklist.de/apache|blocklist.de/mail|ziyadnz/hourly-ipv4,blocklist.de|brute-force|apache|rfi|ddos|spam|mail|ziyadnz|hourly,2026-08-17T18:48:05Z,2026-08-17T18:48:05Z,
113.212.70.25,ipv4,attack,high,WHITE,blocklist.de/all|blocklist.de/apache|blocklist.de/mail|ziyadnz/hourly-ipv4,blocklist.de|brute-force|apache|rfi|ddos|spam|mail|ziyadnz|hourly,2026-08-17T18:48:05Z,2026-08-17T18:48:05Z,
113.212.70.26,ipv4,attack,high,WHITE,blocklist.de/all|blocklist.de/apache|blocklist.de/mail|ziyadnz/hourly-ipv4,blocklist.de|brute-force|apache|rfi|ddos|spam|mail|ziyadnz|hourly,2026-08-17T18:48:05Z,2026-08-17T18:48:05Z,
113.212.70.27,ipv4,attack,high,WHITE,blocklist.de/all|blocklist.de/apache|blocklist.de/mail|ziyadnz/hourly-ipv4,blocklist.de|brute-force|apache|rfi|ddos|spam|mail|ziyadnz|hourly,2026-08-17T18:48:05Z,2026-08-17T18:48:05Z,
113.212.70.28,ipv4,attack,high,WHITE,blocklist.de/all|blocklist.de/apache|blocklist.de/mail|ziyadnz/hourly-ipv4,blocklist.de|brute-force|apache|rfi|ddos|spam|mail|ziyadnz|hourly,2026-08-17T18:48:05Z,2026-08-17T18:48:05Z,
113.212.70.29,ipv4,attack,high,WHITE,blocklist.de/all|blocklist.de/apache|blocklist.de/mail|ziyadnz/hourly-ipv4,blocklist.de|brute-force|apache|rfi|ddos|spam|mail|ziyadnz|hourly,2026-08-17T18:48:05Z,2026-08-17T18:48:05Z,
113.212.70.30,ipv4,attack,high,WHITE,blocklist.de/all|blocklist.de/apache|blocklist.de/mail|ziyadnz/hourly-ipv4,blocklist.de|brute-force|apache|rfi|ddos|spam|mail|ziyadnz|hourly,2026-08-17T18:48:05Z,2026-08-17T18:48:05Z,
113.212.70.31,ipv4,attack,high,WHITE,blocklist.de/all|blocklist.de/apache|blocklist.de/mail|ziyadnz/hourly-ipv4,blocklist.de|brute-force|apache|rfi|ddos|spam|mail|ziyadnz|hourly,2026-08-17T18:48:05Z,2026-08-17T18:48:05Z,
113.212.70.32,ipv4,attack,high,WHITE,blocklist.de/all|blocklist.de/apache|blocklist.de/mail|ziyadnz/hourly-ipv4,blocklist.de|brute-force|apache|rfi|ddos|spam|mail|ziyadnz|hourly,2026-08-17T18:48:05Z,2026-08-17T18:48:05Z,
113.212.70.33,ipv4,attack,high,WHITE,blocklist.de/all|blocklist.de/apache|blocklist.de/mail|ziyadnz/hourly-ipv4,blocklist.de|brute-force|apache|rfi|ddos|spam|mail|ziyadnz|hourly,2026-08-17T18:48:05Z,2026-08-17T18:48:05Z,
113.212.70.34,ipv4,attack,high,WHITE,blocklist.de/all|blocklist.de/apache|blocklist.de/mail|ziyadnz/hourly-ipv4,blocklist.de|brute-force|apache|rfi|ddos|spam|mail|ziyadnz|hourly,2026-08-17T18:48:05Z,2026-08-17T18:48:05Z,
113.212.70.35,ipv4,attack,high,WHITE,blocklist.de/all|blocklist.de/apache|blocklist.de/mail|ziyadnz/hourly-ipv4,blocklist.de|brute-force|apache|rfi|ddos|spam|mail|ziyadnz|hourly,2026-08-17T18:48:05Z,2026-08-17T18:48:05Z,
113.212.70.36,ipv4,attack,high,WHITE,blocklist.de/all|blocklist.de/apache|blocklist.de/mail|ziyadnz/hourly-ipv4,blocklist.de|brute-force|apache|rfi|ddos|spam|mail|ziyadnz|hourly,2026-08-17T18:48:05Z,2026-08-17T18:48:05Z,
113.212.70.37,ipv4,attack,high,WHITE,blocklist.de/all|blocklist.de/apache|blocklist.de/mail|ziyadnz/hourly-ipv4,blocklist.de|brute-force|apache|rfi|ddos|spam|mail|ziyadnz|hourly,2026-08-17T18:48:05Z,2026-08-17T18:48:05Z,
113.212.70.38,ipv4,attack,high,WHITE,blocklist.de/all|blocklist.de/apache|blocklist.de/mail|ziyadnz/hourly-ipv4,blocklist.de|brute-force|apache|rfi|ddos|spam|mail|ziyadnz|hourly,2026-08-17T18:48:05Z,2026-08-17T18:48:05Z,
113.212.70.39,ipv4,attack,high,WHITE,blocklist.de/all|blocklist.de/apache|blocklist.de/mail|ziyadnz/hourly-ipv4,blocklist.de|brute-force|apache|rfi|ddos|spam|mail|ziyadnz|hourly,2026-08-17T18:48:05Z,2026-08-17T18:48:05Z,
113.212.70.40,ipv4,attack,high,WHITE,blocklist.de/all|blocklist.de/apache|blocklist.de/mail|ziyadnz/hourly-ipv4,blocklist.de|brute-force|apache|rfi|ddos|spam|mail|ziyadnz|hourly,2026-08-17T18:48:05Z,2026-08-17T18:48:05Z,
113.212.70.41,ipv4,attack,high,WHITE,blocklist.de/all|blocklist.de/apache|blocklist.de/mail|ziyadnz/hourly-ipv4,blocklist.de|brute-force|apache|rfi|ddos|spam|mail|ziyadnz|hourly,2026-08-17T18:48:05Z,2026-08-17T18:48:05Z,
113.212.70.42,ipv4,attack,high,WHITE,blocklist.de/all|blocklist.de/apache|blocklist.de/mail|ziyadnz/hourly-ipv4,blocklist.de|brute-force|apache|rfi|ddos|spam|mail|ziyadnz|hourly,2026-08-17T18:48:05Z,2026-08-17T18:48:05Z,
113.212.70.43,ipv4,attack,high,WHITE,blocklist.de/all|blocklist.de/apache|blocklist.de/mail|ziyadnz/hourly-ipv4,blocklist.de|brute-force|apache|rfi|ddos|spam|mail|ziyadnz|hourly,2026-08-17T18:48:05Z,2026-08-17T18:48:05Z,
113.212.70.44,ipv4,attack,high,WHITE,blocklist.de/all|blocklist.de/apache|blocklist.de/mail|ziyadnz/hourly-ipv4,blocklist.de|brute-force|apache|rfi|ddos|spam|mail|ziyadnz|hourly,2026-08-17T18:48:05Z,2026-08-17T18:48:05Z,
113.212.70.45,ipv4,attack,high,WHITE,blocklist.de/all|blocklist.de/apache|blocklist.de/mail|ziyadnz/hourly-ipv4,blocklist.de|brute-force|apache|rfi|ddos|spam|mail|ziyadnz|hourly,2026-08-17T18:48:05Z,2026-08-17T18:48:05Z,
113.212.70.46,ipv4,attack,high,WHITE,blocklist.de/all|blocklist.de/apache|blocklist.de/mail|ziyadnz/hourly-ipv4,blocklist.de|brute-force|apache|rfi|ddos|spam|mail|ziyadnz|hourly,2026-08-17T18:48:05Z,2026-08-17T18:48:05Z,
113.212.70.47,ipv4,attack,high,WHITE,blocklist.de/all|blocklist.de/apache|blocklist.de/mail|ziyadnz/hourly-ipv4,blocklist.de|brute-force|apache|rfi|ddos|spam|mail|ziyadnz|hourly,2026-08-17T18:48:05Z,2026-08-17T18:48:05Z,
113.212.70.48,ipv4,attack,high,WHITE,blocklist.de/all|blocklist.de/apache|blocklist.de/mail|ziyadnz/hourly-ipv4,blocklist.de|brute-force|apache|rfi|ddos|spam|mail|ziyadnz|hourly,2026-08-17T18:48:05Z,2026-08-17T18:48:05Z,
113.212.70.49,ipv4,attack,high,WHITE,blocklist.de/all|blocklist.de/apache|blocklist.de/mail|ziyadnz/hourly-ipv4,blocklist.de|brute-force|apache|rfi|ddos|spam|mail|ziyadnz|hourly,2026-08-17T18:48:05Z,2026-08-17T18:48:05Z,
113.212.70.50,ipv4,attack,high,WHITE,blocklist.de/all|blocklist.de/apache|blocklist.de/mail|ziyadnz/hourly-ipv4,blocklist.de|brute-force|apache|rfi|ddos|spam|mail|ziyadnz|hourly,2026-08-17T18:48:05Z,2026-08-17T18:48:05Z,
113.212.70.51,ipv4,attack,high,WHITE,blocklist.de/all|blocklist.de/apache|blocklist.de/mail|ziyadnz/hourly-ipv4,blocklist.de|brute-force|apache|rfi|ddos|spam|mail|ziyadnz|hourly,2026-08-17T18:48:05Z,2026-08-17T18:48:05Z,
113.212.70.52,ipv4,attack,high,WHITE,blocklist.de/all|blocklist.de/apache|blocklist.de/mail|ziyadnz/hourly-ipv4,blocklist.de|brute-force|apache|rfi|ddos|spam|mail|ziyadnz|hourly,2026-08-17T18:48:05Z,2026-08-17T18:48:05Z,
113.212.70.53,ipv4,attack,high,WHITE,blocklist.de/all|blocklist.de/apache|blocklist.de/mail|ziyadnz/hourly-ipv4,blocklist.de|brute-force|apache|rfi|ddos|spam|mail|ziyadnz|hourly,2026-08-17T18:48:05Z,2026-08-17T18:48:05Z,
113.212.70.54,ipv4,attack,high,WHITE,blocklist.de/all|blocklist.de/apache|blocklist.de/mail|ziyadnz/hourly-ipv4,blocklist.de|brute-force|apache|rfi|ddos|spam|mail|ziyadnz|hourly,2026-08-17T18:48:05Z,2026-08-17T18:48:05Z,
113.212.70.55,ipv4,attack,high,WHITE,blocklist.de/all|blocklist.de/apache|blocklist.de/mail|ziyadnz/hourly-ipv4,blocklist.de|brute-force|apache|rfi|ddos|spam|mail|ziyadnz|hourly,2026-08-17T18:48:05Z,2026-08-17T18:48:05Z,
113.212.70.56,ipv4,attack,high,WHITE,blocklist.de/all|blocklist.de/apache|blocklist.de/mail|ziyadnz/hourly-ipv4,blocklist.de|brute-force|apache|rfi|ddos|spam|mail|ziyadnz|hourly,2026-08-17T18:48:05Z,2026-08-17T18:48:05Z,
113.212.70.57,ipv4,attack,high,WHITE,blocklist.de/all|blocklist.de/apache|blocklist.de/mail|ziyadnz/hourly-ipv4,blocklist.de|brute-force|apache|rfi|ddos|spam|mail|ziyadnz|hourly,2026-08-17T18:48:05Z,2026-08-17T18:48:05Z,
113.212.70.58,ipv4,attack,high,WHITE,blocklist.de/all|blocklist.de/apache|blocklist.de/mail|ziyadnz/hourly-ipv4,blocklist.de|brute-force|apache|rfi|ddos|spam|mail|ziyadnz|hourly,2026-08-17T18:48:05Z,2026-08-17T18:48:05Z,
113.212.70.59,ipv4,attack,high,WHITE,blocklist.de/all|blocklist.de/apache|blocklist.de/mail|ziyadnz/hourly-ipv4,blocklist.de|brute-force|apache|rfi|ddos|spam|mail|ziyadnz|hourly,2026-08-17T18:48:05Z,2026-08-17T18:48:05Z,
113.212.70.60,ipv4,attack,high,WHITE,blocklist.de/all|blocklist.de/apache|blocklist.de/mail|ziyadnz/hourly-ipv4,blocklist.de|brute-force|apache|rfi|ddos|spam|mail|ziyadnz|hourly,2026-08-17T18:48:05Z,2026-08-17T18:48:05Z,
113.212.70.61,ipv4,attack,high,WHITE,blocklist.de/all|blocklist.de/apache|blocklist.de/mail|ziyadnz/hourly-ipv4,blocklist.de|brute-force|apache|rfi|ddos|spam|mail|ziyadnz|hourly,2026-08-17T18:48:05Z,2026-08-17T18:48:05Z,
113.212.70.62,ipv4,attack,high,WHITE,blocklist.de/all|blocklist.de/apache|blocklist.de/mail|ziyadnz/hourly-ipv4,blocklist.de|brute-force|apache|rfi|ddos|spam|mail|ziyadnz|hourly,2026-08-17T18:48:05Z,2026-08-17T18:48:05Z,
113.212.70.63,ipv4,attack,high,WHITE,blocklist.de/all|blocklist.de/apache|blocklist.de/mail|ziyadnz/hourly-ipv4,blocklist.de|brute-force|apache|rfi|ddos|spam|mail|ziyadnz|hourly,2026-08-17T18:48:05Z,2026-08-17T18:48:05Z,
113.212.70.64,ipv4,attack,high,WHITE,blocklist.de/all|blocklist.de/apache|blocklist.de/mail|ziyadnz/hourly-ipv4,blocklist.de|brute-force|apache|rfi|ddos|spam|mail|ziyadnz|hourly,2026-08-17T18:48:05Z,2026-08-17T18:48:05Z,
113.212.70.65,ipv4,attack,high,WHITE,blocklist.de/all|blocklist.de/apache|blocklist.de/mail|ziyadnz/hourly-ipv4,blocklist.de|brute-force|apache|rfi|ddos|spam|mail|ziyadnz|hourly,2026-08-17T18:48:05Z,2026-08-17T18:48:05Z,
113.212.70.66,ipv4,attack,high,WHITE,blocklist.de/all|blocklist.de/apache|blocklist.de/mail|ziyadnz/hourly-ipv4,blocklist.de|brute-force|apache|rfi|ddos|spam|mail|ziyadnz|hourly,2026-08-17T18:48:05Z,2026-08-17T18:48:05Z,
113.212.70.67,ipv4,attack,high,WHITE,blocklist.de/all|blocklist.de/apache|blocklist.de/mail|ziyadnz/hourly-ipv4,blocklist.de|brute-force|apache|rfi|ddos|spam|mail|ziyadnz|hourly,2026-08-17T18:48:05Z,2026-08-17T18:48:05Z,
113.212.70.68,ipv4,attack,high,WHITE,blocklist.de/all|blocklist.de/apache|blocklist.de/mail|ziyadnz/hourly-ipv4,blocklist.de|brute-force|apache|rfi|ddos|spam|mail|ziyadnz|hourly,2026-08-17T18:48:05Z,2026-08-17T18:48:05Z,
113.212.70.69,ipv4,attack,high,WHITE,blocklist.de/all|blocklist.de/apache|blocklist.de/mail|ziyadnz/hourly-ipv4,blocklist.de|brute-force|apache|rfi|ddos|spam|mail|ziyadnz|hourly,2026-08-17T18:48:05Z,2026-08-17T18:48:05Z,
113.212.70.70,ipv4,attack,high,WHITE,blocklist.de/all|blocklist.de/apache|blocklist.de/mail|ziyadnz/hourly-ipv4,blocklist.de|brute-force|apache|rfi|ddos|spam|mail|ziyadnz|hourly,2026-08-17T18:48:05Z,2026-08-17T18:48:05Z,
113.212.70.71,ipv4,attack,high,WHITE,blocklist.de/all|blocklist.de/apache|blocklist.de/mail|ziyadnz/hourly-ipv4,blocklist.de|brute-force|apache|rfi|ddos|spam|mail|ziyadnz|hourly,2026-08-17T18:48:05Z,2026-08-17T18:48:05Z,
113.212.70.72,ipv4,attack,high,WHITE,blocklist.de/all|blocklist.de/apache|blocklist.de/mail|ziyadnz/hourly-ipv4,blocklist.de|brute-force|apache|rfi|ddos|spam|mail|ziyadnz|hourly,2026-08-17T18:48:05Z,2026-08-17T18:48:05Z,
113.212.70.73,ipv4,attack,high,WHITE,blocklist.de/all|blocklist.de/apache|blocklist.de/mail|ziyadnz/hourly-ipv4,blocklist.de|brute-force|apache|rfi|ddos|spam|mail|ziyadnz|hourly,2026-08-17T18:48:05Z,2026-08-17T18:48:05Z,
113.212.70.74,ipv4,attack,high,WHITE,blocklist.de/all|blocklist.de/apache|blocklist.de/mail|ziyadnz/hourly-ipv4,blocklist.de|brute-force|apache|rfi|ddos|spam|mail|ziyadnz|hourly,2026-08-17T18:48:05Z,2026-08-17T18:48:05Z,
113.212.70.75,ipv4,attack,high,WHITE,blocklist.de/all|blocklist.de/apache|blocklist.de/mail|ziyadnz/hourly-ipv4,blocklist.de|brute-force|apache|rfi|ddos|spam|mail|ziyadnz|hourly,2026-08-17T18:48:05Z,2026-08-17T18:48:05Z,
113.212.70.76,ipv4,attack,high,WHITE,blocklist.de/all|blocklist.de/apache|blocklist.de/mail|ziyadnz/hourly-ipv4,blocklist.de|brute-force|apache|rfi|ddos|spam|mail|ziyadnz|hourly,2026-08-17T18:48:05Z,2026-08-17T18:48:05Z,
113.212.70.77,ipv4,attack,high,WHITE,blocklist.de/all|blocklist.de/apache|blocklist.de/mail|ziyadnz/hourly-ipv4,blocklist.de|brute-force|apache|rfi|ddos|spam|mail|ziyadnz|hourly,2026-08-17T18:48:05Z,2026-08-17T18:48:05Z,
113.212.70.78,ipv4,attack,high,WHITE,blocklist.de/all|blocklist.de/apache|blocklist.de/mail|ziyadnz/hourly-ipv4,blocklist.de|brute-force|apache|rfi|ddos|spam|mail|ziyadnz|hourly,2026-08-17T18:48:05Z,2026-08-17T18:48:05Z,
113.212.70.79,ipv4,attack,high,WHITE,blocklist.de/all|blocklist.de/apache|blocklist.de/mail|ziyadnz/hourly-ipv4,blocklist.de|brute-force|apache|rfi|ddos|spam|mail|ziyadnz|hourly,2026-08-17T18:48:05Z,2026-08-17T18:48:05Z,
113.212.70.80,ipv4,attack,high,WHITE,blocklist.de/all|blocklist.de/apache|blocklist.de/mail|ziyadnz/hourly-ipv4,blocklist.de|brute-force|apache|rfi|ddos|spam|mail|ziyadnz|hourly,2026-08-17T18:48:05Z,2026-08-17T18:48:05Z,
113.212.70.81,ipv4,attack,high,WHITE,blocklist.de/all|blocklist.de/apache|blocklist.de/mail|ziyadnz/hourly-ipv4,blocklist.de|brute-force|apache|rfi|ddos|spam|mail|ziyadnz|hourly,2026-08-17T18:48:05Z,2026-08-17T18:48:05Z,
113.212.70.82,ipv4,attack,high,WHITE,blocklist.de/all|blocklist.de/apache|blocklist.de/mail|ziyadnz/hourly-ipv4,blocklist.de|brute-force|apache|rfi|ddos|spam|mail|ziyadnz|hourly,2026-08-17T18:48:05Z,2026-08-17T18:48:05Z,
113.212.70.83,ipv4,attack,high,WHITE,blocklist.de/all|blocklist.de/apache|blocklist.de/mail|ziyadnz/hourly-ipv4,blocklist.de|brute-force|apache|rfi|ddos|spam|mail|ziyadnz|hourly,2026-08-17T18:48:05Z,2026-08-17T18:48:05Z,
113.212.70.84,ipv4,attack,high,WHITE,blocklist.de/all|blocklist.de/apache|blocklist.de/mail|ziyadnz/hourly-ipv4,blocklist.de|brute-force|apache|rfi|ddos|spam|mail|ziyadnz|hourly,2026-08-17T18:48:05Z,2026-08-17T18:48:05Z,
113.212.70.85,ipv4,attack,high,WHITE,blocklist.de/all|blocklist.de/apache|blocklist.de/mail|ziyadnz/hourly-ipv4,blocklist.de|brute-force|apache|rfi|ddos|spam|mail|ziyadnz|hourly,2026-08-17T18:48:05Z,2026-08-17T18:48:05Z,
113.212.70.86,ipv4,attack,high,WHITE,blocklist.de/all|blocklist.de/apache|blocklist.de/mail|ziyadnz/hourly-ipv4,blocklist.de|brute-force|apache|rfi|ddos|spam|mail|ziyadnz|hourly,2026-08-17T18:48:05Z,2026-08-17T18:48:05Z,
113.212.70.87,ipv4,attack,high,WHITE,blocklist.de/all|blocklist.de/apache|blocklist.de/mail|ziyadnz/hourly-ipv4,blocklist.de|brute-force|apache|rfi|ddos|spam|mail|ziyadnz|hourly,2026-08-17T18:48:05Z,2026-08-17T18:48:05Z,
113.212.70.88,ipv4,attack,high,WHITE,blocklist.de/all|blocklist.de/apache|blocklist.de/mail|ziyadnz/hourly-ipv4,blocklist.de|brute-force|apache|rfi|ddos|spam|mail|ziyadnz|hourly,2026-08-17T18:48:05Z,2026-08-17T18:48:05Z,
113.212.70.89,ipv4,attack,high,WHITE,blocklist.de/all|blocklist.de/apache|blocklist.de/mail|ziyadnz/hourly-ipv4,blocklist.de|brute-force|apache|rfi|ddos|spam|mail|ziyadnz|hourly,2026-08-17T18:48:05Z,2026-08-17T18:48:05Z,
113.212.70.90,ipv4,attack,high,WHITE,blocklist.de/all|blocklist.de/apache|blocklist.de/mail|ziyadnz/hourly-ipv4,blocklist.de|brute-force|apache|rfi|ddos|spam|mail|ziyadnz|hourly,2026-08-17T18:48:05Z,2026-08-17T18:48:05Z,
113.212.70.91,ipv4,attack,high,WHITE,blocklist.de/all|blocklist.de/apache|blocklist.de/mail|ziyadnz/hourly-ipv4,blocklist.de|brute-force|apache|rfi|ddos|spam|mail|ziyadnz|hourly,2026-08-17T18:48:05Z,2026-08-17T18:48:05Z,
113.212.70.92,ipv4,attack,high,WHITE,blocklist.de/all|blocklist.de/apache|blocklist.de/mail|ziyadnz/hourly-ipv4,blocklist.de|brute-force|apache|rfi|ddos|spam|mail|ziyadnz|hourly,2026-08-17T18:48:05Z,2026-08-17T18:48:05Z,
113.212.70.93,ipv4,attack,high,WHITE,blocklist.de/all|blocklist.de/apache|blocklist.de/mail|ziyadnz/hourly-ipv4,blocklist.de|brute-force|apache|rfi|ddos|spam|mail|ziyadnz|hourly,2026-08-17T18:48:05Z,2026-08-17T18:48:05Z,
113.212.70.94,ipv4,attack,high,WHITE,blocklist.de/all|blocklist.de/apache|blocklist.de/mail|ziyadnz/hourly-ipv4,blocklist.de|brute-force|apache|rfi|ddos|spam|mail|ziyadnz|hourly,2026-08-17T18:48:05Z,2026-08-17T18:48:05Z,
113.212.70.95,ipv4,attack,high,WHITE,blocklist.de/all|blocklist.de/apache|blocklist.de/mail|ziyadnz/hourly-ipv4,blocklist.de|brute-force|apache|rfi|ddos|spam|mail|ziyadnz|hourly,2026-08-17T18:48:05Z,2026-08-17T18:48:05Z,
113.212.70.96,ipv4,attack,high,WHITE,blocklist.de/all|blocklist.de/apache|blocklist.de/mail|ziyadnz/hourly-ipv4,blocklist.de|brute-force|apache|rfi|ddos|spam|mail|ziyadnz|hourly,2026-08-17T18:48:05Z,2026-08-17T18:48:05Z,
113.212.70.97,ipv4,attack,high,WHITE,blocklist.de/all|blocklist.de/apache|blocklist.de/mail|ziyadnz/hourly-ipv4,blocklist.de|brute-force|apache|rfi|ddos|spam|mail|ziyadnz|hourly,2026-08-17T18:48:05Z,2026-08-17T18:48:05Z,
113.212.70.98,ipv4,attack,high,WHITE,blocklist.de/all|blocklist.de/apache|blocklist.de/mail|ziyadnz/hourly-ipv4,blocklist.de|brute-force|apache|rfi|ddos|spam|mail|ziyadnz|hourly,2026-08-17T18:48:05Z,2026-08-17T18:48:05Z,
113.212.70.99,ipv4,attack,high,WHITE,blocklist.de/all|blocklist.de/apache|blocklist.de/mail|ziyadnz/hourly-ipv4,blocklist.de|brute-force|apache|rfi|ddos|spam|mail|ziyadnz|hourly,2026-08-17T18:48:05Z,2026-08-17T18:48:05Z,
113.212.70.100,ipv4,attack,high,WHITE,blocklist.de/all|blocklist.de/apache|blocklist.de/mail|ziyadnz/hourly-ipv4,blocklist.de|brute-force|apache|rfi|ddos|spam|mail|ziyadnz|hourly,2026-08-17T18:48:05Z,2026-08-17T18:48:05Z,
113.212.70.101,ipv4,attack,high,WHITE,blocklist.de/all|blocklist.de/apache|blocklist.de/mail|ziyadnz/hourly-ipv4,blocklist.de|brute-force|apache|rfi|ddos|spam|mail|ziyadnz|hourly,2026-08-17T18:48:05Z,2026-08-17T18:48:05Z,
113.212.70.102,ipv4,attack,high,WHITE,blocklist.de/all|blocklist.de/apache|blocklist.de/mail|ziyadnz/hourly-ipv4,blocklist.de|brute-force|apache|rfi|ddos|spam|mail|ziyadnz|hourly,2026-08-17T18:48:05Z,2026-08-17T18:48:05Z,
113.212.70.103,ipv4,attack,high,WHITE,blocklist.de/all|blocklist.de/apache|blocklist.de/mail|ziyadnz/hourly-ipv4,blocklist.de|brute-force|apache|rfi|ddos|spam|mail|ziyadnz|hourly,2026-08-17T18:48:05Z,2026-08-17T18:48:05Z,
113.212.70.104,ipv4,attack,high,WHITE,blocklist.de/all|blocklist.de/apache|blocklist.de/mail|ziyadnz/hourly-ipv4,blocklist.de|brute-force|apache|rfi|ddos|spam|mail|ziyadnz|hourly,2026-08-17T18:48:05Z,2026-08-17T18:48:05Z,
113.212.70.105,ipv4,attack,high,WHITE,blocklist.de/all|blocklist.de/apache|blocklist.de/mail|ziyadnz/hourly-ipv4,blocklist.de|brute-force|apache|rfi|ddos|spam|mail|ziyadnz|hourly,2026-08-17T18:48:05Z,2026-08-17T18:48:05Z,
113.212.70.106,ipv4,attack,high,WHITE,blocklist.de/all|blocklist.de/apache|blocklist.de/mail|ziyadnz/hourly-ipv4,blocklist.de|brute-force|apache|rfi|ddos|spam|mail|ziyadnz|hourly,2026-08-17T18:48:05Z,2026-08-17T18:48:05Z,
113.212.70.107,ipv4,attack,high,WHITE,blocklist.de/all|blocklist.de/apache|blocklist.de/mail|ziyadnz/hourly-ipv4,blocklist.de|brute-force|apache|rfi|ddos|spam|mail|ziyadnz|hourly,2026-08-17T18:48:05Z,2026-08-17T18:48:05Z,
113.212.70.108,ipv4,attack,high,WHITE,blocklist.de/all|blocklist.de/apache|blocklist.de/mail|ziyadnz/hourly-ipv4,blocklist.de|brute-force|apache|rfi|ddos|spam|mail|ziyadnz|hourly,2026-08-17T18:48:05Z,2026-08-17T18:48:05Z,
113.212.70.109,ipv4,attack,high,WHITE,blocklist.de/all|blocklist.de/apache|blocklist.de/mail|ziyadnz/hourly-ipv4,blocklist.de|brute-force|apache|rfi|ddos|spam|mail|ziyadnz|hourly,2026-08-17T18:48:05Z,2026-08-17T18:48:05Z,
113.212.70.110,ipv4,attack,high,WHITE,blocklist.de/all|blocklist.de/apache|blocklist.de/mail|ziyadnz/hourly-ipv4,blocklist.de|brute-force|apache|rfi|ddos|spam|mail|ziyadnz|hourly,2026-08-17T18:48:05Z,2026-08-17T18:48:05Z,
113.212.70.111,ipv4,attack,high,WHITE,blocklist.de/all|blocklist.de/apache|blocklist.de/mail|ziyadnz/hourly-ipv4,blocklist.de|brute-force|apache|rfi|ddos|spam|mail|ziyadnz|hourly,2026-08-17T18:48:05Z,2026-08-17T18:48:05Z,
113.212.70.112,ipv4,attack,high,WHITE,blocklist.de/all|blocklist.de/apache|blocklist.de/mail|ziyadnz/hourly-ipv4,blocklist.de|brute-force|apache|rfi|ddos|spam|mail|ziyadnz|hourly,2026-08-17T18:48:05Z,2026-08-17T18:48:05Z,
113.212.70.113,ipv4,attack,high,WHITE,blocklist.de/all|blocklist.de/apache|blocklist.de/mail|ziyadnz/hourly-ipv4,blocklist.de|brute-force|apache|rfi|ddos|spam|mail|ziyadnz|hourly,2026-08-17T18:48:05Z,2026-08-17T18:48:05Z,
113.212.70.114,ipv4,attack,high,WHITE,blocklist.de/all|blocklist.de/apache|blocklist.de/mail|ziyadnz/hourly-ipv4,blocklist.de|brute-force|apache|rfi|ddos|spam|mail|ziyadnz|hourly,2026-08-17T18:48:05Z,2026-08-17T18:48:05Z,
113.212.70.115,ipv4,attack,high,WHITE,blocklist.de/all|blocklist.de/apache|blocklist.de/mail|ziyadnz/hourly-ipv4,blocklist.de|brute-force|apache|rfi|ddos|spam|mail|ziyadnz|hourly,2026-08-17T18:48:05Z,2026-08-17T18:48:05Z,
113.212.70.116,ipv4,attack,high,WHITE,blocklist.de/all|blocklist.de/apache|blocklist.de/mail|ziyadnz/hourly-ipv4,blocklist.de|brute-force|apache|rfi|ddos|spam|mail|ziyadnz|hourly,2026-08-17T18:48:05Z,2026-08-17T18:48:05Z,
113.212.70.117,ipv4,attack,high,WHITE,blocklist.de/all|blocklist.de/apache|blocklist.de/mail|ziyadnz/hourly-ipv4,blocklist.de|brute-force|apache|rfi|ddos|spam|mail|ziyadnz|hourly,2026-08-17T18:48:05Z,2026-08-17T18:48:05Z,
113.212.70.118,ipv4,attack,high,WHITE,blocklist.de/all|blocklist.de/apache|blocklist.de/mail|ziyadnz/hourly-ipv4,blocklist.de|brute-force|apache|rfi|ddos|spam|mail|ziyadnz|hourly,2026-08-17T18:48:05Z,2026-08-17T18:48:05Z,
113.212.70.119,ipv4,attack,high,WHITE,blocklist.de/all|blocklist.de/apache|blocklist.de/mail|ziyadnz/hourly-ipv4,blocklist.de|brute-force|apache|rfi|ddos|spam|mail|ziyadnz|hourly,2026-08-17T18:48:05Z,2026-08-17T18:48:05Z,
113.212.70.120,ipv4,attack,high,WHITE,blocklist.de/all|blocklist.de/apache|blocklist.de/mail|ziyadnz/hourly-ipv4,blocklist.de|brute-force|apache|rfi|ddos|spam|mail|ziyadnz|hourly,2026-08-17T18:48:05Z,2026-08-17T18:48:05Z,
113.212.70.121,ipv4,attack,high,WHITE,blocklist.de/all|blocklist.de/apache|blocklist.de/mail|ziyadnz/hourly-ipv4,blocklist.de|brute-force|apache|rfi|ddos|spam|mail|ziyadnz|hourly,2026-08-17T18:48:05Z,2026-08-17T18:48:05Z,
113.212.70.122,ipv4,attack,high,WHITE,blocklist.de/all|blocklist.de/apache|blocklist.de/mail|ziyadnz/hourly-ipv4,blocklist.de|brute-force|apache|rfi|ddos|spam|mail|ziyadnz|hourly,2026-08-17T18:48:05Z,2026-08-17T18:48:05Z,
113.212.70.123,ipv4,attack,high,WHITE,blocklist.de/all|blocklist.de/apache|blocklist.de/mail|ziyadnz/hourly-ipv4,blocklist.de|brute-force|apache|rfi|ddos|spam|mail|ziyadnz|hourly,2026-08-17T18:48:05Z,2026-08-17T18:48:05Z,
113.212.70.124,ipv4,attack,high,WHITE,blocklist.de/all|blocklist.de/apache|blocklist.de/mail|ziyadnz/hourly-ipv4,blocklist.de|brute-force|apache|rfi|ddos|spam|mail|ziyadnz|hourly,2026-08-17T18:48:05Z,2026-08-17T18:48:05Z,
113.212.70.125,ipv4,attack,high,WHITE,blocklist.de/all|blocklist.de/apache|blocklist.de/mail|ziyadnz/hourly-ipv4,blocklist.de|brute-force|apache|rfi|ddos|spam|mail|ziyadnz|hourly,2026-08-17T18:48:05Z,2026-08-17T18:48:05Z,
113.212.70.126,ipv4,attack,high,WHITE,blocklist.de/all|blocklist.de/apache|blocklist.de/mail|ziyadnz/hourly-ipv4,blocklist.de|brute-force|apache|rfi|ddos|spam|mail|ziyadnz|hourly,2026-08-17T18:48:05Z,2026-08-17T18:48:05Z,
113.212.70.127,ipv4,attack,high,WHITE,blocklist.de/all|blocklist.de/apache|blocklist.de/mail|ziyadnz/hourly-ipv4,blocklist.de|brute-force|apache|rfi|ddos|spam|mail|ziyadnz|hourly,2026-08-17T18:48:05Z,2026-08-17T18:48:05Z,
113.212.70.128,ipv4,attack,high,WHITE,blocklist.de/all|blocklist.de/apache|blocklist.de/mail|ziyadnz/hourly-ipv4,blocklist.de|brute-force|apache|rfi|ddos|spam|mail|ziyadnz|hourly,2026-08-17T18:48:05Z,2026-08-17T18:48:05Z,
113.212.70.129,ipv4,attack,high,WHITE,blocklist.de/all|blocklist.de/apache|blocklist.de/mail|ziyadnz/hourly-ipv4,blocklist.de|brute-force|apache|rfi|ddos|spam|mail|ziyadnz|hourly,2026-08-17T18:48:05Z,2026-08-17T18:48:05Z,
113.212.70.130,ipv4,attack,high,WHITE,blocklist.de/all|blocklist.de/apache|blocklist.de/mail|ziyadnz/hourly-ipv4,blocklist.de|brute-force|apache|rfi|ddos|spam|mail|ziyadnz|hourly,2026-08-17T18:48:05Z,2026-08-17T18:48:05Z,
113.212.70.131,ipv4,attack,high,WHITE,blocklist.de/all|blocklist.de/apache|blocklist.de/mail|ziyadnz/hourly-ipv4,blocklist.de|brute-force|apache|rfi|ddos|spam|mail|ziyadnz|hourly,2026-08-17T18:48:05Z,2026-08-17T18:48:05Z,
113.212.70.132,ipv4,attack,high,WHITE,blocklist.de/all|blocklist.de/apache|blocklist.de/mail|ziyadnz/hourly-ipv4,blocklist.de|brute-force|apache|rfi|ddos|spam|mail|ziyadnz|hourly,2026-08-17T18:48:05Z,2026-08-17T18:48:05Z,
113.212.70.133,ipv4,attack,high,WHITE,blocklist.de/all|blocklist.de/apache|blocklist.de/mail|ziyadnz/hourly-ipv4,blocklist.de|brute-force|apache|rfi|ddos|spam|mail|ziyadnz|hourly,2026-08-17T18:48:05Z,2026-08-17T18:48:05Z,
113.212.70.134,ipv4,attack,high,WHITE,blocklist.de/all|blocklist.de/apache|blocklist.de/mail|ziyadnz/hourly-ipv4,blocklist.de|brute-force|apache|rfi|ddos|spam|mail|ziyadnz|hourly,2026-08-17T18:48:05Z,2026-08-17T18:48:05Z,
113.212.70.135,ipv4,attack,high,WHITE,blocklist.de/all|blocklist.de/apache|blocklist.de/mail|ziyadnz/hourly-ipv4,blocklist.de|brute-force|apache|rfi|ddos|spam|mail|ziyadnz|hourly,2026-08-17T18:48:05Z,2026-08-17T18:48:05Z,
113.212.70.136,ipv4,attack,high,WHITE,blocklist.de/all|blocklist.de/apache|blocklist.de/mail|ziyadnz/hourly-ipv4,blocklist.de|brute-force|apache|rfi|ddos|spam|mail|ziyadnz|hourly,2026-08-17T18:48:05Z,2026-08-17T18:48:05Z,
113.212.70.137,ipv4,attack,high,WHITE,blocklist.de/all|blocklist.de/apache|blocklist.de/mail|ziyadnz/hourly-ipv4,blocklist.de|brute-force|apache|rfi|ddos|spam|mail|ziyadnz|hourly,2026-08-17T18:48:05Z,2026-08-17T18:48:05Z,
113.212.70.138,ipv4,attack,high,WHITE,blocklist.de/all|blocklist.de/apache|blocklist.de/mail|ziyadnz/hourly-ipv4,blocklist.de|brute-force|apache|rfi|ddos|spam|mail|ziyadnz|hourly,2026-08-17T18:48:05Z,2026-08-17T18:48:05Z,
113.212.70.139,ipv4,attack,high,WHITE,blocklist.de/all|blocklist.de/apache|blocklist.de/mail|ziyadnz/hourly-ipv4,blocklist.de|brute-force|apache|rfi|ddos|spam|mail|ziyadnz|hourly,2026-08-17T18:48:05Z,2026-08-17T18:48:05Z,
113.212.70.140,ipv4,attack,high,WHITE,blocklist.de/all|blocklist.de/apache|blocklist.de/mail|ziyadnz/hourly-ipv4,blocklist.de|brute-force|apache|rfi|ddos|spam|mail|ziyadnz|hourly,2026-08-17T18:48:05Z,2026-08-17T18:48:05Z,
113.212.70.141,ipv4,attack,high,WHITE,blocklist.de/all|blocklist.de/apache|blocklist.de/mail|ziyadnz/hourly-ipv4,blocklist.de|brute-force|apache|rfi|ddos|spam|mail|ziyadnz|hourly,2026-08-17T18:48:05Z,2026-08-17T18:48:05Z,
113.212.70.142,ipv4,attack,high,WHITE,blocklist.de/all|blocklist.de/apache|blocklist.de/mail|ziyadnz/hourly-ipv4,blocklist.de|brute-force|apache|rfi|ddos|spam|mail|ziyadnz|hourly,2026-08-17T18:48:05Z,2026-08-17T18:48:05Z,
113.212.70.143,ipv4,attack,high,WHITE,blocklist.de/all|blocklist.de/apache|blocklist.de/mail|ziyadnz/hourly-ipv4,blocklist.de|brute-force|apache|rfi|ddos|spam|mail|ziyadnz|hourly,2026-08-17T18:48:05Z,2026-08-17T18:48:05Z,
113.212.70.144,ipv4,attack,high,WHITE,blocklist.de/all|blocklist.de/apache|blocklist.de/mail|ziyadnz/hourly-ipv4,blocklist.de|brute-force|apache|rfi|ddos|spam|mail|ziyadnz|hourly,2026-08-17T18:48:05Z,2026-08-17T18:48:05Z,
113.212.70.145,ipv4,attack,high,WHITE,blocklist.de/all|blocklist.de/apache|blocklist.de/mail|ziyadnz/hourly-ipv4,blocklist.de|brute-force|apache|rfi|ddos|spam|mail|ziyadnz|hourly,2026-08-17T18:48:05Z,2026-08-17T18:48:05Z,
113.212.70.146,ipv4,attack,high,WHITE,blocklist.de/all|blocklist.de/apache|blocklist.de/mail|ziyadnz/hourly-ipv4,blocklist.de|brute-force|apache|rfi|ddos|spam|mail|ziyadnz|hourly,2026-08-17T18:48:05Z,2026-08-17T18:48:05Z,
113.212.70.147,ipv4,attack,high,WHITE,blocklist.de/all|blocklist.de/apache|blocklist.de/mail|ziyadnz/hourly-ipv4,blocklist.de|brute-force|apache|rfi|ddos|spam|mail|ziyadnz|hourly,2026-08-17T18:48:05Z,2026-08-17T18:48:05Z,
113.212.70.148,ipv4,attack,high,WHITE,blocklist.de/all|blocklist.de/apache|blocklist.de/mail|ziyadnz/hourly-ipv4,blocklist.de|brute-force|apache|rfi|ddos|spam|mail|ziyadnz|hourly,2026-08-17T18:48:05Z,2026-08-17T18:48:05Z,
113.212.70.149,ipv4,attack,high,WHITE,blocklist.de/all|blocklist.de/apache|blocklist.de/mail|ziyadnz/hourly-ipv4,blocklist.de|brute-force|apache|rfi|ddos|spam|mail|ziyadnz|hourly,2026-08-17T18:48:05Z,2026-08-17T18:48:05Z,
113.212.70.150,ipv4,attack,high,WHITE,blocklist.de/all|blocklist.de/apache|blocklist.de/mail|ziyadnz/hourly-ipv4,blocklist.de|brute-force|apache|rfi|ddos|spam|mail|ziyadnz|hourly,2026-08-17T18:48:05Z,2026-08-17T18:48:05Z,
113.212.70.151,ipv4,attack,high,WHITE,blocklist.de/all|blocklist.de/apache|blocklist.de/mail|ziyadnz/hourly-ipv4,blocklist.de|brute-force|apache|rfi|ddos|spam|mail|ziyadnz|hourly,2026-08-17T18:48:05Z,2026-08-17T18:48:05Z,
113.212.70.152,ipv4,attack,high,WHITE,blocklist.de/all|blocklist.de/apache|blocklist.de/mail|ziyadnz/hourly-ipv4,blocklist.de|brute-force|apache|rfi|ddos|spam|mail|ziyadnz|hourly,2026-08-17T18:48:05Z,2026-08-17T18:48:05Z,
113.212.70.153,ipv4,attack,high,WHITE,blocklist.de/all|blocklist.de/apache|blocklist.de/mail|ziyadnz/hourly-ipv4,blocklist.de|brute-force|apache|rfi|ddos|spam|mail|ziyadnz|hourly,2026-08-17T18:48:05Z,2026-08-17T18:48:05Z,
113.212.70.154,ipv4,attack,high,WHITE,blocklist.de/all|blocklist.de/apache|blocklist.de/mail|ziyadnz/hourly-ipv4,blocklist.de|brute-force|apache|rfi|ddos|spam|mail|ziyadnz|hourly,2026-08-17T18:48:05Z,2026-08-17T18:48:05Z,
113.212.70.155,ipv4,attack,high,WHITE,blocklist.de/all|blocklist.de/apache|blocklist.de/mail|ziyadnz/hourly-ipv4,blocklist.de|brute-force|apache|rfi|ddos|spam|mail|ziyadnz|hourly,2026-08-17T18:48:05Z,2026-08-17T18:48:05Z,
113.212.70.156,ipv4,attack,high,WHITE,blocklist.de/all|blocklist.de/apache|blocklist.de/mail|ziyadnz/hourly-ipv4,blocklist.de|brute-force|apache|rfi|ddos|spam|mail|ziyadnz|hourly,2026-08-17T18:48:05Z,2026-08-17T18:48:05Z,
113.212.70.157,ipv4,attack,high,WHITE,blocklist.de/all|blocklist.de/apache|blocklist.de/mail|ziyadnz/hourly-ipv4,blocklist.de|brute-force|apache|rfi|ddos|spam|mail|ziyadnz|hourly,2026-08-17T18:48:05Z,2026-08-17T18:48:05Z,
113.212.70.158,ipv4,attack,high,WHITE,blocklist.de/all|blocklist.de/apache|blocklist.de/mail|ziyadnz/hourly-ipv4,blocklist.de|brute-force|apache|rfi|ddos|spam|mail|ziyadnz|hourly,2026-08-17T18:48:05Z,2026-08-17T18:48:05Z,
113.212.70.159,ipv4,attack,high,WHITE,blocklist.de/all|blocklist.de/apache|blocklist.de/mail|ziyadnz/hourly-ipv4,blocklist.de|brute-force|apache|rfi|ddos|spam|mail|ziyadnz|hourly,2026-08-17T18:48:05Z,2026-08-17T18:48:05Z,
113.212.70.160,ipv4,attack,high,WHITE,blocklist.de/all|blocklist.de/apache|blocklist.de/mail|ziyadnz/hourly-ipv4,blocklist.de|brute-force|apache|rfi|ddos|spam|mail|ziyadnz|hourly,2026-08-17T18:48:05Z,2026-08-17T18:48:05Z,
113.212.70.161,ipv4,attack,high,WHITE,blocklist.de/all|blocklist.de/apache|blocklist.de/mail|ziyadnz/hourly-ipv4,blocklist.de|brute-force|apache|rfi|ddos|spam|mail|ziyadnz|hourly,2026-08-17T18:48:05Z,2026-08-17T18:48:05Z,
113.212.70.162,ipv4,attack,high,WHITE,blocklist.de/all|blocklist.de/apache|blocklist.de/mail|ziyadnz/hourly-ipv4,blocklist.de|brute-force|apache|rfi|ddos|spam|mail|ziyadnz|hourly,2026-08-17T18:48:05Z,2026-08-17T18:48:05Z,
113.212.70.163,ipv4,attack,high,WHITE,blocklist.de/all|blocklist.de/apache|blocklist.de/mail|ziyadnz/hourly-ipv4,blocklist.de|brute-force|apache|rfi|ddos|spam|mail|ziyadnz|hourly,2026-08-17T18:48:05Z,2026-08-17T18:48:05Z,
113.212.70.164,ipv4,attack,high,WHITE,blocklist.de/all|blocklist.de/apache|blocklist.de/mail|ziyadnz/hourly-ipv4,blocklist.de|brute-force|apache|rfi|ddos|spam|mail|ziyadnz|hourly,2026-08-17T18:48:05Z,2026-08-17T18:48:05Z,
113.212.70.165,ipv4,attack,high,WHITE,blocklist.de/all|blocklist.de/apache|blocklist.de/mail|ziyadnz/hourly-ipv4,blocklist.de|brute-force|apache|rfi|ddos|spam|mail|ziyadnz|hourly,2026-08-17T18:48:05Z,2026-08-17T18:48:05Z,
113.212.70.166,ipv4,attack,high,WHITE,blocklist.de/all|blocklist.de/apache|blocklist.de/mail|ziyadnz/hourly-ipv4,blocklist.de|brute-force|apache|rfi|ddos|spam|mail|ziyadnz|hourly,2026-08-17T18:48:05Z,2026-08-17T18:48:05Z,
113.212.70.167,ipv4,attack,high,WHITE,blocklist.de/all|blocklist.de/apache|blocklist.de/mail|ziyadnz/hourly-ipv4,blocklist.de|brute-force|apache|rfi|ddos|spam|mail|ziyadnz|hourly,2026-08-17T18:48:05Z,2026-08-17T18:48:05Z,
113.212.70.168,ipv4,attack,high,WHITE,blocklist.de/all|blocklist.de/apache|blocklist.de/mail|ziyadnz/hourly-ipv4,blocklist.de|brute-force|apache|rfi|ddos|spam|mail|ziyadnz|hourly,2026-08-17T18:48:05Z,2026-08-17T18:48:05Z,
113.212.70.169,ipv4,attack,high,WHITE,blocklist.de/all|blocklist.de/apache|blocklist.de/mail|ziyadnz/hourly-ipv4,blocklist.de|brute-force|apache|rfi|ddos|spam|mail|ziyadnz|hourly,2026-08-17T18:48:05Z,2026-08-17T18:48:05Z,
113.212.70.170,ipv4,attack,high,WHITE,blocklist.de/all|blocklist.de/apache|blocklist.de/mail|ziyadnz/hourly-ipv4,blocklist.de|brute-force|apache|rfi|ddos|spam|mail|ziyadnz|hourly,2026-08-17T18:48:05Z,2026-08-17T18:48:05Z,
113.212.70.171,ipv4,attack,high,WHITE,blocklist.de/all|blocklist.de/apache|blocklist.de/mail|ziyadnz/hourly-ipv4,blocklist.de|brute-force|apache|rfi|ddos|spam|mail|ziyadnz|hourly,2026-08-17T18:48:05Z,2026-08-17T18:48:05Z,
113.212.70.172,ipv4,attack,high,WHITE,blocklist.de/all|blocklist.de/apache|blocklist.de/mail|ziyadnz/hourly-ipv4,blocklist.de|brute-force|apache|rfi|ddos|spam|mail|ziyadnz|hourly,2026-08-17T18:48:05Z,2026-08-17T18:48:05Z,
113.212.70.173,ipv4,attack,high,WHITE,blocklist.de/all|blocklist.de/apache|blocklist.de/mail|ziyadnz/hourly-ipv4,blocklist.de|brute-force|apache|rfi|ddos|spam|mail|ziyadnz|hourly,2026-08-17T18:48:05Z,2026-08-17T18:48:05Z,
113.212.70.174,ipv4,attack,high,WHITE,blocklist.de/all|blocklist.de/apache|blocklist.de/mail|ziyadnz/hourly-ipv4,blocklist.de|brute-force|apache|rfi|ddos|spam|mail|ziyadnz|hourly,2026-08-17T18:48:05Z,2026-08-17T18:48:05Z,
113.212.70.175,ipv4,attack,high,WHITE,blocklist.de/all|blocklist.de/apache|blocklist.de/mail|ziyadnz/hourly-ipv4,blocklist.de|brute-force|apache|rfi|ddos|spam|mail|ziyadnz|hourly,2026-08-17T18:48:05Z,2026-08-17T18:48:05Z,
113.212.70.176,ipv4,attack,high,WHITE,blocklist.de/all|blocklist.de/apache|blocklist.de/mail|ziyadnz/hourly-ipv4,blocklist.de|brute-force|apache|rfi|ddos|spam|mail|ziyadnz|hourly,2026-08-17T18:48:05Z,2026-08-17T18:48:05Z,
113.212.70.177,ipv4,attack,high,WHITE,blocklist.de/all|blocklist.de/apache|blocklist.de/mail|ziyadnz/hourly-ipv4,blocklist.de|brute-force|apache|rfi|ddos|spam|mail|ziyadnz|hourly,2026-08-17T18:48:05Z,2026-08-17T18:48:05Z,
113.212.70.178,ipv4,attack,high,WHITE,blocklist.de/all|blocklist.de/apache|blocklist.de/mail|ziyadnz/hourly-ipv4,blocklist.de|brute-force|apache|rfi|ddos|spam|mail|ziyadnz|hourly,2026-08-17T18:48:05Z,2026-08-17T18:48:05Z,
113.212.70.179,ipv4,attack,high,WHITE,blocklist.de/all|blocklist.de/apache|blocklist.de/mail|ziyadnz/hourly-ipv4,blocklist.de|brute-force|apache|rfi|ddos|spam|mail|ziyadnz|hourly,2026-08-17T18:48:05Z,2026-08-17T18:48:05Z,
113.212.70.180,ipv4,attack,high,WHITE,blocklist.de/all|blocklist.de/apache|blocklist.de/mail|ziyadnz/hourly-ipv4,blocklist.de|brute-force|apache|rfi|ddos|spam|mail|ziyadnz|hourly,2026-08-17T18:48:05Z,2026-08-17T18:48:05Z,
113.212.70.181,ipv4,attack,high,WHITE,blocklist.de/all|blocklist.de/apache|blocklist.de/mail|ziyadnz/hourly-ipv4,blocklist.de|brute-force|apache|rfi|ddos|spam|mail|ziyadnz|hourly,2026-08-17T18:48:05Z,2026-08-17T18:48:05Z,
113.212.70.182,ipv4,attack,high,WHITE,blocklist.de/all|blocklist.de/apache|blocklist.de/mail|ziyadnz/hourly-ipv4,blocklist.de|brute-force|apache|rfi|ddos|spam|mail|ziyadnz|hourly,2026-08-17T18:48:05Z,2026-08-17T18:48:05Z,
113.212.70.183,ipv4,attack,high,WHITE,blocklist.de/all|blocklist.de/apache|blocklist.de/mail|ziyadnz/hourly-ipv4,blocklist.de|brute-force|apache|rfi|ddos|spam|mail|ziyadnz|hourly,2026-08-17T18:48:05Z,2026-08-17T18:48:05Z,
113.212.70.184,ipv4,attack,high,WHITE,blocklist.de/all|blocklist.de/apache|blocklist.de/mail|ziyadnz/hourly-ipv4,blocklist.de|brute-force|apache|rfi|ddos|spam|mail|ziyadnz|hourly,2026-08-17T18:48:05Z,2026-08-17T18:48:05Z,
113.212.70.185,ipv4,attack,high,WHITE,blocklist.de/all|blocklist.de/apache|blocklist.de/mail|ziyadnz/hourly-ipv4,blocklist.de|brute-force|apache|rfi|ddos|spam|mail|ziyadnz|hourly,2026-08-17T18:48:05Z,2026-08-17T18:48:05Z,
113.212.70.186,ipv4,attack,high,WHITE,blocklist.de/all|blocklist.de/apache|blocklist.de/mail|ziyadnz/hourly-ipv4,blocklist.de|brute-force|apache|rfi|ddos|spam|mail|ziyadnz|hourly,2026-08-17T18:48:05Z,2026-08-17T18:48:05Z,
113.212.70.187,ipv4,attack,high,WHITE,blocklist.de/all|blocklist.de/apache|blocklist.de/mail|ziyadnz/hourly-ipv4,blocklist.de|brute-force|apache|rfi|ddos|spam|mail|ziyadnz|hourly,2026-08-17T18:48:05Z,2026-08-17T18:48:05Z,
113.212.70.188,ipv4,attack,high,WHITE,blocklist.de/all|blocklist.de/apache|blocklist.de/mail|ziyadnz/hourly-ipv4,blocklist.de|brute-force|apache|rfi|ddos|spam|mail|ziyadnz|hourly,2026-08-17T18:48:05Z,2026-08-17T18:48:05Z,
113.212.70.189,ipv4,attack,high,WHITE,blocklist.de/all|blocklist.de/apache|blocklist.de/mail|ziyadnz/hourly-ipv4,blocklist.de|brute-force|apache|rfi|ddos|spam|mail|ziyadnz|hourly,2026-08-17T18:48:05Z,2026-08-17T18:48:05Z,
113.212.70.190,ipv4,attack,high,WHITE,blocklist.de/all|blocklist.de/apache|blocklist.de/mail|ziyadnz/hourly-ipv4,blocklist.de|brute-force|apache|rfi|ddos|spam|mail|ziyadnz|hourly,2026-08-17T18:48:05Z,2026-08-17T18:48:05Z,
113.212.70.191,ipv4,attack,high,WHITE,blocklist.de/all|blocklist.de/apache|blocklist.de/mail|ziyadnz/hourly-ipv4,blocklist.de|brute-force|apache|rfi|ddos|spam|mail|ziyadnz|hourly,2026-08-17T18:48:05Z,2026-08-17T18:48:05Z,
113.212.70.192,ipv4,attack,high,WHITE,blocklist.de/all|blocklist.de/apache|blocklist.de/mail|ziyadnz/hourly-ipv4,blocklist.de|brute-force|apache|rfi|ddos|spam|mail|ziyadnz|hourly,2026-08-17T18:48:05Z,2026-08-17T18:48:05Z,
113.212.70.193,ipv4,attack,high,WHITE,blocklist.de/all|blocklist.de/apache|blocklist.de/mail|ziyadnz/hourly-ipv4,blocklist.de|brute-force|apache|rfi|ddos|spam|mail|ziyadnz|hourly,2026-08-17T18:48:05Z,2026-08-17T18:48:05Z,
113.212.70.194,ipv4,attack,high,WHITE,blocklist.de/all|blocklist.de/apache|blocklist.de/mail|ziyadnz/hourly-ipv4,blocklist.de|brute-force|apache|rfi|ddos|spam|mail|ziyadnz|hourly,2026-08-17T18:48:05Z,2026-08-17T18:48:05Z,
113.212.70.195,ipv4,attack,high,WHITE,blocklist.de/all|blocklist.de/apache|blocklist.de/mail|ziyadnz/hourly-ipv4,blocklist.de|brute-force|apache|rfi|ddos|spam|mail|ziyadnz|hourly,2026-08-17T18:48:05Z,2026-08-17T18:48:05Z,
113.212.70.196,ipv4,attack,high,WHITE,blocklist.de/all|blocklist.de/apache|blocklist.de/mail|ziyadnz/hourly-ipv4,blocklist.de|brute-force|apache|rfi|ddos|spam|mail|ziyadnz|hourly,2026-08-17T18:48:05Z,2026-08-17T18:48:05Z,
113.212.70.197,ipv4,attack,high,WHITE,blocklist.de/all|blocklist.de/apache|blocklist.de/mail|ziyadnz/hourly-ipv4,blocklist.de|brute-force|apache|rfi|ddos|spam|mail|ziyadnz|hourly,2026-08-17T18:48:05Z,2026-08-17T18:48:05Z,
113.212.70.198,ipv4,attack,high,WHITE,blocklist.de/all|blocklist.de/apache|blocklist.de/mail|ziyadnz/hourly-ipv4,blocklist.de|brute-force|apache|rfi|ddos|spam|mail|ziyadnz|hourly,2026-08-17T18:48:05Z,2026-08-17T18:48:05Z,
113.212.70.199,ipv4,attack,high,WHITE,blocklist.de/all|blocklist.de/apache|blocklist.de/mail|ziyadnz/hourly-ipv4,blocklist.de|brute-force|apache|rfi|ddos|spam|mail|ziyadnz|hourly,2026-08-17T18:48:05Z,2026-08-17T18:48:05Z,
113.212.70.200,ipv4,attack,high,WHITE,blocklist.de/all|blocklist.de/apache|blocklist.de/mail|ziyadnz/hourly-ipv4,blocklist.de|brute-force|apache|rfi|ddos|spam|mail|ziyadnz|hourly,2026-08-17T18:48:05Z,2026-08-17T18:48:05Z,
113.212.70.201,ipv4,attack,high,WHITE,blocklist.de/all|blocklist.de/apache|blocklist.de/mail|ziyadnz/hourly-ipv4,blocklist.de|brute-force|apache|rfi|ddos|spam|mail|ziyadnz|hourly,2026-08-17T18:48:05Z,2026-08-17T18:48:05Z,
113.212.70.202,ipv4,attack,high,WHITE,blocklist.de/all|blocklist.de/apache|blocklist.de/mail|ziyadnz/hourly-ipv4,blocklist.de|brute-force|apache|rfi|ddos|spam|mail|ziyadnz|hourly,2026-08-17T18:48:05Z,2026-08-17T18:48:05Z,
113.212.70.203,ipv4,attack,high,WHITE,blocklist.de/all|blocklist.de/apache|blocklist.de/mail|ziyadnz/hourly-ipv4,blocklist.de|brute-force|apache|rfi|ddos|spam|mail|ziyadnz|hourly,2026-08-17T18:48:05Z,2026-08-17T18:48:05Z,
113.212.70.204,ipv4,attack,high,WHITE,blocklist.de/all|blocklist.de/apache|blocklist.de/mail|ziyadnz/hourly-ipv4,blocklist.de|brute-force|apache|rfi|ddos|spam|mail|ziyadnz|hourly,2026-08-17T18:48:05Z,2026-08-17T18:48:05Z,
113.212.70.205,ipv4,attack,high,WHITE,blocklist.de/all|blocklist.de/apache|blocklist.de/mail|ziyadnz/hourly-ipv4,blocklist.de|brute-force|apache|rfi|ddos|spam|mail|ziyadnz|hourly,2026-08-17T18:48:05Z,2026-08-17T18:48:05Z,
113.212.70.206,ipv4,attack,high,WHITE,blocklist.de/all|blocklist.de/apache|blocklist.de/mail|ziyadnz/hourly-ipv4,blocklist.de|brute-force|apache|rfi|ddos|spam|mail|ziyadnz|hourly,2026-08-17T18:48:05Z,2026-08-17T18:48:05Z,
113.212.70.207,ipv4,attack,high,WHITE,blocklist.de/all|blocklist.de/apache|blocklist.de/mail|ziyadnz/hourly-ipv4,blocklist.de|brute-force|apache|rfi|ddos|spam|mail|ziyadnz|hourly,2026-08-17T18:48:05Z,2026-08-17T18:48:05Z,
113.212.70.208,ipv4,attack,high,WHITE,blocklist.de/all|blocklist.de/apache|blocklist.de/mail|ziyadnz/hourly-ipv4,blocklist.de|brute-force|apache|rfi|ddos|spam|mail|ziyadnz|hourly,2026-08-17T18:48:05Z,2026-08-17T18:48:05Z,
113.212.70.209,ipv4,attack,high,WHITE,blocklist.de/all|blocklist.de/apache|blocklist.de/mail|ziyadnz/hourly-ipv4,blocklist.de|brute-force|apache|rfi|ddos|spam|mail|ziyadnz|hourly,2026-08-17T18:48:05Z,2026-08-17T18:48:05Z,
113.212.70.210,ipv4,attack,high,WHITE,blocklist.de/all|blocklist.de/apache|blocklist.de/mail|ziyadnz/hourly-ipv4,blocklist.de|brute-force|apache|rfi|ddos|spam|mail|ziyadnz|hourly,2026-08-17T18:48:05Z,2026-08-17T18:48:05Z,
113.212.70.211,ipv4,attack,high,WHITE,blocklist.de/all|blocklist.de/apache|blocklist.de/mail|ziyadnz/hourly-ipv4,blocklist.de|brute-force|apache|rfi|ddos|spam|mail|ziyadnz|hourly,2026-08-17T18:48:05Z,2026-08-17T18:48:05Z,
113.212.70.212,ipv4,attack,high,WHITE,blocklist.de/all|blocklist.de/apache|blocklist.de/mail|ziyadnz/hourly-ipv4,blocklist.de|brute-force|apache|rfi|ddos|spam|mail|ziyadnz|hourly,2026-08-17T18:48:05Z,2026-08-17T18:48:05Z,
113.212.70.213,ipv4,attack,high,WHITE,blocklist.de/all|blocklist.de/apache|blocklist.de/mail|ziyadnz/hourly-ipv4,blocklist.de|brute-force|apache|rfi|ddos|spam|mail|ziyadnz|hourly,2026-08-17T18:48:05Z,2026-08-17T18:48:05Z,
113.212.70.214,ipv4,attack,high,WHITE,blocklist.de/all|blocklist.de/apache|blocklist.de/mail|ziyadnz/hourly-ipv4,blocklist.de|brute-force|apache|rfi|ddos|spam|mail|ziyadnz|hourly,2026-08-17T18:48:05Z,2026-08-17T18:48:05Z,
113.212.70.215,ipv4,attack,high,WHITE,blocklist.de/all|blocklist.de/apache|blocklist.de/mail|ziyadnz/hourly-ipv4,blocklist.de|brute-force|apache|rfi|ddos|spam|mail|ziyadnz|hourly,2026-08-17T18:48:05Z,2026-08-17T18:48:05Z,
113.212.70.216,ipv4,attack,high,WHITE,blocklist.de/all|blocklist.de/apache|blocklist.de/mail|ziyadnz/hourly-ipv4,blocklist.de|brute-force|apache|rfi|ddos|spam|mail|ziyadnz|hourly,2026-08-17T18:48:05Z,2026-08-17T18:48:05Z,
113.212.70.217,ipv4,attack,high,WHITE,blocklist.de/all|blocklist.de/apache|blocklist.de/mail|ziyadnz/hourly-ipv4,blocklist.de|brute-force|apache|rfi|ddos|spam|mail|ziyadnz|hourly,2026-08-17T18:48:05Z,2026-08-17T18:48:05Z,
113.212.70.218,ipv4,attack,high,WHITE,blocklist.de/all|blocklist.de/apache|blocklist.de/mail|ziyadnz/hourly-ipv4,blocklist.de|brute-force|apache|rfi|ddos|spam|mail|ziyadnz|hourly,2026-08-17T18:48:05Z,2026-08-17T18:48:05Z,
113.212.70.219,ipv4,attack,high,WHITE,blocklist.de/all|blocklist.de/apache|blocklist.de/mail|ziyadnz/hourly-ipv4,blocklist.de|brute-force|apache|rfi|ddos|spam|mail|ziyadnz|hourly,2026-08-17T18:48:05Z,2026-08-17T18:48:05Z,
113.212.70.220,ipv4,attack,high,WHITE,blocklist.de/all|blocklist.de/apache|blocklist.de/mail|ziyadnz/hourly-ipv4,blocklist.de|brute-force|apache|rfi|ddos|spam|mail|ziyadnz|hourly,2026-08-17T18:48:05Z,2026-08-17T18:48:05Z,
113.212.70.221,ipv4,attack,high,WHITE,blocklist.de/all|blocklist.de/apache|blocklist.de/mail|ziyadnz/hourly-ipv4,blocklist.de|brute-force|apache|rfi|ddos|spam|mail|ziyadnz|hourly,2026-08-17T18:48:05Z,2026-08-17T18:48:05Z,
113.212.70.222,ipv4,attack,high,WHITE,blocklist.de/all|blocklist.de/apache|blocklist.de/mail|ziyadnz/hourly-ipv4,blocklist.de|brute-force|apache|rfi|ddos|spam|mail|ziyadnz|hourly,2026-08-17T18:48:05Z,2026-08-17T18:48:05Z,
113.212.70.223,ipv4,attack,high,WHITE,blocklist.de/all|blocklist.de/apache|blocklist.de/mail|ziyadnz/hourly-ipv4,blocklist.de|brute-force|apache|rfi|ddos|spam|mail|ziyadnz|hourly,2026-08-17T18:48:05Z,2026-08-17T18:48:05Z,
113.212.70.224,ipv4,attack,high,WHITE,blocklist.de/all|blocklist.de/apache|blocklist.de/mail|ziyadnz/hourly-ipv4,blocklist.de|brute-force|apache|rfi|ddos|spam|mail|ziyadnz|hourly,2026-08-17T18:48:05Z,2026-08-17T18:48:05Z,
113.212.70.225,ipv4,attack,high,WHITE,blocklist.de/all|blocklist.de/apache|blocklist.de/mail|ziyadnz/hourly-ipv4,blocklist.de|brute-force|apache|rfi|ddos|spam|mail|ziyadnz|hourly,2026-08-17T18:48:05Z,2026-08-17T18:48:05Z,
113.212.70.226,ipv4,attack,high,WHITE,blocklist.de/all|blocklist.de/apache|blocklist.de/mail|ziyadnz/hourly-ipv4,blocklist.de|brute-force|apache|rfi|ddos|spam|mail|ziyadnz|hourly,2026-08-17T18:48:05Z,2026-08-17T18:48:05Z,
113.212.70.227,ipv4,attack,high,WHITE,blocklist.de/all|blocklist.de/apache|blocklist.de/mail|ziyadnz/hourly-ipv4,blocklist.de|brute-force|apache|rfi|ddos|spam|mail|ziyadnz|hourly,2026-08-17T18:48:05Z,2026-08-17T18:48:05Z,
113.212.70.228,ipv4,attack,high,WHITE,blocklist.de/all|blocklist.de/apache|blocklist.de/mail|ziyadnz/hourly-ipv4,blocklist.de|brute-force|apache|rfi|ddos|spam|mail|ziyadnz|hourly,2026-08-17T18:48:05Z,2026-08-17T18:48:05Z,
113.212.70.229,ipv4,attack,high,WHITE,blocklist.de/all|blocklist.de/apache|blocklist.de/mail|ziyadnz/hourly-ipv4,blocklist.de|brute-force|apache|rfi|ddos|spam|mail|ziyadnz|hourly,2026-08-17T18:48:05Z,2026-08-17T18:48:05Z,
113.212.70.230,ipv4,attack,high,WHITE,blocklist.de/all|blocklist.de/apache|blocklist.de/mail|ziyadnz/hourly-ipv4,blocklist.de|brute-force|apache|rfi|ddos|spam|mail|ziyadnz|hourly,2026-08-17T18:48:05Z,2026-08-17T18:48:05Z,
113.212.70.231,ipv4,attack,high,WHITE,blocklist.de/all|blocklist.de/apache|blocklist.de/mail|ziyadnz/hourly-ipv4,blocklist.de|brute-force|apache|rfi|ddos|spam|mail|ziyadnz|hourly,2026-08-17T18:48:05Z,2026-08-17T18:48:05Z,
113.212.70.232,ipv4,attack,high,WHITE,blocklist.de/all|blocklist.de/apache|blocklist.de/mail|ziyadnz/hourly-ipv4,blocklist.de|brute-force|apache|rfi|ddos|spam|mail|ziyadnz|hourly,2026-08-17T18:48:05Z,2026-08-17T18:48:05Z,
113.212.70.233,ipv4,attack,high,WHITE,blocklist.de/all|blocklist.de/apache|blocklist.de/mail|ziyadnz/hourly-ipv4,blocklist.de|brute-force|apache|rfi|ddos|spam|mail|ziyadnz|hourly,2026-08-17T18:48:05Z,2026-08-17T18:48:05Z,
113.212.70.234,ipv4,attack,high,WHITE,blocklist.de/all|blocklist.de/apache|blocklist.de/mail|ziyadnz/hourly-ipv4,blocklist.de|brute-force|apache|rfi|ddos|spam|mail|ziyadnz|hourly,2026-08-17T18:48:05Z,2026-08-17T18:48:05Z,
113.212.70.235,ipv4,attack,high,WHITE,blocklist.de/all|blocklist.de/apache|blocklist.de/mail|ziyadnz/hourly-ipv4,blocklist.de|brute-force|apache|rfi|ddos|spam|mail|ziyadnz|hourly,2026-08-17T18:48:05Z,2026-08-17T18:48:05Z,
113.212.70.236,ipv4,attack,high,WHITE,blocklist.de/all|blocklist.de/apache|blocklist.de/mail|ziyadnz/hourly-ipv4,blocklist.de|brute-force|apache|rfi|ddos|spam|mail|ziyadnz|hourly,2026-08-17T18:48:05Z,2026-08-17T18:48:05Z,
113.212.70.237,ipv4,attack,high,WHITE,blocklist.de/all|blocklist.de/apache|blocklist.de/mail|ziyadnz/hourly-ipv4,blocklist.de|brute-force|apache|rfi|ddos|spam|mail|ziyadnz|hourly,2026-08-17T18:48:05Z,2026-08-17T18:48:05Z,
113.212.70.238,ipv4,attack,high,WHITE,blocklist.de/all|blocklist.de/apache|blocklist.de/mail|ziyadnz/hourly-ipv4,blocklist.de|brute-force|apache|rfi|ddos|spam|mail|ziyadnz|hourly,2026-08-17T18:48:05Z,2026-08-17T18:48:05Z,
113.212.70.239,ipv4,attack,high,WHITE,blocklist.de/all|blocklist.de/apache|blocklist.de/mail|ziyadnz/hourly-ipv4,blocklist.de|brute-force|apache|rfi|ddos|spam|mail|ziyadnz|hourly,2026-08-17T18:48:05Z,2026-08-17T18:48:05Z,
113.212.70.240,ipv4,attack,high,WHITE,blocklist.de/all|blocklist.de/apache|blocklist.de/mail|ziyadnz/hourly-ipv4,blocklist.de|brute-force|apache|rfi|ddos|spam|mail|ziyadnz|hourly,2026-08-17T18:48:05Z,2026-08-17T18:48:05Z,
113.212.70.241,ipv4,attack,high,WHITE,blocklist.de/all|blocklist.de/apache|blocklist.de/mail|ziyadnz/hourly-ipv4,blocklist.de|brute-force|apache|rfi|ddos|spam|mail|ziyadnz|hourly,2026-08-17T18:48:05Z,2026-08-17T18:48:05Z,
113.212.70.242,ipv4,attack,high,WHITE,blocklist.de/all|blocklist.de/apache|blocklist.de/mail|ziyadnz/hourly-ipv4,blocklist.de|brute-force|apache|rfi|ddos|spam|mail|ziyadnz|hourly,2026-08-17T18:48:05Z,2026-08-17T18:48:05Z,
113.212.70.243,ipv4,attack,high,WHITE,blocklist.de/all|blocklist.de/apache|blocklist.de/mail|ziyadnz/hourly-ipv4,blocklist.de|brute-force|apache|rfi|ddos|spam|mail|ziyadnz|hourly,2026-08-17T18:48:05Z,2026-08-17T18:48:05Z,
113.212.70.244,ipv4,attack,high,WHITE,blocklist.de/all|blocklist.de/apache|blocklist.de/mail|ziyadnz/hourly-ipv4,blocklist.de|brute-force|apache|rfi|ddos|spam|mail|ziyadnz|hourly,2026-08-17T18:48:05Z,2026-08-17T18:48:05Z,
113.212.70.245,ipv4,attack,high,WHITE,blocklist.de/all|blocklist.de/apache|blocklist.de/mail|ziyadnz/hourly-ipv4,blocklist.de|brute-force|apache|rfi|ddos|spam|mail|ziyadnz|hourly,2026-08-17T18:48:05Z,2026-08-17T18:48:05Z,
113.212.70.246,ipv4,attack,high,WHITE,blocklist.de/all|blocklist.de/apache|blocklist.de/mail|ziyadnz/hourly-ipv4,blocklist.de|brute-force|apache|rfi|ddos|spam|mail|ziyadnz|hourly,2026-08-17T18:48:05Z,2026-08-17T18:48:05Z,
113.212.70.247,ipv4,attack,high,WHITE,blocklist.de/all|blocklist.de/apache|blocklist.de/mail|ziyadnz/hourly-ipv4,blocklist.de|brute-force|apache|rfi|ddos|spam|mail|ziyadnz|hourly,2026-08-17T18:48:05Z,2026-08-17T18:48:05Z,
113.212.70.248,ipv4,attack,high,WHITE,blocklist.de/all|blocklist.de/apache|blocklist.de/mail|ziyadnz/hourly-ipv4,blocklist.de|brute-force|apache|rfi|ddos|spam|mail|ziyadnz|hourly,2026-08-17T18:48:05Z,2026-08-17T18:48:05Z,
113.212.70.249,ipv4,attack,high,WHITE,blocklist.de/all|blocklist.de/apache|blocklist.de/mail|ziyadnz/hourly-ipv4,blocklist.de|brute-force|apache|rfi|ddos|spam|mail|ziyadnz|hourly,2026-08-17T18:48:05Z,2026-08-17T18:48:05Z,
113.212.70.250,ipv4,attack,high,WHITE,blocklist.de/all|blocklist.de/apache|blocklist.de/mail|ziyadnz/hourly-ipv4,blocklist.de|brute-force|apache|rfi|ddos|spam|mail|ziyadnz|hourly,2026-08-17T18:48:05Z,2026-08-17T18:48:05Z,
113.212.70.251,ipv4,attack,high,WHITE,blocklist.de/all|blocklist.de/apache|blocklist.de/mail|ziyadnz/hourly-ipv4,blocklist.de|brute-force|apache|rfi|ddos|spam|mail|ziyadnz|hourly,2026-08-17T18:48:05Z,2026-08-17T18:48:05Z,
113.212.70.252,ipv4,attack,high,WHITE,blocklist.de/all|blocklist.de/apache|blocklist.de/mail|ziyadnz/hourly-ipv4,blocklist.de|brute-force|apache|rfi|ddos|spam|mail|ziyadnz|hourly,2026-08-17T18:48:05Z,2026-08-17T18:48:05Z,
113.212.70.253,ipv4,attack,high,WHITE,blocklist.de/all|blocklist.de/apache|blocklist.de/mail|ziyadnz/hourly-ipv4,blocklist.de|brute-force|apache|rfi|ddos|spam|mail|ziyadnz|hourly,2026-08-17T18:48:05Z,2026-08-17T18:48:05Z,
113.212.70.254,ipv4,attack,high,WHITE,blocklist.de/all|blocklist.de/apache|blocklist.de/mail|ziyadnz/hourly-ipv4,blocklist.de|brute-force|apache|rfi|ddos|spam|mail|ziyadnz|hourly,2026-08-17T18:48:05Z,2026-08-17T18:48:05Z,
113.212.70.255,ipv4,attack,high,WHITE,blocklist.de/all|blocklist.de/apache|blocklist.de/mail|ziyadnz/hourly-ipv4,blocklist.de|brute-force|apache|rfi|ddos|spam|mail|ziyadnz|hourly,2026-08-17T18:48:05Z,2026-08-17T18:48:05Z,
216.151.137.0,ipv4,attack,high,WHITE,blocklist.de/all|blocklist.de/apache|blocklist.de/mail|ziyadnz/hourly-ipv4,blocklist.de|brute-force|apache|rfi|ddos|spam|mail|ziyadnz|hourly,2026-08-17T18:48:05Z,2026-08-17T18:48:05Z,
216.151.137.1,ipv4,attack,high,WHITE,blocklist.de/all|blocklist.de/apache|blocklist.de/mail|ziyadnz/hourly-ipv4,blocklist.de|brute-force|apache|rfi|ddos|spam|mail|ziyadnz|hourly,2026-08-17T18:48:05Z,2026-08-17T18:48:05Z,
216.151.137.2,ipv4,attack,high,WHITE,blocklist.de/all|blocklist.de/apache|blocklist.de/mail|ziyadnz/hourly-ipv4,blocklist.de|brute-force|apache|rfi|ddos|spam|mail|ziyadnz|hourly,2026-08-17T18:48:05Z,2026-08-17T18:48:05Z,
216.151.137.3,ipv4,attack,high,WHITE,blocklist.de/all|blocklist.de/apache|blocklist.de/mail|ziyadnz/hourly-ipv4,blocklist.de|brute-force|apache|rfi|ddos|spam|mail|ziyadnz|hourly,2026-08-17T18:48:05Z,2026-08-17T18:48:05Z,
216.151.137.4,ipv4,attack,high,WHITE,blocklist.de/all|blocklist.de/apache|blocklist.de/mail|ziyadnz/hourly-ipv4,blocklist.de|brute-force|apache|rfi|ddos|spam|mail|ziyadnz|hourly,2026-08-17T18:48:05Z,2026-08-17T18:48:05Z,
216.151.137.5,ipv4,attack,high,WHITE,blocklist.de/all|blocklist.de/apache|blocklist.de/mail|ziyadnz/hourly-ipv4,blocklist.de|brute-force|apache|rfi|ddos|spam|mail|ziyadnz|hourly,2026-08-17T18:48:05Z,2026-08-17T18:48:05Z,
216.151.137.6,ipv4,attack,high,WHITE,blocklist.de/all|blocklist.de/apache|blocklist.de/mail|ziyadnz/hourly-ipv4,blocklist.de|brute-force|apache|rfi|ddos|spam|mail|ziyadnz|hourly,2026-08-17T18:48:05Z,2026-08-17T18:48:05Z,
216.151.137.7,ipv4,attack,high,WHITE,blocklist.de/all|blocklist.de/apache|blocklist.de/mail|ziyadnz/hourly-ipv4,blocklist.de|brute-force|apache|rfi|ddos|spam|mail|ziyadnz|hourly,2026-08-17T18:48:05Z,2026-08-17T18:48:05Z,
216.151.137.8,ipv4,attack,high,WHITE,blocklist.de/all|blocklist.de/apache|blocklist.de/mail|ziyadnz/hourly-ipv4,blocklist.de|brute-force|apache|rfi|ddos|spam|mail|ziyadnz|hourly,2026-08-17T18:48:05Z,2026-08-17T18:48:05Z,
216.151.137.9,ipv4,attack,high,WHITE,blocklist.de/all|blocklist.de/apache|blocklist.de/mail|ziyadnz/hourly-ipv4,blocklist.de|brute-force|apache|rfi|ddos|spam|mail|ziyadnz|hourly,2026-08-17T18:48:05Z,2026-08-17T18:48:05Z,
216.151.137.10,ipv4,attack,high,WHITE,blocklist.de/all|blocklist.de/apache|blocklist.de/mail|ziyadnz/hourly-ipv4,blocklist.de|brute-force|apache|rfi|ddos|spam|mail|ziyadnz|hourly,2026-08-17T18:48:05Z,2026-08-17T18:48:05Z,
216.151.137.11,ipv4,attack,high,WHITE,blocklist.de/all|blocklist.de/apache|blocklist.de/mail|ziyadnz/hourly-ipv4,blocklist.de|brute-force|apache|rfi|ddos|spam|mail|ziyadnz|hourly,2026-08-17T18:48:05Z,2026-08-17T18:48:05Z,
216.151.137.12,ipv4,attack,high,WHITE,blocklist.de/all|blocklist.de/apache|blocklist.de/mail|ziyadnz/hourly-ipv4,blocklist.de|brute-force|apache|rfi|ddos|spam|mail|ziyadnz|hourly,2026-08-17T18:48:05Z,2026-08-17T18:48:05Z,
216.151.137.13,ipv4,attack,high,WHITE,blocklist.de/all|blocklist.de/apache|blocklist.de/mail|ziyadnz/hourly-ipv4,blocklist.de|brute-force|apache|rfi|ddos|spam|mail|ziyadnz|hourly,2026-08-17T18:48:05Z,2026-08-17T18:48:05Z,
216.151.137.14,ipv4,attack,high,WHITE,blocklist.de/all|blocklist.de/apache|blocklist.de/mail|ziyadnz/hourly-ipv4,blocklist.de|brute-force|apache|rfi|ddos|spam|mail|ziyadnz|hourly,2026-08-17T18:48:05Z,2026-08-17T18:48:05Z,
216.151.137.15,ipv4,attack,high,WHITE,blocklist.de/all|blocklist.de/apache|blocklist.de/mail|ziyadnz/hourly-ipv4,blocklist.de|brute-force|apache|rfi|ddos|spam|mail|ziyadnz|hourly,2026-08-17T18:48:05Z,2026-08-17T18:48:05Z,
216.151.137.16,ipv4,attack,high,WHITE,blocklist.de/all|blocklist.de/apache|blocklist.de/mail|ziyadnz/hourly-ipv4,blocklist.de|brute-force|apache|rfi|ddos|spam|mail|ziyadnz|hourly,2026-08-17T18:48:05Z,2026-08-17T18:48:05Z,
216.151.137.17,ipv4,attack,high,WHITE,blocklist.de/all|blocklist.de/apache|blocklist.de/mail|ziyadnz/hourly-ipv4,blocklist.de|brute-force|apache|rfi|ddos|spam|mail|ziyadnz|hourly,2026-08-17T18:48:05Z,2026-08-17T18:48:05Z,
216.151.137.18,ipv4,attack,high,WHITE,blocklist.de/all|blocklist.de/apache|blocklist.de/mail|ziyadnz/hourly-ipv4,blocklist.de|brute-force|apache|rfi|ddos|spam|mail|ziyadnz|hourly,2026-08-17T18:48:05Z,2026-08-17T18:48:05Z,
216.151.137.19,ipv4,attack,high,WHITE,blocklist.de/all|blocklist.de/apache|blocklist.de/mail|ziyadnz/hourly-ipv4,blocklist.de|brute-force|apache|rfi|ddos|spam|mail|ziyadnz|hourly,2026-08-17T18:48:05Z,2026-08-17T18:48:05Z,
216.151.137.20,ipv4,attack,high,WHITE,blocklist.de/all|blocklist.de/apache|blocklist.de/mail|ziyadnz/hourly-ipv4,blocklist.de|brute-force|apache|rfi|ddos|spam|mail|ziyadnz|hourly,2026-08-17T18:48:05Z,2026-08-17T18:48:05Z,
216.151.137.21,ipv4,attack,high,WHITE,blocklist.de/all|blocklist.de/apache|blocklist.de/mail|ziyadnz/hourly-ipv4,blocklist.de|brute-force|apache|rfi|ddos|spam|mail|ziyadnz|hourly,2026-08-17T18:48:05Z,2026-08-17T18:48:05Z,
216.151.137.22,ipv4,attack,high,WHITE,blocklist.de/all|blocklist.de/apache|blocklist.de/mail|ziyadnz/hourly-ipv4,blocklist.de|brute-force|apache|rfi|ddos|spam|mail|ziyadnz|hourly,2026-08-17T18:48:05Z,2026-08-17T18:48:05Z,
216.151.137.23,ipv4,attack,high,WHITE,blocklist.de/all|blocklist.de/apache|blocklist.de/mail|ziyadnz/hourly-ipv4,blocklist.de|brute-force|apache|rfi|ddos|spam|mail|ziyadnz|hourly,2026-08-17T18:48:05Z,2026-08-17T18:48:05Z,
216.151.137.24,ipv4,attack,high,WHITE,blocklist.de/all|blocklist.de/apache|blocklist.de/mail|ziyadnz/hourly-ipv4,blocklist.de|brute-force|apache|rfi|ddos|spam|mail|ziyadnz|hourly,2026-08-17T18:48:05Z,2026-08-17T18:48:05Z,
216.151.137.25,ipv4,attack,high,WHITE,blocklist.de/all|blocklist.de/apache|blocklist.de/mail|ziyadnz/hourly-ipv4,blocklist.de|brute-force|apache|rfi|ddos|spam|mail|ziyadnz|hourly,2026-08-17T18:48:05Z,2026-08-17T18:48:05Z,
216.151.137.26,ipv4,attack,high,WHITE,blocklist.de/all|blocklist.de/apache|blocklist.de/mail|ziyadnz/hourly-ipv4,blocklist.de|brute-force|apache|rfi|ddos|spam|mail|ziyadnz|hourly,2026-08-17T18:48:05Z,2026-08-17T18:48:05Z,
216.151.137.27,ipv4,attack,high,WHITE,blocklist.de/all|blocklist.de/apache|blocklist.de/mail|ziyadnz/hourly-ipv4,blocklist.de|brute-force|apache|rfi|ddos|spam|mail|ziyadnz|hourly,2026-08-17T18:48:05Z,2026-08-17T18:48:05Z,
216.151.137.28,ipv4,attack,high,WHITE,blocklist.de/all|blocklist.de/apache|blocklist.de/mail|ziyadnz/hourly-ipv4,blocklist.de|brute-force|apache|rfi|ddos|spam|mail|ziyadnz|hourly,2026-08-17T18:48:05Z,2026-08-17T18:48:05Z,
216.151.137.29,ipv4,attack,high,WHITE,blocklist.de/all|blocklist.de/apache|blocklist.de/mail|ziyadnz/hourly-ipv4,blocklist.de|brute-force|apache|rfi|ddos|spam|mail|ziyadnz|hourly,2026-08-17T18:48:05Z,2026-08-17T18:48:05Z,
216.151.137.30,ipv4,attack,high,WHITE,blocklist.de/all|blocklist.de/apache|blocklist.de/mail|ziyadnz/hourly-ipv4,blocklist.de|brute-force|apache|rfi|ddos|spam|mail|ziyadnz|hourly,2026-08-17T18:48:05Z,2026-08-17T18:48:05Z,
216.151.137.31,ipv4,attack,high,WHITE,blocklist.de/all|blocklist.de/apache|blocklist.de/mail|ziyadnz/hourly-ipv4,blocklist.de|brute-force|apache|rfi|ddos|spam|mail|ziyadnz|hourly,2026-08-17T18:48:05Z,2026-08-17T18:48:05Z,
216.151.137.32,ipv4,attack,high,WHITE,blocklist.de/all|blocklist.de/apache|blocklist.de/mail|ziyadnz/hourly-ipv4,blocklist.de|brute-force|apache|rfi|ddos|spam|mail|ziyadnz|hourly,2026-08-17T18:48:05Z,2026-08-17T18:48:05Z,
216.151.137.33,ipv4,attack,high,WHITE,blocklist.de/all|blocklist.de/apache|blocklist.de/mail|ziyadnz/hourly-ipv4,blocklist.de|brute-force|apache|rfi|ddos|spam|mail|ziyadnz|hourly,2026-08-17T18:48:05Z,2026-08-17T18:48:05Z,
216.151.137.34,ipv4,attack,high,WHITE,blocklist.de/all|blocklist.de/apache|blocklist.de/mail|ziyadnz/hourly-ipv4,blocklist.de|brute-force|apache|rfi|ddos|spam|mail|ziyadnz|hourly,2026-08-17T18:48:05Z,2026-08-17T18:48:05Z,
216.151.137.35,ipv4,attack,high,WHITE,blocklist.de/all|blocklist.de/apache|blocklist.de/mail|ziyadnz/hourly-ipv4,blocklist.de|brute-force|apache|rfi|ddos|spam|mail|ziyadnz|hourly,2026-08-17T18:48:05Z,2026-08-17T18:48:05Z,
216.151.137.36,ipv4,attack,high,WHITE,blocklist.de/all|blocklist.de/apache|blocklist.de/mail|ziyadnz/hourly-ipv4,blocklist.de|brute-force|apache|rfi|ddos|spam|mail|ziyadnz|hourly,2026-08-17T18:48:05Z,2026-08-17T18:48:05Z,
216.151.137.37,ipv4,attack,high,WHITE,blocklist.de/all|blocklist.de/apache|blocklist.de/mail|ziyadnz/hourly-ipv4,blocklist.de|brute-force|apache|rfi|ddos|spam|mail|ziyadnz|hourly,2026-08-17T18:48:05Z,2026-08-17T18:48:05Z,
216.151.137.38,ipv4,attack,high,WHITE,blocklist.de/all|blocklist.de/apache|blocklist.de/mail|ziyadnz/hourly-ipv4,blocklist.de|brute-force|apache|rfi|ddos|spam|mail|ziyadnz|hourly,2026-08-17T18:48:05Z,2026-08-17T18:48:05Z,
216.151.137.39,ipv4,attack,high,WHITE,blocklist.de/all|blocklist.de/apache|blocklist.de/mail|ziyadnz/hourly-ipv4,blocklist.de|brute-force|apache|rfi|ddos|spam|mail|ziyadnz|hourly,2026-08-17T18:48:05Z,2026-08-17T18:48:05Z,
216.151.137.40,ipv4,attack,high,WHITE,blocklist.de/all|blocklist.de/apache|blocklist.de/mail|ziyadnz/hourly-ipv4,blocklist.de|brute-force|apache|rfi|ddos|spam|mail|ziyadnz|hourly,2026-08-17T18:48:05Z,2026-08-17T18:48:05Z,
216.151.137.41,ipv4,attack,high,WHITE,blocklist.de/all|blocklist.de/apache|blocklist.de/mail|ziyadnz/hourly-ipv4,blocklist.de|brute-force|apache|rfi|ddos|spam|mail|ziyadnz|hourly,2026-08-17T18:48:05Z,2026-08-17T18:48:05Z,
216.151.137.42,ipv4,attack,high,WHITE,blocklist.de/all|blocklist.de/apache|blocklist.de/mail|ziyadnz/hourly-ipv4,blocklist.de|brute-force|apache|rfi|ddos|spam|mail|ziyadnz|hourly,2026-08-17T18:48:05Z,2026-08-17T18:48:05Z,
216.151.137.43,ipv4,attack,high,WHITE,blocklist.de/all|blocklist.de/apache|blocklist.de/mail|ziyadnz/hourly-ipv4,blocklist.de|brute-force|apache|rfi|ddos|spam|mail|ziyadnz|hourly,2026-08-17T18:48:05Z,2026-08-17T18:48:05Z,
216.151.137.44,ipv4,attack,high,WHITE,blocklist.de/all|blocklist.de/apache|blocklist.de/mail|ziyadnz/hourly-ipv4,blocklist.de|brute-force|apache|rfi|ddos|spam|mail|ziyadnz|hourly,2026-08-17T18:48:05Z,2026-08-17T18:48:05Z,
216.151.137.45,ipv4,attack,high,WHITE,blocklist.de/all|blocklist.de/apache|blocklist.de/mail|ziyadnz/hourly-ipv4,blocklist.de|brute-force|apache|rfi|ddos|spam|mail|ziyadnz|hourly,2026-08-17T18:48:05Z,2026-08-17T18:48:05Z,
216.151.137.46,ipv4,attack,high,WHITE,blocklist.de/all|blocklist.de/apache|blocklist.de/mail|ziyadnz/hourly-ipv4,blocklist.de|brute-force|apache|rfi|ddos|spam|mail|ziyadnz|hourly,2026-08-17T18:48:05Z,2026-08-17T18:48:05Z,
216.151.137.47,ipv4,attack,high,WHITE,blocklist.de/all|blocklist.de/apache|blocklist.de/mail|ziyadnz/hourly-ipv4,blocklist.de|brute-force|apache|rfi|ddos|spam|mail|ziyadnz|hourly,2026-08-17T18:48:05Z,2026-08-17T18:48:05Z,
216.151.137.48,ipv4,attack,high,WHITE,blocklist.de/all|blocklist.de/apache|blocklist.de/mail|ziyadnz/hourly-ipv4,blocklist.de|brute-force|apache|rfi|ddos|spam|mail|ziyadnz|hourly,2026-08-17T18:48:05Z,2026-08-17T18:48:05Z,
216.151.137.49,ipv4,attack,high,WHITE,blocklist.de/all|blocklist.de/apache|blocklist.de/mail|ziyadnz/hourly-ipv4,blocklist.de|brute-force|apache|rfi|ddos|spam|mail|ziyadnz|hourly,2026-08-17T18:48:05Z,2026-08-17T18:48:05Z,
216.151.137.50,ipv4,attack,high,WHITE,blocklist.de/all|blocklist.de/apache|blocklist.de/mail|ziyadnz/hourly-ipv4,blocklist.de|brute-force|apache|rfi|ddos|spam|mail|ziyadnz|hourly,2026-08-17T18:48:05Z,2026-08-17T18:48:05Z,
216.151.137.51,ipv4,attack,high,WHITE,blocklist.de/all|blocklist.de/apache|blocklist.de/mail|ziyadnz/hourly-ipv4,blocklist.de|brute-force|apache|rfi|ddos|spam|mail|ziyadnz|hourly,2026-08-17T18:48:05Z,2026-08-17T18:48:05Z,
216.151.137.52,ipv4,attack,high,WHITE,blocklist.de/all|blocklist.de/apache|blocklist.de/mail|ziyadnz/hourly-ipv4,blocklist.de|brute-force|apache|rfi|ddos|spam|mail|ziyadnz|hourly,2026-08-17T18:48:05Z,2026-08-17T18:48:05Z,
216.151.137.53,ipv4,attack,high,WHITE,blocklist.de/all|blocklist.de/apache|blocklist.de/mail|ziyadnz/hourly-ipv4,blocklist.de|brute-force|apache|rfi|ddos|spam|mail|ziyadnz|hourly,2026-08-17T18:48:05Z,2026-08-17T18:48:05Z,
216.151.137.54,ipv4,attack,high,WHITE,blocklist.de/all|blocklist.de/apache|blocklist.de/mail|ziyadnz/hourly-ipv4,blocklist.de|brute-force|apache|rfi|ddos|spam|mail|ziyadnz|hourly,2026-08-17T18:48:05Z,2026-08-17T18:48:05Z,
216.151.137.55,ipv4,attack,high,WHITE,blocklist.de/all|blocklist.de/apache|blocklist.de/mail|ziyadnz/hourly-ipv4,blocklist.de|brute-force|apache|rfi|ddos|spam|mail|ziyadnz|hourly,2026-08-17T18:48:05Z,2026-08-17T18:48:05Z,
216.151.137.56,ipv4,attack,high,WHITE,blocklist.de/all|blocklist.de/apache|blocklist.de/mail|ziyadnz/hourly-ipv4,blocklist.de|brute-force|apache|rfi|ddos|spam|mail|ziyadnz|hourly,2026-08-17T18:48:05Z,2026-08-17T18:48:05Z,
216.151.137.57,ipv4,attack,high,WHITE,blocklist.de/all|blocklist.de/apache|blocklist.de/mail|ziyadnz/hourly-ipv4,blocklist.de|brute-force|apache|rfi|ddos|spam|mail|ziyadnz|hourly,2026-08-17T18:48:05Z,2026-08-17T18:48:05Z,
216.151.137.58,ipv4,attack,high,WHITE,blocklist.de/all|blocklist.de/apache|blocklist.de/mail|ziyadnz/hourly-ipv4,blocklist.de|brute-force|apache|rfi|ddos|spam|mail|ziyadnz|hourly,2026-08-17T18:48:05Z,2026-08-17T18:48:05Z,
216.151.137.59,ipv4,attack,high,WHITE,blocklist.de/all|blocklist.de/apache|blocklist.de/mail|ziyadnz/hourly-ipv4,blocklist.de|brute-force|apache|rfi|ddos|spam|mail|ziyadnz|hourly,2026-08-17T18:48:05Z,2026-08-17T18:48:05Z,
216.151.137.60,ipv4,attack,high,WHITE,blocklist.de/all|blocklist.de/apache|blocklist.de/mail|ziyadnz/hourly-ipv4,blocklist.de|brute-force|apache|rfi|ddos|spam|mail|ziyadnz|hourly,2026-08-17T18:48:05Z,2026-08-17T18:48:05Z,
216.151.137.61,ipv4,attack,high,WHITE,blocklist.de/all|blocklist.de/apache|blocklist.de/mail|ziyadnz/hourly-ipv4,blocklist.de|brute-force|apache|rfi|ddos|spam|mail|ziyadnz|hourly,2026-08-17T18:48:05Z,2026-08-17T18:48:05Z,
216.151.137.62,ipv4,attack,high,WHITE,blocklist.de/all|blocklist.de/apache|blocklist.de/mail|ziyadnz/hourly-ipv4,blocklist.de|brute-force|apache|rfi|ddos|spam|mail|ziyadnz|hourly,2026-08-17T18:48:05Z,2026-08-17T18:48:05Z,
216.151.137.63,ipv4,attack,high,WHITE,blocklist.de/all|blocklist.de/apache|blocklist.de/mail|ziyadnz/hourly-ipv4,blocklist.de|brute-force|apache|rfi|ddos|spam|mail|ziyadnz|hourly,2026-08-17T18:48:05Z,2026-08-17T18:48:05Z,
216.151.137.64,ipv4,attack,high,WHITE,blocklist.de/all|blocklist.de/apache|blocklist.de/mail|ziyadnz/hourly-ipv4,blocklist.de|brute-force|apache|rfi|ddos|spam|mail|ziyadnz|hourly,2026-08-17T18:48:05Z,2026-08-17T18:48:05Z,
216.151.137.65,ipv4,attack,high,WHITE,blocklist.de/all|blocklist.de/apache|blocklist.de/mail|ziyadnz/hourly-ipv4,blocklist.de|brute-force|apache|rfi|ddos|spam|mail|ziyadnz|hourly,2026-08-17T18:48:05Z,2026-08-17T18:48:05Z,
216.151.137.66,ipv4,attack,high,WHITE,blocklist.de/all|blocklist.de/apache|blocklist.de/mail|ziyadnz/hourly-ipv4,blocklist.de|brute-force|apache|rfi|ddos|spam|mail|ziyadnz|hourly,2026-08-17T18:48:05Z,2026-08-17T18:48:05Z,
216.151.137.67,ipv4,attack,high,WHITE,blocklist.de/all|blocklist.de/apache|blocklist.de/mail|ziyadnz/hourly-ipv4,blocklist.de|brute-force|apache|rfi|ddos|spam|mail|ziyadnz|hourly,2026-08-17T18:48:05Z,2026-08-17T18:48:05Z,
216.151.137.68,ipv4,attack,high,WHITE,blocklist.de/all|blocklist.de/apache|blocklist.de/mail|ziyadnz/hourly-ipv4,blocklist.de|brute-force|apache|rfi|ddos|spam|mail|ziyadnz|hourly,2026-08-17T18:48:05Z,2026-08-17T18:48:05Z,
216.151.137.69,ipv4,attack,high,WHITE,blocklist.de/all|blocklist.de/apache|blocklist.de/mail|ziyadnz/hourly-ipv4,blocklist.de|brute-force|apache|rfi|ddos|spam|mail|ziyadnz|hourly,2026-08-17T18:48:05Z,2026-08-17T18:48:05Z,
216.151.137.70,ipv4,attack,high,WHITE,blocklist.de/all|blocklist.de/apache|blocklist.de/mail|ziyadnz/hourly-ipv4,blocklist.de|brute-force|apache|rfi|ddos|spam|mail|ziyadnz|hourly,2026-08-17T18:48:05Z,2026-08-17T18:48:05Z,
216.151.137.71,ipv4,attack,high,WHITE,blocklist.de/all|blocklist.de/apache|blocklist.de/mail|ziyadnz/hourly-ipv4,blocklist.de|brute-force|apache|rfi|ddos|spam|mail|ziyadnz|hourly,2026-08-17T18:48:05Z,2026-08-17T18:48:05Z,
216.151.137.72,ipv4,attack,high,WHITE,blocklist.de/all|blocklist.de/apache|blocklist.de/mail|ziyadnz/hourly-ipv4,blocklist.de|brute-force|apache|rfi|ddos|spam|mail|ziyadnz|hourly,2026-08-17T18:48:05Z,2026-08-17T18:48:05Z,
216.151.137.73,ipv4,attack,high,WHITE,blocklist.de/all|blocklist.de/apache|blocklist.de/mail|ziyadnz/hourly-ipv4,blocklist.de|brute-force|apache|rfi|ddos|spam|mail|ziyadnz|hourly,2026-08-17T18:48:05Z,2026-08-17T18:48:05Z,
216.151.137.74,ipv4,attack,high,WHITE,blocklist.de/all|blocklist.de/apache|blocklist.de/mail|ziyadnz/hourly-ipv4,blocklist.de|brute-force|apache|rfi|ddos|spam|mail|ziyadnz|hourly,2026-08-17T18:48:05Z,2026-08-17T18:48:05Z,
216.151.137.75,ipv4,attack,high,WHITE,blocklist.de/all|blocklist.de/apache|blocklist.de/mail|ziyadnz/hourly-ipv4,blocklist.de|brute-force|apache|rfi|ddos|spam|mail|ziyadnz|hourly,2026-08-17T18:48:05Z,2026-08-17T18:48:05Z,
216.151.137.76,ipv4,attack,high,WHITE,blocklist.de/all|blocklist.de/apache|blocklist.de/mail|ziyadnz/hourly-ipv4,blocklist.de|brute-force|apache|rfi|ddos|spam|mail|ziyadnz|hourly,2026-08-17T18:48:05Z,2026-08-17T18:48:05Z,
216.151.137.77,ipv4,attack,high,WHITE,blocklist.de/all|blocklist.de/apache|blocklist.de/mail|ziyadnz/hourly-ipv4,blocklist.de|brute-force|apache|rfi|ddos|spam|mail|ziyadnz|hourly,2026-08-17T18:48:05Z,2026-08-17T18:48:05Z,
216.151.137.78,ipv4,attack,high,WHITE,blocklist.de/all|blocklist.de/apache|blocklist.de/mail|ziyadnz/hourly-ipv4,blocklist.de|brute-force|apache|rfi|ddos|spam|mail|ziyadnz|hourly,2026-08-17T18:48:05Z,2026-08-17T18:48:05Z,
216.151.137.79,ipv4,attack,high,WHITE,blocklist.de/all|blocklist.de/apache|blocklist.de/mail|ziyadnz/hourly-ipv4,blocklist.de|brute-force|apache|rfi|ddos|spam|mail|ziyadnz|hourly,2026-08-17T18:48:05Z,2026-08-17T18:48:05Z,
216.151.137.80,ipv4,attack,high,WHITE,blocklist.de/all|blocklist.de/apache|blocklist.de/mail|ziyadnz/hourly-ipv4,blocklist.de|brute-force|apache|rfi|ddos|spam|mail|ziyadnz|hourly,2026-08-17T18:48:05Z,2026-08-17T18:48:05Z,
216.151.137.81,ipv4,attack,high,WHITE,blocklist.de/all|blocklist.de/apache|blocklist.de/mail|ziyadnz/hourly-ipv4,blocklist.de|brute-force|apache|rfi|ddos|spam|mail|ziyadnz|hourly,2026-08-17T18:48:05Z,2026-08-17T18:48:05Z,
216.151.137.82,ipv4,attack,high,WHITE,blocklist.de/all|blocklist.de/apache|blocklist.de/mail|ziyadnz/hourly-ipv4,blocklist.de|brute-force|apache|rfi|ddos|spam|mail|ziyadnz|hourly,2026-08-17T18:48:05Z,2026-08-17T18:48:05Z,
216.151.137.83,ipv4,attack,high,WHITE,blocklist.de/all|blocklist.de/apache|blocklist.de/mail|ziyadnz/hourly-ipv4,blocklist.de|brute-force|apache|rfi|ddos|spam|mail|ziyadnz|hourly,2026-08-17T18:48:05Z,2026-08-17T18:48:05Z,
216.151.137.84,ipv4,attack,high,WHITE,blocklist.de/all|blocklist.de/apache|blocklist.de/mail|ziyadnz/hourly-ipv4,blocklist.de|brute-force|apache|rfi|ddos|spam|mail|ziyadnz|hourly,2026-08-17T18:48:05Z,2026-08-17T18:48:05Z,
216.151.137.85,ipv4,attack,high,WHITE,blocklist.de/all|blocklist.de/apache|blocklist.de/mail|ziyadnz/hourly-ipv4,blocklist.de|brute-force|apache|rfi|ddos|spam|mail|ziyadnz|hourly,2026-08-17T18:48:05Z,2026-08-17T18:48:05Z,
216.151.137.86,ipv4,attack,high,WHITE,blocklist.de/all|blocklist.de/apache|blocklist.de/mail|ziyadnz/hourly-ipv4,blocklist.de|brute-force|apache|rfi|ddos|spam|mail|ziyadnz|hourly,2026-08-17T18:48:05Z,2026-08-17T18:48:05Z,
216.151.137.87,ipv4,attack,high,WHITE,blocklist.de/all|blocklist.de/apache|blocklist.de/mail|ziyadnz/hourly-ipv4,blocklist.de|brute-force|apache|rfi|ddos|spam|mail|ziyadnz|hourly,2026-08-17T18:48:05Z,2026-08-17T18:48:05Z,
216.151.137.88,ipv4,attack,high,WHITE,blocklist.de/all|blocklist.de/apache|blocklist.de/mail|ziyadnz/hourly-ipv4,blocklist.de|brute-force|apache|rfi|ddos|spam|mail|ziyadnz|hourly,2026-08-17T18:48:05Z,2026-08-17T18:48:05Z,
216.151.137.89,ipv4,attack,high,WHITE,blocklist.de/all|blocklist.de/apache|blocklist.de/mail|ziyadnz/hourly-ipv4,blocklist.de|brute-force|apache|rfi|ddos|spam|mail|ziyadnz|hourly,2026-08-17T18:48:05Z,2026-08-17T18:48:05Z,
216.151.137.90,ipv4,attack,high,WHITE,blocklist.de/all|blocklist.de/apache|blocklist.de/mail|ziyadnz/hourly-ipv4,blocklist.de|brute-force|apache|rfi|ddos|spam|mail|ziyadnz|hourly,2026-08-17T18:48:05Z,2026-08-17T18:48:05Z,
216.151.137.91,ipv4,attack,high,WHITE,blocklist.de/all|blocklist.de/apache|blocklist.de/mail|ziyadnz/hourly-ipv4,blocklist.de|brute-force|apache|rfi|ddos|spam|mail|ziyadnz|hourly,2026-08-17T18:48:05Z,2026-08-17T18:48:05Z,
216.151.137.92,ipv4,attack,high,WHITE,blocklist.de/all|blocklist.de/apache|blocklist.de/mail|ziyadnz/hourly-ipv4,blocklist.de|brute-force|apache|rfi|ddos|spam|mail|ziyadnz|hourly,2026-08-17T18:48:05Z,2026-08-17T18:48:05Z,
216.151.137.93,ipv4,attack,high,WHITE,blocklist.de/all|blocklist.de/apache|blocklist.de/mail|ziyadnz/hourly-ipv4,blocklist.de|brute-force|apache|rfi|ddos|spam|mail|ziyadnz|hourly,2026-08-17T18:48:05Z,2026-08-17T18:48:05Z,
216.151.137.94,ipv4,attack,high,WHITE,blocklist.de/all|blocklist.de/apache|blocklist.de/mail|ziyadnz/hourly-ipv4,blocklist.de|brute-force|apache|rfi|ddos|spam|mail|ziyadnz|hourly,2026-08-17T18:48:05Z,2026-08-17T18:48:05Z,
216.151.137.95,ipv4,attack,high,WHITE,blocklist.de/all|blocklist.de/apache|blocklist.de/mail|ziyadnz/hourly-ipv4,blocklist.de|brute-force|apache|rfi|ddos|spam|mail|ziyadnz|hourly,2026-08-17T18:48:05Z,2026-08-17T18:48:05Z,
216.151.137.96,ipv4,attack,high,WHITE,blocklist.de/all|blocklist.de/apache|blocklist.de/mail|ziyadnz/hourly-ipv4,blocklist.de|brute-force|apache|rfi|ddos|spam|mail|ziyadnz|hourly,2026-08-17T18:48:05Z,2026-08-17T18:48:05Z,
216.151.137.97,ipv4,attack,high,WHITE,blocklist.de/all|blocklist.de/apache|blocklist.de/mail|ziyadnz/hourly-ipv4,blocklist.de|brute-force|apache|rfi|ddos|spam|mail|ziyadnz|hourly,2026-08-17T18:48:05Z,2026-08-17T18:48:05Z,
216.151.137.98,ipv4,attack,high,WHITE,blocklist.de/all|blocklist.de/apache|blocklist.de/mail|ziyadnz/hourly-ipv4,blocklist.de|brute-force|apache|rfi|ddos|spam|mail|ziyadnz|hourly,2026-08-17T18:48:05Z,2026-08-17T18:48:05Z,
216.151.137.99,ipv4,attack,high,WHITE,blocklist.de/all|blocklist.de/apache|blocklist.de/mail|ziyadnz/hourly-ipv4,blocklist.de|brute-force|apache|rfi|ddos|spam|mail|ziyadnz|hourly,2026-08-17T18:48:05Z,2026-08-17T18:48:05Z,
216.151.137.100,ipv4,attack,high,WHITE,blocklist.de/all|blocklist.de/apache|blocklist.de/mail|ziyadnz/hourly-ipv4,blocklist.de|brute-force|apache|rfi|ddos|spam|mail|ziyadnz|hourly,2026-08-17T18:48:05Z,2026-08-17T18:48:05Z,
216.151.137.101,ipv4,attack,high,WHITE,blocklist.de/all|blocklist.de/apache|blocklist.de/mail|ziyadnz/hourly-ipv4,blocklist.de|brute-force|apache|rfi|ddos|spam|mail|ziyadnz|hourly,2026-08-17T18:48:05Z,2026-08-17T18:48:05Z,
216.151.137.102,ipv4,attack,high,WHITE,blocklist.de/all|blocklist.de/apache|blocklist.de/mail|ziyadnz/hourly-ipv4,blocklist.de|brute-force|apache|rfi|ddos|spam|mail|ziyadnz|hourly,2026-08-17T18:48:05Z,2026-08-17T18:48:05Z,
216.151.137.103,ipv4,attack,high,WHITE,blocklist.de/all|blocklist.de/apache|blocklist.de/mail|ziyadnz/hourly-ipv4,blocklist.de|brute-force|apache|rfi|ddos|spam|mail|ziyadnz|hourly,2026-08-17T18:48:05Z,2026-08-17T18:48:05Z,
216.151.137.104,ipv4,attack,high,WHITE,blocklist.de/all|blocklist.de/apache|blocklist.de/mail|ziyadnz/hourly-ipv4,blocklist.de|brute-force|apache|rfi|ddos|spam|mail|ziyadnz|hourly,2026-08-17T18:48:05Z,2026-08-17T18:48:05Z,
216.151.137.105,ipv4,attack,high,WHITE,blocklist.de/all|blocklist.de/apache|blocklist.de/mail|ziyadnz/hourly-ipv4,blocklist.de|brute-force|apache|rfi|ddos|spam|mail|ziyadnz|hourly,2026-08-17T18:48:05Z,2026-08-17T18:48:05Z,
216.151.137.106,ipv4,attack,high,WHITE,blocklist.de/all|blocklist.de/apache|blocklist.de/mail|ziyadnz/hourly-ipv4,blocklist.de|brute-force|apache|rfi|ddos|spam|mail|ziyadnz|hourly,2026-08-17T18:48:05Z,2026-08-17T18:48:05Z,
216.151.137.107,ipv4,attack,high,WHITE,blocklist.de/all|blocklist.de/apache|blocklist.de/mail|ziyadnz/hourly-ipv4,blocklist.de|brute-force|apache|rfi|ddos|spam|mail|ziyadnz|hourly,2026-08-17T18:48:05Z,2026-08-17T18:48:05Z,
216.151.137.108,ipv4,attack,high,WHITE,blocklist.de/all|blocklist.de/apache|blocklist.de/mail|ziyadnz/hourly-ipv4,blocklist.de|brute-force|apache|rfi|ddos|spam|mail|ziyadnz|hourly,2026-08-17T18:48:05Z,2026-08-17T18:48:05Z,
216.151.137.109,ipv4,attack,high,WHITE,blocklist.de/all|blocklist.de/apache|blocklist.de/mail|ziyadnz/hourly-ipv4,blocklist.de|brute-force|apache|rfi|ddos|spam|mail|ziyadnz|hourly,2026-08-17T18:48:05Z,2026-08-17T18:48:05Z,
216.151.137.110,ipv4,attack,high,WHITE,blocklist.de/all|blocklist.de/apache|blocklist.de/mail|ziyadnz/hourly-ipv4,blocklist.de|brute-force|apache|rfi|ddos|spam|mail|ziyadnz|hourly,2026-08-17T18:48:05Z,2026-08-17T18:48:05Z,
216.151.137.111,ipv4,attack,high,WHITE,blocklist.de/all|blocklist.de/apache|blocklist.de/mail|ziyadnz/hourly-ipv4,blocklist.de|brute-force|apache|rfi|ddos|spam|mail|ziyadnz|hourly,2026-08-17T18:48:05Z,2026-08-17T18:48:05Z,
216.151.137.112,ipv4,attack,high,WHITE,blocklist.de/all|blocklist.de/apache|blocklist.de/mail|ziyadnz/hourly-ipv4,blocklist.de|brute-force|apache|rfi|ddos|spam|mail|ziyadnz|hourly,2026-08-17T18:48:05Z,2026-08-17T18:48:05Z,
216.151.137.113,ipv4,attack,high,WHITE,blocklist.de/all|blocklist.de/apache|blocklist.de/mail|ziyadnz/hourly-ipv4,blocklist.de|brute-force|apache|rfi|ddos|spam|mail|ziyadnz|hourly,2026-08-17T18:48:05Z,2026-08-17T18:48:05Z,
216.151.137.114,ipv4,attack,high,WHITE,blocklist.de/all|blocklist.de/apache|blocklist.de/mail|ziyadnz/hourly-ipv4,blocklist.de|brute-force|apache|rfi|ddos|spam|mail|ziyadnz|hourly,2026-08-17T18:48:05Z,2026-08-17T18:48:05Z,
216.151.137.115,ipv4,attack,high,WHITE,blocklist.de/all|blocklist.de/apache|blocklist.de/mail|ziyadnz/hourly-ipv4,blocklist.de|brute-force|apache|rfi|ddos|spam|mail|ziyadnz|hourly,2026-08-17T18:48:05Z,2026-08-17T18:48:05Z,
216.151.137.116,ipv4,attack,high,WHITE,blocklist.de/all|blocklist.de/apache|blocklist.de/mail|ziyadnz/hourly-ipv4,blocklist.de|brute-force|apache|rfi|ddos|spam|mail|ziyadnz|hourly,2026-08-17T18:48:05Z,2026-08-17T18:48:05Z,
216.151.137.117,ipv4,attack,high,WHITE,blocklist.de/all|blocklist.de/apache|blocklist.de/mail|ziyadnz/hourly-ipv4,blocklist.de|brute-force|apache|rfi|ddos|spam|mail|ziyadnz|hourly,2026-08-17T18:48:05Z,2026-08-17T18:48:05Z,
216.151.137.118,ipv4,attack,high,WHITE,blocklist.de/all|blocklist.de/apache|blocklist.de/mail|ziyadnz/hourly-ipv4,blocklist.de|brute-force|apache|rfi|ddos|spam|mail|ziyadnz|hourly,2026-08-17T18:48:05Z,2026-08-17T18:48:05Z,
216.151.137.119,ipv4,attack,high,WHITE,blocklist.de/all|blocklist.de/apache|blocklist.de/mail|ziyadnz/hourly-ipv4,blocklist.de|brute-force|apache|rfi|ddos|spam|mail|ziyadnz|hourly,2026-08-17T18:48:05Z,2026-08-17T18:48:05Z,
216.151.137.120,ipv4,attack,high,WHITE,blocklist.de/all|blocklist.de/apache|blocklist.de/mail|ziyadnz/hourly-ipv4,blocklist.de|brute-force|apache|rfi|ddos|spam|mail|ziyadnz|hourly,2026-08-17T18:48:05Z,2026-08-17T18:48:05Z,
216.151.137.121,ipv4,attack,high,WHITE,blocklist.de/all|blocklist.de/apache|blocklist.de/mail|ziyadnz/hourly-ipv4,blocklist.de|brute-force|apache|rfi|ddos|spam|mail|ziyadnz|hourly,2026-08-17T18:48:05Z,2026-08-17T18:48:05Z,
216.151.137.122,ipv4,attack,high,WHITE,blocklist.de/all|blocklist.de/apache|blocklist.de/mail|ziyadnz/hourly-ipv4,blocklist.de|brute-force|apache|rfi|ddos|spam|mail|ziyadnz|hourly,2026-08-17T18:48:05Z,2026-08-17T18:48:05Z,
216.151.137.123,ipv4,attack,high,WHITE,blocklist.de/all|blocklist.de/apache|blocklist.de/mail|ziyadnz/hourly-ipv4,blocklist.de|brute-force|apache|rfi|ddos|spam|mail|ziyadnz|hourly,2026-08-17T18:48:05Z,2026-08-17T18:48:05Z,
216.151.137.124,ipv4,attack,high,WHITE,blocklist.de/all|blocklist.de/apache|blocklist.de/mail|ziyadnz/hourly-ipv4,blocklist.de|brute-force|apache|rfi|ddos|spam|mail|ziyadnz|hourly,2026-08-17T18:48:05Z,2026-08-17T18:48:05Z,
216.151.137.125,ipv4,attack,high,WHITE,blocklist.de/all|blocklist.de/apache|blocklist.de/mail|ziyadnz/hourly-ipv4,blocklist.de|brute-force|apache|rfi|ddos|spam|mail|ziyadnz|hourly,2026-08-17T18:48:05Z,2026-08-17T18:48:05Z,
216.151.137.126,ipv4,attack,high,WHITE,blocklist.de/all|blocklist.de/apache|blocklist.de/mail|ziyadnz/hourly-ipv4,blocklist.de|brute-force|apache|rfi|ddos|spam|mail|ziyadnz|hourly,2026-08-17T18:48:05Z,2026-08-17T18:48:05Z,
216.151.137.127,ipv4,attack,high,WHITE,blocklist.de/all|blocklist.de/apache|blocklist.de/mail|ziyadnz/hourly-ipv4,blocklist.de|brute-force|apache|rfi|ddos|spam|mail|ziyadnz|hourly,2026-08-17T18:48:05Z,2026-08-17T18:48:05Z,
216.151.137.128,ipv4,attack,high,WHITE,blocklist.de/all|blocklist.de/apache|blocklist.de/mail|ziyadnz/hourly-ipv4,blocklist.de|brute-force|apache|rfi|ddos|spam|mail|ziyadnz|hourly,2026-08-17T18:48:05Z,2026-08-17T18:48:05Z,
216.151.137.129,ipv4,attack,high,WHITE,blocklist.de/all|blocklist.de/apache|blocklist.de/mail|ziyadnz/hourly-ipv4,blocklist.de|brute-force|apache|rfi|ddos|spam|mail|ziyadnz|hourly,2026-08-17T18:48:05Z,2026-08-17T18:48:05Z,
216.151.137.130,ipv4,attack,high,WHITE,blocklist.de/all|blocklist.de/apache|blocklist.de/mail|ziyadnz/hourly-ipv4,blocklist.de|brute-force|apache|rfi|ddos|spam|mail|ziyadnz|hourly,2026-08-17T18:48:05Z,2026-08-17T18:48:05Z,
216.151.137.131,ipv4,attack,high,WHITE,blocklist.de/all|blocklist.de/apache|blocklist.de/mail|ziyadnz/hourly-ipv4,blocklist.de|brute-force|apache|rfi|ddos|spam|mail|ziyadnz|hourly,2026-08-17T18:48:05Z,2026-08-17T18:48:05Z,
216.151.137.132,ipv4,attack,high,WHITE,blocklist.de/all|blocklist.de/apache|blocklist.de/mail|ziyadnz/hourly-ipv4,blocklist.de|brute-force|apache|rfi|ddos|spam|mail|ziyadnz|hourly,2026-08-17T18:48:05Z,2026-08-17T18:48:05Z,
216.151.137.133,ipv4,attack,high,WHITE,blocklist.de/all|blocklist.de/apache|blocklist.de/mail|ziyadnz/hourly-ipv4,blocklist.de|brute-force|apache|rfi|ddos|spam|mail|ziyadnz|hourly,2026-08-17T18:48:05Z,2026-08-17T18:48:05Z,
216.151.137.134,ipv4,attack,high,WHITE,blocklist.de/all|blocklist.de/apache|blocklist.de/mail|ziyadnz/hourly-ipv4,blocklist.de|brute-force|apache|rfi|ddos|spam|mail|ziyadnz|hourly,2026-08-17T18:48:05Z,2026-08-17T18:48:05Z,
216.151.137.135,ipv4,attack,high,WHITE,blocklist.de/all|blocklist.de/apache|blocklist.de/mail|ziyadnz/hourly-ipv4,blocklist.de|brute-force|apache|rfi|ddos|spam|mail|ziyadnz|hourly,2026-08-17T18:48:05Z,2026-08-17T18:48:05Z,
216.151.137.136,ipv4,attack,high,WHITE,blocklist.de/all|blocklist.de/apache|blocklist.de/mail|ziyadnz/hourly-ipv4,blocklist.de|brute-force|apache|rfi|ddos|spam|mail|ziyadnz|hourly,2026-08-17T18:48:05Z,2026-08-17T18:48:05Z,
216.151.137.137,ipv4,attack,high,WHITE,blocklist.de/all|blocklist.de/apache|blocklist.de/mail|ziyadnz/hourly-ipv4,blocklist.de|brute-force|apache|rfi|ddos|spam|mail|ziyadnz|hourly,2026-08-17T18:48:05Z,2026-08-17T18:48:05Z,
216.151.137.138,ipv4,attack,high,WHITE,blocklist.de/all|blocklist.de/apache|blocklist.de/mail|ziyadnz/hourly-ipv4,blocklist.de|brute-force|apache|rfi|ddos|spam|mail|ziyadnz|hourly,2026-08-17T18:48:05Z,2026-08-17T18:48:05Z,
216.151.137.139,ipv4,attack,high,WHITE,blocklist.de/all|blocklist.de/apache|blocklist.de/mail|ziyadnz/hourly-ipv4,blocklist.de|brute-force|apache|rfi|ddos|spam|mail|ziyadnz|hourly,2026-08-17T18:48:05Z,2026-08-17T18:48:05Z,
216.151.137.140,ipv4,attack,high,WHITE,blocklist.de/all|blocklist.de/apache|blocklist.de/mail|ziyadnz/hourly-ipv4,blocklist.de|brute-force|apache|rfi|ddos|spam|mail|ziyadnz|hourly,2026-08-17T18:48:05Z,2026-08-17T18:48:05Z,
216.151.137.141,ipv4,attack,high,WHITE,blocklist.de/all|blocklist.de/apache|blocklist.de/mail|ziyadnz/hourly-ipv4,blocklist.de|brute-force|apache|rfi|ddos|spam|mail|ziyadnz|hourly,2026-08-17T18:48:05Z,2026-08-17T18:48:05Z,
216.151.137.142,ipv4,attack,high,WHITE,blocklist.de/all|blocklist.de/apache|blocklist.de/mail|ziyadnz/hourly-ipv4,blocklist.de|brute-force|apache|rfi|ddos|spam|mail|ziyadnz|hourly,2026-08-17T18:48:05Z,2026-08-17T18:48:05Z,
216.151.137.143,ipv4,attack,high,WHITE,blocklist.de/all|blocklist.de/apache|blocklist.de/mail|ziyadnz/hourly-ipv4,blocklist.de|brute-force|apache|rfi|ddos|spam|mail|ziyadnz|hourly,2026-08-17T18:48:05Z,2026-08-17T18:48:05Z,
216.151.137.144,ipv4,attack,high,WHITE,blocklist.de/all|blocklist.de/apache|blocklist.de/mail|ziyadnz/hourly-ipv4,blocklist.de|brute-force|apache|rfi|ddos|spam|mail|ziyadnz|hourly,2026-08-17T18:48:05Z,2026-08-17T18:48:05Z,
216.151.137.145,ipv4,attack,high,WHITE,blocklist.de/all|blocklist.de/apache|blocklist.de/mail|ziyadnz/hourly-ipv4,blocklist.de|brute-force|apache|rfi|ddos|spam|mail|ziyadnz|hourly,2026-08-17T18:48:05Z,2026-08-17T18:48:05Z,
216.151.137.146,ipv4,attack,high,WHITE,blocklist.de/all|blocklist.de/apache|blocklist.de/mail|ziyadnz/hourly-ipv4,blocklist.de|brute-force|apache|rfi|ddos|spam|mail|ziyadnz|hourly,2026-08-17T18:48:05Z,2026-08-17T18:48:05Z,
216.151.137.147,ipv4,attack,high,WHITE,blocklist.de/all|blocklist.de/apache|blocklist.de/mail|ziyadnz/hourly-ipv4,blocklist.de|brute-force|apache|rfi|ddos|spam|mail|ziyadnz|hourly,2026-08-17T18:48:05Z,2026-08-17T18:48:05Z,
216.151.137.148,ipv4,attack,high,WHITE,blocklist.de/all|blocklist.de/apache|blocklist.de/mail|ziyadnz/hourly-ipv4,blocklist.de|brute-force|apache|rfi|ddos|spam|mail|ziyadnz|hourly,2026-08-17T18:48:05Z,2026-08-17T18:48:05Z,
216.151.137.149,ipv4,attack,high,WHITE,blocklist.de/all|blocklist.de/apache|blocklist.de/mail|ziyadnz/hourly-ipv4,blocklist.de|brute-force|apache|rfi|ddos|spam|mail|ziyadnz|hourly,2026-08-17T18:48:05Z,2026-08-17T18:48:05Z,
216.151.137.150,ipv4,attack,high,WHITE,blocklist.de/all|blocklist.de/apache|blocklist.de/mail|ziyadnz/hourly-ipv4,blocklist.de|brute-force|apache|rfi|ddos|spam|mail|ziyadnz|hourly,2026-08-17T18:48:05Z,2026-08-17T18:48:05Z,
216.151.137.151,ipv4,attack,high,WHITE,blocklist.de/all|blocklist.de/apache|blocklist.de/mail|ziyadnz/hourly-ipv4,blocklist.de|brute-force|apache|rfi|ddos|spam|mail|ziyadnz|hourly,2026-08-17T18:48:05Z,2026-08-17T18:48:05Z,
216.151.137.152,ipv4,attack,high,WHITE,blocklist.de/all|blocklist.de/apache|blocklist.de/mail|ziyadnz/hourly-ipv4,blocklist.de|brute-force|apache|rfi|ddos|spam|mail|ziyadnz|hourly,2026-08-17T18:48:05Z,2026-08-17T18:48:05Z,
216.151.137.153,ipv4,attack,high,WHITE,blocklist.de/all|blocklist.de/apache|blocklist.de/mail|ziyadnz/hourly-ipv4,blocklist.de|brute-force|apache|rfi|ddos|spam|mail|ziyadnz|hourly,2026-08-17T18:48:05Z,2026-08-17T18:48:05Z,
216.151.137.154,ipv4,attack,high,WHITE,blocklist.de/all|blocklist.de/apache|blocklist.de/mail|ziyadnz/hourly-ipv4,blocklist.de|brute-force|apache|rfi|ddos|spam|mail|ziyadnz|hourly,2026-08-17T18:48:05Z,2026-08-17T18:48:05Z,
216.151.137.155,ipv4,attack,high,WHITE,blocklist.de/all|blocklist.de/apache|blocklist.de/mail|ziyadnz/hourly-ipv4,blocklist.de|brute-force|apache|rfi|ddos|spam|mail|ziyadnz|hourly,2026-08-17T18:48:05Z,2026-08-17T18:48:05Z,
216.151.137.156,ipv4,attack,high,WHITE,blocklist.de/all|blocklist.de/apache|blocklist.de/mail|ziyadnz/hourly-ipv4,blocklist.de|brute-force|apache|rfi|ddos|spam|mail|ziyadnz|hourly,2026-08-17T18:48:05Z,2026-08-17T18:48:05Z,
216.151.137.157,ipv4,attack,high,WHITE,blocklist.de/all|blocklist.de/apache|blocklist.de/mail|ziyadnz/hourly-ipv4,blocklist.de|brute-force|apache|rfi|ddos|spam|mail|ziyadnz|hourly,2026-08-17T18:48:05Z,2026-08-17T18:48:05Z,
216.151.137.158,ipv4,attack,high,WHITE,blocklist.de/all|blocklist.de/apache|blocklist.de/mail|ziyadnz/hourly-ipv4,blocklist.de|brute-force|apache|rfi|ddos|spam|mail|ziyadnz|hourly,2026-08-17T18:48:05Z,2026-08-17T18:48:05Z,
216.151.137.159,ipv4,attack,high,WHITE,blocklist.de/all|blocklist.de/apache|blocklist.de/mail|ziyadnz/hourly-ipv4,blocklist.de|brute-force|apache|rfi|ddos|spam|mail|ziyadnz|hourly,2026-08-17T18:48:05Z,2026-08-17T18:48:05Z,
216.151.137.160,ipv4,attack,high,WHITE,blocklist.de/all|blocklist.de/apache|blocklist.de/mail|ziyadnz/hourly-ipv4,blocklist.de|brute-force|apache|rfi|ddos|spam|mail|ziyadnz|hourly,2026-08-17T18:48:05Z,2026-08-17T18:48:05Z,
216.151.137.161,ipv4,attack,high,WHITE,blocklist.de/all|blocklist.de/apache|blocklist.de/mail|ziyadnz/hourly-ipv4,blocklist.de|brute-force|apache|rfi|ddos|spam|mail|ziyadnz|hourly,2026-08-17T18:48:05Z,2026-08-17T18:48:05Z,
216.151.137.162,ipv4,attack,high,WHITE,blocklist.de/all|blocklist.de/apache|blocklist.de/mail|ziyadnz/hourly-ipv4,blocklist.de|brute-force|apache|rfi|ddos|spam|mail|ziyadnz|hourly,2026-08-17T18:48:05Z,2026-08-17T18:48:05Z,
216.151.137.163,ipv4,attack,high,WHITE,blocklist.de/all|blocklist.de/apache|blocklist.de/mail|ziyadnz/hourly-ipv4,blocklist.de|brute-force|apache|rfi|ddos|spam|mail|ziyadnz|hourly,2026-08-17T18:48:05Z,2026-08-17T18:48:05Z,
216.151.137.164,ipv4,attack,high,WHITE,blocklist.de/all|blocklist.de/apache|blocklist.de/mail|ziyadnz/hourly-ipv4,blocklist.de|brute-force|apache|rfi|ddos|spam|mail|ziyadnz|hourly,2026-08-17T18:48:05Z,2026-08-17T18:48:05Z,
216.151.137.165,ipv4,attack,high,WHITE,blocklist.de/all|blocklist.de/apache|blocklist.de/mail|ziyadnz/hourly-ipv4,blocklist.de|brute-force|apache|rfi|ddos|spam|mail|ziyadnz|hourly,2026-08-17T18:48:05Z,2026-08-17T18:48:05Z,
216.151.137.166,ipv4,attack,high,WHITE,blocklist.de/all|blocklist.de/apache|blocklist.de/mail|ziyadnz/hourly-ipv4,blocklist.de|brute-force|apache|rfi|ddos|spam|mail|ziyadnz|hourly,2026-08-17T18:48:05Z,2026-08-17T18:48:05Z,
216.151.137.167,ipv4,attack,high,WHITE,blocklist.de/all|blocklist.de/apache|blocklist.de/mail|ziyadnz/hourly-ipv4,blocklist.de|brute-force|apache|rfi|ddos|spam|mail|ziyadnz|hourly,2026-08-17T18:48:05Z,2026-08-17T18:48:05Z,
216.151.137.168,ipv4,attack,high,WHITE,blocklist.de/all|blocklist.de/apache|blocklist.de/mail|ziyadnz/hourly-ipv4,blocklist.de|brute-force|apache|rfi|ddos|spam|mail|ziyadnz|hourly,2026-08-17T18:48:05Z,2026-08-17T18:48:05Z,
216.151.137.169,ipv4,attack,high,WHITE,blocklist.de/all|blocklist.de/apache|blocklist.de/mail|ziyadnz/hourly-ipv4,blocklist.de|brute-force|apache|rfi|ddos|spam|mail|ziyadnz|hourly,2026-08-17T18:48:05Z,2026-08-17T18:48:05Z,
216.151.137.170,ipv4,attack,high,WHITE,blocklist.de/all|blocklist.de/apache|blocklist.de/mail|ziyadnz/hourly-ipv4,blocklist.de|brute-force|apache|rfi|ddos|spam|mail|ziyadnz|hourly,2026-08-17T18:48:05Z,2026-08-17T18:48:05Z,
216.151.137.171,ipv4,attack,high,WHITE,blocklist.de/all|blocklist.de/apache|blocklist.de/mail|ziyadnz/hourly-ipv4,blocklist.de|brute-force|apache|rfi|ddos|spam|mail|ziyadnz|hourly,2026-08-17T18:48:05Z,2026-08-17T18:48:05Z,
216.151.137.172,ipv4,attack,high,WHITE,blocklist.de/all|blocklist.de/apache|blocklist.de/mail|ziyadnz/hourly-ipv4,blocklist.de|brute-force|apache|rfi|ddos|spam|mail|ziyadnz|hourly,2026-08-17T18:48:05Z,2026-08-17T18:48:05Z,
216.151.137.173,ipv4,attack,high,WHITE,blocklist.de/all|blocklist.de/apache|blocklist.de/mail|ziyadnz/hourly-ipv4,blocklist.de|brute-force|apache|rfi|ddos|spam|mail|ziyadnz|hourly,2026-08-17T18:48:05Z,2026-08-17T18:48:05Z,
216.151.137.174,ipv4,attack,high,WHITE,blocklist.de/all|blocklist.de/apache|blocklist.de/mail|ziyadnz/hourly-ipv4,blocklist.de|brute-force|apache|rfi|ddos|spam|mail|ziyadnz|hourly,2026-08-17T18:48:05Z,2026-08-17T18:48:05Z,
216.151.137.175,ipv4,attack,high,WHITE,blocklist.de/all|blocklist.de/apache|blocklist.de/mail|ziyadnz/hourly-ipv4,blocklist.de|brute-force|apache|rfi|ddos|spam|mail|ziyadnz|hourly,2026-08-17T18:48:05Z,2026-08-17T18:48:05Z,
216.151.137.176,ipv4,attack,high,WHITE,blocklist.de/all|blocklist.de/apache|blocklist.de/mail|ziyadnz/hourly-ipv4,blocklist.de|brute-force|apache|rfi|ddos|spam|mail|ziyadnz|hourly,2026-08-17T18:48:05Z,2026-08-17T18:48:05Z,
216.151.137.177,ipv4,attack,high,WHITE,blocklist.de/all|blocklist.de/apache|blocklist.de/mail|ziyadnz/hourly-ipv4,blocklist.de|brute-force|apache|rfi|ddos|spam|mail|ziyadnz|hourly,2026-08-17T18:48:05Z,2026-08-17T18:48:05Z,
216.151.137.178,ipv4,attack,high,WHITE,blocklist.de/all|blocklist.de/apache|blocklist.de/mail|ziyadnz/hourly-ipv4,blocklist.de|brute-force|apache|rfi|ddos|spam|mail|ziyadnz|hourly,2026-08-17T18:48:05Z,2026-08-17T18:48:05Z,
216.151.137.179,ipv4,attack,high,WHITE,blocklist.de/all|blocklist.de/apache|blocklist.de/mail|ziyadnz/hourly-ipv4,blocklist.de|brute-force|apache|rfi|ddos|spam|mail|ziyadnz|hourly,2026-08-17T18:48:05Z,2026-08-17T18:48:05Z,
216.151.137.180,ipv4,attack,high,WHITE,blocklist.de/all|blocklist.de/apache|blocklist.de/mail|ziyadnz/hourly-ipv4,blocklist.de|brute-force|apache|rfi|ddos|spam|mail|ziyadnz|hourly,2026-08-17T18:48:05Z,2026-08-17T18:48:05Z,
216.151.137.181,ipv4,attack,high,WHITE,blocklist.de/all|blocklist.de/apache|blocklist.de/mail|ziyadnz/hourly-ipv4,blocklist.de|brute-force|apache|rfi|ddos|spam|mail|ziyadnz|hourly,2026-08-17T18:48:05Z,2026-08-17T18:48:05Z,
216.151.137.182,ipv4,attack,high,WHITE,blocklist.de/all|blocklist.de/apache|blocklist.de/mail|ziyadnz/hourly-ipv4,blocklist.de|brute-force|apache|rfi|ddos|spam|mail|ziyadnz|hourly,2026-08-17T18:48:05Z,2026-08-17T18:48:05Z,
216.151.137.183,ipv4,attack,high,WHITE,blocklist.de/all|blocklist.de/apache|blocklist.de/mail|ziyadnz/hourly-ipv4,blocklist.de|brute-force|apache|rfi|ddos|spam|mail|ziyadnz|hourly,2026-08-17T18:48:05Z,2026-08-17T18:48:05Z,
216.151.137.184,ipv4,attack,high,WHITE,blocklist.de/all|blocklist.de/apache|blocklist.de/mail|ziyadnz/hourly-ipv4,blocklist.de|brute-force|apache|rfi|ddos|spam|mail|ziyadnz|hourly,2026-08-17T18:48:05Z,2026-08-17T18:48:05Z,
216.151.137.185,ipv4,attack,high,WHITE,blocklist.de/all|blocklist.de/apache|blocklist.de/mail|ziyadnz/hourly-ipv4,blocklist.de|brute-force|apache|rfi|ddos|spam|mail|ziyadnz|hourly,2026-08-17T18:48:05Z,2026-08-17T18:48:05Z,
216.151.137.186,ipv4,attack,high,WHITE,blocklist.de/all|blocklist.de/apache|blocklist.de/mail|ziyadnz/hourly-ipv4,blocklist.de|brute-force|apache|rfi|ddos|spam|mail|ziyadnz|hourly,2026-08-17T18:48:05Z,2026-08-17T18:48:05Z,
216.151.137.187,ipv4,attack,high,WHITE,blocklist.de/all|blocklist.de/apache|blocklist.de/mail|ziyadnz/hourly-ipv4,blocklist.de|brute-force|apache|rfi|ddos|spam|mail|ziyadnz|hourly,2026-08-17T18:48:05Z,2026-08-17T18:48:05Z,
216.151.137.188,ipv4,attack,high,WHITE,blocklist.de/all|blocklist.de/apache|blocklist.de/mail|ziyadnz/hourly-ipv4,blocklist.de|brute-force|apache|rfi|ddos|spam|mail|ziyadnz|hourly,2026-08-17T18:48:05Z,2026-08-17T18:48:05Z,
216.151.137.189,ipv4,attack,high,WHITE,blocklist.de/all|blocklist.de/apache|blocklist.de/mail|ziyadnz/hourly-ipv4,blocklist.de|brute-force|apache|rfi|ddos|spam|mail|ziyadnz|hourly,2026-08-17T18:48:05Z,2026-08-17T18:48:05Z,
216.151.137.190,ipv4,attack,high,WHITE,blocklist.de/all|blocklist.de/apache|blocklist.de/mail|ziyadnz/hourly-ipv4,blocklist.de|brute-force|apache|rfi|ddos|spam|mail|ziyadnz|hourly,2026-08-17T18:48:05Z,2026-08-17T18:48:05Z,
216.151.137.191,ipv4,attack,high,WHITE,blocklist.de/all|blocklist.de/apache|blocklist.de/mail|ziyadnz/hourly-ipv4,blocklist.de|brute-force|apache|rfi|ddos|spam|mail|ziyadnz|hourly,2026-08-17T18:48:05Z,2026-08-17T18:48:05Z,
216.151.137.192,ipv4,attack,high,WHITE,blocklist.de/all|blocklist.de/apache|blocklist.de/mail|ziyadnz/hourly-ipv4,blocklist.de|brute-force|apache|rfi|ddos|spam|mail|ziyadnz|hourly,2026-08-17T18:48:05Z,2026-08-17T18:48:05Z,
216.151.137.193,ipv4,attack,high,WHITE,blocklist.de/all|blocklist.de/apache|blocklist.de/mail|ziyadnz/hourly-ipv4,blocklist.de|brute-force|apache|rfi|ddos|spam|mail|ziyadnz|hourly,2026-08-17T18:48:05Z,2026-08-17T18:48:05Z,
216.151.137.194,ipv4,attack,high,WHITE,blocklist.de/all|blocklist.de/apache|blocklist.de/mail|ziyadnz/hourly-ipv4,blocklist.de|brute-force|apache|rfi|ddos|spam|mail|ziyadnz|hourly,2026-08-17T18:48:05Z,2026-08-17T18:48:05Z,
216.151.137.195,ipv4,attack,high,WHITE,blocklist.de/all|blocklist.de/apache|blocklist.de/mail|ziyadnz/hourly-ipv4,blocklist.de|brute-force|apache|rfi|ddos|spam|mail|ziyadnz|hourly,2026-08-17T18:48:05Z,2026-08-17T18:48:05Z,
216.151.137.196,ipv4,attack,high,WHITE,blocklist.de/all|blocklist.de/apache|blocklist.de/mail|ziyadnz/hourly-ipv4,blocklist.de|brute-force|apache|rfi|ddos|spam|mail|ziyadnz|hourly,2026-08-17T18:48:05Z,2026-08-17T18:48:05Z,
216.151.137.197,ipv4,attack,high,WHITE,blocklist.de/all|blocklist.de/apache|blocklist.de/mail|ziyadnz/hourly-ipv4,blocklist.de|brute-force|apache|rfi|ddos|spam|mail|ziyadnz|hourly,2026-08-17T18:48:05Z,2026-08-17T18:48:05Z,
216.151.137.198,ipv4,attack,high,WHITE,blocklist.de/all|blocklist.de/apache|blocklist.de/mail|ziyadnz/hourly-ipv4,blocklist.de|brute-force|apache|rfi|ddos|spam|mail|ziyadnz|hourly,2026-08-17T18:48:05Z,2026-08-17T18:48:05Z,
216.151.137.199,ipv4,attack,high,WHITE,blocklist.de/all|blocklist.de/apache|blocklist.de/mail|ziyadnz/hourly-ipv4,blocklist.de|brute-force|apache|rfi|ddos|spam|mail|ziyadnz|hourly,2026-08-17T18:48:05Z,2026-08-17T18:48:05Z,
216.151.137.200,ipv4,attack,high,WHITE,blocklist.de/all|blocklist.de/apache|blocklist.de/mail|ziyadnz/hourly-ipv4,blocklist.de|brute-force|apache|rfi|ddos|spam|mail|ziyadnz|hourly,2026-08-17T18:48:05Z,2026-08-17T18:48:05Z,
216.151.137.201,ipv4,attack,high,WHITE,blocklist.de/all|blocklist.de/apache|blocklist.de/mail|ziyadnz/hourly-ipv4,blocklist.de|brute-force|apache|rfi|ddos|spam|mail|ziyadnz|hourly,2026-08-17T18:48:05Z,2026-08-17T18:48:05Z,
216.151.137.202,ipv4,attack,high,WHITE,blocklist.de/all|blocklist.de/apache|blocklist.de/mail|ziyadnz/hourly-ipv4,blocklist.de|brute-force|apache|rfi|ddos|spam|mail|ziyadnz|hourly,2026-08-17T18:48:05Z,2026-08-17T18:48:05Z,
216.151.137.203,ipv4,attack,high,WHITE,blocklist.de/all|blocklist.de/apache|blocklist.de/mail|ziyadnz/hourly-ipv4,blocklist.de|brute-force|apache|rfi|ddos|spam|mail|ziyadnz|hourly,2026-08-17T18:48:05Z,2026-08-17T18:48:05Z,
216.151.137.204,ipv4,attack,high,WHITE,blocklist.de/all|blocklist.de/apache|blocklist.de/mail|ziyadnz/hourly-ipv4,blocklist.de|brute-force|apache|rfi|ddos|spam|mail|ziyadnz|hourly,2026-08-17T18:48:05Z,2026-08-17T18:48:05Z,
216.151.137.205,ipv4,attack,high,WHITE,blocklist.de/all|blocklist.de/apache|blocklist.de/mail|ziyadnz/hourly-ipv4,blocklist.de|brute-force|apache|rfi|ddos|spam|mail|ziyadnz|hourly,2026-08-17T18:48:05Z,2026-08-17T18:48:05Z,
216.151.137.206,ipv4,attack,high,WHITE,blocklist.de/all|blocklist.de/apache|blocklist.de/mail|ziyadnz/hourly-ipv4,blocklist.de|brute-force|apache|rfi|ddos|spam|mail|ziyadnz|hourly,2026-08-17T18:48:05Z,2026-08-17T18:48:05Z,
216.151.137.207,ipv4,attack,high,WHITE,blocklist.de/all|blocklist.de/apache|blocklist.de/mail|ziyadnz/hourly-ipv4,blocklist.de|brute-force|apache|rfi|ddos|spam|mail|ziyadnz|hourly,2026-08-17T18:48:05Z,2026-08-17T18:48:05Z,
216.151.137.208,ipv4,attack,high,WHITE,blocklist.de/all|blocklist.de/apache|blocklist.de/mail|ziyadnz/hourly-ipv4,blocklist.de|brute-force|apache|rfi|ddos|spam|mail|ziyadnz|hourly,2026-08-17T18:48:05Z,2026-08-17T18:48:05Z,
216.151.137.209,ipv4,attack,high,WHITE,blocklist.de/all|blocklist.de/apache|blocklist.de/mail|ziyadnz/hourly-ipv4,blocklist.de|brute-force|apache|rfi|ddos|spam|mail|ziyadnz|hourly,2026-08-17T18:48:05Z,2026-08-17T18:48:05Z,
216.151.137.210,ipv4,attack,high,WHITE,blocklist.de/all|blocklist.de/apache|blocklist.de/mail|ziyadnz/hourly-ipv4,blocklist.de|brute-force|apache|rfi|ddos|spam|mail|ziyadnz|hourly,2026-08-17T18:48:05Z,2026-08-17T18:48:05Z,
216.151.137.211,ipv4,attack,high,WHITE,blocklist.de/all|blocklist.de/apache|blocklist.de/mail|ziyadnz/hourly-ipv4,blocklist.de|brute-force|apache|rfi|ddos|spam|mail|ziyadnz|hourly,2026-08-17T18:48:05Z,2026-08-17T18:48:05Z,
216.151.137.212,ipv4,attack,high,WHITE,blocklist.de/all|blocklist.de/apache|blocklist.de/mail|ziyadnz/hourly-ipv4,blocklist.de|brute-force|apache|rfi|ddos|spam|mail|ziyadnz|hourly,2026-08-17T18:48:05Z,2026-08-17T18:48:05Z,
216.151.137.213,ipv4,attack,high,WHITE,blocklist.de/all|blocklist.de/apache|blocklist.de/mail|ziyadnz/hourly-ipv4,blocklist.de|brute-force|apache|rfi|ddos|spam|mail|ziyadnz|hourly,2026-08-17T18:48:05Z,2026-08-17T18:48:05Z,
216.151.137.214,ipv4,attack,high,WHITE,blocklist.de/all|blocklist.de/apache|blocklist.de/mail|ziyadnz/hourly-ipv4,blocklist.de|brute-force|apache|rfi|ddos|spam|mail|ziyadnz|hourly,2026-08-17T18:48:05Z,2026-08-17T18:48:05Z,
216.151.137.215,ipv4,attack,high,WHITE,blocklist.de/all|blocklist.de/apache|blocklist.de/mail|ziyadnz/hourly-ipv4,blocklist.de|brute-force|apache|rfi|ddos|spam|mail|ziyadnz|hourly,2026-08-17T18:48:05Z,2026-08-17T18:48:05Z,
216.151.137.216,ipv4,attack,high,WHITE,blocklist.de/all|blocklist.de/apache|blocklist.de/mail|ziyadnz/hourly-ipv4,blocklist.de|brute-force|apache|rfi|ddos|spam|mail|ziyadnz|hourly,2026-08-17T18:48:05Z,2026-08-17T18:48:05Z,
216.151.137.217,ipv4,attack,high,WHITE,blocklist.de/all|blocklist.de/apache|blocklist.de/mail|ziyadnz/hourly-ipv4,blocklist.de|brute-force|apache|rfi|ddos|spam|mail|ziyadnz|hourly,2026-08-17T18:48:05Z,2026-08-17T18:48:05Z,
216.151.137.218,ipv4,attack,high,WHITE,blocklist.de/all|blocklist.de/apache|blocklist.de/mail|ziyadnz/hourly-ipv4,blocklist.de|brute-force|apache|rfi|ddos|spam|mail|ziyadnz|hourly,2026-08-17T18:48:05Z,2026-08-17T18:48:05Z,
216.151.137.219,ipv4,attack,high,WHITE,blocklist.de/all|blocklist.de/apache|blocklist.de/mail|ziyadnz/hourly-ipv4,blocklist.de|brute-force|apache|rfi|ddos|spam|mail|ziyadnz|hourly,2026-08-17T18:48:05Z,2026-08-17T18:48:05Z,
216.151.137.220,ipv4,attack,high,WHITE,blocklist.de/all|blocklist.de/apache|blocklist.de/mail|ziyadnz/hourly-ipv4,blocklist.de|brute-force|apache|rfi|ddos|spam|mail|ziyadnz|hourly,2026-08-17T18:48:05Z,2026-08-17T18:48:05Z,
216.151.137.221,ipv4,attack,high,WHITE,blocklist.de/all|blocklist.de/apache|blocklist.de/mail|ziyadnz/hourly-ipv4,blocklist.de|brute-force|apache|rfi|ddos|spam|mail|ziyadnz|hourly,2026-08-17T18:48:05Z,2026-08-17T18:48:05Z,
216.151.137.222,ipv4,attack,high,WHITE,blocklist.de/all|blocklist.de/apache|blocklist.de/mail|ziyadnz/hourly-ipv4,blocklist.de|brute-force|apache|rfi|ddos|spam|mail|ziyadnz|hourly,2026-08-17T18:48:05Z,2026-08-17T18:48:05Z,
216.151.137.223,ipv4,attack,high,WHITE,blocklist.de/all|blocklist.de/apache|blocklist.de/mail|ziyadnz/hourly-ipv4,blocklist.de|brute-force|apache|rfi|ddos|spam|mail|ziyadnz|hourly,2026-08-17T18:48:05Z,2026-08-17T18:48:05Z,
216.151.137.224,ipv4,attack,high,WHITE,blocklist.de/all|blocklist.de/apache|blocklist.de/mail|ziyadnz/hourly-ipv4,blocklist.de|brute-force|apache|rfi|ddos|spam|mail|ziyadnz|hourly,2026-08-17T18:48:05Z,2026-08-17T18:48:05Z,
216.151.137.225,ipv4,attack,high,WHITE,blocklist.de/all|blocklist.de/apache|blocklist.de/mail|ziyadnz/hourly-ipv4,blocklist.de|brute-force|apache|rfi|ddos|spam|mail|ziyadnz|hourly,2026-08-17T18:48:05Z,2026-08-17T18:48:05Z,
216.151.137.226,ipv4,attack,high,WHITE,blocklist.de/all|blocklist.de/apache|blocklist.de/mail|ziyadnz/hourly-ipv4,blocklist.de|brute-force|apache|rfi|ddos|spam|mail|ziyadnz|hourly,2026-08-17T18:48:05Z,2026-08-17T18:48:05Z,
216.151.137.227,ipv4,attack,high,WHITE,blocklist.de/all|blocklist.de/apache|blocklist.de/mail|ziyadnz/hourly-ipv4,blocklist.de|brute-force|apache|rfi|ddos|spam|mail|ziyadnz|hourly,2026-08-17T18:48:05Z,2026-08-17T18:48:05Z,
216.151.137.228,ipv4,attack,high,WHITE,blocklist.de/all|blocklist.de/apache|blocklist.de/mail|ziyadnz/hourly-ipv4,blocklist.de|brute-force|apache|rfi|ddos|spam|mail|ziyadnz|hourly,2026-08-17T18:48:05Z,2026-08-17T18:48:05Z,
216.151.137.229,ipv4,attack,high,WHITE,blocklist.de/all|blocklist.de/apache|blocklist.de/mail|ziyadnz/hourly-ipv4,blocklist.de|brute-force|apache|rfi|ddos|spam|mail|ziyadnz|hourly,2026-08-17T18:48:05Z,2026-08-17T18:48:05Z,
216.151.137.230,ipv4,attack,high,WHITE,blocklist.de/all|blocklist.de/apache|blocklist.de/mail|ziyadnz/hourly-ipv4,blocklist.de|brute-force|apache|rfi|ddos|spam|mail|ziyadnz|hourly,2026-08-17T18:48:05Z,2026-08-17T18:48:05Z,
216.151.137.231,ipv4,attack,high,WHITE,blocklist.de/all|blocklist.de/apache|blocklist.de/mail|ziyadnz/hourly-ipv4,blocklist.de|brute-force|apache|rfi|ddos|spam|mail|ziyadnz|hourly,2026-08-17T18:48:05Z,2026-08-17T18:48:05Z,
216.151.137.232,ipv4,attack,high,WHITE,blocklist.de/all|blocklist.de/apache|blocklist.de/mail|ziyadnz/hourly-ipv4,blocklist.de|brute-force|apache|rfi|ddos|spam|mail|ziyadnz|hourly,2026-08-17T18:48:05Z,2026-08-17T18:48:05Z,
216.151.137.233,ipv4,attack,high,WHITE,blocklist.de/all|blocklist.de/apache|blocklist.de/mail|ziyadnz/hourly-ipv4,blocklist.de|brute-force|apache|rfi|ddos|spam|mail|ziyadnz|hourly,2026-08-17T18:48:05Z,2026-08-17T18:48:05Z,
216.151.137.234,ipv4,attack,high,WHITE,blocklist.de/all|blocklist.de/apache|blocklist.de/mail|ziyadnz/hourly-ipv4,blocklist.de|brute-force|apache|rfi|ddos|spam|mail|ziyadnz|hourly,2026-08-17T18:48:05Z,2026-08-17T18:48:05Z,
216.151.137.235,ipv4,attack,high,WHITE,blocklist.de/all|blocklist.de/apache|blocklist.de/mail|ziyadnz/hourly-ipv4,blocklist.de|brute-force|apache|rfi|ddos|spam|mail|ziyadnz|hourly,2026-08-17T18:48:05Z,2026-08-17T18:48:05Z,
216.151.137.236,ipv4,attack,high,WHITE,blocklist.de/all|blocklist.de/apache|blocklist.de/mail|ziyadnz/hourly-ipv4,blocklist.de|brute-force|apache|rfi|ddos|spam|mail|ziyadnz|hourly,2026-08-17T18:48:05Z,2026-08-17T18:48:05Z,
216.151.137.237,ipv4,attack,high,WHITE,blocklist.de/all|blocklist.de/apache|blocklist.de/mail|ziyadnz/hourly-ipv4,blocklist.de|brute-force|apache|rfi|ddos|spam|mail|ziyadnz|hourly,2026-08-17T18:48:05Z,2026-08-17T18:48:05Z,
216.151.137.238,ipv4,attack,high,WHITE,blocklist.de/all|blocklist.de/apache|blocklist.de/mail|ziyadnz/hourly-ipv4,blocklist.de|brute-force|apache|rfi|ddos|spam|mail|ziyadnz|hourly,2026-08-17T18:48:05Z,2026-08-17T18:48:05Z,
216.151.137.239,ipv4,attack,high,WHITE,blocklist.de/all|blocklist.de/apache|blocklist.de/mail|ziyadnz/hourly-ipv4,blocklist.de|brute-force|apache|rfi|ddos|spam|mail|ziyadnz|hourly,2026-08-17T18:48:05Z,2026-08-17T18:48:05Z,
216.151.137.240,ipv4,attack,high,WHITE,blocklist.de/all|blocklist.de/apache|blocklist.de/mail|ziyadnz/hourly-ipv4,blocklist.de|brute-force|apache|rfi|ddos|spam|mail|ziyadnz|hourly,2026-08-17T18:48:05Z,2026-08-17T18:48:05Z,
216.151.137.241,ipv4,attack,high,WHITE,blocklist.de/all|blocklist.de/apache|blocklist.de/mail|ziyadnz/hourly-ipv4,blocklist.de|brute-force|apache|rfi|ddos|spam|mail|ziyadnz|hourly,2026-08-17T18:48:05Z,2026-08-17T18:48:05Z,
216.151.137.242,ipv4,attack,high,WHITE,blocklist.de/all|blocklist.de/apache|blocklist.de/mail|ziyadnz/hourly-ipv4,blocklist.de|brute-force|apache|rfi|ddos|spam|mail|ziyadnz|hourly,2026-08-17T18:48:05Z,2026-08-17T18:48:05Z,
216.151.137.243,ipv4,attack,high,WHITE,blocklist.de/all|blocklist.de/apache|blocklist.de/mail|ziyadnz/hourly-ipv4,blocklist.de|brute-force|apache|rfi|ddos|spam|mail|ziyadnz|hourly,2026-08-17T18:48:05Z,2026-08-17T18:48:05Z,
216.151.137.244,ipv4,attack,high,WHITE,blocklist.de/all|blocklist.de/apache|blocklist.de/mail|ziyadnz/hourly-ipv4,blocklist.de|brute-force|apache|rfi|ddos|spam|mail|ziyadnz|hourly,2026-08-17T18:48:05Z,2026-08-17T18:48:05Z,
216.151.137.245,ipv4,attack,high,WHITE,blocklist.de/all|blocklist.de/apache|blocklist.de/mail|ziyadnz/hourly-ipv4,blocklist.de|brute-force|apache|rfi|ddos|spam|mail|ziyadnz|hourly,2026-08-17T18:48:05Z,2026-08-17T18:48:05Z,
216.151.137.246,ipv4,attack,high,WHITE,blocklist.de/all|blocklist.de/apache|blocklist.de/mail|ziyadnz/hourly-ipv4,blocklist.de|brute-force|apache|rfi|ddos|spam|mail|ziyadnz|hourly,2026-08-17T18:48:05Z,2026-08-17T18:48:05Z,
216.151.137.247,ipv4,attack,high,WHITE,blocklist.de/all|blocklist.de/apache|blocklist.de/mail|ziyadnz/hourly-ipv4,blocklist.de|brute-force|apache|rfi|ddos|spam|mail|ziyadnz|hourly,2026-08-17T18:48:05Z,2026-08-17T18:48:05Z,
216.151.137.248,ipv4,attack,high,WHITE,blocklist.de/all|blocklist.de/apache|blocklist.de/mail|ziyadnz/hourly-ipv4,blocklist.de|brute-force|apache|rfi|ddos|spam|mail|ziyadnz|hourly,2026-08-17T18:48:05Z,2026-08-17T18:48:05Z,
216.151.137.249,ipv4,attack,high,WHITE,blocklist.de/all|blocklist.de/apache|blocklist.de/mail|ziyadnz/hourly-ipv4,blocklist.de|brute-force|apache|rfi|ddos|spam|mail|ziyadnz|hourly,2026-08-17T18:48:05Z,2026-08-17T18:48:05Z,
216.151.137.250,ipv4,attack,high,WHITE,blocklist.de/all|blocklist.de/apache|blocklist.de/mail|ziyadnz/hourly-ipv4,blocklist.de|brute-force|apache|rfi|ddos|spam|mail|ziyadnz|hourly,2026-08-17T18:48:05Z,2026-08-17T18:48:05Z,
216.151.137.251,ipv4,attack,high,WHITE,blocklist.de/all|blocklist.de/apache|blocklist.de/mail|ziyadnz/hourly-ipv4,blocklist.de|brute-force|apache|rfi|ddos|spam|mail|ziyadnz|hourly,2026-08-17T18:48:05Z,2026-08-17T18:48:05Z,
216.151.137.252,ipv4,attack,high,WHITE,blocklist.de/all|blocklist.de/apache|blocklist.de/mail|ziyadnz/hourly-ipv4,blocklist.de|brute-force|apache|rfi|ddos|spam|mail|ziyadnz|hourly,2026-08-17T18:48:05Z,2026-08-17T18:48:05Z,
216.151.137.253,ipv4,attack,high,WHITE,blocklist.de/all|blocklist.de/apache|blocklist.de/mail|ziyadnz/hourly-ipv4,blocklist.de|brute-force|apache|rfi|ddos|spam|mail|ziyadnz|hourly,2026-08-17T18:48:05Z,2026-08-17T18:48:05Z,
216.151.137.254,ipv4,attack,high,WHITE,blocklist.de/all|blocklist.de/apache|blocklist.de/mail|ziyadnz/hourly-ipv4,blocklist.de|brute-force|apache|rfi|ddos|spam|mail|ziyadnz|hourly,2026-08-17T18:48:05Z,2026-08-17T18:48:05Z,
216.151.137.255,ipv4,attack,high,WHITE,blocklist.de/all|blocklist.de/apache|blocklist.de/mail|ziyadnz/hourly-ipv4,blocklist.de|brute-force|apache|rfi|ddos|spam|mail|ziyadnz|hourly,2026-08-17T18:48:05Z,2026-08-17T18:48:05Z,
216.151.138.0,ipv4,attack,high,WHITE,blocklist.de/all|blocklist.de/apache|blocklist.de/mail|ziyadnz/hourly-ipv4,blocklist.de|brute-force|apache|rfi|ddos|spam|mail|ziyadnz|hourly,2026-08-17T18:48:05Z,2026-08-17T18:48:05Z,
216.151.138.1,ipv4,attack,high,WHITE,blocklist.de/all|blocklist.de/apache|blocklist.de/mail|ziyadnz/hourly-ipv4,blocklist.de|brute-force|apache|rfi|ddos|spam|mail|ziyadnz|hourly,2026-08-17T18:48:05Z,2026-08-17T18:48:05Z,
216.151.138.2,ipv4,attack,high,WHITE,blocklist.de/all|blocklist.de/apache|blocklist.de/mail|ziyadnz/hourly-ipv4,blocklist.de|brute-force|apache|rfi|ddos|spam|mail|ziyadnz|hourly,2026-08-17T18:48:05Z,2026-08-17T18:48:05Z,
216.151.138.3,ipv4,attack,high,WHITE,blocklist.de/all|blocklist.de/apache|blocklist.de/mail|ziyadnz/hourly-ipv4,blocklist.de|brute-force|apache|rfi|ddos|spam|mail|ziyadnz|hourly,2026-08-17T18:48:05Z,2026-08-17T18:48:05Z,
216.151.138.4,ipv4,attack,high,WHITE,blocklist.de/all|blocklist.de/apache|blocklist.de/mail|ziyadnz/hourly-ipv4,blocklist.de|brute-force|apache|rfi|ddos|spam|mail|ziyadnz|hourly,2026-08-17T18:48:05Z,2026-08-17T18:48:05Z,
216.151.138.5,ipv4,attack,high,WHITE,blocklist.de/all|blocklist.de/apache|blocklist.de/mail|ziyadnz/hourly-ipv4,blocklist.de|brute-force|apache|rfi|ddos|spam|mail|ziyadnz|hourly,2026-08-17T18:48:05Z,2026-08-17T18:48:05Z,
216.151.138.6,ipv4,attack,high,WHITE,blocklist.de/all|blocklist.de/apache|blocklist.de/mail|ziyadnz/hourly-ipv4,blocklist.de|brute-force|apache|rfi|ddos|spam|mail|ziyadnz|hourly,2026-08-17T18:48:05Z,2026-08-17T18:48:05Z,
216.151.138.7,ipv4,attack,high,WHITE,blocklist.de/all|blocklist.de/apache|blocklist.de/mail|ziyadnz/hourly-ipv4,blocklist.de|brute-force|apache|rfi|ddos|spam|mail|ziyadnz|hourly,2026-08-17T18:48:05Z,2026-08-17T18:48:05Z,
216.151.138.8,ipv4,attack,high,WHITE,blocklist.de/all|blocklist.de/apache|blocklist.de/mail|ziyadnz/hourly-ipv4,blocklist.de|brute-force|apache|rfi|ddos|spam|mail|ziyadnz|hourly,2026-08-17T18:48:05Z,2026-08-17T18:48:05Z,
216.151.138.9,ipv4,attack,high,WHITE,blocklist.de/all|blocklist.de/apache|blocklist.de/mail|ziyadnz/hourly-ipv4,blocklist.de|brute-force|apache|rfi|ddos|spam|mail|ziyadnz|hourly,2026-08-17T18:48:05Z,2026-08-17T18:48:05Z,
216.151.138.10,ipv4,attack,high,WHITE,blocklist.de/all|blocklist.de/apache|blocklist.de/mail|ziyadnz/hourly-ipv4,blocklist.de|brute-force|apache|rfi|ddos|spam|mail|ziyadnz|hourly,2026-08-17T18:48:05Z,2026-08-17T18:48:05Z,
216.151.138.11,ipv4,attack,high,WHITE,blocklist.de/all|blocklist.de/apache|blocklist.de/mail|ziyadnz/hourly-ipv4,blocklist.de|brute-force|apache|rfi|ddos|spam|mail|ziyadnz|hourly,2026-08-17T18:48:05Z,2026-08-17T18:48:05Z,
216.151.138.12,ipv4,attack,high,WHITE,blocklist.de/all|blocklist.de/apache|blocklist.de/mail|ziyadnz/hourly-ipv4,blocklist.de|brute-force|apache|rfi|ddos|spam|mail|ziyadnz|hourly,2026-08-17T18:48:05Z,2026-08-17T18:48:05Z,
216.151.138.13,ipv4,attack,high,WHITE,blocklist.de/all|blocklist.de/apache|blocklist.de/mail|ziyadnz/hourly-ipv4,blocklist.de|brute-force|apache|rfi|ddos|spam|mail|ziyadnz|hourly,2026-08-17T18:48:05Z,2026-08-17T18:48:05Z,
216.151.138.14,ipv4,attack,high,WHITE,blocklist.de/all|blocklist.de/apache|blocklist.de/mail|ziyadnz/hourly-ipv4,blocklist.de|brute-force|apache|rfi|ddos|spam|mail|ziyadnz|hourly,2026-08-17T18:48:05Z,2026-08-17T18:48:05Z,
216.151.138.15,ipv4,attack,high,WHITE,blocklist.de/all|blocklist.de/apache|blocklist.de/mail|ziyadnz/hourly-ipv4,blocklist.de|brute-force|apache|rfi|ddos|spam|mail|ziyadnz|hourly,2026-08-17T18:48:05Z,2026-08-17T18:48:05Z,
216.151.138.16,ipv4,attack,high,WHITE,blocklist.de/all|blocklist.de/apache|blocklist.de/mail|ziyadnz/hourly-ipv4,blocklist.de|brute-force|apache|rfi|ddos|spam|mail|ziyadnz|hourly,2026-08-17T18:48:05Z,2026-08-17T18:48:05Z,
216.151.138.17,ipv4,attack,high,WHITE,blocklist.de/all|blocklist.de/apache|blocklist.de/mail|ziyadnz/hourly-ipv4,blocklist.de|brute-force|apache|rfi|ddos|spam|mail|ziyadnz|hourly,2026-08-17T18:48:05Z,2026-08-17T18:48:05Z,
216.151.138.18,ipv4,attack,high,WHITE,blocklist.de/all|blocklist.de/apache|blocklist.de/mail|ziyadnz/hourly-ipv4,blocklist.de|brute-force|apache|rfi|ddos|spam|mail|ziyadnz|hourly,2026-08-17T18:48:05Z,2026-08-17T18:48:05Z,
216.151.138.19,ipv4,attack,high,WHITE,blocklist.de/all|blocklist.de/apache|blocklist.de/mail|ziyadnz/hourly-ipv4,blocklist.de|brute-force|apache|rfi|ddos|spam|mail|ziyadnz|hourly,2026-08-17T18:48:05Z,2026-08-17T18:48:05Z,
216.151.138.20,ipv4,attack,high,WHITE,blocklist.de/all|blocklist.de/apache|blocklist.de/mail|ziyadnz/hourly-ipv4,blocklist.de|brute-force|apache|rfi|ddos|spam|mail|ziyadnz|hourly,2026-08-17T18:48:05Z,2026-08-17T18:48:05Z,
216.151.138.21,ipv4,attack,high,WHITE,blocklist.de/all|blocklist.de/apache|blocklist.de/mail|ziyadnz/hourly-ipv4,blocklist.de|brute-force|apache|rfi|ddos|spam|mail|ziyadnz|hourly,2026-08-17T18:48:05Z,2026-08-17T18:48:05Z,
216.151.138.22,ipv4,attack,high,WHITE,blocklist.de/all|blocklist.de/apache|blocklist.de/mail|ziyadnz/hourly-ipv4,blocklist.de|brute-force|apache|rfi|ddos|spam|mail|ziyadnz|hourly,2026-08-17T18:48:05Z,2026-08-17T18:48:05Z,
216.151.138.23,ipv4,attack,high,WHITE,blocklist.de/all|blocklist.de/apache|blocklist.de/mail|ziyadnz/hourly-ipv4,blocklist.de|brute-force|apache|rfi|ddos|spam|mail|ziyadnz|hourly,2026-08-17T18:48:05Z,2026-08-17T18:48:05Z,
216.151.138.24,ipv4,attack,high,WHITE,blocklist.de/all|blocklist.de/apache|blocklist.de/mail|ziyadnz/hourly-ipv4,blocklist.de|brute-force|apache|rfi|ddos|spam|mail|ziyadnz|hourly,2026-08-17T18:48:05Z,2026-08-17T18:48:05Z,
216.151.138.25,ipv4,attack,high,WHITE,blocklist.de/all|blocklist.de/apache|blocklist.de/mail|ziyadnz/hourly-ipv4,blocklist.de|brute-force|apache|rfi|ddos|spam|mail|ziyadnz|hourly,2026-08-17T18:48:05Z,2026-08-17T18:48:05Z,
216.151.138.26,ipv4,attack,high,WHITE,blocklist.de/all|blocklist.de/apache|blocklist.de/mail|ziyadnz/hourly-ipv4,blocklist.de|brute-force|apache|rfi|ddos|spam|mail|ziyadnz|hourly,2026-08-17T18:48:05Z,2026-08-17T18:48:05Z,
216.151.138.27,ipv4,attack,high,WHITE,blocklist.de/all|blocklist.de/apache|blocklist.de/mail|ziyadnz/hourly-ipv4,blocklist.de|brute-force|apache|rfi|ddos|spam|mail|ziyadnz|hourly,2026-08-17T18:48:05Z,2026-08-17T18:48:05Z,
216.151.138.28,ipv4,attack,high,WHITE,blocklist.de/all|blocklist.de/apache|blocklist.de/mail|ziyadnz/hourly-ipv4,blocklist.de|brute-force|apache|rfi|ddos|spam|mail|ziyadnz|hourly,2026-08-17T18:48:05Z,2026-08-17T18:48:05Z,
216.151.138.29,ipv4,attack,high,WHITE,blocklist.de/all|blocklist.de/apache|blocklist.de/mail|ziyadnz/hourly-ipv4,blocklist.de|brute-force|apache|rfi|ddos|spam|mail|ziyadnz|hourly,2026-08-17T18:48:05Z,2026-08-17T18:48:05Z,
216.151.138.30,ipv4,attack,high,WHITE,blocklist.de/all|blocklist.de/apache|blocklist.de/mail|ziyadnz/hourly-ipv4,blocklist.de|brute-force|apache|rfi|ddos|spam|mail|ziyadnz|hourly,2026-08-17T18:48:05Z,2026-08-17T18:48:05Z,
216.151.138.31,ipv4,attack,high,WHITE,blocklist.de/all|blocklist.de/apache|blocklist.de/mail|ziyadnz/hourly-ipv4,blocklist.de|brute-force|apache|rfi|ddos|spam|mail|ziyadnz|hourly,2026-08-17T18:48:05Z,2026-08-17T18:48:05Z,
216.151.138.32,ipv4,attack,high,WHITE,blocklist.de/all|blocklist.de/apache|blocklist.de/mail|ziyadnz/hourly-ipv4,blocklist.de|brute-force|apache|rfi|ddos|spam|mail|ziyadnz|hourly,2026-08-17T18:48:05Z,2026-08-17T18:48:05Z,
216.151.138.33,ipv4,attack,high,WHITE,blocklist.de/all|blocklist.de/apache|blocklist.de/mail|ziyadnz/hourly-ipv4,blocklist.de|brute-force|apache|rfi|ddos|spam|mail|ziyadnz|hourly,2026-08-17T18:48:05Z,2026-08-17T18:48:05Z,
216.151.138.34,ipv4,attack,high,WHITE,blocklist.de/all|blocklist.de/apache|blocklist.de/mail|ziyadnz/hourly-ipv4,blocklist.de|brute-force|apache|rfi|ddos|spam|mail|ziyadnz|hourly,2026-08-17T18:48:05Z,2026-08-17T18:48:05Z,
216.151.138.35,ipv4,attack,high,WHITE,blocklist.de/all|blocklist.de/apache|blocklist.de/mail|ziyadnz/hourly-ipv4,blocklist.de|brute-force|apache|rfi|ddos|spam|mail|ziyadnz|hourly,2026-08-17T18:48:05Z,2026-08-17T18:48:05Z,
216.151.138.36,ipv4,attack,high,WHITE,blocklist.de/all|blocklist.de/apache|blocklist.de/mail|ziyadnz/hourly-ipv4,blocklist.de|brute-force|apache|rfi|ddos|spam|mail|ziyadnz|hourly,2026-08-17T18:48:05Z,2026-08-17T18:48:05Z,
216.151.138.37,ipv4,attack,high,WHITE,blocklist.de/all|blocklist.de/apache|blocklist.de/mail|ziyadnz/hourly-ipv4,blocklist.de|brute-force|apache|rfi|ddos|spam|mail|ziyadnz|hourly,2026-08-17T18:48:05Z,2026-08-17T18:48:05Z,
216.151.138.38,ipv4,attack,high,WHITE,blocklist.de/all|blocklist.de/apache|blocklist.de/mail|ziyadnz/hourly-ipv4,blocklist.de|brute-force|apache|rfi|ddos|spam|mail|ziyadnz|hourly,2026-08-17T18:48:05Z,2026-08-17T18:48:05Z,
216.151.138.39,ipv4,attack,high,WHITE,blocklist.de/all|blocklist.de/apache|blocklist.de/mail|ziyadnz/hourly-ipv4,blocklist.de|brute-force|apache|rfi|ddos|spam|mail|ziyadnz|hourly,2026-08-17T18:48:05Z,2026-08-17T18:48:05Z,
216.151.138.40,ipv4,attack,high,WHITE,blocklist.de/all|blocklist.de/apache|blocklist.de/mail|ziyadnz/hourly-ipv4,blocklist.de|brute-force|apache|rfi|ddos|spam|mail|ziyadnz|hourly,2026-08-17T18:48:05Z,2026-08-17T18:48:05Z,
216.151.138.41,ipv4,attack,high,WHITE,blocklist.de/all|blocklist.de/apache|blocklist.de/mail|ziyadnz/hourly-ipv4,blocklist.de|brute-force|apache|rfi|ddos|spam|mail|ziyadnz|hourly,2026-08-17T18:48:05Z,2026-08-17T18:48:05Z,
216.151.138.42,ipv4,attack,high,WHITE,blocklist.de/all|blocklist.de/apache|blocklist.de/mail|ziyadnz/hourly-ipv4,blocklist.de|brute-force|apache|rfi|ddos|spam|mail|ziyadnz|hourly,2026-08-17T18:48:05Z,2026-08-17T18:48:05Z,
216.151.138.43,ipv4,attack,high,WHITE,blocklist.de/all|blocklist.de/apache|blocklist.de/mail|ziyadnz/hourly-ipv4,blocklist.de|brute-force|apache|rfi|ddos|spam|mail|ziyadnz|hourly,2026-08-17T18:48:05Z,2026-08-17T18:48:05Z,
216.151.138.44,ipv4,attack,high,WHITE,blocklist.de/all|blocklist.de/apache|blocklist.de/mail|ziyadnz/hourly-ipv4,blocklist.de|brute-force|apache|rfi|ddos|spam|mail|ziyadnz|hourly,2026-08-17T18:48:05Z,2026-08-17T18:48:05Z,
216.151.138.45,ipv4,attack,high,WHITE,blocklist.de/all|blocklist.de/apache|blocklist.de/mail|ziyadnz/hourly-ipv4,blocklist.de|brute-force|apache|rfi|ddos|spam|mail|ziyadnz|hourly,2026-08-17T18:48:05Z,2026-08-17T18:48:05Z,
216.151.138.46,ipv4,attack,high,WHITE,blocklist.de/all|blocklist.de/apache|blocklist.de/mail|ziyadnz/hourly-ipv4,blocklist.de|brute-force|apache|rfi|ddos|spam|mail|ziyadnz|hourly,2026-08-17T18:48:05Z,2026-08-17T18:48:05Z,
216.151.138.47,ipv4,attack,high,WHITE,blocklist.de/all|blocklist.de/apache|blocklist.de/mail|ziyadnz/hourly-ipv4,blocklist.de|brute-force|apache|rfi|ddos|spam|mail|ziyadnz|hourly,2026-08-17T18:48:05Z,2026-08-17T18:48:05Z,
216.151.138.48,ipv4,attack,high,WHITE,blocklist.de/all|blocklist.de/apache|blocklist.de/mail|ziyadnz/hourly-ipv4,blocklist.de|brute-force|apache|rfi|ddos|spam|mail|ziyadnz|hourly,2026-08-17T18:48:05Z,2026-08-17T18:48:05Z,
216.151.138.49,ipv4,attack,high,WHITE,blocklist.de/all|blocklist.de/apache|blocklist.de/mail|ziyadnz/hourly-ipv4,blocklist.de|brute-force|apache|rfi|ddos|spam|mail|ziyadnz|hourly,2026-08-17T18:48:05Z,2026-08-17T18:48:05Z,
216.151.138.50,ipv4,attack,high,WHITE,blocklist.de/all|blocklist.de/apache|blocklist.de/mail|ziyadnz/hourly-ipv4,blocklist.de|brute-force|apache|rfi|ddos|spam|mail|ziyadnz|hourly,2026-08-17T18:48:05Z,2026-08-17T18:48:05Z,
216.151.138.51,ipv4,attack,high,WHITE,blocklist.de/all|blocklist.de/apache|blocklist.de/mail|ziyadnz/hourly-ipv4,blocklist.de|brute-force|apache|rfi|ddos|spam|mail|ziyadnz|hourly,2026-08-17T18:48:05Z,2026-08-17T18:48:05Z,
216.151.138.52,ipv4,attack,high,WHITE,blocklist.de/all|blocklist.de/apache|blocklist.de/mail|ziyadnz/hourly-ipv4,blocklist.de|brute-force|apache|rfi|ddos|spam|mail|ziyadnz|hourly,2026-08-17T18:48:05Z,2026-08-17T18:48:05Z,
216.151.138.53,ipv4,attack,high,WHITE,blocklist.de/all|blocklist.de/apache|blocklist.de/mail|ziyadnz/hourly-ipv4,blocklist.de|brute-force|apache|rfi|ddos|spam|mail|ziyadnz|hourly,2026-08-17T18:48:05Z,2026-08-17T18:48:05Z,
216.151.138.54,ipv4,attack,high,WHITE,blocklist.de/all|blocklist.de/apache|blocklist.de/mail|ziyadnz/hourly-ipv4,blocklist.de|brute-force|apache|rfi|ddos|spam|mail|ziyadnz|hourly,2026-08-17T18:48:05Z,2026-08-17T18:48:05Z,
216.151.138.55,ipv4,attack,high,WHITE,blocklist.de/all|blocklist.de/apache|blocklist.de/mail|ziyadnz/hourly-ipv4,blocklist.de|brute-force|apache|rfi|ddos|spam|mail|ziyadnz|hourly,2026-08-17T18:48:05Z,2026-08-17T18:48:05Z,
216.151.138.56,ipv4,attack,high,WHITE,blocklist.de/all|blocklist.de/apache|blocklist.de/mail|ziyadnz/hourly-ipv4,blocklist.de|brute-force|apache|rfi|ddos|spam|mail|ziyadnz|hourly,2026-08-17T18:48:05Z,2026-08-17T18:48:05Z,
216.151.138.57,ipv4,attack,high,WHITE,blocklist.de/all|blocklist.de/apache|blocklist.de/mail|ziyadnz/hourly-ipv4,blocklist.de|brute-force|apache|rfi|ddos|spam|mail|ziyadnz|hourly,2026-08-17T18:48:05Z,2026-08-17T18:48:05Z,
216.151.138.58,ipv4,attack,high,WHITE,blocklist.de/all|blocklist.de/apache|blocklist.de/mail|ziyadnz/hourly-ipv4,blocklist.de|brute-force|apache|rfi|ddos|spam|mail|ziyadnz|hourly,2026-08-17T18:48:05Z,2026-08-17T18:48:05Z,
216.151.138.59,ipv4,attack,high,WHITE,blocklist.de/all|blocklist.de/apache|blocklist.de/mail|ziyadnz/hourly-ipv4,blocklist.de|brute-force|apache|rfi|ddos|spam|mail|ziyadnz|hourly,2026-08-17T18:48:05Z,2026-08-17T18:48:05Z,
216.151.138.60,ipv4,attack,high,WHITE,blocklist.de/all|blocklist.de/apache|blocklist.de/mail|ziyadnz/hourly-ipv4,blocklist.de|brute-force|apache|rfi|ddos|spam|mail|ziyadnz|hourly,2026-08-17T18:48:05Z,2026-08-17T18:48:05Z,
216.151.138.61,ipv4,attack,high,WHITE,blocklist.de/all|blocklist.de/apache|blocklist.de/mail|ziyadnz/hourly-ipv4,blocklist.de|brute-force|apache|rfi|ddos|spam|mail|ziyadnz|hourly,2026-08-17T18:48:05Z,2026-08-17T18:48:05Z,
216.151.138.62,ipv4,attack,high,WHITE,blocklist.de/all|blocklist.de/apache|blocklist.de/mail|ziyadnz/hourly-ipv4,blocklist.de|brute-force|apache|rfi|ddos|spam|mail|ziyadnz|hourly,2026-08-17T18:48:05Z,2026-08-17T18:48:05Z,
216.151.138.63,ipv4,attack,high,WHITE,blocklist.de/all|blocklist.de/apache|blocklist.de/mail|ziyadnz/hourly-ipv4,blocklist.de|brute-force|apache|rfi|ddos|spam|mail|ziyadnz|hourly,2026-08-17T18:48:05Z,2026-08-17T18:48:05Z,
216.151.138.64,ipv4,attack,high,WHITE,blocklist.de/all|blocklist.de/apache|blocklist.de/mail|ziyadnz/hourly-ipv4,blocklist.de|brute-force|apache|rfi|ddos|spam|mail|ziyadnz|hourly,2026-08-17T18:48:05Z,2026-08-17T18:48:05Z,
216.151.138.65,ipv4,attack,high,WHITE,blocklist.de/all|blocklist.de/apache|blocklist.de/mail|ziyadnz/hourly-ipv4,blocklist.de|brute-force|apache|rfi|ddos|spam|mail|ziyadnz|hourly,2026-08-17T18:48:05Z,2026-08-17T18:48:05Z,
216.151.138.66,ipv4,attack,high,WHITE,blocklist.de/all|blocklist.de/apache|blocklist.de/mail|ziyadnz/hourly-ipv4,blocklist.de|brute-force|apache|rfi|ddos|spam|mail|ziyadnz|hourly,2026-08-17T18:48:05Z,2026-08-17T18:48:05Z,
216.151.138.67,ipv4,attack,high,WHITE,blocklist.de/all|blocklist.de/apache|blocklist.de/mail|ziyadnz/hourly-ipv4,blocklist.de|brute-force|apache|rfi|ddos|spam|mail|ziyadnz|hourly,2026-08-17T18:48:05Z,2026-08-17T18:48:05Z,
216.151.138.68,ipv4,attack,high,WHITE,blocklist.de/all|blocklist.de/apache|blocklist.de/mail|ziyadnz/hourly-ipv4,blocklist.de|brute-force|apache|rfi|ddos|spam|mail|ziyadnz|hourly,2026-08-17T18:48:05Z,2026-08-17T18:48:05Z,
216.151.138.69,ipv4,attack,high,WHITE,blocklist.de/all|blocklist.de/apache|blocklist.de/mail|ziyadnz/hourly-ipv4,blocklist.de|brute-force|apache|rfi|ddos|spam|mail|ziyadnz|hourly,2026-08-17T18:48:05Z,2026-08-17T18:48:05Z,
216.151.138.70,ipv4,attack,high,WHITE,blocklist.de/all|blocklist.de/apache|blocklist.de/mail|ziyadnz/hourly-ipv4,blocklist.de|brute-force|apache|rfi|ddos|spam|mail|ziyadnz|hourly,2026-08-17T18:48:05Z,2026-08-17T18:48:05Z,
216.151.138.71,ipv4,attack,high,WHITE,blocklist.de/all|blocklist.de/apache|blocklist.de/mail|ziyadnz/hourly-ipv4,blocklist.de|brute-force|apache|rfi|ddos|spam|mail|ziyadnz|hourly,2026-08-17T18:48:05Z,2026-08-17T18:48:05Z,
216.151.138.72,ipv4,attack,high,WHITE,blocklist.de/all|blocklist.de/apache|blocklist.de/mail|ziyadnz/hourly-ipv4,blocklist.de|brute-force|apache|rfi|ddos|spam|mail|ziyadnz|hourly,2026-08-17T18:48:05Z,2026-08-17T18:48:05Z,
216.151.138.73,ipv4,attack,high,WHITE,blocklist.de/all|blocklist.de/apache|blocklist.de/mail|ziyadnz/hourly-ipv4,blocklist.de|brute-force|apache|rfi|ddos|spam|mail|ziyadnz|hourly,2026-08-17T18:48:05Z,2026-08-17T18:48:05Z,
216.151.138.74,ipv4,attack,high,WHITE,blocklist.de/all|blocklist.de/apache|blocklist.de/mail|ziyadnz/hourly-ipv4,blocklist.de|brute-force|apache|rfi|ddos|spam|mail|ziyadnz|hourly,2026-08-17T18:48:05Z,2026-08-17T18:48:05Z,
216.151.138.75,ipv4,attack,high,WHITE,blocklist.de/all|blocklist.de/apache|blocklist.de/mail|ziyadnz/hourly-ipv4,blocklist.de|brute-force|apache|rfi|ddos|spam|mail|ziyadnz|hourly,2026-08-17T18:48:05Z,2026-08-17T18:48:05Z,
216.151.138.76,ipv4,attack,high,WHITE,blocklist.de/all|blocklist.de/apache|blocklist.de/mail|ziyadnz/hourly-ipv4,blocklist.de|brute-force|apache|rfi|ddos|spam|mail|ziyadnz|hourly,2026-08-17T18:48:05Z,2026-08-17T18:48:05Z,
216.151.138.77,ipv4,attack,high,WHITE,blocklist.de/all|blocklist.de/apache|blocklist.de/mail|ziyadnz/hourly-ipv4,blocklist.de|brute-force|apache|rfi|ddos|spam|mail|ziyadnz|hourly,2026-08-17T18:48:05Z,2026-08-17T18:48:05Z,
216.151.138.78,ipv4,attack,high,WHITE,blocklist.de/all|blocklist.de/apache|blocklist.de/mail|ziyadnz/hourly-ipv4,blocklist.de|brute-force|apache|rfi|ddos|spam|mail|ziyadnz|hourly,2026-08-17T18:48:05Z,2026-08-17T18:48:05Z,
216.151.138.79,ipv4,attack,high,WHITE,blocklist.de/all|blocklist.de/apache|blocklist.de/mail|ziyadnz/hourly-ipv4,blocklist.de|brute-force|apache|rfi|ddos|spam|mail|ziyadnz|hourly,2026-08-17T18:48:05Z,2026-08-17T18:48:05Z,
216.151.138.80,ipv4,attack,high,WHITE,blocklist.de/all|blocklist.de/apache|blocklist.de/mail|ziyadnz/hourly-ipv4,blocklist.de|brute-force|apache|rfi|ddos|spam|mail|ziyadnz|hourly,2026-08-17T18:48:05Z,2026-08-17T18:48:05Z,
216.151.138.81,ipv4,attack,high,WHITE,blocklist.de/all|blocklist.de/apache|blocklist.de/mail|ziyadnz/hourly-ipv4,blocklist.de|brute-force|apache|rfi|ddos|spam|mail|ziyadnz|hourly,2026-08-17T18:48:05Z,2026-08-17T18:48:05Z,
216.151.138.82,ipv4,attack,high,WHITE,blocklist.de/all|blocklist.de/apache|blocklist.de/mail|ziyadnz/hourly-ipv4,blocklist.de|brute-force|apache|rfi|ddos|spam|mail|ziyadnz|hourly,2026-08-17T18:48:05Z,2026-08-17T18:48:05Z,
216.151.138.83,ipv4,attack,high,WHITE,blocklist.de/all|blocklist.de/apache|blocklist.de/mail|ziyadnz/hourly-ipv4,blocklist.de|brute-force|apache|rfi|ddos|spam|mail|ziyadnz|hourly,2026-08-17T18:48:05Z,2026-08-17T18:48:05Z,
216.151.138.84,ipv4,attack,high,WHITE,blocklist.de/all|blocklist.de/apache|blocklist.de/mail|ziyadnz/hourly-ipv4,blocklist.de|brute-force|apache|rfi|ddos|spam|mail|ziyadnz|hourly,2026-08-17T18:48:05Z,2026-08-17T18:48:05Z,
216.151.138.85,ipv4,attack,high,WHITE,blocklist.de/all|blocklist.de/apache|blocklist.de/mail|ziyadnz/hourly-ipv4,blocklist.de|brute-force|apache|rfi|ddos|spam|mail|ziyadnz|hourly,2026-08-17T18:48:05Z,2026-08-17T18:48:05Z,
216.151.138.86,ipv4,attack,high,WHITE,blocklist.de/all|blocklist.de/apache|blocklist.de/mail|ziyadnz/hourly-ipv4,blocklist.de|brute-force|apache|rfi|ddos|spam|mail|ziyadnz|hourly,2026-08-17T18:48:05Z,2026-08-17T18:48:05Z,
216.151.138.87,ipv4,attack,high,WHITE,blocklist.de/all|blocklist.de/apache|blocklist.de/mail|ziyadnz/hourly-ipv4,blocklist.de|brute-force|apache|rfi|ddos|spam|mail|ziyadnz|hourly,2026-08-17T18:48:05Z,2026-08-17T18:48:05Z,
216.151.138.88,ipv4,attack,high,WHITE,blocklist.de/all|blocklist.de/apache|blocklist.de/mail|ziyadnz/hourly-ipv4,blocklist.de|brute-force|apache|rfi|ddos|spam|mail|ziyadnz|hourly,2026-08-17T18:48:05Z,2026-08-17T18:48:05Z,
216.151.138.89,ipv4,attack,high,WHITE,blocklist.de/all|blocklist.de/apache|blocklist.de/mail|ziyadnz/hourly-ipv4,blocklist.de|brute-force|apache|rfi|ddos|spam|mail|ziyadnz|hourly,2026-08-17T18:48:05Z,2026-08-17T18:48:05Z,
216.151.138.90,ipv4,attack,high,WHITE,blocklist.de/all|blocklist.de/apache|blocklist.de/mail|ziyadnz/hourly-ipv4,blocklist.de|brute-force|apache|rfi|ddos|spam|mail|ziyadnz|hourly,2026-08-17T18:48:05Z,2026-08-17T18:48:05Z,
216.151.138.91,ipv4,attack,high,WHITE,blocklist.de/all|blocklist.de/apache|blocklist.de/mail|ziyadnz/hourly-ipv4,blocklist.de|brute-force|apache|rfi|ddos|spam|mail|ziyadnz|hourly,2026-08-17T18:48:05Z,2026-08-17T18:48:05Z,
216.151.138.92,ipv4,attack,high,WHITE,blocklist.de/all|blocklist.de/apache|blocklist.de/mail|ziyadnz/hourly-ipv4,blocklist.de|brute-force|apache|rfi|ddos|spam|mail|ziyadnz|hourly,2026-08-17T18:48:05Z,2026-08-17T18:48:05Z,
216.151.138.93,ipv4,attack,high,WHITE,blocklist.de/all|blocklist.de/apache|blocklist.de/mail|ziyadnz/hourly-ipv4,blocklist.de|brute-force|apache|rfi|ddos|spam|mail|ziyadnz|hourly,2026-08-17T18:48:05Z,2026-08-17T18:48:05Z,
216.151.138.94,ipv4,attack,high,WHITE,blocklist.de/all|blocklist.de/apache|blocklist.de/mail|ziyadnz/hourly-ipv4,blocklist.de|brute-force|apache|rfi|ddos|spam|mail|ziyadnz|hourly,2026-08-17T18:48:05Z,2026-08-17T18:48:05Z,
216.151.138.95,ipv4,attack,high,WHITE,blocklist.de/all|blocklist.de/apache|blocklist.de/mail|ziyadnz/hourly-ipv4,blocklist.de|brute-force|apache|rfi|ddos|spam|mail|ziyadnz|hourly,2026-08-17T18:48:05Z,2026-08-17T18:48:05Z,
216.151.138.96,ipv4,attack,high,WHITE,blocklist.de/all|blocklist.de/apache|blocklist.de/mail|ziyadnz/hourly-ipv4,blocklist.de|brute-force|apache|rfi|ddos|spam|mail|ziyadnz|hourly,2026-08-17T18:48:05Z,2026-08-17T18:48:05Z,
216.151.138.97,ipv4,attack,high,WHITE,blocklist.de/all|blocklist.de/apache|blocklist.de/mail|ziyadnz/hourly-ipv4,blocklist.de|brute-force|apache|rfi|ddos|spam|mail|ziyadnz|hourly,2026-08-17T18:48:05Z,2026-08-17T18:48:05Z,
216.151.138.98,ipv4,attack,high,WHITE,blocklist.de/all|blocklist.de/apache|blocklist.de/mail|ziyadnz/hourly-ipv4,blocklist.de|brute-force|apache|rfi|ddos|spam|mail|ziyadnz|hourly,2026-08-17T18:48:05Z,2026-08-17T18:48:05Z,
216.151.138.99,ipv4,attack,high,WHITE,blocklist.de/all|blocklist.de/apache|blocklist.de/mail|ziyadnz/hourly-ipv4,blocklist.de|brute-force|apache|rfi|ddos|spam|mail|ziyadnz|hourly,2026-08-17T18:48:05Z,2026-08-17T18:48:05Z,
216.151.138.100,ipv4,attack,high,WHITE,blocklist.de/all|blocklist.de/apache|blocklist.de/mail|ziyadnz/hourly-ipv4,blocklist.de|brute-force|apache|rfi|ddos|spam|mail|ziyadnz|hourly,2026-08-17T18:48:05Z,2026-08-17T18:48:05Z,
216.151.138.101,ipv4,attack,high,WHITE,blocklist.de/all|blocklist.de/apache|blocklist.de/mail|ziyadnz/hourly-ipv4,blocklist.de|brute-force|apache|rfi|ddos|spam|mail|ziyadnz|hourly,2026-08-17T18:48:05Z,2026-08-17T18:48:05Z,
216.151.138.102,ipv4,attack,high,WHITE,blocklist.de/all|blocklist.de/apache|blocklist.de/mail|ziyadnz/hourly-ipv4,blocklist.de|brute-force|apache|rfi|ddos|spam|mail|ziyadnz|hourly,2026-08-17T18:48:05Z,2026-08-17T18:48:05Z,
216.151.138.103,ipv4,attack,high,WHITE,blocklist.de/all|blocklist.de/apache|blocklist.de/mail|ziyadnz/hourly-ipv4,blocklist.de|brute-force|apache|rfi|ddos|spam|mail|ziyadnz|hourly,2026-08-17T18:48:05Z,2026-08-17T18:48:05Z,
216.151.138.104,ipv4,attack,high,WHITE,blocklist.de/all|blocklist.de/apache|blocklist.de/mail|ziyadnz/hourly-ipv4,blocklist.de|brute-force|apache|rfi|ddos|spam|mail|ziyadnz|hourly,2026-08-17T18:48:05Z,2026-08-17T18:48:05Z,
216.151.138.105,ipv4,attack,high,WHITE,blocklist.de/all|blocklist.de/apache|blocklist.de/mail|ziyadnz/hourly-ipv4,blocklist.de|brute-force|apache|rfi|ddos|spam|mail|ziyadnz|hourly,2026-08-17T18:48:05Z,2026-08-17T18:48:05Z,
216.151.138.106,ipv4,attack,high,WHITE,blocklist.de/all|blocklist.de/apache|blocklist.de/mail|ziyadnz/hourly-ipv4,blocklist.de|brute-force|apache|rfi|ddos|spam|mail|ziyadnz|hourly,2026-08-17T18:48:05Z,2026-08-17T18:48:05Z,
216.151.138.107,ipv4,attack,high,WHITE,blocklist.de/all|blocklist.de/apache|blocklist.de/mail|ziyadnz/hourly-ipv4,blocklist.de|brute-force|apache|rfi|ddos|spam|mail|ziyadnz|hourly,2026-08-17T18:48:05Z,2026-08-17T18:48:05Z,
216.151.138.108,ipv4,attack,high,WHITE,blocklist.de/all|blocklist.de/apache|blocklist.de/mail|ziyadnz/hourly-ipv4,blocklist.de|brute-force|apache|rfi|ddos|spam|mail|ziyadnz|hourly,2026-08-17T18:48:05Z,2026-08-17T18:48:05Z,
216.151.138.109,ipv4,attack,high,WHITE,blocklist.de/all|blocklist.de/apache|blocklist.de/mail|ziyadnz/hourly-ipv4,blocklist.de|brute-force|apache|rfi|ddos|spam|mail|ziyadnz|hourly,2026-08-17T18:48:05Z,2026-08-17T18:48:05Z,
216.151.138.110,ipv4,attack,high,WHITE,blocklist.de/all|blocklist.de/apache|blocklist.de/mail|ziyadnz/hourly-ipv4,blocklist.de|brute-force|apache|rfi|ddos|spam|mail|ziyadnz|hourly,2026-08-17T18:48:05Z,2026-08-17T18:48:05Z,
216.151.138.111,ipv4,attack,high,WHITE,blocklist.de/all|blocklist.de/apache|blocklist.de/mail|ziyadnz/hourly-ipv4,blocklist.de|brute-force|apache|rfi|ddos|spam|mail|ziyadnz|hourly,2026-08-17T18:48:05Z,2026-08-17T18:48:05Z,
216.151.138.112,ipv4,attack,high,WHITE,blocklist.de/all|blocklist.de/apache|blocklist.de/mail|ziyadnz/hourly-ipv4,blocklist.de|brute-force|apache|rfi|ddos|spam|mail|ziyadnz|hourly,2026-08-17T18:48:05Z,2026-08-17T18:48:05Z,
216.151.138.113,ipv4,attack,high,WHITE,blocklist.de/all|blocklist.de/apache|blocklist.de/mail|ziyadnz/hourly-ipv4,blocklist.de|brute-force|apache|rfi|ddos|spam|mail|ziyadnz|hourly,2026-08-17T18:48:05Z,2026-08-17T18:48:05Z,
216.151.138.114,ipv4,attack,high,WHITE,blocklist.de/all|blocklist.de/apache|blocklist.de/mail|ziyadnz/hourly-ipv4,blocklist.de|brute-force|apache|rfi|ddos|spam|mail|ziyadnz|hourly,2026-08-17T18:48:05Z,2026-08-17T18:48:05Z,
216.151.138.115,ipv4,attack,high,WHITE,blocklist.de/all|blocklist.de/apache|blocklist.de/mail|ziyadnz/hourly-ipv4,blocklist.de|brute-force|apache|rfi|ddos|spam|mail|ziyadnz|hourly,2026-08-17T18:48:05Z,2026-08-17T18:48:05Z,
216.151.138.116,ipv4,attack,high,WHITE,blocklist.de/all|blocklist.de/apache|blocklist.de/mail|ziyadnz/hourly-ipv4,blocklist.de|brute-force|apache|rfi|ddos|spam|mail|ziyadnz|hourly,2026-08-17T18:48:05Z,2026-08-17T18:48:05Z,
216.151.138.117,ipv4,attack,high,WHITE,blocklist.de/all|blocklist.de/apache|blocklist.de/mail|ziyadnz/hourly-ipv4,blocklist.de|brute-force|apache|rfi|ddos|spam|mail|ziyadnz|hourly,2026-08-17T18:48:05Z,2026-08-17T18:48:05Z,
216.151.138.118,ipv4,attack,high,WHITE,blocklist.de/all|blocklist.de/apache|blocklist.de/mail|ziyadnz/hourly-ipv4,blocklist.de|brute-force|apache|rfi|ddos|spam|mail|ziyadnz|hourly,2026-08-17T18:48:05Z,2026-08-17T18:48:05Z,
216.151.138.119,ipv4,attack,high,WHITE,blocklist.de/all|blocklist.de/apache|blocklist.de/mail|ziyadnz/hourly-ipv4,blocklist.de|brute-force|apache|rfi|ddos|spam|mail|ziyadnz|hourly,2026-08-17T18:48:05Z,2026-08-17T18:48:05Z,
216.151.138.120,ipv4,attack,high,WHITE,blocklist.de/all|blocklist.de/apache|blocklist.de/mail|ziyadnz/hourly-ipv4,blocklist.de|brute-force|apache|rfi|ddos|spam|mail|ziyadnz|hourly,2026-08-17T18:48:05Z,2026-08-17T18:48:05Z,
216.151.138.121,ipv4,attack,high,WHITE,blocklist.de/all|blocklist.de/apache|blocklist.de/mail|ziyadnz/hourly-ipv4,blocklist.de|brute-force|apache|rfi|ddos|spam|mail|ziyadnz|hourly,2026-08-17T18:48:05Z,2026-08-17T18:48:05Z,
216.151.138.122,ipv4,attack,high,WHITE,blocklist.de/all|blocklist.de/apache|blocklist.de/mail|ziyadnz/hourly-ipv4,blocklist.de|brute-force|apache|rfi|ddos|spam|mail|ziyadnz|hourly,2026-08-17T18:48:05Z,2026-08-17T18:48:05Z,
216.151.138.123,ipv4,attack,high,WHITE,blocklist.de/all|blocklist.de/apache|blocklist.de/mail|ziyadnz/hourly-ipv4,blocklist.de|brute-force|apache|rfi|ddos|spam|mail|ziyadnz|hourly,2026-08-17T18:48:05Z,2026-08-17T18:48:05Z,
216.151.138.124,ipv4,attack,high,WHITE,blocklist.de/all|blocklist.de/apache|blocklist.de/mail|ziyadnz/hourly-ipv4,blocklist.de|brute-force|apache|rfi|ddos|spam|mail|ziyadnz|hourly,2026-08-17T18:48:05Z,2026-08-17T18:48:05Z,
216.151.138.125,ipv4,attack,high,WHITE,blocklist.de/all|blocklist.de/apache|blocklist.de/mail|ziyadnz/hourly-ipv4,blocklist.de|brute-force|apache|rfi|ddos|spam|mail|ziyadnz|hourly,2026-08-17T18:48:05Z,2026-08-17T18:48:05Z,
216.151.138.126,ipv4,attack,high,WHITE,blocklist.de/all|blocklist.de/apache|blocklist.de/mail|ziyadnz/hourly-ipv4,blocklist.de|brute-force|apache|rfi|ddos|spam|mail|ziyadnz|hourly,2026-08-17T18:48:05Z,2026-08-17T18:48:05Z,
216.151.138.127,ipv4,attack,high,WHITE,blocklist.de/all|blocklist.de/apache|blocklist.de/mail|ziyadnz/hourly-ipv4,blocklist.de|brute-force|apache|rfi|ddos|spam|mail|ziyadnz|hourly,2026-08-17T18:48:05Z,2026-08-17T18:48:05Z,
216.151.138.128,ipv4,attack,high,WHITE,blocklist.de/all|blocklist.de/apache|blocklist.de/mail|ziyadnz/hourly-ipv4,blocklist.de|brute-force|apache|rfi|ddos|spam|mail|ziyadnz|hourly,2026-08-17T18:48:05Z,2026-08-17T18:48:05Z,
216.151.138.129,ipv4,attack,high,WHITE,blocklist.de/all|blocklist.de/apache|blocklist.de/mail|ziyadnz/hourly-ipv4,blocklist.de|brute-force|apache|rfi|ddos|spam|mail|ziyadnz|hourly,2026-08-17T18:48:05Z,2026-08-17T18:48:05Z,
216.151.138.130,ipv4,attack,high,WHITE,blocklist.de/all|blocklist.de/apache|blocklist.de/mail|ziyadnz/hourly-ipv4,blocklist.de|brute-force|apache|rfi|ddos|spam|mail|ziyadnz|hourly,2026-08-17T18:48:05Z,2026-08-17T18:48:05Z,
216.151.138.131,ipv4,attack,high,WHITE,blocklist.de/all|blocklist.de/apache|blocklist.de/mail|ziyadnz/hourly-ipv4,blocklist.de|brute-force|apache|rfi|ddos|spam|mail|ziyadnz|hourly,2026-08-17T18:48:05Z,2026-08-17T18:48:05Z,
216.151.138.132,ipv4,attack,high,WHITE,blocklist.de/all|blocklist.de/apache|blocklist.de/mail|ziyadnz/hourly-ipv4,blocklist.de|brute-force|apache|rfi|ddos|spam|mail|ziyadnz|hourly,2026-08-17T18:48:05Z,2026-08-17T18:48:05Z,
216.151.138.133,ipv4,attack,high,WHITE,blocklist.de/all|blocklist.de/apache|blocklist.de/mail|ziyadnz/hourly-ipv4,blocklist.de|brute-force|apache|rfi|ddos|spam|mail|ziyadnz|hourly,2026-08-17T18:48:05Z,2026-08-17T18:48:05Z,
216.151.138.134,ipv4,attack,high,WHITE,blocklist.de/all|blocklist.de/apache|blocklist.de/mail|ziyadnz/hourly-ipv4,blocklist.de|brute-force|apache|rfi|ddos|spam|mail|ziyadnz|hourly,2026-08-17T18:48:05Z,2026-08-17T18:48:05Z,
216.151.138.135,ipv4,attack,high,WHITE,blocklist.de/all|blocklist.de/apache|blocklist.de/mail|ziyadnz/hourly-ipv4,blocklist.de|brute-force|apache|rfi|ddos|spam|mail|ziyadnz|hourly,2026-08-17T18:48:05Z,2026-08-17T18:48:05Z,
216.151.138.136,ipv4,attack,high,WHITE,blocklist.de/all|blocklist.de/apache|blocklist.de/mail|ziyadnz/hourly-ipv4,blocklist.de|brute-force|apache|rfi|ddos|spam|mail|ziyadnz|hourly,2026-08-17T18:48:05Z,2026-08-17T18:48:05Z,
216.151.138.137,ipv4,attack,high,WHITE,blocklist.de/all|blocklist.de/apache|blocklist.de/mail|ziyadnz/hourly-ipv4,blocklist.de|brute-force|apache|rfi|ddos|spam|mail|ziyadnz|hourly,2026-08-17T18:48:05Z,2026-08-17T18:48:05Z,
216.151.138.138,ipv4,attack,high,WHITE,blocklist.de/all|blocklist.de/apache|blocklist.de/mail|ziyadnz/hourly-ipv4,blocklist.de|brute-force|apache|rfi|ddos|spam|mail|ziyadnz|hourly,2026-08-17T18:48:05Z,2026-08-17T18:48:05Z,
216.151.138.139,ipv4,attack,high,WHITE,blocklist.de/all|blocklist.de/apache|blocklist.de/mail|ziyadnz/hourly-ipv4,blocklist.de|brute-force|apache|rfi|ddos|spam|mail|ziyadnz|hourly,2026-08-17T18:48:05Z,2026-08-17T18:48:05Z,
216.151.138.140,ipv4,attack,high,WHITE,blocklist.de/all|blocklist.de/apache|blocklist.de/mail|ziyadnz/hourly-ipv4,blocklist.de|brute-force|apache|rfi|ddos|spam|mail|ziyadnz|hourly,2026-08-17T18:48:05Z,2026-08-17T18:48:05Z,
216.151.138.141,ipv4,attack,high,WHITE,blocklist.de/all|blocklist.de/apache|blocklist.de/mail|ziyadnz/hourly-ipv4,blocklist.de|brute-force|apache|rfi|ddos|spam|mail|ziyadnz|hourly,2026-08-17T18:48:05Z,2026-08-17T18:48:05Z,
216.151.138.142,ipv4,attack,high,WHITE,blocklist.de/all|blocklist.de/apache|blocklist.de/mail|ziyadnz/hourly-ipv4,blocklist.de|brute-force|apache|rfi|ddos|spam|mail|ziyadnz|hourly,2026-08-17T18:48:05Z,2026-08-17T18:48:05Z,
216.151.138.143,ipv4,attack,high,WHITE,blocklist.de/all|blocklist.de/apache|blocklist.de/mail|ziyadnz/hourly-ipv4,blocklist.de|brute-force|apache|rfi|ddos|spam|mail|ziyadnz|hourly,2026-08-17T18:48:05Z,2026-08-17T18:48:05Z,
216.151.138.144,ipv4,attack,high,WHITE,blocklist.de/all|blocklist.de/apache|blocklist.de/mail|ziyadnz/hourly-ipv4,blocklist.de|brute-force|apache|rfi|ddos|spam|mail|ziyadnz|hourly,2026-08-17T18:48:05Z,2026-08-17T18:48:05Z,
216.151.138.145,ipv4,attack,high,WHITE,blocklist.de/all|blocklist.de/apache|blocklist.de/mail|ziyadnz/hourly-ipv4,blocklist.de|brute-force|apache|rfi|ddos|spam|mail|ziyadnz|hourly,2026-08-17T18:48:05Z,2026-08-17T18:48:05Z,
216.151.138.146,ipv4,attack,high,WHITE,blocklist.de/all|blocklist.de/apache|blocklist.de/mail|ziyadnz/hourly-ipv4,blocklist.de|brute-force|apache|rfi|ddos|spam|mail|ziyadnz|hourly,2026-08-17T18:48:05Z,2026-08-17T18:48:05Z,
216.151.138.147,ipv4,attack,high,WHITE,blocklist.de/all|blocklist.de/apache|blocklist.de/mail|ziyadnz/hourly-ipv4,blocklist.de|brute-force|apache|rfi|ddos|spam|mail|ziyadnz|hourly,2026-08-17T18:48:05Z,2026-08-17T18:48:05Z,
216.151.138.148,ipv4,attack,high,WHITE,blocklist.de/all|blocklist.de/apache|blocklist.de/mail|ziyadnz/hourly-ipv4,blocklist.de|brute-force|apache|rfi|ddos|spam|mail|ziyadnz|hourly,2026-08-17T18:48:05Z,2026-08-17T18:48:05Z,
216.151.138.149,ipv4,attack,high,WHITE,blocklist.de/all|blocklist.de/apache|blocklist.de/mail|ziyadnz/hourly-ipv4,blocklist.de|brute-force|apache|rfi|ddos|spam|mail|ziyadnz|hourly,2026-08-17T18:48:05Z,2026-08-17T18:48:05Z,
216.151.138.150,ipv4,attack,high,WHITE,blocklist.de/all|blocklist.de/apache|blocklist.de/mail|ziyadnz/hourly-ipv4,blocklist.de|brute-force|apache|rfi|ddos|spam|mail|ziyadnz|hourly,2026-08-17T18:48:05Z,2026-08-17T18:48:05Z,
216.151.138.151,ipv4,attack,high,WHITE,blocklist.de/all|blocklist.de/apache|blocklist.de/mail|ziyadnz/hourly-ipv4,blocklist.de|brute-force|apache|rfi|ddos|spam|mail|ziyadnz|hourly,2026-08-17T18:48:05Z,2026-08-17T18:48:05Z,
216.151.138.152,ipv4,attack,high,WHITE,blocklist.de/all|blocklist.de/apache|blocklist.de/mail|ziyadnz/hourly-ipv4,blocklist.de|brute-force|apache|rfi|ddos|spam|mail|ziyadnz|hourly,2026-08-17T18:48:05Z,2026-08-17T18:48:05Z,
216.151.138.153,ipv4,attack,high,WHITE,blocklist.de/all|blocklist.de/apache|blocklist.de/mail|ziyadnz/hourly-ipv4,blocklist.de|brute-force|apache|rfi|ddos|spam|mail|ziyadnz|hourly,2026-08-17T18:48:05Z,2026-08-17T18:48:05Z,
216.151.138.154,ipv4,attack,high,WHITE,blocklist.de/all|blocklist.de/apache|blocklist.de/mail|ziyadnz/hourly-ipv4,blocklist.de|brute-force|apache|rfi|ddos|spam|mail|ziyadnz|hourly,2026-08-17T18:48:05Z,2026-08-17T18:48:05Z,
216.151.138.155,ipv4,attack,high,WHITE,blocklist.de/all|blocklist.de/apache|blocklist.de/mail|ziyadnz/hourly-ipv4,blocklist.de|brute-force|apache|rfi|ddos|spam|mail|ziyadnz|hourly,2026-08-17T18:48:05Z,2026-08-17T18:48:05Z,
216.151.138.156,ipv4,attack,high,WHITE,blocklist.de/all|blocklist.de/apache|blocklist.de/mail|ziyadnz/hourly-ipv4,blocklist.de|brute-force|apache|rfi|ddos|spam|mail|ziyadnz|hourly,2026-08-17T18:48:05Z,2026-08-17T18:48:05Z,
216.151.138.157,ipv4,attack,high,WHITE,blocklist.de/all|blocklist.de/apache|blocklist.de/mail|ziyadnz/hourly-ipv4,blocklist.de|brute-force|apache|rfi|ddos|spam|mail|ziyadnz|hourly,2026-08-17T18:48:05Z,2026-08-17T18:48:05Z,
216.151.138.158,ipv4,attack,high,WHITE,blocklist.de/all|blocklist.de/apache|blocklist.de/mail|ziyadnz/hourly-ipv4,blocklist.de|brute-force|apache|rfi|ddos|spam|mail|ziyadnz|hourly,2026-08-17T18:48:05Z,2026-08-17T18:48:05Z,
216.151.138.159,ipv4,attack,high,WHITE,blocklist.de/all|blocklist.de/apache|blocklist.de/mail|ziyadnz/hourly-ipv4,blocklist.de|brute-force|apache|rfi|ddos|spam|mail|ziyadnz|hourly,2026-08-17T18:48:05Z,2026-08-17T18:48:05Z,
216.151.138.160,ipv4,attack,high,WHITE,blocklist.de/all|blocklist.de/apache|blocklist.de/mail|ziyadnz/hourly-ipv4,blocklist.de|brute-force|apache|rfi|ddos|spam|mail|ziyadnz|hourly,2026-08-17T18:48:05Z,2026-08-17T18:48:05Z,
216.151.138.161,ipv4,attack,high,WHITE,blocklist.de/all|blocklist.de/apache|blocklist.de/mail|ziyadnz/hourly-ipv4,blocklist.de|brute-force|apache|rfi|ddos|spam|mail|ziyadnz|hourly,2026-08-17T18:48:05Z,2026-08-17T18:48:05Z,
216.151.138.162,ipv4,attack,high,WHITE,blocklist.de/all|blocklist.de/apache|blocklist.de/mail|ziyadnz/hourly-ipv4,blocklist.de|brute-force|apache|rfi|ddos|spam|mail|ziyadnz|hourly,2026-08-17T18:48:05Z,2026-08-17T18:48:05Z,
216.151.138.163,ipv4,attack,high,WHITE,blocklist.de/all|blocklist.de/apache|blocklist.de/mail|ziyadnz/hourly-ipv4,blocklist.de|brute-force|apache|rfi|ddos|spam|mail|ziyadnz|hourly,2026-08-17T18:48:05Z,2026-08-17T18:48:05Z,
216.151.138.164,ipv4,attack,high,WHITE,blocklist.de/all|blocklist.de/apache|blocklist.de/mail|ziyadnz/hourly-ipv4,blocklist.de|brute-force|apache|rfi|ddos|spam|mail|ziyadnz|hourly,2026-08-17T18:48:05Z,2026-08-17T18:48:05Z,
216.151.138.165,ipv4,attack,high,WHITE,blocklist.de/all|blocklist.de/apache|blocklist.de/mail|ziyadnz/hourly-ipv4,blocklist.de|brute-force|apache|rfi|ddos|spam|mail|ziyadnz|hourly,2026-08-17T18:48:05Z,2026-08-17T18:48:05Z,
216.151.138.166,ipv4,attack,high,WHITE,blocklist.de/all|blocklist.de/apache|blocklist.de/mail|ziyadnz/hourly-ipv4,blocklist.de|brute-force|apache|rfi|ddos|spam|mail|ziyadnz|hourly,2026-08-17T18:48:05Z,2026-08-17T18:48:05Z,
216.151.138.167,ipv4,attack,high,WHITE,blocklist.de/all|blocklist.de/apache|blocklist.de/mail|ziyadnz/hourly-ipv4,blocklist.de|brute-force|apache|rfi|ddos|spam|mail|ziyadnz|hourly,2026-08-17T18:48:05Z,2026-08-17T18:48:05Z,
216.151.138.168,ipv4,attack,high,WHITE,blocklist.de/all|blocklist.de/apache|blocklist.de/mail|ziyadnz/hourly-ipv4,blocklist.de|brute-force|apache|rfi|ddos|spam|mail|ziyadnz|hourly,2026-08-17T18:48:05Z,2026-08-17T18:48:05Z,
216.151.138.169,ipv4,attack,high,WHITE,blocklist.de/all|blocklist.de/apache|blocklist.de/mail|ziyadnz/hourly-ipv4,blocklist.de|brute-force|apache|rfi|ddos|spam|mail|ziyadnz|hourly,2026-08-17T18:48:05Z,2026-08-17T18:48:05Z,
216.151.138.170,ipv4,attack,high,WHITE,blocklist.de/all|blocklist.de/apache|blocklist.de/mail|ziyadnz/hourly-ipv4,blocklist.de|brute-force|apache|rfi|ddos|spam|mail|ziyadnz|hourly,2026-08-17T18:48:05Z,2026-08-17T18:48:05Z,
216.151.138.171,ipv4,attack,high,WHITE,blocklist.de/all|blocklist.de/apache|blocklist.de/mail|ziyadnz/hourly-ipv4,blocklist.de|brute-force|apache|rfi|ddos|spam|mail|ziyadnz|hourly,2026-08-17T18:48:05Z,2026-08-17T18:48:05Z,
216.151.138.172,ipv4,attack,high,WHITE,blocklist.de/all|blocklist.de/apache|blocklist.de/mail|ziyadnz/hourly-ipv4,blocklist.de|brute-force|apache|rfi|ddos|spam|mail|ziyadnz|hourly,2026-08-17T18:48:05Z,2026-08-17T18:48:05Z,
216.151.138.173,ipv4,attack,high,WHITE,blocklist.de/all|blocklist.de/apache|blocklist.de/mail|ziyadnz/hourly-ipv4,blocklist.de|brute-force|apache|rfi|ddos|spam|mail|ziyadnz|hourly,2026-08-17T18:48:05Z,2026-08-17T18:48:05Z,
216.151.138.174,ipv4,attack,high,WHITE,blocklist.de/all|blocklist.de/apache|blocklist.de/mail|ziyadnz/hourly-ipv4,blocklist.de|brute-force|apache|rfi|ddos|spam|mail|ziyadnz|hourly,2026-08-17T18:48:05Z,2026-08-17T18:48:05Z,
216.151.138.175,ipv4,attack,high,WHITE,blocklist.de/all|blocklist.de/apache|blocklist.de/mail|ziyadnz/hourly-ipv4,blocklist.de|brute-force|apache|rfi|ddos|spam|mail|ziyadnz|hourly,2026-08-17T18:48:05Z,2026-08-17T18:48:05Z,
216.151.138.176,ipv4,attack,high,WHITE,blocklist.de/all|blocklist.de/apache|blocklist.de/mail|ziyadnz/hourly-ipv4,blocklist.de|brute-force|apache|rfi|ddos|spam|mail|ziyadnz|hourly,2026-08-17T18:48:05Z,2026-08-17T18:48:05Z,
216.151.138.177,ipv4,attack,high,WHITE,blocklist.de/all|blocklist.de/apache|blocklist.de/mail|ziyadnz/hourly-ipv4,blocklist.de|brute-force|apache|rfi|ddos|spam|mail|ziyadnz|hourly,2026-08-17T18:48:05Z,2026-08-17T18:48:05Z,
216.151.138.178,ipv4,attack,high,WHITE,blocklist.de/all|blocklist.de/apache|blocklist.de/mail|ziyadnz/hourly-ipv4,blocklist.de|brute-force|apache|rfi|ddos|spam|mail|ziyadnz|hourly,2026-08-17T18:48:05Z,2026-08-17T18:48:05Z,
216.151.138.179,ipv4,attack,high,WHITE,blocklist.de/all|blocklist.de/apache|blocklist.de/mail|ziyadnz/hourly-ipv4,blocklist.de|brute-force|apache|rfi|ddos|spam|mail|ziyadnz|hourly,2026-08-17T18:48:05Z,2026-08-17T18:48:05Z,
216.151.138.180,ipv4,attack,high,WHITE,blocklist.de/all|blocklist.de/apache|blocklist.de/mail|ziyadnz/hourly-ipv4,blocklist.de|brute-force|apache|rfi|ddos|spam|mail|ziyadnz|hourly,2026-08-17T18:48:05Z,2026-08-17T18:48:05Z,
216.151.138.181,ipv4,attack,high,WHITE,blocklist.de/all|blocklist.de/apache|blocklist.de/mail|ziyadnz/hourly-ipv4,blocklist.de|brute-force|apache|rfi|ddos|spam|mail|ziyadnz|hourly,2026-08-17T18:48:05Z,2026-08-17T18:48:05Z,
216.151.138.182,ipv4,attack,high,WHITE,blocklist.de/all|blocklist.de/apache|blocklist.de/mail|ziyadnz/hourly-ipv4,blocklist.de|brute-force|apache|rfi|ddos|spam|mail|ziyadnz|hourly,2026-08-17T18:48:05Z,2026-08-17T18:48:05Z,
216.151.138.183,ipv4,attack,high,WHITE,blocklist.de/all|blocklist.de/apache|blocklist.de/mail|ziyadnz/hourly-ipv4,blocklist.de|brute-force|apache|rfi|ddos|spam|mail|ziyadnz|hourly,2026-08-17T18:48:05Z,2026-08-17T18:48:05Z,
216.151.138.184,ipv4,attack,high,WHITE,blocklist.de/all|blocklist.de/apache|blocklist.de/mail|ziyadnz/hourly-ipv4,blocklist.de|brute-force|apache|rfi|ddos|spam|mail|ziyadnz|hourly,2026-08-17T18:48:05Z,2026-08-17T18:48:05Z,
216.151.138.185,ipv4,attack,high,WHITE,blocklist.de/all|blocklist.de/apache|blocklist.de/mail|ziyadnz/hourly-ipv4,blocklist.de|brute-force|apache|rfi|ddos|spam|mail|ziyadnz|hourly,2026-08-17T18:48:05Z,2026-08-17T18:48:05Z,
216.151.138.186,ipv4,attack,high,WHITE,blocklist.de/all|blocklist.de/apache|blocklist.de/mail|ziyadnz/hourly-ipv4,blocklist.de|brute-force|apache|rfi|ddos|spam|mail|ziyadnz|hourly,2026-08-17T18:48:05Z,2026-08-17T18:48:05Z,
216.151.138.187,ipv4,attack,high,WHITE,blocklist.de/all|blocklist.de/apache|blocklist.de/mail|ziyadnz/hourly-ipv4,blocklist.de|brute-force|apache|rfi|ddos|spam|mail|ziyadnz|hourly,2026-08-17T18:48:05Z,2026-08-17T18:48:05Z,
216.151.138.188,ipv4,attack,high,WHITE,blocklist.de/all|blocklist.de/apache|blocklist.de/mail|ziyadnz/hourly-ipv4,blocklist.de|brute-force|apache|rfi|ddos|spam|mail|ziyadnz|hourly,2026-08-17T18:48:05Z,2026-08-17T18:48:05Z,
216.151.138.189,ipv4,attack,high,WHITE,blocklist.de/all|blocklist.de/apache|blocklist.de/mail|ziyadnz/hourly-ipv4,blocklist.de|brute-force|apache|rfi|ddos|spam|mail|ziyadnz|hourly,2026-08-17T18:48:05Z,2026-08-17T18:48:05Z,
216.151.138.190,ipv4,attack,high,WHITE,blocklist.de/all|blocklist.de/apache|blocklist.de/mail|ziyadnz/hourly-ipv4,blocklist.de|brute-force|apache|rfi|ddos|spam|mail|ziyadnz|hourly,2026-08-17T18:48:05Z,2026-08-17T18:48:05Z,
216.151.138.191,ipv4,attack,high,WHITE,blocklist.de/all|blocklist.de/apache|blocklist.de/mail|ziyadnz/hourly-ipv4,blocklist.de|brute-force|apache|rfi|ddos|spam|mail|ziyadnz|hourly,2026-08-17T18:48:05Z,2026-08-17T18:48:05Z,
216.151.138.192,ipv4,attack,high,WHITE,blocklist.de/all|blocklist.de/apache|blocklist.de/mail|ziyadnz/hourly-ipv4,blocklist.de|brute-force|apache|rfi|ddos|spam|mail|ziyadnz|hourly,2026-08-17T18:48:05Z,2026-08-17T18:48:05Z,
216.151.138.193,ipv4,attack,high,WHITE,blocklist.de/all|blocklist.de/apache|blocklist.de/mail|ziyadnz/hourly-ipv4,blocklist.de|brute-force|apache|rfi|ddos|spam|mail|ziyadnz|hourly,2026-08-17T18:48:05Z,2026-08-17T18:48:05Z,
216.151.138.194,ipv4,attack,high,WHITE,blocklist.de/all|blocklist.de/apache|blocklist.de/mail|ziyadnz/hourly-ipv4,blocklist.de|brute-force|apache|rfi|ddos|spam|mail|ziyadnz|hourly,2026-08-17T18:48:05Z,2026-08-17T18:48:05Z,
216.151.138.195,ipv4,attack,high,WHITE,blocklist.de/all|blocklist.de/apache|blocklist.de/mail|ziyadnz/hourly-ipv4,blocklist.de|brute-force|apache|rfi|ddos|spam|mail|ziyadnz|hourly,2026-08-17T18:48:05Z,2026-08-17T18:48:05Z,
216.151.138.196,ipv4,attack,high,WHITE,blocklist.de/all|blocklist.de/apache|blocklist.de/mail|ziyadnz/hourly-ipv4,blocklist.de|brute-force|apache|rfi|ddos|spam|mail|ziyadnz|hourly,2026-08-17T18:48:05Z,2026-08-17T18:48:05Z,
216.151.138.197,ipv4,attack,high,WHITE,blocklist.de/all|blocklist.de/apache|blocklist.de/mail|ziyadnz/hourly-ipv4,blocklist.de|brute-force|apache|rfi|ddos|spam|mail|ziyadnz|hourly,2026-08-17T18:48:05Z,2026-08-17T18:48:05Z,
216.151.138.198,ipv4,attack,high,WHITE,blocklist.de/all|blocklist.de/apache|blocklist.de/mail|ziyadnz/hourly-ipv4,blocklist.de|brute-force|apache|rfi|ddos|spam|mail|ziyadnz|hourly,2026-08-17T18:48:05Z,2026-08-17T18:48:05Z,
216.151.138.199,ipv4,attack,high,WHITE,blocklist.de/all|blocklist.de/apache|blocklist.de/mail|ziyadnz/hourly-ipv4,blocklist.de|brute-force|apache|rfi|ddos|spam|mail|ziyadnz|hourly,2026-08-17T18:48:05Z,2026-08-17T18:48:05Z,
216.151.138.200,ipv4,attack,high,WHITE,blocklist.de/all|blocklist.de/apache|blocklist.de/mail|ziyadnz/hourly-ipv4,blocklist.de|brute-force|apache|rfi|ddos|spam|mail|ziyadnz|hourly,2026-08-17T18:48:05Z,2026-08-17T18:48:05Z,
216.151.138.201,ipv4,attack,high,WHITE,blocklist.de/all|blocklist.de/apache|blocklist.de/mail|ziyadnz/hourly-ipv4,blocklist.de|brute-force|apache|rfi|ddos|spam|mail|ziyadnz|hourly,2026-08-17T18:48:05Z,2026-08-17T18:48:05Z,
216.151.138.202,ipv4,attack,high,WHITE,blocklist.de/all|blocklist.de/apache|blocklist.de/mail|ziyadnz/hourly-ipv4,blocklist.de|brute-force|apache|rfi|ddos|spam|mail|ziyadnz|hourly,2026-08-17T18:48:05Z,2026-08-17T18:48:05Z,
216.151.138.203,ipv4,attack,high,WHITE,blocklist.de/all|blocklist.de/apache|blocklist.de/mail|ziyadnz/hourly-ipv4,blocklist.de|brute-force|apache|rfi|ddos|spam|mail|ziyadnz|hourly,2026-08-17T18:48:05Z,2026-08-17T18:48:05Z,
216.151.138.204,ipv4,attack,high,WHITE,blocklist.de/all|blocklist.de/apache|blocklist.de/mail|ziyadnz/hourly-ipv4,blocklist.de|brute-force|apache|rfi|ddos|spam|mail|ziyadnz|hourly,2026-08-17T18:48:05Z,2026-08-17T18:48:05Z,
216.151.138.205,ipv4,attack,high,WHITE,blocklist.de/all|blocklist.de/apache|blocklist.de/mail|ziyadnz/hourly-ipv4,blocklist.de|brute-force|apache|rfi|ddos|spam|mail|ziyadnz|hourly,2026-08-17T18:48:05Z,2026-08-17T18:48:05Z,
216.151.138.206,ipv4,attack,high,WHITE,blocklist.de/all|blocklist.de/apache|blocklist.de/mail|ziyadnz/hourly-ipv4,blocklist.de|brute-force|apache|rfi|ddos|spam|mail|ziyadnz|hourly,2026-08-17T18:48:05Z,2026-08-17T18:48:05Z,
216.151.138.207,ipv4,attack,high,WHITE,blocklist.de/all|blocklist.de/apache|blocklist.de/mail|ziyadnz/hourly-ipv4,blocklist.de|brute-force|apache|rfi|ddos|spam|mail|ziyadnz|hourly,2026-08-17T18:48:05Z,2026-08-17T18:48:05Z,
216.151.138.208,ipv4,attack,high,WHITE,blocklist.de/all|blocklist.de/apache|blocklist.de/mail|ziyadnz/hourly-ipv4,blocklist.de|brute-force|apache|rfi|ddos|spam|mail|ziyadnz|hourly,2026-08-17T18:48:05Z,2026-08-17T18:48:05Z,
216.151.138.209,ipv4,attack,high,WHITE,blocklist.de/all|blocklist.de/apache|blocklist.de/mail|ziyadnz/hourly-ipv4,blocklist.de|brute-force|apache|rfi|ddos|spam|mail|ziyadnz|hourly,2026-08-17T18:48:05Z,2026-08-17T18:48:05Z,
216.151.138.210,ipv4,attack,high,WHITE,blocklist.de/all|blocklist.de/apache|blocklist.de/mail|ziyadnz/hourly-ipv4,blocklist.de|brute-force|apache|rfi|ddos|spam|mail|ziyadnz|hourly,2026-08-17T18:48:05Z,2026-08-17T18:48:05Z,
216.151.138.211,ipv4,attack,high,WHITE,blocklist.de/all|blocklist.de/apache|blocklist.de/mail|ziyadnz/hourly-ipv4,blocklist.de|brute-force|apache|rfi|ddos|spam|mail|ziyadnz|hourly,2026-08-17T18:48:05Z,2026-08-17T18:48:05Z,
216.151.138.212,ipv4,attack,high,WHITE,blocklist.de/all|blocklist.de/apache|blocklist.de/mail|ziyadnz/hourly-ipv4,blocklist.de|brute-force|apache|rfi|ddos|spam|mail|ziyadnz|hourly,2026-08-17T18:48:05Z,2026-08-17T18:48:05Z,
216.151.138.213,ipv4,attack,high,WHITE,blocklist.de/all|blocklist.de/apache|blocklist.de/mail|ziyadnz/hourly-ipv4,blocklist.de|brute-force|apache|rfi|ddos|spam|mail|ziyadnz|hourly,2026-08-17T18:48:05Z,2026-08-17T18:48:05Z,
216.151.138.214,ipv4,attack,high,WHITE,blocklist.de/all|blocklist.de/apache|blocklist.de/mail|ziyadnz/hourly-ipv4,blocklist.de|brute-force|apache|rfi|ddos|spam|mail|ziyadnz|hourly,2026-08-17T18:48:05Z,2026-08-17T18:48:05Z,
216.151.138.215,ipv4,attack,high,WHITE,blocklist.de/all|blocklist.de/apache|blocklist.de/mail|ziyadnz/hourly-ipv4,blocklist.de|brute-force|apache|rfi|ddos|spam|mail|ziyadnz|hourly,2026-08-17T18:48:05Z,2026-08-17T18:48:05Z,
216.151.138.216,ipv4,attack,high,WHITE,blocklist.de/all|blocklist.de/apache|blocklist.de/mail|ziyadnz/hourly-ipv4,blocklist.de|brute-force|apache|rfi|ddos|spam|mail|ziyadnz|hourly,2026-08-17T18:48:05Z,2026-08-17T18:48:05Z,
216.151.138.217,ipv4,attack,high,WHITE,blocklist.de/all|blocklist.de/apache|blocklist.de/mail|ziyadnz/hourly-ipv4,blocklist.de|brute-force|apache|rfi|ddos|spam|mail|ziyadnz|hourly,2026-08-17T18:48:05Z,2026-08-17T18:48:05Z,
216.151.138.218,ipv4,attack,high,WHITE,blocklist.de/all|blocklist.de/apache|blocklist.de/mail|ziyadnz/hourly-ipv4,blocklist.de|brute-force|apache|rfi|ddos|spam|mail|ziyadnz|hourly,2026-08-17T18:48:05Z,2026-08-17T18:48:05Z,
216.151.138.219,ipv4,attack,high,WHITE,blocklist.de/all|blocklist.de/apache|blocklist.de/mail|ziyadnz/hourly-ipv4,blocklist.de|brute-force|apache|rfi|ddos|spam|mail|ziyadnz|hourly,2026-08-17T18:48:05Z,2026-08-17T18:48:05Z,
216.151.138.220,ipv4,attack,high,WHITE,blocklist.de/all|blocklist.de/apache|blocklist.de/mail|ziyadnz/hourly-ipv4,blocklist.de|brute-force|apache|rfi|ddos|spam|mail|ziyadnz|hourly,2026-08-17T18:48:05Z,2026-08-17T18:48:05Z,
216.151.138.221,ipv4,attack,high,WHITE,blocklist.de/all|blocklist.de/apache|blocklist.de/mail|ziyadnz/hourly-ipv4,blocklist.de|brute-force|apache|rfi|ddos|spam|mail|ziyadnz|hourly,2026-08-17T18:48:05Z,2026-08-17T18:48:05Z,
216.151.138.222,ipv4,attack,high,WHITE,blocklist.de/all|blocklist.de/apache|blocklist.de/mail|ziyadnz/hourly-ipv4,blocklist.de|brute-force|apache|rfi|ddos|spam|mail|ziyadnz|hourly,2026-08-17T18:48:05Z,2026-08-17T18:48:05Z,
216.151.138.223,ipv4,attack,high,WHITE,blocklist.de/all|blocklist.de/apache|blocklist.de/mail|ziyadnz/hourly-ipv4,blocklist.de|brute-force|apache|rfi|ddos|spam|mail|ziyadnz|hourly,2026-08-17T18:48:05Z,2026-08-17T18:48:05Z,
216.151.138.224,ipv4,attack,high,WHITE,blocklist.de/all|blocklist.de/apache|blocklist.de/mail|ziyadnz/hourly-ipv4,blocklist.de|brute-force|apache|rfi|ddos|spam|mail|ziyadnz|hourly,2026-08-17T18:48:05Z,2026-08-17T18:48:05Z,
216.151.138.225,ipv4,attack,high,WHITE,blocklist.de/all|blocklist.de/apache|blocklist.de/mail|ziyadnz/hourly-ipv4,blocklist.de|brute-force|apache|rfi|ddos|spam|mail|ziyadnz|hourly,2026-08-17T18:48:05Z,2026-08-17T18:48:05Z,
216.151.138.226,ipv4,attack,high,WHITE,blocklist.de/all|blocklist.de/apache|blocklist.de/mail|ziyadnz/hourly-ipv4,blocklist.de|brute-force|apache|rfi|ddos|spam|mail|ziyadnz|hourly,2026-08-17T18:48:05Z,2026-08-17T18:48:05Z,
216.151.138.227,ipv4,attack,high,WHITE,blocklist.de/all|blocklist.de/apache|blocklist.de/mail|ziyadnz/hourly-ipv4,blocklist.de|brute-force|apache|rfi|ddos|spam|mail|ziyadnz|hourly,2026-08-17T18:48:05Z,2026-08-17T18:48:05Z,
216.151.138.228,ipv4,attack,high,WHITE,blocklist.de/all|blocklist.de/apache|blocklist.de/mail|ziyadnz/hourly-ipv4,blocklist.de|brute-force|apache|rfi|ddos|spam|mail|ziyadnz|hourly,2026-08-17T18:48:05Z,2026-08-17T18:48:05Z,
216.151.138.229,ipv4,attack,high,WHITE,blocklist.de/all|blocklist.de/apache|blocklist.de/mail|ziyadnz/hourly-ipv4,blocklist.de|brute-force|apache|rfi|ddos|spam|mail|ziyadnz|hourly,2026-08-17T18:48:05Z,2026-08-17T18:48:05Z,
216.151.138.230,ipv4,attack,high,WHITE,blocklist.de/all|blocklist.de/apache|blocklist.de/mail|ziyadnz/hourly-ipv4,blocklist.de|brute-force|apache|rfi|ddos|spam|mail|ziyadnz|hourly,2026-08-17T18:48:05Z,2026-08-17T18:48:05Z,
216.151.138.231,ipv4,attack,high,WHITE,blocklist.de/all|blocklist.de/apache|blocklist.de/mail|ziyadnz/hourly-ipv4,blocklist.de|brute-force|apache|rfi|ddos|spam|mail|ziyadnz|hourly,2026-08-17T18:48:05Z,2026-08-17T18:48:05Z,
216.151.138.232,ipv4,attack,high,WHITE,blocklist.de/all|blocklist.de/apache|blocklist.de/mail|ziyadnz/hourly-ipv4,blocklist.de|brute-force|apache|rfi|ddos|spam|mail|ziyadnz|hourly,2026-08-17T18:48:05Z,2026-08-17T18:48:05Z,
216.151.138.233,ipv4,attack,high,WHITE,blocklist.de/all|blocklist.de/apache|blocklist.de/mail|ziyadnz/hourly-ipv4,blocklist.de|brute-force|apache|rfi|ddos|spam|mail|ziyadnz|hourly,2026-08-17T18:48:05Z,2026-08-17T18:48:05Z,
216.151.138.234,ipv4,attack,high,WHITE,blocklist.de/all|blocklist.de/apache|blocklist.de/mail|ziyadnz/hourly-ipv4,blocklist.de|brute-force|apache|rfi|ddos|spam|mail|ziyadnz|hourly,2026-08-17T18:48:05Z,2026-08-17T18:48:05Z,
216.151.138.235,ipv4,attack,high,WHITE,blocklist.de/all|blocklist.de/apache|blocklist.de/mail|ziyadnz/hourly-ipv4,blocklist.de|brute-force|apache|rfi|ddos|spam|mail|ziyadnz|hourly,2026-08-17T18:48:05Z,2026-08-17T18:48:05Z,
216.151.138.236,ipv4,attack,high,WHITE,blocklist.de/all|blocklist.de/apache|blocklist.de/mail|ziyadnz/hourly-ipv4,blocklist.de|brute-force|apache|rfi|ddos|spam|mail|ziyadnz|hourly,2026-08-17T18:48:05Z,2026-08-17T18:48:05Z,
216.151.138.237,ipv4,attack,high,WHITE,blocklist.de/all|blocklist.de/apache|blocklist.de/mail|ziyadnz/hourly-ipv4,blocklist.de|brute-force|apache|rfi|ddos|spam|mail|ziyadnz|hourly,2026-08-17T18:48:05Z,2026-08-17T18:48:05Z,
216.151.138.238,ipv4,attack,high,WHITE,blocklist.de/all|blocklist.de/apache|blocklist.de/mail|ziyadnz/hourly-ipv4,blocklist.de|brute-force|apache|rfi|ddos|spam|mail|ziyadnz|hourly,2026-08-17T18:48:05Z,2026-08-17T18:48:05Z,
216.151.138.239,ipv4,attack,high,WHITE,blocklist.de/all|blocklist.de/apache|blocklist.de/mail|ziyadnz/hourly-ipv4,blocklist.de|brute-force|apache|rfi|ddos|spam|mail|ziyadnz|hourly,2026-08-17T18:48:05Z,2026-08-17T18:48:05Z,
216.151.138.240,ipv4,attack,high,WHITE,blocklist.de/all|blocklist.de/apache|blocklist.de/mail|ziyadnz/hourly-ipv4,blocklist.de|brute-force|apache|rfi|ddos|spam|mail|ziyadnz|hourly,2026-08-17T18:48:05Z,2026-08-17T18:48:05Z,
216.151.138.241,ipv4,attack,high,WHITE,blocklist.de/all|blocklist.de/apache|blocklist.de/mail|ziyadnz/hourly-ipv4,blocklist.de|brute-force|apache|rfi|ddos|spam|mail|ziyadnz|hourly,2026-08-17T18:48:05Z,2026-08-17T18:48:05Z,
216.151.138.242,ipv4,attack,high,WHITE,blocklist.de/all|blocklist.de/apache|blocklist.de/mail|ziyadnz/hourly-ipv4,blocklist.de|brute-force|apache|rfi|ddos|spam|mail|ziyadnz|hourly,2026-08-17T18:48:05Z,2026-08-17T18:48:05Z,
216.151.138.243,ipv4,attack,high,WHITE,blocklist.de/all|blocklist.de/apache|blocklist.de/mail|ziyadnz/hourly-ipv4,blocklist.de|brute-force|apache|rfi|ddos|spam|mail|ziyadnz|hourly,2026-08-17T18:48:05Z,2026-08-17T18:48:05Z,
216.151.138.244,ipv4,attack,high,WHITE,blocklist.de/all|blocklist.de/apache|blocklist.de/mail|ziyadnz/hourly-ipv4,blocklist.de|brute-force|apache|rfi|ddos|spam|mail|ziyadnz|hourly,2026-08-17T18:48:05Z,2026-08-17T18:48:05Z,
216.151.138.245,ipv4,attack,high,WHITE,blocklist.de/all|blocklist.de/apache|blocklist.de/mail|ziyadnz/hourly-ipv4,blocklist.de|brute-force|apache|rfi|ddos|spam|mail|ziyadnz|hourly,2026-08-17T18:48:05Z,2026-08-17T18:48:05Z,
216.151.138.246,ipv4,attack,high,WHITE,blocklist.de/all|blocklist.de/apache|blocklist.de/mail|ziyadnz/hourly-ipv4,blocklist.de|brute-force|apache|rfi|ddos|spam|mail|ziyadnz|hourly,2026-08-17T18:48:05Z,2026-08-17T18:48:05Z,
216.151.138.247,ipv4,attack,high,WHITE,blocklist.de/all|blocklist.de/apache|blocklist.de/mail|ziyadnz/hourly-ipv4,blocklist.de|brute-force|apache|rfi|ddos|spam|mail|ziyadnz|hourly,2026-08-17T18:48:05Z,2026-08-17T18:48:05Z,
216.151.138.248,ipv4,attack,high,WHITE,blocklist.de/all|blocklist.de/apache|blocklist.de/mail|ziyadnz/hourly-ipv4,blocklist.de|brute-force|apache|rfi|ddos|spam|mail|ziyadnz|hourly,2026-08-17T18:48:05Z,2026-08-17T18:48:05Z,
216.151.138.249,ipv4,attack,high,WHITE,blocklist.de/all|blocklist.de/apache|blocklist.de/mail|ziyadnz/hourly-ipv4,blocklist.de|brute-force|apache|rfi|ddos|spam|mail|ziyadnz|hourly,2026-08-17T18:48:05Z,2026-08-17T18:48:05Z,
216.151.138.250,ipv4,attack,high,WHITE,blocklist.de/all|blocklist.de/apache|blocklist.de/mail|ziyadnz/hourly-ipv4,blocklist.de|brute-force|apache|rfi|ddos|spam|mail|ziyadnz|hourly,2026-08-17T18:48:05Z,2026-08-17T18:48:05Z,
216.151.138.251,ipv4,attack,high,WHITE,blocklist.de/all|blocklist.de/apache|blocklist.de/mail|ziyadnz/hourly-ipv4,blocklist.de|brute-force|apache|rfi|ddos|spam|mail|ziyadnz|hourly,2026-08-17T18:48:05Z,2026-08-17T18:48:05Z,
216.151.138.252,ipv4,attack,high,WHITE,blocklist.de/all|blocklist.de/apache|blocklist.de/mail|ziyadnz/hourly-ipv4,blocklist.de|brute-force|apache|rfi|ddos|spam|mail|ziyadnz|hourly,2026-08-17T18:48:05Z,2026-08-17T18:48:05Z,
216.151.138.253,ipv4,attack,high,WHITE,blocklist.de/all|blocklist.de/apache|blocklist.de/mail|ziyadnz/hourly-ipv4,blocklist.de|brute-force|apache|rfi|ddos|spam|mail|ziyadnz|hourly,2026-08-17T18:48:05Z,2026-08-17T18:48:05Z,
216.151.138.254,ipv4,attack,high,WHITE,blocklist.de/all|blocklist.de/apache|blocklist.de/mail|ziyadnz/hourly-ipv4,blocklist.de|brute-force|apache|rfi|ddos|spam|mail|ziyadnz|hourly,2026-08-17T18:48:05Z,2026-08-17T18:48:05Z,
216.151.138.255,ipv4,attack,high,WHITE,blocklist.de/all|blocklist.de/apache|blocklist.de/mail|ziyadnz/hourly-ipv4,blocklist.de|brute-force|apache|rfi|ddos|spam|mail|ziyadnz|hourly,2026-08-17T18:48:05Z,2026-08-17T18:48:05Z,
216.152.252.0,ipv4,attack,high,WHITE,blocklist.de/all|blocklist.de/apache|blocklist.de/mail|ziyadnz/hourly-ipv4,blocklist.de|brute-force|apache|rfi|ddos|spam|mail|ziyadnz|hourly,2026-08-17T18:48:05Z,2026-08-17T18:48:05Z,
216.152.252.1,ipv4,attack,high,WHITE,blocklist.de/all|blocklist.de/apache|blocklist.de/mail|ziyadnz/hourly-ipv4,blocklist.de|brute-force|apache|rfi|ddos|spam|mail|ziyadnz|hourly,2026-08-17T18:48:05Z,2026-08-17T18:48:05Z,
216.152.252.2,ipv4,attack,high,WHITE,blocklist.de/all|blocklist.de/apache|blocklist.de/mail|ziyadnz/hourly-ipv4,blocklist.de|brute-force|apache|rfi|ddos|spam|mail|ziyadnz|hourly,2026-08-17T18:48:05Z,2026-08-17T18:48:05Z,
216.152.252.3,ipv4,attack,high,WHITE,blocklist.de/all|blocklist.de/apache|blocklist.de/mail|ziyadnz/hourly-ipv4,blocklist.de|brute-force|apache|rfi|ddos|spam|mail|ziyadnz|hourly,2026-08-17T18:48:05Z,2026-08-17T18:48:05Z,
216.152.252.4,ipv4,attack,high,WHITE,blocklist.de/all|blocklist.de/apache|blocklist.de/mail|ziyadnz/hourly-ipv4,blocklist.de|brute-force|apache|rfi|ddos|spam|mail|ziyadnz|hourly,2026-08-17T18:48:05Z,2026-08-17T18:48:05Z,
216.152.252.5,ipv4,attack,high,WHITE,blocklist.de/all|blocklist.de/apache|blocklist.de/mail|ziyadnz/hourly-ipv4,blocklist.de|brute-force|apache|rfi|ddos|spam|mail|ziyadnz|hourly,2026-08-17T18:48:05Z,2026-08-17T18:48:05Z,
216.152.252.6,ipv4,attack,high,WHITE,blocklist.de/all|blocklist.de/apache|blocklist.de/mail|ziyadnz/hourly-ipv4,blocklist.de|brute-force|apache|rfi|ddos|spam|mail|ziyadnz|hourly,2026-08-17T18:48:05Z,2026-08-17T18:48:05Z,
216.152.252.7,ipv4,attack,high,WHITE,blocklist.de/all|blocklist.de/apache|blocklist.de/mail|ziyadnz/hourly-ipv4,blocklist.de|brute-force|apache|rfi|ddos|spam|mail|ziyadnz|hourly,2026-08-17T18:48:05Z,2026-08-17T18:48:05Z,
216.152.252.8,ipv4,attack,high,WHITE,blocklist.de/all|blocklist.de/apache|blocklist.de/mail|ziyadnz/hourly-ipv4,blocklist.de|brute-force|apache|rfi|ddos|spam|mail|ziyadnz|hourly,2026-08-17T18:48:05Z,2026-08-17T18:48:05Z,
216.152.252.9,ipv4,attack,high,WHITE,blocklist.de/all|blocklist.de/apache|blocklist.de/mail|ziyadnz/hourly-ipv4,blocklist.de|brute-force|apache|rfi|ddos|spam|mail|ziyadnz|hourly,2026-08-17T18:48:05Z,2026-08-17T18:48:05Z,
216.152.252.10,ipv4,attack,high,WHITE,blocklist.de/all|blocklist.de/apache|blocklist.de/mail|ziyadnz/hourly-ipv4,blocklist.de|brute-force|apache|rfi|ddos|spam|mail|ziyadnz|hourly,2026-08-17T18:48:05Z,2026-08-17T18:48:05Z,
216.152.252.11,ipv4,attack,high,WHITE,blocklist.de/all|blocklist.de/apache|blocklist.de/mail|ziyadnz/hourly-ipv4,blocklist.de|brute-force|apache|rfi|ddos|spam|mail|ziyadnz|hourly,2026-08-17T18:48:05Z,2026-08-17T18:48:05Z,
216.152.252.12,ipv4,attack,high,WHITE,blocklist.de/all|blocklist.de/apache|blocklist.de/mail|ziyadnz/hourly-ipv4,blocklist.de|brute-force|apache|rfi|ddos|spam|mail|ziyadnz|hourly,2026-08-17T18:48:05Z,2026-08-17T18:48:05Z,
216.152.252.13,ipv4,attack,high,WHITE,blocklist.de/all|blocklist.de/apache|blocklist.de/mail|ziyadnz/hourly-ipv4,blocklist.de|brute-force|apache|rfi|ddos|spam|mail|ziyadnz|hourly,2026-08-17T18:48:05Z,2026-08-17T18:48:05Z,
216.152.252.14,ipv4,attack,high,WHITE,blocklist.de/all|blocklist.de/apache|blocklist.de/mail|ziyadnz/hourly-ipv4,blocklist.de|brute-force|apache|rfi|ddos|spam|mail|ziyadnz|hourly,2026-08-17T18:48:05Z,2026-08-17T18:48:05Z,
216.152.252.15,ipv4,attack,high,WHITE,blocklist.de/all|blocklist.de/apache|blocklist.de/mail|ziyadnz/hourly-ipv4,blocklist.de|brute-force|apache|rfi|ddos|spam|mail|ziyadnz|hourly,2026-08-17T18:48:05Z,2026-08-17T18:48:05Z,
216.152.252.16,ipv4,attack,high,WHITE,blocklist.de/all|blocklist.de/apache|blocklist.de/mail|ziyadnz/hourly-ipv4,blocklist.de|brute-force|apache|rfi|ddos|spam|mail|ziyadnz|hourly,2026-08-17T18:48:05Z,2026-08-17T18:48:05Z,
216.152.252.17,ipv4,attack,high,WHITE,blocklist.de/all|blocklist.de/apache|blocklist.de/mail|ziyadnz/hourly-ipv4,blocklist.de|brute-force|apache|rfi|ddos|spam|mail|ziyadnz|hourly,2026-08-17T18:48:05Z,2026-08-17T18:48:05Z,
216.152.252.18,ipv4,attack,high,WHITE,blocklist.de/all|blocklist.de/apache|blocklist.de/mail|ziyadnz/hourly-ipv4,blocklist.de|brute-force|apache|rfi|ddos|spam|mail|ziyadnz|hourly,2026-08-17T18:48:05Z,2026-08-17T18:48:05Z,
216.152.252.19,ipv4,attack,high,WHITE,blocklist.de/all|blocklist.de/apache|blocklist.de/mail|ziyadnz/hourly-ipv4,blocklist.de|brute-force|apache|rfi|ddos|spam|mail|ziyadnz|hourly,2026-08-17T18:48:05Z,2026-08-17T18:48:05Z,
216.152.252.20,ipv4,attack,high,WHITE,blocklist.de/all|blocklist.de/apache|blocklist.de/mail|ziyadnz/hourly-ipv4,blocklist.de|brute-force|apache|rfi|ddos|spam|mail|ziyadnz|hourly,2026-08-17T18:48:05Z,2026-08-17T18:48:05Z,
216.152.252.21,ipv4,attack,high,WHITE,blocklist.de/all|blocklist.de/apache|blocklist.de/mail|ziyadnz/hourly-ipv4,blocklist.de|brute-force|apache|rfi|ddos|spam|mail|ziyadnz|hourly,2026-08-17T18:48:05Z,2026-08-17T18:48:05Z,
216.152.252.22,ipv4,attack,high,WHITE,blocklist.de/all|blocklist.de/apache|blocklist.de/mail|ziyadnz/hourly-ipv4,blocklist.de|brute-force|apache|rfi|ddos|spam|mail|ziyadnz|hourly,2026-08-17T18:48:05Z,2026-08-17T18:48:05Z,
216.152.252.23,ipv4,attack,high,WHITE,blocklist.de/all|blocklist.de/apache|blocklist.de/mail|ziyadnz/hourly-ipv4,blocklist.de|brute-force|apache|rfi|ddos|spam|mail|ziyadnz|hourly,2026-08-17T18:48:05Z,2026-08-17T18:48:05Z,
216.152.252.24,ipv4,attack,high,WHITE,blocklist.de/all|blocklist.de/apache|blocklist.de/mail|ziyadnz/hourly-ipv4,blocklist.de|brute-force|apache|rfi|ddos|spam|mail|ziyadnz|hourly,2026-08-17T18:48:05Z,2026-08-17T18:48:05Z,
216.152.252.25,ipv4,attack,high,WHITE,blocklist.de/all|blocklist.de/apache|blocklist.de/mail|ziyadnz/hourly-ipv4,blocklist.de|brute-force|apache|rfi|ddos|spam|mail|ziyadnz|hourly,2026-08-17T18:48:05Z,2026-08-17T18:48:05Z,
216.152.252.26,ipv4,attack,high,WHITE,blocklist.de/all|blocklist.de/apache|blocklist.de/mail|ziyadnz/hourly-ipv4,blocklist.de|brute-force|apache|rfi|ddos|spam|mail|ziyadnz|hourly,2026-08-17T18:48:05Z,2026-08-17T18:48:05Z,
216.152.252.27,ipv4,attack,high,WHITE,blocklist.de/all|blocklist.de/apache|blocklist.de/mail|ziyadnz/hourly-ipv4,blocklist.de|brute-force|apache|rfi|ddos|spam|mail|ziyadnz|hourly,2026-08-17T18:48:05Z,2026-08-17T18:48:05Z,
216.152.252.28,ipv4,attack,high,WHITE,blocklist.de/all|blocklist.de/apache|blocklist.de/mail|ziyadnz/hourly-ipv4,blocklist.de|brute-force|apache|rfi|ddos|spam|mail|ziyadnz|hourly,2026-08-17T18:48:05Z,2026-08-17T18:48:05Z,
216.152.252.29,ipv4,attack,high,WHITE,blocklist.de/all|blocklist.de/apache|blocklist.de/mail|ziyadnz/hourly-ipv4,blocklist.de|brute-force|apache|rfi|ddos|spam|mail|ziyadnz|hourly,2026-08-17T18:48:05Z,2026-08-17T18:48:05Z,
216.152.252.30,ipv4,attack,high,WHITE,blocklist.de/all|blocklist.de/apache|blocklist.de/mail|ziyadnz/hourly-ipv4,blocklist.de|brute-force|apache|rfi|ddos|spam|mail|ziyadnz|hourly,2026-08-17T18:48:05Z,2026-08-17T18:48:05Z,
216.152.252.31,ipv4,attack,high,WHITE,blocklist.de/all|blocklist.de/apache|blocklist.de/mail|ziyadnz/hourly-ipv4,blocklist.de|brute-force|apache|rfi|ddos|spam|mail|ziyadnz|hourly,2026-08-17T18:48:05Z,2026-08-17T18:48:05Z,
216.152.252.32,ipv4,attack,high,WHITE,blocklist.de/all|blocklist.de/apache|blocklist.de/mail|ziyadnz/hourly-ipv4,blocklist.de|brute-force|apache|rfi|ddos|spam|mail|ziyadnz|hourly,2026-08-17T18:48:05Z,2026-08-17T18:48:05Z,
216.152.252.33,ipv4,attack,high,WHITE,blocklist.de/all|blocklist.de/apache|blocklist.de/mail|ziyadnz/hourly-ipv4,blocklist.de|brute-force|apache|rfi|ddos|spam|mail|ziyadnz|hourly,2026-08-17T18:48:05Z,2026-08-17T18:48:05Z,
216.152.252.34,ipv4,attack,high,WHITE,blocklist.de/all|blocklist.de/apache|blocklist.de/mail|ziyadnz/hourly-ipv4,blocklist.de|brute-force|apache|rfi|ddos|spam|mail|ziyadnz|hourly,2026-08-17T18:48:05Z,2026-08-17T18:48:05Z,
216.152.252.35,ipv4,attack,high,WHITE,blocklist.de/all|blocklist.de/apache|blocklist.de/mail|ziyadnz/hourly-ipv4,blocklist.de|brute-force|apache|rfi|ddos|spam|mail|ziyadnz|hourly,2026-08-17T18:48:05Z,2026-08-17T18:48:05Z,
216.152.252.36,ipv4,attack,high,WHITE,blocklist.de/all|blocklist.de/apache|blocklist.de/mail|ziyadnz/hourly-ipv4,blocklist.de|brute-force|apache|rfi|ddos|spam|mail|ziyadnz|hourly,2026-08-17T18:48:05Z,2026-08-17T18:48:05Z,
216.152.252.37,ipv4,attack,high,WHITE,blocklist.de/all|blocklist.de/apache|blocklist.de/mail|ziyadnz/hourly-ipv4,blocklist.de|brute-force|apache|rfi|ddos|spam|mail|ziyadnz|hourly,2026-08-17T18:48:05Z,2026-08-17T18:48:05Z,
216.152.252.38,ipv4,attack,high,WHITE,blocklist.de/all|blocklist.de/apache|blocklist.de/mail|ziyadnz/hourly-ipv4,blocklist.de|brute-force|apache|rfi|ddos|spam|mail|ziyadnz|hourly,2026-08-17T18:48:05Z,2026-08-17T18:48:05Z,
216.152.252.39,ipv4,attack,high,WHITE,blocklist.de/all|blocklist.de/apache|blocklist.de/mail|ziyadnz/hourly-ipv4,blocklist.de|brute-force|apache|rfi|ddos|spam|mail|ziyadnz|hourly,2026-08-17T18:48:05Z,2026-08-17T18:48:05Z,
216.152.252.40,ipv4,attack,high,WHITE,blocklist.de/all|blocklist.de/apache|blocklist.de/mail|ziyadnz/hourly-ipv4,blocklist.de|brute-force|apache|rfi|ddos|spam|mail|ziyadnz|hourly,2026-08-17T18:48:05Z,2026-08-17T18:48:05Z,
216.152.252.41,ipv4,attack,high,WHITE,blocklist.de/all|blocklist.de/apache|blocklist.de/mail|ziyadnz/hourly-ipv4,blocklist.de|brute-force|apache|rfi|ddos|spam|mail|ziyadnz|hourly,2026-08-17T18:48:05Z,2026-08-17T18:48:05Z,
216.152.252.42,ipv4,attack,high,WHITE,blocklist.de/all|blocklist.de/apache|blocklist.de/mail|ziyadnz/hourly-ipv4,blocklist.de|brute-force|apache|rfi|ddos|spam|mail|ziyadnz|hourly,2026-08-17T18:48:05Z,2026-08-17T18:48:05Z,
216.152.252.43,ipv4,attack,high,WHITE,blocklist.de/all|blocklist.de/apache|blocklist.de/mail|ziyadnz/hourly-ipv4,blocklist.de|brute-force|apache|rfi|ddos|spam|mail|ziyadnz|hourly,2026-08-17T18:48:05Z,2026-08-17T18:48:05Z,
216.152.252.44,ipv4,attack,high,WHITE,blocklist.de/all|blocklist.de/apache|blocklist.de/mail|ziyadnz/hourly-ipv4,blocklist.de|brute-force|apache|rfi|ddos|spam|mail|ziyadnz|hourly,2026-08-17T18:48:05Z,2026-08-17T18:48:05Z,
216.152.252.45,ipv4,attack,high,WHITE,blocklist.de/all|blocklist.de/apache|blocklist.de/mail|ziyadnz/hourly-ipv4,blocklist.de|brute-force|apache|rfi|ddos|spam|mail|ziyadnz|hourly,2026-08-17T18:48:05Z,2026-08-17T18:48:05Z,
216.152.252.46,ipv4,attack,high,WHITE,blocklist.de/all|blocklist.de/apache|blocklist.de/mail|ziyadnz/hourly-ipv4,blocklist.de|brute-force|apache|rfi|ddos|spam|mail|ziyadnz|hourly,2026-08-17T18:48:05Z,2026-08-17T18:48:05Z,
216.152.252.47,ipv4,attack,high,WHITE,blocklist.de/all|blocklist.de/apache|blocklist.de/mail|ziyadnz/hourly-ipv4,blocklist.de|brute-force|apache|rfi|ddos|spam|mail|ziyadnz|hourly,2026-08-17T18:48:05Z,2026-08-17T18:48:05Z,
216.152.252.48,ipv4,attack,high,WHITE,blocklist.de/all|blocklist.de/apache|blocklist.de/mail|ziyadnz/hourly-ipv4,blocklist.de|brute-force|apache|rfi|ddos|spam|mail|ziyadnz|hourly,2026-08-17T18:48:05Z,2026-08-17T18:48:05Z,
216.152.252.49,ipv4,attack,high,WHITE,blocklist.de/all|blocklist.de/apache|blocklist.de/mail|ziyadnz/hourly-ipv4,blocklist.de|brute-force|apache|rfi|ddos|spam|mail|ziyadnz|hourly,2026-08-17T18:48:05Z,2026-08-17T18:48:05Z,
216.152.252.50,ipv4,attack,high,WHITE,blocklist.de/all|blocklist.de/apache|blocklist.de/mail|ziyadnz/hourly-ipv4,blocklist.de|brute-force|apache|rfi|ddos|spam|mail|ziyadnz|hourly,2026-08-17T18:48:05Z,2026-08-17T18:48:05Z,
216.152.252.51,ipv4,attack,high,WHITE,blocklist.de/all|blocklist.de/apache|blocklist.de/mail|ziyadnz/hourly-ipv4,blocklist.de|brute-force|apache|rfi|ddos|spam|mail|ziyadnz|hourly,2026-08-17T18:48:05Z,2026-08-17T18:48:05Z,
216.152.252.52,ipv4,attack,high,WHITE,blocklist.de/all|blocklist.de/apache|blocklist.de/mail|ziyadnz/hourly-ipv4,blocklist.de|brute-force|apache|rfi|ddos|spam|mail|ziyadnz|hourly,2026-08-17T18:48:05Z,2026-08-17T18:48:05Z,
216.152.252.53,ipv4,attack,high,WHITE,blocklist.de/all|blocklist.de/apache|blocklist.de/mail|ziyadnz/hourly-ipv4,blocklist.de|brute-force|apache|rfi|ddos|spam|mail|ziyadnz|hourly,2026-08-17T18:48:05Z,2026-08-17T18:48:05Z,
216.152.252.54,ipv4,attack,high,WHITE,blocklist.de/all|blocklist.de/apache|blocklist.de/mail|ziyadnz/hourly-ipv4,blocklist.de|brute-force|apache|rfi|ddos|spam|mail|ziyadnz|hourly,2026-08-17T18:48:05Z,2026-08-17T18:48:05Z,
216.152.252.55,ipv4,attack,high,WHITE,blocklist.de/all|blocklist.de/apache|blocklist.de/mail|ziyadnz/hourly-ipv4,blocklist.de|brute-force|apache|rfi|ddos|spam|mail|ziyadnz|hourly,2026-08-17T18:48:05Z,2026-08-17T18:48:05Z,
216.152.252.56,ipv4,attack,high,WHITE,blocklist.de/all|blocklist.de/apache|blocklist.de/mail|ziyadnz/hourly-ipv4,blocklist.de|brute-force|apache|rfi|ddos|spam|mail|ziyadnz|hourly,2026-08-17T18:48:05Z,2026-08-17T18:48:05Z,
216.152.252.57,ipv4,attack,high,WHITE,blocklist.de/all|blocklist.de/apache|blocklist.de/mail|ziyadnz/hourly-ipv4,blocklist.de|brute-force|apache|rfi|ddos|spam|mail|ziyadnz|hourly,2026-08-17T18:48:05Z,2026-08-17T18:48:05Z,
216.152.252.58,ipv4,attack,high,WHITE,blocklist.de/all|blocklist.de/apache|blocklist.de/mail|ziyadnz/hourly-ipv4,blocklist.de|brute-force|apache|rfi|ddos|spam|mail|ziyadnz|hourly,2026-08-17T18:48:05Z,2026-08-17T18:48:05Z,
216.152.252.59,ipv4,attack,high,WHITE,blocklist.de/all|blocklist.de/apache|blocklist.de/mail|ziyadnz/hourly-ipv4,blocklist.de|brute-force|apache|rfi|ddos|spam|mail|ziyadnz|hourly,2026-08-17T18:48:05Z,2026-08-17T18:48:05Z,
216.152.252.60,ipv4,attack,high,WHITE,blocklist.de/all|blocklist.de/apache|blocklist.de/mail|ziyadnz/hourly-ipv4,blocklist.de|brute-force|apache|rfi|ddos|spam|mail|ziyadnz|hourly,2026-08-17T18:48:05Z,2026-08-17T18:48:05Z,
216.152.252.61,ipv4,attack,high,WHITE,blocklist.de/all|blocklist.de/apache|blocklist.de/mail|ziyadnz/hourly-ipv4,blocklist.de|brute-force|apache|rfi|ddos|spam|mail|ziyadnz|hourly,2026-08-17T18:48:05Z,2026-08-17T18:48:05Z,
216.152.252.62,ipv4,attack,high,WHITE,blocklist.de/all|blocklist.de/apache|blocklist.de/mail|ziyadnz/hourly-ipv4,blocklist.de|brute-force|apache|rfi|ddos|spam|mail|ziyadnz|hourly,2026-08-17T18:48:05Z,2026-08-17T18:48:05Z,
216.152.252.63,ipv4,attack,high,WHITE,blocklist.de/all|blocklist.de/apache|blocklist.de/mail|ziyadnz/hourly-ipv4,blocklist.de|brute-force|apache|rfi|ddos|spam|mail|ziyadnz|hourly,2026-08-17T18:48:05Z,2026-08-17T18:48:05Z,
216.152.252.64,ipv4,attack,high,WHITE,blocklist.de/all|blocklist.de/apache|blocklist.de/mail|ziyadnz/hourly-ipv4,blocklist.de|brute-force|apache|rfi|ddos|spam|mail|ziyadnz|hourly,2026-08-17T18:48:05Z,2026-08-17T18:48:05Z,
216.152.252.65,ipv4,attack,high,WHITE,blocklist.de/all|blocklist.de/apache|blocklist.de/mail|ziyadnz/hourly-ipv4,blocklist.de|brute-force|apache|rfi|ddos|spam|mail|ziyadnz|hourly,2026-08-17T18:48:05Z,2026-08-17T18:48:05Z,
216.152.252.66,ipv4,attack,high,WHITE,blocklist.de/all|blocklist.de/apache|blocklist.de/mail|ziyadnz/hourly-ipv4,blocklist.de|brute-force|apache|rfi|ddos|spam|mail|ziyadnz|hourly,2026-08-17T18:48:05Z,2026-08-17T18:48:05Z,
216.152.252.67,ipv4,attack,high,WHITE,blocklist.de/all|blocklist.de/apache|blocklist.de/mail|ziyadnz/hourly-ipv4,blocklist.de|brute-force|apache|rfi|ddos|spam|mail|ziyadnz|hourly,2026-08-17T18:48:05Z,2026-08-17T18:48:05Z,
216.152.252.68,ipv4,attack,high,WHITE,blocklist.de/all|blocklist.de/apache|blocklist.de/mail|ziyadnz/hourly-ipv4,blocklist.de|brute-force|apache|rfi|ddos|spam|mail|ziyadnz|hourly,2026-08-17T18:48:05Z,2026-08-17T18:48:05Z,
216.152.252.69,ipv4,attack,high,WHITE,blocklist.de/all|blocklist.de/apache|blocklist.de/mail|ziyadnz/hourly-ipv4,blocklist.de|brute-force|apache|rfi|ddos|spam|mail|ziyadnz|hourly,2026-08-17T18:48:05Z,2026-08-17T18:48:05Z,
216.152.252.70,ipv4,attack,high,WHITE,blocklist.de/all|blocklist.de/apache|blocklist.de/mail|ziyadnz/hourly-ipv4,blocklist.de|brute-force|apache|rfi|ddos|spam|mail|ziyadnz|hourly,2026-08-17T18:48:05Z,2026-08-17T18:48:05Z,
216.152.252.71,ipv4,attack,high,WHITE,blocklist.de/all|blocklist.de/apache|blocklist.de/mail|ziyadnz/hourly-ipv4,blocklist.de|brute-force|apache|rfi|ddos|spam|mail|ziyadnz|hourly,2026-08-17T18:48:05Z,2026-08-17T18:48:05Z,
216.152.252.72,ipv4,attack,high,WHITE,blocklist.de/all|blocklist.de/apache|blocklist.de/mail|ziyadnz/hourly-ipv4,blocklist.de|brute-force|apache|rfi|ddos|spam|mail|ziyadnz|hourly,2026-08-17T18:48:05Z,2026-08-17T18:48:05Z,
216.152.252.73,ipv4,attack,high,WHITE,blocklist.de/all|blocklist.de/apache|blocklist.de/mail|ziyadnz/hourly-ipv4,blocklist.de|brute-force|apache|rfi|ddos|spam|mail|ziyadnz|hourly,2026-08-17T18:48:05Z,2026-08-17T18:48:05Z,
216.152.252.74,ipv4,attack,high,WHITE,blocklist.de/all|blocklist.de/apache|blocklist.de/mail|ziyadnz/hourly-ipv4,blocklist.de|brute-force|apache|rfi|ddos|spam|mail|ziyadnz|hourly,2026-08-17T18:48:05Z,2026-08-17T18:48:05Z,
216.152.252.75,ipv4,attack,high,WHITE,blocklist.de/all|blocklist.de/apache|blocklist.de/mail|ziyadnz/hourly-ipv4,blocklist.de|brute-force|apache|rfi|ddos|spam|mail|ziyadnz|hourly,2026-08-17T18:48:05Z,2026-08-17T18:48:05Z,
216.152.252.76,ipv4,attack,high,WHITE,blocklist.de/all|blocklist.de/apache|blocklist.de/mail|ziyadnz/hourly-ipv4,blocklist.de|brute-force|apache|rfi|ddos|spam|mail|ziyadnz|hourly,2026-08-17T18:48:05Z,2026-08-17T18:48:05Z,
216.152.252.77,ipv4,attack,high,WHITE,blocklist.de/all|blocklist.de/apache|blocklist.de/mail|ziyadnz/hourly-ipv4,blocklist.de|brute-force|apache|rfi|ddos|spam|mail|ziyadnz|hourly,2026-08-17T18:48:05Z,2026-08-17T18:48:05Z,
216.152.252.78,ipv4,attack,high,WHITE,blocklist.de/all|blocklist.de/apache|blocklist.de/mail|ziyadnz/hourly-ipv4,blocklist.de|brute-force|apache|rfi|ddos|spam|mail|ziyadnz|hourly,2026-08-17T18:48:05Z,2026-08-17T18:48:05Z,
216.152.252.79,ipv4,attack,high,WHITE,blocklist.de/all|blocklist.de/apache|blocklist.de/mail|ziyadnz/hourly-ipv4,blocklist.de|brute-force|apache|rfi|ddos|spam|mail|ziyadnz|hourly,2026-08-17T18:48:05Z,2026-08-17T18:48:05Z,
216.152.252.80,ipv4,attack,high,WHITE,blocklist.de/all|blocklist.de/apache|blocklist.de/mail|ziyadnz/hourly-ipv4,blocklist.de|brute-force|apache|rfi|ddos|spam|mail|ziyadnz|hourly,2026-08-17T18:48:05Z,2026-08-17T18:48:05Z,
216.152.252.81,ipv4,attack,high,WHITE,blocklist.de/all|blocklist.de/apache|blocklist.de/mail|ziyadnz/hourly-ipv4,blocklist.de|brute-force|apache|rfi|ddos|spam|mail|ziyadnz|hourly,2026-08-17T18:48:05Z,2026-08-17T18:48:05Z,
216.152.252.82,ipv4,attack,high,WHITE,blocklist.de/all|blocklist.de/apache|blocklist.de/mail|ziyadnz/hourly-ipv4,blocklist.de|brute-force|apache|rfi|ddos|spam|mail|ziyadnz|hourly,2026-08-17T18:48:05Z,2026-08-17T18:48:05Z,
216.152.252.83,ipv4,attack,high,WHITE,blocklist.de/all|blocklist.de/apache|blocklist.de/mail|ziyadnz/hourly-ipv4,blocklist.de|brute-force|apache|rfi|ddos|spam|mail|ziyadnz|hourly,2026-08-17T18:48:05Z,2026-08-17T18:48:05Z,
216.152.252.84,ipv4,attack,high,WHITE,blocklist.de/all|blocklist.de/apache|blocklist.de/mail|ziyadnz/hourly-ipv4,blocklist.de|brute-force|apache|rfi|ddos|spam|mail|ziyadnz|hourly,2026-08-17T18:48:05Z,2026-08-17T18:48:05Z,
216.152.252.85,ipv4,attack,high,WHITE,blocklist.de/all|blocklist.de/apache|blocklist.de/mail|ziyadnz/hourly-ipv4,blocklist.de|brute-force|apache|rfi|ddos|spam|mail|ziyadnz|hourly,2026-08-17T18:48:05Z,2026-08-17T18:48:05Z,
216.152.252.86,ipv4,attack,high,WHITE,blocklist.de/all|blocklist.de/apache|blocklist.de/mail|ziyadnz/hourly-ipv4,blocklist.de|brute-force|apache|rfi|ddos|spam|mail|ziyadnz|hourly,2026-08-17T18:48:05Z,2026-08-17T18:48:05Z,
216.152.252.87,ipv4,attack,high,WHITE,blocklist.de/all|blocklist.de/apache|blocklist.de/mail|ziyadnz/hourly-ipv4,blocklist.de|brute-force|apache|rfi|ddos|spam|mail|ziyadnz|hourly,2026-08-17T18:48:05Z,2026-08-17T18:48:05Z,
216.152.252.88,ipv4,attack,high,WHITE,blocklist.de/all|blocklist.de/apache|blocklist.de/mail|ziyadnz/hourly-ipv4,blocklist.de|brute-force|apache|rfi|ddos|spam|mail|ziyadnz|hourly,2026-08-17T18:48:05Z,2026-08-17T18:48:05Z,
216.152.252.89,ipv4,attack,high,WHITE,blocklist.de/all|blocklist.de/apache|blocklist.de/mail|ziyadnz/hourly-ipv4,blocklist.de|brute-force|apache|rfi|ddos|spam|mail|ziyadnz|hourly,2026-08-17T18:48:05Z,2026-08-17T18:48:05Z,
216.152.252.90,ipv4,attack,high,WHITE,blocklist.de/all|blocklist.de/apache|blocklist.de/mail|ziyadnz/hourly-ipv4,blocklist.de|brute-force|apache|rfi|ddos|spam|mail|ziyadnz|hourly,2026-08-17T18:48:05Z,2026-08-17T18:48:05Z,
216.152.252.91,ipv4,attack,high,WHITE,blocklist.de/all|blocklist.de/apache|blocklist.de/mail|ziyadnz/hourly-ipv4,blocklist.de|brute-force|apache|rfi|ddos|spam|mail|ziyadnz|hourly,2026-08-17T18:48:05Z,2026-08-17T18:48:05Z,
216.152.252.92,ipv4,attack,high,WHITE,blocklist.de/all|blocklist.de/apache|blocklist.de/mail|ziyadnz/hourly-ipv4,blocklist.de|brute-force|apache|rfi|ddos|spam|mail|ziyadnz|hourly,2026-08-17T18:48:05Z,2026-08-17T18:48:05Z,
216.152.252.93,ipv4,attack,high,WHITE,blocklist.de/all|blocklist.de/apache|blocklist.de/mail|ziyadnz/hourly-ipv4,blocklist.de|brute-force|apache|rfi|ddos|spam|mail|ziyadnz|hourly,2026-08-17T18:48:05Z,2026-08-17T18:48:05Z,
216.152.252.94,ipv4,attack,high,WHITE,blocklist.de/all|blocklist.de/apache|blocklist.de/mail|ziyadnz/hourly-ipv4,blocklist.de|brute-force|apache|rfi|ddos|spam|mail|ziyadnz|hourly,2026-08-17T18:48:05Z,2026-08-17T18:48:05Z,
216.152.252.95,ipv4,attack,high,WHITE,blocklist.de/all|blocklist.de/apache|blocklist.de/mail|ziyadnz/hourly-ipv4,blocklist.de|brute-force|apache|rfi|ddos|spam|mail|ziyadnz|hourly,2026-08-17T18:48:05Z,2026-08-17T18:48:05Z,
216.152.252.96,ipv4,attack,high,WHITE,blocklist.de/all|blocklist.de/apache|blocklist.de/mail|ziyadnz/hourly-ipv4,blocklist.de|brute-force|apache|rfi|ddos|spam|mail|ziyadnz|hourly,2026-08-17T18:48:05Z,2026-08-17T18:48:05Z,
216.152.252.97,ipv4,attack,high,WHITE,blocklist.de/all|blocklist.de/apache|blocklist.de/mail|ziyadnz/hourly-ipv4,blocklist.de|brute-force|apache|rfi|ddos|spam|mail|ziyadnz|hourly,2026-08-17T18:48:05Z,2026-08-17T18:48:05Z,
216.152.252.98,ipv4,attack,high,WHITE,blocklist.de/all|blocklist.de/apache|blocklist.de/mail|ziyadnz/hourly-ipv4,blocklist.de|brute-force|apache|rfi|ddos|spam|mail|ziyadnz|hourly,2026-08-17T18:48:05Z,2026-08-17T18:48:05Z,
216.152.252.99,ipv4,attack,high,WHITE,blocklist.de/all|blocklist.de/apache|blocklist.de/mail|ziyadnz/hourly-ipv4,blocklist.de|brute-force|apache|rfi|ddos|spam|mail|ziyadnz|hourly,2026-08-17T18:48:05Z,2026-08-17T18:48:05Z,
216.152.252.100,ipv4,attack,high,WHITE,blocklist.de/all|blocklist.de/apache|blocklist.de/mail|ziyadnz/hourly-ipv4,blocklist.de|brute-force|apache|rfi|ddos|spam|mail|ziyadnz|hourly,2026-08-17T18:48:05Z,2026-08-17T18:48:05Z,
216.152.252.101,ipv4,attack,high,WHITE,blocklist.de/all|blocklist.de/apache|blocklist.de/mail|ziyadnz/hourly-ipv4,blocklist.de|brute-force|apache|rfi|ddos|spam|mail|ziyadnz|hourly,2026-08-17T18:48:05Z,2026-08-17T18:48:05Z,
216.152.252.102,ipv4,attack,high,WHITE,blocklist.de/all|blocklist.de/apache|blocklist.de/mail|ziyadnz/hourly-ipv4,blocklist.de|brute-force|apache|rfi|ddos|spam|mail|ziyadnz|hourly,2026-08-17T18:48:05Z,2026-08-17T18:48:05Z,
216.152.252.103,ipv4,attack,high,WHITE,blocklist.de/all|blocklist.de/apache|blocklist.de/mail|ziyadnz/hourly-ipv4,blocklist.de|brute-force|apache|rfi|ddos|spam|mail|ziyadnz|hourly,2026-08-17T18:48:05Z,2026-08-17T18:48:05Z,
216.152.252.104,ipv4,attack,high,WHITE,blocklist.de/all|blocklist.de/apache|blocklist.de/mail|ziyadnz/hourly-ipv4,blocklist.de|brute-force|apache|rfi|ddos|spam|mail|ziyadnz|hourly,2026-08-17T18:48:05Z,2026-08-17T18:48:05Z,
216.152.252.105,ipv4,attack,high,WHITE,blocklist.de/all|blocklist.de/apache|blocklist.de/mail|ziyadnz/hourly-ipv4,blocklist.de|brute-force|apache|rfi|ddos|spam|mail|ziyadnz|hourly,2026-08-17T18:48:05Z,2026-08-17T18:48:05Z,
216.152.252.106,ipv4,attack,high,WHITE,blocklist.de/all|blocklist.de/apache|blocklist.de/mail|ziyadnz/hourly-ipv4,blocklist.de|brute-force|apache|rfi|ddos|spam|mail|ziyadnz|hourly,2026-08-17T18:48:05Z,2026-08-17T18:48:05Z,
216.152.252.107,ipv4,attack,high,WHITE,blocklist.de/all|blocklist.de/apache|blocklist.de/mail|ziyadnz/hourly-ipv4,blocklist.de|brute-force|apache|rfi|ddos|spam|mail|ziyadnz|hourly,2026-08-17T18:48:05Z,2026-08-17T18:48:05Z,
216.152.252.108,ipv4,attack,high,WHITE,blocklist.de/all|blocklist.de/apache|blocklist.de/mail|ziyadnz/hourly-ipv4,blocklist.de|brute-force|apache|rfi|ddos|spam|mail|ziyadnz|hourly,2026-08-17T18:48:05Z,2026-08-17T18:48:05Z,
216.152.252.109,ipv4,attack,high,WHITE,blocklist.de/all|blocklist.de/apache|blocklist.de/mail|ziyadnz/hourly-ipv4,blocklist.de|brute-force|apache|rfi|ddos|spam|mail|ziyadnz|hourly,2026-08-17T18:48:05Z,2026-08-17T18:48:05Z,
216.152.252.110,ipv4,attack,high,WHITE,blocklist.de/all|blocklist.de/apache|blocklist.de/mail|ziyadnz/hourly-ipv4,blocklist.de|brute-force|apache|rfi|ddos|spam|mail|ziyadnz|hourly,2026-08-17T18:48:05Z,2026-08-17T18:48:05Z,
216.152.252.111,ipv4,attack,high,WHITE,blocklist.de/all|blocklist.de/apache|blocklist.de/mail|ziyadnz/hourly-ipv4,blocklist.de|brute-force|apache|rfi|ddos|spam|mail|ziyadnz|hourly,2026-08-17T18:48:05Z,2026-08-17T18:48:05Z,
216.152.252.112,ipv4,attack,high,WHITE,blocklist.de/all|blocklist.de/apache|blocklist.de/mail|ziyadnz/hourly-ipv4,blocklist.de|brute-force|apache|rfi|ddos|spam|mail|ziyadnz|hourly,2026-08-17T18:48:05Z,2026-08-17T18:48:05Z,
216.152.252.113,ipv4,attack,high,WHITE,blocklist.de/all|blocklist.de/apache|blocklist.de/mail|ziyadnz/hourly-ipv4,blocklist.de|brute-force|apache|rfi|ddos|spam|mail|ziyadnz|hourly,2026-08-17T18:48:05Z,2026-08-17T18:48:05Z,
216.152.252.114,ipv4,attack,high,WHITE,blocklist.de/all|blocklist.de/apache|blocklist.de/mail|ziyadnz/hourly-ipv4,blocklist.de|brute-force|apache|rfi|ddos|spam|mail|ziyadnz|hourly,2026-08-17T18:48:05Z,2026-08-17T18:48:05Z,
216.152.252.115,ipv4,attack,high,WHITE,blocklist.de/all|blocklist.de/apache|blocklist.de/mail|ziyadnz/hourly-ipv4,blocklist.de|brute-force|apache|rfi|ddos|spam|mail|ziyadnz|hourly,2026-08-17T18:48:05Z,2026-08-17T18:48:05Z,
216.152.252.116,ipv4,attack,high,WHITE,blocklist.de/all|blocklist.de/apache|blocklist.de/mail|ziyadnz/hourly-ipv4,blocklist.de|brute-force|apache|rfi|ddos|spam|mail|ziyadnz|hourly,2026-08-17T18:48:05Z,2026-08-17T18:48:05Z,
216.152.252.117,ipv4,attack,high,WHITE,blocklist.de/all|blocklist.de/apache|blocklist.de/mail|ziyadnz/hourly-ipv4,blocklist.de|brute-force|apache|rfi|ddos|spam|mail|ziyadnz|hourly,2026-08-17T18:48:05Z,2026-08-17T18:48:05Z,
216.152.252.118,ipv4,attack,high,WHITE,blocklist.de/all|blocklist.de/apache|blocklist.de/mail|ziyadnz/hourly-ipv4,blocklist.de|brute-force|apache|rfi|ddos|spam|mail|ziyadnz|hourly,2026-08-17T18:48:05Z,2026-08-17T18:48:05Z,
216.152.252.119,ipv4,attack,high,WHITE,blocklist.de/all|blocklist.de/apache|blocklist.de/mail|ziyadnz/hourly-ipv4,blocklist.de|brute-force|apache|rfi|ddos|spam|mail|ziyadnz|hourly,2026-08-17T18:48:05Z,2026-08-17T18:48:05Z,
216.152.252.120,ipv4,attack,high,WHITE,blocklist.de/all|blocklist.de/apache|blocklist.de/mail|ziyadnz/hourly-ipv4,blocklist.de|brute-force|apache|rfi|ddos|spam|mail|ziyadnz|hourly,2026-08-17T18:48:05Z,2026-08-17T18:48:05Z,
216.152.252.121,ipv4,attack,high,WHITE,blocklist.de/all|blocklist.de/apache|blocklist.de/mail|ziyadnz/hourly-ipv4,blocklist.de|brute-force|apache|rfi|ddos|spam|mail|ziyadnz|hourly,2026-08-17T18:48:05Z,2026-08-17T18:48:05Z,
216.152.252.122,ipv4,attack,high,WHITE,blocklist.de/all|blocklist.de/apache|blocklist.de/mail|ziyadnz/hourly-ipv4,blocklist.de|brute-force|apache|rfi|ddos|spam|mail|ziyadnz|hourly,2026-08-17T18:48:05Z,2026-08-17T18:48:05Z,
216.152.252.123,ipv4,attack,high,WHITE,blocklist.de/all|blocklist.de/apache|blocklist.de/mail|ziyadnz/hourly-ipv4,blocklist.de|brute-force|apache|rfi|ddos|spam|mail|ziyadnz|hourly,2026-08-17T18:48:05Z,2026-08-17T18:48:05Z,
216.152.252.124,ipv4,attack,high,WHITE,blocklist.de/all|blocklist.de/apache|blocklist.de/mail|ziyadnz/hourly-ipv4,blocklist.de|brute-force|apache|rfi|ddos|spam|mail|ziyadnz|hourly,2026-08-17T18:48:05Z,2026-08-17T18:48:05Z,
216.152.252.125,ipv4,attack,high,WHITE,blocklist.de/all|blocklist.de/apache|blocklist.de/mail|ziyadnz/hourly-ipv4,blocklist.de|brute-force|apache|rfi|ddos|spam|mail|ziyadnz|hourly,2026-08-17T18:48:05Z,2026-08-17T18:48:05Z,
216.152.252.126,ipv4,attack,high,WHITE,blocklist.de/all|blocklist.de/apache|blocklist.de/mail|ziyadnz/hourly-ipv4,blocklist.de|brute-force|apache|rfi|ddos|spam|mail|ziyadnz|hourly,2026-08-17T18:48:05Z,2026-08-17T18:48:05Z,
216.152.252.127,ipv4,attack,high,WHITE,blocklist.de/all|blocklist.de/apache|blocklist.de/mail|ziyadnz/hourly-ipv4,blocklist.de|brute-force|apache|rfi|ddos|spam|mail|ziyadnz|hourly,2026-08-17T18:48:05Z,2026-08-17T18:48:05Z,
216.152.252.128,ipv4,attack,high,WHITE,blocklist.de/all|blocklist.de/apache|blocklist.de/mail|ziyadnz/hourly-ipv4,blocklist.de|brute-force|apache|rfi|ddos|spam|mail|ziyadnz|hourly,2026-08-17T18:48:05Z,2026-08-17T18:48:05Z,
216.152.252.129,ipv4,attack,high,WHITE,blocklist.de/all|blocklist.de/apache|blocklist.de/mail|ziyadnz/hourly-ipv4,blocklist.de|brute-force|apache|rfi|ddos|spam|mail|ziyadnz|hourly,2026-08-17T18:48:05Z,2026-08-17T18:48:05Z,
216.152.252.130,ipv4,attack,high,WHITE,blocklist.de/all|blocklist.de/apache|blocklist.de/mail|ziyadnz/hourly-ipv4,blocklist.de|brute-force|apache|rfi|ddos|spam|mail|ziyadnz|hourly,2026-08-17T18:48:05Z,2026-08-17T18:48:05Z,
216.152.252.131,ipv4,attack,high,WHITE,blocklist.de/all|blocklist.de/apache|blocklist.de/mail|ziyadnz/hourly-ipv4,blocklist.de|brute-force|apache|rfi|ddos|spam|mail|ziyadnz|hourly,2026-08-17T18:48:05Z,2026-08-17T18:48:05Z,
216.152.252.132,ipv4,attack,high,WHITE,blocklist.de/all|blocklist.de/apache|blocklist.de/mail|ziyadnz/hourly-ipv4,blocklist.de|brute-force|apache|rfi|ddos|spam|mail|ziyadnz|hourly,2026-08-17T18:48:05Z,2026-08-17T18:48:05Z,
216.152.252.133,ipv4,attack,high,WHITE,blocklist.de/all|blocklist.de/apache|blocklist.de/mail|ziyadnz/hourly-ipv4,blocklist.de|brute-force|apache|rfi|ddos|spam|mail|ziyadnz|hourly,2026-08-17T18:48:05Z,2026-08-17T18:48:05Z,
216.152.252.134,ipv4,attack,high,WHITE,blocklist.de/all|blocklist.de/apache|blocklist.de/mail|ziyadnz/hourly-ipv4,blocklist.de|brute-force|apache|rfi|ddos|spam|mail|ziyadnz|hourly,2026-08-17T18:48:05Z,2026-08-17T18:48:05Z,
216.152.252.135,ipv4,attack,high,WHITE,blocklist.de/all|blocklist.de/apache|blocklist.de/mail|ziyadnz/hourly-ipv4,blocklist.de|brute-force|apache|rfi|ddos|spam|mail|ziyadnz|hourly,2026-08-17T18:48:05Z,2026-08-17T18:48:05Z,
216.152.252.136,ipv4,attack,high,WHITE,blocklist.de/all|blocklist.de/apache|blocklist.de/mail|ziyadnz/hourly-ipv4,blocklist.de|brute-force|apache|rfi|ddos|spam|mail|ziyadnz|hourly,2026-08-17T18:48:05Z,2026-08-17T18:48:05Z,
216.152.252.137,ipv4,attack,high,WHITE,blocklist.de/all|blocklist.de/apache|blocklist.de/mail|ziyadnz/hourly-ipv4,blocklist.de|brute-force|apache|rfi|ddos|spam|mail|ziyadnz|hourly,2026-08-17T18:48:05Z,2026-08-17T18:48:05Z,
216.152.252.138,ipv4,attack,high,WHITE,blocklist.de/all|blocklist.de/apache|blocklist.de/mail|ziyadnz/hourly-ipv4,blocklist.de|brute-force|apache|rfi|ddos|spam|mail|ziyadnz|hourly,2026-08-17T18:48:05Z,2026-08-17T18:48:05Z,
216.152.252.139,ipv4,attack,high,WHITE,blocklist.de/all|blocklist.de/apache|blocklist.de/mail|ziyadnz/hourly-ipv4,blocklist.de|brute-force|apache|rfi|ddos|spam|mail|ziyadnz|hourly,2026-08-17T18:48:05Z,2026-08-17T18:48:05Z,
216.152.252.140,ipv4,attack,high,WHITE,blocklist.de/all|blocklist.de/apache|blocklist.de/mail|ziyadnz/hourly-ipv4,blocklist.de|brute-force|apache|rfi|ddos|spam|mail|ziyadnz|hourly,2026-08-17T18:48:05Z,2026-08-17T18:48:05Z,
216.152.252.141,ipv4,attack,high,WHITE,blocklist.de/all|blocklist.de/apache|blocklist.de/mail|ziyadnz/hourly-ipv4,blocklist.de|brute-force|apache|rfi|ddos|spam|mail|ziyadnz|hourly,2026-08-17T18:48:05Z,2026-08-17T18:48:05Z,
216.152.252.142,ipv4,attack,high,WHITE,blocklist.de/all|blocklist.de/apache|blocklist.de/mail|ziyadnz/hourly-ipv4,blocklist.de|brute-force|apache|rfi|ddos|spam|mail|ziyadnz|hourly,2026-08-17T18:48:05Z,2026-08-17T18:48:05Z,
216.152.252.143,ipv4,attack,high,WHITE,blocklist.de/all|blocklist.de/apache|blocklist.de/mail|ziyadnz/hourly-ipv4,blocklist.de|brute-force|apache|rfi|ddos|spam|mail|ziyadnz|hourly,2026-08-17T18:48:05Z,2026-08-17T18:48:05Z,
216.152.252.144,ipv4,attack,high,WHITE,blocklist.de/all|blocklist.de/apache|blocklist.de/mail|ziyadnz/hourly-ipv4,blocklist.de|brute-force|apache|rfi|ddos|spam|mail|ziyadnz|hourly,2026-08-17T18:48:05Z,2026-08-17T18:48:05Z,
216.152.252.145,ipv4,attack,high,WHITE,blocklist.de/all|blocklist.de/apache|blocklist.de/mail|ziyadnz/hourly-ipv4,blocklist.de|brute-force|apache|rfi|ddos|spam|mail|ziyadnz|hourly,2026-08-17T18:48:05Z,2026-08-17T18:48:05Z,
216.152.252.146,ipv4,attack,high,WHITE,blocklist.de/all|blocklist.de/apache|blocklist.de/mail|ziyadnz/hourly-ipv4,blocklist.de|brute-force|apache|rfi|ddos|spam|mail|ziyadnz|hourly,2026-08-17T18:48:05Z,2026-08-17T18:48:05Z,
216.152.252.147,ipv4,attack,high,WHITE,blocklist.de/all|blocklist.de/apache|blocklist.de/mail|ziyadnz/hourly-ipv4,blocklist.de|brute-force|apache|rfi|ddos|spam|mail|ziyadnz|hourly,2026-08-17T18:48:05Z,2026-08-17T18:48:05Z,
216.152.252.148,ipv4,attack,high,WHITE,blocklist.de/all|blocklist.de/apache|blocklist.de/mail|ziyadnz/hourly-ipv4,blocklist.de|brute-force|apache|rfi|ddos|spam|mail|ziyadnz|hourly,2026-08-17T18:48:05Z,2026-08-17T18:48:05Z,
216.152.252.149,ipv4,attack,high,WHITE,blocklist.de/all|blocklist.de/apache|blocklist.de/mail|ziyadnz/hourly-ipv4,blocklist.de|brute-force|apache|rfi|ddos|spam|mail|ziyadnz|hourly,2026-08-17T18:48:05Z,2026-08-17T18:48:05Z,
216.152.252.150,ipv4,attack,high,WHITE,blocklist.de/all|blocklist.de/apache|blocklist.de/mail|ziyadnz/hourly-ipv4,blocklist.de|brute-force|apache|rfi|ddos|spam|mail|ziyadnz|hourly,2026-08-17T18:48:05Z,2026-08-17T18:48:05Z,
216.152.252.151,ipv4,attack,high,WHITE,blocklist.de/all|blocklist.de/apache|blocklist.de/mail|ziyadnz/hourly-ipv4,blocklist.de|brute-force|apache|rfi|ddos|spam|mail|ziyadnz|hourly,2026-08-17T18:48:05Z,2026-08-17T18:48:05Z,
216.152.252.152,ipv4,attack,high,WHITE,blocklist.de/all|blocklist.de/apache|blocklist.de/mail|ziyadnz/hourly-ipv4,blocklist.de|brute-force|apache|rfi|ddos|spam|mail|ziyadnz|hourly,2026-08-17T18:48:05Z,2026-08-17T18:48:05Z,
216.152.252.153,ipv4,attack,high,WHITE,blocklist.de/all|blocklist.de/apache|blocklist.de/mail|ziyadnz/hourly-ipv4,blocklist.de|brute-force|apache|rfi|ddos|spam|mail|ziyadnz|hourly,2026-08-17T18:48:05Z,2026-08-17T18:48:05Z,
216.152.252.154,ipv4,attack,high,WHITE,blocklist.de/all|blocklist.de/apache|blocklist.de/mail|ziyadnz/hourly-ipv4,blocklist.de|brute-force|apache|rfi|ddos|spam|mail|ziyadnz|hourly,2026-08-17T18:48:05Z,2026-08-17T18:48:05Z,
216.152.252.155,ipv4,attack,high,WHITE,blocklist.de/all|blocklist.de/apache|blocklist.de/mail|ziyadnz/hourly-ipv4,blocklist.de|brute-force|apache|rfi|ddos|spam|mail|ziyadnz|hourly,2026-08-17T18:48:05Z,2026-08-17T18:48:05Z,
216.152.252.156,ipv4,attack,high,WHITE,blocklist.de/all|blocklist.de/apache|blocklist.de/mail|ziyadnz/hourly-ipv4,blocklist.de|brute-force|apache|rfi|ddos|spam|mail|ziyadnz|hourly,2026-08-17T18:48:05Z,2026-08-17T18:48:05Z,
216.152.252.157,ipv4,attack,high,WHITE,blocklist.de/all|blocklist.de/apache|blocklist.de/mail|ziyadnz/hourly-ipv4,blocklist.de|brute-force|apache|rfi|ddos|spam|mail|ziyadnz|hourly,2026-08-17T18:48:05Z,2026-08-17T18:48:05Z,
216.152.252.158,ipv4,attack,high,WHITE,blocklist.de/all|blocklist.de/apache|blocklist.de/mail|ziyadnz/hourly-ipv4,blocklist.de|brute-force|apache|rfi|ddos|spam|mail|ziyadnz|hourly,2026-08-17T18:48:05Z,2026-08-17T18:48:05Z,
216.152.252.159,ipv4,attack,high,WHITE,blocklist.de/all|blocklist.de/apache|blocklist.de/mail|ziyadnz/hourly-ipv4,blocklist.de|brute-force|apache|rfi|ddos|spam|mail|ziyadnz|hourly,2026-08-17T18:48:05Z,2026-08-17T18:48:05Z,
216.152.252.160,ipv4,attack,high,WHITE,blocklist.de/all|blocklist.de/apache|blocklist.de/mail|ziyadnz/hourly-ipv4,blocklist.de|brute-force|apache|rfi|ddos|spam|mail|ziyadnz|hourly,2026-08-17T18:48:05Z,2026-08-17T18:48:05Z,
216.152.252.161,ipv4,attack,high,WHITE,blocklist.de/all|blocklist.de/apache|blocklist.de/mail|ziyadnz/hourly-ipv4,blocklist.de|brute-force|apache|rfi|ddos|spam|mail|ziyadnz|hourly,2026-08-17T18:48:05Z,2026-08-17T18:48:05Z,
216.152.252.162,ipv4,attack,high,WHITE,blocklist.de/all|blocklist.de/apache|blocklist.de/mail|ziyadnz/hourly-ipv4,blocklist.de|brute-force|apache|rfi|ddos|spam|mail|ziyadnz|hourly,2026-08-17T18:48:05Z,2026-08-17T18:48:05Z,
216.152.252.163,ipv4,attack,high,WHITE,blocklist.de/all|blocklist.de/apache|blocklist.de/mail|ziyadnz/hourly-ipv4,blocklist.de|brute-force|apache|rfi|ddos|spam|mail|ziyadnz|hourly,2026-08-17T18:48:05Z,2026-08-17T18:48:05Z,
216.152.252.164,ipv4,attack,high,WHITE,blocklist.de/all|blocklist.de/apache|blocklist.de/mail|ziyadnz/hourly-ipv4,blocklist.de|brute-force|apache|rfi|ddos|spam|mail|ziyadnz|hourly,2026-08-17T18:48:05Z,2026-08-17T18:48:05Z,
216.152.252.165,ipv4,attack,high,WHITE,blocklist.de/all|blocklist.de/apache|blocklist.de/mail|ziyadnz/hourly-ipv4,blocklist.de|brute-force|apache|rfi|ddos|spam|mail|ziyadnz|hourly,2026-08-17T18:48:05Z,2026-08-17T18:48:05Z,
216.152.252.166,ipv4,attack,high,WHITE,blocklist.de/all|blocklist.de/apache|blocklist.de/mail|ziyadnz/hourly-ipv4,blocklist.de|brute-force|apache|rfi|ddos|spam|mail|ziyadnz|hourly,2026-08-17T18:48:05Z,2026-08-17T18:48:05Z,
216.152.252.167,ipv4,attack,high,WHITE,blocklist.de/all|blocklist.de/apache|blocklist.de/mail|ziyadnz/hourly-ipv4,blocklist.de|brute-force|apache|rfi|ddos|spam|mail|ziyadnz|hourly,2026-08-17T18:48:05Z,2026-08-17T18:48:05Z,
216.152.252.168,ipv4,attack,high,WHITE,blocklist.de/all|blocklist.de/apache|blocklist.de/mail|ziyadnz/hourly-ipv4,blocklist.de|brute-force|apache|rfi|ddos|spam|mail|ziyadnz|hourly,2026-08-17T18:48:05Z,2026-08-17T18:48:05Z,
216.152.252.169,ipv4,attack,high,WHITE,blocklist.de/all|blocklist.de/apache|blocklist.de/mail|ziyadnz/hourly-ipv4,blocklist.de|brute-force|apache|rfi|ddos|spam|mail|ziyadnz|hourly,2026-08-17T18:48:05Z,2026-08-17T18:48:05Z,
216.152.252.170,ipv4,attack,high,WHITE,blocklist.de/all|blocklist.de/apache|blocklist.de/mail|ziyadnz/hourly-ipv4,blocklist.de|brute-force|apache|rfi|ddos|spam|mail|ziyadnz|hourly,2026-08-17T18:48:05Z,2026-08-17T18:48:05Z,
216.152.252.171,ipv4,attack,high,WHITE,blocklist.de/all|blocklist.de/apache|blocklist.de/mail|ziyadnz/hourly-ipv4,blocklist.de|brute-force|apache|rfi|ddos|spam|mail|ziyadnz|hourly,2026-08-17T18:48:05Z,2026-08-17T18:48:05Z,
216.152.252.172,ipv4,attack,high,WHITE,blocklist.de/all|blocklist.de/apache|blocklist.de/mail|ziyadnz/hourly-ipv4,blocklist.de|brute-force|apache|rfi|ddos|spam|mail|ziyadnz|hourly,2026-08-17T18:48:05Z,2026-08-17T18:48:05Z,
216.152.252.173,ipv4,attack,high,WHITE,blocklist.de/all|blocklist.de/apache|blocklist.de/mail|ziyadnz/hourly-ipv4,blocklist.de|brute-force|apache|rfi|ddos|spam|mail|ziyadnz|hourly,2026-08-17T18:48:05Z,2026-08-17T18:48:05Z,
216.152.252.174,ipv4,attack,high,WHITE,blocklist.de/all|blocklist.de/apache|blocklist.de/mail|ziyadnz/hourly-ipv4,blocklist.de|brute-force|apache|rfi|ddos|spam|mail|ziyadnz|hourly,2026-08-17T18:48:05Z,2026-08-17T18:48:05Z,
216.152.252.175,ipv4,attack,high,WHITE,blocklist.de/all|blocklist.de/apache|blocklist.de/mail|ziyadnz/hourly-ipv4,blocklist.de|brute-force|apache|rfi|ddos|spam|mail|ziyadnz|hourly,2026-08-17T18:48:05Z,2026-08-17T18:48:05Z,
216.152.252.176,ipv4,attack,high,WHITE,blocklist.de/all|blocklist.de/apache|blocklist.de/mail|ziyadnz/hourly-ipv4,blocklist.de|brute-force|apache|rfi|ddos|spam|mail|ziyadnz|hourly,2026-08-17T18:48:05Z,2026-08-17T18:48:05Z,
216.152.252.177,ipv4,attack,high,WHITE,blocklist.de/all|blocklist.de/apache|blocklist.de/mail|ziyadnz/hourly-ipv4,blocklist.de|brute-force|apache|rfi|ddos|spam|mail|ziyadnz|hourly,2026-08-17T18:48:05Z,2026-08-17T18:48:05Z,
216.152.252.178,ipv4,attack,high,WHITE,blocklist.de/all|blocklist.de/apache|blocklist.de/mail|ziyadnz/hourly-ipv4,blocklist.de|brute-force|apache|rfi|ddos|spam|mail|ziyadnz|hourly,2026-08-17T18:48:05Z,2026-08-17T18:48:05Z,
216.152.252.179,ipv4,attack,high,WHITE,blocklist.de/all|blocklist.de/apache|blocklist.de/mail|ziyadnz/hourly-ipv4,blocklist.de|brute-force|apache|rfi|ddos|spam|mail|ziyadnz|hourly,2026-08-17T18:48:05Z,2026-08-17T18:48:05Z,
216.152.252.180,ipv4,attack,high,WHITE,blocklist.de/all|blocklist.de/apache|blocklist.de/mail|ziyadnz/hourly-ipv4,blocklist.de|brute-force|apache|rfi|ddos|spam|mail|ziyadnz|hourly,2026-08-17T18:48:05Z,2026-08-17T18:48:05Z,
216.152.252.181,ipv4,attack,high,WHITE,blocklist.de/all|blocklist.de/apache|blocklist.de/mail|ziyadnz/hourly-ipv4,blocklist.de|brute-force|apache|rfi|ddos|spam|mail|ziyadnz|hourly,2026-08-17T18:48:05Z,2026-08-17T18:48:05Z,
216.152.252.182,ipv4,attack,high,WHITE,blocklist.de/all|blocklist.de/apache|blocklist.de/mail|ziyadnz/hourly-ipv4,blocklist.de|brute-force|apache|rfi|ddos|spam|mail|ziyadnz|hourly,2026-08-17T18:48:05Z,2026-08-17T18:48:05Z,
216.152.252.183,ipv4,attack,high,WHITE,blocklist.de/all|blocklist.de/apache|blocklist.de/mail|ziyadnz/hourly-ipv4,blocklist.de|brute-force|apache|rfi|ddos|spam|mail|ziyadnz|hourly,2026-08-17T18:48:05Z,2026-08-17T18:48:05Z,
216.152.252.184,ipv4,attack,high,WHITE,blocklist.de/all|blocklist.de/apache|blocklist.de/mail|ziyadnz/hourly-ipv4,blocklist.de|brute-force|apache|rfi|ddos|spam|mail|ziyadnz|hourly,2026-08-17T18:48:05Z,2026-08-17T18:48:05Z,
216.152.252.185,ipv4,attack,high,WHITE,blocklist.de/all|blocklist.de/apache|blocklist.de/mail|ziyadnz/hourly-ipv4,blocklist.de|brute-force|apache|rfi|ddos|spam|mail|ziyadnz|hourly,2026-08-17T18:48:05Z,2026-08-17T18:48:05Z,
216.152.252.186,ipv4,attack,high,WHITE,blocklist.de/all|blocklist.de/apache|blocklist.de/mail|ziyadnz/hourly-ipv4,blocklist.de|brute-force|apache|rfi|ddos|spam|mail|ziyadnz|hourly,2026-08-17T18:48:05Z,2026-08-17T18:48:05Z,
216.152.252.187,ipv4,attack,high,WHITE,blocklist.de/all|blocklist.de/apache|blocklist.de/mail|ziyadnz/hourly-ipv4,blocklist.de|brute-force|apache|rfi|ddos|spam|mail|ziyadnz|hourly,2026-08-17T18:48:05Z,2026-08-17T18:48:05Z,
216.152.252.188,ipv4,attack,high,WHITE,blocklist.de/all|blocklist.de/apache|blocklist.de/mail|ziyadnz/hourly-ipv4,blocklist.de|brute-force|apache|rfi|ddos|spam|mail|ziyadnz|hourly,2026-08-17T18:48:05Z,2026-08-17T18:48:05Z,
216.152.252.189,ipv4,attack,high,WHITE,blocklist.de/all|blocklist.de/apache|blocklist.de/mail|ziyadnz/hourly-ipv4,blocklist.de|brute-force|apache|rfi|ddos|spam|mail|ziyadnz|hourly,2026-08-17T18:48:05Z,2026-08-17T18:48:05Z,
216.152.252.190,ipv4,attack,high,WHITE,blocklist.de/all|blocklist.de/apache|blocklist.de/mail|ziyadnz/hourly-ipv4,blocklist.de|brute-force|apache|rfi|ddos|spam|mail|ziyadnz|hourly,2026-08-17T18:48:05Z,2026-08-17T18:48:05Z,
216.152.252.191,ipv4,attack,high,WHITE,blocklist.de/all|blocklist.de/apache|blocklist.de/mail|ziyadnz/hourly-ipv4,blocklist.de|brute-force|apache|rfi|ddos|spam|mail|ziyadnz|hourly,2026-08-17T18:48:05Z,2026-08-17T18:48:05Z,
216.152.252.192,ipv4,attack,high,WHITE,blocklist.de/all|blocklist.de/apache|blocklist.de/mail|ziyadnz/hourly-ipv4,blocklist.de|brute-force|apache|rfi|ddos|spam|mail|ziyadnz|hourly,2026-08-17T18:48:05Z,2026-08-17T18:48:05Z,
216.152.252.193,ipv4,attack,high,WHITE,blocklist.de/all|blocklist.de/apache|blocklist.de/mail|ziyadnz/hourly-ipv4,blocklist.de|brute-force|apache|rfi|ddos|spam|mail|ziyadnz|hourly,2026-08-17T18:48:05Z,2026-08-17T18:48:05Z,
216.152.252.194,ipv4,attack,high,WHITE,blocklist.de/all|blocklist.de/apache|blocklist.de/mail|ziyadnz/hourly-ipv4,blocklist.de|brute-force|apache|rfi|ddos|spam|mail|ziyadnz|hourly,2026-08-17T18:48:05Z,2026-08-17T18:48:05Z,
216.152.252.195,ipv4,attack,high,WHITE,blocklist.de/all|blocklist.de/apache|blocklist.de/mail|ziyadnz/hourly-ipv4,blocklist.de|brute-force|apache|rfi|ddos|spam|mail|ziyadnz|hourly,2026-08-17T18:48:05Z,2026-08-17T18:48:05Z,
216.152.252.196,ipv4,attack,high,WHITE,blocklist.de/all|blocklist.de/apache|blocklist.de/mail|ziyadnz/hourly-ipv4,blocklist.de|brute-force|apache|rfi|ddos|spam|mail|ziyadnz|hourly,2026-08-17T18:48:05Z,2026-08-17T18:48:05Z,
216.152.252.197,ipv4,attack,high,WHITE,blocklist.de/all|blocklist.de/apache|blocklist.de/mail|ziyadnz/hourly-ipv4,blocklist.de|brute-force|apache|rfi|ddos|spam|mail|ziyadnz|hourly,2026-08-17T18:48:05Z,2026-08-17T18:48:05Z,
216.152.252.198,ipv4,attack,high,WHITE,blocklist.de/all|blocklist.de/apache|blocklist.de/mail|ziyadnz/hourly-ipv4,blocklist.de|brute-force|apache|rfi|ddos|spam|mail|ziyadnz|hourly,2026-08-17T18:48:05Z,2026-08-17T18:48:05Z,
216.152.252.199,ipv4,attack,high,WHITE,blocklist.de/all|blocklist.de/apache|blocklist.de/mail|ziyadnz/hourly-ipv4,blocklist.de|brute-force|apache|rfi|ddos|spam|mail|ziyadnz|hourly,2026-08-17T18:48:05Z,2026-08-17T18:48:05Z,
216.152.252.200,ipv4,attack,high,WHITE,blocklist.de/all|blocklist.de/apache|blocklist.de/mail|ziyadnz/hourly-ipv4,blocklist.de|brute-force|apache|rfi|ddos|spam|mail|ziyadnz|hourly,2026-08-17T18:48:05Z,2026-08-17T18:48:05Z,
216.152.252.201,ipv4,attack,high,WHITE,blocklist.de/all|blocklist.de/apache|blocklist.de/mail|ziyadnz/hourly-ipv4,blocklist.de|brute-force|apache|rfi|ddos|spam|mail|ziyadnz|hourly,2026-08-17T18:48:05Z,2026-08-17T18:48:05Z,
216.152.252.202,ipv4,attack,high,WHITE,blocklist.de/all|blocklist.de/apache|blocklist.de/mail|ziyadnz/hourly-ipv4,blocklist.de|brute-force|apache|rfi|ddos|spam|mail|ziyadnz|hourly,2026-08-17T18:48:05Z,2026-08-17T18:48:05Z,
216.152.252.203,ipv4,attack,high,WHITE,blocklist.de/all|blocklist.de/apache|blocklist.de/mail|ziyadnz/hourly-ipv4,blocklist.de|brute-force|apache|rfi|ddos|spam|mail|ziyadnz|hourly,2026-08-17T18:48:05Z,2026-08-17T18:48:05Z,
216.152.252.204,ipv4,attack,high,WHITE,blocklist.de/all|blocklist.de/apache|blocklist.de/mail|ziyadnz/hourly-ipv4,blocklist.de|brute-force|apache|rfi|ddos|spam|mail|ziyadnz|hourly,2026-08-17T18:48:05Z,2026-08-17T18:48:05Z,
216.152.252.205,ipv4,attack,high,WHITE,blocklist.de/all|blocklist.de/apache|blocklist.de/mail|ziyadnz/hourly-ipv4,blocklist.de|brute-force|apache|rfi|ddos|spam|mail|ziyadnz|hourly,2026-08-17T18:48:05Z,2026-08-17T18:48:05Z,
216.152.252.206,ipv4,attack,high,WHITE,blocklist.de/all|blocklist.de/apache|blocklist.de/mail|ziyadnz/hourly-ipv4,blocklist.de|brute-force|apache|rfi|ddos|spam|mail|ziyadnz|hourly,2026-08-17T18:48:05Z,2026-08-17T18:48:05Z,
216.152.252.207,ipv4,attack,high,WHITE,blocklist.de/all|blocklist.de/apache|blocklist.de/mail|ziyadnz/hourly-ipv4,blocklist.de|brute-force|apache|rfi|ddos|spam|mail|ziyadnz|hourly,2026-08-17T18:48:05Z,2026-08-17T18:48:05Z,
216.152.252.208,ipv4,attack,high,WHITE,blocklist.de/all|blocklist.de/apache|blocklist.de/mail|ziyadnz/hourly-ipv4,blocklist.de|brute-force|apache|rfi|ddos|spam|mail|ziyadnz|hourly,2026-08-17T18:48:05Z,2026-08-17T18:48:05Z,
216.152.252.209,ipv4,attack,high,WHITE,blocklist.de/all|blocklist.de/apache|blocklist.de/mail|ziyadnz/hourly-ipv4,blocklist.de|brute-force|apache|rfi|ddos|spam|mail|ziyadnz|hourly,2026-08-17T18:48:05Z,2026-08-17T18:48:05Z,
216.152.252.210,ipv4,attack,high,WHITE,blocklist.de/all|blocklist.de/apache|blocklist.de/mail|ziyadnz/hourly-ipv4,blocklist.de|brute-force|apache|rfi|ddos|spam|mail|ziyadnz|hourly,2026-08-17T18:48:05Z,2026-08-17T18:48:05Z,
216.152.252.211,ipv4,attack,high,WHITE,blocklist.de/all|blocklist.de/apache|blocklist.de/mail|ziyadnz/hourly-ipv4,blocklist.de|brute-force|apache|rfi|ddos|spam|mail|ziyadnz|hourly,2026-08-17T18:48:05Z,2026-08-17T18:48:05Z,
216.152.252.212,ipv4,attack,high,WHITE,blocklist.de/all|blocklist.de/apache|blocklist.de/mail|ziyadnz/hourly-ipv4,blocklist.de|brute-force|apache|rfi|ddos|spam|mail|ziyadnz|hourly,2026-08-17T18:48:05Z,2026-08-17T18:48:05Z,
216.152.252.213,ipv4,attack,high,WHITE,blocklist.de/all|blocklist.de/apache|blocklist.de/mail|ziyadnz/hourly-ipv4,blocklist.de|brute-force|apache|rfi|ddos|spam|mail|ziyadnz|hourly,2026-08-17T18:48:05Z,2026-08-17T18:48:05Z,
216.152.252.214,ipv4,attack,high,WHITE,blocklist.de/all|blocklist.de/apache|blocklist.de/mail|ziyadnz/hourly-ipv4,blocklist.de|brute-force|apache|rfi|ddos|spam|mail|ziyadnz|hourly,2026-08-17T18:48:05Z,2026-08-17T18:48:05Z,
216.152.252.215,ipv4,attack,high,WHITE,blocklist.de/all|blocklist.de/apache|blocklist.de/mail|ziyadnz/hourly-ipv4,blocklist.de|brute-force|apache|rfi|ddos|spam|mail|ziyadnz|hourly,2026-08-17T18:48:05Z,2026-08-17T18:48:05Z,
216.152.252.216,ipv4,attack,high,WHITE,blocklist.de/all|blocklist.de/apache|blocklist.de/mail|ziyadnz/hourly-ipv4,blocklist.de|brute-force|apache|rfi|ddos|spam|mail|ziyadnz|hourly,2026-08-17T18:48:05Z,2026-08-17T18:48:05Z,
216.152.252.217,ipv4,attack,high,WHITE,blocklist.de/all|blocklist.de/apache|blocklist.de/mail|ziyadnz/hourly-ipv4,blocklist.de|brute-force|apache|rfi|ddos|spam|mail|ziyadnz|hourly,2026-08-17T18:48:05Z,2026-08-17T18:48:05Z,
216.152.252.218,ipv4,attack,high,WHITE,blocklist.de/all|blocklist.de/apache|blocklist.de/mail|ziyadnz/hourly-ipv4,blocklist.de|brute-force|apache|rfi|ddos|spam|mail|ziyadnz|hourly,2026-08-17T18:48:05Z,2026-08-17T18:48:05Z,
216.152.252.219,ipv4,attack,high,WHITE,blocklist.de/all|blocklist.de/apache|blocklist.de/mail|ziyadnz/hourly-ipv4,blocklist.de|brute-force|apache|rfi|ddos|spam|mail|ziyadnz|hourly,2026-08-17T18:48:05Z,2026-08-17T18:48:05Z,
216.152.252.220,ipv4,attack,high,WHITE,blocklist.de/all|blocklist.de/apache|blocklist.de/mail|ziyadnz/hourly-ipv4,blocklist.de|brute-force|apache|rfi|ddos|spam|mail|ziyadnz|hourly,2026-08-17T18:48:05Z,2026-08-17T18:48:05Z,
216.152.252.221,ipv4,attack,high,WHITE,blocklist.de/all|blocklist.de/apache|blocklist.de/mail|ziyadnz/hourly-ipv4,blocklist.de|brute-force|apache|rfi|ddos|spam|mail|ziyadnz|hourly,2026-08-17T18:48:05Z,2026-08-17T18:48:05Z,
216.152.252.222,ipv4,attack,high,WHITE,blocklist.de/all|blocklist.de/apache|blocklist.de/mail|ziyadnz/hourly-ipv4,blocklist.de|brute-force|apache|rfi|ddos|spam|mail|ziyadnz|hourly,2026-08-17T18:48:05Z,2026-08-17T18:48:05Z,
216.152.252.223,ipv4,attack,high,WHITE,blocklist.de/all|blocklist.de/apache|blocklist.de/mail|ziyadnz/hourly-ipv4,blocklist.de|brute-force|apache|rfi|ddos|spam|mail|ziyadnz|hourly,2026-08-17T18:48:05Z,2026-08-17T18:48:05Z,
216.152.252.224,ipv4,attack,high,WHITE,blocklist.de/all|blocklist.de/apache|blocklist.de/mail|ziyadnz/hourly-ipv4,blocklist.de|brute-force|apache|rfi|ddos|spam|mail|ziyadnz|hourly,2026-08-17T18:48:05Z,2026-08-17T18:48:05Z,
216.152.252.225,ipv4,attack,high,WHITE,blocklist.de/all|blocklist.de/apache|blocklist.de/mail|ziyadnz/hourly-ipv4,blocklist.de|brute-force|apache|rfi|ddos|spam|mail|ziyadnz|hourly,2026-08-17T18:48:05Z,2026-08-17T18:48:05Z,
216.152.252.226,ipv4,attack,high,WHITE,blocklist.de/all|blocklist.de/apache|blocklist.de/mail|ziyadnz/hourly-ipv4,blocklist.de|brute-force|apache|rfi|ddos|spam|mail|ziyadnz|hourly,2026-08-17T18:48:05Z,2026-08-17T18:48:05Z,
216.152.252.227,ipv4,attack,high,WHITE,blocklist.de/all|blocklist.de/apache|blocklist.de/mail|ziyadnz/hourly-ipv4,blocklist.de|brute-force|apache|rfi|ddos|spam|mail|ziyadnz|hourly,2026-08-17T18:48:05Z,2026-08-17T18:48:05Z,
216.152.252.228,ipv4,attack,high,WHITE,blocklist.de/all|blocklist.de/apache|blocklist.de/mail|ziyadnz/hourly-ipv4,blocklist.de|brute-force|apache|rfi|ddos|spam|mail|ziyadnz|hourly,2026-08-17T18:48:05Z,2026-08-17T18:48:05Z,
216.152.252.229,ipv4,attack,high,WHITE,blocklist.de/all|blocklist.de/apache|blocklist.de/mail|ziyadnz/hourly-ipv4,blocklist.de|brute-force|apache|rfi|ddos|spam|mail|ziyadnz|hourly,2026-08-17T18:48:05Z,2026-08-17T18:48:05Z,
216.152.252.230,ipv4,attack,high,WHITE,blocklist.de/all|blocklist.de/apache|blocklist.de/mail|ziyadnz/hourly-ipv4,blocklist.de|brute-force|apache|rfi|ddos|spam|mail|ziyadnz|hourly,2026-08-17T18:48:05Z,2026-08-17T18:48:05Z,
216.152.252.231,ipv4,attack,high,WHITE,blocklist.de/all|blocklist.de/apache|blocklist.de/mail|ziyadnz/hourly-ipv4,blocklist.de|brute-force|apache|rfi|ddos|spam|mail|ziyadnz|hourly,2026-08-17T18:48:05Z,2026-08-17T18:48:05Z,
216.152.252.232,ipv4,attack,high,WHITE,blocklist.de/all|blocklist.de/apache|blocklist.de/mail|ziyadnz/hourly-ipv4,blocklist.de|brute-force|apache|rfi|ddos|spam|mail|ziyadnz|hourly,2026-08-17T18:48:05Z,2026-08-17T18:48:05Z,
216.152.252.233,ipv4,attack,high,WHITE,blocklist.de/all|blocklist.de/apache|blocklist.de/mail|ziyadnz/hourly-ipv4,blocklist.de|brute-force|apache|rfi|ddos|spam|mail|ziyadnz|hourly,2026-08-17T18:48:05Z,2026-08-17T18:48:05Z,
216.152.252.234,ipv4,attack,high,WHITE,blocklist.de/all|blocklist.de/apache|blocklist.de/mail|ziyadnz/hourly-ipv4,blocklist.de|brute-force|apache|rfi|ddos|spam|mail|ziyadnz|hourly,2026-08-17T18:48:05Z,2026-08-17T18:48:05Z,
216.152.252.235,ipv4,attack,high,WHITE,blocklist.de/all|blocklist.de/apache|blocklist.de/mail|ziyadnz/hourly-ipv4,blocklist.de|brute-force|apache|rfi|ddos|spam|mail|ziyadnz|hourly,2026-08-17T18:48:05Z,2026-08-17T18:48:05Z,
216.152.252.236,ipv4,attack,high,WHITE,blocklist.de/all|blocklist.de/apache|blocklist.de/mail|ziyadnz/hourly-ipv4,blocklist.de|brute-force|apache|rfi|ddos|spam|mail|ziyadnz|hourly,2026-08-17T18:48:05Z,2026-08-17T18:48:05Z,
216.152.252.237,ipv4,attack,high,WHITE,blocklist.de/all|blocklist.de/apache|blocklist.de/mail|ziyadnz/hourly-ipv4,blocklist.de|brute-force|apache|rfi|ddos|spam|mail|ziyadnz|hourly,2026-08-17T18:48:05Z,2026-08-17T18:48:05Z,
216.152.252.238,ipv4,attack,high,WHITE,blocklist.de/all|blocklist.de/apache|blocklist.de/mail|ziyadnz/hourly-ipv4,blocklist.de|brute-force|apache|rfi|ddos|spam|mail|ziyadnz|hourly,2026-08-17T18:48:05Z,2026-08-17T18:48:05Z,
216.152.252.239,ipv4,attack,high,WHITE,blocklist.de/all|blocklist.de/apache|blocklist.de/mail|ziyadnz/hourly-ipv4,blocklist.de|brute-force|apache|rfi|ddos|spam|mail|ziyadnz|hourly,2026-08-17T18:48:05Z,2026-08-17T18:48:05Z,
216.152.252.240,ipv4,attack,high,WHITE,blocklist.de/all|blocklist.de/apache|blocklist.de/mail|ziyadnz/hourly-ipv4,blocklist.de|brute-force|apache|rfi|ddos|spam|mail|ziyadnz|hourly,2026-08-17T18:48:05Z,2026-08-17T18:48:05Z,
216.152.252.241,ipv4,attack,high,WHITE,blocklist.de/all|blocklist.de/apache|blocklist.de/mail|ziyadnz/hourly-ipv4,blocklist.de|brute-force|apache|rfi|ddos|spam|mail|ziyadnz|hourly,2026-08-17T18:48:05Z,2026-08-17T18:48:05Z,
216.152.252.242,ipv4,attack,high,WHITE,blocklist.de/all|blocklist.de/apache|blocklist.de/mail|ziyadnz/hourly-ipv4,blocklist.de|brute-force|apache|rfi|ddos|spam|mail|ziyadnz|hourly,2026-08-17T18:48:05Z,2026-08-17T18:48:05Z,
216.152.252.243,ipv4,attack,high,WHITE,blocklist.de/all|blocklist.de/apache|blocklist.de/mail|ziyadnz/hourly-ipv4,blocklist.de|brute-force|apache|rfi|ddos|spam|mail|ziyadnz|hourly,2026-08-17T18:48:05Z,2026-08-17T18:48:05Z,
216.152.252.244,ipv4,attack,high,WHITE,blocklist.de/all|blocklist.de/apache|blocklist.de/mail|ziyadnz/hourly-ipv4,blocklist.de|brute-force|apache|rfi|ddos|spam|mail|ziyadnz|hourly,2026-08-17T18:48:05Z,2026-08-17T18:48:05Z,
216.152.252.245,ipv4,attack,high,WHITE,blocklist.de/all|blocklist.de/apache|blocklist.de/mail|ziyadnz/hourly-ipv4,blocklist.de|brute-force|apache|rfi|ddos|spam|mail|ziyadnz|hourly,2026-08-17T18:48:05Z,2026-08-17T18:48:05Z,
216.152.252.246,ipv4,attack,high,WHITE,blocklist.de/all|blocklist.de/apache|blocklist.de/mail|ziyadnz/hourly-ipv4,blocklist.de|brute-force|apache|rfi|ddos|spam|mail|ziyadnz|hourly,2026-08-17T18:48:05Z,2026-08-17T18:48:05Z,
216.152.252.247,ipv4,attack,high,WHITE,blocklist.de/all|blocklist.de/apache|blocklist.de/mail|ziyadnz/hourly-ipv4,blocklist.de|brute-force|apache|rfi|ddos|spam|mail|ziyadnz|hourly,2026-08-17T18:48:05Z,2026-08-17T18:48:05Z,
216.152.252.248,ipv4,attack,high,WHITE,blocklist.de/all|blocklist.de/apache|blocklist.de/mail|ziyadnz/hourly-ipv4,blocklist.de|brute-force|apache|rfi|ddos|spam|mail|ziyadnz|hourly,2026-08-17T18:48:05Z,2026-08-17T18:48:05Z,
216.152.252.249,ipv4,attack,high,WHITE,blocklist.de/all|blocklist.de/apache|blocklist.de/mail|ziyadnz/hourly-ipv4,blocklist.de|brute-force|apache|rfi|ddos|spam|mail|ziyadnz|hourly,2026-08-17T18:48:05Z,2026-08-17T18:48:05Z,
216.152.252.250,ipv4,attack,high,WHITE,blocklist.de/all|blocklist.de/apache|blocklist.de/mail|ziyadnz/hourly-ipv4,blocklist.de|brute-force|apache|rfi|ddos|spam|mail|ziyadnz|hourly,2026-08-17T18:48:05Z,2026-08-17T18:48:05Z,
216.152.252.251,ipv4,attack,high,WHITE,blocklist.de/all|blocklist.de/apache|blocklist.de/mail|ziyadnz/hourly-ipv4,blocklist.de|brute-force|apache|rfi|ddos|spam|mail|ziyadnz|hourly,2026-08-17T18:48:05Z,2026-08-17T18:48:05Z,
216.152.252.252,ipv4,attack,high,WHITE,blocklist.de/all|blocklist.de/apache|blocklist.de/mail|ziyadnz/hourly-ipv4,blocklist.de|brute-force|apache|rfi|ddos|spam|mail|ziyadnz|hourly,2026-08-17T18:48:05Z,2026-08-17T18:48:05Z,
216.152.252.253,ipv4,attack,high,WHITE,blocklist.de/all|blocklist.de/apache|blocklist.de/mail|ziyadnz/hourly-ipv4,blocklist.de|brute-force|apache|rfi|ddos|spam|mail|ziyadnz|hourly,2026-08-17T18:48:05Z,2026-08-17T18:48:05Z,
216.152.252.254,ipv4,attack,high,WHITE,blocklist.de/all|blocklist.de/apache|blocklist.de/mail|ziyadnz/hourly-ipv4,blocklist.de|brute-force|apache|rfi|ddos|spam|mail|ziyadnz|hourly,2026-08-17T18:48:05Z,2026-08-17T18:48:05Z,
216.152.252.255,ipv4,attack,high,WHITE,blocklist.de/all|blocklist.de/apache|blocklist.de/mail|ziyadnz/hourly-ipv4,blocklist.de|brute-force|apache|rfi|ddos|spam|mail|ziyadnz|hourly,2026-08-17T18:48:05Z,2026-08-17T18:48:05Z,
216.152.249.0,ipv4,attack,high,WHITE,blocklist.de/all|blocklist.de/apache|blocklist.de/mail|ziyadnz/hourly-ipv4,blocklist.de|brute-force|apache|rfi|ddos|spam|mail|ziyadnz|hourly,2026-08-17T18:48:05Z,2026-08-17T18:48:05Z,
216.152.249.1,ipv4,attack,high,WHITE,blocklist.de/all|blocklist.de/apache|blocklist.de/mail|ziyadnz/hourly-ipv4,blocklist.de|brute-force|apache|rfi|ddos|spam|mail|ziyadnz|hourly,2026-08-17T18:48:05Z,2026-08-17T18:48:05Z,
216.152.249.2,ipv4,attack,high,WHITE,blocklist.de/all|blocklist.de/apache|blocklist.de/mail|ziyadnz/hourly-ipv4,blocklist.de|brute-force|apache|rfi|ddos|spam|mail|ziyadnz|hourly,2026-08-17T18:48:05Z,2026-08-17T18:48:05Z,
216.152.249.3,ipv4,attack,high,WHITE,blocklist.de/all|blocklist.de/apache|blocklist.de/mail|ziyadnz/hourly-ipv4,blocklist.de|brute-force|apache|rfi|ddos|spam|mail|ziyadnz|hourly,2026-08-17T18:48:05Z,2026-08-17T18:48:05Z,
216.152.249.4,ipv4,attack,high,WHITE,blocklist.de/all|blocklist.de/apache|blocklist.de/mail|ziyadnz/hourly-ipv4,blocklist.de|brute-force|apache|rfi|ddos|spam|mail|ziyadnz|hourly,2026-08-17T18:48:05Z,2026-08-17T18:48:05Z,
216.152.249.5,ipv4,attack,high,WHITE,blocklist.de/all|blocklist.de/apache|blocklist.de/mail|ziyadnz/hourly-ipv4,blocklist.de|brute-force|apache|rfi|ddos|spam|mail|ziyadnz|hourly,2026-08-17T18:48:05Z,2026-08-17T18:48:05Z,
216.152.249.6,ipv4,attack,high,WHITE,blocklist.de/all|blocklist.de/apache|blocklist.de/mail|ziyadnz/hourly-ipv4,blocklist.de|brute-force|apache|rfi|ddos|spam|mail|ziyadnz|hourly,2026-08-17T18:48:05Z,2026-08-17T18:48:05Z,
216.152.249.7,ipv4,attack,high,WHITE,blocklist.de/all|blocklist.de/apache|blocklist.de/mail|ziyadnz/hourly-ipv4,blocklist.de|brute-force|apache|rfi|ddos|spam|mail|ziyadnz|hourly,2026-08-17T18:48:05Z,2026-08-17T18:48:05Z,
216.152.249.8,ipv4,attack,high,WHITE,blocklist.de/all|blocklist.de/apache|blocklist.de/mail|ziyadnz/hourly-ipv4,blocklist.de|brute-force|apache|rfi|ddos|spam|mail|ziyadnz|hourly,2026-08-17T18:48:05Z,2026-08-17T18:48:05Z,
216.152.249.9,ipv4,attack,high,WHITE,blocklist.de/all|blocklist.de/apache|blocklist.de/mail|ziyadnz/hourly-ipv4,blocklist.de|brute-force|apache|rfi|ddos|spam|mail|ziyadnz|hourly,2026-08-17T18:48:05Z,2026-08-17T18:48:05Z,
216.152.249.10,ipv4,attack,high,WHITE,blocklist.de/all|blocklist.de/apache|blocklist.de/mail|ziyadnz/hourly-ipv4,blocklist.de|brute-force|apache|rfi|ddos|spam|mail|ziyadnz|hourly,2026-08-17T18:48:05Z,2026-08-17T18:48:05Z,
216.152.249.11,ipv4,attack,high,WHITE,blocklist.de/all|blocklist.de/apache|blocklist.de/mail|ziyadnz/hourly-ipv4,blocklist.de|brute-force|apache|rfi|ddos|spam|mail|ziyadnz|hourly,2026-08-17T18:48:05Z,2026-08-17T18:48:05Z,
216.152.249.12,ipv4,attack,high,WHITE,blocklist.de/all|blocklist.de/apache|blocklist.de/mail|ziyadnz/hourly-ipv4,blocklist.de|brute-force|apache|rfi|ddos|spam|mail|ziyadnz|hourly,2026-08-17T18:48:05Z,2026-08-17T18:48:05Z,
216.152.249.13,ipv4,attack,high,WHITE,blocklist.de/all|blocklist.de/apache|blocklist.de/mail|ziyadnz/hourly-ipv4,blocklist.de|brute-force|apache|rfi|ddos|spam|mail|ziyadnz|hourly,2026-08-17T18:48:05Z,2026-08-17T18:48:05Z,
216.152.249.14,ipv4,attack,high,WHITE,blocklist.de/all|blocklist.de/apache|blocklist.de/mail|ziyadnz/hourly-ipv4,blocklist.de|brute-force|apache|rfi|ddos|spam|mail|ziyadnz|hourly,2026-08-17T18:48:05Z,2026-08-17T18:48:05Z,
216.152.249.15,ipv4,attack,high,WHITE,blocklist.de/all|blocklist.de/apache|blocklist.de/mail|ziyadnz/hourly-ipv4,blocklist.de|brute-force|apache|rfi|ddos|spam|mail|ziyadnz|hourly,2026-08-17T18:48:05Z,2026-08-17T18:48:05Z,
216.152.249.16,ipv4,attack,high,WHITE,blocklist.de/all|blocklist.de/apache|blocklist.de/mail|ziyadnz/hourly-ipv4,blocklist.de|brute-force|apache|rfi|ddos|spam|mail|ziyadnz|hourly,2026-08-17T18:48:05Z,2026-08-17T18:48:05Z,
216.152.249.17,ipv4,attack,high,WHITE,blocklist.de/all|blocklist.de/apache|blocklist.de/mail|ziyadnz/hourly-ipv4,blocklist.de|brute-force|apache|rfi|ddos|spam|mail|ziyadnz|hourly,2026-08-17T18:48:05Z,2026-08-17T18:48:05Z,
216.152.249.18,ipv4,attack,high,WHITE,blocklist.de/all|blocklist.de/apache|blocklist.de/mail|ziyadnz/hourly-ipv4,blocklist.de|brute-force|apache|rfi|ddos|spam|mail|ziyadnz|hourly,2026-08-17T18:48:05Z,2026-08-17T18:48:05Z,
216.152.249.19,ipv4,attack,high,WHITE,blocklist.de/all|blocklist.de/apache|blocklist.de/mail|ziyadnz/hourly-ipv4,blocklist.de|brute-force|apache|rfi|ddos|spam|mail|ziyadnz|hourly,2026-08-17T18:48:05Z,2026-08-17T18:48:05Z,
216.152.249.20,ipv4,attack,high,WHITE,blocklist.de/all|blocklist.de/apache|blocklist.de/mail|ziyadnz/hourly-ipv4,blocklist.de|brute-force|apache|rfi|ddos|spam|mail|ziyadnz|hourly,2026-08-17T18:48:05Z,2026-08-17T18:48:05Z,
216.152.249.21,ipv4,attack,high,WHITE,blocklist.de/all|blocklist.de/apache|blocklist.de/mail|ziyadnz/hourly-ipv4,blocklist.de|brute-force|apache|rfi|ddos|spam|mail|ziyadnz|hourly,2026-08-17T18:48:05Z,2026-08-17T18:48:05Z,
216.152.249.22,ipv4,attack,high,WHITE,blocklist.de/all|blocklist.de/apache|blocklist.de/mail|ziyadnz/hourly-ipv4,blocklist.de|brute-force|apache|rfi|ddos|spam|mail|ziyadnz|hourly,2026-08-17T18:48:05Z,2026-08-17T18:48:05Z,
216.152.249.23,ipv4,attack,high,WHITE,blocklist.de/all|blocklist.de/apache|blocklist.de/mail|ziyadnz/hourly-ipv4,blocklist.de|brute-force|apache|rfi|ddos|spam|mail|ziyadnz|hourly,2026-08-17T18:48:05Z,2026-08-17T18:48:05Z,
216.152.249.24,ipv4,attack,high,WHITE,blocklist.de/all|blocklist.de/apache|blocklist.de/mail|ziyadnz/hourly-ipv4,blocklist.de|brute-force|apache|rfi|ddos|spam|mail|ziyadnz|hourly,2026-08-17T18:48:05Z,2026-08-17T18:48:05Z,
216.152.249.25,ipv4,attack,high,WHITE,blocklist.de/all|blocklist.de/apache|blocklist.de/mail|ziyadnz/hourly-ipv4,blocklist.de|brute-force|apache|rfi|ddos|spam|mail|ziyadnz|hourly,2026-08-17T18:48:05Z,2026-08-17T18:48:05Z,
216.152.249.26,ipv4,attack,high,WHITE,blocklist.de/all|blocklist.de/apache|blocklist.de/mail|ziyadnz/hourly-ipv4,blocklist.de|brute-force|apache|rfi|ddos|spam|mail|ziyadnz|hourly,2026-08-17T18:48:05Z,2026-08-17T18:48:05Z,
216.152.249.27,ipv4,attack,high,WHITE,blocklist.de/all|blocklist.de/apache|blocklist.de/mail|ziyadnz/hourly-ipv4,blocklist.de|brute-force|apache|rfi|ddos|spam|mail|ziyadnz|hourly,2026-08-17T18:48:05Z,2026-08-17T18:48:05Z,
216.152.249.28,ipv4,attack,high,WHITE,blocklist.de/all|blocklist.de/apache|blocklist.de/mail|ziyadnz/hourly-ipv4,blocklist.de|brute-force|apache|rfi|ddos|spam|mail|ziyadnz|hourly,2026-08-17T18:48:05Z,2026-08-17T18:48:05Z,
216.152.249.29,ipv4,attack,high,WHITE,blocklist.de/all|blocklist.de/apache|blocklist.de/mail|ziyadnz/hourly-ipv4,blocklist.de|brute-force|apache|rfi|ddos|spam|mail|ziyadnz|hourly,2026-08-17T18:48:05Z,2026-08-17T18:48:05Z,
216.152.249.30,ipv4,attack,high,WHITE,blocklist.de/all|blocklist.de/apache|blocklist.de/mail|ziyadnz/hourly-ipv4,blocklist.de|brute-force|apache|rfi|ddos|spam|mail|ziyadnz|hourly,2026-08-17T18:48:05Z,2026-08-17T18:48:05Z,
216.152.249.31,ipv4,attack,high,WHITE,blocklist.de/all|blocklist.de/apache|blocklist.de/mail|ziyadnz/hourly-ipv4,blocklist.de|brute-force|apache|rfi|ddos|spam|mail|ziyadnz|hourly,2026-08-17T18:48:05Z,2026-08-17T18:48:05Z,
216.152.249.32,ipv4,attack,high,WHITE,blocklist.de/all|blocklist.de/apache|blocklist.de/mail|ziyadnz/hourly-ipv4,blocklist.de|brute-force|apache|rfi|ddos|spam|mail|ziyadnz|hourly,2026-08-17T18:48:05Z,2026-08-17T18:48:05Z,
216.152.249.33,ipv4,attack,high,WHITE,blocklist.de/all|blocklist.de/apache|blocklist.de/mail|ziyadnz/hourly-ipv4,blocklist.de|brute-force|apache|rfi|ddos|spam|mail|ziyadnz|hourly,2026-08-17T18:48:05Z,2026-08-17T18:48:05Z,
216.152.249.34,ipv4,attack,high,WHITE,blocklist.de/all|blocklist.de/apache|blocklist.de/mail|ziyadnz/hourly-ipv4,blocklist.de|brute-force|apache|rfi|ddos|spam|mail|ziyadnz|hourly,2026-08-17T18:48:05Z,2026-08-17T18:48:05Z,
216.152.249.35,ipv4,attack,high,WHITE,blocklist.de/all|blocklist.de/apache|blocklist.de/mail|ziyadnz/hourly-ipv4,blocklist.de|brute-force|apache|rfi|ddos|spam|mail|ziyadnz|hourly,2026-08-17T18:48:05Z,2026-08-17T18:48:05Z,
216.152.249.36,ipv4,attack,high,WHITE,blocklist.de/all|blocklist.de/apache|blocklist.de/mail|ziyadnz/hourly-ipv4,blocklist.de|brute-force|apache|rfi|ddos|spam|mail|ziyadnz|hourly,2026-08-17T18:48:05Z,2026-08-17T18:48:05Z,
216.152.249.37,ipv4,attack,high,WHITE,blocklist.de/all|blocklist.de/apache|blocklist.de/mail|ziyadnz/hourly-ipv4,blocklist.de|brute-force|apache|rfi|ddos|spam|mail|ziyadnz|hourly,2026-08-17T18:48:05Z,2026-08-17T18:48:05Z,
216.152.249.38,ipv4,attack,high,WHITE,blocklist.de/all|blocklist.de/apache|blocklist.de/mail|ziyadnz/hourly-ipv4,blocklist.de|brute-force|apache|rfi|ddos|spam|mail|ziyadnz|hourly,2026-08-17T18:48:05Z,2026-08-17T18:48:05Z,
216.152.249.39,ipv4,attack,high,WHITE,blocklist.de/all|blocklist.de/apache|blocklist.de/mail|ziyadnz/hourly-ipv4,blocklist.de|brute-force|apache|rfi|ddos|spam|mail|ziyadnz|hourly,2026-08-17T18:48:05Z,2026-08-17T18:48:05Z,
216.152.249.40,ipv4,attack,high,WHITE,blocklist.de/all|blocklist.de/apache|blocklist.de/mail|ziyadnz/hourly-ipv4,blocklist.de|brute-force|apache|rfi|ddos|spam|mail|ziyadnz|hourly,2026-08-17T18:48:05Z,2026-08-17T18:48:05Z,
216.152.249.41,ipv4,attack,high,WHITE,blocklist.de/all|blocklist.de/apache|blocklist.de/mail|ziyadnz/hourly-ipv4,blocklist.de|brute-force|apache|rfi|ddos|spam|mail|ziyadnz|hourly,2026-08-17T18:48:05Z,2026-08-17T18:48:05Z,
216.152.249.42,ipv4,attack,high,WHITE,blocklist.de/all|blocklist.de/apache|blocklist.de/mail|ziyadnz/hourly-ipv4,blocklist.de|brute-force|apache|rfi|ddos|spam|mail|ziyadnz|hourly,2026-08-17T18:48:05Z,2026-08-17T18:48:05Z,
216.152.249.43,ipv4,attack,high,WHITE,blocklist.de/all|blocklist.de/apache|blocklist.de/mail|ziyadnz/hourly-ipv4,blocklist.de|brute-force|apache|rfi|ddos|spam|mail|ziyadnz|hourly,2026-08-17T18:48:05Z,2026-08-17T18:48:05Z,
216.152.249.44,ipv4,attack,high,WHITE,blocklist.de/all|blocklist.de/apache|blocklist.de/mail|ziyadnz/hourly-ipv4,blocklist.de|brute-force|apache|rfi|ddos|spam|mail|ziyadnz|hourly,2026-08-17T18:48:05Z,2026-08-17T18:48:05Z,
216.152.249.45,ipv4,attack,high,WHITE,blocklist.de/all|blocklist.de/apache|blocklist.de/mail|ziyadnz/hourly-ipv4,blocklist.de|brute-force|apache|rfi|ddos|spam|mail|ziyadnz|hourly,2026-08-17T18:48:05Z,2026-08-17T18:48:05Z,
216.152.249.46,ipv4,attack,high,WHITE,blocklist.de/all|blocklist.de/apache|blocklist.de/mail|ziyadnz/hourly-ipv4,blocklist.de|brute-force|apache|rfi|ddos|spam|mail|ziyadnz|hourly,2026-08-17T18:48:05Z,2026-08-17T18:48:05Z,
216.152.249.47,ipv4,attack,high,WHITE,blocklist.de/all|blocklist.de/apache|blocklist.de/mail|ziyadnz/hourly-ipv4,blocklist.de|brute-force|apache|rfi|ddos|spam|mail|ziyadnz|hourly,2026-08-17T18:48:05Z,2026-08-17T18:48:05Z,
216.152.249.48,ipv4,attack,high,WHITE,blocklist.de/all|blocklist.de/apache|blocklist.de/mail|ziyadnz/hourly-ipv4,blocklist.de|brute-force|apache|rfi|ddos|spam|mail|ziyadnz|hourly,2026-08-17T18:48:05Z,2026-08-17T18:48:05Z,
216.152.249.49,ipv4,attack,high,WHITE,blocklist.de/all|blocklist.de/apache|blocklist.de/mail|ziyadnz/hourly-ipv4,blocklist.de|brute-force|apache|rfi|ddos|spam|mail|ziyadnz|hourly,2026-08-17T18:48:05Z,2026-08-17T18:48:05Z,
216.152.249.50,ipv4,attack,high,WHITE,blocklist.de/all|blocklist.de/apache|blocklist.de/mail|ziyadnz/hourly-ipv4,blocklist.de|brute-force|apache|rfi|ddos|spam|mail|ziyadnz|hourly,2026-08-17T18:48:05Z,2026-08-17T18:48:05Z,
216.152.249.51,ipv4,attack,high,WHITE,blocklist.de/all|blocklist.de/apache|blocklist.de/mail|ziyadnz/hourly-ipv4,blocklist.de|brute-force|apache|rfi|ddos|spam|mail|ziyadnz|hourly,2026-08-17T18:48:05Z,2026-08-17T18:48:05Z,
216.152.249.52,ipv4,attack,high,WHITE,blocklist.de/all|blocklist.de/apache|blocklist.de/mail|ziyadnz/hourly-ipv4,blocklist.de|brute-force|apache|rfi|ddos|spam|mail|ziyadnz|hourly,2026-08-17T18:48:05Z,2026-08-17T18:48:05Z,
216.152.249.53,ipv4,attack,high,WHITE,blocklist.de/all|blocklist.de/apache|blocklist.de/mail|ziyadnz/hourly-ipv4,blocklist.de|brute-force|apache|rfi|ddos|spam|mail|ziyadnz|hourly,2026-08-17T18:48:05Z,2026-08-17T18:48:05Z,
216.152.249.54,ipv4,attack,high,WHITE,blocklist.de/all|blocklist.de/apache|blocklist.de/mail|ziyadnz/hourly-ipv4,blocklist.de|brute-force|apache|rfi|ddos|spam|mail|ziyadnz|hourly,2026-08-17T18:48:05Z,2026-08-17T18:48:05Z,
216.152.249.55,ipv4,attack,high,WHITE,blocklist.de/all|blocklist.de/apache|blocklist.de/mail|ziyadnz/hourly-ipv4,blocklist.de|brute-force|apache|rfi|ddos|spam|mail|ziyadnz|hourly,2026-08-17T18:48:05Z,2026-08-17T18:48:05Z,
216.152.249.56,ipv4,attack,high,WHITE,blocklist.de/all|blocklist.de/apache|blocklist.de/mail|ziyadnz/hourly-ipv4,blocklist.de|brute-force|apache|rfi|ddos|spam|mail|ziyadnz|hourly,2026-08-17T18:48:05Z,2026-08-17T18:48:05Z,
216.152.249.57,ipv4,attack,high,WHITE,blocklist.de/all|blocklist.de/apache|blocklist.de/mail|ziyadnz/hourly-ipv4,blocklist.de|brute-force|apache|rfi|ddos|spam|mail|ziyadnz|hourly,2026-08-17T18:48:05Z,2026-08-17T18:48:05Z,
216.152.249.58,ipv4,attack,high,WHITE,blocklist.de/all|blocklist.de/apache|blocklist.de/mail|ziyadnz/hourly-ipv4,blocklist.de|brute-force|apache|rfi|ddos|spam|mail|ziyadnz|hourly,2026-08-17T18:48:05Z,2026-08-17T18:48:05Z,
216.152.249.59,ipv4,attack,high,WHITE,blocklist.de/all|blocklist.de/apache|blocklist.de/mail|ziyadnz/hourly-ipv4,blocklist.de|brute-force|apache|rfi|ddos|spam|mail|ziyadnz|hourly,2026-08-17T18:48:05Z,2026-08-17T18:48:05Z,
216.152.249.60,ipv4,attack,high,WHITE,blocklist.de/all|blocklist.de/apache|blocklist.de/mail|ziyadnz/hourly-ipv4,blocklist.de|brute-force|apache|rfi|ddos|spam|mail|ziyadnz|hourly,2026-08-17T18:48:05Z,2026-08-17T18:48:05Z,
216.152.249.61,ipv4,attack,high,WHITE,blocklist.de/all|blocklist.de/apache|blocklist.de/mail|ziyadnz/hourly-ipv4,blocklist.de|brute-force|apache|rfi|ddos|spam|mail|ziyadnz|hourly,2026-08-17T18:48:05Z,2026-08-17T18:48:05Z,
216.152.249.62,ipv4,attack,high,WHITE,blocklist.de/all|blocklist.de/apache|blocklist.de/mail|ziyadnz/hourly-ipv4,blocklist.de|brute-force|apache|rfi|ddos|spam|mail|ziyadnz|hourly,2026-08-17T18:48:05Z,2026-08-17T18:48:05Z,
216.152.249.63,ipv4,attack,high,WHITE,blocklist.de/all|blocklist.de/apache|blocklist.de/mail|ziyadnz/hourly-ipv4,blocklist.de|brute-force|apache|rfi|ddos|spam|mail|ziyadnz|hourly,2026-08-17T18:48:05Z,2026-08-17T18:48:05Z,
216.152.249.64,ipv4,attack,high,WHITE,blocklist.de/all|blocklist.de/apache|blocklist.de/mail|ziyadnz/hourly-ipv4,blocklist.de|brute-force|apache|rfi|ddos|spam|mail|ziyadnz|hourly,2026-08-17T18:48:05Z,2026-08-17T18:48:05Z,
216.152.249.65,ipv4,attack,high,WHITE,blocklist.de/all|blocklist.de/apache|blocklist.de/mail|ziyadnz/hourly-ipv4,blocklist.de|brute-force|apache|rfi|ddos|spam|mail|ziyadnz|hourly,2026-08-17T18:48:05Z,2026-08-17T18:48:05Z,
216.152.249.66,ipv4,attack,high,WHITE,blocklist.de/all|blocklist.de/apache|blocklist.de/mail|ziyadnz/hourly-ipv4,blocklist.de|brute-force|apache|rfi|ddos|spam|mail|ziyadnz|hourly,2026-08-17T18:48:05Z,2026-08-17T18:48:05Z,
216.152.249.67,ipv4,attack,high,WHITE,blocklist.de/all|blocklist.de/apache|blocklist.de/mail|ziyadnz/hourly-ipv4,blocklist.de|brute-force|apache|rfi|ddos|spam|mail|ziyadnz|hourly,2026-08-17T18:48:05Z,2026-08-17T18:48:05Z,
216.152.249.68,ipv4,attack,high,WHITE,blocklist.de/all|blocklist.de/apache|blocklist.de/mail|ziyadnz/hourly-ipv4,blocklist.de|brute-force|apache|rfi|ddos|spam|mail|ziyadnz|hourly,2026-08-17T18:48:05Z,2026-08-17T18:48:05Z,
216.152.249.69,ipv4,attack,high,WHITE,blocklist.de/all|blocklist.de/apache|blocklist.de/mail|ziyadnz/hourly-ipv4,blocklist.de|brute-force|apache|rfi|ddos|spam|mail|ziyadnz|hourly,2026-08-17T18:48:05Z,2026-08-17T18:48:05Z,
216.152.249.70,ipv4,attack,high,WHITE,blocklist.de/all|blocklist.de/apache|blocklist.de/mail|ziyadnz/hourly-ipv4,blocklist.de|brute-force|apache|rfi|ddos|spam|mail|ziyadnz|hourly,2026-08-17T18:48:05Z,2026-08-17T18:48:05Z,
216.152.249.71,ipv4,attack,high,WHITE,blocklist.de/all|blocklist.de/apache|blocklist.de/mail|ziyadnz/hourly-ipv4,blocklist.de|brute-force|apache|rfi|ddos|spam|mail|ziyadnz|hourly,2026-08-17T18:48:05Z,2026-08-17T18:48:05Z,
216.152.249.72,ipv4,attack,high,WHITE,blocklist.de/all|blocklist.de/apache|blocklist.de/mail|ziyadnz/hourly-ipv4,blocklist.de|brute-force|apache|rfi|ddos|spam|mail|ziyadnz|hourly,2026-08-17T18:48:05Z,2026-08-17T18:48:05Z,
216.152.249.73,ipv4,attack,high,WHITE,blocklist.de/all|blocklist.de/apache|blocklist.de/mail|ziyadnz/hourly-ipv4,blocklist.de|brute-force|apache|rfi|ddos|spam|mail|ziyadnz|hourly,2026-08-17T18:48:05Z,2026-08-17T18:48:05Z,
216.152.249.74,ipv4,attack,high,WHITE,blocklist.de/all|blocklist.de/apache|blocklist.de/mail|ziyadnz/hourly-ipv4,blocklist.de|brute-force|apache|rfi|ddos|spam|mail|ziyadnz|hourly,2026-08-17T18:48:05Z,2026-08-17T18:48:05Z,
216.152.249.75,ipv4,attack,high,WHITE,blocklist.de/all|blocklist.de/apache|blocklist.de/mail|ziyadnz/hourly-ipv4,blocklist.de|brute-force|apache|rfi|ddos|spam|mail|ziyadnz|hourly,2026-08-17T18:48:05Z,2026-08-17T18:48:05Z,
216.152.249.76,ipv4,attack,high,WHITE,blocklist.de/all|blocklist.de/apache|blocklist.de/mail|ziyadnz/hourly-ipv4,blocklist.de|brute-force|apache|rfi|ddos|spam|mail|ziyadnz|hourly,2026-08-17T18:48:05Z,2026-08-17T18:48:05Z,
216.152.249.77,ipv4,attack,high,WHITE,blocklist.de/all|blocklist.de/apache|blocklist.de/mail|ziyadnz/hourly-ipv4,blocklist.de|brute-force|apache|rfi|ddos|spam|mail|ziyadnz|hourly,2026-08-17T18:48:05Z,2026-08-17T18:48:05Z,
216.152.249.78,ipv4,attack,high,WHITE,blocklist.de/all|blocklist.de/apache|blocklist.de/mail|ziyadnz/hourly-ipv4,blocklist.de|brute-force|apache|rfi|ddos|spam|mail|ziyadnz|hourly,2026-08-17T18:48:05Z,2026-08-17T18:48:05Z,
216.152.249.79,ipv4,attack,high,WHITE,blocklist.de/all|blocklist.de/apache|blocklist.de/mail|ziyadnz/hourly-ipv4,blocklist.de|brute-force|apache|rfi|ddos|spam|mail|ziyadnz|hourly,2026-08-17T18:48:05Z,2026-08-17T18:48:05Z,
216.152.249.80,ipv4,attack,high,WHITE,blocklist.de/all|blocklist.de/apache|blocklist.de/mail|ziyadnz/hourly-ipv4,blocklist.de|brute-force|apache|rfi|ddos|spam|mail|ziyadnz|hourly,2026-08-17T18:48:05Z,2026-08-17T18:48:05Z,
216.152.249.81,ipv4,attack,high,WHITE,blocklist.de/all|blocklist.de/apache|blocklist.de/mail|ziyadnz/hourly-ipv4,blocklist.de|brute-force|apache|rfi|ddos|spam|mail|ziyadnz|hourly,2026-08-17T18:48:05Z,2026-08-17T18:48:05Z,
216.152.249.82,ipv4,attack,high,WHITE,blocklist.de/all|blocklist.de/apache|blocklist.de/mail|ziyadnz/hourly-ipv4,blocklist.de|brute-force|apache|rfi|ddos|spam|mail|ziyadnz|hourly,2026-08-17T18:48:05Z,2026-08-17T18:48:05Z,
216.152.249.83,ipv4,attack,high,WHITE,blocklist.de/all|blocklist.de/apache|blocklist.de/mail|ziyadnz/hourly-ipv4,blocklist.de|brute-force|apache|rfi|ddos|spam|mail|ziyadnz|hourly,2026-08-17T18:48:05Z,2026-08-17T18:48:05Z,
216.152.249.84,ipv4,attack,high,WHITE,blocklist.de/all|blocklist.de/apache|blocklist.de/mail|ziyadnz/hourly-ipv4,blocklist.de|brute-force|apache|rfi|ddos|spam|mail|ziyadnz|hourly,2026-08-17T18:48:05Z,2026-08-17T18:48:05Z,
216.152.249.85,ipv4,attack,high,WHITE,blocklist.de/all|blocklist.de/apache|blocklist.de/mail|ziyadnz/hourly-ipv4,blocklist.de|brute-force|apache|rfi|ddos|spam|mail|ziyadnz|hourly,2026-08-17T18:48:05Z,2026-08-17T18:48:05Z,
216.152.249.86,ipv4,attack,high,WHITE,blocklist.de/all|blocklist.de/apache|blocklist.de/mail|ziyadnz/hourly-ipv4,blocklist.de|brute-force|apache|rfi|ddos|spam|mail|ziyadnz|hourly,2026-08-17T18:48:05Z,2026-08-17T18:48:05Z,
216.152.249.87,ipv4,attack,high,WHITE,blocklist.de/all|blocklist.de/apache|blocklist.de/mail|ziyadnz/hourly-ipv4,blocklist.de|brute-force|apache|rfi|ddos|spam|mail|ziyadnz|hourly,2026-08-17T18:48:05Z,2026-08-17T18:48:05Z,
216.152.249.88,ipv4,attack,high,WHITE,blocklist.de/all|blocklist.de/apache|blocklist.de/mail|ziyadnz/hourly-ipv4,blocklist.de|brute-force|apache|rfi|ddos|spam|mail|ziyadnz|hourly,2026-08-17T18:48:05Z,2026-08-17T18:48:05Z,
216.152.249.89,ipv4,attack,high,WHITE,blocklist.de/all|blocklist.de/apache|blocklist.de/mail|ziyadnz/hourly-ipv4,blocklist.de|brute-force|apache|rfi|ddos|spam|mail|ziyadnz|hourly,2026-08-17T18:48:05Z,2026-08-17T18:48:05Z,
216.152.249.90,ipv4,attack,high,WHITE,blocklist.de/all|blocklist.de/apache|blocklist.de/mail|ziyadnz/hourly-ipv4,blocklist.de|brute-force|apache|rfi|ddos|spam|mail|ziyadnz|hourly,2026-08-17T18:48:05Z,2026-08-17T18:48:05Z,
216.152.249.91,ipv4,attack,high,WHITE,blocklist.de/all|blocklist.de/apache|blocklist.de/mail|ziyadnz/hourly-ipv4,blocklist.de|brute-force|apache|rfi|ddos|spam|mail|ziyadnz|hourly,2026-08-17T18:48:05Z,2026-08-17T18:48:05Z,
216.152.249.92,ipv4,attack,high,WHITE,blocklist.de/all|blocklist.de/apache|blocklist.de/mail|ziyadnz/hourly-ipv4,blocklist.de|brute-force|apache|rfi|ddos|spam|mail|ziyadnz|hourly,2026-08-17T18:48:05Z,2026-08-17T18:48:05Z,
216.152.249.93,ipv4,attack,high,WHITE,blocklist.de/all|blocklist.de/apache|blocklist.de/mail|ziyadnz/hourly-ipv4,blocklist.de|brute-force|apache|rfi|ddos|spam|mail|ziyadnz|hourly,2026-08-17T18:48:05Z,2026-08-17T18:48:05Z,
216.152.249.94,ipv4,attack,high,WHITE,blocklist.de/all|blocklist.de/apache|blocklist.de/mail|ziyadnz/hourly-ipv4,blocklist.de|brute-force|apache|rfi|ddos|spam|mail|ziyadnz|hourly,2026-08-17T18:48:05Z,2026-08-17T18:48:05Z,
216.152.249.95,ipv4,attack,high,WHITE,blocklist.de/all|blocklist.de/apache|blocklist.de/mail|ziyadnz/hourly-ipv4,blocklist.de|brute-force|apache|rfi|ddos|spam|mail|ziyadnz|hourly,2026-08-17T18:48:05Z,2026-08-17T18:48:05Z,
216.152.249.96,ipv4,attack,high,WHITE,blocklist.de/all|blocklist.de/apache|blocklist.de/mail|ziyadnz/hourly-ipv4,blocklist.de|brute-force|apache|rfi|ddos|spam|mail|ziyadnz|hourly,2026-08-17T18:48:05Z,2026-08-17T18:48:05Z,
216.152.249.97,ipv4,attack,high,WHITE,blocklist.de/all|blocklist.de/apache|blocklist.de/mail|ziyadnz/hourly-ipv4,blocklist.de|brute-force|apache|rfi|ddos|spam|mail|ziyadnz|hourly,2026-08-17T18:48:05Z,2026-08-17T18:48:05Z,
216.152.249.98,ipv4,attack,high,WHITE,blocklist.de/all|blocklist.de/apache|blocklist.de/mail|ziyadnz/hourly-ipv4,blocklist.de|brute-force|apache|rfi|ddos|spam|mail|ziyadnz|hourly,2026-08-17T18:48:05Z,2026-08-17T18:48:05Z,
216.152.249.99,ipv4,attack,high,WHITE,blocklist.de/all|blocklist.de/apache|blocklist.de/mail|ziyadnz/hourly-ipv4,blocklist.de|brute-force|apache|rfi|ddos|spam|mail|ziyadnz|hourly,2026-08-17T18:48:05Z,2026-08-17T18:48:05Z,
216.152.249.100,ipv4,attack,high,WHITE,blocklist.de/all|blocklist.de/apache|blocklist.de/mail|ziyadnz/hourly-ipv4,blocklist.de|brute-force|apache|rfi|ddos|spam|mail|ziyadnz|hourly,2026-08-17T18:48:05Z,2026-08-17T18:48:05Z,
216.152.249.101,ipv4,attack,high,WHITE,blocklist.de/all|blocklist.de/apache|blocklist.de/mail|ziyadnz/hourly-ipv4,blocklist.de|brute-force|apache|rfi|ddos|spam|mail|ziyadnz|hourly,2026-08-17T18:48:05Z,2026-08-17T18:48:05Z,
216.152.249.102,ipv4,attack,high,WHITE,blocklist.de/all|blocklist.de/apache|blocklist.de/mail|ziyadnz/hourly-ipv4,blocklist.de|brute-force|apache|rfi|ddos|spam|mail|ziyadnz|hourly,2026-08-17T18:48:05Z,2026-08-17T18:48:05Z,
216.152.249.103,ipv4,attack,high,WHITE,blocklist.de/all|blocklist.de/apache|blocklist.de/mail|ziyadnz/hourly-ipv4,blocklist.de|brute-force|apache|rfi|ddos|spam|mail|ziyadnz|hourly,2026-08-17T18:48:05Z,2026-08-17T18:48:05Z,
216.152.249.104,ipv4,attack,high,WHITE,blocklist.de/all|blocklist.de/apache|blocklist.de/mail|ziyadnz/hourly-ipv4,blocklist.de|brute-force|apache|rfi|ddos|spam|mail|ziyadnz|hourly,2026-08-17T18:48:05Z,2026-08-17T18:48:05Z,
216.152.249.105,ipv4,attack,high,WHITE,blocklist.de/all|blocklist.de/apache|blocklist.de/mail|ziyadnz/hourly-ipv4,blocklist.de|brute-force|apache|rfi|ddos|spam|mail|ziyadnz|hourly,2026-08-17T18:48:05Z,2026-08-17T18:48:05Z,
216.152.249.106,ipv4,attack,high,WHITE,blocklist.de/all|blocklist.de/apache|blocklist.de/mail|ziyadnz/hourly-ipv4,blocklist.de|brute-force|apache|rfi|ddos|spam|mail|ziyadnz|hourly,2026-08-17T18:48:05Z,2026-08-17T18:48:05Z,
216.152.249.107,ipv4,attack,high,WHITE,blocklist.de/all|blocklist.de/apache|blocklist.de/mail|ziyadnz/hourly-ipv4,blocklist.de|brute-force|apache|rfi|ddos|spam|mail|ziyadnz|hourly,2026-08-17T18:48:05Z,2026-08-17T18:48:05Z,
216.152.249.108,ipv4,attack,high,WHITE,blocklist.de/all|blocklist.de/apache|blocklist.de/mail|ziyadnz/hourly-ipv4,blocklist.de|brute-force|apache|rfi|ddos|spam|mail|ziyadnz|hourly,2026-08-17T18:48:05Z,2026-08-17T18:48:05Z,
216.152.249.109,ipv4,attack,high,WHITE,blocklist.de/all|blocklist.de/apache|blocklist.de/mail|ziyadnz/hourly-ipv4,blocklist.de|brute-force|apache|rfi|ddos|spam|mail|ziyadnz|hourly,2026-08-17T18:48:05Z,2026-08-17T18:48:05Z,
216.152.249.110,ipv4,attack,high,WHITE,blocklist.de/all|blocklist.de/apache|blocklist.de/mail|ziyadnz/hourly-ipv4,blocklist.de|brute-force|apache|rfi|ddos|spam|mail|ziyadnz|hourly,2026-08-17T18:48:05Z,2026-08-17T18:48:05Z,
216.152.249.111,ipv4,attack,high,WHITE,blocklist.de/all|blocklist.de/apache|blocklist.de/mail|ziyadnz/hourly-ipv4,blocklist.de|brute-force|apache|rfi|ddos|spam|mail|ziyadnz|hourly,2026-08-17T18:48:05Z,2026-08-17T18:48:05Z,
216.152.249.112,ipv4,attack,high,WHITE,blocklist.de/all|blocklist.de/apache|blocklist.de/mail|ziyadnz/hourly-ipv4,blocklist.de|brute-force|apache|rfi|ddos|spam|mail|ziyadnz|hourly,2026-08-17T18:48:05Z,2026-08-17T18:48:05Z,
216.152.249.113,ipv4,attack,high,WHITE,blocklist.de/all|blocklist.de/apache|blocklist.de/mail|ziyadnz/hourly-ipv4,blocklist.de|brute-force|apache|rfi|ddos|spam|mail|ziyadnz|hourly,2026-08-17T18:48:05Z,2026-08-17T18:48:05Z,
216.152.249.114,ipv4,attack,high,WHITE,blocklist.de/all|blocklist.de/apache|blocklist.de/mail|ziyadnz/hourly-ipv4,blocklist.de|brute-force|apache|rfi|ddos|spam|mail|ziyadnz|hourly,2026-08-17T18:48:05Z,2026-08-17T18:48:05Z,
216.152.249.115,ipv4,attack,high,WHITE,blocklist.de/all|blocklist.de/apache|blocklist.de/mail|ziyadnz/hourly-ipv4,blocklist.de|brute-force|apache|rfi|ddos|spam|mail|ziyadnz|hourly,2026-08-17T18:48:05Z,2026-08-17T18:48:05Z,
216.152.249.116,ipv4,attack,high,WHITE,blocklist.de/all|blocklist.de/apache|blocklist.de/mail|ziyadnz/hourly-ipv4,blocklist.de|brute-force|apache|rfi|ddos|spam|mail|ziyadnz|hourly,2026-08-17T18:48:05Z,2026-08-17T18:48:05Z,
216.152.249.117,ipv4,attack,high,WHITE,blocklist.de/all|blocklist.de/apache|blocklist.de/mail|ziyadnz/hourly-ipv4,blocklist.de|brute-force|apache|rfi|ddos|spam|mail|ziyadnz|hourly,2026-08-17T18:48:05Z,2026-08-17T18:48:05Z,
216.152.249.118,ipv4,attack,high,WHITE,blocklist.de/all|blocklist.de/apache|blocklist.de/mail|ziyadnz/hourly-ipv4,blocklist.de|brute-force|apache|rfi|ddos|spam|mail|ziyadnz|hourly,2026-08-17T18:48:05Z,2026-08-17T18:48:05Z,
216.152.249.119,ipv4,attack,high,WHITE,blocklist.de/all|blocklist.de/apache|blocklist.de/mail|ziyadnz/hourly-ipv4,blocklist.de|brute-force|apache|rfi|ddos|spam|mail|ziyadnz|hourly,2026-08-17T18:48:05Z,2026-08-17T18:48:05Z,
216.152.249.120,ipv4,attack,high,WHITE,blocklist.de/all|blocklist.de/apache|blocklist.de/mail|ziyadnz/hourly-ipv4,blocklist.de|brute-force|apache|rfi|ddos|spam|mail|ziyadnz|hourly,2026-08-17T18:48:05Z,2026-08-17T18:48:05Z,
216.152.249.121,ipv4,attack,high,WHITE,blocklist.de/all|blocklist.de/apache|blocklist.de/mail|ziyadnz/hourly-ipv4,blocklist.de|brute-force|apache|rfi|ddos|spam|mail|ziyadnz|hourly,2026-08-17T18:48:05Z,2026-08-17T18:48:05Z,
216.152.249.122,ipv4,attack,high,WHITE,blocklist.de/all|blocklist.de/apache|blocklist.de/mail|ziyadnz/hourly-ipv4,blocklist.de|brute-force|apache|rfi|ddos|spam|mail|ziyadnz|hourly,2026-08-17T18:48:05Z,2026-08-17T18:48:05Z,
216.152.249.123,ipv4,attack,high,WHITE,blocklist.de/all|blocklist.de/apache|blocklist.de/mail|ziyadnz/hourly-ipv4,blocklist.de|brute-force|apache|rfi|ddos|spam|mail|ziyadnz|hourly,2026-08-17T18:48:05Z,2026-08-17T18:48:05Z,
216.152.249.124,ipv4,attack,high,WHITE,blocklist.de/all|blocklist.de/apache|blocklist.de/mail|ziyadnz/hourly-ipv4,blocklist.de|brute-force|apache|rfi|ddos|spam|mail|ziyadnz|hourly,2026-08-17T18:48:05Z,2026-08-17T18:48:05Z,
216.152.249.125,ipv4,attack,high,WHITE,blocklist.de/all|blocklist.de/apache|blocklist.de/mail|ziyadnz/hourly-ipv4,blocklist.de|brute-force|apache|rfi|ddos|spam|mail|ziyadnz|hourly,2026-08-17T18:48:05Z,2026-08-17T18:48:05Z,
216.152.249.126,ipv4,attack,high,WHITE,blocklist.de/all|blocklist.de/apache|blocklist.de/mail|ziyadnz/hourly-ipv4,blocklist.de|brute-force|apache|rfi|ddos|spam|mail|ziyadnz|hourly,2026-08-17T18:48:05Z,2026-08-17T18:48:05Z,
216.152.249.127,ipv4,attack,high,WHITE,blocklist.de/all|blocklist.de/apache|blocklist.de/mail|ziyadnz/hourly-ipv4,blocklist.de|brute-force|apache|rfi|ddos|spam|mail|ziyadnz|hourly,2026-08-17T18:48:05Z,2026-08-17T18:48:05Z,
216.152.249.128,ipv4,attack,high,WHITE,blocklist.de/all|blocklist.de/apache|blocklist.de/mail|ziyadnz/hourly-ipv4,blocklist.de|brute-force|apache|rfi|ddos|spam|mail|ziyadnz|hourly,2026-08-17T18:48:05Z,2026-08-17T18:48:05Z,
216.152.249.129,ipv4,attack,high,WHITE,blocklist.de/all|blocklist.de/apache|blocklist.de/mail|ziyadnz/hourly-ipv4,blocklist.de|brute-force|apache|rfi|ddos|spam|mail|ziyadnz|hourly,2026-08-17T18:48:05Z,2026-08-17T18:48:05Z,
216.152.249.130,ipv4,attack,high,WHITE,blocklist.de/all|blocklist.de/apache|blocklist.de/mail|ziyadnz/hourly-ipv4,blocklist.de|brute-force|apache|rfi|ddos|spam|mail|ziyadnz|hourly,2026-08-17T18:48:05Z,2026-08-17T18:48:05Z,
216.152.249.131,ipv4,attack,high,WHITE,blocklist.de/all|blocklist.de/apache|blocklist.de/mail|ziyadnz/hourly-ipv4,blocklist.de|brute-force|apache|rfi|ddos|spam|mail|ziyadnz|hourly,2026-08-17T18:48:05Z,2026-08-17T18:48:05Z,
216.152.249.132,ipv4,attack,high,WHITE,blocklist.de/all|blocklist.de/apache|blocklist.de/mail|ziyadnz/hourly-ipv4,blocklist.de|brute-force|apache|rfi|ddos|spam|mail|ziyadnz|hourly,2026-08-17T18:48:05Z,2026-08-17T18:48:05Z,
216.152.249.133,ipv4,attack,high,WHITE,blocklist.de/all|blocklist.de/apache|blocklist.de/mail|ziyadnz/hourly-ipv4,blocklist.de|brute-force|apache|rfi|ddos|spam|mail|ziyadnz|hourly,2026-08-17T18:48:05Z,2026-08-17T18:48:05Z,
216.152.249.134,ipv4,attack,high,WHITE,blocklist.de/all|blocklist.de/apache|blocklist.de/mail|ziyadnz/hourly-ipv4,blocklist.de|brute-force|apache|rfi|ddos|spam|mail|ziyadnz|hourly,2026-08-17T18:48:05Z,2026-08-17T18:48:05Z,
216.152.249.135,ipv4,attack,high,WHITE,blocklist.de/all|blocklist.de/apache|blocklist.de/mail|ziyadnz/hourly-ipv4,blocklist.de|brute-force|apache|rfi|ddos|spam|mail|ziyadnz|hourly,2026-08-17T18:48:05Z,2026-08-17T18:48:05Z,
216.152.249.136,ipv4,attack,high,WHITE,blocklist.de/all|blocklist.de/apache|blocklist.de/mail|ziyadnz/hourly-ipv4,blocklist.de|brute-force|apache|rfi|ddos|spam|mail|ziyadnz|hourly,2026-08-17T18:48:05Z,2026-08-17T18:48:05Z,
216.152.249.137,ipv4,attack,high,WHITE,blocklist.de/all|blocklist.de/apache|blocklist.de/mail|ziyadnz/hourly-ipv4,blocklist.de|brute-force|apache|rfi|ddos|spam|mail|ziyadnz|hourly,2026-08-17T18:48:05Z,2026-08-17T18:48:05Z,
216.152.249.138,ipv4,attack,high,WHITE,blocklist.de/all|blocklist.de/apache|blocklist.de/mail|ziyadnz/hourly-ipv4,blocklist.de|brute-force|apache|rfi|ddos|spam|mail|ziyadnz|hourly,2026-08-17T18:48:05Z,2026-08-17T18:48:05Z,
216.152.249.139,ipv4,attack,high,WHITE,blocklist.de/all|blocklist.de/apache|blocklist.de/mail|ziyadnz/hourly-ipv4,blocklist.de|brute-force|apache|rfi|ddos|spam|mail|ziyadnz|hourly,2026-08-17T18:48:05Z,2026-08-17T18:48:05Z,
216.152.249.140,ipv4,attack,high,WHITE,blocklist.de/all|blocklist.de/apache|blocklist.de/mail|ziyadnz/hourly-ipv4,blocklist.de|brute-force|apache|rfi|ddos|spam|mail|ziyadnz|hourly,2026-08-17T18:48:05Z,2026-08-17T18:48:05Z,
216.152.249.141,ipv4,attack,high,WHITE,blocklist.de/all|blocklist.de/apache|blocklist.de/mail|ziyadnz/hourly-ipv4,blocklist.de|brute-force|apache|rfi|ddos|spam|mail|ziyadnz|hourly,2026-08-17T18:48:05Z,2026-08-17T18:48:05Z,
216.152.249.142,ipv4,attack,high,WHITE,blocklist.de/all|blocklist.de/apache|blocklist.de/mail|ziyadnz/hourly-ipv4,blocklist.de|brute-force|apache|rfi|ddos|spam|mail|ziyadnz|hourly,2026-08-17T18:48:05Z,2026-08-17T18:48:05Z,
216.152.249.143,ipv4,attack,high,WHITE,blocklist.de/all|blocklist.de/apache|blocklist.de/mail|ziyadnz/hourly-ipv4,blocklist.de|brute-force|apache|rfi|ddos|spam|mail|ziyadnz|hourly,2026-08-17T18:48:05Z,2026-08-17T18:48:05Z,
216.152.249.144,ipv4,attack,high,WHITE,blocklist.de/all|blocklist.de/apache|blocklist.de/mail|ziyadnz/hourly-ipv4,blocklist.de|brute-force|apache|rfi|ddos|spam|mail|ziyadnz|hourly,2026-08-17T18:48:05Z,2026-08-17T18:48:05Z,
216.152.249.145,ipv4,attack,high,WHITE,blocklist.de/all|blocklist.de/apache|blocklist.de/mail|ziyadnz/hourly-ipv4,blocklist.de|brute-force|apache|rfi|ddos|spam|mail|ziyadnz|hourly,2026-08-17T18:48:05Z,2026-08-17T18:48:05Z,
216.152.249.146,ipv4,attack,high,WHITE,blocklist.de/all|blocklist.de/apache|blocklist.de/mail|ziyadnz/hourly-ipv4,blocklist.de|brute-force|apache|rfi|ddos|spam|mail|ziyadnz|hourly,2026-08-17T18:48:05Z,2026-08-17T18:48:05Z,
216.152.249.147,ipv4,attack,high,WHITE,blocklist.de/all|blocklist.de/apache|blocklist.de/mail|ziyadnz/hourly-ipv4,blocklist.de|brute-force|apache|rfi|ddos|spam|mail|ziyadnz|hourly,2026-08-17T18:48:05Z,2026-08-17T18:48:05Z,
216.152.249.148,ipv4,attack,high,WHITE,blocklist.de/all|blocklist.de/apache|blocklist.de/mail|ziyadnz/hourly-ipv4,blocklist.de|brute-force|apache|rfi|ddos|spam|mail|ziyadnz|hourly,2026-08-17T18:48:05Z,2026-08-17T18:48:05Z,
216.152.249.149,ipv4,attack,high,WHITE,blocklist.de/all|blocklist.de/apache|blocklist.de/mail|ziyadnz/hourly-ipv4,blocklist.de|brute-force|apache|rfi|ddos|spam|mail|ziyadnz|hourly,2026-08-17T18:48:05Z,2026-08-17T18:48:05Z,
216.152.249.150,ipv4,attack,high,WHITE,blocklist.de/all|blocklist.de/apache|blocklist.de/mail|ziyadnz/hourly-ipv4,blocklist.de|brute-force|apache|rfi|ddos|spam|mail|ziyadnz|hourly,2026-08-17T18:48:05Z,2026-08-17T18:48:05Z,
216.152.249.151,ipv4,attack,high,WHITE,blocklist.de/all|blocklist.de/apache|blocklist.de/mail|ziyadnz/hourly-ipv4,blocklist.de|brute-force|apache|rfi|ddos|spam|mail|ziyadnz|hourly,2026-08-17T18:48:05Z,2026-08-17T18:48:05Z,
216.152.249.152,ipv4,attack,high,WHITE,blocklist.de/all|blocklist.de/apache|blocklist.de/mail|ziyadnz/hourly-ipv4,blocklist.de|brute-force|apache|rfi|ddos|spam|mail|ziyadnz|hourly,2026-08-17T18:48:05Z,2026-08-17T18:48:05Z,
216.152.249.153,ipv4,attack,high,WHITE,blocklist.de/all|blocklist.de/apache|blocklist.de/mail|ziyadnz/hourly-ipv4,blocklist.de|brute-force|apache|rfi|ddos|spam|mail|ziyadnz|hourly,2026-08-17T18:48:05Z,2026-08-17T18:48:05Z,
216.152.249.154,ipv4,attack,high,WHITE,blocklist.de/all|blocklist.de/apache|blocklist.de/mail|ziyadnz/hourly-ipv4,blocklist.de|brute-force|apache|rfi|ddos|spam|mail|ziyadnz|hourly,2026-08-17T18:48:05Z,2026-08-17T18:48:05Z,
216.152.249.155,ipv4,attack,high,WHITE,blocklist.de/all|blocklist.de/apache|blocklist.de/mail|ziyadnz/hourly-ipv4,blocklist.de|brute-force|apache|rfi|ddos|spam|mail|ziyadnz|hourly,2026-08-17T18:48:05Z,2026-08-17T18:48:05Z,
216.152.249.156,ipv4,attack,high,WHITE,blocklist.de/all|blocklist.de/apache|blocklist.de/mail|ziyadnz/hourly-ipv4,blocklist.de|brute-force|apache|rfi|ddos|spam|mail|ziyadnz|hourly,2026-08-17T18:48:05Z,2026-08-17T18:48:05Z,
216.152.249.157,ipv4,attack,high,WHITE,blocklist.de/all|blocklist.de/apache|blocklist.de/mail|ziyadnz/hourly-ipv4,blocklist.de|brute-force|apache|rfi|ddos|spam|mail|ziyadnz|hourly,2026-08-17T18:48:05Z,2026-08-17T18:48:05Z,
216.152.249.158,ipv4,attack,high,WHITE,blocklist.de/all|blocklist.de/apache|blocklist.de/mail|ziyadnz/hourly-ipv4,blocklist.de|brute-force|apache|rfi|ddos|spam|mail|ziyadnz|hourly,2026-08-17T18:48:05Z,2026-08-17T18:48:05Z,
216.152.249.159,ipv4,attack,high,WHITE,blocklist.de/all|blocklist.de/apache|blocklist.de/mail|ziyadnz/hourly-ipv4,blocklist.de|brute-force|apache|rfi|ddos|spam|mail|ziyadnz|hourly,2026-08-17T18:48:05Z,2026-08-17T18:48:05Z,
216.152.249.160,ipv4,attack,high,WHITE,blocklist.de/all|blocklist.de/apache|blocklist.de/mail|ziyadnz/hourly-ipv4,blocklist.de|brute-force|apache|rfi|ddos|spam|mail|ziyadnz|hourly,2026-08-17T18:48:05Z,2026-08-17T18:48:05Z,
216.152.249.161,ipv4,attack,high,WHITE,blocklist.de/all|blocklist.de/apache|blocklist.de/mail|ziyadnz/hourly-ipv4,blocklist.de|brute-force|apache|rfi|ddos|spam|mail|ziyadnz|hourly,2026-08-17T18:48:05Z,2026-08-17T18:48:05Z,
216.152.249.162,ipv4,attack,high,WHITE,blocklist.de/all|blocklist.de/apache|blocklist.de/mail|ziyadnz/hourly-ipv4,blocklist.de|brute-force|apache|rfi|ddos|spam|mail|ziyadnz|hourly,2026-08-17T18:48:05Z,2026-08-17T18:48:05Z,
216.152.249.163,ipv4,attack,high,WHITE,blocklist.de/all|blocklist.de/apache|blocklist.de/mail|ziyadnz/hourly-ipv4,blocklist.de|brute-force|apache|rfi|ddos|spam|mail|ziyadnz|hourly,2026-08-17T18:48:05Z,2026-08-17T18:48:05Z,
216.152.249.164,ipv4,attack,high,WHITE,blocklist.de/all|blocklist.de/apache|blocklist.de/mail|ziyadnz/hourly-ipv4,blocklist.de|brute-force|apache|rfi|ddos|spam|mail|ziyadnz|hourly,2026-08-17T18:48:05Z,2026-08-17T18:48:05Z,
216.152.249.165,ipv4,attack,high,WHITE,blocklist.de/all|blocklist.de/apache|blocklist.de/mail|ziyadnz/hourly-ipv4,blocklist.de|brute-force|apache|rfi|ddos|spam|mail|ziyadnz|hourly,2026-08-17T18:48:05Z,2026-08-17T18:48:05Z,
216.152.249.166,ipv4,attack,high,WHITE,blocklist.de/all|blocklist.de/apache|blocklist.de/mail|ziyadnz/hourly-ipv4,blocklist.de|brute-force|apache|rfi|ddos|spam|mail|ziyadnz|hourly,2026-08-17T18:48:05Z,2026-08-17T18:48:05Z,
216.152.249.167,ipv4,attack,high,WHITE,blocklist.de/all|blocklist.de/apache|blocklist.de/mail|ziyadnz/hourly-ipv4,blocklist.de|brute-force|apache|rfi|ddos|spam|mail|ziyadnz|hourly,2026-08-17T18:48:05Z,2026-08-17T18:48:05Z,
216.152.249.168,ipv4,attack,high,WHITE,blocklist.de/all|blocklist.de/apache|blocklist.de/mail|ziyadnz/hourly-ipv4,blocklist.de|brute-force|apache|rfi|ddos|spam|mail|ziyadnz|hourly,2026-08-17T18:48:05Z,2026-08-17T18:48:05Z,
216.152.249.169,ipv4,attack,high,WHITE,blocklist.de/all|blocklist.de/apache|blocklist.de/mail|ziyadnz/hourly-ipv4,blocklist.de|brute-force|apache|rfi|ddos|spam|mail|ziyadnz|hourly,2026-08-17T18:48:05Z,2026-08-17T18:48:05Z,
216.152.249.170,ipv4,attack,high,WHITE,blocklist.de/all|blocklist.de/apache|blocklist.de/mail|ziyadnz/hourly-ipv4,blocklist.de|brute-force|apache|rfi|ddos|spam|mail|ziyadnz|hourly,2026-08-17T18:48:05Z,2026-08-17T18:48:05Z,
216.152.249.171,ipv4,attack,high,WHITE,blocklist.de/all|blocklist.de/apache|blocklist.de/mail|ziyadnz/hourly-ipv4,blocklist.de|brute-force|apache|rfi|ddos|spam|mail|ziyadnz|hourly,2026-08-17T18:48:05Z,2026-08-17T18:48:05Z,
216.152.249.172,ipv4,attack,high,WHITE,blocklist.de/all|blocklist.de/apache|blocklist.de/mail|ziyadnz/hourly-ipv4,blocklist.de|brute-force|apache|rfi|ddos|spam|mail|ziyadnz|hourly,2026-08-17T18:48:05Z,2026-08-17T18:48:05Z,
216.152.249.173,ipv4,attack,high,WHITE,blocklist.de/all|blocklist.de/apache|blocklist.de/mail|ziyadnz/hourly-ipv4,blocklist.de|brute-force|apache|rfi|ddos|spam|mail|ziyadnz|hourly,2026-08-17T18:48:05Z,2026-08-17T18:48:05Z,
216.152.249.174,ipv4,attack,high,WHITE,blocklist.de/all|blocklist.de/apache|blocklist.de/mail|ziyadnz/hourly-ipv4,blocklist.de|brute-force|apache|rfi|ddos|spam|mail|ziyadnz|hourly,2026-08-17T18:48:05Z,2026-08-17T18:48:05Z,
216.152.249.175,ipv4,attack,high,WHITE,blocklist.de/all|blocklist.de/apache|blocklist.de/mail|ziyadnz/hourly-ipv4,blocklist.de|brute-force|apache|rfi|ddos|spam|mail|ziyadnz|hourly,2026-08-17T18:48:05Z,2026-08-17T18:48:05Z,
216.152.249.176,ipv4,attack,high,WHITE,blocklist.de/all|blocklist.de/apache|blocklist.de/mail|ziyadnz/hourly-ipv4,blocklist.de|brute-force|apache|rfi|ddos|spam|mail|ziyadnz|hourly,2026-08-17T18:48:05Z,2026-08-17T18:48:05Z,
216.152.249.177,ipv4,attack,high,WHITE,blocklist.de/all|blocklist.de/apache|blocklist.de/mail|ziyadnz/hourly-ipv4,blocklist.de|brute-force|apache|rfi|ddos|spam|mail|ziyadnz|hourly,2026-08-17T18:48:05Z,2026-08-17T18:48:05Z,
216.152.249.178,ipv4,attack,high,WHITE,blocklist.de/all|blocklist.de/apache|blocklist.de/mail|ziyadnz/hourly-ipv4,blocklist.de|brute-force|apache|rfi|ddos|spam|mail|ziyadnz|hourly,2026-08-17T18:48:05Z,2026-08-17T18:48:05Z,
216.152.249.179,ipv4,attack,high,WHITE,blocklist.de/all|blocklist.de/apache|blocklist.de/mail|ziyadnz/hourly-ipv4,blocklist.de|brute-force|apache|rfi|ddos|spam|mail|ziyadnz|hourly,2026-08-17T18:48:05Z,2026-08-17T18:48:05Z,
216.152.249.180,ipv4,attack,high,WHITE,blocklist.de/all|blocklist.de/apache|blocklist.de/mail|ziyadnz/hourly-ipv4,blocklist.de|brute-force|apache|rfi|ddos|spam|mail|ziyadnz|hourly,2026-08-17T18:48:05Z,2026-08-17T18:48:05Z,
216.152.249.181,ipv4,attack,high,WHITE,blocklist.de/all|blocklist.de/apache|blocklist.de/mail|ziyadnz/hourly-ipv4,blocklist.de|brute-force|apache|rfi|ddos|spam|mail|ziyadnz|hourly,2026-08-17T18:48:05Z,2026-08-17T18:48:05Z,
216.152.249.182,ipv4,attack,high,WHITE,blocklist.de/all|blocklist.de/apache|blocklist.de/mail|ziyadnz/hourly-ipv4,blocklist.de|brute-force|apache|rfi|ddos|spam|mail|ziyadnz|hourly,2026-08-17T18:48:05Z,2026-08-17T18:48:05Z,
216.152.249.183,ipv4,attack,high,WHITE,blocklist.de/all|blocklist.de/apache|blocklist.de/mail|ziyadnz/hourly-ipv4,blocklist.de|brute-force|apache|rfi|ddos|spam|mail|ziyadnz|hourly,2026-08-17T18:48:05Z,2026-08-17T18:48:05Z,
216.152.249.184,ipv4,attack,high,WHITE,blocklist.de/all|blocklist.de/apache|blocklist.de/mail|ziyadnz/hourly-ipv4,blocklist.de|brute-force|apache|rfi|ddos|spam|mail|ziyadnz|hourly,2026-08-17T18:48:05Z,2026-08-17T18:48:05Z,
216.152.249.185,ipv4,attack,high,WHITE,blocklist.de/all|blocklist.de/apache|blocklist.de/mail|ziyadnz/hourly-ipv4,blocklist.de|brute-force|apache|rfi|ddos|spam|mail|ziyadnz|hourly,2026-08-17T18:48:05Z,2026-08-17T18:48:05Z,
216.152.249.186,ipv4,attack,high,WHITE,blocklist.de/all|blocklist.de/apache|blocklist.de/mail|ziyadnz/hourly-ipv4,blocklist.de|brute-force|apache|rfi|ddos|spam|mail|ziyadnz|hourly,2026-08-17T18:48:05Z,2026-08-17T18:48:05Z,
216.152.249.187,ipv4,attack,high,WHITE,blocklist.de/all|blocklist.de/apache|blocklist.de/mail|ziyadnz/hourly-ipv4,blocklist.de|brute-force|apache|rfi|ddos|spam|mail|ziyadnz|hourly,2026-08-17T18:48:05Z,2026-08-17T18:48:05Z,
216.152.249.188,ipv4,attack,high,WHITE,blocklist.de/all|blocklist.de/apache|blocklist.de/mail|ziyadnz/hourly-ipv4,blocklist.de|brute-force|apache|rfi|ddos|spam|mail|ziyadnz|hourly,2026-08-17T18:48:05Z,2026-08-17T18:48:05Z,
216.152.249.189,ipv4,attack,high,WHITE,blocklist.de/all|blocklist.de/apache|blocklist.de/mail|ziyadnz/hourly-ipv4,blocklist.de|brute-force|apache|rfi|ddos|spam|mail|ziyadnz|hourly,2026-08-17T18:48:05Z,2026-08-17T18:48:05Z,
216.152.249.190,ipv4,attack,high,WHITE,blocklist.de/all|blocklist.de/apache|blocklist.de/mail|ziyadnz/hourly-ipv4,blocklist.de|brute-force|apache|rfi|ddos|spam|mail|ziyadnz|hourly,2026-08-17T18:48:05Z,2026-08-17T18:48:05Z,
216.152.249.191,ipv4,attack,high,WHITE,blocklist.de/all|blocklist.de/apache|blocklist.de/mail|ziyadnz/hourly-ipv4,blocklist.de|brute-force|apache|rfi|ddos|spam|mail|ziyadnz|hourly,2026-08-17T18:48:05Z,2026-08-17T18:48:05Z,
216.152.249.192,ipv4,attack,high,WHITE,blocklist.de/all|blocklist.de/apache|blocklist.de/mail|ziyadnz/hourly-ipv4,blocklist.de|brute-force|apache|rfi|ddos|spam|mail|ziyadnz|hourly,2026-08-17T18:48:05Z,2026-08-17T18:48:05Z,
216.152.249.193,ipv4,attack,high,WHITE,blocklist.de/all|blocklist.de/apache|blocklist.de/mail|ziyadnz/hourly-ipv4,blocklist.de|brute-force|apache|rfi|ddos|spam|mail|ziyadnz|hourly,2026-08-17T18:48:05Z,2026-08-17T18:48:05Z,
216.152.249.194,ipv4,attack,high,WHITE,blocklist.de/all|blocklist.de/apache|blocklist.de/mail|ziyadnz/hourly-ipv4,blocklist.de|brute-force|apache|rfi|ddos|spam|mail|ziyadnz|hourly,2026-08-17T18:48:05Z,2026-08-17T18:48:05Z,
216.152.249.195,ipv4,attack,high,WHITE,blocklist.de/all|blocklist.de/apache|blocklist.de/mail|ziyadnz/hourly-ipv4,blocklist.de|brute-force|apache|rfi|ddos|spam|mail|ziyadnz|hourly,2026-08-17T18:48:05Z,2026-08-17T18:48:05Z,
216.152.249.196,ipv4,attack,high,WHITE,blocklist.de/all|blocklist.de/apache|blocklist.de/mail|ziyadnz/hourly-ipv4,blocklist.de|brute-force|apache|rfi|ddos|spam|mail|ziyadnz|hourly,2026-08-17T18:48:05Z,2026-08-17T18:48:05Z,
216.152.249.197,ipv4,attack,high,WHITE,blocklist.de/all|blocklist.de/apache|blocklist.de/mail|ziyadnz/hourly-ipv4,blocklist.de|brute-force|apache|rfi|ddos|spam|mail|ziyadnz|hourly,2026-08-17T18:48:05Z,2026-08-17T18:48:05Z,
216.152.249.198,ipv4,attack,high,WHITE,blocklist.de/all|blocklist.de/apache|blocklist.de/mail|ziyadnz/hourly-ipv4,blocklist.de|brute-force|apache|rfi|ddos|spam|mail|ziyadnz|hourly,2026-08-17T18:48:05Z,2026-08-17T18:48:05Z,
216.152.249.199,ipv4,attack,high,WHITE,blocklist.de/all|blocklist.de/apache|blocklist.de/mail|ziyadnz/hourly-ipv4,blocklist.de|brute-force|apache|rfi|ddos|spam|mail|ziyadnz|hourly,2026-08-17T18:48:05Z,2026-08-17T18:48:05Z,
216.152.249.200,ipv4,attack,high,WHITE,blocklist.de/all|blocklist.de/apache|blocklist.de/mail|ziyadnz/hourly-ipv4,blocklist.de|brute-force|apache|rfi|ddos|spam|mail|ziyadnz|hourly,2026-08-17T18:48:05Z,2026-08-17T18:48:05Z,
216.152.249.201,ipv4,attack,high,WHITE,blocklist.de/all|blocklist.de/apache|blocklist.de/mail|ziyadnz/hourly-ipv4,blocklist.de|brute-force|apache|rfi|ddos|spam|mail|ziyadnz|hourly,2026-08-17T18:48:05Z,2026-08-17T18:48:05Z,
216.152.249.202,ipv4,attack,high,WHITE,blocklist.de/all|blocklist.de/apache|blocklist.de/mail|ziyadnz/hourly-ipv4,blocklist.de|brute-force|apache|rfi|ddos|spam|mail|ziyadnz|hourly,2026-08-17T18:48:05Z,2026-08-17T18:48:05Z,
216.152.249.203,ipv4,attack,high,WHITE,blocklist.de/all|blocklist.de/apache|blocklist.de/mail|ziyadnz/hourly-ipv4,blocklist.de|brute-force|apache|rfi|ddos|spam|mail|ziyadnz|hourly,2026-08-17T18:48:05Z,2026-08-17T18:48:05Z,
216.152.249.204,ipv4,attack,high,WHITE,blocklist.de/all|blocklist.de/apache|blocklist.de/mail|ziyadnz/hourly-ipv4,blocklist.de|brute-force|apache|rfi|ddos|spam|mail|ziyadnz|hourly,2026-08-17T18:48:05Z,2026-08-17T18:48:05Z,
216.152.249.205,ipv4,attack,high,WHITE,blocklist.de/all|blocklist.de/apache|blocklist.de/mail|ziyadnz/hourly-ipv4,blocklist.de|brute-force|apache|rfi|ddos|spam|mail|ziyadnz|hourly,2026-08-17T18:48:05Z,2026-08-17T18:48:05Z,
216.152.249.206,ipv4,attack,high,WHITE,blocklist.de/all|blocklist.de/apache|blocklist.de/mail|ziyadnz/hourly-ipv4,blocklist.de|brute-force|apache|rfi|ddos|spam|mail|ziyadnz|hourly,2026-08-17T18:48:05Z,2026-08-17T18:48:05Z,
216.152.249.207,ipv4,attack,high,WHITE,blocklist.de/all|blocklist.de/apache|blocklist.de/mail|ziyadnz/hourly-ipv4,blocklist.de|brute-force|apache|rfi|ddos|spam|mail|ziyadnz|hourly,2026-08-17T18:48:05Z,2026-08-17T18:48:05Z,
216.152.249.208,ipv4,attack,high,WHITE,blocklist.de/all|blocklist.de/apache|blocklist.de/mail|ziyadnz/hourly-ipv4,blocklist.de|brute-force|apache|rfi|ddos|spam|mail|ziyadnz|hourly,2026-08-17T18:48:05Z,2026-08-17T18:48:05Z,
216.152.249.209,ipv4,attack,high,WHITE,blocklist.de/all|blocklist.de/apache|blocklist.de/mail|ziyadnz/hourly-ipv4,blocklist.de|brute-force|apache|rfi|ddos|spam|mail|ziyadnz|hourly,2026-08-17T18:48:05Z,2026-08-17T18:48:05Z,
216.152.249.210,ipv4,attack,high,WHITE,blocklist.de/all|blocklist.de/apache|blocklist.de/mail|ziyadnz/hourly-ipv4,blocklist.de|brute-force|apache|rfi|ddos|spam|mail|ziyadnz|hourly,2026-08-17T18:48:05Z,2026-08-17T18:48:05Z,
216.152.249.211,ipv4,attack,high,WHITE,blocklist.de/all|blocklist.de/apache|blocklist.de/mail|ziyadnz/hourly-ipv4,blocklist.de|brute-force|apache|rfi|ddos|spam|mail|ziyadnz|hourly,2026-08-17T18:48:05Z,2026-08-17T18:48:05Z,
216.152.249.212,ipv4,attack,high,WHITE,blocklist.de/all|blocklist.de/apache|blocklist.de/mail|ziyadnz/hourly-ipv4,blocklist.de|brute-force|apache|rfi|ddos|spam|mail|ziyadnz|hourly,2026-08-17T18:48:05Z,2026-08-17T18:48:05Z,
216.152.249.213,ipv4,attack,high,WHITE,blocklist.de/all|blocklist.de/apache|blocklist.de/mail|ziyadnz/hourly-ipv4,blocklist.de|brute-force|apache|rfi|ddos|spam|mail|ziyadnz|hourly,2026-08-17T18:48:05Z,2026-08-17T18:48:05Z,
216.152.249.214,ipv4,attack,high,WHITE,blocklist.de/all|blocklist.de/apache|blocklist.de/mail|ziyadnz/hourly-ipv4,blocklist.de|brute-force|apache|rfi|ddos|spam|mail|ziyadnz|hourly,2026-08-17T18:48:05Z,2026-08-17T18:48:05Z,
216.152.249.215,ipv4,attack,high,WHITE,blocklist.de/all|blocklist.de/apache|blocklist.de/mail|ziyadnz/hourly-ipv4,blocklist.de|brute-force|apache|rfi|ddos|spam|mail|ziyadnz|hourly,2026-08-17T18:48:05Z,2026-08-17T18:48:05Z,
216.152.249.216,ipv4,attack,high,WHITE,blocklist.de/all|blocklist.de/apache|blocklist.de/mail|ziyadnz/hourly-ipv4,blocklist.de|brute-force|apache|rfi|ddos|spam|mail|ziyadnz|hourly,2026-08-17T18:48:05Z,2026-08-17T18:48:05Z,
216.152.249.217,ipv4,attack,high,WHITE,blocklist.de/all|blocklist.de/apache|blocklist.de/mail|ziyadnz/hourly-ipv4,blocklist.de|brute-force|apache|rfi|ddos|spam|mail|ziyadnz|hourly,2026-08-17T18:48:05Z,2026-08-17T18:48:05Z,
216.152.249.218,ipv4,attack,high,WHITE,blocklist.de/all|blocklist.de/apache|blocklist.de/mail|ziyadnz/hourly-ipv4,blocklist.de|brute-force|apache|rfi|ddos|spam|mail|ziyadnz|hourly,2026-08-17T18:48:05Z,2026-08-17T18:48:05Z,
216.152.249.219,ipv4,attack,high,WHITE,blocklist.de/all|blocklist.de/apache|blocklist.de/mail|ziyadnz/hourly-ipv4,blocklist.de|brute-force|apache|rfi|ddos|spam|mail|ziyadnz|hourly,2026-08-17T18:48:05Z,2026-08-17T18:48:05Z,
216.152.249.220,ipv4,attack,high,WHITE,blocklist.de/all|blocklist.de/apache|blocklist.de/mail|ziyadnz/hourly-ipv4,blocklist.de|brute-force|apache|rfi|ddos|spam|mail|ziyadnz|hourly,2026-08-17T18:48:05Z,2026-08-17T18:48:05Z,
216.152.249.221,ipv4,attack,high,WHITE,blocklist.de/all|blocklist.de/apache|blocklist.de/mail|ziyadnz/hourly-ipv4,blocklist.de|brute-force|apache|rfi|ddos|spam|mail|ziyadnz|hourly,2026-08-17T18:48:05Z,2026-08-17T18:48:05Z,
216.152.249.222,ipv4,attack,high,WHITE,blocklist.de/all|blocklist.de/apache|blocklist.de/mail|ziyadnz/hourly-ipv4,blocklist.de|brute-force|apache|rfi|ddos|spam|mail|ziyadnz|hourly,2026-08-17T18:48:05Z,2026-08-17T18:48:05Z,
216.152.249.223,ipv4,attack,high,WHITE,blocklist.de/all|blocklist.de/apache|blocklist.de/mail|ziyadnz/hourly-ipv4,blocklist.de|brute-force|apache|rfi|ddos|spam|mail|ziyadnz|hourly,2026-08-17T18:48:05Z,2026-08-17T18:48:05Z,
216.152.249.224,ipv4,attack,high,WHITE,blocklist.de/all|blocklist.de/apache|blocklist.de/mail|ziyadnz/hourly-ipv4,blocklist.de|brute-force|apache|rfi|ddos|spam|mail|ziyadnz|hourly,2026-08-17T18:48:05Z,2026-08-17T18:48:05Z,
216.152.249.225,ipv4,attack,high,WHITE,blocklist.de/all|blocklist.de/apache|blocklist.de/mail|ziyadnz/hourly-ipv4,blocklist.de|brute-force|apache|rfi|ddos|spam|mail|ziyadnz|hourly,2026-08-17T18:48:05Z,2026-08-17T18:48:05Z,
216.152.249.226,ipv4,attack,high,WHITE,blocklist.de/all|blocklist.de/apache|blocklist.de/mail|ziyadnz/hourly-ipv4,blocklist.de|brute-force|apache|rfi|ddos|spam|mail|ziyadnz|hourly,2026-08-17T18:48:05Z,2026-08-17T18:48:05Z,
216.152.249.227,ipv4,attack,high,WHITE,blocklist.de/all|blocklist.de/apache|blocklist.de/mail|ziyadnz/hourly-ipv4,blocklist.de|brute-force|apache|rfi|ddos|spam|mail|ziyadnz|hourly,2026-08-17T18:48:05Z,2026-08-17T18:48:05Z,
216.152.249.228,ipv4,attack,high,WHITE,blocklist.de/all|blocklist.de/apache|blocklist.de/mail|ziyadnz/hourly-ipv4,blocklist.de|brute-force|apache|rfi|ddos|spam|mail|ziyadnz|hourly,2026-08-17T18:48:05Z,2026-08-17T18:48:05Z,
216.152.249.229,ipv4,attack,high,WHITE,blocklist.de/all|blocklist.de/apache|blocklist.de/mail|ziyadnz/hourly-ipv4,blocklist.de|brute-force|apache|rfi|ddos|spam|mail|ziyadnz|hourly,2026-08-17T18:48:05Z,2026-08-17T18:48:05Z,
216.152.249.230,ipv4,attack,high,WHITE,blocklist.de/all|blocklist.de/apache|blocklist.de/mail|ziyadnz/hourly-ipv4,blocklist.de|brute-force|apache|rfi|ddos|spam|mail|ziyadnz|hourly,2026-08-17T18:48:05Z,2026-08-17T18:48:05Z,
216.152.249.231,ipv4,attack,high,WHITE,blocklist.de/all|blocklist.de/apache|blocklist.de/mail|ziyadnz/hourly-ipv4,blocklist.de|brute-force|apache|rfi|ddos|spam|mail|ziyadnz|hourly,2026-08-17T18:48:05Z,2026-08-17T18:48:05Z,
216.152.249.232,ipv4,attack,high,WHITE,blocklist.de/all|blocklist.de/apache|blocklist.de/mail|ziyadnz/hourly-ipv4,blocklist.de|brute-force|apache|rfi|ddos|spam|mail|ziyadnz|hourly,2026-08-17T18:48:05Z,2026-08-17T18:48:05Z,
216.152.249.233,ipv4,attack,high,WHITE,blocklist.de/all|blocklist.de/apache|blocklist.de/mail|ziyadnz/hourly-ipv4,blocklist.de|brute-force|apache|rfi|ddos|spam|mail|ziyadnz|hourly,2026-08-17T18:48:05Z,2026-08-17T18:48:05Z,
216.152.249.234,ipv4,attack,high,WHITE,blocklist.de/all|blocklist.de/apache|blocklist.de/mail|ziyadnz/hourly-ipv4,blocklist.de|brute-force|apache|rfi|ddos|spam|mail|ziyadnz|hourly,2026-08-17T18:48:05Z,2026-08-17T18:48:05Z,
216.152.249.235,ipv4,attack,high,WHITE,blocklist.de/all|blocklist.de/apache|blocklist.de/mail|ziyadnz/hourly-ipv4,blocklist.de|brute-force|apache|rfi|ddos|spam|mail|ziyadnz|hourly,2026-08-17T18:48:05Z,2026-08-17T18:48:05Z,
216.152.249.236,ipv4,attack,high,WHITE,blocklist.de/all|blocklist.de/apache|blocklist.de/mail|ziyadnz/hourly-ipv4,blocklist.de|brute-force|apache|rfi|ddos|spam|mail|ziyadnz|hourly,2026-08-17T18:48:05Z,2026-08-17T18:48:05Z,
216.152.249.237,ipv4,attack,high,WHITE,blocklist.de/all|blocklist.de/apache|blocklist.de/mail|ziyadnz/hourly-ipv4,blocklist.de|brute-force|apache|rfi|ddos|spam|mail|ziyadnz|hourly,2026-08-17T18:48:05Z,2026-08-17T18:48:05Z,
216.152.249.238,ipv4,attack,high,WHITE,blocklist.de/all|blocklist.de/apache|blocklist.de/mail|ziyadnz/hourly-ipv4,blocklist.de|brute-force|apache|rfi|ddos|spam|mail|ziyadnz|hourly,2026-08-17T18:48:05Z,2026-08-17T18:48:05Z,
216.152.249.239,ipv4,attack,high,WHITE,blocklist.de/all|blocklist.de/apache|blocklist.de/mail|ziyadnz/hourly-ipv4,blocklist.de|brute-force|apache|rfi|ddos|spam|mail|ziyadnz|hourly,2026-08-17T18:48:05Z,2026-08-17T18:48:05Z,
216.152.249.240,ipv4,attack,high,WHITE,blocklist.de/all|blocklist.de/apache|blocklist.de/mail|ziyadnz/hourly-ipv4,blocklist.de|brute-force|apache|rfi|ddos|spam|mail|ziyadnz|hourly,2026-08-17T18:48:05Z,2026-08-17T18:48:05Z,
216.152.249.241,ipv4,attack,high,WHITE,blocklist.de/all|blocklist.de/apache|blocklist.de/mail|ziyadnz/hourly-ipv4,blocklist.de|brute-force|apache|rfi|ddos|spam|mail|ziyadnz|hourly,2026-08-17T18:48:05Z,2026-08-17T18:48:05Z,
216.152.249.242,ipv4,attack,high,WHITE,blocklist.de/all|blocklist.de/apache|blocklist.de/mail|ziyadnz/hourly-ipv4,blocklist.de|brute-force|apache|rfi|ddos|spam|mail|ziyadnz|hourly,2026-08-17T18:48:05Z,2026-08-17T18:48:05Z,
216.152.249.243,ipv4,attack,high,WHITE,blocklist.de/all|blocklist.de/apache|blocklist.de/mail|ziyadnz/hourly-ipv4,blocklist.de|brute-force|apache|rfi|ddos|spam|mail|ziyadnz|hourly,2026-08-17T18:48:05Z,2026-08-17T18:48:05Z,
216.152.249.244,ipv4,attack,high,WHITE,blocklist.de/all|blocklist.de/apache|blocklist.de/mail|ziyadnz/hourly-ipv4,blocklist.de|brute-force|apache|rfi|ddos|spam|mail|ziyadnz|hourly,2026-08-17T18:48:05Z,2026-08-17T18:48:05Z,
216.152.249.245,ipv4,attack,high,WHITE,blocklist.de/all|blocklist.de/apache|blocklist.de/mail|ziyadnz/hourly-ipv4,blocklist.de|brute-force|apache|rfi|ddos|spam|mail|ziyadnz|hourly,2026-08-17T18:48:05Z,2026-08-17T18:48:05Z,
216.152.249.246,ipv4,attack,high,WHITE,blocklist.de/all|blocklist.de/apache|blocklist.de/mail|ziyadnz/hourly-ipv4,blocklist.de|brute-force|apache|rfi|ddos|spam|mail|ziyadnz|hourly,2026-08-17T18:48:05Z,2026-08-17T18:48:05Z,
216.152.249.247,ipv4,attack,high,WHITE,blocklist.de/all|blocklist.de/apache|blocklist.de/mail|ziyadnz/hourly-ipv4,blocklist.de|brute-force|apache|rfi|ddos|spam|mail|ziyadnz|hourly,2026-08-17T18:48:05Z,2026-08-17T18:48:05Z,
216.152.249.248,ipv4,attack,high,WHITE,blocklist.de/all|blocklist.de/apache|blocklist.de/mail|ziyadnz/hourly-ipv4,blocklist.de|brute-force|apache|rfi|ddos|spam|mail|ziyadnz|hourly,2026-08-17T18:48:05Z,2026-08-17T18:48:05Z,
216.152.249.249,ipv4,attack,high,WHITE,blocklist.de/all|blocklist.de/apache|blocklist.de/mail|ziyadnz/hourly-ipv4,blocklist.de|brute-force|apache|rfi|ddos|spam|mail|ziyadnz|hourly,2026-08-17T18:48:05Z,2026-08-17T18:48:05Z,
216.152.249.250,ipv4,attack,high,WHITE,blocklist.de/all|blocklist.de/apache|blocklist.de/mail|ziyadnz/hourly-ipv4,blocklist.de|brute-force|apache|rfi|ddos|spam|mail|ziyadnz|hourly,2026-08-17T18:48:05Z,2026-08-17T18:48:05Z,
216.152.249.251,ipv4,attack,high,WHITE,blocklist.de/all|blocklist.de/apache|blocklist.de/mail|ziyadnz/hourly-ipv4,blocklist.de|brute-force|apache|rfi|ddos|spam|mail|ziyadnz|hourly,2026-08-17T18:48:05Z,2026-08-17T18:48:05Z,
216.152.249.252,ipv4,attack,high,WHITE,blocklist.de/all|blocklist.de/apache|blocklist.de/mail|ziyadnz/hourly-ipv4,blocklist.de|brute-force|apache|rfi|ddos|spam|mail|ziyadnz|hourly,2026-08-17T18:48:05Z,2026-08-17T18:48:05Z,
216.152.249.253,ipv4,attack,high,WHITE,blocklist.de/all|blocklist.de/apache|blocklist.de/mail|ziyadnz/hourly-ipv4,blocklist.de|brute-force|apache|rfi|ddos|spam|mail|ziyadnz|hourly,2026-08-17T18:48:05Z,2026-08-17T18:48:05Z,
216.152.249.254,ipv4,attack,high,WHITE,blocklist.de/all|blocklist.de/apache|blocklist.de/mail|ziyadnz/hourly-ipv4,blocklist.de|brute-force|apache|rfi|ddos|spam|mail|ziyadnz|hourly,2026-08-17T18:48:05Z,2026-08-17T18:48:05Z,
216.152.249.255,ipv4,attack,high,WHITE,blocklist.de/all|blocklist.de/apache|blocklist.de/mail|ziyadnz/hourly-ipv4,blocklist.de|brute-force|apache|rfi|ddos|spam|mail|ziyadnz|hourly,2026-08-17T18:48:05Z,2026-08-17T18:48:05Z,
216.151.130.0,ipv4,attack,high,WHITE,blocklist.de/all|blocklist.de/apache|blocklist.de/mail|ziyadnz/hourly-ipv4,blocklist.de|brute-force|apache|rfi|ddos|spam|mail|ziyadnz|hourly,2026-08-17T18:48:05Z,2026-08-17T18:48:05Z,
216.151.130.1,ipv4,attack,high,WHITE,blocklist.de/all|blocklist.de/apache|blocklist.de/mail|ziyadnz/hourly-ipv4,blocklist.de|brute-force|apache|rfi|ddos|spam|mail|ziyadnz|hourly,2026-08-17T18:48:05Z,2026-08-17T18:48:05Z,
216.151.130.2,ipv4,attack,high,WHITE,blocklist.de/all|blocklist.de/apache|blocklist.de/mail|ziyadnz/hourly-ipv4,blocklist.de|brute-force|apache|rfi|ddos|spam|mail|ziyadnz|hourly,2026-08-17T18:48:05Z,2026-08-17T18:48:05Z,
216.151.130.3,ipv4,attack,high,WHITE,blocklist.de/all|blocklist.de/apache|blocklist.de/mail|ziyadnz/hourly-ipv4,blocklist.de|brute-force|apache|rfi|ddos|spam|mail|ziyadnz|hourly,2026-08-17T18:48:05Z,2026-08-17T18:48:05Z,
216.151.130.4,ipv4,attack,high,WHITE,blocklist.de/all|blocklist.de/apache|blocklist.de/mail|ziyadnz/hourly-ipv4,blocklist.de|brute-force|apache|rfi|ddos|spam|mail|ziyadnz|hourly,2026-08-17T18:48:05Z,2026-08-17T18:48:05Z,
216.151.130.5,ipv4,attack,high,WHITE,blocklist.de/all|blocklist.de/apache|blocklist.de/mail|ziyadnz/hourly-ipv4,blocklist.de|brute-force|apache|rfi|ddos|spam|mail|ziyadnz|hourly,2026-08-17T18:48:05Z,2026-08-17T18:48:05Z,
216.151.130.6,ipv4,attack,high,WHITE,blocklist.de/all|blocklist.de/apache|blocklist.de/mail|ziyadnz/hourly-ipv4,blocklist.de|brute-force|apache|rfi|ddos|spam|mail|ziyadnz|hourly,2026-08-17T18:48:05Z,2026-08-17T18:48:05Z,
216.151.130.7,ipv4,attack,high,WHITE,blocklist.de/all|blocklist.de/apache|blocklist.de/mail|ziyadnz/hourly-ipv4,blocklist.de|brute-force|apache|rfi|ddos|spam|mail|ziyadnz|hourly,2026-08-17T18:48:05Z,2026-08-17T18:48:05Z,
216.151.130.8,ipv4,attack,high,WHITE,blocklist.de/all|blocklist.de/apache|blocklist.de/mail|ziyadnz/hourly-ipv4,blocklist.de|brute-force|apache|rfi|ddos|spam|mail|ziyadnz|hourly,2026-08-17T18:48:05Z,2026-08-17T18:48:05Z,
216.151.130.9,ipv4,attack,high,WHITE,blocklist.de/all|blocklist.de/apache|blocklist.de/mail|ziyadnz/hourly-ipv4,blocklist.de|brute-force|apache|rfi|ddos|spam|mail|ziyadnz|hourly,2026-08-17T18:48:05Z,2026-08-17T18:48:05Z,
216.151.130.10,ipv4,attack,high,WHITE,blocklist.de/all|blocklist.de/apache|blocklist.de/mail|ziyadnz/hourly-ipv4,blocklist.de|brute-force|apache|rfi|ddos|spam|mail|ziyadnz|hourly,2026-08-17T18:48:05Z,2026-08-17T18:48:05Z,
216.151.130.11,ipv4,attack,high,WHITE,blocklist.de/all|blocklist.de/apache|blocklist.de/mail|ziyadnz/hourly-ipv4,blocklist.de|brute-force|apache|rfi|ddos|spam|mail|ziyadnz|hourly,2026-08-17T18:48:05Z,2026-08-17T18:48:05Z,
216.151.130.12,ipv4,attack,high,WHITE,blocklist.de/all|blocklist.de/apache|blocklist.de/mail|ziyadnz/hourly-ipv4,blocklist.de|brute-force|apache|rfi|ddos|spam|mail|ziyadnz|hourly,2026-08-17T18:48:05Z,2026-08-17T18:48:05Z,
216.151.130.13,ipv4,attack,high,WHITE,blocklist.de/all|blocklist.de/apache|blocklist.de/mail|ziyadnz/hourly-ipv4,blocklist.de|brute-force|apache|rfi|ddos|spam|mail|ziyadnz|hourly,2026-08-17T18:48:05Z,2026-08-17T18:48:05Z,
216.151.130.14,ipv4,attack,high,WHITE,blocklist.de/all|blocklist.de/apache|blocklist.de/mail|ziyadnz/hourly-ipv4,blocklist.de|brute-force|apache|rfi|ddos|spam|mail|ziyadnz|hourly,2026-08-17T18:48:05Z,2026-08-17T18:48:05Z,
216.151.130.15,ipv4,attack,high,WHITE,blocklist.de/all|blocklist.de/apache|blocklist.de/mail|ziyadnz/hourly-ipv4,blocklist.de|brute-force|apache|rfi|ddos|spam|mail|ziyadnz|hourly,2026-08-17T18:48:05Z,2026-08-17T18:48:05Z,
216.151.130.16,ipv4,attack,high,WHITE,blocklist.de/all|blocklist.de/apache|blocklist.de/mail|ziyadnz/hourly-ipv4,blocklist.de|brute-force|apache|rfi|ddos|spam|mail|ziyadnz|hourly,2026-08-17T18:48:05Z,2026-08-17T18:48:05Z,
216.151.130.17,ipv4,attack,high,WHITE,blocklist.de/all|blocklist.de/apache|blocklist.de/mail|ziyadnz/hourly-ipv4,blocklist.de|brute-force|apache|rfi|ddos|spam|mail|ziyadnz|hourly,2026-08-17T18:48:05Z,2026-08-17T18:48:05Z,
216.151.130.18,ipv4,attack,high,WHITE,blocklist.de/all|blocklist.de/apache|blocklist.de/mail|ziyadnz/hourly-ipv4,blocklist.de|brute-force|apache|rfi|ddos|spam|mail|ziyadnz|hourly,2026-08-17T18:48:05Z,2026-08-17T18:48:05Z,
216.151.130.19,ipv4,attack,high,WHITE,blocklist.de/all|blocklist.de/apache|blocklist.de/mail|ziyadnz/hourly-ipv4,blocklist.de|brute-force|apache|rfi|ddos|spam|mail|ziyadnz|hourly,2026-08-17T18:48:05Z,2026-08-17T18:48:05Z,
216.151.130.20,ipv4,attack,high,WHITE,blocklist.de/all|blocklist.de/apache|blocklist.de/mail|ziyadnz/hourly-ipv4,blocklist.de|brute-force|apache|rfi|ddos|spam|mail|ziyadnz|hourly,2026-08-17T18:48:05Z,2026-08-17T18:48:05Z,
216.151.130.21,ipv4,attack,high,WHITE,blocklist.de/all|blocklist.de/apache|blocklist.de/mail|ziyadnz/hourly-ipv4,blocklist.de|brute-force|apache|rfi|ddos|spam|mail|ziyadnz|hourly,2026-08-17T18:48:05Z,2026-08-17T18:48:05Z,
216.151.130.22,ipv4,attack,high,WHITE,blocklist.de/all|blocklist.de/apache|blocklist.de/mail|ziyadnz/hourly-ipv4,blocklist.de|brute-force|apache|rfi|ddos|spam|mail|ziyadnz|hourly,2026-08-17T18:48:05Z,2026-08-17T18:48:05Z,
216.151.130.23,ipv4,attack,high,WHITE,blocklist.de/all|blocklist.de/apache|blocklist.de/mail|ziyadnz/hourly-ipv4,blocklist.de|brute-force|apache|rfi|ddos|spam|mail|ziyadnz|hourly,2026-08-17T18:48:05Z,2026-08-17T18:48:05Z,
216.151.130.24,ipv4,attack,high,WHITE,blocklist.de/all|blocklist.de/apache|blocklist.de/mail|ziyadnz/hourly-ipv4,blocklist.de|brute-force|apache|rfi|ddos|spam|mail|ziyadnz|hourly,2026-08-17T18:48:05Z,2026-08-17T18:48:05Z,
216.151.130.25,ipv4,attack,high,WHITE,blocklist.de/all|blocklist.de/apache|blocklist.de/mail|ziyadnz/hourly-ipv4,blocklist.de|brute-force|apache|rfi|ddos|spam|mail|ziyadnz|hourly,2026-08-17T18:48:05Z,2026-08-17T18:48:05Z,
216.151.130.26,ipv4,attack,high,WHITE,blocklist.de/all|blocklist.de/apache|blocklist.de/mail|ziyadnz/hourly-ipv4,blocklist.de|brute-force|apache|rfi|ddos|spam|mail|ziyadnz|hourly,2026-08-17T18:48:05Z,2026-08-17T18:48:05Z,
216.151.130.27,ipv4,attack,high,WHITE,blocklist.de/all|blocklist.de/apache|blocklist.de/mail|ziyadnz/hourly-ipv4,blocklist.de|brute-force|apache|rfi|ddos|spam|mail|ziyadnz|hourly,2026-08-17T18:48:05Z,2026-08-17T18:48:05Z,
216.151.130.28,ipv4,attack,high,WHITE,blocklist.de/all|blocklist.de/apache|blocklist.de/mail|ziyadnz/hourly-ipv4,blocklist.de|brute-force|apache|rfi|ddos|spam|mail|ziyadnz|hourly,2026-08-17T18:48:05Z,2026-08-17T18:48:05Z,
216.151.130.29,ipv4,attack,high,WHITE,blocklist.de/all|blocklist.de/apache|blocklist.de/mail|ziyadnz/hourly-ipv4,blocklist.de|brute-force|apache|rfi|ddos|spam|mail|ziyadnz|hourly,2026-08-17T18:48:05Z,2026-08-17T18:48:05Z,
216.151.130.30,ipv4,attack,high,WHITE,blocklist.de/all|blocklist.de/apache|blocklist.de/mail|ziyadnz/hourly-ipv4,blocklist.de|brute-force|apache|rfi|ddos|spam|mail|ziyadnz|hourly,2026-08-17T18:48:05Z,2026-08-17T18:48:05Z,
216.151.130.31,ipv4,attack,high,WHITE,blocklist.de/all|blocklist.de/apache|blocklist.de/mail|ziyadnz/hourly-ipv4,blocklist.de|brute-force|apache|rfi|ddos|spam|mail|ziyadnz|hourly,2026-08-17T18:48:05Z,2026-08-17T18:48:05Z,
216.151.130.32,ipv4,attack,high,WHITE,blocklist.de/all|blocklist.de/apache|blocklist.de/mail|ziyadnz/hourly-ipv4,blocklist.de|brute-force|apache|rfi|ddos|spam|mail|ziyadnz|hourly,2026-08-17T18:48:05Z,2026-08-17T18:48:05Z,
216.151.130.33,ipv4,attack,high,WHITE,blocklist.de/all|blocklist.de/apache|blocklist.de/mail|ziyadnz/hourly-ipv4,blocklist.de|brute-force|apache|rfi|ddos|spam|mail|ziyadnz|hourly,2026-08-17T18:48:05Z,2026-08-17T18:48:05Z,
216.151.130.34,ipv4,attack,high,WHITE,blocklist.de/all|blocklist.de/apache|blocklist.de/mail|ziyadnz/hourly-ipv4,blocklist.de|brute-force|apache|rfi|ddos|spam|mail|ziyadnz|hourly,2026-08-17T18:48:05Z,2026-08-17T18:48:05Z,
216.151.130.35,ipv4,attack,high,WHITE,blocklist.de/all|blocklist.de/apache|blocklist.de/mail|ziyadnz/hourly-ipv4,blocklist.de|brute-force|apache|rfi|ddos|spam|mail|ziyadnz|hourly,2026-08-17T18:48:05Z,2026-08-17T18:48:05Z,
216.151.130.36,ipv4,attack,high,WHITE,blocklist.de/all|blocklist.de/apache|blocklist.de/mail|ziyadnz/hourly-ipv4,blocklist.de|brute-force|apache|rfi|ddos|spam|mail|ziyadnz|hourly,2026-08-17T18:48:05Z,2026-08-17T18:48:05Z,
216.151.130.37,ipv4,attack,high,WHITE,blocklist.de/all|blocklist.de/apache|blocklist.de/mail|ziyadnz/hourly-ipv4,blocklist.de|brute-force|apache|rfi|ddos|spam|mail|ziyadnz|hourly,2026-08-17T18:48:05Z,2026-08-17T18:48:05Z,
216.151.130.38,ipv4,attack,high,WHITE,blocklist.de/all|blocklist.de/apache|blocklist.de/mail|ziyadnz/hourly-ipv4,blocklist.de|brute-force|apache|rfi|ddos|spam|mail|ziyadnz|hourly,2026-08-17T18:48:05Z,2026-08-17T18:48:05Z,
216.151.130.39,ipv4,attack,high,WHITE,blocklist.de/all|blocklist.de/apache|blocklist.de/mail|ziyadnz/hourly-ipv4,blocklist.de|brute-force|apache|rfi|ddos|spam|mail|ziyadnz|hourly,2026-08-17T18:48:05Z,2026-08-17T18:48:05Z,
216.151.130.40,ipv4,attack,high,WHITE,blocklist.de/all|blocklist.de/apache|blocklist.de/mail|ziyadnz/hourly-ipv4,blocklist.de|brute-force|apache|rfi|ddos|spam|mail|ziyadnz|hourly,2026-08-17T18:48:05Z,2026-08-17T18:48:05Z,
216.151.130.41,ipv4,attack,high,WHITE,blocklist.de/all|blocklist.de/apache|blocklist.de/mail|ziyadnz/hourly-ipv4,blocklist.de|brute-force|apache|rfi|ddos|spam|mail|ziyadnz|hourly,2026-08-17T18:48:05Z,2026-08-17T18:48:05Z,
216.151.130.42,ipv4,attack,high,WHITE,blocklist.de/all|blocklist.de/apache|blocklist.de/mail|ziyadnz/hourly-ipv4,blocklist.de|brute-force|apache|rfi|ddos|spam|mail|ziyadnz|hourly,2026-08-17T18:48:05Z,2026-08-17T18:48:05Z,
216.151.130.43,ipv4,attack,high,WHITE,blocklist.de/all|blocklist.de/apache|blocklist.de/mail|ziyadnz/hourly-ipv4,blocklist.de|brute-force|apache|rfi|ddos|spam|mail|ziyadnz|hourly,2026-08-17T18:48:05Z,2026-08-17T18:48:05Z,
216.151.130.44,ipv4,attack,high,WHITE,blocklist.de/all|blocklist.de/apache|blocklist.de/mail|ziyadnz/hourly-ipv4,blocklist.de|brute-force|apache|rfi|ddos|spam|mail|ziyadnz|hourly,2026-08-17T18:48:05Z,2026-08-17T18:48:05Z,
216.151.130.45,ipv4,attack,high,WHITE,blocklist.de/all|blocklist.de/apache|blocklist.de/mail|ziyadnz/hourly-ipv4,blocklist.de|brute-force|apache|rfi|ddos|spam|mail|ziyadnz|hourly,2026-08-17T18:48:05Z,2026-08-17T18:48:05Z,
216.151.130.46,ipv4,attack,high,WHITE,blocklist.de/all|blocklist.de/apache|blocklist.de/mail|ziyadnz/hourly-ipv4,blocklist.de|brute-force|apache|rfi|ddos|spam|mail|ziyadnz|hourly,2026-08-17T18:48:05Z,2026-08-17T18:48:05Z,
216.151.130.47,ipv4,attack,high,WHITE,blocklist.de/all|blocklist.de/apache|blocklist.de/mail|ziyadnz/hourly-ipv4,blocklist.de|brute-force|apache|rfi|ddos|spam|mail|ziyadnz|hourly,2026-08-17T18:48:05Z,2026-08-17T18:48:05Z,
216.151.130.48,ipv4,attack,high,WHITE,blocklist.de/all|blocklist.de/apache|blocklist.de/mail|ziyadnz/hourly-ipv4,blocklist.de|brute-force|apache|rfi|ddos|spam|mail|ziyadnz|hourly,2026-08-17T18:48:05Z,2026-08-17T18:48:05Z,
216.151.130.49,ipv4,attack,high,WHITE,blocklist.de/all|blocklist.de/apache|blocklist.de/mail|ziyadnz/hourly-ipv4,blocklist.de|brute-force|apache|rfi|ddos|spam|mail|ziyadnz|hourly,2026-08-17T18:48:05Z,2026-08-17T18:48:05Z,
216.151.130.50,ipv4,attack,high,WHITE,blocklist.de/all|blocklist.de/apache|blocklist.de/mail|ziyadnz/hourly-ipv4,blocklist.de|brute-force|apache|rfi|ddos|spam|mail|ziyadnz|hourly,2026-08-17T18:48:05Z,2026-08-17T18:48:05Z,
216.151.130.51,ipv4,attack,high,WHITE,blocklist.de/all|blocklist.de/apache|blocklist.de/mail|ziyadnz/hourly-ipv4,blocklist.de|brute-force|apache|rfi|ddos|spam|mail|ziyadnz|hourly,2026-08-17T18:48:05Z,2026-08-17T18:48:05Z,
216.151.130.52,ipv4,attack,high,WHITE,blocklist.de/all|blocklist.de/apache|blocklist.de/mail|ziyadnz/hourly-ipv4,blocklist.de|brute-force|apache|rfi|ddos|spam|mail|ziyadnz|hourly,2026-08-17T18:48:05Z,2026-08-17T18:48:05Z,
216.151.130.53,ipv4,attack,high,WHITE,blocklist.de/all|blocklist.de/apache|blocklist.de/mail|ziyadnz/hourly-ipv4,blocklist.de|brute-force|apache|rfi|ddos|spam|mail|ziyadnz|hourly,2026-08-17T18:48:05Z,2026-08-17T18:48:05Z,
216.151.130.54,ipv4,attack,high,WHITE,blocklist.de/all|blocklist.de/apache|blocklist.de/mail|ziyadnz/hourly-ipv4,blocklist.de|brute-force|apache|rfi|ddos|spam|mail|ziyadnz|hourly,2026-08-17T18:48:05Z,2026-08-17T18:48:05Z,
216.151.130.55,ipv4,attack,high,WHITE,blocklist.de/all|blocklist.de/apache|blocklist.de/mail|ziyadnz/hourly-ipv4,blocklist.de|brute-force|apache|rfi|ddos|spam|mail|ziyadnz|hourly,2026-08-17T18:48:05Z,2026-08-17T18:48:05Z,
216.151.130.56,ipv4,attack,high,WHITE,blocklist.de/all|blocklist.de/apache|blocklist.de/mail|ziyadnz/hourly-ipv4,blocklist.de|brute-force|apache|rfi|ddos|spam|mail|ziyadnz|hourly,2026-08-17T18:48:05Z,2026-08-17T18:48:05Z,
216.151.130.57,ipv4,attack,high,WHITE,blocklist.de/all|blocklist.de/apache|blocklist.de/mail|ziyadnz/hourly-ipv4,blocklist.de|brute-force|apache|rfi|ddos|spam|mail|ziyadnz|hourly,2026-08-17T18:48:05Z,2026-08-17T18:48:05Z,
216.151.130.58,ipv4,attack,high,WHITE,blocklist.de/all|blocklist.de/apache|blocklist.de/mail|ziyadnz/hourly-ipv4,blocklist.de|brute-force|apache|rfi|ddos|spam|mail|ziyadnz|hourly,2026-08-17T18:48:05Z,2026-08-17T18:48:05Z,
216.151.130.59,ipv4,attack,high,WHITE,blocklist.de/all|blocklist.de/apache|blocklist.de/mail|ziyadnz/hourly-ipv4,blocklist.de|brute-force|apache|rfi|ddos|spam|mail|ziyadnz|hourly,2026-08-17T18:48:05Z,2026-08-17T18:48:05Z,
216.151.130.60,ipv4,attack,high,WHITE,blocklist.de/all|blocklist.de/apache|blocklist.de/mail|ziyadnz/hourly-ipv4,blocklist.de|brute-force|apache|rfi|ddos|spam|mail|ziyadnz|hourly,2026-08-17T18:48:05Z,2026-08-17T18:48:05Z,
216.151.130.61,ipv4,attack,high,WHITE,blocklist.de/all|blocklist.de/apache|blocklist.de/mail|ziyadnz/hourly-ipv4,blocklist.de|brute-force|apache|rfi|ddos|spam|mail|ziyadnz|hourly,2026-08-17T18:48:05Z,2026-08-17T18:48:05Z,
216.151.130.62,ipv4,attack,high,WHITE,blocklist.de/all|blocklist.de/apache|blocklist.de/mail|ziyadnz/hourly-ipv4,blocklist.de|brute-force|apache|rfi|ddos|spam|mail|ziyadnz|hourly,2026-08-17T18:48:05Z,2026-08-17T18:48:05Z,
216.151.130.63,ipv4,attack,high,WHITE,blocklist.de/all|blocklist.de/apache|blocklist.de/mail|ziyadnz/hourly-ipv4,blocklist.de|brute-force|apache|rfi|ddos|spam|mail|ziyadnz|hourly,2026-08-17T18:48:05Z,2026-08-17T18:48:05Z,
216.151.130.64,ipv4,attack,high,WHITE,blocklist.de/all|blocklist.de/apache|blocklist.de/mail|ziyadnz/hourly-ipv4,blocklist.de|brute-force|apache|rfi|ddos|spam|mail|ziyadnz|hourly,2026-08-17T18:48:05Z,2026-08-17T18:48:05Z,
216.151.130.65,ipv4,attack,high,WHITE,blocklist.de/all|blocklist.de/apache|blocklist.de/mail|ziyadnz/hourly-ipv4,blocklist.de|brute-force|apache|rfi|ddos|spam|mail|ziyadnz|hourly,2026-08-17T18:48:05Z,2026-08-17T18:48:05Z,
216.151.130.66,ipv4,attack,high,WHITE,blocklist.de/all|blocklist.de/apache|blocklist.de/mail|ziyadnz/hourly-ipv4,blocklist.de|brute-force|apache|rfi|ddos|spam|mail|ziyadnz|hourly,2026-08-17T18:48:05Z,2026-08-17T18:48:05Z,
216.151.130.67,ipv4,attack,high,WHITE,blocklist.de/all|blocklist.de/apache|blocklist.de/mail|ziyadnz/hourly-ipv4,blocklist.de|brute-force|apache|rfi|ddos|spam|mail|ziyadnz|hourly,2026-08-17T18:48:05Z,2026-08-17T18:48:05Z,
216.151.130.68,ipv4,attack,high,WHITE,blocklist.de/all|blocklist.de/apache|blocklist.de/mail|ziyadnz/hourly-ipv4,blocklist.de|brute-force|apache|rfi|ddos|spam|mail|ziyadnz|hourly,2026-08-17T18:48:05Z,2026-08-17T18:48:05Z,
216.151.130.69,ipv4,attack,high,WHITE,blocklist.de/all|blocklist.de/apache|blocklist.de/mail|ziyadnz/hourly-ipv4,blocklist.de|brute-force|apache|rfi|ddos|spam|mail|ziyadnz|hourly,2026-08-17T18:48:05Z,2026-08-17T18:48:05Z,
216.151.130.70,ipv4,attack,high,WHITE,blocklist.de/all|blocklist.de/apache|blocklist.de/mail|ziyadnz/hourly-ipv4,blocklist.de|brute-force|apache|rfi|ddos|spam|mail|ziyadnz|hourly,2026-08-17T18:48:05Z,2026-08-17T18:48:05Z,
216.151.130.71,ipv4,attack,high,WHITE,blocklist.de/all|blocklist.de/apache|blocklist.de/mail|ziyadnz/hourly-ipv4,blocklist.de|brute-force|apache|rfi|ddos|spam|mail|ziyadnz|hourly,2026-08-17T18:48:05Z,2026-08-17T18:48:05Z,
216.151.130.72,ipv4,attack,high,WHITE,blocklist.de/all|blocklist.de/apache|blocklist.de/mail|ziyadnz/hourly-ipv4,blocklist.de|brute-force|apache|rfi|ddos|spam|mail|ziyadnz|hourly,2026-08-17T18:48:05Z,2026-08-17T18:48:05Z,
216.151.130.73,ipv4,attack,high,WHITE,blocklist.de/all|blocklist.de/apache|blocklist.de/mail|ziyadnz/hourly-ipv4,blocklist.de|brute-force|apache|rfi|ddos|spam|mail|ziyadnz|hourly,2026-08-17T18:48:05Z,2026-08-17T18:48:05Z,
216.151.130.74,ipv4,attack,high,WHITE,blocklist.de/all|blocklist.de/apache|blocklist.de/mail|ziyadnz/hourly-ipv4,blocklist.de|brute-force|apache|rfi|ddos|spam|mail|ziyadnz|hourly,2026-08-17T18:48:05Z,2026-08-17T18:48:05Z,
216.151.130.75,ipv4,attack,high,WHITE,blocklist.de/all|blocklist.de/apache|blocklist.de/mail|ziyadnz/hourly-ipv4,blocklist.de|brute-force|apache|rfi|ddos|spam|mail|ziyadnz|hourly,2026-08-17T18:48:05Z,2026-08-17T18:48:05Z,
216.151.130.76,ipv4,attack,high,WHITE,blocklist.de/all|blocklist.de/apache|blocklist.de/mail|ziyadnz/hourly-ipv4,blocklist.de|brute-force|apache|rfi|ddos|spam|mail|ziyadnz|hourly,2026-08-17T18:48:05Z,2026-08-17T18:48:05Z,
216.151.130.77,ipv4,attack,high,WHITE,blocklist.de/all|blocklist.de/apache|blocklist.de/mail|ziyadnz/hourly-ipv4,blocklist.de|brute-force|apache|rfi|ddos|spam|mail|ziyadnz|hourly,2026-08-17T18:48:05Z,2026-08-17T18:48:05Z,
216.151.130.78,ipv4,attack,high,WHITE,blocklist.de/all|blocklist.de/apache|blocklist.de/mail|ziyadnz/hourly-ipv4,blocklist.de|brute-force|apache|rfi|ddos|spam|mail|ziyadnz|hourly,2026-08-17T18:48:05Z,2026-08-17T18:48:05Z,
216.151.130.79,ipv4,attack,high,WHITE,blocklist.de/all|blocklist.de/apache|blocklist.de/mail|ziyadnz/hourly-ipv4,blocklist.de|brute-force|apache|rfi|ddos|spam|mail|ziyadnz|hourly,2026-08-17T18:48:05Z,2026-08-17T18:48:05Z,
216.151.130.80,ipv4,attack,high,WHITE,blocklist.de/all|blocklist.de/apache|blocklist.de/mail|ziyadnz/hourly-ipv4,blocklist.de|brute-force|apache|rfi|ddos|spam|mail|ziyadnz|hourly,2026-08-17T18:48:05Z,2026-08-17T18:48:05Z,
216.151.130.81,ipv4,attack,high,WHITE,blocklist.de/all|blocklist.de/apache|blocklist.de/mail|ziyadnz/hourly-ipv4,blocklist.de|brute-force|apache|rfi|ddos|spam|mail|ziyadnz|hourly,2026-08-17T18:48:05Z,2026-08-17T18:48:05Z,
216.151.130.82,ipv4,attack,high,WHITE,blocklist.de/all|blocklist.de/apache|blocklist.de/mail|ziyadnz/hourly-ipv4,blocklist.de|brute-force|apache|rfi|ddos|spam|mail|ziyadnz|hourly,2026-08-17T18:48:05Z,2026-08-17T18:48:05Z,
216.151.130.83,ipv4,attack,high,WHITE,blocklist.de/all|blocklist.de/apache|blocklist.de/mail|ziyadnz/hourly-ipv4,blocklist.de|brute-force|apache|rfi|ddos|spam|mail|ziyadnz|hourly,2026-08-17T18:48:05Z,2026-08-17T18:48:05Z,
216.151.130.84,ipv4,attack,high,WHITE,blocklist.de/all|blocklist.de/apache|blocklist.de/mail|ziyadnz/hourly-ipv4,blocklist.de|brute-force|apache|rfi|ddos|spam|mail|ziyadnz|hourly,2026-08-17T18:48:05Z,2026-08-17T18:48:05Z,
216.151.130.85,ipv4,attack,high,WHITE,blocklist.de/all|blocklist.de/apache|blocklist.de/mail|ziyadnz/hourly-ipv4,blocklist.de|brute-force|apache|rfi|ddos|spam|mail|ziyadnz|hourly,2026-08-17T18:48:05Z,2026-08-17T18:48:05Z,
216.151.130.86,ipv4,attack,high,WHITE,blocklist.de/all|blocklist.de/apache|blocklist.de/mail|ziyadnz/hourly-ipv4,blocklist.de|brute-force|apache|rfi|ddos|spam|mail|ziyadnz|hourly,2026-08-17T18:48:05Z,2026-08-17T18:48:05Z,
216.151.130.87,ipv4,attack,high,WHITE,blocklist.de/all|blocklist.de/apache|blocklist.de/mail|ziyadnz/hourly-ipv4,blocklist.de|brute-force|apache|rfi|ddos|spam|mail|ziyadnz|hourly,2026-08-17T18:48:05Z,2026-08-17T18:48:05Z,
216.151.130.88,ipv4,attack,high,WHITE,blocklist.de/all|blocklist.de/apache|blocklist.de/mail|ziyadnz/hourly-ipv4,blocklist.de|brute-force|apache|rfi|ddos|spam|mail|ziyadnz|hourly,2026-08-17T18:48:05Z,2026-08-17T18:48:05Z,
216.151.130.89,ipv4,attack,high,WHITE,blocklist.de/all|blocklist.de/apache|blocklist.de/mail|ziyadnz/hourly-ipv4,blocklist.de|brute-force|apache|rfi|ddos|spam|mail|ziyadnz|hourly,2026-08-17T18:48:05Z,2026-08-17T18:48:05Z,
216.151.130.90,ipv4,attack,high,WHITE,blocklist.de/all|blocklist.de/apache|blocklist.de/mail|ziyadnz/hourly-ipv4,blocklist.de|brute-force|apache|rfi|ddos|spam|mail|ziyadnz|hourly,2026-08-17T18:48:05Z,2026-08-17T18:48:05Z,
216.151.130.91,ipv4,attack,high,WHITE,blocklist.de/all|blocklist.de/apache|blocklist.de/mail|ziyadnz/hourly-ipv4,blocklist.de|brute-force|apache|rfi|ddos|spam|mail|ziyadnz|hourly,2026-08-17T18:48:05Z,2026-08-17T18:48:05Z,
216.151.130.92,ipv4,attack,high,WHITE,blocklist.de/all|blocklist.de/apache|blocklist.de/mail|ziyadnz/hourly-ipv4,blocklist.de|brute-force|apache|rfi|ddos|spam|mail|ziyadnz|hourly,2026-08-17T18:48:05Z,2026-08-17T18:48:05Z,
216.151.130.93,ipv4,attack,high,WHITE,blocklist.de/all|blocklist.de/apache|blocklist.de/mail|ziyadnz/hourly-ipv4,blocklist.de|brute-force|apache|rfi|ddos|spam|mail|ziyadnz|hourly,2026-08-17T18:48:05Z,2026-08-17T18:48:05Z,
216.151.130.94,ipv4,attack,high,WHITE,blocklist.de/all|blocklist.de/apache|blocklist.de/mail|ziyadnz/hourly-ipv4,blocklist.de|brute-force|apache|rfi|ddos|spam|mail|ziyadnz|hourly,2026-08-17T18:48:05Z,2026-08-17T18:48:05Z,
216.151.130.95,ipv4,attack,high,WHITE,blocklist.de/all|blocklist.de/apache|blocklist.de/mail|ziyadnz/hourly-ipv4,blocklist.de|brute-force|apache|rfi|ddos|spam|mail|ziyadnz|hourly,2026-08-17T18:48:05Z,2026-08-17T18:48:05Z,
216.151.130.96,ipv4,attack,high,WHITE,blocklist.de/all|blocklist.de/apache|blocklist.de/mail|ziyadnz/hourly-ipv4,blocklist.de|brute-force|apache|rfi|ddos|spam|mail|ziyadnz|hourly,2026-08-17T18:48:05Z,2026-08-17T18:48:05Z,
216.151.130.97,ipv4,attack,high,WHITE,blocklist.de/all|blocklist.de/apache|blocklist.de/mail|ziyadnz/hourly-ipv4,blocklist.de|brute-force|apache|rfi|ddos|spam|mail|ziyadnz|hourly,2026-08-17T18:48:05Z,2026-08-17T18:48:05Z,
216.151.130.98,ipv4,attack,high,WHITE,blocklist.de/all|blocklist.de/apache|blocklist.de/mail|ziyadnz/hourly-ipv4,blocklist.de|brute-force|apache|rfi|ddos|spam|mail|ziyadnz|hourly,2026-08-17T18:48:05Z,2026-08-17T18:48:05Z,
216.151.130.99,ipv4,attack,high,WHITE,blocklist.de/all|blocklist.de/apache|blocklist.de/mail|ziyadnz/hourly-ipv4,blocklist.de|brute-force|apache|rfi|ddos|spam|mail|ziyadnz|hourly,2026-08-17T18:48:05Z,2026-08-17T18:48:05Z,
216.151.130.100,ipv4,attack,high,WHITE,blocklist.de/all|blocklist.de/apache|blocklist.de/mail|ziyadnz/hourly-ipv4,blocklist.de|brute-force|apache|rfi|ddos|spam|mail|ziyadnz|hourly,2026-08-17T18:48:05Z,2026-08-17T18:48:05Z,
216.151.130.101,ipv4,attack,high,WHITE,blocklist.de/all|blocklist.de/apache|blocklist.de/mail|ziyadnz/hourly-ipv4,blocklist.de|brute-force|apache|rfi|ddos|spam|mail|ziyadnz|hourly,2026-08-17T18:48:05Z,2026-08-17T18:48:05Z,
216.151.130.102,ipv4,attack,high,WHITE,blocklist.de/all|blocklist.de/apache|blocklist.de/mail|ziyadnz/hourly-ipv4,blocklist.de|brute-force|apache|rfi|ddos|spam|mail|ziyadnz|hourly,2026-08-17T18:48:05Z,2026-08-17T18:48:05Z,
216.151.130.103,ipv4,attack,high,WHITE,blocklist.de/all|blocklist.de/apache|blocklist.de/mail|ziyadnz/hourly-ipv4,blocklist.de|brute-force|apache|rfi|ddos|spam|mail|ziyadnz|hourly,2026-08-17T18:48:05Z,2026-08-17T18:48:05Z,
216.151.130.104,ipv4,attack,high,WHITE,blocklist.de/all|blocklist.de/apache|blocklist.de/mail|ziyadnz/hourly-ipv4,blocklist.de|brute-force|apache|rfi|ddos|spam|mail|ziyadnz|hourly,2026-08-17T18:48:05Z,2026-08-17T18:48:05Z,
216.151.130.105,ipv4,attack,high,WHITE,blocklist.de/all|blocklist.de/apache|blocklist.de/mail|ziyadnz/hourly-ipv4,blocklist.de|brute-force|apache|rfi|ddos|spam|mail|ziyadnz|hourly,2026-08-17T18:48:05Z,2026-08-17T18:48:05Z,
216.151.130.106,ipv4,attack,high,WHITE,blocklist.de/all|blocklist.de/apache|blocklist.de/mail|ziyadnz/hourly-ipv4,blocklist.de|brute-force|apache|rfi|ddos|spam|mail|ziyadnz|hourly,2026-08-17T18:48:05Z,2026-08-17T18:48:05Z,
216.151.130.107,ipv4,attack,high,WHITE,blocklist.de/all|blocklist.de/apache|blocklist.de/mail|ziyadnz/hourly-ipv4,blocklist.de|brute-force|apache|rfi|ddos|spam|mail|ziyadnz|hourly,2026-08-17T18:48:05Z,2026-08-17T18:48:05Z,
216.151.130.108,ipv4,attack,high,WHITE,blocklist.de/all|blocklist.de/apache|blocklist.de/mail|ziyadnz/hourly-ipv4,blocklist.de|brute-force|apache|rfi|ddos|spam|mail|ziyadnz|hourly,2026-08-17T18:48:05Z,2026-08-17T18:48:05Z,
216.151.130.109,ipv4,attack,high,WHITE,blocklist.de/all|blocklist.de/apache|blocklist.de/mail|ziyadnz/hourly-ipv4,blocklist.de|brute-force|apache|rfi|ddos|spam|mail|ziyadnz|hourly,2026-08-17T18:48:05Z,2026-08-17T18:48:05Z,
216.151.130.110,ipv4,attack,high,WHITE,blocklist.de/all|blocklist.de/apache|blocklist.de/mail|ziyadnz/hourly-ipv4,blocklist.de|brute-force|apache|rfi|ddos|spam|mail|ziyadnz|hourly,2026-08-17T18:48:05Z,2026-08-17T18:48:05Z,
216.151.130.111,ipv4,attack,high,WHITE,blocklist.de/all|blocklist.de/apache|blocklist.de/mail|ziyadnz/hourly-ipv4,blocklist.de|brute-force|apache|rfi|ddos|spam|mail|ziyadnz|hourly,2026-08-17T18:48:05Z,2026-08-17T18:48:05Z,
216.151.130.112,ipv4,attack,high,WHITE,blocklist.de/all|blocklist.de/apache|blocklist.de/mail|ziyadnz/hourly-ipv4,blocklist.de|brute-force|apache|rfi|ddos|spam|mail|ziyadnz|hourly,2026-08-17T18:48:05Z,2026-08-17T18:48:05Z,
216.151.130.113,ipv4,attack,high,WHITE,blocklist.de/all|blocklist.de/apache|blocklist.de/mail|ziyadnz/hourly-ipv4,blocklist.de|brute-force|apache|rfi|ddos|spam|mail|ziyadnz|hourly,2026-08-17T18:48:05Z,2026-08-17T18:48:05Z,
216.151.130.114,ipv4,attack,high,WHITE,blocklist.de/all|blocklist.de/apache|blocklist.de/mail|ziyadnz/hourly-ipv4,blocklist.de|brute-force|apache|rfi|ddos|spam|mail|ziyadnz|hourly,2026-08-17T18:48:05Z,2026-08-17T18:48:05Z,
216.151.130.115,ipv4,attack,high,WHITE,blocklist.de/all|blocklist.de/apache|blocklist.de/mail|ziyadnz/hourly-ipv4,blocklist.de|brute-force|apache|rfi|ddos|spam|mail|ziyadnz|hourly,2026-08-17T18:48:05Z,2026-08-17T18:48:05Z,
216.151.130.116,ipv4,attack,high,WHITE,blocklist.de/all|blocklist.de/apache|blocklist.de/mail|ziyadnz/hourly-ipv4,blocklist.de|brute-force|apache|rfi|ddos|spam|mail|ziyadnz|hourly,2026-08-17T18:48:05Z,2026-08-17T18:48:05Z,
216.151.130.117,ipv4,attack,high,WHITE,blocklist.de/all|blocklist.de/apache|blocklist.de/mail|ziyadnz/hourly-ipv4,blocklist.de|brute-force|apache|rfi|ddos|spam|mail|ziyadnz|hourly,2026-08-17T18:48:05Z,2026-08-17T18:48:05Z,
216.151.130.118,ipv4,attack,high,WHITE,blocklist.de/all|blocklist.de/apache|blocklist.de/mail|ziyadnz/hourly-ipv4,blocklist.de|brute-force|apache|rfi|ddos|spam|mail|ziyadnz|hourly,2026-08-17T18:48:05Z,2026-08-17T18:48:05Z,
216.151.130.119,ipv4,attack,high,WHITE,blocklist.de/all|blocklist.de/apache|blocklist.de/mail|ziyadnz/hourly-ipv4,blocklist.de|brute-force|apache|rfi|ddos|spam|mail|ziyadnz|hourly,2026-08-17T18:48:05Z,2026-08-17T18:48:05Z,
216.151.130.120,ipv4,attack,high,WHITE,blocklist.de/all|blocklist.de/apache|blocklist.de/mail|ziyadnz/hourly-ipv4,blocklist.de|brute-force|apache|rfi|ddos|spam|mail|ziyadnz|hourly,2026-08-17T18:48:05Z,2026-08-17T18:48:05Z,
216.151.130.121,ipv4,attack,high,WHITE,blocklist.de/all|blocklist.de/apache|blocklist.de/mail|ziyadnz/hourly-ipv4,blocklist.de|brute-force|apache|rfi|ddos|spam|mail|ziyadnz|hourly,2026-08-17T18:48:05Z,2026-08-17T18:48:05Z,
216.151.130.122,ipv4,attack,high,WHITE,blocklist.de/all|blocklist.de/apache|blocklist.de/mail|ziyadnz/hourly-ipv4,blocklist.de|brute-force|apache|rfi|ddos|spam|mail|ziyadnz|hourly,2026-08-17T18:48:05Z,2026-08-17T18:48:05Z,
216.151.130.123,ipv4,attack,high,WHITE,blocklist.de/all|blocklist.de/apache|blocklist.de/mail|ziyadnz/hourly-ipv4,blocklist.de|brute-force|apache|rfi|ddos|spam|mail|ziyadnz|hourly,2026-08-17T18:48:05Z,2026-08-17T18:48:05Z,
216.151.130.124,ipv4,attack,high,WHITE,blocklist.de/all|blocklist.de/apache|blocklist.de/mail|ziyadnz/hourly-ipv4,blocklist.de|brute-force|apache|rfi|ddos|spam|mail|ziyadnz|hourly,2026-08-17T18:48:05Z,2026-08-17T18:48:05Z,
216.151.130.125,ipv4,attack,high,WHITE,blocklist.de/all|blocklist.de/apache|blocklist.de/mail|ziyadnz/hourly-ipv4,blocklist.de|brute-force|apache|rfi|ddos|spam|mail|ziyadnz|hourly,2026-08-17T18:48:05Z,2026-08-17T18:48:05Z,
216.151.130.126,ipv4,attack,high,WHITE,blocklist.de/all|blocklist.de/apache|blocklist.de/mail|ziyadnz/hourly-ipv4,blocklist.de|brute-force|apache|rfi|ddos|spam|mail|ziyadnz|hourly,2026-08-17T18:48:05Z,2026-08-17T18:48:05Z,
216.151.130.127,ipv4,attack,high,WHITE,blocklist.de/all|blocklist.de/apache|blocklist.de/mail|ziyadnz/hourly-ipv4,blocklist.de|brute-force|apache|rfi|ddos|spam|mail|ziyadnz|hourly,2026-08-17T18:48:05Z,2026-08-17T18:48:05Z,
216.151.130.128,ipv4,attack,high,WHITE,blocklist.de/all|blocklist.de/apache|blocklist.de/mail|ziyadnz/hourly-ipv4,blocklist.de|brute-force|apache|rfi|ddos|spam|mail|ziyadnz|hourly,2026-08-17T18:48:05Z,2026-08-17T18:48:05Z,
216.151.130.129,ipv4,attack,high,WHITE,blocklist.de/all|blocklist.de/apache|blocklist.de/mail|ziyadnz/hourly-ipv4,blocklist.de|brute-force|apache|rfi|ddos|spam|mail|ziyadnz|hourly,2026-08-17T18:48:05Z,2026-08-17T18:48:05Z,
216.151.130.130,ipv4,attack,high,WHITE,blocklist.de/all|blocklist.de/apache|blocklist.de/mail|ziyadnz/hourly-ipv4,blocklist.de|brute-force|apache|rfi|ddos|spam|mail|ziyadnz|hourly,2026-08-17T18:48:05Z,2026-08-17T18:48:05Z,
216.151.130.131,ipv4,attack,high,WHITE,blocklist.de/all|blocklist.de/apache|blocklist.de/mail|ziyadnz/hourly-ipv4,blocklist.de|brute-force|apache|rfi|ddos|spam|mail|ziyadnz|hourly,2026-08-17T18:48:05Z,2026-08-17T18:48:05Z,
216.151.130.132,ipv4,attack,high,WHITE,blocklist.de/all|blocklist.de/apache|blocklist.de/mail|ziyadnz/hourly-ipv4,blocklist.de|brute-force|apache|rfi|ddos|spam|mail|ziyadnz|hourly,2026-08-17T18:48:05Z,2026-08-17T18:48:05Z,
216.151.130.133,ipv4,attack,high,WHITE,blocklist.de/all|blocklist.de/apache|blocklist.de/mail|ziyadnz/hourly-ipv4,blocklist.de|brute-force|apache|rfi|ddos|spam|mail|ziyadnz|hourly,2026-08-17T18:48:05Z,2026-08-17T18:48:05Z,
216.151.130.134,ipv4,attack,high,WHITE,blocklist.de/all|blocklist.de/apache|blocklist.de/mail|ziyadnz/hourly-ipv4,blocklist.de|brute-force|apache|rfi|ddos|spam|mail|ziyadnz|hourly,2026-08-17T18:48:05Z,2026-08-17T18:48:05Z,
216.151.130.135,ipv4,attack,high,WHITE,blocklist.de/all|blocklist.de/apache|blocklist.de/mail|ziyadnz/hourly-ipv4,blocklist.de|brute-force|apache|rfi|ddos|spam|mail|ziyadnz|hourly,2026-08-17T18:48:05Z,2026-08-17T18:48:05Z,
216.151.130.136,ipv4,attack,high,WHITE,blocklist.de/all|blocklist.de/apache|blocklist.de/mail|ziyadnz/hourly-ipv4,blocklist.de|brute-force|apache|rfi|ddos|spam|mail|ziyadnz|hourly,2026-08-17T18:48:05Z,2026-08-17T18:48:05Z,
216.151.130.137,ipv4,attack,high,WHITE,blocklist.de/all|blocklist.de/apache|blocklist.de/mail|ziyadnz/hourly-ipv4,blocklist.de|brute-force|apache|rfi|ddos|spam|mail|ziyadnz|hourly,2026-08-17T18:48:05Z,2026-08-17T18:48:05Z,
216.151.130.138,ipv4,attack,high,WHITE,blocklist.de/all|blocklist.de/apache|blocklist.de/mail|ziyadnz/hourly-ipv4,blocklist.de|brute-force|apache|rfi|ddos|spam|mail|ziyadnz|hourly,2026-08-17T18:48:05Z,2026-08-17T18:48:05Z,
216.151.130.139,ipv4,attack,high,WHITE,blocklist.de/all|blocklist.de/apache|blocklist.de/mail|ziyadnz/hourly-ipv4,blocklist.de|brute-force|apache|rfi|ddos|spam|mail|ziyadnz|hourly,2026-08-17T18:48:05Z,2026-08-17T18:48:05Z,
216.151.130.140,ipv4,attack,high,WHITE,blocklist.de/all|blocklist.de/apache|blocklist.de/mail|ziyadnz/hourly-ipv4,blocklist.de|brute-force|apache|rfi|ddos|spam|mail|ziyadnz|hourly,2026-08-17T18:48:05Z,2026-08-17T18:48:05Z,
216.151.130.141,ipv4,attack,high,WHITE,blocklist.de/all|blocklist.de/apache|blocklist.de/mail|ziyadnz/hourly-ipv4,blocklist.de|brute-force|apache|rfi|ddos|spam|mail|ziyadnz|hourly,2026-08-17T18:48:05Z,2026-08-17T18:48:05Z,
216.151.130.142,ipv4,attack,high,WHITE,blocklist.de/all|blocklist.de/apache|blocklist.de/mail|ziyadnz/hourly-ipv4,blocklist.de|brute-force|apache|rfi|ddos|spam|mail|ziyadnz|hourly,2026-08-17T18:48:05Z,2026-08-17T18:48:05Z,
216.151.130.143,ipv4,attack,high,WHITE,blocklist.de/all|blocklist.de/apache|blocklist.de/mail|ziyadnz/hourly-ipv4,blocklist.de|brute-force|apache|rfi|ddos|spam|mail|ziyadnz|hourly,2026-08-17T18:48:05Z,2026-08-17T18:48:05Z,
216.151.130.144,ipv4,attack,high,WHITE,blocklist.de/all|blocklist.de/apache|blocklist.de/mail|ziyadnz/hourly-ipv4,blocklist.de|brute-force|apache|rfi|ddos|spam|mail|ziyadnz|hourly,2026-08-17T18:48:05Z,2026-08-17T18:48:05Z,
216.151.130.145,ipv4,attack,high,WHITE,blocklist.de/all|blocklist.de/apache|blocklist.de/mail|ziyadnz/hourly-ipv4,blocklist.de|brute-force|apache|rfi|ddos|spam|mail|ziyadnz|hourly,2026-08-17T18:48:05Z,2026-08-17T18:48:05Z,
216.151.130.146,ipv4,attack,high,WHITE,blocklist.de/all|blocklist.de/apache|blocklist.de/mail|ziyadnz/hourly-ipv4,blocklist.de|brute-force|apache|rfi|ddos|spam|mail|ziyadnz|hourly,2026-08-17T18:48:05Z,2026-08-17T18:48:05Z,
216.151.130.147,ipv4,attack,high,WHITE,blocklist.de/all|blocklist.de/apache|blocklist.de/mail|ziyadnz/hourly-ipv4,blocklist.de|brute-force|apache|rfi|ddos|spam|mail|ziyadnz|hourly,2026-08-17T18:48:05Z,2026-08-17T18:48:05Z,
216.151.130.148,ipv4,attack,high,WHITE,blocklist.de/all|blocklist.de/apache|blocklist.de/mail|ziyadnz/hourly-ipv4,blocklist.de|brute-force|apache|rfi|ddos|spam|mail|ziyadnz|hourly,2026-08-17T18:48:05Z,2026-08-17T18:48:05Z,
216.151.130.149,ipv4,attack,high,WHITE,blocklist.de/all|blocklist.de/apache|blocklist.de/mail|ziyadnz/hourly-ipv4,blocklist.de|brute-force|apache|rfi|ddos|spam|mail|ziyadnz|hourly,2026-08-17T18:48:05Z,2026-08-17T18:48:05Z,
216.151.130.150,ipv4,attack,high,WHITE,blocklist.de/all|blocklist.de/apache|blocklist.de/mail|ziyadnz/hourly-ipv4,blocklist.de|brute-force|apache|rfi|ddos|spam|mail|ziyadnz|hourly,2026-08-17T18:48:05Z,2026-08-17T18:48:05Z,
216.151.130.151,ipv4,attack,high,WHITE,blocklist.de/all|blocklist.de/apache|blocklist.de/mail|ziyadnz/hourly-ipv4,blocklist.de|brute-force|apache|rfi|ddos|spam|mail|ziyadnz|hourly,2026-08-17T18:48:05Z,2026-08-17T18:48:05Z,
216.151.130.152,ipv4,attack,high,WHITE,blocklist.de/all|blocklist.de/apache|blocklist.de/mail|ziyadnz/hourly-ipv4,blocklist.de|brute-force|apache|rfi|ddos|spam|mail|ziyadnz|hourly,2026-08-17T18:48:05Z,2026-08-17T18:48:05Z,
216.151.130.153,ipv4,attack,high,WHITE,blocklist.de/all|blocklist.de/apache|blocklist.de/mail|ziyadnz/hourly-ipv4,blocklist.de|brute-force|apache|rfi|ddos|spam|mail|ziyadnz|hourly,2026-08-17T18:48:05Z,2026-08-17T18:48:05Z,
216.151.130.154,ipv4,attack,high,WHITE,blocklist.de/all|blocklist.de/apache|blocklist.de/mail|ziyadnz/hourly-ipv4,blocklist.de|brute-force|apache|rfi|ddos|spam|mail|ziyadnz|hourly,2026-08-17T18:48:05Z,2026-08-17T18:48:05Z,
216.151.130.155,ipv4,attack,high,WHITE,blocklist.de/all|blocklist.de/apache|blocklist.de/mail|ziyadnz/hourly-ipv4,blocklist.de|brute-force|apache|rfi|ddos|spam|mail|ziyadnz|hourly,2026-08-17T18:48:05Z,2026-08-17T18:48:05Z,
216.151.130.156,ipv4,attack,high,WHITE,blocklist.de/all|blocklist.de/apache|blocklist.de/mail|ziyadnz/hourly-ipv4,blocklist.de|brute-force|apache|rfi|ddos|spam|mail|ziyadnz|hourly,2026-08-17T18:48:05Z,2026-08-17T18:48:05Z,
216.151.130.157,ipv4,attack,high,WHITE,blocklist.de/all|blocklist.de/apache|blocklist.de/mail|ziyadnz/hourly-ipv4,blocklist.de|brute-force|apache|rfi|ddos|spam|mail|ziyadnz|hourly,2026-08-17T18:48:05Z,2026-08-17T18:48:05Z,
216.151.130.158,ipv4,attack,high,WHITE,blocklist.de/all|blocklist.de/apache|blocklist.de/mail|ziyadnz/hourly-ipv4,blocklist.de|brute-force|apache|rfi|ddos|spam|mail|ziyadnz|hourly,2026-08-17T18:48:05Z,2026-08-17T18:48:05Z,
216.151.130.159,ipv4,attack,high,WHITE,blocklist.de/all|blocklist.de/apache|blocklist.de/mail|ziyadnz/hourly-ipv4,blocklist.de|brute-force|apache|rfi|ddos|spam|mail|ziyadnz|hourly,2026-08-17T18:48:05Z,2026-08-17T18:48:05Z,
216.151.130.160,ipv4,attack,high,WHITE,blocklist.de/all|blocklist.de/apache|blocklist.de/mail|ziyadnz/hourly-ipv4,blocklist.de|brute-force|apache|rfi|ddos|spam|mail|ziyadnz|hourly,2026-08-17T18:48:05Z,2026-08-17T18:48:05Z,
216.151.130.161,ipv4,attack,high,WHITE,blocklist.de/all|blocklist.de/apache|blocklist.de/mail|ziyadnz/hourly-ipv4,blocklist.de|brute-force|apache|rfi|ddos|spam|mail|ziyadnz|hourly,2026-08-17T18:48:05Z,2026-08-17T18:48:05Z,
216.151.130.162,ipv4,attack,high,WHITE,blocklist.de/all|blocklist.de/apache|blocklist.de/mail|ziyadnz/hourly-ipv4,blocklist.de|brute-force|apache|rfi|ddos|spam|mail|ziyadnz|hourly,2026-08-17T18:48:05Z,2026-08-17T18:48:05Z,
216.151.130.163,ipv4,attack,high,WHITE,blocklist.de/all|blocklist.de/apache|blocklist.de/mail|ziyadnz/hourly-ipv4,blocklist.de|brute-force|apache|rfi|ddos|spam|mail|ziyadnz|hourly,2026-08-17T18:48:05Z,2026-08-17T18:48:05Z,
216.151.130.164,ipv4,attack,high,WHITE,blocklist.de/all|blocklist.de/apache|blocklist.de/mail|ziyadnz/hourly-ipv4,blocklist.de|brute-force|apache|rfi|ddos|spam|mail|ziyadnz|hourly,2026-08-17T18:48:05Z,2026-08-17T18:48:05Z,
216.151.130.165,ipv4,attack,high,WHITE,blocklist.de/all|blocklist.de/apache|blocklist.de/mail|ziyadnz/hourly-ipv4,blocklist.de|brute-force|apache|rfi|ddos|spam|mail|ziyadnz|hourly,2026-08-17T18:48:05Z,2026-08-17T18:48:05Z,
216.151.130.166,ipv4,attack,high,WHITE,blocklist.de/all|blocklist.de/apache|blocklist.de/mail|ziyadnz/hourly-ipv4,blocklist.de|brute-force|apache|rfi|ddos|spam|mail|ziyadnz|hourly,2026-08-17T18:48:05Z,2026-08-17T18:48:05Z,
216.151.130.167,ipv4,attack,high,WHITE,blocklist.de/all|blocklist.de/apache|blocklist.de/mail|ziyadnz/hourly-ipv4,blocklist.de|brute-force|apache|rfi|ddos|spam|mail|ziyadnz|hourly,2026-08-17T18:48:05Z,2026-08-17T18:48:05Z,
216.151.130.168,ipv4,attack,high,WHITE,blocklist.de/all|blocklist.de/apache|blocklist.de/mail|ziyadnz/hourly-ipv4,blocklist.de|brute-force|apache|rfi|ddos|spam|mail|ziyadnz|hourly,2026-08-17T18:48:05Z,2026-08-17T18:48:05Z,
216.151.130.169,ipv4,attack,high,WHITE,blocklist.de/all|blocklist.de/apache|blocklist.de/mail|ziyadnz/hourly-ipv4,blocklist.de|brute-force|apache|rfi|ddos|spam|mail|ziyadnz|hourly,2026-08-17T18:48:05Z,2026-08-17T18:48:05Z,
216.151.130.170,ipv4,attack,high,WHITE,blocklist.de/all|blocklist.de/apache|blocklist.de/mail|ziyadnz/hourly-ipv4,blocklist.de|brute-force|apache|rfi|ddos|spam|mail|ziyadnz|hourly,2026-08-17T18:48:05Z,2026-08-17T18:48:05Z,
216.151.130.171,ipv4,attack,high,WHITE,blocklist.de/all|blocklist.de/apache|blocklist.de/mail|ziyadnz/hourly-ipv4,blocklist.de|brute-force|apache|rfi|ddos|spam|mail|ziyadnz|hourly,2026-08-17T18:48:05Z,2026-08-17T18:48:05Z,
216.151.130.172,ipv4,attack,high,WHITE,blocklist.de/all|blocklist.de/apache|blocklist.de/mail|ziyadnz/hourly-ipv4,blocklist.de|brute-force|apache|rfi|ddos|spam|mail|ziyadnz|hourly,2026-08-17T18:48:05Z,2026-08-17T18:48:05Z,
216.151.130.173,ipv4,attack,high,WHITE,blocklist.de/all|blocklist.de/apache|blocklist.de/mail|ziyadnz/hourly-ipv4,blocklist.de|brute-force|apache|rfi|ddos|spam|mail|ziyadnz|hourly,2026-08-17T18:48:05Z,2026-08-17T18:48:05Z,
216.151.130.174,ipv4,attack,high,WHITE,blocklist.de/all|blocklist.de/apache|blocklist.de/mail|ziyadnz/hourly-ipv4,blocklist.de|brute-force|apache|rfi|ddos|spam|mail|ziyadnz|hourly,2026-08-17T18:48:05Z,2026-08-17T18:48:05Z,
216.151.130.175,ipv4,attack,high,WHITE,blocklist.de/all|blocklist.de/apache|blocklist.de/mail|ziyadnz/hourly-ipv4,blocklist.de|brute-force|apache|rfi|ddos|spam|mail|ziyadnz|hourly,2026-08-17T18:48:05Z,2026-08-17T18:48:05Z,
216.151.130.176,ipv4,attack,high,WHITE,blocklist.de/all|blocklist.de/apache|blocklist.de/mail|ziyadnz/hourly-ipv4,blocklist.de|brute-force|apache|rfi|ddos|spam|mail|ziyadnz|hourly,2026-08-17T18:48:05Z,2026-08-17T18:48:05Z,
216.151.130.177,ipv4,attack,high,WHITE,blocklist.de/all|blocklist.de/apache|blocklist.de/mail|ziyadnz/hourly-ipv4,blocklist.de|brute-force|apache|rfi|ddos|spam|mail|ziyadnz|hourly,2026-08-17T18:48:05Z,2026-08-17T18:48:05Z,
216.151.130.178,ipv4,attack,high,WHITE,blocklist.de/all|blocklist.de/apache|blocklist.de/mail|ziyadnz/hourly-ipv4,blocklist.de|brute-force|apache|rfi|ddos|spam|mail|ziyadnz|hourly,2026-08-17T18:48:05Z,2026-08-17T18:48:05Z,
216.151.130.179,ipv4,attack,high,WHITE,blocklist.de/all|blocklist.de/apache|blocklist.de/mail|ziyadnz/hourly-ipv4,blocklist.de|brute-force|apache|rfi|ddos|spam|mail|ziyadnz|hourly,2026-08-17T18:48:05Z,2026-08-17T18:48:05Z,
216.151.130.180,ipv4,attack,high,WHITE,blocklist.de/all|blocklist.de/apache|blocklist.de/mail|ziyadnz/hourly-ipv4,blocklist.de|brute-force|apache|rfi|ddos|spam|mail|ziyadnz|hourly,2026-08-17T18:48:05Z,2026-08-17T18:48:05Z,
216.151.130.181,ipv4,attack,high,WHITE,blocklist.de/all|blocklist.de/apache|blocklist.de/mail|ziyadnz/hourly-ipv4,blocklist.de|brute-force|apache|rfi|ddos|spam|mail|ziyadnz|hourly,2026-08-17T18:48:05Z,2026-08-17T18:48:05Z,
216.151.130.182,ipv4,attack,high,WHITE,blocklist.de/all|blocklist.de/apache|blocklist.de/mail|ziyadnz/hourly-ipv4,blocklist.de|brute-force|apache|rfi|ddos|spam|mail|ziyadnz|hourly,2026-08-17T18:48:05Z,2026-08-17T18:48:05Z,
216.151.130.183,ipv4,attack,high,WHITE,blocklist.de/all|blocklist.de/apache|blocklist.de/mail|ziyadnz/hourly-ipv4,blocklist.de|brute-force|apache|rfi|ddos|spam|mail|ziyadnz|hourly,2026-08-17T18:48:05Z,2026-08-17T18:48:05Z,
216.151.130.184,ipv4,attack,high,WHITE,blocklist.de/all|blocklist.de/apache|blocklist.de/mail|ziyadnz/hourly-ipv4,blocklist.de|brute-force|apache|rfi|ddos|spam|mail|ziyadnz|hourly,2026-08-17T18:48:05Z,2026-08-17T18:48:05Z,
216.151.130.185,ipv4,attack,high,WHITE,blocklist.de/all|blocklist.de/apache|blocklist.de/mail|ziyadnz/hourly-ipv4,blocklist.de|brute-force|apache|rfi|ddos|spam|mail|ziyadnz|hourly,2026-08-17T18:48:05Z,2026-08-17T18:48:05Z,
216.151.130.186,ipv4,attack,high,WHITE,blocklist.de/all|blocklist.de/apache|blocklist.de/mail|ziyadnz/hourly-ipv4,blocklist.de|brute-force|apache|rfi|ddos|spam|mail|ziyadnz|hourly,2026-08-17T18:48:05Z,2026-08-17T18:48:05Z,
216.151.130.187,ipv4,attack,high,WHITE,blocklist.de/all|blocklist.de/apache|blocklist.de/mail|ziyadnz/hourly-ipv4,blocklist.de|brute-force|apache|rfi|ddos|spam|mail|ziyadnz|hourly,2026-08-17T18:48:05Z,2026-08-17T18:48:05Z,
216.151.130.188,ipv4,attack,high,WHITE,blocklist.de/all|blocklist.de/apache|blocklist.de/mail|ziyadnz/hourly-ipv4,blocklist.de|brute-force|apache|rfi|ddos|spam|mail|ziyadnz|hourly,2026-08-17T18:48:05Z,2026-08-17T18:48:05Z,
216.151.130.189,ipv4,attack,high,WHITE,blocklist.de/all|blocklist.de/apache|blocklist.de/mail|ziyadnz/hourly-ipv4,blocklist.de|brute-force|apache|rfi|ddos|spam|mail|ziyadnz|hourly,2026-08-17T18:48:05Z,2026-08-17T18:48:05Z,
216.151.130.190,ipv4,attack,high,WHITE,blocklist.de/all|blocklist.de/apache|blocklist.de/mail|ziyadnz/hourly-ipv4,blocklist.de|brute-force|apache|rfi|ddos|spam|mail|ziyadnz|hourly,2026-08-17T18:48:05Z,2026-08-17T18:48:05Z,
216.151.130.191,ipv4,attack,high,WHITE,blocklist.de/all|blocklist.de/apache|blocklist.de/mail|ziyadnz/hourly-ipv4,blocklist.de|brute-force|apache|rfi|ddos|spam|mail|ziyadnz|hourly,2026-08-17T18:48:05Z,2026-08-17T18:48:05Z,
216.151.130.192,ipv4,attack,high,WHITE,blocklist.de/all|blocklist.de/apache|blocklist.de/mail|ziyadnz/hourly-ipv4,blocklist.de|brute-force|apache|rfi|ddos|spam|mail|ziyadnz|hourly,2026-08-17T18:48:05Z,2026-08-17T18:48:05Z,
216.151.130.193,ipv4,attack,high,WHITE,blocklist.de/all|blocklist.de/apache|blocklist.de/mail|ziyadnz/hourly-ipv4,blocklist.de|brute-force|apache|rfi|ddos|spam|mail|ziyadnz|hourly,2026-08-17T18:48:05Z,2026-08-17T18:48:05Z,
216.151.130.194,ipv4,attack,high,WHITE,blocklist.de/all|blocklist.de/apache|blocklist.de/mail|ziyadnz/hourly-ipv4,blocklist.de|brute-force|apache|rfi|ddos|spam|mail|ziyadnz|hourly,2026-08-17T18:48:05Z,2026-08-17T18:48:05Z,
216.151.130.195,ipv4,attack,high,WHITE,blocklist.de/all|blocklist.de/apache|blocklist.de/mail|ziyadnz/hourly-ipv4,blocklist.de|brute-force|apache|rfi|ddos|spam|mail|ziyadnz|hourly,2026-08-17T18:48:05Z,2026-08-17T18:48:05Z,
216.151.130.196,ipv4,attack,high,WHITE,blocklist.de/all|blocklist.de/apache|blocklist.de/mail|ziyadnz/hourly-ipv4,blocklist.de|brute-force|apache|rfi|ddos|spam|mail|ziyadnz|hourly,2026-08-17T18:48:05Z,2026-08-17T18:48:05Z,
216.151.130.197,ipv4,attack,high,WHITE,blocklist.de/all|blocklist.de/apache|blocklist.de/mail|ziyadnz/hourly-ipv4,blocklist.de|brute-force|apache|rfi|ddos|spam|mail|ziyadnz|hourly,2026-08-17T18:48:05Z,2026-08-17T18:48:05Z,
216.151.130.198,ipv4,attack,high,WHITE,blocklist.de/all|blocklist.de/apache|blocklist.de/mail|ziyadnz/hourly-ipv4,blocklist.de|brute-force|apache|rfi|ddos|spam|mail|ziyadnz|hourly,2026-08-17T18:48:05Z,2026-08-17T18:48:05Z,
216.151.130.199,ipv4,attack,high,WHITE,blocklist.de/all|blocklist.de/apache|blocklist.de/mail|ziyadnz/hourly-ipv4,blocklist.de|brute-force|apache|rfi|ddos|spam|mail|ziyadnz|hourly,2026-08-17T18:48:05Z,2026-08-17T18:48:05Z,
216.151.130.200,ipv4,attack,high,WHITE,blocklist.de/all|blocklist.de/apache|blocklist.de/mail|ziyadnz/hourly-ipv4,blocklist.de|brute-force|apache|rfi|ddos|spam|mail|ziyadnz|hourly,2026-08-17T18:48:05Z,2026-08-17T18:48:05Z,
216.151.130.201,ipv4,attack,high,WHITE,blocklist.de/all|blocklist.de/apache|blocklist.de/mail|ziyadnz/hourly-ipv4,blocklist.de|brute-force|apache|rfi|ddos|spam|mail|ziyadnz|hourly,2026-08-17T18:48:05Z,2026-08-17T18:48:05Z,
216.151.130.202,ipv4,attack,high,WHITE,blocklist.de/all|blocklist.de/apache|blocklist.de/mail|ziyadnz/hourly-ipv4,blocklist.de|brute-force|apache|rfi|ddos|spam|mail|ziyadnz|hourly,2026-08-17T18:48:05Z,2026-08-17T18:48:05Z,
216.151.130.203,ipv4,attack,high,WHITE,blocklist.de/all|blocklist.de/apache|blocklist.de/mail|ziyadnz/hourly-ipv4,blocklist.de|brute-force|apache|rfi|ddos|spam|mail|ziyadnz|hourly,2026-08-17T18:48:05Z,2026-08-17T18:48:05Z,
216.151.130.204,ipv4,attack,high,WHITE,blocklist.de/all|blocklist.de/apache|blocklist.de/mail|ziyadnz/hourly-ipv4,blocklist.de|brute-force|apache|rfi|ddos|spam|mail|ziyadnz|hourly,2026-08-17T18:48:05Z,2026-08-17T18:48:05Z,
216.151.130.205,ipv4,attack,high,WHITE,blocklist.de/all|blocklist.de/apache|blocklist.de/mail|ziyadnz/hourly-ipv4,blocklist.de|brute-force|apache|rfi|ddos|spam|mail|ziyadnz|hourly,2026-08-17T18:48:05Z,2026-08-17T18:48:05Z,
216.151.130.206,ipv4,attack,high,WHITE,blocklist.de/all|blocklist.de/apache|blocklist.de/mail|ziyadnz/hourly-ipv4,blocklist.de|brute-force|apache|rfi|ddos|spam|mail|ziyadnz|hourly,2026-08-17T18:48:05Z,2026-08-17T18:48:05Z,
216.151.130.207,ipv4,attack,high,WHITE,blocklist.de/all|blocklist.de/apache|blocklist.de/mail|ziyadnz/hourly-ipv4,blocklist.de|brute-force|apache|rfi|ddos|spam|mail|ziyadnz|hourly,2026-08-17T18:48:05Z,2026-08-17T18:48:05Z,
216.151.130.208,ipv4,attack,high,WHITE,blocklist.de/all|blocklist.de/apache|blocklist.de/mail|ziyadnz/hourly-ipv4,blocklist.de|brute-force|apache|rfi|ddos|spam|mail|ziyadnz|hourly,2026-08-17T18:48:05Z,2026-08-17T18:48:05Z,
216.151.130.209,ipv4,attack,high,WHITE,blocklist.de/all|blocklist.de/apache|blocklist.de/mail|ziyadnz/hourly-ipv4,blocklist.de|brute-force|apache|rfi|ddos|spam|mail|ziyadnz|hourly,2026-08-17T18:48:05Z,2026-08-17T18:48:05Z,
216.151.130.210,ipv4,attack,high,WHITE,blocklist.de/all|blocklist.de/apache|blocklist.de/mail|ziyadnz/hourly-ipv4,blocklist.de|brute-force|apache|rfi|ddos|spam|mail|ziyadnz|hourly,2026-08-17T18:48:05Z,2026-08-17T18:48:05Z,
216.151.130.211,ipv4,attack,high,WHITE,blocklist.de/all|blocklist.de/apache|blocklist.de/mail|ziyadnz/hourly-ipv4,blocklist.de|brute-force|apache|rfi|ddos|spam|mail|ziyadnz|hourly,2026-08-17T18:48:05Z,2026-08-17T18:48:05Z,
216.151.130.212,ipv4,attack,high,WHITE,blocklist.de/all|blocklist.de/apache|blocklist.de/mail|ziyadnz/hourly-ipv4,blocklist.de|brute-force|apache|rfi|ddos|spam|mail|ziyadnz|hourly,2026-08-17T18:48:05Z,2026-08-17T18:48:05Z,
216.151.130.213,ipv4,attack,high,WHITE,blocklist.de/all|blocklist.de/apache|blocklist.de/mail|ziyadnz/hourly-ipv4,blocklist.de|brute-force|apache|rfi|ddos|spam|mail|ziyadnz|hourly,2026-08-17T18:48:05Z,2026-08-17T18:48:05Z,
216.151.130.214,ipv4,attack,high,WHITE,blocklist.de/all|blocklist.de/apache|blocklist.de/mail|ziyadnz/hourly-ipv4,blocklist.de|brute-force|apache|rfi|ddos|spam|mail|ziyadnz|hourly,2026-08-17T18:48:05Z,2026-08-17T18:48:05Z,
216.151.130.215,ipv4,attack,high,WHITE,blocklist.de/all|blocklist.de/apache|blocklist.de/mail|ziyadnz/hourly-ipv4,blocklist.de|brute-force|apache|rfi|ddos|spam|mail|ziyadnz|hourly,2026-08-17T18:48:05Z,2026-08-17T18:48:05Z,
216.151.130.216,ipv4,attack,high,WHITE,blocklist.de/all|blocklist.de/apache|blocklist.de/mail|ziyadnz/hourly-ipv4,blocklist.de|brute-force|apache|rfi|ddos|spam|mail|ziyadnz|hourly,2026-08-17T18:48:05Z,2026-08-17T18:48:05Z,
216.151.130.217,ipv4,attack,high,WHITE,blocklist.de/all|blocklist.de/apache|blocklist.de/mail|ziyadnz/hourly-ipv4,blocklist.de|brute-force|apache|rfi|ddos|spam|mail|ziyadnz|hourly,2026-08-17T18:48:05Z,2026-08-17T18:48:05Z,
216.151.130.218,ipv4,attack,high,WHITE,blocklist.de/all|blocklist.de/apache|blocklist.de/mail|ziyadnz/hourly-ipv4,blocklist.de|brute-force|apache|rfi|ddos|spam|mail|ziyadnz|hourly,2026-08-17T18:48:05Z,2026-08-17T18:48:05Z,
216.151.130.219,ipv4,attack,high,WHITE,blocklist.de/all|blocklist.de/apache|blocklist.de/mail|ziyadnz/hourly-ipv4,blocklist.de|brute-force|apache|rfi|ddos|spam|mail|ziyadnz|hourly,2026-08-17T18:48:05Z,2026-08-17T18:48:05Z,
216.151.130.220,ipv4,attack,high,WHITE,blocklist.de/all|blocklist.de/apache|blocklist.de/mail|ziyadnz/hourly-ipv4,blocklist.de|brute-force|apache|rfi|ddos|spam|mail|ziyadnz|hourly,2026-08-17T18:48:05Z,2026-08-17T18:48:05Z,
216.151.130.221,ipv4,attack,high,WHITE,blocklist.de/all|blocklist.de/apache|blocklist.de/mail|ziyadnz/hourly-ipv4,blocklist.de|brute-force|apache|rfi|ddos|spam|mail|ziyadnz|hourly,2026-08-17T18:48:05Z,2026-08-17T18:48:05Z,
216.151.130.222,ipv4,attack,high,WHITE,blocklist.de/all|blocklist.de/apache|blocklist.de/mail|ziyadnz/hourly-ipv4,blocklist.de|brute-force|apache|rfi|ddos|spam|mail|ziyadnz|hourly,2026-08-17T18:48:05Z,2026-08-17T18:48:05Z,
216.151.130.223,ipv4,attack,high,WHITE,blocklist.de/all|blocklist.de/apache|blocklist.de/mail|ziyadnz/hourly-ipv4,blocklist.de|brute-force|apache|rfi|ddos|spam|mail|ziyadnz|hourly,2026-08-17T18:48:05Z,2026-08-17T18:48:05Z,
216.151.130.224,ipv4,attack,high,WHITE,blocklist.de/all|blocklist.de/apache|blocklist.de/mail|ziyadnz/hourly-ipv4,blocklist.de|brute-force|apache|rfi|ddos|spam|mail|ziyadnz|hourly,2026-08-17T18:48:05Z,2026-08-17T18:48:05Z,
216.151.130.225,ipv4,attack,high,WHITE,blocklist.de/all|blocklist.de/apache|blocklist.de/mail|ziyadnz/hourly-ipv4,blocklist.de|brute-force|apache|rfi|ddos|spam|mail|ziyadnz|hourly,2026-08-17T18:48:05Z,2026-08-17T18:48:05Z,
216.151.130.226,ipv4,attack,high,WHITE,blocklist.de/all|blocklist.de/apache|blocklist.de/mail|ziyadnz/hourly-ipv4,blocklist.de|brute-force|apache|rfi|ddos|spam|mail|ziyadnz|hourly,2026-08-17T18:48:05Z,2026-08-17T18:48:05Z,
216.151.130.227,ipv4,attack,high,WHITE,blocklist.de/all|blocklist.de/apache|blocklist.de/mail|ziyadnz/hourly-ipv4,blocklist.de|brute-force|apache|rfi|ddos|spam|mail|ziyadnz|hourly,2026-08-17T18:48:05Z,2026-08-17T18:48:05Z,
216.151.130.228,ipv4,attack,high,WHITE,blocklist.de/all|blocklist.de/apache|blocklist.de/mail|ziyadnz/hourly-ipv4,blocklist.de|brute-force|apache|rfi|ddos|spam|mail|ziyadnz|hourly,2026-08-17T18:48:05Z,2026-08-17T18:48:05Z,
216.151.130.229,ipv4,attack,high,WHITE,blocklist.de/all|blocklist.de/apache|blocklist.de/mail|ziyadnz/hourly-ipv4,blocklist.de|brute-force|apache|rfi|ddos|spam|mail|ziyadnz|hourly,2026-08-17T18:48:05Z,2026-08-17T18:48:05Z,
216.151.130.230,ipv4,attack,high,WHITE,blocklist.de/all|blocklist.de/apache|blocklist.de/mail|ziyadnz/hourly-ipv4,blocklist.de|brute-force|apache|rfi|ddos|spam|mail|ziyadnz|hourly,2026-08-17T18:48:05Z,2026-08-17T18:48:05Z,
216.151.130.231,ipv4,attack,high,WHITE,blocklist.de/all|blocklist.de/apache|blocklist.de/mail|ziyadnz/hourly-ipv4,blocklist.de|brute-force|apache|rfi|ddos|spam|mail|ziyadnz|hourly,2026-08-17T18:48:05Z,2026-08-17T18:48:05Z,
216.151.130.232,ipv4,attack,high,WHITE,blocklist.de/all|blocklist.de/apache|blocklist.de/mail|ziyadnz/hourly-ipv4,blocklist.de|brute-force|apache|rfi|ddos|spam|mail|ziyadnz|hourly,2026-08-17T18:48:05Z,2026-08-17T18:48:05Z,
216.151.130.233,ipv4,attack,high,WHITE,blocklist.de/all|blocklist.de/apache|blocklist.de/mail|ziyadnz/hourly-ipv4,blocklist.de|brute-force|apache|rfi|ddos|spam|mail|ziyadnz|hourly,2026-08-17T18:48:05Z,2026-08-17T18:48:05Z,
216.151.130.234,ipv4,attack,high,WHITE,blocklist.de/all|blocklist.de/apache|blocklist.de/mail|ziyadnz/hourly-ipv4,blocklist.de|brute-force|apache|rfi|ddos|spam|mail|ziyadnz|hourly,2026-08-17T18:48:05Z,2026-08-17T18:48:05Z,
216.151.130.235,ipv4,attack,high,WHITE,blocklist.de/all|blocklist.de/apache|blocklist.de/mail|ziyadnz/hourly-ipv4,blocklist.de|brute-force|apache|rfi|ddos|spam|mail|ziyadnz|hourly,2026-08-17T18:48:05Z,2026-08-17T18:48:05Z,
216.151.130.236,ipv4,attack,high,WHITE,blocklist.de/all|blocklist.de/apache|blocklist.de/mail|ziyadnz/hourly-ipv4,blocklist.de|brute-force|apache|rfi|ddos|spam|mail|ziyadnz|hourly,2026-08-17T18:48:05Z,2026-08-17T18:48:05Z,
216.151.130.237,ipv4,attack,high,WHITE,blocklist.de/all|blocklist.de/apache|blocklist.de/mail|ziyadnz/hourly-ipv4,blocklist.de|brute-force|apache|rfi|ddos|spam|mail|ziyadnz|hourly,2026-08-17T18:48:05Z,2026-08-17T18:48:05Z,
216.151.130.238,ipv4,attack,high,WHITE,blocklist.de/all|blocklist.de/apache|blocklist.de/mail|ziyadnz/hourly-ipv4,blocklist.de|brute-force|apache|rfi|ddos|spam|mail|ziyadnz|hourly,2026-08-17T18:48:05Z,2026-08-17T18:48:05Z,
216.151.130.239,ipv4,attack,high,WHITE,blocklist.de/all|blocklist.de/apache|blocklist.de/mail|ziyadnz/hourly-ipv4,blocklist.de|brute-force|apache|rfi|ddos|spam|mail|ziyadnz|hourly,2026-08-17T18:48:05Z,2026-08-17T18:48:05Z,
216.151.130.240,ipv4,attack,high,WHITE,blocklist.de/all|blocklist.de/apache|blocklist.de/mail|ziyadnz/hourly-ipv4,blocklist.de|brute-force|apache|rfi|ddos|spam|mail|ziyadnz|hourly,2026-08-17T18:48:05Z,2026-08-17T18:48:05Z,
216.151.130.241,ipv4,attack,high,WHITE,blocklist.de/all|blocklist.de/apache|blocklist.de/mail|ziyadnz/hourly-ipv4,blocklist.de|brute-force|apache|rfi|ddos|spam|mail|ziyadnz|hourly,2026-08-17T18:48:05Z,2026-08-17T18:48:05Z,
216.151.130.242,ipv4,attack,high,WHITE,blocklist.de/all|blocklist.de/apache|blocklist.de/mail|ziyadnz/hourly-ipv4,blocklist.de|brute-force|apache|rfi|ddos|spam|mail|ziyadnz|hourly,2026-08-17T18:48:05Z,2026-08-17T18:48:05Z,
216.151.130.243,ipv4,attack,high,WHITE,blocklist.de/all|blocklist.de/apache|blocklist.de/mail|ziyadnz/hourly-ipv4,blocklist.de|brute-force|apache|rfi|ddos|spam|mail|ziyadnz|hourly,2026-08-17T18:48:05Z,2026-08-17T18:48:05Z,
216.151.130.244,ipv4,attack,high,WHITE,blocklist.de/all|blocklist.de/apache|blocklist.de/mail|ziyadnz/hourly-ipv4,blocklist.de|brute-force|apache|rfi|ddos|spam|mail|ziyadnz|hourly,2026-08-17T18:48:05Z,2026-08-17T18:48:05Z,
216.151.130.245,ipv4,attack,high,WHITE,blocklist.de/all|blocklist.de/apache|blocklist.de/mail|ziyadnz/hourly-ipv4,blocklist.de|brute-force|apache|rfi|ddos|spam|mail|ziyadnz|hourly,2026-08-17T18:48:05Z,2026-08-17T18:48:05Z,
216.151.130.246,ipv4,attack,high,WHITE,blocklist.de/all|blocklist.de/apache|blocklist.de/mail|ziyadnz/hourly-ipv4,blocklist.de|brute-force|apache|rfi|ddos|spam|mail|ziyadnz|hourly,2026-08-17T18:48:05Z,2026-08-17T18:48:05Z,
216.151.130.247,ipv4,attack,high,WHITE,blocklist.de/all|blocklist.de/apache|blocklist.de/mail|ziyadnz/hourly-ipv4,blocklist.de|brute-force|apache|rfi|ddos|spam|mail|ziyadnz|hourly,2026-08-17T18:48:05Z,2026-08-17T18:48:05Z,
216.151.130.248,ipv4,attack,high,WHITE,blocklist.de/all|blocklist.de/apache|blocklist.de/mail|ziyadnz/hourly-ipv4,blocklist.de|brute-force|apache|rfi|ddos|spam|mail|ziyadnz|hourly,2026-08-17T18:48:05Z,2026-08-17T18:48:05Z,
216.151.130.249,ipv4,attack,high,WHITE,blocklist.de/all|blocklist.de/apache|blocklist.de/mail|ziyadnz/hourly-ipv4,blocklist.de|brute-force|apache|rfi|ddos|spam|mail|ziyadnz|hourly,2026-08-17T18:48:05Z,2026-08-17T18:48:05Z,
216.151.130.250,ipv4,attack,high,WHITE,blocklist.de/all|blocklist.de/apache|blocklist.de/mail|ziyadnz/hourly-ipv4,blocklist.de|brute-force|apache|rfi|ddos|spam|mail|ziyadnz|hourly,2026-08-17T18:48:05Z,2026-08-17T18:48:05Z,
216.151.130.251,ipv4,attack,high,WHITE,blocklist.de/all|blocklist.de/apache|blocklist.de/mail|ziyadnz/hourly-ipv4,blocklist.de|brute-force|apache|rfi|ddos|spam|mail|ziyadnz|hourly,2026-08-17T18:48:05Z,2026-08-17T18:48:05Z,
216.151.130.252,ipv4,attack,high,WHITE,blocklist.de/all|blocklist.de/apache|blocklist.de/mail|ziyadnz/hourly-ipv4,blocklist.de|brute-force|apache|rfi|ddos|spam|mail|ziyadnz|hourly,2026-08-17T18:48:05Z,2026-08-17T18:48:05Z,
216.151.130.253,ipv4,attack,high,WHITE,blocklist.de/all|blocklist.de/apache|blocklist.de/mail|ziyadnz/hourly-ipv4,blocklist.de|brute-force|apache|rfi|ddos|spam|mail|ziyadnz|hourly,2026-08-17T18:48:05Z,2026-08-17T18:48:05Z,
216.151.130.254,ipv4,attack,high,WHITE,blocklist.de/all|blocklist.de/apache|blocklist.de/mail|ziyadnz/hourly-ipv4,blocklist.de|brute-force|apache|rfi|ddos|spam|mail|ziyadnz|hourly,2026-08-17T18:48:05Z,2026-08-17T18:48:05Z,
216.151.130.255,ipv4,attack,high,WHITE,blocklist.de/all|blocklist.de/apache|blocklist.de/mail|ziyadnz/hourly-ipv4,blocklist.de|brute-force|apache|rfi|ddos|spam|mail|ziyadnz|hourly,2026-08-17T18:48:05Z,2026-08-17T18:48:05Z,
82.221.99.224,ipv4,attack,high,WHITE,blocklist.de/all|blocklist.de/apache|blocklist.de/mail|ziyadnz/hourly-ipv4,blocklist.de|brute-force|apache|rfi|ddos|spam|mail|ziyadnz|hourly,2026-08-17T18:48:05Z,2026-08-17T18:48:05Z,
82.221.99.225,ipv4,attack,high,WHITE,blocklist.de/all|blocklist.de/apache|blocklist.de/mail|ziyadnz/hourly-ipv4,blocklist.de|brute-force|apache|rfi|ddos|spam|mail|ziyadnz|hourly,2026-08-17T18:48:05Z,2026-08-17T18:48:05Z,
82.221.99.226,ipv4,attack,high,WHITE,blocklist.de/all|blocklist.de/apache|blocklist.de/mail|ziyadnz/hourly-ipv4,blocklist.de|brute-force|apache|rfi|ddos|spam|mail|ziyadnz|hourly,2026-08-17T18:48:05Z,2026-08-17T18:48:05Z,
82.221.99.227,ipv4,attack,high,WHITE,blocklist.de/all|blocklist.de/apache|blocklist.de/mail|ziyadnz/hourly-ipv4,blocklist.de|brute-force|apache|rfi|ddos|spam|mail|ziyadnz|hourly,2026-08-17T18:48:05Z,2026-08-17T18:48:05Z,
82.221.99.228,ipv4,attack,high,WHITE,blocklist.de/all|blocklist.de/apache|blocklist.de/mail|ziyadnz/hourly-ipv4,blocklist.de|brute-force|apache|rfi|ddos|spam|mail|ziyadnz|hourly,2026-08-17T18:48:05Z,2026-08-17T18:48:05Z,
82.221.99.229,ipv4,attack,high,WHITE,blocklist.de/all|blocklist.de/apache|blocklist.de/mail|ziyadnz/hourly-ipv4,blocklist.de|brute-force|apache|rfi|ddos|spam|mail|ziyadnz|hourly,2026-08-17T18:48:05Z,2026-08-17T18:48:05Z,
82.221.99.230,ipv4,attack,high,WHITE,blocklist.de/all|blocklist.de/apache|blocklist.de/mail|ziyadnz/hourly-ipv4,blocklist.de|brute-force|apache|rfi|ddos|spam|mail|ziyadnz|hourly,2026-08-17T18:48:05Z,2026-08-17T18:48:05Z,
82.221.99.231,ipv4,attack,high,WHITE,blocklist.de/all|blocklist.de/apache|blocklist.de/mail|ziyadnz/hourly-ipv4,blocklist.de|brute-force|apache|rfi|ddos|spam|mail|ziyadnz|hourly,2026-08-17T18:48:05Z,2026-08-17T18:48:05Z,
82.221.99.232,ipv4,attack,high,WHITE,blocklist.de/all|blocklist.de/apache|blocklist.de/mail|ziyadnz/hourly-ipv4,blocklist.de|brute-force|apache|rfi|ddos|spam|mail|ziyadnz|hourly,2026-08-17T18:48:05Z,2026-08-17T18:48:05Z,
82.221.99.233,ipv4,attack,high,WHITE,blocklist.de/all|blocklist.de/apache|blocklist.de/mail|ziyadnz/hourly-ipv4,blocklist.de|brute-force|apache|rfi|ddos|spam|mail|ziyadnz|hourly,2026-08-17T18:48:05Z,2026-08-17T18:48:05Z,
82.221.99.234,ipv4,attack,high,WHITE,blocklist.de/all|blocklist.de/apache|blocklist.de/mail|ziyadnz/hourly-ipv4,blocklist.de|brute-force|apache|rfi|ddos|spam|mail|ziyadnz|hourly,2026-08-17T18:48:05Z,2026-08-17T18:48:05Z,
82.221.99.235,ipv4,attack,high,WHITE,blocklist.de/all|blocklist.de/apache|blocklist.de/mail|ziyadnz/hourly-ipv4,blocklist.de|brute-force|apache|rfi|ddos|spam|mail|ziyadnz|hourly,2026-08-17T18:48:05Z,2026-08-17T18:48:05Z,
82.221.99.236,ipv4,attack,high,WHITE,blocklist.de/all|blocklist.de/apache|blocklist.de/mail|ziyadnz/hourly-ipv4,blocklist.de|brute-force|apache|rfi|ddos|spam|mail|ziyadnz|hourly,2026-08-17T18:48:05Z,2026-08-17T18:48:05Z,
82.221.99.237,ipv4,attack,high,WHITE,blocklist.de/all|blocklist.de/apache|blocklist.de/mail|ziyadnz/hourly-ipv4,blocklist.de|brute-force|apache|rfi|ddos|spam|mail|ziyadnz|hourly,2026-08-17T18:48:05Z,2026-08-17T18:48:05Z,
82.221.99.238,ipv4,attack,high,WHITE,blocklist.de/all|blocklist.de/apache|blocklist.de/mail|ziyadnz/hourly-ipv4,blocklist.de|brute-force|apache|rfi|ddos|spam|mail|ziyadnz|hourly,2026-08-17T18:48:05Z,2026-08-17T18:48:05Z,
82.221.99.239,ipv4,attack,high,WHITE,blocklist.de/all|blocklist.de/apache|blocklist.de/mail|ziyadnz/hourly-ipv4,blocklist.de|brute-force|apache|rfi|ddos|spam|mail|ziyadnz|hourly,2026-08-17T18:48:05Z,2026-08-17T18:48:05Z,
5.167.64.0,ipv4,attack,high,WHITE,blocklist.de/all|blocklist.de/apache|blocklist.de/mail|ziyadnz/hourly-ipv4,blocklist.de|brute-force|apache|rfi|ddos|spam|mail|ziyadnz|hourly,2026-08-17T18:48:05Z,2026-08-17T18:48:05Z,
5.167.64.1,ipv4,attack,high,WHITE,blocklist.de/all|blocklist.de/apache|blocklist.de/mail|ziyadnz/hourly-ipv4,blocklist.de|brute-force|apache|rfi|ddos|spam|mail|ziyadnz|hourly,2026-08-17T18:48:05Z,2026-08-17T18:48:05Z,
5.167.64.2,ipv4,attack,high,WHITE,blocklist.de/all|blocklist.de/apache|blocklist.de/mail|ziyadnz/hourly-ipv4,blocklist.de|brute-force|apache|rfi|ddos|spam|mail|ziyadnz|hourly,2026-08-17T18:48:05Z,2026-08-17T18:48:05Z,
5.167.64.3,ipv4,attack,high,WHITE,blocklist.de/all|blocklist.de/apache|blocklist.de/mail|ziyadnz/hourly-ipv4,blocklist.de|brute-force|apache|rfi|ddos|spam|mail|ziyadnz|hourly,2026-08-17T18:48:05Z,2026-08-17T18:48:05Z,
5.167.64.4,ipv4,attack,high,WHITE,blocklist.de/all|blocklist.de/apache|blocklist.de/mail|ziyadnz/hourly-ipv4,blocklist.de|brute-force|apache|rfi|ddos|spam|mail|ziyadnz|hourly,2026-08-17T18:48:05Z,2026-08-17T18:48:05Z,
5.167.64.5,ipv4,attack,high,WHITE,blocklist.de/all|blocklist.de/apache|blocklist.de/mail|ziyadnz/hourly-ipv4,blocklist.de|brute-force|apache|rfi|ddos|spam|mail|ziyadnz|hourly,2026-08-17T18:48:05Z,2026-08-17T18:48:05Z,
5.167.64.6,ipv4,attack,high,WHITE,blocklist.de/all|blocklist.de/apache|blocklist.de/mail|ziyadnz/hourly-ipv4,blocklist.de|brute-force|apache|rfi|ddos|spam|mail|ziyadnz|hourly,2026-08-17T18:48:05Z,2026-08-17T18:48:05Z,
5.167.64.7,ipv4,attack,high,WHITE,blocklist.de/all|blocklist.de/apache|blocklist.de/mail|ziyadnz/hourly-ipv4,blocklist.de|brute-force|apache|rfi|ddos|spam|mail|ziyadnz|hourly,2026-08-17T18:48:05Z,2026-08-17T18:48:05Z,
5.167.64.8,ipv4,attack,high,WHITE,blocklist.de/all|blocklist.de/apache|blocklist.de/mail|ziyadnz/hourly-ipv4,blocklist.de|brute-force|apache|rfi|ddos|spam|mail|ziyadnz|hourly,2026-08-17T18:48:05Z,2026-08-17T18:48:05Z,
5.167.64.9,ipv4,attack,high,WHITE,blocklist.de/all|blocklist.de/apache|blocklist.de/mail|ziyadnz/hourly-ipv4,blocklist.de|brute-force|apache|rfi|ddos|spam|mail|ziyadnz|hourly,2026-08-17T18:48:05Z,2026-08-17T18:48:05Z,
5.167.64.10,ipv4,attack,high,WHITE,blocklist.de/all|blocklist.de/apache|blocklist.de/mail|ziyadnz/hourly-ipv4,blocklist.de|brute-force|apache|rfi|ddos|spam|mail|ziyadnz|hourly,2026-08-17T18:48:05Z,2026-08-17T18:48:05Z,
5.167.64.11,ipv4,attack,high,WHITE,blocklist.de/all|blocklist.de/apache|blocklist.de/mail|ziyadnz/hourly-ipv4,blocklist.de|brute-force|apache|rfi|ddos|spam|mail|ziyadnz|hourly,2026-08-17T18:48:05Z,2026-08-17T18:48:05Z,
5.167.64.12,ipv4,attack,high,WHITE,blocklist.de/all|blocklist.de/apache|blocklist.de/mail|ziyadnz/hourly-ipv4,blocklist.de|brute-force|apache|rfi|ddos|spam|mail|ziyadnz|hourly,2026-08-17T18:48:05Z,2026-08-17T18:48:05Z,
5.167.64.13,ipv4,attack,high,WHITE,blocklist.de/all|blocklist.de/apache|blocklist.de/mail|ziyadnz/hourly-ipv4,blocklist.de|brute-force|apache|rfi|ddos|spam|mail|ziyadnz|hourly,2026-08-17T18:48:05Z,2026-08-17T18:48:05Z,
5.167.64.14,ipv4,attack,high,WHITE,blocklist.de/all|blocklist.de/apache|blocklist.de/mail|ziyadnz/hourly-ipv4,blocklist.de|brute-force|apache|rfi|ddos|spam|mail|ziyadnz|hourly,2026-08-17T18:48:05Z,2026-08-17T18:48:05Z,
5.167.64.15,ipv4,attack,high,WHITE,blocklist.de/all|blocklist.de/apache|blocklist.de/mail|ziyadnz/hourly-ipv4,blocklist.de|brute-force|apache|rfi|ddos|spam|mail|ziyadnz|hourly,2026-08-17T18:48:05Z,2026-08-17T18:48:05Z,
5.167.64.16,ipv4,attack,high,WHITE,blocklist.de/all|blocklist.de/apache|blocklist.de/mail|ziyadnz/hourly-ipv4,blocklist.de|brute-force|apache|rfi|ddos|spam|mail|ziyadnz|hourly,2026-08-17T18:48:05Z,2026-08-17T18:48:05Z,
5.167.64.17,ipv4,attack,high,WHITE,blocklist.de/all|blocklist.de/apache|blocklist.de/mail|ziyadnz/hourly-ipv4,blocklist.de|brute-force|apache|rfi|ddos|spam|mail|ziyadnz|hourly,2026-08-17T18:48:05Z,2026-08-17T18:48:05Z,
5.167.64.18,ipv4,attack,high,WHITE,blocklist.de/all|blocklist.de/apache|blocklist.de/mail|ziyadnz/hourly-ipv4,blocklist.de|brute-force|apache|rfi|ddos|spam|mail|ziyadnz|hourly,2026-08-17T18:48:05Z,2026-08-17T18:48:05Z,
5.167.64.19,ipv4,attack,high,WHITE,blocklist.de/all|blocklist.de/apache|blocklist.de/mail|ziyadnz/hourly-ipv4,blocklist.de|brute-force|apache|rfi|ddos|spam|mail|ziyadnz|hourly,2026-08-17T18:48:05Z,2026-08-17T18:48:05Z,
5.167.64.20,ipv4,attack,high,WHITE,blocklist.de/all|blocklist.de/apache|blocklist.de/mail|ziyadnz/hourly-ipv4,blocklist.de|brute-force|apache|rfi|ddos|spam|mail|ziyadnz|hourly,2026-08-17T18:48:05Z,2026-08-17T18:48:05Z,
5.167.64.21,ipv4,attack,high,WHITE,blocklist.de/all|blocklist.de/apache|blocklist.de/mail|ziyadnz/hourly-ipv4,blocklist.de|brute-force|apache|rfi|ddos|spam|mail|ziyadnz|hourly,2026-08-17T18:48:05Z,2026-08-17T18:48:05Z,
5.167.64.22,ipv4,attack,high,WHITE,blocklist.de/all|blocklist.de/apache|blocklist.de/mail|ziyadnz/hourly-ipv4,blocklist.de|brute-force|apache|rfi|ddos|spam|mail|ziyadnz|hourly,2026-08-17T18:48:05Z,2026-08-17T18:48:05Z,
5.167.64.23,ipv4,attack,high,WHITE,blocklist.de/all|blocklist.de/apache|blocklist.de/mail|ziyadnz/hourly-ipv4,blocklist.de|brute-force|apache|rfi|ddos|spam|mail|ziyadnz|hourly,2026-08-17T18:48:05Z,2026-08-17T18:48:05Z,
5.167.64.24,ipv4,attack,high,WHITE,blocklist.de/all|blocklist.de/apache|blocklist.de/mail|ziyadnz/hourly-ipv4,blocklist.de|brute-force|apache|rfi|ddos|spam|mail|ziyadnz|hourly,2026-08-17T18:48:05Z,2026-08-17T18:48:05Z,
5.167.64.25,ipv4,attack,high,WHITE,blocklist.de/all|blocklist.de/apache|blocklist.de/mail|ziyadnz/hourly-ipv4,blocklist.de|brute-force|apache|rfi|ddos|spam|mail|ziyadnz|hourly,2026-08-17T18:48:05Z,2026-08-17T18:48:05Z,
5.167.64.26,ipv4,attack,high,WHITE,blocklist.de/all|blocklist.de/apache|blocklist.de/mail|ziyadnz/hourly-ipv4,blocklist.de|brute-force|apache|rfi|ddos|spam|mail|ziyadnz|hourly,2026-08-17T18:48:05Z,2026-08-17T18:48:05Z,
5.167.64.27,ipv4,attack,high,WHITE,blocklist.de/all|blocklist.de/apache|blocklist.de/mail|ziyadnz/hourly-ipv4,blocklist.de|brute-force|apache|rfi|ddos|spam|mail|ziyadnz|hourly,2026-08-17T18:48:05Z,2026-08-17T18:48:05Z,
5.167.64.28,ipv4,attack,high,WHITE,blocklist.de/all|blocklist.de/apache|blocklist.de/mail|ziyadnz/hourly-ipv4,blocklist.de|brute-force|apache|rfi|ddos|spam|mail|ziyadnz|hourly,2026-08-17T18:48:05Z,2026-08-17T18:48:05Z,
5.167.64.29,ipv4,attack,high,WHITE,blocklist.de/all|blocklist.de/apache|blocklist.de/mail|ziyadnz/hourly-ipv4,blocklist.de|brute-force|apache|rfi|ddos|spam|mail|ziyadnz|hourly,2026-08-17T18:48:05Z,2026-08-17T18:48:05Z,
5.167.64.30,ipv4,attack,high,WHITE,blocklist.de/all|blocklist.de/apache|blocklist.de/mail|ziyadnz/hourly-ipv4,blocklist.de|brute-force|apache|rfi|ddos|spam|mail|ziyadnz|hourly,2026-08-17T18:48:05Z,2026-08-17T18:48:05Z,
5.167.64.31,ipv4,attack,high,WHITE,blocklist.de/all|blocklist.de/apache|blocklist.de/mail|ziyadnz/hourly-ipv4,blocklist.de|brute-force|apache|rfi|ddos|spam|mail|ziyadnz|hourly,2026-08-17T18:48:05Z,2026-08-17T18:48:05Z,
5.167.64.32,ipv4,attack,high,WHITE,blocklist.de/all|blocklist.de/apache|blocklist.de/mail|ziyadnz/hourly-ipv4,blocklist.de|brute-force|apache|rfi|ddos|spam|mail|ziyadnz|hourly,2026-08-17T18:48:05Z,2026-08-17T18:48:05Z,
5.167.64.33,ipv4,attack,high,WHITE,blocklist.de/all|blocklist.de/apache|blocklist.de/mail|ziyadnz/hourly-ipv4,blocklist.de|brute-force|apache|rfi|ddos|spam|mail|ziyadnz|hourly,2026-08-17T18:48:05Z,2026-08-17T18:48:05Z,
5.167.64.34,ipv4,attack,high,WHITE,blocklist.de/all|blocklist.de/apache|blocklist.de/mail|ziyadnz/hourly-ipv4,blocklist.de|brute-force|apache|rfi|ddos|spam|mail|ziyadnz|hourly,2026-08-17T18:48:05Z,2026-08-17T18:48:05Z,
5.167.64.35,ipv4,attack,high,WHITE,blocklist.de/all|blocklist.de/apache|blocklist.de/mail|ziyadnz/hourly-ipv4,blocklist.de|brute-force|apache|rfi|ddos|spam|mail|ziyadnz|hourly,2026-08-17T18:48:05Z,2026-08-17T18:48:05Z,
5.167.64.36,ipv4,attack,high,WHITE,blocklist.de/all|blocklist.de/apache|blocklist.de/mail|ziyadnz/hourly-ipv4,blocklist.de|brute-force|apache|rfi|ddos|spam|mail|ziyadnz|hourly,2026-08-17T18:48:05Z,2026-08-17T18:48:05Z,
5.167.64.37,ipv4,attack,high,WHITE,blocklist.de/all|blocklist.de/apache|blocklist.de/mail|ziyadnz/hourly-ipv4,blocklist.de|brute-force|apache|rfi|ddos|spam|mail|ziyadnz|hourly,2026-08-17T18:48:05Z,2026-08-17T18:48:05Z,
5.167.64.38,ipv4,attack,high,WHITE,blocklist.de/all|blocklist.de/apache|blocklist.de/mail|ziyadnz/hourly-ipv4,blocklist.de|brute-force|apache|rfi|ddos|spam|mail|ziyadnz|hourly,2026-08-17T18:48:05Z,2026-08-17T18:48:05Z,
5.167.64.39,ipv4,attack,high,WHITE,blocklist.de/all|blocklist.de/apache|blocklist.de/mail|ziyadnz/hourly-ipv4,blocklist.de|brute-force|apache|rfi|ddos|spam|mail|ziyadnz|hourly,2026-08-17T18:48:05Z,2026-08-17T18:48:05Z,
5.167.64.40,ipv4,attack,high,WHITE,blocklist.de/all|blocklist.de/apache|blocklist.de/mail|ziyadnz/hourly-ipv4,blocklist.de|brute-force|apache|rfi|ddos|spam|mail|ziyadnz|hourly,2026-08-17T18:48:05Z,2026-08-17T18:48:05Z,
5.167.64.41,ipv4,attack,high,WHITE,blocklist.de/all|blocklist.de/apache|blocklist.de/mail|ziyadnz/hourly-ipv4,blocklist.de|brute-force|apache|rfi|ddos|spam|mail|ziyadnz|hourly,2026-08-17T18:48:05Z,2026-08-17T18:48:05Z,
5.167.64.42,ipv4,attack,high,WHITE,blocklist.de/all|blocklist.de/apache|blocklist.de/mail|ziyadnz/hourly-ipv4,blocklist.de|brute-force|apache|rfi|ddos|spam|mail|ziyadnz|hourly,2026-08-17T18:48:05Z,2026-08-17T18:48:05Z,
5.167.64.43,ipv4,attack,high,WHITE,blocklist.de/all|blocklist.de/apache|blocklist.de/mail|ziyadnz/hourly-ipv4,blocklist.de|brute-force|apache|rfi|ddos|spam|mail|ziyadnz|hourly,2026-08-17T18:48:05Z,2026-08-17T18:48:05Z,
5.167.64.44,ipv4,attack,high,WHITE,blocklist.de/all|blocklist.de/apache|blocklist.de/mail|ziyadnz/hourly-ipv4,blocklist.de|brute-force|apache|rfi|ddos|spam|mail|ziyadnz|hourly,2026-08-17T18:48:05Z,2026-08-17T18:48:05Z,
5.167.64.45,ipv4,attack,high,WHITE,blocklist.de/all|blocklist.de/apache|blocklist.de/mail|ziyadnz/hourly-ipv4,blocklist.de|brute-force|apache|rfi|ddos|spam|mail|ziyadnz|hourly,2026-08-17T18:48:05Z,2026-08-17T18:48:05Z,
5.167.64.46,ipv4,attack,high,WHITE,blocklist.de/all|blocklist.de/apache|blocklist.de/mail|ziyadnz/hourly-ipv4,blocklist.de|brute-force|apache|rfi|ddos|spam|mail|ziyadnz|hourly,2026-08-17T18:48:05Z,2026-08-17T18:48:05Z,
5.167.64.47,ipv4,attack,high,WHITE,blocklist.de/all|blocklist.de/apache|blocklist.de/mail|ziyadnz/hourly-ipv4,blocklist.de|brute-force|apache|rfi|ddos|spam|mail|ziyadnz|hourly,2026-08-17T18:48:05Z,2026-08-17T18:48:05Z,
5.167.64.48,ipv4,attack,high,WHITE,blocklist.de/all|blocklist.de/apache|blocklist.de/mail|ziyadnz/hourly-ipv4,blocklist.de|brute-force|apache|rfi|ddos|spam|mail|ziyadnz|hourly,2026-08-17T18:48:05Z,2026-08-17T18:48:05Z,
5.167.64.49,ipv4,attack,high,WHITE,blocklist.de/all|blocklist.de/apache|blocklist.de/mail|ziyadnz/hourly-ipv4,blocklist.de|brute-force|apache|rfi|ddos|spam|mail|ziyadnz|hourly,2026-08-17T18:48:05Z,2026-08-17T18:48:05Z,
5.167.64.50,ipv4,attack,high,WHITE,blocklist.de/all|blocklist.de/apache|blocklist.de/mail|ziyadnz/hourly-ipv4,blocklist.de|brute-force|apache|rfi|ddos|spam|mail|ziyadnz|hourly,2026-08-17T18:48:05Z,2026-08-17T18:48:05Z,
5.167.64.51,ipv4,attack,high,WHITE,blocklist.de/all|blocklist.de/apache|blocklist.de/mail|ziyadnz/hourly-ipv4,blocklist.de|brute-force|apache|rfi|ddos|spam|mail|ziyadnz|hourly,2026-08-17T18:48:05Z,2026-08-17T18:48:05Z,
5.167.64.52,ipv4,attack,high,WHITE,blocklist.de/all|blocklist.de/apache|blocklist.de/mail|ziyadnz/hourly-ipv4,blocklist.de|brute-force|apache|rfi|ddos|spam|mail|ziyadnz|hourly,2026-08-17T18:48:05Z,2026-08-17T18:48:05Z,
5.167.64.53,ipv4,attack,high,WHITE,blocklist.de/all|blocklist.de/apache|blocklist.de/mail|ziyadnz/hourly-ipv4,blocklist.de|brute-force|apache|rfi|ddos|spam|mail|ziyadnz|hourly,2026-08-17T18:48:05Z,2026-08-17T18:48:05Z,
5.167.64.54,ipv4,attack,high,WHITE,blocklist.de/all|blocklist.de/apache|blocklist.de/mail|ziyadnz/hourly-ipv4,blocklist.de|brute-force|apache|rfi|ddos|spam|mail|ziyadnz|hourly,2026-08-17T18:48:05Z,2026-08-17T18:48:05Z,
5.167.64.55,ipv4,attack,high,WHITE,blocklist.de/all|blocklist.de/apache|blocklist.de/mail|ziyadnz/hourly-ipv4,blocklist.de|brute-force|apache|rfi|ddos|spam|mail|ziyadnz|hourly,2026-08-17T18:48:05Z,2026-08-17T18:48:05Z,
5.167.64.56,ipv4,attack,high,WHITE,blocklist.de/all|blocklist.de/apache|blocklist.de/mail|ziyadnz/hourly-ipv4,blocklist.de|brute-force|apache|rfi|ddos|spam|mail|ziyadnz|hourly,2026-08-17T18:48:05Z,2026-08-17T18:48:05Z,
5.167.64.57,ipv4,attack,high,WHITE,blocklist.de/all|blocklist.de/apache|blocklist.de/mail|ziyadnz/hourly-ipv4,blocklist.de|brute-force|apache|rfi|ddos|spam|mail|ziyadnz|hourly,2026-08-17T18:48:05Z,2026-08-17T18:48:05Z,
5.167.64.58,ipv4,attack,high,WHITE,blocklist.de/all|blocklist.de/apache|blocklist.de/mail|ziyadnz/hourly-ipv4,blocklist.de|brute-force|apache|rfi|ddos|spam|mail|ziyadnz|hourly,2026-08-17T18:48:05Z,2026-08-17T18:48:05Z,
5.167.64.59,ipv4,attack,high,WHITE,blocklist.de/all|blocklist.de/apache|blocklist.de/mail|ziyadnz/hourly-ipv4,blocklist.de|brute-force|apache|rfi|ddos|spam|mail|ziyadnz|hourly,2026-08-17T18:48:05Z,2026-08-17T18:48:05Z,
5.167.64.60,ipv4,attack,high,WHITE,blocklist.de/all|blocklist.de/apache|blocklist.de/mail|ziyadnz/hourly-ipv4,blocklist.de|brute-force|apache|rfi|ddos|spam|mail|ziyadnz|hourly,2026-08-17T18:48:05Z,2026-08-17T18:48:05Z,
5.167.64.61,ipv4,attack,high,WHITE,blocklist.de/all|blocklist.de/apache|blocklist.de/mail|ziyadnz/hourly-ipv4,blocklist.de|brute-force|apache|rfi|ddos|spam|mail|ziyadnz|hourly,2026-08-17T18:48:05Z,2026-08-17T18:48:05Z,
5.167.64.62,ipv4,attack,high,WHITE,blocklist.de/all|blocklist.de/apache|blocklist.de/mail|ziyadnz/hourly-ipv4,blocklist.de|brute-force|apache|rfi|ddos|spam|mail|ziyadnz|hourly,2026-08-17T18:48:05Z,2026-08-17T18:48:05Z,
5.167.64.63,ipv4,attack,high,WHITE,blocklist.de/all|blocklist.de/apache|blocklist.de/mail|ziyadnz/hourly-ipv4,blocklist.de|brute-force|apache|rfi|ddos|spam|mail|ziyadnz|hourly,2026-08-17T18:48:05Z,2026-08-17T18:48:05Z,
5.167.64.64,ipv4,attack,high,WHITE,blocklist.de/all|blocklist.de/apache|blocklist.de/mail|ziyadnz/hourly-ipv4,blocklist.de|brute-force|apache|rfi|ddos|spam|mail|ziyadnz|hourly,2026-08-17T18:48:05Z,2026-08-17T18:48:05Z,
5.167.64.65,ipv4,attack,high,WHITE,blocklist.de/all|blocklist.de/apache|blocklist.de/mail|ziyadnz/hourly-ipv4,blocklist.de|brute-force|apache|rfi|ddos|spam|mail|ziyadnz|hourly,2026-08-17T18:48:05Z,2026-08-17T18:48:05Z,
5.167.64.66,ipv4,attack,high,WHITE,blocklist.de/all|blocklist.de/apache|blocklist.de/mail|ziyadnz/hourly-ipv4,blocklist.de|brute-force|apache|rfi|ddos|spam|mail|ziyadnz|hourly,2026-08-17T18:48:05Z,2026-08-17T18:48:05Z,
5.167.64.67,ipv4,attack,high,WHITE,blocklist.de/all|blocklist.de/apache|blocklist.de/mail|ziyadnz/hourly-ipv4,blocklist.de|brute-force|apache|rfi|ddos|spam|mail|ziyadnz|hourly,2026-08-17T18:48:05Z,2026-08-17T18:48:05Z,
5.167.64.68,ipv4,attack,high,WHITE,blocklist.de/all|blocklist.de/apache|blocklist.de/mail|ziyadnz/hourly-ipv4,blocklist.de|brute-force|apache|rfi|ddos|spam|mail|ziyadnz|hourly,2026-08-17T18:48:05Z,2026-08-17T18:48:05Z,
5.167.64.69,ipv4,attack,high,WHITE,blocklist.de/all|blocklist.de/apache|blocklist.de/mail|ziyadnz/hourly-ipv4,blocklist.de|brute-force|apache|rfi|ddos|spam|mail|ziyadnz|hourly,2026-08-17T18:48:05Z,2026-08-17T18:48:05Z,
5.167.64.70,ipv4,attack,high,WHITE,blocklist.de/all|blocklist.de/apache|blocklist.de/mail|ziyadnz/hourly-ipv4,blocklist.de|brute-force|apache|rfi|ddos|spam|mail|ziyadnz|hourly,2026-08-17T18:48:05Z,2026-08-17T18:48:05Z,
5.167.64.71,ipv4,attack,high,WHITE,blocklist.de/all|blocklist.de/apache|blocklist.de/mail|ziyadnz/hourly-ipv4,blocklist.de|brute-force|apache|rfi|ddos|spam|mail|ziyadnz|hourly,2026-08-17T18:48:05Z,2026-08-17T18:48:05Z,
5.167.64.72,ipv4,attack,high,WHITE,blocklist.de/all|blocklist.de/apache|blocklist.de/mail|ziyadnz/hourly-ipv4,blocklist.de|brute-force|apache|rfi|ddos|spam|mail|ziyadnz|hourly,2026-08-17T18:48:05Z,2026-08-17T18:48:05Z,
5.167.64.73,ipv4,attack,high,WHITE,blocklist.de/all|blocklist.de/apache|blocklist.de/mail|ziyadnz/hourly-ipv4,blocklist.de|brute-force|apache|rfi|ddos|spam|mail|ziyadnz|hourly,2026-08-17T18:48:05Z,2026-08-17T18:48:05Z,
5.167.64.74,ipv4,attack,high,WHITE,blocklist.de/all|blocklist.de/apache|blocklist.de/mail|ziyadnz/hourly-ipv4,blocklist.de|brute-force|apache|rfi|ddos|spam|mail|ziyadnz|hourly,2026-08-17T18:48:05Z,2026-08-17T18:48:05Z,
5.167.64.75,ipv4,attack,high,WHITE,blocklist.de/all|blocklist.de/apache|blocklist.de/mail|ziyadnz/hourly-ipv4,blocklist.de|brute-force|apache|rfi|ddos|spam|mail|ziyadnz|hourly,2026-08-17T18:48:05Z,2026-08-17T18:48:05Z,
5.167.64.76,ipv4,attack,high,WHITE,blocklist.de/all|blocklist.de/apache|blocklist.de/mail|ziyadnz/hourly-ipv4,blocklist.de|brute-force|apache|rfi|ddos|spam|mail|ziyadnz|hourly,2026-08-17T18:48:05Z,2026-08-17T18:48:05Z,
5.167.64.77,ipv4,attack,high,WHITE,blocklist.de/all|blocklist.de/apache|blocklist.de/mail|ziyadnz/hourly-ipv4,blocklist.de|brute-force|apache|rfi|ddos|spam|mail|ziyadnz|hourly,2026-08-17T18:48:05Z,2026-08-17T18:48:05Z,
5.167.64.78,ipv4,attack,high,WHITE,blocklist.de/all|blocklist.de/apache|blocklist.de/mail|ziyadnz/hourly-ipv4,blocklist.de|brute-force|apache|rfi|ddos|spam|mail|ziyadnz|hourly,2026-08-17T18:48:05Z,2026-08-17T18:48:05Z,
5.167.64.79,ipv4,attack,high,WHITE,blocklist.de/all|blocklist.de/apache|blocklist.de/mail|ziyadnz/hourly-ipv4,blocklist.de|brute-force|apache|rfi|ddos|spam|mail|ziyadnz|hourly,2026-08-17T18:48:05Z,2026-08-17T18:48:05Z,
5.167.64.80,ipv4,attack,high,WHITE,blocklist.de/all|blocklist.de/apache|blocklist.de/mail|ziyadnz/hourly-ipv4,blocklist.de|brute-force|apache|rfi|ddos|spam|mail|ziyadnz|hourly,2026-08-17T18:48:05Z,2026-08-17T18:48:05Z,
5.167.64.81,ipv4,attack,high,WHITE,blocklist.de/all|blocklist.de/apache|blocklist.de/mail|ziyadnz/hourly-ipv4,blocklist.de|brute-force|apache|rfi|ddos|spam|mail|ziyadnz|hourly,2026-08-17T18:48:05Z,2026-08-17T18:48:05Z,
5.167.64.82,ipv4,attack,high,WHITE,blocklist.de/all|blocklist.de/apache|blocklist.de/mail|ziyadnz/hourly-ipv4,blocklist.de|brute-force|apache|rfi|ddos|spam|mail|ziyadnz|hourly,2026-08-17T18:48:05Z,2026-08-17T18:48:05Z,
5.167.64.83,ipv4,attack,high,WHITE,blocklist.de/all|blocklist.de/apache|blocklist.de/mail|ziyadnz/hourly-ipv4,blocklist.de|brute-force|apache|rfi|ddos|spam|mail|ziyadnz|hourly,2026-08-17T18:48:05Z,2026-08-17T18:48:05Z,
5.167.64.84,ipv4,attack,high,WHITE,blocklist.de/all|blocklist.de/apache|blocklist.de/mail|ziyadnz/hourly-ipv4,blocklist.de|brute-force|apache|rfi|ddos|spam|mail|ziyadnz|hourly,2026-08-17T18:48:05Z,2026-08-17T18:48:05Z,
5.167.64.85,ipv4,attack,high,WHITE,blocklist.de/all|blocklist.de/apache|blocklist.de/mail|ziyadnz/hourly-ipv4,blocklist.de|brute-force|apache|rfi|ddos|spam|mail|ziyadnz|hourly,2026-08-17T18:48:05Z,2026-08-17T18:48:05Z,
5.167.64.86,ipv4,attack,high,WHITE,blocklist.de/all|blocklist.de/apache|blocklist.de/mail|ziyadnz/hourly-ipv4,blocklist.de|brute-force|apache|rfi|ddos|spam|mail|ziyadnz|hourly,2026-08-17T18:48:05Z,2026-08-17T18:48:05Z,
5.167.64.87,ipv4,attack,high,WHITE,blocklist.de/all|blocklist.de/apache|blocklist.de/mail|ziyadnz/hourly-ipv4,blocklist.de|brute-force|apache|rfi|ddos|spam|mail|ziyadnz|hourly,2026-08-17T18:48:05Z,2026-08-17T18:48:05Z,
5.167.64.88,ipv4,attack,high,WHITE,blocklist.de/all|blocklist.de/apache|blocklist.de/mail|ziyadnz/hourly-ipv4,blocklist.de|brute-force|apache|rfi|ddos|spam|mail|ziyadnz|hourly,2026-08-17T18:48:05Z,2026-08-17T18:48:05Z,
5.167.64.89,ipv4,attack,high,WHITE,blocklist.de/all|blocklist.de/apache|blocklist.de/mail|ziyadnz/hourly-ipv4,blocklist.de|brute-force|apache|rfi|ddos|spam|mail|ziyadnz|hourly,2026-08-17T18:48:05Z,2026-08-17T18:48:05Z,
5.167.64.90,ipv4,attack,high,WHITE,blocklist.de/all|blocklist.de/apache|blocklist.de/mail|ziyadnz/hourly-ipv4,blocklist.de|brute-force|apache|rfi|ddos|spam|mail|ziyadnz|hourly,2026-08-17T18:48:05Z,2026-08-17T18:48:05Z,
5.167.64.91,ipv4,attack,high,WHITE,blocklist.de/all|blocklist.de/apache|blocklist.de/mail|ziyadnz/hourly-ipv4,blocklist.de|brute-force|apache|rfi|ddos|spam|mail|ziyadnz|hourly,2026-08-17T18:48:05Z,2026-08-17T18:48:05Z,
5.167.64.92,ipv4,attack,high,WHITE,blocklist.de/all|blocklist.de/apache|blocklist.de/mail|ziyadnz/hourly-ipv4,blocklist.de|brute-force|apache|rfi|ddos|spam|mail|ziyadnz|hourly,2026-08-17T18:48:05Z,2026-08-17T18:48:05Z,
5.167.64.93,ipv4,attack,high,WHITE,blocklist.de/all|blocklist.de/apache|blocklist.de/mail|ziyadnz/hourly-ipv4,blocklist.de|brute-force|apache|rfi|ddos|spam|mail|ziyadnz|hourly,2026-08-17T18:48:05Z,2026-08-17T18:48:05Z,
5.167.64.94,ipv4,attack,high,WHITE,blocklist.de/all|blocklist.de/apache|blocklist.de/mail|ziyadnz/hourly-ipv4,blocklist.de|brute-force|apache|rfi|ddos|spam|mail|ziyadnz|hourly,2026-08-17T18:48:05Z,2026-08-17T18:48:05Z,
5.167.64.95,ipv4,attack,high,WHITE,blocklist.de/all|blocklist.de/apache|blocklist.de/mail|ziyadnz/hourly-ipv4,blocklist.de|brute-force|apache|rfi|ddos|spam|mail|ziyadnz|hourly,2026-08-17T18:48:05Z,2026-08-17T18:48:05Z,
5.167.64.96,ipv4,attack,high,WHITE,blocklist.de/all|blocklist.de/apache|blocklist.de/mail|ziyadnz/hourly-ipv4,blocklist.de|brute-force|apache|rfi|ddos|spam|mail|ziyadnz|hourly,2026-08-17T18:48:05Z,2026-08-17T18:48:05Z,
5.167.64.97,ipv4,attack,high,WHITE,blocklist.de/all|blocklist.de/apache|blocklist.de/mail|ziyadnz/hourly-ipv4,blocklist.de|brute-force|apache|rfi|ddos|spam|mail|ziyadnz|hourly,2026-08-17T18:48:05Z,2026-08-17T18:48:05Z,
5.167.64.98,ipv4,attack,high,WHITE,blocklist.de/all|blocklist.de/apache|blocklist.de/mail|ziyadnz/hourly-ipv4,blocklist.de|brute-force|apache|rfi|ddos|spam|mail|ziyadnz|hourly,2026-08-17T18:48:05Z,2026-08-17T18:48:05Z,
5.167.64.99,ipv4,attack,high,WHITE,blocklist.de/all|blocklist.de/apache|blocklist.de/mail|ziyadnz/hourly-ipv4,blocklist.de|brute-force|apache|rfi|ddos|spam|mail|ziyadnz|hourly,2026-08-17T18:48:05Z,2026-08-17T18:48:05Z,
5.167.64.100,ipv4,attack,high,WHITE,blocklist.de/all|blocklist.de/apache|blocklist.de/mail|ziyadnz/hourly-ipv4,blocklist.de|brute-force|apache|rfi|ddos|spam|mail|ziyadnz|hourly,2026-08-17T18:48:05Z,2026-08-17T18:48:05Z,
5.167.64.101,ipv4,attack,high,WHITE,blocklist.de/all|blocklist.de/apache|blocklist.de/mail|ziyadnz/hourly-ipv4,blocklist.de|brute-force|apache|rfi|ddos|spam|mail|ziyadnz|hourly,2026-08-17T18:48:05Z,2026-08-17T18:48:05Z,
5.167.64.102,ipv4,attack,high,WHITE,blocklist.de/all|blocklist.de/apache|blocklist.de/mail|ziyadnz/hourly-ipv4,blocklist.de|brute-force|apache|rfi|ddos|spam|mail|ziyadnz|hourly,2026-08-17T18:48:05Z,2026-08-17T18:48:05Z,
5.167.64.103,ipv4,attack,high,WHITE,blocklist.de/all|blocklist.de/apache|blocklist.de/mail|ziyadnz/hourly-ipv4,blocklist.de|brute-force|apache|rfi|ddos|spam|mail|ziyadnz|hourly,2026-08-17T18:48:05Z,2026-08-17T18:48:05Z,
5.167.64.104,ipv4,attack,high,WHITE,blocklist.de/all|blocklist.de/apache|blocklist.de/mail|ziyadnz/hourly-ipv4,blocklist.de|brute-force|apache|rfi|ddos|spam|mail|ziyadnz|hourly,2026-08-17T18:48:05Z,2026-08-17T18:48:05Z,
5.167.64.105,ipv4,attack,high,WHITE,blocklist.de/all|blocklist.de/apache|blocklist.de/mail|ziyadnz/hourly-ipv4,blocklist.de|brute-force|apache|rfi|ddos|spam|mail|ziyadnz|hourly,2026-08-17T18:48:05Z,2026-08-17T18:48:05Z,
5.167.64.106,ipv4,attack,high,WHITE,blocklist.de/all|blocklist.de/apache|blocklist.de/mail|ziyadnz/hourly-ipv4,blocklist.de|brute-force|apache|rfi|ddos|spam|mail|ziyadnz|hourly,2026-08-17T18:48:05Z,2026-08-17T18:48:05Z,
5.167.64.107,ipv4,attack,high,WHITE,blocklist.de/all|blocklist.de/apache|blocklist.de/mail|ziyadnz/hourly-ipv4,blocklist.de|brute-force|apache|rfi|ddos|spam|mail|ziyadnz|hourly,2026-08-17T18:48:05Z,2026-08-17T18:48:05Z,
5.167.64.108,ipv4,attack,high,WHITE,blocklist.de/all|blocklist.de/apache|blocklist.de/mail|ziyadnz/hourly-ipv4,blocklist.de|brute-force|apache|rfi|ddos|spam|mail|ziyadnz|hourly,2026-08-17T18:48:05Z,2026-08-17T18:48:05Z,
5.167.64.109,ipv4,attack,high,WHITE,blocklist.de/all|blocklist.de/apache|blocklist.de/mail|ziyadnz/hourly-ipv4,blocklist.de|brute-force|apache|rfi|ddos|spam|mail|ziyadnz|hourly,2026-08-17T18:48:05Z,2026-08-17T18:48:05Z,
5.167.64.110,ipv4,attack,high,WHITE,blocklist.de/all|blocklist.de/apache|blocklist.de/mail|ziyadnz/hourly-ipv4,blocklist.de|brute-force|apache|rfi|ddos|spam|mail|ziyadnz|hourly,2026-08-17T18:48:05Z,2026-08-17T18:48:05Z,
5.167.64.111,ipv4,attack,high,WHITE,blocklist.de/all|blocklist.de/apache|blocklist.de/mail|ziyadnz/hourly-ipv4,blocklist.de|brute-force|apache|rfi|ddos|spam|mail|ziyadnz|hourly,2026-08-17T18:48:05Z,2026-08-17T18:48:05Z,
5.167.64.112,ipv4,attack,high,WHITE,blocklist.de/all|blocklist.de/apache|blocklist.de/mail|ziyadnz/hourly-ipv4,blocklist.de|brute-force|apache|rfi|ddos|spam|mail|ziyadnz|hourly,2026-08-17T18:48:05Z,2026-08-17T18:48:05Z,
5.167.64.113,ipv4,attack,high,WHITE,blocklist.de/all|blocklist.de/apache|blocklist.de/mail|ziyadnz/hourly-ipv4,blocklist.de|brute-force|apache|rfi|ddos|spam|mail|ziyadnz|hourly,2026-08-17T18:48:05Z,2026-08-17T18:48:05Z,
5.167.64.114,ipv4,attack,high,WHITE,blocklist.de/all|blocklist.de/apache|blocklist.de/mail|ziyadnz/hourly-ipv4,blocklist.de|brute-force|apache|rfi|ddos|spam|mail|ziyadnz|hourly,2026-08-17T18:48:05Z,2026-08-17T18:48:05Z,
5.167.64.115,ipv4,attack,high,WHITE,blocklist.de/all|blocklist.de/apache|blocklist.de/mail|ziyadnz/hourly-ipv4,blocklist.de|brute-force|apache|rfi|ddos|spam|mail|ziyadnz|hourly,2026-08-17T18:48:05Z,2026-08-17T18:48:05Z,
5.167.64.116,ipv4,attack,high,WHITE,blocklist.de/all|blocklist.de/apache|blocklist.de/mail|ziyadnz/hourly-ipv4,blocklist.de|brute-force|apache|rfi|ddos|spam|mail|ziyadnz|hourly,2026-08-17T18:48:05Z,2026-08-17T18:48:05Z,
5.167.64.117,ipv4,attack,high,WHITE,blocklist.de/all|blocklist.de/apache|blocklist.de/mail|ziyadnz/hourly-ipv4,blocklist.de|brute-force|apache|rfi|ddos|spam|mail|ziyadnz|hourly,2026-08-17T18:48:05Z,2026-08-17T18:48:05Z,
5.167.64.118,ipv4,attack,high,WHITE,blocklist.de/all|blocklist.de/apache|blocklist.de/mail|ziyadnz/hourly-ipv4,blocklist.de|brute-force|apache|rfi|ddos|spam|mail|ziyadnz|hourly,2026-08-17T18:48:05Z,2026-08-17T18:48:05Z,
5.167.64.119,ipv4,attack,high,WHITE,blocklist.de/all|blocklist.de/apache|blocklist.de/mail|ziyadnz/hourly-ipv4,blocklist.de|brute-force|apache|rfi|ddos|spam|mail|ziyadnz|hourly,2026-08-17T18:48:05Z,2026-08-17T18:48:05Z,
5.167.64.120,ipv4,attack,high,WHITE,blocklist.de/all|blocklist.de/apache|blocklist.de/mail|ziyadnz/hourly-ipv4,blocklist.de|brute-force|apache|rfi|ddos|spam|mail|ziyadnz|hourly,2026-08-17T18:48:05Z,2026-08-17T18:48:05Z,
5.167.64.121,ipv4,attack,high,WHITE,blocklist.de/all|blocklist.de/apache|blocklist.de/mail|ziyadnz/hourly-ipv4,blocklist.de|brute-force|apache|rfi|ddos|spam|mail|ziyadnz|hourly,2026-08-17T18:48:05Z,2026-08-17T18:48:05Z,
5.167.64.122,ipv4,attack,high,WHITE,blocklist.de/all|blocklist.de/apache|blocklist.de/mail|ziyadnz/hourly-ipv4,blocklist.de|brute-force|apache|rfi|ddos|spam|mail|ziyadnz|hourly,2026-08-17T18:48:05Z,2026-08-17T18:48:05Z,
5.167.64.123,ipv4,attack,high,WHITE,blocklist.de/all|blocklist.de/apache|blocklist.de/mail|ziyadnz/hourly-ipv4,blocklist.de|brute-force|apache|rfi|ddos|spam|mail|ziyadnz|hourly,2026-08-17T18:48:05Z,2026-08-17T18:48:05Z,
5.167.64.124,ipv4,attack,high,WHITE,blocklist.de/all|blocklist.de/apache|blocklist.de/mail|ziyadnz/hourly-ipv4,blocklist.de|brute-force|apache|rfi|ddos|spam|mail|ziyadnz|hourly,2026-08-17T18:48:05Z,2026-08-17T18:48:05Z,
5.167.64.125,ipv4,attack,high,WHITE,blocklist.de/all|blocklist.de/apache|blocklist.de/mail|ziyadnz/hourly-ipv4,blocklist.de|brute-force|apache|rfi|ddos|spam|mail|ziyadnz|hourly,2026-08-17T18:48:05Z,2026-08-17T18:48:05Z,
5.167.64.126,ipv4,attack,high,WHITE,blocklist.de/all|blocklist.de/apache|blocklist.de/mail|ziyadnz/hourly-ipv4,blocklist.de|brute-force|apache|rfi|ddos|spam|mail|ziyadnz|hourly,2026-08-17T18:48:05Z,2026-08-17T18:48:05Z,
5.167.64.127,ipv4,attack,high,WHITE,blocklist.de/all|blocklist.de/apache|blocklist.de/mail|ziyadnz/hourly-ipv4,blocklist.de|brute-force|apache|rfi|ddos|spam|mail|ziyadnz|hourly,2026-08-17T18:48:05Z,2026-08-17T18:48:05Z,
5.167.64.128,ipv4,attack,high,WHITE,blocklist.de/all|blocklist.de/apache|blocklist.de/mail|ziyadnz/hourly-ipv4,blocklist.de|brute-force|apache|rfi|ddos|spam|mail|ziyadnz|hourly,2026-08-17T18:48:05Z,2026-08-17T18:48:05Z,
5.167.64.129,ipv4,attack,high,WHITE,blocklist.de/all|blocklist.de/apache|blocklist.de/mail|ziyadnz/hourly-ipv4,blocklist.de|brute-force|apache|rfi|ddos|spam|mail|ziyadnz|hourly,2026-08-17T18:48:05Z,2026-08-17T18:48:05Z,
5.167.64.130,ipv4,attack,high,WHITE,blocklist.de/all|blocklist.de/apache|blocklist.de/mail|ziyadnz/hourly-ipv4,blocklist.de|brute-force|apache|rfi|ddos|spam|mail|ziyadnz|hourly,2026-08-17T18:48:05Z,2026-08-17T18:48:05Z,
5.167.64.131,ipv4,attack,high,WHITE,blocklist.de/all|blocklist.de/apache|blocklist.de/mail|ziyadnz/hourly-ipv4,blocklist.de|brute-force|apache|rfi|ddos|spam|mail|ziyadnz|hourly,2026-08-17T18:48:05Z,2026-08-17T18:48:05Z,
5.167.64.132,ipv4,attack,high,WHITE,blocklist.de/all|blocklist.de/apache|blocklist.de/mail|ziyadnz/hourly-ipv4,blocklist.de|brute-force|apache|rfi|ddos|spam|mail|ziyadnz|hourly,2026-08-17T18:48:05Z,2026-08-17T18:48:05Z,
5.167.64.133,ipv4,attack,high,WHITE,blocklist.de/all|blocklist.de/apache|blocklist.de/mail|ziyadnz/hourly-ipv4,blocklist.de|brute-force|apache|rfi|ddos|spam|mail|ziyadnz|hourly,2026-08-17T18:48:05Z,2026-08-17T18:48:05Z,
5.167.64.134,ipv4,attack,high,WHITE,blocklist.de/all|blocklist.de/apache|blocklist.de/mail|ziyadnz/hourly-ipv4,blocklist.de|brute-force|apache|rfi|ddos|spam|mail|ziyadnz|hourly,2026-08-17T18:48:05Z,2026-08-17T18:48:05Z,
5.167.64.135,ipv4,attack,high,WHITE,blocklist.de/all|blocklist.de/apache|blocklist.de/mail|ziyadnz/hourly-ipv4,blocklist.de|brute-force|apache|rfi|ddos|spam|mail|ziyadnz|hourly,2026-08-17T18:48:05Z,2026-08-17T18:48:05Z,
5.167.64.136,ipv4,attack,high,WHITE,blocklist.de/all|blocklist.de/apache|blocklist.de/mail|ziyadnz/hourly-ipv4,blocklist.de|brute-force|apache|rfi|ddos|spam|mail|ziyadnz|hourly,2026-08-17T18:48:05Z,2026-08-17T18:48:05Z,
5.167.64.137,ipv4,attack,high,WHITE,blocklist.de/all|blocklist.de/apache|blocklist.de/mail|ziyadnz/hourly-ipv4,blocklist.de|brute-force|apache|rfi|ddos|spam|mail|ziyadnz|hourly,2026-08-17T18:48:05Z,2026-08-17T18:48:05Z,
5.167.64.138,ipv4,attack,high,WHITE,blocklist.de/all|blocklist.de/apache|blocklist.de/mail|ziyadnz/hourly-ipv4,blocklist.de|brute-force|apache|rfi|ddos|spam|mail|ziyadnz|hourly,2026-08-17T18:48:05Z,2026-08-17T18:48:05Z,
5.167.64.139,ipv4,attack,high,WHITE,blocklist.de/all|blocklist.de/apache|blocklist.de/mail|ziyadnz/hourly-ipv4,blocklist.de|brute-force|apache|rfi|ddos|spam|mail|ziyadnz|hourly,2026-08-17T18:48:05Z,2026-08-17T18:48:05Z,
5.167.64.140,ipv4,attack,high,WHITE,blocklist.de/all|blocklist.de/apache|blocklist.de/mail|ziyadnz/hourly-ipv4,blocklist.de|brute-force|apache|rfi|ddos|spam|mail|ziyadnz|hourly,2026-08-17T18:48:05Z,2026-08-17T18:48:05Z,
5.167.64.141,ipv4,attack,high,WHITE,blocklist.de/all|blocklist.de/apache|blocklist.de/mail|ziyadnz/hourly-ipv4,blocklist.de|brute-force|apache|rfi|ddos|spam|mail|ziyadnz|hourly,2026-08-17T18:48:05Z,2026-08-17T18:48:05Z,
5.167.64.142,ipv4,attack,high,WHITE,blocklist.de/all|blocklist.de/apache|blocklist.de/mail|ziyadnz/hourly-ipv4,blocklist.de|brute-force|apache|rfi|ddos|spam|mail|ziyadnz|hourly,2026-08-17T18:48:05Z,2026-08-17T18:48:05Z,
5.167.64.143,ipv4,attack,high,WHITE,blocklist.de/all|blocklist.de/apache|blocklist.de/mail|ziyadnz/hourly-ipv4,blocklist.de|brute-force|apache|rfi|ddos|spam|mail|ziyadnz|hourly,2026-08-17T18:48:05Z,2026-08-17T18:48:05Z,
5.167.64.144,ipv4,attack,high,WHITE,blocklist.de/all|blocklist.de/apache|blocklist.de/mail|ziyadnz/hourly-ipv4,blocklist.de|brute-force|apache|rfi|ddos|spam|mail|ziyadnz|hourly,2026-08-17T18:48:05Z,2026-08-17T18:48:05Z,
5.167.64.145,ipv4,attack,high,WHITE,blocklist.de/all|blocklist.de/apache|blocklist.de/mail|ziyadnz/hourly-ipv4,blocklist.de|brute-force|apache|rfi|ddos|spam|mail|ziyadnz|hourly,2026-08-17T18:48:05Z,2026-08-17T18:48:05Z,
5.167.64.146,ipv4,attack,high,WHITE,blocklist.de/all|blocklist.de/apache|blocklist.de/mail|ziyadnz/hourly-ipv4,blocklist.de|brute-force|apache|rfi|ddos|spam|mail|ziyadnz|hourly,2026-08-17T18:48:05Z,2026-08-17T18:48:05Z,
5.167.64.147,ipv4,attack,high,WHITE,blocklist.de/all|blocklist.de/apache|blocklist.de/mail|ziyadnz/hourly-ipv4,blocklist.de|brute-force|apache|rfi|ddos|spam|mail|ziyadnz|hourly,2026-08-17T18:48:05Z,2026-08-17T18:48:05Z,
5.167.64.148,ipv4,attack,high,WHITE,blocklist.de/all|blocklist.de/apache|blocklist.de/mail|ziyadnz/hourly-ipv4,blocklist.de|brute-force|apache|rfi|ddos|spam|mail|ziyadnz|hourly,2026-08-17T18:48:05Z,2026-08-17T18:48:05Z,
5.167.64.149,ipv4,attack,high,WHITE,blocklist.de/all|blocklist.de/apache|blocklist.de/mail|ziyadnz/hourly-ipv4,blocklist.de|brute-force|apache|rfi|ddos|spam|mail|ziyadnz|hourly,2026-08-17T18:48:05Z,2026-08-17T18:48:05Z,
5.167.64.150,ipv4,attack,high,WHITE,blocklist.de/all|blocklist.de/apache|blocklist.de/mail|ziyadnz/hourly-ipv4,blocklist.de|brute-force|apache|rfi|ddos|spam|mail|ziyadnz|hourly,2026-08-17T18:48:05Z,2026-08-17T18:48:05Z,
5.167.64.151,ipv4,attack,high,WHITE,blocklist.de/all|blocklist.de/apache|blocklist.de/mail|ziyadnz/hourly-ipv4,blocklist.de|brute-force|apache|rfi|ddos|spam|mail|ziyadnz|hourly,2026-08-17T18:48:05Z,2026-08-17T18:48:05Z,
5.167.64.152,ipv4,attack,high,WHITE,blocklist.de/all|blocklist.de/apache|blocklist.de/mail|ziyadnz/hourly-ipv4,blocklist.de|brute-force|apache|rfi|ddos|spam|mail|ziyadnz|hourly,2026-08-17T18:48:05Z,2026-08-17T18:48:05Z,
5.167.64.153,ipv4,attack,high,WHITE,blocklist.de/all|blocklist.de/apache|blocklist.de/mail|ziyadnz/hourly-ipv4,blocklist.de|brute-force|apache|rfi|ddos|spam|mail|ziyadnz|hourly,2026-08-17T18:48:05Z,2026-08-17T18:48:05Z,
5.167.64.154,ipv4,attack,high,WHITE,blocklist.de/all|blocklist.de/apache|blocklist.de/mail|ziyadnz/hourly-ipv4,blocklist.de|brute-force|apache|rfi|ddos|spam|mail|ziyadnz|hourly,2026-08-17T18:48:05Z,2026-08-17T18:48:05Z,
5.167.64.155,ipv4,attack,high,WHITE,blocklist.de/all|blocklist.de/apache|blocklist.de/mail|ziyadnz/hourly-ipv4,blocklist.de|brute-force|apache|rfi|ddos|spam|mail|ziyadnz|hourly,2026-08-17T18:48:05Z,2026-08-17T18:48:05Z,
5.167.64.156,ipv4,attack,high,WHITE,blocklist.de/all|blocklist.de/apache|blocklist.de/mail|ziyadnz/hourly-ipv4,blocklist.de|brute-force|apache|rfi|ddos|spam|mail|ziyadnz|hourly,2026-08-17T18:48:05Z,2026-08-17T18:48:05Z,
5.167.64.157,ipv4,attack,high,WHITE,blocklist.de/all|blocklist.de/apache|blocklist.de/mail|ziyadnz/hourly-ipv4,blocklist.de|brute-force|apache|rfi|ddos|spam|mail|ziyadnz|hourly,2026-08-17T18:48:05Z,2026-08-17T18:48:05Z,
5.167.64.158,ipv4,attack,high,WHITE,blocklist.de/all|blocklist.de/apache|blocklist.de/mail|ziyadnz/hourly-ipv4,blocklist.de|brute-force|apache|rfi|ddos|spam|mail|ziyadnz|hourly,2026-08-17T18:48:05Z,2026-08-17T18:48:05Z,
5.167.64.159,ipv4,attack,high,WHITE,blocklist.de/all|blocklist.de/apache|blocklist.de/mail|ziyadnz/hourly-ipv4,blocklist.de|brute-force|apache|rfi|ddos|spam|mail|ziyadnz|hourly,2026-08-17T18:48:05Z,2026-08-17T18:48:05Z,
5.167.64.160,ipv4,attack,high,WHITE,blocklist.de/all|blocklist.de/apache|blocklist.de/mail|ziyadnz/hourly-ipv4,blocklist.de|brute-force|apache|rfi|ddos|spam|mail|ziyadnz|hourly,2026-08-17T18:48:05Z,2026-08-17T18:48:05Z,
5.167.64.161,ipv4,attack,high,WHITE,blocklist.de/all|blocklist.de/apache|blocklist.de/mail|ziyadnz/hourly-ipv4,blocklist.de|brute-force|apache|rfi|ddos|spam|mail|ziyadnz|hourly,2026-08-17T18:48:05Z,2026-08-17T18:48:05Z,
5.167.64.162,ipv4,attack,high,WHITE,blocklist.de/all|blocklist.de/apache|blocklist.de/mail|ziyadnz/hourly-ipv4,blocklist.de|brute-force|apache|rfi|ddos|spam|mail|ziyadnz|hourly,2026-08-17T18:48:05Z,2026-08-17T18:48:05Z,
5.167.64.163,ipv4,attack,high,WHITE,blocklist.de/all|blocklist.de/apache|blocklist.de/mail|ziyadnz/hourly-ipv4,blocklist.de|brute-force|apache|rfi|ddos|spam|mail|ziyadnz|hourly,2026-08-17T18:48:05Z,2026-08-17T18:48:05Z,
5.167.64.164,ipv4,attack,high,WHITE,blocklist.de/all|blocklist.de/apache|blocklist.de/mail|ziyadnz/hourly-ipv4,blocklist.de|brute-force|apache|rfi|ddos|spam|mail|ziyadnz|hourly,2026-08-17T18:48:05Z,2026-08-17T18:48:05Z,
5.167.64.165,ipv4,attack,high,WHITE,blocklist.de/all|blocklist.de/apache|blocklist.de/mail|ziyadnz/hourly-ipv4,blocklist.de|brute-force|apache|rfi|ddos|spam|mail|ziyadnz|hourly,2026-08-17T18:48:05Z,2026-08-17T18:48:05Z,
5.167.64.166,ipv4,attack,high,WHITE,blocklist.de/all|blocklist.de/apache|blocklist.de/mail|ziyadnz/hourly-ipv4,blocklist.de|brute-force|apache|rfi|ddos|spam|mail|ziyadnz|hourly,2026-08-17T18:48:05Z,2026-08-17T18:48:05Z,
5.167.64.167,ipv4,attack,high,WHITE,blocklist.de/all|blocklist.de/apache|blocklist.de/mail|ziyadnz/hourly-ipv4,blocklist.de|brute-force|apache|rfi|ddos|spam|mail|ziyadnz|hourly,2026-08-17T18:48:05Z,2026-08-17T18:48:05Z,
5.167.64.168,ipv4,attack,high,WHITE,blocklist.de/all|blocklist.de/apache|blocklist.de/mail|ziyadnz/hourly-ipv4,blocklist.de|brute-force|apache|rfi|ddos|spam|mail|ziyadnz|hourly,2026-08-17T18:48:05Z,2026-08-17T18:48:05Z,
5.167.64.169,ipv4,attack,high,WHITE,blocklist.de/all|blocklist.de/apache|blocklist.de/mail|ziyadnz/hourly-ipv4,blocklist.de|brute-force|apache|rfi|ddos|spam|mail|ziyadnz|hourly,2026-08-17T18:48:05Z,2026-08-17T18:48:05Z,
5.167.64.170,ipv4,attack,high,WHITE,blocklist.de/all|blocklist.de/apache|blocklist.de/mail|ziyadnz/hourly-ipv4,blocklist.de|brute-force|apache|rfi|ddos|spam|mail|ziyadnz|hourly,2026-08-17T18:48:05Z,2026-08-17T18:48:05Z,
5.167.64.171,ipv4,attack,high,WHITE,blocklist.de/all|blocklist.de/apache|blocklist.de/mail|ziyadnz/hourly-ipv4,blocklist.de|brute-force|apache|rfi|ddos|spam|mail|ziyadnz|hourly,2026-08-17T18:48:05Z,2026-08-17T18:48:05Z,
5.167.64.172,ipv4,attack,high,WHITE,blocklist.de/all|blocklist.de/apache|blocklist.de/mail|ziyadnz/hourly-ipv4,blocklist.de|brute-force|apache|rfi|ddos|spam|mail|ziyadnz|hourly,2026-08-17T18:48:05Z,2026-08-17T18:48:05Z,
5.167.64.173,ipv4,attack,high,WHITE,blocklist.de/all|blocklist.de/apache|blocklist.de/mail|ziyadnz/hourly-ipv4,blocklist.de|brute-force|apache|rfi|ddos|spam|mail|ziyadnz|hourly,2026-08-17T18:48:05Z,2026-08-17T18:48:05Z,
5.167.64.174,ipv4,attack,high,WHITE,blocklist.de/all|blocklist.de/apache|blocklist.de/mail|ziyadnz/hourly-ipv4,blocklist.de|brute-force|apache|rfi|ddos|spam|mail|ziyadnz|hourly,2026-08-17T18:48:05Z,2026-08-17T18:48:05Z,
5.167.64.175,ipv4,attack,high,WHITE,blocklist.de/all|blocklist.de/apache|blocklist.de/mail|ziyadnz/hourly-ipv4,blocklist.de|brute-force|apache|rfi|ddos|spam|mail|ziyadnz|hourly,2026-08-17T18:48:05Z,2026-08-17T18:48:05Z,
5.167.64.176,ipv4,attack,high,WHITE,blocklist.de/all|blocklist.de/apache|blocklist.de/mail|ziyadnz/hourly-ipv4,blocklist.de|brute-force|apache|rfi|ddos|spam|mail|ziyadnz|hourly,2026-08-17T18:48:05Z,2026-08-17T18:48:05Z,
5.167.64.177,ipv4,attack,high,WHITE,blocklist.de/all|blocklist.de/apache|blocklist.de/mail|ziyadnz/hourly-ipv4,blocklist.de|brute-force|apache|rfi|ddos|spam|mail|ziyadnz|hourly,2026-08-17T18:48:05Z,2026-08-17T18:48:05Z,
5.167.64.178,ipv4,attack,high,WHITE,blocklist.de/all|blocklist.de/apache|blocklist.de/mail|ziyadnz/hourly-ipv4,blocklist.de|brute-force|apache|rfi|ddos|spam|mail|ziyadnz|hourly,2026-08-17T18:48:05Z,2026-08-17T18:48:05Z,
5.167.64.179,ipv4,attack,high,WHITE,blocklist.de/all|blocklist.de/apache|blocklist.de/mail|ziyadnz/hourly-ipv4,blocklist.de|brute-force|apache|rfi|ddos|spam|mail|ziyadnz|hourly,2026-08-17T18:48:05Z,2026-08-17T18:48:05Z,
5.167.64.180,ipv4,attack,high,WHITE,blocklist.de/all|blocklist.de/apache|blocklist.de/mail|ziyadnz/hourly-ipv4,blocklist.de|brute-force|apache|rfi|ddos|spam|mail|ziyadnz|hourly,2026-08-17T18:48:05Z,2026-08-17T18:48:05Z,
5.167.64.181,ipv4,attack,high,WHITE,blocklist.de/all|blocklist.de/apache|blocklist.de/mail|ziyadnz/hourly-ipv4,blocklist.de|brute-force|apache|rfi|ddos|spam|mail|ziyadnz|hourly,2026-08-17T18:48:05Z,2026-08-17T18:48:05Z,
5.167.64.182,ipv4,attack,high,WHITE,blocklist.de/all|blocklist.de/apache|blocklist.de/mail|ziyadnz/hourly-ipv4,blocklist.de|brute-force|apache|rfi|ddos|spam|mail|ziyadnz|hourly,2026-08-17T18:48:05Z,2026-08-17T18:48:05Z,
5.167.64.183,ipv4,attack,high,WHITE,blocklist.de/all|blocklist.de/apache|blocklist.de/mail|ziyadnz/hourly-ipv4,blocklist.de|brute-force|apache|rfi|ddos|spam|mail|ziyadnz|hourly,2026-08-17T18:48:05Z,2026-08-17T18:48:05Z,
5.167.64.184,ipv4,attack,high,WHITE,blocklist.de/all|blocklist.de/apache|blocklist.de/mail|ziyadnz/hourly-ipv4,blocklist.de|brute-force|apache|rfi|ddos|spam|mail|ziyadnz|hourly,2026-08-17T18:48:05Z,2026-08-17T18:48:05Z,
5.167.64.185,ipv4,attack,high,WHITE,blocklist.de/all|blocklist.de/apache|blocklist.de/mail|ziyadnz/hourly-ipv4,blocklist.de|brute-force|apache|rfi|ddos|spam|mail|ziyadnz|hourly,2026-08-17T18:48:05Z,2026-08-17T18:48:05Z,
5.167.64.186,ipv4,attack,high,WHITE,blocklist.de/all|blocklist.de/apache|blocklist.de/mail|ziyadnz/hourly-ipv4,blocklist.de|brute-force|apache|rfi|ddos|spam|mail|ziyadnz|hourly,2026-08-17T18:48:05Z,2026-08-17T18:48:05Z,
5.167.64.187,ipv4,attack,high,WHITE,blocklist.de/all|blocklist.de/apache|blocklist.de/mail|ziyadnz/hourly-ipv4,blocklist.de|brute-force|apache|rfi|ddos|spam|mail|ziyadnz|hourly,2026-08-17T18:48:05Z,2026-08-17T18:48:05Z,
5.167.64.188,ipv4,attack,high,WHITE,blocklist.de/all|blocklist.de/apache|blocklist.de/mail|ziyadnz/hourly-ipv4,blocklist.de|brute-force|apache|rfi|ddos|spam|mail|ziyadnz|hourly,2026-08-17T18:48:05Z,2026-08-17T18:48:05Z,
5.167.64.189,ipv4,attack,high,WHITE,blocklist.de/all|blocklist.de/apache|blocklist.de/mail|ziyadnz/hourly-ipv4,blocklist.de|brute-force|apache|rfi|ddos|spam|mail|ziyadnz|hourly,2026-08-17T18:48:05Z,2026-08-17T18:48:05Z,
5.167.64.190,ipv4,attack,high,WHITE,blocklist.de/all|blocklist.de/apache|blocklist.de/mail|ziyadnz/hourly-ipv4,blocklist.de|brute-force|apache|rfi|ddos|spam|mail|ziyadnz|hourly,2026-08-17T18:48:05Z,2026-08-17T18:48:05Z,
5.167.64.191,ipv4,attack,high,WHITE,blocklist.de/all|blocklist.de/apache|blocklist.de/mail|ziyadnz/hourly-ipv4,blocklist.de|brute-force|apache|rfi|ddos|spam|mail|ziyadnz|hourly,2026-08-17T18:48:05Z,2026-08-17T18:48:05Z,
5.167.64.192,ipv4,attack,high,WHITE,blocklist.de/all|blocklist.de/apache|blocklist.de/mail|ziyadnz/hourly-ipv4,blocklist.de|brute-force|apache|rfi|ddos|spam|mail|ziyadnz|hourly,2026-08-17T18:48:05Z,2026-08-17T18:48:05Z,
5.167.64.193,ipv4,attack,high,WHITE,blocklist.de/all|blocklist.de/apache|blocklist.de/mail|ziyadnz/hourly-ipv4,blocklist.de|brute-force|apache|rfi|ddos|spam|mail|ziyadnz|hourly,2026-08-17T18:48:05Z,2026-08-17T18:48:05Z,
5.167.64.194,ipv4,attack,high,WHITE,blocklist.de/all|blocklist.de/apache|blocklist.de/mail|ziyadnz/hourly-ipv4,blocklist.de|brute-force|apache|rfi|ddos|spam|mail|ziyadnz|hourly,2026-08-17T18:48:05Z,2026-08-17T18:48:05Z,
5.167.64.195,ipv4,attack,high,WHITE,blocklist.de/all|blocklist.de/apache|blocklist.de/mail|ziyadnz/hourly-ipv4,blocklist.de|brute-force|apache|rfi|ddos|spam|mail|ziyadnz|hourly,2026-08-17T18:48:05Z,2026-08-17T18:48:05Z,
5.167.64.196,ipv4,attack,high,WHITE,blocklist.de/all|blocklist.de/apache|blocklist.de/mail|ziyadnz/hourly-ipv4,blocklist.de|brute-force|apache|rfi|ddos|spam|mail|ziyadnz|hourly,2026-08-17T18:48:05Z,2026-08-17T18:48:05Z,
5.167.64.197,ipv4,attack,high,WHITE,blocklist.de/all|blocklist.de/apache|blocklist.de/mail|ziyadnz/hourly-ipv4,blocklist.de|brute-force|apache|rfi|ddos|spam|mail|ziyadnz|hourly,2026-08-17T18:48:05Z,2026-08-17T18:48:05Z,
5.167.64.198,ipv4,attack,high,WHITE,blocklist.de/all|blocklist.de/apache|blocklist.de/mail|ziyadnz/hourly-ipv4,blocklist.de|brute-force|apache|rfi|ddos|spam|mail|ziyadnz|hourly,2026-08-17T18:48:05Z,2026-08-17T18:48:05Z,
5.167.64.199,ipv4,attack,high,WHITE,blocklist.de/all|blocklist.de/apache|blocklist.de/mail|ziyadnz/hourly-ipv4,blocklist.de|brute-force|apache|rfi|ddos|spam|mail|ziyadnz|hourly,2026-08-17T18:48:05Z,2026-08-17T18:48:05Z,
5.167.64.200,ipv4,attack,high,WHITE,blocklist.de/all|blocklist.de/apache|blocklist.de/mail|ziyadnz/hourly-ipv4,blocklist.de|brute-force|apache|rfi|ddos|spam|mail|ziyadnz|hourly,2026-08-17T18:48:05Z,2026-08-17T18:48:05Z,
5.167.64.201,ipv4,attack,high,WHITE,blocklist.de/all|blocklist.de/apache|blocklist.de/mail|ziyadnz/hourly-ipv4,blocklist.de|brute-force|apache|rfi|ddos|spam|mail|ziyadnz|hourly,2026-08-17T18:48:05Z,2026-08-17T18:48:05Z,
5.167.64.202,ipv4,attack,high,WHITE,blocklist.de/all|blocklist.de/apache|blocklist.de/mail|ziyadnz/hourly-ipv4,blocklist.de|brute-force|apache|rfi|ddos|spam|mail|ziyadnz|hourly,2026-08-17T18:48:05Z,2026-08-17T18:48:05Z,
5.167.64.203,ipv4,attack,high,WHITE,blocklist.de/all|blocklist.de/apache|blocklist.de/mail|ziyadnz/hourly-ipv4,blocklist.de|brute-force|apache|rfi|ddos|spam|mail|ziyadnz|hourly,2026-08-17T18:48:05Z,2026-08-17T18:48:05Z,
5.167.64.204,ipv4,attack,high,WHITE,blocklist.de/all|blocklist.de/apache|blocklist.de/mail|ziyadnz/hourly-ipv4,blocklist.de|brute-force|apache|rfi|ddos|spam|mail|ziyadnz|hourly,2026-08-17T18:48:05Z,2026-08-17T18:48:05Z,
5.167.64.205,ipv4,attack,high,WHITE,blocklist.de/all|blocklist.de/apache|blocklist.de/mail|ziyadnz/hourly-ipv4,blocklist.de|brute-force|apache|rfi|ddos|spam|mail|ziyadnz|hourly,2026-08-17T18:48:05Z,2026-08-17T18:48:05Z,
5.167.64.206,ipv4,attack,high,WHITE,blocklist.de/all|blocklist.de/apache|blocklist.de/mail|ziyadnz/hourly-ipv4,blocklist.de|brute-force|apache|rfi|ddos|spam|mail|ziyadnz|hourly,2026-08-17T18:48:05Z,2026-08-17T18:48:05Z,
5.167.64.207,ipv4,attack,high,WHITE,blocklist.de/all|blocklist.de/apache|blocklist.de/mail|ziyadnz/hourly-ipv4,blocklist.de|brute-force|apache|rfi|ddos|spam|mail|ziyadnz|hourly,2026-08-17T18:48:05Z,2026-08-17T18:48:05Z,
5.167.64.208,ipv4,attack,high,WHITE,blocklist.de/all|blocklist.de/apache|blocklist.de/mail|ziyadnz/hourly-ipv4,blocklist.de|brute-force|apache|rfi|ddos|spam|mail|ziyadnz|hourly,2026-08-17T18:48:05Z,2026-08-17T18:48:05Z,
5.167.64.209,ipv4,attack,high,WHITE,blocklist.de/all|blocklist.de/apache|blocklist.de/mail|ziyadnz/hourly-ipv4,blocklist.de|brute-force|apache|rfi|ddos|spam|mail|ziyadnz|hourly,2026-08-17T18:48:05Z,2026-08-17T18:48:05Z,
5.167.64.210,ipv4,attack,high,WHITE,blocklist.de/all|blocklist.de/apache|blocklist.de/mail|ziyadnz/hourly-ipv4,blocklist.de|brute-force|apache|rfi|ddos|spam|mail|ziyadnz|hourly,2026-08-17T18:48:05Z,2026-08-17T18:48:05Z,
5.167.64.211,ipv4,attack,high,WHITE,blocklist.de/all|blocklist.de/apache|blocklist.de/mail|ziyadnz/hourly-ipv4,blocklist.de|brute-force|apache|rfi|ddos|spam|mail|ziyadnz|hourly,2026-08-17T18:48:05Z,2026-08-17T18:48:05Z,
5.167.64.212,ipv4,attack,high,WHITE,blocklist.de/all|blocklist.de/apache|blocklist.de/mail|ziyadnz/hourly-ipv4,blocklist.de|brute-force|apache|rfi|ddos|spam|mail|ziyadnz|hourly,2026-08-17T18:48:05Z,2026-08-17T18:48:05Z,
5.167.64.213,ipv4,attack,high,WHITE,blocklist.de/all|blocklist.de/apache|blocklist.de/mail|ziyadnz/hourly-ipv4,blocklist.de|brute-force|apache|rfi|ddos|spam|mail|ziyadnz|hourly,2026-08-17T18:48:05Z,2026-08-17T18:48:05Z,
5.167.64.214,ipv4,attack,high,WHITE,blocklist.de/all|blocklist.de/apache|blocklist.de/mail|ziyadnz/hourly-ipv4,blocklist.de|brute-force|apache|rfi|ddos|spam|mail|ziyadnz|hourly,2026-08-17T18:48:05Z,2026-08-17T18:48:05Z,
5.167.64.215,ipv4,attack,high,WHITE,blocklist.de/all|blocklist.de/apache|blocklist.de/mail|ziyadnz/hourly-ipv4,blocklist.de|brute-force|apache|rfi|ddos|spam|mail|ziyadnz|hourly,2026-08-17T18:48:05Z,2026-08-17T18:48:05Z,
5.167.64.216,ipv4,attack,high,WHITE,blocklist.de/all|blocklist.de/apache|blocklist.de/mail|ziyadnz/hourly-ipv4,blocklist.de|brute-force|apache|rfi|ddos|spam|mail|ziyadnz|hourly,2026-08-17T18:48:05Z,2026-08-17T18:48:05Z,
5.167.64.217,ipv4,attack,high,WHITE,blocklist.de/all|blocklist.de/apache|blocklist.de/mail|ziyadnz/hourly-ipv4,blocklist.de|brute-force|apache|rfi|ddos|spam|mail|ziyadnz|hourly,2026-08-17T18:48:05Z,2026-08-17T18:48:05Z,
5.167.64.218,ipv4,attack,high,WHITE,blocklist.de/all|blocklist.de/apache|blocklist.de/mail|ziyadnz/hourly-ipv4,blocklist.de|brute-force|apache|rfi|ddos|spam|mail|ziyadnz|hourly,2026-08-17T18:48:05Z,2026-08-17T18:48:05Z,
5.167.64.219,ipv4,attack,high,WHITE,blocklist.de/all|blocklist.de/apache|blocklist.de/mail|ziyadnz/hourly-ipv4,blocklist.de|brute-force|apache|rfi|ddos|spam|mail|ziyadnz|hourly,2026-08-17T18:48:05Z,2026-08-17T18:48:05Z,
5.167.64.220,ipv4,attack,high,WHITE,blocklist.de/all|blocklist.de/apache|blocklist.de/mail|ziyadnz/hourly-ipv4,blocklist.de|brute-force|apache|rfi|ddos|spam|mail|ziyadnz|hourly,2026-08-17T18:48:05Z,2026-08-17T18:48:05Z,
5.167.64.221,ipv4,attack,high,WHITE,blocklist.de/all|blocklist.de/apache|blocklist.de/mail|ziyadnz/hourly-ipv4,blocklist.de|brute-force|apache|rfi|ddos|spam|mail|ziyadnz|hourly,2026-08-17T18:48:05Z,2026-08-17T18:48:05Z,
5.167.64.222,ipv4,attack,high,WHITE,blocklist.de/all|blocklist.de/apache|blocklist.de/mail|ziyadnz/hourly-ipv4,blocklist.de|brute-force|apache|rfi|ddos|spam|mail|ziyadnz|hourly,2026-08-17T18:48:05Z,2026-08-17T18:48:05Z,
5.167.64.223,ipv4,attack,high,WHITE,blocklist.de/all|blocklist.de/apache|blocklist.de/mail|ziyadnz/hourly-ipv4,blocklist.de|brute-force|apache|rfi|ddos|spam|mail|ziyadnz|hourly,2026-08-17T18:48:05Z,2026-08-17T18:48:05Z,
5.167.64.224,ipv4,attack,high,WHITE,blocklist.de/all|blocklist.de/apache|blocklist.de/mail|ziyadnz/hourly-ipv4,blocklist.de|brute-force|apache|rfi|ddos|spam|mail|ziyadnz|hourly,2026-08-17T18:48:05Z,2026-08-17T18:48:05Z,
5.167.64.225,ipv4,attack,high,WHITE,blocklist.de/all|blocklist.de/apache|blocklist.de/mail|ziyadnz/hourly-ipv4,blocklist.de|brute-force|apache|rfi|ddos|spam|mail|ziyadnz|hourly,2026-08-17T18:48:05Z,2026-08-17T18:48:05Z,
5.167.64.226,ipv4,attack,high,WHITE,blocklist.de/all|blocklist.de/apache|blocklist.de/mail|ziyadnz/hourly-ipv4,blocklist.de|brute-force|apache|rfi|ddos|spam|mail|ziyadnz|hourly,2026-08-17T18:48:05Z,2026-08-17T18:48:05Z,
5.167.64.227,ipv4,attack,high,WHITE,blocklist.de/all|blocklist.de/apache|blocklist.de/mail|ziyadnz/hourly-ipv4,blocklist.de|brute-force|apache|rfi|ddos|spam|mail|ziyadnz|hourly,2026-08-17T18:48:05Z,2026-08-17T18:48:05Z,
5.167.64.228,ipv4,attack,high,WHITE,blocklist.de/all|blocklist.de/apache|blocklist.de/mail|ziyadnz/hourly-ipv4,blocklist.de|brute-force|apache|rfi|ddos|spam|mail|ziyadnz|hourly,2026-08-17T18:48:05Z,2026-08-17T18:48:05Z,
5.167.64.229,ipv4,attack,high,WHITE,blocklist.de/all|blocklist.de/apache|blocklist.de/mail|ziyadnz/hourly-ipv4,blocklist.de|brute-force|apache|rfi|ddos|spam|mail|ziyadnz|hourly,2026-08-17T18:48:05Z,2026-08-17T18:48:05Z,
5.167.64.230,ipv4,attack,high,WHITE,blocklist.de/all|blocklist.de/apache|blocklist.de/mail|ziyadnz/hourly-ipv4,blocklist.de|brute-force|apache|rfi|ddos|spam|mail|ziyadnz|hourly,2026-08-17T18:48:05Z,2026-08-17T18:48:05Z,
5.167.64.231,ipv4,attack,high,WHITE,blocklist.de/all|blocklist.de/apache|blocklist.de/mail|ziyadnz/hourly-ipv4,blocklist.de|brute-force|apache|rfi|ddos|spam|mail|ziyadnz|hourly,2026-08-17T18:48:05Z,2026-08-17T18:48:05Z,
5.167.64.232,ipv4,attack,high,WHITE,blocklist.de/all|blocklist.de/apache|blocklist.de/mail|ziyadnz/hourly-ipv4,blocklist.de|brute-force|apache|rfi|ddos|spam|mail|ziyadnz|hourly,2026-08-17T18:48:05Z,2026-08-17T18:48:05Z,
5.167.64.233,ipv4,attack,high,WHITE,blocklist.de/all|blocklist.de/apache|blocklist.de/mail|ziyadnz/hourly-ipv4,blocklist.de|brute-force|apache|rfi|ddos|spam|mail|ziyadnz|hourly,2026-08-17T18:48:05Z,2026-08-17T18:48:05Z,
5.167.64.234,ipv4,attack,high,WHITE,blocklist.de/all|blocklist.de/apache|blocklist.de/mail|ziyadnz/hourly-ipv4,blocklist.de|brute-force|apache|rfi|ddos|spam|mail|ziyadnz|hourly,2026-08-17T18:48:05Z,2026-08-17T18:48:05Z,
5.167.64.235,ipv4,attack,high,WHITE,blocklist.de/all|blocklist.de/apache|blocklist.de/mail|ziyadnz/hourly-ipv4,blocklist.de|brute-force|apache|rfi|ddos|spam|mail|ziyadnz|hourly,2026-08-17T18:48:05Z,2026-08-17T18:48:05Z,
5.167.64.236,ipv4,attack,high,WHITE,blocklist.de/all|blocklist.de/apache|blocklist.de/mail|ziyadnz/hourly-ipv4,blocklist.de|brute-force|apache|rfi|ddos|spam|mail|ziyadnz|hourly,2026-08-17T18:48:05Z,2026-08-17T18:48:05Z,
5.167.64.237,ipv4,attack,high,WHITE,blocklist.de/all|blocklist.de/apache|blocklist.de/mail|ziyadnz/hourly-ipv4,blocklist.de|brute-force|apache|rfi|ddos|spam|mail|ziyadnz|hourly,2026-08-17T18:48:05Z,2026-08-17T18:48:05Z,
5.167.64.238,ipv4,attack,high,WHITE,blocklist.de/all|blocklist.de/apache|blocklist.de/mail|ziyadnz/hourly-ipv4,blocklist.de|brute-force|apache|rfi|ddos|spam|mail|ziyadnz|hourly,2026-08-17T18:48:05Z,2026-08-17T18:48:05Z,
5.167.64.239,ipv4,attack,high,WHITE,blocklist.de/all|blocklist.de/apache|blocklist.de/mail|ziyadnz/hourly-ipv4,blocklist.de|brute-force|apache|rfi|ddos|spam|mail|ziyadnz|hourly,2026-08-17T18:48:05Z,2026-08-17T18:48:05Z,
5.167.64.240,ipv4,attack,high,WHITE,blocklist.de/all|blocklist.de/apache|blocklist.de/mail|ziyadnz/hourly-ipv4,blocklist.de|brute-force|apache|rfi|ddos|spam|mail|ziyadnz|hourly,2026-08-17T18:48:05Z,2026-08-17T18:48:05Z,
5.167.64.241,ipv4,attack,high,WHITE,blocklist.de/all|blocklist.de/apache|blocklist.de/mail|ziyadnz/hourly-ipv4,blocklist.de|brute-force|apache|rfi|ddos|spam|mail|ziyadnz|hourly,2026-08-17T18:48:05Z,2026-08-17T18:48:05Z,
5.167.64.242,ipv4,attack,high,WHITE,blocklist.de/all|blocklist.de/apache|blocklist.de/mail|ziyadnz/hourly-ipv4,blocklist.de|brute-force|apache|rfi|ddos|spam|mail|ziyadnz|hourly,2026-08-17T18:48:05Z,2026-08-17T18:48:05Z,
5.167.64.243,ipv4,attack,high,WHITE,blocklist.de/all|blocklist.de/apache|blocklist.de/mail|ziyadnz/hourly-ipv4,blocklist.de|brute-force|apache|rfi|ddos|spam|mail|ziyadnz|hourly,2026-08-17T18:48:05Z,2026-08-17T18:48:05Z,
5.167.64.244,ipv4,attack,high,WHITE,blocklist.de/all|blocklist.de/apache|blocklist.de/mail|ziyadnz/hourly-ipv4,blocklist.de|brute-force|apache|rfi|ddos|spam|mail|ziyadnz|hourly,2026-08-17T18:48:05Z,2026-08-17T18:48:05Z,
5.167.64.245,ipv4,attack,high,WHITE,blocklist.de/all|blocklist.de/apache|blocklist.de/mail|ziyadnz/hourly-ipv4,blocklist.de|brute-force|apache|rfi|ddos|spam|mail|ziyadnz|hourly,2026-08-17T18:48:05Z,2026-08-17T18:48:05Z,
5.167.64.246,ipv4,attack,high,WHITE,blocklist.de/all|blocklist.de/apache|blocklist.de/mail|ziyadnz/hourly-ipv4,blocklist.de|brute-force|apache|rfi|ddos|spam|mail|ziyadnz|hourly,2026-08-17T18:48:05Z,2026-08-17T18:48:05Z,
5.167.64.247,ipv4,attack,high,WHITE,blocklist.de/all|blocklist.de/apache|blocklist.de/mail|ziyadnz/hourly-ipv4,blocklist.de|brute-force|apache|rfi|ddos|spam|mail|ziyadnz|hourly,2026-08-17T18:48:05Z,2026-08-17T18:48:05Z,
5.167.64.248,ipv4,attack,high,WHITE,blocklist.de/all|blocklist.de/apache|blocklist.de/mail|ziyadnz/hourly-ipv4,blocklist.de|brute-force|apache|rfi|ddos|spam|mail|ziyadnz|hourly,2026-08-17T18:48:05Z,2026-08-17T18:48:05Z,
5.167.64.249,ipv4,attack,high,WHITE,blocklist.de/all|blocklist.de/apache|blocklist.de/mail|ziyadnz/hourly-ipv4,blocklist.de|brute-force|apache|rfi|ddos|spam|mail|ziyadnz|hourly,2026-08-17T18:48:05Z,2026-08-17T18:48:05Z,
5.167.64.250,ipv4,attack,high,WHITE,blocklist.de/all|blocklist.de/apache|blocklist.de/mail|ziyadnz/hourly-ipv4,blocklist.de|brute-force|apache|rfi|ddos|spam|mail|ziyadnz|hourly,2026-08-17T18:48:05Z,2026-08-17T18:48:05Z,
5.167.64.251,ipv4,attack,high,WHITE,blocklist.de/all|blocklist.de/apache|blocklist.de/mail|ziyadnz/hourly-ipv4,blocklist.de|brute-force|apache|rfi|ddos|spam|mail|ziyadnz|hourly,2026-08-17T18:48:05Z,2026-08-17T18:48:05Z,
5.167.64.252,ipv4,attack,high,WHITE,blocklist.de/all|blocklist.de/apache|blocklist.de/mail|ziyadnz/hourly-ipv4,blocklist.de|brute-force|apache|rfi|ddos|spam|mail|ziyadnz|hourly,2026-08-17T18:48:05Z,2026-08-17T18:48:05Z,
5.167.64.253,ipv4,attack,high,WHITE,blocklist.de/all|blocklist.de/apache|blocklist.de/mail|ziyadnz/hourly-ipv4,blocklist.de|brute-force|apache|rfi|ddos|spam|mail|ziyadnz|hourly,2026-08-17T18:48:05Z,2026-08-17T18:48:05Z,
5.167.64.254,ipv4,attack,high,WHITE,blocklist.de/all|blocklist.de/apache|blocklist.de/mail|ziyadnz/hourly-ipv4,blocklist.de|brute-force|apache|rfi|ddos|spam|mail|ziyadnz|hourly,2026-08-17T18:48:05Z,2026-08-17T18:48:05Z,
5.167.64.255,ipv4,attack,high,WHITE,blocklist.de/all|blocklist.de/apache|blocklist.de/mail|ziyadnz/hourly-ipv4,blocklist.de|brute-force|apache|rfi|ddos|spam|mail|ziyadnz|hourly,2026-08-17T18:48:05Z,2026-08-17T18:48:05Z,
5.167.65.0,ipv4,attack,high,WHITE,blocklist.de/all|blocklist.de/apache|blocklist.de/mail|ziyadnz/hourly-ipv4,blocklist.de|brute-force|apache|rfi|ddos|spam|mail|ziyadnz|hourly,2026-08-17T18:48:05Z,2026-08-17T18:48:05Z,
5.167.65.1,ipv4,attack,high,WHITE,blocklist.de/all|blocklist.de/apache|blocklist.de/mail|ziyadnz/hourly-ipv4,blocklist.de|brute-force|apache|rfi|ddos|spam|mail|ziyadnz|hourly,2026-08-17T18:48:05Z,2026-08-17T18:48:05Z,
5.167.65.2,ipv4,attack,high,WHITE,blocklist.de/all|blocklist.de/apache|blocklist.de/mail|ziyadnz/hourly-ipv4,blocklist.de|brute-force|apache|rfi|ddos|spam|mail|ziyadnz|hourly,2026-08-17T18:48:05Z,2026-08-17T18:48:05Z,
5.167.65.3,ipv4,attack,high,WHITE,blocklist.de/all|blocklist.de/apache|blocklist.de/mail|ziyadnz/hourly-ipv4,blocklist.de|brute-force|apache|rfi|ddos|spam|mail|ziyadnz|hourly,2026-08-17T18:48:05Z,2026-08-17T18:48:05Z,
5.167.65.4,ipv4,attack,high,WHITE,blocklist.de/all|blocklist.de/apache|blocklist.de/mail|ziyadnz/hourly-ipv4,blocklist.de|brute-force|apache|rfi|ddos|spam|mail|ziyadnz|hourly,2026-08-17T18:48:05Z,2026-08-17T18:48:05Z,
5.167.65.5,ipv4,attack,high,WHITE,blocklist.de/all|blocklist.de/apache|blocklist.de/mail|ziyadnz/hourly-ipv4,blocklist.de|brute-force|apache|rfi|ddos|spam|mail|ziyadnz|hourly,2026-08-17T18:48:05Z,2026-08-17T18:48:05Z,
5.167.65.6,ipv4,attack,high,WHITE,blocklist.de/all|blocklist.de/apache|blocklist.de/mail|ziyadnz/hourly-ipv4,blocklist.de|brute-force|apache|rfi|ddos|spam|mail|ziyadnz|hourly,2026-08-17T18:48:05Z,2026-08-17T18:48:05Z,
5.167.65.7,ipv4,attack,high,WHITE,blocklist.de/all|blocklist.de/apache|blocklist.de/mail|ziyadnz/hourly-ipv4,blocklist.de|brute-force|apache|rfi|ddos|spam|mail|ziyadnz|hourly,2026-08-17T18:48:05Z,2026-08-17T18:48:05Z,
5.167.65.8,ipv4,attack,high,WHITE,blocklist.de/all|blocklist.de/apache|blocklist.de/mail|ziyadnz/hourly-ipv4,blocklist.de|brute-force|apache|rfi|ddos|spam|mail|ziyadnz|hourly,2026-08-17T18:48:05Z,2026-08-17T18:48:05Z,
5.167.65.9,ipv4,attack,high,WHITE,blocklist.de/all|blocklist.de/apache|blocklist.de/mail|ziyadnz/hourly-ipv4,blocklist.de|brute-force|apache|rfi|ddos|spam|mail|ziyadnz|hourly,2026-08-17T18:48:05Z,2026-08-17T18:48:05Z,
5.167.65.10,ipv4,attack,high,WHITE,blocklist.de/all|blocklist.de/apache|blocklist.de/mail|ziyadnz/hourly-ipv4,blocklist.de|brute-force|apache|rfi|ddos|spam|mail|ziyadnz|hourly,2026-08-17T18:48:05Z,2026-08-17T18:48:05Z,
5.167.65.11,ipv4,attack,high,WHITE,blocklist.de/all|blocklist.de/apache|blocklist.de/mail|ziyadnz/hourly-ipv4,blocklist.de|brute-force|apache|rfi|ddos|spam|mail|ziyadnz|hourly,2026-08-17T18:48:05Z,2026-08-17T18:48:05Z,
5.167.65.12,ipv4,attack,high,WHITE,blocklist.de/all|blocklist.de/apache|blocklist.de/mail|ziyadnz/hourly-ipv4,blocklist.de|brute-force|apache|rfi|ddos|spam|mail|ziyadnz|hourly,2026-08-17T18:48:05Z,2026-08-17T18:48:05Z,
5.167.65.13,ipv4,attack,high,WHITE,blocklist.de/all|blocklist.de/apache|blocklist.de/mail|ziyadnz/hourly-ipv4,blocklist.de|brute-force|apache|rfi|ddos|spam|mail|ziyadnz|hourly,2026-08-17T18:48:05Z,2026-08-17T18:48:05Z,
5.167.65.14,ipv4,attack,high,WHITE,blocklist.de/all|blocklist.de/apache|blocklist.de/mail|ziyadnz/hourly-ipv4,blocklist.de|brute-force|apache|rfi|ddos|spam|mail|ziyadnz|hourly,2026-08-17T18:48:05Z,2026-08-17T18:48:05Z,
5.167.65.15,ipv4,attack,high,WHITE,blocklist.de/all|blocklist.de/apache|blocklist.de/mail|ziyadnz/hourly-ipv4,blocklist.de|brute-force|apache|rfi|ddos|spam|mail|ziyadnz|hourly,2026-08-17T18:48:05Z,2026-08-17T18:48:05Z,
5.167.65.16,ipv4,attack,high,WHITE,blocklist.de/all|blocklist.de/apache|blocklist.de/mail|ziyadnz/hourly-ipv4,blocklist.de|brute-force|apache|rfi|ddos|spam|mail|ziyadnz|hourly,2026-08-17T18:48:05Z,2026-08-17T18:48:05Z,
5.167.65.17,ipv4,attack,high,WHITE,blocklist.de/all|blocklist.de/apache|blocklist.de/mail|ziyadnz/hourly-ipv4,blocklist.de|brute-force|apache|rfi|ddos|spam|mail|ziyadnz|hourly,2026-08-17T18:48:05Z,2026-08-17T18:48:05Z,
5.167.65.18,ipv4,attack,high,WHITE,blocklist.de/all|blocklist.de/apache|blocklist.de/mail|ziyadnz/hourly-ipv4,blocklist.de|brute-force|apache|rfi|ddos|spam|mail|ziyadnz|hourly,2026-08-17T18:48:05Z,2026-08-17T18:48:05Z,
5.167.65.19,ipv4,attack,high,WHITE,blocklist.de/all|blocklist.de/apache|blocklist.de/mail|ziyadnz/hourly-ipv4,blocklist.de|brute-force|apache|rfi|ddos|spam|mail|ziyadnz|hourly,2026-08-17T18:48:05Z,2026-08-17T18:48:05Z,
5.167.65.20,ipv4,attack,high,WHITE,blocklist.de/all|blocklist.de/apache|blocklist.de/mail|ziyadnz/hourly-ipv4,blocklist.de|brute-force|apache|rfi|ddos|spam|mail|ziyadnz|hourly,2026-08-17T18:48:05Z,2026-08-17T18:48:05Z,
5.167.65.21,ipv4,attack,high,WHITE,blocklist.de/all|blocklist.de/apache|blocklist.de/mail|ziyadnz/hourly-ipv4,blocklist.de|brute-force|apache|rfi|ddos|spam|mail|ziyadnz|hourly,2026-08-17T18:48:05Z,2026-08-17T18:48:05Z,
5.167.65.22,ipv4,attack,high,WHITE,blocklist.de/all|blocklist.de/apache|blocklist.de/mail|ziyadnz/hourly-ipv4,blocklist.de|brute-force|apache|rfi|ddos|spam|mail|ziyadnz|hourly,2026-08-17T18:48:05Z,2026-08-17T18:48:05Z,
5.167.65.23,ipv4,attack,high,WHITE,blocklist.de/all|blocklist.de/apache|blocklist.de/mail|ziyadnz/hourly-ipv4,blocklist.de|brute-force|apache|rfi|ddos|spam|mail|ziyadnz|hourly,2026-08-17T18:48:05Z,2026-08-17T18:48:05Z,
5.167.65.24,ipv4,attack,high,WHITE,blocklist.de/all|blocklist.de/apache|blocklist.de/mail|ziyadnz/hourly-ipv4,blocklist.de|brute-force|apache|rfi|ddos|spam|mail|ziyadnz|hourly,2026-08-17T18:48:05Z,2026-08-17T18:48:05Z,
5.167.65.25,ipv4,attack,high,WHITE,blocklist.de/all|blocklist.de/apache|blocklist.de/mail|ziyadnz/hourly-ipv4,blocklist.de|brute-force|apache|rfi|ddos|spam|mail|ziyadnz|hourly,2026-08-17T18:48:05Z,2026-08-17T18:48:05Z,
5.167.65.26,ipv4,attack,high,WHITE,blocklist.de/all|blocklist.de/apache|blocklist.de/mail|ziyadnz/hourly-ipv4,blocklist.de|brute-force|apache|rfi|ddos|spam|mail|ziyadnz|hourly,2026-08-17T18:48:05Z,2026-08-17T18:48:05Z,
5.167.65.27,ipv4,attack,high,WHITE,blocklist.de/all|blocklist.de/apache|blocklist.de/mail|ziyadnz/hourly-ipv4,blocklist.de|brute-force|apache|rfi|ddos|spam|mail|ziyadnz|hourly,2026-08-17T18:48:05Z,2026-08-17T18:48:05Z,
5.167.65.28,ipv4,attack,high,WHITE,blocklist.de/all|blocklist.de/apache|blocklist.de/mail|ziyadnz/hourly-ipv4,blocklist.de|brute-force|apache|rfi|ddos|spam|mail|ziyadnz|hourly,2026-08-17T18:48:05Z,2026-08-17T18:48:05Z,
5.167.65.29,ipv4,attack,high,WHITE,blocklist.de/all|blocklist.de/apache|blocklist.de/mail|ziyadnz/hourly-ipv4,blocklist.de|brute-force|apache|rfi|ddos|spam|mail|ziyadnz|hourly,2026-08-17T18:48:05Z,2026-08-17T18:48:05Z,
5.167.65.30,ipv4,attack,high,WHITE,blocklist.de/all|blocklist.de/apache|blocklist.de/mail|ziyadnz/hourly-ipv4,blocklist.de|brute-force|apache|rfi|ddos|spam|mail|ziyadnz|hourly,2026-08-17T18:48:05Z,2026-08-17T18:48:05Z,
5.167.65.31,ipv4,attack,high,WHITE,blocklist.de/all|blocklist.de/apache|blocklist.de/mail|ziyadnz/hourly-ipv4,blocklist.de|brute-force|apache|rfi|ddos|spam|mail|ziyadnz|hourly,2026-08-17T18:48:05Z,2026-08-17T18:48:05Z,
5.167.65.32,ipv4,attack,high,WHITE,blocklist.de/all|blocklist.de/apache|blocklist.de/mail|ziyadnz/hourly-ipv4,blocklist.de|brute-force|apache|rfi|ddos|spam|mail|ziyadnz|hourly,2026-08-17T18:48:05Z,2026-08-17T18:48:05Z,
5.167.65.33,ipv4,attack,high,WHITE,blocklist.de/all|blocklist.de/apache|blocklist.de/mail|ziyadnz/hourly-ipv4,blocklist.de|brute-force|apache|rfi|ddos|spam|mail|ziyadnz|hourly,2026-08-17T18:48:05Z,2026-08-17T18:48:05Z,
5.167.65.34,ipv4,attack,high,WHITE,blocklist.de/all|blocklist.de/apache|blocklist.de/mail|ziyadnz/hourly-ipv4,blocklist.de|brute-force|apache|rfi|ddos|spam|mail|ziyadnz|hourly,2026-08-17T18:48:05Z,2026-08-17T18:48:05Z,
5.167.65.35,ipv4,attack,high,WHITE,blocklist.de/all|blocklist.de/apache|blocklist.de/mail|ziyadnz/hourly-ipv4,blocklist.de|brute-force|apache|rfi|ddos|spam|mail|ziyadnz|hourly,2026-08-17T18:48:05Z,2026-08-17T18:48:05Z,
5.167.65.36,ipv4,attack,high,WHITE,blocklist.de/all|blocklist.de/apache|blocklist.de/mail|ziyadnz/hourly-ipv4,blocklist.de|brute-force|apache|rfi|ddos|spam|mail|ziyadnz|hourly,2026-08-17T18:48:05Z,2026-08-17T18:48:05Z,
5.167.65.37,ipv4,attack,high,WHITE,blocklist.de/all|blocklist.de/apache|blocklist.de/mail|ziyadnz/hourly-ipv4,blocklist.de|brute-force|apache|rfi|ddos|spam|mail|ziyadnz|hourly,2026-08-17T18:48:05Z,2026-08-17T18:48:05Z,
5.167.65.38,ipv4,attack,high,WHITE,blocklist.de/all|blocklist.de/apache|blocklist.de/mail|ziyadnz/hourly-ipv4,blocklist.de|brute-force|apache|rfi|ddos|spam|mail|ziyadnz|hourly,2026-08-17T18:48:05Z,2026-08-17T18:48:05Z,
5.167.65.39,ipv4,attack,high,WHITE,blocklist.de/all|blocklist.de/apache|blocklist.de/mail|ziyadnz/hourly-ipv4,blocklist.de|brute-force|apache|rfi|ddos|spam|mail|ziyadnz|hourly,2026-08-17T18:48:05Z,2026-08-17T18:48:05Z,
5.167.65.40,ipv4,attack,high,WHITE,blocklist.de/all|blocklist.de/apache|blocklist.de/mail|ziyadnz/hourly-ipv4,blocklist.de|brute-force|apache|rfi|ddos|spam|mail|ziyadnz|hourly,2026-08-17T18:48:05Z,2026-08-17T18:48:05Z,
5.167.65.41,ipv4,attack,high,WHITE,blocklist.de/all|blocklist.de/apache|blocklist.de/mail|ziyadnz/hourly-ipv4,blocklist.de|brute-force|apache|rfi|ddos|spam|mail|ziyadnz|hourly,2026-08-17T18:48:05Z,2026-08-17T18:48:05Z,
5.167.65.42,ipv4,attack,high,WHITE,blocklist.de/all|blocklist.de/apache|blocklist.de/mail|ziyadnz/hourly-ipv4,blocklist.de|brute-force|apache|rfi|ddos|spam|mail|ziyadnz|hourly,2026-08-17T18:48:05Z,2026-08-17T18:48:05Z,
5.167.65.43,ipv4,attack,high,WHITE,blocklist.de/all|blocklist.de/apache|blocklist.de/mail|ziyadnz/hourly-ipv4,blocklist.de|brute-force|apache|rfi|ddos|spam|mail|ziyadnz|hourly,2026-08-17T18:48:05Z,2026-08-17T18:48:05Z,
5.167.65.44,ipv4,attack,high,WHITE,blocklist.de/all|blocklist.de/apache|blocklist.de/mail|ziyadnz/hourly-ipv4,blocklist.de|brute-force|apache|rfi|ddos|spam|mail|ziyadnz|hourly,2026-08-17T18:48:05Z,2026-08-17T18:48:05Z,
5.167.65.45,ipv4,attack,high,WHITE,blocklist.de/all|blocklist.de/apache|blocklist.de/mail|ziyadnz/hourly-ipv4,blocklist.de|brute-force|apache|rfi|ddos|spam|mail|ziyadnz|hourly,2026-08-17T18:48:05Z,2026-08-17T18:48:05Z,
5.167.65.46,ipv4,attack,high,WHITE,blocklist.de/all|blocklist.de/apache|blocklist.de/mail|ziyadnz/hourly-ipv4,blocklist.de|brute-force|apache|rfi|ddos|spam|mail|ziyadnz|hourly,2026-08-17T18:48:05Z,2026-08-17T18:48:05Z,
5.167.65.47,ipv4,attack,high,WHITE,blocklist.de/all|blocklist.de/apache|blocklist.de/mail|ziyadnz/hourly-ipv4,blocklist.de|brute-force|apache|rfi|ddos|spam|mail|ziyadnz|hourly,2026-08-17T18:48:05Z,2026-08-17T18:48:05Z,
5.167.65.48,ipv4,attack,high,WHITE,blocklist.de/all|blocklist.de/apache|blocklist.de/mail|ziyadnz/hourly-ipv4,blocklist.de|brute-force|apache|rfi|ddos|spam|mail|ziyadnz|hourly,2026-08-17T18:48:05Z,2026-08-17T18:48:05Z,
5.167.65.49,ipv4,attack,high,WHITE,blocklist.de/all|blocklist.de/apache|blocklist.de/mail|ziyadnz/hourly-ipv4,blocklist.de|brute-force|apache|rfi|ddos|spam|mail|ziyadnz|hourly,2026-08-17T18:48:05Z,2026-08-17T18:48:05Z,
5.167.65.50,ipv4,attack,high,WHITE,blocklist.de/all|blocklist.de/apache|blocklist.de/mail|ziyadnz/hourly-ipv4,blocklist.de|brute-force|apache|rfi|ddos|spam|mail|ziyadnz|hourly,2026-08-17T18:48:05Z,2026-08-17T18:48:05Z,
5.167.65.51,ipv4,attack,high,WHITE,blocklist.de/all|blocklist.de/apache|blocklist.de/mail|ziyadnz/hourly-ipv4,blocklist.de|brute-force|apache|rfi|ddos|spam|mail|ziyadnz|hourly,2026-08-17T18:48:05Z,2026-08-17T18:48:05Z,
5.167.65.52,ipv4,attack,high,WHITE,blocklist.de/all|blocklist.de/apache|blocklist.de/mail|ziyadnz/hourly-ipv4,blocklist.de|brute-force|apache|rfi|ddos|spam|mail|ziyadnz|hourly,2026-08-17T18:48:05Z,2026-08-17T18:48:05Z,
5.167.65.53,ipv4,attack,high,WHITE,blocklist.de/all|blocklist.de/apache|blocklist.de/mail|ziyadnz/hourly-ipv4,blocklist.de|brute-force|apache|rfi|ddos|spam|mail|ziyadnz|hourly,2026-08-17T18:48:05Z,2026-08-17T18:48:05Z,
5.167.65.54,ipv4,attack,high,WHITE,blocklist.de/all|blocklist.de/apache|blocklist.de/mail|ziyadnz/hourly-ipv4,blocklist.de|brute-force|apache|rfi|ddos|spam|mail|ziyadnz|hourly,2026-08-17T18:48:05Z,2026-08-17T18:48:05Z,
5.167.65.55,ipv4,attack,high,WHITE,blocklist.de/all|blocklist.de/apache|blocklist.de/mail|ziyadnz/hourly-ipv4,blocklist.de|brute-force|apache|rfi|ddos|spam|mail|ziyadnz|hourly,2026-08-17T18:48:05Z,2026-08-17T18:48:05Z,
5.167.65.56,ipv4,attack,high,WHITE,blocklist.de/all|blocklist.de/apache|blocklist.de/mail|ziyadnz/hourly-ipv4,blocklist.de|brute-force|apache|rfi|ddos|spam|mail|ziyadnz|hourly,2026-08-17T18:48:05Z,2026-08-17T18:48:05Z,
5.167.65.57,ipv4,attack,high,WHITE,blocklist.de/all|blocklist.de/apache|blocklist.de/mail|ziyadnz/hourly-ipv4,blocklist.de|brute-force|apache|rfi|ddos|spam|mail|ziyadnz|hourly,2026-08-17T18:48:05Z,2026-08-17T18:48:05Z,
5.167.65.58,ipv4,attack,high,WHITE,blocklist.de/all|blocklist.de/apache|blocklist.de/mail|ziyadnz/hourly-ipv4,blocklist.de|brute-force|apache|rfi|ddos|spam|mail|ziyadnz|hourly,2026-08-17T18:48:05Z,2026-08-17T18:48:05Z,
5.167.65.59,ipv4,attack,high,WHITE,blocklist.de/all|blocklist.de/apache|blocklist.de/mail|ziyadnz/hourly-ipv4,blocklist.de|brute-force|apache|rfi|ddos|spam|mail|ziyadnz|hourly,2026-08-17T18:48:05Z,2026-08-17T18:48:05Z,
5.167.65.60,ipv4,attack,high,WHITE,blocklist.de/all|blocklist.de/apache|blocklist.de/mail|ziyadnz/hourly-ipv4,blocklist.de|brute-force|apache|rfi|ddos|spam|mail|ziyadnz|hourly,2026-08-17T18:48:05Z,2026-08-17T18:48:05Z,
5.167.65.61,ipv4,attack,high,WHITE,blocklist.de/all|blocklist.de/apache|blocklist.de/mail|ziyadnz/hourly-ipv4,blocklist.de|brute-force|apache|rfi|ddos|spam|mail|ziyadnz|hourly,2026-08-17T18:48:05Z,2026-08-17T18:48:05Z,
5.167.65.62,ipv4,attack,high,WHITE,blocklist.de/all|blocklist.de/apache|blocklist.de/mail|ziyadnz/hourly-ipv4,blocklist.de|brute-force|apache|rfi|ddos|spam|mail|ziyadnz|hourly,2026-08-17T18:48:05Z,2026-08-17T18:48:05Z,
5.167.65.63,ipv4,attack,high,WHITE,blocklist.de/all|blocklist.de/apache|blocklist.de/mail|ziyadnz/hourly-ipv4,blocklist.de|brute-force|apache|rfi|ddos|spam|mail|ziyadnz|hourly,2026-08-17T18:48:05Z,2026-08-17T18:48:05Z,
5.167.65.64,ipv4,attack,high,WHITE,blocklist.de/all|blocklist.de/apache|blocklist.de/mail|ziyadnz/hourly-ipv4,blocklist.de|brute-force|apache|rfi|ddos|spam|mail|ziyadnz|hourly,2026-08-17T18:48:05Z,2026-08-17T18:48:05Z,
5.167.65.65,ipv4,attack,high,WHITE,blocklist.de/all|blocklist.de/apache|blocklist.de/mail|ziyadnz/hourly-ipv4,blocklist.de|brute-force|apache|rfi|ddos|spam|mail|ziyadnz|hourly,2026-08-17T18:48:05Z,2026-08-17T18:48:05Z,
5.167.65.66,ipv4,attack,high,WHITE,blocklist.de/all|blocklist.de/apache|blocklist.de/mail|ziyadnz/hourly-ipv4,blocklist.de|brute-force|apache|rfi|ddos|spam|mail|ziyadnz|hourly,2026-08-17T18:48:05Z,2026-08-17T18:48:05Z,
5.167.65.67,ipv4,attack,high,WHITE,blocklist.de/all|blocklist.de/apache|blocklist.de/mail|ziyadnz/hourly-ipv4,blocklist.de|brute-force|apache|rfi|ddos|spam|mail|ziyadnz|hourly,2026-08-17T18:48:05Z,2026-08-17T18:48:05Z,
5.167.65.68,ipv4,attack,high,WHITE,blocklist.de/all|blocklist.de/apache|blocklist.de/mail|ziyadnz/hourly-ipv4,blocklist.de|brute-force|apache|rfi|ddos|spam|mail|ziyadnz|hourly,2026-08-17T18:48:05Z,2026-08-17T18:48:05Z,
5.167.65.69,ipv4,attack,high,WHITE,blocklist.de/all|blocklist.de/apache|blocklist.de/mail|ziyadnz/hourly-ipv4,blocklist.de|brute-force|apache|rfi|ddos|spam|mail|ziyadnz|hourly,2026-08-17T18:48:05Z,2026-08-17T18:48:05Z,
5.167.65.70,ipv4,attack,high,WHITE,blocklist.de/all|blocklist.de/apache|blocklist.de/mail|ziyadnz/hourly-ipv4,blocklist.de|brute-force|apache|rfi|ddos|spam|mail|ziyadnz|hourly,2026-08-17T18:48:05Z,2026-08-17T18:48:05Z,
5.167.65.71,ipv4,attack,high,WHITE,blocklist.de/all|blocklist.de/apache|blocklist.de/mail|ziyadnz/hourly-ipv4,blocklist.de|brute-force|apache|rfi|ddos|spam|mail|ziyadnz|hourly,2026-08-17T18:48:05Z,2026-08-17T18:48:05Z,
5.167.65.72,ipv4,attack,high,WHITE,blocklist.de/all|blocklist.de/apache|blocklist.de/mail|ziyadnz/hourly-ipv4,blocklist.de|brute-force|apache|rfi|ddos|spam|mail|ziyadnz|hourly,2026-08-17T18:48:05Z,2026-08-17T18:48:05Z,
5.167.65.73,ipv4,attack,high,WHITE,blocklist.de/all|blocklist.de/apache|blocklist.de/mail|ziyadnz/hourly-ipv4,blocklist.de|brute-force|apache|rfi|ddos|spam|mail|ziyadnz|hourly,2026-08-17T18:48:05Z,2026-08-17T18:48:05Z,
5.167.65.74,ipv4,attack,high,WHITE,blocklist.de/all|blocklist.de/apache|blocklist.de/mail|ziyadnz/hourly-ipv4,blocklist.de|brute-force|apache|rfi|ddos|spam|mail|ziyadnz|hourly,2026-08-17T18:48:05Z,2026-08-17T18:48:05Z,
5.167.65.75,ipv4,attack,high,WHITE,blocklist.de/all|blocklist.de/apache|blocklist.de/mail|ziyadnz/hourly-ipv4,blocklist.de|brute-force|apache|rfi|ddos|spam|mail|ziyadnz|hourly,2026-08-17T18:48:05Z,2026-08-17T18:48:05Z,
5.167.65.76,ipv4,attack,high,WHITE,blocklist.de/all|blocklist.de/apache|blocklist.de/mail|ziyadnz/hourly-ipv4,blocklist.de|brute-force|apache|rfi|ddos|spam|mail|ziyadnz|hourly,2026-08-17T18:48:05Z,2026-08-17T18:48:05Z,
5.167.65.77,ipv4,attack,high,WHITE,blocklist.de/all|blocklist.de/apache|blocklist.de/mail|ziyadnz/hourly-ipv4,blocklist.de|brute-force|apache|rfi|ddos|spam|mail|ziyadnz|hourly,2026-08-17T18:48:05Z,2026-08-17T18:48:05Z,
5.167.65.78,ipv4,attack,high,WHITE,blocklist.de/all|blocklist.de/apache|blocklist.de/mail|ziyadnz/hourly-ipv4,blocklist.de|brute-force|apache|rfi|ddos|spam|mail|ziyadnz|hourly,2026-08-17T18:48:05Z,2026-08-17T18:48:05Z,
5.167.65.79,ipv4,attack,high,WHITE,blocklist.de/all|blocklist.de/apache|blocklist.de/mail|ziyadnz/hourly-ipv4,blocklist.de|brute-force|apache|rfi|ddos|spam|mail|ziyadnz|hourly,2026-08-17T18:48:05Z,2026-08-17T18:48:05Z,
5.167.65.80,ipv4,attack,high,WHITE,blocklist.de/all|blocklist.de/apache|blocklist.de/mail|ziyadnz/hourly-ipv4,blocklist.de|brute-force|apache|rfi|ddos|spam|mail|ziyadnz|hourly,2026-08-17T18:48:05Z,2026-08-17T18:48:05Z,
5.167.65.81,ipv4,attack,high,WHITE,blocklist.de/all|blocklist.de/apache|blocklist.de/mail|ziyadnz/hourly-ipv4,blocklist.de|brute-force|apache|rfi|ddos|spam|mail|ziyadnz|hourly,2026-08-17T18:48:05Z,2026-08-17T18:48:05Z,
5.167.65.82,ipv4,attack,high,WHITE,blocklist.de/all|blocklist.de/apache|blocklist.de/mail|ziyadnz/hourly-ipv4,blocklist.de|brute-force|apache|rfi|ddos|spam|mail|ziyadnz|hourly,2026-08-17T18:48:05Z,2026-08-17T18:48:05Z,
5.167.65.83,ipv4,attack,high,WHITE,blocklist.de/all|blocklist.de/apache|blocklist.de/mail|ziyadnz/hourly-ipv4,blocklist.de|brute-force|apache|rfi|ddos|spam|mail|ziyadnz|hourly,2026-08-17T18:48:05Z,2026-08-17T18:48:05Z,
5.167.65.84,ipv4,attack,high,WHITE,blocklist.de/all|blocklist.de/apache|blocklist.de/mail|ziyadnz/hourly-ipv4,blocklist.de|brute-force|apache|rfi|ddos|spam|mail|ziyadnz|hourly,2026-08-17T18:48:05Z,2026-08-17T18:48:05Z,
5.167.65.85,ipv4,attack,high,WHITE,blocklist.de/all|blocklist.de/apache|blocklist.de/mail|ziyadnz/hourly-ipv4,blocklist.de|brute-force|apache|rfi|ddos|spam|mail|ziyadnz|hourly,2026-08-17T18:48:05Z,2026-08-17T18:48:05Z,
5.167.65.86,ipv4,attack,high,WHITE,blocklist.de/all|blocklist.de/apache|blocklist.de/mail|ziyadnz/hourly-ipv4,blocklist.de|brute-force|apache|rfi|ddos|spam|mail|ziyadnz|hourly,2026-08-17T18:48:05Z,2026-08-17T18:48:05Z,
5.167.65.87,ipv4,attack,high,WHITE,blocklist.de/all|blocklist.de/apache|blocklist.de/mail|ziyadnz/hourly-ipv4,blocklist.de|brute-force|apache|rfi|ddos|spam|mail|ziyadnz|hourly,2026-08-17T18:48:05Z,2026-08-17T18:48:05Z,
5.167.65.88,ipv4,attack,high,WHITE,blocklist.de/all|blocklist.de/apache|blocklist.de/mail|ziyadnz/hourly-ipv4,blocklist.de|brute-force|apache|rfi|ddos|spam|mail|ziyadnz|hourly,2026-08-17T18:48:05Z,2026-08-17T18:48:05Z,
5.167.65.89,ipv4,attack,high,WHITE,blocklist.de/all|blocklist.de/apache|blocklist.de/mail|ziyadnz/hourly-ipv4,blocklist.de|brute-force|apache|rfi|ddos|spam|mail|ziyadnz|hourly,2026-08-17T18:48:05Z,2026-08-17T18:48:05Z,
5.167.65.90,ipv4,attack,high,WHITE,blocklist.de/all|blocklist.de/apache|blocklist.de/mail|ziyadnz/hourly-ipv4,blocklist.de|brute-force|apache|rfi|ddos|spam|mail|ziyadnz|hourly,2026-08-17T18:48:05Z,2026-08-17T18:48:05Z,
5.167.65.91,ipv4,attack,high,WHITE,blocklist.de/all|blocklist.de/apache|blocklist.de/mail|ziyadnz/hourly-ipv4,blocklist.de|brute-force|apache|rfi|ddos|spam|mail|ziyadnz|hourly,2026-08-17T18:48:05Z,2026-08-17T18:48:05Z,
5.167.65.92,ipv4,attack,high,WHITE,blocklist.de/all|blocklist.de/apache|blocklist.de/mail|ziyadnz/hourly-ipv4,blocklist.de|brute-force|apache|rfi|ddos|spam|mail|ziyadnz|hourly,2026-08-17T18:48:05Z,2026-08-17T18:48:05Z,
5.167.65.93,ipv4,attack,high,WHITE,blocklist.de/all|blocklist.de/apache|blocklist.de/mail|ziyadnz/hourly-ipv4,blocklist.de|brute-force|apache|rfi|ddos|spam|mail|ziyadnz|hourly,2026-08-17T18:48:05Z,2026-08-17T18:48:05Z,
5.167.65.94,ipv4,attack,high,WHITE,blocklist.de/all|blocklist.de/apache|blocklist.de/mail|ziyadnz/hourly-ipv4,blocklist.de|brute-force|apache|rfi|ddos|spam|mail|ziyadnz|hourly,2026-08-17T18:48:05Z,2026-08-17T18:48:05Z,
5.167.65.95,ipv4,attack,high,WHITE,blocklist.de/all|blocklist.de/apache|blocklist.de/mail|ziyadnz/hourly-ipv4,blocklist.de|brute-force|apache|rfi|ddos|spam|mail|ziyadnz|hourly,2026-08-17T18:48:05Z,2026-08-17T18:48:05Z,
5.167.65.96,ipv4,attack,high,WHITE,blocklist.de/all|blocklist.de/apache|blocklist.de/mail|ziyadnz/hourly-ipv4,blocklist.de|brute-force|apache|rfi|ddos|spam|mail|ziyadnz|hourly,2026-08-17T18:48:05Z,2026-08-17T18:48:05Z,
5.167.65.97,ipv4,attack,high,WHITE,blocklist.de/all|blocklist.de/apache|blocklist.de/mail|ziyadnz/hourly-ipv4,blocklist.de|brute-force|apache|rfi|ddos|spam|mail|ziyadnz|hourly,2026-08-17T18:48:05Z,2026-08-17T18:48:05Z,
5.167.65.98,ipv4,attack,high,WHITE,blocklist.de/all|blocklist.de/apache|blocklist.de/mail|ziyadnz/hourly-ipv4,blocklist.de|brute-force|apache|rfi|ddos|spam|mail|ziyadnz|hourly,2026-08-17T18:48:05Z,2026-08-17T18:48:05Z,
5.167.65.99,ipv4,attack,high,WHITE,blocklist.de/all|blocklist.de/apache|blocklist.de/mail|ziyadnz/hourly-ipv4,blocklist.de|brute-force|apache|rfi|ddos|spam|mail|ziyadnz|hourly,2026-08-17T18:48:05Z,2026-08-17T18:48:05Z,
5.167.65.100,ipv4,attack,high,WHITE,blocklist.de/all|blocklist.de/apache|blocklist.de/mail|ziyadnz/hourly-ipv4,blocklist.de|brute-force|apache|rfi|ddos|spam|mail|ziyadnz|hourly,2026-08-17T18:48:05Z,2026-08-17T18:48:05Z,
5.167.65.101,ipv4,attack,high,WHITE,blocklist.de/all|blocklist.de/apache|blocklist.de/mail|ziyadnz/hourly-ipv4,blocklist.de|brute-force|apache|rfi|ddos|spam|mail|ziyadnz|hourly,2026-08-17T18:48:05Z,2026-08-17T18:48:05Z,
5.167.65.102,ipv4,attack,high,WHITE,blocklist.de/all|blocklist.de/apache|blocklist.de/mail|ziyadnz/hourly-ipv4,blocklist.de|brute-force|apache|rfi|ddos|spam|mail|ziyadnz|hourly,2026-08-17T18:48:05Z,2026-08-17T18:48:05Z,
5.167.65.103,ipv4,attack,high,WHITE,blocklist.de/all|blocklist.de/apache|blocklist.de/mail|ziyadnz/hourly-ipv4,blocklist.de|brute-force|apache|rfi|ddos|spam|mail|ziyadnz|hourly,2026-08-17T18:48:05Z,2026-08-17T18:48:05Z,
5.167.65.104,ipv4,attack,high,WHITE,blocklist.de/all|blocklist.de/apache|blocklist.de/mail|ziyadnz/hourly-ipv4,blocklist.de|brute-force|apache|rfi|ddos|spam|mail|ziyadnz|hourly,2026-08-17T18:48:05Z,2026-08-17T18:48:05Z,
5.167.65.105,ipv4,attack,high,WHITE,blocklist.de/all|blocklist.de/apache|blocklist.de/mail|ziyadnz/hourly-ipv4,blocklist.de|brute-force|apache|rfi|ddos|spam|mail|ziyadnz|hourly,2026-08-17T18:48:05Z,2026-08-17T18:48:05Z,
5.167.65.106,ipv4,attack,high,WHITE,blocklist.de/all|blocklist.de/apache|blocklist.de/mail|ziyadnz/hourly-ipv4,blocklist.de|brute-force|apache|rfi|ddos|spam|mail|ziyadnz|hourly,2026-08-17T18:48:05Z,2026-08-17T18:48:05Z,
5.167.65.107,ipv4,attack,high,WHITE,blocklist.de/all|blocklist.de/apache|blocklist.de/mail|ziyadnz/hourly-ipv4,blocklist.de|brute-force|apache|rfi|ddos|spam|mail|ziyadnz|hourly,2026-08-17T18:48:05Z,2026-08-17T18:48:05Z,
5.167.65.108,ipv4,attack,high,WHITE,blocklist.de/all|blocklist.de/apache|blocklist.de/mail|ziyadnz/hourly-ipv4,blocklist.de|brute-force|apache|rfi|ddos|spam|mail|ziyadnz|hourly,2026-08-17T18:48:05Z,2026-08-17T18:48:05Z,
5.167.65.109,ipv4,attack,high,WHITE,blocklist.de/all|blocklist.de/apache|blocklist.de/mail|ziyadnz/hourly-ipv4,blocklist.de|brute-force|apache|rfi|ddos|spam|mail|ziyadnz|hourly,2026-08-17T18:48:05Z,2026-08-17T18:48:05Z,
5.167.65.110,ipv4,attack,high,WHITE,blocklist.de/all|blocklist.de/apache|blocklist.de/mail|ziyadnz/hourly-ipv4,blocklist.de|brute-force|apache|rfi|ddos|spam|mail|ziyadnz|hourly,2026-08-17T18:48:05Z,2026-08-17T18:48:05Z,
5.167.65.111,ipv4,attack,high,WHITE,blocklist.de/all|blocklist.de/apache|blocklist.de/mail|ziyadnz/hourly-ipv4,blocklist.de|brute-force|apache|rfi|ddos|spam|mail|ziyadnz|hourly,2026-08-17T18:48:05Z,2026-08-17T18:48:05Z,
5.167.65.112,ipv4,attack,high,WHITE,blocklist.de/all|blocklist.de/apache|blocklist.de/mail|ziyadnz/hourly-ipv4,blocklist.de|brute-force|apache|rfi|ddos|spam|mail|ziyadnz|hourly,2026-08-17T18:48:05Z,2026-08-17T18:48:05Z,
5.167.65.113,ipv4,attack,high,WHITE,blocklist.de/all|blocklist.de/apache|blocklist.de/mail|ziyadnz/hourly-ipv4,blocklist.de|brute-force|apache|rfi|ddos|spam|mail|ziyadnz|hourly,2026-08-17T18:48:05Z,2026-08-17T18:48:05Z,
5.167.65.114,ipv4,attack,high,WHITE,blocklist.de/all|blocklist.de/apache|blocklist.de/mail|ziyadnz/hourly-ipv4,blocklist.de|brute-force|apache|rfi|ddos|spam|mail|ziyadnz|hourly,2026-08-17T18:48:05Z,2026-08-17T18:48:05Z,
5.167.65.115,ipv4,attack,high,WHITE,blocklist.de/all|blocklist.de/apache|blocklist.de/mail|ziyadnz/hourly-ipv4,blocklist.de|brute-force|apache|rfi|ddos|spam|mail|ziyadnz|hourly,2026-08-17T18:48:05Z,2026-08-17T18:48:05Z,
5.167.65.116,ipv4,attack,high,WHITE,blocklist.de/all|blocklist.de/apache|blocklist.de/mail|ziyadnz/hourly-ipv4,blocklist.de|brute-force|apache|rfi|ddos|spam|mail|ziyadnz|hourly,2026-08-17T18:48:05Z,2026-08-17T18:48:05Z,
5.167.65.117,ipv4,attack,high,WHITE,blocklist.de/all|blocklist.de/apache|blocklist.de/mail|ziyadnz/hourly-ipv4,blocklist.de|brute-force|apache|rfi|ddos|spam|mail|ziyadnz|hourly,2026-08-17T18:48:05Z,2026-08-17T18:48:05Z,
5.167.65.118,ipv4,attack,high,WHITE,blocklist.de/all|blocklist.de/apache|blocklist.de/mail|ziyadnz/hourly-ipv4,blocklist.de|brute-force|apache|rfi|ddos|spam|mail|ziyadnz|hourly,2026-08-17T18:48:05Z,2026-08-17T18:48:05Z,
5.167.65.119,ipv4,attack,high,WHITE,blocklist.de/all|blocklist.de/apache|blocklist.de/mail|ziyadnz/hourly-ipv4,blocklist.de|brute-force|apache|rfi|ddos|spam|mail|ziyadnz|hourly,2026-08-17T18:48:05Z,2026-08-17T18:48:05Z,
5.167.65.120,ipv4,attack,high,WHITE,blocklist.de/all|blocklist.de/apache|blocklist.de/mail|ziyadnz/hourly-ipv4,blocklist.de|brute-force|apache|rfi|ddos|spam|mail|ziyadnz|hourly,2026-08-17T18:48:05Z,2026-08-17T18:48:05Z,
5.167.65.121,ipv4,attack,high,WHITE,blocklist.de/all|blocklist.de/apache|blocklist.de/mail|ziyadnz/hourly-ipv4,blocklist.de|brute-force|apache|rfi|ddos|spam|mail|ziyadnz|hourly,2026-08-17T18:48:05Z,2026-08-17T18:48:05Z,
5.167.65.122,ipv4,attack,high,WHITE,blocklist.de/all|blocklist.de/apache|blocklist.de/mail|ziyadnz/hourly-ipv4,blocklist.de|brute-force|apache|rfi|ddos|spam|mail|ziyadnz|hourly,2026-08-17T18:48:05Z,2026-08-17T18:48:05Z,
5.167.65.123,ipv4,attack,high,WHITE,blocklist.de/all|blocklist.de/apache|blocklist.de/mail|ziyadnz/hourly-ipv4,blocklist.de|brute-force|apache|rfi|ddos|spam|mail|ziyadnz|hourly,2026-08-17T18:48:05Z,2026-08-17T18:48:05Z,
5.167.65.124,ipv4,attack,high,WHITE,blocklist.de/all|blocklist.de/apache|blocklist.de/mail|ziyadnz/hourly-ipv4,blocklist.de|brute-force|apache|rfi|ddos|spam|mail|ziyadnz|hourly,2026-08-17T18:48:05Z,2026-08-17T18:48:05Z,
5.167.65.125,ipv4,attack,high,WHITE,blocklist.de/all|blocklist.de/apache|blocklist.de/mail|ziyadnz/hourly-ipv4,blocklist.de|brute-force|apache|rfi|ddos|spam|mail|ziyadnz|hourly,2026-08-17T18:48:05Z,2026-08-17T18:48:05Z,
5.167.65.126,ipv4,attack,high,WHITE,blocklist.de/all|blocklist.de/apache|blocklist.de/mail|ziyadnz/hourly-ipv4,blocklist.de|brute-force|apache|rfi|ddos|spam|mail|ziyadnz|hourly,2026-08-17T18:48:05Z,2026-08-17T18:48:05Z,
5.167.65.127,ipv4,attack,high,WHITE,blocklist.de/all|blocklist.de/apache|blocklist.de/mail|ziyadnz/hourly-ipv4,blocklist.de|brute-force|apache|rfi|ddos|spam|mail|ziyadnz|hourly,2026-08-17T18:48:05Z,2026-08-17T18:48:05Z,
5.167.65.128,ipv4,attack,high,WHITE,blocklist.de/all|blocklist.de/apache|blocklist.de/mail|ziyadnz/hourly-ipv4,blocklist.de|brute-force|apache|rfi|ddos|spam|mail|ziyadnz|hourly,2026-08-17T18:48:05Z,2026-08-17T18:48:05Z,
5.167.65.129,ipv4,attack,high,WHITE,blocklist.de/all|blocklist.de/apache|blocklist.de/mail|ziyadnz/hourly-ipv4,blocklist.de|brute-force|apache|rfi|ddos|spam|mail|ziyadnz|hourly,2026-08-17T18:48:05Z,2026-08-17T18:48:05Z,
5.167.65.130,ipv4,attack,high,WHITE,blocklist.de/all|blocklist.de/apache|blocklist.de/mail|ziyadnz/hourly-ipv4,blocklist.de|brute-force|apache|rfi|ddos|spam|mail|ziyadnz|hourly,2026-08-17T18:48:05Z,2026-08-17T18:48:05Z,
5.167.65.131,ipv4,attack,high,WHITE,blocklist.de/all|blocklist.de/apache|blocklist.de/mail|ziyadnz/hourly-ipv4,blocklist.de|brute-force|apache|rfi|ddos|spam|mail|ziyadnz|hourly,2026-08-17T18:48:05Z,2026-08-17T18:48:05Z,
5.167.65.132,ipv4,attack,high,WHITE,blocklist.de/all|blocklist.de/apache|blocklist.de/mail|ziyadnz/hourly-ipv4,blocklist.de|brute-force|apache|rfi|ddos|spam|mail|ziyadnz|hourly,2026-08-17T18:48:05Z,2026-08-17T18:48:05Z,
5.167.65.133,ipv4,attack,high,WHITE,blocklist.de/all|blocklist.de/apache|blocklist.de/mail|ziyadnz/hourly-ipv4,blocklist.de|brute-force|apache|rfi|ddos|spam|mail|ziyadnz|hourly,2026-08-17T18:48:05Z,2026-08-17T18:48:05Z,
5.167.65.134,ipv4,attack,high,WHITE,blocklist.de/all|blocklist.de/apache|blocklist.de/mail|ziyadnz/hourly-ipv4,blocklist.de|brute-force|apache|rfi|ddos|spam|mail|ziyadnz|hourly,2026-08-17T18:48:05Z,2026-08-17T18:48:05Z,
5.167.65.135,ipv4,attack,high,WHITE,blocklist.de/all|blocklist.de/apache|blocklist.de/mail|ziyadnz/hourly-ipv4,blocklist.de|brute-force|apache|rfi|ddos|spam|mail|ziyadnz|hourly,2026-08-17T18:48:05Z,2026-08-17T18:48:05Z,
5.167.65.136,ipv4,attack,high,WHITE,blocklist.de/all|blocklist.de/apache|blocklist.de/mail|ziyadnz/hourly-ipv4,blocklist.de|brute-force|apache|rfi|ddos|spam|mail|ziyadnz|hourly,2026-08-17T18:48:05Z,2026-08-17T18:48:05Z,
5.167.65.137,ipv4,attack,high,WHITE,blocklist.de/all|blocklist.de/apache|blocklist.de/mail|ziyadnz/hourly-ipv4,blocklist.de|brute-force|apache|rfi|ddos|spam|mail|ziyadnz|hourly,2026-08-17T18:48:05Z,2026-08-17T18:48:05Z,
5.167.65.138,ipv4,attack,high,WHITE,blocklist.de/all|blocklist.de/apache|blocklist.de/mail|ziyadnz/hourly-ipv4,blocklist.de|brute-force|apache|rfi|ddos|spam|mail|ziyadnz|hourly,2026-08-17T18:48:05Z,2026-08-17T18:48:05Z,
5.167.65.139,ipv4,attack,high,WHITE,blocklist.de/all|blocklist.de/apache|blocklist.de/mail|ziyadnz/hourly-ipv4,blocklist.de|brute-force|apache|rfi|ddos|spam|mail|ziyadnz|hourly,2026-08-17T18:48:05Z,2026-08-17T18:48:05Z,
5.167.65.140,ipv4,attack,high,WHITE,blocklist.de/all|blocklist.de/apache|blocklist.de/mail|ziyadnz/hourly-ipv4,blocklist.de|brute-force|apache|rfi|ddos|spam|mail|ziyadnz|hourly,2026-08-17T18:48:05Z,2026-08-17T18:48:05Z,
5.167.65.141,ipv4,attack,high,WHITE,blocklist.de/all|blocklist.de/apache|blocklist.de/mail|ziyadnz/hourly-ipv4,blocklist.de|brute-force|apache|rfi|ddos|spam|mail|ziyadnz|hourly,2026-08-17T18:48:05Z,2026-08-17T18:48:05Z,
5.167.65.142,ipv4,attack,high,WHITE,blocklist.de/all|blocklist.de/apache|blocklist.de/mail|ziyadnz/hourly-ipv4,blocklist.de|brute-force|apache|rfi|ddos|spam|mail|ziyadnz|hourly,2026-08-17T18:48:05Z,2026-08-17T18:48:05Z,
5.167.65.143,ipv4,attack,high,WHITE,blocklist.de/all|blocklist.de/apache|blocklist.de/mail|ziyadnz/hourly-ipv4,blocklist.de|brute-force|apache|rfi|ddos|spam|mail|ziyadnz|hourly,2026-08-17T18:48:05Z,2026-08-17T18:48:05Z,
5.167.65.144,ipv4,attack,high,WHITE,blocklist.de/all|blocklist.de/apache|blocklist.de/mail|ziyadnz/hourly-ipv4,blocklist.de|brute-force|apache|rfi|ddos|spam|mail|ziyadnz|hourly,2026-08-17T18:48:05Z,2026-08-17T18:48:05Z,
5.167.65.145,ipv4,attack,high,WHITE,blocklist.de/all|blocklist.de/apache|blocklist.de/mail|ziyadnz/hourly-ipv4,blocklist.de|brute-force|apache|rfi|ddos|spam|mail|ziyadnz|hourly,2026-08-17T18:48:05Z,2026-08-17T18:48:05Z,
5.167.65.146,ipv4,attack,high,WHITE,blocklist.de/all|blocklist.de/apache|blocklist.de/mail|ziyadnz/hourly-ipv4,blocklist.de|brute-force|apache|rfi|ddos|spam|mail|ziyadnz|hourly,2026-08-17T18:48:05Z,2026-08-17T18:48:05Z,
5.167.65.147,ipv4,attack,high,WHITE,blocklist.de/all|blocklist.de/apache|blocklist.de/mail|ziyadnz/hourly-ipv4,blocklist.de|brute-force|apache|rfi|ddos|spam|mail|ziyadnz|hourly,2026-08-17T18:48:05Z,2026-08-17T18:48:05Z,
5.167.65.148,ipv4,attack,high,WHITE,blocklist.de/all|blocklist.de/apache|blocklist.de/mail|ziyadnz/hourly-ipv4,blocklist.de|brute-force|apache|rfi|ddos|spam|mail|ziyadnz|hourly,2026-08-17T18:48:05Z,2026-08-17T18:48:05Z,
5.167.65.149,ipv4,attack,high,WHITE,blocklist.de/all|blocklist.de/apache|blocklist.de/mail|ziyadnz/hourly-ipv4,blocklist.de|brute-force|apache|rfi|ddos|spam|mail|ziyadnz|hourly,2026-08-17T18:48:05Z,2026-08-17T18:48:05Z,
5.167.65.150,ipv4,attack,high,WHITE,blocklist.de/all|blocklist.de/apache|blocklist.de/mail|ziyadnz/hourly-ipv4,blocklist.de|brute-force|apache|rfi|ddos|spam|mail|ziyadnz|hourly,2026-08-17T18:48:05Z,2026-08-17T18:48:05Z,
5.167.65.151,ipv4,attack,high,WHITE,blocklist.de/all|blocklist.de/apache|blocklist.de/mail|ziyadnz/hourly-ipv4,blocklist.de|brute-force|apache|rfi|ddos|spam|mail|ziyadnz|hourly,2026-08-17T18:48:05Z,2026-08-17T18:48:05Z,
5.167.65.152,ipv4,attack,high,WHITE,blocklist.de/all|blocklist.de/apache|blocklist.de/mail|ziyadnz/hourly-ipv4,blocklist.de|brute-force|apache|rfi|ddos|spam|mail|ziyadnz|hourly,2026-08-17T18:48:05Z,2026-08-17T18:48:05Z,
5.167.65.153,ipv4,attack,high,WHITE,blocklist.de/all|blocklist.de/apache|blocklist.de/mail|ziyadnz/hourly-ipv4,blocklist.de|brute-force|apache|rfi|ddos|spam|mail|ziyadnz|hourly,2026-08-17T18:48:05Z,2026-08-17T18:48:05Z,
5.167.65.154,ipv4,attack,high,WHITE,blocklist.de/all|blocklist.de/apache|blocklist.de/mail|ziyadnz/hourly-ipv4,blocklist.de|brute-force|apache|rfi|ddos|spam|mail|ziyadnz|hourly,2026-08-17T18:48:05Z,2026-08-17T18:48:05Z,
5.167.65.155,ipv4,attack,high,WHITE,blocklist.de/all|blocklist.de/apache|blocklist.de/mail|ziyadnz/hourly-ipv4,blocklist.de|brute-force|apache|rfi|ddos|spam|mail|ziyadnz|hourly,2026-08-17T18:48:05Z,2026-08-17T18:48:05Z,
5.167.65.156,ipv4,attack,high,WHITE,blocklist.de/all|blocklist.de/apache|blocklist.de/mail|ziyadnz/hourly-ipv4,blocklist.de|brute-force|apache|rfi|ddos|spam|mail|ziyadnz|hourly,2026-08-17T18:48:05Z,2026-08-17T18:48:05Z,
5.167.65.157,ipv4,attack,high,WHITE,blocklist.de/all|blocklist.de/apache|blocklist.de/mail|ziyadnz/hourly-ipv4,blocklist.de|brute-force|apache|rfi|ddos|spam|mail|ziyadnz|hourly,2026-08-17T18:48:05Z,2026-08-17T18:48:05Z,
5.167.65.158,ipv4,attack,high,WHITE,blocklist.de/all|blocklist.de/apache|blocklist.de/mail|ziyadnz/hourly-ipv4,blocklist.de|brute-force|apache|rfi|ddos|spam|mail|ziyadnz|hourly,2026-08-17T18:48:05Z,2026-08-17T18:48:05Z,
5.167.65.159,ipv4,attack,high,WHITE,blocklist.de/all|blocklist.de/apache|blocklist.de/mail|ziyadnz/hourly-ipv4,blocklist.de|brute-force|apache|rfi|ddos|spam|mail|ziyadnz|hourly,2026-08-17T18:48:05Z,2026-08-17T18:48:05Z,
5.167.65.160,ipv4,attack,high,WHITE,blocklist.de/all|blocklist.de/apache|blocklist.de/mail|ziyadnz/hourly-ipv4,blocklist.de|brute-force|apache|rfi|ddos|spam|mail|ziyadnz|hourly,2026-08-17T18:48:05Z,2026-08-17T18:48:05Z,
5.167.65.161,ipv4,attack,high,WHITE,blocklist.de/all|blocklist.de/apache|blocklist.de/mail|ziyadnz/hourly-ipv4,blocklist.de|brute-force|apache|rfi|ddos|spam|mail|ziyadnz|hourly,2026-08-17T18:48:05Z,2026-08-17T18:48:05Z,
5.167.65.162,ipv4,attack,high,WHITE,blocklist.de/all|blocklist.de/apache|blocklist.de/mail|ziyadnz/hourly-ipv4,blocklist.de|brute-force|apache|rfi|ddos|spam|mail|ziyadnz|hourly,2026-08-17T18:48:05Z,2026-08-17T18:48:05Z,
5.167.65.163,ipv4,attack,high,WHITE,blocklist.de/all|blocklist.de/apache|blocklist.de/mail|ziyadnz/hourly-ipv4,blocklist.de|brute-force|apache|rfi|ddos|spam|mail|ziyadnz|hourly,2026-08-17T18:48:05Z,2026-08-17T18:48:05Z,
5.167.65.164,ipv4,attack,high,WHITE,blocklist.de/all|blocklist.de/apache|blocklist.de/mail|ziyadnz/hourly-ipv4,blocklist.de|brute-force|apache|rfi|ddos|spam|mail|ziyadnz|hourly,2026-08-17T18:48:05Z,2026-08-17T18:48:05Z,
5.167.65.165,ipv4,attack,high,WHITE,blocklist.de/all|blocklist.de/apache|blocklist.de/mail|ziyadnz/hourly-ipv4,blocklist.de|brute-force|apache|rfi|ddos|spam|mail|ziyadnz|hourly,2026-08-17T18:48:05Z,2026-08-17T18:48:05Z,
5.167.65.166,ipv4,attack,high,WHITE,blocklist.de/all|blocklist.de/apache|blocklist.de/mail|ziyadnz/hourly-ipv4,blocklist.de|brute-force|apache|rfi|ddos|spam|mail|ziyadnz|hourly,2026-08-17T18:48:05Z,2026-08-17T18:48:05Z,
5.167.65.167,ipv4,attack,high,WHITE,blocklist.de/all|blocklist.de/apache|blocklist.de/mail|ziyadnz/hourly-ipv4,blocklist.de|brute-force|apache|rfi|ddos|spam|mail|ziyadnz|hourly,2026-08-17T18:48:05Z,2026-08-17T18:48:05Z,
5.167.65.168,ipv4,attack,high,WHITE,blocklist.de/all|blocklist.de/apache|blocklist.de/mail|ziyadnz/hourly-ipv4,blocklist.de|brute-force|apache|rfi|ddos|spam|mail|ziyadnz|hourly,2026-08-17T18:48:05Z,2026-08-17T18:48:05Z,
5.167.65.169,ipv4,attack,high,WHITE,blocklist.de/all|blocklist.de/apache|blocklist.de/mail|ziyadnz/hourly-ipv4,blocklist.de|brute-force|apache|rfi|ddos|spam|mail|ziyadnz|hourly,2026-08-17T18:48:05Z,2026-08-17T18:48:05Z,
5.167.65.170,ipv4,attack,high,WHITE,blocklist.de/all|blocklist.de/apache|blocklist.de/mail|ziyadnz/hourly-ipv4,blocklist.de|brute-force|apache|rfi|ddos|spam|mail|ziyadnz|hourly,2026-08-17T18:48:05Z,2026-08-17T18:48:05Z,
5.167.65.171,ipv4,attack,high,WHITE,blocklist.de/all|blocklist.de/apache|blocklist.de/mail|ziyadnz/hourly-ipv4,blocklist.de|brute-force|apache|rfi|ddos|spam|mail|ziyadnz|hourly,2026-08-17T18:48:05Z,2026-08-17T18:48:05Z,
5.167.65.172,ipv4,attack,high,WHITE,blocklist.de/all|blocklist.de/apache|blocklist.de/mail|ziyadnz/hourly-ipv4,blocklist.de|brute-force|apache|rfi|ddos|spam|mail|ziyadnz|hourly,2026-08-17T18:48:05Z,2026-08-17T18:48:05Z,
5.167.65.173,ipv4,attack,high,WHITE,blocklist.de/all|blocklist.de/apache|blocklist.de/mail|ziyadnz/hourly-ipv4,blocklist.de|brute-force|apache|rfi|ddos|spam|mail|ziyadnz|hourly,2026-08-17T18:48:05Z,2026-08-17T18:48:05Z,
5.167.65.174,ipv4,attack,high,WHITE,blocklist.de/all|blocklist.de/apache|blocklist.de/mail|ziyadnz/hourly-ipv4,blocklist.de|brute-force|apache|rfi|ddos|spam|mail|ziyadnz|hourly,2026-08-17T18:48:05Z,2026-08-17T18:48:05Z,
5.167.65.175,ipv4,attack,high,WHITE,blocklist.de/all|blocklist.de/apache|blocklist.de/mail|ziyadnz/hourly-ipv4,blocklist.de|brute-force|apache|rfi|ddos|spam|mail|ziyadnz|hourly,2026-08-17T18:48:05Z,2026-08-17T18:48:05Z,
5.167.65.176,ipv4,attack,high,WHITE,blocklist.de/all|blocklist.de/apache|blocklist.de/mail|ziyadnz/hourly-ipv4,blocklist.de|brute-force|apache|rfi|ddos|spam|mail|ziyadnz|hourly,2026-08-17T18:48:05Z,2026-08-17T18:48:05Z,
5.167.65.177,ipv4,attack,high,WHITE,blocklist.de/all|blocklist.de/apache|blocklist.de/mail|ziyadnz/hourly-ipv4,blocklist.de|brute-force|apache|rfi|ddos|spam|mail|ziyadnz|hourly,2026-08-17T18:48:05Z,2026-08-17T18:48:05Z,
5.167.65.178,ipv4,attack,high,WHITE,blocklist.de/all|blocklist.de/apache|blocklist.de/mail|ziyadnz/hourly-ipv4,blocklist.de|brute-force|apache|rfi|ddos|spam|mail|ziyadnz|hourly,2026-08-17T18:48:05Z,2026-08-17T18:48:05Z,
5.167.65.179,ipv4,attack,high,WHITE,blocklist.de/all|blocklist.de/apache|blocklist.de/mail|ziyadnz/hourly-ipv4,blocklist.de|brute-force|apache|rfi|ddos|spam|mail|ziyadnz|hourly,2026-08-17T18:48:05Z,2026-08-17T18:48:05Z,
5.167.65.180,ipv4,attack,high,WHITE,blocklist.de/all|blocklist.de/apache|blocklist.de/mail|ziyadnz/hourly-ipv4,blocklist.de|brute-force|apache|rfi|ddos|spam|mail|ziyadnz|hourly,2026-08-17T18:48:05Z,2026-08-17T18:48:05Z,
5.167.65.181,ipv4,attack,high,WHITE,blocklist.de/all|blocklist.de/apache|blocklist.de/mail|ziyadnz/hourly-ipv4,blocklist.de|brute-force|apache|rfi|ddos|spam|mail|ziyadnz|hourly,2026-08-17T18:48:05Z,2026-08-17T18:48:05Z,
5.167.65.182,ipv4,attack,high,WHITE,blocklist.de/all|blocklist.de/apache|blocklist.de/mail|ziyadnz/hourly-ipv4,blocklist.de|brute-force|apache|rfi|ddos|spam|mail|ziyadnz|hourly,2026-08-17T18:48:05Z,2026-08-17T18:48:05Z,
5.167.65.183,ipv4,attack,high,WHITE,blocklist.de/all|blocklist.de/apache|blocklist.de/mail|ziyadnz/hourly-ipv4,blocklist.de|brute-force|apache|rfi|ddos|spam|mail|ziyadnz|hourly,2026-08-17T18:48:05Z,2026-08-17T18:48:05Z,
5.167.65.184,ipv4,attack,high,WHITE,blocklist.de/all|blocklist.de/apache|blocklist.de/mail|ziyadnz/hourly-ipv4,blocklist.de|brute-force|apache|rfi|ddos|spam|mail|ziyadnz|hourly,2026-08-17T18:48:05Z,2026-08-17T18:48:05Z,
5.167.65.185,ipv4,attack,high,WHITE,blocklist.de/all|blocklist.de/apache|blocklist.de/mail|ziyadnz/hourly-ipv4,blocklist.de|brute-force|apache|rfi|ddos|spam|mail|ziyadnz|hourly,2026-08-17T18:48:05Z,2026-08-17T18:48:05Z,
5.167.65.186,ipv4,attack,high,WHITE,blocklist.de/all|blocklist.de/apache|blocklist.de/mail|ziyadnz/hourly-ipv4,blocklist.de|brute-force|apache|rfi|ddos|spam|mail|ziyadnz|hourly,2026-08-17T18:48:05Z,2026-08-17T18:48:05Z,
5.167.65.187,ipv4,attack,high,WHITE,blocklist.de/all|blocklist.de/apache|blocklist.de/mail|ziyadnz/hourly-ipv4,blocklist.de|brute-force|apache|rfi|ddos|spam|mail|ziyadnz|hourly,2026-08-17T18:48:05Z,2026-08-17T18:48:05Z,
5.167.65.188,ipv4,attack,high,WHITE,blocklist.de/all|blocklist.de/apache|blocklist.de/mail|ziyadnz/hourly-ipv4,blocklist.de|brute-force|apache|rfi|ddos|spam|mail|ziyadnz|hourly,2026-08-17T18:48:05Z,2026-08-17T18:48:05Z,
5.167.65.189,ipv4,attack,high,WHITE,blocklist.de/all|blocklist.de/apache|blocklist.de/mail|ziyadnz/hourly-ipv4,blocklist.de|brute-force|apache|rfi|ddos|spam|mail|ziyadnz|hourly,2026-08-17T18:48:05Z,2026-08-17T18:48:05Z,
5.167.65.190,ipv4,attack,high,WHITE,blocklist.de/all|blocklist.de/apache|blocklist.de/mail|ziyadnz/hourly-ipv4,blocklist.de|brute-force|apache|rfi|ddos|spam|mail|ziyadnz|hourly,2026-08-17T18:48:05Z,2026-08-17T18:48:05Z,
5.167.65.191,ipv4,attack,high,WHITE,blocklist.de/all|blocklist.de/apache|blocklist.de/mail|ziyadnz/hourly-ipv4,blocklist.de|brute-force|apache|rfi|ddos|spam|mail|ziyadnz|hourly,2026-08-17T18:48:05Z,2026-08-17T18:48:05Z,
5.167.65.192,ipv4,attack,high,WHITE,blocklist.de/all|blocklist.de/apache|blocklist.de/mail|ziyadnz/hourly-ipv4,blocklist.de|brute-force|apache|rfi|ddos|spam|mail|ziyadnz|hourly,2026-08-17T18:48:05Z,2026-08-17T18:48:05Z,
5.167.65.193,ipv4,attack,high,WHITE,blocklist.de/all|blocklist.de/apache|blocklist.de/mail|ziyadnz/hourly-ipv4,blocklist.de|brute-force|apache|rfi|ddos|spam|mail|ziyadnz|hourly,2026-08-17T18:48:05Z,2026-08-17T18:48:05Z,
5.167.65.194,ipv4,attack,high,WHITE,blocklist.de/all|blocklist.de/apache|blocklist.de/mail|ziyadnz/hourly-ipv4,blocklist.de|brute-force|apache|rfi|ddos|spam|mail|ziyadnz|hourly,2026-08-17T18:48:05Z,2026-08-17T18:48:05Z,
5.167.65.195,ipv4,attack,high,WHITE,blocklist.de/all|blocklist.de/apache|blocklist.de/mail|ziyadnz/hourly-ipv4,blocklist.de|brute-force|apache|rfi|ddos|spam|mail|ziyadnz|hourly,2026-08-17T18:48:05Z,2026-08-17T18:48:05Z,
5.167.65.196,ipv4,attack,high,WHITE,blocklist.de/all|blocklist.de/apache|blocklist.de/mail|ziyadnz/hourly-ipv4,blocklist.de|brute-force|apache|rfi|ddos|spam|mail|ziyadnz|hourly,2026-08-17T18:48:05Z,2026-08-17T18:48:05Z,
5.167.65.197,ipv4,attack,high,WHITE,blocklist.de/all|blocklist.de/apache|blocklist.de/mail|ziyadnz/hourly-ipv4,blocklist.de|brute-force|apache|rfi|ddos|spam|mail|ziyadnz|hourly,2026-08-17T18:48:05Z,2026-08-17T18:48:05Z,
5.167.65.198,ipv4,attack,high,WHITE,blocklist.de/all|blocklist.de/apache|blocklist.de/mail|ziyadnz/hourly-ipv4,blocklist.de|brute-force|apache|rfi|ddos|spam|mail|ziyadnz|hourly,2026-08-17T18:48:05Z,2026-08-17T18:48:05Z,
5.167.65.199,ipv4,attack,high,WHITE,blocklist.de/all|blocklist.de/apache|blocklist.de/mail|ziyadnz/hourly-ipv4,blocklist.de|brute-force|apache|rfi|ddos|spam|mail|ziyadnz|hourly,2026-08-17T18:48:05Z,2026-08-17T18:48:05Z,
5.167.65.200,ipv4,attack,high,WHITE,blocklist.de/all|blocklist.de/apache|blocklist.de/mail|ziyadnz/hourly-ipv4,blocklist.de|brute-force|apache|rfi|ddos|spam|mail|ziyadnz|hourly,2026-08-17T18:48:05Z,2026-08-17T18:48:05Z,
5.167.65.201,ipv4,attack,high,WHITE,blocklist.de/all|blocklist.de/apache|blocklist.de/mail|ziyadnz/hourly-ipv4,blocklist.de|brute-force|apache|rfi|ddos|spam|mail|ziyadnz|hourly,2026-08-17T18:48:05Z,2026-08-17T18:48:05Z,
5.167.65.202,ipv4,attack,high,WHITE,blocklist.de/all|blocklist.de/apache|blocklist.de/mail|ziyadnz/hourly-ipv4,blocklist.de|brute-force|apache|rfi|ddos|spam|mail|ziyadnz|hourly,2026-08-17T18:48:05Z,2026-08-17T18:48:05Z,
5.167.65.203,ipv4,attack,high,WHITE,blocklist.de/all|blocklist.de/apache|blocklist.de/mail|ziyadnz/hourly-ipv4,blocklist.de|brute-force|apache|rfi|ddos|spam|mail|ziyadnz|hourly,2026-08-17T18:48:05Z,2026-08-17T18:48:05Z,
5.167.65.204,ipv4,attack,high,WHITE,blocklist.de/all|blocklist.de/apache|blocklist.de/mail|ziyadnz/hourly-ipv4,blocklist.de|brute-force|apache|rfi|ddos|spam|mail|ziyadnz|hourly,2026-08-17T18:48:05Z,2026-08-17T18:48:05Z,
5.167.65.205,ipv4,attack,high,WHITE,blocklist.de/all|blocklist.de/apache|blocklist.de/mail|ziyadnz/hourly-ipv4,blocklist.de|brute-force|apache|rfi|ddos|spam|mail|ziyadnz|hourly,2026-08-17T18:48:05Z,2026-08-17T18:48:05Z,
5.167.65.206,ipv4,attack,high,WHITE,blocklist.de/all|blocklist.de/apache|blocklist.de/mail|ziyadnz/hourly-ipv4,blocklist.de|brute-force|apache|rfi|ddos|spam|mail|ziyadnz|hourly,2026-08-17T18:48:05Z,2026-08-17T18:48:05Z,
5.167.65.207,ipv4,attack,high,WHITE,blocklist.de/all|blocklist.de/apache|blocklist.de/mail|ziyadnz/hourly-ipv4,blocklist.de|brute-force|apache|rfi|ddos|spam|mail|ziyadnz|hourly,2026-08-17T18:48:05Z,2026-08-17T18:48:05Z,
5.167.65.208,ipv4,attack,high,WHITE,blocklist.de/all|blocklist.de/apache|blocklist.de/mail|ziyadnz/hourly-ipv4,blocklist.de|brute-force|apache|rfi|ddos|spam|mail|ziyadnz|hourly,2026-08-17T18:48:05Z,2026-08-17T18:48:05Z,
5.167.65.209,ipv4,attack,high,WHITE,blocklist.de/all|blocklist.de/apache|blocklist.de/mail|ziyadnz/hourly-ipv4,blocklist.de|brute-force|apache|rfi|ddos|spam|mail|ziyadnz|hourly,2026-08-17T18:48:05Z,2026-08-17T18:48:05Z,
5.167.65.210,ipv4,attack,high,WHITE,blocklist.de/all|blocklist.de/apache|blocklist.de/mail|ziyadnz/hourly-ipv4,blocklist.de|brute-force|apache|rfi|ddos|spam|mail|ziyadnz|hourly,2026-08-17T18:48:05Z,2026-08-17T18:48:05Z,
5.167.65.211,ipv4,attack,high,WHITE,blocklist.de/all|blocklist.de/apache|blocklist.de/mail|ziyadnz/hourly-ipv4,blocklist.de|brute-force|apache|rfi|ddos|spam|mail|ziyadnz|hourly,2026-08-17T18:48:05Z,2026-08-17T18:48:05Z,
5.167.65.212,ipv4,attack,high,WHITE,blocklist.de/all|blocklist.de/apache|blocklist.de/mail|ziyadnz/hourly-ipv4,blocklist.de|brute-force|apache|rfi|ddos|spam|mail|ziyadnz|hourly,2026-08-17T18:48:05Z,2026-08-17T18:48:05Z,
5.167.65.213,ipv4,attack,high,WHITE,blocklist.de/all|blocklist.de/apache|blocklist.de/mail|ziyadnz/hourly-ipv4,blocklist.de|brute-force|apache|rfi|ddos|spam|mail|ziyadnz|hourly,2026-08-17T18:48:05Z,2026-08-17T18:48:05Z,
5.167.65.214,ipv4,attack,high,WHITE,blocklist.de/all|blocklist.de/apache|blocklist.de/mail|ziyadnz/hourly-ipv4,blocklist.de|brute-force|apache|rfi|ddos|spam|mail|ziyadnz|hourly,2026-08-17T18:48:05Z,2026-08-17T18:48:05Z,
5.167.65.215,ipv4,attack,high,WHITE,blocklist.de/all|blocklist.de/apache|blocklist.de/mail|ziyadnz/hourly-ipv4,blocklist.de|brute-force|apache|rfi|ddos|spam|mail|ziyadnz|hourly,2026-08-17T18:48:05Z,2026-08-17T18:48:05Z,
5.167.65.216,ipv4,attack,high,WHITE,blocklist.de/all|blocklist.de/apache|blocklist.de/mail|ziyadnz/hourly-ipv4,blocklist.de|brute-force|apache|rfi|ddos|spam|mail|ziyadnz|hourly,2026-08-17T18:48:05Z,2026-08-17T18:48:05Z,
5.167.65.217,ipv4,attack,high,WHITE,blocklist.de/all|blocklist.de/apache|blocklist.de/mail|ziyadnz/hourly-ipv4,blocklist.de|brute-force|apache|rfi|ddos|spam|mail|ziyadnz|hourly,2026-08-17T18:48:05Z,2026-08-17T18:48:05Z,
5.167.65.218,ipv4,attack,high,WHITE,blocklist.de/all|blocklist.de/apache|blocklist.de/mail|ziyadnz/hourly-ipv4,blocklist.de|brute-force|apache|rfi|ddos|spam|mail|ziyadnz|hourly,2026-08-17T18:48:05Z,2026-08-17T18:48:05Z,
5.167.65.219,ipv4,attack,high,WHITE,blocklist.de/all|blocklist.de/apache|blocklist.de/mail|ziyadnz/hourly-ipv4,blocklist.de|brute-force|apache|rfi|ddos|spam|mail|ziyadnz|hourly,2026-08-17T18:48:05Z,2026-08-17T18:48:05Z,
5.167.65.220,ipv4,attack,high,WHITE,blocklist.de/all|blocklist.de/apache|blocklist.de/mail|ziyadnz/hourly-ipv4,blocklist.de|brute-force|apache|rfi|ddos|spam|mail|ziyadnz|hourly,2026-08-17T18:48:05Z,2026-08-17T18:48:05Z,
5.167.65.221,ipv4,attack,high,WHITE,blocklist.de/all|blocklist.de/apache|blocklist.de/mail|ziyadnz/hourly-ipv4,blocklist.de|brute-force|apache|rfi|ddos|spam|mail|ziyadnz|hourly,2026-08-17T18:48:05Z,2026-08-17T18:48:05Z,
5.167.65.222,ipv4,attack,high,WHITE,blocklist.de/all|blocklist.de/apache|blocklist.de/mail|ziyadnz/hourly-ipv4,blocklist.de|brute-force|apache|rfi|ddos|spam|mail|ziyadnz|hourly,2026-08-17T18:48:05Z,2026-08-17T18:48:05Z,
5.167.65.223,ipv4,attack,high,WHITE,blocklist.de/all|blocklist.de/apache|blocklist.de/mail|ziyadnz/hourly-ipv4,blocklist.de|brute-force|apache|rfi|ddos|spam|mail|ziyadnz|hourly,2026-08-17T18:48:05Z,2026-08-17T18:48:05Z,
5.167.65.224,ipv4,attack,high,WHITE,blocklist.de/all|blocklist.de/apache|blocklist.de/mail|ziyadnz/hourly-ipv4,blocklist.de|brute-force|apache|rfi|ddos|spam|mail|ziyadnz|hourly,2026-08-17T18:48:05Z,2026-08-17T18:48:05Z,
5.167.65.225,ipv4,attack,high,WHITE,blocklist.de/all|blocklist.de/apache|blocklist.de/mail|ziyadnz/hourly-ipv4,blocklist.de|brute-force|apache|rfi|ddos|spam|mail|ziyadnz|hourly,2026-08-17T18:48:05Z,2026-08-17T18:48:05Z,
5.167.65.226,ipv4,attack,high,WHITE,blocklist.de/all|blocklist.de/apache|blocklist.de/mail|ziyadnz/hourly-ipv4,blocklist.de|brute-force|apache|rfi|ddos|spam|mail|ziyadnz|hourly,2026-08-17T18:48:05Z,2026-08-17T18:48:05Z,
5.167.65.227,ipv4,attack,high,WHITE,blocklist.de/all|blocklist.de/apache|blocklist.de/mail|ziyadnz/hourly-ipv4,blocklist.de|brute-force|apache|rfi|ddos|spam|mail|ziyadnz|hourly,2026-08-17T18:48:05Z,2026-08-17T18:48:05Z,
5.167.65.228,ipv4,attack,high,WHITE,blocklist.de/all|blocklist.de/apache|blocklist.de/mail|ziyadnz/hourly-ipv4,blocklist.de|brute-force|apache|rfi|ddos|spam|mail|ziyadnz|hourly,2026-08-17T18:48:05Z,2026-08-17T18:48:05Z,
5.167.65.229,ipv4,attack,high,WHITE,blocklist.de/all|blocklist.de/apache|blocklist.de/mail|ziyadnz/hourly-ipv4,blocklist.de|brute-force|apache|rfi|ddos|spam|mail|ziyadnz|hourly,2026-08-17T18:48:05Z,2026-08-17T18:48:05Z,
5.167.65.230,ipv4,attack,high,WHITE,blocklist.de/all|blocklist.de/apache|blocklist.de/mail|ziyadnz/hourly-ipv4,blocklist.de|brute-force|apache|rfi|ddos|spam|mail|ziyadnz|hourly,2026-08-17T18:48:05Z,2026-08-17T18:48:05Z,
5.167.65.231,ipv4,attack,high,WHITE,blocklist.de/all|blocklist.de/apache|blocklist.de/mail|ziyadnz/hourly-ipv4,blocklist.de|brute-force|apache|rfi|ddos|spam|mail|ziyadnz|hourly,2026-08-17T18:48:05Z,2026-08-17T18:48:05Z,
5.167.65.232,ipv4,attack,high,WHITE,blocklist.de/all|blocklist.de/apache|blocklist.de/mail|ziyadnz/hourly-ipv4,blocklist.de|brute-force|apache|rfi|ddos|spam|mail|ziyadnz|hourly,2026-08-17T18:48:05Z,2026-08-17T18:48:05Z,
5.167.65.233,ipv4,attack,high,WHITE,blocklist.de/all|blocklist.de/apache|blocklist.de/mail|ziyadnz/hourly-ipv4,blocklist.de|brute-force|apache|rfi|ddos|spam|mail|ziyadnz|hourly,2026-08-17T18:48:05Z,2026-08-17T18:48:05Z,
5.167.65.234,ipv4,attack,high,WHITE,blocklist.de/all|blocklist.de/apache|blocklist.de/mail|ziyadnz/hourly-ipv4,blocklist.de|brute-force|apache|rfi|ddos|spam|mail|ziyadnz|hourly,2026-08-17T18:48:05Z,2026-08-17T18:48:05Z,
5.167.65.235,ipv4,attack,high,WHITE,blocklist.de/all|blocklist.de/apache|blocklist.de/mail|ziyadnz/hourly-ipv4,blocklist.de|brute-force|apache|rfi|ddos|spam|mail|ziyadnz|hourly,2026-08-17T18:48:05Z,2026-08-17T18:48:05Z,
5.167.65.236,ipv4,attack,high,WHITE,blocklist.de/all|blocklist.de/apache|blocklist.de/mail|ziyadnz/hourly-ipv4,blocklist.de|brute-force|apache|rfi|ddos|spam|mail|ziyadnz|hourly,2026-08-17T18:48:05Z,2026-08-17T18:48:05Z,
5.167.65.237,ipv4,attack,high,WHITE,blocklist.de/all|blocklist.de/apache|blocklist.de/mail|ziyadnz/hourly-ipv4,blocklist.de|brute-force|apache|rfi|ddos|spam|mail|ziyadnz|hourly,2026-08-17T18:48:05Z,2026-08-17T18:48:05Z,
5.167.65.238,ipv4,attack,high,WHITE,blocklist.de/all|blocklist.de/apache|blocklist.de/mail|ziyadnz/hourly-ipv4,blocklist.de|brute-force|apache|rfi|ddos|spam|mail|ziyadnz|hourly,2026-08-17T18:48:05Z,2026-08-17T18:48:05Z,
5.167.65.239,ipv4,attack,high,WHITE,blocklist.de/all|blocklist.de/apache|blocklist.de/mail|ziyadnz/hourly-ipv4,blocklist.de|brute-force|apache|rfi|ddos|spam|mail|ziyadnz|hourly,2026-08-17T18:48:05Z,2026-08-17T18:48:05Z,
5.167.65.240,ipv4,attack,high,WHITE,blocklist.de/all|blocklist.de/apache|blocklist.de/mail|ziyadnz/hourly-ipv4,blocklist.de|brute-force|apache|rfi|ddos|spam|mail|ziyadnz|hourly,2026-08-17T18:48:05Z,2026-08-17T18:48:05Z,
5.167.65.241,ipv4,attack,high,WHITE,blocklist.de/all|blocklist.de/apache|blocklist.de/mail|ziyadnz/hourly-ipv4,blocklist.de|brute-force|apache|rfi|ddos|spam|mail|ziyadnz|hourly,2026-08-17T18:48:05Z,2026-08-17T18:48:05Z,
5.167.65.242,ipv4,attack,high,WHITE,blocklist.de/all|blocklist.de/apache|blocklist.de/mail|ziyadnz/hourly-ipv4,blocklist.de|brute-force|apache|rfi|ddos|spam|mail|ziyadnz|hourly,2026-08-17T18:48:05Z,2026-08-17T18:48:05Z,
5.167.65.243,ipv4,attack,high,WHITE,blocklist.de/all|blocklist.de/apache|blocklist.de/mail|ziyadnz/hourly-ipv4,blocklist.de|brute-force|apache|rfi|ddos|spam|mail|ziyadnz|hourly,2026-08-17T18:48:05Z,2026-08-17T18:48:05Z,
5.167.65.244,ipv4,attack,high,WHITE,blocklist.de/all|blocklist.de/apache|blocklist.de/mail|ziyadnz/hourly-ipv4,blocklist.de|brute-force|apache|rfi|ddos|spam|mail|ziyadnz|hourly,2026-08-17T18:48:05Z,2026-08-17T18:48:05Z,
5.167.65.245,ipv4,attack,high,WHITE,blocklist.de/all|blocklist.de/apache|blocklist.de/mail|ziyadnz/hourly-ipv4,blocklist.de|brute-force|apache|rfi|ddos|spam|mail|ziyadnz|hourly,2026-08-17T18:48:05Z,2026-08-17T18:48:05Z,
5.167.65.246,ipv4,attack,high,WHITE,blocklist.de/all|blocklist.de/apache|blocklist.de/mail|ziyadnz/hourly-ipv4,blocklist.de|brute-force|apache|rfi|ddos|spam|mail|ziyadnz|hourly,2026-08-17T18:48:05Z,2026-08-17T18:48:05Z,
5.167.65.247,ipv4,attack,high,WHITE,blocklist.de/all|blocklist.de/apache|blocklist.de/mail|ziyadnz/hourly-ipv4,blocklist.de|brute-force|apache|rfi|ddos|spam|mail|ziyadnz|hourly,2026-08-17T18:48:05Z,2026-08-17T18:48:05Z,
5.167.65.248,ipv4,attack,high,WHITE,blocklist.de/all|blocklist.de/apache|blocklist.de/mail|ziyadnz/hourly-ipv4,blocklist.de|brute-force|apache|rfi|ddos|spam|mail|ziyadnz|hourly,2026-08-17T18:48:05Z,2026-08-17T18:48:05Z,
5.167.65.249,ipv4,attack,high,WHITE,blocklist.de/all|blocklist.de/apache|blocklist.de/mail|ziyadnz/hourly-ipv4,blocklist.de|brute-force|apache|rfi|ddos|spam|mail|ziyadnz|hourly,2026-08-17T18:48:05Z,2026-08-17T18:48:05Z,
5.167.65.250,ipv4,attack,high,WHITE,blocklist.de/all|blocklist.de/apache|blocklist.de/mail|ziyadnz/hourly-ipv4,blocklist.de|brute-force|apache|rfi|ddos|spam|mail|ziyadnz|hourly,2026-08-17T18:48:05Z,2026-08-17T18:48:05Z,
5.167.65.251,ipv4,attack,high,WHITE,blocklist.de/all|blocklist.de/apache|blocklist.de/mail|ziyadnz/hourly-ipv4,blocklist.de|brute-force|apache|rfi|ddos|spam|mail|ziyadnz|hourly,2026-08-17T18:48:05Z,2026-08-17T18:48:05Z,
5.167.65.252,ipv4,attack,high,WHITE,blocklist.de/all|blocklist.de/apache|blocklist.de/mail|ziyadnz/hourly-ipv4,blocklist.de|brute-force|apache|rfi|ddos|spam|mail|ziyadnz|hourly,2026-08-17T18:48:05Z,2026-08-17T18:48:05Z,
5.167.65.253,ipv4,attack,high,WHITE,blocklist.de/all|blocklist.de/apache|blocklist.de/mail|ziyadnz/hourly-ipv4,blocklist.de|brute-force|apache|rfi|ddos|spam|mail|ziyadnz|hourly,2026-08-17T18:48:05Z,2026-08-17T18:48:05Z,
5.167.65.254,ipv4,attack,high,WHITE,blocklist.de/all|blocklist.de/apache|blocklist.de/mail|ziyadnz/hourly-ipv4,blocklist.de|brute-force|apache|rfi|ddos|spam|mail|ziyadnz|hourly,2026-08-17T18:48:05Z,2026-08-17T18:48:05Z,
5.167.65.255,ipv4,attack,high,WHITE,blocklist.de/all|blocklist.de/apache|blocklist.de/mail|ziyadnz/hourly-ipv4,blocklist.de|brute-force|apache|rfi|ddos|spam|mail|ziyadnz|hourly,2026-08-17T18:48:05Z,2026-08-17T18:48:05Z,
5.167.66.0,ipv4,attack,high,WHITE,blocklist.de/all|blocklist.de/apache|blocklist.de/mail|ziyadnz/hourly-ipv4,blocklist.de|brute-force|apache|rfi|ddos|spam|mail|ziyadnz|hourly,2026-08-17T18:48:05Z,2026-08-17T18:48:05Z,
5.167.66.1,ipv4,attack,high,WHITE,blocklist.de/all|blocklist.de/apache|blocklist.de/mail|ziyadnz/hourly-ipv4,blocklist.de|brute-force|apache|rfi|ddos|spam|mail|ziyadnz|hourly,2026-08-17T18:48:05Z,2026-08-17T18:48:05Z,
5.167.66.2,ipv4,attack,high,WHITE,blocklist.de/all|blocklist.de/apache|blocklist.de/mail|ziyadnz/hourly-ipv4,blocklist.de|brute-force|apache|rfi|ddos|spam|mail|ziyadnz|hourly,2026-08-17T18:48:05Z,2026-08-17T18:48:05Z,
5.167.66.3,ipv4,attack,high,WHITE,blocklist.de/all|blocklist.de/apache|blocklist.de/mail|ziyadnz/hourly-ipv4,blocklist.de|brute-force|apache|rfi|ddos|spam|mail|ziyadnz|hourly,2026-08-17T18:48:05Z,2026-08-17T18:48:05Z,
5.167.66.4,ipv4,attack,high,WHITE,blocklist.de/all|blocklist.de/apache|blocklist.de/mail|ziyadnz/hourly-ipv4,blocklist.de|brute-force|apache|rfi|ddos|spam|mail|ziyadnz|hourly,2026-08-17T18:48:05Z,2026-08-17T18:48:05Z,
5.167.66.5,ipv4,attack,high,WHITE,blocklist.de/all|blocklist.de/apache|blocklist.de/mail|ziyadnz/hourly-ipv4,blocklist.de|brute-force|apache|rfi|ddos|spam|mail|ziyadnz|hourly,2026-08-17T18:48:05Z,2026-08-17T18:48:05Z,
5.167.66.6,ipv4,attack,high,WHITE,blocklist.de/all|blocklist.de/apache|blocklist.de/mail|ziyadnz/hourly-ipv4,blocklist.de|brute-force|apache|rfi|ddos|spam|mail|ziyadnz|hourly,2026-08-17T18:48:05Z,2026-08-17T18:48:05Z,
5.167.66.7,ipv4,attack,high,WHITE,blocklist.de/all|blocklist.de/apache|blocklist.de/mail|ziyadnz/hourly-ipv4,blocklist.de|brute-force|apache|rfi|ddos|spam|mail|ziyadnz|hourly,2026-08-17T18:48:05Z,2026-08-17T18:48:05Z,
5.167.66.8,ipv4,attack,high,WHITE,blocklist.de/all|blocklist.de/apache|blocklist.de/mail|ziyadnz/hourly-ipv4,blocklist.de|brute-force|apache|rfi|ddos|spam|mail|ziyadnz|hourly,2026-08-17T18:48:05Z,2026-08-17T18:48:05Z,
5.167.66.9,ipv4,attack,high,WHITE,blocklist.de/all|blocklist.de/apache|blocklist.de/mail|ziyadnz/hourly-ipv4,blocklist.de|brute-force|apache|rfi|ddos|spam|mail|ziyadnz|hourly,2026-08-17T18:48:05Z,2026-08-17T18:48:05Z,
5.167.66.10,ipv4,attack,high,WHITE,blocklist.de/all|blocklist.de/apache|blocklist.de/mail|ziyadnz/hourly-ipv4,blocklist.de|brute-force|apache|rfi|ddos|spam|mail|ziyadnz|hourly,2026-08-17T18:48:05Z,2026-08-17T18:48:05Z,
5.167.66.11,ipv4,attack,high,WHITE,blocklist.de/all|blocklist.de/apache|blocklist.de/mail|ziyadnz/hourly-ipv4,blocklist.de|brute-force|apache|rfi|ddos|spam|mail|ziyadnz|hourly,2026-08-17T18:48:05Z,2026-08-17T18:48:05Z,
5.167.66.12,ipv4,attack,high,WHITE,blocklist.de/all|blocklist.de/apache|blocklist.de/mail|ziyadnz/hourly-ipv4,blocklist.de|brute-force|apache|rfi|ddos|spam|mail|ziyadnz|hourly,2026-08-17T18:48:05Z,2026-08-17T18:48:05Z,
5.167.66.13,ipv4,attack,high,WHITE,blocklist.de/all|blocklist.de/apache|blocklist.de/mail|ziyadnz/hourly-ipv4,blocklist.de|brute-force|apache|rfi|ddos|spam|mail|ziyadnz|hourly,2026-08-17T18:48:05Z,2026-08-17T18:48:05Z,
5.167.66.14,ipv4,attack,high,WHITE,blocklist.de/all|blocklist.de/apache|blocklist.de/mail|ziyadnz/hourly-ipv4,blocklist.de|brute-force|apache|rfi|ddos|spam|mail|ziyadnz|hourly,2026-08-17T18:48:05Z,2026-08-17T18:48:05Z,
5.167.66.15,ipv4,attack,high,WHITE,blocklist.de/all|blocklist.de/apache|blocklist.de/mail|ziyadnz/hourly-ipv4,blocklist.de|brute-force|apache|rfi|ddos|spam|mail|ziyadnz|hourly,2026-08-17T18:48:05Z,2026-08-17T18:48:05Z,
5.167.66.16,ipv4,attack,high,WHITE,blocklist.de/all|blocklist.de/apache|blocklist.de/mail|ziyadnz/hourly-ipv4,blocklist.de|brute-force|apache|rfi|ddos|spam|mail|ziyadnz|hourly,2026-08-17T18:48:05Z,2026-08-17T18:48:05Z,
5.167.66.17,ipv4,attack,high,WHITE,blocklist.de/all|blocklist.de/apache|blocklist.de/mail|ziyadnz/hourly-ipv4,blocklist.de|brute-force|apache|rfi|ddos|spam|mail|ziyadnz|hourly,2026-08-17T18:48:05Z,2026-08-17T18:48:05Z,
5.167.66.18,ipv4,attack,high,WHITE,blocklist.de/all|blocklist.de/apache|blocklist.de/mail|ziyadnz/hourly-ipv4,blocklist.de|brute-force|apache|rfi|ddos|spam|mail|ziyadnz|hourly,2026-08-17T18:48:05Z,2026-08-17T18:48:05Z,
5.167.66.19,ipv4,attack,high,WHITE,blocklist.de/all|blocklist.de/apache|blocklist.de/mail|ziyadnz/hourly-ipv4,blocklist.de|brute-force|apache|rfi|ddos|spam|mail|ziyadnz|hourly,2026-08-17T18:48:05Z,2026-08-17T18:48:05Z,
5.167.66.20,ipv4,attack,high,WHITE,blocklist.de/all|blocklist.de/apache|blocklist.de/mail|ziyadnz/hourly-ipv4,blocklist.de|brute-force|apache|rfi|ddos|spam|mail|ziyadnz|hourly,2026-08-17T18:48:05Z,2026-08-17T18:48:05Z,
5.167.66.21,ipv4,attack,high,WHITE,blocklist.de/all|blocklist.de/apache|blocklist.de/mail|ziyadnz/hourly-ipv4,blocklist.de|brute-force|apache|rfi|ddos|spam|mail|ziyadnz|hourly,2026-08-17T18:48:05Z,2026-08-17T18:48:05Z,
5.167.66.22,ipv4,attack,high,WHITE,blocklist.de/all|blocklist.de/apache|blocklist.de/mail|ziyadnz/hourly-ipv4,blocklist.de|brute-force|apache|rfi|ddos|spam|mail|ziyadnz|hourly,2026-08-17T18:48:05Z,2026-08-17T18:48:05Z,
5.167.66.23,ipv4,attack,high,WHITE,blocklist.de/all|blocklist.de/apache|blocklist.de/mail|ziyadnz/hourly-ipv4,blocklist.de|brute-force|apache|rfi|ddos|spam|mail|ziyadnz|hourly,2026-08-17T18:48:05Z,2026-08-17T18:48:05Z,
5.167.66.24,ipv4,attack,high,WHITE,blocklist.de/all|blocklist.de/apache|blocklist.de/mail|ziyadnz/hourly-ipv4,blocklist.de|brute-force|apache|rfi|ddos|spam|mail|ziyadnz|hourly,2026-08-17T18:48:05Z,2026-08-17T18:48:05Z,
5.167.66.25,ipv4,attack,high,WHITE,blocklist.de/all|blocklist.de/apache|blocklist.de/mail|ziyadnz/hourly-ipv4,blocklist.de|brute-force|apache|rfi|ddos|spam|mail|ziyadnz|hourly,2026-08-17T18:48:05Z,2026-08-17T18:48:05Z,
5.167.66.26,ipv4,attack,high,WHITE,blocklist.de/all|blocklist.de/apache|blocklist.de/mail|ziyadnz/hourly-ipv4,blocklist.de|brute-force|apache|rfi|ddos|spam|mail|ziyadnz|hourly,2026-08-17T18:48:05Z,2026-08-17T18:48:05Z,
5.167.66.27,ipv4,attack,high,WHITE,blocklist.de/all|blocklist.de/apache|blocklist.de/mail|ziyadnz/hourly-ipv4,blocklist.de|brute-force|apache|rfi|ddos|spam|mail|ziyadnz|hourly,2026-08-17T18:48:05Z,2026-08-17T18:48:05Z,
5.167.66.28,ipv4,attack,high,WHITE,blocklist.de/all|blocklist.de/apache|blocklist.de/mail|ziyadnz/hourly-ipv4,blocklist.de|brute-force|apache|rfi|ddos|spam|mail|ziyadnz|hourly,2026-08-17T18:48:05Z,2026-08-17T18:48:05Z,
5.167.66.29,ipv4,attack,high,WHITE,blocklist.de/all|blocklist.de/apache|blocklist.de/mail|ziyadnz/hourly-ipv4,blocklist.de|brute-force|apache|rfi|ddos|spam|mail|ziyadnz|hourly,2026-08-17T18:48:05Z,2026-08-17T18:48:05Z,
5.167.66.30,ipv4,attack,high,WHITE,blocklist.de/all|blocklist.de/apache|blocklist.de/mail|ziyadnz/hourly-ipv4,blocklist.de|brute-force|apache|rfi|ddos|spam|mail|ziyadnz|hourly,2026-08-17T18:48:05Z,2026-08-17T18:48:05Z,
5.167.66.31,ipv4,attack,high,WHITE,blocklist.de/all|blocklist.de/apache|blocklist.de/mail|ziyadnz/hourly-ipv4,blocklist.de|brute-force|apache|rfi|ddos|spam|mail|ziyadnz|hourly,2026-08-17T18:48:05Z,2026-08-17T18:48:05Z,
5.167.66.32,ipv4,attack,high,WHITE,blocklist.de/all|blocklist.de/apache|blocklist.de/mail|ziyadnz/hourly-ipv4,blocklist.de|brute-force|apache|rfi|ddos|spam|mail|ziyadnz|hourly,2026-08-17T18:48:05Z,2026-08-17T18:48:05Z,
5.167.66.33,ipv4,attack,high,WHITE,blocklist.de/all|blocklist.de/apache|blocklist.de/mail|ziyadnz/hourly-ipv4,blocklist.de|brute-force|apache|rfi|ddos|spam|mail|ziyadnz|hourly,2026-08-17T18:48:05Z,2026-08-17T18:48:05Z,
5.167.66.34,ipv4,attack,high,WHITE,blocklist.de/all|blocklist.de/apache|blocklist.de/mail|ziyadnz/hourly-ipv4,blocklist.de|brute-force|apache|rfi|ddos|spam|mail|ziyadnz|hourly,2026-08-17T18:48:05Z,2026-08-17T18:48:05Z,
5.167.66.35,ipv4,attack,high,WHITE,blocklist.de/all|blocklist.de/apache|blocklist.de/mail|ziyadnz/hourly-ipv4,blocklist.de|brute-force|apache|rfi|ddos|spam|mail|ziyadnz|hourly,2026-08-17T18:48:05Z,2026-08-17T18:48:05Z,
5.167.66.36,ipv4,attack,high,WHITE,blocklist.de/all|blocklist.de/apache|blocklist.de/mail|ziyadnz/hourly-ipv4,blocklist.de|brute-force|apache|rfi|ddos|spam|mail|ziyadnz|hourly,2026-08-17T18:48:05Z,2026-08-17T18:48:05Z,
5.167.66.37,ipv4,attack,high,WHITE,blocklist.de/all|blocklist.de/apache|blocklist.de/mail|ziyadnz/hourly-ipv4,blocklist.de|brute-force|apache|rfi|ddos|spam|mail|ziyadnz|hourly,2026-08-17T18:48:05Z,2026-08-17T18:48:05Z,
5.167.66.38,ipv4,attack,high,WHITE,blocklist.de/all|blocklist.de/apache|blocklist.de/mail|ziyadnz/hourly-ipv4,blocklist.de|brute-force|apache|rfi|ddos|spam|mail|ziyadnz|hourly,2026-08-17T18:48:05Z,2026-08-17T18:48:05Z,
5.167.66.39,ipv4,attack,high,WHITE,blocklist.de/all|blocklist.de/apache|blocklist.de/mail|ziyadnz/hourly-ipv4,blocklist.de|brute-force|apache|rfi|ddos|spam|mail|ziyadnz|hourly,2026-08-17T18:48:05Z,2026-08-17T18:48:05Z,
5.167.66.40,ipv4,attack,high,WHITE,blocklist.de/all|blocklist.de/apache|blocklist.de/mail|ziyadnz/hourly-ipv4,blocklist.de|brute-force|apache|rfi|ddos|spam|mail|ziyadnz|hourly,2026-08-17T18:48:05Z,2026-08-17T18:48:05Z,
5.167.66.41,ipv4,attack,high,WHITE,blocklist.de/all|blocklist.de/apache|blocklist.de/mail|ziyadnz/hourly-ipv4,blocklist.de|brute-force|apache|rfi|ddos|spam|mail|ziyadnz|hourly,2026-08-17T18:48:05Z,2026-08-17T18:48:05Z,
5.167.66.42,ipv4,attack,high,WHITE,blocklist.de/all|blocklist.de/apache|blocklist.de/mail|ziyadnz/hourly-ipv4,blocklist.de|brute-force|apache|rfi|ddos|spam|mail|ziyadnz|hourly,2026-08-17T18:48:05Z,2026-08-17T18:48:05Z,
5.167.66.43,ipv4,attack,high,WHITE,blocklist.de/all|blocklist.de/apache|blocklist.de/mail|ziyadnz/hourly-ipv4,blocklist.de|brute-force|apache|rfi|ddos|spam|mail|ziyadnz|hourly,2026-08-17T18:48:05Z,2026-08-17T18:48:05Z,
5.167.66.44,ipv4,attack,high,WHITE,blocklist.de/all|blocklist.de/apache|blocklist.de/mail|ziyadnz/hourly-ipv4,blocklist.de|brute-force|apache|rfi|ddos|spam|mail|ziyadnz|hourly,2026-08-17T18:48:05Z,2026-08-17T18:48:05Z,
5.167.66.45,ipv4,attack,high,WHITE,blocklist.de/all|blocklist.de/apache|blocklist.de/mail|ziyadnz/hourly-ipv4,blocklist.de|brute-force|apache|rfi|ddos|spam|mail|ziyadnz|hourly,2026-08-17T18:48:05Z,2026-08-17T18:48:05Z,
5.167.66.46,ipv4,attack,high,WHITE,blocklist.de/all|blocklist.de/apache|blocklist.de/mail|ziyadnz/hourly-ipv4,blocklist.de|brute-force|apache|rfi|ddos|spam|mail|ziyadnz|hourly,2026-08-17T18:48:05Z,2026-08-17T18:48:05Z,
5.167.66.47,ipv4,attack,high,WHITE,blocklist.de/all|blocklist.de/apache|blocklist.de/mail|ziyadnz/hourly-ipv4,blocklist.de|brute-force|apache|rfi|ddos|spam|mail|ziyadnz|hourly,2026-08-17T18:48:05Z,2026-08-17T18:48:05Z,
5.167.66.48,ipv4,attack,high,WHITE,blocklist.de/all|blocklist.de/apache|blocklist.de/mail|ziyadnz/hourly-ipv4,blocklist.de|brute-force|apache|rfi|ddos|spam|mail|ziyadnz|hourly,2026-08-17T18:48:05Z,2026-08-17T18:48:05Z,
5.167.66.49,ipv4,attack,high,WHITE,blocklist.de/all|blocklist.de/apache|blocklist.de/mail|ziyadnz/hourly-ipv4,blocklist.de|brute-force|apache|rfi|ddos|spam|mail|ziyadnz|hourly,2026-08-17T18:48:05Z,2026-08-17T18:48:05Z,
5.167.66.50,ipv4,attack,high,WHITE,blocklist.de/all|blocklist.de/apache|blocklist.de/mail|ziyadnz/hourly-ipv4,blocklist.de|brute-force|apache|rfi|ddos|spam|mail|ziyadnz|hourly,2026-08-17T18:48:05Z,2026-08-17T18:48:05Z,
5.167.66.51,ipv4,attack,high,WHITE,blocklist.de/all|blocklist.de/apache|blocklist.de/mail|ziyadnz/hourly-ipv4,blocklist.de|brute-force|apache|rfi|ddos|spam|mail|ziyadnz|hourly,2026-08-17T18:48:05Z,2026-08-17T18:48:05Z,
5.167.66.52,ipv4,attack,high,WHITE,blocklist.de/all|blocklist.de/apache|blocklist.de/mail|ziyadnz/hourly-ipv4,blocklist.de|brute-force|apache|rfi|ddos|spam|mail|ziyadnz|hourly,2026-08-17T18:48:05Z,2026-08-17T18:48:05Z,
5.167.66.53,ipv4,attack,high,WHITE,blocklist.de/all|blocklist.de/apache|blocklist.de/mail|ziyadnz/hourly-ipv4,blocklist.de|brute-force|apache|rfi|ddos|spam|mail|ziyadnz|hourly,2026-08-17T18:48:05Z,2026-08-17T18:48:05Z,
5.167.66.54,ipv4,attack,high,WHITE,blocklist.de/all|blocklist.de/apache|blocklist.de/mail|ziyadnz/hourly-ipv4,blocklist.de|brute-force|apache|rfi|ddos|spam|mail|ziyadnz|hourly,2026-08-17T18:48:05Z,2026-08-17T18:48:05Z,
5.167.66.55,ipv4,attack,high,WHITE,blocklist.de/all|blocklist.de/apache|blocklist.de/mail|ziyadnz/hourly-ipv4,blocklist.de|brute-force|apache|rfi|ddos|spam|mail|ziyadnz|hourly,2026-08-17T18:48:05Z,2026-08-17T18:48:05Z,
5.167.66.56,ipv4,attack,high,WHITE,blocklist.de/all|blocklist.de/apache|blocklist.de/mail|ziyadnz/hourly-ipv4,blocklist.de|brute-force|apache|rfi|ddos|spam|mail|ziyadnz|hourly,2026-08-17T18:48:05Z,2026-08-17T18:48:05Z,
5.167.66.57,ipv4,attack,high,WHITE,blocklist.de/all|blocklist.de/apache|blocklist.de/mail|ziyadnz/hourly-ipv4,blocklist.de|brute-force|apache|rfi|ddos|spam|mail|ziyadnz|hourly,2026-08-17T18:48:05Z,2026-08-17T18:48:05Z,
5.167.66.58,ipv4,attack,high,WHITE,blocklist.de/all|blocklist.de/apache|blocklist.de/mail|ziyadnz/hourly-ipv4,blocklist.de|brute-force|apache|rfi|ddos|spam|mail|ziyadnz|hourly,2026-08-17T18:48:05Z,2026-08-17T18:48:05Z,
5.167.66.59,ipv4,attack,high,WHITE,blocklist.de/all|blocklist.de/apache|blocklist.de/mail|ziyadnz/hourly-ipv4,blocklist.de|brute-force|apache|rfi|ddos|spam|mail|ziyadnz|hourly,2026-08-17T18:48:05Z,2026-08-17T18:48:05Z,
5.167.66.60,ipv4,attack,high,WHITE,blocklist.de/all|blocklist.de/apache|blocklist.de/mail|ziyadnz/hourly-ipv4,blocklist.de|brute-force|apache|rfi|ddos|spam|mail|ziyadnz|hourly,2026-08-17T18:48:05Z,2026-08-17T18:48:05Z,
5.167.66.61,ipv4,attack,high,WHITE,blocklist.de/all|blocklist.de/apache|blocklist.de/mail|ziyadnz/hourly-ipv4,blocklist.de|brute-force|apache|rfi|ddos|spam|mail|ziyadnz|hourly,2026-08-17T18:48:05Z,2026-08-17T18:48:05Z,
5.167.66.62,ipv4,attack,high,WHITE,blocklist.de/all|blocklist.de/apache|blocklist.de/mail|ziyadnz/hourly-ipv4,blocklist.de|brute-force|apache|rfi|ddos|spam|mail|ziyadnz|hourly,2026-08-17T18:48:05Z,2026-08-17T18:48:05Z,
5.167.66.63,ipv4,attack,high,WHITE,blocklist.de/all|blocklist.de/apache|blocklist.de/mail|ziyadnz/hourly-ipv4,blocklist.de|brute-force|apache|rfi|ddos|spam|mail|ziyadnz|hourly,2026-08-17T18:48:05Z,2026-08-17T18:48:05Z,
5.167.66.64,ipv4,attack,high,WHITE,blocklist.de/all|blocklist.de/apache|blocklist.de/mail|ziyadnz/hourly-ipv4,blocklist.de|brute-force|apache|rfi|ddos|spam|mail|ziyadnz|hourly,2026-08-17T18:48:05Z,2026-08-17T18:48:05Z,
5.167.66.65,ipv4,attack,high,WHITE,blocklist.de/all|blocklist.de/apache|blocklist.de/mail|ziyadnz/hourly-ipv4,blocklist.de|brute-force|apache|rfi|ddos|spam|mail|ziyadnz|hourly,2026-08-17T18:48:05Z,2026-08-17T18:48:05Z,
5.167.66.66,ipv4,attack,high,WHITE,blocklist.de/all|blocklist.de/apache|blocklist.de/mail|ziyadnz/hourly-ipv4,blocklist.de|brute-force|apache|rfi|ddos|spam|mail|ziyadnz|hourly,2026-08-17T18:48:05Z,2026-08-17T18:48:05Z,
5.167.66.67,ipv4,attack,high,WHITE,blocklist.de/all|blocklist.de/apache|blocklist.de/mail|ziyadnz/hourly-ipv4,blocklist.de|brute-force|apache|rfi|ddos|spam|mail|ziyadnz|hourly,2026-08-17T18:48:05Z,2026-08-17T18:48:05Z,
5.167.66.68,ipv4,attack,high,WHITE,blocklist.de/all|blocklist.de/apache|blocklist.de/mail|ziyadnz/hourly-ipv4,blocklist.de|brute-force|apache|rfi|ddos|spam|mail|ziyadnz|hourly,2026-08-17T18:48:05Z,2026-08-17T18:48:05Z,
5.167.66.69,ipv4,attack,high,WHITE,blocklist.de/all|blocklist.de/apache|blocklist.de/mail|ziyadnz/hourly-ipv4,blocklist.de|brute-force|apache|rfi|ddos|spam|mail|ziyadnz|hourly,2026-08-17T18:48:05Z,2026-08-17T18:48:05Z,
5.167.66.70,ipv4,attack,high,WHITE,blocklist.de/all|blocklist.de/apache|blocklist.de/mail|ziyadnz/hourly-ipv4,blocklist.de|brute-force|apache|rfi|ddos|spam|mail|ziyadnz|hourly,2026-08-17T18:48:05Z,2026-08-17T18:48:05Z,
5.167.66.71,ipv4,attack,high,WHITE,blocklist.de/all|blocklist.de/apache|blocklist.de/mail|ziyadnz/hourly-ipv4,blocklist.de|brute-force|apache|rfi|ddos|spam|mail|ziyadnz|hourly,2026-08-17T18:48:05Z,2026-08-17T18:48:05Z,
5.167.66.72,ipv4,attack,high,WHITE,blocklist.de/all|blocklist.de/apache|blocklist.de/mail|ziyadnz/hourly-ipv4,blocklist.de|brute-force|apache|rfi|ddos|spam|mail|ziyadnz|hourly,2026-08-17T18:48:05Z,2026-08-17T18:48:05Z,
5.167.66.73,ipv4,attack,high,WHITE,blocklist.de/all|blocklist.de/apache|blocklist.de/mail|ziyadnz/hourly-ipv4,blocklist.de|brute-force|apache|rfi|ddos|spam|mail|ziyadnz|hourly,2026-08-17T18:48:05Z,2026-08-17T18:48:05Z,
5.167.66.74,ipv4,attack,high,WHITE,blocklist.de/all|blocklist.de/apache|blocklist.de/mail|ziyadnz/hourly-ipv4,blocklist.de|brute-force|apache|rfi|ddos|spam|mail|ziyadnz|hourly,2026-08-17T18:48:05Z,2026-08-17T18:48:05Z,
5.167.66.75,ipv4,attack,high,WHITE,blocklist.de/all|blocklist.de/apache|blocklist.de/mail|ziyadnz/hourly-ipv4,blocklist.de|brute-force|apache|rfi|ddos|spam|mail|ziyadnz|hourly,2026-08-17T18:48:05Z,2026-08-17T18:48:05Z,
5.167.66.76,ipv4,attack,high,WHITE,blocklist.de/all|blocklist.de/apache|blocklist.de/mail|ziyadnz/hourly-ipv4,blocklist.de|brute-force|apache|rfi|ddos|spam|mail|ziyadnz|hourly,2026-08-17T18:48:05Z,2026-08-17T18:48:05Z,
5.167.66.77,ipv4,attack,high,WHITE,blocklist.de/all|blocklist.de/apache|blocklist.de/mail|ziyadnz/hourly-ipv4,blocklist.de|brute-force|apache|rfi|ddos|spam|mail|ziyadnz|hourly,2026-08-17T18:48:05Z,2026-08-17T18:48:05Z,
5.167.66.78,ipv4,attack,high,WHITE,blocklist.de/all|blocklist.de/apache|blocklist.de/mail|ziyadnz/hourly-ipv4,blocklist.de|brute-force|apache|rfi|ddos|spam|mail|ziyadnz|hourly,2026-08-17T18:48:05Z,2026-08-17T18:48:05Z,
5.167.66.79,ipv4,attack,high,WHITE,blocklist.de/all|blocklist.de/apache|blocklist.de/mail|ziyadnz/hourly-ipv4,blocklist.de|brute-force|apache|rfi|ddos|spam|mail|ziyadnz|hourly,2026-08-17T18:48:05Z,2026-08-17T18:48:05Z,
5.167.66.80,ipv4,attack,high,WHITE,blocklist.de/all|blocklist.de/apache|blocklist.de/mail|ziyadnz/hourly-ipv4,blocklist.de|brute-force|apache|rfi|ddos|spam|mail|ziyadnz|hourly,2026-08-17T18:48:05Z,2026-08-17T18:48:05Z,
5.167.66.81,ipv4,attack,high,WHITE,blocklist.de/all|blocklist.de/apache|blocklist.de/mail|ziyadnz/hourly-ipv4,blocklist.de|brute-force|apache|rfi|ddos|spam|mail|ziyadnz|hourly,2026-08-17T18:48:05Z,2026-08-17T18:48:05Z,
5.167.66.82,ipv4,attack,high,WHITE,blocklist.de/all|blocklist.de/apache|blocklist.de/mail|ziyadnz/hourly-ipv4,blocklist.de|brute-force|apache|rfi|ddos|spam|mail|ziyadnz|hourly,2026-08-17T18:48:05Z,2026-08-17T18:48:05Z,
5.167.66.83,ipv4,attack,high,WHITE,blocklist.de/all|blocklist.de/apache|blocklist.de/mail|ziyadnz/hourly-ipv4,blocklist.de|brute-force|apache|rfi|ddos|spam|mail|ziyadnz|hourly,2026-08-17T18:48:05Z,2026-08-17T18:48:05Z,
5.167.66.84,ipv4,attack,high,WHITE,blocklist.de/all|blocklist.de/apache|blocklist.de/mail|ziyadnz/hourly-ipv4,blocklist.de|brute-force|apache|rfi|ddos|spam|mail|ziyadnz|hourly,2026-08-17T18:48:05Z,2026-08-17T18:48:05Z,
5.167.66.85,ipv4,attack,high,WHITE,blocklist.de/all|blocklist.de/apache|blocklist.de/mail|ziyadnz/hourly-ipv4,blocklist.de|brute-force|apache|rfi|ddos|spam|mail|ziyadnz|hourly,2026-08-17T18:48:05Z,2026-08-17T18:48:05Z,
5.167.66.86,ipv4,attack,high,WHITE,blocklist.de/all|blocklist.de/apache|blocklist.de/mail|ziyadnz/hourly-ipv4,blocklist.de|brute-force|apache|rfi|ddos|spam|mail|ziyadnz|hourly,2026-08-17T18:48:05Z,2026-08-17T18:48:05Z,
5.167.66.87,ipv4,attack,high,WHITE,blocklist.de/all|blocklist.de/apache|blocklist.de/mail|ziyadnz/hourly-ipv4,blocklist.de|brute-force|apache|rfi|ddos|spam|mail|ziyadnz|hourly,2026-08-17T18:48:05Z,2026-08-17T18:48:05Z,
5.167.66.88,ipv4,attack,high,WHITE,blocklist.de/all|blocklist.de/apache|blocklist.de/mail|ziyadnz/hourly-ipv4,blocklist.de|brute-force|apache|rfi|ddos|spam|mail|ziyadnz|hourly,2026-08-17T18:48:05Z,2026-08-17T18:48:05Z,
5.167.66.89,ipv4,attack,high,WHITE,blocklist.de/all|blocklist.de/apache|blocklist.de/mail|ziyadnz/hourly-ipv4,blocklist.de|brute-force|apache|rfi|ddos|spam|mail|ziyadnz|hourly,2026-08-17T18:48:05Z,2026-08-17T18:48:05Z,
5.167.66.90,ipv4,attack,high,WHITE,blocklist.de/all|blocklist.de/apache|blocklist.de/mail|ziyadnz/hourly-ipv4,blocklist.de|brute-force|apache|rfi|ddos|spam|mail|ziyadnz|hourly,2026-08-17T18:48:05Z,2026-08-17T18:48:05Z,
5.167.66.91,ipv4,attack,high,WHITE,blocklist.de/all|blocklist.de/apache|blocklist.de/mail|ziyadnz/hourly-ipv4,blocklist.de|brute-force|apache|rfi|ddos|spam|mail|ziyadnz|hourly,2026-08-17T18:48:05Z,2026-08-17T18:48:05Z,
5.167.66.92,ipv4,attack,high,WHITE,blocklist.de/all|blocklist.de/apache|blocklist.de/mail|ziyadnz/hourly-ipv4,blocklist.de|brute-force|apache|rfi|ddos|spam|mail|ziyadnz|hourly,2026-08-17T18:48:05Z,2026-08-17T18:48:05Z,
5.167.66.93,ipv4,attack,high,WHITE,blocklist.de/all|blocklist.de/apache|blocklist.de/mail|ziyadnz/hourly-ipv4,blocklist.de|brute-force|apache|rfi|ddos|spam|mail|ziyadnz|hourly,2026-08-17T18:48:05Z,2026-08-17T18:48:05Z,
5.167.66.94,ipv4,attack,high,WHITE,blocklist.de/all|blocklist.de/apache|blocklist.de/mail|ziyadnz/hourly-ipv4,blocklist.de|brute-force|apache|rfi|ddos|spam|mail|ziyadnz|hourly,2026-08-17T18:48:05Z,2026-08-17T18:48:05Z,
5.167.66.95,ipv4,attack,high,WHITE,blocklist.de/all|blocklist.de/apache|blocklist.de/mail|ziyadnz/hourly-ipv4,blocklist.de|brute-force|apache|rfi|ddos|spam|mail|ziyadnz|hourly,2026-08-17T18:48:05Z,2026-08-17T18:48:05Z,
5.167.66.96,ipv4,attack,high,WHITE,blocklist.de/all|blocklist.de/apache|blocklist.de/mail|ziyadnz/hourly-ipv4,blocklist.de|brute-force|apache|rfi|ddos|spam|mail|ziyadnz|hourly,2026-08-17T18:48:05Z,2026-08-17T18:48:05Z,
5.167.66.97,ipv4,attack,high,WHITE,blocklist.de/all|blocklist.de/apache|blocklist.de/mail|ziyadnz/hourly-ipv4,blocklist.de|brute-force|apache|rfi|ddos|spam|mail|ziyadnz|hourly,2026-08-17T18:48:05Z,2026-08-17T18:48:05Z,
5.167.66.98,ipv4,attack,high,WHITE,blocklist.de/all|blocklist.de/apache|blocklist.de/mail|ziyadnz/hourly-ipv4,blocklist.de|brute-force|apache|rfi|ddos|spam|mail|ziyadnz|hourly,2026-08-17T18:48:05Z,2026-08-17T18:48:05Z,
5.167.66.99,ipv4,attack,high,WHITE,blocklist.de/all|blocklist.de/apache|blocklist.de/mail|ziyadnz/hourly-ipv4,blocklist.de|brute-force|apache|rfi|ddos|spam|mail|ziyadnz|hourly,2026-08-17T18:48:05Z,2026-08-17T18:48:05Z,
5.167.66.100,ipv4,attack,high,WHITE,blocklist.de/all|blocklist.de/apache|blocklist.de/mail|ziyadnz/hourly-ipv4,blocklist.de|brute-force|apache|rfi|ddos|spam|mail|ziyadnz|hourly,2026-08-17T18:48:05Z,2026-08-17T18:48:05Z,
5.167.66.101,ipv4,attack,high,WHITE,blocklist.de/all|blocklist.de/apache|blocklist.de/mail|ziyadnz/hourly-ipv4,blocklist.de|brute-force|apache|rfi|ddos|spam|mail|ziyadnz|hourly,2026-08-17T18:48:05Z,2026-08-17T18:48:05Z,
5.167.66.102,ipv4,attack,high,WHITE,blocklist.de/all|blocklist.de/apache|blocklist.de/mail|ziyadnz/hourly-ipv4,blocklist.de|brute-force|apache|rfi|ddos|spam|mail|ziyadnz|hourly,2026-08-17T18:48:05Z,2026-08-17T18:48:05Z,
5.167.66.103,ipv4,attack,high,WHITE,blocklist.de/all|blocklist.de/apache|blocklist.de/mail|ziyadnz/hourly-ipv4,blocklist.de|brute-force|apache|rfi|ddos|spam|mail|ziyadnz|hourly,2026-08-17T18:48:05Z,2026-08-17T18:48:05Z,
5.167.66.104,ipv4,attack,high,WHITE,blocklist.de/all|blocklist.de/apache|blocklist.de/mail|ziyadnz/hourly-ipv4,blocklist.de|brute-force|apache|rfi|ddos|spam|mail|ziyadnz|hourly,2026-08-17T18:48:05Z,2026-08-17T18:48:05Z,
5.167.66.105,ipv4,attack,high,WHITE,blocklist.de/all|blocklist.de/apache|blocklist.de/mail|ziyadnz/hourly-ipv4,blocklist.de|brute-force|apache|rfi|ddos|spam|mail|ziyadnz|hourly,2026-08-17T18:48:05Z,2026-08-17T18:48:05Z,
5.167.66.106,ipv4,attack,high,WHITE,blocklist.de/all|blocklist.de/apache|blocklist.de/mail|ziyadnz/hourly-ipv4,blocklist.de|brute-force|apache|rfi|ddos|spam|mail|ziyadnz|hourly,2026-08-17T18:48:05Z,2026-08-17T18:48:05Z,
5.167.66.107,ipv4,attack,high,WHITE,blocklist.de/all|blocklist.de/apache|blocklist.de/mail|ziyadnz/hourly-ipv4,blocklist.de|brute-force|apache|rfi|ddos|spam|mail|ziyadnz|hourly,2026-08-17T18:48:05Z,2026-08-17T18:48:05Z,
5.167.66.108,ipv4,attack,high,WHITE,blocklist.de/all|blocklist.de/apache|blocklist.de/mail|ziyadnz/hourly-ipv4,blocklist.de|brute-force|apache|rfi|ddos|spam|mail|ziyadnz|hourly,2026-08-17T18:48:05Z,2026-08-17T18:48:05Z,
5.167.66.109,ipv4,attack,high,WHITE,blocklist.de/all|blocklist.de/apache|blocklist.de/mail|ziyadnz/hourly-ipv4,blocklist.de|brute-force|apache|rfi|ddos|spam|mail|ziyadnz|hourly,2026-08-17T18:48:05Z,2026-08-17T18:48:05Z,
5.167.66.110,ipv4,attack,high,WHITE,blocklist.de/all|blocklist.de/apache|blocklist.de/mail|ziyadnz/hourly-ipv4,blocklist.de|brute-force|apache|rfi|ddos|spam|mail|ziyadnz|hourly,2026-08-17T18:48:05Z,2026-08-17T18:48:05Z,
5.167.66.111,ipv4,attack,high,WHITE,blocklist.de/all|blocklist.de/apache|blocklist.de/mail|ziyadnz/hourly-ipv4,blocklist.de|brute-force|apache|rfi|ddos|spam|mail|ziyadnz|hourly,2026-08-17T18:48:05Z,2026-08-17T18:48:05Z,
5.167.66.112,ipv4,attack,high,WHITE,blocklist.de/all|blocklist.de/apache|blocklist.de/mail|ziyadnz/hourly-ipv4,blocklist.de|brute-force|apache|rfi|ddos|spam|mail|ziyadnz|hourly,2026-08-17T18:48:05Z,2026-08-17T18:48:05Z,
5.167.66.113,ipv4,attack,high,WHITE,blocklist.de/all|blocklist.de/apache|blocklist.de/mail|ziyadnz/hourly-ipv4,blocklist.de|brute-force|apache|rfi|ddos|spam|mail|ziyadnz|hourly,2026-08-17T18:48:05Z,2026-08-17T18:48:05Z,
5.167.66.114,ipv4,attack,high,WHITE,blocklist.de/all|blocklist.de/apache|blocklist.de/mail|ziyadnz/hourly-ipv4,blocklist.de|brute-force|apache|rfi|ddos|spam|mail|ziyadnz|hourly,2026-08-17T18:48:05Z,2026-08-17T18:48:05Z,
5.167.66.115,ipv4,attack,high,WHITE,blocklist.de/all|blocklist.de/apache|blocklist.de/mail|ziyadnz/hourly-ipv4,blocklist.de|brute-force|apache|rfi|ddos|spam|mail|ziyadnz|hourly,2026-08-17T18:48:05Z,2026-08-17T18:48:05Z,
5.167.66.116,ipv4,attack,high,WHITE,blocklist.de/all|blocklist.de/apache|blocklist.de/mail|ziyadnz/hourly-ipv4,blocklist.de|brute-force|apache|rfi|ddos|spam|mail|ziyadnz|hourly,2026-08-17T18:48:05Z,2026-08-17T18:48:05Z,
5.167.66.117,ipv4,attack,high,WHITE,blocklist.de/all|blocklist.de/apache|blocklist.de/mail|ziyadnz/hourly-ipv4,blocklist.de|brute-force|apache|rfi|ddos|spam|mail|ziyadnz|hourly,2026-08-17T18:48:05Z,2026-08-17T18:48:05Z,
5.167.66.118,ipv4,attack,high,WHITE,blocklist.de/all|blocklist.de/apache|blocklist.de/mail|ziyadnz/hourly-ipv4,blocklist.de|brute-force|apache|rfi|ddos|spam|mail|ziyadnz|hourly,2026-08-17T18:48:05Z,2026-08-17T18:48:05Z,
5.167.66.119,ipv4,attack,high,WHITE,blocklist.de/all|blocklist.de/apache|blocklist.de/mail|ziyadnz/hourly-ipv4,blocklist.de|brute-force|apache|rfi|ddos|spam|mail|ziyadnz|hourly,2026-08-17T18:48:05Z,2026-08-17T18:48:05Z,
5.167.66.120,ipv4,attack,high,WHITE,blocklist.de/all|blocklist.de/apache|blocklist.de/mail|ziyadnz/hourly-ipv4,blocklist.de|brute-force|apache|rfi|ddos|spam|mail|ziyadnz|hourly,2026-08-17T18:48:05Z,2026-08-17T18:48:05Z,
5.167.66.121,ipv4,attack,high,WHITE,blocklist.de/all|blocklist.de/apache|blocklist.de/mail|ziyadnz/hourly-ipv4,blocklist.de|brute-force|apache|rfi|ddos|spam|mail|ziyadnz|hourly,2026-08-17T18:48:05Z,2026-08-17T18:48:05Z,
5.167.66.122,ipv4,attack,high,WHITE,blocklist.de/all|blocklist.de/apache|blocklist.de/mail|ziyadnz/hourly-ipv4,blocklist.de|brute-force|apache|rfi|ddos|spam|mail|ziyadnz|hourly,2026-08-17T18:48:05Z,2026-08-17T18:48:05Z,
5.167.66.123,ipv4,attack,high,WHITE,blocklist.de/all|blocklist.de/apache|blocklist.de/mail|ziyadnz/hourly-ipv4,blocklist.de|brute-force|apache|rfi|ddos|spam|mail|ziyadnz|hourly,2026-08-17T18:48:05Z,2026-08-17T18:48:05Z,
5.167.66.124,ipv4,attack,high,WHITE,blocklist.de/all|blocklist.de/apache|blocklist.de/mail|ziyadnz/hourly-ipv4,blocklist.de|brute-force|apache|rfi|ddos|spam|mail|ziyadnz|hourly,2026-08-17T18:48:05Z,2026-08-17T18:48:05Z,
5.167.66.125,ipv4,attack,high,WHITE,blocklist.de/all|blocklist.de/apache|blocklist.de/mail|ziyadnz/hourly-ipv4,blocklist.de|brute-force|apache|rfi|ddos|spam|mail|ziyadnz|hourly,2026-08-17T18:48:05Z,2026-08-17T18:48:05Z,
5.167.66.126,ipv4,attack,high,WHITE,blocklist.de/all|blocklist.de/apache|blocklist.de/mail|ziyadnz/hourly-ipv4,blocklist.de|brute-force|apache|rfi|ddos|spam|mail|ziyadnz|hourly,2026-08-17T18:48:05Z,2026-08-17T18:48:05Z,
5.167.66.127,ipv4,attack,high,WHITE,blocklist.de/all|blocklist.de/apache|blocklist.de/mail|ziyadnz/hourly-ipv4,blocklist.de|brute-force|apache|rfi|ddos|spam|mail|ziyadnz|hourly,2026-08-17T18:48:05Z,2026-08-17T18:48:05Z,
5.167.66.128,ipv4,attack,high,WHITE,blocklist.de/all|blocklist.de/apache|blocklist.de/mail|ziyadnz/hourly-ipv4,blocklist.de|brute-force|apache|rfi|ddos|spam|mail|ziyadnz|hourly,2026-08-17T18:48:05Z,2026-08-17T18:48:05Z,
5.167.66.129,ipv4,attack,high,WHITE,blocklist.de/all|blocklist.de/apache|blocklist.de/mail|ziyadnz/hourly-ipv4,blocklist.de|brute-force|apache|rfi|ddos|spam|mail|ziyadnz|hourly,2026-08-17T18:48:05Z,2026-08-17T18:48:05Z,
5.167.66.130,ipv4,attack,high,WHITE,blocklist.de/all|blocklist.de/apache|blocklist.de/mail|ziyadnz/hourly-ipv4,blocklist.de|brute-force|apache|rfi|ddos|spam|mail|ziyadnz|hourly,2026-08-17T18:48:05Z,2026-08-17T18:48:05Z,
5.167.66.131,ipv4,attack,high,WHITE,blocklist.de/all|blocklist.de/apache|blocklist.de/mail|ziyadnz/hourly-ipv4,blocklist.de|brute-force|apache|rfi|ddos|spam|mail|ziyadnz|hourly,2026-08-17T18:48:05Z,2026-08-17T18:48:05Z,
5.167.66.132,ipv4,attack,high,WHITE,blocklist.de/all|blocklist.de/apache|blocklist.de/mail|ziyadnz/hourly-ipv4,blocklist.de|brute-force|apache|rfi|ddos|spam|mail|ziyadnz|hourly,2026-08-17T18:48:05Z,2026-08-17T18:48:05Z,
5.167.66.133,ipv4,attack,high,WHITE,blocklist.de/all|blocklist.de/apache|blocklist.de/mail|ziyadnz/hourly-ipv4,blocklist.de|brute-force|apache|rfi|ddos|spam|mail|ziyadnz|hourly,2026-08-17T18:48:05Z,2026-08-17T18:48:05Z,
5.167.66.134,ipv4,attack,high,WHITE,blocklist.de/all|blocklist.de/apache|blocklist.de/mail|ziyadnz/hourly-ipv4,blocklist.de|brute-force|apache|rfi|ddos|spam|mail|ziyadnz|hourly,2026-08-17T18:48:05Z,2026-08-17T18:48:05Z,
5.167.66.135,ipv4,attack,high,WHITE,blocklist.de/all|blocklist.de/apache|blocklist.de/mail|ziyadnz/hourly-ipv4,blocklist.de|brute-force|apache|rfi|ddos|spam|mail|ziyadnz|hourly,2026-08-17T18:48:05Z,2026-08-17T18:48:05Z,
5.167.66.136,ipv4,attack,high,WHITE,blocklist.de/all|blocklist.de/apache|blocklist.de/mail|ziyadnz/hourly-ipv4,blocklist.de|brute-force|apache|rfi|ddos|spam|mail|ziyadnz|hourly,2026-08-17T18:48:05Z,2026-08-17T18:48:05Z,
5.167.66.137,ipv4,attack,high,WHITE,blocklist.de/all|blocklist.de/apache|blocklist.de/mail|ziyadnz/hourly-ipv4,blocklist.de|brute-force|apache|rfi|ddos|spam|mail|ziyadnz|hourly,2026-08-17T18:48:05Z,2026-08-17T18:48:05Z,
5.167.66.138,ipv4,attack,high,WHITE,blocklist.de/all|blocklist.de/apache|blocklist.de/mail|ziyadnz/hourly-ipv4,blocklist.de|brute-force|apache|rfi|ddos|spam|mail|ziyadnz|hourly,2026-08-17T18:48:05Z,2026-08-17T18:48:05Z,
5.167.66.139,ipv4,attack,high,WHITE,blocklist.de/all|blocklist.de/apache|blocklist.de/mail|ziyadnz/hourly-ipv4,blocklist.de|brute-force|apache|rfi|ddos|spam|mail|ziyadnz|hourly,2026-08-17T18:48:05Z,2026-08-17T18:48:05Z,
5.167.66.140,ipv4,attack,high,WHITE,blocklist.de/all|blocklist.de/apache|blocklist.de/mail|ziyadnz/hourly-ipv4,blocklist.de|brute-force|apache|rfi|ddos|spam|mail|ziyadnz|hourly,2026-08-17T18:48:05Z,2026-08-17T18:48:05Z,
5.167.66.141,ipv4,attack,high,WHITE,blocklist.de/all|blocklist.de/apache|blocklist.de/mail|ziyadnz/hourly-ipv4,blocklist.de|brute-force|apache|rfi|ddos|spam|mail|ziyadnz|hourly,2026-08-17T18:48:05Z,2026-08-17T18:48:05Z,
5.167.66.142,ipv4,attack,high,WHITE,blocklist.de/all|blocklist.de/apache|blocklist.de/mail|ziyadnz/hourly-ipv4,blocklist.de|brute-force|apache|rfi|ddos|spam|mail|ziyadnz|hourly,2026-08-17T18:48:05Z,2026-08-17T18:48:05Z,
5.167.66.143,ipv4,attack,high,WHITE,blocklist.de/all|blocklist.de/apache|blocklist.de/mail|ziyadnz/hourly-ipv4,blocklist.de|brute-force|apache|rfi|ddos|spam|mail|ziyadnz|hourly,2026-08-17T18:48:05Z,2026-08-17T18:48:05Z,
5.167.66.144,ipv4,attack,high,WHITE,blocklist.de/all|blocklist.de/apache|blocklist.de/mail|ziyadnz/hourly-ipv4,blocklist.de|brute-force|apache|rfi|ddos|spam|mail|ziyadnz|hourly,2026-08-17T18:48:05Z,2026-08-17T18:48:05Z,
5.167.66.145,ipv4,attack,high,WHITE,blocklist.de/all|blocklist.de/apache|blocklist.de/mail|ziyadnz/hourly-ipv4,blocklist.de|brute-force|apache|rfi|ddos|spam|mail|ziyadnz|hourly,2026-08-17T18:48:05Z,2026-08-17T18:48:05Z,
5.167.66.146,ipv4,attack,high,WHITE,blocklist.de/all|blocklist.de/apache|blocklist.de/mail|ziyadnz/hourly-ipv4,blocklist.de|brute-force|apache|rfi|ddos|spam|mail|ziyadnz|hourly,2026-08-17T18:48:05Z,2026-08-17T18:48:05Z,
5.167.66.147,ipv4,attack,high,WHITE,blocklist.de/all|blocklist.de/apache|blocklist.de/mail|ziyadnz/hourly-ipv4,blocklist.de|brute-force|apache|rfi|ddos|spam|mail|ziyadnz|hourly,2026-08-17T18:48:05Z,2026-08-17T18:48:05Z,
5.167.66.148,ipv4,attack,high,WHITE,blocklist.de/all|blocklist.de/apache|blocklist.de/mail|ziyadnz/hourly-ipv4,blocklist.de|brute-force|apache|rfi|ddos|spam|mail|ziyadnz|hourly,2026-08-17T18:48:05Z,2026-08-17T18:48:05Z,
5.167.66.149,ipv4,attack,high,WHITE,blocklist.de/all|blocklist.de/apache|blocklist.de/mail|ziyadnz/hourly-ipv4,blocklist.de|brute-force|apache|rfi|ddos|spam|mail|ziyadnz|hourly,2026-08-17T18:48:05Z,2026-08-17T18:48:05Z,
5.167.66.150,ipv4,attack,high,WHITE,blocklist.de/all|blocklist.de/apache|blocklist.de/mail|ziyadnz/hourly-ipv4,blocklist.de|brute-force|apache|rfi|ddos|spam|mail|ziyadnz|hourly,2026-08-17T18:48:05Z,2026-08-17T18:48:05Z,
5.167.66.151,ipv4,attack,high,WHITE,blocklist.de/all|blocklist.de/apache|blocklist.de/mail|ziyadnz/hourly-ipv4,blocklist.de|brute-force|apache|rfi|ddos|spam|mail|ziyadnz|hourly,2026-08-17T18:48:05Z,2026-08-17T18:48:05Z,
5.167.66.152,ipv4,attack,high,WHITE,blocklist.de/all|blocklist.de/apache|blocklist.de/mail|ziyadnz/hourly-ipv4,blocklist.de|brute-force|apache|rfi|ddos|spam|mail|ziyadnz|hourly,2026-08-17T18:48:05Z,2026-08-17T18:48:05Z,
5.167.66.153,ipv4,attack,high,WHITE,blocklist.de/all|blocklist.de/apache|blocklist.de/mail|ziyadnz/hourly-ipv4,blocklist.de|brute-force|apache|rfi|ddos|spam|mail|ziyadnz|hourly,2026-08-17T18:48:05Z,2026-08-17T18:48:05Z,
5.167.66.154,ipv4,attack,high,WHITE,blocklist.de/all|blocklist.de/apache|blocklist.de/mail|ziyadnz/hourly-ipv4,blocklist.de|brute-force|apache|rfi|ddos|spam|mail|ziyadnz|hourly,2026-08-17T18:48:05Z,2026-08-17T18:48:05Z,
5.167.66.155,ipv4,attack,high,WHITE,blocklist.de/all|blocklist.de/apache|blocklist.de/mail|ziyadnz/hourly-ipv4,blocklist.de|brute-force|apache|rfi|ddos|spam|mail|ziyadnz|hourly,2026-08-17T18:48:05Z,2026-08-17T18:48:05Z,
5.167.66.156,ipv4,attack,high,WHITE,blocklist.de/all|blocklist.de/apache|blocklist.de/mail|ziyadnz/hourly-ipv4,blocklist.de|brute-force|apache|rfi|ddos|spam|mail|ziyadnz|hourly,2026-08-17T18:48:05Z,2026-08-17T18:48:05Z,
5.167.66.157,ipv4,attack,high,WHITE,blocklist.de/all|blocklist.de/apache|blocklist.de/mail|ziyadnz/hourly-ipv4,blocklist.de|brute-force|apache|rfi|ddos|spam|mail|ziyadnz|hourly,2026-08-17T18:48:05Z,2026-08-17T18:48:05Z,
5.167.66.158,ipv4,attack,high,WHITE,blocklist.de/all|blocklist.de/apache|blocklist.de/mail|ziyadnz/hourly-ipv4,blocklist.de|brute-force|apache|rfi|ddos|spam|mail|ziyadnz|hourly,2026-08-17T18:48:05Z,2026-08-17T18:48:05Z,
5.167.66.159,ipv4,attack,high,WHITE,blocklist.de/all|blocklist.de/apache|blocklist.de/mail|ziyadnz/hourly-ipv4,blocklist.de|brute-force|apache|rfi|ddos|spam|mail|ziyadnz|hourly,2026-08-17T18:48:05Z,2026-08-17T18:48:05Z,
5.167.66.160,ipv4,attack,high,WHITE,blocklist.de/all|blocklist.de/apache|blocklist.de/mail|ziyadnz/hourly-ipv4,blocklist.de|brute-force|apache|rfi|ddos|spam|mail|ziyadnz|hourly,2026-08-17T18:48:05Z,2026-08-17T18:48:05Z,
5.167.66.161,ipv4,attack,high,WHITE,blocklist.de/all|blocklist.de/apache|blocklist.de/mail|ziyadnz/hourly-ipv4,blocklist.de|brute-force|apache|rfi|ddos|spam|mail|ziyadnz|hourly,2026-08-17T18:48:05Z,2026-08-17T18:48:05Z,
5.167.66.162,ipv4,attack,high,WHITE,blocklist.de/all|blocklist.de/apache|blocklist.de/mail|ziyadnz/hourly-ipv4,blocklist.de|brute-force|apache|rfi|ddos|spam|mail|ziyadnz|hourly,2026-08-17T18:48:05Z,2026-08-17T18:48:05Z,
5.167.66.163,ipv4,attack,high,WHITE,blocklist.de/all|blocklist.de/apache|blocklist.de/mail|ziyadnz/hourly-ipv4,blocklist.de|brute-force|apache|rfi|ddos|spam|mail|ziyadnz|hourly,2026-08-17T18:48:05Z,2026-08-17T18:48:05Z,
5.167.66.164,ipv4,attack,high,WHITE,blocklist.de/all|blocklist.de/apache|blocklist.de/mail|ziyadnz/hourly-ipv4,blocklist.de|brute-force|apache|rfi|ddos|spam|mail|ziyadnz|hourly,2026-08-17T18:48:05Z,2026-08-17T18:48:05Z,
5.167.66.165,ipv4,attack,high,WHITE,blocklist.de/all|blocklist.de/apache|blocklist.de/mail|ziyadnz/hourly-ipv4,blocklist.de|brute-force|apache|rfi|ddos|spam|mail|ziyadnz|hourly,2026-08-17T18:48:05Z,2026-08-17T18:48:05Z,
5.167.66.166,ipv4,attack,high,WHITE,blocklist.de/all|blocklist.de/apache|blocklist.de/mail|ziyadnz/hourly-ipv4,blocklist.de|brute-force|apache|rfi|ddos|spam|mail|ziyadnz|hourly,2026-08-17T18:48:05Z,2026-08-17T18:48:05Z,
5.167.66.167,ipv4,attack,high,WHITE,blocklist.de/all|blocklist.de/apache|blocklist.de/mail|ziyadnz/hourly-ipv4,blocklist.de|brute-force|apache|rfi|ddos|spam|mail|ziyadnz|hourly,2026-08-17T18:48:05Z,2026-08-17T18:48:05Z,
5.167.66.168,ipv4,attack,high,WHITE,blocklist.de/all|blocklist.de/apache|blocklist.de/mail|ziyadnz/hourly-ipv4,blocklist.de|brute-force|apache|rfi|ddos|spam|mail|ziyadnz|hourly,2026-08-17T18:48:05Z,2026-08-17T18:48:05Z,
5.167.66.169,ipv4,attack,high,WHITE,blocklist.de/all|blocklist.de/apache|blocklist.de/mail|ziyadnz/hourly-ipv4,blocklist.de|brute-force|apache|rfi|ddos|spam|mail|ziyadnz|hourly,2026-08-17T18:48:05Z,2026-08-17T18:48:05Z,
5.167.66.170,ipv4,attack,high,WHITE,blocklist.de/all|blocklist.de/apache|blocklist.de/mail|ziyadnz/hourly-ipv4,blocklist.de|brute-force|apache|rfi|ddos|spam|mail|ziyadnz|hourly,2026-08-17T18:48:05Z,2026-08-17T18:48:05Z,
5.167.66.171,ipv4,attack,high,WHITE,blocklist.de/all|blocklist.de/apache|blocklist.de/mail|ziyadnz/hourly-ipv4,blocklist.de|brute-force|apache|rfi|ddos|spam|mail|ziyadnz|hourly,2026-08-17T18:48:05Z,2026-08-17T18:48:05Z,
5.167.66.172,ipv4,attack,high,WHITE,blocklist.de/all|blocklist.de/apache|blocklist.de/mail|ziyadnz/hourly-ipv4,blocklist.de|brute-force|apache|rfi|ddos|spam|mail|ziyadnz|hourly,2026-08-17T18:48:05Z,2026-08-17T18:48:05Z,
5.167.66.173,ipv4,attack,high,WHITE,blocklist.de/all|blocklist.de/apache|blocklist.de/mail|ziyadnz/hourly-ipv4,blocklist.de|brute-force|apache|rfi|ddos|spam|mail|ziyadnz|hourly,2026-08-17T18:48:05Z,2026-08-17T18:48:05Z,
5.167.66.174,ipv4,attack,high,WHITE,blocklist.de/all|blocklist.de/apache|blocklist.de/mail|ziyadnz/hourly-ipv4,blocklist.de|brute-force|apache|rfi|ddos|spam|mail|ziyadnz|hourly,2026-08-17T18:48:05Z,2026-08-17T18:48:05Z,
5.167.66.175,ipv4,attack,high,WHITE,blocklist.de/all|blocklist.de/apache|blocklist.de/mail|ziyadnz/hourly-ipv4,blocklist.de|brute-force|apache|rfi|ddos|spam|mail|ziyadnz|hourly,2026-08-17T18:48:05Z,2026-08-17T18:48:05Z,
5.167.66.176,ipv4,attack,high,WHITE,blocklist.de/all|blocklist.de/apache|blocklist.de/mail|ziyadnz/hourly-ipv4,blocklist.de|brute-force|apache|rfi|ddos|spam|mail|ziyadnz|hourly,2026-08-17T18:48:05Z,2026-08-17T18:48:05Z,
5.167.66.177,ipv4,attack,high,WHITE,blocklist.de/all|blocklist.de/apache|blocklist.de/mail|ziyadnz/hourly-ipv4,blocklist.de|brute-force|apache|rfi|ddos|spam|mail|ziyadnz|hourly,2026-08-17T18:48:05Z,2026-08-17T18:48:05Z,
5.167.66.178,ipv4,attack,high,WHITE,blocklist.de/all|blocklist.de/apache|blocklist.de/mail|ziyadnz/hourly-ipv4,blocklist.de|brute-force|apache|rfi|ddos|spam|mail|ziyadnz|hourly,2026-08-17T18:48:05Z,2026-08-17T18:48:05Z,
5.167.66.179,ipv4,attack,high,WHITE,blocklist.de/all|blocklist.de/apache|blocklist.de/mail|ziyadnz/hourly-ipv4,blocklist.de|brute-force|apache|rfi|ddos|spam|mail|ziyadnz|hourly,2026-08-17T18:48:05Z,2026-08-17T18:48:05Z,
5.167.66.180,ipv4,attack,high,WHITE,blocklist.de/all|blocklist.de/apache|blocklist.de/mail|ziyadnz/hourly-ipv4,blocklist.de|brute-force|apache|rfi|ddos|spam|mail|ziyadnz|hourly,2026-08-17T18:48:05Z,2026-08-17T18:48:05Z,
5.167.66.181,ipv4,attack,high,WHITE,blocklist.de/all|blocklist.de/apache|blocklist.de/mail|ziyadnz/hourly-ipv4,blocklist.de|brute-force|apache|rfi|ddos|spam|mail|ziyadnz|hourly,2026-08-17T18:48:05Z,2026-08-17T18:48:05Z,
5.167.66.182,ipv4,attack,high,WHITE,blocklist.de/all|blocklist.de/apache|blocklist.de/mail|ziyadnz/hourly-ipv4,blocklist.de|brute-force|apache|rfi|ddos|spam|mail|ziyadnz|hourly,2026-08-17T18:48:05Z,2026-08-17T18:48:05Z,
5.167.66.183,ipv4,attack,high,WHITE,blocklist.de/all|blocklist.de/apache|blocklist.de/mail|ziyadnz/hourly-ipv4,blocklist.de|brute-force|apache|rfi|ddos|spam|mail|ziyadnz|hourly,2026-08-17T18:48:05Z,2026-08-17T18:48:05Z,
5.167.66.184,ipv4,attack,high,WHITE,blocklist.de/all|blocklist.de/apache|blocklist.de/mail|ziyadnz/hourly-ipv4,blocklist.de|brute-force|apache|rfi|ddos|spam|mail|ziyadnz|hourly,2026-08-17T18:48:05Z,2026-08-17T18:48:05Z,
5.167.66.185,ipv4,attack,high,WHITE,blocklist.de/all|blocklist.de/apache|blocklist.de/mail|ziyadnz/hourly-ipv4,blocklist.de|brute-force|apache|rfi|ddos|spam|mail|ziyadnz|hourly,2026-08-17T18:48:05Z,2026-08-17T18:48:05Z,
5.167.66.186,ipv4,attack,high,WHITE,blocklist.de/all|blocklist.de/apache|blocklist.de/mail|ziyadnz/hourly-ipv4,blocklist.de|brute-force|apache|rfi|ddos|spam|mail|ziyadnz|hourly,2026-08-17T18:48:05Z,2026-08-17T18:48:05Z,
5.167.66.187,ipv4,attack,high,WHITE,blocklist.de/all|blocklist.de/apache|blocklist.de/mail|ziyadnz/hourly-ipv4,blocklist.de|brute-force|apache|rfi|ddos|spam|mail|ziyadnz|hourly,2026-08-17T18:48:05Z,2026-08-17T18:48:05Z,
5.167.66.188,ipv4,attack,high,WHITE,blocklist.de/all|blocklist.de/apache|blocklist.de/mail|ziyadnz/hourly-ipv4,blocklist.de|brute-force|apache|rfi|ddos|spam|mail|ziyadnz|hourly,2026-08-17T18:48:05Z,2026-08-17T18:48:05Z,
5.167.66.189,ipv4,attack,high,WHITE,blocklist.de/all|blocklist.de/apache|blocklist.de/mail|ziyadnz/hourly-ipv4,blocklist.de|brute-force|apache|rfi|ddos|spam|mail|ziyadnz|hourly,2026-08-17T18:48:05Z,2026-08-17T18:48:05Z,
5.167.66.190,ipv4,attack,high,WHITE,blocklist.de/all|blocklist.de/apache|blocklist.de/mail|ziyadnz/hourly-ipv4,blocklist.de|brute-force|apache|rfi|ddos|spam|mail|ziyadnz|hourly,2026-08-17T18:48:05Z,2026-08-17T18:48:05Z,
5.167.66.191,ipv4,attack,high,WHITE,blocklist.de/all|blocklist.de/apache|blocklist.de/mail|ziyadnz/hourly-ipv4,blocklist.de|brute-force|apache|rfi|ddos|spam|mail|ziyadnz|hourly,2026-08-17T18:48:05Z,2026-08-17T18:48:05Z,
5.167.66.192,ipv4,attack,high,WHITE,blocklist.de/all|blocklist.de/apache|blocklist.de/mail|ziyadnz/hourly-ipv4,blocklist.de|brute-force|apache|rfi|ddos|spam|mail|ziyadnz|hourly,2026-08-17T18:48:05Z,2026-08-17T18:48:05Z,
5.167.66.193,ipv4,attack,high,WHITE,blocklist.de/all|blocklist.de/apache|blocklist.de/mail|ziyadnz/hourly-ipv4,blocklist.de|brute-force|apache|rfi|ddos|spam|mail|ziyadnz|hourly,2026-08-17T18:48:05Z,2026-08-17T18:48:05Z,
5.167.66.194,ipv4,attack,high,WHITE,blocklist.de/all|blocklist.de/apache|blocklist.de/mail|ziyadnz/hourly-ipv4,blocklist.de|brute-force|apache|rfi|ddos|spam|mail|ziyadnz|hourly,2026-08-17T18:48:05Z,2026-08-17T18:48:05Z,
5.167.66.195,ipv4,attack,high,WHITE,blocklist.de/all|blocklist.de/apache|blocklist.de/mail|ziyadnz/hourly-ipv4,blocklist.de|brute-force|apache|rfi|ddos|spam|mail|ziyadnz|hourly,2026-08-17T18:48:05Z,2026-08-17T18:48:05Z,
5.167.66.196,ipv4,attack,high,WHITE,blocklist.de/all|blocklist.de/apache|blocklist.de/mail|ziyadnz/hourly-ipv4,blocklist.de|brute-force|apache|rfi|ddos|spam|mail|ziyadnz|hourly,2026-08-17T18:48:05Z,2026-08-17T18:48:05Z,
5.167.66.197,ipv4,attack,high,WHITE,blocklist.de/all|blocklist.de/apache|blocklist.de/mail|ziyadnz/hourly-ipv4,blocklist.de|brute-force|apache|rfi|ddos|spam|mail|ziyadnz|hourly,2026-08-17T18:48:05Z,2026-08-17T18:48:05Z,
5.167.66.198,ipv4,attack,high,WHITE,blocklist.de/all|blocklist.de/apache|blocklist.de/mail|ziyadnz/hourly-ipv4,blocklist.de|brute-force|apache|rfi|ddos|spam|mail|ziyadnz|hourly,2026-08-17T18:48:05Z,2026-08-17T18:48:05Z,
5.167.66.199,ipv4,attack,high,WHITE,blocklist.de/all|blocklist.de/apache|blocklist.de/mail|ziyadnz/hourly-ipv4,blocklist.de|brute-force|apache|rfi|ddos|spam|mail|ziyadnz|hourly,2026-08-17T18:48:05Z,2026-08-17T18:48:05Z,
5.167.66.200,ipv4,attack,high,WHITE,blocklist.de/all|blocklist.de/apache|blocklist.de/mail|ziyadnz/hourly-ipv4,blocklist.de|brute-force|apache|rfi|ddos|spam|mail|ziyadnz|hourly,2026-08-17T18:48:05Z,2026-08-17T18:48:05Z,
5.167.66.201,ipv4,attack,high,WHITE,blocklist.de/all|blocklist.de/apache|blocklist.de/mail|ziyadnz/hourly-ipv4,blocklist.de|brute-force|apache|rfi|ddos|spam|mail|ziyadnz|hourly,2026-08-17T18:48:05Z,2026-08-17T18:48:05Z,
5.167.66.202,ipv4,attack,high,WHITE,blocklist.de/all|blocklist.de/apache|blocklist.de/mail|ziyadnz/hourly-ipv4,blocklist.de|brute-force|apache|rfi|ddos|spam|mail|ziyadnz|hourly,2026-08-17T18:48:05Z,2026-08-17T18:48:05Z,
5.167.66.203,ipv4,attack,high,WHITE,blocklist.de/all|blocklist.de/apache|blocklist.de/mail|ziyadnz/hourly-ipv4,blocklist.de|brute-force|apache|rfi|ddos|spam|mail|ziyadnz|hourly,2026-08-17T18:48:05Z,2026-08-17T18:48:05Z,
5.167.66.204,ipv4,attack,high,WHITE,blocklist.de/all|blocklist.de/apache|blocklist.de/mail|ziyadnz/hourly-ipv4,blocklist.de|brute-force|apache|rfi|ddos|spam|mail|ziyadnz|hourly,2026-08-17T18:48:05Z,2026-08-17T18:48:05Z,
5.167.66.205,ipv4,attack,high,WHITE,blocklist.de/all|blocklist.de/apache|blocklist.de/mail|ziyadnz/hourly-ipv4,blocklist.de|brute-force|apache|rfi|ddos|spam|mail|ziyadnz|hourly,2026-08-17T18:48:05Z,2026-08-17T18:48:05Z,
5.167.66.206,ipv4,attack,high,WHITE,blocklist.de/all|blocklist.de/apache|blocklist.de/mail|ziyadnz/hourly-ipv4,blocklist.de|brute-force|apache|rfi|ddos|spam|mail|ziyadnz|hourly,2026-08-17T18:48:05Z,2026-08-17T18:48:05Z,
5.167.66.207,ipv4,attack,high,WHITE,blocklist.de/all|blocklist.de/apache|blocklist.de/mail|ziyadnz/hourly-ipv4,blocklist.de|brute-force|apache|rfi|ddos|spam|mail|ziyadnz|hourly,2026-08-17T18:48:05Z,2026-08-17T18:48:05Z,
5.167.66.208,ipv4,attack,high,WHITE,blocklist.de/all|blocklist.de/apache|blocklist.de/mail|ziyadnz/hourly-ipv4,blocklist.de|brute-force|apache|rfi|ddos|spam|mail|ziyadnz|hourly,2026-08-17T18:48:05Z,2026-08-17T18:48:05Z,
5.167.66.209,ipv4,attack,high,WHITE,blocklist.de/all|blocklist.de/apache|blocklist.de/mail|ziyadnz/hourly-ipv4,blocklist.de|brute-force|apache|rfi|ddos|spam|mail|ziyadnz|hourly,2026-08-17T18:48:05Z,2026-08-17T18:48:05Z,
5.167.66.210,ipv4,attack,high,WHITE,blocklist.de/all|blocklist.de/apache|blocklist.de/mail|ziyadnz/hourly-ipv4,blocklist.de|brute-force|apache|rfi|ddos|spam|mail|ziyadnz|hourly,2026-08-17T18:48:05Z,2026-08-17T18:48:05Z,
5.167.66.211,ipv4,attack,high,WHITE,blocklist.de/all|blocklist.de/apache|blocklist.de/mail|ziyadnz/hourly-ipv4,blocklist.de|brute-force|apache|rfi|ddos|spam|mail|ziyadnz|hourly,2026-08-17T18:48:05Z,2026-08-17T18:48:05Z,
5.167.66.212,ipv4,attack,high,WHITE,blocklist.de/all|blocklist.de/apache|blocklist.de/mail|ziyadnz/hourly-ipv4,blocklist.de|brute-force|apache|rfi|ddos|spam|mail|ziyadnz|hourly,2026-08-17T18:48:05Z,2026-08-17T18:48:05Z,
5.167.66.213,ipv4,attack,high,WHITE,blocklist.de/all|blocklist.de/apache|blocklist.de/mail|ziyadnz/hourly-ipv4,blocklist.de|brute-force|apache|rfi|ddos|spam|mail|ziyadnz|hourly,2026-08-17T18:48:05Z,2026-08-17T18:48:05Z,
5.167.66.214,ipv4,attack,high,WHITE,blocklist.de/all|blocklist.de/apache|blocklist.de/mail|ziyadnz/hourly-ipv4,blocklist.de|brute-force|apache|rfi|ddos|spam|mail|ziyadnz|hourly,2026-08-17T18:48:05Z,2026-08-17T18:48:05Z,
5.167.66.215,ipv4,attack,high,WHITE,blocklist.de/all|blocklist.de/apache|blocklist.de/mail|ziyadnz/hourly-ipv4,blocklist.de|brute-force|apache|rfi|ddos|spam|mail|ziyadnz|hourly,2026-08-17T18:48:05Z,2026-08-17T18:48:05Z,
5.167.66.216,ipv4,attack,high,WHITE,blocklist.de/all|blocklist.de/apache|blocklist.de/mail|ziyadnz/hourly-ipv4,blocklist.de|brute-force|apache|rfi|ddos|spam|mail|ziyadnz|hourly,2026-08-17T18:48:05Z,2026-08-17T18:48:05Z,
5.167.66.217,ipv4,attack,high,WHITE,blocklist.de/all|blocklist.de/apache|blocklist.de/mail|ziyadnz/hourly-ipv4,blocklist.de|brute-force|apache|rfi|ddos|spam|mail|ziyadnz|hourly,2026-08-17T18:48:05Z,2026-08-17T18:48:05Z,
5.167.66.218,ipv4,attack,high,WHITE,blocklist.de/all|blocklist.de/apache|blocklist.de/mail|ziyadnz/hourly-ipv4,blocklist.de|brute-force|apache|rfi|ddos|spam|mail|ziyadnz|hourly,2026-08-17T18:48:05Z,2026-08-17T18:48:05Z,
5.167.66.219,ipv4,attack,high,WHITE,blocklist.de/all|blocklist.de/apache|blocklist.de/mail|ziyadnz/hourly-ipv4,blocklist.de|brute-force|apache|rfi|ddos|spam|mail|ziyadnz|hourly,2026-08-17T18:48:05Z,2026-08-17T18:48:05Z,
5.167.66.220,ipv4,attack,high,WHITE,blocklist.de/all|blocklist.de/apache|blocklist.de/mail|ziyadnz/hourly-ipv4,blocklist.de|brute-force|apache|rfi|ddos|spam|mail|ziyadnz|hourly,2026-08-17T18:48:05Z,2026-08-17T18:48:05Z,
5.167.66.221,ipv4,attack,high,WHITE,blocklist.de/all|blocklist.de/apache|blocklist.de/mail|ziyadnz/hourly-ipv4,blocklist.de|brute-force|apache|rfi|ddos|spam|mail|ziyadnz|hourly,2026-08-17T18:48:05Z,2026-08-17T18:48:05Z,
5.167.66.222,ipv4,attack,high,WHITE,blocklist.de/all|blocklist.de/apache|blocklist.de/mail|ziyadnz/hourly-ipv4,blocklist.de|brute-force|apache|rfi|ddos|spam|mail|ziyadnz|hourly,2026-08-17T18:48:05Z,2026-08-17T18:48:05Z,
5.167.66.223,ipv4,attack,high,WHITE,blocklist.de/all|blocklist.de/apache|blocklist.de/mail|ziyadnz/hourly-ipv4,blocklist.de|brute-force|apache|rfi|ddos|spam|mail|ziyadnz|hourly,2026-08-17T18:48:05Z,2026-08-17T18:48:05Z,
5.167.66.224,ipv4,attack,high,WHITE,blocklist.de/all|blocklist.de/apache|blocklist.de/mail|ziyadnz/hourly-ipv4,blocklist.de|brute-force|apache|rfi|ddos|spam|mail|ziyadnz|hourly,2026-08-17T18:48:05Z,2026-08-17T18:48:05Z,
5.167.66.225,ipv4,attack,high,WHITE,blocklist.de/all|blocklist.de/apache|blocklist.de/mail|ziyadnz/hourly-ipv4,blocklist.de|brute-force|apache|rfi|ddos|spam|mail|ziyadnz|hourly,2026-08-17T18:48:05Z,2026-08-17T18:48:05Z,
5.167.66.226,ipv4,attack,high,WHITE,blocklist.de/all|blocklist.de/apache|blocklist.de/mail|ziyadnz/hourly-ipv4,blocklist.de|brute-force|apache|rfi|ddos|spam|mail|ziyadnz|hourly,2026-08-17T18:48:05Z,2026-08-17T18:48:05Z,
5.167.66.227,ipv4,attack,high,WHITE,blocklist.de/all|blocklist.de/apache|blocklist.de/mail|ziyadnz/hourly-ipv4,blocklist.de|brute-force|apache|rfi|ddos|spam|mail|ziyadnz|hourly,2026-08-17T18:48:05Z,2026-08-17T18:48:05Z,
5.167.66.228,ipv4,attack,high,WHITE,blocklist.de/all|blocklist.de/apache|blocklist.de/mail|ziyadnz/hourly-ipv4,blocklist.de|brute-force|apache|rfi|ddos|spam|mail|ziyadnz|hourly,2026-08-17T18:48:05Z,2026-08-17T18:48:05Z,
5.167.66.229,ipv4,attack,high,WHITE,blocklist.de/all|blocklist.de/apache|blocklist.de/mail|ziyadnz/hourly-ipv4,blocklist.de|brute-force|apache|rfi|ddos|spam|mail|ziyadnz|hourly,2026-08-17T18:48:05Z,2026-08-17T18:48:05Z,
5.167.66.230,ipv4,attack,high,WHITE,blocklist.de/all|blocklist.de/apache|blocklist.de/mail|ziyadnz/hourly-ipv4,blocklist.de|brute-force|apache|rfi|ddos|spam|mail|ziyadnz|hourly,2026-08-17T18:48:05Z,2026-08-17T18:48:05Z,
5.167.66.231,ipv4,attack,high,WHITE,blocklist.de/all|blocklist.de/apache|blocklist.de/mail|ziyadnz/hourly-ipv4,blocklist.de|brute-force|apache|rfi|ddos|spam|mail|ziyadnz|hourly,2026-08-17T18:48:05Z,2026-08-17T18:48:05Z,
5.167.66.232,ipv4,attack,high,WHITE,blocklist.de/all|blocklist.de/apache|blocklist.de/mail|ziyadnz/hourly-ipv4,blocklist.de|brute-force|apache|rfi|ddos|spam|mail|ziyadnz|hourly,2026-08-17T18:48:05Z,2026-08-17T18:48:05Z,
5.167.66.233,ipv4,attack,high,WHITE,blocklist.de/all|blocklist.de/apache|blocklist.de/mail|ziyadnz/hourly-ipv4,blocklist.de|brute-force|apache|rfi|ddos|spam|mail|ziyadnz|hourly,2026-08-17T18:48:05Z,2026-08-17T18:48:05Z,
5.167.66.234,ipv4,attack,high,WHITE,blocklist.de/all|blocklist.de/apache|blocklist.de/mail|ziyadnz/hourly-ipv4,blocklist.de|brute-force|apache|rfi|ddos|spam|mail|ziyadnz|hourly,2026-08-17T18:48:05Z,2026-08-17T18:48:05Z,
5.167.66.235,ipv4,attack,high,WHITE,blocklist.de/all|blocklist.de/apache|blocklist.de/mail|ziyadnz/hourly-ipv4,blocklist.de|brute-force|apache|rfi|ddos|spam|mail|ziyadnz|hourly,2026-08-17T18:48:05Z,2026-08-17T18:48:05Z,
5.167.66.236,ipv4,attack,high,WHITE,blocklist.de/all|blocklist.de/apache|blocklist.de/mail|ziyadnz/hourly-ipv4,blocklist.de|brute-force|apache|rfi|ddos|spam|mail|ziyadnz|hourly,2026-08-17T18:48:05Z,2026-08-17T18:48:05Z,
5.167.66.237,ipv4,attack,high,WHITE,blocklist.de/all|blocklist.de/apache|blocklist.de/mail|ziyadnz/hourly-ipv4,blocklist.de|brute-force|apache|rfi|ddos|spam|mail|ziyadnz|hourly,2026-08-17T18:48:05Z,2026-08-17T18:48:05Z,
5.167.66.238,ipv4,attack,high,WHITE,blocklist.de/all|blocklist.de/apache|blocklist.de/mail|ziyadnz/hourly-ipv4,blocklist.de|brute-force|apache|rfi|ddos|spam|mail|ziyadnz|hourly,2026-08-17T18:48:05Z,2026-08-17T18:48:05Z,
5.167.66.239,ipv4,attack,high,WHITE,blocklist.de/all|blocklist.de/apache|blocklist.de/mail|ziyadnz/hourly-ipv4,blocklist.de|brute-force|apache|rfi|ddos|spam|mail|ziyadnz|hourly,2026-08-17T18:48:05Z,2026-08-17T18:48:05Z,
5.167.66.240,ipv4,attack,high,WHITE,blocklist.de/all|blocklist.de/apache|blocklist.de/mail|ziyadnz/hourly-ipv4,blocklist.de|brute-force|apache|rfi|ddos|spam|mail|ziyadnz|hourly,2026-08-17T18:48:05Z,2026-08-17T18:48:05Z,
5.167.66.241,ipv4,attack,high,WHITE,blocklist.de/all|blocklist.de/apache|blocklist.de/mail|ziyadnz/hourly-ipv4,blocklist.de|brute-force|apache|rfi|ddos|spam|mail|ziyadnz|hourly,2026-08-17T18:48:05Z,2026-08-17T18:48:05Z,
5.167.66.242,ipv4,attack,high,WHITE,blocklist.de/all|blocklist.de/apache|blocklist.de/mail|ziyadnz/hourly-ipv4,blocklist.de|brute-force|apache|rfi|ddos|spam|mail|ziyadnz|hourly,2026-08-17T18:48:05Z,2026-08-17T18:48:05Z,
5.167.66.243,ipv4,attack,high,WHITE,blocklist.de/all|blocklist.de/apache|blocklist.de/mail|ziyadnz/hourly-ipv4,blocklist.de|brute-force|apache|rfi|ddos|spam|mail|ziyadnz|hourly,2026-08-17T18:48:05Z,2026-08-17T18:48:05Z,
5.167.66.244,ipv4,attack,high,WHITE,blocklist.de/all|blocklist.de/apache|blocklist.de/mail|ziyadnz/hourly-ipv4,blocklist.de|brute-force|apache|rfi|ddos|spam|mail|ziyadnz|hourly,2026-08-17T18:48:05Z,2026-08-17T18:48:05Z,
5.167.66.245,ipv4,attack,high,WHITE,blocklist.de/all|blocklist.de/apache|blocklist.de/mail|ziyadnz/hourly-ipv4,blocklist.de|brute-force|apache|rfi|ddos|spam|mail|ziyadnz|hourly,2026-08-17T18:48:05Z,2026-08-17T18:48:05Z,
5.167.66.246,ipv4,attack,high,WHITE,blocklist.de/all|blocklist.de/apache|blocklist.de/mail|ziyadnz/hourly-ipv4,blocklist.de|brute-force|apache|rfi|ddos|spam|mail|ziyadnz|hourly,2026-08-17T18:48:05Z,2026-08-17T18:48:05Z,
5.167.66.247,ipv4,attack,high,WHITE,blocklist.de/all|blocklist.de/apache|blocklist.de/mail|ziyadnz/hourly-ipv4,blocklist.de|brute-force|apache|rfi|ddos|spam|mail|ziyadnz|hourly,2026-08-17T18:48:05Z,2026-08-17T18:48:05Z,
5.167.66.248,ipv4,attack,high,WHITE,blocklist.de/all|blocklist.de/apache|blocklist.de/mail|ziyadnz/hourly-ipv4,blocklist.de|brute-force|apache|rfi|ddos|spam|mail|ziyadnz|hourly,2026-08-17T18:48:05Z,2026-08-17T18:48:05Z,
5.167.66.249,ipv4,attack,high,WHITE,blocklist.de/all|blocklist.de/apache|blocklist.de/mail|ziyadnz/hourly-ipv4,blocklist.de|brute-force|apache|rfi|ddos|spam|mail|ziyadnz|hourly,2026-08-17T18:48:05Z,2026-08-17T18:48:05Z,
5.167.66.250,ipv4,attack,high,WHITE,blocklist.de/all|blocklist.de/apache|blocklist.de/mail|ziyadnz/hourly-ipv4,blocklist.de|brute-force|apache|rfi|ddos|spam|mail|ziyadnz|hourly,2026-08-17T18:48:05Z,2026-08-17T18:48:05Z,
5.167.66.251,ipv4,attack,high,WHITE,blocklist.de/all|blocklist.de/apache|blocklist.de/mail|ziyadnz/hourly-ipv4,blocklist.de|brute-force|apache|rfi|ddos|spam|mail|ziyadnz|hourly,2026-08-17T18:48:05Z,2026-08-17T18:48:05Z,
5.167.66.252,ipv4,attack,high,WHITE,blocklist.de/all|blocklist.de/apache|blocklist.de/mail|ziyadnz/hourly-ipv4,blocklist.de|brute-force|apache|rfi|ddos|spam|mail|ziyadnz|hourly,2026-08-17T18:48:05Z,2026-08-17T18:48:05Z,
5.167.66.253,ipv4,attack,high,WHITE,blocklist.de/all|blocklist.de/apache|blocklist.de/mail|ziyadnz/hourly-ipv4,blocklist.de|brute-force|apache|rfi|ddos|spam|mail|ziyadnz|hourly,2026-08-17T18:48:05Z,2026-08-17T18:48:05Z,
5.167.66.254,ipv4,attack,high,WHITE,blocklist.de/all|blocklist.de/apache|blocklist.de/mail|ziyadnz/hourly-ipv4,blocklist.de|brute-force|apache|rfi|ddos|spam|mail|ziyadnz|hourly,2026-08-17T18:48:05Z,2026-08-17T18:48:05Z,
5.167.66.255,ipv4,attack,high,WHITE,blocklist.de/all|blocklist.de/apache|blocklist.de/mail|ziyadnz/hourly-ipv4,blocklist.de|brute-force|apache|rfi|ddos|spam|mail|ziyadnz|hourly,2026-08-17T18:48:05Z,2026-08-17T18:48:05Z,
5.167.67.0,ipv4,attack,high,WHITE,blocklist.de/all|blocklist.de/apache|blocklist.de/mail|ziyadnz/hourly-ipv4,blocklist.de|brute-force|apache|rfi|ddos|spam|mail|ziyadnz|hourly,2026-08-17T18:48:05Z,2026-08-17T18:48:05Z,
5.167.67.1,ipv4,attack,high,WHITE,blocklist.de/all|blocklist.de/apache|blocklist.de/mail|ziyadnz/hourly-ipv4,blocklist.de|brute-force|apache|rfi|ddos|spam|mail|ziyadnz|hourly,2026-08-17T18:48:05Z,2026-08-17T18:48:05Z,
5.167.67.2,ipv4,attack,high,WHITE,blocklist.de/all|blocklist.de/apache|blocklist.de/mail|ziyadnz/hourly-ipv4,blocklist.de|brute-force|apache|rfi|ddos|spam|mail|ziyadnz|hourly,2026-08-17T18:48:05Z,2026-08-17T18:48:05Z,
5.167.67.3,ipv4,attack,high,WHITE,blocklist.de/all|blocklist.de/apache|blocklist.de/mail|ziyadnz/hourly-ipv4,blocklist.de|brute-force|apache|rfi|ddos|spam|mail|ziyadnz|hourly,2026-08-17T18:48:05Z,2026-08-17T18:48:05Z,
5.167.67.4,ipv4,attack,high,WHITE,blocklist.de/all|blocklist.de/apache|blocklist.de/mail|ziyadnz/hourly-ipv4,blocklist.de|brute-force|apache|rfi|ddos|spam|mail|ziyadnz|hourly,2026-08-17T18:48:05Z,2026-08-17T18:48:05Z,
5.167.67.5,ipv4,attack,high,WHITE,blocklist.de/all|blocklist.de/apache|blocklist.de/mail|ziyadnz/hourly-ipv4,blocklist.de|brute-force|apache|rfi|ddos|spam|mail|ziyadnz|hourly,2026-08-17T18:48:05Z,2026-08-17T18:48:05Z,
5.167.67.6,ipv4,attack,high,WHITE,blocklist.de/all|blocklist.de/apache|blocklist.de/mail|ziyadnz/hourly-ipv4,blocklist.de|brute-force|apache|rfi|ddos|spam|mail|ziyadnz|hourly,2026-08-17T18:48:05Z,2026-08-17T18:48:05Z,
5.167.67.7,ipv4,attack,high,WHITE,blocklist.de/all|blocklist.de/apache|blocklist.de/mail|ziyadnz/hourly-ipv4,blocklist.de|brute-force|apache|rfi|ddos|spam|mail|ziyadnz|hourly,2026-08-17T18:48:05Z,2026-08-17T18:48:05Z,
5.167.67.8,ipv4,attack,high,WHITE,blocklist.de/all|blocklist.de/apache|blocklist.de/mail|ziyadnz/hourly-ipv4,blocklist.de|brute-force|apache|rfi|ddos|spam|mail|ziyadnz|hourly,2026-08-17T18:48:05Z,2026-08-17T18:48:05Z,
5.167.67.9,ipv4,attack,high,WHITE,blocklist.de/all|blocklist.de/apache|blocklist.de/mail|ziyadnz/hourly-ipv4,blocklist.de|brute-force|apache|rfi|ddos|spam|mail|ziyadnz|hourly,2026-08-17T18:48:05Z,2026-08-17T18:48:05Z,
5.167.67.10,ipv4,attack,high,WHITE,blocklist.de/all|blocklist.de/apache|blocklist.de/mail|ziyadnz/hourly-ipv4,blocklist.de|brute-force|apache|rfi|ddos|spam|mail|ziyadnz|hourly,2026-08-17T18:48:05Z,2026-08-17T18:48:05Z,
5.167.67.11,ipv4,attack,high,WHITE,blocklist.de/all|blocklist.de/apache|blocklist.de/mail|ziyadnz/hourly-ipv4,blocklist.de|brute-force|apache|rfi|ddos|spam|mail|ziyadnz|hourly,2026-08-17T18:48:05Z,2026-08-17T18:48:05Z,
5.167.67.12,ipv4,attack,high,WHITE,blocklist.de/all|blocklist.de/apache|blocklist.de/mail|ziyadnz/hourly-ipv4,blocklist.de|brute-force|apache|rfi|ddos|spam|mail|ziyadnz|hourly,2026-08-17T18:48:05Z,2026-08-17T18:48:05Z,
5.167.67.13,ipv4,attack,high,WHITE,blocklist.de/all|blocklist.de/apache|blocklist.de/mail|ziyadnz/hourly-ipv4,blocklist.de|brute-force|apache|rfi|ddos|spam|mail|ziyadnz|hourly,2026-08-17T18:48:05Z,2026-08-17T18:48:05Z,
5.167.67.14,ipv4,attack,high,WHITE,blocklist.de/all|blocklist.de/apache|blocklist.de/mail|ziyadnz/hourly-ipv4,blocklist.de|brute-force|apache|rfi|ddos|spam|mail|ziyadnz|hourly,2026-08-17T18:48:05Z,2026-08-17T18:48:05Z,
5.167.67.15,ipv4,attack,high,WHITE,blocklist.de/all|blocklist.de/apache|blocklist.de/mail|ziyadnz/hourly-ipv4,blocklist.de|brute-force|apache|rfi|ddos|spam|mail|ziyadnz|hourly,2026-08-17T18:48:05Z,2026-08-17T18:48:05Z,
5.167.67.16,ipv4,attack,high,WHITE,blocklist.de/all|blocklist.de/apache|blocklist.de/mail|ziyadnz/hourly-ipv4,blocklist.de|brute-force|apache|rfi|ddos|spam|mail|ziyadnz|hourly,2026-08-17T18:48:05Z,2026-08-17T18:48:05Z,
5.167.67.17,ipv4,attack,high,WHITE,blocklist.de/all|blocklist.de/apache|blocklist.de/mail|ziyadnz/hourly-ipv4,blocklist.de|brute-force|apache|rfi|ddos|spam|mail|ziyadnz|hourly,2026-08-17T18:48:05Z,2026-08-17T18:48:05Z,
5.167.67.18,ipv4,attack,high,WHITE,blocklist.de/all|blocklist.de/apache|blocklist.de/mail|ziyadnz/hourly-ipv4,blocklist.de|brute-force|apache|rfi|ddos|spam|mail|ziyadnz|hourly,2026-08-17T18:48:05Z,2026-08-17T18:48:05Z,
5.167.67.19,ipv4,attack,high,WHITE,blocklist.de/all|blocklist.de/apache|blocklist.de/mail|ziyadnz/hourly-ipv4,blocklist.de|brute-force|apache|rfi|ddos|spam|mail|ziyadnz|hourly,2026-08-17T18:48:05Z,2026-08-17T18:48:05Z,
5.167.67.20,ipv4,attack,high,WHITE,blocklist.de/all|blocklist.de/apache|blocklist.de/mail|ziyadnz/hourly-ipv4,blocklist.de|brute-force|apache|rfi|ddos|spam|mail|ziyadnz|hourly,2026-08-17T18:48:05Z,2026-08-17T18:48:05Z,
5.167.67.21,ipv4,attack,high,WHITE,blocklist.de/all|blocklist.de/apache|blocklist.de/mail|ziyadnz/hourly-ipv4,blocklist.de|brute-force|apache|rfi|ddos|spam|mail|ziyadnz|hourly,2026-08-17T18:48:05Z,2026-08-17T18:48:05Z,
5.167.67.22,ipv4,attack,high,WHITE,blocklist.de/all|blocklist.de/apache|blocklist.de/mail|ziyadnz/hourly-ipv4,blocklist.de|brute-force|apache|rfi|ddos|spam|mail|ziyadnz|hourly,2026-08-17T18:48:05Z,2026-08-17T18:48:05Z,
5.167.67.23,ipv4,attack,high,WHITE,blocklist.de/all|blocklist.de/apache|blocklist.de/mail|ziyadnz/hourly-ipv4,blocklist.de|brute-force|apache|rfi|ddos|spam|mail|ziyadnz|hourly,2026-08-17T18:48:05Z,2026-08-17T18:48:05Z,
5.167.67.24,ipv4,attack,high,WHITE,blocklist.de/all|blocklist.de/apache|blocklist.de/mail|ziyadnz/hourly-ipv4,blocklist.de|brute-force|apache|rfi|ddos|spam|mail|ziyadnz|hourly,2026-08-17T18:48:05Z,2026-08-17T18:48:05Z,
5.167.67.25,ipv4,attack,high,WHITE,blocklist.de/all|blocklist.de/apache|blocklist.de/mail|ziyadnz/hourly-ipv4,blocklist.de|brute-force|apache|rfi|ddos|spam|mail|ziyadnz|hourly,2026-08-17T18:48:05Z,2026-08-17T18:48:05Z,
5.167.67.26,ipv4,attack,high,WHITE,blocklist.de/all|blocklist.de/apache|blocklist.de/mail|ziyadnz/hourly-ipv4,blocklist.de|brute-force|apache|rfi|ddos|spam|mail|ziyadnz|hourly,2026-08-17T18:48:05Z,2026-08-17T18:48:05Z,
5.167.67.27,ipv4,attack,high,WHITE,blocklist.de/all|blocklist.de/apache|blocklist.de/mail|ziyadnz/hourly-ipv4,blocklist.de|brute-force|apache|rfi|ddos|spam|mail|ziyadnz|hourly,2026-08-17T18:48:05Z,2026-08-17T18:48:05Z,
5.167.67.28,ipv4,attack,high,WHITE,blocklist.de/all|blocklist.de/apache|blocklist.de/mail|ziyadnz/hourly-ipv4,blocklist.de|brute-force|apache|rfi|ddos|spam|mail|ziyadnz|hourly,2026-08-17T18:48:05Z,2026-08-17T18:48:05Z,
5.167.67.29,ipv4,attack,high,WHITE,blocklist.de/all|blocklist.de/apache|blocklist.de/mail|ziyadnz/hourly-ipv4,blocklist.de|brute-force|apache|rfi|ddos|spam|mail|ziyadnz|hourly,2026-08-17T18:48:05Z,2026-08-17T18:48:05Z,
5.167.67.30,ipv4,attack,high,WHITE,blocklist.de/all|blocklist.de/apache|blocklist.de/mail|ziyadnz/hourly-ipv4,blocklist.de|brute-force|apache|rfi|ddos|spam|mail|ziyadnz|hourly,2026-08-17T18:48:05Z,2026-08-17T18:48:05Z,
5.167.67.31,ipv4,attack,high,WHITE,blocklist.de/all|blocklist.de/apache|blocklist.de/mail|ziyadnz/hourly-ipv4,blocklist.de|brute-force|apache|rfi|ddos|spam|mail|ziyadnz|hourly,2026-08-17T18:48:05Z,2026-08-17T18:48:05Z,
5.167.67.32,ipv4,attack,high,WHITE,blocklist.de/all|blocklist.de/apache|blocklist.de/mail|ziyadnz/hourly-ipv4,blocklist.de|brute-force|apache|rfi|ddos|spam|mail|ziyadnz|hourly,2026-08-17T18:48:05Z,2026-08-17T18:48:05Z,
5.167.67.33,ipv4,attack,high,WHITE,blocklist.de/all|blocklist.de/apache|blocklist.de/mail|ziyadnz/hourly-ipv4,blocklist.de|brute-force|apache|rfi|ddos|spam|mail|ziyadnz|hourly,2026-08-17T18:48:05Z,2026-08-17T18:48:05Z,
5.167.67.34,ipv4,attack,high,WHITE,blocklist.de/all|blocklist.de/apache|blocklist.de/mail|ziyadnz/hourly-ipv4,blocklist.de|brute-force|apache|rfi|ddos|spam|mail|ziyadnz|hourly,2026-08-17T18:48:05Z,2026-08-17T18:48:05Z,
5.167.67.35,ipv4,attack,high,WHITE,blocklist.de/all|blocklist.de/apache|blocklist.de/mail|ziyadnz/hourly-ipv4,blocklist.de|brute-force|apache|rfi|ddos|spam|mail|ziyadnz|hourly,2026-08-17T18:48:05Z,2026-08-17T18:48:05Z,
5.167.67.36,ipv4,attack,high,WHITE,blocklist.de/all|blocklist.de/apache|blocklist.de/mail|ziyadnz/hourly-ipv4,blocklist.de|brute-force|apache|rfi|ddos|spam|mail|ziyadnz|hourly,2026-08-17T18:48:05Z,2026-08-17T18:48:05Z,
5.167.67.37,ipv4,attack,high,WHITE,blocklist.de/all|blocklist.de/apache|blocklist.de/mail|ziyadnz/hourly-ipv4,blocklist.de|brute-force|apache|rfi|ddos|spam|mail|ziyadnz|hourly,2026-08-17T18:48:05Z,2026-08-17T18:48:05Z,
5.167.67.38,ipv4,attack,high,WHITE,blocklist.de/all|blocklist.de/apache|blocklist.de/mail|ziyadnz/hourly-ipv4,blocklist.de|brute-force|apache|rfi|ddos|spam|mail|ziyadnz|hourly,2026-08-17T18:48:05Z,2026-08-17T18:48:05Z,
5.167.67.39,ipv4,attack,high,WHITE,blocklist.de/all|blocklist.de/apache|blocklist.de/mail|ziyadnz/hourly-ipv4,blocklist.de|brute-force|apache|rfi|ddos|spam|mail|ziyadnz|hourly,2026-08-17T18:48:05Z,2026-08-17T18:48:05Z,
5.167.67.40,ipv4,attack,high,WHITE,blocklist.de/all|blocklist.de/apache|blocklist.de/mail|ziyadnz/hourly-ipv4,blocklist.de|brute-force|apache|rfi|ddos|spam|mail|ziyadnz|hourly,2026-08-17T18:48:05Z,2026-08-17T18:48:05Z,
5.167.67.41,ipv4,attack,high,WHITE,blocklist.de/all|blocklist.de/apache|blocklist.de/mail|ziyadnz/hourly-ipv4,blocklist.de|brute-force|apache|rfi|ddos|spam|mail|ziyadnz|hourly,2026-08-17T18:48:05Z,2026-08-17T18:48:05Z,
5.167.67.42,ipv4,attack,high,WHITE,blocklist.de/all|blocklist.de/apache|blocklist.de/mail|ziyadnz/hourly-ipv4,blocklist.de|brute-force|apache|rfi|ddos|spam|mail|ziyadnz|hourly,2026-08-17T18:48:05Z,2026-08-17T18:48:05Z,
5.167.67.43,ipv4,attack,high,WHITE,blocklist.de/all|blocklist.de/apache|blocklist.de/mail|ziyadnz/hourly-ipv4,blocklist.de|brute-force|apache|rfi|ddos|spam|mail|ziyadnz|hourly,2026-08-17T18:48:05Z,2026-08-17T18:48:05Z,
5.167.67.44,ipv4,attack,high,WHITE,blocklist.de/all|blocklist.de/apache|blocklist.de/mail|ziyadnz/hourly-ipv4,blocklist.de|brute-force|apache|rfi|ddos|spam|mail|ziyadnz|hourly,2026-08-17T18:48:05Z,2026-08-17T18:48:05Z,
5.167.67.45,ipv4,attack,high,WHITE,blocklist.de/all|blocklist.de/apache|blocklist.de/mail|ziyadnz/hourly-ipv4,blocklist.de|brute-force|apache|rfi|ddos|spam|mail|ziyadnz|hourly,2026-08-17T18:48:05Z,2026-08-17T18:48:05Z,
5.167.67.46,ipv4,attack,high,WHITE,blocklist.de/all|blocklist.de/apache|blocklist.de/mail|ziyadnz/hourly-ipv4,blocklist.de|brute-force|apache|rfi|ddos|spam|mail|ziyadnz|hourly,2026-08-17T18:48:05Z,2026-08-17T18:48:05Z,
5.167.67.47,ipv4,attack,high,WHITE,blocklist.de/all|blocklist.de/apache|blocklist.de/mail|ziyadnz/hourly-ipv4,blocklist.de|brute-force|apache|rfi|ddos|spam|mail|ziyadnz|hourly,2026-08-17T18:48:05Z,2026-08-17T18:48:05Z,
5.167.67.48,ipv4,attack,high,WHITE,blocklist.de/all|blocklist.de/apache|blocklist.de/mail|ziyadnz/hourly-ipv4,blocklist.de|brute-force|apache|rfi|ddos|spam|mail|ziyadnz|hourly,2026-08-17T18:48:05Z,2026-08-17T18:48:05Z,
5.167.67.49,ipv4,attack,high,WHITE,blocklist.de/all|blocklist.de/apache|blocklist.de/mail|ziyadnz/hourly-ipv4,blocklist.de|brute-force|apache|rfi|ddos|spam|mail|ziyadnz|hourly,2026-08-17T18:48:05Z,2026-08-17T18:48:05Z,
5.167.67.50,ipv4,attack,high,WHITE,blocklist.de/all|blocklist.de/apache|blocklist.de/mail|ziyadnz/hourly-ipv4,blocklist.de|brute-force|apache|rfi|ddos|spam|mail|ziyadnz|hourly,2026-08-17T18:48:05Z,2026-08-17T18:48:05Z,
5.167.67.51,ipv4,attack,high,WHITE,blocklist.de/all|blocklist.de/apache|blocklist.de/mail|ziyadnz/hourly-ipv4,blocklist.de|brute-force|apache|rfi|ddos|spam|mail|ziyadnz|hourly,2026-08-17T18:48:05Z,2026-08-17T18:48:05Z,
5.167.67.52,ipv4,attack,high,WHITE,blocklist.de/all|blocklist.de/apache|blocklist.de/mail|ziyadnz/hourly-ipv4,blocklist.de|brute-force|apache|rfi|ddos|spam|mail|ziyadnz|hourly,2026-08-17T18:48:05Z,2026-08-17T18:48:05Z,
5.167.67.53,ipv4,attack,high,WHITE,blocklist.de/all|blocklist.de/apache|blocklist.de/mail|ziyadnz/hourly-ipv4,blocklist.de|brute-force|apache|rfi|ddos|spam|mail|ziyadnz|hourly,2026-08-17T18:48:05Z,2026-08-17T18:48:05Z,
5.167.67.54,ipv4,attack,high,WHITE,blocklist.de/all|blocklist.de/apache|blocklist.de/mail|ziyadnz/hourly-ipv4,blocklist.de|brute-force|apache|rfi|ddos|spam|mail|ziyadnz|hourly,2026-08-17T18:48:05Z,2026-08-17T18:48:05Z,
5.167.67.55,ipv4,attack,high,WHITE,blocklist.de/all|blocklist.de/apache|blocklist.de/mail|ziyadnz/hourly-ipv4,blocklist.de|brute-force|apache|rfi|ddos|spam|mail|ziyadnz|hourly,2026-08-17T18:48:05Z,2026-08-17T18:48:05Z,
5.167.67.56,ipv4,attack,high,WHITE,blocklist.de/all|blocklist.de/apache|blocklist.de/mail|ziyadnz/hourly-ipv4,blocklist.de|brute-force|apache|rfi|ddos|spam|mail|ziyadnz|hourly,2026-08-17T18:48:05Z,2026-08-17T18:48:05Z,
5.167.67.57,ipv4,attack,high,WHITE,blocklist.de/all|blocklist.de/apache|blocklist.de/mail|ziyadnz/hourly-ipv4,blocklist.de|brute-force|apache|rfi|ddos|spam|mail|ziyadnz|hourly,2026-08-17T18:48:05Z,2026-08-17T18:48:05Z,
5.167.67.58,ipv4,attack,high,WHITE,blocklist.de/all|blocklist.de/apache|blocklist.de/mail|ziyadnz/hourly-ipv4,blocklist.de|brute-force|apache|rfi|ddos|spam|mail|ziyadnz|hourly,2026-08-17T18:48:05Z,2026-08-17T18:48:05Z,
5.167.67.59,ipv4,attack,high,WHITE,blocklist.de/all|blocklist.de/apache|blocklist.de/mail|ziyadnz/hourly-ipv4,blocklist.de|brute-force|apache|rfi|ddos|spam|mail|ziyadnz|hourly,2026-08-17T18:48:05Z,2026-08-17T18:48:05Z,
5.167.67.60,ipv4,attack,high,WHITE,blocklist.de/all|blocklist.de/apache|blocklist.de/mail|ziyadnz/hourly-ipv4,blocklist.de|brute-force|apache|rfi|ddos|spam|mail|ziyadnz|hourly,2026-08-17T18:48:05Z,2026-08-17T18:48:05Z,
5.167.67.61,ipv4,attack,high,WHITE,blocklist.de/all|blocklist.de/apache|blocklist.de/mail|ziyadnz/hourly-ipv4,blocklist.de|brute-force|apache|rfi|ddos|spam|mail|ziyadnz|hourly,2026-08-17T18:48:05Z,2026-08-17T18:48:05Z,
5.167.67.62,ipv4,attack,high,WHITE,blocklist.de/all|blocklist.de/apache|blocklist.de/mail|ziyadnz/hourly-ipv4,blocklist.de|brute-force|apache|rfi|ddos|spam|mail|ziyadnz|hourly,2026-08-17T18:48:05Z,2026-08-17T18:48:05Z,
5.167.67.63,ipv4,attack,high,WHITE,blocklist.de/all|blocklist.de/apache|blocklist.de/mail|ziyadnz/hourly-ipv4,blocklist.de|brute-force|apache|rfi|ddos|spam|mail|ziyadnz|hourly,2026-08-17T18:48:05Z,2026-08-17T18:48:05Z,
5.167.67.64,ipv4,attack,high,WHITE,blocklist.de/all|blocklist.de/apache|blocklist.de/mail|ziyadnz/hourly-ipv4,blocklist.de|brute-force|apache|rfi|ddos|spam|mail|ziyadnz|hourly,2026-08-17T18:48:05Z,2026-08-17T18:48:05Z,
5.167.67.65,ipv4,attack,high,WHITE,blocklist.de/all|blocklist.de/apache|blocklist.de/mail|ziyadnz/hourly-ipv4,blocklist.de|brute-force|apache|rfi|ddos|spam|mail|ziyadnz|hourly,2026-08-17T18:48:05Z,2026-08-17T18:48:05Z,
5.167.67.66,ipv4,attack,high,WHITE,blocklist.de/all|blocklist.de/apache|blocklist.de/mail|ziyadnz/hourly-ipv4,blocklist.de|brute-force|apache|rfi|ddos|spam|mail|ziyadnz|hourly,2026-08-17T18:48:05Z,2026-08-17T18:48:05Z,
5.167.67.67,ipv4,attack,high,WHITE,blocklist.de/all|blocklist.de/apache|blocklist.de/mail|ziyadnz/hourly-ipv4,blocklist.de|brute-force|apache|rfi|ddos|spam|mail|ziyadnz|hourly,2026-08-17T18:48:05Z,2026-08-17T18:48:05Z,
5.167.67.68,ipv4,attack,high,WHITE,blocklist.de/all|blocklist.de/apache|blocklist.de/mail|ziyadnz/hourly-ipv4,blocklist.de|brute-force|apache|rfi|ddos|spam|mail|ziyadnz|hourly,2026-08-17T18:48:05Z,2026-08-17T18:48:05Z,
5.167.67.69,ipv4,attack,high,WHITE,blocklist.de/all|blocklist.de/apache|blocklist.de/mail|ziyadnz/hourly-ipv4,blocklist.de|brute-force|apache|rfi|ddos|spam|mail|ziyadnz|hourly,2026-08-17T18:48:05Z,2026-08-17T18:48:05Z,
5.167.67.70,ipv4,attack,high,WHITE,blocklist.de/all|blocklist.de/apache|blocklist.de/mail|ziyadnz/hourly-ipv4,blocklist.de|brute-force|apache|rfi|ddos|spam|mail|ziyadnz|hourly,2026-08-17T18:48:05Z,2026-08-17T18:48:05Z,
5.167.67.71,ipv4,attack,high,WHITE,blocklist.de/all|blocklist.de/apache|blocklist.de/mail|ziyadnz/hourly-ipv4,blocklist.de|brute-force|apache|rfi|ddos|spam|mail|ziyadnz|hourly,2026-08-17T18:48:05Z,2026-08-17T18:48:05Z,
5.167.67.72,ipv4,attack,high,WHITE,blocklist.de/all|blocklist.de/apache|blocklist.de/mail|ziyadnz/hourly-ipv4,blocklist.de|brute-force|apache|rfi|ddos|spam|mail|ziyadnz|hourly,2026-08-17T18:48:05Z,2026-08-17T18:48:05Z,
5.167.67.73,ipv4,attack,high,WHITE,blocklist.de/all|blocklist.de/apache|blocklist.de/mail|ziyadnz/hourly-ipv4,blocklist.de|brute-force|apache|rfi|ddos|spam|mail|ziyadnz|hourly,2026-08-17T18:48:05Z,2026-08-17T18:48:05Z,
5.167.67.74,ipv4,attack,high,WHITE,blocklist.de/all|blocklist.de/apache|blocklist.de/mail|ziyadnz/hourly-ipv4,blocklist.de|brute-force|apache|rfi|ddos|spam|mail|ziyadnz|hourly,2026-08-17T18:48:05Z,2026-08-17T18:48:05Z,
5.167.67.75,ipv4,attack,high,WHITE,blocklist.de/all|blocklist.de/apache|blocklist.de/mail|ziyadnz/hourly-ipv4,blocklist.de|brute-force|apache|rfi|ddos|spam|mail|ziyadnz|hourly,2026-08-17T18:48:05Z,2026-08-17T18:48:05Z,
5.167.67.76,ipv4,attack,high,WHITE,blocklist.de/all|blocklist.de/apache|blocklist.de/mail|ziyadnz/hourly-ipv4,blocklist.de|brute-force|apache|rfi|ddos|spam|mail|ziyadnz|hourly,2026-08-17T18:48:05Z,2026-08-17T18:48:05Z,
5.167.67.77,ipv4,attack,high,WHITE,blocklist.de/all|blocklist.de/apache|blocklist.de/mail|ziyadnz/hourly-ipv4,blocklist.de|brute-force|apache|rfi|ddos|spam|mail|ziyadnz|hourly,2026-08-17T18:48:05Z,2026-08-17T18:48:05Z,
5.167.67.78,ipv4,attack,high,WHITE,blocklist.de/all|blocklist.de/apache|blocklist.de/mail|ziyadnz/hourly-ipv4,blocklist.de|brute-force|apache|rfi|ddos|spam|mail|ziyadnz|hourly,2026-08-17T18:48:05Z,2026-08-17T18:48:05Z,
5.167.67.79,ipv4,attack,high,WHITE,blocklist.de/all|blocklist.de/apache|blocklist.de/mail|ziyadnz/hourly-ipv4,blocklist.de|brute-force|apache|rfi|ddos|spam|mail|ziyadnz|hourly,2026-08-17T18:48:05Z,2026-08-17T18:48:05Z,
5.167.67.80,ipv4,attack,high,WHITE,blocklist.de/all|blocklist.de/apache|blocklist.de/mail|ziyadnz/hourly-ipv4,blocklist.de|brute-force|apache|rfi|ddos|spam|mail|ziyadnz|hourly,2026-08-17T18:48:05Z,2026-08-17T18:48:05Z,
5.167.67.81,ipv4,attack,high,WHITE,blocklist.de/all|blocklist.de/apache|blocklist.de/mail|ziyadnz/hourly-ipv4,blocklist.de|brute-force|apache|rfi|ddos|spam|mail|ziyadnz|hourly,2026-08-17T18:48:05Z,2026-08-17T18:48:05Z,
5.167.67.82,ipv4,attack,high,WHITE,blocklist.de/all|blocklist.de/apache|blocklist.de/mail|ziyadnz/hourly-ipv4,blocklist.de|brute-force|apache|rfi|ddos|spam|mail|ziyadnz|hourly,2026-08-17T18:48:05Z,2026-08-17T18:48:05Z,
5.167.67.83,ipv4,attack,high,WHITE,blocklist.de/all|blocklist.de/apache|blocklist.de/mail|ziyadnz/hourly-ipv4,blocklist.de|brute-force|apache|rfi|ddos|spam|mail|ziyadnz|hourly,2026-08-17T18:48:05Z,2026-08-17T18:48:05Z,
5.167.67.84,ipv4,attack,high,WHITE,blocklist.de/all|blocklist.de/apache|blocklist.de/mail|ziyadnz/hourly-ipv4,blocklist.de|brute-force|apache|rfi|ddos|spam|mail|ziyadnz|hourly,2026-08-17T18:48:05Z,2026-08-17T18:48:05Z,
5.167.67.85,ipv4,attack,high,WHITE,blocklist.de/all|blocklist.de/apache|blocklist.de/mail|ziyadnz/hourly-ipv4,blocklist.de|brute-force|apache|rfi|ddos|spam|mail|ziyadnz|hourly,2026-08-17T18:48:05Z,2026-08-17T18:48:05Z,
5.167.67.86,ipv4,attack,high,WHITE,blocklist.de/all|blocklist.de/apache|blocklist.de/mail|ziyadnz/hourly-ipv4,blocklist.de|brute-force|apache|rfi|ddos|spam|mail|ziyadnz|hourly,2026-08-17T18:48:05Z,2026-08-17T18:48:05Z,
5.167.67.87,ipv4,attack,high,WHITE,blocklist.de/all|blocklist.de/apache|blocklist.de/mail|ziyadnz/hourly-ipv4,blocklist.de|brute-force|apache|rfi|ddos|spam|mail|ziyadnz|hourly,2026-08-17T18:48:05Z,2026-08-17T18:48:05Z,
5.167.67.88,ipv4,attack,high,WHITE,blocklist.de/all|blocklist.de/apache|blocklist.de/mail|ziyadnz/hourly-ipv4,blocklist.de|brute-force|apache|rfi|ddos|spam|mail|ziyadnz|hourly,2026-08-17T18:48:05Z,2026-08-17T18:48:05Z,
5.167.67.89,ipv4,attack,high,WHITE,blocklist.de/all|blocklist.de/apache|blocklist.de/mail|ziyadnz/hourly-ipv4,blocklist.de|brute-force|apache|rfi|ddos|spam|mail|ziyadnz|hourly,2026-08-17T18:48:05Z,2026-08-17T18:48:05Z,
5.167.67.90,ipv4,attack,high,WHITE,blocklist.de/all|blocklist.de/apache|blocklist.de/mail|ziyadnz/hourly-ipv4,blocklist.de|brute-force|apache|rfi|ddos|spam|mail|ziyadnz|hourly,2026-08-17T18:48:05Z,2026-08-17T18:48:05Z,
5.167.67.91,ipv4,attack,high,WHITE,blocklist.de/all|blocklist.de/apache|blocklist.de/mail|ziyadnz/hourly-ipv4,blocklist.de|brute-force|apache|rfi|ddos|spam|mail|ziyadnz|hourly,2026-08-17T18:48:05Z,2026-08-17T18:48:05Z,
5.167.67.92,ipv4,attack,high,WHITE,blocklist.de/all|blocklist.de/apache|blocklist.de/mail|ziyadnz/hourly-ipv4,blocklist.de|brute-force|apache|rfi|ddos|spam|mail|ziyadnz|hourly,2026-08-17T18:48:05Z,2026-08-17T18:48:05Z,
5.167.67.93,ipv4,attack,high,WHITE,blocklist.de/all|blocklist.de/apache|blocklist.de/mail|ziyadnz/hourly-ipv4,blocklist.de|brute-force|apache|rfi|ddos|spam|mail|ziyadnz|hourly,2026-08-17T18:48:05Z,2026-08-17T18:48:05Z,
5.167.67.94,ipv4,attack,high,WHITE,blocklist.de/all|blocklist.de/apache|blocklist.de/mail|ziyadnz/hourly-ipv4,blocklist.de|brute-force|apache|rfi|ddos|spam|mail|ziyadnz|hourly,2026-08-17T18:48:05Z,2026-08-17T18:48:05Z,
5.167.67.95,ipv4,attack,high,WHITE,blocklist.de/all|blocklist.de/apache|blocklist.de/mail|ziyadnz/hourly-ipv4,blocklist.de|brute-force|apache|rfi|ddos|spam|mail|ziyadnz|hourly,2026-08-17T18:48:05Z,2026-08-17T18:48:05Z,
5.167.67.96,ipv4,attack,high,WHITE,blocklist.de/all|blocklist.de/apache|blocklist.de/mail|ziyadnz/hourly-ipv4,blocklist.de|brute-force|apache|rfi|ddos|spam|mail|ziyadnz|hourly,2026-08-17T18:48:05Z,2026-08-17T18:48:05Z,
5.167.67.97,ipv4,attack,high,WHITE,blocklist.de/all|blocklist.de/apache|blocklist.de/mail|ziyadnz/hourly-ipv4,blocklist.de|brute-force|apache|rfi|ddos|spam|mail|ziyadnz|hourly,2026-08-17T18:48:05Z,2026-08-17T18:48:05Z,
5.167.67.98,ipv4,attack,high,WHITE,blocklist.de/all|blocklist.de/apache|blocklist.de/mail|ziyadnz/hourly-ipv4,blocklist.de|brute-force|apache|rfi|ddos|spam|mail|ziyadnz|hourly,2026-08-17T18:48:05Z,2026-08-17T18:48:05Z,
5.167.67.99,ipv4,attack,high,WHITE,blocklist.de/all|blocklist.de/apache|blocklist.de/mail|ziyadnz/hourly-ipv4,blocklist.de|brute-force|apache|rfi|ddos|spam|mail|ziyadnz|hourly,2026-08-17T18:48:05Z,2026-08-17T18:48:05Z,
5.167.67.100,ipv4,attack,high,WHITE,blocklist.de/all|blocklist.de/apache|blocklist.de/mail|ziyadnz/hourly-ipv4,blocklist.de|brute-force|apache|rfi|ddos|spam|mail|ziyadnz|hourly,2026-08-17T18:48:05Z,2026-08-17T18:48:05Z,
5.167.67.101,ipv4,attack,high,WHITE,blocklist.de/all|blocklist.de/apache|blocklist.de/mail|ziyadnz/hourly-ipv4,blocklist.de|brute-force|apache|rfi|ddos|spam|mail|ziyadnz|hourly,2026-08-17T18:48:05Z,2026-08-17T18:48:05Z,
5.167.67.102,ipv4,attack,high,WHITE,blocklist.de/all|blocklist.de/apache|blocklist.de/mail|ziyadnz/hourly-ipv4,blocklist.de|brute-force|apache|rfi|ddos|spam|mail|ziyadnz|hourly,2026-08-17T18:48:05Z,2026-08-17T18:48:05Z,
5.167.67.103,ipv4,attack,high,WHITE,blocklist.de/all|blocklist.de/apache|blocklist.de/mail|ziyadnz/hourly-ipv4,blocklist.de|brute-force|apache|rfi|ddos|spam|mail|ziyadnz|hourly,2026-08-17T18:48:05Z,2026-08-17T18:48:05Z,
5.167.67.104,ipv4,attack,high,WHITE,blocklist.de/all|blocklist.de/apache|blocklist.de/mail|ziyadnz/hourly-ipv4,blocklist.de|brute-force|apache|rfi|ddos|spam|mail|ziyadnz|hourly,2026-08-17T18:48:05Z,2026-08-17T18:48:05Z,
5.167.67.105,ipv4,attack,high,WHITE,blocklist.de/all|blocklist.de/apache|blocklist.de/mail|ziyadnz/hourly-ipv4,blocklist.de|brute-force|apache|rfi|ddos|spam|mail|ziyadnz|hourly,2026-08-17T18:48:05Z,2026-08-17T18:48:05Z,
5.167.67.106,ipv4,attack,high,WHITE,blocklist.de/all|blocklist.de/apache|blocklist.de/mail|ziyadnz/hourly-ipv4,blocklist.de|brute-force|apache|rfi|ddos|spam|mail|ziyadnz|hourly,2026-08-17T18:48:05Z,2026-08-17T18:48:05Z,
5.167.67.107,ipv4,attack,high,WHITE,blocklist.de/all|blocklist.de/apache|blocklist.de/mail|ziyadnz/hourly-ipv4,blocklist.de|brute-force|apache|rfi|ddos|spam|mail|ziyadnz|hourly,2026-08-17T18:48:05Z,2026-08-17T18:48:05Z,
5.167.67.108,ipv4,attack,high,WHITE,blocklist.de/all|blocklist.de/apache|blocklist.de/mail|ziyadnz/hourly-ipv4,blocklist.de|brute-force|apache|rfi|ddos|spam|mail|ziyadnz|hourly,2026-08-17T18:48:05Z,2026-08-17T18:48:05Z,
5.167.67.109,ipv4,attack,high,WHITE,blocklist.de/all|blocklist.de/apache|blocklist.de/mail|ziyadnz/hourly-ipv4,blocklist.de|brute-force|apache|rfi|ddos|spam|mail|ziyadnz|hourly,2026-08-17T18:48:05Z,2026-08-17T18:48:05Z,
5.167.67.110,ipv4,attack,high,WHITE,blocklist.de/all|blocklist.de/apache|blocklist.de/mail|ziyadnz/hourly-ipv4,blocklist.de|brute-force|apache|rfi|ddos|spam|mail|ziyadnz|hourly,2026-08-17T18:48:05Z,2026-08-17T18:48:05Z,
5.167.67.111,ipv4,attack,high,WHITE,blocklist.de/all|blocklist.de/apache|blocklist.de/mail|ziyadnz/hourly-ipv4,blocklist.de|brute-force|apache|rfi|ddos|spam|mail|ziyadnz|hourly,2026-08-17T18:48:05Z,2026-08-17T18:48:05Z,
5.167.67.112,ipv4,attack,high,WHITE,blocklist.de/all|blocklist.de/apache|blocklist.de/mail|ziyadnz/hourly-ipv4,blocklist.de|brute-force|apache|rfi|ddos|spam|mail|ziyadnz|hourly,2026-08-17T18:48:05Z,2026-08-17T18:48:05Z,
5.167.67.113,ipv4,attack,high,WHITE,blocklist.de/all|blocklist.de/apache|blocklist.de/mail|ziyadnz/hourly-ipv4,blocklist.de|brute-force|apache|rfi|ddos|spam|mail|ziyadnz|hourly,2026-08-17T18:48:05Z,2026-08-17T18:48:05Z,
5.167.67.114,ipv4,attack,high,WHITE,blocklist.de/all|blocklist.de/apache|blocklist.de/mail|ziyadnz/hourly-ipv4,blocklist.de|brute-force|apache|rfi|ddos|spam|mail|ziyadnz|hourly,2026-08-17T18:48:05Z,2026-08-17T18:48:05Z,
5.167.67.115,ipv4,attack,high,WHITE,blocklist.de/all|blocklist.de/apache|blocklist.de/mail|ziyadnz/hourly-ipv4,blocklist.de|brute-force|apache|rfi|ddos|spam|mail|ziyadnz|hourly,2026-08-17T18:48:05Z,2026-08-17T18:48:05Z,
5.167.67.116,ipv4,attack,high,WHITE,blocklist.de/all|blocklist.de/apache|blocklist.de/mail|ziyadnz/hourly-ipv4,blocklist.de|brute-force|apache|rfi|ddos|spam|mail|ziyadnz|hourly,2026-08-17T18:48:05Z,2026-08-17T18:48:05Z,
5.167.67.117,ipv4,attack,high,WHITE,blocklist.de/all|blocklist.de/apache|blocklist.de/mail|ziyadnz/hourly-ipv4,blocklist.de|brute-force|apache|rfi|ddos|spam|mail|ziyadnz|hourly,2026-08-17T18:48:05Z,2026-08-17T18:48:05Z,
5.167.67.118,ipv4,attack,high,WHITE,blocklist.de/all|blocklist.de/apache|blocklist.de/mail|ziyadnz/hourly-ipv4,blocklist.de|brute-force|apache|rfi|ddos|spam|mail|ziyadnz|hourly,2026-08-17T18:48:05Z,2026-08-17T18:48:05Z,
5.167.67.119,ipv4,attack,high,WHITE,blocklist.de/all|blocklist.de/apache|blocklist.de/mail|ziyadnz/hourly-ipv4,blocklist.de|brute-force|apache|rfi|ddos|spam|mail|ziyadnz|hourly,2026-08-17T18:48:05Z,2026-08-17T18:48:05Z,
5.167.67.120,ipv4,attack,high,WHITE,blocklist.de/all|blocklist.de/apache|blocklist.de/mail|ziyadnz/hourly-ipv4,blocklist.de|brute-force|apache|rfi|ddos|spam|mail|ziyadnz|hourly,2026-08-17T18:48:05Z,2026-08-17T18:48:05Z,
5.167.67.121,ipv4,attack,high,WHITE,blocklist.de/all|blocklist.de/apache|blocklist.de/mail|ziyadnz/hourly-ipv4,blocklist.de|brute-force|apache|rfi|ddos|spam|mail|ziyadnz|hourly,2026-08-17T18:48:05Z,2026-08-17T18:48:05Z,
5.167.67.122,ipv4,attack,high,WHITE,blocklist.de/all|blocklist.de/apache|blocklist.de/mail|ziyadnz/hourly-ipv4,blocklist.de|brute-force|apache|rfi|ddos|spam|mail|ziyadnz|hourly,2026-08-17T18:48:05Z,2026-08-17T18:48:05Z,
5.167.67.123,ipv4,attack,high,WHITE,blocklist.de/all|blocklist.de/apache|blocklist.de/mail|ziyadnz/hourly-ipv4,blocklist.de|brute-force|apache|rfi|ddos|spam|mail|ziyadnz|hourly,2026-08-17T18:48:05Z,2026-08-17T18:48:05Z,
5.167.67.124,ipv4,attack,high,WHITE,blocklist.de/all|blocklist.de/apache|blocklist.de/mail|ziyadnz/hourly-ipv4,blocklist.de|brute-force|apache|rfi|ddos|spam|mail|ziyadnz|hourly,2026-08-17T18:48:05Z,2026-08-17T18:48:05Z,
5.167.67.125,ipv4,attack,high,WHITE,blocklist.de/all|blocklist.de/apache|blocklist.de/mail|ziyadnz/hourly-ipv4,blocklist.de|brute-force|apache|rfi|ddos|spam|mail|ziyadnz|hourly,2026-08-17T18:48:05Z,2026-08-17T18:48:05Z,
5.167.67.126,ipv4,attack,high,WHITE,blocklist.de/all|blocklist.de/apache|blocklist.de/mail|ziyadnz/hourly-ipv4,blocklist.de|brute-force|apache|rfi|ddos|spam|mail|ziyadnz|hourly,2026-08-17T18:48:05Z,2026-08-17T18:48:05Z,
5.167.67.127,ipv4,attack,high,WHITE,blocklist.de/all|blocklist.de/apache|blocklist.de/mail|ziyadnz/hourly-ipv4,blocklist.de|brute-force|apache|rfi|ddos|spam|mail|ziyadnz|hourly,2026-08-17T18:48:05Z,2026-08-17T18:48:05Z,
5.167.67.128,ipv4,attack,high,WHITE,blocklist.de/all|blocklist.de/apache|blocklist.de/mail|ziyadnz/hourly-ipv4,blocklist.de|brute-force|apache|rfi|ddos|spam|mail|ziyadnz|hourly,2026-08-17T18:48:05Z,2026-08-17T18:48:05Z,
5.167.67.129,ipv4,attack,high,WHITE,blocklist.de/all|blocklist.de/apache|blocklist.de/mail|ziyadnz/hourly-ipv4,blocklist.de|brute-force|apache|rfi|ddos|spam|mail|ziyadnz|hourly,2026-08-17T18:48:05Z,2026-08-17T18:48:05Z,
5.167.67.130,ipv4,attack,high,WHITE,blocklist.de/all|blocklist.de/apache|blocklist.de/mail|ziyadnz/hourly-ipv4,blocklist.de|brute-force|apache|rfi|ddos|spam|mail|ziyadnz|hourly,2026-08-17T18:48:05Z,2026-08-17T18:48:05Z,
5.167.67.131,ipv4,attack,high,WHITE,blocklist.de/all|blocklist.de/apache|blocklist.de/mail|ziyadnz/hourly-ipv4,blocklist.de|brute-force|apache|rfi|ddos|spam|mail|ziyadnz|hourly,2026-08-17T18:48:05Z,2026-08-17T18:48:05Z,
5.167.67.132,ipv4,attack,high,WHITE,blocklist.de/all|blocklist.de/apache|blocklist.de/mail|ziyadnz/hourly-ipv4,blocklist.de|brute-force|apache|rfi|ddos|spam|mail|ziyadnz|hourly,2026-08-17T18:48:05Z,2026-08-17T18:48:05Z,
5.167.67.133,ipv4,attack,high,WHITE,blocklist.de/all|blocklist.de/apache|blocklist.de/mail|ziyadnz/hourly-ipv4,blocklist.de|brute-force|apache|rfi|ddos|spam|mail|ziyadnz|hourly,2026-08-17T18:48:05Z,2026-08-17T18:48:05Z,
5.167.67.134,ipv4,attack,high,WHITE,blocklist.de/all|blocklist.de/apache|blocklist.de/mail|ziyadnz/hourly-ipv4,blocklist.de|brute-force|apache|rfi|ddos|spam|mail|ziyadnz|hourly,2026-08-17T18:48:05Z,2026-08-17T18:48:05Z,
5.167.67.135,ipv4,attack,high,WHITE,blocklist.de/all|blocklist.de/apache|blocklist.de/mail|ziyadnz/hourly-ipv4,blocklist.de|brute-force|apache|rfi|ddos|spam|mail|ziyadnz|hourly,2026-08-17T18:48:05Z,2026-08-17T18:48:05Z,
5.167.67.136,ipv4,attack,high,WHITE,blocklist.de/all|blocklist.de/apache|blocklist.de/mail|ziyadnz/hourly-ipv4,blocklist.de|brute-force|apache|rfi|ddos|spam|mail|ziyadnz|hourly,2026-08-17T18:48:05Z,2026-08-17T18:48:05Z,
5.167.67.137,ipv4,attack,high,WHITE,blocklist.de/all|blocklist.de/apache|blocklist.de/mail|ziyadnz/hourly-ipv4,blocklist.de|brute-force|apache|rfi|ddos|spam|mail|ziyadnz|hourly,2026-08-17T18:48:05Z,2026-08-17T18:48:05Z,
5.167.67.138,ipv4,attack,high,WHITE,blocklist.de/all|blocklist.de/apache|blocklist.de/mail|ziyadnz/hourly-ipv4,blocklist.de|brute-force|apache|rfi|ddos|spam|mail|ziyadnz|hourly,2026-08-17T18:48:05Z,2026-08-17T18:48:05Z,
5.167.67.139,ipv4,attack,high,WHITE,blocklist.de/all|blocklist.de/apache|blocklist.de/mail|ziyadnz/hourly-ipv4,blocklist.de|brute-force|apache|rfi|ddos|spam|mail|ziyadnz|hourly,2026-08-17T18:48:05Z,2026-08-17T18:48:05Z,
5.167.67.140,ipv4,attack,high,WHITE,blocklist.de/all|blocklist.de/apache|blocklist.de/mail|ziyadnz/hourly-ipv4,blocklist.de|brute-force|apache|rfi|ddos|spam|mail|ziyadnz|hourly,2026-08-17T18:48:05Z,2026-08-17T18:48:05Z,
5.167.67.141,ipv4,attack,high,WHITE,blocklist.de/all|blocklist.de/apache|blocklist.de/mail|ziyadnz/hourly-ipv4,blocklist.de|brute-force|apache|rfi|ddos|spam|mail|ziyadnz|hourly,2026-08-17T18:48:05Z,2026-08-17T18:48:05Z,
5.167.67.142,ipv4,attack,high,WHITE,blocklist.de/all|blocklist.de/apache|blocklist.de/mail|ziyadnz/hourly-ipv4,blocklist.de|brute-force|apache|rfi|ddos|spam|mail|ziyadnz|hourly,2026-08-17T18:48:05Z,2026-08-17T18:48:05Z,
5.167.67.143,ipv4,attack,high,WHITE,blocklist.de/all|blocklist.de/apache|blocklist.de/mail|ziyadnz/hourly-ipv4,blocklist.de|brute-force|apache|rfi|ddos|spam|mail|ziyadnz|hourly,2026-08-17T18:48:05Z,2026-08-17T18:48:05Z,
5.167.67.144,ipv4,attack,high,WHITE,blocklist.de/all|blocklist.de/apache|blocklist.de/mail|ziyadnz/hourly-ipv4,blocklist.de|brute-force|apache|rfi|ddos|spam|mail|ziyadnz|hourly,2026-08-17T18:48:05Z,2026-08-17T18:48:05Z,
5.167.67.145,ipv4,attack,high,WHITE,blocklist.de/all|blocklist.de/apache|blocklist.de/mail|ziyadnz/hourly-ipv4,blocklist.de|brute-force|apache|rfi|ddos|spam|mail|ziyadnz|hourly,2026-08-17T18:48:05Z,2026-08-17T18:48:05Z,
5.167.67.146,ipv4,attack,high,WHITE,blocklist.de/all|blocklist.de/apache|blocklist.de/mail|ziyadnz/hourly-ipv4,blocklist.de|brute-force|apache|rfi|ddos|spam|mail|ziyadnz|hourly,2026-08-17T18:48:05Z,2026-08-17T18:48:05Z,
5.167.67.147,ipv4,attack,high,WHITE,blocklist.de/all|blocklist.de/apache|blocklist.de/mail|ziyadnz/hourly-ipv4,blocklist.de|brute-force|apache|rfi|ddos|spam|mail|ziyadnz|hourly,2026-08-17T18:48:05Z,2026-08-17T18:48:05Z,
5.167.67.148,ipv4,attack,high,WHITE,blocklist.de/all|blocklist.de/apache|blocklist.de/mail|ziyadnz/hourly-ipv4,blocklist.de|brute-force|apache|rfi|ddos|spam|mail|ziyadnz|hourly,2026-08-17T18:48:05Z,2026-08-17T18:48:05Z,
5.167.67.149,ipv4,attack,high,WHITE,blocklist.de/all|blocklist.de/apache|blocklist.de/mail|ziyadnz/hourly-ipv4,blocklist.de|brute-force|apache|rfi|ddos|spam|mail|ziyadnz|hourly,2026-08-17T18:48:05Z,2026-08-17T18:48:05Z,
5.167.67.150,ipv4,attack,high,WHITE,blocklist.de/all|blocklist.de/apache|blocklist.de/mail|ziyadnz/hourly-ipv4,blocklist.de|brute-force|apache|rfi|ddos|spam|mail|ziyadnz|hourly,2026-08-17T18:48:05Z,2026-08-17T18:48:05Z,
5.167.67.151,ipv4,attack,high,WHITE,blocklist.de/all|blocklist.de/apache|blocklist.de/mail|ziyadnz/hourly-ipv4,blocklist.de|brute-force|apache|rfi|ddos|spam|mail|ziyadnz|hourly,2026-08-17T18:48:05Z,2026-08-17T18:48:05Z,
5.167.67.152,ipv4,attack,high,WHITE,blocklist.de/all|blocklist.de/apache|blocklist.de/mail|ziyadnz/hourly-ipv4,blocklist.de|brute-force|apache|rfi|ddos|spam|mail|ziyadnz|hourly,2026-08-17T18:48:05Z,2026-08-17T18:48:05Z,
5.167.67.153,ipv4,attack,high,WHITE,blocklist.de/all|blocklist.de/apache|blocklist.de/mail|ziyadnz/hourly-ipv4,blocklist.de|brute-force|apache|rfi|ddos|spam|mail|ziyadnz|hourly,2026-08-17T18:48:05Z,2026-08-17T18:48:05Z,
5.167.67.154,ipv4,attack,high,WHITE,blocklist.de/all|blocklist.de/apache|blocklist.de/mail|ziyadnz/hourly-ipv4,blocklist.de|brute-force|apache|rfi|ddos|spam|mail|ziyadnz|hourly,2026-08-17T18:48:05Z,2026-08-17T18:48:05Z,
5.167.67.155,ipv4,attack,high,WHITE,blocklist.de/all|blocklist.de/apache|blocklist.de/mail|ziyadnz/hourly-ipv4,blocklist.de|brute-force|apache|rfi|ddos|spam|mail|ziyadnz|hourly,2026-08-17T18:48:05Z,2026-08-17T18:48:05Z,
5.167.67.156,ipv4,attack,high,WHITE,blocklist.de/all|blocklist.de/apache|blocklist.de/mail|ziyadnz/hourly-ipv4,blocklist.de|brute-force|apache|rfi|ddos|spam|mail|ziyadnz|hourly,2026-08-17T18:48:05Z,2026-08-17T18:48:05Z,
5.167.67.157,ipv4,attack,high,WHITE,blocklist.de/all|blocklist.de/apache|blocklist.de/mail|ziyadnz/hourly-ipv4,blocklist.de|brute-force|apache|rfi|ddos|spam|mail|ziyadnz|hourly,2026-08-17T18:48:05Z,2026-08-17T18:48:05Z,
5.167.67.158,ipv4,attack,high,WHITE,blocklist.de/all|blocklist.de/apache|blocklist.de/mail|ziyadnz/hourly-ipv4,blocklist.de|brute-force|apache|rfi|ddos|spam|mail|ziyadnz|hourly,2026-08-17T18:48:05Z,2026-08-17T18:48:05Z,
5.167.67.159,ipv4,attack,high,WHITE,blocklist.de/all|blocklist.de/apache|blocklist.de/mail|ziyadnz/hourly-ipv4,blocklist.de|brute-force|apache|rfi|ddos|spam|mail|ziyadnz|hourly,2026-08-17T18:48:05Z,2026-08-17T18:48:05Z,
5.167.67.160,ipv4,attack,high,WHITE,blocklist.de/all|blocklist.de/apache|blocklist.de/mail|ziyadnz/hourly-ipv4,blocklist.de|brute-force|apache|rfi|ddos|spam|mail|ziyadnz|hourly,2026-08-17T18:48:05Z,2026-08-17T18:48:05Z,
5.167.67.161,ipv4,attack,high,WHITE,blocklist.de/all|blocklist.de/apache|blocklist.de/mail|ziyadnz/hourly-ipv4,blocklist.de|brute-force|apache|rfi|ddos|spam|mail|ziyadnz|hourly,2026-08-17T18:48:05Z,2026-08-17T18:48:05Z,
5.167.67.162,ipv4,attack,high,WHITE,blocklist.de/all|blocklist.de/apache|blocklist.de/mail|ziyadnz/hourly-ipv4,blocklist.de|brute-force|apache|rfi|ddos|spam|mail|ziyadnz|hourly,2026-08-17T18:48:05Z,2026-08-17T18:48:05Z,
5.167.67.163,ipv4,attack,high,WHITE,blocklist.de/all|blocklist.de/apache|blocklist.de/mail|ziyadnz/hourly-ipv4,blocklist.de|brute-force|apache|rfi|ddos|spam|mail|ziyadnz|hourly,2026-08-17T18:48:05Z,2026-08-17T18:48:05Z,
5.167.67.164,ipv4,attack,high,WHITE,blocklist.de/all|blocklist.de/apache|blocklist.de/mail|ziyadnz/hourly-ipv4,blocklist.de|brute-force|apache|rfi|ddos|spam|mail|ziyadnz|hourly,2026-08-17T18:48:05Z,2026-08-17T18:48:05Z,
5.167.67.165,ipv4,attack,high,WHITE,blocklist.de/all|blocklist.de/apache|blocklist.de/mail|ziyadnz/hourly-ipv4,blocklist.de|brute-force|apache|rfi|ddos|spam|mail|ziyadnz|hourly,2026-08-17T18:48:05Z,2026-08-17T18:48:05Z,
5.167.67.166,ipv4,attack,high,WHITE,blocklist.de/all|blocklist.de/apache|blocklist.de/mail|ziyadnz/hourly-ipv4,blocklist.de|brute-force|apache|rfi|ddos|spam|mail|ziyadnz|hourly,2026-08-17T18:48:05Z,2026-08-17T18:48:05Z,
5.167.67.167,ipv4,attack,high,WHITE,blocklist.de/all|blocklist.de/apache|blocklist.de/mail|ziyadnz/hourly-ipv4,blocklist.de|brute-force|apache|rfi|ddos|spam|mail|ziyadnz|hourly,2026-08-17T18:48:05Z,2026-08-17T18:48:05Z,
5.167.67.168,ipv4,attack,high,WHITE,blocklist.de/all|blocklist.de/apache|blocklist.de/mail|ziyadnz/hourly-ipv4,blocklist.de|brute-force|apache|rfi|ddos|spam|mail|ziyadnz|hourly,2026-08-17T18:48:05Z,2026-08-17T18:48:05Z,
5.167.67.169,ipv4,attack,high,WHITE,blocklist.de/all|blocklist.de/apache|blocklist.de/mail|ziyadnz/hourly-ipv4,blocklist.de|brute-force|apache|rfi|ddos|spam|mail|ziyadnz|hourly,2026-08-17T18:48:05Z,2026-08-17T18:48:05Z,
5.167.67.170,ipv4,attack,high,WHITE,blocklist.de/all|blocklist.de/apache|blocklist.de/mail|ziyadnz/hourly-ipv4,blocklist.de|brute-force|apache|rfi|ddos|spam|mail|ziyadnz|hourly,2026-08-17T18:48:05Z,2026-08-17T18:48:05Z,
5.167.67.171,ipv4,attack,high,WHITE,blocklist.de/all|blocklist.de/apache|blocklist.de/mail|ziyadnz/hourly-ipv4,blocklist.de|brute-force|apache|rfi|ddos|spam|mail|ziyadnz|hourly,2026-08-17T18:48:05Z,2026-08-17T18:48:05Z,
5.167.67.172,ipv4,attack,high,WHITE,blocklist.de/all|blocklist.de/apache|blocklist.de/mail|ziyadnz/hourly-ipv4,blocklist.de|brute-force|apache|rfi|ddos|spam|mail|ziyadnz|hourly,2026-08-17T18:48:05Z,2026-08-17T18:48:05Z,
5.167.67.173,ipv4,attack,high,WHITE,blocklist.de/all|blocklist.de/apache|blocklist.de/mail|ziyadnz/hourly-ipv4,blocklist.de|brute-force|apache|rfi|ddos|spam|mail|ziyadnz|hourly,2026-08-17T18:48:05Z,2026-08-17T18:48:05Z,
5.167.67.174,ipv4,attack,high,WHITE,blocklist.de/all|blocklist.de/apache|blocklist.de/mail|ziyadnz/hourly-ipv4,blocklist.de|brute-force|apache|rfi|ddos|spam|mail|ziyadnz|hourly,2026-08-17T18:48:05Z,2026-08-17T18:48:05Z,
5.167.67.175,ipv4,attack,high,WHITE,blocklist.de/all|blocklist.de/apache|blocklist.de/mail|ziyadnz/hourly-ipv4,blocklist.de|brute-force|apache|rfi|ddos|spam|mail|ziyadnz|hourly,2026-08-17T18:48:05Z,2026-08-17T18:48:05Z,
5.167.67.176,ipv4,attack,high,WHITE,blocklist.de/all|blocklist.de/apache|blocklist.de/mail|ziyadnz/hourly-ipv4,blocklist.de|brute-force|apache|rfi|ddos|spam|mail|ziyadnz|hourly,2026-08-17T18:48:05Z,2026-08-17T18:48:05Z,
5.167.67.177,ipv4,attack,high,WHITE,blocklist.de/all|blocklist.de/apache|blocklist.de/mail|ziyadnz/hourly-ipv4,blocklist.de|brute-force|apache|rfi|ddos|spam|mail|ziyadnz|hourly,2026-08-17T18:48:05Z,2026-08-17T18:48:05Z,
5.167.67.178,ipv4,attack,high,WHITE,blocklist.de/all|blocklist.de/apache|blocklist.de/mail|ziyadnz/hourly-ipv4,blocklist.de|brute-force|apache|rfi|ddos|spam|mail|ziyadnz|hourly,2026-08-17T18:48:05Z,2026-08-17T18:48:05Z,
5.167.67.179,ipv4,attack,high,WHITE,blocklist.de/all|blocklist.de/apache|blocklist.de/mail|ziyadnz/hourly-ipv4,blocklist.de|brute-force|apache|rfi|ddos|spam|mail|ziyadnz|hourly,2026-08-17T18:48:05Z,2026-08-17T18:48:05Z,
5.167.67.180,ipv4,attack,high,WHITE,blocklist.de/all|blocklist.de/apache|blocklist.de/mail|ziyadnz/hourly-ipv4,blocklist.de|brute-force|apache|rfi|ddos|spam|mail|ziyadnz|hourly,2026-08-17T18:48:05Z,2026-08-17T18:48:05Z,
5.167.67.181,ipv4,attack,high,WHITE,blocklist.de/all|blocklist.de/apache|blocklist.de/mail|ziyadnz/hourly-ipv4,blocklist.de|brute-force|apache|rfi|ddos|spam|mail|ziyadnz|hourly,2026-08-17T18:48:05Z,2026-08-17T18:48:05Z,
5.167.67.182,ipv4,attack,high,WHITE,blocklist.de/all|blocklist.de/apache|blocklist.de/mail|ziyadnz/hourly-ipv4,blocklist.de|brute-force|apache|rfi|ddos|spam|mail|ziyadnz|hourly,2026-08-17T18:48:05Z,2026-08-17T18:48:05Z,
5.167.67.183,ipv4,attack,high,WHITE,blocklist.de/all|blocklist.de/apache|blocklist.de/mail|ziyadnz/hourly-ipv4,blocklist.de|brute-force|apache|rfi|ddos|spam|mail|ziyadnz|hourly,2026-08-17T18:48:05Z,2026-08-17T18:48:05Z,
5.167.67.184,ipv4,attack,high,WHITE,blocklist.de/all|blocklist.de/apache|blocklist.de/mail|ziyadnz/hourly-ipv4,blocklist.de|brute-force|apache|rfi|ddos|spam|mail|ziyadnz|hourly,2026-08-17T18:48:05Z,2026-08-17T18:48:05Z,
5.167.67.185,ipv4,attack,high,WHITE,blocklist.de/all|blocklist.de/apache|blocklist.de/mail|ziyadnz/hourly-ipv4,blocklist.de|brute-force|apache|rfi|ddos|spam|mail|ziyadnz|hourly,2026-08-17T18:48:05Z,2026-08-17T18:48:05Z,
5.167.67.186,ipv4,attack,high,WHITE,blocklist.de/all|blocklist.de/apache|blocklist.de/mail|ziyadnz/hourly-ipv4,blocklist.de|brute-force|apache|rfi|ddos|spam|mail|ziyadnz|hourly,2026-08-17T18:48:05Z,2026-08-17T18:48:05Z,
5.167.67.187,ipv4,attack,high,WHITE,blocklist.de/all|blocklist.de/apache|blocklist.de/mail|ziyadnz/hourly-ipv4,blocklist.de|brute-force|apache|rfi|ddos|spam|mail|ziyadnz|hourly,2026-08-17T18:48:05Z,2026-08-17T18:48:05Z,
5.167.67.188,ipv4,attack,high,WHITE,blocklist.de/all|blocklist.de/apache|blocklist.de/mail|ziyadnz/hourly-ipv4,blocklist.de|brute-force|apache|rfi|ddos|spam|mail|ziyadnz|hourly,2026-08-17T18:48:05Z,2026-08-17T18:48:05Z,
5.167.67.189,ipv4,attack,high,WHITE,blocklist.de/all|blocklist.de/apache|blocklist.de/mail|ziyadnz/hourly-ipv4,blocklist.de|brute-force|apache|rfi|ddos|spam|mail|ziyadnz|hourly,2026-08-17T18:48:05Z,2026-08-17T18:48:05Z,
5.167.67.190,ipv4,attack,high,WHITE,blocklist.de/all|blocklist.de/apache|blocklist.de/mail|ziyadnz/hourly-ipv4,blocklist.de|brute-force|apache|rfi|ddos|spam|mail|ziyadnz|hourly,2026-08-17T18:48:05Z,2026-08-17T18:48:05Z,
5.167.67.191,ipv4,attack,high,WHITE,blocklist.de/all|blocklist.de/apache|blocklist.de/mail|ziyadnz/hourly-ipv4,blocklist.de|brute-force|apache|rfi|ddos|spam|mail|ziyadnz|hourly,2026-08-17T18:48:05Z,2026-08-17T18:48:05Z,
5.167.67.192,ipv4,attack,high,WHITE,blocklist.de/all|blocklist.de/apache|blocklist.de/mail|ziyadnz/hourly-ipv4,blocklist.de|brute-force|apache|rfi|ddos|spam|mail|ziyadnz|hourly,2026-08-17T18:48:05Z,2026-08-17T18:48:05Z,
5.167.67.193,ipv4,attack,high,WHITE,blocklist.de/all|blocklist.de/apache|blocklist.de/mail|ziyadnz/hourly-ipv4,blocklist.de|brute-force|apache|rfi|ddos|spam|mail|ziyadnz|hourly,2026-08-17T18:48:05Z,2026-08-17T18:48:05Z,
5.167.67.194,ipv4,attack,high,WHITE,blocklist.de/all|blocklist.de/apache|blocklist.de/mail|ziyadnz/hourly-ipv4,blocklist.de|brute-force|apache|rfi|ddos|spam|mail|ziyadnz|hourly,2026-08-17T18:48:05Z,2026-08-17T18:48:05Z,
5.167.67.195,ipv4,attack,high,WHITE,blocklist.de/all|blocklist.de/apache|blocklist.de/mail|ziyadnz/hourly-ipv4,blocklist.de|brute-force|apache|rfi|ddos|spam|mail|ziyadnz|hourly,2026-08-17T18:48:05Z,2026-08-17T18:48:05Z,
5.167.67.196,ipv4,attack,high,WHITE,blocklist.de/all|blocklist.de/apache|blocklist.de/mail|ziyadnz/hourly-ipv4,blocklist.de|brute-force|apache|rfi|ddos|spam|mail|ziyadnz|hourly,2026-08-17T18:48:05Z,2026-08-17T18:48:05Z,
5.167.67.197,ipv4,attack,high,WHITE,blocklist.de/all|blocklist.de/apache|blocklist.de/mail|ziyadnz/hourly-ipv4,blocklist.de|brute-force|apache|rfi|ddos|spam|mail|ziyadnz|hourly,2026-08-17T18:48:05Z,2026-08-17T18:48:05Z,
5.167.67.198,ipv4,attack,high,WHITE,blocklist.de/all|blocklist.de/apache|blocklist.de/mail|ziyadnz/hourly-ipv4,blocklist.de|brute-force|apache|rfi|ddos|spam|mail|ziyadnz|hourly,2026-08-17T18:48:05Z,2026-08-17T18:48:05Z,
5.167.67.199,ipv4,attack,high,WHITE,blocklist.de/all|blocklist.de/apache|blocklist.de/mail|ziyadnz/hourly-ipv4,blocklist.de|brute-force|apache|rfi|ddos|spam|mail|ziyadnz|hourly,2026-08-17T18:48:05Z,2026-08-17T18:48:05Z,
5.167.67.200,ipv4,attack,high,WHITE,blocklist.de/all|blocklist.de/apache|blocklist.de/mail|ziyadnz/hourly-ipv4,blocklist.de|brute-force|apache|rfi|ddos|spam|mail|ziyadnz|hourly,2026-08-17T18:48:05Z,2026-08-17T18:48:05Z,
5.167.67.201,ipv4,attack,high,WHITE,blocklist.de/all|blocklist.de/apache|blocklist.de/mail|ziyadnz/hourly-ipv4,blocklist.de|brute-force|apache|rfi|ddos|spam|mail|ziyadnz|hourly,2026-08-17T18:48:05Z,2026-08-17T18:48:05Z,
5.167.67.202,ipv4,attack,high,WHITE,blocklist.de/all|blocklist.de/apache|blocklist.de/mail|ziyadnz/hourly-ipv4,blocklist.de|brute-force|apache|rfi|ddos|spam|mail|ziyadnz|hourly,2026-08-17T18:48:05Z,2026-08-17T18:48:05Z,
5.167.67.203,ipv4,attack,high,WHITE,blocklist.de/all|blocklist.de/apache|blocklist.de/mail|ziyadnz/hourly-ipv4,blocklist.de|brute-force|apache|rfi|ddos|spam|mail|ziyadnz|hourly,2026-08-17T18:48:05Z,2026-08-17T18:48:05Z,
5.167.67.204,ipv4,attack,high,WHITE,blocklist.de/all|blocklist.de/apache|blocklist.de/mail|ziyadnz/hourly-ipv4,blocklist.de|brute-force|apache|rfi|ddos|spam|mail|ziyadnz|hourly,2026-08-17T18:48:05Z,2026-08-17T18:48:05Z,
5.167.67.205,ipv4,attack,high,WHITE,blocklist.de/all|blocklist.de/apache|blocklist.de/mail|ziyadnz/hourly-ipv4,blocklist.de|brute-force|apache|rfi|ddos|spam|mail|ziyadnz|hourly,2026-08-17T18:48:05Z,2026-08-17T18:48:05Z,
5.167.67.206,ipv4,attack,high,WHITE,blocklist.de/all|blocklist.de/apache|blocklist.de/mail|ziyadnz/hourly-ipv4,blocklist.de|brute-force|apache|rfi|ddos|spam|mail|ziyadnz|hourly,2026-08-17T18:48:05Z,2026-08-17T18:48:05Z,
5.167.67.207,ipv4,attack,high,WHITE,blocklist.de/all|blocklist.de/apache|blocklist.de/mail|ziyadnz/hourly-ipv4,blocklist.de|brute-force|apache|rfi|ddos|spam|mail|ziyadnz|hourly,2026-08-17T18:48:05Z,2026-08-17T18:48:05Z,
5.167.67.208,ipv4,attack,high,WHITE,blocklist.de/all|blocklist.de/apache|blocklist.de/mail|ziyadnz/hourly-ipv4,blocklist.de|brute-force|apache|rfi|ddos|spam|mail|ziyadnz|hourly,2026-08-17T18:48:05Z,2026-08-17T18:48:05Z,
5.167.67.209,ipv4,attack,high,WHITE,blocklist.de/all|blocklist.de/apache|blocklist.de/mail|ziyadnz/hourly-ipv4,blocklist.de|brute-force|apache|rfi|ddos|spam|mail|ziyadnz|hourly,2026-08-17T18:48:05Z,2026-08-17T18:48:05Z,
5.167.67.210,ipv4,attack,high,WHITE,blocklist.de/all|blocklist.de/apache|blocklist.de/mail|ziyadnz/hourly-ipv4,blocklist.de|brute-force|apache|rfi|ddos|spam|mail|ziyadnz|hourly,2026-08-17T18:48:05Z,2026-08-17T18:48:05Z,
5.167.67.211,ipv4,attack,high,WHITE,blocklist.de/all|blocklist.de/apache|blocklist.de/mail|ziyadnz/hourly-ipv4,blocklist.de|brute-force|apache|rfi|ddos|spam|mail|ziyadnz|hourly,2026-08-17T18:48:05Z,2026-08-17T18:48:05Z,
5.167.67.212,ipv4,attack,high,WHITE,blocklist.de/all|blocklist.de/apache|blocklist.de/mail|ziyadnz/hourly-ipv4,blocklist.de|brute-force|apache|rfi|ddos|spam|mail|ziyadnz|hourly,2026-08-17T18:48:05Z,2026-08-17T18:48:05Z,
5.167.67.213,ipv4,attack,high,WHITE,blocklist.de/all|blocklist.de/apache|blocklist.de/mail|ziyadnz/hourly-ipv4,blocklist.de|brute-force|apache|rfi|ddos|spam|mail|ziyadnz|hourly,2026-08-17T18:48:05Z,2026-08-17T18:48:05Z,
5.167.67.214,ipv4,attack,high,WHITE,blocklist.de/all|blocklist.de/apache|blocklist.de/mail|ziyadnz/hourly-ipv4,blocklist.de|brute-force|apache|rfi|ddos|spam|mail|ziyadnz|hourly,2026-08-17T18:48:05Z,2026-08-17T18:48:05Z,
5.167.67.215,ipv4,attack,high,WHITE,blocklist.de/all|blocklist.de/apache|blocklist.de/mail|ziyadnz/hourly-ipv4,blocklist.de|brute-force|apache|rfi|ddos|spam|mail|ziyadnz|hourly,2026-08-17T18:48:05Z,2026-08-17T18:48:05Z,
5.167.67.216,ipv4,attack,high,WHITE,blocklist.de/all|blocklist.de/apache|blocklist.de/mail|ziyadnz/hourly-ipv4,blocklist.de|brute-force|apache|rfi|ddos|spam|mail|ziyadnz|hourly,2026-08-17T18:48:05Z,2026-08-17T18:48:05Z,
5.167.67.217,ipv4,attack,high,WHITE,blocklist.de/all|blocklist.de/apache|blocklist.de/mail|ziyadnz/hourly-ipv4,blocklist.de|brute-force|apache|rfi|ddos|spam|mail|ziyadnz|hourly,2026-08-17T18:48:05Z,2026-08-17T18:48:05Z,
5.167.67.218,ipv4,attack,high,WHITE,blocklist.de/all|blocklist.de/apache|blocklist.de/mail|ziyadnz/hourly-ipv4,blocklist.de|brute-force|apache|rfi|ddos|spam|mail|ziyadnz|hourly,2026-08-17T18:48:05Z,2026-08-17T18:48:05Z,
5.167.67.219,ipv4,attack,high,WHITE,blocklist.de/all|blocklist.de/apache|blocklist.de/mail|ziyadnz/hourly-ipv4,blocklist.de|brute-force|apache|rfi|ddos|spam|mail|ziyadnz|hourly,2026-08-17T18:48:05Z,2026-08-17T18:48:05Z,
5.167.67.220,ipv4,attack,high,WHITE,blocklist.de/all|blocklist.de/apache|blocklist.de/mail|ziyadnz/hourly-ipv4,blocklist.de|brute-force|apache|rfi|ddos|spam|mail|ziyadnz|hourly,2026-08-17T18:48:05Z,2026-08-17T18:48:05Z,
5.167.67.221,ipv4,attack,high,WHITE,blocklist.de/all|blocklist.de/apache|blocklist.de/mail|ziyadnz/hourly-ipv4,blocklist.de|brute-force|apache|rfi|ddos|spam|mail|ziyadnz|hourly,2026-08-17T18:48:05Z,2026-08-17T18:48:05Z,
5.167.67.222,ipv4,attack,high,WHITE,blocklist.de/all|blocklist.de/apache|blocklist.de/mail|ziyadnz/hourly-ipv4,blocklist.de|brute-force|apache|rfi|ddos|spam|mail|ziyadnz|hourly,2026-08-17T18:48:05Z,2026-08-17T18:48:05Z,
5.167.67.223,ipv4,attack,high,WHITE,blocklist.de/all|blocklist.de/apache|blocklist.de/mail|ziyadnz/hourly-ipv4,blocklist.de|brute-force|apache|rfi|ddos|spam|mail|ziyadnz|hourly,2026-08-17T18:48:05Z,2026-08-17T18:48:05Z,
5.167.67.224,ipv4,attack,high,WHITE,blocklist.de/all|blocklist.de/apache|blocklist.de/mail|ziyadnz/hourly-ipv4,blocklist.de|brute-force|apache|rfi|ddos|spam|mail|ziyadnz|hourly,2026-08-17T18:48:05Z,2026-08-17T18:48:05Z,
5.167.67.225,ipv4,attack,high,WHITE,blocklist.de/all|blocklist.de/apache|blocklist.de/mail|ziyadnz/hourly-ipv4,blocklist.de|brute-force|apache|rfi|ddos|spam|mail|ziyadnz|hourly,2026-08-17T18:48:05Z,2026-08-17T18:48:05Z,
5.167.67.226,ipv4,attack,high,WHITE,blocklist.de/all|blocklist.de/apache|blocklist.de/mail|ziyadnz/hourly-ipv4,blocklist.de|brute-force|apache|rfi|ddos|spam|mail|ziyadnz|hourly,2026-08-17T18:48:05Z,2026-08-17T18:48:05Z,
5.167.67.227,ipv4,attack,high,WHITE,blocklist.de/all|blocklist.de/apache|blocklist.de/mail|ziyadnz/hourly-ipv4,blocklist.de|brute-force|apache|rfi|ddos|spam|mail|ziyadnz|hourly,2026-08-17T18:48:05Z,2026-08-17T18:48:05Z,
5.167.67.228,ipv4,attack,high,WHITE,blocklist.de/all|blocklist.de/apache|blocklist.de/mail|ziyadnz/hourly-ipv4,blocklist.de|brute-force|apache|rfi|ddos|spam|mail|ziyadnz|hourly,2026-08-17T18:48:05Z,2026-08-17T18:48:05Z,
5.167.67.229,ipv4,attack,high,WHITE,blocklist.de/all|blocklist.de/apache|blocklist.de/mail|ziyadnz/hourly-ipv4,blocklist.de|brute-force|apache|rfi|ddos|spam|mail|ziyadnz|hourly,2026-08-17T18:48:05Z,2026-08-17T18:48:05Z,
5.167.67.230,ipv4,attack,high,WHITE,blocklist.de/all|blocklist.de/apache|blocklist.de/mail|ziyadnz/hourly-ipv4,blocklist.de|brute-force|apache|rfi|ddos|spam|mail|ziyadnz|hourly,2026-08-17T18:48:05Z,2026-08-17T18:48:05Z,
5.167.67.231,ipv4,attack,high,WHITE,blocklist.de/all|blocklist.de/apache|blocklist.de/mail|ziyadnz/hourly-ipv4,blocklist.de|brute-force|apache|rfi|ddos|spam|mail|ziyadnz|hourly,2026-08-17T18:48:05Z,2026-08-17T18:48:05Z,
5.167.67.232,ipv4,attack,high,WHITE,blocklist.de/all|blocklist.de/apache|blocklist.de/mail|ziyadnz/hourly-ipv4,blocklist.de|brute-force|apache|rfi|ddos|spam|mail|ziyadnz|hourly,2026-08-17T18:48:05Z,2026-08-17T18:48:05Z,
5.167.67.233,ipv4,attack,high,WHITE,blocklist.de/all|blocklist.de/apache|blocklist.de/mail|ziyadnz/hourly-ipv4,blocklist.de|brute-force|apache|rfi|ddos|spam|mail|ziyadnz|hourly,2026-08-17T18:48:05Z,2026-08-17T18:48:05Z,
5.167.67.234,ipv4,attack,high,WHITE,blocklist.de/all|blocklist.de/apache|blocklist.de/mail|ziyadnz/hourly-ipv4,blocklist.de|brute-force|apache|rfi|ddos|spam|mail|ziyadnz|hourly,2026-08-17T18:48:05Z,2026-08-17T18:48:05Z,
5.167.67.235,ipv4,attack,high,WHITE,blocklist.de/all|blocklist.de/apache|blocklist.de/mail|ziyadnz/hourly-ipv4,blocklist.de|brute-force|apache|rfi|ddos|spam|mail|ziyadnz|hourly,2026-08-17T18:48:05Z,2026-08-17T18:48:05Z,
5.167.67.236,ipv4,attack,high,WHITE,blocklist.de/all|blocklist.de/apache|blocklist.de/mail|ziyadnz/hourly-ipv4,blocklist.de|brute-force|apache|rfi|ddos|spam|mail|ziyadnz|hourly,2026-08-17T18:48:05Z,2026-08-17T18:48:05Z,
5.167.67.237,ipv4,attack,high,WHITE,blocklist.de/all|blocklist.de/apache|blocklist.de/mail|ziyadnz/hourly-ipv4,blocklist.de|brute-force|apache|rfi|ddos|spam|mail|ziyadnz|hourly,2026-08-17T18:48:05Z,2026-08-17T18:48:05Z,
5.167.67.238,ipv4,attack,high,WHITE,blocklist.de/all|blocklist.de/apache|blocklist.de/mail|ziyadnz/hourly-ipv4,blocklist.de|brute-force|apache|rfi|ddos|spam|mail|ziyadnz|hourly,2026-08-17T18:48:05Z,2026-08-17T18:48:05Z,
5.167.67.239,ipv4,attack,high,WHITE,blocklist.de/all|blocklist.de/apache|blocklist.de/mail|ziyadnz/hourly-ipv4,blocklist.de|brute-force|apache|rfi|ddos|spam|mail|ziyadnz|hourly,2026-08-17T18:48:05Z,2026-08-17T18:48:05Z,
5.167.67.240,ipv4,attack,high,WHITE,blocklist.de/all|blocklist.de/apache|blocklist.de/mail|ziyadnz/hourly-ipv4,blocklist.de|brute-force|apache|rfi|ddos|spam|mail|ziyadnz|hourly,2026-08-17T18:48:05Z,2026-08-17T18:48:05Z,
5.167.67.241,ipv4,attack,high,WHITE,blocklist.de/all|blocklist.de/apache|blocklist.de/mail|ziyadnz/hourly-ipv4,blocklist.de|brute-force|apache|rfi|ddos|spam|mail|ziyadnz|hourly,2026-08-17T18:48:05Z,2026-08-17T18:48:05Z,
5.167.67.242,ipv4,attack,high,WHITE,blocklist.de/all|blocklist.de/apache|blocklist.de/mail|ziyadnz/hourly-ipv4,blocklist.de|brute-force|apache|rfi|ddos|spam|mail|ziyadnz|hourly,2026-08-17T18:48:05Z,2026-08-17T18:48:05Z,
5.167.67.243,ipv4,attack,high,WHITE,blocklist.de/all|blocklist.de/apache|blocklist.de/mail|ziyadnz/hourly-ipv4,blocklist.de|brute-force|apache|rfi|ddos|spam|mail|ziyadnz|hourly,2026-08-17T18:48:05Z,2026-08-17T18:48:05Z,
5.167.67.244,ipv4,attack,high,WHITE,blocklist.de/all|blocklist.de/apache|blocklist.de/mail|ziyadnz/hourly-ipv4,blocklist.de|brute-force|apache|rfi|ddos|spam|mail|ziyadnz|hourly,2026-08-17T18:48:05Z,2026-08-17T18:48:05Z,
5.167.67.245,ipv4,attack,high,WHITE,blocklist.de/all|blocklist.de/apache|blocklist.de/mail|ziyadnz/hourly-ipv4,blocklist.de|brute-force|apache|rfi|ddos|spam|mail|ziyadnz|hourly,2026-08-17T18:48:05Z,2026-08-17T18:48:05Z,
5.167.67.246,ipv4,attack,high,WHITE,blocklist.de/all|blocklist.de/apache|blocklist.de/mail|ziyadnz/hourly-ipv4,blocklist.de|brute-force|apache|rfi|ddos|spam|mail|ziyadnz|hourly,2026-08-17T18:48:05Z,2026-08-17T18:48:05Z,
5.167.67.247,ipv4,attack,high,WHITE,blocklist.de/all|blocklist.de/apache|blocklist.de/mail|ziyadnz/hourly-ipv4,blocklist.de|brute-force|apache|rfi|ddos|spam|mail|ziyadnz|hourly,2026-08-17T18:48:05Z,2026-08-17T18:48:05Z,
5.167.67.248,ipv4,attack,high,WHITE,blocklist.de/all|blocklist.de/apache|blocklist.de/mail|ziyadnz/hourly-ipv4,blocklist.de|brute-force|apache|rfi|ddos|spam|mail|ziyadnz|hourly,2026-08-17T18:48:05Z,2026-08-17T18:48:05Z,
5.167.67.249,ipv4,attack,high,WHITE,blocklist.de/all|blocklist.de/apache|blocklist.de/mail|ziyadnz/hourly-ipv4,blocklist.de|brute-force|apache|rfi|ddos|spam|mail|ziyadnz|hourly,2026-08-17T18:48:05Z,2026-08-17T18:48:05Z,
5.167.67.250,ipv4,attack,high,WHITE,blocklist.de/all|blocklist.de/apache|blocklist.de/mail|ziyadnz/hourly-ipv4,blocklist.de|brute-force|apache|rfi|ddos|spam|mail|ziyadnz|hourly,2026-08-17T18:48:05Z,2026-08-17T18:48:05Z,
5.167.67.251,ipv4,attack,high,WHITE,blocklist.de/all|blocklist.de/apache|blocklist.de/mail|ziyadnz/hourly-ipv4,blocklist.de|brute-force|apache|rfi|ddos|spam|mail|ziyadnz|hourly,2026-08-17T18:48:05Z,2026-08-17T18:48:05Z,
5.167.67.252,ipv4,attack,high,WHITE,blocklist.de/all|blocklist.de/apache|blocklist.de/mail|ziyadnz/hourly-ipv4,blocklist.de|brute-force|apache|rfi|ddos|spam|mail|ziyadnz|hourly,2026-08-17T18:48:05Z,2026-08-17T18:48:05Z,
5.167.67.253,ipv4,attack,high,WHITE,blocklist.de/all|blocklist.de/apache|blocklist.de/mail|ziyadnz/hourly-ipv4,blocklist.de|brute-force|apache|rfi|ddos|spam|mail|ziyadnz|hourly,2026-08-17T18:48:05Z,2026-08-17T18:48:05Z,
5.167.67.254,ipv4,attack,high,WHITE,blocklist.de/all|blocklist.de/apache|blocklist.de/mail|ziyadnz/hourly-ipv4,blocklist.de|brute-force|apache|rfi|ddos|spam|mail|ziyadnz|hourly,2026-08-17T18:48:05Z,2026-08-17T18:48:05Z,
5.167.67.255,ipv4,attack,high,WHITE,blocklist.de/all|blocklist.de/apache|blocklist.de/mail|ziyadnz/hourly-ipv4,blocklist.de|brute-force|apache|rfi|ddos|spam|mail|ziyadnz|hourly,2026-08-17T18:48:05Z,2026-08-17T18:48:05Z,
5.167.68.0,ipv4,attack,high,WHITE,blocklist.de/all|blocklist.de/apache|blocklist.de/mail|ziyadnz/hourly-ipv4,blocklist.de|brute-force|apache|rfi|ddos|spam|mail|ziyadnz|hourly,2026-08-17T18:48:05Z,2026-08-17T18:48:05Z,
5.167.68.1,ipv4,attack,high,WHITE,blocklist.de/all|blocklist.de/apache|blocklist.de/mail|ziyadnz/hourly-ipv4,blocklist.de|brute-force|apache|rfi|ddos|spam|mail|ziyadnz|hourly,2026-08-17T18:48:05Z,2026-08-17T18:48:05Z,
5.167.68.2,ipv4,attack,high,WHITE,blocklist.de/all|blocklist.de/apache|blocklist.de/mail|ziyadnz/hourly-ipv4,blocklist.de|brute-force|apache|rfi|ddos|spam|mail|ziyadnz|hourly,2026-08-17T18:48:05Z,2026-08-17T18:48:05Z,
5.167.68.3,ipv4,attack,high,WHITE,blocklist.de/all|blocklist.de/apache|blocklist.de/mail|ziyadnz/hourly-ipv4,blocklist.de|brute-force|apache|rfi|ddos|spam|mail|ziyadnz|hourly,2026-08-17T18:48:05Z,2026-08-17T18:48:05Z,
5.167.68.4,ipv4,attack,high,WHITE,blocklist.de/all|blocklist.de/apache|blocklist.de/mail|ziyadnz/hourly-ipv4,blocklist.de|brute-force|apache|rfi|ddos|spam|mail|ziyadnz|hourly,2026-08-17T18:48:05Z,2026-08-17T18:48:05Z,
5.167.68.5,ipv4,attack,high,WHITE,blocklist.de/all|blocklist.de/apache|blocklist.de/mail|ziyadnz/hourly-ipv4,blocklist.de|brute-force|apache|rfi|ddos|spam|mail|ziyadnz|hourly,2026-08-17T18:48:05Z,2026-08-17T18:48:05Z,
5.167.68.6,ipv4,attack,high,WHITE,blocklist.de/all|blocklist.de/apache|blocklist.de/mail|ziyadnz/hourly-ipv4,blocklist.de|brute-force|apache|rfi|ddos|spam|mail|ziyadnz|hourly,2026-08-17T18:48:05Z,2026-08-17T18:48:05Z,
5.167.68.7,ipv4,attack,high,WHITE,blocklist.de/all|blocklist.de/apache|blocklist.de/mail|ziyadnz/hourly-ipv4,blocklist.de|brute-force|apache|rfi|ddos|spam|mail|ziyadnz|hourly,2026-08-17T18:48:05Z,2026-08-17T18:48:05Z,
5.167.68.8,ipv4,attack,high,WHITE,blocklist.de/all|blocklist.de/apache|blocklist.de/mail|ziyadnz/hourly-ipv4,blocklist.de|brute-force|apache|rfi|ddos|spam|mail|ziyadnz|hourly,2026-08-17T18:48:05Z,2026-08-17T18:48:05Z,
5.167.68.9,ipv4,attack,high,WHITE,blocklist.de/all|blocklist.de/apache|blocklist.de/mail|ziyadnz/hourly-ipv4,blocklist.de|brute-force|apache|rfi|ddos|spam|mail|ziyadnz|hourly,2026-08-17T18:48:05Z,2026-08-17T18:48:05Z,
5.167.68.10,ipv4,attack,high,WHITE,blocklist.de/all|blocklist.de/apache|blocklist.de/mail|ziyadnz/hourly-ipv4,blocklist.de|brute-force|apache|rfi|ddos|spam|mail|ziyadnz|hourly,2026-08-17T18:48:05Z,2026-08-17T18:48:05Z,
5.167.68.11,ipv4,attack,high,WHITE,blocklist.de/all|blocklist.de/apache|blocklist.de/mail|ziyadnz/hourly-ipv4,blocklist.de|brute-force|apache|rfi|ddos|spam|mail|ziyadnz|hourly,2026-08-17T18:48:05Z,2026-08-17T18:48:05Z,
5.167.68.12,ipv4,attack,high,WHITE,blocklist.de/all|blocklist.de/apache|blocklist.de/mail|ziyadnz/hourly-ipv4,blocklist.de|brute-force|apache|rfi|ddos|spam|mail|ziyadnz|hourly,2026-08-17T18:48:05Z,2026-08-17T18:48:05Z,
5.167.68.13,ipv4,attack,high,WHITE,blocklist.de/all|blocklist.de/apache|blocklist.de/mail|ziyadnz/hourly-ipv4,blocklist.de|brute-force|apache|rfi|ddos|spam|mail|ziyadnz|hourly,2026-08-17T18:48:05Z,2026-08-17T18:48:05Z,
5.167.68.14,ipv4,attack,high,WHITE,blocklist.de/all|blocklist.de/apache|blocklist.de/mail|ziyadnz/hourly-ipv4,blocklist.de|brute-force|apache|rfi|ddos|spam|mail|ziyadnz|hourly,2026-08-17T18:48:05Z,2026-08-17T18:48:05Z,
5.167.68.15,ipv4,attack,high,WHITE,blocklist.de/all|blocklist.de/apache|blocklist.de/mail|ziyadnz/hourly-ipv4,blocklist.de|brute-force|apache|rfi|ddos|spam|mail|ziyadnz|hourly,2026-08-17T18:48:05Z,2026-08-17T18:48:05Z,
5.167.68.16,ipv4,attack,high,WHITE,blocklist.de/all|blocklist.de/apache|blocklist.de/mail|ziyadnz/hourly-ipv4,blocklist.de|brute-force|apache|rfi|ddos|spam|mail|ziyadnz|hourly,2026-08-17T18:48:05Z,2026-08-17T18:48:05Z,
5.167.68.17,ipv4,attack,high,WHITE,blocklist.de/all|blocklist.de/apache|blocklist.de/mail|ziyadnz/hourly-ipv4,blocklist.de|brute-force|apache|rfi|ddos|spam|mail|ziyadnz|hourly,2026-08-17T18:48:05Z,2026-08-17T18:48:05Z,
5.167.68.18,ipv4,attack,high,WHITE,blocklist.de/all|blocklist.de/apache|blocklist.de/mail|ziyadnz/hourly-ipv4,blocklist.de|brute-force|apache|rfi|ddos|spam|mail|ziyadnz|hourly,2026-08-17T18:48:05Z,2026-08-17T18:48:05Z,
5.167.68.19,ipv4,attack,high,WHITE,blocklist.de/all|blocklist.de/apache|blocklist.de/mail|ziyadnz/hourly-ipv4,blocklist.de|brute-force|apache|rfi|ddos|spam|mail|ziyadnz|hourly,2026-08-17T18:48:05Z,2026-08-17T18:48:05Z,
5.167.68.20,ipv4,attack,high,WHITE,blocklist.de/all|blocklist.de/apache|blocklist.de/mail|ziyadnz/hourly-ipv4,blocklist.de|brute-force|apache|rfi|ddos|spam|mail|ziyadnz|hourly,2026-08-17T18:48:05Z,2026-08-17T18:48:05Z,
5.167.68.21,ipv4,attack,high,WHITE,blocklist.de/all|blocklist.de/apache|blocklist.de/mail|ziyadnz/hourly-ipv4,blocklist.de|brute-force|apache|rfi|ddos|spam|mail|ziyadnz|hourly,2026-08-17T18:48:05Z,2026-08-17T18:48:05Z,
5.167.68.22,ipv4,attack,high,WHITE,blocklist.de/all|blocklist.de/apache|blocklist.de/mail|ziyadnz/hourly-ipv4,blocklist.de|brute-force|apache|rfi|ddos|spam|mail|ziyadnz|hourly,2026-08-17T18:48:05Z,2026-08-17T18:48:05Z,
5.167.68.23,ipv4,attack,high,WHITE,blocklist.de/all|blocklist.de/apache|blocklist.de/mail|ziyadnz/hourly-ipv4,blocklist.de|brute-force|apache|rfi|ddos|spam|mail|ziyadnz|hourly,2026-08-17T18:48:05Z,2026-08-17T18:48:05Z,
5.167.68.24,ipv4,attack,high,WHITE,blocklist.de/all|blocklist.de/apache|blocklist.de/mail|ziyadnz/hourly-ipv4,blocklist.de|brute-force|apache|rfi|ddos|spam|mail|ziyadnz|hourly,2026-08-17T18:48:05Z,2026-08-17T18:48:05Z,
5.167.68.25,ipv4,attack,high,WHITE,blocklist.de/all|blocklist.de/apache|blocklist.de/mail|ziyadnz/hourly-ipv4,blocklist.de|brute-force|apache|rfi|ddos|spam|mail|ziyadnz|hourly,2026-08-17T18:48:05Z,2026-08-17T18:48:05Z,
5.167.68.26,ipv4,attack,high,WHITE,blocklist.de/all|blocklist.de/apache|blocklist.de/mail|ziyadnz/hourly-ipv4,blocklist.de|brute-force|apache|rfi|ddos|spam|mail|ziyadnz|hourly,2026-08-17T18:48:05Z,2026-08-17T18:48:05Z,
5.167.68.27,ipv4,attack,high,WHITE,blocklist.de/all|blocklist.de/apache|blocklist.de/mail|ziyadnz/hourly-ipv4,blocklist.de|brute-force|apache|rfi|ddos|spam|mail|ziyadnz|hourly,2026-08-17T18:48:05Z,2026-08-17T18:48:05Z,
5.167.68.28,ipv4,attack,high,WHITE,blocklist.de/all|blocklist.de/apache|blocklist.de/mail|ziyadnz/hourly-ipv4,blocklist.de|brute-force|apache|rfi|ddos|spam|mail|ziyadnz|hourly,2026-08-17T18:48:05Z,2026-08-17T18:48:05Z,
5.167.68.29,ipv4,attack,high,WHITE,blocklist.de/all|blocklist.de/apache|blocklist.de/mail|ziyadnz/hourly-ipv4,blocklist.de|brute-force|apache|rfi|ddos|spam|mail|ziyadnz|hourly,2026-08-17T18:48:05Z,2026-08-17T18:48:05Z,
5.167.68.30,ipv4,attack,high,WHITE,blocklist.de/all|blocklist.de/apache|blocklist.de/mail|ziyadnz/hourly-ipv4,blocklist.de|brute-force|apache|rfi|ddos|spam|mail|ziyadnz|hourly,2026-08-17T18:48:05Z,2026-08-17T18:48:05Z,
5.167.68.31,ipv4,attack,high,WHITE,blocklist.de/all|blocklist.de/apache|blocklist.de/mail|ziyadnz/hourly-ipv4,blocklist.de|brute-force|apache|rfi|ddos|spam|mail|ziyadnz|hourly,2026-08-17T18:48:05Z,2026-08-17T18:48:05Z,
5.167.68.32,ipv4,attack,high,WHITE,blocklist.de/all|blocklist.de/apache|blocklist.de/mail|ziyadnz/hourly-ipv4,blocklist.de|brute-force|apache|rfi|ddos|spam|mail|ziyadnz|hourly,2026-08-17T18:48:05Z,2026-08-17T18:48:05Z,
5.167.68.33,ipv4,attack,high,WHITE,blocklist.de/all|blocklist.de/apache|blocklist.de/mail|ziyadnz/hourly-ipv4,blocklist.de|brute-force|apache|rfi|ddos|spam|mail|ziyadnz|hourly,2026-08-17T18:48:05Z,2026-08-17T18:48:05Z,
5.167.68.34,ipv4,attack,high,WHITE,blocklist.de/all|blocklist.de/apache|blocklist.de/mail|ziyadnz/hourly-ipv4,blocklist.de|brute-force|apache|rfi|ddos|spam|mail|ziyadnz|hourly,2026-08-17T18:48:05Z,2026-08-17T18:48:05Z,
5.167.68.35,ipv4,attack,high,WHITE,blocklist.de/all|blocklist.de/apache|blocklist.de/mail|ziyadnz/hourly-ipv4,blocklist.de|brute-force|apache|rfi|ddos|spam|mail|ziyadnz|hourly,2026-08-17T18:48:05Z,2026-08-17T18:48:05Z,
5.167.68.36,ipv4,attack,high,WHITE,blocklist.de/all|blocklist.de/apache|blocklist.de/mail|ziyadnz/hourly-ipv4,blocklist.de|brute-force|apache|rfi|ddos|spam|mail|ziyadnz|hourly,2026-08-17T18:48:05Z,2026-08-17T18:48:05Z,
5.167.68.37,ipv4,attack,high,WHITE,blocklist.de/all|blocklist.de/apache|blocklist.de/mail|ziyadnz/hourly-ipv4,blocklist.de|brute-force|apache|rfi|ddos|spam|mail|ziyadnz|hourly,2026-08-17T18:48:05Z,2026-08-17T18:48:05Z,
5.167.68.38,ipv4,attack,high,WHITE,blocklist.de/all|blocklist.de/apache|blocklist.de/mail|ziyadnz/hourly-ipv4,blocklist.de|brute-force|apache|rfi|ddos|spam|mail|ziyadnz|hourly,2026-08-17T18:48:05Z,2026-08-17T18:48:05Z,
5.167.68.39,ipv4,attack,high,WHITE,blocklist.de/all|blocklist.de/apache|blocklist.de/mail|ziyadnz/hourly-ipv4,blocklist.de|brute-force|apache|rfi|ddos|spam|mail|ziyadnz|hourly,2026-08-17T18:48:05Z,2026-08-17T18:48:05Z,
5.167.68.40,ipv4,attack,high,WHITE,blocklist.de/all|blocklist.de/apache|blocklist.de/mail|ziyadnz/hourly-ipv4,blocklist.de|brute-force|apache|rfi|ddos|spam|mail|ziyadnz|hourly,2026-08-17T18:48:05Z,2026-08-17T18:48:05Z,
5.167.68.41,ipv4,attack,high,WHITE,blocklist.de/all|blocklist.de/apache|blocklist.de/mail|ziyadnz/hourly-ipv4,blocklist.de|brute-force|apache|rfi|ddos|spam|mail|ziyadnz|hourly,2026-08-17T18:48:05Z,2026-08-17T18:48:05Z,
5.167.68.42,ipv4,attack,high,WHITE,blocklist.de/all|blocklist.de/apache|blocklist.de/mail|ziyadnz/hourly-ipv4,blocklist.de|brute-force|apache|rfi|ddos|spam|mail|ziyadnz|hourly,2026-08-17T18:48:05Z,2026-08-17T18:48:05Z,
5.167.68.43,ipv4,attack,high,WHITE,blocklist.de/all|blocklist.de/apache|blocklist.de/mail|ziyadnz/hourly-ipv4,blocklist.de|brute-force|apache|rfi|ddos|spam|mail|ziyadnz|hourly,2026-08-17T18:48:05Z,2026-08-17T18:48:05Z,
5.167.68.44,ipv4,attack,high,WHITE,blocklist.de/all|blocklist.de/apache|blocklist.de/mail|ziyadnz/hourly-ipv4,blocklist.de|brute-force|apache|rfi|ddos|spam|mail|ziyadnz|hourly,2026-08-17T18:48:05Z,2026-08-17T18:48:05Z,
5.167.68.45,ipv4,attack,high,WHITE,blocklist.de/all|blocklist.de/apache|blocklist.de/mail|ziyadnz/hourly-ipv4,blocklist.de|brute-force|apache|rfi|ddos|spam|mail|ziyadnz|hourly,2026-08-17T18:48:05Z,2026-08-17T18:48:05Z,
5.167.68.46,ipv4,attack,high,WHITE,blocklist.de/all|blocklist.de/apache|blocklist.de/mail|ziyadnz/hourly-ipv4,blocklist.de|brute-force|apache|rfi|ddos|spam|mail|ziyadnz|hourly,2026-08-17T18:48:05Z,2026-08-17T18:48:05Z,
5.167.68.47,ipv4,attack,high,WHITE,blocklist.de/all|blocklist.de/apache|blocklist.de/mail|ziyadnz/hourly-ipv4,blocklist.de|brute-force|apache|rfi|ddos|spam|mail|ziyadnz|hourly,2026-08-17T18:48:05Z,2026-08-17T18:48:05Z,
5.167.68.48,ipv4,attack,high,WHITE,blocklist.de/all|blocklist.de/apache|blocklist.de/mail|ziyadnz/hourly-ipv4,blocklist.de|brute-force|apache|rfi|ddos|spam|mail|ziyadnz|hourly,2026-08-17T18:48:05Z,2026-08-17T18:48:05Z,
5.167.68.49,ipv4,attack,high,WHITE,blocklist.de/all|blocklist.de/apache|blocklist.de/mail|ziyadnz/hourly-ipv4,blocklist.de|brute-force|apache|rfi|ddos|spam|mail|ziyadnz|hourly,2026-08-17T18:48:05Z,2026-08-17T18:48:05Z,
5.167.68.50,ipv4,attack,high,WHITE,blocklist.de/all|blocklist.de/apache|blocklist.de/mail|ziyadnz/hourly-ipv4,blocklist.de|brute-force|apache|rfi|ddos|spam|mail|ziyadnz|hourly,2026-08-17T18:48:05Z,2026-08-17T18:48:05Z,
5.167.68.51,ipv4,attack,high,WHITE,blocklist.de/all|blocklist.de/apache|blocklist.de/mail|ziyadnz/hourly-ipv4,blocklist.de|brute-force|apache|rfi|ddos|spam|mail|ziyadnz|hourly,2026-08-17T18:48:05Z,2026-08-17T18:48:05Z,
5.167.68.52,ipv4,attack,high,WHITE,blocklist.de/all|blocklist.de/apache|blocklist.de/mail|ziyadnz/hourly-ipv4,blocklist.de|brute-force|apache|rfi|ddos|spam|mail|ziyadnz|hourly,2026-08-17T18:48:05Z,2026-08-17T18:48:05Z,
5.167.68.53,ipv4,attack,high,WHITE,blocklist.de/all|blocklist.de/apache|blocklist.de/mail|ziyadnz/hourly-ipv4,blocklist.de|brute-force|apache|rfi|ddos|spam|mail|ziyadnz|hourly,2026-08-17T18:48:05Z,2026-08-17T18:48:05Z,
5.167.68.54,ipv4,attack,high,WHITE,blocklist.de/all|blocklist.de/apache|blocklist.de/mail|ziyadnz/hourly-ipv4,blocklist.de|brute-force|apache|rfi|ddos|spam|mail|ziyadnz|hourly,2026-08-17T18:48:05Z,2026-08-17T18:48:05Z,
5.167.68.55,ipv4,attack,high,WHITE,blocklist.de/all|blocklist.de/apache|blocklist.de/mail|ziyadnz/hourly-ipv4,blocklist.de|brute-force|apache|rfi|ddos|spam|mail|ziyadnz|hourly,2026-08-17T18:48:05Z,2026-08-17T18:48:05Z,
5.167.68.56,ipv4,attack,high,WHITE,blocklist.de/all|blocklist.de/apache|blocklist.de/mail|ziyadnz/hourly-ipv4,blocklist.de|brute-force|apache|rfi|ddos|spam|mail|ziyadnz|hourly,2026-08-17T18:48:05Z,2026-08-17T18:48:05Z,
5.167.68.57,ipv4,attack,high,WHITE,blocklist.de/all|blocklist.de/apache|blocklist.de/mail|ziyadnz/hourly-ipv4,blocklist.de|brute-force|apache|rfi|ddos|spam|mail|ziyadnz|hourly,2026-08-17T18:48:05Z,2026-08-17T18:48:05Z,
5.167.68.58,ipv4,attack,high,WHITE,blocklist.de/all|blocklist.de/apache|blocklist.de/mail|ziyadnz/hourly-ipv4,blocklist.de|brute-force|apache|rfi|ddos|spam|mail|ziyadnz|hourly,2026-08-17T18:48:05Z,2026-08-17T18:48:05Z,
5.167.68.59,ipv4,attack,high,WHITE,blocklist.de/all|blocklist.de/apache|blocklist.de/mail|ziyadnz/hourly-ipv4,blocklist.de|brute-force|apache|rfi|ddos|spam|mail|ziyadnz|hourly,2026-08-17T18:48:05Z,2026-08-17T18:48:05Z,
5.167.68.60,ipv4,attack,high,WHITE,blocklist.de/all|blocklist.de/apache|blocklist.de/mail|ziyadnz/hourly-ipv4,blocklist.de|brute-force|apache|rfi|ddos|spam|mail|ziyadnz|hourly,2026-08-17T18:48:05Z,2026-08-17T18:48:05Z,
5.167.68.61,ipv4,attack,high,WHITE,blocklist.de/all|blocklist.de/apache|blocklist.de/mail|ziyadnz/hourly-ipv4,blocklist.de|brute-force|apache|rfi|ddos|spam|mail|ziyadnz|hourly,2026-08-17T18:48:05Z,2026-08-17T18:48:05Z,
5.167.68.62,ipv4,attack,high,WHITE,blocklist.de/all|blocklist.de/apache|blocklist.de/mail|ziyadnz/hourly-ipv4,blocklist.de|brute-force|apache|rfi|ddos|spam|mail|ziyadnz|hourly,2026-08-17T18:48:05Z,2026-08-17T18:48:05Z,
5.167.68.63,ipv4,attack,high,WHITE,blocklist.de/all|blocklist.de/apache|blocklist.de/mail|ziyadnz/hourly-ipv4,blocklist.de|brute-force|apache|rfi|ddos|spam|mail|ziyadnz|hourly,2026-08-17T18:48:05Z,2026-08-17T18:48:05Z,
5.167.68.64,ipv4,attack,high,WHITE,blocklist.de/all|blocklist.de/apache|blocklist.de/mail|ziyadnz/hourly-ipv4,blocklist.de|brute-force|apache|rfi|ddos|spam|mail|ziyadnz|hourly,2026-08-17T18:48:05Z,2026-08-17T18:48:05Z,
5.167.68.65,ipv4,attack,high,WHITE,blocklist.de/all|blocklist.de/apache|blocklist.de/mail|ziyadnz/hourly-ipv4,blocklist.de|brute-force|apache|rfi|ddos|spam|mail|ziyadnz|hourly,2026-08-17T18:48:05Z,2026-08-17T18:48:05Z,
5.167.68.66,ipv4,attack,high,WHITE,blocklist.de/all|blocklist.de/apache|blocklist.de/mail|ziyadnz/hourly-ipv4,blocklist.de|brute-force|apache|rfi|ddos|spam|mail|ziyadnz|hourly,2026-08-17T18:48:05Z,2026-08-17T18:48:05Z,
5.167.68.67,ipv4,attack,high,WHITE,blocklist.de/all|blocklist.de/apache|blocklist.de/mail|ziyadnz/hourly-ipv4,blocklist.de|brute-force|apache|rfi|ddos|spam|mail|ziyadnz|hourly,2026-08-17T18:48:05Z,2026-08-17T18:48:05Z,
5.167.68.68,ipv4,attack,high,WHITE,blocklist.de/all|blocklist.de/apache|blocklist.de/mail|ziyadnz/hourly-ipv4,blocklist.de|brute-force|apache|rfi|ddos|spam|mail|ziyadnz|hourly,2026-08-17T18:48:05Z,2026-08-17T18:48:05Z,
5.167.68.69,ipv4,attack,high,WHITE,blocklist.de/all|blocklist.de/apache|blocklist.de/mail|ziyadnz/hourly-ipv4,blocklist.de|brute-force|apache|rfi|ddos|spam|mail|ziyadnz|hourly,2026-08-17T18:48:05Z,2026-08-17T18:48:05Z,
5.167.68.70,ipv4,attack,high,WHITE,blocklist.de/all|blocklist.de/apache|blocklist.de/mail|ziyadnz/hourly-ipv4,blocklist.de|brute-force|apache|rfi|ddos|spam|mail|ziyadnz|hourly,2026-08-17T18:48:05Z,2026-08-17T18:48:05Z,
5.167.68.71,ipv4,attack,high,WHITE,blocklist.de/all|blocklist.de/apache|blocklist.de/mail|ziyadnz/hourly-ipv4,blocklist.de|brute-force|apache|rfi|ddos|spam|mail|ziyadnz|hourly,2026-08-17T18:48:05Z,2026-08-17T18:48:05Z,
5.167.68.72,ipv4,attack,high,WHITE,blocklist.de/all|blocklist.de/apache|blocklist.de/mail|ziyadnz/hourly-ipv4,blocklist.de|brute-force|apache|rfi|ddos|spam|mail|ziyadnz|hourly,2026-08-17T18:48:05Z,2026-08-17T18:48:05Z,
5.167.68.73,ipv4,attack,high,WHITE,blocklist.de/all|blocklist.de/apache|blocklist.de/mail|ziyadnz/hourly-ipv4,blocklist.de|brute-force|apache|rfi|ddos|spam|mail|ziyadnz|hourly,2026-08-17T18:48:05Z,2026-08-17T18:48:05Z,
5.167.68.74,ipv4,attack,high,WHITE,blocklist.de/all|blocklist.de/apache|blocklist.de/mail|ziyadnz/hourly-ipv4,blocklist.de|brute-force|apache|rfi|ddos|spam|mail|ziyadnz|hourly,2026-08-17T18:48:05Z,2026-08-17T18:48:05Z,
5.167.68.75,ipv4,attack,high,WHITE,blocklist.de/all|blocklist.de/apache|blocklist.de/mail|ziyadnz/hourly-ipv4,blocklist.de|brute-force|apache|rfi|ddos|spam|mail|ziyadnz|hourly,2026-08-17T18:48:05Z,2026-08-17T18:48:05Z,
5.167.68.76,ipv4,attack,high,WHITE,blocklist.de/all|blocklist.de/apache|blocklist.de/mail|ziyadnz/hourly-ipv4,blocklist.de|brute-force|apache|rfi|ddos|spam|mail|ziyadnz|hourly,2026-08-17T18:48:05Z,2026-08-17T18:48:05Z,
5.167.68.77,ipv4,attack,high,WHITE,blocklist.de/all|blocklist.de/apache|blocklist.de/mail|ziyadnz/hourly-ipv4,blocklist.de|brute-force|apache|rfi|ddos|spam|mail|ziyadnz|hourly,2026-08-17T18:48:05Z,2026-08-17T18:48:05Z,
5.167.68.78,ipv4,attack,high,WHITE,blocklist.de/all|blocklist.de/apache|blocklist.de/mail|ziyadnz/hourly-ipv4,blocklist.de|brute-force|apache|rfi|ddos|spam|mail|ziyadnz|hourly,2026-08-17T18:48:05Z,2026-08-17T18:48:05Z,
5.167.68.79,ipv4,attack,high,WHITE,blocklist.de/all|blocklist.de/apache|blocklist.de/mail|ziyadnz/hourly-ipv4,blocklist.de|brute-force|apache|rfi|ddos|spam|mail|ziyadnz|hourly,2026-08-17T18:48:05Z,2026-08-17T18:48:05Z,
5.167.68.80,ipv4,attack,high,WHITE,blocklist.de/all|blocklist.de/apache|blocklist.de/mail|ziyadnz/hourly-ipv4,blocklist.de|brute-force|apache|rfi|ddos|spam|mail|ziyadnz|hourly,2026-08-17T18:48:05Z,2026-08-17T18:48:05Z,
5.167.68.81,ipv4,attack,high,WHITE,blocklist.de/all|blocklist.de/apache|blocklist.de/mail|ziyadnz/hourly-ipv4,blocklist.de|brute-force|apache|rfi|ddos|spam|mail|ziyadnz|hourly,2026-08-17T18:48:05Z,2026-08-17T18:48:05Z,
5.167.68.82,ipv4,attack,high,WHITE,blocklist.de/all|blocklist.de/apache|blocklist.de/mail|ziyadnz/hourly-ipv4,blocklist.de|brute-force|apache|rfi|ddos|spam|mail|ziyadnz|hourly,2026-08-17T18:48:05Z,2026-08-17T18:48:05Z,
5.167.68.83,ipv4,attack,high,WHITE,blocklist.de/all|blocklist.de/apache|blocklist.de/mail|ziyadnz/hourly-ipv4,blocklist.de|brute-force|apache|rfi|ddos|spam|mail|ziyadnz|hourly,2026-08-17T18:48:05Z,2026-08-17T18:48:05Z,
5.167.68.84,ipv4,attack,high,WHITE,blocklist.de/all|blocklist.de/apache|blocklist.de/mail|ziyadnz/hourly-ipv4,blocklist.de|brute-force|apache|rfi|ddos|spam|mail|ziyadnz|hourly,2026-08-17T18:48:05Z,2026-08-17T18:48:05Z,
5.167.68.85,ipv4,attack,high,WHITE,blocklist.de/all|blocklist.de/apache|blocklist.de/mail|ziyadnz/hourly-ipv4,blocklist.de|brute-force|apache|rfi|ddos|spam|mail|ziyadnz|hourly,2026-08-17T18:48:05Z,2026-08-17T18:48:05Z,
5.167.68.86,ipv4,attack,high,WHITE,blocklist.de/all|blocklist.de/apache|blocklist.de/mail|ziyadnz/hourly-ipv4,blocklist.de|brute-force|apache|rfi|ddos|spam|mail|ziyadnz|hourly,2026-08-17T18:48:05Z,2026-08-17T18:48:05Z,
5.167.68.87,ipv4,attack,high,WHITE,blocklist.de/all|blocklist.de/apache|blocklist.de/mail|ziyadnz/hourly-ipv4,blocklist.de|brute-force|apache|rfi|ddos|spam|mail|ziyadnz|hourly,2026-08-17T18:48:05Z,2026-08-17T18:48:05Z,
5.167.68.88,ipv4,attack,high,WHITE,blocklist.de/all|blocklist.de/apache|blocklist.de/mail|ziyadnz/hourly-ipv4,blocklist.de|brute-force|apache|rfi|ddos|spam|mail|ziyadnz|hourly,2026-08-17T18:48:05Z,2026-08-17T18:48:05Z,
5.167.68.89,ipv4,attack,high,WHITE,blocklist.de/all|blocklist.de/apache|blocklist.de/mail|ziyadnz/hourly-ipv4,blocklist.de|brute-force|apache|rfi|ddos|spam|mail|ziyadnz|hourly,2026-08-17T18:48:05Z,2026-08-17T18:48:05Z,
5.167.68.90,ipv4,attack,high,WHITE,blocklist.de/all|blocklist.de/apache|blocklist.de/mail|ziyadnz/hourly-ipv4,blocklist.de|brute-force|apache|rfi|ddos|spam|mail|ziyadnz|hourly,2026-08-17T18:48:05Z,2026-08-17T18:48:05Z,
5.167.68.91,ipv4,attack,high,WHITE,blocklist.de/all|blocklist.de/apache|blocklist.de/mail|ziyadnz/hourly-ipv4,blocklist.de|brute-force|apache|rfi|ddos|spam|mail|ziyadnz|hourly,2026-08-17T18:48:05Z,2026-08-17T18:48:05Z,
5.167.68.92,ipv4,attack,high,WHITE,blocklist.de/all|blocklist.de/apache|blocklist.de/mail|ziyadnz/hourly-ipv4,blocklist.de|brute-force|apache|rfi|ddos|spam|mail|ziyadnz|hourly,2026-08-17T18:48:05Z,2026-08-17T18:48:05Z,
5.167.68.93,ipv4,attack,high,WHITE,blocklist.de/all|blocklist.de/apache|blocklist.de/mail|ziyadnz/hourly-ipv4,blocklist.de|brute-force|apache|rfi|ddos|spam|mail|ziyadnz|hourly,2026-08-17T18:48:05Z,2026-08-17T18:48:05Z,
5.167.68.94,ipv4,attack,high,WHITE,blocklist.de/all|blocklist.de/apache|blocklist.de/mail|ziyadnz/hourly-ipv4,blocklist.de|brute-force|apache|rfi|ddos|spam|mail|ziyadnz|hourly,2026-08-17T18:48:05Z,2026-08-17T18:48:05Z,
5.167.68.95,ipv4,attack,high,WHITE,blocklist.de/all|blocklist.de/apache|blocklist.de/mail|ziyadnz/hourly-ipv4,blocklist.de|brute-force|apache|rfi|ddos|spam|mail|ziyadnz|hourly,2026-08-17T18:48:05Z,2026-08-17T18:48:05Z,
5.167.68.96,ipv4,attack,high,WHITE,blocklist.de/all|blocklist.de/apache|blocklist.de/mail|ziyadnz/hourly-ipv4,blocklist.de|brute-force|apache|rfi|ddos|spam|mail|ziyadnz|hourly,2026-08-17T18:48:05Z,2026-08-17T18:48:05Z,
5.167.68.97,ipv4,attack,high,WHITE,blocklist.de/all|blocklist.de/apache|blocklist.de/mail|ziyadnz/hourly-ipv4,blocklist.de|brute-force|apache|rfi|ddos|spam|mail|ziyadnz|hourly,2026-08-17T18:48:05Z,2026-08-17T18:48:05Z,
5.167.68.98,ipv4,attack,high,WHITE,blocklist.de/all|blocklist.de/apache|blocklist.de/mail|ziyadnz/hourly-ipv4,blocklist.de|brute-force|apache|rfi|ddos|spam|mail|ziyadnz|hourly,2026-08-17T18:48:05Z,2026-08-17T18:48:05Z,
5.167.68.99,ipv4,attack,high,WHITE,blocklist.de/all|blocklist.de/apache|blocklist.de/mail|ziyadnz/hourly-ipv4,blocklist.de|brute-force|apache|rfi|ddos|spam|mail|ziyadnz|hourly,2026-08-17T18:48:05Z,2026-08-17T18:48:05Z,
5.167.68.100,ipv4,attack,high,WHITE,blocklist.de/all|blocklist.de/apache|blocklist.de/mail|ziyadnz/hourly-ipv4,blocklist.de|brute-force|apache|rfi|ddos|spam|mail|ziyadnz|hourly,2026-08-17T18:48:05Z,2026-08-17T18:48:05Z,
5.167.68.101,ipv4,attack,high,WHITE,blocklist.de/all|blocklist.de/apache|blocklist.de/mail|ziyadnz/hourly-ipv4,blocklist.de|brute-force|apache|rfi|ddos|spam|mail|ziyadnz|hourly,2026-08-17T18:48:05Z,2026-08-17T18:48:05Z,
5.167.68.102,ipv4,attack,high,WHITE,blocklist.de/all|blocklist.de/apache|blocklist.de/mail|ziyadnz/hourly-ipv4,blocklist.de|brute-force|apache|rfi|ddos|spam|mail|ziyadnz|hourly,2026-08-17T18:48:05Z,2026-08-17T18:48:05Z,
5.167.68.103,ipv4,attack,high,WHITE,blocklist.de/all|blocklist.de/apache|blocklist.de/mail|ziyadnz/hourly-ipv4,blocklist.de|brute-force|apache|rfi|ddos|spam|mail|ziyadnz|hourly,2026-08-17T18:48:05Z,2026-08-17T18:48:05Z,
5.167.68.104,ipv4,attack,high,WHITE,blocklist.de/all|blocklist.de/apache|blocklist.de/mail|ziyadnz/hourly-ipv4,blocklist.de|brute-force|apache|rfi|ddos|spam|mail|ziyadnz|hourly,2026-08-17T18:48:05Z,2026-08-17T18:48:05Z,
5.167.68.105,ipv4,attack,high,WHITE,blocklist.de/all|blocklist.de/apache|blocklist.de/mail|ziyadnz/hourly-ipv4,blocklist.de|brute-force|apache|rfi|ddos|spam|mail|ziyadnz|hourly,2026-08-17T18:48:05Z,2026-08-17T18:48:05Z,
5.167.68.106,ipv4,attack,high,WHITE,blocklist.de/all|blocklist.de/apache|blocklist.de/mail|ziyadnz/hourly-ipv4,blocklist.de|brute-force|apache|rfi|ddos|spam|mail|ziyadnz|hourly,2026-08-17T18:48:05Z,2026-08-17T18:48:05Z,
5.167.68.107,ipv4,attack,high,WHITE,blocklist.de/all|blocklist.de/apache|blocklist.de/mail|ziyadnz/hourly-ipv4,blocklist.de|brute-force|apache|rfi|ddos|spam|mail|ziyadnz|hourly,2026-08-17T18:48:05Z,2026-08-17T18:48:05Z,
5.167.68.108,ipv4,attack,high,WHITE,blocklist.de/all|blocklist.de/apache|blocklist.de/mail|ziyadnz/hourly-ipv4,blocklist.de|brute-force|apache|rfi|ddos|spam|mail|ziyadnz|hourly,2026-08-17T18:48:05Z,2026-08-17T18:48:05Z,
5.167.68.109,ipv4,attack,high,WHITE,blocklist.de/all|blocklist.de/apache|blocklist.de/mail|ziyadnz/hourly-ipv4,blocklist.de|brute-force|apache|rfi|ddos|spam|mail|ziyadnz|hourly,2026-08-17T18:48:05Z,2026-08-17T18:48:05Z,
5.167.68.110,ipv4,attack,high,WHITE,blocklist.de/all|blocklist.de/apache|blocklist.de/mail|ziyadnz/hourly-ipv4,blocklist.de|brute-force|apache|rfi|ddos|spam|mail|ziyadnz|hourly,2026-08-17T18:48:05Z,2026-08-17T18:48:05Z,
5.167.68.111,ipv4,attack,high,WHITE,blocklist.de/all|blocklist.de/apache|blocklist.de/mail|ziyadnz/hourly-ipv4,blocklist.de|brute-force|apache|rfi|ddos|spam|mail|ziyadnz|hourly,2026-08-17T18:48:05Z,2026-08-17T18:48:05Z,
5.167.68.112,ipv4,attack,high,WHITE,blocklist.de/all|blocklist.de/apache|blocklist.de/mail|ziyadnz/hourly-ipv4,blocklist.de|brute-force|apache|rfi|ddos|spam|mail|ziyadnz|hourly,2026-08-17T18:48:05Z,2026-08-17T18:48:05Z,
5.167.68.113,ipv4,attack,high,WHITE,blocklist.de/all|blocklist.de/apache|blocklist.de/mail|ziyadnz/hourly-ipv4,blocklist.de|brute-force|apache|rfi|ddos|spam|mail|ziyadnz|hourly,2026-08-17T18:48:05Z,2026-08-17T18:48:05Z,
5.167.68.114,ipv4,attack,high,WHITE,blocklist.de/all|blocklist.de/apache|blocklist.de/mail|ziyadnz/hourly-ipv4,blocklist.de|brute-force|apache|rfi|ddos|spam|mail|ziyadnz|hourly,2026-08-17T18:48:05Z,2026-08-17T18:48:05Z,
5.167.68.115,ipv4,attack,high,WHITE,blocklist.de/all|blocklist.de/apache|blocklist.de/mail|ziyadnz/hourly-ipv4,blocklist.de|brute-force|apache|rfi|ddos|spam|mail|ziyadnz|hourly,2026-08-17T18:48:05Z,2026-08-17T18:48:05Z,
5.167.68.116,ipv4,attack,high,WHITE,blocklist.de/all|blocklist.de/apache|blocklist.de/mail|ziyadnz/hourly-ipv4,blocklist.de|brute-force|apache|rfi|ddos|spam|mail|ziyadnz|hourly,2026-08-17T18:48:05Z,2026-08-17T18:48:05Z,
5.167.68.117,ipv4,attack,high,WHITE,blocklist.de/all|blocklist.de/apache|blocklist.de/mail|ziyadnz/hourly-ipv4,blocklist.de|brute-force|apache|rfi|ddos|spam|mail|ziyadnz|hourly,2026-08-17T18:48:05Z,2026-08-17T18:48:05Z,
5.167.68.118,ipv4,attack,high,WHITE,blocklist.de/all|blocklist.de/apache|blocklist.de/mail|ziyadnz/hourly-ipv4,blocklist.de|brute-force|apache|rfi|ddos|spam|mail|ziyadnz|hourly,2026-08-17T18:48:05Z,2026-08-17T18:48:05Z,
5.167.68.119,ipv4,attack,high,WHITE,blocklist.de/all|blocklist.de/apache|blocklist.de/mail|ziyadnz/hourly-ipv4,blocklist.de|brute-force|apache|rfi|ddos|spam|mail|ziyadnz|hourly,2026-08-17T18:48:05Z,2026-08-17T18:48:05Z,
5.167.68.120,ipv4,attack,high,WHITE,blocklist.de/all|blocklist.de/apache|blocklist.de/mail|ziyadnz/hourly-ipv4,blocklist.de|brute-force|apache|rfi|ddos|spam|mail|ziyadnz|hourly,2026-08-17T18:48:05Z,2026-08-17T18:48:05Z,
5.167.68.121,ipv4,attack,high,WHITE,blocklist.de/all|blocklist.de/apache|blocklist.de/mail|ziyadnz/hourly-ipv4,blocklist.de|brute-force|apache|rfi|ddos|spam|mail|ziyadnz|hourly,2026-08-17T18:48:05Z,2026-08-17T18:48:05Z,
5.167.68.122,ipv4,attack,high,WHITE,blocklist.de/all|blocklist.de/apache|blocklist.de/mail|ziyadnz/hourly-ipv4,blocklist.de|brute-force|apache|rfi|ddos|spam|mail|ziyadnz|hourly,2026-08-17T18:48:05Z,2026-08-17T18:48:05Z,
5.167.68.123,ipv4,attack,high,WHITE,blocklist.de/all|blocklist.de/apache|blocklist.de/mail|ziyadnz/hourly-ipv4,blocklist.de|brute-force|apache|rfi|ddos|spam|mail|ziyadnz|hourly,2026-08-17T18:48:05Z,2026-08-17T18:48:05Z,
5.167.68.124,ipv4,attack,high,WHITE,blocklist.de/all|blocklist.de/apache|blocklist.de/mail|ziyadnz/hourly-ipv4,blocklist.de|brute-force|apache|rfi|ddos|spam|mail|ziyadnz|hourly,2026-08-17T18:48:05Z,2026-08-17T18:48:05Z,
5.167.68.125,ipv4,attack,high,WHITE,blocklist.de/all|blocklist.de/apache|blocklist.de/mail|ziyadnz/hourly-ipv4,blocklist.de|brute-force|apache|rfi|ddos|spam|mail|ziyadnz|hourly,2026-08-17T18:48:05Z,2026-08-17T18:48:05Z,
5.167.68.126,ipv4,attack,high,WHITE,blocklist.de/all|blocklist.de/apache|blocklist.de/mail|ziyadnz/hourly-ipv4,blocklist.de|brute-force|apache|rfi|ddos|spam|mail|ziyadnz|hourly,2026-08-17T18:48:05Z,2026-08-17T18:48:05Z,
5.167.68.127,ipv4,attack,high,WHITE,blocklist.de/all|blocklist.de/apache|blocklist.de/mail|ziyadnz/hourly-ipv4,blocklist.de|brute-force|apache|rfi|ddos|spam|mail|ziyadnz|hourly,2026-08-17T18:48:05Z,2026-08-17T18:48:05Z,
5.167.68.128,ipv4,attack,high,WHITE,blocklist.de/all|blocklist.de/apache|blocklist.de/mail|ziyadnz/hourly-ipv4,blocklist.de|brute-force|apache|rfi|ddos|spam|mail|ziyadnz|hourly,2026-08-17T18:48:05Z,2026-08-17T18:48:05Z,
5.167.68.129,ipv4,attack,high,WHITE,blocklist.de/all|blocklist.de/apache|blocklist.de/mail|ziyadnz/hourly-ipv4,blocklist.de|brute-force|apache|rfi|ddos|spam|mail|ziyadnz|hourly,2026-08-17T18:48:05Z,2026-08-17T18:48:05Z,
5.167.68.130,ipv4,attack,high,WHITE,blocklist.de/all|blocklist.de/apache|blocklist.de/mail|ziyadnz/hourly-ipv4,blocklist.de|brute-force|apache|rfi|ddos|spam|mail|ziyadnz|hourly,2026-08-17T18:48:05Z,2026-08-17T18:48:05Z,
5.167.68.131,ipv4,attack,high,WHITE,blocklist.de/all|blocklist.de/apache|blocklist.de/mail|ziyadnz/hourly-ipv4,blocklist.de|brute-force|apache|rfi|ddos|spam|mail|ziyadnz|hourly,2026-08-17T18:48:05Z,2026-08-17T18:48:05Z,
5.167.68.132,ipv4,attack,high,WHITE,blocklist.de/all|blocklist.de/apache|blocklist.de/mail|ziyadnz/hourly-ipv4,blocklist.de|brute-force|apache|rfi|ddos|spam|mail|ziyadnz|hourly,2026-08-17T18:48:05Z,2026-08-17T18:48:05Z,
5.167.68.133,ipv4,attack,high,WHITE,blocklist.de/all|blocklist.de/apache|blocklist.de/mail|ziyadnz/hourly-ipv4,blocklist.de|brute-force|apache|rfi|ddos|spam|mail|ziyadnz|hourly,2026-08-17T18:48:05Z,2026-08-17T18:48:05Z,
5.167.68.134,ipv4,attack,high,WHITE,blocklist.de/all|blocklist.de/apache|blocklist.de/mail|ziyadnz/hourly-ipv4,blocklist.de|brute-force|apache|rfi|ddos|spam|mail|ziyadnz|hourly,2026-08-17T18:48:05Z,2026-08-17T18:48:05Z,
5.167.68.135,ipv4,attack,high,WHITE,blocklist.de/all|blocklist.de/apache|blocklist.de/mail|ziyadnz/hourly-ipv4,blocklist.de|brute-force|apache|rfi|ddos|spam|mail|ziyadnz|hourly,2026-08-17T18:48:05Z,2026-08-17T18:48:05Z,
5.167.68.136,ipv4,attack,high,WHITE,blocklist.de/all|blocklist.de/apache|blocklist.de/mail|ziyadnz/hourly-ipv4,blocklist.de|brute-force|apache|rfi|ddos|spam|mail|ziyadnz|hourly,2026-08-17T18:48:05Z,2026-08-17T18:48:05Z,
5.167.68.137,ipv4,attack,high,WHITE,blocklist.de/all|blocklist.de/apache|blocklist.de/mail|ziyadnz/hourly-ipv4,blocklist.de|brute-force|apache|rfi|ddos|spam|mail|ziyadnz|hourly,2026-08-17T18:48:05Z,2026-08-17T18:48:05Z,
5.167.68.138,ipv4,attack,high,WHITE,blocklist.de/all|blocklist.de/apache|blocklist.de/mail|ziyadnz/hourly-ipv4,blocklist.de|brute-force|apache|rfi|ddos|spam|mail|ziyadnz|hourly,2026-08-17T18:48:05Z,2026-08-17T18:48:05Z,
5.167.68.139,ipv4,attack,high,WHITE,blocklist.de/all|blocklist.de/apache|blocklist.de/mail|ziyadnz/hourly-ipv4,blocklist.de|brute-force|apache|rfi|ddos|spam|mail|ziyadnz|hourly,2026-08-17T18:48:05Z,2026-08-17T18:48:05Z,
5.167.68.140,ipv4,attack,high,WHITE,blocklist.de/all|blocklist.de/apache|blocklist.de/mail|ziyadnz/hourly-ipv4,blocklist.de|brute-force|apache|rfi|ddos|spam|mail|ziyadnz|hourly,2026-08-17T18:48:05Z,2026-08-17T18:48:05Z,
5.167.68.141,ipv4,attack,high,WHITE,blocklist.de/all|blocklist.de/apache|blocklist.de/mail|ziyadnz/hourly-ipv4,blocklist.de|brute-force|apache|rfi|ddos|spam|mail|ziyadnz|hourly,2026-08-17T18:48:05Z,2026-08-17T18:48:05Z,
5.167.68.142,ipv4,attack,high,WHITE,blocklist.de/all|blocklist.de/apache|blocklist.de/mail|ziyadnz/hourly-ipv4,blocklist.de|brute-force|apache|rfi|ddos|spam|mail|ziyadnz|hourly,2026-08-17T18:48:05Z,2026-08-17T18:48:05Z,
5.167.68.143,ipv4,attack,high,WHITE,blocklist.de/all|blocklist.de/apache|blocklist.de/mail|ziyadnz/hourly-ipv4,blocklist.de|brute-force|apache|rfi|ddos|spam|mail|ziyadnz|hourly,2026-08-17T18:48:05Z,2026-08-17T18:48:05Z,
5.167.68.144,ipv4,attack,high,WHITE,blocklist.de/all|blocklist.de/apache|blocklist.de/mail|ziyadnz/hourly-ipv4,blocklist.de|brute-force|apache|rfi|ddos|spam|mail|ziyadnz|hourly,2026-08-17T18:48:05Z,2026-08-17T18:48:05Z,
5.167.68.145,ipv4,attack,high,WHITE,blocklist.de/all|blocklist.de/apache|blocklist.de/mail|ziyadnz/hourly-ipv4,blocklist.de|brute-force|apache|rfi|ddos|spam|mail|ziyadnz|hourly,2026-08-17T18:48:05Z,2026-08-17T18:48:05Z,
5.167.68.146,ipv4,attack,high,WHITE,blocklist.de/all|blocklist.de/apache|blocklist.de/mail|ziyadnz/hourly-ipv4,blocklist.de|brute-force|apache|rfi|ddos|spam|mail|ziyadnz|hourly,2026-08-17T18:48:05Z,2026-08-17T18:48:05Z,
5.167.68.147,ipv4,attack,high,WHITE,blocklist.de/all|blocklist.de/apache|blocklist.de/mail|ziyadnz/hourly-ipv4,blocklist.de|brute-force|apache|rfi|ddos|spam|mail|ziyadnz|hourly,2026-08-17T18:48:05Z,2026-08-17T18:48:05Z,
5.167.68.148,ipv4,attack,high,WHITE,blocklist.de/all|blocklist.de/apache|blocklist.de/mail|ziyadnz/hourly-ipv4,blocklist.de|brute-force|apache|rfi|ddos|spam|mail|ziyadnz|hourly,2026-08-17T18:48:05Z,2026-08-17T18:48:05Z,
5.167.68.149,ipv4,attack,high,WHITE,blocklist.de/all|blocklist.de/apache|blocklist.de/mail|ziyadnz/hourly-ipv4,blocklist.de|brute-force|apache|rfi|ddos|spam|mail|ziyadnz|hourly,2026-08-17T18:48:05Z,2026-08-17T18:48:05Z,
5.167.68.150,ipv4,attack,high,WHITE,blocklist.de/all|blocklist.de/apache|blocklist.de/mail|ziyadnz/hourly-ipv4,blocklist.de|brute-force|apache|rfi|ddos|spam|mail|ziyadnz|hourly,2026-08-17T18:48:05Z,2026-08-17T18:48:05Z,
5.167.68.151,ipv4,attack,high,WHITE,blocklist.de/all|blocklist.de/apache|blocklist.de/mail|ziyadnz/hourly-ipv4,blocklist.de|brute-force|apache|rfi|ddos|spam|mail|ziyadnz|hourly,2026-08-17T18:48:05Z,2026-08-17T18:48:05Z,
5.167.68.152,ipv4,attack,high,WHITE,blocklist.de/all|blocklist.de/apache|blocklist.de/mail|ziyadnz/hourly-ipv4,blocklist.de|brute-force|apache|rfi|ddos|spam|mail|ziyadnz|hourly,2026-08-17T18:48:05Z,2026-08-17T18:48:05Z,
5.167.68.153,ipv4,attack,high,WHITE,blocklist.de/all|blocklist.de/apache|blocklist.de/mail|ziyadnz/hourly-ipv4,blocklist.de|brute-force|apache|rfi|ddos|spam|mail|ziyadnz|hourly,2026-08-17T18:48:05Z,2026-08-17T18:48:05Z,
5.167.68.154,ipv4,attack,high,WHITE,blocklist.de/all|blocklist.de/apache|blocklist.de/mail|ziyadnz/hourly-ipv4,blocklist.de|brute-force|apache|rfi|ddos|spam|mail|ziyadnz|hourly,2026-08-17T18:48:05Z,2026-08-17T18:48:05Z,
5.167.68.155,ipv4,attack,high,WHITE,blocklist.de/all|blocklist.de/apache|blocklist.de/mail|ziyadnz/hourly-ipv4,blocklist.de|brute-force|apache|rfi|ddos|spam|mail|ziyadnz|hourly,2026-08-17T18:48:05Z,2026-08-17T18:48:05Z,
5.167.68.156,ipv4,attack,high,WHITE,blocklist.de/all|blocklist.de/apache|blocklist.de/mail|ziyadnz/hourly-ipv4,blocklist.de|brute-force|apache|rfi|ddos|spam|mail|ziyadnz|hourly,2026-08-17T18:48:05Z,2026-08-17T18:48:05Z,
5.167.68.157,ipv4,attack,high,WHITE,blocklist.de/all|blocklist.de/apache|blocklist.de/mail|ziyadnz/hourly-ipv4,blocklist.de|brute-force|apache|rfi|ddos|spam|mail|ziyadnz|hourly,2026-08-17T18:48:05Z,2026-08-17T18:48:05Z,
5.167.68.158,ipv4,attack,high,WHITE,blocklist.de/all|blocklist.de/apache|blocklist.de/mail|ziyadnz/hourly-ipv4,blocklist.de|brute-force|apache|rfi|ddos|spam|mail|ziyadnz|hourly,2026-08-17T18:48:05Z,2026-08-17T18:48:05Z,
5.167.68.159,ipv4,attack,high,WHITE,blocklist.de/all|blocklist.de/apache|blocklist.de/mail|ziyadnz/hourly-ipv4,blocklist.de|brute-force|apache|rfi|ddos|spam|mail|ziyadnz|hourly,2026-08-17T18:48:05Z,2026-08-17T18:48:05Z,
5.167.68.160,ipv4,attack,high,WHITE,blocklist.de/all|blocklist.de/apache|blocklist.de/mail|ziyadnz/hourly-ipv4,blocklist.de|brute-force|apache|rfi|ddos|spam|mail|ziyadnz|hourly,2026-08-17T18:48:05Z,2026-08-17T18:48:05Z,
5.167.68.161,ipv4,attack,high,WHITE,blocklist.de/all|blocklist.de/apache|blocklist.de/mail|ziyadnz/hourly-ipv4,blocklist.de|brute-force|apache|rfi|ddos|spam|mail|ziyadnz|hourly,2026-08-17T18:48:05Z,2026-08-17T18:48:05Z,
5.167.68.162,ipv4,attack,high,WHITE,blocklist.de/all|blocklist.de/apache|blocklist.de/mail|ziyadnz/hourly-ipv4,blocklist.de|brute-force|apache|rfi|ddos|spam|mail|ziyadnz|hourly,2026-08-17T18:48:05Z,2026-08-17T18:48:05Z,
5.167.68.163,ipv4,attack,high,WHITE,blocklist.de/all|blocklist.de/apache|blocklist.de/mail|ziyadnz/hourly-ipv4,blocklist.de|brute-force|apache|rfi|ddos|spam|mail|ziyadnz|hourly,2026-08-17T18:48:05Z,2026-08-17T18:48:05Z,
5.167.68.164,ipv4,attack,high,WHITE,blocklist.de/all|blocklist.de/apache|blocklist.de/mail|ziyadnz/hourly-ipv4,blocklist.de|brute-force|apache|rfi|ddos|spam|mail|ziyadnz|hourly,2026-08-17T18:48:05Z,2026-08-17T18:48:05Z,
5.167.68.165,ipv4,attack,high,WHITE,blocklist.de/all|blocklist.de/apache|blocklist.de/mail|ziyadnz/hourly-ipv4,blocklist.de|brute-force|apache|rfi|ddos|spam|mail|ziyadnz|hourly,2026-08-17T18:48:05Z,2026-08-17T18:48:05Z,
5.167.68.166,ipv4,attack,high,WHITE,blocklist.de/all|blocklist.de/apache|blocklist.de/mail|ziyadnz/hourly-ipv4,blocklist.de|brute-force|apache|rfi|ddos|spam|mail|ziyadnz|hourly,2026-08-17T18:48:05Z,2026-08-17T18:48:05Z,
5.167.68.167,ipv4,attack,high,WHITE,blocklist.de/all|blocklist.de/apache|blocklist.de/mail|ziyadnz/hourly-ipv4,blocklist.de|brute-force|apache|rfi|ddos|spam|mail|ziyadnz|hourly,2026-08-17T18:48:05Z,2026-08-17T18:48:05Z,
5.167.68.168,ipv4,attack,high,WHITE,blocklist.de/all|blocklist.de/apache|blocklist.de/mail|ziyadnz/hourly-ipv4,blocklist.de|brute-force|apache|rfi|ddos|spam|mail|ziyadnz|hourly,2026-08-17T18:48:05Z,2026-08-17T18:48:05Z,
5.167.68.169,ipv4,attack,high,WHITE,blocklist.de/all|blocklist.de/apache|blocklist.de/mail|ziyadnz/hourly-ipv4,blocklist.de|brute-force|apache|rfi|ddos|spam|mail|ziyadnz|hourly,2026-08-17T18:48:05Z,2026-08-17T18:48:05Z,
5.167.68.170,ipv4,attack,high,WHITE,blocklist.de/all|blocklist.de/apache|blocklist.de/mail|ziyadnz/hourly-ipv4,blocklist.de|brute-force|apache|rfi|ddos|spam|mail|ziyadnz|hourly,2026-08-17T18:48:05Z,2026-08-17T18:48:05Z,
5.167.68.171,ipv4,attack,high,WHITE,blocklist.de/all|blocklist.de/apache|blocklist.de/mail|ziyadnz/hourly-ipv4,blocklist.de|brute-force|apache|rfi|ddos|spam|mail|ziyadnz|hourly,2026-08-17T18:48:05Z,2026-08-17T18:48:05Z,
5.167.68.172,ipv4,attack,high,WHITE,blocklist.de/all|blocklist.de/apache|blocklist.de/mail|ziyadnz/hourly-ipv4,blocklist.de|brute-force|apache|rfi|ddos|spam|mail|ziyadnz|hourly,2026-08-17T18:48:05Z,2026-08-17T18:48:05Z,
5.167.68.173,ipv4,attack,high,WHITE,blocklist.de/all|blocklist.de/apache|blocklist.de/mail|ziyadnz/hourly-ipv4,blocklist.de|brute-force|apache|rfi|ddos|spam|mail|ziyadnz|hourly,2026-08-17T18:48:05Z,2026-08-17T18:48:05Z,
5.167.68.174,ipv4,attack,high,WHITE,blocklist.de/all|blocklist.de/apache|blocklist.de/mail|ziyadnz/hourly-ipv4,blocklist.de|brute-force|apache|rfi|ddos|spam|mail|ziyadnz|hourly,2026-08-17T18:48:05Z,2026-08-17T18:48:05Z,
5.167.68.175,ipv4,attack,high,WHITE,blocklist.de/all|blocklist.de/apache|blocklist.de/mail|ziyadnz/hourly-ipv4,blocklist.de|brute-force|apache|rfi|ddos|spam|mail|ziyadnz|hourly,2026-08-17T18:48:05Z,2026-08-17T18:48:05Z,
5.167.68.176,ipv4,attack,high,WHITE,blocklist.de/all|blocklist.de/apache|blocklist.de/mail|ziyadnz/hourly-ipv4,blocklist.de|brute-force|apache|rfi|ddos|spam|mail|ziyadnz|hourly,2026-08-17T18:48:05Z,2026-08-17T18:48:05Z,
5.167.68.177,ipv4,attack,high,WHITE,blocklist.de/all|blocklist.de/apache|blocklist.de/mail|ziyadnz/hourly-ipv4,blocklist.de|brute-force|apache|rfi|ddos|spam|mail|ziyadnz|hourly,2026-08-17T18:48:05Z,2026-08-17T18:48:05Z,
5.167.68.178,ipv4,attack,high,WHITE,blocklist.de/all|blocklist.de/apache|blocklist.de/mail|ziyadnz/hourly-ipv4,blocklist.de|brute-force|apache|rfi|ddos|spam|mail|ziyadnz|hourly,2026-08-17T18:48:05Z,2026-08-17T18:48:05Z,
5.167.68.179,ipv4,attack,high,WHITE,blocklist.de/all|blocklist.de/apache|blocklist.de/mail|ziyadnz/hourly-ipv4,blocklist.de|brute-force|apache|rfi|ddos|spam|mail|ziyadnz|hourly,2026-08-17T18:48:05Z,2026-08-17T18:48:05Z,
5.167.68.180,ipv4,attack,high,WHITE,blocklist.de/all|blocklist.de/apache|blocklist.de/mail|ziyadnz/hourly-ipv4,blocklist.de|brute-force|apache|rfi|ddos|spam|mail|ziyadnz|hourly,2026-08-17T18:48:05Z,2026-08-17T18:48:05Z,
5.167.68.181,ipv4,attack,high,WHITE,blocklist.de/all|blocklist.de/apache|blocklist.de/mail|ziyadnz/hourly-ipv4,blocklist.de|brute-force|apache|rfi|ddos|spam|mail|ziyadnz|hourly,2026-08-17T18:48:05Z,2026-08-17T18:48:05Z,
5.167.68.182,ipv4,attack,high,WHITE,blocklist.de/all|blocklist.de/apache|blocklist.de/mail|ziyadnz/hourly-ipv4,blocklist.de|brute-force|apache|rfi|ddos|spam|mail|ziyadnz|hourly,2026-08-17T18:48:05Z,2026-08-17T18:48:05Z,
5.167.68.183,ipv4,attack,high,WHITE,blocklist.de/all|blocklist.de/apache|blocklist.de/mail|ziyadnz/hourly-ipv4,blocklist.de|brute-force|apache|rfi|ddos|spam|mail|ziyadnz|hourly,2026-08-17T18:48:05Z,2026-08-17T18:48:05Z,
5.167.68.184,ipv4,attack,high,WHITE,blocklist.de/all|blocklist.de/apache|blocklist.de/mail|ziyadnz/hourly-ipv4,blocklist.de|brute-force|apache|rfi|ddos|spam|mail|ziyadnz|hourly,2026-08-17T18:48:05Z,2026-08-17T18:48:05Z,
5.167.68.185,ipv4,attack,high,WHITE,blocklist.de/all|blocklist.de/apache|blocklist.de/mail|ziyadnz/hourly-ipv4,blocklist.de|brute-force|apache|rfi|ddos|spam|mail|ziyadnz|hourly,2026-08-17T18:48:05Z,2026-08-17T18:48:05Z,
5.167.68.186,ipv4,attack,high,WHITE,blocklist.de/all|blocklist.de/apache|blocklist.de/mail|ziyadnz/hourly-ipv4,blocklist.de|brute-force|apache|rfi|ddos|spam|mail|ziyadnz|hourly,2026-08-17T18:48:05Z,2026-08-17T18:48:05Z,
5.167.68.187,ipv4,attack,high,WHITE,blocklist.de/all|blocklist.de/apache|blocklist.de/mail|ziyadnz/hourly-ipv4,blocklist.de|brute-force|apache|rfi|ddos|spam|mail|ziyadnz|hourly,2026-08-17T18:48:05Z,2026-08-17T18:48:05Z,
5.167.68.188,ipv4,attack,high,WHITE,blocklist.de/all|blocklist.de/apache|blocklist.de/mail|ziyadnz/hourly-ipv4,blocklist.de|brute-force|apache|rfi|ddos|spam|mail|ziyadnz|hourly,2026-08-17T18:48:05Z,2026-08-17T18:48:05Z,
5.167.68.189,ipv4,attack,high,WHITE,blocklist.de/all|blocklist.de/apache|blocklist.de/mail|ziyadnz/hourly-ipv4,blocklist.de|brute-force|apache|rfi|ddos|spam|mail|ziyadnz|hourly,2026-08-17T18:48:05Z,2026-08-17T18:48:05Z,
5.167.68.190,ipv4,attack,high,WHITE,blocklist.de/all|blocklist.de/apache|blocklist.de/mail|ziyadnz/hourly-ipv4,blocklist.de|brute-force|apache|rfi|ddos|spam|mail|ziyadnz|hourly,2026-08-17T18:48:05Z,2026-08-17T18:48:05Z,
5.167.68.191,ipv4,attack,high,WHITE,blocklist.de/all|blocklist.de/apache|blocklist.de/mail|ziyadnz/hourly-ipv4,blocklist.de|brute-force|apache|rfi|ddos|spam|mail|ziyadnz|hourly,2026-08-17T18:48:05Z,2026-08-17T18:48:05Z,
5.167.68.192,ipv4,attack,high,WHITE,blocklist.de/all|blocklist.de/apache|blocklist.de/mail|ziyadnz/hourly-ipv4,blocklist.de|brute-force|apache|rfi|ddos|spam|mail|ziyadnz|hourly,2026-08-17T18:48:05Z,2026-08-17T18:48:05Z,
5.167.68.193,ipv4,attack,high,WHITE,blocklist.de/all|blocklist.de/apache|blocklist.de/mail|ziyadnz/hourly-ipv4,blocklist.de|brute-force|apache|rfi|ddos|spam|mail|ziyadnz|hourly,2026-08-17T18:48:05Z,2026-08-17T18:48:05Z,
5.167.68.194,ipv4,attack,high,WHITE,blocklist.de/all|blocklist.de/apache|blocklist.de/mail|ziyadnz/hourly-ipv4,blocklist.de|brute-force|apache|rfi|ddos|spam|mail|ziyadnz|hourly,2026-08-17T18:48:05Z,2026-08-17T18:48:05Z,
5.167.68.195,ipv4,attack,high,WHITE,blocklist.de/all|blocklist.de/apache|blocklist.de/mail|ziyadnz/hourly-ipv4,blocklist.de|brute-force|apache|rfi|ddos|spam|mail|ziyadnz|hourly,2026-08-17T18:48:05Z,2026-08-17T18:48:05Z,
5.167.68.196,ipv4,attack,high,WHITE,blocklist.de/all|blocklist.de/apache|blocklist.de/mail|ziyadnz/hourly-ipv4,blocklist.de|brute-force|apache|rfi|ddos|spam|mail|ziyadnz|hourly,2026-08-17T18:48:05Z,2026-08-17T18:48:05Z,
5.167.68.197,ipv4,attack,high,WHITE,blocklist.de/all|blocklist.de/apache|blocklist.de/mail|ziyadnz/hourly-ipv4,blocklist.de|brute-force|apache|rfi|ddos|spam|mail|ziyadnz|hourly,2026-08-17T18:48:05Z,2026-08-17T18:48:05Z,
5.167.68.198,ipv4,attack,high,WHITE,blocklist.de/all|blocklist.de/apache|blocklist.de/mail|ziyadnz/hourly-ipv4,blocklist.de|brute-force|apache|rfi|ddos|spam|mail|ziyadnz|hourly,2026-08-17T18:48:05Z,2026-08-17T18:48:05Z,
5.167.68.199,ipv4,attack,high,WHITE,blocklist.de/all|blocklist.de/apache|blocklist.de/mail|ziyadnz/hourly-ipv4,blocklist.de|brute-force|apache|rfi|ddos|spam|mail|ziyadnz|hourly,2026-08-17T18:48:05Z,2026-08-17T18:48:05Z,
5.167.68.200,ipv4,attack,high,WHITE,blocklist.de/all|blocklist.de/apache|blocklist.de/mail|ziyadnz/hourly-ipv4,blocklist.de|brute-force|apache|rfi|ddos|spam|mail|ziyadnz|hourly,2026-08-17T18:48:05Z,2026-08-17T18:48:05Z,
5.167.68.201,ipv4,attack,high,WHITE,blocklist.de/all|blocklist.de/apache|blocklist.de/mail|ziyadnz/hourly-ipv4,blocklist.de|brute-force|apache|rfi|ddos|spam|mail|ziyadnz|hourly,2026-08-17T18:48:05Z,2026-08-17T18:48:05Z,
5.167.68.202,ipv4,attack,high,WHITE,blocklist.de/all|blocklist.de/apache|blocklist.de/mail|ziyadnz/hourly-ipv4,blocklist.de|brute-force|apache|rfi|ddos|spam|mail|ziyadnz|hourly,2026-08-17T18:48:05Z,2026-08-17T18:48:05Z,
5.167.68.203,ipv4,attack,high,WHITE,blocklist.de/all|blocklist.de/apache|blocklist.de/mail|ziyadnz/hourly-ipv4,blocklist.de|brute-force|apache|rfi|ddos|spam|mail|ziyadnz|hourly,2026-08-17T18:48:05Z,2026-08-17T18:48:05Z,
5.167.68.204,ipv4,attack,high,WHITE,blocklist.de/all|blocklist.de/apache|blocklist.de/mail|ziyadnz/hourly-ipv4,blocklist.de|brute-force|apache|rfi|ddos|spam|mail|ziyadnz|hourly,2026-08-17T18:48:05Z,2026-08-17T18:48:05Z,
5.167.68.205,ipv4,attack,high,WHITE,blocklist.de/all|blocklist.de/apache|blocklist.de/mail|ziyadnz/hourly-ipv4,blocklist.de|brute-force|apache|rfi|ddos|spam|mail|ziyadnz|hourly,2026-08-17T18:48:05Z,2026-08-17T18:48:05Z,
5.167.68.206,ipv4,attack,high,WHITE,blocklist.de/all|blocklist.de/apache|blocklist.de/mail|ziyadnz/hourly-ipv4,blocklist.de|brute-force|apache|rfi|ddos|spam|mail|ziyadnz|hourly,2026-08-17T18:48:05Z,2026-08-17T18:48:05Z,
5.167.68.207,ipv4,attack,high,WHITE,blocklist.de/all|blocklist.de/apache|blocklist.de/mail|ziyadnz/hourly-ipv4,blocklist.de|brute-force|apache|rfi|ddos|spam|mail|ziyadnz|hourly,2026-08-17T18:48:05Z,2026-08-17T18:48:05Z,
5.167.68.208,ipv4,attack,high,WHITE,blocklist.de/all|blocklist.de/apache|blocklist.de/mail|ziyadnz/hourly-ipv4,blocklist.de|brute-force|apache|rfi|ddos|spam|mail|ziyadnz|hourly,2026-08-17T18:48:05Z,2026-08-17T18:48:05Z,
5.167.68.209,ipv4,attack,high,WHITE,blocklist.de/all|blocklist.de/apache|blocklist.de/mail|ziyadnz/hourly-ipv4,blocklist.de|brute-force|apache|rfi|ddos|spam|mail|ziyadnz|hourly,2026-08-17T18:48:05Z,2026-08-17T18:48:05Z,
5.167.68.210,ipv4,attack,high,WHITE,blocklist.de/all|blocklist.de/apache|blocklist.de/mail|ziyadnz/hourly-ipv4,blocklist.de|brute-force|apache|rfi|ddos|spam|mail|ziyadnz|hourly,2026-08-17T18:48:05Z,2026-08-17T18:48:05Z,
5.167.68.211,ipv4,attack,high,WHITE,blocklist.de/all|blocklist.de/apache|blocklist.de/mail|ziyadnz/hourly-ipv4,blocklist.de|brute-force|apache|rfi|ddos|spam|mail|ziyadnz|hourly,2026-08-17T18:48:05Z,2026-08-17T18:48:05Z,
5.167.68.212,ipv4,attack,high,WHITE,blocklist.de/all|blocklist.de/apache|blocklist.de/mail|ziyadnz/hourly-ipv4,blocklist.de|brute-force|apache|rfi|ddos|spam|mail|ziyadnz|hourly,2026-08-17T18:48:05Z,2026-08-17T18:48:05Z,
5.167.68.213,ipv4,attack,high,WHITE,blocklist.de/all|blocklist.de/apache|blocklist.de/mail|ziyadnz/hourly-ipv4,blocklist.de|brute-force|apache|rfi|ddos|spam|mail|ziyadnz|hourly,2026-08-17T18:48:05Z,2026-08-17T18:48:05Z,
5.167.68.214,ipv4,attack,high,WHITE,blocklist.de/all|blocklist.de/apache|blocklist.de/mail|ziyadnz/hourly-ipv4,blocklist.de|brute-force|apache|rfi|ddos|spam|mail|ziyadnz|hourly,2026-08-17T18:48:05Z,2026-08-17T18:48:05Z,
5.167.68.215,ipv4,attack,high,WHITE,blocklist.de/all|blocklist.de/apache|blocklist.de/mail|ziyadnz/hourly-ipv4,blocklist.de|brute-force|apache|rfi|ddos|spam|mail|ziyadnz|hourly,2026-08-17T18:48:05Z,2026-08-17T18:48:05Z,
5.167.68.216,ipv4,attack,high,WHITE,blocklist.de/all|blocklist.de/apache|blocklist.de/mail|ziyadnz/hourly-ipv4,blocklist.de|brute-force|apache|rfi|ddos|spam|mail|ziyadnz|hourly,2026-08-17T18:48:05Z,2026-08-17T18:48:05Z,
5.167.68.217,ipv4,attack,high,WHITE,blocklist.de/all|blocklist.de/apache|blocklist.de/mail|ziyadnz/hourly-ipv4,blocklist.de|brute-force|apache|rfi|ddos|spam|mail|ziyadnz|hourly,2026-08-17T18:48:05Z,2026-08-17T18:48:05Z,
5.167.68.218,ipv4,attack,high,WHITE,blocklist.de/all|blocklist.de/apache|blocklist.de/mail|ziyadnz/hourly-ipv4,blocklist.de|brute-force|apache|rfi|ddos|spam|mail|ziyadnz|hourly,2026-08-17T18:48:05Z,2026-08-17T18:48:05Z,
5.167.68.219,ipv4,attack,high,WHITE,blocklist.de/all|blocklist.de/apache|blocklist.de/mail|ziyadnz/hourly-ipv4,blocklist.de|brute-force|apache|rfi|ddos|spam|mail|ziyadnz|hourly,2026-08-17T18:48:05Z,2026-08-17T18:48:05Z,
5.167.68.220,ipv4,attack,high,WHITE,blocklist.de/all|blocklist.de/apache|blocklist.de/mail|ziyadnz/hourly-ipv4,blocklist.de|brute-force|apache|rfi|ddos|spam|mail|ziyadnz|hourly,2026-08-17T18:48:05Z,2026-08-17T18:48:05Z,
5.167.68.221,ipv4,attack,high,WHITE,blocklist.de/all|blocklist.de/apache|blocklist.de/mail|ziyadnz/hourly-ipv4,blocklist.de|brute-force|apache|rfi|ddos|spam|mail|ziyadnz|hourly,2026-08-17T18:48:05Z,2026-08-17T18:48:05Z,
5.167.68.222,ipv4,attack,high,WHITE,blocklist.de/all|blocklist.de/apache|blocklist.de/mail|ziyadnz/hourly-ipv4,blocklist.de|brute-force|apache|rfi|ddos|spam|mail|ziyadnz|hourly,2026-08-17T18:48:05Z,2026-08-17T18:48:05Z,
5.167.68.223,ipv4,attack,high,WHITE,blocklist.de/all|blocklist.de/apache|blocklist.de/mail|ziyadnz/hourly-ipv4,blocklist.de|brute-force|apache|rfi|ddos|spam|mail|ziyadnz|hourly,2026-08-17T18:48:05Z,2026-08-17T18:48:05Z,
5.167.68.224,ipv4,attack,high,WHITE,blocklist.de/all|blocklist.de/apache|blocklist.de/mail|ziyadnz/hourly-ipv4,blocklist.de|brute-force|apache|rfi|ddos|spam|mail|ziyadnz|hourly,2026-08-17T18:48:05Z,2026-08-17T18:48:05Z,
5.167.68.225,ipv4,attack,high,WHITE,blocklist.de/all|blocklist.de/apache|blocklist.de/mail|ziyadnz/hourly-ipv4,blocklist.de|brute-force|apache|rfi|ddos|spam|mail|ziyadnz|hourly,2026-08-17T18:48:05Z,2026-08-17T18:48:05Z,
5.167.68.226,ipv4,attack,high,WHITE,blocklist.de/all|blocklist.de/apache|blocklist.de/mail|ziyadnz/hourly-ipv4,blocklist.de|brute-force|apache|rfi|ddos|spam|mail|ziyadnz|hourly,2026-08-17T18:48:05Z,2026-08-17T18:48:05Z,
5.167.68.227,ipv4,attack,high,WHITE,blocklist.de/all|blocklist.de/apache|blocklist.de/mail|ziyadnz/hourly-ipv4,blocklist.de|brute-force|apache|rfi|ddos|spam|mail|ziyadnz|hourly,2026-08-17T18:48:05Z,2026-08-17T18:48:05Z,
5.167.68.228,ipv4,attack,high,WHITE,blocklist.de/all|blocklist.de/apache|blocklist.de/mail|ziyadnz/hourly-ipv4,blocklist.de|brute-force|apache|rfi|ddos|spam|mail|ziyadnz|hourly,2026-08-17T18:48:05Z,2026-08-17T18:48:05Z,
5.167.68.229,ipv4,attack,high,WHITE,blocklist.de/all|blocklist.de/apache|blocklist.de/mail|ziyadnz/hourly-ipv4,blocklist.de|brute-force|apache|rfi|ddos|spam|mail|ziyadnz|hourly,2026-08-17T18:48:05Z,2026-08-17T18:48:05Z,
5.167.68.230,ipv4,attack,high,WHITE,blocklist.de/all|blocklist.de/apache|blocklist.de/mail|ziyadnz/hourly-ipv4,blocklist.de|brute-force|apache|rfi|ddos|spam|mail|ziyadnz|hourly,2026-08-17T18:48:05Z,2026-08-17T18:48:05Z,
5.167.68.231,ipv4,attack,high,WHITE,blocklist.de/all|blocklist.de/apache|blocklist.de/mail|ziyadnz/hourly-ipv4,blocklist.de|brute-force|apache|rfi|ddos|spam|mail|ziyadnz|hourly,2026-08-17T18:48:05Z,2026-08-17T18:48:05Z,
5.167.68.232,ipv4,attack,high,WHITE,blocklist.de/all|blocklist.de/apache|blocklist.de/mail|ziyadnz/hourly-ipv4,blocklist.de|brute-force|apache|rfi|ddos|spam|mail|ziyadnz|hourly,2026-08-17T18:48:05Z,2026-08-17T18:48:05Z,
5.167.68.233,ipv4,attack,high,WHITE,blocklist.de/all|blocklist.de/apache|blocklist.de/mail|ziyadnz/hourly-ipv4,blocklist.de|brute-force|apache|rfi|ddos|spam|mail|ziyadnz|hourly,2026-08-17T18:48:05Z,2026-08-17T18:48:05Z,
5.167.68.234,ipv4,attack,high,WHITE,blocklist.de/all|blocklist.de/apache|blocklist.de/mail|ziyadnz/hourly-ipv4,blocklist.de|brute-force|apache|rfi|ddos|spam|mail|ziyadnz|hourly,2026-08-17T18:48:05Z,2026-08-17T18:48:05Z,
5.167.68.235,ipv4,attack,high,WHITE,blocklist.de/all|blocklist.de/apache|blocklist.de/mail|ziyadnz/hourly-ipv4,blocklist.de|brute-force|apache|rfi|ddos|spam|mail|ziyadnz|hourly,2026-08-17T18:48:05Z,2026-08-17T18:48:05Z,
5.167.68.236,ipv4,attack,high,WHITE,blocklist.de/all|blocklist.de/apache|blocklist.de/mail|ziyadnz/hourly-ipv4,blocklist.de|brute-force|apache|rfi|ddos|spam|mail|ziyadnz|hourly,2026-08-17T18:48:05Z,2026-08-17T18:48:05Z,
5.167.68.237,ipv4,attack,high,WHITE,blocklist.de/all|blocklist.de/apache|blocklist.de/mail|ziyadnz/hourly-ipv4,blocklist.de|brute-force|apache|rfi|ddos|spam|mail|ziyadnz|hourly,2026-08-17T18:48:05Z,2026-08-17T18:48:05Z,
5.167.68.238,ipv4,attack,high,WHITE,blocklist.de/all|blocklist.de/apache|blocklist.de/mail|ziyadnz/hourly-ipv4,blocklist.de|brute-force|apache|rfi|ddos|spam|mail|ziyadnz|hourly,2026-08-17T18:48:05Z,2026-08-17T18:48:05Z,
5.167.68.239,ipv4,attack,high,WHITE,blocklist.de/all|blocklist.de/apache|blocklist.de/mail|ziyadnz/hourly-ipv4,blocklist.de|brute-force|apache|rfi|ddos|spam|mail|ziyadnz|hourly,2026-08-17T18:48:05Z,2026-08-17T18:48:05Z,
5.167.68.240,ipv4,attack,high,WHITE,blocklist.de/all|blocklist.de/apache|blocklist.de/mail|ziyadnz/hourly-ipv4,blocklist.de|brute-force|apache|rfi|ddos|spam|mail|ziyadnz|hourly,2026-08-17T18:48:05Z,2026-08-17T18:48:05Z,
5.167.68.241,ipv4,attack,high,WHITE,blocklist.de/all|blocklist.de/apache|blocklist.de/mail|ziyadnz/hourly-ipv4,blocklist.de|brute-force|apache|rfi|ddos|spam|mail|ziyadnz|hourly,2026-08-17T18:48:05Z,2026-08-17T18:48:05Z,
5.167.68.242,ipv4,attack,high,WHITE,blocklist.de/all|blocklist.de/apache|blocklist.de/mail|ziyadnz/hourly-ipv4,blocklist.de|brute-force|apache|rfi|ddos|spam|mail|ziyadnz|hourly,2026-08-17T18:48:05Z,2026-08-17T18:48:05Z,
5.167.68.243,ipv4,attack,high,WHITE,blocklist.de/all|blocklist.de/apache|blocklist.de/mail|ziyadnz/hourly-ipv4,blocklist.de|brute-force|apache|rfi|ddos|spam|mail|ziyadnz|hourly,2026-08-17T18:48:05Z,2026-08-17T18:48:05Z,
5.167.68.244,ipv4,attack,high,WHITE,blocklist.de/all|blocklist.de/apache|blocklist.de/mail|ziyadnz/hourly-ipv4,blocklist.de|brute-force|apache|rfi|ddos|spam|mail|ziyadnz|hourly,2026-08-17T18:48:05Z,2026-08-17T18:48:05Z,
5.167.68.245,ipv4,attack,high,WHITE,blocklist.de/all|blocklist.de/apache|blocklist.de/mail|ziyadnz/hourly-ipv4,blocklist.de|brute-force|apache|rfi|ddos|spam|mail|ziyadnz|hourly,2026-08-17T18:48:05Z,2026-08-17T18:48:05Z,
5.167.68.246,ipv4,attack,high,WHITE,blocklist.de/all|blocklist.de/apache|blocklist.de/mail|ziyadnz/hourly-ipv4,blocklist.de|brute-force|apache|rfi|ddos|spam|mail|ziyadnz|hourly,2026-08-17T18:48:05Z,2026-08-17T18:48:05Z,
5.167.68.247,ipv4,attack,high,WHITE,blocklist.de/all|blocklist.de/apache|blocklist.de/mail|ziyadnz/hourly-ipv4,blocklist.de|brute-force|apache|rfi|ddos|spam|mail|ziyadnz|hourly,2026-08-17T18:48:05Z,2026-08-17T18:48:05Z,
5.167.68.248,ipv4,attack,high,WHITE,blocklist.de/all|blocklist.de/apache|blocklist.de/mail|ziyadnz/hourly-ipv4,blocklist.de|brute-force|apache|rfi|ddos|spam|mail|ziyadnz|hourly,2026-08-17T18:48:05Z,2026-08-17T18:48:05Z,
5.167.68.249,ipv4,attack,high,WHITE,blocklist.de/all|blocklist.de/apache|blocklist.de/mail|ziyadnz/hourly-ipv4,blocklist.de|brute-force|apache|rfi|ddos|spam|mail|ziyadnz|hourly,2026-08-17T18:48:05Z,2026-08-17T18:48:05Z,
5.167.68.250,ipv4,attack,high,WHITE,blocklist.de/all|blocklist.de/apache|blocklist.de/mail|ziyadnz/hourly-ipv4,blocklist.de|brute-force|apache|rfi|ddos|spam|mail|ziyadnz|hourly,2026-08-17T18:48:05Z,2026-08-17T18:48:05Z,
5.167.68.251,ipv4,attack,high,WHITE,blocklist.de/all|blocklist.de/apache|blocklist.de/mail|ziyadnz/hourly-ipv4,blocklist.de|brute-force|apache|rfi|ddos|spam|mail|ziyadnz|hourly,2026-08-17T18:48:05Z,2026-08-17T18:48:05Z,
5.167.68.252,ipv4,attack,high,WHITE,blocklist.de/all|blocklist.de/apache|blocklist.de/mail|ziyadnz/hourly-ipv4,blocklist.de|brute-force|apache|rfi|ddos|spam|mail|ziyadnz|hourly,2026-08-17T18:48:05Z,2026-08-17T18:48:05Z,
5.167.68.253,ipv4,attack,high,WHITE,blocklist.de/all|blocklist.de/apache|blocklist.de/mail|ziyadnz/hourly-ipv4,blocklist.de|brute-force|apache|rfi|ddos|spam|mail|ziyadnz|hourly,2026-08-17T18:48:05Z,2026-08-17T18:48:05Z,
5.167.68.254,ipv4,attack,high,WHITE,blocklist.de/all|blocklist.de/apache|blocklist.de/mail|ziyadnz/hourly-ipv4,blocklist.de|brute-force|apache|rfi|ddos|spam|mail|ziyadnz|hourly,2026-08-17T18:48:05Z,2026-08-17T18:48:05Z,
5.167.68.255,ipv4,attack,high,WHITE,blocklist.de/all|blocklist.de/apache|blocklist.de/mail|ziyadnz/hourly-ipv4,blocklist.de|brute-force|apache|rfi|ddos|spam|mail|ziyadnz|hourly,2026-08-17T18:48:05Z,2026-08-17T18:48:05Z,
5.167.69.0,ipv4,attack,high,WHITE,blocklist.de/all|blocklist.de/apache|blocklist.de/mail|ziyadnz/hourly-ipv4,blocklist.de|brute-force|apache|rfi|ddos|spam|mail|ziyadnz|hourly,2026-08-17T18:48:05Z,2026-08-17T18:48:05Z,
5.167.69.1,ipv4,attack,high,WHITE,blocklist.de/all|blocklist.de/apache|blocklist.de/mail|ziyadnz/hourly-ipv4,blocklist.de|brute-force|apache|rfi|ddos|spam|mail|ziyadnz|hourly,2026-08-17T18:48:05Z,2026-08-17T18:48:05Z,
5.167.69.2,ipv4,attack,high,WHITE,blocklist.de/all|blocklist.de/apache|blocklist.de/mail|ziyadnz/hourly-ipv4,blocklist.de|brute-force|apache|rfi|ddos|spam|mail|ziyadnz|hourly,2026-08-17T18:48:05Z,2026-08-17T18:48:05Z,
5.167.69.3,ipv4,attack,high,WHITE,blocklist.de/all|blocklist.de/apache|blocklist.de/mail|ziyadnz/hourly-ipv4,blocklist.de|brute-force|apache|rfi|ddos|spam|mail|ziyadnz|hourly,2026-08-17T18:48:05Z,2026-08-17T18:48:05Z,
5.167.69.4,ipv4,attack,high,WHITE,blocklist.de/all|blocklist.de/apache|blocklist.de/mail|ziyadnz/hourly-ipv4,blocklist.de|brute-force|apache|rfi|ddos|spam|mail|ziyadnz|hourly,2026-08-17T18:48:05Z,2026-08-17T18:48:05Z,
5.167.69.5,ipv4,attack,high,WHITE,blocklist.de/all|blocklist.de/apache|blocklist.de/mail|ziyadnz/hourly-ipv4,blocklist.de|brute-force|apache|rfi|ddos|spam|mail|ziyadnz|hourly,2026-08-17T18:48:05Z,2026-08-17T18:48:05Z,
5.167.69.6,ipv4,attack,high,WHITE,blocklist.de/all|blocklist.de/apache|blocklist.de/mail|ziyadnz/hourly-ipv4,blocklist.de|brute-force|apache|rfi|ddos|spam|mail|ziyadnz|hourly,2026-08-17T18:48:05Z,2026-08-17T18:48:05Z,
5.167.69.7,ipv4,attack,high,WHITE,blocklist.de/all|blocklist.de/apache|blocklist.de/mail|ziyadnz/hourly-ipv4,blocklist.de|brute-force|apache|rfi|ddos|spam|mail|ziyadnz|hourly,2026-08-17T18:48:05Z,2026-08-17T18:48:05Z,
5.167.69.8,ipv4,attack,high,WHITE,blocklist.de/all|blocklist.de/apache|blocklist.de/mail|ziyadnz/hourly-ipv4,blocklist.de|brute-force|apache|rfi|ddos|spam|mail|ziyadnz|hourly,2026-08-17T18:48:05Z,2026-08-17T18:48:05Z,
5.167.69.9,ipv4,attack,high,WHITE,blocklist.de/all|blocklist.de/apache|blocklist.de/mail|ziyadnz/hourly-ipv4,blocklist.de|brute-force|apache|rfi|ddos|spam|mail|ziyadnz|hourly,2026-08-17T18:48:05Z,2026-08-17T18:48:05Z,
5.167.69.10,ipv4,attack,high,WHITE,blocklist.de/all|blocklist.de/apache|blocklist.de/mail|ziyadnz/hourly-ipv4,blocklist.de|brute-force|apache|rfi|ddos|spam|mail|ziyadnz|hourly,2026-08-17T18:48:05Z,2026-08-17T18:48:05Z,
5.167.69.11,ipv4,attack,high,WHITE,blocklist.de/all|blocklist.de/apache|blocklist.de/mail|ziyadnz/hourly-ipv4,blocklist.de|brute-force|apache|rfi|ddos|spam|mail|ziyadnz|hourly,2026-08-17T18:48:05Z,2026-08-17T18:48:05Z,
5.167.69.12,ipv4,attack,high,WHITE,blocklist.de/all|blocklist.de/apache|blocklist.de/mail|ziyadnz/hourly-ipv4,blocklist.de|brute-force|apache|rfi|ddos|spam|mail|ziyadnz|hourly,2026-08-17T18:48:05Z,2026-08-17T18:48:05Z,
5.167.69.13,ipv4,attack,high,WHITE,blocklist.de/all|blocklist.de/apache|blocklist.de/mail|ziyadnz/hourly-ipv4,blocklist.de|brute-force|apache|rfi|ddos|spam|mail|ziyadnz|hourly,2026-08-17T18:48:05Z,2026-08-17T18:48:05Z,
5.167.69.14,ipv4,attack,high,WHITE,blocklist.de/all|blocklist.de/apache|blocklist.de/mail|ziyadnz/hourly-ipv4,blocklist.de|brute-force|apache|rfi|ddos|spam|mail|ziyadnz|hourly,2026-08-17T18:48:05Z,2026-08-17T18:48:05Z,
5.167.69.15,ipv4,attack,high,WHITE,blocklist.de/all|blocklist.de/apache|blocklist.de/mail|ziyadnz/hourly-ipv4,blocklist.de|brute-force|apache|rfi|ddos|spam|mail|ziyadnz|hourly,2026-08-17T18:48:05Z,2026-08-17T18:48:05Z,
5.167.69.16,ipv4,attack,high,WHITE,blocklist.de/all|blocklist.de/apache|blocklist.de/mail|ziyadnz/hourly-ipv4,blocklist.de|brute-force|apache|rfi|ddos|spam|mail|ziyadnz|hourly,2026-08-17T18:48:05Z,2026-08-17T18:48:05Z,
5.167.69.17,ipv4,attack,high,WHITE,blocklist.de/all|blocklist.de/apache|blocklist.de/mail|ziyadnz/hourly-ipv4,blocklist.de|brute-force|apache|rfi|ddos|spam|mail|ziyadnz|hourly,2026-08-17T18:48:05Z,2026-08-17T18:48:05Z,
5.167.69.18,ipv4,attack,high,WHITE,blocklist.de/all|blocklist.de/apache|blocklist.de/mail|ziyadnz/hourly-ipv4,blocklist.de|brute-force|apache|rfi|ddos|spam|mail|ziyadnz|hourly,2026-08-17T18:48:05Z,2026-08-17T18:48:05Z,
5.167.69.19,ipv4,attack,high,WHITE,blocklist.de/all|blocklist.de/apache|blocklist.de/mail|ziyadnz/hourly-ipv4,blocklist.de|brute-force|apache|rfi|ddos|spam|mail|ziyadnz|hourly,2026-08-17T18:48:05Z,2026-08-17T18:48:05Z,
5.167.69.20,ipv4,attack,high,WHITE,blocklist.de/all|blocklist.de/apache|blocklist.de/mail|ziyadnz/hourly-ipv4,blocklist.de|brute-force|apache|rfi|ddos|spam|mail|ziyadnz|hourly,2026-08-17T18:48:05Z,2026-08-17T18:48:05Z,
5.167.69.21,ipv4,attack,high,WHITE,blocklist.de/all|blocklist.de/apache|blocklist.de/mail|ziyadnz/hourly-ipv4,blocklist.de|brute-force|apache|rfi|ddos|spam|mail|ziyadnz|hourly,2026-08-17T18:48:05Z,2026-08-17T18:48:05Z,
5.167.69.22,ipv4,attack,high,WHITE,blocklist.de/all|blocklist.de/apache|blocklist.de/mail|ziyadnz/hourly-ipv4,blocklist.de|brute-force|apache|rfi|ddos|spam|mail|ziyadnz|hourly,2026-08-17T18:48:05Z,2026-08-17T18:48:05Z,
5.167.69.23,ipv4,attack,high,WHITE,blocklist.de/all|blocklist.de/apache|blocklist.de/mail|ziyadnz/hourly-ipv4,blocklist.de|brute-force|apache|rfi|ddos|spam|mail|ziyadnz|hourly,2026-08-17T18:48:05Z,2026-08-17T18:48:05Z,
5.167.69.24,ipv4,attack,high,WHITE,blocklist.de/all|blocklist.de/apache|blocklist.de/mail|ziyadnz/hourly-ipv4,blocklist.de|brute-force|apache|rfi|ddos|spam|mail|ziyadnz|hourly,2026-08-17T18:48:05Z,2026-08-17T18:48:05Z,
5.167.69.25,ipv4,attack,high,WHITE,blocklist.de/all|blocklist.de/apache|blocklist.de/mail|ziyadnz/hourly-ipv4,blocklist.de|brute-force|apache|rfi|ddos|spam|mail|ziyadnz|hourly,2026-08-17T18:48:05Z,2026-08-17T18:48:05Z,
5.167.69.26,ipv4,attack,high,WHITE,blocklist.de/all|blocklist.de/apache|blocklist.de/mail|ziyadnz/hourly-ipv4,blocklist.de|brute-force|apache|rfi|ddos|spam|mail|ziyadnz|hourly,2026-08-17T18:48:05Z,2026-08-17T18:48:05Z,
5.167.69.27,ipv4,attack,high,WHITE,blocklist.de/all|blocklist.de/apache|blocklist.de/mail|ziyadnz/hourly-ipv4,blocklist.de|brute-force|apache|rfi|ddos|spam|mail|ziyadnz|hourly,2026-08-17T18:48:05Z,2026-08-17T18:48:05Z,
5.167.69.28,ipv4,attack,high,WHITE,blocklist.de/all|blocklist.de/apache|blocklist.de/mail|ziyadnz/hourly-ipv4,blocklist.de|brute-force|apache|rfi|ddos|spam|mail|ziyadnz|hourly,2026-08-17T18:48:05Z,2026-08-17T18:48:05Z,
5.167.69.29,ipv4,attack,high,WHITE,blocklist.de/all|blocklist.de/apache|blocklist.de/mail|ziyadnz/hourly-ipv4,blocklist.de|brute-force|apache|rfi|ddos|spam|mail|ziyadnz|hourly,2026-08-17T18:48:05Z,2026-08-17T18:48:05Z,
5.167.69.30,ipv4,attack,high,WHITE,blocklist.de/all|blocklist.de/apache|blocklist.de/mail|ziyadnz/hourly-ipv4,blocklist.de|brute-force|apache|rfi|ddos|spam|mail|ziyadnz|hourly,2026-08-17T18:48:05Z,2026-08-17T18:48:05Z,
5.167.69.31,ipv4,attack,high,WHITE,blocklist.de/all|blocklist.de/apache|blocklist.de/mail|ziyadnz/hourly-ipv4,blocklist.de|brute-force|apache|rfi|ddos|spam|mail|ziyadnz|hourly,2026-08-17T18:48:05Z,2026-08-17T18:48:05Z,
5.167.69.32,ipv4,attack,high,WHITE,blocklist.de/all|blocklist.de/apache|blocklist.de/mail|ziyadnz/hourly-ipv4,blocklist.de|brute-force|apache|rfi|ddos|spam|mail|ziyadnz|hourly,2026-08-17T18:48:05Z,2026-08-17T18:48:05Z,
5.167.69.33,ipv4,attack,high,WHITE,blocklist.de/all|blocklist.de/apache|blocklist.de/mail|ziyadnz/hourly-ipv4,blocklist.de|brute-force|apache|rfi|ddos|spam|mail|ziyadnz|hourly,2026-08-17T18:48:05Z,2026-08-17T18:48:05Z,
5.167.69.34,ipv4,attack,high,WHITE,blocklist.de/all|blocklist.de/apache|blocklist.de/mail|ziyadnz/hourly-ipv4,blocklist.de|brute-force|apache|rfi|ddos|spam|mail|ziyadnz|hourly,2026-08-17T18:48:05Z,2026-08-17T18:48:05Z,
5.167.69.35,ipv4,attack,high,WHITE,blocklist.de/all|blocklist.de/apache|blocklist.de/mail|ziyadnz/hourly-ipv4,blocklist.de|brute-force|apache|rfi|ddos|spam|mail|ziyadnz|hourly,2026-08-17T18:48:05Z,2026-08-17T18:48:05Z,
5.167.69.36,ipv4,attack,high,WHITE,blocklist.de/all|blocklist.de/apache|blocklist.de/mail|ziyadnz/hourly-ipv4,blocklist.de|brute-force|apache|rfi|ddos|spam|mail|ziyadnz|hourly,2026-08-17T18:48:05Z,2026-08-17T18:48:05Z,
5.167.69.37,ipv4,attack,high,WHITE,blocklist.de/all|blocklist.de/apache|blocklist.de/mail|ziyadnz/hourly-ipv4,blocklist.de|brute-force|apache|rfi|ddos|spam|mail|ziyadnz|hourly,2026-08-17T18:48:05Z,2026-08-17T18:48:05Z,
5.167.69.38,ipv4,attack,high,WHITE,blocklist.de/all|blocklist.de/apache|blocklist.de/mail|ziyadnz/hourly-ipv4,blocklist.de|brute-force|apache|rfi|ddos|spam|mail|ziyadnz|hourly,2026-08-17T18:48:05Z,2026-08-17T18:48:05Z,
5.167.69.39,ipv4,attack,high,WHITE,blocklist.de/all|blocklist.de/apache|blocklist.de/mail|ziyadnz/hourly-ipv4,blocklist.de|brute-force|apache|rfi|ddos|spam|mail|ziyadnz|hourly,2026-08-17T18:48:05Z,2026-08-17T18:48:05Z,
5.167.69.40,ipv4,attack,high,WHITE,blocklist.de/all|blocklist.de/apache|blocklist.de/mail|ziyadnz/hourly-ipv4,blocklist.de|brute-force|apache|rfi|ddos|spam|mail|ziyadnz|hourly,2026-08-17T18:48:05Z,2026-08-17T18:48:05Z,
5.167.69.41,ipv4,attack,high,WHITE,blocklist.de/all|blocklist.de/apache|blocklist.de/mail|ziyadnz/hourly-ipv4,blocklist.de|brute-force|apache|rfi|ddos|spam|mail|ziyadnz|hourly,2026-08-17T18:48:05Z,2026-08-17T18:48:05Z,
5.167.69.42,ipv4,attack,high,WHITE,blocklist.de/all|blocklist.de/apache|blocklist.de/mail|ziyadnz/hourly-ipv4,blocklist.de|brute-force|apache|rfi|ddos|spam|mail|ziyadnz|hourly,2026-08-17T18:48:05Z,2026-08-17T18:48:05Z,
5.167.69.43,ipv4,attack,high,WHITE,blocklist.de/all|blocklist.de/apache|blocklist.de/mail|ziyadnz/hourly-ipv4,blocklist.de|brute-force|apache|rfi|ddos|spam|mail|ziyadnz|hourly,2026-08-17T18:48:05Z,2026-08-17T18:48:05Z,
5.167.69.44,ipv4,attack,high,WHITE,blocklist.de/all|blocklist.de/apache|blocklist.de/mail|ziyadnz/hourly-ipv4,blocklist.de|brute-force|apache|rfi|ddos|spam|mail|ziyadnz|hourly,2026-08-17T18:48:05Z,2026-08-17T18:48:05Z,
5.167.69.45,ipv4,attack,high,WHITE,blocklist.de/all|blocklist.de/apache|blocklist.de/mail|ziyadnz/hourly-ipv4,blocklist.de|brute-force|apache|rfi|ddos|spam|mail|ziyadnz|hourly,2026-08-17T18:48:05Z,2026-08-17T18:48:05Z,
5.167.69.46,ipv4,attack,high,WHITE,blocklist.de/all|blocklist.de/apache|blocklist.de/mail|ziyadnz/hourly-ipv4,blocklist.de|brute-force|apache|rfi|ddos|spam|mail|ziyadnz|hourly,2026-08-17T18:48:05Z,2026-08-17T18:48:05Z,
5.167.69.47,ipv4,attack,high,WHITE,blocklist.de/all|blocklist.de/apache|blocklist.de/mail|ziyadnz/hourly-ipv4,blocklist.de|brute-force|apache|rfi|ddos|spam|mail|ziyadnz|hourly,2026-08-17T18:48:05Z,2026-08-17T18:48:05Z,
5.167.69.48,ipv4,attack,high,WHITE,blocklist.de/all|blocklist.de/apache|blocklist.de/mail|ziyadnz/hourly-ipv4,blocklist.de|brute-force|apache|rfi|ddos|spam|mail|ziyadnz|hourly,2026-08-17T18:48:05Z,2026-08-17T18:48:05Z,
5.167.69.49,ipv4,attack,high,WHITE,blocklist.de/all|blocklist.de/apache|blocklist.de/mail|ziyadnz/hourly-ipv4,blocklist.de|brute-force|apache|rfi|ddos|spam|mail|ziyadnz|hourly,2026-08-17T18:48:05Z,2026-08-17T18:48:05Z,
5.167.69.50,ipv4,attack,high,WHITE,blocklist.de/all|blocklist.de/apache|blocklist.de/mail|ziyadnz/hourly-ipv4,blocklist.de|brute-force|apache|rfi|ddos|spam|mail|ziyadnz|hourly,2026-08-17T18:48:05Z,2026-08-17T18:48:05Z,
5.167.69.51,ipv4,attack,high,WHITE,blocklist.de/all|blocklist.de/apache|blocklist.de/mail|ziyadnz/hourly-ipv4,blocklist.de|brute-force|apache|rfi|ddos|spam|mail|ziyadnz|hourly,2026-08-17T18:48:05Z,2026-08-17T18:48:05Z,
5.167.69.52,ipv4,attack,high,WHITE,blocklist.de/all|blocklist.de/apache|blocklist.de/mail|ziyadnz/hourly-ipv4,blocklist.de|brute-force|apache|rfi|ddos|spam|mail|ziyadnz|hourly,2026-08-17T18:48:05Z,2026-08-17T18:48:05Z,
5.167.69.53,ipv4,attack,high,WHITE,blocklist.de/all|blocklist.de/apache|blocklist.de/mail|ziyadnz/hourly-ipv4,blocklist.de|brute-force|apache|rfi|ddos|spam|mail|ziyadnz|hourly,2026-08-17T18:48:05Z,2026-08-17T18:48:05Z,
5.167.69.54,ipv4,attack,high,WHITE,blocklist.de/all|blocklist.de/apache|blocklist.de/mail|ziyadnz/hourly-ipv4,blocklist.de|brute-force|apache|rfi|ddos|spam|mail|ziyadnz|hourly,2026-08-17T18:48:05Z,2026-08-17T18:48:05Z,
5.167.69.55,ipv4,attack,high,WHITE,blocklist.de/all|blocklist.de/apache|blocklist.de/mail|ziyadnz/hourly-ipv4,blocklist.de|brute-force|apache|rfi|ddos|spam|mail|ziyadnz|hourly,2026-08-17T18:48:05Z,2026-08-17T18:48:05Z,
5.167.69.56,ipv4,attack,high,WHITE,blocklist.de/all|blocklist.de/apache|blocklist.de/mail|ziyadnz/hourly-ipv4,blocklist.de|brute-force|apache|rfi|ddos|spam|mail|ziyadnz|hourly,2026-08-17T18:48:05Z,2026-08-17T18:48:05Z,
5.167.69.57,ipv4,attack,high,WHITE,blocklist.de/all|blocklist.de/apache|blocklist.de/mail|ziyadnz/hourly-ipv4,blocklist.de|brute-force|apache|rfi|ddos|spam|mail|ziyadnz|hourly,2026-08-17T18:48:05Z,2026-08-17T18:48:05Z,
5.167.69.58,ipv4,attack,high,WHITE,blocklist.de/all|blocklist.de/apache|blocklist.de/mail|ziyadnz/hourly-ipv4,blocklist.de|brute-force|apache|rfi|ddos|spam|mail|ziyadnz|hourly,2026-08-17T18:48:05Z,2026-08-17T18:48:05Z,
5.167.69.59,ipv4,attack,high,WHITE,blocklist.de/all|blocklist.de/apache|blocklist.de/mail|ziyadnz/hourly-ipv4,blocklist.de|brute-force|apache|rfi|ddos|spam|mail|ziyadnz|hourly,2026-08-17T18:48:05Z,2026-08-17T18:48:05Z,
5.167.69.60,ipv4,attack,high,WHITE,blocklist.de/all|blocklist.de/apache|blocklist.de/mail|ziyadnz/hourly-ipv4,blocklist.de|brute-force|apache|rfi|ddos|spam|mail|ziyadnz|hourly,2026-08-17T18:48:05Z,2026-08-17T18:48:05Z,
5.167.69.61,ipv4,attack,high,WHITE,blocklist.de/all|blocklist.de/apache|blocklist.de/mail|ziyadnz/hourly-ipv4,blocklist.de|brute-force|apache|rfi|ddos|spam|mail|ziyadnz|hourly,2026-08-17T18:48:05Z,2026-08-17T18:48:05Z,
5.167.69.62,ipv4,attack,high,WHITE,blocklist.de/all|blocklist.de/apache|blocklist.de/mail|ziyadnz/hourly-ipv4,blocklist.de|brute-force|apache|rfi|ddos|spam|mail|ziyadnz|hourly,2026-08-17T18:48:05Z,2026-08-17T18:48:05Z,
5.167.69.63,ipv4,attack,high,WHITE,blocklist.de/all|blocklist.de/apache|blocklist.de/mail|ziyadnz/hourly-ipv4,blocklist.de|brute-force|apache|rfi|ddos|spam|mail|ziyadnz|hourly,2026-08-17T18:48:05Z,2026-08-17T18:48:05Z,
5.167.69.64,ipv4,attack,high,WHITE,blocklist.de/all|blocklist.de/apache|blocklist.de/mail|ziyadnz/hourly-ipv4,blocklist.de|brute-force|apache|rfi|ddos|spam|mail|ziyadnz|hourly,2026-08-17T18:48:05Z,2026-08-17T18:48:05Z,
5.167.69.65,ipv4,attack,high,WHITE,blocklist.de/all|blocklist.de/apache|blocklist.de/mail|ziyadnz/hourly-ipv4,blocklist.de|brute-force|apache|rfi|ddos|spam|mail|ziyadnz|hourly,2026-08-17T18:48:05Z,2026-08-17T18:48:05Z,
5.167.69.66,ipv4,attack,high,WHITE,blocklist.de/all|blocklist.de/apache|blocklist.de/mail|ziyadnz/hourly-ipv4,blocklist.de|brute-force|apache|rfi|ddos|spam|mail|ziyadnz|hourly,2026-08-17T18:48:05Z,2026-08-17T18:48:05Z,
5.167.69.67,ipv4,attack,high,WHITE,blocklist.de/all|blocklist.de/apache|blocklist.de/mail|ziyadnz/hourly-ipv4,blocklist.de|brute-force|apache|rfi|ddos|spam|mail|ziyadnz|hourly,2026-08-17T18:48:05Z,2026-08-17T18:48:05Z,
5.167.69.68,ipv4,attack,high,WHITE,blocklist.de/all|blocklist.de/apache|blocklist.de/mail|ziyadnz/hourly-ipv4,blocklist.de|brute-force|apache|rfi|ddos|spam|mail|ziyadnz|hourly,2026-08-17T18:48:05Z,2026-08-17T18:48:05Z,
5.167.69.69,ipv4,attack,high,WHITE,blocklist.de/all|blocklist.de/apache|blocklist.de/mail|ziyadnz/hourly-ipv4,blocklist.de|brute-force|apache|rfi|ddos|spam|mail|ziyadnz|hourly,2026-08-17T18:48:05Z,2026-08-17T18:48:05Z,
5.167.69.70,ipv4,attack,high,WHITE,blocklist.de/all|blocklist.de/apache|blocklist.de/mail|ziyadnz/hourly-ipv4,blocklist.de|brute-force|apache|rfi|ddos|spam|mail|ziyadnz|hourly,2026-08-17T18:48:05Z,2026-08-17T18:48:05Z,
5.167.69.71,ipv4,attack,high,WHITE,blocklist.de/all|blocklist.de/apache|blocklist.de/mail|ziyadnz/hourly-ipv4,blocklist.de|brute-force|apache|rfi|ddos|spam|mail|ziyadnz|hourly,2026-08-17T18:48:05Z,2026-08-17T18:48:05Z,
5.167.69.72,ipv4,attack,high,WHITE,blocklist.de/all|blocklist.de/apache|blocklist.de/mail|ziyadnz/hourly-ipv4,blocklist.de|brute-force|apache|rfi|ddos|spam|mail|ziyadnz|hourly,2026-08-17T18:48:05Z,2026-08-17T18:48:05Z,
5.167.69.73,ipv4,attack,high,WHITE,blocklist.de/all|blocklist.de/apache|blocklist.de/mail|ziyadnz/hourly-ipv4,blocklist.de|brute-force|apache|rfi|ddos|spam|mail|ziyadnz|hourly,2026-08-17T18:48:05Z,2026-08-17T18:48:05Z,
5.167.69.74,ipv4,attack,high,WHITE,blocklist.de/all|blocklist.de/apache|blocklist.de/mail|ziyadnz/hourly-ipv4,blocklist.de|brute-force|apache|rfi|ddos|spam|mail|ziyadnz|hourly,2026-08-17T18:48:05Z,2026-08-17T18:48:05Z,
5.167.69.75,ipv4,attack,high,WHITE,blocklist.de/all|blocklist.de/apache|blocklist.de/mail|ziyadnz/hourly-ipv4,blocklist.de|brute-force|apache|rfi|ddos|spam|mail|ziyadnz|hourly,2026-08-17T18:48:05Z,2026-08-17T18:48:05Z,
5.167.69.76,ipv4,attack,high,WHITE,blocklist.de/all|blocklist.de/apache|blocklist.de/mail|ziyadnz/hourly-ipv4,blocklist.de|brute-force|apache|rfi|ddos|spam|mail|ziyadnz|hourly,2026-08-17T18:48:05Z,2026-08-17T18:48:05Z,
5.167.69.77,ipv4,attack,high,WHITE,blocklist.de/all|blocklist.de/apache|blocklist.de/mail|ziyadnz/hourly-ipv4,blocklist.de|brute-force|apache|rfi|ddos|spam|mail|ziyadnz|hourly,2026-08-17T18:48:05Z,2026-08-17T18:48:05Z,
5.167.69.78,ipv4,attack,high,WHITE,blocklist.de/all|blocklist.de/apache|blocklist.de/mail|ziyadnz/hourly-ipv4,blocklist.de|brute-force|apache|rfi|ddos|spam|mail|ziyadnz|hourly,2026-08-17T18:48:05Z,2026-08-17T18:48:05Z,
5.167.69.79,ipv4,attack,high,WHITE,blocklist.de/all|blocklist.de/apache|blocklist.de/mail|ziyadnz/hourly-ipv4,blocklist.de|brute-force|apache|rfi|ddos|spam|mail|ziyadnz|hourly,2026-08-17T18:48:05Z,2026-08-17T18:48:05Z,
5.167.69.80,ipv4,attack,high,WHITE,blocklist.de/all|blocklist.de/apache|blocklist.de/mail|ziyadnz/hourly-ipv4,blocklist.de|brute-force|apache|rfi|ddos|spam|mail|ziyadnz|hourly,2026-08-17T18:48:05Z,2026-08-17T18:48:05Z,
5.167.69.81,ipv4,attack,high,WHITE,blocklist.de/all|blocklist.de/apache|blocklist.de/mail|ziyadnz/hourly-ipv4,blocklist.de|brute-force|apache|rfi|ddos|spam|mail|ziyadnz|hourly,2026-08-17T18:48:05Z,2026-08-17T18:48:05Z,
5.167.69.82,ipv4,attack,high,WHITE,blocklist.de/all|blocklist.de/apache|blocklist.de/mail|ziyadnz/hourly-ipv4,blocklist.de|brute-force|apache|rfi|ddos|spam|mail|ziyadnz|hourly,2026-08-17T18:48:05Z,2026-08-17T18:48:05Z,
5.167.69.83,ipv4,attack,high,WHITE,blocklist.de/all|blocklist.de/apache|blocklist.de/mail|ziyadnz/hourly-ipv4,blocklist.de|brute-force|apache|rfi|ddos|spam|mail|ziyadnz|hourly,2026-08-17T18:48:05Z,2026-08-17T18:48:05Z,
5.167.69.84,ipv4,attack,high,WHITE,blocklist.de/all|blocklist.de/apache|blocklist.de/mail|ziyadnz/hourly-ipv4,blocklist.de|brute-force|apache|rfi|ddos|spam|mail|ziyadnz|hourly,2026-08-17T18:48:05Z,2026-08-17T18:48:05Z,
5.167.69.85,ipv4,attack,high,WHITE,blocklist.de/all|blocklist.de/apache|blocklist.de/mail|ziyadnz/hourly-ipv4,blocklist.de|brute-force|apache|rfi|ddos|spam|mail|ziyadnz|hourly,2026-08-17T18:48:05Z,2026-08-17T18:48:05Z,
5.167.69.86,ipv4,attack,high,WHITE,blocklist.de/all|blocklist.de/apache|blocklist.de/mail|ziyadnz/hourly-ipv4,blocklist.de|brute-force|apache|rfi|ddos|spam|mail|ziyadnz|hourly,2026-08-17T18:48:05Z,2026-08-17T18:48:05Z,
5.167.69.87,ipv4,attack,high,WHITE,blocklist.de/all|blocklist.de/apache|blocklist.de/mail|ziyadnz/hourly-ipv4,blocklist.de|brute-force|apache|rfi|ddos|spam|mail|ziyadnz|hourly,2026-08-17T18:48:05Z,2026-08-17T18:48:05Z,
5.167.69.88,ipv4,attack,high,WHITE,blocklist.de/all|blocklist.de/apache|blocklist.de/mail|ziyadnz/hourly-ipv4,blocklist.de|brute-force|apache|rfi|ddos|spam|mail|ziyadnz|hourly,2026-08-17T18:48:05Z,2026-08-17T18:48:05Z,
5.167.69.89,ipv4,attack,high,WHITE,blocklist.de/all|blocklist.de/apache|blocklist.de/mail|ziyadnz/hourly-ipv4,blocklist.de|brute-force|apache|rfi|ddos|spam|mail|ziyadnz|hourly,2026-08-17T18:48:05Z,2026-08-17T18:48:05Z,
5.167.69.90,ipv4,attack,high,WHITE,blocklist.de/all|blocklist.de/apache|blocklist.de/mail|ziyadnz/hourly-ipv4,blocklist.de|brute-force|apache|rfi|ddos|spam|mail|ziyadnz|hourly,2026-08-17T18:48:05Z,2026-08-17T18:48:05Z,
5.167.69.91,ipv4,attack,high,WHITE,blocklist.de/all|blocklist.de/apache|blocklist.de/mail|ziyadnz/hourly-ipv4,blocklist.de|brute-force|apache|rfi|ddos|spam|mail|ziyadnz|hourly,2026-08-17T18:48:05Z,2026-08-17T18:48:05Z,
5.167.69.92,ipv4,attack,high,WHITE,blocklist.de/all|blocklist.de/apache|blocklist.de/mail|ziyadnz/hourly-ipv4,blocklist.de|brute-force|apache|rfi|ddos|spam|mail|ziyadnz|hourly,2026-08-17T18:48:05Z,2026-08-17T18:48:05Z,
5.167.69.93,ipv4,attack,high,WHITE,blocklist.de/all|blocklist.de/apache|blocklist.de/mail|ziyadnz/hourly-ipv4,blocklist.de|brute-force|apache|rfi|ddos|spam|mail|ziyadnz|hourly,2026-08-17T18:48:05Z,2026-08-17T18:48:05Z,
5.167.69.94,ipv4,attack,high,WHITE,blocklist.de/all|blocklist.de/apache|blocklist.de/mail|ziyadnz/hourly-ipv4,blocklist.de|brute-force|apache|rfi|ddos|spam|mail|ziyadnz|hourly,2026-08-17T18:48:05Z,2026-08-17T18:48:05Z,
5.167.69.95,ipv4,attack,high,WHITE,blocklist.de/all|blocklist.de/apache|blocklist.de/mail|ziyadnz/hourly-ipv4,blocklist.de|brute-force|apache|rfi|ddos|spam|mail|ziyadnz|hourly,2026-08-17T18:48:05Z,2026-08-17T18:48:05Z,
5.167.69.96,ipv4,attack,high,WHITE,blocklist.de/all|blocklist.de/apache|blocklist.de/mail|ziyadnz/hourly-ipv4,blocklist.de|brute-force|apache|rfi|ddos|spam|mail|ziyadnz|hourly,2026-08-17T18:48:05Z,2026-08-17T18:48:05Z,
5.167.69.97,ipv4,attack,high,WHITE,blocklist.de/all|blocklist.de/apache|blocklist.de/mail|ziyadnz/hourly-ipv4,blocklist.de|brute-force|apache|rfi|ddos|spam|mail|ziyadnz|hourly,2026-08-17T18:48:05Z,2026-08-17T18:48:05Z,
5.167.69.98,ipv4,attack,high,WHITE,blocklist.de/all|blocklist.de/apache|blocklist.de/mail|ziyadnz/hourly-ipv4,blocklist.de|brute-force|apache|rfi|ddos|spam|mail|ziyadnz|hourly,2026-08-17T18:48:05Z,2026-08-17T18:48:05Z,
5.167.69.99,ipv4,attack,high,WHITE,blocklist.de/all|blocklist.de/apache|blocklist.de/mail|ziyadnz/hourly-ipv4,blocklist.de|brute-force|apache|rfi|ddos|spam|mail|ziyadnz|hourly,2026-08-17T18:48:05Z,2026-08-17T18:48:05Z,
5.167.69.100,ipv4,attack,high,WHITE,blocklist.de/all|blocklist.de/apache|blocklist.de/mail|ziyadnz/hourly-ipv4,blocklist.de|brute-force|apache|rfi|ddos|spam|mail|ziyadnz|hourly,2026-08-17T18:48:05Z,2026-08-17T18:48:05Z,
5.167.69.101,ipv4,attack,high,WHITE,blocklist.de/all|blocklist.de/apache|blocklist.de/mail|ziyadnz/hourly-ipv4,blocklist.de|brute-force|apache|rfi|ddos|spam|mail|ziyadnz|hourly,2026-08-17T18:48:05Z,2026-08-17T18:48:05Z,
5.167.69.102,ipv4,attack,high,WHITE,blocklist.de/all|blocklist.de/apache|blocklist.de/mail|ziyadnz/hourly-ipv4,blocklist.de|brute-force|apache|rfi|ddos|spam|mail|ziyadnz|hourly,2026-08-17T18:48:05Z,2026-08-17T18:48:05Z,
5.167.69.103,ipv4,attack,high,WHITE,blocklist.de/all|blocklist.de/apache|blocklist.de/mail|ziyadnz/hourly-ipv4,blocklist.de|brute-force|apache|rfi|ddos|spam|mail|ziyadnz|hourly,2026-08-17T18:48:05Z,2026-08-17T18:48:05Z,
5.167.69.104,ipv4,attack,high,WHITE,blocklist.de/all|blocklist.de/apache|blocklist.de/mail|ziyadnz/hourly-ipv4,blocklist.de|brute-force|apache|rfi|ddos|spam|mail|ziyadnz|hourly,2026-08-17T18:48:05Z,2026-08-17T18:48:05Z,
5.167.69.105,ipv4,attack,high,WHITE,blocklist.de/all|blocklist.de/apache|blocklist.de/mail|ziyadnz/hourly-ipv4,blocklist.de|brute-force|apache|rfi|ddos|spam|mail|ziyadnz|hourly,2026-08-17T18:48:05Z,2026-08-17T18:48:05Z,
5.167.69.106,ipv4,attack,high,WHITE,blocklist.de/all|blocklist.de/apache|blocklist.de/mail|ziyadnz/hourly-ipv4,blocklist.de|brute-force|apache|rfi|ddos|spam|mail|ziyadnz|hourly,2026-08-17T18:48:05Z,2026-08-17T18:48:05Z,
5.167.69.107,ipv4,attack,high,WHITE,blocklist.de/all|blocklist.de/apache|blocklist.de/mail|ziyadnz/hourly-ipv4,blocklist.de|brute-force|apache|rfi|ddos|spam|mail|ziyadnz|hourly,2026-08-17T18:48:05Z,2026-08-17T18:48:05Z,
5.167.69.108,ipv4,attack,high,WHITE,blocklist.de/all|blocklist.de/apache|blocklist.de/mail|ziyadnz/hourly-ipv4,blocklist.de|brute-force|apache|rfi|ddos|spam|mail|ziyadnz|hourly,2026-08-17T18:48:05Z,2026-08-17T18:48:05Z,
5.167.69.109,ipv4,attack,high,WHITE,blocklist.de/all|blocklist.de/apache|blocklist.de/mail|ziyadnz/hourly-ipv4,blocklist.de|brute-force|apache|rfi|ddos|spam|mail|ziyadnz|hourly,2026-08-17T18:48:05Z,2026-08-17T18:48:05Z,
5.167.69.110,ipv4,attack,high,WHITE,blocklist.de/all|blocklist.de/apache|blocklist.de/mail|ziyadnz/hourly-ipv4,blocklist.de|brute-force|apache|rfi|ddos|spam|mail|ziyadnz|hourly,2026-08-17T18:48:05Z,2026-08-17T18:48:05Z,
5.167.69.111,ipv4,attack,high,WHITE,blocklist.de/all|blocklist.de/apache|blocklist.de/mail|ziyadnz/hourly-ipv4,blocklist.de|brute-force|apache|rfi|ddos|spam|mail|ziyadnz|hourly,2026-08-17T18:48:05Z,2026-08-17T18:48:05Z,
5.167.69.112,ipv4,attack,high,WHITE,blocklist.de/all|blocklist.de/apache|blocklist.de/mail|ziyadnz/hourly-ipv4,blocklist.de|brute-force|apache|rfi|ddos|spam|mail|ziyadnz|hourly,2026-08-17T18:48:05Z,2026-08-17T18:48:05Z,
5.167.69.113,ipv4,attack,high,WHITE,blocklist.de/all|blocklist.de/apache|blocklist.de/mail|ziyadnz/hourly-ipv4,blocklist.de|brute-force|apache|rfi|ddos|spam|mail|ziyadnz|hourly,2026-08-17T18:48:05Z,2026-08-17T18:48:05Z,
5.167.69.114,ipv4,attack,high,WHITE,blocklist.de/all|blocklist.de/apache|blocklist.de/mail|ziyadnz/hourly-ipv4,blocklist.de|brute-force|apache|rfi|ddos|spam|mail|ziyadnz|hourly,2026-08-17T18:48:05Z,2026-08-17T18:48:05Z,
5.167.69.115,ipv4,attack,high,WHITE,blocklist.de/all|blocklist.de/apache|blocklist.de/mail|ziyadnz/hourly-ipv4,blocklist.de|brute-force|apache|rfi|ddos|spam|mail|ziyadnz|hourly,2026-08-17T18:48:05Z,2026-08-17T18:48:05Z,
5.167.69.116,ipv4,attack,high,WHITE,blocklist.de/all|blocklist.de/apache|blocklist.de/mail|ziyadnz/hourly-ipv4,blocklist.de|brute-force|apache|rfi|ddos|spam|mail|ziyadnz|hourly,2026-08-17T18:48:05Z,2026-08-17T18:48:05Z,
5.167.69.117,ipv4,attack,high,WHITE,blocklist.de/all|blocklist.de/apache|blocklist.de/mail|ziyadnz/hourly-ipv4,blocklist.de|brute-force|apache|rfi|ddos|spam|mail|ziyadnz|hourly,2026-08-17T18:48:05Z,2026-08-17T18:48:05Z,
5.167.69.118,ipv4,attack,high,WHITE,blocklist.de/all|blocklist.de/apache|blocklist.de/mail|ziyadnz/hourly-ipv4,blocklist.de|brute-force|apache|rfi|ddos|spam|mail|ziyadnz|hourly,2026-08-17T18:48:05Z,2026-08-17T18:48:05Z,
5.167.69.119,ipv4,attack,high,WHITE,blocklist.de/all|blocklist.de/apache|blocklist.de/mail|ziyadnz/hourly-ipv4,blocklist.de|brute-force|apache|rfi|ddos|spam|mail|ziyadnz|hourly,2026-08-17T18:48:05Z,2026-08-17T18:48:05Z,
5.167.69.120,ipv4,attack,high,WHITE,blocklist.de/all|blocklist.de/apache|blocklist.de/mail|ziyadnz/hourly-ipv4,blocklist.de|brute-force|apache|rfi|ddos|spam|mail|ziyadnz|hourly,2026-08-17T18:48:05Z,2026-08-17T18:48:05Z,
5.167.69.121,ipv4,attack,high,WHITE,blocklist.de/all|blocklist.de/apache|blocklist.de/mail|ziyadnz/hourly-ipv4,blocklist.de|brute-force|apache|rfi|ddos|spam|mail|ziyadnz|hourly,2026-08-17T18:48:05Z,2026-08-17T18:48:05Z,
5.167.69.122,ipv4,attack,high,WHITE,blocklist.de/all|blocklist.de/apache|blocklist.de/mail|ziyadnz/hourly-ipv4,blocklist.de|brute-force|apache|rfi|ddos|spam|mail|ziyadnz|hourly,2026-08-17T18:48:05Z,2026-08-17T18:48:05Z,
5.167.69.123,ipv4,attack,high,WHITE,blocklist.de/all|blocklist.de/apache|blocklist.de/mail|ziyadnz/hourly-ipv4,blocklist.de|brute-force|apache|rfi|ddos|spam|mail|ziyadnz|hourly,2026-08-17T18:48:05Z,2026-08-17T18:48:05Z,
5.167.69.124,ipv4,attack,high,WHITE,blocklist.de/all|blocklist.de/apache|blocklist.de/mail|ziyadnz/hourly-ipv4,blocklist.de|brute-force|apache|rfi|ddos|spam|mail|ziyadnz|hourly,2026-08-17T18:48:05Z,2026-08-17T18:48:05Z,
5.167.69.125,ipv4,attack,high,WHITE,blocklist.de/all|blocklist.de/apache|blocklist.de/mail|ziyadnz/hourly-ipv4,blocklist.de|brute-force|apache|rfi|ddos|spam|mail|ziyadnz|hourly,2026-08-17T18:48:05Z,2026-08-17T18:48:05Z,
5.167.69.126,ipv4,attack,high,WHITE,blocklist.de/all|blocklist.de/apache|blocklist.de/mail|ziyadnz/hourly-ipv4,blocklist.de|brute-force|apache|rfi|ddos|spam|mail|ziyadnz|hourly,2026-08-17T18:48:05Z,2026-08-17T18:48:05Z,
5.167.69.127,ipv4,attack,high,WHITE,blocklist.de/all|blocklist.de/apache|blocklist.de/mail|ziyadnz/hourly-ipv4,blocklist.de|brute-force|apache|rfi|ddos|spam|mail|ziyadnz|hourly,2026-08-17T18:48:05Z,2026-08-17T18:48:05Z,
5.167.69.128,ipv4,attack,high,WHITE,blocklist.de/all|blocklist.de/apache|blocklist.de/mail|ziyadnz/hourly-ipv4,blocklist.de|brute-force|apache|rfi|ddos|spam|mail|ziyadnz|hourly,2026-08-17T18:48:05Z,2026-08-17T18:48:05Z,
5.167.69.129,ipv4,attack,high,WHITE,blocklist.de/all|blocklist.de/apache|blocklist.de/mail|ziyadnz/hourly-ipv4,blocklist.de|brute-force|apache|rfi|ddos|spam|mail|ziyadnz|hourly,2026-08-17T18:48:05Z,2026-08-17T18:48:05Z,
5.167.69.130,ipv4,attack,high,WHITE,blocklist.de/all|blocklist.de/apache|blocklist.de/mail|ziyadnz/hourly-ipv4,blocklist.de|brute-force|apache|rfi|ddos|spam|mail|ziyadnz|hourly,2026-08-17T18:48:05Z,2026-08-17T18:48:05Z,
5.167.69.131,ipv4,attack,high,WHITE,blocklist.de/all|blocklist.de/apache|blocklist.de/mail|ziyadnz/hourly-ipv4,blocklist.de|brute-force|apache|rfi|ddos|spam|mail|ziyadnz|hourly,2026-08-17T18:48:05Z,2026-08-17T18:48:05Z,
5.167.69.132,ipv4,attack,high,WHITE,blocklist.de/all|blocklist.de/apache|blocklist.de/mail|ziyadnz/hourly-ipv4,blocklist.de|brute-force|apache|rfi|ddos|spam|mail|ziyadnz|hourly,2026-08-17T18:48:05Z,2026-08-17T18:48:05Z,
5.167.69.133,ipv4,attack,high,WHITE,blocklist.de/all|blocklist.de/apache|blocklist.de/mail|ziyadnz/hourly-ipv4,blocklist.de|brute-force|apache|rfi|ddos|spam|mail|ziyadnz|hourly,2026-08-17T18:48:05Z,2026-08-17T18:48:05Z,
5.167.69.134,ipv4,attack,high,WHITE,blocklist.de/all|blocklist.de/apache|blocklist.de/mail|ziyadnz/hourly-ipv4,blocklist.de|brute-force|apache|rfi|ddos|spam|mail|ziyadnz|hourly,2026-08-17T18:48:05Z,2026-08-17T18:48:05Z,
5.167.69.135,ipv4,attack,high,WHITE,blocklist.de/all|blocklist.de/apache|blocklist.de/mail|ziyadnz/hourly-ipv4,blocklist.de|brute-force|apache|rfi|ddos|spam|mail|ziyadnz|hourly,2026-08-17T18:48:05Z,2026-08-17T18:48:05Z,
5.167.69.136,ipv4,attack,high,WHITE,blocklist.de/all|blocklist.de/apache|blocklist.de/mail|ziyadnz/hourly-ipv4,blocklist.de|brute-force|apache|rfi|ddos|spam|mail|ziyadnz|hourly,2026-08-17T18:48:05Z,2026-08-17T18:48:05Z,
5.167.69.137,ipv4,attack,high,WHITE,blocklist.de/all|blocklist.de/apache|blocklist.de/mail|ziyadnz/hourly-ipv4,blocklist.de|brute-force|apache|rfi|ddos|spam|mail|ziyadnz|hourly,2026-08-17T18:48:05Z,2026-08-17T18:48:05Z,
5.167.69.138,ipv4,attack,high,WHITE,blocklist.de/all|blocklist.de/apache|blocklist.de/mail|ziyadnz/hourly-ipv4,blocklist.de|brute-force|apache|rfi|ddos|spam|mail|ziyadnz|hourly,2026-08-17T18:48:05Z,2026-08-17T18:48:05Z,
5.167.69.139,ipv4,attack,high,WHITE,blocklist.de/all|blocklist.de/apache|blocklist.de/mail|ziyadnz/hourly-ipv4,blocklist.de|brute-force|apache|rfi|ddos|spam|mail|ziyadnz|hourly,2026-08-17T18:48:05Z,2026-08-17T18:48:05Z,
5.167.69.140,ipv4,attack,high,WHITE,blocklist.de/all|blocklist.de/apache|blocklist.de/mail|ziyadnz/hourly-ipv4,blocklist.de|brute-force|apache|rfi|ddos|spam|mail|ziyadnz|hourly,2026-08-17T18:48:05Z,2026-08-17T18:48:05Z,
5.167.69.141,ipv4,attack,high,WHITE,blocklist.de/all|blocklist.de/apache|blocklist.de/mail|ziyadnz/hourly-ipv4,blocklist.de|brute-force|apache|rfi|ddos|spam|mail|ziyadnz|hourly,2026-08-17T18:48:05Z,2026-08-17T18:48:05Z,
5.167.69.142,ipv4,attack,high,WHITE,blocklist.de/all|blocklist.de/apache|blocklist.de/mail|ziyadnz/hourly-ipv4,blocklist.de|brute-force|apache|rfi|ddos|spam|mail|ziyadnz|hourly,2026-08-17T18:48:05Z,2026-08-17T18:48:05Z,
5.167.69.143,ipv4,attack,high,WHITE,blocklist.de/all|blocklist.de/apache|blocklist.de/mail|ziyadnz/hourly-ipv4,blocklist.de|brute-force|apache|rfi|ddos|spam|mail|ziyadnz|hourly,2026-08-17T18:48:05Z,2026-08-17T18:48:05Z,
5.167.69.144,ipv4,attack,high,WHITE,blocklist.de/all|blocklist.de/apache|blocklist.de/mail|ziyadnz/hourly-ipv4,blocklist.de|brute-force|apache|rfi|ddos|spam|mail|ziyadnz|hourly,2026-08-17T18:48:05Z,2026-08-17T18:48:05Z,
5.167.69.145,ipv4,attack,high,WHITE,blocklist.de/all|blocklist.de/apache|blocklist.de/mail|ziyadnz/hourly-ipv4,blocklist.de|brute-force|apache|rfi|ddos|spam|mail|ziyadnz|hourly,2026-08-17T18:48:05Z,2026-08-17T18:48:05Z,
5.167.69.146,ipv4,attack,high,WHITE,blocklist.de/all|blocklist.de/apache|blocklist.de/mail|ziyadnz/hourly-ipv4,blocklist.de|brute-force|apache|rfi|ddos|spam|mail|ziyadnz|hourly,2026-08-17T18:48:05Z,2026-08-17T18:48:05Z,
5.167.69.147,ipv4,attack,high,WHITE,blocklist.de/all|blocklist.de/apache|blocklist.de/mail|ziyadnz/hourly-ipv4,blocklist.de|brute-force|apache|rfi|ddos|spam|mail|ziyadnz|hourly,2026-08-17T18:48:05Z,2026-08-17T18:48:05Z,
5.167.69.148,ipv4,attack,high,WHITE,blocklist.de/all|blocklist.de/apache|blocklist.de/mail|ziyadnz/hourly-ipv4,blocklist.de|brute-force|apache|rfi|ddos|spam|mail|ziyadnz|hourly,2026-08-17T18:48:05Z,2026-08-17T18:48:05Z,
5.167.69.149,ipv4,attack,high,WHITE,blocklist.de/all|blocklist.de/apache|blocklist.de/mail|ziyadnz/hourly-ipv4,blocklist.de|brute-force|apache|rfi|ddos|spam|mail|ziyadnz|hourly,2026-08-17T18:48:05Z,2026-08-17T18:48:05Z,
5.167.69.150,ipv4,attack,high,WHITE,blocklist.de/all|blocklist.de/apache|blocklist.de/mail|ziyadnz/hourly-ipv4,blocklist.de|brute-force|apache|rfi|ddos|spam|mail|ziyadnz|hourly,2026-08-17T18:48:05Z,2026-08-17T18:48:05Z,
5.167.69.151,ipv4,attack,high,WHITE,blocklist.de/all|blocklist.de/apache|blocklist.de/mail|ziyadnz/hourly-ipv4,blocklist.de|brute-force|apache|rfi|ddos|spam|mail|ziyadnz|hourly,2026-08-17T18:48:05Z,2026-08-17T18:48:05Z,
5.167.69.152,ipv4,attack,high,WHITE,blocklist.de/all|blocklist.de/apache|blocklist.de/mail|ziyadnz/hourly-ipv4,blocklist.de|brute-force|apache|rfi|ddos|spam|mail|ziyadnz|hourly,2026-08-17T18:48:05Z,2026-08-17T18:48:05Z,
5.167.69.153,ipv4,attack,high,WHITE,blocklist.de/all|blocklist.de/apache|blocklist.de/mail|ziyadnz/hourly-ipv4,blocklist.de|brute-force|apache|rfi|ddos|spam|mail|ziyadnz|hourly,2026-08-17T18:48:05Z,2026-08-17T18:48:05Z,
5.167.69.154,ipv4,attack,high,WHITE,blocklist.de/all|blocklist.de/apache|blocklist.de/mail|ziyadnz/hourly-ipv4,blocklist.de|brute-force|apache|rfi|ddos|spam|mail|ziyadnz|hourly,2026-08-17T18:48:05Z,2026-08-17T18:48:05Z,
5.167.69.155,ipv4,attack,high,WHITE,blocklist.de/all|blocklist.de/apache|blocklist.de/mail|ziyadnz/hourly-ipv4,blocklist.de|brute-force|apache|rfi|ddos|spam|mail|ziyadnz|hourly,2026-08-17T18:48:05Z,2026-08-17T18:48:05Z,
5.167.69.156,ipv4,attack,high,WHITE,blocklist.de/all|blocklist.de/apache|blocklist.de/mail|ziyadnz/hourly-ipv4,blocklist.de|brute-force|apache|rfi|ddos|spam|mail|ziyadnz|hourly,2026-08-17T18:48:05Z,2026-08-17T18:48:05Z,
5.167.69.157,ipv4,attack,high,WHITE,blocklist.de/all|blocklist.de/apache|blocklist.de/mail|ziyadnz/hourly-ipv4,blocklist.de|brute-force|apache|rfi|ddos|spam|mail|ziyadnz|hourly,2026-08-17T18:48:05Z,2026-08-17T18:48:05Z,
5.167.69.158,ipv4,attack,high,WHITE,blocklist.de/all|blocklist.de/apache|blocklist.de/mail|ziyadnz/hourly-ipv4,blocklist.de|brute-force|apache|rfi|ddos|spam|mail|ziyadnz|hourly,2026-08-17T18:48:05Z,2026-08-17T18:48:05Z,
5.167.69.159,ipv4,attack,high,WHITE,blocklist.de/all|blocklist.de/apache|blocklist.de/mail|ziyadnz/hourly-ipv4,blocklist.de|brute-force|apache|rfi|ddos|spam|mail|ziyadnz|hourly,2026-08-17T18:48:05Z,2026-08-17T18:48:05Z,
5.167.69.160,ipv4,attack,high,WHITE,blocklist.de/all|blocklist.de/apache|blocklist.de/mail|ziyadnz/hourly-ipv4,blocklist.de|brute-force|apache|rfi|ddos|spam|mail|ziyadnz|hourly,2026-08-17T18:48:05Z,2026-08-17T18:48:05Z,
5.167.69.161,ipv4,attack,high,WHITE,blocklist.de/all|blocklist.de/apache|blocklist.de/mail|ziyadnz/hourly-ipv4,blocklist.de|brute-force|apache|rfi|ddos|spam|mail|ziyadnz|hourly,2026-08-17T18:48:05Z,2026-08-17T18:48:05Z,
5.167.69.162,ipv4,attack,high,WHITE,blocklist.de/all|blocklist.de/apache|blocklist.de/mail|ziyadnz/hourly-ipv4,blocklist.de|brute-force|apache|rfi|ddos|spam|mail|ziyadnz|hourly,2026-08-17T18:48:05Z,2026-08-17T18:48:05Z,
5.167.69.163,ipv4,attack,high,WHITE,blocklist.de/all|blocklist.de/apache|blocklist.de/mail|ziyadnz/hourly-ipv4,blocklist.de|brute-force|apache|rfi|ddos|spam|mail|ziyadnz|hourly,2026-08-17T18:48:05Z,2026-08-17T18:48:05Z,
5.167.69.164,ipv4,attack,high,WHITE,blocklist.de/all|blocklist.de/apache|blocklist.de/mail|ziyadnz/hourly-ipv4,blocklist.de|brute-force|apache|rfi|ddos|spam|mail|ziyadnz|hourly,2026-08-17T18:48:05Z,2026-08-17T18:48:05Z,
5.167.69.165,ipv4,attack,high,WHITE,blocklist.de/all|blocklist.de/apache|blocklist.de/mail|ziyadnz/hourly-ipv4,blocklist.de|brute-force|apache|rfi|ddos|spam|mail|ziyadnz|hourly,2026-08-17T18:48:05Z,2026-08-17T18:48:05Z,
5.167.69.166,ipv4,attack,high,WHITE,blocklist.de/all|blocklist.de/apache|blocklist.de/mail|ziyadnz/hourly-ipv4,blocklist.de|brute-force|apache|rfi|ddos|spam|mail|ziyadnz|hourly,2026-08-17T18:48:05Z,2026-08-17T18:48:05Z,
5.167.69.167,ipv4,attack,high,WHITE,blocklist.de/all|blocklist.de/apache|blocklist.de/mail|ziyadnz/hourly-ipv4,blocklist.de|brute-force|apache|rfi|ddos|spam|mail|ziyadnz|hourly,2026-08-17T18:48:05Z,2026-08-17T18:48:05Z,
5.167.69.168,ipv4,attack,high,WHITE,blocklist.de/all|blocklist.de/apache|blocklist.de/mail|ziyadnz/hourly-ipv4,blocklist.de|brute-force|apache|rfi|ddos|spam|mail|ziyadnz|hourly,2026-08-17T18:48:05Z,2026-08-17T18:48:05Z,
5.167.69.169,ipv4,attack,high,WHITE,blocklist.de/all|blocklist.de/apache|blocklist.de/mail|ziyadnz/hourly-ipv4,blocklist.de|brute-force|apache|rfi|ddos|spam|mail|ziyadnz|hourly,2026-08-17T18:48:05Z,2026-08-17T18:48:05Z,
5.167.69.170,ipv4,attack,high,WHITE,blocklist.de/all|blocklist.de/apache|blocklist.de/mail|ziyadnz/hourly-ipv4,blocklist.de|brute-force|apache|rfi|ddos|spam|mail|ziyadnz|hourly,2026-08-17T18:48:05Z,2026-08-17T18:48:05Z,
5.167.69.171,ipv4,attack,high,WHITE,blocklist.de/all|blocklist.de/apache|blocklist.de/mail|ziyadnz/hourly-ipv4,blocklist.de|brute-force|apache|rfi|ddos|spam|mail|ziyadnz|hourly,2026-08-17T18:48:05Z,2026-08-17T18:48:05Z,
5.167.69.172,ipv4,attack,high,WHITE,blocklist.de/all|blocklist.de/apache|blocklist.de/mail|ziyadnz/hourly-ipv4,blocklist.de|brute-force|apache|rfi|ddos|spam|mail|ziyadnz|hourly,2026-08-17T18:48:05Z,2026-08-17T18:48:05Z,
5.167.69.173,ipv4,attack,high,WHITE,blocklist.de/all|blocklist.de/apache|blocklist.de/mail|ziyadnz/hourly-ipv4,blocklist.de|brute-force|apache|rfi|ddos|spam|mail|ziyadnz|hourly,2026-08-17T18:48:05Z,2026-08-17T18:48:05Z,
5.167.69.174,ipv4,attack,high,WHITE,blocklist.de/all|blocklist.de/apache|blocklist.de/mail|ziyadnz/hourly-ipv4,blocklist.de|brute-force|apache|rfi|ddos|spam|mail|ziyadnz|hourly,2026-08-17T18:48:05Z,2026-08-17T18:48:05Z,
5.167.69.175,ipv4,attack,high,WHITE,blocklist.de/all|blocklist.de/apache|blocklist.de/mail|ziyadnz/hourly-ipv4,blocklist.de|brute-force|apache|rfi|ddos|spam|mail|ziyadnz|hourly,2026-08-17T18:48:05Z,2026-08-17T18:48:05Z,
5.167.69.176,ipv4,attack,high,WHITE,blocklist.de/all|blocklist.de/apache|blocklist.de/mail|ziyadnz/hourly-ipv4,blocklist.de|brute-force|apache|rfi|ddos|spam|mail|ziyadnz|hourly,2026-08-17T18:48:05Z,2026-08-17T18:48:05Z,
5.167.69.177,ipv4,attack,high,WHITE,blocklist.de/all|blocklist.de/apache|blocklist.de/mail|ziyadnz/hourly-ipv4,blocklist.de|brute-force|apache|rfi|ddos|spam|mail|ziyadnz|hourly,2026-08-17T18:48:05Z,2026-08-17T18:48:05Z,
5.167.69.178,ipv4,attack,high,WHITE,blocklist.de/all|blocklist.de/apache|blocklist.de/mail|ziyadnz/hourly-ipv4,blocklist.de|brute-force|apache|rfi|ddos|spam|mail|ziyadnz|hourly,2026-08-17T18:48:05Z,2026-08-17T18:48:05Z,
5.167.69.179,ipv4,attack,high,WHITE,blocklist.de/all|blocklist.de/apache|blocklist.de/mail|ziyadnz/hourly-ipv4,blocklist.de|brute-force|apache|rfi|ddos|spam|mail|ziyadnz|hourly,2026-08-17T18:48:05Z,2026-08-17T18:48:05Z,
5.167.69.180,ipv4,attack,high,WHITE,blocklist.de/all|blocklist.de/apache|blocklist.de/mail|ziyadnz/hourly-ipv4,blocklist.de|brute-force|apache|rfi|ddos|spam|mail|ziyadnz|hourly,2026-08-17T18:48:05Z,2026-08-17T18:48:05Z,
5.167.69.181,ipv4,attack,high,WHITE,blocklist.de/all|blocklist.de/apache|blocklist.de/mail|ziyadnz/hourly-ipv4,blocklist.de|brute-force|apache|rfi|ddos|spam|mail|ziyadnz|hourly,2026-08-17T18:48:05Z,2026-08-17T18:48:05Z,
5.167.69.182,ipv4,attack,high,WHITE,blocklist.de/all|blocklist.de/apache|blocklist.de/mail|ziyadnz/hourly-ipv4,blocklist.de|brute-force|apache|rfi|ddos|spam|mail|ziyadnz|hourly,2026-08-17T18:48:05Z,2026-08-17T18:48:05Z,
5.167.69.183,ipv4,attack,high,WHITE,blocklist.de/all|blocklist.de/apache|blocklist.de/mail|ziyadnz/hourly-ipv4,blocklist.de|brute-force|apache|rfi|ddos|spam|mail|ziyadnz|hourly,2026-08-17T18:48:05Z,2026-08-17T18:48:05Z,
5.167.69.184,ipv4,attack,high,WHITE,blocklist.de/all|blocklist.de/apache|blocklist.de/mail|ziyadnz/hourly-ipv4,blocklist.de|brute-force|apache|rfi|ddos|spam|mail|ziyadnz|hourly,2026-08-17T18:48:05Z,2026-08-17T18:48:05Z,
5.167.69.185,ipv4,attack,high,WHITE,blocklist.de/all|blocklist.de/apache|blocklist.de/mail|ziyadnz/hourly-ipv4,blocklist.de|brute-force|apache|rfi|ddos|spam|mail|ziyadnz|hourly,2026-08-17T18:48:05Z,2026-08-17T18:48:05Z,
5.167.69.186,ipv4,attack,high,WHITE,blocklist.de/all|blocklist.de/apache|blocklist.de/mail|ziyadnz/hourly-ipv4,blocklist.de|brute-force|apache|rfi|ddos|spam|mail|ziyadnz|hourly,2026-08-17T18:48:05Z,2026-08-17T18:48:05Z,
5.167.69.187,ipv4,attack,high,WHITE,blocklist.de/all|blocklist.de/apache|blocklist.de/mail|ziyadnz/hourly-ipv4,blocklist.de|brute-force|apache|rfi|ddos|spam|mail|ziyadnz|hourly,2026-08-17T18:48:05Z,2026-08-17T18:48:05Z,
5.167.69.188,ipv4,attack,high,WHITE,blocklist.de/all|blocklist.de/apache|blocklist.de/mail|ziyadnz/hourly-ipv4,blocklist.de|brute-force|apache|rfi|ddos|spam|mail|ziyadnz|hourly,2026-08-17T18:48:05Z,2026-08-17T18:48:05Z,
5.167.69.189,ipv4,attack,high,WHITE,blocklist.de/all|blocklist.de/apache|blocklist.de/mail|ziyadnz/hourly-ipv4,blocklist.de|brute-force|apache|rfi|ddos|spam|mail|ziyadnz|hourly,2026-08-17T18:48:05Z,2026-08-17T18:48:05Z,
5.167.69.190,ipv4,attack,high,WHITE,blocklist.de/all|blocklist.de/apache|blocklist.de/mail|ziyadnz/hourly-ipv4,blocklist.de|brute-force|apache|rfi|ddos|spam|mail|ziyadnz|hourly,2026-08-17T18:48:05Z,2026-08-17T18:48:05Z,
5.167.69.191,ipv4,attack,high,WHITE,blocklist.de/all|blocklist.de/apache|blocklist.de/mail|ziyadnz/hourly-ipv4,blocklist.de|brute-force|apache|rfi|ddos|spam|mail|ziyadnz|hourly,2026-08-17T18:48:05Z,2026-08-17T18:48:05Z,
5.167.69.192,ipv4,attack,high,WHITE,blocklist.de/all|blocklist.de/apache|blocklist.de/mail|ziyadnz/hourly-ipv4,blocklist.de|brute-force|apache|rfi|ddos|spam|mail|ziyadnz|hourly,2026-08-17T18:48:05Z,2026-08-17T18:48:05Z,
5.167.69.193,ipv4,attack,high,WHITE,blocklist.de/all|blocklist.de/apache|blocklist.de/mail|ziyadnz/hourly-ipv4,blocklist.de|brute-force|apache|rfi|ddos|spam|mail|ziyadnz|hourly,2026-08-17T18:48:05Z,2026-08-17T18:48:05Z,
5.167.69.194,ipv4,attack,high,WHITE,blocklist.de/all|blocklist.de/apache|blocklist.de/mail|ziyadnz/hourly-ipv4,blocklist.de|brute-force|apache|rfi|ddos|spam|mail|ziyadnz|hourly,2026-08-17T18:48:05Z,2026-08-17T18:48:05Z,
5.167.69.195,ipv4,attack,high,WHITE,blocklist.de/all|blocklist.de/apache|blocklist.de/mail|ziyadnz/hourly-ipv4,blocklist.de|brute-force|apache|rfi|ddos|spam|mail|ziyadnz|hourly,2026-08-17T18:48:05Z,2026-08-17T18:48:05Z,
5.167.69.196,ipv4,attack,high,WHITE,blocklist.de/all|blocklist.de/apache|blocklist.de/mail|ziyadnz/hourly-ipv4,blocklist.de|brute-force|apache|rfi|ddos|spam|mail|ziyadnz|hourly,2026-08-17T18:48:05Z,2026-08-17T18:48:05Z,
5.167.69.197,ipv4,attack,high,WHITE,blocklist.de/all|blocklist.de/apache|blocklist.de/mail|ziyadnz/hourly-ipv4,blocklist.de|brute-force|apache|rfi|ddos|spam|mail|ziyadnz|hourly,2026-08-17T18:48:05Z,2026-08-17T18:48:05Z,
5.167.69.198,ipv4,attack,high,WHITE,blocklist.de/all|blocklist.de/apache|blocklist.de/mail|ziyadnz/hourly-ipv4,blocklist.de|brute-force|apache|rfi|ddos|spam|mail|ziyadnz|hourly,2026-08-17T18:48:05Z,2026-08-17T18:48:05Z,
5.167.69.199,ipv4,attack,high,WHITE,blocklist.de/all|blocklist.de/apache|blocklist.de/mail|ziyadnz/hourly-ipv4,blocklist.de|brute-force|apache|rfi|ddos|spam|mail|ziyadnz|hourly,2026-08-17T18:48:05Z,2026-08-17T18:48:05Z,
5.167.69.200,ipv4,attack,high,WHITE,blocklist.de/all|blocklist.de/apache|blocklist.de/mail|ziyadnz/hourly-ipv4,blocklist.de|brute-force|apache|rfi|ddos|spam|mail|ziyadnz|hourly,2026-08-17T18:48:05Z,2026-08-17T18:48:05Z,
5.167.69.201,ipv4,attack,high,WHITE,blocklist.de/all|blocklist.de/apache|blocklist.de/mail|ziyadnz/hourly-ipv4,blocklist.de|brute-force|apache|rfi|ddos|spam|mail|ziyadnz|hourly,2026-08-17T18:48:05Z,2026-08-17T18:48:05Z,
5.167.69.202,ipv4,attack,high,WHITE,blocklist.de/all|blocklist.de/apache|blocklist.de/mail|ziyadnz/hourly-ipv4,blocklist.de|brute-force|apache|rfi|ddos|spam|mail|ziyadnz|hourly,2026-08-17T18:48:05Z,2026-08-17T18:48:05Z,
5.167.69.203,ipv4,attack,high,WHITE,blocklist.de/all|blocklist.de/apache|blocklist.de/mail|ziyadnz/hourly-ipv4,blocklist.de|brute-force|apache|rfi|ddos|spam|mail|ziyadnz|hourly,2026-08-17T18:48:05Z,2026-08-17T18:48:05Z,
5.167.69.204,ipv4,attack,high,WHITE,blocklist.de/all|blocklist.de/apache|blocklist.de/mail|ziyadnz/hourly-ipv4,blocklist.de|brute-force|apache|rfi|ddos|spam|mail|ziyadnz|hourly,2026-08-17T18:48:05Z,2026-08-17T18:48:05Z,
5.167.69.205,ipv4,attack,high,WHITE,blocklist.de/all|blocklist.de/apache|blocklist.de/mail|ziyadnz/hourly-ipv4,blocklist.de|brute-force|apache|rfi|ddos|spam|mail|ziyadnz|hourly,2026-08-17T18:48:05Z,2026-08-17T18:48:05Z,
5.167.69.206,ipv4,attack,high,WHITE,blocklist.de/all|blocklist.de/apache|blocklist.de/mail|ziyadnz/hourly-ipv4,blocklist.de|brute-force|apache|rfi|ddos|spam|mail|ziyadnz|hourly,2026-08-17T18:48:05Z,2026-08-17T18:48:05Z,
5.167.69.207,ipv4,attack,high,WHITE,blocklist.de/all|blocklist.de/apache|blocklist.de/mail|ziyadnz/hourly-ipv4,blocklist.de|brute-force|apache|rfi|ddos|spam|mail|ziyadnz|hourly,2026-08-17T18:48:05Z,2026-08-17T18:48:05Z,
5.167.69.208,ipv4,attack,high,WHITE,blocklist.de/all|blocklist.de/apache|blocklist.de/mail|ziyadnz/hourly-ipv4,blocklist.de|brute-force|apache|rfi|ddos|spam|mail|ziyadnz|hourly,2026-08-17T18:48:05Z,2026-08-17T18:48:05Z,
5.167.69.209,ipv4,attack,high,WHITE,blocklist.de/all|blocklist.de/apache|blocklist.de/mail|ziyadnz/hourly-ipv4,blocklist.de|brute-force|apache|rfi|ddos|spam|mail|ziyadnz|hourly,2026-08-17T18:48:05Z,2026-08-17T18:48:05Z,
5.167.69.210,ipv4,attack,high,WHITE,blocklist.de/all|blocklist.de/apache|blocklist.de/mail|ziyadnz/hourly-ipv4,blocklist.de|brute-force|apache|rfi|ddos|spam|mail|ziyadnz|hourly,2026-08-17T18:48:05Z,2026-08-17T18:48:05Z,
5.167.69.211,ipv4,attack,high,WHITE,blocklist.de/all|blocklist.de/apache|blocklist.de/mail|ziyadnz/hourly-ipv4,blocklist.de|brute-force|apache|rfi|ddos|spam|mail|ziyadnz|hourly,2026-08-17T18:48:05Z,2026-08-17T18:48:05Z,
5.167.69.212,ipv4,attack,high,WHITE,blocklist.de/all|blocklist.de/apache|blocklist.de/mail|ziyadnz/hourly-ipv4,blocklist.de|brute-force|apache|rfi|ddos|spam|mail|ziyadnz|hourly,2026-08-17T18:48:05Z,2026-08-17T18:48:05Z,
5.167.69.213,ipv4,attack,high,WHITE,blocklist.de/all|blocklist.de/apache|blocklist.de/mail|ziyadnz/hourly-ipv4,blocklist.de|brute-force|apache|rfi|ddos|spam|mail|ziyadnz|hourly,2026-08-17T18:48:05Z,2026-08-17T18:48:05Z,
5.167.69.214,ipv4,attack,high,WHITE,blocklist.de/all|blocklist.de/apache|blocklist.de/mail|ziyadnz/hourly-ipv4,blocklist.de|brute-force|apache|rfi|ddos|spam|mail|ziyadnz|hourly,2026-08-17T18:48:05Z,2026-08-17T18:48:05Z,
5.167.69.215,ipv4,attack,high,WHITE,blocklist.de/all|blocklist.de/apache|blocklist.de/mail|ziyadnz/hourly-ipv4,blocklist.de|brute-force|apache|rfi|ddos|spam|mail|ziyadnz|hourly,2026-08-17T18:48:05Z,2026-08-17T18:48:05Z,
5.167.69.216,ipv4,attack,high,WHITE,blocklist.de/all|blocklist.de/apache|blocklist.de/mail|ziyadnz/hourly-ipv4,blocklist.de|brute-force|apache|rfi|ddos|spam|mail|ziyadnz|hourly,2026-08-17T18:48:05Z,2026-08-17T18:48:05Z,
5.167.69.217,ipv4,attack,high,WHITE,blocklist.de/all|blocklist.de/apache|blocklist.de/mail|ziyadnz/hourly-ipv4,blocklist.de|brute-force|apache|rfi|ddos|spam|mail|ziyadnz|hourly,2026-08-17T18:48:05Z,2026-08-17T18:48:05Z,
5.167.69.218,ipv4,attack,high,WHITE,blocklist.de/all|blocklist.de/apache|blocklist.de/mail|ziyadnz/hourly-ipv4,blocklist.de|brute-force|apache|rfi|ddos|spam|mail|ziyadnz|hourly,2026-08-17T18:48:05Z,2026-08-17T18:48:05Z,
5.167.69.219,ipv4,attack,high,WHITE,blocklist.de/all|blocklist.de/apache|blocklist.de/mail|ziyadnz/hourly-ipv4,blocklist.de|brute-force|apache|rfi|ddos|spam|mail|ziyadnz|hourly,2026-08-17T18:48:05Z,2026-08-17T18:48:05Z,
5.167.69.220,ipv4,attack,high,WHITE,blocklist.de/all|blocklist.de/apache|blocklist.de/mail|ziyadnz/hourly-ipv4,blocklist.de|brute-force|apache|rfi|ddos|spam|mail|ziyadnz|hourly,2026-08-17T18:48:05Z,2026-08-17T18:48:05Z,
5.167.69.221,ipv4,attack,high,WHITE,blocklist.de/all|blocklist.de/apache|blocklist.de/mail|ziyadnz/hourly-ipv4,blocklist.de|brute-force|apache|rfi|ddos|spam|mail|ziyadnz|hourly,2026-08-17T18:48:05Z,2026-08-17T18:48:05Z,
5.167.69.222,ipv4,attack,high,WHITE,blocklist.de/all|blocklist.de/apache|blocklist.de/mail|ziyadnz/hourly-ipv4,blocklist.de|brute-force|apache|rfi|ddos|spam|mail|ziyadnz|hourly,2026-08-17T18:48:05Z,2026-08-17T18:48:05Z,
5.167.69.223,ipv4,attack,high,WHITE,blocklist.de/all|blocklist.de/apache|blocklist.de/mail|ziyadnz/hourly-ipv4,blocklist.de|brute-force|apache|rfi|ddos|spam|mail|ziyadnz|hourly,2026-08-17T18:48:05Z,2026-08-17T18:48:05Z,
5.167.69.224,ipv4,attack,high,WHITE,blocklist.de/all|blocklist.de/apache|blocklist.de/mail|ziyadnz/hourly-ipv4,blocklist.de|brute-force|apache|rfi|ddos|spam|mail|ziyadnz|hourly,2026-08-17T18:48:05Z,2026-08-17T18:48:05Z,
5.167.69.225,ipv4,attack,high,WHITE,blocklist.de/all|blocklist.de/apache|blocklist.de/mail|ziyadnz/hourly-ipv4,blocklist.de|brute-force|apache|rfi|ddos|spam|mail|ziyadnz|hourly,2026-08-17T18:48:05Z,2026-08-17T18:48:05Z,
5.167.69.226,ipv4,attack,high,WHITE,blocklist.de/all|blocklist.de/apache|blocklist.de/mail|ziyadnz/hourly-ipv4,blocklist.de|brute-force|apache|rfi|ddos|spam|mail|ziyadnz|hourly,2026-08-17T18:48:05Z,2026-08-17T18:48:05Z,
5.167.69.227,ipv4,attack,high,WHITE,blocklist.de/all|blocklist.de/apache|blocklist.de/mail|ziyadnz/hourly-ipv4,blocklist.de|brute-force|apache|rfi|ddos|spam|mail|ziyadnz|hourly,2026-08-17T18:48:05Z,2026-08-17T18:48:05Z,
5.167.69.228,ipv4,attack,high,WHITE,blocklist.de/all|blocklist.de/apache|blocklist.de/mail|ziyadnz/hourly-ipv4,blocklist.de|brute-force|apache|rfi|ddos|spam|mail|ziyadnz|hourly,2026-08-17T18:48:05Z,2026-08-17T18:48:05Z,
5.167.69.229,ipv4,attack,high,WHITE,blocklist.de/all|blocklist.de/apache|blocklist.de/mail|ziyadnz/hourly-ipv4,blocklist.de|brute-force|apache|rfi|ddos|spam|mail|ziyadnz|hourly,2026-08-17T18:48:05Z,2026-08-17T18:48:05Z,
5.167.69.230,ipv4,attack,high,WHITE,blocklist.de/all|blocklist.de/apache|blocklist.de/mail|ziyadnz/hourly-ipv4,blocklist.de|brute-force|apache|rfi|ddos|spam|mail|ziyadnz|hourly,2026-08-17T18:48:05Z,2026-08-17T18:48:05Z,
5.167.69.231,ipv4,attack,high,WHITE,blocklist.de/all|blocklist.de/apache|blocklist.de/mail|ziyadnz/hourly-ipv4,blocklist.de|brute-force|apache|rfi|ddos|spam|mail|ziyadnz|hourly,2026-08-17T18:48:05Z,2026-08-17T18:48:05Z,
5.167.69.232,ipv4,attack,high,WHITE,blocklist.de/all|blocklist.de/apache|blocklist.de/mail|ziyadnz/hourly-ipv4,blocklist.de|brute-force|apache|rfi|ddos|spam|mail|ziyadnz|hourly,2026-08-17T18:48:05Z,2026-08-17T18:48:05Z,
5.167.69.233,ipv4,attack,high,WHITE,blocklist.de/all|blocklist.de/apache|blocklist.de/mail|ziyadnz/hourly-ipv4,blocklist.de|brute-force|apache|rfi|ddos|spam|mail|ziyadnz|hourly,2026-08-17T18:48:05Z,2026-08-17T18:48:05Z,
5.167.69.234,ipv4,attack,high,WHITE,blocklist.de/all|blocklist.de/apache|blocklist.de/mail|ziyadnz/hourly-ipv4,blocklist.de|brute-force|apache|rfi|ddos|spam|mail|ziyadnz|hourly,2026-08-17T18:48:05Z,2026-08-17T18:48:05Z,
5.167.69.235,ipv4,attack,high,WHITE,blocklist.de/all|blocklist.de/apache|blocklist.de/mail|ziyadnz/hourly-ipv4,blocklist.de|brute-force|apache|rfi|ddos|spam|mail|ziyadnz|hourly,2026-08-17T18:48:05Z,2026-08-17T18:48:05Z,
5.167.69.236,ipv4,attack,high,WHITE,blocklist.de/all|blocklist.de/apache|blocklist.de/mail|ziyadnz/hourly-ipv4,blocklist.de|brute-force|apache|rfi|ddos|spam|mail|ziyadnz|hourly,2026-08-17T18:48:05Z,2026-08-17T18:48:05Z,
5.167.69.237,ipv4,attack,high,WHITE,blocklist.de/all|blocklist.de/apache|blocklist.de/mail|ziyadnz/hourly-ipv4,blocklist.de|brute-force|apache|rfi|ddos|spam|mail|ziyadnz|hourly,2026-08-17T18:48:05Z,2026-08-17T18:48:05Z,
5.167.69.238,ipv4,attack,high,WHITE,blocklist.de/all|blocklist.de/apache|blocklist.de/mail|ziyadnz/hourly-ipv4,blocklist.de|brute-force|apache|rfi|ddos|spam|mail|ziyadnz|hourly,2026-08-17T18:48:05Z,2026-08-17T18:48:05Z,
5.167.69.239,ipv4,attack,high,WHITE,blocklist.de/all|blocklist.de/apache|blocklist.de/mail|ziyadnz/hourly-ipv4,blocklist.de|brute-force|apache|rfi|ddos|spam|mail|ziyadnz|hourly,2026-08-17T18:48:05Z,2026-08-17T18:48:05Z,
5.167.69.240,ipv4,attack,high,WHITE,blocklist.de/all|blocklist.de/apache|blocklist.de/mail|ziyadnz/hourly-ipv4,blocklist.de|brute-force|apache|rfi|ddos|spam|mail|ziyadnz|hourly,2026-08-17T18:48:05Z,2026-08-17T18:48:05Z,
5.167.69.241,ipv4,attack,high,WHITE,blocklist.de/all|blocklist.de/apache|blocklist.de/mail|ziyadnz/hourly-ipv4,blocklist.de|brute-force|apache|rfi|ddos|spam|mail|ziyadnz|hourly,2026-08-17T18:48:05Z,2026-08-17T18:48:05Z,
5.167.69.242,ipv4,attack,high,WHITE,blocklist.de/all|blocklist.de/apache|blocklist.de/mail|ziyadnz/hourly-ipv4,blocklist.de|brute-force|apache|rfi|ddos|spam|mail|ziyadnz|hourly,2026-08-17T18:48:05Z,2026-08-17T18:48:05Z,
5.167.69.243,ipv4,attack,high,WHITE,blocklist.de/all|blocklist.de/apache|blocklist.de/mail|ziyadnz/hourly-ipv4,blocklist.de|brute-force|apache|rfi|ddos|spam|mail|ziyadnz|hourly,2026-08-17T18:48:05Z,2026-08-17T18:48:05Z,
5.167.69.244,ipv4,attack,high,WHITE,blocklist.de/all|blocklist.de/apache|blocklist.de/mail|ziyadnz/hourly-ipv4,blocklist.de|brute-force|apache|rfi|ddos|spam|mail|ziyadnz|hourly,2026-08-17T18:48:05Z,2026-08-17T18:48:05Z,
5.167.69.245,ipv4,attack,high,WHITE,blocklist.de/all|blocklist.de/apache|blocklist.de/mail|ziyadnz/hourly-ipv4,blocklist.de|brute-force|apache|rfi|ddos|spam|mail|ziyadnz|hourly,2026-08-17T18:48:05Z,2026-08-17T18:48:05Z,
5.167.69.246,ipv4,attack,high,WHITE,blocklist.de/all|blocklist.de/apache|blocklist.de/mail|ziyadnz/hourly-ipv4,blocklist.de|brute-force|apache|rfi|ddos|spam|mail|ziyadnz|hourly,2026-08-17T18:48:05Z,2026-08-17T18:48:05Z,
5.167.69.247,ipv4,attack,high,WHITE,blocklist.de/all|blocklist.de/apache|blocklist.de/mail|ziyadnz/hourly-ipv4,blocklist.de|brute-force|apache|rfi|ddos|spam|mail|ziyadnz|hourly,2026-08-17T18:48:05Z,2026-08-17T18:48:05Z,
5.167.69.248,ipv4,attack,high,WHITE,blocklist.de/all|blocklist.de/apache|blocklist.de/mail|ziyadnz/hourly-ipv4,blocklist.de|brute-force|apache|rfi|ddos|spam|mail|ziyadnz|hourly,2026-08-17T18:48:05Z,2026-08-17T18:48:05Z,
5.167.69.249,ipv4,attack,high,WHITE,blocklist.de/all|blocklist.de/apache|blocklist.de/mail|ziyadnz/hourly-ipv4,blocklist.de|brute-force|apache|rfi|ddos|spam|mail|ziyadnz|hourly,2026-08-17T18:48:05Z,2026-08-17T18:48:05Z,
5.167.69.250,ipv4,attack,high,WHITE,blocklist.de/all|blocklist.de/apache|blocklist.de/mail|ziyadnz/hourly-ipv4,blocklist.de|brute-force|apache|rfi|ddos|spam|mail|ziyadnz|hourly,2026-08-17T18:48:05Z,2026-08-17T18:48:05Z,
5.167.69.251,ipv4,attack,high,WHITE,blocklist.de/all|blocklist.de/apache|blocklist.de/mail|ziyadnz/hourly-ipv4,blocklist.de|brute-force|apache|rfi|ddos|spam|mail|ziyadnz|hourly,2026-08-17T18:48:05Z,2026-08-17T18:48:05Z,
5.167.69.252,ipv4,attack,high,WHITE,blocklist.de/all|blocklist.de/apache|blocklist.de/mail|ziyadnz/hourly-ipv4,blocklist.de|brute-force|apache|rfi|ddos|spam|mail|ziyadnz|hourly,2026-08-17T18:48:05Z,2026-08-17T18:48:05Z,
5.167.69.253,ipv4,attack,high,WHITE,blocklist.de/all|blocklist.de/apache|blocklist.de/mail|ziyadnz/hourly-ipv4,blocklist.de|brute-force|apache|rfi|ddos|spam|mail|ziyadnz|hourly,2026-08-17T18:48:05Z,2026-08-17T18:48:05Z,
5.167.69.254,ipv4,attack,high,WHITE,blocklist.de/all|blocklist.de/apache|blocklist.de/mail|ziyadnz/hourly-ipv4,blocklist.de|brute-force|apache|rfi|ddos|spam|mail|ziyadnz|hourly,2026-08-17T18:48:05Z,2026-08-17T18:48:05Z,
5.167.69.255,ipv4,attack,high,WHITE,blocklist.de/all|blocklist.de/apache|blocklist.de/mail|ziyadnz/hourly-ipv4,blocklist.de|brute-force|apache|rfi|ddos|spam|mail|ziyadnz|hourly,2026-08-17T18:48:05Z,2026-08-17T18:48:05Z,
5.167.70.0,ipv4,attack,high,WHITE,blocklist.de/all|blocklist.de/apache|blocklist.de/mail|ziyadnz/hourly-ipv4,blocklist.de|brute-force|apache|rfi|ddos|spam|mail|ziyadnz|hourly,2026-08-17T18:48:05Z,2026-08-17T18:48:05Z,
5.167.70.1,ipv4,attack,high,WHITE,blocklist.de/all|blocklist.de/apache|blocklist.de/mail|ziyadnz/hourly-ipv4,blocklist.de|brute-force|apache|rfi|ddos|spam|mail|ziyadnz|hourly,2026-08-17T18:48:05Z,2026-08-17T18:48:05Z,
5.167.70.2,ipv4,attack,high,WHITE,blocklist.de/all|blocklist.de/apache|blocklist.de/mail|ziyadnz/hourly-ipv4,blocklist.de|brute-force|apache|rfi|ddos|spam|mail|ziyadnz|hourly,2026-08-17T18:48:05Z,2026-08-17T18:48:05Z,
5.167.70.3,ipv4,attack,high,WHITE,blocklist.de/all|blocklist.de/apache|blocklist.de/mail|ziyadnz/hourly-ipv4,blocklist.de|brute-force|apache|rfi|ddos|spam|mail|ziyadnz|hourly,2026-08-17T18:48:05Z,2026-08-17T18:48:05Z,
5.167.70.4,ipv4,attack,high,WHITE,blocklist.de/all|blocklist.de/apache|blocklist.de/mail|ziyadnz/hourly-ipv4,blocklist.de|brute-force|apache|rfi|ddos|spam|mail|ziyadnz|hourly,2026-08-17T18:48:05Z,2026-08-17T18:48:05Z,
5.167.70.5,ipv4,attack,high,WHITE,blocklist.de/all|blocklist.de/apache|blocklist.de/mail|ziyadnz/hourly-ipv4,blocklist.de|brute-force|apache|rfi|ddos|spam|mail|ziyadnz|hourly,2026-08-17T18:48:05Z,2026-08-17T18:48:05Z,
5.167.70.6,ipv4,attack,high,WHITE,blocklist.de/all|blocklist.de/apache|blocklist.de/mail|ziyadnz/hourly-ipv4,blocklist.de|brute-force|apache|rfi|ddos|spam|mail|ziyadnz|hourly,2026-08-17T18:48:05Z,2026-08-17T18:48:05Z,
5.167.70.7,ipv4,attack,high,WHITE,blocklist.de/all|blocklist.de/apache|blocklist.de/mail|ziyadnz/hourly-ipv4,blocklist.de|brute-force|apache|rfi|ddos|spam|mail|ziyadnz|hourly,2026-08-17T18:48:05Z,2026-08-17T18:48:05Z,
5.167.70.8,ipv4,attack,high,WHITE,blocklist.de/all|blocklist.de/apache|blocklist.de/mail|ziyadnz/hourly-ipv4,blocklist.de|brute-force|apache|rfi|ddos|spam|mail|ziyadnz|hourly,2026-08-17T18:48:05Z,2026-08-17T18:48:05Z,
5.167.70.9,ipv4,attack,high,WHITE,blocklist.de/all|blocklist.de/apache|blocklist.de/mail|ziyadnz/hourly-ipv4,blocklist.de|brute-force|apache|rfi|ddos|spam|mail|ziyadnz|hourly,2026-08-17T18:48:05Z,2026-08-17T18:48:05Z,
5.167.70.10,ipv4,attack,high,WHITE,blocklist.de/all|blocklist.de/apache|blocklist.de/mail|ziyadnz/hourly-ipv4,blocklist.de|brute-force|apache|rfi|ddos|spam|mail|ziyadnz|hourly,2026-08-17T18:48:05Z,2026-08-17T18:48:05Z,
5.167.70.11,ipv4,attack,high,WHITE,blocklist.de/all|blocklist.de/apache|blocklist.de/mail|ziyadnz/hourly-ipv4,blocklist.de|brute-force|apache|rfi|ddos|spam|mail|ziyadnz|hourly,2026-08-17T18:48:05Z,2026-08-17T18:48:05Z,
5.167.70.12,ipv4,attack,high,WHITE,blocklist.de/all|blocklist.de/apache|blocklist.de/mail|ziyadnz/hourly-ipv4,blocklist.de|brute-force|apache|rfi|ddos|spam|mail|ziyadnz|hourly,2026-08-17T18:48:05Z,2026-08-17T18:48:05Z,
5.167.70.13,ipv4,attack,high,WHITE,blocklist.de/all|blocklist.de/apache|blocklist.de/mail|ziyadnz/hourly-ipv4,blocklist.de|brute-force|apache|rfi|ddos|spam|mail|ziyadnz|hourly,2026-08-17T18:48:05Z,2026-08-17T18:48:05Z,
5.167.70.14,ipv4,attack,high,WHITE,blocklist.de/all|blocklist.de/apache|blocklist.de/mail|ziyadnz/hourly-ipv4,blocklist.de|brute-force|apache|rfi|ddos|spam|mail|ziyadnz|hourly,2026-08-17T18:48:05Z,2026-08-17T18:48:05Z,
5.167.70.15,ipv4,attack,high,WHITE,blocklist.de/all|blocklist.de/apache|blocklist.de/mail|ziyadnz/hourly-ipv4,blocklist.de|brute-force|apache|rfi|ddos|spam|mail|ziyadnz|hourly,2026-08-17T18:48:05Z,2026-08-17T18:48:05Z,
5.167.70.16,ipv4,attack,high,WHITE,blocklist.de/all|blocklist.de/apache|blocklist.de/mail|ziyadnz/hourly-ipv4,blocklist.de|brute-force|apache|rfi|ddos|spam|mail|ziyadnz|hourly,2026-08-17T18:48:05Z,2026-08-17T18:48:05Z,
5.167.70.17,ipv4,attack,high,WHITE,blocklist.de/all|blocklist.de/apache|blocklist.de/mail|ziyadnz/hourly-ipv4,blocklist.de|brute-force|apache|rfi|ddos|spam|mail|ziyadnz|hourly,2026-08-17T18:48:05Z,2026-08-17T18:48:05Z,
5.167.70.18,ipv4,attack,high,WHITE,blocklist.de/all|blocklist.de/apache|blocklist.de/mail|ziyadnz/hourly-ipv4,blocklist.de|brute-force|apache|rfi|ddos|spam|mail|ziyadnz|hourly,2026-08-17T18:48:05Z,2026-08-17T18:48:05Z,
5.167.70.19,ipv4,attack,high,WHITE,blocklist.de/all|blocklist.de/apache|blocklist.de/mail|ziyadnz/hourly-ipv4,blocklist.de|brute-force|apache|rfi|ddos|spam|mail|ziyadnz|hourly,2026-08-17T18:48:05Z,2026-08-17T18:48:05Z,
5.167.70.20,ipv4,attack,high,WHITE,blocklist.de/all|blocklist.de/apache|blocklist.de/mail|ziyadnz/hourly-ipv4,blocklist.de|brute-force|apache|rfi|ddos|spam|mail|ziyadnz|hourly,2026-08-17T18:48:05Z,2026-08-17T18:48:05Z,
5.167.70.21,ipv4,attack,high,WHITE,blocklist.de/all|blocklist.de/apache|blocklist.de/mail|ziyadnz/hourly-ipv4,blocklist.de|brute-force|apache|rfi|ddos|spam|mail|ziyadnz|hourly,2026-08-17T18:48:05Z,2026-08-17T18:48:05Z,
5.167.70.22,ipv4,attack,high,WHITE,blocklist.de/all|blocklist.de/apache|blocklist.de/mail|ziyadnz/hourly-ipv4,blocklist.de|brute-force|apache|rfi|ddos|spam|mail|ziyadnz|hourly,2026-08-17T18:48:05Z,2026-08-17T18:48:05Z,
5.167.70.23,ipv4,attack,high,WHITE,blocklist.de/all|blocklist.de/apache|blocklist.de/mail|ziyadnz/hourly-ipv4,blocklist.de|brute-force|apache|rfi|ddos|spam|mail|ziyadnz|hourly,2026-08-17T18:48:05Z,2026-08-17T18:48:05Z,
5.167.70.24,ipv4,attack,high,WHITE,blocklist.de/all|blocklist.de/apache|blocklist.de/mail|ziyadnz/hourly-ipv4,blocklist.de|brute-force|apache|rfi|ddos|spam|mail|ziyadnz|hourly,2026-08-17T18:48:05Z,2026-08-17T18:48:05Z,
5.167.70.25,ipv4,attack,high,WHITE,blocklist.de/all|blocklist.de/apache|blocklist.de/mail|ziyadnz/hourly-ipv4,blocklist.de|brute-force|apache|rfi|ddos|spam|mail|ziyadnz|hourly,2026-08-17T18:48:05Z,2026-08-17T18:48:05Z,
5.167.70.26,ipv4,attack,high,WHITE,blocklist.de/all|blocklist.de/apache|blocklist.de/mail|ziyadnz/hourly-ipv4,blocklist.de|brute-force|apache|rfi|ddos|spam|mail|ziyadnz|hourly,2026-08-17T18:48:05Z,2026-08-17T18:48:05Z,
5.167.70.27,ipv4,attack,high,WHITE,blocklist.de/all|blocklist.de/apache|blocklist.de/mail|ziyadnz/hourly-ipv4,blocklist.de|brute-force|apache|rfi|ddos|spam|mail|ziyadnz|hourly,2026-08-17T18:48:05Z,2026-08-17T18:48:05Z,
5.167.70.28,ipv4,attack,high,WHITE,blocklist.de/all|blocklist.de/apache|blocklist.de/mail|ziyadnz/hourly-ipv4,blocklist.de|brute-force|apache|rfi|ddos|spam|mail|ziyadnz|hourly,2026-08-17T18:48:05Z,2026-08-17T18:48:05Z,
5.167.70.29,ipv4,attack,high,WHITE,blocklist.de/all|blocklist.de/apache|blocklist.de/mail|ziyadnz/hourly-ipv4,blocklist.de|brute-force|apache|rfi|ddos|spam|mail|ziyadnz|hourly,2026-08-17T18:48:05Z,2026-08-17T18:48:05Z,
5.167.70.30,ipv4,attack,high,WHITE,blocklist.de/all|blocklist.de/apache|blocklist.de/mail|ziyadnz/hourly-ipv4,blocklist.de|brute-force|apache|rfi|ddos|spam|mail|ziyadnz|hourly,2026-08-17T18:48:05Z,2026-08-17T18:48:05Z,
5.167.70.31,ipv4,attack,high,WHITE,blocklist.de/all|blocklist.de/apache|blocklist.de/mail|ziyadnz/hourly-ipv4,blocklist.de|brute-force|apache|rfi|ddos|spam|mail|ziyadnz|hourly,2026-08-17T18:48:05Z,2026-08-17T18:48:05Z,
5.167.70.32,ipv4,attack,high,WHITE,blocklist.de/all|blocklist.de/apache|blocklist.de/mail|ziyadnz/hourly-ipv4,blocklist.de|brute-force|apache|rfi|ddos|spam|mail|ziyadnz|hourly,2026-08-17T18:48:05Z,2026-08-17T18:48:05Z,
5.167.70.33,ipv4,attack,high,WHITE,blocklist.de/all|blocklist.de/apache|blocklist.de/mail|ziyadnz/hourly-ipv4,blocklist.de|brute-force|apache|rfi|ddos|spam|mail|ziyadnz|hourly,2026-08-17T18:48:05Z,2026-08-17T18:48:05Z,
5.167.70.34,ipv4,attack,high,WHITE,blocklist.de/all|blocklist.de/apache|blocklist.de/mail|ziyadnz/hourly-ipv4,blocklist.de|brute-force|apache|rfi|ddos|spam|mail|ziyadnz|hourly,2026-08-17T18:48:05Z,2026-08-17T18:48:05Z,
5.167.70.35,ipv4,attack,high,WHITE,blocklist.de/all|blocklist.de/apache|blocklist.de/mail|ziyadnz/hourly-ipv4,blocklist.de|brute-force|apache|rfi|ddos|spam|mail|ziyadnz|hourly,2026-08-17T18:48:05Z,2026-08-17T18:48:05Z,
5.167.70.36,ipv4,attack,high,WHITE,blocklist.de/all|blocklist.de/apache|blocklist.de/mail|ziyadnz/hourly-ipv4,blocklist.de|brute-force|apache|rfi|ddos|spam|mail|ziyadnz|hourly,2026-08-17T18:48:05Z,2026-08-17T18:48:05Z,
5.167.70.37,ipv4,attack,high,WHITE,blocklist.de/all|blocklist.de/apache|blocklist.de/mail|ziyadnz/hourly-ipv4,blocklist.de|brute-force|apache|rfi|ddos|spam|mail|ziyadnz|hourly,2026-08-17T18:48:05Z,2026-08-17T18:48:05Z,
5.167.70.38,ipv4,attack,high,WHITE,blocklist.de/all|blocklist.de/apache|blocklist.de/mail|ziyadnz/hourly-ipv4,blocklist.de|brute-force|apache|rfi|ddos|spam|mail|ziyadnz|hourly,2026-08-17T18:48:05Z,2026-08-17T18:48:05Z,
5.167.70.39,ipv4,attack,high,WHITE,blocklist.de/all|blocklist.de/apache|blocklist.de/mail|ziyadnz/hourly-ipv4,blocklist.de|brute-force|apache|rfi|ddos|spam|mail|ziyadnz|hourly,2026-08-17T18:48:05Z,2026-08-17T18:48:05Z,
5.167.70.40,ipv4,attack,high,WHITE,blocklist.de/all|blocklist.de/apache|blocklist.de/mail|ziyadnz/hourly-ipv4,blocklist.de|brute-force|apache|rfi|ddos|spam|mail|ziyadnz|hourly,2026-08-17T18:48:05Z,2026-08-17T18:48:05Z,
5.167.70.41,ipv4,attack,high,WHITE,blocklist.de/all|blocklist.de/apache|blocklist.de/mail|ziyadnz/hourly-ipv4,blocklist.de|brute-force|apache|rfi|ddos|spam|mail|ziyadnz|hourly,2026-08-17T18:48:05Z,2026-08-17T18:48:05Z,
5.167.70.42,ipv4,attack,high,WHITE,blocklist.de/all|blocklist.de/apache|blocklist.de/mail|ziyadnz/hourly-ipv4,blocklist.de|brute-force|apache|rfi|ddos|spam|mail|ziyadnz|hourly,2026-08-17T18:48:05Z,2026-08-17T18:48:05Z,
5.167.70.43,ipv4,attack,high,WHITE,blocklist.de/all|blocklist.de/apache|blocklist.de/mail|ziyadnz/hourly-ipv4,blocklist.de|brute-force|apache|rfi|ddos|spam|mail|ziyadnz|hourly,2026-08-17T18:48:05Z,2026-08-17T18:48:05Z,
5.167.70.44,ipv4,attack,high,WHITE,blocklist.de/all|blocklist.de/apache|blocklist.de/mail|ziyadnz/hourly-ipv4,blocklist.de|brute-force|apache|rfi|ddos|spam|mail|ziyadnz|hourly,2026-08-17T18:48:05Z,2026-08-17T18:48:05Z,
5.167.70.45,ipv4,attack,high,WHITE,blocklist.de/all|blocklist.de/apache|blocklist.de/mail|ziyadnz/hourly-ipv4,blocklist.de|brute-force|apache|rfi|ddos|spam|mail|ziyadnz|hourly,2026-08-17T18:48:05Z,2026-08-17T18:48:05Z,
5.167.70.46,ipv4,attack,high,WHITE,blocklist.de/all|blocklist.de/apache|blocklist.de/mail|ziyadnz/hourly-ipv4,blocklist.de|brute-force|apache|rfi|ddos|spam|mail|ziyadnz|hourly,2026-08-17T18:48:05Z,2026-08-17T18:48:05Z,
5.167.70.47,ipv4,attack,high,WHITE,blocklist.de/all|blocklist.de/apache|blocklist.de/mail|ziyadnz/hourly-ipv4,blocklist.de|brute-force|apache|rfi|ddos|spam|mail|ziyadnz|hourly,2026-08-17T18:48:05Z,2026-08-17T18:48:05Z,
5.167.70.48,ipv4,attack,high,WHITE,blocklist.de/all|blocklist.de/apache|blocklist.de/mail|ziyadnz/hourly-ipv4,blocklist.de|brute-force|apache|rfi|ddos|spam|mail|ziyadnz|hourly,2026-08-17T18:48:05Z,2026-08-17T18:48:05Z,
5.167.70.49,ipv4,attack,high,WHITE,blocklist.de/all|blocklist.de/apache|blocklist.de/mail|ziyadnz/hourly-ipv4,blocklist.de|brute-force|apache|rfi|ddos|spam|mail|ziyadnz|hourly,2026-08-17T18:48:05Z,2026-08-17T18:48:05Z,
5.167.70.50,ipv4,attack,high,WHITE,blocklist.de/all|blocklist.de/apache|blocklist.de/mail|ziyadnz/hourly-ipv4,blocklist.de|brute-force|apache|rfi|ddos|spam|mail|ziyadnz|hourly,2026-08-17T18:48:05Z,2026-08-17T18:48:05Z,
5.167.70.51,ipv4,attack,high,WHITE,blocklist.de/all|blocklist.de/apache|blocklist.de/mail|ziyadnz/hourly-ipv4,blocklist.de|brute-force|apache|rfi|ddos|spam|mail|ziyadnz|hourly,2026-08-17T18:48:05Z,2026-08-17T18:48:05Z,
5.167.70.52,ipv4,attack,high,WHITE,blocklist.de/all|blocklist.de/apache|blocklist.de/mail|ziyadnz/hourly-ipv4,blocklist.de|brute-force|apache|rfi|ddos|spam|mail|ziyadnz|hourly,2026-08-17T18:48:05Z,2026-08-17T18:48:05Z,
5.167.70.53,ipv4,attack,high,WHITE,blocklist.de/all|blocklist.de/apache|blocklist.de/mail|ziyadnz/hourly-ipv4,blocklist.de|brute-force|apache|rfi|ddos|spam|mail|ziyadnz|hourly,2026-08-17T18:48:05Z,2026-08-17T18:48:05Z,
5.167.70.54,ipv4,attack,high,WHITE,blocklist.de/all|blocklist.de/apache|blocklist.de/mail|ziyadnz/hourly-ipv4,blocklist.de|brute-force|apache|rfi|ddos|spam|mail|ziyadnz|hourly,2026-08-17T18:48:05Z,2026-08-17T18:48:05Z,
5.167.70.55,ipv4,attack,high,WHITE,blocklist.de/all|blocklist.de/apache|blocklist.de/mail|ziyadnz/hourly-ipv4,blocklist.de|brute-force|apache|rfi|ddos|spam|mail|ziyadnz|hourly,2026-08-17T18:48:05Z,2026-08-17T18:48:05Z,
5.167.70.56,ipv4,attack,high,WHITE,blocklist.de/all|blocklist.de/apache|blocklist.de/mail|ziyadnz/hourly-ipv4,blocklist.de|brute-force|apache|rfi|ddos|spam|mail|ziyadnz|hourly,2026-08-17T18:48:05Z,2026-08-17T18:48:05Z,
5.167.70.57,ipv4,attack,high,WHITE,blocklist.de/all|blocklist.de/apache|blocklist.de/mail|ziyadnz/hourly-ipv4,blocklist.de|brute-force|apache|rfi|ddos|spam|mail|ziyadnz|hourly,2026-08-17T18:48:05Z,2026-08-17T18:48:05Z,
5.167.70.58,ipv4,attack,high,WHITE,blocklist.de/all|blocklist.de/apache|blocklist.de/mail|ziyadnz/hourly-ipv4,blocklist.de|brute-force|apache|rfi|ddos|spam|mail|ziyadnz|hourly,2026-08-17T18:48:05Z,2026-08-17T18:48:05Z,
5.167.70.59,ipv4,attack,high,WHITE,blocklist.de/all|blocklist.de/apache|blocklist.de/mail|ziyadnz/hourly-ipv4,blocklist.de|brute-force|apache|rfi|ddos|spam|mail|ziyadnz|hourly,2026-08-17T18:48:05Z,2026-08-17T18:48:05Z,
5.167.70.60,ipv4,attack,high,WHITE,blocklist.de/all|blocklist.de/apache|blocklist.de/mail|ziyadnz/hourly-ipv4,blocklist.de|brute-force|apache|rfi|ddos|spam|mail|ziyadnz|hourly,2026-08-17T18:48:05Z,2026-08-17T18:48:05Z,
5.167.70.61,ipv4,attack,high,WHITE,blocklist.de/all|blocklist.de/apache|blocklist.de/mail|ziyadnz/hourly-ipv4,blocklist.de|brute-force|apache|rfi|ddos|spam|mail|ziyadnz|hourly,2026-08-17T18:48:05Z,2026-08-17T18:48:05Z,
5.167.70.62,ipv4,attack,high,WHITE,blocklist.de/all|blocklist.de/apache|blocklist.de/mail|ziyadnz/hourly-ipv4,blocklist.de|brute-force|apache|rfi|ddos|spam|mail|ziyadnz|hourly,2026-08-17T18:48:05Z,2026-08-17T18:48:05Z,
5.167.70.63,ipv4,attack,high,WHITE,blocklist.de/all|blocklist.de/apache|blocklist.de/mail|ziyadnz/hourly-ipv4,blocklist.de|brute-force|apache|rfi|ddos|spam|mail|ziyadnz|hourly,2026-08-17T18:48:05Z,2026-08-17T18:48:05Z,
5.167.70.64,ipv4,attack,high,WHITE,blocklist.de/all|blocklist.de/apache|blocklist.de/mail|ziyadnz/hourly-ipv4,blocklist.de|brute-force|apache|rfi|ddos|spam|mail|ziyadnz|hourly,2026-08-17T18:48:05Z,2026-08-17T18:48:05Z,
5.167.70.65,ipv4,attack,high,WHITE,blocklist.de/all|blocklist.de/apache|blocklist.de/mail|ziyadnz/hourly-ipv4,blocklist.de|brute-force|apache|rfi|ddos|spam|mail|ziyadnz|hourly,2026-08-17T18:48:05Z,2026-08-17T18:48:05Z,
5.167.70.66,ipv4,attack,high,WHITE,blocklist.de/all|blocklist.de/apache|blocklist.de/mail|ziyadnz/hourly-ipv4,blocklist.de|brute-force|apache|rfi|ddos|spam|mail|ziyadnz|hourly,2026-08-17T18:48:05Z,2026-08-17T18:48:05Z,
5.167.70.67,ipv4,attack,high,WHITE,blocklist.de/all|blocklist.de/apache|blocklist.de/mail|ziyadnz/hourly-ipv4,blocklist.de|brute-force|apache|rfi|ddos|spam|mail|ziyadnz|hourly,2026-08-17T18:48:05Z,2026-08-17T18:48:05Z,
5.167.70.68,ipv4,attack,high,WHITE,blocklist.de/all|blocklist.de/apache|blocklist.de/mail|ziyadnz/hourly-ipv4,blocklist.de|brute-force|apache|rfi|ddos|spam|mail|ziyadnz|hourly,2026-08-17T18:48:05Z,2026-08-17T18:48:05Z,
5.167.70.69,ipv4,attack,high,WHITE,blocklist.de/all|blocklist.de/apache|blocklist.de/mail|ziyadnz/hourly-ipv4,blocklist.de|brute-force|apache|rfi|ddos|spam|mail|ziyadnz|hourly,2026-08-17T18:48:05Z,2026-08-17T18:48:05Z,
5.167.70.70,ipv4,attack,high,WHITE,blocklist.de/all|blocklist.de/apache|blocklist.de/mail|ziyadnz/hourly-ipv4,blocklist.de|brute-force|apache|rfi|ddos|spam|mail|ziyadnz|hourly,2026-08-17T18:48:05Z,2026-08-17T18:48:05Z,
5.167.70.71,ipv4,attack,high,WHITE,blocklist.de/all|blocklist.de/apache|blocklist.de/mail|ziyadnz/hourly-ipv4,blocklist.de|brute-force|apache|rfi|ddos|spam|mail|ziyadnz|hourly,2026-08-17T18:48:05Z,2026-08-17T18:48:05Z,
5.167.70.72,ipv4,attack,high,WHITE,blocklist.de/all|blocklist.de/apache|blocklist.de/mail|ziyadnz/hourly-ipv4,blocklist.de|brute-force|apache|rfi|ddos|spam|mail|ziyadnz|hourly,2026-08-17T18:48:05Z,2026-08-17T18:48:05Z,
5.167.70.73,ipv4,attack,high,WHITE,blocklist.de/all|blocklist.de/apache|blocklist.de/mail|ziyadnz/hourly-ipv4,blocklist.de|brute-force|apache|rfi|ddos|spam|mail|ziyadnz|hourly,2026-08-17T18:48:05Z,2026-08-17T18:48:05Z,
5.167.70.74,ipv4,attack,high,WHITE,blocklist.de/all|blocklist.de/apache|blocklist.de/mail|ziyadnz/hourly-ipv4,blocklist.de|brute-force|apache|rfi|ddos|spam|mail|ziyadnz|hourly,2026-08-17T18:48:05Z,2026-08-17T18:48:05Z,
5.167.70.75,ipv4,attack,high,WHITE,blocklist.de/all|blocklist.de/apache|blocklist.de/mail|ziyadnz/hourly-ipv4,blocklist.de|brute-force|apache|rfi|ddos|spam|mail|ziyadnz|hourly,2026-08-17T18:48:05Z,2026-08-17T18:48:05Z,
5.167.70.76,ipv4,attack,high,WHITE,blocklist.de/all|blocklist.de/apache|blocklist.de/mail|ziyadnz/hourly-ipv4,blocklist.de|brute-force|apache|rfi|ddos|spam|mail|ziyadnz|hourly,2026-08-17T18:48:05Z,2026-08-17T18:48:05Z,
5.167.70.77,ipv4,attack,high,WHITE,blocklist.de/all|blocklist.de/apache|blocklist.de/mail|ziyadnz/hourly-ipv4,blocklist.de|brute-force|apache|rfi|ddos|spam|mail|ziyadnz|hourly,2026-08-17T18:48:05Z,2026-08-17T18:48:05Z,
5.167.70.78,ipv4,attack,high,WHITE,blocklist.de/all|blocklist.de/apache|blocklist.de/mail|ziyadnz/hourly-ipv4,blocklist.de|brute-force|apache|rfi|ddos|spam|mail|ziyadnz|hourly,2026-08-17T18:48:05Z,2026-08-17T18:48:05Z,
5.167.70.79,ipv4,attack,high,WHITE,blocklist.de/all|blocklist.de/apache|blocklist.de/mail|ziyadnz/hourly-ipv4,blocklist.de|brute-force|apache|rfi|ddos|spam|mail|ziyadnz|hourly,2026-08-17T18:48:05Z,2026-08-17T18:48:05Z,
5.167.70.80,ipv4,attack,high,WHITE,blocklist.de/all|blocklist.de/apache|blocklist.de/mail|ziyadnz/hourly-ipv4,blocklist.de|brute-force|apache|rfi|ddos|spam|mail|ziyadnz|hourly,2026-08-17T18:48:05Z,2026-08-17T18:48:05Z,
5.167.70.81,ipv4,attack,high,WHITE,blocklist.de/all|blocklist.de/apache|blocklist.de/mail|ziyadnz/hourly-ipv4,blocklist.de|brute-force|apache|rfi|ddos|spam|mail|ziyadnz|hourly,2026-08-17T18:48:05Z,2026-08-17T18:48:05Z,
5.167.70.82,ipv4,attack,high,WHITE,blocklist.de/all|blocklist.de/apache|blocklist.de/mail|ziyadnz/hourly-ipv4,blocklist.de|brute-force|apache|rfi|ddos|spam|mail|ziyadnz|hourly,2026-08-17T18:48:05Z,2026-08-17T18:48:05Z,
5.167.70.83,ipv4,attack,high,WHITE,blocklist.de/all|blocklist.de/apache|blocklist.de/mail|ziyadnz/hourly-ipv4,blocklist.de|brute-force|apache|rfi|ddos|spam|mail|ziyadnz|hourly,2026-08-17T18:48:05Z,2026-08-17T18:48:05Z,
5.167.70.84,ipv4,attack,high,WHITE,blocklist.de/all|blocklist.de/apache|blocklist.de/mail|ziyadnz/hourly-ipv4,blocklist.de|brute-force|apache|rfi|ddos|spam|mail|ziyadnz|hourly,2026-08-17T18:48:05Z,2026-08-17T18:48:05Z,
5.167.70.85,ipv4,attack,high,WHITE,blocklist.de/all|blocklist.de/apache|blocklist.de/mail|ziyadnz/hourly-ipv4,blocklist.de|brute-force|apache|rfi|ddos|spam|mail|ziyadnz|hourly,2026-08-17T18:48:05Z,2026-08-17T18:48:05Z,
5.167.70.86,ipv4,attack,high,WHITE,blocklist.de/all|blocklist.de/apache|blocklist.de/mail|ziyadnz/hourly-ipv4,blocklist.de|brute-force|apache|rfi|ddos|spam|mail|ziyadnz|hourly,2026-08-17T18:48:05Z,2026-08-17T18:48:05Z,
5.167.70.87,ipv4,attack,high,WHITE,blocklist.de/all|blocklist.de/apache|blocklist.de/mail|ziyadnz/hourly-ipv4,blocklist.de|brute-force|apache|rfi|ddos|spam|mail|ziyadnz|hourly,2026-08-17T18:48:05Z,2026-08-17T18:48:05Z,
5.167.70.88,ipv4,attack,high,WHITE,blocklist.de/all|blocklist.de/apache|blocklist.de/mail|ziyadnz/hourly-ipv4,blocklist.de|brute-force|apache|rfi|ddos|spam|mail|ziyadnz|hourly,2026-08-17T18:48:05Z,2026-08-17T18:48:05Z,
5.167.70.89,ipv4,attack,high,WHITE,blocklist.de/all|blocklist.de/apache|blocklist.de/mail|ziyadnz/hourly-ipv4,blocklist.de|brute-force|apache|rfi|ddos|spam|mail|ziyadnz|hourly,2026-08-17T18:48:05Z,2026-08-17T18:48:05Z,
5.167.70.90,ipv4,attack,high,WHITE,blocklist.de/all|blocklist.de/apache|blocklist.de/mail|ziyadnz/hourly-ipv4,blocklist.de|brute-force|apache|rfi|ddos|spam|mail|ziyadnz|hourly,2026-08-17T18:48:05Z,2026-08-17T18:48:05Z,
5.167.70.91,ipv4,attack,high,WHITE,blocklist.de/all|blocklist.de/apache|blocklist.de/mail|ziyadnz/hourly-ipv4,blocklist.de|brute-force|apache|rfi|ddos|spam|mail|ziyadnz|hourly,2026-08-17T18:48:05Z,2026-08-17T18:48:05Z,
5.167.70.92,ipv4,attack,high,WHITE,blocklist.de/all|blocklist.de/apache|blocklist.de/mail|ziyadnz/hourly-ipv4,blocklist.de|brute-force|apache|rfi|ddos|spam|mail|ziyadnz|hourly,2026-08-17T18:48:05Z,2026-08-17T18:48:05Z,
5.167.70.93,ipv4,attack,high,WHITE,blocklist.de/all|blocklist.de/apache|blocklist.de/mail|ziyadnz/hourly-ipv4,blocklist.de|brute-force|apache|rfi|ddos|spam|mail|ziyadnz|hourly,2026-08-17T18:48:05Z,2026-08-17T18:48:05Z,
5.167.70.94,ipv4,attack,high,WHITE,blocklist.de/all|blocklist.de/apache|blocklist.de/mail|ziyadnz/hourly-ipv4,blocklist.de|brute-force|apache|rfi|ddos|spam|mail|ziyadnz|hourly,2026-08-17T18:48:05Z,2026-08-17T18:48:05Z,
5.167.70.95,ipv4,attack,high,WHITE,blocklist.de/all|blocklist.de/apache|blocklist.de/mail|ziyadnz/hourly-ipv4,blocklist.de|brute-force|apache|rfi|ddos|spam|mail|ziyadnz|hourly,2026-08-17T18:48:05Z,2026-08-17T18:48:05Z,
5.167.70.96,ipv4,attack,high,WHITE,blocklist.de/all|blocklist.de/apache|blocklist.de/mail|ziyadnz/hourly-ipv4,blocklist.de|brute-force|apache|rfi|ddos|spam|mail|ziyadnz|hourly,2026-08-17T18:48:05Z,2026-08-17T18:48:05Z,
5.167.70.97,ipv4,attack,high,WHITE,blocklist.de/all|blocklist.de/apache|blocklist.de/mail|ziyadnz/hourly-ipv4,blocklist.de|brute-force|apache|rfi|ddos|spam|mail|ziyadnz|hourly,2026-08-17T18:48:05Z,2026-08-17T18:48:05Z,
5.167.70.98,ipv4,attack,high,WHITE,blocklist.de/all|blocklist.de/apache|blocklist.de/mail|ziyadnz/hourly-ipv4,blocklist.de|brute-force|apache|rfi|ddos|spam|mail|ziyadnz|hourly,2026-08-17T18:48:05Z,2026-08-17T18:48:05Z,
5.167.70.99,ipv4,attack,high,WHITE,blocklist.de/all|blocklist.de/apache|blocklist.de/mail|ziyadnz/hourly-ipv4,blocklist.de|brute-force|apache|rfi|ddos|spam|mail|ziyadnz|hourly,2026-08-17T18:48:05Z,2026-08-17T18:48:05Z,
5.167.70.100,ipv4,attack,high,WHITE,blocklist.de/all|blocklist.de/apache|blocklist.de/mail|ziyadnz/hourly-ipv4,blocklist.de|brute-force|apache|rfi|ddos|spam|mail|ziyadnz|hourly,2026-08-17T18:48:05Z,2026-08-17T18:48:05Z,
5.167.70.101,ipv4,attack,high,WHITE,blocklist.de/all|blocklist.de/apache|blocklist.de/mail|ziyadnz/hourly-ipv4,blocklist.de|brute-force|apache|rfi|ddos|spam|mail|ziyadnz|hourly,2026-08-17T18:48:05Z,2026-08-17T18:48:05Z,
5.167.70.102,ipv4,attack,high,WHITE,blocklist.de/all|blocklist.de/apache|blocklist.de/mail|ziyadnz/hourly-ipv4,blocklist.de|brute-force|apache|rfi|ddos|spam|mail|ziyadnz|hourly,2026-08-17T18:48:05Z,2026-08-17T18:48:05Z,
5.167.70.103,ipv4,attack,high,WHITE,blocklist.de/all|blocklist.de/apache|blocklist.de/mail|ziyadnz/hourly-ipv4,blocklist.de|brute-force|apache|rfi|ddos|spam|mail|ziyadnz|hourly,2026-08-17T18:48:05Z,2026-08-17T18:48:05Z,
5.167.70.104,ipv4,attack,high,WHITE,blocklist.de/all|blocklist.de/apache|blocklist.de/mail|ziyadnz/hourly-ipv4,blocklist.de|brute-force|apache|rfi|ddos|spam|mail|ziyadnz|hourly,2026-08-17T18:48:05Z,2026-08-17T18:48:05Z,
5.167.70.105,ipv4,attack,high,WHITE,blocklist.de/all|blocklist.de/apache|blocklist.de/mail|ziyadnz/hourly-ipv4,blocklist.de|brute-force|apache|rfi|ddos|spam|mail|ziyadnz|hourly,2026-08-17T18:48:05Z,2026-08-17T18:48:05Z,
5.167.70.106,ipv4,attack,high,WHITE,blocklist.de/all|blocklist.de/apache|blocklist.de/mail|ziyadnz/hourly-ipv4,blocklist.de|brute-force|apache|rfi|ddos|spam|mail|ziyadnz|hourly,2026-08-17T18:48:05Z,2026-08-17T18:48:05Z,
5.167.70.107,ipv4,attack,high,WHITE,blocklist.de/all|blocklist.de/apache|blocklist.de/mail|ziyadnz/hourly-ipv4,blocklist.de|brute-force|apache|rfi|ddos|spam|mail|ziyadnz|hourly,2026-08-17T18:48:05Z,2026-08-17T18:48:05Z,
5.167.70.108,ipv4,attack,high,WHITE,blocklist.de/all|blocklist.de/apache|blocklist.de/mail|ziyadnz/hourly-ipv4,blocklist.de|brute-force|apache|rfi|ddos|spam|mail|ziyadnz|hourly,2026-08-17T18:48:05Z,2026-08-17T18:48:05Z,
5.167.70.109,ipv4,attack,high,WHITE,blocklist.de/all|blocklist.de/apache|blocklist.de/mail|ziyadnz/hourly-ipv4,blocklist.de|brute-force|apache|rfi|ddos|spam|mail|ziyadnz|hourly,2026-08-17T18:48:05Z,2026-08-17T18:48:05Z,
5.167.70.110,ipv4,attack,high,WHITE,blocklist.de/all|blocklist.de/apache|blocklist.de/mail|ziyadnz/hourly-ipv4,blocklist.de|brute-force|apache|rfi|ddos|spam|mail|ziyadnz|hourly,2026-08-17T18:48:05Z,2026-08-17T18:48:05Z,
5.167.70.111,ipv4,attack,high,WHITE,blocklist.de/all|blocklist.de/apache|blocklist.de/mail|ziyadnz/hourly-ipv4,blocklist.de|brute-force|apache|rfi|ddos|spam|mail|ziyadnz|hourly,2026-08-17T18:48:05Z,2026-08-17T18:48:05Z,
5.167.70.112,ipv4,attack,high,WHITE,blocklist.de/all|blocklist.de/apache|blocklist.de/mail|ziyadnz/hourly-ipv4,blocklist.de|brute-force|apache|rfi|ddos|spam|mail|ziyadnz|hourly,2026-08-17T18:48:05Z,2026-08-17T18:48:05Z,
5.167.70.113,ipv4,attack,high,WHITE,blocklist.de/all|blocklist.de/apache|blocklist.de/mail|ziyadnz/hourly-ipv4,blocklist.de|brute-force|apache|rfi|ddos|spam|mail|ziyadnz|hourly,2026-08-17T18:48:05Z,2026-08-17T18:48:05Z,
5.167.70.114,ipv4,attack,high,WHITE,blocklist.de/all|blocklist.de/apache|blocklist.de/mail|ziyadnz/hourly-ipv4,blocklist.de|brute-force|apache|rfi|ddos|spam|mail|ziyadnz|hourly,2026-08-17T18:48:05Z,2026-08-17T18:48:05Z,
5.167.70.115,ipv4,attack,high,WHITE,blocklist.de/all|blocklist.de/apache|blocklist.de/mail|ziyadnz/hourly-ipv4,blocklist.de|brute-force|apache|rfi|ddos|spam|mail|ziyadnz|hourly,2026-08-17T18:48:05Z,2026-08-17T18:48:05Z,
5.167.70.116,ipv4,attack,high,WHITE,blocklist.de/all|blocklist.de/apache|blocklist.de/mail|ziyadnz/hourly-ipv4,blocklist.de|brute-force|apache|rfi|ddos|spam|mail|ziyadnz|hourly,2026-08-17T18:48:05Z,2026-08-17T18:48:05Z,
5.167.70.117,ipv4,attack,high,WHITE,blocklist.de/all|blocklist.de/apache|blocklist.de/mail|ziyadnz/hourly-ipv4,blocklist.de|brute-force|apache|rfi|ddos|spam|mail|ziyadnz|hourly,2026-08-17T18:48:05Z,2026-08-17T18:48:05Z,
5.167.70.118,ipv4,attack,high,WHITE,blocklist.de/all|blocklist.de/apache|blocklist.de/mail|ziyadnz/hourly-ipv4,blocklist.de|brute-force|apache|rfi|ddos|spam|mail|ziyadnz|hourly,2026-08-17T18:48:05Z,2026-08-17T18:48:05Z,
5.167.70.119,ipv4,attack,high,WHITE,blocklist.de/all|blocklist.de/apache|blocklist.de/mail|ziyadnz/hourly-ipv4,blocklist.de|brute-force|apache|rfi|ddos|spam|mail|ziyadnz|hourly,2026-08-17T18:48:05Z,2026-08-17T18:48:05Z,
5.167.70.120,ipv4,attack,high,WHITE,blocklist.de/all|blocklist.de/apache|blocklist.de/mail|ziyadnz/hourly-ipv4,blocklist.de|brute-force|apache|rfi|ddos|spam|mail|ziyadnz|hourly,2026-08-17T18:48:05Z,2026-08-17T18:48:05Z,
5.167.70.121,ipv4,attack,high,WHITE,blocklist.de/all|blocklist.de/apache|blocklist.de/mail|ziyadnz/hourly-ipv4,blocklist.de|brute-force|apache|rfi|ddos|spam|mail|ziyadnz|hourly,2026-08-17T18:48:05Z,2026-08-17T18:48:05Z,
5.167.70.122,ipv4,attack,high,WHITE,blocklist.de/all|blocklist.de/apache|blocklist.de/mail|ziyadnz/hourly-ipv4,blocklist.de|brute-force|apache|rfi|ddos|spam|mail|ziyadnz|hourly,2026-08-17T18:48:05Z,2026-08-17T18:48:05Z,
5.167.70.123,ipv4,attack,high,WHITE,blocklist.de/all|blocklist.de/apache|blocklist.de/mail|ziyadnz/hourly-ipv4,blocklist.de|brute-force|apache|rfi|ddos|spam|mail|ziyadnz|hourly,2026-08-17T18:48:05Z,2026-08-17T18:48:05Z,
5.167.70.124,ipv4,attack,high,WHITE,blocklist.de/all|blocklist.de/apache|blocklist.de/mail|ziyadnz/hourly-ipv4,blocklist.de|brute-force|apache|rfi|ddos|spam|mail|ziyadnz|hourly,2026-08-17T18:48:05Z,2026-08-17T18:48:05Z,
5.167.70.125,ipv4,attack,high,WHITE,blocklist.de/all|blocklist.de/apache|blocklist.de/mail|ziyadnz/hourly-ipv4,blocklist.de|brute-force|apache|rfi|ddos|spam|mail|ziyadnz|hourly,2026-08-17T18:48:05Z,2026-08-17T18:48:05Z,
5.167.70.126,ipv4,attack,high,WHITE,blocklist.de/all|blocklist.de/apache|blocklist.de/mail|ziyadnz/hourly-ipv4,blocklist.de|brute-force|apache|rfi|ddos|spam|mail|ziyadnz|hourly,2026-08-17T18:48:05Z,2026-08-17T18:48:05Z,
5.167.70.127,ipv4,attack,high,WHITE,blocklist.de/all|blocklist.de/apache|blocklist.de/mail|ziyadnz/hourly-ipv4,blocklist.de|brute-force|apache|rfi|ddos|spam|mail|ziyadnz|hourly,2026-08-17T18:48:05Z,2026-08-17T18:48:05Z,
5.167.70.128,ipv4,attack,high,WHITE,blocklist.de/all|blocklist.de/apache|blocklist.de/mail|ziyadnz/hourly-ipv4,blocklist.de|brute-force|apache|rfi|ddos|spam|mail|ziyadnz|hourly,2026-08-17T18:48:05Z,2026-08-17T18:48:05Z,
5.167.70.129,ipv4,attack,high,WHITE,blocklist.de/all|blocklist.de/apache|blocklist.de/mail|ziyadnz/hourly-ipv4,blocklist.de|brute-force|apache|rfi|ddos|spam|mail|ziyadnz|hourly,2026-08-17T18:48:05Z,2026-08-17T18:48:05Z,
5.167.70.130,ipv4,attack,high,WHITE,blocklist.de/all|blocklist.de/apache|blocklist.de/mail|ziyadnz/hourly-ipv4,blocklist.de|brute-force|apache|rfi|ddos|spam|mail|ziyadnz|hourly,2026-08-17T18:48:05Z,2026-08-17T18:48:05Z,
5.167.70.131,ipv4,attack,high,WHITE,blocklist.de/all|blocklist.de/apache|blocklist.de/mail|ziyadnz/hourly-ipv4,blocklist.de|brute-force|apache|rfi|ddos|spam|mail|ziyadnz|hourly,2026-08-17T18:48:05Z,2026-08-17T18:48:05Z,
5.167.70.132,ipv4,attack,high,WHITE,blocklist.de/all|blocklist.de/apache|blocklist.de/mail|ziyadnz/hourly-ipv4,blocklist.de|brute-force|apache|rfi|ddos|spam|mail|ziyadnz|hourly,2026-08-17T18:48:05Z,2026-08-17T18:48:05Z,
5.167.70.133,ipv4,attack,high,WHITE,blocklist.de/all|blocklist.de/apache|blocklist.de/mail|ziyadnz/hourly-ipv4,blocklist.de|brute-force|apache|rfi|ddos|spam|mail|ziyadnz|hourly,2026-08-17T18:48:05Z,2026-08-17T18:48:05Z,
5.167.70.134,ipv4,attack,high,WHITE,blocklist.de/all|blocklist.de/apache|blocklist.de/mail|ziyadnz/hourly-ipv4,blocklist.de|brute-force|apache|rfi|ddos|spam|mail|ziyadnz|hourly,2026-08-17T18:48:05Z,2026-08-17T18:48:05Z,
5.167.70.135,ipv4,attack,high,WHITE,blocklist.de/all|blocklist.de/apache|blocklist.de/mail|ziyadnz/hourly-ipv4,blocklist.de|brute-force|apache|rfi|ddos|spam|mail|ziyadnz|hourly,2026-08-17T18:48:05Z,2026-08-17T18:48:05Z,
5.167.70.136,ipv4,attack,high,WHITE,blocklist.de/all|blocklist.de/apache|blocklist.de/mail|ziyadnz/hourly-ipv4,blocklist.de|brute-force|apache|rfi|ddos|spam|mail|ziyadnz|hourly,2026-08-17T18:48:05Z,2026-08-17T18:48:05Z,
5.167.70.137,ipv4,attack,high,WHITE,blocklist.de/all|blocklist.de/apache|blocklist.de/mail|ziyadnz/hourly-ipv4,blocklist.de|brute-force|apache|rfi|ddos|spam|mail|ziyadnz|hourly,2026-08-17T18:48:05Z,2026-08-17T18:48:05Z,
5.167.70.138,ipv4,attack,high,WHITE,blocklist.de/all|blocklist.de/apache|blocklist.de/mail|ziyadnz/hourly-ipv4,blocklist.de|brute-force|apache|rfi|ddos|spam|mail|ziyadnz|hourly,2026-08-17T18:48:05Z,2026-08-17T18:48:05Z,
5.167.70.139,ipv4,attack,high,WHITE,blocklist.de/all|blocklist.de/apache|blocklist.de/mail|ziyadnz/hourly-ipv4,blocklist.de|brute-force|apache|rfi|ddos|spam|mail|ziyadnz|hourly,2026-08-17T18:48:05Z,2026-08-17T18:48:05Z,
5.167.70.140,ipv4,attack,high,WHITE,blocklist.de/all|blocklist.de/apache|blocklist.de/mail|ziyadnz/hourly-ipv4,blocklist.de|brute-force|apache|rfi|ddos|spam|mail|ziyadnz|hourly,2026-08-17T18:48:05Z,2026-08-17T18:48:05Z,
5.167.70.141,ipv4,attack,high,WHITE,blocklist.de/all|blocklist.de/apache|blocklist.de/mail|ziyadnz/hourly-ipv4,blocklist.de|brute-force|apache|rfi|ddos|spam|mail|ziyadnz|hourly,2026-08-17T18:48:05Z,2026-08-17T18:48:05Z,
5.167.70.142,ipv4,attack,high,WHITE,blocklist.de/all|blocklist.de/apache|blocklist.de/mail|ziyadnz/hourly-ipv4,blocklist.de|brute-force|apache|rfi|ddos|spam|mail|ziyadnz|hourly,2026-08-17T18:48:05Z,2026-08-17T18:48:05Z,
5.167.70.143,ipv4,attack,high,WHITE,blocklist.de/all|blocklist.de/apache|blocklist.de/mail|ziyadnz/hourly-ipv4,blocklist.de|brute-force|apache|rfi|ddos|spam|mail|ziyadnz|hourly,2026-08-17T18:48:05Z,2026-08-17T18:48:05Z,
5.167.70.144,ipv4,attack,high,WHITE,blocklist.de/all|blocklist.de/apache|blocklist.de/mail|ziyadnz/hourly-ipv4,blocklist.de|brute-force|apache|rfi|ddos|spam|mail|ziyadnz|hourly,2026-08-17T18:48:05Z,2026-08-17T18:48:05Z,
5.167.70.145,ipv4,attack,high,WHITE,blocklist.de/all|blocklist.de/apache|blocklist.de/mail|ziyadnz/hourly-ipv4,blocklist.de|brute-force|apache|rfi|ddos|spam|mail|ziyadnz|hourly,2026-08-17T18:48:05Z,2026-08-17T18:48:05Z,
5.167.70.146,ipv4,attack,high,WHITE,blocklist.de/all|blocklist.de/apache|blocklist.de/mail|ziyadnz/hourly-ipv4,blocklist.de|brute-force|apache|rfi|ddos|spam|mail|ziyadnz|hourly,2026-08-17T18:48:05Z,2026-08-17T18:48:05Z,
5.167.70.147,ipv4,attack,high,WHITE,blocklist.de/all|blocklist.de/apache|blocklist.de/mail|ziyadnz/hourly-ipv4,blocklist.de|brute-force|apache|rfi|ddos|spam|mail|ziyadnz|hourly,2026-08-17T18:48:05Z,2026-08-17T18:48:05Z,
5.167.70.148,ipv4,attack,high,WHITE,blocklist.de/all|blocklist.de/apache|blocklist.de/mail|ziyadnz/hourly-ipv4,blocklist.de|brute-force|apache|rfi|ddos|spam|mail|ziyadnz|hourly,2026-08-17T18:48:05Z,2026-08-17T18:48:05Z,
5.167.70.149,ipv4,attack,high,WHITE,blocklist.de/all|blocklist.de/apache|blocklist.de/mail|ziyadnz/hourly-ipv4,blocklist.de|brute-force|apache|rfi|ddos|spam|mail|ziyadnz|hourly,2026-08-17T18:48:05Z,2026-08-17T18:48:05Z,
5.167.70.150,ipv4,attack,high,WHITE,blocklist.de/all|blocklist.de/apache|blocklist.de/mail|ziyadnz/hourly-ipv4,blocklist.de|brute-force|apache|rfi|ddos|spam|mail|ziyadnz|hourly,2026-08-17T18:48:05Z,2026-08-17T18:48:05Z,
5.167.70.151,ipv4,attack,high,WHITE,blocklist.de/all|blocklist.de/apache|blocklist.de/mail|ziyadnz/hourly-ipv4,blocklist.de|brute-force|apache|rfi|ddos|spam|mail|ziyadnz|hourly,2026-08-17T18:48:05Z,2026-08-17T18:48:05Z,
5.167.70.152,ipv4,attack,high,WHITE,blocklist.de/all|blocklist.de/apache|blocklist.de/mail|ziyadnz/hourly-ipv4,blocklist.de|brute-force|apache|rfi|ddos|spam|mail|ziyadnz|hourly,2026-08-17T18:48:05Z,2026-08-17T18:48:05Z,
5.167.70.153,ipv4,attack,high,WHITE,blocklist.de/all|blocklist.de/apache|blocklist.de/mail|ziyadnz/hourly-ipv4,blocklist.de|brute-force|apache|rfi|ddos|spam|mail|ziyadnz|hourly,2026-08-17T18:48:05Z,2026-08-17T18:48:05Z,
5.167.70.154,ipv4,attack,high,WHITE,blocklist.de/all|blocklist.de/apache|blocklist.de/mail|ziyadnz/hourly-ipv4,blocklist.de|brute-force|apache|rfi|ddos|spam|mail|ziyadnz|hourly,2026-08-17T18:48:05Z,2026-08-17T18:48:05Z,
5.167.70.155,ipv4,attack,high,WHITE,blocklist.de/all|blocklist.de/apache|blocklist.de/mail|ziyadnz/hourly-ipv4,blocklist.de|brute-force|apache|rfi|ddos|spam|mail|ziyadnz|hourly,2026-08-17T18:48:05Z,2026-08-17T18:48:05Z,
5.167.70.156,ipv4,attack,high,WHITE,blocklist.de/all|blocklist.de/apache|blocklist.de/mail|ziyadnz/hourly-ipv4,blocklist.de|brute-force|apache|rfi|ddos|spam|mail|ziyadnz|hourly,2026-08-17T18:48:05Z,2026-08-17T18:48:05Z,
5.167.70.157,ipv4,attack,high,WHITE,blocklist.de/all|blocklist.de/apache|blocklist.de/mail|ziyadnz/hourly-ipv4,blocklist.de|brute-force|apache|rfi|ddos|spam|mail|ziyadnz|hourly,2026-08-17T18:48:05Z,2026-08-17T18:48:05Z,
5.167.70.158,ipv4,attack,high,WHITE,blocklist.de/all|blocklist.de/apache|blocklist.de/mail|ziyadnz/hourly-ipv4,blocklist.de|brute-force|apache|rfi|ddos|spam|mail|ziyadnz|hourly,2026-08-17T18:48:05Z,2026-08-17T18:48:05Z,
5.167.70.159,ipv4,attack,high,WHITE,blocklist.de/all|blocklist.de/apache|blocklist.de/mail|ziyadnz/hourly-ipv4,blocklist.de|brute-force|apache|rfi|ddos|spam|mail|ziyadnz|hourly,2026-08-17T18:48:05Z,2026-08-17T18:48:05Z,
5.167.70.160,ipv4,attack,high,WHITE,blocklist.de/all|blocklist.de/apache|blocklist.de/mail|ziyadnz/hourly-ipv4,blocklist.de|brute-force|apache|rfi|ddos|spam|mail|ziyadnz|hourly,2026-08-17T18:48:05Z,2026-08-17T18:48:05Z,
5.167.70.161,ipv4,attack,high,WHITE,blocklist.de/all|blocklist.de/apache|blocklist.de/mail|ziyadnz/hourly-ipv4,blocklist.de|brute-force|apache|rfi|ddos|spam|mail|ziyadnz|hourly,2026-08-17T18:48:05Z,2026-08-17T18:48:05Z,
5.167.70.162,ipv4,attack,high,WHITE,blocklist.de/all|blocklist.de/apache|blocklist.de/mail|ziyadnz/hourly-ipv4,blocklist.de|brute-force|apache|rfi|ddos|spam|mail|ziyadnz|hourly,2026-08-17T18:48:05Z,2026-08-17T18:48:05Z,
5.167.70.163,ipv4,attack,high,WHITE,blocklist.de/all|blocklist.de/apache|blocklist.de/mail|ziyadnz/hourly-ipv4,blocklist.de|brute-force|apache|rfi|ddos|spam|mail|ziyadnz|hourly,2026-08-17T18:48:05Z,2026-08-17T18:48:05Z,
5.167.70.164,ipv4,attack,high,WHITE,blocklist.de/all|blocklist.de/apache|blocklist.de/mail|ziyadnz/hourly-ipv4,blocklist.de|brute-force|apache|rfi|ddos|spam|mail|ziyadnz|hourly,2026-08-17T18:48:05Z,2026-08-17T18:48:05Z,
5.167.70.165,ipv4,attack,high,WHITE,blocklist.de/all|blocklist.de/apache|blocklist.de/mail|ziyadnz/hourly-ipv4,blocklist.de|brute-force|apache|rfi|ddos|spam|mail|ziyadnz|hourly,2026-08-17T18:48:05Z,2026-08-17T18:48:05Z,
5.167.70.166,ipv4,attack,high,WHITE,blocklist.de/all|blocklist.de/apache|blocklist.de/mail|ziyadnz/hourly-ipv4,blocklist.de|brute-force|apache|rfi|ddos|spam|mail|ziyadnz|hourly,2026-08-17T18:48:05Z,2026-08-17T18:48:05Z,
5.167.70.167,ipv4,attack,high,WHITE,blocklist.de/all|blocklist.de/apache|blocklist.de/mail|ziyadnz/hourly-ipv4,blocklist.de|brute-force|apache|rfi|ddos|spam|mail|ziyadnz|hourly,2026-08-17T18:48:05Z,2026-08-17T18:48:05Z,
5.167.70.168,ipv4,attack,high,WHITE,blocklist.de/all|blocklist.de/apache|blocklist.de/mail|ziyadnz/hourly-ipv4,blocklist.de|brute-force|apache|rfi|ddos|spam|mail|ziyadnz|hourly,2026-08-17T18:48:05Z,2026-08-17T18:48:05Z,
5.167.70.169,ipv4,attack,high,WHITE,blocklist.de/all|blocklist.de/apache|blocklist.de/mail|ziyadnz/hourly-ipv4,blocklist.de|brute-force|apache|rfi|ddos|spam|mail|ziyadnz|hourly,2026-08-17T18:48:05Z,2026-08-17T18:48:05Z,
5.167.70.170,ipv4,attack,high,WHITE,blocklist.de/all|blocklist.de/apache|blocklist.de/mail|ziyadnz/hourly-ipv4,blocklist.de|brute-force|apache|rfi|ddos|spam|mail|ziyadnz|hourly,2026-08-17T18:48:05Z,2026-08-17T18:48:05Z,
5.167.70.171,ipv4,attack,high,WHITE,blocklist.de/all|blocklist.de/apache|blocklist.de/mail|ziyadnz/hourly-ipv4,blocklist.de|brute-force|apache|rfi|ddos|spam|mail|ziyadnz|hourly,2026-08-17T18:48:05Z,2026-08-17T18:48:05Z,
5.167.70.172,ipv4,attack,high,WHITE,blocklist.de/all|blocklist.de/apache|blocklist.de/mail|ziyadnz/hourly-ipv4,blocklist.de|brute-force|apache|rfi|ddos|spam|mail|ziyadnz|hourly,2026-08-17T18:48:05Z,2026-08-17T18:48:05Z,
5.167.70.173,ipv4,attack,high,WHITE,blocklist.de/all|blocklist.de/apache|blocklist.de/mail|ziyadnz/hourly-ipv4,blocklist.de|brute-force|apache|rfi|ddos|spam|mail|ziyadnz|hourly,2026-08-17T18:48:05Z,2026-08-17T18:48:05Z,
5.167.70.174,ipv4,attack,high,WHITE,blocklist.de/all|blocklist.de/apache|blocklist.de/mail|ziyadnz/hourly-ipv4,blocklist.de|brute-force|apache|rfi|ddos|spam|mail|ziyadnz|hourly,2026-08-17T18:48:05Z,2026-08-17T18:48:05Z,
5.167.70.175,ipv4,attack,high,WHITE,blocklist.de/all|blocklist.de/apache|blocklist.de/mail|ziyadnz/hourly-ipv4,blocklist.de|brute-force|apache|rfi|ddos|spam|mail|ziyadnz|hourly,2026-08-17T18:48:05Z,2026-08-17T18:48:05Z,
5.167.70.176,ipv4,attack,high,WHITE,blocklist.de/all|blocklist.de/apache|blocklist.de/mail|ziyadnz/hourly-ipv4,blocklist.de|brute-force|apache|rfi|ddos|spam|mail|ziyadnz|hourly,2026-08-17T18:48:05Z,2026-08-17T18:48:05Z,
5.167.70.177,ipv4,attack,high,WHITE,blocklist.de/all|blocklist.de/apache|blocklist.de/mail|ziyadnz/hourly-ipv4,blocklist.de|brute-force|apache|rfi|ddos|spam|mail|ziyadnz|hourly,2026-08-17T18:48:05Z,2026-08-17T18:48:05Z,
5.167.70.178,ipv4,attack,high,WHITE,blocklist.de/all|blocklist.de/apache|blocklist.de/mail|ziyadnz/hourly-ipv4,blocklist.de|brute-force|apache|rfi|ddos|spam|mail|ziyadnz|hourly,2026-08-17T18:48:05Z,2026-08-17T18:48:05Z,
5.167.70.179,ipv4,attack,high,WHITE,blocklist.de/all|blocklist.de/apache|blocklist.de/mail|ziyadnz/hourly-ipv4,blocklist.de|brute-force|apache|rfi|ddos|spam|mail|ziyadnz|hourly,2026-08-17T18:48:05Z,2026-08-17T18:48:05Z,
5.167.70.180,ipv4,attack,high,WHITE,blocklist.de/all|blocklist.de/apache|blocklist.de/mail|ziyadnz/hourly-ipv4,blocklist.de|brute-force|apache|rfi|ddos|spam|mail|ziyadnz|hourly,2026-08-17T18:48:05Z,2026-08-17T18:48:05Z,
5.167.70.181,ipv4,attack,high,WHITE,blocklist.de/all|blocklist.de/apache|blocklist.de/mail|ziyadnz/hourly-ipv4,blocklist.de|brute-force|apache|rfi|ddos|spam|mail|ziyadnz|hourly,2026-08-17T18:48:05Z,2026-08-17T18:48:05Z,
5.167.70.182,ipv4,attack,high,WHITE,blocklist.de/all|blocklist.de/apache|blocklist.de/mail|ziyadnz/hourly-ipv4,blocklist.de|brute-force|apache|rfi|ddos|spam|mail|ziyadnz|hourly,2026-08-17T18:48:05Z,2026-08-17T18:48:05Z,
5.167.70.183,ipv4,attack,high,WHITE,blocklist.de/all|blocklist.de/apache|blocklist.de/mail|ziyadnz/hourly-ipv4,blocklist.de|brute-force|apache|rfi|ddos|spam|mail|ziyadnz|hourly,2026-08-17T18:48:05Z,2026-08-17T18:48:05Z,
5.167.70.184,ipv4,attack,high,WHITE,blocklist.de/all|blocklist.de/apache|blocklist.de/mail|ziyadnz/hourly-ipv4,blocklist.de|brute-force|apache|rfi|ddos|spam|mail|ziyadnz|hourly,2026-08-17T18:48:05Z,2026-08-17T18:48:05Z,
5.167.70.185,ipv4,attack,high,WHITE,blocklist.de/all|blocklist.de/apache|blocklist.de/mail|ziyadnz/hourly-ipv4,blocklist.de|brute-force|apache|rfi|ddos|spam|mail|ziyadnz|hourly,2026-08-17T18:48:05Z,2026-08-17T18:48:05Z,
5.167.70.186,ipv4,attack,high,WHITE,blocklist.de/all|blocklist.de/apache|blocklist.de/mail|ziyadnz/hourly-ipv4,blocklist.de|brute-force|apache|rfi|ddos|spam|mail|ziyadnz|hourly,2026-08-17T18:48:05Z,2026-08-17T18:48:05Z,
5.167.70.187,ipv4,attack,high,WHITE,blocklist.de/all|blocklist.de/apache|blocklist.de/mail|ziyadnz/hourly-ipv4,blocklist.de|brute-force|apache|rfi|ddos|spam|mail|ziyadnz|hourly,2026-08-17T18:48:05Z,2026-08-17T18:48:05Z,
5.167.70.188,ipv4,attack,high,WHITE,blocklist.de/all|blocklist.de/apache|blocklist.de/mail|ziyadnz/hourly-ipv4,blocklist.de|brute-force|apache|rfi|ddos|spam|mail|ziyadnz|hourly,2026-08-17T18:48:05Z,2026-08-17T18:48:05Z,
5.167.70.189,ipv4,attack,high,WHITE,blocklist.de/all|blocklist.de/apache|blocklist.de/mail|ziyadnz/hourly-ipv4,blocklist.de|brute-force|apache|rfi|ddos|spam|mail|ziyadnz|hourly,2026-08-17T18:48:05Z,2026-08-17T18:48:05Z,
5.167.70.190,ipv4,attack,high,WHITE,blocklist.de/all|blocklist.de/apache|blocklist.de/mail|ziyadnz/hourly-ipv4,blocklist.de|brute-force|apache|rfi|ddos|spam|mail|ziyadnz|hourly,2026-08-17T18:48:05Z,2026-08-17T18:48:05Z,
5.167.70.191,ipv4,attack,high,WHITE,blocklist.de/all|blocklist.de/apache|blocklist.de/mail|ziyadnz/hourly-ipv4,blocklist.de|brute-force|apache|rfi|ddos|spam|mail|ziyadnz|hourly,2026-08-17T18:48:05Z,2026-08-17T18:48:05Z,
5.167.70.192,ipv4,attack,high,WHITE,blocklist.de/all|blocklist.de/apache|blocklist.de/mail|ziyadnz/hourly-ipv4,blocklist.de|brute-force|apache|rfi|ddos|spam|mail|ziyadnz|hourly,2026-08-17T18:48:05Z,2026-08-17T18:48:05Z,
5.167.70.193,ipv4,attack,high,WHITE,blocklist.de/all|blocklist.de/apache|blocklist.de/mail|ziyadnz/hourly-ipv4,blocklist.de|brute-force|apache|rfi|ddos|spam|mail|ziyadnz|hourly,2026-08-17T18:48:05Z,2026-08-17T18:48:05Z,
5.167.70.194,ipv4,attack,high,WHITE,blocklist.de/all|blocklist.de/apache|blocklist.de/mail|ziyadnz/hourly-ipv4,blocklist.de|brute-force|apache|rfi|ddos|spam|mail|ziyadnz|hourly,2026-08-17T18:48:05Z,2026-08-17T18:48:05Z,
5.167.70.195,ipv4,attack,high,WHITE,blocklist.de/all|blocklist.de/apache|blocklist.de/mail|ziyadnz/hourly-ipv4,blocklist.de|brute-force|apache|rfi|ddos|spam|mail|ziyadnz|hourly,2026-08-17T18:48:05Z,2026-08-17T18:48:05Z,
5.167.70.196,ipv4,attack,high,WHITE,blocklist.de/all|blocklist.de/apache|blocklist.de/mail|ziyadnz/hourly-ipv4,blocklist.de|brute-force|apache|rfi|ddos|spam|mail|ziyadnz|hourly,2026-08-17T18:48:05Z,2026-08-17T18:48:05Z,
5.167.70.197,ipv4,attack,high,WHITE,blocklist.de/all|blocklist.de/apache|blocklist.de/mail|ziyadnz/hourly-ipv4,blocklist.de|brute-force|apache|rfi|ddos|spam|mail|ziyadnz|hourly,2026-08-17T18:48:05Z,2026-08-17T18:48:05Z,
5.167.70.198,ipv4,attack,high,WHITE,blocklist.de/all|blocklist.de/apache|blocklist.de/mail|ziyadnz/hourly-ipv4,blocklist.de|brute-force|apache|rfi|ddos|spam|mail|ziyadnz|hourly,2026-08-17T18:48:05Z,2026-08-17T18:48:05Z,
5.167.70.199,ipv4,attack,high,WHITE,blocklist.de/all|blocklist.de/apache|blocklist.de/mail|ziyadnz/hourly-ipv4,blocklist.de|brute-force|apache|rfi|ddos|spam|mail|ziyadnz|hourly,2026-08-17T18:48:05Z,2026-08-17T18:48:05Z,
5.167.70.200,ipv4,attack,high,WHITE,blocklist.de/all|blocklist.de/apache|blocklist.de/mail|ziyadnz/hourly-ipv4,blocklist.de|brute-force|apache|rfi|ddos|spam|mail|ziyadnz|hourly,2026-08-17T18:48:05Z,2026-08-17T18:48:05Z,
5.167.70.201,ipv4,attack,high,WHITE,blocklist.de/all|blocklist.de/apache|blocklist.de/mail|ziyadnz/hourly-ipv4,blocklist.de|brute-force|apache|rfi|ddos|spam|mail|ziyadnz|hourly,2026-08-17T18:48:05Z,2026-08-17T18:48:05Z,
5.167.70.202,ipv4,attack,high,WHITE,blocklist.de/all|blocklist.de/apache|blocklist.de/mail|ziyadnz/hourly-ipv4,blocklist.de|brute-force|apache|rfi|ddos|spam|mail|ziyadnz|hourly,2026-08-17T18:48:05Z,2026-08-17T18:48:05Z,
5.167.70.203,ipv4,attack,high,WHITE,blocklist.de/all|blocklist.de/apache|blocklist.de/mail|ziyadnz/hourly-ipv4,blocklist.de|brute-force|apache|rfi|ddos|spam|mail|ziyadnz|hourly,2026-08-17T18:48:05Z,2026-08-17T18:48:05Z,
5.167.70.204,ipv4,attack,high,WHITE,blocklist.de/all|blocklist.de/apache|blocklist.de/mail|ziyadnz/hourly-ipv4,blocklist.de|brute-force|apache|rfi|ddos|spam|mail|ziyadnz|hourly,2026-08-17T18:48:05Z,2026-08-17T18:48:05Z,
5.167.70.205,ipv4,attack,high,WHITE,blocklist.de/all|blocklist.de/apache|blocklist.de/mail|ziyadnz/hourly-ipv4,blocklist.de|brute-force|apache|rfi|ddos|spam|mail|ziyadnz|hourly,2026-08-17T18:48:05Z,2026-08-17T18:48:05Z,
5.167.70.206,ipv4,attack,high,WHITE,blocklist.de/all|blocklist.de/apache|blocklist.de/mail|ziyadnz/hourly-ipv4,blocklist.de|brute-force|apache|rfi|ddos|spam|mail|ziyadnz|hourly,2026-08-17T18:48:05Z,2026-08-17T18:48:05Z,
5.167.70.207,ipv4,attack,high,WHITE,blocklist.de/all|blocklist.de/apache|blocklist.de/mail|ziyadnz/hourly-ipv4,blocklist.de|brute-force|apache|rfi|ddos|spam|mail|ziyadnz|hourly,2026-08-17T18:48:05Z,2026-08-17T18:48:05Z,
5.167.70.208,ipv4,attack,high,WHITE,blocklist.de/all|blocklist.de/apache|blocklist.de/mail|ziyadnz/hourly-ipv4,blocklist.de|brute-force|apache|rfi|ddos|spam|mail|ziyadnz|hourly,2026-08-17T18:48:05Z,2026-08-17T18:48:05Z,
5.167.70.209,ipv4,attack,high,WHITE,blocklist.de/all|blocklist.de/apache|blocklist.de/mail|ziyadnz/hourly-ipv4,blocklist.de|brute-force|apache|rfi|ddos|spam|mail|ziyadnz|hourly,2026-08-17T18:48:05Z,2026-08-17T18:48:05Z,
5.167.70.210,ipv4,attack,high,WHITE,blocklist.de/all|blocklist.de/apache|blocklist.de/mail|ziyadnz/hourly-ipv4,blocklist.de|brute-force|apache|rfi|ddos|spam|mail|ziyadnz|hourly,2026-08-17T18:48:05Z,2026-08-17T18:48:05Z,
5.167.70.211,ipv4,attack,high,WHITE,blocklist.de/all|blocklist.de/apache|blocklist.de/mail|ziyadnz/hourly-ipv4,blocklist.de|brute-force|apache|rfi|ddos|spam|mail|ziyadnz|hourly,2026-08-17T18:48:05Z,2026-08-17T18:48:05Z,
5.167.70.212,ipv4,attack,high,WHITE,blocklist.de/all|blocklist.de/apache|blocklist.de/mail|ziyadnz/hourly-ipv4,blocklist.de|brute-force|apache|rfi|ddos|spam|mail|ziyadnz|hourly,2026-08-17T18:48:05Z,2026-08-17T18:48:05Z,
5.167.70.213,ipv4,attack,high,WHITE,blocklist.de/all|blocklist.de/apache|blocklist.de/mail|ziyadnz/hourly-ipv4,blocklist.de|brute-force|apache|rfi|ddos|spam|mail|ziyadnz|hourly,2026-08-17T18:48:05Z,2026-08-17T18:48:05Z,
5.167.70.214,ipv4,attack,high,WHITE,blocklist.de/all|blocklist.de/apache|blocklist.de/mail|ziyadnz/hourly-ipv4,blocklist.de|brute-force|apache|rfi|ddos|spam|mail|ziyadnz|hourly,2026-08-17T18:48:05Z,2026-08-17T18:48:05Z,
5.167.70.215,ipv4,attack,high,WHITE,blocklist.de/all|blocklist.de/apache|blocklist.de/mail|ziyadnz/hourly-ipv4,blocklist.de|brute-force|apache|rfi|ddos|spam|mail|ziyadnz|hourly,2026-08-17T18:48:05Z,2026-08-17T18:48:05Z,
5.167.70.216,ipv4,attack,high,WHITE,blocklist.de/all|blocklist.de/apache|blocklist.de/mail|ziyadnz/hourly-ipv4,blocklist.de|brute-force|apache|rfi|ddos|spam|mail|ziyadnz|hourly,2026-08-17T18:48:05Z,2026-08-17T18:48:05Z,
5.167.70.217,ipv4,attack,high,WHITE,blocklist.de/all|blocklist.de/apache|blocklist.de/mail|ziyadnz/hourly-ipv4,blocklist.de|brute-force|apache|rfi|ddos|spam|mail|ziyadnz|hourly,2026-08-17T18:48:05Z,2026-08-17T18:48:05Z,
5.167.70.218,ipv4,attack,high,WHITE,blocklist.de/all|blocklist.de/apache|blocklist.de/mail|ziyadnz/hourly-ipv4,blocklist.de|brute-force|apache|rfi|ddos|spam|mail|ziyadnz|hourly,2026-08-17T18:48:05Z,2026-08-17T18:48:05Z,
5.167.70.219,ipv4,attack,high,WHITE,blocklist.de/all|blocklist.de/apache|blocklist.de/mail|ziyadnz/hourly-ipv4,blocklist.de|brute-force|apache|rfi|ddos|spam|mail|ziyadnz|hourly,2026-08-17T18:48:05Z,2026-08-17T18:48:05Z,
5.167.70.220,ipv4,attack,high,WHITE,blocklist.de/all|blocklist.de/apache|blocklist.de/mail|ziyadnz/hourly-ipv4,blocklist.de|brute-force|apache|rfi|ddos|spam|mail|ziyadnz|hourly,2026-08-17T18:48:05Z,2026-08-17T18:48:05Z,
5.167.70.221,ipv4,attack,high,WHITE,blocklist.de/all|blocklist.de/apache|blocklist.de/mail|ziyadnz/hourly-ipv4,blocklist.de|brute-force|apache|rfi|ddos|spam|mail|ziyadnz|hourly,2026-08-17T18:48:05Z,2026-08-17T18:48:05Z,
5.167.70.222,ipv4,attack,high,WHITE,blocklist.de/all|blocklist.de/apache|blocklist.de/mail|ziyadnz/hourly-ipv4,blocklist.de|brute-force|apache|rfi|ddos|spam|mail|ziyadnz|hourly,2026-08-17T18:48:05Z,2026-08-17T18:48:05Z,
5.167.70.223,ipv4,attack,high,WHITE,blocklist.de/all|blocklist.de/apache|blocklist.de/mail|ziyadnz/hourly-ipv4,blocklist.de|brute-force|apache|rfi|ddos|spam|mail|ziyadnz|hourly,2026-08-17T18:48:05Z,2026-08-17T18:48:05Z,
5.167.70.224,ipv4,attack,high,WHITE,blocklist.de/all|blocklist.de/apache|blocklist.de/mail|ziyadnz/hourly-ipv4,blocklist.de|brute-force|apache|rfi|ddos|spam|mail|ziyadnz|hourly,2026-08-17T18:48:05Z,2026-08-17T18:48:05Z,
5.167.70.225,ipv4,attack,high,WHITE,blocklist.de/all|blocklist.de/apache|blocklist.de/mail|ziyadnz/hourly-ipv4,blocklist.de|brute-force|apache|rfi|ddos|spam|mail|ziyadnz|hourly,2026-08-17T18:48:05Z,2026-08-17T18:48:05Z,
5.167.70.226,ipv4,attack,high,WHITE,blocklist.de/all|blocklist.de/apache|blocklist.de/mail|ziyadnz/hourly-ipv4,blocklist.de|brute-force|apache|rfi|ddos|spam|mail|ziyadnz|hourly,2026-08-17T18:48:05Z,2026-08-17T18:48:05Z,
5.167.70.227,ipv4,attack,high,WHITE,blocklist.de/all|blocklist.de/apache|blocklist.de/mail|ziyadnz/hourly-ipv4,blocklist.de|brute-force|apache|rfi|ddos|spam|mail|ziyadnz|hourly,2026-08-17T18:48:05Z,2026-08-17T18:48:05Z,
5.167.70.228,ipv4,attack,high,WHITE,blocklist.de/all|blocklist.de/apache|blocklist.de/mail|ziyadnz/hourly-ipv4,blocklist.de|brute-force|apache|rfi|ddos|spam|mail|ziyadnz|hourly,2026-08-17T18:48:05Z,2026-08-17T18:48:05Z,
5.167.70.229,ipv4,attack,high,WHITE,blocklist.de/all|blocklist.de/apache|blocklist.de/mail|ziyadnz/hourly-ipv4,blocklist.de|brute-force|apache|rfi|ddos|spam|mail|ziyadnz|hourly,2026-08-17T18:48:05Z,2026-08-17T18:48:05Z,
5.167.70.230,ipv4,attack,high,WHITE,blocklist.de/all|blocklist.de/apache|blocklist.de/mail|ziyadnz/hourly-ipv4,blocklist.de|brute-force|apache|rfi|ddos|spam|mail|ziyadnz|hourly,2026-08-17T18:48:05Z,2026-08-17T18:48:05Z,
5.167.70.231,ipv4,attack,high,WHITE,blocklist.de/all|blocklist.de/apache|blocklist.de/mail|ziyadnz/hourly-ipv4,blocklist.de|brute-force|apache|rfi|ddos|spam|mail|ziyadnz|hourly,2026-08-17T18:48:05Z,2026-08-17T18:48:05Z,
5.167.70.232,ipv4,attack,high,WHITE,blocklist.de/all|blocklist.de/apache|blocklist.de/mail|ziyadnz/hourly-ipv4,blocklist.de|brute-force|apache|rfi|ddos|spam|mail|ziyadnz|hourly,2026-08-17T18:48:05Z,2026-08-17T18:48:05Z,
5.167.70.233,ipv4,attack,high,WHITE,blocklist.de/all|blocklist.de/apache|blocklist.de/mail|ziyadnz/hourly-ipv4,blocklist.de|brute-force|apache|rfi|ddos|spam|mail|ziyadnz|hourly,2026-08-17T18:48:05Z,2026-08-17T18:48:05Z,
5.167.70.234,ipv4,attack,high,WHITE,blocklist.de/all|blocklist.de/apache|blocklist.de/mail|ziyadnz/hourly-ipv4,blocklist.de|brute-force|apache|rfi|ddos|spam|mail|ziyadnz|hourly,2026-08-17T18:48:05Z,2026-08-17T18:48:05Z,
5.167.70.235,ipv4,attack,high,WHITE,blocklist.de/all|blocklist.de/apache|blocklist.de/mail|ziyadnz/hourly-ipv4,blocklist.de|brute-force|apache|rfi|ddos|spam|mail|ziyadnz|hourly,2026-08-17T18:48:05Z,2026-08-17T18:48:05Z,
5.167.70.236,ipv4,attack,high,WHITE,blocklist.de/all|blocklist.de/apache|blocklist.de/mail|ziyadnz/hourly-ipv4,blocklist.de|brute-force|apache|rfi|ddos|spam|mail|ziyadnz|hourly,2026-08-17T18:48:05Z,2026-08-17T18:48:05Z,
5.167.70.237,ipv4,attack,high,WHITE,blocklist.de/all|blocklist.de/apache|blocklist.de/mail|ziyadnz/hourly-ipv4,blocklist.de|brute-force|apache|rfi|ddos|spam|mail|ziyadnz|hourly,2026-08-17T18:48:05Z,2026-08-17T18:48:05Z,
5.167.70.238,ipv4,attack,high,WHITE,blocklist.de/all|blocklist.de/apache|blocklist.de/mail|ziyadnz/hourly-ipv4,blocklist.de|brute-force|apache|rfi|ddos|spam|mail|ziyadnz|hourly,2026-08-17T18:48:05Z,2026-08-17T18:48:05Z,
5.167.70.239,ipv4,attack,high,WHITE,blocklist.de/all|blocklist.de/apache|blocklist.de/mail|ziyadnz/hourly-ipv4,blocklist.de|brute-force|apache|rfi|ddos|spam|mail|ziyadnz|hourly,2026-08-17T18:48:05Z,2026-08-17T18:48:05Z,
5.167.70.240,ipv4,attack,high,WHITE,blocklist.de/all|blocklist.de/apache|blocklist.de/mail|ziyadnz/hourly-ipv4,blocklist.de|brute-force|apache|rfi|ddos|spam|mail|ziyadnz|hourly,2026-08-17T18:48:05Z,2026-08-17T18:48:05Z,
5.167.70.241,ipv4,attack,high,WHITE,blocklist.de/all|blocklist.de/apache|blocklist.de/mail|ziyadnz/hourly-ipv4,blocklist.de|brute-force|apache|rfi|ddos|spam|mail|ziyadnz|hourly,2026-08-17T18:48:05Z,2026-08-17T18:48:05Z,
5.167.70.242,ipv4,attack,high,WHITE,blocklist.de/all|blocklist.de/apache|blocklist.de/mail|ziyadnz/hourly-ipv4,blocklist.de|brute-force|apache|rfi|ddos|spam|mail|ziyadnz|hourly,2026-08-17T18:48:05Z,2026-08-17T18:48:05Z,
5.167.70.243,ipv4,attack,high,WHITE,blocklist.de/all|blocklist.de/apache|blocklist.de/mail|ziyadnz/hourly-ipv4,blocklist.de|brute-force|apache|rfi|ddos|spam|mail|ziyadnz|hourly,2026-08-17T18:48:05Z,2026-08-17T18:48:05Z,
5.167.70.244,ipv4,attack,high,WHITE,blocklist.de/all|blocklist.de/apache|blocklist.de/mail|ziyadnz/hourly-ipv4,blocklist.de|brute-force|apache|rfi|ddos|spam|mail|ziyadnz|hourly,2026-08-17T18:48:05Z,2026-08-17T18:48:05Z,
5.167.70.245,ipv4,attack,high,WHITE,blocklist.de/all|blocklist.de/apache|blocklist.de/mail|ziyadnz/hourly-ipv4,blocklist.de|brute-force|apache|rfi|ddos|spam|mail|ziyadnz|hourly,2026-08-17T18:48:05Z,2026-08-17T18:48:05Z,
5.167.70.246,ipv4,attack,high,WHITE,blocklist.de/all|blocklist.de/apache|blocklist.de/mail|ziyadnz/hourly-ipv4,blocklist.de|brute-force|apache|rfi|ddos|spam|mail|ziyadnz|hourly,2026-08-17T18:48:05Z,2026-08-17T18:48:05Z,
5.167.70.247,ipv4,attack,high,WHITE,blocklist.de/all|blocklist.de/apache|blocklist.de/mail|ziyadnz/hourly-ipv4,blocklist.de|brute-force|apache|rfi|ddos|spam|mail|ziyadnz|hourly,2026-08-17T18:48:05Z,2026-08-17T18:48:05Z,
5.167.70.248,ipv4,attack,high,WHITE,blocklist.de/all|blocklist.de/apache|blocklist.de/mail|ziyadnz/hourly-ipv4,blocklist.de|brute-force|apache|rfi|ddos|spam|mail|ziyadnz|hourly,2026-08-17T18:48:05Z,2026-08-17T18:48:05Z,
5.167.70.249,ipv4,attack,high,WHITE,blocklist.de/all|blocklist.de/apache|blocklist.de/mail|ziyadnz/hourly-ipv4,blocklist.de|brute-force|apache|rfi|ddos|spam|mail|ziyadnz|hourly,2026-08-17T18:48:05Z,2026-08-17T18:48:05Z,
5.167.70.250,ipv4,attack,high,WHITE,blocklist.de/all|blocklist.de/apache|blocklist.de/mail|ziyadnz/hourly-ipv4,blocklist.de|brute-force|apache|rfi|ddos|spam|mail|ziyadnz|hourly,2026-08-17T18:48:05Z,2026-08-17T18:48:05Z,
5.167.70.251,ipv4,attack,high,WHITE,blocklist.de/all|blocklist.de/apache|blocklist.de/mail|ziyadnz/hourly-ipv4,blocklist.de|brute-force|apache|rfi|ddos|spam|mail|ziyadnz|hourly,2026-08-17T18:48:05Z,2026-08-17T18:48:05Z,
5.167.70.252,ipv4,attack,high,WHITE,blocklist.de/all|blocklist.de/apache|blocklist.de/mail|ziyadnz/hourly-ipv4,blocklist.de|brute-force|apache|rfi|ddos|spam|mail|ziyadnz|hourly,2026-08-17T18:48:05Z,2026-08-17T18:48:05Z,
5.167.70.253,ipv4,attack,high,WHITE,blocklist.de/all|blocklist.de/apache|blocklist.de/mail|ziyadnz/hourly-ipv4,blocklist.de|brute-force|apache|rfi|ddos|spam|mail|ziyadnz|hourly,2026-08-17T18:48:05Z,2026-08-17T18:48:05Z,
5.167.70.254,ipv4,attack,high,WHITE,blocklist.de/all|blocklist.de/apache|blocklist.de/mail|ziyadnz/hourly-ipv4,blocklist.de|brute-force|apache|rfi|ddos|spam|mail|ziyadnz|hourly,2026-08-17T18:48:05Z,2026-08-17T18:48:05Z,
5.167.70.255,ipv4,attack,high,WHITE,blocklist.de/all|blocklist.de/apache|blocklist.de/mail|ziyadnz/hourly-ipv4,blocklist.de|brute-force|apache|rfi|ddos|spam|mail|ziyadnz|hourly,2026-08-17T18:48:05Z,2026-08-17T18:48:05Z,
5.167.71.0,ipv4,attack,high,WHITE,blocklist.de/all|blocklist.de/apache|blocklist.de/mail|ziyadnz/hourly-ipv4,blocklist.de|brute-force|apache|rfi|ddos|spam|mail|ziyadnz|hourly,2026-08-17T18:48:05Z,2026-08-17T18:48:05Z,
5.167.71.1,ipv4,attack,high,WHITE,blocklist.de/all|blocklist.de/apache|blocklist.de/mail|ziyadnz/hourly-ipv4,blocklist.de|brute-force|apache|rfi|ddos|spam|mail|ziyadnz|hourly,2026-08-17T18:48:05Z,2026-08-17T18:48:05Z,
5.167.71.2,ipv4,attack,high,WHITE,blocklist.de/all|blocklist.de/apache|blocklist.de/mail|ziyadnz/hourly-ipv4,blocklist.de|brute-force|apache|rfi|ddos|spam|mail|ziyadnz|hourly,2026-08-17T18:48:05Z,2026-08-17T18:48:05Z,
5.167.71.3,ipv4,attack,high,WHITE,blocklist.de/all|blocklist.de/apache|blocklist.de/mail|ziyadnz/hourly-ipv4,blocklist.de|brute-force|apache|rfi|ddos|spam|mail|ziyadnz|hourly,2026-08-17T18:48:05Z,2026-08-17T18:48:05Z,
5.167.71.4,ipv4,attack,high,WHITE,blocklist.de/all|blocklist.de/apache|blocklist.de/mail|ziyadnz/hourly-ipv4,blocklist.de|brute-force|apache|rfi|ddos|spam|mail|ziyadnz|hourly,2026-08-17T18:48:05Z,2026-08-17T18:48:05Z,
5.167.71.5,ipv4,attack,high,WHITE,blocklist.de/all|blocklist.de/apache|blocklist.de/mail|ziyadnz/hourly-ipv4,blocklist.de|brute-force|apache|rfi|ddos|spam|mail|ziyadnz|hourly,2026-08-17T18:48:05Z,2026-08-17T18:48:05Z,
5.167.71.6,ipv4,attack,high,WHITE,blocklist.de/all|blocklist.de/apache|blocklist.de/mail|ziyadnz/hourly-ipv4,blocklist.de|brute-force|apache|rfi|ddos|spam|mail|ziyadnz|hourly,2026-08-17T18:48:05Z,2026-08-17T18:48:05Z,
5.167.71.7,ipv4,attack,high,WHITE,blocklist.de/all|blocklist.de/apache|blocklist.de/mail|ziyadnz/hourly-ipv4,blocklist.de|brute-force|apache|rfi|ddos|spam|mail|ziyadnz|hourly,2026-08-17T18:48:05Z,2026-08-17T18:48:05Z,
5.167.71.8,ipv4,attack,high,WHITE,blocklist.de/all|blocklist.de/apache|blocklist.de/mail|ziyadnz/hourly-ipv4,blocklist.de|brute-force|apache|rfi|ddos|spam|mail|ziyadnz|hourly,2026-08-17T18:48:05Z,2026-08-17T18:48:05Z,
5.167.71.9,ipv4,attack,high,WHITE,blocklist.de/all|blocklist.de/apache|blocklist.de/mail|ziyadnz/hourly-ipv4,blocklist.de|brute-force|apache|rfi|ddos|spam|mail|ziyadnz|hourly,2026-08-17T18:48:05Z,2026-08-17T18:48:05Z,
5.167.71.10,ipv4,attack,high,WHITE,blocklist.de/all|blocklist.de/apache|blocklist.de/mail|ziyadnz/hourly-ipv4,blocklist.de|brute-force|apache|rfi|ddos|spam|mail|ziyadnz|hourly,2026-08-17T18:48:05Z,2026-08-17T18:48:05Z,
5.167.71.11,ipv4,attack,high,WHITE,blocklist.de/all|blocklist.de/apache|blocklist.de/mail|ziyadnz/hourly-ipv4,blocklist.de|brute-force|apache|rfi|ddos|spam|mail|ziyadnz|hourly,2026-08-17T18:48:05Z,2026-08-17T18:48:05Z,
5.167.71.12,ipv4,attack,high,WHITE,blocklist.de/all|blocklist.de/apache|blocklist.de/mail|ziyadnz/hourly-ipv4,blocklist.de|brute-force|apache|rfi|ddos|spam|mail|ziyadnz|hourly,2026-08-17T18:48:05Z,2026-08-17T18:48:05Z,
5.167.71.13,ipv4,attack,high,WHITE,blocklist.de/all|blocklist.de/apache|blocklist.de/mail|ziyadnz/hourly-ipv4,blocklist.de|brute-force|apache|rfi|ddos|spam|mail|ziyadnz|hourly,2026-08-17T18:48:05Z,2026-08-17T18:48:05Z,
5.167.71.14,ipv4,attack,high,WHITE,blocklist.de/all|blocklist.de/apache|blocklist.de/mail|ziyadnz/hourly-ipv4,blocklist.de|brute-force|apache|rfi|ddos|spam|mail|ziyadnz|hourly,2026-08-17T18:48:05Z,2026-08-17T18:48:05Z,
5.167.71.15,ipv4,attack,high,WHITE,blocklist.de/all|blocklist.de/apache|blocklist.de/mail|ziyadnz/hourly-ipv4,blocklist.de|brute-force|apache|rfi|ddos|spam|mail|ziyadnz|hourly,2026-08-17T18:48:05Z,2026-08-17T18:48:05Z,
5.167.71.16,ipv4,attack,high,WHITE,blocklist.de/all|blocklist.de/apache|blocklist.de/mail|ziyadnz/hourly-ipv4,blocklist.de|brute-force|apache|rfi|ddos|spam|mail|ziyadnz|hourly,2026-08-17T18:48:05Z,2026-08-17T18:48:05Z,
5.167.71.17,ipv4,attack,high,WHITE,blocklist.de/all|blocklist.de/apache|blocklist.de/mail|ziyadnz/hourly-ipv4,blocklist.de|brute-force|apache|rfi|ddos|spam|mail|ziyadnz|hourly,2026-08-17T18:48:05Z,2026-08-17T18:48:05Z,
5.167.71.18,ipv4,attack,high,WHITE,blocklist.de/all|blocklist.de/apache|blocklist.de/mail|ziyadnz/hourly-ipv4,blocklist.de|brute-force|apache|rfi|ddos|spam|mail|ziyadnz|hourly,2026-08-17T18:48:05Z,2026-08-17T18:48:05Z,
5.167.71.19,ipv4,attack,high,WHITE,blocklist.de/all|blocklist.de/apache|blocklist.de/mail|ziyadnz/hourly-ipv4,blocklist.de|brute-force|apache|rfi|ddos|spam|mail|ziyadnz|hourly,2026-08-17T18:48:05Z,2026-08-17T18:48:05Z,
5.167.71.20,ipv4,attack,high,WHITE,blocklist.de/all|blocklist.de/apache|blocklist.de/mail|ziyadnz/hourly-ipv4,blocklist.de|brute-force|apache|rfi|ddos|spam|mail|ziyadnz|hourly,2026-08-17T18:48:05Z,2026-08-17T18:48:05Z,
5.167.71.21,ipv4,attack,high,WHITE,blocklist.de/all|blocklist.de/apache|blocklist.de/mail|ziyadnz/hourly-ipv4,blocklist.de|brute-force|apache|rfi|ddos|spam|mail|ziyadnz|hourly,2026-08-17T18:48:05Z,2026-08-17T18:48:05Z,
5.167.71.22,ipv4,attack,high,WHITE,blocklist.de/all|blocklist.de/apache|blocklist.de/mail|ziyadnz/hourly-ipv4,blocklist.de|brute-force|apache|rfi|ddos|spam|mail|ziyadnz|hourly,2026-08-17T18:48:05Z,2026-08-17T18:48:05Z,
5.167.71.23,ipv4,attack,high,WHITE,blocklist.de/all|blocklist.de/apache|blocklist.de/mail|ziyadnz/hourly-ipv4,blocklist.de|brute-force|apache|rfi|ddos|spam|mail|ziyadnz|hourly,2026-08-17T18:48:05Z,2026-08-17T18:48:05Z,
5.167.71.24,ipv4,attack,high,WHITE,blocklist.de/all|blocklist.de/apache|blocklist.de/mail|ziyadnz/hourly-ipv4,blocklist.de|brute-force|apache|rfi|ddos|spam|mail|ziyadnz|hourly,2026-08-17T18:48:05Z,2026-08-17T18:48:05Z,
5.167.71.25,ipv4,attack,high,WHITE,blocklist.de/all|blocklist.de/apache|blocklist.de/mail|ziyadnz/hourly-ipv4,blocklist.de|brute-force|apache|rfi|ddos|spam|mail|ziyadnz|hourly,2026-08-17T18:48:05Z,2026-08-17T18:48:05Z,
5.167.71.26,ipv4,attack,high,WHITE,blocklist.de/all|blocklist.de/apache|blocklist.de/mail|ziyadnz/hourly-ipv4,blocklist.de|brute-force|apache|rfi|ddos|spam|mail|ziyadnz|hourly,2026-08-17T18:48:05Z,2026-08-17T18:48:05Z,
5.167.71.27,ipv4,attack,high,WHITE,blocklist.de/all|blocklist.de/apache|blocklist.de/mail|ziyadnz/hourly-ipv4,blocklist.de|brute-force|apache|rfi|ddos|spam|mail|ziyadnz|hourly,2026-08-17T18:48:05Z,2026-08-17T18:48:05Z,
5.167.71.28,ipv4,attack,high,WHITE,blocklist.de/all|blocklist.de/apache|blocklist.de/mail|ziyadnz/hourly-ipv4,blocklist.de|brute-force|apache|rfi|ddos|spam|mail|ziyadnz|hourly,2026-08-17T18:48:05Z,2026-08-17T18:48:05Z,
5.167.71.29,ipv4,attack,high,WHITE,blocklist.de/all|blocklist.de/apache|blocklist.de/mail|ziyadnz/hourly-ipv4,blocklist.de|brute-force|apache|rfi|ddos|spam|mail|ziyadnz|hourly,2026-08-17T18:48:05Z,2026-08-17T18:48:05Z,
5.167.71.30,ipv4,attack,high,WHITE,blocklist.de/all|blocklist.de/apache|blocklist.de/mail|ziyadnz/hourly-ipv4,blocklist.de|brute-force|apache|rfi|ddos|spam|mail|ziyadnz|hourly,2026-08-17T18:48:05Z,2026-08-17T18:48:05Z,
5.167.71.31,ipv4,attack,high,WHITE,blocklist.de/all|blocklist.de/apache|blocklist.de/mail|ziyadnz/hourly-ipv4,blocklist.de|brute-force|apache|rfi|ddos|spam|mail|ziyadnz|hourly,2026-08-17T18:48:05Z,2026-08-17T18:48:05Z,
5.167.71.32,ipv4,attack,high,WHITE,blocklist.de/all|blocklist.de/apache|blocklist.de/mail|ziyadnz/hourly-ipv4,blocklist.de|brute-force|apache|rfi|ddos|spam|mail|ziyadnz|hourly,2026-08-17T18:48:05Z,2026-08-17T18:48:05Z,
5.167.71.33,ipv4,attack,high,WHITE,blocklist.de/all|blocklist.de/apache|blocklist.de/mail|ziyadnz/hourly-ipv4,blocklist.de|brute-force|apache|rfi|ddos|spam|mail|ziyadnz|hourly,2026-08-17T18:48:05Z,2026-08-17T18:48:05Z,
5.167.71.34,ipv4,attack,high,WHITE,blocklist.de/all|blocklist.de/apache|blocklist.de/mail|ziyadnz/hourly-ipv4,blocklist.de|brute-force|apache|rfi|ddos|spam|mail|ziyadnz|hourly,2026-08-17T18:48:05Z,2026-08-17T18:48:05Z,
5.167.71.35,ipv4,attack,high,WHITE,blocklist.de/all|blocklist.de/apache|blocklist.de/mail|ziyadnz/hourly-ipv4,blocklist.de|brute-force|apache|rfi|ddos|spam|mail|ziyadnz|hourly,2026-08-17T18:48:05Z,2026-08-17T18:48:05Z,
5.167.71.36,ipv4,attack,high,WHITE,blocklist.de/all|blocklist.de/apache|blocklist.de/mail|ziyadnz/hourly-ipv4,blocklist.de|brute-force|apache|rfi|ddos|spam|mail|ziyadnz|hourly,2026-08-17T18:48:05Z,2026-08-17T18:48:05Z,
5.167.71.37,ipv4,attack,high,WHITE,blocklist.de/all|blocklist.de/apache|blocklist.de/mail|ziyadnz/hourly-ipv4,blocklist.de|brute-force|apache|rfi|ddos|spam|mail|ziyadnz|hourly,2026-08-17T18:48:05Z,2026-08-17T18:48:05Z,
5.167.71.38,ipv4,attack,high,WHITE,blocklist.de/all|blocklist.de/apache|blocklist.de/mail|ziyadnz/hourly-ipv4,blocklist.de|brute-force|apache|rfi|ddos|spam|mail|ziyadnz|hourly,2026-08-17T18:48:05Z,2026-08-17T18:48:05Z,
5.167.71.39,ipv4,attack,high,WHITE,blocklist.de/all|blocklist.de/apache|blocklist.de/mail|ziyadnz/hourly-ipv4,blocklist.de|brute-force|apache|rfi|ddos|spam|mail|ziyadnz|hourly,2026-08-17T18:48:05Z,2026-08-17T18:48:05Z,
5.167.71.40,ipv4,attack,high,WHITE,blocklist.de/all|blocklist.de/apache|blocklist.de/mail|ziyadnz/hourly-ipv4,blocklist.de|brute-force|apache|rfi|ddos|spam|mail|ziyadnz|hourly,2026-08-17T18:48:05Z,2026-08-17T18:48:05Z,
5.167.71.41,ipv4,attack,high,WHITE,blocklist.de/all|blocklist.de/apache|blocklist.de/mail|ziyadnz/hourly-ipv4,blocklist.de|brute-force|apache|rfi|ddos|spam|mail|ziyadnz|hourly,2026-08-17T18:48:05Z,2026-08-17T18:48:05Z,
5.167.71.42,ipv4,attack,high,WHITE,blocklist.de/all|blocklist.de/apache|blocklist.de/mail|ziyadnz/hourly-ipv4,blocklist.de|brute-force|apache|rfi|ddos|spam|mail|ziyadnz|hourly,2026-08-17T18:48:05Z,2026-08-17T18:48:05Z,
5.167.71.43,ipv4,attack,high,WHITE,blocklist.de/all|blocklist.de/apache|blocklist.de/mail|ziyadnz/hourly-ipv4,blocklist.de|brute-force|apache|rfi|ddos|spam|mail|ziyadnz|hourly,2026-08-17T18:48:05Z,2026-08-17T18:48:05Z,
5.167.71.44,ipv4,attack,high,WHITE,blocklist.de/all|blocklist.de/apache|blocklist.de/mail|ziyadnz/hourly-ipv4,blocklist.de|brute-force|apache|rfi|ddos|spam|mail|ziyadnz|hourly,2026-08-17T18:48:05Z,2026-08-17T18:48:05Z,
5.167.71.45,ipv4,attack,high,WHITE,blocklist.de/all|blocklist.de/apache|blocklist.de/mail|ziyadnz/hourly-ipv4,blocklist.de|brute-force|apache|rfi|ddos|spam|mail|ziyadnz|hourly,2026-08-17T18:48:05Z,2026-08-17T18:48:05Z,
5.167.71.46,ipv4,attack,high,WHITE,blocklist.de/all|blocklist.de/apache|blocklist.de/mail|ziyadnz/hourly-ipv4,blocklist.de|brute-force|apache|rfi|ddos|spam|mail|ziyadnz|hourly,2026-08-17T18:48:05Z,2026-08-17T18:48:05Z,
5.167.71.47,ipv4,attack,high,WHITE,blocklist.de/all|blocklist.de/apache|blocklist.de/mail|ziyadnz/hourly-ipv4,blocklist.de|brute-force|apache|rfi|ddos|spam|mail|ziyadnz|hourly,2026-08-17T18:48:05Z,2026-08-17T18:48:05Z,
5.167.71.48,ipv4,attack,high,WHITE,blocklist.de/all|blocklist.de/apache|blocklist.de/mail|ziyadnz/hourly-ipv4,blocklist.de|brute-force|apache|rfi|ddos|spam|mail|ziyadnz|hourly,2026-08-17T18:48:05Z,2026-08-17T18:48:05Z,
5.167.71.49,ipv4,attack,high,WHITE,blocklist.de/all|blocklist.de/apache|blocklist.de/mail|ziyadnz/hourly-ipv4,blocklist.de|brute-force|apache|rfi|ddos|spam|mail|ziyadnz|hourly,2026-08-17T18:48:05Z,2026-08-17T18:48:05Z,
5.167.71.50,ipv4,attack,high,WHITE,blocklist.de/all|blocklist.de/apache|blocklist.de/mail|ziyadnz/hourly-ipv4,blocklist.de|brute-force|apache|rfi|ddos|spam|mail|ziyadnz|hourly,2026-08-17T18:48:05Z,2026-08-17T18:48:05Z,
5.167.71.51,ipv4,attack,high,WHITE,blocklist.de/all|blocklist.de/apache|blocklist.de/mail|ziyadnz/hourly-ipv4,blocklist.de|brute-force|apache|rfi|ddos|spam|mail|ziyadnz|hourly,2026-08-17T18:48:05Z,2026-08-17T18:48:05Z,
5.167.71.52,ipv4,attack,high,WHITE,blocklist.de/all|blocklist.de/apache|blocklist.de/mail|ziyadnz/hourly-ipv4,blocklist.de|brute-force|apache|rfi|ddos|spam|mail|ziyadnz|hourly,2026-08-17T18:48:05Z,2026-08-17T18:48:05Z,
5.167.71.53,ipv4,attack,high,WHITE,blocklist.de/all|blocklist.de/apache|blocklist.de/mail|ziyadnz/hourly-ipv4,blocklist.de|brute-force|apache|rfi|ddos|spam|mail|ziyadnz|hourly,2026-08-17T18:48:05Z,2026-08-17T18:48:05Z,
5.167.71.54,ipv4,attack,high,WHITE,blocklist.de/all|blocklist.de/apache|blocklist.de/mail|ziyadnz/hourly-ipv4,blocklist.de|brute-force|apache|rfi|ddos|spam|mail|ziyadnz|hourly,2026-08-17T18:48:05Z,2026-08-17T18:48:05Z,
5.167.71.55,ipv4,attack,high,WHITE,blocklist.de/all|blocklist.de/apache|blocklist.de/mail|ziyadnz/hourly-ipv4,blocklist.de|brute-force|apache|rfi|ddos|spam|mail|ziyadnz|hourly,2026-08-17T18:48:05Z,2026-08-17T18:48:05Z,
5.167.71.56,ipv4,attack,high,WHITE,blocklist.de/all|blocklist.de/apache|blocklist.de/mail|ziyadnz/hourly-ipv4,blocklist.de|brute-force|apache|rfi|ddos|spam|mail|ziyadnz|hourly,2026-08-17T18:48:05Z,2026-08-17T18:48:05Z,
5.167.71.57,ipv4,attack,high,WHITE,blocklist.de/all|blocklist.de/apache|blocklist.de/mail|ziyadnz/hourly-ipv4,blocklist.de|brute-force|apache|rfi|ddos|spam|mail|ziyadnz|hourly,2026-08-17T18:48:05Z,2026-08-17T18:48:05Z,
5.167.71.58,ipv4,attack,high,WHITE,blocklist.de/all|blocklist.de/apache|blocklist.de/mail|ziyadnz/hourly-ipv4,blocklist.de|brute-force|apache|rfi|ddos|spam|mail|ziyadnz|hourly,2026-08-17T18:48:05Z,2026-08-17T18:48:05Z,
5.167.71.59,ipv4,attack,high,WHITE,blocklist.de/all|blocklist.de/apache|blocklist.de/mail|ziyadnz/hourly-ipv4,blocklist.de|brute-force|apache|rfi|ddos|spam|mail|ziyadnz|hourly,2026-08-17T18:48:05Z,2026-08-17T18:48:05Z,
5.167.71.60,ipv4,attack,high,WHITE,blocklist.de/all|blocklist.de/apache|blocklist.de/mail|ziyadnz/hourly-ipv4,blocklist.de|brute-force|apache|rfi|ddos|spam|mail|ziyadnz|hourly,2026-08-17T18:48:05Z,2026-08-17T18:48:05Z,
5.167.71.61,ipv4,attack,high,WHITE,blocklist.de/all|blocklist.de/apache|blocklist.de/mail|ziyadnz/hourly-ipv4,blocklist.de|brute-force|apache|rfi|ddos|spam|mail|ziyadnz|hourly,2026-08-17T18:48:05Z,2026-08-17T18:48:05Z,
5.167.71.62,ipv4,attack,high,WHITE,blocklist.de/all|blocklist.de/apache|blocklist.de/mail|ziyadnz/hourly-ipv4,blocklist.de|brute-force|apache|rfi|ddos|spam|mail|ziyadnz|hourly,2026-08-17T18:48:05Z,2026-08-17T18:48:05Z,
5.167.71.63,ipv4,attack,high,WHITE,blocklist.de/all|blocklist.de/apache|blocklist.de/mail|ziyadnz/hourly-ipv4,blocklist.de|brute-force|apache|rfi|ddos|spam|mail|ziyadnz|hourly,2026-08-17T18:48:05Z,2026-08-17T18:48:05Z,
5.167.71.64,ipv4,attack,high,WHITE,blocklist.de/all|blocklist.de/apache|blocklist.de/mail|ziyadnz/hourly-ipv4,blocklist.de|brute-force|apache|rfi|ddos|spam|mail|ziyadnz|hourly,2026-08-17T18:48:05Z,2026-08-17T18:48:05Z,
5.167.71.65,ipv4,attack,high,WHITE,blocklist.de/all|blocklist.de/apache|blocklist.de/mail|ziyadnz/hourly-ipv4,blocklist.de|brute-force|apache|rfi|ddos|spam|mail|ziyadnz|hourly,2026-08-17T18:48:05Z,2026-08-17T18:48:05Z,
5.167.71.66,ipv4,attack,high,WHITE,blocklist.de/all|blocklist.de/apache|blocklist.de/mail|ziyadnz/hourly-ipv4,blocklist.de|brute-force|apache|rfi|ddos|spam|mail|ziyadnz|hourly,2026-08-17T18:48:05Z,2026-08-17T18:48:05Z,
5.167.71.67,ipv4,attack,high,WHITE,blocklist.de/all|blocklist.de/apache|blocklist.de/mail|ziyadnz/hourly-ipv4,blocklist.de|brute-force|apache|rfi|ddos|spam|mail|ziyadnz|hourly,2026-08-17T18:48:05Z,2026-08-17T18:48:05Z,
5.167.71.68,ipv4,attack,high,WHITE,blocklist.de/all|blocklist.de/apache|blocklist.de/mail|ziyadnz/hourly-ipv4,blocklist.de|brute-force|apache|rfi|ddos|spam|mail|ziyadnz|hourly,2026-08-17T18:48:05Z,2026-08-17T18:48:05Z,
5.167.71.69,ipv4,attack,high,WHITE,blocklist.de/all|blocklist.de/apache|blocklist.de/mail|ziyadnz/hourly-ipv4,blocklist.de|brute-force|apache|rfi|ddos|spam|mail|ziyadnz|hourly,2026-08-17T18:48:05Z,2026-08-17T18:48:05Z,
5.167.71.70,ipv4,attack,high,WHITE,blocklist.de/all|blocklist.de/apache|blocklist.de/mail|ziyadnz/hourly-ipv4,blocklist.de|brute-force|apache|rfi|ddos|spam|mail|ziyadnz|hourly,2026-08-17T18:48:05Z,2026-08-17T18:48:05Z,
5.167.71.71,ipv4,attack,high,WHITE,blocklist.de/all|blocklist.de/apache|blocklist.de/mail|ziyadnz/hourly-ipv4,blocklist.de|brute-force|apache|rfi|ddos|spam|mail|ziyadnz|hourly,2026-08-17T18:48:05Z,2026-08-17T18:48:05Z,
5.167.71.72,ipv4,attack,high,WHITE,blocklist.de/all|blocklist.de/apache|blocklist.de/mail|ziyadnz/hourly-ipv4,blocklist.de|brute-force|apache|rfi|ddos|spam|mail|ziyadnz|hourly,2026-08-17T18:48:05Z,2026-08-17T18:48:05Z,
5.167.71.73,ipv4,attack,high,WHITE,blocklist.de/all|blocklist.de/apache|blocklist.de/mail|ziyadnz/hourly-ipv4,blocklist.de|brute-force|apache|rfi|ddos|spam|mail|ziyadnz|hourly,2026-08-17T18:48:05Z,2026-08-17T18:48:05Z,
5.167.71.74,ipv4,attack,high,WHITE,blocklist.de/all|blocklist.de/apache|blocklist.de/mail|ziyadnz/hourly-ipv4,blocklist.de|brute-force|apache|rfi|ddos|spam|mail|ziyadnz|hourly,2026-08-17T18:48:05Z,2026-08-17T18:48:05Z,
5.167.71.75,ipv4,attack,high,WHITE,blocklist.de/all|blocklist.de/apache|blocklist.de/mail|ziyadnz/hourly-ipv4,blocklist.de|brute-force|apache|rfi|ddos|spam|mail|ziyadnz|hourly,2026-08-17T18:48:05Z,2026-08-17T18:48:05Z,
5.167.71.76,ipv4,attack,high,WHITE,blocklist.de/all|blocklist.de/apache|blocklist.de/mail|ziyadnz/hourly-ipv4,blocklist.de|brute-force|apache|rfi|ddos|spam|mail|ziyadnz|hourly,2026-08-17T18:48:05Z,2026-08-17T18:48:05Z,
5.167.71.77,ipv4,attack,high,WHITE,blocklist.de/all|blocklist.de/apache|blocklist.de/mail|ziyadnz/hourly-ipv4,blocklist.de|brute-force|apache|rfi|ddos|spam|mail|ziyadnz|hourly,2026-08-17T18:48:05Z,2026-08-17T18:48:05Z,
5.167.71.78,ipv4,attack,high,WHITE,blocklist.de/all|blocklist.de/apache|blocklist.de/mail|ziyadnz/hourly-ipv4,blocklist.de|brute-force|apache|rfi|ddos|spam|mail|ziyadnz|hourly,2026-08-17T18:48:05Z,2026-08-17T18:48:05Z,
5.167.71.79,ipv4,attack,high,WHITE,blocklist.de/all|blocklist.de/apache|blocklist.de/mail|ziyadnz/hourly-ipv4,blocklist.de|brute-force|apache|rfi|ddos|spam|mail|ziyadnz|hourly,2026-08-17T18:48:05Z,2026-08-17T18:48:05Z,
5.167.71.80,ipv4,attack,high,WHITE,blocklist.de/all|blocklist.de/apache|blocklist.de/mail|ziyadnz/hourly-ipv4,blocklist.de|brute-force|apache|rfi|ddos|spam|mail|ziyadnz|hourly,2026-08-17T18:48:05Z,2026-08-17T18:48:05Z,
5.167.71.81,ipv4,attack,high,WHITE,blocklist.de/all|blocklist.de/apache|blocklist.de/mail|ziyadnz/hourly-ipv4,blocklist.de|brute-force|apache|rfi|ddos|spam|mail|ziyadnz|hourly,2026-08-17T18:48:05Z,2026-08-17T18:48:05Z,
5.167.71.82,ipv4,attack,high,WHITE,blocklist.de/all|blocklist.de/apache|blocklist.de/mail|ziyadnz/hourly-ipv4,blocklist.de|brute-force|apache|rfi|ddos|spam|mail|ziyadnz|hourly,2026-08-17T18:48:05Z,2026-08-17T18:48:05Z,
5.167.71.83,ipv4,attack,high,WHITE,blocklist.de/all|blocklist.de/apache|blocklist.de/mail|ziyadnz/hourly-ipv4,blocklist.de|brute-force|apache|rfi|ddos|spam|mail|ziyadnz|hourly,2026-08-17T18:48:05Z,2026-08-17T18:48:05Z,
5.167.71.84,ipv4,attack,high,WHITE,blocklist.de/all|blocklist.de/apache|blocklist.de/mail|ziyadnz/hourly-ipv4,blocklist.de|brute-force|apache|rfi|ddos|spam|mail|ziyadnz|hourly,2026-08-17T18:48:05Z,2026-08-17T18:48:05Z,
5.167.71.85,ipv4,attack,high,WHITE,blocklist.de/all|blocklist.de/apache|blocklist.de/mail|ziyadnz/hourly-ipv4,blocklist.de|brute-force|apache|rfi|ddos|spam|mail|ziyadnz|hourly,2026-08-17T18:48:05Z,2026-08-17T18:48:05Z,
5.167.71.86,ipv4,attack,high,WHITE,blocklist.de/all|blocklist.de/apache|blocklist.de/mail|ziyadnz/hourly-ipv4,blocklist.de|brute-force|apache|rfi|ddos|spam|mail|ziyadnz|hourly,2026-08-17T18:48:05Z,2026-08-17T18:48:05Z,
5.167.71.87,ipv4,attack,high,WHITE,blocklist.de/all|blocklist.de/apache|blocklist.de/mail|ziyadnz/hourly-ipv4,blocklist.de|brute-force|apache|rfi|ddos|spam|mail|ziyadnz|hourly,2026-08-17T18:48:05Z,2026-08-17T18:48:05Z,
5.167.71.88,ipv4,attack,high,WHITE,blocklist.de/all|blocklist.de/apache|blocklist.de/mail|ziyadnz/hourly-ipv4,blocklist.de|brute-force|apache|rfi|ddos|spam|mail|ziyadnz|hourly,2026-08-17T18:48:05Z,2026-08-17T18:48:05Z,
5.167.71.89,ipv4,attack,high,WHITE,blocklist.de/all|blocklist.de/apache|blocklist.de/mail|ziyadnz/hourly-ipv4,blocklist.de|brute-force|apache|rfi|ddos|spam|mail|ziyadnz|hourly,2026-08-17T18:48:05Z,2026-08-17T18:48:05Z,
5.167.71.90,ipv4,attack,high,WHITE,blocklist.de/all|blocklist.de/apache|blocklist.de/mail|ziyadnz/hourly-ipv4,blocklist.de|brute-force|apache|rfi|ddos|spam|mail|ziyadnz|hourly,2026-08-17T18:48:05Z,2026-08-17T18:48:05Z,
5.167.71.91,ipv4,attack,high,WHITE,blocklist.de/all|blocklist.de/apache|blocklist.de/mail|ziyadnz/hourly-ipv4,blocklist.de|brute-force|apache|rfi|ddos|spam|mail|ziyadnz|hourly,2026-08-17T18:48:05Z,2026-08-17T18:48:05Z,
5.167.71.92,ipv4,attack,high,WHITE,blocklist.de/all|blocklist.de/apache|blocklist.de/mail|ziyadnz/hourly-ipv4,blocklist.de|brute-force|apache|rfi|ddos|spam|mail|ziyadnz|hourly,2026-08-17T18:48:05Z,2026-08-17T18:48:05Z,
5.167.71.93,ipv4,attack,high,WHITE,blocklist.de/all|blocklist.de/apache|blocklist.de/mail|ziyadnz/hourly-ipv4,blocklist.de|brute-force|apache|rfi|ddos|spam|mail|ziyadnz|hourly,2026-08-17T18:48:05Z,2026-08-17T18:48:05Z,
5.167.71.94,ipv4,attack,high,WHITE,blocklist.de/all|blocklist.de/apache|blocklist.de/mail|ziyadnz/hourly-ipv4,blocklist.de|brute-force|apache|rfi|ddos|spam|mail|ziyadnz|hourly,2026-08-17T18:48:05Z,2026-08-17T18:48:05Z,
5.167.71.95,ipv4,attack,high,WHITE,blocklist.de/all|blocklist.de/apache|blocklist.de/mail|ziyadnz/hourly-ipv4,blocklist.de|brute-force|apache|rfi|ddos|spam|mail|ziyadnz|hourly,2026-08-17T18:48:05Z,2026-08-17T18:48:05Z,
5.167.71.96,ipv4,attack,high,WHITE,blocklist.de/all|blocklist.de/apache|blocklist.de/mail|ziyadnz/hourly-ipv4,blocklist.de|brute-force|apache|rfi|ddos|spam|mail|ziyadnz|hourly,2026-08-17T18:48:05Z,2026-08-17T18:48:05Z,
5.167.71.97,ipv4,attack,high,WHITE,blocklist.de/all|blocklist.de/apache|blocklist.de/mail|ziyadnz/hourly-ipv4,blocklist.de|brute-force|apache|rfi|ddos|spam|mail|ziyadnz|hourly,2026-08-17T18:48:05Z,2026-08-17T18:48:05Z,
5.167.71.98,ipv4,attack,high,WHITE,blocklist.de/all|blocklist.de/apache|blocklist.de/mail|ziyadnz/hourly-ipv4,blocklist.de|brute-force|apache|rfi|ddos|spam|mail|ziyadnz|hourly,2026-08-17T18:48:05Z,2026-08-17T18:48:05Z,
5.167.71.99,ipv4,attack,high,WHITE,blocklist.de/all|blocklist.de/apache|blocklist.de/mail|ziyadnz/hourly-ipv4,blocklist.de|brute-force|apache|rfi|ddos|spam|mail|ziyadnz|hourly,2026-08-17T18:48:05Z,2026-08-17T18:48:05Z,
5.167.71.100,ipv4,attack,high,WHITE,blocklist.de/all|blocklist.de/apache|blocklist.de/mail|ziyadnz/hourly-ipv4,blocklist.de|brute-force|apache|rfi|ddos|spam|mail|ziyadnz|hourly,2026-08-17T18:48:05Z,2026-08-17T18:48:05Z,
5.167.71.101,ipv4,attack,high,WHITE,blocklist.de/all|blocklist.de/apache|blocklist.de/mail|ziyadnz/hourly-ipv4,blocklist.de|brute-force|apache|rfi|ddos|spam|mail|ziyadnz|hourly,2026-08-17T18:48:05Z,2026-08-17T18:48:05Z,
5.167.71.102,ipv4,attack,high,WHITE,blocklist.de/all|blocklist.de/apache|blocklist.de/mail|ziyadnz/hourly-ipv4,blocklist.de|brute-force|apache|rfi|ddos|spam|mail|ziyadnz|hourly,2026-08-17T18:48:05Z,2026-08-17T18:48:05Z,
5.167.71.103,ipv4,attack,high,WHITE,blocklist.de/all|blocklist.de/apache|blocklist.de/mail|ziyadnz/hourly-ipv4,blocklist.de|brute-force|apache|rfi|ddos|spam|mail|ziyadnz|hourly,2026-08-17T18:48:05Z,2026-08-17T18:48:05Z,
5.167.71.104,ipv4,attack,high,WHITE,blocklist.de/all|blocklist.de/apache|blocklist.de/mail|ziyadnz/hourly-ipv4,blocklist.de|brute-force|apache|rfi|ddos|spam|mail|ziyadnz|hourly,2026-08-17T18:48:05Z,2026-08-17T18:48:05Z,
5.167.71.105,ipv4,attack,high,WHITE,blocklist.de/all|blocklist.de/apache|blocklist.de/mail|ziyadnz/hourly-ipv4,blocklist.de|brute-force|apache|rfi|ddos|spam|mail|ziyadnz|hourly,2026-08-17T18:48:05Z,2026-08-17T18:48:05Z,
5.167.71.106,ipv4,attack,high,WHITE,blocklist.de/all|blocklist.de/apache|blocklist.de/mail|ziyadnz/hourly-ipv4,blocklist.de|brute-force|apache|rfi|ddos|spam|mail|ziyadnz|hourly,2026-08-17T18:48:05Z,2026-08-17T18:48:05Z,
5.167.71.107,ipv4,attack,high,WHITE,blocklist.de/all|blocklist.de/apache|blocklist.de/mail|ziyadnz/hourly-ipv4,blocklist.de|brute-force|apache|rfi|ddos|spam|mail|ziyadnz|hourly,2026-08-17T18:48:05Z,2026-08-17T18:48:05Z,
5.167.71.108,ipv4,attack,high,WHITE,blocklist.de/all|blocklist.de/apache|blocklist.de/mail|ziyadnz/hourly-ipv4,blocklist.de|brute-force|apache|rfi|ddos|spam|mail|ziyadnz|hourly,2026-08-17T18:48:05Z,2026-08-17T18:48:05Z,
5.167.71.109,ipv4,attack,high,WHITE,blocklist.de/all|blocklist.de/apache|blocklist.de/mail|ziyadnz/hourly-ipv4,blocklist.de|brute-force|apache|rfi|ddos|spam|mail|ziyadnz|hourly,2026-08-17T18:48:05Z,2026-08-17T18:48:05Z,
5.167.71.110,ipv4,attack,high,WHITE,blocklist.de/all|blocklist.de/apache|blocklist.de/mail|ziyadnz/hourly-ipv4,blocklist.de|brute-force|apache|rfi|ddos|spam|mail|ziyadnz|hourly,2026-08-17T18:48:05Z,2026-08-17T18:48:05Z,
5.167.71.111,ipv4,attack,high,WHITE,blocklist.de/all|blocklist.de/apache|blocklist.de/mail|ziyadnz/hourly-ipv4,blocklist.de|brute-force|apache|rfi|ddos|spam|mail|ziyadnz|hourly,2026-08-17T18:48:05Z,2026-08-17T18:48:05Z,
5.167.71.112,ipv4,attack,high,WHITE,blocklist.de/all|blocklist.de/apache|blocklist.de/mail|ziyadnz/hourly-ipv4,blocklist.de|brute-force|apache|rfi|ddos|spam|mail|ziyadnz|hourly,2026-08-17T18:48:05Z,2026-08-17T18:48:05Z,
5.167.71.113,ipv4,attack,high,WHITE,blocklist.de/all|blocklist.de/apache|blocklist.de/mail|ziyadnz/hourly-ipv4,blocklist.de|brute-force|apache|rfi|ddos|spam|mail|ziyadnz|hourly,2026-08-17T18:48:05Z,2026-08-17T18:48:05Z,
5.167.71.114,ipv4,attack,high,WHITE,blocklist.de/all|blocklist.de/apache|blocklist.de/mail|ziyadnz/hourly-ipv4,blocklist.de|brute-force|apache|rfi|ddos|spam|mail|ziyadnz|hourly,2026-08-17T18:48:05Z,2026-08-17T18:48:05Z,
5.167.71.115,ipv4,attack,high,WHITE,blocklist.de/all|blocklist.de/apache|blocklist.de/mail|ziyadnz/hourly-ipv4,blocklist.de|brute-force|apache|rfi|ddos|spam|mail|ziyadnz|hourly,2026-08-17T18:48:05Z,2026-08-17T18:48:05Z,
5.167.71.116,ipv4,attack,high,WHITE,blocklist.de/all|blocklist.de/apache|blocklist.de/mail|ziyadnz/hourly-ipv4,blocklist.de|brute-force|apache|rfi|ddos|spam|mail|ziyadnz|hourly,2026-08-17T18:48:05Z,2026-08-17T18:48:05Z,
5.167.71.117,ipv4,attack,high,WHITE,blocklist.de/all|blocklist.de/apache|blocklist.de/mail|ziyadnz/hourly-ipv4,blocklist.de|brute-force|apache|rfi|ddos|spam|mail|ziyadnz|hourly,2026-08-17T18:48:05Z,2026-08-17T18:48:05Z,
5.167.71.118,ipv4,attack,high,WHITE,blocklist.de/all|blocklist.de/apache|blocklist.de/mail|ziyadnz/hourly-ipv4,blocklist.de|brute-force|apache|rfi|ddos|spam|mail|ziyadnz|hourly,2026-08-17T18:48:05Z,2026-08-17T18:48:05Z,
5.167.71.119,ipv4,attack,high,WHITE,blocklist.de/all|blocklist.de/apache|blocklist.de/mail|ziyadnz/hourly-ipv4,blocklist.de|brute-force|apache|rfi|ddos|spam|mail|ziyadnz|hourly,2026-08-17T18:48:05Z,2026-08-17T18:48:05Z,
5.167.71.120,ipv4,attack,high,WHITE,blocklist.de/all|blocklist.de/apache|blocklist.de/mail|ziyadnz/hourly-ipv4,blocklist.de|brute-force|apache|rfi|ddos|spam|mail|ziyadnz|hourly,2026-08-17T18:48:05Z,2026-08-17T18:48:05Z,
5.167.71.121,ipv4,attack,high,WHITE,blocklist.de/all|blocklist.de/apache|blocklist.de/mail|ziyadnz/hourly-ipv4,blocklist.de|brute-force|apache|rfi|ddos|spam|mail|ziyadnz|hourly,2026-08-17T18:48:05Z,2026-08-17T18:48:05Z,
5.167.71.122,ipv4,attack,high,WHITE,blocklist.de/all|blocklist.de/apache|blocklist.de/mail|ziyadnz/hourly-ipv4,blocklist.de|brute-force|apache|rfi|ddos|spam|mail|ziyadnz|hourly,2026-08-17T18:48:05Z,2026-08-17T18:48:05Z,
5.167.71.123,ipv4,attack,high,WHITE,blocklist.de/all|blocklist.de/apache|blocklist.de/mail|ziyadnz/hourly-ipv4,blocklist.de|brute-force|apache|rfi|ddos|spam|mail|ziyadnz|hourly,2026-08-17T18:48:05Z,2026-08-17T18:48:05Z,
5.167.71.124,ipv4,attack,high,WHITE,blocklist.de/all|blocklist.de/apache|blocklist.de/mail|ziyadnz/hourly-ipv4,blocklist.de|brute-force|apache|rfi|ddos|spam|mail|ziyadnz|hourly,2026-08-17T18:48:05Z,2026-08-17T18:48:05Z,
5.167.71.125,ipv4,attack,high,WHITE,blocklist.de/all|blocklist.de/apache|blocklist.de/mail|ziyadnz/hourly-ipv4,blocklist.de|brute-force|apache|rfi|ddos|spam|mail|ziyadnz|hourly,2026-08-17T18:48:05Z,2026-08-17T18:48:05Z,
5.167.71.126,ipv4,attack,high,WHITE,blocklist.de/all|blocklist.de/apache|blocklist.de/mail|ziyadnz/hourly-ipv4,blocklist.de|brute-force|apache|rfi|ddos|spam|mail|ziyadnz|hourly,2026-08-17T18:48:05Z,2026-08-17T18:48:05Z,
5.167.71.127,ipv4,attack,high,WHITE,blocklist.de/all|blocklist.de/apache|blocklist.de/mail|ziyadnz/hourly-ipv4,blocklist.de|brute-force|apache|rfi|ddos|spam|mail|ziyadnz|hourly,2026-08-17T18:48:05Z,2026-08-17T18:48:05Z,
5.167.71.128,ipv4,attack,high,WHITE,blocklist.de/all|blocklist.de/apache|blocklist.de/mail|ziyadnz/hourly-ipv4,blocklist.de|brute-force|apache|rfi|ddos|spam|mail|ziyadnz|hourly,2026-08-17T18:48:05Z,2026-08-17T18:48:05Z,
5.167.71.129,ipv4,attack,high,WHITE,blocklist.de/all|blocklist.de/apache|blocklist.de/mail|ziyadnz/hourly-ipv4,blocklist.de|brute-force|apache|rfi|ddos|spam|mail|ziyadnz|hourly,2026-08-17T18:48:05Z,2026-08-17T18:48:05Z,
5.167.71.130,ipv4,attack,high,WHITE,blocklist.de/all|blocklist.de/apache|blocklist.de/mail|ziyadnz/hourly-ipv4,blocklist.de|brute-force|apache|rfi|ddos|spam|mail|ziyadnz|hourly,2026-08-17T18:48:05Z,2026-08-17T18:48:05Z,
5.167.71.131,ipv4,attack,high,WHITE,blocklist.de/all|blocklist.de/apache|blocklist.de/mail|ziyadnz/hourly-ipv4,blocklist.de|brute-force|apache|rfi|ddos|spam|mail|ziyadnz|hourly,2026-08-17T18:48:05Z,2026-08-17T18:48:05Z,
5.167.71.132,ipv4,attack,high,WHITE,blocklist.de/all|blocklist.de/apache|blocklist.de/mail|ziyadnz/hourly-ipv4,blocklist.de|brute-force|apache|rfi|ddos|spam|mail|ziyadnz|hourly,2026-08-17T18:48:05Z,2026-08-17T18:48:05Z,
5.167.71.133,ipv4,attack,high,WHITE,blocklist.de/all|blocklist.de/apache|blocklist.de/mail|ziyadnz/hourly-ipv4,blocklist.de|brute-force|apache|rfi|ddos|spam|mail|ziyadnz|hourly,2026-08-17T18:48:05Z,2026-08-17T18:48:05Z,
5.167.71.134,ipv4,attack,high,WHITE,blocklist.de/all|blocklist.de/apache|blocklist.de/mail|ziyadnz/hourly-ipv4,blocklist.de|brute-force|apache|rfi|ddos|spam|mail|ziyadnz|hourly,2026-08-17T18:48:05Z,2026-08-17T18:48:05Z,
5.167.71.135,ipv4,attack,high,WHITE,blocklist.de/all|blocklist.de/apache|blocklist.de/mail|ziyadnz/hourly-ipv4,blocklist.de|brute-force|apache|rfi|ddos|spam|mail|ziyadnz|hourly,2026-08-17T18:48:05Z,2026-08-17T18:48:05Z,
5.167.71.136,ipv4,attack,high,WHITE,blocklist.de/all|blocklist.de/apache|blocklist.de/mail|ziyadnz/hourly-ipv4,blocklist.de|brute-force|apache|rfi|ddos|spam|mail|ziyadnz|hourly,2026-08-17T18:48:05Z,2026-08-17T18:48:05Z,
5.167.71.137,ipv4,attack,high,WHITE,blocklist.de/all|blocklist.de/apache|blocklist.de/mail|ziyadnz/hourly-ipv4,blocklist.de|brute-force|apache|rfi|ddos|spam|mail|ziyadnz|hourly,2026-08-17T18:48:05Z,2026-08-17T18:48:05Z,
5.167.71.138,ipv4,attack,high,WHITE,blocklist.de/all|blocklist.de/apache|blocklist.de/mail|ziyadnz/hourly-ipv4,blocklist.de|brute-force|apache|rfi|ddos|spam|mail|ziyadnz|hourly,2026-08-17T18:48:05Z,2026-08-17T18:48:05Z,
5.167.71.139,ipv4,attack,high,WHITE,blocklist.de/all|blocklist.de/apache|blocklist.de/mail|ziyadnz/hourly-ipv4,blocklist.de|brute-force|apache|rfi|ddos|spam|mail|ziyadnz|hourly,2026-08-17T18:48:05Z,2026-08-17T18:48:05Z,
5.167.71.140,ipv4,attack,high,WHITE,blocklist.de/all|blocklist.de/apache|blocklist.de/mail|ziyadnz/hourly-ipv4,blocklist.de|brute-force|apache|rfi|ddos|spam|mail|ziyadnz|hourly,2026-08-17T18:48:05Z,2026-08-17T18:48:05Z,
5.167.71.141,ipv4,attack,high,WHITE,blocklist.de/all|blocklist.de/apache|blocklist.de/mail|ziyadnz/hourly-ipv4,blocklist.de|brute-force|apache|rfi|ddos|spam|mail|ziyadnz|hourly,2026-08-17T18:48:05Z,2026-08-17T18:48:05Z,
5.167.71.142,ipv4,attack,high,WHITE,blocklist.de/all|blocklist.de/apache|blocklist.de/mail|ziyadnz/hourly-ipv4,blocklist.de|brute-force|apache|rfi|ddos|spam|mail|ziyadnz|hourly,2026-08-17T18:48:05Z,2026-08-17T18:48:05Z,
5.167.71.143,ipv4,attack,high,WHITE,blocklist.de/all|blocklist.de/apache|blocklist.de/mail|ziyadnz/hourly-ipv4,blocklist.de|brute-force|apache|rfi|ddos|spam|mail|ziyadnz|hourly,2026-08-17T18:48:05Z,2026-08-17T18:48:05Z,
5.167.71.144,ipv4,attack,high,WHITE,blocklist.de/all|blocklist.de/apache|blocklist.de/mail|ziyadnz/hourly-ipv4,blocklist.de|brute-force|apache|rfi|ddos|spam|mail|ziyadnz|hourly,2026-08-17T18:48:05Z,2026-08-17T18:48:05Z,
5.167.71.145,ipv4,attack,high,WHITE,blocklist.de/all|blocklist.de/apache|blocklist.de/mail|ziyadnz/hourly-ipv4,blocklist.de|brute-force|apache|rfi|ddos|spam|mail|ziyadnz|hourly,2026-08-17T18:48:05Z,2026-08-17T18:48:05Z,
5.167.71.146,ipv4,attack,high,WHITE,blocklist.de/all|blocklist.de/apache|blocklist.de/mail|ziyadnz/hourly-ipv4,blocklist.de|brute-force|apache|rfi|ddos|spam|mail|ziyadnz|hourly,2026-08-17T18:48:05Z,2026-08-17T18:48:05Z,
5.167.71.147,ipv4,attack,high,WHITE,blocklist.de/all|blocklist.de/apache|blocklist.de/mail|ziyadnz/hourly-ipv4,blocklist.de|brute-force|apache|rfi|ddos|spam|mail|ziyadnz|hourly,2026-08-17T18:48:05Z,2026-08-17T18:48:05Z,
5.167.71.148,ipv4,attack,high,WHITE,blocklist.de/all|blocklist.de/apache|blocklist.de/mail|ziyadnz/hourly-ipv4,blocklist.de|brute-force|apache|rfi|ddos|spam|mail|ziyadnz|hourly,2026-08-17T18:48:05Z,2026-08-17T18:48:05Z,
5.167.71.149,ipv4,attack,high,WHITE,blocklist.de/all|blocklist.de/apache|blocklist.de/mail|ziyadnz/hourly-ipv4,blocklist.de|brute-force|apache|rfi|ddos|spam|mail|ziyadnz|hourly,2026-08-17T18:48:05Z,2026-08-17T18:48:05Z,
5.167.71.150,ipv4,attack,high,WHITE,blocklist.de/all|blocklist.de/apache|blocklist.de/mail|ziyadnz/hourly-ipv4,blocklist.de|brute-force|apache|rfi|ddos|spam|mail|ziyadnz|hourly,2026-08-17T18:48:05Z,2026-08-17T18:48:05Z,
5.167.71.151,ipv4,attack,high,WHITE,blocklist.de/all|blocklist.de/apache|blocklist.de/mail|ziyadnz/hourly-ipv4,blocklist.de|brute-force|apache|rfi|ddos|spam|mail|ziyadnz|hourly,2026-08-17T18:48:05Z,2026-08-17T18:48:05Z,
5.167.71.152,ipv4,attack,high,WHITE,blocklist.de/all|blocklist.de/apache|blocklist.de/mail|ziyadnz/hourly-ipv4,blocklist.de|brute-force|apache|rfi|ddos|spam|mail|ziyadnz|hourly,2026-08-17T18:48:05Z,2026-08-17T18:48:05Z,
5.167.71.153,ipv4,attack,high,WHITE,blocklist.de/all|blocklist.de/apache|blocklist.de/mail|ziyadnz/hourly-ipv4,blocklist.de|brute-force|apache|rfi|ddos|spam|mail|ziyadnz|hourly,2026-08-17T18:48:05Z,2026-08-17T18:48:05Z,
5.167.71.154,ipv4,attack,high,WHITE,blocklist.de/all|blocklist.de/apache|blocklist.de/mail|ziyadnz/hourly-ipv4,blocklist.de|brute-force|apache|rfi|ddos|spam|mail|ziyadnz|hourly,2026-08-17T18:48:05Z,2026-08-17T18:48:05Z,
5.167.71.155,ipv4,attack,high,WHITE,blocklist.de/all|blocklist.de/apache|blocklist.de/mail|ziyadnz/hourly-ipv4,blocklist.de|brute-force|apache|rfi|ddos|spam|mail|ziyadnz|hourly,2026-08-17T18:48:05Z,2026-08-17T18:48:05Z,
5.167.71.156,ipv4,attack,high,WHITE,blocklist.de/all|blocklist.de/apache|blocklist.de/mail|ziyadnz/hourly-ipv4,blocklist.de|brute-force|apache|rfi|ddos|spam|mail|ziyadnz|hourly,2026-08-17T18:48:05Z,2026-08-17T18:48:05Z,
5.167.71.157,ipv4,attack,high,WHITE,blocklist.de/all|blocklist.de/apache|blocklist.de/mail|ziyadnz/hourly-ipv4,blocklist.de|brute-force|apache|rfi|ddos|spam|mail|ziyadnz|hourly,2026-08-17T18:48:05Z,2026-08-17T18:48:05Z,
5.167.71.158,ipv4,attack,high,WHITE,blocklist.de/all|blocklist.de/apache|blocklist.de/mail|ziyadnz/hourly-ipv4,blocklist.de|brute-force|apache|rfi|ddos|spam|mail|ziyadnz|hourly,2026-08-17T18:48:05Z,2026-08-17T18:48:05Z,
5.167.71.159,ipv4,attack,high,WHITE,blocklist.de/all|blocklist.de/apache|blocklist.de/mail|ziyadnz/hourly-ipv4,blocklist.de|brute-force|apache|rfi|ddos|spam|mail|ziyadnz|hourly,2026-08-17T18:48:05Z,2026-08-17T18:48:05Z,
5.167.71.160,ipv4,attack,high,WHITE,blocklist.de/all|blocklist.de/apache|blocklist.de/mail|ziyadnz/hourly-ipv4,blocklist.de|brute-force|apache|rfi|ddos|spam|mail|ziyadnz|hourly,2026-08-17T18:48:05Z,2026-08-17T18:48:05Z,
5.167.71.161,ipv4,attack,high,WHITE,blocklist.de/all|blocklist.de/apache|blocklist.de/mail|ziyadnz/hourly-ipv4,blocklist.de|brute-force|apache|rfi|ddos|spam|mail|ziyadnz|hourly,2026-08-17T18:48:05Z,2026-08-17T18:48:05Z,
5.167.71.162,ipv4,attack,high,WHITE,blocklist.de/all|blocklist.de/apache|blocklist.de/mail|ziyadnz/hourly-ipv4,blocklist.de|brute-force|apache|rfi|ddos|spam|mail|ziyadnz|hourly,2026-08-17T18:48:05Z,2026-08-17T18:48:05Z,
5.167.71.163,ipv4,attack,high,WHITE,blocklist.de/all|blocklist.de/apache|blocklist.de/mail|ziyadnz/hourly-ipv4,blocklist.de|brute-force|apache|rfi|ddos|spam|mail|ziyadnz|hourly,2026-08-17T18:48:05Z,2026-08-17T18:48:05Z,
5.167.71.164,ipv4,attack,high,WHITE,blocklist.de/all|blocklist.de/apache|blocklist.de/mail|ziyadnz/hourly-ipv4,blocklist.de|brute-force|apache|rfi|ddos|spam|mail|ziyadnz|hourly,2026-08-17T18:48:05Z,2026-08-17T18:48:05Z,
5.167.71.165,ipv4,attack,high,WHITE,blocklist.de/all|blocklist.de/apache|blocklist.de/mail|ziyadnz/hourly-ipv4,blocklist.de|brute-force|apache|rfi|ddos|spam|mail|ziyadnz|hourly,2026-08-17T18:48:05Z,2026-08-17T18:48:05Z,
5.167.71.166,ipv4,attack,high,WHITE,blocklist.de/all|blocklist.de/apache|blocklist.de/mail|ziyadnz/hourly-ipv4,blocklist.de|brute-force|apache|rfi|ddos|spam|mail|ziyadnz|hourly,2026-08-17T18:48:05Z,2026-08-17T18:48:05Z,
5.167.71.167,ipv4,attack,high,WHITE,blocklist.de/all|blocklist.de/apache|blocklist.de/mail|ziyadnz/hourly-ipv4,blocklist.de|brute-force|apache|rfi|ddos|spam|mail|ziyadnz|hourly,2026-08-17T18:48:05Z,2026-08-17T18:48:05Z,
5.167.71.168,ipv4,attack,high,WHITE,blocklist.de/all|blocklist.de/apache|blocklist.de/mail|ziyadnz/hourly-ipv4,blocklist.de|brute-force|apache|rfi|ddos|spam|mail|ziyadnz|hourly,2026-08-17T18:48:05Z,2026-08-17T18:48:05Z,
5.167.71.169,ipv4,attack,high,WHITE,blocklist.de/all|blocklist.de/apache|blocklist.de/mail|ziyadnz/hourly-ipv4,blocklist.de|brute-force|apache|rfi|ddos|spam|mail|ziyadnz|hourly,2026-08-17T18:48:05Z,2026-08-17T18:48:05Z,
5.167.71.170,ipv4,attack,high,WHITE,blocklist.de/all|blocklist.de/apache|blocklist.de/mail|ziyadnz/hourly-ipv4,blocklist.de|brute-force|apache|rfi|ddos|spam|mail|ziyadnz|hourly,2026-08-17T18:48:05Z,2026-08-17T18:48:05Z,
5.167.71.171,ipv4,attack,high,WHITE,blocklist.de/all|blocklist.de/apache|blocklist.de/mail|ziyadnz/hourly-ipv4,blocklist.de|brute-force|apache|rfi|ddos|spam|mail|ziyadnz|hourly,2026-08-17T18:48:05Z,2026-08-17T18:48:05Z,
5.167.71.172,ipv4,attack,high,WHITE,blocklist.de/all|blocklist.de/apache|blocklist.de/mail|ziyadnz/hourly-ipv4,blocklist.de|brute-force|apache|rfi|ddos|spam|mail|ziyadnz|hourly,2026-08-17T18:48:05Z,2026-08-17T18:48:05Z,
5.167.71.173,ipv4,attack,high,WHITE,blocklist.de/all|blocklist.de/apache|blocklist.de/mail|ziyadnz/hourly-ipv4,blocklist.de|brute-force|apache|rfi|ddos|spam|mail|ziyadnz|hourly,2026-08-17T18:48:05Z,2026-08-17T18:48:05Z,
5.167.71.174,ipv4,attack,high,WHITE,blocklist.de/all|blocklist.de/apache|blocklist.de/mail|ziyadnz/hourly-ipv4,blocklist.de|brute-force|apache|rfi|ddos|spam|mail|ziyadnz|hourly,2026-08-17T18:48:05Z,2026-08-17T18:48:05Z,
5.167.71.175,ipv4,attack,high,WHITE,blocklist.de/all|blocklist.de/apache|blocklist.de/mail|ziyadnz/hourly-ipv4,blocklist.de|brute-force|apache|rfi|ddos|spam|mail|ziyadnz|hourly,2026-08-17T18:48:05Z,2026-08-17T18:48:05Z,
5.167.71.176,ipv4,attack,high,WHITE,blocklist.de/all|blocklist.de/apache|blocklist.de/mail|ziyadnz/hourly-ipv4,blocklist.de|brute-force|apache|rfi|ddos|spam|mail|ziyadnz|hourly,2026-08-17T18:48:05Z,2026-08-17T18:48:05Z,
5.167.71.177,ipv4,attack,high,WHITE,blocklist.de/all|blocklist.de/apache|blocklist.de/mail|ziyadnz/hourly-ipv4,blocklist.de|brute-force|apache|rfi|ddos|spam|mail|ziyadnz|hourly,2026-08-17T18:48:05Z,2026-08-17T18:48:05Z,
5.167.71.178,ipv4,attack,high,WHITE,blocklist.de/all|blocklist.de/apache|blocklist.de/mail|ziyadnz/hourly-ipv4,blocklist.de|brute-force|apache|rfi|ddos|spam|mail|ziyadnz|hourly,2026-08-17T18:48:05Z,2026-08-17T18:48:05Z,
5.167.71.179,ipv4,attack,high,WHITE,blocklist.de/all|blocklist.de/apache|blocklist.de/mail|ziyadnz/hourly-ipv4,blocklist.de|brute-force|apache|rfi|ddos|spam|mail|ziyadnz|hourly,2026-08-17T18:48:05Z,2026-08-17T18:48:05Z,
5.167.71.180,ipv4,attack,high,WHITE,blocklist.de/all|blocklist.de/apache|blocklist.de/mail|ziyadnz/hourly-ipv4,blocklist.de|brute-force|apache|rfi|ddos|spam|mail|ziyadnz|hourly,2026-08-17T18:48:05Z,2026-08-17T18:48:05Z,
5.167.71.181,ipv4,attack,high,WHITE,blocklist.de/all|blocklist.de/apache|blocklist.de/mail|ziyadnz/hourly-ipv4,blocklist.de|brute-force|apache|rfi|ddos|spam|mail|ziyadnz|hourly,2026-08-17T18:48:05Z,2026-08-17T18:48:05Z,
5.167.71.182,ipv4,attack,high,WHITE,blocklist.de/all|blocklist.de/apache|blocklist.de/mail|ziyadnz/hourly-ipv4,blocklist.de|brute-force|apache|rfi|ddos|spam|mail|ziyadnz|hourly,2026-08-17T18:48:05Z,2026-08-17T18:48:05Z,
5.167.71.183,ipv4,attack,high,WHITE,blocklist.de/all|blocklist.de/apache|blocklist.de/mail|ziyadnz/hourly-ipv4,blocklist.de|brute-force|apache|rfi|ddos|spam|mail|ziyadnz|hourly,2026-08-17T18:48:05Z,2026-08-17T18:48:05Z,
5.167.71.184,ipv4,attack,high,WHITE,blocklist.de/all|blocklist.de/apache|blocklist.de/mail|ziyadnz/hourly-ipv4,blocklist.de|brute-force|apache|rfi|ddos|spam|mail|ziyadnz|hourly,2026-08-17T18:48:05Z,2026-08-17T18:48:05Z,
5.167.71.185,ipv4,attack,high,WHITE,blocklist.de/all|blocklist.de/apache|blocklist.de/mail|ziyadnz/hourly-ipv4,blocklist.de|brute-force|apache|rfi|ddos|spam|mail|ziyadnz|hourly,2026-08-17T18:48:05Z,2026-08-17T18:48:05Z,
5.167.71.186,ipv4,attack,high,WHITE,blocklist.de/all|blocklist.de/apache|blocklist.de/mail|ziyadnz/hourly-ipv4,blocklist.de|brute-force|apache|rfi|ddos|spam|mail|ziyadnz|hourly,2026-08-17T18:48:05Z,2026-08-17T18:48:05Z,
5.167.71.187,ipv4,attack,high,WHITE,blocklist.de/all|blocklist.de/apache|blocklist.de/mail|ziyadnz/hourly-ipv4,blocklist.de|brute-force|apache|rfi|ddos|spam|mail|ziyadnz|hourly,2026-08-17T18:48:05Z,2026-08-17T18:48:05Z,
5.167.71.188,ipv4,attack,high,WHITE,blocklist.de/all|blocklist.de/apache|blocklist.de/mail|ziyadnz/hourly-ipv4,blocklist.de|brute-force|apache|rfi|ddos|spam|mail|ziyadnz|hourly,2026-08-17T18:48:05Z,2026-08-17T18:48:05Z,
5.167.71.189,ipv4,attack,high,WHITE,blocklist.de/all|blocklist.de/apache|blocklist.de/mail|ziyadnz/hourly-ipv4,blocklist.de|brute-force|apache|rfi|ddos|spam|mail|ziyadnz|hourly,2026-08-17T18:48:05Z,2026-08-17T18:48:05Z,
5.167.71.190,ipv4,attack,high,WHITE,blocklist.de/all|blocklist.de/apache|blocklist.de/mail|ziyadnz/hourly-ipv4,blocklist.de|brute-force|apache|rfi|ddos|spam|mail|ziyadnz|hourly,2026-08-17T18:48:05Z,2026-08-17T18:48:05Z,
5.167.71.191,ipv4,attack,high,WHITE,blocklist.de/all|blocklist.de/apache|blocklist.de/mail|ziyadnz/hourly-ipv4,blocklist.de|brute-force|apache|rfi|ddos|spam|mail|ziyadnz|hourly,2026-08-17T18:48:05Z,2026-08-17T18:48:05Z,
5.167.71.192,ipv4,attack,high,WHITE,blocklist.de/all|blocklist.de/apache|blocklist.de/mail|ziyadnz/hourly-ipv4,blocklist.de|brute-force|apache|rfi|ddos|spam|mail|ziyadnz|hourly,2026-08-17T18:48:05Z,2026-08-17T18:48:05Z,
5.167.71.193,ipv4,attack,high,WHITE,blocklist.de/all|blocklist.de/apache|blocklist.de/mail|ziyadnz/hourly-ipv4,blocklist.de|brute-force|apache|rfi|ddos|spam|mail|ziyadnz|hourly,2026-08-17T18:48:05Z,2026-08-17T18:48:05Z,
5.167.71.194,ipv4,attack,high,WHITE,blocklist.de/all|blocklist.de/apache|blocklist.de/mail|ziyadnz/hourly-ipv4,blocklist.de|brute-force|apache|rfi|ddos|spam|mail|ziyadnz|hourly,2026-08-17T18:48:05Z,2026-08-17T18:48:05Z,
5.167.71.195,ipv4,attack,high,WHITE,blocklist.de/all|blocklist.de/apache|blocklist.de/mail|ziyadnz/hourly-ipv4,blocklist.de|brute-force|apache|rfi|ddos|spam|mail|ziyadnz|hourly,2026-08-17T18:48:05Z,2026-08-17T18:48:05Z,
5.167.71.196,ipv4,attack,high,WHITE,blocklist.de/all|blocklist.de/apache|blocklist.de/mail|ziyadnz/hourly-ipv4,blocklist.de|brute-force|apache|rfi|ddos|spam|mail|ziyadnz|hourly,2026-08-17T18:48:05Z,2026-08-17T18:48:05Z,
5.167.71.197,ipv4,attack,high,WHITE,blocklist.de/all|blocklist.de/apache|blocklist.de/mail|ziyadnz/hourly-ipv4,blocklist.de|brute-force|apache|rfi|ddos|spam|mail|ziyadnz|hourly,2026-08-17T18:48:05Z,2026-08-17T18:48:05Z,
5.167.71.198,ipv4,attack,high,WHITE,blocklist.de/all|blocklist.de/apache|blocklist.de/mail|ziyadnz/hourly-ipv4,blocklist.de|brute-force|apache|rfi|ddos|spam|mail|ziyadnz|hourly,2026-08-17T18:48:05Z,2026-08-17T18:48:05Z,
5.167.71.199,ipv4,attack,high,WHITE,blocklist.de/all|blocklist.de/apache|blocklist.de/mail|ziyadnz/hourly-ipv4,blocklist.de|brute-force|apache|rfi|ddos|spam|mail|ziyadnz|hourly,2026-08-17T18:48:05Z,2026-08-17T18:48:05Z,
5.167.71.200,ipv4,attack,high,WHITE,blocklist.de/all|blocklist.de/apache|blocklist.de/mail|ziyadnz/hourly-ipv4,blocklist.de|brute-force|apache|rfi|ddos|spam|mail|ziyadnz|hourly,2026-08-17T18:48:05Z,2026-08-17T18:48:05Z,
5.167.71.201,ipv4,attack,high,WHITE,blocklist.de/all|blocklist.de/apache|blocklist.de/mail|ziyadnz/hourly-ipv4,blocklist.de|brute-force|apache|rfi|ddos|spam|mail|ziyadnz|hourly,2026-08-17T18:48:05Z,2026-08-17T18:48:05Z,
5.167.71.202,ipv4,attack,high,WHITE,blocklist.de/all|blocklist.de/apache|blocklist.de/mail|ziyadnz/hourly-ipv4,blocklist.de|brute-force|apache|rfi|ddos|spam|mail|ziyadnz|hourly,2026-08-17T18:48:05Z,2026-08-17T18:48:05Z,
5.167.71.203,ipv4,attack,high,WHITE,blocklist.de/all|blocklist.de/apache|blocklist.de/mail|ziyadnz/hourly-ipv4,blocklist.de|brute-force|apache|rfi|ddos|spam|mail|ziyadnz|hourly,2026-08-17T18:48:05Z,2026-08-17T18:48:05Z,
5.167.71.204,ipv4,attack,high,WHITE,blocklist.de/all|blocklist.de/apache|blocklist.de/mail|ziyadnz/hourly-ipv4,blocklist.de|brute-force|apache|rfi|ddos|spam|mail|ziyadnz|hourly,2026-08-17T18:48:05Z,2026-08-17T18:48:05Z,
5.167.71.205,ipv4,attack,high,WHITE,blocklist.de/all|blocklist.de/apache|blocklist.de/mail|ziyadnz/hourly-ipv4,blocklist.de|brute-force|apache|rfi|ddos|spam|mail|ziyadnz|hourly,2026-08-17T18:48:05Z,2026-08-17T18:48:05Z,
5.167.71.206,ipv4,attack,high,WHITE,blocklist.de/all|blocklist.de/apache|blocklist.de/mail|ziyadnz/hourly-ipv4,blocklist.de|brute-force|apache|rfi|ddos|spam|mail|ziyadnz|hourly,2026-08-17T18:48:05Z,2026-08-17T18:48:05Z,
5.167.71.207,ipv4,attack,high,WHITE,blocklist.de/all|blocklist.de/apache|blocklist.de/mail|ziyadnz/hourly-ipv4,blocklist.de|brute-force|apache|rfi|ddos|spam|mail|ziyadnz|hourly,2026-08-17T18:48:05Z,2026-08-17T18:48:05Z,
5.167.71.208,ipv4,attack,high,WHITE,blocklist.de/all|blocklist.de/apache|blocklist.de/mail|ziyadnz/hourly-ipv4,blocklist.de|brute-force|apache|rfi|ddos|spam|mail|ziyadnz|hourly,2026-08-17T18:48:05Z,2026-08-17T18:48:05Z,
5.167.71.209,ipv4,attack,high,WHITE,blocklist.de/all|blocklist.de/apache|blocklist.de/mail|ziyadnz/hourly-ipv4,blocklist.de|brute-force|apache|rfi|ddos|spam|mail|ziyadnz|hourly,2026-08-17T18:48:05Z,2026-08-17T18:48:05Z,
5.167.71.210,ipv4,attack,high,WHITE,blocklist.de/all|blocklist.de/apache|blocklist.de/mail|ziyadnz/hourly-ipv4,blocklist.de|brute-force|apache|rfi|ddos|spam|mail|ziyadnz|hourly,2026-08-17T18:48:05Z,2026-08-17T18:48:05Z,
5.167.71.211,ipv4,attack,high,WHITE,blocklist.de/all|blocklist.de/apache|blocklist.de/mail|ziyadnz/hourly-ipv4,blocklist.de|brute-force|apache|rfi|ddos|spam|mail|ziyadnz|hourly,2026-08-17T18:48:05Z,2026-08-17T18:48:05Z,
5.167.71.212,ipv4,attack,high,WHITE,blocklist.de/all|blocklist.de/apache|blocklist.de/mail|ziyadnz/hourly-ipv4,blocklist.de|brute-force|apache|rfi|ddos|spam|mail|ziyadnz|hourly,2026-08-17T18:48:05Z,2026-08-17T18:48:05Z,
5.167.71.213,ipv4,attack,high,WHITE,blocklist.de/all|blocklist.de/apache|blocklist.de/mail|ziyadnz/hourly-ipv4,blocklist.de|brute-force|apache|rfi|ddos|spam|mail|ziyadnz|hourly,2026-08-17T18:48:05Z,2026-08-17T18:48:05Z,
5.167.71.214,ipv4,attack,high,WHITE,blocklist.de/all|blocklist.de/apache|blocklist.de/mail|ziyadnz/hourly-ipv4,blocklist.de|brute-force|apache|rfi|ddos|spam|mail|ziyadnz|hourly,2026-08-17T18:48:05Z,2026-08-17T18:48:05Z,
5.167.71.215,ipv4,attack,high,WHITE,blocklist.de/all|blocklist.de/apache|blocklist.de/mail|ziyadnz/hourly-ipv4,blocklist.de|brute-force|apache|rfi|ddos|spam|mail|ziyadnz|hourly,2026-08-17T18:48:05Z,2026-08-17T18:48:05Z,
5.167.71.216,ipv4,attack,high,WHITE,blocklist.de/all|blocklist.de/apache|blocklist.de/mail|ziyadnz/hourly-ipv4,blocklist.de|brute-force|apache|rfi|ddos|spam|mail|ziyadnz|hourly,2026-08-17T18:48:05Z,2026-08-17T18:48:05Z,
5.167.71.217,ipv4,attack,high,WHITE,blocklist.de/all|blocklist.de/apache|blocklist.de/mail|ziyadnz/hourly-ipv4,blocklist.de|brute-force|apache|rfi|ddos|spam|mail|ziyadnz|hourly,2026-08-17T18:48:05Z,2026-08-17T18:48:05Z,
5.167.71.218,ipv4,attack,high,WHITE,blocklist.de/all|blocklist.de/apache|blocklist.de/mail|ziyadnz/hourly-ipv4,blocklist.de|brute-force|apache|rfi|ddos|spam|mail|ziyadnz|hourly,2026-08-17T18:48:05Z,2026-08-17T18:48:05Z,
5.167.71.219,ipv4,attack,high,WHITE,blocklist.de/all|blocklist.de/apache|blocklist.de/mail|ziyadnz/hourly-ipv4,blocklist.de|brute-force|apache|rfi|ddos|spam|mail|ziyadnz|hourly,2026-08-17T18:48:05Z,2026-08-17T18:48:05Z,
5.167.71.220,ipv4,attack,high,WHITE,blocklist.de/all|blocklist.de/apache|blocklist.de/mail|ziyadnz/hourly-ipv4,blocklist.de|brute-force|apache|rfi|ddos|spam|mail|ziyadnz|hourly,2026-08-17T18:48:05Z,2026-08-17T18:48:05Z,
5.167.71.221,ipv4,attack,high,WHITE,blocklist.de/all|blocklist.de/apache|blocklist.de/mail|ziyadnz/hourly-ipv4,blocklist.de|brute-force|apache|rfi|ddos|spam|mail|ziyadnz|hourly,2026-08-17T18:48:05Z,2026-08-17T18:48:05Z,
5.167.71.222,ipv4,attack,high,WHITE,blocklist.de/all|blocklist.de/apache|blocklist.de/mail|ziyadnz/hourly-ipv4,blocklist.de|brute-force|apache|rfi|ddos|spam|mail|ziyadnz|hourly,2026-08-17T18:48:05Z,2026-08-17T18:48:05Z,
5.167.71.223,ipv4,attack,high,WHITE,blocklist.de/all|blocklist.de/apache|blocklist.de/mail|ziyadnz/hourly-ipv4,blocklist.de|brute-force|apache|rfi|ddos|spam|mail|ziyadnz|hourly,2026-08-17T18:48:05Z,2026-08-17T18:48:05Z,
5.167.71.224,ipv4,attack,high,WHITE,blocklist.de/all|blocklist.de/apache|blocklist.de/mail|ziyadnz/hourly-ipv4,blocklist.de|brute-force|apache|rfi|ddos|spam|mail|ziyadnz|hourly,2026-08-17T18:48:05Z,2026-08-17T18:48:05Z,
5.167.71.225,ipv4,attack,high,WHITE,blocklist.de/all|blocklist.de/apache|blocklist.de/mail|ziyadnz/hourly-ipv4,blocklist.de|brute-force|apache|rfi|ddos|spam|mail|ziyadnz|hourly,2026-08-17T18:48:05Z,2026-08-17T18:48:05Z,
5.167.71.226,ipv4,attack,high,WHITE,blocklist.de/all|blocklist.de/apache|blocklist.de/mail|ziyadnz/hourly-ipv4,blocklist.de|brute-force|apache|rfi|ddos|spam|mail|ziyadnz|hourly,2026-08-17T18:48:05Z,2026-08-17T18:48:05Z,
5.167.71.227,ipv4,attack,high,WHITE,blocklist.de/all|blocklist.de/apache|blocklist.de/mail|ziyadnz/hourly-ipv4,blocklist.de|brute-force|apache|rfi|ddos|spam|mail|ziyadnz|hourly,2026-08-17T18:48:05Z,2026-08-17T18:48:05Z,
5.167.71.228,ipv4,attack,high,WHITE,blocklist.de/all|blocklist.de/apache|blocklist.de/mail|ziyadnz/hourly-ipv4,blocklist.de|brute-force|apache|rfi|ddos|spam|mail|ziyadnz|hourly,2026-08-17T18:48:05Z,2026-08-17T18:48:05Z,
5.167.71.229,ipv4,attack,high,WHITE,blocklist.de/all|blocklist.de/apache|blocklist.de/mail|ziyadnz/hourly-ipv4,blocklist.de|brute-force|apache|rfi|ddos|spam|mail|ziyadnz|hourly,2026-08-17T18:48:05Z,2026-08-17T18:48:05Z,
5.167.71.230,ipv4,attack,high,WHITE,blocklist.de/all|blocklist.de/apache|blocklist.de/mail|ziyadnz/hourly-ipv4,blocklist.de|brute-force|apache|rfi|ddos|spam|mail|ziyadnz|hourly,2026-08-17T18:48:05Z,2026-08-17T18:48:05Z,
5.167.71.231,ipv4,attack,high,WHITE,blocklist.de/all|blocklist.de/apache|blocklist.de/mail|ziyadnz/hourly-ipv4,blocklist.de|brute-force|apache|rfi|ddos|spam|mail|ziyadnz|hourly,2026-08-17T18:48:05Z,2026-08-17T18:48:05Z,
5.167.71.232,ipv4,attack,high,WHITE,blocklist.de/all|blocklist.de/apache|blocklist.de/mail|ziyadnz/hourly-ipv4,blocklist.de|brute-force|apache|rfi|ddos|spam|mail|ziyadnz|hourly,2026-08-17T18:48:05Z,2026-08-17T18:48:05Z,
5.167.71.233,ipv4,attack,high,WHITE,blocklist.de/all|blocklist.de/apache|blocklist.de/mail|ziyadnz/hourly-ipv4,blocklist.de|brute-force|apache|rfi|ddos|spam|mail|ziyadnz|hourly,2026-08-17T18:48:05Z,2026-08-17T18:48:05Z,
5.167.71.234,ipv4,attack,high,WHITE,blocklist.de/all|blocklist.de/apache|blocklist.de/mail|ziyadnz/hourly-ipv4,blocklist.de|brute-force|apache|rfi|ddos|spam|mail|ziyadnz|hourly,2026-08-17T18:48:05Z,2026-08-17T18:48:05Z,
5.167.71.235,ipv4,attack,high,WHITE,blocklist.de/all|blocklist.de/apache|blocklist.de/mail|ziyadnz/hourly-ipv4,blocklist.de|brute-force|apache|rfi|ddos|spam|mail|ziyadnz|hourly,2026-08-17T18:48:05Z,2026-08-17T18:48:05Z,
5.167.71.236,ipv4,attack,high,WHITE,blocklist.de/all|blocklist.de/apache|blocklist.de/mail|ziyadnz/hourly-ipv4,blocklist.de|brute-force|apache|rfi|ddos|spam|mail|ziyadnz|hourly,2026-08-17T18:48:05Z,2026-08-17T18:48:05Z,
5.167.71.237,ipv4,attack,high,WHITE,blocklist.de/all|blocklist.de/apache|blocklist.de/mail|ziyadnz/hourly-ipv4,blocklist.de|brute-force|apache|rfi|ddos|spam|mail|ziyadnz|hourly,2026-08-17T18:48:05Z,2026-08-17T18:48:05Z,
5.167.71.238,ipv4,attack,high,WHITE,blocklist.de/all|blocklist.de/apache|blocklist.de/mail|ziyadnz/hourly-ipv4,blocklist.de|brute-force|apache|rfi|ddos|spam|mail|ziyadnz|hourly,2026-08-17T18:48:05Z,2026-08-17T18:48:05Z,
5.167.71.239,ipv4,attack,high,WHITE,blocklist.de/all|blocklist.de/apache|blocklist.de/mail|ziyadnz/hourly-ipv4,blocklist.de|brute-force|apache|rfi|ddos|spam|mail|ziyadnz|hourly,2026-08-17T18:48:05Z,2026-08-17T18:48:05Z,
5.167.71.240,ipv4,attack,high,WHITE,blocklist.de/all|blocklist.de/apache|blocklist.de/mail|ziyadnz/hourly-ipv4,blocklist.de|brute-force|apache|rfi|ddos|spam|mail|ziyadnz|hourly,2026-08-17T18:48:05Z,2026-08-17T18:48:05Z,
5.167.71.241,ipv4,attack,high,WHITE,blocklist.de/all|blocklist.de/apache|blocklist.de/mail|ziyadnz/hourly-ipv4,blocklist.de|brute-force|apache|rfi|ddos|spam|mail|ziyadnz|hourly,2026-08-17T18:48:05Z,2026-08-17T18:48:05Z,
5.167.71.242,ipv4,attack,high,WHITE,blocklist.de/all|blocklist.de/apache|blocklist.de/mail|ziyadnz/hourly-ipv4,blocklist.de|brute-force|apache|rfi|ddos|spam|mail|ziyadnz|hourly,2026-08-17T18:48:05Z,2026-08-17T18:48:05Z,
5.167.71.243,ipv4,attack,high,WHITE,blocklist.de/all|blocklist.de/apache|blocklist.de/mail|ziyadnz/hourly-ipv4,blocklist.de|brute-force|apache|rfi|ddos|spam|mail|ziyadnz|hourly,2026-08-17T18:48:05Z,2026-08-17T18:48:05Z,
5.167.71.244,ipv4,attack,high,WHITE,blocklist.de/all|blocklist.de/apache|blocklist.de/mail|ziyadnz/hourly-ipv4,blocklist.de|brute-force|apache|rfi|ddos|spam|mail|ziyadnz|hourly,2026-08-17T18:48:05Z,2026-08-17T18:48:05Z,
5.167.71.245,ipv4,attack,high,WHITE,blocklist.de/all|blocklist.de/apache|blocklist.de/mail|ziyadnz/hourly-ipv4,blocklist.de|brute-force|apache|rfi|ddos|spam|mail|ziyadnz|hourly,2026-08-17T18:48:05Z,2026-08-17T18:48:05Z,
5.167.71.246,ipv4,attack,high,WHITE,blocklist.de/all|blocklist.de/apache|blocklist.de/mail|ziyadnz/hourly-ipv4,blocklist.de|brute-force|apache|rfi|ddos|spam|mail|ziyadnz|hourly,2026-08-17T18:48:05Z,2026-08-17T18:48:05Z,
5.167.71.247,ipv4,attack,high,WHITE,blocklist.de/all|blocklist.de/apache|blocklist.de/mail|ziyadnz/hourly-ipv4,blocklist.de|brute-force|apache|rfi|ddos|spam|mail|ziyadnz|hourly,2026-08-17T18:48:05Z,2026-08-17T18:48:05Z,
5.167.71.248,ipv4,attack,high,WHITE,blocklist.de/all|blocklist.de/apache|blocklist.de/mail|ziyadnz/hourly-ipv4,blocklist.de|brute-force|apache|rfi|ddos|spam|mail|ziyadnz|hourly,2026-08-17T18:48:05Z,2026-08-17T18:48:05Z,
5.167.71.249,ipv4,attack,high,WHITE,blocklist.de/all|blocklist.de/apache|blocklist.de/mail|ziyadnz/hourly-ipv4,blocklist.de|brute-force|apache|rfi|ddos|spam|mail|ziyadnz|hourly,2026-08-17T18:48:05Z,2026-08-17T18:48:05Z,
5.167.71.250,ipv4,attack,high,WHITE,blocklist.de/all|blocklist.de/apache|blocklist.de/mail|ziyadnz/hourly-ipv4,blocklist.de|brute-force|apache|rfi|ddos|spam|mail|ziyadnz|hourly,2026-08-17T18:48:05Z,2026-08-17T18:48:05Z,
5.167.71.251,ipv4,attack,high,WHITE,blocklist.de/all|blocklist.de/apache|blocklist.de/mail|ziyadnz/hourly-ipv4,blocklist.de|brute-force|apache|rfi|ddos|spam|mail|ziyadnz|hourly,2026-08-17T18:48:05Z,2026-08-17T18:48:05Z,
5.167.71.252,ipv4,attack,high,WHITE,blocklist.de/all|blocklist.de/apache|blocklist.de/mail|ziyadnz/hourly-ipv4,blocklist.de|brute-force|apache|rfi|ddos|spam|mail|ziyadnz|hourly,2026-08-17T18:48:05Z,2026-08-17T18:48:05Z,
5.167.71.253,ipv4,attack,high,WHITE,blocklist.de/all|blocklist.de/apache|blocklist.de/mail|ziyadnz/hourly-ipv4,blocklist.de|brute-force|apache|rfi|ddos|spam|mail|ziyadnz|hourly,2026-08-17T18:48:05Z,2026-08-17T18:48:05Z,
5.167.71.254,ipv4,attack,high,WHITE,blocklist.de/all|blocklist.de/apache|blocklist.de/mail|ziyadnz/hourly-ipv4,blocklist.de|brute-force|apache|rfi|ddos|spam|mail|ziyadnz|hourly,2026-08-17T18:48:05Z,2026-08-17T18:48:05Z,
5.167.71.255,ipv4,attack,high,WHITE,blocklist.de/all|blocklist.de/apache|blocklist.de/mail|ziyadnz/hourly-ipv4,blocklist.de|brute-force|apache|rfi|ddos|spam|mail|ziyadnz|hourly,2026-08-17T18:48:05Z,2026-08-17T18:48:05Z,
104.20.22.42,ipv4,attack,high,WHITE,blocklist.de/all|blocklist.de/apache|blocklist.de/mail|ziyadnz/hourly-ipv4,blocklist.de|brute-force|apache|rfi|ddos|spam|mail|ziyadnz|hourly,2026-08-17T18:48:05Z,2026-08-17T18:48:05Z,
176.9.219.38,ipv4,attack,high,WHITE,blocklist.de/all|blocklist.de/apache|blocklist.de/mail|ziyadnz/hourly-ipv4,blocklist.de|brute-force|apache|rfi|ddos|spam|mail|ziyadnz|hourly,2026-08-17T18:48:05Z,2026-08-17T18:48:05Z,
46.118.112.135,ipv4,attack,high,WHITE,blocklist.de/all|blocklist.de/apache|blocklist.de/mail|ziyadnz/hourly-ipv4,blocklist.de|brute-force|apache|rfi|ddos|spam|mail|ziyadnz|hourly,2026-08-17T18:48:05Z,2026-08-17T18:48:05Z,
50.7.240.10,ipv4,attack,high,WHITE,blocklist.de/all|blocklist.de/apache|blocklist.de/mail|ziyadnz/hourly-ipv4,blocklist.de|brute-force|apache|rfi|ddos|spam|mail|ziyadnz|hourly,2026-08-17T18:48:05Z,2026-08-17T18:48:05Z,
96.47.224.42,ipv4,attack,high,WHITE,blocklist.de/all|blocklist.de/apache|blocklist.de/mail|ziyadnz/hourly-ipv4,blocklist.de|brute-force|apache|rfi|ddos|spam|mail|ziyadnz|hourly,2026-08-17T18:48:05Z,2026-08-17T18:48:05Z,
96.44.142.250,ipv4,attack,high,WHITE,blocklist.de/all|blocklist.de/apache|blocklist.de/mail|ziyadnz/hourly-ipv4,blocklist.de|brute-force|apache|rfi|ddos|spam|mail|ziyadnz|hourly,2026-08-17T18:48:05Z,2026-08-17T18:48:05Z,
195.254.134.10,ipv4,attack,high,WHITE,blocklist.de/all|blocklist.de/apache|blocklist.de/mail|ziyadnz/hourly-ipv4,blocklist.de|brute-force|apache|rfi|ddos|spam|mail|ziyadnz|hourly,2026-08-17T18:48:05Z,2026-08-17T18:48:05Z,
195.254.134.194,ipv4,attack,high,WHITE,blocklist.de/all|blocklist.de/apache|blocklist.de/mail|ziyadnz/hourly-ipv4,blocklist.de|brute-force|apache|rfi|ddos|spam|mail|ziyadnz|hourly,2026-08-17T18:48:05Z,2026-08-17T18:48:05Z,
188.95.234.6,ipv4,attack,high,WHITE,blocklist.de/all|blocklist.de/apache|blocklist.de/mail|ziyadnz/hourly-ipv4,blocklist.de|brute-force|apache|rfi|ddos|spam|mail|ziyadnz|hourly,2026-08-17T18:48:05Z,2026-08-17T18:48:05Z,
188.143.235.21,ipv4,attack,high,WHITE,blocklist.de/all|blocklist.de/apache|blocklist.de/mail|ziyadnz/hourly-ipv4,blocklist.de|brute-force|apache|rfi|ddos|spam|mail|ziyadnz|hourly,2026-08-17T18:48:05Z,2026-08-17T18:48:05Z,
95.134.130.182,ipv4,attack,high,WHITE,blocklist.de/all|blocklist.de/apache|blocklist.de/mail|ziyadnz/hourly-ipv4,blocklist.de|brute-force|apache|rfi|ddos|spam|mail|ziyadnz|hourly,2026-08-17T18:48:05Z,2026-08-17T18:48:05Z,
95.143.192.159,ipv4,attack,high,WHITE,blocklist.de/all|blocklist.de/apache|blocklist.de/mail|ziyadnz/hourly-ipv4,blocklist.de|brute-force|apache|rfi|ddos|spam|mail|ziyadnz|hourly,2026-08-17T18:48:05Z,2026-08-17T18:48:05Z,
176.100.75.27,ipv4,attack,high,WHITE,blocklist.de/all|blocklist.de/apache|blocklist.de/mail|ziyadnz/hourly-ipv4,blocklist.de|brute-force|apache|rfi|ddos|spam|mail|ziyadnz|hourly,2026-08-17T18:48:05Z,2026-08-17T18:48:05Z,
176.221.42.32,ipv4,attack,high,WHITE,blocklist.de/all|blocklist.de/apache|blocklist.de/mail|ziyadnz/hourly-ipv4,blocklist.de|brute-force|apache|rfi|ddos|spam|mail|ziyadnz|hourly,2026-08-17T18:48:05Z,2026-08-17T18:48:05Z,
46.232.235.132,ipv4,web-attack,medium,WHITE,blocklist.de/apache|ziyadnz/hourly-ipv4,blocklist.de|apache|rfi|ddos|ziyadnz|hourly,2026-08-17T18:48:05Z,2026-08-17T18:48:05Z,
1.0.164.165,ipv4,malicious-ip,medium,WHITE,ziyadnz/hourly-ipv4,ziyadnz|hourly,2026-08-17T18:48:05Z,2026-08-17T18:48:05Z,
1.10.143.66,ipv4,malicious-ip,medium,WHITE,ziyadnz/hourly-ipv4,ziyadnz|hourly,2026-08-17T18:48:05Z,2026-08-17T18:48:05Z,
1.10.182.201,ipv4,malicious-ip,medium,WHITE,ziyadnz/hourly-ipv4,ziyadnz|hourly,2026-08-17T18:48:05Z,2026-08-17T18:48:05Z,
1.10.202.9,ipv4,malicious-ip,medium,WHITE,ziyadnz/hourly-ipv4,ziyadnz|hourly,2026-08-17T18:48:05Z,2026-08-17T18:48:05Z,
1.10.223.244,ipv4,malicious-ip,medium,WHITE,ziyadnz/hourly-ipv4,ziyadnz|hourly,2026-08-17T18:48:05Z,2026-08-17T18:48:05Z,
1.10.223.94,ipv4,malicious-ip,medium,WHITE,ziyadnz/hourly-ipv4,ziyadnz|hourly,2026-08-17T18:48:05Z,2026-08-17T18:48:05Z,
1.116.61.217,ipv4,malicious-ip,medium,WHITE,ziyadnz/hourly-ipv4,ziyadnz|hourly,2026-08-17T18:48:05Z,2026-08-17T18:48:05Z,
1.117.165.141,ipv4,malicious-ip,medium,WHITE,ziyadnz/hourly-ipv4,ziyadnz|hourly,2026-08-17T18:48:05Z,2026-08-17T18:48:05Z,
1.12.229.231,ipv4,malicious-ip,medium,WHITE,ziyadnz/hourly-ipv4,ziyadnz|hourly,2026-08-17T18:48:05Z,2026-08-17T18:48:05Z,
1.12.233.51,ipv4,malicious-ip,medium,WHITE,ziyadnz/hourly-ipv4,ziyadnz|hourly,2026-08-17T18:48:05Z,2026-08-17T18:48:05Z,
1.12.37.113,ipv4,malicious-ip,medium,WHITE,ziyadnz/hourly-ipv4,ziyadnz|hourly,2026-08-17T18:48:05Z,2026-08-17T18:48:05Z,
1.12.48.131,ipv4,malicious-ip,medium,WHITE,ziyadnz/hourly-ipv4,ziyadnz|hourly,2026-08-17T18:48:05Z,2026-08-17T18:48:05Z,
1.13.102.222,ipv4,malicious-ip,medium,WHITE,ziyadnz/hourly-ipv4,ziyadnz|hourly,2026-08-17T18:48:05Z,2026-08-17T18:48:05Z,
1.13.249.217,ipv4,malicious-ip,medium,WHITE,ziyadnz/hourly-ipv4,ziyadnz|hourly,2026-08-17T18:48:05Z,2026-08-17T18:48:05Z,
1.14.106.163,ipv4,malicious-ip,medium,WHITE,ziyadnz/hourly-ipv4,ziyadnz|hourly,2026-08-17T18:48:05Z,2026-08-17T18:48:05Z,
1.14.165.193,ipv4,malicious-ip,medium,WHITE,ziyadnz/hourly-ipv4,ziyadnz|hourly,2026-08-17T18:48:05Z,2026-08-17T18:48:05Z,
1.14.184.80,ipv4,malicious-ip,medium,WHITE,ziyadnz/hourly-ipv4,ziyadnz|hourly,2026-08-17T18:48:05Z,2026-08-17T18:48:05Z,
1.14.64.225,ipv4,malicious-ip,medium,WHITE,ziyadnz/hourly-ipv4,ziyadnz|hourly,2026-08-17T18:48:05Z,2026-08-17T18:48:05Z,
1.14.77.186,ipv4,malicious-ip,medium,WHITE,ziyadnz/hourly-ipv4,ziyadnz|hourly,2026-08-17T18:48:05Z,2026-08-17T18:48:05Z,
1.15.103.109,ipv4,malicious-ip,medium,WHITE,ziyadnz/hourly-ipv4,ziyadnz|hourly,2026-08-17T18:48:05Z,2026-08-17T18:48:05Z,
1.15.14.29,ipv4,malicious-ip,medium,WHITE,ziyadnz/hourly-ipv4,ziyadnz|hourly,2026-08-17T18:48:05Z,2026-08-17T18:48:05Z,
1.15.173.79,ipv4,malicious-ip,medium,WHITE,ziyadnz/hourly-ipv4,ziyadnz|hourly,2026-08-17T18:48:05Z,2026-08-17T18:48:05Z,
1.15.228.74,ipv4,malicious-ip,medium,WHITE,ziyadnz/hourly-ipv4,ziyadnz|hourly,2026-08-17T18:48:05Z,2026-08-17T18:48:05Z,
1.15.52.154,ipv4,malicious-ip,medium,WHITE,ziyadnz/hourly-ipv4,ziyadnz|hourly,2026-08-17T18:48:05Z,2026-08-17T18:48:05Z,
1.161.118.53,ipv4,malicious-ip,medium,WHITE,ziyadnz/hourly-ipv4,ziyadnz|hourly,2026-08-17T18:48:05Z,2026-08-17T18:48:05Z,
1.161.75.18,ipv4,malicious-ip,medium,WHITE,ziyadnz/hourly-ipv4,ziyadnz|hourly,2026-08-17T18:48:05Z,2026-08-17T18:48:05Z,
1.162.111.230,ipv4,malicious-ip,medium,WHITE,ziyadnz/hourly-ipv4,ziyadnz|hourly,2026-08-17T18:48:05Z,2026-08-17T18:48:05Z,
1.162.197.67,ipv4,malicious-ip,medium,WHITE,ziyadnz/hourly-ipv4,ziyadnz|hourly,2026-08-17T18:48:05Z,2026-08-17T18:48:05Z,
1.162.225.185,ipv4,malicious-ip,medium,WHITE,ziyadnz/hourly-ipv4,ziyadnz|hourly,2026-08-17T18:48:05Z,2026-08-17T18:48:05Z,
1.162.228.189,ipv4,malicious-ip,medium,WHITE,ziyadnz/hourly-ipv4,ziyadnz|hourly,2026-08-17T18:48:05Z,2026-08-17T18:48:05Z,
1.162.247.182,ipv4,malicious-ip,medium,WHITE,ziyadnz/hourly-ipv4,ziyadnz|hourly,2026-08-17T18:48:05Z,2026-08-17T18:48:05Z,
1.165.10.83,ipv4,malicious-ip,medium,WHITE,ziyadnz/hourly-ipv4,ziyadnz|hourly,2026-08-17T18:48:05Z,2026-08-17T18:48:05Z,
1.165.121.245,ipv4,malicious-ip,medium,WHITE,ziyadnz/hourly-ipv4,ziyadnz|hourly,2026-08-17T18:48:05Z,2026-08-17T18:48:05Z,
1.165.142.62,ipv4,malicious-ip,medium,WHITE,ziyadnz/hourly-ipv4,ziyadnz|hourly,2026-08-17T18:48:05Z,2026-08-17T18:48:05Z,
1.165.148.221,ipv4,malicious-ip,medium,WHITE,ziyadnz/hourly-ipv4,ziyadnz|hourly,2026-08-17T18:48:05Z,2026-08-17T18:48:05Z,
1.165.26.201,ipv4,malicious-ip,medium,WHITE,ziyadnz/hourly-ipv4,ziyadnz|hourly,2026-08-17T18:48:05Z,2026-08-17T18:48:05Z,
1.165.37.45,ipv4,malicious-ip,medium,WHITE,ziyadnz/hourly-ipv4,ziyadnz|hourly,2026-08-17T18:48:05Z,2026-08-17T18:48:05Z,
1.165.60.46,ipv4,malicious-ip,medium,WHITE,ziyadnz/hourly-ipv4,ziyadnz|hourly,2026-08-17T18:48:05Z,2026-08-17T18:48:05Z,
1.165.81.91,ipv4,malicious-ip,medium,WHITE,ziyadnz/hourly-ipv4,ziyadnz|hourly,2026-08-17T18:48:05Z,2026-08-17T18:48:05Z,
1.168.108.213,ipv4,malicious-ip,medium,WHITE,ziyadnz/hourly-ipv4,ziyadnz|hourly,2026-08-17T18:48:05Z,2026-08-17T18:48:05Z,
1.168.108.9,ipv4,malicious-ip,medium,WHITE,ziyadnz/hourly-ipv4,ziyadnz|hourly,2026-08-17T18:48:05Z,2026-08-17T18:48:05Z,
1.168.118.221,ipv4,malicious-ip,medium,WHITE,ziyadnz/hourly-ipv4,ziyadnz|hourly,2026-08-17T18:48:05Z,2026-08-17T18:48:05Z,
1.168.223.62,ipv4,malicious-ip,medium,WHITE,ziyadnz/hourly-ipv4,ziyadnz|hourly,2026-08-17T18:48:05Z,2026-08-17T18:48:05Z,
1.168.76.57,ipv4,malicious-ip,medium,WHITE,ziyadnz/hourly-ipv4,ziyadnz|hourly,2026-08-17T18:48:05Z,2026-08-17T18:48:05Z,
1.169.210.90,ipv4,malicious-ip,medium,WHITE,ziyadnz/hourly-ipv4,ziyadnz|hourly,2026-08-17T18:48:05Z,2026-08-17T18:48:05Z,
1.169.227.57,ipv4,malicious-ip,medium,WHITE,ziyadnz/hourly-ipv4,ziyadnz|hourly,2026-08-17T18:48:05Z,2026-08-17T18:48:05Z,
1.171.26.36,ipv4,malicious-ip,medium,WHITE,ziyadnz/hourly-ipv4,ziyadnz|hourly,2026-08-17T18:48:05Z,2026-08-17T18:48:05Z,
1.171.61.106,ipv4,malicious-ip,medium,WHITE,ziyadnz/hourly-ipv4,ziyadnz|hourly,2026-08-17T18:48:05Z,2026-08-17T18:48:05Z,
1.171.98.28,ipv4,malicious-ip,medium,WHITE,ziyadnz/hourly-ipv4,ziyadnz|hourly,2026-08-17T18:48:05Z,2026-08-17T18:48:05Z,
1.172.158.182,ipv4,malicious-ip,medium,WHITE,ziyadnz/hourly-ipv4,ziyadnz|hourly,2026-08-17T18:48:05Z,2026-08-17T18:48:05Z,
1.173.64.138,ipv4,malicious-ip,medium,WHITE,ziyadnz/hourly-ipv4,ziyadnz|hourly,2026-08-17T18:48:05Z,2026-08-17T18:48:05Z,
1.173.68.75,ipv4,malicious-ip,medium,WHITE,ziyadnz/hourly-ipv4,ziyadnz|hourly,2026-08-17T18:48:05Z,2026-08-17T18:48:05Z,
1.173.83.174,ipv4,malicious-ip,medium,WHITE,ziyadnz/hourly-ipv4,ziyadnz|hourly,2026-08-17T18:48:05Z,2026-08-17T18:48:05Z,
1.175.133.33,ipv4,malicious-ip,medium,WHITE,ziyadnz/hourly-ipv4,ziyadnz|hourly,2026-08-17T18:48:05Z,2026-08-17T18:48:05Z,
1.175.135.121,ipv4,malicious-ip,medium,WHITE,ziyadnz/hourly-ipv4,ziyadnz|hourly,2026-08-17T18:48:05Z,2026-08-17T18:48:05Z,
1.176.134.242,ipv4,malicious-ip,medium,WHITE,ziyadnz/hourly-ipv4,ziyadnz|hourly,2026-08-17T18:48:05Z,2026-08-17T18:48:05Z,
1.178.208.190,ipv4,malicious-ip,medium,WHITE,ziyadnz/hourly-ipv4,ziyadnz|hourly,2026-08-17T18:48:05Z,2026-08-17T18:48:05Z,
1.178.214.92,ipv4,malicious-ip,medium,WHITE,ziyadnz/hourly-ipv4,ziyadnz|hourly,2026-08-17T18:48:05Z,2026-08-17T18:48:05Z,
1.181.136.76,ipv4,malicious-ip,medium,WHITE,ziyadnz/hourly-ipv4,ziyadnz|hourly,2026-08-17T18:48:05Z,2026-08-17T18:48:05Z,
1.181.151.12,ipv4,malicious-ip,medium,WHITE,ziyadnz/hourly-ipv4,ziyadnz|hourly,2026-08-17T18:48:05Z,2026-08-17T18:48:05Z,
1.182.192.27,ipv4,malicious-ip,medium,WHITE,ziyadnz/hourly-ipv4,ziyadnz|hourly,2026-08-17T18:48:05Z,2026-08-17T18:48:05Z,
1.182.193.15,ipv4,malicious-ip,medium,WHITE,ziyadnz/hourly-ipv4,ziyadnz|hourly,2026-08-17T18:48:05Z,2026-08-17T18:48:05Z,
1.182.31.58,ipv4,malicious-ip,medium,WHITE,ziyadnz/hourly-ipv4,ziyadnz|hourly,2026-08-17T18:48:05Z,2026-08-17T18:48:05Z,
1.183.128.65,ipv4,malicious-ip,medium,WHITE,ziyadnz/hourly-ipv4,ziyadnz|hourly,2026-08-17T18:48:05Z,2026-08-17T18:48:05Z,
1.183.161.214,ipv4,malicious-ip,medium,WHITE,ziyadnz/hourly-ipv4,ziyadnz|hourly,2026-08-17T18:48:05Z,2026-08-17T18:48:05Z,
1.188.102.97,ipv4,malicious-ip,medium,WHITE,ziyadnz/hourly-ipv4,ziyadnz|hourly,2026-08-17T18:48:05Z,2026-08-17T18:48:05Z,
1.190.139.156,ipv4,malicious-ip,medium,WHITE,ziyadnz/hourly-ipv4,ziyadnz|hourly,2026-08-17T18:48:05Z,2026-08-17T18:48:05Z,
1.192.80.87,ipv4,malicious-ip,medium,WHITE,ziyadnz/hourly-ipv4,ziyadnz|hourly,2026-08-17T18:48:05Z,2026-08-17T18:48:05Z,
1.193.63.11,ipv4,malicious-ip,medium,WHITE,ziyadnz/hourly-ipv4,ziyadnz|hourly,2026-08-17T18:48:05Z,2026-08-17T18:48:05Z,
1.193.63.87,ipv4,malicious-ip,medium,WHITE,ziyadnz/hourly-ipv4,ziyadnz|hourly,2026-08-17T18:48:05Z,2026-08-17T18:48:05Z,
1.194.210.131,ipv4,malicious-ip,medium,WHITE,ziyadnz/hourly-ipv4,ziyadnz|hourly,2026-08-17T18:48:05Z,2026-08-17T18:48:05Z,
1.194.233.49,ipv4,malicious-ip,medium,WHITE,ziyadnz/hourly-ipv4,ziyadnz|hourly,2026-08-17T18:48:05Z,2026-08-17T18:48:05Z,
1.196.4.72,ipv4,malicious-ip,medium,WHITE,ziyadnz/hourly-ipv4,ziyadnz|hourly,2026-08-17T18:48:05Z,2026-08-17T18:48:05Z,
1.197.68.213,ipv4,malicious-ip,medium,WHITE,ziyadnz/hourly-ipv4,ziyadnz|hourly,2026-08-17T18:48:05Z,2026-08-17T18:48:05Z,
1.198.168.157,ipv4,malicious-ip,medium,WHITE,ziyadnz/hourly-ipv4,ziyadnz|hourly,2026-08-17T18:48:05Z,2026-08-17T18:48:05Z,
1.198.170.126,ipv4,malicious-ip,medium,WHITE,ziyadnz/hourly-ipv4,ziyadnz|hourly,2026-08-17T18:48:05Z,2026-08-17T18:48:05Z,
1.2.161.251,ipv4,malicious-ip,medium,WHITE,ziyadnz/hourly-ipv4,ziyadnz|hourly,2026-08-17T18:48:05Z,2026-08-17T18:48:05Z,
1.2.165.64,ipv4,malicious-ip,medium,WHITE,ziyadnz/hourly-ipv4,ziyadnz|hourly,2026-08-17T18:48:05Z,2026-08-17T18:48:05Z,
1.2.174.213,ipv4,malicious-ip,medium,WHITE,ziyadnz/hourly-ipv4,ziyadnz|hourly,2026-08-17T18:48:05Z,2026-08-17T18:48:05Z,
1.2.239.128,ipv4,malicious-ip,medium,WHITE,ziyadnz/hourly-ipv4,ziyadnz|hourly,2026-08-17T18:48:05Z,2026-08-17T18:48:05Z,
1.20.143.87,ipv4,malicious-ip,medium,WHITE,ziyadnz/hourly-ipv4,ziyadnz|hourly,2026-08-17T18:48:05Z,2026-08-17T18:48:05Z,
1.20.157.31,ipv4,malicious-ip,medium,WHITE,ziyadnz/hourly-ipv4,ziyadnz|hourly,2026-08-17T18:48:05Z,2026-08-17T18:48:05Z,
1.20.163.233,ipv4,malicious-ip,medium,WHITE,ziyadnz/hourly-ipv4,ziyadnz|hourly,2026-08-17T18:48:05Z,2026-08-17T18:48:05Z,
1.20.174.242,ipv4,malicious-ip,medium,WHITE,ziyadnz/hourly-ipv4,ziyadnz|hourly,2026-08-17T18:48:05Z,2026-08-17T18:48:05Z,
1.20.175.122,ipv4,malicious-ip,medium,WHITE,ziyadnz/hourly-ipv4,ziyadnz|hourly,2026-08-17T18:48:05Z,2026-08-17T18:48:05Z,
1.20.185.198,ipv4,malicious-ip,medium,WHITE,ziyadnz/hourly-ipv4,ziyadnz|hourly,2026-08-17T18:48:05Z,2026-08-17T18:48:05Z,
1.202.192.42,ipv4,malicious-ip,medium,WHITE,ziyadnz/hourly-ipv4,ziyadnz|hourly,2026-08-17T18:48:05Z,2026-08-17T18:48:05Z,
1.202.198.86,ipv4,malicious-ip,medium,WHITE,ziyadnz/hourly-ipv4,ziyadnz|hourly,2026-08-17T18:48:05Z,2026-08-17T18:48:05Z,
1.203.174.102,ipv4,malicious-ip,medium,WHITE,ziyadnz/hourly-ipv4,ziyadnz|hourly,2026-08-17T18:48:05Z,2026-08-17T18:48:05Z,
1.204.166.3,ipv4,malicious-ip,medium,WHITE,ziyadnz/hourly-ipv4,ziyadnz|hourly,2026-08-17T18:48:05Z,2026-08-17T18:48:05Z,
1.204.206.182,ipv4,malicious-ip,medium,WHITE,ziyadnz/hourly-ipv4,ziyadnz|hourly,2026-08-17T18:48:05Z,2026-08-17T18:48:05Z,
1.205.171.31,ipv4,malicious-ip,medium,WHITE,ziyadnz/hourly-ipv4,ziyadnz|hourly,2026-08-17T18:48:05Z,2026-08-17T18:48:05Z,
1.205.182.29,ipv4,malicious-ip,medium,WHITE,ziyadnz/hourly-ipv4,ziyadnz|hourly,2026-08-17T18:48:05Z,2026-08-17T18:48:05Z,
1.205.82.59,ipv4,malicious-ip,medium,WHITE,ziyadnz/hourly-ipv4,ziyadnz|hourly,2026-08-17T18:48:05Z,2026-08-17T18:48:05Z,
1.207.16.197,ipv4,malicious-ip,medium,WHITE,ziyadnz/hourly-ipv4,ziyadnz|hourly,2026-08-17T18:48:05Z,2026-08-17T18:48:05Z,
1.207.45.84,ipv4,malicious-ip,medium,WHITE,ziyadnz/hourly-ipv4,ziyadnz|hourly,2026-08-17T18:48:05Z,2026-08-17T18:48:05Z,
1.209.110.147,ipv4,malicious-ip,medium,WHITE,ziyadnz/hourly-ipv4,ziyadnz|hourly,2026-08-17T18:48:05Z,2026-08-17T18:48:05Z,
1.213.214.233,ipv4,malicious-ip,medium,WHITE,ziyadnz/hourly-ipv4,ziyadnz|hourly,2026-08-17T18:48:05Z,2026-08-17T18:48:05Z,
1.214.117.218,ipv4,malicious-ip,medium,WHITE,ziyadnz/hourly-ipv4,ziyadnz|hourly,2026-08-17T18:48:05Z,2026-08-17T18:48:05Z,
1.214.197.163,ipv4,malicious-ip,medium,WHITE,ziyadnz/hourly-ipv4,ziyadnz|hourly,2026-08-17T18:48:05Z,2026-08-17T18:48:05Z,
1.214.29.155,ipv4,malicious-ip,medium,WHITE,ziyadnz/hourly-ipv4,ziyadnz|hourly,2026-08-17T18:48:05Z,2026-08-17T18:48:05Z,
1.215.138.43,ipv4,malicious-ip,medium,WHITE,ziyadnz/hourly-ipv4,ziyadnz|hourly,2026-08-17T18:48:05Z,2026-08-17T18:48:05Z,
1.217.23.206,ipv4,malicious-ip,medium,WHITE,ziyadnz/hourly-ipv4,ziyadnz|hourly,2026-08-17T18:48:05Z,2026-08-17T18:48:05Z,
1.22.105.185,ipv4,malicious-ip,medium,WHITE,ziyadnz/hourly-ipv4,ziyadnz|hourly,2026-08-17T18:48:05Z,2026-08-17T18:48:05Z,
1.22.114.164,ipv4,malicious-ip,medium,WHITE,ziyadnz/hourly-ipv4,ziyadnz|hourly,2026-08-17T18:48:05Z,2026-08-17T18:48:05Z,
1.22.196.50,ipv4,malicious-ip,medium,WHITE,ziyadnz/hourly-ipv4,ziyadnz|hourly,2026-08-17T18:48:05Z,2026-08-17T18:48:05Z,
1.22.196.51,ipv4,malicious-ip,medium,WHITE,ziyadnz/hourly-ipv4,ziyadnz|hourly,2026-08-17T18:48:05Z,2026-08-17T18:48:05Z,
1.220.119.115,ipv4,malicious-ip,medium,WHITE,ziyadnz/hourly-ipv4,ziyadnz|hourly,2026-08-17T18:48:05Z,2026-08-17T18:48:05Z,
1.220.146.226,ipv4,malicious-ip,medium,WHITE,ziyadnz/hourly-ipv4,ziyadnz|hourly,2026-08-17T18:48:05Z,2026-08-17T18:48:05Z,
1.220.61.114,ipv4,malicious-ip,medium,WHITE,ziyadnz/hourly-ipv4,ziyadnz|hourly,2026-08-17T18:48:05Z,2026-08-17T18:48:05Z,
1.220.95.211,ipv4,malicious-ip,medium,WHITE,ziyadnz/hourly-ipv4,ziyadnz|hourly,2026-08-17T18:48:05Z,2026-08-17T18:48:05Z,
1.220.95.214,ipv4,malicious-ip,medium,WHITE,ziyadnz/hourly-ipv4,ziyadnz|hourly,2026-08-17T18:48:05Z,2026-08-17T18:48:05Z,
1.224.138.250,ipv4,malicious-ip,medium,WHITE,ziyadnz/hourly-ipv4,ziyadnz|hourly,2026-08-17T18:48:05Z,2026-08-17T18:48:05Z,
1.231.81.166,ipv4,malicious-ip,medium,WHITE,ziyadnz/hourly-ipv4,ziyadnz|hourly,2026-08-17T18:48:05Z,2026-08-17T18:48:05Z,
1.233.156.122,ipv4,malicious-ip,medium,WHITE,ziyadnz/hourly-ipv4,ziyadnz|hourly,2026-08-17T18:48:05Z,2026-08-17T18:48:05Z,
1.234.19.104,ipv4,malicious-ip,medium,WHITE,ziyadnz/hourly-ipv4,ziyadnz|hourly,2026-08-17T18:48:05Z,2026-08-17T18:48:05Z,
1.234.2.232,ipv4,malicious-ip,medium,WHITE,ziyadnz/hourly-ipv4,ziyadnz|hourly,2026-08-17T18:48:05Z,2026-08-17T18:48:05Z,
1.234.20.61,ipv4,malicious-ip,medium,WHITE,ziyadnz/hourly-ipv4,ziyadnz|hourly,2026-08-17T18:48:05Z,2026-08-17T18:48:05Z,
1.234.234.57,ipv4,malicious-ip,medium,WHITE,ziyadnz/hourly-ipv4,ziyadnz|hourly,2026-08-17T18:48:05Z,2026-08-17T18:48:05Z,
1.234.27.159,ipv4,malicious-ip,medium,WHITE,ziyadnz/hourly-ipv4,ziyadnz|hourly,2026-08-17T18:48:05Z,2026-08-17T18:48:05Z,
1.235.192.214,ipv4,malicious-ip,medium,WHITE,ziyadnz/hourly-ipv4,ziyadnz|hourly,2026-08-17T18:48:05Z,2026-08-17T18:48:05Z,
1.235.234.202,ipv4,malicious-ip,medium,WHITE,ziyadnz/hourly-ipv4,ziyadnz|hourly,2026-08-17T18:48:05Z,2026-08-17T18:48:05Z,
1.237.155.150,ipv4,malicious-ip,medium,WHITE,ziyadnz/hourly-ipv4,ziyadnz|hourly,2026-08-17T18:48:05Z,2026-08-17T18:48:05Z,
1.237.74.84,ipv4,malicious-ip,medium,WHITE,ziyadnz/hourly-ipv4,ziyadnz|hourly,2026-08-17T18:48:05Z,2026-08-17T18:48:05Z,
1.24.16.100,ipv4,malicious-ip,medium,WHITE,ziyadnz/hourly-ipv4,ziyadnz|hourly,2026-08-17T18:48:05Z,2026-08-17T18:48:05Z,
1.24.16.102,ipv4,malicious-ip,medium,WHITE,ziyadnz/hourly-ipv4,ziyadnz|hourly,2026-08-17T18:48:05Z,2026-08-17T18:48:05Z,
1.24.16.112,ipv4,malicious-ip,medium,WHITE,ziyadnz/hourly-ipv4,ziyadnz|hourly,2026-08-17T18:48:05Z,2026-08-17T18:48:05Z,
1.24.16.114,ipv4,malicious-ip,medium,WHITE,ziyadnz/hourly-ipv4,ziyadnz|hourly,2026-08-17T18:48:05Z,2026-08-17T18:48:05Z,
1.24.16.117,ipv4,malicious-ip,medium,WHITE,ziyadnz/hourly-ipv4,ziyadnz|hourly,2026-08-17T18:48:05Z,2026-08-17T18:48:05Z,
1.24.16.118,ipv4,malicious-ip,medium,WHITE,ziyadnz/hourly-ipv4,ziyadnz|hourly,2026-08-17T18:48:05Z,2026-08-17T18:48:05Z,
1.24.16.119,ipv4,malicious-ip,medium,WHITE,ziyadnz/hourly-ipv4,ziyadnz|hourly,2026-08-17T18:48:05Z,2026-08-17T18:48:05Z,
1.24.16.122,ipv4,malicious-ip,medium,WHITE,ziyadnz/hourly-ipv4,ziyadnz|hourly,2026-08-17T18:48:05Z,2026-08-17T18:48:05Z,
1.24.16.127,ipv4,malicious-ip,medium,WHITE,ziyadnz/hourly-ipv4,ziyadnz|hourly,2026-08-17T18:48:05Z,2026-08-17T18:48:05Z,
1.24.16.128,ipv4,malicious-ip,medium,WHITE,ziyadnz/hourly-ipv4,ziyadnz|hourly,2026-08-17T18:48:05Z,2026-08-17T18:48:05Z,
1.24.16.131,ipv4,malicious-ip,medium,WHITE,ziyadnz/hourly-ipv4,ziyadnz|hourly,2026-08-17T18:48:05Z,2026-08-17T18:48:05Z,
1.24.16.139,ipv4,malicious-ip,medium,WHITE,ziyadnz/hourly-ipv4,ziyadnz|hourly,2026-08-17T18:48:05Z,2026-08-17T18:48:05Z,
1.24.16.14,ipv4,malicious-ip,medium,WHITE,ziyadnz/hourly-ipv4,ziyadnz|hourly,2026-08-17T18:48:05Z,2026-08-17T18:48:05Z,
1.24.16.140,ipv4,malicious-ip,medium,WHITE,ziyadnz/hourly-ipv4,ziyadnz|hourly,2026-08-17T18:48:05Z,2026-08-17T18:48:05Z,
1.24.16.142,ipv4,malicious-ip,medium,WHITE,ziyadnz/hourly-ipv4,ziyadnz|hourly,2026-08-17T18:48:05Z,2026-08-17T18:48:05Z,
1.24.16.154,ipv4,malicious-ip,medium,WHITE,ziyadnz/hourly-ipv4,ziyadnz|hourly,2026-08-17T18:48:05Z,2026-08-17T18:48:05Z,
1.24.16.158,ipv4,malicious-ip,medium,WHITE,ziyadnz/hourly-ipv4,ziyadnz|hourly,2026-08-17T18:48:05Z,2026-08-17T18:48:05Z,
1.24.16.161,ipv4,malicious-ip,medium,WHITE,ziyadnz/hourly-ipv4,ziyadnz|hourly,2026-08-17T18:48:05Z,2026-08-17T18:48:05Z,
1.24.16.164,ipv4,malicious-ip,medium,WHITE,ziyadnz/hourly-ipv4,ziyadnz|hourly,2026-08-17T18:48:05Z,2026-08-17T18:48:05Z,
1.24.16.165,ipv4,malicious-ip,medium,WHITE,ziyadnz/hourly-ipv4,ziyadnz|hourly,2026-08-17T18:48:05Z,2026-08-17T18:48:05Z,
1.24.16.166,ipv4,malicious-ip,medium,WHITE,ziyadnz/hourly-ipv4,ziyadnz|hourly,2026-08-17T18:48:05Z,2026-08-17T18:48:05Z,
1.24.16.168,ipv4,malicious-ip,medium,WHITE,ziyadnz/hourly-ipv4,ziyadnz|hourly,2026-08-17T18:48:05Z,2026-08-17T18:48:05Z,
1.24.16.17,ipv4,malicious-ip,medium,WHITE,ziyadnz/hourly-ipv4,ziyadnz|hourly,2026-08-17T18:48:05Z,2026-08-17T18:48:05Z,
1.24.16.175,ipv4,malicious-ip,medium,WHITE,ziyadnz/hourly-ipv4,ziyadnz|hourly,2026-08-17T18:48:05Z,2026-08-17T18:48:05Z,
1.24.16.178,ipv4,malicious-ip,medium,WHITE,ziyadnz/hourly-ipv4,ziyadnz|hourly,2026-08-17T18:48:05Z,2026-08-17T18:48:05Z,
1.24.16.179,ipv4,malicious-ip,medium,WHITE,ziyadnz/hourly-ipv4,ziyadnz|hourly,2026-08-17T18:48:05Z,2026-08-17T18:48:05Z,
1.24.16.18,ipv4,malicious-ip,medium,WHITE,ziyadnz/hourly-ipv4,ziyadnz|hourly,2026-08-17T18:48:05Z,2026-08-17T18:48:05Z,
1.24.16.183,ipv4,malicious-ip,medium,WHITE,ziyadnz/hourly-ipv4,ziyadnz|hourly,2026-08-17T18:48:05Z,2026-08-17T18:48:05Z,
1.24.16.184,ipv4,malicious-ip,medium,WHITE,ziyadnz/hourly-ipv4,ziyadnz|hourly,2026-08-17T18:48:05Z,2026-08-17T18:48:05Z,
1.24.16.185,ipv4,malicious-ip,medium,WHITE,ziyadnz/hourly-ipv4,ziyadnz|hourly,2026-08-17T18:48:05Z,2026-08-17T18:48:05Z,
1.24.16.186,ipv4,malicious-ip,medium,WHITE,ziyadnz/hourly-ipv4,ziyadnz|hourly,2026-08-17T18:48:05Z,2026-08-17T18:48:05Z,
1.24.16.189,ipv4,malicious-ip,medium,WHITE,ziyadnz/hourly-ipv4,ziyadnz|hourly,2026-08-17T18:48:05Z,2026-08-17T18:48:05Z,
1.24.16.192,ipv4,malicious-ip,medium,WHITE,ziyadnz/hourly-ipv4,ziyadnz|hourly,2026-08-17T18:48:05Z,2026-08-17T18:48:05Z,
1.24.16.193,ipv4,malicious-ip,medium,WHITE,ziyadnz/hourly-ipv4,ziyadnz|hourly,2026-08-17T18:48:05Z,2026-08-17T18:48:05Z,
1.24.16.194,ipv4,malicious-ip,medium,WHITE,ziyadnz/hourly-ipv4,ziyadnz|hourly,2026-08-17T18:48:05Z,2026-08-17T18:48:05Z,
1.24.16.195,ipv4,malicious-ip,medium,WHITE,ziyadnz/hourly-ipv4,ziyadnz|hourly,2026-08-17T18:48:05Z,2026-08-17T18:48:05Z,
1.24.16.197,ipv4,malicious-ip,medium,WHITE,ziyadnz/hourly-ipv4,ziyadnz|hourly,2026-08-17T18:48:05Z,2026-08-17T18:48:05Z,
1.24.16.21,ipv4,malicious-ip,medium,WHITE,ziyadnz/hourly-ipv4,ziyadnz|hourly,2026-08-17T18:48:05Z,2026-08-17T18:48:05Z,
1.24.16.25,ipv4,malicious-ip,medium,WHITE,ziyadnz/hourly-ipv4,ziyadnz|hourly,2026-08-17T18:48:05Z,2026-08-17T18:48:05Z,
1.24.16.27,ipv4,malicious-ip,medium,WHITE,ziyadnz/hourly-ipv4,ziyadnz|hourly,2026-08-17T18:48:05Z,2026-08-17T18:48:05Z,
1.24.16.28,ipv4,malicious-ip,medium,WHITE,ziyadnz/hourly-ipv4,ziyadnz|hourly,2026-08-17T18:48:05Z,2026-08-17T18:48:05Z,
1.24.16.29,ipv4,malicious-ip,medium,WHITE,ziyadnz/hourly-ipv4,ziyadnz|hourly,2026-08-17T18:48:05Z,2026-08-17T18:48:05Z,
1.24.16.3,ipv4,malicious-ip,medium,WHITE,ziyadnz/hourly-ipv4,ziyadnz|hourly,2026-08-17T18:48:05Z,2026-08-17T18:48:05Z,
1.24.16.30,ipv4,malicious-ip,medium,WHITE,ziyadnz/hourly-ipv4,ziyadnz|hourly,2026-08-17T18:48:05Z,2026-08-17T18:48:05Z,
1.24.16.32,ipv4,malicious-ip,medium,WHITE,ziyadnz/hourly-ipv4,ziyadnz|hourly,2026-08-17T18:48:05Z,2026-08-17T18:48:05Z,
1.24.16.38,ipv4,malicious-ip,medium,WHITE,ziyadnz/hourly-ipv4,ziyadnz|hourly,2026-08-17T18:48:05Z,2026-08-17T18:48:05Z,
1.24.16.39,ipv4,malicious-ip,medium,WHITE,ziyadnz/hourly-ipv4,ziyadnz|hourly,2026-08-17T18:48:05Z,2026-08-17T18:48:05Z,
1.24.16.4,ipv4,malicious-ip,medium,WHITE,ziyadnz/hourly-ipv4,ziyadnz|hourly,2026-08-17T18:48:05Z,2026-08-17T18:48:05Z,
1.24.16.41,ipv4,malicious-ip,medium,WHITE,ziyadnz/hourly-ipv4,ziyadnz|hourly,2026-08-17T18:48:05Z,2026-08-17T18:48:05Z,
1.24.16.42,ipv4,malicious-ip,medium,WHITE,ziyadnz/hourly-ipv4,ziyadnz|hourly,2026-08-17T18:48:05Z,2026-08-17T18:48:05Z,
1.24.16.45,ipv4,malicious-ip,medium,WHITE,ziyadnz/hourly-ipv4,ziyadnz|hourly,2026-08-17T18:48:05Z,2026-08-17T18:48:05Z,
1.24.16.47,ipv4,malicious-ip,medium,WHITE,ziyadnz/hourly-ipv4,ziyadnz|hourly,2026-08-17T18:48:05Z,2026-08-17T18:48:05Z,
1.24.16.48,ipv4,malicious-ip,medium,WHITE,ziyadnz/hourly-ipv4,ziyadnz|hourly,2026-08-17T18:48:05Z,2026-08-17T18:48:05Z,
1.24.16.5,ipv4,malicious-ip,medium,WHITE,ziyadnz/hourly-ipv4,ziyadnz|hourly,2026-08-17T18:48:05Z,2026-08-17T18:48:05Z,
1.24.16.54,ipv4,malicious-ip,medium,WHITE,ziyadnz/hourly-ipv4,ziyadnz|hourly,2026-08-17T18:48:05Z,2026-08-17T18:48:05Z,
1.24.16.6,ipv4,malicious-ip,medium,WHITE,ziyadnz/hourly-ipv4,ziyadnz|hourly,2026-08-17T18:48:05Z,2026-08-17T18:48:05Z,
1.24.16.61,ipv4,malicious-ip,medium,WHITE,ziyadnz/hourly-ipv4,ziyadnz|hourly,2026-08-17T18:48:05Z,2026-08-17T18:48:05Z,
1.24.16.65,ipv4,malicious-ip,medium,WHITE,ziyadnz/hourly-ipv4,ziyadnz|hourly,2026-08-17T18:48:05Z,2026-08-17T18:48:05Z,
1.24.16.76,ipv4,malicious-ip,medium,WHITE,ziyadnz/hourly-ipv4,ziyadnz|hourly,2026-08-17T18:48:05Z,2026-08-17T18:48:05Z,
1.24.16.79,ipv4,malicious-ip,medium,WHITE,ziyadnz/hourly-ipv4,ziyadnz|hourly,2026-08-17T18:48:05Z,2026-08-17T18:48:05Z,
1.24.16.80,ipv4,malicious-ip,medium,WHITE,ziyadnz/hourly-ipv4,ziyadnz|hourly,2026-08-17T18:48:05Z,2026-08-17T18:48:05Z,
1.24.16.84,ipv4,malicious-ip,medium,WHITE,ziyadnz/hourly-ipv4,ziyadnz|hourly,2026-08-17T18:48:05Z,2026-08-17T18:48:05Z,
1.24.16.85,ipv4,malicious-ip,medium,WHITE,ziyadnz/hourly-ipv4,ziyadnz|hourly,2026-08-17T18:48:05Z,2026-08-17T18:48:05Z,
1.24.16.86,ipv4,malicious-ip,medium,WHITE,ziyadnz/hourly-ipv4,ziyadnz|hourly,2026-08-17T18:48:05Z,2026-08-17T18:48:05Z,
1.24.16.92,ipv4,malicious-ip,medium,WHITE,ziyadnz/hourly-ipv4,ziyadnz|hourly,2026-08-17T18:48:05Z,2026-08-17T18:48:05Z,
1.24.16.94,ipv4,malicious-ip,medium,WHITE,ziyadnz/hourly-ipv4,ziyadnz|hourly,2026-08-17T18:48:05Z,2026-08-17T18:48:05Z,
1.24.16.97,ipv4,malicious-ip,medium,WHITE,ziyadnz/hourly-ipv4,ziyadnz|hourly,2026-08-17T18:48:05Z,2026-08-17T18:48:05Z,
1.24.16.98,ipv4,malicious-ip,medium,WHITE,ziyadnz/hourly-ipv4,ziyadnz|hourly,2026-08-17T18:48:05Z,2026-08-17T18:48:05Z,
1.24.16.99,ipv4,malicious-ip,medium,WHITE,ziyadnz/hourly-ipv4,ziyadnz|hourly,2026-08-17T18:48:05Z,2026-08-17T18:48:05Z,
1.24.237.105,ipv4,malicious-ip,medium,WHITE,ziyadnz/hourly-ipv4,ziyadnz|hourly,2026-08-17T18:48:05Z,2026-08-17T18:48:05Z,
1.241.24.154,ipv4,malicious-ip,medium,WHITE,ziyadnz/hourly-ipv4,ziyadnz|hourly,2026-08-17T18:48:05Z,2026-08-17T18:48:05Z,
1.243.129.33,ipv4,malicious-ip,medium,WHITE,ziyadnz/hourly-ipv4,ziyadnz|hourly,2026-08-17T18:48:05Z,2026-08-17T18:48:05Z,
1.243.244.112,ipv4,malicious-ip,medium,WHITE,ziyadnz/hourly-ipv4,ziyadnz|hourly,2026-08-17T18:48:05Z,2026-08-17T18:48:05Z,
1.245.207.104,ipv4,malicious-ip,medium,WHITE,ziyadnz/hourly-ipv4,ziyadnz|hourly,2026-08-17T18:48:05Z,2026-08-17T18:48:05Z,
1.247.155.243,ipv4,malicious-ip,medium,WHITE,ziyadnz/hourly-ipv4,ziyadnz|hourly,2026-08-17T18:48:05Z,2026-08-17T18:48:05Z,
1.25.118.1,ipv4,malicious-ip,medium,WHITE,ziyadnz/hourly-ipv4,ziyadnz|hourly,2026-08-17T18:48:05Z,2026-08-17T18:48:05Z,
1.251.50.105,ipv4,malicious-ip,medium,WHITE,ziyadnz/hourly-ipv4,ziyadnz|hourly,2026-08-17T18:48:05Z,2026-08-17T18:48:05Z,
1.251.80.19,ipv4,malicious-ip,medium,WHITE,ziyadnz/hourly-ipv4,ziyadnz|hourly,2026-08-17T18:48:05Z,2026-08-17T18:48:05Z,
1.255.85.176,ipv4,malicious-ip,medium,WHITE,ziyadnz/hourly-ipv4,ziyadnz|hourly,2026-08-17T18:48:05Z,2026-08-17T18:48:05Z,
1.27.176.137,ipv4,malicious-ip,medium,WHITE,ziyadnz/hourly-ipv4,ziyadnz|hourly,2026-08-17T18:48:05Z,2026-08-17T18:48:05Z,
1.28.208.45,ipv4,malicious-ip,medium,WHITE,ziyadnz/hourly-ipv4,ziyadnz|hourly,2026-08-17T18:48:05Z,2026-08-17T18:48:05Z,
1.29.221.52,ipv4,malicious-ip,medium,WHITE,ziyadnz/hourly-ipv4,ziyadnz|hourly,2026-08-17T18:48:05Z,2026-08-17T18:48:05Z,
1.32.207.234,ipv4,malicious-ip,medium,WHITE,ziyadnz/hourly-ipv4,ziyadnz|hourly,2026-08-17T18:48:05Z,2026-08-17T18:48:05Z,
1.32.249.143,ipv4,malicious-ip,medium,WHITE,ziyadnz/hourly-ipv4,ziyadnz|hourly,2026-08-17T18:48:05Z,2026-08-17T18:48:05Z,
1.32.249.20,ipv4,malicious-ip,medium,WHITE,ziyadnz/hourly-ipv4,ziyadnz|hourly,2026-08-17T18:48:05Z,2026-08-17T18:48:05Z,
1.32.253.30,ipv4,malicious-ip,medium,WHITE,ziyadnz/hourly-ipv4,ziyadnz|hourly,2026-08-17T18:48:05Z,2026-08-17T18:48:05Z,
1.32.254.26,ipv4,malicious-ip,medium,WHITE,ziyadnz/hourly-ipv4,ziyadnz|hourly,2026-08-17T18:48:05Z,2026-08-17T18:48:05Z,
1.32.52.191,ipv4,malicious-ip,medium,WHITE,ziyadnz/hourly-ipv4,ziyadnz|hourly,2026-08-17T18:48:05Z,2026-08-17T18:48:05Z,
1.32.58.131,ipv4,malicious-ip,medium,WHITE,ziyadnz/hourly-ipv4,ziyadnz|hourly,2026-08-17T18:48:05Z,2026-08-17T18:48:05Z,
1.32.58.133,ipv4,malicious-ip,medium,WHITE,ziyadnz/hourly-ipv4,ziyadnz|hourly,2026-08-17T18:48:05Z,2026-08-17T18:48:05Z,
1.34.14.90,ipv4,malicious-ip,medium,WHITE,ziyadnz/hourly-ipv4,ziyadnz|hourly,2026-08-17T18:48:05Z,2026-08-17T18:48:05Z,
1.34.143.217,ipv4,malicious-ip,medium,WHITE,ziyadnz/hourly-ipv4,ziyadnz|hourly,2026-08-17T18:48:05Z,2026-08-17T18:48:05Z,
1.34.204.183,ipv4,malicious-ip,medium,WHITE,ziyadnz/hourly-ipv4,ziyadnz|hourly,2026-08-17T18:48:05Z,2026-08-17T18:48:05Z,
1.34.209.215,ipv4,malicious-ip,medium,WHITE,ziyadnz/hourly-ipv4,ziyadnz|hourly,2026-08-17T18:48:05Z,2026-08-17T18:48:05Z,
1.34.229.12,ipv4,malicious-ip,medium,WHITE,ziyadnz/hourly-ipv4,ziyadnz|hourly,2026-08-17T18:48:05Z,2026-08-17T18:48:05Z,
1.34.230.160,ipv4,malicious-ip,medium,WHITE,ziyadnz/hourly-ipv4,ziyadnz|hourly,2026-08-17T18:48:05Z,2026-08-17T18:48:05Z,
1.34.244.118,ipv4,malicious-ip,medium,WHITE,ziyadnz/hourly-ipv4,ziyadnz|hourly,2026-08-17T18:48:05Z,2026-08-17T18:48:05Z,
1.34.254.107,ipv4,malicious-ip,medium,WHITE,ziyadnz/hourly-ipv4,ziyadnz|hourly,2026-08-17T18:48:05Z,2026-08-17T18:48:05Z,
1.34.65.133,ipv4,malicious-ip,medium,WHITE,ziyadnz/hourly-ipv4,ziyadnz|hourly,2026-08-17T18:48:05Z,2026-08-17T18:48:05Z,
1.34.76.241,ipv4,malicious-ip,medium,WHITE,ziyadnz/hourly-ipv4,ziyadnz|hourly,2026-08-17T18:48:05Z,2026-08-17T18:48:05Z,
1.34.94.221,ipv4,malicious-ip,medium,WHITE,ziyadnz/hourly-ipv4,ziyadnz|hourly,2026-08-17T18:48:05Z,2026-08-17T18:48:05Z,
1.38.148.71,ipv4,malicious-ip,medium,WHITE,ziyadnz/hourly-ipv4,ziyadnz|hourly,2026-08-17T18:48:05Z,2026-08-17T18:48:05Z,
1.38.151.227,ipv4,malicious-ip,medium,WHITE,ziyadnz/hourly-ipv4,ziyadnz|hourly,2026-08-17T18:48:05Z,2026-08-17T18:48:05Z,
1.38.220.207,ipv4,malicious-ip,medium,WHITE,ziyadnz/hourly-ipv4,ziyadnz|hourly,2026-08-17T18:48:05Z,2026-08-17T18:48:05Z,
1.38.93.131,ipv4,malicious-ip,medium,WHITE,ziyadnz/hourly-ipv4,ziyadnz|hourly,2026-08-17T18:48:05Z,2026-08-17T18:48:05Z,
1.4.200.197,ipv4,malicious-ip,medium,WHITE,ziyadnz/hourly-ipv4,ziyadnz|hourly,2026-08-17T18:48:05Z,2026-08-17T18:48:05Z,
1.4.255.50,ipv4,malicious-ip,medium,WHITE,ziyadnz/hourly-ipv4,ziyadnz|hourly,2026-08-17T18:48:05Z,2026-08-17T18:48:05Z,
1.48.41.175,ipv4,malicious-ip,medium,WHITE,ziyadnz/hourly-ipv4,ziyadnz|hourly,2026-08-17T18:48:05Z,2026-08-17T18:48:05Z,
1.49.252.249,ipv4,malicious-ip,medium,WHITE,ziyadnz/hourly-ipv4,ziyadnz|hourly,2026-08-17T18:48:05Z,2026-08-17T18:48:05Z,
1.52.240.199,ipv4,malicious-ip,medium,WHITE,ziyadnz/hourly-ipv4,ziyadnz|hourly,2026-08-17T18:48:05Z,2026-08-17T18:48:05Z,
1.53.107.147,ipv4,malicious-ip,medium,WHITE,ziyadnz/hourly-ipv4,ziyadnz|hourly,2026-08-17T18:48:05Z,2026-08-17T18:48:05Z,
1.53.137.148,ipv4,malicious-ip,medium,WHITE,ziyadnz/hourly-ipv4,ziyadnz|hourly,2026-08-17T18:48:05Z,2026-08-17T18:48:05Z,
1.53.239.173,ipv4,malicious-ip,medium,WHITE,ziyadnz/hourly-ipv4,ziyadnz|hourly,2026-08-17T18:48:05Z,2026-08-17T18:48:05Z,
1.53.61.36,ipv4,malicious-ip,medium,WHITE,ziyadnz/hourly-ipv4,ziyadnz|hourly,2026-08-17T18:48:05Z,2026-08-17T18:48:05Z,
1.53.78.161,ipv4,malicious-ip,medium,WHITE,ziyadnz/hourly-ipv4,ziyadnz|hourly,2026-08-17T18:48:05Z,2026-08-17T18:48:05Z,
1.53.84.222,ipv4,malicious-ip,medium,WHITE,ziyadnz/hourly-ipv4,ziyadnz|hourly,2026-08-17T18:48:05Z,2026-08-17T18:48:05Z,
1.54.185.39,ipv4,malicious-ip,medium,WHITE,ziyadnz/hourly-ipv4,ziyadnz|hourly,2026-08-17T18:48:05Z,2026-08-17T18:48:05Z,
1.54.206.31,ipv4,malicious-ip,medium,WHITE,ziyadnz/hourly-ipv4,ziyadnz|hourly,2026-08-17T18:48:05Z,2026-08-17T18:48:05Z,
1.55.164.58,ipv4,malicious-ip,medium,WHITE,ziyadnz/hourly-ipv4,ziyadnz|hourly,2026-08-17T18:48:05Z,2026-08-17T18:48:05Z,
1.55.44.108,ipv4,malicious-ip,medium,WHITE,ziyadnz/hourly-ipv4,ziyadnz|hourly,2026-08-17T18:48:05Z,2026-08-17T18:48:05Z,
1.57.103.151,ipv4,malicious-ip,medium,WHITE,ziyadnz/hourly-ipv4,ziyadnz|hourly,2026-08-17T18:48:05Z,2026-08-17T18:48:05Z,
1.57.218.53,ipv4,malicious-ip,medium,WHITE,ziyadnz/hourly-ipv4,ziyadnz|hourly,2026-08-17T18:48:05Z,2026-08-17T18:48:05Z,
1.57.72.206,ipv4,malicious-ip,medium,WHITE,ziyadnz/hourly-ipv4,ziyadnz|hourly,2026-08-17T18:48:05Z,2026-08-17T18:48:05Z,
1.58.106.34,ipv4,malicious-ip,medium,WHITE,ziyadnz/hourly-ipv4,ziyadnz|hourly,2026-08-17T18:48:05Z,2026-08-17T18:48:05Z,
1.59.169.172,ipv4,malicious-ip,medium,WHITE,ziyadnz/hourly-ipv4,ziyadnz|hourly,2026-08-17T18:48:05Z,2026-08-17T18:48:05Z,
1.60.53.242,ipv4,malicious-ip,medium,WHITE,ziyadnz/hourly-ipv4,ziyadnz|hourly,2026-08-17T18:48:05Z,2026-08-17T18:48:05Z,
1.61.116.135,ipv4,malicious-ip,medium,WHITE,ziyadnz/hourly-ipv4,ziyadnz|hourly,2026-08-17T18:48:05Z,2026-08-17T18:48:05Z,
1.62.157.156,ipv4,malicious-ip,medium,WHITE,ziyadnz/hourly-ipv4,ziyadnz|hourly,2026-08-17T18:48:05Z,2026-08-17T18:48:05Z,
1.63.226.86,ipv4,malicious-ip,medium,WHITE,ziyadnz/hourly-ipv4,ziyadnz|hourly,2026-08-17T18:48:05Z,2026-08-17T18:48:05Z,
1.63.240.58,ipv4,malicious-ip,medium,WHITE,ziyadnz/hourly-ipv4,ziyadnz|hourly,2026-08-17T18:48:05Z,2026-08-17T18:48:05Z,
1.64.106.48,ipv4,malicious-ip,medium,WHITE,ziyadnz/hourly-ipv4,ziyadnz|hourly,2026-08-17T18:48:05Z,2026-08-17T18:48:05Z,
1.64.237.189,ipv4,malicious-ip,medium,WHITE,ziyadnz/hourly-ipv4,ziyadnz|hourly,2026-08-17T18:48:05Z,2026-08-17T18:48:05Z,
1.65.160.118,ipv4,malicious-ip,medium,WHITE,ziyadnz/hourly-ipv4,ziyadnz|hourly,2026-08-17T18:48:05Z,2026-08-17T18:48:05Z,
1.7.144.157,ipv4,malicious-ip,medium,WHITE,ziyadnz/hourly-ipv4,ziyadnz|hourly,2026-08-17T18:48:05Z,2026-08-17T18:48:05Z,
1.71.143.145,ipv4,malicious-ip,medium,WHITE,ziyadnz/hourly-ipv4,ziyadnz|hourly,2026-08-17T18:48:05Z,2026-08-17T18:48:05Z,
1.71.91.53,ipv4,malicious-ip,medium,WHITE,ziyadnz/hourly-ipv4,ziyadnz|hourly,2026-08-17T18:48:05Z,2026-08-17T18:48:05Z,
1.80.218.75,ipv4,malicious-ip,medium,WHITE,ziyadnz/hourly-ipv4,ziyadnz|hourly,2026-08-17T18:48:05Z,2026-08-17T18:48:05Z,
1.82.133.130,ipv4,malicious-ip,medium,WHITE,ziyadnz/hourly-ipv4,ziyadnz|hourly,2026-08-17T18:48:05Z,2026-08-17T18:48:05Z,
1.83.125.102,ipv4,malicious-ip,medium,WHITE,ziyadnz/hourly-ipv4,ziyadnz|hourly,2026-08-17T18:48:05Z,2026-08-17T18:48:05Z,
1.83.125.116,ipv4,malicious-ip,medium,WHITE,ziyadnz/hourly-ipv4,ziyadnz|hourly,2026-08-17T18:48:05Z,2026-08-17T18:48:05Z,
1.83.125.145,ipv4,malicious-ip,medium,WHITE,ziyadnz/hourly-ipv4,ziyadnz|hourly,2026-08-17T18:48:05Z,2026-08-17T18:48:05Z,
1.83.125.160,ipv4,malicious-ip,medium,WHITE,ziyadnz/hourly-ipv4,ziyadnz|hourly,2026-08-17T18:48:05Z,2026-08-17T18:48:05Z,
1.83.125.168,ipv4,malicious-ip,medium,WHITE,ziyadnz/hourly-ipv4,ziyadnz|hourly,2026-08-17T18:48:05Z,2026-08-17T18:48:05Z,
1.83.125.172,ipv4,malicious-ip,medium,WHITE,ziyadnz/hourly-ipv4,ziyadnz|hourly,2026-08-17T18:48:05Z,2026-08-17T18:48:05Z,
1.83.125.195,ipv4,malicious-ip,medium,WHITE,ziyadnz/hourly-ipv4,ziyadnz|hourly,2026-08-17T18:48:05Z,2026-08-17T18:48:05Z,
1.83.125.201,ipv4,malicious-ip,medium,WHITE,ziyadnz/hourly-ipv4,ziyadnz|hourly,2026-08-17T18:48:05Z,2026-08-17T18:48:05Z,
1.83.125.204,ipv4,malicious-ip,medium,WHITE,ziyadnz/hourly-ipv4,ziyadnz|hourly,2026-08-17T18:48:05Z,2026-08-17T18:48:05Z,
1.83.125.205,ipv4,malicious-ip,medium,WHITE,ziyadnz/hourly-ipv4,ziyadnz|hourly,2026-08-17T18:48:05Z,2026-08-17T18:48:05Z,
1.83.125.212,ipv4,malicious-ip,medium,WHITE,ziyadnz/hourly-ipv4,ziyadnz|hourly,2026-08-17T18:48:05Z,2026-08-17T18:48:05Z,
1.83.125.216,ipv4,malicious-ip,medium,WHITE,ziyadnz/hourly-ipv4,ziyadnz|hourly,2026-08-17T18:48:05Z,2026-08-17T18:48:05Z,
1.83.125.227,ipv4,malicious-ip,medium,WHITE,ziyadnz/hourly-ipv4,ziyadnz|hourly,2026-08-17T18:48:05Z,2026-08-17T18:48:05Z,
1.83.125.231,ipv4,malicious-ip,medium,WHITE,ziyadnz/hourly-ipv4,ziyadnz|hourly,2026-08-17T18:48:05Z,2026-08-17T18:48:05Z,
1.83.125.235,ipv4,malicious-ip,medium,WHITE,ziyadnz/hourly-ipv4,ziyadnz|hourly,2026-08-17T18:48:05Z,2026-08-17T18:48:05Z,
1.83.125.241,ipv4,malicious-ip,medium,WHITE,ziyadnz/hourly-ipv4,ziyadnz|hourly,2026-08-17T18:48:05Z,2026-08-17T18:48:05Z,
1.83.125.245,ipv4,malicious-ip,medium,WHITE,ziyadnz/hourly-ipv4,ziyadnz|hourly,2026-08-17T18:48:05Z,2026-08-17T18:48:05Z,
1.83.125.249,ipv4,malicious-ip,medium,WHITE,ziyadnz/hourly-ipv4,ziyadnz|hourly,2026-08-17T18:48:05Z,2026-08-17T18:48:05Z,
1.83.125.42,ipv4,malicious-ip,medium,WHITE,ziyadnz/hourly-ipv4,ziyadnz|hourly,2026-08-17T18:48:05Z,2026-08-17T18:48:05Z,
1.83.125.49,ipv4,malicious-ip,medium,WHITE,ziyadnz/hourly-ipv4,ziyadnz|hourly,2026-08-17T18:48:05Z,2026-08-17T18:48:05Z,
1.83.125.5,ipv4,malicious-ip,medium,WHITE,ziyadnz/hourly-ipv4,ziyadnz|hourly,2026-08-17T18:48:05Z,2026-08-17T18:48:05Z,
1.83.125.54,ipv4,malicious-ip,medium,WHITE,ziyadnz/hourly-ipv4,ziyadnz|hourly,2026-08-17T18:48:05Z,2026-08-17T18:48:05Z,
1.83.125.60,ipv4,malicious-ip,medium,WHITE,ziyadnz/hourly-ipv4,ziyadnz|hourly,2026-08-17T18:48:05Z,2026-08-17T18:48:05Z,
1.83.125.61,ipv4,malicious-ip,medium,WHITE,ziyadnz/hourly-ipv4,ziyadnz|hourly,2026-08-17T18:48:05Z,2026-08-17T18:48:05Z,
1.83.125.71,ipv4,malicious-ip,medium,WHITE,ziyadnz/hourly-ipv4,ziyadnz|hourly,2026-08-17T18:48:05Z,2026-08-17T18:48:05Z,
1.83.125.73,ipv4,malicious-ip,medium,WHITE,ziyadnz/hourly-ipv4,ziyadnz|hourly,2026-08-17T18:48:05Z,2026-08-17T18:48:05Z,
1.83.125.75,ipv4,malicious-ip,medium,WHITE,ziyadnz/hourly-ipv4,ziyadnz|hourly,2026-08-17T18:48:05Z,2026-08-17T18:48:05Z,
1.83.125.8,ipv4,malicious-ip,medium,WHITE,ziyadnz/hourly-ipv4,ziyadnz|hourly,2026-08-17T18:48:05Z,2026-08-17T18:48:05Z,
1.83.125.80,ipv4,malicious-ip,medium,WHITE,ziyadnz/hourly-ipv4,ziyadnz|hourly,2026-08-17T18:48:05Z,2026-08-17T18:48:05Z,
1.83.125.83,ipv4,malicious-ip,medium,WHITE,ziyadnz/hourly-ipv4,ziyadnz|hourly,2026-08-17T18:48:05Z,2026-08-17T18:48:05Z,
1.86.233.5,ipv4,malicious-ip,medium,WHITE,ziyadnz/hourly-ipv4,ziyadnz|hourly,2026-08-17T18:48:05Z,2026-08-17T18:48:05Z,
1.9.164.197,ipv4,malicious-ip,medium,WHITE,ziyadnz/hourly-ipv4,ziyadnz|hourly,2026-08-17T18:48:05Z,2026-08-17T18:48:05Z,
1.92.102.10,ipv4,malicious-ip,medium,WHITE,ziyadnz/hourly-ipv4,ziyadnz|hourly,2026-08-17T18:48:05Z,2026-08-17T18:48:05Z,
1.92.121.6,ipv4,malicious-ip,medium,WHITE,ziyadnz/hourly-ipv4,ziyadnz|hourly,2026-08-17T18:48:05Z,2026-08-17T18:48:05Z,
1.92.121.97,ipv4,malicious-ip,medium,WHITE,ziyadnz/hourly-ipv4,ziyadnz|hourly,2026-08-17T18:48:05Z,2026-08-17T18:48:05Z,
1.92.159.64,ipv4,malicious-ip,medium,WHITE,ziyadnz/hourly-ipv4,ziyadnz|hourly,2026-08-17T18:48:05Z,2026-08-17T18:48:05Z,
1.95.172.30,ipv4,malicious-ip,medium,WHITE,ziyadnz/hourly-ipv4,ziyadnz|hourly,2026-08-17T18:48:05Z,2026-08-17T18:48:05Z,
1.95.91.114,ipv4,malicious-ip,medium,WHITE,ziyadnz/hourly-ipv4,ziyadnz|hourly,2026-08-17T18:48:05Z,2026-08-17T18:48:05Z,
100.1.108.246,ipv4,malicious-ip,medium,WHITE,ziyadnz/hourly-ipv4,ziyadnz|hourly,2026-08-17T18:48:05Z,2026-08-17T18:48:05Z,
100.11.238.218,ipv4,malicious-ip,medium,WHITE,ziyadnz/hourly-ipv4,ziyadnz|hourly,2026-08-17T18:48:05Z,2026-08-17T18:48:05Z,
100.11.78.251,ipv4,malicious-ip,medium,WHITE,ziyadnz/hourly-ipv4,ziyadnz|hourly,2026-08-17T18:48:05Z,2026-08-17T18:48:05Z,
100.12.192.44,ipv4,malicious-ip,medium,WHITE,ziyadnz/hourly-ipv4,ziyadnz|hourly,2026-08-17T18:48:05Z,2026-08-17T18:48:05Z,
100.12.198.149,ipv4,malicious-ip,medium,WHITE,ziyadnz/hourly-ipv4,ziyadnz|hourly,2026-08-17T18:48:05Z,2026-08-17T18:48:05Z,
100.12.92.126,ipv4,malicious-ip,medium,WHITE,ziyadnz/hourly-ipv4,ziyadnz|hourly,2026-08-17T18:48:05Z,2026-08-17T18:48:05Z,
100.16.30.252,ipv4,malicious-ip,medium,WHITE,ziyadnz/hourly-ipv4,ziyadnz|hourly,2026-08-17T18:48:05Z,2026-08-17T18:48:05Z,
100.2.158.95,ipv4,malicious-ip,medium,WHITE,ziyadnz/hourly-ipv4,ziyadnz|hourly,2026-08-17T18:48:05Z,2026-08-17T18:48:05Z,
100.2.219.251,ipv4,malicious-ip,medium,WHITE,ziyadnz/hourly-ipv4,ziyadnz|hourly,2026-08-17T18:48:05Z,2026-08-17T18:48:05Z,
100.2.9.151,ipv4,malicious-ip,medium,WHITE,ziyadnz/hourly-ipv4,ziyadnz|hourly,2026-08-17T18:48:05Z,2026-08-17T18:48:05Z,
100.2.94.199,ipv4,malicious-ip,medium,WHITE,ziyadnz/hourly-ipv4,ziyadnz|hourly,2026-08-17T18:48:05Z,2026-08-17T18:48:05Z,
100.24.149.244,ipv4,malicious-ip,medium,WHITE,ziyadnz/hourly-ipv4,ziyadnz|hourly,2026-08-17T18:48:05Z,2026-08-17T18:48:05Z,
100.24.167.60,ipv4,malicious-ip,medium,WHITE,ziyadnz/hourly-ipv4,ziyadnz|hourly,2026-08-17T18:48:05Z,2026-08-17T18:48:05Z,
100.26.102.117,ipv4,malicious-ip,medium,WHITE,ziyadnz/hourly-ipv4,ziyadnz|hourly,2026-08-17T18:48:05Z,2026-08-17T18:48:05Z,
100.27.153.9,ipv4,malicious-ip,medium,WHITE,ziyadnz/hourly-ipv4,ziyadnz|hourly,2026-08-17T18:48:05Z,2026-08-17T18:48:05Z,
100.27.18.199,ipv4,malicious-ip,medium,WHITE,ziyadnz/hourly-ipv4,ziyadnz|hourly,2026-08-17T18:48:05Z,2026-08-17T18:48:05Z,
100.27.251.221,ipv4,malicious-ip,medium,WHITE,ziyadnz/hourly-ipv4,ziyadnz|hourly,2026-08-17T18:48:05Z,2026-08-17T18:48:05Z,
100.27.81.25,ipv4,malicious-ip,medium,WHITE,ziyadnz/hourly-ipv4,ziyadnz|hourly,2026-08-17T18:48:05Z,2026-08-17T18:48:05Z,
100.28.118.16,ipv4,malicious-ip,medium,WHITE,ziyadnz/hourly-ipv4,ziyadnz|hourly,2026-08-17T18:48:05Z,2026-08-17T18:48:05Z,
100.28.133.214,ipv4,malicious-ip,medium,WHITE,ziyadnz/hourly-ipv4,ziyadnz|hourly,2026-08-17T18:48:05Z,2026-08-17T18:48:05Z,
100.28.153.226,ipv4,malicious-ip,medium,WHITE,ziyadnz/hourly-ipv4,ziyadnz|hourly,2026-08-17T18:48:05Z,2026-08-17T18:48:05Z,
100.28.191.174,ipv4,malicious-ip,medium,WHITE,ziyadnz/hourly-ipv4,ziyadnz|hourly,2026-08-17T18:48:05Z,2026-08-17T18:48:05Z,
100.28.204.82,ipv4,malicious-ip,medium,WHITE,ziyadnz/hourly-ipv4,ziyadnz|hourly,2026-08-17T18:48:05Z,2026-08-17T18:48:05Z,
100.28.44.58,ipv4,malicious-ip,medium,WHITE,ziyadnz/hourly-ipv4,ziyadnz|hourly,2026-08-17T18:48:05Z,2026-08-17T18:48:05Z,
100.28.49.152,ipv4,malicious-ip,medium,WHITE,ziyadnz/hourly-ipv4,ziyadnz|hourly,2026-08-17T18:48:05Z,2026-08-17T18:48:05Z,
100.28.57.133,ipv4,malicious-ip,medium,WHITE,ziyadnz/hourly-ipv4,ziyadnz|hourly,2026-08-17T18:48:05Z,2026-08-17T18:48:05Z,
100.29.107.38,ipv4,malicious-ip,medium,WHITE,ziyadnz/hourly-ipv4,ziyadnz|hourly,2026-08-17T18:48:05Z,2026-08-17T18:48:05Z,
100.29.128.75,ipv4,malicious-ip,medium,WHITE,ziyadnz/hourly-ipv4,ziyadnz|hourly,2026-08-17T18:48:05Z,2026-08-17T18:48:05Z,
100.29.155.89,ipv4,malicious-ip,medium,WHITE,ziyadnz/hourly-ipv4,ziyadnz|hourly,2026-08-17T18:48:05Z,2026-08-17T18:48:05Z,
100.29.160.53,ipv4,malicious-ip,medium,WHITE,ziyadnz/hourly-ipv4,ziyadnz|hourly,2026-08-17T18:48:05Z,2026-08-17T18:48:05Z,
100.29.164.178,ipv4,malicious-ip,medium,WHITE,ziyadnz/hourly-ipv4,ziyadnz|hourly,2026-08-17T18:48:05Z,2026-08-17T18:48:05Z,
100.29.192.0,ipv4,malicious-ip,medium,WHITE,ziyadnz/hourly-ipv4,ziyadnz|hourly,2026-08-17T18:48:05Z,2026-08-17T18:48:05Z,
100.29.192.1,ipv4,malicious-ip,medium,WHITE,ziyadnz/hourly-ipv4,ziyadnz|hourly,2026-08-17T18:48:05Z,2026-08-17T18:48:05Z,
100.29.192.10,ipv4,malicious-ip,medium,WHITE,ziyadnz/hourly-ipv4,ziyadnz|hourly,2026-08-17T18:48:05Z,2026-08-17T18:48:05Z,
100.29.192.100,ipv4,malicious-ip,medium,WHITE,ziyadnz/hourly-ipv4,ziyadnz|hourly,2026-08-17T18:48:05Z,2026-08-17T18:48:05Z,
100.29.192.101,ipv4,malicious-ip,medium,WHITE,ziyadnz/hourly-ipv4,ziyadnz|hourly,2026-08-17T18:48:05Z,2026-08-17T18:48:05Z,
100.29.192.102,ipv4,malicious-ip,medium,WHITE,ziyadnz/hourly-ipv4,ziyadnz|hourly,2026-08-17T18:48:05Z,2026-08-17T18:48:05Z,
100.29.192.103,ipv4,malicious-ip,medium,WHITE,ziyadnz/hourly-ipv4,ziyadnz|hourly,2026-08-17T18:48:05Z,2026-08-17T18:48:05Z,
100.29.192.104,ipv4,malicious-ip,medium,WHITE,ziyadnz/hourly-ipv4,ziyadnz|hourly,2026-08-17T18:48:05Z,2026-08-17T18:48:05Z,
100.29.192.105,ipv4,malicious-ip,medium,WHITE,ziyadnz/hourly-ipv4,ziyadnz|hourly,2026-08-17T18:48:05Z,2026-08-17T18:48:05Z,
100.29.192.106,ipv4,malicious-ip,medium,WHITE,ziyadnz/hourly-ipv4,ziyadnz|hourly,2026-08-17T18:48:05Z,2026-08-17T18:48:05Z,
100.29.192.107,ipv4,malicious-ip,medium,WHITE,ziyadnz/hourly-ipv4,ziyadnz|hourly,2026-08-17T18:48:05Z,2026-08-17T18:48:05Z,
100.29.192.108,ipv4,malicious-ip,medium,WHITE,ziyadnz/hourly-ipv4,ziyadnz|hourly,2026-08-17T18:48:05Z,2026-08-17T18:48:05Z,
100.29.192.109,ipv4,malicious-ip,medium,WHITE,ziyadnz/hourly-ipv4,ziyadnz|hourly,2026-08-17T18:48:05Z,2026-08-17T18:48:05Z,
100.29.192.11,ipv4,malicious-ip,medium,WHITE,ziyadnz/hourly-ipv4,ziyadnz|hourly,2026-08-17T18:48:05Z,2026-08-17T18:48:05Z,
100.29.192.110,ipv4,malicious-ip,medium,WHITE,ziyadnz/hourly-ipv4,ziyadnz|hourly,2026-08-17T18:48:05Z,2026-08-17T18:48:05Z,
100.29.192.111,ipv4,malicious-ip,medium,WHITE,ziyadnz/hourly-ipv4,ziyadnz|hourly,2026-08-17T18:48:05Z,2026-08-17T18:48:05Z,
100.29.192.112,ipv4,malicious-ip,medium,WHITE,ziyadnz/hourly-ipv4,ziyadnz|hourly,2026-08-17T18:48:05Z,2026-08-17T18:48:05Z,
100.29.192.113,ipv4,malicious-ip,medium,WHITE,ziyadnz/hourly-ipv4,ziyadnz|hourly,2026-08-17T18:48:05Z,2026-08-17T18:48:05Z,
100.29.192.115,ipv4,malicious-ip,medium,WHITE,ziyadnz/hourly-ipv4,ziyadnz|hourly,2026-08-17T18:48:05Z,2026-08-17T18:48:05Z,
100.29.192.116,ipv4,malicious-ip,medium,WHITE,ziyadnz/hourly-ipv4,ziyadnz|hourly,2026-08-17T18:48:05Z,2026-08-17T18:48:05Z,
100.29.192.117,ipv4,malicious-ip,medium,WHITE,ziyadnz/hourly-ipv4,ziyadnz|hourly,2026-08-17T18:48:05Z,2026-08-17T18:48:05Z,
100.29.192.119,ipv4,malicious-ip,medium,WHITE,ziyadnz/hourly-ipv4,ziyadnz|hourly,2026-08-17T18:48:05Z,2026-08-17T18:48:05Z,
100.29.192.12,ipv4,malicious-ip,medium,WHITE,ziyadnz/hourly-ipv4,ziyadnz|hourly,2026-08-17T18:48:05Z,2026-08-17T18:48:05Z,
100.29.192.120,ipv4,malicious-ip,medium,WHITE,ziyadnz/hourly-ipv4,ziyadnz|hourly,2026-08-17T18:48:05Z,2026-08-17T18:48:05Z,
100.29.192.121,ipv4,malicious-ip,medium,WHITE,ziyadnz/hourly-ipv4,ziyadnz|hourly,2026-08-17T18:48:05Z,2026-08-17T18:48:05Z,
100.29.192.122,ipv4,malicious-ip,medium,WHITE,ziyadnz/hourly-ipv4,ziyadnz|hourly,2026-08-17T18:48:05Z,2026-08-17T18:48:05Z,
100.29.192.123,ipv4,malicious-ip,medium,WHITE,ziyadnz/hourly-ipv4,ziyadnz|hourly,2026-08-17T18:48:05Z,2026-08-17T18:48:05Z,
100.29.192.124,ipv4,malicious-ip,medium,WHITE,ziyadnz/hourly-ipv4,ziyadnz|hourly,2026-08-17T18:48:05Z,2026-08-17T18:48:05Z,
100.29.192.125,ipv4,malicious-ip,medium,WHITE,ziyadnz/hourly-ipv4,ziyadnz|hourly,2026-08-17T18:48:05Z,2026-08-17T18:48:05Z,
100.29.192.126,ipv4,malicious-ip,medium,WHITE,ziyadnz/hourly-ipv4,ziyadnz|hourly,2026-08-17T18:48:05Z,2026-08-17T18:48:05Z,
100.29.192.127,ipv4,malicious-ip,medium,WHITE,ziyadnz/hourly-ipv4,ziyadnz|hourly,2026-08-17T18:48:05Z,2026-08-17T18:48:05Z,
100.29.192.13,ipv4,malicious-ip,medium,WHITE,ziyadnz/hourly-ipv4,ziyadnz|hourly,2026-08-17T18:48:05Z,2026-08-17T18:48:05Z,
100.29.192.14,ipv4,malicious-ip,medium,WHITE,ziyadnz/hourly-ipv4,ziyadnz|hourly,2026-08-17T18:48:05Z,2026-08-17T18:48:05Z,
100.29.192.15,ipv4,malicious-ip,medium,WHITE,ziyadnz/hourly-ipv4,ziyadnz|hourly,2026-08-17T18:48:05Z,2026-08-17T18:48:05Z,
100.29.192.16,ipv4,malicious-ip,medium,WHITE,ziyadnz/hourly-ipv4,ziyadnz|hourly,2026-08-17T18:48:05Z,2026-08-17T18:48:05Z,
100.29.192.17,ipv4,malicious-ip,medium,WHITE,ziyadnz/hourly-ipv4,ziyadnz|hourly,2026-08-17T18:48:05Z,2026-08-17T18:48:05Z,
100.29.192.18,ipv4,malicious-ip,medium,WHITE,ziyadnz/hourly-ipv4,ziyadnz|hourly,2026-08-17T18:48:05Z,2026-08-17T18:48:05Z,
100.29.192.19,ipv4,malicious-ip,medium,WHITE,ziyadnz/hourly-ipv4,ziyadnz|hourly,2026-08-17T18:48:05Z,2026-08-17T18:48:05Z,
100.29.192.2,ipv4,malicious-ip,medium,WHITE,ziyadnz/hourly-ipv4,ziyadnz|hourly,2026-08-17T18:48:05Z,2026-08-17T18:48:05Z,
100.29.192.25,ipv4,malicious-ip,medium,WHITE,ziyadnz/hourly-ipv4,ziyadnz|hourly,2026-08-17T18:48:05Z,2026-08-17T18:48:05Z,
100.29.192.26,ipv4,malicious-ip,medium,WHITE,ziyadnz/hourly-ipv4,ziyadnz|hourly,2026-08-17T18:48:05Z,2026-08-17T18:48:05Z,
100.29.192.27,ipv4,malicious-ip,medium,WHITE,ziyadnz/hourly-ipv4,ziyadnz|hourly,2026-08-17T18:48:05Z,2026-08-17T18:48:05Z,
100.29.192.28,ipv4,malicious-ip,medium,WHITE,ziyadnz/hourly-ipv4,ziyadnz|hourly,2026-08-17T18:48:05Z,2026-08-17T18:48:05Z,
100.29.192.29,ipv4,malicious-ip,medium,WHITE,ziyadnz/hourly-ipv4,ziyadnz|hourly,2026-08-17T18:48:05Z,2026-08-17T18:48:05Z,
100.29.192.3,ipv4,malicious-ip,medium,WHITE,ziyadnz/hourly-ipv4,ziyadnz|hourly,2026-08-17T18:48:05Z,2026-08-17T18:48:05Z,
100.29.192.30,ipv4,malicious-ip,medium,WHITE,ziyadnz/hourly-ipv4,ziyadnz|hourly,2026-08-17T18:48:05Z,2026-08-17T18:48:05Z,
100.29.192.31,ipv4,malicious-ip,medium,WHITE,ziyadnz/hourly-ipv4,ziyadnz|hourly,2026-08-17T18:48:05Z,2026-08-17T18:48:05Z,
100.29.192.32,ipv4,malicious-ip,medium,WHITE,ziyadnz/hourly-ipv4,ziyadnz|hourly,2026-08-17T18:48:05Z,2026-08-17T18:48:05Z,
100.29.192.33,ipv4,malicious-ip,medium,WHITE,ziyadnz/hourly-ipv4,ziyadnz|hourly,2026-08-17T18:48:05Z,2026-08-17T18:48:05Z,
100.29.192.34,ipv4,malicious-ip,medium,WHITE,ziyadnz/hourly-ipv4,ziyadnz|hourly,2026-08-17T18:48:05Z,2026-08-17T18:48:05Z,
100.29.192.35,ipv4,malicious-ip,medium,WHITE,ziyadnz/hourly-ipv4,ziyadnz|hourly,2026-08-17T18:48:05Z,2026-08-17T18:48:05Z,
100.29.192.36,ipv4,malicious-ip,medium,WHITE,ziyadnz/hourly-ipv4,ziyadnz|hourly,2026-08-17T18:48:05Z,2026-08-17T18:48:05Z,
100.29.192.37,ipv4,malicious-ip,medium,WHITE,ziyadnz/hourly-ipv4,ziyadnz|hourly,2026-08-17T18:48:05Z,2026-08-17T18:48:05Z,
100.29.192.38,ipv4,malicious-ip,medium,WHITE,ziyadnz/hourly-ipv4,ziyadnz|hourly,2026-08-17T18:48:05Z,2026-08-17T18:48:05Z,
100.29.192.39,ipv4,malicious-ip,medium,WHITE,ziyadnz/hourly-ipv4,ziyadnz|hourly,2026-08-17T18:48:05Z,2026-08-17T18:48:05Z,
100.29.192.4,ipv4,malicious-ip,medium,WHITE,ziyadnz/hourly-ipv4,ziyadnz|hourly,2026-08-17T18:48:05Z,2026-08-17T18:48:05Z,
100.29.192.40,ipv4,malicious-ip,medium,WHITE,ziyadnz/hourly-ipv4,ziyadnz|hourly,2026-08-17T18:48:05Z,2026-08-17T18:48:05Z,
100.29.192.41,ipv4,malicious-ip,medium,WHITE,ziyadnz/hourly-ipv4,ziyadnz|hourly,2026-08-17T18:48:05Z,2026-08-17T18:48:05Z,
100.29.192.42,ipv4,malicious-ip,medium,WHITE,ziyadnz/hourly-ipv4,ziyadnz|hourly,2026-08-17T18:48:05Z,2026-08-17T18:48:05Z,
100.29.192.43,ipv4,malicious-ip,medium,WHITE,ziyadnz/hourly-ipv4,ziyadnz|hourly,2026-08-17T18:48:05Z,2026-08-17T18:48:05Z,
100.29.192.44,ipv4,malicious-ip,medium,WHITE,ziyadnz/hourly-ipv4,ziyadnz|hourly,2026-08-17T18:48:05Z,2026-08-17T18:48:05Z,
100.29.192.45,ipv4,malicious-ip,medium,WHITE,ziyadnz/hourly-ipv4,ziyadnz|hourly,2026-08-17T18:48:05Z,2026-08-17T18:48:05Z,
100.29.192.46,ipv4,malicious-ip,medium,WHITE,ziyadnz/hourly-ipv4,ziyadnz|hourly,2026-08-17T18:48:05Z,2026-08-17T18:48:05Z,
100.29.192.47,ipv4,malicious-ip,medium,WHITE,ziyadnz/hourly-ipv4,ziyadnz|hourly,2026-08-17T18:48:05Z,2026-08-17T18:48:05Z,
100.29.192.48,ipv4,malicious-ip,medium,WHITE,ziyadnz/hourly-ipv4,ziyadnz|hourly,2026-08-17T18:48:05Z,2026-08-17T18:48:05Z,
100.29.192.49,ipv4,malicious-ip,medium,WHITE,ziyadnz/hourly-ipv4,ziyadnz|hourly,2026-08-17T18:48:05Z,2026-08-17T18:48:05Z,
100.29.192.5,ipv4,malicious-ip,medium,WHITE,ziyadnz/hourly-ipv4,ziyadnz|hourly,2026-08-17T18:48:05Z,2026-08-17T18:48:05Z,
100.29.192.50,ipv4,malicious-ip,medium,WHITE,ziyadnz/hourly-ipv4,ziyadnz|hourly,2026-08-17T18:48:05Z,2026-08-17T18:48:05Z,
100.29.192.51,ipv4,malicious-ip,medium,WHITE,ziyadnz/hourly-ipv4,ziyadnz|hourly,2026-08-17T18:48:05Z,2026-08-17T18:48:05Z,
100.29.192.52,ipv4,malicious-ip,medium,WHITE,ziyadnz/hourly-ipv4,ziyadnz|hourly,2026-08-17T18:48:05Z,2026-08-17T18:48:05Z,
100.29.192.53,ipv4,malicious-ip,medium,WHITE,ziyadnz/hourly-ipv4,ziyadnz|hourly,2026-08-17T18:48:05Z,2026-08-17T18:48:05Z,
100.29.192.54,ipv4,malicious-ip,medium,WHITE,ziyadnz/hourly-ipv4,ziyadnz|hourly,2026-08-17T18:48:05Z,2026-08-17T18:48:05Z,
100.29.192.55,ipv4,malicious-ip,medium,WHITE,ziyadnz/hourly-ipv4,ziyadnz|hourly,2026-08-17T18:48:05Z,2026-08-17T18:48:05Z,
100.29.192.56,ipv4,malicious-ip,medium,WHITE,ziyadnz/hourly-ipv4,ziyadnz|hourly,2026-08-17T18:48:05Z,2026-08-17T18:48:05Z,
100.29.192.57,ipv4,malicious-ip,medium,WHITE,ziyadnz/hourly-ipv4,ziyadnz|hourly,2026-08-17T18:48:05Z,2026-08-17T18:48:05Z,
100.29.192.59,ipv4,malicious-ip,medium,WHITE,ziyadnz/hourly-ipv4,ziyadnz|hourly,2026-08-17T18:48:05Z,2026-08-17T18:48:05Z,
100.29.192.6,ipv4,malicious-ip,medium,WHITE,ziyadnz/hourly-ipv4,ziyadnz|hourly,2026-08-17T18:48:05Z,2026-08-17T18:48:05Z,
100.29.192.60,ipv4,malicious-ip,medium,WHITE,ziyadnz/hourly-ipv4,ziyadnz|hourly,2026-08-17T18:48:05Z,2026-08-17T18:48:05Z,
100.29.192.61,ipv4,malicious-ip,medium,WHITE,ziyadnz/hourly-ipv4,ziyadnz|hourly,2026-08-17T18:48:05Z,2026-08-17T18:48:05Z,
100.29.192.62,ipv4,malicious-ip,medium,WHITE,ziyadnz/hourly-ipv4,ziyadnz|hourly,2026-08-17T18:48:05Z,2026-08-17T18:48:05Z,
100.29.192.63,ipv4,malicious-ip,medium,WHITE,ziyadnz/hourly-ipv4,ziyadnz|hourly,2026-08-17T18:48:05Z,2026-08-17T18:48:05Z,
100.29.192.64,ipv4,malicious-ip,medium,WHITE,ziyadnz/hourly-ipv4,ziyadnz|hourly,2026-08-17T18:48:05Z,2026-08-17T18:48:05Z,
100.29.192.65,ipv4,malicious-ip,medium,WHITE,ziyadnz/hourly-ipv4,ziyadnz|hourly,2026-08-17T18:48:05Z,2026-08-17T18:48:05Z,
100.29.192.66,ipv4,malicious-ip,medium,WHITE,ziyadnz/hourly-ipv4,ziyadnz|hourly,2026-08-17T18:48:05Z,2026-08-17T18:48:05Z,
100.29.192.67,ipv4,malicious-ip,medium,WHITE,ziyadnz/hourly-ipv4,ziyadnz|hourly,2026-08-17T18:48:05Z,2026-08-17T18:48:05Z,
100.29.192.68,ipv4,malicious-ip,medium,WHITE,ziyadnz/hourly-ipv4,ziyadnz|hourly,2026-08-17T18:48:05Z,2026-08-17T18:48:05Z,
100.29.192.69,ipv4,malicious-ip,medium,WHITE,ziyadnz/hourly-ipv4,ziyadnz|hourly,2026-08-17T18:48:05Z,2026-08-17T18:48:05Z,
100.29.192.7,ipv4,malicious-ip,medium,WHITE,ziyadnz/hourly-ipv4,ziyadnz|hourly,2026-08-17T18:48:05Z,2026-08-17T18:48:05Z,
100.29.192.70,ipv4,malicious-ip,medium,WHITE,ziyadnz/hourly-ipv4,ziyadnz|hourly,2026-08-17T18:48:05Z,2026-08-17T18:48:05Z,
100.29.192.71,ipv4,malicious-ip,medium,WHITE,ziyadnz/hourly-ipv4,ziyadnz|hourly,2026-08-17T18:48:05Z,2026-08-17T18:48:05Z,
100.29.192.72,ipv4,malicious-ip,medium,WHITE,ziyadnz/hourly-ipv4,ziyadnz|hourly,2026-08-17T18:48:05Z,2026-08-17T18:48:05Z,
100.29.192.73,ipv4,malicious-ip,medium,WHITE,ziyadnz/hourly-ipv4,ziyadnz|hourly,2026-08-17T18:48:05Z,2026-08-17T18:48:05Z,
100.29.192.74,ipv4,malicious-ip,medium,WHITE,ziyadnz/hourly-ipv4,ziyadnz|hourly,2026-08-17T18:48:05Z,2026-08-17T18:48:05Z,
100.29.192.75,ipv4,malicious-ip,medium,WHITE,ziyadnz/hourly-ipv4,ziyadnz|hourly,2026-08-17T18:48:05Z,2026-08-17T18:48:05Z,
100.29.192.76,ipv4,malicious-ip,medium,WHITE,ziyadnz/hourly-ipv4,ziyadnz|hourly,2026-08-17T18:48:05Z,2026-08-17T18:48:05Z,
100.29.192.77,ipv4,malicious-ip,medium,WHITE,ziyadnz/hourly-ipv4,ziyadnz|hourly,2026-08-17T18:48:05Z,2026-08-17T18:48:05Z,
100.29.192.78,ipv4,malicious-ip,medium,WHITE,ziyadnz/hourly-ipv4,ziyadnz|hourly,2026-08-17T18:48:05Z,2026-08-17T18:48:05Z,
100.29.192.79,ipv4,malicious-ip,medium,WHITE,ziyadnz/hourly-ipv4,ziyadnz|hourly,2026-08-17T18:48:05Z,2026-08-17T18:48:05Z,
100.29.192.8,ipv4,malicious-ip,medium,WHITE,ziyadnz/hourly-ipv4,ziyadnz|hourly,2026-08-17T18:48:05Z,2026-08-17T18:48:05Z,
100.29.192.80,ipv4,malicious-ip,medium,WHITE,ziyadnz/hourly-ipv4,ziyadnz|hourly,2026-08-17T18:48:05Z,2026-08-17T18:48:05Z,
100.29.192.81,ipv4,malicious-ip,medium,WHITE,ziyadnz/hourly-ipv4,ziyadnz|hourly,2026-08-17T18:48:05Z,2026-08-17T18:48:05Z,
100.29.192.82,ipv4,malicious-ip,medium,WHITE,ziyadnz/hourly-ipv4,ziyadnz|hourly,2026-08-17T18:48:05Z,2026-08-17T18:48:05Z,
100.29.192.83,ipv4,malicious-ip,medium,WHITE,ziyadnz/hourly-ipv4,ziyadnz|hourly,2026-08-17T18:48:05Z,2026-08-17T18:48:05Z,
100.29.192.84,ipv4,malicious-ip,medium,WHITE,ziyadnz/hourly-ipv4,ziyadnz|hourly,2026-08-17T18:48:05Z,2026-08-17T18:48:05Z,
100.29.192.85,ipv4,malicious-ip,medium,WHITE,ziyadnz/hourly-ipv4,ziyadnz|hourly,2026-08-17T18:48:05Z,2026-08-17T18:48:05Z,
100.29.192.86,ipv4,malicious-ip,medium,WHITE,ziyadnz/hourly-ipv4,ziyadnz|hourly,2026-08-17T18:48:05Z,2026-08-17T18:48:05Z,
100.29.192.87,ipv4,malicious-ip,medium,WHITE,ziyadnz/hourly-ipv4,ziyadnz|hourly,2026-08-17T18:48:05Z,2026-08-17T18:48:05Z,
100.29.192.88,ipv4,malicious-ip,medium,WHITE,ziyadnz/hourly-ipv4,ziyadnz|hourly,2026-08-17T18:48:05Z,2026-08-17T18:48:05Z,
100.29.192.89,ipv4,malicious-ip,medium,WHITE,ziyadnz/hourly-ipv4,ziyadnz|hourly,2026-08-17T18:48:05Z,2026-08-17T18:48:05Z,
100.29.192.9,ipv4,malicious-ip,medium,WHITE,ziyadnz/hourly-ipv4,ziyadnz|hourly,2026-08-17T18:48:05Z,2026-08-17T18:48:05Z,
100.29.192.90,ipv4,malicious-ip,medium,WHITE,ziyadnz/hourly-ipv4,ziyadnz|hourly,2026-08-17T18:48:05Z,2026-08-17T18:48:05Z,
100.29.192.91,ipv4,malicious-ip,medium,WHITE,ziyadnz/hourly-ipv4,ziyadnz|hourly,2026-08-17T18:48:05Z,2026-08-17T18:48:05Z,
100.29.192.92,ipv4,malicious-ip,medium,WHITE,ziyadnz/hourly-ipv4,ziyadnz|hourly,2026-08-17T18:48:05Z,2026-08-17T18:48:05Z,
100.29.192.93,ipv4,malicious-ip,medium,WHITE,ziyadnz/hourly-ipv4,ziyadnz|hourly,2026-08-17T18:48:05Z,2026-08-17T18:48:05Z,
100.29.192.94,ipv4,malicious-ip,medium,WHITE,ziyadnz/hourly-ipv4,ziyadnz|hourly,2026-08-17T18:48:05Z,2026-08-17T18:48:05Z,
100.29.192.95,ipv4,malicious-ip,medium,WHITE,ziyadnz/hourly-ipv4,ziyadnz|hourly,2026-08-17T18:48:05Z,2026-08-17T18:48:05Z,
100.29.192.96,ipv4,malicious-ip,medium,WHITE,ziyadnz/hourly-ipv4,ziyadnz|hourly,2026-08-17T18:48:05Z,2026-08-17T18:48:05Z,
100.29.192.97,ipv4,malicious-ip,medium,WHITE,ziyadnz/hourly-ipv4,ziyadnz|hourly,2026-08-17T18:48:05Z,2026-08-17T18:48:05Z,
100.29.192.98,ipv4,malicious-ip,medium,WHITE,ziyadnz/hourly-ipv4,ziyadnz|hourly,2026-08-17T18:48:05Z,2026-08-17T18:48:05Z,
100.29.192.99,ipv4,malicious-ip,medium,WHITE,ziyadnz/hourly-ipv4,ziyadnz|hourly,2026-08-17T18:48:05Z,2026-08-17T18:48:05Z,
100.29.34.97,ipv4,malicious-ip,medium,WHITE,ziyadnz/hourly-ipv4,ziyadnz|hourly,2026-08-17T18:48:05Z,2026-08-17T18:48:05Z,
100.29.63.24,ipv4,malicious-ip,medium,WHITE,ziyadnz/hourly-ipv4,ziyadnz|hourly,2026-08-17T18:48:05Z,2026-08-17T18:48:05Z,
100.31.87.143,ipv4,malicious-ip,medium,WHITE,ziyadnz/hourly-ipv4,ziyadnz|hourly,2026-08-17T18:48:05Z,2026-08-17T18:48:05Z,
100.33.147.38,ipv4,malicious-ip,medium,WHITE,ziyadnz/hourly-ipv4,ziyadnz|hourly,2026-08-17T18:48:05Z,2026-08-17T18:48:05Z,
100.34.245.41,ipv4,malicious-ip,medium,WHITE,ziyadnz/hourly-ipv4,ziyadnz|hourly,2026-08-17T18:48:05Z,2026-08-17T18:48:05Z,
100.34.98.190,ipv4,malicious-ip,medium,WHITE,ziyadnz/hourly-ipv4,ziyadnz|hourly,2026-08-17T18:48:05Z,2026-08-17T18:48:05Z,
100.36.229.229,ipv4,malicious-ip,medium,WHITE,ziyadnz/hourly-ipv4,ziyadnz|hourly,2026-08-17T18:48:05Z,2026-08-17T18:48:05Z,
100.36.229.89,ipv4,malicious-ip,medium,WHITE,ziyadnz/hourly-ipv4,ziyadnz|hourly,2026-08-17T18:48:05Z,2026-08-17T18:48:05Z,
100.38.242.113,ipv4,malicious-ip,medium,WHITE,ziyadnz/hourly-ipv4,ziyadnz|hourly,2026-08-17T18:48:05Z,2026-08-17T18:48:05Z,
100.38.99.65,ipv4,malicious-ip,medium,WHITE,ziyadnz/hourly-ipv4,ziyadnz|hourly,2026-08-17T18:48:05Z,2026-08-17T18:48:05Z,
100.49.117.77,ipv4,malicious-ip,medium,WHITE,ziyadnz/hourly-ipv4,ziyadnz|hourly,2026-08-17T18:48:05Z,2026-08-17T18:48:05Z,
100.49.157.156,ipv4,malicious-ip,medium,WHITE,ziyadnz/hourly-ipv4,ziyadnz|hourly,2026-08-17T18:48:05Z,2026-08-17T18:48:05Z,
100.50.17.159,ipv4,malicious-ip,medium,WHITE,ziyadnz/hourly-ipv4,ziyadnz|hourly,2026-08-17T18:48:05Z,2026-08-17T18:48:05Z,
100.51.6.16,ipv4,malicious-ip,medium,WHITE,ziyadnz/hourly-ipv4,ziyadnz|hourly,2026-08-17T18:48:05Z,2026-08-17T18:48:05Z,
100.52.249.240,ipv4,malicious-ip,medium,WHITE,ziyadnz/hourly-ipv4,ziyadnz|hourly,2026-08-17T18:48:05Z,2026-08-17T18:48:05Z,
100.53.142.137,ipv4,malicious-ip,medium,WHITE,ziyadnz/hourly-ipv4,ziyadnz|hourly,2026-08-17T18:48:05Z,2026-08-17T18:48:05Z,
100.53.85.177,ipv4,malicious-ip,medium,WHITE,ziyadnz/hourly-ipv4,ziyadnz|hourly,2026-08-17T18:48:05Z,2026-08-17T18:48:05Z,
100.53.92.177,ipv4,malicious-ip,medium,WHITE,ziyadnz/hourly-ipv4,ziyadnz|hourly,2026-08-17T18:48:05Z,2026-08-17T18:48:05Z,
100.54.143.192,ipv4,malicious-ip,medium,WHITE,ziyadnz/hourly-ipv4,ziyadnz|hourly,2026-08-17T18:48:05Z,2026-08-17T18:48:05Z,
100.54.149.28,ipv4,malicious-ip,medium,WHITE,ziyadnz/hourly-ipv4,ziyadnz|hourly,2026-08-17T18:48:05Z,2026-08-17T18:48:05Z,
100.54.213.131,ipv4,malicious-ip,medium,WHITE,ziyadnz/hourly-ipv4,ziyadnz|hourly,2026-08-17T18:48:05Z,2026-08-17T18:48:05Z,
100.55.1.14,ipv4,malicious-ip,medium,WHITE,ziyadnz/hourly-ipv4,ziyadnz|hourly,2026-08-17T18:48:05Z,2026-08-17T18:48:05Z,
100.55.101.168,ipv4,malicious-ip,medium,WHITE,ziyadnz/hourly-ipv4,ziyadnz|hourly,2026-08-17T18:48:05Z,2026-08-17T18:48:05Z,
100.55.48.57,ipv4,malicious-ip,medium,WHITE,ziyadnz/hourly-ipv4,ziyadnz|hourly,2026-08-17T18:48:05Z,2026-08-17T18:48:05Z,
100.55.74.174,ipv4,malicious-ip,medium,WHITE,ziyadnz/hourly-ipv4,ziyadnz|hourly,2026-08-17T18:48:05Z,2026-08-17T18:48:05Z,
100.55.80.54,ipv4,malicious-ip,medium,WHITE,ziyadnz/hourly-ipv4,ziyadnz|hourly,2026-08-17T18:48:05Z,2026-08-17T18:48:05Z,
100.58.113.108,ipv4,malicious-ip,medium,WHITE,ziyadnz/hourly-ipv4,ziyadnz|hourly,2026-08-17T18:48:05Z,2026-08-17T18:48:05Z,
100.58.116.226,ipv4,malicious-ip,medium,WHITE,ziyadnz/hourly-ipv4,ziyadnz|hourly,2026-08-17T18:48:05Z,2026-08-17T18:48:05Z,
100.58.171.235,ipv4,malicious-ip,medium,WHITE,ziyadnz/hourly-ipv4,ziyadnz|hourly,2026-08-17T18:48:05Z,2026-08-17T18:48:05Z,
100.58.203.239,ipv4,malicious-ip,medium,WHITE,ziyadnz/hourly-ipv4,ziyadnz|hourly,2026-08-17T18:48:05Z,2026-08-17T18:48:05Z,
100.59.195.187,ipv4,malicious-ip,medium,WHITE,ziyadnz/hourly-ipv4,ziyadnz|hourly,2026-08-17T18:48:05Z,2026-08-17T18:48:05Z,
100.59.196.196,ipv4,malicious-ip,medium,WHITE,ziyadnz/hourly-ipv4,ziyadnz|hourly,2026-08-17T18:48:05Z,2026-08-17T18:48:05Z,
100.59.45.97,ipv4,malicious-ip,medium,WHITE,ziyadnz/hourly-ipv4,ziyadnz|hourly,2026-08-17T18:48:05Z,2026-08-17T18:48:05Z,
100.8.234.232,ipv4,malicious-ip,medium,WHITE,ziyadnz/hourly-ipv4,ziyadnz|hourly,2026-08-17T18:48:05Z,2026-08-17T18:48:05Z,
101.100.176.199,ipv4,malicious-ip,medium,WHITE,ziyadnz/hourly-ipv4,ziyadnz|hourly,2026-08-17T18:48:05Z,2026-08-17T18:48:05Z,
101.100.194.199,ipv4,malicious-ip,medium,WHITE,ziyadnz/hourly-ipv4,ziyadnz|hourly,2026-08-17T18:48:05Z,2026-08-17T18:48:05Z,
101.100.200.28,ipv4,malicious-ip,medium,WHITE,ziyadnz/hourly-ipv4,ziyadnz|hourly,2026-08-17T18:48:05Z,2026-08-17T18:48:05Z,
101.108.117.28,ipv4,malicious-ip,medium,WHITE,ziyadnz/hourly-ipv4,ziyadnz|hourly,2026-08-17T18:48:05Z,2026-08-17T18:48:05Z,
101.108.203.27,ipv4,malicious-ip,medium,WHITE,ziyadnz/hourly-ipv4,ziyadnz|hourly,2026-08-17T18:48:05Z,2026-08-17T18:48:05Z,
101.108.244.230,ipv4,malicious-ip,medium,WHITE,ziyadnz/hourly-ipv4,ziyadnz|hourly,2026-08-17T18:48:05Z,2026-08-17T18:48:05Z,
101.108.3.117,ipv4,malicious-ip,medium,WHITE,ziyadnz/hourly-ipv4,ziyadnz|hourly,2026-08-17T18:48:05Z,2026-08-17T18:48:05Z,
101.108.44.48,ipv4,malicious-ip,medium,WHITE,ziyadnz/hourly-ipv4,ziyadnz|hourly,2026-08-17T18:48:05Z,2026-08-17T18:48:05Z,
101.108.50.179,ipv4,malicious-ip,medium,WHITE,ziyadnz/hourly-ipv4,ziyadnz|hourly,2026-08-17T18:48:05Z,2026-08-17T18:48:05Z,
101.108.51.244,ipv4,malicious-ip,medium,WHITE,ziyadnz/hourly-ipv4,ziyadnz|hourly,2026-08-17T18:48:05Z,2026-08-17T18:48:05Z,
101.108.78.38,ipv4,malicious-ip,medium,WHITE,ziyadnz/hourly-ipv4,ziyadnz|hourly,2026-08-17T18:48:05Z,2026-08-17T18:48:05Z,
101.109.119.114,ipv4,malicious-ip,medium,WHITE,ziyadnz/hourly-ipv4,ziyadnz|hourly,2026-08-17T18:48:05Z,2026-08-17T18:48:05Z,
101.109.138.4,ipv4,malicious-ip,medium,WHITE,ziyadnz/hourly-ipv4,ziyadnz|hourly,2026-08-17T18:48:05Z,2026-08-17T18:48:05Z,
101.109.2.250,ipv4,malicious-ip,medium,WHITE,ziyadnz/hourly-ipv4,ziyadnz|hourly,2026-08-17T18:48:05Z,2026-08-17T18:48:05Z,
101.109.219.135,ipv4,malicious-ip,medium,WHITE,ziyadnz/hourly-ipv4,ziyadnz|hourly,2026-08-17T18:48:05Z,2026-08-17T18:48:05Z,
101.12.127.0,ipv4,malicious-ip,medium,WHITE,ziyadnz/hourly-ipv4,ziyadnz|hourly,2026-08-17T18:48:05Z,2026-08-17T18:48:05Z,
101.126.130.208,ipv4,malicious-ip,medium,WHITE,ziyadnz/hourly-ipv4,ziyadnz|hourly,2026-08-17T18:48:05Z,2026-08-17T18:48:05Z,
101.126.130.65,ipv4,malicious-ip,medium,WHITE,ziyadnz/hourly-ipv4,ziyadnz|hourly,2026-08-17T18:48:05Z,2026-08-17T18:48:05Z,
101.126.138.178,ipv4,malicious-ip,medium,WHITE,ziyadnz/hourly-ipv4,ziyadnz|hourly,2026-08-17T18:48:05Z,2026-08-17T18:48:05Z,
101.126.141.163,ipv4,malicious-ip,medium,WHITE,ziyadnz/hourly-ipv4,ziyadnz|hourly,2026-08-17T18:48:05Z,2026-08-17T18:48:05Z,
101.126.141.180,ipv4,malicious-ip,medium,WHITE,ziyadnz/hourly-ipv4,ziyadnz|hourly,2026-08-17T18:48:05Z,2026-08-17T18:48:05Z,
101.126.143.152,ipv4,malicious-ip,medium,WHITE,ziyadnz/hourly-ipv4,ziyadnz|hourly,2026-08-17T18:48:05Z,2026-08-17T18:48:05Z,
101.126.146.145,ipv4,malicious-ip,medium,WHITE,ziyadnz/hourly-ipv4,ziyadnz|hourly,2026-08-17T18:48:05Z,2026-08-17T18:48:05Z,
101.126.153.162,ipv4,malicious-ip,medium,WHITE,ziyadnz/hourly-ipv4,ziyadnz|hourly,2026-08-17T18:48:05Z,2026-08-17T18:48:05Z,
101.126.155.86,ipv4,malicious-ip,medium,WHITE,ziyadnz/hourly-ipv4,ziyadnz|hourly,2026-08-17T18:48:05Z,2026-08-17T18:48:05Z,
101.126.157.138,ipv4,malicious-ip,medium,WHITE,ziyadnz/hourly-ipv4,ziyadnz|hourly,2026-08-17T18:48:05Z,2026-08-17T18:48:05Z,
101.126.159.233,ipv4,malicious-ip,medium,WHITE,ziyadnz/hourly-ipv4,ziyadnz|hourly,2026-08-17T18:48:05Z,2026-08-17T18:48:05Z,
101.126.18.30,ipv4,malicious-ip,medium,WHITE,ziyadnz/hourly-ipv4,ziyadnz|hourly,2026-08-17T18:48:05Z,2026-08-17T18:48:05Z,
101.126.20.195,ipv4,malicious-ip,medium,WHITE,ziyadnz/hourly-ipv4,ziyadnz|hourly,2026-08-17T18:48:05Z,2026-08-17T18:48:05Z,
101.126.22.12,ipv4,malicious-ip,medium,WHITE,ziyadnz/hourly-ipv4,ziyadnz|hourly,2026-08-17T18:48:05Z,2026-08-17T18:48:05Z,
101.126.23.159,ipv4,malicious-ip,medium,WHITE,ziyadnz/hourly-ipv4,ziyadnz|hourly,2026-08-17T18:48:05Z,2026-08-17T18:48:05Z,
101.126.24.58,ipv4,malicious-ip,medium,WHITE,ziyadnz/hourly-ipv4,ziyadnz|hourly,2026-08-17T18:48:05Z,2026-08-17T18:48:05Z,
101.126.24.71,ipv4,malicious-ip,medium,WHITE,ziyadnz/hourly-ipv4,ziyadnz|hourly,2026-08-17T18:48:05Z,2026-08-17T18:48:05Z,
101.126.26.93,ipv4,malicious-ip,medium,WHITE,ziyadnz/hourly-ipv4,ziyadnz|hourly,2026-08-17T18:48:05Z,2026-08-17T18:48:05Z,
101.126.30.240,ipv4,malicious-ip,medium,WHITE,ziyadnz/hourly-ipv4,ziyadnz|hourly,2026-08-17T18:48:05Z,2026-08-17T18:48:05Z,
101.126.35.9,ipv4,malicious-ip,medium,WHITE,ziyadnz/hourly-ipv4,ziyadnz|hourly,2026-08-17T18:48:05Z,2026-08-17T18:48:05Z,
101.126.4.10,ipv4,malicious-ip,medium,WHITE,ziyadnz/hourly-ipv4,ziyadnz|hourly,2026-08-17T18:48:05Z,2026-08-17T18:48:05Z,
101.126.46.108,ipv4,malicious-ip,medium,WHITE,ziyadnz/hourly-ipv4,ziyadnz|hourly,2026-08-17T18:48:05Z,2026-08-17T18:48:05Z,
101.126.53.14,ipv4,malicious-ip,medium,WHITE,ziyadnz/hourly-ipv4,ziyadnz|hourly,2026-08-17T18:48:05Z,2026-08-17T18:48:05Z,
101.126.54.23,ipv4,malicious-ip,medium,WHITE,ziyadnz/hourly-ipv4,ziyadnz|hourly,2026-08-17T18:48:05Z,2026-08-17T18:48:05Z,
101.126.54.245,ipv4,malicious-ip,medium,WHITE,ziyadnz/hourly-ipv4,ziyadnz|hourly,2026-08-17T18:48:05Z,2026-08-17T18:48:05Z,
101.126.54.36,ipv4,malicious-ip,medium,WHITE,ziyadnz/hourly-ipv4,ziyadnz|hourly,2026-08-17T18:48:05Z,2026-08-17T18:48:05Z,
101.126.54.66,ipv4,malicious-ip,medium,WHITE,ziyadnz/hourly-ipv4,ziyadnz|hourly,2026-08-17T18:48:05Z,2026-08-17T18:48:05Z,
101.126.54.95,ipv4,malicious-ip,medium,WHITE,ziyadnz/hourly-ipv4,ziyadnz|hourly,2026-08-17T18:48:05Z,2026-08-17T18:48:05Z,
101.126.55.179,ipv4,malicious-ip,medium,WHITE,ziyadnz/hourly-ipv4,ziyadnz|hourly,2026-08-17T18:48:05Z,2026-08-17T18:48:05Z,
101.126.55.63,ipv4,malicious-ip,medium,WHITE,ziyadnz/hourly-ipv4,ziyadnz|hourly,2026-08-17T18:48:05Z,2026-08-17T18:48:05Z,
101.126.55.67,ipv4,malicious-ip,medium,WHITE,ziyadnz/hourly-ipv4,ziyadnz|hourly,2026-08-17T18:48:05Z,2026-08-17T18:48:05Z,
101.126.59.25,ipv4,malicious-ip,medium,WHITE,ziyadnz/hourly-ipv4,ziyadnz|hourly,2026-08-17T18:48:05Z,2026-08-17T18:48:05Z,
101.126.59.251,ipv4,malicious-ip,medium,WHITE,ziyadnz/hourly-ipv4,ziyadnz|hourly,2026-08-17T18:48:05Z,2026-08-17T18:48:05Z,
101.126.59.29,ipv4,malicious-ip,medium,WHITE,ziyadnz/hourly-ipv4,ziyadnz|hourly,2026-08-17T18:48:05Z,2026-08-17T18:48:05Z,
101.126.60.134,ipv4,malicious-ip,medium,WHITE,ziyadnz/hourly-ipv4,ziyadnz|hourly,2026-08-17T18:48:05Z,2026-08-17T18:48:05Z,
101.126.60.146,ipv4,malicious-ip,medium,WHITE,ziyadnz/hourly-ipv4,ziyadnz|hourly,2026-08-17T18:48:05Z,2026-08-17T18:48:05Z,
101.126.60.190,ipv4,malicious-ip,medium,WHITE,ziyadnz/hourly-ipv4,ziyadnz|hourly,2026-08-17T18:48:05Z,2026-08-17T18:48:05Z,
101.126.60.53,ipv4,malicious-ip,medium,WHITE,ziyadnz/hourly-ipv4,ziyadnz|hourly,2026-08-17T18:48:05Z,2026-08-17T18:48:05Z,
101.126.66.30,ipv4,malicious-ip,medium,WHITE,ziyadnz/hourly-ipv4,ziyadnz|hourly,2026-08-17T18:48:05Z,2026-08-17T18:48:05Z,
101.126.67.70,ipv4,malicious-ip,medium,WHITE,ziyadnz/hourly-ipv4,ziyadnz|hourly,2026-08-17T18:48:05Z,2026-08-17T18:48:05Z,
101.126.68.11,ipv4,malicious-ip,medium,WHITE,ziyadnz/hourly-ipv4,ziyadnz|hourly,2026-08-17T18:48:05Z,2026-08-17T18:48:05Z,
101.126.71.100,ipv4,malicious-ip,medium,WHITE,ziyadnz/hourly-ipv4,ziyadnz|hourly,2026-08-17T18:48:05Z,2026-08-17T18:48:05Z,
101.126.81.144,ipv4,malicious-ip,medium,WHITE,ziyadnz/hourly-ipv4,ziyadnz|hourly,2026-08-17T18:48:05Z,2026-08-17T18:48:05Z,
101.126.81.18,ipv4,malicious-ip,medium,WHITE,ziyadnz/hourly-ipv4,ziyadnz|hourly,2026-08-17T18:48:05Z,2026-08-17T18:48:05Z,
101.126.81.213,ipv4,malicious-ip,medium,WHITE,ziyadnz/hourly-ipv4,ziyadnz|hourly,2026-08-17T18:48:05Z,2026-08-17T18:48:05Z,
101.126.82.218,ipv4,malicious-ip,medium,WHITE,ziyadnz/hourly-ipv4,ziyadnz|hourly,2026-08-17T18:48:05Z,2026-08-17T18:48:05Z,
101.126.85.58,ipv4,malicious-ip,medium,WHITE,ziyadnz/hourly-ipv4,ziyadnz|hourly,2026-08-17T18:48:05Z,2026-08-17T18:48:05Z,
101.126.86.90,ipv4,malicious-ip,medium,WHITE,ziyadnz/hourly-ipv4,ziyadnz|hourly,2026-08-17T18:48:05Z,2026-08-17T18:48:05Z,
101.126.88.251,ipv4,malicious-ip,medium,WHITE,ziyadnz/hourly-ipv4,ziyadnz|hourly,2026-08-17T18:48:05Z,2026-08-17T18:48:05Z,
101.126.89.144,ipv4,malicious-ip,medium,WHITE,ziyadnz/hourly-ipv4,ziyadnz|hourly,2026-08-17T18:48:05Z,2026-08-17T18:48:05Z,
101.126.89.164,ipv4,malicious-ip,medium,WHITE,ziyadnz/hourly-ipv4,ziyadnz|hourly,2026-08-17T18:48:05Z,2026-08-17T18:48:05Z,
101.126.91.34,ipv4,malicious-ip,medium,WHITE,ziyadnz/hourly-ipv4,ziyadnz|hourly,2026-08-17T18:48:05Z,2026-08-17T18:48:05Z,
101.126.95.172,ipv4,malicious-ip,medium,WHITE,ziyadnz/hourly-ipv4,ziyadnz|hourly,2026-08-17T18:48:05Z,2026-08-17T18:48:05Z,
101.128.100.33,ipv4,malicious-ip,medium,WHITE,ziyadnz/hourly-ipv4,ziyadnz|hourly,2026-08-17T18:48:05Z,2026-08-17T18:48:05Z,
101.128.109.250,ipv4,malicious-ip,medium,WHITE,ziyadnz/hourly-ipv4,ziyadnz|hourly,2026-08-17T18:48:05Z,2026-08-17T18:48:05Z,
101.128.205.6,ipv4,malicious-ip,medium,WHITE,ziyadnz/hourly-ipv4,ziyadnz|hourly,2026-08-17T18:48:05Z,2026-08-17T18:48:05Z,
101.128.94.203,ipv4,malicious-ip,medium,WHITE,ziyadnz/hourly-ipv4,ziyadnz|hourly,2026-08-17T18:48:05Z,2026-08-17T18:48:05Z,
101.128.99.142,ipv4,malicious-ip,medium,WHITE,ziyadnz/hourly-ipv4,ziyadnz|hourly,2026-08-17T18:48:05Z,2026-08-17T18:48:05Z,
101.13.0.53,ipv4,malicious-ip,medium,WHITE,ziyadnz/hourly-ipv4,ziyadnz|hourly,2026-08-17T18:48:05Z,2026-08-17T18:48:05Z,
101.13.1.75,ipv4,malicious-ip,medium,WHITE,ziyadnz/hourly-ipv4,ziyadnz|hourly,2026-08-17T18:48:05Z,2026-08-17T18:48:05Z,
101.13.2.183,ipv4,malicious-ip,medium,WHITE,ziyadnz/hourly-ipv4,ziyadnz|hourly,2026-08-17T18:48:05Z,2026-08-17T18:48:05Z,
101.13.5.0,ipv4,malicious-ip,medium,WHITE,ziyadnz/hourly-ipv4,ziyadnz|hourly,2026-08-17T18:48:05Z,2026-08-17T18:48:05Z,
101.13.5.26,ipv4,malicious-ip,medium,WHITE,ziyadnz/hourly-ipv4,ziyadnz|hourly,2026-08-17T18:48:05Z,2026-08-17T18:48:05Z,
101.13.5.34,ipv4,malicious-ip,medium,WHITE,ziyadnz/hourly-ipv4,ziyadnz|hourly,2026-08-17T18:48:05Z,2026-08-17T18:48:05Z,
101.13.5.50,ipv4,malicious-ip,medium,WHITE,ziyadnz/hourly-ipv4,ziyadnz|hourly,2026-08-17T18:48:05Z,2026-08-17T18:48:05Z,
101.132.144.220,ipv4,malicious-ip,medium,WHITE,ziyadnz/hourly-ipv4,ziyadnz|hourly,2026-08-17T18:48:05Z,2026-08-17T18:48:05Z,
101.132.145.132,ipv4,malicious-ip,medium,WHITE,ziyadnz/hourly-ipv4,ziyadnz|hourly,2026-08-17T18:48:05Z,2026-08-17T18:48:05Z,
101.132.150.56,ipv4,malicious-ip,medium,WHITE,ziyadnz/hourly-ipv4,ziyadnz|hourly,2026-08-17T18:48:05Z,2026-08-17T18:48:05Z,
101.132.180.130,ipv4,malicious-ip,medium,WHITE,ziyadnz/hourly-ipv4,ziyadnz|hourly,2026-08-17T18:48:05Z,2026-08-17T18:48:05Z,
101.132.248.251,ipv4,malicious-ip,medium,WHITE,ziyadnz/hourly-ipv4,ziyadnz|hourly,2026-08-17T18:48:05Z,2026-08-17T18:48:05Z,
101.132.85.130,ipv4,malicious-ip,medium,WHITE,ziyadnz/hourly-ipv4,ziyadnz|hourly,2026-08-17T18:48:05Z,2026-08-17T18:48:05Z,
101.133.169.42,ipv4,malicious-ip,medium,WHITE,ziyadnz/hourly-ipv4,ziyadnz|hourly,2026-08-17T18:48:05Z,2026-08-17T18:48:05Z,
101.133.170.17,ipv4,malicious-ip,medium,WHITE,ziyadnz/hourly-ipv4,ziyadnz|hourly,2026-08-17T18:48:05Z,2026-08-17T18:48:05Z,
101.133.171.60,ipv4,malicious-ip,medium,WHITE,ziyadnz/hourly-ipv4,ziyadnz|hourly,2026-08-17T18:48:05Z,2026-08-17T18:48:05Z,
101.166.1.122,ipv4,malicious-ip,medium,WHITE,ziyadnz/hourly-ipv4,ziyadnz|hourly,2026-08-17T18:48:05Z,2026-08-17T18:48:05Z,
101.168.18.254,ipv4,malicious-ip,medium,WHITE,ziyadnz/hourly-ipv4,ziyadnz|hourly,2026-08-17T18:48:05Z,2026-08-17T18:48:05Z,
101.168.38.82,ipv4,malicious-ip,medium,WHITE,ziyadnz/hourly-ipv4,ziyadnz|hourly,2026-08-17T18:48:05Z,2026-08-17T18:48:05Z,
101.18.245.28,ipv4,malicious-ip,medium,WHITE,ziyadnz/hourly-ipv4,ziyadnz|hourly,2026-08-17T18:48:05Z,2026-08-17T18:48:05Z,
101.19.93.137,ipv4,malicious-ip,medium,WHITE,ziyadnz/hourly-ipv4,ziyadnz|hourly,2026-08-17T18:48:05Z,2026-08-17T18:48:05Z,
101.2.164.22,ipv4,malicious-ip,medium,WHITE,ziyadnz/hourly-ipv4,ziyadnz|hourly,2026-08-17T18:48:05Z,2026-08-17T18:48:05Z,
101.200.1.98,ipv4,malicious-ip,medium,WHITE,ziyadnz/hourly-ipv4,ziyadnz|hourly,2026-08-17T18:48:05Z,2026-08-17T18:48:05Z,
101.200.124.12,ipv4,malicious-ip,medium,WHITE,ziyadnz/hourly-ipv4,ziyadnz|hourly,2026-08-17T18:48:05Z,2026-08-17T18:48:05Z,
101.200.182.12,ipv4,malicious-ip,medium,WHITE,ziyadnz/hourly-ipv4,ziyadnz|hourly,2026-08-17T18:48:05Z,2026-08-17T18:48:05Z,
101.200.209.238,ipv4,malicious-ip,medium,WHITE,ziyadnz/hourly-ipv4,ziyadnz|hourly,2026-08-17T18:48:05Z,2026-08-17T18:48:05Z,
101.200.221.177,ipv4,malicious-ip,medium,WHITE,ziyadnz/hourly-ipv4,ziyadnz|hourly,2026-08-17T18:48:05Z,2026-08-17T18:48:05Z,
101.200.236.207,ipv4,malicious-ip,medium,WHITE,ziyadnz/hourly-ipv4,ziyadnz|hourly,2026-08-17T18:48:05Z,2026-08-17T18:48:05Z,
101.200.242.201,ipv4,malicious-ip,medium,WHITE,ziyadnz/hourly-ipv4,ziyadnz|hourly,2026-08-17T18:48:05Z,2026-08-17T18:48:05Z,
101.200.48.48,ipv4,malicious-ip,medium,WHITE,ziyadnz/hourly-ipv4,ziyadnz|hourly,2026-08-17T18:48:05Z,2026-08-17T18:48:05Z,
101.200.52.133,ipv4,malicious-ip,medium,WHITE,ziyadnz/hourly-ipv4,ziyadnz|hourly,2026-08-17T18:48:05Z,2026-08-17T18:48:05Z,
101.200.53.56,ipv4,malicious-ip,medium,WHITE,ziyadnz/hourly-ipv4,ziyadnz|hourly,2026-08-17T18:48:05Z,2026-08-17T18:48:05Z,
101.200.57.251,ipv4,malicious-ip,medium,WHITE,ziyadnz/hourly-ipv4,ziyadnz|hourly,2026-08-17T18:48:05Z,2026-08-17T18:48:05Z,
101.200.89.8,ipv4,malicious-ip,medium,WHITE,ziyadnz/hourly-ipv4,ziyadnz|hourly,2026-08-17T18:48:05Z,2026-08-17T18:48:05Z,
101.200.91.177,ipv4,malicious-ip,medium,WHITE,ziyadnz/hourly-ipv4,ziyadnz|hourly,2026-08-17T18:48:05Z,2026-08-17T18:48:05Z,
101.201.104.216,ipv4,malicious-ip,medium,WHITE,ziyadnz/hourly-ipv4,ziyadnz|hourly,2026-08-17T18:48:05Z,2026-08-17T18:48:05Z,
101.201.213.210,ipv4,malicious-ip,medium,WHITE,ziyadnz/hourly-ipv4,ziyadnz|hourly,2026-08-17T18:48:05Z,2026-08-17T18:48:05Z,
101.201.226.38,ipv4,malicious-ip,medium,WHITE,ziyadnz/hourly-ipv4,ziyadnz|hourly,2026-08-17T18:48:05Z,2026-08-17T18:48:05Z,
101.201.244.107,ipv4,malicious-ip,medium,WHITE,ziyadnz/hourly-ipv4,ziyadnz|hourly,2026-08-17T18:48:05Z,2026-08-17T18:48:05Z,
101.201.48.177,ipv4,malicious-ip,medium,WHITE,ziyadnz/hourly-ipv4,ziyadnz|hourly,2026-08-17T18:48:05Z,2026-08-17T18:48:05Z,
101.201.67.225,ipv4,malicious-ip,medium,WHITE,ziyadnz/hourly-ipv4,ziyadnz|hourly,2026-08-17T18:48:05Z,2026-08-17T18:48:05Z,
101.201.71.54,ipv4,malicious-ip,medium,WHITE,ziyadnz/hourly-ipv4,ziyadnz|hourly,2026-08-17T18:48:05Z,2026-08-17T18:48:05Z,
101.204.251.227,ipv4,malicious-ip,medium,WHITE,ziyadnz/hourly-ipv4,ziyadnz|hourly,2026-08-17T18:48:05Z,2026-08-17T18:48:05Z,
101.204.251.228,ipv4,malicious-ip,medium,WHITE,ziyadnz/hourly-ipv4,ziyadnz|hourly,2026-08-17T18:48:05Z,2026-08-17T18:48:05Z,
101.204.251.231,ipv4,malicious-ip,medium,WHITE,ziyadnz/hourly-ipv4,ziyadnz|hourly,2026-08-17T18:48:05Z,2026-08-17T18:48:05Z,
101.206.108.12,ipv4,malicious-ip,medium,WHITE,ziyadnz/hourly-ipv4,ziyadnz|hourly,2026-08-17T18:48:05Z,2026-08-17T18:48:05Z,
101.206.108.14,ipv4,malicious-ip,medium,WHITE,ziyadnz/hourly-ipv4,ziyadnz|hourly,2026-08-17T18:48:05Z,2026-08-17T18:48:05Z,
101.207.217.215,ipv4,malicious-ip,medium,WHITE,ziyadnz/hourly-ipv4,ziyadnz|hourly,2026-08-17T18:48:05Z,2026-08-17T18:48:05Z,
101.21.17.81,ipv4,malicious-ip,medium,WHITE,ziyadnz/hourly-ipv4,ziyadnz|hourly,2026-08-17T18:48:05Z,2026-08-17T18:48:05Z,
101.227.203.162,ipv4,malicious-ip,medium,WHITE,ziyadnz/hourly-ipv4,ziyadnz|hourly,2026-08-17T18:48:05Z,2026-08-17T18:48:05Z,
101.228.23.17,ipv4,malicious-ip,medium,WHITE,ziyadnz/hourly-ipv4,ziyadnz|hourly,2026-08-17T18:48:05Z,2026-08-17T18:48:05Z,
101.23.44.57,ipv4,malicious-ip,medium,WHITE,ziyadnz/hourly-ipv4,ziyadnz|hourly,2026-08-17T18:48:05Z,2026-08-17T18:48:05Z,
101.230.144.128,ipv4,malicious-ip,medium,WHITE,ziyadnz/hourly-ipv4,ziyadnz|hourly,2026-08-17T18:48:05Z,2026-08-17T18:48:05Z,
101.231.133.210,ipv4,malicious-ip,medium,WHITE,ziyadnz/hourly-ipv4,ziyadnz|hourly,2026-08-17T18:48:05Z,2026-08-17T18:48:05Z,
101.231.208.70,ipv4,malicious-ip,medium,WHITE,ziyadnz/hourly-ipv4,ziyadnz|hourly,2026-08-17T18:48:05Z,2026-08-17T18:48:05Z,
101.234.129.60,ipv4,malicious-ip,medium,WHITE,ziyadnz/hourly-ipv4,ziyadnz|hourly,2026-08-17T18:48:05Z,2026-08-17T18:48:05Z,
101.235.199.214,ipv4,malicious-ip,medium,WHITE,ziyadnz/hourly-ipv4,ziyadnz|hourly,2026-08-17T18:48:05Z,2026-08-17T18:48:05Z,
101.237.38.4,ipv4,malicious-ip,medium,WHITE,ziyadnz/hourly-ipv4,ziyadnz|hourly,2026-08-17T18:48:05Z,2026-08-17T18:48:05Z,
101.245.66.101,ipv4,malicious-ip,medium,WHITE,ziyadnz/hourly-ipv4,ziyadnz|hourly,2026-08-17T18:48:05Z,2026-08-17T18:48:05Z,
101.25.69.157,ipv4,malicious-ip,medium,WHITE,ziyadnz/hourly-ipv4,ziyadnz|hourly,2026-08-17T18:48:05Z,2026-08-17T18:48:05Z,
101.251.197.46,ipv4,malicious-ip,medium,WHITE,ziyadnz/hourly-ipv4,ziyadnz|hourly,2026-08-17T18:48:05Z,2026-08-17T18:48:05Z,
101.255.111.193,ipv4,malicious-ip,medium,WHITE,ziyadnz/hourly-ipv4,ziyadnz|hourly,2026-08-17T18:48:05Z,2026-08-17T18:48:05Z,
101.255.119.42,ipv4,malicious-ip,medium,WHITE,ziyadnz/hourly-ipv4,ziyadnz|hourly,2026-08-17T18:48:05Z,2026-08-17T18:48:05Z,
101.255.125.2,ipv4,malicious-ip,medium,WHITE,ziyadnz/hourly-ipv4,ziyadnz|hourly,2026-08-17T18:48:05Z,2026-08-17T18:48:05Z,
101.255.162.176,ipv4,malicious-ip,medium,WHITE,ziyadnz/hourly-ipv4,ziyadnz|hourly,2026-08-17T18:48:05Z,2026-08-17T18:48:05Z,
101.255.21.89,ipv4,malicious-ip,medium,WHITE,ziyadnz/hourly-ipv4,ziyadnz|hourly,2026-08-17T18:48:05Z,2026-08-17T18:48:05Z,
101.255.82.164,ipv4,malicious-ip,medium,WHITE,ziyadnz/hourly-ipv4,ziyadnz|hourly,2026-08-17T18:48:05Z,2026-08-17T18:48:05Z,
101.26.221.188,ipv4,malicious-ip,medium,WHITE,ziyadnz/hourly-ipv4,ziyadnz|hourly,2026-08-17T18:48:05Z,2026-08-17T18:48:05Z,
101.26.30.13,ipv4,malicious-ip,medium,WHITE,ziyadnz/hourly-ipv4,ziyadnz|hourly,2026-08-17T18:48:05Z,2026-08-17T18:48:05Z,
101.26.42.109,ipv4,malicious-ip,medium,WHITE,ziyadnz/hourly-ipv4,ziyadnz|hourly,2026-08-17T18:48:05Z,2026-08-17T18:48:05Z,
101.27.148.236,ipv4,malicious-ip,medium,WHITE,ziyadnz/hourly-ipv4,ziyadnz|hourly,2026-08-17T18:48:05Z,2026-08-17T18:48:05Z,
101.28.238.157,ipv4,malicious-ip,medium,WHITE,ziyadnz/hourly-ipv4,ziyadnz|hourly,2026-08-17T18:48:05Z,2026-08-17T18:48:05Z,
101.29.183.219,ipv4,malicious-ip,medium,WHITE,ziyadnz/hourly-ipv4,ziyadnz|hourly,2026-08-17T18:48:05Z,2026-08-17T18:48:05Z,
101.29.213.87,ipv4,malicious-ip,medium,WHITE,ziyadnz/hourly-ipv4,ziyadnz|hourly,2026-08-17T18:48:05Z,2026-08-17T18:48:05Z,
101.29.254.253,ipv4,malicious-ip,medium,WHITE,ziyadnz/hourly-ipv4,ziyadnz|hourly,2026-08-17T18:48:05Z,2026-08-17T18:48:05Z,
101.30.129.217,ipv4,malicious-ip,medium,WHITE,ziyadnz/hourly-ipv4,ziyadnz|hourly,2026-08-17T18:48:05Z,2026-08-17T18:48:05Z,
101.30.195.233,ipv4,malicious-ip,medium,WHITE,ziyadnz/hourly-ipv4,ziyadnz|hourly,2026-08-17T18:48:05Z,2026-08-17T18:48:05Z,
101.31.111.238,ipv4,malicious-ip,medium,WHITE,ziyadnz/hourly-ipv4,ziyadnz|hourly,2026-08-17T18:48:05Z,2026-08-17T18:48:05Z,
101.31.129.229,ipv4,malicious-ip,medium,WHITE,ziyadnz/hourly-ipv4,ziyadnz|hourly,2026-08-17T18:48:05Z,2026-08-17T18:48:05Z,
101.31.199.213,ipv4,malicious-ip,medium,WHITE,ziyadnz/hourly-ipv4,ziyadnz|hourly,2026-08-17T18:48:05Z,2026-08-17T18:48:05Z,
101.31.202.97,ipv4,malicious-ip,medium,WHITE,ziyadnz/hourly-ipv4,ziyadnz|hourly,2026-08-17T18:48:05Z,2026-08-17T18:48:05Z,
101.31.247.151,ipv4,malicious-ip,medium,WHITE,ziyadnz/hourly-ipv4,ziyadnz|hourly,2026-08-17T18:48:05Z,2026-08-17T18:48:05Z,
101.32.1.25,ipv4,malicious-ip,medium,WHITE,ziyadnz/hourly-ipv4,ziyadnz|hourly,2026-08-17T18:48:05Z,2026-08-17T18:48:05Z,
101.32.108.79,ipv4,malicious-ip,medium,WHITE,ziyadnz/hourly-ipv4,ziyadnz|hourly,2026-08-17T18:48:05Z,2026-08-17T18:48:05Z,
101.32.109.156,ipv4,malicious-ip,medium,WHITE,ziyadnz/hourly-ipv4,ziyadnz|hourly,2026-08-17T18:48:05Z,2026-08-17T18:48:05Z,
101.32.128.193,ipv4,malicious-ip,medium,WHITE,ziyadnz/hourly-ipv4,ziyadnz|hourly,2026-08-17T18:48:05Z,2026-08-17T18:48:05Z,
101.32.141.254,ipv4,malicious-ip,medium,WHITE,ziyadnz/hourly-ipv4,ziyadnz|hourly,2026-08-17T18:48:05Z,2026-08-17T18:48:05Z,
101.32.145.199,ipv4,malicious-ip,medium,WHITE,ziyadnz/hourly-ipv4,ziyadnz|hourly,2026-08-17T18:48:05Z,2026-08-17T18:48:05Z,
101.32.15.141,ipv4,malicious-ip,medium,WHITE,ziyadnz/hourly-ipv4,ziyadnz|hourly,2026-08-17T18:48:05Z,2026-08-17T18:48:05Z,
101.32.170.173,ipv4,malicious-ip,medium,WHITE,ziyadnz/hourly-ipv4,ziyadnz|hourly,2026-08-17T18:48:05Z,2026-08-17T18:48:05Z,
101.32.191.177,ipv4,malicious-ip,medium,WHITE,ziyadnz/hourly-ipv4,ziyadnz|hourly,2026-08-17T18:48:05Z,2026-08-17T18:48:05Z,
101.32.208.70,ipv4,malicious-ip,medium,WHITE,ziyadnz/hourly-ipv4,ziyadnz|hourly,2026-08-17T18:48:05Z,2026-08-17T18:48:05Z,
101.32.244.206,ipv4,malicious-ip,medium,WHITE,ziyadnz/hourly-ipv4,ziyadnz|hourly,2026-08-17T18:48:05Z,2026-08-17T18:48:05Z,
101.32.244.49,ipv4,malicious-ip,medium,WHITE,ziyadnz/hourly-ipv4,ziyadnz|hourly,2026-08-17T18:48:05Z,2026-08-17T18:48:05Z,
101.32.248.94,ipv4,malicious-ip,medium,WHITE,ziyadnz/hourly-ipv4,ziyadnz|hourly,2026-08-17T18:48:05Z,2026-08-17T18:48:05Z,
101.32.251.22,ipv4,malicious-ip,medium,WHITE,ziyadnz/hourly-ipv4,ziyadnz|hourly,2026-08-17T18:48:05Z,2026-08-17T18:48:05Z,
101.32.26.154,ipv4,malicious-ip,medium,WHITE,ziyadnz/hourly-ipv4,ziyadnz|hourly,2026-08-17T18:48:05Z,2026-08-17T18:48:05Z,
101.32.33.214,ipv4,malicious-ip,medium,WHITE,ziyadnz/hourly-ipv4,ziyadnz|hourly,2026-08-17T18:48:05Z,2026-08-17T18:48:05Z,
101.32.49.171,ipv4,malicious-ip,medium,WHITE,ziyadnz/hourly-ipv4,ziyadnz|hourly,2026-08-17T18:48:05Z,2026-08-17T18:48:05Z,
101.32.51.96,ipv4,malicious-ip,medium,WHITE,ziyadnz/hourly-ipv4,ziyadnz|hourly,2026-08-17T18:48:05Z,2026-08-17T18:48:05Z,
101.32.52.164,ipv4,malicious-ip,medium,WHITE,ziyadnz/hourly-ipv4,ziyadnz|hourly,2026-08-17T18:48:05Z,2026-08-17T18:48:05Z,
101.33.117.200,ipv4,malicious-ip,medium,WHITE,ziyadnz/hourly-ipv4,ziyadnz|hourly,2026-08-17T18:48:05Z,2026-08-17T18:48:05Z,
101.33.243.31,ipv4,malicious-ip,medium,WHITE,ziyadnz/hourly-ipv4,ziyadnz|hourly,2026-08-17T18:48:05Z,2026-08-17T18:48:05Z,
101.33.55.172,ipv4,malicious-ip,medium,WHITE,ziyadnz/hourly-ipv4,ziyadnz|hourly,2026-08-17T18:48:05Z,2026-08-17T18:48:05Z,
101.33.55.204,ipv4,malicious-ip,medium,WHITE,ziyadnz/hourly-ipv4,ziyadnz|hourly,2026-08-17T18:48:05Z,2026-08-17T18:48:05Z,
101.33.66.34,ipv4,malicious-ip,medium,WHITE,ziyadnz/hourly-ipv4,ziyadnz|hourly,2026-08-17T18:48:05Z,2026-08-17T18:48:05Z,
101.33.68.177,ipv4,malicious-ip,medium,WHITE,ziyadnz/hourly-ipv4,ziyadnz|hourly,2026-08-17T18:48:05Z,2026-08-17T18:48:05Z,
101.33.73.215,ipv4,malicious-ip,medium,WHITE,ziyadnz/hourly-ipv4,ziyadnz|hourly,2026-08-17T18:48:05Z,2026-08-17T18:48:05Z,
101.33.78.145,ipv4,malicious-ip,medium,WHITE,ziyadnz/hourly-ipv4,ziyadnz|hourly,2026-08-17T18:48:05Z,2026-08-17T18:48:05Z,
101.34.229.53,ipv4,malicious-ip,medium,WHITE,ziyadnz/hourly-ipv4,ziyadnz|hourly,2026-08-17T18:48:05Z,2026-08-17T18:48:05Z,
101.34.54.16,ipv4,malicious-ip,medium,WHITE,ziyadnz/hourly-ipv4,ziyadnz|hourly,2026-08-17T18:48:05Z,2026-08-17T18:48:05Z,
101.34.55.202,ipv4,malicious-ip,medium,WHITE,ziyadnz/hourly-ipv4,ziyadnz|hourly,2026-08-17T18:48:05Z,2026-08-17T18:48:05Z,
101.34.59.249,ipv4,malicious-ip,medium,WHITE,ziyadnz/hourly-ipv4,ziyadnz|hourly,2026-08-17T18:48:05Z,2026-08-17T18:48:05Z,
101.34.76.191,ipv4,malicious-ip,medium,WHITE,ziyadnz/hourly-ipv4,ziyadnz|hourly,2026-08-17T18:48:05Z,2026-08-17T18:48:05Z,
101.34.83.230,ipv4,malicious-ip,medium,WHITE,ziyadnz/hourly-ipv4,ziyadnz|hourly,2026-08-17T18:48:05Z,2026-08-17T18:48:05Z,
101.35.214.114,ipv4,malicious-ip,medium,WHITE,ziyadnz/hourly-ipv4,ziyadnz|hourly,2026-08-17T18:48:05Z,2026-08-17T18:48:05Z,
101.35.227.48,ipv4,malicious-ip,medium,WHITE,ziyadnz/hourly-ipv4,ziyadnz|hourly,2026-08-17T18:48:05Z,2026-08-17T18:48:05Z,
101.35.228.115,ipv4,malicious-ip,medium,WHITE,ziyadnz/hourly-ipv4,ziyadnz|hourly,2026-08-17T18:48:05Z,2026-08-17T18:48:05Z,
101.35.232.236,ipv4,malicious-ip,medium,WHITE,ziyadnz/hourly-ipv4,ziyadnz|hourly,2026-08-17T18:48:05Z,2026-08-17T18:48:05Z,
101.35.241.45,ipv4,malicious-ip,medium,WHITE,ziyadnz/hourly-ipv4,ziyadnz|hourly,2026-08-17T18:48:05Z,2026-08-17T18:48:05Z,
101.35.247.92,ipv4,malicious-ip,medium,WHITE,ziyadnz/hourly-ipv4,ziyadnz|hourly,2026-08-17T18:48:05Z,2026-08-17T18:48:05Z,
101.35.248.174,ipv4,malicious-ip,medium,WHITE,ziyadnz/hourly-ipv4,ziyadnz|hourly,2026-08-17T18:48:05Z,2026-08-17T18:48:05Z,
101.35.251.162,ipv4,malicious-ip,medium,WHITE,ziyadnz/hourly-ipv4,ziyadnz|hourly,2026-08-17T18:48:05Z,2026-08-17T18:48:05Z,
101.35.52.129,ipv4,malicious-ip,medium,WHITE,ziyadnz/hourly-ipv4,ziyadnz|hourly,2026-08-17T18:48:05Z,2026-08-17T18:48:05Z,
101.35.8.240,ipv4,malicious-ip,medium,WHITE,ziyadnz/hourly-ipv4,ziyadnz|hourly,2026-08-17T18:48:05Z,2026-08-17T18:48:05Z,
101.36.104.239,ipv4,malicious-ip,medium,WHITE,ziyadnz/hourly-ipv4,ziyadnz|hourly,2026-08-17T18:48:05Z,2026-08-17T18:48:05Z,
101.36.104.46,ipv4,malicious-ip,medium,WHITE,ziyadnz/hourly-ipv4,ziyadnz|hourly,2026-08-17T18:48:05Z,2026-08-17T18:48:05Z,
101.36.105.50,ipv4,malicious-ip,medium,WHITE,ziyadnz/hourly-ipv4,ziyadnz|hourly,2026-08-17T18:48:05Z,2026-08-17T18:48:05Z,
101.36.105.94,ipv4,malicious-ip,medium,WHITE,ziyadnz/hourly-ipv4,ziyadnz|hourly,2026-08-17T18:48:05Z,2026-08-17T18:48:05Z,
101.36.106.109,ipv4,malicious-ip,medium,WHITE,ziyadnz/hourly-ipv4,ziyadnz|hourly,2026-08-17T18:48:05Z,2026-08-17T18:48:05Z,
101.36.106.134,ipv4,malicious-ip,medium,WHITE,ziyadnz/hourly-ipv4,ziyadnz|hourly,2026-08-17T18:48:05Z,2026-08-17T18:48:05Z,
101.36.106.145,ipv4,malicious-ip,medium,WHITE,ziyadnz/hourly-ipv4,ziyadnz|hourly,2026-08-17T18:48:05Z,2026-08-17T18:48:05Z,
101.36.106.162,ipv4,malicious-ip,medium,WHITE,ziyadnz/hourly-ipv4,ziyadnz|hourly,2026-08-17T18:48:05Z,2026-08-17T18:48:05Z,
101.36.106.78,ipv4,malicious-ip,medium,WHITE,ziyadnz/hourly-ipv4,ziyadnz|hourly,2026-08-17T18:48:05Z,2026-08-17T18:48:05Z,
101.36.106.89,ipv4,malicious-ip,medium,WHITE,ziyadnz/hourly-ipv4,ziyadnz|hourly,2026-08-17T18:48:05Z,2026-08-17T18:48:05Z,
101.36.107.65,ipv4,malicious-ip,medium,WHITE,ziyadnz/hourly-ipv4,ziyadnz|hourly,2026-08-17T18:48:05Z,2026-08-17T18:48:05Z,
101.36.108.133,ipv4,malicious-ip,medium,WHITE,ziyadnz/hourly-ipv4,ziyadnz|hourly,2026-08-17T18:48:05Z,2026-08-17T18:48:05Z,
101.36.108.158,ipv4,malicious-ip,medium,WHITE,ziyadnz/hourly-ipv4,ziyadnz|hourly,2026-08-17T18:48:05Z,2026-08-17T18:48:05Z,
101.36.108.175,ipv4,malicious-ip,medium,WHITE,ziyadnz/hourly-ipv4,ziyadnz|hourly,2026-08-17T18:48:05Z,2026-08-17T18:48:05Z,
101.36.108.191,ipv4,malicious-ip,medium,WHITE,ziyadnz/hourly-ipv4,ziyadnz|hourly,2026-08-17T18:48:05Z,2026-08-17T18:48:05Z,
101.36.108.202,ipv4,malicious-ip,medium,WHITE,ziyadnz/hourly-ipv4,ziyadnz|hourly,2026-08-17T18:48:05Z,2026-08-17T18:48:05Z,
101.36.108.213,ipv4,malicious-ip,medium,WHITE,ziyadnz/hourly-ipv4,ziyadnz|hourly,2026-08-17T18:48:05Z,2026-08-17T18:48:05Z,
101.36.108.9,ipv4,malicious-ip,medium,WHITE,ziyadnz/hourly-ipv4,ziyadnz|hourly,2026-08-17T18:48:05Z,2026-08-17T18:48:05Z,
101.36.109.176,ipv4,malicious-ip,medium,WHITE,ziyadnz/hourly-ipv4,ziyadnz|hourly,2026-08-17T18:48:05Z,2026-08-17T18:48:05Z,
101.36.110.162,ipv4,malicious-ip,medium,WHITE,ziyadnz/hourly-ipv4,ziyadnz|hourly,2026-08-17T18:48:05Z,2026-08-17T18:48:05Z,
101.36.111.119,ipv4,malicious-ip,medium,WHITE,ziyadnz/hourly-ipv4,ziyadnz|hourly,2026-08-17T18:48:05Z,2026-08-17T18:48:05Z,
101.36.111.155,ipv4,malicious-ip,medium,WHITE,ziyadnz/hourly-ipv4,ziyadnz|hourly,2026-08-17T18:48:05Z,2026-08-17T18:48:05Z,
101.36.111.86,ipv4,malicious-ip,medium,WHITE,ziyadnz/hourly-ipv4,ziyadnz|hourly,2026-08-17T18:48:05Z,2026-08-17T18:48:05Z,
101.36.112.101,ipv4,malicious-ip,medium,WHITE,ziyadnz/hourly-ipv4,ziyadnz|hourly,2026-08-17T18:48:05Z,2026-08-17T18:48:05Z,
101.36.114.124,ipv4,malicious-ip,medium,WHITE,ziyadnz/hourly-ipv4,ziyadnz|hourly,2026-08-17T18:48:05Z,2026-08-17T18:48:05Z,
101.36.114.198,ipv4,malicious-ip,medium,WHITE,ziyadnz/hourly-ipv4,ziyadnz|hourly,2026-08-17T18:48:05Z,2026-08-17T18:48:05Z,
101.36.114.209,ipv4,malicious-ip,medium,WHITE,ziyadnz/hourly-ipv4,ziyadnz|hourly,2026-08-17T18:48:05Z,2026-08-17T18:48:05Z,
101.36.114.222,ipv4,malicious-ip,medium,WHITE,ziyadnz/hourly-ipv4,ziyadnz|hourly,2026-08-17T18:48:05Z,2026-08-17T18:48:05Z,
101.36.114.252,ipv4,malicious-ip,medium,WHITE,ziyadnz/hourly-ipv4,ziyadnz|hourly,2026-08-17T18:48:05Z,2026-08-17T18:48:05Z,
101.36.116.230,ipv4,malicious-ip,medium,WHITE,ziyadnz/hourly-ipv4,ziyadnz|hourly,2026-08-17T18:48:05Z,2026-08-17T18:48:05Z,
101.36.116.45,ipv4,malicious-ip,medium,WHITE,ziyadnz/hourly-ipv4,ziyadnz|hourly,2026-08-17T18:48:05Z,2026-08-17T18:48:05Z,
101.36.117.15,ipv4,malicious-ip,medium,WHITE,ziyadnz/hourly-ipv4,ziyadnz|hourly,2026-08-17T18:48:05Z,2026-08-17T18:48:05Z,
101.36.117.234,ipv4,malicious-ip,medium,WHITE,ziyadnz/hourly-ipv4,ziyadnz|hourly,2026-08-17T18:48:05Z,2026-08-17T18:48:05Z,
101.36.117.42,ipv4,malicious-ip,medium,WHITE,ziyadnz/hourly-ipv4,ziyadnz|hourly,2026-08-17T18:48:05Z,2026-08-17T18:48:05Z,
101.36.118.148,ipv4,malicious-ip,medium,WHITE,ziyadnz/hourly-ipv4,ziyadnz|hourly,2026-08-17T18:48:05Z,2026-08-17T18:48:05Z,
101.36.118.248,ipv4,malicious-ip,medium,WHITE,ziyadnz/hourly-ipv4,ziyadnz|hourly,2026-08-17T18:48:05Z,2026-08-17T18:48:05Z,
101.36.119.146,ipv4,malicious-ip,medium,WHITE,ziyadnz/hourly-ipv4,ziyadnz|hourly,2026-08-17T18:48:05Z,2026-08-17T18:48:05Z,
101.36.119.242,ipv4,malicious-ip,medium,WHITE,ziyadnz/hourly-ipv4,ziyadnz|hourly,2026-08-17T18:48:05Z,2026-08-17T18:48:05Z,
101.36.121.22,ipv4,malicious-ip,medium,WHITE,ziyadnz/hourly-ipv4,ziyadnz|hourly,2026-08-17T18:48:05Z,2026-08-17T18:48:05Z,
101.36.121.72,ipv4,malicious-ip,medium,WHITE,ziyadnz/hourly-ipv4,ziyadnz|hourly,2026-08-17T18:48:05Z,2026-08-17T18:48:05Z,
101.36.122.139,ipv4,malicious-ip,medium,WHITE,ziyadnz/hourly-ipv4,ziyadnz|hourly,2026-08-17T18:48:05Z,2026-08-17T18:48:05Z,
101.36.122.18,ipv4,malicious-ip,medium,WHITE,ziyadnz/hourly-ipv4,ziyadnz|hourly,2026-08-17T18:48:05Z,2026-08-17T18:48:05Z,
101.36.122.183,ipv4,malicious-ip,medium,WHITE,ziyadnz/hourly-ipv4,ziyadnz|hourly,2026-08-17T18:48:05Z,2026-08-17T18:48:05Z,
101.36.122.186,ipv4,malicious-ip,medium,WHITE,ziyadnz/hourly-ipv4,ziyadnz|hourly,2026-08-17T18:48:05Z,2026-08-17T18:48:05Z,
101.36.122.190,ipv4,malicious-ip,medium,WHITE,ziyadnz/hourly-ipv4,ziyadnz|hourly,2026-08-17T18:48:05Z,2026-08-17T18:48:05Z,
101.36.123.67,ipv4,malicious-ip,medium,WHITE,ziyadnz/hourly-ipv4,ziyadnz|hourly,2026-08-17T18:48:05Z,2026-08-17T18:48:05Z,
101.36.124.127,ipv4,malicious-ip,medium,WHITE,ziyadnz/hourly-ipv4,ziyadnz|hourly,2026-08-17T18:48:05Z,2026-08-17T18:48:05Z,
101.36.124.219,ipv4,malicious-ip,medium,WHITE,ziyadnz/hourly-ipv4,ziyadnz|hourly,2026-08-17T18:48:05Z,2026-08-17T18:48:05Z,
101.36.124.220,ipv4,malicious-ip,medium,WHITE,ziyadnz/hourly-ipv4,ziyadnz|hourly,2026-08-17T18:48:05Z,2026-08-17T18:48:05Z,
101.36.125.211,ipv4,malicious-ip,medium,WHITE,ziyadnz/hourly-ipv4,ziyadnz|hourly,2026-08-17T18:48:05Z,2026-08-17T18:48:05Z,
101.36.125.72,ipv4,malicious-ip,medium,WHITE,ziyadnz/hourly-ipv4,ziyadnz|hourly,2026-08-17T18:48:05Z,2026-08-17T18:48:05Z,
101.36.127.131,ipv4,malicious-ip,medium,WHITE,ziyadnz/hourly-ipv4,ziyadnz|hourly,2026-08-17T18:48:05Z,2026-08-17T18:48:05Z,
101.36.127.85,ipv4,malicious-ip,medium,WHITE,ziyadnz/hourly-ipv4,ziyadnz|hourly,2026-08-17T18:48:05Z,2026-08-17T18:48:05Z,
101.36.127.86,ipv4,malicious-ip,medium,WHITE,ziyadnz/hourly-ipv4,ziyadnz|hourly,2026-08-17T18:48:05Z,2026-08-17T18:48:05Z,
101.36.138.108,ipv4,malicious-ip,medium,WHITE,ziyadnz/hourly-ipv4,ziyadnz|hourly,2026-08-17T18:48:05Z,2026-08-17T18:48:05Z,
101.36.97.131,ipv4,malicious-ip,medium,WHITE,ziyadnz/hourly-ipv4,ziyadnz|hourly,2026-08-17T18:48:05Z,2026-08-17T18:48:05Z,
101.36.97.172,ipv4,malicious-ip,medium,WHITE,ziyadnz/hourly-ipv4,ziyadnz|hourly,2026-08-17T18:48:05Z,2026-08-17T18:48:05Z,
101.36.97.187,ipv4,malicious-ip,medium,WHITE,ziyadnz/hourly-ipv4,ziyadnz|hourly,2026-08-17T18:48:05Z,2026-08-17T18:48:05Z,
101.36.97.205,ipv4,malicious-ip,medium,WHITE,ziyadnz/hourly-ipv4,ziyadnz|hourly,2026-08-17T18:48:05Z,2026-08-17T18:48:05Z,
101.36.97.70,ipv4,malicious-ip,medium,WHITE,ziyadnz/hourly-ipv4,ziyadnz|hourly,2026-08-17T18:48:05Z,2026-08-17T18:48:05Z,
101.36.97.74,ipv4,malicious-ip,medium,WHITE,ziyadnz/hourly-ipv4,ziyadnz|hourly,2026-08-17T18:48:05Z,2026-08-17T18:48:05Z,
101.36.97.80,ipv4,malicious-ip,medium,WHITE,ziyadnz/hourly-ipv4,ziyadnz|hourly,2026-08-17T18:48:05Z,2026-08-17T18:48:05Z,
101.36.97.88,ipv4,malicious-ip,medium,WHITE,ziyadnz/hourly-ipv4,ziyadnz|hourly,2026-08-17T18:48:05Z,2026-08-17T18:48:05Z,
101.36.98.85,ipv4,malicious-ip,medium,WHITE,ziyadnz/hourly-ipv4,ziyadnz|hourly,2026-08-17T18:48:05Z,2026-08-17T18:48:05Z,
101.37.117.39,ipv4,malicious-ip,medium,WHITE,ziyadnz/hourly-ipv4,ziyadnz|hourly,2026-08-17T18:48:05Z,2026-08-17T18:48:05Z,
101.37.158.128,ipv4,malicious-ip,medium,WHITE,ziyadnz/hourly-ipv4,ziyadnz|hourly,2026-08-17T18:48:05Z,2026-08-17T18:48:05Z,
101.37.22.103,ipv4,malicious-ip,medium,WHITE,ziyadnz/hourly-ipv4,ziyadnz|hourly,2026-08-17T18:48:05Z,2026-08-17T18:48:05Z,
101.37.242.44,ipv4,malicious-ip,medium,WHITE,ziyadnz/hourly-ipv4,ziyadnz|hourly,2026-08-17T18:48:05Z,2026-08-17T18:48:05Z,
101.37.28.35,ipv4,malicious-ip,medium,WHITE,ziyadnz/hourly-ipv4,ziyadnz|hourly,2026-08-17T18:48:05Z,2026-08-17T18:48:05Z,
101.39.202.142,ipv4,malicious-ip,medium,WHITE,ziyadnz/hourly-ipv4,ziyadnz|hourly,2026-08-17T18:48:05Z,2026-08-17T18:48:05Z,
101.42.1.104,ipv4,malicious-ip,medium,WHITE,ziyadnz/hourly-ipv4,ziyadnz|hourly,2026-08-17T18:48:05Z,2026-08-17T18:48:05Z,
101.42.139.110,ipv4,malicious-ip,medium,WHITE,ziyadnz/hourly-ipv4,ziyadnz|hourly,2026-08-17T18:48:05Z,2026-08-17T18:48:05Z,
101.42.158.179,ipv4,malicious-ip,medium,WHITE,ziyadnz/hourly-ipv4,ziyadnz|hourly,2026-08-17T18:48:05Z,2026-08-17T18:48:05Z,
101.42.158.190,ipv4,malicious-ip,medium,WHITE,ziyadnz/hourly-ipv4,ziyadnz|hourly,2026-08-17T18:48:05Z,2026-08-17T18:48:05Z,
101.42.41.164,ipv4,malicious-ip,medium,WHITE,ziyadnz/hourly-ipv4,ziyadnz|hourly,2026-08-17T18:48:05Z,2026-08-17T18:48:05Z,
101.42.8.68,ipv4,malicious-ip,medium,WHITE,ziyadnz/hourly-ipv4,ziyadnz|hourly,2026-08-17T18:48:05Z,2026-08-17T18:48:05Z,
101.43.138.172,ipv4,malicious-ip,medium,WHITE,ziyadnz/hourly-ipv4,ziyadnz|hourly,2026-08-17T18:48:05Z,2026-08-17T18:48:05Z,
101.43.141.112,ipv4,malicious-ip,medium,WHITE,ziyadnz/hourly-ipv4,ziyadnz|hourly,2026-08-17T18:48:05Z,2026-08-17T18:48:05Z,
101.43.143.14,ipv4,malicious-ip,medium,WHITE,ziyadnz/hourly-ipv4,ziyadnz|hourly,2026-08-17T18:48:05Z,2026-08-17T18:48:05Z,
101.43.170.39,ipv4,malicious-ip,medium,WHITE,ziyadnz/hourly-ipv4,ziyadnz|hourly,2026-08-17T18:48:05Z,2026-08-17T18:48:05Z,
101.43.171.225,ipv4,malicious-ip,medium,WHITE,ziyadnz/hourly-ipv4,ziyadnz|hourly,2026-08-17T18:48:05Z,2026-08-17T18:48:05Z,
101.43.175.238,ipv4,malicious-ip,medium,WHITE,ziyadnz/hourly-ipv4,ziyadnz|hourly,2026-08-17T18:48:05Z,2026-08-17T18:48:05Z,
101.43.47.19,ipv4,malicious-ip,medium,WHITE,ziyadnz/hourly-ipv4,ziyadnz|hourly,2026-08-17T18:48:05Z,2026-08-17T18:48:05Z,
101.43.5.148,ipv4,malicious-ip,medium,WHITE,ziyadnz/hourly-ipv4,ziyadnz|hourly,2026-08-17T18:48:05Z,2026-08-17T18:48:05Z,
101.43.58.16,ipv4,malicious-ip,medium,WHITE,ziyadnz/hourly-ipv4,ziyadnz|hourly,2026-08-17T18:48:05Z,2026-08-17T18:48:05Z,
101.43.6.97,ipv4,malicious-ip,medium,WHITE,ziyadnz/hourly-ipv4,ziyadnz|hourly,2026-08-17T18:48:05Z,2026-08-17T18:48:05Z,
101.43.77.161,ipv4,malicious-ip,medium,WHITE,ziyadnz/hourly-ipv4,ziyadnz|hourly,2026-08-17T18:48:05Z,2026-08-17T18:48:05Z,
101.43.79.210,ipv4,malicious-ip,medium,WHITE,ziyadnz/hourly-ipv4,ziyadnz|hourly,2026-08-17T18:48:05Z,2026-08-17T18:48:05Z,
101.43.86.204,ipv4,malicious-ip,medium,WHITE,ziyadnz/hourly-ipv4,ziyadnz|hourly,2026-08-17T18:48:05Z,2026-08-17T18:48:05Z,
101.44.59.208,ipv4,malicious-ip,medium,WHITE,ziyadnz/hourly-ipv4,ziyadnz|hourly,2026-08-17T18:48:05Z,2026-08-17T18:48:05Z,
101.47.142.49,ipv4,malicious-ip,medium,WHITE,ziyadnz/hourly-ipv4,ziyadnz|hourly,2026-08-17T18:48:05Z,2026-08-17T18:48:05Z,
101.47.143.205,ipv4,malicious-ip,medium,WHITE,ziyadnz/hourly-ipv4,ziyadnz|hourly,2026-08-17T18:48:05Z,2026-08-17T18:48:05Z,
101.47.15.119,ipv4,malicious-ip,medium,WHITE,ziyadnz/hourly-ipv4,ziyadnz|hourly,2026-08-17T18:48:05Z,2026-08-17T18:48:05Z,
101.47.158.137,ipv4,malicious-ip,medium,WHITE,ziyadnz/hourly-ipv4,ziyadnz|hourly,2026-08-17T18:48:05Z,2026-08-17T18:48:05Z,
101.47.159.50,ipv4,malicious-ip,medium,WHITE,ziyadnz/hourly-ipv4,ziyadnz|hourly,2026-08-17T18:48:05Z,2026-08-17T18:48:05Z,
101.47.16.134,ipv4,malicious-ip,medium,WHITE,ziyadnz/hourly-ipv4,ziyadnz|hourly,2026-08-17T18:48:05Z,2026-08-17T18:48:05Z,
101.47.160.163,ipv4,malicious-ip,medium,WHITE,ziyadnz/hourly-ipv4,ziyadnz|hourly,2026-08-17T18:48:05Z,2026-08-17T18:48:05Z,
101.47.163.225,ipv4,malicious-ip,medium,WHITE,ziyadnz/hourly-ipv4,ziyadnz|hourly,2026-08-17T18:48:05Z,2026-08-17T18:48:05Z,
101.47.18.36,ipv4,malicious-ip,medium,WHITE,ziyadnz/hourly-ipv4,ziyadnz|hourly,2026-08-17T18:48:05Z,2026-08-17T18:48:05Z,
101.47.27.73,ipv4,malicious-ip,medium,WHITE,ziyadnz/hourly-ipv4,ziyadnz|hourly,2026-08-17T18:48:05Z,2026-08-17T18:48:05Z,
101.47.28.226,ipv4,malicious-ip,medium,WHITE,ziyadnz/hourly-ipv4,ziyadnz|hourly,2026-08-17T18:48:05Z,2026-08-17T18:48:05Z,
101.47.8.43,ipv4,malicious-ip,medium,WHITE,ziyadnz/hourly-ipv4,ziyadnz|hourly,2026-08-17T18:48:05Z,2026-08-17T18:48:05Z,
101.50.0.91,ipv4,malicious-ip,medium,WHITE,ziyadnz/hourly-ipv4,ziyadnz|hourly,2026-08-17T18:48:05Z,2026-08-17T18:48:05Z,
101.50.2.28,ipv4,malicious-ip,medium,WHITE,ziyadnz/hourly-ipv4,ziyadnz|hourly,2026-08-17T18:48:05Z,2026-08-17T18:48:05Z,
101.50.67.155,ipv4,malicious-ip,medium,WHITE,ziyadnz/hourly-ipv4,ziyadnz|hourly,2026-08-17T18:48:05Z,2026-08-17T18:48:05Z,
101.50.67.207,ipv4,malicious-ip,medium,WHITE,ziyadnz/hourly-ipv4,ziyadnz|hourly,2026-08-17T18:48:05Z,2026-08-17T18:48:05Z,
101.50.75.23,ipv4,malicious-ip,medium,WHITE,ziyadnz/hourly-ipv4,ziyadnz|hourly,2026-08-17T18:48:05Z,2026-08-17T18:48:05Z,
101.51.106.149,ipv4,malicious-ip,medium,WHITE,ziyadnz/hourly-ipv4,ziyadnz|hourly,2026-08-17T18:48:05Z,2026-08-17T18:48:05Z,
101.51.255.182,ipv4,malicious-ip,medium,WHITE,ziyadnz/hourly-ipv4,ziyadnz|hourly,2026-08-17T18:48:05Z,2026-08-17T18:48:05Z,
101.51.88.5,ipv4,malicious-ip,medium,WHITE,ziyadnz/hourly-ipv4,ziyadnz|hourly,2026-08-17T18:48:05Z,2026-08-17T18:48:05Z,
101.52.130.122,ipv4,malicious-ip,medium,WHITE,ziyadnz/hourly-ipv4,ziyadnz|hourly,2026-08-17T18:48:05Z,2026-08-17T18:48:05Z,
101.53.136.60,ipv4,malicious-ip,medium,WHITE,ziyadnz/hourly-ipv4,ziyadnz|hourly,2026-08-17T18:48:05Z,2026-08-17T18:48:05Z,
101.53.224.54,ipv4,malicious-ip,medium,WHITE,ziyadnz/hourly-ipv4,ziyadnz|hourly,2026-08-17T18:48:05Z,2026-08-17T18:48:05Z,
101.53.225.0,ipv4,malicious-ip,medium,WHITE,ziyadnz/hourly-ipv4,ziyadnz|hourly,2026-08-17T18:48:05Z,2026-08-17T18:48:05Z,
101.53.225.1,ipv4,malicious-ip,medium,WHITE,ziyadnz/hourly-ipv4,ziyadnz|hourly,2026-08-17T18:48:05Z,2026-08-17T18:48:05Z,
101.53.225.13,ipv4,malicious-ip,medium,WHITE,ziyadnz/hourly-ipv4,ziyadnz|hourly,2026-08-17T18:48:05Z,2026-08-17T18:48:05Z,
101.53.225.15,ipv4,malicious-ip,medium,WHITE,ziyadnz/hourly-ipv4,ziyadnz|hourly,2026-08-17T18:48:05Z,2026-08-17T18:48:05Z,
101.53.225.28,ipv4,malicious-ip,medium,WHITE,ziyadnz/hourly-ipv4,ziyadnz|hourly,2026-08-17T18:48:05Z,2026-08-17T18:48:05Z,
101.53.225.36,ipv4,malicious-ip,medium,WHITE,ziyadnz/hourly-ipv4,ziyadnz|hourly,2026-08-17T18:48:05Z,2026-08-17T18:48:05Z,
101.53.225.38,ipv4,malicious-ip,medium,WHITE,ziyadnz/hourly-ipv4,ziyadnz|hourly,2026-08-17T18:48:05Z,2026-08-17T18:48:05Z,
101.53.225.48,ipv4,malicious-ip,medium,WHITE,ziyadnz/hourly-ipv4,ziyadnz|hourly,2026-08-17T18:48:05Z,2026-08-17T18:48:05Z,
101.53.225.7,ipv4,malicious-ip,medium,WHITE,ziyadnz/hourly-ipv4,ziyadnz|hourly,2026-08-17T18:48:05Z,2026-08-17T18:48:05Z,
101.53.230.88,ipv4,malicious-ip,medium,WHITE,ziyadnz/hourly-ipv4,ziyadnz|hourly,2026-08-17T18:48:05Z,2026-08-17T18:48:05Z,
101.53.233.0,ipv4,malicious-ip,medium,WHITE,ziyadnz/hourly-ipv4,ziyadnz|hourly,2026-08-17T18:48:05Z,2026-08-17T18:48:05Z,
101.53.233.108,ipv4,malicious-ip,medium,WHITE,ziyadnz/hourly-ipv4,ziyadnz|hourly,2026-08-17T18:48:05Z,2026-08-17T18:48:05Z,
101.53.233.13,ipv4,malicious-ip,medium,WHITE,ziyadnz/hourly-ipv4,ziyadnz|hourly,2026-08-17T18:48:05Z,2026-08-17T18:48:05Z,
101.53.233.139,ipv4,malicious-ip,medium,WHITE,ziyadnz/hourly-ipv4,ziyadnz|hourly,2026-08-17T18:48:05Z,2026-08-17T18:48:05Z,
101.53.233.141,ipv4,malicious-ip,medium,WHITE,ziyadnz/hourly-ipv4,ziyadnz|hourly,2026-08-17T18:48:05Z,2026-08-17T18:48:05Z,
101.53.233.25,ipv4,malicious-ip,medium,WHITE,ziyadnz/hourly-ipv4,ziyadnz|hourly,2026-08-17T18:48:05Z,2026-08-17T18:48:05Z,
101.53.233.3,ipv4,malicious-ip,medium,WHITE,ziyadnz/hourly-ipv4,ziyadnz|hourly,2026-08-17T18:48:05Z,2026-08-17T18:48:05Z,
101.53.233.94,ipv4,malicious-ip,medium,WHITE,ziyadnz/hourly-ipv4,ziyadnz|hourly,2026-08-17T18:48:05Z,2026-08-17T18:48:05Z,
101.53.236.155,ipv4,malicious-ip,medium,WHITE,ziyadnz/hourly-ipv4,ziyadnz|hourly,2026-08-17T18:48:05Z,2026-08-17T18:48:05Z,
101.53.238.100,ipv4,malicious-ip,medium,WHITE,ziyadnz/hourly-ipv4,ziyadnz|hourly,2026-08-17T18:48:05Z,2026-08-17T18:48:05Z,
101.53.240.140,ipv4,malicious-ip,medium,WHITE,ziyadnz/hourly-ipv4,ziyadnz|hourly,2026-08-17T18:48:05Z,2026-08-17T18:48:05Z,
101.53.248.234,ipv4,malicious-ip,medium,WHITE,ziyadnz/hourly-ipv4,ziyadnz|hourly,2026-08-17T18:48:05Z,2026-08-17T18:48:05Z,
101.53.250.163,ipv4,malicious-ip,medium,WHITE,ziyadnz/hourly-ipv4,ziyadnz|hourly,2026-08-17T18:48:05Z,2026-08-17T18:48:05Z,
101.53.250.80,ipv4,malicious-ip,medium,WHITE,ziyadnz/hourly-ipv4,ziyadnz|hourly,2026-08-17T18:48:05Z,2026-08-17T18:48:05Z,
101.53.250.97,ipv4,malicious-ip,medium,WHITE,ziyadnz/hourly-ipv4,ziyadnz|hourly,2026-08-17T18:48:05Z,2026-08-17T18:48:05Z,
101.53.251.187,ipv4,malicious-ip,medium,WHITE,ziyadnz/hourly-ipv4,ziyadnz|hourly,2026-08-17T18:48:05Z,2026-08-17T18:48:05Z,
101.56.197.114,ipv4,malicious-ip,medium,WHITE,ziyadnz/hourly-ipv4,ziyadnz|hourly,2026-08-17T18:48:05Z,2026-08-17T18:48:05Z,
101.57.216.115,ipv4,malicious-ip,medium,WHITE,ziyadnz/hourly-ipv4,ziyadnz|hourly,2026-08-17T18:48:05Z,2026-08-17T18:48:05Z,
101.58.155.101,ipv4,malicious-ip,medium,WHITE,ziyadnz/hourly-ipv4,ziyadnz|hourly,2026-08-17T18:48:05Z,2026-08-17T18:48:05Z,
101.58.70.154,ipv4,malicious-ip,medium,WHITE,ziyadnz/hourly-ipv4,ziyadnz|hourly,2026-08-17T18:48:05Z,2026-08-17T18:48:05Z,
101.58.71.6,ipv4,malicious-ip,medium,WHITE,ziyadnz/hourly-ipv4,ziyadnz|hourly,2026-08-17T18:48:05Z,2026-08-17T18:48:05Z,
101.68.46.123,ipv4,malicious-ip,medium,WHITE,ziyadnz/hourly-ipv4,ziyadnz|hourly,2026-08-17T18:48:05Z,2026-08-17T18:48:05Z,
101.68.5.93,ipv4,malicious-ip,medium,WHITE,ziyadnz/hourly-ipv4,ziyadnz|hourly,2026-08-17T18:48:05Z,2026-08-17T18:48:05Z,
101.69.180.187,ipv4,malicious-ip,medium,WHITE,ziyadnz/hourly-ipv4,ziyadnz|hourly,2026-08-17T18:48:05Z,2026-08-17T18:48:05Z,
101.71.221.72,ipv4,malicious-ip,medium,WHITE,ziyadnz/hourly-ipv4,ziyadnz|hourly,2026-08-17T18:48:05Z,2026-08-17T18:48:05Z,
101.71.38.247,ipv4,malicious-ip,medium,WHITE,ziyadnz/hourly-ipv4,ziyadnz|hourly,2026-08-17T18:48:05Z,2026-08-17T18:48:05Z,
101.71.52.157,ipv4,malicious-ip,medium,WHITE,ziyadnz/hourly-ipv4,ziyadnz|hourly,2026-08-17T18:48:05Z,2026-08-17T18:48:05Z,
101.71.52.158,ipv4,malicious-ip,medium,WHITE,ziyadnz/hourly-ipv4,ziyadnz|hourly,2026-08-17T18:48:05Z,2026-08-17T18:48:05Z,
101.71.52.90,ipv4,malicious-ip,medium,WHITE,ziyadnz/hourly-ipv4,ziyadnz|hourly,2026-08-17T18:48:05Z,2026-08-17T18:48:05Z,
101.71.52.93,ipv4,malicious-ip,medium,WHITE,ziyadnz/hourly-ipv4,ziyadnz|hourly,2026-08-17T18:48:05Z,2026-08-17T18:48:05Z,
101.72.140.149,ipv4,malicious-ip,medium,WHITE,ziyadnz/hourly-ipv4,ziyadnz|hourly,2026-08-17T18:48:05Z,2026-08-17T18:48:05Z,
101.72.153.135,ipv4,malicious-ip,medium,WHITE,ziyadnz/hourly-ipv4,ziyadnz|hourly,2026-08-17T18:48:05Z,2026-08-17T18:48:05Z,
101.73.138.84,ipv4,malicious-ip,medium,WHITE,ziyadnz/hourly-ipv4,ziyadnz|hourly,2026-08-17T18:48:05Z,2026-08-17T18:48:05Z,
101.73.160.181,ipv4,malicious-ip,medium,WHITE,ziyadnz/hourly-ipv4,ziyadnz|hourly,2026-08-17T18:48:05Z,2026-08-17T18:48:05Z,
101.74.145.230,ipv4,malicious-ip,medium,WHITE,ziyadnz/hourly-ipv4,ziyadnz|hourly,2026-08-17T18:48:05Z,2026-08-17T18:48:05Z,
101.74.169.216,ipv4,malicious-ip,medium,WHITE,ziyadnz/hourly-ipv4,ziyadnz|hourly,2026-08-17T18:48:05Z,2026-08-17T18:48:05Z,
101.75.142.30,ipv4,malicious-ip,medium,WHITE,ziyadnz/hourly-ipv4,ziyadnz|hourly,2026-08-17T18:48:05Z,2026-08-17T18:48:05Z,
101.75.205.129,ipv4,malicious-ip,medium,WHITE,ziyadnz/hourly-ipv4,ziyadnz|hourly,2026-08-17T18:48:05Z,2026-08-17T18:48:05Z,
101.75.224.26,ipv4,malicious-ip,medium,WHITE,ziyadnz/hourly-ipv4,ziyadnz|hourly,2026-08-17T18:48:05Z,2026-08-17T18:48:05Z,
101.78.139.125,ipv4,malicious-ip,medium,WHITE,ziyadnz/hourly-ipv4,ziyadnz|hourly,2026-08-17T18:48:05Z,2026-08-17T18:48:05Z,
101.79.165.132,ipv4,malicious-ip,medium,WHITE,ziyadnz/hourly-ipv4,ziyadnz|hourly,2026-08-17T18:48:05Z,2026-08-17T18:48:05Z,
101.79.165.65,ipv4,malicious-ip,medium,WHITE,ziyadnz/hourly-ipv4,ziyadnz|hourly,2026-08-17T18:48:05Z,2026-08-17T18:48:05Z,
101.79.167.192,ipv4,malicious-ip,medium,WHITE,ziyadnz/hourly-ipv4,ziyadnz|hourly,2026-08-17T18:48:05Z,2026-08-17T18:48:05Z,
101.79.23.38,ipv4,malicious-ip,medium,WHITE,ziyadnz/hourly-ipv4,ziyadnz|hourly,2026-08-17T18:48:05Z,2026-08-17T18:48:05Z,
101.81.78.34,ipv4,malicious-ip,medium,WHITE,ziyadnz/hourly-ipv4,ziyadnz|hourly,2026-08-17T18:48:05Z,2026-08-17T18:48:05Z,
101.87.0.14,ipv4,malicious-ip,medium,WHITE,ziyadnz/hourly-ipv4,ziyadnz|hourly,2026-08-17T18:48:05Z,2026-08-17T18:48:05Z,
101.89.134.2,ipv4,malicious-ip,medium,WHITE,ziyadnz/hourly-ipv4,ziyadnz|hourly,2026-08-17T18:48:05Z,2026-08-17T18:48:05Z,
101.89.182.189,ipv4,malicious-ip,medium,WHITE,ziyadnz/hourly-ipv4,ziyadnz|hourly,2026-08-17T18:48:05Z,2026-08-17T18:48:05Z,
101.89.76.249,ipv4,malicious-ip,medium,WHITE,ziyadnz/hourly-ipv4,ziyadnz|hourly,2026-08-17T18:48:05Z,2026-08-17T18:48:05Z,
101.91.120.27,ipv4,malicious-ip,medium,WHITE,ziyadnz/hourly-ipv4,ziyadnz|hourly,2026-08-17T18:48:05Z,2026-08-17T18:48:05Z,
101.91.192.9,ipv4,malicious-ip,medium,WHITE,ziyadnz/hourly-ipv4,ziyadnz|hourly,2026-08-17T18:48:05Z,2026-08-17T18:48:05Z,
101.95.150.126,ipv4,malicious-ip,medium,WHITE,ziyadnz/hourly-ipv4,ziyadnz|hourly,2026-08-17T18:48:05Z,2026-08-17T18:48:05Z,
101.95.151.206,ipv4,malicious-ip,medium,WHITE,ziyadnz/hourly-ipv4,ziyadnz|hourly,2026-08-17T18:48:05Z,2026-08-17T18:48:05Z,
101.95.175.30,ipv4,malicious-ip,medium,WHITE,ziyadnz/hourly-ipv4,ziyadnz|hourly,2026-08-17T18:48:05Z,2026-08-17T18:48:05Z,
101.96.104.133,ipv4,malicious-ip,medium,WHITE,ziyadnz/hourly-ipv4,ziyadnz|hourly,2026-08-17T18:48:05Z,2026-08-17T18:48:05Z,
101.96.114.20,ipv4,malicious-ip,medium,WHITE,ziyadnz/hourly-ipv4,ziyadnz|hourly,2026-08-17T18:48:05Z,2026-08-17T18:48:05Z,
101.96.119.114,ipv4,malicious-ip,medium,WHITE,ziyadnz/hourly-ipv4,ziyadnz|hourly,2026-08-17T18:48:05Z,2026-08-17T18:48:05Z,
101.96.119.116,ipv4,malicious-ip,medium,WHITE,ziyadnz/hourly-ipv4,ziyadnz|hourly,2026-08-17T18:48:05Z,2026-08-17T18:48:05Z,
101.96.192.183,ipv4,malicious-ip,medium,WHITE,ziyadnz/hourly-ipv4,ziyadnz|hourly,2026-08-17T18:48:05Z,2026-08-17T18:48:05Z,
101.96.192.184,ipv4,malicious-ip,medium,WHITE,ziyadnz/hourly-ipv4,ziyadnz|hourly,2026-08-17T18:48:05Z,2026-08-17T18:48:05Z,
101.96.192.194,ipv4,malicious-ip,medium,WHITE,ziyadnz/hourly-ipv4,ziyadnz|hourly,2026-08-17T18:48:05Z,2026-08-17T18:48:05Z,
101.96.192.45,ipv4,malicious-ip,medium,WHITE,ziyadnz/hourly-ipv4,ziyadnz|hourly,2026-08-17T18:48:05Z,2026-08-17T18:48:05Z,
101.96.193.131,ipv4,malicious-ip,medium,WHITE,ziyadnz/hourly-ipv4,ziyadnz|hourly,2026-08-17T18:48:05Z,2026-08-17T18:48:05Z,
101.96.195.102,ipv4,malicious-ip,medium,WHITE,ziyadnz/hourly-ipv4,ziyadnz|hourly,2026-08-17T18:48:05Z,2026-08-17T18:48:05Z,
101.96.199.38,ipv4,malicious-ip,medium,WHITE,ziyadnz/hourly-ipv4,ziyadnz|hourly,2026-08-17T18:48:05Z,2026-08-17T18:48:05Z,
101.96.200.105,ipv4,malicious-ip,medium,WHITE,ziyadnz/hourly-ipv4,ziyadnz|hourly,2026-08-17T18:48:05Z,2026-08-17T18:48:05Z,
101.96.201.126,ipv4,malicious-ip,medium,WHITE,ziyadnz/hourly-ipv4,ziyadnz|hourly,2026-08-17T18:48:05Z,2026-08-17T18:48:05Z,
101.96.202.144,ipv4,malicious-ip,medium,WHITE,ziyadnz/hourly-ipv4,ziyadnz|hourly,2026-08-17T18:48:05Z,2026-08-17T18:48:05Z,
101.96.202.189,ipv4,malicious-ip,medium,WHITE,ziyadnz/hourly-ipv4,ziyadnz|hourly,2026-08-17T18:48:05Z,2026-08-17T18:48:05Z,
101.96.203.141,ipv4,malicious-ip,medium,WHITE,ziyadnz/hourly-ipv4,ziyadnz|hourly,2026-08-17T18:48:05Z,2026-08-17T18:48:05Z,
101.96.203.52,ipv4,malicious-ip,medium,WHITE,ziyadnz/hourly-ipv4,ziyadnz|hourly,2026-08-17T18:48:05Z,2026-08-17T18:48:05Z,
101.96.203.55,ipv4,malicious-ip,medium,WHITE,ziyadnz/hourly-ipv4,ziyadnz|hourly,2026-08-17T18:48:05Z,2026-08-17T18:48:05Z,
101.96.205.145,ipv4,malicious-ip,medium,WHITE,ziyadnz/hourly-ipv4,ziyadnz|hourly,2026-08-17T18:48:05Z,2026-08-17T18:48:05Z,
101.96.208.224,ipv4,malicious-ip,medium,WHITE,ziyadnz/hourly-ipv4,ziyadnz|hourly,2026-08-17T18:48:05Z,2026-08-17T18:48:05Z,
101.96.211.139,ipv4,malicious-ip,medium,WHITE,ziyadnz/hourly-ipv4,ziyadnz|hourly,2026-08-17T18:48:05Z,2026-08-17T18:48:05Z,
101.96.211.61,ipv4,malicious-ip,medium,WHITE,ziyadnz/hourly-ipv4,ziyadnz|hourly,2026-08-17T18:48:05Z,2026-08-17T18:48:05Z,
101.96.212.81,ipv4,malicious-ip,medium,WHITE,ziyadnz/hourly-ipv4,ziyadnz|hourly,2026-08-17T18:48:05Z,2026-08-17T18:48:05Z,
101.96.214.98,ipv4,malicious-ip,medium,WHITE,ziyadnz/hourly-ipv4,ziyadnz|hourly,2026-08-17T18:48:05Z,2026-08-17T18:48:05Z,
101.96.220.237,ipv4,malicious-ip,medium,WHITE,ziyadnz/hourly-ipv4,ziyadnz|hourly,2026-08-17T18:48:05Z,2026-08-17T18:48:05Z,
101.96.221.200,ipv4,malicious-ip,medium,WHITE,ziyadnz/hourly-ipv4,ziyadnz|hourly,2026-08-17T18:48:05Z,2026-08-17T18:48:05Z,
101.96.221.207,ipv4,malicious-ip,medium,WHITE,ziyadnz/hourly-ipv4,ziyadnz|hourly,2026-08-17T18:48:05Z,2026-08-17T18:48:05Z,
101.96.224.241,ipv4,malicious-ip,medium,WHITE,ziyadnz/hourly-ipv4,ziyadnz|hourly,2026-08-17T18:48:05Z,2026-08-17T18:48:05Z,
101.96.227.188,ipv4,malicious-ip,medium,WHITE,ziyadnz/hourly-ipv4,ziyadnz|hourly,2026-08-17T18:48:05Z,2026-08-17T18:48:05Z,
101.96.234.223,ipv4,malicious-ip,medium,WHITE,ziyadnz/hourly-ipv4,ziyadnz|hourly,2026-08-17T18:48:05Z,2026-08-17T18:48:05Z,
101.99.75.14,ipv4,malicious-ip,medium,WHITE,ziyadnz/hourly-ipv4,ziyadnz|hourly,2026-08-17T18:48:05Z,2026-08-17T18:48:05Z,
101.99.75.140,ipv4,malicious-ip,medium,WHITE,ziyadnz/hourly-ipv4,ziyadnz|hourly,2026-08-17T18:48:05Z,2026-08-17T18:48:05Z,
101.99.75.142,ipv4,malicious-ip,medium,WHITE,ziyadnz/hourly-ipv4,ziyadnz|hourly,2026-08-17T18:48:05Z,2026-08-17T18:48:05Z,
101.99.75.145,ipv4,malicious-ip,medium,WHITE,ziyadnz/hourly-ipv4,ziyadnz|hourly,2026-08-17T18:48:05Z,2026-08-17T18:48:05Z,
101.99.75.147,ipv4,malicious-ip,medium,WHITE,ziyadnz/hourly-ipv4,ziyadnz|hourly,2026-08-17T18:48:05Z,2026-08-17T18:48:05Z,
101.99.75.148,ipv4,malicious-ip,medium,WHITE,ziyadnz/hourly-ipv4,ziyadnz|hourly,2026-08-17T18:48:05Z,2026-08-17T18:48:05Z,
101.99.75.156,ipv4,malicious-ip,medium,WHITE,ziyadnz/hourly-ipv4,ziyadnz|hourly,2026-08-17T18:48:05Z,2026-08-17T18:48:05Z,
101.99.75.159,ipv4,malicious-ip,medium,WHITE,ziyadnz/hourly-ipv4,ziyadnz|hourly,2026-08-17T18:48:05Z,2026-08-17T18:48:05Z,
101.99.75.16,ipv4,malicious-ip,medium,WHITE,ziyadnz/hourly-ipv4,ziyadnz|hourly,2026-08-17T18:48:05Z,2026-08-17T18:48:05Z,
101.99.75.183,ipv4,malicious-ip,medium,WHITE,ziyadnz/hourly-ipv4,ziyadnz|hourly,2026-08-17T18:48:05Z,2026-08-17T18:48:05Z,
101.99.75.197,ipv4,malicious-ip,medium,WHITE,ziyadnz/hourly-ipv4,ziyadnz|hourly,2026-08-17T18:48:05Z,2026-08-17T18:48:05Z,
101.99.75.233,ipv4,malicious-ip,medium,WHITE,ziyadnz/hourly-ipv4,ziyadnz|hourly,2026-08-17T18:48:05Z,2026-08-17T18:48:05Z,
101.99.76.120,ipv4,malicious-ip,medium,WHITE,ziyadnz/hourly-ipv4,ziyadnz|hourly,2026-08-17T18:48:05Z,2026-08-17T18:48:05Z,
101.99.88.113,ipv4,malicious-ip,medium,WHITE,ziyadnz/hourly-ipv4,ziyadnz|hourly,2026-08-17T18:48:05Z,2026-08-17T18:48:05Z,
101.99.88.188,ipv4,malicious-ip,medium,WHITE,ziyadnz/hourly-ipv4,ziyadnz|hourly,2026-08-17T18:48:05Z,2026-08-17T18:48:05Z,
101.99.91.107,ipv4,malicious-ip,medium,WHITE,ziyadnz/hourly-ipv4,ziyadnz|hourly,2026-08-17T18:48:05Z,2026-08-17T18:48:05Z,
101.99.91.151,ipv4,malicious-ip,medium,WHITE,ziyadnz/hourly-ipv4,ziyadnz|hourly,2026-08-17T18:48:05Z,2026-08-17T18:48:05Z,
101.99.92.100,ipv4,malicious-ip,medium,WHITE,ziyadnz/hourly-ipv4,ziyadnz|hourly,2026-08-17T18:48:05Z,2026-08-17T18:48:05Z,
101.99.92.101,ipv4,malicious-ip,medium,WHITE,ziyadnz/hourly-ipv4,ziyadnz|hourly,2026-08-17T18:48:05Z,2026-08-17T18:48:05Z,
101.99.92.102,ipv4,malicious-ip,medium,WHITE,ziyadnz/hourly-ipv4,ziyadnz|hourly,2026-08-17T18:48:05Z,2026-08-17T18:48:05Z,
101.99.92.103,ipv4,malicious-ip,medium,WHITE,ziyadnz/hourly-ipv4,ziyadnz|hourly,2026-08-17T18:48:05Z,2026-08-17T18:48:05Z,
101.99.92.104,ipv4,malicious-ip,medium,WHITE,ziyadnz/hourly-ipv4,ziyadnz|hourly,2026-08-17T18:48:05Z,2026-08-17T18:48:05Z,
101.99.92.105,ipv4,malicious-ip,medium,WHITE,ziyadnz/hourly-ipv4,ziyadnz|hourly,2026-08-17T18:48:05Z,2026-08-17T18:48:05Z,
101.99.92.106,ipv4,malicious-ip,medium,WHITE,ziyadnz/hourly-ipv4,ziyadnz|hourly,2026-08-17T18:48:05Z,2026-08-17T18:48:05Z,
101.99.92.107,ipv4,malicious-ip,medium,WHITE,ziyadnz/hourly-ipv4,ziyadnz|hourly,2026-08-17T18:48:05Z,2026-08-17T18:48:05Z,
101.99.92.108,ipv4,malicious-ip,medium,WHITE,ziyadnz/hourly-ipv4,ziyadnz|hourly,2026-08-17T18:48:05Z,2026-08-17T18:48:05Z,
101.99.92.110,ipv4,malicious-ip,medium,WHITE,ziyadnz/hourly-ipv4,ziyadnz|hourly,2026-08-17T18:48:05Z,2026-08-17T18:48:05Z,
101.99.92.230,ipv4,malicious-ip,medium,WHITE,ziyadnz/hourly-ipv4,ziyadnz|hourly,2026-08-17T18:48:05Z,2026-08-17T18:48:05Z,
101.99.92.252,ipv4,malicious-ip,medium,WHITE,ziyadnz/hourly-ipv4,ziyadnz|hourly,2026-08-17T18:48:05Z,2026-08-17T18:48:05Z,
101.99.94.109,ipv4,malicious-ip,medium,WHITE,ziyadnz/hourly-ipv4,ziyadnz|hourly,2026-08-17T18:48:05Z,2026-08-17T18:48:05Z,
101.99.94.173,ipv4,malicious-ip,medium,WHITE,ziyadnz/hourly-ipv4,ziyadnz|hourly,2026-08-17T18:48:05Z,2026-08-17T18:48:05Z,
102.0.0.14,ipv4,malicious-ip,medium,WHITE,ziyadnz/hourly-ipv4,ziyadnz|hourly,2026-08-17T18:48:05Z,2026-08-17T18:48:05Z,
102.0.10.84,ipv4,malicious-ip,medium,WHITE,ziyadnz/hourly-ipv4,ziyadnz|hourly,2026-08-17T18:48:05Z,2026-08-17T18:48:05Z,
102.0.11.254,ipv4,malicious-ip,medium,WHITE,ziyadnz/hourly-ipv4,ziyadnz|hourly,2026-08-17T18:48:05Z,2026-08-17T18:48:05Z,
102.0.16.118,ipv4,malicious-ip,medium,WHITE,ziyadnz/hourly-ipv4,ziyadnz|hourly,2026-08-17T18:48:05Z,2026-08-17T18:48:05Z,
102.0.2.114,ipv4,malicious-ip,medium,WHITE,ziyadnz/hourly-ipv4,ziyadnz|hourly,2026-08-17T18:48:05Z,2026-08-17T18:48:05Z,
102.0.21.14,ipv4,malicious-ip,medium,WHITE,ziyadnz/hourly-ipv4,ziyadnz|hourly,2026-08-17T18:48:05Z,2026-08-17T18:48:05Z,
102.0.25.46,ipv4,malicious-ip,medium,WHITE,ziyadnz/hourly-ipv4,ziyadnz|hourly,2026-08-17T18:48:05Z,2026-08-17T18:48:05Z,
102.0.27.180,ipv4,malicious-ip,medium,WHITE,ziyadnz/hourly-ipv4,ziyadnz|hourly,2026-08-17T18:48:05Z,2026-08-17T18:48:05Z,
102.0.29.142,ipv4,malicious-ip,medium,WHITE,ziyadnz/hourly-ipv4,ziyadnz|hourly,2026-08-17T18:48:05Z,2026-08-17T18:48:05Z,
102.0.30.4,ipv4,malicious-ip,medium,WHITE,ziyadnz/hourly-ipv4,ziyadnz|hourly,2026-08-17T18:48:05Z,2026-08-17T18:48:05Z,
102.0.33.90,ipv4,malicious-ip,medium,WHITE,ziyadnz/hourly-ipv4,ziyadnz|hourly,2026-08-17T18:48:05Z,2026-08-17T18:48:05Z,
102.0.36.10,ipv4,malicious-ip,medium,WHITE,ziyadnz/hourly-ipv4,ziyadnz|hourly,2026-08-17T18:48:05Z,2026-08-17T18:48:05Z,
102.0.5.54,ipv4,malicious-ip,medium,WHITE,ziyadnz/hourly-ipv4,ziyadnz|hourly,2026-08-17T18:48:05Z,2026-08-17T18:48:05Z,
102.104.202.135,ipv4,malicious-ip,medium,WHITE,ziyadnz/hourly-ipv4,ziyadnz|hourly,2026-08-17T18:48:05Z,2026-08-17T18:48:05Z,
102.107.193.178,ipv4,malicious-ip,medium,WHITE,ziyadnz/hourly-ipv4,ziyadnz|hourly,2026-08-17T18:48:05Z,2026-08-17T18:48:05Z,
102.110.11.36,ipv4,malicious-ip,medium,WHITE,ziyadnz/hourly-ipv4,ziyadnz|hourly,2026-08-17T18:48:05Z,2026-08-17T18:48:05Z,
102.110.11.48,ipv4,malicious-ip,medium,WHITE,ziyadnz/hourly-ipv4,ziyadnz|hourly,2026-08-17T18:48:05Z,2026-08-17T18:48:05Z,
102.110.7.160,ipv4,malicious-ip,medium,WHITE,ziyadnz/hourly-ipv4,ziyadnz|hourly,2026-08-17T18:48:05Z,2026-08-17T18:48:05Z,
102.110.7.34,ipv4,malicious-ip,medium,WHITE,ziyadnz/hourly-ipv4,ziyadnz|hourly,2026-08-17T18:48:05Z,2026-08-17T18:48:05Z,
102.110.7.41,ipv4,malicious-ip,medium,WHITE,ziyadnz/hourly-ipv4,ziyadnz|hourly,2026-08-17T18:48:05Z,2026-08-17T18:48:05Z,
102.113.32.88,ipv4,malicious-ip,medium,WHITE,ziyadnz/hourly-ipv4,ziyadnz|hourly,2026-08-17T18:48:05Z,2026-08-17T18:48:05Z,
102.115.54.53,ipv4,malicious-ip,medium,WHITE,ziyadnz/hourly-ipv4,ziyadnz|hourly,2026-08-17T18:48:05Z,2026-08-17T18:48:05Z,
102.117.170.1,ipv4,malicious-ip,medium,WHITE,ziyadnz/hourly-ipv4,ziyadnz|hourly,2026-08-17T18:48:05Z,2026-08-17T18:48:05Z,
102.117.170.192,ipv4,malicious-ip,medium,WHITE,ziyadnz/hourly-ipv4,ziyadnz|hourly,2026-08-17T18:48:05Z,2026-08-17T18:48:05Z,
102.117.170.70,ipv4,malicious-ip,medium,WHITE,ziyadnz/hourly-ipv4,ziyadnz|hourly,2026-08-17T18:48:05Z,2026-08-17T18:48:05Z,
102.117.171.34,ipv4,malicious-ip,medium,WHITE,ziyadnz/hourly-ipv4,ziyadnz|hourly,2026-08-17T18:48:05Z,2026-08-17T18:48:05Z,
102.117.228.238,ipv4,malicious-ip,medium,WHITE,ziyadnz/hourly-ipv4,ziyadnz|hourly,2026-08-17T18:48:05Z,2026-08-17T18:48:05Z,
102.117.25.131,ipv4,malicious-ip,medium,WHITE,ziyadnz/hourly-ipv4,ziyadnz|hourly,2026-08-17T18:48:05Z,2026-08-17T18:48:05Z,
102.128.80.43,ipv4,malicious-ip,medium,WHITE,ziyadnz/hourly-ipv4,ziyadnz|hourly,2026-08-17T18:48:05Z,2026-08-17T18:48:05Z,
102.129.147.192,ipv4,malicious-ip,medium,WHITE,ziyadnz/hourly-ipv4,ziyadnz|hourly,2026-08-17T18:48:05Z,2026-08-17T18:48:05Z,
102.129.152.140,ipv4,malicious-ip,medium,WHITE,ziyadnz/hourly-ipv4,ziyadnz|hourly,2026-08-17T18:48:05Z,2026-08-17T18:48:05Z,
102.129.152.236,ipv4,malicious-ip,medium,WHITE,ziyadnz/hourly-ipv4,ziyadnz|hourly,2026-08-17T18:48:05Z,2026-08-17T18:48:05Z,
102.129.200.117,ipv4,malicious-ip,medium,WHITE,ziyadnz/hourly-ipv4,ziyadnz|hourly,2026-08-17T18:48:05Z,2026-08-17T18:48:05Z,
102.129.215.40,ipv4,malicious-ip,medium,WHITE,ziyadnz/hourly-ipv4,ziyadnz|hourly,2026-08-17T18:48:05Z,2026-08-17T18:48:05Z,
102.129.223.92,ipv4,malicious-ip,medium,WHITE,ziyadnz/hourly-ipv4,ziyadnz|hourly,2026-08-17T18:48:05Z,2026-08-17T18:48:05Z,
102.129.50.0,ipv4,malicious-ip,medium,WHITE,ziyadnz/hourly-ipv4,ziyadnz|hourly,2026-08-17T18:48:05Z,2026-08-17T18:48:05Z,
102.129.50.1,ipv4,malicious-ip,medium,WHITE,ziyadnz/hourly-ipv4,ziyadnz|hourly,2026-08-17T18:48:05Z,2026-08-17T18:48:05Z,
102.129.50.167,ipv4,malicious-ip,medium,WHITE,ziyadnz/hourly-ipv4,ziyadnz|hourly,2026-08-17T18:48:05Z,2026-08-17T18:48:05Z,
102.129.50.173,ipv4,malicious-ip,medium,WHITE,ziyadnz/hourly-ipv4,ziyadnz|hourly,2026-08-17T18:48:05Z,2026-08-17T18:48:05Z,
102.129.50.197,ipv4,malicious-ip,medium,WHITE,ziyadnz/hourly-ipv4,ziyadnz|hourly,2026-08-17T18:48:05Z,2026-08-17T18:48:05Z,
102.129.50.203,ipv4,malicious-ip,medium,WHITE,ziyadnz/hourly-ipv4,ziyadnz|hourly,2026-08-17T18:48:05Z,2026-08-17T18:48:05Z,
102.129.51.0,ipv4,malicious-ip,medium,WHITE,ziyadnz/hourly-ipv4,ziyadnz|hourly,2026-08-17T18:48:05Z,2026-08-17T18:48:05Z,
102.129.51.101,ipv4,malicious-ip,medium,WHITE,ziyadnz/hourly-ipv4,ziyadnz|hourly,2026-08-17T18:48:05Z,2026-08-17T18:48:05Z,
102.129.51.129,ipv4,malicious-ip,medium,WHITE,ziyadnz/hourly-ipv4,ziyadnz|hourly,2026-08-17T18:48:05Z,2026-08-17T18:48:05Z,
102.129.51.131,ipv4,malicious-ip,medium,WHITE,ziyadnz/hourly-ipv4,ziyadnz|hourly,2026-08-17T18:48:05Z,2026-08-17T18:48:05Z,
102.129.51.133,ipv4,malicious-ip,medium,WHITE,ziyadnz/hourly-ipv4,ziyadnz|hourly,2026-08-17T18:48:05Z,2026-08-17T18:48:05Z,
102.129.51.147,ipv4,malicious-ip,medium,WHITE,ziyadnz/hourly-ipv4,ziyadnz|hourly,2026-08-17T18:48:05Z,2026-08-17T18:48:05Z,
102.129.51.15,ipv4,malicious-ip,medium,WHITE,ziyadnz/hourly-ipv4,ziyadnz|hourly,2026-08-17T18:48:05Z,2026-08-17T18:48:05Z,
102.129.51.150,ipv4,malicious-ip,medium,WHITE,ziyadnz/hourly-ipv4,ziyadnz|hourly,2026-08-17T18:48:05Z,2026-08-17T18:48:05Z,
102.129.51.163,ipv4,malicious-ip,medium,WHITE,ziyadnz/hourly-ipv4,ziyadnz|hourly,2026-08-17T18:48:05Z,2026-08-17T18:48:05Z,
102.129.51.244,ipv4,malicious-ip,medium,WHITE,ziyadnz/hourly-ipv4,ziyadnz|hourly,2026-08-17T18:48:05Z,2026-08-17T18:48:05Z,
102.129.51.247,ipv4,malicious-ip,medium,WHITE,ziyadnz/hourly-ipv4,ziyadnz|hourly,2026-08-17T18:48:05Z,2026-08-17T18:48:05Z,
102.129.51.36,ipv4,malicious-ip,medium,WHITE,ziyadnz/hourly-ipv4,ziyadnz|hourly,2026-08-17T18:48:05Z,2026-08-17T18:48:05Z,
102.129.51.9,ipv4,malicious-ip,medium,WHITE,ziyadnz/hourly-ipv4,ziyadnz|hourly,2026-08-17T18:48:05Z,2026-08-17T18:48:05Z,
102.129.52.0,ipv4,malicious-ip,medium,WHITE,ziyadnz/hourly-ipv4,ziyadnz|hourly,2026-08-17T18:48:05Z,2026-08-17T18:48:05Z,
102.129.52.100,ipv4,malicious-ip,medium,WHITE,ziyadnz/hourly-ipv4,ziyadnz|hourly,2026-08-17T18:48:05Z,2026-08-17T18:48:05Z,
102.129.52.132,ipv4,malicious-ip,medium,WHITE,ziyadnz/hourly-ipv4,ziyadnz|hourly,2026-08-17T18:48:05Z,2026-08-17T18:48:05Z,
102.129.52.16,ipv4,malicious-ip,medium,WHITE,ziyadnz/hourly-ipv4,ziyadnz|hourly,2026-08-17T18:48:05Z,2026-08-17T18:48:05Z,
102.129.52.167,ipv4,malicious-ip,medium,WHITE,ziyadnz/hourly-ipv4,ziyadnz|hourly,2026-08-17T18:48:05Z,2026-08-17T18:48:05Z,
102.129.52.198,ipv4,malicious-ip,medium,WHITE,ziyadnz/hourly-ipv4,ziyadnz|hourly,2026-08-17T18:48:05Z,2026-08-17T18:48:05Z,
102.129.52.220,ipv4,malicious-ip,medium,WHITE,ziyadnz/hourly-ipv4,ziyadnz|hourly,2026-08-17T18:48:05Z,2026-08-17T18:48:05Z,
102.129.52.227,ipv4,malicious-ip,medium,WHITE,ziyadnz/hourly-ipv4,ziyadnz|hourly,2026-08-17T18:48:05Z,2026-08-17T18:48:05Z,
102.129.52.240,ipv4,malicious-ip,medium,WHITE,ziyadnz/hourly-ipv4,ziyadnz|hourly,2026-08-17T18:48:05Z,2026-08-17T18:48:05Z,
102.129.52.248,ipv4,malicious-ip,medium,WHITE,ziyadnz/hourly-ipv4,ziyadnz|hourly,2026-08-17T18:48:05Z,2026-08-17T18:48:05Z,
102.129.52.88,ipv4,malicious-ip,medium,WHITE,ziyadnz/hourly-ipv4,ziyadnz|hourly,2026-08-17T18:48:05Z,2026-08-17T18:48:05Z,
102.129.52.96,ipv4,malicious-ip,medium,WHITE,ziyadnz/hourly-ipv4,ziyadnz|hourly,2026-08-17T18:48:05Z,2026-08-17T18:48:05Z,
102.129.53.0,ipv4,malicious-ip,medium,WHITE,ziyadnz/hourly-ipv4,ziyadnz|hourly,2026-08-17T18:48:05Z,2026-08-17T18:48:05Z,
102.129.53.100,ipv4,malicious-ip,medium,WHITE,ziyadnz/hourly-ipv4,ziyadnz|hourly,2026-08-17T18:48:05Z,2026-08-17T18:48:05Z,
102.129.53.103,ipv4,malicious-ip,medium,WHITE,ziyadnz/hourly-ipv4,ziyadnz|hourly,2026-08-17T18:48:05Z,2026-08-17T18:48:05Z,
102.129.53.11,ipv4,malicious-ip,medium,WHITE,ziyadnz/hourly-ipv4,ziyadnz|hourly,2026-08-17T18:48:05Z,2026-08-17T18:48:05Z,
102.129.53.125,ipv4,malicious-ip,medium,WHITE,ziyadnz/hourly-ipv4,ziyadnz|hourly,2026-08-17T18:48:05Z,2026-08-17T18:48:05Z,
102.129.53.143,ipv4,malicious-ip,medium,WHITE,ziyadnz/hourly-ipv4,ziyadnz|hourly,2026-08-17T18:48:05Z,2026-08-17T18:48:05Z,
102.129.53.156,ipv4,malicious-ip,medium,WHITE,ziyadnz/hourly-ipv4,ziyadnz|hourly,2026-08-17T18:48:05Z,2026-08-17T18:48:05Z,
102.129.53.157,ipv4,malicious-ip,medium,WHITE,ziyadnz/hourly-ipv4,ziyadnz|hourly,2026-08-17T18:48:05Z,2026-08-17T18:48:05Z,
102.129.53.163,ipv4,malicious-ip,medium,WHITE,ziyadnz/hourly-ipv4,ziyadnz|hourly,2026-08-17T18:48:05Z,2026-08-17T18:48:05Z,
102.129.53.167,ipv4,malicious-ip,medium,WHITE,ziyadnz/hourly-ipv4,ziyadnz|hourly,2026-08-17T18:48:05Z,2026-08-17T18:48:05Z,
102.129.53.168,ipv4,malicious-ip,medium,WHITE,ziyadnz/hourly-ipv4,ziyadnz|hourly,2026-08-17T18:48:05Z,2026-08-17T18:48:05Z,
102.129.53.179,ipv4,malicious-ip,medium,WHITE,ziyadnz/hourly-ipv4,ziyadnz|hourly,2026-08-17T18:48:05Z,2026-08-17T18:48:05Z,
102.129.53.186,ipv4,malicious-ip,medium,WHITE,ziyadnz/hourly-ipv4,ziyadnz|hourly,2026-08-17T18:48:05Z,2026-08-17T18:48:05Z,
102.129.53.195,ipv4,malicious-ip,medium,WHITE,ziyadnz/hourly-ipv4,ziyadnz|hourly,2026-08-17T18:48:05Z,2026-08-17T18:48:05Z,
102.129.53.196,ipv4,malicious-ip,medium,WHITE,ziyadnz/hourly-ipv4,ziyadnz|hourly,2026-08-17T18:48:05Z,2026-08-17T18:48:05Z,
102.129.53.204,ipv4,malicious-ip,medium,WHITE,ziyadnz/hourly-ipv4,ziyadnz|hourly,2026-08-17T18:48:05Z,2026-08-17T18:48:05Z,
102.129.53.220,ipv4,malicious-ip,medium,WHITE,ziyadnz/hourly-ipv4,ziyadnz|hourly,2026-08-17T18:48:05Z,2026-08-17T18:48:05Z,
102.129.53.222,ipv4,malicious-ip,medium,WHITE,ziyadnz/hourly-ipv4,ziyadnz|hourly,2026-08-17T18:48:05Z,2026-08-17T18:48:05Z,
102.129.53.233,ipv4,malicious-ip,medium,WHITE,ziyadnz/hourly-ipv4,ziyadnz|hourly,2026-08-17T18:48:05Z,2026-08-17T18:48:05Z,
102.129.53.242,ipv4,malicious-ip,medium,WHITE,ziyadnz/hourly-ipv4,ziyadnz|hourly,2026-08-17T18:48:05Z,2026-08-17T18:48:05Z,
102.129.53.25,ipv4,malicious-ip,medium,WHITE,ziyadnz/hourly-ipv4,ziyadnz|hourly,2026-08-17T18:48:05Z,2026-08-17T18:48:05Z,
102.129.53.34,ipv4,malicious-ip,medium,WHITE,ziyadnz/hourly-ipv4,ziyadnz|hourly,2026-08-17T18:48:05Z,2026-08-17T18:48:05Z,
102.129.53.50,ipv4,malicious-ip,medium,WHITE,ziyadnz/hourly-ipv4,ziyadnz|hourly,2026-08-17T18:48:05Z,2026-08-17T18:48:05Z,
102.129.53.75,ipv4,malicious-ip,medium,WHITE,ziyadnz/hourly-ipv4,ziyadnz|hourly,2026-08-17T18:48:05Z,2026-08-17T18:48:05Z,
102.129.54.0,ipv4,malicious-ip,medium,WHITE,ziyadnz/hourly-ipv4,ziyadnz|hourly,2026-08-17T18:48:05Z,2026-08-17T18:48:05Z,
102.129.54.109,ipv4,malicious-ip,medium,WHITE,ziyadnz/hourly-ipv4,ziyadnz|hourly,2026-08-17T18:48:05Z,2026-08-17T18:48:05Z,
102.129.54.119,ipv4,malicious-ip,medium,WHITE,ziyadnz/hourly-ipv4,ziyadnz|hourly,2026-08-17T18:48:05Z,2026-08-17T18:48:05Z,
102.129.54.126,ipv4,malicious-ip,medium,WHITE,ziyadnz/hourly-ipv4,ziyadnz|hourly,2026-08-17T18:48:05Z,2026-08-17T18:48:05Z,
102.129.54.131,ipv4,malicious-ip,medium,WHITE,ziyadnz/hourly-ipv4,ziyadnz|hourly,2026-08-17T18:48:05Z,2026-08-17T18:48:05Z,
102.129.54.134,ipv4,malicious-ip,medium,WHITE,ziyadnz/hourly-ipv4,ziyadnz|hourly,2026-08-17T18:48:05Z,2026-08-17T18:48:05Z,
102.129.54.146,ipv4,malicious-ip,medium,WHITE,ziyadnz/hourly-ipv4,ziyadnz|hourly,2026-08-17T18:48:05Z,2026-08-17T18:48:05Z,
102.129.54.147,ipv4,malicious-ip,medium,WHITE,ziyadnz/hourly-ipv4,ziyadnz|hourly,2026-08-17T18:48:05Z,2026-08-17T18:48:05Z,
102.129.54.15,ipv4,malicious-ip,medium,WHITE,ziyadnz/hourly-ipv4,ziyadnz|hourly,2026-08-17T18:48:05Z,2026-08-17T18:48:05Z,
102.129.54.169,ipv4,malicious-ip,medium,WHITE,ziyadnz/hourly-ipv4,ziyadnz|hourly,2026-08-17T18:48:05Z,2026-08-17T18:48:05Z,
102.129.54.181,ipv4,malicious-ip,medium,WHITE,ziyadnz/hourly-ipv4,ziyadnz|hourly,2026-08-17T18:48:05Z,2026-08-17T18:48:05Z,
102.129.54.212,ipv4,malicious-ip,medium,WHITE,ziyadnz/hourly-ipv4,ziyadnz|hourly,2026-08-17T18:48:05Z,2026-08-17T18:48:05Z,
102.129.54.236,ipv4,malicious-ip,medium,WHITE,ziyadnz/hourly-ipv4,ziyadnz|hourly,2026-08-17T18:48:05Z,2026-08-17T18:48:05Z,
102.129.54.241,ipv4,malicious-ip,medium,WHITE,ziyadnz/hourly-ipv4,ziyadnz|hourly,2026-08-17T18:48:05Z,2026-08-17T18:48:05Z,
102.129.54.35,ipv4,malicious-ip,medium,WHITE,ziyadnz/hourly-ipv4,ziyadnz|hourly,2026-08-17T18:48:05Z,2026-08-17T18:48:05Z,
102.129.54.59,ipv4,malicious-ip,medium,WHITE,ziyadnz/hourly-ipv4,ziyadnz|hourly,2026-08-17T18:48:05Z,2026-08-17T18:48:05Z,
102.129.54.62,ipv4,malicious-ip,medium,WHITE,ziyadnz/hourly-ipv4,ziyadnz|hourly,2026-08-17T18:48:05Z,2026-08-17T18:48:05Z,
102.129.54.69,ipv4,malicious-ip,medium,WHITE,ziyadnz/hourly-ipv4,ziyadnz|hourly,2026-08-17T18:48:05Z,2026-08-17T18:48:05Z,
102.129.54.89,ipv4,malicious-ip,medium,WHITE,ziyadnz/hourly-ipv4,ziyadnz|hourly,2026-08-17T18:48:05Z,2026-08-17T18:48:05Z,
102.129.55.0,ipv4,malicious-ip,medium,WHITE,ziyadnz/hourly-ipv4,ziyadnz|hourly,2026-08-17T18:48:05Z,2026-08-17T18:48:05Z,
102.129.55.105,ipv4,malicious-ip,medium,WHITE,ziyadnz/hourly-ipv4,ziyadnz|hourly,2026-08-17T18:48:05Z,2026-08-17T18:48:05Z,
102.129.55.113,ipv4,malicious-ip,medium,WHITE,ziyadnz/hourly-ipv4,ziyadnz|hourly,2026-08-17T18:48:05Z,2026-08-17T18:48:05Z,
102.129.55.127,ipv4,malicious-ip,medium,WHITE,ziyadnz/hourly-ipv4,ziyadnz|hourly,2026-08-17T18:48:05Z,2026-08-17T18:48:05Z,
102.129.55.137,ipv4,malicious-ip,medium,WHITE,ziyadnz/hourly-ipv4,ziyadnz|hourly,2026-08-17T18:48:05Z,2026-08-17T18:48:05Z,
102.129.55.15,ipv4,malicious-ip,medium,WHITE,ziyadnz/hourly-ipv4,ziyadnz|hourly,2026-08-17T18:48:05Z,2026-08-17T18:48:05Z,
102.129.55.164,ipv4,malicious-ip,medium,WHITE,ziyadnz/hourly-ipv4,ziyadnz|hourly,2026-08-17T18:48:05Z,2026-08-17T18:48:05Z,
102.129.55.188,ipv4,malicious-ip,medium,WHITE,ziyadnz/hourly-ipv4,ziyadnz|hourly,2026-08-17T18:48:05Z,2026-08-17T18:48:05Z,
102.129.55.197,ipv4,malicious-ip,medium,WHITE,ziyadnz/hourly-ipv4,ziyadnz|hourly,2026-08-17T18:48:05Z,2026-08-17T18:48:05Z,
102.129.55.252,ipv4,malicious-ip,medium,WHITE,ziyadnz/hourly-ipv4,ziyadnz|hourly,2026-08-17T18:48:05Z,2026-08-17T18:48:05Z,
102.129.55.29,ipv4,malicious-ip,medium,WHITE,ziyadnz/hourly-ipv4,ziyadnz|hourly,2026-08-17T18:48:05Z,2026-08-17T18:48:05Z,
102.129.55.48,ipv4,malicious-ip,medium,WHITE,ziyadnz/hourly-ipv4,ziyadnz|hourly,2026-08-17T18:48:05Z,2026-08-17T18:48:05Z,
102.129.55.5,ipv4,malicious-ip,medium,WHITE,ziyadnz/hourly-ipv4,ziyadnz|hourly,2026-08-17T18:48:05Z,2026-08-17T18:48:05Z,
102.129.55.56,ipv4,malicious-ip,medium,WHITE,ziyadnz/hourly-ipv4,ziyadnz|hourly,2026-08-17T18:48:05Z,2026-08-17T18:48:05Z,
102.129.55.60,ipv4,malicious-ip,medium,WHITE,ziyadnz/hourly-ipv4,ziyadnz|hourly,2026-08-17T18:48:05Z,2026-08-17T18:48:05Z,
102.129.55.73,ipv4,malicious-ip,medium,WHITE,ziyadnz/hourly-ipv4,ziyadnz|hourly,2026-08-17T18:48:05Z,2026-08-17T18:48:05Z,
102.129.55.82,ipv4,malicious-ip,medium,WHITE,ziyadnz/hourly-ipv4,ziyadnz|hourly,2026-08-17T18:48:05Z,2026-08-17T18:48:05Z,
102.129.55.85,ipv4,malicious-ip,medium,WHITE,ziyadnz/hourly-ipv4,ziyadnz|hourly,2026-08-17T18:48:05Z,2026-08-17T18:48:05Z,
102.129.55.87,ipv4,malicious-ip,medium,WHITE,ziyadnz/hourly-ipv4,ziyadnz|hourly,2026-08-17T18:48:05Z,2026-08-17T18:48:05Z,
102.129.55.88,ipv4,malicious-ip,medium,WHITE,ziyadnz/hourly-ipv4,ziyadnz|hourly,2026-08-17T18:48:05Z,2026-08-17T18:48:05Z,
102.129.55.93,ipv4,malicious-ip,medium,WHITE,ziyadnz/hourly-ipv4,ziyadnz|hourly,2026-08-17T18:48:05Z,2026-08-17T18:48:05Z,
102.129.56.0,ipv4,malicious-ip,medium,WHITE,ziyadnz/hourly-ipv4,ziyadnz|hourly,2026-08-17T18:48:05Z,2026-08-17T18:48:05Z,
102.129.56.113,ipv4,malicious-ip,medium,WHITE,ziyadnz/hourly-ipv4,ziyadnz|hourly,2026-08-17T18:48:05Z,2026-08-17T18:48:05Z,
102.129.56.115,ipv4,malicious-ip,medium,WHITE,ziyadnz/hourly-ipv4,ziyadnz|hourly,2026-08-17T18:48:05Z,2026-08-17T18:48:05Z,
102.129.56.13,ipv4,malicious-ip,medium,WHITE,ziyadnz/hourly-ipv4,ziyadnz|hourly,2026-08-17T18:48:05Z,2026-08-17T18:48:05Z,
102.129.56.134,ipv4,malicious-ip,medium,WHITE,ziyadnz/hourly-ipv4,ziyadnz|hourly,2026-08-17T18:48:05Z,2026-08-17T18:48:05Z,
102.129.56.138,ipv4,malicious-ip,medium,WHITE,ziyadnz/hourly-ipv4,ziyadnz|hourly,2026-08-17T18:48:05Z,2026-08-17T18:48:05Z,
102.129.56.151,ipv4,malicious-ip,medium,WHITE,ziyadnz/hourly-ipv4,ziyadnz|hourly,2026-08-17T18:48:05Z,2026-08-17T18:48:05Z,
102.129.56.162,ipv4,malicious-ip,medium,WHITE,ziyadnz/hourly-ipv4,ziyadnz|hourly,2026-08-17T18:48:05Z,2026-08-17T18:48:05Z,
102.129.56.242,ipv4,malicious-ip,medium,WHITE,ziyadnz/hourly-ipv4,ziyadnz|hourly,2026-08-17T18:48:05Z,2026-08-17T18:48:05Z,
102.129.56.245,ipv4,malicious-ip,medium,WHITE,ziyadnz/hourly-ipv4,ziyadnz|hourly,2026-08-17T18:48:05Z,2026-08-17T18:48:05Z,
102.129.56.254,ipv4,malicious-ip,medium,WHITE,ziyadnz/hourly-ipv4,ziyadnz|hourly,2026-08-17T18:48:05Z,2026-08-17T18:48:05Z,
102.129.56.41,ipv4,malicious-ip,medium,WHITE,ziyadnz/hourly-ipv4,ziyadnz|hourly,2026-08-17T18:48:05Z,2026-08-17T18:48:05Z,
102.129.56.78,ipv4,malicious-ip,medium,WHITE,ziyadnz/hourly-ipv4,ziyadnz|hourly,2026-08-17T18:48:05Z,2026-08-17T18:48:05Z,
102.129.56.83,ipv4,malicious-ip,medium,WHITE,ziyadnz/hourly-ipv4,ziyadnz|hourly,2026-08-17T18:48:05Z,2026-08-17T18:48:05Z,
102.129.57.0,ipv4,malicious-ip,medium,WHITE,ziyadnz/hourly-ipv4,ziyadnz|hourly,2026-08-17T18:48:05Z,2026-08-17T18:48:05Z,
102.129.57.110,ipv4,malicious-ip,medium,WHITE,ziyadnz/hourly-ipv4,ziyadnz|hourly,2026-08-17T18:48:05Z,2026-08-17T18:48:05Z,
102.129.57.111,ipv4,malicious-ip,medium,WHITE,ziyadnz/hourly-ipv4,ziyadnz|hourly,2026-08-17T18:48:05Z,2026-08-17T18:48:05Z,
102.129.57.122,ipv4,malicious-ip,medium,WHITE,ziyadnz/hourly-ipv4,ziyadnz|hourly,2026-08-17T18:48:05Z,2026-08-17T18:48:05Z,
102.129.57.170,ipv4,malicious-ip,medium,WHITE,ziyadnz/hourly-ipv4,ziyadnz|hourly,2026-08-17T18:48:05Z,2026-08-17T18:48:05Z,
102.129.57.196,ipv4,malicious-ip,medium,WHITE,ziyadnz/hourly-ipv4,ziyadnz|hourly,2026-08-17T18:48:05Z,2026-08-17T18:48:05Z,
102.129.57.245,ipv4,malicious-ip,medium,WHITE,ziyadnz/hourly-ipv4,ziyadnz|hourly,2026-08-17T18:48:05Z,2026-08-17T18:48:05Z,
102.129.57.254,ipv4,malicious-ip,medium,WHITE,ziyadnz/hourly-ipv4,ziyadnz|hourly,2026-08-17T18:48:05Z,2026-08-17T18:48:05Z,
102.129.57.30,ipv4,malicious-ip,medium,WHITE,ziyadnz/hourly-ipv4,ziyadnz|hourly,2026-08-17T18:48:05Z,2026-08-17T18:48:05Z,
102.129.57.34,ipv4,malicious-ip,medium,WHITE,ziyadnz/hourly-ipv4,ziyadnz|hourly,2026-08-17T18:48:05Z,2026-08-17T18:48:05Z,
102.129.57.40,ipv4,malicious-ip,medium,WHITE,ziyadnz/hourly-ipv4,ziyadnz|hourly,2026-08-17T18:48:05Z,2026-08-17T18:48:05Z,
102.129.57.70,ipv4,malicious-ip,medium,WHITE,ziyadnz/hourly-ipv4,ziyadnz|hourly,2026-08-17T18:48:05Z,2026-08-17T18:48:05Z,
102.129.57.8,ipv4,malicious-ip,medium,WHITE,ziyadnz/hourly-ipv4,ziyadnz|hourly,2026-08-17T18:48:05Z,2026-08-17T18:48:05Z,
102.129.57.81,ipv4,malicious-ip,medium,WHITE,ziyadnz/hourly-ipv4,ziyadnz|hourly,2026-08-17T18:48:05Z,2026-08-17T18:48:05Z,
102.129.57.83,ipv4,malicious-ip,medium,WHITE,ziyadnz/hourly-ipv4,ziyadnz|hourly,2026-08-17T18:48:05Z,2026-08-17T18:48:05Z,
102.129.59.0,ipv4,malicious-ip,medium,WHITE,ziyadnz/hourly-ipv4,ziyadnz|hourly,2026-08-17T18:48:05Z,2026-08-17T18:48:05Z,
102.129.59.117,ipv4,malicious-ip,medium,WHITE,ziyadnz/hourly-ipv4,ziyadnz|hourly,2026-08-17T18:48:05Z,2026-08-17T18:48:05Z,
102.129.59.131,ipv4,malicious-ip,medium,WHITE,ziyadnz/hourly-ipv4,ziyadnz|hourly,2026-08-17T18:48:05Z,2026-08-17T18:48:05Z,
102.129.59.133,ipv4,malicious-ip,medium,WHITE,ziyadnz/hourly-ipv4,ziyadnz|hourly,2026-08-17T18:48:05Z,2026-08-17T18:48:05Z,
102.129.59.138,ipv4,malicious-ip,medium,WHITE,ziyadnz/hourly-ipv4,ziyadnz|hourly,2026-08-17T18:48:05Z,2026-08-17T18:48:05Z,
102.129.59.159,ipv4,malicious-ip,medium,WHITE,ziyadnz/hourly-ipv4,ziyadnz|hourly,2026-08-17T18:48:05Z,2026-08-17T18:48:05Z,
102.129.59.220,ipv4,malicious-ip,medium,WHITE,ziyadnz/hourly-ipv4,ziyadnz|hourly,2026-08-17T18:48:05Z,2026-08-17T18:48:05Z,
102.129.59.234,ipv4,malicious-ip,medium,WHITE,ziyadnz/hourly-ipv4,ziyadnz|hourly,2026-08-17T18:48:05Z,2026-08-17T18:48:05Z,
102.129.59.240,ipv4,malicious-ip,medium,WHITE,ziyadnz/hourly-ipv4,ziyadnz|hourly,2026-08-17T18:48:05Z,2026-08-17T18:48:05Z,
102.129.59.25,ipv4,malicious-ip,medium,WHITE,ziyadnz/hourly-ipv4,ziyadnz|hourly,2026-08-17T18:48:05Z,2026-08-17T18:48:05Z,
102.129.59.250,ipv4,malicious-ip,medium,WHITE,ziyadnz/hourly-ipv4,ziyadnz|hourly,2026-08-17T18:48:05Z,2026-08-17T18:48:05Z,
102.129.59.26,ipv4,malicious-ip,medium,WHITE,ziyadnz/hourly-ipv4,ziyadnz|hourly,2026-08-17T18:48:05Z,2026-08-17T18:48:05Z,
102.129.59.27,ipv4,malicious-ip,medium,WHITE,ziyadnz/hourly-ipv4,ziyadnz|hourly,2026-08-17T18:48:05Z,2026-08-17T18:48:05Z,
102.129.59.32,ipv4,malicious-ip,medium,WHITE,ziyadnz/hourly-ipv4,ziyadnz|hourly,2026-08-17T18:48:05Z,2026-08-17T18:48:05Z,
102.129.59.74,ipv4,malicious-ip,medium,WHITE,ziyadnz/hourly-ipv4,ziyadnz|hourly,2026-08-17T18:48:05Z,2026-08-17T18:48:05Z,
102.129.59.86,ipv4,malicious-ip,medium,WHITE,ziyadnz/hourly-ipv4,ziyadnz|hourly,2026-08-17T18:48:05Z,2026-08-17T18:48:05Z,
102.129.59.87,ipv4,malicious-ip,medium,WHITE,ziyadnz/hourly-ipv4,ziyadnz|hourly,2026-08-17T18:48:05Z,2026-08-17T18:48:05Z,
102.129.60.0,ipv4,malicious-ip,medium,WHITE,ziyadnz/hourly-ipv4,ziyadnz|hourly,2026-08-17T18:48:05Z,2026-08-17T18:48:05Z,
102.129.60.1,ipv4,malicious-ip,medium,WHITE,ziyadnz/hourly-ipv4,ziyadnz|hourly,2026-08-17T18:48:05Z,2026-08-17T18:48:05Z,
102.129.60.10,ipv4,malicious-ip,medium,WHITE,ziyadnz/hourly-ipv4,ziyadnz|hourly,2026-08-17T18:48:05Z,2026-08-17T18:48:05Z,
102.129.60.103,ipv4,malicious-ip,medium,WHITE,ziyadnz/hourly-ipv4,ziyadnz|hourly,2026-08-17T18:48:05Z,2026-08-17T18:48:05Z,
102.129.60.13,ipv4,malicious-ip,medium,WHITE,ziyadnz/hourly-ipv4,ziyadnz|hourly,2026-08-17T18:48:05Z,2026-08-17T18:48:05Z,
102.129.60.164,ipv4,malicious-ip,medium,WHITE,ziyadnz/hourly-ipv4,ziyadnz|hourly,2026-08-17T18:48:05Z,2026-08-17T18:48:05Z,
102.129.60.171,ipv4,malicious-ip,medium,WHITE,ziyadnz/hourly-ipv4,ziyadnz|hourly,2026-08-17T18:48:05Z,2026-08-17T18:48:05Z,
102.129.60.186,ipv4,malicious-ip,medium,WHITE,ziyadnz/hourly-ipv4,ziyadnz|hourly,2026-08-17T18:48:05Z,2026-08-17T18:48:05Z,
102.129.60.197,ipv4,malicious-ip,medium,WHITE,ziyadnz/hourly-ipv4,ziyadnz|hourly,2026-08-17T18:48:05Z,2026-08-17T18:48:05Z,
102.129.60.206,ipv4,malicious-ip,medium,WHITE,ziyadnz/hourly-ipv4,ziyadnz|hourly,2026-08-17T18:48:05Z,2026-08-17T18:48:05Z,
102.129.60.25,ipv4,malicious-ip,medium,WHITE,ziyadnz/hourly-ipv4,ziyadnz|hourly,2026-08-17T18:48:05Z,2026-08-17T18:48:05Z,
102.129.60.252,ipv4,malicious-ip,medium,WHITE,ziyadnz/hourly-ipv4,ziyadnz|hourly,2026-08-17T18:48:05Z,2026-08-17T18:48:05Z,
102.129.60.31,ipv4,malicious-ip,medium,WHITE,ziyadnz/hourly-ipv4,ziyadnz|hourly,2026-08-17T18:48:05Z,2026-08-17T18:48:05Z,
102.129.60.32,ipv4,malicious-ip,medium,WHITE,ziyadnz/hourly-ipv4,ziyadnz|hourly,2026-08-17T18:48:05Z,2026-08-17T18:48:05Z,
102.129.60.37,ipv4,malicious-ip,medium,WHITE,ziyadnz/hourly-ipv4,ziyadnz|hourly,2026-08-17T18:48:05Z,2026-08-17T18:48:05Z,
102.129.60.41,ipv4,malicious-ip,medium,WHITE,ziyadnz/hourly-ipv4,ziyadnz|hourly,2026-08-17T18:48:05Z,2026-08-17T18:48:05Z,
102.129.60.59,ipv4,malicious-ip,medium,WHITE,ziyadnz/hourly-ipv4,ziyadnz|hourly,2026-08-17T18:48:05Z,2026-08-17T18:48:05Z,
102.129.61.0,ipv4,malicious-ip,medium,WHITE,ziyadnz/hourly-ipv4,ziyadnz|hourly,2026-08-17T18:48:05Z,2026-08-17T18:48:05Z,
102.129.61.109,ipv4,malicious-ip,medium,WHITE,ziyadnz/hourly-ipv4,ziyadnz|hourly,2026-08-17T18:48:05Z,2026-08-17T18:48:05Z,
102.129.61.121,ipv4,malicious-ip,medium,WHITE,ziyadnz/hourly-ipv4,ziyadnz|hourly,2026-08-17T18:48:05Z,2026-08-17T18:48:05Z,
102.129.61.133,ipv4,malicious-ip,medium,WHITE,ziyadnz/hourly-ipv4,ziyadnz|hourly,2026-08-17T18:48:05Z,2026-08-17T18:48:05Z,
102.129.61.165,ipv4,malicious-ip,medium,WHITE,ziyadnz/hourly-ipv4,ziyadnz|hourly,2026-08-17T18:48:05Z,2026-08-17T18:48:05Z,
102.129.61.173,ipv4,malicious-ip,medium,WHITE,ziyadnz/hourly-ipv4,ziyadnz|hourly,2026-08-17T18:48:05Z,2026-08-17T18:48:05Z,
102.129.61.180,ipv4,malicious-ip,medium,WHITE,ziyadnz/hourly-ipv4,ziyadnz|hourly,2026-08-17T18:48:05Z,2026-08-17T18:48:05Z,
102.129.61.186,ipv4,malicious-ip,medium,WHITE,ziyadnz/hourly-ipv4,ziyadnz|hourly,2026-08-17T18:48:05Z,2026-08-17T18:48:05Z,
102.129.61.196,ipv4,malicious-ip,medium,WHITE,ziyadnz/hourly-ipv4,ziyadnz|hourly,2026-08-17T18:48:05Z,2026-08-17T18:48:05Z,
102.129.61.205,ipv4,malicious-ip,medium,WHITE,ziyadnz/hourly-ipv4,ziyadnz|hourly,2026-08-17T18:48:05Z,2026-08-17T18:48:05Z,
102.129.61.209,ipv4,malicious-ip,medium,WHITE,ziyadnz/hourly-ipv4,ziyadnz|hourly,2026-08-17T18:48:05Z,2026-08-17T18:48:05Z,
102.129.61.22,ipv4,malicious-ip,medium,WHITE,ziyadnz/hourly-ipv4,ziyadnz|hourly,2026-08-17T18:48:05Z,2026-08-17T18:48:05Z,
102.129.61.228,ipv4,malicious-ip,medium,WHITE,ziyadnz/hourly-ipv4,ziyadnz|hourly,2026-08-17T18:48:05Z,2026-08-17T18:48:05Z,
102.129.61.231,ipv4,malicious-ip,medium,WHITE,ziyadnz/hourly-ipv4,ziyadnz|hourly,2026-08-17T18:48:05Z,2026-08-17T18:48:05Z,
102.129.61.233,ipv4,malicious-ip,medium,WHITE,ziyadnz/hourly-ipv4,ziyadnz|hourly,2026-08-17T18:48:05Z,2026-08-17T18:48:05Z,
102.129.61.244,ipv4,malicious-ip,medium,WHITE,ziyadnz/hourly-ipv4,ziyadnz|hourly,2026-08-17T18:48:05Z,2026-08-17T18:48:05Z,
102.129.61.30,ipv4,malicious-ip,medium,WHITE,ziyadnz/hourly-ipv4,ziyadnz|hourly,2026-08-17T18:48:05Z,2026-08-17T18:48:05Z,
102.129.61.32,ipv4,malicious-ip,medium,WHITE,ziyadnz/hourly-ipv4,ziyadnz|hourly,2026-08-17T18:48:05Z,2026-08-17T18:48:05Z,
102.129.61.4,ipv4,malicious-ip,medium,WHITE,ziyadnz/hourly-ipv4,ziyadnz|hourly,2026-08-17T18:48:05Z,2026-08-17T18:48:05Z,
102.129.61.49,ipv4,malicious-ip,medium,WHITE,ziyadnz/hourly-ipv4,ziyadnz|hourly,2026-08-17T18:48:05Z,2026-08-17T18:48:05Z,
102.129.61.56,ipv4,malicious-ip,medium,WHITE,ziyadnz/hourly-ipv4,ziyadnz|hourly,2026-08-17T18:48:05Z,2026-08-17T18:48:05Z,
102.129.61.64,ipv4,malicious-ip,medium,WHITE,ziyadnz/hourly-ipv4,ziyadnz|hourly,2026-08-17T18:48:05Z,2026-08-17T18:48:05Z,
102.129.61.85,ipv4,malicious-ip,medium,WHITE,ziyadnz/hourly-ipv4,ziyadnz|hourly,2026-08-17T18:48:05Z,2026-08-17T18:48:05Z,
102.129.61.87,ipv4,malicious-ip,medium,WHITE,ziyadnz/hourly-ipv4,ziyadnz|hourly,2026-08-17T18:48:05Z,2026-08-17T18:48:05Z,
102.129.61.89,ipv4,malicious-ip,medium,WHITE,ziyadnz/hourly-ipv4,ziyadnz|hourly,2026-08-17T18:48:05Z,2026-08-17T18:48:05Z,
102.129.62.0,ipv4,malicious-ip,medium,WHITE,ziyadnz/hourly-ipv4,ziyadnz|hourly,2026-08-17T18:48:05Z,2026-08-17T18:48:05Z,
102.129.62.123,ipv4,malicious-ip,medium,WHITE,ziyadnz/hourly-ipv4,ziyadnz|hourly,2026-08-17T18:48:05Z,2026-08-17T18:48:05Z,
102.129.62.134,ipv4,malicious-ip,medium,WHITE,ziyadnz/hourly-ipv4,ziyadnz|hourly,2026-08-17T18:48:05Z,2026-08-17T18:48:05Z,
102.129.62.144,ipv4,malicious-ip,medium,WHITE,ziyadnz/hourly-ipv4,ziyadnz|hourly,2026-08-17T18:48:05Z,2026-08-17T18:48:05Z,
102.129.62.169,ipv4,malicious-ip,medium,WHITE,ziyadnz/hourly-ipv4,ziyadnz|hourly,2026-08-17T18:48:05Z,2026-08-17T18:48:05Z,
102.129.62.178,ipv4,malicious-ip,medium,WHITE,ziyadnz/hourly-ipv4,ziyadnz|hourly,2026-08-17T18:48:05Z,2026-08-17T18:48:05Z,
102.129.62.18,ipv4,malicious-ip,medium,WHITE,ziyadnz/hourly-ipv4,ziyadnz|hourly,2026-08-17T18:48:05Z,2026-08-17T18:48:05Z,
102.129.62.193,ipv4,malicious-ip,medium,WHITE,ziyadnz/hourly-ipv4,ziyadnz|hourly,2026-08-17T18:48:05Z,2026-08-17T18:48:05Z,
102.129.62.194,ipv4,malicious-ip,medium,WHITE,ziyadnz/hourly-ipv4,ziyadnz|hourly,2026-08-17T18:48:05Z,2026-08-17T18:48:05Z,
102.129.62.216,ipv4,malicious-ip,medium,WHITE,ziyadnz/hourly-ipv4,ziyadnz|hourly,2026-08-17T18:48:05Z,2026-08-17T18:48:05Z,
102.129.62.222,ipv4,malicious-ip,medium,WHITE,ziyadnz/hourly-ipv4,ziyadnz|hourly,2026-08-17T18:48:05Z,2026-08-17T18:48:05Z,
102.129.62.248,ipv4,malicious-ip,medium,WHITE,ziyadnz/hourly-ipv4,ziyadnz|hourly,2026-08-17T18:48:05Z,2026-08-17T18:48:05Z,
102.129.62.5,ipv4,malicious-ip,medium,WHITE,ziyadnz/hourly-ipv4,ziyadnz|hourly,2026-08-17T18:48:05Z,2026-08-17T18:48:05Z,
102.129.62.55,ipv4,malicious-ip,medium,WHITE,ziyadnz/hourly-ipv4,ziyadnz|hourly,2026-08-17T18:48:05Z,2026-08-17T18:48:05Z,
102.129.62.59,ipv4,malicious-ip,medium,WHITE,ziyadnz/hourly-ipv4,ziyadnz|hourly,2026-08-17T18:48:05Z,2026-08-17T18:48:05Z,
102.129.62.68,ipv4,malicious-ip,medium,WHITE,ziyadnz/hourly-ipv4,ziyadnz|hourly,2026-08-17T18:48:05Z,2026-08-17T18:48:05Z,
102.129.62.77,ipv4,malicious-ip,medium,WHITE,ziyadnz/hourly-ipv4,ziyadnz|hourly,2026-08-17T18:48:05Z,2026-08-17T18:48:05Z,
102.129.62.78,ipv4,malicious-ip,medium,WHITE,ziyadnz/hourly-ipv4,ziyadnz|hourly,2026-08-17T18:48:05Z,2026-08-17T18:48:05Z,
102.129.63.0,ipv4,malicious-ip,medium,WHITE,ziyadnz/hourly-ipv4,ziyadnz|hourly,2026-08-17T18:48:05Z,2026-08-17T18:48:05Z,
102.129.63.11,ipv4,malicious-ip,medium,WHITE,ziyadnz/hourly-ipv4,ziyadnz|hourly,2026-08-17T18:48:05Z,2026-08-17T18:48:05Z,
102.129.63.111,ipv4,malicious-ip,medium,WHITE,ziyadnz/hourly-ipv4,ziyadnz|hourly,2026-08-17T18:48:05Z,2026-08-17T18:48:05Z,
102.129.63.122,ipv4,malicious-ip,medium,WHITE,ziyadnz/hourly-ipv4,ziyadnz|hourly,2026-08-17T18:48:05Z,2026-08-17T18:48:05Z,
102.129.63.126,ipv4,malicious-ip,medium,WHITE,ziyadnz/hourly-ipv4,ziyadnz|hourly,2026-08-17T18:48:05Z,2026-08-17T18:48:05Z,
102.129.63.138,ipv4,malicious-ip,medium,WHITE,ziyadnz/hourly-ipv4,ziyadnz|hourly,2026-08-17T18:48:05Z,2026-08-17T18:48:05Z,
102.129.63.140,ipv4,malicious-ip,medium,WHITE,ziyadnz/hourly-ipv4,ziyadnz|hourly,2026-08-17T18:48:05Z,2026-08-17T18:48:05Z,
102.129.63.15,ipv4,malicious-ip,medium,WHITE,ziyadnz/hourly-ipv4,ziyadnz|hourly,2026-08-17T18:48:05Z,2026-08-17T18:48:05Z,
102.129.63.150,ipv4,malicious-ip,medium,WHITE,ziyadnz/hourly-ipv4,ziyadnz|hourly,2026-08-17T18:48:05Z,2026-08-17T18:48:05Z,
102.129.63.172,ipv4,malicious-ip,medium,WHITE,ziyadnz/hourly-ipv4,ziyadnz|hourly,2026-08-17T18:48:05Z,2026-08-17T18:48:05Z,
102.129.63.191,ipv4,malicious-ip,medium,WHITE,ziyadnz/hourly-ipv4,ziyadnz|hourly,2026-08-17T18:48:05Z,2026-08-17T18:48:05Z,
102.129.63.193,ipv4,malicious-ip,medium,WHITE,ziyadnz/hourly-ipv4,ziyadnz|hourly,2026-08-17T18:48:05Z,2026-08-17T18:48:05Z,
102.129.63.2,ipv4,malicious-ip,medium,WHITE,ziyadnz/hourly-ipv4,ziyadnz|hourly,2026-08-17T18:48:05Z,2026-08-17T18:48:05Z,
102.129.63.229,ipv4,malicious-ip,medium,WHITE,ziyadnz/hourly-ipv4,ziyadnz|hourly,2026-08-17T18:48:05Z,2026-08-17T18:48:05Z,
102.129.63.242,ipv4,malicious-ip,medium,WHITE,ziyadnz/hourly-ipv4,ziyadnz|hourly,2026-08-17T18:48:05Z,2026-08-17T18:48:05Z,
102.129.63.27,ipv4,malicious-ip,medium,WHITE,ziyadnz/hourly-ipv4,ziyadnz|hourly,2026-08-17T18:48:05Z,2026-08-17T18:48:05Z,
102.129.63.47,ipv4,malicious-ip,medium,WHITE,ziyadnz/hourly-ipv4,ziyadnz|hourly,2026-08-17T18:48:05Z,2026-08-17T18:48:05Z,
102.129.63.52,ipv4,malicious-ip,medium,WHITE,ziyadnz/hourly-ipv4,ziyadnz|hourly,2026-08-17T18:48:05Z,2026-08-17T18:48:05Z,
102.129.63.62,ipv4,malicious-ip,medium,WHITE,ziyadnz/hourly-ipv4,ziyadnz|hourly,2026-08-17T18:48:05Z,2026-08-17T18:48:05Z,
102.129.63.68,ipv4,malicious-ip,medium,WHITE,ziyadnz/hourly-ipv4,ziyadnz|hourly,2026-08-17T18:48:05Z,2026-08-17T18:48:05Z,
102.129.75.241,ipv4,malicious-ip,medium,WHITE,ziyadnz/hourly-ipv4,ziyadnz|hourly,2026-08-17T18:48:05Z,2026-08-17T18:48:05Z,
102.129.81.21,ipv4,malicious-ip,medium,WHITE,ziyadnz/hourly-ipv4,ziyadnz|hourly,2026-08-17T18:48:05Z,2026-08-17T18:48:05Z,
102.129.81.85,ipv4,malicious-ip,medium,WHITE,ziyadnz/hourly-ipv4,ziyadnz|hourly,2026-08-17T18:48:05Z,2026-08-17T18:48:05Z,
102.129.82.23,ipv4,malicious-ip,medium,WHITE,ziyadnz/hourly-ipv4,ziyadnz|hourly,2026-08-17T18:48:05Z,2026-08-17T18:48:05Z,
102.130.112.157,ipv4,malicious-ip,medium,WHITE,ziyadnz/hourly-ipv4,ziyadnz|hourly,2026-08-17T18:48:05Z,2026-08-17T18:48:05Z,
102.130.113.9,ipv4,malicious-ip,medium,WHITE,ziyadnz/hourly-ipv4,ziyadnz|hourly,2026-08-17T18:48:05Z,2026-08-17T18:48:05Z,
102.130.117.167,ipv4,malicious-ip,medium,WHITE,ziyadnz/hourly-ipv4,ziyadnz|hourly,2026-08-17T18:48:05Z,2026-08-17T18:48:05Z,
102.130.127.117,ipv4,malicious-ip,medium,WHITE,ziyadnz/hourly-ipv4,ziyadnz|hourly,2026-08-17T18:48:05Z,2026-08-17T18:48:05Z,
102.130.192.63,ipv4,malicious-ip,medium,WHITE,ziyadnz/hourly-ipv4,ziyadnz|hourly,2026-08-17T18:48:05Z,2026-08-17T18:48:05Z,
102.130.71.187,ipv4,malicious-ip,medium,WHITE,ziyadnz/hourly-ipv4,ziyadnz|hourly,2026-08-17T18:48:05Z,2026-08-17T18:48:05Z,
102.131.60.217,ipv4,malicious-ip,medium,WHITE,ziyadnz/hourly-ipv4,ziyadnz|hourly,2026-08-17T18:48:05Z,2026-08-17T18:48:05Z,
102.132.178.204,ipv4,malicious-ip,medium,WHITE,ziyadnz/hourly-ipv4,ziyadnz|hourly,2026-08-17T18:48:05Z,2026-08-17T18:48:05Z,
102.132.198.191,ipv4,malicious-ip,medium,WHITE,ziyadnz/hourly-ipv4,ziyadnz|hourly,2026-08-17T18:48:05Z,2026-08-17T18:48:05Z,
102.133.144.227,ipv4,malicious-ip,medium,WHITE,ziyadnz/hourly-ipv4,ziyadnz|hourly,2026-08-17T18:48:05Z,2026-08-17T18:48:05Z,
102.134.101.35,ipv4,malicious-ip,medium,WHITE,ziyadnz/hourly-ipv4,ziyadnz|hourly,2026-08-17T18:48:05Z,2026-08-17T18:48:05Z,
102.135.173.96,ipv4,malicious-ip,medium,WHITE,ziyadnz/hourly-ipv4,ziyadnz|hourly,2026-08-17T18:48:05Z,2026-08-17T18:48:05Z,
102.135.174.85,ipv4,malicious-ip,medium,WHITE,ziyadnz/hourly-ipv4,ziyadnz|hourly,2026-08-17T18:48:05Z,2026-08-17T18:48:05Z,
102.135.95.102,ipv4,malicious-ip,medium,WHITE,ziyadnz/hourly-ipv4,ziyadnz|hourly,2026-08-17T18:48:05Z,2026-08-17T18:48:05Z,
102.141.123.242,ipv4,malicious-ip,medium,WHITE,ziyadnz/hourly-ipv4,ziyadnz|hourly,2026-08-17T18:48:05Z,2026-08-17T18:48:05Z,
102.141.45.34,ipv4,malicious-ip,medium,WHITE,ziyadnz/hourly-ipv4,ziyadnz|hourly,2026-08-17T18:48:05Z,2026-08-17T18:48:05Z,
102.141.50.221,ipv4,malicious-ip,medium,WHITE,ziyadnz/hourly-ipv4,ziyadnz|hourly,2026-08-17T18:48:05Z,2026-08-17T18:48:05Z,
102.141.50.55,ipv4,malicious-ip,medium,WHITE,ziyadnz/hourly-ipv4,ziyadnz|hourly,2026-08-17T18:48:05Z,2026-08-17T18:48:05Z,
102.142.21.29,ipv4,malicious-ip,medium,WHITE,ziyadnz/hourly-ipv4,ziyadnz|hourly,2026-08-17T18:48:05Z,2026-08-17T18:48:05Z,
102.142.98.113,ipv4,malicious-ip,medium,WHITE,ziyadnz/hourly-ipv4,ziyadnz|hourly,2026-08-17T18:48:05Z,2026-08-17T18:48:05Z,
102.16.125.52,ipv4,malicious-ip,medium,WHITE,ziyadnz/hourly-ipv4,ziyadnz|hourly,2026-08-17T18:48:05Z,2026-08-17T18:48:05Z,
102.165.118.54,ipv4,malicious-ip,medium,WHITE,ziyadnz/hourly-ipv4,ziyadnz|hourly,2026-08-17T18:48:05Z,2026-08-17T18:48:05Z,
102.165.124.165,ipv4,malicious-ip,medium,WHITE,ziyadnz/hourly-ipv4,ziyadnz|hourly,2026-08-17T18:48:05Z,2026-08-17T18:48:05Z,
102.165.46.28,ipv4,malicious-ip,medium,WHITE,ziyadnz/hourly-ipv4,ziyadnz|hourly,2026-08-17T18:48:05Z,2026-08-17T18:48:05Z,
102.165.53.166,ipv4,malicious-ip,medium,WHITE,ziyadnz/hourly-ipv4,ziyadnz|hourly,2026-08-17T18:48:05Z,2026-08-17T18:48:05Z,
102.165.53.200,ipv4,malicious-ip,medium,WHITE,ziyadnz/hourly-ipv4,ziyadnz|hourly,2026-08-17T18:48:05Z,2026-08-17T18:48:05Z,
102.165.53.235,ipv4,malicious-ip,medium,WHITE,ziyadnz/hourly-ipv4,ziyadnz|hourly,2026-08-17T18:48:05Z,2026-08-17T18:48:05Z,
102.165.54.212,ipv4,malicious-ip,medium,WHITE,ziyadnz/hourly-ipv4,ziyadnz|hourly,2026-08-17T18:48:05Z,2026-08-17T18:48:05Z,
102.165.54.218,ipv4,malicious-ip,medium,WHITE,ziyadnz/hourly-ipv4,ziyadnz|hourly,2026-08-17T18:48:05Z,2026-08-17T18:48:05Z,
102.165.55.131,ipv4,malicious-ip,medium,WHITE,ziyadnz/hourly-ipv4,ziyadnz|hourly,2026-08-17T18:48:05Z,2026-08-17T18:48:05Z,
102.165.55.164,ipv4,malicious-ip,medium,WHITE,ziyadnz/hourly-ipv4,ziyadnz|hourly,2026-08-17T18:48:05Z,2026-08-17T18:48:05Z,
102.17.216.139,ipv4,malicious-ip,medium,WHITE,ziyadnz/hourly-ipv4,ziyadnz|hourly,2026-08-17T18:48:05Z,2026-08-17T18:48:05Z,
102.176.101.0,ipv4,malicious-ip,medium,WHITE,ziyadnz/hourly-ipv4,ziyadnz|hourly,2026-08-17T18:48:05Z,2026-08-17T18:48:05Z,
102.176.201.150,ipv4,malicious-ip,medium,WHITE,ziyadnz/hourly-ipv4,ziyadnz|hourly,2026-08-17T18:48:05Z,2026-08-17T18:48:05Z,
102.176.82.190,ipv4,malicious-ip,medium,WHITE,ziyadnz/hourly-ipv4,ziyadnz|hourly,2026-08-17T18:48:05Z,2026-08-17T18:48:05Z,
102.176.94.36,ipv4,malicious-ip,medium,WHITE,ziyadnz/hourly-ipv4,ziyadnz|hourly,2026-08-17T18:48:05Z,2026-08-17T18:48:05Z,
102.178.121.105,ipv4,malicious-ip,medium,WHITE,ziyadnz/hourly-ipv4,ziyadnz|hourly,2026-08-17T18:48:05Z,2026-08-17T18:48:05Z,
102.178.121.127,ipv4,malicious-ip,medium,WHITE,ziyadnz/hourly-ipv4,ziyadnz|hourly,2026-08-17T18:48:05Z,2026-08-17T18:48:05Z,
102.178.125.74,ipv4,malicious-ip,medium,WHITE,ziyadnz/hourly-ipv4,ziyadnz|hourly,2026-08-17T18:48:05Z,2026-08-17T18:48:05Z,
102.178.145.63,ipv4,malicious-ip,medium,WHITE,ziyadnz/hourly-ipv4,ziyadnz|hourly,2026-08-17T18:48:05Z,2026-08-17T18:48:05Z,
102.178.168.201,ipv4,malicious-ip,medium,WHITE,ziyadnz/hourly-ipv4,ziyadnz|hourly,2026-08-17T18:48:05Z,2026-08-17T18:48:05Z,
102.178.188.221,ipv4,malicious-ip,medium,WHITE,ziyadnz/hourly-ipv4,ziyadnz|hourly,2026-08-17T18:48:05Z,2026-08-17T18:48:05Z,
102.178.245.110,ipv4,malicious-ip,medium,WHITE,ziyadnz/hourly-ipv4,ziyadnz|hourly,2026-08-17T18:48:05Z,2026-08-17T18:48:05Z,
102.178.248.173,ipv4,malicious-ip,medium,WHITE,ziyadnz/hourly-ipv4,ziyadnz|hourly,2026-08-17T18:48:05Z,2026-08-17T18:48:05Z,
102.178.7.22,ipv4,malicious-ip,medium,WHITE,ziyadnz/hourly-ipv4,ziyadnz|hourly,2026-08-17T18:48:05Z,2026-08-17T18:48:05Z,
102.178.95.47,ipv4,malicious-ip,medium,WHITE,ziyadnz/hourly-ipv4,ziyadnz|hourly,2026-08-17T18:48:05Z,2026-08-17T18:48:05Z,
102.179.10.224,ipv4,malicious-ip,medium,WHITE,ziyadnz/hourly-ipv4,ziyadnz|hourly,2026-08-17T18:48:05Z,2026-08-17T18:48:05Z,
102.179.144.126,ipv4,malicious-ip,medium,WHITE,ziyadnz/hourly-ipv4,ziyadnz|hourly,2026-08-17T18:48:05Z,2026-08-17T18:48:05Z,
102.179.194.62,ipv4,malicious-ip,medium,WHITE,ziyadnz/hourly-ipv4,ziyadnz|hourly,2026-08-17T18:48:05Z,2026-08-17T18:48:05Z,
102.179.209.120,ipv4,malicious-ip,medium,WHITE,ziyadnz/hourly-ipv4,ziyadnz|hourly,2026-08-17T18:48:05Z,2026-08-17T18:48:05Z,
102.179.45.78,ipv4,malicious-ip,medium,WHITE,ziyadnz/hourly-ipv4,ziyadnz|hourly,2026-08-17T18:48:05Z,2026-08-17T18:48:05Z,
102.180.133.251,ipv4,malicious-ip,medium,WHITE,ziyadnz/hourly-ipv4,ziyadnz|hourly,2026-08-17T18:48:05Z,2026-08-17T18:48:05Z,
102.180.162.222,ipv4,malicious-ip,medium,WHITE,ziyadnz/hourly-ipv4,ziyadnz|hourly,2026-08-17T18:48:05Z,2026-08-17T18:48:05Z,
102.180.198.12,ipv4,malicious-ip,medium,WHITE,ziyadnz/hourly-ipv4,ziyadnz|hourly,2026-08-17T18:48:05Z,2026-08-17T18:48:05Z,
102.180.2.199,ipv4,malicious-ip,medium,WHITE,ziyadnz/hourly-ipv4,ziyadnz|hourly,2026-08-17T18:48:05Z,2026-08-17T18:48:05Z,
102.180.200.169,ipv4,malicious-ip,medium,WHITE,ziyadnz/hourly-ipv4,ziyadnz|hourly,2026-08-17T18:48:05Z,2026-08-17T18:48:05Z,
102.180.207.24,ipv4,malicious-ip,medium,WHITE,ziyadnz/hourly-ipv4,ziyadnz|hourly,2026-08-17T18:48:05Z,2026-08-17T18:48:05Z,
102.180.22.170,ipv4,malicious-ip,medium,WHITE,ziyadnz/hourly-ipv4,ziyadnz|hourly,2026-08-17T18:48:05Z,2026-08-17T18:48:05Z,
102.180.220.10,ipv4,malicious-ip,medium,WHITE,ziyadnz/hourly-ipv4,ziyadnz|hourly,2026-08-17T18:48:05Z,2026-08-17T18:48:05Z,
102.180.38.247,ipv4,malicious-ip,medium,WHITE,ziyadnz/hourly-ipv4,ziyadnz|hourly,2026-08-17T18:48:05Z,2026-08-17T18:48:05Z,
102.180.59.9,ipv4,malicious-ip,medium,WHITE,ziyadnz/hourly-ipv4,ziyadnz|hourly,2026-08-17T18:48:05Z,2026-08-17T18:48:05Z,
102.180.60.149,ipv4,malicious-ip,medium,WHITE,ziyadnz/hourly-ipv4,ziyadnz|hourly,2026-08-17T18:48:05Z,2026-08-17T18:48:05Z,
102.180.60.233,ipv4,malicious-ip,medium,WHITE,ziyadnz/hourly-ipv4,ziyadnz|hourly,2026-08-17T18:48:05Z,2026-08-17T18:48:05Z,
102.180.91.166,ipv4,malicious-ip,medium,WHITE,ziyadnz/hourly-ipv4,ziyadnz|hourly,2026-08-17T18:48:05Z,2026-08-17T18:48:05Z,
102.182.121.173,ipv4,malicious-ip,medium,WHITE,ziyadnz/hourly-ipv4,ziyadnz|hourly,2026-08-17T18:48:05Z,2026-08-17T18:48:05Z,
102.182.209.122,ipv4,malicious-ip,medium,WHITE,ziyadnz/hourly-ipv4,ziyadnz|hourly,2026-08-17T18:48:05Z,2026-08-17T18:48:05Z,
102.182.212.12,ipv4,malicious-ip,medium,WHITE,ziyadnz/hourly-ipv4,ziyadnz|hourly,2026-08-17T18:48:05Z,2026-08-17T18:48:05Z,
102.182.221.83,ipv4,malicious-ip,medium,WHITE,ziyadnz/hourly-ipv4,ziyadnz|hourly,2026-08-17T18:48:05Z,2026-08-17T18:48:05Z,
102.182.240.241,ipv4,malicious-ip,medium,WHITE,ziyadnz/hourly-ipv4,ziyadnz|hourly,2026-08-17T18:48:05Z,2026-08-17T18:48:05Z,
102.182.241.186,ipv4,malicious-ip,medium,WHITE,ziyadnz/hourly-ipv4,ziyadnz|hourly,2026-08-17T18:48:05Z,2026-08-17T18:48:05Z,
102.182.241.48,ipv4,malicious-ip,medium,WHITE,ziyadnz/hourly-ipv4,ziyadnz|hourly,2026-08-17T18:48:05Z,2026-08-17T18:48:05Z,
102.182.250.93,ipv4,malicious-ip,medium,WHITE,ziyadnz/hourly-ipv4,ziyadnz|hourly,2026-08-17T18:48:05Z,2026-08-17T18:48:05Z,
102.182.46.111,ipv4,malicious-ip,medium,WHITE,ziyadnz/hourly-ipv4,ziyadnz|hourly,2026-08-17T18:48:05Z,2026-08-17T18:48:05Z,
102.182.68.207,ipv4,malicious-ip,medium,WHITE,ziyadnz/hourly-ipv4,ziyadnz|hourly,2026-08-17T18:48:05Z,2026-08-17T18:48:05Z,
102.182.69.213,ipv4,malicious-ip,medium,WHITE,ziyadnz/hourly-ipv4,ziyadnz|hourly,2026-08-17T18:48:05Z,2026-08-17T18:48:05Z,
102.182.92.126,ipv4,malicious-ip,medium,WHITE,ziyadnz/hourly-ipv4,ziyadnz|hourly,2026-08-17T18:48:05Z,2026-08-17T18:48:05Z,
102.189.58.221,ipv4,malicious-ip,medium,WHITE,ziyadnz/hourly-ipv4,ziyadnz|hourly,2026-08-17T18:48:05Z,2026-08-17T18:48:05Z,
102.189.63.121,ipv4,malicious-ip,medium,WHITE,ziyadnz/hourly-ipv4,ziyadnz|hourly,2026-08-17T18:48:05Z,2026-08-17T18:48:05Z,
102.202.45.162,ipv4,malicious-ip,medium,WHITE,ziyadnz/hourly-ipv4,ziyadnz|hourly,2026-08-17T18:48:05Z,2026-08-17T18:48:05Z,
102.202.75.132,ipv4,malicious-ip,medium,WHITE,ziyadnz/hourly-ipv4,ziyadnz|hourly,2026-08-17T18:48:05Z,2026-08-17T18:48:05Z,
102.203.101.241,ipv4,malicious-ip,medium,WHITE,ziyadnz/hourly-ipv4,ziyadnz|hourly,2026-08-17T18:48:05Z,2026-08-17T18:48:05Z,
102.203.137.242,ipv4,malicious-ip,medium,WHITE,ziyadnz/hourly-ipv4,ziyadnz|hourly,2026-08-17T18:48:05Z,2026-08-17T18:48:05Z,
102.203.200.45,ipv4,malicious-ip,medium,WHITE,ziyadnz/hourly-ipv4,ziyadnz|hourly,2026-08-17T18:48:05Z,2026-08-17T18:48:05Z,
102.203.201.152,ipv4,malicious-ip,medium,WHITE,ziyadnz/hourly-ipv4,ziyadnz|hourly,2026-08-17T18:48:05Z,2026-08-17T18:48:05Z,
102.203.209.113,ipv4,malicious-ip,medium,WHITE,ziyadnz/hourly-ipv4,ziyadnz|hourly,2026-08-17T18:48:05Z,2026-08-17T18:48:05Z,
102.203.41.162,ipv4,malicious-ip,medium,WHITE,ziyadnz/hourly-ipv4,ziyadnz|hourly,2026-08-17T18:48:05Z,2026-08-17T18:48:05Z,
102.203.41.231,ipv4,malicious-ip,medium,WHITE,ziyadnz/hourly-ipv4,ziyadnz|hourly,2026-08-17T18:48:05Z,2026-08-17T18:48:05Z,
102.204.127.26,ipv4,malicious-ip,medium,WHITE,ziyadnz/hourly-ipv4,ziyadnz|hourly,2026-08-17T18:48:05Z,2026-08-17T18:48:05Z,
102.204.148.76,ipv4,malicious-ip,medium,WHITE,ziyadnz/hourly-ipv4,ziyadnz|hourly,2026-08-17T18:48:05Z,2026-08-17T18:48:05Z,
102.204.176.5,ipv4,malicious-ip,medium,WHITE,ziyadnz/hourly-ipv4,ziyadnz|hourly,2026-08-17T18:48:05Z,2026-08-17T18:48:05Z,
102.204.59.115,ipv4,malicious-ip,medium,WHITE,ziyadnz/hourly-ipv4,ziyadnz|hourly,2026-08-17T18:48:05Z,2026-08-17T18:48:05Z,
102.204.88.186,ipv4,malicious-ip,medium,WHITE,ziyadnz/hourly-ipv4,ziyadnz|hourly,2026-08-17T18:48:05Z,2026-08-17T18:48:05Z,
102.205.153.14,ipv4,malicious-ip,medium,WHITE,ziyadnz/hourly-ipv4,ziyadnz|hourly,2026-08-17T18:48:05Z,2026-08-17T18:48:05Z,
102.205.237.234,ipv4,malicious-ip,medium,WHITE,ziyadnz/hourly-ipv4,ziyadnz|hourly,2026-08-17T18:48:05Z,2026-08-17T18:48:05Z,
102.205.238.5,ipv4,malicious-ip,medium,WHITE,ziyadnz/hourly-ipv4,ziyadnz|hourly,2026-08-17T18:48:05Z,2026-08-17T18:48:05Z,
102.205.248.10,ipv4,malicious-ip,medium,WHITE,ziyadnz/hourly-ipv4,ziyadnz|hourly,2026-08-17T18:48:05Z,2026-08-17T18:48:05Z,
102.205.248.26,ipv4,malicious-ip,medium,WHITE,ziyadnz/hourly-ipv4,ziyadnz|hourly,2026-08-17T18:48:05Z,2026-08-17T18:48:05Z,
102.205.92.2,ipv4,malicious-ip,medium,WHITE,ziyadnz/hourly-ipv4,ziyadnz|hourly,2026-08-17T18:48:05Z,2026-08-17T18:48:05Z,
102.206.113.100,ipv4,malicious-ip,medium,WHITE,ziyadnz/hourly-ipv4,ziyadnz|hourly,2026-08-17T18:48:05Z,2026-08-17T18:48:05Z,
102.206.113.255,ipv4,malicious-ip,medium,WHITE,ziyadnz/hourly-ipv4,ziyadnz|hourly,2026-08-17T18:48:05Z,2026-08-17T18:48:05Z,
102.206.185.19,ipv4,malicious-ip,medium,WHITE,ziyadnz/hourly-ipv4,ziyadnz|hourly,2026-08-17T18:48:05Z,2026-08-17T18:48:05Z,
102.206.92.179,ipv4,malicious-ip,medium,WHITE,ziyadnz/hourly-ipv4,ziyadnz|hourly,2026-08-17T18:48:05Z,2026-08-17T18:48:05Z,
102.207.1.2,ipv4,malicious-ip,medium,WHITE,ziyadnz/hourly-ipv4,ziyadnz|hourly,2026-08-17T18:48:05Z,2026-08-17T18:48:05Z,
102.207.180.30,ipv4,malicious-ip,medium,WHITE,ziyadnz/hourly-ipv4,ziyadnz|hourly,2026-08-17T18:48:05Z,2026-08-17T18:48:05Z,
102.207.184.54,ipv4,malicious-ip,medium,WHITE,ziyadnz/hourly-ipv4,ziyadnz|hourly,2026-08-17T18:48:05Z,2026-08-17T18:48:05Z,
102.207.191.60,ipv4,malicious-ip,medium,WHITE,ziyadnz/hourly-ipv4,ziyadnz|hourly,2026-08-17T18:48:05Z,2026-08-17T18:48:05Z,
102.208.107.202,ipv4,malicious-ip,medium,WHITE,ziyadnz/hourly-ipv4,ziyadnz|hourly,2026-08-17T18:48:05Z,2026-08-17T18:48:05Z,
102.208.121.95,ipv4,malicious-ip,medium,WHITE,ziyadnz/hourly-ipv4,ziyadnz|hourly,2026-08-17T18:48:05Z,2026-08-17T18:48:05Z,
102.208.164.211,ipv4,malicious-ip,medium,WHITE,ziyadnz/hourly-ipv4,ziyadnz|hourly,2026-08-17T18:48:05Z,2026-08-17T18:48:05Z,
102.208.190.254,ipv4,malicious-ip,medium,WHITE,ziyadnz/hourly-ipv4,ziyadnz|hourly,2026-08-17T18:48:05Z,2026-08-17T18:48:05Z,
102.208.34.7,ipv4,malicious-ip,medium,WHITE,ziyadnz/hourly-ipv4,ziyadnz|hourly,2026-08-17T18:48:05Z,2026-08-17T18:48:05Z,
102.208.61.84,ipv4,malicious-ip,medium,WHITE,ziyadnz/hourly-ipv4,ziyadnz|hourly,2026-08-17T18:48:05Z,2026-08-17T18:48:05Z,
102.208.61.92,ipv4,malicious-ip,medium,WHITE,ziyadnz/hourly-ipv4,ziyadnz|hourly,2026-08-17T18:48:05Z,2026-08-17T18:48:05Z,
102.208.96.28,ipv4,malicious-ip,medium,WHITE,ziyadnz/hourly-ipv4,ziyadnz|hourly,2026-08-17T18:48:05Z,2026-08-17T18:48:05Z,
102.208.98.84,ipv4,malicious-ip,medium,WHITE,ziyadnz/hourly-ipv4,ziyadnz|hourly,2026-08-17T18:48:05Z,2026-08-17T18:48:05Z,
102.209.111.134,ipv4,malicious-ip,medium,WHITE,ziyadnz/hourly-ipv4,ziyadnz|hourly,2026-08-17T18:48:05Z,2026-08-17T18:48:05Z,
102.209.119.140,ipv4,malicious-ip,medium,WHITE,ziyadnz/hourly-ipv4,ziyadnz|hourly,2026-08-17T18:48:05Z,2026-08-17T18:48:05Z,
102.209.18.106,ipv4,malicious-ip,medium,WHITE,ziyadnz/hourly-ipv4,ziyadnz|hourly,2026-08-17T18:48:05Z,2026-08-17T18:48:05Z,
102.209.192.134,ipv4,malicious-ip,medium,WHITE,ziyadnz/hourly-ipv4,ziyadnz|hourly,2026-08-17T18:48:05Z,2026-08-17T18:48:05Z,
102.209.220.44,ipv4,malicious-ip,medium,WHITE,ziyadnz/hourly-ipv4,ziyadnz|hourly,2026-08-17T18:48:05Z,2026-08-17T18:48:05Z,
102.209.236.98,ipv4,malicious-ip,medium,WHITE,ziyadnz/hourly-ipv4,ziyadnz|hourly,2026-08-17T18:48:05Z,2026-08-17T18:48:05Z,
102.209.248.22,ipv4,malicious-ip,medium,WHITE,ziyadnz/hourly-ipv4,ziyadnz|hourly,2026-08-17T18:48:05Z,2026-08-17T18:48:05Z,
102.209.56.81,ipv4,malicious-ip,medium,WHITE,ziyadnz/hourly-ipv4,ziyadnz|hourly,2026-08-17T18:48:05Z,2026-08-17T18:48:05Z,
102.209.76.144,ipv4,malicious-ip,medium,WHITE,ziyadnz/hourly-ipv4,ziyadnz|hourly,2026-08-17T18:48:05Z,2026-08-17T18:48:05Z,
102.209.76.158,ipv4,malicious-ip,medium,WHITE,ziyadnz/hourly-ipv4,ziyadnz|hourly,2026-08-17T18:48:05Z,2026-08-17T18:48:05Z,
102.210.125.2,ipv4,malicious-ip,medium,WHITE,ziyadnz/hourly-ipv4,ziyadnz|hourly,2026-08-17T18:48:05Z,2026-08-17T18:48:05Z,
102.210.125.66,ipv4,malicious-ip,medium,WHITE,ziyadnz/hourly-ipv4,ziyadnz|hourly,2026-08-17T18:48:05Z,2026-08-17T18:48:05Z,
102.210.146.231,ipv4,malicious-ip,medium,WHITE,ziyadnz/hourly-ipv4,ziyadnz|hourly,2026-08-17T18:48:05Z,2026-08-17T18:48:05Z,
102.210.149.236,ipv4,malicious-ip,medium,WHITE,ziyadnz/hourly-ipv4,ziyadnz|hourly,2026-08-17T18:48:05Z,2026-08-17T18:48:05Z,
102.210.210.2,ipv4,malicious-ip,medium,WHITE,ziyadnz/hourly-ipv4,ziyadnz|hourly,2026-08-17T18:48:05Z,2026-08-17T18:48:05Z,
102.210.24.5,ipv4,malicious-ip,medium,WHITE,ziyadnz/hourly-ipv4,ziyadnz|hourly,2026-08-17T18:48:05Z,2026-08-17T18:48:05Z,
102.210.28.96,ipv4,malicious-ip,medium,WHITE,ziyadnz/hourly-ipv4,ziyadnz|hourly,2026-08-17T18:48:05Z,2026-08-17T18:48:05Z,
102.210.40.14,ipv4,malicious-ip,medium,WHITE,ziyadnz/hourly-ipv4,ziyadnz|hourly,2026-08-17T18:48:05Z,2026-08-17T18:48:05Z,
102.210.40.158,ipv4,malicious-ip,medium,WHITE,ziyadnz/hourly-ipv4,ziyadnz|hourly,2026-08-17T18:48:05Z,2026-08-17T18:48:05Z,
102.211.145.1,ipv4,malicious-ip,medium,WHITE,ziyadnz/hourly-ipv4,ziyadnz|hourly,2026-08-17T18:48:05Z,2026-08-17T18:48:05Z,
102.211.145.133,ipv4,malicious-ip,medium,WHITE,ziyadnz/hourly-ipv4,ziyadnz|hourly,2026-08-17T18:48:05Z,2026-08-17T18:48:05Z,
102.211.145.181,ipv4,malicious-ip,medium,WHITE,ziyadnz/hourly-ipv4,ziyadnz|hourly,2026-08-17T18:48:05Z,2026-08-17T18:48:05Z,
102.211.146.27,ipv4,malicious-ip,medium,WHITE,ziyadnz/hourly-ipv4,ziyadnz|hourly,2026-08-17T18:48:05Z,2026-08-17T18:48:05Z,
102.211.147.81,ipv4,malicious-ip,medium,WHITE,ziyadnz/hourly-ipv4,ziyadnz|hourly,2026-08-17T18:48:05Z,2026-08-17T18:48:05Z,
102.211.187.5,ipv4,malicious-ip,medium,WHITE,ziyadnz/hourly-ipv4,ziyadnz|hourly,2026-08-17T18:48:05Z,2026-08-17T18:48:05Z,
102.211.193.145,ipv4,malicious-ip,medium,WHITE,ziyadnz/hourly-ipv4,ziyadnz|hourly,2026-08-17T18:48:05Z,2026-08-17T18:48:05Z,
102.211.234.141,ipv4,malicious-ip,medium,WHITE,ziyadnz/hourly-ipv4,ziyadnz|hourly,2026-08-17T18:48:05Z,2026-08-17T18:48:05Z,
102.211.48.190,ipv4,malicious-ip,medium,WHITE,ziyadnz/hourly-ipv4,ziyadnz|hourly,2026-08-17T18:48:05Z,2026-08-17T18:48:05Z,
102.211.56.112,ipv4,malicious-ip,medium,WHITE,ziyadnz/hourly-ipv4,ziyadnz|hourly,2026-08-17T18:48:05Z,2026-08-17T18:48:05Z,
102.211.56.20,ipv4,malicious-ip,medium,WHITE,ziyadnz/hourly-ipv4,ziyadnz|hourly,2026-08-17T18:48:05Z,2026-08-17T18:48:05Z,
102.212.120.32,ipv4,malicious-ip,medium,WHITE,ziyadnz/hourly-ipv4,ziyadnz|hourly,2026-08-17T18:48:05Z,2026-08-17T18:48:05Z,
102.212.183.4,ipv4,malicious-ip,medium,WHITE,ziyadnz/hourly-ipv4,ziyadnz|hourly,2026-08-17T18:48:05Z,2026-08-17T18:48:05Z,
102.212.236.160,ipv4,malicious-ip,medium,WHITE,ziyadnz/hourly-ipv4,ziyadnz|hourly,2026-08-17T18:48:05Z,2026-08-17T18:48:05Z,
102.212.40.226,ipv4,malicious-ip,medium,WHITE,ziyadnz/hourly-ipv4,ziyadnz|hourly,2026-08-17T18:48:05Z,2026-08-17T18:48:05Z,
102.213.176.14,ipv4,malicious-ip,medium,WHITE,ziyadnz/hourly-ipv4,ziyadnz|hourly,2026-08-17T18:48:05Z,2026-08-17T18:48:05Z,
102.213.179.104,ipv4,malicious-ip,medium,WHITE,ziyadnz/hourly-ipv4,ziyadnz|hourly,2026-08-17T18:48:05Z,2026-08-17T18:48:05Z,
102.213.200.241,ipv4,malicious-ip,medium,WHITE,ziyadnz/hourly-ipv4,ziyadnz|hourly,2026-08-17T18:48:05Z,2026-08-17T18:48:05Z,
102.213.201.14,ipv4,malicious-ip,medium,WHITE,ziyadnz/hourly-ipv4,ziyadnz|hourly,2026-08-17T18:48:05Z,2026-08-17T18:48:05Z,
102.213.209.1,ipv4,malicious-ip,medium,WHITE,ziyadnz/hourly-ipv4,ziyadnz|hourly,2026-08-17T18:48:05Z,2026-08-17T18:48:05Z,
102.213.216.5,ipv4,malicious-ip,medium,WHITE,ziyadnz/hourly-ipv4,ziyadnz|hourly,2026-08-17T18:48:05Z,2026-08-17T18:48:05Z,
102.213.241.218,ipv4,malicious-ip,medium,WHITE,ziyadnz/hourly-ipv4,ziyadnz|hourly,2026-08-17T18:48:05Z,2026-08-17T18:48:05Z,
102.213.251.10,ipv4,malicious-ip,medium,WHITE,ziyadnz/hourly-ipv4,ziyadnz|hourly,2026-08-17T18:48:05Z,2026-08-17T18:48:05Z,
102.213.28.194,ipv4,malicious-ip,medium,WHITE,ziyadnz/hourly-ipv4,ziyadnz|hourly,2026-08-17T18:48:05Z,2026-08-17T18:48:05Z,
102.213.28.196,ipv4,malicious-ip,medium,WHITE,ziyadnz/hourly-ipv4,ziyadnz|hourly,2026-08-17T18:48:05Z,2026-08-17T18:48:05Z,
102.213.34.99,ipv4,malicious-ip,medium,WHITE,ziyadnz/hourly-ipv4,ziyadnz|hourly,2026-08-17T18:48:05Z,2026-08-17T18:48:05Z,
102.213.48.46,ipv4,malicious-ip,medium,WHITE,ziyadnz/hourly-ipv4,ziyadnz|hourly,2026-08-17T18:48:05Z,2026-08-17T18:48:05Z,
102.213.48.50,ipv4,malicious-ip,medium,WHITE,ziyadnz/hourly-ipv4,ziyadnz|hourly,2026-08-17T18:48:05Z,2026-08-17T18:48:05Z,
102.213.48.58,ipv4,malicious-ip,medium,WHITE,ziyadnz/hourly-ipv4,ziyadnz|hourly,2026-08-17T18:48:05Z,2026-08-17T18:48:05Z,
102.213.65.248,ipv4,malicious-ip,medium,WHITE,ziyadnz/hourly-ipv4,ziyadnz|hourly,2026-08-17T18:48:05Z,2026-08-17T18:48:05Z,
102.213.9.78,ipv4,malicious-ip,medium,WHITE,ziyadnz/hourly-ipv4,ziyadnz|hourly,2026-08-17T18:48:05Z,2026-08-17T18:48:05Z,
102.213.95.48,ipv4,malicious-ip,medium,WHITE,ziyadnz/hourly-ipv4,ziyadnz|hourly,2026-08-17T18:48:05Z,2026-08-17T18:48:05Z,
102.214.117.0,ipv4,malicious-ip,medium,WHITE,ziyadnz/hourly-ipv4,ziyadnz|hourly,2026-08-17T18:48:05Z,2026-08-17T18:48:05Z,
102.214.117.106,ipv4,malicious-ip,medium,WHITE,ziyadnz/hourly-ipv4,ziyadnz|hourly,2026-08-17T18:48:05Z,2026-08-17T18:48:05Z,
102.214.117.109,ipv4,malicious-ip,medium,WHITE,ziyadnz/hourly-ipv4,ziyadnz|hourly,2026-08-17T18:48:05Z,2026-08-17T18:48:05Z,
102.214.117.147,ipv4,malicious-ip,medium,WHITE,ziyadnz/hourly-ipv4,ziyadnz|hourly,2026-08-17T18:48:05Z,2026-08-17T18:48:05Z,
102.214.117.149,ipv4,malicious-ip,medium,WHITE,ziyadnz/hourly-ipv4,ziyadnz|hourly,2026-08-17T18:48:05Z,2026-08-17T18:48:05Z,
102.214.117.198,ipv4,malicious-ip,medium,WHITE,ziyadnz/hourly-ipv4,ziyadnz|hourly,2026-08-17T18:48:05Z,2026-08-17T18:48:05Z,
102.214.117.62,ipv4,malicious-ip,medium,WHITE,ziyadnz/hourly-ipv4,ziyadnz|hourly,2026-08-17T18:48:05Z,2026-08-17T18:48:05Z,
102.214.117.67,ipv4,malicious-ip,medium,WHITE,ziyadnz/hourly-ipv4,ziyadnz|hourly,2026-08-17T18:48:05Z,2026-08-17T18:48:05Z,
102.214.117.94,ipv4,malicious-ip,medium,WHITE,ziyadnz/hourly-ipv4,ziyadnz|hourly,2026-08-17T18:48:05Z,2026-08-17T18:48:05Z,
102.214.138.174,ipv4,malicious-ip,medium,WHITE,ziyadnz/hourly-ipv4,ziyadnz|hourly,2026-08-17T18:48:05Z,2026-08-17T18:48:05Z,
102.214.22.137,ipv4,malicious-ip,medium,WHITE,ziyadnz/hourly-ipv4,ziyadnz|hourly,2026-08-17T18:48:05Z,2026-08-17T18:48:05Z,
102.214.37.132,ipv4,malicious-ip,medium,WHITE,ziyadnz/hourly-ipv4,ziyadnz|hourly,2026-08-17T18:48:05Z,2026-08-17T18:48:05Z,
102.214.44.117,ipv4,malicious-ip,medium,WHITE,ziyadnz/hourly-ipv4,ziyadnz|hourly,2026-08-17T18:48:05Z,2026-08-17T18:48:05Z,
102.215.111.92,ipv4,malicious-ip,medium,WHITE,ziyadnz/hourly-ipv4,ziyadnz|hourly,2026-08-17T18:48:05Z,2026-08-17T18:48:05Z,
102.215.13.34,ipv4,malicious-ip,medium,WHITE,ziyadnz/hourly-ipv4,ziyadnz|hourly,2026-08-17T18:48:05Z,2026-08-17T18:48:05Z,
102.215.15.119,ipv4,malicious-ip,medium,WHITE,ziyadnz/hourly-ipv4,ziyadnz|hourly,2026-08-17T18:48:05Z,2026-08-17T18:48:05Z,
102.215.15.22,ipv4,malicious-ip,medium,WHITE,ziyadnz/hourly-ipv4,ziyadnz|hourly,2026-08-17T18:48:05Z,2026-08-17T18:48:05Z,
102.215.242.10,ipv4,malicious-ip,medium,WHITE,ziyadnz/hourly-ipv4,ziyadnz|hourly,2026-08-17T18:48:05Z,2026-08-17T18:48:05Z,
102.215.242.31,ipv4,malicious-ip,medium,WHITE,ziyadnz/hourly-ipv4,ziyadnz|hourly,2026-08-17T18:48:05Z,2026-08-17T18:48:05Z,
102.215.242.87,ipv4,malicious-ip,medium,WHITE,ziyadnz/hourly-ipv4,ziyadnz|hourly,2026-08-17T18:48:05Z,2026-08-17T18:48:05Z,
102.215.33.64,ipv4,malicious-ip,medium,WHITE,ziyadnz/hourly-ipv4,ziyadnz|hourly,2026-08-17T18:48:05Z,2026-08-17T18:48:05Z,
102.215.34.112,ipv4,malicious-ip,medium,WHITE,ziyadnz/hourly-ipv4,ziyadnz|hourly,2026-08-17T18:48:05Z,2026-08-17T18:48:05Z,
102.215.34.118,ipv4,malicious-ip,medium,WHITE,ziyadnz/hourly-ipv4,ziyadnz|hourly,2026-08-17T18:48:05Z,2026-08-17T18:48:05Z,
102.215.34.20,ipv4,malicious-ip,medium,WHITE,ziyadnz/hourly-ipv4,ziyadnz|hourly,2026-08-17T18:48:05Z,2026-08-17T18:48:05Z,
102.215.34.6,ipv4,malicious-ip,medium,WHITE,ziyadnz/hourly-ipv4,ziyadnz|hourly,2026-08-17T18:48:05Z,2026-08-17T18:48:05Z,
102.215.78.52,ipv4,malicious-ip,medium,WHITE,ziyadnz/hourly-ipv4,ziyadnz|hourly,2026-08-17T18:48:05Z,2026-08-17T18:48:05Z,
102.215.79.169,ipv4,malicious-ip,medium,WHITE,ziyadnz/hourly-ipv4,ziyadnz|hourly,2026-08-17T18:48:05Z,2026-08-17T18:48:05Z,
102.216.1.141,ipv4,malicious-ip,medium,WHITE,ziyadnz/hourly-ipv4,ziyadnz|hourly,2026-08-17T18:48:05Z,2026-08-17T18:48:05Z,
102.216.1.162,ipv4,malicious-ip,medium,WHITE,ziyadnz/hourly-ipv4,ziyadnz|hourly,2026-08-17T18:48:05Z,2026-08-17T18:48:05Z,
102.216.1.172,ipv4,malicious-ip,medium,WHITE,ziyadnz/hourly-ipv4,ziyadnz|hourly,2026-08-17T18:48:05Z,2026-08-17T18:48:05Z,
102.216.116.26,ipv4,malicious-ip,medium,WHITE,ziyadnz/hourly-ipv4,ziyadnz|hourly,2026-08-17T18:48:05Z,2026-08-17T18:48:05Z,
102.216.116.74,ipv4,malicious-ip,medium,WHITE,ziyadnz/hourly-ipv4,ziyadnz|hourly,2026-08-17T18:48:05Z,2026-08-17T18:48:05Z,
102.216.134.50,ipv4,malicious-ip,medium,WHITE,ziyadnz/hourly-ipv4,ziyadnz|hourly,2026-08-17T18:48:05Z,2026-08-17T18:48:05Z,
102.216.169.161,ipv4,malicious-ip,medium,WHITE,ziyadnz/hourly-ipv4,ziyadnz|hourly,2026-08-17T18:48:05Z,2026-08-17T18:48:05Z,
102.216.203.228,ipv4,malicious-ip,medium,WHITE,ziyadnz/hourly-ipv4,ziyadnz|hourly,2026-08-17T18:48:05Z,2026-08-17T18:48:05Z,
102.216.203.245,ipv4,malicious-ip,medium,WHITE,ziyadnz/hourly-ipv4,ziyadnz|hourly,2026-08-17T18:48:05Z,2026-08-17T18:48:05Z,
102.216.203.253,ipv4,malicious-ip,medium,WHITE,ziyadnz/hourly-ipv4,ziyadnz|hourly,2026-08-17T18:48:05Z,2026-08-17T18:48:05Z,
102.216.236.218,ipv4,malicious-ip,medium,WHITE,ziyadnz/hourly-ipv4,ziyadnz|hourly,2026-08-17T18:48:05Z,2026-08-17T18:48:05Z,
102.216.237.30,ipv4,malicious-ip,medium,WHITE,ziyadnz/hourly-ipv4,ziyadnz|hourly,2026-08-17T18:48:05Z,2026-08-17T18:48:05Z,
102.216.240.61,ipv4,malicious-ip,medium,WHITE,ziyadnz/hourly-ipv4,ziyadnz|hourly,2026-08-17T18:48:05Z,2026-08-17T18:48:05Z,
102.216.253.47,ipv4,malicious-ip,medium,WHITE,ziyadnz/hourly-ipv4,ziyadnz|hourly,2026-08-17T18:48:05Z,2026-08-17T18:48:05Z,
102.216.27.83,ipv4,malicious-ip,medium,WHITE,ziyadnz/hourly-ipv4,ziyadnz|hourly,2026-08-17T18:48:05Z,2026-08-17T18:48:05Z,
102.216.73.199,ipv4,malicious-ip,medium,WHITE,ziyadnz/hourly-ipv4,ziyadnz|hourly,2026-08-17T18:48:05Z,2026-08-17T18:48:05Z,
102.217.176.2,ipv4,malicious-ip,medium,WHITE,ziyadnz/hourly-ipv4,ziyadnz|hourly,2026-08-17T18:48:05Z,2026-08-17T18:48:05Z,
102.217.178.178,ipv4,malicious-ip,medium,WHITE,ziyadnz/hourly-ipv4,ziyadnz|hourly,2026-08-17T18:48:05Z,2026-08-17T18:48:05Z,
102.217.178.206,ipv4,malicious-ip,medium,WHITE,ziyadnz/hourly-ipv4,ziyadnz|hourly,2026-08-17T18:48:05Z,2026-08-17T18:48:05Z,
102.217.187.231,ipv4,malicious-ip,medium,WHITE,ziyadnz/hourly-ipv4,ziyadnz|hourly,2026-08-17T18:48:05Z,2026-08-17T18:48:05Z,
102.217.240.158,ipv4,malicious-ip,medium,WHITE,ziyadnz/hourly-ipv4,ziyadnz|hourly,2026-08-17T18:48:05Z,2026-08-17T18:48:05Z,
102.217.241.37,ipv4,malicious-ip,medium,WHITE,ziyadnz/hourly-ipv4,ziyadnz|hourly,2026-08-17T18:48:05Z,2026-08-17T18:48:05Z,
102.217.38.249,ipv4,malicious-ip,medium,WHITE,ziyadnz/hourly-ipv4,ziyadnz|hourly,2026-08-17T18:48:05Z,2026-08-17T18:48:05Z,
102.217.4.129,ipv4,malicious-ip,medium,WHITE,ziyadnz/hourly-ipv4,ziyadnz|hourly,2026-08-17T18:48:05Z,2026-08-17T18:48:05Z,
102.217.42.150,ipv4,malicious-ip,medium,WHITE,ziyadnz/hourly-ipv4,ziyadnz|hourly,2026-08-17T18:48:05Z,2026-08-17T18:48:05Z,
102.217.42.38,ipv4,malicious-ip,medium,WHITE,ziyadnz/hourly-ipv4,ziyadnz|hourly,2026-08-17T18:48:05Z,2026-08-17T18:48:05Z,
102.218.124.242,ipv4,malicious-ip,medium,WHITE,ziyadnz/hourly-ipv4,ziyadnz|hourly,2026-08-17T18:48:05Z,2026-08-17T18:48:05Z,
102.218.246.229,ipv4,malicious-ip,medium,WHITE,ziyadnz/hourly-ipv4,ziyadnz|hourly,2026-08-17T18:48:05Z,2026-08-17T18:48:05Z,
102.218.89.110,ipv4,malicious-ip,medium,WHITE,ziyadnz/hourly-ipv4,ziyadnz|hourly,2026-08-17T18:48:05Z,2026-08-17T18:48:05Z,
102.219.11.52,ipv4,malicious-ip,medium,WHITE,ziyadnz/hourly-ipv4,ziyadnz|hourly,2026-08-17T18:48:05Z,2026-08-17T18:48:05Z,
102.219.126.124,ipv4,malicious-ip,medium,WHITE,ziyadnz/hourly-ipv4,ziyadnz|hourly,2026-08-17T18:48:05Z,2026-08-17T18:48:05Z,
102.219.162.160,ipv4,malicious-ip,medium,WHITE,ziyadnz/hourly-ipv4,ziyadnz|hourly,2026-08-17T18:48:05Z,2026-08-17T18:48:05Z,
102.219.163.144,ipv4,malicious-ip,medium,WHITE,ziyadnz/hourly-ipv4,ziyadnz|hourly,2026-08-17T18:48:05Z,2026-08-17T18:48:05Z,
102.219.170.118,ipv4,malicious-ip,medium,WHITE,ziyadnz/hourly-ipv4,ziyadnz|hourly,2026-08-17T18:48:05Z,2026-08-17T18:48:05Z,
102.219.170.38,ipv4,malicious-ip,medium,WHITE,ziyadnz/hourly-ipv4,ziyadnz|hourly,2026-08-17T18:48:05Z,2026-08-17T18:48:05Z,
102.219.170.62,ipv4,malicious-ip,medium,WHITE,ziyadnz/hourly-ipv4,ziyadnz|hourly,2026-08-17T18:48:05Z,2026-08-17T18:48:05Z,
102.219.170.71,ipv4,malicious-ip,medium,WHITE,ziyadnz/hourly-ipv4,ziyadnz|hourly,2026-08-17T18:48:05Z,2026-08-17T18:48:05Z,
102.219.170.72,ipv4,malicious-ip,medium,WHITE,ziyadnz/hourly-ipv4,ziyadnz|hourly,2026-08-17T18:48:05Z,2026-08-17T18:48:05Z,
102.219.170.92,ipv4,malicious-ip,medium,WHITE,ziyadnz/hourly-ipv4,ziyadnz|hourly,2026-08-17T18:48:05Z,2026-08-17T18:48:05Z,
102.219.190.2,ipv4,malicious-ip,medium,WHITE,ziyadnz/hourly-ipv4,ziyadnz|hourly,2026-08-17T18:48:05Z,2026-08-17T18:48:05Z,
102.219.201.67,ipv4,malicious-ip,medium,WHITE,ziyadnz/hourly-ipv4,ziyadnz|hourly,2026-08-17T18:48:05Z,2026-08-17T18:48:05Z,
102.219.208.122,ipv4,malicious-ip,medium,WHITE,ziyadnz/hourly-ipv4,ziyadnz|hourly,2026-08-17T18:48:05Z,2026-08-17T18:48:05Z,
102.219.208.90,ipv4,malicious-ip,medium,WHITE,ziyadnz/hourly-ipv4,ziyadnz|hourly,2026-08-17T18:48:05Z,2026-08-17T18:48:05Z,
102.219.209.230,ipv4,malicious-ip,medium,WHITE,ziyadnz/hourly-ipv4,ziyadnz|hourly,2026-08-17T18:48:05Z,2026-08-17T18:48:05Z,
102.219.210.186,ipv4,malicious-ip,medium,WHITE,ziyadnz/hourly-ipv4,ziyadnz|hourly,2026-08-17T18:48:05Z,2026-08-17T18:48:05Z,
102.219.210.254,ipv4,malicious-ip,medium,WHITE,ziyadnz/hourly-ipv4,ziyadnz|hourly,2026-08-17T18:48:05Z,2026-08-17T18:48:05Z,
102.219.210.90,ipv4,malicious-ip,medium,WHITE,ziyadnz/hourly-ipv4,ziyadnz|hourly,2026-08-17T18:48:05Z,2026-08-17T18:48:05Z,
102.219.227.90,ipv4,malicious-ip,medium,WHITE,ziyadnz/hourly-ipv4,ziyadnz|hourly,2026-08-17T18:48:05Z,2026-08-17T18:48:05Z,
102.219.229.7,ipv4,malicious-ip,medium,WHITE,ziyadnz/hourly-ipv4,ziyadnz|hourly,2026-08-17T18:48:05Z,2026-08-17T18:48:05Z,
102.219.24.12,ipv4,malicious-ip,medium,WHITE,ziyadnz/hourly-ipv4,ziyadnz|hourly,2026-08-17T18:48:05Z,2026-08-17T18:48:05Z,
102.219.24.195,ipv4,malicious-ip,medium,WHITE,ziyadnz/hourly-ipv4,ziyadnz|hourly,2026-08-17T18:48:05Z,2026-08-17T18:48:05Z,
102.219.25.212,ipv4,malicious-ip,medium,WHITE,ziyadnz/hourly-ipv4,ziyadnz|hourly,2026-08-17T18:48:05Z,2026-08-17T18:48:05Z,
102.219.25.34,ipv4,malicious-ip,medium,WHITE,ziyadnz/hourly-ipv4,ziyadnz|hourly,2026-08-17T18:48:05Z,2026-08-17T18:48:05Z,
102.219.27.200,ipv4,malicious-ip,medium,WHITE,ziyadnz/hourly-ipv4,ziyadnz|hourly,2026-08-17T18:48:05Z,2026-08-17T18:48:05Z,
102.219.27.26,ipv4,malicious-ip,medium,WHITE,ziyadnz/hourly-ipv4,ziyadnz|hourly,2026-08-17T18:48:05Z,2026-08-17T18:48:05Z,
102.22.170.96,ipv4,malicious-ip,medium,WHITE,ziyadnz/hourly-ipv4,ziyadnz|hourly,2026-08-17T18:48:05Z,2026-08-17T18:48:05Z,
102.22.193.101,ipv4,malicious-ip,medium,WHITE,ziyadnz/hourly-ipv4,ziyadnz|hourly,2026-08-17T18:48:05Z,2026-08-17T18:48:05Z,
102.22.217.76,ipv4,malicious-ip,medium,WHITE,ziyadnz/hourly-ipv4,ziyadnz|hourly,2026-08-17T18:48:05Z,2026-08-17T18:48:05Z,
102.22.81.180,ipv4,malicious-ip,medium,WHITE,ziyadnz/hourly-ipv4,ziyadnz|hourly,2026-08-17T18:48:05Z,2026-08-17T18:48:05Z,
102.220.12.50,ipv4,malicious-ip,medium,WHITE,ziyadnz/hourly-ipv4,ziyadnz|hourly,2026-08-17T18:48:05Z,2026-08-17T18:48:05Z,
102.220.158.181,ipv4,malicious-ip,medium,WHITE,ziyadnz/hourly-ipv4,ziyadnz|hourly,2026-08-17T18:48:05Z,2026-08-17T18:48:05Z,
102.220.158.213,ipv4,malicious-ip,medium,WHITE,ziyadnz/hourly-ipv4,ziyadnz|hourly,2026-08-17T18:48:05Z,2026-08-17T18:48:05Z,
102.220.158.247,ipv4,malicious-ip,medium,WHITE,ziyadnz/hourly-ipv4,ziyadnz|hourly,2026-08-17T18:48:05Z,2026-08-17T18:48:05Z,
102.220.158.253,ipv4,malicious-ip,medium,WHITE,ziyadnz/hourly-ipv4,ziyadnz|hourly,2026-08-17T18:48:05Z,2026-08-17T18:48:05Z,
102.220.160.0,ipv4,malicious-ip,medium,WHITE,ziyadnz/hourly-ipv4,ziyadnz|hourly,2026-08-17T18:48:05Z,2026-08-17T18:48:05Z,
102.220.160.129,ipv4,malicious-ip,medium,WHITE,ziyadnz/hourly-ipv4,ziyadnz|hourly,2026-08-17T18:48:05Z,2026-08-17T18:48:05Z,
102.220.160.148,ipv4,malicious-ip,medium,WHITE,ziyadnz/hourly-ipv4,ziyadnz|hourly,2026-08-17T18:48:05Z,2026-08-17T18:48:05Z,
102.220.160.172,ipv4,malicious-ip,medium,WHITE,ziyadnz/hourly-ipv4,ziyadnz|hourly,2026-08-17T18:48:05Z,2026-08-17T18:48:05Z,
102.220.160.184,ipv4,malicious-ip,medium,WHITE,ziyadnz/hourly-ipv4,ziyadnz|hourly,2026-08-17T18:48:05Z,2026-08-17T18:48:05Z,
102.220.160.29,ipv4,malicious-ip,medium,WHITE,ziyadnz/hourly-ipv4,ziyadnz|hourly,2026-08-17T18:48:05Z,2026-08-17T18:48:05Z,
102.220.160.39,ipv4,malicious-ip,medium,WHITE,ziyadnz/hourly-ipv4,ziyadnz|hourly,2026-08-17T18:48:05Z,2026-08-17T18:48:05Z,
102.220.160.42,ipv4,malicious-ip,medium,WHITE,ziyadnz/hourly-ipv4,ziyadnz|hourly,2026-08-17T18:48:05Z,2026-08-17T18:48:05Z,
102.220.160.47,ipv4,malicious-ip,medium,WHITE,ziyadnz/hourly-ipv4,ziyadnz|hourly,2026-08-17T18:48:05Z,2026-08-17T18:48:05Z,
102.220.160.63,ipv4,malicious-ip,medium,WHITE,ziyadnz/hourly-ipv4,ziyadnz|hourly,2026-08-17T18:48:05Z,2026-08-17T18:48:05Z,
102.220.85.131,ipv4,malicious-ip,medium,WHITE,ziyadnz/hourly-ipv4,ziyadnz|hourly,2026-08-17T18:48:05Z,2026-08-17T18:48:05Z,
102.221.12.46,ipv4,malicious-ip,medium,WHITE,ziyadnz/hourly-ipv4,ziyadnz|hourly,2026-08-17T18:48:05Z,2026-08-17T18:48:05Z,
102.221.220.174,ipv4,malicious-ip,medium,WHITE,ziyadnz/hourly-ipv4,ziyadnz|hourly,2026-08-17T18:48:05Z,2026-08-17T18:48:05Z,
102.221.220.181,ipv4,malicious-ip,medium,WHITE,ziyadnz/hourly-ipv4,ziyadnz|hourly,2026-08-17T18:48:05Z,2026-08-17T18:48:05Z,
102.221.220.7,ipv4,malicious-ip,medium,WHITE,ziyadnz/hourly-ipv4,ziyadnz|hourly,2026-08-17T18:48:05Z,2026-08-17T18:48:05Z,
102.221.232.3,ipv4,malicious-ip,medium,WHITE,ziyadnz/hourly-ipv4,ziyadnz|hourly,2026-08-17T18:48:05Z,2026-08-17T18:48:05Z,
102.221.237.6,ipv4,malicious-ip,medium,WHITE,ziyadnz/hourly-ipv4,ziyadnz|hourly,2026-08-17T18:48:05Z,2026-08-17T18:48:05Z,
102.221.29.109,ipv4,malicious-ip,medium,WHITE,ziyadnz/hourly-ipv4,ziyadnz|hourly,2026-08-17T18:48:05Z,2026-08-17T18:48:05Z,
102.221.29.110,ipv4,malicious-ip,medium,WHITE,ziyadnz/hourly-ipv4,ziyadnz|hourly,2026-08-17T18:48:05Z,2026-08-17T18:48:05Z,
102.221.40.131,ipv4,malicious-ip,medium,WHITE,ziyadnz/hourly-ipv4,ziyadnz|hourly,2026-08-17T18:48:05Z,2026-08-17T18:48:05Z,
102.222.172.42,ipv4,malicious-ip,medium,WHITE,ziyadnz/hourly-ipv4,ziyadnz|hourly,2026-08-17T18:48:05Z,2026-08-17T18:48:05Z,
102.222.172.45,ipv4,malicious-ip,medium,WHITE,ziyadnz/hourly-ipv4,ziyadnz|hourly,2026-08-17T18:48:05Z,2026-08-17T18:48:05Z,
102.222.4.116,ipv4,malicious-ip,medium,WHITE,ziyadnz/hourly-ipv4,ziyadnz|hourly,2026-08-17T18:48:05Z,2026-08-17T18:48:05Z,
102.223.189.118,ipv4,malicious-ip,medium,WHITE,ziyadnz/hourly-ipv4,ziyadnz|hourly,2026-08-17T18:48:05Z,2026-08-17T18:48:05Z,
102.223.58.134,ipv4,malicious-ip,medium,WHITE,ziyadnz/hourly-ipv4,ziyadnz|hourly,2026-08-17T18:48:05Z,2026-08-17T18:48:05Z,
102.223.58.241,ipv4,malicious-ip,medium,WHITE,ziyadnz/hourly-ipv4,ziyadnz|hourly,2026-08-17T18:48:05Z,2026-08-17T18:48:05Z,
102.223.92.101,ipv4,malicious-ip,medium,WHITE,ziyadnz/hourly-ipv4,ziyadnz|hourly,2026-08-17T18:48:05Z,2026-08-17T18:48:05Z,
102.23.162.11,ipv4,malicious-ip,medium,WHITE,ziyadnz/hourly-ipv4,ziyadnz|hourly,2026-08-17T18:48:05Z,2026-08-17T18:48:05Z,
102.23.172.145,ipv4,malicious-ip,medium,WHITE,ziyadnz/hourly-ipv4,ziyadnz|hourly,2026-08-17T18:48:05Z,2026-08-17T18:48:05Z,
102.23.247.168,ipv4,malicious-ip,medium,WHITE,ziyadnz/hourly-ipv4,ziyadnz|hourly,2026-08-17T18:48:05Z,2026-08-17T18:48:05Z,
102.23.88.162,ipv4,malicious-ip,medium,WHITE,ziyadnz/hourly-ipv4,ziyadnz|hourly,2026-08-17T18:48:05Z,2026-08-17T18:48:05Z,
102.253.0.7,ipv4,malicious-ip,medium,WHITE,ziyadnz/hourly-ipv4,ziyadnz|hourly,2026-08-17T18:48:05Z,2026-08-17T18:48:05Z,
102.253.102.14,ipv4,malicious-ip,medium,WHITE,ziyadnz/hourly-ipv4,ziyadnz|hourly,2026-08-17T18:48:05Z,2026-08-17T18:48:05Z,
102.254.179.28,ipv4,malicious-ip,medium,WHITE,ziyadnz/hourly-ipv4,ziyadnz|hourly,2026-08-17T18:48:05Z,2026-08-17T18:48:05Z,
102.33.1.144,ipv4,malicious-ip,medium,WHITE,ziyadnz/hourly-ipv4,ziyadnz|hourly,2026-08-17T18:48:05Z,2026-08-17T18:48:05Z,
102.33.155.126,ipv4,malicious-ip,medium,WHITE,ziyadnz/hourly-ipv4,ziyadnz|hourly,2026-08-17T18:48:05Z,2026-08-17T18:48:05Z,
102.33.32.29,ipv4,malicious-ip,medium,WHITE,ziyadnz/hourly-ipv4,ziyadnz|hourly,2026-08-17T18:48:05Z,2026-08-17T18:48:05Z,
102.33.32.51,ipv4,malicious-ip,medium,WHITE,ziyadnz/hourly-ipv4,ziyadnz|hourly,2026-08-17T18:48:05Z,2026-08-17T18:48:05Z,
102.35.108.30,ipv4,malicious-ip,medium,WHITE,ziyadnz/hourly-ipv4,ziyadnz|hourly,2026-08-17T18:48:05Z,2026-08-17T18:48:05Z,
102.35.122.31,ipv4,malicious-ip,medium,WHITE,ziyadnz/hourly-ipv4,ziyadnz|hourly,2026-08-17T18:48:05Z,2026-08-17T18:48:05Z,
102.36.150.232,ipv4,malicious-ip,medium,WHITE,ziyadnz/hourly-ipv4,ziyadnz|hourly,2026-08-17T18:48:05Z,2026-08-17T18:48:05Z,
102.37.107.49,ipv4,malicious-ip,medium,WHITE,ziyadnz/hourly-ipv4,ziyadnz|hourly,2026-08-17T18:48:05Z,2026-08-17T18:48:05Z,
102.37.156.238,ipv4,malicious-ip,medium,WHITE,ziyadnz/hourly-ipv4,ziyadnz|hourly,2026-08-17T18:48:05Z,2026-08-17T18:48:05Z,
102.37.22.98,ipv4,malicious-ip,medium,WHITE,ziyadnz/hourly-ipv4,ziyadnz|hourly,2026-08-17T18:48:05Z,2026-08-17T18:48:05Z,
102.37.220.188,ipv4,malicious-ip,medium,WHITE,ziyadnz/hourly-ipv4,ziyadnz|hourly,2026-08-17T18:48:05Z,2026-08-17T18:48:05Z,
102.38.105.228,ipv4,malicious-ip,medium,WHITE,ziyadnz/hourly-ipv4,ziyadnz|hourly,2026-08-17T18:48:05Z,2026-08-17T18:48:05Z,
102.38.105.240,ipv4,malicious-ip,medium,WHITE,ziyadnz/hourly-ipv4,ziyadnz|hourly,2026-08-17T18:48:05Z,2026-08-17T18:48:05Z,
102.38.113.229,ipv4,malicious-ip,medium,WHITE,ziyadnz/hourly-ipv4,ziyadnz|hourly,2026-08-17T18:48:05Z,2026-08-17T18:48:05Z,
102.38.124.50,ipv4,malicious-ip,medium,WHITE,ziyadnz/hourly-ipv4,ziyadnz|hourly,2026-08-17T18:48:05Z,2026-08-17T18:48:05Z,
102.38.127.142,ipv4,malicious-ip,medium,WHITE,ziyadnz/hourly-ipv4,ziyadnz|hourly,2026-08-17T18:48:05Z,2026-08-17T18:48:05Z,
102.38.81.252,ipv4,malicious-ip,medium,WHITE,ziyadnz/hourly-ipv4,ziyadnz|hourly,2026-08-17T18:48:05Z,2026-08-17T18:48:05Z,
102.38.95.78,ipv4,malicious-ip,medium,WHITE,ziyadnz/hourly-ipv4,ziyadnz|hourly,2026-08-17T18:48:05Z,2026-08-17T18:48:05Z,
102.39.63.247,ipv4,malicious-ip,medium,WHITE,ziyadnz/hourly-ipv4,ziyadnz|hourly,2026-08-17T18:48:05Z,2026-08-17T18:48:05Z,
102.39.94.34,ipv4,malicious-ip,medium,WHITE,ziyadnz/hourly-ipv4,ziyadnz|hourly,2026-08-17T18:48:05Z,2026-08-17T18:48:05Z,
102.50.250.77,ipv4,malicious-ip,medium,WHITE,ziyadnz/hourly-ipv4,ziyadnz|hourly,2026-08-17T18:48:05Z,2026-08-17T18:48:05Z,
102.53.12.221,ipv4,malicious-ip,medium,WHITE,ziyadnz/hourly-ipv4,ziyadnz|hourly,2026-08-17T18:48:05Z,2026-08-17T18:48:05Z,
102.53.15.180,ipv4,malicious-ip,medium,WHITE,ziyadnz/hourly-ipv4,ziyadnz|hourly,2026-08-17T18:48:05Z,2026-08-17T18:48:05Z,
102.53.176.103,ipv4,malicious-ip,medium,WHITE,ziyadnz/hourly-ipv4,ziyadnz|hourly,2026-08-17T18:48:05Z,2026-08-17T18:48:05Z,
102.53.185.1,ipv4,malicious-ip,medium,WHITE,ziyadnz/hourly-ipv4,ziyadnz|hourly,2026-08-17T18:48:05Z,2026-08-17T18:48:05Z,
102.54.243.162,ipv4,malicious-ip,medium,WHITE,ziyadnz/hourly-ipv4,ziyadnz|hourly,2026-08-17T18:48:05Z,2026-08-17T18:48:05Z,
102.54.248.131,ipv4,malicious-ip,medium,WHITE,ziyadnz/hourly-ipv4,ziyadnz|hourly,2026-08-17T18:48:05Z,2026-08-17T18:48:05Z,
102.64.152.180,ipv4,malicious-ip,medium,WHITE,ziyadnz/hourly-ipv4,ziyadnz|hourly,2026-08-17T18:48:05Z,2026-08-17T18:48:05Z,
102.64.152.91,ipv4,malicious-ip,medium,WHITE,ziyadnz/hourly-ipv4,ziyadnz|hourly,2026-08-17T18:48:05Z,2026-08-17T18:48:05Z,
102.64.153.212,ipv4,malicious-ip,medium,WHITE,ziyadnz/hourly-ipv4,ziyadnz|hourly,2026-08-17T18:48:05Z,2026-08-17T18:48:05Z,
102.64.160.111,ipv4,malicious-ip,medium,WHITE,ziyadnz/hourly-ipv4,ziyadnz|hourly,2026-08-17T18:48:05Z,2026-08-17T18:48:05Z,
102.64.160.202,ipv4,malicious-ip,medium,WHITE,ziyadnz/hourly-ipv4,ziyadnz|hourly,2026-08-17T18:48:05Z,2026-08-17T18:48:05Z,
102.64.164.209,ipv4,malicious-ip,medium,WHITE,ziyadnz/hourly-ipv4,ziyadnz|hourly,2026-08-17T18:48:05Z,2026-08-17T18:48:05Z,
102.64.164.52,ipv4,malicious-ip,medium,WHITE,ziyadnz/hourly-ipv4,ziyadnz|hourly,2026-08-17T18:48:05Z,2026-08-17T18:48:05Z,
102.64.167.35,ipv4,malicious-ip,medium,WHITE,ziyadnz/hourly-ipv4,ziyadnz|hourly,2026-08-17T18:48:05Z,2026-08-17T18:48:05Z,
102.64.216.202,ipv4,malicious-ip,medium,WHITE,ziyadnz/hourly-ipv4,ziyadnz|hourly,2026-08-17T18:48:05Z,2026-08-17T18:48:05Z,
102.64.217.216,ipv4,malicious-ip,medium,WHITE,ziyadnz/hourly-ipv4,ziyadnz|hourly,2026-08-17T18:48:05Z,2026-08-17T18:48:05Z,
102.64.220.39,ipv4,malicious-ip,medium,WHITE,ziyadnz/hourly-ipv4,ziyadnz|hourly,2026-08-17T18:48:05Z,2026-08-17T18:48:05Z,
102.64.32.0,ipv4,malicious-ip,medium,WHITE,ziyadnz/hourly-ipv4,ziyadnz|hourly,2026-08-17T18:48:05Z,2026-08-17T18:48:05Z,
102.64.32.101,ipv4,malicious-ip,medium,WHITE,ziyadnz/hourly-ipv4,ziyadnz|hourly,2026-08-17T18:48:05Z,2026-08-17T18:48:05Z,
102.64.32.11,ipv4,malicious-ip,medium,WHITE,ziyadnz/hourly-ipv4,ziyadnz|hourly,2026-08-17T18:48:05Z,2026-08-17T18:48:05Z,
102.64.32.122,ipv4,malicious-ip,medium,WHITE,ziyadnz/hourly-ipv4,ziyadnz|hourly,2026-08-17T18:48:05Z,2026-08-17T18:48:05Z,
102.64.32.140,ipv4,malicious-ip,medium,WHITE,ziyadnz/hourly-ipv4,ziyadnz|hourly,2026-08-17T18:48:05Z,2026-08-17T18:48:05Z,
102.64.32.144,ipv4,malicious-ip,medium,WHITE,ziyadnz/hourly-ipv4,ziyadnz|hourly,2026-08-17T18:48:05Z,2026-08-17T18:48:05Z,
102.64.32.148,ipv4,malicious-ip,medium,WHITE,ziyadnz/hourly-ipv4,ziyadnz|hourly,2026-08-17T18:48:05Z,2026-08-17T18:48:05Z,
102.64.32.173,ipv4,malicious-ip,medium,WHITE,ziyadnz/hourly-ipv4,ziyadnz|hourly,2026-08-17T18:48:05Z,2026-08-17T18:48:05Z,
102.64.32.201,ipv4,malicious-ip,medium,WHITE,ziyadnz/hourly-ipv4,ziyadnz|hourly,2026-08-17T18:48:05Z,2026-08-17T18:48:05Z,
102.64.32.216,ipv4,malicious-ip,medium,WHITE,ziyadnz/hourly-ipv4,ziyadnz|hourly,2026-08-17T18:48:05Z,2026-08-17T18:48:05Z,
102.64.32.222,ipv4,malicious-ip,medium,WHITE,ziyadnz/hourly-ipv4,ziyadnz|hourly,2026-08-17T18:48:05Z,2026-08-17T18:48:05Z,
102.64.32.46,ipv4,malicious-ip,medium,WHITE,ziyadnz/hourly-ipv4,ziyadnz|hourly,2026-08-17T18:48:05Z,2026-08-17T18:48:05Z,
102.64.32.67,ipv4,malicious-ip,medium,WHITE,ziyadnz/hourly-ipv4,ziyadnz|hourly,2026-08-17T18:48:05Z,2026-08-17T18:48:05Z,
102.64.33.0,ipv4,malicious-ip,medium,WHITE,ziyadnz/hourly-ipv4,ziyadnz|hourly,2026-08-17T18:48:05Z,2026-08-17T18:48:05Z,
102.64.33.104,ipv4,malicious-ip,medium,WHITE,ziyadnz/hourly-ipv4,ziyadnz|hourly,2026-08-17T18:48:05Z,2026-08-17T18:48:05Z,
102.64.33.116,ipv4,malicious-ip,medium,WHITE,ziyadnz/hourly-ipv4,ziyadnz|hourly,2026-08-17T18:48:05Z,2026-08-17T18:48:05Z,
102.64.33.124,ipv4,malicious-ip,medium,WHITE,ziyadnz/hourly-ipv4,ziyadnz|hourly,2026-08-17T18:48:05Z,2026-08-17T18:48:05Z,
102.64.33.131,ipv4,malicious-ip,medium,WHITE,ziyadnz/hourly-ipv4,ziyadnz|hourly,2026-08-17T18:48:05Z,2026-08-17T18:48:05Z,
102.64.33.148,ipv4,malicious-ip,medium,WHITE,ziyadnz/hourly-ipv4,ziyadnz|hourly,2026-08-17T18:48:05Z,2026-08-17T18:48:05Z,
102.64.33.189,ipv4,malicious-ip,medium,WHITE,ziyadnz/hourly-ipv4,ziyadnz|hourly,2026-08-17T18:48:05Z,2026-08-17T18:48:05Z,
102.64.33.19,ipv4,malicious-ip,medium,WHITE,ziyadnz/hourly-ipv4,ziyadnz|hourly,2026-08-17T18:48:05Z,2026-08-17T18:48:05Z,
102.64.33.212,ipv4,malicious-ip,medium,WHITE,ziyadnz/hourly-ipv4,ziyadnz|hourly,2026-08-17T18:48:05Z,2026-08-17T18:48:05Z,
102.64.33.215,ipv4,malicious-ip,medium,WHITE,ziyadnz/hourly-ipv4,ziyadnz|hourly,2026-08-17T18:48:05Z,2026-08-17T18:48:05Z,
102.64.33.226,ipv4,malicious-ip,medium,WHITE,ziyadnz/hourly-ipv4,ziyadnz|hourly,2026-08-17T18:48:05Z,2026-08-17T18:48:05Z,
102.64.33.231,ipv4,malicious-ip,medium,WHITE,ziyadnz/hourly-ipv4,ziyadnz|hourly,2026-08-17T18:48:05Z,2026-08-17T18:48:05Z,
102.64.33.89,ipv4,malicious-ip,medium,WHITE,ziyadnz/hourly-ipv4,ziyadnz|hourly,2026-08-17T18:48:05Z,2026-08-17T18:48:05Z,
102.64.33.93,ipv4,malicious-ip,medium,WHITE,ziyadnz/hourly-ipv4,ziyadnz|hourly,2026-08-17T18:48:05Z,2026-08-17T18:48:05Z,
102.64.34.0,ipv4,malicious-ip,medium,WHITE,ziyadnz/hourly-ipv4,ziyadnz|hourly,2026-08-17T18:48:05Z,2026-08-17T18:48:05Z,
102.64.34.101,ipv4,malicious-ip,medium,WHITE,ziyadnz/hourly-ipv4,ziyadnz|hourly,2026-08-17T18:48:05Z,2026-08-17T18:48:05Z,
102.64.34.125,ipv4,malicious-ip,medium,WHITE,ziyadnz/hourly-ipv4,ziyadnz|hourly,2026-08-17T18:48:05Z,2026-08-17T18:48:05Z,
102.64.34.131,ipv4,malicious-ip,medium,WHITE,ziyadnz/hourly-ipv4,ziyadnz|hourly,2026-08-17T18:48:05Z,2026-08-17T18:48:05Z,
102.64.34.179,ipv4,malicious-ip,medium,WHITE,ziyadnz/hourly-ipv4,ziyadnz|hourly,2026-08-17T18:48:05Z,2026-08-17T18:48:05Z,
102.64.34.209,ipv4,malicious-ip,medium,WHITE,ziyadnz/hourly-ipv4,ziyadnz|hourly,2026-08-17T18:48:05Z,2026-08-17T18:48:05Z,
102.64.34.223,ipv4,malicious-ip,medium,WHITE,ziyadnz/hourly-ipv4,ziyadnz|hourly,2026-08-17T18:48:05Z,2026-08-17T18:48:05Z,
102.64.34.28,ipv4,malicious-ip,medium,WHITE,ziyadnz/hourly-ipv4,ziyadnz|hourly,2026-08-17T18:48:05Z,2026-08-17T18:48:05Z,
102.64.34.40,ipv4,malicious-ip,medium,WHITE,ziyadnz/hourly-ipv4,ziyadnz|hourly,2026-08-17T18:48:05Z,2026-08-17T18:48:05Z,
102.64.34.44,ipv4,malicious-ip,medium,WHITE,ziyadnz/hourly-ipv4,ziyadnz|hourly,2026-08-17T18:48:05Z,2026-08-17T18:48:05Z,
102.64.34.47,ipv4,malicious-ip,medium,WHITE,ziyadnz/hourly-ipv4,ziyadnz|hourly,2026-08-17T18:48:05Z,2026-08-17T18:48:05Z,
102.64.34.55,ipv4,malicious-ip,medium,WHITE,ziyadnz/hourly-ipv4,ziyadnz|hourly,2026-08-17T18:48:05Z,2026-08-17T18:48:05Z,
102.64.34.62,ipv4,malicious-ip,medium,WHITE,ziyadnz/hourly-ipv4,ziyadnz|hourly,2026-08-17T18:48:05Z,2026-08-17T18:48:05Z,
102.64.35.0,ipv4,malicious-ip,medium,WHITE,ziyadnz/hourly-ipv4,ziyadnz|hourly,2026-08-17T18:48:05Z,2026-08-17T18:48:05Z,
102.64.35.105,ipv4,malicious-ip,medium,WHITE,ziyadnz/hourly-ipv4,ziyadnz|hourly,2026-08-17T18:48:05Z,2026-08-17T18:48:05Z,
102.64.35.109,ipv4,malicious-ip,medium,WHITE,ziyadnz/hourly-ipv4,ziyadnz|hourly,2026-08-17T18:48:05Z,2026-08-17T18:48:05Z,
102.64.35.117,ipv4,malicious-ip,medium,WHITE,ziyadnz/hourly-ipv4,ziyadnz|hourly,2026-08-17T18:48:05Z,2026-08-17T18:48:05Z,
102.64.35.158,ipv4,malicious-ip,medium,WHITE,ziyadnz/hourly-ipv4,ziyadnz|hourly,2026-08-17T18:48:05Z,2026-08-17T18:48:05Z,
102.64.35.17,ipv4,malicious-ip,medium,WHITE,ziyadnz/hourly-ipv4,ziyadnz|hourly,2026-08-17T18:48:05Z,2026-08-17T18:48:05Z,
102.64.35.170,ipv4,malicious-ip,medium,WHITE,ziyadnz/hourly-ipv4,ziyadnz|hourly,2026-08-17T18:48:05Z,2026-08-17T18:48:05Z,
102.64.35.175,ipv4,malicious-ip,medium,WHITE,ziyadnz/hourly-ipv4,ziyadnz|hourly,2026-08-17T18:48:05Z,2026-08-17T18:48:05Z,
102.64.35.192,ipv4,malicious-ip,medium,WHITE,ziyadnz/hourly-ipv4,ziyadnz|hourly,2026-08-17T18:48:05Z,2026-08-17T18:48:05Z,
102.64.35.199,ipv4,malicious-ip,medium,WHITE,ziyadnz/hourly-ipv4,ziyadnz|hourly,2026-08-17T18:48:05Z,2026-08-17T18:48:05Z,
102.64.35.210,ipv4,malicious-ip,medium,WHITE,ziyadnz/hourly-ipv4,ziyadnz|hourly,2026-08-17T18:48:05Z,2026-08-17T18:48:05Z,
102.64.35.223,ipv4,malicious-ip,medium,WHITE,ziyadnz/hourly-ipv4,ziyadnz|hourly,2026-08-17T18:48:05Z,2026-08-17T18:48:05Z,
102.64.35.242,ipv4,malicious-ip,medium,WHITE,ziyadnz/hourly-ipv4,ziyadnz|hourly,2026-08-17T18:48:05Z,2026-08-17T18:48:05Z,
102.64.35.244,ipv4,malicious-ip,medium,WHITE,ziyadnz/hourly-ipv4,ziyadnz|hourly,2026-08-17T18:48:05Z,2026-08-17T18:48:05Z,
102.64.35.246,ipv4,malicious-ip,medium,WHITE,ziyadnz/hourly-ipv4,ziyadnz|hourly,2026-08-17T18:48:05Z,2026-08-17T18:48:05Z,
102.64.35.247,ipv4,malicious-ip,medium,WHITE,ziyadnz/hourly-ipv4,ziyadnz|hourly,2026-08-17T18:48:05Z,2026-08-17T18:48:05Z,
102.64.35.29,ipv4,malicious-ip,medium,WHITE,ziyadnz/hourly-ipv4,ziyadnz|hourly,2026-08-17T18:48:05Z,2026-08-17T18:48:05Z,
102.64.35.31,ipv4,malicious-ip,medium,WHITE,ziyadnz/hourly-ipv4,ziyadnz|hourly,2026-08-17T18:48:05Z,2026-08-17T18:48:05Z,
102.64.35.37,ipv4,malicious-ip,medium,WHITE,ziyadnz/hourly-ipv4,ziyadnz|hourly,2026-08-17T18:48:05Z,2026-08-17T18:48:05Z,
102.64.35.40,ipv4,malicious-ip,medium,WHITE,ziyadnz/hourly-ipv4,ziyadnz|hourly,2026-08-17T18:48:05Z,2026-08-17T18:48:05Z,
102.64.35.51,ipv4,malicious-ip,medium,WHITE,ziyadnz/hourly-ipv4,ziyadnz|hourly,2026-08-17T18:48:05Z,2026-08-17T18:48:05Z,
102.64.35.56,ipv4,malicious-ip,medium,WHITE,ziyadnz/hourly-ipv4,ziyadnz|hourly,2026-08-17T18:48:05Z,2026-08-17T18:48:05Z,
102.64.35.6,ipv4,malicious-ip,medium,WHITE,ziyadnz/hourly-ipv4,ziyadnz|hourly,2026-08-17T18:48:05Z,2026-08-17T18:48:05Z,
102.64.35.74,ipv4,malicious-ip,medium,WHITE,ziyadnz/hourly-ipv4,ziyadnz|hourly,2026-08-17T18:48:05Z,2026-08-17T18:48:05Z,
102.64.35.75,ipv4,malicious-ip,medium,WHITE,ziyadnz/hourly-ipv4,ziyadnz|hourly,2026-08-17T18:48:05Z,2026-08-17T18:48:05Z,
102.64.35.79,ipv4,malicious-ip,medium,WHITE,ziyadnz/hourly-ipv4,ziyadnz|hourly,2026-08-17T18:48:05Z,2026-08-17T18:48:05Z,
102.64.35.81,ipv4,malicious-ip,medium,WHITE,ziyadnz/hourly-ipv4,ziyadnz|hourly,2026-08-17T18:48:05Z,2026-08-17T18:48:05Z,
102.64.35.91,ipv4,malicious-ip,medium,WHITE,ziyadnz/hourly-ipv4,ziyadnz|hourly,2026-08-17T18:48:05Z,2026-08-17T18:48:05Z,
102.64.36.0,ipv4,malicious-ip,medium,WHITE,ziyadnz/hourly-ipv4,ziyadnz|hourly,2026-08-17T18:48:05Z,2026-08-17T18:48:05Z,
102.64.36.101,ipv4,malicious-ip,medium,WHITE,ziyadnz/hourly-ipv4,ziyadnz|hourly,2026-08-17T18:48:05Z,2026-08-17T18:48:05Z,
102.64.36.127,ipv4,malicious-ip,medium,WHITE,ziyadnz/hourly-ipv4,ziyadnz|hourly,2026-08-17T18:48:05Z,2026-08-17T18:48:05Z,
102.64.36.16,ipv4,malicious-ip,medium,WHITE,ziyadnz/hourly-ipv4,ziyadnz|hourly,2026-08-17T18:48:05Z,2026-08-17T18:48:05Z,
102.64.36.160,ipv4,malicious-ip,medium,WHITE,ziyadnz/hourly-ipv4,ziyadnz|hourly,2026-08-17T18:48:05Z,2026-08-17T18:48:05Z,
102.64.36.169,ipv4,malicious-ip,medium,WHITE,ziyadnz/hourly-ipv4,ziyadnz|hourly,2026-08-17T18:48:05Z,2026-08-17T18:48:05Z,
102.64.36.171,ipv4,malicious-ip,medium,WHITE,ziyadnz/hourly-ipv4,ziyadnz|hourly,2026-08-17T18:48:05Z,2026-08-17T18:48:05Z,
102.64.36.172,ipv4,malicious-ip,medium,WHITE,ziyadnz/hourly-ipv4,ziyadnz|hourly,2026-08-17T18:48:05Z,2026-08-17T18:48:05Z,
102.64.36.203,ipv4,malicious-ip,medium,WHITE,ziyadnz/hourly-ipv4,ziyadnz|hourly,2026-08-17T18:48:05Z,2026-08-17T18:48:05Z,
102.64.36.211,ipv4,malicious-ip,medium,WHITE,ziyadnz/hourly-ipv4,ziyadnz|hourly,2026-08-17T18:48:05Z,2026-08-17T18:48:05Z,
102.64.36.218,ipv4,malicious-ip,medium,WHITE,ziyadnz/hourly-ipv4,ziyadnz|hourly,2026-08-17T18:48:05Z,2026-08-17T18:48:05Z,
102.64.36.220,ipv4,malicious-ip,medium,WHITE,ziyadnz/hourly-ipv4,ziyadnz|hourly,2026-08-17T18:48:05Z,2026-08-17T18:48:05Z,
102.64.36.221,ipv4,malicious-ip,medium,WHITE,ziyadnz/hourly-ipv4,ziyadnz|hourly,2026-08-17T18:48:05Z,2026-08-17T18:48:05Z,
102.64.36.222,ipv4,malicious-ip,medium,WHITE,ziyadnz/hourly-ipv4,ziyadnz|hourly,2026-08-17T18:48:05Z,2026-08-17T18:48:05Z,
102.64.36.224,ipv4,malicious-ip,medium,WHITE,ziyadnz/hourly-ipv4,ziyadnz|hourly,2026-08-17T18:48:05Z,2026-08-17T18:48:05Z,
102.64.36.226,ipv4,malicious-ip,medium,WHITE,ziyadnz/hourly-ipv4,ziyadnz|hourly,2026-08-17T18:48:05Z,2026-08-17T18:48:05Z,
102.64.36.228,ipv4,malicious-ip,medium,WHITE,ziyadnz/hourly-ipv4,ziyadnz|hourly,2026-08-17T18:48:05Z,2026-08-17T18:48:05Z,
102.64.36.231,ipv4,malicious-ip,medium,WHITE,ziyadnz/hourly-ipv4,ziyadnz|hourly,2026-08-17T18:48:05Z,2026-08-17T18:48:05Z,
102.64.36.235,ipv4,malicious-ip,medium,WHITE,ziyadnz/hourly-ipv4,ziyadnz|hourly,2026-08-17T18:48:05Z,2026-08-17T18:48:05Z,
102.64.36.24,ipv4,malicious-ip,medium,WHITE,ziyadnz/hourly-ipv4,ziyadnz|hourly,2026-08-17T18:48:05Z,2026-08-17T18:48:05Z,
102.64.36.241,ipv4,malicious-ip,medium,WHITE,ziyadnz/hourly-ipv4,ziyadnz|hourly,2026-08-17T18:48:05Z,2026-08-17T18:48:05Z,
102.64.36.244,ipv4,malicious-ip,medium,WHITE,ziyadnz/hourly-ipv4,ziyadnz|hourly,2026-08-17T18:48:05Z,2026-08-17T18:48:05Z,
102.64.36.40,ipv4,malicious-ip,medium,WHITE,ziyadnz/hourly-ipv4,ziyadnz|hourly,2026-08-17T18:48:05Z,2026-08-17T18:48:05Z,
102.64.36.74,ipv4,malicious-ip,medium,WHITE,ziyadnz/hourly-ipv4,ziyadnz|hourly,2026-08-17T18:48:05Z,2026-08-17T18:48:05Z,
102.64.36.76,ipv4,malicious-ip,medium,WHITE,ziyadnz/hourly-ipv4,ziyadnz|hourly,2026-08-17T18:48:05Z,2026-08-17T18:48:05Z,
102.64.36.79,ipv4,malicious-ip,medium,WHITE,ziyadnz/hourly-ipv4,ziyadnz|hourly,2026-08-17T18:48:05Z,2026-08-17T18:48:05Z,
102.64.36.92,ipv4,malicious-ip,medium,WHITE,ziyadnz/hourly-ipv4,ziyadnz|hourly,2026-08-17T18:48:05Z,2026-08-17T18:48:05Z,
102.64.36.94,ipv4,malicious-ip,medium,WHITE,ziyadnz/hourly-ipv4,ziyadnz|hourly,2026-08-17T18:48:05Z,2026-08-17T18:48:05Z,
102.64.36.96,ipv4,malicious-ip,medium,WHITE,ziyadnz/hourly-ipv4,ziyadnz|hourly,2026-08-17T18:48:05Z,2026-08-17T18:48:05Z,
102.64.36.99,ipv4,malicious-ip,medium,WHITE,ziyadnz/hourly-ipv4,ziyadnz|hourly,2026-08-17T18:48:05Z,2026-08-17T18:48:05Z,
102.64.37.0,ipv4,malicious-ip,medium,WHITE,ziyadnz/hourly-ipv4,ziyadnz|hourly,2026-08-17T18:48:05Z,2026-08-17T18:48:05Z,
102.64.37.1,ipv4,malicious-ip,medium,WHITE,ziyadnz/hourly-ipv4,ziyadnz|hourly,2026-08-17T18:48:05Z,2026-08-17T18:48:05Z,
102.64.37.102,ipv4,malicious-ip,medium,WHITE,ziyadnz/hourly-ipv4,ziyadnz|hourly,2026-08-17T18:48:05Z,2026-08-17T18:48:05Z,
102.64.37.121,ipv4,malicious-ip,medium,WHITE,ziyadnz/hourly-ipv4,ziyadnz|hourly,2026-08-17T18:48:05Z,2026-08-17T18:48:05Z,
102.64.37.147,ipv4,malicious-ip,medium,WHITE,ziyadnz/hourly-ipv4,ziyadnz|hourly,2026-08-17T18:48:05Z,2026-08-17T18:48:05Z,
102.64.37.15,ipv4,malicious-ip,medium,WHITE,ziyadnz/hourly-ipv4,ziyadnz|hourly,2026-08-17T18:48:05Z,2026-08-17T18:48:05Z,
102.64.37.159,ipv4,malicious-ip,medium,WHITE,ziyadnz/hourly-ipv4,ziyadnz|hourly,2026-08-17T18:48:05Z,2026-08-17T18:48:05Z,
102.64.37.194,ipv4,malicious-ip,medium,WHITE,ziyadnz/hourly-ipv4,ziyadnz|hourly,2026-08-17T18:48:05Z,2026-08-17T18:48:05Z,
102.64.37.208,ipv4,malicious-ip,medium,WHITE,ziyadnz/hourly-ipv4,ziyadnz|hourly,2026-08-17T18:48:05Z,2026-08-17T18:48:05Z,
102.64.37.225,ipv4,malicious-ip,medium,WHITE,ziyadnz/hourly-ipv4,ziyadnz|hourly,2026-08-17T18:48:05Z,2026-08-17T18:48:05Z,
102.64.37.229,ipv4,malicious-ip,medium,WHITE,ziyadnz/hourly-ipv4,ziyadnz|hourly,2026-08-17T18:48:05Z,2026-08-17T18:48:05Z,
102.64.37.241,ipv4,malicious-ip,medium,WHITE,ziyadnz/hourly-ipv4,ziyadnz|hourly,2026-08-17T18:48:05Z,2026-08-17T18:48:05Z,
102.64.37.251,ipv4,malicious-ip,medium,WHITE,ziyadnz/hourly-ipv4,ziyadnz|hourly,2026-08-17T18:48:05Z,2026-08-17T18:48:05Z,
102.64.37.33,ipv4,malicious-ip,medium,WHITE,ziyadnz/hourly-ipv4,ziyadnz|hourly,2026-08-17T18:48:05Z,2026-08-17T18:48:05Z,
102.64.37.37,ipv4,malicious-ip,medium,WHITE,ziyadnz/hourly-ipv4,ziyadnz|hourly,2026-08-17T18:48:05Z,2026-08-17T18:48:05Z,
102.64.37.41,ipv4,malicious-ip,medium,WHITE,ziyadnz/hourly-ipv4,ziyadnz|hourly,2026-08-17T18:48:05Z,2026-08-17T18:48:05Z,
102.64.37.43,ipv4,malicious-ip,medium,WHITE,ziyadnz/hourly-ipv4,ziyadnz|hourly,2026-08-17T18:48:05Z,2026-08-17T18:48:05Z,
102.64.37.46,ipv4,malicious-ip,medium,WHITE,ziyadnz/hourly-ipv4,ziyadnz|hourly,2026-08-17T18:48:05Z,2026-08-17T18:48:05Z,
102.64.37.48,ipv4,malicious-ip,medium,WHITE,ziyadnz/hourly-ipv4,ziyadnz|hourly,2026-08-17T18:48:05Z,2026-08-17T18:48:05Z,
102.64.37.60,ipv4,malicious-ip,medium,WHITE,ziyadnz/hourly-ipv4,ziyadnz|hourly,2026-08-17T18:48:05Z,2026-08-17T18:48:05Z,
102.64.37.83,ipv4,malicious-ip,medium,WHITE,ziyadnz/hourly-ipv4,ziyadnz|hourly,2026-08-17T18:48:05Z,2026-08-17T18:48:05Z,
102.64.37.93,ipv4,malicious-ip,medium,WHITE,ziyadnz/hourly-ipv4,ziyadnz|hourly,2026-08-17T18:48:05Z,2026-08-17T18:48:05Z,
102.64.38.145,ipv4,malicious-ip,medium,WHITE,ziyadnz/hourly-ipv4,ziyadnz|hourly,2026-08-17T18:48:05Z,2026-08-17T18:48:05Z,
102.64.38.253,ipv4,malicious-ip,medium,WHITE,ziyadnz/hourly-ipv4,ziyadnz|hourly,2026-08-17T18:48:05Z,2026-08-17T18:48:05Z,
102.64.38.32,ipv4,malicious-ip,medium,WHITE,ziyadnz/hourly-ipv4,ziyadnz|hourly,2026-08-17T18:48:05Z,2026-08-17T18:48:05Z,
102.64.38.47,ipv4,malicious-ip,medium,WHITE,ziyadnz/hourly-ipv4,ziyadnz|hourly,2026-08-17T18:48:05Z,2026-08-17T18:48:05Z,
102.64.38.76,ipv4,malicious-ip,medium,WHITE,ziyadnz/hourly-ipv4,ziyadnz|hourly,2026-08-17T18:48:05Z,2026-08-17T18:48:05Z,
102.64.39.0,ipv4,malicious-ip,medium,WHITE,ziyadnz/hourly-ipv4,ziyadnz|hourly,2026-08-17T18:48:05Z,2026-08-17T18:48:05Z,
102.64.39.111,ipv4,malicious-ip,medium,WHITE,ziyadnz/hourly-ipv4,ziyadnz|hourly,2026-08-17T18:48:05Z,2026-08-17T18:48:05Z,
102.64.39.138,ipv4,malicious-ip,medium,WHITE,ziyadnz/hourly-ipv4,ziyadnz|hourly,2026-08-17T18:48:05Z,2026-08-17T18:48:05Z,
102.64.39.140,ipv4,malicious-ip,medium,WHITE,ziyadnz/hourly-ipv4,ziyadnz|hourly,2026-08-17T18:48:05Z,2026-08-17T18:48:05Z,
102.64.39.143,ipv4,malicious-ip,medium,WHITE,ziyadnz/hourly-ipv4,ziyadnz|hourly,2026-08-17T18:48:05Z,2026-08-17T18:48:05Z,
102.64.39.161,ipv4,malicious-ip,medium,WHITE,ziyadnz/hourly-ipv4,ziyadnz|hourly,2026-08-17T18:48:05Z,2026-08-17T18:48:05Z,
102.64.39.173,ipv4,malicious-ip,medium,WHITE,ziyadnz/hourly-ipv4,ziyadnz|hourly,2026-08-17T18:48:05Z,2026-08-17T18:48:05Z,
102.64.39.177,ipv4,malicious-ip,medium,WHITE,ziyadnz/hourly-ipv4,ziyadnz|hourly,2026-08-17T18:48:05Z,2026-08-17T18:48:05Z,
102.64.39.235,ipv4,malicious-ip,medium,WHITE,ziyadnz/hourly-ipv4,ziyadnz|hourly,2026-08-17T18:48:05Z,2026-08-17T18:48:05Z,
102.64.39.24,ipv4,malicious-ip,medium,WHITE,ziyadnz/hourly-ipv4,ziyadnz|hourly,2026-08-17T18:48:05Z,2026-08-17T18:48:05Z,
102.64.39.247,ipv4,malicious-ip,medium,WHITE,ziyadnz/hourly-ipv4,ziyadnz|hourly,2026-08-17T18:48:05Z,2026-08-17T18:48:05Z,
102.64.39.36,ipv4,malicious-ip,medium,WHITE,ziyadnz/hourly-ipv4,ziyadnz|hourly,2026-08-17T18:48:05Z,2026-08-17T18:48:05Z,
102.64.39.79,ipv4,malicious-ip,medium,WHITE,ziyadnz/hourly-ipv4,ziyadnz|hourly,2026-08-17T18:48:05Z,2026-08-17T18:48:05Z,
102.64.40.0,ipv4,malicious-ip,medium,WHITE,ziyadnz/hourly-ipv4,ziyadnz|hourly,2026-08-17T18:48:05Z,2026-08-17T18:48:05Z,
102.64.40.110,ipv4,malicious-ip,medium,WHITE,ziyadnz/hourly-ipv4,ziyadnz|hourly,2026-08-17T18:48:05Z,2026-08-17T18:48:05Z,
102.64.40.133,ipv4,malicious-ip,medium,WHITE,ziyadnz/hourly-ipv4,ziyadnz|hourly,2026-08-17T18:48:05Z,2026-08-17T18:48:05Z,
102.64.40.188,ipv4,malicious-ip,medium,WHITE,ziyadnz/hourly-ipv4,ziyadnz|hourly,2026-08-17T18:48:05Z,2026-08-17T18:48:05Z,
102.64.40.216,ipv4,malicious-ip,medium,WHITE,ziyadnz/hourly-ipv4,ziyadnz|hourly,2026-08-17T18:48:05Z,2026-08-17T18:48:05Z,
102.64.40.235,ipv4,malicious-ip,medium,WHITE,ziyadnz/hourly-ipv4,ziyadnz|hourly,2026-08-17T18:48:05Z,2026-08-17T18:48:05Z,
102.64.40.50,ipv4,malicious-ip,medium,WHITE,ziyadnz/hourly-ipv4,ziyadnz|hourly,2026-08-17T18:48:05Z,2026-08-17T18:48:05Z,
102.64.40.60,ipv4,malicious-ip,medium,WHITE,ziyadnz/hourly-ipv4,ziyadnz|hourly,2026-08-17T18:48:05Z,2026-08-17T18:48:05Z,
102.64.40.92,ipv4,malicious-ip,medium,WHITE,ziyadnz/hourly-ipv4,ziyadnz|hourly,2026-08-17T18:48:05Z,2026-08-17T18:48:05Z,
102.64.41.0,ipv4,malicious-ip,medium,WHITE,ziyadnz/hourly-ipv4,ziyadnz|hourly,2026-08-17T18:48:05Z,2026-08-17T18:48:05Z,
102.64.41.102,ipv4,malicious-ip,medium,WHITE,ziyadnz/hourly-ipv4,ziyadnz|hourly,2026-08-17T18:48:05Z,2026-08-17T18:48:05Z,
102.64.41.11,ipv4,malicious-ip,medium,WHITE,ziyadnz/hourly-ipv4,ziyadnz|hourly,2026-08-17T18:48:05Z,2026-08-17T18:48:05Z,
102.64.41.185,ipv4,malicious-ip,medium,WHITE,ziyadnz/hourly-ipv4,ziyadnz|hourly,2026-08-17T18:48:05Z,2026-08-17T18:48:05Z,
102.64.41.201,ipv4,malicious-ip,medium,WHITE,ziyadnz/hourly-ipv4,ziyadnz|hourly,2026-08-17T18:48:05Z,2026-08-17T18:48:05Z,
102.64.41.227,ipv4,malicious-ip,medium,WHITE,ziyadnz/hourly-ipv4,ziyadnz|hourly,2026-08-17T18:48:05Z,2026-08-17T18:48:05Z,
102.64.41.236,ipv4,malicious-ip,medium,WHITE,ziyadnz/hourly-ipv4,ziyadnz|hourly,2026-08-17T18:48:05Z,2026-08-17T18:48:05Z,
102.64.41.238,ipv4,malicious-ip,medium,WHITE,ziyadnz/hourly-ipv4,ziyadnz|hourly,2026-08-17T18:48:05Z,2026-08-17T18:48:05Z,
102.64.41.245,ipv4,malicious-ip,medium,WHITE,ziyadnz/hourly-ipv4,ziyadnz|hourly,2026-08-17T18:48:05Z,2026-08-17T18:48:05Z,
102.64.41.40,ipv4,malicious-ip,medium,WHITE,ziyadnz/hourly-ipv4,ziyadnz|hourly,2026-08-17T18:48:05Z,2026-08-17T18:48:05Z,
102.64.41.49,ipv4,malicious-ip,medium,WHITE,ziyadnz/hourly-ipv4,ziyadnz|hourly,2026-08-17T18:48:05Z,2026-08-17T18:48:05Z,
102.64.41.55,ipv4,malicious-ip,medium,WHITE,ziyadnz/hourly-ipv4,ziyadnz|hourly,2026-08-17T18:48:05Z,2026-08-17T18:48:05Z,
102.64.41.97,ipv4,malicious-ip,medium,WHITE,ziyadnz/hourly-ipv4,ziyadnz|hourly,2026-08-17T18:48:05Z,2026-08-17T18:48:05Z,
102.64.42.0,ipv4,malicious-ip,medium,WHITE,ziyadnz/hourly-ipv4,ziyadnz|hourly,2026-08-17T18:48:05Z,2026-08-17T18:48:05Z,
102.64.42.1,ipv4,malicious-ip,medium,WHITE,ziyadnz/hourly-ipv4,ziyadnz|hourly,2026-08-17T18:48:05Z,2026-08-17T18:48:05Z,
102.64.42.12,ipv4,malicious-ip,medium,WHITE,ziyadnz/hourly-ipv4,ziyadnz|hourly,2026-08-17T18:48:05Z,2026-08-17T18:48:05Z,
102.64.42.124,ipv4,malicious-ip,medium,WHITE,ziyadnz/hourly-ipv4,ziyadnz|hourly,2026-08-17T18:48:05Z,2026-08-17T18:48:05Z,
102.64.42.13,ipv4,malicious-ip,medium,WHITE,ziyadnz/hourly-ipv4,ziyadnz|hourly,2026-08-17T18:48:05Z,2026-08-17T18:48:05Z,
102.64.42.133,ipv4,malicious-ip,medium,WHITE,ziyadnz/hourly-ipv4,ziyadnz|hourly,2026-08-17T18:48:05Z,2026-08-17T18:48:05Z,
102.64.42.144,ipv4,malicious-ip,medium,WHITE,ziyadnz/hourly-ipv4,ziyadnz|hourly,2026-08-17T18:48:05Z,2026-08-17T18:48:05Z,
102.64.42.149,ipv4,malicious-ip,medium,WHITE,ziyadnz/hourly-ipv4,ziyadnz|hourly,2026-08-17T18:48:05Z,2026-08-17T18:48:05Z,
102.64.42.158,ipv4,malicious-ip,medium,WHITE,ziyadnz/hourly-ipv4,ziyadnz|hourly,2026-08-17T18:48:05Z,2026-08-17T18:48:05Z,
102.64.42.166,ipv4,malicious-ip,medium,WHITE,ziyadnz/hourly-ipv4,ziyadnz|hourly,2026-08-17T18:48:05Z,2026-08-17T18:48:05Z,
102.64.42.189,ipv4,malicious-ip,medium,WHITE,ziyadnz/hourly-ipv4,ziyadnz|hourly,2026-08-17T18:48:05Z,2026-08-17T18:48:05Z,
102.64.42.191,ipv4,malicious-ip,medium,WHITE,ziyadnz/hourly-ipv4,ziyadnz|hourly,2026-08-17T18:48:05Z,2026-08-17T18:48:05Z,
102.64.42.197,ipv4,malicious-ip,medium,WHITE,ziyadnz/hourly-ipv4,ziyadnz|hourly,2026-08-17T18:48:05Z,2026-08-17T18:48:05Z,
102.64.42.251,ipv4,malicious-ip,medium,WHITE,ziyadnz/hourly-ipv4,ziyadnz|hourly,2026-08-17T18:48:05Z,2026-08-17T18:48:05Z,
102.64.42.45,ipv4,malicious-ip,medium,WHITE,ziyadnz/hourly-ipv4,ziyadnz|hourly,2026-08-17T18:48:05Z,2026-08-17T18:48:05Z,
102.64.42.53,ipv4,malicious-ip,medium,WHITE,ziyadnz/hourly-ipv4,ziyadnz|hourly,2026-08-17T18:48:05Z,2026-08-17T18:48:05Z,
102.64.42.66,ipv4,malicious-ip,medium,WHITE,ziyadnz/hourly-ipv4,ziyadnz|hourly,2026-08-17T18:48:05Z,2026-08-17T18:48:05Z,
102.64.42.79,ipv4,malicious-ip,medium,WHITE,ziyadnz/hourly-ipv4,ziyadnz|hourly,2026-08-17T18:48:05Z,2026-08-17T18:48:05Z,
102.64.42.80,ipv4,malicious-ip,medium,WHITE,ziyadnz/hourly-ipv4,ziyadnz|hourly,2026-08-17T18:48:05Z,2026-08-17T18:48:05Z,
102.64.42.89,ipv4,malicious-ip,medium,WHITE,ziyadnz/hourly-ipv4,ziyadnz|hourly,2026-08-17T18:48:05Z,2026-08-17T18:48:05Z,
102.64.42.90,ipv4,malicious-ip,medium,WHITE,ziyadnz/hourly-ipv4,ziyadnz|hourly,2026-08-17T18:48:05Z,2026-08-17T18:48:05Z,
102.64.43.0,ipv4,malicious-ip,medium,WHITE,ziyadnz/hourly-ipv4,ziyadnz|hourly,2026-08-17T18:48:05Z,2026-08-17T18:48:05Z,
102.64.43.110,ipv4,malicious-ip,medium,WHITE,ziyadnz/hourly-ipv4,ziyadnz|hourly,2026-08-17T18:48:05Z,2026-08-17T18:48:05Z,
102.64.43.137,ipv4,malicious-ip,medium,WHITE,ziyadnz/hourly-ipv4,ziyadnz|hourly,2026-08-17T18:48:05Z,2026-08-17T18:48:05Z,
102.64.43.140,ipv4,malicious-ip,medium,WHITE,ziyadnz/hourly-ipv4,ziyadnz|hourly,2026-08-17T18:48:05Z,2026-08-17T18:48:05Z,
102.64.43.144,ipv4,malicious-ip,medium,WHITE,ziyadnz/hourly-ipv4,ziyadnz|hourly,2026-08-17T18:48:05Z,2026-08-17T18:48:05Z,
102.64.43.153,ipv4,malicious-ip,medium,WHITE,ziyadnz/hourly-ipv4,ziyadnz|hourly,2026-08-17T18:48:05Z,2026-08-17T18:48:05Z,
102.64.43.156,ipv4,malicious-ip,medium,WHITE,ziyadnz/hourly-ipv4,ziyadnz|hourly,2026-08-17T18:48:05Z,2026-08-17T18:48:05Z,
102.64.43.187,ipv4,malicious-ip,medium,WHITE,ziyadnz/hourly-ipv4,ziyadnz|hourly,2026-08-17T18:48:05Z,2026-08-17T18:48:05Z,
102.64.43.193,ipv4,malicious-ip,medium,WHITE,ziyadnz/hourly-ipv4,ziyadnz|hourly,2026-08-17T18:48:05Z,2026-08-17T18:48:05Z,
102.64.43.200,ipv4,malicious-ip,medium,WHITE,ziyadnz/hourly-ipv4,ziyadnz|hourly,2026-08-17T18:48:05Z,2026-08-17T18:48:05Z,
102.64.43.201,ipv4,malicious-ip,medium,WHITE,ziyadnz/hourly-ipv4,ziyadnz|hourly,2026-08-17T18:48:05Z,2026-08-17T18:48:05Z,
102.64.43.208,ipv4,malicious-ip,medium,WHITE,ziyadnz/hourly-ipv4,ziyadnz|hourly,2026-08-17T18:48:05Z,2026-08-17T18:48:05Z,
102.64.43.236,ipv4,malicious-ip,medium,WHITE,ziyadnz/hourly-ipv4,ziyadnz|hourly,2026-08-17T18:48:05Z,2026-08-17T18:48:05Z,
102.64.43.242,ipv4,malicious-ip,medium,WHITE,ziyadnz/hourly-ipv4,ziyadnz|hourly,2026-08-17T18:48:05Z,2026-08-17T18:48:05Z,
102.64.43.39,ipv4,malicious-ip,medium,WHITE,ziyadnz/hourly-ipv4,ziyadnz|hourly,2026-08-17T18:48:05Z,2026-08-17T18:48:05Z,
102.64.43.44,ipv4,malicious-ip,medium,WHITE,ziyadnz/hourly-ipv4,ziyadnz|hourly,2026-08-17T18:48:05Z,2026-08-17T18:48:05Z,
102.64.43.47,ipv4,malicious-ip,medium,WHITE,ziyadnz/hourly-ipv4,ziyadnz|hourly,2026-08-17T18:48:05Z,2026-08-17T18:48:05Z,
102.64.43.78,ipv4,malicious-ip,medium,WHITE,ziyadnz/hourly-ipv4,ziyadnz|hourly,2026-08-17T18:48:05Z,2026-08-17T18:48:05Z,
102.64.43.79,ipv4,malicious-ip,medium,WHITE,ziyadnz/hourly-ipv4,ziyadnz|hourly,2026-08-17T18:48:05Z,2026-08-17T18:48:05Z,
102.64.44.181,ipv4,malicious-ip,medium,WHITE,ziyadnz/hourly-ipv4,ziyadnz|hourly,2026-08-17T18:48:05Z,2026-08-17T18:48:05Z,
102.64.44.31,ipv4,malicious-ip,medium,WHITE,ziyadnz/hourly-ipv4,ziyadnz|hourly,2026-08-17T18:48:05Z,2026-08-17T18:48:05Z,
102.64.44.58,ipv4,malicious-ip,medium,WHITE,ziyadnz/hourly-ipv4,ziyadnz|hourly,2026-08-17T18:48:05Z,2026-08-17T18:48:05Z,
102.64.45.0,ipv4,malicious-ip,medium,WHITE,ziyadnz/hourly-ipv4,ziyadnz|hourly,2026-08-17T18:48:05Z,2026-08-17T18:48:05Z,
102.64.45.110,ipv4,malicious-ip,medium,WHITE,ziyadnz/hourly-ipv4,ziyadnz|hourly,2026-08-17T18:48:05Z,2026-08-17T18:48:05Z,
102.64.45.121,ipv4,malicious-ip,medium,WHITE,ziyadnz/hourly-ipv4,ziyadnz|hourly,2026-08-17T18:48:05Z,2026-08-17T18:48:05Z,
102.64.45.125,ipv4,malicious-ip,medium,WHITE,ziyadnz/hourly-ipv4,ziyadnz|hourly,2026-08-17T18:48:05Z,2026-08-17T18:48:05Z,
102.64.45.151,ipv4,malicious-ip,medium,WHITE,ziyadnz/hourly-ipv4,ziyadnz|hourly,2026-08-17T18:48:05Z,2026-08-17T18:48:05Z,
102.64.45.175,ipv4,malicious-ip,medium,WHITE,ziyadnz/hourly-ipv4,ziyadnz|hourly,2026-08-17T18:48:05Z,2026-08-17T18:48:05Z,
102.64.45.183,ipv4,malicious-ip,medium,WHITE,ziyadnz/hourly-ipv4,ziyadnz|hourly,2026-08-17T18:48:05Z,2026-08-17T18:48:05Z,
102.64.45.201,ipv4,malicious-ip,medium,WHITE,ziyadnz/hourly-ipv4,ziyadnz|hourly,2026-08-17T18:48:05Z,2026-08-17T18:48:05Z,
102.64.45.219,ipv4,malicious-ip,medium,WHITE,ziyadnz/hourly-ipv4,ziyadnz|hourly,2026-08-17T18:48:05Z,2026-08-17T18:48:05Z,
102.64.45.227,ipv4,malicious-ip,medium,WHITE,ziyadnz/hourly-ipv4,ziyadnz|hourly,2026-08-17T18:48:05Z,2026-08-17T18:48:05Z,
102.64.45.232,ipv4,malicious-ip,medium,WHITE,ziyadnz/hourly-ipv4,ziyadnz|hourly,2026-08-17T18:48:05Z,2026-08-17T18:48:05Z,
102.64.45.239,ipv4,malicious-ip,medium,WHITE,ziyadnz/hourly-ipv4,ziyadnz|hourly,2026-08-17T18:48:05Z,2026-08-17T18:48:05Z,
102.64.45.243,ipv4,malicious-ip,medium,WHITE,ziyadnz/hourly-ipv4,ziyadnz|hourly,2026-08-17T18:48:05Z,2026-08-17T18:48:05Z,
102.64.45.25,ipv4,malicious-ip,medium,WHITE,ziyadnz/hourly-ipv4,ziyadnz|hourly,2026-08-17T18:48:05Z,2026-08-17T18:48:05Z,
102.64.45.40,ipv4,malicious-ip,medium,WHITE,ziyadnz/hourly-ipv4,ziyadnz|hourly,2026-08-17T18:48:05Z,2026-08-17T18:48:05Z,
102.64.45.63,ipv4,malicious-ip,medium,WHITE,ziyadnz/hourly-ipv4,ziyadnz|hourly,2026-08-17T18:48:05Z,2026-08-17T18:48:05Z,
102.64.45.65,ipv4,malicious-ip,medium,WHITE,ziyadnz/hourly-ipv4,ziyadnz|hourly,2026-08-17T18:48:05Z,2026-08-17T18:48:05Z,
102.64.46.0,ipv4,malicious-ip,medium,WHITE,ziyadnz/hourly-ipv4,ziyadnz|hourly,2026-08-17T18:48:05Z,2026-08-17T18:48:05Z,
102.64.46.106,ipv4,malicious-ip,medium,WHITE,ziyadnz/hourly-ipv4,ziyadnz|hourly,2026-08-17T18:48:05Z,2026-08-17T18:48:05Z,
102.64.46.115,ipv4,malicious-ip,medium,WHITE,ziyadnz/hourly-ipv4,ziyadnz|hourly,2026-08-17T18:48:05Z,2026-08-17T18:48:05Z,
102.64.46.125,ipv4,malicious-ip,medium,WHITE,ziyadnz/hourly-ipv4,ziyadnz|hourly,2026-08-17T18:48:05Z,2026-08-17T18:48:05Z,
102.64.46.141,ipv4,malicious-ip,medium,WHITE,ziyadnz/hourly-ipv4,ziyadnz|hourly,2026-08-17T18:48:05Z,2026-08-17T18:48:05Z,
102.64.46.155,ipv4,malicious-ip,medium,WHITE,ziyadnz/hourly-ipv4,ziyadnz|hourly,2026-08-17T18:48:05Z,2026-08-17T18:48:05Z,
102.64.46.156,ipv4,malicious-ip,medium,WHITE,ziyadnz/hourly-ipv4,ziyadnz|hourly,2026-08-17T18:48:05Z,2026-08-17T18:48:05Z,
102.64.46.183,ipv4,malicious-ip,medium,WHITE,ziyadnz/hourly-ipv4,ziyadnz|hourly,2026-08-17T18:48:05Z,2026-08-17T18:48:05Z,
102.64.46.184,ipv4,malicious-ip,medium,WHITE,ziyadnz/hourly-ipv4,ziyadnz|hourly,2026-08-17T18:48:05Z,2026-08-17T18:48:05Z,
102.64.46.211,ipv4,malicious-ip,medium,WHITE,ziyadnz/hourly-ipv4,ziyadnz|hourly,2026-08-17T18:48:05Z,2026-08-17T18:48:05Z,
102.64.46.220,ipv4,malicious-ip,medium,WHITE,ziyadnz/hourly-ipv4,ziyadnz|hourly,2026-08-17T18:48:05Z,2026-08-17T18:48:05Z,
102.64.46.238,ipv4,malicious-ip,medium,WHITE,ziyadnz/hourly-ipv4,ziyadnz|hourly,2026-08-17T18:48:05Z,2026-08-17T18:48:05Z,
102.64.46.240,ipv4,malicious-ip,medium,WHITE,ziyadnz/hourly-ipv4,ziyadnz|hourly,2026-08-17T18:48:05Z,2026-08-17T18:48:05Z,
102.64.46.250,ipv4,malicious-ip,medium,WHITE,ziyadnz/hourly-ipv4,ziyadnz|hourly,2026-08-17T18:48:05Z,2026-08-17T18:48:05Z,
102.64.46.254,ipv4,malicious-ip,medium,WHITE,ziyadnz/hourly-ipv4,ziyadnz|hourly,2026-08-17T18:48:05Z,2026-08-17T18:48:05Z,
102.64.46.32,ipv4,malicious-ip,medium,WHITE,ziyadnz/hourly-ipv4,ziyadnz|hourly,2026-08-17T18:48:05Z,2026-08-17T18:48:05Z,
102.64.46.34,ipv4,malicious-ip,medium,WHITE,ziyadnz/hourly-ipv4,ziyadnz|hourly,2026-08-17T18:48:05Z,2026-08-17T18:48:05Z,
102.64.46.46,ipv4,malicious-ip,medium,WHITE,ziyadnz/hourly-ipv4,ziyadnz|hourly,2026-08-17T18:48:05Z,2026-08-17T18:48:05Z,
102.64.46.50,ipv4,malicious-ip,medium,WHITE,ziyadnz/hourly-ipv4,ziyadnz|hourly,2026-08-17T18:48:05Z,2026-08-17T18:48:05Z,
102.64.46.52,ipv4,malicious-ip,medium,WHITE,ziyadnz/hourly-ipv4,ziyadnz|hourly,2026-08-17T18:48:05Z,2026-08-17T18:48:05Z,
102.64.46.69,ipv4,malicious-ip,medium,WHITE,ziyadnz/hourly-ipv4,ziyadnz|hourly,2026-08-17T18:48:05Z,2026-08-17T18:48:05Z,
102.64.47.0,ipv4,malicious-ip,medium,WHITE,ziyadnz/hourly-ipv4,ziyadnz|hourly,2026-08-17T18:48:05Z,2026-08-17T18:48:05Z,
102.64.47.102,ipv4,malicious-ip,medium,WHITE,ziyadnz/hourly-ipv4,ziyadnz|hourly,2026-08-17T18:48:05Z,2026-08-17T18:48:05Z,
102.64.47.110,ipv4,malicious-ip,medium,WHITE,ziyadnz/hourly-ipv4,ziyadnz|hourly,2026-08-17T18:48:05Z,2026-08-17T18:48:05Z,
102.64.47.133,ipv4,malicious-ip,medium,WHITE,ziyadnz/hourly-ipv4,ziyadnz|hourly,2026-08-17T18:48:05Z,2026-08-17T18:48:05Z,
102.64.47.17,ipv4,malicious-ip,medium,WHITE,ziyadnz/hourly-ipv4,ziyadnz|hourly,2026-08-17T18:48:05Z,2026-08-17T18:48:05Z,
102.64.47.170,ipv4,malicious-ip,medium,WHITE,ziyadnz/hourly-ipv4,ziyadnz|hourly,2026-08-17T18:48:05Z,2026-08-17T18:48:05Z,
102.64.47.18,ipv4,malicious-ip,medium,WHITE,ziyadnz/hourly-ipv4,ziyadnz|hourly,2026-08-17T18:48:05Z,2026-08-17T18:48:05Z,
102.64.47.183,ipv4,malicious-ip,medium,WHITE,ziyadnz/hourly-ipv4,ziyadnz|hourly,2026-08-17T18:48:05Z,2026-08-17T18:48:05Z,
102.64.47.189,ipv4,malicious-ip,medium,WHITE,ziyadnz/hourly-ipv4,ziyadnz|hourly,2026-08-17T18:48:05Z,2026-08-17T18:48:05Z,
102.64.47.206,ipv4,malicious-ip,medium,WHITE,ziyadnz/hourly-ipv4,ziyadnz|hourly,2026-08-17T18:48:05Z,2026-08-17T18:48:05Z,
102.64.47.48,ipv4,malicious-ip,medium,WHITE,ziyadnz/hourly-ipv4,ziyadnz|hourly,2026-08-17T18:48:05Z,2026-08-17T18:48:05Z,
102.64.47.53,ipv4,malicious-ip,medium,WHITE,ziyadnz/hourly-ipv4,ziyadnz|hourly,2026-08-17T18:48:05Z,2026-08-17T18:48:05Z,
102.64.47.92,ipv4,malicious-ip,medium,WHITE,ziyadnz/hourly-ipv4,ziyadnz|hourly,2026-08-17T18:48:05Z,2026-08-17T18:48:05Z,
102.64.60.6,ipv4,malicious-ip,medium,WHITE,ziyadnz/hourly-ipv4,ziyadnz|hourly,2026-08-17T18:48:05Z,2026-08-17T18:48:05Z,
102.64.69.13,ipv4,malicious-ip,medium,WHITE,ziyadnz/hourly-ipv4,ziyadnz|hourly,2026-08-17T18:48:05Z,2026-08-17T18:48:05Z,
102.65.38.90,ipv4,malicious-ip,medium,WHITE,ziyadnz/hourly-ipv4,ziyadnz|hourly,2026-08-17T18:48:05Z,2026-08-17T18:48:05Z,
102.66.132.224,ipv4,malicious-ip,medium,WHITE,ziyadnz/hourly-ipv4,ziyadnz|hourly,2026-08-17T18:48:05Z,2026-08-17T18:48:05Z,
102.66.144.161,ipv4,malicious-ip,medium,WHITE,ziyadnz/hourly-ipv4,ziyadnz|hourly,2026-08-17T18:48:05Z,2026-08-17T18:48:05Z,
102.66.145.159,ipv4,malicious-ip,medium,WHITE,ziyadnz/hourly-ipv4,ziyadnz|hourly,2026-08-17T18:48:05Z,2026-08-17T18:48:05Z,
102.66.145.194,ipv4,malicious-ip,medium,WHITE,ziyadnz/hourly-ipv4,ziyadnz|hourly,2026-08-17T18:48:05Z,2026-08-17T18:48:05Z,
102.66.146.196,ipv4,malicious-ip,medium,WHITE,ziyadnz/hourly-ipv4,ziyadnz|hourly,2026-08-17T18:48:05Z,2026-08-17T18:48:05Z,
102.66.146.92,ipv4,malicious-ip,medium,WHITE,ziyadnz/hourly-ipv4,ziyadnz|hourly,2026-08-17T18:48:05Z,2026-08-17T18:48:05Z,
102.66.146.94,ipv4,malicious-ip,medium,WHITE,ziyadnz/hourly-ipv4,ziyadnz|hourly,2026-08-17T18:48:05Z,2026-08-17T18:48:05Z,
102.66.147.129,ipv4,malicious-ip,medium,WHITE,ziyadnz/hourly-ipv4,ziyadnz|hourly,2026-08-17T18:48:05Z,2026-08-17T18:48:05Z,
102.66.147.183,ipv4,malicious-ip,medium,WHITE,ziyadnz/hourly-ipv4,ziyadnz|hourly,2026-08-17T18:48:05Z,2026-08-17T18:48:05Z,
102.66.147.7,ipv4,malicious-ip,medium,WHITE,ziyadnz/hourly-ipv4,ziyadnz|hourly,2026-08-17T18:48:05Z,2026-08-17T18:48:05Z,
102.66.151.75,ipv4,malicious-ip,medium,WHITE,ziyadnz/hourly-ipv4,ziyadnz|hourly,2026-08-17T18:48:05Z,2026-08-17T18:48:05Z,
102.66.179.189,ipv4,malicious-ip,medium,WHITE,ziyadnz/hourly-ipv4,ziyadnz|hourly,2026-08-17T18:48:05Z,2026-08-17T18:48:05Z,
102.66.181.28,ipv4,malicious-ip,medium,WHITE,ziyadnz/hourly-ipv4,ziyadnz|hourly,2026-08-17T18:48:05Z,2026-08-17T18:48:05Z,
102.66.181.88,ipv4,malicious-ip,medium,WHITE,ziyadnz/hourly-ipv4,ziyadnz|hourly,2026-08-17T18:48:05Z,2026-08-17T18:48:05Z,
102.66.6.92,ipv4,malicious-ip,medium,WHITE,ziyadnz/hourly-ipv4,ziyadnz|hourly,2026-08-17T18:48:05Z,2026-08-17T18:48:05Z,
102.67.144.27,ipv4,malicious-ip,medium,WHITE,ziyadnz/hourly-ipv4,ziyadnz|hourly,2026-08-17T18:48:05Z,2026-08-17T18:48:05Z,
102.67.181.196,ipv4,malicious-ip,medium,WHITE,ziyadnz/hourly-ipv4,ziyadnz|hourly,2026-08-17T18:48:05Z,2026-08-17T18:48:05Z,
102.67.220.179,ipv4,malicious-ip,medium,WHITE,ziyadnz/hourly-ipv4,ziyadnz|hourly,2026-08-17T18:48:05Z,2026-08-17T18:48:05Z,
102.67.221.163,ipv4,malicious-ip,medium,WHITE,ziyadnz/hourly-ipv4,ziyadnz|hourly,2026-08-17T18:48:05Z,2026-08-17T18:48:05Z,
102.67.250.150,ipv4,malicious-ip,medium,WHITE,ziyadnz/hourly-ipv4,ziyadnz|hourly,2026-08-17T18:48:05Z,2026-08-17T18:48:05Z,
102.67.250.171,ipv4,malicious-ip,medium,WHITE,ziyadnz/hourly-ipv4,ziyadnz|hourly,2026-08-17T18:48:05Z,2026-08-17T18:48:05Z,
102.67.250.36,ipv4,malicious-ip,medium,WHITE,ziyadnz/hourly-ipv4,ziyadnz|hourly,2026-08-17T18:48:05Z,2026-08-17T18:48:05Z,
102.68.120.6,ipv4,malicious-ip,medium,WHITE,ziyadnz/hourly-ipv4,ziyadnz|hourly,2026-08-17T18:48:05Z,2026-08-17T18:48:05Z,
102.68.120.66,ipv4,malicious-ip,medium,WHITE,ziyadnz/hourly-ipv4,ziyadnz|hourly,2026-08-17T18:48:05Z,2026-08-17T18:48:05Z,
102.68.78.245,ipv4,malicious-ip,medium,WHITE,ziyadnz/hourly-ipv4,ziyadnz|hourly,2026-08-17T18:48:05Z,2026-08-17T18:48:05Z,
102.68.84.17,ipv4,malicious-ip,medium,WHITE,ziyadnz/hourly-ipv4,ziyadnz|hourly,2026-08-17T18:48:05Z,2026-08-17T18:48:05Z,
102.68.87.1,ipv4,malicious-ip,medium,WHITE,ziyadnz/hourly-ipv4,ziyadnz|hourly,2026-08-17T18:48:05Z,2026-08-17T18:48:05Z,
102.68.99.52,ipv4,malicious-ip,medium,WHITE,ziyadnz/hourly-ipv4,ziyadnz|hourly,2026-08-17T18:48:05Z,2026-08-17T18:48:05Z,
102.69.146.89,ipv4,malicious-ip,medium,WHITE,ziyadnz/hourly-ipv4,ziyadnz|hourly,2026-08-17T18:48:05Z,2026-08-17T18:48:05Z,
102.69.216.65,ipv4,malicious-ip,medium,WHITE,ziyadnz/hourly-ipv4,ziyadnz|hourly,2026-08-17T18:48:05Z,2026-08-17T18:48:05Z,
102.70.100.53,ipv4,malicious-ip,medium,WHITE,ziyadnz/hourly-ipv4,ziyadnz|hourly,2026-08-17T18:48:05Z,2026-08-17T18:48:05Z,
102.70.104.200,ipv4,malicious-ip,medium,WHITE,ziyadnz/hourly-ipv4,ziyadnz|hourly,2026-08-17T18:48:05Z,2026-08-17T18:48:05Z,
102.70.106.192,ipv4,malicious-ip,medium,WHITE,ziyadnz/hourly-ipv4,ziyadnz|hourly,2026-08-17T18:48:05Z,2026-08-17T18:48:05Z,
102.70.111.21,ipv4,malicious-ip,medium,WHITE,ziyadnz/hourly-ipv4,ziyadnz|hourly,2026-08-17T18:48:05Z,2026-08-17T18:48:05Z,
102.70.111.53,ipv4,malicious-ip,medium,WHITE,ziyadnz/hourly-ipv4,ziyadnz|hourly,2026-08-17T18:48:05Z,2026-08-17T18:48:05Z,
102.70.86.105,ipv4,malicious-ip,medium,WHITE,ziyadnz/hourly-ipv4,ziyadnz|hourly,2026-08-17T18:48:05Z,2026-08-17T18:48:05Z,
102.88.107.221,ipv4,malicious-ip,medium,WHITE,ziyadnz/hourly-ipv4,ziyadnz|hourly,2026-08-17T18:48:05Z,2026-08-17T18:48:05Z,
102.88.109.20,ipv4,malicious-ip,medium,WHITE,ziyadnz/hourly-ipv4,ziyadnz|hourly,2026-08-17T18:48:05Z,2026-08-17T18:48:05Z,
102.88.109.27,ipv4,malicious-ip,medium,WHITE,ziyadnz/hourly-ipv4,ziyadnz|hourly,2026-08-17T18:48:05Z,2026-08-17T18:48:05Z,
102.88.167.133,ipv4,malicious-ip,medium,WHITE,ziyadnz/hourly-ipv4,ziyadnz|hourly,2026-08-17T18:48:05Z,2026-08-17T18:48:05Z,
102.88.21.214,ipv4,malicious-ip,medium,WHITE,ziyadnz/hourly-ipv4,ziyadnz|hourly,2026-08-17T18:48:05Z,2026-08-17T18:48:05Z,
102.89.12.34,ipv4,malicious-ip,medium,WHITE,ziyadnz/hourly-ipv4,ziyadnz|hourly,2026-08-17T18:48:05Z,2026-08-17T18:48:05Z,
102.89.68.137,ipv4,malicious-ip,medium,WHITE,ziyadnz/hourly-ipv4,ziyadnz|hourly,2026-08-17T18:48:05Z,2026-08-17T18:48:05Z,
102.89.85.122,ipv4,malicious-ip,medium,WHITE,ziyadnz/hourly-ipv4,ziyadnz|hourly,2026-08-17T18:48:05Z,2026-08-17T18:48:05Z,
102.89.85.207,ipv4,malicious-ip,medium,WHITE,ziyadnz/hourly-ipv4,ziyadnz|hourly,2026-08-17T18:48:05Z,2026-08-17T18:48:05Z,
102.90.100.215,ipv4,malicious-ip,medium,WHITE,ziyadnz/hourly-ipv4,ziyadnz|hourly,2026-08-17T18:48:05Z,2026-08-17T18:48:05Z,
102.90.101.100,ipv4,malicious-ip,medium,WHITE,ziyadnz/hourly-ipv4,ziyadnz|hourly,2026-08-17T18:48:05Z,2026-08-17T18:48:05Z,
102.90.101.130,ipv4,malicious-ip,medium,WHITE,ziyadnz/hourly-ipv4,ziyadnz|hourly,2026-08-17T18:48:05Z,2026-08-17T18:48:05Z,
102.90.101.231,ipv4,malicious-ip,medium,WHITE,ziyadnz/hourly-ipv4,ziyadnz|hourly,2026-08-17T18:48:05Z,2026-08-17T18:48:05Z,
102.90.102.112,ipv4,malicious-ip,medium,WHITE,ziyadnz/hourly-ipv4,ziyadnz|hourly,2026-08-17T18:48:05Z,2026-08-17T18:48:05Z,
102.90.102.149,ipv4,malicious-ip,medium,WHITE,ziyadnz/hourly-ipv4,ziyadnz|hourly,2026-08-17T18:48:05Z,2026-08-17T18:48:05Z,
102.90.102.187,ipv4,malicious-ip,medium,WHITE,ziyadnz/hourly-ipv4,ziyadnz|hourly,2026-08-17T18:48:05Z,2026-08-17T18:48:05Z,
102.90.102.83,ipv4,malicious-ip,medium,WHITE,ziyadnz/hourly-ipv4,ziyadnz|hourly,2026-08-17T18:48:05Z,2026-08-17T18:48:05Z,
102.90.103.202,ipv4,malicious-ip,medium,WHITE,ziyadnz/hourly-ipv4,ziyadnz|hourly,2026-08-17T18:48:05Z,2026-08-17T18:48:05Z,
102.90.103.238,ipv4,malicious-ip,medium,WHITE,ziyadnz/hourly-ipv4,ziyadnz|hourly,2026-08-17T18:48:05Z,2026-08-17T18:48:05Z,
102.90.103.54,ipv4,malicious-ip,medium,WHITE,ziyadnz/hourly-ipv4,ziyadnz|hourly,2026-08-17T18:48:05Z,2026-08-17T18:48:05Z,
102.90.115.165,ipv4,malicious-ip,medium,WHITE,ziyadnz/hourly-ipv4,ziyadnz|hourly,2026-08-17T18:48:05Z,2026-08-17T18:48:05Z,
102.90.79.159,ipv4,malicious-ip,medium,WHITE,ziyadnz/hourly-ipv4,ziyadnz|hourly,2026-08-17T18:48:05Z,2026-08-17T18:48:05Z,
102.90.97.138,ipv4,malicious-ip,medium,WHITE,ziyadnz/hourly-ipv4,ziyadnz|hourly,2026-08-17T18:48:05Z,2026-08-17T18:48:05Z,
102.90.98.195,ipv4,malicious-ip,medium,WHITE,ziyadnz/hourly-ipv4,ziyadnz|hourly,2026-08-17T18:48:05Z,2026-08-17T18:48:05Z,
102.91.105.129,ipv4,malicious-ip,medium,WHITE,ziyadnz/hourly-ipv4,ziyadnz|hourly,2026-08-17T18:48:05Z,2026-08-17T18:48:05Z,
102.91.105.20,ipv4,malicious-ip,medium,WHITE,ziyadnz/hourly-ipv4,ziyadnz|hourly,2026-08-17T18:48:05Z,2026-08-17T18:48:05Z,
102.91.4.226,ipv4,malicious-ip,medium,WHITE,ziyadnz/hourly-ipv4,ziyadnz|hourly,2026-08-17T18:48:05Z,2026-08-17T18:48:05Z,
102.91.78.229,ipv4,malicious-ip,medium,WHITE,ziyadnz/hourly-ipv4,ziyadnz|hourly,2026-08-17T18:48:05Z,2026-08-17T18:48:05Z,
102.91.92.182,ipv4,malicious-ip,medium,WHITE,ziyadnz/hourly-ipv4,ziyadnz|hourly,2026-08-17T18:48:05Z,2026-08-17T18:48:05Z,
102.91.93.168,ipv4,malicious-ip,medium,WHITE,ziyadnz/hourly-ipv4,ziyadnz|hourly,2026-08-17T18:48:05Z,2026-08-17T18:48:05Z,
102.97.34.50,ipv4,malicious-ip,medium,WHITE,ziyadnz/hourly-ipv4,ziyadnz|hourly,2026-08-17T18:48:05Z,2026-08-17T18:48:05Z,
102.97.57.248,ipv4,malicious-ip,medium,WHITE,ziyadnz/hourly-ipv4,ziyadnz|hourly,2026-08-17T18:48:05Z,2026-08-17T18:48:05Z,
102.97.8.45,ipv4,malicious-ip,medium,WHITE,ziyadnz/hourly-ipv4,ziyadnz|hourly,2026-08-17T18:48:05Z,2026-08-17T18:48:05Z,
102.98.18.138,ipv4,malicious-ip,medium,WHITE,ziyadnz/hourly-ipv4,ziyadnz|hourly,2026-08-17T18:48:05Z,2026-08-17T18:48:05Z,
102.98.73.129,ipv4,malicious-ip,medium,WHITE,ziyadnz/hourly-ipv4,ziyadnz|hourly,2026-08-17T18:48:05Z,2026-08-17T18:48:05Z,
102.98.88.30,ipv4,malicious-ip,medium,WHITE,ziyadnz/hourly-ipv4,ziyadnz|hourly,2026-08-17T18:48:05Z,2026-08-17T18:48:05Z,
103.1.210.25,ipv4,malicious-ip,medium,WHITE,ziyadnz/hourly-ipv4,ziyadnz|hourly,2026-08-17T18:48:05Z,2026-08-17T18:48:05Z,
103.1.64.34,ipv4,malicious-ip,medium,WHITE,ziyadnz/hourly-ipv4,ziyadnz|hourly,2026-08-17T18:48:05Z,2026-08-17T18:48:05Z,
103.1.93.236,ipv4,malicious-ip,medium,WHITE,ziyadnz/hourly-ipv4,ziyadnz|hourly,2026-08-17T18:48:05Z,2026-08-17T18:48:05Z,
103.10.134.138,ipv4,malicious-ip,medium,WHITE,ziyadnz/hourly-ipv4,ziyadnz|hourly,2026-08-17T18:48:05Z,2026-08-17T18:48:05Z,
103.10.224.218,ipv4,malicious-ip,medium,WHITE,ziyadnz/hourly-ipv4,ziyadnz|hourly,2026-08-17T18:48:05Z,2026-08-17T18:48:05Z,
103.10.31.31,ipv4,malicious-ip,medium,WHITE,ziyadnz/hourly-ipv4,ziyadnz|hourly,2026-08-17T18:48:05Z,2026-08-17T18:48:05Z,
103.10.87.52,ipv4,malicious-ip,medium,WHITE,ziyadnz/hourly-ipv4,ziyadnz|hourly,2026-08-17T18:48:05Z,2026-08-17T18:48:05Z,
103.100.150.2,ipv4,malicious-ip,medium,WHITE,ziyadnz/hourly-ipv4,ziyadnz|hourly,2026-08-17T18:48:05Z,2026-08-17T18:48:05Z,
103.100.208.154,ipv4,malicious-ip,medium,WHITE,ziyadnz/hourly-ipv4,ziyadnz|hourly,2026-08-17T18:48:05Z,2026-08-17T18:48:05Z,
103.100.209.142,ipv4,malicious-ip,medium,WHITE,ziyadnz/hourly-ipv4,ziyadnz|hourly,2026-08-17T18:48:05Z,2026-08-17T18:48:05Z,
103.100.211.40,ipv4,malicious-ip,medium,WHITE,ziyadnz/hourly-ipv4,ziyadnz|hourly,2026-08-17T18:48:05Z,2026-08-17T18:48:05Z,
103.100.216.56,ipv4,malicious-ip,medium,WHITE,ziyadnz/hourly-ipv4,ziyadnz|hourly,2026-08-17T18:48:05Z,2026-08-17T18:48:05Z,
103.100.69.141,ipv4,malicious-ip,medium,WHITE,ziyadnz/hourly-ipv4,ziyadnz|hourly,2026-08-17T18:48:05Z,2026-08-17T18:48:05Z,
103.100.84.116,ipv4,malicious-ip,medium,WHITE,ziyadnz/hourly-ipv4,ziyadnz|hourly,2026-08-17T18:48:05Z,2026-08-17T18:48:05Z,
103.101.103.117,ipv4,malicious-ip,medium,WHITE,ziyadnz/hourly-ipv4,ziyadnz|hourly,2026-08-17T18:48:05Z,2026-08-17T18:48:05Z,
103.101.108.201,ipv4,malicious-ip,medium,WHITE,ziyadnz/hourly-ipv4,ziyadnz|hourly,2026-08-17T18:48:05Z,2026-08-17T18:48:05Z,
103.101.117.73,ipv4,malicious-ip,medium,WHITE,ziyadnz/hourly-ipv4,ziyadnz|hourly,2026-08-17T18:48:05Z,2026-08-17T18:48:05Z,
103.101.197.155,ipv4,malicious-ip,medium,WHITE,ziyadnz/hourly-ipv4,ziyadnz|hourly,2026-08-17T18:48:05Z,2026-08-17T18:48:05Z,
103.101.198.37,ipv4,malicious-ip,medium,WHITE,ziyadnz/hourly-ipv4,ziyadnz|hourly,2026-08-17T18:48:05Z,2026-08-17T18:48:05Z,
103.101.206.53,ipv4,malicious-ip,medium,WHITE,ziyadnz/hourly-ipv4,ziyadnz|hourly,2026-08-17T18:48:05Z,2026-08-17T18:48:05Z,
103.101.216.219,ipv4,malicious-ip,medium,WHITE,ziyadnz/hourly-ipv4,ziyadnz|hourly,2026-08-17T18:48:05Z,2026-08-17T18:48:05Z,
103.101.216.26,ipv4,malicious-ip,medium,WHITE,ziyadnz/hourly-ipv4,ziyadnz|hourly,2026-08-17T18:48:05Z,2026-08-17T18:48:05Z,
103.101.30.10,ipv4,malicious-ip,medium,WHITE,ziyadnz/hourly-ipv4,ziyadnz|hourly,2026-08-17T18:48:05Z,2026-08-17T18:48:05Z,
103.101.52.208,ipv4,malicious-ip,medium,WHITE,ziyadnz/hourly-ipv4,ziyadnz|hourly,2026-08-17T18:48:05Z,2026-08-17T18:48:05Z,
103.101.54.145,ipv4,malicious-ip,medium,WHITE,ziyadnz/hourly-ipv4,ziyadnz|hourly,2026-08-17T18:48:05Z,2026-08-17T18:48:05Z,
103.101.54.153,ipv4,malicious-ip,medium,WHITE,ziyadnz/hourly-ipv4,ziyadnz|hourly,2026-08-17T18:48:05Z,2026-08-17T18:48:05Z,
103.101.83.5,ipv4,malicious-ip,medium,WHITE,ziyadnz/hourly-ipv4,ziyadnz|hourly,2026-08-17T18:48:05Z,2026-08-17T18:48:05Z,
103.102.117.154,ipv4,malicious-ip,medium,WHITE,ziyadnz/hourly-ipv4,ziyadnz|hourly,2026-08-17T18:48:05Z,2026-08-17T18:48:05Z,
103.102.57.81,ipv4,malicious-ip,medium,WHITE,ziyadnz/hourly-ipv4,ziyadnz|hourly,2026-08-17T18:48:05Z,2026-08-17T18:48:05Z,
103.102.72.125,ipv4,malicious-ip,medium,WHITE,ziyadnz/hourly-ipv4,ziyadnz|hourly,2026-08-17T18:48:05Z,2026-08-17T18:48:05Z,
103.102.72.250,ipv4,malicious-ip,medium,WHITE,ziyadnz/hourly-ipv4,ziyadnz|hourly,2026-08-17T18:48:05Z,2026-08-17T18:48:05Z,
103.102.73.150,ipv4,malicious-ip,medium,WHITE,ziyadnz/hourly-ipv4,ziyadnz|hourly,2026-08-17T18:48:05Z,2026-08-17T18:48:05Z,
103.102.74.4,ipv4,malicious-ip,medium,WHITE,ziyadnz/hourly-ipv4,ziyadnz|hourly,2026-08-17T18:48:05Z,2026-08-17T18:48:05Z,
103.102.92.112,ipv4,malicious-ip,medium,WHITE,ziyadnz/hourly-ipv4,ziyadnz|hourly,2026-08-17T18:48:05Z,2026-08-17T18:48:05Z,
103.103.0.225,ipv4,malicious-ip,medium,WHITE,ziyadnz/hourly-ipv4,ziyadnz|hourly,2026-08-17T18:48:05Z,2026-08-17T18:48:05Z,
103.103.133.91,ipv4,malicious-ip,medium,WHITE,ziyadnz/hourly-ipv4,ziyadnz|hourly,2026-08-17T18:48:05Z,2026-08-17T18:48:05Z,
103.103.20.239,ipv4,malicious-ip,medium,WHITE,ziyadnz/hourly-ipv4,ziyadnz|hourly,2026-08-17T18:48:05Z,2026-08-17T18:48:05Z,
103.103.245.7,ipv4,malicious-ip,medium,WHITE,ziyadnz/hourly-ipv4,ziyadnz|hourly,2026-08-17T18:48:05Z,2026-08-17T18:48:05Z,
103.103.43.131,ipv4,malicious-ip,medium,WHITE,ziyadnz/hourly-ipv4,ziyadnz|hourly,2026-08-17T18:48:05Z,2026-08-17T18:48:05Z,
103.103.9.2,ipv4,malicious-ip,medium,WHITE,ziyadnz/hourly-ipv4,ziyadnz|hourly,2026-08-17T18:48:05Z,2026-08-17T18:48:05Z,
103.104.127.0,ipv4,malicious-ip,medium,WHITE,ziyadnz/hourly-ipv4,ziyadnz|hourly,2026-08-17T18:48:05Z,2026-08-17T18:48:05Z,
103.104.127.134,ipv4,malicious-ip,medium,WHITE,ziyadnz/hourly-ipv4,ziyadnz|hourly,2026-08-17T18:48:05Z,2026-08-17T18:48:05Z,
103.104.127.16,ipv4,malicious-ip,medium,WHITE,ziyadnz/hourly-ipv4,ziyadnz|hourly,2026-08-17T18:48:05Z,2026-08-17T18:48:05Z,
103.104.127.167,ipv4,malicious-ip,medium,WHITE,ziyadnz/hourly-ipv4,ziyadnz|hourly,2026-08-17T18:48:05Z,2026-08-17T18:48:05Z,
103.104.127.56,ipv4,malicious-ip,medium,WHITE,ziyadnz/hourly-ipv4,ziyadnz|hourly,2026-08-17T18:48:05Z,2026-08-17T18:48:05Z,
103.104.193.14,ipv4,malicious-ip,medium,WHITE,ziyadnz/hourly-ipv4,ziyadnz|hourly,2026-08-17T18:48:05Z,2026-08-17T18:48:05Z,
103.104.210.41,ipv4,malicious-ip,medium,WHITE,ziyadnz/hourly-ipv4,ziyadnz|hourly,2026-08-17T18:48:05Z,2026-08-17T18:48:05Z,
103.104.214.8,ipv4,malicious-ip,medium,WHITE,ziyadnz/hourly-ipv4,ziyadnz|hourly,2026-08-17T18:48:05Z,2026-08-17T18:48:05Z,
103.104.87.233,ipv4,malicious-ip,medium,WHITE,ziyadnz/hourly-ipv4,ziyadnz|hourly,2026-08-17T18:48:05Z,2026-08-17T18:48:05Z,
103.104.87.34,ipv4,malicious-ip,medium,WHITE,ziyadnz/hourly-ipv4,ziyadnz|hourly,2026-08-17T18:48:05Z,2026-08-17T18:48:05Z,
103.105.155.27,ipv4,malicious-ip,medium,WHITE,ziyadnz/hourly-ipv4,ziyadnz|hourly,2026-08-17T18:48:05Z,2026-08-17T18:48:05Z,
103.105.176.70,ipv4,malicious-ip,medium,WHITE,ziyadnz/hourly-ipv4,ziyadnz|hourly,2026-08-17T18:48:05Z,2026-08-17T18:48:05Z,
103.105.178.187,ipv4,malicious-ip,medium,WHITE,ziyadnz/hourly-ipv4,ziyadnz|hourly,2026-08-17T18:48:05Z,2026-08-17T18:48:05Z,
103.105.197.2,ipv4,malicious-ip,medium,WHITE,ziyadnz/hourly-ipv4,ziyadnz|hourly,2026-08-17T18:48:05Z,2026-08-17T18:48:05Z,
103.105.208.213,ipv4,malicious-ip,medium,WHITE,ziyadnz/hourly-ipv4,ziyadnz|hourly,2026-08-17T18:48:05Z,2026-08-17T18:48:05Z,
103.105.210.74,ipv4,malicious-ip,medium,WHITE,ziyadnz/hourly-ipv4,ziyadnz|hourly,2026-08-17T18:48:05Z,2026-08-17T18:48:05Z,
103.105.40.144,ipv4,malicious-ip,medium,WHITE,ziyadnz/hourly-ipv4,ziyadnz|hourly,2026-08-17T18:48:05Z,2026-08-17T18:48:05Z,
103.105.53.15,ipv4,malicious-ip,medium,WHITE,ziyadnz/hourly-ipv4,ziyadnz|hourly,2026-08-17T18:48:05Z,2026-08-17T18:48:05Z,
103.105.56.105,ipv4,malicious-ip,medium,WHITE,ziyadnz/hourly-ipv4,ziyadnz|hourly,2026-08-17T18:48:05Z,2026-08-17T18:48:05Z,
103.105.67.139,ipv4,malicious-ip,medium,WHITE,ziyadnz/hourly-ipv4,ziyadnz|hourly,2026-08-17T18:48:05Z,2026-08-17T18:48:05Z,
103.105.67.170,ipv4,malicious-ip,medium,WHITE,ziyadnz/hourly-ipv4,ziyadnz|hourly,2026-08-17T18:48:05Z,2026-08-17T18:48:05Z,
103.106.104.25,ipv4,malicious-ip,medium,WHITE,ziyadnz/hourly-ipv4,ziyadnz|hourly,2026-08-17T18:48:05Z,2026-08-17T18:48:05Z,
103.106.105.135,ipv4,malicious-ip,medium,WHITE,ziyadnz/hourly-ipv4,ziyadnz|hourly,2026-08-17T18:48:05Z,2026-08-17T18:48:05Z,
103.106.105.173,ipv4,malicious-ip,medium,WHITE,ziyadnz/hourly-ipv4,ziyadnz|hourly,2026-08-17T18:48:05Z,2026-08-17T18:48:05Z,
103.106.115.186,ipv4,malicious-ip,medium,WHITE,ziyadnz/hourly-ipv4,ziyadnz|hourly,2026-08-17T18:48:05Z,2026-08-17T18:48:05Z,
103.106.154.15,ipv4,malicious-ip,medium,WHITE,ziyadnz/hourly-ipv4,ziyadnz|hourly,2026-08-17T18:48:05Z,2026-08-17T18:48:05Z,
103.106.188.32,ipv4,malicious-ip,medium,WHITE,ziyadnz/hourly-ipv4,ziyadnz|hourly,2026-08-17T18:48:05Z,2026-08-17T18:48:05Z,
103.106.195.82,ipv4,malicious-ip,medium,WHITE,ziyadnz/hourly-ipv4,ziyadnz|hourly,2026-08-17T18:48:05Z,2026-08-17T18:48:05Z,
103.106.20.169,ipv4,malicious-ip,medium,WHITE,ziyadnz/hourly-ipv4,ziyadnz|hourly,2026-08-17T18:48:05Z,2026-08-17T18:48:05Z,
103.106.200.58,ipv4,malicious-ip,medium,WHITE,ziyadnz/hourly-ipv4,ziyadnz|hourly,2026-08-17T18:48:05Z,2026-08-17T18:48:05Z,
103.106.202.174,ipv4,malicious-ip,medium,WHITE,ziyadnz/hourly-ipv4,ziyadnz|hourly,2026-08-17T18:48:05Z,2026-08-17T18:48:05Z,
103.106.202.99,ipv4,malicious-ip,medium,WHITE,ziyadnz/hourly-ipv4,ziyadnz|hourly,2026-08-17T18:48:05Z,2026-08-17T18:48:05Z,
103.106.218.253,ipv4,malicious-ip,medium,WHITE,ziyadnz/hourly-ipv4,ziyadnz|hourly,2026-08-17T18:48:05Z,2026-08-17T18:48:05Z,
103.106.229.247,ipv4,malicious-ip,medium,WHITE,ziyadnz/hourly-ipv4,ziyadnz|hourly,2026-08-17T18:48:05Z,2026-08-17T18:48:05Z,
103.106.67.63,ipv4,malicious-ip,medium,WHITE,ziyadnz/hourly-ipv4,ziyadnz|hourly,2026-08-17T18:48:05Z,2026-08-17T18:48:05Z,
103.106.67.86,ipv4,malicious-ip,medium,WHITE,ziyadnz/hourly-ipv4,ziyadnz|hourly,2026-08-17T18:48:05Z,2026-08-17T18:48:05Z,
103.106.78.53,ipv4,malicious-ip,medium,WHITE,ziyadnz/hourly-ipv4,ziyadnz|hourly,2026-08-17T18:48:05Z,2026-08-17T18:48:05Z,
103.106.79.242,ipv4,malicious-ip,medium,WHITE,ziyadnz/hourly-ipv4,ziyadnz|hourly,2026-08-17T18:48:05Z,2026-08-17T18:48:05Z,
103.106.79.66,ipv4,malicious-ip,medium,WHITE,ziyadnz/hourly-ipv4,ziyadnz|hourly,2026-08-17T18:48:05Z,2026-08-17T18:48:05Z,
103.107.104.37,ipv4,malicious-ip,medium,WHITE,ziyadnz/hourly-ipv4,ziyadnz|hourly,2026-08-17T18:48:05Z,2026-08-17T18:48:05Z,
103.107.197.44,ipv4,malicious-ip,medium,WHITE,ziyadnz/hourly-ipv4,ziyadnz|hourly,2026-08-17T18:48:05Z,2026-08-17T18:48:05Z,
103.107.239.23,ipv4,malicious-ip,medium,WHITE,ziyadnz/hourly-ipv4,ziyadnz|hourly,2026-08-17T18:48:05Z,2026-08-17T18:48:05Z,
103.107.240.114,ipv4,malicious-ip,medium,WHITE,ziyadnz/hourly-ipv4,ziyadnz|hourly,2026-08-17T18:48:05Z,2026-08-17T18:48:05Z,
103.107.36.56,ipv4,malicious-ip,medium,WHITE,ziyadnz/hourly-ipv4,ziyadnz|hourly,2026-08-17T18:48:05Z,2026-08-17T18:48:05Z,
103.107.60.45,ipv4,malicious-ip,medium,WHITE,ziyadnz/hourly-ipv4,ziyadnz|hourly,2026-08-17T18:48:05Z,2026-08-17T18:48:05Z,
103.108.117.94,ipv4,malicious-ip,medium,WHITE,ziyadnz/hourly-ipv4,ziyadnz|hourly,2026-08-17T18:48:05Z,2026-08-17T18:48:05Z,
103.108.192.238,ipv4,malicious-ip,medium,WHITE,ziyadnz/hourly-ipv4,ziyadnz|hourly,2026-08-17T18:48:05Z,2026-08-17T18:48:05Z,
103.108.229.71,ipv4,malicious-ip,medium,WHITE,ziyadnz/hourly-ipv4,ziyadnz|hourly,2026-08-17T18:48:05Z,2026-08-17T18:48:05Z,
103.108.67.153,ipv4,malicious-ip,medium,WHITE,ziyadnz/hourly-ipv4,ziyadnz|hourly,2026-08-17T18:48:05Z,2026-08-17T18:48:05Z,
103.108.9.252,ipv4,malicious-ip,medium,WHITE,ziyadnz/hourly-ipv4,ziyadnz|hourly,2026-08-17T18:48:05Z,2026-08-17T18:48:05Z,
103.109.101.105,ipv4,malicious-ip,medium,WHITE,ziyadnz/hourly-ipv4,ziyadnz|hourly,2026-08-17T18:48:05Z,2026-08-17T18:48:05Z,
103.109.187.12,ipv4,malicious-ip,medium,WHITE,ziyadnz/hourly-ipv4,ziyadnz|hourly,2026-08-17T18:48:05Z,2026-08-17T18:48:05Z,
103.109.187.71,ipv4,malicious-ip,medium,WHITE,ziyadnz/hourly-ipv4,ziyadnz|hourly,2026-08-17T18:48:05Z,2026-08-17T18:48:05Z,
103.109.188.214,ipv4,malicious-ip,medium,WHITE,ziyadnz/hourly-ipv4,ziyadnz|hourly,2026-08-17T18:48:05Z,2026-08-17T18:48:05Z,
103.109.221.77,ipv4,malicious-ip,medium,WHITE,ziyadnz/hourly-ipv4,ziyadnz|hourly,2026-08-17T18:48:05Z,2026-08-17T18:48:05Z,
103.109.221.79,ipv4,malicious-ip,medium,WHITE,ziyadnz/hourly-ipv4,ziyadnz|hourly,2026-08-17T18:48:05Z,2026-08-17T18:48:05Z,
103.109.244.113,ipv4,malicious-ip,medium,WHITE,ziyadnz/hourly-ipv4,ziyadnz|hourly,2026-08-17T18:48:05Z,2026-08-17T18:48:05Z,
103.109.57.221,ipv4,malicious-ip,medium,WHITE,ziyadnz/hourly-ipv4,ziyadnz|hourly,2026-08-17T18:48:05Z,2026-08-17T18:48:05Z,
103.109.6.232,ipv4,malicious-ip,medium,WHITE,ziyadnz/hourly-ipv4,ziyadnz|hourly,2026-08-17T18:48:05Z,2026-08-17T18:48:05Z,
103.109.7.51,ipv4,malicious-ip,medium,WHITE,ziyadnz/hourly-ipv4,ziyadnz|hourly,2026-08-17T18:48:05Z,2026-08-17T18:48:05Z,
103.11.96.226,ipv4,malicious-ip,medium,WHITE,ziyadnz/hourly-ipv4,ziyadnz|hourly,2026-08-17T18:48:05Z,2026-08-17T18:48:05Z,
103.110.149.181,ipv4,malicious-ip,medium,WHITE,ziyadnz/hourly-ipv4,ziyadnz|hourly,2026-08-17T18:48:05Z,2026-08-17T18:48:05Z,
103.110.164.162,ipv4,malicious-ip,medium,WHITE,ziyadnz/hourly-ipv4,ziyadnz|hourly,2026-08-17T18:48:05Z,2026-08-17T18:48:05Z,
103.110.164.69,ipv4,malicious-ip,medium,WHITE,ziyadnz/hourly-ipv4,ziyadnz|hourly,2026-08-17T18:48:05Z,2026-08-17T18:48:05Z,
103.110.185.6,ipv4,malicious-ip,medium,WHITE,ziyadnz/hourly-ipv4,ziyadnz|hourly,2026-08-17T18:48:05Z,2026-08-17T18:48:05Z,
103.110.21.191,ipv4,malicious-ip,medium,WHITE,ziyadnz/hourly-ipv4,ziyadnz|hourly,2026-08-17T18:48:05Z,2026-08-17T18:48:05Z,
103.110.236.46,ipv4,malicious-ip,medium,WHITE,ziyadnz/hourly-ipv4,ziyadnz|hourly,2026-08-17T18:48:05Z,2026-08-17T18:48:05Z,
103.110.237.114,ipv4,malicious-ip,medium,WHITE,ziyadnz/hourly-ipv4,ziyadnz|hourly,2026-08-17T18:48:05Z,2026-08-17T18:48:05Z,
103.110.239.117,ipv4,malicious-ip,medium,WHITE,ziyadnz/hourly-ipv4,ziyadnz|hourly,2026-08-17T18:48:05Z,2026-08-17T18:48:05Z,
103.110.33.104,ipv4,malicious-ip,medium,WHITE,ziyadnz/hourly-ipv4,ziyadnz|hourly,2026-08-17T18:48:05Z,2026-08-17T18:48:05Z,
103.110.33.164,ipv4,malicious-ip,medium,WHITE,ziyadnz/hourly-ipv4,ziyadnz|hourly,2026-08-17T18:48:05Z,2026-08-17T18:48:05Z,
103.110.34.131,ipv4,malicious-ip,medium,WHITE,ziyadnz/hourly-ipv4,ziyadnz|hourly,2026-08-17T18:48:05Z,2026-08-17T18:48:05Z,
103.110.43.179,ipv4,malicious-ip,medium,WHITE,ziyadnz/hourly-ipv4,ziyadnz|hourly,2026-08-17T18:48:05Z,2026-08-17T18:48:05Z,
103.110.48.241,ipv4,malicious-ip,medium,WHITE,ziyadnz/hourly-ipv4,ziyadnz|hourly,2026-08-17T18:48:05Z,2026-08-17T18:48:05Z,
103.110.6.254,ipv4,malicious-ip,medium,WHITE,ziyadnz/hourly-ipv4,ziyadnz|hourly,2026-08-17T18:48:05Z,2026-08-17T18:48:05Z,
103.110.81.114,ipv4,malicious-ip,medium,WHITE,ziyadnz/hourly-ipv4,ziyadnz|hourly,2026-08-17T18:48:05Z,2026-08-17T18:48:05Z,
103.111.114.29,ipv4,malicious-ip,medium,WHITE,ziyadnz/hourly-ipv4,ziyadnz|hourly,2026-08-17T18:48:05Z,2026-08-17T18:48:05Z,
103.111.205.10,ipv4,malicious-ip,medium,WHITE,ziyadnz/hourly-ipv4,ziyadnz|hourly,2026-08-17T18:48:05Z,2026-08-17T18:48:05Z,
103.111.225.208,ipv4,malicious-ip,medium,WHITE,ziyadnz/hourly-ipv4,ziyadnz|hourly,2026-08-17T18:48:05Z,2026-08-17T18:48:05Z,
103.111.225.90,ipv4,malicious-ip,medium,WHITE,ziyadnz/hourly-ipv4,ziyadnz|hourly,2026-08-17T18:48:05Z,2026-08-17T18:48:05Z,
103.111.228.36,ipv4,malicious-ip,medium,WHITE,ziyadnz/hourly-ipv4,ziyadnz|hourly,2026-08-17T18:48:05Z,2026-08-17T18:48:05Z,
103.112.106.17,ipv4,malicious-ip,medium,WHITE,ziyadnz/hourly-ipv4,ziyadnz|hourly,2026-08-17T18:48:05Z,2026-08-17T18:48:05Z,
103.112.173.87,ipv4,malicious-ip,medium,WHITE,ziyadnz/hourly-ipv4,ziyadnz|hourly,2026-08-17T18:48:05Z,2026-08-17T18:48:05Z,
103.112.20.211,ipv4,malicious-ip,medium,WHITE,ziyadnz/hourly-ipv4,ziyadnz|hourly,2026-08-17T18:48:05Z,2026-08-17T18:48:05Z,
103.112.207.225,ipv4,malicious-ip,medium,WHITE,ziyadnz/hourly-ipv4,ziyadnz|hourly,2026-08-17T18:48:05Z,2026-08-17T18:48:05Z,
103.112.224.81,ipv4,malicious-ip,medium,WHITE,ziyadnz/hourly-ipv4,ziyadnz|hourly,2026-08-17T18:48:05Z,2026-08-17T18:48:05Z,
103.112.245.85,ipv4,malicious-ip,medium,WHITE,ziyadnz/hourly-ipv4,ziyadnz|hourly,2026-08-17T18:48:05Z,2026-08-17T18:48:05Z,
103.112.27.11,ipv4,malicious-ip,medium,WHITE,ziyadnz/hourly-ipv4,ziyadnz|hourly,2026-08-17T18:48:05Z,2026-08-17T18:48:05Z,
103.112.35.20,ipv4,malicious-ip,medium,WHITE,ziyadnz/hourly-ipv4,ziyadnz|hourly,2026-08-17T18:48:05Z,2026-08-17T18:48:05Z,
103.112.54.86,ipv4,malicious-ip,medium,WHITE,ziyadnz/hourly-ipv4,ziyadnz|hourly,2026-08-17T18:48:05Z,2026-08-17T18:48:05Z,
103.112.59.124,ipv4,malicious-ip,medium,WHITE,ziyadnz/hourly-ipv4,ziyadnz|hourly,2026-08-17T18:48:05Z,2026-08-17T18:48:05Z,
103.112.68.241,ipv4,malicious-ip,medium,WHITE,ziyadnz/hourly-ipv4,ziyadnz|hourly,2026-08-17T18:48:05Z,2026-08-17T18:48:05Z,
103.112.69.148,ipv4,malicious-ip,medium,WHITE,ziyadnz/hourly-ipv4,ziyadnz|hourly,2026-08-17T18:48:05Z,2026-08-17T18:48:05Z,
103.112.97.83,ipv4,malicious-ip,medium,WHITE,ziyadnz/hourly-ipv4,ziyadnz|hourly,2026-08-17T18:48:05Z,2026-08-17T18:48:05Z,
103.113.105.228,ipv4,malicious-ip,medium,WHITE,ziyadnz/hourly-ipv4,ziyadnz|hourly,2026-08-17T18:48:05Z,2026-08-17T18:48:05Z,
103.113.135.83,ipv4,malicious-ip,medium,WHITE,ziyadnz/hourly-ipv4,ziyadnz|hourly,2026-08-17T18:48:05Z,2026-08-17T18:48:05Z,
103.113.170.85,ipv4,malicious-ip,medium,WHITE,ziyadnz/hourly-ipv4,ziyadnz|hourly,2026-08-17T18:48:05Z,2026-08-17T18:48:05Z,
103.113.205.170,ipv4,malicious-ip,medium,WHITE,ziyadnz/hourly-ipv4,ziyadnz|hourly,2026-08-17T18:48:05Z,2026-08-17T18:48:05Z,
103.113.48.42,ipv4,malicious-ip,medium,WHITE,ziyadnz/hourly-ipv4,ziyadnz|hourly,2026-08-17T18:48:05Z,2026-08-17T18:48:05Z,
103.113.70.142,ipv4,malicious-ip,medium,WHITE,ziyadnz/hourly-ipv4,ziyadnz|hourly,2026-08-17T18:48:05Z,2026-08-17T18:48:05Z,
103.114.114.227,ipv4,malicious-ip,medium,WHITE,ziyadnz/hourly-ipv4,ziyadnz|hourly,2026-08-17T18:48:05Z,2026-08-17T18:48:05Z,
103.114.146.142,ipv4,malicious-ip,medium,WHITE,ziyadnz/hourly-ipv4,ziyadnz|hourly,2026-08-17T18:48:05Z,2026-08-17T18:48:05Z,
103.114.146.178,ipv4,malicious-ip,medium,WHITE,ziyadnz/hourly-ipv4,ziyadnz|hourly,2026-08-17T18:48:05Z,2026-08-17T18:48:05Z,
103.114.160.250,ipv4,malicious-ip,medium,WHITE,ziyadnz/hourly-ipv4,ziyadnz|hourly,2026-08-17T18:48:05Z,2026-08-17T18:48:05Z,
103.114.210.82,ipv4,malicious-ip,medium,WHITE,ziyadnz/hourly-ipv4,ziyadnz|hourly,2026-08-17T18:48:05Z,2026-08-17T18:48:05Z,
103.114.244.146,ipv4,malicious-ip,medium,WHITE,ziyadnz/hourly-ipv4,ziyadnz|hourly,2026-08-17T18:48:05Z,2026-08-17T18:48:05Z,
103.114.252.78,ipv4,malicious-ip,medium,WHITE,ziyadnz/hourly-ipv4,ziyadnz|hourly,2026-08-17T18:48:05Z,2026-08-17T18:48:05Z,
103.114.253.42,ipv4,malicious-ip,medium,WHITE,ziyadnz/hourly-ipv4,ziyadnz|hourly,2026-08-17T18:48:05Z,2026-08-17T18:48:05Z,
103.115.198.22,ipv4,malicious-ip,medium,WHITE,ziyadnz/hourly-ipv4,ziyadnz|hourly,2026-08-17T18:48:05Z,2026-08-17T18:48:05Z,
103.115.20.242,ipv4,malicious-ip,medium,WHITE,ziyadnz/hourly-ipv4,ziyadnz|hourly,2026-08-17T18:48:05Z,2026-08-17T18:48:05Z,
103.115.242.16,ipv4,malicious-ip,medium,WHITE,ziyadnz/hourly-ipv4,ziyadnz|hourly,2026-08-17T18:48:05Z,2026-08-17T18:48:05Z,
103.115.25.70,ipv4,malicious-ip,medium,WHITE,ziyadnz/hourly-ipv4,ziyadnz|hourly,2026-08-17T18:48:05Z,2026-08-17T18:48:05Z,
103.115.41.16,ipv4,malicious-ip,medium,WHITE,ziyadnz/hourly-ipv4,ziyadnz|hourly,2026-08-17T18:48:05Z,2026-08-17T18:48:05Z,
103.115.48.20,ipv4,malicious-ip,medium,WHITE,ziyadnz/hourly-ipv4,ziyadnz|hourly,2026-08-17T18:48:05Z,2026-08-17T18:48:05Z,
103.115.48.229,ipv4,malicious-ip,medium,WHITE,ziyadnz/hourly-ipv4,ziyadnz|hourly,2026-08-17T18:48:05Z,2026-08-17T18:48:05Z,
103.115.56.181,ipv4,malicious-ip,medium,WHITE,ziyadnz/hourly-ipv4,ziyadnz|hourly,2026-08-17T18:48:05Z,2026-08-17T18:48:05Z,
103.115.56.3,ipv4,malicious-ip,medium,WHITE,ziyadnz/hourly-ipv4,ziyadnz|hourly,2026-08-17T18:48:05Z,2026-08-17T18:48:05Z,
103.116.38.109,ipv4,malicious-ip,medium,WHITE,ziyadnz/hourly-ipv4,ziyadnz|hourly,2026-08-17T18:48:05Z,2026-08-17T18:48:05Z,
103.116.75.56,ipv4,malicious-ip,medium,WHITE,ziyadnz/hourly-ipv4,ziyadnz|hourly,2026-08-17T18:48:05Z,2026-08-17T18:48:05Z,
103.117.100.117,ipv4,malicious-ip,medium,WHITE,ziyadnz/hourly-ipv4,ziyadnz|hourly,2026-08-17T18:48:05Z,2026-08-17T18:48:05Z,
103.117.100.77,ipv4,malicious-ip,medium,WHITE,ziyadnz/hourly-ipv4,ziyadnz|hourly,2026-08-17T18:48:05Z,2026-08-17T18:48:05Z,
103.117.100.79,ipv4,malicious-ip,medium,WHITE,ziyadnz/hourly-ipv4,ziyadnz|hourly,2026-08-17T18:48:05Z,2026-08-17T18:48:05Z,
103.117.12.77,ipv4,malicious-ip,medium,WHITE,ziyadnz/hourly-ipv4,ziyadnz|hourly,2026-08-17T18:48:05Z,2026-08-17T18:48:05Z,
103.117.14.157,ipv4,malicious-ip,medium,WHITE,ziyadnz/hourly-ipv4,ziyadnz|hourly,2026-08-17T18:48:05Z,2026-08-17T18:48:05Z,
103.117.14.198,ipv4,malicious-ip,medium,WHITE,ziyadnz/hourly-ipv4,ziyadnz|hourly,2026-08-17T18:48:05Z,2026-08-17T18:48:05Z,
103.117.148.226,ipv4,malicious-ip,medium,WHITE,ziyadnz/hourly-ipv4,ziyadnz|hourly,2026-08-17T18:48:05Z,2026-08-17T18:48:05Z,
103.117.150.82,ipv4,malicious-ip,medium,WHITE,ziyadnz/hourly-ipv4,ziyadnz|hourly,2026-08-17T18:48:05Z,2026-08-17T18:48:05Z,
103.117.155.41,ipv4,malicious-ip,medium,WHITE,ziyadnz/hourly-ipv4,ziyadnz|hourly,2026-08-17T18:48:05Z,2026-08-17T18:48:05Z,
103.117.161.51,ipv4,malicious-ip,medium,WHITE,ziyadnz/hourly-ipv4,ziyadnz|hourly,2026-08-17T18:48:05Z,2026-08-17T18:48:05Z,
103.117.162.224,ipv4,malicious-ip,medium,WHITE,ziyadnz/hourly-ipv4,ziyadnz|hourly,2026-08-17T18:48:05Z,2026-08-17T18:48:05Z,
103.117.180.117,ipv4,malicious-ip,medium,WHITE,ziyadnz/hourly-ipv4,ziyadnz|hourly,2026-08-17T18:48:05Z,2026-08-17T18:48:05Z,
103.117.213.191,ipv4,malicious-ip,medium,WHITE,ziyadnz/hourly-ipv4,ziyadnz|hourly,2026-08-17T18:48:05Z,2026-08-17T18:48:05Z,
103.117.219.1,ipv4,malicious-ip,medium,WHITE,ziyadnz/hourly-ipv4,ziyadnz|hourly,2026-08-17T18:48:05Z,2026-08-17T18:48:05Z,
103.117.56.120,ipv4,malicious-ip,medium,WHITE,ziyadnz/hourly-ipv4,ziyadnz|hourly,2026-08-17T18:48:05Z,2026-08-17T18:48:05Z,
103.117.57.134,ipv4,malicious-ip,medium,WHITE,ziyadnz/hourly-ipv4,ziyadnz|hourly,2026-08-17T18:48:05Z,2026-08-17T18:48:05Z,
103.118.183.2,ipv4,malicious-ip,medium,WHITE,ziyadnz/hourly-ipv4,ziyadnz|hourly,2026-08-17T18:48:05Z,2026-08-17T18:48:05Z,
103.118.199.234,ipv4,malicious-ip,medium,WHITE,ziyadnz/hourly-ipv4,ziyadnz|hourly,2026-08-17T18:48:05Z,2026-08-17T18:48:05Z,
103.118.28.144,ipv4,malicious-ip,medium,WHITE,ziyadnz/hourly-ipv4,ziyadnz|hourly,2026-08-17T18:48:05Z,2026-08-17T18:48:05Z,
103.118.28.17,ipv4,malicious-ip,medium,WHITE,ziyadnz/hourly-ipv4,ziyadnz|hourly,2026-08-17T18:48:05Z,2026-08-17T18:48:05Z,
103.118.28.50,ipv4,malicious-ip,medium,WHITE,ziyadnz/hourly-ipv4,ziyadnz|hourly,2026-08-17T18:48:05Z,2026-08-17T18:48:05Z,
103.118.29.129,ipv4,malicious-ip,medium,WHITE,ziyadnz/hourly-ipv4,ziyadnz|hourly,2026-08-17T18:48:05Z,2026-08-17T18:48:05Z,
103.118.46.37,ipv4,malicious-ip,medium,WHITE,ziyadnz/hourly-ipv4,ziyadnz|hourly,2026-08-17T18:48:05Z,2026-08-17T18:48:05Z,
103.118.78.129,ipv4,malicious-ip,medium,WHITE,ziyadnz/hourly-ipv4,ziyadnz|hourly,2026-08-17T18:48:05Z,2026-08-17T18:48:05Z,
103.118.82.2,ipv4,malicious-ip,medium,WHITE,ziyadnz/hourly-ipv4,ziyadnz|hourly,2026-08-17T18:48:05Z,2026-08-17T18:48:05Z,
103.118.82.254,ipv4,malicious-ip,medium,WHITE,ziyadnz/hourly-ipv4,ziyadnz|hourly,2026-08-17T18:48:05Z,2026-08-17T18:48:05Z,
103.119.145.66,ipv4,malicious-ip,medium,WHITE,ziyadnz/hourly-ipv4,ziyadnz|hourly,2026-08-17T18:48:05Z,2026-08-17T18:48:05Z,
103.119.94.10,ipv4,malicious-ip,medium,WHITE,ziyadnz/hourly-ipv4,ziyadnz|hourly,2026-08-17T18:48:05Z,2026-08-17T18:48:05Z,
103.119.97.179,ipv4,malicious-ip,medium,WHITE,ziyadnz/hourly-ipv4,ziyadnz|hourly,2026-08-17T18:48:05Z,2026-08-17T18:48:05Z,
103.119.99.90,ipv4,malicious-ip,medium,WHITE,ziyadnz/hourly-ipv4,ziyadnz|hourly,2026-08-17T18:48:05Z,2026-08-17T18:48:05Z,
103.12.135.35,ipv4,malicious-ip,medium,WHITE,ziyadnz/hourly-ipv4,ziyadnz|hourly,2026-08-17T18:48:05Z,2026-08-17T18:48:05Z,
103.12.197.114,ipv4,malicious-ip,medium,WHITE,ziyadnz/hourly-ipv4,ziyadnz|hourly,2026-08-17T18:48:05Z,2026-08-17T18:48:05Z,
103.120.116.162,ipv4,malicious-ip,medium,WHITE,ziyadnz/hourly-ipv4,ziyadnz|hourly,2026-08-17T18:48:05Z,2026-08-17T18:48:05Z,
103.120.227.88,ipv4,malicious-ip,medium,WHITE,ziyadnz/hourly-ipv4,ziyadnz|hourly,2026-08-17T18:48:05Z,2026-08-17T18:48:05Z,
103.120.70.153,ipv4,malicious-ip,medium,WHITE,ziyadnz/hourly-ipv4,ziyadnz|hourly,2026-08-17T18:48:05Z,2026-08-17T18:48:05Z,
103.120.71.157,ipv4,malicious-ip,medium,WHITE,ziyadnz/hourly-ipv4,ziyadnz|hourly,2026-08-17T18:48:05Z,2026-08-17T18:48:05Z,
103.121.117.90,ipv4,malicious-ip,medium,WHITE,ziyadnz/hourly-ipv4,ziyadnz|hourly,2026-08-17T18:48:05Z,2026-08-17T18:48:05Z,
103.121.172.72,ipv4,malicious-ip,medium,WHITE,ziyadnz/hourly-ipv4,ziyadnz|hourly,2026-08-17T18:48:05Z,2026-08-17T18:48:05Z,
103.121.174.163,ipv4,malicious-ip,medium,WHITE,ziyadnz/hourly-ipv4,ziyadnz|hourly,2026-08-17T18:48:05Z,2026-08-17T18:48:05Z,
103.121.179.198,ipv4,malicious-ip,medium,WHITE,ziyadnz/hourly-ipv4,ziyadnz|hourly,2026-08-17T18:48:05Z,2026-08-17T18:48:05Z,
103.121.25.101,ipv4,malicious-ip,medium,WHITE,ziyadnz/hourly-ipv4,ziyadnz|hourly,2026-08-17T18:48:05Z,2026-08-17T18:48:05Z,
103.121.25.71,ipv4,malicious-ip,medium,WHITE,ziyadnz/hourly-ipv4,ziyadnz|hourly,2026-08-17T18:48:05Z,2026-08-17T18:48:05Z,
103.121.27.218,ipv4,malicious-ip,medium,WHITE,ziyadnz/hourly-ipv4,ziyadnz|hourly,2026-08-17T18:48:05Z,2026-08-17T18:48:05Z,
103.121.38.163,ipv4,malicious-ip,medium,WHITE,ziyadnz/hourly-ipv4,ziyadnz|hourly,2026-08-17T18:48:05Z,2026-08-17T18:48:05Z,
103.121.62.114,ipv4,malicious-ip,medium,WHITE,ziyadnz/hourly-ipv4,ziyadnz|hourly,2026-08-17T18:48:05Z,2026-08-17T18:48:05Z,
103.121.7.93,ipv4,malicious-ip,medium,WHITE,ziyadnz/hourly-ipv4,ziyadnz|hourly,2026-08-17T18:48:05Z,2026-08-17T18:48:05Z,
103.121.88.228,ipv4,malicious-ip,medium,WHITE,ziyadnz/hourly-ipv4,ziyadnz|hourly,2026-08-17T18:48:05Z,2026-08-17T18:48:05Z,
103.121.91.144,ipv4,malicious-ip,medium,WHITE,ziyadnz/hourly-ipv4,ziyadnz|hourly,2026-08-17T18:48:05Z,2026-08-17T18:48:05Z,
103.122.164.106,ipv4,malicious-ip,medium,WHITE,ziyadnz/hourly-ipv4,ziyadnz|hourly,2026-08-17T18:48:05Z,2026-08-17T18:48:05Z,
103.122.222.105,ipv4,malicious-ip,medium,WHITE,ziyadnz/hourly-ipv4,ziyadnz|hourly,2026-08-17T18:48:05Z,2026-08-17T18:48:05Z,
103.122.252.9,ipv4,malicious-ip,medium,WHITE,ziyadnz/hourly-ipv4,ziyadnz|hourly,2026-08-17T18:48:05Z,2026-08-17T18:48:05Z,
103.122.253.29,ipv4,malicious-ip,medium,WHITE,ziyadnz/hourly-ipv4,ziyadnz|hourly,2026-08-17T18:48:05Z,2026-08-17T18:48:05Z,
103.122.34.142,ipv4,malicious-ip,medium,WHITE,ziyadnz/hourly-ipv4,ziyadnz|hourly,2026-08-17T18:48:05Z,2026-08-17T18:48:05Z,
103.122.5.154,ipv4,malicious-ip,medium,WHITE,ziyadnz/hourly-ipv4,ziyadnz|hourly,2026-08-17T18:48:05Z,2026-08-17T18:48:05Z,
103.122.67.223,ipv4,malicious-ip,medium,WHITE,ziyadnz/hourly-ipv4,ziyadnz|hourly,2026-08-17T18:48:05Z,2026-08-17T18:48:05Z,
103.123.113.169,ipv4,malicious-ip,medium,WHITE,ziyadnz/hourly-ipv4,ziyadnz|hourly,2026-08-17T18:48:05Z,2026-08-17T18:48:05Z,
103.123.175.6,ipv4,malicious-ip,medium,WHITE,ziyadnz/hourly-ipv4,ziyadnz|hourly,2026-08-17T18:48:05Z,2026-08-17T18:48:05Z,
103.123.225.3,ipv4,malicious-ip,medium,WHITE,ziyadnz/hourly-ipv4,ziyadnz|hourly,2026-08-17T18:48:05Z,2026-08-17T18:48:05Z,
103.124.104.22,ipv4,malicious-ip,medium,WHITE,ziyadnz/hourly-ipv4,ziyadnz|hourly,2026-08-17T18:48:05Z,2026-08-17T18:48:05Z,
103.124.104.76,ipv4,malicious-ip,medium,WHITE,ziyadnz/hourly-ipv4,ziyadnz|hourly,2026-08-17T18:48:05Z,2026-08-17T18:48:05Z,
103.124.105.208,ipv4,malicious-ip,medium,WHITE,ziyadnz/hourly-ipv4,ziyadnz|hourly,2026-08-17T18:48:05Z,2026-08-17T18:48:05Z,
103.124.105.233,ipv4,malicious-ip,medium,WHITE,ziyadnz/hourly-ipv4,ziyadnz|hourly,2026-08-17T18:48:05Z,2026-08-17T18:48:05Z,
103.124.105.251,ipv4,malicious-ip,medium,WHITE,ziyadnz/hourly-ipv4,ziyadnz|hourly,2026-08-17T18:48:05Z,2026-08-17T18:48:05Z,
103.124.106.218,ipv4,malicious-ip,medium,WHITE,ziyadnz/hourly-ipv4,ziyadnz|hourly,2026-08-17T18:48:05Z,2026-08-17T18:48:05Z,
103.124.106.224,ipv4,malicious-ip,medium,WHITE,ziyadnz/hourly-ipv4,ziyadnz|hourly,2026-08-17T18:48:05Z,2026-08-17T18:48:05Z,
103.124.106.237,ipv4,malicious-ip,medium,WHITE,ziyadnz/hourly-ipv4,ziyadnz|hourly,2026-08-17T18:48:05Z,2026-08-17T18:48:05Z,
103.124.107.17,ipv4,malicious-ip,medium,WHITE,ziyadnz/hourly-ipv4,ziyadnz|hourly,2026-08-17T18:48:05Z,2026-08-17T18:48:05Z,
103.124.137.137,ipv4,malicious-ip,medium,WHITE,ziyadnz/hourly-ipv4,ziyadnz|hourly,2026-08-17T18:48:05Z,2026-08-17T18:48:05Z,
103.124.152.200,ipv4,malicious-ip,medium,WHITE,ziyadnz/hourly-ipv4,ziyadnz|hourly,2026-08-17T18:48:05Z,2026-08-17T18:48:05Z,
103.124.153.190,ipv4,malicious-ip,medium,WHITE,ziyadnz/hourly-ipv4,ziyadnz|hourly,2026-08-17T18:48:05Z,2026-08-17T18:48:05Z,
103.124.196.126,ipv4,malicious-ip,medium,WHITE,ziyadnz/hourly-ipv4,ziyadnz|hourly,2026-08-17T18:48:05Z,2026-08-17T18:48:05Z,
103.124.197.70,ipv4,malicious-ip,medium,WHITE,ziyadnz/hourly-ipv4,ziyadnz|hourly,2026-08-17T18:48:05Z,2026-08-17T18:48:05Z,
103.124.197.78,ipv4,malicious-ip,medium,WHITE,ziyadnz/hourly-ipv4,ziyadnz|hourly,2026-08-17T18:48:05Z,2026-08-17T18:48:05Z,
103.124.227.154,ipv4,malicious-ip,medium,WHITE,ziyadnz/hourly-ipv4,ziyadnz|hourly,2026-08-17T18:48:05Z,2026-08-17T18:48:05Z,
103.124.238.130,ipv4,malicious-ip,medium,WHITE,ziyadnz/hourly-ipv4,ziyadnz|hourly,2026-08-17T18:48:05Z,2026-08-17T18:48:05Z,
103.124.93.232,ipv4,malicious-ip,medium,WHITE,ziyadnz/hourly-ipv4,ziyadnz|hourly,2026-08-17T18:48:05Z,2026-08-17T18:48:05Z,
103.124.95.115,ipv4,malicious-ip,medium,WHITE,ziyadnz/hourly-ipv4,ziyadnz|hourly,2026-08-17T18:48:05Z,2026-08-17T18:48:05Z,
103.124.95.161,ipv4,malicious-ip,medium,WHITE,ziyadnz/hourly-ipv4,ziyadnz|hourly,2026-08-17T18:48:05Z,2026-08-17T18:48:05Z,
103.124.96.189,ipv4,malicious-ip,medium,WHITE,ziyadnz/hourly-ipv4,ziyadnz|hourly,2026-08-17T18:48:05Z,2026-08-17T18:48:05Z,
103.125.128.46,ipv4,malicious-ip,medium,WHITE,ziyadnz/hourly-ipv4,ziyadnz|hourly,2026-08-17T18:48:05Z,2026-08-17T18:48:05Z,
103.125.146.48,ipv4,malicious-ip,medium,WHITE,ziyadnz/hourly-ipv4,ziyadnz|hourly,2026-08-17T18:48:05Z,2026-08-17T18:48:05Z,
103.125.146.78,ipv4,malicious-ip,medium,WHITE,ziyadnz/hourly-ipv4,ziyadnz|hourly,2026-08-17T18:48:05Z,2026-08-17T18:48:05Z,
103.125.155.226,ipv4,malicious-ip,medium,WHITE,ziyadnz/hourly-ipv4,ziyadnz|hourly,2026-08-17T18:48:05Z,2026-08-17T18:48:05Z,
103.125.155.28,ipv4,malicious-ip,medium,WHITE,ziyadnz/hourly-ipv4,ziyadnz|hourly,2026-08-17T18:48:05Z,2026-08-17T18:48:05Z,
103.125.175.174,ipv4,malicious-ip,medium,WHITE,ziyadnz/hourly-ipv4,ziyadnz|hourly,2026-08-17T18:48:05Z,2026-08-17T18:48:05Z,
103.125.177.19,ipv4,malicious-ip,medium,WHITE,ziyadnz/hourly-ipv4,ziyadnz|hourly,2026-08-17T18:48:05Z,2026-08-17T18:48:05Z,
103.125.177.193,ipv4,malicious-ip,medium,WHITE,ziyadnz/hourly-ipv4,ziyadnz|hourly,2026-08-17T18:48:05Z,2026-08-17T18:48:05Z,
103.125.177.250,ipv4,malicious-ip,medium,WHITE,ziyadnz/hourly-ipv4,ziyadnz|hourly,2026-08-17T18:48:05Z,2026-08-17T18:48:05Z,
103.125.179.34,ipv4,malicious-ip,medium,WHITE,ziyadnz/hourly-ipv4,ziyadnz|hourly,2026-08-17T18:48:05Z,2026-08-17T18:48:05Z,
103.125.179.37,ipv4,malicious-ip,medium,WHITE,ziyadnz/hourly-ipv4,ziyadnz|hourly,2026-08-17T18:48:05Z,2026-08-17T18:48:05Z,
103.126.117.26,ipv4,malicious-ip,medium,WHITE,ziyadnz/hourly-ipv4,ziyadnz|hourly,2026-08-17T18:48:05Z,2026-08-17T18:48:05Z,
103.126.118.207,ipv4,malicious-ip,medium,WHITE,ziyadnz/hourly-ipv4,ziyadnz|hourly,2026-08-17T18:48:05Z,2026-08-17T18:48:05Z,
103.126.118.226,ipv4,malicious-ip,medium,WHITE,ziyadnz/hourly-ipv4,ziyadnz|hourly,2026-08-17T18:48:05Z,2026-08-17T18:48:05Z,
103.126.118.229,ipv4,malicious-ip,medium,WHITE,ziyadnz/hourly-ipv4,ziyadnz|hourly,2026-08-17T18:48:05Z,2026-08-17T18:48:05Z,
103.126.118.230,ipv4,malicious-ip,medium,WHITE,ziyadnz/hourly-ipv4,ziyadnz|hourly,2026-08-17T18:48:05Z,2026-08-17T18:48:05Z,
103.126.118.231,ipv4,malicious-ip,medium,WHITE,ziyadnz/hourly-ipv4,ziyadnz|hourly,2026-08-17T18:48:05Z,2026-08-17T18:48:05Z,
103.126.161.66,ipv4,malicious-ip,medium,WHITE,ziyadnz/hourly-ipv4,ziyadnz|hourly,2026-08-17T18:48:05Z,2026-08-17T18:48:05Z,
103.126.205.107,ipv4,malicious-ip,medium,WHITE,ziyadnz/hourly-ipv4,ziyadnz|hourly,2026-08-17T18:48:05Z,2026-08-17T18:48:05Z,
103.126.217.241,ipv4,malicious-ip,medium,WHITE,ziyadnz/hourly-ipv4,ziyadnz|hourly,2026-08-17T18:48:05Z,2026-08-17T18:48:05Z,
103.126.30.97,ipv4,malicious-ip,medium,WHITE,ziyadnz/hourly-ipv4,ziyadnz|hourly,2026-08-17T18:48:05Z,2026-08-17T18:48:05Z,
103.126.36.2,ipv4,malicious-ip,medium,WHITE,ziyadnz/hourly-ipv4,ziyadnz|hourly,2026-08-17T18:48:05Z,2026-08-17T18:48:05Z,
103.126.93.28,ipv4,malicious-ip,medium,WHITE,ziyadnz/hourly-ipv4,ziyadnz|hourly,2026-08-17T18:48:05Z,2026-08-17T18:48:05Z,
103.126.93.42,ipv4,malicious-ip,medium,WHITE,ziyadnz/hourly-ipv4,ziyadnz|hourly,2026-08-17T18:48:05Z,2026-08-17T18:48:05Z,
103.127.108.57,ipv4,malicious-ip,medium,WHITE,ziyadnz/hourly-ipv4,ziyadnz|hourly,2026-08-17T18:48:05Z,2026-08-17T18:48:05Z,
103.127.132.75,ipv4,malicious-ip,medium,WHITE,ziyadnz/hourly-ipv4,ziyadnz|hourly,2026-08-17T18:48:05Z,2026-08-17T18:48:05Z,
103.127.134.124,ipv4,malicious-ip,medium,WHITE,ziyadnz/hourly-ipv4,ziyadnz|hourly,2026-08-17T18:48:05Z,2026-08-17T18:48:05Z,
103.127.170.0,ipv4,malicious-ip,medium,WHITE,ziyadnz/hourly-ipv4,ziyadnz|hourly,2026-08-17T18:48:05Z,2026-08-17T18:48:05Z,
103.127.170.135,ipv4,malicious-ip,medium,WHITE,ziyadnz/hourly-ipv4,ziyadnz|hourly,2026-08-17T18:48:05Z,2026-08-17T18:48:05Z,
103.127.170.139,ipv4,malicious-ip,medium,WHITE,ziyadnz/hourly-ipv4,ziyadnz|hourly,2026-08-17T18:48:05Z,2026-08-17T18:48:05Z,
103.127.170.145,ipv4,malicious-ip,medium,WHITE,ziyadnz/hourly-ipv4,ziyadnz|hourly,2026-08-17T18:48:05Z,2026-08-17T18:48:05Z,
103.127.170.147,ipv4,malicious-ip,medium,WHITE,ziyadnz/hourly-ipv4,ziyadnz|hourly,2026-08-17T18:48:05Z,2026-08-17T18:48:05Z,
103.127.170.149,ipv4,malicious-ip,medium,WHITE,ziyadnz/hourly-ipv4,ziyadnz|hourly,2026-08-17T18:48:05Z,2026-08-17T18:48:05Z,
103.127.170.153,ipv4,malicious-ip,medium,WHITE,ziyadnz/hourly-ipv4,ziyadnz|hourly,2026-08-17T18:48:05Z,2026-08-17T18:48:05Z,
103.127.23.50,ipv4,malicious-ip,medium,WHITE,ziyadnz/hourly-ipv4,ziyadnz|hourly,2026-08-17T18:48:05Z,2026-08-17T18:48:05Z,
103.127.243.82,ipv4,malicious-ip,medium,WHITE,ziyadnz/hourly-ipv4,ziyadnz|hourly,2026-08-17T18:48:05Z,2026-08-17T18:48:05Z,
103.127.28.192,ipv4,malicious-ip,medium,WHITE,ziyadnz/hourly-ipv4,ziyadnz|hourly,2026-08-17T18:48:05Z,2026-08-17T18:48:05Z,
103.127.43.208,ipv4,malicious-ip,medium,WHITE,ziyadnz/hourly-ipv4,ziyadnz|hourly,2026-08-17T18:48:05Z,2026-08-17T18:48:05Z,
103.127.48.249,ipv4,malicious-ip,medium,WHITE,ziyadnz/hourly-ipv4,ziyadnz|hourly,2026-08-17T18:48:05Z,2026-08-17T18:48:05Z,
103.127.5.18,ipv4,malicious-ip,medium,WHITE,ziyadnz/hourly-ipv4,ziyadnz|hourly,2026-08-17T18:48:05Z,2026-08-17T18:48:05Z,
103.127.7.120,ipv4,malicious-ip,medium,WHITE,ziyadnz/hourly-ipv4,ziyadnz|hourly,2026-08-17T18:48:05Z,2026-08-17T18:48:05Z,
103.127.7.121,ipv4,malicious-ip,medium,WHITE,ziyadnz/hourly-ipv4,ziyadnz|hourly,2026-08-17T18:48:05Z,2026-08-17T18:48:05Z,
103.129.101.111,ipv4,malicious-ip,medium,WHITE,ziyadnz/hourly-ipv4,ziyadnz|hourly,2026-08-17T18:48:05Z,2026-08-17T18:48:05Z,
103.129.114.0,ipv4,malicious-ip,medium,WHITE,ziyadnz/hourly-ipv4,ziyadnz|hourly,2026-08-17T18:48:05Z,2026-08-17T18:48:05Z,
103.129.114.182,ipv4,malicious-ip,medium,WHITE,ziyadnz/hourly-ipv4,ziyadnz|hourly,2026-08-17T18:48:05Z,2026-08-17T18:48:05Z,
103.129.114.183,ipv4,malicious-ip,medium,WHITE,ziyadnz/hourly-ipv4,ziyadnz|hourly,2026-08-17T18:48:05Z,2026-08-17T18:48:05Z,
103.129.114.187,ipv4,malicious-ip,medium,WHITE,ziyadnz/hourly-ipv4,ziyadnz|hourly,2026-08-17T18:48:05Z,2026-08-17T18:48:05Z,
103.129.114.189,ipv4,malicious-ip,medium,WHITE,ziyadnz/hourly-ipv4,ziyadnz|hourly,2026-08-17T18:48:05Z,2026-08-17T18:48:05Z,
103.129.114.192,ipv4,malicious-ip,medium,WHITE,ziyadnz/hourly-ipv4,ziyadnz|hourly,2026-08-17T18:48:05Z,2026-08-17T18:48:05Z,
103.129.114.196,ipv4,malicious-ip,medium,WHITE,ziyadnz/hourly-ipv4,ziyadnz|hourly,2026-08-17T18:48:05Z,2026-08-17T18:48:05Z,
103.129.114.198,ipv4,malicious-ip,medium,WHITE,ziyadnz/hourly-ipv4,ziyadnz|hourly,2026-08-17T18:48:05Z,2026-08-17T18:48:05Z,
103.129.134.206,ipv4,malicious-ip,medium,WHITE,ziyadnz/hourly-ipv4,ziyadnz|hourly,2026-08-17T18:48:05Z,2026-08-17T18:48:05Z,
103.129.134.238,ipv4,malicious-ip,medium,WHITE,ziyadnz/hourly-ipv4,ziyadnz|hourly,2026-08-17T18:48:05Z,2026-08-17T18:48:05Z,
103.129.135.200,ipv4,malicious-ip,medium,WHITE,ziyadnz/hourly-ipv4,ziyadnz|hourly,2026-08-17T18:48:05Z,2026-08-17T18:48:05Z,
103.129.221.202,ipv4,malicious-ip,medium,WHITE,ziyadnz/hourly-ipv4,ziyadnz|hourly,2026-08-17T18:48:05Z,2026-08-17T18:48:05Z,
103.13.206.0,ipv4,malicious-ip,medium,WHITE,ziyadnz/hourly-ipv4,ziyadnz|hourly,2026-08-17T18:48:05Z,2026-08-17T18:48:05Z,
103.13.206.122,ipv4,malicious-ip,medium,WHITE,ziyadnz/hourly-ipv4,ziyadnz|hourly,2026-08-17T18:48:05Z,2026-08-17T18:48:05Z,
103.13.206.142,ipv4,malicious-ip,medium,WHITE,ziyadnz/hourly-ipv4,ziyadnz|hourly,2026-08-17T18:48:05Z,2026-08-17T18:48:05Z,
103.13.206.152,ipv4,malicious-ip,medium,WHITE,ziyadnz/hourly-ipv4,ziyadnz|hourly,2026-08-17T18:48:05Z,2026-08-17T18:48:05Z,
103.13.206.18,ipv4,malicious-ip,medium,WHITE,ziyadnz/hourly-ipv4,ziyadnz|hourly,2026-08-17T18:48:05Z,2026-08-17T18:48:05Z,
103.13.206.229,ipv4,malicious-ip,medium,WHITE,ziyadnz/hourly-ipv4,ziyadnz|hourly,2026-08-17T18:48:05Z,2026-08-17T18:48:05Z,
103.13.207.164,ipv4,malicious-ip,medium,WHITE,ziyadnz/hourly-ipv4,ziyadnz|hourly,2026-08-17T18:48:05Z,2026-08-17T18:48:05Z,
103.13.207.166,ipv4,malicious-ip,medium,WHITE,ziyadnz/hourly-ipv4,ziyadnz|hourly,2026-08-17T18:48:05Z,2026-08-17T18:48:05Z,
103.13.207.34,ipv4,malicious-ip,medium,WHITE,ziyadnz/hourly-ipv4,ziyadnz|hourly,2026-08-17T18:48:05Z,2026-08-17T18:48:05Z,
103.13.211.38,ipv4,malicious-ip,medium,WHITE,ziyadnz/hourly-ipv4,ziyadnz|hourly,2026-08-17T18:48:05Z,2026-08-17T18:48:05Z,
103.13.211.80,ipv4,malicious-ip,medium,WHITE,ziyadnz/hourly-ipv4,ziyadnz|hourly,2026-08-17T18:48:05Z,2026-08-17T18:48:05Z,
103.13.28.40,ipv4,malicious-ip,medium,WHITE,ziyadnz/hourly-ipv4,ziyadnz|hourly,2026-08-17T18:48:05Z,2026-08-17T18:48:05Z,
103.13.31.75,ipv4,malicious-ip,medium,WHITE,ziyadnz/hourly-ipv4,ziyadnz|hourly,2026-08-17T18:48:05Z,2026-08-17T18:48:05Z,
103.13.42.0,ipv4,malicious-ip,medium,WHITE,ziyadnz/hourly-ipv4,ziyadnz|hourly,2026-08-17T18:48:05Z,2026-08-17T18:48:05Z,
103.13.42.19,ipv4,malicious-ip,medium,WHITE,ziyadnz/hourly-ipv4,ziyadnz|hourly,2026-08-17T18:48:05Z,2026-08-17T18:48:05Z,
103.13.42.74,ipv4,malicious-ip,medium,WHITE,ziyadnz/hourly-ipv4,ziyadnz|hourly,2026-08-17T18:48:05Z,2026-08-17T18:48:05Z,
103.130.114.62,ipv4,malicious-ip,medium,WHITE,ziyadnz/hourly-ipv4,ziyadnz|hourly,2026-08-17T18:48:05Z,2026-08-17T18:48:05Z,
103.130.130.56,ipv4,malicious-ip,medium,WHITE,ziyadnz/hourly-ipv4,ziyadnz|hourly,2026-08-17T18:48:05Z,2026-08-17T18:48:05Z,
103.130.156.106,ipv4,malicious-ip,medium,WHITE,ziyadnz/hourly-ipv4,ziyadnz|hourly,2026-08-17T18:48:05Z,2026-08-17T18:48:05Z,
103.130.167.198,ipv4,malicious-ip,medium,WHITE,ziyadnz/hourly-ipv4,ziyadnz|hourly,2026-08-17T18:48:05Z,2026-08-17T18:48:05Z,
103.130.17.17,ipv4,malicious-ip,medium,WHITE,ziyadnz/hourly-ipv4,ziyadnz|hourly,2026-08-17T18:48:05Z,2026-08-17T18:48:05Z,
103.130.18.14,ipv4,malicious-ip,medium,WHITE,ziyadnz/hourly-ipv4,ziyadnz|hourly,2026-08-17T18:48:05Z,2026-08-17T18:48:05Z,
103.130.18.225,ipv4,malicious-ip,medium,WHITE,ziyadnz/hourly-ipv4,ziyadnz|hourly,2026-08-17T18:48:05Z,2026-08-17T18:48:05Z,
103.130.196.110,ipv4,malicious-ip,medium,WHITE,ziyadnz/hourly-ipv4,ziyadnz|hourly,2026-08-17T18:48:05Z,2026-08-17T18:48:05Z,
103.130.204.194,ipv4,malicious-ip,medium,WHITE,ziyadnz/hourly-ipv4,ziyadnz|hourly,2026-08-17T18:48:05Z,2026-08-17T18:48:05Z,
103.130.204.207,ipv4,malicious-ip,medium,WHITE,ziyadnz/hourly-ipv4,ziyadnz|hourly,2026-08-17T18:48:05Z,2026-08-17T18:48:05Z,
103.130.212.158,ipv4,malicious-ip,medium,WHITE,ziyadnz/hourly-ipv4,ziyadnz|hourly,2026-08-17T18:48:05Z,2026-08-17T18:48:05Z,
103.130.212.99,ipv4,malicious-ip,medium,WHITE,ziyadnz/hourly-ipv4,ziyadnz|hourly,2026-08-17T18:48:05Z,2026-08-17T18:48:05Z,
103.130.213.223,ipv4,malicious-ip,medium,WHITE,ziyadnz/hourly-ipv4,ziyadnz|hourly,2026-08-17T18:48:05Z,2026-08-17T18:48:05Z,
103.130.214.71,ipv4,malicious-ip,medium,WHITE,ziyadnz/hourly-ipv4,ziyadnz|hourly,2026-08-17T18:48:05Z,2026-08-17T18:48:05Z,
103.130.215.249,ipv4,malicious-ip,medium,WHITE,ziyadnz/hourly-ipv4,ziyadnz|hourly,2026-08-17T18:48:05Z,2026-08-17T18:48:05Z,
103.130.215.40,ipv4,malicious-ip,medium,WHITE,ziyadnz/hourly-ipv4,ziyadnz|hourly,2026-08-17T18:48:05Z,2026-08-17T18:48:05Z,
103.130.63.6,ipv4,malicious-ip,medium,WHITE,ziyadnz/hourly-ipv4,ziyadnz|hourly,2026-08-17T18:48:05Z,2026-08-17T18:48:05Z,
103.130.91.111,ipv4,malicious-ip,medium,WHITE,ziyadnz/hourly-ipv4,ziyadnz|hourly,2026-08-17T18:48:05Z,2026-08-17T18:48:05Z,
103.131.144.53,ipv4,malicious-ip,medium,WHITE,ziyadnz/hourly-ipv4,ziyadnz|hourly,2026-08-17T18:48:05Z,2026-08-17T18:48:05Z,
103.131.184.211,ipv4,malicious-ip,medium,WHITE,ziyadnz/hourly-ipv4,ziyadnz|hourly,2026-08-17T18:48:05Z,2026-08-17T18:48:05Z,
103.131.189.143,ipv4,malicious-ip,medium,WHITE,ziyadnz/hourly-ipv4,ziyadnz|hourly,2026-08-17T18:48:05Z,2026-08-17T18:48:05Z,
103.131.189.2,ipv4,malicious-ip,medium,WHITE,ziyadnz/hourly-ipv4,ziyadnz|hourly,2026-08-17T18:48:05Z,2026-08-17T18:48:05Z,
103.131.189.36,ipv4,malicious-ip,medium,WHITE,ziyadnz/hourly-ipv4,ziyadnz|hourly,2026-08-17T18:48:05Z,2026-08-17T18:48:05Z,
103.131.213.173,ipv4,malicious-ip,medium,WHITE,ziyadnz/hourly-ipv4,ziyadnz|hourly,2026-08-17T18:48:05Z,2026-08-17T18:48:05Z,
103.131.213.212,ipv4,malicious-ip,medium,WHITE,ziyadnz/hourly-ipv4,ziyadnz|hourly,2026-08-17T18:48:05Z,2026-08-17T18:48:05Z,
103.131.213.89,ipv4,malicious-ip,medium,WHITE,ziyadnz/hourly-ipv4,ziyadnz|hourly,2026-08-17T18:48:05Z,2026-08-17T18:48:05Z,
103.131.215.32,ipv4,malicious-ip,medium,WHITE,ziyadnz/hourly-ipv4,ziyadnz|hourly,2026-08-17T18:48:05Z,2026-08-17T18:48:05Z,
103.131.216.17,ipv4,malicious-ip,medium,WHITE,ziyadnz/hourly-ipv4,ziyadnz|hourly,2026-08-17T18:48:05Z,2026-08-17T18:48:05Z,
103.131.24.80,ipv4,malicious-ip,medium,WHITE,ziyadnz/hourly-ipv4,ziyadnz|hourly,2026-08-17T18:48:05Z,2026-08-17T18:48:05Z,
103.131.57.59,ipv4,malicious-ip,medium,WHITE,ziyadnz/hourly-ipv4,ziyadnz|hourly,2026-08-17T18:48:05Z,2026-08-17T18:48:05Z,
103.131.61.136,ipv4,malicious-ip,medium,WHITE,ziyadnz/hourly-ipv4,ziyadnz|hourly,2026-08-17T18:48:05Z,2026-08-17T18:48:05Z,
103.131.61.163,ipv4,malicious-ip,medium,WHITE,ziyadnz/hourly-ipv4,ziyadnz|hourly,2026-08-17T18:48:05Z,2026-08-17T18:48:05Z,
103.131.95.107,ipv4,malicious-ip,medium,WHITE,ziyadnz/hourly-ipv4,ziyadnz|hourly,2026-08-17T18:48:05Z,2026-08-17T18:48:05Z,
103.131.95.114,ipv4,malicious-ip,medium,WHITE,ziyadnz/hourly-ipv4,ziyadnz|hourly,2026-08-17T18:48:05Z,2026-08-17T18:48:05Z,
103.132.236.30,ipv4,malicious-ip,medium,WHITE,ziyadnz/hourly-ipv4,ziyadnz|hourly,2026-08-17T18:48:05Z,2026-08-17T18:48:05Z,
103.132.237.18,ipv4,malicious-ip,medium,WHITE,ziyadnz/hourly-ipv4,ziyadnz|hourly,2026-08-17T18:48:05Z,2026-08-17T18:48:05Z,
103.132.243.250,ipv4,malicious-ip,medium,WHITE,ziyadnz/hourly-ipv4,ziyadnz|hourly,2026-08-17T18:48:05Z,2026-08-17T18:48:05Z,
103.132.52.247,ipv4,malicious-ip,medium,WHITE,ziyadnz/hourly-ipv4,ziyadnz|hourly,2026-08-17T18:48:05Z,2026-08-17T18:48:05Z,
103.132.52.250,ipv4,malicious-ip,medium,WHITE,ziyadnz/hourly-ipv4,ziyadnz|hourly,2026-08-17T18:48:05Z,2026-08-17T18:48:05Z,
103.132.90.101,ipv4,malicious-ip,medium,WHITE,ziyadnz/hourly-ipv4,ziyadnz|hourly,2026-08-17T18:48:05Z,2026-08-17T18:48:05Z,
103.132.98.160,ipv4,malicious-ip,medium,WHITE,ziyadnz/hourly-ipv4,ziyadnz|hourly,2026-08-17T18:48:05Z,2026-08-17T18:48:05Z,
103.133.11.10,ipv4,malicious-ip,medium,WHITE,ziyadnz/hourly-ipv4,ziyadnz|hourly,2026-08-17T18:48:05Z,2026-08-17T18:48:05Z,
103.133.206.11,ipv4,malicious-ip,medium,WHITE,ziyadnz/hourly-ipv4,ziyadnz|hourly,2026-08-17T18:48:05Z,2026-08-17T18:48:05Z,
103.133.206.8,ipv4,malicious-ip,medium,WHITE,ziyadnz/hourly-ipv4,ziyadnz|hourly,2026-08-17T18:48:05Z,2026-08-17T18:48:05Z,
103.133.206.9,ipv4,malicious-ip,medium,WHITE,ziyadnz/hourly-ipv4,ziyadnz|hourly,2026-08-17T18:48:05Z,2026-08-17T18:48:05Z,
103.133.214.169,ipv4,malicious-ip,medium,WHITE,ziyadnz/hourly-ipv4,ziyadnz|hourly,2026-08-17T18:48:05Z,2026-08-17T18:48:05Z,
103.133.215.152,ipv4,malicious-ip,medium,WHITE,ziyadnz/hourly-ipv4,ziyadnz|hourly,2026-08-17T18:48:05Z,2026-08-17T18:48:05Z,
103.133.216.219,ipv4,malicious-ip,medium,WHITE,ziyadnz/hourly-ipv4,ziyadnz|hourly,2026-08-17T18:48:05Z,2026-08-17T18:48:05Z,
103.134.0.232,ipv4,malicious-ip,medium,WHITE,ziyadnz/hourly-ipv4,ziyadnz|hourly,2026-08-17T18:48:05Z,2026-08-17T18:48:05Z,
103.134.117.59,ipv4,malicious-ip,medium,WHITE,ziyadnz/hourly-ipv4,ziyadnz|hourly,2026-08-17T18:48:05Z,2026-08-17T18:48:05Z,
103.134.153.76,ipv4,malicious-ip,medium,WHITE,ziyadnz/hourly-ipv4,ziyadnz|hourly,2026-08-17T18:48:05Z,2026-08-17T18:48:05Z,
103.134.154.119,ipv4,malicious-ip,medium,WHITE,ziyadnz/hourly-ipv4,ziyadnz|hourly,2026-08-17T18:48:05Z,2026-08-17T18:48:05Z,
103.134.154.36,ipv4,malicious-ip,medium,WHITE,ziyadnz/hourly-ipv4,ziyadnz|hourly,2026-08-17T18:48:05Z,2026-08-17T18:48:05Z,
103.134.154.55,ipv4,malicious-ip,medium,WHITE,ziyadnz/hourly-ipv4,ziyadnz|hourly,2026-08-17T18:48:05Z,2026-08-17T18:48:05Z,
103.134.180.245,ipv4,malicious-ip,medium,WHITE,ziyadnz/hourly-ipv4,ziyadnz|hourly,2026-08-17T18:48:05Z,2026-08-17T18:48:05Z,
103.134.204.120,ipv4,malicious-ip,medium,WHITE,ziyadnz/hourly-ipv4,ziyadnz|hourly,2026-08-17T18:48:05Z,2026-08-17T18:48:05Z,
103.134.218.178,ipv4,malicious-ip,medium,WHITE,ziyadnz/hourly-ipv4,ziyadnz|hourly,2026-08-17T18:48:05Z,2026-08-17T18:48:05Z,
103.134.227.182,ipv4,malicious-ip,medium,WHITE,ziyadnz/hourly-ipv4,ziyadnz|hourly,2026-08-17T18:48:05Z,2026-08-17T18:48:05Z,
103.134.239.49,ipv4,malicious-ip,medium,WHITE,ziyadnz/hourly-ipv4,ziyadnz|hourly,2026-08-17T18:48:05Z,2026-08-17T18:48:05Z,
103.134.251.224,ipv4,malicious-ip,medium,WHITE,ziyadnz/hourly-ipv4,ziyadnz|hourly,2026-08-17T18:48:05Z,2026-08-17T18:48:05Z,
103.134.251.235,ipv4,malicious-ip,medium,WHITE,ziyadnz/hourly-ipv4,ziyadnz|hourly,2026-08-17T18:48:05Z,2026-08-17T18:48:05Z,
103.134.255.37,ipv4,malicious-ip,medium,WHITE,ziyadnz/hourly-ipv4,ziyadnz|hourly,2026-08-17T18:48:05Z,2026-08-17T18:48:05Z,
103.134.255.38,ipv4,malicious-ip,medium,WHITE,ziyadnz/hourly-ipv4,ziyadnz|hourly,2026-08-17T18:48:05Z,2026-08-17T18:48:05Z,
103.134.255.39,ipv4,malicious-ip,medium,WHITE,ziyadnz/hourly-ipv4,ziyadnz|hourly,2026-08-17T18:48:05Z,2026-08-17T18:48:05Z,
103.134.26.118,ipv4,malicious-ip,medium,WHITE,ziyadnz/hourly-ipv4,ziyadnz|hourly,2026-08-17T18:48:05Z,2026-08-17T18:48:05Z,
103.134.3.75,ipv4,malicious-ip,medium,WHITE,ziyadnz/hourly-ipv4,ziyadnz|hourly,2026-08-17T18:48:05Z,2026-08-17T18:48:05Z,
103.134.35.145,ipv4,malicious-ip,medium,WHITE,ziyadnz/hourly-ipv4,ziyadnz|hourly,2026-08-17T18:48:05Z,2026-08-17T18:48:05Z,
103.135.101.15,ipv4,malicious-ip,medium,WHITE,ziyadnz/hourly-ipv4,ziyadnz|hourly,2026-08-17T18:48:05Z,2026-08-17T18:48:05Z,
103.135.134.162,ipv4,malicious-ip,medium,WHITE,ziyadnz/hourly-ipv4,ziyadnz|hourly,2026-08-17T18:48:05Z,2026-08-17T18:48:05Z,
103.135.248.52,ipv4,malicious-ip,medium,WHITE,ziyadnz/hourly-ipv4,ziyadnz|hourly,2026-08-17T18:48:05Z,2026-08-17T18:48:05Z,
103.135.252.148,ipv4,malicious-ip,medium,WHITE,ziyadnz/hourly-ipv4,ziyadnz|hourly,2026-08-17T18:48:05Z,2026-08-17T18:48:05Z,
103.135.252.151,ipv4,malicious-ip,medium,WHITE,ziyadnz/hourly-ipv4,ziyadnz|hourly,2026-08-17T18:48:05Z,2026-08-17T18:48:05Z,
103.136.40.142,ipv4,malicious-ip,medium,WHITE,ziyadnz/hourly-ipv4,ziyadnz|hourly,2026-08-17T18:48:05Z,2026-08-17T18:48:05Z,
103.136.41.100,ipv4,malicious-ip,medium,WHITE,ziyadnz/hourly-ipv4,ziyadnz|hourly,2026-08-17T18:48:05Z,2026-08-17T18:48:05Z,
103.136.42.135,ipv4,malicious-ip,medium,WHITE,ziyadnz/hourly-ipv4,ziyadnz|hourly,2026-08-17T18:48:05Z,2026-08-17T18:48:05Z,
103.136.42.153,ipv4,malicious-ip,medium,WHITE,ziyadnz/hourly-ipv4,ziyadnz|hourly,2026-08-17T18:48:05Z,2026-08-17T18:48:05Z,
103.136.42.221,ipv4,malicious-ip,medium,WHITE,ziyadnz/hourly-ipv4,ziyadnz|hourly,2026-08-17T18:48:05Z,2026-08-17T18:48:05Z,
103.136.62.82,ipv4,malicious-ip,medium,WHITE,ziyadnz/hourly-ipv4,ziyadnz|hourly,2026-08-17T18:48:05Z,2026-08-17T18:48:05Z,
103.136.68.61,ipv4,malicious-ip,medium,WHITE,ziyadnz/hourly-ipv4,ziyadnz|hourly,2026-08-17T18:48:05Z,2026-08-17T18:48:05Z,
103.137.113.214,ipv4,malicious-ip,medium,WHITE,ziyadnz/hourly-ipv4,ziyadnz|hourly,2026-08-17T18:48:05Z,2026-08-17T18:48:05Z,
103.137.12.78,ipv4,malicious-ip,medium,WHITE,ziyadnz/hourly-ipv4,ziyadnz|hourly,2026-08-17T18:48:05Z,2026-08-17T18:48:05Z,
103.137.125.70,ipv4,malicious-ip,medium,WHITE,ziyadnz/hourly-ipv4,ziyadnz|hourly,2026-08-17T18:48:05Z,2026-08-17T18:48:05Z,
103.137.179.7,ipv4,malicious-ip,medium,WHITE,ziyadnz/hourly-ipv4,ziyadnz|hourly,2026-08-17T18:48:05Z,2026-08-17T18:48:05Z,
103.137.199.178,ipv4,malicious-ip,medium,WHITE,ziyadnz/hourly-ipv4,ziyadnz|hourly,2026-08-17T18:48:05Z,2026-08-17T18:48:05Z,
103.137.199.226,ipv4,malicious-ip,medium,WHITE,ziyadnz/hourly-ipv4,ziyadnz|hourly,2026-08-17T18:48:05Z,2026-08-17T18:48:05Z,
103.137.65.2,ipv4,malicious-ip,medium,WHITE,ziyadnz/hourly-ipv4,ziyadnz|hourly,2026-08-17T18:48:05Z,2026-08-17T18:48:05Z,
103.137.89.229,ipv4,malicious-ip,medium,WHITE,ziyadnz/hourly-ipv4,ziyadnz|hourly,2026-08-17T18:48:05Z,2026-08-17T18:48:05Z,
103.138.123.20,ipv4,malicious-ip,medium,WHITE,ziyadnz/hourly-ipv4,ziyadnz|hourly,2026-08-17T18:48:05Z,2026-08-17T18:48:05Z,
103.138.123.27,ipv4,malicious-ip,medium,WHITE,ziyadnz/hourly-ipv4,ziyadnz|hourly,2026-08-17T18:48:05Z,2026-08-17T18:48:05Z,
103.138.148.53,ipv4,malicious-ip,medium,WHITE,ziyadnz/hourly-ipv4,ziyadnz|hourly,2026-08-17T18:48:05Z,2026-08-17T18:48:05Z,
103.138.223.141,ipv4,malicious-ip,medium,WHITE,ziyadnz/hourly-ipv4,ziyadnz|hourly,2026-08-17T18:48:05Z,2026-08-17T18:48:05Z,
103.138.237.18,ipv4,malicious-ip,medium,WHITE,ziyadnz/hourly-ipv4,ziyadnz|hourly,2026-08-17T18:48:05Z,2026-08-17T18:48:05Z,
103.138.26.153,ipv4,malicious-ip,medium,WHITE,ziyadnz/hourly-ipv4,ziyadnz|hourly,2026-08-17T18:48:05Z,2026-08-17T18:48:05Z,
103.138.46.11,ipv4,malicious-ip,medium,WHITE,ziyadnz/hourly-ipv4,ziyadnz|hourly,2026-08-17T18:48:05Z,2026-08-17T18:48:05Z,
103.138.50.94,ipv4,malicious-ip,medium,WHITE,ziyadnz/hourly-ipv4,ziyadnz|hourly,2026-08-17T18:48:05Z,2026-08-17T18:48:05Z,
103.138.82.220,ipv4,malicious-ip,medium,WHITE,ziyadnz/hourly-ipv4,ziyadnz|hourly,2026-08-17T18:48:05Z,2026-08-17T18:48:05Z,
103.139.11.207,ipv4,malicious-ip,medium,WHITE,ziyadnz/hourly-ipv4,ziyadnz|hourly,2026-08-17T18:48:05Z,2026-08-17T18:48:05Z,
103.139.11.7,ipv4,malicious-ip,medium,WHITE,ziyadnz/hourly-ipv4,ziyadnz|hourly,2026-08-17T18:48:05Z,2026-08-17T18:48:05Z,
103.139.11.92,ipv4,malicious-ip,medium,WHITE,ziyadnz/hourly-ipv4,ziyadnz|hourly,2026-08-17T18:48:05Z,2026-08-17T18:48:05Z,
103.139.144.55,ipv4,malicious-ip,medium,WHITE,ziyadnz/hourly-ipv4,ziyadnz|hourly,2026-08-17T18:48:05Z,2026-08-17T18:48:05Z,
103.139.191.60,ipv4,malicious-ip,medium,WHITE,ziyadnz/hourly-ipv4,ziyadnz|hourly,2026-08-17T18:48:05Z,2026-08-17T18:48:05Z,
103.139.191.61,ipv4,malicious-ip,medium,WHITE,ziyadnz/hourly-ipv4,ziyadnz|hourly,2026-08-17T18:48:05Z,2026-08-17T18:48:05Z,
103.139.191.62,ipv4,malicious-ip,medium,WHITE,ziyadnz/hourly-ipv4,ziyadnz|hourly,2026-08-17T18:48:05Z,2026-08-17T18:48:05Z,
103.139.191.63,ipv4,malicious-ip,medium,WHITE,ziyadnz/hourly-ipv4,ziyadnz|hourly,2026-08-17T18:48:05Z,2026-08-17T18:48:05Z,
103.139.193.223,ipv4,malicious-ip,medium,WHITE,ziyadnz/hourly-ipv4,ziyadnz|hourly,2026-08-17T18:48:05Z,2026-08-17T18:48:05Z,
103.139.244.233,ipv4,malicious-ip,medium,WHITE,ziyadnz/hourly-ipv4,ziyadnz|hourly,2026-08-17T18:48:05Z,2026-08-17T18:48:05Z,
103.139.46.210,ipv4,malicious-ip,medium,WHITE,ziyadnz/hourly-ipv4,ziyadnz|hourly,2026-08-17T18:48:05Z,2026-08-17T18:48:05Z,
103.14.151.191,ipv4,malicious-ip,medium,WHITE,ziyadnz/hourly-ipv4,ziyadnz|hourly,2026-08-17T18:48:05Z,2026-08-17T18:48:05Z,
103.14.32.192,ipv4,malicious-ip,medium,WHITE,ziyadnz/hourly-ipv4,ziyadnz|hourly,2026-08-17T18:48:05Z,2026-08-17T18:48:05Z,
103.14.32.224,ipv4,malicious-ip,medium,WHITE,ziyadnz/hourly-ipv4,ziyadnz|hourly,2026-08-17T18:48:05Z,2026-08-17T18:48:05Z,
103.14.33.174,ipv4,malicious-ip,medium,WHITE,ziyadnz/hourly-ipv4,ziyadnz|hourly,2026-08-17T18:48:05Z,2026-08-17T18:48:05Z,
103.14.72.85,ipv4,malicious-ip,medium,WHITE,ziyadnz/hourly-ipv4,ziyadnz|hourly,2026-08-17T18:48:05Z,2026-08-17T18:48:05Z,
103.14.79.196,ipv4,malicious-ip,medium,WHITE,ziyadnz/hourly-ipv4,ziyadnz|hourly,2026-08-17T18:48:05Z,2026-08-17T18:48:05Z,
103.140.130.43,ipv4,malicious-ip,medium,WHITE,ziyadnz/hourly-ipv4,ziyadnz|hourly,2026-08-17T18:48:05Z,2026-08-17T18:48:05Z,
103.140.131.9,ipv4,malicious-ip,medium,WHITE,ziyadnz/hourly-ipv4,ziyadnz|hourly,2026-08-17T18:48:05Z,2026-08-17T18:48:05Z,
103.140.186.10,ipv4,malicious-ip,medium,WHITE,ziyadnz/hourly-ipv4,ziyadnz|hourly,2026-08-17T18:48:05Z,2026-08-17T18:48:05Z,
103.140.19.146,ipv4,malicious-ip,medium,WHITE,ziyadnz/hourly-ipv4,ziyadnz|hourly,2026-08-17T18:48:05Z,2026-08-17T18:48:05Z,
103.140.199.90,ipv4,malicious-ip,medium,WHITE,ziyadnz/hourly-ipv4,ziyadnz|hourly,2026-08-17T18:48:05Z,2026-08-17T18:48:05Z,
103.140.35.140,ipv4,malicious-ip,medium,WHITE,ziyadnz/hourly-ipv4,ziyadnz|hourly,2026-08-17T18:48:05Z,2026-08-17T18:48:05Z,
103.140.53.19,ipv4,malicious-ip,medium,WHITE,ziyadnz/hourly-ipv4,ziyadnz|hourly,2026-08-17T18:48:05Z,2026-08-17T18:48:05Z,
103.140.79.101,ipv4,malicious-ip,medium,WHITE,ziyadnz/hourly-ipv4,ziyadnz|hourly,2026-08-17T18:48:05Z,2026-08-17T18:48:05Z,
103.141.3.18,ipv4,malicious-ip,medium,WHITE,ziyadnz/hourly-ipv4,ziyadnz|hourly,2026-08-17T18:48:05Z,2026-08-17T18:48:05Z,
103.141.5.143,ipv4,malicious-ip,medium,WHITE,ziyadnz/hourly-ipv4,ziyadnz|hourly,2026-08-17T18:48:05Z,2026-08-17T18:48:05Z,
103.141.5.89,ipv4,malicious-ip,medium,WHITE,ziyadnz/hourly-ipv4,ziyadnz|hourly,2026-08-17T18:48:05Z,2026-08-17T18:48:05Z,
103.142.112.169,ipv4,malicious-ip,medium,WHITE,ziyadnz/hourly-ipv4,ziyadnz|hourly,2026-08-17T18:48:05Z,2026-08-17T18:48:05Z,
103.142.163.133,ipv4,malicious-ip,medium,WHITE,ziyadnz/hourly-ipv4,ziyadnz|hourly,2026-08-17T18:48:05Z,2026-08-17T18:48:05Z,
103.142.184.55,ipv4,malicious-ip,medium,WHITE,ziyadnz/hourly-ipv4,ziyadnz|hourly,2026-08-17T18:48:05Z,2026-08-17T18:48:05Z,
103.142.210.49,ipv4,malicious-ip,medium,WHITE,ziyadnz/hourly-ipv4,ziyadnz|hourly,2026-08-17T18:48:05Z,2026-08-17T18:48:05Z,
103.142.210.62,ipv4,malicious-ip,medium,WHITE,ziyadnz/hourly-ipv4,ziyadnz|hourly,2026-08-17T18:48:05Z,2026-08-17T18:48:05Z,
103.142.26.46,ipv4,malicious-ip,medium,WHITE,ziyadnz/hourly-ipv4,ziyadnz|hourly,2026-08-17T18:48:05Z,2026-08-17T18:48:05Z,
103.143.10.140,ipv4,malicious-ip,medium,WHITE,ziyadnz/hourly-ipv4,ziyadnz|hourly,2026-08-17T18:48:05Z,2026-08-17T18:48:05Z,
103.143.108.58,ipv4,malicious-ip,medium,WHITE,ziyadnz/hourly-ipv4,ziyadnz|hourly,2026-08-17T18:48:05Z,2026-08-17T18:48:05Z,
103.143.11.150,ipv4,malicious-ip,medium,WHITE,ziyadnz/hourly-ipv4,ziyadnz|hourly,2026-08-17T18:48:05Z,2026-08-17T18:48:05Z,
103.143.11.168,ipv4,malicious-ip,medium,WHITE,ziyadnz/hourly-ipv4,ziyadnz|hourly,2026-08-17T18:48:05Z,2026-08-17T18:48:05Z,
103.143.12.253,ipv4,malicious-ip,medium,WHITE,ziyadnz/hourly-ipv4,ziyadnz|hourly,2026-08-17T18:48:05Z,2026-08-17T18:48:05Z,
103.143.168.46,ipv4,malicious-ip,medium,WHITE,ziyadnz/hourly-ipv4,ziyadnz|hourly,2026-08-17T18:48:05Z,2026-08-17T18:48:05Z,
103.143.169.235,ipv4,malicious-ip,medium,WHITE,ziyadnz/hourly-ipv4,ziyadnz|hourly,2026-08-17T18:48:05Z,2026-08-17T18:48:05Z,
103.143.187.207,ipv4,malicious-ip,medium,WHITE,ziyadnz/hourly-ipv4,ziyadnz|hourly,2026-08-17T18:48:05Z,2026-08-17T18:48:05Z,
103.143.207.113,ipv4,malicious-ip,medium,WHITE,ziyadnz/hourly-ipv4,ziyadnz|hourly,2026-08-17T18:48:05Z,2026-08-17T18:48:05Z,
103.143.231.102,ipv4,malicious-ip,medium,WHITE,ziyadnz/hourly-ipv4,ziyadnz|hourly,2026-08-17T18:48:05Z,2026-08-17T18:48:05Z,
103.143.231.2,ipv4,malicious-ip,medium,WHITE,ziyadnz/hourly-ipv4,ziyadnz|hourly,2026-08-17T18:48:05Z,2026-08-17T18:48:05Z,
103.143.239.167,ipv4,malicious-ip,medium,WHITE,ziyadnz/hourly-ipv4,ziyadnz|hourly,2026-08-17T18:48:05Z,2026-08-17T18:48:05Z,
103.143.39.43,ipv4,malicious-ip,medium,WHITE,ziyadnz/hourly-ipv4,ziyadnz|hourly,2026-08-17T18:48:05Z,2026-08-17T18:48:05Z,
103.143.72.165,ipv4,malicious-ip,medium,WHITE,ziyadnz/hourly-ipv4,ziyadnz|hourly,2026-08-17T18:48:05Z,2026-08-17T18:48:05Z,
103.144.126.138,ipv4,malicious-ip,medium,WHITE,ziyadnz/hourly-ipv4,ziyadnz|hourly,2026-08-17T18:48:05Z,2026-08-17T18:48:05Z,
103.144.170.36,ipv4,malicious-ip,medium,WHITE,ziyadnz/hourly-ipv4,ziyadnz|hourly,2026-08-17T18:48:05Z,2026-08-17T18:48:05Z,
103.144.170.58,ipv4,malicious-ip,medium,WHITE,ziyadnz/hourly-ipv4,ziyadnz|hourly,2026-08-17T18:48:05Z,2026-08-17T18:48:05Z,
103.144.175.114,ipv4,malicious-ip,medium,WHITE,ziyadnz/hourly-ipv4,ziyadnz|hourly,2026-08-17T18:48:05Z,2026-08-17T18:48:05Z,
103.144.178.177,ipv4,malicious-ip,medium,WHITE,ziyadnz/hourly-ipv4,ziyadnz|hourly,2026-08-17T18:48:05Z,2026-08-17T18:48:05Z,
103.144.2.73,ipv4,malicious-ip,medium,WHITE,ziyadnz/hourly-ipv4,ziyadnz|hourly,2026-08-17T18:48:05Z,2026-08-17T18:48:05Z,
103.144.28.85,ipv4,malicious-ip,medium,WHITE,ziyadnz/hourly-ipv4,ziyadnz|hourly,2026-08-17T18:48:05Z,2026-08-17T18:48:05Z,
103.144.29.123,ipv4,malicious-ip,medium,WHITE,ziyadnz/hourly-ipv4,ziyadnz|hourly,2026-08-17T18:48:05Z,2026-08-17T18:48:05Z,
103.144.29.211,ipv4,malicious-ip,medium,WHITE,ziyadnz/hourly-ipv4,ziyadnz|hourly,2026-08-17T18:48:05Z,2026-08-17T18:48:05Z,
103.145.112.212,ipv4,malicious-ip,medium,WHITE,ziyadnz/hourly-ipv4,ziyadnz|hourly,2026-08-17T18:48:05Z,2026-08-17T18:48:05Z,
103.145.131.94,ipv4,malicious-ip,medium,WHITE,ziyadnz/hourly-ipv4,ziyadnz|hourly,2026-08-17T18:48:05Z,2026-08-17T18:48:05Z,
103.145.179.2,ipv4,malicious-ip,medium,WHITE,ziyadnz/hourly-ipv4,ziyadnz|hourly,2026-08-17T18:48:05Z,2026-08-17T18:48:05Z,
103.145.209.31,ipv4,malicious-ip,medium,WHITE,ziyadnz/hourly-ipv4,ziyadnz|hourly,2026-08-17T18:48:05Z,2026-08-17T18:48:05Z,
103.145.252.87,ipv4,malicious-ip,medium,WHITE,ziyadnz/hourly-ipv4,ziyadnz|hourly,2026-08-17T18:48:05Z,2026-08-17T18:48:05Z,
103.145.63.218,ipv4,malicious-ip,medium,WHITE,ziyadnz/hourly-ipv4,ziyadnz|hourly,2026-08-17T18:48:05Z,2026-08-17T18:48:05Z,
103.146.11.58,ipv4,malicious-ip,medium,WHITE,ziyadnz/hourly-ipv4,ziyadnz|hourly,2026-08-17T18:48:05Z,2026-08-17T18:48:05Z,
103.146.110.122,ipv4,malicious-ip,medium,WHITE,ziyadnz/hourly-ipv4,ziyadnz|hourly,2026-08-17T18:48:05Z,2026-08-17T18:48:05Z,
103.146.110.202,ipv4,malicious-ip,medium,WHITE,ziyadnz/hourly-ipv4,ziyadnz|hourly,2026-08-17T18:48:05Z,2026-08-17T18:48:05Z,
103.146.12.127,ipv4,malicious-ip,medium,WHITE,ziyadnz/hourly-ipv4,ziyadnz|hourly,2026-08-17T18:48:05Z,2026-08-17T18:48:05Z,
103.146.137.198,ipv4,malicious-ip,medium,WHITE,ziyadnz/hourly-ipv4,ziyadnz|hourly,2026-08-17T18:48:05Z,2026-08-17T18:48:05Z,
103.146.158.173,ipv4,malicious-ip,medium,WHITE,ziyadnz/hourly-ipv4,ziyadnz|hourly,2026-08-17T18:48:05Z,2026-08-17T18:48:05Z,
103.146.159.14,ipv4,malicious-ip,medium,WHITE,ziyadnz/hourly-ipv4,ziyadnz|hourly,2026-08-17T18:48:05Z,2026-08-17T18:48:05Z,
103.146.169.26,ipv4,malicious-ip,medium,WHITE,ziyadnz/hourly-ipv4,ziyadnz|hourly,2026-08-17T18:48:05Z,2026-08-17T18:48:05Z,
103.146.174.129,ipv4,malicious-ip,medium,WHITE,ziyadnz/hourly-ipv4,ziyadnz|hourly,2026-08-17T18:48:05Z,2026-08-17T18:48:05Z,
103.146.185.162,ipv4,malicious-ip,medium,WHITE,ziyadnz/hourly-ipv4,ziyadnz|hourly,2026-08-17T18:48:05Z,2026-08-17T18:48:05Z,
103.146.197.39,ipv4,malicious-ip,medium,WHITE,ziyadnz/hourly-ipv4,ziyadnz|hourly,2026-08-17T18:48:05Z,2026-08-17T18:48:05Z,
103.146.202.174,ipv4,malicious-ip,medium,WHITE,ziyadnz/hourly-ipv4,ziyadnz|hourly,2026-08-17T18:48:05Z,2026-08-17T18:48:05Z,
103.146.202.84,ipv4,malicious-ip,medium,WHITE,ziyadnz/hourly-ipv4,ziyadnz|hourly,2026-08-17T18:48:05Z,2026-08-17T18:48:05Z,
103.146.203.11,ipv4,malicious-ip,medium,WHITE,ziyadnz/hourly-ipv4,ziyadnz|hourly,2026-08-17T18:48:05Z,2026-08-17T18:48:05Z,
103.146.203.120,ipv4,malicious-ip,medium,WHITE,ziyadnz/hourly-ipv4,ziyadnz|hourly,2026-08-17T18:48:05Z,2026-08-17T18:48:05Z,
103.146.203.14,ipv4,malicious-ip,medium,WHITE,ziyadnz/hourly-ipv4,ziyadnz|hourly,2026-08-17T18:48:05Z,2026-08-17T18:48:05Z,
103.146.23.112,ipv4,malicious-ip,medium,WHITE,ziyadnz/hourly-ipv4,ziyadnz|hourly,2026-08-17T18:48:05Z,2026-08-17T18:48:05Z,
103.146.23.195,ipv4,malicious-ip,medium,WHITE,ziyadnz/hourly-ipv4,ziyadnz|hourly,2026-08-17T18:48:05Z,2026-08-17T18:48:05Z,
103.146.232.27,ipv4,malicious-ip,medium,WHITE,ziyadnz/hourly-ipv4,ziyadnz|hourly,2026-08-17T18:48:05Z,2026-08-17T18:48:05Z,
103.146.233.174,ipv4,malicious-ip,medium,WHITE,ziyadnz/hourly-ipv4,ziyadnz|hourly,2026-08-17T18:48:05Z,2026-08-17T18:48:05Z,
103.146.78.152,ipv4,malicious-ip,medium,WHITE,ziyadnz/hourly-ipv4,ziyadnz|hourly,2026-08-17T18:48:05Z,2026-08-17T18:48:05Z,
103.147.107.219,ipv4,malicious-ip,medium,WHITE,ziyadnz/hourly-ipv4,ziyadnz|hourly,2026-08-17T18:48:05Z,2026-08-17T18:48:05Z,
103.147.112.130,ipv4,malicious-ip,medium,WHITE,ziyadnz/hourly-ipv4,ziyadnz|hourly,2026-08-17T18:48:05Z,2026-08-17T18:48:05Z,
103.147.132.160,ipv4,malicious-ip,medium,WHITE,ziyadnz/hourly-ipv4,ziyadnz|hourly,2026-08-17T18:48:05Z,2026-08-17T18:48:05Z,
103.147.135.41,ipv4,malicious-ip,medium,WHITE,ziyadnz/hourly-ipv4,ziyadnz|hourly,2026-08-17T18:48:05Z,2026-08-17T18:48:05Z,
103.147.157.122,ipv4,malicious-ip,medium,WHITE,ziyadnz/hourly-ipv4,ziyadnz|hourly,2026-08-17T18:48:05Z,2026-08-17T18:48:05Z,
103.147.211.2,ipv4,malicious-ip,medium,WHITE,ziyadnz/hourly-ipv4,ziyadnz|hourly,2026-08-17T18:48:05Z,2026-08-17T18:48:05Z,
103.147.99.84,ipv4,malicious-ip,medium,WHITE,ziyadnz/hourly-ipv4,ziyadnz|hourly,2026-08-17T18:48:05Z,2026-08-17T18:48:05Z,
103.148.108.199,ipv4,malicious-ip,medium,WHITE,ziyadnz/hourly-ipv4,ziyadnz|hourly,2026-08-17T18:48:05Z,2026-08-17T18:48:05Z,
103.148.128.153,ipv4,malicious-ip,medium,WHITE,ziyadnz/hourly-ipv4,ziyadnz|hourly,2026-08-17T18:48:05Z,2026-08-17T18:48:05Z,
103.148.128.154,ipv4,malicious-ip,medium,WHITE,ziyadnz/hourly-ipv4,ziyadnz|hourly,2026-08-17T18:48:05Z,2026-08-17T18:48:05Z,
103.148.128.158,ipv4,malicious-ip,medium,WHITE,ziyadnz/hourly-ipv4,ziyadnz|hourly,2026-08-17T18:48:05Z,2026-08-17T18:48:05Z,
103.148.131.230,ipv4,malicious-ip,medium,WHITE,ziyadnz/hourly-ipv4,ziyadnz|hourly,2026-08-17T18:48:05Z,2026-08-17T18:48:05Z,
103.148.195.11,ipv4,malicious-ip,medium,WHITE,ziyadnz/hourly-ipv4,ziyadnz|hourly,2026-08-17T18:48:05Z,2026-08-17T18:48:05Z,
103.148.206.99,ipv4,malicious-ip,medium,WHITE,ziyadnz/hourly-ipv4,ziyadnz|hourly,2026-08-17T18:48:05Z,2026-08-17T18:48:05Z,
103.148.235.102,ipv4,malicious-ip,medium,WHITE,ziyadnz/hourly-ipv4,ziyadnz|hourly,2026-08-17T18:48:05Z,2026-08-17T18:48:05Z,
103.148.235.249,ipv4,malicious-ip,medium,WHITE,ziyadnz/hourly-ipv4,ziyadnz|hourly,2026-08-17T18:48:05Z,2026-08-17T18:48:05Z,
103.148.28.235,ipv4,malicious-ip,medium,WHITE,ziyadnz/hourly-ipv4,ziyadnz|hourly,2026-08-17T18:48:05Z,2026-08-17T18:48:05Z,
103.148.33.124,ipv4,malicious-ip,medium,WHITE,ziyadnz/hourly-ipv4,ziyadnz|hourly,2026-08-17T18:48:05Z,2026-08-17T18:48:05Z,
103.148.33.24,ipv4,malicious-ip,medium,WHITE,ziyadnz/hourly-ipv4,ziyadnz|hourly,2026-08-17T18:48:05Z,2026-08-17T18:48:05Z,
103.148.45.70,ipv4,malicious-ip,medium,WHITE,ziyadnz/hourly-ipv4,ziyadnz|hourly,2026-08-17T18:48:05Z,2026-08-17T18:48:05Z,
103.148.79.138,ipv4,malicious-ip,medium,WHITE,ziyadnz/hourly-ipv4,ziyadnz|hourly,2026-08-17T18:48:05Z,2026-08-17T18:48:05Z,
103.148.79.82,ipv4,malicious-ip,medium,WHITE,ziyadnz/hourly-ipv4,ziyadnz|hourly,2026-08-17T18:48:05Z,2026-08-17T18:48:05Z,
103.148.89.154,ipv4,malicious-ip,medium,WHITE,ziyadnz/hourly-ipv4,ziyadnz|hourly,2026-08-17T18:48:05Z,2026-08-17T18:48:05Z,
103.149.100.161,ipv4,malicious-ip,medium,WHITE,ziyadnz/hourly-ipv4,ziyadnz|hourly,2026-08-17T18:48:05Z,2026-08-17T18:48:05Z,
103.149.154.141,ipv4,malicious-ip,medium,WHITE,ziyadnz/hourly-ipv4,ziyadnz|hourly,2026-08-17T18:48:05Z,2026-08-17T18:48:05Z,
103.149.16.186,ipv4,malicious-ip,medium,WHITE,ziyadnz/hourly-ipv4,ziyadnz|hourly,2026-08-17T18:48:05Z,2026-08-17T18:48:05Z,
103.149.16.48,ipv4,malicious-ip,medium,WHITE,ziyadnz/hourly-ipv4,ziyadnz|hourly,2026-08-17T18:48:05Z,2026-08-17T18:48:05Z,
103.149.16.51,ipv4,malicious-ip,medium,WHITE,ziyadnz/hourly-ipv4,ziyadnz|hourly,2026-08-17T18:48:05Z,2026-08-17T18:48:05Z,
103.149.170.44,ipv4,malicious-ip,medium,WHITE,ziyadnz/hourly-ipv4,ziyadnz|hourly,2026-08-17T18:48:05Z,2026-08-17T18:48:05Z,
103.149.180.2,ipv4,malicious-ip,medium,WHITE,ziyadnz/hourly-ipv4,ziyadnz|hourly,2026-08-17T18:48:05Z,2026-08-17T18:48:05Z,
103.149.197.34,ipv4,malicious-ip,medium,WHITE,ziyadnz/hourly-ipv4,ziyadnz|hourly,2026-08-17T18:48:05Z,2026-08-17T18:48:05Z,
103.149.236.250,ipv4,malicious-ip,medium,WHITE,ziyadnz/hourly-ipv4,ziyadnz|hourly,2026-08-17T18:48:05Z,2026-08-17T18:48:05Z,
103.149.253.145,ipv4,malicious-ip,medium,WHITE,ziyadnz/hourly-ipv4,ziyadnz|hourly,2026-08-17T18:48:05Z,2026-08-17T18:48:05Z,
103.149.26.230,ipv4,malicious-ip,medium,WHITE,ziyadnz/hourly-ipv4,ziyadnz|hourly,2026-08-17T18:48:05Z,2026-08-17T18:48:05Z,
103.149.27.208,ipv4,malicious-ip,medium,WHITE,ziyadnz/hourly-ipv4,ziyadnz|hourly,2026-08-17T18:48:05Z,2026-08-17T18:48:05Z,
103.149.28.141,ipv4,malicious-ip,medium,WHITE,ziyadnz/hourly-ipv4,ziyadnz|hourly,2026-08-17T18:48:05Z,2026-08-17T18:48:05Z,
103.149.32.123,ipv4,malicious-ip,medium,WHITE,ziyadnz/hourly-ipv4,ziyadnz|hourly,2026-08-17T18:48:05Z,2026-08-17T18:48:05Z,
103.149.59.35,ipv4,malicious-ip,medium,WHITE,ziyadnz/hourly-ipv4,ziyadnz|hourly,2026-08-17T18:48:05Z,2026-08-17T18:48:05Z,
103.149.86.208,ipv4,malicious-ip,medium,WHITE,ziyadnz/hourly-ipv4,ziyadnz|hourly,2026-08-17T18:48:05Z,2026-08-17T18:48:05Z,
103.149.90.235,ipv4,malicious-ip,medium,WHITE,ziyadnz/hourly-ipv4,ziyadnz|hourly,2026-08-17T18:48:05Z,2026-08-17T18:48:05Z,
103.149.93.107,ipv4,malicious-ip,medium,WHITE,ziyadnz/hourly-ipv4,ziyadnz|hourly,2026-08-17T18:48:05Z,2026-08-17T18:48:05Z,
103.15.226.81,ipv4,malicious-ip,medium,WHITE,ziyadnz/hourly-ipv4,ziyadnz|hourly,2026-08-17T18:48:05Z,2026-08-17T18:48:05Z,
103.15.28.208,ipv4,malicious-ip,medium,WHITE,ziyadnz/hourly-ipv4,ziyadnz|hourly,2026-08-17T18:48:05Z,2026-08-17T18:48:05Z,
103.15.29.17,ipv4,malicious-ip,medium,WHITE,ziyadnz/hourly-ipv4,ziyadnz|hourly,2026-08-17T18:48:05Z,2026-08-17T18:48:05Z,
103.15.29.179,ipv4,malicious-ip,medium,WHITE,ziyadnz/hourly-ipv4,ziyadnz|hourly,2026-08-17T18:48:05Z,2026-08-17T18:48:05Z,
103.150.113.254,ipv4,malicious-ip,medium,WHITE,ziyadnz/hourly-ipv4,ziyadnz|hourly,2026-08-17T18:48:05Z,2026-08-17T18:48:05Z,
103.150.154.252,ipv4,malicious-ip,medium,WHITE,ziyadnz/hourly-ipv4,ziyadnz|hourly,2026-08-17T18:48:05Z,2026-08-17T18:48:05Z,
103.150.154.253,ipv4,malicious-ip,medium,WHITE,ziyadnz/hourly-ipv4,ziyadnz|hourly,2026-08-17T18:48:05Z,2026-08-17T18:48:05Z,
103.150.154.254,ipv4,malicious-ip,medium,WHITE,ziyadnz/hourly-ipv4,ziyadnz|hourly,2026-08-17T18:48:05Z,2026-08-17T18:48:05Z,
103.150.215.32,ipv4,malicious-ip,medium,WHITE,ziyadnz/hourly-ipv4,ziyadnz|hourly,2026-08-17T18:48:05Z,2026-08-17T18:48:05Z,
103.150.65.75,ipv4,malicious-ip,medium,WHITE,ziyadnz/hourly-ipv4,ziyadnz|hourly,2026-08-17T18:48:05Z,2026-08-17T18:48:05Z,
103.151.114.57,ipv4,malicious-ip,medium,WHITE,ziyadnz/hourly-ipv4,ziyadnz|hourly,2026-08-17T18:48:05Z,2026-08-17T18:48:05Z,
103.151.114.58,ipv4,malicious-ip,medium,WHITE,ziyadnz/hourly-ipv4,ziyadnz|hourly,2026-08-17T18:48:05Z,2026-08-17T18:48:05Z,
103.151.140.79,ipv4,malicious-ip,medium,WHITE,ziyadnz/hourly-ipv4,ziyadnz|hourly,2026-08-17T18:48:05Z,2026-08-17T18:48:05Z,
103.151.140.97,ipv4,malicious-ip,medium,WHITE,ziyadnz/hourly-ipv4,ziyadnz|hourly,2026-08-17T18:48:05Z,2026-08-17T18:48:05Z,
103.151.156.119,ipv4,malicious-ip,medium,WHITE,ziyadnz/hourly-ipv4,ziyadnz|hourly,2026-08-17T18:48:05Z,2026-08-17T18:48:05Z,
103.151.16.203,ipv4,malicious-ip,medium,WHITE,ziyadnz/hourly-ipv4,ziyadnz|hourly,2026-08-17T18:48:05Z,2026-08-17T18:48:05Z,
103.151.172.25,ipv4,malicious-ip,medium,WHITE,ziyadnz/hourly-ipv4,ziyadnz|hourly,2026-08-17T18:48:05Z,2026-08-17T18:48:05Z,
103.151.172.92,ipv4,malicious-ip,medium,WHITE,ziyadnz/hourly-ipv4,ziyadnz|hourly,2026-08-17T18:48:05Z,2026-08-17T18:48:05Z,
103.151.222.108,ipv4,malicious-ip,medium,WHITE,ziyadnz/hourly-ipv4,ziyadnz|hourly,2026-08-17T18:48:05Z,2026-08-17T18:48:05Z,
103.151.238.113,ipv4,malicious-ip,medium,WHITE,ziyadnz/hourly-ipv4,ziyadnz|hourly,2026-08-17T18:48:05Z,2026-08-17T18:48:05Z,
103.151.30.215,ipv4,malicious-ip,medium,WHITE,ziyadnz/hourly-ipv4,ziyadnz|hourly,2026-08-17T18:48:05Z,2026-08-17T18:48:05Z,
103.151.4.32,ipv4,malicious-ip,medium,WHITE,ziyadnz/hourly-ipv4,ziyadnz|hourly,2026-08-17T18:48:05Z,2026-08-17T18:48:05Z,
103.151.42.15,ipv4,malicious-ip,medium,WHITE,ziyadnz/hourly-ipv4,ziyadnz|hourly,2026-08-17T18:48:05Z,2026-08-17T18:48:05Z,
103.151.46.100,ipv4,malicious-ip,medium,WHITE,ziyadnz/hourly-ipv4,ziyadnz|hourly,2026-08-17T18:48:05Z,2026-08-17T18:48:05Z,
103.151.46.103,ipv4,malicious-ip,medium,WHITE,ziyadnz/hourly-ipv4,ziyadnz|hourly,2026-08-17T18:48:05Z,2026-08-17T18:48:05Z,
103.151.46.19,ipv4,malicious-ip,medium,WHITE,ziyadnz/hourly-ipv4,ziyadnz|hourly,2026-08-17T18:48:05Z,2026-08-17T18:48:05Z,
103.151.46.74,ipv4,malicious-ip,medium,WHITE,ziyadnz/hourly-ipv4,ziyadnz|hourly,2026-08-17T18:48:05Z,2026-08-17T18:48:05Z,
103.151.47.190,ipv4,malicious-ip,medium,WHITE,ziyadnz/hourly-ipv4,ziyadnz|hourly,2026-08-17T18:48:05Z,2026-08-17T18:48:05Z,
103.152.100.5,ipv4,malicious-ip,medium,WHITE,ziyadnz/hourly-ipv4,ziyadnz|hourly,2026-08-17T18:48:05Z,2026-08-17T18:48:05Z,
103.152.100.67,ipv4,malicious-ip,medium,WHITE,ziyadnz/hourly-ipv4,ziyadnz|hourly,2026-08-17T18:48:05Z,2026-08-17T18:48:05Z,
103.152.101.204,ipv4,malicious-ip,medium,WHITE,ziyadnz/hourly-ipv4,ziyadnz|hourly,2026-08-17T18:48:05Z,2026-08-17T18:48:05Z,
103.152.101.205,ipv4,malicious-ip,medium,WHITE,ziyadnz/hourly-ipv4,ziyadnz|hourly,2026-08-17T18:48:05Z,2026-08-17T18:48:05Z,
103.152.101.206,ipv4,malicious-ip,medium,WHITE,ziyadnz/hourly-ipv4,ziyadnz|hourly,2026-08-17T18:48:05Z,2026-08-17T18:48:05Z,
103.152.101.207,ipv4,malicious-ip,medium,WHITE,ziyadnz/hourly-ipv4,ziyadnz|hourly,2026-08-17T18:48:05Z,2026-08-17T18:48:05Z,
103.152.165.117,ipv4,malicious-ip,medium,WHITE,ziyadnz/hourly-ipv4,ziyadnz|hourly,2026-08-17T18:48:05Z,2026-08-17T18:48:05Z,
103.152.236.166,ipv4,malicious-ip,medium,WHITE,ziyadnz/hourly-ipv4,ziyadnz|hourly,2026-08-17T18:48:05Z,2026-08-17T18:48:05Z,
103.152.255.243,ipv4,malicious-ip,medium,WHITE,ziyadnz/hourly-ipv4,ziyadnz|hourly,2026-08-17T18:48:05Z,2026-08-17T18:48:05Z,
103.152.40.169,ipv4,malicious-ip,medium,WHITE,ziyadnz/hourly-ipv4,ziyadnz|hourly,2026-08-17T18:48:05Z,2026-08-17T18:48:05Z,
103.152.68.34,ipv4,malicious-ip,medium,WHITE,ziyadnz/hourly-ipv4,ziyadnz|hourly,2026-08-17T18:48:05Z,2026-08-17T18:48:05Z,
103.152.76.141,ipv4,malicious-ip,medium,WHITE,ziyadnz/hourly-ipv4,ziyadnz|hourly,2026-08-17T18:48:05Z,2026-08-17T18:48:05Z,
103.153.110.190,ipv4,malicious-ip,medium,WHITE,ziyadnz/hourly-ipv4,ziyadnz|hourly,2026-08-17T18:48:05Z,2026-08-17T18:48:05Z,
103.153.12.245,ipv4,malicious-ip,medium,WHITE,ziyadnz/hourly-ipv4,ziyadnz|hourly,2026-08-17T18:48:05Z,2026-08-17T18:48:05Z,
103.153.171.41,ipv4,malicious-ip,medium,WHITE,ziyadnz/hourly-ipv4,ziyadnz|hourly,2026-08-17T18:48:05Z,2026-08-17T18:48:05Z,
103.153.182.85,ipv4,malicious-ip,medium,WHITE,ziyadnz/hourly-ipv4,ziyadnz|hourly,2026-08-17T18:48:05Z,2026-08-17T18:48:05Z,
103.153.183.126,ipv4,malicious-ip,medium,WHITE,ziyadnz/hourly-ipv4,ziyadnz|hourly,2026-08-17T18:48:05Z,2026-08-17T18:48:05Z,
103.153.183.18,ipv4,malicious-ip,medium,WHITE,ziyadnz/hourly-ipv4,ziyadnz|hourly,2026-08-17T18:48:05Z,2026-08-17T18:48:05Z,
103.153.183.208,ipv4,malicious-ip,medium,WHITE,ziyadnz/hourly-ipv4,ziyadnz|hourly,2026-08-17T18:48:05Z,2026-08-17T18:48:05Z,
103.153.183.69,ipv4,malicious-ip,medium,WHITE,ziyadnz/hourly-ipv4,ziyadnz|hourly,2026-08-17T18:48:05Z,2026-08-17T18:48:05Z,
103.153.223.9,ipv4,malicious-ip,medium,WHITE,ziyadnz/hourly-ipv4,ziyadnz|hourly,2026-08-17T18:48:05Z,2026-08-17T18:48:05Z,
103.153.225.30,ipv4,malicious-ip,medium,WHITE,ziyadnz/hourly-ipv4,ziyadnz|hourly,2026-08-17T18:48:05Z,2026-08-17T18:48:05Z,
103.153.62.92,ipv4,malicious-ip,medium,WHITE,ziyadnz/hourly-ipv4,ziyadnz|hourly,2026-08-17T18:48:05Z,2026-08-17T18:48:05Z,
103.153.63.201,ipv4,malicious-ip,medium,WHITE,ziyadnz/hourly-ipv4,ziyadnz|hourly,2026-08-17T18:48:05Z,2026-08-17T18:48:05Z,
103.153.66.89,ipv4,malicious-ip,medium,WHITE,ziyadnz/hourly-ipv4,ziyadnz|hourly,2026-08-17T18:48:05Z,2026-08-17T18:48:05Z,
103.153.66.90,ipv4,malicious-ip,medium,WHITE,ziyadnz/hourly-ipv4,ziyadnz|hourly,2026-08-17T18:48:05Z,2026-08-17T18:48:05Z,
103.153.66.91,ipv4,malicious-ip,medium,WHITE,ziyadnz/hourly-ipv4,ziyadnz|hourly,2026-08-17T18:48:05Z,2026-08-17T18:48:05Z,
103.153.75.186,ipv4,malicious-ip,medium,WHITE,ziyadnz/hourly-ipv4,ziyadnz|hourly,2026-08-17T18:48:05Z,2026-08-17T18:48:05Z,
103.154.12.47,ipv4,malicious-ip,medium,WHITE,ziyadnz/hourly-ipv4,ziyadnz|hourly,2026-08-17T18:48:05Z,2026-08-17T18:48:05Z,
103.154.139.95,ipv4,malicious-ip,medium,WHITE,ziyadnz/hourly-ipv4,ziyadnz|hourly,2026-08-17T18:48:05Z,2026-08-17T18:48:05Z,
103.154.158.70,ipv4,malicious-ip,medium,WHITE,ziyadnz/hourly-ipv4,ziyadnz|hourly,2026-08-17T18:48:05Z,2026-08-17T18:48:05Z,
103.154.176.95,ipv4,malicious-ip,medium,WHITE,ziyadnz/hourly-ipv4,ziyadnz|hourly,2026-08-17T18:48:05Z,2026-08-17T18:48:05Z,
103.154.2.36,ipv4,malicious-ip,medium,WHITE,ziyadnz/hourly-ipv4,ziyadnz|hourly,2026-08-17T18:48:05Z,2026-08-17T18:48:05Z,
103.154.241.40,ipv4,malicious-ip,medium,WHITE,ziyadnz/hourly-ipv4,ziyadnz|hourly,2026-08-17T18:48:05Z,2026-08-17T18:48:05Z,
103.154.241.42,ipv4,malicious-ip,medium,WHITE,ziyadnz/hourly-ipv4,ziyadnz|hourly,2026-08-17T18:48:05Z,2026-08-17T18:48:05Z,
103.154.47.232,ipv4,malicious-ip,medium,WHITE,ziyadnz/hourly-ipv4,ziyadnz|hourly,2026-08-17T18:48:05Z,2026-08-17T18:48:05Z,
103.154.49.109,ipv4,malicious-ip,medium,WHITE,ziyadnz/hourly-ipv4,ziyadnz|hourly,2026-08-17T18:48:05Z,2026-08-17T18:48:05Z,
103.154.49.159,ipv4,malicious-ip,medium,WHITE,ziyadnz/hourly-ipv4,ziyadnz|hourly,2026-08-17T18:48:05Z,2026-08-17T18:48:05Z,
103.154.58.10,ipv4,malicious-ip,medium,WHITE,ziyadnz/hourly-ipv4,ziyadnz|hourly,2026-08-17T18:48:05Z,2026-08-17T18:48:05Z,
103.154.64.0,ipv4,malicious-ip,medium,WHITE,ziyadnz/hourly-ipv4,ziyadnz|hourly,2026-08-17T18:48:05Z,2026-08-17T18:48:05Z,
103.154.64.132,ipv4,malicious-ip,medium,WHITE,ziyadnz/hourly-ipv4,ziyadnz|hourly,2026-08-17T18:48:05Z,2026-08-17T18:48:05Z,
103.154.64.137,ipv4,malicious-ip,medium,WHITE,ziyadnz/hourly-ipv4,ziyadnz|hourly,2026-08-17T18:48:05Z,2026-08-17T18:48:05Z,
103.154.64.141,ipv4,malicious-ip,medium,WHITE,ziyadnz/hourly-ipv4,ziyadnz|hourly,2026-08-17T18:48:05Z,2026-08-17T18:48:05Z,
103.154.64.143,ipv4,malicious-ip,medium,WHITE,ziyadnz/hourly-ipv4,ziyadnz|hourly,2026-08-17T18:48:05Z,2026-08-17T18:48:05Z,
103.154.64.153,ipv4,malicious-ip,medium,WHITE,ziyadnz/hourly-ipv4,ziyadnz|hourly,2026-08-17T18:48:05Z,2026-08-17T18:48:05Z,
103.154.64.171,ipv4,malicious-ip,medium,WHITE,ziyadnz/hourly-ipv4,ziyadnz|hourly,2026-08-17T18:48:05Z,2026-08-17T18:48:05Z,
103.154.64.21,ipv4,malicious-ip,medium,WHITE,ziyadnz/hourly-ipv4,ziyadnz|hourly,2026-08-17T18:48:05Z,2026-08-17T18:48:05Z,
103.154.77.48,ipv4,malicious-ip,medium,WHITE,ziyadnz/hourly-ipv4,ziyadnz|hourly,2026-08-17T18:48:05Z,2026-08-17T18:48:05Z,
103.155.118.133,ipv4,malicious-ip,medium,WHITE,ziyadnz/hourly-ipv4,ziyadnz|hourly,2026-08-17T18:48:05Z,2026-08-17T18:48:05Z,
103.155.118.55,ipv4,malicious-ip,medium,WHITE,ziyadnz/hourly-ipv4,ziyadnz|hourly,2026-08-17T18:48:05Z,2026-08-17T18:48:05Z,
103.155.160.120,ipv4,malicious-ip,medium,WHITE,ziyadnz/hourly-ipv4,ziyadnz|hourly,2026-08-17T18:48:05Z,2026-08-17T18:48:05Z,
103.155.197.224,ipv4,malicious-ip,medium,WHITE,ziyadnz/hourly-ipv4,ziyadnz|hourly,2026-08-17T18:48:05Z,2026-08-17T18:48:05Z,
103.155.197.225,ipv4,malicious-ip,medium,WHITE,ziyadnz/hourly-ipv4,ziyadnz|hourly,2026-08-17T18:48:05Z,2026-08-17T18:48:05Z,
103.155.197.226,ipv4,malicious-ip,medium,WHITE,ziyadnz/hourly-ipv4,ziyadnz|hourly,2026-08-17T18:48:05Z,2026-08-17T18:48:05Z,
103.155.197.227,ipv4,malicious-ip,medium,WHITE,ziyadnz/hourly-ipv4,ziyadnz|hourly,2026-08-17T18:48:05Z,2026-08-17T18:48:05Z,
103.155.212.70,ipv4,malicious-ip,medium,WHITE,ziyadnz/hourly-ipv4,ziyadnz|hourly,2026-08-17T18:48:05Z,2026-08-17T18:48:05Z,
103.155.221.74,ipv4,malicious-ip,medium,WHITE,ziyadnz/hourly-ipv4,ziyadnz|hourly,2026-08-17T18:48:05Z,2026-08-17T18:48:05Z,
103.155.3.155,ipv4,malicious-ip,medium,WHITE,ziyadnz/hourly-ipv4,ziyadnz|hourly,2026-08-17T18:48:05Z,2026-08-17T18:48:05Z,
103.155.4.3,ipv4,malicious-ip,medium,WHITE,ziyadnz/hourly-ipv4,ziyadnz|hourly,2026-08-17T18:48:05Z,2026-08-17T18:48:05Z,
103.155.47.102,ipv4,malicious-ip,medium,WHITE,ziyadnz/hourly-ipv4,ziyadnz|hourly,2026-08-17T18:48:05Z,2026-08-17T18:48:05Z,
103.155.57.54,ipv4,malicious-ip,medium,WHITE,ziyadnz/hourly-ipv4,ziyadnz|hourly,2026-08-17T18:48:05Z,2026-08-17T18:48:05Z,
103.155.81.228,ipv4,malicious-ip,medium,WHITE,ziyadnz/hourly-ipv4,ziyadnz|hourly,2026-08-17T18:48:05Z,2026-08-17T18:48:05Z,
103.155.89.226,ipv4,malicious-ip,medium,WHITE,ziyadnz/hourly-ipv4,ziyadnz|hourly,2026-08-17T18:48:05Z,2026-08-17T18:48:05Z,
103.156.118.26,ipv4,malicious-ip,medium,WHITE,ziyadnz/hourly-ipv4,ziyadnz|hourly,2026-08-17T18:48:05Z,2026-08-17T18:48:05Z,
103.156.118.44,ipv4,malicious-ip,medium,WHITE,ziyadnz/hourly-ipv4,ziyadnz|hourly,2026-08-17T18:48:05Z,2026-08-17T18:48:05Z,
103.156.118.6,ipv4,malicious-ip,medium,WHITE,ziyadnz/hourly-ipv4,ziyadnz|hourly,2026-08-17T18:48:05Z,2026-08-17T18:48:05Z,
103.156.139.180,ipv4,malicious-ip,medium,WHITE,ziyadnz/hourly-ipv4,ziyadnz|hourly,2026-08-17T18:48:05Z,2026-08-17T18:48:05Z,
103.156.164.101,ipv4,malicious-ip,medium,WHITE,ziyadnz/hourly-ipv4,ziyadnz|hourly,2026-08-17T18:48:05Z,2026-08-17T18:48:05Z,
103.156.164.59,ipv4,malicious-ip,medium,WHITE,ziyadnz/hourly-ipv4,ziyadnz|hourly,2026-08-17T18:48:05Z,2026-08-17T18:48:05Z,
103.156.166.4,ipv4,malicious-ip,medium,WHITE,ziyadnz/hourly-ipv4,ziyadnz|hourly,2026-08-17T18:48:05Z,2026-08-17T18:48:05Z,
103.156.166.7,ipv4,malicious-ip,medium,WHITE,ziyadnz/hourly-ipv4,ziyadnz|hourly,2026-08-17T18:48:05Z,2026-08-17T18:48:05Z,
103.156.189.20,ipv4,malicious-ip,medium,WHITE,ziyadnz/hourly-ipv4,ziyadnz|hourly,2026-08-17T18:48:05Z,2026-08-17T18:48:05Z,
103.156.189.84,ipv4,malicious-ip,medium,WHITE,ziyadnz/hourly-ipv4,ziyadnz|hourly,2026-08-17T18:48:05Z,2026-08-17T18:48:05Z,
103.156.204.2,ipv4,malicious-ip,medium,WHITE,ziyadnz/hourly-ipv4,ziyadnz|hourly,2026-08-17T18:48:05Z,2026-08-17T18:48:05Z,
103.156.227.73,ipv4,malicious-ip,medium,WHITE,ziyadnz/hourly-ipv4,ziyadnz|hourly,2026-08-17T18:48:05Z,2026-08-17T18:48:05Z,
103.156.71.98,ipv4,malicious-ip,medium,WHITE,ziyadnz/hourly-ipv4,ziyadnz|hourly,2026-08-17T18:48:05Z,2026-08-17T18:48:05Z,
103.156.71.99,ipv4,malicious-ip,medium,WHITE,ziyadnz/hourly-ipv4,ziyadnz|hourly,2026-08-17T18:48:05Z,2026-08-17T18:48:05Z,
103.157.178.67,ipv4,malicious-ip,medium,WHITE,ziyadnz/hourly-ipv4,ziyadnz|hourly,2026-08-17T18:48:05Z,2026-08-17T18:48:05Z,
103.157.200.222,ipv4,malicious-ip,medium,WHITE,ziyadnz/hourly-ipv4,ziyadnz|hourly,2026-08-17T18:48:05Z,2026-08-17T18:48:05Z,
103.157.200.61,ipv4,malicious-ip,medium,WHITE,ziyadnz/hourly-ipv4,ziyadnz|hourly,2026-08-17T18:48:05Z,2026-08-17T18:48:05Z,
103.157.210.26,ipv4,malicious-ip,medium,WHITE,ziyadnz/hourly-ipv4,ziyadnz|hourly,2026-08-17T18:48:05Z,2026-08-17T18:48:05Z,
103.157.218.98,ipv4,malicious-ip,medium,WHITE,ziyadnz/hourly-ipv4,ziyadnz|hourly,2026-08-17T18:48:05Z,2026-08-17T18:48:05Z,
103.157.238.165,ipv4,malicious-ip,medium,WHITE,ziyadnz/hourly-ipv4,ziyadnz|hourly,2026-08-17T18:48:05Z,2026-08-17T18:48:05Z,
103.157.48.74,ipv4,malicious-ip,medium,WHITE,ziyadnz/hourly-ipv4,ziyadnz|hourly,2026-08-17T18:48:05Z,2026-08-17T18:48:05Z,
103.157.53.203,ipv4,malicious-ip,medium,WHITE,ziyadnz/hourly-ipv4,ziyadnz|hourly,2026-08-17T18:48:05Z,2026-08-17T18:48:05Z,
103.157.78.153,ipv4,malicious-ip,medium,WHITE,ziyadnz/hourly-ipv4,ziyadnz|hourly,2026-08-17T18:48:05Z,2026-08-17T18:48:05Z,
103.157.78.25,ipv4,malicious-ip,medium,WHITE,ziyadnz/hourly-ipv4,ziyadnz|hourly,2026-08-17T18:48:05Z,2026-08-17T18:48:05Z,
103.157.79.0,ipv4,malicious-ip,medium,WHITE,ziyadnz/hourly-ipv4,ziyadnz|hourly,2026-08-17T18:48:05Z,2026-08-17T18:48:05Z,
103.157.88.101,ipv4,malicious-ip,medium,WHITE,ziyadnz/hourly-ipv4,ziyadnz|hourly,2026-08-17T18:48:05Z,2026-08-17T18:48:05Z,
103.157.88.142,ipv4,malicious-ip,medium,WHITE,ziyadnz/hourly-ipv4,ziyadnz|hourly,2026-08-17T18:48:05Z,2026-08-17T18:48:05Z,
103.157.88.163,ipv4,malicious-ip,medium,WHITE,ziyadnz/hourly-ipv4,ziyadnz|hourly,2026-08-17T18:48:05Z,2026-08-17T18:48:05Z,
103.157.88.93,ipv4,malicious-ip,medium,WHITE,ziyadnz/hourly-ipv4,ziyadnz|hourly,2026-08-17T18:48:05Z,2026-08-17T18:48:05Z,
103.157.88.97,ipv4,malicious-ip,medium,WHITE,ziyadnz/hourly-ipv4,ziyadnz|hourly,2026-08-17T18:48:05Z,2026-08-17T18:48:05Z,
103.157.96.22,ipv4,malicious-ip,medium,WHITE,ziyadnz/hourly-ipv4,ziyadnz|hourly,2026-08-17T18:48:05Z,2026-08-17T18:48:05Z,
103.158.146.121,ipv4,malicious-ip,medium,WHITE,ziyadnz/hourly-ipv4,ziyadnz|hourly,2026-08-17T18:48:05Z,2026-08-17T18:48:05Z,
103.158.146.123,ipv4,malicious-ip,medium,WHITE,ziyadnz/hourly-ipv4,ziyadnz|hourly,2026-08-17T18:48:05Z,2026-08-17T18:48:05Z,
103.158.162.171,ipv4,malicious-ip,medium,WHITE,ziyadnz/hourly-ipv4,ziyadnz|hourly,2026-08-17T18:48:05Z,2026-08-17T18:48:05Z,
103.158.206.141,ipv4,malicious-ip,medium,WHITE,ziyadnz/hourly-ipv4,ziyadnz|hourly,2026-08-17T18:48:05Z,2026-08-17T18:48:05Z,
103.158.231.81,ipv4,malicious-ip,medium,WHITE,ziyadnz/hourly-ipv4,ziyadnz|hourly,2026-08-17T18:48:05Z,2026-08-17T18:48:05Z,
103.158.29.100,ipv4,malicious-ip,medium,WHITE,ziyadnz/hourly-ipv4,ziyadnz|hourly,2026-08-17T18:48:05Z,2026-08-17T18:48:05Z,
103.158.40.65,ipv4,malicious-ip,medium,WHITE,ziyadnz/hourly-ipv4,ziyadnz|hourly,2026-08-17T18:48:05Z,2026-08-17T18:48:05Z,
103.158.53.176,ipv4,malicious-ip,medium,WHITE,ziyadnz/hourly-ipv4,ziyadnz|hourly,2026-08-17T18:48:05Z,2026-08-17T18:48:05Z,
103.158.53.26,ipv4,malicious-ip,medium,WHITE,ziyadnz/hourly-ipv4,ziyadnz|hourly,2026-08-17T18:48:05Z,2026-08-17T18:48:05Z,
103.159.132.181,ipv4,malicious-ip,medium,WHITE,ziyadnz/hourly-ipv4,ziyadnz|hourly,2026-08-17T18:48:05Z,2026-08-17T18:48:05Z,
103.159.132.30,ipv4,malicious-ip,medium,WHITE,ziyadnz/hourly-ipv4,ziyadnz|hourly,2026-08-17T18:48:05Z,2026-08-17T18:48:05Z,
103.159.133.205,ipv4,malicious-ip,medium,WHITE,ziyadnz/hourly-ipv4,ziyadnz|hourly,2026-08-17T18:48:05Z,2026-08-17T18:48:05Z,
103.159.172.11,ipv4,malicious-ip,medium,WHITE,ziyadnz/hourly-ipv4,ziyadnz|hourly,2026-08-17T18:48:05Z,2026-08-17T18:48:05Z,
103.159.192.137,ipv4,malicious-ip,medium,WHITE,ziyadnz/hourly-ipv4,ziyadnz|hourly,2026-08-17T18:48:05Z,2026-08-17T18:48:05Z,
103.159.192.138,ipv4,malicious-ip,medium,WHITE,ziyadnz/hourly-ipv4,ziyadnz|hourly,2026-08-17T18:48:05Z,2026-08-17T18:48:05Z,
103.159.192.142,ipv4,malicious-ip,medium,WHITE,ziyadnz/hourly-ipv4,ziyadnz|hourly,2026-08-17T18:48:05Z,2026-08-17T18:48:05Z,
103.159.196.115,ipv4,malicious-ip,medium,WHITE,ziyadnz/hourly-ipv4,ziyadnz|hourly,2026-08-17T18:48:05Z,2026-08-17T18:48:05Z,
103.159.221.207,ipv4,malicious-ip,medium,WHITE,ziyadnz/hourly-ipv4,ziyadnz|hourly,2026-08-17T18:48:05Z,2026-08-17T18:48:05Z,
103.159.255.196,ipv4,malicious-ip,medium,WHITE,ziyadnz/hourly-ipv4,ziyadnz|hourly,2026-08-17T18:48:05Z,2026-08-17T18:48:05Z,
103.159.50.104,ipv4,malicious-ip,medium,WHITE,ziyadnz/hourly-ipv4,ziyadnz|hourly,2026-08-17T18:48:05Z,2026-08-17T18:48:05Z,
103.159.73.17,ipv4,malicious-ip,medium,WHITE,ziyadnz/hourly-ipv4,ziyadnz|hourly,2026-08-17T18:48:05Z,2026-08-17T18:48:05Z,
103.159.78.55,ipv4,malicious-ip,medium,WHITE,ziyadnz/hourly-ipv4,ziyadnz|hourly,2026-08-17T18:48:05Z,2026-08-17T18:48:05Z,
103.159.85.123,ipv4,malicious-ip,medium,WHITE,ziyadnz/hourly-ipv4,ziyadnz|hourly,2026-08-17T18:48:05Z,2026-08-17T18:48:05Z,
103.159.96.27,ipv4,malicious-ip,medium,WHITE,ziyadnz/hourly-ipv4,ziyadnz|hourly,2026-08-17T18:48:05Z,2026-08-17T18:48:05Z,
103.16.117.30,ipv4,malicious-ip,medium,WHITE,ziyadnz/hourly-ipv4,ziyadnz|hourly,2026-08-17T18:48:05Z,2026-08-17T18:48:05Z,
103.16.202.169,ipv4,malicious-ip,medium,WHITE,ziyadnz/hourly-ipv4,ziyadnz|hourly,2026-08-17T18:48:05Z,2026-08-17T18:48:05Z,
103.16.228.12,ipv4,malicious-ip,medium,WHITE,ziyadnz/hourly-ipv4,ziyadnz|hourly,2026-08-17T18:48:05Z,2026-08-17T18:48:05Z,
103.16.248.198,ipv4,malicious-ip,medium,WHITE,ziyadnz/hourly-ipv4,ziyadnz|hourly,2026-08-17T18:48:05Z,2026-08-17T18:48:05Z,
103.160.107.28,ipv4,malicious-ip,medium,WHITE,ziyadnz/hourly-ipv4,ziyadnz|hourly,2026-08-17T18:48:05Z,2026-08-17T18:48:05Z,
103.160.12.5,ipv4,malicious-ip,medium,WHITE,ziyadnz/hourly-ipv4,ziyadnz|hourly,2026-08-17T18:48:05Z,2026-08-17T18:48:05Z,
103.160.130.178,ipv4,malicious-ip,medium,WHITE,ziyadnz/hourly-ipv4,ziyadnz|hourly,2026-08-17T18:48:05Z,2026-08-17T18:48:05Z,
103.160.146.138,ipv4,malicious-ip,medium,WHITE,ziyadnz/hourly-ipv4,ziyadnz|hourly,2026-08-17T18:48:05Z,2026-08-17T18:48:05Z,
103.160.150.185,ipv4,malicious-ip,medium,WHITE,ziyadnz/hourly-ipv4,ziyadnz|hourly,2026-08-17T18:48:05Z,2026-08-17T18:48:05Z,
103.160.153.158,ipv4,malicious-ip,medium,WHITE,ziyadnz/hourly-ipv4,ziyadnz|hourly,2026-08-17T18:48:05Z,2026-08-17T18:48:05Z,
103.160.182.108,ipv4,malicious-ip,medium,WHITE,ziyadnz/hourly-ipv4,ziyadnz|hourly,2026-08-17T18:48:05Z,2026-08-17T18:48:05Z,
103.160.212.154,ipv4,malicious-ip,medium,WHITE,ziyadnz/hourly-ipv4,ziyadnz|hourly,2026-08-17T18:48:05Z,2026-08-17T18:48:05Z,
103.160.213.131,ipv4,malicious-ip,medium,WHITE,ziyadnz/hourly-ipv4,ziyadnz|hourly,2026-08-17T18:48:05Z,2026-08-17T18:48:05Z,
103.160.213.66,ipv4,malicious-ip,medium,WHITE,ziyadnz/hourly-ipv4,ziyadnz|hourly,2026-08-17T18:48:05Z,2026-08-17T18:48:05Z,
103.160.241.131,ipv4,malicious-ip,medium,WHITE,ziyadnz/hourly-ipv4,ziyadnz|hourly,2026-08-17T18:48:05Z,2026-08-17T18:48:05Z,
103.160.241.135,ipv4,malicious-ip,medium,WHITE,ziyadnz/hourly-ipv4,ziyadnz|hourly,2026-08-17T18:48:05Z,2026-08-17T18:48:05Z,
103.160.241.140,ipv4,malicious-ip,medium,WHITE,ziyadnz/hourly-ipv4,ziyadnz|hourly,2026-08-17T18:48:05Z,2026-08-17T18:48:05Z,
103.160.26.232,ipv4,malicious-ip,medium,WHITE,ziyadnz/hourly-ipv4,ziyadnz|hourly,2026-08-17T18:48:05Z,2026-08-17T18:48:05Z,
103.160.4.229,ipv4,malicious-ip,medium,WHITE,ziyadnz/hourly-ipv4,ziyadnz|hourly,2026-08-17T18:48:05Z,2026-08-17T18:48:05Z,
103.160.49.116,ipv4,malicious-ip,medium,WHITE,ziyadnz/hourly-ipv4,ziyadnz|hourly,2026-08-17T18:48:05Z,2026-08-17T18:48:05Z,
103.160.49.160,ipv4,malicious-ip,medium,WHITE,ziyadnz/hourly-ipv4,ziyadnz|hourly,2026-08-17T18:48:05Z,2026-08-17T18:48:05Z,
103.160.49.98,ipv4,malicious-ip,medium,WHITE,ziyadnz/hourly-ipv4,ziyadnz|hourly,2026-08-17T18:48:05Z,2026-08-17T18:48:05Z,
103.160.49.99,ipv4,malicious-ip,medium,WHITE,ziyadnz/hourly-ipv4,ziyadnz|hourly,2026-08-17T18:48:05Z,2026-08-17T18:48:05Z,
103.160.69.97,ipv4,malicious-ip,medium,WHITE,ziyadnz/hourly-ipv4,ziyadnz|hourly,2026-08-17T18:48:05Z,2026-08-17T18:48:05Z,
103.160.82.163,ipv4,malicious-ip,medium,WHITE,ziyadnz/hourly-ipv4,ziyadnz|hourly,2026-08-17T18:48:05Z,2026-08-17T18:48:05Z,
103.161.118.67,ipv4,malicious-ip,medium,WHITE,ziyadnz/hourly-ipv4,ziyadnz|hourly,2026-08-17T18:48:05Z,2026-08-17T18:48:05Z,
103.161.144.36,ipv4,malicious-ip,medium,WHITE,ziyadnz/hourly-ipv4,ziyadnz|hourly,2026-08-17T18:48:05Z,2026-08-17T18:48:05Z,
103.161.16.196,ipv4,malicious-ip,medium,WHITE,ziyadnz/hourly-ipv4,ziyadnz|hourly,2026-08-17T18:48:05Z,2026-08-17T18:48:05Z,
103.161.170.12,ipv4,malicious-ip,medium,WHITE,ziyadnz/hourly-ipv4,ziyadnz|hourly,2026-08-17T18:48:05Z,2026-08-17T18:48:05Z,
103.161.184.56,ipv4,malicious-ip,medium,WHITE,ziyadnz/hourly-ipv4,ziyadnz|hourly,2026-08-17T18:48:05Z,2026-08-17T18:48:05Z,
103.161.206.18,ipv4,malicious-ip,medium,WHITE,ziyadnz/hourly-ipv4,ziyadnz|hourly,2026-08-17T18:48:05Z,2026-08-17T18:48:05Z,
103.161.207.6,ipv4,malicious-ip,medium,WHITE,ziyadnz/hourly-ipv4,ziyadnz|hourly,2026-08-17T18:48:05Z,2026-08-17T18:48:05Z,
103.161.224.131,ipv4,malicious-ip,medium,WHITE,ziyadnz/hourly-ipv4,ziyadnz|hourly,2026-08-17T18:48:05Z,2026-08-17T18:48:05Z,
103.161.232.248,ipv4,malicious-ip,medium,WHITE,ziyadnz/hourly-ipv4,ziyadnz|hourly,2026-08-17T18:48:05Z,2026-08-17T18:48:05Z,
103.161.232.38,ipv4,malicious-ip,medium,WHITE,ziyadnz/hourly-ipv4,ziyadnz|hourly,2026-08-17T18:48:05Z,2026-08-17T18:48:05Z,
103.161.31.5,ipv4,malicious-ip,medium,WHITE,ziyadnz/hourly-ipv4,ziyadnz|hourly,2026-08-17T18:48:05Z,2026-08-17T18:48:05Z,
103.161.31.9,ipv4,malicious-ip,medium,WHITE,ziyadnz/hourly-ipv4,ziyadnz|hourly,2026-08-17T18:48:05Z,2026-08-17T18:48:05Z,
103.161.32.230,ipv4,malicious-ip,medium,WHITE,ziyadnz/hourly-ipv4,ziyadnz|hourly,2026-08-17T18:48:05Z,2026-08-17T18:48:05Z,
103.161.34.137,ipv4,malicious-ip,medium,WHITE,ziyadnz/hourly-ipv4,ziyadnz|hourly,2026-08-17T18:48:05Z,2026-08-17T18:48:05Z,
103.161.35.44,ipv4,malicious-ip,medium,WHITE,ziyadnz/hourly-ipv4,ziyadnz|hourly,2026-08-17T18:48:05Z,2026-08-17T18:48:05Z,
103.161.35.68,ipv4,malicious-ip,medium,WHITE,ziyadnz/hourly-ipv4,ziyadnz|hourly,2026-08-17T18:48:05Z,2026-08-17T18:48:05Z,
103.161.55.213,ipv4,malicious-ip,medium,WHITE,ziyadnz/hourly-ipv4,ziyadnz|hourly,2026-08-17T18:48:05Z,2026-08-17T18:48:05Z,
103.161.92.6,ipv4,malicious-ip,medium,WHITE,ziyadnz/hourly-ipv4,ziyadnz|hourly,2026-08-17T18:48:05Z,2026-08-17T18:48:05Z,
103.162.124.73,ipv4,malicious-ip,medium,WHITE,ziyadnz/hourly-ipv4,ziyadnz|hourly,2026-08-17T18:48:05Z,2026-08-17T18:48:05Z,
103.162.129.114,ipv4,malicious-ip,medium,WHITE,ziyadnz/hourly-ipv4,ziyadnz|hourly,2026-08-17T18:48:05Z,2026-08-17T18:48:05Z,
103.162.136.126,ipv4,malicious-ip,medium,WHITE,ziyadnz/hourly-ipv4,ziyadnz|hourly,2026-08-17T18:48:05Z,2026-08-17T18:48:05Z,
103.162.147.93,ipv4,malicious-ip,medium,WHITE,ziyadnz/hourly-ipv4,ziyadnz|hourly,2026-08-17T18:48:05Z,2026-08-17T18:48:05Z,
103.162.148.178,ipv4,malicious-ip,medium,WHITE,ziyadnz/hourly-ipv4,ziyadnz|hourly,2026-08-17T18:48:05Z,2026-08-17T18:48:05Z,
103.162.196.113,ipv4,malicious-ip,medium,WHITE,ziyadnz/hourly-ipv4,ziyadnz|hourly,2026-08-17T18:48:05Z,2026-08-17T18:48:05Z,
103.162.196.125,ipv4,malicious-ip,medium,WHITE,ziyadnz/hourly-ipv4,ziyadnz|hourly,2026-08-17T18:48:05Z,2026-08-17T18:48:05Z,
103.162.197.89,ipv4,malicious-ip,medium,WHITE,ziyadnz/hourly-ipv4,ziyadnz|hourly,2026-08-17T18:48:05Z,2026-08-17T18:48:05Z,
103.162.198.45,ipv4,malicious-ip,medium,WHITE,ziyadnz/hourly-ipv4,ziyadnz|hourly,2026-08-17T18:48:05Z,2026-08-17T18:48:05Z,
103.162.199.145,ipv4,malicious-ip,medium,WHITE,ziyadnz/hourly-ipv4,ziyadnz|hourly,2026-08-17T18:48:05Z,2026-08-17T18:48:05Z,
103.162.199.148,ipv4,malicious-ip,medium,WHITE,ziyadnz/hourly-ipv4,ziyadnz|hourly,2026-08-17T18:48:05Z,2026-08-17T18:48:05Z,
103.162.210.157,ipv4,malicious-ip,medium,WHITE,ziyadnz/hourly-ipv4,ziyadnz|hourly,2026-08-17T18:48:05Z,2026-08-17T18:48:05Z,
103.162.213.152,ipv4,malicious-ip,medium,WHITE,ziyadnz/hourly-ipv4,ziyadnz|hourly,2026-08-17T18:48:05Z,2026-08-17T18:48:05Z,
103.162.235.179,ipv4,malicious-ip,medium,WHITE,ziyadnz/hourly-ipv4,ziyadnz|hourly,2026-08-17T18:48:05Z,2026-08-17T18:48:05Z,
103.162.235.54,ipv4,malicious-ip,medium,WHITE,ziyadnz/hourly-ipv4,ziyadnz|hourly,2026-08-17T18:48:05Z,2026-08-17T18:48:05Z,
103.162.30.5,ipv4,malicious-ip,medium,WHITE,ziyadnz/hourly-ipv4,ziyadnz|hourly,2026-08-17T18:48:05Z,2026-08-17T18:48:05Z,
103.162.54.10,ipv4,malicious-ip,medium,WHITE,ziyadnz/hourly-ipv4,ziyadnz|hourly,2026-08-17T18:48:05Z,2026-08-17T18:48:05Z,
103.162.65.193,ipv4,malicious-ip,medium,WHITE,ziyadnz/hourly-ipv4,ziyadnz|hourly,2026-08-17T18:48:05Z,2026-08-17T18:48:05Z,
103.162.74.196,ipv4,malicious-ip,medium,WHITE,ziyadnz/hourly-ipv4,ziyadnz|hourly,2026-08-17T18:48:05Z,2026-08-17T18:48:05Z,
103.162.91.226,ipv4,malicious-ip,medium,WHITE,ziyadnz/hourly-ipv4,ziyadnz|hourly,2026-08-17T18:48:05Z,2026-08-17T18:48:05Z,
103.163.101.187,ipv4,malicious-ip,medium,WHITE,ziyadnz/hourly-ipv4,ziyadnz|hourly,2026-08-17T18:48:05Z,2026-08-17T18:48:05Z,
103.163.116.219,ipv4,malicious-ip,medium,WHITE,ziyadnz/hourly-ipv4,ziyadnz|hourly,2026-08-17T18:48:05Z,2026-08-17T18:48:05Z,
103.163.116.220,ipv4,malicious-ip,medium,WHITE,ziyadnz/hourly-ipv4,ziyadnz|hourly,2026-08-17T18:48:05Z,2026-08-17T18:48:05Z,
103.163.116.221,ipv4,malicious-ip,medium,WHITE,ziyadnz/hourly-ipv4,ziyadnz|hourly,2026-08-17T18:48:05Z,2026-08-17T18:48:05Z,
103.163.116.223,ipv4,malicious-ip,medium,WHITE,ziyadnz/hourly-ipv4,ziyadnz|hourly,2026-08-17T18:48:05Z,2026-08-17T18:48:05Z,
103.163.118.111,ipv4,malicious-ip,medium,WHITE,ziyadnz/hourly-ipv4,ziyadnz|hourly,2026-08-17T18:48:05Z,2026-08-17T18:48:05Z,
103.163.13.160,ipv4,malicious-ip,medium,WHITE,ziyadnz/hourly-ipv4,ziyadnz|hourly,2026-08-17T18:48:05Z,2026-08-17T18:48:05Z,
103.163.132.57,ipv4,malicious-ip,medium,WHITE,ziyadnz/hourly-ipv4,ziyadnz|hourly,2026-08-17T18:48:05Z,2026-08-17T18:48:05Z,
103.163.166.148,ipv4,malicious-ip,medium,WHITE,ziyadnz/hourly-ipv4,ziyadnz|hourly,2026-08-17T18:48:05Z,2026-08-17T18:48:05Z,
103.163.166.45,ipv4,malicious-ip,medium,WHITE,ziyadnz/hourly-ipv4,ziyadnz|hourly,2026-08-17T18:48:05Z,2026-08-17T18:48:05Z,
103.163.215.131,ipv4,malicious-ip,medium,WHITE,ziyadnz/hourly-ipv4,ziyadnz|hourly,2026-08-17T18:48:05Z,2026-08-17T18:48:05Z,
103.163.254.87,ipv4,malicious-ip,medium,WHITE,ziyadnz/hourly-ipv4,ziyadnz|hourly,2026-08-17T18:48:05Z,2026-08-17T18:48:05Z,
103.163.46.207,ipv4,malicious-ip,medium,WHITE,ziyadnz/hourly-ipv4,ziyadnz|hourly,2026-08-17T18:48:05Z,2026-08-17T18:48:05Z,
103.163.97.211,ipv4,malicious-ip,medium,WHITE,ziyadnz/hourly-ipv4,ziyadnz|hourly,2026-08-17T18:48:05Z,2026-08-17T18:48:05Z,
103.164.137.9,ipv4,malicious-ip,medium,WHITE,ziyadnz/hourly-ipv4,ziyadnz|hourly,2026-08-17T18:48:05Z,2026-08-17T18:48:05Z,
103.164.138.183,ipv4,malicious-ip,medium,WHITE,ziyadnz/hourly-ipv4,ziyadnz|hourly,2026-08-17T18:48:05Z,2026-08-17T18:48:05Z,
103.164.180.58,ipv4,malicious-ip,medium,WHITE,ziyadnz/hourly-ipv4,ziyadnz|hourly,2026-08-17T18:48:05Z,2026-08-17T18:48:05Z,
103.164.19.245,ipv4,malicious-ip,medium,WHITE,ziyadnz/hourly-ipv4,ziyadnz|hourly,2026-08-17T18:48:05Z,2026-08-17T18:48:05Z,
103.164.194.238,ipv4,malicious-ip,medium,WHITE,ziyadnz/hourly-ipv4,ziyadnz|hourly,2026-08-17T18:48:05Z,2026-08-17T18:48:05Z,
103.164.252.237,ipv4,malicious-ip,medium,WHITE,ziyadnz/hourly-ipv4,ziyadnz|hourly,2026-08-17T18:48:05Z,2026-08-17T18:48:05Z,
103.164.54.199,ipv4,malicious-ip,medium,WHITE,ziyadnz/hourly-ipv4,ziyadnz|hourly,2026-08-17T18:48:05Z,2026-08-17T18:48:05Z,
103.164.87.58,ipv4,malicious-ip,medium,WHITE,ziyadnz/hourly-ipv4,ziyadnz|hourly,2026-08-17T18:48:05Z,2026-08-17T18:48:05Z,
103.164.9.74,ipv4,malicious-ip,medium,WHITE,ziyadnz/hourly-ipv4,ziyadnz|hourly,2026-08-17T18:48:05Z,2026-08-17T18:48:05Z,
103.165.10.79,ipv4,malicious-ip,medium,WHITE,ziyadnz/hourly-ipv4,ziyadnz|hourly,2026-08-17T18:48:05Z,2026-08-17T18:48:05Z,
103.165.106.68,ipv4,malicious-ip,medium,WHITE,ziyadnz/hourly-ipv4,ziyadnz|hourly,2026-08-17T18:48:05Z,2026-08-17T18:48:05Z,
103.165.11.128,ipv4,malicious-ip,medium,WHITE,ziyadnz/hourly-ipv4,ziyadnz|hourly,2026-08-17T18:48:05Z,2026-08-17T18:48:05Z,
103.165.115.127,ipv4,malicious-ip,medium,WHITE,ziyadnz/hourly-ipv4,ziyadnz|hourly,2026-08-17T18:48:05Z,2026-08-17T18:48:05Z,
103.165.115.234,ipv4,malicious-ip,medium,WHITE,ziyadnz/hourly-ipv4,ziyadnz|hourly,2026-08-17T18:48:05Z,2026-08-17T18:48:05Z,
103.165.128.173,ipv4,malicious-ip,medium,WHITE,ziyadnz/hourly-ipv4,ziyadnz|hourly,2026-08-17T18:48:05Z,2026-08-17T18:48:05Z,
103.165.128.69,ipv4,malicious-ip,medium,WHITE,ziyadnz/hourly-ipv4,ziyadnz|hourly,2026-08-17T18:48:05Z,2026-08-17T18:48:05Z,
103.165.129.98,ipv4,malicious-ip,medium,WHITE,ziyadnz/hourly-ipv4,ziyadnz|hourly,2026-08-17T18:48:05Z,2026-08-17T18:48:05Z,
103.165.139.145,ipv4,malicious-ip,medium,WHITE,ziyadnz/hourly-ipv4,ziyadnz|hourly,2026-08-17T18:48:05Z,2026-08-17T18:48:05Z,
103.165.199.25,ipv4,malicious-ip,medium,WHITE,ziyadnz/hourly-ipv4,ziyadnz|hourly,2026-08-17T18:48:05Z,2026-08-17T18:48:05Z,
103.165.20.94,ipv4,malicious-ip,medium,WHITE,ziyadnz/hourly-ipv4,ziyadnz|hourly,2026-08-17T18:48:05Z,2026-08-17T18:48:05Z,
103.165.227.178,ipv4,malicious-ip,medium,WHITE,ziyadnz/hourly-ipv4,ziyadnz|hourly,2026-08-17T18:48:05Z,2026-08-17T18:48:05Z,
103.165.236.150,ipv4,malicious-ip,medium,WHITE,ziyadnz/hourly-ipv4,ziyadnz|hourly,2026-08-17T18:48:05Z,2026-08-17T18:48:05Z,
103.165.237.58,ipv4,malicious-ip,medium,WHITE,ziyadnz/hourly-ipv4,ziyadnz|hourly,2026-08-17T18:48:05Z,2026-08-17T18:48:05Z,
103.165.244.5,ipv4,malicious-ip,medium,WHITE,ziyadnz/hourly-ipv4,ziyadnz|hourly,2026-08-17T18:48:05Z,2026-08-17T18:48:05Z,
103.165.62.0,ipv4,malicious-ip,medium,WHITE,ziyadnz/hourly-ipv4,ziyadnz|hourly,2026-08-17T18:48:05Z,2026-08-17T18:48:05Z,
103.165.62.169,ipv4,malicious-ip,medium,WHITE,ziyadnz/hourly-ipv4,ziyadnz|hourly,2026-08-17T18:48:05Z,2026-08-17T18:48:05Z,
103.165.62.177,ipv4,malicious-ip,medium,WHITE,ziyadnz/hourly-ipv4,ziyadnz|hourly,2026-08-17T18:48:05Z,2026-08-17T18:48:05Z,
103.165.62.183,ipv4,malicious-ip,medium,WHITE,ziyadnz/hourly-ipv4,ziyadnz|hourly,2026-08-17T18:48:05Z,2026-08-17T18:48:05Z,
103.165.62.70,ipv4,malicious-ip,medium,WHITE,ziyadnz/hourly-ipv4,ziyadnz|hourly,2026-08-17T18:48:05Z,2026-08-17T18:48:05Z,
103.165.62.72,ipv4,malicious-ip,medium,WHITE,ziyadnz/hourly-ipv4,ziyadnz|hourly,2026-08-17T18:48:05Z,2026-08-17T18:48:05Z,
103.165.71.198,ipv4,malicious-ip,medium,WHITE,ziyadnz/hourly-ipv4,ziyadnz|hourly,2026-08-17T18:48:05Z,2026-08-17T18:48:05Z,
103.165.71.250,ipv4,malicious-ip,medium,WHITE,ziyadnz/hourly-ipv4,ziyadnz|hourly,2026-08-17T18:48:05Z,2026-08-17T18:48:05Z,
103.166.10.244,ipv4,malicious-ip,medium,WHITE,ziyadnz/hourly-ipv4,ziyadnz|hourly,2026-08-17T18:48:05Z,2026-08-17T18:48:05Z,
103.166.103.225,ipv4,malicious-ip,medium,WHITE,ziyadnz/hourly-ipv4,ziyadnz|hourly,2026-08-17T18:48:05Z,2026-08-17T18:48:05Z,
103.166.11.176,ipv4,malicious-ip,medium,WHITE,ziyadnz/hourly-ipv4,ziyadnz|hourly,2026-08-17T18:48:05Z,2026-08-17T18:48:05Z,
103.166.122.54,ipv4,malicious-ip,medium,WHITE,ziyadnz/hourly-ipv4,ziyadnz|hourly,2026-08-17T18:48:05Z,2026-08-17T18:48:05Z,
103.166.150.178,ipv4,malicious-ip,medium,WHITE,ziyadnz/hourly-ipv4,ziyadnz|hourly,2026-08-17T18:48:05Z,2026-08-17T18:48:05Z,
103.166.182.155,ipv4,malicious-ip,medium,WHITE,ziyadnz/hourly-ipv4,ziyadnz|hourly,2026-08-17T18:48:05Z,2026-08-17T18:48:05Z,
103.166.185.228,ipv4,malicious-ip,medium,WHITE,ziyadnz/hourly-ipv4,ziyadnz|hourly,2026-08-17T18:48:05Z,2026-08-17T18:48:05Z,
103.166.187.238,ipv4,malicious-ip,medium,WHITE,ziyadnz/hourly-ipv4,ziyadnz|hourly,2026-08-17T18:48:05Z,2026-08-17T18:48:05Z,
103.166.226.235,ipv4,malicious-ip,medium,WHITE,ziyadnz/hourly-ipv4,ziyadnz|hourly,2026-08-17T18:48:05Z,2026-08-17T18:48:05Z,
103.166.245.39,ipv4,malicious-ip,medium,WHITE,ziyadnz/hourly-ipv4,ziyadnz|hourly,2026-08-17T18:48:05Z,2026-08-17T18:48:05Z,
103.166.25.234,ipv4,malicious-ip,medium,WHITE,ziyadnz/hourly-ipv4,ziyadnz|hourly,2026-08-17T18:48:05Z,2026-08-17T18:48:05Z,
103.166.75.228,ipv4,malicious-ip,medium,WHITE,ziyadnz/hourly-ipv4,ziyadnz|hourly,2026-08-17T18:48:05Z,2026-08-17T18:48:05Z,
103.167.11.227,ipv4,malicious-ip,medium,WHITE,ziyadnz/hourly-ipv4,ziyadnz|hourly,2026-08-17T18:48:05Z,2026-08-17T18:48:05Z,
103.167.11.240,ipv4,malicious-ip,medium,WHITE,ziyadnz/hourly-ipv4,ziyadnz|hourly,2026-08-17T18:48:05Z,2026-08-17T18:48:05Z,
103.167.11.248,ipv4,malicious-ip,medium,WHITE,ziyadnz/hourly-ipv4,ziyadnz|hourly,2026-08-17T18:48:05Z,2026-08-17T18:48:05Z,
103.167.11.32,ipv4,malicious-ip,medium,WHITE,ziyadnz/hourly-ipv4,ziyadnz|hourly,2026-08-17T18:48:05Z,2026-08-17T18:48:05Z,
103.167.157.200,ipv4,malicious-ip,medium,WHITE,ziyadnz/hourly-ipv4,ziyadnz|hourly,2026-08-17T18:48:05Z,2026-08-17T18:48:05Z,
103.167.157.255,ipv4,malicious-ip,medium,WHITE,ziyadnz/hourly-ipv4,ziyadnz|hourly,2026-08-17T18:48:05Z,2026-08-17T18:48:05Z,
103.167.218.34,ipv4,malicious-ip,medium,WHITE,ziyadnz/hourly-ipv4,ziyadnz|hourly,2026-08-17T18:48:05Z,2026-08-17T18:48:05Z,
103.167.232.220,ipv4,malicious-ip,medium,WHITE,ziyadnz/hourly-ipv4,ziyadnz|hourly,2026-08-17T18:48:05Z,2026-08-17T18:48:05Z,
103.167.236.165,ipv4,malicious-ip,medium,WHITE,ziyadnz/hourly-ipv4,ziyadnz|hourly,2026-08-17T18:48:05Z,2026-08-17T18:48:05Z,
103.167.236.66,ipv4,malicious-ip,medium,WHITE,ziyadnz/hourly-ipv4,ziyadnz|hourly,2026-08-17T18:48:05Z,2026-08-17T18:48:05Z,
103.167.4.155,ipv4,malicious-ip,medium,WHITE,ziyadnz/hourly-ipv4,ziyadnz|hourly,2026-08-17T18:48:05Z,2026-08-17T18:48:05Z,
103.167.4.156,ipv4,malicious-ip,medium,WHITE,ziyadnz/hourly-ipv4,ziyadnz|hourly,2026-08-17T18:48:05Z,2026-08-17T18:48:05Z,
103.167.5.186,ipv4,malicious-ip,medium,WHITE,ziyadnz/hourly-ipv4,ziyadnz|hourly,2026-08-17T18:48:05Z,2026-08-17T18:48:05Z,
103.167.66.190,ipv4,malicious-ip,medium,WHITE,ziyadnz/hourly-ipv4,ziyadnz|hourly,2026-08-17T18:48:05Z,2026-08-17T18:48:05Z,
103.167.89.1,ipv4,malicious-ip,medium,WHITE,ziyadnz/hourly-ipv4,ziyadnz|hourly,2026-08-17T18:48:05Z,2026-08-17T18:48:05Z,
103.167.89.15,ipv4,malicious-ip,medium,WHITE,ziyadnz/hourly-ipv4,ziyadnz|hourly,2026-08-17T18:48:05Z,2026-08-17T18:48:05Z,
103.167.89.213,ipv4,malicious-ip,medium,WHITE,ziyadnz/hourly-ipv4,ziyadnz|hourly,2026-08-17T18:48:05Z,2026-08-17T18:48:05Z,
103.168.130.198,ipv4,malicious-ip,medium,WHITE,ziyadnz/hourly-ipv4,ziyadnz|hourly,2026-08-17T18:48:05Z,2026-08-17T18:48:05Z,
103.168.146.135,ipv4,malicious-ip,medium,WHITE,ziyadnz/hourly-ipv4,ziyadnz|hourly,2026-08-17T18:48:05Z,2026-08-17T18:48:05Z,
103.168.159.158,ipv4,malicious-ip,medium,WHITE,ziyadnz/hourly-ipv4,ziyadnz|hourly,2026-08-17T18:48:05Z,2026-08-17T18:48:05Z,
103.168.182.145,ipv4,malicious-ip,medium,WHITE,ziyadnz/hourly-ipv4,ziyadnz|hourly,2026-08-17T18:48:05Z,2026-08-17T18:48:05Z,
103.168.190.114,ipv4,malicious-ip,medium,WHITE,ziyadnz/hourly-ipv4,ziyadnz|hourly,2026-08-17T18:48:05Z,2026-08-17T18:48:05Z,
103.168.206.0,ipv4,malicious-ip,medium,WHITE,ziyadnz/hourly-ipv4,ziyadnz|hourly,2026-08-17T18:48:05Z,2026-08-17T18:48:05Z,
103.168.248.52,ipv4,malicious-ip,medium,WHITE,ziyadnz/hourly-ipv4,ziyadnz|hourly,2026-08-17T18:48:05Z,2026-08-17T18:48:05Z,
103.168.249.213,ipv4,malicious-ip,medium,WHITE,ziyadnz/hourly-ipv4,ziyadnz|hourly,2026-08-17T18:48:05Z,2026-08-17T18:48:05Z,
103.168.66.101,ipv4,malicious-ip,medium,WHITE,ziyadnz/hourly-ipv4,ziyadnz|hourly,2026-08-17T18:48:05Z,2026-08-17T18:48:05Z,
103.168.66.135,ipv4,malicious-ip,medium,WHITE,ziyadnz/hourly-ipv4,ziyadnz|hourly,2026-08-17T18:48:05Z,2026-08-17T18:48:05Z,
103.168.66.237,ipv4,malicious-ip,medium,WHITE,ziyadnz/hourly-ipv4,ziyadnz|hourly,2026-08-17T18:48:05Z,2026-08-17T18:48:05Z,
103.168.67.159,ipv4,malicious-ip,medium,WHITE,ziyadnz/hourly-ipv4,ziyadnz|hourly,2026-08-17T18:48:05Z,2026-08-17T18:48:05Z,
103.168.67.253,ipv4,malicious-ip,medium,WHITE,ziyadnz/hourly-ipv4,ziyadnz|hourly,2026-08-17T18:48:05Z,2026-08-17T18:48:05Z,
103.168.94.28,ipv4,malicious-ip,medium,WHITE,ziyadnz/hourly-ipv4,ziyadnz|hourly,2026-08-17T18:48:05Z,2026-08-17T18:48:05Z,
103.169.174.203,ipv4,malicious-ip,medium,WHITE,ziyadnz/hourly-ipv4,ziyadnz|hourly,2026-08-17T18:48:05Z,2026-08-17T18:48:05Z,
103.169.194.20,ipv4,malicious-ip,medium,WHITE,ziyadnz/hourly-ipv4,ziyadnz|hourly,2026-08-17T18:48:05Z,2026-08-17T18:48:05Z,
103.169.232.98,ipv4,malicious-ip,medium,WHITE,ziyadnz/hourly-ipv4,ziyadnz|hourly,2026-08-17T18:48:05Z,2026-08-17T18:48:05Z,
103.169.34.238,ipv4,malicious-ip,medium,WHITE,ziyadnz/hourly-ipv4,ziyadnz|hourly,2026-08-17T18:48:05Z,2026-08-17T18:48:05Z,
103.169.90.164,ipv4,malicious-ip,medium,WHITE,ziyadnz/hourly-ipv4,ziyadnz|hourly,2026-08-17T18:48:05Z,2026-08-17T18:48:05Z,
103.169.91.11,ipv4,malicious-ip,medium,WHITE,ziyadnz/hourly-ipv4,ziyadnz|hourly,2026-08-17T18:48:05Z,2026-08-17T18:48:05Z,
103.169.91.231,ipv4,malicious-ip,medium,WHITE,ziyadnz/hourly-ipv4,ziyadnz|hourly,2026-08-17T18:48:05Z,2026-08-17T18:48:05Z,
103.169.91.45,ipv4,malicious-ip,medium,WHITE,ziyadnz/hourly-ipv4,ziyadnz|hourly,2026-08-17T18:48:05Z,2026-08-17T18:48:05Z,
103.169.91.76,ipv4,malicious-ip,medium,WHITE,ziyadnz/hourly-ipv4,ziyadnz|hourly,2026-08-17T18:48:05Z,2026-08-17T18:48:05Z,
103.169.96.209,ipv4,malicious-ip,medium,WHITE,ziyadnz/hourly-ipv4,ziyadnz|hourly,2026-08-17T18:48:05Z,2026-08-17T18:48:05Z,
103.17.105.32,ipv4,malicious-ip,medium,WHITE,ziyadnz/hourly-ipv4,ziyadnz|hourly,2026-08-17T18:48:05Z,2026-08-17T18:48:05Z,
103.17.149.114,ipv4,malicious-ip,medium,WHITE,ziyadnz/hourly-ipv4,ziyadnz|hourly,2026-08-17T18:48:05Z,2026-08-17T18:48:05Z,
103.17.91.37,ipv4,malicious-ip,medium,WHITE,ziyadnz/hourly-ipv4,ziyadnz|hourly,2026-08-17T18:48:05Z,2026-08-17T18:48:05Z,
103.170.109.131,ipv4,malicious-ip,medium,WHITE,ziyadnz/hourly-ipv4,ziyadnz|hourly,2026-08-17T18:48:05Z,2026-08-17T18:48:05Z,
103.170.123.113,ipv4,malicious-ip,medium,WHITE,ziyadnz/hourly-ipv4,ziyadnz|hourly,2026-08-17T18:48:05Z,2026-08-17T18:48:05Z,
103.170.173.26,ipv4,malicious-ip,medium,WHITE,ziyadnz/hourly-ipv4,ziyadnz|hourly,2026-08-17T18:48:05Z,2026-08-17T18:48:05Z,
103.170.183.135,ipv4,malicious-ip,medium,WHITE,ziyadnz/hourly-ipv4,ziyadnz|hourly,2026-08-17T18:48:05Z,2026-08-17T18:48:05Z,
103.170.214.197,ipv4,malicious-ip,medium,WHITE,ziyadnz/hourly-ipv4,ziyadnz|hourly,2026-08-17T18:48:05Z,2026-08-17T18:48:05Z,
103.170.40.58,ipv4,malicious-ip,medium,WHITE,ziyadnz/hourly-ipv4,ziyadnz|hourly,2026-08-17T18:48:05Z,2026-08-17T18:48:05Z,
103.170.40.9,ipv4,malicious-ip,medium,WHITE,ziyadnz/hourly-ipv4,ziyadnz|hourly,2026-08-17T18:48:05Z,2026-08-17T18:48:05Z,
103.170.53.166,ipv4,malicious-ip,medium,WHITE,ziyadnz/hourly-ipv4,ziyadnz|hourly,2026-08-17T18:48:05Z,2026-08-17T18:48:05Z,
103.170.53.98,ipv4,malicious-ip,medium,WHITE,ziyadnz/hourly-ipv4,ziyadnz|hourly,2026-08-17T18:48:05Z,2026-08-17T18:48:05Z,
103.170.54.176,ipv4,malicious-ip,medium,WHITE,ziyadnz/hourly-ipv4,ziyadnz|hourly,2026-08-17T18:48:05Z,2026-08-17T18:48:05Z,
103.170.55.23,ipv4,malicious-ip,medium,WHITE,ziyadnz/hourly-ipv4,ziyadnz|hourly,2026-08-17T18:48:05Z,2026-08-17T18:48:05Z,
103.170.55.5,ipv4,malicious-ip,medium,WHITE,ziyadnz/hourly-ipv4,ziyadnz|hourly,2026-08-17T18:48:05Z,2026-08-17T18:48:05Z,
103.170.81.102,ipv4,malicious-ip,medium,WHITE,ziyadnz/hourly-ipv4,ziyadnz|hourly,2026-08-17T18:48:05Z,2026-08-17T18:48:05Z,
103.171.10.68,ipv4,malicious-ip,medium,WHITE,ziyadnz/hourly-ipv4,ziyadnz|hourly,2026-08-17T18:48:05Z,2026-08-17T18:48:05Z,
103.171.117.0,ipv4,malicious-ip,medium,WHITE,ziyadnz/hourly-ipv4,ziyadnz|hourly,2026-08-17T18:48:05Z,2026-08-17T18:48:05Z,
103.171.117.35,ipv4,malicious-ip,medium,WHITE,ziyadnz/hourly-ipv4,ziyadnz|hourly,2026-08-17T18:48:05Z,2026-08-17T18:48:05Z,
103.171.117.36,ipv4,malicious-ip,medium,WHITE,ziyadnz/hourly-ipv4,ziyadnz|hourly,2026-08-17T18:48:05Z,2026-08-17T18:48:05Z,
103.171.117.38,ipv4,malicious-ip,medium,WHITE,ziyadnz/hourly-ipv4,ziyadnz|hourly,2026-08-17T18:48:05Z,2026-08-17T18:48:05Z,
103.171.117.41,ipv4,malicious-ip,medium,WHITE,ziyadnz/hourly-ipv4,ziyadnz|hourly,2026-08-17T18:48:05Z,2026-08-17T18:48:05Z,
103.171.117.44,ipv4,malicious-ip,medium,WHITE,ziyadnz/hourly-ipv4,ziyadnz|hourly,2026-08-17T18:48:05Z,2026-08-17T18:48:05Z,
103.171.117.49,ipv4,malicious-ip,medium,WHITE,ziyadnz/hourly-ipv4,ziyadnz|hourly,2026-08-17T18:48:05Z,2026-08-17T18:48:05Z,
103.171.117.50,ipv4,malicious-ip,medium,WHITE,ziyadnz/hourly-ipv4,ziyadnz|hourly,2026-08-17T18:48:05Z,2026-08-17T18:48:05Z,
103.171.117.52,ipv4,malicious-ip,medium,WHITE,ziyadnz/hourly-ipv4,ziyadnz|hourly,2026-08-17T18:48:05Z,2026-08-17T18:48:05Z,
103.171.117.53,ipv4,malicious-ip,medium,WHITE,ziyadnz/hourly-ipv4,ziyadnz|hourly,2026-08-17T18:48:05Z,2026-08-17T18:48:05Z,
103.171.117.55,ipv4,malicious-ip,medium,WHITE,ziyadnz/hourly-ipv4,ziyadnz|hourly,2026-08-17T18:48:05Z,2026-08-17T18:48:05Z,
103.171.117.56,ipv4,malicious-ip,medium,WHITE,ziyadnz/hourly-ipv4,ziyadnz|hourly,2026-08-17T18:48:05Z,2026-08-17T18:48:05Z,
103.171.12.114,ipv4,malicious-ip,medium,WHITE,ziyadnz/hourly-ipv4,ziyadnz|hourly,2026-08-17T18:48:05Z,2026-08-17T18:48:05Z,
103.171.12.42,ipv4,malicious-ip,medium,WHITE,ziyadnz/hourly-ipv4,ziyadnz|hourly,2026-08-17T18:48:05Z,2026-08-17T18:48:05Z,
103.171.168.136,ipv4,malicious-ip,medium,WHITE,ziyadnz/hourly-ipv4,ziyadnz|hourly,2026-08-17T18:48:05Z,2026-08-17T18:48:05Z,
103.171.247.126,ipv4,malicious-ip,medium,WHITE,ziyadnz/hourly-ipv4,ziyadnz|hourly,2026-08-17T18:48:05Z,2026-08-17T18:48:05Z,
103.171.37.28,ipv4,malicious-ip,medium,WHITE,ziyadnz/hourly-ipv4,ziyadnz|hourly,2026-08-17T18:48:05Z,2026-08-17T18:48:05Z,
103.171.48.100,ipv4,malicious-ip,medium,WHITE,ziyadnz/hourly-ipv4,ziyadnz|hourly,2026-08-17T18:48:05Z,2026-08-17T18:48:05Z,
103.171.55.242,ipv4,malicious-ip,medium,WHITE,ziyadnz/hourly-ipv4,ziyadnz|hourly,2026-08-17T18:48:05Z,2026-08-17T18:48:05Z,
103.171.69.0,ipv4,malicious-ip,medium,WHITE,ziyadnz/hourly-ipv4,ziyadnz|hourly,2026-08-17T18:48:05Z,2026-08-17T18:48:05Z,
103.171.69.101,ipv4,malicious-ip,medium,WHITE,ziyadnz/hourly-ipv4,ziyadnz|hourly,2026-08-17T18:48:05Z,2026-08-17T18:48:05Z,
103.171.69.111,ipv4,malicious-ip,medium,WHITE,ziyadnz/hourly-ipv4,ziyadnz|hourly,2026-08-17T18:48:05Z,2026-08-17T18:48:05Z,
103.171.69.114,ipv4,malicious-ip,medium,WHITE,ziyadnz/hourly-ipv4,ziyadnz|hourly,2026-08-17T18:48:05Z,2026-08-17T18:48:05Z,
103.171.69.115,ipv4,malicious-ip,medium,WHITE,ziyadnz/hourly-ipv4,ziyadnz|hourly,2026-08-17T18:48:05Z,2026-08-17T18:48:05Z,
103.171.69.117,ipv4,malicious-ip,medium,WHITE,ziyadnz/hourly-ipv4,ziyadnz|hourly,2026-08-17T18:48:05Z,2026-08-17T18:48:05Z,
103.171.69.119,ipv4,malicious-ip,medium,WHITE,ziyadnz/hourly-ipv4,ziyadnz|hourly,2026-08-17T18:48:05Z,2026-08-17T18:48:05Z,
103.171.69.126,ipv4,malicious-ip,medium,WHITE,ziyadnz/hourly-ipv4,ziyadnz|hourly,2026-08-17T18:48:05Z,2026-08-17T18:48:05Z,
103.171.69.180,ipv4,malicious-ip,medium,WHITE,ziyadnz/hourly-ipv4,ziyadnz|hourly,2026-08-17T18:48:05Z,2026-08-17T18:48:05Z,
103.171.69.86,ipv4,malicious-ip,medium,WHITE,ziyadnz/hourly-ipv4,ziyadnz|hourly,2026-08-17T18:48:05Z,2026-08-17T18:48:05Z,
103.171.69.96,ipv4,malicious-ip,medium,WHITE,ziyadnz/hourly-ipv4,ziyadnz|hourly,2026-08-17T18:48:05Z,2026-08-17T18:48:05Z,
103.171.83.237,ipv4,malicious-ip,medium,WHITE,ziyadnz/hourly-ipv4,ziyadnz|hourly,2026-08-17T18:48:05Z,2026-08-17T18:48:05Z,
103.171.85.115,ipv4,malicious-ip,medium,WHITE,ziyadnz/hourly-ipv4,ziyadnz|hourly,2026-08-17T18:48:05Z,2026-08-17T18:48:05Z,
103.171.85.186,ipv4,malicious-ip,medium,WHITE,ziyadnz/hourly-ipv4,ziyadnz|hourly,2026-08-17T18:48:05Z,2026-08-17T18:48:05Z,
103.171.85.50,ipv4,malicious-ip,medium,WHITE,ziyadnz/hourly-ipv4,ziyadnz|hourly,2026-08-17T18:48:05Z,2026-08-17T18:48:05Z,
103.171.92.147,ipv4,malicious-ip,medium,WHITE,ziyadnz/hourly-ipv4,ziyadnz|hourly,2026-08-17T18:48:05Z,2026-08-17T18:48:05Z,
103.172.11.0,ipv4,malicious-ip,medium,WHITE,ziyadnz/hourly-ipv4,ziyadnz|hourly,2026-08-17T18:48:05Z,2026-08-17T18:48:05Z,
103.172.11.133,ipv4,malicious-ip,medium,WHITE,ziyadnz/hourly-ipv4,ziyadnz|hourly,2026-08-17T18:48:05Z,2026-08-17T18:48:05Z,
103.172.11.151,ipv4,malicious-ip,medium,WHITE,ziyadnz/hourly-ipv4,ziyadnz|hourly,2026-08-17T18:48:05Z,2026-08-17T18:48:05Z,
103.172.11.154,ipv4,malicious-ip,medium,WHITE,ziyadnz/hourly-ipv4,ziyadnz|hourly,2026-08-17T18:48:05Z,2026-08-17T18:48:05Z,
103.172.11.155,ipv4,malicious-ip,medium,WHITE,ziyadnz/hourly-ipv4,ziyadnz|hourly,2026-08-17T18:48:05Z,2026-08-17T18:48:05Z,
103.172.11.167,ipv4,malicious-ip,medium,WHITE,ziyadnz/hourly-ipv4,ziyadnz|hourly,2026-08-17T18:48:05Z,2026-08-17T18:48:05Z,
103.172.11.187,ipv4,malicious-ip,medium,WHITE,ziyadnz/hourly-ipv4,ziyadnz|hourly,2026-08-17T18:48:05Z,2026-08-17T18:48:05Z,
103.172.18.139,ipv4,malicious-ip,medium,WHITE,ziyadnz/hourly-ipv4,ziyadnz|hourly,2026-08-17T18:48:05Z,2026-08-17T18:48:05Z,
103.172.204.83,ipv4,malicious-ip,medium,WHITE,ziyadnz/hourly-ipv4,ziyadnz|hourly,2026-08-17T18:48:05Z,2026-08-17T18:48:05Z,
103.172.221.97,ipv4,malicious-ip,medium,WHITE,ziyadnz/hourly-ipv4,ziyadnz|hourly,2026-08-17T18:48:05Z,2026-08-17T18:48:05Z,
103.172.236.15,ipv4,malicious-ip,medium,WHITE,ziyadnz/hourly-ipv4,ziyadnz|hourly,2026-08-17T18:48:05Z,2026-08-17T18:48:05Z,
103.172.240.161,ipv4,malicious-ip,medium,WHITE,ziyadnz/hourly-ipv4,ziyadnz|hourly,2026-08-17T18:48:05Z,2026-08-17T18:48:05Z,
103.172.28.169,ipv4,malicious-ip,medium,WHITE,ziyadnz/hourly-ipv4,ziyadnz|hourly,2026-08-17T18:48:05Z,2026-08-17T18:48:05Z,
103.172.28.170,ipv4,malicious-ip,medium,WHITE,ziyadnz/hourly-ipv4,ziyadnz|hourly,2026-08-17T18:48:05Z,2026-08-17T18:48:05Z,
103.172.38.249,ipv4,malicious-ip,medium,WHITE,ziyadnz/hourly-ipv4,ziyadnz|hourly,2026-08-17T18:48:05Z,2026-08-17T18:48:05Z,
103.172.56.106,ipv4,malicious-ip,medium,WHITE,ziyadnz/hourly-ipv4,ziyadnz|hourly,2026-08-17T18:48:05Z,2026-08-17T18:48:05Z,
103.172.56.212,ipv4,malicious-ip,medium,WHITE,ziyadnz/hourly-ipv4,ziyadnz|hourly,2026-08-17T18:48:05Z,2026-08-17T18:48:05Z,
103.172.71.37,ipv4,malicious-ip,medium,WHITE,ziyadnz/hourly-ipv4,ziyadnz|hourly,2026-08-17T18:48:05Z,2026-08-17T18:48:05Z,
103.172.79.74,ipv4,malicious-ip,medium,WHITE,ziyadnz/hourly-ipv4,ziyadnz|hourly,2026-08-17T18:48:05Z,2026-08-17T18:48:05Z,
103.172.95.38,ipv4,malicious-ip,medium,WHITE,ziyadnz/hourly-ipv4,ziyadnz|hourly,2026-08-17T18:48:05Z,2026-08-17T18:48:05Z,
103.173.154.45,ipv4,malicious-ip,medium,WHITE,ziyadnz/hourly-ipv4,ziyadnz|hourly,2026-08-17T18:48:05Z,2026-08-17T18:48:05Z,
103.173.192.226,ipv4,malicious-ip,medium,WHITE,ziyadnz/hourly-ipv4,ziyadnz|hourly,2026-08-17T18:48:05Z,2026-08-17T18:48:05Z,
103.173.195.172,ipv4,malicious-ip,medium,WHITE,ziyadnz/hourly-ipv4,ziyadnz|hourly,2026-08-17T18:48:05Z,2026-08-17T18:48:05Z,
103.173.20.69,ipv4,malicious-ip,medium,WHITE,ziyadnz/hourly-ipv4,ziyadnz|hourly,2026-08-17T18:48:05Z,2026-08-17T18:48:05Z,
103.173.229.67,ipv4,malicious-ip,medium,WHITE,ziyadnz/hourly-ipv4,ziyadnz|hourly,2026-08-17T18:48:05Z,2026-08-17T18:48:05Z,
103.173.51.155,ipv4,malicious-ip,medium,WHITE,ziyadnz/hourly-ipv4,ziyadnz|hourly,2026-08-17T18:48:05Z,2026-08-17T18:48:05Z,
103.173.60.54,ipv4,malicious-ip,medium,WHITE,ziyadnz/hourly-ipv4,ziyadnz|hourly,2026-08-17T18:48:05Z,2026-08-17T18:48:05Z,
103.173.7.128,ipv4,malicious-ip,medium,WHITE,ziyadnz/hourly-ipv4,ziyadnz|hourly,2026-08-17T18:48:05Z,2026-08-17T18:48:05Z,
103.173.7.130,ipv4,malicious-ip,medium,WHITE,ziyadnz/hourly-ipv4,ziyadnz|hourly,2026-08-17T18:48:05Z,2026-08-17T18:48:05Z,
103.173.7.19,ipv4,malicious-ip,medium,WHITE,ziyadnz/hourly-ipv4,ziyadnz|hourly,2026-08-17T18:48:05Z,2026-08-17T18:48:05Z,
103.173.7.237,ipv4,malicious-ip,medium,WHITE,ziyadnz/hourly-ipv4,ziyadnz|hourly,2026-08-17T18:48:05Z,2026-08-17T18:48:05Z,
103.173.92.56,ipv4,malicious-ip,medium,WHITE,ziyadnz/hourly-ipv4,ziyadnz|hourly,2026-08-17T18:48:05Z,2026-08-17T18:48:05Z,
103.173.93.182,ipv4,malicious-ip,medium,WHITE,ziyadnz/hourly-ipv4,ziyadnz|hourly,2026-08-17T18:48:05Z,2026-08-17T18:48:05Z,
103.173.99.242,ipv4,malicious-ip,medium,WHITE,ziyadnz/hourly-ipv4,ziyadnz|hourly,2026-08-17T18:48:05Z,2026-08-17T18:48:05Z,
103.174.102.42,ipv4,malicious-ip,medium,WHITE,ziyadnz/hourly-ipv4,ziyadnz|hourly,2026-08-17T18:48:05Z,2026-08-17T18:48:05Z,
103.174.114.50,ipv4,malicious-ip,medium,WHITE,ziyadnz/hourly-ipv4,ziyadnz|hourly,2026-08-17T18:48:05Z,2026-08-17T18:48:05Z,
103.174.115.160,ipv4,malicious-ip,medium,WHITE,ziyadnz/hourly-ipv4,ziyadnz|hourly,2026-08-17T18:48:05Z,2026-08-17T18:48:05Z,
103.174.131.176,ipv4,malicious-ip,medium,WHITE,ziyadnz/hourly-ipv4,ziyadnz|hourly,2026-08-17T18:48:05Z,2026-08-17T18:48:05Z,
103.174.164.248,ipv4,malicious-ip,medium,WHITE,ziyadnz/hourly-ipv4,ziyadnz|hourly,2026-08-17T18:48:05Z,2026-08-17T18:48:05Z,
103.174.19.83,ipv4,malicious-ip,medium,WHITE,ziyadnz/hourly-ipv4,ziyadnz|hourly,2026-08-17T18:48:05Z,2026-08-17T18:48:05Z,
103.174.236.65,ipv4,malicious-ip,medium,WHITE,ziyadnz/hourly-ipv4,ziyadnz|hourly,2026-08-17T18:48:05Z,2026-08-17T18:48:05Z,
103.174.255.14,ipv4,malicious-ip,medium,WHITE,ziyadnz/hourly-ipv4,ziyadnz|hourly,2026-08-17T18:48:05Z,2026-08-17T18:48:05Z,
103.174.28.0,ipv4,malicious-ip,medium,WHITE,ziyadnz/hourly-ipv4,ziyadnz|hourly,2026-08-17T18:48:05Z,2026-08-17T18:48:05Z,
103.174.28.74,ipv4,malicious-ip,medium,WHITE,ziyadnz/hourly-ipv4,ziyadnz|hourly,2026-08-17T18:48:05Z,2026-08-17T18:48:05Z,
103.174.28.77,ipv4,malicious-ip,medium,WHITE,ziyadnz/hourly-ipv4,ziyadnz|hourly,2026-08-17T18:48:05Z,2026-08-17T18:48:05Z,
103.174.28.79,ipv4,malicious-ip,medium,WHITE,ziyadnz/hourly-ipv4,ziyadnz|hourly,2026-08-17T18:48:05Z,2026-08-17T18:48:05Z,
103.174.28.81,ipv4,malicious-ip,medium,WHITE,ziyadnz/hourly-ipv4,ziyadnz|hourly,2026-08-17T18:48:05Z,2026-08-17T18:48:05Z,
103.174.28.88,ipv4,malicious-ip,medium,WHITE,ziyadnz/hourly-ipv4,ziyadnz|hourly,2026-08-17T18:48:05Z,2026-08-17T18:48:05Z,
103.174.28.93,ipv4,malicious-ip,medium,WHITE,ziyadnz/hourly-ipv4,ziyadnz|hourly,2026-08-17T18:48:05Z,2026-08-17T18:48:05Z,
103.174.36.42,ipv4,malicious-ip,medium,WHITE,ziyadnz/hourly-ipv4,ziyadnz|hourly,2026-08-17T18:48:05Z,2026-08-17T18:48:05Z,
103.174.50.62,ipv4,malicious-ip,medium,WHITE,ziyadnz/hourly-ipv4,ziyadnz|hourly,2026-08-17T18:48:05Z,2026-08-17T18:48:05Z,
103.174.51.103,ipv4,malicious-ip,medium,WHITE,ziyadnz/hourly-ipv4,ziyadnz|hourly,2026-08-17T18:48:05Z,2026-08-17T18:48:05Z,
103.174.63.254,ipv4,malicious-ip,medium,WHITE,ziyadnz/hourly-ipv4,ziyadnz|hourly,2026-08-17T18:48:05Z,2026-08-17T18:48:05Z,
103.174.73.190,ipv4,malicious-ip,medium,WHITE,ziyadnz/hourly-ipv4,ziyadnz|hourly,2026-08-17T18:48:05Z,2026-08-17T18:48:05Z,
103.174.80.40,ipv4,malicious-ip,medium,WHITE,ziyadnz/hourly-ipv4,ziyadnz|hourly,2026-08-17T18:48:05Z,2026-08-17T18:48:05Z,
103.174.80.9,ipv4,malicious-ip,medium,WHITE,ziyadnz/hourly-ipv4,ziyadnz|hourly,2026-08-17T18:48:05Z,2026-08-17T18:48:05Z,
103.175.130.18,ipv4,malicious-ip,medium,WHITE,ziyadnz/hourly-ipv4,ziyadnz|hourly,2026-08-17T18:48:05Z,2026-08-17T18:48:05Z,
103.175.16.39,ipv4,malicious-ip,medium,WHITE,ziyadnz/hourly-ipv4,ziyadnz|hourly,2026-08-17T18:48:05Z,2026-08-17T18:48:05Z,
103.175.16.86,ipv4,malicious-ip,medium,WHITE,ziyadnz/hourly-ipv4,ziyadnz|hourly,2026-08-17T18:48:05Z,2026-08-17T18:48:05Z,
103.175.163.192,ipv4,malicious-ip,medium,WHITE,ziyadnz/hourly-ipv4,ziyadnz|hourly,2026-08-17T18:48:05Z,2026-08-17T18:48:05Z,
103.175.180.60,ipv4,malicious-ip,medium,WHITE,ziyadnz/hourly-ipv4,ziyadnz|hourly,2026-08-17T18:48:05Z,2026-08-17T18:48:05Z,
103.175.181.128,ipv4,malicious-ip,medium,WHITE,ziyadnz/hourly-ipv4,ziyadnz|hourly,2026-08-17T18:48:05Z,2026-08-17T18:48:05Z,
103.175.181.156,ipv4,malicious-ip,medium,WHITE,ziyadnz/hourly-ipv4,ziyadnz|hourly,2026-08-17T18:48:05Z,2026-08-17T18:48:05Z,
103.175.181.188,ipv4,malicious-ip,medium,WHITE,ziyadnz/hourly-ipv4,ziyadnz|hourly,2026-08-17T18:48:05Z,2026-08-17T18:48:05Z,
103.175.189.137,ipv4,malicious-ip,medium,WHITE,ziyadnz/hourly-ipv4,ziyadnz|hourly,2026-08-17T18:48:05Z,2026-08-17T18:48:05Z,
103.175.222.213,ipv4,malicious-ip,medium,WHITE,ziyadnz/hourly-ipv4,ziyadnz|hourly,2026-08-17T18:48:05Z,2026-08-17T18:48:05Z,
103.175.225.238,ipv4,malicious-ip,medium,WHITE,ziyadnz/hourly-ipv4,ziyadnz|hourly,2026-08-17T18:48:05Z,2026-08-17T18:48:05Z,
103.175.50.194,ipv4,malicious-ip,medium,WHITE,ziyadnz/hourly-ipv4,ziyadnz|hourly,2026-08-17T18:48:05Z,2026-08-17T18:48:05Z,
103.175.59.94,ipv4,malicious-ip,medium,WHITE,ziyadnz/hourly-ipv4,ziyadnz|hourly,2026-08-17T18:48:05Z,2026-08-17T18:48:05Z,
103.176.111.163,ipv4,malicious-ip,medium,WHITE,ziyadnz/hourly-ipv4,ziyadnz|hourly,2026-08-17T18:48:05Z,2026-08-17T18:48:05Z,
103.176.125.220,ipv4,malicious-ip,medium,WHITE,ziyadnz/hourly-ipv4,ziyadnz|hourly,2026-08-17T18:48:05Z,2026-08-17T18:48:05Z,
103.176.146.80,ipv4,malicious-ip,medium,WHITE,ziyadnz/hourly-ipv4,ziyadnz|hourly,2026-08-17T18:48:05Z,2026-08-17T18:48:05Z,
103.176.167.194,ipv4,malicious-ip,medium,WHITE,ziyadnz/hourly-ipv4,ziyadnz|hourly,2026-08-17T18:48:05Z,2026-08-17T18:48:05Z,
103.176.190.37,ipv4,malicious-ip,medium,WHITE,ziyadnz/hourly-ipv4,ziyadnz|hourly,2026-08-17T18:48:05Z,2026-08-17T18:48:05Z,
103.176.20.59,ipv4,malicious-ip,medium,WHITE,ziyadnz/hourly-ipv4,ziyadnz|hourly,2026-08-17T18:48:05Z,2026-08-17T18:48:05Z,
103.176.215.66,ipv4,malicious-ip,medium,WHITE,ziyadnz/hourly-ipv4,ziyadnz|hourly,2026-08-17T18:48:05Z,2026-08-17T18:48:05Z,
103.176.24.57,ipv4,malicious-ip,medium,WHITE,ziyadnz/hourly-ipv4,ziyadnz|hourly,2026-08-17T18:48:05Z,2026-08-17T18:48:05Z,
103.176.241.235,ipv4,malicious-ip,medium,WHITE,ziyadnz/hourly-ipv4,ziyadnz|hourly,2026-08-17T18:48:05Z,2026-08-17T18:48:05Z,
103.176.246.30,ipv4,malicious-ip,medium,WHITE,ziyadnz/hourly-ipv4,ziyadnz|hourly,2026-08-17T18:48:05Z,2026-08-17T18:48:05Z,
103.176.255.195,ipv4,malicious-ip,medium,WHITE,ziyadnz/hourly-ipv4,ziyadnz|hourly,2026-08-17T18:48:05Z,2026-08-17T18:48:05Z,
103.176.64.36,ipv4,malicious-ip,medium,WHITE,ziyadnz/hourly-ipv4,ziyadnz|hourly,2026-08-17T18:48:05Z,2026-08-17T18:48:05Z,
103.176.77.65,ipv4,malicious-ip,medium,WHITE,ziyadnz/hourly-ipv4,ziyadnz|hourly,2026-08-17T18:48:05Z,2026-08-17T18:48:05Z,
103.176.78.178,ipv4,malicious-ip,medium,WHITE,ziyadnz/hourly-ipv4,ziyadnz|hourly,2026-08-17T18:48:05Z,2026-08-17T18:48:05Z,
103.176.90.245,ipv4,malicious-ip,medium,WHITE,ziyadnz/hourly-ipv4,ziyadnz|hourly,2026-08-17T18:48:05Z,2026-08-17T18:48:05Z,
103.176.90.42,ipv4,malicious-ip,medium,WHITE,ziyadnz/hourly-ipv4,ziyadnz|hourly,2026-08-17T18:48:05Z,2026-08-17T18:48:05Z,
103.176.90.43,ipv4,malicious-ip,medium,WHITE,ziyadnz/hourly-ipv4,ziyadnz|hourly,2026-08-17T18:48:05Z,2026-08-17T18:48:05Z,
103.176.97.44,ipv4,malicious-ip,medium,WHITE,ziyadnz/hourly-ipv4,ziyadnz|hourly,2026-08-17T18:48:05Z,2026-08-17T18:48:05Z,
103.177.1.128,ipv4,malicious-ip,medium,WHITE,ziyadnz/hourly-ipv4,ziyadnz|hourly,2026-08-17T18:48:05Z,2026-08-17T18:48:05Z,
103.177.1.136,ipv4,malicious-ip,medium,WHITE,ziyadnz/hourly-ipv4,ziyadnz|hourly,2026-08-17T18:48:05Z,2026-08-17T18:48:05Z,
103.177.150.175,ipv4,malicious-ip,medium,WHITE,ziyadnz/hourly-ipv4,ziyadnz|hourly,2026-08-17T18:48:05Z,2026-08-17T18:48:05Z,
103.177.203.94,ipv4,malicious-ip,medium,WHITE,ziyadnz/hourly-ipv4,ziyadnz|hourly,2026-08-17T18:48:05Z,2026-08-17T18:48:05Z,
103.177.206.182,ipv4,malicious-ip,medium,WHITE,ziyadnz/hourly-ipv4,ziyadnz|hourly,2026-08-17T18:48:05Z,2026-08-17T18:48:05Z,
103.177.235.243,ipv4,malicious-ip,medium,WHITE,ziyadnz/hourly-ipv4,ziyadnz|hourly,2026-08-17T18:48:05Z,2026-08-17T18:48:05Z,
103.177.253.205,ipv4,malicious-ip,medium,WHITE,ziyadnz/hourly-ipv4,ziyadnz|hourly,2026-08-17T18:48:05Z,2026-08-17T18:48:05Z,
103.177.60.101,ipv4,malicious-ip,medium,WHITE,ziyadnz/hourly-ipv4,ziyadnz|hourly,2026-08-17T18:48:05Z,2026-08-17T18:48:05Z,
103.178.104.184,ipv4,malicious-ip,medium,WHITE,ziyadnz/hourly-ipv4,ziyadnz|hourly,2026-08-17T18:48:05Z,2026-08-17T18:48:05Z,
103.178.104.189,ipv4,malicious-ip,medium,WHITE,ziyadnz/hourly-ipv4,ziyadnz|hourly,2026-08-17T18:48:05Z,2026-08-17T18:48:05Z,
103.178.104.190,ipv4,malicious-ip,medium,WHITE,ziyadnz/hourly-ipv4,ziyadnz|hourly,2026-08-17T18:48:05Z,2026-08-17T18:48:05Z,
103.178.144.136,ipv4,malicious-ip,medium,WHITE,ziyadnz/hourly-ipv4,ziyadnz|hourly,2026-08-17T18:48:05Z,2026-08-17T18:48:05Z,
103.178.175.222,ipv4,malicious-ip,medium,WHITE,ziyadnz/hourly-ipv4,ziyadnz|hourly,2026-08-17T18:48:05Z,2026-08-17T18:48:05Z,
103.178.175.233,ipv4,malicious-ip,medium,WHITE,ziyadnz/hourly-ipv4,ziyadnz|hourly,2026-08-17T18:48:05Z,2026-08-17T18:48:05Z,
103.178.186.216,ipv4,malicious-ip,medium,WHITE,ziyadnz/hourly-ipv4,ziyadnz|hourly,2026-08-17T18:48:05Z,2026-08-17T18:48:05Z,
103.178.208.149,ipv4,malicious-ip,medium,WHITE,ziyadnz/hourly-ipv4,ziyadnz|hourly,2026-08-17T18:48:05Z,2026-08-17T18:48:05Z,
103.178.76.230,ipv4,malicious-ip,medium,WHITE,ziyadnz/hourly-ipv4,ziyadnz|hourly,2026-08-17T18:48:05Z,2026-08-17T18:48:05Z,
103.179.103.197,ipv4,malicious-ip,medium,WHITE,ziyadnz/hourly-ipv4,ziyadnz|hourly,2026-08-17T18:48:05Z,2026-08-17T18:48:05Z,
103.179.125.241,ipv4,malicious-ip,medium,WHITE,ziyadnz/hourly-ipv4,ziyadnz|hourly,2026-08-17T18:48:05Z,2026-08-17T18:48:05Z,
103.179.125.243,ipv4,malicious-ip,medium,WHITE,ziyadnz/hourly-ipv4,ziyadnz|hourly,2026-08-17T18:48:05Z,2026-08-17T18:48:05Z,
103.179.127.26,ipv4,malicious-ip,medium,WHITE,ziyadnz/hourly-ipv4,ziyadnz|hourly,2026-08-17T18:48:05Z,2026-08-17T18:48:05Z,
103.179.172.233,ipv4,malicious-ip,medium,WHITE,ziyadnz/hourly-ipv4,ziyadnz|hourly,2026-08-17T18:48:05Z,2026-08-17T18:48:05Z,
103.179.189.198,ipv4,malicious-ip,medium,WHITE,ziyadnz/hourly-ipv4,ziyadnz|hourly,2026-08-17T18:48:05Z,2026-08-17T18:48:05Z,
103.179.198.19,ipv4,malicious-ip,medium,WHITE,ziyadnz/hourly-ipv4,ziyadnz|hourly,2026-08-17T18:48:05Z,2026-08-17T18:48:05Z,
103.179.217.137,ipv4,malicious-ip,medium,WHITE,ziyadnz/hourly-ipv4,ziyadnz|hourly,2026-08-17T18:48:05Z,2026-08-17T18:48:05Z,
103.179.218.58,ipv4,malicious-ip,medium,WHITE,ziyadnz/hourly-ipv4,ziyadnz|hourly,2026-08-17T18:48:05Z,2026-08-17T18:48:05Z,
103.179.240.108,ipv4,malicious-ip,medium,WHITE,ziyadnz/hourly-ipv4,ziyadnz|hourly,2026-08-17T18:48:05Z,2026-08-17T18:48:05Z,
103.179.240.183,ipv4,malicious-ip,medium,WHITE,ziyadnz/hourly-ipv4,ziyadnz|hourly,2026-08-17T18:48:05Z,2026-08-17T18:48:05Z,
103.179.240.227,ipv4,malicious-ip,medium,WHITE,ziyadnz/hourly-ipv4,ziyadnz|hourly,2026-08-17T18:48:05Z,2026-08-17T18:48:05Z,
103.179.240.41,ipv4,malicious-ip,medium,WHITE,ziyadnz/hourly-ipv4,ziyadnz|hourly,2026-08-17T18:48:05Z,2026-08-17T18:48:05Z,
103.179.240.46,ipv4,malicious-ip,medium,WHITE,ziyadnz/hourly-ipv4,ziyadnz|hourly,2026-08-17T18:48:05Z,2026-08-17T18:48:05Z,
103.179.241.61,ipv4,malicious-ip,medium,WHITE,ziyadnz/hourly-ipv4,ziyadnz|hourly,2026-08-17T18:48:05Z,2026-08-17T18:48:05Z,
103.179.254.245,ipv4,malicious-ip,medium,WHITE,ziyadnz/hourly-ipv4,ziyadnz|hourly,2026-08-17T18:48:05Z,2026-08-17T18:48:05Z,
103.179.27.94,ipv4,malicious-ip,medium,WHITE,ziyadnz/hourly-ipv4,ziyadnz|hourly,2026-08-17T18:48:05Z,2026-08-17T18:48:05Z,
103.179.47.230,ipv4,malicious-ip,medium,WHITE,ziyadnz/hourly-ipv4,ziyadnz|hourly,2026-08-17T18:48:05Z,2026-08-17T18:48:05Z,
103.179.51.180,ipv4,malicious-ip,medium,WHITE,ziyadnz/hourly-ipv4,ziyadnz|hourly,2026-08-17T18:48:05Z,2026-08-17T18:48:05Z,
103.18.133.253,ipv4,malicious-ip,medium,WHITE,ziyadnz/hourly-ipv4,ziyadnz|hourly,2026-08-17T18:48:05Z,2026-08-17T18:48:05Z,
103.18.14.190,ipv4,malicious-ip,medium,WHITE,ziyadnz/hourly-ipv4,ziyadnz|hourly,2026-08-17T18:48:05Z,2026-08-17T18:48:05Z,
103.18.14.210,ipv4,malicious-ip,medium,WHITE,ziyadnz/hourly-ipv4,ziyadnz|hourly,2026-08-17T18:48:05Z,2026-08-17T18:48:05Z,
103.18.14.221,ipv4,malicious-ip,medium,WHITE,ziyadnz/hourly-ipv4,ziyadnz|hourly,2026-08-17T18:48:05Z,2026-08-17T18:48:05Z,
103.18.14.61,ipv4,malicious-ip,medium,WHITE,ziyadnz/hourly-ipv4,ziyadnz|hourly,2026-08-17T18:48:05Z,2026-08-17T18:48:05Z,
103.18.14.74,ipv4,malicious-ip,medium,WHITE,ziyadnz/hourly-ipv4,ziyadnz|hourly,2026-08-17T18:48:05Z,2026-08-17T18:48:05Z,
103.18.15.11,ipv4,malicious-ip,medium,WHITE,ziyadnz/hourly-ipv4,ziyadnz|hourly,2026-08-17T18:48:05Z,2026-08-17T18:48:05Z,
103.18.15.127,ipv4,malicious-ip,medium,WHITE,ziyadnz/hourly-ipv4,ziyadnz|hourly,2026-08-17T18:48:05Z,2026-08-17T18:48:05Z,
103.18.15.232,ipv4,malicious-ip,medium,WHITE,ziyadnz/hourly-ipv4,ziyadnz|hourly,2026-08-17T18:48:05Z,2026-08-17T18:48:05Z,
103.18.181.107,ipv4,malicious-ip,medium,WHITE,ziyadnz/hourly-ipv4,ziyadnz|hourly,2026-08-17T18:48:05Z,2026-08-17T18:48:05Z,
103.18.34.132,ipv4,malicious-ip,medium,WHITE,ziyadnz/hourly-ipv4,ziyadnz|hourly,2026-08-17T18:48:05Z,2026-08-17T18:48:05Z,
103.18.34.164,ipv4,malicious-ip,medium,WHITE,ziyadnz/hourly-ipv4,ziyadnz|hourly,2026-08-17T18:48:05Z,2026-08-17T18:48:05Z,
103.18.45.245,ipv4,malicious-ip,medium,WHITE,ziyadnz/hourly-ipv4,ziyadnz|hourly,2026-08-17T18:48:05Z,2026-08-17T18:48:05Z,
103.180.124.162,ipv4,malicious-ip,medium,WHITE,ziyadnz/hourly-ipv4,ziyadnz|hourly,2026-08-17T18:48:05Z,2026-08-17T18:48:05Z,
103.180.125.173,ipv4,malicious-ip,medium,WHITE,ziyadnz/hourly-ipv4,ziyadnz|hourly,2026-08-17T18:48:05Z,2026-08-17T18:48:05Z,
103.180.126.188,ipv4,malicious-ip,medium,WHITE,ziyadnz/hourly-ipv4,ziyadnz|hourly,2026-08-17T18:48:05Z,2026-08-17T18:48:05Z,
103.180.135.197,ipv4,malicious-ip,medium,WHITE,ziyadnz/hourly-ipv4,ziyadnz|hourly,2026-08-17T18:48:05Z,2026-08-17T18:48:05Z,
103.180.149.137,ipv4,malicious-ip,medium,WHITE,ziyadnz/hourly-ipv4,ziyadnz|hourly,2026-08-17T18:48:05Z,2026-08-17T18:48:05Z,
103.180.203.192,ipv4,malicious-ip,medium,WHITE,ziyadnz/hourly-ipv4,ziyadnz|hourly,2026-08-17T18:48:05Z,2026-08-17T18:48:05Z,
103.180.212.135,ipv4,malicious-ip,medium,WHITE,ziyadnz/hourly-ipv4,ziyadnz|hourly,2026-08-17T18:48:05Z,2026-08-17T18:48:05Z,
103.180.213.102,ipv4,malicious-ip,medium,WHITE,ziyadnz/hourly-ipv4,ziyadnz|hourly,2026-08-17T18:48:05Z,2026-08-17T18:48:05Z,
103.180.213.153,ipv4,malicious-ip,medium,WHITE,ziyadnz/hourly-ipv4,ziyadnz|hourly,2026-08-17T18:48:05Z,2026-08-17T18:48:05Z,
103.180.39.66,ipv4,malicious-ip,medium,WHITE,ziyadnz/hourly-ipv4,ziyadnz|hourly,2026-08-17T18:48:05Z,2026-08-17T18:48:05Z,
103.180.55.23,ipv4,malicious-ip,medium,WHITE,ziyadnz/hourly-ipv4,ziyadnz|hourly,2026-08-17T18:48:05Z,2026-08-17T18:48:05Z,
103.181.103.169,ipv4,malicious-ip,medium,WHITE,ziyadnz/hourly-ipv4,ziyadnz|hourly,2026-08-17T18:48:05Z,2026-08-17T18:48:05Z,
103.181.108.10,ipv4,malicious-ip,medium,WHITE,ziyadnz/hourly-ipv4,ziyadnz|hourly,2026-08-17T18:48:05Z,2026-08-17T18:48:05Z,
103.181.151.147,ipv4,malicious-ip,medium,WHITE,ziyadnz/hourly-ipv4,ziyadnz|hourly,2026-08-17T18:48:05Z,2026-08-17T18:48:05Z,
103.181.153.229,ipv4,malicious-ip,medium,WHITE,ziyadnz/hourly-ipv4,ziyadnz|hourly,2026-08-17T18:48:05Z,2026-08-17T18:48:05Z,
103.181.20.172,ipv4,malicious-ip,medium,WHITE,ziyadnz/hourly-ipv4,ziyadnz|hourly,2026-08-17T18:48:05Z,2026-08-17T18:48:05Z,
103.181.223.163,ipv4,malicious-ip,medium,WHITE,ziyadnz/hourly-ipv4,ziyadnz|hourly,2026-08-17T18:48:05Z,2026-08-17T18:48:05Z,
103.181.26.210,ipv4,malicious-ip,medium,WHITE,ziyadnz/hourly-ipv4,ziyadnz|hourly,2026-08-17T18:48:05Z,2026-08-17T18:48:05Z,
103.181.26.66,ipv4,malicious-ip,medium,WHITE,ziyadnz/hourly-ipv4,ziyadnz|hourly,2026-08-17T18:48:05Z,2026-08-17T18:48:05Z,
103.182.10.58,ipv4,malicious-ip,medium,WHITE,ziyadnz/hourly-ipv4,ziyadnz|hourly,2026-08-17T18:48:05Z,2026-08-17T18:48:05Z,
103.182.140.56,ipv4,malicious-ip,medium,WHITE,ziyadnz/hourly-ipv4,ziyadnz|hourly,2026-08-17T18:48:05Z,2026-08-17T18:48:05Z,
103.182.170.66,ipv4,malicious-ip,medium,WHITE,ziyadnz/hourly-ipv4,ziyadnz|hourly,2026-08-17T18:48:05Z,2026-08-17T18:48:05Z,
103.182.189.190,ipv4,malicious-ip,medium,WHITE,ziyadnz/hourly-ipv4,ziyadnz|hourly,2026-08-17T18:48:05Z,2026-08-17T18:48:05Z,
103.182.189.90,ipv4,malicious-ip,medium,WHITE,ziyadnz/hourly-ipv4,ziyadnz|hourly,2026-08-17T18:48:05Z,2026-08-17T18:48:05Z,
103.182.192.194,ipv4,malicious-ip,medium,WHITE,ziyadnz/hourly-ipv4,ziyadnz|hourly,2026-08-17T18:48:05Z,2026-08-17T18:48:05Z,
103.182.192.6,ipv4,malicious-ip,medium,WHITE,ziyadnz/hourly-ipv4,ziyadnz|hourly,2026-08-17T18:48:05Z,2026-08-17T18:48:05Z,
103.182.200.10,ipv4,malicious-ip,medium,WHITE,ziyadnz/hourly-ipv4,ziyadnz|hourly,2026-08-17T18:48:05Z,2026-08-17T18:48:05Z,
103.182.200.6,ipv4,malicious-ip,medium,WHITE,ziyadnz/hourly-ipv4,ziyadnz|hourly,2026-08-17T18:48:05Z,2026-08-17T18:48:05Z,
103.182.229.242,ipv4,malicious-ip,medium,WHITE,ziyadnz/hourly-ipv4,ziyadnz|hourly,2026-08-17T18:48:05Z,2026-08-17T18:48:05Z,
103.182.234.231,ipv4,malicious-ip,medium,WHITE,ziyadnz/hourly-ipv4,ziyadnz|hourly,2026-08-17T18:48:05Z,2026-08-17T18:48:05Z,
103.182.235.156,ipv4,malicious-ip,medium,WHITE,ziyadnz/hourly-ipv4,ziyadnz|hourly,2026-08-17T18:48:05Z,2026-08-17T18:48:05Z,
103.182.236.26,ipv4,malicious-ip,medium,WHITE,ziyadnz/hourly-ipv4,ziyadnz|hourly,2026-08-17T18:48:05Z,2026-08-17T18:48:05Z,
103.182.46.205,ipv4,malicious-ip,medium,WHITE,ziyadnz/hourly-ipv4,ziyadnz|hourly,2026-08-17T18:48:05Z,2026-08-17T18:48:05Z,
103.182.59.78,ipv4,malicious-ip,medium,WHITE,ziyadnz/hourly-ipv4,ziyadnz|hourly,2026-08-17T18:48:05Z,2026-08-17T18:48:05Z,
103.182.79.149,ipv4,malicious-ip,medium,WHITE,ziyadnz/hourly-ipv4,ziyadnz|hourly,2026-08-17T18:48:05Z,2026-08-17T18:48:05Z,
103.183.138.152,ipv4,malicious-ip,medium,WHITE,ziyadnz/hourly-ipv4,ziyadnz|hourly,2026-08-17T18:48:05Z,2026-08-17T18:48:05Z,
103.183.16.76,ipv4,malicious-ip,medium,WHITE,ziyadnz/hourly-ipv4,ziyadnz|hourly,2026-08-17T18:48:05Z,2026-08-17T18:48:05Z,
103.183.16.79,ipv4,malicious-ip,medium,WHITE,ziyadnz/hourly-ipv4,ziyadnz|hourly,2026-08-17T18:48:05Z,2026-08-17T18:48:05Z,
103.183.240.10,ipv4,malicious-ip,medium,WHITE,ziyadnz/hourly-ipv4,ziyadnz|hourly,2026-08-17T18:48:05Z,2026-08-17T18:48:05Z,
103.183.240.82,ipv4,malicious-ip,medium,WHITE,ziyadnz/hourly-ipv4,ziyadnz|hourly,2026-08-17T18:48:05Z,2026-08-17T18:48:05Z,
103.183.34.85,ipv4,malicious-ip,medium,WHITE,ziyadnz/hourly-ipv4,ziyadnz|hourly,2026-08-17T18:48:05Z,2026-08-17T18:48:05Z,
103.183.70.219,ipv4,malicious-ip,medium,WHITE,ziyadnz/hourly-ipv4,ziyadnz|hourly,2026-08-17T18:48:05Z,2026-08-17T18:48:05Z,
103.183.74.187,ipv4,malicious-ip,medium,WHITE,ziyadnz/hourly-ipv4,ziyadnz|hourly,2026-08-17T18:48:05Z,2026-08-17T18:48:05Z,
103.183.74.214,ipv4,malicious-ip,medium,WHITE,ziyadnz/hourly-ipv4,ziyadnz|hourly,2026-08-17T18:48:05Z,2026-08-17T18:48:05Z,
103.183.82.125,ipv4,malicious-ip,medium,WHITE,ziyadnz/hourly-ipv4,ziyadnz|hourly,2026-08-17T18:48:05Z,2026-08-17T18:48:05Z,
103.184.123.22,ipv4,malicious-ip,medium,WHITE,ziyadnz/hourly-ipv4,ziyadnz|hourly,2026-08-17T18:48:05Z,2026-08-17T18:48:05Z,
103.184.56.222,ipv4,malicious-ip,medium,WHITE,ziyadnz/hourly-ipv4,ziyadnz|hourly,2026-08-17T18:48:05Z,2026-08-17T18:48:05Z,
103.184.56.67,ipv4,malicious-ip,medium,WHITE,ziyadnz/hourly-ipv4,ziyadnz|hourly,2026-08-17T18:48:05Z,2026-08-17T18:48:05Z,
103.184.87.88,ipv4,malicious-ip,medium,WHITE,ziyadnz/hourly-ipv4,ziyadnz|hourly,2026-08-17T18:48:05Z,2026-08-17T18:48:05Z,
103.184.95.162,ipv4,malicious-ip,medium,WHITE,ziyadnz/hourly-ipv4,ziyadnz|hourly,2026-08-17T18:48:05Z,2026-08-17T18:48:05Z,
103.185.110.10,ipv4,malicious-ip,medium,WHITE,ziyadnz/hourly-ipv4,ziyadnz|hourly,2026-08-17T18:48:05Z,2026-08-17T18:48:05Z,
103.185.110.11,ipv4,malicious-ip,medium,WHITE,ziyadnz/hourly-ipv4,ziyadnz|hourly,2026-08-17T18:48:05Z,2026-08-17T18:48:05Z,
103.185.110.8,ipv4,malicious-ip,medium,WHITE,ziyadnz/hourly-ipv4,ziyadnz|hourly,2026-08-17T18:48:05Z,2026-08-17T18:48:05Z,
103.185.110.9,ipv4,malicious-ip,medium,WHITE,ziyadnz/hourly-ipv4,ziyadnz|hourly,2026-08-17T18:48:05Z,2026-08-17T18:48:05Z,
103.185.161.155,ipv4,malicious-ip,medium,WHITE,ziyadnz/hourly-ipv4,ziyadnz|hourly,2026-08-17T18:48:05Z,2026-08-17T18:48:05Z,
103.185.212.237,ipv4,malicious-ip,medium,WHITE,ziyadnz/hourly-ipv4,ziyadnz|hourly,2026-08-17T18:48:05Z,2026-08-17T18:48:05Z,
103.185.242.157,ipv4,malicious-ip,medium,WHITE,ziyadnz/hourly-ipv4,ziyadnz|hourly,2026-08-17T18:48:05Z,2026-08-17T18:48:05Z,
103.185.242.66,ipv4,malicious-ip,medium,WHITE,ziyadnz/hourly-ipv4,ziyadnz|hourly,2026-08-17T18:48:05Z,2026-08-17T18:48:05Z,
103.185.52.113,ipv4,malicious-ip,medium,WHITE,ziyadnz/hourly-ipv4,ziyadnz|hourly,2026-08-17T18:48:05Z,2026-08-17T18:48:05Z,
103.186.1.141,ipv4,malicious-ip,medium,WHITE,ziyadnz/hourly-ipv4,ziyadnz|hourly,2026-08-17T18:48:05Z,2026-08-17T18:48:05Z,
103.186.1.59,ipv4,malicious-ip,medium,WHITE,ziyadnz/hourly-ipv4,ziyadnz|hourly,2026-08-17T18:48:05Z,2026-08-17T18:48:05Z,
103.186.101.237,ipv4,malicious-ip,medium,WHITE,ziyadnz/hourly-ipv4,ziyadnz|hourly,2026-08-17T18:48:05Z,2026-08-17T18:48:05Z,
103.186.11.70,ipv4,malicious-ip,medium,WHITE,ziyadnz/hourly-ipv4,ziyadnz|hourly,2026-08-17T18:48:05Z,2026-08-17T18:48:05Z,
103.186.117.215,ipv4,malicious-ip,medium,WHITE,ziyadnz/hourly-ipv4,ziyadnz|hourly,2026-08-17T18:48:05Z,2026-08-17T18:48:05Z,
103.186.122.34,ipv4,malicious-ip,medium,WHITE,ziyadnz/hourly-ipv4,ziyadnz|hourly,2026-08-17T18:48:05Z,2026-08-17T18:48:05Z,
103.186.122.59,ipv4,malicious-ip,medium,WHITE,ziyadnz/hourly-ipv4,ziyadnz|hourly,2026-08-17T18:48:05Z,2026-08-17T18:48:05Z,
103.186.122.73,ipv4,malicious-ip,medium,WHITE,ziyadnz/hourly-ipv4,ziyadnz|hourly,2026-08-17T18:48:05Z,2026-08-17T18:48:05Z,
103.186.132.188,ipv4,malicious-ip,medium,WHITE,ziyadnz/hourly-ipv4,ziyadnz|hourly,2026-08-17T18:48:05Z,2026-08-17T18:48:05Z,
103.186.139.149,ipv4,malicious-ip,medium,WHITE,ziyadnz/hourly-ipv4,ziyadnz|hourly,2026-08-17T18:48:05Z,2026-08-17T18:48:05Z,
103.186.23.184,ipv4,malicious-ip,medium,WHITE,ziyadnz/hourly-ipv4,ziyadnz|hourly,2026-08-17T18:48:05Z,2026-08-17T18:48:05Z,
103.186.247.135,ipv4,malicious-ip,medium,WHITE,ziyadnz/hourly-ipv4,ziyadnz|hourly,2026-08-17T18:48:05Z,2026-08-17T18:48:05Z,
103.186.30.186,ipv4,malicious-ip,medium,WHITE,ziyadnz/hourly-ipv4,ziyadnz|hourly,2026-08-17T18:48:05Z,2026-08-17T18:48:05Z,
103.186.31.247,ipv4,malicious-ip,medium,WHITE,ziyadnz/hourly-ipv4,ziyadnz|hourly,2026-08-17T18:48:05Z,2026-08-17T18:48:05Z,
103.186.35.30,ipv4,malicious-ip,medium,WHITE,ziyadnz/hourly-ipv4,ziyadnz|hourly,2026-08-17T18:48:05Z,2026-08-17T18:48:05Z,
103.186.49.225,ipv4,malicious-ip,medium,WHITE,ziyadnz/hourly-ipv4,ziyadnz|hourly,2026-08-17T18:48:05Z,2026-08-17T18:48:05Z,
103.186.52.164,ipv4,malicious-ip,medium,WHITE,ziyadnz/hourly-ipv4,ziyadnz|hourly,2026-08-17T18:48:05Z,2026-08-17T18:48:05Z,
103.186.52.166,ipv4,malicious-ip,medium,WHITE,ziyadnz/hourly-ipv4,ziyadnz|hourly,2026-08-17T18:48:05Z,2026-08-17T18:48:05Z,
103.186.52.193,ipv4,malicious-ip,medium,WHITE,ziyadnz/hourly-ipv4,ziyadnz|hourly,2026-08-17T18:48:05Z,2026-08-17T18:48:05Z,
103.186.52.195,ipv4,malicious-ip,medium,WHITE,ziyadnz/hourly-ipv4,ziyadnz|hourly,2026-08-17T18:48:05Z,2026-08-17T18:48:05Z,
103.186.52.198,ipv4,malicious-ip,medium,WHITE,ziyadnz/hourly-ipv4,ziyadnz|hourly,2026-08-17T18:48:05Z,2026-08-17T18:48:05Z,
103.186.65.80,ipv4,malicious-ip,medium,WHITE,ziyadnz/hourly-ipv4,ziyadnz|hourly,2026-08-17T18:48:05Z,2026-08-17T18:48:05Z,
103.186.69.236,ipv4,malicious-ip,medium,WHITE,ziyadnz/hourly-ipv4,ziyadnz|hourly,2026-08-17T18:48:05Z,2026-08-17T18:48:05Z,
103.186.76.122,ipv4,malicious-ip,medium,WHITE,ziyadnz/hourly-ipv4,ziyadnz|hourly,2026-08-17T18:48:05Z,2026-08-17T18:48:05Z,
103.186.77.0,ipv4,malicious-ip,medium,WHITE,ziyadnz/hourly-ipv4,ziyadnz|hourly,2026-08-17T18:48:05Z,2026-08-17T18:48:05Z,
103.186.77.64,ipv4,malicious-ip,medium,WHITE,ziyadnz/hourly-ipv4,ziyadnz|hourly,2026-08-17T18:48:05Z,2026-08-17T18:48:05Z,
103.186.77.66,ipv4,malicious-ip,medium,WHITE,ziyadnz/hourly-ipv4,ziyadnz|hourly,2026-08-17T18:48:05Z,2026-08-17T18:48:05Z,
103.186.77.67,ipv4,malicious-ip,medium,WHITE,ziyadnz/hourly-ipv4,ziyadnz|hourly,2026-08-17T18:48:05Z,2026-08-17T18:48:05Z,
103.186.77.68,ipv4,malicious-ip,medium,WHITE,ziyadnz/hourly-ipv4,ziyadnz|hourly,2026-08-17T18:48:05Z,2026-08-17T18:48:05Z,
103.186.77.70,ipv4,malicious-ip,medium,WHITE,ziyadnz/hourly-ipv4,ziyadnz|hourly,2026-08-17T18:48:05Z,2026-08-17T18:48:05Z,
103.186.77.73,ipv4,malicious-ip,medium,WHITE,ziyadnz/hourly-ipv4,ziyadnz|hourly,2026-08-17T18:48:05Z,2026-08-17T18:48:05Z,
103.186.77.75,ipv4,malicious-ip,medium,WHITE,ziyadnz/hourly-ipv4,ziyadnz|hourly,2026-08-17T18:48:05Z,2026-08-17T18:48:05Z,
103.186.77.77,ipv4,malicious-ip,medium,WHITE,ziyadnz/hourly-ipv4,ziyadnz|hourly,2026-08-17T18:48:05Z,2026-08-17T18:48:05Z,
103.186.77.78,ipv4,malicious-ip,medium,WHITE,ziyadnz/hourly-ipv4,ziyadnz|hourly,2026-08-17T18:48:05Z,2026-08-17T18:48:05Z,
103.186.77.79,ipv4,malicious-ip,medium,WHITE,ziyadnz/hourly-ipv4,ziyadnz|hourly,2026-08-17T18:48:05Z,2026-08-17T18:48:05Z,
103.186.77.80,ipv4,malicious-ip,medium,WHITE,ziyadnz/hourly-ipv4,ziyadnz|hourly,2026-08-17T18:48:05Z,2026-08-17T18:48:05Z,
103.186.77.81,ipv4,malicious-ip,medium,WHITE,ziyadnz/hourly-ipv4,ziyadnz|hourly,2026-08-17T18:48:05Z,2026-08-17T18:48:05Z,
103.186.77.82,ipv4,malicious-ip,medium,WHITE,ziyadnz/hourly-ipv4,ziyadnz|hourly,2026-08-17T18:48:05Z,2026-08-17T18:48:05Z,
103.186.77.85,ipv4,malicious-ip,medium,WHITE,ziyadnz/hourly-ipv4,ziyadnz|hourly,2026-08-17T18:48:05Z,2026-08-17T18:48:05Z,
103.186.77.86,ipv4,malicious-ip,medium,WHITE,ziyadnz/hourly-ipv4,ziyadnz|hourly,2026-08-17T18:48:05Z,2026-08-17T18:48:05Z,
103.186.77.88,ipv4,malicious-ip,medium,WHITE,ziyadnz/hourly-ipv4,ziyadnz|hourly,2026-08-17T18:48:05Z,2026-08-17T18:48:05Z,
103.186.77.90,ipv4,malicious-ip,medium,WHITE,ziyadnz/hourly-ipv4,ziyadnz|hourly,2026-08-17T18:48:05Z,2026-08-17T18:48:05Z,
103.186.77.91,ipv4,malicious-ip,medium,WHITE,ziyadnz/hourly-ipv4,ziyadnz|hourly,2026-08-17T18:48:05Z,2026-08-17T18:48:05Z,
103.186.77.92,ipv4,malicious-ip,medium,WHITE,ziyadnz/hourly-ipv4,ziyadnz|hourly,2026-08-17T18:48:05Z,2026-08-17T18:48:05Z,
103.186.77.94,ipv4,malicious-ip,medium,WHITE,ziyadnz/hourly-ipv4,ziyadnz|hourly,2026-08-17T18:48:05Z,2026-08-17T18:48:05Z,
103.187.110.131,ipv4,malicious-ip,medium,WHITE,ziyadnz/hourly-ipv4,ziyadnz|hourly,2026-08-17T18:48:05Z,2026-08-17T18:48:05Z,
103.187.146.0,ipv4,malicious-ip,medium,WHITE,ziyadnz/hourly-ipv4,ziyadnz|hourly,2026-08-17T18:48:05Z,2026-08-17T18:48:05Z,
103.187.146.131,ipv4,malicious-ip,medium,WHITE,ziyadnz/hourly-ipv4,ziyadnz|hourly,2026-08-17T18:48:05Z,2026-08-17T18:48:05Z,
103.187.146.196,ipv4,malicious-ip,medium,WHITE,ziyadnz/hourly-ipv4,ziyadnz|hourly,2026-08-17T18:48:05Z,2026-08-17T18:48:05Z,
103.187.146.33,ipv4,malicious-ip,medium,WHITE,ziyadnz/hourly-ipv4,ziyadnz|hourly,2026-08-17T18:48:05Z,2026-08-17T18:48:05Z,
103.187.146.72,ipv4,malicious-ip,medium,WHITE,ziyadnz/hourly-ipv4,ziyadnz|hourly,2026-08-17T18:48:05Z,2026-08-17T18:48:05Z,
103.187.146.90,ipv4,malicious-ip,medium,WHITE,ziyadnz/hourly-ipv4,ziyadnz|hourly,2026-08-17T18:48:05Z,2026-08-17T18:48:05Z,
103.187.147.165,ipv4,malicious-ip,medium,WHITE,ziyadnz/hourly-ipv4,ziyadnz|hourly,2026-08-17T18:48:05Z,2026-08-17T18:48:05Z,
103.187.178.217,ipv4,malicious-ip,medium,WHITE,ziyadnz/hourly-ipv4,ziyadnz|hourly,2026-08-17T18:48:05Z,2026-08-17T18:48:05Z,
103.187.178.26,ipv4,malicious-ip,medium,WHITE,ziyadnz/hourly-ipv4,ziyadnz|hourly,2026-08-17T18:48:05Z,2026-08-17T18:48:05Z,
103.187.211.179,ipv4,malicious-ip,medium,WHITE,ziyadnz/hourly-ipv4,ziyadnz|hourly,2026-08-17T18:48:05Z,2026-08-17T18:48:05Z,
103.187.26.126,ipv4,malicious-ip,medium,WHITE,ziyadnz/hourly-ipv4,ziyadnz|hourly,2026-08-17T18:48:05Z,2026-08-17T18:48:05Z,
103.187.5.128,ipv4,malicious-ip,medium,WHITE,ziyadnz/hourly-ipv4,ziyadnz|hourly,2026-08-17T18:48:05Z,2026-08-17T18:48:05Z,
103.187.78.219,ipv4,malicious-ip,medium,WHITE,ziyadnz/hourly-ipv4,ziyadnz|hourly,2026-08-17T18:48:05Z,2026-08-17T18:48:05Z,
103.187.81.97,ipv4,malicious-ip,medium,WHITE,ziyadnz/hourly-ipv4,ziyadnz|hourly,2026-08-17T18:48:05Z,2026-08-17T18:48:05Z,
103.187.82.28,ipv4,malicious-ip,medium,WHITE,ziyadnz/hourly-ipv4,ziyadnz|hourly,2026-08-17T18:48:05Z,2026-08-17T18:48:05Z,
103.188.168.65,ipv4,malicious-ip,medium,WHITE,ziyadnz/hourly-ipv4,ziyadnz|hourly,2026-08-17T18:48:05Z,2026-08-17T18:48:05Z,
103.188.173.25,ipv4,malicious-ip,medium,WHITE,ziyadnz/hourly-ipv4,ziyadnz|hourly,2026-08-17T18:48:05Z,2026-08-17T18:48:05Z,
103.188.173.69,ipv4,malicious-ip,medium,WHITE,ziyadnz/hourly-ipv4,ziyadnz|hourly,2026-08-17T18:48:05Z,2026-08-17T18:48:05Z,
103.188.18.17,ipv4,malicious-ip,medium,WHITE,ziyadnz/hourly-ipv4,ziyadnz|hourly,2026-08-17T18:48:05Z,2026-08-17T18:48:05Z,
103.188.18.22,ipv4,malicious-ip,medium,WHITE,ziyadnz/hourly-ipv4,ziyadnz|hourly,2026-08-17T18:48:05Z,2026-08-17T18:48:05Z,
103.188.18.23,ipv4,malicious-ip,medium,WHITE,ziyadnz/hourly-ipv4,ziyadnz|hourly,2026-08-17T18:48:05Z,2026-08-17T18:48:05Z,
103.188.219.171,ipv4,malicious-ip,medium,WHITE,ziyadnz/hourly-ipv4,ziyadnz|hourly,2026-08-17T18:48:05Z,2026-08-17T18:48:05Z,
103.188.219.172,ipv4,malicious-ip,medium,WHITE,ziyadnz/hourly-ipv4,ziyadnz|hourly,2026-08-17T18:48:05Z,2026-08-17T18:48:05Z,
103.188.82.240,ipv4,malicious-ip,medium,WHITE,ziyadnz/hourly-ipv4,ziyadnz|hourly,2026-08-17T18:48:05Z,2026-08-17T18:48:05Z,
103.189.119.82,ipv4,malicious-ip,medium,WHITE,ziyadnz/hourly-ipv4,ziyadnz|hourly,2026-08-17T18:48:05Z,2026-08-17T18:48:05Z,
103.189.130.162,ipv4,malicious-ip,medium,WHITE,ziyadnz/hourly-ipv4,ziyadnz|hourly,2026-08-17T18:48:05Z,2026-08-17T18:48:05Z,
103.189.134.215,ipv4,malicious-ip,medium,WHITE,ziyadnz/hourly-ipv4,ziyadnz|hourly,2026-08-17T18:48:05Z,2026-08-17T18:48:05Z,
103.189.169.122,ipv4,malicious-ip,medium,WHITE,ziyadnz/hourly-ipv4,ziyadnz|hourly,2026-08-17T18:48:05Z,2026-08-17T18:48:05Z,
103.189.201.177,ipv4,malicious-ip,medium,WHITE,ziyadnz/hourly-ipv4,ziyadnz|hourly,2026-08-17T18:48:05Z,2026-08-17T18:48:05Z,
103.189.214.252,ipv4,malicious-ip,medium,WHITE,ziyadnz/hourly-ipv4,ziyadnz|hourly,2026-08-17T18:48:05Z,2026-08-17T18:48:05Z,
103.189.215.185,ipv4,malicious-ip,medium,WHITE,ziyadnz/hourly-ipv4,ziyadnz|hourly,2026-08-17T18:48:05Z,2026-08-17T18:48:05Z,
103.189.234.0,ipv4,malicious-ip,medium,WHITE,ziyadnz/hourly-ipv4,ziyadnz|hourly,2026-08-17T18:48:05Z,2026-08-17T18:48:05Z,
103.189.234.244,ipv4,malicious-ip,medium,WHITE,ziyadnz/hourly-ipv4,ziyadnz|hourly,2026-08-17T18:48:05Z,2026-08-17T18:48:05Z,
103.189.234.57,ipv4,malicious-ip,medium,WHITE,ziyadnz/hourly-ipv4,ziyadnz|hourly,2026-08-17T18:48:05Z,2026-08-17T18:48:05Z,
103.189.234.73,ipv4,malicious-ip,medium,WHITE,ziyadnz/hourly-ipv4,ziyadnz|hourly,2026-08-17T18:48:05Z,2026-08-17T18:48:05Z,
103.189.234.9,ipv4,malicious-ip,medium,WHITE,ziyadnz/hourly-ipv4,ziyadnz|hourly,2026-08-17T18:48:05Z,2026-08-17T18:48:05Z,
103.189.235.0,ipv4,malicious-ip,medium,WHITE,ziyadnz/hourly-ipv4,ziyadnz|hourly,2026-08-17T18:48:05Z,2026-08-17T18:48:05Z,
103.189.235.114,ipv4,malicious-ip,medium,WHITE,ziyadnz/hourly-ipv4,ziyadnz|hourly,2026-08-17T18:48:05Z,2026-08-17T18:48:05Z,
103.189.235.130,ipv4,malicious-ip,medium,WHITE,ziyadnz/hourly-ipv4,ziyadnz|hourly,2026-08-17T18:48:05Z,2026-08-17T18:48:05Z,
103.189.235.159,ipv4,malicious-ip,medium,WHITE,ziyadnz/hourly-ipv4,ziyadnz|hourly,2026-08-17T18:48:05Z,2026-08-17T18:48:05Z,
103.189.235.182,ipv4,malicious-ip,medium,WHITE,ziyadnz/hourly-ipv4,ziyadnz|hourly,2026-08-17T18:48:05Z,2026-08-17T18:48:05Z,
103.189.235.253,ipv4,malicious-ip,medium,WHITE,ziyadnz/hourly-ipv4,ziyadnz|hourly,2026-08-17T18:48:05Z,2026-08-17T18:48:05Z,
103.189.235.30,ipv4,malicious-ip,medium,WHITE,ziyadnz/hourly-ipv4,ziyadnz|hourly,2026-08-17T18:48:05Z,2026-08-17T18:48:05Z,
103.189.235.93,ipv4,malicious-ip,medium,WHITE,ziyadnz/hourly-ipv4,ziyadnz|hourly,2026-08-17T18:48:05Z,2026-08-17T18:48:05Z,
103.189.48.29,ipv4,malicious-ip,medium,WHITE,ziyadnz/hourly-ipv4,ziyadnz|hourly,2026-08-17T18:48:05Z,2026-08-17T18:48:05Z,
103.189.97.142,ipv4,malicious-ip,medium,WHITE,ziyadnz/hourly-ipv4,ziyadnz|hourly,2026-08-17T18:48:05Z,2026-08-17T18:48:05Z,
103.19.134.115,ipv4,malicious-ip,medium,WHITE,ziyadnz/hourly-ipv4,ziyadnz|hourly,2026-08-17T18:48:05Z,2026-08-17T18:48:05Z,
103.19.197.26,ipv4,malicious-ip,medium,WHITE,ziyadnz/hourly-ipv4,ziyadnz|hourly,2026-08-17T18:48:05Z,2026-08-17T18:48:05Z,
103.19.252.30,ipv4,malicious-ip,medium,WHITE,ziyadnz/hourly-ipv4,ziyadnz|hourly,2026-08-17T18:48:05Z,2026-08-17T18:48:05Z,
103.19.48.148,ipv4,malicious-ip,medium,WHITE,ziyadnz/hourly-ipv4,ziyadnz|hourly,2026-08-17T18:48:05Z,2026-08-17T18:48:05Z,
103.190.133.117,ipv4,malicious-ip,medium,WHITE,ziyadnz/hourly-ipv4,ziyadnz|hourly,2026-08-17T18:48:05Z,2026-08-17T18:48:05Z,
103.190.133.68,ipv4,malicious-ip,medium,WHITE,ziyadnz/hourly-ipv4,ziyadnz|hourly,2026-08-17T18:48:05Z,2026-08-17T18:48:05Z,
103.190.200.2,ipv4,malicious-ip,medium,WHITE,ziyadnz/hourly-ipv4,ziyadnz|hourly,2026-08-17T18:48:05Z,2026-08-17T18:48:05Z,
103.190.205.212,ipv4,malicious-ip,medium,WHITE,ziyadnz/hourly-ipv4,ziyadnz|hourly,2026-08-17T18:48:05Z,2026-08-17T18:48:05Z,
103.190.205.215,ipv4,malicious-ip,medium,WHITE,ziyadnz/hourly-ipv4,ziyadnz|hourly,2026-08-17T18:48:05Z,2026-08-17T18:48:05Z,
103.190.214.241,ipv4,malicious-ip,medium,WHITE,ziyadnz/hourly-ipv4,ziyadnz|hourly,2026-08-17T18:48:05Z,2026-08-17T18:48:05Z,
103.190.215.121,ipv4,malicious-ip,medium,WHITE,ziyadnz/hourly-ipv4,ziyadnz|hourly,2026-08-17T18:48:05Z,2026-08-17T18:48:05Z,
103.190.23.91,ipv4,malicious-ip,medium,WHITE,ziyadnz/hourly-ipv4,ziyadnz|hourly,2026-08-17T18:48:05Z,2026-08-17T18:48:05Z,
103.190.239.153,ipv4,malicious-ip,medium,WHITE,ziyadnz/hourly-ipv4,ziyadnz|hourly,2026-08-17T18:48:05Z,2026-08-17T18:48:05Z,
103.190.253.125,ipv4,malicious-ip,medium,WHITE,ziyadnz/hourly-ipv4,ziyadnz|hourly,2026-08-17T18:48:05Z,2026-08-17T18:48:05Z,
103.190.253.177,ipv4,malicious-ip,medium,WHITE,ziyadnz/hourly-ipv4,ziyadnz|hourly,2026-08-17T18:48:05Z,2026-08-17T18:48:05Z,
103.190.253.178,ipv4,malicious-ip,medium,WHITE,ziyadnz/hourly-ipv4,ziyadnz|hourly,2026-08-17T18:48:05Z,2026-08-17T18:48:05Z,
103.190.253.180,ipv4,malicious-ip,medium,WHITE,ziyadnz/hourly-ipv4,ziyadnz|hourly,2026-08-17T18:48:05Z,2026-08-17T18:48:05Z,
103.190.253.182,ipv4,malicious-ip,medium,WHITE,ziyadnz/hourly-ipv4,ziyadnz|hourly,2026-08-17T18:48:05Z,2026-08-17T18:48:05Z,
103.190.253.183,ipv4,malicious-ip,medium,WHITE,ziyadnz/hourly-ipv4,ziyadnz|hourly,2026-08-17T18:48:05Z,2026-08-17T18:48:05Z,
103.190.41.239,ipv4,malicious-ip,medium,WHITE,ziyadnz/hourly-ipv4,ziyadnz|hourly,2026-08-17T18:48:05Z,2026-08-17T18:48:05Z,
103.190.47.92,ipv4,malicious-ip,medium,WHITE,ziyadnz/hourly-ipv4,ziyadnz|hourly,2026-08-17T18:48:05Z,2026-08-17T18:48:05Z,
103.190.7.156,ipv4,malicious-ip,medium,WHITE,ziyadnz/hourly-ipv4,ziyadnz|hourly,2026-08-17T18:48:05Z,2026-08-17T18:48:05Z,
103.190.7.203,ipv4,malicious-ip,medium,WHITE,ziyadnz/hourly-ipv4,ziyadnz|hourly,2026-08-17T18:48:05Z,2026-08-17T18:48:05Z,
103.190.7.38,ipv4,malicious-ip,medium,WHITE,ziyadnz/hourly-ipv4,ziyadnz|hourly,2026-08-17T18:48:05Z,2026-08-17T18:48:05Z,
103.190.77.218,ipv4,malicious-ip,medium,WHITE,ziyadnz/hourly-ipv4,ziyadnz|hourly,2026-08-17T18:48:05Z,2026-08-17T18:48:05Z,
103.191.119.77,ipv4,malicious-ip,medium,WHITE,ziyadnz/hourly-ipv4,ziyadnz|hourly,2026-08-17T18:48:05Z,2026-08-17T18:48:05Z,
103.191.122.25,ipv4,malicious-ip,medium,WHITE,ziyadnz/hourly-ipv4,ziyadnz|hourly,2026-08-17T18:48:05Z,2026-08-17T18:48:05Z,
103.191.122.33,ipv4,malicious-ip,medium,WHITE,ziyadnz/hourly-ipv4,ziyadnz|hourly,2026-08-17T18:48:05Z,2026-08-17T18:48:05Z,
103.191.123.170,ipv4,malicious-ip,medium,WHITE,ziyadnz/hourly-ipv4,ziyadnz|hourly,2026-08-17T18:48:05Z,2026-08-17T18:48:05Z,
103.191.123.64,ipv4,malicious-ip,medium,WHITE,ziyadnz/hourly-ipv4,ziyadnz|hourly,2026-08-17T18:48:05Z,2026-08-17T18:48:05Z,
103.191.14.243,ipv4,malicious-ip,medium,WHITE,ziyadnz/hourly-ipv4,ziyadnz|hourly,2026-08-17T18:48:05Z,2026-08-17T18:48:05Z,
103.191.162.203,ipv4,malicious-ip,medium,WHITE,ziyadnz/hourly-ipv4,ziyadnz|hourly,2026-08-17T18:48:05Z,2026-08-17T18:48:05Z,
103.191.175.253,ipv4,malicious-ip,medium,WHITE,ziyadnz/hourly-ipv4,ziyadnz|hourly,2026-08-17T18:48:05Z,2026-08-17T18:48:05Z,
103.191.203.116,ipv4,malicious-ip,medium,WHITE,ziyadnz/hourly-ipv4,ziyadnz|hourly,2026-08-17T18:48:05Z,2026-08-17T18:48:05Z,
103.191.203.121,ipv4,malicious-ip,medium,WHITE,ziyadnz/hourly-ipv4,ziyadnz|hourly,2026-08-17T18:48:05Z,2026-08-17T18:48:05Z,
103.191.208.203,ipv4,malicious-ip,medium,WHITE,ziyadnz/hourly-ipv4,ziyadnz|hourly,2026-08-17T18:48:05Z,2026-08-17T18:48:05Z,
103.191.209.159,ipv4,malicious-ip,medium,WHITE,ziyadnz/hourly-ipv4,ziyadnz|hourly,2026-08-17T18:48:05Z,2026-08-17T18:48:05Z,
103.191.209.34,ipv4,malicious-ip,medium,WHITE,ziyadnz/hourly-ipv4,ziyadnz|hourly,2026-08-17T18:48:05Z,2026-08-17T18:48:05Z,
103.191.50.20,ipv4,malicious-ip,medium,WHITE,ziyadnz/hourly-ipv4,ziyadnz|hourly,2026-08-17T18:48:05Z,2026-08-17T18:48:05Z,
103.191.76.170,ipv4,malicious-ip,medium,WHITE,ziyadnz/hourly-ipv4,ziyadnz|hourly,2026-08-17T18:48:05Z,2026-08-17T18:48:05Z,
103.191.89.250,ipv4,malicious-ip,medium,WHITE,ziyadnz/hourly-ipv4,ziyadnz|hourly,2026-08-17T18:48:05Z,2026-08-17T18:48:05Z,
103.191.89.251,ipv4,malicious-ip,medium,WHITE,ziyadnz/hourly-ipv4,ziyadnz|hourly,2026-08-17T18:48:05Z,2026-08-17T18:48:05Z,
103.191.92.236,ipv4,malicious-ip,medium,WHITE,ziyadnz/hourly-ipv4,ziyadnz|hourly,2026-08-17T18:48:05Z,2026-08-17T18:48:05Z,
103.191.92.65,ipv4,malicious-ip,medium,WHITE,ziyadnz/hourly-ipv4,ziyadnz|hourly,2026-08-17T18:48:05Z,2026-08-17T18:48:05Z,
103.192.157.50,ipv4,malicious-ip,medium,WHITE,ziyadnz/hourly-ipv4,ziyadnz|hourly,2026-08-17T18:48:05Z,2026-08-17T18:48:05Z,
103.192.209.136,ipv4,malicious-ip,medium,WHITE,ziyadnz/hourly-ipv4,ziyadnz|hourly,2026-08-17T18:48:05Z,2026-08-17T18:48:05Z,
103.192.226.46,ipv4,malicious-ip,medium,WHITE,ziyadnz/hourly-ipv4,ziyadnz|hourly,2026-08-17T18:48:05Z,2026-08-17T18:48:05Z,
103.192.226.87,ipv4,malicious-ip,medium,WHITE,ziyadnz/hourly-ipv4,ziyadnz|hourly,2026-08-17T18:48:05Z,2026-08-17T18:48:05Z,
103.192.80.142,ipv4,malicious-ip,medium,WHITE,ziyadnz/hourly-ipv4,ziyadnz|hourly,2026-08-17T18:48:05Z,2026-08-17T18:48:05Z,
103.192.80.222,ipv4,malicious-ip,medium,WHITE,ziyadnz/hourly-ipv4,ziyadnz|hourly,2026-08-17T18:48:05Z,2026-08-17T18:48:05Z,
103.193.176.131,ipv4,malicious-ip,medium,WHITE,ziyadnz/hourly-ipv4,ziyadnz|hourly,2026-08-17T18:48:05Z,2026-08-17T18:48:05Z,
103.193.177.152,ipv4,malicious-ip,medium,WHITE,ziyadnz/hourly-ipv4,ziyadnz|hourly,2026-08-17T18:48:05Z,2026-08-17T18:48:05Z,
103.193.179.213,ipv4,malicious-ip,medium,WHITE,ziyadnz/hourly-ipv4,ziyadnz|hourly,2026-08-17T18:48:05Z,2026-08-17T18:48:05Z,
103.193.179.22,ipv4,malicious-ip,medium,WHITE,ziyadnz/hourly-ipv4,ziyadnz|hourly,2026-08-17T18:48:05Z,2026-08-17T18:48:05Z,
103.193.18.18,ipv4,malicious-ip,medium,WHITE,ziyadnz/hourly-ipv4,ziyadnz|hourly,2026-08-17T18:48:05Z,2026-08-17T18:48:05Z,
103.193.189.177,ipv4,malicious-ip,medium,WHITE,ziyadnz/hourly-ipv4,ziyadnz|hourly,2026-08-17T18:48:05Z,2026-08-17T18:48:05Z,
103.193.207.79,ipv4,malicious-ip,medium,WHITE,ziyadnz/hourly-ipv4,ziyadnz|hourly,2026-08-17T18:48:05Z,2026-08-17T18:48:05Z,
103.193.88.141,ipv4,malicious-ip,medium,WHITE,ziyadnz/hourly-ipv4,ziyadnz|hourly,2026-08-17T18:48:05Z,2026-08-17T18:48:05Z,
103.194.243.196,ipv4,malicious-ip,medium,WHITE,ziyadnz/hourly-ipv4,ziyadnz|hourly,2026-08-17T18:48:05Z,2026-08-17T18:48:05Z,
103.194.8.86,ipv4,malicious-ip,medium,WHITE,ziyadnz/hourly-ipv4,ziyadnz|hourly,2026-08-17T18:48:05Z,2026-08-17T18:48:05Z,
103.194.89.198,ipv4,malicious-ip,medium,WHITE,ziyadnz/hourly-ipv4,ziyadnz|hourly,2026-08-17T18:48:05Z,2026-08-17T18:48:05Z,
103.194.90.7,ipv4,malicious-ip,medium,WHITE,ziyadnz/hourly-ipv4,ziyadnz|hourly,2026-08-17T18:48:05Z,2026-08-17T18:48:05Z,
103.194.93.144,ipv4,malicious-ip,medium,WHITE,ziyadnz/hourly-ipv4,ziyadnz|hourly,2026-08-17T18:48:05Z,2026-08-17T18:48:05Z,
103.195.100.207,ipv4,malicious-ip,medium,WHITE,ziyadnz/hourly-ipv4,ziyadnz|hourly,2026-08-17T18:48:05Z,2026-08-17T18:48:05Z,
103.195.103.54,ipv4,malicious-ip,medium,WHITE,ziyadnz/hourly-ipv4,ziyadnz|hourly,2026-08-17T18:48:05Z,2026-08-17T18:48:05Z,
103.195.141.193,ipv4,malicious-ip,medium,WHITE,ziyadnz/hourly-ipv4,ziyadnz|hourly,2026-08-17T18:48:05Z,2026-08-17T18:48:05Z,
103.195.188.158,ipv4,malicious-ip,medium,WHITE,ziyadnz/hourly-ipv4,ziyadnz|hourly,2026-08-17T18:48:05Z,2026-08-17T18:48:05Z,
103.195.191.198,ipv4,malicious-ip,medium,WHITE,ziyadnz/hourly-ipv4,ziyadnz|hourly,2026-08-17T18:48:05Z,2026-08-17T18:48:05Z,
103.195.202.65,ipv4,malicious-ip,medium,WHITE,ziyadnz/hourly-ipv4,ziyadnz|hourly,2026-08-17T18:48:05Z,2026-08-17T18:48:05Z,
103.195.236.140,ipv4,malicious-ip,medium,WHITE,ziyadnz/hourly-ipv4,ziyadnz|hourly,2026-08-17T18:48:05Z,2026-08-17T18:48:05Z,
103.195.236.35,ipv4,malicious-ip,medium,WHITE,ziyadnz/hourly-ipv4,ziyadnz|hourly,2026-08-17T18:48:05Z,2026-08-17T18:48:05Z,
103.195.238.51,ipv4,malicious-ip,medium,WHITE,ziyadnz/hourly-ipv4,ziyadnz|hourly,2026-08-17T18:48:05Z,2026-08-17T18:48:05Z,
103.195.239.8,ipv4,malicious-ip,medium,WHITE,ziyadnz/hourly-ipv4,ziyadnz|hourly,2026-08-17T18:48:05Z,2026-08-17T18:48:05Z,
103.195.81.146,ipv4,malicious-ip,medium,WHITE,ziyadnz/hourly-ipv4,ziyadnz|hourly,2026-08-17T18:48:05Z,2026-08-17T18:48:05Z,
103.196.235.72,ipv4,malicious-ip,medium,WHITE,ziyadnz/hourly-ipv4,ziyadnz|hourly,2026-08-17T18:48:05Z,2026-08-17T18:48:05Z,
103.197.184.218,ipv4,malicious-ip,medium,WHITE,ziyadnz/hourly-ipv4,ziyadnz|hourly,2026-08-17T18:48:05Z,2026-08-17T18:48:05Z,
103.197.184.242,ipv4,malicious-ip,medium,WHITE,ziyadnz/hourly-ipv4,ziyadnz|hourly,2026-08-17T18:48:05Z,2026-08-17T18:48:05Z,
103.198.154.212,ipv4,malicious-ip,medium,WHITE,ziyadnz/hourly-ipv4,ziyadnz|hourly,2026-08-17T18:48:05Z,2026-08-17T18:48:05Z,
103.198.154.213,ipv4,malicious-ip,medium,WHITE,ziyadnz/hourly-ipv4,ziyadnz|hourly,2026-08-17T18:48:05Z,2026-08-17T18:48:05Z,
103.198.154.214,ipv4,malicious-ip,medium,WHITE,ziyadnz/hourly-ipv4,ziyadnz|hourly,2026-08-17T18:48:05Z,2026-08-17T18:48:05Z,
103.198.154.219,ipv4,malicious-ip,medium,WHITE,ziyadnz/hourly-ipv4,ziyadnz|hourly,2026-08-17T18:48:05Z,2026-08-17T18:48:05Z,
103.198.173.114,ipv4,malicious-ip,medium,WHITE,ziyadnz/hourly-ipv4,ziyadnz|hourly,2026-08-17T18:48:05Z,2026-08-17T18:48:05Z,
103.198.173.183,ipv4,malicious-ip,medium,WHITE,ziyadnz/hourly-ipv4,ziyadnz|hourly,2026-08-17T18:48:05Z,2026-08-17T18:48:05Z,
103.198.26.222,ipv4,malicious-ip,medium,WHITE,ziyadnz/hourly-ipv4,ziyadnz|hourly,2026-08-17T18:48:05Z,2026-08-17T18:48:05Z,
103.199.101.3,ipv4,malicious-ip,medium,WHITE,ziyadnz/hourly-ipv4,ziyadnz|hourly,2026-08-17T18:48:05Z,2026-08-17T18:48:05Z,
103.199.108.87,ipv4,malicious-ip,medium,WHITE,ziyadnz/hourly-ipv4,ziyadnz|hourly,2026-08-17T18:48:05Z,2026-08-17T18:48:05Z,
103.199.141.28,ipv4,malicious-ip,medium,WHITE,ziyadnz/hourly-ipv4,ziyadnz|hourly,2026-08-17T18:48:05Z,2026-08-17T18:48:05Z,
103.199.16.92,ipv4,malicious-ip,medium,WHITE,ziyadnz/hourly-ipv4,ziyadnz|hourly,2026-08-17T18:48:05Z,2026-08-17T18:48:05Z,
103.199.180.108,ipv4,malicious-ip,medium,WHITE,ziyadnz/hourly-ipv4,ziyadnz|hourly,2026-08-17T18:48:05Z,2026-08-17T18:48:05Z,
103.199.203.67,ipv4,malicious-ip,medium,WHITE,ziyadnz/hourly-ipv4,ziyadnz|hourly,2026-08-17T18:48:05Z,2026-08-17T18:48:05Z,
103.199.211.245,ipv4,malicious-ip,medium,WHITE,ziyadnz/hourly-ipv4,ziyadnz|hourly,2026-08-17T18:48:05Z,2026-08-17T18:48:05Z,
103.2.134.247,ipv4,malicious-ip,medium,WHITE,ziyadnz/hourly-ipv4,ziyadnz|hourly,2026-08-17T18:48:05Z,2026-08-17T18:48:05Z,
103.2.134.9,ipv4,malicious-ip,medium,WHITE,ziyadnz/hourly-ipv4,ziyadnz|hourly,2026-08-17T18:48:05Z,2026-08-17T18:48:05Z,
103.2.232.82,ipv4,malicious-ip,medium,WHITE,ziyadnz/hourly-ipv4,ziyadnz|hourly,2026-08-17T18:48:05Z,2026-08-17T18:48:05Z,
103.20.102.54,ipv4,malicious-ip,medium,WHITE,ziyadnz/hourly-ipv4,ziyadnz|hourly,2026-08-17T18:48:05Z,2026-08-17T18:48:05Z,
103.20.188.186,ipv4,malicious-ip,medium,WHITE,ziyadnz/hourly-ipv4,ziyadnz|hourly,2026-08-17T18:48:05Z,2026-08-17T18:48:05Z,
103.20.223.33,ipv4,malicious-ip,medium,WHITE,ziyadnz/hourly-ipv4,ziyadnz|hourly,2026-08-17T18:48:05Z,2026-08-17T18:48:05Z,
103.20.223.56,ipv4,malicious-ip,medium,WHITE,ziyadnz/hourly-ipv4,ziyadnz|hourly,2026-08-17T18:48:05Z,2026-08-17T18:48:05Z,
103.20.231.241,ipv4,malicious-ip,medium,WHITE,ziyadnz/hourly-ipv4,ziyadnz|hourly,2026-08-17T18:48:05Z,2026-08-17T18:48:05Z,
103.20.235.122,ipv4,malicious-ip,medium,WHITE,ziyadnz/hourly-ipv4,ziyadnz|hourly,2026-08-17T18:48:05Z,2026-08-17T18:48:05Z,
103.20.241.102,ipv4,malicious-ip,medium,WHITE,ziyadnz/hourly-ipv4,ziyadnz|hourly,2026-08-17T18:48:05Z,2026-08-17T18:48:05Z,
103.20.243.48,ipv4,malicious-ip,medium,WHITE,ziyadnz/hourly-ipv4,ziyadnz|hourly,2026-08-17T18:48:05Z,2026-08-17T18:48:05Z,
103.20.97.75,ipv4,malicious-ip,medium,WHITE,ziyadnz/hourly-ipv4,ziyadnz|hourly,2026-08-17T18:48:05Z,2026-08-17T18:48:05Z,
103.200.22.162,ipv4,malicious-ip,medium,WHITE,ziyadnz/hourly-ipv4,ziyadnz|hourly,2026-08-17T18:48:05Z,2026-08-17T18:48:05Z,
103.200.22.216,ipv4,malicious-ip,medium,WHITE,ziyadnz/hourly-ipv4,ziyadnz|hourly,2026-08-17T18:48:05Z,2026-08-17T18:48:05Z,
103.200.23.192,ipv4,malicious-ip,medium,WHITE,ziyadnz/hourly-ipv4,ziyadnz|hourly,2026-08-17T18:48:05Z,2026-08-17T18:48:05Z,
103.200.24.17,ipv4,malicious-ip,medium,WHITE,ziyadnz/hourly-ipv4,ziyadnz|hourly,2026-08-17T18:48:05Z,2026-08-17T18:48:05Z,
103.200.32.22,ipv4,malicious-ip,medium,WHITE,ziyadnz/hourly-ipv4,ziyadnz|hourly,2026-08-17T18:48:05Z,2026-08-17T18:48:05Z,
103.200.80.228,ipv4,malicious-ip,medium,WHITE,ziyadnz/hourly-ipv4,ziyadnz|hourly,2026-08-17T18:48:05Z,2026-08-17T18:48:05Z,
103.200.87.97,ipv4,malicious-ip,medium,WHITE,ziyadnz/hourly-ipv4,ziyadnz|hourly,2026-08-17T18:48:05Z,2026-08-17T18:48:05Z,
103.201.129.130,ipv4,malicious-ip,medium,WHITE,ziyadnz/hourly-ipv4,ziyadnz|hourly,2026-08-17T18:48:05Z,2026-08-17T18:48:05Z,
103.201.142.197,ipv4,malicious-ip,medium,WHITE,ziyadnz/hourly-ipv4,ziyadnz|hourly,2026-08-17T18:48:05Z,2026-08-17T18:48:05Z,
103.203.134.44,ipv4,malicious-ip,medium,WHITE,ziyadnz/hourly-ipv4,ziyadnz|hourly,2026-08-17T18:48:05Z,2026-08-17T18:48:05Z,
103.203.173.122,ipv4,malicious-ip,medium,WHITE,ziyadnz/hourly-ipv4,ziyadnz|hourly,2026-08-17T18:48:05Z,2026-08-17T18:48:05Z,
103.203.173.123,ipv4,malicious-ip,medium,WHITE,ziyadnz/hourly-ipv4,ziyadnz|hourly,2026-08-17T18:48:05Z,2026-08-17T18:48:05Z,
103.203.173.124,ipv4,malicious-ip,medium,WHITE,ziyadnz/hourly-ipv4,ziyadnz|hourly,2026-08-17T18:48:05Z,2026-08-17T18:48:05Z,
103.203.173.125,ipv4,malicious-ip,medium,WHITE,ziyadnz/hourly-ipv4,ziyadnz|hourly,2026-08-17T18:48:05Z,2026-08-17T18:48:05Z,
103.203.173.126,ipv4,malicious-ip,medium,WHITE,ziyadnz/hourly-ipv4,ziyadnz|hourly,2026-08-17T18:48:05Z,2026-08-17T18:48:05Z,
103.203.254.137,ipv4,malicious-ip,medium,WHITE,ziyadnz/hourly-ipv4,ziyadnz|hourly,2026-08-17T18:48:05Z,2026-08-17T18:48:05Z,
103.203.255.55,ipv4,malicious-ip,medium,WHITE,ziyadnz/hourly-ipv4,ziyadnz|hourly,2026-08-17T18:48:05Z,2026-08-17T18:48:05Z,
103.203.36.192,ipv4,malicious-ip,medium,WHITE,ziyadnz/hourly-ipv4,ziyadnz|hourly,2026-08-17T18:48:05Z,2026-08-17T18:48:05Z,
103.203.37.43,ipv4,malicious-ip,medium,WHITE,ziyadnz/hourly-ipv4,ziyadnz|hourly,2026-08-17T18:48:05Z,2026-08-17T18:48:05Z,
103.203.38.122,ipv4,malicious-ip,medium,WHITE,ziyadnz/hourly-ipv4,ziyadnz|hourly,2026-08-17T18:48:05Z,2026-08-17T18:48:05Z,
103.203.45.162,ipv4,malicious-ip,medium,WHITE,ziyadnz/hourly-ipv4,ziyadnz|hourly,2026-08-17T18:48:05Z,2026-08-17T18:48:05Z,
103.203.46.133,ipv4,malicious-ip,medium,WHITE,ziyadnz/hourly-ipv4,ziyadnz|hourly,2026-08-17T18:48:05Z,2026-08-17T18:48:05Z,
103.203.46.135,ipv4,malicious-ip,medium,WHITE,ziyadnz/hourly-ipv4,ziyadnz|hourly,2026-08-17T18:48:05Z,2026-08-17T18:48:05Z,
103.203.56.2,ipv4,malicious-ip,medium,WHITE,ziyadnz/hourly-ipv4,ziyadnz|hourly,2026-08-17T18:48:05Z,2026-08-17T18:48:05Z,
103.203.57.0,ipv4,malicious-ip,medium,WHITE,ziyadnz/hourly-ipv4,ziyadnz|hourly,2026-08-17T18:48:05Z,2026-08-17T18:48:05Z,
103.203.57.10,ipv4,malicious-ip,medium,WHITE,ziyadnz/hourly-ipv4,ziyadnz|hourly,2026-08-17T18:48:05Z,2026-08-17T18:48:05Z,
103.203.57.11,ipv4,malicious-ip,medium,WHITE,ziyadnz/hourly-ipv4,ziyadnz|hourly,2026-08-17T18:48:05Z,2026-08-17T18:48:05Z,
103.203.57.12,ipv4,malicious-ip,medium,WHITE,ziyadnz/hourly-ipv4,ziyadnz|hourly,2026-08-17T18:48:05Z,2026-08-17T18:48:05Z,
103.203.57.13,ipv4,malicious-ip,medium,WHITE,ziyadnz/hourly-ipv4,ziyadnz|hourly,2026-08-17T18:48:05Z,2026-08-17T18:48:05Z,
103.203.57.15,ipv4,malicious-ip,medium,WHITE,ziyadnz/hourly-ipv4,ziyadnz|hourly,2026-08-17T18:48:05Z,2026-08-17T18:48:05Z,
103.203.57.16,ipv4,malicious-ip,medium,WHITE,ziyadnz/hourly-ipv4,ziyadnz|hourly,2026-08-17T18:48:05Z,2026-08-17T18:48:05Z,
103.203.57.17,ipv4,malicious-ip,medium,WHITE,ziyadnz/hourly-ipv4,ziyadnz|hourly,2026-08-17T18:48:05Z,2026-08-17T18:48:05Z,
103.203.57.19,ipv4,malicious-ip,medium,WHITE,ziyadnz/hourly-ipv4,ziyadnz|hourly,2026-08-17T18:48:05Z,2026-08-17T18:48:05Z,
103.203.57.21,ipv4,malicious-ip,medium,WHITE,ziyadnz/hourly-ipv4,ziyadnz|hourly,2026-08-17T18:48:05Z,2026-08-17T18:48:05Z,
103.203.57.22,ipv4,malicious-ip,medium,WHITE,ziyadnz/hourly-ipv4,ziyadnz|hourly,2026-08-17T18:48:05Z,2026-08-17T18:48:05Z,
103.203.57.24,ipv4,malicious-ip,medium,WHITE,ziyadnz/hourly-ipv4,ziyadnz|hourly,2026-08-17T18:48:05Z,2026-08-17T18:48:05Z,
103.203.57.27,ipv4,malicious-ip,medium,WHITE,ziyadnz/hourly-ipv4,ziyadnz|hourly,2026-08-17T18:48:05Z,2026-08-17T18:48:05Z,
103.203.57.28,ipv4,malicious-ip,medium,WHITE,ziyadnz/hourly-ipv4,ziyadnz|hourly,2026-08-17T18:48:05Z,2026-08-17T18:48:05Z,
103.203.57.4,ipv4,malicious-ip,medium,WHITE,ziyadnz/hourly-ipv4,ziyadnz|hourly,2026-08-17T18:48:05Z,2026-08-17T18:48:05Z,
103.203.57.5,ipv4,malicious-ip,medium,WHITE,ziyadnz/hourly-ipv4,ziyadnz|hourly,2026-08-17T18:48:05Z,2026-08-17T18:48:05Z,
103.203.58.1,ipv4,malicious-ip,medium,WHITE,ziyadnz/hourly-ipv4,ziyadnz|hourly,2026-08-17T18:48:05Z,2026-08-17T18:48:05Z,
103.203.58.3,ipv4,malicious-ip,medium,WHITE,ziyadnz/hourly-ipv4,ziyadnz|hourly,2026-08-17T18:48:05Z,2026-08-17T18:48:05Z,
103.203.59.0,ipv4,malicious-ip,medium,WHITE,ziyadnz/hourly-ipv4,ziyadnz|hourly,2026-08-17T18:48:05Z,2026-08-17T18:48:05Z,
103.203.59.3,ipv4,malicious-ip,medium,WHITE,ziyadnz/hourly-ipv4,ziyadnz|hourly,2026-08-17T18:48:05Z,2026-08-17T18:48:05Z,
103.203.66.95,ipv4,malicious-ip,medium,WHITE,ziyadnz/hourly-ipv4,ziyadnz|hourly,2026-08-17T18:48:05Z,2026-08-17T18:48:05Z,
103.204.13.127,ipv4,malicious-ip,medium,WHITE,ziyadnz/hourly-ipv4,ziyadnz|hourly,2026-08-17T18:48:05Z,2026-08-17T18:48:05Z,
103.204.13.54,ipv4,malicious-ip,medium,WHITE,ziyadnz/hourly-ipv4,ziyadnz|hourly,2026-08-17T18:48:05Z,2026-08-17T18:48:05Z,
103.204.160.141,ipv4,malicious-ip,medium,WHITE,ziyadnz/hourly-ipv4,ziyadnz|hourly,2026-08-17T18:48:05Z,2026-08-17T18:48:05Z,
103.204.160.144,ipv4,malicious-ip,medium,WHITE,ziyadnz/hourly-ipv4,ziyadnz|hourly,2026-08-17T18:48:05Z,2026-08-17T18:48:05Z,
103.204.167.14,ipv4,malicious-ip,medium,WHITE,ziyadnz/hourly-ipv4,ziyadnz|hourly,2026-08-17T18:48:05Z,2026-08-17T18:48:05Z,
103.204.167.40,ipv4,malicious-ip,medium,WHITE,ziyadnz/hourly-ipv4,ziyadnz|hourly,2026-08-17T18:48:05Z,2026-08-17T18:48:05Z,
103.204.209.129,ipv4,malicious-ip,medium,WHITE,ziyadnz/hourly-ipv4,ziyadnz|hourly,2026-08-17T18:48:05Z,2026-08-17T18:48:05Z,
103.204.231.133,ipv4,malicious-ip,medium,WHITE,ziyadnz/hourly-ipv4,ziyadnz|hourly,2026-08-17T18:48:05Z,2026-08-17T18:48:05Z,
103.204.33.156,ipv4,malicious-ip,medium,WHITE,ziyadnz/hourly-ipv4,ziyadnz|hourly,2026-08-17T18:48:05Z,2026-08-17T18:48:05Z,
103.204.33.158,ipv4,malicious-ip,medium,WHITE,ziyadnz/hourly-ipv4,ziyadnz|hourly,2026-08-17T18:48:05Z,2026-08-17T18:48:05Z,
103.204.69.239,ipv4,malicious-ip,medium,WHITE,ziyadnz/hourly-ipv4,ziyadnz|hourly,2026-08-17T18:48:05Z,2026-08-17T18:48:05Z,
103.205.127.18,ipv4,malicious-ip,medium,WHITE,ziyadnz/hourly-ipv4,ziyadnz|hourly,2026-08-17T18:48:05Z,2026-08-17T18:48:05Z,
103.205.13.14,ipv4,malicious-ip,medium,WHITE,ziyadnz/hourly-ipv4,ziyadnz|hourly,2026-08-17T18:48:05Z,2026-08-17T18:48:05Z,
103.205.15.198,ipv4,malicious-ip,medium,WHITE,ziyadnz/hourly-ipv4,ziyadnz|hourly,2026-08-17T18:48:05Z,2026-08-17T18:48:05Z,
103.205.151.40,ipv4,malicious-ip,medium,WHITE,ziyadnz/hourly-ipv4,ziyadnz|hourly,2026-08-17T18:48:05Z,2026-08-17T18:48:05Z,
103.205.247.77,ipv4,malicious-ip,medium,WHITE,ziyadnz/hourly-ipv4,ziyadnz|hourly,2026-08-17T18:48:05Z,2026-08-17T18:48:05Z,
103.206.129.218,ipv4,malicious-ip,medium,WHITE,ziyadnz/hourly-ipv4,ziyadnz|hourly,2026-08-17T18:48:05Z,2026-08-17T18:48:05Z,
103.206.131.58,ipv4,malicious-ip,medium,WHITE,ziyadnz/hourly-ipv4,ziyadnz|hourly,2026-08-17T18:48:05Z,2026-08-17T18:48:05Z,
103.206.137.153,ipv4,malicious-ip,medium,WHITE,ziyadnz/hourly-ipv4,ziyadnz|hourly,2026-08-17T18:48:05Z,2026-08-17T18:48:05Z,
103.206.240.250,ipv4,malicious-ip,medium,WHITE,ziyadnz/hourly-ipv4,ziyadnz|hourly,2026-08-17T18:48:05Z,2026-08-17T18:48:05Z,
103.206.49.156,ipv4,malicious-ip,medium,WHITE,ziyadnz/hourly-ipv4,ziyadnz|hourly,2026-08-17T18:48:05Z,2026-08-17T18:48:05Z,
103.206.58.82,ipv4,malicious-ip,medium,WHITE,ziyadnz/hourly-ipv4,ziyadnz|hourly,2026-08-17T18:48:05Z,2026-08-17T18:48:05Z,
103.206.80.65,ipv4,malicious-ip,medium,WHITE,ziyadnz/hourly-ipv4,ziyadnz|hourly,2026-08-17T18:48:05Z,2026-08-17T18:48:05Z,
103.207.1.202,ipv4,malicious-ip,medium,WHITE,ziyadnz/hourly-ipv4,ziyadnz|hourly,2026-08-17T18:48:05Z,2026-08-17T18:48:05Z,
103.207.103.115,ipv4,malicious-ip,medium,WHITE,ziyadnz/hourly-ipv4,ziyadnz|hourly,2026-08-17T18:48:05Z,2026-08-17T18:48:05Z,
103.207.14.195,ipv4,malicious-ip,medium,WHITE,ziyadnz/hourly-ipv4,ziyadnz|hourly,2026-08-17T18:48:05Z,2026-08-17T18:48:05Z,
103.207.14.220,ipv4,malicious-ip,medium,WHITE,ziyadnz/hourly-ipv4,ziyadnz|hourly,2026-08-17T18:48:05Z,2026-08-17T18:48:05Z,
103.207.224.245,ipv4,malicious-ip,medium,WHITE,ziyadnz/hourly-ipv4,ziyadnz|hourly,2026-08-17T18:48:05Z,2026-08-17T18:48:05Z,
103.207.4.0,ipv4,malicious-ip,medium,WHITE,ziyadnz/hourly-ipv4,ziyadnz|hourly,2026-08-17T18:48:05Z,2026-08-17T18:48:05Z,
103.207.4.18,ipv4,malicious-ip,medium,WHITE,ziyadnz/hourly-ipv4,ziyadnz|hourly,2026-08-17T18:48:05Z,2026-08-17T18:48:05Z,
103.207.4.41,ipv4,malicious-ip,medium,WHITE,ziyadnz/hourly-ipv4,ziyadnz|hourly,2026-08-17T18:48:05Z,2026-08-17T18:48:05Z,
103.207.4.46,ipv4,malicious-ip,medium,WHITE,ziyadnz/hourly-ipv4,ziyadnz|hourly,2026-08-17T18:48:05Z,2026-08-17T18:48:05Z,
103.207.4.50,ipv4,malicious-ip,medium,WHITE,ziyadnz/hourly-ipv4,ziyadnz|hourly,2026-08-17T18:48:05Z,2026-08-17T18:48:05Z,
103.207.4.54,ipv4,malicious-ip,medium,WHITE,ziyadnz/hourly-ipv4,ziyadnz|hourly,2026-08-17T18:48:05Z,2026-08-17T18:48:05Z,
103.207.4.56,ipv4,malicious-ip,medium,WHITE,ziyadnz/hourly-ipv4,ziyadnz|hourly,2026-08-17T18:48:05Z,2026-08-17T18:48:05Z,
103.207.4.60,ipv4,malicious-ip,medium,WHITE,ziyadnz/hourly-ipv4,ziyadnz|hourly,2026-08-17T18:48:05Z,2026-08-17T18:48:05Z,
103.207.4.70,ipv4,malicious-ip,medium,WHITE,ziyadnz/hourly-ipv4,ziyadnz|hourly,2026-08-17T18:48:05Z,2026-08-17T18:48:05Z,
103.207.5.196,ipv4,malicious-ip,medium,WHITE,ziyadnz/hourly-ipv4,ziyadnz|hourly,2026-08-17T18:48:05Z,2026-08-17T18:48:05Z,
103.207.5.35,ipv4,malicious-ip,medium,WHITE,ziyadnz/hourly-ipv4,ziyadnz|hourly,2026-08-17T18:48:05Z,2026-08-17T18:48:05Z,
103.207.7.106,ipv4,malicious-ip,medium,WHITE,ziyadnz/hourly-ipv4,ziyadnz|hourly,2026-08-17T18:48:05Z,2026-08-17T18:48:05Z,
103.207.7.141,ipv4,malicious-ip,medium,WHITE,ziyadnz/hourly-ipv4,ziyadnz|hourly,2026-08-17T18:48:05Z,2026-08-17T18:48:05Z,
103.207.83.186,ipv4,malicious-ip,medium,WHITE,ziyadnz/hourly-ipv4,ziyadnz|hourly,2026-08-17T18:48:05Z,2026-08-17T18:48:05Z,
103.207.83.189,ipv4,malicious-ip,medium,WHITE,ziyadnz/hourly-ipv4,ziyadnz|hourly,2026-08-17T18:48:05Z,2026-08-17T18:48:05Z,
103.208.104.250,ipv4,malicious-ip,medium,WHITE,ziyadnz/hourly-ipv4,ziyadnz|hourly,2026-08-17T18:48:05Z,2026-08-17T18:48:05Z,
103.208.104.36,ipv4,malicious-ip,medium,WHITE,ziyadnz/hourly-ipv4,ziyadnz|hourly,2026-08-17T18:48:05Z,2026-08-17T18:48:05Z,
103.208.85.57,ipv4,malicious-ip,medium,WHITE,ziyadnz/hourly-ipv4,ziyadnz|hourly,2026-08-17T18:48:05Z,2026-08-17T18:48:05Z,
103.208.85.63,ipv4,malicious-ip,medium,WHITE,ziyadnz/hourly-ipv4,ziyadnz|hourly,2026-08-17T18:48:05Z,2026-08-17T18:48:05Z,
103.209.145.149,ipv4,malicious-ip,medium,WHITE,ziyadnz/hourly-ipv4,ziyadnz|hourly,2026-08-17T18:48:05Z,2026-08-17T18:48:05Z,
103.209.179.31,ipv4,malicious-ip,medium,WHITE,ziyadnz/hourly-ipv4,ziyadnz|hourly,2026-08-17T18:48:05Z,2026-08-17T18:48:05Z,
103.209.255.178,ipv4,malicious-ip,medium,WHITE,ziyadnz/hourly-ipv4,ziyadnz|hourly,2026-08-17T18:48:05Z,2026-08-17T18:48:05Z,
103.209.52.18,ipv4,malicious-ip,medium,WHITE,ziyadnz/hourly-ipv4,ziyadnz|hourly,2026-08-17T18:48:05Z,2026-08-17T18:48:05Z,
103.209.65.74,ipv4,malicious-ip,medium,WHITE,ziyadnz/hourly-ipv4,ziyadnz|hourly,2026-08-17T18:48:05Z,2026-08-17T18:48:05Z,
103.21.248.30,ipv4,malicious-ip,medium,WHITE,ziyadnz/hourly-ipv4,ziyadnz|hourly,2026-08-17T18:48:05Z,2026-08-17T18:48:05Z,
103.21.55.254,ipv4,malicious-ip,medium,WHITE,ziyadnz/hourly-ipv4,ziyadnz|hourly,2026-08-17T18:48:05Z,2026-08-17T18:48:05Z,
103.21.55.42,ipv4,malicious-ip,medium,WHITE,ziyadnz/hourly-ipv4,ziyadnz|hourly,2026-08-17T18:48:05Z,2026-08-17T18:48:05Z,
103.210.1.7,ipv4,malicious-ip,medium,WHITE,ziyadnz/hourly-ipv4,ziyadnz|hourly,2026-08-17T18:48:05Z,2026-08-17T18:48:05Z,
103.210.101.145,ipv4,malicious-ip,medium,WHITE,ziyadnz/hourly-ipv4,ziyadnz|hourly,2026-08-17T18:48:05Z,2026-08-17T18:48:05Z,
103.210.101.38,ipv4,malicious-ip,medium,WHITE,ziyadnz/hourly-ipv4,ziyadnz|hourly,2026-08-17T18:48:05Z,2026-08-17T18:48:05Z,
103.210.116.222,ipv4,malicious-ip,medium,WHITE,ziyadnz/hourly-ipv4,ziyadnz|hourly,2026-08-17T18:48:05Z,2026-08-17T18:48:05Z,
103.210.119.5,ipv4,malicious-ip,medium,WHITE,ziyadnz/hourly-ipv4,ziyadnz|hourly,2026-08-17T18:48:05Z,2026-08-17T18:48:05Z,
103.210.21.225,ipv4,malicious-ip,medium,WHITE,ziyadnz/hourly-ipv4,ziyadnz|hourly,2026-08-17T18:48:05Z,2026-08-17T18:48:05Z,
103.210.21.242,ipv4,malicious-ip,medium,WHITE,ziyadnz/hourly-ipv4,ziyadnz|hourly,2026-08-17T18:48:05Z,2026-08-17T18:48:05Z,
103.210.21.32,ipv4,malicious-ip,medium,WHITE,ziyadnz/hourly-ipv4,ziyadnz|hourly,2026-08-17T18:48:05Z,2026-08-17T18:48:05Z,
103.210.21.36,ipv4,malicious-ip,medium,WHITE,ziyadnz/hourly-ipv4,ziyadnz|hourly,2026-08-17T18:48:05Z,2026-08-17T18:48:05Z,
103.210.22.17,ipv4,malicious-ip,medium,WHITE,ziyadnz/hourly-ipv4,ziyadnz|hourly,2026-08-17T18:48:05Z,2026-08-17T18:48:05Z,
103.210.22.74,ipv4,malicious-ip,medium,WHITE,ziyadnz/hourly-ipv4,ziyadnz|hourly,2026-08-17T18:48:05Z,2026-08-17T18:48:05Z,
103.210.236.124,ipv4,malicious-ip,medium,WHITE,ziyadnz/hourly-ipv4,ziyadnz|hourly,2026-08-17T18:48:05Z,2026-08-17T18:48:05Z,
103.210.237.224,ipv4,malicious-ip,medium,WHITE,ziyadnz/hourly-ipv4,ziyadnz|hourly,2026-08-17T18:48:05Z,2026-08-17T18:48:05Z,
103.210.238.204,ipv4,malicious-ip,medium,WHITE,ziyadnz/hourly-ipv4,ziyadnz|hourly,2026-08-17T18:48:05Z,2026-08-17T18:48:05Z,
103.210.35.122,ipv4,malicious-ip,medium,WHITE,ziyadnz/hourly-ipv4,ziyadnz|hourly,2026-08-17T18:48:05Z,2026-08-17T18:48:05Z,
103.210.35.22,ipv4,malicious-ip,medium,WHITE,ziyadnz/hourly-ipv4,ziyadnz|hourly,2026-08-17T18:48:05Z,2026-08-17T18:48:05Z,
103.210.45.226,ipv4,malicious-ip,medium,WHITE,ziyadnz/hourly-ipv4,ziyadnz|hourly,2026-08-17T18:48:05Z,2026-08-17T18:48:05Z,
103.210.91.5,ipv4,malicious-ip,medium,WHITE,ziyadnz/hourly-ipv4,ziyadnz|hourly,2026-08-17T18:48:05Z,2026-08-17T18:48:05Z,
103.211.12.138,ipv4,malicious-ip,medium,WHITE,ziyadnz/hourly-ipv4,ziyadnz|hourly,2026-08-17T18:48:05Z,2026-08-17T18:48:05Z,
103.211.13.14,ipv4,malicious-ip,medium,WHITE,ziyadnz/hourly-ipv4,ziyadnz|hourly,2026-08-17T18:48:05Z,2026-08-17T18:48:05Z,
103.211.135.248,ipv4,malicious-ip,medium,WHITE,ziyadnz/hourly-ipv4,ziyadnz|hourly,2026-08-17T18:48:05Z,2026-08-17T18:48:05Z,
103.211.18.77,ipv4,malicious-ip,medium,WHITE,ziyadnz/hourly-ipv4,ziyadnz|hourly,2026-08-17T18:48:05Z,2026-08-17T18:48:05Z,
103.211.19.254,ipv4,malicious-ip,medium,WHITE,ziyadnz/hourly-ipv4,ziyadnz|hourly,2026-08-17T18:48:05Z,2026-08-17T18:48:05Z,
103.211.195.82,ipv4,malicious-ip,medium,WHITE,ziyadnz/hourly-ipv4,ziyadnz|hourly,2026-08-17T18:48:05Z,2026-08-17T18:48:05Z,
103.211.21.213,ipv4,malicious-ip,medium,WHITE,ziyadnz/hourly-ipv4,ziyadnz|hourly,2026-08-17T18:48:05Z,2026-08-17T18:48:05Z,
103.211.217.182,ipv4,malicious-ip,medium,WHITE,ziyadnz/hourly-ipv4,ziyadnz|hourly,2026-08-17T18:48:05Z,2026-08-17T18:48:05Z,
103.211.218.124,ipv4,malicious-ip,medium,WHITE,ziyadnz/hourly-ipv4,ziyadnz|hourly,2026-08-17T18:48:05Z,2026-08-17T18:48:05Z,
103.211.219.91,ipv4,malicious-ip,medium,WHITE,ziyadnz/hourly-ipv4,ziyadnz|hourly,2026-08-17T18:48:05Z,2026-08-17T18:48:05Z,
103.211.37.61,ipv4,malicious-ip,medium,WHITE,ziyadnz/hourly-ipv4,ziyadnz|hourly,2026-08-17T18:48:05Z,2026-08-17T18:48:05Z,
103.211.54.2,ipv4,malicious-ip,medium,WHITE,ziyadnz/hourly-ipv4,ziyadnz|hourly,2026-08-17T18:48:05Z,2026-08-17T18:48:05Z,
103.211.54.31,ipv4,malicious-ip,medium,WHITE,ziyadnz/hourly-ipv4,ziyadnz|hourly,2026-08-17T18:48:05Z,2026-08-17T18:48:05Z,
103.211.59.6,ipv4,malicious-ip,medium,WHITE,ziyadnz/hourly-ipv4,ziyadnz|hourly,2026-08-17T18:48:05Z,2026-08-17T18:48:05Z,
103.212.139.44,ipv4,malicious-ip,medium,WHITE,ziyadnz/hourly-ipv4,ziyadnz|hourly,2026-08-17T18:48:05Z,2026-08-17T18:48:05Z,
103.212.209.186,ipv4,malicious-ip,medium,WHITE,ziyadnz/hourly-ipv4,ziyadnz|hourly,2026-08-17T18:48:05Z,2026-08-17T18:48:05Z,
103.212.49.207,ipv4,malicious-ip,medium,WHITE,ziyadnz/hourly-ipv4,ziyadnz|hourly,2026-08-17T18:48:05Z,2026-08-17T18:48:05Z,
103.212.81.116,ipv4,malicious-ip,medium,WHITE,ziyadnz/hourly-ipv4,ziyadnz|hourly,2026-08-17T18:48:05Z,2026-08-17T18:48:05Z,
103.212.88.46,ipv4,malicious-ip,medium,WHITE,ziyadnz/hourly-ipv4,ziyadnz|hourly,2026-08-17T18:48:05Z,2026-08-17T18:48:05Z,
103.213.112.10,ipv4,malicious-ip,medium,WHITE,ziyadnz/hourly-ipv4,ziyadnz|hourly,2026-08-17T18:48:05Z,2026-08-17T18:48:05Z,
103.213.112.120,ipv4,malicious-ip,medium,WHITE,ziyadnz/hourly-ipv4,ziyadnz|hourly,2026-08-17T18:48:05Z,2026-08-17T18:48:05Z,
103.213.112.214,ipv4,malicious-ip,medium,WHITE,ziyadnz/hourly-ipv4,ziyadnz|hourly,2026-08-17T18:48:05Z,2026-08-17T18:48:05Z,
103.213.112.228,ipv4,malicious-ip,medium,WHITE,ziyadnz/hourly-ipv4,ziyadnz|hourly,2026-08-17T18:48:05Z,2026-08-17T18:48:05Z,
103.213.112.75,ipv4,malicious-ip,medium,WHITE,ziyadnz/hourly-ipv4,ziyadnz|hourly,2026-08-17T18:48:05Z,2026-08-17T18:48:05Z,
103.213.112.77,ipv4,malicious-ip,medium,WHITE,ziyadnz/hourly-ipv4,ziyadnz|hourly,2026-08-17T18:48:05Z,2026-08-17T18:48:05Z,
103.213.112.81,ipv4,malicious-ip,medium,WHITE,ziyadnz/hourly-ipv4,ziyadnz|hourly,2026-08-17T18:48:05Z,2026-08-17T18:48:05Z,
103.213.112.98,ipv4,malicious-ip,medium,WHITE,ziyadnz/hourly-ipv4,ziyadnz|hourly,2026-08-17T18:48:05Z,2026-08-17T18:48:05Z,
103.213.194.250,ipv4,malicious-ip,medium,WHITE,ziyadnz/hourly-ipv4,ziyadnz|hourly,2026-08-17T18:48:05Z,2026-08-17T18:48:05Z,
103.213.194.254,ipv4,malicious-ip,medium,WHITE,ziyadnz/hourly-ipv4,ziyadnz|hourly,2026-08-17T18:48:05Z,2026-08-17T18:48:05Z,
103.213.195.198,ipv4,malicious-ip,medium,WHITE,ziyadnz/hourly-ipv4,ziyadnz|hourly,2026-08-17T18:48:05Z,2026-08-17T18:48:05Z,
103.213.236.115,ipv4,malicious-ip,medium,WHITE,ziyadnz/hourly-ipv4,ziyadnz|hourly,2026-08-17T18:48:05Z,2026-08-17T18:48:05Z,
103.213.245.95,ipv4,malicious-ip,medium,WHITE,ziyadnz/hourly-ipv4,ziyadnz|hourly,2026-08-17T18:48:05Z,2026-08-17T18:48:05Z,
103.213.95.198,ipv4,malicious-ip,medium,WHITE,ziyadnz/hourly-ipv4,ziyadnz|hourly,2026-08-17T18:48:05Z,2026-08-17T18:48:05Z,
103.213.95.199,ipv4,malicious-ip,medium,WHITE,ziyadnz/hourly-ipv4,ziyadnz|hourly,2026-08-17T18:48:05Z,2026-08-17T18:48:05Z,
103.214.102.99,ipv4,malicious-ip,medium,WHITE,ziyadnz/hourly-ipv4,ziyadnz|hourly,2026-08-17T18:48:05Z,2026-08-17T18:48:05Z,
103.214.112.253,ipv4,malicious-ip,medium,WHITE,ziyadnz/hourly-ipv4,ziyadnz|hourly,2026-08-17T18:48:05Z,2026-08-17T18:48:05Z,
103.214.128.2,ipv4,malicious-ip,medium,WHITE,ziyadnz/hourly-ipv4,ziyadnz|hourly,2026-08-17T18:48:05Z,2026-08-17T18:48:05Z,
103.214.139.197,ipv4,malicious-ip,medium,WHITE,ziyadnz/hourly-ipv4,ziyadnz|hourly,2026-08-17T18:48:05Z,2026-08-17T18:48:05Z,
103.214.178.14,ipv4,malicious-ip,medium,WHITE,ziyadnz/hourly-ipv4,ziyadnz|hourly,2026-08-17T18:48:05Z,2026-08-17T18:48:05Z,
103.214.219.39,ipv4,malicious-ip,medium,WHITE,ziyadnz/hourly-ipv4,ziyadnz|hourly,2026-08-17T18:48:05Z,2026-08-17T18:48:05Z,
103.214.23.106,ipv4,malicious-ip,medium,WHITE,ziyadnz/hourly-ipv4,ziyadnz|hourly,2026-08-17T18:48:05Z,2026-08-17T18:48:05Z,
103.214.234.116,ipv4,malicious-ip,medium,WHITE,ziyadnz/hourly-ipv4,ziyadnz|hourly,2026-08-17T18:48:05Z,2026-08-17T18:48:05Z,
103.214.4.135,ipv4,malicious-ip,medium,WHITE,ziyadnz/hourly-ipv4,ziyadnz|hourly,2026-08-17T18:48:05Z,2026-08-17T18:48:05Z,
103.214.5.133,ipv4,malicious-ip,medium,WHITE,ziyadnz/hourly-ipv4,ziyadnz|hourly,2026-08-17T18:48:05Z,2026-08-17T18:48:05Z,
103.214.61.68,ipv4,malicious-ip,medium,WHITE,ziyadnz/hourly-ipv4,ziyadnz|hourly,2026-08-17T18:48:05Z,2026-08-17T18:48:05Z,
103.214.63.107,ipv4,malicious-ip,medium,WHITE,ziyadnz/hourly-ipv4,ziyadnz|hourly,2026-08-17T18:48:05Z,2026-08-17T18:48:05Z,
103.214.63.37,ipv4,malicious-ip,medium,WHITE,ziyadnz/hourly-ipv4,ziyadnz|hourly,2026-08-17T18:48:05Z,2026-08-17T18:48:05Z,
103.214.63.43,ipv4,malicious-ip,medium,WHITE,ziyadnz/hourly-ipv4,ziyadnz|hourly,2026-08-17T18:48:05Z,2026-08-17T18:48:05Z,
103.215.139.230,ipv4,malicious-ip,medium,WHITE,ziyadnz/hourly-ipv4,ziyadnz|hourly,2026-08-17T18:48:05Z,2026-08-17T18:48:05Z,
103.215.152.144,ipv4,malicious-ip,medium,WHITE,ziyadnz/hourly-ipv4,ziyadnz|hourly,2026-08-17T18:48:05Z,2026-08-17T18:48:05Z,
103.215.152.149,ipv4,malicious-ip,medium,WHITE,ziyadnz/hourly-ipv4,ziyadnz|hourly,2026-08-17T18:48:05Z,2026-08-17T18:48:05Z,
103.215.170.147,ipv4,malicious-ip,medium,WHITE,ziyadnz/hourly-ipv4,ziyadnz|hourly,2026-08-17T18:48:05Z,2026-08-17T18:48:05Z,
103.215.187.128,ipv4,malicious-ip,medium,WHITE,ziyadnz/hourly-ipv4,ziyadnz|hourly,2026-08-17T18:48:05Z,2026-08-17T18:48:05Z,
103.215.74.185,ipv4,malicious-ip,medium,WHITE,ziyadnz/hourly-ipv4,ziyadnz|hourly,2026-08-17T18:48:05Z,2026-08-17T18:48:05Z,
103.215.74.26,ipv4,malicious-ip,medium,WHITE,ziyadnz/hourly-ipv4,ziyadnz|hourly,2026-08-17T18:48:05Z,2026-08-17T18:48:05Z,
103.215.75.19,ipv4,malicious-ip,medium,WHITE,ziyadnz/hourly-ipv4,ziyadnz|hourly,2026-08-17T18:48:05Z,2026-08-17T18:48:05Z,
103.215.75.66,ipv4,malicious-ip,medium,WHITE,ziyadnz/hourly-ipv4,ziyadnz|hourly,2026-08-17T18:48:05Z,2026-08-17T18:48:05Z,
103.215.80.173,ipv4,malicious-ip,medium,WHITE,ziyadnz/hourly-ipv4,ziyadnz|hourly,2026-08-17T18:48:05Z,2026-08-17T18:48:05Z,
103.215.80.68,ipv4,malicious-ip,medium,WHITE,ziyadnz/hourly-ipv4,ziyadnz|hourly,2026-08-17T18:48:05Z,2026-08-17T18:48:05Z,
103.216.117.118,ipv4,malicious-ip,medium,WHITE,ziyadnz/hourly-ipv4,ziyadnz|hourly,2026-08-17T18:48:05Z,2026-08-17T18:48:05Z,
103.216.118.192,ipv4,malicious-ip,medium,WHITE,ziyadnz/hourly-ipv4,ziyadnz|hourly,2026-08-17T18:48:05Z,2026-08-17T18:48:05Z,
103.216.118.66,ipv4,malicious-ip,medium,WHITE,ziyadnz/hourly-ipv4,ziyadnz|hourly,2026-08-17T18:48:05Z,2026-08-17T18:48:05Z,
103.216.119.131,ipv4,malicious-ip,medium,WHITE,ziyadnz/hourly-ipv4,ziyadnz|hourly,2026-08-17T18:48:05Z,2026-08-17T18:48:05Z,
103.216.127.123,ipv4,malicious-ip,medium,WHITE,ziyadnz/hourly-ipv4,ziyadnz|hourly,2026-08-17T18:48:05Z,2026-08-17T18:48:05Z,
103.216.147.45,ipv4,malicious-ip,medium,WHITE,ziyadnz/hourly-ipv4,ziyadnz|hourly,2026-08-17T18:48:05Z,2026-08-17T18:48:05Z,
103.217.111.69,ipv4,malicious-ip,medium,WHITE,ziyadnz/hourly-ipv4,ziyadnz|hourly,2026-08-17T18:48:05Z,2026-08-17T18:48:05Z,
103.217.111.72,ipv4,malicious-ip,medium,WHITE,ziyadnz/hourly-ipv4,ziyadnz|hourly,2026-08-17T18:48:05Z,2026-08-17T18:48:05Z,
103.217.111.75,ipv4,malicious-ip,medium,WHITE,ziyadnz/hourly-ipv4,ziyadnz|hourly,2026-08-17T18:48:05Z,2026-08-17T18:48:05Z,
103.217.111.79,ipv4,malicious-ip,medium,WHITE,ziyadnz/hourly-ipv4,ziyadnz|hourly,2026-08-17T18:48:05Z,2026-08-17T18:48:05Z,
103.217.120.151,ipv4,malicious-ip,medium,WHITE,ziyadnz/hourly-ipv4,ziyadnz|hourly,2026-08-17T18:48:05Z,2026-08-17T18:48:05Z,
103.217.139.10,ipv4,malicious-ip,medium,WHITE,ziyadnz/hourly-ipv4,ziyadnz|hourly,2026-08-17T18:48:05Z,2026-08-17T18:48:05Z,
103.217.154.44,ipv4,malicious-ip,medium,WHITE,ziyadnz/hourly-ipv4,ziyadnz|hourly,2026-08-17T18:48:05Z,2026-08-17T18:48:05Z,
103.217.179.107,ipv4,malicious-ip,medium,WHITE,ziyadnz/hourly-ipv4,ziyadnz|hourly,2026-08-17T18:48:05Z,2026-08-17T18:48:05Z,
103.217.179.185,ipv4,malicious-ip,medium,WHITE,ziyadnz/hourly-ipv4,ziyadnz|hourly,2026-08-17T18:48:05Z,2026-08-17T18:48:05Z,
103.217.186.138,ipv4,malicious-ip,medium,WHITE,ziyadnz/hourly-ipv4,ziyadnz|hourly,2026-08-17T18:48:05Z,2026-08-17T18:48:05Z,
103.217.186.153,ipv4,malicious-ip,medium,WHITE,ziyadnz/hourly-ipv4,ziyadnz|hourly,2026-08-17T18:48:05Z,2026-08-17T18:48:05Z,
103.217.186.18,ipv4,malicious-ip,medium,WHITE,ziyadnz/hourly-ipv4,ziyadnz|hourly,2026-08-17T18:48:05Z,2026-08-17T18:48:05Z,
103.217.186.183,ipv4,malicious-ip,medium,WHITE,ziyadnz/hourly-ipv4,ziyadnz|hourly,2026-08-17T18:48:05Z,2026-08-17T18:48:05Z,
103.217.187.198,ipv4,malicious-ip,medium,WHITE,ziyadnz/hourly-ipv4,ziyadnz|hourly,2026-08-17T18:48:05Z,2026-08-17T18:48:05Z,
103.217.187.221,ipv4,malicious-ip,medium,WHITE,ziyadnz/hourly-ipv4,ziyadnz|hourly,2026-08-17T18:48:05Z,2026-08-17T18:48:05Z,
103.217.190.100,ipv4,malicious-ip,medium,WHITE,ziyadnz/hourly-ipv4,ziyadnz|hourly,2026-08-17T18:48:05Z,2026-08-17T18:48:05Z,
103.217.217.106,ipv4,malicious-ip,medium,WHITE,ziyadnz/hourly-ipv4,ziyadnz|hourly,2026-08-17T18:48:05Z,2026-08-17T18:48:05Z,
103.217.217.226,ipv4,malicious-ip,medium,WHITE,ziyadnz/hourly-ipv4,ziyadnz|hourly,2026-08-17T18:48:05Z,2026-08-17T18:48:05Z,
103.217.72.16,ipv4,malicious-ip,medium,WHITE,ziyadnz/hourly-ipv4,ziyadnz|hourly,2026-08-17T18:48:05Z,2026-08-17T18:48:05Z,
103.217.83.69,ipv4,malicious-ip,medium,WHITE,ziyadnz/hourly-ipv4,ziyadnz|hourly,2026-08-17T18:48:05Z,2026-08-17T18:48:05Z,
103.217.83.74,ipv4,malicious-ip,medium,WHITE,ziyadnz/hourly-ipv4,ziyadnz|hourly,2026-08-17T18:48:05Z,2026-08-17T18:48:05Z,
103.218.106.162,ipv4,malicious-ip,medium,WHITE,ziyadnz/hourly-ipv4,ziyadnz|hourly,2026-08-17T18:48:05Z,2026-08-17T18:48:05Z,
103.218.106.42,ipv4,malicious-ip,medium,WHITE,ziyadnz/hourly-ipv4,ziyadnz|hourly,2026-08-17T18:48:05Z,2026-08-17T18:48:05Z,
103.218.133.86,ipv4,malicious-ip,medium,WHITE,ziyadnz/hourly-ipv4,ziyadnz|hourly,2026-08-17T18:48:05Z,2026-08-17T18:48:05Z,
103.218.133.89,ipv4,malicious-ip,medium,WHITE,ziyadnz/hourly-ipv4,ziyadnz|hourly,2026-08-17T18:48:05Z,2026-08-17T18:48:05Z,
103.218.133.90,ipv4,malicious-ip,medium,WHITE,ziyadnz/hourly-ipv4,ziyadnz|hourly,2026-08-17T18:48:05Z,2026-08-17T18:48:05Z,
103.218.133.95,ipv4,malicious-ip,medium,WHITE,ziyadnz/hourly-ipv4,ziyadnz|hourly,2026-08-17T18:48:05Z,2026-08-17T18:48:05Z,
103.218.241.179,ipv4,malicious-ip,medium,WHITE,ziyadnz/hourly-ipv4,ziyadnz|hourly,2026-08-17T18:48:05Z,2026-08-17T18:48:05Z,
103.218.241.7,ipv4,malicious-ip,medium,WHITE,ziyadnz/hourly-ipv4,ziyadnz|hourly,2026-08-17T18:48:05Z,2026-08-17T18:48:05Z,
103.218.27.217,ipv4,malicious-ip,medium,WHITE,ziyadnz/hourly-ipv4,ziyadnz|hourly,2026-08-17T18:48:05Z,2026-08-17T18:48:05Z,
103.219.142.5,ipv4,malicious-ip,medium,WHITE,ziyadnz/hourly-ipv4,ziyadnz|hourly,2026-08-17T18:48:05Z,2026-08-17T18:48:05Z,
103.219.170.37,ipv4,malicious-ip,medium,WHITE,ziyadnz/hourly-ipv4,ziyadnz|hourly,2026-08-17T18:48:05Z,2026-08-17T18:48:05Z,
103.219.37.88,ipv4,malicious-ip,medium,WHITE,ziyadnz/hourly-ipv4,ziyadnz|hourly,2026-08-17T18:48:05Z,2026-08-17T18:48:05Z,
103.22.137.227,ipv4,malicious-ip,medium,WHITE,ziyadnz/hourly-ipv4,ziyadnz|hourly,2026-08-17T18:48:05Z,2026-08-17T18:48:05Z,
103.220.82.118,ipv4,malicious-ip,medium,WHITE,ziyadnz/hourly-ipv4,ziyadnz|hourly,2026-08-17T18:48:05Z,2026-08-17T18:48:05Z,
103.220.82.84,ipv4,malicious-ip,medium,WHITE,ziyadnz/hourly-ipv4,ziyadnz|hourly,2026-08-17T18:48:05Z,2026-08-17T18:48:05Z,
103.221.220.237,ipv4,malicious-ip,medium,WHITE,ziyadnz/hourly-ipv4,ziyadnz|hourly,2026-08-17T18:48:05Z,2026-08-17T18:48:05Z,
103.221.221.119,ipv4,malicious-ip,medium,WHITE,ziyadnz/hourly-ipv4,ziyadnz|hourly,2026-08-17T18:48:05Z,2026-08-17T18:48:05Z,
103.221.221.247,ipv4,malicious-ip,medium,WHITE,ziyadnz/hourly-ipv4,ziyadnz|hourly,2026-08-17T18:48:05Z,2026-08-17T18:48:05Z,
103.223.10.196,ipv4,malicious-ip,medium,WHITE,ziyadnz/hourly-ipv4,ziyadnz|hourly,2026-08-17T18:48:05Z,2026-08-17T18:48:05Z,
103.224.152.110,ipv4,malicious-ip,medium,WHITE,ziyadnz/hourly-ipv4,ziyadnz|hourly,2026-08-17T18:48:05Z,2026-08-17T18:48:05Z,
103.224.152.125,ipv4,malicious-ip,medium,WHITE,ziyadnz/hourly-ipv4,ziyadnz|hourly,2026-08-17T18:48:05Z,2026-08-17T18:48:05Z,
103.224.153.230,ipv4,malicious-ip,medium,WHITE,ziyadnz/hourly-ipv4,ziyadnz|hourly,2026-08-17T18:48:05Z,2026-08-17T18:48:05Z,
103.224.165.190,ipv4,malicious-ip,medium,WHITE,ziyadnz/hourly-ipv4,ziyadnz|hourly,2026-08-17T18:48:05Z,2026-08-17T18:48:05Z,
103.224.241.184,ipv4,malicious-ip,medium,WHITE,ziyadnz/hourly-ipv4,ziyadnz|hourly,2026-08-17T18:48:05Z,2026-08-17T18:48:05Z,
103.224.245.53,ipv4,malicious-ip,medium,WHITE,ziyadnz/hourly-ipv4,ziyadnz|hourly,2026-08-17T18:48:05Z,2026-08-17T18:48:05Z,
103.224.32.92,ipv4,malicious-ip,medium,WHITE,ziyadnz/hourly-ipv4,ziyadnz|hourly,2026-08-17T18:48:05Z,2026-08-17T18:48:05Z,
103.224.34.105,ipv4,malicious-ip,medium,WHITE,ziyadnz/hourly-ipv4,ziyadnz|hourly,2026-08-17T18:48:05Z,2026-08-17T18:48:05Z,
103.224.64.82,ipv4,malicious-ip,medium,WHITE,ziyadnz/hourly-ipv4,ziyadnz|hourly,2026-08-17T18:48:05Z,2026-08-17T18:48:05Z,
103.224.90.56,ipv4,malicious-ip,medium,WHITE,ziyadnz/hourly-ipv4,ziyadnz|hourly,2026-08-17T18:48:05Z,2026-08-17T18:48:05Z,
103.225.13.246,ipv4,malicious-ip,medium,WHITE,ziyadnz/hourly-ipv4,ziyadnz|hourly,2026-08-17T18:48:05Z,2026-08-17T18:48:05Z,
103.225.138.118,ipv4,malicious-ip,medium,WHITE,ziyadnz/hourly-ipv4,ziyadnz|hourly,2026-08-17T18:48:05Z,2026-08-17T18:48:05Z,
103.225.95.38,ipv4,malicious-ip,medium,WHITE,ziyadnz/hourly-ipv4,ziyadnz|hourly,2026-08-17T18:48:05Z,2026-08-17T18:48:05Z,
103.226.139.139,ipv4,malicious-ip,medium,WHITE,ziyadnz/hourly-ipv4,ziyadnz|hourly,2026-08-17T18:48:05Z,2026-08-17T18:48:05Z,
103.226.186.194,ipv4,malicious-ip,medium,WHITE,ziyadnz/hourly-ipv4,ziyadnz|hourly,2026-08-17T18:48:05Z,2026-08-17T18:48:05Z,
103.226.186.223,ipv4,malicious-ip,medium,WHITE,ziyadnz/hourly-ipv4,ziyadnz|hourly,2026-08-17T18:48:05Z,2026-08-17T18:48:05Z,
103.226.187.185,ipv4,malicious-ip,medium,WHITE,ziyadnz/hourly-ipv4,ziyadnz|hourly,2026-08-17T18:48:05Z,2026-08-17T18:48:05Z,
103.226.250.88,ipv4,malicious-ip,medium,WHITE,ziyadnz/hourly-ipv4,ziyadnz|hourly,2026-08-17T18:48:05Z,2026-08-17T18:48:05Z,
103.226.4.3,ipv4,malicious-ip,medium,WHITE,ziyadnz/hourly-ipv4,ziyadnz|hourly,2026-08-17T18:48:05Z,2026-08-17T18:48:05Z,
103.226.52.110,ipv4,malicious-ip,medium,WHITE,ziyadnz/hourly-ipv4,ziyadnz|hourly,2026-08-17T18:48:05Z,2026-08-17T18:48:05Z,
103.226.90.7,ipv4,malicious-ip,medium,WHITE,ziyadnz/hourly-ipv4,ziyadnz|hourly,2026-08-17T18:48:05Z,2026-08-17T18:48:05Z,
103.227.17.10,ipv4,malicious-ip,medium,WHITE,ziyadnz/hourly-ipv4,ziyadnz|hourly,2026-08-17T18:48:05Z,2026-08-17T18:48:05Z,
103.227.243.217,ipv4,malicious-ip,medium,WHITE,ziyadnz/hourly-ipv4,ziyadnz|hourly,2026-08-17T18:48:05Z,2026-08-17T18:48:05Z,
103.227.97.92,ipv4,malicious-ip,medium,WHITE,ziyadnz/hourly-ipv4,ziyadnz|hourly,2026-08-17T18:48:05Z,2026-08-17T18:48:05Z,
103.228.126.17,ipv4,malicious-ip,medium,WHITE,ziyadnz/hourly-ipv4,ziyadnz|hourly,2026-08-17T18:48:05Z,2026-08-17T18:48:05Z,
103.228.144.210,ipv4,malicious-ip,medium,WHITE,ziyadnz/hourly-ipv4,ziyadnz|hourly,2026-08-17T18:48:05Z,2026-08-17T18:48:05Z,
103.228.144.95,ipv4,malicious-ip,medium,WHITE,ziyadnz/hourly-ipv4,ziyadnz|hourly,2026-08-17T18:48:05Z,2026-08-17T18:48:05Z,
103.228.150.101,ipv4,malicious-ip,medium,WHITE,ziyadnz/hourly-ipv4,ziyadnz|hourly,2026-08-17T18:48:05Z,2026-08-17T18:48:05Z,
103.228.221.170,ipv4,malicious-ip,medium,WHITE,ziyadnz/hourly-ipv4,ziyadnz|hourly,2026-08-17T18:48:05Z,2026-08-17T18:48:05Z,
103.228.250.253,ipv4,malicious-ip,medium,WHITE,ziyadnz/hourly-ipv4,ziyadnz|hourly,2026-08-17T18:48:05Z,2026-08-17T18:48:05Z,
103.228.36.205,ipv4,malicious-ip,medium,WHITE,ziyadnz/hourly-ipv4,ziyadnz|hourly,2026-08-17T18:48:05Z,2026-08-17T18:48:05Z,
103.228.36.70,ipv4,malicious-ip,medium,WHITE,ziyadnz/hourly-ipv4,ziyadnz|hourly,2026-08-17T18:48:05Z,2026-08-17T18:48:05Z,
103.228.9.166,ipv4,malicious-ip,medium,WHITE,ziyadnz/hourly-ipv4,ziyadnz|hourly,2026-08-17T18:48:05Z,2026-08-17T18:48:05Z,
103.229.190.146,ipv4,malicious-ip,medium,WHITE,ziyadnz/hourly-ipv4,ziyadnz|hourly,2026-08-17T18:48:05Z,2026-08-17T18:48:05Z,
103.23.172.230,ipv4,malicious-ip,medium,WHITE,ziyadnz/hourly-ipv4,ziyadnz|hourly,2026-08-17T18:48:05Z,2026-08-17T18:48:05Z,
103.23.198.128,ipv4,malicious-ip,medium,WHITE,ziyadnz/hourly-ipv4,ziyadnz|hourly,2026-08-17T18:48:05Z,2026-08-17T18:48:05Z,
103.23.198.220,ipv4,malicious-ip,medium,WHITE,ziyadnz/hourly-ipv4,ziyadnz|hourly,2026-08-17T18:48:05Z,2026-08-17T18:48:05Z,
103.23.204.42,ipv4,malicious-ip,medium,WHITE,ziyadnz/hourly-ipv4,ziyadnz|hourly,2026-08-17T18:48:05Z,2026-08-17T18:48:05Z,
103.23.42.68,ipv4,malicious-ip,medium,WHITE,ziyadnz/hourly-ipv4,ziyadnz|hourly,2026-08-17T18:48:05Z,2026-08-17T18:48:05Z,
103.230.120.249,ipv4,malicious-ip,medium,WHITE,ziyadnz/hourly-ipv4,ziyadnz|hourly,2026-08-17T18:48:05Z,2026-08-17T18:48:05Z,
103.230.120.88,ipv4,malicious-ip,medium,WHITE,ziyadnz/hourly-ipv4,ziyadnz|hourly,2026-08-17T18:48:05Z,2026-08-17T18:48:05Z,
103.230.180.119,ipv4,malicious-ip,medium,WHITE,ziyadnz/hourly-ipv4,ziyadnz|hourly,2026-08-17T18:48:05Z,2026-08-17T18:48:05Z,
103.230.220.148,ipv4,malicious-ip,medium,WHITE,ziyadnz/hourly-ipv4,ziyadnz|hourly,2026-08-17T18:48:05Z,2026-08-17T18:48:05Z,
103.230.220.248,ipv4,malicious-ip,medium,WHITE,ziyadnz/hourly-ipv4,ziyadnz|hourly,2026-08-17T18:48:05Z,2026-08-17T18:48:05Z,
103.230.48.169,ipv4,malicious-ip,medium,WHITE,ziyadnz/hourly-ipv4,ziyadnz|hourly,2026-08-17T18:48:05Z,2026-08-17T18:48:05Z,
103.230.81.164,ipv4,malicious-ip,medium,WHITE,ziyadnz/hourly-ipv4,ziyadnz|hourly,2026-08-17T18:48:05Z,2026-08-17T18:48:05Z,
103.231.13.182,ipv4,malicious-ip,medium,WHITE,ziyadnz/hourly-ipv4,ziyadnz|hourly,2026-08-17T18:48:05Z,2026-08-17T18:48:05Z,
103.231.14.54,ipv4,malicious-ip,medium,WHITE,ziyadnz/hourly-ipv4,ziyadnz|hourly,2026-08-17T18:48:05Z,2026-08-17T18:48:05Z,
103.231.15.135,ipv4,malicious-ip,medium,WHITE,ziyadnz/hourly-ipv4,ziyadnz|hourly,2026-08-17T18:48:05Z,2026-08-17T18:48:05Z,
103.231.15.219,ipv4,malicious-ip,medium,WHITE,ziyadnz/hourly-ipv4,ziyadnz|hourly,2026-08-17T18:48:05Z,2026-08-17T18:48:05Z,
103.231.15.248,ipv4,malicious-ip,medium,WHITE,ziyadnz/hourly-ipv4,ziyadnz|hourly,2026-08-17T18:48:05Z,2026-08-17T18:48:05Z,
103.231.44.233,ipv4,malicious-ip,medium,WHITE,ziyadnz/hourly-ipv4,ziyadnz|hourly,2026-08-17T18:48:05Z,2026-08-17T18:48:05Z,
103.231.56.22,ipv4,malicious-ip,medium,WHITE,ziyadnz/hourly-ipv4,ziyadnz|hourly,2026-08-17T18:48:05Z,2026-08-17T18:48:05Z,
103.231.75.101,ipv4,malicious-ip,medium,WHITE,ziyadnz/hourly-ipv4,ziyadnz|hourly,2026-08-17T18:48:05Z,2026-08-17T18:48:05Z,
103.231.94.69,ipv4,malicious-ip,medium,WHITE,ziyadnz/hourly-ipv4,ziyadnz|hourly,2026-08-17T18:48:05Z,2026-08-17T18:48:05Z,
103.232.20.136,ipv4,malicious-ip,medium,WHITE,ziyadnz/hourly-ipv4,ziyadnz|hourly,2026-08-17T18:48:05Z,2026-08-17T18:48:05Z,
103.232.54.13,ipv4,malicious-ip,medium,WHITE,ziyadnz/hourly-ipv4,ziyadnz|hourly,2026-08-17T18:48:05Z,2026-08-17T18:48:05Z,
103.232.95.242,ipv4,malicious-ip,medium,WHITE,ziyadnz/hourly-ipv4,ziyadnz|hourly,2026-08-17T18:48:05Z,2026-08-17T18:48:05Z,
103.233.22.14,ipv4,malicious-ip,medium,WHITE,ziyadnz/hourly-ipv4,ziyadnz|hourly,2026-08-17T18:48:05Z,2026-08-17T18:48:05Z,
103.233.24.205,ipv4,malicious-ip,medium,WHITE,ziyadnz/hourly-ipv4,ziyadnz|hourly,2026-08-17T18:48:05Z,2026-08-17T18:48:05Z,
103.233.252.166,ipv4,malicious-ip,medium,WHITE,ziyadnz/hourly-ipv4,ziyadnz|hourly,2026-08-17T18:48:05Z,2026-08-17T18:48:05Z,
103.233.83.245,ipv4,malicious-ip,medium,WHITE,ziyadnz/hourly-ipv4,ziyadnz|hourly,2026-08-17T18:48:05Z,2026-08-17T18:48:05Z,
103.234.48.83,ipv4,malicious-ip,medium,WHITE,ziyadnz/hourly-ipv4,ziyadnz|hourly,2026-08-17T18:48:05Z,2026-08-17T18:48:05Z,
103.234.53.69,ipv4,malicious-ip,medium,WHITE,ziyadnz/hourly-ipv4,ziyadnz|hourly,2026-08-17T18:48:05Z,2026-08-17T18:48:05Z,
103.234.54.128,ipv4,malicious-ip,medium,WHITE,ziyadnz/hourly-ipv4,ziyadnz|hourly,2026-08-17T18:48:05Z,2026-08-17T18:48:05Z,
103.234.62.102,ipv4,malicious-ip,medium,WHITE,ziyadnz/hourly-ipv4,ziyadnz|hourly,2026-08-17T18:48:05Z,2026-08-17T18:48:05Z,
103.234.62.108,ipv4,malicious-ip,medium,WHITE,ziyadnz/hourly-ipv4,ziyadnz|hourly,2026-08-17T18:48:05Z,2026-08-17T18:48:05Z,
103.234.62.109,ipv4,malicious-ip,medium,WHITE,ziyadnz/hourly-ipv4,ziyadnz|hourly,2026-08-17T18:48:05Z,2026-08-17T18:48:05Z,
103.234.62.110,ipv4,malicious-ip,medium,WHITE,ziyadnz/hourly-ipv4,ziyadnz|hourly,2026-08-17T18:48:05Z,2026-08-17T18:48:05Z,
103.234.62.112,ipv4,malicious-ip,medium,WHITE,ziyadnz/hourly-ipv4,ziyadnz|hourly,2026-08-17T18:48:05Z,2026-08-17T18:48:05Z,
103.234.62.115,ipv4,malicious-ip,medium,WHITE,ziyadnz/hourly-ipv4,ziyadnz|hourly,2026-08-17T18:48:05Z,2026-08-17T18:48:05Z,
103.234.62.119,ipv4,malicious-ip,medium,WHITE,ziyadnz/hourly-ipv4,ziyadnz|hourly,2026-08-17T18:48:05Z,2026-08-17T18:48:05Z,
103.234.62.12,ipv4,malicious-ip,medium,WHITE,ziyadnz/hourly-ipv4,ziyadnz|hourly,2026-08-17T18:48:05Z,2026-08-17T18:48:05Z,
103.234.62.123,ipv4,malicious-ip,medium,WHITE,ziyadnz/hourly-ipv4,ziyadnz|hourly,2026-08-17T18:48:05Z,2026-08-17T18:48:05Z,
103.234.62.2,ipv4,malicious-ip,medium,WHITE,ziyadnz/hourly-ipv4,ziyadnz|hourly,2026-08-17T18:48:05Z,2026-08-17T18:48:05Z,
103.234.62.20,ipv4,malicious-ip,medium,WHITE,ziyadnz/hourly-ipv4,ziyadnz|hourly,2026-08-17T18:48:05Z,2026-08-17T18:48:05Z,
103.234.62.22,ipv4,malicious-ip,medium,WHITE,ziyadnz/hourly-ipv4,ziyadnz|hourly,2026-08-17T18:48:05Z,2026-08-17T18:48:05Z,
103.234.62.27,ipv4,malicious-ip,medium,WHITE,ziyadnz/hourly-ipv4,ziyadnz|hourly,2026-08-17T18:48:05Z,2026-08-17T18:48:05Z,
103.234.62.3,ipv4,malicious-ip,medium,WHITE,ziyadnz/hourly-ipv4,ziyadnz|hourly,2026-08-17T18:48:05Z,2026-08-17T18:48:05Z,
103.234.62.31,ipv4,malicious-ip,medium,WHITE,ziyadnz/hourly-ipv4,ziyadnz|hourly,2026-08-17T18:48:05Z,2026-08-17T18:48:05Z,
103.234.62.32,ipv4,malicious-ip,medium,WHITE,ziyadnz/hourly-ipv4,ziyadnz|hourly,2026-08-17T18:48:05Z,2026-08-17T18:48:05Z,
103.234.62.33,ipv4,malicious-ip,medium,WHITE,ziyadnz/hourly-ipv4,ziyadnz|hourly,2026-08-17T18:48:05Z,2026-08-17T18:48:05Z,
103.234.62.36,ipv4,malicious-ip,medium,WHITE,ziyadnz/hourly-ipv4,ziyadnz|hourly,2026-08-17T18:48:05Z,2026-08-17T18:48:05Z,
103.234.62.40,ipv4,malicious-ip,medium,WHITE,ziyadnz/hourly-ipv4,ziyadnz|hourly,2026-08-17T18:48:05Z,2026-08-17T18:48:05Z,
103.234.62.47,ipv4,malicious-ip,medium,WHITE,ziyadnz/hourly-ipv4,ziyadnz|hourly,2026-08-17T18:48:05Z,2026-08-17T18:48:05Z,
103.234.62.49,ipv4,malicious-ip,medium,WHITE,ziyadnz/hourly-ipv4,ziyadnz|hourly,2026-08-17T18:48:05Z,2026-08-17T18:48:05Z,
103.234.62.50,ipv4,malicious-ip,medium,WHITE,ziyadnz/hourly-ipv4,ziyadnz|hourly,2026-08-17T18:48:05Z,2026-08-17T18:48:05Z,
103.234.62.52,ipv4,malicious-ip,medium,WHITE,ziyadnz/hourly-ipv4,ziyadnz|hourly,2026-08-17T18:48:05Z,2026-08-17T18:48:05Z,
103.234.62.54,ipv4,malicious-ip,medium,WHITE,ziyadnz/hourly-ipv4,ziyadnz|hourly,2026-08-17T18:48:05Z,2026-08-17T18:48:05Z,
103.234.62.55,ipv4,malicious-ip,medium,WHITE,ziyadnz/hourly-ipv4,ziyadnz|hourly,2026-08-17T18:48:05Z,2026-08-17T18:48:05Z,
103.234.62.57,ipv4,malicious-ip,medium,WHITE,ziyadnz/hourly-ipv4,ziyadnz|hourly,2026-08-17T18:48:05Z,2026-08-17T18:48:05Z,
103.234.62.58,ipv4,malicious-ip,medium,WHITE,ziyadnz/hourly-ipv4,ziyadnz|hourly,2026-08-17T18:48:05Z,2026-08-17T18:48:05Z,
103.234.62.6,ipv4,malicious-ip,medium,WHITE,ziyadnz/hourly-ipv4,ziyadnz|hourly,2026-08-17T18:48:05Z,2026-08-17T18:48:05Z,
103.234.62.68,ipv4,malicious-ip,medium,WHITE,ziyadnz/hourly-ipv4,ziyadnz|hourly,2026-08-17T18:48:05Z,2026-08-17T18:48:05Z,
103.234.62.69,ipv4,malicious-ip,medium,WHITE,ziyadnz/hourly-ipv4,ziyadnz|hourly,2026-08-17T18:48:05Z,2026-08-17T18:48:05Z,
103.234.62.70,ipv4,malicious-ip,medium,WHITE,ziyadnz/hourly-ipv4,ziyadnz|hourly,2026-08-17T18:48:05Z,2026-08-17T18:48:05Z,
103.234.62.71,ipv4,malicious-ip,medium,WHITE,ziyadnz/hourly-ipv4,ziyadnz|hourly,2026-08-17T18:48:05Z,2026-08-17T18:48:05Z,
103.234.62.73,ipv4,malicious-ip,medium,WHITE,ziyadnz/hourly-ipv4,ziyadnz|hourly,2026-08-17T18:48:05Z,2026-08-17T18:48:05Z,
103.234.62.74,ipv4,malicious-ip,medium,WHITE,ziyadnz/hourly-ipv4,ziyadnz|hourly,2026-08-17T18:48:05Z,2026-08-17T18:48:05Z,
103.234.62.78,ipv4,malicious-ip,medium,WHITE,ziyadnz/hourly-ipv4,ziyadnz|hourly,2026-08-17T18:48:05Z,2026-08-17T18:48:05Z,
103.234.62.80,ipv4,malicious-ip,medium,WHITE,ziyadnz/hourly-ipv4,ziyadnz|hourly,2026-08-17T18:48:05Z,2026-08-17T18:48:05Z,
103.234.62.84,ipv4,malicious-ip,medium,WHITE,ziyadnz/hourly-ipv4,ziyadnz|hourly,2026-08-17T18:48:05Z,2026-08-17T18:48:05Z,
103.234.62.89,ipv4,malicious-ip,medium,WHITE,ziyadnz/hourly-ipv4,ziyadnz|hourly,2026-08-17T18:48:05Z,2026-08-17T18:48:05Z,
103.234.62.96,ipv4,malicious-ip,medium,WHITE,ziyadnz/hourly-ipv4,ziyadnz|hourly,2026-08-17T18:48:05Z,2026-08-17T18:48:05Z,
103.234.97.19,ipv4,malicious-ip,medium,WHITE,ziyadnz/hourly-ipv4,ziyadnz|hourly,2026-08-17T18:48:05Z,2026-08-17T18:48:05Z,
103.234.99.115,ipv4,malicious-ip,medium,WHITE,ziyadnz/hourly-ipv4,ziyadnz|hourly,2026-08-17T18:48:05Z,2026-08-17T18:48:05Z,
103.235.0.19,ipv4,malicious-ip,medium,WHITE,ziyadnz/hourly-ipv4,ziyadnz|hourly,2026-08-17T18:48:05Z,2026-08-17T18:48:05Z,
103.235.198.33,ipv4,malicious-ip,medium,WHITE,ziyadnz/hourly-ipv4,ziyadnz|hourly,2026-08-17T18:48:05Z,2026-08-17T18:48:05Z,
103.235.46.102,ipv4,malicious-ip,medium,WHITE,ziyadnz/hourly-ipv4,ziyadnz|hourly,2026-08-17T18:48:05Z,2026-08-17T18:48:05Z,
103.235.92.187,ipv4,malicious-ip,medium,WHITE,ziyadnz/hourly-ipv4,ziyadnz|hourly,2026-08-17T18:48:05Z,2026-08-17T18:48:05Z,
103.235.94.96,ipv4,malicious-ip,medium,WHITE,ziyadnz/hourly-ipv4,ziyadnz|hourly,2026-08-17T18:48:05Z,2026-08-17T18:48:05Z,
103.236.140.19,ipv4,malicious-ip,medium,WHITE,ziyadnz/hourly-ipv4,ziyadnz|hourly,2026-08-17T18:48:05Z,2026-08-17T18:48:05Z,
103.236.68.97,ipv4,malicious-ip,medium,WHITE,ziyadnz/hourly-ipv4,ziyadnz|hourly,2026-08-17T18:48:05Z,2026-08-17T18:48:05Z,
103.236.80.222,ipv4,malicious-ip,medium,WHITE,ziyadnz/hourly-ipv4,ziyadnz|hourly,2026-08-17T18:48:05Z,2026-08-17T18:48:05Z,
103.236.84.152,ipv4,malicious-ip,medium,WHITE,ziyadnz/hourly-ipv4,ziyadnz|hourly,2026-08-17T18:48:05Z,2026-08-17T18:48:05Z,
103.236.90.211,ipv4,malicious-ip,medium,WHITE,ziyadnz/hourly-ipv4,ziyadnz|hourly,2026-08-17T18:48:05Z,2026-08-17T18:48:05Z,
103.236.94.237,ipv4,malicious-ip,medium,WHITE,ziyadnz/hourly-ipv4,ziyadnz|hourly,2026-08-17T18:48:05Z,2026-08-17T18:48:05Z,
103.236.98.144,ipv4,malicious-ip,medium,WHITE,ziyadnz/hourly-ipv4,ziyadnz|hourly,2026-08-17T18:48:05Z,2026-08-17T18:48:05Z,
103.236.98.75,ipv4,malicious-ip,medium,WHITE,ziyadnz/hourly-ipv4,ziyadnz|hourly,2026-08-17T18:48:05Z,2026-08-17T18:48:05Z,
103.237.102.191,ipv4,malicious-ip,medium,WHITE,ziyadnz/hourly-ipv4,ziyadnz|hourly,2026-08-17T18:48:05Z,2026-08-17T18:48:05Z,
103.237.144.231,ipv4,malicious-ip,medium,WHITE,ziyadnz/hourly-ipv4,ziyadnz|hourly,2026-08-17T18:48:05Z,2026-08-17T18:48:05Z,
103.237.58.0,ipv4,malicious-ip,medium,WHITE,ziyadnz/hourly-ipv4,ziyadnz|hourly,2026-08-17T18:48:05Z,2026-08-17T18:48:05Z,
103.237.58.117,ipv4,malicious-ip,medium,WHITE,ziyadnz/hourly-ipv4,ziyadnz|hourly,2026-08-17T18:48:05Z,2026-08-17T18:48:05Z,
103.237.58.197,ipv4,malicious-ip,medium,WHITE,ziyadnz/hourly-ipv4,ziyadnz|hourly,2026-08-17T18:48:05Z,2026-08-17T18:48:05Z,
103.237.58.251,ipv4,malicious-ip,medium,WHITE,ziyadnz/hourly-ipv4,ziyadnz|hourly,2026-08-17T18:48:05Z,2026-08-17T18:48:05Z,
103.237.58.35,ipv4,malicious-ip,medium,WHITE,ziyadnz/hourly-ipv4,ziyadnz|hourly,2026-08-17T18:48:05Z,2026-08-17T18:48:05Z,
103.237.58.61,ipv4,malicious-ip,medium,WHITE,ziyadnz/hourly-ipv4,ziyadnz|hourly,2026-08-17T18:48:05Z,2026-08-17T18:48:05Z,
103.237.86.41,ipv4,malicious-ip,medium,WHITE,ziyadnz/hourly-ipv4,ziyadnz|hourly,2026-08-17T18:48:05Z,2026-08-17T18:48:05Z,
103.237.92.191,ipv4,malicious-ip,medium,WHITE,ziyadnz/hourly-ipv4,ziyadnz|hourly,2026-08-17T18:48:05Z,2026-08-17T18:48:05Z,
103.238.232.214,ipv4,malicious-ip,medium,WHITE,ziyadnz/hourly-ipv4,ziyadnz|hourly,2026-08-17T18:48:05Z,2026-08-17T18:48:05Z,
103.238.69.134,ipv4,malicious-ip,medium,WHITE,ziyadnz/hourly-ipv4,ziyadnz|hourly,2026-08-17T18:48:05Z,2026-08-17T18:48:05Z,
103.239.185.31,ipv4,malicious-ip,medium,WHITE,ziyadnz/hourly-ipv4,ziyadnz|hourly,2026-08-17T18:48:05Z,2026-08-17T18:48:05Z,
103.239.222.80,ipv4,malicious-ip,medium,WHITE,ziyadnz/hourly-ipv4,ziyadnz|hourly,2026-08-17T18:48:05Z,2026-08-17T18:48:05Z,
103.239.252.132,ipv4,malicious-ip,medium,WHITE,ziyadnz/hourly-ipv4,ziyadnz|hourly,2026-08-17T18:48:05Z,2026-08-17T18:48:05Z,
103.239.252.66,ipv4,malicious-ip,medium,WHITE,ziyadnz/hourly-ipv4,ziyadnz|hourly,2026-08-17T18:48:05Z,2026-08-17T18:48:05Z,
103.24.212.42,ipv4,malicious-ip,medium,WHITE,ziyadnz/hourly-ipv4,ziyadnz|hourly,2026-08-17T18:48:05Z,2026-08-17T18:48:05Z,
103.24.217.179,ipv4,malicious-ip,medium,WHITE,ziyadnz/hourly-ipv4,ziyadnz|hourly,2026-08-17T18:48:05Z,2026-08-17T18:48:05Z,
103.24.22.66,ipv4,malicious-ip,medium,WHITE,ziyadnz/hourly-ipv4,ziyadnz|hourly,2026-08-17T18:48:05Z,2026-08-17T18:48:05Z,
103.24.85.230,ipv4,malicious-ip,medium,WHITE,ziyadnz/hourly-ipv4,ziyadnz|hourly,2026-08-17T18:48:05Z,2026-08-17T18:48:05Z,
103.24.87.125,ipv4,malicious-ip,medium,WHITE,ziyadnz/hourly-ipv4,ziyadnz|hourly,2026-08-17T18:48:05Z,2026-08-17T18:48:05Z,
103.24.87.99,ipv4,malicious-ip,medium,WHITE,ziyadnz/hourly-ipv4,ziyadnz|hourly,2026-08-17T18:48:05Z,2026-08-17T18:48:05Z,
103.240.109.194,ipv4,malicious-ip,medium,WHITE,ziyadnz/hourly-ipv4,ziyadnz|hourly,2026-08-17T18:48:05Z,2026-08-17T18:48:05Z,
103.240.141.50,ipv4,malicious-ip,medium,WHITE,ziyadnz/hourly-ipv4,ziyadnz|hourly,2026-08-17T18:48:05Z,2026-08-17T18:48:05Z,
103.240.207.146,ipv4,malicious-ip,medium,WHITE,ziyadnz/hourly-ipv4,ziyadnz|hourly,2026-08-17T18:48:05Z,2026-08-17T18:48:05Z,
103.240.208.158,ipv4,malicious-ip,medium,WHITE,ziyadnz/hourly-ipv4,ziyadnz|hourly,2026-08-17T18:48:05Z,2026-08-17T18:48:05Z,
103.240.214.2,ipv4,malicious-ip,medium,WHITE,ziyadnz/hourly-ipv4,ziyadnz|hourly,2026-08-17T18:48:05Z,2026-08-17T18:48:05Z,
103.240.220.186,ipv4,malicious-ip,medium,WHITE,ziyadnz/hourly-ipv4,ziyadnz|hourly,2026-08-17T18:48:05Z,2026-08-17T18:48:05Z,
103.240.234.179,ipv4,malicious-ip,medium,WHITE,ziyadnz/hourly-ipv4,ziyadnz|hourly,2026-08-17T18:48:05Z,2026-08-17T18:48:05Z,
103.240.234.226,ipv4,malicious-ip,medium,WHITE,ziyadnz/hourly-ipv4,ziyadnz|hourly,2026-08-17T18:48:05Z,2026-08-17T18:48:05Z,
103.240.235.129,ipv4,malicious-ip,medium,WHITE,ziyadnz/hourly-ipv4,ziyadnz|hourly,2026-08-17T18:48:05Z,2026-08-17T18:48:05Z,
103.240.235.52,ipv4,malicious-ip,medium,WHITE,ziyadnz/hourly-ipv4,ziyadnz|hourly,2026-08-17T18:48:05Z,2026-08-17T18:48:05Z,
103.240.76.160,ipv4,malicious-ip,medium,WHITE,ziyadnz/hourly-ipv4,ziyadnz|hourly,2026-08-17T18:48:05Z,2026-08-17T18:48:05Z,
103.240.76.173,ipv4,malicious-ip,medium,WHITE,ziyadnz/hourly-ipv4,ziyadnz|hourly,2026-08-17T18:48:05Z,2026-08-17T18:48:05Z,
103.240.76.68,ipv4,malicious-ip,medium,WHITE,ziyadnz/hourly-ipv4,ziyadnz|hourly,2026-08-17T18:48:05Z,2026-08-17T18:48:05Z,
103.241.171.94,ipv4,malicious-ip,medium,WHITE,ziyadnz/hourly-ipv4,ziyadnz|hourly,2026-08-17T18:48:05Z,2026-08-17T18:48:05Z,
103.241.206.119,ipv4,malicious-ip,medium,WHITE,ziyadnz/hourly-ipv4,ziyadnz|hourly,2026-08-17T18:48:05Z,2026-08-17T18:48:05Z,
103.241.224.150,ipv4,malicious-ip,medium,WHITE,ziyadnz/hourly-ipv4,ziyadnz|hourly,2026-08-17T18:48:05Z,2026-08-17T18:48:05Z,
103.241.224.174,ipv4,malicious-ip,medium,WHITE,ziyadnz/hourly-ipv4,ziyadnz|hourly,2026-08-17T18:48:05Z,2026-08-17T18:48:05Z,
103.241.225.130,ipv4,malicious-ip,medium,WHITE,ziyadnz/hourly-ipv4,ziyadnz|hourly,2026-08-17T18:48:05Z,2026-08-17T18:48:05Z,
103.241.43.193,ipv4,malicious-ip,medium,WHITE,ziyadnz/hourly-ipv4,ziyadnz|hourly,2026-08-17T18:48:05Z,2026-08-17T18:48:05Z,
103.241.64.128,ipv4,malicious-ip,medium,WHITE,ziyadnz/hourly-ipv4,ziyadnz|hourly,2026-08-17T18:48:05Z,2026-08-17T18:48:05Z,
103.241.67.160,ipv4,malicious-ip,medium,WHITE,ziyadnz/hourly-ipv4,ziyadnz|hourly,2026-08-17T18:48:05Z,2026-08-17T18:48:05Z,
103.242.104.103,ipv4,malicious-ip,medium,WHITE,ziyadnz/hourly-ipv4,ziyadnz|hourly,2026-08-17T18:48:05Z,2026-08-17T18:48:05Z,
103.242.104.141,ipv4,malicious-ip,medium,WHITE,ziyadnz/hourly-ipv4,ziyadnz|hourly,2026-08-17T18:48:05Z,2026-08-17T18:48:05Z,
103.242.118.219,ipv4,malicious-ip,medium,WHITE,ziyadnz/hourly-ipv4,ziyadnz|hourly,2026-08-17T18:48:05Z,2026-08-17T18:48:05Z,
103.242.199.167,ipv4,malicious-ip,medium,WHITE,ziyadnz/hourly-ipv4,ziyadnz|hourly,2026-08-17T18:48:05Z,2026-08-17T18:48:05Z,
103.242.199.202,ipv4,malicious-ip,medium,WHITE,ziyadnz/hourly-ipv4,ziyadnz|hourly,2026-08-17T18:48:05Z,2026-08-17T18:48:05Z,
103.242.199.245,ipv4,malicious-ip,medium,WHITE,ziyadnz/hourly-ipv4,ziyadnz|hourly,2026-08-17T18:48:05Z,2026-08-17T18:48:05Z,
103.242.2.167,ipv4,malicious-ip,medium,WHITE,ziyadnz/hourly-ipv4,ziyadnz|hourly,2026-08-17T18:48:05Z,2026-08-17T18:48:05Z,
103.242.224.11,ipv4,malicious-ip,medium,WHITE,ziyadnz/hourly-ipv4,ziyadnz|hourly,2026-08-17T18:48:05Z,2026-08-17T18:48:05Z,
103.242.3.105,ipv4,malicious-ip,medium,WHITE,ziyadnz/hourly-ipv4,ziyadnz|hourly,2026-08-17T18:48:05Z,2026-08-17T18:48:05Z,
103.243.184.161,ipv4,malicious-ip,medium,WHITE,ziyadnz/hourly-ipv4,ziyadnz|hourly,2026-08-17T18:48:05Z,2026-08-17T18:48:05Z,
103.243.212.98,ipv4,malicious-ip,medium,WHITE,ziyadnz/hourly-ipv4,ziyadnz|hourly,2026-08-17T18:48:05Z,2026-08-17T18:48:05Z,
103.243.24.124,ipv4,malicious-ip,medium,WHITE,ziyadnz/hourly-ipv4,ziyadnz|hourly,2026-08-17T18:48:05Z,2026-08-17T18:48:05Z,
103.243.27.13,ipv4,malicious-ip,medium,WHITE,ziyadnz/hourly-ipv4,ziyadnz|hourly,2026-08-17T18:48:05Z,2026-08-17T18:48:05Z,
103.243.46.136,ipv4,malicious-ip,medium,WHITE,ziyadnz/hourly-ipv4,ziyadnz|hourly,2026-08-17T18:48:05Z,2026-08-17T18:48:05Z,
103.243.55.147,ipv4,malicious-ip,medium,WHITE,ziyadnz/hourly-ipv4,ziyadnz|hourly,2026-08-17T18:48:05Z,2026-08-17T18:48:05Z,
103.243.55.80,ipv4,malicious-ip,medium,WHITE,ziyadnz/hourly-ipv4,ziyadnz|hourly,2026-08-17T18:48:05Z,2026-08-17T18:48:05Z,
103.244.141.67,ipv4,malicious-ip,medium,WHITE,ziyadnz/hourly-ipv4,ziyadnz|hourly,2026-08-17T18:48:05Z,2026-08-17T18:48:05Z,
103.244.172.235,ipv4,malicious-ip,medium,WHITE,ziyadnz/hourly-ipv4,ziyadnz|hourly,2026-08-17T18:48:05Z,2026-08-17T18:48:05Z,
103.244.172.236,ipv4,malicious-ip,medium,WHITE,ziyadnz/hourly-ipv4,ziyadnz|hourly,2026-08-17T18:48:05Z,2026-08-17T18:48:05Z,
103.244.172.31,ipv4,malicious-ip,medium,WHITE,ziyadnz/hourly-ipv4,ziyadnz|hourly,2026-08-17T18:48:05Z,2026-08-17T18:48:05Z,
103.244.172.58,ipv4,malicious-ip,medium,WHITE,ziyadnz/hourly-ipv4,ziyadnz|hourly,2026-08-17T18:48:05Z,2026-08-17T18:48:05Z,
103.244.174.137,ipv4,malicious-ip,medium,WHITE,ziyadnz/hourly-ipv4,ziyadnz|hourly,2026-08-17T18:48:05Z,2026-08-17T18:48:05Z,
103.244.176.222,ipv4,malicious-ip,medium,WHITE,ziyadnz/hourly-ipv4,ziyadnz|hourly,2026-08-17T18:48:05Z,2026-08-17T18:48:05Z,
103.244.176.82,ipv4,malicious-ip,medium,WHITE,ziyadnz/hourly-ipv4,ziyadnz|hourly,2026-08-17T18:48:05Z,2026-08-17T18:48:05Z,
103.244.177.32,ipv4,malicious-ip,medium,WHITE,ziyadnz/hourly-ipv4,ziyadnz|hourly,2026-08-17T18:48:05Z,2026-08-17T18:48:05Z,
103.244.178.231,ipv4,malicious-ip,medium,WHITE,ziyadnz/hourly-ipv4,ziyadnz|hourly,2026-08-17T18:48:05Z,2026-08-17T18:48:05Z,
103.244.179.43,ipv4,malicious-ip,medium,WHITE,ziyadnz/hourly-ipv4,ziyadnz|hourly,2026-08-17T18:48:05Z,2026-08-17T18:48:05Z,
103.244.227.48,ipv4,malicious-ip,medium,WHITE,ziyadnz/hourly-ipv4,ziyadnz|hourly,2026-08-17T18:48:05Z,2026-08-17T18:48:05Z,
103.244.88.125,ipv4,malicious-ip,medium,WHITE,ziyadnz/hourly-ipv4,ziyadnz|hourly,2026-08-17T18:48:05Z,2026-08-17T18:48:05Z,
103.245.108.142,ipv4,malicious-ip,medium,WHITE,ziyadnz/hourly-ipv4,ziyadnz|hourly,2026-08-17T18:48:05Z,2026-08-17T18:48:05Z,
103.245.17.222,ipv4,malicious-ip,medium,WHITE,ziyadnz/hourly-ipv4,ziyadnz|hourly,2026-08-17T18:48:05Z,2026-08-17T18:48:05Z,
103.245.195.1,ipv4,malicious-ip,medium,WHITE,ziyadnz/hourly-ipv4,ziyadnz|hourly,2026-08-17T18:48:05Z,2026-08-17T18:48:05Z,
103.245.205.129,ipv4,malicious-ip,medium,WHITE,ziyadnz/hourly-ipv4,ziyadnz|hourly,2026-08-17T18:48:05Z,2026-08-17T18:48:05Z,
103.245.236.146,ipv4,malicious-ip,medium,WHITE,ziyadnz/hourly-ipv4,ziyadnz|hourly,2026-08-17T18:48:05Z,2026-08-17T18:48:05Z,
103.245.236.207,ipv4,malicious-ip,medium,WHITE,ziyadnz/hourly-ipv4,ziyadnz|hourly,2026-08-17T18:48:05Z,2026-08-17T18:48:05Z,
103.245.236.231,ipv4,malicious-ip,medium,WHITE,ziyadnz/hourly-ipv4,ziyadnz|hourly,2026-08-17T18:48:05Z,2026-08-17T18:48:05Z,
103.245.237.65,ipv4,malicious-ip,medium,WHITE,ziyadnz/hourly-ipv4,ziyadnz|hourly,2026-08-17T18:48:05Z,2026-08-17T18:48:05Z,
103.245.249.246,ipv4,malicious-ip,medium,WHITE,ziyadnz/hourly-ipv4,ziyadnz|hourly,2026-08-17T18:48:05Z,2026-08-17T18:48:05Z,
103.245.249.62,ipv4,malicious-ip,medium,WHITE,ziyadnz/hourly-ipv4,ziyadnz|hourly,2026-08-17T18:48:05Z,2026-08-17T18:48:05Z,
103.245.249.64,ipv4,malicious-ip,medium,WHITE,ziyadnz/hourly-ipv4,ziyadnz|hourly,2026-08-17T18:48:05Z,2026-08-17T18:48:05Z,
103.245.3.135,ipv4,malicious-ip,medium,WHITE,ziyadnz/hourly-ipv4,ziyadnz|hourly,2026-08-17T18:48:05Z,2026-08-17T18:48:05Z,
103.245.34.92,ipv4,malicious-ip,medium,WHITE,ziyadnz/hourly-ipv4,ziyadnz|hourly,2026-08-17T18:48:05Z,2026-08-17T18:48:05Z,
103.245.71.13,ipv4,malicious-ip,medium,WHITE,ziyadnz/hourly-ipv4,ziyadnz|hourly,2026-08-17T18:48:05Z,2026-08-17T18:48:05Z,
103.246.109.114,ipv4,malicious-ip,medium,WHITE,ziyadnz/hourly-ipv4,ziyadnz|hourly,2026-08-17T18:48:05Z,2026-08-17T18:48:05Z,
103.246.145.201,ipv4,malicious-ip,medium,WHITE,ziyadnz/hourly-ipv4,ziyadnz|hourly,2026-08-17T18:48:05Z,2026-08-17T18:48:05Z,
103.246.147.17,ipv4,malicious-ip,medium,WHITE,ziyadnz/hourly-ipv4,ziyadnz|hourly,2026-08-17T18:48:05Z,2026-08-17T18:48:05Z,
103.246.242.202,ipv4,malicious-ip,medium,WHITE,ziyadnz/hourly-ipv4,ziyadnz|hourly,2026-08-17T18:48:05Z,2026-08-17T18:48:05Z,
103.246.244.20,ipv4,malicious-ip,medium,WHITE,ziyadnz/hourly-ipv4,ziyadnz|hourly,2026-08-17T18:48:05Z,2026-08-17T18:48:05Z,
103.246.30.243,ipv4,malicious-ip,medium,WHITE,ziyadnz/hourly-ipv4,ziyadnz|hourly,2026-08-17T18:48:05Z,2026-08-17T18:48:05Z,
103.247.11.159,ipv4,malicious-ip,medium,WHITE,ziyadnz/hourly-ipv4,ziyadnz|hourly,2026-08-17T18:48:05Z,2026-08-17T18:48:05Z,
103.247.19.101,ipv4,malicious-ip,medium,WHITE,ziyadnz/hourly-ipv4,ziyadnz|hourly,2026-08-17T18:48:05Z,2026-08-17T18:48:05Z,
103.247.7.39,ipv4,malicious-ip,medium,WHITE,ziyadnz/hourly-ipv4,ziyadnz|hourly,2026-08-17T18:48:05Z,2026-08-17T18:48:05Z,
103.248.121.71,ipv4,malicious-ip,medium,WHITE,ziyadnz/hourly-ipv4,ziyadnz|hourly,2026-08-17T18:48:05Z,2026-08-17T18:48:05Z,
103.248.13.234,ipv4,malicious-ip,medium,WHITE,ziyadnz/hourly-ipv4,ziyadnz|hourly,2026-08-17T18:48:05Z,2026-08-17T18:48:05Z,
103.248.154.43,ipv4,malicious-ip,medium,WHITE,ziyadnz/hourly-ipv4,ziyadnz|hourly,2026-08-17T18:48:05Z,2026-08-17T18:48:05Z,
103.248.20.197,ipv4,malicious-ip,medium,WHITE,ziyadnz/hourly-ipv4,ziyadnz|hourly,2026-08-17T18:48:05Z,2026-08-17T18:48:05Z,
103.248.206.83,ipv4,malicious-ip,medium,WHITE,ziyadnz/hourly-ipv4,ziyadnz|hourly,2026-08-17T18:48:05Z,2026-08-17T18:48:05Z,
103.248.207.229,ipv4,malicious-ip,medium,WHITE,ziyadnz/hourly-ipv4,ziyadnz|hourly,2026-08-17T18:48:05Z,2026-08-17T18:48:05Z,
103.248.61.36,ipv4,malicious-ip,medium,WHITE,ziyadnz/hourly-ipv4,ziyadnz|hourly,2026-08-17T18:48:05Z,2026-08-17T18:48:05Z,
103.249.114.59,ipv4,malicious-ip,medium,WHITE,ziyadnz/hourly-ipv4,ziyadnz|hourly,2026-08-17T18:48:05Z,2026-08-17T18:48:05Z,
103.249.133.245,ipv4,malicious-ip,medium,WHITE,ziyadnz/hourly-ipv4,ziyadnz|hourly,2026-08-17T18:48:05Z,2026-08-17T18:48:05Z,
103.249.18.209,ipv4,malicious-ip,medium,WHITE,ziyadnz/hourly-ipv4,ziyadnz|hourly,2026-08-17T18:48:05Z,2026-08-17T18:48:05Z,
103.249.19.137,ipv4,malicious-ip,medium,WHITE,ziyadnz/hourly-ipv4,ziyadnz|hourly,2026-08-17T18:48:05Z,2026-08-17T18:48:05Z,
103.249.201.108,ipv4,malicious-ip,medium,WHITE,ziyadnz/hourly-ipv4,ziyadnz|hourly,2026-08-17T18:48:05Z,2026-08-17T18:48:05Z,
103.249.201.41,ipv4,malicious-ip,medium,WHITE,ziyadnz/hourly-ipv4,ziyadnz|hourly,2026-08-17T18:48:05Z,2026-08-17T18:48:05Z,
103.249.234.186,ipv4,malicious-ip,medium,WHITE,ziyadnz/hourly-ipv4,ziyadnz|hourly,2026-08-17T18:48:05Z,2026-08-17T18:48:05Z,
103.249.4.198,ipv4,malicious-ip,medium,WHITE,ziyadnz/hourly-ipv4,ziyadnz|hourly,2026-08-17T18:48:05Z,2026-08-17T18:48:05Z,
103.249.78.223,ipv4,malicious-ip,medium,WHITE,ziyadnz/hourly-ipv4,ziyadnz|hourly,2026-08-17T18:48:05Z,2026-08-17T18:48:05Z,
103.249.81.106,ipv4,malicious-ip,medium,WHITE,ziyadnz/hourly-ipv4,ziyadnz|hourly,2026-08-17T18:48:05Z,2026-08-17T18:48:05Z,
103.249.84.18,ipv4,malicious-ip,medium,WHITE,ziyadnz/hourly-ipv4,ziyadnz|hourly,2026-08-17T18:48:05Z,2026-08-17T18:48:05Z,
103.249.84.242,ipv4,malicious-ip,medium,WHITE,ziyadnz/hourly-ipv4,ziyadnz|hourly,2026-08-17T18:48:05Z,2026-08-17T18:48:05Z,
103.249.87.183,ipv4,malicious-ip,medium,WHITE,ziyadnz/hourly-ipv4,ziyadnz|hourly,2026-08-17T18:48:05Z,2026-08-17T18:48:05Z,
103.25.137.125,ipv4,malicious-ip,medium,WHITE,ziyadnz/hourly-ipv4,ziyadnz|hourly,2026-08-17T18:48:05Z,2026-08-17T18:48:05Z,
103.25.168.204,ipv4,malicious-ip,medium,WHITE,ziyadnz/hourly-ipv4,ziyadnz|hourly,2026-08-17T18:48:05Z,2026-08-17T18:48:05Z,
103.25.208.43,ipv4,malicious-ip,medium,WHITE,ziyadnz/hourly-ipv4,ziyadnz|hourly,2026-08-17T18:48:05Z,2026-08-17T18:48:05Z,
103.25.46.38,ipv4,malicious-ip,medium,WHITE,ziyadnz/hourly-ipv4,ziyadnz|hourly,2026-08-17T18:48:05Z,2026-08-17T18:48:05Z,
103.25.9.245,ipv4,malicious-ip,medium,WHITE,ziyadnz/hourly-ipv4,ziyadnz|hourly,2026-08-17T18:48:05Z,2026-08-17T18:48:05Z,
103.250.10.18,ipv4,malicious-ip,medium,WHITE,ziyadnz/hourly-ipv4,ziyadnz|hourly,2026-08-17T18:48:05Z,2026-08-17T18:48:05Z,
103.250.10.21,ipv4,malicious-ip,medium,WHITE,ziyadnz/hourly-ipv4,ziyadnz|hourly,2026-08-17T18:48:05Z,2026-08-17T18:48:05Z,
103.250.10.42,ipv4,malicious-ip,medium,WHITE,ziyadnz/hourly-ipv4,ziyadnz|hourly,2026-08-17T18:48:05Z,2026-08-17T18:48:05Z,
103.250.108.96,ipv4,malicious-ip,medium,WHITE,ziyadnz/hourly-ipv4,ziyadnz|hourly,2026-08-17T18:48:05Z,2026-08-17T18:48:05Z,
103.250.109.246,ipv4,malicious-ip,medium,WHITE,ziyadnz/hourly-ipv4,ziyadnz|hourly,2026-08-17T18:48:05Z,2026-08-17T18:48:05Z,
103.250.11.116,ipv4,malicious-ip,medium,WHITE,ziyadnz/hourly-ipv4,ziyadnz|hourly,2026-08-17T18:48:05Z,2026-08-17T18:48:05Z,
103.250.11.176,ipv4,malicious-ip,medium,WHITE,ziyadnz/hourly-ipv4,ziyadnz|hourly,2026-08-17T18:48:05Z,2026-08-17T18:48:05Z,
103.250.11.80,ipv4,malicious-ip,medium,WHITE,ziyadnz/hourly-ipv4,ziyadnz|hourly,2026-08-17T18:48:05Z,2026-08-17T18:48:05Z,
103.250.147.132,ipv4,malicious-ip,medium,WHITE,ziyadnz/hourly-ipv4,ziyadnz|hourly,2026-08-17T18:48:05Z,2026-08-17T18:48:05Z,
103.250.157.137,ipv4,malicious-ip,medium,WHITE,ziyadnz/hourly-ipv4,ziyadnz|hourly,2026-08-17T18:48:05Z,2026-08-17T18:48:05Z,
103.250.157.148,ipv4,malicious-ip,medium,WHITE,ziyadnz/hourly-ipv4,ziyadnz|hourly,2026-08-17T18:48:05Z,2026-08-17T18:48:05Z,
103.250.160.76,ipv4,malicious-ip,medium,WHITE,ziyadnz/hourly-ipv4,ziyadnz|hourly,2026-08-17T18:48:05Z,2026-08-17T18:48:05Z,
103.250.161.225,ipv4,malicious-ip,medium,WHITE,ziyadnz/hourly-ipv4,ziyadnz|hourly,2026-08-17T18:48:05Z,2026-08-17T18:48:05Z,
103.250.164.110,ipv4,malicious-ip,medium,WHITE,ziyadnz/hourly-ipv4,ziyadnz|hourly,2026-08-17T18:48:05Z,2026-08-17T18:48:05Z,
103.250.191.191,ipv4,malicious-ip,medium,WHITE,ziyadnz/hourly-ipv4,ziyadnz|hourly,2026-08-17T18:48:05Z,2026-08-17T18:48:05Z,
103.250.70.109,ipv4,malicious-ip,medium,WHITE,ziyadnz/hourly-ipv4,ziyadnz|hourly,2026-08-17T18:48:05Z,2026-08-17T18:48:05Z,
103.250.70.110,ipv4,malicious-ip,medium,WHITE,ziyadnz/hourly-ipv4,ziyadnz|hourly,2026-08-17T18:48:05Z,2026-08-17T18:48:05Z,
103.251.112.11,ipv4,malicious-ip,medium,WHITE,ziyadnz/hourly-ipv4,ziyadnz|hourly,2026-08-17T18:48:05Z,2026-08-17T18:48:05Z,
103.251.165.133,ipv4,malicious-ip,medium,WHITE,ziyadnz/hourly-ipv4,ziyadnz|hourly,2026-08-17T18:48:05Z,2026-08-17T18:48:05Z,
103.251.167.20,ipv4,malicious-ip,medium,WHITE,ziyadnz/hourly-ipv4,ziyadnz|hourly,2026-08-17T18:48:05Z,2026-08-17T18:48:05Z,
103.251.167.21,ipv4,malicious-ip,medium,WHITE,ziyadnz/hourly-ipv4,ziyadnz|hourly,2026-08-17T18:48:05Z,2026-08-17T18:48:05Z,
103.251.19.49,ipv4,malicious-ip,medium,WHITE,ziyadnz/hourly-ipv4,ziyadnz|hourly,2026-08-17T18:48:05Z,2026-08-17T18:48:05Z,
103.251.208.38,ipv4,malicious-ip,medium,WHITE,ziyadnz/hourly-ipv4,ziyadnz|hourly,2026-08-17T18:48:05Z,2026-08-17T18:48:05Z,
103.251.247.198,ipv4,malicious-ip,medium,WHITE,ziyadnz/hourly-ipv4,ziyadnz|hourly,2026-08-17T18:48:05Z,2026-08-17T18:48:05Z,
103.251.254.175,ipv4,malicious-ip,medium,WHITE,ziyadnz/hourly-ipv4,ziyadnz|hourly,2026-08-17T18:48:05Z,2026-08-17T18:48:05Z,
103.251.49.234,ipv4,malicious-ip,medium,WHITE,ziyadnz/hourly-ipv4,ziyadnz|hourly,2026-08-17T18:48:05Z,2026-08-17T18:48:05Z,
103.251.52.133,ipv4,malicious-ip,medium,WHITE,ziyadnz/hourly-ipv4,ziyadnz|hourly,2026-08-17T18:48:05Z,2026-08-17T18:48:05Z,
103.251.55.111,ipv4,malicious-ip,medium,WHITE,ziyadnz/hourly-ipv4,ziyadnz|hourly,2026-08-17T18:48:05Z,2026-08-17T18:48:05Z,
103.251.59.98,ipv4,malicious-ip,medium,WHITE,ziyadnz/hourly-ipv4,ziyadnz|hourly,2026-08-17T18:48:05Z,2026-08-17T18:48:05Z,
103.252.12.242,ipv4,malicious-ip,medium,WHITE,ziyadnz/hourly-ipv4,ziyadnz|hourly,2026-08-17T18:48:05Z,2026-08-17T18:48:05Z,
103.252.123.105,ipv4,malicious-ip,medium,WHITE,ziyadnz/hourly-ipv4,ziyadnz|hourly,2026-08-17T18:48:05Z,2026-08-17T18:48:05Z,
103.252.127.147,ipv4,malicious-ip,medium,WHITE,ziyadnz/hourly-ipv4,ziyadnz|hourly,2026-08-17T18:48:05Z,2026-08-17T18:48:05Z,
103.252.127.150,ipv4,malicious-ip,medium,WHITE,ziyadnz/hourly-ipv4,ziyadnz|hourly,2026-08-17T18:48:05Z,2026-08-17T18:48:05Z,
103.252.127.203,ipv4,malicious-ip,medium,WHITE,ziyadnz/hourly-ipv4,ziyadnz|hourly,2026-08-17T18:48:05Z,2026-08-17T18:48:05Z,
103.252.127.34,ipv4,malicious-ip,medium,WHITE,ziyadnz/hourly-ipv4,ziyadnz|hourly,2026-08-17T18:48:05Z,2026-08-17T18:48:05Z,
103.252.127.6,ipv4,malicious-ip,medium,WHITE,ziyadnz/hourly-ipv4,ziyadnz|hourly,2026-08-17T18:48:05Z,2026-08-17T18:48:05Z,
103.252.170.248,ipv4,malicious-ip,medium,WHITE,ziyadnz/hourly-ipv4,ziyadnz|hourly,2026-08-17T18:48:05Z,2026-08-17T18:48:05Z,
103.252.200.225,ipv4,malicious-ip,medium,WHITE,ziyadnz/hourly-ipv4,ziyadnz|hourly,2026-08-17T18:48:05Z,2026-08-17T18:48:05Z,
103.252.221.157,ipv4,malicious-ip,medium,WHITE,ziyadnz/hourly-ipv4,ziyadnz|hourly,2026-08-17T18:48:05Z,2026-08-17T18:48:05Z,
103.252.74.102,ipv4,malicious-ip,medium,WHITE,ziyadnz/hourly-ipv4,ziyadnz|hourly,2026-08-17T18:48:05Z,2026-08-17T18:48:05Z,
103.252.89.75,ipv4,malicious-ip,medium,WHITE,ziyadnz/hourly-ipv4,ziyadnz|hourly,2026-08-17T18:48:05Z,2026-08-17T18:48:05Z,
103.252.91.245,ipv4,malicious-ip,medium,WHITE,ziyadnz/hourly-ipv4,ziyadnz|hourly,2026-08-17T18:48:05Z,2026-08-17T18:48:05Z,
103.253.145.26,ipv4,malicious-ip,medium,WHITE,ziyadnz/hourly-ipv4,ziyadnz|hourly,2026-08-17T18:48:05Z,2026-08-17T18:48:05Z,
103.253.181.224,ipv4,malicious-ip,medium,WHITE,ziyadnz/hourly-ipv4,ziyadnz|hourly,2026-08-17T18:48:05Z,2026-08-17T18:48:05Z,
103.253.24.18,ipv4,malicious-ip,medium,WHITE,ziyadnz/hourly-ipv4,ziyadnz|hourly,2026-08-17T18:48:05Z,2026-08-17T18:48:05Z,
103.253.244.147,ipv4,malicious-ip,medium,WHITE,ziyadnz/hourly-ipv4,ziyadnz|hourly,2026-08-17T18:48:05Z,2026-08-17T18:48:05Z,
103.253.245.222,ipv4,malicious-ip,medium,WHITE,ziyadnz/hourly-ipv4,ziyadnz|hourly,2026-08-17T18:48:05Z,2026-08-17T18:48:05Z,
103.253.27.0,ipv4,malicious-ip,medium,WHITE,ziyadnz/hourly-ipv4,ziyadnz|hourly,2026-08-17T18:48:05Z,2026-08-17T18:48:05Z,
103.253.27.138,ipv4,malicious-ip,medium,WHITE,ziyadnz/hourly-ipv4,ziyadnz|hourly,2026-08-17T18:48:05Z,2026-08-17T18:48:05Z,
103.253.27.204,ipv4,malicious-ip,medium,WHITE,ziyadnz/hourly-ipv4,ziyadnz|hourly,2026-08-17T18:48:05Z,2026-08-17T18:48:05Z,
103.253.27.218,ipv4,malicious-ip,medium,WHITE,ziyadnz/hourly-ipv4,ziyadnz|hourly,2026-08-17T18:48:05Z,2026-08-17T18:48:05Z,
103.253.27.23,ipv4,malicious-ip,medium,WHITE,ziyadnz/hourly-ipv4,ziyadnz|hourly,2026-08-17T18:48:05Z,2026-08-17T18:48:05Z,
103.253.27.242,ipv4,malicious-ip,medium,WHITE,ziyadnz/hourly-ipv4,ziyadnz|hourly,2026-08-17T18:48:05Z,2026-08-17T18:48:05Z,
103.253.27.247,ipv4,malicious-ip,medium,WHITE,ziyadnz/hourly-ipv4,ziyadnz|hourly,2026-08-17T18:48:05Z,2026-08-17T18:48:05Z,
103.253.27.55,ipv4,malicious-ip,medium,WHITE,ziyadnz/hourly-ipv4,ziyadnz|hourly,2026-08-17T18:48:05Z,2026-08-17T18:48:05Z,
103.254.186.201,ipv4,malicious-ip,medium,WHITE,ziyadnz/hourly-ipv4,ziyadnz|hourly,2026-08-17T18:48:05Z,2026-08-17T18:48:05Z,
103.255.105.130,ipv4,malicious-ip,medium,WHITE,ziyadnz/hourly-ipv4,ziyadnz|hourly,2026-08-17T18:48:05Z,2026-08-17T18:48:05Z,
103.255.156.143,ipv4,malicious-ip,medium,WHITE,ziyadnz/hourly-ipv4,ziyadnz|hourly,2026-08-17T18:48:05Z,2026-08-17T18:48:05Z,
103.255.177.55,ipv4,malicious-ip,medium,WHITE,ziyadnz/hourly-ipv4,ziyadnz|hourly,2026-08-17T18:48:05Z,2026-08-17T18:48:05Z,
103.255.65.6,ipv4,malicious-ip,medium,WHITE,ziyadnz/hourly-ipv4,ziyadnz|hourly,2026-08-17T18:48:05Z,2026-08-17T18:48:05Z,
103.255.67.151,ipv4,malicious-ip,medium,WHITE,ziyadnz/hourly-ipv4,ziyadnz|hourly,2026-08-17T18:48:05Z,2026-08-17T18:48:05Z,
103.255.67.61,ipv4,malicious-ip,medium,WHITE,ziyadnz/hourly-ipv4,ziyadnz|hourly,2026-08-17T18:48:05Z,2026-08-17T18:48:05Z,
103.255.73.229,ipv4,malicious-ip,medium,WHITE,ziyadnz/hourly-ipv4,ziyadnz|hourly,2026-08-17T18:48:05Z,2026-08-17T18:48:05Z,
103.255.73.237,ipv4,malicious-ip,medium,WHITE,ziyadnz/hourly-ipv4,ziyadnz|hourly,2026-08-17T18:48:05Z,2026-08-17T18:48:05Z,
103.255.75.252,ipv4,malicious-ip,medium,WHITE,ziyadnz/hourly-ipv4,ziyadnz|hourly,2026-08-17T18:48:05Z,2026-08-17T18:48:05Z,
103.26.109.155,ipv4,malicious-ip,medium,WHITE,ziyadnz/hourly-ipv4,ziyadnz|hourly,2026-08-17T18:48:05Z,2026-08-17T18:48:05Z,
103.26.136.30,ipv4,malicious-ip,medium,WHITE,ziyadnz/hourly-ipv4,ziyadnz|hourly,2026-08-17T18:48:05Z,2026-08-17T18:48:05Z,
103.26.141.32,ipv4,malicious-ip,medium,WHITE,ziyadnz/hourly-ipv4,ziyadnz|hourly,2026-08-17T18:48:05Z,2026-08-17T18:48:05Z,
103.26.179.22,ipv4,malicious-ip,medium,WHITE,ziyadnz/hourly-ipv4,ziyadnz|hourly,2026-08-17T18:48:05Z,2026-08-17T18:48:05Z,
103.26.188.24,ipv4,malicious-ip,medium,WHITE,ziyadnz/hourly-ipv4,ziyadnz|hourly,2026-08-17T18:48:05Z,2026-08-17T18:48:05Z,
103.26.209.157,ipv4,malicious-ip,medium,WHITE,ziyadnz/hourly-ipv4,ziyadnz|hourly,2026-08-17T18:48:05Z,2026-08-17T18:48:05Z,
103.26.45.193,ipv4,malicious-ip,medium,WHITE,ziyadnz/hourly-ipv4,ziyadnz|hourly,2026-08-17T18:48:05Z,2026-08-17T18:48:05Z,
103.26.78.137,ipv4,malicious-ip,medium,WHITE,ziyadnz/hourly-ipv4,ziyadnz|hourly,2026-08-17T18:48:05Z,2026-08-17T18:48:05Z,
103.26.8.146,ipv4,malicious-ip,medium,WHITE,ziyadnz/hourly-ipv4,ziyadnz|hourly,2026-08-17T18:48:05Z,2026-08-17T18:48:05Z,
103.26.81.104,ipv4,malicious-ip,medium,WHITE,ziyadnz/hourly-ipv4,ziyadnz|hourly,2026-08-17T18:48:05Z,2026-08-17T18:48:05Z,
103.26.82.112,ipv4,malicious-ip,medium,WHITE,ziyadnz/hourly-ipv4,ziyadnz|hourly,2026-08-17T18:48:05Z,2026-08-17T18:48:05Z,
103.26.82.13,ipv4,malicious-ip,medium,WHITE,ziyadnz/hourly-ipv4,ziyadnz|hourly,2026-08-17T18:48:05Z,2026-08-17T18:48:05Z,
103.26.82.194,ipv4,malicious-ip,medium,WHITE,ziyadnz/hourly-ipv4,ziyadnz|hourly,2026-08-17T18:48:05Z,2026-08-17T18:48:05Z,
103.26.82.215,ipv4,malicious-ip,medium,WHITE,ziyadnz/hourly-ipv4,ziyadnz|hourly,2026-08-17T18:48:05Z,2026-08-17T18:48:05Z,
103.26.82.242,ipv4,malicious-ip,medium,WHITE,ziyadnz/hourly-ipv4,ziyadnz|hourly,2026-08-17T18:48:05Z,2026-08-17T18:48:05Z,
103.26.83.151,ipv4,malicious-ip,medium,WHITE,ziyadnz/hourly-ipv4,ziyadnz|hourly,2026-08-17T18:48:05Z,2026-08-17T18:48:05Z,
103.26.86.215,ipv4,malicious-ip,medium,WHITE,ziyadnz/hourly-ipv4,ziyadnz|hourly,2026-08-17T18:48:05Z,2026-08-17T18:48:05Z,
103.26.86.224,ipv4,malicious-ip,medium,WHITE,ziyadnz/hourly-ipv4,ziyadnz|hourly,2026-08-17T18:48:05Z,2026-08-17T18:48:05Z,
103.26.86.31,ipv4,malicious-ip,medium,WHITE,ziyadnz/hourly-ipv4,ziyadnz|hourly,2026-08-17T18:48:05Z,2026-08-17T18:48:05Z,
103.26.86.52,ipv4,malicious-ip,medium,WHITE,ziyadnz/hourly-ipv4,ziyadnz|hourly,2026-08-17T18:48:05Z,2026-08-17T18:48:05Z,
103.27.108.152,ipv4,malicious-ip,medium,WHITE,ziyadnz/hourly-ipv4,ziyadnz|hourly,2026-08-17T18:48:05Z,2026-08-17T18:48:05Z,
103.27.108.205,ipv4,malicious-ip,medium,WHITE,ziyadnz/hourly-ipv4,ziyadnz|hourly,2026-08-17T18:48:05Z,2026-08-17T18:48:05Z,
103.27.108.55,ipv4,malicious-ip,medium,WHITE,ziyadnz/hourly-ipv4,ziyadnz|hourly,2026-08-17T18:48:05Z,2026-08-17T18:48:05Z,
103.27.108.62,ipv4,malicious-ip,medium,WHITE,ziyadnz/hourly-ipv4,ziyadnz|hourly,2026-08-17T18:48:05Z,2026-08-17T18:48:05Z,
103.27.109.28,ipv4,malicious-ip,medium,WHITE,ziyadnz/hourly-ipv4,ziyadnz|hourly,2026-08-17T18:48:05Z,2026-08-17T18:48:05Z,
103.27.110.159,ipv4,malicious-ip,medium,WHITE,ziyadnz/hourly-ipv4,ziyadnz|hourly,2026-08-17T18:48:05Z,2026-08-17T18:48:05Z,
103.27.110.232,ipv4,malicious-ip,medium,WHITE,ziyadnz/hourly-ipv4,ziyadnz|hourly,2026-08-17T18:48:05Z,2026-08-17T18:48:05Z,
103.27.110.83,ipv4,malicious-ip,medium,WHITE,ziyadnz/hourly-ipv4,ziyadnz|hourly,2026-08-17T18:48:05Z,2026-08-17T18:48:05Z,
103.27.142.23,ipv4,malicious-ip,medium,WHITE,ziyadnz/hourly-ipv4,ziyadnz|hourly,2026-08-17T18:48:05Z,2026-08-17T18:48:05Z,
103.27.179.133,ipv4,malicious-ip,medium,WHITE,ziyadnz/hourly-ipv4,ziyadnz|hourly,2026-08-17T18:48:05Z,2026-08-17T18:48:05Z,
103.27.186.156,ipv4,malicious-ip,medium,WHITE,ziyadnz/hourly-ipv4,ziyadnz|hourly,2026-08-17T18:48:05Z,2026-08-17T18:48:05Z,
103.27.186.195,ipv4,malicious-ip,medium,WHITE,ziyadnz/hourly-ipv4,ziyadnz|hourly,2026-08-17T18:48:05Z,2026-08-17T18:48:05Z,
103.27.202.127,ipv4,malicious-ip,medium,WHITE,ziyadnz/hourly-ipv4,ziyadnz|hourly,2026-08-17T18:48:05Z,2026-08-17T18:48:05Z,
103.27.202.132,ipv4,malicious-ip,medium,WHITE,ziyadnz/hourly-ipv4,ziyadnz|hourly,2026-08-17T18:48:05Z,2026-08-17T18:48:05Z,
103.27.202.68,ipv4,malicious-ip,medium,WHITE,ziyadnz/hourly-ipv4,ziyadnz|hourly,2026-08-17T18:48:05Z,2026-08-17T18:48:05Z,
103.27.202.87,ipv4,malicious-ip,medium,WHITE,ziyadnz/hourly-ipv4,ziyadnz|hourly,2026-08-17T18:48:05Z,2026-08-17T18:48:05Z,
103.27.234.130,ipv4,malicious-ip,medium,WHITE,ziyadnz/hourly-ipv4,ziyadnz|hourly,2026-08-17T18:48:05Z,2026-08-17T18:48:05Z,
103.27.238.72,ipv4,malicious-ip,medium,WHITE,ziyadnz/hourly-ipv4,ziyadnz|hourly,2026-08-17T18:48:05Z,2026-08-17T18:48:05Z,
103.27.36.2,ipv4,malicious-ip,medium,WHITE,ziyadnz/hourly-ipv4,ziyadnz|hourly,2026-08-17T18:48:05Z,2026-08-17T18:48:05Z,
103.27.62.74,ipv4,malicious-ip,medium,WHITE,ziyadnz/hourly-ipv4,ziyadnz|hourly,2026-08-17T18:48:05Z,2026-08-17T18:48:05Z,
103.27.74.99,ipv4,malicious-ip,medium,WHITE,ziyadnz/hourly-ipv4,ziyadnz|hourly,2026-08-17T18:48:05Z,2026-08-17T18:48:05Z,
103.27.77.10,ipv4,malicious-ip,medium,WHITE,ziyadnz/hourly-ipv4,ziyadnz|hourly,2026-08-17T18:48:05Z,2026-08-17T18:48:05Z,
103.28.112.1,ipv4,malicious-ip,medium,WHITE,ziyadnz/hourly-ipv4,ziyadnz|hourly,2026-08-17T18:48:05Z,2026-08-17T18:48:05Z,
103.28.113.146,ipv4,malicious-ip,medium,WHITE,ziyadnz/hourly-ipv4,ziyadnz|hourly,2026-08-17T18:48:05Z,2026-08-17T18:48:05Z,
103.28.116.249,ipv4,malicious-ip,medium,WHITE,ziyadnz/hourly-ipv4,ziyadnz|hourly,2026-08-17T18:48:05Z,2026-08-17T18:48:05Z,
103.28.12.56,ipv4,malicious-ip,medium,WHITE,ziyadnz/hourly-ipv4,ziyadnz|hourly,2026-08-17T18:48:05Z,2026-08-17T18:48:05Z,
103.28.16.162,ipv4,malicious-ip,medium,WHITE,ziyadnz/hourly-ipv4,ziyadnz|hourly,2026-08-17T18:48:05Z,2026-08-17T18:48:05Z,
103.28.246.183,ipv4,malicious-ip,medium,WHITE,ziyadnz/hourly-ipv4,ziyadnz|hourly,2026-08-17T18:48:05Z,2026-08-17T18:48:05Z,
103.28.246.195,ipv4,malicious-ip,medium,WHITE,ziyadnz/hourly-ipv4,ziyadnz|hourly,2026-08-17T18:48:05Z,2026-08-17T18:48:05Z,
103.28.36.105,ipv4,malicious-ip,medium,WHITE,ziyadnz/hourly-ipv4,ziyadnz|hourly,2026-08-17T18:48:05Z,2026-08-17T18:48:05Z,
103.28.52.93,ipv4,malicious-ip,medium,WHITE,ziyadnz/hourly-ipv4,ziyadnz|hourly,2026-08-17T18:48:05Z,2026-08-17T18:48:05Z,
103.29.10.245,ipv4,malicious-ip,medium,WHITE,ziyadnz/hourly-ipv4,ziyadnz|hourly,2026-08-17T18:48:05Z,2026-08-17T18:48:05Z,
103.29.114.44,ipv4,malicious-ip,medium,WHITE,ziyadnz/hourly-ipv4,ziyadnz|hourly,2026-08-17T18:48:05Z,2026-08-17T18:48:05Z,
103.3.221.35,ipv4,malicious-ip,medium,WHITE,ziyadnz/hourly-ipv4,ziyadnz|hourly,2026-08-17T18:48:05Z,2026-08-17T18:48:05Z,
103.3.247.65,ipv4,malicious-ip,medium,WHITE,ziyadnz/hourly-ipv4,ziyadnz|hourly,2026-08-17T18:48:05Z,2026-08-17T18:48:05Z,
103.3.60.201,ipv4,malicious-ip,medium,WHITE,ziyadnz/hourly-ipv4,ziyadnz|hourly,2026-08-17T18:48:05Z,2026-08-17T18:48:05Z,
103.3.67.59,ipv4,malicious-ip,medium,WHITE,ziyadnz/hourly-ipv4,ziyadnz|hourly,2026-08-17T18:48:05Z,2026-08-17T18:48:05Z,
103.30.116.16,ipv4,malicious-ip,medium,WHITE,ziyadnz/hourly-ipv4,ziyadnz|hourly,2026-08-17T18:48:05Z,2026-08-17T18:48:05Z,
103.30.116.82,ipv4,malicious-ip,medium,WHITE,ziyadnz/hourly-ipv4,ziyadnz|hourly,2026-08-17T18:48:05Z,2026-08-17T18:48:05Z,
103.30.211.184,ipv4,malicious-ip,medium,WHITE,ziyadnz/hourly-ipv4,ziyadnz|hourly,2026-08-17T18:48:05Z,2026-08-17T18:48:05Z,
103.30.212.3,ipv4,malicious-ip,medium,WHITE,ziyadnz/hourly-ipv4,ziyadnz|hourly,2026-08-17T18:48:05Z,2026-08-17T18:48:05Z,
103.30.41.231,ipv4,malicious-ip,medium,WHITE,ziyadnz/hourly-ipv4,ziyadnz|hourly,2026-08-17T18:48:05Z,2026-08-17T18:48:05Z,
103.30.43.120,ipv4,malicious-ip,medium,WHITE,ziyadnz/hourly-ipv4,ziyadnz|hourly,2026-08-17T18:48:05Z,2026-08-17T18:48:05Z,
103.30.65.207,ipv4,malicious-ip,medium,WHITE,ziyadnz/hourly-ipv4,ziyadnz|hourly,2026-08-17T18:48:05Z,2026-08-17T18:48:05Z,
103.30.67.50,ipv4,malicious-ip,medium,WHITE,ziyadnz/hourly-ipv4,ziyadnz|hourly,2026-08-17T18:48:05Z,2026-08-17T18:48:05Z,
103.30.80.0,ipv4,malicious-ip,medium,WHITE,ziyadnz/hourly-ipv4,ziyadnz|hourly,2026-08-17T18:48:05Z,2026-08-17T18:48:05Z,
103.30.80.18,ipv4,malicious-ip,medium,WHITE,ziyadnz/hourly-ipv4,ziyadnz|hourly,2026-08-17T18:48:05Z,2026-08-17T18:48:05Z,
103.30.80.218,ipv4,malicious-ip,medium,WHITE,ziyadnz/hourly-ipv4,ziyadnz|hourly,2026-08-17T18:48:05Z,2026-08-17T18:48:05Z,
103.30.80.230,ipv4,malicious-ip,medium,WHITE,ziyadnz/hourly-ipv4,ziyadnz|hourly,2026-08-17T18:48:05Z,2026-08-17T18:48:05Z,
103.30.80.246,ipv4,malicious-ip,medium,WHITE,ziyadnz/hourly-ipv4,ziyadnz|hourly,2026-08-17T18:48:05Z,2026-08-17T18:48:05Z,
103.30.80.57,ipv4,malicious-ip,medium,WHITE,ziyadnz/hourly-ipv4,ziyadnz|hourly,2026-08-17T18:48:05Z,2026-08-17T18:48:05Z,
103.30.80.6,ipv4,malicious-ip,medium,WHITE,ziyadnz/hourly-ipv4,ziyadnz|hourly,2026-08-17T18:48:05Z,2026-08-17T18:48:05Z,
103.30.80.82,ipv4,malicious-ip,medium,WHITE,ziyadnz/hourly-ipv4,ziyadnz|hourly,2026-08-17T18:48:05Z,2026-08-17T18:48:05Z,
103.30.81.0,ipv4,malicious-ip,medium,WHITE,ziyadnz/hourly-ipv4,ziyadnz|hourly,2026-08-17T18:48:05Z,2026-08-17T18:48:05Z,
103.30.81.138,ipv4,malicious-ip,medium,WHITE,ziyadnz/hourly-ipv4,ziyadnz|hourly,2026-08-17T18:48:05Z,2026-08-17T18:48:05Z,
103.30.81.14,ipv4,malicious-ip,medium,WHITE,ziyadnz/hourly-ipv4,ziyadnz|hourly,2026-08-17T18:48:05Z,2026-08-17T18:48:05Z,
103.30.81.178,ipv4,malicious-ip,medium,WHITE,ziyadnz/hourly-ipv4,ziyadnz|hourly,2026-08-17T18:48:05Z,2026-08-17T18:48:05Z,
103.30.81.250,ipv4,malicious-ip,medium,WHITE,ziyadnz/hourly-ipv4,ziyadnz|hourly,2026-08-17T18:48:05Z,2026-08-17T18:48:05Z,
103.30.81.254,ipv4,malicious-ip,medium,WHITE,ziyadnz/hourly-ipv4,ziyadnz|hourly,2026-08-17T18:48:05Z,2026-08-17T18:48:05Z,
103.30.81.54,ipv4,malicious-ip,medium,WHITE,ziyadnz/hourly-ipv4,ziyadnz|hourly,2026-08-17T18:48:05Z,2026-08-17T18:48:05Z,
103.30.82.0,ipv4,malicious-ip,medium,WHITE,ziyadnz/hourly-ipv4,ziyadnz|hourly,2026-08-17T18:48:05Z,2026-08-17T18:48:05Z,
103.30.82.2,ipv4,malicious-ip,medium,WHITE,ziyadnz/hourly-ipv4,ziyadnz|hourly,2026-08-17T18:48:05Z,2026-08-17T18:48:05Z,
103.30.82.25,ipv4,malicious-ip,medium,WHITE,ziyadnz/hourly-ipv4,ziyadnz|hourly,2026-08-17T18:48:05Z,2026-08-17T18:48:05Z,
103.30.82.29,ipv4,malicious-ip,medium,WHITE,ziyadnz/hourly-ipv4,ziyadnz|hourly,2026-08-17T18:48:05Z,2026-08-17T18:48:05Z,
103.30.82.6,ipv4,malicious-ip,medium,WHITE,ziyadnz/hourly-ipv4,ziyadnz|hourly,2026-08-17T18:48:05Z,2026-08-17T18:48:05Z,
103.30.82.74,ipv4,malicious-ip,medium,WHITE,ziyadnz/hourly-ipv4,ziyadnz|hourly,2026-08-17T18:48:05Z,2026-08-17T18:48:05Z,
103.30.83.0,ipv4,malicious-ip,medium,WHITE,ziyadnz/hourly-ipv4,ziyadnz|hourly,2026-08-17T18:48:05Z,2026-08-17T18:48:05Z,
103.30.83.146,ipv4,malicious-ip,medium,WHITE,ziyadnz/hourly-ipv4,ziyadnz|hourly,2026-08-17T18:48:05Z,2026-08-17T18:48:05Z,
103.30.83.34,ipv4,malicious-ip,medium,WHITE,ziyadnz/hourly-ipv4,ziyadnz|hourly,2026-08-17T18:48:05Z,2026-08-17T18:48:05Z,
103.30.83.38,ipv4,malicious-ip,medium,WHITE,ziyadnz/hourly-ipv4,ziyadnz|hourly,2026-08-17T18:48:05Z,2026-08-17T18:48:05Z,
103.30.83.6,ipv4,malicious-ip,medium,WHITE,ziyadnz/hourly-ipv4,ziyadnz|hourly,2026-08-17T18:48:05Z,2026-08-17T18:48:05Z,
103.30.83.93,ipv4,malicious-ip,medium,WHITE,ziyadnz/hourly-ipv4,ziyadnz|hourly,2026-08-17T18:48:05Z,2026-08-17T18:48:05Z,
103.31.103.123,ipv4,malicious-ip,medium,WHITE,ziyadnz/hourly-ipv4,ziyadnz|hourly,2026-08-17T18:48:05Z,2026-08-17T18:48:05Z,
103.31.39.143,ipv4,malicious-ip,medium,WHITE,ziyadnz/hourly-ipv4,ziyadnz|hourly,2026-08-17T18:48:05Z,2026-08-17T18:48:05Z,
103.31.82.141,ipv4,malicious-ip,medium,WHITE,ziyadnz/hourly-ipv4,ziyadnz|hourly,2026-08-17T18:48:05Z,2026-08-17T18:48:05Z,
103.35.142.33,ipv4,malicious-ip,medium,WHITE,ziyadnz/hourly-ipv4,ziyadnz|hourly,2026-08-17T18:48:05Z,2026-08-17T18:48:05Z,
103.35.165.22,ipv4,malicious-ip,medium,WHITE,ziyadnz/hourly-ipv4,ziyadnz|hourly,2026-08-17T18:48:05Z,2026-08-17T18:48:05Z,
103.35.189.225,ipv4,malicious-ip,medium,WHITE,ziyadnz/hourly-ipv4,ziyadnz|hourly,2026-08-17T18:48:05Z,2026-08-17T18:48:05Z,
103.35.190.170,ipv4,malicious-ip,medium,WHITE,ziyadnz/hourly-ipv4,ziyadnz|hourly,2026-08-17T18:48:05Z,2026-08-17T18:48:05Z,
103.35.191.173,ipv4,malicious-ip,medium,WHITE,ziyadnz/hourly-ipv4,ziyadnz|hourly,2026-08-17T18:48:05Z,2026-08-17T18:48:05Z,
103.35.191.28,ipv4,malicious-ip,medium,WHITE,ziyadnz/hourly-ipv4,ziyadnz|hourly,2026-08-17T18:48:05Z,2026-08-17T18:48:05Z,
103.36.18.117,ipv4,malicious-ip,medium,WHITE,ziyadnz/hourly-ipv4,ziyadnz|hourly,2026-08-17T18:48:05Z,2026-08-17T18:48:05Z,
103.36.32.186,ipv4,malicious-ip,medium,WHITE,ziyadnz/hourly-ipv4,ziyadnz|hourly,2026-08-17T18:48:05Z,2026-08-17T18:48:05Z,
103.36.8.22,ipv4,malicious-ip,medium,WHITE,ziyadnz/hourly-ipv4,ziyadnz|hourly,2026-08-17T18:48:05Z,2026-08-17T18:48:05Z,
103.37.61.26,ipv4,malicious-ip,medium,WHITE,ziyadnz/hourly-ipv4,ziyadnz|hourly,2026-08-17T18:48:05Z,2026-08-17T18:48:05Z,
103.38.182.49,ipv4,malicious-ip,medium,WHITE,ziyadnz/hourly-ipv4,ziyadnz|hourly,2026-08-17T18:48:05Z,2026-08-17T18:48:05Z,
103.38.204.133,ipv4,malicious-ip,medium,WHITE,ziyadnz/hourly-ipv4,ziyadnz|hourly,2026-08-17T18:48:05Z,2026-08-17T18:48:05Z,
103.39.109.165,ipv4,malicious-ip,medium,WHITE,ziyadnz/hourly-ipv4,ziyadnz|hourly,2026-08-17T18:48:05Z,2026-08-17T18:48:05Z,
103.39.126.62,ipv4,malicious-ip,medium,WHITE,ziyadnz/hourly-ipv4,ziyadnz|hourly,2026-08-17T18:48:05Z,2026-08-17T18:48:05Z,
103.39.128.229,ipv4,malicious-ip,medium,WHITE,ziyadnz/hourly-ipv4,ziyadnz|hourly,2026-08-17T18:48:05Z,2026-08-17T18:48:05Z,
103.39.130.90,ipv4,malicious-ip,medium,WHITE,ziyadnz/hourly-ipv4,ziyadnz|hourly,2026-08-17T18:48:05Z,2026-08-17T18:48:05Z,
103.39.209.183,ipv4,malicious-ip,medium,WHITE,ziyadnz/hourly-ipv4,ziyadnz|hourly,2026-08-17T18:48:05Z,2026-08-17T18:48:05Z,
103.39.222.143,ipv4,malicious-ip,medium,WHITE,ziyadnz/hourly-ipv4,ziyadnz|hourly,2026-08-17T18:48:05Z,2026-08-17T18:48:05Z,
103.39.225.73,ipv4,malicious-ip,medium,WHITE,ziyadnz/hourly-ipv4,ziyadnz|hourly,2026-08-17T18:48:05Z,2026-08-17T18:48:05Z,
103.39.226.142,ipv4,malicious-ip,medium,WHITE,ziyadnz/hourly-ipv4,ziyadnz|hourly,2026-08-17T18:48:05Z,2026-08-17T18:48:05Z,
103.39.247.128,ipv4,malicious-ip,medium,WHITE,ziyadnz/hourly-ipv4,ziyadnz|hourly,2026-08-17T18:48:05Z,2026-08-17T18:48:05Z,
103.39.247.140,ipv4,malicious-ip,medium,WHITE,ziyadnz/hourly-ipv4,ziyadnz|hourly,2026-08-17T18:48:05Z,2026-08-17T18:48:05Z,
103.39.79.102,ipv4,malicious-ip,medium,WHITE,ziyadnz/hourly-ipv4,ziyadnz|hourly,2026-08-17T18:48:05Z,2026-08-17T18:48:05Z,
103.40.188.143,ipv4,malicious-ip,medium,WHITE,ziyadnz/hourly-ipv4,ziyadnz|hourly,2026-08-17T18:48:05Z,2026-08-17T18:48:05Z,
103.40.201.195,ipv4,malicious-ip,medium,WHITE,ziyadnz/hourly-ipv4,ziyadnz|hourly,2026-08-17T18:48:05Z,2026-08-17T18:48:05Z,
103.40.201.38,ipv4,malicious-ip,medium,WHITE,ziyadnz/hourly-ipv4,ziyadnz|hourly,2026-08-17T18:48:05Z,2026-08-17T18:48:05Z,
103.40.202.94,ipv4,malicious-ip,medium,WHITE,ziyadnz/hourly-ipv4,ziyadnz|hourly,2026-08-17T18:48:05Z,2026-08-17T18:48:05Z,
103.40.64.182,ipv4,malicious-ip,medium,WHITE,ziyadnz/hourly-ipv4,ziyadnz|hourly,2026-08-17T18:48:05Z,2026-08-17T18:48:05Z,
103.41.24.52,ipv4,malicious-ip,medium,WHITE,ziyadnz/hourly-ipv4,ziyadnz|hourly,2026-08-17T18:48:05Z,2026-08-17T18:48:05Z,
103.41.247.76,ipv4,malicious-ip,medium,WHITE,ziyadnz/hourly-ipv4,ziyadnz|hourly,2026-08-17T18:48:05Z,2026-08-17T18:48:05Z,
103.41.79.140,ipv4,malicious-ip,medium,WHITE,ziyadnz/hourly-ipv4,ziyadnz|hourly,2026-08-17T18:48:05Z,2026-08-17T18:48:05Z,
103.42.205.115,ipv4,malicious-ip,medium,WHITE,ziyadnz/hourly-ipv4,ziyadnz|hourly,2026-08-17T18:48:05Z,2026-08-17T18:48:05Z,
103.42.228.181,ipv4,malicious-ip,medium,WHITE,ziyadnz/hourly-ipv4,ziyadnz|hourly,2026-08-17T18:48:05Z,2026-08-17T18:48:05Z,
103.42.73.130,ipv4,malicious-ip,medium,WHITE,ziyadnz/hourly-ipv4,ziyadnz|hourly,2026-08-17T18:48:05Z,2026-08-17T18:48:05Z,
103.42.74.124,ipv4,malicious-ip,medium,WHITE,ziyadnz/hourly-ipv4,ziyadnz|hourly,2026-08-17T18:48:05Z,2026-08-17T18:48:05Z,
103.42.87.6,ipv4,malicious-ip,medium,WHITE,ziyadnz/hourly-ipv4,ziyadnz|hourly,2026-08-17T18:48:05Z,2026-08-17T18:48:05Z,
103.43.17.99,ipv4,malicious-ip,medium,WHITE,ziyadnz/hourly-ipv4,ziyadnz|hourly,2026-08-17T18:48:05Z,2026-08-17T18:48:05Z,
103.43.18.22,ipv4,malicious-ip,medium,WHITE,ziyadnz/hourly-ipv4,ziyadnz|hourly,2026-08-17T18:48:05Z,2026-08-17T18:48:05Z,
103.43.18.95,ipv4,malicious-ip,medium,WHITE,ziyadnz/hourly-ipv4,ziyadnz|hourly,2026-08-17T18:48:05Z,2026-08-17T18:48:05Z,
103.43.19.245,ipv4,malicious-ip,medium,WHITE,ziyadnz/hourly-ipv4,ziyadnz|hourly,2026-08-17T18:48:05Z,2026-08-17T18:48:05Z,
103.43.19.64,ipv4,malicious-ip,medium,WHITE,ziyadnz/hourly-ipv4,ziyadnz|hourly,2026-08-17T18:48:05Z,2026-08-17T18:48:05Z,
103.43.46.182,ipv4,malicious-ip,medium,WHITE,ziyadnz/hourly-ipv4,ziyadnz|hourly,2026-08-17T18:48:05Z,2026-08-17T18:48:05Z,
103.43.76.17,ipv4,malicious-ip,medium,WHITE,ziyadnz/hourly-ipv4,ziyadnz|hourly,2026-08-17T18:48:05Z,2026-08-17T18:48:05Z,
103.43.76.209,ipv4,malicious-ip,medium,WHITE,ziyadnz/hourly-ipv4,ziyadnz|hourly,2026-08-17T18:48:05Z,2026-08-17T18:48:05Z,
103.43.8.71,ipv4,malicious-ip,medium,WHITE,ziyadnz/hourly-ipv4,ziyadnz|hourly,2026-08-17T18:48:05Z,2026-08-17T18:48:05Z,
103.43.94.71,ipv4,malicious-ip,medium,WHITE,ziyadnz/hourly-ipv4,ziyadnz|hourly,2026-08-17T18:48:05Z,2026-08-17T18:48:05Z,
103.44.0.15,ipv4,malicious-ip,medium,WHITE,ziyadnz/hourly-ipv4,ziyadnz|hourly,2026-08-17T18:48:05Z,2026-08-17T18:48:05Z,
103.44.19.165,ipv4,malicious-ip,medium,WHITE,ziyadnz/hourly-ipv4,ziyadnz|hourly,2026-08-17T18:48:05Z,2026-08-17T18:48:05Z,
103.44.245.25,ipv4,malicious-ip,medium,WHITE,ziyadnz/hourly-ipv4,ziyadnz|hourly,2026-08-17T18:48:05Z,2026-08-17T18:48:05Z,
103.44.52.131,ipv4,malicious-ip,medium,WHITE,ziyadnz/hourly-ipv4,ziyadnz|hourly,2026-08-17T18:48:05Z,2026-08-17T18:48:05Z,
103.44.53.36,ipv4,malicious-ip,medium,WHITE,ziyadnz/hourly-ipv4,ziyadnz|hourly,2026-08-17T18:48:05Z,2026-08-17T18:48:05Z,
103.45.229.40,ipv4,malicious-ip,medium,WHITE,ziyadnz/hourly-ipv4,ziyadnz|hourly,2026-08-17T18:48:05Z,2026-08-17T18:48:05Z,
103.45.247.81,ipv4,malicious-ip,medium,WHITE,ziyadnz/hourly-ipv4,ziyadnz|hourly,2026-08-17T18:48:05Z,2026-08-17T18:48:05Z,
103.46.11.59,ipv4,malicious-ip,medium,WHITE,ziyadnz/hourly-ipv4,ziyadnz|hourly,2026-08-17T18:48:05Z,2026-08-17T18:48:05Z,
103.46.202.8,ipv4,malicious-ip,medium,WHITE,ziyadnz/hourly-ipv4,ziyadnz|hourly,2026-08-17T18:48:05Z,2026-08-17T18:48:05Z,
103.47.132.78,ipv4,malicious-ip,medium,WHITE,ziyadnz/hourly-ipv4,ziyadnz|hourly,2026-08-17T18:48:05Z,2026-08-17T18:48:05Z,
103.47.134.100,ipv4,malicious-ip,medium,WHITE,ziyadnz/hourly-ipv4,ziyadnz|hourly,2026-08-17T18:48:05Z,2026-08-17T18:48:05Z,
103.47.134.107,ipv4,malicious-ip,medium,WHITE,ziyadnz/hourly-ipv4,ziyadnz|hourly,2026-08-17T18:48:05Z,2026-08-17T18:48:05Z,
103.47.134.110,ipv4,malicious-ip,medium,WHITE,ziyadnz/hourly-ipv4,ziyadnz|hourly,2026-08-17T18:48:05Z,2026-08-17T18:48:05Z,
103.47.134.98,ipv4,malicious-ip,medium,WHITE,ziyadnz/hourly-ipv4,ziyadnz|hourly,2026-08-17T18:48:05Z,2026-08-17T18:48:05Z,
103.47.170.228,ipv4,malicious-ip,medium,WHITE,ziyadnz/hourly-ipv4,ziyadnz|hourly,2026-08-17T18:48:05Z,2026-08-17T18:48:05Z,
103.47.174.235,ipv4,malicious-ip,medium,WHITE,ziyadnz/hourly-ipv4,ziyadnz|hourly,2026-08-17T18:48:05Z,2026-08-17T18:48:05Z,
103.47.180.103,ipv4,malicious-ip,medium,WHITE,ziyadnz/hourly-ipv4,ziyadnz|hourly,2026-08-17T18:48:05Z,2026-08-17T18:48:05Z,
103.47.180.97,ipv4,malicious-ip,medium,WHITE,ziyadnz/hourly-ipv4,ziyadnz|hourly,2026-08-17T18:48:05Z,2026-08-17T18:48:05Z,
103.47.217.130,ipv4,malicious-ip,medium,WHITE,ziyadnz/hourly-ipv4,ziyadnz|hourly,2026-08-17T18:48:05Z,2026-08-17T18:48:05Z,
103.48.145.212,ipv4,malicious-ip,medium,WHITE,ziyadnz/hourly-ipv4,ziyadnz|hourly,2026-08-17T18:48:05Z,2026-08-17T18:48:05Z,
103.48.146.148,ipv4,malicious-ip,medium,WHITE,ziyadnz/hourly-ipv4,ziyadnz|hourly,2026-08-17T18:48:05Z,2026-08-17T18:48:05Z,
103.48.146.73,ipv4,malicious-ip,medium,WHITE,ziyadnz/hourly-ipv4,ziyadnz|hourly,2026-08-17T18:48:05Z,2026-08-17T18:48:05Z,
103.48.182.138,ipv4,malicious-ip,medium,WHITE,ziyadnz/hourly-ipv4,ziyadnz|hourly,2026-08-17T18:48:05Z,2026-08-17T18:48:05Z,
103.48.183.137,ipv4,malicious-ip,medium,WHITE,ziyadnz/hourly-ipv4,ziyadnz|hourly,2026-08-17T18:48:05Z,2026-08-17T18:48:05Z,
103.48.192.62,ipv4,malicious-ip,medium,WHITE,ziyadnz/hourly-ipv4,ziyadnz|hourly,2026-08-17T18:48:05Z,2026-08-17T18:48:05Z,
103.48.45.169,ipv4,malicious-ip,medium,WHITE,ziyadnz/hourly-ipv4,ziyadnz|hourly,2026-08-17T18:48:05Z,2026-08-17T18:48:05Z,
103.48.45.85,ipv4,malicious-ip,medium,WHITE,ziyadnz/hourly-ipv4,ziyadnz|hourly,2026-08-17T18:48:05Z,2026-08-17T18:48:05Z,
103.48.81.76,ipv4,malicious-ip,medium,WHITE,ziyadnz/hourly-ipv4,ziyadnz|hourly,2026-08-17T18:48:05Z,2026-08-17T18:48:05Z,
103.49.102.32,ipv4,malicious-ip,medium,WHITE,ziyadnz/hourly-ipv4,ziyadnz|hourly,2026-08-17T18:48:05Z,2026-08-17T18:48:05Z,
103.49.238.22,ipv4,malicious-ip,medium,WHITE,ziyadnz/hourly-ipv4,ziyadnz|hourly,2026-08-17T18:48:05Z,2026-08-17T18:48:05Z,
103.49.239.156,ipv4,malicious-ip,medium,WHITE,ziyadnz/hourly-ipv4,ziyadnz|hourly,2026-08-17T18:48:05Z,2026-08-17T18:48:05Z,
103.49.28.98,ipv4,malicious-ip,medium,WHITE,ziyadnz/hourly-ipv4,ziyadnz|hourly,2026-08-17T18:48:05Z,2026-08-17T18:48:05Z,
103.49.62.60,ipv4,malicious-ip,medium,WHITE,ziyadnz/hourly-ipv4,ziyadnz|hourly,2026-08-17T18:48:05Z,2026-08-17T18:48:05Z,
103.5.18.173,ipv4,malicious-ip,medium,WHITE,ziyadnz/hourly-ipv4,ziyadnz|hourly,2026-08-17T18:48:05Z,2026-08-17T18:48:05Z,
103.5.18.174,ipv4,malicious-ip,medium,WHITE,ziyadnz/hourly-ipv4,ziyadnz|hourly,2026-08-17T18:48:05Z,2026-08-17T18:48:05Z,
103.5.210.47,ipv4,malicious-ip,medium,WHITE,ziyadnz/hourly-ipv4,ziyadnz|hourly,2026-08-17T18:48:05Z,2026-08-17T18:48:05Z,
103.51.119.34,ipv4,malicious-ip,medium,WHITE,ziyadnz/hourly-ipv4,ziyadnz|hourly,2026-08-17T18:48:05Z,2026-08-17T18:48:05Z,
103.51.147.183,ipv4,malicious-ip,medium,WHITE,ziyadnz/hourly-ipv4,ziyadnz|hourly,2026-08-17T18:48:05Z,2026-08-17T18:48:05Z,
103.51.204.152,ipv4,malicious-ip,medium,WHITE,ziyadnz/hourly-ipv4,ziyadnz|hourly,2026-08-17T18:48:05Z,2026-08-17T18:48:05Z,
103.51.223.15,ipv4,malicious-ip,medium,WHITE,ziyadnz/hourly-ipv4,ziyadnz|hourly,2026-08-17T18:48:05Z,2026-08-17T18:48:05Z,
103.51.223.4,ipv4,malicious-ip,medium,WHITE,ziyadnz/hourly-ipv4,ziyadnz|hourly,2026-08-17T18:48:05Z,2026-08-17T18:48:05Z,
103.51.223.7,ipv4,malicious-ip,medium,WHITE,ziyadnz/hourly-ipv4,ziyadnz|hourly,2026-08-17T18:48:05Z,2026-08-17T18:48:05Z,
103.51.223.83,ipv4,malicious-ip,medium,WHITE,ziyadnz/hourly-ipv4,ziyadnz|hourly,2026-08-17T18:48:05Z,2026-08-17T18:48:05Z,
103.52.114.122,ipv4,malicious-ip,medium,WHITE,ziyadnz/hourly-ipv4,ziyadnz|hourly,2026-08-17T18:48:05Z,2026-08-17T18:48:05Z,
103.52.152.101,ipv4,malicious-ip,medium,WHITE,ziyadnz/hourly-ipv4,ziyadnz|hourly,2026-08-17T18:48:05Z,2026-08-17T18:48:05Z,
103.52.209.32,ipv4,malicious-ip,medium,WHITE,ziyadnz/hourly-ipv4,ziyadnz|hourly,2026-08-17T18:48:05Z,2026-08-17T18:48:05Z,
103.52.36.126,ipv4,malicious-ip,medium,WHITE,ziyadnz/hourly-ipv4,ziyadnz|hourly,2026-08-17T18:48:05Z,2026-08-17T18:48:05Z,
103.52.37.34,ipv4,malicious-ip,medium,WHITE,ziyadnz/hourly-ipv4,ziyadnz|hourly,2026-08-17T18:48:05Z,2026-08-17T18:48:05Z,
103.52.69.5,ipv4,malicious-ip,medium,WHITE,ziyadnz/hourly-ipv4,ziyadnz|hourly,2026-08-17T18:48:05Z,2026-08-17T18:48:05Z,
103.53.160.19,ipv4,malicious-ip,medium,WHITE,ziyadnz/hourly-ipv4,ziyadnz|hourly,2026-08-17T18:48:05Z,2026-08-17T18:48:05Z,
103.53.160.21,ipv4,malicious-ip,medium,WHITE,ziyadnz/hourly-ipv4,ziyadnz|hourly,2026-08-17T18:48:05Z,2026-08-17T18:48:05Z,
103.53.31.182,ipv4,malicious-ip,medium,WHITE,ziyadnz/hourly-ipv4,ziyadnz|hourly,2026-08-17T18:48:05Z,2026-08-17T18:48:05Z,
103.53.45.102,ipv4,malicious-ip,medium,WHITE,ziyadnz/hourly-ipv4,ziyadnz|hourly,2026-08-17T18:48:05Z,2026-08-17T18:48:05Z,
103.53.46.106,ipv4,malicious-ip,medium,WHITE,ziyadnz/hourly-ipv4,ziyadnz|hourly,2026-08-17T18:48:05Z,2026-08-17T18:48:05Z,
103.53.53.86,ipv4,malicious-ip,medium,WHITE,ziyadnz/hourly-ipv4,ziyadnz|hourly,2026-08-17T18:48:05Z,2026-08-17T18:48:05Z,
103.53.80.103,ipv4,malicious-ip,medium,WHITE,ziyadnz/hourly-ipv4,ziyadnz|hourly,2026-08-17T18:48:05Z,2026-08-17T18:48:05Z,
103.53.80.201,ipv4,malicious-ip,medium,WHITE,ziyadnz/hourly-ipv4,ziyadnz|hourly,2026-08-17T18:48:05Z,2026-08-17T18:48:05Z,
103.54.178.14,ipv4,malicious-ip,medium,WHITE,ziyadnz/hourly-ipv4,ziyadnz|hourly,2026-08-17T18:48:05Z,2026-08-17T18:48:05Z,
103.54.29.20,ipv4,malicious-ip,medium,WHITE,ziyadnz/hourly-ipv4,ziyadnz|hourly,2026-08-17T18:48:05Z,2026-08-17T18:48:05Z,
103.54.59.189,ipv4,malicious-ip,medium,WHITE,ziyadnz/hourly-ipv4,ziyadnz|hourly,2026-08-17T18:48:05Z,2026-08-17T18:48:05Z,
103.54.98.13,ipv4,malicious-ip,medium,WHITE,ziyadnz/hourly-ipv4,ziyadnz|hourly,2026-08-17T18:48:05Z,2026-08-17T18:48:05Z,
103.55.104.50,ipv4,malicious-ip,medium,WHITE,ziyadnz/hourly-ipv4,ziyadnz|hourly,2026-08-17T18:48:05Z,2026-08-17T18:48:05Z,
103.55.216.2,ipv4,malicious-ip,medium,WHITE,ziyadnz/hourly-ipv4,ziyadnz|hourly,2026-08-17T18:48:05Z,2026-08-17T18:48:05Z,
103.55.6.35,ipv4,malicious-ip,medium,WHITE,ziyadnz/hourly-ipv4,ziyadnz|hourly,2026-08-17T18:48:05Z,2026-08-17T18:48:05Z,
103.55.90.11,ipv4,malicious-ip,medium,WHITE,ziyadnz/hourly-ipv4,ziyadnz|hourly,2026-08-17T18:48:05Z,2026-08-17T18:48:05Z,
103.56.114.108,ipv4,malicious-ip,medium,WHITE,ziyadnz/hourly-ipv4,ziyadnz|hourly,2026-08-17T18:48:05Z,2026-08-17T18:48:05Z,
103.56.115.187,ipv4,malicious-ip,medium,WHITE,ziyadnz/hourly-ipv4,ziyadnz|hourly,2026-08-17T18:48:05Z,2026-08-17T18:48:05Z,
103.56.148.173,ipv4,malicious-ip,medium,WHITE,ziyadnz/hourly-ipv4,ziyadnz|hourly,2026-08-17T18:48:05Z,2026-08-17T18:48:05Z,
103.56.149.248,ipv4,malicious-ip,medium,WHITE,ziyadnz/hourly-ipv4,ziyadnz|hourly,2026-08-17T18:48:05Z,2026-08-17T18:48:05Z,
103.56.17.192,ipv4,malicious-ip,medium,WHITE,ziyadnz/hourly-ipv4,ziyadnz|hourly,2026-08-17T18:48:05Z,2026-08-17T18:48:05Z,
103.56.208.204,ipv4,malicious-ip,medium,WHITE,ziyadnz/hourly-ipv4,ziyadnz|hourly,2026-08-17T18:48:05Z,2026-08-17T18:48:05Z,
103.57.133.61,ipv4,malicious-ip,medium,WHITE,ziyadnz/hourly-ipv4,ziyadnz|hourly,2026-08-17T18:48:05Z,2026-08-17T18:48:05Z,
103.57.150.25,ipv4,malicious-ip,medium,WHITE,ziyadnz/hourly-ipv4,ziyadnz|hourly,2026-08-17T18:48:05Z,2026-08-17T18:48:05Z,
103.57.176.18,ipv4,malicious-ip,medium,WHITE,ziyadnz/hourly-ipv4,ziyadnz|hourly,2026-08-17T18:48:05Z,2026-08-17T18:48:05Z,
103.57.204.5,ipv4,malicious-ip,medium,WHITE,ziyadnz/hourly-ipv4,ziyadnz|hourly,2026-08-17T18:48:05Z,2026-08-17T18:48:05Z,
103.57.204.9,ipv4,malicious-ip,medium,WHITE,ziyadnz/hourly-ipv4,ziyadnz|hourly,2026-08-17T18:48:05Z,2026-08-17T18:48:05Z,
103.57.223.70,ipv4,malicious-ip,medium,WHITE,ziyadnz/hourly-ipv4,ziyadnz|hourly,2026-08-17T18:48:05Z,2026-08-17T18:48:05Z,
103.57.248.129,ipv4,malicious-ip,medium,WHITE,ziyadnz/hourly-ipv4,ziyadnz|hourly,2026-08-17T18:48:05Z,2026-08-17T18:48:05Z,
103.58.115.143,ipv4,malicious-ip,medium,WHITE,ziyadnz/hourly-ipv4,ziyadnz|hourly,2026-08-17T18:48:05Z,2026-08-17T18:48:05Z,
103.58.115.154,ipv4,malicious-ip,medium,WHITE,ziyadnz/hourly-ipv4,ziyadnz|hourly,2026-08-17T18:48:05Z,2026-08-17T18:48:05Z,
103.58.115.167,ipv4,malicious-ip,medium,WHITE,ziyadnz/hourly-ipv4,ziyadnz|hourly,2026-08-17T18:48:05Z,2026-08-17T18:48:05Z,
103.58.115.42,ipv4,malicious-ip,medium,WHITE,ziyadnz/hourly-ipv4,ziyadnz|hourly,2026-08-17T18:48:05Z,2026-08-17T18:48:05Z,
103.58.117.21,ipv4,malicious-ip,medium,WHITE,ziyadnz/hourly-ipv4,ziyadnz|hourly,2026-08-17T18:48:05Z,2026-08-17T18:48:05Z,
103.58.153.161,ipv4,malicious-ip,medium,WHITE,ziyadnz/hourly-ipv4,ziyadnz|hourly,2026-08-17T18:48:05Z,2026-08-17T18:48:05Z,
103.58.161.133,ipv4,malicious-ip,medium,WHITE,ziyadnz/hourly-ipv4,ziyadnz|hourly,2026-08-17T18:48:05Z,2026-08-17T18:48:05Z,
103.58.64.100,ipv4,malicious-ip,medium,WHITE,ziyadnz/hourly-ipv4,ziyadnz|hourly,2026-08-17T18:48:05Z,2026-08-17T18:48:05Z,
103.58.64.138,ipv4,malicious-ip,medium,WHITE,ziyadnz/hourly-ipv4,ziyadnz|hourly,2026-08-17T18:48:05Z,2026-08-17T18:48:05Z,
103.58.65.151,ipv4,malicious-ip,medium,WHITE,ziyadnz/hourly-ipv4,ziyadnz|hourly,2026-08-17T18:48:05Z,2026-08-17T18:48:05Z,
103.58.65.4,ipv4,malicious-ip,medium,WHITE,ziyadnz/hourly-ipv4,ziyadnz|hourly,2026-08-17T18:48:05Z,2026-08-17T18:48:05Z,
103.58.65.68,ipv4,malicious-ip,medium,WHITE,ziyadnz/hourly-ipv4,ziyadnz|hourly,2026-08-17T18:48:05Z,2026-08-17T18:48:05Z,
103.58.66.113,ipv4,malicious-ip,medium,WHITE,ziyadnz/hourly-ipv4,ziyadnz|hourly,2026-08-17T18:48:05Z,2026-08-17T18:48:05Z,
103.58.66.28,ipv4,malicious-ip,medium,WHITE,ziyadnz/hourly-ipv4,ziyadnz|hourly,2026-08-17T18:48:05Z,2026-08-17T18:48:05Z,
103.59.132.186,ipv4,malicious-ip,medium,WHITE,ziyadnz/hourly-ipv4,ziyadnz|hourly,2026-08-17T18:48:05Z,2026-08-17T18:48:05Z,
103.59.133.47,ipv4,malicious-ip,medium,WHITE,ziyadnz/hourly-ipv4,ziyadnz|hourly,2026-08-17T18:48:05Z,2026-08-17T18:48:05Z,
103.59.134.10,ipv4,malicious-ip,medium,WHITE,ziyadnz/hourly-ipv4,ziyadnz|hourly,2026-08-17T18:48:05Z,2026-08-17T18:48:05Z,
103.59.134.204,ipv4,malicious-ip,medium,WHITE,ziyadnz/hourly-ipv4,ziyadnz|hourly,2026-08-17T18:48:05Z,2026-08-17T18:48:05Z,
103.59.134.25,ipv4,malicious-ip,medium,WHITE,ziyadnz/hourly-ipv4,ziyadnz|hourly,2026-08-17T18:48:05Z,2026-08-17T18:48:05Z,
103.59.135.178,ipv4,malicious-ip,medium,WHITE,ziyadnz/hourly-ipv4,ziyadnz|hourly,2026-08-17T18:48:05Z,2026-08-17T18:48:05Z,
103.59.160.121,ipv4,malicious-ip,medium,WHITE,ziyadnz/hourly-ipv4,ziyadnz|hourly,2026-08-17T18:48:05Z,2026-08-17T18:48:05Z,
103.59.160.242,ipv4,malicious-ip,medium,WHITE,ziyadnz/hourly-ipv4,ziyadnz|hourly,2026-08-17T18:48:05Z,2026-08-17T18:48:05Z,
103.59.160.95,ipv4,malicious-ip,medium,WHITE,ziyadnz/hourly-ipv4,ziyadnz|hourly,2026-08-17T18:48:05Z,2026-08-17T18:48:05Z,
103.59.161.120,ipv4,malicious-ip,medium,WHITE,ziyadnz/hourly-ipv4,ziyadnz|hourly,2026-08-17T18:48:05Z,2026-08-17T18:48:05Z,
103.59.161.68,ipv4,malicious-ip,medium,WHITE,ziyadnz/hourly-ipv4,ziyadnz|hourly,2026-08-17T18:48:05Z,2026-08-17T18:48:05Z,
103.59.161.79,ipv4,malicious-ip,medium,WHITE,ziyadnz/hourly-ipv4,ziyadnz|hourly,2026-08-17T18:48:05Z,2026-08-17T18:48:05Z,
103.59.202.215,ipv4,malicious-ip,medium,WHITE,ziyadnz/hourly-ipv4,ziyadnz|hourly,2026-08-17T18:48:05Z,2026-08-17T18:48:05Z,
103.59.203.67,ipv4,malicious-ip,medium,WHITE,ziyadnz/hourly-ipv4,ziyadnz|hourly,2026-08-17T18:48:05Z,2026-08-17T18:48:05Z,
103.59.94.117,ipv4,malicious-ip,medium,WHITE,ziyadnz/hourly-ipv4,ziyadnz|hourly,2026-08-17T18:48:05Z,2026-08-17T18:48:05Z,
103.59.94.62,ipv4,malicious-ip,medium,WHITE,ziyadnz/hourly-ipv4,ziyadnz|hourly,2026-08-17T18:48:05Z,2026-08-17T18:48:05Z,
103.6.196.199,ipv4,malicious-ip,medium,WHITE,ziyadnz/hourly-ipv4,ziyadnz|hourly,2026-08-17T18:48:05Z,2026-08-17T18:48:05Z,
103.6.198.174,ipv4,malicious-ip,medium,WHITE,ziyadnz/hourly-ipv4,ziyadnz|hourly,2026-08-17T18:48:05Z,2026-08-17T18:48:05Z,
103.6.235.13,ipv4,malicious-ip,medium,WHITE,ziyadnz/hourly-ipv4,ziyadnz|hourly,2026-08-17T18:48:05Z,2026-08-17T18:48:05Z,
103.6.235.26,ipv4,malicious-ip,medium,WHITE,ziyadnz/hourly-ipv4,ziyadnz|hourly,2026-08-17T18:48:05Z,2026-08-17T18:48:05Z,
103.6.235.78,ipv4,malicious-ip,medium,WHITE,ziyadnz/hourly-ipv4,ziyadnz|hourly,2026-08-17T18:48:05Z,2026-08-17T18:48:05Z,
103.6.8.165,ipv4,malicious-ip,medium,WHITE,ziyadnz/hourly-ipv4,ziyadnz|hourly,2026-08-17T18:48:05Z,2026-08-17T18:48:05Z,
103.6.8.3,ipv4,malicious-ip,medium,WHITE,ziyadnz/hourly-ipv4,ziyadnz|hourly,2026-08-17T18:48:05Z,2026-08-17T18:48:05Z,
103.60.165.221,ipv4,malicious-ip,medium,WHITE,ziyadnz/hourly-ipv4,ziyadnz|hourly,2026-08-17T18:48:05Z,2026-08-17T18:48:05Z,
103.60.170.17,ipv4,malicious-ip,medium,WHITE,ziyadnz/hourly-ipv4,ziyadnz|hourly,2026-08-17T18:48:05Z,2026-08-17T18:48:05Z,
103.60.177.130,ipv4,malicious-ip,medium,WHITE,ziyadnz/hourly-ipv4,ziyadnz|hourly,2026-08-17T18:48:05Z,2026-08-17T18:48:05Z,
103.60.182.22,ipv4,malicious-ip,medium,WHITE,ziyadnz/hourly-ipv4,ziyadnz|hourly,2026-08-17T18:48:05Z,2026-08-17T18:48:05Z,
103.61.122.197,ipv4,malicious-ip,medium,WHITE,ziyadnz/hourly-ipv4,ziyadnz|hourly,2026-08-17T18:48:05Z,2026-08-17T18:48:05Z,
103.61.123.132,ipv4,malicious-ip,medium,WHITE,ziyadnz/hourly-ipv4,ziyadnz|hourly,2026-08-17T18:48:05Z,2026-08-17T18:48:05Z,
103.61.184.148,ipv4,malicious-ip,medium,WHITE,ziyadnz/hourly-ipv4,ziyadnz|hourly,2026-08-17T18:48:05Z,2026-08-17T18:48:05Z,
103.62.140.53,ipv4,malicious-ip,medium,WHITE,ziyadnz/hourly-ipv4,ziyadnz|hourly,2026-08-17T18:48:05Z,2026-08-17T18:48:05Z,
103.62.146.202,ipv4,malicious-ip,medium,WHITE,ziyadnz/hourly-ipv4,ziyadnz|hourly,2026-08-17T18:48:05Z,2026-08-17T18:48:05Z,
103.62.153.11,ipv4,malicious-ip,medium,WHITE,ziyadnz/hourly-ipv4,ziyadnz|hourly,2026-08-17T18:48:05Z,2026-08-17T18:48:05Z,
103.62.155.93,ipv4,malicious-ip,medium,WHITE,ziyadnz/hourly-ipv4,ziyadnz|hourly,2026-08-17T18:48:05Z,2026-08-17T18:48:05Z,
103.62.95.141,ipv4,malicious-ip,medium,WHITE,ziyadnz/hourly-ipv4,ziyadnz|hourly,2026-08-17T18:48:05Z,2026-08-17T18:48:05Z,
103.62.95.43,ipv4,malicious-ip,medium,WHITE,ziyadnz/hourly-ipv4,ziyadnz|hourly,2026-08-17T18:48:05Z,2026-08-17T18:48:05Z,
103.62.95.52,ipv4,malicious-ip,medium,WHITE,ziyadnz/hourly-ipv4,ziyadnz|hourly,2026-08-17T18:48:05Z,2026-08-17T18:48:05Z,
103.63.190.126,ipv4,malicious-ip,medium,WHITE,ziyadnz/hourly-ipv4,ziyadnz|hourly,2026-08-17T18:48:05Z,2026-08-17T18:48:05Z,
103.63.24.43,ipv4,malicious-ip,medium,WHITE,ziyadnz/hourly-ipv4,ziyadnz|hourly,2026-08-17T18:48:05Z,2026-08-17T18:48:05Z,
103.65.212.221,ipv4,malicious-ip,medium,WHITE,ziyadnz/hourly-ipv4,ziyadnz|hourly,2026-08-17T18:48:05Z,2026-08-17T18:48:05Z,
103.65.236.107,ipv4,malicious-ip,medium,WHITE,ziyadnz/hourly-ipv4,ziyadnz|hourly,2026-08-17T18:48:05Z,2026-08-17T18:48:05Z,
103.65.236.108,ipv4,malicious-ip,medium,WHITE,ziyadnz/hourly-ipv4,ziyadnz|hourly,2026-08-17T18:48:05Z,2026-08-17T18:48:05Z,
103.65.236.109,ipv4,malicious-ip,medium,WHITE,ziyadnz/hourly-ipv4,ziyadnz|hourly,2026-08-17T18:48:05Z,2026-08-17T18:48:05Z,
103.65.24.88,ipv4,malicious-ip,medium,WHITE,ziyadnz/hourly-ipv4,ziyadnz|hourly,2026-08-17T18:48:05Z,2026-08-17T18:48:05Z,
103.65.240.34,ipv4,malicious-ip,medium,WHITE,ziyadnz/hourly-ipv4,ziyadnz|hourly,2026-08-17T18:48:05Z,2026-08-17T18:48:05Z,
103.66.143.140,ipv4,malicious-ip,medium,WHITE,ziyadnz/hourly-ipv4,ziyadnz|hourly,2026-08-17T18:48:05Z,2026-08-17T18:48:05Z,
103.66.143.93,ipv4,malicious-ip,medium,WHITE,ziyadnz/hourly-ipv4,ziyadnz|hourly,2026-08-17T18:48:05Z,2026-08-17T18:48:05Z,
103.66.148.71,ipv4,malicious-ip,medium,WHITE,ziyadnz/hourly-ipv4,ziyadnz|hourly,2026-08-17T18:48:05Z,2026-08-17T18:48:05Z,
103.66.148.82,ipv4,malicious-ip,medium,WHITE,ziyadnz/hourly-ipv4,ziyadnz|hourly,2026-08-17T18:48:05Z,2026-08-17T18:48:05Z,
103.66.198.234,ipv4,malicious-ip,medium,WHITE,ziyadnz/hourly-ipv4,ziyadnz|hourly,2026-08-17T18:48:05Z,2026-08-17T18:48:05Z,
103.66.205.105,ipv4,malicious-ip,medium,WHITE,ziyadnz/hourly-ipv4,ziyadnz|hourly,2026-08-17T18:48:05Z,2026-08-17T18:48:05Z,
103.66.4.33,ipv4,malicious-ip,medium,WHITE,ziyadnz/hourly-ipv4,ziyadnz|hourly,2026-08-17T18:48:05Z,2026-08-17T18:48:05Z,
103.66.8.166,ipv4,malicious-ip,medium,WHITE,ziyadnz/hourly-ipv4,ziyadnz|hourly,2026-08-17T18:48:05Z,2026-08-17T18:48:05Z,
103.66.98.88,ipv4,malicious-ip,medium,WHITE,ziyadnz/hourly-ipv4,ziyadnz|hourly,2026-08-17T18:48:05Z,2026-08-17T18:48:05Z,
103.67.162.129,ipv4,malicious-ip,medium,WHITE,ziyadnz/hourly-ipv4,ziyadnz|hourly,2026-08-17T18:48:05Z,2026-08-17T18:48:05Z,
103.67.163.20,ipv4,malicious-ip,medium,WHITE,ziyadnz/hourly-ipv4,ziyadnz|hourly,2026-08-17T18:48:05Z,2026-08-17T18:48:05Z,
103.67.163.5,ipv4,malicious-ip,medium,WHITE,ziyadnz/hourly-ipv4,ziyadnz|hourly,2026-08-17T18:48:05Z,2026-08-17T18:48:05Z,
103.67.163.9,ipv4,malicious-ip,medium,WHITE,ziyadnz/hourly-ipv4,ziyadnz|hourly,2026-08-17T18:48:05Z,2026-08-17T18:48:05Z,
103.67.165.110,ipv4,malicious-ip,medium,WHITE,ziyadnz/hourly-ipv4,ziyadnz|hourly,2026-08-17T18:48:05Z,2026-08-17T18:48:05Z,
103.67.196.50,ipv4,malicious-ip,medium,WHITE,ziyadnz/hourly-ipv4,ziyadnz|hourly,2026-08-17T18:48:05Z,2026-08-17T18:48:05Z,
103.67.244.133,ipv4,malicious-ip,medium,WHITE,ziyadnz/hourly-ipv4,ziyadnz|hourly,2026-08-17T18:48:05Z,2026-08-17T18:48:05Z,
103.67.54.40,ipv4,malicious-ip,medium,WHITE,ziyadnz/hourly-ipv4,ziyadnz|hourly,2026-08-17T18:48:05Z,2026-08-17T18:48:05Z,
103.67.78.217,ipv4,malicious-ip,medium,WHITE,ziyadnz/hourly-ipv4,ziyadnz|hourly,2026-08-17T18:48:05Z,2026-08-17T18:48:05Z,
103.67.80.61,ipv4,malicious-ip,medium,WHITE,ziyadnz/hourly-ipv4,ziyadnz|hourly,2026-08-17T18:48:05Z,2026-08-17T18:48:05Z,
103.67.85.206,ipv4,malicious-ip,medium,WHITE,ziyadnz/hourly-ipv4,ziyadnz|hourly,2026-08-17T18:48:05Z,2026-08-17T18:48:05Z,
103.67.96.17,ipv4,malicious-ip,medium,WHITE,ziyadnz/hourly-ipv4,ziyadnz|hourly,2026-08-17T18:48:05Z,2026-08-17T18:48:05Z,
103.67.96.31,ipv4,malicious-ip,medium,WHITE,ziyadnz/hourly-ipv4,ziyadnz|hourly,2026-08-17T18:48:05Z,2026-08-17T18:48:05Z,
103.68.109.208,ipv4,malicious-ip,medium,WHITE,ziyadnz/hourly-ipv4,ziyadnz|hourly,2026-08-17T18:48:05Z,2026-08-17T18:48:05Z,
103.68.22.115,ipv4,malicious-ip,medium,WHITE,ziyadnz/hourly-ipv4,ziyadnz|hourly,2026-08-17T18:48:05Z,2026-08-17T18:48:05Z,
103.68.40.204,ipv4,malicious-ip,medium,WHITE,ziyadnz/hourly-ipv4,ziyadnz|hourly,2026-08-17T18:48:05Z,2026-08-17T18:48:05Z,
103.68.55.71,ipv4,malicious-ip,medium,WHITE,ziyadnz/hourly-ipv4,ziyadnz|hourly,2026-08-17T18:48:05Z,2026-08-17T18:48:05Z,
103.68.68.121,ipv4,malicious-ip,medium,WHITE,ziyadnz/hourly-ipv4,ziyadnz|hourly,2026-08-17T18:48:05Z,2026-08-17T18:48:05Z,
103.69.10.85,ipv4,malicious-ip,medium,WHITE,ziyadnz/hourly-ipv4,ziyadnz|hourly,2026-08-17T18:48:05Z,2026-08-17T18:48:05Z,
103.69.220.254,ipv4,malicious-ip,medium,WHITE,ziyadnz/hourly-ipv4,ziyadnz|hourly,2026-08-17T18:48:05Z,2026-08-17T18:48:05Z,
103.69.241.143,ipv4,malicious-ip,medium,WHITE,ziyadnz/hourly-ipv4,ziyadnz|hourly,2026-08-17T18:48:05Z,2026-08-17T18:48:05Z,
103.69.26.3,ipv4,malicious-ip,medium,WHITE,ziyadnz/hourly-ipv4,ziyadnz|hourly,2026-08-17T18:48:05Z,2026-08-17T18:48:05Z,
103.69.84.218,ipv4,malicious-ip,medium,WHITE,ziyadnz/hourly-ipv4,ziyadnz|hourly,2026-08-17T18:48:05Z,2026-08-17T18:48:05Z,
103.69.85.10,ipv4,malicious-ip,medium,WHITE,ziyadnz/hourly-ipv4,ziyadnz|hourly,2026-08-17T18:48:05Z,2026-08-17T18:48:05Z,
103.69.85.55,ipv4,malicious-ip,medium,WHITE,ziyadnz/hourly-ipv4,ziyadnz|hourly,2026-08-17T18:48:05Z,2026-08-17T18:48:05Z,
103.69.9.222,ipv4,malicious-ip,medium,WHITE,ziyadnz/hourly-ipv4,ziyadnz|hourly,2026-08-17T18:48:05Z,2026-08-17T18:48:05Z,
103.69.97.45,ipv4,malicious-ip,medium,WHITE,ziyadnz/hourly-ipv4,ziyadnz|hourly,2026-08-17T18:48:05Z,2026-08-17T18:48:05Z,
103.7.11.134,ipv4,malicious-ip,medium,WHITE,ziyadnz/hourly-ipv4,ziyadnz|hourly,2026-08-17T18:48:05Z,2026-08-17T18:48:05Z,
103.7.204.99,ipv4,malicious-ip,medium,WHITE,ziyadnz/hourly-ipv4,ziyadnz|hourly,2026-08-17T18:48:05Z,2026-08-17T18:48:05Z,
103.7.248.94,ipv4,malicious-ip,medium,WHITE,ziyadnz/hourly-ipv4,ziyadnz|hourly,2026-08-17T18:48:05Z,2026-08-17T18:48:05Z,
103.7.4.150,ipv4,malicious-ip,medium,WHITE,ziyadnz/hourly-ipv4,ziyadnz|hourly,2026-08-17T18:48:05Z,2026-08-17T18:48:05Z,
103.7.4.217,ipv4,malicious-ip,medium,WHITE,ziyadnz/hourly-ipv4,ziyadnz|hourly,2026-08-17T18:48:05Z,2026-08-17T18:48:05Z,
103.7.4.71,ipv4,malicious-ip,medium,WHITE,ziyadnz/hourly-ipv4,ziyadnz|hourly,2026-08-17T18:48:05Z,2026-08-17T18:48:05Z,
103.7.41.117,ipv4,malicious-ip,medium,WHITE,ziyadnz/hourly-ipv4,ziyadnz|hourly,2026-08-17T18:48:05Z,2026-08-17T18:48:05Z,
103.7.41.144,ipv4,malicious-ip,medium,WHITE,ziyadnz/hourly-ipv4,ziyadnz|hourly,2026-08-17T18:48:05Z,2026-08-17T18:48:05Z,
103.7.60.118,ipv4,malicious-ip,medium,WHITE,ziyadnz/hourly-ipv4,ziyadnz|hourly,2026-08-17T18:48:05Z,2026-08-17T18:48:05Z,
103.7.60.247,ipv4,malicious-ip,medium,WHITE,ziyadnz/hourly-ipv4,ziyadnz|hourly,2026-08-17T18:48:05Z,2026-08-17T18:48:05Z,
103.70.12.9,ipv4,malicious-ip,medium,WHITE,ziyadnz/hourly-ipv4,ziyadnz|hourly,2026-08-17T18:48:05Z,2026-08-17T18:48:05Z,
103.70.122.232,ipv4,malicious-ip,medium,WHITE,ziyadnz/hourly-ipv4,ziyadnz|hourly,2026-08-17T18:48:05Z,2026-08-17T18:48:05Z,
103.70.123.254,ipv4,malicious-ip,medium,WHITE,ziyadnz/hourly-ipv4,ziyadnz|hourly,2026-08-17T18:48:05Z,2026-08-17T18:48:05Z,
103.70.196.162,ipv4,malicious-ip,medium,WHITE,ziyadnz/hourly-ipv4,ziyadnz|hourly,2026-08-17T18:48:05Z,2026-08-17T18:48:05Z,
103.70.196.190,ipv4,malicious-ip,medium,WHITE,ziyadnz/hourly-ipv4,ziyadnz|hourly,2026-08-17T18:48:05Z,2026-08-17T18:48:05Z,
103.70.66.246,ipv4,malicious-ip,medium,WHITE,ziyadnz/hourly-ipv4,ziyadnz|hourly,2026-08-17T18:48:05Z,2026-08-17T18:48:05Z,
103.70.83.45,ipv4,malicious-ip,medium,WHITE,ziyadnz/hourly-ipv4,ziyadnz|hourly,2026-08-17T18:48:05Z,2026-08-17T18:48:05Z,
103.71.76.249,ipv4,malicious-ip,medium,WHITE,ziyadnz/hourly-ipv4,ziyadnz|hourly,2026-08-17T18:48:05Z,2026-08-17T18:48:05Z,
103.71.76.250,ipv4,malicious-ip,medium,WHITE,ziyadnz/hourly-ipv4,ziyadnz|hourly,2026-08-17T18:48:05Z,2026-08-17T18:48:05Z,
103.71.76.254,ipv4,malicious-ip,medium,WHITE,ziyadnz/hourly-ipv4,ziyadnz|hourly,2026-08-17T18:48:05Z,2026-08-17T18:48:05Z,
103.72.168.27,ipv4,malicious-ip,medium,WHITE,ziyadnz/hourly-ipv4,ziyadnz|hourly,2026-08-17T18:48:05Z,2026-08-17T18:48:05Z,
103.72.216.82,ipv4,malicious-ip,medium,WHITE,ziyadnz/hourly-ipv4,ziyadnz|hourly,2026-08-17T18:48:05Z,2026-08-17T18:48:05Z,
103.72.217.90,ipv4,malicious-ip,medium,WHITE,ziyadnz/hourly-ipv4,ziyadnz|hourly,2026-08-17T18:48:05Z,2026-08-17T18:48:05Z,
103.72.56.135,ipv4,malicious-ip,medium,WHITE,ziyadnz/hourly-ipv4,ziyadnz|hourly,2026-08-17T18:48:05Z,2026-08-17T18:48:05Z,
103.72.57.191,ipv4,malicious-ip,medium,WHITE,ziyadnz/hourly-ipv4,ziyadnz|hourly,2026-08-17T18:48:05Z,2026-08-17T18:48:05Z,
103.72.57.195,ipv4,malicious-ip,medium,WHITE,ziyadnz/hourly-ipv4,ziyadnz|hourly,2026-08-17T18:48:05Z,2026-08-17T18:48:05Z,
103.72.57.249,ipv4,malicious-ip,medium,WHITE,ziyadnz/hourly-ipv4,ziyadnz|hourly,2026-08-17T18:48:05Z,2026-08-17T18:48:05Z,
103.72.71.43,ipv4,malicious-ip,medium,WHITE,ziyadnz/hourly-ipv4,ziyadnz|hourly,2026-08-17T18:48:05Z,2026-08-17T18:48:05Z,
103.73.100.55,ipv4,malicious-ip,medium,WHITE,ziyadnz/hourly-ipv4,ziyadnz|hourly,2026-08-17T18:48:05Z,2026-08-17T18:48:05Z,
103.73.101.129,ipv4,malicious-ip,medium,WHITE,ziyadnz/hourly-ipv4,ziyadnz|hourly,2026-08-17T18:48:05Z,2026-08-17T18:48:05Z,
103.73.101.153,ipv4,malicious-ip,medium,WHITE,ziyadnz/hourly-ipv4,ziyadnz|hourly,2026-08-17T18:48:05Z,2026-08-17T18:48:05Z,
103.73.101.172,ipv4,malicious-ip,medium,WHITE,ziyadnz/hourly-ipv4,ziyadnz|hourly,2026-08-17T18:48:05Z,2026-08-17T18:48:05Z,
103.73.101.175,ipv4,malicious-ip,medium,WHITE,ziyadnz/hourly-ipv4,ziyadnz|hourly,2026-08-17T18:48:05Z,2026-08-17T18:48:05Z,
103.73.101.186,ipv4,malicious-ip,medium,WHITE,ziyadnz/hourly-ipv4,ziyadnz|hourly,2026-08-17T18:48:05Z,2026-08-17T18:48:05Z,
103.73.102.107,ipv4,malicious-ip,medium,WHITE,ziyadnz/hourly-ipv4,ziyadnz|hourly,2026-08-17T18:48:05Z,2026-08-17T18:48:05Z,
103.73.102.234,ipv4,malicious-ip,medium,WHITE,ziyadnz/hourly-ipv4,ziyadnz|hourly,2026-08-17T18:48:05Z,2026-08-17T18:48:05Z,
103.73.161.237,ipv4,malicious-ip,medium,WHITE,ziyadnz/hourly-ipv4,ziyadnz|hourly,2026-08-17T18:48:05Z,2026-08-17T18:48:05Z,
103.73.189.194,ipv4,malicious-ip,medium,WHITE,ziyadnz/hourly-ipv4,ziyadnz|hourly,2026-08-17T18:48:05Z,2026-08-17T18:48:05Z,
103.73.199.51,ipv4,malicious-ip,medium,WHITE,ziyadnz/hourly-ipv4,ziyadnz|hourly,2026-08-17T18:48:05Z,2026-08-17T18:48:05Z,
103.73.65.129,ipv4,malicious-ip,medium,WHITE,ziyadnz/hourly-ipv4,ziyadnz|hourly,2026-08-17T18:48:05Z,2026-08-17T18:48:05Z,
103.73.65.225,ipv4,malicious-ip,medium,WHITE,ziyadnz/hourly-ipv4,ziyadnz|hourly,2026-08-17T18:48:05Z,2026-08-17T18:48:05Z,
103.73.65.244,ipv4,malicious-ip,medium,WHITE,ziyadnz/hourly-ipv4,ziyadnz|hourly,2026-08-17T18:48:05Z,2026-08-17T18:48:05Z,
103.73.65.246,ipv4,malicious-ip,medium,WHITE,ziyadnz/hourly-ipv4,ziyadnz|hourly,2026-08-17T18:48:05Z,2026-08-17T18:48:05Z,
103.73.65.253,ipv4,malicious-ip,medium,WHITE,ziyadnz/hourly-ipv4,ziyadnz|hourly,2026-08-17T18:48:05Z,2026-08-17T18:48:05Z,
103.73.66.37,ipv4,malicious-ip,medium,WHITE,ziyadnz/hourly-ipv4,ziyadnz|hourly,2026-08-17T18:48:05Z,2026-08-17T18:48:05Z,
103.74.123.7,ipv4,malicious-ip,medium,WHITE,ziyadnz/hourly-ipv4,ziyadnz|hourly,2026-08-17T18:48:05Z,2026-08-17T18:48:05Z,
103.74.123.88,ipv4,malicious-ip,medium,WHITE,ziyadnz/hourly-ipv4,ziyadnz|hourly,2026-08-17T18:48:05Z,2026-08-17T18:48:05Z,
103.74.138.169,ipv4,malicious-ip,medium,WHITE,ziyadnz/hourly-ipv4,ziyadnz|hourly,2026-08-17T18:48:05Z,2026-08-17T18:48:05Z,
103.74.140.149,ipv4,malicious-ip,medium,WHITE,ziyadnz/hourly-ipv4,ziyadnz|hourly,2026-08-17T18:48:05Z,2026-08-17T18:48:05Z,
103.74.169.87,ipv4,malicious-ip,medium,WHITE,ziyadnz/hourly-ipv4,ziyadnz|hourly,2026-08-17T18:48:05Z,2026-08-17T18:48:05Z,
103.74.192.105,ipv4,malicious-ip,medium,WHITE,ziyadnz/hourly-ipv4,ziyadnz|hourly,2026-08-17T18:48:05Z,2026-08-17T18:48:05Z,
103.74.20.115,ipv4,malicious-ip,medium,WHITE,ziyadnz/hourly-ipv4,ziyadnz|hourly,2026-08-17T18:48:05Z,2026-08-17T18:48:05Z,
103.74.20.119,ipv4,malicious-ip,medium,WHITE,ziyadnz/hourly-ipv4,ziyadnz|hourly,2026-08-17T18:48:05Z,2026-08-17T18:48:05Z,
103.74.20.151,ipv4,malicious-ip,medium,WHITE,ziyadnz/hourly-ipv4,ziyadnz|hourly,2026-08-17T18:48:05Z,2026-08-17T18:48:05Z,
103.74.20.38,ipv4,malicious-ip,medium,WHITE,ziyadnz/hourly-ipv4,ziyadnz|hourly,2026-08-17T18:48:05Z,2026-08-17T18:48:05Z,
103.74.21.1,ipv4,malicious-ip,medium,WHITE,ziyadnz/hourly-ipv4,ziyadnz|hourly,2026-08-17T18:48:05Z,2026-08-17T18:48:05Z,
103.74.21.44,ipv4,malicious-ip,medium,WHITE,ziyadnz/hourly-ipv4,ziyadnz|hourly,2026-08-17T18:48:05Z,2026-08-17T18:48:05Z,
103.74.21.69,ipv4,malicious-ip,medium,WHITE,ziyadnz/hourly-ipv4,ziyadnz|hourly,2026-08-17T18:48:05Z,2026-08-17T18:48:05Z,
103.74.21.88,ipv4,malicious-ip,medium,WHITE,ziyadnz/hourly-ipv4,ziyadnz|hourly,2026-08-17T18:48:05Z,2026-08-17T18:48:05Z,
103.74.21.92,ipv4,malicious-ip,medium,WHITE,ziyadnz/hourly-ipv4,ziyadnz|hourly,2026-08-17T18:48:05Z,2026-08-17T18:48:05Z,
103.75.117.209,ipv4,malicious-ip,medium,WHITE,ziyadnz/hourly-ipv4,ziyadnz|hourly,2026-08-17T18:48:05Z,2026-08-17T18:48:05Z,
103.75.117.250,ipv4,malicious-ip,medium,WHITE,ziyadnz/hourly-ipv4,ziyadnz|hourly,2026-08-17T18:48:05Z,2026-08-17T18:48:05Z,
103.75.118.25,ipv4,malicious-ip,medium,WHITE,ziyadnz/hourly-ipv4,ziyadnz|hourly,2026-08-17T18:48:05Z,2026-08-17T18:48:05Z,
103.75.118.84,ipv4,malicious-ip,medium,WHITE,ziyadnz/hourly-ipv4,ziyadnz|hourly,2026-08-17T18:48:05Z,2026-08-17T18:48:05Z,
103.75.161.4,ipv4,malicious-ip,medium,WHITE,ziyadnz/hourly-ipv4,ziyadnz|hourly,2026-08-17T18:48:05Z,2026-08-17T18:48:05Z,
103.75.161.5,ipv4,malicious-ip,medium,WHITE,ziyadnz/hourly-ipv4,ziyadnz|hourly,2026-08-17T18:48:05Z,2026-08-17T18:48:05Z,
103.75.161.7,ipv4,malicious-ip,medium,WHITE,ziyadnz/hourly-ipv4,ziyadnz|hourly,2026-08-17T18:48:05Z,2026-08-17T18:48:05Z,
103.75.180.250,ipv4,malicious-ip,medium,WHITE,ziyadnz/hourly-ipv4,ziyadnz|hourly,2026-08-17T18:48:05Z,2026-08-17T18:48:05Z,
103.75.182.108,ipv4,malicious-ip,medium,WHITE,ziyadnz/hourly-ipv4,ziyadnz|hourly,2026-08-17T18:48:05Z,2026-08-17T18:48:05Z,
103.75.182.178,ipv4,malicious-ip,medium,WHITE,ziyadnz/hourly-ipv4,ziyadnz|hourly,2026-08-17T18:48:05Z,2026-08-17T18:48:05Z,
103.75.183.233,ipv4,malicious-ip,medium,WHITE,ziyadnz/hourly-ipv4,ziyadnz|hourly,2026-08-17T18:48:05Z,2026-08-17T18:48:05Z,
103.75.183.57,ipv4,malicious-ip,medium,WHITE,ziyadnz/hourly-ipv4,ziyadnz|hourly,2026-08-17T18:48:05Z,2026-08-17T18:48:05Z,
103.75.185.141,ipv4,malicious-ip,medium,WHITE,ziyadnz/hourly-ipv4,ziyadnz|hourly,2026-08-17T18:48:05Z,2026-08-17T18:48:05Z,
103.75.188.55,ipv4,malicious-ip,medium,WHITE,ziyadnz/hourly-ipv4,ziyadnz|hourly,2026-08-17T18:48:05Z,2026-08-17T18:48:05Z,
103.75.189.29,ipv4,malicious-ip,medium,WHITE,ziyadnz/hourly-ipv4,ziyadnz|hourly,2026-08-17T18:48:05Z,2026-08-17T18:48:05Z,
103.75.190.28,ipv4,malicious-ip,medium,WHITE,ziyadnz/hourly-ipv4,ziyadnz|hourly,2026-08-17T18:48:05Z,2026-08-17T18:48:05Z,
103.75.190.73,ipv4,malicious-ip,medium,WHITE,ziyadnz/hourly-ipv4,ziyadnz|hourly,2026-08-17T18:48:05Z,2026-08-17T18:48:05Z,
103.75.191.120,ipv4,malicious-ip,medium,WHITE,ziyadnz/hourly-ipv4,ziyadnz|hourly,2026-08-17T18:48:05Z,2026-08-17T18:48:05Z,
103.75.191.220,ipv4,malicious-ip,medium,WHITE,ziyadnz/hourly-ipv4,ziyadnz|hourly,2026-08-17T18:48:05Z,2026-08-17T18:48:05Z,
103.75.199.78,ipv4,malicious-ip,medium,WHITE,ziyadnz/hourly-ipv4,ziyadnz|hourly,2026-08-17T18:48:05Z,2026-08-17T18:48:05Z,
103.75.201.2,ipv4,malicious-ip,medium,WHITE,ziyadnz/hourly-ipv4,ziyadnz|hourly,2026-08-17T18:48:05Z,2026-08-17T18:48:05Z,
103.75.201.4,ipv4,malicious-ip,medium,WHITE,ziyadnz/hourly-ipv4,ziyadnz|hourly,2026-08-17T18:48:05Z,2026-08-17T18:48:05Z,
103.75.227.198,ipv4,malicious-ip,medium,WHITE,ziyadnz/hourly-ipv4,ziyadnz|hourly,2026-08-17T18:48:05Z,2026-08-17T18:48:05Z,
103.75.32.10,ipv4,malicious-ip,medium,WHITE,ziyadnz/hourly-ipv4,ziyadnz|hourly,2026-08-17T18:48:05Z,2026-08-17T18:48:05Z,
103.75.34.20,ipv4,malicious-ip,medium,WHITE,ziyadnz/hourly-ipv4,ziyadnz|hourly,2026-08-17T18:48:05Z,2026-08-17T18:48:05Z,
103.75.77.90,ipv4,malicious-ip,medium,WHITE,ziyadnz/hourly-ipv4,ziyadnz|hourly,2026-08-17T18:48:05Z,2026-08-17T18:48:05Z,
103.75.84.45,ipv4,malicious-ip,medium,WHITE,ziyadnz/hourly-ipv4,ziyadnz|hourly,2026-08-17T18:48:05Z,2026-08-17T18:48:05Z,
103.76.108.201,ipv4,malicious-ip,medium,WHITE,ziyadnz/hourly-ipv4,ziyadnz|hourly,2026-08-17T18:48:05Z,2026-08-17T18:48:05Z,
103.76.120.139,ipv4,malicious-ip,medium,WHITE,ziyadnz/hourly-ipv4,ziyadnz|hourly,2026-08-17T18:48:05Z,2026-08-17T18:48:05Z,
103.76.120.198,ipv4,malicious-ip,medium,WHITE,ziyadnz/hourly-ipv4,ziyadnz|hourly,2026-08-17T18:48:05Z,2026-08-17T18:48:05Z,
103.76.120.204,ipv4,malicious-ip,medium,WHITE,ziyadnz/hourly-ipv4,ziyadnz|hourly,2026-08-17T18:48:05Z,2026-08-17T18:48:05Z,
103.76.120.206,ipv4,malicious-ip,medium,WHITE,ziyadnz/hourly-ipv4,ziyadnz|hourly,2026-08-17T18:48:05Z,2026-08-17T18:48:05Z,
103.76.120.30,ipv4,malicious-ip,medium,WHITE,ziyadnz/hourly-ipv4,ziyadnz|hourly,2026-08-17T18:48:05Z,2026-08-17T18:48:05Z,
103.76.208.113,ipv4,malicious-ip,medium,WHITE,ziyadnz/hourly-ipv4,ziyadnz|hourly,2026-08-17T18:48:05Z,2026-08-17T18:48:05Z,
103.76.213.95,ipv4,malicious-ip,medium,WHITE,ziyadnz/hourly-ipv4,ziyadnz|hourly,2026-08-17T18:48:05Z,2026-08-17T18:48:05Z,
103.76.47.108,ipv4,malicious-ip,medium,WHITE,ziyadnz/hourly-ipv4,ziyadnz|hourly,2026-08-17T18:48:05Z,2026-08-17T18:48:05Z,
103.76.5.15,ipv4,malicious-ip,medium,WHITE,ziyadnz/hourly-ipv4,ziyadnz|hourly,2026-08-17T18:48:05Z,2026-08-17T18:48:05Z,
103.76.83.144,ipv4,malicious-ip,medium,WHITE,ziyadnz/hourly-ipv4,ziyadnz|hourly,2026-08-17T18:48:05Z,2026-08-17T18:48:05Z,
103.76.84.221,ipv4,malicious-ip,medium,WHITE,ziyadnz/hourly-ipv4,ziyadnz|hourly,2026-08-17T18:48:05Z,2026-08-17T18:48:05Z,
103.77.107.71,ipv4,malicious-ip,medium,WHITE,ziyadnz/hourly-ipv4,ziyadnz|hourly,2026-08-17T18:48:05Z,2026-08-17T18:48:05Z,
103.77.138.136,ipv4,malicious-ip,medium,WHITE,ziyadnz/hourly-ipv4,ziyadnz|hourly,2026-08-17T18:48:05Z,2026-08-17T18:48:05Z,
103.77.138.221,ipv4,malicious-ip,medium,WHITE,ziyadnz/hourly-ipv4,ziyadnz|hourly,2026-08-17T18:48:05Z,2026-08-17T18:48:05Z,
103.77.204.184,ipv4,malicious-ip,medium,WHITE,ziyadnz/hourly-ipv4,ziyadnz|hourly,2026-08-17T18:48:05Z,2026-08-17T18:48:05Z,
103.77.215.62,ipv4,malicious-ip,medium,WHITE,ziyadnz/hourly-ipv4,ziyadnz|hourly,2026-08-17T18:48:05Z,2026-08-17T18:48:05Z,
103.77.240.28,ipv4,malicious-ip,medium,WHITE,ziyadnz/hourly-ipv4,ziyadnz|hourly,2026-08-17T18:48:05Z,2026-08-17T18:48:05Z,
103.77.241.135,ipv4,malicious-ip,medium,WHITE,ziyadnz/hourly-ipv4,ziyadnz|hourly,2026-08-17T18:48:05Z,2026-08-17T18:48:05Z,
103.77.241.148,ipv4,malicious-ip,medium,WHITE,ziyadnz/hourly-ipv4,ziyadnz|hourly,2026-08-17T18:48:05Z,2026-08-17T18:48:05Z,
103.77.241.35,ipv4,malicious-ip,medium,WHITE,ziyadnz/hourly-ipv4,ziyadnz|hourly,2026-08-17T18:48:05Z,2026-08-17T18:48:05Z,
103.77.243.218,ipv4,malicious-ip,medium,WHITE,ziyadnz/hourly-ipv4,ziyadnz|hourly,2026-08-17T18:48:05Z,2026-08-17T18:48:05Z,
103.77.246.136,ipv4,malicious-ip,medium,WHITE,ziyadnz/hourly-ipv4,ziyadnz|hourly,2026-08-17T18:48:05Z,2026-08-17T18:48:05Z,
103.77.246.150,ipv4,malicious-ip,medium,WHITE,ziyadnz/hourly-ipv4,ziyadnz|hourly,2026-08-17T18:48:05Z,2026-08-17T18:48:05Z,
103.77.246.161,ipv4,malicious-ip,medium,WHITE,ziyadnz/hourly-ipv4,ziyadnz|hourly,2026-08-17T18:48:05Z,2026-08-17T18:48:05Z,
103.77.246.187,ipv4,malicious-ip,medium,WHITE,ziyadnz/hourly-ipv4,ziyadnz|hourly,2026-08-17T18:48:05Z,2026-08-17T18:48:05Z,
103.77.63.230,ipv4,malicious-ip,medium,WHITE,ziyadnz/hourly-ipv4,ziyadnz|hourly,2026-08-17T18:48:05Z,2026-08-17T18:48:05Z,
103.78.0.111,ipv4,malicious-ip,medium,WHITE,ziyadnz/hourly-ipv4,ziyadnz|hourly,2026-08-17T18:48:05Z,2026-08-17T18:48:05Z,
103.78.1.33,ipv4,malicious-ip,medium,WHITE,ziyadnz/hourly-ipv4,ziyadnz|hourly,2026-08-17T18:48:05Z,2026-08-17T18:48:05Z,
103.78.140.2,ipv4,malicious-ip,medium,WHITE,ziyadnz/hourly-ipv4,ziyadnz|hourly,2026-08-17T18:48:05Z,2026-08-17T18:48:05Z,
103.78.18.74,ipv4,malicious-ip,medium,WHITE,ziyadnz/hourly-ipv4,ziyadnz|hourly,2026-08-17T18:48:05Z,2026-08-17T18:48:05Z,
103.78.18.87,ipv4,malicious-ip,medium,WHITE,ziyadnz/hourly-ipv4,ziyadnz|hourly,2026-08-17T18:48:05Z,2026-08-17T18:48:05Z,
103.78.200.219,ipv4,malicious-ip,medium,WHITE,ziyadnz/hourly-ipv4,ziyadnz|hourly,2026-08-17T18:48:05Z,2026-08-17T18:48:05Z,
103.78.22.55,ipv4,malicious-ip,medium,WHITE,ziyadnz/hourly-ipv4,ziyadnz|hourly,2026-08-17T18:48:05Z,2026-08-17T18:48:05Z,
103.78.229.56,ipv4,malicious-ip,medium,WHITE,ziyadnz/hourly-ipv4,ziyadnz|hourly,2026-08-17T18:48:05Z,2026-08-17T18:48:05Z,
103.78.242.128,ipv4,malicious-ip,medium,WHITE,ziyadnz/hourly-ipv4,ziyadnz|hourly,2026-08-17T18:48:05Z,2026-08-17T18:48:05Z,
103.78.254.96,ipv4,malicious-ip,medium,WHITE,ziyadnz/hourly-ipv4,ziyadnz|hourly,2026-08-17T18:48:05Z,2026-08-17T18:48:05Z,
103.79.118.221,ipv4,malicious-ip,medium,WHITE,ziyadnz/hourly-ipv4,ziyadnz|hourly,2026-08-17T18:48:05Z,2026-08-17T18:48:05Z,
103.79.120.72,ipv4,malicious-ip,medium,WHITE,ziyadnz/hourly-ipv4,ziyadnz|hourly,2026-08-17T18:48:05Z,2026-08-17T18:48:05Z,
103.79.16.159,ipv4,malicious-ip,medium,WHITE,ziyadnz/hourly-ipv4,ziyadnz|hourly,2026-08-17T18:48:05Z,2026-08-17T18:48:05Z,
103.79.16.25,ipv4,malicious-ip,medium,WHITE,ziyadnz/hourly-ipv4,ziyadnz|hourly,2026-08-17T18:48:05Z,2026-08-17T18:48:05Z,
103.79.165.106,ipv4,malicious-ip,medium,WHITE,ziyadnz/hourly-ipv4,ziyadnz|hourly,2026-08-17T18:48:05Z,2026-08-17T18:48:05Z,
103.79.19.91,ipv4,malicious-ip,medium,WHITE,ziyadnz/hourly-ipv4,ziyadnz|hourly,2026-08-17T18:48:05Z,2026-08-17T18:48:05Z,
103.79.239.166,ipv4,malicious-ip,medium,WHITE,ziyadnz/hourly-ipv4,ziyadnz|hourly,2026-08-17T18:48:05Z,2026-08-17T18:48:05Z,
103.8.114.42,ipv4,malicious-ip,medium,WHITE,ziyadnz/hourly-ipv4,ziyadnz|hourly,2026-08-17T18:48:05Z,2026-08-17T18:48:05Z,
103.8.118.0,ipv4,malicious-ip,medium,WHITE,ziyadnz/hourly-ipv4,ziyadnz|hourly,2026-08-17T18:48:05Z,2026-08-17T18:48:05Z,
103.8.118.140,ipv4,malicious-ip,medium,WHITE,ziyadnz/hourly-ipv4,ziyadnz|hourly,2026-08-17T18:48:05Z,2026-08-17T18:48:05Z,
103.8.118.145,ipv4,malicious-ip,medium,WHITE,ziyadnz/hourly-ipv4,ziyadnz|hourly,2026-08-17T18:48:05Z,2026-08-17T18:48:05Z,
103.8.118.151,ipv4,malicious-ip,medium,WHITE,ziyadnz/hourly-ipv4,ziyadnz|hourly,2026-08-17T18:48:05Z,2026-08-17T18:48:05Z,
103.8.118.18,ipv4,malicious-ip,medium,WHITE,ziyadnz/hourly-ipv4,ziyadnz|hourly,2026-08-17T18:48:05Z,2026-08-17T18:48:05Z,
103.8.118.245,ipv4,malicious-ip,medium,WHITE,ziyadnz/hourly-ipv4,ziyadnz|hourly,2026-08-17T18:48:05Z,2026-08-17T18:48:05Z,
103.8.119.174,ipv4,malicious-ip,medium,WHITE,ziyadnz/hourly-ipv4,ziyadnz|hourly,2026-08-17T18:48:05Z,2026-08-17T18:48:05Z,
103.8.185.158,ipv4,malicious-ip,medium,WHITE,ziyadnz/hourly-ipv4,ziyadnz|hourly,2026-08-17T18:48:05Z,2026-08-17T18:48:05Z,
103.80.23.55,ipv4,malicious-ip,medium,WHITE,ziyadnz/hourly-ipv4,ziyadnz|hourly,2026-08-17T18:48:05Z,2026-08-17T18:48:05Z,
103.80.27.92,ipv4,malicious-ip,medium,WHITE,ziyadnz/hourly-ipv4,ziyadnz|hourly,2026-08-17T18:48:05Z,2026-08-17T18:48:05Z,
103.80.83.28,ipv4,malicious-ip,medium,WHITE,ziyadnz/hourly-ipv4,ziyadnz|hourly,2026-08-17T18:48:05Z,2026-08-17T18:48:05Z,
103.81.105.163,ipv4,malicious-ip,medium,WHITE,ziyadnz/hourly-ipv4,ziyadnz|hourly,2026-08-17T18:48:05Z,2026-08-17T18:48:05Z,
103.81.13.213,ipv4,malicious-ip,medium,WHITE,ziyadnz/hourly-ipv4,ziyadnz|hourly,2026-08-17T18:48:05Z,2026-08-17T18:48:05Z,
103.81.154.196,ipv4,malicious-ip,medium,WHITE,ziyadnz/hourly-ipv4,ziyadnz|hourly,2026-08-17T18:48:05Z,2026-08-17T18:48:05Z,
103.81.154.234,ipv4,malicious-ip,medium,WHITE,ziyadnz/hourly-ipv4,ziyadnz|hourly,2026-08-17T18:48:05Z,2026-08-17T18:48:05Z,
103.81.154.237,ipv4,malicious-ip,medium,WHITE,ziyadnz/hourly-ipv4,ziyadnz|hourly,2026-08-17T18:48:05Z,2026-08-17T18:48:05Z,
103.81.170.109,ipv4,malicious-ip,medium,WHITE,ziyadnz/hourly-ipv4,ziyadnz|hourly,2026-08-17T18:48:05Z,2026-08-17T18:48:05Z,
103.81.182.239,ipv4,malicious-ip,medium,WHITE,ziyadnz/hourly-ipv4,ziyadnz|hourly,2026-08-17T18:48:05Z,2026-08-17T18:48:05Z,
103.81.208.45,ipv4,malicious-ip,medium,WHITE,ziyadnz/hourly-ipv4,ziyadnz|hourly,2026-08-17T18:48:05Z,2026-08-17T18:48:05Z,
103.81.215.133,ipv4,malicious-ip,medium,WHITE,ziyadnz/hourly-ipv4,ziyadnz|hourly,2026-08-17T18:48:05Z,2026-08-17T18:48:05Z,
103.81.240.27,ipv4,malicious-ip,medium,WHITE,ziyadnz/hourly-ipv4,ziyadnz|hourly,2026-08-17T18:48:05Z,2026-08-17T18:48:05Z,
103.81.64.153,ipv4,malicious-ip,medium,WHITE,ziyadnz/hourly-ipv4,ziyadnz|hourly,2026-08-17T18:48:05Z,2026-08-17T18:48:05Z,
103.81.84.237,ipv4,malicious-ip,medium,WHITE,ziyadnz/hourly-ipv4,ziyadnz|hourly,2026-08-17T18:48:05Z,2026-08-17T18:48:05Z,
103.81.87.164,ipv4,malicious-ip,medium,WHITE,ziyadnz/hourly-ipv4,ziyadnz|hourly,2026-08-17T18:48:05Z,2026-08-17T18:48:05Z,
103.82.120.0,ipv4,malicious-ip,medium,WHITE,ziyadnz/hourly-ipv4,ziyadnz|hourly,2026-08-17T18:48:05Z,2026-08-17T18:48:05Z,
103.82.120.131,ipv4,malicious-ip,medium,WHITE,ziyadnz/hourly-ipv4,ziyadnz|hourly,2026-08-17T18:48:05Z,2026-08-17T18:48:05Z,
103.82.120.134,ipv4,malicious-ip,medium,WHITE,ziyadnz/hourly-ipv4,ziyadnz|hourly,2026-08-17T18:48:05Z,2026-08-17T18:48:05Z,
103.82.120.194,ipv4,malicious-ip,medium,WHITE,ziyadnz/hourly-ipv4,ziyadnz|hourly,2026-08-17T18:48:05Z,2026-08-17T18:48:05Z,
103.82.120.33,ipv4,malicious-ip,medium,WHITE,ziyadnz/hourly-ipv4,ziyadnz|hourly,2026-08-17T18:48:05Z,2026-08-17T18:48:05Z,
103.82.120.36,ipv4,malicious-ip,medium,WHITE,ziyadnz/hourly-ipv4,ziyadnz|hourly,2026-08-17T18:48:05Z,2026-08-17T18:48:05Z,
103.82.120.66,ipv4,malicious-ip,medium,WHITE,ziyadnz/hourly-ipv4,ziyadnz|hourly,2026-08-17T18:48:05Z,2026-08-17T18:48:05Z,
103.82.120.73,ipv4,malicious-ip,medium,WHITE,ziyadnz/hourly-ipv4,ziyadnz|hourly,2026-08-17T18:48:05Z,2026-08-17T18:48:05Z,
103.82.120.96,ipv4,malicious-ip,medium,WHITE,ziyadnz/hourly-ipv4,ziyadnz|hourly,2026-08-17T18:48:05Z,2026-08-17T18:48:05Z,
103.82.121.0,ipv4,malicious-ip,medium,WHITE,ziyadnz/hourly-ipv4,ziyadnz|hourly,2026-08-17T18:48:05Z,2026-08-17T18:48:05Z,
103.82.121.10,ipv4,malicious-ip,medium,WHITE,ziyadnz/hourly-ipv4,ziyadnz|hourly,2026-08-17T18:48:05Z,2026-08-17T18:48:05Z,
103.82.121.114,ipv4,malicious-ip,medium,WHITE,ziyadnz/hourly-ipv4,ziyadnz|hourly,2026-08-17T18:48:05Z,2026-08-17T18:48:05Z,
103.82.121.143,ipv4,malicious-ip,medium,WHITE,ziyadnz/hourly-ipv4,ziyadnz|hourly,2026-08-17T18:48:05Z,2026-08-17T18:48:05Z,
103.82.121.190,ipv4,malicious-ip,medium,WHITE,ziyadnz/hourly-ipv4,ziyadnz|hourly,2026-08-17T18:48:05Z,2026-08-17T18:48:05Z,
103.82.121.221,ipv4,malicious-ip,medium,WHITE,ziyadnz/hourly-ipv4,ziyadnz|hourly,2026-08-17T18:48:05Z,2026-08-17T18:48:05Z,
103.82.121.222,ipv4,malicious-ip,medium,WHITE,ziyadnz/hourly-ipv4,ziyadnz|hourly,2026-08-17T18:48:05Z,2026-08-17T18:48:05Z,
103.82.121.236,ipv4,malicious-ip,medium,WHITE,ziyadnz/hourly-ipv4,ziyadnz|hourly,2026-08-17T18:48:05Z,2026-08-17T18:48:05Z,
103.82.121.70,ipv4,malicious-ip,medium,WHITE,ziyadnz/hourly-ipv4,ziyadnz|hourly,2026-08-17T18:48:05Z,2026-08-17T18:48:05Z,
103.82.121.83,ipv4,malicious-ip,medium,WHITE,ziyadnz/hourly-ipv4,ziyadnz|hourly,2026-08-17T18:48:05Z,2026-08-17T18:48:05Z,
103.82.126.67,ipv4,malicious-ip,medium,WHITE,ziyadnz/hourly-ipv4,ziyadnz|hourly,2026-08-17T18:48:05Z,2026-08-17T18:48:05Z,
103.82.135.30,ipv4,malicious-ip,medium,WHITE,ziyadnz/hourly-ipv4,ziyadnz|hourly,2026-08-17T18:48:05Z,2026-08-17T18:48:05Z,
103.82.157.46,ipv4,malicious-ip,medium,WHITE,ziyadnz/hourly-ipv4,ziyadnz|hourly,2026-08-17T18:48:05Z,2026-08-17T18:48:05Z,
103.82.192.70,ipv4,malicious-ip,medium,WHITE,ziyadnz/hourly-ipv4,ziyadnz|hourly,2026-08-17T18:48:05Z,2026-08-17T18:48:05Z,
103.82.195.183,ipv4,malicious-ip,medium,WHITE,ziyadnz/hourly-ipv4,ziyadnz|hourly,2026-08-17T18:48:05Z,2026-08-17T18:48:05Z,
103.82.21.8,ipv4,malicious-ip,medium,WHITE,ziyadnz/hourly-ipv4,ziyadnz|hourly,2026-08-17T18:48:05Z,2026-08-17T18:48:05Z,
103.82.210.181,ipv4,malicious-ip,medium,WHITE,ziyadnz/hourly-ipv4,ziyadnz|hourly,2026-08-17T18:48:05Z,2026-08-17T18:48:05Z,
103.82.22.113,ipv4,malicious-ip,medium,WHITE,ziyadnz/hourly-ipv4,ziyadnz|hourly,2026-08-17T18:48:05Z,2026-08-17T18:48:05Z,
103.82.22.235,ipv4,malicious-ip,medium,WHITE,ziyadnz/hourly-ipv4,ziyadnz|hourly,2026-08-17T18:48:05Z,2026-08-17T18:48:05Z,
103.82.252.244,ipv4,malicious-ip,medium,WHITE,ziyadnz/hourly-ipv4,ziyadnz|hourly,2026-08-17T18:48:05Z,2026-08-17T18:48:05Z,
103.82.255.30,ipv4,malicious-ip,medium,WHITE,ziyadnz/hourly-ipv4,ziyadnz|hourly,2026-08-17T18:48:05Z,2026-08-17T18:48:05Z,
103.82.26.211,ipv4,malicious-ip,medium,WHITE,ziyadnz/hourly-ipv4,ziyadnz|hourly,2026-08-17T18:48:05Z,2026-08-17T18:48:05Z,
103.82.27.41,ipv4,malicious-ip,medium,WHITE,ziyadnz/hourly-ipv4,ziyadnz|hourly,2026-08-17T18:48:05Z,2026-08-17T18:48:05Z,
103.82.37.117,ipv4,malicious-ip,medium,WHITE,ziyadnz/hourly-ipv4,ziyadnz|hourly,2026-08-17T18:48:05Z,2026-08-17T18:48:05Z,
103.82.37.34,ipv4,malicious-ip,medium,WHITE,ziyadnz/hourly-ipv4,ziyadnz|hourly,2026-08-17T18:48:05Z,2026-08-17T18:48:05Z,
103.82.92.202,ipv4,malicious-ip,medium,WHITE,ziyadnz/hourly-ipv4,ziyadnz|hourly,2026-08-17T18:48:05Z,2026-08-17T18:48:05Z,
103.82.92.50,ipv4,malicious-ip,medium,WHITE,ziyadnz/hourly-ipv4,ziyadnz|hourly,2026-08-17T18:48:05Z,2026-08-17T18:48:05Z,
103.82.93.69,ipv4,malicious-ip,medium,WHITE,ziyadnz/hourly-ipv4,ziyadnz|hourly,2026-08-17T18:48:05Z,2026-08-17T18:48:05Z,
103.82.99.90,ipv4,malicious-ip,medium,WHITE,ziyadnz/hourly-ipv4,ziyadnz|hourly,2026-08-17T18:48:05Z,2026-08-17T18:48:05Z,
103.83.0.66,ipv4,malicious-ip,medium,WHITE,ziyadnz/hourly-ipv4,ziyadnz|hourly,2026-08-17T18:48:05Z,2026-08-17T18:48:05Z,
103.83.105.116,ipv4,malicious-ip,medium,WHITE,ziyadnz/hourly-ipv4,ziyadnz|hourly,2026-08-17T18:48:05Z,2026-08-17T18:48:05Z,
103.83.142.42,ipv4,malicious-ip,medium,WHITE,ziyadnz/hourly-ipv4,ziyadnz|hourly,2026-08-17T18:48:05Z,2026-08-17T18:48:05Z,
103.83.148.51,ipv4,malicious-ip,medium,WHITE,ziyadnz/hourly-ipv4,ziyadnz|hourly,2026-08-17T18:48:05Z,2026-08-17T18:48:05Z,
103.83.148.65,ipv4,malicious-ip,medium,WHITE,ziyadnz/hourly-ipv4,ziyadnz|hourly,2026-08-17T18:48:05Z,2026-08-17T18:48:05Z,
103.83.254.243,ipv4,malicious-ip,medium,WHITE,ziyadnz/hourly-ipv4,ziyadnz|hourly,2026-08-17T18:48:05Z,2026-08-17T18:48:05Z,
103.83.9.186,ipv4,malicious-ip,medium,WHITE,ziyadnz/hourly-ipv4,ziyadnz|hourly,2026-08-17T18:48:05Z,2026-08-17T18:48:05Z,
103.83.93.122,ipv4,malicious-ip,medium,WHITE,ziyadnz/hourly-ipv4,ziyadnz|hourly,2026-08-17T18:48:05Z,2026-08-17T18:48:05Z,
103.84.130.67,ipv4,malicious-ip,medium,WHITE,ziyadnz/hourly-ipv4,ziyadnz|hourly,2026-08-17T18:48:05Z,2026-08-17T18:48:05Z,
103.84.144.9,ipv4,malicious-ip,medium,WHITE,ziyadnz/hourly-ipv4,ziyadnz|hourly,2026-08-17T18:48:05Z,2026-08-17T18:48:05Z,
103.84.178.140,ipv4,malicious-ip,medium,WHITE,ziyadnz/hourly-ipv4,ziyadnz|hourly,2026-08-17T18:48:05Z,2026-08-17T18:48:05Z,
103.84.178.144,ipv4,malicious-ip,medium,WHITE,ziyadnz/hourly-ipv4,ziyadnz|hourly,2026-08-17T18:48:05Z,2026-08-17T18:48:05Z,
103.84.191.23,ipv4,malicious-ip,medium,WHITE,ziyadnz/hourly-ipv4,ziyadnz|hourly,2026-08-17T18:48:05Z,2026-08-17T18:48:05Z,
103.84.202.138,ipv4,malicious-ip,medium,WHITE,ziyadnz/hourly-ipv4,ziyadnz|hourly,2026-08-17T18:48:05Z,2026-08-17T18:48:05Z,
103.84.57.137,ipv4,malicious-ip,medium,WHITE,ziyadnz/hourly-ipv4,ziyadnz|hourly,2026-08-17T18:48:05Z,2026-08-17T18:48:05Z,
103.84.57.223,ipv4,malicious-ip,medium,WHITE,ziyadnz/hourly-ipv4,ziyadnz|hourly,2026-08-17T18:48:05Z,2026-08-17T18:48:05Z,
103.85.11.236,ipv4,malicious-ip,medium,WHITE,ziyadnz/hourly-ipv4,ziyadnz|hourly,2026-08-17T18:48:05Z,2026-08-17T18:48:05Z,
103.85.112.122,ipv4,malicious-ip,medium,WHITE,ziyadnz/hourly-ipv4,ziyadnz|hourly,2026-08-17T18:48:05Z,2026-08-17T18:48:05Z,
103.85.198.55,ipv4,malicious-ip,medium,WHITE,ziyadnz/hourly-ipv4,ziyadnz|hourly,2026-08-17T18:48:05Z,2026-08-17T18:48:05Z,
103.85.20.194,ipv4,malicious-ip,medium,WHITE,ziyadnz/hourly-ipv4,ziyadnz|hourly,2026-08-17T18:48:05Z,2026-08-17T18:48:05Z,
103.85.25.166,ipv4,malicious-ip,medium,WHITE,ziyadnz/hourly-ipv4,ziyadnz|hourly,2026-08-17T18:48:05Z,2026-08-17T18:48:05Z,
103.85.9.17,ipv4,malicious-ip,medium,WHITE,ziyadnz/hourly-ipv4,ziyadnz|hourly,2026-08-17T18:48:05Z,2026-08-17T18:48:05Z,
103.86.117.203,ipv4,malicious-ip,medium,WHITE,ziyadnz/hourly-ipv4,ziyadnz|hourly,2026-08-17T18:48:05Z,2026-08-17T18:48:05Z,
103.86.131.143,ipv4,malicious-ip,medium,WHITE,ziyadnz/hourly-ipv4,ziyadnz|hourly,2026-08-17T18:48:05Z,2026-08-17T18:48:05Z,
103.86.177.189,ipv4,malicious-ip,medium,WHITE,ziyadnz/hourly-ipv4,ziyadnz|hourly,2026-08-17T18:48:05Z,2026-08-17T18:48:05Z,
103.86.67.183,ipv4,malicious-ip,medium,WHITE,ziyadnz/hourly-ipv4,ziyadnz|hourly,2026-08-17T18:48:05Z,2026-08-17T18:48:05Z,
103.87.104.54,ipv4,malicious-ip,medium,WHITE,ziyadnz/hourly-ipv4,ziyadnz|hourly,2026-08-17T18:48:05Z,2026-08-17T18:48:05Z,
103.87.105.184,ipv4,malicious-ip,medium,WHITE,ziyadnz/hourly-ipv4,ziyadnz|hourly,2026-08-17T18:48:05Z,2026-08-17T18:48:05Z,
103.87.105.191,ipv4,malicious-ip,medium,WHITE,ziyadnz/hourly-ipv4,ziyadnz|hourly,2026-08-17T18:48:05Z,2026-08-17T18:48:05Z,
103.87.106.171,ipv4,malicious-ip,medium,WHITE,ziyadnz/hourly-ipv4,ziyadnz|hourly,2026-08-17T18:48:05Z,2026-08-17T18:48:05Z,
103.87.106.43,ipv4,malicious-ip,medium,WHITE,ziyadnz/hourly-ipv4,ziyadnz|hourly,2026-08-17T18:48:05Z,2026-08-17T18:48:05Z,
103.87.107.149,ipv4,malicious-ip,medium,WHITE,ziyadnz/hourly-ipv4,ziyadnz|hourly,2026-08-17T18:48:05Z,2026-08-17T18:48:05Z,
103.87.107.176,ipv4,malicious-ip,medium,WHITE,ziyadnz/hourly-ipv4,ziyadnz|hourly,2026-08-17T18:48:05Z,2026-08-17T18:48:05Z,
103.87.107.224,ipv4,malicious-ip,medium,WHITE,ziyadnz/hourly-ipv4,ziyadnz|hourly,2026-08-17T18:48:05Z,2026-08-17T18:48:05Z,
103.87.107.234,ipv4,malicious-ip,medium,WHITE,ziyadnz/hourly-ipv4,ziyadnz|hourly,2026-08-17T18:48:05Z,2026-08-17T18:48:05Z,
103.87.148.5,ipv4,malicious-ip,medium,WHITE,ziyadnz/hourly-ipv4,ziyadnz|hourly,2026-08-17T18:48:05Z,2026-08-17T18:48:05Z,
103.87.16.26,ipv4,malicious-ip,medium,WHITE,ziyadnz/hourly-ipv4,ziyadnz|hourly,2026-08-17T18:48:05Z,2026-08-17T18:48:05Z,
103.87.212.240,ipv4,malicious-ip,medium,WHITE,ziyadnz/hourly-ipv4,ziyadnz|hourly,2026-08-17T18:48:05Z,2026-08-17T18:48:05Z,
103.87.212.241,ipv4,malicious-ip,medium,WHITE,ziyadnz/hourly-ipv4,ziyadnz|hourly,2026-08-17T18:48:05Z,2026-08-17T18:48:05Z,
103.87.215.220,ipv4,malicious-ip,medium,WHITE,ziyadnz/hourly-ipv4,ziyadnz|hourly,2026-08-17T18:48:05Z,2026-08-17T18:48:05Z,
103.87.249.12,ipv4,malicious-ip,medium,WHITE,ziyadnz/hourly-ipv4,ziyadnz|hourly,2026-08-17T18:48:05Z,2026-08-17T18:48:05Z,
103.87.249.14,ipv4,malicious-ip,medium,WHITE,ziyadnz/hourly-ipv4,ziyadnz|hourly,2026-08-17T18:48:05Z,2026-08-17T18:48:05Z,
103.87.249.80,ipv4,malicious-ip,medium,WHITE,ziyadnz/hourly-ipv4,ziyadnz|hourly,2026-08-17T18:48:05Z,2026-08-17T18:48:05Z,
103.87.49.158,ipv4,malicious-ip,medium,WHITE,ziyadnz/hourly-ipv4,ziyadnz|hourly,2026-08-17T18:48:05Z,2026-08-17T18:48:05Z,
103.87.9.62,ipv4,malicious-ip,medium,WHITE,ziyadnz/hourly-ipv4,ziyadnz|hourly,2026-08-17T18:48:05Z,2026-08-17T18:48:05Z,
103.87.94.140,ipv4,malicious-ip,medium,WHITE,ziyadnz/hourly-ipv4,ziyadnz|hourly,2026-08-17T18:48:05Z,2026-08-17T18:48:05Z,
103.87.95.133,ipv4,malicious-ip,medium,WHITE,ziyadnz/hourly-ipv4,ziyadnz|hourly,2026-08-17T18:48:05Z,2026-08-17T18:48:05Z,
103.88.101.19,ipv4,malicious-ip,medium,WHITE,ziyadnz/hourly-ipv4,ziyadnz|hourly,2026-08-17T18:48:05Z,2026-08-17T18:48:05Z,
103.88.103.109,ipv4,malicious-ip,medium,WHITE,ziyadnz/hourly-ipv4,ziyadnz|hourly,2026-08-17T18:48:05Z,2026-08-17T18:48:05Z,
103.88.130.60,ipv4,malicious-ip,medium,WHITE,ziyadnz/hourly-ipv4,ziyadnz|hourly,2026-08-17T18:48:05Z,2026-08-17T18:48:05Z,
103.88.169.153,ipv4,malicious-ip,medium,WHITE,ziyadnz/hourly-ipv4,ziyadnz|hourly,2026-08-17T18:48:05Z,2026-08-17T18:48:05Z,
103.88.226.30,ipv4,malicious-ip,medium,WHITE,ziyadnz/hourly-ipv4,ziyadnz|hourly,2026-08-17T18:48:05Z,2026-08-17T18:48:05Z,
103.88.232.57,ipv4,malicious-ip,medium,WHITE,ziyadnz/hourly-ipv4,ziyadnz|hourly,2026-08-17T18:48:05Z,2026-08-17T18:48:05Z,
103.88.238.92,ipv4,malicious-ip,medium,WHITE,ziyadnz/hourly-ipv4,ziyadnz|hourly,2026-08-17T18:48:05Z,2026-08-17T18:48:05Z,
103.88.77.141,ipv4,malicious-ip,medium,WHITE,ziyadnz/hourly-ipv4,ziyadnz|hourly,2026-08-17T18:48:05Z,2026-08-17T18:48:05Z,
103.88.83.224,ipv4,malicious-ip,medium,WHITE,ziyadnz/hourly-ipv4,ziyadnz|hourly,2026-08-17T18:48:05Z,2026-08-17T18:48:05Z,
103.89.240.251,ipv4,malicious-ip,medium,WHITE,ziyadnz/hourly-ipv4,ziyadnz|hourly,2026-08-17T18:48:05Z,2026-08-17T18:48:05Z,
103.89.57.106,ipv4,malicious-ip,medium,WHITE,ziyadnz/hourly-ipv4,ziyadnz|hourly,2026-08-17T18:48:05Z,2026-08-17T18:48:05Z,
103.89.93.12,ipv4,malicious-ip,medium,WHITE,ziyadnz/hourly-ipv4,ziyadnz|hourly,2026-08-17T18:48:05Z,2026-08-17T18:48:05Z,
103.89.94.39,ipv4,malicious-ip,medium,WHITE,ziyadnz/hourly-ipv4,ziyadnz|hourly,2026-08-17T18:48:05Z,2026-08-17T18:48:05Z,
103.9.126.243,ipv4,malicious-ip,medium,WHITE,ziyadnz/hourly-ipv4,ziyadnz|hourly,2026-08-17T18:48:05Z,2026-08-17T18:48:05Z,
103.9.156.11,ipv4,malicious-ip,medium,WHITE,ziyadnz/hourly-ipv4,ziyadnz|hourly,2026-08-17T18:48:05Z,2026-08-17T18:48:05Z,
103.9.206.167,ipv4,malicious-ip,medium,WHITE,ziyadnz/hourly-ipv4,ziyadnz|hourly,2026-08-17T18:48:05Z,2026-08-17T18:48:05Z,
103.9.211.35,ipv4,malicious-ip,medium,WHITE,ziyadnz/hourly-ipv4,ziyadnz|hourly,2026-08-17T18:48:05Z,2026-08-17T18:48:05Z,
103.9.76.208,ipv4,malicious-ip,medium,WHITE,ziyadnz/hourly-ipv4,ziyadnz|hourly,2026-08-17T18:48:05Z,2026-08-17T18:48:05Z,
103.9.76.211,ipv4,malicious-ip,medium,WHITE,ziyadnz/hourly-ipv4,ziyadnz|hourly,2026-08-17T18:48:05Z,2026-08-17T18:48:05Z,
103.9.77.247,ipv4,malicious-ip,medium,WHITE,ziyadnz/hourly-ipv4,ziyadnz|hourly,2026-08-17T18:48:05Z,2026-08-17T18:48:05Z,
103.90.156.57,ipv4,malicious-ip,medium,WHITE,ziyadnz/hourly-ipv4,ziyadnz|hourly,2026-08-17T18:48:05Z,2026-08-17T18:48:05Z,
103.90.211.130,ipv4,malicious-ip,medium,WHITE,ziyadnz/hourly-ipv4,ziyadnz|hourly,2026-08-17T18:48:05Z,2026-08-17T18:48:05Z,
103.90.234.13,ipv4,malicious-ip,medium,WHITE,ziyadnz/hourly-ipv4,ziyadnz|hourly,2026-08-17T18:48:05Z,2026-08-17T18:48:05Z,
103.90.67.3,ipv4,malicious-ip,medium,WHITE,ziyadnz/hourly-ipv4,ziyadnz|hourly,2026-08-17T18:48:05Z,2026-08-17T18:48:05Z,
103.90.67.84,ipv4,malicious-ip,medium,WHITE,ziyadnz/hourly-ipv4,ziyadnz|hourly,2026-08-17T18:48:05Z,2026-08-17T18:48:05Z,
103.91.208.101,ipv4,malicious-ip,medium,WHITE,ziyadnz/hourly-ipv4,ziyadnz|hourly,2026-08-17T18:48:05Z,2026-08-17T18:48:05Z,
103.91.211.228,ipv4,malicious-ip,medium,WHITE,ziyadnz/hourly-ipv4,ziyadnz|hourly,2026-08-17T18:48:05Z,2026-08-17T18:48:05Z,
103.91.219.89,ipv4,malicious-ip,medium,WHITE,ziyadnz/hourly-ipv4,ziyadnz|hourly,2026-08-17T18:48:05Z,2026-08-17T18:48:05Z,
103.91.246.73,ipv4,malicious-ip,medium,WHITE,ziyadnz/hourly-ipv4,ziyadnz|hourly,2026-08-17T18:48:05Z,2026-08-17T18:48:05Z,
103.91.64.214,ipv4,malicious-ip,medium,WHITE,ziyadnz/hourly-ipv4,ziyadnz|hourly,2026-08-17T18:48:05Z,2026-08-17T18:48:05Z,
103.91.65.44,ipv4,malicious-ip,medium,WHITE,ziyadnz/hourly-ipv4,ziyadnz|hourly,2026-08-17T18:48:05Z,2026-08-17T18:48:05Z,
103.91.72.47,ipv4,malicious-ip,medium,WHITE,ziyadnz/hourly-ipv4,ziyadnz|hourly,2026-08-17T18:48:05Z,2026-08-17T18:48:05Z,
103.91.81.242,ipv4,malicious-ip,medium,WHITE,ziyadnz/hourly-ipv4,ziyadnz|hourly,2026-08-17T18:48:05Z,2026-08-17T18:48:05Z,
103.92.120.250,ipv4,malicious-ip,medium,WHITE,ziyadnz/hourly-ipv4,ziyadnz|hourly,2026-08-17T18:48:05Z,2026-08-17T18:48:05Z,
103.92.162.242,ipv4,malicious-ip,medium,WHITE,ziyadnz/hourly-ipv4,ziyadnz|hourly,2026-08-17T18:48:05Z,2026-08-17T18:48:05Z,
103.92.209.2,ipv4,malicious-ip,medium,WHITE,ziyadnz/hourly-ipv4,ziyadnz|hourly,2026-08-17T18:48:05Z,2026-08-17T18:48:05Z,
103.92.212.25,ipv4,malicious-ip,medium,WHITE,ziyadnz/hourly-ipv4,ziyadnz|hourly,2026-08-17T18:48:05Z,2026-08-17T18:48:05Z,
103.92.43.174,ipv4,malicious-ip,medium,WHITE,ziyadnz/hourly-ipv4,ziyadnz|hourly,2026-08-17T18:48:05Z,2026-08-17T18:48:05Z,
103.93.104.12,ipv4,malicious-ip,medium,WHITE,ziyadnz/hourly-ipv4,ziyadnz|hourly,2026-08-17T18:48:05Z,2026-08-17T18:48:05Z,
103.93.104.219,ipv4,malicious-ip,medium,WHITE,ziyadnz/hourly-ipv4,ziyadnz|hourly,2026-08-17T18:48:05Z,2026-08-17T18:48:05Z,
103.93.121.34,ipv4,malicious-ip,medium,WHITE,ziyadnz/hourly-ipv4,ziyadnz|hourly,2026-08-17T18:48:05Z,2026-08-17T18:48:05Z,
103.93.179.10,ipv4,malicious-ip,medium,WHITE,ziyadnz/hourly-ipv4,ziyadnz|hourly,2026-08-17T18:48:05Z,2026-08-17T18:48:05Z,
103.93.240.229,ipv4,malicious-ip,medium,WHITE,ziyadnz/hourly-ipv4,ziyadnz|hourly,2026-08-17T18:48:05Z,2026-08-17T18:48:05Z,
103.93.78.142,ipv4,malicious-ip,medium,WHITE,ziyadnz/hourly-ipv4,ziyadnz|hourly,2026-08-17T18:48:05Z,2026-08-17T18:48:05Z,
103.93.97.230,ipv4,malicious-ip,medium,WHITE,ziyadnz/hourly-ipv4,ziyadnz|hourly,2026-08-17T18:48:05Z,2026-08-17T18:48:05Z,
103.94.123.10,ipv4,malicious-ip,medium,WHITE,ziyadnz/hourly-ipv4,ziyadnz|hourly,2026-08-17T18:48:05Z,2026-08-17T18:48:05Z,
103.94.142.140,ipv4,malicious-ip,medium,WHITE,ziyadnz/hourly-ipv4,ziyadnz|hourly,2026-08-17T18:48:05Z,2026-08-17T18:48:05Z,
103.94.251.136,ipv4,malicious-ip,medium,WHITE,ziyadnz/hourly-ipv4,ziyadnz|hourly,2026-08-17T18:48:05Z,2026-08-17T18:48:05Z,
103.94.251.99,ipv4,malicious-ip,medium,WHITE,ziyadnz/hourly-ipv4,ziyadnz|hourly,2026-08-17T18:48:05Z,2026-08-17T18:48:05Z,
103.94.7.50,ipv4,malicious-ip,medium,WHITE,ziyadnz/hourly-ipv4,ziyadnz|hourly,2026-08-17T18:48:05Z,2026-08-17T18:48:05Z,
103.95.159.50,ipv4,malicious-ip,medium,WHITE,ziyadnz/hourly-ipv4,ziyadnz|hourly,2026-08-17T18:48:05Z,2026-08-17T18:48:05Z,
103.95.164.97,ipv4,malicious-ip,medium,WHITE,ziyadnz/hourly-ipv4,ziyadnz|hourly,2026-08-17T18:48:05Z,2026-08-17T18:48:05Z,
103.95.196.149,ipv4,malicious-ip,medium,WHITE,ziyadnz/hourly-ipv4,ziyadnz|hourly,2026-08-17T18:48:05Z,2026-08-17T18:48:05Z,
103.95.83.69,ipv4,malicious-ip,medium,WHITE,ziyadnz/hourly-ipv4,ziyadnz|hourly,2026-08-17T18:48:05Z,2026-08-17T18:48:05Z,
103.95.98.49,ipv4,malicious-ip,medium,WHITE,ziyadnz/hourly-ipv4,ziyadnz|hourly,2026-08-17T18:48:05Z,2026-08-17T18:48:05Z,
103.96.128.44,ipv4,malicious-ip,medium,WHITE,ziyadnz/hourly-ipv4,ziyadnz|hourly,2026-08-17T18:48:05Z,2026-08-17T18:48:05Z,
103.96.130.107,ipv4,malicious-ip,medium,WHITE,ziyadnz/hourly-ipv4,ziyadnz|hourly,2026-08-17T18:48:05Z,2026-08-17T18:48:05Z,
103.96.131.150,ipv4,malicious-ip,medium,WHITE,ziyadnz/hourly-ipv4,ziyadnz|hourly,2026-08-17T18:48:05Z,2026-08-17T18:48:05Z,
103.96.147.12,ipv4,malicious-ip,medium,WHITE,ziyadnz/hourly-ipv4,ziyadnz|hourly,2026-08-17T18:48:05Z,2026-08-17T18:48:05Z,
103.96.37.173,ipv4,malicious-ip,medium,WHITE,ziyadnz/hourly-ipv4,ziyadnz|hourly,2026-08-17T18:48:05Z,2026-08-17T18:48:05Z,
103.96.42.40,ipv4,malicious-ip,medium,WHITE,ziyadnz/hourly-ipv4,ziyadnz|hourly,2026-08-17T18:48:05Z,2026-08-17T18:48:05Z,
103.96.72.91,ipv4,malicious-ip,medium,WHITE,ziyadnz/hourly-ipv4,ziyadnz|hourly,2026-08-17T18:48:05Z,2026-08-17T18:48:05Z,
103.96.74.162,ipv4,malicious-ip,medium,WHITE,ziyadnz/hourly-ipv4,ziyadnz|hourly,2026-08-17T18:48:05Z,2026-08-17T18:48:05Z,
103.97.0.57,ipv4,malicious-ip,medium,WHITE,ziyadnz/hourly-ipv4,ziyadnz|hourly,2026-08-17T18:48:05Z,2026-08-17T18:48:05Z,
103.97.101.25,ipv4,malicious-ip,medium,WHITE,ziyadnz/hourly-ipv4,ziyadnz|hourly,2026-08-17T18:48:05Z,2026-08-17T18:48:05Z,
103.97.128.77,ipv4,malicious-ip,medium,WHITE,ziyadnz/hourly-ipv4,ziyadnz|hourly,2026-08-17T18:48:05Z,2026-08-17T18:48:05Z,
103.97.131.179,ipv4,malicious-ip,medium,WHITE,ziyadnz/hourly-ipv4,ziyadnz|hourly,2026-08-17T18:48:05Z,2026-08-17T18:48:05Z,
103.97.131.44,ipv4,malicious-ip,medium,WHITE,ziyadnz/hourly-ipv4,ziyadnz|hourly,2026-08-17T18:48:05Z,2026-08-17T18:48:05Z,
103.97.135.244,ipv4,malicious-ip,medium,WHITE,ziyadnz/hourly-ipv4,ziyadnz|hourly,2026-08-17T18:48:05Z,2026-08-17T18:48:05Z,
103.97.200.176,ipv4,malicious-ip,medium,WHITE,ziyadnz/hourly-ipv4,ziyadnz|hourly,2026-08-17T18:48:05Z,2026-08-17T18:48:05Z,
103.97.203.29,ipv4,malicious-ip,medium,WHITE,ziyadnz/hourly-ipv4,ziyadnz|hourly,2026-08-17T18:48:05Z,2026-08-17T18:48:05Z,
103.97.228.178,ipv4,malicious-ip,medium,WHITE,ziyadnz/hourly-ipv4,ziyadnz|hourly,2026-08-17T18:48:05Z,2026-08-17T18:48:05Z,
103.97.46.118,ipv4,malicious-ip,medium,WHITE,ziyadnz/hourly-ipv4,ziyadnz|hourly,2026-08-17T18:48:05Z,2026-08-17T18:48:05Z,
103.97.84.165,ipv4,malicious-ip,medium,WHITE,ziyadnz/hourly-ipv4,ziyadnz|hourly,2026-08-17T18:48:05Z,2026-08-17T18:48:05Z,
103.97.91.250,ipv4,malicious-ip,medium,WHITE,ziyadnz/hourly-ipv4,ziyadnz|hourly,2026-08-17T18:48:05Z,2026-08-17T18:48:05Z,
103.97.93.114,ipv4,malicious-ip,medium,WHITE,ziyadnz/hourly-ipv4,ziyadnz|hourly,2026-08-17T18:48:05Z,2026-08-17T18:48:05Z,
103.98.149.209,ipv4,malicious-ip,medium,WHITE,ziyadnz/hourly-ipv4,ziyadnz|hourly,2026-08-17T18:48:05Z,2026-08-17T18:48:05Z,
103.98.152.152,ipv4,malicious-ip,medium,WHITE,ziyadnz/hourly-ipv4,ziyadnz|hourly,2026-08-17T18:48:05Z,2026-08-17T18:48:05Z,
103.98.209.174,ipv4,malicious-ip,medium,WHITE,ziyadnz/hourly-ipv4,ziyadnz|hourly,2026-08-17T18:48:05Z,2026-08-17T18:48:05Z,
103.98.214.218,ipv4,malicious-ip,medium,WHITE,ziyadnz/hourly-ipv4,ziyadnz|hourly,2026-08-17T18:48:05Z,2026-08-17T18:48:05Z,
103.98.63.131,ipv4,malicious-ip,medium,WHITE,ziyadnz/hourly-ipv4,ziyadnz|hourly,2026-08-17T18:48:05Z,2026-08-17T18:48:05Z,
103.98.85.211,ipv4,malicious-ip,medium,WHITE,ziyadnz/hourly-ipv4,ziyadnz|hourly,2026-08-17T18:48:05Z,2026-08-17T18:48:05Z,
103.98.85.230,ipv4,malicious-ip,medium,WHITE,ziyadnz/hourly-ipv4,ziyadnz|hourly,2026-08-17T18:48:05Z,2026-08-17T18:48:05Z,
103.99.13.110,ipv4,malicious-ip,medium,WHITE,ziyadnz/hourly-ipv4,ziyadnz|hourly,2026-08-17T18:48:05Z,2026-08-17T18:48:05Z,
103.99.135.173,ipv4,malicious-ip,medium,WHITE,ziyadnz/hourly-ipv4,ziyadnz|hourly,2026-08-17T18:48:05Z,2026-08-17T18:48:05Z,
103.99.181.113,ipv4,malicious-ip,medium,WHITE,ziyadnz/hourly-ipv4,ziyadnz|hourly,2026-08-17T18:48:05Z,2026-08-17T18:48:05Z,
103.99.196.0,ipv4,malicious-ip,medium,WHITE,ziyadnz/hourly-ipv4,ziyadnz|hourly,2026-08-17T18:48:05Z,2026-08-17T18:48:05Z,
103.99.214.149,ipv4,malicious-ip,medium,WHITE,ziyadnz/hourly-ipv4,ziyadnz|hourly,2026-08-17T18:48:05Z,2026-08-17T18:48:05Z,
103.99.214.16,ipv4,malicious-ip,medium,WHITE,ziyadnz/hourly-ipv4,ziyadnz|hourly,2026-08-17T18:48:05Z,2026-08-17T18:48:05Z,
103.99.214.211,ipv4,malicious-ip,medium,WHITE,ziyadnz/hourly-ipv4,ziyadnz|hourly,2026-08-17T18:48:05Z,2026-08-17T18:48:05Z,
103.99.36.182,ipv4,malicious-ip,medium,WHITE,ziyadnz/hourly-ipv4,ziyadnz|hourly,2026-08-17T18:48:05Z,2026-08-17T18:48:05Z,
103.99.38.105,ipv4,malicious-ip,medium,WHITE,ziyadnz/hourly-ipv4,ziyadnz|hourly,2026-08-17T18:48:05Z,2026-08-17T18:48:05Z,
104.10.132.209,ipv4,malicious-ip,medium,WHITE,ziyadnz/hourly-ipv4,ziyadnz|hourly,2026-08-17T18:48:05Z,2026-08-17T18:48:05Z,
104.105.15.72,ipv4,malicious-ip,medium,WHITE,ziyadnz/hourly-ipv4,ziyadnz|hourly,2026-08-17T18:48:05Z,2026-08-17T18:48:05Z,
104.128.140.87,ipv4,malicious-ip,medium,WHITE,ziyadnz/hourly-ipv4,ziyadnz|hourly,2026-08-17T18:48:05Z,2026-08-17T18:48:05Z,
104.128.190.181,ipv4,malicious-ip,medium,WHITE,ziyadnz/hourly-ipv4,ziyadnz|hourly,2026-08-17T18:48:05Z,2026-08-17T18:48:05Z,
104.128.89.92,ipv4,malicious-ip,medium,WHITE,ziyadnz/hourly-ipv4,ziyadnz|hourly,2026-08-17T18:48:05Z,2026-08-17T18:48:05Z,
104.129.17.38,ipv4,malicious-ip,medium,WHITE,ziyadnz/hourly-ipv4,ziyadnz|hourly,2026-08-17T18:48:05Z,2026-08-17T18:48:05Z,
104.129.20.167,ipv4,malicious-ip,medium,WHITE,ziyadnz/hourly-ipv4,ziyadnz|hourly,2026-08-17T18:48:05Z,2026-08-17T18:48:05Z,
104.129.23.195,ipv4,malicious-ip,medium,WHITE,ziyadnz/hourly-ipv4,ziyadnz|hourly,2026-08-17T18:48:05Z,2026-08-17T18:48:05Z,
104.129.55.103,ipv4,malicious-ip,medium,WHITE,ziyadnz/hourly-ipv4,ziyadnz|hourly,2026-08-17T18:48:05Z,2026-08-17T18:48:05Z,
104.129.55.104,ipv4,malicious-ip,medium,WHITE,ziyadnz/hourly-ipv4,ziyadnz|hourly,2026-08-17T18:48:05Z,2026-08-17T18:48:05Z,
104.13.35.107,ipv4,malicious-ip,medium,WHITE,ziyadnz/hourly-ipv4,ziyadnz|hourly,2026-08-17T18:48:05Z,2026-08-17T18:48:05Z,
104.13.52.176,ipv4,malicious-ip,medium,WHITE,ziyadnz/hourly-ipv4,ziyadnz|hourly,2026-08-17T18:48:05Z,2026-08-17T18:48:05Z,
104.130.124.205,ipv4,malicious-ip,medium,WHITE,ziyadnz/hourly-ipv4,ziyadnz|hourly,2026-08-17T18:48:05Z,2026-08-17T18:48:05Z,
104.131.12.96,ipv4,malicious-ip,medium,WHITE,ziyadnz/hourly-ipv4,ziyadnz|hourly,2026-08-17T18:48:05Z,2026-08-17T18:48:05Z,
104.131.13.6,ipv4,malicious-ip,medium,WHITE,ziyadnz/hourly-ipv4,ziyadnz|hourly,2026-08-17T18:48:05Z,2026-08-17T18:48:05Z,
104.131.169.252,ipv4,malicious-ip,medium,WHITE,ziyadnz/hourly-ipv4,ziyadnz|hourly,2026-08-17T18:48:05Z,2026-08-17T18:48:05Z,
104.131.183.11,ipv4,malicious-ip,medium,WHITE,ziyadnz/hourly-ipv4,ziyadnz|hourly,2026-08-17T18:48:05Z,2026-08-17T18:48:05Z,
104.131.23.170,ipv4,malicious-ip,medium,WHITE,ziyadnz/hourly-ipv4,ziyadnz|hourly,2026-08-17T18:48:05Z,2026-08-17T18:48:05Z,
104.131.24.124,ipv4,malicious-ip,medium,WHITE,ziyadnz/hourly-ipv4,ziyadnz|hourly,2026-08-17T18:48:05Z,2026-08-17T18:48:05Z,
104.131.29.249,ipv4,malicious-ip,medium,WHITE,ziyadnz/hourly-ipv4,ziyadnz|hourly,2026-08-17T18:48:05Z,2026-08-17T18:48:05Z,
104.131.30.201,ipv4,malicious-ip,medium,WHITE,ziyadnz/hourly-ipv4,ziyadnz|hourly,2026-08-17T18:48:05Z,2026-08-17T18:48:05Z,
104.131.36.34,ipv4,malicious-ip,medium,WHITE,ziyadnz/hourly-ipv4,ziyadnz|hourly,2026-08-17T18:48:05Z,2026-08-17T18:48:05Z,
104.131.38.32,ipv4,malicious-ip,medium,WHITE,ziyadnz/hourly-ipv4,ziyadnz|hourly,2026-08-17T18:48:05Z,2026-08-17T18:48:05Z,
104.131.67.109,ipv4,malicious-ip,medium,WHITE,ziyadnz/hourly-ipv4,ziyadnz|hourly,2026-08-17T18:48:05Z,2026-08-17T18:48:05Z,
104.131.69.106,ipv4,malicious-ip,medium,WHITE,ziyadnz/hourly-ipv4,ziyadnz|hourly,2026-08-17T18:48:05Z,2026-08-17T18:48:05Z,
104.131.69.242,ipv4,malicious-ip,medium,WHITE,ziyadnz/hourly-ipv4,ziyadnz|hourly,2026-08-17T18:48:05Z,2026-08-17T18:48:05Z,
104.131.9.27,ipv4,malicious-ip,medium,WHITE,ziyadnz/hourly-ipv4,ziyadnz|hourly,2026-08-17T18:48:05Z,2026-08-17T18:48:05Z,
104.137.125.174,ipv4,malicious-ip,medium,WHITE,ziyadnz/hourly-ipv4,ziyadnz|hourly,2026-08-17T18:48:05Z,2026-08-17T18:48:05Z,
104.137.193.120,ipv4,malicious-ip,medium,WHITE,ziyadnz/hourly-ipv4,ziyadnz|hourly,2026-08-17T18:48:05Z,2026-08-17T18:48:05Z,
104.139.172.221,ipv4,malicious-ip,medium,WHITE,ziyadnz/hourly-ipv4,ziyadnz|hourly,2026-08-17T18:48:05Z,2026-08-17T18:48:05Z,
104.140.148.0,ipv4,malicious-ip,medium,WHITE,ziyadnz/hourly-ipv4,ziyadnz|hourly,2026-08-17T18:48:05Z,2026-08-17T18:48:05Z,
104.140.148.102,ipv4,malicious-ip,medium,WHITE,ziyadnz/hourly-ipv4,ziyadnz|hourly,2026-08-17T18:48:05Z,2026-08-17T18:48:05Z,
104.140.148.106,ipv4,malicious-ip,medium,WHITE,ziyadnz/hourly-ipv4,ziyadnz|hourly,2026-08-17T18:48:05Z,2026-08-17T18:48:05Z,
104.140.148.110,ipv4,malicious-ip,medium,WHITE,ziyadnz/hourly-ipv4,ziyadnz|hourly,2026-08-17T18:48:05Z,2026-08-17T18:48:05Z,
104.140.148.114,ipv4,malicious-ip,medium,WHITE,ziyadnz/hourly-ipv4,ziyadnz|hourly,2026-08-17T18:48:05Z,2026-08-17T18:48:05Z,
104.140.148.54,ipv4,malicious-ip,medium,WHITE,ziyadnz/hourly-ipv4,ziyadnz|hourly,2026-08-17T18:48:05Z,2026-08-17T18:48:05Z,
104.140.148.58,ipv4,malicious-ip,medium,WHITE,ziyadnz/hourly-ipv4,ziyadnz|hourly,2026-08-17T18:48:05Z,2026-08-17T18:48:05Z,
104.140.148.82,ipv4,malicious-ip,medium,WHITE,ziyadnz/hourly-ipv4,ziyadnz|hourly,2026-08-17T18:48:05Z,2026-08-17T18:48:05Z,
104.140.148.86,ipv4,malicious-ip,medium,WHITE,ziyadnz/hourly-ipv4,ziyadnz|hourly,2026-08-17T18:48:05Z,2026-08-17T18:48:05Z,
104.140.148.94,ipv4,malicious-ip,medium,WHITE,ziyadnz/hourly-ipv4,ziyadnz|hourly,2026-08-17T18:48:05Z,2026-08-17T18:48:05Z,
104.140.148.98,ipv4,malicious-ip,medium,WHITE,ziyadnz/hourly-ipv4,ziyadnz|hourly,2026-08-17T18:48:05Z,2026-08-17T18:48:05Z,
104.140.154.254,ipv4,malicious-ip,medium,WHITE,ziyadnz/hourly-ipv4,ziyadnz|hourly,2026-08-17T18:48:05Z,2026-08-17T18:48:05Z,
104.140.201.102,ipv4,malicious-ip,medium,WHITE,ziyadnz/hourly-ipv4,ziyadnz|hourly,2026-08-17T18:48:05Z,2026-08-17T18:48:05Z,
104.143.10.174,ipv4,malicious-ip,medium,WHITE,ziyadnz/hourly-ipv4,ziyadnz|hourly,2026-08-17T18:48:05Z,2026-08-17T18:48:05Z,
104.143.77.9,ipv4,malicious-ip,medium,WHITE,ziyadnz/hourly-ipv4,ziyadnz|hourly,2026-08-17T18:48:05Z,2026-08-17T18:48:05Z,
104.144.69.46,ipv4,malicious-ip,medium,WHITE,ziyadnz/hourly-ipv4,ziyadnz|hourly,2026-08-17T18:48:05Z,2026-08-17T18:48:05Z,
104.144.69.51,ipv4,malicious-ip,medium,WHITE,ziyadnz/hourly-ipv4,ziyadnz|hourly,2026-08-17T18:48:05Z,2026-08-17T18:48:05Z,
104.145.210.107,ipv4,malicious-ip,medium,WHITE,ziyadnz/hourly-ipv4,ziyadnz|hourly,2026-08-17T18:48:05Z,2026-08-17T18:48:05Z,
104.152.236.232,ipv4,malicious-ip,medium,WHITE,ziyadnz/hourly-ipv4,ziyadnz|hourly,2026-08-17T18:48:05Z,2026-08-17T18:48:05Z,
104.152.50.123,ipv4,malicious-ip,medium,WHITE,ziyadnz/hourly-ipv4,ziyadnz|hourly,2026-08-17T18:48:05Z,2026-08-17T18:48:05Z,
104.152.52.100,ipv4,malicious-ip,medium,WHITE,ziyadnz/hourly-ipv4,ziyadnz|hourly,2026-08-17T18:48:05Z,2026-08-17T18:48:05Z,
104.152.52.101,ipv4,malicious-ip,medium,WHITE,ziyadnz/hourly-ipv4,ziyadnz|hourly,2026-08-17T18:48:05Z,2026-08-17T18:48:05Z,
104.152.52.102,ipv4,malicious-ip,medium,WHITE,ziyadnz/hourly-ipv4,ziyadnz|hourly,2026-08-17T18:48:05Z,2026-08-17T18:48:05Z,
104.152.52.103,ipv4,malicious-ip,medium,WHITE,ziyadnz/hourly-ipv4,ziyadnz|hourly,2026-08-17T18:48:05Z,2026-08-17T18:48:05Z,
104.152.52.104,ipv4,malicious-ip,medium,WHITE,ziyadnz/hourly-ipv4,ziyadnz|hourly,2026-08-17T18:48:05Z,2026-08-17T18:48:05Z,
104.152.52.105,ipv4,malicious-ip,medium,WHITE,ziyadnz/hourly-ipv4,ziyadnz|hourly,2026-08-17T18:48:05Z,2026-08-17T18:48:05Z,
104.152.52.106,ipv4,malicious-ip,medium,WHITE,ziyadnz/hourly-ipv4,ziyadnz|hourly,2026-08-17T18:48:05Z,2026-08-17T18:48:05Z,
104.152.52.107,ipv4,malicious-ip,medium,WHITE,ziyadnz/hourly-ipv4,ziyadnz|hourly,2026-08-17T18:48:05Z,2026-08-17T18:48:05Z,
104.152.52.108,ipv4,malicious-ip,medium,WHITE,ziyadnz/hourly-ipv4,ziyadnz|hourly,2026-08-17T18:48:05Z,2026-08-17T18:48:05Z,
104.152.52.109,ipv4,malicious-ip,medium,WHITE,ziyadnz/hourly-ipv4,ziyadnz|hourly,2026-08-17T18:48:05Z,2026-08-17T18:48:05Z,
104.152.52.110,ipv4,malicious-ip,medium,WHITE,ziyadnz/hourly-ipv4,ziyadnz|hourly,2026-08-17T18:48:05Z,2026-08-17T18:48:05Z,
104.152.52.111,ipv4,malicious-ip,medium,WHITE,ziyadnz/hourly-ipv4,ziyadnz|hourly,2026-08-17T18:48:05Z,2026-08-17T18:48:05Z,
104.152.52.112,ipv4,malicious-ip,medium,WHITE,ziyadnz/hourly-ipv4,ziyadnz|hourly,2026-08-17T18:48:05Z,2026-08-17T18:48:05Z,
104.152.52.113,ipv4,malicious-ip,medium,WHITE,ziyadnz/hourly-ipv4,ziyadnz|hourly,2026-08-17T18:48:05Z,2026-08-17T18:48:05Z,
104.152.52.114,ipv4,malicious-ip,medium,WHITE,ziyadnz/hourly-ipv4,ziyadnz|hourly,2026-08-17T18:48:05Z,2026-08-17T18:48:05Z,
104.152.52.115,ipv4,malicious-ip,medium,WHITE,ziyadnz/hourly-ipv4,ziyadnz|hourly,2026-08-17T18:48:05Z,2026-08-17T18:48:05Z,
104.152.52.116,ipv4,malicious-ip,medium,WHITE,ziyadnz/hourly-ipv4,ziyadnz|hourly,2026-08-17T18:48:05Z,2026-08-17T18:48:05Z,
104.152.52.117,ipv4,malicious-ip,medium,WHITE,ziyadnz/hourly-ipv4,ziyadnz|hourly,2026-08-17T18:48:05Z,2026-08-17T18:48:05Z,
104.152.52.118,ipv4,malicious-ip,medium,WHITE,ziyadnz/hourly-ipv4,ziyadnz|hourly,2026-08-17T18:48:05Z,2026-08-17T18:48:05Z,
104.152.52.119,ipv4,malicious-ip,medium,WHITE,ziyadnz/hourly-ipv4,ziyadnz|hourly,2026-08-17T18:48:05Z,2026-08-17T18:48:05Z,
104.152.52.120,ipv4,malicious-ip,medium,WHITE,ziyadnz/hourly-ipv4,ziyadnz|hourly,2026-08-17T18:48:05Z,2026-08-17T18:48:05Z,
104.152.52.121,ipv4,malicious-ip,medium,WHITE,ziyadnz/hourly-ipv4,ziyadnz|hourly,2026-08-17T18:48:05Z,2026-08-17T18:48:05Z,
104.152.52.122,ipv4,malicious-ip,medium,WHITE,ziyadnz/hourly-ipv4,ziyadnz|hourly,2026-08-17T18:48:05Z,2026-08-17T18:48:05Z,
104.152.52.123,ipv4,malicious-ip,medium,WHITE,ziyadnz/hourly-ipv4,ziyadnz|hourly,2026-08-17T18:48:05Z,2026-08-17T18:48:05Z,
104.152.52.124,ipv4,malicious-ip,medium,WHITE,ziyadnz/hourly-ipv4,ziyadnz|hourly,2026-08-17T18:48:05Z,2026-08-17T18:48:05Z,
104.152.52.125,ipv4,malicious-ip,medium,WHITE,ziyadnz/hourly-ipv4,ziyadnz|hourly,2026-08-17T18:48:05Z,2026-08-17T18:48:05Z,
104.152.52.126,ipv4,malicious-ip,medium,WHITE,ziyadnz/hourly-ipv4,ziyadnz|hourly,2026-08-17T18:48:05Z,2026-08-17T18:48:05Z,
104.152.52.127,ipv4,malicious-ip,medium,WHITE,ziyadnz/hourly-ipv4,ziyadnz|hourly,2026-08-17T18:48:05Z,2026-08-17T18:48:05Z,
104.152.52.129,ipv4,malicious-ip,medium,WHITE,ziyadnz/hourly-ipv4,ziyadnz|hourly,2026-08-17T18:48:05Z,2026-08-17T18:48:05Z,
104.152.52.130,ipv4,malicious-ip,medium,WHITE,ziyadnz/hourly-ipv4,ziyadnz|hourly,2026-08-17T18:48:05Z,2026-08-17T18:48:05Z,
104.152.52.131,ipv4,malicious-ip,medium,WHITE,ziyadnz/hourly-ipv4,ziyadnz|hourly,2026-08-17T18:48:05Z,2026-08-17T18:48:05Z,
104.152.52.132,ipv4,malicious-ip,medium,WHITE,ziyadnz/hourly-ipv4,ziyadnz|hourly,2026-08-17T18:48:05Z,2026-08-17T18:48:05Z,
104.152.52.133,ipv4,malicious-ip,medium,WHITE,ziyadnz/hourly-ipv4,ziyadnz|hourly,2026-08-17T18:48:05Z,2026-08-17T18:48:05Z,
104.152.52.134,ipv4,malicious-ip,medium,WHITE,ziyadnz/hourly-ipv4,ziyadnz|hourly,2026-08-17T18:48:05Z,2026-08-17T18:48:05Z,
104.152.52.135,ipv4,malicious-ip,medium,WHITE,ziyadnz/hourly-ipv4,ziyadnz|hourly,2026-08-17T18:48:05Z,2026-08-17T18:48:05Z,
104.152.52.136,ipv4,malicious-ip,medium,WHITE,ziyadnz/hourly-ipv4,ziyadnz|hourly,2026-08-17T18:48:05Z,2026-08-17T18:48:05Z,
104.152.52.137,ipv4,malicious-ip,medium,WHITE,ziyadnz/hourly-ipv4,ziyadnz|hourly,2026-08-17T18:48:05Z,2026-08-17T18:48:05Z,
104.152.52.138,ipv4,malicious-ip,medium,WHITE,ziyadnz/hourly-ipv4,ziyadnz|hourly,2026-08-17T18:48:05Z,2026-08-17T18:48:05Z,
104.152.52.139,ipv4,malicious-ip,medium,WHITE,ziyadnz/hourly-ipv4,ziyadnz|hourly,2026-08-17T18:48:05Z,2026-08-17T18:48:05Z,
104.152.52.140,ipv4,malicious-ip,medium,WHITE,ziyadnz/hourly-ipv4,ziyadnz|hourly,2026-08-17T18:48:05Z,2026-08-17T18:48:05Z,
104.152.52.141,ipv4,malicious-ip,medium,WHITE,ziyadnz/hourly-ipv4,ziyadnz|hourly,2026-08-17T18:48:05Z,2026-08-17T18:48:05Z,
104.152.52.142,ipv4,malicious-ip,medium,WHITE,ziyadnz/hourly-ipv4,ziyadnz|hourly,2026-08-17T18:48:05Z,2026-08-17T18:48:05Z,
104.152.52.143,ipv4,malicious-ip,medium,WHITE,ziyadnz/hourly-ipv4,ziyadnz|hourly,2026-08-17T18:48:05Z,2026-08-17T18:48:05Z,
104.152.52.144,ipv4,malicious-ip,medium,WHITE,ziyadnz/hourly-ipv4,ziyadnz|hourly,2026-08-17T18:48:05Z,2026-08-17T18:48:05Z,
104.152.52.145,ipv4,malicious-ip,medium,WHITE,ziyadnz/hourly-ipv4,ziyadnz|hourly,2026-08-17T18:48:05Z,2026-08-17T18:48:05Z,
104.152.52.146,ipv4,malicious-ip,medium,WHITE,ziyadnz/hourly-ipv4,ziyadnz|hourly,2026-08-17T18:48:05Z,2026-08-17T18:48:05Z,
104.152.52.147,ipv4,malicious-ip,medium,WHITE,ziyadnz/hourly-ipv4,ziyadnz|hourly,2026-08-17T18:48:05Z,2026-08-17T18:48:05Z,
104.152.52.149,ipv4,malicious-ip,medium,WHITE,ziyadnz/hourly-ipv4,ziyadnz|hourly,2026-08-17T18:48:05Z,2026-08-17T18:48:05Z,
104.152.52.200,ipv4,malicious-ip,medium,WHITE,ziyadnz/hourly-ipv4,ziyadnz|hourly,2026-08-17T18:48:05Z,2026-08-17T18:48:05Z,
104.152.52.201,ipv4,malicious-ip,medium,WHITE,ziyadnz/hourly-ipv4,ziyadnz|hourly,2026-08-17T18:48:05Z,2026-08-17T18:48:05Z,
104.152.52.202,ipv4,malicious-ip,medium,WHITE,ziyadnz/hourly-ipv4,ziyadnz|hourly,2026-08-17T18:48:05Z,2026-08-17T18:48:05Z,
104.152.52.203,ipv4,malicious-ip,medium,WHITE,ziyadnz/hourly-ipv4,ziyadnz|hourly,2026-08-17T18:48:05Z,2026-08-17T18:48:05Z,
104.152.52.204,ipv4,malicious-ip,medium,WHITE,ziyadnz/hourly-ipv4,ziyadnz|hourly,2026-08-17T18:48:05Z,2026-08-17T18:48:05Z,
104.152.52.205,ipv4,malicious-ip,medium,WHITE,ziyadnz/hourly-ipv4,ziyadnz|hourly,2026-08-17T18:48:05Z,2026-08-17T18:48:05Z,
104.152.52.206,ipv4,malicious-ip,medium,WHITE,ziyadnz/hourly-ipv4,ziyadnz|hourly,2026-08-17T18:48:05Z,2026-08-17T18:48:05Z,
104.152.52.207,ipv4,malicious-ip,medium,WHITE,ziyadnz/hourly-ipv4,ziyadnz|hourly,2026-08-17T18:48:05Z,2026-08-17T18:48:05Z,
104.152.52.208,ipv4,malicious-ip,medium,WHITE,ziyadnz/hourly-ipv4,ziyadnz|hourly,2026-08-17T18:48:05Z,2026-08-17T18:48:05Z,
104.152.52.209,ipv4,malicious-ip,medium,WHITE,ziyadnz/hourly-ipv4,ziyadnz|hourly,2026-08-17T18:48:05Z,2026-08-17T18:48:05Z,
104.152.52.210,ipv4,malicious-ip,medium,WHITE,ziyadnz/hourly-ipv4,ziyadnz|hourly,2026-08-17T18:48:05Z,2026-08-17T18:48:05Z,
104.152.52.211,ipv4,malicious-ip,medium,WHITE,ziyadnz/hourly-ipv4,ziyadnz|hourly,2026-08-17T18:48:05Z,2026-08-17T18:48:05Z,
104.152.52.212,ipv4,malicious-ip,medium,WHITE,ziyadnz/hourly-ipv4,ziyadnz|hourly,2026-08-17T18:48:05Z,2026-08-17T18:48:05Z,
104.152.52.213,ipv4,malicious-ip,medium,WHITE,ziyadnz/hourly-ipv4,ziyadnz|hourly,2026-08-17T18:48:05Z,2026-08-17T18:48:05Z,
104.152.52.214,ipv4,malicious-ip,medium,WHITE,ziyadnz/hourly-ipv4,ziyadnz|hourly,2026-08-17T18:48:05Z,2026-08-17T18:48:05Z,
104.152.52.215,ipv4,malicious-ip,medium,WHITE,ziyadnz/hourly-ipv4,ziyadnz|hourly,2026-08-17T18:48:05Z,2026-08-17T18:48:05Z,
104.152.52.216,ipv4,malicious-ip,medium,WHITE,ziyadnz/hourly-ipv4,ziyadnz|hourly,2026-08-17T18:48:05Z,2026-08-17T18:48:05Z,
104.152.52.217,ipv4,malicious-ip,medium,WHITE,ziyadnz/hourly-ipv4,ziyadnz|hourly,2026-08-17T18:48:05Z,2026-08-17T18:48:05Z,
104.152.52.218,ipv4,malicious-ip,medium,WHITE,ziyadnz/hourly-ipv4,ziyadnz|hourly,2026-08-17T18:48:05Z,2026-08-17T18:48:05Z,
104.152.52.219,ipv4,malicious-ip,medium,WHITE,ziyadnz/hourly-ipv4,ziyadnz|hourly,2026-08-17T18:48:05Z,2026-08-17T18:48:05Z,
104.152.52.220,ipv4,malicious-ip,medium,WHITE,ziyadnz/hourly-ipv4,ziyadnz|hourly,2026-08-17T18:48:05Z,2026-08-17T18:48:05Z,
104.152.52.221,ipv4,malicious-ip,medium,WHITE,ziyadnz/hourly-ipv4,ziyadnz|hourly,2026-08-17T18:48:05Z,2026-08-17T18:48:05Z,
104.152.52.222,ipv4,malicious-ip,medium,WHITE,ziyadnz/hourly-ipv4,ziyadnz|hourly,2026-08-17T18:48:05Z,2026-08-17T18:48:05Z,
104.152.52.223,ipv4,malicious-ip,medium,WHITE,ziyadnz/hourly-ipv4,ziyadnz|hourly,2026-08-17T18:48:05Z,2026-08-17T18:48:05Z,
104.152.52.224,ipv4,malicious-ip,medium,WHITE,ziyadnz/hourly-ipv4,ziyadnz|hourly,2026-08-17T18:48:05Z,2026-08-17T18:48:05Z,
104.152.52.225,ipv4,malicious-ip,medium,WHITE,ziyadnz/hourly-ipv4,ziyadnz|hourly,2026-08-17T18:48:05Z,2026-08-17T18:48:05Z,
104.152.52.226,ipv4,malicious-ip,medium,WHITE,ziyadnz/hourly-ipv4,ziyadnz|hourly,2026-08-17T18:48:05Z,2026-08-17T18:48:05Z,
104.152.52.227,ipv4,malicious-ip,medium,WHITE,ziyadnz/hourly-ipv4,ziyadnz|hourly,2026-08-17T18:48:05Z,2026-08-17T18:48:05Z,
104.152.52.228,ipv4,malicious-ip,medium,WHITE,ziyadnz/hourly-ipv4,ziyadnz|hourly,2026-08-17T18:48:05Z,2026-08-17T18:48:05Z,
104.152.52.229,ipv4,malicious-ip,medium,WHITE,ziyadnz/hourly-ipv4,ziyadnz|hourly,2026-08-17T18:48:05Z,2026-08-17T18:48:05Z,
104.152.52.230,ipv4,malicious-ip,medium,WHITE,ziyadnz/hourly-ipv4,ziyadnz|hourly,2026-08-17T18:48:05Z,2026-08-17T18:48:05Z,
104.152.52.231,ipv4,malicious-ip,medium,WHITE,ziyadnz/hourly-ipv4,ziyadnz|hourly,2026-08-17T18:48:05Z,2026-08-17T18:48:05Z,
104.152.52.232,ipv4,malicious-ip,medium,WHITE,ziyadnz/hourly-ipv4,ziyadnz|hourly,2026-08-17T18:48:05Z,2026-08-17T18:48:05Z,
104.152.52.233,ipv4,malicious-ip,medium,WHITE,ziyadnz/hourly-ipv4,ziyadnz|hourly,2026-08-17T18:48:05Z,2026-08-17T18:48:05Z,
104.152.52.234,ipv4,malicious-ip,medium,WHITE,ziyadnz/hourly-ipv4,ziyadnz|hourly,2026-08-17T18:48:05Z,2026-08-17T18:48:05Z,
104.152.52.235,ipv4,malicious-ip,medium,WHITE,ziyadnz/hourly-ipv4,ziyadnz|hourly,2026-08-17T18:48:05Z,2026-08-17T18:48:05Z,
104.152.52.236,ipv4,malicious-ip,medium,WHITE,ziyadnz/hourly-ipv4,ziyadnz|hourly,2026-08-17T18:48:05Z,2026-08-17T18:48:05Z,
104.152.52.237,ipv4,malicious-ip,medium,WHITE,ziyadnz/hourly-ipv4,ziyadnz|hourly,2026-08-17T18:48:05Z,2026-08-17T18:48:05Z,
104.152.52.238,ipv4,malicious-ip,medium,WHITE,ziyadnz/hourly-ipv4,ziyadnz|hourly,2026-08-17T18:48:05Z,2026-08-17T18:48:05Z,
104.152.52.239,ipv4,malicious-ip,medium,WHITE,ziyadnz/hourly-ipv4,ziyadnz|hourly,2026-08-17T18:48:05Z,2026-08-17T18:48:05Z,
104.152.52.240,ipv4,malicious-ip,medium,WHITE,ziyadnz/hourly-ipv4,ziyadnz|hourly,2026-08-17T18:48:05Z,2026-08-17T18:48:05Z,
104.152.52.241,ipv4,malicious-ip,medium,WHITE,ziyadnz/hourly-ipv4,ziyadnz|hourly,2026-08-17T18:48:05Z,2026-08-17T18:48:05Z,
104.152.52.242,ipv4,malicious-ip,medium,WHITE,ziyadnz/hourly-ipv4,ziyadnz|hourly,2026-08-17T18:48:05Z,2026-08-17T18:48:05Z,
104.152.52.244,ipv4,malicious-ip,medium,WHITE,ziyadnz/hourly-ipv4,ziyadnz|hourly,2026-08-17T18:48:05Z,2026-08-17T18:48:05Z,
104.152.52.56,ipv4,malicious-ip,medium,WHITE,ziyadnz/hourly-ipv4,ziyadnz|hourly,2026-08-17T18:48:05Z,2026-08-17T18:48:05Z,
104.152.52.58,ipv4,malicious-ip,medium,WHITE,ziyadnz/hourly-ipv4,ziyadnz|hourly,2026-08-17T18:48:05Z,2026-08-17T18:48:05Z,
104.152.52.60,ipv4,malicious-ip,medium,WHITE,ziyadnz/hourly-ipv4,ziyadnz|hourly,2026-08-17T18:48:05Z,2026-08-17T18:48:05Z,
104.152.52.61,ipv4,malicious-ip,medium,WHITE,ziyadnz/hourly-ipv4,ziyadnz|hourly,2026-08-17T18:48:05Z,2026-08-17T18:48:05Z,
104.152.52.62,ipv4,malicious-ip,medium,WHITE,ziyadnz/hourly-ipv4,ziyadnz|hourly,2026-08-17T18:48:05Z,2026-08-17T18:48:05Z,
104.152.52.68,ipv4,malicious-ip,medium,WHITE,ziyadnz/hourly-ipv4,ziyadnz|hourly,2026-08-17T18:48:05Z,2026-08-17T18:48:05Z,
104.152.52.69,ipv4,malicious-ip,medium,WHITE,ziyadnz/hourly-ipv4,ziyadnz|hourly,2026-08-17T18:48:05Z,2026-08-17T18:48:05Z,
104.152.52.71,ipv4,malicious-ip,medium,WHITE,ziyadnz/hourly-ipv4,ziyadnz|hourly,2026-08-17T18:48:05Z,2026-08-17T18:48:05Z,
104.152.52.73,ipv4,malicious-ip,medium,WHITE,ziyadnz/hourly-ipv4,ziyadnz|hourly,2026-08-17T18:48:05Z,2026-08-17T18:48:05Z,
104.152.58.233,ipv4,malicious-ip,medium,WHITE,ziyadnz/hourly-ipv4,ziyadnz|hourly,2026-08-17T18:48:05Z,2026-08-17T18:48:05Z,
104.153.66.100,ipv4,malicious-ip,medium,WHITE,ziyadnz/hourly-ipv4,ziyadnz|hourly,2026-08-17T18:48:05Z,2026-08-17T18:48:05Z,
104.154.130.118,ipv4,malicious-ip,medium,WHITE,ziyadnz/hourly-ipv4,ziyadnz|hourly,2026-08-17T18:48:05Z,2026-08-17T18:48:05Z,
104.154.146.127,ipv4,malicious-ip,medium,WHITE,ziyadnz/hourly-ipv4,ziyadnz|hourly,2026-08-17T18:48:05Z,2026-08-17T18:48:05Z,
104.154.147.43,ipv4,malicious-ip,medium,WHITE,ziyadnz/hourly-ipv4,ziyadnz|hourly,2026-08-17T18:48:05Z,2026-08-17T18:48:05Z,
104.155.104.48,ipv4,malicious-ip,medium,WHITE,ziyadnz/hourly-ipv4,ziyadnz|hourly,2026-08-17T18:48:05Z,2026-08-17T18:48:05Z,
104.155.114.226,ipv4,malicious-ip,medium,WHITE,ziyadnz/hourly-ipv4,ziyadnz|hourly,2026-08-17T18:48:05Z,2026-08-17T18:48:05Z,
104.155.123.201,ipv4,malicious-ip,medium,WHITE,ziyadnz/hourly-ipv4,ziyadnz|hourly,2026-08-17T18:48:05Z,2026-08-17T18:48:05Z,
104.155.127.59,ipv4,malicious-ip,medium,WHITE,ziyadnz/hourly-ipv4,ziyadnz|hourly,2026-08-17T18:48:05Z,2026-08-17T18:48:05Z,
104.155.154.215,ipv4,malicious-ip,medium,WHITE,ziyadnz/hourly-ipv4,ziyadnz|hourly,2026-08-17T18:48:05Z,2026-08-17T18:48:05Z,
104.155.204.24,ipv4,malicious-ip,medium,WHITE,ziyadnz/hourly-ipv4,ziyadnz|hourly,2026-08-17T18:48:05Z,2026-08-17T18:48:05Z,
104.155.23.194,ipv4,malicious-ip,medium,WHITE,ziyadnz/hourly-ipv4,ziyadnz|hourly,2026-08-17T18:48:05Z,2026-08-17T18:48:05Z,
104.155.53.56,ipv4,malicious-ip,medium,WHITE,ziyadnz/hourly-ipv4,ziyadnz|hourly,2026-08-17T18:48:05Z,2026-08-17T18:48:05Z,
104.155.70.187,ipv4,malicious-ip,medium,WHITE,ziyadnz/hourly-ipv4,ziyadnz|hourly,2026-08-17T18:48:05Z,2026-08-17T18:48:05Z,
104.155.72.174,ipv4,malicious-ip,medium,WHITE,ziyadnz/hourly-ipv4,ziyadnz|hourly,2026-08-17T18:48:05Z,2026-08-17T18:48:05Z,
104.155.99.55,ipv4,malicious-ip,medium,WHITE,ziyadnz/hourly-ipv4,ziyadnz|hourly,2026-08-17T18:48:05Z,2026-08-17T18:48:05Z,
104.156.229.24,ipv4,malicious-ip,medium,WHITE,ziyadnz/hourly-ipv4,ziyadnz|hourly,2026-08-17T18:48:05Z,2026-08-17T18:48:05Z,
104.156.246.150,ipv4,malicious-ip,medium,WHITE,ziyadnz/hourly-ipv4,ziyadnz|hourly,2026-08-17T18:48:05Z,2026-08-17T18:48:05Z,
104.157.40.219,ipv4,malicious-ip,medium,WHITE,ziyadnz/hourly-ipv4,ziyadnz|hourly,2026-08-17T18:48:05Z,2026-08-17T18:48:05Z,
104.158.24.147,ipv4,malicious-ip,medium,WHITE,ziyadnz/hourly-ipv4,ziyadnz|hourly,2026-08-17T18:48:05Z,2026-08-17T18:48:05Z,
104.158.52.181,ipv4,malicious-ip,medium,WHITE,ziyadnz/hourly-ipv4,ziyadnz|hourly,2026-08-17T18:48:05Z,2026-08-17T18:48:05Z,
104.159.0.18,ipv4,malicious-ip,medium,WHITE,ziyadnz/hourly-ipv4,ziyadnz|hourly,2026-08-17T18:48:05Z,2026-08-17T18:48:05Z,
104.160.6.2,ipv4,malicious-ip,medium,WHITE,ziyadnz/hourly-ipv4,ziyadnz|hourly,2026-08-17T18:48:05Z,2026-08-17T18:48:05Z,
104.161.54.203,ipv4,malicious-ip,medium,WHITE,ziyadnz/hourly-ipv4,ziyadnz|hourly,2026-08-17T18:48:05Z,2026-08-17T18:48:05Z,
104.163.180.159,ipv4,malicious-ip,medium,WHITE,ziyadnz/hourly-ipv4,ziyadnz|hourly,2026-08-17T18:48:05Z,2026-08-17T18:48:05Z,
104.164.101.0,ipv4,malicious-ip,medium,WHITE,ziyadnz/hourly-ipv4,ziyadnz|hourly,2026-08-17T18:48:05Z,2026-08-17T18:48:05Z,
104.164.101.108,ipv4,malicious-ip,medium,WHITE,ziyadnz/hourly-ipv4,ziyadnz|hourly,2026-08-17T18:48:05Z,2026-08-17T18:48:05Z,
104.164.101.119,ipv4,malicious-ip,medium,WHITE,ziyadnz/hourly-ipv4,ziyadnz|hourly,2026-08-17T18:48:05Z,2026-08-17T18:48:05Z,
104.164.101.130,ipv4,malicious-ip,medium,WHITE,ziyadnz/hourly-ipv4,ziyadnz|hourly,2026-08-17T18:48:05Z,2026-08-17T18:48:05Z,
104.164.101.158,ipv4,malicious-ip,medium,WHITE,ziyadnz/hourly-ipv4,ziyadnz|hourly,2026-08-17T18:48:05Z,2026-08-17T18:48:05Z,
104.164.101.163,ipv4,malicious-ip,medium,WHITE,ziyadnz/hourly-ipv4,ziyadnz|hourly,2026-08-17T18:48:05Z,2026-08-17T18:48:05Z,
104.164.101.168,ipv4,malicious-ip,medium,WHITE,ziyadnz/hourly-ipv4,ziyadnz|hourly,2026-08-17T18:48:05Z,2026-08-17T18:48:05Z,
104.164.101.193,ipv4,malicious-ip,medium,WHITE,ziyadnz/hourly-ipv4,ziyadnz|hourly,2026-08-17T18:48:05Z,2026-08-17T18:48:05Z,
104.164.101.211,ipv4,malicious-ip,medium,WHITE,ziyadnz/hourly-ipv4,ziyadnz|hourly,2026-08-17T18:48:05Z,2026-08-17T18:48:05Z,
104.164.101.221,ipv4,malicious-ip,medium,WHITE,ziyadnz/hourly-ipv4,ziyadnz|hourly,2026-08-17T18:48:05Z,2026-08-17T18:48:05Z,
104.164.101.223,ipv4,malicious-ip,medium,WHITE,ziyadnz/hourly-ipv4,ziyadnz|hourly,2026-08-17T18:48:05Z,2026-08-17T18:48:05Z,
104.164.101.241,ipv4,malicious-ip,medium,WHITE,ziyadnz/hourly-ipv4,ziyadnz|hourly,2026-08-17T18:48:05Z,2026-08-17T18:48:05Z,
104.164.101.246,ipv4,malicious-ip,medium,WHITE,ziyadnz/hourly-ipv4,ziyadnz|hourly,2026-08-17T18:48:05Z,2026-08-17T18:48:05Z,
104.164.101.32,ipv4,malicious-ip,medium,WHITE,ziyadnz/hourly-ipv4,ziyadnz|hourly,2026-08-17T18:48:05Z,2026-08-17T18:48:05Z,
104.164.101.34,ipv4,malicious-ip,medium,WHITE,ziyadnz/hourly-ipv4,ziyadnz|hourly,2026-08-17T18:48:05Z,2026-08-17T18:48:05Z,
104.164.101.50,ipv4,malicious-ip,medium,WHITE,ziyadnz/hourly-ipv4,ziyadnz|hourly,2026-08-17T18:48:05Z,2026-08-17T18:48:05Z,
104.164.101.64,ipv4,malicious-ip,medium,WHITE,ziyadnz/hourly-ipv4,ziyadnz|hourly,2026-08-17T18:48:05Z,2026-08-17T18:48:05Z,
104.164.101.66,ipv4,malicious-ip,medium,WHITE,ziyadnz/hourly-ipv4,ziyadnz|hourly,2026-08-17T18:48:05Z,2026-08-17T18:48:05Z,
104.164.101.74,ipv4,malicious-ip,medium,WHITE,ziyadnz/hourly-ipv4,ziyadnz|hourly,2026-08-17T18:48:05Z,2026-08-17T18:48:05Z,
104.164.101.77,ipv4,malicious-ip,medium,WHITE,ziyadnz/hourly-ipv4,ziyadnz|hourly,2026-08-17T18:48:05Z,2026-08-17T18:48:05Z,
104.164.101.85,ipv4,malicious-ip,medium,WHITE,ziyadnz/hourly-ipv4,ziyadnz|hourly,2026-08-17T18:48:05Z,2026-08-17T18:48:05Z,
104.164.101.89,ipv4,malicious-ip,medium,WHITE,ziyadnz/hourly-ipv4,ziyadnz|hourly,2026-08-17T18:48:05Z,2026-08-17T18:48:05Z,
104.164.101.96,ipv4,malicious-ip,medium,WHITE,ziyadnz/hourly-ipv4,ziyadnz|hourly,2026-08-17T18:48:05Z,2026-08-17T18:48:05Z,
104.164.118.0,ipv4,malicious-ip,medium,WHITE,ziyadnz/hourly-ipv4,ziyadnz|hourly,2026-08-17T18:48:05Z,2026-08-17T18:48:05Z,
104.164.118.115,ipv4,malicious-ip,medium,WHITE,ziyadnz/hourly-ipv4,ziyadnz|hourly,2026-08-17T18:48:05Z,2026-08-17T18:48:05Z,
104.164.118.118,ipv4,malicious-ip,medium,WHITE,ziyadnz/hourly-ipv4,ziyadnz|hourly,2026-08-17T18:48:05Z,2026-08-17T18:48:05Z,
104.164.118.139,ipv4,malicious-ip,medium,WHITE,ziyadnz/hourly-ipv4,ziyadnz|hourly,2026-08-17T18:48:05Z,2026-08-17T18:48:05Z,
104.164.118.140,ipv4,malicious-ip,medium,WHITE,ziyadnz/hourly-ipv4,ziyadnz|hourly,2026-08-17T18:48:05Z,2026-08-17T18:48:05Z,
104.164.118.15,ipv4,malicious-ip,medium,WHITE,ziyadnz/hourly-ipv4,ziyadnz|hourly,2026-08-17T18:48:05Z,2026-08-17T18:48:05Z,
104.164.118.16,ipv4,malicious-ip,medium,WHITE,ziyadnz/hourly-ipv4,ziyadnz|hourly,2026-08-17T18:48:05Z,2026-08-17T18:48:05Z,
104.164.118.168,ipv4,malicious-ip,medium,WHITE,ziyadnz/hourly-ipv4,ziyadnz|hourly,2026-08-17T18:48:05Z,2026-08-17T18:48:05Z,
104.164.118.173,ipv4,malicious-ip,medium,WHITE,ziyadnz/hourly-ipv4,ziyadnz|hourly,2026-08-17T18:48:05Z,2026-08-17T18:48:05Z,
104.164.118.181,ipv4,malicious-ip,medium,WHITE,ziyadnz/hourly-ipv4,ziyadnz|hourly,2026-08-17T18:48:05Z,2026-08-17T18:48:05Z,
104.164.118.183,ipv4,malicious-ip,medium,WHITE,ziyadnz/hourly-ipv4,ziyadnz|hourly,2026-08-17T18:48:05Z,2026-08-17T18:48:05Z,
104.164.118.198,ipv4,malicious-ip,medium,WHITE,ziyadnz/hourly-ipv4,ziyadnz|hourly,2026-08-17T18:48:05Z,2026-08-17T18:48:05Z,
104.164.118.225,ipv4,malicious-ip,medium,WHITE,ziyadnz/hourly-ipv4,ziyadnz|hourly,2026-08-17T18:48:05Z,2026-08-17T18:48:05Z,
104.164.118.23,ipv4,malicious-ip,medium,WHITE,ziyadnz/hourly-ipv4,ziyadnz|hourly,2026-08-17T18:48:05Z,2026-08-17T18:48:05Z,
104.164.118.234,ipv4,malicious-ip,medium,WHITE,ziyadnz/hourly-ipv4,ziyadnz|hourly,2026-08-17T18:48:05Z,2026-08-17T18:48:05Z,
104.164.118.242,ipv4,malicious-ip,medium,WHITE,ziyadnz/hourly-ipv4,ziyadnz|hourly,2026-08-17T18:48:05Z,2026-08-17T18:48:05Z,
104.164.118.33,ipv4,malicious-ip,medium,WHITE,ziyadnz/hourly-ipv4,ziyadnz|hourly,2026-08-17T18:48:05Z,2026-08-17T18:48:05Z,
104.164.118.42,ipv4,malicious-ip,medium,WHITE,ziyadnz/hourly-ipv4,ziyadnz|hourly,2026-08-17T18:48:05Z,2026-08-17T18:48:05Z,
104.164.118.44,ipv4,malicious-ip,medium,WHITE,ziyadnz/hourly-ipv4,ziyadnz|hourly,2026-08-17T18:48:05Z,2026-08-17T18:48:05Z,
104.164.118.50,ipv4,malicious-ip,medium,WHITE,ziyadnz/hourly-ipv4,ziyadnz|hourly,2026-08-17T18:48:05Z,2026-08-17T18:48:05Z,
104.164.118.65,ipv4,malicious-ip,medium,WHITE,ziyadnz/hourly-ipv4,ziyadnz|hourly,2026-08-17T18:48:05Z,2026-08-17T18:48:05Z,
104.164.118.80,ipv4,malicious-ip,medium,WHITE,ziyadnz/hourly-ipv4,ziyadnz|hourly,2026-08-17T18:48:05Z,2026-08-17T18:48:05Z,
104.164.220.0,ipv4,malicious-ip,medium,WHITE,ziyadnz/hourly-ipv4,ziyadnz|hourly,2026-08-17T18:48:05Z,2026-08-17T18:48:05Z,
104.164.220.127,ipv4,malicious-ip,medium,WHITE,ziyadnz/hourly-ipv4,ziyadnz|hourly,2026-08-17T18:48:05Z,2026-08-17T18:48:05Z,
104.164.220.137,ipv4,malicious-ip,medium,WHITE,ziyadnz/hourly-ipv4,ziyadnz|hourly,2026-08-17T18:48:05Z,2026-08-17T18:48:05Z,
104.164.220.150,ipv4,malicious-ip,medium,WHITE,ziyadnz/hourly-ipv4,ziyadnz|hourly,2026-08-17T18:48:05Z,2026-08-17T18:48:05Z,
104.164.220.153,ipv4,malicious-ip,medium,WHITE,ziyadnz/hourly-ipv4,ziyadnz|hourly,2026-08-17T18:48:05Z,2026-08-17T18:48:05Z,
104.164.220.154,ipv4,malicious-ip,medium,WHITE,ziyadnz/hourly-ipv4,ziyadnz|hourly,2026-08-17T18:48:05Z,2026-08-17T18:48:05Z,
104.164.220.175,ipv4,malicious-ip,medium,WHITE,ziyadnz/hourly-ipv4,ziyadnz|hourly,2026-08-17T18:48:05Z,2026-08-17T18:48:05Z,
104.164.220.194,ipv4,malicious-ip,medium,WHITE,ziyadnz/hourly-ipv4,ziyadnz|hourly,2026-08-17T18:48:05Z,2026-08-17T18:48:05Z,
104.164.220.210,ipv4,malicious-ip,medium,WHITE,ziyadnz/hourly-ipv4,ziyadnz|hourly,2026-08-17T18:48:05Z,2026-08-17T18:48:05Z,
104.164.220.226,ipv4,malicious-ip,medium,WHITE,ziyadnz/hourly-ipv4,ziyadnz|hourly,2026-08-17T18:48:05Z,2026-08-17T18:48:05Z,
104.164.220.231,ipv4,malicious-ip,medium,WHITE,ziyadnz/hourly-ipv4,ziyadnz|hourly,2026-08-17T18:48:05Z,2026-08-17T18:48:05Z,
104.164.220.232,ipv4,malicious-ip,medium,WHITE,ziyadnz/hourly-ipv4,ziyadnz|hourly,2026-08-17T18:48:05Z,2026-08-17T18:48:05Z,
104.164.220.238,ipv4,malicious-ip,medium,WHITE,ziyadnz/hourly-ipv4,ziyadnz|hourly,2026-08-17T18:48:05Z,2026-08-17T18:48:05Z,
104.164.220.250,ipv4,malicious-ip,medium,WHITE,ziyadnz/hourly-ipv4,ziyadnz|hourly,2026-08-17T18:48:05Z,2026-08-17T18:48:05Z,
104.164.220.63,ipv4,malicious-ip,medium,WHITE,ziyadnz/hourly-ipv4,ziyadnz|hourly,2026-08-17T18:48:05Z,2026-08-17T18:48:05Z,
104.164.220.69,ipv4,malicious-ip,medium,WHITE,ziyadnz/hourly-ipv4,ziyadnz|hourly,2026-08-17T18:48:05Z,2026-08-17T18:48:05Z,
104.164.220.70,ipv4,malicious-ip,medium,WHITE,ziyadnz/hourly-ipv4,ziyadnz|hourly,2026-08-17T18:48:05Z,2026-08-17T18:48:05Z,
104.164.220.93,ipv4,malicious-ip,medium,WHITE,ziyadnz/hourly-ipv4,ziyadnz|hourly,2026-08-17T18:48:05Z,2026-08-17T18:48:05Z,
104.164.250.0,ipv4,malicious-ip,medium,WHITE,ziyadnz/hourly-ipv4,ziyadnz|hourly,2026-08-17T18:48:05Z,2026-08-17T18:48:05Z,
104.164.250.107,ipv4,malicious-ip,medium,WHITE,ziyadnz/hourly-ipv4,ziyadnz|hourly,2026-08-17T18:48:05Z,2026-08-17T18:48:05Z,
104.164.250.128,ipv4,malicious-ip,medium,WHITE,ziyadnz/hourly-ipv4,ziyadnz|hourly,2026-08-17T18:48:05Z,2026-08-17T18:48:05Z,
104.164.250.155,ipv4,malicious-ip,medium,WHITE,ziyadnz/hourly-ipv4,ziyadnz|hourly,2026-08-17T18:48:05Z,2026-08-17T18:48:05Z,
104.164.250.16,ipv4,malicious-ip,medium,WHITE,ziyadnz/hourly-ipv4,ziyadnz|hourly,2026-08-17T18:48:05Z,2026-08-17T18:48:05Z,
104.164.250.174,ipv4,malicious-ip,medium,WHITE,ziyadnz/hourly-ipv4,ziyadnz|hourly,2026-08-17T18:48:05Z,2026-08-17T18:48:05Z,
104.164.250.185,ipv4,malicious-ip,medium,WHITE,ziyadnz/hourly-ipv4,ziyadnz|hourly,2026-08-17T18:48:05Z,2026-08-17T18:48:05Z,
104.164.250.199,ipv4,malicious-ip,medium,WHITE,ziyadnz/hourly-ipv4,ziyadnz|hourly,2026-08-17T18:48:05Z,2026-08-17T18:48:05Z,
104.164.250.204,ipv4,malicious-ip,medium,WHITE,ziyadnz/hourly-ipv4,ziyadnz|hourly,2026-08-17T18:48:05Z,2026-08-17T18:48:05Z,
104.164.250.233,ipv4,malicious-ip,medium,WHITE,ziyadnz/hourly-ipv4,ziyadnz|hourly,2026-08-17T18:48:05Z,2026-08-17T18:48:05Z,
104.164.250.238,ipv4,malicious-ip,medium,WHITE,ziyadnz/hourly-ipv4,ziyadnz|hourly,2026-08-17T18:48:05Z,2026-08-17T18:48:05Z,
104.164.250.38,ipv4,malicious-ip,medium,WHITE,ziyadnz/hourly-ipv4,ziyadnz|hourly,2026-08-17T18:48:05Z,2026-08-17T18:48:05Z,
104.164.250.47,ipv4,malicious-ip,medium,WHITE,ziyadnz/hourly-ipv4,ziyadnz|hourly,2026-08-17T18:48:05Z,2026-08-17T18:48:05Z,
104.164.250.60,ipv4,malicious-ip,medium,WHITE,ziyadnz/hourly-ipv4,ziyadnz|hourly,2026-08-17T18:48:05Z,2026-08-17T18:48:05Z,
104.164.250.62,ipv4,malicious-ip,medium,WHITE,ziyadnz/hourly-ipv4,ziyadnz|hourly,2026-08-17T18:48:05Z,2026-08-17T18:48:05Z,
104.164.250.70,ipv4,malicious-ip,medium,WHITE,ziyadnz/hourly-ipv4,ziyadnz|hourly,2026-08-17T18:48:05Z,2026-08-17T18:48:05Z,
104.164.250.87,ipv4,malicious-ip,medium,WHITE,ziyadnz/hourly-ipv4,ziyadnz|hourly,2026-08-17T18:48:05Z,2026-08-17T18:48:05Z,
104.164.251.0,ipv4,malicious-ip,medium,WHITE,ziyadnz/hourly-ipv4,ziyadnz|hourly,2026-08-17T18:48:05Z,2026-08-17T18:48:05Z,
104.164.251.103,ipv4,malicious-ip,medium,WHITE,ziyadnz/hourly-ipv4,ziyadnz|hourly,2026-08-17T18:48:05Z,2026-08-17T18:48:05Z,
104.164.251.11,ipv4,malicious-ip,medium,WHITE,ziyadnz/hourly-ipv4,ziyadnz|hourly,2026-08-17T18:48:05Z,2026-08-17T18:48:05Z,
104.164.251.157,ipv4,malicious-ip,medium,WHITE,ziyadnz/hourly-ipv4,ziyadnz|hourly,2026-08-17T18:48:05Z,2026-08-17T18:48:05Z,
104.164.251.158,ipv4,malicious-ip,medium,WHITE,ziyadnz/hourly-ipv4,ziyadnz|hourly,2026-08-17T18:48:05Z,2026-08-17T18:48:05Z,
104.164.251.167,ipv4,malicious-ip,medium,WHITE,ziyadnz/hourly-ipv4,ziyadnz|hourly,2026-08-17T18:48:05Z,2026-08-17T18:48:05Z,
104.164.251.176,ipv4,malicious-ip,medium,WHITE,ziyadnz/hourly-ipv4,ziyadnz|hourly,2026-08-17T18:48:05Z,2026-08-17T18:48:05Z,
104.164.251.179,ipv4,malicious-ip,medium,WHITE,ziyadnz/hourly-ipv4,ziyadnz|hourly,2026-08-17T18:48:05Z,2026-08-17T18:48:05Z,
104.164.251.185,ipv4,malicious-ip,medium,WHITE,ziyadnz/hourly-ipv4,ziyadnz|hourly,2026-08-17T18:48:05Z,2026-08-17T18:48:05Z,
104.164.251.188,ipv4,malicious-ip,medium,WHITE,ziyadnz/hourly-ipv4,ziyadnz|hourly,2026-08-17T18:48:05Z,2026-08-17T18:48:05Z,
104.164.251.19,ipv4,malicious-ip,medium,WHITE,ziyadnz/hourly-ipv4,ziyadnz|hourly,2026-08-17T18:48:05Z,2026-08-17T18:48:05Z,
104.164.251.197,ipv4,malicious-ip,medium,WHITE,ziyadnz/hourly-ipv4,ziyadnz|hourly,2026-08-17T18:48:05Z,2026-08-17T18:48:05Z,
104.164.251.207,ipv4,malicious-ip,medium,WHITE,ziyadnz/hourly-ipv4,ziyadnz|hourly,2026-08-17T18:48:05Z,2026-08-17T18:48:05Z,
104.164.251.218,ipv4,malicious-ip,medium,WHITE,ziyadnz/hourly-ipv4,ziyadnz|hourly,2026-08-17T18:48:05Z,2026-08-17T18:48:05Z,
104.164.251.28,ipv4,malicious-ip,medium,WHITE,ziyadnz/hourly-ipv4,ziyadnz|hourly,2026-08-17T18:48:05Z,2026-08-17T18:48:05Z,
104.164.251.31,ipv4,malicious-ip,medium,WHITE,ziyadnz/hourly-ipv4,ziyadnz|hourly,2026-08-17T18:48:05Z,2026-08-17T18:48:05Z,
104.164.251.36,ipv4,malicious-ip,medium,WHITE,ziyadnz/hourly-ipv4,ziyadnz|hourly,2026-08-17T18:48:05Z,2026-08-17T18:48:05Z,
104.164.251.48,ipv4,malicious-ip,medium,WHITE,ziyadnz/hourly-ipv4,ziyadnz|hourly,2026-08-17T18:48:05Z,2026-08-17T18:48:05Z,
104.164.251.64,ipv4,malicious-ip,medium,WHITE,ziyadnz/hourly-ipv4,ziyadnz|hourly,2026-08-17T18:48:05Z,2026-08-17T18:48:05Z,
104.164.251.80,ipv4,malicious-ip,medium,WHITE,ziyadnz/hourly-ipv4,ziyadnz|hourly,2026-08-17T18:48:05Z,2026-08-17T18:48:05Z,
104.164.251.83,ipv4,malicious-ip,medium,WHITE,ziyadnz/hourly-ipv4,ziyadnz|hourly,2026-08-17T18:48:05Z,2026-08-17T18:48:05Z,
104.164.55.7,ipv4,malicious-ip,medium,WHITE,ziyadnz/hourly-ipv4,ziyadnz|hourly,2026-08-17T18:48:05Z,2026-08-17T18:48:05Z,
104.165.161.0,ipv4,malicious-ip,medium,WHITE,ziyadnz/hourly-ipv4,ziyadnz|hourly,2026-08-17T18:48:05Z,2026-08-17T18:48:05Z,
104.165.161.116,ipv4,malicious-ip,medium,WHITE,ziyadnz/hourly-ipv4,ziyadnz|hourly,2026-08-17T18:48:05Z,2026-08-17T18:48:05Z,
104.165.161.119,ipv4,malicious-ip,medium,WHITE,ziyadnz/hourly-ipv4,ziyadnz|hourly,2026-08-17T18:48:05Z,2026-08-17T18:48:05Z,
104.165.161.126,ipv4,malicious-ip,medium,WHITE,ziyadnz/hourly-ipv4,ziyadnz|hourly,2026-08-17T18:48:05Z,2026-08-17T18:48:05Z,
104.165.161.134,ipv4,malicious-ip,medium,WHITE,ziyadnz/hourly-ipv4,ziyadnz|hourly,2026-08-17T18:48:05Z,2026-08-17T18:48:05Z,
104.165.161.146,ipv4,malicious-ip,medium,WHITE,ziyadnz/hourly-ipv4,ziyadnz|hourly,2026-08-17T18:48:05Z,2026-08-17T18:48:05Z,
104.165.161.15,ipv4,malicious-ip,medium,WHITE,ziyadnz/hourly-ipv4,ziyadnz|hourly,2026-08-17T18:48:05Z,2026-08-17T18:48:05Z,
104.165.161.161,ipv4,malicious-ip,medium,WHITE,ziyadnz/hourly-ipv4,ziyadnz|hourly,2026-08-17T18:48:05Z,2026-08-17T18:48:05Z,
104.165.161.174,ipv4,malicious-ip,medium,WHITE,ziyadnz/hourly-ipv4,ziyadnz|hourly,2026-08-17T18:48:05Z,2026-08-17T18:48:05Z,
104.165.161.19,ipv4,malicious-ip,medium,WHITE,ziyadnz/hourly-ipv4,ziyadnz|hourly,2026-08-17T18:48:05Z,2026-08-17T18:48:05Z,
104.165.161.191,ipv4,malicious-ip,medium,WHITE,ziyadnz/hourly-ipv4,ziyadnz|hourly,2026-08-17T18:48:05Z,2026-08-17T18:48:05Z,
104.165.161.199,ipv4,malicious-ip,medium,WHITE,ziyadnz/hourly-ipv4,ziyadnz|hourly,2026-08-17T18:48:05Z,2026-08-17T18:48:05Z,
104.165.161.2,ipv4,malicious-ip,medium,WHITE,ziyadnz/hourly-ipv4,ziyadnz|hourly,2026-08-17T18:48:05Z,2026-08-17T18:48:05Z,
104.165.161.201,ipv4,malicious-ip,medium,WHITE,ziyadnz/hourly-ipv4,ziyadnz|hourly,2026-08-17T18:48:05Z,2026-08-17T18:48:05Z,
104.165.161.216,ipv4,malicious-ip,medium,WHITE,ziyadnz/hourly-ipv4,ziyadnz|hourly,2026-08-17T18:48:05Z,2026-08-17T18:48:05Z,
104.165.161.218,ipv4,malicious-ip,medium,WHITE,ziyadnz/hourly-ipv4,ziyadnz|hourly,2026-08-17T18:48:05Z,2026-08-17T18:48:05Z,
104.165.161.233,ipv4,malicious-ip,medium,WHITE,ziyadnz/hourly-ipv4,ziyadnz|hourly,2026-08-17T18:48:05Z,2026-08-17T18:48:05Z,
104.165.161.236,ipv4,malicious-ip,medium,WHITE,ziyadnz/hourly-ipv4,ziyadnz|hourly,2026-08-17T18:48:05Z,2026-08-17T18:48:05Z,
104.165.161.240,ipv4,malicious-ip,medium,WHITE,ziyadnz/hourly-ipv4,ziyadnz|hourly,2026-08-17T18:48:05Z,2026-08-17T18:48:05Z,
104.165.161.59,ipv4,malicious-ip,medium,WHITE,ziyadnz/hourly-ipv4,ziyadnz|hourly,2026-08-17T18:48:05Z,2026-08-17T18:48:05Z,
104.165.161.69,ipv4,malicious-ip,medium,WHITE,ziyadnz/hourly-ipv4,ziyadnz|hourly,2026-08-17T18:48:05Z,2026-08-17T18:48:05Z,
104.165.161.71,ipv4,malicious-ip,medium,WHITE,ziyadnz/hourly-ipv4,ziyadnz|hourly,2026-08-17T18:48:05Z,2026-08-17T18:48:05Z,
104.165.161.79,ipv4,malicious-ip,medium,WHITE,ziyadnz/hourly-ipv4,ziyadnz|hourly,2026-08-17T18:48:05Z,2026-08-17T18:48:05Z,
104.165.161.82,ipv4,malicious-ip,medium,WHITE,ziyadnz/hourly-ipv4,ziyadnz|hourly,2026-08-17T18:48:05Z,2026-08-17T18:48:05Z,
104.165.161.92,ipv4,malicious-ip,medium,WHITE,ziyadnz/hourly-ipv4,ziyadnz|hourly,2026-08-17T18:48:05Z,2026-08-17T18:48:05Z,
104.165.161.97,ipv4,malicious-ip,medium,WHITE,ziyadnz/hourly-ipv4,ziyadnz|hourly,2026-08-17T18:48:05Z,2026-08-17T18:48:05Z,
104.165.187.0,ipv4,malicious-ip,medium,WHITE,ziyadnz/hourly-ipv4,ziyadnz|hourly,2026-08-17T18:48:05Z,2026-08-17T18:48:05Z,
104.165.187.104,ipv4,malicious-ip,medium,WHITE,ziyadnz/hourly-ipv4,ziyadnz|hourly,2026-08-17T18:48:05Z,2026-08-17T18:48:05Z,
104.165.187.157,ipv4,malicious-ip,medium,WHITE,ziyadnz/hourly-ipv4,ziyadnz|hourly,2026-08-17T18:48:05Z,2026-08-17T18:48:05Z,
104.165.187.175,ipv4,malicious-ip,medium,WHITE,ziyadnz/hourly-ipv4,ziyadnz|hourly,2026-08-17T18:48:05Z,2026-08-17T18:48:05Z,
104.165.187.176,ipv4,malicious-ip,medium,WHITE,ziyadnz/hourly-ipv4,ziyadnz|hourly,2026-08-17T18:48:05Z,2026-08-17T18:48:05Z,
104.165.187.179,ipv4,malicious-ip,medium,WHITE,ziyadnz/hourly-ipv4,ziyadnz|hourly,2026-08-17T18:48:05Z,2026-08-17T18:48:05Z,
104.165.187.186,ipv4,malicious-ip,medium,WHITE,ziyadnz/hourly-ipv4,ziyadnz|hourly,2026-08-17T18:48:05Z,2026-08-17T18:48:05Z,
104.165.187.212,ipv4,malicious-ip,medium,WHITE,ziyadnz/hourly-ipv4,ziyadnz|hourly,2026-08-17T18:48:05Z,2026-08-17T18:48:05Z,
104.165.187.218,ipv4,malicious-ip,medium,WHITE,ziyadnz/hourly-ipv4,ziyadnz|hourly,2026-08-17T18:48:05Z,2026-08-17T18:48:05Z,
104.165.187.226,ipv4,malicious-ip,medium,WHITE,ziyadnz/hourly-ipv4,ziyadnz|hourly,2026-08-17T18:48:05Z,2026-08-17T18:48:05Z,
104.165.187.234,ipv4,malicious-ip,medium,WHITE,ziyadnz/hourly-ipv4,ziyadnz|hourly,2026-08-17T18:48:05Z,2026-08-17T18:48:05Z,
104.165.187.248,ipv4,malicious-ip,medium,WHITE,ziyadnz/hourly-ipv4,ziyadnz|hourly,2026-08-17T18:48:05Z,2026-08-17T18:48:05Z,
104.165.187.26,ipv4,malicious-ip,medium,WHITE,ziyadnz/hourly-ipv4,ziyadnz|hourly,2026-08-17T18:48:05Z,2026-08-17T18:48:05Z,
104.165.187.32,ipv4,malicious-ip,medium,WHITE,ziyadnz/hourly-ipv4,ziyadnz|hourly,2026-08-17T18:48:05Z,2026-08-17T18:48:05Z,
104.165.187.51,ipv4,malicious-ip,medium,WHITE,ziyadnz/hourly-ipv4,ziyadnz|hourly,2026-08-17T18:48:05Z,2026-08-17T18:48:05Z,
104.165.187.53,ipv4,malicious-ip,medium,WHITE,ziyadnz/hourly-ipv4,ziyadnz|hourly,2026-08-17T18:48:05Z,2026-08-17T18:48:05Z,
104.165.187.70,ipv4,malicious-ip,medium,WHITE,ziyadnz/hourly-ipv4,ziyadnz|hourly,2026-08-17T18:48:05Z,2026-08-17T18:48:05Z,
104.165.187.74,ipv4,malicious-ip,medium,WHITE,ziyadnz/hourly-ipv4,ziyadnz|hourly,2026-08-17T18:48:05Z,2026-08-17T18:48:05Z,
104.165.187.75,ipv4,malicious-ip,medium,WHITE,ziyadnz/hourly-ipv4,ziyadnz|hourly,2026-08-17T18:48:05Z,2026-08-17T18:48:05Z,
104.165.187.80,ipv4,malicious-ip,medium,WHITE,ziyadnz/hourly-ipv4,ziyadnz|hourly,2026-08-17T18:48:05Z,2026-08-17T18:48:05Z,
104.165.187.97,ipv4,malicious-ip,medium,WHITE,ziyadnz/hourly-ipv4,ziyadnz|hourly,2026-08-17T18:48:05Z,2026-08-17T18:48:05Z,
104.165.210.0,ipv4,malicious-ip,medium,WHITE,ziyadnz/hourly-ipv4,ziyadnz|hourly,2026-08-17T18:48:05Z,2026-08-17T18:48:05Z,
104.165.210.120,ipv4,malicious-ip,medium,WHITE,ziyadnz/hourly-ipv4,ziyadnz|hourly,2026-08-17T18:48:05Z,2026-08-17T18:48:05Z,
104.165.210.125,ipv4,malicious-ip,medium,WHITE,ziyadnz/hourly-ipv4,ziyadnz|hourly,2026-08-17T18:48:05Z,2026-08-17T18:48:05Z,
104.165.210.128,ipv4,malicious-ip,medium,WHITE,ziyadnz/hourly-ipv4,ziyadnz|hourly,2026-08-17T18:48:05Z,2026-08-17T18:48:05Z,
104.165.210.156,ipv4,malicious-ip,medium,WHITE,ziyadnz/hourly-ipv4,ziyadnz|hourly,2026-08-17T18:48:05Z,2026-08-17T18:48:05Z,
104.165.210.177,ipv4,malicious-ip,medium,WHITE,ziyadnz/hourly-ipv4,ziyadnz|hourly,2026-08-17T18:48:05Z,2026-08-17T18:48:05Z,
104.165.210.18,ipv4,malicious-ip,medium,WHITE,ziyadnz/hourly-ipv4,ziyadnz|hourly,2026-08-17T18:48:05Z,2026-08-17T18:48:05Z,
104.165.210.195,ipv4,malicious-ip,medium,WHITE,ziyadnz/hourly-ipv4,ziyadnz|hourly,2026-08-17T18:48:05Z,2026-08-17T18:48:05Z,
104.165.210.211,ipv4,malicious-ip,medium,WHITE,ziyadnz/hourly-ipv4,ziyadnz|hourly,2026-08-17T18:48:05Z,2026-08-17T18:48:05Z,
104.165.210.223,ipv4,malicious-ip,medium,WHITE,ziyadnz/hourly-ipv4,ziyadnz|hourly,2026-08-17T18:48:05Z,2026-08-17T18:48:05Z,
104.165.210.247,ipv4,malicious-ip,medium,WHITE,ziyadnz/hourly-ipv4,ziyadnz|hourly,2026-08-17T18:48:05Z,2026-08-17T18:48:05Z,
104.165.210.27,ipv4,malicious-ip,medium,WHITE,ziyadnz/hourly-ipv4,ziyadnz|hourly,2026-08-17T18:48:05Z,2026-08-17T18:48:05Z,
104.165.210.39,ipv4,malicious-ip,medium,WHITE,ziyadnz/hourly-ipv4,ziyadnz|hourly,2026-08-17T18:48:05Z,2026-08-17T18:48:05Z,
104.165.210.52,ipv4,malicious-ip,medium,WHITE,ziyadnz/hourly-ipv4,ziyadnz|hourly,2026-08-17T18:48:05Z,2026-08-17T18:48:05Z,
104.165.210.58,ipv4,malicious-ip,medium,WHITE,ziyadnz/hourly-ipv4,ziyadnz|hourly,2026-08-17T18:48:05Z,2026-08-17T18:48:05Z,
104.165.210.65,ipv4,malicious-ip,medium,WHITE,ziyadnz/hourly-ipv4,ziyadnz|hourly,2026-08-17T18:48:05Z,2026-08-17T18:48:05Z,
104.165.210.67,ipv4,malicious-ip,medium,WHITE,ziyadnz/hourly-ipv4,ziyadnz|hourly,2026-08-17T18:48:05Z,2026-08-17T18:48:05Z,
104.165.210.8,ipv4,malicious-ip,medium,WHITE,ziyadnz/hourly-ipv4,ziyadnz|hourly,2026-08-17T18:48:05Z,2026-08-17T18:48:05Z,
104.165.210.83,ipv4,malicious-ip,medium,WHITE,ziyadnz/hourly-ipv4,ziyadnz|hourly,2026-08-17T18:48:05Z,2026-08-17T18:48:05Z,
104.165.210.88,ipv4,malicious-ip,medium,WHITE,ziyadnz/hourly-ipv4,ziyadnz|hourly,2026-08-17T18:48:05Z,2026-08-17T18:48:05Z,
104.165.210.97,ipv4,malicious-ip,medium,WHITE,ziyadnz/hourly-ipv4,ziyadnz|hourly,2026-08-17T18:48:05Z,2026-08-17T18:48:05Z,
104.165.94.0,ipv4,malicious-ip,medium,WHITE,ziyadnz/hourly-ipv4,ziyadnz|hourly,2026-08-17T18:48:05Z,2026-08-17T18:48:05Z,
104.165.94.10,ipv4,malicious-ip,medium,WHITE,ziyadnz/hourly-ipv4,ziyadnz|hourly,2026-08-17T18:48:05Z,2026-08-17T18:48:05Z,
104.165.94.100,ipv4,malicious-ip,medium,WHITE,ziyadnz/hourly-ipv4,ziyadnz|hourly,2026-08-17T18:48:05Z,2026-08-17T18:48:05Z,
104.165.94.109,ipv4,malicious-ip,medium,WHITE,ziyadnz/hourly-ipv4,ziyadnz|hourly,2026-08-17T18:48:05Z,2026-08-17T18:48:05Z,
104.165.94.119,ipv4,malicious-ip,medium,WHITE,ziyadnz/hourly-ipv4,ziyadnz|hourly,2026-08-17T18:48:05Z,2026-08-17T18:48:05Z,
104.165.94.131,ipv4,malicious-ip,medium,WHITE,ziyadnz/hourly-ipv4,ziyadnz|hourly,2026-08-17T18:48:05Z,2026-08-17T18:48:05Z,
104.165.94.132,ipv4,malicious-ip,medium,WHITE,ziyadnz/hourly-ipv4,ziyadnz|hourly,2026-08-17T18:48:05Z,2026-08-17T18:48:05Z,
104.165.94.14,ipv4,malicious-ip,medium,WHITE,ziyadnz/hourly-ipv4,ziyadnz|hourly,2026-08-17T18:48:05Z,2026-08-17T18:48:05Z,
104.165.94.153,ipv4,malicious-ip,medium,WHITE,ziyadnz/hourly-ipv4,ziyadnz|hourly,2026-08-17T18:48:05Z,2026-08-17T18:48:05Z,
104.165.94.160,ipv4,malicious-ip,medium,WHITE,ziyadnz/hourly-ipv4,ziyadnz|hourly,2026-08-17T18:48:05Z,2026-08-17T18:48:05Z,
104.165.94.170,ipv4,malicious-ip,medium,WHITE,ziyadnz/hourly-ipv4,ziyadnz|hourly,2026-08-17T18:48:05Z,2026-08-17T18:48:05Z,
104.165.94.177,ipv4,malicious-ip,medium,WHITE,ziyadnz/hourly-ipv4,ziyadnz|hourly,2026-08-17T18:48:05Z,2026-08-17T18:48:05Z,
104.165.94.18,ipv4,malicious-ip,medium,WHITE,ziyadnz/hourly-ipv4,ziyadnz|hourly,2026-08-17T18:48:05Z,2026-08-17T18:48:05Z,
104.165.94.190,ipv4,malicious-ip,medium,WHITE,ziyadnz/hourly-ipv4,ziyadnz|hourly,2026-08-17T18:48:05Z,2026-08-17T18:48:05Z,
104.165.94.196,ipv4,malicious-ip,medium,WHITE,ziyadnz/hourly-ipv4,ziyadnz|hourly,2026-08-17T18:48:05Z,2026-08-17T18:48:05Z,
104.165.94.213,ipv4,malicious-ip,medium,WHITE,ziyadnz/hourly-ipv4,ziyadnz|hourly,2026-08-17T18:48:05Z,2026-08-17T18:48:05Z,
104.165.94.236,ipv4,malicious-ip,medium,WHITE,ziyadnz/hourly-ipv4,ziyadnz|hourly,2026-08-17T18:48:05Z,2026-08-17T18:48:05Z,
104.165.94.29,ipv4,malicious-ip,medium,WHITE,ziyadnz/hourly-ipv4,ziyadnz|hourly,2026-08-17T18:48:05Z,2026-08-17T18:48:05Z,
104.165.94.31,ipv4,malicious-ip,medium,WHITE,ziyadnz/hourly-ipv4,ziyadnz|hourly,2026-08-17T18:48:05Z,2026-08-17T18:48:05Z,
104.165.94.51,ipv4,malicious-ip,medium,WHITE,ziyadnz/hourly-ipv4,ziyadnz|hourly,2026-08-17T18:48:05Z,2026-08-17T18:48:05Z,
104.165.94.53,ipv4,malicious-ip,medium,WHITE,ziyadnz/hourly-ipv4,ziyadnz|hourly,2026-08-17T18:48:05Z,2026-08-17T18:48:05Z,
104.165.94.56,ipv4,malicious-ip,medium,WHITE,ziyadnz/hourly-ipv4,ziyadnz|hourly,2026-08-17T18:48:05Z,2026-08-17T18:48:05Z,
104.165.94.72,ipv4,malicious-ip,medium,WHITE,ziyadnz/hourly-ipv4,ziyadnz|hourly,2026-08-17T18:48:05Z,2026-08-17T18:48:05Z,
104.165.94.84,ipv4,malicious-ip,medium,WHITE,ziyadnz/hourly-ipv4,ziyadnz|hourly,2026-08-17T18:48:05Z,2026-08-17T18:48:05Z,
104.165.94.92,ipv4,malicious-ip,medium,WHITE,ziyadnz/hourly-ipv4,ziyadnz|hourly,2026-08-17T18:48:05Z,2026-08-17T18:48:05Z,
104.165.94.97,ipv4,malicious-ip,medium,WHITE,ziyadnz/hourly-ipv4,ziyadnz|hourly,2026-08-17T18:48:05Z,2026-08-17T18:48:05Z,
104.167.241.4,ipv4,malicious-ip,medium,WHITE,ziyadnz/hourly-ipv4,ziyadnz|hourly,2026-08-17T18:48:05Z,2026-08-17T18:48:05Z,
104.167.242.117,ipv4,malicious-ip,medium,WHITE,ziyadnz/hourly-ipv4,ziyadnz|hourly,2026-08-17T18:48:05Z,2026-08-17T18:48:05Z,
104.167.25.253,ipv4,malicious-ip,medium,WHITE,ziyadnz/hourly-ipv4,ziyadnz|hourly,2026-08-17T18:48:05Z,2026-08-17T18:48:05Z,
104.168.1.203,ipv4,malicious-ip,medium,WHITE,ziyadnz/hourly-ipv4,ziyadnz|hourly,2026-08-17T18:48:05Z,2026-08-17T18:48:05Z,
104.168.101.23,ipv4,malicious-ip,medium,WHITE,ziyadnz/hourly-ipv4,ziyadnz|hourly,2026-08-17T18:48:05Z,2026-08-17T18:48:05Z,
104.168.101.27,ipv4,malicious-ip,medium,WHITE,ziyadnz/hourly-ipv4,ziyadnz|hourly,2026-08-17T18:48:05Z,2026-08-17T18:48:05Z,
104.168.102.15,ipv4,malicious-ip,medium,WHITE,ziyadnz/hourly-ipv4,ziyadnz|hourly,2026-08-17T18:48:05Z,2026-08-17T18:48:05Z,
104.168.109.132,ipv4,malicious-ip,medium,WHITE,ziyadnz/hourly-ipv4,ziyadnz|hourly,2026-08-17T18:48:05Z,2026-08-17T18:48:05Z,
104.168.12.103,ipv4,malicious-ip,medium,WHITE,ziyadnz/hourly-ipv4,ziyadnz|hourly,2026-08-17T18:48:05Z,2026-08-17T18:48:05Z,
104.168.133.168,ipv4,malicious-ip,medium,WHITE,ziyadnz/hourly-ipv4,ziyadnz|hourly,2026-08-17T18:48:05Z,2026-08-17T18:48:05Z,
104.168.135.198,ipv4,malicious-ip,medium,WHITE,ziyadnz/hourly-ipv4,ziyadnz|hourly,2026-08-17T18:48:05Z,2026-08-17T18:48:05Z,
104.168.137.74,ipv4,malicious-ip,medium,WHITE,ziyadnz/hourly-ipv4,ziyadnz|hourly,2026-08-17T18:48:05Z,2026-08-17T18:48:05Z,
104.168.149.180,ipv4,malicious-ip,medium,WHITE,ziyadnz/hourly-ipv4,ziyadnz|hourly,2026-08-17T18:48:05Z,2026-08-17T18:48:05Z,
104.168.149.5,ipv4,malicious-ip,medium,WHITE,ziyadnz/hourly-ipv4,ziyadnz|hourly,2026-08-17T18:48:05Z,2026-08-17T18:48:05Z,
104.168.156.183,ipv4,malicious-ip,medium,WHITE,ziyadnz/hourly-ipv4,ziyadnz|hourly,2026-08-17T18:48:05Z,2026-08-17T18:48:05Z,
104.168.167.88,ipv4,malicious-ip,medium,WHITE,ziyadnz/hourly-ipv4,ziyadnz|hourly,2026-08-17T18:48:05Z,2026-08-17T18:48:05Z,
104.168.169.128,ipv4,malicious-ip,medium,WHITE,ziyadnz/hourly-ipv4,ziyadnz|hourly,2026-08-17T18:48:05Z,2026-08-17T18:48:05Z,
104.168.169.130,ipv4,malicious-ip,medium,WHITE,ziyadnz/hourly-ipv4,ziyadnz|hourly,2026-08-17T18:48:05Z,2026-08-17T18:48:05Z,
104.168.214.151,ipv4,malicious-ip,medium,WHITE,ziyadnz/hourly-ipv4,ziyadnz|hourly,2026-08-17T18:48:05Z,2026-08-17T18:48:05Z,
104.168.30.30,ipv4,malicious-ip,medium,WHITE,ziyadnz/hourly-ipv4,ziyadnz|hourly,2026-08-17T18:48:05Z,2026-08-17T18:48:05Z,
104.168.34.164,ipv4,malicious-ip,medium,WHITE,ziyadnz/hourly-ipv4,ziyadnz|hourly,2026-08-17T18:48:05Z,2026-08-17T18:48:05Z,
104.168.4.152,ipv4,malicious-ip,medium,WHITE,ziyadnz/hourly-ipv4,ziyadnz|hourly,2026-08-17T18:48:05Z,2026-08-17T18:48:05Z,
104.168.44.130,ipv4,malicious-ip,medium,WHITE,ziyadnz/hourly-ipv4,ziyadnz|hourly,2026-08-17T18:48:05Z,2026-08-17T18:48:05Z,
104.168.46.58,ipv4,malicious-ip,medium,WHITE,ziyadnz/hourly-ipv4,ziyadnz|hourly,2026-08-17T18:48:05Z,2026-08-17T18:48:05Z,
104.168.48.57,ipv4,malicious-ip,medium,WHITE,ziyadnz/hourly-ipv4,ziyadnz|hourly,2026-08-17T18:48:05Z,2026-08-17T18:48:05Z,
104.168.68.12,ipv4,malicious-ip,medium,WHITE,ziyadnz/hourly-ipv4,ziyadnz|hourly,2026-08-17T18:48:05Z,2026-08-17T18:48:05Z,
104.168.87.229,ipv4,malicious-ip,medium,WHITE,ziyadnz/hourly-ipv4,ziyadnz|hourly,2026-08-17T18:48:05Z,2026-08-17T18:48:05Z,
104.168.88.11,ipv4,malicious-ip,medium,WHITE,ziyadnz/hourly-ipv4,ziyadnz|hourly,2026-08-17T18:48:05Z,2026-08-17T18:48:05Z,
104.168.9.49,ipv4,malicious-ip,medium,WHITE,ziyadnz/hourly-ipv4,ziyadnz|hourly,2026-08-17T18:48:05Z,2026-08-17T18:48:05Z,
104.168.92.214,ipv4,malicious-ip,medium,WHITE,ziyadnz/hourly-ipv4,ziyadnz|hourly,2026-08-17T18:48:05Z,2026-08-17T18:48:05Z,
104.168.93.75,ipv4,malicious-ip,medium,WHITE,ziyadnz/hourly-ipv4,ziyadnz|hourly,2026-08-17T18:48:05Z,2026-08-17T18:48:05Z,
104.171.170.201,ipv4,malicious-ip,medium,WHITE,ziyadnz/hourly-ipv4,ziyadnz|hourly,2026-08-17T18:48:05Z,2026-08-17T18:48:05Z,
104.171.170.21,ipv4,malicious-ip,medium,WHITE,ziyadnz/hourly-ipv4,ziyadnz|hourly,2026-08-17T18:48:05Z,2026-08-17T18:48:05Z,
104.174.78.30,ipv4,malicious-ip,medium,WHITE,ziyadnz/hourly-ipv4,ziyadnz|hourly,2026-08-17T18:48:05Z,2026-08-17T18:48:05Z,
104.175.71.243,ipv4,malicious-ip,medium,WHITE,ziyadnz/hourly-ipv4,ziyadnz|hourly,2026-08-17T18:48:05Z,2026-08-17T18:48:05Z,
104.176.155.234,ipv4,malicious-ip,medium,WHITE,ziyadnz/hourly-ipv4,ziyadnz|hourly,2026-08-17T18:48:05Z,2026-08-17T18:48:05Z,
104.180.152.79,ipv4,malicious-ip,medium,WHITE,ziyadnz/hourly-ipv4,ziyadnz|hourly,2026-08-17T18:48:05Z,2026-08-17T18:48:05Z,
104.185.114.65,ipv4,malicious-ip,medium,WHITE,ziyadnz/hourly-ipv4,ziyadnz|hourly,2026-08-17T18:48:05Z,2026-08-17T18:48:05Z,
104.187.138.195,ipv4,malicious-ip,medium,WHITE,ziyadnz/hourly-ipv4,ziyadnz|hourly,2026-08-17T18:48:05Z,2026-08-17T18:48:05Z,
104.192.3.74,ipv4,malicious-ip,medium,WHITE,ziyadnz/hourly-ipv4,ziyadnz|hourly,2026-08-17T18:48:05Z,2026-08-17T18:48:05Z,
104.193.40.222,ipv4,malicious-ip,medium,WHITE,ziyadnz/hourly-ipv4,ziyadnz|hourly,2026-08-17T18:48:05Z,2026-08-17T18:48:05Z,
104.194.10.16,ipv4,malicious-ip,medium,WHITE,ziyadnz/hourly-ipv4,ziyadnz|hourly,2026-08-17T18:48:05Z,2026-08-17T18:48:05Z,
104.194.11.174,ipv4,malicious-ip,medium,WHITE,ziyadnz/hourly-ipv4,ziyadnz|hourly,2026-08-17T18:48:05Z,2026-08-17T18:48:05Z,
104.194.11.200,ipv4,malicious-ip,medium,WHITE,ziyadnz/hourly-ipv4,ziyadnz|hourly,2026-08-17T18:48:05Z,2026-08-17T18:48:05Z,
104.194.133.210,ipv4,malicious-ip,medium,WHITE,ziyadnz/hourly-ipv4,ziyadnz|hourly,2026-08-17T18:48:05Z,2026-08-17T18:48:05Z,
104.194.140.6,ipv4,malicious-ip,medium,WHITE,ziyadnz/hourly-ipv4,ziyadnz|hourly,2026-08-17T18:48:05Z,2026-08-17T18:48:05Z,
104.194.145.47,ipv4,malicious-ip,medium,WHITE,ziyadnz/hourly-ipv4,ziyadnz|hourly,2026-08-17T18:48:05Z,2026-08-17T18:48:05Z,
104.194.152.137,ipv4,malicious-ip,medium,WHITE,ziyadnz/hourly-ipv4,ziyadnz|hourly,2026-08-17T18:48:05Z,2026-08-17T18:48:05Z,
104.194.152.152,ipv4,malicious-ip,medium,WHITE,ziyadnz/hourly-ipv4,ziyadnz|hourly,2026-08-17T18:48:05Z,2026-08-17T18:48:05Z,
104.194.153.65,ipv4,malicious-ip,medium,WHITE,ziyadnz/hourly-ipv4,ziyadnz|hourly,2026-08-17T18:48:05Z,2026-08-17T18:48:05Z,
104.194.158.63,ipv4,malicious-ip,medium,WHITE,ziyadnz/hourly-ipv4,ziyadnz|hourly,2026-08-17T18:48:05Z,2026-08-17T18:48:05Z,
104.194.159.150,ipv4,malicious-ip,medium,WHITE,ziyadnz/hourly-ipv4,ziyadnz|hourly,2026-08-17T18:48:05Z,2026-08-17T18:48:05Z,
104.194.222.107,ipv4,malicious-ip,medium,WHITE,ziyadnz/hourly-ipv4,ziyadnz|hourly,2026-08-17T18:48:05Z,2026-08-17T18:48:05Z,
104.194.9.6,ipv4,malicious-ip,medium,WHITE,ziyadnz/hourly-ipv4,ziyadnz|hourly,2026-08-17T18:48:05Z,2026-08-17T18:48:05Z,
104.196.100.193,ipv4,malicious-ip,medium,WHITE,ziyadnz/hourly-ipv4,ziyadnz|hourly,2026-08-17T18:48:05Z,2026-08-17T18:48:05Z,
104.196.112.25,ipv4,malicious-ip,medium,WHITE,ziyadnz/hourly-ipv4,ziyadnz|hourly,2026-08-17T18:48:05Z,2026-08-17T18:48:05Z,
104.196.118.218,ipv4,malicious-ip,medium,WHITE,ziyadnz/hourly-ipv4,ziyadnz|hourly,2026-08-17T18:48:05Z,2026-08-17T18:48:05Z,
104.196.126.119,ipv4,malicious-ip,medium,WHITE,ziyadnz/hourly-ipv4,ziyadnz|hourly,2026-08-17T18:48:05Z,2026-08-17T18:48:05Z,
104.196.128.216,ipv4,malicious-ip,medium,WHITE,ziyadnz/hourly-ipv4,ziyadnz|hourly,2026-08-17T18:48:05Z,2026-08-17T18:48:05Z,
104.196.129.33,ipv4,malicious-ip,medium,WHITE,ziyadnz/hourly-ipv4,ziyadnz|hourly,2026-08-17T18:48:05Z,2026-08-17T18:48:05Z,
104.196.160.220,ipv4,malicious-ip,medium,WHITE,ziyadnz/hourly-ipv4,ziyadnz|hourly,2026-08-17T18:48:05Z,2026-08-17T18:48:05Z,
104.196.178.165,ipv4,malicious-ip,medium,WHITE,ziyadnz/hourly-ipv4,ziyadnz|hourly,2026-08-17T18:48:05Z,2026-08-17T18:48:05Z,
104.196.184.131,ipv4,malicious-ip,medium,WHITE,ziyadnz/hourly-ipv4,ziyadnz|hourly,2026-08-17T18:48:05Z,2026-08-17T18:48:05Z,
104.196.20.155,ipv4,malicious-ip,medium,WHITE,ziyadnz/hourly-ipv4,ziyadnz|hourly,2026-08-17T18:48:05Z,2026-08-17T18:48:05Z,
104.196.236.75,ipv4,malicious-ip,medium,WHITE,ziyadnz/hourly-ipv4,ziyadnz|hourly,2026-08-17T18:48:05Z,2026-08-17T18:48:05Z,
104.196.36.59,ipv4,malicious-ip,medium,WHITE,ziyadnz/hourly-ipv4,ziyadnz|hourly,2026-08-17T18:48:05Z,2026-08-17T18:48:05Z,
104.196.46.111,ipv4,malicious-ip,medium,WHITE,ziyadnz/hourly-ipv4,ziyadnz|hourly,2026-08-17T18:48:05Z,2026-08-17T18:48:05Z,
104.196.65.97,ipv4,malicious-ip,medium,WHITE,ziyadnz/hourly-ipv4,ziyadnz|hourly,2026-08-17T18:48:05Z,2026-08-17T18:48:05Z,
104.196.67.17,ipv4,malicious-ip,medium,WHITE,ziyadnz/hourly-ipv4,ziyadnz|hourly,2026-08-17T18:48:05Z,2026-08-17T18:48:05Z,
104.196.68.89,ipv4,malicious-ip,medium,WHITE,ziyadnz/hourly-ipv4,ziyadnz|hourly,2026-08-17T18:48:05Z,2026-08-17T18:48:05Z,
104.196.69.105,ipv4,malicious-ip,medium,WHITE,ziyadnz/hourly-ipv4,ziyadnz|hourly,2026-08-17T18:48:05Z,2026-08-17T18:48:05Z,
104.197.153.217,ipv4,malicious-ip,medium,WHITE,ziyadnz/hourly-ipv4,ziyadnz|hourly,2026-08-17T18:48:05Z,2026-08-17T18:48:05Z,
104.197.239.0,ipv4,malicious-ip,medium,WHITE,ziyadnz/hourly-ipv4,ziyadnz|hourly,2026-08-17T18:48:05Z,2026-08-17T18:48:05Z,
104.197.63.217,ipv4,malicious-ip,medium,WHITE,ziyadnz/hourly-ipv4,ziyadnz|hourly,2026-08-17T18:48:05Z,2026-08-17T18:48:05Z,
104.197.69.115,ipv4,malicious-ip,medium,WHITE,ziyadnz/hourly-ipv4,ziyadnz|hourly,2026-08-17T18:48:05Z,2026-08-17T18:48:05Z,
104.198.139.202,ipv4,malicious-ip,medium,WHITE,ziyadnz/hourly-ipv4,ziyadnz|hourly,2026-08-17T18:48:05Z,2026-08-17T18:48:05Z,
104.198.149.238,ipv4,malicious-ip,medium,WHITE,ziyadnz/hourly-ipv4,ziyadnz|hourly,2026-08-17T18:48:05Z,2026-08-17T18:48:05Z,
104.199.110.171,ipv4,malicious-ip,medium,WHITE,ziyadnz/hourly-ipv4,ziyadnz|hourly,2026-08-17T18:48:05Z,2026-08-17T18:48:05Z,
104.199.126.190,ipv4,malicious-ip,medium,WHITE,ziyadnz/hourly-ipv4,ziyadnz|hourly,2026-08-17T18:48:05Z,2026-08-17T18:48:05Z,
104.199.182.70,ipv4,malicious-ip,medium,WHITE,ziyadnz/hourly-ipv4,ziyadnz|hourly,2026-08-17T18:48:05Z,2026-08-17T18:48:05Z,
104.199.184.141,ipv4,malicious-ip,medium,WHITE,ziyadnz/hourly-ipv4,ziyadnz|hourly,2026-08-17T18:48:05Z,2026-08-17T18:48:05Z,
104.199.189.80,ipv4,malicious-ip,medium,WHITE,ziyadnz/hourly-ipv4,ziyadnz|hourly,2026-08-17T18:48:05Z,2026-08-17T18:48:05Z,
104.199.2.114,ipv4,malicious-ip,medium,WHITE,ziyadnz/hourly-ipv4,ziyadnz|hourly,2026-08-17T18:48:05Z,2026-08-17T18:48:05Z,
104.199.20.125,ipv4,malicious-ip,medium,WHITE,ziyadnz/hourly-ipv4,ziyadnz|hourly,2026-08-17T18:48:05Z,2026-08-17T18:48:05Z,
104.199.215.107,ipv4,malicious-ip,medium,WHITE,ziyadnz/hourly-ipv4,ziyadnz|hourly,2026-08-17T18:48:05Z,2026-08-17T18:48:05Z,
104.199.247.115,ipv4,malicious-ip,medium,WHITE,ziyadnz/hourly-ipv4,ziyadnz|hourly,2026-08-17T18:48:05Z,2026-08-17T18:48:05Z,
104.199.29.43,ipv4,malicious-ip,medium,WHITE,ziyadnz/hourly-ipv4,ziyadnz|hourly,2026-08-17T18:48:05Z,2026-08-17T18:48:05Z,
104.199.31.234,ipv4,malicious-ip,medium,WHITE,ziyadnz/hourly-ipv4,ziyadnz|hourly,2026-08-17T18:48:05Z,2026-08-17T18:48:05Z,
104.199.47.81,ipv4,malicious-ip,medium,WHITE,ziyadnz/hourly-ipv4,ziyadnz|hourly,2026-08-17T18:48:05Z,2026-08-17T18:48:05Z,
104.199.72.139,ipv4,malicious-ip,medium,WHITE,ziyadnz/hourly-ipv4,ziyadnz|hourly,2026-08-17T18:48:05Z,2026-08-17T18:48:05Z,
104.199.72.69,ipv4,malicious-ip,medium,WHITE,ziyadnz/hourly-ipv4,ziyadnz|hourly,2026-08-17T18:48:05Z,2026-08-17T18:48:05Z,
104.199.79.27,ipv4,malicious-ip,medium,WHITE,ziyadnz/hourly-ipv4,ziyadnz|hourly,2026-08-17T18:48:05Z,2026-08-17T18:48:05Z,
104.199.91.39,ipv4,malicious-ip,medium,WHITE,ziyadnz/hourly-ipv4,ziyadnz|hourly,2026-08-17T18:48:05Z,2026-08-17T18:48:05Z,
104.199.96.180,ipv4,malicious-ip,medium,WHITE,ziyadnz/hourly-ipv4,ziyadnz|hourly,2026-08-17T18:48:05Z,2026-08-17T18:48:05Z,
104.200.135.46,ipv4,malicious-ip,medium,WHITE,ziyadnz/hourly-ipv4,ziyadnz|hourly,2026-08-17T18:48:05Z,2026-08-17T18:48:05Z,
104.200.30.63,ipv4,malicious-ip,medium,WHITE,ziyadnz/hourly-ipv4,ziyadnz|hourly,2026-08-17T18:48:05Z,2026-08-17T18:48:05Z,
104.200.67.190,ipv4,malicious-ip,medium,WHITE,ziyadnz/hourly-ipv4,ziyadnz|hourly,2026-08-17T18:48:05Z,2026-08-17T18:48:05Z,
104.200.72.6,ipv4,malicious-ip,medium,WHITE,ziyadnz/hourly-ipv4,ziyadnz|hourly,2026-08-17T18:48:05Z,2026-08-17T18:48:05Z,
104.200.73.237,ipv4,malicious-ip,medium,WHITE,ziyadnz/hourly-ipv4,ziyadnz|hourly,2026-08-17T18:48:05Z,2026-08-17T18:48:05Z,
104.202.84.132,ipv4,malicious-ip,medium,WHITE,ziyadnz/hourly-ipv4,ziyadnz|hourly,2026-08-17T18:48:05Z,2026-08-17T18:48:05Z,
104.205.177.247,ipv4,malicious-ip,medium,WHITE,ziyadnz/hourly-ipv4,ziyadnz|hourly,2026-08-17T18:48:05Z,2026-08-17T18:48:05Z,
104.205.78.122,ipv4,malicious-ip,medium,WHITE,ziyadnz/hourly-ipv4,ziyadnz|hourly,2026-08-17T18:48:05Z,2026-08-17T18:48:05Z,
104.207.144.154,ipv4,malicious-ip,medium,WHITE,ziyadnz/hourly-ipv4,ziyadnz|hourly,2026-08-17T18:48:05Z,2026-08-17T18:48:05Z,
104.207.32.52,ipv4,malicious-ip,medium,WHITE,ziyadnz/hourly-ipv4,ziyadnz|hourly,2026-08-17T18:48:05Z,2026-08-17T18:48:05Z,
104.207.33.136,ipv4,malicious-ip,medium,WHITE,ziyadnz/hourly-ipv4,ziyadnz|hourly,2026-08-17T18:48:05Z,2026-08-17T18:48:05Z,
104.207.34.94,ipv4,malicious-ip,medium,WHITE,ziyadnz/hourly-ipv4,ziyadnz|hourly,2026-08-17T18:48:05Z,2026-08-17T18:48:05Z,
104.207.39.226,ipv4,malicious-ip,medium,WHITE,ziyadnz/hourly-ipv4,ziyadnz|hourly,2026-08-17T18:48:05Z,2026-08-17T18:48:05Z,
104.207.43.47,ipv4,malicious-ip,medium,WHITE,ziyadnz/hourly-ipv4,ziyadnz|hourly,2026-08-17T18:48:05Z,2026-08-17T18:48:05Z,
104.207.44.219,ipv4,malicious-ip,medium,WHITE,ziyadnz/hourly-ipv4,ziyadnz|hourly,2026-08-17T18:48:05Z,2026-08-17T18:48:05Z,
104.207.47.108,ipv4,malicious-ip,medium,WHITE,ziyadnz/hourly-ipv4,ziyadnz|hourly,2026-08-17T18:48:05Z,2026-08-17T18:48:05Z,
104.207.48.0,ipv4,malicious-ip,medium,WHITE,ziyadnz/hourly-ipv4,ziyadnz|hourly,2026-08-17T18:48:05Z,2026-08-17T18:48:05Z,
104.207.49.124,ipv4,malicious-ip,medium,WHITE,ziyadnz/hourly-ipv4,ziyadnz|hourly,2026-08-17T18:48:05Z,2026-08-17T18:48:05Z,
104.207.51.147,ipv4,malicious-ip,medium,WHITE,ziyadnz/hourly-ipv4,ziyadnz|hourly,2026-08-17T18:48:05Z,2026-08-17T18:48:05Z,
104.207.51.28,ipv4,malicious-ip,medium,WHITE,ziyadnz/hourly-ipv4,ziyadnz|hourly,2026-08-17T18:48:05Z,2026-08-17T18:48:05Z,
104.207.52.204,ipv4,malicious-ip,medium,WHITE,ziyadnz/hourly-ipv4,ziyadnz|hourly,2026-08-17T18:48:05Z,2026-08-17T18:48:05Z,
104.207.53.170,ipv4,malicious-ip,medium,WHITE,ziyadnz/hourly-ipv4,ziyadnz|hourly,2026-08-17T18:48:05Z,2026-08-17T18:48:05Z,
104.207.58.93,ipv4,malicious-ip,medium,WHITE,ziyadnz/hourly-ipv4,ziyadnz|hourly,2026-08-17T18:48:05Z,2026-08-17T18:48:05Z,
104.207.62.55,ipv4,malicious-ip,medium,WHITE,ziyadnz/hourly-ipv4,ziyadnz|hourly,2026-08-17T18:48:05Z,2026-08-17T18:48:05Z,
104.207.64.210,ipv4,malicious-ip,medium,WHITE,ziyadnz/hourly-ipv4,ziyadnz|hourly,2026-08-17T18:48:05Z,2026-08-17T18:48:05Z,
104.208.110.3,ipv4,malicious-ip,medium,WHITE,ziyadnz/hourly-ipv4,ziyadnz|hourly,2026-08-17T18:48:05Z,2026-08-17T18:48:05Z,
104.208.119.209,ipv4,malicious-ip,medium,WHITE,ziyadnz/hourly-ipv4,ziyadnz|hourly,2026-08-17T18:48:05Z,2026-08-17T18:48:05Z,
104.208.65.104,ipv4,malicious-ip,medium,WHITE,ziyadnz/hourly-ipv4,ziyadnz|hourly,2026-08-17T18:48:05Z,2026-08-17T18:48:05Z,
104.208.66.176,ipv4,malicious-ip,medium,WHITE,ziyadnz/hourly-ipv4,ziyadnz|hourly,2026-08-17T18:48:05Z,2026-08-17T18:48:05Z,
104.208.89.157,ipv4,malicious-ip,medium,WHITE,ziyadnz/hourly-ipv4,ziyadnz|hourly,2026-08-17T18:48:05Z,2026-08-17T18:48:05Z,
104.210.140.140,ipv4,malicious-ip,medium,WHITE,ziyadnz/hourly-ipv4,ziyadnz|hourly,2026-08-17T18:48:05Z,2026-08-17T18:48:05Z,
104.211.93.193,ipv4,malicious-ip,medium,WHITE,ziyadnz/hourly-ipv4,ziyadnz|hourly,2026-08-17T18:48:05Z,2026-08-17T18:48:05Z,
104.218.161.102,ipv4,malicious-ip,medium,WHITE,ziyadnz/hourly-ipv4,ziyadnz|hourly,2026-08-17T18:48:05Z,2026-08-17T18:48:05Z,
104.218.161.106,ipv4,malicious-ip,medium,WHITE,ziyadnz/hourly-ipv4,ziyadnz|hourly,2026-08-17T18:48:05Z,2026-08-17T18:48:05Z,
104.218.161.110,ipv4,malicious-ip,medium,WHITE,ziyadnz/hourly-ipv4,ziyadnz|hourly,2026-08-17T18:48:05Z,2026-08-17T18:48:05Z,
104.218.161.78,ipv4,malicious-ip,medium,WHITE,ziyadnz/hourly-ipv4,ziyadnz|hourly,2026-08-17T18:48:05Z,2026-08-17T18:48:05Z,
104.218.161.94,ipv4,malicious-ip,medium,WHITE,ziyadnz/hourly-ipv4,ziyadnz|hourly,2026-08-17T18:48:05Z,2026-08-17T18:48:05Z,
104.218.164.117,ipv4,malicious-ip,medium,WHITE,ziyadnz/hourly-ipv4,ziyadnz|hourly,2026-08-17T18:48:05Z,2026-08-17T18:48:05Z,
104.218.164.192,ipv4,malicious-ip,medium,WHITE,ziyadnz/hourly-ipv4,ziyadnz|hourly,2026-08-17T18:48:05Z,2026-08-17T18:48:05Z,
104.218.165.188,ipv4,malicious-ip,medium,WHITE,ziyadnz/hourly-ipv4,ziyadnz|hourly,2026-08-17T18:48:05Z,2026-08-17T18:48:05Z,
104.218.20.49,ipv4,malicious-ip,medium,WHITE,ziyadnz/hourly-ipv4,ziyadnz|hourly,2026-08-17T18:48:05Z,2026-08-17T18:48:05Z,
104.219.234.170,ipv4,malicious-ip,medium,WHITE,ziyadnz/hourly-ipv4,ziyadnz|hourly,2026-08-17T18:48:05Z,2026-08-17T18:48:05Z,
104.219.236.100,ipv4,malicious-ip,medium,WHITE,ziyadnz/hourly-ipv4,ziyadnz|hourly,2026-08-17T18:48:05Z,2026-08-17T18:48:05Z,
104.219.236.54,ipv4,malicious-ip,medium,WHITE,ziyadnz/hourly-ipv4,ziyadnz|hourly,2026-08-17T18:48:05Z,2026-08-17T18:48:05Z,
104.219.236.58,ipv4,malicious-ip,medium,WHITE,ziyadnz/hourly-ipv4,ziyadnz|hourly,2026-08-17T18:48:05Z,2026-08-17T18:48:05Z,
104.223.20.222,ipv4,malicious-ip,medium,WHITE,ziyadnz/hourly-ipv4,ziyadnz|hourly,2026-08-17T18:48:05Z,2026-08-17T18:48:05Z,
104.223.54.22,ipv4,malicious-ip,medium,WHITE,ziyadnz/hourly-ipv4,ziyadnz|hourly,2026-08-17T18:48:05Z,2026-08-17T18:48:05Z,
104.223.59.156,ipv4,malicious-ip,medium,WHITE,ziyadnz/hourly-ipv4,ziyadnz|hourly,2026-08-17T18:48:05Z,2026-08-17T18:48:05Z,
104.223.72.254,ipv4,malicious-ip,medium,WHITE,ziyadnz/hourly-ipv4,ziyadnz|hourly,2026-08-17T18:48:05Z,2026-08-17T18:48:05Z,
104.223.79.219,ipv4,malicious-ip,medium,WHITE,ziyadnz/hourly-ipv4,ziyadnz|hourly,2026-08-17T18:48:05Z,2026-08-17T18:48:05Z,
104.223.84.121,ipv4,malicious-ip,medium,WHITE,ziyadnz/hourly-ipv4,ziyadnz|hourly,2026-08-17T18:48:05Z,2026-08-17T18:48:05Z,
104.223.84.233,ipv4,malicious-ip,medium,WHITE,ziyadnz/hourly-ipv4,ziyadnz|hourly,2026-08-17T18:48:05Z,2026-08-17T18:48:05Z,
104.223.84.247,ipv4,malicious-ip,medium,WHITE,ziyadnz/hourly-ipv4,ziyadnz|hourly,2026-08-17T18:48:05Z,2026-08-17T18:48:05Z,
104.223.84.84,ipv4,malicious-ip,medium,WHITE,ziyadnz/hourly-ipv4,ziyadnz|hourly,2026-08-17T18:48:05Z,2026-08-17T18:48:05Z,
104.225.129.171,ipv4,malicious-ip,medium,WHITE,ziyadnz/hourly-ipv4,ziyadnz|hourly,2026-08-17T18:48:05Z,2026-08-17T18:48:05Z,
104.225.223.127,ipv4,malicious-ip,medium,WHITE,ziyadnz/hourly-ipv4,ziyadnz|hourly,2026-08-17T18:48:05Z,2026-08-17T18:48:05Z,
104.232.79.58,ipv4,malicious-ip,medium,WHITE,ziyadnz/hourly-ipv4,ziyadnz|hourly,2026-08-17T18:48:05Z,2026-08-17T18:48:05Z,
104.233.140.194,ipv4,malicious-ip,medium,WHITE,ziyadnz/hourly-ipv4,ziyadnz|hourly,2026-08-17T18:48:05Z,2026-08-17T18:48:05Z,
104.233.167.116,ipv4,malicious-ip,medium,WHITE,ziyadnz/hourly-ipv4,ziyadnz|hourly,2026-08-17T18:48:05Z,2026-08-17T18:48:05Z,
104.233.167.127,ipv4,malicious-ip,medium,WHITE,ziyadnz/hourly-ipv4,ziyadnz|hourly,2026-08-17T18:48:05Z,2026-08-17T18:48:05Z,
104.233.167.129,ipv4,malicious-ip,medium,WHITE,ziyadnz/hourly-ipv4,ziyadnz|hourly,2026-08-17T18:48:05Z,2026-08-17T18:48:05Z,
104.233.167.131,ipv4,malicious-ip,medium,WHITE,ziyadnz/hourly-ipv4,ziyadnz|hourly,2026-08-17T18:48:05Z,2026-08-17T18:48:05Z,
104.233.167.135,ipv4,malicious-ip,medium,WHITE,ziyadnz/hourly-ipv4,ziyadnz|hourly,2026-08-17T18:48:05Z,2026-08-17T18:48:05Z,
104.233.167.136,ipv4,malicious-ip,medium,WHITE,ziyadnz/hourly-ipv4,ziyadnz|hourly,2026-08-17T18:48:05Z,2026-08-17T18:48:05Z,
104.233.167.155,ipv4,malicious-ip,medium,WHITE,ziyadnz/hourly-ipv4,ziyadnz|hourly,2026-08-17T18:48:05Z,2026-08-17T18:48:05Z,
104.233.167.156,ipv4,malicious-ip,medium,WHITE,ziyadnz/hourly-ipv4,ziyadnz|hourly,2026-08-17T18:48:05Z,2026-08-17T18:48:05Z,
104.233.181.170,ipv4,malicious-ip,medium,WHITE,ziyadnz/hourly-ipv4,ziyadnz|hourly,2026-08-17T18:48:05Z,2026-08-17T18:48:05Z,
104.233.192.1,ipv4,malicious-ip,medium,WHITE,ziyadnz/hourly-ipv4,ziyadnz|hourly,2026-08-17T18:48:05Z,2026-08-17T18:48:05Z,
104.233.193.227,ipv4,malicious-ip,medium,WHITE,ziyadnz/hourly-ipv4,ziyadnz|hourly,2026-08-17T18:48:05Z,2026-08-17T18:48:05Z,
104.233.206.43,ipv4,malicious-ip,medium,WHITE,ziyadnz/hourly-ipv4,ziyadnz|hourly,2026-08-17T18:48:05Z,2026-08-17T18:48:05Z,
104.233.210.229,ipv4,malicious-ip,medium,WHITE,ziyadnz/hourly-ipv4,ziyadnz|hourly,2026-08-17T18:48:05Z,2026-08-17T18:48:05Z,
104.234.118.163,ipv4,malicious-ip,medium,WHITE,ziyadnz/hourly-ipv4,ziyadnz|hourly,2026-08-17T18:48:05Z,2026-08-17T18:48:05Z,
104.234.135.117,ipv4,malicious-ip,medium,WHITE,ziyadnz/hourly-ipv4,ziyadnz|hourly,2026-08-17T18:48:05Z,2026-08-17T18:48:05Z,
104.234.140.100,ipv4,malicious-ip,medium,WHITE,ziyadnz/hourly-ipv4,ziyadnz|hourly,2026-08-17T18:48:05Z,2026-08-17T18:48:05Z,
104.234.140.105,ipv4,malicious-ip,medium,WHITE,ziyadnz/hourly-ipv4,ziyadnz|hourly,2026-08-17T18:48:05Z,2026-08-17T18:48:05Z,
104.234.140.106,ipv4,malicious-ip,medium,WHITE,ziyadnz/hourly-ipv4,ziyadnz|hourly,2026-08-17T18:48:05Z,2026-08-17T18:48:05Z,
104.234.140.109,ipv4,malicious-ip,medium,WHITE,ziyadnz/hourly-ipv4,ziyadnz|hourly,2026-08-17T18:48:05Z,2026-08-17T18:48:05Z,
104.234.140.99,ipv4,malicious-ip,medium,WHITE,ziyadnz/hourly-ipv4,ziyadnz|hourly,2026-08-17T18:48:05Z,2026-08-17T18:48:05Z,
104.234.147.74,ipv4,malicious-ip,medium,WHITE,ziyadnz/hourly-ipv4,ziyadnz|hourly,2026-08-17T18:48:05Z,2026-08-17T18:48:05Z,
104.234.15.90,ipv4,malicious-ip,medium,WHITE,ziyadnz/hourly-ipv4,ziyadnz|hourly,2026-08-17T18:48:05Z,2026-08-17T18:48:05Z,
104.234.167.145,ipv4,malicious-ip,medium,WHITE,ziyadnz/hourly-ipv4,ziyadnz|hourly,2026-08-17T18:48:05Z,2026-08-17T18:48:05Z,
104.234.19.151,ipv4,malicious-ip,medium,WHITE,ziyadnz/hourly-ipv4,ziyadnz|hourly,2026-08-17T18:48:05Z,2026-08-17T18:48:05Z,
104.234.19.66,ipv4,malicious-ip,medium,WHITE,ziyadnz/hourly-ipv4,ziyadnz|hourly,2026-08-17T18:48:05Z,2026-08-17T18:48:05Z,
104.234.200.205,ipv4,malicious-ip,medium,WHITE,ziyadnz/hourly-ipv4,ziyadnz|hourly,2026-08-17T18:48:05Z,2026-08-17T18:48:05Z,
104.234.208.56,ipv4,malicious-ip,medium,WHITE,ziyadnz/hourly-ipv4,ziyadnz|hourly,2026-08-17T18:48:05Z,2026-08-17T18:48:05Z,
104.234.239.26,ipv4,malicious-ip,medium,WHITE,ziyadnz/hourly-ipv4,ziyadnz|hourly,2026-08-17T18:48:05Z,2026-08-17T18:48:05Z,
104.234.32.0,ipv4,malicious-ip,medium,WHITE,ziyadnz/hourly-ipv4,ziyadnz|hourly,2026-08-17T18:48:05Z,2026-08-17T18:48:05Z,
104.234.32.158,ipv4,malicious-ip,medium,WHITE,ziyadnz/hourly-ipv4,ziyadnz|hourly,2026-08-17T18:48:05Z,2026-08-17T18:48:05Z,
104.234.32.190,ipv4,malicious-ip,medium,WHITE,ziyadnz/hourly-ipv4,ziyadnz|hourly,2026-08-17T18:48:05Z,2026-08-17T18:48:05Z,
104.234.32.67,ipv4,malicious-ip,medium,WHITE,ziyadnz/hourly-ipv4,ziyadnz|hourly,2026-08-17T18:48:05Z,2026-08-17T18:48:05Z,
104.234.32.78,ipv4,malicious-ip,medium,WHITE,ziyadnz/hourly-ipv4,ziyadnz|hourly,2026-08-17T18:48:05Z,2026-08-17T18:48:05Z,
104.234.32.81,ipv4,malicious-ip,medium,WHITE,ziyadnz/hourly-ipv4,ziyadnz|hourly,2026-08-17T18:48:05Z,2026-08-17T18:48:05Z,
104.234.32.82,ipv4,malicious-ip,medium,WHITE,ziyadnz/hourly-ipv4,ziyadnz|hourly,2026-08-17T18:48:05Z,2026-08-17T18:48:05Z,
104.234.32.95,ipv4,malicious-ip,medium,WHITE,ziyadnz/hourly-ipv4,ziyadnz|hourly,2026-08-17T18:48:05Z,2026-08-17T18:48:05Z,
104.234.53.0,ipv4,malicious-ip,medium,WHITE,ziyadnz/hourly-ipv4,ziyadnz|hourly,2026-08-17T18:48:05Z,2026-08-17T18:48:05Z,
104.234.53.103,ipv4,malicious-ip,medium,WHITE,ziyadnz/hourly-ipv4,ziyadnz|hourly,2026-08-17T18:48:05Z,2026-08-17T18:48:05Z,
104.234.53.104,ipv4,malicious-ip,medium,WHITE,ziyadnz/hourly-ipv4,ziyadnz|hourly,2026-08-17T18:48:05Z,2026-08-17T18:48:05Z,
104.234.53.110,ipv4,malicious-ip,medium,WHITE,ziyadnz/hourly-ipv4,ziyadnz|hourly,2026-08-17T18:48:05Z,2026-08-17T18:48:05Z,
104.234.53.113,ipv4,malicious-ip,medium,WHITE,ziyadnz/hourly-ipv4,ziyadnz|hourly,2026-08-17T18:48:05Z,2026-08-17T18:48:05Z,
104.234.53.115,ipv4,malicious-ip,medium,WHITE,ziyadnz/hourly-ipv4,ziyadnz|hourly,2026-08-17T18:48:05Z,2026-08-17T18:48:05Z,
104.234.53.118,ipv4,malicious-ip,medium,WHITE,ziyadnz/hourly-ipv4,ziyadnz|hourly,2026-08-17T18:48:05Z,2026-08-17T18:48:05Z,
104.234.53.119,ipv4,malicious-ip,medium,WHITE,ziyadnz/hourly-ipv4,ziyadnz|hourly,2026-08-17T18:48:05Z,2026-08-17T18:48:05Z,
104.234.53.122,ipv4,malicious-ip,medium,WHITE,ziyadnz/hourly-ipv4,ziyadnz|hourly,2026-08-17T18:48:05Z,2026-08-17T18:48:05Z,
104.234.53.123,ipv4,malicious-ip,medium,WHITE,ziyadnz/hourly-ipv4,ziyadnz|hourly,2026-08-17T18:48:05Z,2026-08-17T18:48:05Z,
104.234.53.129,ipv4,malicious-ip,medium,WHITE,ziyadnz/hourly-ipv4,ziyadnz|hourly,2026-08-17T18:48:05Z,2026-08-17T18:48:05Z,
104.234.53.132,ipv4,malicious-ip,medium,WHITE,ziyadnz/hourly-ipv4,ziyadnz|hourly,2026-08-17T18:48:05Z,2026-08-17T18:48:05Z,
104.234.53.135,ipv4,malicious-ip,medium,WHITE,ziyadnz/hourly-ipv4,ziyadnz|hourly,2026-08-17T18:48:05Z,2026-08-17T18:48:05Z,
104.234.53.137,ipv4,malicious-ip,medium,WHITE,ziyadnz/hourly-ipv4,ziyadnz|hourly,2026-08-17T18:48:05Z,2026-08-17T18:48:05Z,
104.234.53.139,ipv4,malicious-ip,medium,WHITE,ziyadnz/hourly-ipv4,ziyadnz|hourly,2026-08-17T18:48:05Z,2026-08-17T18:48:05Z,
104.234.53.142,ipv4,malicious-ip,medium,WHITE,ziyadnz/hourly-ipv4,ziyadnz|hourly,2026-08-17T18:48:05Z,2026-08-17T18:48:05Z,
104.234.53.145,ipv4,malicious-ip,medium,WHITE,ziyadnz/hourly-ipv4,ziyadnz|hourly,2026-08-17T18:48:05Z,2026-08-17T18:48:05Z,
104.234.53.146,ipv4,malicious-ip,medium,WHITE,ziyadnz/hourly-ipv4,ziyadnz|hourly,2026-08-17T18:48:05Z,2026-08-17T18:48:05Z,
104.234.53.251,ipv4,malicious-ip,medium,WHITE,ziyadnz/hourly-ipv4,ziyadnz|hourly,2026-08-17T18:48:05Z,2026-08-17T18:48:05Z,
104.234.53.68,ipv4,malicious-ip,medium,WHITE,ziyadnz/hourly-ipv4,ziyadnz|hourly,2026-08-17T18:48:05Z,2026-08-17T18:48:05Z,
104.234.53.95,ipv4,malicious-ip,medium,WHITE,ziyadnz/hourly-ipv4,ziyadnz|hourly,2026-08-17T18:48:05Z,2026-08-17T18:48:05Z,
104.234.53.96,ipv4,malicious-ip,medium,WHITE,ziyadnz/hourly-ipv4,ziyadnz|hourly,2026-08-17T18:48:05Z,2026-08-17T18:48:05Z,
104.234.53.99,ipv4,malicious-ip,medium,WHITE,ziyadnz/hourly-ipv4,ziyadnz|hourly,2026-08-17T18:48:05Z,2026-08-17T18:48:05Z,
104.234.94.23,ipv4,malicious-ip,medium,WHITE,ziyadnz/hourly-ipv4,ziyadnz|hourly,2026-08-17T18:48:05Z,2026-08-17T18:48:05Z,
104.236.19.165,ipv4,malicious-ip,medium,WHITE,ziyadnz/hourly-ipv4,ziyadnz|hourly,2026-08-17T18:48:05Z,2026-08-17T18:48:05Z,
104.236.196.85,ipv4,malicious-ip,medium,WHITE,ziyadnz/hourly-ipv4,ziyadnz|hourly,2026-08-17T18:48:05Z,2026-08-17T18:48:05Z,
104.236.198.159,ipv4,malicious-ip,medium,WHITE,ziyadnz/hourly-ipv4,ziyadnz|hourly,2026-08-17T18:48:05Z,2026-08-17T18:48:05Z,
104.236.229.227,ipv4,malicious-ip,medium,WHITE,ziyadnz/hourly-ipv4,ziyadnz|hourly,2026-08-17T18:48:05Z,2026-08-17T18:48:05Z,
104.236.53.110,ipv4,malicious-ip,medium,WHITE,ziyadnz/hourly-ipv4,ziyadnz|hourly,2026-08-17T18:48:05Z,2026-08-17T18:48:05Z,
104.236.75.167,ipv4,malicious-ip,medium,WHITE,ziyadnz/hourly-ipv4,ziyadnz|hourly,2026-08-17T18:48:05Z,2026-08-17T18:48:05Z,
104.236.99.179,ipv4,malicious-ip,medium,WHITE,ziyadnz/hourly-ipv4,ziyadnz|hourly,2026-08-17T18:48:05Z,2026-08-17T18:48:05Z,
104.237.132.58,ipv4,malicious-ip,medium,WHITE,ziyadnz/hourly-ipv4,ziyadnz|hourly,2026-08-17T18:48:05Z,2026-08-17T18:48:05Z,
104.237.132.63,ipv4,malicious-ip,medium,WHITE,ziyadnz/hourly-ipv4,ziyadnz|hourly,2026-08-17T18:48:05Z,2026-08-17T18:48:05Z,
104.237.132.65,ipv4,malicious-ip,medium,WHITE,ziyadnz/hourly-ipv4,ziyadnz|hourly,2026-08-17T18:48:05Z,2026-08-17T18:48:05Z,
104.237.139.124,ipv4,malicious-ip,medium,WHITE,ziyadnz/hourly-ipv4,ziyadnz|hourly,2026-08-17T18:48:05Z,2026-08-17T18:48:05Z,
104.237.145.228,ipv4,malicious-ip,medium,WHITE,ziyadnz/hourly-ipv4,ziyadnz|hourly,2026-08-17T18:48:05Z,2026-08-17T18:48:05Z,
104.237.150.100,ipv4,malicious-ip,medium,WHITE,ziyadnz/hourly-ipv4,ziyadnz|hourly,2026-08-17T18:48:05Z,2026-08-17T18:48:05Z,
104.237.150.123,ipv4,malicious-ip,medium,WHITE,ziyadnz/hourly-ipv4,ziyadnz|hourly,2026-08-17T18:48:05Z,2026-08-17T18:48:05Z,
104.237.150.155,ipv4,malicious-ip,medium,WHITE,ziyadnz/hourly-ipv4,ziyadnz|hourly,2026-08-17T18:48:05Z,2026-08-17T18:48:05Z,
104.237.150.40,ipv4,malicious-ip,medium,WHITE,ziyadnz/hourly-ipv4,ziyadnz|hourly,2026-08-17T18:48:05Z,2026-08-17T18:48:05Z,
104.237.151.205,ipv4,malicious-ip,medium,WHITE,ziyadnz/hourly-ipv4,ziyadnz|hourly,2026-08-17T18:48:05Z,2026-08-17T18:48:05Z,
104.237.156.209,ipv4,malicious-ip,medium,WHITE,ziyadnz/hourly-ipv4,ziyadnz|hourly,2026-08-17T18:48:05Z,2026-08-17T18:48:05Z,
104.238.110.208,ipv4,malicious-ip,medium,WHITE,ziyadnz/hourly-ipv4,ziyadnz|hourly,2026-08-17T18:48:05Z,2026-08-17T18:48:05Z,
104.238.118.239,ipv4,malicious-ip,medium,WHITE,ziyadnz/hourly-ipv4,ziyadnz|hourly,2026-08-17T18:48:05Z,2026-08-17T18:48:05Z,
104.238.125.121,ipv4,malicious-ip,medium,WHITE,ziyadnz/hourly-ipv4,ziyadnz|hourly,2026-08-17T18:48:05Z,2026-08-17T18:48:05Z,
104.238.141.143,ipv4,malicious-ip,medium,WHITE,ziyadnz/hourly-ipv4,ziyadnz|hourly,2026-08-17T18:48:05Z,2026-08-17T18:48:05Z,
104.238.151.99,ipv4,malicious-ip,medium,WHITE,ziyadnz/hourly-ipv4,ziyadnz|hourly,2026-08-17T18:48:05Z,2026-08-17T18:48:05Z,
104.238.156.70,ipv4,malicious-ip,medium,WHITE,ziyadnz/hourly-ipv4,ziyadnz|hourly,2026-08-17T18:48:05Z,2026-08-17T18:48:05Z,
104.238.159.149,ipv4,malicious-ip,medium,WHITE,ziyadnz/hourly-ipv4,ziyadnz|hourly,2026-08-17T18:48:05Z,2026-08-17T18:48:05Z,
104.238.172.90,ipv4,malicious-ip,medium,WHITE,ziyadnz/hourly-ipv4,ziyadnz|hourly,2026-08-17T18:48:05Z,2026-08-17T18:48:05Z,
104.238.205.105,ipv4,malicious-ip,medium,WHITE,ziyadnz/hourly-ipv4,ziyadnz|hourly,2026-08-17T18:48:05Z,2026-08-17T18:48:05Z,
104.238.220.216,ipv4,malicious-ip,medium,WHITE,ziyadnz/hourly-ipv4,ziyadnz|hourly,2026-08-17T18:48:05Z,2026-08-17T18:48:05Z,
104.238.61.144,ipv4,malicious-ip,medium,WHITE,ziyadnz/hourly-ipv4,ziyadnz|hourly,2026-08-17T18:48:05Z,2026-08-17T18:48:05Z,
104.238.61.32,ipv4,malicious-ip,medium,WHITE,ziyadnz/hourly-ipv4,ziyadnz|hourly,2026-08-17T18:48:05Z,2026-08-17T18:48:05Z,
104.239.103.107,ipv4,malicious-ip,medium,WHITE,ziyadnz/hourly-ipv4,ziyadnz|hourly,2026-08-17T18:48:05Z,2026-08-17T18:48:05Z,
104.239.66.86,ipv4,malicious-ip,medium,WHITE,ziyadnz/hourly-ipv4,ziyadnz|hourly,2026-08-17T18:48:05Z,2026-08-17T18:48:05Z,
104.243.133.18,ipv4,malicious-ip,medium,WHITE,ziyadnz/hourly-ipv4,ziyadnz|hourly,2026-08-17T18:48:05Z,2026-08-17T18:48:05Z,
104.243.245.144,ipv4,malicious-ip,medium,WHITE,ziyadnz/hourly-ipv4,ziyadnz|hourly,2026-08-17T18:48:05Z,2026-08-17T18:48:05Z,
104.243.32.213,ipv4,malicious-ip,medium,WHITE,ziyadnz/hourly-ipv4,ziyadnz|hourly,2026-08-17T18:48:05Z,2026-08-17T18:48:05Z,
104.243.35.63,ipv4,malicious-ip,medium,WHITE,ziyadnz/hourly-ipv4,ziyadnz|hourly,2026-08-17T18:48:05Z,2026-08-17T18:48:05Z,
104.243.37.202,ipv4,malicious-ip,medium,WHITE,ziyadnz/hourly-ipv4,ziyadnz|hourly,2026-08-17T18:48:05Z,2026-08-17T18:48:05Z,
104.243.38.177,ipv4,malicious-ip,medium,WHITE,ziyadnz/hourly-ipv4,ziyadnz|hourly,2026-08-17T18:48:05Z,2026-08-17T18:48:05Z,
104.243.42.83,ipv4,malicious-ip,medium,WHITE,ziyadnz/hourly-ipv4,ziyadnz|hourly,2026-08-17T18:48:05Z,2026-08-17T18:48:05Z,
104.243.43.16,ipv4,malicious-ip,medium,WHITE,ziyadnz/hourly-ipv4,ziyadnz|hourly,2026-08-17T18:48:05Z,2026-08-17T18:48:05Z,
104.243.46.227,ipv4,malicious-ip,medium,WHITE,ziyadnz/hourly-ipv4,ziyadnz|hourly,2026-08-17T18:48:05Z,2026-08-17T18:48:05Z,
104.244.72.115,ipv4,malicious-ip,medium,WHITE,ziyadnz/hourly-ipv4,ziyadnz|hourly,2026-08-17T18:48:05Z,2026-08-17T18:48:05Z,
104.244.72.123,ipv4,malicious-ip,medium,WHITE,ziyadnz/hourly-ipv4,ziyadnz|hourly,2026-08-17T18:48:05Z,2026-08-17T18:48:05Z,
104.244.72.132,ipv4,malicious-ip,medium,WHITE,ziyadnz/hourly-ipv4,ziyadnz|hourly,2026-08-17T18:48:05Z,2026-08-17T18:48:05Z,
104.244.72.64,ipv4,malicious-ip,medium,WHITE,ziyadnz/hourly-ipv4,ziyadnz|hourly,2026-08-17T18:48:05Z,2026-08-17T18:48:05Z,
104.244.72.8,ipv4,malicious-ip,medium,WHITE,ziyadnz/hourly-ipv4,ziyadnz|hourly,2026-08-17T18:48:05Z,2026-08-17T18:48:05Z,
104.244.73.136,ipv4,malicious-ip,medium,WHITE,ziyadnz/hourly-ipv4,ziyadnz|hourly,2026-08-17T18:48:05Z,2026-08-17T18:48:05Z,
104.244.73.14,ipv4,malicious-ip,medium,WHITE,ziyadnz/hourly-ipv4,ziyadnz|hourly,2026-08-17T18:48:05Z,2026-08-17T18:48:05Z,
104.244.73.190,ipv4,malicious-ip,medium,WHITE,ziyadnz/hourly-ipv4,ziyadnz|hourly,2026-08-17T18:48:05Z,2026-08-17T18:48:05Z,
104.244.73.193,ipv4,malicious-ip,medium,WHITE,ziyadnz/hourly-ipv4,ziyadnz|hourly,2026-08-17T18:48:05Z,2026-08-17T18:48:05Z,
104.244.73.43,ipv4,malicious-ip,medium,WHITE,ziyadnz/hourly-ipv4,ziyadnz|hourly,2026-08-17T18:48:05Z,2026-08-17T18:48:05Z,
104.244.74.51,ipv4,malicious-ip,medium,WHITE,ziyadnz/hourly-ipv4,ziyadnz|hourly,2026-08-17T18:48:05Z,2026-08-17T18:48:05Z,
104.244.74.97,ipv4,malicious-ip,medium,WHITE,ziyadnz/hourly-ipv4,ziyadnz|hourly,2026-08-17T18:48:05Z,2026-08-17T18:48:05Z,
104.244.75.140,ipv4,malicious-ip,medium,WHITE,ziyadnz/hourly-ipv4,ziyadnz|hourly,2026-08-17T18:48:05Z,2026-08-17T18:48:05Z,
104.244.75.74,ipv4,malicious-ip,medium,WHITE,ziyadnz/hourly-ipv4,ziyadnz|hourly,2026-08-17T18:48:05Z,2026-08-17T18:48:05Z,
104.244.76.237,ipv4,malicious-ip,medium,WHITE,ziyadnz/hourly-ipv4,ziyadnz|hourly,2026-08-17T18:48:05Z,2026-08-17T18:48:05Z,
104.244.77.208,ipv4,malicious-ip,medium,WHITE,ziyadnz/hourly-ipv4,ziyadnz|hourly,2026-08-17T18:48:05Z,2026-08-17T18:48:05Z,
104.244.78.232,ipv4,malicious-ip,medium,WHITE,ziyadnz/hourly-ipv4,ziyadnz|hourly,2026-08-17T18:48:05Z,2026-08-17T18:48:05Z,
104.244.78.233,ipv4,malicious-ip,medium,WHITE,ziyadnz/hourly-ipv4,ziyadnz|hourly,2026-08-17T18:48:05Z,2026-08-17T18:48:05Z,
104.244.79.44,ipv4,malicious-ip,medium,WHITE,ziyadnz/hourly-ipv4,ziyadnz|hourly,2026-08-17T18:48:05Z,2026-08-17T18:48:05Z,
104.244.79.50,ipv4,malicious-ip,medium,WHITE,ziyadnz/hourly-ipv4,ziyadnz|hourly,2026-08-17T18:48:05Z,2026-08-17T18:48:05Z,
104.244.79.6,ipv4,malicious-ip,medium,WHITE,ziyadnz/hourly-ipv4,ziyadnz|hourly,2026-08-17T18:48:05Z,2026-08-17T18:48:05Z,
104.244.79.61,ipv4,malicious-ip,medium,WHITE,ziyadnz/hourly-ipv4,ziyadnz|hourly,2026-08-17T18:48:05Z,2026-08-17T18:48:05Z,
104.245.103.11,ipv4,malicious-ip,medium,WHITE,ziyadnz/hourly-ipv4,ziyadnz|hourly,2026-08-17T18:48:05Z,2026-08-17T18:48:05Z,
104.245.241.157,ipv4,malicious-ip,medium,WHITE,ziyadnz/hourly-ipv4,ziyadnz|hourly,2026-08-17T18:48:05Z,2026-08-17T18:48:05Z,
104.245.244.139,ipv4,malicious-ip,medium,WHITE,ziyadnz/hourly-ipv4,ziyadnz|hourly,2026-08-17T18:48:05Z,2026-08-17T18:48:05Z,
104.247.160.236,ipv4,malicious-ip,medium,WHITE,ziyadnz/hourly-ipv4,ziyadnz|hourly,2026-08-17T18:48:05Z,2026-08-17T18:48:05Z,
104.247.164.113,ipv4,malicious-ip,medium,WHITE,ziyadnz/hourly-ipv4,ziyadnz|hourly,2026-08-17T18:48:05Z,2026-08-17T18:48:05Z,
104.247.164.63,ipv4,malicious-ip,medium,WHITE,ziyadnz/hourly-ipv4,ziyadnz|hourly,2026-08-17T18:48:05Z,2026-08-17T18:48:05Z,
104.247.217.167,ipv4,malicious-ip,medium,WHITE,ziyadnz/hourly-ipv4,ziyadnz|hourly,2026-08-17T18:48:05Z,2026-08-17T18:48:05Z,
104.247.82.11,ipv4,malicious-ip,medium,WHITE,ziyadnz/hourly-ipv4,ziyadnz|hourly,2026-08-17T18:48:05Z,2026-08-17T18:48:05Z,
104.248.113.206,ipv4,malicious-ip,medium,WHITE,ziyadnz/hourly-ipv4,ziyadnz|hourly,2026-08-17T18:48:05Z,2026-08-17T18:48:05Z,
104.248.113.243,ipv4,malicious-ip,medium,WHITE,ziyadnz/hourly-ipv4,ziyadnz|hourly,2026-08-17T18:48:05Z,2026-08-17T18:48:05Z,
104.248.116.24,ipv4,malicious-ip,medium,WHITE,ziyadnz/hourly-ipv4,ziyadnz|hourly,2026-08-17T18:48:05Z,2026-08-17T18:48:05Z,
104.248.119.91,ipv4,malicious-ip,medium,WHITE,ziyadnz/hourly-ipv4,ziyadnz|hourly,2026-08-17T18:48:05Z,2026-08-17T18:48:05Z,
104.248.122.156,ipv4,malicious-ip,medium,WHITE,ziyadnz/hourly-ipv4,ziyadnz|hourly,2026-08-17T18:48:05Z,2026-08-17T18:48:05Z,
104.248.127.231,ipv4,malicious-ip,medium,WHITE,ziyadnz/hourly-ipv4,ziyadnz|hourly,2026-08-17T18:48:05Z,2026-08-17T18:48:05Z,
104.248.130.34,ipv4,malicious-ip,medium,WHITE,ziyadnz/hourly-ipv4,ziyadnz|hourly,2026-08-17T18:48:05Z,2026-08-17T18:48:05Z,
104.248.131.95,ipv4,malicious-ip,medium,WHITE,ziyadnz/hourly-ipv4,ziyadnz|hourly,2026-08-17T18:48:05Z,2026-08-17T18:48:05Z,
104.248.132.191,ipv4,malicious-ip,medium,WHITE,ziyadnz/hourly-ipv4,ziyadnz|hourly,2026-08-17T18:48:05Z,2026-08-17T18:48:05Z,
104.248.135.214,ipv4,malicious-ip,medium,WHITE,ziyadnz/hourly-ipv4,ziyadnz|hourly,2026-08-17T18:48:05Z,2026-08-17T18:48:05Z,
104.248.141.67,ipv4,malicious-ip,medium,WHITE,ziyadnz/hourly-ipv4,ziyadnz|hourly,2026-08-17T18:48:05Z,2026-08-17T18:48:05Z,
104.248.149.122,ipv4,malicious-ip,medium,WHITE,ziyadnz/hourly-ipv4,ziyadnz|hourly,2026-08-17T18:48:05Z,2026-08-17T18:48:05Z,
104.248.151.221,ipv4,malicious-ip,medium,WHITE,ziyadnz/hourly-ipv4,ziyadnz|hourly,2026-08-17T18:48:05Z,2026-08-17T18:48:05Z,
104.248.157.218,ipv4,malicious-ip,medium,WHITE,ziyadnz/hourly-ipv4,ziyadnz|hourly,2026-08-17T18:48:05Z,2026-08-17T18:48:05Z,
104.248.162.60,ipv4,malicious-ip,medium,WHITE,ziyadnz/hourly-ipv4,ziyadnz|hourly,2026-08-17T18:48:05Z,2026-08-17T18:48:05Z,
104.248.164.226,ipv4,malicious-ip,medium,WHITE,ziyadnz/hourly-ipv4,ziyadnz|hourly,2026-08-17T18:48:05Z,2026-08-17T18:48:05Z,
104.248.165.78,ipv4,malicious-ip,medium,WHITE,ziyadnz/hourly-ipv4,ziyadnz|hourly,2026-08-17T18:48:05Z,2026-08-17T18:48:05Z,
104.248.169.239,ipv4,malicious-ip,medium,WHITE,ziyadnz/hourly-ipv4,ziyadnz|hourly,2026-08-17T18:48:05Z,2026-08-17T18:48:05Z,
104.248.173.148,ipv4,malicious-ip,medium,WHITE,ziyadnz/hourly-ipv4,ziyadnz|hourly,2026-08-17T18:48:05Z,2026-08-17T18:48:05Z,
104.248.181.90,ipv4,malicious-ip,medium,WHITE,ziyadnz/hourly-ipv4,ziyadnz|hourly,2026-08-17T18:48:05Z,2026-08-17T18:48:05Z,
104.248.189.238,ipv4,malicious-ip,medium,WHITE,ziyadnz/hourly-ipv4,ziyadnz|hourly,2026-08-17T18:48:05Z,2026-08-17T18:48:05Z,
104.248.194.233,ipv4,malicious-ip,medium,WHITE,ziyadnz/hourly-ipv4,ziyadnz|hourly,2026-08-17T18:48:05Z,2026-08-17T18:48:05Z,
104.248.199.79,ipv4,malicious-ip,medium,WHITE,ziyadnz/hourly-ipv4,ziyadnz|hourly,2026-08-17T18:48:05Z,2026-08-17T18:48:05Z,
104.248.200.241,ipv4,malicious-ip,medium,WHITE,ziyadnz/hourly-ipv4,ziyadnz|hourly,2026-08-17T18:48:05Z,2026-08-17T18:48:05Z,
104.248.201.141,ipv4,malicious-ip,medium,WHITE,ziyadnz/hourly-ipv4,ziyadnz|hourly,2026-08-17T18:48:05Z,2026-08-17T18:48:05Z,
104.248.202.104,ipv4,malicious-ip,medium,WHITE,ziyadnz/hourly-ipv4,ziyadnz|hourly,2026-08-17T18:48:05Z,2026-08-17T18:48:05Z,
104.248.205.66,ipv4,malicious-ip,medium,WHITE,ziyadnz/hourly-ipv4,ziyadnz|hourly,2026-08-17T18:48:05Z,2026-08-17T18:48:05Z,
104.248.208.166,ipv4,malicious-ip,medium,WHITE,ziyadnz/hourly-ipv4,ziyadnz|hourly,2026-08-17T18:48:05Z,2026-08-17T18:48:05Z,
104.248.210.24,ipv4,malicious-ip,medium,WHITE,ziyadnz/hourly-ipv4,ziyadnz|hourly,2026-08-17T18:48:05Z,2026-08-17T18:48:05Z,
104.248.212.153,ipv4,malicious-ip,medium,WHITE,ziyadnz/hourly-ipv4,ziyadnz|hourly,2026-08-17T18:48:05Z,2026-08-17T18:48:05Z,
104.248.212.97,ipv4,malicious-ip,medium,WHITE,ziyadnz/hourly-ipv4,ziyadnz|hourly,2026-08-17T18:48:05Z,2026-08-17T18:48:05Z,
104.248.213.4,ipv4,malicious-ip,medium,WHITE,ziyadnz/hourly-ipv4,ziyadnz|hourly,2026-08-17T18:48:05Z,2026-08-17T18:48:05Z,
104.248.216.188,ipv4,malicious-ip,medium,WHITE,ziyadnz/hourly-ipv4,ziyadnz|hourly,2026-08-17T18:48:05Z,2026-08-17T18:48:05Z,
104.248.218.184,ipv4,malicious-ip,medium,WHITE,ziyadnz/hourly-ipv4,ziyadnz|hourly,2026-08-17T18:48:05Z,2026-08-17T18:48:05Z,
104.248.219.79,ipv4,malicious-ip,medium,WHITE,ziyadnz/hourly-ipv4,ziyadnz|hourly,2026-08-17T18:48:05Z,2026-08-17T18:48:05Z,
104.248.220.204,ipv4,malicious-ip,medium,WHITE,ziyadnz/hourly-ipv4,ziyadnz|hourly,2026-08-17T18:48:05Z,2026-08-17T18:48:05Z,
104.248.221.51,ipv4,malicious-ip,medium,WHITE,ziyadnz/hourly-ipv4,ziyadnz|hourly,2026-08-17T18:48:05Z,2026-08-17T18:48:05Z,
104.248.225.27,ipv4,malicious-ip,medium,WHITE,ziyadnz/hourly-ipv4,ziyadnz|hourly,2026-08-17T18:48:05Z,2026-08-17T18:48:05Z,
104.248.226.251,ipv4,malicious-ip,medium,WHITE,ziyadnz/hourly-ipv4,ziyadnz|hourly,2026-08-17T18:48:05Z,2026-08-17T18:48:05Z,
104.248.226.32,ipv4,malicious-ip,medium,WHITE,ziyadnz/hourly-ipv4,ziyadnz|hourly,2026-08-17T18:48:05Z,2026-08-17T18:48:05Z,
104.248.228.78,ipv4,malicious-ip,medium,WHITE,ziyadnz/hourly-ipv4,ziyadnz|hourly,2026-08-17T18:48:05Z,2026-08-17T18:48:05Z,
104.248.229.49,ipv4,malicious-ip,medium,WHITE,ziyadnz/hourly-ipv4,ziyadnz|hourly,2026-08-17T18:48:05Z,2026-08-17T18:48:05Z,
104.248.231.107,ipv4,malicious-ip,medium,WHITE,ziyadnz/hourly-ipv4,ziyadnz|hourly,2026-08-17T18:48:05Z,2026-08-17T18:48:05Z,
104.248.233.189,ipv4,malicious-ip,medium,WHITE,ziyadnz/hourly-ipv4,ziyadnz|hourly,2026-08-17T18:48:05Z,2026-08-17T18:48:05Z,
104.248.235.0,ipv4,malicious-ip,medium,WHITE,ziyadnz/hourly-ipv4,ziyadnz|hourly,2026-08-17T18:48:05Z,2026-08-17T18:48:05Z,
104.248.235.197,ipv4,malicious-ip,medium,WHITE,ziyadnz/hourly-ipv4,ziyadnz|hourly,2026-08-17T18:48:05Z,2026-08-17T18:48:05Z,
104.248.235.210,ipv4,malicious-ip,medium,WHITE,ziyadnz/hourly-ipv4,ziyadnz|hourly,2026-08-17T18:48:05Z,2026-08-17T18:48:05Z,
104.248.237.209,ipv4,malicious-ip,medium,WHITE,ziyadnz/hourly-ipv4,ziyadnz|hourly,2026-08-17T18:48:05Z,2026-08-17T18:48:05Z,
104.248.238.143,ipv4,malicious-ip,medium,WHITE,ziyadnz/hourly-ipv4,ziyadnz|hourly,2026-08-17T18:48:05Z,2026-08-17T18:48:05Z,
104.248.239.166,ipv4,malicious-ip,medium,WHITE,ziyadnz/hourly-ipv4,ziyadnz|hourly,2026-08-17T18:48:05Z,2026-08-17T18:48:05Z,
104.248.239.53,ipv4,malicious-ip,medium,WHITE,ziyadnz/hourly-ipv4,ziyadnz|hourly,2026-08-17T18:48:05Z,2026-08-17T18:48:05Z,
104.248.246.0,ipv4,malicious-ip,medium,WHITE,ziyadnz/hourly-ipv4,ziyadnz|hourly,2026-08-17T18:48:05Z,2026-08-17T18:48:05Z,
104.248.27.92,ipv4,malicious-ip,medium,WHITE,ziyadnz/hourly-ipv4,ziyadnz|hourly,2026-08-17T18:48:05Z,2026-08-17T18:48:05Z,
104.248.29.220,ipv4,malicious-ip,medium,WHITE,ziyadnz/hourly-ipv4,ziyadnz|hourly,2026-08-17T18:48:05Z,2026-08-17T18:48:05Z,
104.248.3.163,ipv4,malicious-ip,medium,WHITE,ziyadnz/hourly-ipv4,ziyadnz|hourly,2026-08-17T18:48:05Z,2026-08-17T18:48:05Z,
104.248.31.119,ipv4,malicious-ip,medium,WHITE,ziyadnz/hourly-ipv4,ziyadnz|hourly,2026-08-17T18:48:05Z,2026-08-17T18:48:05Z,
104.248.51.133,ipv4,malicious-ip,medium,WHITE,ziyadnz/hourly-ipv4,ziyadnz|hourly,2026-08-17T18:48:05Z,2026-08-17T18:48:05Z,
104.248.52.1,ipv4,malicious-ip,medium,WHITE,ziyadnz/hourly-ipv4,ziyadnz|hourly,2026-08-17T18:48:05Z,2026-08-17T18:48:05Z,
104.248.56.210,ipv4,malicious-ip,medium,WHITE,ziyadnz/hourly-ipv4,ziyadnz|hourly,2026-08-17T18:48:05Z,2026-08-17T18:48:05Z,
104.248.61.2,ipv4,malicious-ip,medium,WHITE,ziyadnz/hourly-ipv4,ziyadnz|hourly,2026-08-17T18:48:05Z,2026-08-17T18:48:05Z,
104.248.67.201,ipv4,malicious-ip,medium,WHITE,ziyadnz/hourly-ipv4,ziyadnz|hourly,2026-08-17T18:48:05Z,2026-08-17T18:48:05Z,
104.248.67.234,ipv4,malicious-ip,medium,WHITE,ziyadnz/hourly-ipv4,ziyadnz|hourly,2026-08-17T18:48:05Z,2026-08-17T18:48:05Z,
104.248.70.124,ipv4,malicious-ip,medium,WHITE,ziyadnz/hourly-ipv4,ziyadnz|hourly,2026-08-17T18:48:05Z,2026-08-17T18:48:05Z,
104.248.76.87,ipv4,malicious-ip,medium,WHITE,ziyadnz/hourly-ipv4,ziyadnz|hourly,2026-08-17T18:48:05Z,2026-08-17T18:48:05Z,
104.248.83.74,ipv4,malicious-ip,medium,WHITE,ziyadnz/hourly-ipv4,ziyadnz|hourly,2026-08-17T18:48:05Z,2026-08-17T18:48:05Z,
104.248.85.188,ipv4,malicious-ip,medium,WHITE,ziyadnz/hourly-ipv4,ziyadnz|hourly,2026-08-17T18:48:05Z,2026-08-17T18:48:05Z,
104.249.59.78,ipv4,malicious-ip,medium,WHITE,ziyadnz/hourly-ipv4,ziyadnz|hourly,2026-08-17T18:48:05Z,2026-08-17T18:48:05Z,
104.249.59.90,ipv4,malicious-ip,medium,WHITE,ziyadnz/hourly-ipv4,ziyadnz|hourly,2026-08-17T18:48:05Z,2026-08-17T18:48:05Z,
104.250.155.117,ipv4,malicious-ip,medium,WHITE,ziyadnz/hourly-ipv4,ziyadnz|hourly,2026-08-17T18:48:05Z,2026-08-17T18:48:05Z,
104.250.164.214,ipv4,malicious-ip,medium,WHITE,ziyadnz/hourly-ipv4,ziyadnz|hourly,2026-08-17T18:48:05Z,2026-08-17T18:48:05Z,
104.250.164.220,ipv4,malicious-ip,medium,WHITE,ziyadnz/hourly-ipv4,ziyadnz|hourly,2026-08-17T18:48:05Z,2026-08-17T18:48:05Z,
104.250.164.221,ipv4,malicious-ip,medium,WHITE,ziyadnz/hourly-ipv4,ziyadnz|hourly,2026-08-17T18:48:05Z,2026-08-17T18:48:05Z,
104.250.164.222,ipv4,malicious-ip,medium,WHITE,ziyadnz/hourly-ipv4,ziyadnz|hourly,2026-08-17T18:48:05Z,2026-08-17T18:48:05Z,
104.250.164.223,ipv4,malicious-ip,medium,WHITE,ziyadnz/hourly-ipv4,ziyadnz|hourly,2026-08-17T18:48:05Z,2026-08-17T18:48:05Z,
104.250.164.224,ipv4,malicious-ip,medium,WHITE,ziyadnz/hourly-ipv4,ziyadnz|hourly,2026-08-17T18:48:05Z,2026-08-17T18:48:05Z,
104.250.164.226,ipv4,malicious-ip,medium,WHITE,ziyadnz/hourly-ipv4,ziyadnz|hourly,2026-08-17T18:48:05Z,2026-08-17T18:48:05Z,
104.250.164.227,ipv4,malicious-ip,medium,WHITE,ziyadnz/hourly-ipv4,ziyadnz|hourly,2026-08-17T18:48:05Z,2026-08-17T18:48:05Z,
104.250.164.228,ipv4,malicious-ip,medium,WHITE,ziyadnz/hourly-ipv4,ziyadnz|hourly,2026-08-17T18:48:05Z,2026-08-17T18:48:05Z,
104.250.164.229,ipv4,malicious-ip,medium,WHITE,ziyadnz/hourly-ipv4,ziyadnz|hourly,2026-08-17T18:48:05Z,2026-08-17T18:48:05Z,
104.250.164.230,ipv4,malicious-ip,medium,WHITE,ziyadnz/hourly-ipv4,ziyadnz|hourly,2026-08-17T18:48:05Z,2026-08-17T18:48:05Z,
104.250.164.233,ipv4,malicious-ip,medium,WHITE,ziyadnz/hourly-ipv4,ziyadnz|hourly,2026-08-17T18:48:05Z,2026-08-17T18:48:05Z,
104.250.164.234,ipv4,malicious-ip,medium,WHITE,ziyadnz/hourly-ipv4,ziyadnz|hourly,2026-08-17T18:48:05Z,2026-08-17T18:48:05Z,
104.250.164.235,ipv4,malicious-ip,medium,WHITE,ziyadnz/hourly-ipv4,ziyadnz|hourly,2026-08-17T18:48:05Z,2026-08-17T18:48:05Z,
104.250.164.236,ipv4,malicious-ip,medium,WHITE,ziyadnz/hourly-ipv4,ziyadnz|hourly,2026-08-17T18:48:05Z,2026-08-17T18:48:05Z,
104.250.164.238,ipv4,malicious-ip,medium,WHITE,ziyadnz/hourly-ipv4,ziyadnz|hourly,2026-08-17T18:48:05Z,2026-08-17T18:48:05Z,
104.250.164.239,ipv4,malicious-ip,medium,WHITE,ziyadnz/hourly-ipv4,ziyadnz|hourly,2026-08-17T18:48:05Z,2026-08-17T18:48:05Z,
104.250.164.240,ipv4,malicious-ip,medium,WHITE,ziyadnz/hourly-ipv4,ziyadnz|hourly,2026-08-17T18:48:05Z,2026-08-17T18:48:05Z,
104.250.164.241,ipv4,malicious-ip,medium,WHITE,ziyadnz/hourly-ipv4,ziyadnz|hourly,2026-08-17T18:48:05Z,2026-08-17T18:48:05Z,
104.250.164.242,ipv4,malicious-ip,medium,WHITE,ziyadnz/hourly-ipv4,ziyadnz|hourly,2026-08-17T18:48:05Z,2026-08-17T18:48:05Z,
104.250.164.244,ipv4,malicious-ip,medium,WHITE,ziyadnz/hourly-ipv4,ziyadnz|hourly,2026-08-17T18:48:05Z,2026-08-17T18:48:05Z,
104.250.164.245,ipv4,malicious-ip,medium,WHITE,ziyadnz/hourly-ipv4,ziyadnz|hourly,2026-08-17T18:48:05Z,2026-08-17T18:48:05Z,
104.250.164.246,ipv4,malicious-ip,medium,WHITE,ziyadnz/hourly-ipv4,ziyadnz|hourly,2026-08-17T18:48:05Z,2026-08-17T18:48:05Z,
104.250.164.247,ipv4,malicious-ip,medium,WHITE,ziyadnz/hourly-ipv4,ziyadnz|hourly,2026-08-17T18:48:05Z,2026-08-17T18:48:05Z,
104.250.164.248,ipv4,malicious-ip,medium,WHITE,ziyadnz/hourly-ipv4,ziyadnz|hourly,2026-08-17T18:48:05Z,2026-08-17T18:48:05Z,
104.250.164.250,ipv4,malicious-ip,medium,WHITE,ziyadnz/hourly-ipv4,ziyadnz|hourly,2026-08-17T18:48:05Z,2026-08-17T18:48:05Z,
104.250.164.251,ipv4,malicious-ip,medium,WHITE,ziyadnz/hourly-ipv4,ziyadnz|hourly,2026-08-17T18:48:05Z,2026-08-17T18:48:05Z,
104.250.164.252,ipv4,malicious-ip,medium,WHITE,ziyadnz/hourly-ipv4,ziyadnz|hourly,2026-08-17T18:48:05Z,2026-08-17T18:48:05Z,
104.250.164.253,ipv4,malicious-ip,medium,WHITE,ziyadnz/hourly-ipv4,ziyadnz|hourly,2026-08-17T18:48:05Z,2026-08-17T18:48:05Z,
104.250.164.254,ipv4,malicious-ip,medium,WHITE,ziyadnz/hourly-ipv4,ziyadnz|hourly,2026-08-17T18:48:05Z,2026-08-17T18:48:05Z,
104.250.48.192,ipv4,malicious-ip,medium,WHITE,ziyadnz/hourly-ipv4,ziyadnz|hourly,2026-08-17T18:48:05Z,2026-08-17T18:48:05Z,
104.250.52.93,ipv4,malicious-ip,medium,WHITE,ziyadnz/hourly-ipv4,ziyadnz|hourly,2026-08-17T18:48:05Z,2026-08-17T18:48:05Z,
104.250.52.97,ipv4,malicious-ip,medium,WHITE,ziyadnz/hourly-ipv4,ziyadnz|hourly,2026-08-17T18:48:05Z,2026-08-17T18:48:05Z,
104.250.53.17,ipv4,malicious-ip,medium,WHITE,ziyadnz/hourly-ipv4,ziyadnz|hourly,2026-08-17T18:48:05Z,2026-08-17T18:48:05Z,
104.250.58.192,ipv4,malicious-ip,medium,WHITE,ziyadnz/hourly-ipv4,ziyadnz|hourly,2026-08-17T18:48:05Z,2026-08-17T18:48:05Z,
104.251.180.9,ipv4,malicious-ip,medium,WHITE,ziyadnz/hourly-ipv4,ziyadnz|hourly,2026-08-17T18:48:05Z,2026-08-17T18:48:05Z,
104.251.181.55,ipv4,malicious-ip,medium,WHITE,ziyadnz/hourly-ipv4,ziyadnz|hourly,2026-08-17T18:48:05Z,2026-08-17T18:48:05Z,
104.251.181.63,ipv4,malicious-ip,medium,WHITE,ziyadnz/hourly-ipv4,ziyadnz|hourly,2026-08-17T18:48:05Z,2026-08-17T18:48:05Z,
104.252.111.241,ipv4,malicious-ip,medium,WHITE,ziyadnz/hourly-ipv4,ziyadnz|hourly,2026-08-17T18:48:05Z,2026-08-17T18:48:05Z,
104.252.175.172,ipv4,malicious-ip,medium,WHITE,ziyadnz/hourly-ipv4,ziyadnz|hourly,2026-08-17T18:48:05Z,2026-08-17T18:48:05Z,
104.252.175.235,ipv4,malicious-ip,medium,WHITE,ziyadnz/hourly-ipv4,ziyadnz|hourly,2026-08-17T18:48:05Z,2026-08-17T18:48:05Z,
104.252.209.0,ipv4,malicious-ip,medium,WHITE,ziyadnz/hourly-ipv4,ziyadnz|hourly,2026-08-17T18:48:05Z,2026-08-17T18:48:05Z,
104.252.209.101,ipv4,malicious-ip,medium,WHITE,ziyadnz/hourly-ipv4,ziyadnz|hourly,2026-08-17T18:48:05Z,2026-08-17T18:48:05Z,
104.252.209.113,ipv4,malicious-ip,medium,WHITE,ziyadnz/hourly-ipv4,ziyadnz|hourly,2026-08-17T18:48:05Z,2026-08-17T18:48:05Z,
104.252.209.120,ipv4,malicious-ip,medium,WHITE,ziyadnz/hourly-ipv4,ziyadnz|hourly,2026-08-17T18:48:05Z,2026-08-17T18:48:05Z,
104.252.209.15,ipv4,malicious-ip,medium,WHITE,ziyadnz/hourly-ipv4,ziyadnz|hourly,2026-08-17T18:48:05Z,2026-08-17T18:48:05Z,
104.252.209.156,ipv4,malicious-ip,medium,WHITE,ziyadnz/hourly-ipv4,ziyadnz|hourly,2026-08-17T18:48:05Z,2026-08-17T18:48:05Z,
104.252.209.182,ipv4,malicious-ip,medium,WHITE,ziyadnz/hourly-ipv4,ziyadnz|hourly,2026-08-17T18:48:05Z,2026-08-17T18:48:05Z,
104.252.209.210,ipv4,malicious-ip,medium,WHITE,ziyadnz/hourly-ipv4,ziyadnz|hourly,2026-08-17T18:48:05Z,2026-08-17T18:48:05Z,
104.252.209.215,ipv4,malicious-ip,medium,WHITE,ziyadnz/hourly-ipv4,ziyadnz|hourly,2026-08-17T18:48:05Z,2026-08-17T18:48:05Z,
104.252.209.235,ipv4,malicious-ip,medium,WHITE,ziyadnz/hourly-ipv4,ziyadnz|hourly,2026-08-17T18:48:05Z,2026-08-17T18:48:05Z,
104.252.209.249,ipv4,malicious-ip,medium,WHITE,ziyadnz/hourly-ipv4,ziyadnz|hourly,2026-08-17T18:48:05Z,2026-08-17T18:48:05Z,
104.252.209.30,ipv4,malicious-ip,medium,WHITE,ziyadnz/hourly-ipv4,ziyadnz|hourly,2026-08-17T18:48:05Z,2026-08-17T18:48:05Z,
104.252.209.37,ipv4,malicious-ip,medium,WHITE,ziyadnz/hourly-ipv4,ziyadnz|hourly,2026-08-17T18:48:05Z,2026-08-17T18:48:05Z,
104.252.209.48,ipv4,malicious-ip,medium,WHITE,ziyadnz/hourly-ipv4,ziyadnz|hourly,2026-08-17T18:48:05Z,2026-08-17T18:48:05Z,
104.252.209.53,ipv4,malicious-ip,medium,WHITE,ziyadnz/hourly-ipv4,ziyadnz|hourly,2026-08-17T18:48:05Z,2026-08-17T18:48:05Z,
104.252.209.63,ipv4,malicious-ip,medium,WHITE,ziyadnz/hourly-ipv4,ziyadnz|hourly,2026-08-17T18:48:05Z,2026-08-17T18:48:05Z,
104.252.209.66,ipv4,malicious-ip,medium,WHITE,ziyadnz/hourly-ipv4,ziyadnz|hourly,2026-08-17T18:48:05Z,2026-08-17T18:48:05Z,
104.252.209.70,ipv4,malicious-ip,medium,WHITE,ziyadnz/hourly-ipv4,ziyadnz|hourly,2026-08-17T18:48:05Z,2026-08-17T18:48:05Z,
104.252.209.76,ipv4,malicious-ip,medium,WHITE,ziyadnz/hourly-ipv4,ziyadnz|hourly,2026-08-17T18:48:05Z,2026-08-17T18:48:05Z,
104.252.209.8,ipv4,malicious-ip,medium,WHITE,ziyadnz/hourly-ipv4,ziyadnz|hourly,2026-08-17T18:48:05Z,2026-08-17T18:48:05Z,
104.252.209.86,ipv4,malicious-ip,medium,WHITE,ziyadnz/hourly-ipv4,ziyadnz|hourly,2026-08-17T18:48:05Z,2026-08-17T18:48:05Z,
104.252.38.0,ipv4,malicious-ip,medium,WHITE,ziyadnz/hourly-ipv4,ziyadnz|hourly,2026-08-17T18:48:05Z,2026-08-17T18:48:05Z,
104.252.38.100,ipv4,malicious-ip,medium,WHITE,ziyadnz/hourly-ipv4,ziyadnz|hourly,2026-08-17T18:48:05Z,2026-08-17T18:48:05Z,
104.252.38.103,ipv4,malicious-ip,medium,WHITE,ziyadnz/hourly-ipv4,ziyadnz|hourly,2026-08-17T18:48:05Z,2026-08-17T18:48:05Z,
104.252.38.112,ipv4,malicious-ip,medium,WHITE,ziyadnz/hourly-ipv4,ziyadnz|hourly,2026-08-17T18:48:05Z,2026-08-17T18:48:05Z,
104.252.38.118,ipv4,malicious-ip,medium,WHITE,ziyadnz/hourly-ipv4,ziyadnz|hourly,2026-08-17T18:48:05Z,2026-08-17T18:48:05Z,
104.252.38.13,ipv4,malicious-ip,medium,WHITE,ziyadnz/hourly-ipv4,ziyadnz|hourly,2026-08-17T18:48:05Z,2026-08-17T18:48:05Z,
104.252.38.142,ipv4,malicious-ip,medium,WHITE,ziyadnz/hourly-ipv4,ziyadnz|hourly,2026-08-17T18:48:05Z,2026-08-17T18:48:05Z,
104.252.38.162,ipv4,malicious-ip,medium,WHITE,ziyadnz/hourly-ipv4,ziyadnz|hourly,2026-08-17T18:48:05Z,2026-08-17T18:48:05Z,
104.252.38.171,ipv4,malicious-ip,medium,WHITE,ziyadnz/hourly-ipv4,ziyadnz|hourly,2026-08-17T18:48:05Z,2026-08-17T18:48:05Z,
104.252.38.181,ipv4,malicious-ip,medium,WHITE,ziyadnz/hourly-ipv4,ziyadnz|hourly,2026-08-17T18:48:05Z,2026-08-17T18:48:05Z,
104.252.38.21,ipv4,malicious-ip,medium,WHITE,ziyadnz/hourly-ipv4,ziyadnz|hourly,2026-08-17T18:48:05Z,2026-08-17T18:48:05Z,
104.252.38.211,ipv4,malicious-ip,medium,WHITE,ziyadnz/hourly-ipv4,ziyadnz|hourly,2026-08-17T18:48:05Z,2026-08-17T18:48:05Z,
104.252.38.224,ipv4,malicious-ip,medium,WHITE,ziyadnz/hourly-ipv4,ziyadnz|hourly,2026-08-17T18:48:05Z,2026-08-17T18:48:05Z,
104.252.38.226,ipv4,malicious-ip,medium,WHITE,ziyadnz/hourly-ipv4,ziyadnz|hourly,2026-08-17T18:48:05Z,2026-08-17T18:48:05Z,
104.252.38.231,ipv4,malicious-ip,medium,WHITE,ziyadnz/hourly-ipv4,ziyadnz|hourly,2026-08-17T18:48:05Z,2026-08-17T18:48:05Z,
104.252.38.29,ipv4,malicious-ip,medium,WHITE,ziyadnz/hourly-ipv4,ziyadnz|hourly,2026-08-17T18:48:05Z,2026-08-17T18:48:05Z,
104.252.38.36,ipv4,malicious-ip,medium,WHITE,ziyadnz/hourly-ipv4,ziyadnz|hourly,2026-08-17T18:48:05Z,2026-08-17T18:48:05Z,
104.252.38.48,ipv4,malicious-ip,medium,WHITE,ziyadnz/hourly-ipv4,ziyadnz|hourly,2026-08-17T18:48:05Z,2026-08-17T18:48:05Z,
104.252.38.52,ipv4,malicious-ip,medium,WHITE,ziyadnz/hourly-ipv4,ziyadnz|hourly,2026-08-17T18:48:05Z,2026-08-17T18:48:05Z,
104.252.38.53,ipv4,malicious-ip,medium,WHITE,ziyadnz/hourly-ipv4,ziyadnz|hourly,2026-08-17T18:48:05Z,2026-08-17T18:48:05Z,
104.252.38.60,ipv4,malicious-ip,medium,WHITE,ziyadnz/hourly-ipv4,ziyadnz|hourly,2026-08-17T18:48:05Z,2026-08-17T18:48:05Z,
104.252.38.66,ipv4,malicious-ip,medium,WHITE,ziyadnz/hourly-ipv4,ziyadnz|hourly,2026-08-17T18:48:05Z,2026-08-17T18:48:05Z,
104.252.38.69,ipv4,malicious-ip,medium,WHITE,ziyadnz/hourly-ipv4,ziyadnz|hourly,2026-08-17T18:48:05Z,2026-08-17T18:48:05Z,
104.252.38.79,ipv4,malicious-ip,medium,WHITE,ziyadnz/hourly-ipv4,ziyadnz|hourly,2026-08-17T18:48:05Z,2026-08-17T18:48:05Z,
104.252.38.82,ipv4,malicious-ip,medium,WHITE,ziyadnz/hourly-ipv4,ziyadnz|hourly,2026-08-17T18:48:05Z,2026-08-17T18:48:05Z,
104.252.38.95,ipv4,malicious-ip,medium,WHITE,ziyadnz/hourly-ipv4,ziyadnz|hourly,2026-08-17T18:48:05Z,2026-08-17T18:48:05Z,
104.252.7.0,ipv4,malicious-ip,medium,WHITE,ziyadnz/hourly-ipv4,ziyadnz|hourly,2026-08-17T18:48:05Z,2026-08-17T18:48:05Z,
104.252.7.10,ipv4,malicious-ip,medium,WHITE,ziyadnz/hourly-ipv4,ziyadnz|hourly,2026-08-17T18:48:05Z,2026-08-17T18:48:05Z,
104.252.7.123,ipv4,malicious-ip,medium,WHITE,ziyadnz/hourly-ipv4,ziyadnz|hourly,2026-08-17T18:48:05Z,2026-08-17T18:48:05Z,
104.252.7.144,ipv4,malicious-ip,medium,WHITE,ziyadnz/hourly-ipv4,ziyadnz|hourly,2026-08-17T18:48:05Z,2026-08-17T18:48:05Z,
104.252.7.147,ipv4,malicious-ip,medium,WHITE,ziyadnz/hourly-ipv4,ziyadnz|hourly,2026-08-17T18:48:05Z,2026-08-17T18:48:05Z,
104.252.7.16,ipv4,malicious-ip,medium,WHITE,ziyadnz/hourly-ipv4,ziyadnz|hourly,2026-08-17T18:48:05Z,2026-08-17T18:48:05Z,
104.252.7.185,ipv4,malicious-ip,medium,WHITE,ziyadnz/hourly-ipv4,ziyadnz|hourly,2026-08-17T18:48:05Z,2026-08-17T18:48:05Z,
104.252.7.200,ipv4,malicious-ip,medium,WHITE,ziyadnz/hourly-ipv4,ziyadnz|hourly,2026-08-17T18:48:05Z,2026-08-17T18:48:05Z,
104.252.7.205,ipv4,malicious-ip,medium,WHITE,ziyadnz/hourly-ipv4,ziyadnz|hourly,2026-08-17T18:48:05Z,2026-08-17T18:48:05Z,
104.252.7.208,ipv4,malicious-ip,medium,WHITE,ziyadnz/hourly-ipv4,ziyadnz|hourly,2026-08-17T18:48:05Z,2026-08-17T18:48:05Z,
104.252.7.21,ipv4,malicious-ip,medium,WHITE,ziyadnz/hourly-ipv4,ziyadnz|hourly,2026-08-17T18:48:05Z,2026-08-17T18:48:05Z,
104.252.7.218,ipv4,malicious-ip,medium,WHITE,ziyadnz/hourly-ipv4,ziyadnz|hourly,2026-08-17T18:48:05Z,2026-08-17T18:48:05Z,
104.252.7.231,ipv4,malicious-ip,medium,WHITE,ziyadnz/hourly-ipv4,ziyadnz|hourly,2026-08-17T18:48:05Z,2026-08-17T18:48:05Z,
104.252.7.246,ipv4,malicious-ip,medium,WHITE,ziyadnz/hourly-ipv4,ziyadnz|hourly,2026-08-17T18:48:05Z,2026-08-17T18:48:05Z,
104.252.7.31,ipv4,malicious-ip,medium,WHITE,ziyadnz/hourly-ipv4,ziyadnz|hourly,2026-08-17T18:48:05Z,2026-08-17T18:48:05Z,
104.252.7.40,ipv4,malicious-ip,medium,WHITE,ziyadnz/hourly-ipv4,ziyadnz|hourly,2026-08-17T18:48:05Z,2026-08-17T18:48:05Z,
104.252.7.67,ipv4,malicious-ip,medium,WHITE,ziyadnz/hourly-ipv4,ziyadnz|hourly,2026-08-17T18:48:05Z,2026-08-17T18:48:05Z,
104.252.7.76,ipv4,malicious-ip,medium,WHITE,ziyadnz/hourly-ipv4,ziyadnz|hourly,2026-08-17T18:48:05Z,2026-08-17T18:48:05Z,
104.252.7.89,ipv4,malicious-ip,medium,WHITE,ziyadnz/hourly-ipv4,ziyadnz|hourly,2026-08-17T18:48:05Z,2026-08-17T18:48:05Z,
104.252.7.91,ipv4,malicious-ip,medium,WHITE,ziyadnz/hourly-ipv4,ziyadnz|hourly,2026-08-17T18:48:05Z,2026-08-17T18:48:05Z,
104.252.94.0,ipv4,malicious-ip,medium,WHITE,ziyadnz/hourly-ipv4,ziyadnz|hourly,2026-08-17T18:48:05Z,2026-08-17T18:48:05Z,
104.252.94.113,ipv4,malicious-ip,medium,WHITE,ziyadnz/hourly-ipv4,ziyadnz|hourly,2026-08-17T18:48:05Z,2026-08-17T18:48:05Z,
104.252.94.114,ipv4,malicious-ip,medium,WHITE,ziyadnz/hourly-ipv4,ziyadnz|hourly,2026-08-17T18:48:05Z,2026-08-17T18:48:05Z,
104.252.94.118,ipv4,malicious-ip,medium,WHITE,ziyadnz/hourly-ipv4,ziyadnz|hourly,2026-08-17T18:48:05Z,2026-08-17T18:48:05Z,
104.252.94.122,ipv4,malicious-ip,medium,WHITE,ziyadnz/hourly-ipv4,ziyadnz|hourly,2026-08-17T18:48:05Z,2026-08-17T18:48:05Z,
104.252.94.159,ipv4,malicious-ip,medium,WHITE,ziyadnz/hourly-ipv4,ziyadnz|hourly,2026-08-17T18:48:05Z,2026-08-17T18:48:05Z,
104.252.94.171,ipv4,malicious-ip,medium,WHITE,ziyadnz/hourly-ipv4,ziyadnz|hourly,2026-08-17T18:48:05Z,2026-08-17T18:48:05Z,
104.252.94.183,ipv4,malicious-ip,medium,WHITE,ziyadnz/hourly-ipv4,ziyadnz|hourly,2026-08-17T18:48:05Z,2026-08-17T18:48:05Z,
104.252.94.187,ipv4,malicious-ip,medium,WHITE,ziyadnz/hourly-ipv4,ziyadnz|hourly,2026-08-17T18:48:05Z,2026-08-17T18:48:05Z,
104.252.94.198,ipv4,malicious-ip,medium,WHITE,ziyadnz/hourly-ipv4,ziyadnz|hourly,2026-08-17T18:48:05Z,2026-08-17T18:48:05Z,
104.252.94.202,ipv4,malicious-ip,medium,WHITE,ziyadnz/hourly-ipv4,ziyadnz|hourly,2026-08-17T18:48:05Z,2026-08-17T18:48:05Z,
104.252.94.240,ipv4,malicious-ip,medium,WHITE,ziyadnz/hourly-ipv4,ziyadnz|hourly,2026-08-17T18:48:05Z,2026-08-17T18:48:05Z,
104.252.94.244,ipv4,malicious-ip,medium,WHITE,ziyadnz/hourly-ipv4,ziyadnz|hourly,2026-08-17T18:48:05Z,2026-08-17T18:48:05Z,
104.252.94.248,ipv4,malicious-ip,medium,WHITE,ziyadnz/hourly-ipv4,ziyadnz|hourly,2026-08-17T18:48:05Z,2026-08-17T18:48:05Z,
104.252.94.42,ipv4,malicious-ip,medium,WHITE,ziyadnz/hourly-ipv4,ziyadnz|hourly,2026-08-17T18:48:05Z,2026-08-17T18:48:05Z,
104.252.94.43,ipv4,malicious-ip,medium,WHITE,ziyadnz/hourly-ipv4,ziyadnz|hourly,2026-08-17T18:48:05Z,2026-08-17T18:48:05Z,
104.252.94.60,ipv4,malicious-ip,medium,WHITE,ziyadnz/hourly-ipv4,ziyadnz|hourly,2026-08-17T18:48:05Z,2026-08-17T18:48:05Z,
104.252.94.69,ipv4,malicious-ip,medium,WHITE,ziyadnz/hourly-ipv4,ziyadnz|hourly,2026-08-17T18:48:05Z,2026-08-17T18:48:05Z,
104.252.94.71,ipv4,malicious-ip,medium,WHITE,ziyadnz/hourly-ipv4,ziyadnz|hourly,2026-08-17T18:48:05Z,2026-08-17T18:48:05Z,
104.252.94.87,ipv4,malicious-ip,medium,WHITE,ziyadnz/hourly-ipv4,ziyadnz|hourly,2026-08-17T18:48:05Z,2026-08-17T18:48:05Z,
104.252.94.95,ipv4,malicious-ip,medium,WHITE,ziyadnz/hourly-ipv4,ziyadnz|hourly,2026-08-17T18:48:05Z,2026-08-17T18:48:05Z,
104.253.129.0,ipv4,malicious-ip,medium,WHITE,ziyadnz/hourly-ipv4,ziyadnz|hourly,2026-08-17T18:48:05Z,2026-08-17T18:48:05Z,
104.253.129.1,ipv4,malicious-ip,medium,WHITE,ziyadnz/hourly-ipv4,ziyadnz|hourly,2026-08-17T18:48:05Z,2026-08-17T18:48:05Z,
104.253.129.101,ipv4,malicious-ip,medium,WHITE,ziyadnz/hourly-ipv4,ziyadnz|hourly,2026-08-17T18:48:05Z,2026-08-17T18:48:05Z,
104.253.129.103,ipv4,malicious-ip,medium,WHITE,ziyadnz/hourly-ipv4,ziyadnz|hourly,2026-08-17T18:48:05Z,2026-08-17T18:48:05Z,
104.253.129.121,ipv4,malicious-ip,medium,WHITE,ziyadnz/hourly-ipv4,ziyadnz|hourly,2026-08-17T18:48:05Z,2026-08-17T18:48:05Z,
104.253.129.136,ipv4,malicious-ip,medium,WHITE,ziyadnz/hourly-ipv4,ziyadnz|hourly,2026-08-17T18:48:05Z,2026-08-17T18:48:05Z,
104.253.129.141,ipv4,malicious-ip,medium,WHITE,ziyadnz/hourly-ipv4,ziyadnz|hourly,2026-08-17T18:48:05Z,2026-08-17T18:48:05Z,
104.253.129.154,ipv4,malicious-ip,medium,WHITE,ziyadnz/hourly-ipv4,ziyadnz|hourly,2026-08-17T18:48:05Z,2026-08-17T18:48:05Z,
104.253.129.168,ipv4,malicious-ip,medium,WHITE,ziyadnz/hourly-ipv4,ziyadnz|hourly,2026-08-17T18:48:05Z,2026-08-17T18:48:05Z,
104.253.129.174,ipv4,malicious-ip,medium,WHITE,ziyadnz/hourly-ipv4,ziyadnz|hourly,2026-08-17T18:48:05Z,2026-08-17T18:48:05Z,
104.253.129.18,ipv4,malicious-ip,medium,WHITE,ziyadnz/hourly-ipv4,ziyadnz|hourly,2026-08-17T18:48:05Z,2026-08-17T18:48:05Z,
104.253.129.183,ipv4,malicious-ip,medium,WHITE,ziyadnz/hourly-ipv4,ziyadnz|hourly,2026-08-17T18:48:05Z,2026-08-17T18:48:05Z,
104.253.129.211,ipv4,malicious-ip,medium,WHITE,ziyadnz/hourly-ipv4,ziyadnz|hourly,2026-08-17T18:48:05Z,2026-08-17T18:48:05Z,
104.253.129.220,ipv4,malicious-ip,medium,WHITE,ziyadnz/hourly-ipv4,ziyadnz|hourly,2026-08-17T18:48:05Z,2026-08-17T18:48:05Z,
104.253.129.225,ipv4,malicious-ip,medium,WHITE,ziyadnz/hourly-ipv4,ziyadnz|hourly,2026-08-17T18:48:05Z,2026-08-17T18:48:05Z,
104.253.129.227,ipv4,malicious-ip,medium,WHITE,ziyadnz/hourly-ipv4,ziyadnz|hourly,2026-08-17T18:48:05Z,2026-08-17T18:48:05Z,
104.253.129.229,ipv4,malicious-ip,medium,WHITE,ziyadnz/hourly-ipv4,ziyadnz|hourly,2026-08-17T18:48:05Z,2026-08-17T18:48:05Z,
104.253.129.233,ipv4,malicious-ip,medium,WHITE,ziyadnz/hourly-ipv4,ziyadnz|hourly,2026-08-17T18:48:05Z,2026-08-17T18:48:05Z,
104.253.129.28,ipv4,malicious-ip,medium,WHITE,ziyadnz/hourly-ipv4,ziyadnz|hourly,2026-08-17T18:48:05Z,2026-08-17T18:48:05Z,
104.253.129.52,ipv4,malicious-ip,medium,WHITE,ziyadnz/hourly-ipv4,ziyadnz|hourly,2026-08-17T18:48:05Z,2026-08-17T18:48:05Z,
104.253.129.64,ipv4,malicious-ip,medium,WHITE,ziyadnz/hourly-ipv4,ziyadnz|hourly,2026-08-17T18:48:05Z,2026-08-17T18:48:05Z,
104.253.129.72,ipv4,malicious-ip,medium,WHITE,ziyadnz/hourly-ipv4,ziyadnz|hourly,2026-08-17T18:48:05Z,2026-08-17T18:48:05Z,
104.253.129.74,ipv4,malicious-ip,medium,WHITE,ziyadnz/hourly-ipv4,ziyadnz|hourly,2026-08-17T18:48:05Z,2026-08-17T18:48:05Z,
104.253.129.84,ipv4,malicious-ip,medium,WHITE,ziyadnz/hourly-ipv4,ziyadnz|hourly,2026-08-17T18:48:05Z,2026-08-17T18:48:05Z,
104.253.129.93,ipv4,malicious-ip,medium,WHITE,ziyadnz/hourly-ipv4,ziyadnz|hourly,2026-08-17T18:48:05Z,2026-08-17T18:48:05Z,
104.253.129.94,ipv4,malicious-ip,medium,WHITE,ziyadnz/hourly-ipv4,ziyadnz|hourly,2026-08-17T18:48:05Z,2026-08-17T18:48:05Z,
104.253.130.0,ipv4,malicious-ip,medium,WHITE,ziyadnz/hourly-ipv4,ziyadnz|hourly,2026-08-17T18:48:05Z,2026-08-17T18:48:05Z,
104.253.130.104,ipv4,malicious-ip,medium,WHITE,ziyadnz/hourly-ipv4,ziyadnz|hourly,2026-08-17T18:48:05Z,2026-08-17T18:48:05Z,
104.253.130.111,ipv4,malicious-ip,medium,WHITE,ziyadnz/hourly-ipv4,ziyadnz|hourly,2026-08-17T18:48:05Z,2026-08-17T18:48:05Z,
104.253.130.117,ipv4,malicious-ip,medium,WHITE,ziyadnz/hourly-ipv4,ziyadnz|hourly,2026-08-17T18:48:05Z,2026-08-17T18:48:05Z,
104.253.130.123,ipv4,malicious-ip,medium,WHITE,ziyadnz/hourly-ipv4,ziyadnz|hourly,2026-08-17T18:48:05Z,2026-08-17T18:48:05Z,
104.253.130.125,ipv4,malicious-ip,medium,WHITE,ziyadnz/hourly-ipv4,ziyadnz|hourly,2026-08-17T18:48:05Z,2026-08-17T18:48:05Z,
104.253.130.129,ipv4,malicious-ip,medium,WHITE,ziyadnz/hourly-ipv4,ziyadnz|hourly,2026-08-17T18:48:05Z,2026-08-17T18:48:05Z,
104.253.130.132,ipv4,malicious-ip,medium,WHITE,ziyadnz/hourly-ipv4,ziyadnz|hourly,2026-08-17T18:48:05Z,2026-08-17T18:48:05Z,
104.253.130.136,ipv4,malicious-ip,medium,WHITE,ziyadnz/hourly-ipv4,ziyadnz|hourly,2026-08-17T18:48:05Z,2026-08-17T18:48:05Z,
104.253.130.150,ipv4,malicious-ip,medium,WHITE,ziyadnz/hourly-ipv4,ziyadnz|hourly,2026-08-17T18:48:05Z,2026-08-17T18:48:05Z,
104.253.130.166,ipv4,malicious-ip,medium,WHITE,ziyadnz/hourly-ipv4,ziyadnz|hourly,2026-08-17T18:48:05Z,2026-08-17T18:48:05Z,
104.253.130.167,ipv4,malicious-ip,medium,WHITE,ziyadnz/hourly-ipv4,ziyadnz|hourly,2026-08-17T18:48:05Z,2026-08-17T18:48:05Z,
104.253.130.169,ipv4,malicious-ip,medium,WHITE,ziyadnz/hourly-ipv4,ziyadnz|hourly,2026-08-17T18:48:05Z,2026-08-17T18:48:05Z,
104.253.130.17,ipv4,malicious-ip,medium,WHITE,ziyadnz/hourly-ipv4,ziyadnz|hourly,2026-08-17T18:48:05Z,2026-08-17T18:48:05Z,
104.253.130.173,ipv4,malicious-ip,medium,WHITE,ziyadnz/hourly-ipv4,ziyadnz|hourly,2026-08-17T18:48:05Z,2026-08-17T18:48:05Z,
104.253.130.18,ipv4,malicious-ip,medium,WHITE,ziyadnz/hourly-ipv4,ziyadnz|hourly,2026-08-17T18:48:05Z,2026-08-17T18:48:05Z,
104.253.130.189,ipv4,malicious-ip,medium,WHITE,ziyadnz/hourly-ipv4,ziyadnz|hourly,2026-08-17T18:48:05Z,2026-08-17T18:48:05Z,
104.253.130.199,ipv4,malicious-ip,medium,WHITE,ziyadnz/hourly-ipv4,ziyadnz|hourly,2026-08-17T18:48:05Z,2026-08-17T18:48:05Z,
104.253.130.206,ipv4,malicious-ip,medium,WHITE,ziyadnz/hourly-ipv4,ziyadnz|hourly,2026-08-17T18:48:05Z,2026-08-17T18:48:05Z,
104.253.130.208,ipv4,malicious-ip,medium,WHITE,ziyadnz/hourly-ipv4,ziyadnz|hourly,2026-08-17T18:48:05Z,2026-08-17T18:48:05Z,
104.253.130.210,ipv4,malicious-ip,medium,WHITE,ziyadnz/hourly-ipv4,ziyadnz|hourly,2026-08-17T18:48:05Z,2026-08-17T18:48:05Z,
104.253.130.232,ipv4,malicious-ip,medium,WHITE,ziyadnz/hourly-ipv4,ziyadnz|hourly,2026-08-17T18:48:05Z,2026-08-17T18:48:05Z,
104.253.130.53,ipv4,malicious-ip,medium,WHITE,ziyadnz/hourly-ipv4,ziyadnz|hourly,2026-08-17T18:48:05Z,2026-08-17T18:48:05Z,
104.253.130.54,ipv4,malicious-ip,medium,WHITE,ziyadnz/hourly-ipv4,ziyadnz|hourly,2026-08-17T18:48:05Z,2026-08-17T18:48:05Z,
104.253.130.56,ipv4,malicious-ip,medium,WHITE,ziyadnz/hourly-ipv4,ziyadnz|hourly,2026-08-17T18:48:05Z,2026-08-17T18:48:05Z,
104.253.130.65,ipv4,malicious-ip,medium,WHITE,ziyadnz/hourly-ipv4,ziyadnz|hourly,2026-08-17T18:48:05Z,2026-08-17T18:48:05Z,
104.253.130.66,ipv4,malicious-ip,medium,WHITE,ziyadnz/hourly-ipv4,ziyadnz|hourly,2026-08-17T18:48:05Z,2026-08-17T18:48:05Z,
104.253.130.69,ipv4,malicious-ip,medium,WHITE,ziyadnz/hourly-ipv4,ziyadnz|hourly,2026-08-17T18:48:05Z,2026-08-17T18:48:05Z,
104.253.130.87,ipv4,malicious-ip,medium,WHITE,ziyadnz/hourly-ipv4,ziyadnz|hourly,2026-08-17T18:48:05Z,2026-08-17T18:48:05Z,
104.253.130.88,ipv4,malicious-ip,medium,WHITE,ziyadnz/hourly-ipv4,ziyadnz|hourly,2026-08-17T18:48:05Z,2026-08-17T18:48:05Z,
104.253.130.92,ipv4,malicious-ip,medium,WHITE,ziyadnz/hourly-ipv4,ziyadnz|hourly,2026-08-17T18:48:05Z,2026-08-17T18:48:05Z,
104.253.130.94,ipv4,malicious-ip,medium,WHITE,ziyadnz/hourly-ipv4,ziyadnz|hourly,2026-08-17T18:48:05Z,2026-08-17T18:48:05Z,
104.253.135.0,ipv4,malicious-ip,medium,WHITE,ziyadnz/hourly-ipv4,ziyadnz|hourly,2026-08-17T18:48:05Z,2026-08-17T18:48:05Z,
104.253.135.109,ipv4,malicious-ip,medium,WHITE,ziyadnz/hourly-ipv4,ziyadnz|hourly,2026-08-17T18:48:05Z,2026-08-17T18:48:05Z,
104.253.135.113,ipv4,malicious-ip,medium,WHITE,ziyadnz/hourly-ipv4,ziyadnz|hourly,2026-08-17T18:48:05Z,2026-08-17T18:48:05Z,
104.253.135.121,ipv4,malicious-ip,medium,WHITE,ziyadnz/hourly-ipv4,ziyadnz|hourly,2026-08-17T18:48:05Z,2026-08-17T18:48:05Z,
104.253.135.126,ipv4,malicious-ip,medium,WHITE,ziyadnz/hourly-ipv4,ziyadnz|hourly,2026-08-17T18:48:05Z,2026-08-17T18:48:05Z,
104.253.135.131,ipv4,malicious-ip,medium,WHITE,ziyadnz/hourly-ipv4,ziyadnz|hourly,2026-08-17T18:48:05Z,2026-08-17T18:48:05Z,
104.253.135.140,ipv4,malicious-ip,medium,WHITE,ziyadnz/hourly-ipv4,ziyadnz|hourly,2026-08-17T18:48:05Z,2026-08-17T18:48:05Z,
104.253.135.142,ipv4,malicious-ip,medium,WHITE,ziyadnz/hourly-ipv4,ziyadnz|hourly,2026-08-17T18:48:05Z,2026-08-17T18:48:05Z,
104.253.135.144,ipv4,malicious-ip,medium,WHITE,ziyadnz/hourly-ipv4,ziyadnz|hourly,2026-08-17T18:48:05Z,2026-08-17T18:48:05Z,
104.253.135.153,ipv4,malicious-ip,medium,WHITE,ziyadnz/hourly-ipv4,ziyadnz|hourly,2026-08-17T18:48:05Z,2026-08-17T18:48:05Z,
104.253.135.177,ipv4,malicious-ip,medium,WHITE,ziyadnz/hourly-ipv4,ziyadnz|hourly,2026-08-17T18:48:05Z,2026-08-17T18:48:05Z,
104.253.135.181,ipv4,malicious-ip,medium,WHITE,ziyadnz/hourly-ipv4,ziyadnz|hourly,2026-08-17T18:48:05Z,2026-08-17T18:48:05Z,
104.253.135.187,ipv4,malicious-ip,medium,WHITE,ziyadnz/hourly-ipv4,ziyadnz|hourly,2026-08-17T18:48:05Z,2026-08-17T18:48:05Z,
104.253.135.206,ipv4,malicious-ip,medium,WHITE,ziyadnz/hourly-ipv4,ziyadnz|hourly,2026-08-17T18:48:05Z,2026-08-17T18:48:05Z,
104.253.135.208,ipv4,malicious-ip,medium,WHITE,ziyadnz/hourly-ipv4,ziyadnz|hourly,2026-08-17T18:48:05Z,2026-08-17T18:48:05Z,
104.253.135.225,ipv4,malicious-ip,medium,WHITE,ziyadnz/hourly-ipv4,ziyadnz|hourly,2026-08-17T18:48:05Z,2026-08-17T18:48:05Z,
104.253.135.242,ipv4,malicious-ip,medium,WHITE,ziyadnz/hourly-ipv4,ziyadnz|hourly,2026-08-17T18:48:05Z,2026-08-17T18:48:05Z,
104.253.135.248,ipv4,malicious-ip,medium,WHITE,ziyadnz/hourly-ipv4,ziyadnz|hourly,2026-08-17T18:48:05Z,2026-08-17T18:48:05Z,
104.253.135.91,ipv4,malicious-ip,medium,WHITE,ziyadnz/hourly-ipv4,ziyadnz|hourly,2026-08-17T18:48:05Z,2026-08-17T18:48:05Z,
104.253.135.98,ipv4,malicious-ip,medium,WHITE,ziyadnz/hourly-ipv4,ziyadnz|hourly,2026-08-17T18:48:05Z,2026-08-17T18:48:05Z,
104.253.160.0,ipv4,malicious-ip,medium,WHITE,ziyadnz/hourly-ipv4,ziyadnz|hourly,2026-08-17T18:48:05Z,2026-08-17T18:48:05Z,
104.253.160.100,ipv4,malicious-ip,medium,WHITE,ziyadnz/hourly-ipv4,ziyadnz|hourly,2026-08-17T18:48:05Z,2026-08-17T18:48:05Z,
104.253.160.120,ipv4,malicious-ip,medium,WHITE,ziyadnz/hourly-ipv4,ziyadnz|hourly,2026-08-17T18:48:05Z,2026-08-17T18:48:05Z,
104.253.160.134,ipv4,malicious-ip,medium,WHITE,ziyadnz/hourly-ipv4,ziyadnz|hourly,2026-08-17T18:48:05Z,2026-08-17T18:48:05Z,
104.253.160.145,ipv4,malicious-ip,medium,WHITE,ziyadnz/hourly-ipv4,ziyadnz|hourly,2026-08-17T18:48:05Z,2026-08-17T18:48:05Z,
104.253.160.149,ipv4,malicious-ip,medium,WHITE,ziyadnz/hourly-ipv4,ziyadnz|hourly,2026-08-17T18:48:05Z,2026-08-17T18:48:05Z,
104.253.160.150,ipv4,malicious-ip,medium,WHITE,ziyadnz/hourly-ipv4,ziyadnz|hourly,2026-08-17T18:48:05Z,2026-08-17T18:48:05Z,
104.253.160.166,ipv4,malicious-ip,medium,WHITE,ziyadnz/hourly-ipv4,ziyadnz|hourly,2026-08-17T18:48:05Z,2026-08-17T18:48:05Z,
104.253.160.167,ipv4,malicious-ip,medium,WHITE,ziyadnz/hourly-ipv4,ziyadnz|hourly,2026-08-17T18:48:05Z,2026-08-17T18:48:05Z,
104.253.160.174,ipv4,malicious-ip,medium,WHITE,ziyadnz/hourly-ipv4,ziyadnz|hourly,2026-08-17T18:48:05Z,2026-08-17T18:48:05Z,
104.253.160.186,ipv4,malicious-ip,medium,WHITE,ziyadnz/hourly-ipv4,ziyadnz|hourly,2026-08-17T18:48:05Z,2026-08-17T18:48:05Z,
104.253.160.196,ipv4,malicious-ip,medium,WHITE,ziyadnz/hourly-ipv4,ziyadnz|hourly,2026-08-17T18:48:05Z,2026-08-17T18:48:05Z,
104.253.160.203,ipv4,malicious-ip,medium,WHITE,ziyadnz/hourly-ipv4,ziyadnz|hourly,2026-08-17T18:48:05Z,2026-08-17T18:48:05Z,
104.253.160.237,ipv4,malicious-ip,medium,WHITE,ziyadnz/hourly-ipv4,ziyadnz|hourly,2026-08-17T18:48:05Z,2026-08-17T18:48:05Z,
104.253.160.241,ipv4,malicious-ip,medium,WHITE,ziyadnz/hourly-ipv4,ziyadnz|hourly,2026-08-17T18:48:05Z,2026-08-17T18:48:05Z,
104.253.160.41,ipv4,malicious-ip,medium,WHITE,ziyadnz/hourly-ipv4,ziyadnz|hourly,2026-08-17T18:48:05Z,2026-08-17T18:48:05Z,
104.253.160.53,ipv4,malicious-ip,medium,WHITE,ziyadnz/hourly-ipv4,ziyadnz|hourly,2026-08-17T18:48:05Z,2026-08-17T18:48:05Z,
104.253.160.86,ipv4,malicious-ip,medium,WHITE,ziyadnz/hourly-ipv4,ziyadnz|hourly,2026-08-17T18:48:05Z,2026-08-17T18:48:05Z,
104.253.160.94,ipv4,malicious-ip,medium,WHITE,ziyadnz/hourly-ipv4,ziyadnz|hourly,2026-08-17T18:48:05Z,2026-08-17T18:48:05Z,
104.253.25.218,ipv4,malicious-ip,medium,WHITE,ziyadnz/hourly-ipv4,ziyadnz|hourly,2026-08-17T18:48:05Z,2026-08-17T18:48:05Z,
104.28.152.173,ipv4,malicious-ip,medium,WHITE,ziyadnz/hourly-ipv4,ziyadnz|hourly,2026-08-17T18:48:05Z,2026-08-17T18:48:05Z,
104.28.152.176,ipv4,malicious-ip,medium,WHITE,ziyadnz/hourly-ipv4,ziyadnz|hourly,2026-08-17T18:48:05Z,2026-08-17T18:48:05Z,
104.28.153.126,ipv4,malicious-ip,medium,WHITE,ziyadnz/hourly-ipv4,ziyadnz|hourly,2026-08-17T18:48:05Z,2026-08-17T18:48:05Z,
104.28.154.126,ipv4,malicious-ip,medium,WHITE,ziyadnz/hourly-ipv4,ziyadnz|hourly,2026-08-17T18:48:05Z,2026-08-17T18:48:05Z,
104.28.154.195,ipv4,malicious-ip,medium,WHITE,ziyadnz/hourly-ipv4,ziyadnz|hourly,2026-08-17T18:48:05Z,2026-08-17T18:48:05Z,
104.28.154.201,ipv4,malicious-ip,medium,WHITE,ziyadnz/hourly-ipv4,ziyadnz|hourly,2026-08-17T18:48:05Z,2026-08-17T18:48:05Z,
104.28.156.60,ipv4,malicious-ip,medium,WHITE,ziyadnz/hourly-ipv4,ziyadnz|hourly,2026-08-17T18:48:05Z,2026-08-17T18:48:05Z,
104.28.156.61,ipv4,malicious-ip,medium,WHITE,ziyadnz/hourly-ipv4,ziyadnz|hourly,2026-08-17T18:48:05Z,2026-08-17T18:48:05Z,
104.28.156.90,ipv4,malicious-ip,medium,WHITE,ziyadnz/hourly-ipv4,ziyadnz|hourly,2026-08-17T18:48:05Z,2026-08-17T18:48:05Z,
104.28.156.92,ipv4,malicious-ip,medium,WHITE,ziyadnz/hourly-ipv4,ziyadnz|hourly,2026-08-17T18:48:05Z,2026-08-17T18:48:05Z,
104.28.157.22,ipv4,malicious-ip,medium,WHITE,ziyadnz/hourly-ipv4,ziyadnz|hourly,2026-08-17T18:48:05Z,2026-08-17T18:48:05Z,
104.28.158.44,ipv4,malicious-ip,medium,WHITE,ziyadnz/hourly-ipv4,ziyadnz|hourly,2026-08-17T18:48:05Z,2026-08-17T18:48:05Z,
104.28.158.77,ipv4,malicious-ip,medium,WHITE,ziyadnz/hourly-ipv4,ziyadnz|hourly,2026-08-17T18:48:05Z,2026-08-17T18:48:05Z,
104.28.160.144,ipv4,malicious-ip,medium,WHITE,ziyadnz/hourly-ipv4,ziyadnz|hourly,2026-08-17T18:48:05Z,2026-08-17T18:48:05Z,
104.28.161.119,ipv4,malicious-ip,medium,WHITE,ziyadnz/hourly-ipv4,ziyadnz|hourly,2026-08-17T18:48:05Z,2026-08-17T18:48:05Z,
104.28.161.38,ipv4,malicious-ip,medium,WHITE,ziyadnz/hourly-ipv4,ziyadnz|hourly,2026-08-17T18:48:05Z,2026-08-17T18:48:05Z,
104.28.161.39,ipv4,malicious-ip,medium,WHITE,ziyadnz/hourly-ipv4,ziyadnz|hourly,2026-08-17T18:48:05Z,2026-08-17T18:48:05Z,
104.28.162.107,ipv4,malicious-ip,medium,WHITE,ziyadnz/hourly-ipv4,ziyadnz|hourly,2026-08-17T18:48:05Z,2026-08-17T18:48:05Z,
104.28.162.135,ipv4,malicious-ip,medium,WHITE,ziyadnz/hourly-ipv4,ziyadnz|hourly,2026-08-17T18:48:05Z,2026-08-17T18:48:05Z,
104.28.162.138,ipv4,malicious-ip,medium,WHITE,ziyadnz/hourly-ipv4,ziyadnz|hourly,2026-08-17T18:48:05Z,2026-08-17T18:48:05Z,
104.28.162.246,ipv4,malicious-ip,medium,WHITE,ziyadnz/hourly-ipv4,ziyadnz|hourly,2026-08-17T18:48:05Z,2026-08-17T18:48:05Z,
104.28.163.234,ipv4,malicious-ip,medium,WHITE,ziyadnz/hourly-ipv4,ziyadnz|hourly,2026-08-17T18:48:05Z,2026-08-17T18:48:05Z,
104.28.163.6,ipv4,malicious-ip,medium,WHITE,ziyadnz/hourly-ipv4,ziyadnz|hourly,2026-08-17T18:48:05Z,2026-08-17T18:48:05Z,
104.28.165.122,ipv4,malicious-ip,medium,WHITE,ziyadnz/hourly-ipv4,ziyadnz|hourly,2026-08-17T18:48:05Z,2026-08-17T18:48:05Z,
104.28.165.179,ipv4,malicious-ip,medium,WHITE,ziyadnz/hourly-ipv4,ziyadnz|hourly,2026-08-17T18:48:05Z,2026-08-17T18:48:05Z,
104.28.165.221,ipv4,malicious-ip,medium,WHITE,ziyadnz/hourly-ipv4,ziyadnz|hourly,2026-08-17T18:48:05Z,2026-08-17T18:48:05Z,
104.28.166.112,ipv4,malicious-ip,medium,WHITE,ziyadnz/hourly-ipv4,ziyadnz|hourly,2026-08-17T18:48:05Z,2026-08-17T18:48:05Z,
104.28.195.187,ipv4,malicious-ip,medium,WHITE,ziyadnz/hourly-ipv4,ziyadnz|hourly,2026-08-17T18:48:05Z,2026-08-17T18:48:05Z,
104.28.195.211,ipv4,malicious-ip,medium,WHITE,ziyadnz/hourly-ipv4,ziyadnz|hourly,2026-08-17T18:48:05Z,2026-08-17T18:48:05Z,
104.28.196.104,ipv4,malicious-ip,medium,WHITE,ziyadnz/hourly-ipv4,ziyadnz|hourly,2026-08-17T18:48:05Z,2026-08-17T18:48:05Z,
104.28.196.110,ipv4,malicious-ip,medium,WHITE,ziyadnz/hourly-ipv4,ziyadnz|hourly,2026-08-17T18:48:05Z,2026-08-17T18:48:05Z,
104.28.196.55,ipv4,malicious-ip,medium,WHITE,ziyadnz/hourly-ipv4,ziyadnz|hourly,2026-08-17T18:48:05Z,2026-08-17T18:48:05Z,
104.28.196.57,ipv4,malicious-ip,medium,WHITE,ziyadnz/hourly-ipv4,ziyadnz|hourly,2026-08-17T18:48:05Z,2026-08-17T18:48:05Z,
104.28.197.13,ipv4,malicious-ip,medium,WHITE,ziyadnz/hourly-ipv4,ziyadnz|hourly,2026-08-17T18:48:05Z,2026-08-17T18:48:05Z,
104.28.197.15,ipv4,malicious-ip,medium,WHITE,ziyadnz/hourly-ipv4,ziyadnz|hourly,2026-08-17T18:48:05Z,2026-08-17T18:48:05Z,
104.28.198.96,ipv4,malicious-ip,medium,WHITE,ziyadnz/hourly-ipv4,ziyadnz|hourly,2026-08-17T18:48:05Z,2026-08-17T18:48:05Z,
104.28.200.92,ipv4,malicious-ip,medium,WHITE,ziyadnz/hourly-ipv4,ziyadnz|hourly,2026-08-17T18:48:05Z,2026-08-17T18:48:05Z,
104.28.201.73,ipv4,malicious-ip,medium,WHITE,ziyadnz/hourly-ipv4,ziyadnz|hourly,2026-08-17T18:48:05Z,2026-08-17T18:48:05Z,
104.28.205.84,ipv4,malicious-ip,medium,WHITE,ziyadnz/hourly-ipv4,ziyadnz|hourly,2026-08-17T18:48:05Z,2026-08-17T18:48:05Z,
104.28.208.187,ipv4,malicious-ip,medium,WHITE,ziyadnz/hourly-ipv4,ziyadnz|hourly,2026-08-17T18:48:05Z,2026-08-17T18:48:05Z,
104.28.208.189,ipv4,malicious-ip,medium,WHITE,ziyadnz/hourly-ipv4,ziyadnz|hourly,2026-08-17T18:48:05Z,2026-08-17T18:48:05Z,
104.28.208.56,ipv4,malicious-ip,medium,WHITE,ziyadnz/hourly-ipv4,ziyadnz|hourly,2026-08-17T18:48:05Z,2026-08-17T18:48:05Z,
104.28.211.186,ipv4,malicious-ip,medium,WHITE,ziyadnz/hourly-ipv4,ziyadnz|hourly,2026-08-17T18:48:05Z,2026-08-17T18:48:05Z,
104.28.211.188,ipv4,malicious-ip,medium,WHITE,ziyadnz/hourly-ipv4,ziyadnz|hourly,2026-08-17T18:48:05Z,2026-08-17T18:48:05Z,
104.28.211.190,ipv4,malicious-ip,medium,WHITE,ziyadnz/hourly-ipv4,ziyadnz|hourly,2026-08-17T18:48:05Z,2026-08-17T18:48:05Z,
104.28.213.40,ipv4,malicious-ip,medium,WHITE,ziyadnz/hourly-ipv4,ziyadnz|hourly,2026-08-17T18:48:05Z,2026-08-17T18:48:05Z,
104.28.214.113,ipv4,malicious-ip,medium,WHITE,ziyadnz/hourly-ipv4,ziyadnz|hourly,2026-08-17T18:48:05Z,2026-08-17T18:48:05Z,
104.28.214.118,ipv4,malicious-ip,medium,WHITE,ziyadnz/hourly-ipv4,ziyadnz|hourly,2026-08-17T18:48:05Z,2026-08-17T18:48:05Z,
104.28.214.125,ipv4,malicious-ip,medium,WHITE,ziyadnz/hourly-ipv4,ziyadnz|hourly,2026-08-17T18:48:05Z,2026-08-17T18:48:05Z,
104.28.215.219,ipv4,malicious-ip,medium,WHITE,ziyadnz/hourly-ipv4,ziyadnz|hourly,2026-08-17T18:48:05Z,2026-08-17T18:48:05Z,
104.28.215.220,ipv4,malicious-ip,medium,WHITE,ziyadnz/hourly-ipv4,ziyadnz|hourly,2026-08-17T18:48:05Z,2026-08-17T18:48:05Z,
104.28.215.225,ipv4,malicious-ip,medium,WHITE,ziyadnz/hourly-ipv4,ziyadnz|hourly,2026-08-17T18:48:05Z,2026-08-17T18:48:05Z,
104.28.217.139,ipv4,malicious-ip,medium,WHITE,ziyadnz/hourly-ipv4,ziyadnz|hourly,2026-08-17T18:48:05Z,2026-08-17T18:48:05Z,
104.28.222.16,ipv4,malicious-ip,medium,WHITE,ziyadnz/hourly-ipv4,ziyadnz|hourly,2026-08-17T18:48:05Z,2026-08-17T18:48:05Z,
104.28.227.186,ipv4,malicious-ip,medium,WHITE,ziyadnz/hourly-ipv4,ziyadnz|hourly,2026-08-17T18:48:05Z,2026-08-17T18:48:05Z,
104.28.228.104,ipv4,malicious-ip,medium,WHITE,ziyadnz/hourly-ipv4,ziyadnz|hourly,2026-08-17T18:48:05Z,2026-08-17T18:48:05Z,
104.28.228.107,ipv4,malicious-ip,medium,WHITE,ziyadnz/hourly-ipv4,ziyadnz|hourly,2026-08-17T18:48:05Z,2026-08-17T18:48:05Z,
104.28.228.110,ipv4,malicious-ip,medium,WHITE,ziyadnz/hourly-ipv4,ziyadnz|hourly,2026-08-17T18:48:05Z,2026-08-17T18:48:05Z,
104.28.228.55,ipv4,malicious-ip,medium,WHITE,ziyadnz/hourly-ipv4,ziyadnz|hourly,2026-08-17T18:48:05Z,2026-08-17T18:48:05Z,
104.28.229.13,ipv4,malicious-ip,medium,WHITE,ziyadnz/hourly-ipv4,ziyadnz|hourly,2026-08-17T18:48:05Z,2026-08-17T18:48:05Z,
104.28.230.95,ipv4,malicious-ip,medium,WHITE,ziyadnz/hourly-ipv4,ziyadnz|hourly,2026-08-17T18:48:05Z,2026-08-17T18:48:05Z,
104.28.236.107,ipv4,malicious-ip,medium,WHITE,ziyadnz/hourly-ipv4,ziyadnz|hourly,2026-08-17T18:48:05Z,2026-08-17T18:48:05Z,
104.28.237.80,ipv4,malicious-ip,medium,WHITE,ziyadnz/hourly-ipv4,ziyadnz|hourly,2026-08-17T18:48:05Z,2026-08-17T18:48:05Z,
104.28.240.187,ipv4,malicious-ip,medium,WHITE,ziyadnz/hourly-ipv4,ziyadnz|hourly,2026-08-17T18:48:05Z,2026-08-17T18:48:05Z,
104.28.243.188,ipv4,malicious-ip,medium,WHITE,ziyadnz/hourly-ipv4,ziyadnz|hourly,2026-08-17T18:48:05Z,2026-08-17T18:48:05Z,
104.28.245.40,ipv4,malicious-ip,medium,WHITE,ziyadnz/hourly-ipv4,ziyadnz|hourly,2026-08-17T18:48:05Z,2026-08-17T18:48:05Z,
104.28.246.112,ipv4,malicious-ip,medium,WHITE,ziyadnz/hourly-ipv4,ziyadnz|hourly,2026-08-17T18:48:05Z,2026-08-17T18:48:05Z,
104.28.246.113,ipv4,malicious-ip,medium,WHITE,ziyadnz/hourly-ipv4,ziyadnz|hourly,2026-08-17T18:48:05Z,2026-08-17T18:48:05Z,
104.28.247.219,ipv4,malicious-ip,medium,WHITE,ziyadnz/hourly-ipv4,ziyadnz|hourly,2026-08-17T18:48:05Z,2026-08-17T18:48:05Z,
104.28.247.220,ipv4,malicious-ip,medium,WHITE,ziyadnz/hourly-ipv4,ziyadnz|hourly,2026-08-17T18:48:05Z,2026-08-17T18:48:05Z,
104.28.249.137,ipv4,malicious-ip,medium,WHITE,ziyadnz/hourly-ipv4,ziyadnz|hourly,2026-08-17T18:48:05Z,2026-08-17T18:48:05Z,
104.28.249.140,ipv4,malicious-ip,medium,WHITE,ziyadnz/hourly-ipv4,ziyadnz|hourly,2026-08-17T18:48:05Z,2026-08-17T18:48:05Z,
104.28.252.247,ipv4,malicious-ip,medium,WHITE,ziyadnz/hourly-ipv4,ziyadnz|hourly,2026-08-17T18:48:05Z,2026-08-17T18:48:05Z,
104.28.40.39,ipv4,malicious-ip,medium,WHITE,ziyadnz/hourly-ipv4,ziyadnz|hourly,2026-08-17T18:48:05Z,2026-08-17T18:48:05Z,
104.28.42.52,ipv4,malicious-ip,medium,WHITE,ziyadnz/hourly-ipv4,ziyadnz|hourly,2026-08-17T18:48:05Z,2026-08-17T18:48:05Z,
104.28.86.29,ipv4,malicious-ip,medium,WHITE,ziyadnz/hourly-ipv4,ziyadnz|hourly,2026-08-17T18:48:05Z,2026-08-17T18:48:05Z,
104.3.8.204,ipv4,malicious-ip,medium,WHITE,ziyadnz/hourly-ipv4,ziyadnz|hourly,2026-08-17T18:48:05Z,2026-08-17T18:48:05Z,
104.30.167.164,ipv4,malicious-ip,medium,WHITE,ziyadnz/hourly-ipv4,ziyadnz|hourly,2026-08-17T18:48:05Z,2026-08-17T18:48:05Z,
104.30.167.174,ipv4,malicious-ip,medium,WHITE,ziyadnz/hourly-ipv4,ziyadnz|hourly,2026-08-17T18:48:05Z,2026-08-17T18:48:05Z,
104.32.172.247,ipv4,malicious-ip,medium,WHITE,ziyadnz/hourly-ipv4,ziyadnz|hourly,2026-08-17T18:48:05Z,2026-08-17T18:48:05Z,
104.33.198.134,ipv4,malicious-ip,medium,WHITE,ziyadnz/hourly-ipv4,ziyadnz|hourly,2026-08-17T18:48:05Z,2026-08-17T18:48:05Z,
104.33.27.7,ipv4,malicious-ip,medium,WHITE,ziyadnz/hourly-ipv4,ziyadnz|hourly,2026-08-17T18:48:05Z,2026-08-17T18:48:05Z,
104.34.212.7,ipv4,malicious-ip,medium,WHITE,ziyadnz/hourly-ipv4,ziyadnz|hourly,2026-08-17T18:48:05Z,2026-08-17T18:48:05Z,
104.34.72.181,ipv4,malicious-ip,medium,WHITE,ziyadnz/hourly-ipv4,ziyadnz|hourly,2026-08-17T18:48:05Z,2026-08-17T18:48:05Z,
104.35.4.255,ipv4,malicious-ip,medium,WHITE,ziyadnz/hourly-ipv4,ziyadnz|hourly,2026-08-17T18:48:05Z,2026-08-17T18:48:05Z,
104.36.180.119,ipv4,malicious-ip,medium,WHITE,ziyadnz/hourly-ipv4,ziyadnz|hourly,2026-08-17T18:48:05Z,2026-08-17T18:48:05Z,
104.36.229.168,ipv4,malicious-ip,medium,WHITE,ziyadnz/hourly-ipv4,ziyadnz|hourly,2026-08-17T18:48:05Z,2026-08-17T18:48:05Z,
104.37.188.76,ipv4,malicious-ip,medium,WHITE,ziyadnz/hourly-ipv4,ziyadnz|hourly,2026-08-17T18:48:05Z,2026-08-17T18:48:05Z,
104.40.27.143,ipv4,malicious-ip,medium,WHITE,ziyadnz/hourly-ipv4,ziyadnz|hourly,2026-08-17T18:48:05Z,2026-08-17T18:48:05Z,
104.41.134.16,ipv4,malicious-ip,medium,WHITE,ziyadnz/hourly-ipv4,ziyadnz|hourly,2026-08-17T18:48:05Z,2026-08-17T18:48:05Z,
104.42.155.226,ipv4,malicious-ip,medium,WHITE,ziyadnz/hourly-ipv4,ziyadnz|hourly,2026-08-17T18:48:05Z,2026-08-17T18:48:05Z,
104.42.186.50,ipv4,malicious-ip,medium,WHITE,ziyadnz/hourly-ipv4,ziyadnz|hourly,2026-08-17T18:48:05Z,2026-08-17T18:48:05Z,
104.43.48.106,ipv4,malicious-ip,medium,WHITE,ziyadnz/hourly-ipv4,ziyadnz|hourly,2026-08-17T18:48:05Z,2026-08-17T18:48:05Z,
104.48.120.181,ipv4,malicious-ip,medium,WHITE,ziyadnz/hourly-ipv4,ziyadnz|hourly,2026-08-17T18:48:05Z,2026-08-17T18:48:05Z,
104.54.219.50,ipv4,malicious-ip,medium,WHITE,ziyadnz/hourly-ipv4,ziyadnz|hourly,2026-08-17T18:48:05Z,2026-08-17T18:48:05Z,
104.56.244.247,ipv4,malicious-ip,medium,WHITE,ziyadnz/hourly-ipv4,ziyadnz|hourly,2026-08-17T18:48:05Z,2026-08-17T18:48:05Z,
104.62.176.138,ipv4,malicious-ip,medium,WHITE,ziyadnz/hourly-ipv4,ziyadnz|hourly,2026-08-17T18:48:05Z,2026-08-17T18:48:05Z,
104.64.212.237,ipv4,malicious-ip,medium,WHITE,ziyadnz/hourly-ipv4,ziyadnz|hourly,2026-08-17T18:48:05Z,2026-08-17T18:48:05Z,
104.9.169.131,ipv4,malicious-ip,medium,WHITE,ziyadnz/hourly-ipv4,ziyadnz|hourly,2026-08-17T18:48:05Z,2026-08-17T18:48:05Z,
104.9.60.148,ipv4,malicious-ip,medium,WHITE,ziyadnz/hourly-ipv4,ziyadnz|hourly,2026-08-17T18:48:05Z,2026-08-17T18:48:05Z,
105.101.56.49,ipv4,malicious-ip,medium,WHITE,ziyadnz/hourly-ipv4,ziyadnz|hourly,2026-08-17T18:48:05Z,2026-08-17T18:48:05Z,
105.105.17.149,ipv4,malicious-ip,medium,WHITE,ziyadnz/hourly-ipv4,ziyadnz|hourly,2026-08-17T18:48:05Z,2026-08-17T18:48:05Z,
105.107.60.153,ipv4,malicious-ip,medium,WHITE,ziyadnz/hourly-ipv4,ziyadnz|hourly,2026-08-17T18:48:05Z,2026-08-17T18:48:05Z,
105.112.102.29,ipv4,malicious-ip,medium,WHITE,ziyadnz/hourly-ipv4,ziyadnz|hourly,2026-08-17T18:48:05Z,2026-08-17T18:48:05Z,
105.113.63.223,ipv4,malicious-ip,medium,WHITE,ziyadnz/hourly-ipv4,ziyadnz|hourly,2026-08-17T18:48:05Z,2026-08-17T18:48:05Z,
105.113.70.204,ipv4,malicious-ip,medium,WHITE,ziyadnz/hourly-ipv4,ziyadnz|hourly,2026-08-17T18:48:05Z,2026-08-17T18:48:05Z,
105.114.15.2,ipv4,malicious-ip,medium,WHITE,ziyadnz/hourly-ipv4,ziyadnz|hourly,2026-08-17T18:48:05Z,2026-08-17T18:48:05Z,
105.114.21.51,ipv4,malicious-ip,medium,WHITE,ziyadnz/hourly-ipv4,ziyadnz|hourly,2026-08-17T18:48:05Z,2026-08-17T18:48:05Z,
105.119.7.158,ipv4,malicious-ip,medium,WHITE,ziyadnz/hourly-ipv4,ziyadnz|hourly,2026-08-17T18:48:05Z,2026-08-17T18:48:05Z,
105.127.10.167,ipv4,malicious-ip,medium,WHITE,ziyadnz/hourly-ipv4,ziyadnz|hourly,2026-08-17T18:48:05Z,2026-08-17T18:48:05Z,
105.155.132.45,ipv4,malicious-ip,medium,WHITE,ziyadnz/hourly-ipv4,ziyadnz|hourly,2026-08-17T18:48:05Z,2026-08-17T18:48:05Z,
105.155.97.71,ipv4,malicious-ip,medium,WHITE,ziyadnz/hourly-ipv4,ziyadnz|hourly,2026-08-17T18:48:05Z,2026-08-17T18:48:05Z,
105.157.254.89,ipv4,malicious-ip,medium,WHITE,ziyadnz/hourly-ipv4,ziyadnz|hourly,2026-08-17T18:48:05Z,2026-08-17T18:48:05Z,
105.158.107.159,ipv4,malicious-ip,medium,WHITE,ziyadnz/hourly-ipv4,ziyadnz|hourly,2026-08-17T18:48:05Z,2026-08-17T18:48:05Z,
105.158.12.236,ipv4,malicious-ip,medium,WHITE,ziyadnz/hourly-ipv4,ziyadnz|hourly,2026-08-17T18:48:05Z,2026-08-17T18:48:05Z,
105.158.130.125,ipv4,malicious-ip,medium,WHITE,ziyadnz/hourly-ipv4,ziyadnz|hourly,2026-08-17T18:48:05Z,2026-08-17T18:48:05Z,
105.159.248.44,ipv4,malicious-ip,medium,WHITE,ziyadnz/hourly-ipv4,ziyadnz|hourly,2026-08-17T18:48:05Z,2026-08-17T18:48:05Z,
105.159.252.61,ipv4,malicious-ip,medium,WHITE,ziyadnz/hourly-ipv4,ziyadnz|hourly,2026-08-17T18:48:05Z,2026-08-17T18:48:05Z,
105.160.30.236,ipv4,malicious-ip,medium,WHITE,ziyadnz/hourly-ipv4,ziyadnz|hourly,2026-08-17T18:48:05Z,2026-08-17T18:48:05Z,
105.160.46.149,ipv4,malicious-ip,medium,WHITE,ziyadnz/hourly-ipv4,ziyadnz|hourly,2026-08-17T18:48:05Z,2026-08-17T18:48:05Z,
105.160.67.55,ipv4,malicious-ip,medium,WHITE,ziyadnz/hourly-ipv4,ziyadnz|hourly,2026-08-17T18:48:05Z,2026-08-17T18:48:05Z,
105.164.128.138,ipv4,malicious-ip,medium,WHITE,ziyadnz/hourly-ipv4,ziyadnz|hourly,2026-08-17T18:48:05Z,2026-08-17T18:48:05Z,
105.168.152.98,ipv4,malicious-ip,medium,WHITE,ziyadnz/hourly-ipv4,ziyadnz|hourly,2026-08-17T18:48:05Z,2026-08-17T18:48:05Z,
105.168.185.0,ipv4,malicious-ip,medium,WHITE,ziyadnz/hourly-ipv4,ziyadnz|hourly,2026-08-17T18:48:05Z,2026-08-17T18:48:05Z,
105.168.41.140,ipv4,malicious-ip,medium,WHITE,ziyadnz/hourly-ipv4,ziyadnz|hourly,2026-08-17T18:48:05Z,2026-08-17T18:48:05Z,
105.168.56.191,ipv4,malicious-ip,medium,WHITE,ziyadnz/hourly-ipv4,ziyadnz|hourly,2026-08-17T18:48:05Z,2026-08-17T18:48:05Z,
105.174.17.50,ipv4,malicious-ip,medium,WHITE,ziyadnz/hourly-ipv4,ziyadnz|hourly,2026-08-17T18:48:05Z,2026-08-17T18:48:05Z,
105.174.31.71,ipv4,malicious-ip,medium,WHITE,ziyadnz/hourly-ipv4,ziyadnz|hourly,2026-08-17T18:48:05Z,2026-08-17T18:48:05Z,
105.178.104.134,ipv4,malicious-ip,medium,WHITE,ziyadnz/hourly-ipv4,ziyadnz|hourly,2026-08-17T18:48:05Z,2026-08-17T18:48:05Z,
105.178.32.224,ipv4,malicious-ip,medium,WHITE,ziyadnz/hourly-ipv4,ziyadnz|hourly,2026-08-17T18:48:05Z,2026-08-17T18:48:05Z,
105.184.140.214,ipv4,malicious-ip,medium,WHITE,ziyadnz/hourly-ipv4,ziyadnz|hourly,2026-08-17T18:48:05Z,2026-08-17T18:48:05Z,
105.184.147.88,ipv4,malicious-ip,medium,WHITE,ziyadnz/hourly-ipv4,ziyadnz|hourly,2026-08-17T18:48:05Z,2026-08-17T18:48:05Z,
105.184.161.242,ipv4,malicious-ip,medium,WHITE,ziyadnz/hourly-ipv4,ziyadnz|hourly,2026-08-17T18:48:05Z,2026-08-17T18:48:05Z,
105.186.100.134,ipv4,malicious-ip,medium,WHITE,ziyadnz/hourly-ipv4,ziyadnz|hourly,2026-08-17T18:48:05Z,2026-08-17T18:48:05Z,
105.186.100.18,ipv4,malicious-ip,medium,WHITE,ziyadnz/hourly-ipv4,ziyadnz|hourly,2026-08-17T18:48:05Z,2026-08-17T18:48:05Z,
105.186.127.127,ipv4,malicious-ip,medium,WHITE,ziyadnz/hourly-ipv4,ziyadnz|hourly,2026-08-17T18:48:05Z,2026-08-17T18:48:05Z,
105.186.185.224,ipv4,malicious-ip,medium,WHITE,ziyadnz/hourly-ipv4,ziyadnz|hourly,2026-08-17T18:48:05Z,2026-08-17T18:48:05Z,
105.186.193.69,ipv4,malicious-ip,medium,WHITE,ziyadnz/hourly-ipv4,ziyadnz|hourly,2026-08-17T18:48:05Z,2026-08-17T18:48:05Z,
105.188.109.217,ipv4,malicious-ip,medium,WHITE,ziyadnz/hourly-ipv4,ziyadnz|hourly,2026-08-17T18:48:05Z,2026-08-17T18:48:05Z,
105.188.116.50,ipv4,malicious-ip,medium,WHITE,ziyadnz/hourly-ipv4,ziyadnz|hourly,2026-08-17T18:48:05Z,2026-08-17T18:48:05Z,
105.188.16.46,ipv4,malicious-ip,medium,WHITE,ziyadnz/hourly-ipv4,ziyadnz|hourly,2026-08-17T18:48:05Z,2026-08-17T18:48:05Z,
105.188.40.177,ipv4,malicious-ip,medium,WHITE,ziyadnz/hourly-ipv4,ziyadnz|hourly,2026-08-17T18:48:05Z,2026-08-17T18:48:05Z,
105.188.93.248,ipv4,malicious-ip,medium,WHITE,ziyadnz/hourly-ipv4,ziyadnz|hourly,2026-08-17T18:48:05Z,2026-08-17T18:48:05Z,
105.197.209.121,ipv4,malicious-ip,medium,WHITE,ziyadnz/hourly-ipv4,ziyadnz|hourly,2026-08-17T18:48:05Z,2026-08-17T18:48:05Z,
105.197.225.217,ipv4,malicious-ip,medium,WHITE,ziyadnz/hourly-ipv4,ziyadnz|hourly,2026-08-17T18:48:05Z,2026-08-17T18:48:05Z,
105.209.130.82,ipv4,malicious-ip,medium,WHITE,ziyadnz/hourly-ipv4,ziyadnz|hourly,2026-08-17T18:48:05Z,2026-08-17T18:48:05Z,
105.209.171.238,ipv4,malicious-ip,medium,WHITE,ziyadnz/hourly-ipv4,ziyadnz|hourly,2026-08-17T18:48:05Z,2026-08-17T18:48:05Z,
105.209.175.61,ipv4,malicious-ip,medium,WHITE,ziyadnz/hourly-ipv4,ziyadnz|hourly,2026-08-17T18:48:05Z,2026-08-17T18:48:05Z,
105.214.101.145,ipv4,malicious-ip,medium,WHITE,ziyadnz/hourly-ipv4,ziyadnz|hourly,2026-08-17T18:48:05Z,2026-08-17T18:48:05Z,
105.214.104.197,ipv4,malicious-ip,medium,WHITE,ziyadnz/hourly-ipv4,ziyadnz|hourly,2026-08-17T18:48:05Z,2026-08-17T18:48:05Z,
105.214.19.29,ipv4,malicious-ip,medium,WHITE,ziyadnz/hourly-ipv4,ziyadnz|hourly,2026-08-17T18:48:05Z,2026-08-17T18:48:05Z,
105.214.58.146,ipv4,malicious-ip,medium,WHITE,ziyadnz/hourly-ipv4,ziyadnz|hourly,2026-08-17T18:48:05Z,2026-08-17T18:48:05Z,
105.224.26.170,ipv4,malicious-ip,medium,WHITE,ziyadnz/hourly-ipv4,ziyadnz|hourly,2026-08-17T18:48:05Z,2026-08-17T18:48:05Z,
105.224.27.61,ipv4,malicious-ip,medium,WHITE,ziyadnz/hourly-ipv4,ziyadnz|hourly,2026-08-17T18:48:05Z,2026-08-17T18:48:05Z,
105.224.43.203,ipv4,malicious-ip,medium,WHITE,ziyadnz/hourly-ipv4,ziyadnz|hourly,2026-08-17T18:48:05Z,2026-08-17T18:48:05Z,
105.224.59.153,ipv4,malicious-ip,medium,WHITE,ziyadnz/hourly-ipv4,ziyadnz|hourly,2026-08-17T18:48:05Z,2026-08-17T18:48:05Z,
105.225.100.190,ipv4,malicious-ip,medium,WHITE,ziyadnz/hourly-ipv4,ziyadnz|hourly,2026-08-17T18:48:05Z,2026-08-17T18:48:05Z,
105.225.23.180,ipv4,malicious-ip,medium,WHITE,ziyadnz/hourly-ipv4,ziyadnz|hourly,2026-08-17T18:48:05Z,2026-08-17T18:48:05Z,
105.225.41.46,ipv4,malicious-ip,medium,WHITE,ziyadnz/hourly-ipv4,ziyadnz|hourly,2026-08-17T18:48:05Z,2026-08-17T18:48:05Z,
105.23.243.138,ipv4,malicious-ip,medium,WHITE,ziyadnz/hourly-ipv4,ziyadnz|hourly,2026-08-17T18:48:05Z,2026-08-17T18:48:05Z,
105.232.176.167,ipv4,malicious-ip,medium,WHITE,ziyadnz/hourly-ipv4,ziyadnz|hourly,2026-08-17T18:48:05Z,2026-08-17T18:48:05Z,
105.233.67.36,ipv4,malicious-ip,medium,WHITE,ziyadnz/hourly-ipv4,ziyadnz|hourly,2026-08-17T18:48:05Z,2026-08-17T18:48:05Z,
105.234.156.197,ipv4,malicious-ip,medium,WHITE,ziyadnz/hourly-ipv4,ziyadnz|hourly,2026-08-17T18:48:05Z,2026-08-17T18:48:05Z,
105.234.178.39,ipv4,malicious-ip,medium,WHITE,ziyadnz/hourly-ipv4,ziyadnz|hourly,2026-08-17T18:48:05Z,2026-08-17T18:48:05Z,
105.235.130.173,ipv4,malicious-ip,medium,WHITE,ziyadnz/hourly-ipv4,ziyadnz|hourly,2026-08-17T18:48:05Z,2026-08-17T18:48:05Z,
105.235.132.135,ipv4,malicious-ip,medium,WHITE,ziyadnz/hourly-ipv4,ziyadnz|hourly,2026-08-17T18:48:05Z,2026-08-17T18:48:05Z,
105.235.133.152,ipv4,malicious-ip,medium,WHITE,ziyadnz/hourly-ipv4,ziyadnz|hourly,2026-08-17T18:48:05Z,2026-08-17T18:48:05Z,
105.235.136.176,ipv4,malicious-ip,medium,WHITE,ziyadnz/hourly-ipv4,ziyadnz|hourly,2026-08-17T18:48:05Z,2026-08-17T18:48:05Z,
105.235.137.104,ipv4,malicious-ip,medium,WHITE,ziyadnz/hourly-ipv4,ziyadnz|hourly,2026-08-17T18:48:05Z,2026-08-17T18:48:05Z,
105.235.139.11,ipv4,malicious-ip,medium,WHITE,ziyadnz/hourly-ipv4,ziyadnz|hourly,2026-08-17T18:48:05Z,2026-08-17T18:48:05Z,
105.235.139.151,ipv4,malicious-ip,medium,WHITE,ziyadnz/hourly-ipv4,ziyadnz|hourly,2026-08-17T18:48:05Z,2026-08-17T18:48:05Z,
105.235.158.36,ipv4,malicious-ip,medium,WHITE,ziyadnz/hourly-ipv4,ziyadnz|hourly,2026-08-17T18:48:05Z,2026-08-17T18:48:05Z,
105.235.158.90,ipv4,malicious-ip,medium,WHITE,ziyadnz/hourly-ipv4,ziyadnz|hourly,2026-08-17T18:48:05Z,2026-08-17T18:48:05Z,
105.235.193.94,ipv4,malicious-ip,medium,WHITE,ziyadnz/hourly-ipv4,ziyadnz|hourly,2026-08-17T18:48:05Z,2026-08-17T18:48:05Z,
105.235.225.244,ipv4,malicious-ip,medium,WHITE,ziyadnz/hourly-ipv4,ziyadnz|hourly,2026-08-17T18:48:05Z,2026-08-17T18:48:05Z,
105.242.37.18,ipv4,malicious-ip,medium,WHITE,ziyadnz/hourly-ipv4,ziyadnz|hourly,2026-08-17T18:48:05Z,2026-08-17T18:48:05Z,
105.243.62.183,ipv4,malicious-ip,medium,WHITE,ziyadnz/hourly-ipv4,ziyadnz|hourly,2026-08-17T18:48:05Z,2026-08-17T18:48:05Z,
105.244.130.45,ipv4,malicious-ip,medium,WHITE,ziyadnz/hourly-ipv4,ziyadnz|hourly,2026-08-17T18:48:05Z,2026-08-17T18:48:05Z,
105.244.131.200,ipv4,malicious-ip,medium,WHITE,ziyadnz/hourly-ipv4,ziyadnz|hourly,2026-08-17T18:48:05Z,2026-08-17T18:48:05Z,
105.245.112.199,ipv4,malicious-ip,medium,WHITE,ziyadnz/hourly-ipv4,ziyadnz|hourly,2026-08-17T18:48:05Z,2026-08-17T18:48:05Z,
105.245.98.19,ipv4,malicious-ip,medium,WHITE,ziyadnz/hourly-ipv4,ziyadnz|hourly,2026-08-17T18:48:05Z,2026-08-17T18:48:05Z,
105.246.241.112,ipv4,malicious-ip,medium,WHITE,ziyadnz/hourly-ipv4,ziyadnz|hourly,2026-08-17T18:48:05Z,2026-08-17T18:48:05Z,
105.246.241.6,ipv4,malicious-ip,medium,WHITE,ziyadnz/hourly-ipv4,ziyadnz|hourly,2026-08-17T18:48:05Z,2026-08-17T18:48:05Z,
105.246.242.90,ipv4,malicious-ip,medium,WHITE,ziyadnz/hourly-ipv4,ziyadnz|hourly,2026-08-17T18:48:05Z,2026-08-17T18:48:05Z,
105.246.85.41,ipv4,malicious-ip,medium,WHITE,ziyadnz/hourly-ipv4,ziyadnz|hourly,2026-08-17T18:48:05Z,2026-08-17T18:48:05Z,
105.246.88.174,ipv4,malicious-ip,medium,WHITE,ziyadnz/hourly-ipv4,ziyadnz|hourly,2026-08-17T18:48:05Z,2026-08-17T18:48:05Z,
105.247.172.75,ipv4,malicious-ip,medium,WHITE,ziyadnz/hourly-ipv4,ziyadnz|hourly,2026-08-17T18:48:05Z,2026-08-17T18:48:05Z,
105.247.216.58,ipv4,malicious-ip,medium,WHITE,ziyadnz/hourly-ipv4,ziyadnz|hourly,2026-08-17T18:48:05Z,2026-08-17T18:48:05Z,
105.247.69.196,ipv4,malicious-ip,medium,WHITE,ziyadnz/hourly-ipv4,ziyadnz|hourly,2026-08-17T18:48:05Z,2026-08-17T18:48:05Z,
105.27.127.194,ipv4,malicious-ip,medium,WHITE,ziyadnz/hourly-ipv4,ziyadnz|hourly,2026-08-17T18:48:05Z,2026-08-17T18:48:05Z,
105.27.148.94,ipv4,malicious-ip,medium,WHITE,ziyadnz/hourly-ipv4,ziyadnz|hourly,2026-08-17T18:48:05Z,2026-08-17T18:48:05Z,
105.27.153.138,ipv4,malicious-ip,medium,WHITE,ziyadnz/hourly-ipv4,ziyadnz|hourly,2026-08-17T18:48:05Z,2026-08-17T18:48:05Z,
105.27.160.222,ipv4,malicious-ip,medium,WHITE,ziyadnz/hourly-ipv4,ziyadnz|hourly,2026-08-17T18:48:05Z,2026-08-17T18:48:05Z,
105.27.160.254,ipv4,malicious-ip,medium,WHITE,ziyadnz/hourly-ipv4,ziyadnz|hourly,2026-08-17T18:48:05Z,2026-08-17T18:48:05Z,
105.27.194.202,ipv4,malicious-ip,medium,WHITE,ziyadnz/hourly-ipv4,ziyadnz|hourly,2026-08-17T18:48:05Z,2026-08-17T18:48:05Z,
105.29.172.26,ipv4,malicious-ip,medium,WHITE,ziyadnz/hourly-ipv4,ziyadnz|hourly,2026-08-17T18:48:05Z,2026-08-17T18:48:05Z,
105.30.51.18,ipv4,malicious-ip,medium,WHITE,ziyadnz/hourly-ipv4,ziyadnz|hourly,2026-08-17T18:48:05Z,2026-08-17T18:48:05Z,
105.72.152.49,ipv4,malicious-ip,medium,WHITE,ziyadnz/hourly-ipv4,ziyadnz|hourly,2026-08-17T18:48:05Z,2026-08-17T18:48:05Z,
105.72.254.76,ipv4,malicious-ip,medium,WHITE,ziyadnz/hourly-ipv4,ziyadnz|hourly,2026-08-17T18:48:05Z,2026-08-17T18:48:05Z,
105.75.32.65,ipv4,malicious-ip,medium,WHITE,ziyadnz/hourly-ipv4,ziyadnz|hourly,2026-08-17T18:48:05Z,2026-08-17T18:48:05Z,
105.76.182.114,ipv4,malicious-ip,medium,WHITE,ziyadnz/hourly-ipv4,ziyadnz|hourly,2026-08-17T18:48:05Z,2026-08-17T18:48:05Z,
105.77.202.236,ipv4,malicious-ip,medium,WHITE,ziyadnz/hourly-ipv4,ziyadnz|hourly,2026-08-17T18:48:05Z,2026-08-17T18:48:05Z,
105.77.209.128,ipv4,malicious-ip,medium,WHITE,ziyadnz/hourly-ipv4,ziyadnz|hourly,2026-08-17T18:48:05Z,2026-08-17T18:48:05Z,
105.77.209.218,ipv4,malicious-ip,medium,WHITE,ziyadnz/hourly-ipv4,ziyadnz|hourly,2026-08-17T18:48:05Z,2026-08-17T18:48:05Z,
105.77.209.251,ipv4,malicious-ip,medium,WHITE,ziyadnz/hourly-ipv4,ziyadnz|hourly,2026-08-17T18:48:05Z,2026-08-17T18:48:05Z,
105.96.109.53,ipv4,malicious-ip,medium,WHITE,ziyadnz/hourly-ipv4,ziyadnz|hourly,2026-08-17T18:48:05Z,2026-08-17T18:48:05Z,
105.96.34.95,ipv4,malicious-ip,medium,WHITE,ziyadnz/hourly-ipv4,ziyadnz|hourly,2026-08-17T18:48:05Z,2026-08-17T18:48:05Z,
105.96.62.232,ipv4,malicious-ip,medium,WHITE,ziyadnz/hourly-ipv4,ziyadnz|hourly,2026-08-17T18:48:05Z,2026-08-17T18:48:05Z,
105.96.62.233,ipv4,malicious-ip,medium,WHITE,ziyadnz/hourly-ipv4,ziyadnz|hourly,2026-08-17T18:48:05Z,2026-08-17T18:48:05Z,
105.99.6.39,ipv4,malicious-ip,medium,WHITE,ziyadnz/hourly-ipv4,ziyadnz|hourly,2026-08-17T18:48:05Z,2026-08-17T18:48:05Z,
106.0.157.236,ipv4,malicious-ip,medium,WHITE,ziyadnz/hourly-ipv4,ziyadnz|hourly,2026-08-17T18:48:05Z,2026-08-17T18:48:05Z,
106.0.38.226,ipv4,malicious-ip,medium,WHITE,ziyadnz/hourly-ipv4,ziyadnz|hourly,2026-08-17T18:48:05Z,2026-08-17T18:48:05Z,
106.0.49.38,ipv4,malicious-ip,medium,WHITE,ziyadnz/hourly-ipv4,ziyadnz|hourly,2026-08-17T18:48:05Z,2026-08-17T18:48:05Z,
106.0.51.178,ipv4,malicious-ip,medium,WHITE,ziyadnz/hourly-ipv4,ziyadnz|hourly,2026-08-17T18:48:05Z,2026-08-17T18:48:05Z,
106.1.16.100,ipv4,malicious-ip,medium,WHITE,ziyadnz/hourly-ipv4,ziyadnz|hourly,2026-08-17T18:48:05Z,2026-08-17T18:48:05Z,
106.1.175.63,ipv4,malicious-ip,medium,WHITE,ziyadnz/hourly-ipv4,ziyadnz|hourly,2026-08-17T18:48:05Z,2026-08-17T18:48:05Z,
106.1.94.107,ipv4,malicious-ip,medium,WHITE,ziyadnz/hourly-ipv4,ziyadnz|hourly,2026-08-17T18:48:05Z,2026-08-17T18:48:05Z,
106.104.134.221,ipv4,malicious-ip,medium,WHITE,ziyadnz/hourly-ipv4,ziyadnz|hourly,2026-08-17T18:48:05Z,2026-08-17T18:48:05Z,
106.105.218.248,ipv4,malicious-ip,medium,WHITE,ziyadnz/hourly-ipv4,ziyadnz|hourly,2026-08-17T18:48:05Z,2026-08-17T18:48:05Z,
106.105.48.59,ipv4,malicious-ip,medium,WHITE,ziyadnz/hourly-ipv4,ziyadnz|hourly,2026-08-17T18:48:05Z,2026-08-17T18:48:05Z,
106.105.88.227,ipv4,malicious-ip,medium,WHITE,ziyadnz/hourly-ipv4,ziyadnz|hourly,2026-08-17T18:48:05Z,2026-08-17T18:48:05Z,
106.107.165.244,ipv4,malicious-ip,medium,WHITE,ziyadnz/hourly-ipv4,ziyadnz|hourly,2026-08-17T18:48:05Z,2026-08-17T18:48:05Z,
106.107.176.122,ipv4,malicious-ip,medium,WHITE,ziyadnz/hourly-ipv4,ziyadnz|hourly,2026-08-17T18:48:05Z,2026-08-17T18:48:05Z,
106.107.186.136,ipv4,malicious-ip,medium,WHITE,ziyadnz/hourly-ipv4,ziyadnz|hourly,2026-08-17T18:48:05Z,2026-08-17T18:48:05Z,
106.107.237.36,ipv4,malicious-ip,medium,WHITE,ziyadnz/hourly-ipv4,ziyadnz|hourly,2026-08-17T18:48:05Z,2026-08-17T18:48:05Z,
106.107.248.155,ipv4,malicious-ip,medium,WHITE,ziyadnz/hourly-ipv4,ziyadnz|hourly,2026-08-17T18:48:05Z,2026-08-17T18:48:05Z,
106.110.220.175,ipv4,malicious-ip,medium,WHITE,ziyadnz/hourly-ipv4,ziyadnz|hourly,2026-08-17T18:48:05Z,2026-08-17T18:48:05Z,
106.110.91.91,ipv4,malicious-ip,medium,WHITE,ziyadnz/hourly-ipv4,ziyadnz|hourly,2026-08-17T18:48:05Z,2026-08-17T18:48:05Z,
106.111.216.242,ipv4,malicious-ip,medium,WHITE,ziyadnz/hourly-ipv4,ziyadnz|hourly,2026-08-17T18:48:05Z,2026-08-17T18:48:05Z,
106.112.219.17,ipv4,malicious-ip,medium,WHITE,ziyadnz/hourly-ipv4,ziyadnz|hourly,2026-08-17T18:48:05Z,2026-08-17T18:48:05Z,
106.113.112.111,ipv4,malicious-ip,medium,WHITE,ziyadnz/hourly-ipv4,ziyadnz|hourly,2026-08-17T18:48:05Z,2026-08-17T18:48:05Z,
106.113.56.249,ipv4,malicious-ip,medium,WHITE,ziyadnz/hourly-ipv4,ziyadnz|hourly,2026-08-17T18:48:05Z,2026-08-17T18:48:05Z,
106.114.164.29,ipv4,malicious-ip,medium,WHITE,ziyadnz/hourly-ipv4,ziyadnz|hourly,2026-08-17T18:48:05Z,2026-08-17T18:48:05Z,
106.114.75.103,ipv4,malicious-ip,medium,WHITE,ziyadnz/hourly-ipv4,ziyadnz|hourly,2026-08-17T18:48:05Z,2026-08-17T18:48:05Z,
106.115.101.191,ipv4,malicious-ip,medium,WHITE,ziyadnz/hourly-ipv4,ziyadnz|hourly,2026-08-17T18:48:05Z,2026-08-17T18:48:05Z,
106.115.103.61,ipv4,malicious-ip,medium,WHITE,ziyadnz/hourly-ipv4,ziyadnz|hourly,2026-08-17T18:48:05Z,2026-08-17T18:48:05Z,
106.115.104.210,ipv4,malicious-ip,medium,WHITE,ziyadnz/hourly-ipv4,ziyadnz|hourly,2026-08-17T18:48:05Z,2026-08-17T18:48:05Z,
106.115.106.184,ipv4,malicious-ip,medium,WHITE,ziyadnz/hourly-ipv4,ziyadnz|hourly,2026-08-17T18:48:05Z,2026-08-17T18:48:05Z,
106.115.219.203,ipv4,malicious-ip,medium,WHITE,ziyadnz/hourly-ipv4,ziyadnz|hourly,2026-08-17T18:48:05Z,2026-08-17T18:48:05Z,
106.115.249.87,ipv4,malicious-ip,medium,WHITE,ziyadnz/hourly-ipv4,ziyadnz|hourly,2026-08-17T18:48:05Z,2026-08-17T18:48:05Z,
106.115.251.5,ipv4,malicious-ip,medium,WHITE,ziyadnz/hourly-ipv4,ziyadnz|hourly,2026-08-17T18:48:05Z,2026-08-17T18:48:05Z,
106.115.37.244,ipv4,malicious-ip,medium,WHITE,ziyadnz/hourly-ipv4,ziyadnz|hourly,2026-08-17T18:48:05Z,2026-08-17T18:48:05Z,
106.116.211.205,ipv4,malicious-ip,medium,WHITE,ziyadnz/hourly-ipv4,ziyadnz|hourly,2026-08-17T18:48:05Z,2026-08-17T18:48:05Z,
106.117.105.196,ipv4,malicious-ip,medium,WHITE,ziyadnz/hourly-ipv4,ziyadnz|hourly,2026-08-17T18:48:05Z,2026-08-17T18:48:05Z,
106.117.106.125,ipv4,malicious-ip,medium,WHITE,ziyadnz/hourly-ipv4,ziyadnz|hourly,2026-08-17T18:48:05Z,2026-08-17T18:48:05Z,
106.117.106.22,ipv4,malicious-ip,medium,WHITE,ziyadnz/hourly-ipv4,ziyadnz|hourly,2026-08-17T18:48:05Z,2026-08-17T18:48:05Z,
106.117.108.252,ipv4,malicious-ip,medium,WHITE,ziyadnz/hourly-ipv4,ziyadnz|hourly,2026-08-17T18:48:05Z,2026-08-17T18:48:05Z,
106.117.109.118,ipv4,malicious-ip,medium,WHITE,ziyadnz/hourly-ipv4,ziyadnz|hourly,2026-08-17T18:48:05Z,2026-08-17T18:48:05Z,
106.117.110.149,ipv4,malicious-ip,medium,WHITE,ziyadnz/hourly-ipv4,ziyadnz|hourly,2026-08-17T18:48:05Z,2026-08-17T18:48:05Z,
106.117.206.211,ipv4,malicious-ip,medium,WHITE,ziyadnz/hourly-ipv4,ziyadnz|hourly,2026-08-17T18:48:05Z,2026-08-17T18:48:05Z,
106.117.47.208,ipv4,malicious-ip,medium,WHITE,ziyadnz/hourly-ipv4,ziyadnz|hourly,2026-08-17T18:48:05Z,2026-08-17T18:48:05Z,
106.119.165.205,ipv4,malicious-ip,medium,WHITE,ziyadnz/hourly-ipv4,ziyadnz|hourly,2026-08-17T18:48:05Z,2026-08-17T18:48:05Z,
106.119.184.3,ipv4,malicious-ip,medium,WHITE,ziyadnz/hourly-ipv4,ziyadnz|hourly,2026-08-17T18:48:05Z,2026-08-17T18:48:05Z,
106.12.108.64,ipv4,malicious-ip,medium,WHITE,ziyadnz/hourly-ipv4,ziyadnz|hourly,2026-08-17T18:48:05Z,2026-08-17T18:48:05Z,
106.12.111.94,ipv4,malicious-ip,medium,WHITE,ziyadnz/hourly-ipv4,ziyadnz|hourly,2026-08-17T18:48:05Z,2026-08-17T18:48:05Z,
106.12.124.63,ipv4,malicious-ip,medium,WHITE,ziyadnz/hourly-ipv4,ziyadnz|hourly,2026-08-17T18:48:05Z,2026-08-17T18:48:05Z,
106.12.127.43,ipv4,malicious-ip,medium,WHITE,ziyadnz/hourly-ipv4,ziyadnz|hourly,2026-08-17T18:48:05Z,2026-08-17T18:48:05Z,
106.12.138.190,ipv4,malicious-ip,medium,WHITE,ziyadnz/hourly-ipv4,ziyadnz|hourly,2026-08-17T18:48:05Z,2026-08-17T18:48:05Z,
106.12.144.153,ipv4,malicious-ip,medium,WHITE,ziyadnz/hourly-ipv4,ziyadnz|hourly,2026-08-17T18:48:05Z,2026-08-17T18:48:05Z,
106.12.145.153,ipv4,malicious-ip,medium,WHITE,ziyadnz/hourly-ipv4,ziyadnz|hourly,2026-08-17T18:48:05Z,2026-08-17T18:48:05Z,
106.12.146.250,ipv4,malicious-ip,medium,WHITE,ziyadnz/hourly-ipv4,ziyadnz|hourly,2026-08-17T18:48:05Z,2026-08-17T18:48:05Z,
106.12.149.123,ipv4,malicious-ip,medium,WHITE,ziyadnz/hourly-ipv4,ziyadnz|hourly,2026-08-17T18:48:05Z,2026-08-17T18:48:05Z,
106.12.152.131,ipv4,malicious-ip,medium,WHITE,ziyadnz/hourly-ipv4,ziyadnz|hourly,2026-08-17T18:48:05Z,2026-08-17T18:48:05Z,
106.12.153.125,ipv4,malicious-ip,medium,WHITE,ziyadnz/hourly-ipv4,ziyadnz|hourly,2026-08-17T18:48:05Z,2026-08-17T18:48:05Z,
106.12.153.211,ipv4,malicious-ip,medium,WHITE,ziyadnz/hourly-ipv4,ziyadnz|hourly,2026-08-17T18:48:05Z,2026-08-17T18:48:05Z,
106.12.154.140,ipv4,malicious-ip,medium,WHITE,ziyadnz/hourly-ipv4,ziyadnz|hourly,2026-08-17T18:48:05Z,2026-08-17T18:48:05Z,
106.12.157.104,ipv4,malicious-ip,medium,WHITE,ziyadnz/hourly-ipv4,ziyadnz|hourly,2026-08-17T18:48:05Z,2026-08-17T18:48:05Z,
106.12.17.217,ipv4,malicious-ip,medium,WHITE,ziyadnz/hourly-ipv4,ziyadnz|hourly,2026-08-17T18:48:05Z,2026-08-17T18:48:05Z,
106.12.176.238,ipv4,malicious-ip,medium,WHITE,ziyadnz/hourly-ipv4,ziyadnz|hourly,2026-08-17T18:48:05Z,2026-08-17T18:48:05Z,
106.12.176.95,ipv4,malicious-ip,medium,WHITE,ziyadnz/hourly-ipv4,ziyadnz|hourly,2026-08-17T18:48:05Z,2026-08-17T18:48:05Z,
106.12.178.226,ipv4,malicious-ip,medium,WHITE,ziyadnz/hourly-ipv4,ziyadnz|hourly,2026-08-17T18:48:05Z,2026-08-17T18:48:05Z,
106.12.179.53,ipv4,malicious-ip,medium,WHITE,ziyadnz/hourly-ipv4,ziyadnz|hourly,2026-08-17T18:48:05Z,2026-08-17T18:48:05Z,
106.12.18.199,ipv4,malicious-ip,medium,WHITE,ziyadnz/hourly-ipv4,ziyadnz|hourly,2026-08-17T18:48:05Z,2026-08-17T18:48:05Z,
106.12.181.132,ipv4,malicious-ip,medium,WHITE,ziyadnz/hourly-ipv4,ziyadnz|hourly,2026-08-17T18:48:05Z,2026-08-17T18:48:05Z,
106.12.221.161,ipv4,malicious-ip,medium,WHITE,ziyadnz/hourly-ipv4,ziyadnz|hourly,2026-08-17T18:48:05Z,2026-08-17T18:48:05Z,
106.12.24.36,ipv4,malicious-ip,medium,WHITE,ziyadnz/hourly-ipv4,ziyadnz|hourly,2026-08-17T18:48:05Z,2026-08-17T18:48:05Z,
106.12.240.38,ipv4,malicious-ip,medium,WHITE,ziyadnz/hourly-ipv4,ziyadnz|hourly,2026-08-17T18:48:05Z,2026-08-17T18:48:05Z,
106.12.241.195,ipv4,malicious-ip,medium,WHITE,ziyadnz/hourly-ipv4,ziyadnz|hourly,2026-08-17T18:48:05Z,2026-08-17T18:48:05Z,
106.12.29.168,ipv4,malicious-ip,medium,WHITE,ziyadnz/hourly-ipv4,ziyadnz|hourly,2026-08-17T18:48:05Z,2026-08-17T18:48:05Z,
106.12.29.184,ipv4,malicious-ip,medium,WHITE,ziyadnz/hourly-ipv4,ziyadnz|hourly,2026-08-17T18:48:05Z,2026-08-17T18:48:05Z,
106.12.32.235,ipv4,malicious-ip,medium,WHITE,ziyadnz/hourly-ipv4,ziyadnz|hourly,2026-08-17T18:48:05Z,2026-08-17T18:48:05Z,
106.12.39.174,ipv4,malicious-ip,medium,WHITE,ziyadnz/hourly-ipv4,ziyadnz|hourly,2026-08-17T18:48:05Z,2026-08-17T18:48:05Z,
106.12.43.166,ipv4,malicious-ip,medium,WHITE,ziyadnz/hourly-ipv4,ziyadnz|hourly,2026-08-17T18:48:05Z,2026-08-17T18:48:05Z,
106.12.45.42,ipv4,malicious-ip,medium,WHITE,ziyadnz/hourly-ipv4,ziyadnz|hourly,2026-08-17T18:48:05Z,2026-08-17T18:48:05Z,
106.12.46.206,ipv4,malicious-ip,medium,WHITE,ziyadnz/hourly-ipv4,ziyadnz|hourly,2026-08-17T18:48:05Z,2026-08-17T18:48:05Z,
106.12.6.79,ipv4,malicious-ip,medium,WHITE,ziyadnz/hourly-ipv4,ziyadnz|hourly,2026-08-17T18:48:05Z,2026-08-17T18:48:05Z,
106.12.74.119,ipv4,malicious-ip,medium,WHITE,ziyadnz/hourly-ipv4,ziyadnz|hourly,2026-08-17T18:48:05Z,2026-08-17T18:48:05Z,
106.12.75.58,ipv4,malicious-ip,medium,WHITE,ziyadnz/hourly-ipv4,ziyadnz|hourly,2026-08-17T18:48:05Z,2026-08-17T18:48:05Z,
106.12.86.201,ipv4,malicious-ip,medium,WHITE,ziyadnz/hourly-ipv4,ziyadnz|hourly,2026-08-17T18:48:05Z,2026-08-17T18:48:05Z,
106.12.9.37,ipv4,malicious-ip,medium,WHITE,ziyadnz/hourly-ipv4,ziyadnz|hourly,2026-08-17T18:48:05Z,2026-08-17T18:48:05Z,
106.120.183.66,ipv4,malicious-ip,medium,WHITE,ziyadnz/hourly-ipv4,ziyadnz|hourly,2026-08-17T18:48:05Z,2026-08-17T18:48:05Z,
106.120.240.183,ipv4,malicious-ip,medium,WHITE,ziyadnz/hourly-ipv4,ziyadnz|hourly,2026-08-17T18:48:05Z,2026-08-17T18:48:05Z,
106.120.42.242,ipv4,malicious-ip,medium,WHITE,ziyadnz/hourly-ipv4,ziyadnz|hourly,2026-08-17T18:48:05Z,2026-08-17T18:48:05Z,
106.120.62.164,ipv4,malicious-ip,medium,WHITE,ziyadnz/hourly-ipv4,ziyadnz|hourly,2026-08-17T18:48:05Z,2026-08-17T18:48:05Z,
106.122.223.3,ipv4,malicious-ip,medium,WHITE,ziyadnz/hourly-ipv4,ziyadnz|hourly,2026-08-17T18:48:05Z,2026-08-17T18:48:05Z,
106.122.228.29,ipv4,malicious-ip,medium,WHITE,ziyadnz/hourly-ipv4,ziyadnz|hourly,2026-08-17T18:48:05Z,2026-08-17T18:48:05Z,
106.122.229.50,ipv4,malicious-ip,medium,WHITE,ziyadnz/hourly-ipv4,ziyadnz|hourly,2026-08-17T18:48:05Z,2026-08-17T18:48:05Z,
106.124.137.21,ipv4,malicious-ip,medium,WHITE,ziyadnz/hourly-ipv4,ziyadnz|hourly,2026-08-17T18:48:05Z,2026-08-17T18:48:05Z,
106.125.209.116,ipv4,malicious-ip,medium,WHITE,ziyadnz/hourly-ipv4,ziyadnz|hourly,2026-08-17T18:48:05Z,2026-08-17T18:48:05Z,
106.126.3.56,ipv4,malicious-ip,medium,WHITE,ziyadnz/hourly-ipv4,ziyadnz|hourly,2026-08-17T18:48:05Z,2026-08-17T18:48:05Z,
106.126.3.78,ipv4,malicious-ip,medium,WHITE,ziyadnz/hourly-ipv4,ziyadnz|hourly,2026-08-17T18:48:05Z,2026-08-17T18:48:05Z,
106.13.10.111,ipv4,malicious-ip,medium,WHITE,ziyadnz/hourly-ipv4,ziyadnz|hourly,2026-08-17T18:48:05Z,2026-08-17T18:48:05Z,
106.13.100.52,ipv4,malicious-ip,medium,WHITE,ziyadnz/hourly-ipv4,ziyadnz|hourly,2026-08-17T18:48:05Z,2026-08-17T18:48:05Z,
106.13.101.154,ipv4,malicious-ip,medium,WHITE,ziyadnz/hourly-ipv4,ziyadnz|hourly,2026-08-17T18:48:05Z,2026-08-17T18:48:05Z,
106.13.104.49,ipv4,malicious-ip,medium,WHITE,ziyadnz/hourly-ipv4,ziyadnz|hourly,2026-08-17T18:48:05Z,2026-08-17T18:48:05Z,
106.13.107.35,ipv4,malicious-ip,medium,WHITE,ziyadnz/hourly-ipv4,ziyadnz|hourly,2026-08-17T18:48:05Z,2026-08-17T18:48:05Z,
106.13.109.25,ipv4,malicious-ip,medium,WHITE,ziyadnz/hourly-ipv4,ziyadnz|hourly,2026-08-17T18:48:05Z,2026-08-17T18:48:05Z,
106.13.114.161,ipv4,malicious-ip,medium,WHITE,ziyadnz/hourly-ipv4,ziyadnz|hourly,2026-08-17T18:48:05Z,2026-08-17T18:48:05Z,
106.13.122.198,ipv4,malicious-ip,medium,WHITE,ziyadnz/hourly-ipv4,ziyadnz|hourly,2026-08-17T18:48:05Z,2026-08-17T18:48:05Z,
106.13.122.214,ipv4,malicious-ip,medium,WHITE,ziyadnz/hourly-ipv4,ziyadnz|hourly,2026-08-17T18:48:05Z,2026-08-17T18:48:05Z,
106.13.124.200,ipv4,malicious-ip,medium,WHITE,ziyadnz/hourly-ipv4,ziyadnz|hourly,2026-08-17T18:48:05Z,2026-08-17T18:48:05Z,
106.13.124.241,ipv4,malicious-ip,medium,WHITE,ziyadnz/hourly-ipv4,ziyadnz|hourly,2026-08-17T18:48:05Z,2026-08-17T18:48:05Z,
106.13.135.26,ipv4,malicious-ip,medium,WHITE,ziyadnz/hourly-ipv4,ziyadnz|hourly,2026-08-17T18:48:05Z,2026-08-17T18:48:05Z,
106.13.14.186,ipv4,malicious-ip,medium,WHITE,ziyadnz/hourly-ipv4,ziyadnz|hourly,2026-08-17T18:48:05Z,2026-08-17T18:48:05Z,
106.13.142.171,ipv4,malicious-ip,medium,WHITE,ziyadnz/hourly-ipv4,ziyadnz|hourly,2026-08-17T18:48:05Z,2026-08-17T18:48:05Z,
106.13.144.200,ipv4,malicious-ip,medium,WHITE,ziyadnz/hourly-ipv4,ziyadnz|hourly,2026-08-17T18:48:05Z,2026-08-17T18:48:05Z,
106.13.163.96,ipv4,malicious-ip,medium,WHITE,ziyadnz/hourly-ipv4,ziyadnz|hourly,2026-08-17T18:48:05Z,2026-08-17T18:48:05Z,
106.13.165.101,ipv4,malicious-ip,medium,WHITE,ziyadnz/hourly-ipv4,ziyadnz|hourly,2026-08-17T18:48:05Z,2026-08-17T18:48:05Z,
106.13.170.216,ipv4,malicious-ip,medium,WHITE,ziyadnz/hourly-ipv4,ziyadnz|hourly,2026-08-17T18:48:05Z,2026-08-17T18:48:05Z,
106.13.171.118,ipv4,malicious-ip,medium,WHITE,ziyadnz/hourly-ipv4,ziyadnz|hourly,2026-08-17T18:48:05Z,2026-08-17T18:48:05Z,
106.13.174.45,ipv4,malicious-ip,medium,WHITE,ziyadnz/hourly-ipv4,ziyadnz|hourly,2026-08-17T18:48:05Z,2026-08-17T18:48:05Z,
106.13.178.166,ipv4,malicious-ip,medium,WHITE,ziyadnz/hourly-ipv4,ziyadnz|hourly,2026-08-17T18:48:05Z,2026-08-17T18:48:05Z,
106.13.181.42,ipv4,malicious-ip,medium,WHITE,ziyadnz/hourly-ipv4,ziyadnz|hourly,2026-08-17T18:48:05Z,2026-08-17T18:48:05Z,
106.13.181.87,ipv4,malicious-ip,medium,WHITE,ziyadnz/hourly-ipv4,ziyadnz|hourly,2026-08-17T18:48:05Z,2026-08-17T18:48:05Z,
106.13.182.16,ipv4,malicious-ip,medium,WHITE,ziyadnz/hourly-ipv4,ziyadnz|hourly,2026-08-17T18:48:05Z,2026-08-17T18:48:05Z,
106.13.183.241,ipv4,malicious-ip,medium,WHITE,ziyadnz/hourly-ipv4,ziyadnz|hourly,2026-08-17T18:48:05Z,2026-08-17T18:48:05Z,
106.13.184.33,ipv4,malicious-ip,medium,WHITE,ziyadnz/hourly-ipv4,ziyadnz|hourly,2026-08-17T18:48:05Z,2026-08-17T18:48:05Z,
106.13.186.96,ipv4,malicious-ip,medium,WHITE,ziyadnz/hourly-ipv4,ziyadnz|hourly,2026-08-17T18:48:05Z,2026-08-17T18:48:05Z,
106.13.198.63,ipv4,malicious-ip,medium,WHITE,ziyadnz/hourly-ipv4,ziyadnz|hourly,2026-08-17T18:48:05Z,2026-08-17T18:48:05Z,
106.13.209.152,ipv4,malicious-ip,medium,WHITE,ziyadnz/hourly-ipv4,ziyadnz|hourly,2026-08-17T18:48:05Z,2026-08-17T18:48:05Z,
106.13.22.244,ipv4,malicious-ip,medium,WHITE,ziyadnz/hourly-ipv4,ziyadnz|hourly,2026-08-17T18:48:05Z,2026-08-17T18:48:05Z,
106.13.23.149,ipv4,malicious-ip,medium,WHITE,ziyadnz/hourly-ipv4,ziyadnz|hourly,2026-08-17T18:48:05Z,2026-08-17T18:48:05Z,
106.13.239.146,ipv4,malicious-ip,medium,WHITE,ziyadnz/hourly-ipv4,ziyadnz|hourly,2026-08-17T18:48:05Z,2026-08-17T18:48:05Z,
106.13.27.219,ipv4,malicious-ip,medium,WHITE,ziyadnz/hourly-ipv4,ziyadnz|hourly,2026-08-17T18:48:05Z,2026-08-17T18:48:05Z,
106.13.36.108,ipv4,malicious-ip,medium,WHITE,ziyadnz/hourly-ipv4,ziyadnz|hourly,2026-08-17T18:48:05Z,2026-08-17T18:48:05Z,
106.13.37.197,ipv4,malicious-ip,medium,WHITE,ziyadnz/hourly-ipv4,ziyadnz|hourly,2026-08-17T18:48:05Z,2026-08-17T18:48:05Z,
106.13.39.89,ipv4,malicious-ip,medium,WHITE,ziyadnz/hourly-ipv4,ziyadnz|hourly,2026-08-17T18:48:05Z,2026-08-17T18:48:05Z,
106.13.48.156,ipv4,malicious-ip,medium,WHITE,ziyadnz/hourly-ipv4,ziyadnz|hourly,2026-08-17T18:48:05Z,2026-08-17T18:48:05Z,
106.13.56.235,ipv4,malicious-ip,medium,WHITE,ziyadnz/hourly-ipv4,ziyadnz|hourly,2026-08-17T18:48:05Z,2026-08-17T18:48:05Z,
106.13.68.234,ipv4,malicious-ip,medium,WHITE,ziyadnz/hourly-ipv4,ziyadnz|hourly,2026-08-17T18:48:05Z,2026-08-17T18:48:05Z,
106.13.69.159,ipv4,malicious-ip,medium,WHITE,ziyadnz/hourly-ipv4,ziyadnz|hourly,2026-08-17T18:48:05Z,2026-08-17T18:48:05Z,
106.13.78.62,ipv4,malicious-ip,medium,WHITE,ziyadnz/hourly-ipv4,ziyadnz|hourly,2026-08-17T18:48:05Z,2026-08-17T18:48:05Z,
106.13.79.150,ipv4,malicious-ip,medium,WHITE,ziyadnz/hourly-ipv4,ziyadnz|hourly,2026-08-17T18:48:05Z,2026-08-17T18:48:05Z,
106.13.88.167,ipv4,malicious-ip,medium,WHITE,ziyadnz/hourly-ipv4,ziyadnz|hourly,2026-08-17T18:48:05Z,2026-08-17T18:48:05Z,
106.13.90.74,ipv4,malicious-ip,medium,WHITE,ziyadnz/hourly-ipv4,ziyadnz|hourly,2026-08-17T18:48:05Z,2026-08-17T18:48:05Z,
106.13.95.100,ipv4,malicious-ip,medium,WHITE,ziyadnz/hourly-ipv4,ziyadnz|hourly,2026-08-17T18:48:05Z,2026-08-17T18:48:05Z,
106.13.95.198,ipv4,malicious-ip,medium,WHITE,ziyadnz/hourly-ipv4,ziyadnz|hourly,2026-08-17T18:48:05Z,2026-08-17T18:48:05Z,
106.13.96.57,ipv4,malicious-ip,medium,WHITE,ziyadnz/hourly-ipv4,ziyadnz|hourly,2026-08-17T18:48:05Z,2026-08-17T18:48:05Z,
106.14.150.218,ipv4,malicious-ip,medium,WHITE,ziyadnz/hourly-ipv4,ziyadnz|hourly,2026-08-17T18:48:05Z,2026-08-17T18:48:05Z,
106.15.10.168,ipv4,malicious-ip,medium,WHITE,ziyadnz/hourly-ipv4,ziyadnz|hourly,2026-08-17T18:48:05Z,2026-08-17T18:48:05Z,
106.15.236.209,ipv4,malicious-ip,medium,WHITE,ziyadnz/hourly-ipv4,ziyadnz|hourly,2026-08-17T18:48:05Z,2026-08-17T18:48:05Z,
106.15.47.176,ipv4,malicious-ip,medium,WHITE,ziyadnz/hourly-ipv4,ziyadnz|hourly,2026-08-17T18:48:05Z,2026-08-17T18:48:05Z,
106.15.6.205,ipv4,malicious-ip,medium,WHITE,ziyadnz/hourly-ipv4,ziyadnz|hourly,2026-08-17T18:48:05Z,2026-08-17T18:48:05Z,
106.15.62.99,ipv4,malicious-ip,medium,WHITE,ziyadnz/hourly-ipv4,ziyadnz|hourly,2026-08-17T18:48:05Z,2026-08-17T18:48:05Z,
106.15.90.61,ipv4,malicious-ip,medium,WHITE,ziyadnz/hourly-ipv4,ziyadnz|hourly,2026-08-17T18:48:05Z,2026-08-17T18:48:05Z,
106.192.169.83,ipv4,malicious-ip,medium,WHITE,ziyadnz/hourly-ipv4,ziyadnz|hourly,2026-08-17T18:48:05Z,2026-08-17T18:48:05Z,
106.192.17.243,ipv4,malicious-ip,medium,WHITE,ziyadnz/hourly-ipv4,ziyadnz|hourly,2026-08-17T18:48:05Z,2026-08-17T18:48:05Z,
106.192.176.177,ipv4,malicious-ip,medium,WHITE,ziyadnz/hourly-ipv4,ziyadnz|hourly,2026-08-17T18:48:05Z,2026-08-17T18:48:05Z,
106.192.178.125,ipv4,malicious-ip,medium,WHITE,ziyadnz/hourly-ipv4,ziyadnz|hourly,2026-08-17T18:48:05Z,2026-08-17T18:48:05Z,
106.192.183.169,ipv4,malicious-ip,medium,WHITE,ziyadnz/hourly-ipv4,ziyadnz|hourly,2026-08-17T18:48:05Z,2026-08-17T18:48:05Z,
106.192.187.176,ipv4,malicious-ip,medium,WHITE,ziyadnz/hourly-ipv4,ziyadnz|hourly,2026-08-17T18:48:05Z,2026-08-17T18:48:05Z,
106.192.218.129,ipv4,malicious-ip,medium,WHITE,ziyadnz/hourly-ipv4,ziyadnz|hourly,2026-08-17T18:48:05Z,2026-08-17T18:48:05Z,
106.192.234.201,ipv4,malicious-ip,medium,WHITE,ziyadnz/hourly-ipv4,ziyadnz|hourly,2026-08-17T18:48:05Z,2026-08-17T18:48:05Z,
106.192.235.248,ipv4,malicious-ip,medium,WHITE,ziyadnz/hourly-ipv4,ziyadnz|hourly,2026-08-17T18:48:05Z,2026-08-17T18:48:05Z,
106.192.74.26,ipv4,malicious-ip,medium,WHITE,ziyadnz/hourly-ipv4,ziyadnz|hourly,2026-08-17T18:48:05Z,2026-08-17T18:48:05Z,
106.192.95.5,ipv4,malicious-ip,medium,WHITE,ziyadnz/hourly-ipv4,ziyadnz|hourly,2026-08-17T18:48:05Z,2026-08-17T18:48:05Z,
106.192.98.91,ipv4,malicious-ip,medium,WHITE,ziyadnz/hourly-ipv4,ziyadnz|hourly,2026-08-17T18:48:05Z,2026-08-17T18:48:05Z,
106.194.67.131,ipv4,malicious-ip,medium,WHITE,ziyadnz/hourly-ipv4,ziyadnz|hourly,2026-08-17T18:48:05Z,2026-08-17T18:48:05Z,
106.195.1.43,ipv4,malicious-ip,medium,WHITE,ziyadnz/hourly-ipv4,ziyadnz|hourly,2026-08-17T18:48:05Z,2026-08-17T18:48:05Z,
106.195.75.241,ipv4,malicious-ip,medium,WHITE,ziyadnz/hourly-ipv4,ziyadnz|hourly,2026-08-17T18:48:05Z,2026-08-17T18:48:05Z,
106.200.7.70,ipv4,malicious-ip,medium,WHITE,ziyadnz/hourly-ipv4,ziyadnz|hourly,2026-08-17T18:48:05Z,2026-08-17T18:48:05Z,
106.201.149.95,ipv4,malicious-ip,medium,WHITE,ziyadnz/hourly-ipv4,ziyadnz|hourly,2026-08-17T18:48:05Z,2026-08-17T18:48:05Z,
106.201.237.208,ipv4,malicious-ip,medium,WHITE,ziyadnz/hourly-ipv4,ziyadnz|hourly,2026-08-17T18:48:05Z,2026-08-17T18:48:05Z,
106.201.76.203,ipv4,malicious-ip,medium,WHITE,ziyadnz/hourly-ipv4,ziyadnz|hourly,2026-08-17T18:48:05Z,2026-08-17T18:48:05Z,
106.201.80.104,ipv4,malicious-ip,medium,WHITE,ziyadnz/hourly-ipv4,ziyadnz|hourly,2026-08-17T18:48:05Z,2026-08-17T18:48:05Z,
106.202.47.203,ipv4,malicious-ip,medium,WHITE,ziyadnz/hourly-ipv4,ziyadnz|hourly,2026-08-17T18:48:05Z,2026-08-17T18:48:05Z,
106.202.6.252,ipv4,malicious-ip,medium,WHITE,ziyadnz/hourly-ipv4,ziyadnz|hourly,2026-08-17T18:48:05Z,2026-08-17T18:48:05Z,
106.205.184.132,ipv4,malicious-ip,medium,WHITE,ziyadnz/hourly-ipv4,ziyadnz|hourly,2026-08-17T18:48:05Z,2026-08-17T18:48:05Z,
106.205.188.57,ipv4,malicious-ip,medium,WHITE,ziyadnz/hourly-ipv4,ziyadnz|hourly,2026-08-17T18:48:05Z,2026-08-17T18:48:05Z,
106.205.192.228,ipv4,malicious-ip,medium,WHITE,ziyadnz/hourly-ipv4,ziyadnz|hourly,2026-08-17T18:48:05Z,2026-08-17T18:48:05Z,
106.205.192.63,ipv4,malicious-ip,medium,WHITE,ziyadnz/hourly-ipv4,ziyadnz|hourly,2026-08-17T18:48:05Z,2026-08-17T18:48:05Z,
106.205.193.83,ipv4,malicious-ip,medium,WHITE,ziyadnz/hourly-ipv4,ziyadnz|hourly,2026-08-17T18:48:05Z,2026-08-17T18:48:05Z,
106.205.198.70,ipv4,malicious-ip,medium,WHITE,ziyadnz/hourly-ipv4,ziyadnz|hourly,2026-08-17T18:48:05Z,2026-08-17T18:48:05Z,
106.205.237.206,ipv4,malicious-ip,medium,WHITE,ziyadnz/hourly-ipv4,ziyadnz|hourly,2026-08-17T18:48:05Z,2026-08-17T18:48:05Z,
106.205.4.227,ipv4,malicious-ip,medium,WHITE,ziyadnz/hourly-ipv4,ziyadnz|hourly,2026-08-17T18:48:05Z,2026-08-17T18:48:05Z,
106.213.83.38,ipv4,malicious-ip,medium,WHITE,ziyadnz/hourly-ipv4,ziyadnz|hourly,2026-08-17T18:48:05Z,2026-08-17T18:48:05Z,
106.213.87.96,ipv4,malicious-ip,medium,WHITE,ziyadnz/hourly-ipv4,ziyadnz|hourly,2026-08-17T18:48:05Z,2026-08-17T18:48:05Z,
106.214.0.200,ipv4,malicious-ip,medium,WHITE,ziyadnz/hourly-ipv4,ziyadnz|hourly,2026-08-17T18:48:05Z,2026-08-17T18:48:05Z,
106.214.2.253,ipv4,malicious-ip,medium,WHITE,ziyadnz/hourly-ipv4,ziyadnz|hourly,2026-08-17T18:48:05Z,2026-08-17T18:48:05Z,
106.214.226.76,ipv4,malicious-ip,medium,WHITE,ziyadnz/hourly-ipv4,ziyadnz|hourly,2026-08-17T18:48:05Z,2026-08-17T18:48:05Z,
106.214.3.163,ipv4,malicious-ip,medium,WHITE,ziyadnz/hourly-ipv4,ziyadnz|hourly,2026-08-17T18:48:05Z,2026-08-17T18:48:05Z,
106.214.8.141,ipv4,malicious-ip,medium,WHITE,ziyadnz/hourly-ipv4,ziyadnz|hourly,2026-08-17T18:48:05Z,2026-08-17T18:48:05Z,
106.214.8.48,ipv4,malicious-ip,medium,WHITE,ziyadnz/hourly-ipv4,ziyadnz|hourly,2026-08-17T18:48:05Z,2026-08-17T18:48:05Z,
106.214.8.51,ipv4,malicious-ip,medium,WHITE,ziyadnz/hourly-ipv4,ziyadnz|hourly,2026-08-17T18:48:05Z,2026-08-17T18:48:05Z,
106.214.8.73,ipv4,malicious-ip,medium,WHITE,ziyadnz/hourly-ipv4,ziyadnz|hourly,2026-08-17T18:48:05Z,2026-08-17T18:48:05Z,
106.214.9.17,ipv4,malicious-ip,medium,WHITE,ziyadnz/hourly-ipv4,ziyadnz|hourly,2026-08-17T18:48:05Z,2026-08-17T18:48:05Z,
106.214.9.196,ipv4,malicious-ip,medium,WHITE,ziyadnz/hourly-ipv4,ziyadnz|hourly,2026-08-17T18:48:05Z,2026-08-17T18:48:05Z,
106.214.9.223,ipv4,malicious-ip,medium,WHITE,ziyadnz/hourly-ipv4,ziyadnz|hourly,2026-08-17T18:48:05Z,2026-08-17T18:48:05Z,
106.214.9.47,ipv4,malicious-ip,medium,WHITE,ziyadnz/hourly-ipv4,ziyadnz|hourly,2026-08-17T18:48:05Z,2026-08-17T18:48:05Z,
106.215.142.150,ipv4,malicious-ip,medium,WHITE,ziyadnz/hourly-ipv4,ziyadnz|hourly,2026-08-17T18:48:05Z,2026-08-17T18:48:05Z,
106.215.147.29,ipv4,malicious-ip,medium,WHITE,ziyadnz/hourly-ipv4,ziyadnz|hourly,2026-08-17T18:48:05Z,2026-08-17T18:48:05Z,
106.215.150.228,ipv4,malicious-ip,medium,WHITE,ziyadnz/hourly-ipv4,ziyadnz|hourly,2026-08-17T18:48:05Z,2026-08-17T18:48:05Z,
106.215.151.66,ipv4,malicious-ip,medium,WHITE,ziyadnz/hourly-ipv4,ziyadnz|hourly,2026-08-17T18:48:05Z,2026-08-17T18:48:05Z,
106.215.152.29,ipv4,malicious-ip,medium,WHITE,ziyadnz/hourly-ipv4,ziyadnz|hourly,2026-08-17T18:48:05Z,2026-08-17T18:48:05Z,
106.215.152.41,ipv4,malicious-ip,medium,WHITE,ziyadnz/hourly-ipv4,ziyadnz|hourly,2026-08-17T18:48:05Z,2026-08-17T18:48:05Z,
106.215.153.82,ipv4,malicious-ip,medium,WHITE,ziyadnz/hourly-ipv4,ziyadnz|hourly,2026-08-17T18:48:05Z,2026-08-17T18:48:05Z,
106.215.154.72,ipv4,malicious-ip,medium,WHITE,ziyadnz/hourly-ipv4,ziyadnz|hourly,2026-08-17T18:48:05Z,2026-08-17T18:48:05Z,
106.215.167.236,ipv4,malicious-ip,medium,WHITE,ziyadnz/hourly-ipv4,ziyadnz|hourly,2026-08-17T18:48:05Z,2026-08-17T18:48:05Z,
106.215.173.168,ipv4,malicious-ip,medium,WHITE,ziyadnz/hourly-ipv4,ziyadnz|hourly,2026-08-17T18:48:05Z,2026-08-17T18:48:05Z,
106.215.180.44,ipv4,malicious-ip,medium,WHITE,ziyadnz/hourly-ipv4,ziyadnz|hourly,2026-08-17T18:48:05Z,2026-08-17T18:48:05Z,
106.215.181.1,ipv4,malicious-ip,medium,WHITE,ziyadnz/hourly-ipv4,ziyadnz|hourly,2026-08-17T18:48:05Z,2026-08-17T18:48:05Z,
106.216.199.160,ipv4,malicious-ip,medium,WHITE,ziyadnz/hourly-ipv4,ziyadnz|hourly,2026-08-17T18:48:05Z,2026-08-17T18:48:05Z,
106.216.202.240,ipv4,malicious-ip,medium,WHITE,ziyadnz/hourly-ipv4,ziyadnz|hourly,2026-08-17T18:48:05Z,2026-08-17T18:48:05Z,
106.219.120.193,ipv4,malicious-ip,medium,WHITE,ziyadnz/hourly-ipv4,ziyadnz|hourly,2026-08-17T18:48:05Z,2026-08-17T18:48:05Z,
106.219.120.6,ipv4,malicious-ip,medium,WHITE,ziyadnz/hourly-ipv4,ziyadnz|hourly,2026-08-17T18:48:05Z,2026-08-17T18:48:05Z,
106.219.145.113,ipv4,malicious-ip,medium,WHITE,ziyadnz/hourly-ipv4,ziyadnz|hourly,2026-08-17T18:48:05Z,2026-08-17T18:48:05Z,
106.219.148.127,ipv4,malicious-ip,medium,WHITE,ziyadnz/hourly-ipv4,ziyadnz|hourly,2026-08-17T18:48:05Z,2026-08-17T18:48:05Z,
106.219.151.6,ipv4,malicious-ip,medium,WHITE,ziyadnz/hourly-ipv4,ziyadnz|hourly,2026-08-17T18:48:05Z,2026-08-17T18:48:05Z,
106.219.153.62,ipv4,malicious-ip,medium,WHITE,ziyadnz/hourly-ipv4,ziyadnz|hourly,2026-08-17T18:48:05Z,2026-08-17T18:48:05Z,
106.219.155.248,ipv4,malicious-ip,medium,WHITE,ziyadnz/hourly-ipv4,ziyadnz|hourly,2026-08-17T18:48:05Z,2026-08-17T18:48:05Z,
106.219.158.111,ipv4,malicious-ip,medium,WHITE,ziyadnz/hourly-ipv4,ziyadnz|hourly,2026-08-17T18:48:05Z,2026-08-17T18:48:05Z,
106.219.159.137,ipv4,malicious-ip,medium,WHITE,ziyadnz/hourly-ipv4,ziyadnz|hourly,2026-08-17T18:48:05Z,2026-08-17T18:48:05Z,
106.219.163.150,ipv4,malicious-ip,medium,WHITE,ziyadnz/hourly-ipv4,ziyadnz|hourly,2026-08-17T18:48:05Z,2026-08-17T18:48:05Z,
106.219.165.136,ipv4,malicious-ip,medium,WHITE,ziyadnz/hourly-ipv4,ziyadnz|hourly,2026-08-17T18:48:05Z,2026-08-17T18:48:05Z,
106.219.167.157,ipv4,malicious-ip,medium,WHITE,ziyadnz/hourly-ipv4,ziyadnz|hourly,2026-08-17T18:48:05Z,2026-08-17T18:48:05Z,
106.219.170.42,ipv4,malicious-ip,medium,WHITE,ziyadnz/hourly-ipv4,ziyadnz|hourly,2026-08-17T18:48:05Z,2026-08-17T18:48:05Z,
106.219.190.122,ipv4,malicious-ip,medium,WHITE,ziyadnz/hourly-ipv4,ziyadnz|hourly,2026-08-17T18:48:05Z,2026-08-17T18:48:05Z,
106.219.216.103,ipv4,malicious-ip,medium,WHITE,ziyadnz/hourly-ipv4,ziyadnz|hourly,2026-08-17T18:48:05Z,2026-08-17T18:48:05Z,
106.219.217.100,ipv4,malicious-ip,medium,WHITE,ziyadnz/hourly-ipv4,ziyadnz|hourly,2026-08-17T18:48:05Z,2026-08-17T18:48:05Z,
106.219.241.219,ipv4,malicious-ip,medium,WHITE,ziyadnz/hourly-ipv4,ziyadnz|hourly,2026-08-17T18:48:05Z,2026-08-17T18:48:05Z,
106.219.243.242,ipv4,malicious-ip,medium,WHITE,ziyadnz/hourly-ipv4,ziyadnz|hourly,2026-08-17T18:48:05Z,2026-08-17T18:48:05Z,
106.219.246.144,ipv4,malicious-ip,medium,WHITE,ziyadnz/hourly-ipv4,ziyadnz|hourly,2026-08-17T18:48:05Z,2026-08-17T18:48:05Z,
106.219.71.109,ipv4,malicious-ip,medium,WHITE,ziyadnz/hourly-ipv4,ziyadnz|hourly,2026-08-17T18:48:05Z,2026-08-17T18:48:05Z,
106.219.86.120,ipv4,malicious-ip,medium,WHITE,ziyadnz/hourly-ipv4,ziyadnz|hourly,2026-08-17T18:48:05Z,2026-08-17T18:48:05Z,
106.220.124.157,ipv4,malicious-ip,medium,WHITE,ziyadnz/hourly-ipv4,ziyadnz|hourly,2026-08-17T18:48:05Z,2026-08-17T18:48:05Z,
106.222.205.96,ipv4,malicious-ip,medium,WHITE,ziyadnz/hourly-ipv4,ziyadnz|hourly,2026-08-17T18:48:05Z,2026-08-17T18:48:05Z,
106.222.209.182,ipv4,malicious-ip,medium,WHITE,ziyadnz/hourly-ipv4,ziyadnz|hourly,2026-08-17T18:48:05Z,2026-08-17T18:48:05Z,
106.222.211.216,ipv4,malicious-ip,medium,WHITE,ziyadnz/hourly-ipv4,ziyadnz|hourly,2026-08-17T18:48:05Z,2026-08-17T18:48:05Z,
106.222.216.49,ipv4,malicious-ip,medium,WHITE,ziyadnz/hourly-ipv4,ziyadnz|hourly,2026-08-17T18:48:05Z,2026-08-17T18:48:05Z,
106.222.218.253,ipv4,malicious-ip,medium,WHITE,ziyadnz/hourly-ipv4,ziyadnz|hourly,2026-08-17T18:48:05Z,2026-08-17T18:48:05Z,
106.222.224.241,ipv4,malicious-ip,medium,WHITE,ziyadnz/hourly-ipv4,ziyadnz|hourly,2026-08-17T18:48:05Z,2026-08-17T18:48:05Z,
106.222.225.217,ipv4,malicious-ip,medium,WHITE,ziyadnz/hourly-ipv4,ziyadnz|hourly,2026-08-17T18:48:05Z,2026-08-17T18:48:05Z,
106.222.225.220,ipv4,malicious-ip,medium,WHITE,ziyadnz/hourly-ipv4,ziyadnz|hourly,2026-08-17T18:48:05Z,2026-08-17T18:48:05Z,
106.222.225.247,ipv4,malicious-ip,medium,WHITE,ziyadnz/hourly-ipv4,ziyadnz|hourly,2026-08-17T18:48:05Z,2026-08-17T18:48:05Z,
106.222.226.174,ipv4,malicious-ip,medium,WHITE,ziyadnz/hourly-ipv4,ziyadnz|hourly,2026-08-17T18:48:05Z,2026-08-17T18:48:05Z,
106.222.228.249,ipv4,malicious-ip,medium,WHITE,ziyadnz/hourly-ipv4,ziyadnz|hourly,2026-08-17T18:48:05Z,2026-08-17T18:48:05Z,
106.222.229.111,ipv4,malicious-ip,medium,WHITE,ziyadnz/hourly-ipv4,ziyadnz|hourly,2026-08-17T18:48:05Z,2026-08-17T18:48:05Z,
106.222.230.104,ipv4,malicious-ip,medium,WHITE,ziyadnz/hourly-ipv4,ziyadnz|hourly,2026-08-17T18:48:05Z,2026-08-17T18:48:05Z,
106.222.230.31,ipv4,malicious-ip,medium,WHITE,ziyadnz/hourly-ipv4,ziyadnz|hourly,2026-08-17T18:48:05Z,2026-08-17T18:48:05Z,
106.222.231.206,ipv4,malicious-ip,medium,WHITE,ziyadnz/hourly-ipv4,ziyadnz|hourly,2026-08-17T18:48:05Z,2026-08-17T18:48:05Z,
106.222.235.134,ipv4,malicious-ip,medium,WHITE,ziyadnz/hourly-ipv4,ziyadnz|hourly,2026-08-17T18:48:05Z,2026-08-17T18:48:05Z,
106.222.249.181,ipv4,malicious-ip,medium,WHITE,ziyadnz/hourly-ipv4,ziyadnz|hourly,2026-08-17T18:48:05Z,2026-08-17T18:48:05Z,
106.222.250.200,ipv4,malicious-ip,medium,WHITE,ziyadnz/hourly-ipv4,ziyadnz|hourly,2026-08-17T18:48:05Z,2026-08-17T18:48:05Z,
106.222.250.228,ipv4,malicious-ip,medium,WHITE,ziyadnz/hourly-ipv4,ziyadnz|hourly,2026-08-17T18:48:05Z,2026-08-17T18:48:05Z,
106.222.250.255,ipv4,malicious-ip,medium,WHITE,ziyadnz/hourly-ipv4,ziyadnz|hourly,2026-08-17T18:48:05Z,2026-08-17T18:48:05Z,
106.222.250.57,ipv4,malicious-ip,medium,WHITE,ziyadnz/hourly-ipv4,ziyadnz|hourly,2026-08-17T18:48:05Z,2026-08-17T18:48:05Z,
106.222.251.110,ipv4,malicious-ip,medium,WHITE,ziyadnz/hourly-ipv4,ziyadnz|hourly,2026-08-17T18:48:05Z,2026-08-17T18:48:05Z,
106.222.251.115,ipv4,malicious-ip,medium,WHITE,ziyadnz/hourly-ipv4,ziyadnz|hourly,2026-08-17T18:48:05Z,2026-08-17T18:48:05Z,
106.222.251.20,ipv4,malicious-ip,medium,WHITE,ziyadnz/hourly-ipv4,ziyadnz|hourly,2026-08-17T18:48:05Z,2026-08-17T18:48:05Z,
106.225.131.252,ipv4,malicious-ip,medium,WHITE,ziyadnz/hourly-ipv4,ziyadnz|hourly,2026-08-17T18:48:05Z,2026-08-17T18:48:05Z,
106.225.180.209,ipv4,malicious-ip,medium,WHITE,ziyadnz/hourly-ipv4,ziyadnz|hourly,2026-08-17T18:48:05Z,2026-08-17T18:48:05Z,
106.225.192.15,ipv4,malicious-ip,medium,WHITE,ziyadnz/hourly-ipv4,ziyadnz|hourly,2026-08-17T18:48:05Z,2026-08-17T18:48:05Z,
106.225.216.171,ipv4,malicious-ip,medium,WHITE,ziyadnz/hourly-ipv4,ziyadnz|hourly,2026-08-17T18:48:05Z,2026-08-17T18:48:05Z,
106.225.218.61,ipv4,malicious-ip,medium,WHITE,ziyadnz/hourly-ipv4,ziyadnz|hourly,2026-08-17T18:48:05Z,2026-08-17T18:48:05Z,
106.226.61.143,ipv4,malicious-ip,medium,WHITE,ziyadnz/hourly-ipv4,ziyadnz|hourly,2026-08-17T18:48:05Z,2026-08-17T18:48:05Z,
106.226.62.154,ipv4,malicious-ip,medium,WHITE,ziyadnz/hourly-ipv4,ziyadnz|hourly,2026-08-17T18:48:05Z,2026-08-17T18:48:05Z,
106.227.14.198,ipv4,malicious-ip,medium,WHITE,ziyadnz/hourly-ipv4,ziyadnz|hourly,2026-08-17T18:48:05Z,2026-08-17T18:48:05Z,
106.227.33.165,ipv4,malicious-ip,medium,WHITE,ziyadnz/hourly-ipv4,ziyadnz|hourly,2026-08-17T18:48:05Z,2026-08-17T18:48:05Z,
106.227.75.197,ipv4,malicious-ip,medium,WHITE,ziyadnz/hourly-ipv4,ziyadnz|hourly,2026-08-17T18:48:05Z,2026-08-17T18:48:05Z,
106.243.25.83,ipv4,malicious-ip,medium,WHITE,ziyadnz/hourly-ipv4,ziyadnz|hourly,2026-08-17T18:48:05Z,2026-08-17T18:48:05Z,
106.243.87.164,ipv4,malicious-ip,medium,WHITE,ziyadnz/hourly-ipv4,ziyadnz|hourly,2026-08-17T18:48:05Z,2026-08-17T18:48:05Z,
106.244.74.67,ipv4,malicious-ip,medium,WHITE,ziyadnz/hourly-ipv4,ziyadnz|hourly,2026-08-17T18:48:05Z,2026-08-17T18:48:05Z,
106.245.142.83,ipv4,malicious-ip,medium,WHITE,ziyadnz/hourly-ipv4,ziyadnz|hourly,2026-08-17T18:48:05Z,2026-08-17T18:48:05Z,
106.245.246.26,ipv4,malicious-ip,medium,WHITE,ziyadnz/hourly-ipv4,ziyadnz|hourly,2026-08-17T18:48:05Z,2026-08-17T18:48:05Z,
106.246.224.219,ipv4,malicious-ip,medium,WHITE,ziyadnz/hourly-ipv4,ziyadnz|hourly,2026-08-17T18:48:05Z,2026-08-17T18:48:05Z,
106.248.251.189,ipv4,malicious-ip,medium,WHITE,ziyadnz/hourly-ipv4,ziyadnz|hourly,2026-08-17T18:48:05Z,2026-08-17T18:48:05Z,
106.251.252.83,ipv4,malicious-ip,medium,WHITE,ziyadnz/hourly-ipv4,ziyadnz|hourly,2026-08-17T18:48:05Z,2026-08-17T18:48:05Z,
106.252.57.21,ipv4,malicious-ip,medium,WHITE,ziyadnz/hourly-ipv4,ziyadnz|hourly,2026-08-17T18:48:05Z,2026-08-17T18:48:05Z,
106.253.71.219,ipv4,malicious-ip,medium,WHITE,ziyadnz/hourly-ipv4,ziyadnz|hourly,2026-08-17T18:48:05Z,2026-08-17T18:48:05Z,
106.254.237.82,ipv4,malicious-ip,medium,WHITE,ziyadnz/hourly-ipv4,ziyadnz|hourly,2026-08-17T18:48:05Z,2026-08-17T18:48:05Z,
106.254.54.101,ipv4,malicious-ip,medium,WHITE,ziyadnz/hourly-ipv4,ziyadnz|hourly,2026-08-17T18:48:05Z,2026-08-17T18:48:05Z,
106.255.223.173,ipv4,malicious-ip,medium,WHITE,ziyadnz/hourly-ipv4,ziyadnz|hourly,2026-08-17T18:48:05Z,2026-08-17T18:48:05Z,
106.3.130.252,ipv4,malicious-ip,medium,WHITE,ziyadnz/hourly-ipv4,ziyadnz|hourly,2026-08-17T18:48:05Z,2026-08-17T18:48:05Z,
106.32.134.70,ipv4,malicious-ip,medium,WHITE,ziyadnz/hourly-ipv4,ziyadnz|hourly,2026-08-17T18:48:05Z,2026-08-17T18:48:05Z,
106.32.135.99,ipv4,malicious-ip,medium,WHITE,ziyadnz/hourly-ipv4,ziyadnz|hourly,2026-08-17T18:48:05Z,2026-08-17T18:48:05Z,
106.32.168.186,ipv4,malicious-ip,medium,WHITE,ziyadnz/hourly-ipv4,ziyadnz|hourly,2026-08-17T18:48:05Z,2026-08-17T18:48:05Z,
106.32.168.249,ipv4,malicious-ip,medium,WHITE,ziyadnz/hourly-ipv4,ziyadnz|hourly,2026-08-17T18:48:05Z,2026-08-17T18:48:05Z,
106.32.169.131,ipv4,malicious-ip,medium,WHITE,ziyadnz/hourly-ipv4,ziyadnz|hourly,2026-08-17T18:48:05Z,2026-08-17T18:48:05Z,
106.32.169.27,ipv4,malicious-ip,medium,WHITE,ziyadnz/hourly-ipv4,ziyadnz|hourly,2026-08-17T18:48:05Z,2026-08-17T18:48:05Z,
106.32.184.176,ipv4,malicious-ip,medium,WHITE,ziyadnz/hourly-ipv4,ziyadnz|hourly,2026-08-17T18:48:05Z,2026-08-17T18:48:05Z,
106.32.185.96,ipv4,malicious-ip,medium,WHITE,ziyadnz/hourly-ipv4,ziyadnz|hourly,2026-08-17T18:48:05Z,2026-08-17T18:48:05Z,
106.32.187.241,ipv4,malicious-ip,medium,WHITE,ziyadnz/hourly-ipv4,ziyadnz|hourly,2026-08-17T18:48:05Z,2026-08-17T18:48:05Z,
106.35.129.141,ipv4,malicious-ip,medium,WHITE,ziyadnz/hourly-ipv4,ziyadnz|hourly,2026-08-17T18:48:05Z,2026-08-17T18:48:05Z,
106.35.141.240,ipv4,malicious-ip,medium,WHITE,ziyadnz/hourly-ipv4,ziyadnz|hourly,2026-08-17T18:48:05Z,2026-08-17T18:48:05Z,
106.36.152.182,ipv4,malicious-ip,medium,WHITE,ziyadnz/hourly-ipv4,ziyadnz|hourly,2026-08-17T18:48:05Z,2026-08-17T18:48:05Z,
106.37.170.66,ipv4,malicious-ip,medium,WHITE,ziyadnz/hourly-ipv4,ziyadnz|hourly,2026-08-17T18:48:05Z,2026-08-17T18:48:05Z,
106.37.191.2,ipv4,malicious-ip,medium,WHITE,ziyadnz/hourly-ipv4,ziyadnz|hourly,2026-08-17T18:48:05Z,2026-08-17T18:48:05Z,
106.38.226.160,ipv4,malicious-ip,medium,WHITE,ziyadnz/hourly-ipv4,ziyadnz|hourly,2026-08-17T18:48:05Z,2026-08-17T18:48:05Z,
106.38.226.205,ipv4,malicious-ip,medium,WHITE,ziyadnz/hourly-ipv4,ziyadnz|hourly,2026-08-17T18:48:05Z,2026-08-17T18:48:05Z,
106.38.226.214,ipv4,malicious-ip,medium,WHITE,ziyadnz/hourly-ipv4,ziyadnz|hourly,2026-08-17T18:48:05Z,2026-08-17T18:48:05Z,
106.38.26.71,ipv4,malicious-ip,medium,WHITE,ziyadnz/hourly-ipv4,ziyadnz|hourly,2026-08-17T18:48:05Z,2026-08-17T18:48:05Z,
106.4.21.134,ipv4,malicious-ip,medium,WHITE,ziyadnz/hourly-ipv4,ziyadnz|hourly,2026-08-17T18:48:05Z,2026-08-17T18:48:05Z,
106.40.111.100,ipv4,malicious-ip,medium,WHITE,ziyadnz/hourly-ipv4,ziyadnz|hourly,2026-08-17T18:48:05Z,2026-08-17T18:48:05Z,
106.40.172.196,ipv4,malicious-ip,medium,WHITE,ziyadnz/hourly-ipv4,ziyadnz|hourly,2026-08-17T18:48:05Z,2026-08-17T18:48:05Z,
106.40.184.95,ipv4,malicious-ip,medium,WHITE,ziyadnz/hourly-ipv4,ziyadnz|hourly,2026-08-17T18:48:05Z,2026-08-17T18:48:05Z,
106.40.188.137,ipv4,malicious-ip,medium,WHITE,ziyadnz/hourly-ipv4,ziyadnz|hourly,2026-08-17T18:48:05Z,2026-08-17T18:48:05Z,
106.40.191.239,ipv4,malicious-ip,medium,WHITE,ziyadnz/hourly-ipv4,ziyadnz|hourly,2026-08-17T18:48:05Z,2026-08-17T18:48:05Z,
106.40.240.250,ipv4,malicious-ip,medium,WHITE,ziyadnz/hourly-ipv4,ziyadnz|hourly,2026-08-17T18:48:05Z,2026-08-17T18:48:05Z,
106.40.241.12,ipv4,malicious-ip,medium,WHITE,ziyadnz/hourly-ipv4,ziyadnz|hourly,2026-08-17T18:48:05Z,2026-08-17T18:48:05Z,
106.40.243.226,ipv4,malicious-ip,medium,WHITE,ziyadnz/hourly-ipv4,ziyadnz|hourly,2026-08-17T18:48:05Z,2026-08-17T18:48:05Z,
106.40.80.2,ipv4,malicious-ip,medium,WHITE,ziyadnz/hourly-ipv4,ziyadnz|hourly,2026-08-17T18:48:05Z,2026-08-17T18:48:05Z,
106.42.178.213,ipv4,malicious-ip,medium,WHITE,ziyadnz/hourly-ipv4,ziyadnz|hourly,2026-08-17T18:48:05Z,2026-08-17T18:48:05Z,
106.42.217.166,ipv4,malicious-ip,medium,WHITE,ziyadnz/hourly-ipv4,ziyadnz|hourly,2026-08-17T18:48:05Z,2026-08-17T18:48:05Z,
106.43.100.84,ipv4,malicious-ip,medium,WHITE,ziyadnz/hourly-ipv4,ziyadnz|hourly,2026-08-17T18:48:05Z,2026-08-17T18:48:05Z,
106.46.119.78,ipv4,malicious-ip,medium,WHITE,ziyadnz/hourly-ipv4,ziyadnz|hourly,2026-08-17T18:48:05Z,2026-08-17T18:48:05Z,
106.51.118.112,ipv4,malicious-ip,medium,WHITE,ziyadnz/hourly-ipv4,ziyadnz|hourly,2026-08-17T18:48:05Z,2026-08-17T18:48:05Z,
106.51.126.58,ipv4,malicious-ip,medium,WHITE,ziyadnz/hourly-ipv4,ziyadnz|hourly,2026-08-17T18:48:05Z,2026-08-17T18:48:05Z,
106.51.134.29,ipv4,malicious-ip,medium,WHITE,ziyadnz/hourly-ipv4,ziyadnz|hourly,2026-08-17T18:48:05Z,2026-08-17T18:48:05Z,
106.51.150.254,ipv4,malicious-ip,medium,WHITE,ziyadnz/hourly-ipv4,ziyadnz|hourly,2026-08-17T18:48:05Z,2026-08-17T18:48:05Z,
106.51.153.127,ipv4,malicious-ip,medium,WHITE,ziyadnz/hourly-ipv4,ziyadnz|hourly,2026-08-17T18:48:05Z,2026-08-17T18:48:05Z,
106.51.185.201,ipv4,malicious-ip,medium,WHITE,ziyadnz/hourly-ipv4,ziyadnz|hourly,2026-08-17T18:48:05Z,2026-08-17T18:48:05Z,
106.51.188.27,ipv4,malicious-ip,medium,WHITE,ziyadnz/hourly-ipv4,ziyadnz|hourly,2026-08-17T18:48:05Z,2026-08-17T18:48:05Z,
106.51.2.196,ipv4,malicious-ip,medium,WHITE,ziyadnz/hourly-ipv4,ziyadnz|hourly,2026-08-17T18:48:05Z,2026-08-17T18:48:05Z,
106.51.20.239,ipv4,malicious-ip,medium,WHITE,ziyadnz/hourly-ipv4,ziyadnz|hourly,2026-08-17T18:48:05Z,2026-08-17T18:48:05Z,
106.51.207.2,ipv4,malicious-ip,medium,WHITE,ziyadnz/hourly-ipv4,ziyadnz|hourly,2026-08-17T18:48:05Z,2026-08-17T18:48:05Z,
106.51.31.123,ipv4,malicious-ip,medium,WHITE,ziyadnz/hourly-ipv4,ziyadnz|hourly,2026-08-17T18:48:05Z,2026-08-17T18:48:05Z,
106.51.36.44,ipv4,malicious-ip,medium,WHITE,ziyadnz/hourly-ipv4,ziyadnz|hourly,2026-08-17T18:48:05Z,2026-08-17T18:48:05Z,
106.51.48.170,ipv4,malicious-ip,medium,WHITE,ziyadnz/hourly-ipv4,ziyadnz|hourly,2026-08-17T18:48:05Z,2026-08-17T18:48:05Z,
106.51.48.188,ipv4,malicious-ip,medium,WHITE,ziyadnz/hourly-ipv4,ziyadnz|hourly,2026-08-17T18:48:05Z,2026-08-17T18:48:05Z,
106.51.52.169,ipv4,malicious-ip,medium,WHITE,ziyadnz/hourly-ipv4,ziyadnz|hourly,2026-08-17T18:48:05Z,2026-08-17T18:48:05Z,
106.51.53.20,ipv4,malicious-ip,medium,WHITE,ziyadnz/hourly-ipv4,ziyadnz|hourly,2026-08-17T18:48:05Z,2026-08-17T18:48:05Z,
106.51.54.241,ipv4,malicious-ip,medium,WHITE,ziyadnz/hourly-ipv4,ziyadnz|hourly,2026-08-17T18:48:05Z,2026-08-17T18:48:05Z,
106.51.74.119,ipv4,malicious-ip,medium,WHITE,ziyadnz/hourly-ipv4,ziyadnz|hourly,2026-08-17T18:48:05Z,2026-08-17T18:48:05Z,
106.51.79.73,ipv4,malicious-ip,medium,WHITE,ziyadnz/hourly-ipv4,ziyadnz|hourly,2026-08-17T18:48:05Z,2026-08-17T18:48:05Z,
106.51.83.25,ipv4,malicious-ip,medium,WHITE,ziyadnz/hourly-ipv4,ziyadnz|hourly,2026-08-17T18:48:05Z,2026-08-17T18:48:05Z,
106.51.84.91,ipv4,malicious-ip,medium,WHITE,ziyadnz/hourly-ipv4,ziyadnz|hourly,2026-08-17T18:48:05Z,2026-08-17T18:48:05Z,
106.52.127.12,ipv4,malicious-ip,medium,WHITE,ziyadnz/hourly-ipv4,ziyadnz|hourly,2026-08-17T18:48:05Z,2026-08-17T18:48:05Z,
106.52.169.134,ipv4,malicious-ip,medium,WHITE,ziyadnz/hourly-ipv4,ziyadnz|hourly,2026-08-17T18:48:05Z,2026-08-17T18:48:05Z,
106.52.204.43,ipv4,malicious-ip,medium,WHITE,ziyadnz/hourly-ipv4,ziyadnz|hourly,2026-08-17T18:48:05Z,2026-08-17T18:48:05Z,
106.52.216.112,ipv4,malicious-ip,medium,WHITE,ziyadnz/hourly-ipv4,ziyadnz|hourly,2026-08-17T18:48:05Z,2026-08-17T18:48:05Z,
106.52.247.200,ipv4,malicious-ip,medium,WHITE,ziyadnz/hourly-ipv4,ziyadnz|hourly,2026-08-17T18:48:05Z,2026-08-17T18:48:05Z,
106.52.249.139,ipv4,malicious-ip,medium,WHITE,ziyadnz/hourly-ipv4,ziyadnz|hourly,2026-08-17T18:48:05Z,2026-08-17T18:48:05Z,
106.52.36.173,ipv4,malicious-ip,medium,WHITE,ziyadnz/hourly-ipv4,ziyadnz|hourly,2026-08-17T18:48:05Z,2026-08-17T18:48:05Z,
106.52.42.192,ipv4,malicious-ip,medium,WHITE,ziyadnz/hourly-ipv4,ziyadnz|hourly,2026-08-17T18:48:05Z,2026-08-17T18:48:05Z,
106.52.49.148,ipv4,malicious-ip,medium,WHITE,ziyadnz/hourly-ipv4,ziyadnz|hourly,2026-08-17T18:48:05Z,2026-08-17T18:48:05Z,
106.53.10.20,ipv4,malicious-ip,medium,WHITE,ziyadnz/hourly-ipv4,ziyadnz|hourly,2026-08-17T18:48:05Z,2026-08-17T18:48:05Z,
106.53.108.81,ipv4,malicious-ip,medium,WHITE,ziyadnz/hourly-ipv4,ziyadnz|hourly,2026-08-17T18:48:05Z,2026-08-17T18:48:05Z,
106.53.51.171,ipv4,malicious-ip,medium,WHITE,ziyadnz/hourly-ipv4,ziyadnz|hourly,2026-08-17T18:48:05Z,2026-08-17T18:48:05Z,
106.53.97.124,ipv4,malicious-ip,medium,WHITE,ziyadnz/hourly-ipv4,ziyadnz|hourly,2026-08-17T18:48:05Z,2026-08-17T18:48:05Z,
106.54.200.14,ipv4,malicious-ip,medium,WHITE,ziyadnz/hourly-ipv4,ziyadnz|hourly,2026-08-17T18:48:05Z,2026-08-17T18:48:05Z,
106.54.206.180,ipv4,malicious-ip,medium,WHITE,ziyadnz/hourly-ipv4,ziyadnz|hourly,2026-08-17T18:48:05Z,2026-08-17T18:48:05Z,
106.54.221.164,ipv4,malicious-ip,medium,WHITE,ziyadnz/hourly-ipv4,ziyadnz|hourly,2026-08-17T18:48:05Z,2026-08-17T18:48:05Z,
106.54.4.136,ipv4,malicious-ip,medium,WHITE,ziyadnz/hourly-ipv4,ziyadnz|hourly,2026-08-17T18:48:05Z,2026-08-17T18:48:05Z,
106.54.62.156,ipv4,malicious-ip,medium,WHITE,ziyadnz/hourly-ipv4,ziyadnz|hourly,2026-08-17T18:48:05Z,2026-08-17T18:48:05Z,
106.55.63.187,ipv4,malicious-ip,medium,WHITE,ziyadnz/hourly-ipv4,ziyadnz|hourly,2026-08-17T18:48:05Z,2026-08-17T18:48:05Z,
106.57.173.51,ipv4,malicious-ip,medium,WHITE,ziyadnz/hourly-ipv4,ziyadnz|hourly,2026-08-17T18:48:05Z,2026-08-17T18:48:05Z,
106.57.210.115,ipv4,malicious-ip,medium,WHITE,ziyadnz/hourly-ipv4,ziyadnz|hourly,2026-08-17T18:48:05Z,2026-08-17T18:48:05Z,
106.57.254.2,ipv4,malicious-ip,medium,WHITE,ziyadnz/hourly-ipv4,ziyadnz|hourly,2026-08-17T18:48:05Z,2026-08-17T18:48:05Z,
106.58.11.210,ipv4,malicious-ip,medium,WHITE,ziyadnz/hourly-ipv4,ziyadnz|hourly,2026-08-17T18:48:05Z,2026-08-17T18:48:05Z,
106.58.173.254,ipv4,malicious-ip,medium,WHITE,ziyadnz/hourly-ipv4,ziyadnz|hourly,2026-08-17T18:48:05Z,2026-08-17T18:48:05Z,
106.58.220.34,ipv4,malicious-ip,medium,WHITE,ziyadnz/hourly-ipv4,ziyadnz|hourly,2026-08-17T18:48:05Z,2026-08-17T18:48:05Z,
106.59.13.84,ipv4,malicious-ip,medium,WHITE,ziyadnz/hourly-ipv4,ziyadnz|hourly,2026-08-17T18:48:05Z,2026-08-17T18:48:05Z,
106.59.227.79,ipv4,malicious-ip,medium,WHITE,ziyadnz/hourly-ipv4,ziyadnz|hourly,2026-08-17T18:48:05Z,2026-08-17T18:48:05Z,
106.6.76.126,ipv4,malicious-ip,medium,WHITE,ziyadnz/hourly-ipv4,ziyadnz|hourly,2026-08-17T18:48:05Z,2026-08-17T18:48:05Z,
106.6.89.119,ipv4,malicious-ip,medium,WHITE,ziyadnz/hourly-ipv4,ziyadnz|hourly,2026-08-17T18:48:05Z,2026-08-17T18:48:05Z,
106.63.13.176,ipv4,malicious-ip,medium,WHITE,ziyadnz/hourly-ipv4,ziyadnz|hourly,2026-08-17T18:48:05Z,2026-08-17T18:48:05Z,
106.70.213.138,ipv4,malicious-ip,medium,WHITE,ziyadnz/hourly-ipv4,ziyadnz|hourly,2026-08-17T18:48:05Z,2026-08-17T18:48:05Z,
106.73.19.225,ipv4,malicious-ip,medium,WHITE,ziyadnz/hourly-ipv4,ziyadnz|hourly,2026-08-17T18:48:05Z,2026-08-17T18:48:05Z,
106.74.15.218,ipv4,malicious-ip,medium,WHITE,ziyadnz/hourly-ipv4,ziyadnz|hourly,2026-08-17T18:48:05Z,2026-08-17T18:48:05Z,
106.75.10.60,ipv4,malicious-ip,medium,WHITE,ziyadnz/hourly-ipv4,ziyadnz|hourly,2026-08-17T18:48:05Z,2026-08-17T18:48:05Z,
106.75.11.101,ipv4,malicious-ip,medium,WHITE,ziyadnz/hourly-ipv4,ziyadnz|hourly,2026-08-17T18:48:05Z,2026-08-17T18:48:05Z,
106.75.118.15,ipv4,malicious-ip,medium,WHITE,ziyadnz/hourly-ipv4,ziyadnz|hourly,2026-08-17T18:48:05Z,2026-08-17T18:48:05Z,
106.75.12.106,ipv4,malicious-ip,medium,WHITE,ziyadnz/hourly-ipv4,ziyadnz|hourly,2026-08-17T18:48:05Z,2026-08-17T18:48:05Z,
106.75.12.68,ipv4,malicious-ip,medium,WHITE,ziyadnz/hourly-ipv4,ziyadnz|hourly,2026-08-17T18:48:05Z,2026-08-17T18:48:05Z,
106.75.127.184,ipv4,malicious-ip,medium,WHITE,ziyadnz/hourly-ipv4,ziyadnz|hourly,2026-08-17T18:48:05Z,2026-08-17T18:48:05Z,
106.75.129.176,ipv4,malicious-ip,medium,WHITE,ziyadnz/hourly-ipv4,ziyadnz|hourly,2026-08-17T18:48:05Z,2026-08-17T18:48:05Z,
106.75.13.238,ipv4,malicious-ip,medium,WHITE,ziyadnz/hourly-ipv4,ziyadnz|hourly,2026-08-17T18:48:05Z,2026-08-17T18:48:05Z,
106.75.132.16,ipv4,malicious-ip,medium,WHITE,ziyadnz/hourly-ipv4,ziyadnz|hourly,2026-08-17T18:48:05Z,2026-08-17T18:48:05Z,
106.75.136.15,ipv4,malicious-ip,medium,WHITE,ziyadnz/hourly-ipv4,ziyadnz|hourly,2026-08-17T18:48:05Z,2026-08-17T18:48:05Z,
106.75.136.237,ipv4,malicious-ip,medium,WHITE,ziyadnz/hourly-ipv4,ziyadnz|hourly,2026-08-17T18:48:05Z,2026-08-17T18:48:05Z,
106.75.137.122,ipv4,malicious-ip,medium,WHITE,ziyadnz/hourly-ipv4,ziyadnz|hourly,2026-08-17T18:48:05Z,2026-08-17T18:48:05Z,
106.75.139.102,ipv4,malicious-ip,medium,WHITE,ziyadnz/hourly-ipv4,ziyadnz|hourly,2026-08-17T18:48:05Z,2026-08-17T18:48:05Z,
106.75.143.177,ipv4,malicious-ip,medium,WHITE,ziyadnz/hourly-ipv4,ziyadnz|hourly,2026-08-17T18:48:05Z,2026-08-17T18:48:05Z,
106.75.145.110,ipv4,malicious-ip,medium,WHITE,ziyadnz/hourly-ipv4,ziyadnz|hourly,2026-08-17T18:48:05Z,2026-08-17T18:48:05Z,
106.75.146.125,ipv4,malicious-ip,medium,WHITE,ziyadnz/hourly-ipv4,ziyadnz|hourly,2026-08-17T18:48:05Z,2026-08-17T18:48:05Z,
106.75.146.153,ipv4,malicious-ip,medium,WHITE,ziyadnz/hourly-ipv4,ziyadnz|hourly,2026-08-17T18:48:05Z,2026-08-17T18:48:05Z,
106.75.146.167,ipv4,malicious-ip,medium,WHITE,ziyadnz/hourly-ipv4,ziyadnz|hourly,2026-08-17T18:48:05Z,2026-08-17T18:48:05Z,
106.75.146.57,ipv4,malicious-ip,medium,WHITE,ziyadnz/hourly-ipv4,ziyadnz|hourly,2026-08-17T18:48:05Z,2026-08-17T18:48:05Z,
106.75.148.246,ipv4,malicious-ip,medium,WHITE,ziyadnz/hourly-ipv4,ziyadnz|hourly,2026-08-17T18:48:05Z,2026-08-17T18:48:05Z,
106.75.152.101,ipv4,malicious-ip,medium,WHITE,ziyadnz/hourly-ipv4,ziyadnz|hourly,2026-08-17T18:48:05Z,2026-08-17T18:48:05Z,
106.75.153.103,ipv4,malicious-ip,medium,WHITE,ziyadnz/hourly-ipv4,ziyadnz|hourly,2026-08-17T18:48:05Z,2026-08-17T18:48:05Z,
106.75.153.142,ipv4,malicious-ip,medium,WHITE,ziyadnz/hourly-ipv4,ziyadnz|hourly,2026-08-17T18:48:05Z,2026-08-17T18:48:05Z,
106.75.154.180,ipv4,malicious-ip,medium,WHITE,ziyadnz/hourly-ipv4,ziyadnz|hourly,2026-08-17T18:48:05Z,2026-08-17T18:48:05Z,
106.75.157.47,ipv4,malicious-ip,medium,WHITE,ziyadnz/hourly-ipv4,ziyadnz|hourly,2026-08-17T18:48:05Z,2026-08-17T18:48:05Z,
106.75.16.140,ipv4,malicious-ip,medium,WHITE,ziyadnz/hourly-ipv4,ziyadnz|hourly,2026-08-17T18:48:05Z,2026-08-17T18:48:05Z,
106.75.162.193,ipv4,malicious-ip,medium,WHITE,ziyadnz/hourly-ipv4,ziyadnz|hourly,2026-08-17T18:48:05Z,2026-08-17T18:48:05Z,
106.75.164.101,ipv4,malicious-ip,medium,WHITE,ziyadnz/hourly-ipv4,ziyadnz|hourly,2026-08-17T18:48:05Z,2026-08-17T18:48:05Z,
106.75.164.40,ipv4,malicious-ip,medium,WHITE,ziyadnz/hourly-ipv4,ziyadnz|hourly,2026-08-17T18:48:05Z,2026-08-17T18:48:05Z,
106.75.165.16,ipv4,malicious-ip,medium,WHITE,ziyadnz/hourly-ipv4,ziyadnz|hourly,2026-08-17T18:48:05Z,2026-08-17T18:48:05Z,
106.75.166.174,ipv4,malicious-ip,medium,WHITE,ziyadnz/hourly-ipv4,ziyadnz|hourly,2026-08-17T18:48:05Z,2026-08-17T18:48:05Z,
106.75.166.71,ipv4,malicious-ip,medium,WHITE,ziyadnz/hourly-ipv4,ziyadnz|hourly,2026-08-17T18:48:05Z,2026-08-17T18:48:05Z,
106.75.167.106,ipv4,malicious-ip,medium,WHITE,ziyadnz/hourly-ipv4,ziyadnz|hourly,2026-08-17T18:48:05Z,2026-08-17T18:48:05Z,
106.75.169.100,ipv4,malicious-ip,medium,WHITE,ziyadnz/hourly-ipv4,ziyadnz|hourly,2026-08-17T18:48:05Z,2026-08-17T18:48:05Z,
106.75.169.157,ipv4,malicious-ip,medium,WHITE,ziyadnz/hourly-ipv4,ziyadnz|hourly,2026-08-17T18:48:05Z,2026-08-17T18:48:05Z,
106.75.17.238,ipv4,malicious-ip,medium,WHITE,ziyadnz/hourly-ipv4,ziyadnz|hourly,2026-08-17T18:48:05Z,2026-08-17T18:48:05Z,
106.75.172.202,ipv4,malicious-ip,medium,WHITE,ziyadnz/hourly-ipv4,ziyadnz|hourly,2026-08-17T18:48:05Z,2026-08-17T18:48:05Z,
106.75.173.167,ipv4,malicious-ip,medium,WHITE,ziyadnz/hourly-ipv4,ziyadnz|hourly,2026-08-17T18:48:05Z,2026-08-17T18:48:05Z,
106.75.173.242,ipv4,malicious-ip,medium,WHITE,ziyadnz/hourly-ipv4,ziyadnz|hourly,2026-08-17T18:48:05Z,2026-08-17T18:48:05Z,
106.75.174.0,ipv4,malicious-ip,medium,WHITE,ziyadnz/hourly-ipv4,ziyadnz|hourly,2026-08-17T18:48:05Z,2026-08-17T18:48:05Z,
106.75.174.117,ipv4,malicious-ip,medium,WHITE,ziyadnz/hourly-ipv4,ziyadnz|hourly,2026-08-17T18:48:05Z,2026-08-17T18:48:05Z,
106.75.174.120,ipv4,malicious-ip,medium,WHITE,ziyadnz/hourly-ipv4,ziyadnz|hourly,2026-08-17T18:48:05Z,2026-08-17T18:48:05Z,
106.75.174.165,ipv4,malicious-ip,medium,WHITE,ziyadnz/hourly-ipv4,ziyadnz|hourly,2026-08-17T18:48:05Z,2026-08-17T18:48:05Z,
106.75.174.2,ipv4,malicious-ip,medium,WHITE,ziyadnz/hourly-ipv4,ziyadnz|hourly,2026-08-17T18:48:05Z,2026-08-17T18:48:05Z,
106.75.174.230,ipv4,malicious-ip,medium,WHITE,ziyadnz/hourly-ipv4,ziyadnz|hourly,2026-08-17T18:48:05Z,2026-08-17T18:48:05Z,
106.75.174.232,ipv4,malicious-ip,medium,WHITE,ziyadnz/hourly-ipv4,ziyadnz|hourly,2026-08-17T18:48:05Z,2026-08-17T18:48:05Z,
106.75.174.249,ipv4,malicious-ip,medium,WHITE,ziyadnz/hourly-ipv4,ziyadnz|hourly,2026-08-17T18:48:05Z,2026-08-17T18:48:05Z,
106.75.174.37,ipv4,malicious-ip,medium,WHITE,ziyadnz/hourly-ipv4,ziyadnz|hourly,2026-08-17T18:48:05Z,2026-08-17T18:48:05Z,
106.75.174.91,ipv4,malicious-ip,medium,WHITE,ziyadnz/hourly-ipv4,ziyadnz|hourly,2026-08-17T18:48:05Z,2026-08-17T18:48:05Z,
106.75.175.0,ipv4,malicious-ip,medium,WHITE,ziyadnz/hourly-ipv4,ziyadnz|hourly,2026-08-17T18:48:05Z,2026-08-17T18:48:05Z,
106.75.175.147,ipv4,malicious-ip,medium,WHITE,ziyadnz/hourly-ipv4,ziyadnz|hourly,2026-08-17T18:48:05Z,2026-08-17T18:48:05Z,
106.75.175.157,ipv4,malicious-ip,medium,WHITE,ziyadnz/hourly-ipv4,ziyadnz|hourly,2026-08-17T18:48:05Z,2026-08-17T18:48:05Z,
106.75.175.5,ipv4,malicious-ip,medium,WHITE,ziyadnz/hourly-ipv4,ziyadnz|hourly,2026-08-17T18:48:05Z,2026-08-17T18:48:05Z,
106.75.175.50,ipv4,malicious-ip,medium,WHITE,ziyadnz/hourly-ipv4,ziyadnz|hourly,2026-08-17T18:48:05Z,2026-08-17T18:48:05Z,
106.75.175.67,ipv4,malicious-ip,medium,WHITE,ziyadnz/hourly-ipv4,ziyadnz|hourly,2026-08-17T18:48:05Z,2026-08-17T18:48:05Z,
106.75.175.85,ipv4,malicious-ip,medium,WHITE,ziyadnz/hourly-ipv4,ziyadnz|hourly,2026-08-17T18:48:05Z,2026-08-17T18:48:05Z,
106.75.176.152,ipv4,malicious-ip,medium,WHITE,ziyadnz/hourly-ipv4,ziyadnz|hourly,2026-08-17T18:48:05Z,2026-08-17T18:48:05Z,
106.75.176.32,ipv4,malicious-ip,medium,WHITE,ziyadnz/hourly-ipv4,ziyadnz|hourly,2026-08-17T18:48:05Z,2026-08-17T18:48:05Z,
106.75.177.125,ipv4,malicious-ip,medium,WHITE,ziyadnz/hourly-ipv4,ziyadnz|hourly,2026-08-17T18:48:05Z,2026-08-17T18:48:05Z,
106.75.177.147,ipv4,malicious-ip,medium,WHITE,ziyadnz/hourly-ipv4,ziyadnz|hourly,2026-08-17T18:48:05Z,2026-08-17T18:48:05Z,
106.75.177.192,ipv4,malicious-ip,medium,WHITE,ziyadnz/hourly-ipv4,ziyadnz|hourly,2026-08-17T18:48:05Z,2026-08-17T18:48:05Z,
106.75.177.59,ipv4,malicious-ip,medium,WHITE,ziyadnz/hourly-ipv4,ziyadnz|hourly,2026-08-17T18:48:05Z,2026-08-17T18:48:05Z,
106.75.178.231,ipv4,malicious-ip,medium,WHITE,ziyadnz/hourly-ipv4,ziyadnz|hourly,2026-08-17T18:48:05Z,2026-08-17T18:48:05Z,
106.75.18.15,ipv4,malicious-ip,medium,WHITE,ziyadnz/hourly-ipv4,ziyadnz|hourly,2026-08-17T18:48:05Z,2026-08-17T18:48:05Z,
106.75.18.165,ipv4,malicious-ip,medium,WHITE,ziyadnz/hourly-ipv4,ziyadnz|hourly,2026-08-17T18:48:05Z,2026-08-17T18:48:05Z,
106.75.185.227,ipv4,malicious-ip,medium,WHITE,ziyadnz/hourly-ipv4,ziyadnz|hourly,2026-08-17T18:48:05Z,2026-08-17T18:48:05Z,
106.75.188.200,ipv4,malicious-ip,medium,WHITE,ziyadnz/hourly-ipv4,ziyadnz|hourly,2026-08-17T18:48:05Z,2026-08-17T18:48:05Z,
106.75.190.150,ipv4,malicious-ip,medium,WHITE,ziyadnz/hourly-ipv4,ziyadnz|hourly,2026-08-17T18:48:05Z,2026-08-17T18:48:05Z,
106.75.21.80,ipv4,malicious-ip,medium,WHITE,ziyadnz/hourly-ipv4,ziyadnz|hourly,2026-08-17T18:48:05Z,2026-08-17T18:48:05Z,
106.75.222.164,ipv4,malicious-ip,medium,WHITE,ziyadnz/hourly-ipv4,ziyadnz|hourly,2026-08-17T18:48:05Z,2026-08-17T18:48:05Z,
106.75.222.86,ipv4,malicious-ip,medium,WHITE,ziyadnz/hourly-ipv4,ziyadnz|hourly,2026-08-17T18:48:05Z,2026-08-17T18:48:05Z,
106.75.224.165,ipv4,malicious-ip,medium,WHITE,ziyadnz/hourly-ipv4,ziyadnz|hourly,2026-08-17T18:48:05Z,2026-08-17T18:48:05Z,
106.75.224.96,ipv4,malicious-ip,medium,WHITE,ziyadnz/hourly-ipv4,ziyadnz|hourly,2026-08-17T18:48:05Z,2026-08-17T18:48:05Z,
106.75.227.248,ipv4,malicious-ip,medium,WHITE,ziyadnz/hourly-ipv4,ziyadnz|hourly,2026-08-17T18:48:05Z,2026-08-17T18:48:05Z,
106.75.232.209,ipv4,malicious-ip,medium,WHITE,ziyadnz/hourly-ipv4,ziyadnz|hourly,2026-08-17T18:48:05Z,2026-08-17T18:48:05Z,
106.75.237.200,ipv4,malicious-ip,medium,WHITE,ziyadnz/hourly-ipv4,ziyadnz|hourly,2026-08-17T18:48:05Z,2026-08-17T18:48:05Z,
106.75.239.166,ipv4,malicious-ip,medium,WHITE,ziyadnz/hourly-ipv4,ziyadnz|hourly,2026-08-17T18:48:05Z,2026-08-17T18:48:05Z,
106.75.24.225,ipv4,malicious-ip,medium,WHITE,ziyadnz/hourly-ipv4,ziyadnz|hourly,2026-08-17T18:48:05Z,2026-08-17T18:48:05Z,
106.75.24.61,ipv4,malicious-ip,medium,WHITE,ziyadnz/hourly-ipv4,ziyadnz|hourly,2026-08-17T18:48:05Z,2026-08-17T18:48:05Z,
106.75.24.96,ipv4,malicious-ip,medium,WHITE,ziyadnz/hourly-ipv4,ziyadnz|hourly,2026-08-17T18:48:05Z,2026-08-17T18:48:05Z,
106.75.241.127,ipv4,malicious-ip,medium,WHITE,ziyadnz/hourly-ipv4,ziyadnz|hourly,2026-08-17T18:48:05Z,2026-08-17T18:48:05Z,
106.75.251.101,ipv4,malicious-ip,medium,WHITE,ziyadnz/hourly-ipv4,ziyadnz|hourly,2026-08-17T18:48:05Z,2026-08-17T18:48:05Z,
106.75.251.149,ipv4,malicious-ip,medium,WHITE,ziyadnz/hourly-ipv4,ziyadnz|hourly,2026-08-17T18:48:05Z,2026-08-17T18:48:05Z,
106.75.29.237,ipv4,malicious-ip,medium,WHITE,ziyadnz/hourly-ipv4,ziyadnz|hourly,2026-08-17T18:48:05Z,2026-08-17T18:48:05Z,
106.75.29.99,ipv4,malicious-ip,medium,WHITE,ziyadnz/hourly-ipv4,ziyadnz|hourly,2026-08-17T18:48:05Z,2026-08-17T18:48:05Z,
106.75.3.6,ipv4,malicious-ip,medium,WHITE,ziyadnz/hourly-ipv4,ziyadnz|hourly,2026-08-17T18:48:05Z,2026-08-17T18:48:05Z,
106.75.4.198,ipv4,malicious-ip,medium,WHITE,ziyadnz/hourly-ipv4,ziyadnz|hourly,2026-08-17T18:48:05Z,2026-08-17T18:48:05Z,
106.75.5.165,ipv4,malicious-ip,medium,WHITE,ziyadnz/hourly-ipv4,ziyadnz|hourly,2026-08-17T18:48:05Z,2026-08-17T18:48:05Z,
106.75.5.38,ipv4,malicious-ip,medium,WHITE,ziyadnz/hourly-ipv4,ziyadnz|hourly,2026-08-17T18:48:05Z,2026-08-17T18:48:05Z,
106.75.64.247,ipv4,malicious-ip,medium,WHITE,ziyadnz/hourly-ipv4,ziyadnz|hourly,2026-08-17T18:48:05Z,2026-08-17T18:48:05Z,
106.75.7.49,ipv4,malicious-ip,medium,WHITE,ziyadnz/hourly-ipv4,ziyadnz|hourly,2026-08-17T18:48:05Z,2026-08-17T18:48:05Z,
106.75.77.231,ipv4,malicious-ip,medium,WHITE,ziyadnz/hourly-ipv4,ziyadnz|hourly,2026-08-17T18:48:05Z,2026-08-17T18:48:05Z,
106.75.88.44,ipv4,malicious-ip,medium,WHITE,ziyadnz/hourly-ipv4,ziyadnz|hourly,2026-08-17T18:48:05Z,2026-08-17T18:48:05Z,
106.75.9.126,ipv4,malicious-ip,medium,WHITE,ziyadnz/hourly-ipv4,ziyadnz|hourly,2026-08-17T18:48:05Z,2026-08-17T18:48:05Z,
106.75.9.241,ipv4,malicious-ip,medium,WHITE,ziyadnz/hourly-ipv4,ziyadnz|hourly,2026-08-17T18:48:05Z,2026-08-17T18:48:05Z,
106.75.9.73,ipv4,malicious-ip,medium,WHITE,ziyadnz/hourly-ipv4,ziyadnz|hourly,2026-08-17T18:48:05Z,2026-08-17T18:48:05Z,
106.76.167.129,ipv4,malicious-ip,medium,WHITE,ziyadnz/hourly-ipv4,ziyadnz|hourly,2026-08-17T18:48:05Z,2026-08-17T18:48:05Z,
106.77.156.58,ipv4,malicious-ip,medium,WHITE,ziyadnz/hourly-ipv4,ziyadnz|hourly,2026-08-17T18:48:05Z,2026-08-17T18:48:05Z,
106.77.75.172,ipv4,malicious-ip,medium,WHITE,ziyadnz/hourly-ipv4,ziyadnz|hourly,2026-08-17T18:48:05Z,2026-08-17T18:48:05Z,
106.78.6.7,ipv4,malicious-ip,medium,WHITE,ziyadnz/hourly-ipv4,ziyadnz|hourly,2026-08-17T18:48:05Z,2026-08-17T18:48:05Z,
106.78.7.11,ipv4,malicious-ip,medium,WHITE,ziyadnz/hourly-ipv4,ziyadnz|hourly,2026-08-17T18:48:05Z,2026-08-17T18:48:05Z,
106.80.180.96,ipv4,malicious-ip,medium,WHITE,ziyadnz/hourly-ipv4,ziyadnz|hourly,2026-08-17T18:48:05Z,2026-08-17T18:48:05Z,
106.80.185.223,ipv4,malicious-ip,medium,WHITE,ziyadnz/hourly-ipv4,ziyadnz|hourly,2026-08-17T18:48:05Z,2026-08-17T18:48:05Z,
106.83.238.137,ipv4,malicious-ip,medium,WHITE,ziyadnz/hourly-ipv4,ziyadnz|hourly,2026-08-17T18:48:05Z,2026-08-17T18:48:05Z,
106.86.176.211,ipv4,malicious-ip,medium,WHITE,ziyadnz/hourly-ipv4,ziyadnz|hourly,2026-08-17T18:48:05Z,2026-08-17T18:48:05Z,
106.9.168.138,ipv4,malicious-ip,medium,WHITE,ziyadnz/hourly-ipv4,ziyadnz|hourly,2026-08-17T18:48:05Z,2026-08-17T18:48:05Z,
106.9.211.104,ipv4,malicious-ip,medium,WHITE,ziyadnz/hourly-ipv4,ziyadnz|hourly,2026-08-17T18:48:05Z,2026-08-17T18:48:05Z,
106.92.111.94,ipv4,malicious-ip,medium,WHITE,ziyadnz/hourly-ipv4,ziyadnz|hourly,2026-08-17T18:48:05Z,2026-08-17T18:48:05Z,
106.92.140.16,ipv4,malicious-ip,medium,WHITE,ziyadnz/hourly-ipv4,ziyadnz|hourly,2026-08-17T18:48:05Z,2026-08-17T18:48:05Z,
106.92.142.28,ipv4,malicious-ip,medium,WHITE,ziyadnz/hourly-ipv4,ziyadnz|hourly,2026-08-17T18:48:05Z,2026-08-17T18:48:05Z,
106.92.145.174,ipv4,malicious-ip,medium,WHITE,ziyadnz/hourly-ipv4,ziyadnz|hourly,2026-08-17T18:48:05Z,2026-08-17T18:48:05Z,
106.92.36.82,ipv4,malicious-ip,medium,WHITE,ziyadnz/hourly-ipv4,ziyadnz|hourly,2026-08-17T18:48:05Z,2026-08-17T18:48:05Z,
107.12.65.194,ipv4,malicious-ip,medium,WHITE,ziyadnz/hourly-ipv4,ziyadnz|hourly,2026-08-17T18:48:05Z,2026-08-17T18:48:05Z,
107.128.45.122,ipv4,malicious-ip,medium,WHITE,ziyadnz/hourly-ipv4,ziyadnz|hourly,2026-08-17T18:48:05Z,2026-08-17T18:48:05Z,
107.13.140.56,ipv4,malicious-ip,medium,WHITE,ziyadnz/hourly-ipv4,ziyadnz|hourly,2026-08-17T18:48:05Z,2026-08-17T18:48:05Z,
107.135.117.245,ipv4,malicious-ip,medium,WHITE,ziyadnz/hourly-ipv4,ziyadnz|hourly,2026-08-17T18:48:05Z,2026-08-17T18:48:05Z,
107.136.239.174,ipv4,malicious-ip,medium,WHITE,ziyadnz/hourly-ipv4,ziyadnz|hourly,2026-08-17T18:48:05Z,2026-08-17T18:48:05Z,
107.140.50.247,ipv4,malicious-ip,medium,WHITE,ziyadnz/hourly-ipv4,ziyadnz|hourly,2026-08-17T18:48:05Z,2026-08-17T18:48:05Z,
107.145.13.164,ipv4,malicious-ip,medium,WHITE,ziyadnz/hourly-ipv4,ziyadnz|hourly,2026-08-17T18:48:05Z,2026-08-17T18:48:05Z,
107.145.176.22,ipv4,malicious-ip,medium,WHITE,ziyadnz/hourly-ipv4,ziyadnz|hourly,2026-08-17T18:48:05Z,2026-08-17T18:48:05Z,
107.145.176.231,ipv4,malicious-ip,medium,WHITE,ziyadnz/hourly-ipv4,ziyadnz|hourly,2026-08-17T18:48:05Z,2026-08-17T18:48:05Z,
107.145.23.253,ipv4,malicious-ip,medium,WHITE,ziyadnz/hourly-ipv4,ziyadnz|hourly,2026-08-17T18:48:05Z,2026-08-17T18:48:05Z,
107.146.168.241,ipv4,malicious-ip,medium,WHITE,ziyadnz/hourly-ipv4,ziyadnz|hourly,2026-08-17T18:48:05Z,2026-08-17T18:48:05Z,
107.148.13.55,ipv4,malicious-ip,medium,WHITE,ziyadnz/hourly-ipv4,ziyadnz|hourly,2026-08-17T18:48:05Z,2026-08-17T18:48:05Z,
107.148.149.156,ipv4,malicious-ip,medium,WHITE,ziyadnz/hourly-ipv4,ziyadnz|hourly,2026-08-17T18:48:05Z,2026-08-17T18:48:05Z,
107.148.158.247,ipv4,malicious-ip,medium,WHITE,ziyadnz/hourly-ipv4,ziyadnz|hourly,2026-08-17T18:48:05Z,2026-08-17T18:48:05Z,
107.148.219.227,ipv4,malicious-ip,medium,WHITE,ziyadnz/hourly-ipv4,ziyadnz|hourly,2026-08-17T18:48:05Z,2026-08-17T18:48:05Z,
107.148.219.53,ipv4,malicious-ip,medium,WHITE,ziyadnz/hourly-ipv4,ziyadnz|hourly,2026-08-17T18:48:05Z,2026-08-17T18:48:05Z,
107.148.219.54,ipv4,malicious-ip,medium,WHITE,ziyadnz/hourly-ipv4,ziyadnz|hourly,2026-08-17T18:48:05Z,2026-08-17T18:48:05Z,
107.148.219.55,ipv4,malicious-ip,medium,WHITE,ziyadnz/hourly-ipv4,ziyadnz|hourly,2026-08-17T18:48:05Z,2026-08-17T18:48:05Z,
107.148.229.185,ipv4,malicious-ip,medium,WHITE,ziyadnz/hourly-ipv4,ziyadnz|hourly,2026-08-17T18:48:05Z,2026-08-17T18:48:05Z,
107.148.243.103,ipv4,malicious-ip,medium,WHITE,ziyadnz/hourly-ipv4,ziyadnz|hourly,2026-08-17T18:48:05Z,2026-08-17T18:48:05Z,
107.148.27.117,ipv4,malicious-ip,medium,WHITE,ziyadnz/hourly-ipv4,ziyadnz|hourly,2026-08-17T18:48:05Z,2026-08-17T18:48:05Z,
107.148.50.112,ipv4,malicious-ip,medium,WHITE,ziyadnz/hourly-ipv4,ziyadnz|hourly,2026-08-17T18:48:05Z,2026-08-17T18:48:05Z,
107.148.50.113,ipv4,malicious-ip,medium,WHITE,ziyadnz/hourly-ipv4,ziyadnz|hourly,2026-08-17T18:48:05Z,2026-08-17T18:48:05Z,
107.148.50.116,ipv4,malicious-ip,medium,WHITE,ziyadnz/hourly-ipv4,ziyadnz|hourly,2026-08-17T18:48:05Z,2026-08-17T18:48:05Z,
107.148.52.176,ipv4,malicious-ip,medium,WHITE,ziyadnz/hourly-ipv4,ziyadnz|hourly,2026-08-17T18:48:05Z,2026-08-17T18:48:05Z,
107.148.52.241,ipv4,malicious-ip,medium,WHITE,ziyadnz/hourly-ipv4,ziyadnz|hourly,2026-08-17T18:48:05Z,2026-08-17T18:48:05Z,
107.148.52.242,ipv4,malicious-ip,medium,WHITE,ziyadnz/hourly-ipv4,ziyadnz|hourly,2026-08-17T18:48:05Z,2026-08-17T18:48:05Z,
107.148.54.105,ipv4,malicious-ip,medium,WHITE,ziyadnz/hourly-ipv4,ziyadnz|hourly,2026-08-17T18:48:05Z,2026-08-17T18:48:05Z,
107.149.159.96,ipv4,malicious-ip,medium,WHITE,ziyadnz/hourly-ipv4,ziyadnz|hourly,2026-08-17T18:48:05Z,2026-08-17T18:48:05Z,
107.149.253.183,ipv4,malicious-ip,medium,WHITE,ziyadnz/hourly-ipv4,ziyadnz|hourly,2026-08-17T18:48:05Z,2026-08-17T18:48:05Z,
107.149.88.128,ipv4,malicious-ip,medium,WHITE,ziyadnz/hourly-ipv4,ziyadnz|hourly,2026-08-17T18:48:05Z,2026-08-17T18:48:05Z,
107.149.88.39,ipv4,malicious-ip,medium,WHITE,ziyadnz/hourly-ipv4,ziyadnz|hourly,2026-08-17T18:48:05Z,2026-08-17T18:48:05Z,
107.150.0.155,ipv4,malicious-ip,medium,WHITE,ziyadnz/hourly-ipv4,ziyadnz|hourly,2026-08-17T18:48:05Z,2026-08-17T18:48:05Z,
107.150.100.136,ipv4,malicious-ip,medium,WHITE,ziyadnz/hourly-ipv4,ziyadnz|hourly,2026-08-17T18:48:05Z,2026-08-17T18:48:05Z,
107.150.100.197,ipv4,malicious-ip,medium,WHITE,ziyadnz/hourly-ipv4,ziyadnz|hourly,2026-08-17T18:48:05Z,2026-08-17T18:48:05Z,
107.150.100.20,ipv4,malicious-ip,medium,WHITE,ziyadnz/hourly-ipv4,ziyadnz|hourly,2026-08-17T18:48:05Z,2026-08-17T18:48:05Z,
107.150.100.72,ipv4,malicious-ip,medium,WHITE,ziyadnz/hourly-ipv4,ziyadnz|hourly,2026-08-17T18:48:05Z,2026-08-17T18:48:05Z,
107.150.101.105,ipv4,malicious-ip,medium,WHITE,ziyadnz/hourly-ipv4,ziyadnz|hourly,2026-08-17T18:48:05Z,2026-08-17T18:48:05Z,
107.150.101.106,ipv4,malicious-ip,medium,WHITE,ziyadnz/hourly-ipv4,ziyadnz|hourly,2026-08-17T18:48:05Z,2026-08-17T18:48:05Z,
107.150.101.128,ipv4,malicious-ip,medium,WHITE,ziyadnz/hourly-ipv4,ziyadnz|hourly,2026-08-17T18:48:05Z,2026-08-17T18:48:05Z,
107.150.101.136,ipv4,malicious-ip,medium,WHITE,ziyadnz/hourly-ipv4,ziyadnz|hourly,2026-08-17T18:48:05Z,2026-08-17T18:48:05Z,
107.150.101.25,ipv4,malicious-ip,medium,WHITE,ziyadnz/hourly-ipv4,ziyadnz|hourly,2026-08-17T18:48:05Z,2026-08-17T18:48:05Z,
107.150.101.33,ipv4,malicious-ip,medium,WHITE,ziyadnz/hourly-ipv4,ziyadnz|hourly,2026-08-17T18:48:05Z,2026-08-17T18:48:05Z,
107.150.101.57,ipv4,malicious-ip,medium,WHITE,ziyadnz/hourly-ipv4,ziyadnz|hourly,2026-08-17T18:48:05Z,2026-08-17T18:48:05Z,
107.150.102.156,ipv4,malicious-ip,medium,WHITE,ziyadnz/hourly-ipv4,ziyadnz|hourly,2026-08-17T18:48:05Z,2026-08-17T18:48:05Z,
107.150.102.190,ipv4,malicious-ip,medium,WHITE,ziyadnz/hourly-ipv4,ziyadnz|hourly,2026-08-17T18:48:05Z,2026-08-17T18:48:05Z,
107.150.102.199,ipv4,malicious-ip,medium,WHITE,ziyadnz/hourly-ipv4,ziyadnz|hourly,2026-08-17T18:48:05Z,2026-08-17T18:48:05Z,
107.150.102.47,ipv4,malicious-ip,medium,WHITE,ziyadnz/hourly-ipv4,ziyadnz|hourly,2026-08-17T18:48:05Z,2026-08-17T18:48:05Z,
107.150.102.89,ipv4,malicious-ip,medium,WHITE,ziyadnz/hourly-ipv4,ziyadnz|hourly,2026-08-17T18:48:05Z,2026-08-17T18:48:05Z,
107.150.103.12,ipv4,malicious-ip,medium,WHITE,ziyadnz/hourly-ipv4,ziyadnz|hourly,2026-08-17T18:48:05Z,2026-08-17T18:48:05Z,
107.150.103.151,ipv4,malicious-ip,medium,WHITE,ziyadnz/hourly-ipv4,ziyadnz|hourly,2026-08-17T18:48:05Z,2026-08-17T18:48:05Z,
107.150.103.16,ipv4,malicious-ip,medium,WHITE,ziyadnz/hourly-ipv4,ziyadnz|hourly,2026-08-17T18:48:05Z,2026-08-17T18:48:05Z,
107.150.103.164,ipv4,malicious-ip,medium,WHITE,ziyadnz/hourly-ipv4,ziyadnz|hourly,2026-08-17T18:48:05Z,2026-08-17T18:48:05Z,
107.150.103.20,ipv4,malicious-ip,medium,WHITE,ziyadnz/hourly-ipv4,ziyadnz|hourly,2026-08-17T18:48:05Z,2026-08-17T18:48:05Z,
107.150.103.220,ipv4,malicious-ip,medium,WHITE,ziyadnz/hourly-ipv4,ziyadnz|hourly,2026-08-17T18:48:05Z,2026-08-17T18:48:05Z,
107.150.103.60,ipv4,malicious-ip,medium,WHITE,ziyadnz/hourly-ipv4,ziyadnz|hourly,2026-08-17T18:48:05Z,2026-08-17T18:48:05Z,
107.150.103.88,ipv4,malicious-ip,medium,WHITE,ziyadnz/hourly-ipv4,ziyadnz|hourly,2026-08-17T18:48:05Z,2026-08-17T18:48:05Z,
107.150.104.176,ipv4,malicious-ip,medium,WHITE,ziyadnz/hourly-ipv4,ziyadnz|hourly,2026-08-17T18:48:05Z,2026-08-17T18:48:05Z,
107.150.104.197,ipv4,malicious-ip,medium,WHITE,ziyadnz/hourly-ipv4,ziyadnz|hourly,2026-08-17T18:48:05Z,2026-08-17T18:48:05Z,
107.150.104.26,ipv4,malicious-ip,medium,WHITE,ziyadnz/hourly-ipv4,ziyadnz|hourly,2026-08-17T18:48:05Z,2026-08-17T18:48:05Z,
107.150.104.66,ipv4,malicious-ip,medium,WHITE,ziyadnz/hourly-ipv4,ziyadnz|hourly,2026-08-17T18:48:05Z,2026-08-17T18:48:05Z,
107.150.104.68,ipv4,malicious-ip,medium,WHITE,ziyadnz/hourly-ipv4,ziyadnz|hourly,2026-08-17T18:48:05Z,2026-08-17T18:48:05Z,
107.150.105.17,ipv4,malicious-ip,medium,WHITE,ziyadnz/hourly-ipv4,ziyadnz|hourly,2026-08-17T18:48:05Z,2026-08-17T18:48:05Z,
107.150.105.183,ipv4,malicious-ip,medium,WHITE,ziyadnz/hourly-ipv4,ziyadnz|hourly,2026-08-17T18:48:05Z,2026-08-17T18:48:05Z,
107.150.105.214,ipv4,malicious-ip,medium,WHITE,ziyadnz/hourly-ipv4,ziyadnz|hourly,2026-08-17T18:48:05Z,2026-08-17T18:48:05Z,
107.150.105.241,ipv4,malicious-ip,medium,WHITE,ziyadnz/hourly-ipv4,ziyadnz|hourly,2026-08-17T18:48:05Z,2026-08-17T18:48:05Z,
107.150.105.5,ipv4,malicious-ip,medium,WHITE,ziyadnz/hourly-ipv4,ziyadnz|hourly,2026-08-17T18:48:05Z,2026-08-17T18:48:05Z,
107.150.105.57,ipv4,malicious-ip,medium,WHITE,ziyadnz/hourly-ipv4,ziyadnz|hourly,2026-08-17T18:48:05Z,2026-08-17T18:48:05Z,
107.150.106.14,ipv4,malicious-ip,medium,WHITE,ziyadnz/hourly-ipv4,ziyadnz|hourly,2026-08-17T18:48:05Z,2026-08-17T18:48:05Z,
107.150.106.226,ipv4,malicious-ip,medium,WHITE,ziyadnz/hourly-ipv4,ziyadnz|hourly,2026-08-17T18:48:05Z,2026-08-17T18:48:05Z,
107.150.106.28,ipv4,malicious-ip,medium,WHITE,ziyadnz/hourly-ipv4,ziyadnz|hourly,2026-08-17T18:48:05Z,2026-08-17T18:48:05Z,
107.150.109.193,ipv4,malicious-ip,medium,WHITE,ziyadnz/hourly-ipv4,ziyadnz|hourly,2026-08-17T18:48:05Z,2026-08-17T18:48:05Z,
107.150.109.196,ipv4,malicious-ip,medium,WHITE,ziyadnz/hourly-ipv4,ziyadnz|hourly,2026-08-17T18:48:05Z,2026-08-17T18:48:05Z,
107.150.109.73,ipv4,malicious-ip,medium,WHITE,ziyadnz/hourly-ipv4,ziyadnz|hourly,2026-08-17T18:48:05Z,2026-08-17T18:48:05Z,
107.150.109.91,ipv4,malicious-ip,medium,WHITE,ziyadnz/hourly-ipv4,ziyadnz|hourly,2026-08-17T18:48:05Z,2026-08-17T18:48:05Z,
107.150.11.17,ipv4,malicious-ip,medium,WHITE,ziyadnz/hourly-ipv4,ziyadnz|hourly,2026-08-17T18:48:05Z,2026-08-17T18:48:05Z,
107.150.110.123,ipv4,malicious-ip,medium,WHITE,ziyadnz/hourly-ipv4,ziyadnz|hourly,2026-08-17T18:48:05Z,2026-08-17T18:48:05Z,
107.150.110.167,ipv4,malicious-ip,medium,WHITE,ziyadnz/hourly-ipv4,ziyadnz|hourly,2026-08-17T18:48:05Z,2026-08-17T18:48:05Z,
107.150.110.19,ipv4,malicious-ip,medium,WHITE,ziyadnz/hourly-ipv4,ziyadnz|hourly,2026-08-17T18:48:05Z,2026-08-17T18:48:05Z,
107.150.110.199,ipv4,malicious-ip,medium,WHITE,ziyadnz/hourly-ipv4,ziyadnz|hourly,2026-08-17T18:48:05Z,2026-08-17T18:48:05Z,
107.150.110.217,ipv4,malicious-ip,medium,WHITE,ziyadnz/hourly-ipv4,ziyadnz|hourly,2026-08-17T18:48:05Z,2026-08-17T18:48:05Z,
107.150.111.107,ipv4,malicious-ip,medium,WHITE,ziyadnz/hourly-ipv4,ziyadnz|hourly,2026-08-17T18:48:05Z,2026-08-17T18:48:05Z,
107.150.111.215,ipv4,malicious-ip,medium,WHITE,ziyadnz/hourly-ipv4,ziyadnz|hourly,2026-08-17T18:48:05Z,2026-08-17T18:48:05Z,
107.150.111.240,ipv4,malicious-ip,medium,WHITE,ziyadnz/hourly-ipv4,ziyadnz|hourly,2026-08-17T18:48:05Z,2026-08-17T18:48:05Z,
107.150.111.67,ipv4,malicious-ip,medium,WHITE,ziyadnz/hourly-ipv4,ziyadnz|hourly,2026-08-17T18:48:05Z,2026-08-17T18:48:05Z,
107.150.111.70,ipv4,malicious-ip,medium,WHITE,ziyadnz/hourly-ipv4,ziyadnz|hourly,2026-08-17T18:48:05Z,2026-08-17T18:48:05Z,
107.150.112.233,ipv4,malicious-ip,medium,WHITE,ziyadnz/hourly-ipv4,ziyadnz|hourly,2026-08-17T18:48:05Z,2026-08-17T18:48:05Z,
107.150.112.48,ipv4,malicious-ip,medium,WHITE,ziyadnz/hourly-ipv4,ziyadnz|hourly,2026-08-17T18:48:05Z,2026-08-17T18:48:05Z,
107.150.117.121,ipv4,malicious-ip,medium,WHITE,ziyadnz/hourly-ipv4,ziyadnz|hourly,2026-08-17T18:48:05Z,2026-08-17T18:48:05Z,
107.150.117.167,ipv4,malicious-ip,medium,WHITE,ziyadnz/hourly-ipv4,ziyadnz|hourly,2026-08-17T18:48:05Z,2026-08-17T18:48:05Z,
107.150.117.187,ipv4,malicious-ip,medium,WHITE,ziyadnz/hourly-ipv4,ziyadnz|hourly,2026-08-17T18:48:05Z,2026-08-17T18:48:05Z,
107.150.117.200,ipv4,malicious-ip,medium,WHITE,ziyadnz/hourly-ipv4,ziyadnz|hourly,2026-08-17T18:48:05Z,2026-08-17T18:48:05Z,
107.150.117.219,ipv4,malicious-ip,medium,WHITE,ziyadnz/hourly-ipv4,ziyadnz|hourly,2026-08-17T18:48:05Z,2026-08-17T18:48:05Z,
107.150.119.136,ipv4,malicious-ip,medium,WHITE,ziyadnz/hourly-ipv4,ziyadnz|hourly,2026-08-17T18:48:05Z,2026-08-17T18:48:05Z,
107.150.119.80,ipv4,malicious-ip,medium,WHITE,ziyadnz/hourly-ipv4,ziyadnz|hourly,2026-08-17T18:48:05Z,2026-08-17T18:48:05Z,
107.150.146.69,ipv4,malicious-ip,medium,WHITE,ziyadnz/hourly-ipv4,ziyadnz|hourly,2026-08-17T18:48:05Z,2026-08-17T18:48:05Z,
107.150.2.121,ipv4,malicious-ip,medium,WHITE,ziyadnz/hourly-ipv4,ziyadnz|hourly,2026-08-17T18:48:05Z,2026-08-17T18:48:05Z,
107.150.96.185,ipv4,malicious-ip,medium,WHITE,ziyadnz/hourly-ipv4,ziyadnz|hourly,2026-08-17T18:48:05Z,2026-08-17T18:48:05Z,
107.150.96.189,ipv4,malicious-ip,medium,WHITE,ziyadnz/hourly-ipv4,ziyadnz|hourly,2026-08-17T18:48:05Z,2026-08-17T18:48:05Z,
107.150.96.215,ipv4,malicious-ip,medium,WHITE,ziyadnz/hourly-ipv4,ziyadnz|hourly,2026-08-17T18:48:05Z,2026-08-17T18:48:05Z,
107.150.96.232,ipv4,malicious-ip,medium,WHITE,ziyadnz/hourly-ipv4,ziyadnz|hourly,2026-08-17T18:48:05Z,2026-08-17T18:48:05Z,
107.150.96.37,ipv4,malicious-ip,medium,WHITE,ziyadnz/hourly-ipv4,ziyadnz|hourly,2026-08-17T18:48:05Z,2026-08-17T18:48:05Z,
107.150.96.44,ipv4,malicious-ip,medium,WHITE,ziyadnz/hourly-ipv4,ziyadnz|hourly,2026-08-17T18:48:05Z,2026-08-17T18:48:05Z,
107.150.96.74,ipv4,malicious-ip,medium,WHITE,ziyadnz/hourly-ipv4,ziyadnz|hourly,2026-08-17T18:48:05Z,2026-08-17T18:48:05Z,
107.150.97.147,ipv4,malicious-ip,medium,WHITE,ziyadnz/hourly-ipv4,ziyadnz|hourly,2026-08-17T18:48:05Z,2026-08-17T18:48:05Z,
107.150.97.149,ipv4,malicious-ip,medium,WHITE,ziyadnz/hourly-ipv4,ziyadnz|hourly,2026-08-17T18:48:05Z,2026-08-17T18:48:05Z,
107.150.97.156,ipv4,malicious-ip,medium,WHITE,ziyadnz/hourly-ipv4,ziyadnz|hourly,2026-08-17T18:48:05Z,2026-08-17T18:48:05Z,
107.150.97.175,ipv4,malicious-ip,medium,WHITE,ziyadnz/hourly-ipv4,ziyadnz|hourly,2026-08-17T18:48:05Z,2026-08-17T18:48:05Z,
107.150.97.180,ipv4,malicious-ip,medium,WHITE,ziyadnz/hourly-ipv4,ziyadnz|hourly,2026-08-17T18:48:05Z,2026-08-17T18:48:05Z,
107.150.97.225,ipv4,malicious-ip,medium,WHITE,ziyadnz/hourly-ipv4,ziyadnz|hourly,2026-08-17T18:48:05Z,2026-08-17T18:48:05Z,
107.150.97.228,ipv4,malicious-ip,medium,WHITE,ziyadnz/hourly-ipv4,ziyadnz|hourly,2026-08-17T18:48:05Z,2026-08-17T18:48:05Z,
107.150.97.231,ipv4,malicious-ip,medium,WHITE,ziyadnz/hourly-ipv4,ziyadnz|hourly,2026-08-17T18:48:05Z,2026-08-17T18:48:05Z,
107.150.97.241,ipv4,malicious-ip,medium,WHITE,ziyadnz/hourly-ipv4,ziyadnz|hourly,2026-08-17T18:48:05Z,2026-08-17T18:48:05Z,
107.150.97.52,ipv4,malicious-ip,medium,WHITE,ziyadnz/hourly-ipv4,ziyadnz|hourly,2026-08-17T18:48:05Z,2026-08-17T18:48:05Z,
107.150.97.90,ipv4,malicious-ip,medium,WHITE,ziyadnz/hourly-ipv4,ziyadnz|hourly,2026-08-17T18:48:05Z,2026-08-17T18:48:05Z,
107.150.98.168,ipv4,malicious-ip,medium,WHITE,ziyadnz/hourly-ipv4,ziyadnz|hourly,2026-08-17T18:48:05Z,2026-08-17T18:48:05Z,
107.150.98.237,ipv4,malicious-ip,medium,WHITE,ziyadnz/hourly-ipv4,ziyadnz|hourly,2026-08-17T18:48:05Z,2026-08-17T18:48:05Z,
107.150.98.252,ipv4,malicious-ip,medium,WHITE,ziyadnz/hourly-ipv4,ziyadnz|hourly,2026-08-17T18:48:05Z,2026-08-17T18:48:05Z,
107.150.98.59,ipv4,malicious-ip,medium,WHITE,ziyadnz/hourly-ipv4,ziyadnz|hourly,2026-08-17T18:48:05Z,2026-08-17T18:48:05Z,
107.150.98.86,ipv4,malicious-ip,medium,WHITE,ziyadnz/hourly-ipv4,ziyadnz|hourly,2026-08-17T18:48:05Z,2026-08-17T18:48:05Z,
107.150.98.99,ipv4,malicious-ip,medium,WHITE,ziyadnz/hourly-ipv4,ziyadnz|hourly,2026-08-17T18:48:05Z,2026-08-17T18:48:05Z,
107.150.99.104,ipv4,malicious-ip,medium,WHITE,ziyadnz/hourly-ipv4,ziyadnz|hourly,2026-08-17T18:48:05Z,2026-08-17T18:48:05Z,
107.150.99.174,ipv4,malicious-ip,medium,WHITE,ziyadnz/hourly-ipv4,ziyadnz|hourly,2026-08-17T18:48:05Z,2026-08-17T18:48:05Z,
107.150.99.178,ipv4,malicious-ip,medium,WHITE,ziyadnz/hourly-ipv4,ziyadnz|hourly,2026-08-17T18:48:05Z,2026-08-17T18:48:05Z,
107.150.99.195,ipv4,malicious-ip,medium,WHITE,ziyadnz/hourly-ipv4,ziyadnz|hourly,2026-08-17T18:48:05Z,2026-08-17T18:48:05Z,
107.150.99.9,ipv4,malicious-ip,medium,WHITE,ziyadnz/hourly-ipv4,ziyadnz|hourly,2026-08-17T18:48:05Z,2026-08-17T18:48:05Z,
107.152.36.15,ipv4,malicious-ip,medium,WHITE,ziyadnz/hourly-ipv4,ziyadnz|hourly,2026-08-17T18:48:05Z,2026-08-17T18:48:05Z,
107.152.44.215,ipv4,malicious-ip,medium,WHITE,ziyadnz/hourly-ipv4,ziyadnz|hourly,2026-08-17T18:48:05Z,2026-08-17T18:48:05Z,
107.152.98.5,ipv4,malicious-ip,medium,WHITE,ziyadnz/hourly-ipv4,ziyadnz|hourly,2026-08-17T18:48:05Z,2026-08-17T18:48:05Z,
107.155.124.50,ipv4,malicious-ip,medium,WHITE,ziyadnz/hourly-ipv4,ziyadnz|hourly,2026-08-17T18:48:05Z,2026-08-17T18:48:05Z,
107.155.48.84,ipv4,malicious-ip,medium,WHITE,ziyadnz/hourly-ipv4,ziyadnz|hourly,2026-08-17T18:48:05Z,2026-08-17T18:48:05Z,
107.155.55.85,ipv4,malicious-ip,medium,WHITE,ziyadnz/hourly-ipv4,ziyadnz|hourly,2026-08-17T18:48:05Z,2026-08-17T18:48:05Z,
107.155.56.52,ipv4,malicious-ip,medium,WHITE,ziyadnz/hourly-ipv4,ziyadnz|hourly,2026-08-17T18:48:05Z,2026-08-17T18:48:05Z,
107.158.128.105,ipv4,malicious-ip,medium,WHITE,ziyadnz/hourly-ipv4,ziyadnz|hourly,2026-08-17T18:48:05Z,2026-08-17T18:48:05Z,
107.158.128.106,ipv4,malicious-ip,medium,WHITE,ziyadnz/hourly-ipv4,ziyadnz|hourly,2026-08-17T18:48:05Z,2026-08-17T18:48:05Z,
107.158.128.45,ipv4,malicious-ip,medium,WHITE,ziyadnz/hourly-ipv4,ziyadnz|hourly,2026-08-17T18:48:05Z,2026-08-17T18:48:05Z,
107.158.128.90,ipv4,malicious-ip,medium,WHITE,ziyadnz/hourly-ipv4,ziyadnz|hourly,2026-08-17T18:48:05Z,2026-08-17T18:48:05Z,
107.161.31.85,ipv4,malicious-ip,medium,WHITE,ziyadnz/hourly-ipv4,ziyadnz|hourly,2026-08-17T18:48:05Z,2026-08-17T18:48:05Z,
107.161.50.26,ipv4,malicious-ip,medium,WHITE,ziyadnz/hourly-ipv4,ziyadnz|hourly,2026-08-17T18:48:05Z,2026-08-17T18:48:05Z,
107.161.90.124,ipv4,malicious-ip,medium,WHITE,ziyadnz/hourly-ipv4,ziyadnz|hourly,2026-08-17T18:48:05Z,2026-08-17T18:48:05Z,
107.161.90.176,ipv4,malicious-ip,medium,WHITE,ziyadnz/hourly-ipv4,ziyadnz|hourly,2026-08-17T18:48:05Z,2026-08-17T18:48:05Z,
107.167.232.16,ipv4,malicious-ip,medium,WHITE,ziyadnz/hourly-ipv4,ziyadnz|hourly,2026-08-17T18:48:05Z,2026-08-17T18:48:05Z,
107.170.121.81,ipv4,malicious-ip,medium,WHITE,ziyadnz/hourly-ipv4,ziyadnz|hourly,2026-08-17T18:48:05Z,2026-08-17T18:48:05Z,
107.170.135.65,ipv4,malicious-ip,medium,WHITE,ziyadnz/hourly-ipv4,ziyadnz|hourly,2026-08-17T18:48:05Z,2026-08-17T18:48:05Z,
107.170.33.220,ipv4,malicious-ip,medium,WHITE,ziyadnz/hourly-ipv4,ziyadnz|hourly,2026-08-17T18:48:05Z,2026-08-17T18:48:05Z,
107.170.35.225,ipv4,malicious-ip,medium,WHITE,ziyadnz/hourly-ipv4,ziyadnz|hourly,2026-08-17T18:48:05Z,2026-08-17T18:48:05Z,
107.170.36.152,ipv4,malicious-ip,medium,WHITE,ziyadnz/hourly-ipv4,ziyadnz|hourly,2026-08-17T18:48:05Z,2026-08-17T18:48:05Z,
107.170.40.174,ipv4,malicious-ip,medium,WHITE,ziyadnz/hourly-ipv4,ziyadnz|hourly,2026-08-17T18:48:05Z,2026-08-17T18:48:05Z,
107.170.43.173,ipv4,malicious-ip,medium,WHITE,ziyadnz/hourly-ipv4,ziyadnz|hourly,2026-08-17T18:48:05Z,2026-08-17T18:48:05Z,
107.170.43.27,ipv4,malicious-ip,medium,WHITE,ziyadnz/hourly-ipv4,ziyadnz|hourly,2026-08-17T18:48:05Z,2026-08-17T18:48:05Z,
107.170.52.221,ipv4,malicious-ip,medium,WHITE,ziyadnz/hourly-ipv4,ziyadnz|hourly,2026-08-17T18:48:05Z,2026-08-17T18:48:05Z,
107.170.54.51,ipv4,malicious-ip,medium,WHITE,ziyadnz/hourly-ipv4,ziyadnz|hourly,2026-08-17T18:48:05Z,2026-08-17T18:48:05Z,
107.170.60.13,ipv4,malicious-ip,medium,WHITE,ziyadnz/hourly-ipv4,ziyadnz|hourly,2026-08-17T18:48:05Z,2026-08-17T18:48:05Z,
107.170.61.181,ipv4,malicious-ip,medium,WHITE,ziyadnz/hourly-ipv4,ziyadnz|hourly,2026-08-17T18:48:05Z,2026-08-17T18:48:05Z,
107.170.62.130,ipv4,malicious-ip,medium,WHITE,ziyadnz/hourly-ipv4,ziyadnz|hourly,2026-08-17T18:48:05Z,2026-08-17T18:48:05Z,
107.170.7.119,ipv4,malicious-ip,medium,WHITE,ziyadnz/hourly-ipv4,ziyadnz|hourly,2026-08-17T18:48:05Z,2026-08-17T18:48:05Z,
107.170.7.40,ipv4,malicious-ip,medium,WHITE,ziyadnz/hourly-ipv4,ziyadnz|hourly,2026-08-17T18:48:05Z,2026-08-17T18:48:05Z,
107.170.78.138,ipv4,malicious-ip,medium,WHITE,ziyadnz/hourly-ipv4,ziyadnz|hourly,2026-08-17T18:48:05Z,2026-08-17T18:48:05Z,
107.170.8.12,ipv4,malicious-ip,medium,WHITE,ziyadnz/hourly-ipv4,ziyadnz|hourly,2026-08-17T18:48:05Z,2026-08-17T18:48:05Z,
107.172.111.164,ipv4,malicious-ip,medium,WHITE,ziyadnz/hourly-ipv4,ziyadnz|hourly,2026-08-17T18:48:05Z,2026-08-17T18:48:05Z,
107.172.125.210,ipv4,malicious-ip,medium,WHITE,ziyadnz/hourly-ipv4,ziyadnz|hourly,2026-08-17T18:48:05Z,2026-08-17T18:48:05Z,
107.172.128.153,ipv4,malicious-ip,medium,WHITE,ziyadnz/hourly-ipv4,ziyadnz|hourly,2026-08-17T18:48:05Z,2026-08-17T18:48:05Z,
107.172.13.174,ipv4,malicious-ip,medium,WHITE,ziyadnz/hourly-ipv4,ziyadnz|hourly,2026-08-17T18:48:05Z,2026-08-17T18:48:05Z,
107.172.132.194,ipv4,malicious-ip,medium,WHITE,ziyadnz/hourly-ipv4,ziyadnz|hourly,2026-08-17T18:48:05Z,2026-08-17T18:48:05Z,
107.172.157.247,ipv4,malicious-ip,medium,WHITE,ziyadnz/hourly-ipv4,ziyadnz|hourly,2026-08-17T18:48:05Z,2026-08-17T18:48:05Z,
107.172.204.15,ipv4,malicious-ip,medium,WHITE,ziyadnz/hourly-ipv4,ziyadnz|hourly,2026-08-17T18:48:05Z,2026-08-17T18:48:05Z,
107.172.21.185,ipv4,malicious-ip,medium,WHITE,ziyadnz/hourly-ipv4,ziyadnz|hourly,2026-08-17T18:48:05Z,2026-08-17T18:48:05Z,
107.172.212.235,ipv4,malicious-ip,medium,WHITE,ziyadnz/hourly-ipv4,ziyadnz|hourly,2026-08-17T18:48:05Z,2026-08-17T18:48:05Z,
107.172.218.176,ipv4,malicious-ip,medium,WHITE,ziyadnz/hourly-ipv4,ziyadnz|hourly,2026-08-17T18:48:05Z,2026-08-17T18:48:05Z,
107.172.219.179,ipv4,malicious-ip,medium,WHITE,ziyadnz/hourly-ipv4,ziyadnz|hourly,2026-08-17T18:48:05Z,2026-08-17T18:48:05Z,
107.172.235.49,ipv4,malicious-ip,medium,WHITE,ziyadnz/hourly-ipv4,ziyadnz|hourly,2026-08-17T18:48:05Z,2026-08-17T18:48:05Z,
107.172.250.235,ipv4,malicious-ip,medium,WHITE,ziyadnz/hourly-ipv4,ziyadnz|hourly,2026-08-17T18:48:05Z,2026-08-17T18:48:05Z,
107.172.252.155,ipv4,malicious-ip,medium,WHITE,ziyadnz/hourly-ipv4,ziyadnz|hourly,2026-08-17T18:48:05Z,2026-08-17T18:48:05Z,
107.172.31.5,ipv4,malicious-ip,medium,WHITE,ziyadnz/hourly-ipv4,ziyadnz|hourly,2026-08-17T18:48:05Z,2026-08-17T18:48:05Z,
107.172.43.175,ipv4,malicious-ip,medium,WHITE,ziyadnz/hourly-ipv4,ziyadnz|hourly,2026-08-17T18:48:05Z,2026-08-17T18:48:05Z,
107.172.51.228,ipv4,malicious-ip,medium,WHITE,ziyadnz/hourly-ipv4,ziyadnz|hourly,2026-08-17T18:48:05Z,2026-08-17T18:48:05Z,
107.172.57.42,ipv4,malicious-ip,medium,WHITE,ziyadnz/hourly-ipv4,ziyadnz|hourly,2026-08-17T18:48:05Z,2026-08-17T18:48:05Z,
107.172.71.182,ipv4,malicious-ip,medium,WHITE,ziyadnz/hourly-ipv4,ziyadnz|hourly,2026-08-17T18:48:05Z,2026-08-17T18:48:05Z,
107.172.79.5,ipv4,malicious-ip,medium,WHITE,ziyadnz/hourly-ipv4,ziyadnz|hourly,2026-08-17T18:48:05Z,2026-08-17T18:48:05Z,
107.172.87.214,ipv4,malicious-ip,medium,WHITE,ziyadnz/hourly-ipv4,ziyadnz|hourly,2026-08-17T18:48:05Z,2026-08-17T18:48:05Z,
107.172.95.94,ipv4,malicious-ip,medium,WHITE,ziyadnz/hourly-ipv4,ziyadnz|hourly,2026-08-17T18:48:05Z,2026-08-17T18:48:05Z,
107.173.111.26,ipv4,malicious-ip,medium,WHITE,ziyadnz/hourly-ipv4,ziyadnz|hourly,2026-08-17T18:48:05Z,2026-08-17T18:48:05Z,
107.173.122.185,ipv4,malicious-ip,medium,WHITE,ziyadnz/hourly-ipv4,ziyadnz|hourly,2026-08-17T18:48:05Z,2026-08-17T18:48:05Z,
107.173.143.35,ipv4,malicious-ip,medium,WHITE,ziyadnz/hourly-ipv4,ziyadnz|hourly,2026-08-17T18:48:05Z,2026-08-17T18:48:05Z,
107.173.148.8,ipv4,malicious-ip,medium,WHITE,ziyadnz/hourly-ipv4,ziyadnz|hourly,2026-08-17T18:48:05Z,2026-08-17T18:48:05Z,
107.173.155.92,ipv4,malicious-ip,medium,WHITE,ziyadnz/hourly-ipv4,ziyadnz|hourly,2026-08-17T18:48:05Z,2026-08-17T18:48:05Z,
107.173.157.206,ipv4,malicious-ip,medium,WHITE,ziyadnz/hourly-ipv4,ziyadnz|hourly,2026-08-17T18:48:05Z,2026-08-17T18:48:05Z,
107.173.167.181,ipv4,malicious-ip,medium,WHITE,ziyadnz/hourly-ipv4,ziyadnz|hourly,2026-08-17T18:48:05Z,2026-08-17T18:48:05Z,
107.173.179.140,ipv4,malicious-ip,medium,WHITE,ziyadnz/hourly-ipv4,ziyadnz|hourly,2026-08-17T18:48:05Z,2026-08-17T18:48:05Z,
107.173.182.163,ipv4,malicious-ip,medium,WHITE,ziyadnz/hourly-ipv4,ziyadnz|hourly,2026-08-17T18:48:05Z,2026-08-17T18:48:05Z,
107.173.187.170,ipv4,malicious-ip,medium,WHITE,ziyadnz/hourly-ipv4,ziyadnz|hourly,2026-08-17T18:48:05Z,2026-08-17T18:48:05Z,
107.173.196.124,ipv4,malicious-ip,medium,WHITE,ziyadnz/hourly-ipv4,ziyadnz|hourly,2026-08-17T18:48:05Z,2026-08-17T18:48:05Z,
107.173.199.134,ipv4,malicious-ip,medium,WHITE,ziyadnz/hourly-ipv4,ziyadnz|hourly,2026-08-17T18:48:05Z,2026-08-17T18:48:05Z,
107.173.2.136,ipv4,malicious-ip,medium,WHITE,ziyadnz/hourly-ipv4,ziyadnz|hourly,2026-08-17T18:48:05Z,2026-08-17T18:48:05Z,
107.173.203.218,ipv4,malicious-ip,medium,WHITE,ziyadnz/hourly-ipv4,ziyadnz|hourly,2026-08-17T18:48:05Z,2026-08-17T18:48:05Z,
107.173.214.153,ipv4,malicious-ip,medium,WHITE,ziyadnz/hourly-ipv4,ziyadnz|hourly,2026-08-17T18:48:05Z,2026-08-17T18:48:05Z,
107.173.229.5,ipv4,malicious-ip,medium,WHITE,ziyadnz/hourly-ipv4,ziyadnz|hourly,2026-08-17T18:48:05Z,2026-08-17T18:48:05Z,
107.173.231.201,ipv4,malicious-ip,medium,WHITE,ziyadnz/hourly-ipv4,ziyadnz|hourly,2026-08-17T18:48:05Z,2026-08-17T18:48:05Z,
107.173.241.217,ipv4,malicious-ip,medium,WHITE,ziyadnz/hourly-ipv4,ziyadnz|hourly,2026-08-17T18:48:05Z,2026-08-17T18:48:05Z,
107.173.248.142,ipv4,malicious-ip,medium,WHITE,ziyadnz/hourly-ipv4,ziyadnz|hourly,2026-08-17T18:48:05Z,2026-08-17T18:48:05Z,
107.173.254.114,ipv4,malicious-ip,medium,WHITE,ziyadnz/hourly-ipv4,ziyadnz|hourly,2026-08-17T18:48:05Z,2026-08-17T18:48:05Z,
107.173.37.138,ipv4,malicious-ip,medium,WHITE,ziyadnz/hourly-ipv4,ziyadnz|hourly,2026-08-17T18:48:05Z,2026-08-17T18:48:05Z,
107.173.37.94,ipv4,malicious-ip,medium,WHITE,ziyadnz/hourly-ipv4,ziyadnz|hourly,2026-08-17T18:48:05Z,2026-08-17T18:48:05Z,
107.173.38.112,ipv4,malicious-ip,medium,WHITE,ziyadnz/hourly-ipv4,ziyadnz|hourly,2026-08-17T18:48:05Z,2026-08-17T18:48:05Z,
107.173.4.15,ipv4,malicious-ip,medium,WHITE,ziyadnz/hourly-ipv4,ziyadnz|hourly,2026-08-17T18:48:05Z,2026-08-17T18:48:05Z,
107.173.4.16,ipv4,malicious-ip,medium,WHITE,ziyadnz/hourly-ipv4,ziyadnz|hourly,2026-08-17T18:48:05Z,2026-08-17T18:48:05Z,
107.173.42.100,ipv4,malicious-ip,medium,WHITE,ziyadnz/hourly-ipv4,ziyadnz|hourly,2026-08-17T18:48:05Z,2026-08-17T18:48:05Z,
107.173.47.132,ipv4,malicious-ip,medium,WHITE,ziyadnz/hourly-ipv4,ziyadnz|hourly,2026-08-17T18:48:05Z,2026-08-17T18:48:05Z,
107.173.47.147,ipv4,malicious-ip,medium,WHITE,ziyadnz/hourly-ipv4,ziyadnz|hourly,2026-08-17T18:48:05Z,2026-08-17T18:48:05Z,
107.173.50.221,ipv4,malicious-ip,medium,WHITE,ziyadnz/hourly-ipv4,ziyadnz|hourly,2026-08-17T18:48:05Z,2026-08-17T18:48:05Z,
107.173.58.174,ipv4,malicious-ip,medium,WHITE,ziyadnz/hourly-ipv4,ziyadnz|hourly,2026-08-17T18:48:05Z,2026-08-17T18:48:05Z,
107.173.58.25,ipv4,malicious-ip,medium,WHITE,ziyadnz/hourly-ipv4,ziyadnz|hourly,2026-08-17T18:48:05Z,2026-08-17T18:48:05Z,
107.173.61.4,ipv4,malicious-ip,medium,WHITE,ziyadnz/hourly-ipv4,ziyadnz|hourly,2026-08-17T18:48:05Z,2026-08-17T18:48:05Z,
107.173.67.199,ipv4,malicious-ip,medium,WHITE,ziyadnz/hourly-ipv4,ziyadnz|hourly,2026-08-17T18:48:05Z,2026-08-17T18:48:05Z,
107.173.67.223,ipv4,malicious-ip,medium,WHITE,ziyadnz/hourly-ipv4,ziyadnz|hourly,2026-08-17T18:48:05Z,2026-08-17T18:48:05Z,
107.173.70.115,ipv4,malicious-ip,medium,WHITE,ziyadnz/hourly-ipv4,ziyadnz|hourly,2026-08-17T18:48:05Z,2026-08-17T18:48:05Z,
107.173.85.222,ipv4,malicious-ip,medium,WHITE,ziyadnz/hourly-ipv4,ziyadnz|hourly,2026-08-17T18:48:05Z,2026-08-17T18:48:05Z,
107.173.85.94,ipv4,malicious-ip,medium,WHITE,ziyadnz/hourly-ipv4,ziyadnz|hourly,2026-08-17T18:48:05Z,2026-08-17T18:48:05Z,
107.173.94.0,ipv4,malicious-ip,medium,WHITE,ziyadnz/hourly-ipv4,ziyadnz|hourly,2026-08-17T18:48:05Z,2026-08-17T18:48:05Z,
107.173.94.102,ipv4,malicious-ip,medium,WHITE,ziyadnz/hourly-ipv4,ziyadnz|hourly,2026-08-17T18:48:05Z,2026-08-17T18:48:05Z,
107.173.94.104,ipv4,malicious-ip,medium,WHITE,ziyadnz/hourly-ipv4,ziyadnz|hourly,2026-08-17T18:48:05Z,2026-08-17T18:48:05Z,
107.173.94.110,ipv4,malicious-ip,medium,WHITE,ziyadnz/hourly-ipv4,ziyadnz|hourly,2026-08-17T18:48:05Z,2026-08-17T18:48:05Z,
107.173.94.114,ipv4,malicious-ip,medium,WHITE,ziyadnz/hourly-ipv4,ziyadnz|hourly,2026-08-17T18:48:05Z,2026-08-17T18:48:05Z,
107.173.94.123,ipv4,malicious-ip,medium,WHITE,ziyadnz/hourly-ipv4,ziyadnz|hourly,2026-08-17T18:48:05Z,2026-08-17T18:48:05Z,
107.173.94.143,ipv4,malicious-ip,medium,WHITE,ziyadnz/hourly-ipv4,ziyadnz|hourly,2026-08-17T18:48:05Z,2026-08-17T18:48:05Z,
107.173.94.148,ipv4,malicious-ip,medium,WHITE,ziyadnz/hourly-ipv4,ziyadnz|hourly,2026-08-17T18:48:05Z,2026-08-17T18:48:05Z,
107.173.94.158,ipv4,malicious-ip,medium,WHITE,ziyadnz/hourly-ipv4,ziyadnz|hourly,2026-08-17T18:48:05Z,2026-08-17T18:48:05Z,
107.173.94.164,ipv4,malicious-ip,medium,WHITE,ziyadnz/hourly-ipv4,ziyadnz|hourly,2026-08-17T18:48:05Z,2026-08-17T18:48:05Z,
107.173.94.189,ipv4,malicious-ip,medium,WHITE,ziyadnz/hourly-ipv4,ziyadnz|hourly,2026-08-17T18:48:05Z,2026-08-17T18:48:05Z,
107.173.94.197,ipv4,malicious-ip,medium,WHITE,ziyadnz/hourly-ipv4,ziyadnz|hourly,2026-08-17T18:48:05Z,2026-08-17T18:48:05Z,
107.173.94.198,ipv4,malicious-ip,medium,WHITE,ziyadnz/hourly-ipv4,ziyadnz|hourly,2026-08-17T18:48:05Z,2026-08-17T18:48:05Z,
107.173.94.220,ipv4,malicious-ip,medium,WHITE,ziyadnz/hourly-ipv4,ziyadnz|hourly,2026-08-17T18:48:05Z,2026-08-17T18:48:05Z,
107.173.94.234,ipv4,malicious-ip,medium,WHITE,ziyadnz/hourly-ipv4,ziyadnz|hourly,2026-08-17T18:48:05Z,2026-08-17T18:48:05Z,
107.173.94.28,ipv4,malicious-ip,medium,WHITE,ziyadnz/hourly-ipv4,ziyadnz|hourly,2026-08-17T18:48:05Z,2026-08-17T18:48:05Z,
107.173.94.41,ipv4,malicious-ip,medium,WHITE,ziyadnz/hourly-ipv4,ziyadnz|hourly,2026-08-17T18:48:05Z,2026-08-17T18:48:05Z,
107.173.94.50,ipv4,malicious-ip,medium,WHITE,ziyadnz/hourly-ipv4,ziyadnz|hourly,2026-08-17T18:48:05Z,2026-08-17T18:48:05Z,
107.173.94.6,ipv4,malicious-ip,medium,WHITE,ziyadnz/hourly-ipv4,ziyadnz|hourly,2026-08-17T18:48:05Z,2026-08-17T18:48:05Z,
107.173.94.68,ipv4,malicious-ip,medium,WHITE,ziyadnz/hourly-ipv4,ziyadnz|hourly,2026-08-17T18:48:05Z,2026-08-17T18:48:05Z,
107.173.94.80,ipv4,malicious-ip,medium,WHITE,ziyadnz/hourly-ipv4,ziyadnz|hourly,2026-08-17T18:48:05Z,2026-08-17T18:48:05Z,
107.174.1.138,ipv4,malicious-ip,medium,WHITE,ziyadnz/hourly-ipv4,ziyadnz|hourly,2026-08-17T18:48:05Z,2026-08-17T18:48:05Z,
107.174.142.74,ipv4,malicious-ip,medium,WHITE,ziyadnz/hourly-ipv4,ziyadnz|hourly,2026-08-17T18:48:05Z,2026-08-17T18:48:05Z,
107.174.146.5,ipv4,malicious-ip,medium,WHITE,ziyadnz/hourly-ipv4,ziyadnz|hourly,2026-08-17T18:48:05Z,2026-08-17T18:48:05Z,
107.174.174.17,ipv4,malicious-ip,medium,WHITE,ziyadnz/hourly-ipv4,ziyadnz|hourly,2026-08-17T18:48:05Z,2026-08-17T18:48:05Z,
107.174.178.77,ipv4,malicious-ip,medium,WHITE,ziyadnz/hourly-ipv4,ziyadnz|hourly,2026-08-17T18:48:05Z,2026-08-17T18:48:05Z,
107.174.184.189,ipv4,malicious-ip,medium,WHITE,ziyadnz/hourly-ipv4,ziyadnz|hourly,2026-08-17T18:48:05Z,2026-08-17T18:48:05Z,
107.174.196.144,ipv4,malicious-ip,medium,WHITE,ziyadnz/hourly-ipv4,ziyadnz|hourly,2026-08-17T18:48:05Z,2026-08-17T18:48:05Z,
107.174.224.18,ipv4,malicious-ip,medium,WHITE,ziyadnz/hourly-ipv4,ziyadnz|hourly,2026-08-17T18:48:05Z,2026-08-17T18:48:05Z,
107.174.240.173,ipv4,malicious-ip,medium,WHITE,ziyadnz/hourly-ipv4,ziyadnz|hourly,2026-08-17T18:48:05Z,2026-08-17T18:48:05Z,
107.174.35.139,ipv4,malicious-ip,medium,WHITE,ziyadnz/hourly-ipv4,ziyadnz|hourly,2026-08-17T18:48:05Z,2026-08-17T18:48:05Z,
107.174.39.49,ipv4,malicious-ip,medium,WHITE,ziyadnz/hourly-ipv4,ziyadnz|hourly,2026-08-17T18:48:05Z,2026-08-17T18:48:05Z,
107.174.67.107,ipv4,malicious-ip,medium,WHITE,ziyadnz/hourly-ipv4,ziyadnz|hourly,2026-08-17T18:48:05Z,2026-08-17T18:48:05Z,
107.174.90.23,ipv4,malicious-ip,medium,WHITE,ziyadnz/hourly-ipv4,ziyadnz|hourly,2026-08-17T18:48:05Z,2026-08-17T18:48:05Z,
107.175.113.204,ipv4,malicious-ip,medium,WHITE,ziyadnz/hourly-ipv4,ziyadnz|hourly,2026-08-17T18:48:05Z,2026-08-17T18:48:05Z,
107.175.114.14,ipv4,malicious-ip,medium,WHITE,ziyadnz/hourly-ipv4,ziyadnz|hourly,2026-08-17T18:48:05Z,2026-08-17T18:48:05Z,
107.175.114.16,ipv4,malicious-ip,medium,WHITE,ziyadnz/hourly-ipv4,ziyadnz|hourly,2026-08-17T18:48:05Z,2026-08-17T18:48:05Z,
107.175.122.89,ipv4,malicious-ip,medium,WHITE,ziyadnz/hourly-ipv4,ziyadnz|hourly,2026-08-17T18:48:05Z,2026-08-17T18:48:05Z,
107.175.150.94,ipv4,malicious-ip,medium,WHITE,ziyadnz/hourly-ipv4,ziyadnz|hourly,2026-08-17T18:48:05Z,2026-08-17T18:48:05Z,
107.175.156.151,ipv4,malicious-ip,medium,WHITE,ziyadnz/hourly-ipv4,ziyadnz|hourly,2026-08-17T18:48:05Z,2026-08-17T18:48:05Z,
107.175.156.154,ipv4,malicious-ip,medium,WHITE,ziyadnz/hourly-ipv4,ziyadnz|hourly,2026-08-17T18:48:05Z,2026-08-17T18:48:05Z,
107.175.156.157,ipv4,malicious-ip,medium,WHITE,ziyadnz/hourly-ipv4,ziyadnz|hourly,2026-08-17T18:48:05Z,2026-08-17T18:48:05Z,
107.175.17.238,ipv4,malicious-ip,medium,WHITE,ziyadnz/hourly-ipv4,ziyadnz|hourly,2026-08-17T18:48:05Z,2026-08-17T18:48:05Z,
107.175.17.240,ipv4,malicious-ip,medium,WHITE,ziyadnz/hourly-ipv4,ziyadnz|hourly,2026-08-17T18:48:05Z,2026-08-17T18:48:05Z,
107.175.202.133,ipv4,malicious-ip,medium,WHITE,ziyadnz/hourly-ipv4,ziyadnz|hourly,2026-08-17T18:48:05Z,2026-08-17T18:48:05Z,
107.175.202.157,ipv4,malicious-ip,medium,WHITE,ziyadnz/hourly-ipv4,ziyadnz|hourly,2026-08-17T18:48:05Z,2026-08-17T18:48:05Z,
107.175.202.162,ipv4,malicious-ip,medium,WHITE,ziyadnz/hourly-ipv4,ziyadnz|hourly,2026-08-17T18:48:05Z,2026-08-17T18:48:05Z,
107.175.202.165,ipv4,malicious-ip,medium,WHITE,ziyadnz/hourly-ipv4,ziyadnz|hourly,2026-08-17T18:48:05Z,2026-08-17T18:48:05Z,
107.175.202.201,ipv4,malicious-ip,medium,WHITE,ziyadnz/hourly-ipv4,ziyadnz|hourly,2026-08-17T18:48:05Z,2026-08-17T18:48:05Z,
107.175.212.220,ipv4,malicious-ip,medium,WHITE,ziyadnz/hourly-ipv4,ziyadnz|hourly,2026-08-17T18:48:05Z,2026-08-17T18:48:05Z,
107.175.212.81,ipv4,malicious-ip,medium,WHITE,ziyadnz/hourly-ipv4,ziyadnz|hourly,2026-08-17T18:48:05Z,2026-08-17T18:48:05Z,
107.175.227.24,ipv4,malicious-ip,medium,WHITE,ziyadnz/hourly-ipv4,ziyadnz|hourly,2026-08-17T18:48:05Z,2026-08-17T18:48:05Z,
107.175.227.45,ipv4,malicious-ip,medium,WHITE,ziyadnz/hourly-ipv4,ziyadnz|hourly,2026-08-17T18:48:05Z,2026-08-17T18:48:05Z,
107.175.239.30,ipv4,malicious-ip,medium,WHITE,ziyadnz/hourly-ipv4,ziyadnz|hourly,2026-08-17T18:48:05Z,2026-08-17T18:48:05Z,
107.175.33.126,ipv4,malicious-ip,medium,WHITE,ziyadnz/hourly-ipv4,ziyadnz|hourly,2026-08-17T18:48:05Z,2026-08-17T18:48:05Z,
107.175.54.2,ipv4,malicious-ip,medium,WHITE,ziyadnz/hourly-ipv4,ziyadnz|hourly,2026-08-17T18:48:05Z,2026-08-17T18:48:05Z,
107.175.65.215,ipv4,malicious-ip,medium,WHITE,ziyadnz/hourly-ipv4,ziyadnz|hourly,2026-08-17T18:48:05Z,2026-08-17T18:48:05Z,
107.175.66.41,ipv4,malicious-ip,medium,WHITE,ziyadnz/hourly-ipv4,ziyadnz|hourly,2026-08-17T18:48:05Z,2026-08-17T18:48:05Z,
107.175.75.60,ipv4,malicious-ip,medium,WHITE,ziyadnz/hourly-ipv4,ziyadnz|hourly,2026-08-17T18:48:05Z,2026-08-17T18:48:05Z,
107.175.87.129,ipv4,malicious-ip,medium,WHITE,ziyadnz/hourly-ipv4,ziyadnz|hourly,2026-08-17T18:48:05Z,2026-08-17T18:48:05Z,
107.175.88.68,ipv4,malicious-ip,medium,WHITE,ziyadnz/hourly-ipv4,ziyadnz|hourly,2026-08-17T18:48:05Z,2026-08-17T18:48:05Z,
107.175.89.136,ipv4,malicious-ip,medium,WHITE,ziyadnz/hourly-ipv4,ziyadnz|hourly,2026-08-17T18:48:05Z,2026-08-17T18:48:05Z,
107.175.91.120,ipv4,malicious-ip,medium,WHITE,ziyadnz/hourly-ipv4,ziyadnz|hourly,2026-08-17T18:48:05Z,2026-08-17T18:48:05Z,
107.175.93.210,ipv4,malicious-ip,medium,WHITE,ziyadnz/hourly-ipv4,ziyadnz|hourly,2026-08-17T18:48:05Z,2026-08-17T18:48:05Z,
107.178.101.245,ipv4,malicious-ip,medium,WHITE,ziyadnz/hourly-ipv4,ziyadnz|hourly,2026-08-17T18:48:05Z,2026-08-17T18:48:05Z,
107.178.104.10,ipv4,malicious-ip,medium,WHITE,ziyadnz/hourly-ipv4,ziyadnz|hourly,2026-08-17T18:48:05Z,2026-08-17T18:48:05Z,
107.180.46.149,ipv4,malicious-ip,medium,WHITE,ziyadnz/hourly-ipv4,ziyadnz|hourly,2026-08-17T18:48:05Z,2026-08-17T18:48:05Z,
107.180.69.136,ipv4,malicious-ip,medium,WHITE,ziyadnz/hourly-ipv4,ziyadnz|hourly,2026-08-17T18:48:05Z,2026-08-17T18:48:05Z,
107.180.79.106,ipv4,malicious-ip,medium,WHITE,ziyadnz/hourly-ipv4,ziyadnz|hourly,2026-08-17T18:48:05Z,2026-08-17T18:48:05Z,
107.180.90.76,ipv4,malicious-ip,medium,WHITE,ziyadnz/hourly-ipv4,ziyadnz|hourly,2026-08-17T18:48:05Z,2026-08-17T18:48:05Z,
107.181.161.200,ipv4,malicious-ip,medium,WHITE,ziyadnz/hourly-ipv4,ziyadnz|hourly,2026-08-17T18:48:05Z,2026-08-17T18:48:05Z,
107.181.187.94,ipv4,malicious-ip,medium,WHITE,ziyadnz/hourly-ipv4,ziyadnz|hourly,2026-08-17T18:48:05Z,2026-08-17T18:48:05Z,
107.182.128.11,ipv4,malicious-ip,medium,WHITE,ziyadnz/hourly-ipv4,ziyadnz|hourly,2026-08-17T18:48:05Z,2026-08-17T18:48:05Z,
107.182.129.240,ipv4,malicious-ip,medium,WHITE,ziyadnz/hourly-ipv4,ziyadnz|hourly,2026-08-17T18:48:05Z,2026-08-17T18:48:05Z,
107.182.129.84,ipv4,malicious-ip,medium,WHITE,ziyadnz/hourly-ipv4,ziyadnz|hourly,2026-08-17T18:48:05Z,2026-08-17T18:48:05Z,
107.182.225.142,ipv4,malicious-ip,medium,WHITE,ziyadnz/hourly-ipv4,ziyadnz|hourly,2026-08-17T18:48:05Z,2026-08-17T18:48:05Z,
107.189.1.160,ipv4,malicious-ip,medium,WHITE,ziyadnz/hourly-ipv4,ziyadnz|hourly,2026-08-17T18:48:05Z,2026-08-17T18:48:05Z,
107.189.1.175,ipv4,malicious-ip,medium,WHITE,ziyadnz/hourly-ipv4,ziyadnz|hourly,2026-08-17T18:48:05Z,2026-08-17T18:48:05Z,
107.189.1.6,ipv4,malicious-ip,medium,WHITE,ziyadnz/hourly-ipv4,ziyadnz|hourly,2026-08-17T18:48:05Z,2026-08-17T18:48:05Z,
107.189.1.82,ipv4,malicious-ip,medium,WHITE,ziyadnz/hourly-ipv4,ziyadnz|hourly,2026-08-17T18:48:05Z,2026-08-17T18:48:05Z,
107.189.1.9,ipv4,malicious-ip,medium,WHITE,ziyadnz/hourly-ipv4,ziyadnz|hourly,2026-08-17T18:48:05Z,2026-08-17T18:48:05Z,
107.189.10.175,ipv4,malicious-ip,medium,WHITE,ziyadnz/hourly-ipv4,ziyadnz|hourly,2026-08-17T18:48:05Z,2026-08-17T18:48:05Z,
107.189.11.105,ipv4,malicious-ip,medium,WHITE,ziyadnz/hourly-ipv4,ziyadnz|hourly,2026-08-17T18:48:05Z,2026-08-17T18:48:05Z,
107.189.11.111,ipv4,malicious-ip,medium,WHITE,ziyadnz/hourly-ipv4,ziyadnz|hourly,2026-08-17T18:48:05Z,2026-08-17T18:48:05Z,
107.189.12.157,ipv4,malicious-ip,medium,WHITE,ziyadnz/hourly-ipv4,ziyadnz|hourly,2026-08-17T18:48:05Z,2026-08-17T18:48:05Z,
107.189.12.3,ipv4,malicious-ip,medium,WHITE,ziyadnz/hourly-ipv4,ziyadnz|hourly,2026-08-17T18:48:05Z,2026-08-17T18:48:05Z,
107.189.13.180,ipv4,malicious-ip,medium,WHITE,ziyadnz/hourly-ipv4,ziyadnz|hourly,2026-08-17T18:48:05Z,2026-08-17T18:48:05Z,
107.189.13.253,ipv4,malicious-ip,medium,WHITE,ziyadnz/hourly-ipv4,ziyadnz|hourly,2026-08-17T18:48:05Z,2026-08-17T18:48:05Z,
107.189.13.254,ipv4,malicious-ip,medium,WHITE,ziyadnz/hourly-ipv4,ziyadnz|hourly,2026-08-17T18:48:05Z,2026-08-17T18:48:05Z,
107.189.14.198,ipv4,malicious-ip,medium,WHITE,ziyadnz/hourly-ipv4,ziyadnz|hourly,2026-08-17T18:48:05Z,2026-08-17T18:48:05Z,
107.189.14.4,ipv4,malicious-ip,medium,WHITE,ziyadnz/hourly-ipv4,ziyadnz|hourly,2026-08-17T18:48:05Z,2026-08-17T18:48:05Z,
107.189.14.72,ipv4,malicious-ip,medium,WHITE,ziyadnz/hourly-ipv4,ziyadnz|hourly,2026-08-17T18:48:05Z,2026-08-17T18:48:05Z,
107.189.14.87,ipv4,malicious-ip,medium,WHITE,ziyadnz/hourly-ipv4,ziyadnz|hourly,2026-08-17T18:48:05Z,2026-08-17T18:48:05Z,
107.189.17.143,ipv4,malicious-ip,medium,WHITE,ziyadnz/hourly-ipv4,ziyadnz|hourly,2026-08-17T18:48:05Z,2026-08-17T18:48:05Z,
107.189.19.52,ipv4,malicious-ip,medium,WHITE,ziyadnz/hourly-ipv4,ziyadnz|hourly,2026-08-17T18:48:05Z,2026-08-17T18:48:05Z,
107.189.20.32,ipv4,malicious-ip,medium,WHITE,ziyadnz/hourly-ipv4,ziyadnz|hourly,2026-08-17T18:48:05Z,2026-08-17T18:48:05Z,
107.189.20.95,ipv4,malicious-ip,medium,WHITE,ziyadnz/hourly-ipv4,ziyadnz|hourly,2026-08-17T18:48:05Z,2026-08-17T18:48:05Z,
107.189.21.86,ipv4,malicious-ip,medium,WHITE,ziyadnz/hourly-ipv4,ziyadnz|hourly,2026-08-17T18:48:05Z,2026-08-17T18:48:05Z,
107.189.22.104,ipv4,malicious-ip,medium,WHITE,ziyadnz/hourly-ipv4,ziyadnz|hourly,2026-08-17T18:48:05Z,2026-08-17T18:48:05Z,
107.189.22.118,ipv4,malicious-ip,medium,WHITE,ziyadnz/hourly-ipv4,ziyadnz|hourly,2026-08-17T18:48:05Z,2026-08-17T18:48:05Z,
107.189.24.181,ipv4,malicious-ip,medium,WHITE,ziyadnz/hourly-ipv4,ziyadnz|hourly,2026-08-17T18:48:05Z,2026-08-17T18:48:05Z,
107.189.24.227,ipv4,malicious-ip,medium,WHITE,ziyadnz/hourly-ipv4,ziyadnz|hourly,2026-08-17T18:48:05Z,2026-08-17T18:48:05Z,
107.189.24.67,ipv4,malicious-ip,medium,WHITE,ziyadnz/hourly-ipv4,ziyadnz|hourly,2026-08-17T18:48:05Z,2026-08-17T18:48:05Z,
107.189.24.77,ipv4,malicious-ip,medium,WHITE,ziyadnz/hourly-ipv4,ziyadnz|hourly,2026-08-17T18:48:05Z,2026-08-17T18:48:05Z,
107.189.25.109,ipv4,malicious-ip,medium,WHITE,ziyadnz/hourly-ipv4,ziyadnz|hourly,2026-08-17T18:48:05Z,2026-08-17T18:48:05Z,
107.189.26.194,ipv4,malicious-ip,medium,WHITE,ziyadnz/hourly-ipv4,ziyadnz|hourly,2026-08-17T18:48:05Z,2026-08-17T18:48:05Z,
107.189.26.225,ipv4,malicious-ip,medium,WHITE,ziyadnz/hourly-ipv4,ziyadnz|hourly,2026-08-17T18:48:05Z,2026-08-17T18:48:05Z,
107.189.26.86,ipv4,malicious-ip,medium,WHITE,ziyadnz/hourly-ipv4,ziyadnz|hourly,2026-08-17T18:48:05Z,2026-08-17T18:48:05Z,
107.189.28.251,ipv4,malicious-ip,medium,WHITE,ziyadnz/hourly-ipv4,ziyadnz|hourly,2026-08-17T18:48:05Z,2026-08-17T18:48:05Z,
107.189.29.12,ipv4,malicious-ip,medium,WHITE,ziyadnz/hourly-ipv4,ziyadnz|hourly,2026-08-17T18:48:05Z,2026-08-17T18:48:05Z,
107.189.29.184,ipv4,malicious-ip,medium,WHITE,ziyadnz/hourly-ipv4,ziyadnz|hourly,2026-08-17T18:48:05Z,2026-08-17T18:48:05Z,
107.189.29.8,ipv4,malicious-ip,medium,WHITE,ziyadnz/hourly-ipv4,ziyadnz|hourly,2026-08-17T18:48:05Z,2026-08-17T18:48:05Z,
107.189.3.11,ipv4,malicious-ip,medium,WHITE,ziyadnz/hourly-ipv4,ziyadnz|hourly,2026-08-17T18:48:05Z,2026-08-17T18:48:05Z,
107.189.3.148,ipv4,malicious-ip,medium,WHITE,ziyadnz/hourly-ipv4,ziyadnz|hourly,2026-08-17T18:48:05Z,2026-08-17T18:48:05Z,
107.189.3.174,ipv4,malicious-ip,medium,WHITE,ziyadnz/hourly-ipv4,ziyadnz|hourly,2026-08-17T18:48:05Z,2026-08-17T18:48:05Z,
107.189.3.94,ipv4,malicious-ip,medium,WHITE,ziyadnz/hourly-ipv4,ziyadnz|hourly,2026-08-17T18:48:05Z,2026-08-17T18:48:05Z,
107.189.30.124,ipv4,malicious-ip,medium,WHITE,ziyadnz/hourly-ipv4,ziyadnz|hourly,2026-08-17T18:48:05Z,2026-08-17T18:48:05Z,
107.189.30.236,ipv4,malicious-ip,medium,WHITE,ziyadnz/hourly-ipv4,ziyadnz|hourly,2026-08-17T18:48:05Z,2026-08-17T18:48:05Z,
107.189.30.49,ipv4,malicious-ip,medium,WHITE,ziyadnz/hourly-ipv4,ziyadnz|hourly,2026-08-17T18:48:05Z,2026-08-17T18:48:05Z,
107.189.30.69,ipv4,malicious-ip,medium,WHITE,ziyadnz/hourly-ipv4,ziyadnz|hourly,2026-08-17T18:48:05Z,2026-08-17T18:48:05Z,
107.189.31.150,ipv4,malicious-ip,medium,WHITE,ziyadnz/hourly-ipv4,ziyadnz|hourly,2026-08-17T18:48:05Z,2026-08-17T18:48:05Z,
107.189.31.172,ipv4,malicious-ip,medium,WHITE,ziyadnz/hourly-ipv4,ziyadnz|hourly,2026-08-17T18:48:05Z,2026-08-17T18:48:05Z,
107.189.31.187,ipv4,malicious-ip,medium,WHITE,ziyadnz/hourly-ipv4,ziyadnz|hourly,2026-08-17T18:48:05Z,2026-08-17T18:48:05Z,
107.189.31.227,ipv4,malicious-ip,medium,WHITE,ziyadnz/hourly-ipv4,ziyadnz|hourly,2026-08-17T18:48:05Z,2026-08-17T18:48:05Z,
107.189.31.33,ipv4,malicious-ip,medium,WHITE,ziyadnz/hourly-ipv4,ziyadnz|hourly,2026-08-17T18:48:05Z,2026-08-17T18:48:05Z,
107.189.31.52,ipv4,malicious-ip,medium,WHITE,ziyadnz/hourly-ipv4,ziyadnz|hourly,2026-08-17T18:48:05Z,2026-08-17T18:48:05Z,
107.189.4.12,ipv4,malicious-ip,medium,WHITE,ziyadnz/hourly-ipv4,ziyadnz|hourly,2026-08-17T18:48:05Z,2026-08-17T18:48:05Z,
107.189.4.201,ipv4,malicious-ip,medium,WHITE,ziyadnz/hourly-ipv4,ziyadnz|hourly,2026-08-17T18:48:05Z,2026-08-17T18:48:05Z,
107.189.4.209,ipv4,malicious-ip,medium,WHITE,ziyadnz/hourly-ipv4,ziyadnz|hourly,2026-08-17T18:48:05Z,2026-08-17T18:48:05Z,
107.189.5.101,ipv4,malicious-ip,medium,WHITE,ziyadnz/hourly-ipv4,ziyadnz|hourly,2026-08-17T18:48:05Z,2026-08-17T18:48:05Z,
107.189.5.121,ipv4,malicious-ip,medium,WHITE,ziyadnz/hourly-ipv4,ziyadnz|hourly,2026-08-17T18:48:05Z,2026-08-17T18:48:05Z,
107.189.5.249,ipv4,malicious-ip,medium,WHITE,ziyadnz/hourly-ipv4,ziyadnz|hourly,2026-08-17T18:48:05Z,2026-08-17T18:48:05Z,
107.189.5.7,ipv4,malicious-ip,medium,WHITE,ziyadnz/hourly-ipv4,ziyadnz|hourly,2026-08-17T18:48:05Z,2026-08-17T18:48:05Z,
107.189.6.124,ipv4,malicious-ip,medium,WHITE,ziyadnz/hourly-ipv4,ziyadnz|hourly,2026-08-17T18:48:05Z,2026-08-17T18:48:05Z,
107.189.6.232,ipv4,malicious-ip,medium,WHITE,ziyadnz/hourly-ipv4,ziyadnz|hourly,2026-08-17T18:48:05Z,2026-08-17T18:48:05Z,
107.189.7.106,ipv4,malicious-ip,medium,WHITE,ziyadnz/hourly-ipv4,ziyadnz|hourly,2026-08-17T18:48:05Z,2026-08-17T18:48:05Z,
107.189.7.141,ipv4,malicious-ip,medium,WHITE,ziyadnz/hourly-ipv4,ziyadnz|hourly,2026-08-17T18:48:05Z,2026-08-17T18:48:05Z,
107.189.7.144,ipv4,malicious-ip,medium,WHITE,ziyadnz/hourly-ipv4,ziyadnz|hourly,2026-08-17T18:48:05Z,2026-08-17T18:48:05Z,
107.189.7.168,ipv4,malicious-ip,medium,WHITE,ziyadnz/hourly-ipv4,ziyadnz|hourly,2026-08-17T18:48:05Z,2026-08-17T18:48:05Z,
107.189.8.133,ipv4,malicious-ip,medium,WHITE,ziyadnz/hourly-ipv4,ziyadnz|hourly,2026-08-17T18:48:05Z,2026-08-17T18:48:05Z,
107.189.8.16,ipv4,malicious-ip,medium,WHITE,ziyadnz/hourly-ipv4,ziyadnz|hourly,2026-08-17T18:48:05Z,2026-08-17T18:48:05Z,
107.189.8.181,ipv4,malicious-ip,medium,WHITE,ziyadnz/hourly-ipv4,ziyadnz|hourly,2026-08-17T18:48:05Z,2026-08-17T18:48:05Z,
107.189.8.21,ipv4,malicious-ip,medium,WHITE,ziyadnz/hourly-ipv4,ziyadnz|hourly,2026-08-17T18:48:05Z,2026-08-17T18:48:05Z,
107.189.8.226,ipv4,malicious-ip,medium,WHITE,ziyadnz/hourly-ipv4,ziyadnz|hourly,2026-08-17T18:48:05Z,2026-08-17T18:48:05Z,
107.189.8.56,ipv4,malicious-ip,medium,WHITE,ziyadnz/hourly-ipv4,ziyadnz|hourly,2026-08-17T18:48:05Z,2026-08-17T18:48:05Z,
107.189.8.65,ipv4,malicious-ip,medium,WHITE,ziyadnz/hourly-ipv4,ziyadnz|hourly,2026-08-17T18:48:05Z,2026-08-17T18:48:05Z,
107.189.8.70,ipv4,malicious-ip,medium,WHITE,ziyadnz/hourly-ipv4,ziyadnz|hourly,2026-08-17T18:48:05Z,2026-08-17T18:48:05Z,
107.191.48.109,ipv4,malicious-ip,medium,WHITE,ziyadnz/hourly-ipv4,ziyadnz|hourly,2026-08-17T18:48:05Z,2026-08-17T18:48:05Z,
107.191.58.76,ipv4,malicious-ip,medium,WHITE,ziyadnz/hourly-ipv4,ziyadnz|hourly,2026-08-17T18:48:05Z,2026-08-17T18:48:05Z,
107.191.99.221,ipv4,malicious-ip,medium,WHITE,ziyadnz/hourly-ipv4,ziyadnz|hourly,2026-08-17T18:48:05Z,2026-08-17T18:48:05Z,
107.191.99.95,ipv4,malicious-ip,medium,WHITE,ziyadnz/hourly-ipv4,ziyadnz|hourly,2026-08-17T18:48:05Z,2026-08-17T18:48:05Z,
107.192.87.136,ipv4,malicious-ip,medium,WHITE,ziyadnz/hourly-ipv4,ziyadnz|hourly,2026-08-17T18:48:05Z,2026-08-17T18:48:05Z,
107.197.183.81,ipv4,malicious-ip,medium,WHITE,ziyadnz/hourly-ipv4,ziyadnz|hourly,2026-08-17T18:48:05Z,2026-08-17T18:48:05Z,
107.2.22.2,ipv4,malicious-ip,medium,WHITE,ziyadnz/hourly-ipv4,ziyadnz|hourly,2026-08-17T18:48:05Z,2026-08-17T18:48:05Z,
107.20.121.14,ipv4,malicious-ip,medium,WHITE,ziyadnz/hourly-ipv4,ziyadnz|hourly,2026-08-17T18:48:05Z,2026-08-17T18:48:05Z,
107.20.181.148,ipv4,malicious-ip,medium,WHITE,ziyadnz/hourly-ipv4,ziyadnz|hourly,2026-08-17T18:48:05Z,2026-08-17T18:48:05Z,
107.20.224.184,ipv4,malicious-ip,medium,WHITE,ziyadnz/hourly-ipv4,ziyadnz|hourly,2026-08-17T18:48:05Z,2026-08-17T18:48:05Z,
107.20.25.33,ipv4,malicious-ip,medium,WHITE,ziyadnz/hourly-ipv4,ziyadnz|hourly,2026-08-17T18:48:05Z,2026-08-17T18:48:05Z,
107.20.255.194,ipv4,malicious-ip,medium,WHITE,ziyadnz/hourly-ipv4,ziyadnz|hourly,2026-08-17T18:48:05Z,2026-08-17T18:48:05Z,
107.202.79.93,ipv4,malicious-ip,medium,WHITE,ziyadnz/hourly-ipv4,ziyadnz|hourly,2026-08-17T18:48:05Z,2026-08-17T18:48:05Z,
107.21.135.85,ipv4,malicious-ip,medium,WHITE,ziyadnz/hourly-ipv4,ziyadnz|hourly,2026-08-17T18:48:05Z,2026-08-17T18:48:05Z,
107.21.191.211,ipv4,malicious-ip,medium,WHITE,ziyadnz/hourly-ipv4,ziyadnz|hourly,2026-08-17T18:48:05Z,2026-08-17T18:48:05Z,
107.211.37.253,ipv4,malicious-ip,medium,WHITE,ziyadnz/hourly-ipv4,ziyadnz|hourly,2026-08-17T18:48:05Z,2026-08-17T18:48:05Z,
107.212.58.122,ipv4,malicious-ip,medium,WHITE,ziyadnz/hourly-ipv4,ziyadnz|hourly,2026-08-17T18:48:05Z,2026-08-17T18:48:05Z,
107.217.103.79,ipv4,malicious-ip,medium,WHITE,ziyadnz/hourly-ipv4,ziyadnz|hourly,2026-08-17T18:48:05Z,2026-08-17T18:48:05Z,
107.217.221.221,ipv4,malicious-ip,medium,WHITE,ziyadnz/hourly-ipv4,ziyadnz|hourly,2026-08-17T18:48:05Z,2026-08-17T18:48:05Z,
107.22.139.7,ipv4,malicious-ip,medium,WHITE,ziyadnz/hourly-ipv4,ziyadnz|hourly,2026-08-17T18:48:05Z,2026-08-17T18:48:05Z,
107.22.152.216,ipv4,malicious-ip,medium,WHITE,ziyadnz/hourly-ipv4,ziyadnz|hourly,2026-08-17T18:48:05Z,2026-08-17T18:48:05Z,
107.221.189.20,ipv4,malicious-ip,medium,WHITE,ziyadnz/hourly-ipv4,ziyadnz|hourly,2026-08-17T18:48:05Z,2026-08-17T18:48:05Z,
107.223.26.107,ipv4,malicious-ip,medium,WHITE,ziyadnz/hourly-ipv4,ziyadnz|hourly,2026-08-17T18:48:05Z,2026-08-17T18:48:05Z,
107.23.10.184,ipv4,malicious-ip,medium,WHITE,ziyadnz/hourly-ipv4,ziyadnz|hourly,2026-08-17T18:48:05Z,2026-08-17T18:48:05Z,
107.23.137.152,ipv4,malicious-ip,medium,WHITE,ziyadnz/hourly-ipv4,ziyadnz|hourly,2026-08-17T18:48:05Z,2026-08-17T18:48:05Z,
107.23.159.32,ipv4,malicious-ip,medium,WHITE,ziyadnz/hourly-ipv4,ziyadnz|hourly,2026-08-17T18:48:05Z,2026-08-17T18:48:05Z,
107.23.62.75,ipv4,malicious-ip,medium,WHITE,ziyadnz/hourly-ipv4,ziyadnz|hourly,2026-08-17T18:48:05Z,2026-08-17T18:48:05Z,
107.4.121.18,ipv4,malicious-ip,medium,WHITE,ziyadnz/hourly-ipv4,ziyadnz|hourly,2026-08-17T18:48:05Z,2026-08-17T18:48:05Z,
107.4.183.36,ipv4,malicious-ip,medium,WHITE,ziyadnz/hourly-ipv4,ziyadnz|hourly,2026-08-17T18:48:05Z,2026-08-17T18:48:05Z,
107.89.117.69,ipv4,malicious-ip,medium,WHITE,ziyadnz/hourly-ipv4,ziyadnz|hourly,2026-08-17T18:48:05Z,2026-08-17T18:48:05Z,
107.9.143.19,ipv4,malicious-ip,medium,WHITE,ziyadnz/hourly-ipv4,ziyadnz|hourly,2026-08-17T18:48:05Z,2026-08-17T18:48:05Z,
108.12.24.35,ipv4,malicious-ip,medium,WHITE,ziyadnz/hourly-ipv4,ziyadnz|hourly,2026-08-17T18:48:05Z,2026-08-17T18:48:05Z,
108.130.172.137,ipv4,malicious-ip,medium,WHITE,ziyadnz/hourly-ipv4,ziyadnz|hourly,2026-08-17T18:48:05Z,2026-08-17T18:48:05Z,
108.130.241.126,ipv4,malicious-ip,medium,WHITE,ziyadnz/hourly-ipv4,ziyadnz|hourly,2026-08-17T18:48:05Z,2026-08-17T18:48:05Z,
108.130.94.144,ipv4,malicious-ip,medium,WHITE,ziyadnz/hourly-ipv4,ziyadnz|hourly,2026-08-17T18:48:05Z,2026-08-17T18:48:05Z,
108.131.56.124,ipv4,malicious-ip,medium,WHITE,ziyadnz/hourly-ipv4,ziyadnz|hourly,2026-08-17T18:48:05Z,2026-08-17T18:48:05Z,
108.132.108.16,ipv4,malicious-ip,medium,WHITE,ziyadnz/hourly-ipv4,ziyadnz|hourly,2026-08-17T18:48:05Z,2026-08-17T18:48:05Z,
108.143.240.80,ipv4,malicious-ip,medium,WHITE,ziyadnz/hourly-ipv4,ziyadnz|hourly,2026-08-17T18:48:05Z,2026-08-17T18:48:05Z,
108.143.35.161,ipv4,malicious-ip,medium,WHITE,ziyadnz/hourly-ipv4,ziyadnz|hourly,2026-08-17T18:48:05Z,2026-08-17T18:48:05Z,
108.144.252.23,ipv4,malicious-ip,medium,WHITE,ziyadnz/hourly-ipv4,ziyadnz|hourly,2026-08-17T18:48:05Z,2026-08-17T18:48:05Z,
108.161.137.146,ipv4,malicious-ip,medium,WHITE,ziyadnz/hourly-ipv4,ziyadnz|hourly,2026-08-17T18:48:05Z,2026-08-17T18:48:05Z,
108.165.100.134,ipv4,malicious-ip,medium,WHITE,ziyadnz/hourly-ipv4,ziyadnz|hourly,2026-08-17T18:48:05Z,2026-08-17T18:48:05Z,
108.165.100.183,ipv4,malicious-ip,medium,WHITE,ziyadnz/hourly-ipv4,ziyadnz|hourly,2026-08-17T18:48:05Z,2026-08-17T18:48:05Z,
108.165.177.48,ipv4,malicious-ip,medium,WHITE,ziyadnz/hourly-ipv4,ziyadnz|hourly,2026-08-17T18:48:05Z,2026-08-17T18:48:05Z,
108.165.201.128,ipv4,malicious-ip,medium,WHITE,ziyadnz/hourly-ipv4,ziyadnz|hourly,2026-08-17T18:48:05Z,2026-08-17T18:48:05Z,
108.167.161.148,ipv4,malicious-ip,medium,WHITE,ziyadnz/hourly-ipv4,ziyadnz|hourly,2026-08-17T18:48:05Z,2026-08-17T18:48:05Z,
108.167.161.33,ipv4,malicious-ip,medium,WHITE,ziyadnz/hourly-ipv4,ziyadnz|hourly,2026-08-17T18:48:05Z,2026-08-17T18:48:05Z,
108.167.177.203,ipv4,malicious-ip,medium,WHITE,ziyadnz/hourly-ipv4,ziyadnz|hourly,2026-08-17T18:48:05Z,2026-08-17T18:48:05Z,
108.167.177.224,ipv4,malicious-ip,medium,WHITE,ziyadnz/hourly-ipv4,ziyadnz|hourly,2026-08-17T18:48:05Z,2026-08-17T18:48:05Z,
108.170.12.179,ipv4,malicious-ip,medium,WHITE,ziyadnz/hourly-ipv4,ziyadnz|hourly,2026-08-17T18:48:05Z,2026-08-17T18:48:05Z,
108.170.128.210,ipv4,malicious-ip,medium,WHITE,ziyadnz/hourly-ipv4,ziyadnz|hourly,2026-08-17T18:48:05Z,2026-08-17T18:48:05Z,
108.170.42.10,ipv4,malicious-ip,medium,WHITE,ziyadnz/hourly-ipv4,ziyadnz|hourly,2026-08-17T18:48:05Z,2026-08-17T18:48:05Z,
108.171.108.248,ipv4,malicious-ip,medium,WHITE,ziyadnz/hourly-ipv4,ziyadnz|hourly,2026-08-17T18:48:05Z,2026-08-17T18:48:05Z,
108.171.195.163,ipv4,malicious-ip,medium,WHITE,ziyadnz/hourly-ipv4,ziyadnz|hourly,2026-08-17T18:48:05Z,2026-08-17T18:48:05Z,
108.172.242.52,ipv4,malicious-ip,medium,WHITE,ziyadnz/hourly-ipv4,ziyadnz|hourly,2026-08-17T18:48:05Z,2026-08-17T18:48:05Z,
108.174.146.197,ipv4,malicious-ip,medium,WHITE,ziyadnz/hourly-ipv4,ziyadnz|hourly,2026-08-17T18:48:05Z,2026-08-17T18:48:05Z,
108.174.153.159,ipv4,malicious-ip,medium,WHITE,ziyadnz/hourly-ipv4,ziyadnz|hourly,2026-08-17T18:48:05Z,2026-08-17T18:48:05Z,
108.174.198.132,ipv4,malicious-ip,medium,WHITE,ziyadnz/hourly-ipv4,ziyadnz|hourly,2026-08-17T18:48:05Z,2026-08-17T18:48:05Z,
108.174.199.249,ipv4,malicious-ip,medium,WHITE,ziyadnz/hourly-ipv4,ziyadnz|hourly,2026-08-17T18:48:05Z,2026-08-17T18:48:05Z,
108.174.200.11,ipv4,malicious-ip,medium,WHITE,ziyadnz/hourly-ipv4,ziyadnz|hourly,2026-08-17T18:48:05Z,2026-08-17T18:48:05Z,
108.174.58.28,ipv4,malicious-ip,medium,WHITE,ziyadnz/hourly-ipv4,ziyadnz|hourly,2026-08-17T18:48:05Z,2026-08-17T18:48:05Z,
108.175.164.22,ipv4,malicious-ip,medium,WHITE,ziyadnz/hourly-ipv4,ziyadnz|hourly,2026-08-17T18:48:05Z,2026-08-17T18:48:05Z,
108.177.235.236,ipv4,malicious-ip,medium,WHITE,ziyadnz/hourly-ipv4,ziyadnz|hourly,2026-08-17T18:48:05Z,2026-08-17T18:48:05Z,
108.177.235.29,ipv4,malicious-ip,medium,WHITE,ziyadnz/hourly-ipv4,ziyadnz|hourly,2026-08-17T18:48:05Z,2026-08-17T18:48:05Z,
108.178.17.26,ipv4,malicious-ip,medium,WHITE,ziyadnz/hourly-ipv4,ziyadnz|hourly,2026-08-17T18:48:05Z,2026-08-17T18:48:05Z,
108.178.22.242,ipv4,malicious-ip,medium,WHITE,ziyadnz/hourly-ipv4,ziyadnz|hourly,2026-08-17T18:48:05Z,2026-08-17T18:48:05Z,
108.179.194.35,ipv4,malicious-ip,medium,WHITE,ziyadnz/hourly-ipv4,ziyadnz|hourly,2026-08-17T18:48:05Z,2026-08-17T18:48:05Z,
108.179.220.174,ipv4,malicious-ip,medium,WHITE,ziyadnz/hourly-ipv4,ziyadnz|hourly,2026-08-17T18:48:05Z,2026-08-17T18:48:05Z,
108.179.225.94,ipv4,malicious-ip,medium,WHITE,ziyadnz/hourly-ipv4,ziyadnz|hourly,2026-08-17T18:48:05Z,2026-08-17T18:48:05Z,
108.179.253.165,ipv4,malicious-ip,medium,WHITE,ziyadnz/hourly-ipv4,ziyadnz|hourly,2026-08-17T18:48:05Z,2026-08-17T18:48:05Z,
108.181.115.171,ipv4,malicious-ip,medium,WHITE,ziyadnz/hourly-ipv4,ziyadnz|hourly,2026-08-17T18:48:05Z,2026-08-17T18:48:05Z,
108.181.126.148,ipv4,malicious-ip,medium,WHITE,ziyadnz/hourly-ipv4,ziyadnz|hourly,2026-08-17T18:48:05Z,2026-08-17T18:48:05Z,
108.181.132.234,ipv4,malicious-ip,medium,WHITE,ziyadnz/hourly-ipv4,ziyadnz|hourly,2026-08-17T18:48:05Z,2026-08-17T18:48:05Z,
108.181.133.249,ipv4,malicious-ip,medium,WHITE,ziyadnz/hourly-ipv4,ziyadnz|hourly,2026-08-17T18:48:05Z,2026-08-17T18:48:05Z,
108.181.135.199,ipv4,malicious-ip,medium,WHITE,ziyadnz/hourly-ipv4,ziyadnz|hourly,2026-08-17T18:48:05Z,2026-08-17T18:48:05Z,
108.181.153.57,ipv4,malicious-ip,medium,WHITE,ziyadnz/hourly-ipv4,ziyadnz|hourly,2026-08-17T18:48:05Z,2026-08-17T18:48:05Z,
108.181.167.249,ipv4,malicious-ip,medium,WHITE,ziyadnz/hourly-ipv4,ziyadnz|hourly,2026-08-17T18:48:05Z,2026-08-17T18:48:05Z,
108.181.18.155,ipv4,malicious-ip,medium,WHITE,ziyadnz/hourly-ipv4,ziyadnz|hourly,2026-08-17T18:48:05Z,2026-08-17T18:48:05Z,
108.181.182.143,ipv4,malicious-ip,medium,WHITE,ziyadnz/hourly-ipv4,ziyadnz|hourly,2026-08-17T18:48:05Z,2026-08-17T18:48:05Z,
108.181.190.53,ipv4,malicious-ip,medium,WHITE,ziyadnz/hourly-ipv4,ziyadnz|hourly,2026-08-17T18:48:05Z,2026-08-17T18:48:05Z,
108.181.21.69,ipv4,malicious-ip,medium,WHITE,ziyadnz/hourly-ipv4,ziyadnz|hourly,2026-08-17T18:48:05Z,2026-08-17T18:48:05Z,
108.181.23.27,ipv4,malicious-ip,medium,WHITE,ziyadnz/hourly-ipv4,ziyadnz|hourly,2026-08-17T18:48:05Z,2026-08-17T18:48:05Z,
108.181.243.98,ipv4,malicious-ip,medium,WHITE,ziyadnz/hourly-ipv4,ziyadnz|hourly,2026-08-17T18:48:05Z,2026-08-17T18:48:05Z,
108.181.3.193,ipv4,malicious-ip,medium,WHITE,ziyadnz/hourly-ipv4,ziyadnz|hourly,2026-08-17T18:48:05Z,2026-08-17T18:48:05Z,
108.181.4.219,ipv4,malicious-ip,medium,WHITE,ziyadnz/hourly-ipv4,ziyadnz|hourly,2026-08-17T18:48:05Z,2026-08-17T18:48:05Z,
108.181.56.175,ipv4,malicious-ip,medium,WHITE,ziyadnz/hourly-ipv4,ziyadnz|hourly,2026-08-17T18:48:05Z,2026-08-17T18:48:05Z,
108.181.56.217,ipv4,malicious-ip,medium,WHITE,ziyadnz/hourly-ipv4,ziyadnz|hourly,2026-08-17T18:48:05Z,2026-08-17T18:48:05Z,
108.181.57.1,ipv4,malicious-ip,medium,WHITE,ziyadnz/hourly-ipv4,ziyadnz|hourly,2026-08-17T18:48:05Z,2026-08-17T18:48:05Z,
108.181.57.245,ipv4,malicious-ip,medium,WHITE,ziyadnz/hourly-ipv4,ziyadnz|hourly,2026-08-17T18:48:05Z,2026-08-17T18:48:05Z,
108.181.63.2,ipv4,malicious-ip,medium,WHITE,ziyadnz/hourly-ipv4,ziyadnz|hourly,2026-08-17T18:48:05Z,2026-08-17T18:48:05Z,
108.181.63.203,ipv4,malicious-ip,medium,WHITE,ziyadnz/hourly-ipv4,ziyadnz|hourly,2026-08-17T18:48:05Z,2026-08-17T18:48:05Z,
108.181.97.215,ipv4,malicious-ip,medium,WHITE,ziyadnz/hourly-ipv4,ziyadnz|hourly,2026-08-17T18:48:05Z,2026-08-17T18:48:05Z,
108.186.163.140,ipv4,malicious-ip,medium,WHITE,ziyadnz/hourly-ipv4,ziyadnz|hourly,2026-08-17T18:48:05Z,2026-08-17T18:48:05Z,
108.186.246.16,ipv4,malicious-ip,medium,WHITE,ziyadnz/hourly-ipv4,ziyadnz|hourly,2026-08-17T18:48:05Z,2026-08-17T18:48:05Z,
108.187.37.85,ipv4,malicious-ip,medium,WHITE,ziyadnz/hourly-ipv4,ziyadnz|hourly,2026-08-17T18:48:05Z,2026-08-17T18:48:05Z,
108.187.42.63,ipv4,malicious-ip,medium,WHITE,ziyadnz/hourly-ipv4,ziyadnz|hourly,2026-08-17T18:48:05Z,2026-08-17T18:48:05Z,
108.187.7.133,ipv4,malicious-ip,medium,WHITE,ziyadnz/hourly-ipv4,ziyadnz|hourly,2026-08-17T18:48:05Z,2026-08-17T18:48:05Z,
108.187.7.66,ipv4,malicious-ip,medium,WHITE,ziyadnz/hourly-ipv4,ziyadnz|hourly,2026-08-17T18:48:05Z,2026-08-17T18:48:05Z,
108.187.7.71,ipv4,malicious-ip,medium,WHITE,ziyadnz/hourly-ipv4,ziyadnz|hourly,2026-08-17T18:48:05Z,2026-08-17T18:48:05Z,
108.188.29.247,ipv4,malicious-ip,medium,WHITE,ziyadnz/hourly-ipv4,ziyadnz|hourly,2026-08-17T18:48:05Z,2026-08-17T18:48:05Z,
108.190.201.155,ipv4,malicious-ip,medium,WHITE,ziyadnz/hourly-ipv4,ziyadnz|hourly,2026-08-17T18:48:05Z,2026-08-17T18:48:05Z,
108.191.224.47,ipv4,malicious-ip,medium,WHITE,ziyadnz/hourly-ipv4,ziyadnz|hourly,2026-08-17T18:48:05Z,2026-08-17T18:48:05Z,
108.196.85.215,ipv4,malicious-ip,medium,WHITE,ziyadnz/hourly-ipv4,ziyadnz|hourly,2026-08-17T18:48:05Z,2026-08-17T18:48:05Z,
108.2.147.157,ipv4,malicious-ip,medium,WHITE,ziyadnz/hourly-ipv4,ziyadnz|hourly,2026-08-17T18:48:05Z,2026-08-17T18:48:05Z,
108.20.43.204,ipv4,malicious-ip,medium,WHITE,ziyadnz/hourly-ipv4,ziyadnz|hourly,2026-08-17T18:48:05Z,2026-08-17T18:48:05Z,
108.204.153.17,ipv4,malicious-ip,medium,WHITE,ziyadnz/hourly-ipv4,ziyadnz|hourly,2026-08-17T18:48:05Z,2026-08-17T18:48:05Z,
108.204.18.197,ipv4,malicious-ip,medium,WHITE,ziyadnz/hourly-ipv4,ziyadnz|hourly,2026-08-17T18:48:05Z,2026-08-17T18:48:05Z,
108.205.142.216,ipv4,malicious-ip,medium,WHITE,ziyadnz/hourly-ipv4,ziyadnz|hourly,2026-08-17T18:48:05Z,2026-08-17T18:48:05Z,
108.205.8.173,ipv4,malicious-ip,medium,WHITE,ziyadnz/hourly-ipv4,ziyadnz|hourly,2026-08-17T18:48:05Z,2026-08-17T18:48:05Z,
108.208.222.241,ipv4,malicious-ip,medium,WHITE,ziyadnz/hourly-ipv4,ziyadnz|hourly,2026-08-17T18:48:05Z,2026-08-17T18:48:05Z,
108.21.95.191,ipv4,malicious-ip,medium,WHITE,ziyadnz/hourly-ipv4,ziyadnz|hourly,2026-08-17T18:48:05Z,2026-08-17T18:48:05Z,
108.211.7.180,ipv4,malicious-ip,medium,WHITE,ziyadnz/hourly-ipv4,ziyadnz|hourly,2026-08-17T18:48:05Z,2026-08-17T18:48:05Z,
108.220.129.81,ipv4,malicious-ip,medium,WHITE,ziyadnz/hourly-ipv4,ziyadnz|hourly,2026-08-17T18:48:05Z,2026-08-17T18:48:05Z,
108.222.117.57,ipv4,malicious-ip,medium,WHITE,ziyadnz/hourly-ipv4,ziyadnz|hourly,2026-08-17T18:48:05Z,2026-08-17T18:48:05Z,
108.233.83.51,ipv4,malicious-ip,medium,WHITE,ziyadnz/hourly-ipv4,ziyadnz|hourly,2026-08-17T18:48:05Z,2026-08-17T18:48:05Z,
108.234.85.141,ipv4,malicious-ip,medium,WHITE,ziyadnz/hourly-ipv4,ziyadnz|hourly,2026-08-17T18:48:05Z,2026-08-17T18:48:05Z,
108.24.188.100,ipv4,malicious-ip,medium,WHITE,ziyadnz/hourly-ipv4,ziyadnz|hourly,2026-08-17T18:48:05Z,2026-08-17T18:48:05Z,
108.240.146.53,ipv4,malicious-ip,medium,WHITE,ziyadnz/hourly-ipv4,ziyadnz|hourly,2026-08-17T18:48:05Z,2026-08-17T18:48:05Z,
108.242.2.238,ipv4,malicious-ip,medium,WHITE,ziyadnz/hourly-ipv4,ziyadnz|hourly,2026-08-17T18:48:05Z,2026-08-17T18:48:05Z,
108.249.74.54,ipv4,malicious-ip,medium,WHITE,ziyadnz/hourly-ipv4,ziyadnz|hourly,2026-08-17T18:48:05Z,2026-08-17T18:48:05Z,
108.28.161.247,ipv4,malicious-ip,medium,WHITE,ziyadnz/hourly-ipv4,ziyadnz|hourly,2026-08-17T18:48:05Z,2026-08-17T18:48:05Z,
108.29.150.92,ipv4,malicious-ip,medium,WHITE,ziyadnz/hourly-ipv4,ziyadnz|hourly,2026-08-17T18:48:05Z,2026-08-17T18:48:05Z,
108.35.129.132,ipv4,malicious-ip,medium,WHITE,ziyadnz/hourly-ipv4,ziyadnz|hourly,2026-08-17T18:48:05Z,2026-08-17T18:48:05Z,
108.35.167.219,ipv4,malicious-ip,medium,WHITE,ziyadnz/hourly-ipv4,ziyadnz|hourly,2026-08-17T18:48:05Z,2026-08-17T18:48:05Z,
108.39.78.89,ipv4,malicious-ip,medium,WHITE,ziyadnz/hourly-ipv4,ziyadnz|hourly,2026-08-17T18:48:05Z,2026-08-17T18:48:05Z,
108.4.141.95,ipv4,malicious-ip,medium,WHITE,ziyadnz/hourly-ipv4,ziyadnz|hourly,2026-08-17T18:48:05Z,2026-08-17T18:48:05Z,
108.41.1.88,ipv4,malicious-ip,medium,WHITE,ziyadnz/hourly-ipv4,ziyadnz|hourly,2026-08-17T18:48:05Z,2026-08-17T18:48:05Z,
108.45.170.53,ipv4,malicious-ip,medium,WHITE,ziyadnz/hourly-ipv4,ziyadnz|hourly,2026-08-17T18:48:05Z,2026-08-17T18:48:05Z,
108.46.229.102,ipv4,malicious-ip,medium,WHITE,ziyadnz/hourly-ipv4,ziyadnz|hourly,2026-08-17T18:48:05Z,2026-08-17T18:48:05Z,
108.48.111.223,ipv4,malicious-ip,medium,WHITE,ziyadnz/hourly-ipv4,ziyadnz|hourly,2026-08-17T18:48:05Z,2026-08-17T18:48:05Z,
108.5.253.232,ipv4,malicious-ip,medium,WHITE,ziyadnz/hourly-ipv4,ziyadnz|hourly,2026-08-17T18:48:05Z,2026-08-17T18:48:05Z,
108.51.64.81,ipv4,malicious-ip,medium,WHITE,ziyadnz/hourly-ipv4,ziyadnz|hourly,2026-08-17T18:48:05Z,2026-08-17T18:48:05Z,
108.51.84.109,ipv4,malicious-ip,medium,WHITE,ziyadnz/hourly-ipv4,ziyadnz|hourly,2026-08-17T18:48:05Z,2026-08-17T18:48:05Z,
108.53.155.54,ipv4,malicious-ip,medium,WHITE,ziyadnz/hourly-ipv4,ziyadnz|hourly,2026-08-17T18:48:05Z,2026-08-17T18:48:05Z,
108.54.109.175,ipv4,malicious-ip,medium,WHITE,ziyadnz/hourly-ipv4,ziyadnz|hourly,2026-08-17T18:48:05Z,2026-08-17T18:48:05Z,
108.54.160.202,ipv4,malicious-ip,medium,WHITE,ziyadnz/hourly-ipv4,ziyadnz|hourly,2026-08-17T18:48:05Z,2026-08-17T18:48:05Z,
108.54.86.206,ipv4,malicious-ip,medium,WHITE,ziyadnz/hourly-ipv4,ziyadnz|hourly,2026-08-17T18:48:05Z,2026-08-17T18:48:05Z,
108.55.118.247,ipv4,malicious-ip,medium,WHITE,ziyadnz/hourly-ipv4,ziyadnz|hourly,2026-08-17T18:48:05Z,2026-08-17T18:48:05Z,
108.56.213.219,ipv4,malicious-ip,medium,WHITE,ziyadnz/hourly-ipv4,ziyadnz|hourly,2026-08-17T18:48:05Z,2026-08-17T18:48:05Z,
108.56.247.101,ipv4,malicious-ip,medium,WHITE,ziyadnz/hourly-ipv4,ziyadnz|hourly,2026-08-17T18:48:05Z,2026-08-17T18:48:05Z,
108.59.12.41,ipv4,malicious-ip,medium,WHITE,ziyadnz/hourly-ipv4,ziyadnz|hourly,2026-08-17T18:48:05Z,2026-08-17T18:48:05Z,
108.6.189.53,ipv4,malicious-ip,medium,WHITE,ziyadnz/hourly-ipv4,ziyadnz|hourly,2026-08-17T18:48:05Z,2026-08-17T18:48:05Z,
108.6.204.200,ipv4,malicious-ip,medium,WHITE,ziyadnz/hourly-ipv4,ziyadnz|hourly,2026-08-17T18:48:05Z,2026-08-17T18:48:05Z,
108.60.213.141,ipv4,malicious-ip,medium,WHITE,ziyadnz/hourly-ipv4,ziyadnz|hourly,2026-08-17T18:48:05Z,2026-08-17T18:48:05Z,
108.61.132.157,ipv4,malicious-ip,medium,WHITE,ziyadnz/hourly-ipv4,ziyadnz|hourly,2026-08-17T18:48:05Z,2026-08-17T18:48:05Z,
108.61.142.190,ipv4,malicious-ip,medium,WHITE,ziyadnz/hourly-ipv4,ziyadnz|hourly,2026-08-17T18:48:05Z,2026-08-17T18:48:05Z,
108.61.158.41,ipv4,malicious-ip,medium,WHITE,ziyadnz/hourly-ipv4,ziyadnz|hourly,2026-08-17T18:48:05Z,2026-08-17T18:48:05Z,
108.61.172.14,ipv4,malicious-ip,medium,WHITE,ziyadnz/hourly-ipv4,ziyadnz|hourly,2026-08-17T18:48:05Z,2026-08-17T18:48:05Z,
108.61.186.55,ipv4,malicious-ip,medium,WHITE,ziyadnz/hourly-ipv4,ziyadnz|hourly,2026-08-17T18:48:05Z,2026-08-17T18:48:05Z,
108.61.189.125,ipv4,malicious-ip,medium,WHITE,ziyadnz/hourly-ipv4,ziyadnz|hourly,2026-08-17T18:48:05Z,2026-08-17T18:48:05Z,
108.61.189.136,ipv4,malicious-ip,medium,WHITE,ziyadnz/hourly-ipv4,ziyadnz|hourly,2026-08-17T18:48:05Z,2026-08-17T18:48:05Z,
108.61.203.19,ipv4,malicious-ip,medium,WHITE,ziyadnz/hourly-ipv4,ziyadnz|hourly,2026-08-17T18:48:05Z,2026-08-17T18:48:05Z,
108.61.209.100,ipv4,malicious-ip,medium,WHITE,ziyadnz/hourly-ipv4,ziyadnz|hourly,2026-08-17T18:48:05Z,2026-08-17T18:48:05Z,
108.61.218.246,ipv4,malicious-ip,medium,WHITE,ziyadnz/hourly-ipv4,ziyadnz|hourly,2026-08-17T18:48:05Z,2026-08-17T18:48:05Z,
108.61.23.192,ipv4,malicious-ip,medium,WHITE,ziyadnz/hourly-ipv4,ziyadnz|hourly,2026-08-17T18:48:05Z,2026-08-17T18:48:05Z,
108.61.75.232,ipv4,malicious-ip,medium,WHITE,ziyadnz/hourly-ipv4,ziyadnz|hourly,2026-08-17T18:48:05Z,2026-08-17T18:48:05Z,
108.61.99.209,ipv4,malicious-ip,medium,WHITE,ziyadnz/hourly-ipv4,ziyadnz|hourly,2026-08-17T18:48:05Z,2026-08-17T18:48:05Z,
108.62.118.136,ipv4,malicious-ip,medium,WHITE,ziyadnz/hourly-ipv4,ziyadnz|hourly,2026-08-17T18:48:05Z,2026-08-17T18:48:05Z,
108.62.118.185,ipv4,malicious-ip,medium,WHITE,ziyadnz/hourly-ipv4,ziyadnz|hourly,2026-08-17T18:48:05Z,2026-08-17T18:48:05Z,
108.62.118.197,ipv4,malicious-ip,medium,WHITE,ziyadnz/hourly-ipv4,ziyadnz|hourly,2026-08-17T18:48:05Z,2026-08-17T18:48:05Z,
108.62.118.240,ipv4,malicious-ip,medium,WHITE,ziyadnz/hourly-ipv4,ziyadnz|hourly,2026-08-17T18:48:05Z,2026-08-17T18:48:05Z,
108.62.141.161,ipv4,malicious-ip,medium,WHITE,ziyadnz/hourly-ipv4,ziyadnz|hourly,2026-08-17T18:48:05Z,2026-08-17T18:48:05Z,
108.65.246.50,ipv4,malicious-ip,medium,WHITE,ziyadnz/hourly-ipv4,ziyadnz|hourly,2026-08-17T18:48:05Z,2026-08-17T18:48:05Z,
108.80.112.16,ipv4,malicious-ip,medium,WHITE,ziyadnz/hourly-ipv4,ziyadnz|hourly,2026-08-17T18:48:05Z,2026-08-17T18:48:05Z,
108.89.211.90,ipv4,malicious-ip,medium,WHITE,ziyadnz/hourly-ipv4,ziyadnz|hourly,2026-08-17T18:48:05Z,2026-08-17T18:48:05Z,
108.90.11.14,ipv4,malicious-ip,medium,WHITE,ziyadnz/hourly-ipv4,ziyadnz|hourly,2026-08-17T18:48:05Z,2026-08-17T18:48:05Z,
108.95.82.5,ipv4,malicious-ip,medium,WHITE,ziyadnz/hourly-ipv4,ziyadnz|hourly,2026-08-17T18:48:05Z,2026-08-17T18:48:05Z,
109.104.153.203,ipv4,malicious-ip,medium,WHITE,ziyadnz/hourly-ipv4,ziyadnz|hourly,2026-08-17T18:48:05Z,2026-08-17T18:48:05Z,
109.104.153.21,ipv4,malicious-ip,medium,WHITE,ziyadnz/hourly-ipv4,ziyadnz|hourly,2026-08-17T18:48:05Z,2026-08-17T18:48:05Z,
109.104.162.56,ipv4,malicious-ip,medium,WHITE,ziyadnz/hourly-ipv4,ziyadnz|hourly,2026-08-17T18:48:05Z,2026-08-17T18:48:05Z,
109.105.193.76,ipv4,malicious-ip,medium,WHITE,ziyadnz/hourly-ipv4,ziyadnz|hourly,2026-08-17T18:48:05Z,2026-08-17T18:48:05Z,
109.105.209.0,ipv4,malicious-ip,medium,WHITE,ziyadnz/hourly-ipv4,ziyadnz|hourly,2026-08-17T18:48:05Z,2026-08-17T18:48:05Z,
109.105.209.10,ipv4,malicious-ip,medium,WHITE,ziyadnz/hourly-ipv4,ziyadnz|hourly,2026-08-17T18:48:05Z,2026-08-17T18:48:05Z,
109.105.209.103,ipv4,malicious-ip,medium,WHITE,ziyadnz/hourly-ipv4,ziyadnz|hourly,2026-08-17T18:48:05Z,2026-08-17T18:48:05Z,
109.105.209.104,ipv4,malicious-ip,medium,WHITE,ziyadnz/hourly-ipv4,ziyadnz|hourly,2026-08-17T18:48:05Z,2026-08-17T18:48:05Z,
109.105.209.105,ipv4,malicious-ip,medium,WHITE,ziyadnz/hourly-ipv4,ziyadnz|hourly,2026-08-17T18:48:05Z,2026-08-17T18:48:05Z,
109.105.209.106,ipv4,malicious-ip,medium,WHITE,ziyadnz/hourly-ipv4,ziyadnz|hourly,2026-08-17T18:48:05Z,2026-08-17T18:48:05Z,
109.105.209.110,ipv4,malicious-ip,medium,WHITE,ziyadnz/hourly-ipv4,ziyadnz|hourly,2026-08-17T18:48:05Z,2026-08-17T18:48:05Z,
109.105.209.111,ipv4,malicious-ip,medium,WHITE,ziyadnz/hourly-ipv4,ziyadnz|hourly,2026-08-17T18:48:05Z,2026-08-17T18:48:05Z,
109.105.209.112,ipv4,malicious-ip,medium,WHITE,ziyadnz/hourly-ipv4,ziyadnz|hourly,2026-08-17T18:48:05Z,2026-08-17T18:48:05Z,
109.105.209.12,ipv4,malicious-ip,medium,WHITE,ziyadnz/hourly-ipv4,ziyadnz|hourly,2026-08-17T18:48:05Z,2026-08-17T18:48:05Z,
109.105.209.13,ipv4,malicious-ip,medium,WHITE,ziyadnz/hourly-ipv4,ziyadnz|hourly,2026-08-17T18:48:05Z,2026-08-17T18:48:05Z,
109.105.209.14,ipv4,malicious-ip,medium,WHITE,ziyadnz/hourly-ipv4,ziyadnz|hourly,2026-08-17T18:48:05Z,2026-08-17T18:48:05Z,
109.105.209.15,ipv4,malicious-ip,medium,WHITE,ziyadnz/hourly-ipv4,ziyadnz|hourly,2026-08-17T18:48:05Z,2026-08-17T18:48:05Z,
109.105.209.17,ipv4,malicious-ip,medium,WHITE,ziyadnz/hourly-ipv4,ziyadnz|hourly,2026-08-17T18:48:05Z,2026-08-17T18:48:05Z,
109.105.209.18,ipv4,malicious-ip,medium,WHITE,ziyadnz/hourly-ipv4,ziyadnz|hourly,2026-08-17T18:48:05Z,2026-08-17T18:48:05Z,
109.105.209.19,ipv4,malicious-ip,medium,WHITE,ziyadnz/hourly-ipv4,ziyadnz|hourly,2026-08-17T18:48:05Z,2026-08-17T18:48:05Z,
109.105.209.2,ipv4,malicious-ip,medium,WHITE,ziyadnz/hourly-ipv4,ziyadnz|hourly,2026-08-17T18:48:05Z,2026-08-17T18:48:05Z,
109.105.209.20,ipv4,malicious-ip,medium,WHITE,ziyadnz/hourly-ipv4,ziyadnz|hourly,2026-08-17T18:48:05Z,2026-08-17T18:48:05Z,
109.105.209.22,ipv4,malicious-ip,medium,WHITE,ziyadnz/hourly-ipv4,ziyadnz|hourly,2026-08-17T18:48:05Z,2026-08-17T18:48:05Z,
109.105.209.23,ipv4,malicious-ip,medium,WHITE,ziyadnz/hourly-ipv4,ziyadnz|hourly,2026-08-17T18:48:05Z,2026-08-17T18:48:05Z,
109.105.209.24,ipv4,malicious-ip,medium,WHITE,ziyadnz/hourly-ipv4,ziyadnz|hourly,2026-08-17T18:48:05Z,2026-08-17T18:48:05Z,
109.105.209.25,ipv4,malicious-ip,medium,WHITE,ziyadnz/hourly-ipv4,ziyadnz|hourly,2026-08-17T18:48:05Z,2026-08-17T18:48:05Z,
109.105.209.28,ipv4,malicious-ip,medium,WHITE,ziyadnz/hourly-ipv4,ziyadnz|hourly,2026-08-17T18:48:05Z,2026-08-17T18:48:05Z,
109.105.209.29,ipv4,malicious-ip,medium,WHITE,ziyadnz/hourly-ipv4,ziyadnz|hourly,2026-08-17T18:48:05Z,2026-08-17T18:48:05Z,
109.105.209.3,ipv4,malicious-ip,medium,WHITE,ziyadnz/hourly-ipv4,ziyadnz|hourly,2026-08-17T18:48:05Z,2026-08-17T18:48:05Z,
109.105.209.30,ipv4,malicious-ip,medium,WHITE,ziyadnz/hourly-ipv4,ziyadnz|hourly,2026-08-17T18:48:05Z,2026-08-17T18:48:05Z,
109.105.209.34,ipv4,malicious-ip,medium,WHITE,ziyadnz/hourly-ipv4,ziyadnz|hourly,2026-08-17T18:48:05Z,2026-08-17T18:48:05Z,
109.105.209.37,ipv4,malicious-ip,medium,WHITE,ziyadnz/hourly-ipv4,ziyadnz|hourly,2026-08-17T18:48:05Z,2026-08-17T18:48:05Z,
109.105.209.38,ipv4,malicious-ip,medium,WHITE,ziyadnz/hourly-ipv4,ziyadnz|hourly,2026-08-17T18:48:05Z,2026-08-17T18:48:05Z,
109.105.209.39,ipv4,malicious-ip,medium,WHITE,ziyadnz/hourly-ipv4,ziyadnz|hourly,2026-08-17T18:48:05Z,2026-08-17T18:48:05Z,
109.105.209.4,ipv4,malicious-ip,medium,WHITE,ziyadnz/hourly-ipv4,ziyadnz|hourly,2026-08-17T18:48:05Z,2026-08-17T18:48:05Z,
109.105.209.40,ipv4,malicious-ip,medium,WHITE,ziyadnz/hourly-ipv4,ziyadnz|hourly,2026-08-17T18:48:05Z,2026-08-17T18:48:05Z,
109.105.209.44,ipv4,malicious-ip,medium,WHITE,ziyadnz/hourly-ipv4,ziyadnz|hourly,2026-08-17T18:48:05Z,2026-08-17T18:48:05Z,
109.105.209.45,ipv4,malicious-ip,medium,WHITE,ziyadnz/hourly-ipv4,ziyadnz|hourly,2026-08-17T18:48:05Z,2026-08-17T18:48:05Z,
109.105.209.47,ipv4,malicious-ip,medium,WHITE,ziyadnz/hourly-ipv4,ziyadnz|hourly,2026-08-17T18:48:05Z,2026-08-17T18:48:05Z,
109.105.209.49,ipv4,malicious-ip,medium,WHITE,ziyadnz/hourly-ipv4,ziyadnz|hourly,2026-08-17T18:48:05Z,2026-08-17T18:48:05Z,
109.105.209.5,ipv4,malicious-ip,medium,WHITE,ziyadnz/hourly-ipv4,ziyadnz|hourly,2026-08-17T18:48:05Z,2026-08-17T18:48:05Z,
109.105.209.50,ipv4,malicious-ip,medium,WHITE,ziyadnz/hourly-ipv4,ziyadnz|hourly,2026-08-17T18:48:05Z,2026-08-17T18:48:05Z,
109.105.209.53,ipv4,malicious-ip,medium,WHITE,ziyadnz/hourly-ipv4,ziyadnz|hourly,2026-08-17T18:48:05Z,2026-08-17T18:48:05Z,
109.105.209.54,ipv4,malicious-ip,medium,WHITE,ziyadnz/hourly-ipv4,ziyadnz|hourly,2026-08-17T18:48:05Z,2026-08-17T18:48:05Z,
109.105.209.55,ipv4,malicious-ip,medium,WHITE,ziyadnz/hourly-ipv4,ziyadnz|hourly,2026-08-17T18:48:05Z,2026-08-17T18:48:05Z,
109.105.209.58,ipv4,malicious-ip,medium,WHITE,ziyadnz/hourly-ipv4,ziyadnz|hourly,2026-08-17T18:48:05Z,2026-08-17T18:48:05Z,
109.105.209.59,ipv4,malicious-ip,medium,WHITE,ziyadnz/hourly-ipv4,ziyadnz|hourly,2026-08-17T18:48:05Z,2026-08-17T18:48:05Z,
109.105.209.63,ipv4,malicious-ip,medium,WHITE,ziyadnz/hourly-ipv4,ziyadnz|hourly,2026-08-17T18:48:05Z,2026-08-17T18:48:05Z,
109.105.209.64,ipv4,malicious-ip,medium,WHITE,ziyadnz/hourly-ipv4,ziyadnz|hourly,2026-08-17T18:48:05Z,2026-08-17T18:48:05Z,
109.105.209.68,ipv4,malicious-ip,medium,WHITE,ziyadnz/hourly-ipv4,ziyadnz|hourly,2026-08-17T18:48:05Z,2026-08-17T18:48:05Z,
109.105.209.7,ipv4,malicious-ip,medium,WHITE,ziyadnz/hourly-ipv4,ziyadnz|hourly,2026-08-17T18:48:05Z,2026-08-17T18:48:05Z,
109.105.209.72,ipv4,malicious-ip,medium,WHITE,ziyadnz/hourly-ipv4,ziyadnz|hourly,2026-08-17T18:48:05Z,2026-08-17T18:48:05Z,
109.105.209.75,ipv4,malicious-ip,medium,WHITE,ziyadnz/hourly-ipv4,ziyadnz|hourly,2026-08-17T18:48:05Z,2026-08-17T18:48:05Z,
109.105.209.77,ipv4,malicious-ip,medium,WHITE,ziyadnz/hourly-ipv4,ziyadnz|hourly,2026-08-17T18:48:05Z,2026-08-17T18:48:05Z,
109.105.209.78,ipv4,malicious-ip,medium,WHITE,ziyadnz/hourly-ipv4,ziyadnz|hourly,2026-08-17T18:48:05Z,2026-08-17T18:48:05Z,
109.105.209.79,ipv4,malicious-ip,medium,WHITE,ziyadnz/hourly-ipv4,ziyadnz|hourly,2026-08-17T18:48:05Z,2026-08-17T18:48:05Z,
109.105.209.8,ipv4,malicious-ip,medium,WHITE,ziyadnz/hourly-ipv4,ziyadnz|hourly,2026-08-17T18:48:05Z,2026-08-17T18:48:05Z,
109.105.209.80,ipv4,malicious-ip,medium,WHITE,ziyadnz/hourly-ipv4,ziyadnz|hourly,2026-08-17T18:48:05Z,2026-08-17T18:48:05Z,
109.105.209.82,ipv4,malicious-ip,medium,WHITE,ziyadnz/hourly-ipv4,ziyadnz|hourly,2026-08-17T18:48:05Z,2026-08-17T18:48:05Z,
109.105.209.83,ipv4,malicious-ip,medium,WHITE,ziyadnz/hourly-ipv4,ziyadnz|hourly,2026-08-17T18:48:05Z,2026-08-17T18:48:05Z,
109.105.209.84,ipv4,malicious-ip,medium,WHITE,ziyadnz/hourly-ipv4,ziyadnz|hourly,2026-08-17T18:48:05Z,2026-08-17T18:48:05Z,
109.105.209.85,ipv4,malicious-ip,medium,WHITE,ziyadnz/hourly-ipv4,ziyadnz|hourly,2026-08-17T18:48:05Z,2026-08-17T18:48:05Z,
109.105.209.87,ipv4,malicious-ip,medium,WHITE,ziyadnz/hourly-ipv4,ziyadnz|hourly,2026-08-17T18:48:05Z,2026-08-17T18:48:05Z,
109.105.209.88,ipv4,malicious-ip,medium,WHITE,ziyadnz/hourly-ipv4,ziyadnz|hourly,2026-08-17T18:48:05Z,2026-08-17T18:48:05Z,
109.105.209.89,ipv4,malicious-ip,medium,WHITE,ziyadnz/hourly-ipv4,ziyadnz|hourly,2026-08-17T18:48:05Z,2026-08-17T18:48:05Z,
109.105.209.9,ipv4,malicious-ip,medium,WHITE,ziyadnz/hourly-ipv4,ziyadnz|hourly,2026-08-17T18:48:05Z,2026-08-17T18:48:05Z,
109.105.210.0,ipv4,malicious-ip,medium,WHITE,ziyadnz/hourly-ipv4,ziyadnz|hourly,2026-08-17T18:48:05Z,2026-08-17T18:48:05Z,
109.105.210.12,ipv4,malicious-ip,medium,WHITE,ziyadnz/hourly-ipv4,ziyadnz|hourly,2026-08-17T18:48:05Z,2026-08-17T18:48:05Z,
109.105.210.13,ipv4,malicious-ip,medium,WHITE,ziyadnz/hourly-ipv4,ziyadnz|hourly,2026-08-17T18:48:05Z,2026-08-17T18:48:05Z,
109.105.210.14,ipv4,malicious-ip,medium,WHITE,ziyadnz/hourly-ipv4,ziyadnz|hourly,2026-08-17T18:48:05Z,2026-08-17T18:48:05Z,
109.105.210.15,ipv4,malicious-ip,medium,WHITE,ziyadnz/hourly-ipv4,ziyadnz|hourly,2026-08-17T18:48:05Z,2026-08-17T18:48:05Z,
109.105.210.17,ipv4,malicious-ip,medium,WHITE,ziyadnz/hourly-ipv4,ziyadnz|hourly,2026-08-17T18:48:05Z,2026-08-17T18:48:05Z,
109.105.210.18,ipv4,malicious-ip,medium,WHITE,ziyadnz/hourly-ipv4,ziyadnz|hourly,2026-08-17T18:48:05Z,2026-08-17T18:48:05Z,
109.105.210.2,ipv4,malicious-ip,medium,WHITE,ziyadnz/hourly-ipv4,ziyadnz|hourly,2026-08-17T18:48:05Z,2026-08-17T18:48:05Z,
109.105.210.20,ipv4,malicious-ip,medium,WHITE,ziyadnz/hourly-ipv4,ziyadnz|hourly,2026-08-17T18:48:05Z,2026-08-17T18:48:05Z,
109.105.210.23,ipv4,malicious-ip,medium,WHITE,ziyadnz/hourly-ipv4,ziyadnz|hourly,2026-08-17T18:48:05Z,2026-08-17T18:48:05Z,
109.105.210.25,ipv4,malicious-ip,medium,WHITE,ziyadnz/hourly-ipv4,ziyadnz|hourly,2026-08-17T18:48:05Z,2026-08-17T18:48:05Z,
109.105.210.27,ipv4,malicious-ip,medium,WHITE,ziyadnz/hourly-ipv4,ziyadnz|hourly,2026-08-17T18:48:05Z,2026-08-17T18:48:05Z,
109.105.210.3,ipv4,malicious-ip,medium,WHITE,ziyadnz/hourly-ipv4,ziyadnz|hourly,2026-08-17T18:48:05Z,2026-08-17T18:48:05Z,
109.105.210.30,ipv4,malicious-ip,medium,WHITE,ziyadnz/hourly-ipv4,ziyadnz|hourly,2026-08-17T18:48:05Z,2026-08-17T18:48:05Z,
109.105.210.33,ipv4,malicious-ip,medium,WHITE,ziyadnz/hourly-ipv4,ziyadnz|hourly,2026-08-17T18:48:05Z,2026-08-17T18:48:05Z,
109.105.210.37,ipv4,malicious-ip,medium,WHITE,ziyadnz/hourly-ipv4,ziyadnz|hourly,2026-08-17T18:48:05Z,2026-08-17T18:48:05Z,
109.105.210.39,ipv4,malicious-ip,medium,WHITE,ziyadnz/hourly-ipv4,ziyadnz|hourly,2026-08-17T18:48:05Z,2026-08-17T18:48:05Z,
109.105.210.4,ipv4,malicious-ip,medium,WHITE,ziyadnz/hourly-ipv4,ziyadnz|hourly,2026-08-17T18:48:05Z,2026-08-17T18:48:05Z,
109.105.210.42,ipv4,malicious-ip,medium,WHITE,ziyadnz/hourly-ipv4,ziyadnz|hourly,2026-08-17T18:48:05Z,2026-08-17T18:48:05Z,
109.105.210.44,ipv4,malicious-ip,medium,WHITE,ziyadnz/hourly-ipv4,ziyadnz|hourly,2026-08-17T18:48:05Z,2026-08-17T18:48:05Z,
109.105.210.45,ipv4,malicious-ip,medium,WHITE,ziyadnz/hourly-ipv4,ziyadnz|hourly,2026-08-17T18:48:05Z,2026-08-17T18:48:05Z,
109.105.210.47,ipv4,malicious-ip,medium,WHITE,ziyadnz/hourly-ipv4,ziyadnz|hourly,2026-08-17T18:48:05Z,2026-08-17T18:48:05Z,
109.105.210.48,ipv4,malicious-ip,medium,WHITE,ziyadnz/hourly-ipv4,ziyadnz|hourly,2026-08-17T18:48:05Z,2026-08-17T18:48:05Z,
109.105.210.5,ipv4,malicious-ip,medium,WHITE,ziyadnz/hourly-ipv4,ziyadnz|hourly,2026-08-17T18:48:05Z,2026-08-17T18:48:05Z,
109.105.210.52,ipv4,malicious-ip,medium,WHITE,ziyadnz/hourly-ipv4,ziyadnz|hourly,2026-08-17T18:48:05Z,2026-08-17T18:48:05Z,
109.105.210.53,ipv4,malicious-ip,medium,WHITE,ziyadnz/hourly-ipv4,ziyadnz|hourly,2026-08-17T18:48:05Z,2026-08-17T18:48:05Z,
109.105.210.54,ipv4,malicious-ip,medium,WHITE,ziyadnz/hourly-ipv4,ziyadnz|hourly,2026-08-17T18:48:05Z,2026-08-17T18:48:05Z,
109.105.210.55,ipv4,malicious-ip,medium,WHITE,ziyadnz/hourly-ipv4,ziyadnz|hourly,2026-08-17T18:48:05Z,2026-08-17T18:48:05Z,
109.105.210.57,ipv4,malicious-ip,medium,WHITE,ziyadnz/hourly-ipv4,ziyadnz|hourly,2026-08-17T18:48:05Z,2026-08-17T18:48:05Z,
109.105.210.58,ipv4,malicious-ip,medium,WHITE,ziyadnz/hourly-ipv4,ziyadnz|hourly,2026-08-17T18:48:05Z,2026-08-17T18:48:05Z,
109.105.210.59,ipv4,malicious-ip,medium,WHITE,ziyadnz/hourly-ipv4,ziyadnz|hourly,2026-08-17T18:48:05Z,2026-08-17T18:48:05Z,
109.105.210.60,ipv4,malicious-ip,medium,WHITE,ziyadnz/hourly-ipv4,ziyadnz|hourly,2026-08-17T18:48:05Z,2026-08-17T18:48:05Z,
109.105.210.62,ipv4,malicious-ip,medium,WHITE,ziyadnz/hourly-ipv4,ziyadnz|hourly,2026-08-17T18:48:05Z,2026-08-17T18:48:05Z,
109.105.210.63,ipv4,malicious-ip,medium,WHITE,ziyadnz/hourly-ipv4,ziyadnz|hourly,2026-08-17T18:48:05Z,2026-08-17T18:48:05Z,
109.105.210.64,ipv4,malicious-ip,medium,WHITE,ziyadnz/hourly-ipv4,ziyadnz|hourly,2026-08-17T18:48:05Z,2026-08-17T18:48:05Z,
109.105.210.65,ipv4,malicious-ip,medium,WHITE,ziyadnz/hourly-ipv4,ziyadnz|hourly,2026-08-17T18:48:05Z,2026-08-17T18:48:05Z,
109.105.210.67,ipv4,malicious-ip,medium,WHITE,ziyadnz/hourly-ipv4,ziyadnz|hourly,2026-08-17T18:48:05Z,2026-08-17T18:48:05Z,
109.105.210.68,ipv4,malicious-ip,medium,WHITE,ziyadnz/hourly-ipv4,ziyadnz|hourly,2026-08-17T18:48:05Z,2026-08-17T18:48:05Z,
109.105.210.69,ipv4,malicious-ip,medium,WHITE,ziyadnz/hourly-ipv4,ziyadnz|hourly,2026-08-17T18:48:05Z,2026-08-17T18:48:05Z,
109.105.210.7,ipv4,malicious-ip,medium,WHITE,ziyadnz/hourly-ipv4,ziyadnz|hourly,2026-08-17T18:48:05Z,2026-08-17T18:48:05Z,
109.105.210.70,ipv4,malicious-ip,medium,WHITE,ziyadnz/hourly-ipv4,ziyadnz|hourly,2026-08-17T18:48:05Z,2026-08-17T18:48:05Z,
109.105.210.72,ipv4,malicious-ip,medium,WHITE,ziyadnz/hourly-ipv4,ziyadnz|hourly,2026-08-17T18:48:05Z,2026-08-17T18:48:05Z,
109.105.210.73,ipv4,malicious-ip,medium,WHITE,ziyadnz/hourly-ipv4,ziyadnz|hourly,2026-08-17T18:48:05Z,2026-08-17T18:48:05Z,
109.105.210.74,ipv4,malicious-ip,medium,WHITE,ziyadnz/hourly-ipv4,ziyadnz|hourly,2026-08-17T18:48:05Z,2026-08-17T18:48:05Z,
109.105.210.75,ipv4,malicious-ip,medium,WHITE,ziyadnz/hourly-ipv4,ziyadnz|hourly,2026-08-17T18:48:05Z,2026-08-17T18:48:05Z,
109.105.210.78,ipv4,malicious-ip,medium,WHITE,ziyadnz/hourly-ipv4,ziyadnz|hourly,2026-08-17T18:48:05Z,2026-08-17T18:48:05Z,
109.105.210.79,ipv4,malicious-ip,medium,WHITE,ziyadnz/hourly-ipv4,ziyadnz|hourly,2026-08-17T18:48:05Z,2026-08-17T18:48:05Z,
109.105.210.8,ipv4,malicious-ip,medium,WHITE,ziyadnz/hourly-ipv4,ziyadnz|hourly,2026-08-17T18:48:05Z,2026-08-17T18:48:05Z,
109.105.210.80,ipv4,malicious-ip,medium,WHITE,ziyadnz/hourly-ipv4,ziyadnz|hourly,2026-08-17T18:48:05Z,2026-08-17T18:48:05Z,
109.105.210.82,ipv4,malicious-ip,medium,WHITE,ziyadnz/hourly-ipv4,ziyadnz|hourly,2026-08-17T18:48:05Z,2026-08-17T18:48:05Z,
109.105.210.83,ipv4,malicious-ip,medium,WHITE,ziyadnz/hourly-ipv4,ziyadnz|hourly,2026-08-17T18:48:05Z,2026-08-17T18:48:05Z,
109.105.210.84,ipv4,malicious-ip,medium,WHITE,ziyadnz/hourly-ipv4,ziyadnz|hourly,2026-08-17T18:48:05Z,2026-08-17T18:48:05Z,
109.105.210.85,ipv4,malicious-ip,medium,WHITE,ziyadnz/hourly-ipv4,ziyadnz|hourly,2026-08-17T18:48:05Z,2026-08-17T18:48:05Z,
109.105.210.87,ipv4,malicious-ip,medium,WHITE,ziyadnz/hourly-ipv4,ziyadnz|hourly,2026-08-17T18:48:05Z,2026-08-17T18:48:05Z,
109.105.210.88,ipv4,malicious-ip,medium,WHITE,ziyadnz/hourly-ipv4,ziyadnz|hourly,2026-08-17T18:48:05Z,2026-08-17T18:48:05Z,
109.105.210.89,ipv4,malicious-ip,medium,WHITE,ziyadnz/hourly-ipv4,ziyadnz|hourly,2026-08-17T18:48:05Z,2026-08-17T18:48:05Z,
109.105.210.9,ipv4,malicious-ip,medium,WHITE,ziyadnz/hourly-ipv4,ziyadnz|hourly,2026-08-17T18:48:05Z,2026-08-17T18:48:05Z,
109.105.210.90,ipv4,malicious-ip,medium,WHITE,ziyadnz/hourly-ipv4,ziyadnz|hourly,2026-08-17T18:48:05Z,2026-08-17T18:48:05Z,
109.106.137.203,ipv4,malicious-ip,medium,WHITE,ziyadnz/hourly-ipv4,ziyadnz|hourly,2026-08-17T18:48:05Z,2026-08-17T18:48:05Z,
109.106.155.177,ipv4,malicious-ip,medium,WHITE,ziyadnz/hourly-ipv4,ziyadnz|hourly,2026-08-17T18:48:05Z,2026-08-17T18:48:05Z,
109.106.254.177,ipv4,malicious-ip,medium,WHITE,ziyadnz/hourly-ipv4,ziyadnz|hourly,2026-08-17T18:48:05Z,2026-08-17T18:48:05Z,
109.107.170.126,ipv4,malicious-ip,medium,WHITE,ziyadnz/hourly-ipv4,ziyadnz|hourly,2026-08-17T18:48:05Z,2026-08-17T18:48:05Z,
109.107.173.72,ipv4,malicious-ip,medium,WHITE,ziyadnz/hourly-ipv4,ziyadnz|hourly,2026-08-17T18:48:05Z,2026-08-17T18:48:05Z,
109.107.175.17,ipv4,malicious-ip,medium,WHITE,ziyadnz/hourly-ipv4,ziyadnz|hourly,2026-08-17T18:48:05Z,2026-08-17T18:48:05Z,
109.107.178.241,ipv4,malicious-ip,medium,WHITE,ziyadnz/hourly-ipv4,ziyadnz|hourly,2026-08-17T18:48:05Z,2026-08-17T18:48:05Z,
109.107.181.83,ipv4,malicious-ip,medium,WHITE,ziyadnz/hourly-ipv4,ziyadnz|hourly,2026-08-17T18:48:05Z,2026-08-17T18:48:05Z,
109.107.182.2,ipv4,malicious-ip,medium,WHITE,ziyadnz/hourly-ipv4,ziyadnz|hourly,2026-08-17T18:48:05Z,2026-08-17T18:48:05Z,
109.107.182.211,ipv4,malicious-ip,medium,WHITE,ziyadnz/hourly-ipv4,ziyadnz|hourly,2026-08-17T18:48:05Z,2026-08-17T18:48:05Z,
109.107.229.50,ipv4,malicious-ip,medium,WHITE,ziyadnz/hourly-ipv4,ziyadnz|hourly,2026-08-17T18:48:05Z,2026-08-17T18:48:05Z,
109.107.242.150,ipv4,malicious-ip,medium,WHITE,ziyadnz/hourly-ipv4,ziyadnz|hourly,2026-08-17T18:48:05Z,2026-08-17T18:48:05Z,
109.107.243.82,ipv4,malicious-ip,medium,WHITE,ziyadnz/hourly-ipv4,ziyadnz|hourly,2026-08-17T18:48:05Z,2026-08-17T18:48:05Z,
109.107.251.157,ipv4,malicious-ip,medium,WHITE,ziyadnz/hourly-ipv4,ziyadnz|hourly,2026-08-17T18:48:05Z,2026-08-17T18:48:05Z,
109.107.81.125,ipv4,malicious-ip,medium,WHITE,ziyadnz/hourly-ipv4,ziyadnz|hourly,2026-08-17T18:48:05Z,2026-08-17T18:48:05Z,
109.107.86.63,ipv4,malicious-ip,medium,WHITE,ziyadnz/hourly-ipv4,ziyadnz|hourly,2026-08-17T18:48:05Z,2026-08-17T18:48:05Z,
109.108.229.71,ipv4,malicious-ip,medium,WHITE,ziyadnz/hourly-ipv4,ziyadnz|hourly,2026-08-17T18:48:05Z,2026-08-17T18:48:05Z,
109.108.70.74,ipv4,malicious-ip,medium,WHITE,ziyadnz/hourly-ipv4,ziyadnz|hourly,2026-08-17T18:48:05Z,2026-08-17T18:48:05Z,
109.110.140.130,ipv4,malicious-ip,medium,WHITE,ziyadnz/hourly-ipv4,ziyadnz|hourly,2026-08-17T18:48:05Z,2026-08-17T18:48:05Z,
109.111.253.128,ipv4,malicious-ip,medium,WHITE,ziyadnz/hourly-ipv4,ziyadnz|hourly,2026-08-17T18:48:05Z,2026-08-17T18:48:05Z,
109.116.245.48,ipv4,malicious-ip,medium,WHITE,ziyadnz/hourly-ipv4,ziyadnz|hourly,2026-08-17T18:48:05Z,2026-08-17T18:48:05Z,
109.117.175.153,ipv4,malicious-ip,medium,WHITE,ziyadnz/hourly-ipv4,ziyadnz|hourly,2026-08-17T18:48:05Z,2026-08-17T18:48:05Z,
109.117.222.81,ipv4,malicious-ip,medium,WHITE,ziyadnz/hourly-ipv4,ziyadnz|hourly,2026-08-17T18:48:05Z,2026-08-17T18:48:05Z,
109.120.137.128,ipv4,malicious-ip,medium,WHITE,ziyadnz/hourly-ipv4,ziyadnz|hourly,2026-08-17T18:48:05Z,2026-08-17T18:48:05Z,
109.120.141.207,ipv4,malicious-ip,medium,WHITE,ziyadnz/hourly-ipv4,ziyadnz|hourly,2026-08-17T18:48:05Z,2026-08-17T18:48:05Z,
109.120.152.174,ipv4,malicious-ip,medium,WHITE,ziyadnz/hourly-ipv4,ziyadnz|hourly,2026-08-17T18:48:05Z,2026-08-17T18:48:05Z,
109.120.156.253,ipv4,malicious-ip,medium,WHITE,ziyadnz/hourly-ipv4,ziyadnz|hourly,2026-08-17T18:48:05Z,2026-08-17T18:48:05Z,
109.120.179.170,ipv4,malicious-ip,medium,WHITE,ziyadnz/hourly-ipv4,ziyadnz|hourly,2026-08-17T18:48:05Z,2026-08-17T18:48:05Z,
109.121.160.235,ipv4,malicious-ip,medium,WHITE,ziyadnz/hourly-ipv4,ziyadnz|hourly,2026-08-17T18:48:05Z,2026-08-17T18:48:05Z,
109.122.178.55,ipv4,malicious-ip,medium,WHITE,ziyadnz/hourly-ipv4,ziyadnz|hourly,2026-08-17T18:48:05Z,2026-08-17T18:48:05Z,
109.122.18.38,ipv4,malicious-ip,medium,WHITE,ziyadnz/hourly-ipv4,ziyadnz|hourly,2026-08-17T18:48:05Z,2026-08-17T18:48:05Z,
109.122.195.150,ipv4,malicious-ip,medium,WHITE,ziyadnz/hourly-ipv4,ziyadnz|hourly,2026-08-17T18:48:05Z,2026-08-17T18:48:05Z,
109.122.217.21,ipv4,malicious-ip,medium,WHITE,ziyadnz/hourly-ipv4,ziyadnz|hourly,2026-08-17T18:48:05Z,2026-08-17T18:48:05Z,
109.122.241.65,ipv4,malicious-ip,medium,WHITE,ziyadnz/hourly-ipv4,ziyadnz|hourly,2026-08-17T18:48:05Z,2026-08-17T18:48:05Z,
109.122.247.35,ipv4,malicious-ip,medium,WHITE,ziyadnz/hourly-ipv4,ziyadnz|hourly,2026-08-17T18:48:05Z,2026-08-17T18:48:05Z,
109.122.247.86,ipv4,malicious-ip,medium,WHITE,ziyadnz/hourly-ipv4,ziyadnz|hourly,2026-08-17T18:48:05Z,2026-08-17T18:48:05Z,
109.122.252.86,ipv4,malicious-ip,medium,WHITE,ziyadnz/hourly-ipv4,ziyadnz|hourly,2026-08-17T18:48:05Z,2026-08-17T18:48:05Z,
109.123.121.243,ipv4,malicious-ip,medium,WHITE,ziyadnz/hourly-ipv4,ziyadnz|hourly,2026-08-17T18:48:05Z,2026-08-17T18:48:05Z,
109.123.227.112,ipv4,malicious-ip,medium,WHITE,ziyadnz/hourly-ipv4,ziyadnz|hourly,2026-08-17T18:48:05Z,2026-08-17T18:48:05Z,
109.123.232.66,ipv4,malicious-ip,medium,WHITE,ziyadnz/hourly-ipv4,ziyadnz|hourly,2026-08-17T18:48:05Z,2026-08-17T18:48:05Z,
109.123.233.205,ipv4,malicious-ip,medium,WHITE,ziyadnz/hourly-ipv4,ziyadnz|hourly,2026-08-17T18:48:05Z,2026-08-17T18:48:05Z,
109.123.233.248,ipv4,malicious-ip,medium,WHITE,ziyadnz/hourly-ipv4,ziyadnz|hourly,2026-08-17T18:48:05Z,2026-08-17T18:48:05Z,
109.123.238.248,ipv4,malicious-ip,medium,WHITE,ziyadnz/hourly-ipv4,ziyadnz|hourly,2026-08-17T18:48:05Z,2026-08-17T18:48:05Z,
109.123.252.131,ipv4,malicious-ip,medium,WHITE,ziyadnz/hourly-ipv4,ziyadnz|hourly,2026-08-17T18:48:05Z,2026-08-17T18:48:05Z,
109.123.255.91,ipv4,malicious-ip,medium,WHITE,ziyadnz/hourly-ipv4,ziyadnz|hourly,2026-08-17T18:48:05Z,2026-08-17T18:48:05Z,
109.125.139.68,ipv4,malicious-ip,medium,WHITE,ziyadnz/hourly-ipv4,ziyadnz|hourly,2026-08-17T18:48:05Z,2026-08-17T18:48:05Z,
109.125.160.70,ipv4,malicious-ip,medium,WHITE,ziyadnz/hourly-ipv4,ziyadnz|hourly,2026-08-17T18:48:05Z,2026-08-17T18:48:05Z,
109.125.177.103,ipv4,malicious-ip,medium,WHITE,ziyadnz/hourly-ipv4,ziyadnz|hourly,2026-08-17T18:48:05Z,2026-08-17T18:48:05Z,
109.126.41.234,ipv4,malicious-ip,medium,WHITE,ziyadnz/hourly-ipv4,ziyadnz|hourly,2026-08-17T18:48:05Z,2026-08-17T18:48:05Z,
109.127.58.241,ipv4,malicious-ip,medium,WHITE,ziyadnz/hourly-ipv4,ziyadnz|hourly,2026-08-17T18:48:05Z,2026-08-17T18:48:05Z,
109.129.185.2,ipv4,malicious-ip,medium,WHITE,ziyadnz/hourly-ipv4,ziyadnz|hourly,2026-08-17T18:48:05Z,2026-08-17T18:48:05Z,
109.147.78.131,ipv4,malicious-ip,medium,WHITE,ziyadnz/hourly-ipv4,ziyadnz|hourly,2026-08-17T18:48:05Z,2026-08-17T18:48:05Z,
109.148.221.21,ipv4,malicious-ip,medium,WHITE,ziyadnz/hourly-ipv4,ziyadnz|hourly,2026-08-17T18:48:05Z,2026-08-17T18:48:05Z,
109.151.118.212,ipv4,malicious-ip,medium,WHITE,ziyadnz/hourly-ipv4,ziyadnz|hourly,2026-08-17T18:48:05Z,2026-08-17T18:48:05Z,
109.156.146.219,ipv4,malicious-ip,medium,WHITE,ziyadnz/hourly-ipv4,ziyadnz|hourly,2026-08-17T18:48:05Z,2026-08-17T18:48:05Z,
109.158.64.232,ipv4,malicious-ip,medium,WHITE,ziyadnz/hourly-ipv4,ziyadnz|hourly,2026-08-17T18:48:05Z,2026-08-17T18:48:05Z,
109.159.20.128,ipv4,malicious-ip,medium,WHITE,ziyadnz/hourly-ipv4,ziyadnz|hourly,2026-08-17T18:48:05Z,2026-08-17T18:48:05Z,
109.160.122.3,ipv4,malicious-ip,medium,WHITE,ziyadnz/hourly-ipv4,ziyadnz|hourly,2026-08-17T18:48:05Z,2026-08-17T18:48:05Z,
109.161.174.28,ipv4,malicious-ip,medium,WHITE,ziyadnz/hourly-ipv4,ziyadnz|hourly,2026-08-17T18:48:05Z,2026-08-17T18:48:05Z,
109.161.214.232,ipv4,malicious-ip,medium,WHITE,ziyadnz/hourly-ipv4,ziyadnz|hourly,2026-08-17T18:48:05Z,2026-08-17T18:48:05Z,
109.161.225.127,ipv4,malicious-ip,medium,WHITE,ziyadnz/hourly-ipv4,ziyadnz|hourly,2026-08-17T18:48:05Z,2026-08-17T18:48:05Z,
109.161.234.220,ipv4,malicious-ip,medium,WHITE,ziyadnz/hourly-ipv4,ziyadnz|hourly,2026-08-17T18:48:05Z,2026-08-17T18:48:05Z,
109.162.200.219,ipv4,malicious-ip,medium,WHITE,ziyadnz/hourly-ipv4,ziyadnz|hourly,2026-08-17T18:48:05Z,2026-08-17T18:48:05Z,
109.162.203.22,ipv4,malicious-ip,medium,WHITE,ziyadnz/hourly-ipv4,ziyadnz|hourly,2026-08-17T18:48:05Z,2026-08-17T18:48:05Z,
109.162.204.203,ipv4,malicious-ip,medium,WHITE,ziyadnz/hourly-ipv4,ziyadnz|hourly,2026-08-17T18:48:05Z,2026-08-17T18:48:05Z,
109.162.205.189,ipv4,malicious-ip,medium,WHITE,ziyadnz/hourly-ipv4,ziyadnz|hourly,2026-08-17T18:48:05Z,2026-08-17T18:48:05Z,
109.162.206.92,ipv4,malicious-ip,medium,WHITE,ziyadnz/hourly-ipv4,ziyadnz|hourly,2026-08-17T18:48:05Z,2026-08-17T18:48:05Z,
109.162.207.160,ipv4,malicious-ip,medium,WHITE,ziyadnz/hourly-ipv4,ziyadnz|hourly,2026-08-17T18:48:05Z,2026-08-17T18:48:05Z,
109.162.249.57,ipv4,malicious-ip,medium,WHITE,ziyadnz/hourly-ipv4,ziyadnz|hourly,2026-08-17T18:48:05Z,2026-08-17T18:48:05Z,
109.166.39.139,ipv4,malicious-ip,medium,WHITE,ziyadnz/hourly-ipv4,ziyadnz|hourly,2026-08-17T18:48:05Z,2026-08-17T18:48:05Z,
109.166.83.178,ipv4,malicious-ip,medium,WHITE,ziyadnz/hourly-ipv4,ziyadnz|hourly,2026-08-17T18:48:05Z,2026-08-17T18:48:05Z,
109.167.133.17,ipv4,malicious-ip,medium,WHITE,ziyadnz/hourly-ipv4,ziyadnz|hourly,2026-08-17T18:48:05Z,2026-08-17T18:48:05Z,
109.167.249.94,ipv4,malicious-ip,medium,WHITE,ziyadnz/hourly-ipv4,ziyadnz|hourly,2026-08-17T18:48:05Z,2026-08-17T18:48:05Z,
109.167.7.63,ipv4,malicious-ip,medium,WHITE,ziyadnz/hourly-ipv4,ziyadnz|hourly,2026-08-17T18:48:05Z,2026-08-17T18:48:05Z,
109.169.10.3,ipv4,malicious-ip,medium,WHITE,ziyadnz/hourly-ipv4,ziyadnz|hourly,2026-08-17T18:48:05Z,2026-08-17T18:48:05Z,
109.169.10.5,ipv4,malicious-ip,medium,WHITE,ziyadnz/hourly-ipv4,ziyadnz|hourly,2026-08-17T18:48:05Z,2026-08-17T18:48:05Z,
109.169.169.88,ipv4,malicious-ip,medium,WHITE,ziyadnz/hourly-ipv4,ziyadnz|hourly,2026-08-17T18:48:05Z,2026-08-17T18:48:05Z,
109.169.33.163,ipv4,malicious-ip,medium,WHITE,ziyadnz/hourly-ipv4,ziyadnz|hourly,2026-08-17T18:48:05Z,2026-08-17T18:48:05Z,
109.169.44.190,ipv4,malicious-ip,medium,WHITE,ziyadnz/hourly-ipv4,ziyadnz|hourly,2026-08-17T18:48:05Z,2026-08-17T18:48:05Z,
109.171.98.224,ipv4,malicious-ip,medium,WHITE,ziyadnz/hourly-ipv4,ziyadnz|hourly,2026-08-17T18:48:05Z,2026-08-17T18:48:05Z,
109.172.160.110,ipv4,malicious-ip,medium,WHITE,ziyadnz/hourly-ipv4,ziyadnz|hourly,2026-08-17T18:48:05Z,2026-08-17T18:48:05Z,
109.172.225.194,ipv4,malicious-ip,medium,WHITE,ziyadnz/hourly-ipv4,ziyadnz|hourly,2026-08-17T18:48:05Z,2026-08-17T18:48:05Z,
109.172.254.107,ipv4,malicious-ip,medium,WHITE,ziyadnz/hourly-ipv4,ziyadnz|hourly,2026-08-17T18:48:05Z,2026-08-17T18:48:05Z,
109.172.45.16,ipv4,malicious-ip,medium,WHITE,ziyadnz/hourly-ipv4,ziyadnz|hourly,2026-08-17T18:48:05Z,2026-08-17T18:48:05Z,
109.172.45.28,ipv4,malicious-ip,medium,WHITE,ziyadnz/hourly-ipv4,ziyadnz|hourly,2026-08-17T18:48:05Z,2026-08-17T18:48:05Z,
109.172.45.77,ipv4,malicious-ip,medium,WHITE,ziyadnz/hourly-ipv4,ziyadnz|hourly,2026-08-17T18:48:05Z,2026-08-17T18:48:05Z,
109.172.55.64,ipv4,malicious-ip,medium,WHITE,ziyadnz/hourly-ipv4,ziyadnz|hourly,2026-08-17T18:48:05Z,2026-08-17T18:48:05Z,
109.172.85.95,ipv4,malicious-ip,medium,WHITE,ziyadnz/hourly-ipv4,ziyadnz|hourly,2026-08-17T18:48:05Z,2026-08-17T18:48:05Z,
109.172.88.38,ipv4,malicious-ip,medium,WHITE,ziyadnz/hourly-ipv4,ziyadnz|hourly,2026-08-17T18:48:05Z,2026-08-17T18:48:05Z,
109.172.95.248,ipv4,malicious-ip,medium,WHITE,ziyadnz/hourly-ipv4,ziyadnz|hourly,2026-08-17T18:48:05Z,2026-08-17T18:48:05Z,
109.173.39.103,ipv4,malicious-ip,medium,WHITE,ziyadnz/hourly-ipv4,ziyadnz|hourly,2026-08-17T18:48:05Z,2026-08-17T18:48:05Z,
109.173.91.189,ipv4,malicious-ip,medium,WHITE,ziyadnz/hourly-ipv4,ziyadnz|hourly,2026-08-17T18:48:05Z,2026-08-17T18:48:05Z,
109.174.104.74,ipv4,malicious-ip,medium,WHITE,ziyadnz/hourly-ipv4,ziyadnz|hourly,2026-08-17T18:48:05Z,2026-08-17T18:48:05Z,
109.175.38.71,ipv4,malicious-ip,medium,WHITE,ziyadnz/hourly-ipv4,ziyadnz|hourly,2026-08-17T18:48:05Z,2026-08-17T18:48:05Z,
109.175.6.14,ipv4,malicious-ip,medium,WHITE,ziyadnz/hourly-ipv4,ziyadnz|hourly,2026-08-17T18:48:05Z,2026-08-17T18:48:05Z,
109.176.207.110,ipv4,malicious-ip,medium,WHITE,ziyadnz/hourly-ipv4,ziyadnz|hourly,2026-08-17T18:48:05Z,2026-08-17T18:48:05Z,
109.177.200.114,ipv4,malicious-ip,medium,WHITE,ziyadnz/hourly-ipv4,ziyadnz|hourly,2026-08-17T18:48:05Z,2026-08-17T18:48:05Z,
109.180.174.34,ipv4,malicious-ip,medium,WHITE,ziyadnz/hourly-ipv4,ziyadnz|hourly,2026-08-17T18:48:05Z,2026-08-17T18:48:05Z,
109.181.114.188,ipv4,malicious-ip,medium,WHITE,ziyadnz/hourly-ipv4,ziyadnz|hourly,2026-08-17T18:48:05Z,2026-08-17T18:48:05Z,
109.184.245.118,ipv4,malicious-ip,medium,WHITE,ziyadnz/hourly-ipv4,ziyadnz|hourly,2026-08-17T18:48:05Z,2026-08-17T18:48:05Z,
109.185.119.143,ipv4,malicious-ip,medium,WHITE,ziyadnz/hourly-ipv4,ziyadnz|hourly,2026-08-17T18:48:05Z,2026-08-17T18:48:05Z,
109.185.46.222,ipv4,malicious-ip,medium,WHITE,ziyadnz/hourly-ipv4,ziyadnz|hourly,2026-08-17T18:48:05Z,2026-08-17T18:48:05Z,
109.191.109.245,ipv4,malicious-ip,medium,WHITE,ziyadnz/hourly-ipv4,ziyadnz|hourly,2026-08-17T18:48:05Z,2026-08-17T18:48:05Z,
109.194.114.242,ipv4,malicious-ip,medium,WHITE,ziyadnz/hourly-ipv4,ziyadnz|hourly,2026-08-17T18:48:05Z,2026-08-17T18:48:05Z,
109.195.108.173,ipv4,malicious-ip,medium,WHITE,ziyadnz/hourly-ipv4,ziyadnz|hourly,2026-08-17T18:48:05Z,2026-08-17T18:48:05Z,
109.195.19.44,ipv4,malicious-ip,medium,WHITE,ziyadnz/hourly-ipv4,ziyadnz|hourly,2026-08-17T18:48:05Z,2026-08-17T18:48:05Z,
109.195.209.152,ipv4,malicious-ip,medium,WHITE,ziyadnz/hourly-ipv4,ziyadnz|hourly,2026-08-17T18:48:05Z,2026-08-17T18:48:05Z,
109.195.21.236,ipv4,malicious-ip,medium,WHITE,ziyadnz/hourly-ipv4,ziyadnz|hourly,2026-08-17T18:48:05Z,2026-08-17T18:48:05Z,
109.195.98.241,ipv4,malicious-ip,medium,WHITE,ziyadnz/hourly-ipv4,ziyadnz|hourly,2026-08-17T18:48:05Z,2026-08-17T18:48:05Z,
109.196.100.105,ipv4,malicious-ip,medium,WHITE,ziyadnz/hourly-ipv4,ziyadnz|hourly,2026-08-17T18:48:05Z,2026-08-17T18:48:05Z,
109.196.179.141,ipv4,malicious-ip,medium,WHITE,ziyadnz/hourly-ipv4,ziyadnz|hourly,2026-08-17T18:48:05Z,2026-08-17T18:48:05Z,
109.196.248.17,ipv4,malicious-ip,medium,WHITE,ziyadnz/hourly-ipv4,ziyadnz|hourly,2026-08-17T18:48:05Z,2026-08-17T18:48:05Z,
109.196.64.169,ipv4,malicious-ip,medium,WHITE,ziyadnz/hourly-ipv4,ziyadnz|hourly,2026-08-17T18:48:05Z,2026-08-17T18:48:05Z,
109.196.77.117,ipv4,malicious-ip,medium,WHITE,ziyadnz/hourly-ipv4,ziyadnz|hourly,2026-08-17T18:48:05Z,2026-08-17T18:48:05Z,
109.197.217.171,ipv4,malicious-ip,medium,WHITE,ziyadnz/hourly-ipv4,ziyadnz|hourly,2026-08-17T18:48:05Z,2026-08-17T18:48:05Z,
109.197.54.138,ipv4,malicious-ip,medium,WHITE,ziyadnz/hourly-ipv4,ziyadnz|hourly,2026-08-17T18:48:05Z,2026-08-17T18:48:05Z,
109.198.101.124,ipv4,malicious-ip,medium,WHITE,ziyadnz/hourly-ipv4,ziyadnz|hourly,2026-08-17T18:48:05Z,2026-08-17T18:48:05Z,
109.198.11.163,ipv4,malicious-ip,medium,WHITE,ziyadnz/hourly-ipv4,ziyadnz|hourly,2026-08-17T18:48:05Z,2026-08-17T18:48:05Z,
109.198.28.22,ipv4,malicious-ip,medium,WHITE,ziyadnz/hourly-ipv4,ziyadnz|hourly,2026-08-17T18:48:05Z,2026-08-17T18:48:05Z,
109.199.108.11,ipv4,malicious-ip,medium,WHITE,ziyadnz/hourly-ipv4,ziyadnz|hourly,2026-08-17T18:48:05Z,2026-08-17T18:48:05Z,
109.199.113.80,ipv4,malicious-ip,medium,WHITE,ziyadnz/hourly-ipv4,ziyadnz|hourly,2026-08-17T18:48:05Z,2026-08-17T18:48:05Z,
109.199.118.64,ipv4,malicious-ip,medium,WHITE,ziyadnz/hourly-ipv4,ziyadnz|hourly,2026-08-17T18:48:05Z,2026-08-17T18:48:05Z,
109.199.122.15,ipv4,malicious-ip,medium,WHITE,ziyadnz/hourly-ipv4,ziyadnz|hourly,2026-08-17T18:48:05Z,2026-08-17T18:48:05Z,
109.199.127.243,ipv4,malicious-ip,medium,WHITE,ziyadnz/hourly-ipv4,ziyadnz|hourly,2026-08-17T18:48:05Z,2026-08-17T18:48:05Z,
109.200.152.238,ipv4,malicious-ip,medium,WHITE,ziyadnz/hourly-ipv4,ziyadnz|hourly,2026-08-17T18:48:05Z,2026-08-17T18:48:05Z,
109.200.152.26,ipv4,malicious-ip,medium,WHITE,ziyadnz/hourly-ipv4,ziyadnz|hourly,2026-08-17T18:48:05Z,2026-08-17T18:48:05Z,
109.200.247.65,ipv4,malicious-ip,medium,WHITE,ziyadnz/hourly-ipv4,ziyadnz|hourly,2026-08-17T18:48:05Z,2026-08-17T18:48:05Z,
109.205.178.197,ipv4,malicious-ip,medium,WHITE,ziyadnz/hourly-ipv4,ziyadnz|hourly,2026-08-17T18:48:05Z,2026-08-17T18:48:05Z,
109.205.178.198,ipv4,malicious-ip,medium,WHITE,ziyadnz/hourly-ipv4,ziyadnz|hourly,2026-08-17T18:48:05Z,2026-08-17T18:48:05Z,
109.205.180.231,ipv4,malicious-ip,medium,WHITE,ziyadnz/hourly-ipv4,ziyadnz|hourly,2026-08-17T18:48:05Z,2026-08-17T18:48:05Z,
109.205.181.217,ipv4,malicious-ip,medium,WHITE,ziyadnz/hourly-ipv4,ziyadnz|hourly,2026-08-17T18:48:05Z,2026-08-17T18:48:05Z,
109.205.181.30,ipv4,malicious-ip,medium,WHITE,ziyadnz/hourly-ipv4,ziyadnz|hourly,2026-08-17T18:48:05Z,2026-08-17T18:48:05Z,
109.205.208.238,ipv4,malicious-ip,medium,WHITE,ziyadnz/hourly-ipv4,ziyadnz|hourly,2026-08-17T18:48:05Z,2026-08-17T18:48:05Z,
109.205.211.110,ipv4,malicious-ip,medium,WHITE,ziyadnz/hourly-ipv4,ziyadnz|hourly,2026-08-17T18:48:05Z,2026-08-17T18:48:05Z,
109.205.211.15,ipv4,malicious-ip,medium,WHITE,ziyadnz/hourly-ipv4,ziyadnz|hourly,2026-08-17T18:48:05Z,2026-08-17T18:48:05Z,
109.205.211.210,ipv4,malicious-ip,medium,WHITE,ziyadnz/hourly-ipv4,ziyadnz|hourly,2026-08-17T18:48:05Z,2026-08-17T18:48:05Z,
109.205.211.213,ipv4,malicious-ip,medium,WHITE,ziyadnz/hourly-ipv4,ziyadnz|hourly,2026-08-17T18:48:05Z,2026-08-17T18:48:05Z,
109.205.211.73,ipv4,malicious-ip,medium,WHITE,ziyadnz/hourly-ipv4,ziyadnz|hourly,2026-08-17T18:48:05Z,2026-08-17T18:48:05Z,
109.205.211.91,ipv4,malicious-ip,medium,WHITE,ziyadnz/hourly-ipv4,ziyadnz|hourly,2026-08-17T18:48:05Z,2026-08-17T18:48:05Z,
109.205.213.203,ipv4,malicious-ip,medium,WHITE,ziyadnz/hourly-ipv4,ziyadnz|hourly,2026-08-17T18:48:05Z,2026-08-17T18:48:05Z,
109.205.214.111,ipv4,malicious-ip,medium,WHITE,ziyadnz/hourly-ipv4,ziyadnz|hourly,2026-08-17T18:48:05Z,2026-08-17T18:48:05Z,
109.205.214.114,ipv4,malicious-ip,medium,WHITE,ziyadnz/hourly-ipv4,ziyadnz|hourly,2026-08-17T18:48:05Z,2026-08-17T18:48:05Z,
109.205.214.35,ipv4,malicious-ip,medium,WHITE,ziyadnz/hourly-ipv4,ziyadnz|hourly,2026-08-17T18:48:05Z,2026-08-17T18:48:05Z,
109.206.103.93,ipv4,malicious-ip,medium,WHITE,ziyadnz/hourly-ipv4,ziyadnz|hourly,2026-08-17T18:48:05Z,2026-08-17T18:48:05Z,
109.206.111.94,ipv4,malicious-ip,medium,WHITE,ziyadnz/hourly-ipv4,ziyadnz|hourly,2026-08-17T18:48:05Z,2026-08-17T18:48:05Z,
109.206.132.44,ipv4,malicious-ip,medium,WHITE,ziyadnz/hourly-ipv4,ziyadnz|hourly,2026-08-17T18:48:05Z,2026-08-17T18:48:05Z,
109.206.236.209,ipv4,malicious-ip,medium,WHITE,ziyadnz/hourly-ipv4,ziyadnz|hourly,2026-08-17T18:48:05Z,2026-08-17T18:48:05Z,
109.206.240.67,ipv4,malicious-ip,medium,WHITE,ziyadnz/hourly-ipv4,ziyadnz|hourly,2026-08-17T18:48:05Z,2026-08-17T18:48:05Z,
109.206.241.129,ipv4,malicious-ip,medium,WHITE,ziyadnz/hourly-ipv4,ziyadnz|hourly,2026-08-17T18:48:05Z,2026-08-17T18:48:05Z,
109.206.241.199,ipv4,malicious-ip,medium,WHITE,ziyadnz/hourly-ipv4,ziyadnz|hourly,2026-08-17T18:48:05Z,2026-08-17T18:48:05Z,
109.206.241.33,ipv4,malicious-ip,medium,WHITE,ziyadnz/hourly-ipv4,ziyadnz|hourly,2026-08-17T18:48:05Z,2026-08-17T18:48:05Z,
109.206.243.207,ipv4,malicious-ip,medium,WHITE,ziyadnz/hourly-ipv4,ziyadnz|hourly,2026-08-17T18:48:05Z,2026-08-17T18:48:05Z,
109.206.97.117,ipv4,malicious-ip,medium,WHITE,ziyadnz/hourly-ipv4,ziyadnz|hourly,2026-08-17T18:48:05Z,2026-08-17T18:48:05Z,
109.206.97.131,ipv4,malicious-ip,medium,WHITE,ziyadnz/hourly-ipv4,ziyadnz|hourly,2026-08-17T18:48:05Z,2026-08-17T18:48:05Z,
109.206.98.125,ipv4,malicious-ip,medium,WHITE,ziyadnz/hourly-ipv4,ziyadnz|hourly,2026-08-17T18:48:05Z,2026-08-17T18:48:05Z,
109.206.98.134,ipv4,malicious-ip,medium,WHITE,ziyadnz/hourly-ipv4,ziyadnz|hourly,2026-08-17T18:48:05Z,2026-08-17T18:48:05Z,
109.207.155.110,ipv4,malicious-ip,medium,WHITE,ziyadnz/hourly-ipv4,ziyadnz|hourly,2026-08-17T18:48:05Z,2026-08-17T18:48:05Z,
109.207.171.226,ipv4,malicious-ip,medium,WHITE,ziyadnz/hourly-ipv4,ziyadnz|hourly,2026-08-17T18:48:05Z,2026-08-17T18:48:05Z,
109.207.174.234,ipv4,malicious-ip,medium,WHITE,ziyadnz/hourly-ipv4,ziyadnz|hourly,2026-08-17T18:48:05Z,2026-08-17T18:48:05Z,
109.207.200.43,ipv4,malicious-ip,medium,WHITE,ziyadnz/hourly-ipv4,ziyadnz|hourly,2026-08-17T18:48:05Z,2026-08-17T18:48:05Z,
109.207.35.136,ipv4,malicious-ip,medium,WHITE,ziyadnz/hourly-ipv4,ziyadnz|hourly,2026-08-17T18:48:05Z,2026-08-17T18:48:05Z,
109.207.35.144,ipv4,malicious-ip,medium,WHITE,ziyadnz/hourly-ipv4,ziyadnz|hourly,2026-08-17T18:48:05Z,2026-08-17T18:48:05Z,
109.207.35.203,ipv4,malicious-ip,medium,WHITE,ziyadnz/hourly-ipv4,ziyadnz|hourly,2026-08-17T18:48:05Z,2026-08-17T18:48:05Z,
109.207.41.0,ipv4,malicious-ip,medium,WHITE,ziyadnz/hourly-ipv4,ziyadnz|hourly,2026-08-17T18:48:05Z,2026-08-17T18:48:05Z,
109.207.41.194,ipv4,malicious-ip,medium,WHITE,ziyadnz/hourly-ipv4,ziyadnz|hourly,2026-08-17T18:48:05Z,2026-08-17T18:48:05Z,
109.207.41.204,ipv4,malicious-ip,medium,WHITE,ziyadnz/hourly-ipv4,ziyadnz|hourly,2026-08-17T18:48:05Z,2026-08-17T18:48:05Z,
109.207.41.219,ipv4,malicious-ip,medium,WHITE,ziyadnz/hourly-ipv4,ziyadnz|hourly,2026-08-17T18:48:05Z,2026-08-17T18:48:05Z,
109.207.43.59,ipv4,malicious-ip,medium,WHITE,ziyadnz/hourly-ipv4,ziyadnz|hourly,2026-08-17T18:48:05Z,2026-08-17T18:48:05Z,
109.207.45.30,ipv4,malicious-ip,medium,WHITE,ziyadnz/hourly-ipv4,ziyadnz|hourly,2026-08-17T18:48:05Z,2026-08-17T18:48:05Z,
109.207.76.25,ipv4,malicious-ip,medium,WHITE,ziyadnz/hourly-ipv4,ziyadnz|hourly,2026-08-17T18:48:05Z,2026-08-17T18:48:05Z,
109.207.88.47,ipv4,malicious-ip,medium,WHITE,ziyadnz/hourly-ipv4,ziyadnz|hourly,2026-08-17T18:48:05Z,2026-08-17T18:48:05Z,
109.208.205.79,ipv4,malicious-ip,medium,WHITE,ziyadnz/hourly-ipv4,ziyadnz|hourly,2026-08-17T18:48:05Z,2026-08-17T18:48:05Z,
109.222.104.175,ipv4,malicious-ip,medium,WHITE,ziyadnz/hourly-ipv4,ziyadnz|hourly,2026-08-17T18:48:05Z,2026-08-17T18:48:05Z,
109.222.26.159,ipv4,malicious-ip,medium,WHITE,ziyadnz/hourly-ipv4,ziyadnz|hourly,2026-08-17T18:48:05Z,2026-08-17T18:48:05Z,
109.224.17.86,ipv4,malicious-ip,medium,WHITE,ziyadnz/hourly-ipv4,ziyadnz|hourly,2026-08-17T18:48:05Z,2026-08-17T18:48:05Z,
109.224.242.10,ipv4,malicious-ip,medium,WHITE,ziyadnz/hourly-ipv4,ziyadnz|hourly,2026-08-17T18:48:05Z,2026-08-17T18:48:05Z,
109.225.42.150,ipv4,malicious-ip,medium,WHITE,ziyadnz/hourly-ipv4,ziyadnz|hourly,2026-08-17T18:48:05Z,2026-08-17T18:48:05Z,
109.226.15.135,ipv4,malicious-ip,medium,WHITE,ziyadnz/hourly-ipv4,ziyadnz|hourly,2026-08-17T18:48:05Z,2026-08-17T18:48:05Z,
109.226.17.247,ipv4,malicious-ip,medium,WHITE,ziyadnz/hourly-ipv4,ziyadnz|hourly,2026-08-17T18:48:05Z,2026-08-17T18:48:05Z,
109.226.203.246,ipv4,malicious-ip,medium,WHITE,ziyadnz/hourly-ipv4,ziyadnz|hourly,2026-08-17T18:48:05Z,2026-08-17T18:48:05Z,
109.226.44.217,ipv4,malicious-ip,medium,WHITE,ziyadnz/hourly-ipv4,ziyadnz|hourly,2026-08-17T18:48:05Z,2026-08-17T18:48:05Z,
109.227.96.178,ipv4,malicious-ip,medium,WHITE,ziyadnz/hourly-ipv4,ziyadnz|hourly,2026-08-17T18:48:05Z,2026-08-17T18:48:05Z,
109.228.118.130,ipv4,malicious-ip,medium,WHITE,ziyadnz/hourly-ipv4,ziyadnz|hourly,2026-08-17T18:48:05Z,2026-08-17T18:48:05Z,
109.228.160.190,ipv4,malicious-ip,medium,WHITE,ziyadnz/hourly-ipv4,ziyadnz|hourly,2026-08-17T18:48:05Z,2026-08-17T18:48:05Z,
109.230.154.162,ipv4,malicious-ip,medium,WHITE,ziyadnz/hourly-ipv4,ziyadnz|hourly,2026-08-17T18:48:05Z,2026-08-17T18:48:05Z,
109.230.199.181,ipv4,malicious-ip,medium,WHITE,ziyadnz/hourly-ipv4,ziyadnz|hourly,2026-08-17T18:48:05Z,2026-08-17T18:48:05Z,
109.230.72.162,ipv4,malicious-ip,medium,WHITE,ziyadnz/hourly-ipv4,ziyadnz|hourly,2026-08-17T18:48:05Z,2026-08-17T18:48:05Z,
109.230.92.34,ipv4,malicious-ip,medium,WHITE,ziyadnz/hourly-ipv4,ziyadnz|hourly,2026-08-17T18:48:05Z,2026-08-17T18:48:05Z,
109.231.58.172,ipv4,malicious-ip,medium,WHITE,ziyadnz/hourly-ipv4,ziyadnz|hourly,2026-08-17T18:48:05Z,2026-08-17T18:48:05Z,
109.234.156.179,ipv4,malicious-ip,medium,WHITE,ziyadnz/hourly-ipv4,ziyadnz|hourly,2026-08-17T18:48:05Z,2026-08-17T18:48:05Z,
109.234.166.166,ipv4,malicious-ip,medium,WHITE,ziyadnz/hourly-ipv4,ziyadnz|hourly,2026-08-17T18:48:05Z,2026-08-17T18:48:05Z,
109.234.38.69,ipv4,malicious-ip,medium,WHITE,ziyadnz/hourly-ipv4,ziyadnz|hourly,2026-08-17T18:48:05Z,2026-08-17T18:48:05Z,
109.235.118.157,ipv4,malicious-ip,medium,WHITE,ziyadnz/hourly-ipv4,ziyadnz|hourly,2026-08-17T18:48:05Z,2026-08-17T18:48:05Z,
109.235.64.32,ipv4,malicious-ip,medium,WHITE,ziyadnz/hourly-ipv4,ziyadnz|hourly,2026-08-17T18:48:05Z,2026-08-17T18:48:05Z,
109.235.7.1,ipv4,malicious-ip,medium,WHITE,ziyadnz/hourly-ipv4,ziyadnz|hourly,2026-08-17T18:48:05Z,2026-08-17T18:48:05Z,
109.236.45.25,ipv4,malicious-ip,medium,WHITE,ziyadnz/hourly-ipv4,ziyadnz|hourly,2026-08-17T18:48:05Z,2026-08-17T18:48:05Z,
109.236.45.26,ipv4,malicious-ip,medium,WHITE,ziyadnz/hourly-ipv4,ziyadnz|hourly,2026-08-17T18:48:05Z,2026-08-17T18:48:05Z,
109.236.45.28,ipv4,malicious-ip,medium,WHITE,ziyadnz/hourly-ipv4,ziyadnz|hourly,2026-08-17T18:48:05Z,2026-08-17T18:48:05Z,
109.236.46.244,ipv4,malicious-ip,medium,WHITE,ziyadnz/hourly-ipv4,ziyadnz|hourly,2026-08-17T18:48:05Z,2026-08-17T18:48:05Z,
109.236.46.246,ipv4,malicious-ip,medium,WHITE,ziyadnz/hourly-ipv4,ziyadnz|hourly,2026-08-17T18:48:05Z,2026-08-17T18:48:05Z,
109.236.46.251,ipv4,malicious-ip,medium,WHITE,ziyadnz/hourly-ipv4,ziyadnz|hourly,2026-08-17T18:48:05Z,2026-08-17T18:48:05Z,
109.236.81.104,ipv4,malicious-ip,medium,WHITE,ziyadnz/hourly-ipv4,ziyadnz|hourly,2026-08-17T18:48:05Z,2026-08-17T18:48:05Z,
109.236.85.145,ipv4,malicious-ip,medium,WHITE,ziyadnz/hourly-ipv4,ziyadnz|hourly,2026-08-17T18:48:05Z,2026-08-17T18:48:05Z,
109.236.88.134,ipv4,malicious-ip,medium,WHITE,ziyadnz/hourly-ipv4,ziyadnz|hourly,2026-08-17T18:48:05Z,2026-08-17T18:48:05Z,
109.237.195.196,ipv4,malicious-ip,medium,WHITE,ziyadnz/hourly-ipv4,ziyadnz|hourly,2026-08-17T18:48:05Z,2026-08-17T18:48:05Z,
109.237.233.193,ipv4,malicious-ip,medium,WHITE,ziyadnz/hourly-ipv4,ziyadnz|hourly,2026-08-17T18:48:05Z,2026-08-17T18:48:05Z,
109.237.27.11,ipv4,malicious-ip,medium,WHITE,ziyadnz/hourly-ipv4,ziyadnz|hourly,2026-08-17T18:48:05Z,2026-08-17T18:48:05Z,
109.237.96.124,ipv4,malicious-ip,medium,WHITE,ziyadnz/hourly-ipv4,ziyadnz|hourly,2026-08-17T18:48:05Z,2026-08-17T18:48:05Z,
109.237.96.251,ipv4,malicious-ip,medium,WHITE,ziyadnz/hourly-ipv4,ziyadnz|hourly,2026-08-17T18:48:05Z,2026-08-17T18:48:05Z,
109.237.99.23,ipv4,malicious-ip,medium,WHITE,ziyadnz/hourly-ipv4,ziyadnz|hourly,2026-08-17T18:48:05Z,2026-08-17T18:48:05Z,
109.238.140.87,ipv4,malicious-ip,medium,WHITE,ziyadnz/hourly-ipv4,ziyadnz|hourly,2026-08-17T18:48:05Z,2026-08-17T18:48:05Z,
109.241.176.46,ipv4,malicious-ip,medium,WHITE,ziyadnz/hourly-ipv4,ziyadnz|hourly,2026-08-17T18:48:05Z,2026-08-17T18:48:05Z,
109.242.119.70,ipv4,malicious-ip,medium,WHITE,ziyadnz/hourly-ipv4,ziyadnz|hourly,2026-08-17T18:48:05Z,2026-08-17T18:48:05Z,
109.242.49.109,ipv4,malicious-ip,medium,WHITE,ziyadnz/hourly-ipv4,ziyadnz|hourly,2026-08-17T18:48:05Z,2026-08-17T18:48:05Z,
109.243.146.23,ipv4,malicious-ip,medium,WHITE,ziyadnz/hourly-ipv4,ziyadnz|hourly,2026-08-17T18:48:05Z,2026-08-17T18:48:05Z,
109.244.159.27,ipv4,malicious-ip,medium,WHITE,ziyadnz/hourly-ipv4,ziyadnz|hourly,2026-08-17T18:48:05Z,2026-08-17T18:48:05Z,
109.244.63.83,ipv4,malicious-ip,medium,WHITE,ziyadnz/hourly-ipv4,ziyadnz|hourly,2026-08-17T18:48:05Z,2026-08-17T18:48:05Z,
109.244.69.102,ipv4,malicious-ip,medium,WHITE,ziyadnz/hourly-ipv4,ziyadnz|hourly,2026-08-17T18:48:05Z,2026-08-17T18:48:05Z,
109.244.96.105,ipv4,malicious-ip,medium,WHITE,ziyadnz/hourly-ipv4,ziyadnz|hourly,2026-08-17T18:48:05Z,2026-08-17T18:48:05Z,
109.244.96.120,ipv4,malicious-ip,medium,WHITE,ziyadnz/hourly-ipv4,ziyadnz|hourly,2026-08-17T18:48:05Z,2026-08-17T18:48:05Z,
109.245.105.22,ipv4,malicious-ip,medium,WHITE,ziyadnz/hourly-ipv4,ziyadnz|hourly,2026-08-17T18:48:05Z,2026-08-17T18:48:05Z,
109.245.111.66,ipv4,malicious-ip,medium,WHITE,ziyadnz/hourly-ipv4,ziyadnz|hourly,2026-08-17T18:48:05Z,2026-08-17T18:48:05Z,
109.245.135.34,ipv4,malicious-ip,medium,WHITE,ziyadnz/hourly-ipv4,ziyadnz|hourly,2026-08-17T18:48:05Z,2026-08-17T18:48:05Z,
109.245.145.195,ipv4,malicious-ip,medium,WHITE,ziyadnz/hourly-ipv4,ziyadnz|hourly,2026-08-17T18:48:05Z,2026-08-17T18:48:05Z,
109.245.33.170,ipv4,malicious-ip,medium,WHITE,ziyadnz/hourly-ipv4,ziyadnz|hourly,2026-08-17T18:48:05Z,2026-08-17T18:48:05Z,
109.245.36.196,ipv4,malicious-ip,medium,WHITE,ziyadnz/hourly-ipv4,ziyadnz|hourly,2026-08-17T18:48:05Z,2026-08-17T18:48:05Z,
109.247.190.45,ipv4,malicious-ip,medium,WHITE,ziyadnz/hourly-ipv4,ziyadnz|hourly,2026-08-17T18:48:05Z,2026-08-17T18:48:05Z,
109.248.118.157,ipv4,malicious-ip,medium,WHITE,ziyadnz/hourly-ipv4,ziyadnz|hourly,2026-08-17T18:48:05Z,2026-08-17T18:48:05Z,
109.248.132.194,ipv4,malicious-ip,medium,WHITE,ziyadnz/hourly-ipv4,ziyadnz|hourly,2026-08-17T18:48:05Z,2026-08-17T18:48:05Z,
109.248.144.175,ipv4,malicious-ip,medium,WHITE,ziyadnz/hourly-ipv4,ziyadnz|hourly,2026-08-17T18:48:05Z,2026-08-17T18:48:05Z,
109.248.144.244,ipv4,malicious-ip,medium,WHITE,ziyadnz/hourly-ipv4,ziyadnz|hourly,2026-08-17T18:48:05Z,2026-08-17T18:48:05Z,
109.248.150.13,ipv4,malicious-ip,medium,WHITE,ziyadnz/hourly-ipv4,ziyadnz|hourly,2026-08-17T18:48:05Z,2026-08-17T18:48:05Z,
109.248.150.147,ipv4,malicious-ip,medium,WHITE,ziyadnz/hourly-ipv4,ziyadnz|hourly,2026-08-17T18:48:05Z,2026-08-17T18:48:05Z,
109.248.150.179,ipv4,malicious-ip,medium,WHITE,ziyadnz/hourly-ipv4,ziyadnz|hourly,2026-08-17T18:48:05Z,2026-08-17T18:48:05Z,
109.248.160.118,ipv4,malicious-ip,medium,WHITE,ziyadnz/hourly-ipv4,ziyadnz|hourly,2026-08-17T18:48:05Z,2026-08-17T18:48:05Z,
109.248.161.103,ipv4,malicious-ip,medium,WHITE,ziyadnz/hourly-ipv4,ziyadnz|hourly,2026-08-17T18:48:05Z,2026-08-17T18:48:05Z,
109.248.170.188,ipv4,malicious-ip,medium,WHITE,ziyadnz/hourly-ipv4,ziyadnz|hourly,2026-08-17T18:48:05Z,2026-08-17T18:48:05Z,
109.248.206.101,ipv4,malicious-ip,medium,WHITE,ziyadnz/hourly-ipv4,ziyadnz|hourly,2026-08-17T18:48:05Z,2026-08-17T18:48:05Z,
109.248.206.118,ipv4,malicious-ip,medium,WHITE,ziyadnz/hourly-ipv4,ziyadnz|hourly,2026-08-17T18:48:05Z,2026-08-17T18:48:05Z,
109.248.206.196,ipv4,malicious-ip,medium,WHITE,ziyadnz/hourly-ipv4,ziyadnz|hourly,2026-08-17T18:48:05Z,2026-08-17T18:48:05Z,
109.248.206.49,ipv4,malicious-ip,medium,WHITE,ziyadnz/hourly-ipv4,ziyadnz|hourly,2026-08-17T18:48:05Z,2026-08-17T18:48:05Z,
109.248.206.83,ipv4,malicious-ip,medium,WHITE,ziyadnz/hourly-ipv4,ziyadnz|hourly,2026-08-17T18:48:05Z,2026-08-17T18:48:05Z,
109.248.24.177,ipv4,malicious-ip,medium,WHITE,ziyadnz/hourly-ipv4,ziyadnz|hourly,2026-08-17T18:48:05Z,2026-08-17T18:48:05Z,
109.248.253.238,ipv4,malicious-ip,medium,WHITE,ziyadnz/hourly-ipv4,ziyadnz|hourly,2026-08-17T18:48:05Z,2026-08-17T18:48:05Z,
109.248.42.103,ipv4,malicious-ip,medium,WHITE,ziyadnz/hourly-ipv4,ziyadnz|hourly,2026-08-17T18:48:05Z,2026-08-17T18:48:05Z,
109.252.248.186,ipv4,malicious-ip,medium,WHITE,ziyadnz/hourly-ipv4,ziyadnz|hourly,2026-08-17T18:48:05Z,2026-08-17T18:48:05Z,
109.254.191.87,ipv4,malicious-ip,medium,WHITE,ziyadnz/hourly-ipv4,ziyadnz|hourly,2026-08-17T18:48:05Z,2026-08-17T18:48:05Z,
109.254.254.100,ipv4,malicious-ip,medium,WHITE,ziyadnz/hourly-ipv4,ziyadnz|hourly,2026-08-17T18:48:05Z,2026-08-17T18:48:05Z,
109.254.254.34,ipv4,malicious-ip,medium,WHITE,ziyadnz/hourly-ipv4,ziyadnz|hourly,2026-08-17T18:48:05Z,2026-08-17T18:48:05Z,
109.255.132.84,ipv4,malicious-ip,medium,WHITE,ziyadnz/hourly-ipv4,ziyadnz|hourly,2026-08-17T18:48:05Z,2026-08-17T18:48:05Z,
109.255.186.212,ipv4,malicious-ip,medium,WHITE,ziyadnz/hourly-ipv4,ziyadnz|hourly,2026-08-17T18:48:05Z,2026-08-17T18:48:05Z,
109.49.23.192,ipv4,malicious-ip,medium,WHITE,ziyadnz/hourly-ipv4,ziyadnz|hourly,2026-08-17T18:48:05Z,2026-08-17T18:48:05Z,
109.49.23.22,ipv4,malicious-ip,medium,WHITE,ziyadnz/hourly-ipv4,ziyadnz|hourly,2026-08-17T18:48:05Z,2026-08-17T18:48:05Z,
109.49.237.165,ipv4,malicious-ip,medium,WHITE,ziyadnz/hourly-ipv4,ziyadnz|hourly,2026-08-17T18:48:05Z,2026-08-17T18:48:05Z,
109.49.6.114,ipv4,malicious-ip,medium,WHITE,ziyadnz/hourly-ipv4,ziyadnz|hourly,2026-08-17T18:48:05Z,2026-08-17T18:48:05Z,
109.50.158.25,ipv4,malicious-ip,medium,WHITE,ziyadnz/hourly-ipv4,ziyadnz|hourly,2026-08-17T18:48:05Z,2026-08-17T18:48:05Z,
109.50.185.153,ipv4,malicious-ip,medium,WHITE,ziyadnz/hourly-ipv4,ziyadnz|hourly,2026-08-17T18:48:05Z,2026-08-17T18:48:05Z,
109.51.111.237,ipv4,malicious-ip,medium,WHITE,ziyadnz/hourly-ipv4,ziyadnz|hourly,2026-08-17T18:48:05Z,2026-08-17T18:48:05Z,
109.51.43.28,ipv4,malicious-ip,medium,WHITE,ziyadnz/hourly-ipv4,ziyadnz|hourly,2026-08-17T18:48:05Z,2026-08-17T18:48:05Z,
109.57.105.130,ipv4,malicious-ip,medium,WHITE,ziyadnz/hourly-ipv4,ziyadnz|hourly,2026-08-17T18:48:05Z,2026-08-17T18:48:05Z,
109.59.97.92,ipv4,malicious-ip,medium,WHITE,ziyadnz/hourly-ipv4,ziyadnz|hourly,2026-08-17T18:48:05Z,2026-08-17T18:48:05Z,
109.60.101.24,ipv4,malicious-ip,medium,WHITE,ziyadnz/hourly-ipv4,ziyadnz|hourly,2026-08-17T18:48:05Z,2026-08-17T18:48:05Z,
109.61.70.51,ipv4,malicious-ip,medium,WHITE,ziyadnz/hourly-ipv4,ziyadnz|hourly,2026-08-17T18:48:05Z,2026-08-17T18:48:05Z,
109.63.128.10,ipv4,malicious-ip,medium,WHITE,ziyadnz/hourly-ipv4,ziyadnz|hourly,2026-08-17T18:48:05Z,2026-08-17T18:48:05Z,
109.63.130.95,ipv4,malicious-ip,medium,WHITE,ziyadnz/hourly-ipv4,ziyadnz|hourly,2026-08-17T18:48:05Z,2026-08-17T18:48:05Z,
109.63.146.109,ipv4,malicious-ip,medium,WHITE,ziyadnz/hourly-ipv4,ziyadnz|hourly,2026-08-17T18:48:05Z,2026-08-17T18:48:05Z,
109.63.157.112,ipv4,malicious-ip,medium,WHITE,ziyadnz/hourly-ipv4,ziyadnz|hourly,2026-08-17T18:48:05Z,2026-08-17T18:48:05Z,
109.63.164.97,ipv4,malicious-ip,medium,WHITE,ziyadnz/hourly-ipv4,ziyadnz|hourly,2026-08-17T18:48:05Z,2026-08-17T18:48:05Z,
109.63.183.179,ipv4,malicious-ip,medium,WHITE,ziyadnz/hourly-ipv4,ziyadnz|hourly,2026-08-17T18:48:05Z,2026-08-17T18:48:05Z,
109.63.187.235,ipv4,malicious-ip,medium,WHITE,ziyadnz/hourly-ipv4,ziyadnz|hourly,2026-08-17T18:48:05Z,2026-08-17T18:48:05Z,
109.63.3.42,ipv4,malicious-ip,medium,WHITE,ziyadnz/hourly-ipv4,ziyadnz|hourly,2026-08-17T18:48:05Z,2026-08-17T18:48:05Z,
109.67.164.165,ipv4,malicious-ip,medium,WHITE,ziyadnz/hourly-ipv4,ziyadnz|hourly,2026-08-17T18:48:05Z,2026-08-17T18:48:05Z,
109.69.0.203,ipv4,malicious-ip,medium,WHITE,ziyadnz/hourly-ipv4,ziyadnz|hourly,2026-08-17T18:48:05Z,2026-08-17T18:48:05Z,
109.69.21.91,ipv4,malicious-ip,medium,WHITE,ziyadnz/hourly-ipv4,ziyadnz|hourly,2026-08-17T18:48:05Z,2026-08-17T18:48:05Z,
109.69.4.193,ipv4,malicious-ip,medium,WHITE,ziyadnz/hourly-ipv4,ziyadnz|hourly,2026-08-17T18:48:05Z,2026-08-17T18:48:05Z,
109.69.52.135,ipv4,malicious-ip,medium,WHITE,ziyadnz/hourly-ipv4,ziyadnz|hourly,2026-08-17T18:48:05Z,2026-08-17T18:48:05Z,
109.69.67.17,ipv4,malicious-ip,medium,WHITE,ziyadnz/hourly-ipv4,ziyadnz|hourly,2026-08-17T18:48:05Z,2026-08-17T18:48:05Z,
109.70.100.0,ipv4,malicious-ip,medium,WHITE,ziyadnz/hourly-ipv4,ziyadnz|hourly,2026-08-17T18:48:05Z,2026-08-17T18:48:05Z,
109.70.100.1,ipv4,malicious-ip,medium,WHITE,ziyadnz/hourly-ipv4,ziyadnz|hourly,2026-08-17T18:48:05Z,2026-08-17T18:48:05Z,
109.70.100.10,ipv4,malicious-ip,medium,WHITE,ziyadnz/hourly-ipv4,ziyadnz|hourly,2026-08-17T18:48:05Z,2026-08-17T18:48:05Z,
109.70.100.11,ipv4,malicious-ip,medium,WHITE,ziyadnz/hourly-ipv4,ziyadnz|hourly,2026-08-17T18:48:05Z,2026-08-17T18:48:05Z,
109.70.100.12,ipv4,malicious-ip,medium,WHITE,ziyadnz/hourly-ipv4,ziyadnz|hourly,2026-08-17T18:48:05Z,2026-08-17T18:48:05Z,
109.70.100.13,ipv4,malicious-ip,medium,WHITE,ziyadnz/hourly-ipv4,ziyadnz|hourly,2026-08-17T18:48:05Z,2026-08-17T18:48:05Z,
109.70.100.14,ipv4,malicious-ip,medium,WHITE,ziyadnz/hourly-ipv4,ziyadnz|hourly,2026-08-17T18:48:05Z,2026-08-17T18:48:05Z,
109.70.100.15,ipv4,malicious-ip,medium,WHITE,ziyadnz/hourly-ipv4,ziyadnz|hourly,2026-08-17T18:48:05Z,2026-08-17T18:48:05Z,
109.70.100.2,ipv4,malicious-ip,medium,WHITE,ziyadnz/hourly-ipv4,ziyadnz|hourly,2026-08-17T18:48:05Z,2026-08-17T18:48:05Z,
109.70.100.3,ipv4,malicious-ip,medium,WHITE,ziyadnz/hourly-ipv4,ziyadnz|hourly,2026-08-17T18:48:05Z,2026-08-17T18:48:05Z,
109.70.100.4,ipv4,malicious-ip,medium,WHITE,ziyadnz/hourly-ipv4,ziyadnz|hourly,2026-08-17T18:48:05Z,2026-08-17T18:48:05Z,
109.70.100.5,ipv4,malicious-ip,medium,WHITE,ziyadnz/hourly-ipv4,ziyadnz|hourly,2026-08-17T18:48:05Z,2026-08-17T18:48:05Z,
109.70.100.6,ipv4,malicious-ip,medium,WHITE,ziyadnz/hourly-ipv4,ziyadnz|hourly,2026-08-17T18:48:05Z,2026-08-17T18:48:05Z,
109.70.100.7,ipv4,malicious-ip,medium,WHITE,ziyadnz/hourly-ipv4,ziyadnz|hourly,2026-08-17T18:48:05Z,2026-08-17T18:48:05Z,
109.70.100.8,ipv4,malicious-ip,medium,WHITE,ziyadnz/hourly-ipv4,ziyadnz|hourly,2026-08-17T18:48:05Z,2026-08-17T18:48:05Z,
109.70.100.9,ipv4,malicious-ip,medium,WHITE,ziyadnz/hourly-ipv4,ziyadnz|hourly,2026-08-17T18:48:05Z,2026-08-17T18:48:05Z,
109.70.184.201,ipv4,malicious-ip,medium,WHITE,ziyadnz/hourly-ipv4,ziyadnz|hourly,2026-08-17T18:48:05Z,2026-08-17T18:48:05Z,
109.70.26.37,ipv4,malicious-ip,medium,WHITE,ziyadnz/hourly-ipv4,ziyadnz|hourly,2026-08-17T18:48:05Z,2026-08-17T18:48:05Z,
109.71.176.221,ipv4,malicious-ip,medium,WHITE,ziyadnz/hourly-ipv4,ziyadnz|hourly,2026-08-17T18:48:05Z,2026-08-17T18:48:05Z,
109.71.177.143,ipv4,malicious-ip,medium,WHITE,ziyadnz/hourly-ipv4,ziyadnz|hourly,2026-08-17T18:48:05Z,2026-08-17T18:48:05Z,
109.71.247.168,ipv4,malicious-ip,medium,WHITE,ziyadnz/hourly-ipv4,ziyadnz|hourly,2026-08-17T18:48:05Z,2026-08-17T18:48:05Z,
109.71.252.182,ipv4,malicious-ip,medium,WHITE,ziyadnz/hourly-ipv4,ziyadnz|hourly,2026-08-17T18:48:05Z,2026-08-17T18:48:05Z,
109.71.252.23,ipv4,malicious-ip,medium,WHITE,ziyadnz/hourly-ipv4,ziyadnz|hourly,2026-08-17T18:48:05Z,2026-08-17T18:48:05Z,
109.71.252.88,ipv4,malicious-ip,medium,WHITE,ziyadnz/hourly-ipv4,ziyadnz|hourly,2026-08-17T18:48:05Z,2026-08-17T18:48:05Z,
109.71.252.97,ipv4,malicious-ip,medium,WHITE,ziyadnz/hourly-ipv4,ziyadnz|hourly,2026-08-17T18:48:05Z,2026-08-17T18:48:05Z,
109.71.45.60,ipv4,malicious-ip,medium,WHITE,ziyadnz/hourly-ipv4,ziyadnz|hourly,2026-08-17T18:48:05Z,2026-08-17T18:48:05Z,
109.72.12.203,ipv4,malicious-ip,medium,WHITE,ziyadnz/hourly-ipv4,ziyadnz|hourly,2026-08-17T18:48:05Z,2026-08-17T18:48:05Z,
109.72.12.37,ipv4,malicious-ip,medium,WHITE,ziyadnz/hourly-ipv4,ziyadnz|hourly,2026-08-17T18:48:05Z,2026-08-17T18:48:05Z,
109.72.12.68,ipv4,malicious-ip,medium,WHITE,ziyadnz/hourly-ipv4,ziyadnz|hourly,2026-08-17T18:48:05Z,2026-08-17T18:48:05Z,
109.72.231.189,ipv4,malicious-ip,medium,WHITE,ziyadnz/hourly-ipv4,ziyadnz|hourly,2026-08-17T18:48:05Z,2026-08-17T18:48:05Z,
109.72.235.191,ipv4,malicious-ip,medium,WHITE,ziyadnz/hourly-ipv4,ziyadnz|hourly,2026-08-17T18:48:05Z,2026-08-17T18:48:05Z,
109.72.235.253,ipv4,malicious-ip,medium,WHITE,ziyadnz/hourly-ipv4,ziyadnz|hourly,2026-08-17T18:48:05Z,2026-08-17T18:48:05Z,
109.72.242.186,ipv4,malicious-ip,medium,WHITE,ziyadnz/hourly-ipv4,ziyadnz|hourly,2026-08-17T18:48:05Z,2026-08-17T18:48:05Z,
109.72.48.228,ipv4,malicious-ip,medium,WHITE,ziyadnz/hourly-ipv4,ziyadnz|hourly,2026-08-17T18:48:05Z,2026-08-17T18:48:05Z,
109.72.84.10,ipv4,malicious-ip,medium,WHITE,ziyadnz/hourly-ipv4,ziyadnz|hourly,2026-08-17T18:48:05Z,2026-08-17T18:48:05Z,
109.72.84.23,ipv4,malicious-ip,medium,WHITE,ziyadnz/hourly-ipv4,ziyadnz|hourly,2026-08-17T18:48:05Z,2026-08-17T18:48:05Z,
109.73.201.40,ipv4,malicious-ip,medium,WHITE,ziyadnz/hourly-ipv4,ziyadnz|hourly,2026-08-17T18:48:05Z,2026-08-17T18:48:05Z,
109.74.69.36,ipv4,malicious-ip,medium,WHITE,ziyadnz/hourly-ipv4,ziyadnz|hourly,2026-08-17T18:48:05Z,2026-08-17T18:48:05Z,
109.74.74.222,ipv4,malicious-ip,medium,WHITE,ziyadnz/hourly-ipv4,ziyadnz|hourly,2026-08-17T18:48:05Z,2026-08-17T18:48:05Z,
109.75.117.14,ipv4,malicious-ip,medium,WHITE,ziyadnz/hourly-ipv4,ziyadnz|hourly,2026-08-17T18:48:05Z,2026-08-17T18:48:05Z,
109.75.164.236,ipv4,malicious-ip,medium,WHITE,ziyadnz/hourly-ipv4,ziyadnz|hourly,2026-08-17T18:48:05Z,2026-08-17T18:48:05Z,
109.75.37.137,ipv4,malicious-ip,medium,WHITE,ziyadnz/hourly-ipv4,ziyadnz|hourly,2026-08-17T18:48:05Z,2026-08-17T18:48:05Z,
109.75.47.10,ipv4,malicious-ip,medium,WHITE,ziyadnz/hourly-ipv4,ziyadnz|hourly,2026-08-17T18:48:05Z,2026-08-17T18:48:05Z,
109.75.50.17,ipv4,malicious-ip,medium,WHITE,ziyadnz/hourly-ipv4,ziyadnz|hourly,2026-08-17T18:48:05Z,2026-08-17T18:48:05Z,
109.76.114.245,ipv4,malicious-ip,medium,WHITE,ziyadnz/hourly-ipv4,ziyadnz|hourly,2026-08-17T18:48:05Z,2026-08-17T18:48:05Z,
109.76.227.4,ipv4,malicious-ip,medium,WHITE,ziyadnz/hourly-ipv4,ziyadnz|hourly,2026-08-17T18:48:05Z,2026-08-17T18:48:05Z,
109.76.67.173,ipv4,malicious-ip,medium,WHITE,ziyadnz/hourly-ipv4,ziyadnz|hourly,2026-08-17T18:48:05Z,2026-08-17T18:48:05Z,
109.77.240.154,ipv4,malicious-ip,medium,WHITE,ziyadnz/hourly-ipv4,ziyadnz|hourly,2026-08-17T18:48:05Z,2026-08-17T18:48:05Z,
109.81.115.0,ipv4,malicious-ip,medium,WHITE,ziyadnz/hourly-ipv4,ziyadnz|hourly,2026-08-17T18:48:05Z,2026-08-17T18:48:05Z,
109.81.115.1,ipv4,malicious-ip,medium,WHITE,ziyadnz/hourly-ipv4,ziyadnz|hourly,2026-08-17T18:48:05Z,2026-08-17T18:48:05Z,
109.81.115.11,ipv4,malicious-ip,medium,WHITE,ziyadnz/hourly-ipv4,ziyadnz|hourly,2026-08-17T18:48:05Z,2026-08-17T18:48:05Z,
109.81.115.137,ipv4,malicious-ip,medium,WHITE,ziyadnz/hourly-ipv4,ziyadnz|hourly,2026-08-17T18:48:05Z,2026-08-17T18:48:05Z,
109.81.115.32,ipv4,malicious-ip,medium,WHITE,ziyadnz/hourly-ipv4,ziyadnz|hourly,2026-08-17T18:48:05Z,2026-08-17T18:48:05Z,
109.81.115.37,ipv4,malicious-ip,medium,WHITE,ziyadnz/hourly-ipv4,ziyadnz|hourly,2026-08-17T18:48:05Z,2026-08-17T18:48:05Z,
109.81.115.78,ipv4,malicious-ip,medium,WHITE,ziyadnz/hourly-ipv4,ziyadnz|hourly,2026-08-17T18:48:05Z,2026-08-17T18:48:05Z,
109.87.11.141,ipv4,malicious-ip,medium,WHITE,ziyadnz/hourly-ipv4,ziyadnz|hourly,2026-08-17T18:48:05Z,2026-08-17T18:48:05Z,
109.87.145.230,ipv4,malicious-ip,medium,WHITE,ziyadnz/hourly-ipv4,ziyadnz|hourly,2026-08-17T18:48:05Z,2026-08-17T18:48:05Z,
109.87.150.180,ipv4,malicious-ip,medium,WHITE,ziyadnz/hourly-ipv4,ziyadnz|hourly,2026-08-17T18:48:05Z,2026-08-17T18:48:05Z,
109.87.158.4,ipv4,malicious-ip,medium,WHITE,ziyadnz/hourly-ipv4,ziyadnz|hourly,2026-08-17T18:48:05Z,2026-08-17T18:48:05Z,
109.87.158.9,ipv4,malicious-ip,medium,WHITE,ziyadnz/hourly-ipv4,ziyadnz|hourly,2026-08-17T18:48:05Z,2026-08-17T18:48:05Z,
109.87.65.26,ipv4,malicious-ip,medium,WHITE,ziyadnz/hourly-ipv4,ziyadnz|hourly,2026-08-17T18:48:05Z,2026-08-17T18:48:05Z,
109.92.31.249,ipv4,malicious-ip,medium,WHITE,ziyadnz/hourly-ipv4,ziyadnz|hourly,2026-08-17T18:48:05Z,2026-08-17T18:48:05Z,
109.94.172.101,ipv4,malicious-ip,medium,WHITE,ziyadnz/hourly-ipv4,ziyadnz|hourly,2026-08-17T18:48:05Z,2026-08-17T18:48:05Z,
109.94.209.4,ipv4,malicious-ip,medium,WHITE,ziyadnz/hourly-ipv4,ziyadnz|hourly,2026-08-17T18:48:05Z,2026-08-17T18:48:05Z,
109.94.96.211,ipv4,malicious-ip,medium,WHITE,ziyadnz/hourly-ipv4,ziyadnz|hourly,2026-08-17T18:48:05Z,2026-08-17T18:48:05Z,
109.95.151.207,ipv4,malicious-ip,medium,WHITE,ziyadnz/hourly-ipv4,ziyadnz|hourly,2026-08-17T18:48:05Z,2026-08-17T18:48:05Z,
109.95.200.251,ipv4,malicious-ip,medium,WHITE,ziyadnz/hourly-ipv4,ziyadnz|hourly,2026-08-17T18:48:05Z,2026-08-17T18:48:05Z,
109.95.211.121,ipv4,malicious-ip,medium,WHITE,ziyadnz/hourly-ipv4,ziyadnz|hourly,2026-08-17T18:48:05Z,2026-08-17T18:48:05Z,
109.95.35.192,ipv4,malicious-ip,medium,WHITE,ziyadnz/hourly-ipv4,ziyadnz|hourly,2026-08-17T18:48:05Z,2026-08-17T18:48:05Z,
109.98.184.186,ipv4,malicious-ip,medium,WHITE,ziyadnz/hourly-ipv4,ziyadnz|hourly,2026-08-17T18:48:05Z,2026-08-17T18:48:05Z,
11.0.188.38,ipv4,malicious-ip,medium,WHITE,ziyadnz/hourly-ipv4,ziyadnz|hourly,2026-08-17T18:48:05Z,2026-08-17T18:48:05Z,
11.1.1.80,ipv4,malicious-ip,medium,WHITE,ziyadnz/hourly-ipv4,ziyadnz|hourly,2026-08-17T18:48:05Z,2026-08-17T18:48:05Z,
11.195.127.137,ipv4,malicious-ip,medium,WHITE,ziyadnz/hourly-ipv4,ziyadnz|hourly,2026-08-17T18:48:05Z,2026-08-17T18:48:05Z,
110.10.174.68,ipv4,malicious-ip,medium,WHITE,ziyadnz/hourly-ipv4,ziyadnz|hourly,2026-08-17T18:48:05Z,2026-08-17T18:48:05Z,
110.13.169.87,ipv4,malicious-ip,medium,WHITE,ziyadnz/hourly-ipv4,ziyadnz|hourly,2026-08-17T18:48:05Z,2026-08-17T18:48:05Z,
110.136.122.165,ipv4,malicious-ip,medium,WHITE,ziyadnz/hourly-ipv4,ziyadnz|hourly,2026-08-17T18:48:05Z,2026-08-17T18:48:05Z,
110.136.146.134,ipv4,malicious-ip,medium,WHITE,ziyadnz/hourly-ipv4,ziyadnz|hourly,2026-08-17T18:48:05Z,2026-08-17T18:48:05Z,
110.136.57.238,ipv4,malicious-ip,medium,WHITE,ziyadnz/hourly-ipv4,ziyadnz|hourly,2026-08-17T18:48:05Z,2026-08-17T18:48:05Z,
110.137.130.192,ipv4,malicious-ip,medium,WHITE,ziyadnz/hourly-ipv4,ziyadnz|hourly,2026-08-17T18:48:05Z,2026-08-17T18:48:05Z,
110.137.36.153,ipv4,malicious-ip,medium,WHITE,ziyadnz/hourly-ipv4,ziyadnz|hourly,2026-08-17T18:48:05Z,2026-08-17T18:48:05Z,
110.137.38.231,ipv4,malicious-ip,medium,WHITE,ziyadnz/hourly-ipv4,ziyadnz|hourly,2026-08-17T18:48:05Z,2026-08-17T18:48:05Z,
110.138.15.225,ipv4,malicious-ip,medium,WHITE,ziyadnz/hourly-ipv4,ziyadnz|hourly,2026-08-17T18:48:05Z,2026-08-17T18:48:05Z,
110.138.81.254,ipv4,malicious-ip,medium,WHITE,ziyadnz/hourly-ipv4,ziyadnz|hourly,2026-08-17T18:48:05Z,2026-08-17T18:48:05Z,
110.138.89.164,ipv4,malicious-ip,medium,WHITE,ziyadnz/hourly-ipv4,ziyadnz|hourly,2026-08-17T18:48:05Z,2026-08-17T18:48:05Z,
110.139.113.92,ipv4,malicious-ip,medium,WHITE,ziyadnz/hourly-ipv4,ziyadnz|hourly,2026-08-17T18:48:05Z,2026-08-17T18:48:05Z,
110.139.115.188,ipv4,malicious-ip,medium,WHITE,ziyadnz/hourly-ipv4,ziyadnz|hourly,2026-08-17T18:48:05Z,2026-08-17T18:48:05Z,
110.139.29.252,ipv4,malicious-ip,medium,WHITE,ziyadnz/hourly-ipv4,ziyadnz|hourly,2026-08-17T18:48:05Z,2026-08-17T18:48:05Z,
110.139.30.166,ipv4,malicious-ip,medium,WHITE,ziyadnz/hourly-ipv4,ziyadnz|hourly,2026-08-17T18:48:05Z,2026-08-17T18:48:05Z,
110.14.190.217,ipv4,malicious-ip,medium,WHITE,ziyadnz/hourly-ipv4,ziyadnz|hourly,2026-08-17T18:48:05Z,2026-08-17T18:48:05Z,
110.14.190.221,ipv4,malicious-ip,medium,WHITE,ziyadnz/hourly-ipv4,ziyadnz|hourly,2026-08-17T18:48:05Z,2026-08-17T18:48:05Z,
110.152.21.110,ipv4,malicious-ip,medium,WHITE,ziyadnz/hourly-ipv4,ziyadnz|hourly,2026-08-17T18:48:05Z,2026-08-17T18:48:05Z,
110.154.45.85,ipv4,malicious-ip,medium,WHITE,ziyadnz/hourly-ipv4,ziyadnz|hourly,2026-08-17T18:48:05Z,2026-08-17T18:48:05Z,
110.159.149.3,ipv4,malicious-ip,medium,WHITE,ziyadnz/hourly-ipv4,ziyadnz|hourly,2026-08-17T18:48:05Z,2026-08-17T18:48:05Z,
110.159.150.131,ipv4,malicious-ip,medium,WHITE,ziyadnz/hourly-ipv4,ziyadnz|hourly,2026-08-17T18:48:05Z,2026-08-17T18:48:05Z,
110.16.108.122,ipv4,malicious-ip,medium,WHITE,ziyadnz/hourly-ipv4,ziyadnz|hourly,2026-08-17T18:48:05Z,2026-08-17T18:48:05Z,
110.16.112.123,ipv4,malicious-ip,medium,WHITE,ziyadnz/hourly-ipv4,ziyadnz|hourly,2026-08-17T18:48:05Z,2026-08-17T18:48:05Z,
110.164.130.199,ipv4,malicious-ip,medium,WHITE,ziyadnz/hourly-ipv4,ziyadnz|hourly,2026-08-17T18:48:05Z,2026-08-17T18:48:05Z,
110.164.228.242,ipv4,malicious-ip,medium,WHITE,ziyadnz/hourly-ipv4,ziyadnz|hourly,2026-08-17T18:48:05Z,2026-08-17T18:48:05Z,
110.164.64.243,ipv4,malicious-ip,medium,WHITE,ziyadnz/hourly-ipv4,ziyadnz|hourly,2026-08-17T18:48:05Z,2026-08-17T18:48:05Z,
110.165.16.134,ipv4,malicious-ip,medium,WHITE,ziyadnz/hourly-ipv4,ziyadnz|hourly,2026-08-17T18:48:05Z,2026-08-17T18:48:05Z,
110.166.216.162,ipv4,malicious-ip,medium,WHITE,ziyadnz/hourly-ipv4,ziyadnz|hourly,2026-08-17T18:48:05Z,2026-08-17T18:48:05Z,
110.166.66.102,ipv4,malicious-ip,medium,WHITE,ziyadnz/hourly-ipv4,ziyadnz|hourly,2026-08-17T18:48:05Z,2026-08-17T18:48:05Z,
110.166.67.189,ipv4,malicious-ip,medium,WHITE,ziyadnz/hourly-ipv4,ziyadnz|hourly,2026-08-17T18:48:05Z,2026-08-17T18:48:05Z,
110.167.169.106,ipv4,malicious-ip,medium,WHITE,ziyadnz/hourly-ipv4,ziyadnz|hourly,2026-08-17T18:48:05Z,2026-08-17T18:48:05Z,
110.172.131.169,ipv4,malicious-ip,medium,WHITE,ziyadnz/hourly-ipv4,ziyadnz|hourly,2026-08-17T18:48:05Z,2026-08-17T18:48:05Z,
110.172.131.51,ipv4,malicious-ip,medium,WHITE,ziyadnz/hourly-ipv4,ziyadnz|hourly,2026-08-17T18:48:05Z,2026-08-17T18:48:05Z,
110.172.151.2,ipv4,malicious-ip,medium,WHITE,ziyadnz/hourly-ipv4,ziyadnz|hourly,2026-08-17T18:48:05Z,2026-08-17T18:48:05Z,
110.172.28.116,ipv4,malicious-ip,medium,WHITE,ziyadnz/hourly-ipv4,ziyadnz|hourly,2026-08-17T18:48:05Z,2026-08-17T18:48:05Z,
110.172.98.2,ipv4,malicious-ip,medium,WHITE,ziyadnz/hourly-ipv4,ziyadnz|hourly,2026-08-17T18:48:05Z,2026-08-17T18:48:05Z,
110.173.134.43,ipv4,malicious-ip,medium,WHITE,ziyadnz/hourly-ipv4,ziyadnz|hourly,2026-08-17T18:48:05Z,2026-08-17T18:48:05Z,
110.173.184.59,ipv4,malicious-ip,medium,WHITE,ziyadnz/hourly-ipv4,ziyadnz|hourly,2026-08-17T18:48:05Z,2026-08-17T18:48:05Z,
110.173.190.222,ipv4,malicious-ip,medium,WHITE,ziyadnz/hourly-ipv4,ziyadnz|hourly,2026-08-17T18:48:05Z,2026-08-17T18:48:05Z,
110.174.102.199,ipv4,malicious-ip,medium,WHITE,ziyadnz/hourly-ipv4,ziyadnz|hourly,2026-08-17T18:48:05Z,2026-08-17T18:48:05Z,
110.174.92.162,ipv4,malicious-ip,medium,WHITE,ziyadnz/hourly-ipv4,ziyadnz|hourly,2026-08-17T18:48:05Z,2026-08-17T18:48:05Z,
110.175.149.222,ipv4,malicious-ip,medium,WHITE,ziyadnz/hourly-ipv4,ziyadnz|hourly,2026-08-17T18:48:05Z,2026-08-17T18:48:05Z,
110.179.80.102,ipv4,malicious-ip,medium,WHITE,ziyadnz/hourly-ipv4,ziyadnz|hourly,2026-08-17T18:48:05Z,2026-08-17T18:48:05Z,
110.179.80.105,ipv4,malicious-ip,medium,WHITE,ziyadnz/hourly-ipv4,ziyadnz|hourly,2026-08-17T18:48:05Z,2026-08-17T18:48:05Z,
110.179.80.117,ipv4,malicious-ip,medium,WHITE,ziyadnz/hourly-ipv4,ziyadnz|hourly,2026-08-17T18:48:05Z,2026-08-17T18:48:05Z,
110.179.80.119,ipv4,malicious-ip,medium,WHITE,ziyadnz/hourly-ipv4,ziyadnz|hourly,2026-08-17T18:48:05Z,2026-08-17T18:48:05Z,
110.179.80.123,ipv4,malicious-ip,medium,WHITE,ziyadnz/hourly-ipv4,ziyadnz|hourly,2026-08-17T18:48:05Z,2026-08-17T18:48:05Z,
110.179.80.124,ipv4,malicious-ip,medium,WHITE,ziyadnz/hourly-ipv4,ziyadnz|hourly,2026-08-17T18:48:05Z,2026-08-17T18:48:05Z,
110.179.80.133,ipv4,malicious-ip,medium,WHITE,ziyadnz/hourly-ipv4,ziyadnz|hourly,2026-08-17T18:48:05Z,2026-08-17T18:48:05Z,
110.179.80.138,ipv4,malicious-ip,medium,WHITE,ziyadnz/hourly-ipv4,ziyadnz|hourly,2026-08-17T18:48:05Z,2026-08-17T18:48:05Z,
110.179.80.165,ipv4,malicious-ip,medium,WHITE,ziyadnz/hourly-ipv4,ziyadnz|hourly,2026-08-17T18:48:05Z,2026-08-17T18:48:05Z,
110.179.80.177,ipv4,malicious-ip,medium,WHITE,ziyadnz/hourly-ipv4,ziyadnz|hourly,2026-08-17T18:48:05Z,2026-08-17T18:48:05Z,
110.179.80.178,ipv4,malicious-ip,medium,WHITE,ziyadnz/hourly-ipv4,ziyadnz|hourly,2026-08-17T18:48:05Z,2026-08-17T18:48:05Z,
110.179.80.186,ipv4,malicious-ip,medium,WHITE,ziyadnz/hourly-ipv4,ziyadnz|hourly,2026-08-17T18:48:05Z,2026-08-17T18:48:05Z,
110.179.80.19,ipv4,malicious-ip,medium,WHITE,ziyadnz/hourly-ipv4,ziyadnz|hourly,2026-08-17T18:48:05Z,2026-08-17T18:48:05Z,
110.179.80.198,ipv4,malicious-ip,medium,WHITE,ziyadnz/hourly-ipv4,ziyadnz|hourly,2026-08-17T18:48:05Z,2026-08-17T18:48:05Z,
110.179.80.20,ipv4,malicious-ip,medium,WHITE,ziyadnz/hourly-ipv4,ziyadnz|hourly,2026-08-17T18:48:05Z,2026-08-17T18:48:05Z,
110.179.80.207,ipv4,malicious-ip,medium,WHITE,ziyadnz/hourly-ipv4,ziyadnz|hourly,2026-08-17T18:48:05Z,2026-08-17T18:48:05Z,
110.179.80.210,ipv4,malicious-ip,medium,WHITE,ziyadnz/hourly-ipv4,ziyadnz|hourly,2026-08-17T18:48:05Z,2026-08-17T18:48:05Z,
110.179.80.226,ipv4,malicious-ip,medium,WHITE,ziyadnz/hourly-ipv4,ziyadnz|hourly,2026-08-17T18:48:05Z,2026-08-17T18:48:05Z,
110.179.80.232,ipv4,malicious-ip,medium,WHITE,ziyadnz/hourly-ipv4,ziyadnz|hourly,2026-08-17T18:48:05Z,2026-08-17T18:48:05Z,
110.179.80.242,ipv4,malicious-ip,medium,WHITE,ziyadnz/hourly-ipv4,ziyadnz|hourly,2026-08-17T18:48:05Z,2026-08-17T18:48:05Z,
110.179.80.243,ipv4,malicious-ip,medium,WHITE,ziyadnz/hourly-ipv4,ziyadnz|hourly,2026-08-17T18:48:05Z,2026-08-17T18:48:05Z,
110.179.80.248,ipv4,malicious-ip,medium,WHITE,ziyadnz/hourly-ipv4,ziyadnz|hourly,2026-08-17T18:48:05Z,2026-08-17T18:48:05Z,
110.179.80.28,ipv4,malicious-ip,medium,WHITE,ziyadnz/hourly-ipv4,ziyadnz|hourly,2026-08-17T18:48:05Z,2026-08-17T18:48:05Z,
110.179.80.31,ipv4,malicious-ip,medium,WHITE,ziyadnz/hourly-ipv4,ziyadnz|hourly,2026-08-17T18:48:05Z,2026-08-17T18:48:05Z,
110.179.80.33,ipv4,malicious-ip,medium,WHITE,ziyadnz/hourly-ipv4,ziyadnz|hourly,2026-08-17T18:48:05Z,2026-08-17T18:48:05Z,
110.179.80.45,ipv4,malicious-ip,medium,WHITE,ziyadnz/hourly-ipv4,ziyadnz|hourly,2026-08-17T18:48:05Z,2026-08-17T18:48:05Z,
110.179.80.51,ipv4,malicious-ip,medium,WHITE,ziyadnz/hourly-ipv4,ziyadnz|hourly,2026-08-17T18:48:05Z,2026-08-17T18:48:05Z,
110.179.80.55,ipv4,malicious-ip,medium,WHITE,ziyadnz/hourly-ipv4,ziyadnz|hourly,2026-08-17T18:48:05Z,2026-08-17T18:48:05Z,
110.179.80.57,ipv4,malicious-ip,medium,WHITE,ziyadnz/hourly-ipv4,ziyadnz|hourly,2026-08-17T18:48:05Z,2026-08-17T18:48:05Z,
110.179.80.63,ipv4,malicious-ip,medium,WHITE,ziyadnz/hourly-ipv4,ziyadnz|hourly,2026-08-17T18:48:05Z,2026-08-17T18:48:05Z,
110.179.80.9,ipv4,malicious-ip,medium,WHITE,ziyadnz/hourly-ipv4,ziyadnz|hourly,2026-08-17T18:48:05Z,2026-08-17T18:48:05Z,
110.179.80.91,ipv4,malicious-ip,medium,WHITE,ziyadnz/hourly-ipv4,ziyadnz|hourly,2026-08-17T18:48:05Z,2026-08-17T18:48:05Z,
110.179.80.92,ipv4,malicious-ip,medium,WHITE,ziyadnz/hourly-ipv4,ziyadnz|hourly,2026-08-17T18:48:05Z,2026-08-17T18:48:05Z,
110.179.81.10,ipv4,malicious-ip,medium,WHITE,ziyadnz/hourly-ipv4,ziyadnz|hourly,2026-08-17T18:48:05Z,2026-08-17T18:48:05Z,
110.179.81.125,ipv4,malicious-ip,medium,WHITE,ziyadnz/hourly-ipv4,ziyadnz|hourly,2026-08-17T18:48:05Z,2026-08-17T18:48:05Z,
110.179.81.141,ipv4,malicious-ip,medium,WHITE,ziyadnz/hourly-ipv4,ziyadnz|hourly,2026-08-17T18:48:05Z,2026-08-17T18:48:05Z,
110.179.81.145,ipv4,malicious-ip,medium,WHITE,ziyadnz/hourly-ipv4,ziyadnz|hourly,2026-08-17T18:48:05Z,2026-08-17T18:48:05Z,
110.179.81.146,ipv4,malicious-ip,medium,WHITE,ziyadnz/hourly-ipv4,ziyadnz|hourly,2026-08-17T18:48:05Z,2026-08-17T18:48:05Z,
110.179.81.148,ipv4,malicious-ip,medium,WHITE,ziyadnz/hourly-ipv4,ziyadnz|hourly,2026-08-17T18:48:05Z,2026-08-17T18:48:05Z,
110.179.81.153,ipv4,malicious-ip,medium,WHITE,ziyadnz/hourly-ipv4,ziyadnz|hourly,2026-08-17T18:48:05Z,2026-08-17T18:48:05Z,
110.179.81.171,ipv4,malicious-ip,medium,WHITE,ziyadnz/hourly-ipv4,ziyadnz|hourly,2026-08-17T18:48:05Z,2026-08-17T18:48:05Z,
110.179.81.177,ipv4,malicious-ip,medium,WHITE,ziyadnz/hourly-ipv4,ziyadnz|hourly,2026-08-17T18:48:05Z,2026-08-17T18:48:05Z,
110.179.81.197,ipv4,malicious-ip,medium,WHITE,ziyadnz/hourly-ipv4,ziyadnz|hourly,2026-08-17T18:48:05Z,2026-08-17T18:48:05Z,
110.179.81.21,ipv4,malicious-ip,medium,WHITE,ziyadnz/hourly-ipv4,ziyadnz|hourly,2026-08-17T18:48:05Z,2026-08-17T18:48:05Z,
110.179.81.227,ipv4,malicious-ip,medium,WHITE,ziyadnz/hourly-ipv4,ziyadnz|hourly,2026-08-17T18:48:05Z,2026-08-17T18:48:05Z,
110.179.81.24,ipv4,malicious-ip,medium,WHITE,ziyadnz/hourly-ipv4,ziyadnz|hourly,2026-08-17T18:48:05Z,2026-08-17T18:48:05Z,
110.179.81.245,ipv4,malicious-ip,medium,WHITE,ziyadnz/hourly-ipv4,ziyadnz|hourly,2026-08-17T18:48:05Z,2026-08-17T18:48:05Z,
110.179.81.251,ipv4,malicious-ip,medium,WHITE,ziyadnz/hourly-ipv4,ziyadnz|hourly,2026-08-17T18:48:05Z,2026-08-17T18:48:05Z,
110.179.81.66,ipv4,malicious-ip,medium,WHITE,ziyadnz/hourly-ipv4,ziyadnz|hourly,2026-08-17T18:48:05Z,2026-08-17T18:48:05Z,
110.179.81.68,ipv4,malicious-ip,medium,WHITE,ziyadnz/hourly-ipv4,ziyadnz|hourly,2026-08-17T18:48:05Z,2026-08-17T18:48:05Z,
110.179.81.81,ipv4,malicious-ip,medium,WHITE,ziyadnz/hourly-ipv4,ziyadnz|hourly,2026-08-17T18:48:05Z,2026-08-17T18:48:05Z,
110.179.81.88,ipv4,malicious-ip,medium,WHITE,ziyadnz/hourly-ipv4,ziyadnz|hourly,2026-08-17T18:48:05Z,2026-08-17T18:48:05Z,
110.179.81.92,ipv4,malicious-ip,medium,WHITE,ziyadnz/hourly-ipv4,ziyadnz|hourly,2026-08-17T18:48:05Z,2026-08-17T18:48:05Z,
110.180.246.230,ipv4,malicious-ip,medium,WHITE,ziyadnz/hourly-ipv4,ziyadnz|hourly,2026-08-17T18:48:05Z,2026-08-17T18:48:05Z,
110.182.49.149,ipv4,malicious-ip,medium,WHITE,ziyadnz/hourly-ipv4,ziyadnz|hourly,2026-08-17T18:48:05Z,2026-08-17T18:48:05Z,
110.185.104.180,ipv4,malicious-ip,medium,WHITE,ziyadnz/hourly-ipv4,ziyadnz|hourly,2026-08-17T18:48:05Z,2026-08-17T18:48:05Z,
110.185.106.161,ipv4,malicious-ip,medium,WHITE,ziyadnz/hourly-ipv4,ziyadnz|hourly,2026-08-17T18:48:05Z,2026-08-17T18:48:05Z,
110.185.161.138,ipv4,malicious-ip,medium,WHITE,ziyadnz/hourly-ipv4,ziyadnz|hourly,2026-08-17T18:48:05Z,2026-08-17T18:48:05Z,
110.185.168.140,ipv4,malicious-ip,medium,WHITE,ziyadnz/hourly-ipv4,ziyadnz|hourly,2026-08-17T18:48:05Z,2026-08-17T18:48:05Z,
110.185.173.167,ipv4,malicious-ip,medium,WHITE,ziyadnz/hourly-ipv4,ziyadnz|hourly,2026-08-17T18:48:05Z,2026-08-17T18:48:05Z,
110.185.173.183,ipv4,malicious-ip,medium,WHITE,ziyadnz/hourly-ipv4,ziyadnz|hourly,2026-08-17T18:48:05Z,2026-08-17T18:48:05Z,
110.186.34.100,ipv4,malicious-ip,medium,WHITE,ziyadnz/hourly-ipv4,ziyadnz|hourly,2026-08-17T18:48:05Z,2026-08-17T18:48:05Z,
110.187.87.235,ipv4,malicious-ip,medium,WHITE,ziyadnz/hourly-ipv4,ziyadnz|hourly,2026-08-17T18:48:05Z,2026-08-17T18:48:05Z,
110.187.87.28,ipv4,malicious-ip,medium,WHITE,ziyadnz/hourly-ipv4,ziyadnz|hourly,2026-08-17T18:48:05Z,2026-08-17T18:48:05Z,
110.188.66.226,ipv4,malicious-ip,medium,WHITE,ziyadnz/hourly-ipv4,ziyadnz|hourly,2026-08-17T18:48:05Z,2026-08-17T18:48:05Z,
110.188.66.231,ipv4,malicious-ip,medium,WHITE,ziyadnz/hourly-ipv4,ziyadnz|hourly,2026-08-17T18:48:05Z,2026-08-17T18:48:05Z,
110.19.209.15,ipv4,malicious-ip,medium,WHITE,ziyadnz/hourly-ipv4,ziyadnz|hourly,2026-08-17T18:48:05Z,2026-08-17T18:48:05Z,
110.190.18.134,ipv4,malicious-ip,medium,WHITE,ziyadnz/hourly-ipv4,ziyadnz|hourly,2026-08-17T18:48:05Z,2026-08-17T18:48:05Z,
110.190.36.131,ipv4,malicious-ip,medium,WHITE,ziyadnz/hourly-ipv4,ziyadnz|hourly,2026-08-17T18:48:05Z,2026-08-17T18:48:05Z,
110.225.227.94,ipv4,malicious-ip,medium,WHITE,ziyadnz/hourly-ipv4,ziyadnz|hourly,2026-08-17T18:48:05Z,2026-08-17T18:48:05Z,
110.225.241.78,ipv4,malicious-ip,medium,WHITE,ziyadnz/hourly-ipv4,ziyadnz|hourly,2026-08-17T18:48:05Z,2026-08-17T18:48:05Z,
110.225.252.240,ipv4,malicious-ip,medium,WHITE,ziyadnz/hourly-ipv4,ziyadnz|hourly,2026-08-17T18:48:05Z,2026-08-17T18:48:05Z,
110.225.255.179,ipv4,malicious-ip,medium,WHITE,ziyadnz/hourly-ipv4,ziyadnz|hourly,2026-08-17T18:48:05Z,2026-08-17T18:48:05Z,
110.226.113.199,ipv4,malicious-ip,medium,WHITE,ziyadnz/hourly-ipv4,ziyadnz|hourly,2026-08-17T18:48:05Z,2026-08-17T18:48:05Z,
110.226.114.83,ipv4,malicious-ip,medium,WHITE,ziyadnz/hourly-ipv4,ziyadnz|hourly,2026-08-17T18:48:05Z,2026-08-17T18:48:05Z,
110.226.114.96,ipv4,malicious-ip,medium,WHITE,ziyadnz/hourly-ipv4,ziyadnz|hourly,2026-08-17T18:48:05Z,2026-08-17T18:48:05Z,
110.226.115.45,ipv4,malicious-ip,medium,WHITE,ziyadnz/hourly-ipv4,ziyadnz|hourly,2026-08-17T18:48:05Z,2026-08-17T18:48:05Z,
110.226.115.58,ipv4,malicious-ip,medium,WHITE,ziyadnz/hourly-ipv4,ziyadnz|hourly,2026-08-17T18:48:05Z,2026-08-17T18:48:05Z,
110.226.177.88,ipv4,malicious-ip,medium,WHITE,ziyadnz/hourly-ipv4,ziyadnz|hourly,2026-08-17T18:48:05Z,2026-08-17T18:48:05Z,
110.226.178.1,ipv4,malicious-ip,medium,WHITE,ziyadnz/hourly-ipv4,ziyadnz|hourly,2026-08-17T18:48:05Z,2026-08-17T18:48:05Z,
110.226.246.82,ipv4,malicious-ip,medium,WHITE,ziyadnz/hourly-ipv4,ziyadnz|hourly,2026-08-17T18:48:05Z,2026-08-17T18:48:05Z,
110.227.184.33,ipv4,malicious-ip,medium,WHITE,ziyadnz/hourly-ipv4,ziyadnz|hourly,2026-08-17T18:48:05Z,2026-08-17T18:48:05Z,
110.227.208.180,ipv4,malicious-ip,medium,WHITE,ziyadnz/hourly-ipv4,ziyadnz|hourly,2026-08-17T18:48:05Z,2026-08-17T18:48:05Z,
110.227.211.82,ipv4,malicious-ip,medium,WHITE,ziyadnz/hourly-ipv4,ziyadnz|hourly,2026-08-17T18:48:05Z,2026-08-17T18:48:05Z,
110.227.213.163,ipv4,malicious-ip,medium,WHITE,ziyadnz/hourly-ipv4,ziyadnz|hourly,2026-08-17T18:48:05Z,2026-08-17T18:48:05Z,
110.227.221.199,ipv4,malicious-ip,medium,WHITE,ziyadnz/hourly-ipv4,ziyadnz|hourly,2026-08-17T18:48:05Z,2026-08-17T18:48:05Z,
110.228.102.234,ipv4,malicious-ip,medium,WHITE,ziyadnz/hourly-ipv4,ziyadnz|hourly,2026-08-17T18:48:05Z,2026-08-17T18:48:05Z,
110.228.249.215,ipv4,malicious-ip,medium,WHITE,ziyadnz/hourly-ipv4,ziyadnz|hourly,2026-08-17T18:48:05Z,2026-08-17T18:48:05Z,
110.228.26.190,ipv4,malicious-ip,medium,WHITE,ziyadnz/hourly-ipv4,ziyadnz|hourly,2026-08-17T18:48:05Z,2026-08-17T18:48:05Z,
110.228.76.237,ipv4,malicious-ip,medium,WHITE,ziyadnz/hourly-ipv4,ziyadnz|hourly,2026-08-17T18:48:05Z,2026-08-17T18:48:05Z,
110.230.1.8,ipv4,malicious-ip,medium,WHITE,ziyadnz/hourly-ipv4,ziyadnz|hourly,2026-08-17T18:48:05Z,2026-08-17T18:48:05Z,
110.230.193.75,ipv4,malicious-ip,medium,WHITE,ziyadnz/hourly-ipv4,ziyadnz|hourly,2026-08-17T18:48:05Z,2026-08-17T18:48:05Z,
110.230.207.61,ipv4,malicious-ip,medium,WHITE,ziyadnz/hourly-ipv4,ziyadnz|hourly,2026-08-17T18:48:05Z,2026-08-17T18:48:05Z,
110.231.119.167,ipv4,malicious-ip,medium,WHITE,ziyadnz/hourly-ipv4,ziyadnz|hourly,2026-08-17T18:48:05Z,2026-08-17T18:48:05Z,
110.232.117.186,ipv4,malicious-ip,medium,WHITE,ziyadnz/hourly-ipv4,ziyadnz|hourly,2026-08-17T18:48:05Z,2026-08-17T18:48:05Z,
110.233.163.179,ipv4,malicious-ip,medium,WHITE,ziyadnz/hourly-ipv4,ziyadnz|hourly,2026-08-17T18:48:05Z,2026-08-17T18:48:05Z,
110.233.163.181,ipv4,malicious-ip,medium,WHITE,ziyadnz/hourly-ipv4,ziyadnz|hourly,2026-08-17T18:48:05Z,2026-08-17T18:48:05Z,
110.235.177.165,ipv4,malicious-ip,medium,WHITE,ziyadnz/hourly-ipv4,ziyadnz|hourly,2026-08-17T18:48:05Z,2026-08-17T18:48:05Z,
110.235.219.152,ipv4,malicious-ip,medium,WHITE,ziyadnz/hourly-ipv4,ziyadnz|hourly,2026-08-17T18:48:05Z,2026-08-17T18:48:05Z,
110.239.205.185,ipv4,malicious-ip,medium,WHITE,ziyadnz/hourly-ipv4,ziyadnz|hourly,2026-08-17T18:48:05Z,2026-08-17T18:48:05Z,
110.239.70.100,ipv4,malicious-ip,medium,WHITE,ziyadnz/hourly-ipv4,ziyadnz|hourly,2026-08-17T18:48:05Z,2026-08-17T18:48:05Z,
110.239.85.207,ipv4,malicious-ip,medium,WHITE,ziyadnz/hourly-ipv4,ziyadnz|hourly,2026-08-17T18:48:05Z,2026-08-17T18:48:05Z,
110.239.88.219,ipv4,malicious-ip,medium,WHITE,ziyadnz/hourly-ipv4,ziyadnz|hourly,2026-08-17T18:48:05Z,2026-08-17T18:48:05Z,
110.239.95.16,ipv4,malicious-ip,medium,WHITE,ziyadnz/hourly-ipv4,ziyadnz|hourly,2026-08-17T18:48:05Z,2026-08-17T18:48:05Z,
110.24.32.10,ipv4,malicious-ip,medium,WHITE,ziyadnz/hourly-ipv4,ziyadnz|hourly,2026-08-17T18:48:05Z,2026-08-17T18:48:05Z,
110.24.32.15,ipv4,malicious-ip,medium,WHITE,ziyadnz/hourly-ipv4,ziyadnz|hourly,2026-08-17T18:48:05Z,2026-08-17T18:48:05Z,
110.24.32.28,ipv4,malicious-ip,medium,WHITE,ziyadnz/hourly-ipv4,ziyadnz|hourly,2026-08-17T18:48:05Z,2026-08-17T18:48:05Z,
110.24.32.35,ipv4,malicious-ip,medium,WHITE,ziyadnz/hourly-ipv4,ziyadnz|hourly,2026-08-17T18:48:05Z,2026-08-17T18:48:05Z,
110.24.32.50,ipv4,malicious-ip,medium,WHITE,ziyadnz/hourly-ipv4,ziyadnz|hourly,2026-08-17T18:48:05Z,2026-08-17T18:48:05Z,
110.24.36.16,ipv4,malicious-ip,medium,WHITE,ziyadnz/hourly-ipv4,ziyadnz|hourly,2026-08-17T18:48:05Z,2026-08-17T18:48:05Z,
110.24.36.36,ipv4,malicious-ip,medium,WHITE,ziyadnz/hourly-ipv4,ziyadnz|hourly,2026-08-17T18:48:05Z,2026-08-17T18:48:05Z,
110.24.36.79,ipv4,malicious-ip,medium,WHITE,ziyadnz/hourly-ipv4,ziyadnz|hourly,2026-08-17T18:48:05Z,2026-08-17T18:48:05Z,
110.240.120.61,ipv4,malicious-ip,medium,WHITE,ziyadnz/hourly-ipv4,ziyadnz|hourly,2026-08-17T18:48:05Z,2026-08-17T18:48:05Z,
110.240.200.26,ipv4,malicious-ip,medium,WHITE,ziyadnz/hourly-ipv4,ziyadnz|hourly,2026-08-17T18:48:05Z,2026-08-17T18:48:05Z,
110.241.148.233,ipv4,malicious-ip,medium,WHITE,ziyadnz/hourly-ipv4,ziyadnz|hourly,2026-08-17T18:48:05Z,2026-08-17T18:48:05Z,
110.241.196.106,ipv4,malicious-ip,medium,WHITE,ziyadnz/hourly-ipv4,ziyadnz|hourly,2026-08-17T18:48:05Z,2026-08-17T18:48:05Z,
110.241.245.143,ipv4,malicious-ip,medium,WHITE,ziyadnz/hourly-ipv4,ziyadnz|hourly,2026-08-17T18:48:05Z,2026-08-17T18:48:05Z,
110.244.54.161,ipv4,malicious-ip,medium,WHITE,ziyadnz/hourly-ipv4,ziyadnz|hourly,2026-08-17T18:48:05Z,2026-08-17T18:48:05Z,
110.244.89.101,ipv4,malicious-ip,medium,WHITE,ziyadnz/hourly-ipv4,ziyadnz|hourly,2026-08-17T18:48:05Z,2026-08-17T18:48:05Z,
110.246.113.34,ipv4,malicious-ip,medium,WHITE,ziyadnz/hourly-ipv4,ziyadnz|hourly,2026-08-17T18:48:05Z,2026-08-17T18:48:05Z,
110.246.116.204,ipv4,malicious-ip,medium,WHITE,ziyadnz/hourly-ipv4,ziyadnz|hourly,2026-08-17T18:48:05Z,2026-08-17T18:48:05Z,
110.246.154.56,ipv4,malicious-ip,medium,WHITE,ziyadnz/hourly-ipv4,ziyadnz|hourly,2026-08-17T18:48:05Z,2026-08-17T18:48:05Z,
110.246.158.25,ipv4,malicious-ip,medium,WHITE,ziyadnz/hourly-ipv4,ziyadnz|hourly,2026-08-17T18:48:05Z,2026-08-17T18:48:05Z,
110.246.17.94,ipv4,malicious-ip,medium,WHITE,ziyadnz/hourly-ipv4,ziyadnz|hourly,2026-08-17T18:48:05Z,2026-08-17T18:48:05Z,
110.247.47.154,ipv4,malicious-ip,medium,WHITE,ziyadnz/hourly-ipv4,ziyadnz|hourly,2026-08-17T18:48:05Z,2026-08-17T18:48:05Z,
110.247.61.234,ipv4,malicious-ip,medium,WHITE,ziyadnz/hourly-ipv4,ziyadnz|hourly,2026-08-17T18:48:05Z,2026-08-17T18:48:05Z,
110.248.162.75,ipv4,malicious-ip,medium,WHITE,ziyadnz/hourly-ipv4,ziyadnz|hourly,2026-08-17T18:48:05Z,2026-08-17T18:48:05Z,
110.248.163.134,ipv4,malicious-ip,medium,WHITE,ziyadnz/hourly-ipv4,ziyadnz|hourly,2026-08-17T18:48:05Z,2026-08-17T18:48:05Z,
110.248.237.19,ipv4,malicious-ip,medium,WHITE,ziyadnz/hourly-ipv4,ziyadnz|hourly,2026-08-17T18:48:05Z,2026-08-17T18:48:05Z,
110.248.30.131,ipv4,malicious-ip,medium,WHITE,ziyadnz/hourly-ipv4,ziyadnz|hourly,2026-08-17T18:48:05Z,2026-08-17T18:48:05Z,
110.248.68.102,ipv4,malicious-ip,medium,WHITE,ziyadnz/hourly-ipv4,ziyadnz|hourly,2026-08-17T18:48:05Z,2026-08-17T18:48:05Z,
110.25.108.161,ipv4,malicious-ip,medium,WHITE,ziyadnz/hourly-ipv4,ziyadnz|hourly,2026-08-17T18:48:05Z,2026-08-17T18:48:05Z,
110.25.109.52,ipv4,malicious-ip,medium,WHITE,ziyadnz/hourly-ipv4,ziyadnz|hourly,2026-08-17T18:48:05Z,2026-08-17T18:48:05Z,
110.25.109.53,ipv4,malicious-ip,medium,WHITE,ziyadnz/hourly-ipv4,ziyadnz|hourly,2026-08-17T18:48:05Z,2026-08-17T18:48:05Z,
110.25.109.58,ipv4,malicious-ip,medium,WHITE,ziyadnz/hourly-ipv4,ziyadnz|hourly,2026-08-17T18:48:05Z,2026-08-17T18:48:05Z,
110.25.112.145,ipv4,malicious-ip,medium,WHITE,ziyadnz/hourly-ipv4,ziyadnz|hourly,2026-08-17T18:48:05Z,2026-08-17T18:48:05Z,
110.25.112.150,ipv4,malicious-ip,medium,WHITE,ziyadnz/hourly-ipv4,ziyadnz|hourly,2026-08-17T18:48:05Z,2026-08-17T18:48:05Z,
110.25.115.52,ipv4,malicious-ip,medium,WHITE,ziyadnz/hourly-ipv4,ziyadnz|hourly,2026-08-17T18:48:05Z,2026-08-17T18:48:05Z,
110.252.175.104,ipv4,malicious-ip,medium,WHITE,ziyadnz/hourly-ipv4,ziyadnz|hourly,2026-08-17T18:48:05Z,2026-08-17T18:48:05Z,
110.252.207.52,ipv4,malicious-ip,medium,WHITE,ziyadnz/hourly-ipv4,ziyadnz|hourly,2026-08-17T18:48:05Z,2026-08-17T18:48:05Z,
110.252.231.142,ipv4,malicious-ip,medium,WHITE,ziyadnz/hourly-ipv4,ziyadnz|hourly,2026-08-17T18:48:05Z,2026-08-17T18:48:05Z,
110.253.187.90,ipv4,malicious-ip,medium,WHITE,ziyadnz/hourly-ipv4,ziyadnz|hourly,2026-08-17T18:48:05Z,2026-08-17T18:48:05Z,
110.253.234.171,ipv4,malicious-ip,medium,WHITE,ziyadnz/hourly-ipv4,ziyadnz|hourly,2026-08-17T18:48:05Z,2026-08-17T18:48:05Z,
110.254.212.51,ipv4,malicious-ip,medium,WHITE,ziyadnz/hourly-ipv4,ziyadnz|hourly,2026-08-17T18:48:05Z,2026-08-17T18:48:05Z,
110.254.73.163,ipv4,malicious-ip,medium,WHITE,ziyadnz/hourly-ipv4,ziyadnz|hourly,2026-08-17T18:48:05Z,2026-08-17T18:48:05Z,
110.255.40.89,ipv4,malicious-ip,medium,WHITE,ziyadnz/hourly-ipv4,ziyadnz|hourly,2026-08-17T18:48:05Z,2026-08-17T18:48:05Z,
110.34.30.120,ipv4,malicious-ip,medium,WHITE,ziyadnz/hourly-ipv4,ziyadnz|hourly,2026-08-17T18:48:05Z,2026-08-17T18:48:05Z,
110.34.30.121,ipv4,malicious-ip,medium,WHITE,ziyadnz/hourly-ipv4,ziyadnz|hourly,2026-08-17T18:48:05Z,2026-08-17T18:48:05Z,
110.34.30.122,ipv4,malicious-ip,medium,WHITE,ziyadnz/hourly-ipv4,ziyadnz|hourly,2026-08-17T18:48:05Z,2026-08-17T18:48:05Z,
110.34.30.123,ipv4,malicious-ip,medium,WHITE,ziyadnz/hourly-ipv4,ziyadnz|hourly,2026-08-17T18:48:05Z,2026-08-17T18:48:05Z,
110.35.12.15,ipv4,malicious-ip,medium,WHITE,ziyadnz/hourly-ipv4,ziyadnz|hourly,2026-08-17T18:48:05Z,2026-08-17T18:48:05Z,
110.35.12.16,ipv4,malicious-ip,medium,WHITE,ziyadnz/hourly-ipv4,ziyadnz|hourly,2026-08-17T18:48:05Z,2026-08-17T18:48:05Z,
110.35.12.6,ipv4,malicious-ip,medium,WHITE,ziyadnz/hourly-ipv4,ziyadnz|hourly,2026-08-17T18:48:05Z,2026-08-17T18:48:05Z,
110.35.12.7,ipv4,malicious-ip,medium,WHITE,ziyadnz/hourly-ipv4,ziyadnz|hourly,2026-08-17T18:48:05Z,2026-08-17T18:48:05Z,
110.36.12.78,ipv4,malicious-ip,medium,WHITE,ziyadnz/hourly-ipv4,ziyadnz|hourly,2026-08-17T18:48:05Z,2026-08-17T18:48:05Z,
110.36.120.215,ipv4,malicious-ip,medium,WHITE,ziyadnz/hourly-ipv4,ziyadnz|hourly,2026-08-17T18:48:05Z,2026-08-17T18:48:05Z,
110.36.121.33,ipv4,malicious-ip,medium,WHITE,ziyadnz/hourly-ipv4,ziyadnz|hourly,2026-08-17T18:48:05Z,2026-08-17T18:48:05Z,
110.36.13.156,ipv4,malicious-ip,medium,WHITE,ziyadnz/hourly-ipv4,ziyadnz|hourly,2026-08-17T18:48:05Z,2026-08-17T18:48:05Z,
110.36.13.229,ipv4,malicious-ip,medium,WHITE,ziyadnz/hourly-ipv4,ziyadnz|hourly,2026-08-17T18:48:05Z,2026-08-17T18:48:05Z,
110.36.18.169,ipv4,malicious-ip,medium,WHITE,ziyadnz/hourly-ipv4,ziyadnz|hourly,2026-08-17T18:48:05Z,2026-08-17T18:48:05Z,
110.36.22.249,ipv4,malicious-ip,medium,WHITE,ziyadnz/hourly-ipv4,ziyadnz|hourly,2026-08-17T18:48:05Z,2026-08-17T18:48:05Z,
110.36.26.164,ipv4,malicious-ip,medium,WHITE,ziyadnz/hourly-ipv4,ziyadnz|hourly,2026-08-17T18:48:05Z,2026-08-17T18:48:05Z,
110.36.27.102,ipv4,malicious-ip,medium,WHITE,ziyadnz/hourly-ipv4,ziyadnz|hourly,2026-08-17T18:48:05Z,2026-08-17T18:48:05Z,
110.36.71.178,ipv4,malicious-ip,medium,WHITE,ziyadnz/hourly-ipv4,ziyadnz|hourly,2026-08-17T18:48:05Z,2026-08-17T18:48:05Z,
110.36.71.85,ipv4,malicious-ip,medium,WHITE,ziyadnz/hourly-ipv4,ziyadnz|hourly,2026-08-17T18:48:05Z,2026-08-17T18:48:05Z,
110.36.76.74,ipv4,malicious-ip,medium,WHITE,ziyadnz/hourly-ipv4,ziyadnz|hourly,2026-08-17T18:48:05Z,2026-08-17T18:48:05Z,
110.36.77.150,ipv4,malicious-ip,medium,WHITE,ziyadnz/hourly-ipv4,ziyadnz|hourly,2026-08-17T18:48:05Z,2026-08-17T18:48:05Z,
110.36.80.141,ipv4,malicious-ip,medium,WHITE,ziyadnz/hourly-ipv4,ziyadnz|hourly,2026-08-17T18:48:05Z,2026-08-17T18:48:05Z,
110.36.86.83,ipv4,malicious-ip,medium,WHITE,ziyadnz/hourly-ipv4,ziyadnz|hourly,2026-08-17T18:48:05Z,2026-08-17T18:48:05Z,
110.36.91.33,ipv4,malicious-ip,medium,WHITE,ziyadnz/hourly-ipv4,ziyadnz|hourly,2026-08-17T18:48:05Z,2026-08-17T18:48:05Z,
110.36.93.1,ipv4,malicious-ip,medium,WHITE,ziyadnz/hourly-ipv4,ziyadnz|hourly,2026-08-17T18:48:05Z,2026-08-17T18:48:05Z,
110.36.93.127,ipv4,malicious-ip,medium,WHITE,ziyadnz/hourly-ipv4,ziyadnz|hourly,2026-08-17T18:48:05Z,2026-08-17T18:48:05Z,
110.36.93.186,ipv4,malicious-ip,medium,WHITE,ziyadnz/hourly-ipv4,ziyadnz|hourly,2026-08-17T18:48:05Z,2026-08-17T18:48:05Z,
110.36.94.16,ipv4,malicious-ip,medium,WHITE,ziyadnz/hourly-ipv4,ziyadnz|hourly,2026-08-17T18:48:05Z,2026-08-17T18:48:05Z,
110.37.101.194,ipv4,malicious-ip,medium,WHITE,ziyadnz/hourly-ipv4,ziyadnz|hourly,2026-08-17T18:48:05Z,2026-08-17T18:48:05Z,
110.37.102.130,ipv4,malicious-ip,medium,WHITE,ziyadnz/hourly-ipv4,ziyadnz|hourly,2026-08-17T18:48:05Z,2026-08-17T18:48:05Z,
110.37.111.161,ipv4,malicious-ip,medium,WHITE,ziyadnz/hourly-ipv4,ziyadnz|hourly,2026-08-17T18:48:05Z,2026-08-17T18:48:05Z,
110.37.118.116,ipv4,malicious-ip,medium,WHITE,ziyadnz/hourly-ipv4,ziyadnz|hourly,2026-08-17T18:48:05Z,2026-08-17T18:48:05Z,
110.37.122.133,ipv4,malicious-ip,medium,WHITE,ziyadnz/hourly-ipv4,ziyadnz|hourly,2026-08-17T18:48:05Z,2026-08-17T18:48:05Z,
110.37.125.148,ipv4,malicious-ip,medium,WHITE,ziyadnz/hourly-ipv4,ziyadnz|hourly,2026-08-17T18:48:05Z,2026-08-17T18:48:05Z,
110.37.13.228,ipv4,malicious-ip,medium,WHITE,ziyadnz/hourly-ipv4,ziyadnz|hourly,2026-08-17T18:48:05Z,2026-08-17T18:48:05Z,
110.37.14.156,ipv4,malicious-ip,medium,WHITE,ziyadnz/hourly-ipv4,ziyadnz|hourly,2026-08-17T18:48:05Z,2026-08-17T18:48:05Z,
110.37.28.94,ipv4,malicious-ip,medium,WHITE,ziyadnz/hourly-ipv4,ziyadnz|hourly,2026-08-17T18:48:05Z,2026-08-17T18:48:05Z,
110.37.32.92,ipv4,malicious-ip,medium,WHITE,ziyadnz/hourly-ipv4,ziyadnz|hourly,2026-08-17T18:48:05Z,2026-08-17T18:48:05Z,
110.37.34.216,ipv4,malicious-ip,medium,WHITE,ziyadnz/hourly-ipv4,ziyadnz|hourly,2026-08-17T18:48:05Z,2026-08-17T18:48:05Z,
110.37.44.158,ipv4,malicious-ip,medium,WHITE,ziyadnz/hourly-ipv4,ziyadnz|hourly,2026-08-17T18:48:05Z,2026-08-17T18:48:05Z,
110.37.50.126,ipv4,malicious-ip,medium,WHITE,ziyadnz/hourly-ipv4,ziyadnz|hourly,2026-08-17T18:48:05Z,2026-08-17T18:48:05Z,
110.37.52.137,ipv4,malicious-ip,medium,WHITE,ziyadnz/hourly-ipv4,ziyadnz|hourly,2026-08-17T18:48:05Z,2026-08-17T18:48:05Z,
110.37.67.66,ipv4,malicious-ip,medium,WHITE,ziyadnz/hourly-ipv4,ziyadnz|hourly,2026-08-17T18:48:05Z,2026-08-17T18:48:05Z,
110.37.84.66,ipv4,malicious-ip,medium,WHITE,ziyadnz/hourly-ipv4,ziyadnz|hourly,2026-08-17T18:48:05Z,2026-08-17T18:48:05Z,
110.38.192.158,ipv4,malicious-ip,medium,WHITE,ziyadnz/hourly-ipv4,ziyadnz|hourly,2026-08-17T18:48:05Z,2026-08-17T18:48:05Z,
110.38.193.110,ipv4,malicious-ip,medium,WHITE,ziyadnz/hourly-ipv4,ziyadnz|hourly,2026-08-17T18:48:05Z,2026-08-17T18:48:05Z,
110.38.197.255,ipv4,malicious-ip,medium,WHITE,ziyadnz/hourly-ipv4,ziyadnz|hourly,2026-08-17T18:48:05Z,2026-08-17T18:48:05Z,
110.38.199.190,ipv4,malicious-ip,medium,WHITE,ziyadnz/hourly-ipv4,ziyadnz|hourly,2026-08-17T18:48:05Z,2026-08-17T18:48:05Z,
110.38.211.212,ipv4,malicious-ip,medium,WHITE,ziyadnz/hourly-ipv4,ziyadnz|hourly,2026-08-17T18:48:05Z,2026-08-17T18:48:05Z,
110.38.211.71,ipv4,malicious-ip,medium,WHITE,ziyadnz/hourly-ipv4,ziyadnz|hourly,2026-08-17T18:48:05Z,2026-08-17T18:48:05Z,
110.38.216.103,ipv4,malicious-ip,medium,WHITE,ziyadnz/hourly-ipv4,ziyadnz|hourly,2026-08-17T18:48:05Z,2026-08-17T18:48:05Z,
110.38.216.51,ipv4,malicious-ip,medium,WHITE,ziyadnz/hourly-ipv4,ziyadnz|hourly,2026-08-17T18:48:05Z,2026-08-17T18:48:05Z,
110.38.222.3,ipv4,malicious-ip,medium,WHITE,ziyadnz/hourly-ipv4,ziyadnz|hourly,2026-08-17T18:48:05Z,2026-08-17T18:48:05Z,
110.38.234.220,ipv4,malicious-ip,medium,WHITE,ziyadnz/hourly-ipv4,ziyadnz|hourly,2026-08-17T18:48:05Z,2026-08-17T18:48:05Z,
110.38.234.222,ipv4,malicious-ip,medium,WHITE,ziyadnz/hourly-ipv4,ziyadnz|hourly,2026-08-17T18:48:05Z,2026-08-17T18:48:05Z,
110.38.246.54,ipv4,malicious-ip,medium,WHITE,ziyadnz/hourly-ipv4,ziyadnz|hourly,2026-08-17T18:48:05Z,2026-08-17T18:48:05Z,
110.39.1.22,ipv4,malicious-ip,medium,WHITE,ziyadnz/hourly-ipv4,ziyadnz|hourly,2026-08-17T18:48:05Z,2026-08-17T18:48:05Z,
110.39.148.10,ipv4,malicious-ip,medium,WHITE,ziyadnz/hourly-ipv4,ziyadnz|hourly,2026-08-17T18:48:05Z,2026-08-17T18:48:05Z,
110.39.19.66,ipv4,malicious-ip,medium,WHITE,ziyadnz/hourly-ipv4,ziyadnz|hourly,2026-08-17T18:48:05Z,2026-08-17T18:48:05Z,
110.39.227.44,ipv4,malicious-ip,medium,WHITE,ziyadnz/hourly-ipv4,ziyadnz|hourly,2026-08-17T18:48:05Z,2026-08-17T18:48:05Z,
110.39.231.61,ipv4,malicious-ip,medium,WHITE,ziyadnz/hourly-ipv4,ziyadnz|hourly,2026-08-17T18:48:05Z,2026-08-17T18:48:05Z,
110.39.233.197,ipv4,malicious-ip,medium,WHITE,ziyadnz/hourly-ipv4,ziyadnz|hourly,2026-08-17T18:48:05Z,2026-08-17T18:48:05Z,
110.39.237.16,ipv4,malicious-ip,medium,WHITE,ziyadnz/hourly-ipv4,ziyadnz|hourly,2026-08-17T18:48:05Z,2026-08-17T18:48:05Z,
110.39.237.185,ipv4,malicious-ip,medium,WHITE,ziyadnz/hourly-ipv4,ziyadnz|hourly,2026-08-17T18:48:05Z,2026-08-17T18:48:05Z,
110.39.238.38,ipv4,malicious-ip,medium,WHITE,ziyadnz/hourly-ipv4,ziyadnz|hourly,2026-08-17T18:48:05Z,2026-08-17T18:48:05Z,
110.39.249.140,ipv4,malicious-ip,medium,WHITE,ziyadnz/hourly-ipv4,ziyadnz|hourly,2026-08-17T18:48:05Z,2026-08-17T18:48:05Z,
110.39.249.68,ipv4,malicious-ip,medium,WHITE,ziyadnz/hourly-ipv4,ziyadnz|hourly,2026-08-17T18:48:05Z,2026-08-17T18:48:05Z,
110.39.255.227,ipv4,malicious-ip,medium,WHITE,ziyadnz/hourly-ipv4,ziyadnz|hourly,2026-08-17T18:48:05Z,2026-08-17T18:48:05Z,
110.39.37.170,ipv4,malicious-ip,medium,WHITE,ziyadnz/hourly-ipv4,ziyadnz|hourly,2026-08-17T18:48:05Z,2026-08-17T18:48:05Z,
110.39.53.90,ipv4,malicious-ip,medium,WHITE,ziyadnz/hourly-ipv4,ziyadnz|hourly,2026-08-17T18:48:05Z,2026-08-17T18:48:05Z,
110.39.63.5,ipv4,malicious-ip,medium,WHITE,ziyadnz/hourly-ipv4,ziyadnz|hourly,2026-08-17T18:48:05Z,2026-08-17T18:48:05Z,
110.39.9.140,ipv4,malicious-ip,medium,WHITE,ziyadnz/hourly-ipv4,ziyadnz|hourly,2026-08-17T18:48:05Z,2026-08-17T18:48:05Z,
110.4.189.192,ipv4,malicious-ip,medium,WHITE,ziyadnz/hourly-ipv4,ziyadnz|hourly,2026-08-17T18:48:05Z,2026-08-17T18:48:05Z,
110.40.176.49,ipv4,malicious-ip,medium,WHITE,ziyadnz/hourly-ipv4,ziyadnz|hourly,2026-08-17T18:48:05Z,2026-08-17T18:48:05Z,
110.42.106.105,ipv4,malicious-ip,medium,WHITE,ziyadnz/hourly-ipv4,ziyadnz|hourly,2026-08-17T18:48:05Z,2026-08-17T18:48:05Z,
110.42.111.133,ipv4,malicious-ip,medium,WHITE,ziyadnz/hourly-ipv4,ziyadnz|hourly,2026-08-17T18:48:05Z,2026-08-17T18:48:05Z,
110.42.252.20,ipv4,malicious-ip,medium,WHITE,ziyadnz/hourly-ipv4,ziyadnz|hourly,2026-08-17T18:48:05Z,2026-08-17T18:48:05Z,
110.42.42.64,ipv4,malicious-ip,medium,WHITE,ziyadnz/hourly-ipv4,ziyadnz|hourly,2026-08-17T18:48:05Z,2026-08-17T18:48:05Z,
110.44.101.246,ipv4,malicious-ip,medium,WHITE,ziyadnz/hourly-ipv4,ziyadnz|hourly,2026-08-17T18:48:05Z,2026-08-17T18:48:05Z,
110.44.115.231,ipv4,malicious-ip,medium,WHITE,ziyadnz/hourly-ipv4,ziyadnz|hourly,2026-08-17T18:48:05Z,2026-08-17T18:48:05Z,
110.44.118.210,ipv4,malicious-ip,medium,WHITE,ziyadnz/hourly-ipv4,ziyadnz|hourly,2026-08-17T18:48:05Z,2026-08-17T18:48:05Z,
110.44.214.238,ipv4,malicious-ip,medium,WHITE,ziyadnz/hourly-ipv4,ziyadnz|hourly,2026-08-17T18:48:05Z,2026-08-17T18:48:05Z,
110.46.12.14,ipv4,malicious-ip,medium,WHITE,ziyadnz/hourly-ipv4,ziyadnz|hourly,2026-08-17T18:48:05Z,2026-08-17T18:48:05Z,
110.46.12.15,ipv4,malicious-ip,medium,WHITE,ziyadnz/hourly-ipv4,ziyadnz|hourly,2026-08-17T18:48:05Z,2026-08-17T18:48:05Z,
110.46.12.16,ipv4,malicious-ip,medium,WHITE,ziyadnz/hourly-ipv4,ziyadnz|hourly,2026-08-17T18:48:05Z,2026-08-17T18:48:05Z,
110.46.12.2,ipv4,malicious-ip,medium,WHITE,ziyadnz/hourly-ipv4,ziyadnz|hourly,2026-08-17T18:48:05Z,2026-08-17T18:48:05Z,
110.46.12.4,ipv4,malicious-ip,medium,WHITE,ziyadnz/hourly-ipv4,ziyadnz|hourly,2026-08-17T18:48:05Z,2026-08-17T18:48:05Z,
110.46.13.144,ipv4,malicious-ip,medium,WHITE,ziyadnz/hourly-ipv4,ziyadnz|hourly,2026-08-17T18:48:05Z,2026-08-17T18:48:05Z,
110.46.13.151,ipv4,malicious-ip,medium,WHITE,ziyadnz/hourly-ipv4,ziyadnz|hourly,2026-08-17T18:48:05Z,2026-08-17T18:48:05Z,
110.46.15.132,ipv4,malicious-ip,medium,WHITE,ziyadnz/hourly-ipv4,ziyadnz|hourly,2026-08-17T18:48:05Z,2026-08-17T18:48:05Z,
110.46.15.133,ipv4,malicious-ip,medium,WHITE,ziyadnz/hourly-ipv4,ziyadnz|hourly,2026-08-17T18:48:05Z,2026-08-17T18:48:05Z,
110.46.206.69,ipv4,malicious-ip,medium,WHITE,ziyadnz/hourly-ipv4,ziyadnz|hourly,2026-08-17T18:48:05Z,2026-08-17T18:48:05Z,
110.46.206.73,ipv4,malicious-ip,medium,WHITE,ziyadnz/hourly-ipv4,ziyadnz|hourly,2026-08-17T18:48:05Z,2026-08-17T18:48:05Z,
110.46.206.74,ipv4,malicious-ip,medium,WHITE,ziyadnz/hourly-ipv4,ziyadnz|hourly,2026-08-17T18:48:05Z,2026-08-17T18:48:05Z,
110.46.49.6,ipv4,malicious-ip,medium,WHITE,ziyadnz/hourly-ipv4,ziyadnz|hourly,2026-08-17T18:48:05Z,2026-08-17T18:48:05Z,
110.5.26.199,ipv4,malicious-ip,medium,WHITE,ziyadnz/hourly-ipv4,ziyadnz|hourly,2026-08-17T18:48:05Z,2026-08-17T18:48:05Z,
110.5.43.159,ipv4,malicious-ip,medium,WHITE,ziyadnz/hourly-ipv4,ziyadnz|hourly,2026-08-17T18:48:05Z,2026-08-17T18:48:05Z,
110.53.234.120,ipv4,malicious-ip,medium,WHITE,ziyadnz/hourly-ipv4,ziyadnz|hourly,2026-08-17T18:48:05Z,2026-08-17T18:48:05Z,
110.53.234.181,ipv4,malicious-ip,medium,WHITE,ziyadnz/hourly-ipv4,ziyadnz|hourly,2026-08-17T18:48:05Z,2026-08-17T18:48:05Z,
110.53.6.158,ipv4,malicious-ip,medium,WHITE,ziyadnz/hourly-ipv4,ziyadnz|hourly,2026-08-17T18:48:05Z,2026-08-17T18:48:05Z,
110.53.68.28,ipv4,malicious-ip,medium,WHITE,ziyadnz/hourly-ipv4,ziyadnz|hourly,2026-08-17T18:48:05Z,2026-08-17T18:48:05Z,
110.53.78.240,ipv4,malicious-ip,medium,WHITE,ziyadnz/hourly-ipv4,ziyadnz|hourly,2026-08-17T18:48:05Z,2026-08-17T18:48:05Z,
110.7.43.252,ipv4,malicious-ip,medium,WHITE,ziyadnz/hourly-ipv4,ziyadnz|hourly,2026-08-17T18:48:05Z,2026-08-17T18:48:05Z,
110.76.144.40,ipv4,malicious-ip,medium,WHITE,ziyadnz/hourly-ipv4,ziyadnz|hourly,2026-08-17T18:48:05Z,2026-08-17T18:48:05Z,
110.76.144.79,ipv4,malicious-ip,medium,WHITE,ziyadnz/hourly-ipv4,ziyadnz|hourly,2026-08-17T18:48:05Z,2026-08-17T18:48:05Z,
110.76.147.43,ipv4,malicious-ip,medium,WHITE,ziyadnz/hourly-ipv4,ziyadnz|hourly,2026-08-17T18:48:05Z,2026-08-17T18:48:05Z,
110.77.137.236,ipv4,malicious-ip,medium,WHITE,ziyadnz/hourly-ipv4,ziyadnz|hourly,2026-08-17T18:48:05Z,2026-08-17T18:48:05Z,
110.77.166.213,ipv4,malicious-ip,medium,WHITE,ziyadnz/hourly-ipv4,ziyadnz|hourly,2026-08-17T18:48:05Z,2026-08-17T18:48:05Z,
110.78.115.41,ipv4,malicious-ip,medium,WHITE,ziyadnz/hourly-ipv4,ziyadnz|hourly,2026-08-17T18:48:05Z,2026-08-17T18:48:05Z,
110.78.252.134,ipv4,malicious-ip,medium,WHITE,ziyadnz/hourly-ipv4,ziyadnz|hourly,2026-08-17T18:48:05Z,2026-08-17T18:48:05Z,
110.80.1.210,ipv4,malicious-ip,medium,WHITE,ziyadnz/hourly-ipv4,ziyadnz|hourly,2026-08-17T18:48:05Z,2026-08-17T18:48:05Z,
110.80.136.142,ipv4,malicious-ip,medium,WHITE,ziyadnz/hourly-ipv4,ziyadnz|hourly,2026-08-17T18:48:05Z,2026-08-17T18:48:05Z,
110.81.120.37,ipv4,malicious-ip,medium,WHITE,ziyadnz/hourly-ipv4,ziyadnz|hourly,2026-08-17T18:48:05Z,2026-08-17T18:48:05Z,
110.81.245.241,ipv4,malicious-ip,medium,WHITE,ziyadnz/hourly-ipv4,ziyadnz|hourly,2026-08-17T18:48:05Z,2026-08-17T18:48:05Z,
110.81.82.228,ipv4,malicious-ip,medium,WHITE,ziyadnz/hourly-ipv4,ziyadnz|hourly,2026-08-17T18:48:05Z,2026-08-17T18:48:05Z,
110.81.92.161,ipv4,malicious-ip,medium,WHITE,ziyadnz/hourly-ipv4,ziyadnz|hourly,2026-08-17T18:48:05Z,2026-08-17T18:48:05Z,
110.83.236.66,ipv4,malicious-ip,medium,WHITE,ziyadnz/hourly-ipv4,ziyadnz|hourly,2026-08-17T18:48:05Z,2026-08-17T18:48:05Z,
110.84.112.173,ipv4,malicious-ip,medium,WHITE,ziyadnz/hourly-ipv4,ziyadnz|hourly,2026-08-17T18:48:05Z,2026-08-17T18:48:05Z,
110.85.41.6,ipv4,malicious-ip,medium,WHITE,ziyadnz/hourly-ipv4,ziyadnz|hourly,2026-08-17T18:48:05Z,2026-08-17T18:48:05Z,
110.85.98.160,ipv4,malicious-ip,medium,WHITE,ziyadnz/hourly-ipv4,ziyadnz|hourly,2026-08-17T18:48:05Z,2026-08-17T18:48:05Z,
110.86.160.85,ipv4,malicious-ip,medium,WHITE,ziyadnz/hourly-ipv4,ziyadnz|hourly,2026-08-17T18:48:05Z,2026-08-17T18:48:05Z,
110.88.218.194,ipv4,malicious-ip,medium,WHITE,ziyadnz/hourly-ipv4,ziyadnz|hourly,2026-08-17T18:48:05Z,2026-08-17T18:48:05Z,
110.90.110.135,ipv4,malicious-ip,medium,WHITE,ziyadnz/hourly-ipv4,ziyadnz|hourly,2026-08-17T18:48:05Z,2026-08-17T18:48:05Z,
110.90.112.121,ipv4,malicious-ip,medium,WHITE,ziyadnz/hourly-ipv4,ziyadnz|hourly,2026-08-17T18:48:05Z,2026-08-17T18:48:05Z,
110.90.170.233,ipv4,malicious-ip,medium,WHITE,ziyadnz/hourly-ipv4,ziyadnz|hourly,2026-08-17T18:48:05Z,2026-08-17T18:48:05Z,
110.92.64.117,ipv4,malicious-ip,medium,WHITE,ziyadnz/hourly-ipv4,ziyadnz|hourly,2026-08-17T18:48:05Z,2026-08-17T18:48:05Z,
110.92.64.17,ipv4,malicious-ip,medium,WHITE,ziyadnz/hourly-ipv4,ziyadnz|hourly,2026-08-17T18:48:05Z,2026-08-17T18:48:05Z,
110.93.207.214,ipv4,malicious-ip,medium,WHITE,ziyadnz/hourly-ipv4,ziyadnz|hourly,2026-08-17T18:48:05Z,2026-08-17T18:48:05Z,
110.93.223.119,ipv4,malicious-ip,medium,WHITE,ziyadnz/hourly-ipv4,ziyadnz|hourly,2026-08-17T18:48:05Z,2026-08-17T18:48:05Z,
110.93.224.226,ipv4,malicious-ip,medium,WHITE,ziyadnz/hourly-ipv4,ziyadnz|hourly,2026-08-17T18:48:05Z,2026-08-17T18:48:05Z,
110.93.226.124,ipv4,malicious-ip,medium,WHITE,ziyadnz/hourly-ipv4,ziyadnz|hourly,2026-08-17T18:48:05Z,2026-08-17T18:48:05Z,
110.93.227.37,ipv4,malicious-ip,medium,WHITE,ziyadnz/hourly-ipv4,ziyadnz|hourly,2026-08-17T18:48:05Z,2026-08-17T18:48:05Z,
110.93.230.37,ipv4,malicious-ip,medium,WHITE,ziyadnz/hourly-ipv4,ziyadnz|hourly,2026-08-17T18:48:05Z,2026-08-17T18:48:05Z,
110.93.236.103,ipv4,malicious-ip,medium,WHITE,ziyadnz/hourly-ipv4,ziyadnz|hourly,2026-08-17T18:48:05Z,2026-08-17T18:48:05Z,
110.93.236.162,ipv4,malicious-ip,medium,WHITE,ziyadnz/hourly-ipv4,ziyadnz|hourly,2026-08-17T18:48:05Z,2026-08-17T18:48:05Z,
110.93.236.235,ipv4,malicious-ip,medium,WHITE,ziyadnz/hourly-ipv4,ziyadnz|hourly,2026-08-17T18:48:05Z,2026-08-17T18:48:05Z,
110.93.245.111,ipv4,malicious-ip,medium,WHITE,ziyadnz/hourly-ipv4,ziyadnz|hourly,2026-08-17T18:48:05Z,2026-08-17T18:48:05Z,
110.93.247.245,ipv4,malicious-ip,medium,WHITE,ziyadnz/hourly-ipv4,ziyadnz|hourly,2026-08-17T18:48:05Z,2026-08-17T18:48:05Z,
110.93.73.54,ipv4,malicious-ip,medium,WHITE,ziyadnz/hourly-ipv4,ziyadnz|hourly,2026-08-17T18:48:05Z,2026-08-17T18:48:05Z,
111.0.81.84,ipv4,malicious-ip,medium,WHITE,ziyadnz/hourly-ipv4,ziyadnz|hourly,2026-08-17T18:48:05Z,2026-08-17T18:48:05Z,
111.10.159.131,ipv4,malicious-ip,medium,WHITE,ziyadnz/hourly-ipv4,ziyadnz|hourly,2026-08-17T18:48:05Z,2026-08-17T18:48:05Z,
111.10.174.90,ipv4,malicious-ip,medium,WHITE,ziyadnz/hourly-ipv4,ziyadnz|hourly,2026-08-17T18:48:05Z,2026-08-17T18:48:05Z,
111.10.187.111,ipv4,malicious-ip,medium,WHITE,ziyadnz/hourly-ipv4,ziyadnz|hourly,2026-08-17T18:48:05Z,2026-08-17T18:48:05Z,
111.10.224.70,ipv4,malicious-ip,medium,WHITE,ziyadnz/hourly-ipv4,ziyadnz|hourly,2026-08-17T18:48:05Z,2026-08-17T18:48:05Z,
111.10.231.151,ipv4,malicious-ip,medium,WHITE,ziyadnz/hourly-ipv4,ziyadnz|hourly,2026-08-17T18:48:05Z,2026-08-17T18:48:05Z,
111.11.119.2,ipv4,malicious-ip,medium,WHITE,ziyadnz/hourly-ipv4,ziyadnz|hourly,2026-08-17T18:48:05Z,2026-08-17T18:48:05Z,
111.11.86.145,ipv4,malicious-ip,medium,WHITE,ziyadnz/hourly-ipv4,ziyadnz|hourly,2026-08-17T18:48:05Z,2026-08-17T18:48:05Z,
111.11.95.70,ipv4,malicious-ip,medium,WHITE,ziyadnz/hourly-ipv4,ziyadnz|hourly,2026-08-17T18:48:05Z,2026-08-17T18:48:05Z,
111.113.69.26,ipv4,malicious-ip,medium,WHITE,ziyadnz/hourly-ipv4,ziyadnz|hourly,2026-08-17T18:48:05Z,2026-08-17T18:48:05Z,
111.113.88.103,ipv4,malicious-ip,medium,WHITE,ziyadnz/hourly-ipv4,ziyadnz|hourly,2026-08-17T18:48:05Z,2026-08-17T18:48:05Z,
111.113.88.134,ipv4,malicious-ip,medium,WHITE,ziyadnz/hourly-ipv4,ziyadnz|hourly,2026-08-17T18:48:05Z,2026-08-17T18:48:05Z,
111.113.88.136,ipv4,malicious-ip,medium,WHITE,ziyadnz/hourly-ipv4,ziyadnz|hourly,2026-08-17T18:48:05Z,2026-08-17T18:48:05Z,
111.113.88.137,ipv4,malicious-ip,medium,WHITE,ziyadnz/hourly-ipv4,ziyadnz|hourly,2026-08-17T18:48:05Z,2026-08-17T18:48:05Z,
111.113.88.138,ipv4,malicious-ip,medium,WHITE,ziyadnz/hourly-ipv4,ziyadnz|hourly,2026-08-17T18:48:05Z,2026-08-17T18:48:05Z,
111.113.88.139,ipv4,malicious-ip,medium,WHITE,ziyadnz/hourly-ipv4,ziyadnz|hourly,2026-08-17T18:48:05Z,2026-08-17T18:48:05Z,
111.113.88.152,ipv4,malicious-ip,medium,WHITE,ziyadnz/hourly-ipv4,ziyadnz|hourly,2026-08-17T18:48:05Z,2026-08-17T18:48:05Z,
111.113.88.153,ipv4,malicious-ip,medium,WHITE,ziyadnz/hourly-ipv4,ziyadnz|hourly,2026-08-17T18:48:05Z,2026-08-17T18:48:05Z,
111.113.88.155,ipv4,malicious-ip,medium,WHITE,ziyadnz/hourly-ipv4,ziyadnz|hourly,2026-08-17T18:48:05Z,2026-08-17T18:48:05Z,
111.113.88.211,ipv4,malicious-ip,medium,WHITE,ziyadnz/hourly-ipv4,ziyadnz|hourly,2026-08-17T18:48:05Z,2026-08-17T18:48:05Z,
111.113.88.216,ipv4,malicious-ip,medium,WHITE,ziyadnz/hourly-ipv4,ziyadnz|hourly,2026-08-17T18:48:05Z,2026-08-17T18:48:05Z,
111.113.88.245,ipv4,malicious-ip,medium,WHITE,ziyadnz/hourly-ipv4,ziyadnz|hourly,2026-08-17T18:48:05Z,2026-08-17T18:48:05Z,
111.113.88.246,ipv4,malicious-ip,medium,WHITE,ziyadnz/hourly-ipv4,ziyadnz|hourly,2026-08-17T18:48:05Z,2026-08-17T18:48:05Z,
111.113.88.248,ipv4,malicious-ip,medium,WHITE,ziyadnz/hourly-ipv4,ziyadnz|hourly,2026-08-17T18:48:05Z,2026-08-17T18:48:05Z,
111.113.88.30,ipv4,malicious-ip,medium,WHITE,ziyadnz/hourly-ipv4,ziyadnz|hourly,2026-08-17T18:48:05Z,2026-08-17T18:48:05Z,
111.113.88.35,ipv4,malicious-ip,medium,WHITE,ziyadnz/hourly-ipv4,ziyadnz|hourly,2026-08-17T18:48:05Z,2026-08-17T18:48:05Z,
111.113.88.51,ipv4,malicious-ip,medium,WHITE,ziyadnz/hourly-ipv4,ziyadnz|hourly,2026-08-17T18:48:05Z,2026-08-17T18:48:05Z,
111.113.88.53,ipv4,malicious-ip,medium,WHITE,ziyadnz/hourly-ipv4,ziyadnz|hourly,2026-08-17T18:48:05Z,2026-08-17T18:48:05Z,
111.113.88.66,ipv4,malicious-ip,medium,WHITE,ziyadnz/hourly-ipv4,ziyadnz|hourly,2026-08-17T18:48:05Z,2026-08-17T18:48:05Z,
111.113.88.74,ipv4,malicious-ip,medium,WHITE,ziyadnz/hourly-ipv4,ziyadnz|hourly,2026-08-17T18:48:05Z,2026-08-17T18:48:05Z,
111.113.88.86,ipv4,malicious-ip,medium,WHITE,ziyadnz/hourly-ipv4,ziyadnz|hourly,2026-08-17T18:48:05Z,2026-08-17T18:48:05Z,
111.113.88.89,ipv4,malicious-ip,medium,WHITE,ziyadnz/hourly-ipv4,ziyadnz|hourly,2026-08-17T18:48:05Z,2026-08-17T18:48:05Z,
111.113.89.102,ipv4,malicious-ip,medium,WHITE,ziyadnz/hourly-ipv4,ziyadnz|hourly,2026-08-17T18:48:05Z,2026-08-17T18:48:05Z,
111.113.89.108,ipv4,malicious-ip,medium,WHITE,ziyadnz/hourly-ipv4,ziyadnz|hourly,2026-08-17T18:48:05Z,2026-08-17T18:48:05Z,
111.113.89.126,ipv4,malicious-ip,medium,WHITE,ziyadnz/hourly-ipv4,ziyadnz|hourly,2026-08-17T18:48:05Z,2026-08-17T18:48:05Z,
111.113.89.128,ipv4,malicious-ip,medium,WHITE,ziyadnz/hourly-ipv4,ziyadnz|hourly,2026-08-17T18:48:05Z,2026-08-17T18:48:05Z,
111.113.89.13,ipv4,malicious-ip,medium,WHITE,ziyadnz/hourly-ipv4,ziyadnz|hourly,2026-08-17T18:48:05Z,2026-08-17T18:48:05Z,
111.113.89.130,ipv4,malicious-ip,medium,WHITE,ziyadnz/hourly-ipv4,ziyadnz|hourly,2026-08-17T18:48:05Z,2026-08-17T18:48:05Z,
111.113.89.131,ipv4,malicious-ip,medium,WHITE,ziyadnz/hourly-ipv4,ziyadnz|hourly,2026-08-17T18:48:05Z,2026-08-17T18:48:05Z,
111.113.89.136,ipv4,malicious-ip,medium,WHITE,ziyadnz/hourly-ipv4,ziyadnz|hourly,2026-08-17T18:48:05Z,2026-08-17T18:48:05Z,
111.113.89.155,ipv4,malicious-ip,medium,WHITE,ziyadnz/hourly-ipv4,ziyadnz|hourly,2026-08-17T18:48:05Z,2026-08-17T18:48:05Z,
111.113.89.163,ipv4,malicious-ip,medium,WHITE,ziyadnz/hourly-ipv4,ziyadnz|hourly,2026-08-17T18:48:05Z,2026-08-17T18:48:05Z,
111.113.89.186,ipv4,malicious-ip,medium,WHITE,ziyadnz/hourly-ipv4,ziyadnz|hourly,2026-08-17T18:48:05Z,2026-08-17T18:48:05Z,
111.113.89.192,ipv4,malicious-ip,medium,WHITE,ziyadnz/hourly-ipv4,ziyadnz|hourly,2026-08-17T18:48:05Z,2026-08-17T18:48:05Z,
111.113.89.242,ipv4,malicious-ip,medium,WHITE,ziyadnz/hourly-ipv4,ziyadnz|hourly,2026-08-17T18:48:05Z,2026-08-17T18:48:05Z,
111.113.89.249,ipv4,malicious-ip,medium,WHITE,ziyadnz/hourly-ipv4,ziyadnz|hourly,2026-08-17T18:48:05Z,2026-08-17T18:48:05Z,
111.113.89.253,ipv4,malicious-ip,medium,WHITE,ziyadnz/hourly-ipv4,ziyadnz|hourly,2026-08-17T18:48:05Z,2026-08-17T18:48:05Z,
111.113.89.31,ipv4,malicious-ip,medium,WHITE,ziyadnz/hourly-ipv4,ziyadnz|hourly,2026-08-17T18:48:05Z,2026-08-17T18:48:05Z,
111.113.89.39,ipv4,malicious-ip,medium,WHITE,ziyadnz/hourly-ipv4,ziyadnz|hourly,2026-08-17T18:48:05Z,2026-08-17T18:48:05Z,
111.113.89.49,ipv4,malicious-ip,medium,WHITE,ziyadnz/hourly-ipv4,ziyadnz|hourly,2026-08-17T18:48:05Z,2026-08-17T18:48:05Z,
111.113.89.65,ipv4,malicious-ip,medium,WHITE,ziyadnz/hourly-ipv4,ziyadnz|hourly,2026-08-17T18:48:05Z,2026-08-17T18:48:05Z,
111.113.89.66,ipv4,malicious-ip,medium,WHITE,ziyadnz/hourly-ipv4,ziyadnz|hourly,2026-08-17T18:48:05Z,2026-08-17T18:48:05Z,
111.113.89.76,ipv4,malicious-ip,medium,WHITE,ziyadnz/hourly-ipv4,ziyadnz|hourly,2026-08-17T18:48:05Z,2026-08-17T18:48:05Z,
111.113.89.8,ipv4,malicious-ip,medium,WHITE,ziyadnz/hourly-ipv4,ziyadnz|hourly,2026-08-17T18:48:05Z,2026-08-17T18:48:05Z,
111.118.115.20,ipv4,malicious-ip,medium,WHITE,ziyadnz/hourly-ipv4,ziyadnz|hourly,2026-08-17T18:48:05Z,2026-08-17T18:48:05Z,
111.118.145.215,ipv4,malicious-ip,medium,WHITE,ziyadnz/hourly-ipv4,ziyadnz|hourly,2026-08-17T18:48:05Z,2026-08-17T18:48:05Z,
111.118.47.8,ipv4,malicious-ip,medium,WHITE,ziyadnz/hourly-ipv4,ziyadnz|hourly,2026-08-17T18:48:05Z,2026-08-17T18:48:05Z,
111.119.170.198,ipv4,malicious-ip,medium,WHITE,ziyadnz/hourly-ipv4,ziyadnz|hourly,2026-08-17T18:48:05Z,2026-08-17T18:48:05Z,
111.119.187.36,ipv4,malicious-ip,medium,WHITE,ziyadnz/hourly-ipv4,ziyadnz|hourly,2026-08-17T18:48:05Z,2026-08-17T18:48:05Z,
111.119.187.46,ipv4,malicious-ip,medium,WHITE,ziyadnz/hourly-ipv4,ziyadnz|hourly,2026-08-17T18:48:05Z,2026-08-17T18:48:05Z,
111.119.189.58,ipv4,malicious-ip,medium,WHITE,ziyadnz/hourly-ipv4,ziyadnz|hourly,2026-08-17T18:48:05Z,2026-08-17T18:48:05Z,
111.119.34.174,ipv4,malicious-ip,medium,WHITE,ziyadnz/hourly-ipv4,ziyadnz|hourly,2026-08-17T18:48:05Z,2026-08-17T18:48:05Z,
111.119.38.227,ipv4,malicious-ip,medium,WHITE,ziyadnz/hourly-ipv4,ziyadnz|hourly,2026-08-17T18:48:05Z,2026-08-17T18:48:05Z,
111.119.38.91,ipv4,malicious-ip,medium,WHITE,ziyadnz/hourly-ipv4,ziyadnz|hourly,2026-08-17T18:48:05Z,2026-08-17T18:48:05Z,
111.119.60.40,ipv4,malicious-ip,medium,WHITE,ziyadnz/hourly-ipv4,ziyadnz|hourly,2026-08-17T18:48:05Z,2026-08-17T18:48:05Z,
111.12.191.142,ipv4,malicious-ip,medium,WHITE,ziyadnz/hourly-ipv4,ziyadnz|hourly,2026-08-17T18:48:05Z,2026-08-17T18:48:05Z,
111.12.230.122,ipv4,malicious-ip,medium,WHITE,ziyadnz/hourly-ipv4,ziyadnz|hourly,2026-08-17T18:48:05Z,2026-08-17T18:48:05Z,
111.12.68.114,ipv4,malicious-ip,medium,WHITE,ziyadnz/hourly-ipv4,ziyadnz|hourly,2026-08-17T18:48:05Z,2026-08-17T18:48:05Z,
111.120.156.5,ipv4,malicious-ip,medium,WHITE,ziyadnz/hourly-ipv4,ziyadnz|hourly,2026-08-17T18:48:05Z,2026-08-17T18:48:05Z,
111.120.97.163,ipv4,malicious-ip,medium,WHITE,ziyadnz/hourly-ipv4,ziyadnz|hourly,2026-08-17T18:48:05Z,2026-08-17T18:48:05Z,
111.122.249.228,ipv4,malicious-ip,medium,WHITE,ziyadnz/hourly-ipv4,ziyadnz|hourly,2026-08-17T18:48:05Z,2026-08-17T18:48:05Z,
111.123.160.123,ipv4,malicious-ip,medium,WHITE,ziyadnz/hourly-ipv4,ziyadnz|hourly,2026-08-17T18:48:05Z,2026-08-17T18:48:05Z,
111.123.83.209,ipv4,malicious-ip,medium,WHITE,ziyadnz/hourly-ipv4,ziyadnz|hourly,2026-08-17T18:48:05Z,2026-08-17T18:48:05Z,
111.125.245.116,ipv4,malicious-ip,medium,WHITE,ziyadnz/hourly-ipv4,ziyadnz|hourly,2026-08-17T18:48:05Z,2026-08-17T18:48:05Z,
111.126.201.193,ipv4,malicious-ip,medium,WHITE,ziyadnz/hourly-ipv4,ziyadnz|hourly,2026-08-17T18:48:05Z,2026-08-17T18:48:05Z,
111.126.201.34,ipv4,malicious-ip,medium,WHITE,ziyadnz/hourly-ipv4,ziyadnz|hourly,2026-08-17T18:48:05Z,2026-08-17T18:48:05Z,
111.126.207.104,ipv4,malicious-ip,medium,WHITE,ziyadnz/hourly-ipv4,ziyadnz|hourly,2026-08-17T18:48:05Z,2026-08-17T18:48:05Z,
111.126.81.155,ipv4,malicious-ip,medium,WHITE,ziyadnz/hourly-ipv4,ziyadnz|hourly,2026-08-17T18:48:05Z,2026-08-17T18:48:05Z,
111.126.83.88,ipv4,malicious-ip,medium,WHITE,ziyadnz/hourly-ipv4,ziyadnz|hourly,2026-08-17T18:48:05Z,2026-08-17T18:48:05Z,
111.126.83.9,ipv4,malicious-ip,medium,WHITE,ziyadnz/hourly-ipv4,ziyadnz|hourly,2026-08-17T18:48:05Z,2026-08-17T18:48:05Z,
111.126.93.63,ipv4,malicious-ip,medium,WHITE,ziyadnz/hourly-ipv4,ziyadnz|hourly,2026-08-17T18:48:05Z,2026-08-17T18:48:05Z,
111.127.226.93,ipv4,malicious-ip,medium,WHITE,ziyadnz/hourly-ipv4,ziyadnz|hourly,2026-08-17T18:48:05Z,2026-08-17T18:48:05Z,
111.127.235.245,ipv4,malicious-ip,medium,WHITE,ziyadnz/hourly-ipv4,ziyadnz|hourly,2026-08-17T18:48:05Z,2026-08-17T18:48:05Z,
111.127.235.248,ipv4,malicious-ip,medium,WHITE,ziyadnz/hourly-ipv4,ziyadnz|hourly,2026-08-17T18:48:05Z,2026-08-17T18:48:05Z,
111.127.41.21,ipv4,malicious-ip,medium,WHITE,ziyadnz/hourly-ipv4,ziyadnz|hourly,2026-08-17T18:48:05Z,2026-08-17T18:48:05Z,
111.127.68.146,ipv4,malicious-ip,medium,WHITE,ziyadnz/hourly-ipv4,ziyadnz|hourly,2026-08-17T18:48:05Z,2026-08-17T18:48:05Z,
111.127.76.50,ipv4,malicious-ip,medium,WHITE,ziyadnz/hourly-ipv4,ziyadnz|hourly,2026-08-17T18:48:05Z,2026-08-17T18:48:05Z,
111.127.89.85,ipv4,malicious-ip,medium,WHITE,ziyadnz/hourly-ipv4,ziyadnz|hourly,2026-08-17T18:48:05Z,2026-08-17T18:48:05Z,
111.14.133.172,ipv4,malicious-ip,medium,WHITE,ziyadnz/hourly-ipv4,ziyadnz|hourly,2026-08-17T18:48:05Z,2026-08-17T18:48:05Z,
111.14.235.162,ipv4,malicious-ip,medium,WHITE,ziyadnz/hourly-ipv4,ziyadnz|hourly,2026-08-17T18:48:05Z,2026-08-17T18:48:05Z,
111.14.235.81,ipv4,malicious-ip,medium,WHITE,ziyadnz/hourly-ipv4,ziyadnz|hourly,2026-08-17T18:48:05Z,2026-08-17T18:48:05Z,
111.15.230.10,ipv4,malicious-ip,medium,WHITE,ziyadnz/hourly-ipv4,ziyadnz|hourly,2026-08-17T18:48:05Z,2026-08-17T18:48:05Z,
111.15.230.207,ipv4,malicious-ip,medium,WHITE,ziyadnz/hourly-ipv4,ziyadnz|hourly,2026-08-17T18:48:05Z,2026-08-17T18:48:05Z,
111.16.106.13,ipv4,malicious-ip,medium,WHITE,ziyadnz/hourly-ipv4,ziyadnz|hourly,2026-08-17T18:48:05Z,2026-08-17T18:48:05Z,
111.16.168.179,ipv4,malicious-ip,medium,WHITE,ziyadnz/hourly-ipv4,ziyadnz|hourly,2026-08-17T18:48:05Z,2026-08-17T18:48:05Z,
111.16.168.74,ipv4,malicious-ip,medium,WHITE,ziyadnz/hourly-ipv4,ziyadnz|hourly,2026-08-17T18:48:05Z,2026-08-17T18:48:05Z,
111.16.191.250,ipv4,malicious-ip,medium,WHITE,ziyadnz/hourly-ipv4,ziyadnz|hourly,2026-08-17T18:48:05Z,2026-08-17T18:48:05Z,
111.16.199.104,ipv4,malicious-ip,medium,WHITE,ziyadnz/hourly-ipv4,ziyadnz|hourly,2026-08-17T18:48:05Z,2026-08-17T18:48:05Z,
111.160.161.26,ipv4,malicious-ip,medium,WHITE,ziyadnz/hourly-ipv4,ziyadnz|hourly,2026-08-17T18:48:05Z,2026-08-17T18:48:05Z,
111.161.115.89,ipv4,malicious-ip,medium,WHITE,ziyadnz/hourly-ipv4,ziyadnz|hourly,2026-08-17T18:48:05Z,2026-08-17T18:48:05Z,
111.162.129.66,ipv4,malicious-ip,medium,WHITE,ziyadnz/hourly-ipv4,ziyadnz|hourly,2026-08-17T18:48:05Z,2026-08-17T18:48:05Z,
111.162.151.105,ipv4,malicious-ip,medium,WHITE,ziyadnz/hourly-ipv4,ziyadnz|hourly,2026-08-17T18:48:05Z,2026-08-17T18:48:05Z,
111.162.206.171,ipv4,malicious-ip,medium,WHITE,ziyadnz/hourly-ipv4,ziyadnz|hourly,2026-08-17T18:48:05Z,2026-08-17T18:48:05Z,
111.162.206.90,ipv4,malicious-ip,medium,WHITE,ziyadnz/hourly-ipv4,ziyadnz|hourly,2026-08-17T18:48:05Z,2026-08-17T18:48:05Z,
111.165.37.67,ipv4,malicious-ip,medium,WHITE,ziyadnz/hourly-ipv4,ziyadnz|hourly,2026-08-17T18:48:05Z,2026-08-17T18:48:05Z,
111.167.176.114,ipv4,malicious-ip,medium,WHITE,ziyadnz/hourly-ipv4,ziyadnz|hourly,2026-08-17T18:48:05Z,2026-08-17T18:48:05Z,
111.17.162.148,ipv4,malicious-ip,medium,WHITE,ziyadnz/hourly-ipv4,ziyadnz|hourly,2026-08-17T18:48:05Z,2026-08-17T18:48:05Z,
111.17.213.162,ipv4,malicious-ip,medium,WHITE,ziyadnz/hourly-ipv4,ziyadnz|hourly,2026-08-17T18:48:05Z,2026-08-17T18:48:05Z,
111.170.152.113,ipv4,malicious-ip,medium,WHITE,ziyadnz/hourly-ipv4,ziyadnz|hourly,2026-08-17T18:48:05Z,2026-08-17T18:48:05Z,
111.170.171.142,ipv4,malicious-ip,medium,WHITE,ziyadnz/hourly-ipv4,ziyadnz|hourly,2026-08-17T18:48:05Z,2026-08-17T18:48:05Z,
111.170.186.153,ipv4,malicious-ip,medium,WHITE,ziyadnz/hourly-ipv4,ziyadnz|hourly,2026-08-17T18:48:05Z,2026-08-17T18:48:05Z,
111.170.22.174,ipv4,malicious-ip,medium,WHITE,ziyadnz/hourly-ipv4,ziyadnz|hourly,2026-08-17T18:48:05Z,2026-08-17T18:48:05Z,
111.170.229.194,ipv4,malicious-ip,medium,WHITE,ziyadnz/hourly-ipv4,ziyadnz|hourly,2026-08-17T18:48:05Z,2026-08-17T18:48:05Z,
111.172.196.204,ipv4,malicious-ip,medium,WHITE,ziyadnz/hourly-ipv4,ziyadnz|hourly,2026-08-17T18:48:05Z,2026-08-17T18:48:05Z,
111.172.25.250,ipv4,malicious-ip,medium,WHITE,ziyadnz/hourly-ipv4,ziyadnz|hourly,2026-08-17T18:48:05Z,2026-08-17T18:48:05Z,
111.172.35.103,ipv4,malicious-ip,medium,WHITE,ziyadnz/hourly-ipv4,ziyadnz|hourly,2026-08-17T18:48:05Z,2026-08-17T18:48:05Z,
111.173.105.60,ipv4,malicious-ip,medium,WHITE,ziyadnz/hourly-ipv4,ziyadnz|hourly,2026-08-17T18:48:05Z,2026-08-17T18:48:05Z,
111.173.158.125,ipv4,malicious-ip,medium,WHITE,ziyadnz/hourly-ipv4,ziyadnz|hourly,2026-08-17T18:48:05Z,2026-08-17T18:48:05Z,
111.173.158.167,ipv4,malicious-ip,medium,WHITE,ziyadnz/hourly-ipv4,ziyadnz|hourly,2026-08-17T18:48:05Z,2026-08-17T18:48:05Z,
111.173.158.235,ipv4,malicious-ip,medium,WHITE,ziyadnz/hourly-ipv4,ziyadnz|hourly,2026-08-17T18:48:05Z,2026-08-17T18:48:05Z,
111.173.158.86,ipv4,malicious-ip,medium,WHITE,ziyadnz/hourly-ipv4,ziyadnz|hourly,2026-08-17T18:48:05Z,2026-08-17T18:48:05Z,
111.173.159.162,ipv4,malicious-ip,medium,WHITE,ziyadnz/hourly-ipv4,ziyadnz|hourly,2026-08-17T18:48:05Z,2026-08-17T18:48:05Z,
111.173.159.214,ipv4,malicious-ip,medium,WHITE,ziyadnz/hourly-ipv4,ziyadnz|hourly,2026-08-17T18:48:05Z,2026-08-17T18:48:05Z,
111.173.159.45,ipv4,malicious-ip,medium,WHITE,ziyadnz/hourly-ipv4,ziyadnz|hourly,2026-08-17T18:48:05Z,2026-08-17T18:48:05Z,
111.175.88.6,ipv4,malicious-ip,medium,WHITE,ziyadnz/hourly-ipv4,ziyadnz|hourly,2026-08-17T18:48:05Z,2026-08-17T18:48:05Z,
111.176.100.167,ipv4,malicious-ip,medium,WHITE,ziyadnz/hourly-ipv4,ziyadnz|hourly,2026-08-17T18:48:05Z,2026-08-17T18:48:05Z,
111.176.101.236,ipv4,malicious-ip,medium,WHITE,ziyadnz/hourly-ipv4,ziyadnz|hourly,2026-08-17T18:48:05Z,2026-08-17T18:48:05Z,
111.176.103.103,ipv4,malicious-ip,medium,WHITE,ziyadnz/hourly-ipv4,ziyadnz|hourly,2026-08-17T18:48:05Z,2026-08-17T18:48:05Z,
111.176.103.229,ipv4,malicious-ip,medium,WHITE,ziyadnz/hourly-ipv4,ziyadnz|hourly,2026-08-17T18:48:05Z,2026-08-17T18:48:05Z,
111.176.107.244,ipv4,malicious-ip,medium,WHITE,ziyadnz/hourly-ipv4,ziyadnz|hourly,2026-08-17T18:48:05Z,2026-08-17T18:48:05Z,
111.176.140.58,ipv4,malicious-ip,medium,WHITE,ziyadnz/hourly-ipv4,ziyadnz|hourly,2026-08-17T18:48:05Z,2026-08-17T18:48:05Z,
111.176.143.252,ipv4,malicious-ip,medium,WHITE,ziyadnz/hourly-ipv4,ziyadnz|hourly,2026-08-17T18:48:05Z,2026-08-17T18:48:05Z,
111.176.181.48,ipv4,malicious-ip,medium,WHITE,ziyadnz/hourly-ipv4,ziyadnz|hourly,2026-08-17T18:48:05Z,2026-08-17T18:48:05Z,
111.176.20.34,ipv4,malicious-ip,medium,WHITE,ziyadnz/hourly-ipv4,ziyadnz|hourly,2026-08-17T18:48:05Z,2026-08-17T18:48:05Z,
111.176.237.167,ipv4,malicious-ip,medium,WHITE,ziyadnz/hourly-ipv4,ziyadnz|hourly,2026-08-17T18:48:05Z,2026-08-17T18:48:05Z,
111.176.26.135,ipv4,malicious-ip,medium,WHITE,ziyadnz/hourly-ipv4,ziyadnz|hourly,2026-08-17T18:48:05Z,2026-08-17T18:48:05Z,
111.176.37.51,ipv4,malicious-ip,medium,WHITE,ziyadnz/hourly-ipv4,ziyadnz|hourly,2026-08-17T18:48:05Z,2026-08-17T18:48:05Z,
111.176.72.245,ipv4,malicious-ip,medium,WHITE,ziyadnz/hourly-ipv4,ziyadnz|hourly,2026-08-17T18:48:05Z,2026-08-17T18:48:05Z,
111.176.91.103,ipv4,malicious-ip,medium,WHITE,ziyadnz/hourly-ipv4,ziyadnz|hourly,2026-08-17T18:48:05Z,2026-08-17T18:48:05Z,
111.177.74.80,ipv4,malicious-ip,medium,WHITE,ziyadnz/hourly-ipv4,ziyadnz|hourly,2026-08-17T18:48:05Z,2026-08-17T18:48:05Z,
111.178.122.35,ipv4,malicious-ip,medium,WHITE,ziyadnz/hourly-ipv4,ziyadnz|hourly,2026-08-17T18:48:05Z,2026-08-17T18:48:05Z,
111.178.127.85,ipv4,malicious-ip,medium,WHITE,ziyadnz/hourly-ipv4,ziyadnz|hourly,2026-08-17T18:48:05Z,2026-08-17T18:48:05Z,
111.178.81.124,ipv4,malicious-ip,medium,WHITE,ziyadnz/hourly-ipv4,ziyadnz|hourly,2026-08-17T18:48:05Z,2026-08-17T18:48:05Z,
111.178.83.15,ipv4,malicious-ip,medium,WHITE,ziyadnz/hourly-ipv4,ziyadnz|hourly,2026-08-17T18:48:05Z,2026-08-17T18:48:05Z,
111.178.98.108,ipv4,malicious-ip,medium,WHITE,ziyadnz/hourly-ipv4,ziyadnz|hourly,2026-08-17T18:48:05Z,2026-08-17T18:48:05Z,
111.179.222.200,ipv4,malicious-ip,medium,WHITE,ziyadnz/hourly-ipv4,ziyadnz|hourly,2026-08-17T18:48:05Z,2026-08-17T18:48:05Z,
111.180.124.72,ipv4,malicious-ip,medium,WHITE,ziyadnz/hourly-ipv4,ziyadnz|hourly,2026-08-17T18:48:05Z,2026-08-17T18:48:05Z,
111.182.234.199,ipv4,malicious-ip,medium,WHITE,ziyadnz/hourly-ipv4,ziyadnz|hourly,2026-08-17T18:48:05Z,2026-08-17T18:48:05Z,
111.182.235.172,ipv4,malicious-ip,medium,WHITE,ziyadnz/hourly-ipv4,ziyadnz|hourly,2026-08-17T18:48:05Z,2026-08-17T18:48:05Z,
111.182.239.76,ipv4,malicious-ip,medium,WHITE,ziyadnz/hourly-ipv4,ziyadnz|hourly,2026-08-17T18:48:05Z,2026-08-17T18:48:05Z,
111.182.46.111,ipv4,malicious-ip,medium,WHITE,ziyadnz/hourly-ipv4,ziyadnz|hourly,2026-08-17T18:48:05Z,2026-08-17T18:48:05Z,
111.182.85.165,ipv4,malicious-ip,medium,WHITE,ziyadnz/hourly-ipv4,ziyadnz|hourly,2026-08-17T18:48:05Z,2026-08-17T18:48:05Z,
111.182.87.81,ipv4,malicious-ip,medium,WHITE,ziyadnz/hourly-ipv4,ziyadnz|hourly,2026-08-17T18:48:05Z,2026-08-17T18:48:05Z,
111.193.160.143,ipv4,malicious-ip,medium,WHITE,ziyadnz/hourly-ipv4,ziyadnz|hourly,2026-08-17T18:48:05Z,2026-08-17T18:48:05Z,
111.193.55.229,ipv4,malicious-ip,medium,WHITE,ziyadnz/hourly-ipv4,ziyadnz|hourly,2026-08-17T18:48:05Z,2026-08-17T18:48:05Z,
111.194.225.93,ipv4,malicious-ip,medium,WHITE,ziyadnz/hourly-ipv4,ziyadnz|hourly,2026-08-17T18:48:05Z,2026-08-17T18:48:05Z,
111.196.66.239,ipv4,malicious-ip,medium,WHITE,ziyadnz/hourly-ipv4,ziyadnz|hourly,2026-08-17T18:48:05Z,2026-08-17T18:48:05Z,
111.198.221.98,ipv4,malicious-ip,medium,WHITE,ziyadnz/hourly-ipv4,ziyadnz|hourly,2026-08-17T18:48:05Z,2026-08-17T18:48:05Z,
111.198.79.194,ipv4,malicious-ip,medium,WHITE,ziyadnz/hourly-ipv4,ziyadnz|hourly,2026-08-17T18:48:05Z,2026-08-17T18:48:05Z,
111.2.184.165,ipv4,malicious-ip,medium,WHITE,ziyadnz/hourly-ipv4,ziyadnz|hourly,2026-08-17T18:48:05Z,2026-08-17T18:48:05Z,
111.2.78.183,ipv4,malicious-ip,medium,WHITE,ziyadnz/hourly-ipv4,ziyadnz|hourly,2026-08-17T18:48:05Z,2026-08-17T18:48:05Z,
111.20.145.238,ipv4,malicious-ip,medium,WHITE,ziyadnz/hourly-ipv4,ziyadnz|hourly,2026-08-17T18:48:05Z,2026-08-17T18:48:05Z,
111.20.153.86,ipv4,malicious-ip,medium,WHITE,ziyadnz/hourly-ipv4,ziyadnz|hourly,2026-08-17T18:48:05Z,2026-08-17T18:48:05Z,
111.20.172.234,ipv4,malicious-ip,medium,WHITE,ziyadnz/hourly-ipv4,ziyadnz|hourly,2026-08-17T18:48:05Z,2026-08-17T18:48:05Z,
111.202.215.19,ipv4,malicious-ip,medium,WHITE,ziyadnz/hourly-ipv4,ziyadnz|hourly,2026-08-17T18:48:05Z,2026-08-17T18:48:05Z,
111.202.234.62,ipv4,malicious-ip,medium,WHITE,ziyadnz/hourly-ipv4,ziyadnz|hourly,2026-08-17T18:48:05Z,2026-08-17T18:48:05Z,
111.203.214.208,ipv4,malicious-ip,medium,WHITE,ziyadnz/hourly-ipv4,ziyadnz|hourly,2026-08-17T18:48:05Z,2026-08-17T18:48:05Z,
111.205.210.3,ipv4,malicious-ip,medium,WHITE,ziyadnz/hourly-ipv4,ziyadnz|hourly,2026-08-17T18:48:05Z,2026-08-17T18:48:05Z,
111.207.12.99,ipv4,malicious-ip,medium,WHITE,ziyadnz/hourly-ipv4,ziyadnz|hourly,2026-08-17T18:48:05Z,2026-08-17T18:48:05Z,
111.207.227.228,ipv4,malicious-ip,medium,WHITE,ziyadnz/hourly-ipv4,ziyadnz|hourly,2026-08-17T18:48:05Z,2026-08-17T18:48:05Z,
111.21.246.147,ipv4,malicious-ip,medium,WHITE,ziyadnz/hourly-ipv4,ziyadnz|hourly,2026-08-17T18:48:05Z,2026-08-17T18:48:05Z,
111.21.35.230,ipv4,malicious-ip,medium,WHITE,ziyadnz/hourly-ipv4,ziyadnz|hourly,2026-08-17T18:48:05Z,2026-08-17T18:48:05Z,
111.21.6.126,ipv4,malicious-ip,medium,WHITE,ziyadnz/hourly-ipv4,ziyadnz|hourly,2026-08-17T18:48:05Z,2026-08-17T18:48:05Z,
111.21.99.86,ipv4,malicious-ip,medium,WHITE,ziyadnz/hourly-ipv4,ziyadnz|hourly,2026-08-17T18:48:05Z,2026-08-17T18:48:05Z,
111.223.167.31,ipv4,malicious-ip,medium,WHITE,ziyadnz/hourly-ipv4,ziyadnz|hourly,2026-08-17T18:48:05Z,2026-08-17T18:48:05Z,
111.223.178.136,ipv4,malicious-ip,medium,WHITE,ziyadnz/hourly-ipv4,ziyadnz|hourly,2026-08-17T18:48:05Z,2026-08-17T18:48:05Z,
111.223.2.29,ipv4,malicious-ip,medium,WHITE,ziyadnz/hourly-ipv4,ziyadnz|hourly,2026-08-17T18:48:05Z,2026-08-17T18:48:05Z,
111.223.247.193,ipv4,malicious-ip,medium,WHITE,ziyadnz/hourly-ipv4,ziyadnz|hourly,2026-08-17T18:48:05Z,2026-08-17T18:48:05Z,
111.223.3.73,ipv4,malicious-ip,medium,WHITE,ziyadnz/hourly-ipv4,ziyadnz|hourly,2026-08-17T18:48:05Z,2026-08-17T18:48:05Z,
111.224.137.247,ipv4,malicious-ip,medium,WHITE,ziyadnz/hourly-ipv4,ziyadnz|hourly,2026-08-17T18:48:05Z,2026-08-17T18:48:05Z,
111.225.214.202,ipv4,malicious-ip,medium,WHITE,ziyadnz/hourly-ipv4,ziyadnz|hourly,2026-08-17T18:48:05Z,2026-08-17T18:48:05Z,
111.226.98.46,ipv4,malicious-ip,medium,WHITE,ziyadnz/hourly-ipv4,ziyadnz|hourly,2026-08-17T18:48:05Z,2026-08-17T18:48:05Z,
111.227.78.3,ipv4,malicious-ip,medium,WHITE,ziyadnz/hourly-ipv4,ziyadnz|hourly,2026-08-17T18:48:05Z,2026-08-17T18:48:05Z,
111.228.1.44,ipv4,malicious-ip,medium,WHITE,ziyadnz/hourly-ipv4,ziyadnz|hourly,2026-08-17T18:48:05Z,2026-08-17T18:48:05Z,
111.228.12.137,ipv4,malicious-ip,medium,WHITE,ziyadnz/hourly-ipv4,ziyadnz|hourly,2026-08-17T18:48:05Z,2026-08-17T18:48:05Z,
111.228.13.226,ipv4,malicious-ip,medium,WHITE,ziyadnz/hourly-ipv4,ziyadnz|hourly,2026-08-17T18:48:05Z,2026-08-17T18:48:05Z,
111.228.17.162,ipv4,malicious-ip,medium,WHITE,ziyadnz/hourly-ipv4,ziyadnz|hourly,2026-08-17T18:48:05Z,2026-08-17T18:48:05Z,
111.228.2.14,ipv4,malicious-ip,medium,WHITE,ziyadnz/hourly-ipv4,ziyadnz|hourly,2026-08-17T18:48:05Z,2026-08-17T18:48:05Z,
111.228.21.143,ipv4,malicious-ip,medium,WHITE,ziyadnz/hourly-ipv4,ziyadnz|hourly,2026-08-17T18:48:05Z,2026-08-17T18:48:05Z,
111.228.24.148,ipv4,malicious-ip,medium,WHITE,ziyadnz/hourly-ipv4,ziyadnz|hourly,2026-08-17T18:48:05Z,2026-08-17T18:48:05Z,
111.228.27.157,ipv4,malicious-ip,medium,WHITE,ziyadnz/hourly-ipv4,ziyadnz|hourly,2026-08-17T18:48:05Z,2026-08-17T18:48:05Z,
111.228.33.68,ipv4,malicious-ip,medium,WHITE,ziyadnz/hourly-ipv4,ziyadnz|hourly,2026-08-17T18:48:05Z,2026-08-17T18:48:05Z,
111.228.33.97,ipv4,malicious-ip,medium,WHITE,ziyadnz/hourly-ipv4,ziyadnz|hourly,2026-08-17T18:48:05Z,2026-08-17T18:48:05Z,
111.228.36.44,ipv4,malicious-ip,medium,WHITE,ziyadnz/hourly-ipv4,ziyadnz|hourly,2026-08-17T18:48:05Z,2026-08-17T18:48:05Z,
111.228.46.221,ipv4,malicious-ip,medium,WHITE,ziyadnz/hourly-ipv4,ziyadnz|hourly,2026-08-17T18:48:05Z,2026-08-17T18:48:05Z,
111.228.48.181,ipv4,malicious-ip,medium,WHITE,ziyadnz/hourly-ipv4,ziyadnz|hourly,2026-08-17T18:48:05Z,2026-08-17T18:48:05Z,
111.228.49.134,ipv4,malicious-ip,medium,WHITE,ziyadnz/hourly-ipv4,ziyadnz|hourly,2026-08-17T18:48:05Z,2026-08-17T18:48:05Z,
111.228.50.75,ipv4,malicious-ip,medium,WHITE,ziyadnz/hourly-ipv4,ziyadnz|hourly,2026-08-17T18:48:05Z,2026-08-17T18:48:05Z,
111.228.52.227,ipv4,malicious-ip,medium,WHITE,ziyadnz/hourly-ipv4,ziyadnz|hourly,2026-08-17T18:48:05Z,2026-08-17T18:48:05Z,
111.228.58.144,ipv4,malicious-ip,medium,WHITE,ziyadnz/hourly-ipv4,ziyadnz|hourly,2026-08-17T18:48:05Z,2026-08-17T18:48:05Z,
111.228.60.168,ipv4,malicious-ip,medium,WHITE,ziyadnz/hourly-ipv4,ziyadnz|hourly,2026-08-17T18:48:05Z,2026-08-17T18:48:05Z,
111.228.61.51,ipv4,malicious-ip,medium,WHITE,ziyadnz/hourly-ipv4,ziyadnz|hourly,2026-08-17T18:48:05Z,2026-08-17T18:48:05Z,
111.229.110.254,ipv4,malicious-ip,medium,WHITE,ziyadnz/hourly-ipv4,ziyadnz|hourly,2026-08-17T18:48:05Z,2026-08-17T18:48:05Z,
111.229.132.251,ipv4,malicious-ip,medium,WHITE,ziyadnz/hourly-ipv4,ziyadnz|hourly,2026-08-17T18:48:05Z,2026-08-17T18:48:05Z,
111.229.137.241,ipv4,malicious-ip,medium,WHITE,ziyadnz/hourly-ipv4,ziyadnz|hourly,2026-08-17T18:48:05Z,2026-08-17T18:48:05Z,
111.229.154.171,ipv4,malicious-ip,medium,WHITE,ziyadnz/hourly-ipv4,ziyadnz|hourly,2026-08-17T18:48:05Z,2026-08-17T18:48:05Z,
111.229.187.97,ipv4,malicious-ip,medium,WHITE,ziyadnz/hourly-ipv4,ziyadnz|hourly,2026-08-17T18:48:05Z,2026-08-17T18:48:05Z,
111.229.192.125,ipv4,malicious-ip,medium,WHITE,ziyadnz/hourly-ipv4,ziyadnz|hourly,2026-08-17T18:48:05Z,2026-08-17T18:48:05Z,
111.229.202.56,ipv4,malicious-ip,medium,WHITE,ziyadnz/hourly-ipv4,ziyadnz|hourly,2026-08-17T18:48:05Z,2026-08-17T18:48:05Z,
111.229.207.6,ipv4,malicious-ip,medium,WHITE,ziyadnz/hourly-ipv4,ziyadnz|hourly,2026-08-17T18:48:05Z,2026-08-17T18:48:05Z,
111.229.21.204,ipv4,malicious-ip,medium,WHITE,ziyadnz/hourly-ipv4,ziyadnz|hourly,2026-08-17T18:48:05Z,2026-08-17T18:48:05Z,
111.229.23.99,ipv4,malicious-ip,medium,WHITE,ziyadnz/hourly-ipv4,ziyadnz|hourly,2026-08-17T18:48:05Z,2026-08-17T18:48:05Z,
111.229.33.85,ipv4,malicious-ip,medium,WHITE,ziyadnz/hourly-ipv4,ziyadnz|hourly,2026-08-17T18:48:05Z,2026-08-17T18:48:05Z,
111.229.41.7,ipv4,malicious-ip,medium,WHITE,ziyadnz/hourly-ipv4,ziyadnz|hourly,2026-08-17T18:48:05Z,2026-08-17T18:48:05Z,
111.229.44.44,ipv4,malicious-ip,medium,WHITE,ziyadnz/hourly-ipv4,ziyadnz|hourly,2026-08-17T18:48:05Z,2026-08-17T18:48:05Z,
111.229.95.137,ipv4,malicious-ip,medium,WHITE,ziyadnz/hourly-ipv4,ziyadnz|hourly,2026-08-17T18:48:05Z,2026-08-17T18:48:05Z,
111.23.12.106,ipv4,malicious-ip,medium,WHITE,ziyadnz/hourly-ipv4,ziyadnz|hourly,2026-08-17T18:48:05Z,2026-08-17T18:48:05Z,
111.23.151.25,ipv4,malicious-ip,medium,WHITE,ziyadnz/hourly-ipv4,ziyadnz|hourly,2026-08-17T18:48:05Z,2026-08-17T18:48:05Z,
111.230.10.93,ipv4,malicious-ip,medium,WHITE,ziyadnz/hourly-ipv4,ziyadnz|hourly,2026-08-17T18:48:05Z,2026-08-17T18:48:05Z,
111.230.108.14,ipv4,malicious-ip,medium,WHITE,ziyadnz/hourly-ipv4,ziyadnz|hourly,2026-08-17T18:48:05Z,2026-08-17T18:48:05Z,
111.230.15.48,ipv4,malicious-ip,medium,WHITE,ziyadnz/hourly-ipv4,ziyadnz|hourly,2026-08-17T18:48:05Z,2026-08-17T18:48:05Z,
111.230.213.46,ipv4,malicious-ip,medium,WHITE,ziyadnz/hourly-ipv4,ziyadnz|hourly,2026-08-17T18:48:05Z,2026-08-17T18:48:05Z,
111.230.244.209,ipv4,malicious-ip,medium,WHITE,ziyadnz/hourly-ipv4,ziyadnz|hourly,2026-08-17T18:48:05Z,2026-08-17T18:48:05Z,
111.230.32.52,ipv4,malicious-ip,medium,WHITE,ziyadnz/hourly-ipv4,ziyadnz|hourly,2026-08-17T18:48:05Z,2026-08-17T18:48:05Z,
111.230.45.217,ipv4,malicious-ip,medium,WHITE,ziyadnz/hourly-ipv4,ziyadnz|hourly,2026-08-17T18:48:05Z,2026-08-17T18:48:05Z,
111.230.48.172,ipv4,malicious-ip,medium,WHITE,ziyadnz/hourly-ipv4,ziyadnz|hourly,2026-08-17T18:48:05Z,2026-08-17T18:48:05Z,
111.230.91.145,ipv4,malicious-ip,medium,WHITE,ziyadnz/hourly-ipv4,ziyadnz|hourly,2026-08-17T18:48:05Z,2026-08-17T18:48:05Z,
111.230.93.174,ipv4,malicious-ip,medium,WHITE,ziyadnz/hourly-ipv4,ziyadnz|hourly,2026-08-17T18:48:05Z,2026-08-17T18:48:05Z,
111.230.96.32,ipv4,malicious-ip,medium,WHITE,ziyadnz/hourly-ipv4,ziyadnz|hourly,2026-08-17T18:48:05Z,2026-08-17T18:48:05Z,
111.231.101.182,ipv4,malicious-ip,medium,WHITE,ziyadnz/hourly-ipv4,ziyadnz|hourly,2026-08-17T18:48:05Z,2026-08-17T18:48:05Z,
111.231.105.41,ipv4,malicious-ip,medium,WHITE,ziyadnz/hourly-ipv4,ziyadnz|hourly,2026-08-17T18:48:05Z,2026-08-17T18:48:05Z,
111.231.106.199,ipv4,malicious-ip,medium,WHITE,ziyadnz/hourly-ipv4,ziyadnz|hourly,2026-08-17T18:48:05Z,2026-08-17T18:48:05Z,
111.235.228.38,ipv4,malicious-ip,medium,WHITE,ziyadnz/hourly-ipv4,ziyadnz|hourly,2026-08-17T18:48:05Z,2026-08-17T18:48:05Z,
111.235.68.106,ipv4,malicious-ip,medium,WHITE,ziyadnz/hourly-ipv4,ziyadnz|hourly,2026-08-17T18:48:05Z,2026-08-17T18:48:05Z,
111.235.68.114,ipv4,malicious-ip,medium,WHITE,ziyadnz/hourly-ipv4,ziyadnz|hourly,2026-08-17T18:48:05Z,2026-08-17T18:48:05Z,
111.240.7.140,ipv4,malicious-ip,medium,WHITE,ziyadnz/hourly-ipv4,ziyadnz|hourly,2026-08-17T18:48:05Z,2026-08-17T18:48:05Z,
111.242.1.9,ipv4,malicious-ip,medium,WHITE,ziyadnz/hourly-ipv4,ziyadnz|hourly,2026-08-17T18:48:05Z,2026-08-17T18:48:05Z,
111.242.46.192,ipv4,malicious-ip,medium,WHITE,ziyadnz/hourly-ipv4,ziyadnz|hourly,2026-08-17T18:48:05Z,2026-08-17T18:48:05Z,
111.242.9.233,ipv4,malicious-ip,medium,WHITE,ziyadnz/hourly-ipv4,ziyadnz|hourly,2026-08-17T18:48:05Z,2026-08-17T18:48:05Z,
111.246.110.116,ipv4,malicious-ip,medium,WHITE,ziyadnz/hourly-ipv4,ziyadnz|hourly,2026-08-17T18:48:05Z,2026-08-17T18:48:05Z,
111.246.129.235,ipv4,malicious-ip,medium,WHITE,ziyadnz/hourly-ipv4,ziyadnz|hourly,2026-08-17T18:48:05Z,2026-08-17T18:48:05Z,
111.246.172.238,ipv4,malicious-ip,medium,WHITE,ziyadnz/hourly-ipv4,ziyadnz|hourly,2026-08-17T18:48:05Z,2026-08-17T18:48:05Z,
111.246.188.64,ipv4,malicious-ip,medium,WHITE,ziyadnz/hourly-ipv4,ziyadnz|hourly,2026-08-17T18:48:05Z,2026-08-17T18:48:05Z,
111.246.69.126,ipv4,malicious-ip,medium,WHITE,ziyadnz/hourly-ipv4,ziyadnz|hourly,2026-08-17T18:48:05Z,2026-08-17T18:48:05Z,
111.246.84.118,ipv4,malicious-ip,medium,WHITE,ziyadnz/hourly-ipv4,ziyadnz|hourly,2026-08-17T18:48:05Z,2026-08-17T18:48:05Z,
111.248.17.22,ipv4,malicious-ip,medium,WHITE,ziyadnz/hourly-ipv4,ziyadnz|hourly,2026-08-17T18:48:05Z,2026-08-17T18:48:05Z,
111.250.197.57,ipv4,malicious-ip,medium,WHITE,ziyadnz/hourly-ipv4,ziyadnz|hourly,2026-08-17T18:48:05Z,2026-08-17T18:48:05Z,
111.250.65.251,ipv4,malicious-ip,medium,WHITE,ziyadnz/hourly-ipv4,ziyadnz|hourly,2026-08-17T18:48:05Z,2026-08-17T18:48:05Z,
111.251.193.105,ipv4,malicious-ip,medium,WHITE,ziyadnz/hourly-ipv4,ziyadnz|hourly,2026-08-17T18:48:05Z,2026-08-17T18:48:05Z,
111.251.197.228,ipv4,malicious-ip,medium,WHITE,ziyadnz/hourly-ipv4,ziyadnz|hourly,2026-08-17T18:48:05Z,2026-08-17T18:48:05Z,
111.253.166.227,ipv4,malicious-ip,medium,WHITE,ziyadnz/hourly-ipv4,ziyadnz|hourly,2026-08-17T18:48:05Z,2026-08-17T18:48:05Z,
111.253.45.111,ipv4,malicious-ip,medium,WHITE,ziyadnz/hourly-ipv4,ziyadnz|hourly,2026-08-17T18:48:05Z,2026-08-17T18:48:05Z,
111.253.48.51,ipv4,malicious-ip,medium,WHITE,ziyadnz/hourly-ipv4,ziyadnz|hourly,2026-08-17T18:48:05Z,2026-08-17T18:48:05Z,
111.253.68.114,ipv4,malicious-ip,medium,WHITE,ziyadnz/hourly-ipv4,ziyadnz|hourly,2026-08-17T18:48:05Z,2026-08-17T18:48:05Z,
111.254.24.29,ipv4,malicious-ip,medium,WHITE,ziyadnz/hourly-ipv4,ziyadnz|hourly,2026-08-17T18:48:05Z,2026-08-17T18:48:05Z,
111.26.106.115,ipv4,malicious-ip,medium,WHITE,ziyadnz/hourly-ipv4,ziyadnz|hourly,2026-08-17T18:48:05Z,2026-08-17T18:48:05Z,
111.26.115.124,ipv4,malicious-ip,medium,WHITE,ziyadnz/hourly-ipv4,ziyadnz|hourly,2026-08-17T18:48:05Z,2026-08-17T18:48:05Z,
111.26.149.111,ipv4,malicious-ip,medium,WHITE,ziyadnz/hourly-ipv4,ziyadnz|hourly,2026-08-17T18:48:05Z,2026-08-17T18:48:05Z,
111.26.163.40,ipv4,malicious-ip,medium,WHITE,ziyadnz/hourly-ipv4,ziyadnz|hourly,2026-08-17T18:48:05Z,2026-08-17T18:48:05Z,
111.26.163.41,ipv4,malicious-ip,medium,WHITE,ziyadnz/hourly-ipv4,ziyadnz|hourly,2026-08-17T18:48:05Z,2026-08-17T18:48:05Z,
111.26.180.247,ipv4,malicious-ip,medium,WHITE,ziyadnz/hourly-ipv4,ziyadnz|hourly,2026-08-17T18:48:05Z,2026-08-17T18:48:05Z,
111.26.6.111,ipv4,malicious-ip,medium,WHITE,ziyadnz/hourly-ipv4,ziyadnz|hourly,2026-08-17T18:48:05Z,2026-08-17T18:48:05Z,
111.26.62.46,ipv4,malicious-ip,medium,WHITE,ziyadnz/hourly-ipv4,ziyadnz|hourly,2026-08-17T18:48:05Z,2026-08-17T18:48:05Z,
111.26.63.83,ipv4,malicious-ip,medium,WHITE,ziyadnz/hourly-ipv4,ziyadnz|hourly,2026-08-17T18:48:05Z,2026-08-17T18:48:05Z,
111.26.63.87,ipv4,malicious-ip,medium,WHITE,ziyadnz/hourly-ipv4,ziyadnz|hourly,2026-08-17T18:48:05Z,2026-08-17T18:48:05Z,
111.27.90.9,ipv4,malicious-ip,medium,WHITE,ziyadnz/hourly-ipv4,ziyadnz|hourly,2026-08-17T18:48:05Z,2026-08-17T18:48:05Z,
111.3.47.217,ipv4,malicious-ip,medium,WHITE,ziyadnz/hourly-ipv4,ziyadnz|hourly,2026-08-17T18:48:05Z,2026-08-17T18:48:05Z,
111.30.42.43,ipv4,malicious-ip,medium,WHITE,ziyadnz/hourly-ipv4,ziyadnz|hourly,2026-08-17T18:48:05Z,2026-08-17T18:48:05Z,
111.30.98.26,ipv4,malicious-ip,medium,WHITE,ziyadnz/hourly-ipv4,ziyadnz|hourly,2026-08-17T18:48:05Z,2026-08-17T18:48:05Z,
111.31.23.173,ipv4,malicious-ip,medium,WHITE,ziyadnz/hourly-ipv4,ziyadnz|hourly,2026-08-17T18:48:05Z,2026-08-17T18:48:05Z,
111.31.77.196,ipv4,malicious-ip,medium,WHITE,ziyadnz/hourly-ipv4,ziyadnz|hourly,2026-08-17T18:48:05Z,2026-08-17T18:48:05Z,
111.33.181.250,ipv4,malicious-ip,medium,WHITE,ziyadnz/hourly-ipv4,ziyadnz|hourly,2026-08-17T18:48:05Z,2026-08-17T18:48:05Z,
111.33.20.66,ipv4,malicious-ip,medium,WHITE,ziyadnz/hourly-ipv4,ziyadnz|hourly,2026-08-17T18:48:05Z,2026-08-17T18:48:05Z,
111.33.20.70,ipv4,malicious-ip,medium,WHITE,ziyadnz/hourly-ipv4,ziyadnz|hourly,2026-08-17T18:48:05Z,2026-08-17T18:48:05Z,
111.33.71.238,ipv4,malicious-ip,medium,WHITE,ziyadnz/hourly-ipv4,ziyadnz|hourly,2026-08-17T18:48:05Z,2026-08-17T18:48:05Z,
111.33.83.226,ipv4,malicious-ip,medium,WHITE,ziyadnz/hourly-ipv4,ziyadnz|hourly,2026-08-17T18:48:05Z,2026-08-17T18:48:05Z,
111.34.17.94,ipv4,malicious-ip,medium,WHITE,ziyadnz/hourly-ipv4,ziyadnz|hourly,2026-08-17T18:48:05Z,2026-08-17T18:48:05Z,
111.35.199.217,ipv4,malicious-ip,medium,WHITE,ziyadnz/hourly-ipv4,ziyadnz|hourly,2026-08-17T18:48:05Z,2026-08-17T18:48:05Z,
111.35.199.34,ipv4,malicious-ip,medium,WHITE,ziyadnz/hourly-ipv4,ziyadnz|hourly,2026-08-17T18:48:05Z,2026-08-17T18:48:05Z,
111.35.240.255,ipv4,malicious-ip,medium,WHITE,ziyadnz/hourly-ipv4,ziyadnz|hourly,2026-08-17T18:48:05Z,2026-08-17T18:48:05Z,
111.35.252.199,ipv4,malicious-ip,medium,WHITE,ziyadnz/hourly-ipv4,ziyadnz|hourly,2026-08-17T18:48:05Z,2026-08-17T18:48:05Z,
111.35.7.46,ipv4,malicious-ip,medium,WHITE,ziyadnz/hourly-ipv4,ziyadnz|hourly,2026-08-17T18:48:05Z,2026-08-17T18:48:05Z,
111.36.17.116,ipv4,malicious-ip,medium,WHITE,ziyadnz/hourly-ipv4,ziyadnz|hourly,2026-08-17T18:48:05Z,2026-08-17T18:48:05Z,
111.36.212.109,ipv4,malicious-ip,medium,WHITE,ziyadnz/hourly-ipv4,ziyadnz|hourly,2026-08-17T18:48:05Z,2026-08-17T18:48:05Z,
111.36.57.69,ipv4,malicious-ip,medium,WHITE,ziyadnz/hourly-ipv4,ziyadnz|hourly,2026-08-17T18:48:05Z,2026-08-17T18:48:05Z,
111.36.66.11,ipv4,malicious-ip,medium,WHITE,ziyadnz/hourly-ipv4,ziyadnz|hourly,2026-08-17T18:48:05Z,2026-08-17T18:48:05Z,
111.36.91.42,ipv4,malicious-ip,medium,WHITE,ziyadnz/hourly-ipv4,ziyadnz|hourly,2026-08-17T18:48:05Z,2026-08-17T18:48:05Z,
111.37.134.101,ipv4,malicious-ip,medium,WHITE,ziyadnz/hourly-ipv4,ziyadnz|hourly,2026-08-17T18:48:05Z,2026-08-17T18:48:05Z,
111.37.250.199,ipv4,malicious-ip,medium,WHITE,ziyadnz/hourly-ipv4,ziyadnz|hourly,2026-08-17T18:48:05Z,2026-08-17T18:48:05Z,
111.37.32.33,ipv4,malicious-ip,medium,WHITE,ziyadnz/hourly-ipv4,ziyadnz|hourly,2026-08-17T18:48:05Z,2026-08-17T18:48:05Z,
111.37.38.150,ipv4,malicious-ip,medium,WHITE,ziyadnz/hourly-ipv4,ziyadnz|hourly,2026-08-17T18:48:05Z,2026-08-17T18:48:05Z,
111.37.39.0,ipv4,malicious-ip,medium,WHITE,ziyadnz/hourly-ipv4,ziyadnz|hourly,2026-08-17T18:48:05Z,2026-08-17T18:48:05Z,
111.38.111.219,ipv4,malicious-ip,medium,WHITE,ziyadnz/hourly-ipv4,ziyadnz|hourly,2026-08-17T18:48:05Z,2026-08-17T18:48:05Z,
111.38.239.246,ipv4,malicious-ip,medium,WHITE,ziyadnz/hourly-ipv4,ziyadnz|hourly,2026-08-17T18:48:05Z,2026-08-17T18:48:05Z,
111.38.241.176,ipv4,malicious-ip,medium,WHITE,ziyadnz/hourly-ipv4,ziyadnz|hourly,2026-08-17T18:48:05Z,2026-08-17T18:48:05Z,
111.38.30.39,ipv4,malicious-ip,medium,WHITE,ziyadnz/hourly-ipv4,ziyadnz|hourly,2026-08-17T18:48:05Z,2026-08-17T18:48:05Z,
111.4.137.144,ipv4,malicious-ip,medium,WHITE,ziyadnz/hourly-ipv4,ziyadnz|hourly,2026-08-17T18:48:05Z,2026-08-17T18:48:05Z,
111.4.39.15,ipv4,malicious-ip,medium,WHITE,ziyadnz/hourly-ipv4,ziyadnz|hourly,2026-08-17T18:48:05Z,2026-08-17T18:48:05Z,
111.4.83.177,ipv4,malicious-ip,medium,WHITE,ziyadnz/hourly-ipv4,ziyadnz|hourly,2026-08-17T18:48:05Z,2026-08-17T18:48:05Z,
111.4.83.189,ipv4,malicious-ip,medium,WHITE,ziyadnz/hourly-ipv4,ziyadnz|hourly,2026-08-17T18:48:05Z,2026-08-17T18:48:05Z,
111.40.31.235,ipv4,malicious-ip,medium,WHITE,ziyadnz/hourly-ipv4,ziyadnz|hourly,2026-08-17T18:48:05Z,2026-08-17T18:48:05Z,
111.40.50.145,ipv4,malicious-ip,medium,WHITE,ziyadnz/hourly-ipv4,ziyadnz|hourly,2026-08-17T18:48:05Z,2026-08-17T18:48:05Z,
111.40.50.148,ipv4,malicious-ip,medium,WHITE,ziyadnz/hourly-ipv4,ziyadnz|hourly,2026-08-17T18:48:05Z,2026-08-17T18:48:05Z,
111.40.50.149,ipv4,malicious-ip,medium,WHITE,ziyadnz/hourly-ipv4,ziyadnz|hourly,2026-08-17T18:48:05Z,2026-08-17T18:48:05Z,
111.40.50.150,ipv4,malicious-ip,medium,WHITE,ziyadnz/hourly-ipv4,ziyadnz|hourly,2026-08-17T18:48:05Z,2026-08-17T18:48:05Z,
111.40.55.167,ipv4,malicious-ip,medium,WHITE,ziyadnz/hourly-ipv4,ziyadnz|hourly,2026-08-17T18:48:05Z,2026-08-17T18:48:05Z,
111.40.69.190,ipv4,malicious-ip,medium,WHITE,ziyadnz/hourly-ipv4,ziyadnz|hourly,2026-08-17T18:48:05Z,2026-08-17T18:48:05Z,
111.42.132.19,ipv4,malicious-ip,medium,WHITE,ziyadnz/hourly-ipv4,ziyadnz|hourly,2026-08-17T18:48:05Z,2026-08-17T18:48:05Z,
111.42.183.124,ipv4,malicious-ip,medium,WHITE,ziyadnz/hourly-ipv4,ziyadnz|hourly,2026-08-17T18:48:05Z,2026-08-17T18:48:05Z,
111.42.79.192,ipv4,malicious-ip,medium,WHITE,ziyadnz/hourly-ipv4,ziyadnz|hourly,2026-08-17T18:48:05Z,2026-08-17T18:48:05Z,
111.44.137.195,ipv4,malicious-ip,medium,WHITE,ziyadnz/hourly-ipv4,ziyadnz|hourly,2026-08-17T18:48:05Z,2026-08-17T18:48:05Z,
111.44.137.196,ipv4,malicious-ip,medium,WHITE,ziyadnz/hourly-ipv4,ziyadnz|hourly,2026-08-17T18:48:05Z,2026-08-17T18:48:05Z,
111.44.137.199,ipv4,malicious-ip,medium,WHITE,ziyadnz/hourly-ipv4,ziyadnz|hourly,2026-08-17T18:48:05Z,2026-08-17T18:48:05Z,
111.44.146.92,ipv4,malicious-ip,medium,WHITE,ziyadnz/hourly-ipv4,ziyadnz|hourly,2026-08-17T18:48:05Z,2026-08-17T18:48:05Z,
111.44.174.206,ipv4,malicious-ip,medium,WHITE,ziyadnz/hourly-ipv4,ziyadnz|hourly,2026-08-17T18:48:05Z,2026-08-17T18:48:05Z,
111.45.29.88,ipv4,malicious-ip,medium,WHITE,ziyadnz/hourly-ipv4,ziyadnz|hourly,2026-08-17T18:48:05Z,2026-08-17T18:48:05Z,
111.46.20.251,ipv4,malicious-ip,medium,WHITE,ziyadnz/hourly-ipv4,ziyadnz|hourly,2026-08-17T18:48:05Z,2026-08-17T18:48:05Z,
111.46.219.233,ipv4,malicious-ip,medium,WHITE,ziyadnz/hourly-ipv4,ziyadnz|hourly,2026-08-17T18:48:05Z,2026-08-17T18:48:05Z,
111.47.243.219,ipv4,malicious-ip,medium,WHITE,ziyadnz/hourly-ipv4,ziyadnz|hourly,2026-08-17T18:48:05Z,2026-08-17T18:48:05Z,
111.47.243.251,ipv4,malicious-ip,medium,WHITE,ziyadnz/hourly-ipv4,ziyadnz|hourly,2026-08-17T18:48:05Z,2026-08-17T18:48:05Z,
111.47.67.66,ipv4,malicious-ip,medium,WHITE,ziyadnz/hourly-ipv4,ziyadnz|hourly,2026-08-17T18:48:05Z,2026-08-17T18:48:05Z,
111.47.90.184,ipv4,malicious-ip,medium,WHITE,ziyadnz/hourly-ipv4,ziyadnz|hourly,2026-08-17T18:48:05Z,2026-08-17T18:48:05Z,
111.48.160.201,ipv4,malicious-ip,medium,WHITE,ziyadnz/hourly-ipv4,ziyadnz|hourly,2026-08-17T18:48:05Z,2026-08-17T18:48:05Z,
111.49.127.63,ipv4,malicious-ip,medium,WHITE,ziyadnz/hourly-ipv4,ziyadnz|hourly,2026-08-17T18:48:05Z,2026-08-17T18:48:05Z,
111.51.78.203,ipv4,malicious-ip,medium,WHITE,ziyadnz/hourly-ipv4,ziyadnz|hourly,2026-08-17T18:48:05Z,2026-08-17T18:48:05Z,
111.52.249.29,ipv4,malicious-ip,medium,WHITE,ziyadnz/hourly-ipv4,ziyadnz|hourly,2026-08-17T18:48:05Z,2026-08-17T18:48:05Z,
111.52.40.5,ipv4,malicious-ip,medium,WHITE,ziyadnz/hourly-ipv4,ziyadnz|hourly,2026-08-17T18:48:05Z,2026-08-17T18:48:05Z,
111.52.95.126,ipv4,malicious-ip,medium,WHITE,ziyadnz/hourly-ipv4,ziyadnz|hourly,2026-08-17T18:48:05Z,2026-08-17T18:48:05Z,
111.53.107.145,ipv4,malicious-ip,medium,WHITE,ziyadnz/hourly-ipv4,ziyadnz|hourly,2026-08-17T18:48:05Z,2026-08-17T18:48:05Z,
111.53.131.149,ipv4,malicious-ip,medium,WHITE,ziyadnz/hourly-ipv4,ziyadnz|hourly,2026-08-17T18:48:05Z,2026-08-17T18:48:05Z,
111.53.162.198,ipv4,malicious-ip,medium,WHITE,ziyadnz/hourly-ipv4,ziyadnz|hourly,2026-08-17T18:48:05Z,2026-08-17T18:48:05Z,
111.53.189.3,ipv4,malicious-ip,medium,WHITE,ziyadnz/hourly-ipv4,ziyadnz|hourly,2026-08-17T18:48:05Z,2026-08-17T18:48:05Z,
111.53.23.141,ipv4,malicious-ip,medium,WHITE,ziyadnz/hourly-ipv4,ziyadnz|hourly,2026-08-17T18:48:05Z,2026-08-17T18:48:05Z,
111.53.245.135,ipv4,malicious-ip,medium,WHITE,ziyadnz/hourly-ipv4,ziyadnz|hourly,2026-08-17T18:48:05Z,2026-08-17T18:48:05Z,
111.53.57.82,ipv4,malicious-ip,medium,WHITE,ziyadnz/hourly-ipv4,ziyadnz|hourly,2026-08-17T18:48:05Z,2026-08-17T18:48:05Z,
111.53.8.104,ipv4,malicious-ip,medium,WHITE,ziyadnz/hourly-ipv4,ziyadnz|hourly,2026-08-17T18:48:05Z,2026-08-17T18:48:05Z,
111.53.86.228,ipv4,malicious-ip,medium,WHITE,ziyadnz/hourly-ipv4,ziyadnz|hourly,2026-08-17T18:48:05Z,2026-08-17T18:48:05Z,
111.53.96.142,ipv4,malicious-ip,medium,WHITE,ziyadnz/hourly-ipv4,ziyadnz|hourly,2026-08-17T18:48:05Z,2026-08-17T18:48:05Z,
111.55.74.189,ipv4,malicious-ip,medium,WHITE,ziyadnz/hourly-ipv4,ziyadnz|hourly,2026-08-17T18:48:05Z,2026-08-17T18:48:05Z,
111.56.30.30,ipv4,malicious-ip,medium,WHITE,ziyadnz/hourly-ipv4,ziyadnz|hourly,2026-08-17T18:48:05Z,2026-08-17T18:48:05Z,
111.57.84.217,ipv4,malicious-ip,medium,WHITE,ziyadnz/hourly-ipv4,ziyadnz|hourly,2026-08-17T18:48:05Z,2026-08-17T18:48:05Z,
111.57.87.249,ipv4,malicious-ip,medium,WHITE,ziyadnz/hourly-ipv4,ziyadnz|hourly,2026-08-17T18:48:05Z,2026-08-17T18:48:05Z,
111.57.93.217,ipv4,malicious-ip,medium,WHITE,ziyadnz/hourly-ipv4,ziyadnz|hourly,2026-08-17T18:48:05Z,2026-08-17T18:48:05Z,
111.58.161.127,ipv4,malicious-ip,medium,WHITE,ziyadnz/hourly-ipv4,ziyadnz|hourly,2026-08-17T18:48:05Z,2026-08-17T18:48:05Z,
111.58.8.152,ipv4,malicious-ip,medium,WHITE,ziyadnz/hourly-ipv4,ziyadnz|hourly,2026-08-17T18:48:05Z,2026-08-17T18:48:05Z,
111.59.112.125,ipv4,malicious-ip,medium,WHITE,ziyadnz/hourly-ipv4,ziyadnz|hourly,2026-08-17T18:48:05Z,2026-08-17T18:48:05Z,
111.59.16.3,ipv4,malicious-ip,medium,WHITE,ziyadnz/hourly-ipv4,ziyadnz|hourly,2026-08-17T18:48:05Z,2026-08-17T18:48:05Z,
111.59.16.7,ipv4,malicious-ip,medium,WHITE,ziyadnz/hourly-ipv4,ziyadnz|hourly,2026-08-17T18:48:05Z,2026-08-17T18:48:05Z,
111.59.179.39,ipv4,malicious-ip,medium,WHITE,ziyadnz/hourly-ipv4,ziyadnz|hourly,2026-08-17T18:48:05Z,2026-08-17T18:48:05Z,
111.59.179.42,ipv4,malicious-ip,medium,WHITE,ziyadnz/hourly-ipv4,ziyadnz|hourly,2026-08-17T18:48:05Z,2026-08-17T18:48:05Z,
111.6.71.148,ipv4,malicious-ip,medium,WHITE,ziyadnz/hourly-ipv4,ziyadnz|hourly,2026-08-17T18:48:05Z,2026-08-17T18:48:05Z,
111.60.97.46,ipv4,malicious-ip,medium,WHITE,ziyadnz/hourly-ipv4,ziyadnz|hourly,2026-08-17T18:48:05Z,2026-08-17T18:48:05Z,
111.61.102.228,ipv4,malicious-ip,medium,WHITE,ziyadnz/hourly-ipv4,ziyadnz|hourly,2026-08-17T18:48:05Z,2026-08-17T18:48:05Z,
111.61.175.118,ipv4,malicious-ip,medium,WHITE,ziyadnz/hourly-ipv4,ziyadnz|hourly,2026-08-17T18:48:05Z,2026-08-17T18:48:05Z,
111.61.176.244,ipv4,malicious-ip,medium,WHITE,ziyadnz/hourly-ipv4,ziyadnz|hourly,2026-08-17T18:48:05Z,2026-08-17T18:48:05Z,
111.61.176.58,ipv4,malicious-ip,medium,WHITE,ziyadnz/hourly-ipv4,ziyadnz|hourly,2026-08-17T18:48:05Z,2026-08-17T18:48:05Z,
111.61.177.187,ipv4,malicious-ip,medium,WHITE,ziyadnz/hourly-ipv4,ziyadnz|hourly,2026-08-17T18:48:05Z,2026-08-17T18:48:05Z,
111.61.177.189,ipv4,malicious-ip,medium,WHITE,ziyadnz/hourly-ipv4,ziyadnz|hourly,2026-08-17T18:48:05Z,2026-08-17T18:48:05Z,
111.61.177.2,ipv4,malicious-ip,medium,WHITE,ziyadnz/hourly-ipv4,ziyadnz|hourly,2026-08-17T18:48:05Z,2026-08-17T18:48:05Z,
111.61.192.153,ipv4,malicious-ip,medium,WHITE,ziyadnz/hourly-ipv4,ziyadnz|hourly,2026-08-17T18:48:05Z,2026-08-17T18:48:05Z,
111.61.20.185,ipv4,malicious-ip,medium,WHITE,ziyadnz/hourly-ipv4,ziyadnz|hourly,2026-08-17T18:48:05Z,2026-08-17T18:48:05Z,
111.61.229.78,ipv4,malicious-ip,medium,WHITE,ziyadnz/hourly-ipv4,ziyadnz|hourly,2026-08-17T18:48:05Z,2026-08-17T18:48:05Z,
111.61.4.203,ipv4,malicious-ip,medium,WHITE,ziyadnz/hourly-ipv4,ziyadnz|hourly,2026-08-17T18:48:05Z,2026-08-17T18:48:05Z,
111.61.67.254,ipv4,malicious-ip,medium,WHITE,ziyadnz/hourly-ipv4,ziyadnz|hourly,2026-08-17T18:48:05Z,2026-08-17T18:48:05Z,
111.61.87.152,ipv4,malicious-ip,medium,WHITE,ziyadnz/hourly-ipv4,ziyadnz|hourly,2026-08-17T18:48:05Z,2026-08-17T18:48:05Z,
111.63.42.76,ipv4,malicious-ip,medium,WHITE,ziyadnz/hourly-ipv4,ziyadnz|hourly,2026-08-17T18:48:05Z,2026-08-17T18:48:05Z,
111.67.201.159,ipv4,malicious-ip,medium,WHITE,ziyadnz/hourly-ipv4,ziyadnz|hourly,2026-08-17T18:48:05Z,2026-08-17T18:48:05Z,
111.68.107.229,ipv4,malicious-ip,medium,WHITE,ziyadnz/hourly-ipv4,ziyadnz|hourly,2026-08-17T18:48:05Z,2026-08-17T18:48:05Z,
111.68.107.91,ipv4,malicious-ip,medium,WHITE,ziyadnz/hourly-ipv4,ziyadnz|hourly,2026-08-17T18:48:05Z,2026-08-17T18:48:05Z,
111.68.110.252,ipv4,malicious-ip,medium,WHITE,ziyadnz/hourly-ipv4,ziyadnz|hourly,2026-08-17T18:48:05Z,2026-08-17T18:48:05Z,
111.68.111.124,ipv4,malicious-ip,medium,WHITE,ziyadnz/hourly-ipv4,ziyadnz|hourly,2026-08-17T18:48:05Z,2026-08-17T18:48:05Z,
111.68.27.162,ipv4,malicious-ip,medium,WHITE,ziyadnz/hourly-ipv4,ziyadnz|hourly,2026-08-17T18:48:05Z,2026-08-17T18:48:05Z,
111.68.4.14,ipv4,malicious-ip,medium,WHITE,ziyadnz/hourly-ipv4,ziyadnz|hourly,2026-08-17T18:48:05Z,2026-08-17T18:48:05Z,
111.68.96.145,ipv4,malicious-ip,medium,WHITE,ziyadnz/hourly-ipv4,ziyadnz|hourly,2026-08-17T18:48:05Z,2026-08-17T18:48:05Z,
111.68.99.61,ipv4,malicious-ip,medium,WHITE,ziyadnz/hourly-ipv4,ziyadnz|hourly,2026-08-17T18:48:05Z,2026-08-17T18:48:05Z,
111.68.99.9,ipv4,malicious-ip,medium,WHITE,ziyadnz/hourly-ipv4,ziyadnz|hourly,2026-08-17T18:48:05Z,2026-08-17T18:48:05Z,
111.7.106.105,ipv4,malicious-ip,medium,WHITE,ziyadnz/hourly-ipv4,ziyadnz|hourly,2026-08-17T18:48:05Z,2026-08-17T18:48:05Z,
111.7.68.222,ipv4,malicious-ip,medium,WHITE,ziyadnz/hourly-ipv4,ziyadnz|hourly,2026-08-17T18:48:05Z,2026-08-17T18:48:05Z,
111.7.96.157,ipv4,malicious-ip,medium,WHITE,ziyadnz/hourly-ipv4,ziyadnz|hourly,2026-08-17T18:48:05Z,2026-08-17T18:48:05Z,
111.7.96.162,ipv4,malicious-ip,medium,WHITE,ziyadnz/hourly-ipv4,ziyadnz|hourly,2026-08-17T18:48:05Z,2026-08-17T18:48:05Z,
111.7.96.163,ipv4,malicious-ip,medium,WHITE,ziyadnz/hourly-ipv4,ziyadnz|hourly,2026-08-17T18:48:05Z,2026-08-17T18:48:05Z,
111.70.10.110,ipv4,malicious-ip,medium,WHITE,ziyadnz/hourly-ipv4,ziyadnz|hourly,2026-08-17T18:48:05Z,2026-08-17T18:48:05Z,
111.70.11.15,ipv4,malicious-ip,medium,WHITE,ziyadnz/hourly-ipv4,ziyadnz|hourly,2026-08-17T18:48:05Z,2026-08-17T18:48:05Z,
111.70.17.53,ipv4,malicious-ip,medium,WHITE,ziyadnz/hourly-ipv4,ziyadnz|hourly,2026-08-17T18:48:05Z,2026-08-17T18:48:05Z,
111.70.20.166,ipv4,malicious-ip,medium,WHITE,ziyadnz/hourly-ipv4,ziyadnz|hourly,2026-08-17T18:48:05Z,2026-08-17T18:48:05Z,
111.70.21.178,ipv4,malicious-ip,medium,WHITE,ziyadnz/hourly-ipv4,ziyadnz|hourly,2026-08-17T18:48:05Z,2026-08-17T18:48:05Z,
111.70.22.153,ipv4,malicious-ip,medium,WHITE,ziyadnz/hourly-ipv4,ziyadnz|hourly,2026-08-17T18:48:05Z,2026-08-17T18:48:05Z,
111.70.23.0,ipv4,malicious-ip,medium,WHITE,ziyadnz/hourly-ipv4,ziyadnz|hourly,2026-08-17T18:48:05Z,2026-08-17T18:48:05Z,
111.70.23.223,ipv4,malicious-ip,medium,WHITE,ziyadnz/hourly-ipv4,ziyadnz|hourly,2026-08-17T18:48:05Z,2026-08-17T18:48:05Z,
111.70.23.241,ipv4,malicious-ip,medium,WHITE,ziyadnz/hourly-ipv4,ziyadnz|hourly,2026-08-17T18:48:05Z,2026-08-17T18:48:05Z,
111.70.23.245,ipv4,malicious-ip,medium,WHITE,ziyadnz/hourly-ipv4,ziyadnz|hourly,2026-08-17T18:48:05Z,2026-08-17T18:48:05Z,
111.70.23.254,ipv4,malicious-ip,medium,WHITE,ziyadnz/hourly-ipv4,ziyadnz|hourly,2026-08-17T18:48:05Z,2026-08-17T18:48:05Z,
111.70.27.30,ipv4,malicious-ip,medium,WHITE,ziyadnz/hourly-ipv4,ziyadnz|hourly,2026-08-17T18:48:05Z,2026-08-17T18:48:05Z,
111.70.29.124,ipv4,malicious-ip,medium,WHITE,ziyadnz/hourly-ipv4,ziyadnz|hourly,2026-08-17T18:48:05Z,2026-08-17T18:48:05Z,
111.70.3.108,ipv4,malicious-ip,medium,WHITE,ziyadnz/hourly-ipv4,ziyadnz|hourly,2026-08-17T18:48:05Z,2026-08-17T18:48:05Z,
111.70.31.107,ipv4,malicious-ip,medium,WHITE,ziyadnz/hourly-ipv4,ziyadnz|hourly,2026-08-17T18:48:05Z,2026-08-17T18:48:05Z,
111.70.32.0,ipv4,malicious-ip,medium,WHITE,ziyadnz/hourly-ipv4,ziyadnz|hourly,2026-08-17T18:48:05Z,2026-08-17T18:48:05Z,
111.70.32.179,ipv4,malicious-ip,medium,WHITE,ziyadnz/hourly-ipv4,ziyadnz|hourly,2026-08-17T18:48:05Z,2026-08-17T18:48:05Z,
111.70.32.198,ipv4,malicious-ip,medium,WHITE,ziyadnz/hourly-ipv4,ziyadnz|hourly,2026-08-17T18:48:05Z,2026-08-17T18:48:05Z,
111.70.32.6,ipv4,malicious-ip,medium,WHITE,ziyadnz/hourly-ipv4,ziyadnz|hourly,2026-08-17T18:48:05Z,2026-08-17T18:48:05Z,
111.70.38.124,ipv4,malicious-ip,medium,WHITE,ziyadnz/hourly-ipv4,ziyadnz|hourly,2026-08-17T18:48:05Z,2026-08-17T18:48:05Z,
111.70.39.217,ipv4,malicious-ip,medium,WHITE,ziyadnz/hourly-ipv4,ziyadnz|hourly,2026-08-17T18:48:05Z,2026-08-17T18:48:05Z,
111.70.41.88,ipv4,malicious-ip,medium,WHITE,ziyadnz/hourly-ipv4,ziyadnz|hourly,2026-08-17T18:48:05Z,2026-08-17T18:48:05Z,
111.70.49.186,ipv4,malicious-ip,medium,WHITE,ziyadnz/hourly-ipv4,ziyadnz|hourly,2026-08-17T18:48:05Z,2026-08-17T18:48:05Z,
111.70.7.189,ipv4,malicious-ip,medium,WHITE,ziyadnz/hourly-ipv4,ziyadnz|hourly,2026-08-17T18:48:05Z,2026-08-17T18:48:05Z,
111.70.9.143,ipv4,malicious-ip,medium,WHITE,ziyadnz/hourly-ipv4,ziyadnz|hourly,2026-08-17T18:48:05Z,2026-08-17T18:48:05Z,
111.70.9.235,ipv4,malicious-ip,medium,WHITE,ziyadnz/hourly-ipv4,ziyadnz|hourly,2026-08-17T18:48:05Z,2026-08-17T18:48:05Z,
111.70.9.87,ipv4,malicious-ip,medium,WHITE,ziyadnz/hourly-ipv4,ziyadnz|hourly,2026-08-17T18:48:05Z,2026-08-17T18:48:05Z,
111.74.57.220,ipv4,malicious-ip,medium,WHITE,ziyadnz/hourly-ipv4,ziyadnz|hourly,2026-08-17T18:48:05Z,2026-08-17T18:48:05Z,
111.75.199.5,ipv4,malicious-ip,medium,WHITE,ziyadnz/hourly-ipv4,ziyadnz|hourly,2026-08-17T18:48:05Z,2026-08-17T18:48:05Z,
111.75.218.55,ipv4,malicious-ip,medium,WHITE,ziyadnz/hourly-ipv4,ziyadnz|hourly,2026-08-17T18:48:05Z,2026-08-17T18:48:05Z,
111.77.92.56,ipv4,malicious-ip,medium,WHITE,ziyadnz/hourly-ipv4,ziyadnz|hourly,2026-08-17T18:48:05Z,2026-08-17T18:48:05Z,
111.78.210.239,ipv4,malicious-ip,medium,WHITE,ziyadnz/hourly-ipv4,ziyadnz|hourly,2026-08-17T18:48:05Z,2026-08-17T18:48:05Z,
111.79.188.42,ipv4,malicious-ip,medium,WHITE,ziyadnz/hourly-ipv4,ziyadnz|hourly,2026-08-17T18:48:05Z,2026-08-17T18:48:05Z,
111.8.164.111,ipv4,malicious-ip,medium,WHITE,ziyadnz/hourly-ipv4,ziyadnz|hourly,2026-08-17T18:48:05Z,2026-08-17T18:48:05Z,
111.8.247.202,ipv4,malicious-ip,medium,WHITE,ziyadnz/hourly-ipv4,ziyadnz|hourly,2026-08-17T18:48:05Z,2026-08-17T18:48:05Z,
111.8.253.83,ipv4,malicious-ip,medium,WHITE,ziyadnz/hourly-ipv4,ziyadnz|hourly,2026-08-17T18:48:05Z,2026-08-17T18:48:05Z,
111.8.5.98,ipv4,malicious-ip,medium,WHITE,ziyadnz/hourly-ipv4,ziyadnz|hourly,2026-08-17T18:48:05Z,2026-08-17T18:48:05Z,
111.8.74.166,ipv4,malicious-ip,medium,WHITE,ziyadnz/hourly-ipv4,ziyadnz|hourly,2026-08-17T18:48:05Z,2026-08-17T18:48:05Z,
111.85.210.203,ipv4,malicious-ip,medium,WHITE,ziyadnz/hourly-ipv4,ziyadnz|hourly,2026-08-17T18:48:05Z,2026-08-17T18:48:05Z,
111.85.210.54,ipv4,malicious-ip,medium,WHITE,ziyadnz/hourly-ipv4,ziyadnz|hourly,2026-08-17T18:48:05Z,2026-08-17T18:48:05Z,
111.85.211.104,ipv4,malicious-ip,medium,WHITE,ziyadnz/hourly-ipv4,ziyadnz|hourly,2026-08-17T18:48:05Z,2026-08-17T18:48:05Z,
111.85.211.27,ipv4,malicious-ip,medium,WHITE,ziyadnz/hourly-ipv4,ziyadnz|hourly,2026-08-17T18:48:05Z,2026-08-17T18:48:05Z,
111.85.212.105,ipv4,malicious-ip,medium,WHITE,ziyadnz/hourly-ipv4,ziyadnz|hourly,2026-08-17T18:48:05Z,2026-08-17T18:48:05Z,
111.85.255.204,ipv4,malicious-ip,medium,WHITE,ziyadnz/hourly-ipv4,ziyadnz|hourly,2026-08-17T18:48:05Z,2026-08-17T18:48:05Z,
111.88.112.150,ipv4,malicious-ip,medium,WHITE,ziyadnz/hourly-ipv4,ziyadnz|hourly,2026-08-17T18:48:05Z,2026-08-17T18:48:05Z,
111.88.148.143,ipv4,malicious-ip,medium,WHITE,ziyadnz/hourly-ipv4,ziyadnz|hourly,2026-08-17T18:48:05Z,2026-08-17T18:48:05Z,
111.88.215.223,ipv4,malicious-ip,medium,WHITE,ziyadnz/hourly-ipv4,ziyadnz|hourly,2026-08-17T18:48:05Z,2026-08-17T18:48:05Z,
111.88.250.248,ipv4,malicious-ip,medium,WHITE,ziyadnz/hourly-ipv4,ziyadnz|hourly,2026-08-17T18:48:05Z,2026-08-17T18:48:05Z,
111.88.6.169,ipv4,malicious-ip,medium,WHITE,ziyadnz/hourly-ipv4,ziyadnz|hourly,2026-08-17T18:48:05Z,2026-08-17T18:48:05Z,
111.9.213.107,ipv4,malicious-ip,medium,WHITE,ziyadnz/hourly-ipv4,ziyadnz|hourly,2026-08-17T18:48:05Z,2026-08-17T18:48:05Z,
111.90.146.237,ipv4,malicious-ip,medium,WHITE,ziyadnz/hourly-ipv4,ziyadnz|hourly,2026-08-17T18:48:05Z,2026-08-17T18:48:05Z,
111.90.149.111,ipv4,malicious-ip,medium,WHITE,ziyadnz/hourly-ipv4,ziyadnz|hourly,2026-08-17T18:48:05Z,2026-08-17T18:48:05Z,
111.90.149.28,ipv4,malicious-ip,medium,WHITE,ziyadnz/hourly-ipv4,ziyadnz|hourly,2026-08-17T18:48:05Z,2026-08-17T18:48:05Z,
111.90.158.40,ipv4,malicious-ip,medium,WHITE,ziyadnz/hourly-ipv4,ziyadnz|hourly,2026-08-17T18:48:05Z,2026-08-17T18:48:05Z,
111.90.241.153,ipv4,malicious-ip,medium,WHITE,ziyadnz/hourly-ipv4,ziyadnz|hourly,2026-08-17T18:48:05Z,2026-08-17T18:48:05Z,
111.90.247.157,ipv4,malicious-ip,medium,WHITE,ziyadnz/hourly-ipv4,ziyadnz|hourly,2026-08-17T18:48:05Z,2026-08-17T18:48:05Z,
111.91.148.248,ipv4,malicious-ip,medium,WHITE,ziyadnz/hourly-ipv4,ziyadnz|hourly,2026-08-17T18:48:05Z,2026-08-17T18:48:05Z,
111.92.131.67,ipv4,malicious-ip,medium,WHITE,ziyadnz/hourly-ipv4,ziyadnz|hourly,2026-08-17T18:48:05Z,2026-08-17T18:48:05Z,
111.92.135.136,ipv4,malicious-ip,medium,WHITE,ziyadnz/hourly-ipv4,ziyadnz|hourly,2026-08-17T18:48:05Z,2026-08-17T18:48:05Z,
111.92.135.156,ipv4,malicious-ip,medium,WHITE,ziyadnz/hourly-ipv4,ziyadnz|hourly,2026-08-17T18:48:05Z,2026-08-17T18:48:05Z,
111.92.145.0,ipv4,malicious-ip,medium,WHITE,ziyadnz/hourly-ipv4,ziyadnz|hourly,2026-08-17T18:48:05Z,2026-08-17T18:48:05Z,
111.92.145.102,ipv4,malicious-ip,medium,WHITE,ziyadnz/hourly-ipv4,ziyadnz|hourly,2026-08-17T18:48:05Z,2026-08-17T18:48:05Z,
111.92.145.112,ipv4,malicious-ip,medium,WHITE,ziyadnz/hourly-ipv4,ziyadnz|hourly,2026-08-17T18:48:05Z,2026-08-17T18:48:05Z,
111.92.145.154,ipv4,malicious-ip,medium,WHITE,ziyadnz/hourly-ipv4,ziyadnz|hourly,2026-08-17T18:48:05Z,2026-08-17T18:48:05Z,
111.92.145.174,ipv4,malicious-ip,medium,WHITE,ziyadnz/hourly-ipv4,ziyadnz|hourly,2026-08-17T18:48:05Z,2026-08-17T18:48:05Z,
111.92.145.3,ipv4,malicious-ip,medium,WHITE,ziyadnz/hourly-ipv4,ziyadnz|hourly,2026-08-17T18:48:05Z,2026-08-17T18:48:05Z,
111.92.145.56,ipv4,malicious-ip,medium,WHITE,ziyadnz/hourly-ipv4,ziyadnz|hourly,2026-08-17T18:48:05Z,2026-08-17T18:48:05Z,
111.92.145.60,ipv4,malicious-ip,medium,WHITE,ziyadnz/hourly-ipv4,ziyadnz|hourly,2026-08-17T18:48:05Z,2026-08-17T18:48:05Z,
111.92.145.61,ipv4,malicious-ip,medium,WHITE,ziyadnz/hourly-ipv4,ziyadnz|hourly,2026-08-17T18:48:05Z,2026-08-17T18:48:05Z,
111.92.145.68,ipv4,malicious-ip,medium,WHITE,ziyadnz/hourly-ipv4,ziyadnz|hourly,2026-08-17T18:48:05Z,2026-08-17T18:48:05Z,
111.92.145.90,ipv4,malicious-ip,medium,WHITE,ziyadnz/hourly-ipv4,ziyadnz|hourly,2026-08-17T18:48:05Z,2026-08-17T18:48:05Z,
111.92.145.94,ipv4,malicious-ip,medium,WHITE,ziyadnz/hourly-ipv4,ziyadnz|hourly,2026-08-17T18:48:05Z,2026-08-17T18:48:05Z,
111.92.145.97,ipv4,malicious-ip,medium,WHITE,ziyadnz/hourly-ipv4,ziyadnz|hourly,2026-08-17T18:48:05Z,2026-08-17T18:48:05Z,
111.92.155.127,ipv4,malicious-ip,medium,WHITE,ziyadnz/hourly-ipv4,ziyadnz|hourly,2026-08-17T18:48:05Z,2026-08-17T18:48:05Z,
111.92.157.0,ipv4,malicious-ip,medium,WHITE,ziyadnz/hourly-ipv4,ziyadnz|hourly,2026-08-17T18:48:05Z,2026-08-17T18:48:05Z,
111.92.157.199,ipv4,malicious-ip,medium,WHITE,ziyadnz/hourly-ipv4,ziyadnz|hourly,2026-08-17T18:48:05Z,2026-08-17T18:48:05Z,
111.92.157.201,ipv4,malicious-ip,medium,WHITE,ziyadnz/hourly-ipv4,ziyadnz|hourly,2026-08-17T18:48:05Z,2026-08-17T18:48:05Z,
111.92.157.202,ipv4,malicious-ip,medium,WHITE,ziyadnz/hourly-ipv4,ziyadnz|hourly,2026-08-17T18:48:05Z,2026-08-17T18:48:05Z,
111.92.157.204,ipv4,malicious-ip,medium,WHITE,ziyadnz/hourly-ipv4,ziyadnz|hourly,2026-08-17T18:48:05Z,2026-08-17T18:48:05Z,
111.92.157.205,ipv4,malicious-ip,medium,WHITE,ziyadnz/hourly-ipv4,ziyadnz|hourly,2026-08-17T18:48:05Z,2026-08-17T18:48:05Z,
111.92.157.206,ipv4,malicious-ip,medium,WHITE,ziyadnz/hourly-ipv4,ziyadnz|hourly,2026-08-17T18:48:05Z,2026-08-17T18:48:05Z,
111.92.157.207,ipv4,malicious-ip,medium,WHITE,ziyadnz/hourly-ipv4,ziyadnz|hourly,2026-08-17T18:48:05Z,2026-08-17T18:48:05Z,
111.92.157.209,ipv4,malicious-ip,medium,WHITE,ziyadnz/hourly-ipv4,ziyadnz|hourly,2026-08-17T18:48:05Z,2026-08-17T18:48:05Z,
111.92.157.214,ipv4,malicious-ip,medium,WHITE,ziyadnz/hourly-ipv4,ziyadnz|hourly,2026-08-17T18:48:05Z,2026-08-17T18:48:05Z,
111.92.157.216,ipv4,malicious-ip,medium,WHITE,ziyadnz/hourly-ipv4,ziyadnz|hourly,2026-08-17T18:48:05Z,2026-08-17T18:48:05Z,
111.92.157.217,ipv4,malicious-ip,medium,WHITE,ziyadnz/hourly-ipv4,ziyadnz|hourly,2026-08-17T18:48:05Z,2026-08-17T18:48:05Z,
111.92.157.218,ipv4,malicious-ip,medium,WHITE,ziyadnz/hourly-ipv4,ziyadnz|hourly,2026-08-17T18:48:05Z,2026-08-17T18:48:05Z,
111.92.157.221,ipv4,malicious-ip,medium,WHITE,ziyadnz/hourly-ipv4,ziyadnz|hourly,2026-08-17T18:48:05Z,2026-08-17T18:48:05Z,
111.92.157.225,ipv4,malicious-ip,medium,WHITE,ziyadnz/hourly-ipv4,ziyadnz|hourly,2026-08-17T18:48:05Z,2026-08-17T18:48:05Z,
111.92.157.228,ipv4,malicious-ip,medium,WHITE,ziyadnz/hourly-ipv4,ziyadnz|hourly,2026-08-17T18:48:05Z,2026-08-17T18:48:05Z,
111.92.157.229,ipv4,malicious-ip,medium,WHITE,ziyadnz/hourly-ipv4,ziyadnz|hourly,2026-08-17T18:48:05Z,2026-08-17T18:48:05Z,
111.92.157.230,ipv4,malicious-ip,medium,WHITE,ziyadnz/hourly-ipv4,ziyadnz|hourly,2026-08-17T18:48:05Z,2026-08-17T18:48:05Z,
111.92.157.243,ipv4,malicious-ip,medium,WHITE,ziyadnz/hourly-ipv4,ziyadnz|hourly,2026-08-17T18:48:05Z,2026-08-17T18:48:05Z,
111.92.157.251,ipv4,malicious-ip,medium,WHITE,ziyadnz/hourly-ipv4,ziyadnz|hourly,2026-08-17T18:48:05Z,2026-08-17T18:48:05Z,
111.92.157.254,ipv4,malicious-ip,medium,WHITE,ziyadnz/hourly-ipv4,ziyadnz|hourly,2026-08-17T18:48:05Z,2026-08-17T18:48:05Z,
111.92.164.11,ipv4,malicious-ip,medium,WHITE,ziyadnz/hourly-ipv4,ziyadnz|hourly,2026-08-17T18:48:05Z,2026-08-17T18:48:05Z,
111.92.242.47,ipv4,malicious-ip,medium,WHITE,ziyadnz/hourly-ipv4,ziyadnz|hourly,2026-08-17T18:48:05Z,2026-08-17T18:48:05Z,
111.92.47.33,ipv4,malicious-ip,medium,WHITE,ziyadnz/hourly-ipv4,ziyadnz|hourly,2026-08-17T18:48:05Z,2026-08-17T18:48:05Z,
111.92.47.70,ipv4,malicious-ip,medium,WHITE,ziyadnz/hourly-ipv4,ziyadnz|hourly,2026-08-17T18:48:05Z,2026-08-17T18:48:05Z,
111.92.49.102,ipv4,malicious-ip,medium,WHITE,ziyadnz/hourly-ipv4,ziyadnz|hourly,2026-08-17T18:48:05Z,2026-08-17T18:48:05Z,
111.92.67.236,ipv4,malicious-ip,medium,WHITE,ziyadnz/hourly-ipv4,ziyadnz|hourly,2026-08-17T18:48:05Z,2026-08-17T18:48:05Z,
111.92.72.149,ipv4,malicious-ip,medium,WHITE,ziyadnz/hourly-ipv4,ziyadnz|hourly,2026-08-17T18:48:05Z,2026-08-17T18:48:05Z,
111.92.80.45,ipv4,malicious-ip,medium,WHITE,ziyadnz/hourly-ipv4,ziyadnz|hourly,2026-08-17T18:48:05Z,2026-08-17T18:48:05Z,
111.92.83.7,ipv4,malicious-ip,medium,WHITE,ziyadnz/hourly-ipv4,ziyadnz|hourly,2026-08-17T18:48:05Z,2026-08-17T18:48:05Z,
111.92.86.108,ipv4,malicious-ip,medium,WHITE,ziyadnz/hourly-ipv4,ziyadnz|hourly,2026-08-17T18:48:05Z,2026-08-17T18:48:05Z,
111.93.186.150,ipv4,malicious-ip,medium,WHITE,ziyadnz/hourly-ipv4,ziyadnz|hourly,2026-08-17T18:48:05Z,2026-08-17T18:48:05Z,
111.93.58.162,ipv4,malicious-ip,medium,WHITE,ziyadnz/hourly-ipv4,ziyadnz|hourly,2026-08-17T18:48:05Z,2026-08-17T18:48:05Z,
111.94.92.98,ipv4,malicious-ip,medium,WHITE,ziyadnz/hourly-ipv4,ziyadnz|hourly,2026-08-17T18:48:05Z,2026-08-17T18:48:05Z,
111.95.104.42,ipv4,malicious-ip,medium,WHITE,ziyadnz/hourly-ipv4,ziyadnz|hourly,2026-08-17T18:48:05Z,2026-08-17T18:48:05Z,
111.95.12.252,ipv4,malicious-ip,medium,WHITE,ziyadnz/hourly-ipv4,ziyadnz|hourly,2026-08-17T18:48:05Z,2026-08-17T18:48:05Z,
111.95.44.218,ipv4,malicious-ip,medium,WHITE,ziyadnz/hourly-ipv4,ziyadnz|hourly,2026-08-17T18:48:05Z,2026-08-17T18:48:05Z,
112.1.65.42,ipv4,malicious-ip,medium,WHITE,ziyadnz/hourly-ipv4,ziyadnz|hourly,2026-08-17T18:48:05Z,2026-08-17T18:48:05Z,
112.10.226.150,ipv4,malicious-ip,medium,WHITE,ziyadnz/hourly-ipv4,ziyadnz|hourly,2026-08-17T18:48:05Z,2026-08-17T18:48:05Z,
112.101.18.18,ipv4,malicious-ip,medium,WHITE,ziyadnz/hourly-ipv4,ziyadnz|hourly,2026-08-17T18:48:05Z,2026-08-17T18:48:05Z,
112.101.75.9,ipv4,malicious-ip,medium,WHITE,ziyadnz/hourly-ipv4,ziyadnz|hourly,2026-08-17T18:48:05Z,2026-08-17T18:48:05Z,
112.102.168.217,ipv4,malicious-ip,medium,WHITE,ziyadnz/hourly-ipv4,ziyadnz|hourly,2026-08-17T18:48:05Z,2026-08-17T18:48:05Z,
112.102.169.137,ipv4,malicious-ip,medium,WHITE,ziyadnz/hourly-ipv4,ziyadnz|hourly,2026-08-17T18:48:05Z,2026-08-17T18:48:05Z,
112.102.169.236,ipv4,malicious-ip,medium,WHITE,ziyadnz/hourly-ipv4,ziyadnz|hourly,2026-08-17T18:48:05Z,2026-08-17T18:48:05Z,
112.102.220.18,ipv4,malicious-ip,medium,WHITE,ziyadnz/hourly-ipv4,ziyadnz|hourly,2026-08-17T18:48:05Z,2026-08-17T18:48:05Z,
112.102.221.234,ipv4,malicious-ip,medium,WHITE,ziyadnz/hourly-ipv4,ziyadnz|hourly,2026-08-17T18:48:05Z,2026-08-17T18:48:05Z,
112.102.227.101,ipv4,malicious-ip,medium,WHITE,ziyadnz/hourly-ipv4,ziyadnz|hourly,2026-08-17T18:48:05Z,2026-08-17T18:48:05Z,
112.102.227.102,ipv4,malicious-ip,medium,WHITE,ziyadnz/hourly-ipv4,ziyadnz|hourly,2026-08-17T18:48:05Z,2026-08-17T18:48:05Z,
112.102.227.97,ipv4,malicious-ip,medium,WHITE,ziyadnz/hourly-ipv4,ziyadnz|hourly,2026-08-17T18:48:05Z,2026-08-17T18:48:05Z,
112.102.36.69,ipv4,malicious-ip,medium,WHITE,ziyadnz/hourly-ipv4,ziyadnz|hourly,2026-08-17T18:48:05Z,2026-08-17T18:48:05Z,
112.102.37.162,ipv4,malicious-ip,medium,WHITE,ziyadnz/hourly-ipv4,ziyadnz|hourly,2026-08-17T18:48:05Z,2026-08-17T18:48:05Z,
112.102.37.221,ipv4,malicious-ip,medium,WHITE,ziyadnz/hourly-ipv4,ziyadnz|hourly,2026-08-17T18:48:05Z,2026-08-17T18:48:05Z,
112.102.37.70,ipv4,malicious-ip,medium,WHITE,ziyadnz/hourly-ipv4,ziyadnz|hourly,2026-08-17T18:48:05Z,2026-08-17T18:48:05Z,
112.102.84.158,ipv4,malicious-ip,medium,WHITE,ziyadnz/hourly-ipv4,ziyadnz|hourly,2026-08-17T18:48:05Z,2026-08-17T18:48:05Z,
112.102.84.20,ipv4,malicious-ip,medium,WHITE,ziyadnz/hourly-ipv4,ziyadnz|hourly,2026-08-17T18:48:05Z,2026-08-17T18:48:05Z,
112.102.87.29,ipv4,malicious-ip,medium,WHITE,ziyadnz/hourly-ipv4,ziyadnz|hourly,2026-08-17T18:48:05Z,2026-08-17T18:48:05Z,
112.103.112.22,ipv4,malicious-ip,medium,WHITE,ziyadnz/hourly-ipv4,ziyadnz|hourly,2026-08-17T18:48:05Z,2026-08-17T18:48:05Z,
112.103.128.242,ipv4,malicious-ip,medium,WHITE,ziyadnz/hourly-ipv4,ziyadnz|hourly,2026-08-17T18:48:05Z,2026-08-17T18:48:05Z,
112.103.128.88,ipv4,malicious-ip,medium,WHITE,ziyadnz/hourly-ipv4,ziyadnz|hourly,2026-08-17T18:48:05Z,2026-08-17T18:48:05Z,
112.103.129.25,ipv4,malicious-ip,medium,WHITE,ziyadnz/hourly-ipv4,ziyadnz|hourly,2026-08-17T18:48:05Z,2026-08-17T18:48:05Z,
112.103.129.33,ipv4,malicious-ip,medium,WHITE,ziyadnz/hourly-ipv4,ziyadnz|hourly,2026-08-17T18:48:05Z,2026-08-17T18:48:05Z,
112.103.129.89,ipv4,malicious-ip,medium,WHITE,ziyadnz/hourly-ipv4,ziyadnz|hourly,2026-08-17T18:48:05Z,2026-08-17T18:48:05Z,
112.103.130.0,ipv4,malicious-ip,medium,WHITE,ziyadnz/hourly-ipv4,ziyadnz|hourly,2026-08-17T18:48:05Z,2026-08-17T18:48:05Z,
112.103.130.169,ipv4,malicious-ip,medium,WHITE,ziyadnz/hourly-ipv4,ziyadnz|hourly,2026-08-17T18:48:05Z,2026-08-17T18:48:05Z,
112.103.130.181,ipv4,malicious-ip,medium,WHITE,ziyadnz/hourly-ipv4,ziyadnz|hourly,2026-08-17T18:48:05Z,2026-08-17T18:48:05Z,
112.103.130.182,ipv4,malicious-ip,medium,WHITE,ziyadnz/hourly-ipv4,ziyadnz|hourly,2026-08-17T18:48:05Z,2026-08-17T18:48:05Z,
112.103.130.237,ipv4,malicious-ip,medium,WHITE,ziyadnz/hourly-ipv4,ziyadnz|hourly,2026-08-17T18:48:05Z,2026-08-17T18:48:05Z,
112.103.130.254,ipv4,malicious-ip,medium,WHITE,ziyadnz/hourly-ipv4,ziyadnz|hourly,2026-08-17T18:48:05Z,2026-08-17T18:48:05Z,
112.103.130.48,ipv4,malicious-ip,medium,WHITE,ziyadnz/hourly-ipv4,ziyadnz|hourly,2026-08-17T18:48:05Z,2026-08-17T18:48:05Z,
112.103.131.112,ipv4,malicious-ip,medium,WHITE,ziyadnz/hourly-ipv4,ziyadnz|hourly,2026-08-17T18:48:05Z,2026-08-17T18:48:05Z,
112.103.131.146,ipv4,malicious-ip,medium,WHITE,ziyadnz/hourly-ipv4,ziyadnz|hourly,2026-08-17T18:48:05Z,2026-08-17T18:48:05Z,
112.103.142.156,ipv4,malicious-ip,medium,WHITE,ziyadnz/hourly-ipv4,ziyadnz|hourly,2026-08-17T18:48:05Z,2026-08-17T18:48:05Z,
112.103.143.144,ipv4,malicious-ip,medium,WHITE,ziyadnz/hourly-ipv4,ziyadnz|hourly,2026-08-17T18:48:05Z,2026-08-17T18:48:05Z,
112.103.143.53,ipv4,malicious-ip,medium,WHITE,ziyadnz/hourly-ipv4,ziyadnz|hourly,2026-08-17T18:48:05Z,2026-08-17T18:48:05Z,
112.103.204.211,ipv4,malicious-ip,medium,WHITE,ziyadnz/hourly-ipv4,ziyadnz|hourly,2026-08-17T18:48:05Z,2026-08-17T18:48:05Z,
112.103.204.221,ipv4,malicious-ip,medium,WHITE,ziyadnz/hourly-ipv4,ziyadnz|hourly,2026-08-17T18:48:05Z,2026-08-17T18:48:05Z,
112.103.207.121,ipv4,malicious-ip,medium,WHITE,ziyadnz/hourly-ipv4,ziyadnz|hourly,2026-08-17T18:48:05Z,2026-08-17T18:48:05Z,
112.103.207.197,ipv4,malicious-ip,medium,WHITE,ziyadnz/hourly-ipv4,ziyadnz|hourly,2026-08-17T18:48:05Z,2026-08-17T18:48:05Z,
112.103.207.201,ipv4,malicious-ip,medium,WHITE,ziyadnz/hourly-ipv4,ziyadnz|hourly,2026-08-17T18:48:05Z,2026-08-17T18:48:05Z,
112.103.60.175,ipv4,malicious-ip,medium,WHITE,ziyadnz/hourly-ipv4,ziyadnz|hourly,2026-08-17T18:48:05Z,2026-08-17T18:48:05Z,
112.103.60.189,ipv4,malicious-ip,medium,WHITE,ziyadnz/hourly-ipv4,ziyadnz|hourly,2026-08-17T18:48:05Z,2026-08-17T18:48:05Z,
112.103.61.0,ipv4,malicious-ip,medium,WHITE,ziyadnz/hourly-ipv4,ziyadnz|hourly,2026-08-17T18:48:05Z,2026-08-17T18:48:05Z,
112.103.61.122,ipv4,malicious-ip,medium,WHITE,ziyadnz/hourly-ipv4,ziyadnz|hourly,2026-08-17T18:48:05Z,2026-08-17T18:48:05Z,
112.103.61.126,ipv4,malicious-ip,medium,WHITE,ziyadnz/hourly-ipv4,ziyadnz|hourly,2026-08-17T18:48:05Z,2026-08-17T18:48:05Z,
112.103.61.158,ipv4,malicious-ip,medium,WHITE,ziyadnz/hourly-ipv4,ziyadnz|hourly,2026-08-17T18:48:05Z,2026-08-17T18:48:05Z,
112.103.61.18,ipv4,malicious-ip,medium,WHITE,ziyadnz/hourly-ipv4,ziyadnz|hourly,2026-08-17T18:48:05Z,2026-08-17T18:48:05Z,
112.103.61.236,ipv4,malicious-ip,medium,WHITE,ziyadnz/hourly-ipv4,ziyadnz|hourly,2026-08-17T18:48:05Z,2026-08-17T18:48:05Z,
112.103.61.54,ipv4,malicious-ip,medium,WHITE,ziyadnz/hourly-ipv4,ziyadnz|hourly,2026-08-17T18:48:05Z,2026-08-17T18:48:05Z,
112.103.62.138,ipv4,malicious-ip,medium,WHITE,ziyadnz/hourly-ipv4,ziyadnz|hourly,2026-08-17T18:48:05Z,2026-08-17T18:48:05Z,
112.103.62.219,ipv4,malicious-ip,medium,WHITE,ziyadnz/hourly-ipv4,ziyadnz|hourly,2026-08-17T18:48:05Z,2026-08-17T18:48:05Z,
112.103.63.184,ipv4,malicious-ip,medium,WHITE,ziyadnz/hourly-ipv4,ziyadnz|hourly,2026-08-17T18:48:05Z,2026-08-17T18:48:05Z,
112.103.72.34,ipv4,malicious-ip,medium,WHITE,ziyadnz/hourly-ipv4,ziyadnz|hourly,2026-08-17T18:48:05Z,2026-08-17T18:48:05Z,
112.103.73.146,ipv4,malicious-ip,medium,WHITE,ziyadnz/hourly-ipv4,ziyadnz|hourly,2026-08-17T18:48:05Z,2026-08-17T18:48:05Z,
112.103.73.36,ipv4,malicious-ip,medium,WHITE,ziyadnz/hourly-ipv4,ziyadnz|hourly,2026-08-17T18:48:05Z,2026-08-17T18:48:05Z,
112.103.74.147,ipv4,malicious-ip,medium,WHITE,ziyadnz/hourly-ipv4,ziyadnz|hourly,2026-08-17T18:48:05Z,2026-08-17T18:48:05Z,
112.103.74.157,ipv4,malicious-ip,medium,WHITE,ziyadnz/hourly-ipv4,ziyadnz|hourly,2026-08-17T18:48:05Z,2026-08-17T18:48:05Z,
112.103.74.34,ipv4,malicious-ip,medium,WHITE,ziyadnz/hourly-ipv4,ziyadnz|hourly,2026-08-17T18:48:05Z,2026-08-17T18:48:05Z,
112.103.74.9,ipv4,malicious-ip,medium,WHITE,ziyadnz/hourly-ipv4,ziyadnz|hourly,2026-08-17T18:48:05Z,2026-08-17T18:48:05Z,
112.103.94.13,ipv4,malicious-ip,medium,WHITE,ziyadnz/hourly-ipv4,ziyadnz|hourly,2026-08-17T18:48:05Z,2026-08-17T18:48:05Z,
112.103.94.131,ipv4,malicious-ip,medium,WHITE,ziyadnz/hourly-ipv4,ziyadnz|hourly,2026-08-17T18:48:05Z,2026-08-17T18:48:05Z,
112.103.94.21,ipv4,malicious-ip,medium,WHITE,ziyadnz/hourly-ipv4,ziyadnz|hourly,2026-08-17T18:48:05Z,2026-08-17T18:48:05Z,
112.103.94.36,ipv4,malicious-ip,medium,WHITE,ziyadnz/hourly-ipv4,ziyadnz|hourly,2026-08-17T18:48:05Z,2026-08-17T18:48:05Z,
112.103.95.117,ipv4,malicious-ip,medium,WHITE,ziyadnz/hourly-ipv4,ziyadnz|hourly,2026-08-17T18:48:05Z,2026-08-17T18:48:05Z,
112.103.95.191,ipv4,malicious-ip,medium,WHITE,ziyadnz/hourly-ipv4,ziyadnz|hourly,2026-08-17T18:48:05Z,2026-08-17T18:48:05Z,
112.103.95.34,ipv4,malicious-ip,medium,WHITE,ziyadnz/hourly-ipv4,ziyadnz|hourly,2026-08-17T18:48:05Z,2026-08-17T18:48:05Z,
112.103.95.36,ipv4,malicious-ip,medium,WHITE,ziyadnz/hourly-ipv4,ziyadnz|hourly,2026-08-17T18:48:05Z,2026-08-17T18:48:05Z,
112.104.154.26,ipv4,malicious-ip,medium,WHITE,ziyadnz/hourly-ipv4,ziyadnz|hourly,2026-08-17T18:48:05Z,2026-08-17T18:48:05Z,
112.105.19.170,ipv4,malicious-ip,medium,WHITE,ziyadnz/hourly-ipv4,ziyadnz|hourly,2026-08-17T18:48:05Z,2026-08-17T18:48:05Z,
112.105.44.37,ipv4,malicious-ip,medium,WHITE,ziyadnz/hourly-ipv4,ziyadnz|hourly,2026-08-17T18:48:05Z,2026-08-17T18:48:05Z,
112.105.8.9,ipv4,malicious-ip,medium,WHITE,ziyadnz/hourly-ipv4,ziyadnz|hourly,2026-08-17T18:48:05Z,2026-08-17T18:48:05Z,
112.109.194.122,ipv4,malicious-ip,medium,WHITE,ziyadnz/hourly-ipv4,ziyadnz|hourly,2026-08-17T18:48:05Z,2026-08-17T18:48:05Z,
112.110.145.39,ipv4,malicious-ip,medium,WHITE,ziyadnz/hourly-ipv4,ziyadnz|hourly,2026-08-17T18:48:05Z,2026-08-17T18:48:05Z,
112.111.240.123,ipv4,malicious-ip,medium,WHITE,ziyadnz/hourly-ipv4,ziyadnz|hourly,2026-08-17T18:48:05Z,2026-08-17T18:48:05Z,
112.112.107.177,ipv4,malicious-ip,medium,WHITE,ziyadnz/hourly-ipv4,ziyadnz|hourly,2026-08-17T18:48:05Z,2026-08-17T18:48:05Z,
112.113.108.5,ipv4,malicious-ip,medium,WHITE,ziyadnz/hourly-ipv4,ziyadnz|hourly,2026-08-17T18:48:05Z,2026-08-17T18:48:05Z,
112.113.112.5,ipv4,malicious-ip,medium,WHITE,ziyadnz/hourly-ipv4,ziyadnz|hourly,2026-08-17T18:48:05Z,2026-08-17T18:48:05Z,
112.116.115.99,ipv4,malicious-ip,medium,WHITE,ziyadnz/hourly-ipv4,ziyadnz|hourly,2026-08-17T18:48:05Z,2026-08-17T18:48:05Z,
112.117.13.100,ipv4,malicious-ip,medium,WHITE,ziyadnz/hourly-ipv4,ziyadnz|hourly,2026-08-17T18:48:05Z,2026-08-17T18:48:05Z,
112.117.13.89,ipv4,malicious-ip,medium,WHITE,ziyadnz/hourly-ipv4,ziyadnz|hourly,2026-08-17T18:48:05Z,2026-08-17T18:48:05Z,
112.117.93.173,ipv4,malicious-ip,medium,WHITE,ziyadnz/hourly-ipv4,ziyadnz|hourly,2026-08-17T18:48:05Z,2026-08-17T18:48:05Z,
112.118.213.155,ipv4,malicious-ip,medium,WHITE,ziyadnz/hourly-ipv4,ziyadnz|hourly,2026-08-17T18:48:05Z,2026-08-17T18:48:05Z,
112.118.48.186,ipv4,malicious-ip,medium,WHITE,ziyadnz/hourly-ipv4,ziyadnz|hourly,2026-08-17T18:48:05Z,2026-08-17T18:48:05Z,
112.118.81.235,ipv4,malicious-ip,medium,WHITE,ziyadnz/hourly-ipv4,ziyadnz|hourly,2026-08-17T18:48:05Z,2026-08-17T18:48:05Z,
112.119.21.245,ipv4,malicious-ip,medium,WHITE,ziyadnz/hourly-ipv4,ziyadnz|hourly,2026-08-17T18:48:05Z,2026-08-17T18:48:05Z,
112.119.50.159,ipv4,malicious-ip,medium,WHITE,ziyadnz/hourly-ipv4,ziyadnz|hourly,2026-08-17T18:48:05Z,2026-08-17T18:48:05Z,
112.12.224.5,ipv4,malicious-ip,medium,WHITE,ziyadnz/hourly-ipv4,ziyadnz|hourly,2026-08-17T18:48:05Z,2026-08-17T18:48:05Z,
112.120.115.152,ipv4,malicious-ip,medium,WHITE,ziyadnz/hourly-ipv4,ziyadnz|hourly,2026-08-17T18:48:05Z,2026-08-17T18:48:05Z,
112.121.165.45,ipv4,malicious-ip,medium,WHITE,ziyadnz/hourly-ipv4,ziyadnz|hourly,2026-08-17T18:48:05Z,2026-08-17T18:48:05Z,
112.121.165.46,ipv4,malicious-ip,medium,WHITE,ziyadnz/hourly-ipv4,ziyadnz|hourly,2026-08-17T18:48:05Z,2026-08-17T18:48:05Z,
112.121.204.181,ipv4,malicious-ip,medium,WHITE,ziyadnz/hourly-ipv4,ziyadnz|hourly,2026-08-17T18:48:05Z,2026-08-17T18:48:05Z,
112.123.185.177,ipv4,malicious-ip,medium,WHITE,ziyadnz/hourly-ipv4,ziyadnz|hourly,2026-08-17T18:48:05Z,2026-08-17T18:48:05Z,
112.123.228.180,ipv4,malicious-ip,medium,WHITE,ziyadnz/hourly-ipv4,ziyadnz|hourly,2026-08-17T18:48:05Z,2026-08-17T18:48:05Z,
112.124.1.210,ipv4,malicious-ip,medium,WHITE,ziyadnz/hourly-ipv4,ziyadnz|hourly,2026-08-17T18:48:05Z,2026-08-17T18:48:05Z,
112.124.13.104,ipv4,malicious-ip,medium,WHITE,ziyadnz/hourly-ipv4,ziyadnz|hourly,2026-08-17T18:48:05Z,2026-08-17T18:48:05Z,
112.124.30.109,ipv4,malicious-ip,medium,WHITE,ziyadnz/hourly-ipv4,ziyadnz|hourly,2026-08-17T18:48:05Z,2026-08-17T18:48:05Z,
112.124.47.235,ipv4,malicious-ip,medium,WHITE,ziyadnz/hourly-ipv4,ziyadnz|hourly,2026-08-17T18:48:05Z,2026-08-17T18:48:05Z,
112.124.51.174,ipv4,malicious-ip,medium,WHITE,ziyadnz/hourly-ipv4,ziyadnz|hourly,2026-08-17T18:48:05Z,2026-08-17T18:48:05Z,
112.124.54.115,ipv4,malicious-ip,medium,WHITE,ziyadnz/hourly-ipv4,ziyadnz|hourly,2026-08-17T18:48:05Z,2026-08-17T18:48:05Z,
112.124.58.179,ipv4,malicious-ip,medium,WHITE,ziyadnz/hourly-ipv4,ziyadnz|hourly,2026-08-17T18:48:05Z,2026-08-17T18:48:05Z,
112.124.59.13,ipv4,malicious-ip,medium,WHITE,ziyadnz/hourly-ipv4,ziyadnz|hourly,2026-08-17T18:48:05Z,2026-08-17T18:48:05Z,
112.124.59.239,ipv4,malicious-ip,medium,WHITE,ziyadnz/hourly-ipv4,ziyadnz|hourly,2026-08-17T18:48:05Z,2026-08-17T18:48:05Z,
112.124.65.40,ipv4,malicious-ip,medium,WHITE,ziyadnz/hourly-ipv4,ziyadnz|hourly,2026-08-17T18:48:05Z,2026-08-17T18:48:05Z,
112.124.70.111,ipv4,malicious-ip,medium,WHITE,ziyadnz/hourly-ipv4,ziyadnz|hourly,2026-08-17T18:48:05Z,2026-08-17T18:48:05Z,
112.124.8.90,ipv4,malicious-ip,medium,WHITE,ziyadnz/hourly-ipv4,ziyadnz|hourly,2026-08-17T18:48:05Z,2026-08-17T18:48:05Z,
112.124.9.226,ipv4,malicious-ip,medium,WHITE,ziyadnz/hourly-ipv4,ziyadnz|hourly,2026-08-17T18:48:05Z,2026-08-17T18:48:05Z,
112.132.159.201,ipv4,malicious-ip,medium,WHITE,ziyadnz/hourly-ipv4,ziyadnz|hourly,2026-08-17T18:48:05Z,2026-08-17T18:48:05Z,
112.132.218.45,ipv4,malicious-ip,medium,WHITE,ziyadnz/hourly-ipv4,ziyadnz|hourly,2026-08-17T18:48:05Z,2026-08-17T18:48:05Z,
112.133.193.253,ipv4,malicious-ip,medium,WHITE,ziyadnz/hourly-ipv4,ziyadnz|hourly,2026-08-17T18:48:05Z,2026-08-17T18:48:05Z,
112.133.194.254,ipv4,malicious-ip,medium,WHITE,ziyadnz/hourly-ipv4,ziyadnz|hourly,2026-08-17T18:48:05Z,2026-08-17T18:48:05Z,
112.133.204.206,ipv4,malicious-ip,medium,WHITE,ziyadnz/hourly-ipv4,ziyadnz|hourly,2026-08-17T18:48:05Z,2026-08-17T18:48:05Z,
112.133.206.2,ipv4,malicious-ip,medium,WHITE,ziyadnz/hourly-ipv4,ziyadnz|hourly,2026-08-17T18:48:05Z,2026-08-17T18:48:05Z,
112.133.215.180,ipv4,malicious-ip,medium,WHITE,ziyadnz/hourly-ipv4,ziyadnz|hourly,2026-08-17T18:48:05Z,2026-08-17T18:48:05Z,
112.133.238.181,ipv4,malicious-ip,medium,WHITE,ziyadnz/hourly-ipv4,ziyadnz|hourly,2026-08-17T18:48:05Z,2026-08-17T18:48:05Z,
112.133.239.115,ipv4,malicious-ip,medium,WHITE,ziyadnz/hourly-ipv4,ziyadnz|hourly,2026-08-17T18:48:05Z,2026-08-17T18:48:05Z,
112.133.246.0,ipv4,malicious-ip,medium,WHITE,ziyadnz/hourly-ipv4,ziyadnz|hourly,2026-08-17T18:48:05Z,2026-08-17T18:48:05Z,
112.133.246.72,ipv4,malicious-ip,medium,WHITE,ziyadnz/hourly-ipv4,ziyadnz|hourly,2026-08-17T18:48:05Z,2026-08-17T18:48:05Z,
112.133.246.75,ipv4,malicious-ip,medium,WHITE,ziyadnz/hourly-ipv4,ziyadnz|hourly,2026-08-17T18:48:05Z,2026-08-17T18:48:05Z,
112.133.246.77,ipv4,malicious-ip,medium,WHITE,ziyadnz/hourly-ipv4,ziyadnz|hourly,2026-08-17T18:48:05Z,2026-08-17T18:48:05Z,
112.133.246.79,ipv4,malicious-ip,medium,WHITE,ziyadnz/hourly-ipv4,ziyadnz|hourly,2026-08-17T18:48:05Z,2026-08-17T18:48:05Z,
112.133.246.82,ipv4,malicious-ip,medium,WHITE,ziyadnz/hourly-ipv4,ziyadnz|hourly,2026-08-17T18:48:05Z,2026-08-17T18:48:05Z,
112.133.246.84,ipv4,malicious-ip,medium,WHITE,ziyadnz/hourly-ipv4,ziyadnz|hourly,2026-08-17T18:48:05Z,2026-08-17T18:48:05Z,
112.133.246.88,ipv4,malicious-ip,medium,WHITE,ziyadnz/hourly-ipv4,ziyadnz|hourly,2026-08-17T18:48:05Z,2026-08-17T18:48:05Z,
112.133.246.89,ipv4,malicious-ip,medium,WHITE,ziyadnz/hourly-ipv4,ziyadnz|hourly,2026-08-17T18:48:05Z,2026-08-17T18:48:05Z,
112.133.27.14,ipv4,malicious-ip,medium,WHITE,ziyadnz/hourly-ipv4,ziyadnz|hourly,2026-08-17T18:48:05Z,2026-08-17T18:48:05Z,
112.133.27.37,ipv4,malicious-ip,medium,WHITE,ziyadnz/hourly-ipv4,ziyadnz|hourly,2026-08-17T18:48:05Z,2026-08-17T18:48:05Z,
112.134.166.99,ipv4,malicious-ip,medium,WHITE,ziyadnz/hourly-ipv4,ziyadnz|hourly,2026-08-17T18:48:05Z,2026-08-17T18:48:05Z,
112.134.186.14,ipv4,malicious-ip,medium,WHITE,ziyadnz/hourly-ipv4,ziyadnz|hourly,2026-08-17T18:48:05Z,2026-08-17T18:48:05Z,
112.134.191.193,ipv4,malicious-ip,medium,WHITE,ziyadnz/hourly-ipv4,ziyadnz|hourly,2026-08-17T18:48:05Z,2026-08-17T18:48:05Z,
112.134.199.107,ipv4,malicious-ip,medium,WHITE,ziyadnz/hourly-ipv4,ziyadnz|hourly,2026-08-17T18:48:05Z,2026-08-17T18:48:05Z,
112.134.208.214,ipv4,malicious-ip,medium,WHITE,ziyadnz/hourly-ipv4,ziyadnz|hourly,2026-08-17T18:48:05Z,2026-08-17T18:48:05Z,
112.134.32.143,ipv4,malicious-ip,medium,WHITE,ziyadnz/hourly-ipv4,ziyadnz|hourly,2026-08-17T18:48:05Z,2026-08-17T18:48:05Z,
112.134.33.205,ipv4,malicious-ip,medium,WHITE,ziyadnz/hourly-ipv4,ziyadnz|hourly,2026-08-17T18:48:05Z,2026-08-17T18:48:05Z,
112.135.188.151,ipv4,malicious-ip,medium,WHITE,ziyadnz/hourly-ipv4,ziyadnz|hourly,2026-08-17T18:48:05Z,2026-08-17T18:48:05Z,
112.135.198.243,ipv4,malicious-ip,medium,WHITE,ziyadnz/hourly-ipv4,ziyadnz|hourly,2026-08-17T18:48:05Z,2026-08-17T18:48:05Z,
112.135.201.124,ipv4,malicious-ip,medium,WHITE,ziyadnz/hourly-ipv4,ziyadnz|hourly,2026-08-17T18:48:05Z,2026-08-17T18:48:05Z,
112.135.65.118,ipv4,malicious-ip,medium,WHITE,ziyadnz/hourly-ipv4,ziyadnz|hourly,2026-08-17T18:48:05Z,2026-08-17T18:48:05Z,
112.137.129.183,ipv4,malicious-ip,medium,WHITE,ziyadnz/hourly-ipv4,ziyadnz|hourly,2026-08-17T18:48:05Z,2026-08-17T18:48:05Z,
112.137.143.2,ipv4,malicious-ip,medium,WHITE,ziyadnz/hourly-ipv4,ziyadnz|hourly,2026-08-17T18:48:05Z,2026-08-17T18:48:05Z,
112.14.72.63,ipv4,malicious-ip,medium,WHITE,ziyadnz/hourly-ipv4,ziyadnz|hourly,2026-08-17T18:48:05Z,2026-08-17T18:48:05Z,
112.140.184.197,ipv4,malicious-ip,medium,WHITE,ziyadnz/hourly-ipv4,ziyadnz|hourly,2026-08-17T18:48:05Z,2026-08-17T18:48:05Z,
112.140.187.102,ipv4,malicious-ip,medium,WHITE,ziyadnz/hourly-ipv4,ziyadnz|hourly,2026-08-17T18:48:05Z,2026-08-17T18:48:05Z,
112.145.141.76,ipv4,malicious-ip,medium,WHITE,ziyadnz/hourly-ipv4,ziyadnz|hourly,2026-08-17T18:48:05Z,2026-08-17T18:48:05Z,
112.146.77.37,ipv4,malicious-ip,medium,WHITE,ziyadnz/hourly-ipv4,ziyadnz|hourly,2026-08-17T18:48:05Z,2026-08-17T18:48:05Z,
112.15.117.209,ipv4,malicious-ip,medium,WHITE,ziyadnz/hourly-ipv4,ziyadnz|hourly,2026-08-17T18:48:05Z,2026-08-17T18:48:05Z,
112.151.178.49,ipv4,malicious-ip,medium,WHITE,ziyadnz/hourly-ipv4,ziyadnz|hourly,2026-08-17T18:48:05Z,2026-08-17T18:48:05Z,
112.155.126.105,ipv4,malicious-ip,medium,WHITE,ziyadnz/hourly-ipv4,ziyadnz|hourly,2026-08-17T18:48:05Z,2026-08-17T18:48:05Z,
112.156.166.41,ipv4,malicious-ip,medium,WHITE,ziyadnz/hourly-ipv4,ziyadnz|hourly,2026-08-17T18:48:05Z,2026-08-17T18:48:05Z,
112.158.200.53,ipv4,malicious-ip,medium,WHITE,ziyadnz/hourly-ipv4,ziyadnz|hourly,2026-08-17T18:48:05Z,2026-08-17T18:48:05Z,
112.160.91.69,ipv4,malicious-ip,medium,WHITE,ziyadnz/hourly-ipv4,ziyadnz|hourly,2026-08-17T18:48:05Z,2026-08-17T18:48:05Z,
112.162.18.150,ipv4,malicious-ip,medium,WHITE,ziyadnz/hourly-ipv4,ziyadnz|hourly,2026-08-17T18:48:05Z,2026-08-17T18:48:05Z,
112.164.196.45,ipv4,malicious-ip,medium,WHITE,ziyadnz/hourly-ipv4,ziyadnz|hourly,2026-08-17T18:48:05Z,2026-08-17T18:48:05Z,
112.164.196.95,ipv4,malicious-ip,medium,WHITE,ziyadnz/hourly-ipv4,ziyadnz|hourly,2026-08-17T18:48:05Z,2026-08-17T18:48:05Z,
112.164.197.227,ipv4,malicious-ip,medium,WHITE,ziyadnz/hourly-ipv4,ziyadnz|hourly,2026-08-17T18:48:05Z,2026-08-17T18:48:05Z,
112.164.209.108,ipv4,malicious-ip,medium,WHITE,ziyadnz/hourly-ipv4,ziyadnz|hourly,2026-08-17T18:48:05Z,2026-08-17T18:48:05Z,
112.164.209.49,ipv4,malicious-ip,medium,WHITE,ziyadnz/hourly-ipv4,ziyadnz|hourly,2026-08-17T18:48:05Z,2026-08-17T18:48:05Z,
112.164.209.55,ipv4,malicious-ip,medium,WHITE,ziyadnz/hourly-ipv4,ziyadnz|hourly,2026-08-17T18:48:05Z,2026-08-17T18:48:05Z,
112.164.211.228,ipv4,malicious-ip,medium,WHITE,ziyadnz/hourly-ipv4,ziyadnz|hourly,2026-08-17T18:48:05Z,2026-08-17T18:48:05Z,
112.164.240.110,ipv4,malicious-ip,medium,WHITE,ziyadnz/hourly-ipv4,ziyadnz|hourly,2026-08-17T18:48:05Z,2026-08-17T18:48:05Z,
112.165.85.84,ipv4,malicious-ip,medium,WHITE,ziyadnz/hourly-ipv4,ziyadnz|hourly,2026-08-17T18:48:05Z,2026-08-17T18:48:05Z,
112.166.31.254,ipv4,malicious-ip,medium,WHITE,ziyadnz/hourly-ipv4,ziyadnz|hourly,2026-08-17T18:48:05Z,2026-08-17T18:48:05Z,
112.167.77.16,ipv4,malicious-ip,medium,WHITE,ziyadnz/hourly-ipv4,ziyadnz|hourly,2026-08-17T18:48:05Z,2026-08-17T18:48:05Z,
112.168.171.175,ipv4,malicious-ip,medium,WHITE,ziyadnz/hourly-ipv4,ziyadnz|hourly,2026-08-17T18:48:05Z,2026-08-17T18:48:05Z,
112.169.150.211,ipv4,malicious-ip,medium,WHITE,ziyadnz/hourly-ipv4,ziyadnz|hourly,2026-08-17T18:48:05Z,2026-08-17T18:48:05Z,
112.169.8.251,ipv4,malicious-ip,medium,WHITE,ziyadnz/hourly-ipv4,ziyadnz|hourly,2026-08-17T18:48:05Z,2026-08-17T18:48:05Z,
112.17.173.137,ipv4,malicious-ip,medium,WHITE,ziyadnz/hourly-ipv4,ziyadnz|hourly,2026-08-17T18:48:05Z,2026-08-17T18:48:05Z,
112.171.30.220,ipv4,malicious-ip,medium,WHITE,ziyadnz/hourly-ipv4,ziyadnz|hourly,2026-08-17T18:48:05Z,2026-08-17T18:48:05Z,
112.173.134.151,ipv4,malicious-ip,medium,WHITE,ziyadnz/hourly-ipv4,ziyadnz|hourly,2026-08-17T18:48:05Z,2026-08-17T18:48:05Z,
112.184.11.165,ipv4,malicious-ip,medium,WHITE,ziyadnz/hourly-ipv4,ziyadnz|hourly,2026-08-17T18:48:05Z,2026-08-17T18:48:05Z,
112.184.13.56,ipv4,malicious-ip,medium,WHITE,ziyadnz/hourly-ipv4,ziyadnz|hourly,2026-08-17T18:48:05Z,2026-08-17T18:48:05Z,
112.184.14.127,ipv4,malicious-ip,medium,WHITE,ziyadnz/hourly-ipv4,ziyadnz|hourly,2026-08-17T18:48:05Z,2026-08-17T18:48:05Z,
112.184.21.53,ipv4,malicious-ip,medium,WHITE,ziyadnz/hourly-ipv4,ziyadnz|hourly,2026-08-17T18:48:05Z,2026-08-17T18:48:05Z,
112.184.47.98,ipv4,malicious-ip,medium,WHITE,ziyadnz/hourly-ipv4,ziyadnz|hourly,2026-08-17T18:48:05Z,2026-08-17T18:48:05Z,
112.185.143.13,ipv4,malicious-ip,medium,WHITE,ziyadnz/hourly-ipv4,ziyadnz|hourly,2026-08-17T18:48:05Z,2026-08-17T18:48:05Z,
112.185.230.208,ipv4,malicious-ip,medium,WHITE,ziyadnz/hourly-ipv4,ziyadnz|hourly,2026-08-17T18:48:05Z,2026-08-17T18:48:05Z,
112.185.48.244,ipv4,malicious-ip,medium,WHITE,ziyadnz/hourly-ipv4,ziyadnz|hourly,2026-08-17T18:48:05Z,2026-08-17T18:48:05Z,
112.19.183.76,ipv4,malicious-ip,medium,WHITE,ziyadnz/hourly-ipv4,ziyadnz|hourly,2026-08-17T18:48:05Z,2026-08-17T18:48:05Z,
112.19.31.13,ipv4,malicious-ip,medium,WHITE,ziyadnz/hourly-ipv4,ziyadnz|hourly,2026-08-17T18:48:05Z,2026-08-17T18:48:05Z,
112.196.166.229,ipv4,malicious-ip,medium,WHITE,ziyadnz/hourly-ipv4,ziyadnz|hourly,2026-08-17T18:48:05Z,2026-08-17T18:48:05Z,
112.196.188.113,ipv4,malicious-ip,medium,WHITE,ziyadnz/hourly-ipv4,ziyadnz|hourly,2026-08-17T18:48:05Z,2026-08-17T18:48:05Z,
112.196.188.51,ipv4,malicious-ip,medium,WHITE,ziyadnz/hourly-ipv4,ziyadnz|hourly,2026-08-17T18:48:05Z,2026-08-17T18:48:05Z,
112.196.54.182,ipv4,malicious-ip,medium,WHITE,ziyadnz/hourly-ipv4,ziyadnz|hourly,2026-08-17T18:48:05Z,2026-08-17T18:48:05Z,
112.196.78.4,ipv4,malicious-ip,medium,WHITE,ziyadnz/hourly-ipv4,ziyadnz|hourly,2026-08-17T18:48:05Z,2026-08-17T18:48:05Z,
112.196.97.114,ipv4,malicious-ip,medium,WHITE,ziyadnz/hourly-ipv4,ziyadnz|hourly,2026-08-17T18:48:05Z,2026-08-17T18:48:05Z,
112.198.123.181,ipv4,malicious-ip,medium,WHITE,ziyadnz/hourly-ipv4,ziyadnz|hourly,2026-08-17T18:48:05Z,2026-08-17T18:48:05Z,
112.198.161.119,ipv4,malicious-ip,medium,WHITE,ziyadnz/hourly-ipv4,ziyadnz|hourly,2026-08-17T18:48:05Z,2026-08-17T18:48:05Z,
112.198.163.70,ipv4,malicious-ip,medium,WHITE,ziyadnz/hourly-ipv4,ziyadnz|hourly,2026-08-17T18:48:05Z,2026-08-17T18:48:05Z,
112.199.148.55,ipv4,malicious-ip,medium,WHITE,ziyadnz/hourly-ipv4,ziyadnz|hourly,2026-08-17T18:48:05Z,2026-08-17T18:48:05Z,
112.199.163.231,ipv4,malicious-ip,medium,WHITE,ziyadnz/hourly-ipv4,ziyadnz|hourly,2026-08-17T18:48:05Z,2026-08-17T18:48:05Z,
112.199.192.139,ipv4,malicious-ip,medium,WHITE,ziyadnz/hourly-ipv4,ziyadnz|hourly,2026-08-17T18:48:05Z,2026-08-17T18:48:05Z,
112.199.95.67,ipv4,malicious-ip,medium,WHITE,ziyadnz/hourly-ipv4,ziyadnz|hourly,2026-08-17T18:48:05Z,2026-08-17T18:48:05Z,
112.2.54.137,ipv4,malicious-ip,medium,WHITE,ziyadnz/hourly-ipv4,ziyadnz|hourly,2026-08-17T18:48:05Z,2026-08-17T18:48:05Z,
112.20.185.158,ipv4,malicious-ip,medium,WHITE,ziyadnz/hourly-ipv4,ziyadnz|hourly,2026-08-17T18:48:05Z,2026-08-17T18:48:05Z,
112.200.163.185,ipv4,malicious-ip,medium,WHITE,ziyadnz/hourly-ipv4,ziyadnz|hourly,2026-08-17T18:48:05Z,2026-08-17T18:48:05Z,
112.200.175.185,ipv4,malicious-ip,medium,WHITE,ziyadnz/hourly-ipv4,ziyadnz|hourly,2026-08-17T18:48:05Z,2026-08-17T18:48:05Z,
112.201.131.200,ipv4,malicious-ip,medium,WHITE,ziyadnz/hourly-ipv4,ziyadnz|hourly,2026-08-17T18:48:05Z,2026-08-17T18:48:05Z,
112.201.253.174,ipv4,malicious-ip,medium,WHITE,ziyadnz/hourly-ipv4,ziyadnz|hourly,2026-08-17T18:48:05Z,2026-08-17T18:48:05Z,
112.201.71.130,ipv4,malicious-ip,medium,WHITE,ziyadnz/hourly-ipv4,ziyadnz|hourly,2026-08-17T18:48:05Z,2026-08-17T18:48:05Z,
112.201.71.143,ipv4,malicious-ip,medium,WHITE,ziyadnz/hourly-ipv4,ziyadnz|hourly,2026-08-17T18:48:05Z,2026-08-17T18:48:05Z,
112.201.93.129,ipv4,malicious-ip,medium,WHITE,ziyadnz/hourly-ipv4,ziyadnz|hourly,2026-08-17T18:48:05Z,2026-08-17T18:48:05Z,
112.202.118.51,ipv4,malicious-ip,medium,WHITE,ziyadnz/hourly-ipv4,ziyadnz|hourly,2026-08-17T18:48:05Z,2026-08-17T18:48:05Z,
112.202.124.168,ipv4,malicious-ip,medium,WHITE,ziyadnz/hourly-ipv4,ziyadnz|hourly,2026-08-17T18:48:05Z,2026-08-17T18:48:05Z,
112.202.98.238,ipv4,malicious-ip,medium,WHITE,ziyadnz/hourly-ipv4,ziyadnz|hourly,2026-08-17T18:48:05Z,2026-08-17T18:48:05Z,
112.203.132.19,ipv4,malicious-ip,medium,WHITE,ziyadnz/hourly-ipv4,ziyadnz|hourly,2026-08-17T18:48:05Z,2026-08-17T18:48:05Z,
112.203.68.87,ipv4,malicious-ip,medium,WHITE,ziyadnz/hourly-ipv4,ziyadnz|hourly,2026-08-17T18:48:05Z,2026-08-17T18:48:05Z,
112.206.53.112,ipv4,malicious-ip,medium,WHITE,ziyadnz/hourly-ipv4,ziyadnz|hourly,2026-08-17T18:48:05Z,2026-08-17T18:48:05Z,
112.207.105.22,ipv4,malicious-ip,medium,WHITE,ziyadnz/hourly-ipv4,ziyadnz|hourly,2026-08-17T18:48:05Z,2026-08-17T18:48:05Z,
112.207.177.66,ipv4,malicious-ip,medium,WHITE,ziyadnz/hourly-ipv4,ziyadnz|hourly,2026-08-17T18:48:05Z,2026-08-17T18:48:05Z,
112.207.209.42,ipv4,malicious-ip,medium,WHITE,ziyadnz/hourly-ipv4,ziyadnz|hourly,2026-08-17T18:48:05Z,2026-08-17T18:48:05Z,
112.208.64.0,ipv4,malicious-ip,medium,WHITE,ziyadnz/hourly-ipv4,ziyadnz|hourly,2026-08-17T18:48:05Z,2026-08-17T18:48:05Z,
112.209.170.108,ipv4,malicious-ip,medium,WHITE,ziyadnz/hourly-ipv4,ziyadnz|hourly,2026-08-17T18:48:05Z,2026-08-17T18:48:05Z,
112.209.180.50,ipv4,malicious-ip,medium,WHITE,ziyadnz/hourly-ipv4,ziyadnz|hourly,2026-08-17T18:48:05Z,2026-08-17T18:48:05Z,
112.209.73.222,ipv4,malicious-ip,medium,WHITE,ziyadnz/hourly-ipv4,ziyadnz|hourly,2026-08-17T18:48:05Z,2026-08-17T18:48:05Z,
112.210.192.101,ipv4,malicious-ip,medium,WHITE,ziyadnz/hourly-ipv4,ziyadnz|hourly,2026-08-17T18:48:05Z,2026-08-17T18:48:05Z,
112.211.121.31,ipv4,malicious-ip,medium,WHITE,ziyadnz/hourly-ipv4,ziyadnz|hourly,2026-08-17T18:48:05Z,2026-08-17T18:48:05Z,
112.211.157.177,ipv4,malicious-ip,medium,WHITE,ziyadnz/hourly-ipv4,ziyadnz|hourly,2026-08-17T18:48:05Z,2026-08-17T18:48:05Z,
112.213.89.130,ipv4,malicious-ip,medium,WHITE,ziyadnz/hourly-ipv4,ziyadnz|hourly,2026-08-17T18:48:05Z,2026-08-17T18:48:05Z,
112.214.19.41,ipv4,malicious-ip,medium,WHITE,ziyadnz/hourly-ipv4,ziyadnz|hourly,2026-08-17T18:48:05Z,2026-08-17T18:48:05Z,
112.215.152.0,ipv4,malicious-ip,medium,WHITE,ziyadnz/hourly-ipv4,ziyadnz|hourly,2026-08-17T18:48:05Z,2026-08-17T18:48:05Z,
112.215.152.122,ipv4,malicious-ip,medium,WHITE,ziyadnz/hourly-ipv4,ziyadnz|hourly,2026-08-17T18:48:05Z,2026-08-17T18:48:05Z,
112.215.152.150,ipv4,malicious-ip,medium,WHITE,ziyadnz/hourly-ipv4,ziyadnz|hourly,2026-08-17T18:48:05Z,2026-08-17T18:48:05Z,
112.215.152.198,ipv4,malicious-ip,medium,WHITE,ziyadnz/hourly-ipv4,ziyadnz|hourly,2026-08-17T18:48:05Z,2026-08-17T18:48:05Z,
112.215.152.2,ipv4,malicious-ip,medium,WHITE,ziyadnz/hourly-ipv4,ziyadnz|hourly,2026-08-17T18:48:05Z,2026-08-17T18:48:05Z,
112.215.152.209,ipv4,malicious-ip,medium,WHITE,ziyadnz/hourly-ipv4,ziyadnz|hourly,2026-08-17T18:48:05Z,2026-08-17T18:48:05Z,
112.215.152.24,ipv4,malicious-ip,medium,WHITE,ziyadnz/hourly-ipv4,ziyadnz|hourly,2026-08-17T18:48:05Z,2026-08-17T18:48:05Z,
112.215.152.86,ipv4,malicious-ip,medium,WHITE,ziyadnz/hourly-ipv4,ziyadnz|hourly,2026-08-17T18:48:05Z,2026-08-17T18:48:05Z,
112.215.45.0,ipv4,malicious-ip,medium,WHITE,ziyadnz/hourly-ipv4,ziyadnz|hourly,2026-08-17T18:48:05Z,2026-08-17T18:48:05Z,
112.215.45.115,ipv4,malicious-ip,medium,WHITE,ziyadnz/hourly-ipv4,ziyadnz|hourly,2026-08-17T18:48:05Z,2026-08-17T18:48:05Z,
112.215.45.154,ipv4,malicious-ip,medium,WHITE,ziyadnz/hourly-ipv4,ziyadnz|hourly,2026-08-17T18:48:05Z,2026-08-17T18:48:05Z,
112.215.45.180,ipv4,malicious-ip,medium,WHITE,ziyadnz/hourly-ipv4,ziyadnz|hourly,2026-08-17T18:48:05Z,2026-08-17T18:48:05Z,
112.215.45.248,ipv4,malicious-ip,medium,WHITE,ziyadnz/hourly-ipv4,ziyadnz|hourly,2026-08-17T18:48:05Z,2026-08-17T18:48:05Z,
112.215.45.30,ipv4,malicious-ip,medium,WHITE,ziyadnz/hourly-ipv4,ziyadnz|hourly,2026-08-17T18:48:05Z,2026-08-17T18:48:05Z,
112.215.45.56,ipv4,malicious-ip,medium,WHITE,ziyadnz/hourly-ipv4,ziyadnz|hourly,2026-08-17T18:48:05Z,2026-08-17T18:48:05Z,
112.215.45.93,ipv4,malicious-ip,medium,WHITE,ziyadnz/hourly-ipv4,ziyadnz|hourly,2026-08-17T18:48:05Z,2026-08-17T18:48:05Z,
112.216.120.67,ipv4,malicious-ip,medium,WHITE,ziyadnz/hourly-ipv4,ziyadnz|hourly,2026-08-17T18:48:05Z,2026-08-17T18:48:05Z,
112.216.74.178,ipv4,malicious-ip,medium,WHITE,ziyadnz/hourly-ipv4,ziyadnz|hourly,2026-08-17T18:48:05Z,2026-08-17T18:48:05Z,
112.216.9.171,ipv4,malicious-ip,medium,WHITE,ziyadnz/hourly-ipv4,ziyadnz|hourly,2026-08-17T18:48:05Z,2026-08-17T18:48:05Z,
112.217.107.250,ipv4,malicious-ip,medium,WHITE,ziyadnz/hourly-ipv4,ziyadnz|hourly,2026-08-17T18:48:05Z,2026-08-17T18:48:05Z,
112.217.199.222,ipv4,malicious-ip,medium,WHITE,ziyadnz/hourly-ipv4,ziyadnz|hourly,2026-08-17T18:48:05Z,2026-08-17T18:48:05Z,
112.218.113.228,ipv4,malicious-ip,medium,WHITE,ziyadnz/hourly-ipv4,ziyadnz|hourly,2026-08-17T18:48:05Z,2026-08-17T18:48:05Z,
112.219.104.42,ipv4,malicious-ip,medium,WHITE,ziyadnz/hourly-ipv4,ziyadnz|hourly,2026-08-17T18:48:05Z,2026-08-17T18:48:05Z,
112.223.222.92,ipv4,malicious-ip,medium,WHITE,ziyadnz/hourly-ipv4,ziyadnz|hourly,2026-08-17T18:48:05Z,2026-08-17T18:48:05Z,
112.225.177.203,ipv4,malicious-ip,medium,WHITE,ziyadnz/hourly-ipv4,ziyadnz|hourly,2026-08-17T18:48:05Z,2026-08-17T18:48:05Z,
112.225.202.87,ipv4,malicious-ip,medium,WHITE,ziyadnz/hourly-ipv4,ziyadnz|hourly,2026-08-17T18:48:05Z,2026-08-17T18:48:05Z,
112.225.203.83,ipv4,malicious-ip,medium,WHITE,ziyadnz/hourly-ipv4,ziyadnz|hourly,2026-08-17T18:48:05Z,2026-08-17T18:48:05Z,
112.225.44.104,ipv4,malicious-ip,medium,WHITE,ziyadnz/hourly-ipv4,ziyadnz|hourly,2026-08-17T18:48:05Z,2026-08-17T18:48:05Z,
112.225.47.52,ipv4,malicious-ip,medium,WHITE,ziyadnz/hourly-ipv4,ziyadnz|hourly,2026-08-17T18:48:05Z,2026-08-17T18:48:05Z,
112.225.50.155,ipv4,malicious-ip,medium,WHITE,ziyadnz/hourly-ipv4,ziyadnz|hourly,2026-08-17T18:48:05Z,2026-08-17T18:48:05Z,
112.226.131.85,ipv4,malicious-ip,medium,WHITE,ziyadnz/hourly-ipv4,ziyadnz|hourly,2026-08-17T18:48:05Z,2026-08-17T18:48:05Z,
112.226.15.122,ipv4,malicious-ip,medium,WHITE,ziyadnz/hourly-ipv4,ziyadnz|hourly,2026-08-17T18:48:05Z,2026-08-17T18:48:05Z,
112.226.186.8,ipv4,malicious-ip,medium,WHITE,ziyadnz/hourly-ipv4,ziyadnz|hourly,2026-08-17T18:48:05Z,2026-08-17T18:48:05Z,
112.226.206.110,ipv4,malicious-ip,medium,WHITE,ziyadnz/hourly-ipv4,ziyadnz|hourly,2026-08-17T18:48:05Z,2026-08-17T18:48:05Z,
112.226.216.114,ipv4,malicious-ip,medium,WHITE,ziyadnz/hourly-ipv4,ziyadnz|hourly,2026-08-17T18:48:05Z,2026-08-17T18:48:05Z,
112.226.227.21,ipv4,malicious-ip,medium,WHITE,ziyadnz/hourly-ipv4,ziyadnz|hourly,2026-08-17T18:48:05Z,2026-08-17T18:48:05Z,
112.227.11.82,ipv4,malicious-ip,medium,WHITE,ziyadnz/hourly-ipv4,ziyadnz|hourly,2026-08-17T18:48:05Z,2026-08-17T18:48:05Z,
112.228.148.206,ipv4,malicious-ip,medium,WHITE,ziyadnz/hourly-ipv4,ziyadnz|hourly,2026-08-17T18:48:05Z,2026-08-17T18:48:05Z,
112.228.200.138,ipv4,malicious-ip,medium,WHITE,ziyadnz/hourly-ipv4,ziyadnz|hourly,2026-08-17T18:48:05Z,2026-08-17T18:48:05Z,
112.229.101.179,ipv4,malicious-ip,medium,WHITE,ziyadnz/hourly-ipv4,ziyadnz|hourly,2026-08-17T18:48:05Z,2026-08-17T18:48:05Z,
112.229.159.106,ipv4,malicious-ip,medium,WHITE,ziyadnz/hourly-ipv4,ziyadnz|hourly,2026-08-17T18:48:05Z,2026-08-17T18:48:05Z,
112.229.204.191,ipv4,malicious-ip,medium,WHITE,ziyadnz/hourly-ipv4,ziyadnz|hourly,2026-08-17T18:48:05Z,2026-08-17T18:48:05Z,
112.229.243.34,ipv4,malicious-ip,medium,WHITE,ziyadnz/hourly-ipv4,ziyadnz|hourly,2026-08-17T18:48:05Z,2026-08-17T18:48:05Z,
112.229.28.56,ipv4,malicious-ip,medium,WHITE,ziyadnz/hourly-ipv4,ziyadnz|hourly,2026-08-17T18:48:05Z,2026-08-17T18:48:05Z,
112.229.72.219,ipv4,malicious-ip,medium,WHITE,ziyadnz/hourly-ipv4,ziyadnz|hourly,2026-08-17T18:48:05Z,2026-08-17T18:48:05Z,
112.23.27.22,ipv4,malicious-ip,medium,WHITE,ziyadnz/hourly-ipv4,ziyadnz|hourly,2026-08-17T18:48:05Z,2026-08-17T18:48:05Z,
112.23.65.206,ipv4,malicious-ip,medium,WHITE,ziyadnz/hourly-ipv4,ziyadnz|hourly,2026-08-17T18:48:05Z,2026-08-17T18:48:05Z,
112.230.101.166,ipv4,malicious-ip,medium,WHITE,ziyadnz/hourly-ipv4,ziyadnz|hourly,2026-08-17T18:48:05Z,2026-08-17T18:48:05Z,
112.230.249.173,ipv4,malicious-ip,medium,WHITE,ziyadnz/hourly-ipv4,ziyadnz|hourly,2026-08-17T18:48:05Z,2026-08-17T18:48:05Z,
112.232.252.106,ipv4,malicious-ip,medium,WHITE,ziyadnz/hourly-ipv4,ziyadnz|hourly,2026-08-17T18:48:05Z,2026-08-17T18:48:05Z,
112.233.236.59,ipv4,malicious-ip,medium,WHITE,ziyadnz/hourly-ipv4,ziyadnz|hourly,2026-08-17T18:48:05Z,2026-08-17T18:48:05Z,
112.234.118.45,ipv4,malicious-ip,medium,WHITE,ziyadnz/hourly-ipv4,ziyadnz|hourly,2026-08-17T18:48:05Z,2026-08-17T18:48:05Z,
112.234.120.245,ipv4,malicious-ip,medium,WHITE,ziyadnz/hourly-ipv4,ziyadnz|hourly,2026-08-17T18:48:05Z,2026-08-17T18:48:05Z,
112.234.86.46,ipv4,malicious-ip,medium,WHITE,ziyadnz/hourly-ipv4,ziyadnz|hourly,2026-08-17T18:48:05Z,2026-08-17T18:48:05Z,
112.235.115.29,ipv4,malicious-ip,medium,WHITE,ziyadnz/hourly-ipv4,ziyadnz|hourly,2026-08-17T18:48:05Z,2026-08-17T18:48:05Z,
112.235.128.28,ipv4,malicious-ip,medium,WHITE,ziyadnz/hourly-ipv4,ziyadnz|hourly,2026-08-17T18:48:05Z,2026-08-17T18:48:05Z,
112.235.131.78,ipv4,malicious-ip,medium,WHITE,ziyadnz/hourly-ipv4,ziyadnz|hourly,2026-08-17T18:48:05Z,2026-08-17T18:48:05Z,
112.235.162.78,ipv4,malicious-ip,medium,WHITE,ziyadnz/hourly-ipv4,ziyadnz|hourly,2026-08-17T18:48:05Z,2026-08-17T18:48:05Z,
112.235.192.153,ipv4,malicious-ip,medium,WHITE,ziyadnz/hourly-ipv4,ziyadnz|hourly,2026-08-17T18:48:05Z,2026-08-17T18:48:05Z,
112.236.136.195,ipv4,malicious-ip,medium,WHITE,ziyadnz/hourly-ipv4,ziyadnz|hourly,2026-08-17T18:48:05Z,2026-08-17T18:48:05Z,
112.236.140.86,ipv4,malicious-ip,medium,WHITE,ziyadnz/hourly-ipv4,ziyadnz|hourly,2026-08-17T18:48:05Z,2026-08-17T18:48:05Z,
112.236.160.23,ipv4,malicious-ip,medium,WHITE,ziyadnz/hourly-ipv4,ziyadnz|hourly,2026-08-17T18:48:05Z,2026-08-17T18:48:05Z,
112.236.44.42,ipv4,malicious-ip,medium,WHITE,ziyadnz/hourly-ipv4,ziyadnz|hourly,2026-08-17T18:48:05Z,2026-08-17T18:48:05Z,
112.237.139.124,ipv4,malicious-ip,medium,WHITE,ziyadnz/hourly-ipv4,ziyadnz|hourly,2026-08-17T18:48:05Z,2026-08-17T18:48:05Z,
112.238.173.3,ipv4,malicious-ip,medium,WHITE,ziyadnz/hourly-ipv4,ziyadnz|hourly,2026-08-17T18:48:05Z,2026-08-17T18:48:05Z,
112.238.222.187,ipv4,malicious-ip,medium,WHITE,ziyadnz/hourly-ipv4,ziyadnz|hourly,2026-08-17T18:48:05Z,2026-08-17T18:48:05Z,
112.238.223.63,ipv4,malicious-ip,medium,WHITE,ziyadnz/hourly-ipv4,ziyadnz|hourly,2026-08-17T18:48:05Z,2026-08-17T18:48:05Z,
112.238.51.59,ipv4,malicious-ip,medium,WHITE,ziyadnz/hourly-ipv4,ziyadnz|hourly,2026-08-17T18:48:05Z,2026-08-17T18:48:05Z,
112.239.136.4,ipv4,malicious-ip,medium,WHITE,ziyadnz/hourly-ipv4,ziyadnz|hourly,2026-08-17T18:48:05Z,2026-08-17T18:48:05Z,
112.239.145.206,ipv4,malicious-ip,medium,WHITE,ziyadnz/hourly-ipv4,ziyadnz|hourly,2026-08-17T18:48:05Z,2026-08-17T18:48:05Z,
112.239.153.12,ipv4,malicious-ip,medium,WHITE,ziyadnz/hourly-ipv4,ziyadnz|hourly,2026-08-17T18:48:05Z,2026-08-17T18:48:05Z,
112.239.155.57,ipv4,malicious-ip,medium,WHITE,ziyadnz/hourly-ipv4,ziyadnz|hourly,2026-08-17T18:48:05Z,2026-08-17T18:48:05Z,
112.239.166.175,ipv4,malicious-ip,medium,WHITE,ziyadnz/hourly-ipv4,ziyadnz|hourly,2026-08-17T18:48:05Z,2026-08-17T18:48:05Z,
112.239.203.244,ipv4,malicious-ip,medium,WHITE,ziyadnz/hourly-ipv4,ziyadnz|hourly,2026-08-17T18:48:05Z,2026-08-17T18:48:05Z,
112.239.206.121,ipv4,malicious-ip,medium,WHITE,ziyadnz/hourly-ipv4,ziyadnz|hourly,2026-08-17T18:48:05Z,2026-08-17T18:48:05Z,
112.239.208.58,ipv4,malicious-ip,medium,WHITE,ziyadnz/hourly-ipv4,ziyadnz|hourly,2026-08-17T18:48:05Z,2026-08-17T18:48:05Z,
112.239.216.137,ipv4,malicious-ip,medium,WHITE,ziyadnz/hourly-ipv4,ziyadnz|hourly,2026-08-17T18:48:05Z,2026-08-17T18:48:05Z,
112.239.248.108,ipv4,malicious-ip,medium,WHITE,ziyadnz/hourly-ipv4,ziyadnz|hourly,2026-08-17T18:48:05Z,2026-08-17T18:48:05Z,
112.239.248.97,ipv4,malicious-ip,medium,WHITE,ziyadnz/hourly-ipv4,ziyadnz|hourly,2026-08-17T18:48:05Z,2026-08-17T18:48:05Z,
112.239.253.30,ipv4,malicious-ip,medium,WHITE,ziyadnz/hourly-ipv4,ziyadnz|hourly,2026-08-17T18:48:05Z,2026-08-17T18:48:05Z,
112.239.67.212,ipv4,malicious-ip,medium,WHITE,ziyadnz/hourly-ipv4,ziyadnz|hourly,2026-08-17T18:48:05Z,2026-08-17T18:48:05Z,
112.239.74.135,ipv4,malicious-ip,medium,WHITE,ziyadnz/hourly-ipv4,ziyadnz|hourly,2026-08-17T18:48:05Z,2026-08-17T18:48:05Z,
112.24.161.253,ipv4,malicious-ip,medium,WHITE,ziyadnz/hourly-ipv4,ziyadnz|hourly,2026-08-17T18:48:05Z,2026-08-17T18:48:05Z,
112.24.210.194,ipv4,malicious-ip,medium,WHITE,ziyadnz/hourly-ipv4,ziyadnz|hourly,2026-08-17T18:48:05Z,2026-08-17T18:48:05Z,
112.240.154.19,ipv4,malicious-ip,medium,WHITE,ziyadnz/hourly-ipv4,ziyadnz|hourly,2026-08-17T18:48:05Z,2026-08-17T18:48:05Z,
112.240.156.101,ipv4,malicious-ip,medium,WHITE,ziyadnz/hourly-ipv4,ziyadnz|hourly,2026-08-17T18:48:05Z,2026-08-17T18:48:05Z,
112.240.172.146,ipv4,malicious-ip,medium,WHITE,ziyadnz/hourly-ipv4,ziyadnz|hourly,2026-08-17T18:48:05Z,2026-08-17T18:48:05Z,
112.240.176.205,ipv4,malicious-ip,medium,WHITE,ziyadnz/hourly-ipv4,ziyadnz|hourly,2026-08-17T18:48:05Z,2026-08-17T18:48:05Z,
112.240.180.164,ipv4,malicious-ip,medium,WHITE,ziyadnz/hourly-ipv4,ziyadnz|hourly,2026-08-17T18:48:05Z,2026-08-17T18:48:05Z,
112.240.180.192,ipv4,malicious-ip,medium,WHITE,ziyadnz/hourly-ipv4,ziyadnz|hourly,2026-08-17T18:48:05Z,2026-08-17T18:48:05Z,
112.240.201.212,ipv4,malicious-ip,medium,WHITE,ziyadnz/hourly-ipv4,ziyadnz|hourly,2026-08-17T18:48:05Z,2026-08-17T18:48:05Z,
112.240.221.238,ipv4,malicious-ip,medium,WHITE,ziyadnz/hourly-ipv4,ziyadnz|hourly,2026-08-17T18:48:05Z,2026-08-17T18:48:05Z,
112.240.223.29,ipv4,malicious-ip,medium,WHITE,ziyadnz/hourly-ipv4,ziyadnz|hourly,2026-08-17T18:48:05Z,2026-08-17T18:48:05Z,
112.240.65.189,ipv4,malicious-ip,medium,WHITE,ziyadnz/hourly-ipv4,ziyadnz|hourly,2026-08-17T18:48:05Z,2026-08-17T18:48:05Z,
112.241.116.183,ipv4,malicious-ip,medium,WHITE,ziyadnz/hourly-ipv4,ziyadnz|hourly,2026-08-17T18:48:05Z,2026-08-17T18:48:05Z,
112.241.133.89,ipv4,malicious-ip,medium,WHITE,ziyadnz/hourly-ipv4,ziyadnz|hourly,2026-08-17T18:48:05Z,2026-08-17T18:48:05Z,
112.241.174.148,ipv4,malicious-ip,medium,WHITE,ziyadnz/hourly-ipv4,ziyadnz|hourly,2026-08-17T18:48:05Z,2026-08-17T18:48:05Z,
112.241.18.203,ipv4,malicious-ip,medium,WHITE,ziyadnz/hourly-ipv4,ziyadnz|hourly,2026-08-17T18:48:05Z,2026-08-17T18:48:05Z,
112.241.180.99,ipv4,malicious-ip,medium,WHITE,ziyadnz/hourly-ipv4,ziyadnz|hourly,2026-08-17T18:48:05Z,2026-08-17T18:48:05Z,
112.241.182.204,ipv4,malicious-ip,medium,WHITE,ziyadnz/hourly-ipv4,ziyadnz|hourly,2026-08-17T18:48:05Z,2026-08-17T18:48:05Z,
112.241.190.175,ipv4,malicious-ip,medium,WHITE,ziyadnz/hourly-ipv4,ziyadnz|hourly,2026-08-17T18:48:05Z,2026-08-17T18:48:05Z,
112.241.203.217,ipv4,malicious-ip,medium,WHITE,ziyadnz/hourly-ipv4,ziyadnz|hourly,2026-08-17T18:48:05Z,2026-08-17T18:48:05Z,
112.241.32.236,ipv4,malicious-ip,medium,WHITE,ziyadnz/hourly-ipv4,ziyadnz|hourly,2026-08-17T18:48:05Z,2026-08-17T18:48:05Z,
112.241.56.68,ipv4,malicious-ip,medium,WHITE,ziyadnz/hourly-ipv4,ziyadnz|hourly,2026-08-17T18:48:05Z,2026-08-17T18:48:05Z,
112.241.60.193,ipv4,malicious-ip,medium,WHITE,ziyadnz/hourly-ipv4,ziyadnz|hourly,2026-08-17T18:48:05Z,2026-08-17T18:48:05Z,
112.241.64.170,ipv4,malicious-ip,medium,WHITE,ziyadnz/hourly-ipv4,ziyadnz|hourly,2026-08-17T18:48:05Z,2026-08-17T18:48:05Z,
112.241.81.245,ipv4,malicious-ip,medium,WHITE,ziyadnz/hourly-ipv4,ziyadnz|hourly,2026-08-17T18:48:05Z,2026-08-17T18:48:05Z,
112.241.84.120,ipv4,malicious-ip,medium,WHITE,ziyadnz/hourly-ipv4,ziyadnz|hourly,2026-08-17T18:48:05Z,2026-08-17T18:48:05Z,
112.242.107.31,ipv4,malicious-ip,medium,WHITE,ziyadnz/hourly-ipv4,ziyadnz|hourly,2026-08-17T18:48:05Z,2026-08-17T18:48:05Z,
112.242.162.156,ipv4,malicious-ip,medium,WHITE,ziyadnz/hourly-ipv4,ziyadnz|hourly,2026-08-17T18:48:05Z,2026-08-17T18:48:05Z,
112.242.187.98,ipv4,malicious-ip,medium,WHITE,ziyadnz/hourly-ipv4,ziyadnz|hourly,2026-08-17T18:48:05Z,2026-08-17T18:48:05Z,
112.242.222.168,ipv4,malicious-ip,medium,WHITE,ziyadnz/hourly-ipv4,ziyadnz|hourly,2026-08-17T18:48:05Z,2026-08-17T18:48:05Z,
112.242.241.74,ipv4,malicious-ip,medium,WHITE,ziyadnz/hourly-ipv4,ziyadnz|hourly,2026-08-17T18:48:05Z,2026-08-17T18:48:05Z,
112.242.249.39,ipv4,malicious-ip,medium,WHITE,ziyadnz/hourly-ipv4,ziyadnz|hourly,2026-08-17T18:48:05Z,2026-08-17T18:48:05Z,
112.242.64.75,ipv4,malicious-ip,medium,WHITE,ziyadnz/hourly-ipv4,ziyadnz|hourly,2026-08-17T18:48:05Z,2026-08-17T18:48:05Z,
112.242.73.242,ipv4,malicious-ip,medium,WHITE,ziyadnz/hourly-ipv4,ziyadnz|hourly,2026-08-17T18:48:05Z,2026-08-17T18:48:05Z,
112.242.76.138,ipv4,malicious-ip,medium,WHITE,ziyadnz/hourly-ipv4,ziyadnz|hourly,2026-08-17T18:48:05Z,2026-08-17T18:48:05Z,
112.242.76.206,ipv4,malicious-ip,medium,WHITE,ziyadnz/hourly-ipv4,ziyadnz|hourly,2026-08-17T18:48:05Z,2026-08-17T18:48:05Z,
112.242.80.244,ipv4,malicious-ip,medium,WHITE,ziyadnz/hourly-ipv4,ziyadnz|hourly,2026-08-17T18:48:05Z,2026-08-17T18:48:05Z,
112.242.83.219,ipv4,malicious-ip,medium,WHITE,ziyadnz/hourly-ipv4,ziyadnz|hourly,2026-08-17T18:48:05Z,2026-08-17T18:48:05Z,
112.243.191.173,ipv4,malicious-ip,medium,WHITE,ziyadnz/hourly-ipv4,ziyadnz|hourly,2026-08-17T18:48:05Z,2026-08-17T18:48:05Z,
112.243.197.220,ipv4,malicious-ip,medium,WHITE,ziyadnz/hourly-ipv4,ziyadnz|hourly,2026-08-17T18:48:05Z,2026-08-17T18:48:05Z,
112.243.230.100,ipv4,malicious-ip,medium,WHITE,ziyadnz/hourly-ipv4,ziyadnz|hourly,2026-08-17T18:48:05Z,2026-08-17T18:48:05Z,
112.243.52.111,ipv4,malicious-ip,medium,WHITE,ziyadnz/hourly-ipv4,ziyadnz|hourly,2026-08-17T18:48:05Z,2026-08-17T18:48:05Z,
112.243.53.73,ipv4,malicious-ip,medium,WHITE,ziyadnz/hourly-ipv4,ziyadnz|hourly,2026-08-17T18:48:05Z,2026-08-17T18:48:05Z,
112.244.105.170,ipv4,malicious-ip,medium,WHITE,ziyadnz/hourly-ipv4,ziyadnz|hourly,2026-08-17T18:48:05Z,2026-08-17T18:48:05Z,
112.244.111.17,ipv4,malicious-ip,medium,WHITE,ziyadnz/hourly-ipv4,ziyadnz|hourly,2026-08-17T18:48:05Z,2026-08-17T18:48:05Z,
112.244.136.191,ipv4,malicious-ip,medium,WHITE,ziyadnz/hourly-ipv4,ziyadnz|hourly,2026-08-17T18:48:05Z,2026-08-17T18:48:05Z,
112.244.194.214,ipv4,malicious-ip,medium,WHITE,ziyadnz/hourly-ipv4,ziyadnz|hourly,2026-08-17T18:48:05Z,2026-08-17T18:48:05Z,
112.244.194.234,ipv4,malicious-ip,medium,WHITE,ziyadnz/hourly-ipv4,ziyadnz|hourly,2026-08-17T18:48:05Z,2026-08-17T18:48:05Z,
112.244.196.14,ipv4,malicious-ip,medium,WHITE,ziyadnz/hourly-ipv4,ziyadnz|hourly,2026-08-17T18:48:05Z,2026-08-17T18:48:05Z,
112.244.203.45,ipv4,malicious-ip,medium,WHITE,ziyadnz/hourly-ipv4,ziyadnz|hourly,2026-08-17T18:48:05Z,2026-08-17T18:48:05Z,
112.244.32.163,ipv4,malicious-ip,medium,WHITE,ziyadnz/hourly-ipv4,ziyadnz|hourly,2026-08-17T18:48:05Z,2026-08-17T18:48:05Z,
112.244.59.115,ipv4,malicious-ip,medium,WHITE,ziyadnz/hourly-ipv4,ziyadnz|hourly,2026-08-17T18:48:05Z,2026-08-17T18:48:05Z,
112.245.101.22,ipv4,malicious-ip,medium,WHITE,ziyadnz/hourly-ipv4,ziyadnz|hourly,2026-08-17T18:48:05Z,2026-08-17T18:48:05Z,
112.245.160.142,ipv4,malicious-ip,medium,WHITE,ziyadnz/hourly-ipv4,ziyadnz|hourly,2026-08-17T18:48:05Z,2026-08-17T18:48:05Z,
112.245.225.224,ipv4,malicious-ip,medium,WHITE,ziyadnz/hourly-ipv4,ziyadnz|hourly,2026-08-17T18:48:05Z,2026-08-17T18:48:05Z,
112.245.227.143,ipv4,malicious-ip,medium,WHITE,ziyadnz/hourly-ipv4,ziyadnz|hourly,2026-08-17T18:48:05Z,2026-08-17T18:48:05Z,
112.245.248.160,ipv4,malicious-ip,medium,WHITE,ziyadnz/hourly-ipv4,ziyadnz|hourly,2026-08-17T18:48:05Z,2026-08-17T18:48:05Z,
112.245.251.42,ipv4,malicious-ip,medium,WHITE,ziyadnz/hourly-ipv4,ziyadnz|hourly,2026-08-17T18:48:05Z,2026-08-17T18:48:05Z,
112.246.55.102,ipv4,malicious-ip,medium,WHITE,ziyadnz/hourly-ipv4,ziyadnz|hourly,2026-08-17T18:48:05Z,2026-08-17T18:48:05Z,
112.247.20.80,ipv4,malicious-ip,medium,WHITE,ziyadnz/hourly-ipv4,ziyadnz|hourly,2026-08-17T18:48:05Z,2026-08-17T18:48:05Z,
112.247.36.237,ipv4,malicious-ip,medium,WHITE,ziyadnz/hourly-ipv4,ziyadnz|hourly,2026-08-17T18:48:05Z,2026-08-17T18:48:05Z,
112.247.54.36,ipv4,malicious-ip,medium,WHITE,ziyadnz/hourly-ipv4,ziyadnz|hourly,2026-08-17T18:48:05Z,2026-08-17T18:48:05Z,
112.247.77.87,ipv4,malicious-ip,medium,WHITE,ziyadnz/hourly-ipv4,ziyadnz|hourly,2026-08-17T18:48:05Z,2026-08-17T18:48:05Z,
112.247.83.80,ipv4,malicious-ip,medium,WHITE,ziyadnz/hourly-ipv4,ziyadnz|hourly,2026-08-17T18:48:05Z,2026-08-17T18:48:05Z,
112.248.114.89,ipv4,malicious-ip,medium,WHITE,ziyadnz/hourly-ipv4,ziyadnz|hourly,2026-08-17T18:48:05Z,2026-08-17T18:48:05Z,
112.248.81.107,ipv4,malicious-ip,medium,WHITE,ziyadnz/hourly-ipv4,ziyadnz|hourly,2026-08-17T18:48:05Z,2026-08-17T18:48:05Z,
112.249.94.152,ipv4,malicious-ip,medium,WHITE,ziyadnz/hourly-ipv4,ziyadnz|hourly,2026-08-17T18:48:05Z,2026-08-17T18:48:05Z,
112.25.157.228,ipv4,malicious-ip,medium,WHITE,ziyadnz/hourly-ipv4,ziyadnz|hourly,2026-08-17T18:48:05Z,2026-08-17T18:48:05Z,
112.250.110.46,ipv4,malicious-ip,medium,WHITE,ziyadnz/hourly-ipv4,ziyadnz|hourly,2026-08-17T18:48:05Z,2026-08-17T18:48:05Z,
112.250.173.174,ipv4,malicious-ip,medium,WHITE,ziyadnz/hourly-ipv4,ziyadnz|hourly,2026-08-17T18:48:05Z,2026-08-17T18:48:05Z,
112.250.225.6,ipv4,malicious-ip,medium,WHITE,ziyadnz/hourly-ipv4,ziyadnz|hourly,2026-08-17T18:48:05Z,2026-08-17T18:48:05Z,
112.250.235.120,ipv4,malicious-ip,medium,WHITE,ziyadnz/hourly-ipv4,ziyadnz|hourly,2026-08-17T18:48:05Z,2026-08-17T18:48:05Z,
112.250.66.22,ipv4,malicious-ip,medium,WHITE,ziyadnz/hourly-ipv4,ziyadnz|hourly,2026-08-17T18:48:05Z,2026-08-17T18:48:05Z,
112.251.168.146,ipv4,malicious-ip,medium,WHITE,ziyadnz/hourly-ipv4,ziyadnz|hourly,2026-08-17T18:48:05Z,2026-08-17T18:48:05Z,
112.251.170.20,ipv4,malicious-ip,medium,WHITE,ziyadnz/hourly-ipv4,ziyadnz|hourly,2026-08-17T18:48:05Z,2026-08-17T18:48:05Z,
112.251.191.89,ipv4,malicious-ip,medium,WHITE,ziyadnz/hourly-ipv4,ziyadnz|hourly,2026-08-17T18:48:05Z,2026-08-17T18:48:05Z,
112.251.194.250,ipv4,malicious-ip,medium,WHITE,ziyadnz/hourly-ipv4,ziyadnz|hourly,2026-08-17T18:48:05Z,2026-08-17T18:48:05Z,
112.251.227.243,ipv4,malicious-ip,medium,WHITE,ziyadnz/hourly-ipv4,ziyadnz|hourly,2026-08-17T18:48:05Z,2026-08-17T18:48:05Z,
112.251.41.161,ipv4,malicious-ip,medium,WHITE,ziyadnz/hourly-ipv4,ziyadnz|hourly,2026-08-17T18:48:05Z,2026-08-17T18:48:05Z,
112.251.90.235,ipv4,malicious-ip,medium,WHITE,ziyadnz/hourly-ipv4,ziyadnz|hourly,2026-08-17T18:48:05Z,2026-08-17T18:48:05Z,
112.252.121.145,ipv4,malicious-ip,medium,WHITE,ziyadnz/hourly-ipv4,ziyadnz|hourly,2026-08-17T18:48:05Z,2026-08-17T18:48:05Z,
112.252.144.109,ipv4,malicious-ip,medium,WHITE,ziyadnz/hourly-ipv4,ziyadnz|hourly,2026-08-17T18:48:05Z,2026-08-17T18:48:05Z,
112.252.146.115,ipv4,malicious-ip,medium,WHITE,ziyadnz/hourly-ipv4,ziyadnz|hourly,2026-08-17T18:48:05Z,2026-08-17T18:48:05Z,
112.252.152.209,ipv4,malicious-ip,medium,WHITE,ziyadnz/hourly-ipv4,ziyadnz|hourly,2026-08-17T18:48:05Z,2026-08-17T18:48:05Z,
112.252.153.203,ipv4,malicious-ip,medium,WHITE,ziyadnz/hourly-ipv4,ziyadnz|hourly,2026-08-17T18:48:05Z,2026-08-17T18:48:05Z,
112.252.153.70,ipv4,malicious-ip,medium,WHITE,ziyadnz/hourly-ipv4,ziyadnz|hourly,2026-08-17T18:48:05Z,2026-08-17T18:48:05Z,
112.252.158.15,ipv4,malicious-ip,medium,WHITE,ziyadnz/hourly-ipv4,ziyadnz|hourly,2026-08-17T18:48:05Z,2026-08-17T18:48:05Z,
112.252.202.223,ipv4,malicious-ip,medium,WHITE,ziyadnz/hourly-ipv4,ziyadnz|hourly,2026-08-17T18:48:05Z,2026-08-17T18:48:05Z,
112.252.209.111,ipv4,malicious-ip,medium,WHITE,ziyadnz/hourly-ipv4,ziyadnz|hourly,2026-08-17T18:48:05Z,2026-08-17T18:48:05Z,
112.252.236.183,ipv4,malicious-ip,medium,WHITE,ziyadnz/hourly-ipv4,ziyadnz|hourly,2026-08-17T18:48:05Z,2026-08-17T18:48:05Z,
112.252.38.92,ipv4,malicious-ip,medium,WHITE,ziyadnz/hourly-ipv4,ziyadnz|hourly,2026-08-17T18:48:05Z,2026-08-17T18:48:05Z,
112.252.42.185,ipv4,malicious-ip,medium,WHITE,ziyadnz/hourly-ipv4,ziyadnz|hourly,2026-08-17T18:48:05Z,2026-08-17T18:48:05Z,
112.252.42.189,ipv4,malicious-ip,medium,WHITE,ziyadnz/hourly-ipv4,ziyadnz|hourly,2026-08-17T18:48:05Z,2026-08-17T18:48:05Z,
112.252.99.245,ipv4,malicious-ip,medium,WHITE,ziyadnz/hourly-ipv4,ziyadnz|hourly,2026-08-17T18:48:05Z,2026-08-17T18:48:05Z,
112.253.139.20,ipv4,malicious-ip,medium,WHITE,ziyadnz/hourly-ipv4,ziyadnz|hourly,2026-08-17T18:48:05Z,2026-08-17T18:48:05Z,
112.253.27.180,ipv4,malicious-ip,medium,WHITE,ziyadnz/hourly-ipv4,ziyadnz|hourly,2026-08-17T18:48:05Z,2026-08-17T18:48:05Z,
112.254.18.214,ipv4,malicious-ip,medium,WHITE,ziyadnz/hourly-ipv4,ziyadnz|hourly,2026-08-17T18:48:05Z,2026-08-17T18:48:05Z,
112.255.58.131,ipv4,malicious-ip,medium,WHITE,ziyadnz/hourly-ipv4,ziyadnz|hourly,2026-08-17T18:48:05Z,2026-08-17T18:48:05Z,
112.26.145.6,ipv4,malicious-ip,medium,WHITE,ziyadnz/hourly-ipv4,ziyadnz|hourly,2026-08-17T18:48:05Z,2026-08-17T18:48:05Z,
112.26.247.127,ipv4,malicious-ip,medium,WHITE,ziyadnz/hourly-ipv4,ziyadnz|hourly,2026-08-17T18:48:05Z,2026-08-17T18:48:05Z,
112.26.5.68,ipv4,malicious-ip,medium,WHITE,ziyadnz/hourly-ipv4,ziyadnz|hourly,2026-08-17T18:48:05Z,2026-08-17T18:48:05Z,
112.26.50.170,ipv4,malicious-ip,medium,WHITE,ziyadnz/hourly-ipv4,ziyadnz|hourly,2026-08-17T18:48:05Z,2026-08-17T18:48:05Z,
112.26.8.176,ipv4,malicious-ip,medium,WHITE,ziyadnz/hourly-ipv4,ziyadnz|hourly,2026-08-17T18:48:05Z,2026-08-17T18:48:05Z,
112.27.105.50,ipv4,malicious-ip,medium,WHITE,ziyadnz/hourly-ipv4,ziyadnz|hourly,2026-08-17T18:48:05Z,2026-08-17T18:48:05Z,
112.27.178.171,ipv4,malicious-ip,medium,WHITE,ziyadnz/hourly-ipv4,ziyadnz|hourly,2026-08-17T18:48:05Z,2026-08-17T18:48:05Z,
112.27.230.171,ipv4,malicious-ip,medium,WHITE,ziyadnz/hourly-ipv4,ziyadnz|hourly,2026-08-17T18:48:05Z,2026-08-17T18:48:05Z,
112.27.32.232,ipv4,malicious-ip,medium,WHITE,ziyadnz/hourly-ipv4,ziyadnz|hourly,2026-08-17T18:48:05Z,2026-08-17T18:48:05Z,
112.27.41.162,ipv4,malicious-ip,medium,WHITE,ziyadnz/hourly-ipv4,ziyadnz|hourly,2026-08-17T18:48:05Z,2026-08-17T18:48:05Z,
112.28.104.177,ipv4,malicious-ip,medium,WHITE,ziyadnz/hourly-ipv4,ziyadnz|hourly,2026-08-17T18:48:05Z,2026-08-17T18:48:05Z,
112.28.111.37,ipv4,malicious-ip,medium,WHITE,ziyadnz/hourly-ipv4,ziyadnz|hourly,2026-08-17T18:48:05Z,2026-08-17T18:48:05Z,
112.28.136.190,ipv4,malicious-ip,medium,WHITE,ziyadnz/hourly-ipv4,ziyadnz|hourly,2026-08-17T18:48:05Z,2026-08-17T18:48:05Z,
112.28.153.193,ipv4,malicious-ip,medium,WHITE,ziyadnz/hourly-ipv4,ziyadnz|hourly,2026-08-17T18:48:05Z,2026-08-17T18:48:05Z,
112.28.245.57,ipv4,malicious-ip,medium,WHITE,ziyadnz/hourly-ipv4,ziyadnz|hourly,2026-08-17T18:48:05Z,2026-08-17T18:48:05Z,
112.28.245.60,ipv4,malicious-ip,medium,WHITE,ziyadnz/hourly-ipv4,ziyadnz|hourly,2026-08-17T18:48:05Z,2026-08-17T18:48:05Z,
112.28.38.58,ipv4,malicious-ip,medium,WHITE,ziyadnz/hourly-ipv4,ziyadnz|hourly,2026-08-17T18:48:05Z,2026-08-17T18:48:05Z,
112.28.50.131,ipv4,malicious-ip,medium,WHITE,ziyadnz/hourly-ipv4,ziyadnz|hourly,2026-08-17T18:48:05Z,2026-08-17T18:48:05Z,
112.28.89.134,ipv4,malicious-ip,medium,WHITE,ziyadnz/hourly-ipv4,ziyadnz|hourly,2026-08-17T18:48:05Z,2026-08-17T18:48:05Z,
112.29.107.49,ipv4,malicious-ip,medium,WHITE,ziyadnz/hourly-ipv4,ziyadnz|hourly,2026-08-17T18:48:05Z,2026-08-17T18:48:05Z,
112.29.109.164,ipv4,malicious-ip,medium,WHITE,ziyadnz/hourly-ipv4,ziyadnz|hourly,2026-08-17T18:48:05Z,2026-08-17T18:48:05Z,
112.29.110.89,ipv4,malicious-ip,medium,WHITE,ziyadnz/hourly-ipv4,ziyadnz|hourly,2026-08-17T18:48:05Z,2026-08-17T18:48:05Z,
112.29.68.173,ipv4,malicious-ip,medium,WHITE,ziyadnz/hourly-ipv4,ziyadnz|hourly,2026-08-17T18:48:05Z,2026-08-17T18:48:05Z,
112.29.82.65,ipv4,malicious-ip,medium,WHITE,ziyadnz/hourly-ipv4,ziyadnz|hourly,2026-08-17T18:48:05Z,2026-08-17T18:48:05Z,
112.29.98.134,ipv4,malicious-ip,medium,WHITE,ziyadnz/hourly-ipv4,ziyadnz|hourly,2026-08-17T18:48:05Z,2026-08-17T18:48:05Z,
112.31.251.44,ipv4,malicious-ip,medium,WHITE,ziyadnz/hourly-ipv4,ziyadnz|hourly,2026-08-17T18:48:05Z,2026-08-17T18:48:05Z,
112.32.103.11,ipv4,malicious-ip,medium,WHITE,ziyadnz/hourly-ipv4,ziyadnz|hourly,2026-08-17T18:48:05Z,2026-08-17T18:48:05Z,
112.32.168.238,ipv4,malicious-ip,medium,WHITE,ziyadnz/hourly-ipv4,ziyadnz|hourly,2026-08-17T18:48:05Z,2026-08-17T18:48:05Z,
112.32.25.53,ipv4,malicious-ip,medium,WHITE,ziyadnz/hourly-ipv4,ziyadnz|hourly,2026-08-17T18:48:05Z,2026-08-17T18:48:05Z,
112.32.41.13,ipv4,malicious-ip,medium,WHITE,ziyadnz/hourly-ipv4,ziyadnz|hourly,2026-08-17T18:48:05Z,2026-08-17T18:48:05Z,
112.36.10.71,ipv4,malicious-ip,medium,WHITE,ziyadnz/hourly-ipv4,ziyadnz|hourly,2026-08-17T18:48:05Z,2026-08-17T18:48:05Z,
112.36.2.136,ipv4,malicious-ip,medium,WHITE,ziyadnz/hourly-ipv4,ziyadnz|hourly,2026-08-17T18:48:05Z,2026-08-17T18:48:05Z,
112.37.200.87,ipv4,malicious-ip,medium,WHITE,ziyadnz/hourly-ipv4,ziyadnz|hourly,2026-08-17T18:48:05Z,2026-08-17T18:48:05Z,
112.37.201.38,ipv4,malicious-ip,medium,WHITE,ziyadnz/hourly-ipv4,ziyadnz|hourly,2026-08-17T18:48:05Z,2026-08-17T18:48:05Z,
112.37.202.166,ipv4,malicious-ip,medium,WHITE,ziyadnz/hourly-ipv4,ziyadnz|hourly,2026-08-17T18:48:05Z,2026-08-17T18:48:05Z,
112.37.209.1,ipv4,malicious-ip,medium,WHITE,ziyadnz/hourly-ipv4,ziyadnz|hourly,2026-08-17T18:48:05Z,2026-08-17T18:48:05Z,
112.37.209.31,ipv4,malicious-ip,medium,WHITE,ziyadnz/hourly-ipv4,ziyadnz|hourly,2026-08-17T18:48:05Z,2026-08-17T18:48:05Z,
112.37.210.91,ipv4,malicious-ip,medium,WHITE,ziyadnz/hourly-ipv4,ziyadnz|hourly,2026-08-17T18:48:05Z,2026-08-17T18:48:05Z,
112.38.105.158,ipv4,malicious-ip,medium,WHITE,ziyadnz/hourly-ipv4,ziyadnz|hourly,2026-08-17T18:48:05Z,2026-08-17T18:48:05Z,
112.38.115.115,ipv4,malicious-ip,medium,WHITE,ziyadnz/hourly-ipv4,ziyadnz|hourly,2026-08-17T18:48:05Z,2026-08-17T18:48:05Z,
112.39.35.241,ipv4,malicious-ip,medium,WHITE,ziyadnz/hourly-ipv4,ziyadnz|hourly,2026-08-17T18:48:05Z,2026-08-17T18:48:05Z,
112.45.149.235,ipv4,malicious-ip,medium,WHITE,ziyadnz/hourly-ipv4,ziyadnz|hourly,2026-08-17T18:48:05Z,2026-08-17T18:48:05Z,
112.46.207.141,ipv4,malicious-ip,medium,WHITE,ziyadnz/hourly-ipv4,ziyadnz|hourly,2026-08-17T18:48:05Z,2026-08-17T18:48:05Z,
112.46.210.42,ipv4,malicious-ip,medium,WHITE,ziyadnz/hourly-ipv4,ziyadnz|hourly,2026-08-17T18:48:05Z,2026-08-17T18:48:05Z,
112.46.212.0,ipv4,malicious-ip,medium,WHITE,ziyadnz/hourly-ipv4,ziyadnz|hourly,2026-08-17T18:48:05Z,2026-08-17T18:48:05Z,
112.46.212.109,ipv4,malicious-ip,medium,WHITE,ziyadnz/hourly-ipv4,ziyadnz|hourly,2026-08-17T18:48:05Z,2026-08-17T18:48:05Z,
112.46.212.119,ipv4,malicious-ip,medium,WHITE,ziyadnz/hourly-ipv4,ziyadnz|hourly,2026-08-17T18:48:05Z,2026-08-17T18:48:05Z,
112.46.212.130,ipv4,malicious-ip,medium,WHITE,ziyadnz/hourly-ipv4,ziyadnz|hourly,2026-08-17T18:48:05Z,2026-08-17T18:48:05Z,
112.46.212.131,ipv4,malicious-ip,medium,WHITE,ziyadnz/hourly-ipv4,ziyadnz|hourly,2026-08-17T18:48:05Z,2026-08-17T18:48:05Z,
112.46.212.135,ipv4,malicious-ip,medium,WHITE,ziyadnz/hourly-ipv4,ziyadnz|hourly,2026-08-17T18:48:05Z,2026-08-17T18:48:05Z,
112.46.212.146,ipv4,malicious-ip,medium,WHITE,ziyadnz/hourly-ipv4,ziyadnz|hourly,2026-08-17T18:48:05Z,2026-08-17T18:48:05Z,
112.46.212.168,ipv4,malicious-ip,medium,WHITE,ziyadnz/hourly-ipv4,ziyadnz|hourly,2026-08-17T18:48:05Z,2026-08-17T18:48:05Z,
112.46.212.21,ipv4,malicious-ip,medium,WHITE,ziyadnz/hourly-ipv4,ziyadnz|hourly,2026-08-17T18:48:05Z,2026-08-17T18:48:05Z,
112.46.212.243,ipv4,malicious-ip,medium,WHITE,ziyadnz/hourly-ipv4,ziyadnz|hourly,2026-08-17T18:48:05Z,2026-08-17T18:48:05Z,
112.46.212.28,ipv4,malicious-ip,medium,WHITE,ziyadnz/hourly-ipv4,ziyadnz|hourly,2026-08-17T18:48:05Z,2026-08-17T18:48:05Z,
112.46.212.35,ipv4,malicious-ip,medium,WHITE,ziyadnz/hourly-ipv4,ziyadnz|hourly,2026-08-17T18:48:05Z,2026-08-17T18:48:05Z,
112.46.213.0,ipv4,malicious-ip,medium,WHITE,ziyadnz/hourly-ipv4,ziyadnz|hourly,2026-08-17T18:48:05Z,2026-08-17T18:48:05Z,
112.46.213.108,ipv4,malicious-ip,medium,WHITE,ziyadnz/hourly-ipv4,ziyadnz|hourly,2026-08-17T18:48:05Z,2026-08-17T18:48:05Z,
112.46.213.147,ipv4,malicious-ip,medium,WHITE,ziyadnz/hourly-ipv4,ziyadnz|hourly,2026-08-17T18:48:05Z,2026-08-17T18:48:05Z,
112.46.213.178,ipv4,malicious-ip,medium,WHITE,ziyadnz/hourly-ipv4,ziyadnz|hourly,2026-08-17T18:48:05Z,2026-08-17T18:48:05Z,
112.46.213.19,ipv4,malicious-ip,medium,WHITE,ziyadnz/hourly-ipv4,ziyadnz|hourly,2026-08-17T18:48:05Z,2026-08-17T18:48:05Z,
112.46.213.252,ipv4,malicious-ip,medium,WHITE,ziyadnz/hourly-ipv4,ziyadnz|hourly,2026-08-17T18:48:05Z,2026-08-17T18:48:05Z,
112.46.213.254,ipv4,malicious-ip,medium,WHITE,ziyadnz/hourly-ipv4,ziyadnz|hourly,2026-08-17T18:48:05Z,2026-08-17T18:48:05Z,
112.46.213.42,ipv4,malicious-ip,medium,WHITE,ziyadnz/hourly-ipv4,ziyadnz|hourly,2026-08-17T18:48:05Z,2026-08-17T18:48:05Z,
112.46.213.68,ipv4,malicious-ip,medium,WHITE,ziyadnz/hourly-ipv4,ziyadnz|hourly,2026-08-17T18:48:05Z,2026-08-17T18:48:05Z,
112.46.213.85,ipv4,malicious-ip,medium,WHITE,ziyadnz/hourly-ipv4,ziyadnz|hourly,2026-08-17T18:48:05Z,2026-08-17T18:48:05Z,
112.46.213.87,ipv4,malicious-ip,medium,WHITE,ziyadnz/hourly-ipv4,ziyadnz|hourly,2026-08-17T18:48:05Z,2026-08-17T18:48:05Z,
112.46.213.89,ipv4,malicious-ip,medium,WHITE,ziyadnz/hourly-ipv4,ziyadnz|hourly,2026-08-17T18:48:05Z,2026-08-17T18:48:05Z,
112.46.214.0,ipv4,malicious-ip,medium,WHITE,ziyadnz/hourly-ipv4,ziyadnz|hourly,2026-08-17T18:48:05Z,2026-08-17T18:48:05Z,
112.46.214.10,ipv4,malicious-ip,medium,WHITE,ziyadnz/hourly-ipv4,ziyadnz|hourly,2026-08-17T18:48:05Z,2026-08-17T18:48:05Z,
112.46.214.11,ipv4,malicious-ip,medium,WHITE,ziyadnz/hourly-ipv4,ziyadnz|hourly,2026-08-17T18:48:05Z,2026-08-17T18:48:05Z,
112.46.214.110,ipv4,malicious-ip,medium,WHITE,ziyadnz/hourly-ipv4,ziyadnz|hourly,2026-08-17T18:48:05Z,2026-08-17T18:48:05Z,
112.46.214.112,ipv4,malicious-ip,medium,WHITE,ziyadnz/hourly-ipv4,ziyadnz|hourly,2026-08-17T18:48:05Z,2026-08-17T18:48:05Z,
112.46.214.118,ipv4,malicious-ip,medium,WHITE,ziyadnz/hourly-ipv4,ziyadnz|hourly,2026-08-17T18:48:05Z,2026-08-17T18:48:05Z,
112.46.214.119,ipv4,malicious-ip,medium,WHITE,ziyadnz/hourly-ipv4,ziyadnz|hourly,2026-08-17T18:48:05Z,2026-08-17T18:48:05Z,
112.46.214.13,ipv4,malicious-ip,medium,WHITE,ziyadnz/hourly-ipv4,ziyadnz|hourly,2026-08-17T18:48:05Z,2026-08-17T18:48:05Z,
112.46.214.25,ipv4,malicious-ip,medium,WHITE,ziyadnz/hourly-ipv4,ziyadnz|hourly,2026-08-17T18:48:05Z,2026-08-17T18:48:05Z,
112.46.214.48,ipv4,malicious-ip,medium,WHITE,ziyadnz/hourly-ipv4,ziyadnz|hourly,2026-08-17T18:48:05Z,2026-08-17T18:48:05Z,
112.46.214.54,ipv4,malicious-ip,medium,WHITE,ziyadnz/hourly-ipv4,ziyadnz|hourly,2026-08-17T18:48:05Z,2026-08-17T18:48:05Z,
112.46.214.58,ipv4,malicious-ip,medium,WHITE,ziyadnz/hourly-ipv4,ziyadnz|hourly,2026-08-17T18:48:05Z,2026-08-17T18:48:05Z,
112.46.214.63,ipv4,malicious-ip,medium,WHITE,ziyadnz/hourly-ipv4,ziyadnz|hourly,2026-08-17T18:48:05Z,2026-08-17T18:48:05Z,
112.46.214.65,ipv4,malicious-ip,medium,WHITE,ziyadnz/hourly-ipv4,ziyadnz|hourly,2026-08-17T18:48:05Z,2026-08-17T18:48:05Z,
112.46.214.69,ipv4,malicious-ip,medium,WHITE,ziyadnz/hourly-ipv4,ziyadnz|hourly,2026-08-17T18:48:05Z,2026-08-17T18:48:05Z,
112.46.214.72,ipv4,malicious-ip,medium,WHITE,ziyadnz/hourly-ipv4,ziyadnz|hourly,2026-08-17T18:48:05Z,2026-08-17T18:48:05Z,
112.46.214.91,ipv4,malicious-ip,medium,WHITE,ziyadnz/hourly-ipv4,ziyadnz|hourly,2026-08-17T18:48:05Z,2026-08-17T18:48:05Z,
112.47.100.43,ipv4,malicious-ip,medium,WHITE,ziyadnz/hourly-ipv4,ziyadnz|hourly,2026-08-17T18:48:05Z,2026-08-17T18:48:05Z,
112.47.127.211,ipv4,malicious-ip,medium,WHITE,ziyadnz/hourly-ipv4,ziyadnz|hourly,2026-08-17T18:48:05Z,2026-08-17T18:48:05Z,
112.47.148.8,ipv4,malicious-ip,medium,WHITE,ziyadnz/hourly-ipv4,ziyadnz|hourly,2026-08-17T18:48:05Z,2026-08-17T18:48:05Z,
112.48.64.151,ipv4,malicious-ip,medium,WHITE,ziyadnz/hourly-ipv4,ziyadnz|hourly,2026-08-17T18:48:05Z,2026-08-17T18:48:05Z,
112.48.86.56,ipv4,malicious-ip,medium,WHITE,ziyadnz/hourly-ipv4,ziyadnz|hourly,2026-08-17T18:48:05Z,2026-08-17T18:48:05Z,
112.49.199.137,ipv4,malicious-ip,medium,WHITE,ziyadnz/hourly-ipv4,ziyadnz|hourly,2026-08-17T18:48:05Z,2026-08-17T18:48:05Z,
112.5.89.227,ipv4,malicious-ip,medium,WHITE,ziyadnz/hourly-ipv4,ziyadnz|hourly,2026-08-17T18:48:05Z,2026-08-17T18:48:05Z,
112.5.95.229,ipv4,malicious-ip,medium,WHITE,ziyadnz/hourly-ipv4,ziyadnz|hourly,2026-08-17T18:48:05Z,2026-08-17T18:48:05Z,
112.51.100.211,ipv4,malicious-ip,medium,WHITE,ziyadnz/hourly-ipv4,ziyadnz|hourly,2026-08-17T18:48:05Z,2026-08-17T18:48:05Z,
112.51.15.13,ipv4,malicious-ip,medium,WHITE,ziyadnz/hourly-ipv4,ziyadnz|hourly,2026-08-17T18:48:05Z,2026-08-17T18:48:05Z,
112.51.253.153,ipv4,malicious-ip,medium,WHITE,ziyadnz/hourly-ipv4,ziyadnz|hourly,2026-08-17T18:48:05Z,2026-08-17T18:48:05Z,
112.51.27.81,ipv4,malicious-ip,medium,WHITE,ziyadnz/hourly-ipv4,ziyadnz|hourly,2026-08-17T18:48:05Z,2026-08-17T18:48:05Z,
112.51.27.82,ipv4,malicious-ip,medium,WHITE,ziyadnz/hourly-ipv4,ziyadnz|hourly,2026-08-17T18:48:05Z,2026-08-17T18:48:05Z,
112.53.107.86,ipv4,malicious-ip,medium,WHITE,ziyadnz/hourly-ipv4,ziyadnz|hourly,2026-08-17T18:48:05Z,2026-08-17T18:48:05Z,
112.53.123.177,ipv4,malicious-ip,medium,WHITE,ziyadnz/hourly-ipv4,ziyadnz|hourly,2026-08-17T18:48:05Z,2026-08-17T18:48:05Z,
112.53.169.178,ipv4,malicious-ip,medium,WHITE,ziyadnz/hourly-ipv4,ziyadnz|hourly,2026-08-17T18:48:05Z,2026-08-17T18:48:05Z,
112.53.226.13,ipv4,malicious-ip,medium,WHITE,ziyadnz/hourly-ipv4,ziyadnz|hourly,2026-08-17T18:48:05Z,2026-08-17T18:48:05Z,
112.54.222.23,ipv4,malicious-ip,medium,WHITE,ziyadnz/hourly-ipv4,ziyadnz|hourly,2026-08-17T18:48:05Z,2026-08-17T18:48:05Z,
112.6.114.199,ipv4,malicious-ip,medium,WHITE,ziyadnz/hourly-ipv4,ziyadnz|hourly,2026-08-17T18:48:05Z,2026-08-17T18:48:05Z,
112.6.196.221,ipv4,malicious-ip,medium,WHITE,ziyadnz/hourly-ipv4,ziyadnz|hourly,2026-08-17T18:48:05Z,2026-08-17T18:48:05Z,
112.6.212.233,ipv4,malicious-ip,medium,WHITE,ziyadnz/hourly-ipv4,ziyadnz|hourly,2026-08-17T18:48:05Z,2026-08-17T18:48:05Z,
112.6.227.209,ipv4,malicious-ip,medium,WHITE,ziyadnz/hourly-ipv4,ziyadnz|hourly,2026-08-17T18:48:05Z,2026-08-17T18:48:05Z,
112.6.75.202,ipv4,malicious-ip,medium,WHITE,ziyadnz/hourly-ipv4,ziyadnz|hourly,2026-08-17T18:48:05Z,2026-08-17T18:48:05Z,
112.6.9.107,ipv4,malicious-ip,medium,WHITE,ziyadnz/hourly-ipv4,ziyadnz|hourly,2026-08-17T18:48:05Z,2026-08-17T18:48:05Z,
112.64.113.200,ipv4,malicious-ip,medium,WHITE,ziyadnz/hourly-ipv4,ziyadnz|hourly,2026-08-17T18:48:05Z,2026-08-17T18:48:05Z,
112.64.135.45,ipv4,malicious-ip,medium,WHITE,ziyadnz/hourly-ipv4,ziyadnz|hourly,2026-08-17T18:48:05Z,2026-08-17T18:48:05Z,
112.66.135.49,ipv4,malicious-ip,medium,WHITE,ziyadnz/hourly-ipv4,ziyadnz|hourly,2026-08-17T18:48:05Z,2026-08-17T18:48:05Z,
112.66.178.129,ipv4,malicious-ip,medium,WHITE,ziyadnz/hourly-ipv4,ziyadnz|hourly,2026-08-17T18:48:05Z,2026-08-17T18:48:05Z,
112.66.182.248,ipv4,malicious-ip,medium,WHITE,ziyadnz/hourly-ipv4,ziyadnz|hourly,2026-08-17T18:48:05Z,2026-08-17T18:48:05Z,
112.66.191.203,ipv4,malicious-ip,medium,WHITE,ziyadnz/hourly-ipv4,ziyadnz|hourly,2026-08-17T18:48:05Z,2026-08-17T18:48:05Z,
112.67.250.54,ipv4,malicious-ip,medium,WHITE,ziyadnz/hourly-ipv4,ziyadnz|hourly,2026-08-17T18:48:05Z,2026-08-17T18:48:05Z,
112.7.120.103,ipv4,malicious-ip,medium,WHITE,ziyadnz/hourly-ipv4,ziyadnz|hourly,2026-08-17T18:48:05Z,2026-08-17T18:48:05Z,
112.7.120.65,ipv4,malicious-ip,medium,WHITE,ziyadnz/hourly-ipv4,ziyadnz|hourly,2026-08-17T18:48:05Z,2026-08-17T18:48:05Z,
112.7.121.185,ipv4,malicious-ip,medium,WHITE,ziyadnz/hourly-ipv4,ziyadnz|hourly,2026-08-17T18:48:05Z,2026-08-17T18:48:05Z,
112.7.171.251,ipv4,malicious-ip,medium,WHITE,ziyadnz/hourly-ipv4,ziyadnz|hourly,2026-08-17T18:48:05Z,2026-08-17T18:48:05Z,
112.7.87.69,ipv4,malicious-ip,medium,WHITE,ziyadnz/hourly-ipv4,ziyadnz|hourly,2026-08-17T18:48:05Z,2026-08-17T18:48:05Z,
112.7.98.87,ipv4,malicious-ip,medium,WHITE,ziyadnz/hourly-ipv4,ziyadnz|hourly,2026-08-17T18:48:05Z,2026-08-17T18:48:05Z,
112.72.133.105,ipv4,malicious-ip,medium,WHITE,ziyadnz/hourly-ipv4,ziyadnz|hourly,2026-08-17T18:48:05Z,2026-08-17T18:48:05Z,
112.72.209.125,ipv4,malicious-ip,medium,WHITE,ziyadnz/hourly-ipv4,ziyadnz|hourly,2026-08-17T18:48:05Z,2026-08-17T18:48:05Z,
112.72.226.212,ipv4,malicious-ip,medium,WHITE,ziyadnz/hourly-ipv4,ziyadnz|hourly,2026-08-17T18:48:05Z,2026-08-17T18:48:05Z,
112.74.242.167,ipv4,malicious-ip,medium,WHITE,ziyadnz/hourly-ipv4,ziyadnz|hourly,2026-08-17T18:48:05Z,2026-08-17T18:48:05Z,
112.74.38.239,ipv4,malicious-ip,medium,WHITE,ziyadnz/hourly-ipv4,ziyadnz|hourly,2026-08-17T18:48:05Z,2026-08-17T18:48:05Z,
112.78.134.58,ipv4,malicious-ip,medium,WHITE,ziyadnz/hourly-ipv4,ziyadnz|hourly,2026-08-17T18:48:05Z,2026-08-17T18:48:05Z,
112.78.135.82,ipv4,malicious-ip,medium,WHITE,ziyadnz/hourly-ipv4,ziyadnz|hourly,2026-08-17T18:48:05Z,2026-08-17T18:48:05Z,
112.78.185.66,ipv4,malicious-ip,medium,WHITE,ziyadnz/hourly-ipv4,ziyadnz|hourly,2026-08-17T18:48:05Z,2026-08-17T18:48:05Z,
112.79.65.19,ipv4,malicious-ip,medium,WHITE,ziyadnz/hourly-ipv4,ziyadnz|hourly,2026-08-17T18:48:05Z,2026-08-17T18:48:05Z,
112.8.51.64,ipv4,malicious-ip,medium,WHITE,ziyadnz/hourly-ipv4,ziyadnz|hourly,2026-08-17T18:48:05Z,2026-08-17T18:48:05Z,
112.8.95.108,ipv4,malicious-ip,medium,WHITE,ziyadnz/hourly-ipv4,ziyadnz|hourly,2026-08-17T18:48:05Z,2026-08-17T18:48:05Z,
112.80.97.66,ipv4,malicious-ip,medium,WHITE,ziyadnz/hourly-ipv4,ziyadnz|hourly,2026-08-17T18:48:05Z,2026-08-17T18:48:05Z,
112.81.217.46,ipv4,malicious-ip,medium,WHITE,ziyadnz/hourly-ipv4,ziyadnz|hourly,2026-08-17T18:48:05Z,2026-08-17T18:48:05Z,
112.81.89.210,ipv4,malicious-ip,medium,WHITE,ziyadnz/hourly-ipv4,ziyadnz|hourly,2026-08-17T18:48:05Z,2026-08-17T18:48:05Z,
112.81.90.243,ipv4,malicious-ip,medium,WHITE,ziyadnz/hourly-ipv4,ziyadnz|hourly,2026-08-17T18:48:05Z,2026-08-17T18:48:05Z,
112.85.198.253,ipv4,malicious-ip,medium,WHITE,ziyadnz/hourly-ipv4,ziyadnz|hourly,2026-08-17T18:48:05Z,2026-08-17T18:48:05Z,
112.86.146.178,ipv4,malicious-ip,medium,WHITE,ziyadnz/hourly-ipv4,ziyadnz|hourly,2026-08-17T18:48:05Z,2026-08-17T18:48:05Z,
112.86.165.11,ipv4,malicious-ip,medium,WHITE,ziyadnz/hourly-ipv4,ziyadnz|hourly,2026-08-17T18:48:05Z,2026-08-17T18:48:05Z,
112.87.155.123,ipv4,malicious-ip,medium,WHITE,ziyadnz/hourly-ipv4,ziyadnz|hourly,2026-08-17T18:48:05Z,2026-08-17T18:48:05Z,
112.9.2.240,ipv4,malicious-ip,medium,WHITE,ziyadnz/hourly-ipv4,ziyadnz|hourly,2026-08-17T18:48:05Z,2026-08-17T18:48:05Z,
112.9.39.84,ipv4,malicious-ip,medium,WHITE,ziyadnz/hourly-ipv4,ziyadnz|hourly,2026-08-17T18:48:05Z,2026-08-17T18:48:05Z,
112.90.220.0,ipv4,malicious-ip,medium,WHITE,ziyadnz/hourly-ipv4,ziyadnz|hourly,2026-08-17T18:48:05Z,2026-08-17T18:48:05Z,
112.90.220.242,ipv4,malicious-ip,medium,WHITE,ziyadnz/hourly-ipv4,ziyadnz|hourly,2026-08-17T18:48:05Z,2026-08-17T18:48:05Z,
112.90.220.243,ipv4,malicious-ip,medium,WHITE,ziyadnz/hourly-ipv4,ziyadnz|hourly,2026-08-17T18:48:05Z,2026-08-17T18:48:05Z,
112.90.220.244,ipv4,malicious-ip,medium,WHITE,ziyadnz/hourly-ipv4,ziyadnz|hourly,2026-08-17T18:48:05Z,2026-08-17T18:48:05Z,
112.90.220.245,ipv4,malicious-ip,medium,WHITE,ziyadnz/hourly-ipv4,ziyadnz|hourly,2026-08-17T18:48:05Z,2026-08-17T18:48:05Z,
112.90.220.246,ipv4,malicious-ip,medium,WHITE,ziyadnz/hourly-ipv4,ziyadnz|hourly,2026-08-17T18:48:05Z,2026-08-17T18:48:05Z,
112.90.220.247,ipv4,malicious-ip,medium,WHITE,ziyadnz/hourly-ipv4,ziyadnz|hourly,2026-08-17T18:48:05Z,2026-08-17T18:48:05Z,
112.90.91.98,ipv4,malicious-ip,medium,WHITE,ziyadnz/hourly-ipv4,ziyadnz|hourly,2026-08-17T18:48:05Z,2026-08-17T18:48:05Z,
112.91.139.223,ipv4,malicious-ip,medium,WHITE,ziyadnz/hourly-ipv4,ziyadnz|hourly,2026-08-17T18:48:05Z,2026-08-17T18:48:05Z,
112.94.103.216,ipv4,malicious-ip,medium,WHITE,ziyadnz/hourly-ipv4,ziyadnz|hourly,2026-08-17T18:48:05Z,2026-08-17T18:48:05Z,
112.94.252.116,ipv4,malicious-ip,medium,WHITE,ziyadnz/hourly-ipv4,ziyadnz|hourly,2026-08-17T18:48:05Z,2026-08-17T18:48:05Z,
112.94.252.132,ipv4,malicious-ip,medium,WHITE,ziyadnz/hourly-ipv4,ziyadnz|hourly,2026-08-17T18:48:05Z,2026-08-17T18:48:05Z,
112.94.252.145,ipv4,malicious-ip,medium,WHITE,ziyadnz/hourly-ipv4,ziyadnz|hourly,2026-08-17T18:48:05Z,2026-08-17T18:48:05Z,
112.94.252.155,ipv4,malicious-ip,medium,WHITE,ziyadnz/hourly-ipv4,ziyadnz|hourly,2026-08-17T18:48:05Z,2026-08-17T18:48:05Z,
112.94.252.186,ipv4,malicious-ip,medium,WHITE,ziyadnz/hourly-ipv4,ziyadnz|hourly,2026-08-17T18:48:05Z,2026-08-17T18:48:05Z,
112.94.252.21,ipv4,malicious-ip,medium,WHITE,ziyadnz/hourly-ipv4,ziyadnz|hourly,2026-08-17T18:48:05Z,2026-08-17T18:48:05Z,
112.94.252.225,ipv4,malicious-ip,medium,WHITE,ziyadnz/hourly-ipv4,ziyadnz|hourly,2026-08-17T18:48:05Z,2026-08-17T18:48:05Z,
112.94.252.30,ipv4,malicious-ip,medium,WHITE,ziyadnz/hourly-ipv4,ziyadnz|hourly,2026-08-17T18:48:05Z,2026-08-17T18:48:05Z,
112.94.252.50,ipv4,malicious-ip,medium,WHITE,ziyadnz/hourly-ipv4,ziyadnz|hourly,2026-08-17T18:48:05Z,2026-08-17T18:48:05Z,
112.94.252.74,ipv4,malicious-ip,medium,WHITE,ziyadnz/hourly-ipv4,ziyadnz|hourly,2026-08-17T18:48:05Z,2026-08-17T18:48:05Z,
112.94.252.77,ipv4,malicious-ip,medium,WHITE,ziyadnz/hourly-ipv4,ziyadnz|hourly,2026-08-17T18:48:05Z,2026-08-17T18:48:05Z,
112.94.252.80,ipv4,malicious-ip,medium,WHITE,ziyadnz/hourly-ipv4,ziyadnz|hourly,2026-08-17T18:48:05Z,2026-08-17T18:48:05Z,
112.94.252.85,ipv4,malicious-ip,medium,WHITE,ziyadnz/hourly-ipv4,ziyadnz|hourly,2026-08-17T18:48:05Z,2026-08-17T18:48:05Z,
112.94.252.87,ipv4,malicious-ip,medium,WHITE,ziyadnz/hourly-ipv4,ziyadnz|hourly,2026-08-17T18:48:05Z,2026-08-17T18:48:05Z,
112.94.252.92,ipv4,malicious-ip,medium,WHITE,ziyadnz/hourly-ipv4,ziyadnz|hourly,2026-08-17T18:48:05Z,2026-08-17T18:48:05Z,
112.94.253.101,ipv4,malicious-ip,medium,WHITE,ziyadnz/hourly-ipv4,ziyadnz|hourly,2026-08-17T18:48:05Z,2026-08-17T18:48:05Z,
112.94.253.140,ipv4,malicious-ip,medium,WHITE,ziyadnz/hourly-ipv4,ziyadnz|hourly,2026-08-17T18:48:05Z,2026-08-17T18:48:05Z,
112.94.253.176,ipv4,malicious-ip,medium,WHITE,ziyadnz/hourly-ipv4,ziyadnz|hourly,2026-08-17T18:48:05Z,2026-08-17T18:48:05Z,
112.94.253.182,ipv4,malicious-ip,medium,WHITE,ziyadnz/hourly-ipv4,ziyadnz|hourly,2026-08-17T18:48:05Z,2026-08-17T18:48:05Z,
112.94.253.184,ipv4,malicious-ip,medium,WHITE,ziyadnz/hourly-ipv4,ziyadnz|hourly,2026-08-17T18:48:05Z,2026-08-17T18:48:05Z,
112.94.253.186,ipv4,malicious-ip,medium,WHITE,ziyadnz/hourly-ipv4,ziyadnz|hourly,2026-08-17T18:48:05Z,2026-08-17T18:48:05Z,
112.94.253.190,ipv4,malicious-ip,medium,WHITE,ziyadnz/hourly-ipv4,ziyadnz|hourly,2026-08-17T18:48:05Z,2026-08-17T18:48:05Z,
112.94.253.191,ipv4,malicious-ip,medium,WHITE,ziyadnz/hourly-ipv4,ziyadnz|hourly,2026-08-17T18:48:05Z,2026-08-17T18:48:05Z,
112.94.253.26,ipv4,malicious-ip,medium,WHITE,ziyadnz/hourly-ipv4,ziyadnz|hourly,2026-08-17T18:48:05Z,2026-08-17T18:48:05Z,
112.94.253.3,ipv4,malicious-ip,medium,WHITE,ziyadnz/hourly-ipv4,ziyadnz|hourly,2026-08-17T18:48:05Z,2026-08-17T18:48:05Z,
112.94.253.33,ipv4,malicious-ip,medium,WHITE,ziyadnz/hourly-ipv4,ziyadnz|hourly,2026-08-17T18:48:05Z,2026-08-17T18:48:05Z,
112.94.253.43,ipv4,malicious-ip,medium,WHITE,ziyadnz/hourly-ipv4,ziyadnz|hourly,2026-08-17T18:48:05Z,2026-08-17T18:48:05Z,
112.94.253.51,ipv4,malicious-ip,medium,WHITE,ziyadnz/hourly-ipv4,ziyadnz|hourly,2026-08-17T18:48:05Z,2026-08-17T18:48:05Z,
112.94.253.75,ipv4,malicious-ip,medium,WHITE,ziyadnz/hourly-ipv4,ziyadnz|hourly,2026-08-17T18:48:05Z,2026-08-17T18:48:05Z,
112.94.253.92,ipv4,malicious-ip,medium,WHITE,ziyadnz/hourly-ipv4,ziyadnz|hourly,2026-08-17T18:48:05Z,2026-08-17T18:48:05Z,
112.94.27.110,ipv4,malicious-ip,medium,WHITE,ziyadnz/hourly-ipv4,ziyadnz|hourly,2026-08-17T18:48:05Z,2026-08-17T18:48:05Z,
112.94.5.43,ipv4,malicious-ip,medium,WHITE,ziyadnz/hourly-ipv4,ziyadnz|hourly,2026-08-17T18:48:05Z,2026-08-17T18:48:05Z,
112.94.9.223,ipv4,malicious-ip,medium,WHITE,ziyadnz/hourly-ipv4,ziyadnz|hourly,2026-08-17T18:48:05Z,2026-08-17T18:48:05Z,
112.95.208.122,ipv4,malicious-ip,medium,WHITE,ziyadnz/hourly-ipv4,ziyadnz|hourly,2026-08-17T18:48:05Z,2026-08-17T18:48:05Z,
112.96.35.137,ipv4,malicious-ip,medium,WHITE,ziyadnz/hourly-ipv4,ziyadnz|hourly,2026-08-17T18:48:05Z,2026-08-17T18:48:05Z,
112.97.202.248,ipv4,malicious-ip,medium,WHITE,ziyadnz/hourly-ipv4,ziyadnz|hourly,2026-08-17T18:48:05Z,2026-08-17T18:48:05Z,
112.97.203.199,ipv4,malicious-ip,medium,WHITE,ziyadnz/hourly-ipv4,ziyadnz|hourly,2026-08-17T18:48:05Z,2026-08-17T18:48:05Z,
112.98.208.118,ipv4,malicious-ip,medium,WHITE,ziyadnz/hourly-ipv4,ziyadnz|hourly,2026-08-17T18:48:05Z,2026-08-17T18:48:05Z,
112.99.227.121,ipv4,malicious-ip,medium,WHITE,ziyadnz/hourly-ipv4,ziyadnz|hourly,2026-08-17T18:48:05Z,2026-08-17T18:48:05Z,
113.0.152.164,ipv4,malicious-ip,medium,WHITE,ziyadnz/hourly-ipv4,ziyadnz|hourly,2026-08-17T18:48:05Z,2026-08-17T18:48:05Z,
113.1.209.171,ipv4,malicious-ip,medium,WHITE,ziyadnz/hourly-ipv4,ziyadnz|hourly,2026-08-17T18:48:05Z,2026-08-17T18:48:05Z,
113.1.6.217,ipv4,malicious-ip,medium,WHITE,ziyadnz/hourly-ipv4,ziyadnz|hourly,2026-08-17T18:48:05Z,2026-08-17T18:48:05Z,
113.1.97.63,ipv4,malicious-ip,medium,WHITE,ziyadnz/hourly-ipv4,ziyadnz|hourly,2026-08-17T18:48:05Z,2026-08-17T18:48:05Z,
113.1.98.170,ipv4,malicious-ip,medium,WHITE,ziyadnz/hourly-ipv4,ziyadnz|hourly,2026-08-17T18:48:05Z,2026-08-17T18:48:05Z,
113.10.246.145,ipv4,malicious-ip,medium,WHITE,ziyadnz/hourly-ipv4,ziyadnz|hourly,2026-08-17T18:48:05Z,2026-08-17T18:48:05Z,
113.101.246.203,ipv4,malicious-ip,medium,WHITE,ziyadnz/hourly-ipv4,ziyadnz|hourly,2026-08-17T18:48:05Z,2026-08-17T18:48:05Z,
113.101.246.3,ipv4,malicious-ip,medium,WHITE,ziyadnz/hourly-ipv4,ziyadnz|hourly,2026-08-17T18:48:05Z,2026-08-17T18:48:05Z,
113.101.33.19,ipv4,malicious-ip,medium,WHITE,ziyadnz/hourly-ipv4,ziyadnz|hourly,2026-08-17T18:48:05Z,2026-08-17T18:48:05Z,
113.102.237.101,ipv4,malicious-ip,medium,WHITE,ziyadnz/hourly-ipv4,ziyadnz|hourly,2026-08-17T18:48:05Z,2026-08-17T18:48:05Z,
113.105.181.102,ipv4,malicious-ip,medium,WHITE,ziyadnz/hourly-ipv4,ziyadnz|hourly,2026-08-17T18:48:05Z,2026-08-17T18:48:05Z,
113.108.13.168,ipv4,malicious-ip,medium,WHITE,ziyadnz/hourly-ipv4,ziyadnz|hourly,2026-08-17T18:48:05Z,2026-08-17T18:48:05Z,
113.108.99.189,ipv4,malicious-ip,medium,WHITE,ziyadnz/hourly-ipv4,ziyadnz|hourly,2026-08-17T18:48:05Z,2026-08-17T18:48:05Z,
113.11.231.104,ipv4,malicious-ip,medium,WHITE,ziyadnz/hourly-ipv4,ziyadnz|hourly,2026-08-17T18:48:05Z,2026-08-17T18:48:05Z,
113.11.36.141,ipv4,malicious-ip,medium,WHITE,ziyadnz/hourly-ipv4,ziyadnz|hourly,2026-08-17T18:48:05Z,2026-08-17T18:48:05Z,
113.11.48.254,ipv4,malicious-ip,medium,WHITE,ziyadnz/hourly-ipv4,ziyadnz|hourly,2026-08-17T18:48:05Z,2026-08-17T18:48:05Z,
113.117.191.138,ipv4,malicious-ip,medium,WHITE,ziyadnz/hourly-ipv4,ziyadnz|hourly,2026-08-17T18:48:05Z,2026-08-17T18:48:05Z,
113.119.179.128,ipv4,malicious-ip,medium,WHITE,ziyadnz/hourly-ipv4,ziyadnz|hourly,2026-08-17T18:48:05Z,2026-08-17T18:48:05Z,
113.120.153.127,ipv4,malicious-ip,medium,WHITE,ziyadnz/hourly-ipv4,ziyadnz|hourly,2026-08-17T18:48:05Z,2026-08-17T18:48:05Z,
113.120.206.232,ipv4,malicious-ip,medium,WHITE,ziyadnz/hourly-ipv4,ziyadnz|hourly,2026-08-17T18:48:05Z,2026-08-17T18:48:05Z,
113.120.206.48,ipv4,malicious-ip,medium,WHITE,ziyadnz/hourly-ipv4,ziyadnz|hourly,2026-08-17T18:48:05Z,2026-08-17T18:48:05Z,
113.120.211.102,ipv4,malicious-ip,medium,WHITE,ziyadnz/hourly-ipv4,ziyadnz|hourly,2026-08-17T18:48:05Z,2026-08-17T18:48:05Z,
113.120.46.161,ipv4,malicious-ip,medium,WHITE,ziyadnz/hourly-ipv4,ziyadnz|hourly,2026-08-17T18:48:05Z,2026-08-17T18:48:05Z,
113.120.46.64,ipv4,malicious-ip,medium,WHITE,ziyadnz/hourly-ipv4,ziyadnz|hourly,2026-08-17T18:48:05Z,2026-08-17T18:48:05Z,
113.120.75.146,ipv4,malicious-ip,medium,WHITE,ziyadnz/hourly-ipv4,ziyadnz|hourly,2026-08-17T18:48:05Z,2026-08-17T18:48:05Z,
113.121.109.201,ipv4,malicious-ip,medium,WHITE,ziyadnz/hourly-ipv4,ziyadnz|hourly,2026-08-17T18:48:05Z,2026-08-17T18:48:05Z,
113.121.113.124,ipv4,malicious-ip,medium,WHITE,ziyadnz/hourly-ipv4,ziyadnz|hourly,2026-08-17T18:48:05Z,2026-08-17T18:48:05Z,
113.121.239.207,ipv4,malicious-ip,medium,WHITE,ziyadnz/hourly-ipv4,ziyadnz|hourly,2026-08-17T18:48:05Z,2026-08-17T18:48:05Z,
113.121.42.0,ipv4,malicious-ip,medium,WHITE,ziyadnz/hourly-ipv4,ziyadnz|hourly,2026-08-17T18:48:05Z,2026-08-17T18:48:05Z,
113.121.89.184,ipv4,malicious-ip,medium,WHITE,ziyadnz/hourly-ipv4,ziyadnz|hourly,2026-08-17T18:48:05Z,2026-08-17T18:48:05Z,
113.122.65.81,ipv4,malicious-ip,medium,WHITE,ziyadnz/hourly-ipv4,ziyadnz|hourly,2026-08-17T18:48:05Z,2026-08-17T18:48:05Z,
113.123.87.157,ipv4,malicious-ip,medium,WHITE,ziyadnz/hourly-ipv4,ziyadnz|hourly,2026-08-17T18:48:05Z,2026-08-17T18:48:05Z,
113.124.170.20,ipv4,malicious-ip,medium,WHITE,ziyadnz/hourly-ipv4,ziyadnz|hourly,2026-08-17T18:48:05Z,2026-08-17T18:48:05Z,
113.124.206.154,ipv4,malicious-ip,medium,WHITE,ziyadnz/hourly-ipv4,ziyadnz|hourly,2026-08-17T18:48:05Z,2026-08-17T18:48:05Z,
113.125.165.132,ipv4,malicious-ip,medium,WHITE,ziyadnz/hourly-ipv4,ziyadnz|hourly,2026-08-17T18:48:05Z,2026-08-17T18:48:05Z,
113.125.202.168,ipv4,malicious-ip,medium,WHITE,ziyadnz/hourly-ipv4,ziyadnz|hourly,2026-08-17T18:48:05Z,2026-08-17T18:48:05Z,
113.125.92.32,ipv4,malicious-ip,medium,WHITE,ziyadnz/hourly-ipv4,ziyadnz|hourly,2026-08-17T18:48:05Z,2026-08-17T18:48:05Z,
113.128.205.119,ipv4,malicious-ip,medium,WHITE,ziyadnz/hourly-ipv4,ziyadnz|hourly,2026-08-17T18:48:05Z,2026-08-17T18:48:05Z,
113.128.217.42,ipv4,malicious-ip,medium,WHITE,ziyadnz/hourly-ipv4,ziyadnz|hourly,2026-08-17T18:48:05Z,2026-08-17T18:48:05Z,
113.130.223.3,ipv4,malicious-ip,medium,WHITE,ziyadnz/hourly-ipv4,ziyadnz|hourly,2026-08-17T18:48:05Z,2026-08-17T18:48:05Z,
113.131.118.4,ipv4,malicious-ip,medium,WHITE,ziyadnz/hourly-ipv4,ziyadnz|hourly,2026-08-17T18:48:05Z,2026-08-17T18:48:05Z,
113.131.118.6,ipv4,malicious-ip,medium,WHITE,ziyadnz/hourly-ipv4,ziyadnz|hourly,2026-08-17T18:48:05Z,2026-08-17T18:48:05Z,
113.131.125.135,ipv4,malicious-ip,medium,WHITE,ziyadnz/hourly-ipv4,ziyadnz|hourly,2026-08-17T18:48:05Z,2026-08-17T18:48:05Z,
113.131.200.2,ipv4,malicious-ip,medium,WHITE,ziyadnz/hourly-ipv4,ziyadnz|hourly,2026-08-17T18:48:05Z,2026-08-17T18:48:05Z,
113.131.200.42,ipv4,malicious-ip,medium,WHITE,ziyadnz/hourly-ipv4,ziyadnz|hourly,2026-08-17T18:48:05Z,2026-08-17T18:48:05Z,
113.131.201.11,ipv4,malicious-ip,medium,WHITE,ziyadnz/hourly-ipv4,ziyadnz|hourly,2026-08-17T18:48:05Z,2026-08-17T18:48:05Z,
113.131.201.12,ipv4,malicious-ip,medium,WHITE,ziyadnz/hourly-ipv4,ziyadnz|hourly,2026-08-17T18:48:05Z,2026-08-17T18:48:05Z,
113.131.201.2,ipv4,malicious-ip,medium,WHITE,ziyadnz/hourly-ipv4,ziyadnz|hourly,2026-08-17T18:48:05Z,2026-08-17T18:48:05Z,
113.131.201.4,ipv4,malicious-ip,medium,WHITE,ziyadnz/hourly-ipv4,ziyadnz|hourly,2026-08-17T18:48:05Z,2026-08-17T18:48:05Z,
113.131.201.7,ipv4,malicious-ip,medium,WHITE,ziyadnz/hourly-ipv4,ziyadnz|hourly,2026-08-17T18:48:05Z,2026-08-17T18:48:05Z,
113.137.40.250,ipv4,malicious-ip,medium,WHITE,ziyadnz/hourly-ipv4,ziyadnz|hourly,2026-08-17T18:48:05Z,2026-08-17T18:48:05Z,
113.138.242.19,ipv4,malicious-ip,medium,WHITE,ziyadnz/hourly-ipv4,ziyadnz|hourly,2026-08-17T18:48:05Z,2026-08-17T18:48:05Z,
113.14.240.93,ipv4,malicious-ip,medium,WHITE,ziyadnz/hourly-ipv4,ziyadnz|hourly,2026-08-17T18:48:05Z,2026-08-17T18:48:05Z,
113.142.60.99,ipv4,malicious-ip,medium,WHITE,ziyadnz/hourly-ipv4,ziyadnz|hourly,2026-08-17T18:48:05Z,2026-08-17T18:48:05Z,
113.142.73.219,ipv4,malicious-ip,medium,WHITE,ziyadnz/hourly-ipv4,ziyadnz|hourly,2026-08-17T18:48:05Z,2026-08-17T18:48:05Z,
113.15.236.58,ipv4,malicious-ip,medium,WHITE,ziyadnz/hourly-ipv4,ziyadnz|hourly,2026-08-17T18:48:05Z,2026-08-17T18:48:05Z,
113.160.115.178,ipv4,malicious-ip,medium,WHITE,ziyadnz/hourly-ipv4,ziyadnz|hourly,2026-08-17T18:48:05Z,2026-08-17T18:48:05Z,
113.160.132.26,ipv4,malicious-ip,medium,WHITE,ziyadnz/hourly-ipv4,ziyadnz|hourly,2026-08-17T18:48:05Z,2026-08-17T18:48:05Z,
113.160.140.62,ipv4,malicious-ip,medium,WHITE,ziyadnz/hourly-ipv4,ziyadnz|hourly,2026-08-17T18:48:05Z,2026-08-17T18:48:05Z,
113.160.149.43,ipv4,malicious-ip,medium,WHITE,ziyadnz/hourly-ipv4,ziyadnz|hourly,2026-08-17T18:48:05Z,2026-08-17T18:48:05Z,
113.160.149.94,ipv4,malicious-ip,medium,WHITE,ziyadnz/hourly-ipv4,ziyadnz|hourly,2026-08-17T18:48:05Z,2026-08-17T18:48:05Z,
113.160.150.99,ipv4,malicious-ip,medium,WHITE,ziyadnz/hourly-ipv4,ziyadnz|hourly,2026-08-17T18:48:05Z,2026-08-17T18:48:05Z,
113.160.181.174,ipv4,malicious-ip,medium,WHITE,ziyadnz/hourly-ipv4,ziyadnz|hourly,2026-08-17T18:48:05Z,2026-08-17T18:48:05Z,
113.160.198.59,ipv4,malicious-ip,medium,WHITE,ziyadnz/hourly-ipv4,ziyadnz|hourly,2026-08-17T18:48:05Z,2026-08-17T18:48:05Z,
113.160.201.174,ipv4,malicious-ip,medium,WHITE,ziyadnz/hourly-ipv4,ziyadnz|hourly,2026-08-17T18:48:05Z,2026-08-17T18:48:05Z,
113.160.207.88,ipv4,malicious-ip,medium,WHITE,ziyadnz/hourly-ipv4,ziyadnz|hourly,2026-08-17T18:48:05Z,2026-08-17T18:48:05Z,
113.160.232.162,ipv4,malicious-ip,medium,WHITE,ziyadnz/hourly-ipv4,ziyadnz|hourly,2026-08-17T18:48:05Z,2026-08-17T18:48:05Z,
113.160.234.11,ipv4,malicious-ip,medium,WHITE,ziyadnz/hourly-ipv4,ziyadnz|hourly,2026-08-17T18:48:05Z,2026-08-17T18:48:05Z,
113.160.234.229,ipv4,malicious-ip,medium,WHITE,ziyadnz/hourly-ipv4,ziyadnz|hourly,2026-08-17T18:48:05Z,2026-08-17T18:48:05Z,
113.160.250.252,ipv4,malicious-ip,medium,WHITE,ziyadnz/hourly-ipv4,ziyadnz|hourly,2026-08-17T18:48:05Z,2026-08-17T18:48:05Z,
113.160.41.38,ipv4,malicious-ip,medium,WHITE,ziyadnz/hourly-ipv4,ziyadnz|hourly,2026-08-17T18:48:05Z,2026-08-17T18:48:05Z,
113.160.82.122,ipv4,malicious-ip,medium,WHITE,ziyadnz/hourly-ipv4,ziyadnz|hourly,2026-08-17T18:48:05Z,2026-08-17T18:48:05Z,
113.161.102.121,ipv4,malicious-ip,medium,WHITE,ziyadnz/hourly-ipv4,ziyadnz|hourly,2026-08-17T18:48:05Z,2026-08-17T18:48:05Z,
113.161.104.10,ipv4,malicious-ip,medium,WHITE,ziyadnz/hourly-ipv4,ziyadnz|hourly,2026-08-17T18:48:05Z,2026-08-17T18:48:05Z,
113.161.16.130,ipv4,malicious-ip,medium,WHITE,ziyadnz/hourly-ipv4,ziyadnz|hourly,2026-08-17T18:48:05Z,2026-08-17T18:48:05Z,
113.161.160.145,ipv4,malicious-ip,medium,WHITE,ziyadnz/hourly-ipv4,ziyadnz|hourly,2026-08-17T18:48:05Z,2026-08-17T18:48:05Z,
113.161.164.20,ipv4,malicious-ip,medium,WHITE,ziyadnz/hourly-ipv4,ziyadnz|hourly,2026-08-17T18:48:05Z,2026-08-17T18:48:05Z,
113.161.164.24,ipv4,malicious-ip,medium,WHITE,ziyadnz/hourly-ipv4,ziyadnz|hourly,2026-08-17T18:48:05Z,2026-08-17T18:48:05Z,
113.161.179.128,ipv4,malicious-ip,medium,WHITE,ziyadnz/hourly-ipv4,ziyadnz|hourly,2026-08-17T18:48:05Z,2026-08-17T18:48:05Z,
113.161.180.61,ipv4,malicious-ip,medium,WHITE,ziyadnz/hourly-ipv4,ziyadnz|hourly,2026-08-17T18:48:05Z,2026-08-17T18:48:05Z,
113.161.189.102,ipv4,malicious-ip,medium,WHITE,ziyadnz/hourly-ipv4,ziyadnz|hourly,2026-08-17T18:48:05Z,2026-08-17T18:48:05Z,
113.161.19.6,ipv4,malicious-ip,medium,WHITE,ziyadnz/hourly-ipv4,ziyadnz|hourly,2026-08-17T18:48:05Z,2026-08-17T18:48:05Z,
113.161.35.170,ipv4,malicious-ip,medium,WHITE,ziyadnz/hourly-ipv4,ziyadnz|hourly,2026-08-17T18:48:05Z,2026-08-17T18:48:05Z,
113.161.39.122,ipv4,malicious-ip,medium,WHITE,ziyadnz/hourly-ipv4,ziyadnz|hourly,2026-08-17T18:48:05Z,2026-08-17T18:48:05Z,
113.161.80.88,ipv4,malicious-ip,medium,WHITE,ziyadnz/hourly-ipv4,ziyadnz|hourly,2026-08-17T18:48:05Z,2026-08-17T18:48:05Z,
113.161.94.184,ipv4,malicious-ip,medium,WHITE,ziyadnz/hourly-ipv4,ziyadnz|hourly,2026-08-17T18:48:05Z,2026-08-17T18:48:05Z,
113.162.10.115,ipv4,malicious-ip,medium,WHITE,ziyadnz/hourly-ipv4,ziyadnz|hourly,2026-08-17T18:48:05Z,2026-08-17T18:48:05Z,
113.162.53.103,ipv4,malicious-ip,medium,WHITE,ziyadnz/hourly-ipv4,ziyadnz|hourly,2026-08-17T18:48:05Z,2026-08-17T18:48:05Z,
113.163.225.62,ipv4,malicious-ip,medium,WHITE,ziyadnz/hourly-ipv4,ziyadnz|hourly,2026-08-17T18:48:05Z,2026-08-17T18:48:05Z,
113.163.34.121,ipv4,malicious-ip,medium,WHITE,ziyadnz/hourly-ipv4,ziyadnz|hourly,2026-08-17T18:48:05Z,2026-08-17T18:48:05Z,
113.164.234.202,ipv4,malicious-ip,medium,WHITE,ziyadnz/hourly-ipv4,ziyadnz|hourly,2026-08-17T18:48:05Z,2026-08-17T18:48:05Z,
113.166.127.6,ipv4,malicious-ip,medium,WHITE,ziyadnz/hourly-ipv4,ziyadnz|hourly,2026-08-17T18:48:05Z,2026-08-17T18:48:05Z,
113.169.242.196,ipv4,malicious-ip,medium,WHITE,ziyadnz/hourly-ipv4,ziyadnz|hourly,2026-08-17T18:48:05Z,2026-08-17T18:48:05Z,
113.17.24.223,ipv4,malicious-ip,medium,WHITE,ziyadnz/hourly-ipv4,ziyadnz|hourly,2026-08-17T18:48:05Z,2026-08-17T18:48:05Z,
113.171.81.144,ipv4,malicious-ip,medium,WHITE,ziyadnz/hourly-ipv4,ziyadnz|hourly,2026-08-17T18:48:05Z,2026-08-17T18:48:05Z,
113.171.82.158,ipv4,malicious-ip,medium,WHITE,ziyadnz/hourly-ipv4,ziyadnz|hourly,2026-08-17T18:48:05Z,2026-08-17T18:48:05Z,
113.172.122.112,ipv4,malicious-ip,medium,WHITE,ziyadnz/hourly-ipv4,ziyadnz|hourly,2026-08-17T18:48:05Z,2026-08-17T18:48:05Z,
113.173.136.84,ipv4,malicious-ip,medium,WHITE,ziyadnz/hourly-ipv4,ziyadnz|hourly,2026-08-17T18:48:05Z,2026-08-17T18:48:05Z,
113.173.248.239,ipv4,malicious-ip,medium,WHITE,ziyadnz/hourly-ipv4,ziyadnz|hourly,2026-08-17T18:48:05Z,2026-08-17T18:48:05Z,
113.174.100.102,ipv4,malicious-ip,medium,WHITE,ziyadnz/hourly-ipv4,ziyadnz|hourly,2026-08-17T18:48:05Z,2026-08-17T18:48:05Z,
113.174.246.88,ipv4,malicious-ip,medium,WHITE,ziyadnz/hourly-ipv4,ziyadnz|hourly,2026-08-17T18:48:05Z,2026-08-17T18:48:05Z,
113.176.112.88,ipv4,malicious-ip,medium,WHITE,ziyadnz/hourly-ipv4,ziyadnz|hourly,2026-08-17T18:48:05Z,2026-08-17T18:48:05Z,
113.176.94.203,ipv4,malicious-ip,medium,WHITE,ziyadnz/hourly-ipv4,ziyadnz|hourly,2026-08-17T18:48:05Z,2026-08-17T18:48:05Z,
113.177.138.182,ipv4,malicious-ip,medium,WHITE,ziyadnz/hourly-ipv4,ziyadnz|hourly,2026-08-17T18:48:05Z,2026-08-17T18:48:05Z,
113.177.142.186,ipv4,malicious-ip,medium,WHITE,ziyadnz/hourly-ipv4,ziyadnz|hourly,2026-08-17T18:48:05Z,2026-08-17T18:48:05Z,
113.182.176.68,ipv4,malicious-ip,medium,WHITE,ziyadnz/hourly-ipv4,ziyadnz|hourly,2026-08-17T18:48:05Z,2026-08-17T18:48:05Z,
113.184.50.216,ipv4,malicious-ip,medium,WHITE,ziyadnz/hourly-ipv4,ziyadnz|hourly,2026-08-17T18:48:05Z,2026-08-17T18:48:05Z,
113.189.97.62,ipv4,malicious-ip,medium,WHITE,ziyadnz/hourly-ipv4,ziyadnz|hourly,2026-08-17T18:48:05Z,2026-08-17T18:48:05Z,
113.190.240.12,ipv4,malicious-ip,medium,WHITE,ziyadnz/hourly-ipv4,ziyadnz|hourly,2026-08-17T18:48:05Z,2026-08-17T18:48:05Z,
113.190.242.154,ipv4,malicious-ip,medium,WHITE,ziyadnz/hourly-ipv4,ziyadnz|hourly,2026-08-17T18:48:05Z,2026-08-17T18:48:05Z,
113.190.252.33,ipv4,malicious-ip,medium,WHITE,ziyadnz/hourly-ipv4,ziyadnz|hourly,2026-08-17T18:48:05Z,2026-08-17T18:48:05Z,
113.190.49.151,ipv4,malicious-ip,medium,WHITE,ziyadnz/hourly-ipv4,ziyadnz|hourly,2026-08-17T18:48:05Z,2026-08-17T18:48:05Z,
113.191.157.55,ipv4,malicious-ip,medium,WHITE,ziyadnz/hourly-ipv4,ziyadnz|hourly,2026-08-17T18:48:05Z,2026-08-17T18:48:05Z,
113.192.12.3,ipv4,malicious-ip,medium,WHITE,ziyadnz/hourly-ipv4,ziyadnz|hourly,2026-08-17T18:48:05Z,2026-08-17T18:48:05Z,
113.192.26.232,ipv4,malicious-ip,medium,WHITE,ziyadnz/hourly-ipv4,ziyadnz|hourly,2026-08-17T18:48:05Z,2026-08-17T18:48:05Z,
113.192.5.81,ipv4,malicious-ip,medium,WHITE,ziyadnz/hourly-ipv4,ziyadnz|hourly,2026-08-17T18:48:05Z,2026-08-17T18:48:05Z,
113.192.54.136,ipv4,malicious-ip,medium,WHITE,ziyadnz/hourly-ipv4,ziyadnz|hourly,2026-08-17T18:48:05Z,2026-08-17T18:48:05Z,
113.192.54.17,ipv4,malicious-ip,medium,WHITE,ziyadnz/hourly-ipv4,ziyadnz|hourly,2026-08-17T18:48:05Z,2026-08-17T18:48:05Z,
113.193.166.238,ipv4,malicious-ip,medium,WHITE,ziyadnz/hourly-ipv4,ziyadnz|hourly,2026-08-17T18:48:05Z,2026-08-17T18:48:05Z,
113.193.166.252,ipv4,malicious-ip,medium,WHITE,ziyadnz/hourly-ipv4,ziyadnz|hourly,2026-08-17T18:48:05Z,2026-08-17T18:48:05Z,
113.193.195.139,ipv4,malicious-ip,medium,WHITE,ziyadnz/hourly-ipv4,ziyadnz|hourly,2026-08-17T18:48:05Z,2026-08-17T18:48:05Z,
113.193.198.103,ipv4,malicious-ip,medium,WHITE,ziyadnz/hourly-ipv4,ziyadnz|hourly,2026-08-17T18:48:05Z,2026-08-17T18:48:05Z,
113.193.198.65,ipv4,malicious-ip,medium,WHITE,ziyadnz/hourly-ipv4,ziyadnz|hourly,2026-08-17T18:48:05Z,2026-08-17T18:48:05Z,
113.193.95.44,ipv4,malicious-ip,medium,WHITE,ziyadnz/hourly-ipv4,ziyadnz|hourly,2026-08-17T18:48:05Z,2026-08-17T18:48:05Z,
113.194.1.254,ipv4,malicious-ip,medium,WHITE,ziyadnz/hourly-ipv4,ziyadnz|hourly,2026-08-17T18:48:05Z,2026-08-17T18:48:05Z,
113.194.152.186,ipv4,malicious-ip,medium,WHITE,ziyadnz/hourly-ipv4,ziyadnz|hourly,2026-08-17T18:48:05Z,2026-08-17T18:48:05Z,
113.194.152.81,ipv4,malicious-ip,medium,WHITE,ziyadnz/hourly-ipv4,ziyadnz|hourly,2026-08-17T18:48:05Z,2026-08-17T18:48:05Z,
113.194.203.31,ipv4,malicious-ip,medium,WHITE,ziyadnz/hourly-ipv4,ziyadnz|hourly,2026-08-17T18:48:05Z,2026-08-17T18:48:05Z,
113.195.134.25,ipv4,malicious-ip,medium,WHITE,ziyadnz/hourly-ipv4,ziyadnz|hourly,2026-08-17T18:48:05Z,2026-08-17T18:48:05Z,
113.195.167.244,ipv4,malicious-ip,medium,WHITE,ziyadnz/hourly-ipv4,ziyadnz|hourly,2026-08-17T18:48:05Z,2026-08-17T18:48:05Z,
113.195.236.0,ipv4,malicious-ip,medium,WHITE,ziyadnz/hourly-ipv4,ziyadnz|hourly,2026-08-17T18:48:05Z,2026-08-17T18:48:05Z,
113.195.236.14,ipv4,malicious-ip,medium,WHITE,ziyadnz/hourly-ipv4,ziyadnz|hourly,2026-08-17T18:48:05Z,2026-08-17T18:48:05Z,
113.195.236.153,ipv4,malicious-ip,medium,WHITE,ziyadnz/hourly-ipv4,ziyadnz|hourly,2026-08-17T18:48:05Z,2026-08-17T18:48:05Z,
113.195.236.176,ipv4,malicious-ip,medium,WHITE,ziyadnz/hourly-ipv4,ziyadnz|hourly,2026-08-17T18:48:05Z,2026-08-17T18:48:05Z,
113.195.236.177,ipv4,malicious-ip,medium,WHITE,ziyadnz/hourly-ipv4,ziyadnz|hourly,2026-08-17T18:48:05Z,2026-08-17T18:48:05Z,
113.195.236.202,ipv4,malicious-ip,medium,WHITE,ziyadnz/hourly-ipv4,ziyadnz|hourly,2026-08-17T18:48:05Z,2026-08-17T18:48:05Z,
113.195.236.31,ipv4,malicious-ip,medium,WHITE,ziyadnz/hourly-ipv4,ziyadnz|hourly,2026-08-17T18:48:05Z,2026-08-17T18:48:05Z,
113.195.65.63,ipv4,malicious-ip,medium,WHITE,ziyadnz/hourly-ipv4,ziyadnz|hourly,2026-08-17T18:48:05Z,2026-08-17T18:48:05Z,
113.196.197.59,ipv4,malicious-ip,medium,WHITE,ziyadnz/hourly-ipv4,ziyadnz|hourly,2026-08-17T18:48:05Z,2026-08-17T18:48:05Z,
113.199.227.220,ipv4,malicious-ip,medium,WHITE,ziyadnz/hourly-ipv4,ziyadnz|hourly,2026-08-17T18:48:05Z,2026-08-17T18:48:05Z,
113.199.227.4,ipv4,malicious-ip,medium,WHITE,ziyadnz/hourly-ipv4,ziyadnz|hourly,2026-08-17T18:48:05Z,2026-08-17T18:48:05Z,
113.199.236.81,ipv4,malicious-ip,medium,WHITE,ziyadnz/hourly-ipv4,ziyadnz|hourly,2026-08-17T18:48:05Z,2026-08-17T18:48:05Z,
113.199.238.58,ipv4,malicious-ip,medium,WHITE,ziyadnz/hourly-ipv4,ziyadnz|hourly,2026-08-17T18:48:05Z,2026-08-17T18:48:05Z,
113.199.240.109,ipv4,malicious-ip,medium,WHITE,ziyadnz/hourly-ipv4,ziyadnz|hourly,2026-08-17T18:48:05Z,2026-08-17T18:48:05Z,
113.199.241.45,ipv4,malicious-ip,medium,WHITE,ziyadnz/hourly-ipv4,ziyadnz|hourly,2026-08-17T18:48:05Z,2026-08-17T18:48:05Z,
113.199.242.184,ipv4,malicious-ip,medium,WHITE,ziyadnz/hourly-ipv4,ziyadnz|hourly,2026-08-17T18:48:05Z,2026-08-17T18:48:05Z,
113.199.242.190,ipv4,malicious-ip,medium,WHITE,ziyadnz/hourly-ipv4,ziyadnz|hourly,2026-08-17T18:48:05Z,2026-08-17T18:48:05Z,
113.199.244.252,ipv4,malicious-ip,medium,WHITE,ziyadnz/hourly-ipv4,ziyadnz|hourly,2026-08-17T18:48:05Z,2026-08-17T18:48:05Z,
113.199.245.158,ipv4,malicious-ip,medium,WHITE,ziyadnz/hourly-ipv4,ziyadnz|hourly,2026-08-17T18:48:05Z,2026-08-17T18:48:05Z,
113.199.246.38,ipv4,malicious-ip,medium,WHITE,ziyadnz/hourly-ipv4,ziyadnz|hourly,2026-08-17T18:48:05Z,2026-08-17T18:48:05Z,
113.199.247.0,ipv4,malicious-ip,medium,WHITE,ziyadnz/hourly-ipv4,ziyadnz|hourly,2026-08-17T18:48:05Z,2026-08-17T18:48:05Z,
113.199.247.232,ipv4,malicious-ip,medium,WHITE,ziyadnz/hourly-ipv4,ziyadnz|hourly,2026-08-17T18:48:05Z,2026-08-17T18:48:05Z,
113.199.65.48,ipv4,malicious-ip,medium,WHITE,ziyadnz/hourly-ipv4,ziyadnz|hourly,2026-08-17T18:48:05Z,2026-08-17T18:48:05Z,
113.2.165.138,ipv4,malicious-ip,medium,WHITE,ziyadnz/hourly-ipv4,ziyadnz|hourly,2026-08-17T18:48:05Z,2026-08-17T18:48:05Z,
113.20.0.58,ipv4,malicious-ip,medium,WHITE,ziyadnz/hourly-ipv4,ziyadnz|hourly,2026-08-17T18:48:05Z,2026-08-17T18:48:05Z,
113.20.4.9,ipv4,malicious-ip,medium,WHITE,ziyadnz/hourly-ipv4,ziyadnz|hourly,2026-08-17T18:48:05Z,2026-08-17T18:48:05Z,
113.200.100.18,ipv4,malicious-ip,medium,WHITE,ziyadnz/hourly-ipv4,ziyadnz|hourly,2026-08-17T18:48:05Z,2026-08-17T18:48:05Z,
113.200.154.22,ipv4,malicious-ip,medium,WHITE,ziyadnz/hourly-ipv4,ziyadnz|hourly,2026-08-17T18:48:05Z,2026-08-17T18:48:05Z,
113.200.5.118,ipv4,malicious-ip,medium,WHITE,ziyadnz/hourly-ipv4,ziyadnz|hourly,2026-08-17T18:48:05Z,2026-08-17T18:48:05Z,
113.200.5.238,ipv4,malicious-ip,medium,WHITE,ziyadnz/hourly-ipv4,ziyadnz|hourly,2026-08-17T18:48:05Z,2026-08-17T18:48:05Z,
113.200.71.102,ipv4,malicious-ip,medium,WHITE,ziyadnz/hourly-ipv4,ziyadnz|hourly,2026-08-17T18:48:05Z,2026-08-17T18:48:05Z,
113.200.71.105,ipv4,malicious-ip,medium,WHITE,ziyadnz/hourly-ipv4,ziyadnz|hourly,2026-08-17T18:48:05Z,2026-08-17T18:48:05Z,
113.200.71.109,ipv4,malicious-ip,medium,WHITE,ziyadnz/hourly-ipv4,ziyadnz|hourly,2026-08-17T18:48:05Z,2026-08-17T18:48:05Z,
113.200.71.110,ipv4,malicious-ip,medium,WHITE,ziyadnz/hourly-ipv4,ziyadnz|hourly,2026-08-17T18:48:05Z,2026-08-17T18:48:05Z,
113.200.71.99,ipv4,malicious-ip,medium,WHITE,ziyadnz/hourly-ipv4,ziyadnz|hourly,2026-08-17T18:48:05Z,2026-08-17T18:48:05Z,
113.200.72.195,ipv4,malicious-ip,medium,WHITE,ziyadnz/hourly-ipv4,ziyadnz|hourly,2026-08-17T18:48:05Z,2026-08-17T18:48:05Z,
113.200.72.197,ipv4,malicious-ip,medium,WHITE,ziyadnz/hourly-ipv4,ziyadnz|hourly,2026-08-17T18:48:05Z,2026-08-17T18:48:05Z,
113.200.72.199,ipv4,malicious-ip,medium,WHITE,ziyadnz/hourly-ipv4,ziyadnz|hourly,2026-08-17T18:48:05Z,2026-08-17T18:48:05Z,
113.200.72.202,ipv4,malicious-ip,medium,WHITE,ziyadnz/hourly-ipv4,ziyadnz|hourly,2026-08-17T18:48:05Z,2026-08-17T18:48:05Z,
113.200.72.203,ipv4,malicious-ip,medium,WHITE,ziyadnz/hourly-ipv4,ziyadnz|hourly,2026-08-17T18:48:05Z,2026-08-17T18:48:05Z,
113.200.76.11,ipv4,malicious-ip,medium,WHITE,ziyadnz/hourly-ipv4,ziyadnz|hourly,2026-08-17T18:48:05Z,2026-08-17T18:48:05Z,
113.201.153.162,ipv4,malicious-ip,medium,WHITE,ziyadnz/hourly-ipv4,ziyadnz|hourly,2026-08-17T18:48:05Z,2026-08-17T18:48:05Z,
113.201.174.164,ipv4,malicious-ip,medium,WHITE,ziyadnz/hourly-ipv4,ziyadnz|hourly,2026-08-17T18:48:05Z,2026-08-17T18:48:05Z,
113.201.174.43,ipv4,malicious-ip,medium,WHITE,ziyadnz/hourly-ipv4,ziyadnz|hourly,2026-08-17T18:48:05Z,2026-08-17T18:48:05Z,
113.201.207.134,ipv4,malicious-ip,medium,WHITE,ziyadnz/hourly-ipv4,ziyadnz|hourly,2026-08-17T18:48:05Z,2026-08-17T18:48:05Z,
113.201.207.170,ipv4,malicious-ip,medium,WHITE,ziyadnz/hourly-ipv4,ziyadnz|hourly,2026-08-17T18:48:05Z,2026-08-17T18:48:05Z,
113.201.207.174,ipv4,malicious-ip,medium,WHITE,ziyadnz/hourly-ipv4,ziyadnz|hourly,2026-08-17T18:48:05Z,2026-08-17T18:48:05Z,
113.201.207.190,ipv4,malicious-ip,medium,WHITE,ziyadnz/hourly-ipv4,ziyadnz|hourly,2026-08-17T18:48:05Z,2026-08-17T18:48:05Z,
113.201.207.206,ipv4,malicious-ip,medium,WHITE,ziyadnz/hourly-ipv4,ziyadnz|hourly,2026-08-17T18:48:05Z,2026-08-17T18:48:05Z,
113.201.207.250,ipv4,malicious-ip,medium,WHITE,ziyadnz/hourly-ipv4,ziyadnz|hourly,2026-08-17T18:48:05Z,2026-08-17T18:48:05Z,
113.201.207.254,ipv4,malicious-ip,medium,WHITE,ziyadnz/hourly-ipv4,ziyadnz|hourly,2026-08-17T18:48:05Z,2026-08-17T18:48:05Z,
113.203.196.88,ipv4,malicious-ip,medium,WHITE,ziyadnz/hourly-ipv4,ziyadnz|hourly,2026-08-17T18:48:05Z,2026-08-17T18:48:05Z,
113.203.205.16,ipv4,malicious-ip,medium,WHITE,ziyadnz/hourly-ipv4,ziyadnz|hourly,2026-08-17T18:48:05Z,2026-08-17T18:48:05Z,
113.203.205.23,ipv4,malicious-ip,medium,WHITE,ziyadnz/hourly-ipv4,ziyadnz|hourly,2026-08-17T18:48:05Z,2026-08-17T18:48:05Z,
113.205.161.222,ipv4,malicious-ip,medium,WHITE,ziyadnz/hourly-ipv4,ziyadnz|hourly,2026-08-17T18:48:05Z,2026-08-17T18:48:05Z,
113.205.185.11,ipv4,malicious-ip,medium,WHITE,ziyadnz/hourly-ipv4,ziyadnz|hourly,2026-08-17T18:48:05Z,2026-08-17T18:48:05Z,
113.205.188.164,ipv4,malicious-ip,medium,WHITE,ziyadnz/hourly-ipv4,ziyadnz|hourly,2026-08-17T18:48:05Z,2026-08-17T18:48:05Z,
113.205.57.229,ipv4,malicious-ip,medium,WHITE,ziyadnz/hourly-ipv4,ziyadnz|hourly,2026-08-17T18:48:05Z,2026-08-17T18:48:05Z,
113.206.125.17,ipv4,malicious-ip,medium,WHITE,ziyadnz/hourly-ipv4,ziyadnz|hourly,2026-08-17T18:48:05Z,2026-08-17T18:48:05Z,
113.206.212.159,ipv4,malicious-ip,medium,WHITE,ziyadnz/hourly-ipv4,ziyadnz|hourly,2026-08-17T18:48:05Z,2026-08-17T18:48:05Z,
113.206.242.210,ipv4,malicious-ip,medium,WHITE,ziyadnz/hourly-ipv4,ziyadnz|hourly,2026-08-17T18:48:05Z,2026-08-17T18:48:05Z,
113.21.114.29,ipv4,malicious-ip,medium,WHITE,ziyadnz/hourly-ipv4,ziyadnz|hourly,2026-08-17T18:48:05Z,2026-08-17T18:48:05Z,
113.21.77.146,ipv4,malicious-ip,medium,WHITE,ziyadnz/hourly-ipv4,ziyadnz|hourly,2026-08-17T18:48:05Z,2026-08-17T18:48:05Z,
113.21.78.130,ipv4,malicious-ip,medium,WHITE,ziyadnz/hourly-ipv4,ziyadnz|hourly,2026-08-17T18:48:05Z,2026-08-17T18:48:05Z,
113.210.69.216,ipv4,malicious-ip,medium,WHITE,ziyadnz/hourly-ipv4,ziyadnz|hourly,2026-08-17T18:48:05Z,2026-08-17T18:48:05Z,
113.210.70.146,ipv4,malicious-ip,medium,WHITE,ziyadnz/hourly-ipv4,ziyadnz|hourly,2026-08-17T18:48:05Z,2026-08-17T18:48:05Z,
113.210.91.147,ipv4,malicious-ip,medium,WHITE,ziyadnz/hourly-ipv4,ziyadnz|hourly,2026-08-17T18:48:05Z,2026-08-17T18:48:05Z,
113.211.193.213,ipv4,malicious-ip,medium,WHITE,ziyadnz/hourly-ipv4,ziyadnz|hourly,2026-08-17T18:48:05Z,2026-08-17T18:48:05Z,
113.211.212.17,ipv4,malicious-ip,medium,WHITE,ziyadnz/hourly-ipv4,ziyadnz|hourly,2026-08-17T18:48:05Z,2026-08-17T18:48:05Z,
113.211.213.152,ipv4,malicious-ip,medium,WHITE,ziyadnz/hourly-ipv4,ziyadnz|hourly,2026-08-17T18:48:05Z,2026-08-17T18:48:05Z,
113.211.213.209,ipv4,malicious-ip,medium,WHITE,ziyadnz/hourly-ipv4,ziyadnz|hourly,2026-08-17T18:48:05Z,2026-08-17T18:48:05Z,
113.211.214.203,ipv4,malicious-ip,medium,WHITE,ziyadnz/hourly-ipv4,ziyadnz|hourly,2026-08-17T18:48:05Z,2026-08-17T18:48:05Z,
113.211.214.23,ipv4,malicious-ip,medium,WHITE,ziyadnz/hourly-ipv4,ziyadnz|hourly,2026-08-17T18:48:05Z,2026-08-17T18:48:05Z,
113.211.215.144,ipv4,malicious-ip,medium,WHITE,ziyadnz/hourly-ipv4,ziyadnz|hourly,2026-08-17T18:48:05Z,2026-08-17T18:48:05Z,
113.211.215.187,ipv4,malicious-ip,medium,WHITE,ziyadnz/hourly-ipv4,ziyadnz|hourly,2026-08-17T18:48:05Z,2026-08-17T18:48:05Z,
113.212.108.65,ipv4,malicious-ip,medium,WHITE,ziyadnz/hourly-ipv4,ziyadnz|hourly,2026-08-17T18:48:05Z,2026-08-17T18:48:05Z,
113.212.111.164,ipv4,malicious-ip,medium,WHITE,ziyadnz/hourly-ipv4,ziyadnz|hourly,2026-08-17T18:48:05Z,2026-08-17T18:48:05Z,
113.214.37.18,ipv4,malicious-ip,medium,WHITE,ziyadnz/hourly-ipv4,ziyadnz|hourly,2026-08-17T18:48:05Z,2026-08-17T18:48:05Z,
113.214.56.238,ipv4,malicious-ip,medium,WHITE,ziyadnz/hourly-ipv4,ziyadnz|hourly,2026-08-17T18:48:05Z,2026-08-17T18:48:05Z,
113.218.141.18,ipv4,malicious-ip,medium,WHITE,ziyadnz/hourly-ipv4,ziyadnz|hourly,2026-08-17T18:48:05Z,2026-08-17T18:48:05Z,
113.218.144.73,ipv4,malicious-ip,medium,WHITE,ziyadnz/hourly-ipv4,ziyadnz|hourly,2026-08-17T18:48:05Z,2026-08-17T18:48:05Z,
113.218.188.96,ipv4,malicious-ip,medium,WHITE,ziyadnz/hourly-ipv4,ziyadnz|hourly,2026-08-17T18:48:05Z,2026-08-17T18:48:05Z,
113.218.204.121,ipv4,malicious-ip,medium,WHITE,ziyadnz/hourly-ipv4,ziyadnz|hourly,2026-08-17T18:48:05Z,2026-08-17T18:48:05Z,
113.218.232.149,ipv4,malicious-ip,medium,WHITE,ziyadnz/hourly-ipv4,ziyadnz|hourly,2026-08-17T18:48:05Z,2026-08-17T18:48:05Z,
113.218.234.111,ipv4,malicious-ip,medium,WHITE,ziyadnz/hourly-ipv4,ziyadnz|hourly,2026-08-17T18:48:05Z,2026-08-17T18:48:05Z,
113.218.234.184,ipv4,malicious-ip,medium,WHITE,ziyadnz/hourly-ipv4,ziyadnz|hourly,2026-08-17T18:48:05Z,2026-08-17T18:48:05Z,
113.218.236.155,ipv4,malicious-ip,medium,WHITE,ziyadnz/hourly-ipv4,ziyadnz|hourly,2026-08-17T18:48:05Z,2026-08-17T18:48:05Z,
113.218.238.101,ipv4,malicious-ip,medium,WHITE,ziyadnz/hourly-ipv4,ziyadnz|hourly,2026-08-17T18:48:05Z,2026-08-17T18:48:05Z,
113.22.221.71,ipv4,malicious-ip,medium,WHITE,ziyadnz/hourly-ipv4,ziyadnz|hourly,2026-08-17T18:48:05Z,2026-08-17T18:48:05Z,
113.22.36.114,ipv4,malicious-ip,medium,WHITE,ziyadnz/hourly-ipv4,ziyadnz|hourly,2026-08-17T18:48:05Z,2026-08-17T18:48:05Z,
113.220.232.161,ipv4,malicious-ip,medium,WHITE,ziyadnz/hourly-ipv4,ziyadnz|hourly,2026-08-17T18:48:05Z,2026-08-17T18:48:05Z,
113.220.233.129,ipv4,malicious-ip,medium,WHITE,ziyadnz/hourly-ipv4,ziyadnz|hourly,2026-08-17T18:48:05Z,2026-08-17T18:48:05Z,
113.221.11.167,ipv4,malicious-ip,medium,WHITE,ziyadnz/hourly-ipv4,ziyadnz|hourly,2026-08-17T18:48:05Z,2026-08-17T18:48:05Z,
113.221.12.148,ipv4,malicious-ip,medium,WHITE,ziyadnz/hourly-ipv4,ziyadnz|hourly,2026-08-17T18:48:05Z,2026-08-17T18:48:05Z,
113.221.12.26,ipv4,malicious-ip,medium,WHITE,ziyadnz/hourly-ipv4,ziyadnz|hourly,2026-08-17T18:48:05Z,2026-08-17T18:48:05Z,
113.221.13.186,ipv4,malicious-ip,medium,WHITE,ziyadnz/hourly-ipv4,ziyadnz|hourly,2026-08-17T18:48:05Z,2026-08-17T18:48:05Z,
113.221.14.138,ipv4,malicious-ip,medium,WHITE,ziyadnz/hourly-ipv4,ziyadnz|hourly,2026-08-17T18:48:05Z,2026-08-17T18:48:05Z,
113.221.15.191,ipv4,malicious-ip,medium,WHITE,ziyadnz/hourly-ipv4,ziyadnz|hourly,2026-08-17T18:48:05Z,2026-08-17T18:48:05Z,
113.221.24.125,ipv4,malicious-ip,medium,WHITE,ziyadnz/hourly-ipv4,ziyadnz|hourly,2026-08-17T18:48:05Z,2026-08-17T18:48:05Z,
113.221.25.210,ipv4,malicious-ip,medium,WHITE,ziyadnz/hourly-ipv4,ziyadnz|hourly,2026-08-17T18:48:05Z,2026-08-17T18:48:05Z,
113.221.26.140,ipv4,malicious-ip,medium,WHITE,ziyadnz/hourly-ipv4,ziyadnz|hourly,2026-08-17T18:48:05Z,2026-08-17T18:48:05Z,
113.221.26.155,ipv4,malicious-ip,medium,WHITE,ziyadnz/hourly-ipv4,ziyadnz|hourly,2026-08-17T18:48:05Z,2026-08-17T18:48:05Z,
113.221.26.191,ipv4,malicious-ip,medium,WHITE,ziyadnz/hourly-ipv4,ziyadnz|hourly,2026-08-17T18:48:05Z,2026-08-17T18:48:05Z,
113.221.26.76,ipv4,malicious-ip,medium,WHITE,ziyadnz/hourly-ipv4,ziyadnz|hourly,2026-08-17T18:48:05Z,2026-08-17T18:48:05Z,
113.221.27.0,ipv4,malicious-ip,medium,WHITE,ziyadnz/hourly-ipv4,ziyadnz|hourly,2026-08-17T18:48:05Z,2026-08-17T18:48:05Z,
113.221.27.120,ipv4,malicious-ip,medium,WHITE,ziyadnz/hourly-ipv4,ziyadnz|hourly,2026-08-17T18:48:05Z,2026-08-17T18:48:05Z,
113.221.27.142,ipv4,malicious-ip,medium,WHITE,ziyadnz/hourly-ipv4,ziyadnz|hourly,2026-08-17T18:48:05Z,2026-08-17T18:48:05Z,
113.221.27.148,ipv4,malicious-ip,medium,WHITE,ziyadnz/hourly-ipv4,ziyadnz|hourly,2026-08-17T18:48:05Z,2026-08-17T18:48:05Z,
113.221.27.204,ipv4,malicious-ip,medium,WHITE,ziyadnz/hourly-ipv4,ziyadnz|hourly,2026-08-17T18:48:05Z,2026-08-17T18:48:05Z,
113.221.27.208,ipv4,malicious-ip,medium,WHITE,ziyadnz/hourly-ipv4,ziyadnz|hourly,2026-08-17T18:48:05Z,2026-08-17T18:48:05Z,
113.221.27.49,ipv4,malicious-ip,medium,WHITE,ziyadnz/hourly-ipv4,ziyadnz|hourly,2026-08-17T18:48:05Z,2026-08-17T18:48:05Z,
113.221.36.148,ipv4,malicious-ip,medium,WHITE,ziyadnz/hourly-ipv4,ziyadnz|hourly,2026-08-17T18:48:05Z,2026-08-17T18:48:05Z,
113.221.37.142,ipv4,malicious-ip,medium,WHITE,ziyadnz/hourly-ipv4,ziyadnz|hourly,2026-08-17T18:48:05Z,2026-08-17T18:48:05Z,
113.221.38.145,ipv4,malicious-ip,medium,WHITE,ziyadnz/hourly-ipv4,ziyadnz|hourly,2026-08-17T18:48:05Z,2026-08-17T18:48:05Z,
113.221.39.141,ipv4,malicious-ip,medium,WHITE,ziyadnz/hourly-ipv4,ziyadnz|hourly,2026-08-17T18:48:05Z,2026-08-17T18:48:05Z,
113.221.39.206,ipv4,malicious-ip,medium,WHITE,ziyadnz/hourly-ipv4,ziyadnz|hourly,2026-08-17T18:48:05Z,2026-08-17T18:48:05Z,
113.221.45.217,ipv4,malicious-ip,medium,WHITE,ziyadnz/hourly-ipv4,ziyadnz|hourly,2026-08-17T18:48:05Z,2026-08-17T18:48:05Z,
113.221.46.222,ipv4,malicious-ip,medium,WHITE,ziyadnz/hourly-ipv4,ziyadnz|hourly,2026-08-17T18:48:05Z,2026-08-17T18:48:05Z,
113.221.46.26,ipv4,malicious-ip,medium,WHITE,ziyadnz/hourly-ipv4,ziyadnz|hourly,2026-08-17T18:48:05Z,2026-08-17T18:48:05Z,
113.221.58.118,ipv4,malicious-ip,medium,WHITE,ziyadnz/hourly-ipv4,ziyadnz|hourly,2026-08-17T18:48:05Z,2026-08-17T18:48:05Z,
113.221.58.190,ipv4,malicious-ip,medium,WHITE,ziyadnz/hourly-ipv4,ziyadnz|hourly,2026-08-17T18:48:05Z,2026-08-17T18:48:05Z,
113.221.73.33,ipv4,malicious-ip,medium,WHITE,ziyadnz/hourly-ipv4,ziyadnz|hourly,2026-08-17T18:48:05Z,2026-08-17T18:48:05Z,
113.221.74.214,ipv4,malicious-ip,medium,WHITE,ziyadnz/hourly-ipv4,ziyadnz|hourly,2026-08-17T18:48:05Z,2026-08-17T18:48:05Z,
113.221.75.137,ipv4,malicious-ip,medium,WHITE,ziyadnz/hourly-ipv4,ziyadnz|hourly,2026-08-17T18:48:05Z,2026-08-17T18:48:05Z,
113.221.75.211,ipv4,malicious-ip,medium,WHITE,ziyadnz/hourly-ipv4,ziyadnz|hourly,2026-08-17T18:48:05Z,2026-08-17T18:48:05Z,
113.221.76.5,ipv4,malicious-ip,medium,WHITE,ziyadnz/hourly-ipv4,ziyadnz|hourly,2026-08-17T18:48:05Z,2026-08-17T18:48:05Z,
113.221.79.248,ipv4,malicious-ip,medium,WHITE,ziyadnz/hourly-ipv4,ziyadnz|hourly,2026-08-17T18:48:05Z,2026-08-17T18:48:05Z,
113.221.8.160,ipv4,malicious-ip,medium,WHITE,ziyadnz/hourly-ipv4,ziyadnz|hourly,2026-08-17T18:48:05Z,2026-08-17T18:48:05Z,
113.221.8.229,ipv4,malicious-ip,medium,WHITE,ziyadnz/hourly-ipv4,ziyadnz|hourly,2026-08-17T18:48:05Z,2026-08-17T18:48:05Z,
113.221.9.212,ipv4,malicious-ip,medium,WHITE,ziyadnz/hourly-ipv4,ziyadnz|hourly,2026-08-17T18:48:05Z,2026-08-17T18:48:05Z,
113.221.96.240,ipv4,malicious-ip,medium,WHITE,ziyadnz/hourly-ipv4,ziyadnz|hourly,2026-08-17T18:48:05Z,2026-08-17T18:48:05Z,
113.221.96.254,ipv4,malicious-ip,medium,WHITE,ziyadnz/hourly-ipv4,ziyadnz|hourly,2026-08-17T18:48:05Z,2026-08-17T18:48:05Z,
113.221.96.47,ipv4,malicious-ip,medium,WHITE,ziyadnz/hourly-ipv4,ziyadnz|hourly,2026-08-17T18:48:05Z,2026-08-17T18:48:05Z,
113.221.97.153,ipv4,malicious-ip,medium,WHITE,ziyadnz/hourly-ipv4,ziyadnz|hourly,2026-08-17T18:48:05Z,2026-08-17T18:48:05Z,
113.221.98.189,ipv4,malicious-ip,medium,WHITE,ziyadnz/hourly-ipv4,ziyadnz|hourly,2026-08-17T18:48:05Z,2026-08-17T18:48:05Z,
113.221.98.241,ipv4,malicious-ip,medium,WHITE,ziyadnz/hourly-ipv4,ziyadnz|hourly,2026-08-17T18:48:05Z,2026-08-17T18:48:05Z,
113.221.98.45,ipv4,malicious-ip,medium,WHITE,ziyadnz/hourly-ipv4,ziyadnz|hourly,2026-08-17T18:48:05Z,2026-08-17T18:48:05Z,
113.221.99.253,ipv4,malicious-ip,medium,WHITE,ziyadnz/hourly-ipv4,ziyadnz|hourly,2026-08-17T18:48:05Z,2026-08-17T18:48:05Z,
113.222.208.231,ipv4,malicious-ip,medium,WHITE,ziyadnz/hourly-ipv4,ziyadnz|hourly,2026-08-17T18:48:05Z,2026-08-17T18:48:05Z,
113.222.224.176,ipv4,malicious-ip,medium,WHITE,ziyadnz/hourly-ipv4,ziyadnz|hourly,2026-08-17T18:48:05Z,2026-08-17T18:48:05Z,
113.223.41.255,ipv4,malicious-ip,medium,WHITE,ziyadnz/hourly-ipv4,ziyadnz|hourly,2026-08-17T18:48:05Z,2026-08-17T18:48:05Z,
113.225.1.2,ipv4,malicious-ip,medium,WHITE,ziyadnz/hourly-ipv4,ziyadnz|hourly,2026-08-17T18:48:05Z,2026-08-17T18:48:05Z,
113.226.165.11,ipv4,malicious-ip,medium,WHITE,ziyadnz/hourly-ipv4,ziyadnz|hourly,2026-08-17T18:48:05Z,2026-08-17T18:48:05Z,
113.226.196.15,ipv4,malicious-ip,medium,WHITE,ziyadnz/hourly-ipv4,ziyadnz|hourly,2026-08-17T18:48:05Z,2026-08-17T18:48:05Z,
113.226.44.30,ipv4,malicious-ip,medium,WHITE,ziyadnz/hourly-ipv4,ziyadnz|hourly,2026-08-17T18:48:05Z,2026-08-17T18:48:05Z,
113.227.237.46,ipv4,malicious-ip,medium,WHITE,ziyadnz/hourly-ipv4,ziyadnz|hourly,2026-08-17T18:48:05Z,2026-08-17T18:48:05Z,
113.23.212.15,ipv4,malicious-ip,medium,WHITE,ziyadnz/hourly-ipv4,ziyadnz|hourly,2026-08-17T18:48:05Z,2026-08-17T18:48:05Z,
113.23.33.134,ipv4,malicious-ip,medium,WHITE,ziyadnz/hourly-ipv4,ziyadnz|hourly,2026-08-17T18:48:05Z,2026-08-17T18:48:05Z,
113.23.52.237,ipv4,malicious-ip,medium,WHITE,ziyadnz/hourly-ipv4,ziyadnz|hourly,2026-08-17T18:48:05Z,2026-08-17T18:48:05Z,
113.231.112.207,ipv4,malicious-ip,medium,WHITE,ziyadnz/hourly-ipv4,ziyadnz|hourly,2026-08-17T18:48:05Z,2026-08-17T18:48:05Z,
113.231.174.228,ipv4,malicious-ip,medium,WHITE,ziyadnz/hourly-ipv4,ziyadnz|hourly,2026-08-17T18:48:05Z,2026-08-17T18:48:05Z,
113.233.156.136,ipv4,malicious-ip,medium,WHITE,ziyadnz/hourly-ipv4,ziyadnz|hourly,2026-08-17T18:48:05Z,2026-08-17T18:48:05Z,
113.235.204.151,ipv4,malicious-ip,medium,WHITE,ziyadnz/hourly-ipv4,ziyadnz|hourly,2026-08-17T18:48:05Z,2026-08-17T18:48:05Z,
113.235.208.123,ipv4,malicious-ip,medium,WHITE,ziyadnz/hourly-ipv4,ziyadnz|hourly,2026-08-17T18:48:05Z,2026-08-17T18:48:05Z,
113.238.129.26,ipv4,malicious-ip,medium,WHITE,ziyadnz/hourly-ipv4,ziyadnz|hourly,2026-08-17T18:48:05Z,2026-08-17T18:48:05Z,
113.238.151.89,ipv4,malicious-ip,medium,WHITE,ziyadnz/hourly-ipv4,ziyadnz|hourly,2026-08-17T18:48:05Z,2026-08-17T18:48:05Z,
113.238.186.70,ipv4,malicious-ip,medium,WHITE,ziyadnz/hourly-ipv4,ziyadnz|hourly,2026-08-17T18:48:05Z,2026-08-17T18:48:05Z,
113.238.43.68,ipv4,malicious-ip,medium,WHITE,ziyadnz/hourly-ipv4,ziyadnz|hourly,2026-08-17T18:48:05Z,2026-08-17T18:48:05Z,
113.239.117.117,ipv4,malicious-ip,medium,WHITE,ziyadnz/hourly-ipv4,ziyadnz|hourly,2026-08-17T18:48:05Z,2026-08-17T18:48:05Z,
113.240.136.103,ipv4,malicious-ip,medium,WHITE,ziyadnz/hourly-ipv4,ziyadnz|hourly,2026-08-17T18:48:05Z,2026-08-17T18:48:05Z,
113.240.152.41,ipv4,malicious-ip,medium,WHITE,ziyadnz/hourly-ipv4,ziyadnz|hourly,2026-08-17T18:48:05Z,2026-08-17T18:48:05Z,
113.240.153.190,ipv4,malicious-ip,medium,WHITE,ziyadnz/hourly-ipv4,ziyadnz|hourly,2026-08-17T18:48:05Z,2026-08-17T18:48:05Z,
113.240.154.138,ipv4,malicious-ip,medium,WHITE,ziyadnz/hourly-ipv4,ziyadnz|hourly,2026-08-17T18:48:05Z,2026-08-17T18:48:05Z,
113.247.243.143,ipv4,malicious-ip,medium,WHITE,ziyadnz/hourly-ipv4,ziyadnz|hourly,2026-08-17T18:48:05Z,2026-08-17T18:48:05Z,
113.248.156.240,ipv4,malicious-ip,medium,WHITE,ziyadnz/hourly-ipv4,ziyadnz|hourly,2026-08-17T18:48:05Z,2026-08-17T18:48:05Z,
113.248.161.102,ipv4,malicious-ip,medium,WHITE,ziyadnz/hourly-ipv4,ziyadnz|hourly,2026-08-17T18:48:05Z,2026-08-17T18:48:05Z,
113.248.208.50,ipv4,malicious-ip,medium,WHITE,ziyadnz/hourly-ipv4,ziyadnz|hourly,2026-08-17T18:48:05Z,2026-08-17T18:48:05Z,
113.249.101.0,ipv4,malicious-ip,medium,WHITE,ziyadnz/hourly-ipv4,ziyadnz|hourly,2026-08-17T18:48:05Z,2026-08-17T18:48:05Z,
113.249.101.163,ipv4,malicious-ip,medium,WHITE,ziyadnz/hourly-ipv4,ziyadnz|hourly,2026-08-17T18:48:05Z,2026-08-17T18:48:05Z,
113.249.101.167,ipv4,malicious-ip,medium,WHITE,ziyadnz/hourly-ipv4,ziyadnz|hourly,2026-08-17T18:48:05Z,2026-08-17T18:48:05Z,
113.249.101.168,ipv4,malicious-ip,medium,WHITE,ziyadnz/hourly-ipv4,ziyadnz|hourly,2026-08-17T18:48:05Z,2026-08-17T18:48:05Z,
113.249.101.170,ipv4,malicious-ip,medium,WHITE,ziyadnz/hourly-ipv4,ziyadnz|hourly,2026-08-17T18:48:05Z,2026-08-17T18:48:05Z,
113.249.101.172,ipv4,malicious-ip,medium,WHITE,ziyadnz/hourly-ipv4,ziyadnz|hourly,2026-08-17T18:48:05Z,2026-08-17T18:48:05Z,
113.249.101.173,ipv4,malicious-ip,medium,WHITE,ziyadnz/hourly-ipv4,ziyadnz|hourly,2026-08-17T18:48:05Z,2026-08-17T18:48:05Z,
113.249.101.174,ipv4,malicious-ip,medium,WHITE,ziyadnz/hourly-ipv4,ziyadnz|hourly,2026-08-17T18:48:05Z,2026-08-17T18:48:05Z,
113.249.101.175,ipv4,malicious-ip,medium,WHITE,ziyadnz/hourly-ipv4,ziyadnz|hourly,2026-08-17T18:48:05Z,2026-08-17T18:48:05Z,
113.249.101.176,ipv4,malicious-ip,medium,WHITE,ziyadnz/hourly-ipv4,ziyadnz|hourly,2026-08-17T18:48:05Z,2026-08-17T18:48:05Z,
113.249.103.253,ipv4,malicious-ip,medium,WHITE,ziyadnz/hourly-ipv4,ziyadnz|hourly,2026-08-17T18:48:05Z,2026-08-17T18:48:05Z,
113.249.106.39,ipv4,malicious-ip,medium,WHITE,ziyadnz/hourly-ipv4,ziyadnz|hourly,2026-08-17T18:48:05Z,2026-08-17T18:48:05Z,
113.249.108.138,ipv4,malicious-ip,medium,WHITE,ziyadnz/hourly-ipv4,ziyadnz|hourly,2026-08-17T18:48:05Z,2026-08-17T18:48:05Z,
113.249.109.73,ipv4,malicious-ip,medium,WHITE,ziyadnz/hourly-ipv4,ziyadnz|hourly,2026-08-17T18:48:05Z,2026-08-17T18:48:05Z,
113.249.112.117,ipv4,malicious-ip,medium,WHITE,ziyadnz/hourly-ipv4,ziyadnz|hourly,2026-08-17T18:48:05Z,2026-08-17T18:48:05Z,
113.249.112.97,ipv4,malicious-ip,medium,WHITE,ziyadnz/hourly-ipv4,ziyadnz|hourly,2026-08-17T18:48:05Z,2026-08-17T18:48:05Z,
113.249.119.149,ipv4,malicious-ip,medium,WHITE,ziyadnz/hourly-ipv4,ziyadnz|hourly,2026-08-17T18:48:05Z,2026-08-17T18:48:05Z,
113.249.174.64,ipv4,malicious-ip,medium,WHITE,ziyadnz/hourly-ipv4,ziyadnz|hourly,2026-08-17T18:48:05Z,2026-08-17T18:48:05Z,
113.249.182.74,ipv4,malicious-ip,medium,WHITE,ziyadnz/hourly-ipv4,ziyadnz|hourly,2026-08-17T18:48:05Z,2026-08-17T18:48:05Z,
113.249.94.188,ipv4,malicious-ip,medium,WHITE,ziyadnz/hourly-ipv4,ziyadnz|hourly,2026-08-17T18:48:05Z,2026-08-17T18:48:05Z,
113.250.15.160,ipv4,malicious-ip,medium,WHITE,ziyadnz/hourly-ipv4,ziyadnz|hourly,2026-08-17T18:48:05Z,2026-08-17T18:48:05Z,
113.250.28.229,ipv4,malicious-ip,medium,WHITE,ziyadnz/hourly-ipv4,ziyadnz|hourly,2026-08-17T18:48:05Z,2026-08-17T18:48:05Z,
113.253.29.66,ipv4,malicious-ip,medium,WHITE,ziyadnz/hourly-ipv4,ziyadnz|hourly,2026-08-17T18:48:05Z,2026-08-17T18:48:05Z,
113.254.36.153,ipv4,malicious-ip,medium,WHITE,ziyadnz/hourly-ipv4,ziyadnz|hourly,2026-08-17T18:48:05Z,2026-08-17T18:48:05Z,
113.254.77.18,ipv4,malicious-ip,medium,WHITE,ziyadnz/hourly-ipv4,ziyadnz|hourly,2026-08-17T18:48:05Z,2026-08-17T18:48:05Z,
113.28.194.47,ipv4,malicious-ip,medium,WHITE,ziyadnz/hourly-ipv4,ziyadnz|hourly,2026-08-17T18:48:05Z,2026-08-17T18:48:05Z,
113.3.199.165,ipv4,malicious-ip,medium,WHITE,ziyadnz/hourly-ipv4,ziyadnz|hourly,2026-08-17T18:48:05Z,2026-08-17T18:48:05Z,
113.3.252.168,ipv4,malicious-ip,medium,WHITE,ziyadnz/hourly-ipv4,ziyadnz|hourly,2026-08-17T18:48:05Z,2026-08-17T18:48:05Z,
113.3.76.119,ipv4,malicious-ip,medium,WHITE,ziyadnz/hourly-ipv4,ziyadnz|hourly,2026-08-17T18:48:05Z,2026-08-17T18:48:05Z,
113.30.177.170,ipv4,malicious-ip,medium,WHITE,ziyadnz/hourly-ipv4,ziyadnz|hourly,2026-08-17T18:48:05Z,2026-08-17T18:48:05Z,
113.30.189.3,ipv4,malicious-ip,medium,WHITE,ziyadnz/hourly-ipv4,ziyadnz|hourly,2026-08-17T18:48:05Z,2026-08-17T18:48:05Z,
113.30.190.65,ipv4,malicious-ip,medium,WHITE,ziyadnz/hourly-ipv4,ziyadnz|hourly,2026-08-17T18:48:05Z,2026-08-17T18:48:05Z,
113.30.191.17,ipv4,malicious-ip,medium,WHITE,ziyadnz/hourly-ipv4,ziyadnz|hourly,2026-08-17T18:48:05Z,2026-08-17T18:48:05Z,
113.30.4.117,ipv4,malicious-ip,medium,WHITE,ziyadnz/hourly-ipv4,ziyadnz|hourly,2026-08-17T18:48:05Z,2026-08-17T18:48:05Z,
113.31.103.129,ipv4,malicious-ip,medium,WHITE,ziyadnz/hourly-ipv4,ziyadnz|hourly,2026-08-17T18:48:05Z,2026-08-17T18:48:05Z,
113.31.105.30,ipv4,malicious-ip,medium,WHITE,ziyadnz/hourly-ipv4,ziyadnz|hourly,2026-08-17T18:48:05Z,2026-08-17T18:48:05Z,
113.31.107.103,ipv4,malicious-ip,medium,WHITE,ziyadnz/hourly-ipv4,ziyadnz|hourly,2026-08-17T18:48:05Z,2026-08-17T18:48:05Z,
113.31.114.193,ipv4,malicious-ip,medium,WHITE,ziyadnz/hourly-ipv4,ziyadnz|hourly,2026-08-17T18:48:05Z,2026-08-17T18:48:05Z,
113.31.115.157,ipv4,malicious-ip,medium,WHITE,ziyadnz/hourly-ipv4,ziyadnz|hourly,2026-08-17T18:48:05Z,2026-08-17T18:48:05Z,
113.31.119.95,ipv4,malicious-ip,medium,WHITE,ziyadnz/hourly-ipv4,ziyadnz|hourly,2026-08-17T18:48:05Z,2026-08-17T18:48:05Z,
113.31.124.21,ipv4,malicious-ip,medium,WHITE,ziyadnz/hourly-ipv4,ziyadnz|hourly,2026-08-17T18:48:05Z,2026-08-17T18:48:05Z,
113.31.186.196,ipv4,malicious-ip,medium,WHITE,ziyadnz/hourly-ipv4,ziyadnz|hourly,2026-08-17T18:48:05Z,2026-08-17T18:48:05Z,
113.4.146.68,ipv4,malicious-ip,medium,WHITE,ziyadnz/hourly-ipv4,ziyadnz|hourly,2026-08-17T18:48:05Z,2026-08-17T18:48:05Z,
113.4.69.10,ipv4,malicious-ip,medium,WHITE,ziyadnz/hourly-ipv4,ziyadnz|hourly,2026-08-17T18:48:05Z,2026-08-17T18:48:05Z,
113.44.117.65,ipv4,malicious-ip,medium,WHITE,ziyadnz/hourly-ipv4,ziyadnz|hourly,2026-08-17T18:48:05Z,2026-08-17T18:48:05Z,
113.44.178.23,ipv4,malicious-ip,medium,WHITE,ziyadnz/hourly-ipv4,ziyadnz|hourly,2026-08-17T18:48:05Z,2026-08-17T18:48:05Z,
113.44.59.124,ipv4,malicious-ip,medium,WHITE,ziyadnz/hourly-ipv4,ziyadnz|hourly,2026-08-17T18:48:05Z,2026-08-17T18:48:05Z,
113.44.77.37,ipv4,malicious-ip,medium,WHITE,ziyadnz/hourly-ipv4,ziyadnz|hourly,2026-08-17T18:48:05Z,2026-08-17T18:48:05Z,
113.45.246.94,ipv4,malicious-ip,medium,WHITE,ziyadnz/hourly-ipv4,ziyadnz|hourly,2026-08-17T18:48:05Z,2026-08-17T18:48:05Z,
113.45.76.8,ipv4,malicious-ip,medium,WHITE,ziyadnz/hourly-ipv4,ziyadnz|hourly,2026-08-17T18:48:05Z,2026-08-17T18:48:05Z,
113.46.184.62,ipv4,malicious-ip,medium,WHITE,ziyadnz/hourly-ipv4,ziyadnz|hourly,2026-08-17T18:48:05Z,2026-08-17T18:48:05Z,
113.46.197.155,ipv4,malicious-ip,medium,WHITE,ziyadnz/hourly-ipv4,ziyadnz|hourly,2026-08-17T18:48:05Z,2026-08-17T18:48:05Z,
113.53.158.47,ipv4,malicious-ip,medium,WHITE,ziyadnz/hourly-ipv4,ziyadnz|hourly,2026-08-17T18:48:05Z,2026-08-17T18:48:05Z,
113.53.185.70,ipv4,malicious-ip,medium,WHITE,ziyadnz/hourly-ipv4,ziyadnz|hourly,2026-08-17T18:48:05Z,2026-08-17T18:48:05Z,
113.53.251.101,ipv4,malicious-ip,medium,WHITE,ziyadnz/hourly-ipv4,ziyadnz|hourly,2026-08-17T18:48:05Z,2026-08-17T18:48:05Z,
113.53.29.79,ipv4,malicious-ip,medium,WHITE,ziyadnz/hourly-ipv4,ziyadnz|hourly,2026-08-17T18:48:05Z,2026-08-17T18:48:05Z,
113.53.65.224,ipv4,malicious-ip,medium,WHITE,ziyadnz/hourly-ipv4,ziyadnz|hourly,2026-08-17T18:48:05Z,2026-08-17T18:48:05Z,
113.56.100.180,ipv4,malicious-ip,medium,WHITE,ziyadnz/hourly-ipv4,ziyadnz|hourly,2026-08-17T18:48:05Z,2026-08-17T18:48:05Z,
113.57.144.190,ipv4,malicious-ip,medium,WHITE,ziyadnz/hourly-ipv4,ziyadnz|hourly,2026-08-17T18:48:05Z,2026-08-17T18:48:05Z,
113.57.187.204,ipv4,malicious-ip,medium,WHITE,ziyadnz/hourly-ipv4,ziyadnz|hourly,2026-08-17T18:48:05Z,2026-08-17T18:48:05Z,
113.57.187.97,ipv4,malicious-ip,medium,WHITE,ziyadnz/hourly-ipv4,ziyadnz|hourly,2026-08-17T18:48:05Z,2026-08-17T18:48:05Z,
113.58.254.49,ipv4,malicious-ip,medium,WHITE,ziyadnz/hourly-ipv4,ziyadnz|hourly,2026-08-17T18:48:05Z,2026-08-17T18:48:05Z,
113.59.150.123,ipv4,malicious-ip,medium,WHITE,ziyadnz/hourly-ipv4,ziyadnz|hourly,2026-08-17T18:48:05Z,2026-08-17T18:48:05Z,
113.59.40.90,ipv4,malicious-ip,medium,WHITE,ziyadnz/hourly-ipv4,ziyadnz|hourly,2026-08-17T18:48:05Z,2026-08-17T18:48:05Z,
113.61.139.207,ipv4,malicious-ip,medium,WHITE,ziyadnz/hourly-ipv4,ziyadnz|hourly,2026-08-17T18:48:05Z,2026-08-17T18:48:05Z,
113.61.238.170,ipv4,malicious-ip,medium,WHITE,ziyadnz/hourly-ipv4,ziyadnz|hourly,2026-08-17T18:48:05Z,2026-08-17T18:48:05Z,
113.64.234.82,ipv4,malicious-ip,medium,WHITE,ziyadnz/hourly-ipv4,ziyadnz|hourly,2026-08-17T18:48:05Z,2026-08-17T18:48:05Z,
113.67.8.95,ipv4,malicious-ip,medium,WHITE,ziyadnz/hourly-ipv4,ziyadnz|hourly,2026-08-17T18:48:05Z,2026-08-17T18:48:05Z,
113.7.37.183,ipv4,malicious-ip,medium,WHITE,ziyadnz/hourly-ipv4,ziyadnz|hourly,2026-08-17T18:48:05Z,2026-08-17T18:48:05Z,
113.71.250.194,ipv4,malicious-ip,medium,WHITE,ziyadnz/hourly-ipv4,ziyadnz|hourly,2026-08-17T18:48:05Z,2026-08-17T18:48:05Z,
113.74.252.159,ipv4,malicious-ip,medium,WHITE,ziyadnz/hourly-ipv4,ziyadnz|hourly,2026-08-17T18:48:05Z,2026-08-17T18:48:05Z,
113.75.12.139,ipv4,malicious-ip,medium,WHITE,ziyadnz/hourly-ipv4,ziyadnz|hourly,2026-08-17T18:48:05Z,2026-08-17T18:48:05Z,
113.77.102.50,ipv4,malicious-ip,medium,WHITE,ziyadnz/hourly-ipv4,ziyadnz|hourly,2026-08-17T18:48:05Z,2026-08-17T18:48:05Z,
113.8.83.240,ipv4,malicious-ip,medium,WHITE,ziyadnz/hourly-ipv4,ziyadnz|hourly,2026-08-17T18:48:05Z,2026-08-17T18:48:05Z,
113.80.101.125,ipv4,malicious-ip,medium,WHITE,ziyadnz/hourly-ipv4,ziyadnz|hourly,2026-08-17T18:48:05Z,2026-08-17T18:48:05Z,
113.80.107.15,ipv4,malicious-ip,medium,WHITE,ziyadnz/hourly-ipv4,ziyadnz|hourly,2026-08-17T18:48:05Z,2026-08-17T18:48:05Z,
113.80.146.48,ipv4,malicious-ip,medium,WHITE,ziyadnz/hourly-ipv4,ziyadnz|hourly,2026-08-17T18:48:05Z,2026-08-17T18:48:05Z,
113.80.88.127,ipv4,malicious-ip,medium,WHITE,ziyadnz/hourly-ipv4,ziyadnz|hourly,2026-08-17T18:48:05Z,2026-08-17T18:48:05Z,
113.87.131.117,ipv4,malicious-ip,medium,WHITE,ziyadnz/hourly-ipv4,ziyadnz|hourly,2026-08-17T18:48:05Z,2026-08-17T18:48:05Z,
113.87.131.246,ipv4,malicious-ip,medium,WHITE,ziyadnz/hourly-ipv4,ziyadnz|hourly,2026-08-17T18:48:05Z,2026-08-17T18:48:05Z,
113.87.82.9,ipv4,malicious-ip,medium,WHITE,ziyadnz/hourly-ipv4,ziyadnz|hourly,2026-08-17T18:48:05Z,2026-08-17T18:48:05Z,
113.87.90.72,ipv4,malicious-ip,medium,WHITE,ziyadnz/hourly-ipv4,ziyadnz|hourly,2026-08-17T18:48:05Z,2026-08-17T18:48:05Z,
113.89.16.98,ipv4,malicious-ip,medium,WHITE,ziyadnz/hourly-ipv4,ziyadnz|hourly,2026-08-17T18:48:05Z,2026-08-17T18:48:05Z,
113.89.17.187,ipv4,malicious-ip,medium,WHITE,ziyadnz/hourly-ipv4,ziyadnz|hourly,2026-08-17T18:48:05Z,2026-08-17T18:48:05Z,
113.89.246.147,ipv4,malicious-ip,medium,WHITE,ziyadnz/hourly-ipv4,ziyadnz|hourly,2026-08-17T18:48:05Z,2026-08-17T18:48:05Z,
113.89.55.139,ipv4,malicious-ip,medium,WHITE,ziyadnz/hourly-ipv4,ziyadnz|hourly,2026-08-17T18:48:05Z,2026-08-17T18:48:05Z,
113.9.172.128,ipv4,malicious-ip,medium,WHITE,ziyadnz/hourly-ipv4,ziyadnz|hourly,2026-08-17T18:48:05Z,2026-08-17T18:48:05Z,
113.9.188.98,ipv4,malicious-ip,medium,WHITE,ziyadnz/hourly-ipv4,ziyadnz|hourly,2026-08-17T18:48:05Z,2026-08-17T18:48:05Z,
113.90.86.221,ipv4,malicious-ip,medium,WHITE,ziyadnz/hourly-ipv4,ziyadnz|hourly,2026-08-17T18:48:05Z,2026-08-17T18:48:05Z,
113.95.139.142,ipv4,malicious-ip,medium,WHITE,ziyadnz/hourly-ipv4,ziyadnz|hourly,2026-08-17T18:48:05Z,2026-08-17T18:48:05Z,
113.95.143.143,ipv4,malicious-ip,medium,WHITE,ziyadnz/hourly-ipv4,ziyadnz|hourly,2026-08-17T18:48:05Z,2026-08-17T18:48:05Z,
113.95.144.231,ipv4,malicious-ip,medium,WHITE,ziyadnz/hourly-ipv4,ziyadnz|hourly,2026-08-17T18:48:05Z,2026-08-17T18:48:05Z,
113.96.35.187,ipv4,malicious-ip,medium,WHITE,ziyadnz/hourly-ipv4,ziyadnz|hourly,2026-08-17T18:48:05Z,2026-08-17T18:48:05Z,
113.96.35.26,ipv4,malicious-ip,medium,WHITE,ziyadnz/hourly-ipv4,ziyadnz|hourly,2026-08-17T18:48:05Z,2026-08-17T18:48:05Z,
113.98.105.213,ipv4,malicious-ip,medium,WHITE,ziyadnz/hourly-ipv4,ziyadnz|hourly,2026-08-17T18:48:05Z,2026-08-17T18:48:05Z,
113.98.58.179,ipv4,malicious-ip,medium,WHITE,ziyadnz/hourly-ipv4,ziyadnz|hourly,2026-08-17T18:48:05Z,2026-08-17T18:48:05Z,
113.99.188.118,ipv4,malicious-ip,medium,WHITE,ziyadnz/hourly-ipv4,ziyadnz|hourly,2026-08-17T18:48:05Z,2026-08-17T18:48:05Z,
114.10.134.238,ipv4,malicious-ip,medium,WHITE,ziyadnz/hourly-ipv4,ziyadnz|hourly,2026-08-17T18:48:05Z,2026-08-17T18:48:05Z,
114.10.31.181,ipv4,malicious-ip,medium,WHITE,ziyadnz/hourly-ipv4,ziyadnz|hourly,2026-08-17T18:48:05Z,2026-08-17T18:48:05Z,
114.10.40.189,ipv4,malicious-ip,medium,WHITE,ziyadnz/hourly-ipv4,ziyadnz|hourly,2026-08-17T18:48:05Z,2026-08-17T18:48:05Z,
114.10.44.138,ipv4,malicious-ip,medium,WHITE,ziyadnz/hourly-ipv4,ziyadnz|hourly,2026-08-17T18:48:05Z,2026-08-17T18:48:05Z,
114.10.44.186,ipv4,malicious-ip,medium,WHITE,ziyadnz/hourly-ipv4,ziyadnz|hourly,2026-08-17T18:48:05Z,2026-08-17T18:48:05Z,
114.10.47.152,ipv4,malicious-ip,medium,WHITE,ziyadnz/hourly-ipv4,ziyadnz|hourly,2026-08-17T18:48:05Z,2026-08-17T18:48:05Z,
114.10.76.69,ipv4,malicious-ip,medium,WHITE,ziyadnz/hourly-ipv4,ziyadnz|hourly,2026-08-17T18:48:05Z,2026-08-17T18:48:05Z,
114.10.79.228,ipv4,malicious-ip,medium,WHITE,ziyadnz/hourly-ipv4,ziyadnz|hourly,2026-08-17T18:48:05Z,2026-08-17T18:48:05Z,
114.10.79.69,ipv4,malicious-ip,medium,WHITE,ziyadnz/hourly-ipv4,ziyadnz|hourly,2026-08-17T18:48:05Z,2026-08-17T18:48:05Z,
114.100.192.161,ipv4,malicious-ip,medium,WHITE,ziyadnz/hourly-ipv4,ziyadnz|hourly,2026-08-17T18:48:05Z,2026-08-17T18:48:05Z,
114.100.192.17,ipv4,malicious-ip,medium,WHITE,ziyadnz/hourly-ipv4,ziyadnz|hourly,2026-08-17T18:48:05Z,2026-08-17T18:48:05Z,
114.100.192.47,ipv4,malicious-ip,medium,WHITE,ziyadnz/hourly-ipv4,ziyadnz|hourly,2026-08-17T18:48:05Z,2026-08-17T18:48:05Z,
114.100.48.120,ipv4,malicious-ip,medium,WHITE,ziyadnz/hourly-ipv4,ziyadnz|hourly,2026-08-17T18:48:05Z,2026-08-17T18:48:05Z,
114.100.49.20,ipv4,malicious-ip,medium,WHITE,ziyadnz/hourly-ipv4,ziyadnz|hourly,2026-08-17T18:48:05Z,2026-08-17T18:48:05Z,
114.103.132.233,ipv4,malicious-ip,medium,WHITE,ziyadnz/hourly-ipv4,ziyadnz|hourly,2026-08-17T18:48:05Z,2026-08-17T18:48:05Z,
114.103.187.197,ipv4,malicious-ip,medium,WHITE,ziyadnz/hourly-ipv4,ziyadnz|hourly,2026-08-17T18:48:05Z,2026-08-17T18:48:05Z,
114.103.195.233,ipv4,malicious-ip,medium,WHITE,ziyadnz/hourly-ipv4,ziyadnz|hourly,2026-08-17T18:48:05Z,2026-08-17T18:48:05Z,
114.104.188.248,ipv4,malicious-ip,medium,WHITE,ziyadnz/hourly-ipv4,ziyadnz|hourly,2026-08-17T18:48:05Z,2026-08-17T18:48:05Z,
114.107.133.192,ipv4,malicious-ip,medium,WHITE,ziyadnz/hourly-ipv4,ziyadnz|hourly,2026-08-17T18:48:05Z,2026-08-17T18:48:05Z,
114.108.199.18,ipv4,malicious-ip,medium,WHITE,ziyadnz/hourly-ipv4,ziyadnz|hourly,2026-08-17T18:48:05Z,2026-08-17T18:48:05Z,
114.108.199.201,ipv4,malicious-ip,medium,WHITE,ziyadnz/hourly-ipv4,ziyadnz|hourly,2026-08-17T18:48:05Z,2026-08-17T18:48:05Z,
114.111.20.90,ipv4,malicious-ip,medium,WHITE,ziyadnz/hourly-ipv4,ziyadnz|hourly,2026-08-17T18:48:05Z,2026-08-17T18:48:05Z,
114.111.52.109,ipv4,malicious-ip,medium,WHITE,ziyadnz/hourly-ipv4,ziyadnz|hourly,2026-08-17T18:48:05Z,2026-08-17T18:48:05Z,
114.111.53.116,ipv4,malicious-ip,medium,WHITE,ziyadnz/hourly-ipv4,ziyadnz|hourly,2026-08-17T18:48:05Z,2026-08-17T18:48:05Z,
114.112.96.82,ipv4,malicious-ip,medium,WHITE,ziyadnz/hourly-ipv4,ziyadnz|hourly,2026-08-17T18:48:05Z,2026-08-17T18:48:05Z,
114.114.114.114,ipv4,malicious-ip,medium,WHITE,ziyadnz/hourly-ipv4,ziyadnz|hourly,2026-08-17T18:48:05Z,2026-08-17T18:48:05Z,
114.116.211.90,ipv4,malicious-ip,medium,WHITE,ziyadnz/hourly-ipv4,ziyadnz|hourly,2026-08-17T18:48:05Z,2026-08-17T18:48:05Z,
114.116.234.89,ipv4,malicious-ip,medium,WHITE,ziyadnz/hourly-ipv4,ziyadnz|hourly,2026-08-17T18:48:05Z,2026-08-17T18:48:05Z,
114.116.249.208,ipv4,malicious-ip,medium,WHITE,ziyadnz/hourly-ipv4,ziyadnz|hourly,2026-08-17T18:48:05Z,2026-08-17T18:48:05Z,
114.119.134.208,ipv4,malicious-ip,medium,WHITE,ziyadnz/hourly-ipv4,ziyadnz|hourly,2026-08-17T18:48:05Z,2026-08-17T18:48:05Z,
114.119.139.26,ipv4,malicious-ip,medium,WHITE,ziyadnz/hourly-ipv4,ziyadnz|hourly,2026-08-17T18:48:05Z,2026-08-17T18:48:05Z,
114.119.152.164,ipv4,malicious-ip,medium,WHITE,ziyadnz/hourly-ipv4,ziyadnz|hourly,2026-08-17T18:48:05Z,2026-08-17T18:48:05Z,
114.119.152.47,ipv4,malicious-ip,medium,WHITE,ziyadnz/hourly-ipv4,ziyadnz|hourly,2026-08-17T18:48:05Z,2026-08-17T18:48:05Z,
114.119.157.206,ipv4,malicious-ip,medium,WHITE,ziyadnz/hourly-ipv4,ziyadnz|hourly,2026-08-17T18:48:05Z,2026-08-17T18:48:05Z,
114.122.137.208,ipv4,malicious-ip,medium,WHITE,ziyadnz/hourly-ipv4,ziyadnz|hourly,2026-08-17T18:48:05Z,2026-08-17T18:48:05Z,
114.122.139.239,ipv4,malicious-ip,medium,WHITE,ziyadnz/hourly-ipv4,ziyadnz|hourly,2026-08-17T18:48:05Z,2026-08-17T18:48:05Z,
114.125.181.86,ipv4,malicious-ip,medium,WHITE,ziyadnz/hourly-ipv4,ziyadnz|hourly,2026-08-17T18:48:05Z,2026-08-17T18:48:05Z,
114.125.228.81,ipv4,malicious-ip,medium,WHITE,ziyadnz/hourly-ipv4,ziyadnz|hourly,2026-08-17T18:48:05Z,2026-08-17T18:48:05Z,
114.125.229.197,ipv4,malicious-ip,medium,WHITE,ziyadnz/hourly-ipv4,ziyadnz|hourly,2026-08-17T18:48:05Z,2026-08-17T18:48:05Z,
114.125.232.189,ipv4,malicious-ip,medium,WHITE,ziyadnz/hourly-ipv4,ziyadnz|hourly,2026-08-17T18:48:05Z,2026-08-17T18:48:05Z,
114.125.238.124,ipv4,malicious-ip,medium,WHITE,ziyadnz/hourly-ipv4,ziyadnz|hourly,2026-08-17T18:48:05Z,2026-08-17T18:48:05Z,
114.125.245.53,ipv4,malicious-ip,medium,WHITE,ziyadnz/hourly-ipv4,ziyadnz|hourly,2026-08-17T18:48:05Z,2026-08-17T18:48:05Z,
114.125.246.235,ipv4,malicious-ip,medium,WHITE,ziyadnz/hourly-ipv4,ziyadnz|hourly,2026-08-17T18:48:05Z,2026-08-17T18:48:05Z,
114.125.246.43,ipv4,malicious-ip,medium,WHITE,ziyadnz/hourly-ipv4,ziyadnz|hourly,2026-08-17T18:48:05Z,2026-08-17T18:48:05Z,
114.125.247.101,ipv4,malicious-ip,medium,WHITE,ziyadnz/hourly-ipv4,ziyadnz|hourly,2026-08-17T18:48:05Z,2026-08-17T18:48:05Z,
114.129.21.242,ipv4,malicious-ip,medium,WHITE,ziyadnz/hourly-ipv4,ziyadnz|hourly,2026-08-17T18:48:05Z,2026-08-17T18:48:05Z,
114.130.156.211,ipv4,malicious-ip,medium,WHITE,ziyadnz/hourly-ipv4,ziyadnz|hourly,2026-08-17T18:48:05Z,2026-08-17T18:48:05Z,
114.130.156.221,ipv4,malicious-ip,medium,WHITE,ziyadnz/hourly-ipv4,ziyadnz|hourly,2026-08-17T18:48:05Z,2026-08-17T18:48:05Z,
114.132.121.130,ipv4,malicious-ip,medium,WHITE,ziyadnz/hourly-ipv4,ziyadnz|hourly,2026-08-17T18:48:05Z,2026-08-17T18:48:05Z,
114.132.177.104,ipv4,malicious-ip,medium,WHITE,ziyadnz/hourly-ipv4,ziyadnz|hourly,2026-08-17T18:48:05Z,2026-08-17T18:48:05Z,
114.132.240.35,ipv4,malicious-ip,medium,WHITE,ziyadnz/hourly-ipv4,ziyadnz|hourly,2026-08-17T18:48:05Z,2026-08-17T18:48:05Z,
114.132.251.233,ipv4,malicious-ip,medium,WHITE,ziyadnz/hourly-ipv4,ziyadnz|hourly,2026-08-17T18:48:05Z,2026-08-17T18:48:05Z,
114.132.46.48,ipv4,malicious-ip,medium,WHITE,ziyadnz/hourly-ipv4,ziyadnz|hourly,2026-08-17T18:48:05Z,2026-08-17T18:48:05Z,
114.132.56.175,ipv4,malicious-ip,medium,WHITE,ziyadnz/hourly-ipv4,ziyadnz|hourly,2026-08-17T18:48:05Z,2026-08-17T18:48:05Z,
114.132.99.120,ipv4,malicious-ip,medium,WHITE,ziyadnz/hourly-ipv4,ziyadnz|hourly,2026-08-17T18:48:05Z,2026-08-17T18:48:05Z,
114.134.95.235,ipv4,malicious-ip,medium,WHITE,ziyadnz/hourly-ipv4,ziyadnz|hourly,2026-08-17T18:48:05Z,2026-08-17T18:48:05Z,
114.134.95.238,ipv4,malicious-ip,medium,WHITE,ziyadnz/hourly-ipv4,ziyadnz|hourly,2026-08-17T18:48:05Z,2026-08-17T18:48:05Z,
114.143.111.39,ipv4,malicious-ip,medium,WHITE,ziyadnz/hourly-ipv4,ziyadnz|hourly,2026-08-17T18:48:05Z,2026-08-17T18:48:05Z,
114.143.222.242,ipv4,malicious-ip,medium,WHITE,ziyadnz/hourly-ipv4,ziyadnz|hourly,2026-08-17T18:48:05Z,2026-08-17T18:48:05Z,
114.143.30.142,ipv4,malicious-ip,medium,WHITE,ziyadnz/hourly-ipv4,ziyadnz|hourly,2026-08-17T18:48:05Z,2026-08-17T18:48:05Z,
114.143.49.58,ipv4,malicious-ip,medium,WHITE,ziyadnz/hourly-ipv4,ziyadnz|hourly,2026-08-17T18:48:05Z,2026-08-17T18:48:05Z,
114.148.171.128,ipv4,malicious-ip,medium,WHITE,ziyadnz/hourly-ipv4,ziyadnz|hourly,2026-08-17T18:48:05Z,2026-08-17T18:48:05Z,
114.150.6.12,ipv4,malicious-ip,medium,WHITE,ziyadnz/hourly-ipv4,ziyadnz|hourly,2026-08-17T18:48:05Z,2026-08-17T18:48:05Z,
114.157.129.235,ipv4,malicious-ip,medium,WHITE,ziyadnz/hourly-ipv4,ziyadnz|hourly,2026-08-17T18:48:05Z,2026-08-17T18:48:05Z,
114.167.0.200,ipv4,malicious-ip,medium,WHITE,ziyadnz/hourly-ipv4,ziyadnz|hourly,2026-08-17T18:48:05Z,2026-08-17T18:48:05Z,
114.169.121.246,ipv4,malicious-ip,medium,WHITE,ziyadnz/hourly-ipv4,ziyadnz|hourly,2026-08-17T18:48:05Z,2026-08-17T18:48:05Z,
114.199.107.130,ipv4,malicious-ip,medium,WHITE,ziyadnz/hourly-ipv4,ziyadnz|hourly,2026-08-17T18:48:05Z,2026-08-17T18:48:05Z,
114.199.107.135,ipv4,malicious-ip,medium,WHITE,ziyadnz/hourly-ipv4,ziyadnz|hourly,2026-08-17T18:48:05Z,2026-08-17T18:48:05Z,
114.199.107.78,ipv4,malicious-ip,medium,WHITE,ziyadnz/hourly-ipv4,ziyadnz|hourly,2026-08-17T18:48:05Z,2026-08-17T18:48:05Z,
114.200.79.187,ipv4,malicious-ip,medium,WHITE,ziyadnz/hourly-ipv4,ziyadnz|hourly,2026-08-17T18:48:05Z,2026-08-17T18:48:05Z,
114.202.53.109,ipv4,malicious-ip,medium,WHITE,ziyadnz/hourly-ipv4,ziyadnz|hourly,2026-08-17T18:48:05Z,2026-08-17T18:48:05Z,
114.203.15.96,ipv4,malicious-ip,medium,WHITE,ziyadnz/hourly-ipv4,ziyadnz|hourly,2026-08-17T18:48:05Z,2026-08-17T18:48:05Z,
114.215.173.187,ipv4,malicious-ip,medium,WHITE,ziyadnz/hourly-ipv4,ziyadnz|hourly,2026-08-17T18:48:05Z,2026-08-17T18:48:05Z,
114.215.190.134,ipv4,malicious-ip,medium,WHITE,ziyadnz/hourly-ipv4,ziyadnz|hourly,2026-08-17T18:48:05Z,2026-08-17T18:48:05Z,
114.216.104.135,ipv4,malicious-ip,medium,WHITE,ziyadnz/hourly-ipv4,ziyadnz|hourly,2026-08-17T18:48:05Z,2026-08-17T18:48:05Z,
114.216.108.7,ipv4,malicious-ip,medium,WHITE,ziyadnz/hourly-ipv4,ziyadnz|hourly,2026-08-17T18:48:05Z,2026-08-17T18:48:05Z,
114.216.128.72,ipv4,malicious-ip,medium,WHITE,ziyadnz/hourly-ipv4,ziyadnz|hourly,2026-08-17T18:48:05Z,2026-08-17T18:48:05Z,
114.216.2.84,ipv4,malicious-ip,medium,WHITE,ziyadnz/hourly-ipv4,ziyadnz|hourly,2026-08-17T18:48:05Z,2026-08-17T18:48:05Z,
114.216.4.149,ipv4,malicious-ip,medium,WHITE,ziyadnz/hourly-ipv4,ziyadnz|hourly,2026-08-17T18:48:05Z,2026-08-17T18:48:05Z,
114.217.103.2,ipv4,malicious-ip,medium,WHITE,ziyadnz/hourly-ipv4,ziyadnz|hourly,2026-08-17T18:48:05Z,2026-08-17T18:48:05Z,
114.217.149.27,ipv4,malicious-ip,medium,WHITE,ziyadnz/hourly-ipv4,ziyadnz|hourly,2026-08-17T18:48:05Z,2026-08-17T18:48:05Z,
114.217.51.183,ipv4,malicious-ip,medium,WHITE,ziyadnz/hourly-ipv4,ziyadnz|hourly,2026-08-17T18:48:05Z,2026-08-17T18:48:05Z,
114.217.91.182,ipv4,malicious-ip,medium,WHITE,ziyadnz/hourly-ipv4,ziyadnz|hourly,2026-08-17T18:48:05Z,2026-08-17T18:48:05Z,
114.218.57.21,ipv4,malicious-ip,medium,WHITE,ziyadnz/hourly-ipv4,ziyadnz|hourly,2026-08-17T18:48:05Z,2026-08-17T18:48:05Z,
114.218.84.130,ipv4,malicious-ip,medium,WHITE,ziyadnz/hourly-ipv4,ziyadnz|hourly,2026-08-17T18:48:05Z,2026-08-17T18:48:05Z,
114.219.157.97,ipv4,malicious-ip,medium,WHITE,ziyadnz/hourly-ipv4,ziyadnz|hourly,2026-08-17T18:48:05Z,2026-08-17T18:48:05Z,
114.219.32.230,ipv4,malicious-ip,medium,WHITE,ziyadnz/hourly-ipv4,ziyadnz|hourly,2026-08-17T18:48:05Z,2026-08-17T18:48:05Z,
114.219.56.203,ipv4,malicious-ip,medium,WHITE,ziyadnz/hourly-ipv4,ziyadnz|hourly,2026-08-17T18:48:05Z,2026-08-17T18:48:05Z,
114.220.163.190,ipv4,malicious-ip,medium,WHITE,ziyadnz/hourly-ipv4,ziyadnz|hourly,2026-08-17T18:48:05Z,2026-08-17T18:48:05Z,
114.220.238.30,ipv4,malicious-ip,medium,WHITE,ziyadnz/hourly-ipv4,ziyadnz|hourly,2026-08-17T18:48:05Z,2026-08-17T18:48:05Z,
114.222.18.210,ipv4,malicious-ip,medium,WHITE,ziyadnz/hourly-ipv4,ziyadnz|hourly,2026-08-17T18:48:05Z,2026-08-17T18:48:05Z,
114.224.137.13,ipv4,malicious-ip,medium,WHITE,ziyadnz/hourly-ipv4,ziyadnz|hourly,2026-08-17T18:48:05Z,2026-08-17T18:48:05Z,
114.225.184.72,ipv4,malicious-ip,medium,WHITE,ziyadnz/hourly-ipv4,ziyadnz|hourly,2026-08-17T18:48:05Z,2026-08-17T18:48:05Z,
114.225.242.125,ipv4,malicious-ip,medium,WHITE,ziyadnz/hourly-ipv4,ziyadnz|hourly,2026-08-17T18:48:05Z,2026-08-17T18:48:05Z,
114.225.48.92,ipv4,malicious-ip,medium,WHITE,ziyadnz/hourly-ipv4,ziyadnz|hourly,2026-08-17T18:48:05Z,2026-08-17T18:48:05Z,
114.226.12.102,ipv4,malicious-ip,medium,WHITE,ziyadnz/hourly-ipv4,ziyadnz|hourly,2026-08-17T18:48:05Z,2026-08-17T18:48:05Z,
114.226.142.54,ipv4,malicious-ip,medium,WHITE,ziyadnz/hourly-ipv4,ziyadnz|hourly,2026-08-17T18:48:05Z,2026-08-17T18:48:05Z,
114.228.78.198,ipv4,malicious-ip,medium,WHITE,ziyadnz/hourly-ipv4,ziyadnz|hourly,2026-08-17T18:48:05Z,2026-08-17T18:48:05Z,
114.228.92.192,ipv4,malicious-ip,medium,WHITE,ziyadnz/hourly-ipv4,ziyadnz|hourly,2026-08-17T18:48:05Z,2026-08-17T18:48:05Z,
114.230.11.135,ipv4,malicious-ip,medium,WHITE,ziyadnz/hourly-ipv4,ziyadnz|hourly,2026-08-17T18:48:05Z,2026-08-17T18:48:05Z,
114.230.241.12,ipv4,malicious-ip,medium,WHITE,ziyadnz/hourly-ipv4,ziyadnz|hourly,2026-08-17T18:48:05Z,2026-08-17T18:48:05Z,
114.230.241.242,ipv4,malicious-ip,medium,WHITE,ziyadnz/hourly-ipv4,ziyadnz|hourly,2026-08-17T18:48:05Z,2026-08-17T18:48:05Z,
114.230.64.216,ipv4,malicious-ip,medium,WHITE,ziyadnz/hourly-ipv4,ziyadnz|hourly,2026-08-17T18:48:05Z,2026-08-17T18:48:05Z,
114.230.64.223,ipv4,malicious-ip,medium,WHITE,ziyadnz/hourly-ipv4,ziyadnz|hourly,2026-08-17T18:48:05Z,2026-08-17T18:48:05Z,
114.230.65.34,ipv4,malicious-ip,medium,WHITE,ziyadnz/hourly-ipv4,ziyadnz|hourly,2026-08-17T18:48:05Z,2026-08-17T18:48:05Z,
114.230.65.93,ipv4,malicious-ip,medium,WHITE,ziyadnz/hourly-ipv4,ziyadnz|hourly,2026-08-17T18:48:05Z,2026-08-17T18:48:05Z,
114.230.65.94,ipv4,malicious-ip,medium,WHITE,ziyadnz/hourly-ipv4,ziyadnz|hourly,2026-08-17T18:48:05Z,2026-08-17T18:48:05Z,
114.230.66.151,ipv4,malicious-ip,medium,WHITE,ziyadnz/hourly-ipv4,ziyadnz|hourly,2026-08-17T18:48:05Z,2026-08-17T18:48:05Z,
114.230.66.181,ipv4,malicious-ip,medium,WHITE,ziyadnz/hourly-ipv4,ziyadnz|hourly,2026-08-17T18:48:05Z,2026-08-17T18:48:05Z,
114.230.66.236,ipv4,malicious-ip,medium,WHITE,ziyadnz/hourly-ipv4,ziyadnz|hourly,2026-08-17T18:48:05Z,2026-08-17T18:48:05Z,
114.230.66.84,ipv4,malicious-ip,medium,WHITE,ziyadnz/hourly-ipv4,ziyadnz|hourly,2026-08-17T18:48:05Z,2026-08-17T18:48:05Z,
114.230.67.196,ipv4,malicious-ip,medium,WHITE,ziyadnz/hourly-ipv4,ziyadnz|hourly,2026-08-17T18:48:05Z,2026-08-17T18:48:05Z,
114.230.67.55,ipv4,malicious-ip,medium,WHITE,ziyadnz/hourly-ipv4,ziyadnz|hourly,2026-08-17T18:48:05Z,2026-08-17T18:48:05Z,
114.230.68.150,ipv4,malicious-ip,medium,WHITE,ziyadnz/hourly-ipv4,ziyadnz|hourly,2026-08-17T18:48:05Z,2026-08-17T18:48:05Z,
114.230.68.229,ipv4,malicious-ip,medium,WHITE,ziyadnz/hourly-ipv4,ziyadnz|hourly,2026-08-17T18:48:05Z,2026-08-17T18:48:05Z,
114.230.68.59,ipv4,malicious-ip,medium,WHITE,ziyadnz/hourly-ipv4,ziyadnz|hourly,2026-08-17T18:48:05Z,2026-08-17T18:48:05Z,
114.230.79.38,ipv4,malicious-ip,medium,WHITE,ziyadnz/hourly-ipv4,ziyadnz|hourly,2026-08-17T18:48:05Z,2026-08-17T18:48:05Z,
114.230.88.69,ipv4,malicious-ip,medium,WHITE,ziyadnz/hourly-ipv4,ziyadnz|hourly,2026-08-17T18:48:05Z,2026-08-17T18:48:05Z,
114.231.190.242,ipv4,malicious-ip,medium,WHITE,ziyadnz/hourly-ipv4,ziyadnz|hourly,2026-08-17T18:48:05Z,2026-08-17T18:48:05Z,
114.231.84.173,ipv4,malicious-ip,medium,WHITE,ziyadnz/hourly-ipv4,ziyadnz|hourly,2026-08-17T18:48:05Z,2026-08-17T18:48:05Z,
114.232.123.87,ipv4,malicious-ip,medium,WHITE,ziyadnz/hourly-ipv4,ziyadnz|hourly,2026-08-17T18:48:05Z,2026-08-17T18:48:05Z,
114.232.58.152,ipv4,malicious-ip,medium,WHITE,ziyadnz/hourly-ipv4,ziyadnz|hourly,2026-08-17T18:48:05Z,2026-08-17T18:48:05Z,
114.234.101.12,ipv4,malicious-ip,medium,WHITE,ziyadnz/hourly-ipv4,ziyadnz|hourly,2026-08-17T18:48:05Z,2026-08-17T18:48:05Z,
114.234.251.248,ipv4,malicious-ip,medium,WHITE,ziyadnz/hourly-ipv4,ziyadnz|hourly,2026-08-17T18:48:05Z,2026-08-17T18:48:05Z,
114.235.255.46,ipv4,malicious-ip,medium,WHITE,ziyadnz/hourly-ipv4,ziyadnz|hourly,2026-08-17T18:48:05Z,2026-08-17T18:48:05Z,
114.236.130.17,ipv4,malicious-ip,medium,WHITE,ziyadnz/hourly-ipv4,ziyadnz|hourly,2026-08-17T18:48:05Z,2026-08-17T18:48:05Z,
114.236.178.226,ipv4,malicious-ip,medium,WHITE,ziyadnz/hourly-ipv4,ziyadnz|hourly,2026-08-17T18:48:05Z,2026-08-17T18:48:05Z,
114.239.42.150,ipv4,malicious-ip,medium,WHITE,ziyadnz/hourly-ipv4,ziyadnz|hourly,2026-08-17T18:48:05Z,2026-08-17T18:48:05Z,
114.24.118.222,ipv4,malicious-ip,medium,WHITE,ziyadnz/hourly-ipv4,ziyadnz|hourly,2026-08-17T18:48:05Z,2026-08-17T18:48:05Z,
114.24.20.39,ipv4,malicious-ip,medium,WHITE,ziyadnz/hourly-ipv4,ziyadnz|hourly,2026-08-17T18:48:05Z,2026-08-17T18:48:05Z,
114.241.215.49,ipv4,malicious-ip,medium,WHITE,ziyadnz/hourly-ipv4,ziyadnz|hourly,2026-08-17T18:48:05Z,2026-08-17T18:48:05Z,
114.241.222.152,ipv4,malicious-ip,medium,WHITE,ziyadnz/hourly-ipv4,ziyadnz|hourly,2026-08-17T18:48:05Z,2026-08-17T18:48:05Z,
114.241.233.52,ipv4,malicious-ip,medium,WHITE,ziyadnz/hourly-ipv4,ziyadnz|hourly,2026-08-17T18:48:05Z,2026-08-17T18:48:05Z,
114.242.24.31,ipv4,malicious-ip,medium,WHITE,ziyadnz/hourly-ipv4,ziyadnz|hourly,2026-08-17T18:48:05Z,2026-08-17T18:48:05Z,
114.242.25.133,ipv4,malicious-ip,medium,WHITE,ziyadnz/hourly-ipv4,ziyadnz|hourly,2026-08-17T18:48:05Z,2026-08-17T18:48:05Z,
114.242.29.24,ipv4,malicious-ip,medium,WHITE,ziyadnz/hourly-ipv4,ziyadnz|hourly,2026-08-17T18:48:05Z,2026-08-17T18:48:05Z,
114.243.102.217,ipv4,malicious-ip,medium,WHITE,ziyadnz/hourly-ipv4,ziyadnz|hourly,2026-08-17T18:48:05Z,2026-08-17T18:48:05Z,
114.244.128.6,ipv4,malicious-ip,medium,WHITE,ziyadnz/hourly-ipv4,ziyadnz|hourly,2026-08-17T18:48:05Z,2026-08-17T18:48:05Z,
114.244.130.229,ipv4,malicious-ip,medium,WHITE,ziyadnz/hourly-ipv4,ziyadnz|hourly,2026-08-17T18:48:05Z,2026-08-17T18:48:05Z,
114.245.63.21,ipv4,malicious-ip,medium,WHITE,ziyadnz/hourly-ipv4,ziyadnz|hourly,2026-08-17T18:48:05Z,2026-08-17T18:48:05Z,
114.248.8.47,ipv4,malicious-ip,medium,WHITE,ziyadnz/hourly-ipv4,ziyadnz|hourly,2026-08-17T18:48:05Z,2026-08-17T18:48:05Z,
114.249.113.244,ipv4,malicious-ip,medium,WHITE,ziyadnz/hourly-ipv4,ziyadnz|hourly,2026-08-17T18:48:05Z,2026-08-17T18:48:05Z,
114.249.238.73,ipv4,malicious-ip,medium,WHITE,ziyadnz/hourly-ipv4,ziyadnz|hourly,2026-08-17T18:48:05Z,2026-08-17T18:48:05Z,
114.252.226.245,ipv4,malicious-ip,medium,WHITE,ziyadnz/hourly-ipv4,ziyadnz|hourly,2026-08-17T18:48:05Z,2026-08-17T18:48:05Z,
114.252.230.14,ipv4,malicious-ip,medium,WHITE,ziyadnz/hourly-ipv4,ziyadnz|hourly,2026-08-17T18:48:05Z,2026-08-17T18:48:05Z,
114.252.232.25,ipv4,malicious-ip,medium,WHITE,ziyadnz/hourly-ipv4,ziyadnz|hourly,2026-08-17T18:48:05Z,2026-08-17T18:48:05Z,
114.253.10.194,ipv4,malicious-ip,medium,WHITE,ziyadnz/hourly-ipv4,ziyadnz|hourly,2026-08-17T18:48:05Z,2026-08-17T18:48:05Z,
114.254.1.141,ipv4,malicious-ip,medium,WHITE,ziyadnz/hourly-ipv4,ziyadnz|hourly,2026-08-17T18:48:05Z,2026-08-17T18:48:05Z,
114.254.2.126,ipv4,malicious-ip,medium,WHITE,ziyadnz/hourly-ipv4,ziyadnz|hourly,2026-08-17T18:48:05Z,2026-08-17T18:48:05Z,
114.26.100.138,ipv4,malicious-ip,medium,WHITE,ziyadnz/hourly-ipv4,ziyadnz|hourly,2026-08-17T18:48:05Z,2026-08-17T18:48:05Z,
114.31.177.43,ipv4,malicious-ip,medium,WHITE,ziyadnz/hourly-ipv4,ziyadnz|hourly,2026-08-17T18:48:05Z,2026-08-17T18:48:05Z,
114.31.6.58,ipv4,malicious-ip,medium,WHITE,ziyadnz/hourly-ipv4,ziyadnz|hourly,2026-08-17T18:48:05Z,2026-08-17T18:48:05Z,
114.31.7.78,ipv4,malicious-ip,medium,WHITE,ziyadnz/hourly-ipv4,ziyadnz|hourly,2026-08-17T18:48:05Z,2026-08-17T18:48:05Z,
114.32.119.90,ipv4,malicious-ip,medium,WHITE,ziyadnz/hourly-ipv4,ziyadnz|hourly,2026-08-17T18:48:05Z,2026-08-17T18:48:05Z,
114.32.129.97,ipv4,malicious-ip,medium,WHITE,ziyadnz/hourly-ipv4,ziyadnz|hourly,2026-08-17T18:48:05Z,2026-08-17T18:48:05Z,
114.32.14.57,ipv4,malicious-ip,medium,WHITE,ziyadnz/hourly-ipv4,ziyadnz|hourly,2026-08-17T18:48:05Z,2026-08-17T18:48:05Z,
114.32.141.115,ipv4,malicious-ip,medium,WHITE,ziyadnz/hourly-ipv4,ziyadnz|hourly,2026-08-17T18:48:05Z,2026-08-17T18:48:05Z,
114.32.151.97,ipv4,malicious-ip,medium,WHITE,ziyadnz/hourly-ipv4,ziyadnz|hourly,2026-08-17T18:48:05Z,2026-08-17T18:48:05Z,
114.32.168.119,ipv4,malicious-ip,medium,WHITE,ziyadnz/hourly-ipv4,ziyadnz|hourly,2026-08-17T18:48:05Z,2026-08-17T18:48:05Z,
114.32.169.225,ipv4,malicious-ip,medium,WHITE,ziyadnz/hourly-ipv4,ziyadnz|hourly,2026-08-17T18:48:05Z,2026-08-17T18:48:05Z,
114.32.173.167,ipv4,malicious-ip,medium,WHITE,ziyadnz/hourly-ipv4,ziyadnz|hourly,2026-08-17T18:48:05Z,2026-08-17T18:48:05Z,
114.32.198.204,ipv4,malicious-ip,medium,WHITE,ziyadnz/hourly-ipv4,ziyadnz|hourly,2026-08-17T18:48:05Z,2026-08-17T18:48:05Z,
114.32.203.180,ipv4,malicious-ip,medium,WHITE,ziyadnz/hourly-ipv4,ziyadnz|hourly,2026-08-17T18:48:05Z,2026-08-17T18:48:05Z,
114.32.230.81,ipv4,malicious-ip,medium,WHITE,ziyadnz/hourly-ipv4,ziyadnz|hourly,2026-08-17T18:48:05Z,2026-08-17T18:48:05Z,
114.32.245.129,ipv4,malicious-ip,medium,WHITE,ziyadnz/hourly-ipv4,ziyadnz|hourly,2026-08-17T18:48:05Z,2026-08-17T18:48:05Z,
114.32.38.174,ipv4,malicious-ip,medium,WHITE,ziyadnz/hourly-ipv4,ziyadnz|hourly,2026-08-17T18:48:05Z,2026-08-17T18:48:05Z,
114.32.43.109,ipv4,malicious-ip,medium,WHITE,ziyadnz/hourly-ipv4,ziyadnz|hourly,2026-08-17T18:48:05Z,2026-08-17T18:48:05Z,
114.32.49.239,ipv4,malicious-ip,medium,WHITE,ziyadnz/hourly-ipv4,ziyadnz|hourly,2026-08-17T18:48:05Z,2026-08-17T18:48:05Z,
114.32.53.166,ipv4,malicious-ip,medium,WHITE,ziyadnz/hourly-ipv4,ziyadnz|hourly,2026-08-17T18:48:05Z,2026-08-17T18:48:05Z,
114.32.8.160,ipv4,malicious-ip,medium,WHITE,ziyadnz/hourly-ipv4,ziyadnz|hourly,2026-08-17T18:48:05Z,2026-08-17T18:48:05Z,
114.33.106.170,ipv4,malicious-ip,medium,WHITE,ziyadnz/hourly-ipv4,ziyadnz|hourly,2026-08-17T18:48:05Z,2026-08-17T18:48:05Z,
114.33.107.213,ipv4,malicious-ip,medium,WHITE,ziyadnz/hourly-ipv4,ziyadnz|hourly,2026-08-17T18:48:05Z,2026-08-17T18:48:05Z,
114.33.112.152,ipv4,malicious-ip,medium,WHITE,ziyadnz/hourly-ipv4,ziyadnz|hourly,2026-08-17T18:48:05Z,2026-08-17T18:48:05Z,
114.33.112.54,ipv4,malicious-ip,medium,WHITE,ziyadnz/hourly-ipv4,ziyadnz|hourly,2026-08-17T18:48:05Z,2026-08-17T18:48:05Z,
114.33.12.13,ipv4,malicious-ip,medium,WHITE,ziyadnz/hourly-ipv4,ziyadnz|hourly,2026-08-17T18:48:05Z,2026-08-17T18:48:05Z,
114.33.122.244,ipv4,malicious-ip,medium,WHITE,ziyadnz/hourly-ipv4,ziyadnz|hourly,2026-08-17T18:48:05Z,2026-08-17T18:48:05Z,
114.33.14.243,ipv4,malicious-ip,medium,WHITE,ziyadnz/hourly-ipv4,ziyadnz|hourly,2026-08-17T18:48:05Z,2026-08-17T18:48:05Z,
114.33.143.114,ipv4,malicious-ip,medium,WHITE,ziyadnz/hourly-ipv4,ziyadnz|hourly,2026-08-17T18:48:05Z,2026-08-17T18:48:05Z,
114.33.143.118,ipv4,malicious-ip,medium,WHITE,ziyadnz/hourly-ipv4,ziyadnz|hourly,2026-08-17T18:48:05Z,2026-08-17T18:48:05Z,
114.33.153.144,ipv4,malicious-ip,medium,WHITE,ziyadnz/hourly-ipv4,ziyadnz|hourly,2026-08-17T18:48:05Z,2026-08-17T18:48:05Z,
114.33.156.225,ipv4,malicious-ip,medium,WHITE,ziyadnz/hourly-ipv4,ziyadnz|hourly,2026-08-17T18:48:05Z,2026-08-17T18:48:05Z,
114.33.160.253,ipv4,malicious-ip,medium,WHITE,ziyadnz/hourly-ipv4,ziyadnz|hourly,2026-08-17T18:48:05Z,2026-08-17T18:48:05Z,
114.33.2.122,ipv4,malicious-ip,medium,WHITE,ziyadnz/hourly-ipv4,ziyadnz|hourly,2026-08-17T18:48:05Z,2026-08-17T18:48:05Z,
114.33.241.75,ipv4,malicious-ip,medium,WHITE,ziyadnz/hourly-ipv4,ziyadnz|hourly,2026-08-17T18:48:05Z,2026-08-17T18:48:05Z,
114.33.33.158,ipv4,malicious-ip,medium,WHITE,ziyadnz/hourly-ipv4,ziyadnz|hourly,2026-08-17T18:48:05Z,2026-08-17T18:48:05Z,
114.33.34.66,ipv4,malicious-ip,medium,WHITE,ziyadnz/hourly-ipv4,ziyadnz|hourly,2026-08-17T18:48:05Z,2026-08-17T18:48:05Z,
114.33.47.118,ipv4,malicious-ip,medium,WHITE,ziyadnz/hourly-ipv4,ziyadnz|hourly,2026-08-17T18:48:05Z,2026-08-17T18:48:05Z,
114.33.8.73,ipv4,malicious-ip,medium,WHITE,ziyadnz/hourly-ipv4,ziyadnz|hourly,2026-08-17T18:48:05Z,2026-08-17T18:48:05Z,
114.33.81.189,ipv4,malicious-ip,medium,WHITE,ziyadnz/hourly-ipv4,ziyadnz|hourly,2026-08-17T18:48:05Z,2026-08-17T18:48:05Z,
114.34.0.92,ipv4,malicious-ip,medium,WHITE,ziyadnz/hourly-ipv4,ziyadnz|hourly,2026-08-17T18:48:05Z,2026-08-17T18:48:05Z,
114.34.108.245,ipv4,malicious-ip,medium,WHITE,ziyadnz/hourly-ipv4,ziyadnz|hourly,2026-08-17T18:48:05Z,2026-08-17T18:48:05Z,
114.34.130.221,ipv4,malicious-ip,medium,WHITE,ziyadnz/hourly-ipv4,ziyadnz|hourly,2026-08-17T18:48:05Z,2026-08-17T18:48:05Z,
114.34.196.89,ipv4,malicious-ip,medium,WHITE,ziyadnz/hourly-ipv4,ziyadnz|hourly,2026-08-17T18:48:05Z,2026-08-17T18:48:05Z,
114.34.240.137,ipv4,malicious-ip,medium,WHITE,ziyadnz/hourly-ipv4,ziyadnz|hourly,2026-08-17T18:48:05Z,2026-08-17T18:48:05Z,
114.34.57.52,ipv4,malicious-ip,medium,WHITE,ziyadnz/hourly-ipv4,ziyadnz|hourly,2026-08-17T18:48:05Z,2026-08-17T18:48:05Z,
114.34.92.17,ipv4,malicious-ip,medium,WHITE,ziyadnz/hourly-ipv4,ziyadnz|hourly,2026-08-17T18:48:05Z,2026-08-17T18:48:05Z,
114.35.114.164,ipv4,malicious-ip,medium,WHITE,ziyadnz/hourly-ipv4,ziyadnz|hourly,2026-08-17T18:48:05Z,2026-08-17T18:48:05Z,
114.35.132.12,ipv4,malicious-ip,medium,WHITE,ziyadnz/hourly-ipv4,ziyadnz|hourly,2026-08-17T18:48:05Z,2026-08-17T18:48:05Z,
114.35.14.250,ipv4,malicious-ip,medium,WHITE,ziyadnz/hourly-ipv4,ziyadnz|hourly,2026-08-17T18:48:05Z,2026-08-17T18:48:05Z,
114.35.152.38,ipv4,malicious-ip,medium,WHITE,ziyadnz/hourly-ipv4,ziyadnz|hourly,2026-08-17T18:48:05Z,2026-08-17T18:48:05Z,
114.35.16.232,ipv4,malicious-ip,medium,WHITE,ziyadnz/hourly-ipv4,ziyadnz|hourly,2026-08-17T18:48:05Z,2026-08-17T18:48:05Z,
114.35.173.29,ipv4,malicious-ip,medium,WHITE,ziyadnz/hourly-ipv4,ziyadnz|hourly,2026-08-17T18:48:05Z,2026-08-17T18:48:05Z,
114.35.174.198,ipv4,malicious-ip,medium,WHITE,ziyadnz/hourly-ipv4,ziyadnz|hourly,2026-08-17T18:48:05Z,2026-08-17T18:48:05Z,
114.35.175.31,ipv4,malicious-ip,medium,WHITE,ziyadnz/hourly-ipv4,ziyadnz|hourly,2026-08-17T18:48:05Z,2026-08-17T18:48:05Z,
114.35.177.97,ipv4,malicious-ip,medium,WHITE,ziyadnz/hourly-ipv4,ziyadnz|hourly,2026-08-17T18:48:05Z,2026-08-17T18:48:05Z,
114.35.208.179,ipv4,malicious-ip,medium,WHITE,ziyadnz/hourly-ipv4,ziyadnz|hourly,2026-08-17T18:48:05Z,2026-08-17T18:48:05Z,
114.35.229.174,ipv4,malicious-ip,medium,WHITE,ziyadnz/hourly-ipv4,ziyadnz|hourly,2026-08-17T18:48:05Z,2026-08-17T18:48:05Z,
114.35.245.150,ipv4,malicious-ip,medium,WHITE,ziyadnz/hourly-ipv4,ziyadnz|hourly,2026-08-17T18:48:05Z,2026-08-17T18:48:05Z,
114.35.41.88,ipv4,malicious-ip,medium,WHITE,ziyadnz/hourly-ipv4,ziyadnz|hourly,2026-08-17T18:48:05Z,2026-08-17T18:48:05Z,
114.35.59.237,ipv4,malicious-ip,medium,WHITE,ziyadnz/hourly-ipv4,ziyadnz|hourly,2026-08-17T18:48:05Z,2026-08-17T18:48:05Z,
114.35.66.183,ipv4,malicious-ip,medium,WHITE,ziyadnz/hourly-ipv4,ziyadnz|hourly,2026-08-17T18:48:05Z,2026-08-17T18:48:05Z,
114.35.68.25,ipv4,malicious-ip,medium,WHITE,ziyadnz/hourly-ipv4,ziyadnz|hourly,2026-08-17T18:48:05Z,2026-08-17T18:48:05Z,
114.35.75.12,ipv4,malicious-ip,medium,WHITE,ziyadnz/hourly-ipv4,ziyadnz|hourly,2026-08-17T18:48:05Z,2026-08-17T18:48:05Z,
114.35.78.230,ipv4,malicious-ip,medium,WHITE,ziyadnz/hourly-ipv4,ziyadnz|hourly,2026-08-17T18:48:05Z,2026-08-17T18:48:05Z,
114.35.9.158,ipv4,malicious-ip,medium,WHITE,ziyadnz/hourly-ipv4,ziyadnz|hourly,2026-08-17T18:48:05Z,2026-08-17T18:48:05Z,
114.36.195.15,ipv4,malicious-ip,medium,WHITE,ziyadnz/hourly-ipv4,ziyadnz|hourly,2026-08-17T18:48:05Z,2026-08-17T18:48:05Z,
114.36.202.28,ipv4,malicious-ip,medium,WHITE,ziyadnz/hourly-ipv4,ziyadnz|hourly,2026-08-17T18:48:05Z,2026-08-17T18:48:05Z,
114.36.211.19,ipv4,malicious-ip,medium,WHITE,ziyadnz/hourly-ipv4,ziyadnz|hourly,2026-08-17T18:48:05Z,2026-08-17T18:48:05Z,
114.37.153.60,ipv4,malicious-ip,medium,WHITE,ziyadnz/hourly-ipv4,ziyadnz|hourly,2026-08-17T18:48:05Z,2026-08-17T18:48:05Z,
114.38.102.47,ipv4,malicious-ip,medium,WHITE,ziyadnz/hourly-ipv4,ziyadnz|hourly,2026-08-17T18:48:05Z,2026-08-17T18:48:05Z,
114.38.105.45,ipv4,malicious-ip,medium,WHITE,ziyadnz/hourly-ipv4,ziyadnz|hourly,2026-08-17T18:48:05Z,2026-08-17T18:48:05Z,
114.38.210.13,ipv4,malicious-ip,medium,WHITE,ziyadnz/hourly-ipv4,ziyadnz|hourly,2026-08-17T18:48:05Z,2026-08-17T18:48:05Z,
114.38.87.17,ipv4,malicious-ip,medium,WHITE,ziyadnz/hourly-ipv4,ziyadnz|hourly,2026-08-17T18:48:05Z,2026-08-17T18:48:05Z,
114.39.200.52,ipv4,malicious-ip,medium,WHITE,ziyadnz/hourly-ipv4,ziyadnz|hourly,2026-08-17T18:48:05Z,2026-08-17T18:48:05Z,
114.39.65.46,ipv4,malicious-ip,medium,WHITE,ziyadnz/hourly-ipv4,ziyadnz|hourly,2026-08-17T18:48:05Z,2026-08-17T18:48:05Z,
114.4.3.4,ipv4,malicious-ip,medium,WHITE,ziyadnz/hourly-ipv4,ziyadnz|hourly,2026-08-17T18:48:05Z,2026-08-17T18:48:05Z,
114.40.9.23,ipv4,malicious-ip,medium,WHITE,ziyadnz/hourly-ipv4,ziyadnz|hourly,2026-08-17T18:48:05Z,2026-08-17T18:48:05Z,
114.41.218.218,ipv4,malicious-ip,medium,WHITE,ziyadnz/hourly-ipv4,ziyadnz|hourly,2026-08-17T18:48:05Z,2026-08-17T18:48:05Z,
114.42.108.112,ipv4,malicious-ip,medium,WHITE,ziyadnz/hourly-ipv4,ziyadnz|hourly,2026-08-17T18:48:05Z,2026-08-17T18:48:05Z,
114.42.108.73,ipv4,malicious-ip,medium,WHITE,ziyadnz/hourly-ipv4,ziyadnz|hourly,2026-08-17T18:48:05Z,2026-08-17T18:48:05Z,
114.42.116.13,ipv4,malicious-ip,medium,WHITE,ziyadnz/hourly-ipv4,ziyadnz|hourly,2026-08-17T18:48:05Z,2026-08-17T18:48:05Z,
114.42.132.56,ipv4,malicious-ip,medium,WHITE,ziyadnz/hourly-ipv4,ziyadnz|hourly,2026-08-17T18:48:05Z,2026-08-17T18:48:05Z,
114.42.133.172,ipv4,malicious-ip,medium,WHITE,ziyadnz/hourly-ipv4,ziyadnz|hourly,2026-08-17T18:48:05Z,2026-08-17T18:48:05Z,
114.42.243.168,ipv4,malicious-ip,medium,WHITE,ziyadnz/hourly-ipv4,ziyadnz|hourly,2026-08-17T18:48:05Z,2026-08-17T18:48:05Z,
114.43.103.123,ipv4,malicious-ip,medium,WHITE,ziyadnz/hourly-ipv4,ziyadnz|hourly,2026-08-17T18:48:05Z,2026-08-17T18:48:05Z,
114.43.212.219,ipv4,malicious-ip,medium,WHITE,ziyadnz/hourly-ipv4,ziyadnz|hourly,2026-08-17T18:48:05Z,2026-08-17T18:48:05Z,
114.43.230.237,ipv4,malicious-ip,medium,WHITE,ziyadnz/hourly-ipv4,ziyadnz|hourly,2026-08-17T18:48:05Z,2026-08-17T18:48:05Z,
114.46.123.220,ipv4,malicious-ip,medium,WHITE,ziyadnz/hourly-ipv4,ziyadnz|hourly,2026-08-17T18:48:05Z,2026-08-17T18:48:05Z,
114.46.131.16,ipv4,malicious-ip,medium,WHITE,ziyadnz/hourly-ipv4,ziyadnz|hourly,2026-08-17T18:48:05Z,2026-08-17T18:48:05Z,
114.46.79.26,ipv4,malicious-ip,medium,WHITE,ziyadnz/hourly-ipv4,ziyadnz|hourly,2026-08-17T18:48:05Z,2026-08-17T18:48:05Z,
114.46.91.64,ipv4,malicious-ip,medium,WHITE,ziyadnz/hourly-ipv4,ziyadnz|hourly,2026-08-17T18:48:05Z,2026-08-17T18:48:05Z,
114.46.94.75,ipv4,malicious-ip,medium,WHITE,ziyadnz/hourly-ipv4,ziyadnz|hourly,2026-08-17T18:48:05Z,2026-08-17T18:48:05Z,
114.47.135.48,ipv4,malicious-ip,medium,WHITE,ziyadnz/hourly-ipv4,ziyadnz|hourly,2026-08-17T18:48:05Z,2026-08-17T18:48:05Z,
114.55.116.158,ipv4,malicious-ip,medium,WHITE,ziyadnz/hourly-ipv4,ziyadnz|hourly,2026-08-17T18:48:05Z,2026-08-17T18:48:05Z,
114.55.129.82,ipv4,malicious-ip,medium,WHITE,ziyadnz/hourly-ipv4,ziyadnz|hourly,2026-08-17T18:48:05Z,2026-08-17T18:48:05Z,
114.55.133.117,ipv4,malicious-ip,medium,WHITE,ziyadnz/hourly-ipv4,ziyadnz|hourly,2026-08-17T18:48:05Z,2026-08-17T18:48:05Z,
114.55.14.48,ipv4,malicious-ip,medium,WHITE,ziyadnz/hourly-ipv4,ziyadnz|hourly,2026-08-17T18:48:05Z,2026-08-17T18:48:05Z,
114.55.179.151,ipv4,malicious-ip,medium,WHITE,ziyadnz/hourly-ipv4,ziyadnz|hourly,2026-08-17T18:48:05Z,2026-08-17T18:48:05Z,
114.55.225.179,ipv4,malicious-ip,medium,WHITE,ziyadnz/hourly-ipv4,ziyadnz|hourly,2026-08-17T18:48:05Z,2026-08-17T18:48:05Z,
114.55.24.239,ipv4,malicious-ip,medium,WHITE,ziyadnz/hourly-ipv4,ziyadnz|hourly,2026-08-17T18:48:05Z,2026-08-17T18:48:05Z,
114.55.29.235,ipv4,malicious-ip,medium,WHITE,ziyadnz/hourly-ipv4,ziyadnz|hourly,2026-08-17T18:48:05Z,2026-08-17T18:48:05Z,
114.55.31.22,ipv4,malicious-ip,medium,WHITE,ziyadnz/hourly-ipv4,ziyadnz|hourly,2026-08-17T18:48:05Z,2026-08-17T18:48:05Z,
114.55.67.111,ipv4,malicious-ip,medium,WHITE,ziyadnz/hourly-ipv4,ziyadnz|hourly,2026-08-17T18:48:05Z,2026-08-17T18:48:05Z,
114.66.29.126,ipv4,malicious-ip,medium,WHITE,ziyadnz/hourly-ipv4,ziyadnz|hourly,2026-08-17T18:48:05Z,2026-08-17T18:48:05Z,
114.66.34.195,ipv4,malicious-ip,medium,WHITE,ziyadnz/hourly-ipv4,ziyadnz|hourly,2026-08-17T18:48:05Z,2026-08-17T18:48:05Z,
114.66.37.36,ipv4,malicious-ip,medium,WHITE,ziyadnz/hourly-ipv4,ziyadnz|hourly,2026-08-17T18:48:05Z,2026-08-17T18:48:05Z,
114.66.37.80,ipv4,malicious-ip,medium,WHITE,ziyadnz/hourly-ipv4,ziyadnz|hourly,2026-08-17T18:48:05Z,2026-08-17T18:48:05Z,
114.66.47.21,ipv4,malicious-ip,medium,WHITE,ziyadnz/hourly-ipv4,ziyadnz|hourly,2026-08-17T18:48:05Z,2026-08-17T18:48:05Z,
114.66.47.71,ipv4,malicious-ip,medium,WHITE,ziyadnz/hourly-ipv4,ziyadnz|hourly,2026-08-17T18:48:05Z,2026-08-17T18:48:05Z,
114.67.254.65,ipv4,malicious-ip,medium,WHITE,ziyadnz/hourly-ipv4,ziyadnz|hourly,2026-08-17T18:48:05Z,2026-08-17T18:48:05Z,
114.67.68.143,ipv4,malicious-ip,medium,WHITE,ziyadnz/hourly-ipv4,ziyadnz|hourly,2026-08-17T18:48:05Z,2026-08-17T18:48:05Z,
114.7.153.45,ipv4,malicious-ip,medium,WHITE,ziyadnz/hourly-ipv4,ziyadnz|hourly,2026-08-17T18:48:05Z,2026-08-17T18:48:05Z,
114.70.22.39,ipv4,malicious-ip,medium,WHITE,ziyadnz/hourly-ipv4,ziyadnz|hourly,2026-08-17T18:48:05Z,2026-08-17T18:48:05Z,
114.79.148.170,ipv4,malicious-ip,medium,WHITE,ziyadnz/hourly-ipv4,ziyadnz|hourly,2026-08-17T18:48:05Z,2026-08-17T18:48:05Z,
114.79.174.72,ipv4,malicious-ip,medium,WHITE,ziyadnz/hourly-ipv4,ziyadnz|hourly,2026-08-17T18:48:05Z,2026-08-17T18:48:05Z,
114.79.6.96,ipv4,malicious-ip,medium,WHITE,ziyadnz/hourly-ipv4,ziyadnz|hourly,2026-08-17T18:48:05Z,2026-08-17T18:48:05Z,
114.80.30.43,ipv4,malicious-ip,medium,WHITE,ziyadnz/hourly-ipv4,ziyadnz|hourly,2026-08-17T18:48:05Z,2026-08-17T18:48:05Z,
114.80.34.109,ipv4,malicious-ip,medium,WHITE,ziyadnz/hourly-ipv4,ziyadnz|hourly,2026-08-17T18:48:05Z,2026-08-17T18:48:05Z,
114.80.35.241,ipv4,malicious-ip,medium,WHITE,ziyadnz/hourly-ipv4,ziyadnz|hourly,2026-08-17T18:48:05Z,2026-08-17T18:48:05Z,
114.80.39.74,ipv4,malicious-ip,medium,WHITE,ziyadnz/hourly-ipv4,ziyadnz|hourly,2026-08-17T18:48:05Z,2026-08-17T18:48:05Z,
114.84.101.107,ipv4,malicious-ip,medium,WHITE,ziyadnz/hourly-ipv4,ziyadnz|hourly,2026-08-17T18:48:05Z,2026-08-17T18:48:05Z,
114.84.104.65,ipv4,malicious-ip,medium,WHITE,ziyadnz/hourly-ipv4,ziyadnz|hourly,2026-08-17T18:48:05Z,2026-08-17T18:48:05Z,
114.84.128.40,ipv4,malicious-ip,medium,WHITE,ziyadnz/hourly-ipv4,ziyadnz|hourly,2026-08-17T18:48:05Z,2026-08-17T18:48:05Z,
114.84.39.138,ipv4,malicious-ip,medium,WHITE,ziyadnz/hourly-ipv4,ziyadnz|hourly,2026-08-17T18:48:05Z,2026-08-17T18:48:05Z,
114.86.69.30,ipv4,malicious-ip,medium,WHITE,ziyadnz/hourly-ipv4,ziyadnz|hourly,2026-08-17T18:48:05Z,2026-08-17T18:48:05Z,
114.88.49.182,ipv4,malicious-ip,medium,WHITE,ziyadnz/hourly-ipv4,ziyadnz|hourly,2026-08-17T18:48:05Z,2026-08-17T18:48:05Z,
114.88.59.187,ipv4,malicious-ip,medium,WHITE,ziyadnz/hourly-ipv4,ziyadnz|hourly,2026-08-17T18:48:05Z,2026-08-17T18:48:05Z,
114.88.89.130,ipv4,malicious-ip,medium,WHITE,ziyadnz/hourly-ipv4,ziyadnz|hourly,2026-08-17T18:48:05Z,2026-08-17T18:48:05Z,
114.96.180.173,ipv4,malicious-ip,medium,WHITE,ziyadnz/hourly-ipv4,ziyadnz|hourly,2026-08-17T18:48:05Z,2026-08-17T18:48:05Z,
114.96.86.176,ipv4,malicious-ip,medium,WHITE,ziyadnz/hourly-ipv4,ziyadnz|hourly,2026-08-17T18:48:05Z,2026-08-17T18:48:05Z,
114.98.177.0,ipv4,malicious-ip,medium,WHITE,ziyadnz/hourly-ipv4,ziyadnz|hourly,2026-08-17T18:48:05Z,2026-08-17T18:48:05Z,
114.98.177.171,ipv4,malicious-ip,medium,WHITE,ziyadnz/hourly-ipv4,ziyadnz|hourly,2026-08-17T18:48:05Z,2026-08-17T18:48:05Z,
114.98.177.178,ipv4,malicious-ip,medium,WHITE,ziyadnz/hourly-ipv4,ziyadnz|hourly,2026-08-17T18:48:05Z,2026-08-17T18:48:05Z,
114.98.177.179,ipv4,malicious-ip,medium,WHITE,ziyadnz/hourly-ipv4,ziyadnz|hourly,2026-08-17T18:48:05Z,2026-08-17T18:48:05Z,
114.98.177.182,ipv4,malicious-ip,medium,WHITE,ziyadnz/hourly-ipv4,ziyadnz|hourly,2026-08-17T18:48:05Z,2026-08-17T18:48:05Z,
114.98.177.183,ipv4,malicious-ip,medium,WHITE,ziyadnz/hourly-ipv4,ziyadnz|hourly,2026-08-17T18:48:05Z,2026-08-17T18:48:05Z,
114.98.177.185,ipv4,malicious-ip,medium,WHITE,ziyadnz/hourly-ipv4,ziyadnz|hourly,2026-08-17T18:48:05Z,2026-08-17T18:48:05Z,
115.113.39.68,ipv4,malicious-ip,medium,WHITE,ziyadnz/hourly-ipv4,ziyadnz|hourly,2026-08-17T18:48:05Z,2026-08-17T18:48:05Z,
115.120.226.218,ipv4,malicious-ip,medium,WHITE,ziyadnz/hourly-ipv4,ziyadnz|hourly,2026-08-17T18:48:05Z,2026-08-17T18:48:05Z,
115.124.75.254,ipv4,malicious-ip,medium,WHITE,ziyadnz/hourly-ipv4,ziyadnz|hourly,2026-08-17T18:48:05Z,2026-08-17T18:48:05Z,
115.124.92.29,ipv4,malicious-ip,medium,WHITE,ziyadnz/hourly-ipv4,ziyadnz|hourly,2026-08-17T18:48:05Z,2026-08-17T18:48:05Z,
115.126.246.144,ipv4,malicious-ip,medium,WHITE,ziyadnz/hourly-ipv4,ziyadnz|hourly,2026-08-17T18:48:05Z,2026-08-17T18:48:05Z,
115.126.98.204,ipv4,malicious-ip,medium,WHITE,ziyadnz/hourly-ipv4,ziyadnz|hourly,2026-08-17T18:48:05Z,2026-08-17T18:48:05Z,
115.127.116.242,ipv4,malicious-ip,medium,WHITE,ziyadnz/hourly-ipv4,ziyadnz|hourly,2026-08-17T18:48:05Z,2026-08-17T18:48:05Z,
115.127.126.102,ipv4,malicious-ip,medium,WHITE,ziyadnz/hourly-ipv4,ziyadnz|hourly,2026-08-17T18:48:05Z,2026-08-17T18:48:05Z,
115.127.129.204,ipv4,malicious-ip,medium,WHITE,ziyadnz/hourly-ipv4,ziyadnz|hourly,2026-08-17T18:48:05Z,2026-08-17T18:48:05Z,
115.127.68.162,ipv4,malicious-ip,medium,WHITE,ziyadnz/hourly-ipv4,ziyadnz|hourly,2026-08-17T18:48:05Z,2026-08-17T18:48:05Z,
115.129.105.143,ipv4,malicious-ip,medium,WHITE,ziyadnz/hourly-ipv4,ziyadnz|hourly,2026-08-17T18:48:05Z,2026-08-17T18:48:05Z,
115.132.122.81,ipv4,malicious-ip,medium,WHITE,ziyadnz/hourly-ipv4,ziyadnz|hourly,2026-08-17T18:48:05Z,2026-08-17T18:48:05Z,
115.132.164.82,ipv4,malicious-ip,medium,WHITE,ziyadnz/hourly-ipv4,ziyadnz|hourly,2026-08-17T18:48:05Z,2026-08-17T18:48:05Z,
115.132.36.41,ipv4,malicious-ip,medium,WHITE,ziyadnz/hourly-ipv4,ziyadnz|hourly,2026-08-17T18:48:05Z,2026-08-17T18:48:05Z,
115.132.49.165,ipv4,malicious-ip,medium,WHITE,ziyadnz/hourly-ipv4,ziyadnz|hourly,2026-08-17T18:48:05Z,2026-08-17T18:48:05Z,
115.133.192.219,ipv4,malicious-ip,medium,WHITE,ziyadnz/hourly-ipv4,ziyadnz|hourly,2026-08-17T18:48:05Z,2026-08-17T18:48:05Z,
115.133.208.167,ipv4,malicious-ip,medium,WHITE,ziyadnz/hourly-ipv4,ziyadnz|hourly,2026-08-17T18:48:05Z,2026-08-17T18:48:05Z,
115.133.245.8,ipv4,malicious-ip,medium,WHITE,ziyadnz/hourly-ipv4,ziyadnz|hourly,2026-08-17T18:48:05Z,2026-08-17T18:48:05Z,
115.135.232.127,ipv4,malicious-ip,medium,WHITE,ziyadnz/hourly-ipv4,ziyadnz|hourly,2026-08-17T18:48:05Z,2026-08-17T18:48:05Z,
115.135.234.158,ipv4,malicious-ip,medium,WHITE,ziyadnz/hourly-ipv4,ziyadnz|hourly,2026-08-17T18:48:05Z,2026-08-17T18:48:05Z,
115.135.66.146,ipv4,malicious-ip,medium,WHITE,ziyadnz/hourly-ipv4,ziyadnz|hourly,2026-08-17T18:48:05Z,2026-08-17T18:48:05Z,
115.143.1.104,ipv4,malicious-ip,medium,WHITE,ziyadnz/hourly-ipv4,ziyadnz|hourly,2026-08-17T18:48:05Z,2026-08-17T18:48:05Z,
115.146.125.52,ipv4,malicious-ip,medium,WHITE,ziyadnz/hourly-ipv4,ziyadnz|hourly,2026-08-17T18:48:05Z,2026-08-17T18:48:05Z,
115.147.10.33,ipv4,malicious-ip,medium,WHITE,ziyadnz/hourly-ipv4,ziyadnz|hourly,2026-08-17T18:48:05Z,2026-08-17T18:48:05Z,
115.147.38.123,ipv4,malicious-ip,medium,WHITE,ziyadnz/hourly-ipv4,ziyadnz|hourly,2026-08-17T18:48:05Z,2026-08-17T18:48:05Z,
115.147.8.165,ipv4,malicious-ip,medium,WHITE,ziyadnz/hourly-ipv4,ziyadnz|hourly,2026-08-17T18:48:05Z,2026-08-17T18:48:05Z,
115.148.236.196,ipv4,malicious-ip,medium,WHITE,ziyadnz/hourly-ipv4,ziyadnz|hourly,2026-08-17T18:48:05Z,2026-08-17T18:48:05Z,
115.151.43.27,ipv4,malicious-ip,medium,WHITE,ziyadnz/hourly-ipv4,ziyadnz|hourly,2026-08-17T18:48:05Z,2026-08-17T18:48:05Z,
115.151.72.155,ipv4,malicious-ip,medium,WHITE,ziyadnz/hourly-ipv4,ziyadnz|hourly,2026-08-17T18:48:05Z,2026-08-17T18:48:05Z,
115.152.12.231,ipv4,malicious-ip,medium,WHITE,ziyadnz/hourly-ipv4,ziyadnz|hourly,2026-08-17T18:48:05Z,2026-08-17T18:48:05Z,
115.159.152.173,ipv4,malicious-ip,medium,WHITE,ziyadnz/hourly-ipv4,ziyadnz|hourly,2026-08-17T18:48:05Z,2026-08-17T18:48:05Z,
115.159.29.73,ipv4,malicious-ip,medium,WHITE,ziyadnz/hourly-ipv4,ziyadnz|hourly,2026-08-17T18:48:05Z,2026-08-17T18:48:05Z,
115.159.34.239,ipv4,malicious-ip,medium,WHITE,ziyadnz/hourly-ipv4,ziyadnz|hourly,2026-08-17T18:48:05Z,2026-08-17T18:48:05Z,
115.159.67.192,ipv4,malicious-ip,medium,WHITE,ziyadnz/hourly-ipv4,ziyadnz|hourly,2026-08-17T18:48:05Z,2026-08-17T18:48:05Z,
115.159.71.253,ipv4,malicious-ip,medium,WHITE,ziyadnz/hourly-ipv4,ziyadnz|hourly,2026-08-17T18:48:05Z,2026-08-17T18:48:05Z,
115.160.67.73,ipv4,malicious-ip,medium,WHITE,ziyadnz/hourly-ipv4,ziyadnz|hourly,2026-08-17T18:48:05Z,2026-08-17T18:48:05Z,
115.171.17.83,ipv4,malicious-ip,medium,WHITE,ziyadnz/hourly-ipv4,ziyadnz|hourly,2026-08-17T18:48:05Z,2026-08-17T18:48:05Z,
115.175.227.164,ipv4,malicious-ip,medium,WHITE,ziyadnz/hourly-ipv4,ziyadnz|hourly,2026-08-17T18:48:05Z,2026-08-17T18:48:05Z,
115.178.99.109,ipv4,malicious-ip,medium,WHITE,ziyadnz/hourly-ipv4,ziyadnz|hourly,2026-08-17T18:48:05Z,2026-08-17T18:48:05Z,
115.179.102.180,ipv4,malicious-ip,medium,WHITE,ziyadnz/hourly-ipv4,ziyadnz|hourly,2026-08-17T18:48:05Z,2026-08-17T18:48:05Z,
115.179.157.218,ipv4,malicious-ip,medium,WHITE,ziyadnz/hourly-ipv4,ziyadnz|hourly,2026-08-17T18:48:05Z,2026-08-17T18:48:05Z,
115.179.19.141,ipv4,malicious-ip,medium,WHITE,ziyadnz/hourly-ipv4,ziyadnz|hourly,2026-08-17T18:48:05Z,2026-08-17T18:48:05Z,
115.182.75.28,ipv4,malicious-ip,medium,WHITE,ziyadnz/hourly-ipv4,ziyadnz|hourly,2026-08-17T18:48:05Z,2026-08-17T18:48:05Z,
115.186.117.198,ipv4,malicious-ip,medium,WHITE,ziyadnz/hourly-ipv4,ziyadnz|hourly,2026-08-17T18:48:05Z,2026-08-17T18:48:05Z,
115.186.129.212,ipv4,malicious-ip,medium,WHITE,ziyadnz/hourly-ipv4,ziyadnz|hourly,2026-08-17T18:48:05Z,2026-08-17T18:48:05Z,
115.186.136.12,ipv4,malicious-ip,medium,WHITE,ziyadnz/hourly-ipv4,ziyadnz|hourly,2026-08-17T18:48:05Z,2026-08-17T18:48:05Z,
115.186.149.42,ipv4,malicious-ip,medium,WHITE,ziyadnz/hourly-ipv4,ziyadnz|hourly,2026-08-17T18:48:05Z,2026-08-17T18:48:05Z,
115.186.155.120,ipv4,malicious-ip,medium,WHITE,ziyadnz/hourly-ipv4,ziyadnz|hourly,2026-08-17T18:48:05Z,2026-08-17T18:48:05Z,
115.186.183.74,ipv4,malicious-ip,medium,WHITE,ziyadnz/hourly-ipv4,ziyadnz|hourly,2026-08-17T18:48:05Z,2026-08-17T18:48:05Z,
115.186.214.126,ipv4,malicious-ip,medium,WHITE,ziyadnz/hourly-ipv4,ziyadnz|hourly,2026-08-17T18:48:05Z,2026-08-17T18:48:05Z,
115.186.50.131,ipv4,malicious-ip,medium,WHITE,ziyadnz/hourly-ipv4,ziyadnz|hourly,2026-08-17T18:48:05Z,2026-08-17T18:48:05Z,
115.187.53.24,ipv4,malicious-ip,medium,WHITE,ziyadnz/hourly-ipv4,ziyadnz|hourly,2026-08-17T18:48:05Z,2026-08-17T18:48:05Z,
115.187.59.168,ipv4,malicious-ip,medium,WHITE,ziyadnz/hourly-ipv4,ziyadnz|hourly,2026-08-17T18:48:05Z,2026-08-17T18:48:05Z,
115.190.112.122,ipv4,malicious-ip,medium,WHITE,ziyadnz/hourly-ipv4,ziyadnz|hourly,2026-08-17T18:48:05Z,2026-08-17T18:48:05Z,
115.190.116.58,ipv4,malicious-ip,medium,WHITE,ziyadnz/hourly-ipv4,ziyadnz|hourly,2026-08-17T18:48:05Z,2026-08-17T18:48:05Z,
115.190.119.177,ipv4,malicious-ip,medium,WHITE,ziyadnz/hourly-ipv4,ziyadnz|hourly,2026-08-17T18:48:05Z,2026-08-17T18:48:05Z,
115.190.126.161,ipv4,malicious-ip,medium,WHITE,ziyadnz/hourly-ipv4,ziyadnz|hourly,2026-08-17T18:48:05Z,2026-08-17T18:48:05Z,
115.190.127.190,ipv4,malicious-ip,medium,WHITE,ziyadnz/hourly-ipv4,ziyadnz|hourly,2026-08-17T18:48:05Z,2026-08-17T18:48:05Z,
115.190.127.7,ipv4,malicious-ip,medium,WHITE,ziyadnz/hourly-ipv4,ziyadnz|hourly,2026-08-17T18:48:05Z,2026-08-17T18:48:05Z,
115.190.138.108,ipv4,malicious-ip,medium,WHITE,ziyadnz/hourly-ipv4,ziyadnz|hourly,2026-08-17T18:48:05Z,2026-08-17T18:48:05Z,
115.190.14.210,ipv4,malicious-ip,medium,WHITE,ziyadnz/hourly-ipv4,ziyadnz|hourly,2026-08-17T18:48:05Z,2026-08-17T18:48:05Z,
115.190.140.37,ipv4,malicious-ip,medium,WHITE,ziyadnz/hourly-ipv4,ziyadnz|hourly,2026-08-17T18:48:05Z,2026-08-17T18:48:05Z,
115.190.145.176,ipv4,malicious-ip,medium,WHITE,ziyadnz/hourly-ipv4,ziyadnz|hourly,2026-08-17T18:48:05Z,2026-08-17T18:48:05Z,
115.190.149.148,ipv4,malicious-ip,medium,WHITE,ziyadnz/hourly-ipv4,ziyadnz|hourly,2026-08-17T18:48:05Z,2026-08-17T18:48:05Z,
115.190.150.8,ipv4,malicious-ip,medium,WHITE,ziyadnz/hourly-ipv4,ziyadnz|hourly,2026-08-17T18:48:05Z,2026-08-17T18:48:05Z,
115.190.151.242,ipv4,malicious-ip,medium,WHITE,ziyadnz/hourly-ipv4,ziyadnz|hourly,2026-08-17T18:48:05Z,2026-08-17T18:48:05Z,
115.190.153.156,ipv4,malicious-ip,medium,WHITE,ziyadnz/hourly-ipv4,ziyadnz|hourly,2026-08-17T18:48:05Z,2026-08-17T18:48:05Z,
115.190.155.149,ipv4,malicious-ip,medium,WHITE,ziyadnz/hourly-ipv4,ziyadnz|hourly,2026-08-17T18:48:05Z,2026-08-17T18:48:05Z,
115.190.155.5,ipv4,malicious-ip,medium,WHITE,ziyadnz/hourly-ipv4,ziyadnz|hourly,2026-08-17T18:48:05Z,2026-08-17T18:48:05Z,
115.190.156.119,ipv4,malicious-ip,medium,WHITE,ziyadnz/hourly-ipv4,ziyadnz|hourly,2026-08-17T18:48:05Z,2026-08-17T18:48:05Z,
115.190.158.196,ipv4,malicious-ip,medium,WHITE,ziyadnz/hourly-ipv4,ziyadnz|hourly,2026-08-17T18:48:05Z,2026-08-17T18:48:05Z,
115.190.159.173,ipv4,malicious-ip,medium,WHITE,ziyadnz/hourly-ipv4,ziyadnz|hourly,2026-08-17T18:48:05Z,2026-08-17T18:48:05Z,
115.190.160.80,ipv4,malicious-ip,medium,WHITE,ziyadnz/hourly-ipv4,ziyadnz|hourly,2026-08-17T18:48:05Z,2026-08-17T18:48:05Z,
115.190.162.240,ipv4,malicious-ip,medium,WHITE,ziyadnz/hourly-ipv4,ziyadnz|hourly,2026-08-17T18:48:05Z,2026-08-17T18:48:05Z,
115.190.165.165,ipv4,malicious-ip,medium,WHITE,ziyadnz/hourly-ipv4,ziyadnz|hourly,2026-08-17T18:48:05Z,2026-08-17T18:48:05Z,
115.190.166.183,ipv4,malicious-ip,medium,WHITE,ziyadnz/hourly-ipv4,ziyadnz|hourly,2026-08-17T18:48:05Z,2026-08-17T18:48:05Z,
115.190.167.144,ipv4,malicious-ip,medium,WHITE,ziyadnz/hourly-ipv4,ziyadnz|hourly,2026-08-17T18:48:05Z,2026-08-17T18:48:05Z,
115.190.168.136,ipv4,malicious-ip,medium,WHITE,ziyadnz/hourly-ipv4,ziyadnz|hourly,2026-08-17T18:48:05Z,2026-08-17T18:48:05Z,
115.190.172.63,ipv4,malicious-ip,medium,WHITE,ziyadnz/hourly-ipv4,ziyadnz|hourly,2026-08-17T18:48:05Z,2026-08-17T18:48:05Z,
115.190.173.110,ipv4,malicious-ip,medium,WHITE,ziyadnz/hourly-ipv4,ziyadnz|hourly,2026-08-17T18:48:05Z,2026-08-17T18:48:05Z,
115.190.173.91,ipv4,malicious-ip,medium,WHITE,ziyadnz/hourly-ipv4,ziyadnz|hourly,2026-08-17T18:48:05Z,2026-08-17T18:48:05Z,
115.190.174.127,ipv4,malicious-ip,medium,WHITE,ziyadnz/hourly-ipv4,ziyadnz|hourly,2026-08-17T18:48:05Z,2026-08-17T18:48:05Z,
115.190.176.88,ipv4,malicious-ip,medium,WHITE,ziyadnz/hourly-ipv4,ziyadnz|hourly,2026-08-17T18:48:05Z,2026-08-17T18:48:05Z,
115.190.177.126,ipv4,malicious-ip,medium,WHITE,ziyadnz/hourly-ipv4,ziyadnz|hourly,2026-08-17T18:48:05Z,2026-08-17T18:48:05Z,
115.190.179.68,ipv4,malicious-ip,medium,WHITE,ziyadnz/hourly-ipv4,ziyadnz|hourly,2026-08-17T18:48:05Z,2026-08-17T18:48:05Z,
115.190.185.14,ipv4,malicious-ip,medium,WHITE,ziyadnz/hourly-ipv4,ziyadnz|hourly,2026-08-17T18:48:05Z,2026-08-17T18:48:05Z,
115.190.188.79,ipv4,malicious-ip,medium,WHITE,ziyadnz/hourly-ipv4,ziyadnz|hourly,2026-08-17T18:48:05Z,2026-08-17T18:48:05Z,
115.190.190.25,ipv4,malicious-ip,medium,WHITE,ziyadnz/hourly-ipv4,ziyadnz|hourly,2026-08-17T18:48:05Z,2026-08-17T18:48:05Z,
115.190.193.16,ipv4,malicious-ip,medium,WHITE,ziyadnz/hourly-ipv4,ziyadnz|hourly,2026-08-17T18:48:05Z,2026-08-17T18:48:05Z,
115.190.197.138,ipv4,malicious-ip,medium,WHITE,ziyadnz/hourly-ipv4,ziyadnz|hourly,2026-08-17T18:48:05Z,2026-08-17T18:48:05Z,
115.190.197.74,ipv4,malicious-ip,medium,WHITE,ziyadnz/hourly-ipv4,ziyadnz|hourly,2026-08-17T18:48:05Z,2026-08-17T18:48:05Z,
115.190.2.201,ipv4,malicious-ip,medium,WHITE,ziyadnz/hourly-ipv4,ziyadnz|hourly,2026-08-17T18:48:05Z,2026-08-17T18:48:05Z,
115.190.203.239,ipv4,malicious-ip,medium,WHITE,ziyadnz/hourly-ipv4,ziyadnz|hourly,2026-08-17T18:48:05Z,2026-08-17T18:48:05Z,
115.190.203.247,ipv4,malicious-ip,medium,WHITE,ziyadnz/hourly-ipv4,ziyadnz|hourly,2026-08-17T18:48:05Z,2026-08-17T18:48:05Z,
115.190.207.155,ipv4,malicious-ip,medium,WHITE,ziyadnz/hourly-ipv4,ziyadnz|hourly,2026-08-17T18:48:05Z,2026-08-17T18:48:05Z,
115.190.211.111,ipv4,malicious-ip,medium,WHITE,ziyadnz/hourly-ipv4,ziyadnz|hourly,2026-08-17T18:48:05Z,2026-08-17T18:48:05Z,
115.190.211.2,ipv4,malicious-ip,medium,WHITE,ziyadnz/hourly-ipv4,ziyadnz|hourly,2026-08-17T18:48:05Z,2026-08-17T18:48:05Z,
115.190.221.124,ipv4,malicious-ip,medium,WHITE,ziyadnz/hourly-ipv4,ziyadnz|hourly,2026-08-17T18:48:05Z,2026-08-17T18:48:05Z,
115.190.229.117,ipv4,malicious-ip,medium,WHITE,ziyadnz/hourly-ipv4,ziyadnz|hourly,2026-08-17T18:48:05Z,2026-08-17T18:48:05Z,
115.190.233.64,ipv4,malicious-ip,medium,WHITE,ziyadnz/hourly-ipv4,ziyadnz|hourly,2026-08-17T18:48:05Z,2026-08-17T18:48:05Z,
115.190.235.23,ipv4,malicious-ip,medium,WHITE,ziyadnz/hourly-ipv4,ziyadnz|hourly,2026-08-17T18:48:05Z,2026-08-17T18:48:05Z,
115.190.237.115,ipv4,malicious-ip,medium,WHITE,ziyadnz/hourly-ipv4,ziyadnz|hourly,2026-08-17T18:48:05Z,2026-08-17T18:48:05Z,
115.190.24.246,ipv4,malicious-ip,medium,WHITE,ziyadnz/hourly-ipv4,ziyadnz|hourly,2026-08-17T18:48:05Z,2026-08-17T18:48:05Z,
115.190.242.30,ipv4,malicious-ip,medium,WHITE,ziyadnz/hourly-ipv4,ziyadnz|hourly,2026-08-17T18:48:05Z,2026-08-17T18:48:05Z,
115.190.243.99,ipv4,malicious-ip,medium,WHITE,ziyadnz/hourly-ipv4,ziyadnz|hourly,2026-08-17T18:48:05Z,2026-08-17T18:48:05Z,
115.190.244.156,ipv4,malicious-ip,medium,WHITE,ziyadnz/hourly-ipv4,ziyadnz|hourly,2026-08-17T18:48:05Z,2026-08-17T18:48:05Z,
115.190.245.176,ipv4,malicious-ip,medium,WHITE,ziyadnz/hourly-ipv4,ziyadnz|hourly,2026-08-17T18:48:05Z,2026-08-17T18:48:05Z,
115.190.248.35,ipv4,malicious-ip,medium,WHITE,ziyadnz/hourly-ipv4,ziyadnz|hourly,2026-08-17T18:48:05Z,2026-08-17T18:48:05Z,
115.190.249.177,ipv4,malicious-ip,medium,WHITE,ziyadnz/hourly-ipv4,ziyadnz|hourly,2026-08-17T18:48:05Z,2026-08-17T18:48:05Z,
115.190.251.242,ipv4,malicious-ip,medium,WHITE,ziyadnz/hourly-ipv4,ziyadnz|hourly,2026-08-17T18:48:05Z,2026-08-17T18:48:05Z,
115.190.251.247,ipv4,malicious-ip,medium,WHITE,ziyadnz/hourly-ipv4,ziyadnz|hourly,2026-08-17T18:48:05Z,2026-08-17T18:48:05Z,
115.190.255.225,ipv4,malicious-ip,medium,WHITE,ziyadnz/hourly-ipv4,ziyadnz|hourly,2026-08-17T18:48:05Z,2026-08-17T18:48:05Z,
115.190.26.243,ipv4,malicious-ip,medium,WHITE,ziyadnz/hourly-ipv4,ziyadnz|hourly,2026-08-17T18:48:05Z,2026-08-17T18:48:05Z,
115.190.27.28,ipv4,malicious-ip,medium,WHITE,ziyadnz/hourly-ipv4,ziyadnz|hourly,2026-08-17T18:48:05Z,2026-08-17T18:48:05Z,
115.190.3.212,ipv4,malicious-ip,medium,WHITE,ziyadnz/hourly-ipv4,ziyadnz|hourly,2026-08-17T18:48:05Z,2026-08-17T18:48:05Z,
115.190.37.201,ipv4,malicious-ip,medium,WHITE,ziyadnz/hourly-ipv4,ziyadnz|hourly,2026-08-17T18:48:05Z,2026-08-17T18:48:05Z,
115.190.4.225,ipv4,malicious-ip,medium,WHITE,ziyadnz/hourly-ipv4,ziyadnz|hourly,2026-08-17T18:48:05Z,2026-08-17T18:48:05Z,
115.190.44.190,ipv4,malicious-ip,medium,WHITE,ziyadnz/hourly-ipv4,ziyadnz|hourly,2026-08-17T18:48:05Z,2026-08-17T18:48:05Z,
115.190.45.48,ipv4,malicious-ip,medium,WHITE,ziyadnz/hourly-ipv4,ziyadnz|hourly,2026-08-17T18:48:05Z,2026-08-17T18:48:05Z,
115.190.46.94,ipv4,malicious-ip,medium,WHITE,ziyadnz/hourly-ipv4,ziyadnz|hourly,2026-08-17T18:48:05Z,2026-08-17T18:48:05Z,
115.190.51.71,ipv4,malicious-ip,medium,WHITE,ziyadnz/hourly-ipv4,ziyadnz|hourly,2026-08-17T18:48:05Z,2026-08-17T18:48:05Z,
115.190.52.2,ipv4,malicious-ip,medium,WHITE,ziyadnz/hourly-ipv4,ziyadnz|hourly,2026-08-17T18:48:05Z,2026-08-17T18:48:05Z,
115.190.54.120,ipv4,malicious-ip,medium,WHITE,ziyadnz/hourly-ipv4,ziyadnz|hourly,2026-08-17T18:48:05Z,2026-08-17T18:48:05Z,
115.190.56.150,ipv4,malicious-ip,medium,WHITE,ziyadnz/hourly-ipv4,ziyadnz|hourly,2026-08-17T18:48:05Z,2026-08-17T18:48:05Z,
115.190.56.152,ipv4,malicious-ip,medium,WHITE,ziyadnz/hourly-ipv4,ziyadnz|hourly,2026-08-17T18:48:05Z,2026-08-17T18:48:05Z,
115.190.59.162,ipv4,malicious-ip,medium,WHITE,ziyadnz/hourly-ipv4,ziyadnz|hourly,2026-08-17T18:48:05Z,2026-08-17T18:48:05Z,
115.190.60.214,ipv4,malicious-ip,medium,WHITE,ziyadnz/hourly-ipv4,ziyadnz|hourly,2026-08-17T18:48:05Z,2026-08-17T18:48:05Z,
115.190.63.151,ipv4,malicious-ip,medium,WHITE,ziyadnz/hourly-ipv4,ziyadnz|hourly,2026-08-17T18:48:05Z,2026-08-17T18:48:05Z,
115.190.64.245,ipv4,malicious-ip,medium,WHITE,ziyadnz/hourly-ipv4,ziyadnz|hourly,2026-08-17T18:48:05Z,2026-08-17T18:48:05Z,
115.190.7.126,ipv4,malicious-ip,medium,WHITE,ziyadnz/hourly-ipv4,ziyadnz|hourly,2026-08-17T18:48:05Z,2026-08-17T18:48:05Z,
115.190.74.101,ipv4,malicious-ip,medium,WHITE,ziyadnz/hourly-ipv4,ziyadnz|hourly,2026-08-17T18:48:05Z,2026-08-17T18:48:05Z,
115.190.83.181,ipv4,malicious-ip,medium,WHITE,ziyadnz/hourly-ipv4,ziyadnz|hourly,2026-08-17T18:48:05Z,2026-08-17T18:48:05Z,
115.190.92.70,ipv4,malicious-ip,medium,WHITE,ziyadnz/hourly-ipv4,ziyadnz|hourly,2026-08-17T18:48:05Z,2026-08-17T18:48:05Z,
115.190.97.5,ipv4,malicious-ip,medium,WHITE,ziyadnz/hourly-ipv4,ziyadnz|hourly,2026-08-17T18:48:05Z,2026-08-17T18:48:05Z,
115.191.15.234,ipv4,malicious-ip,medium,WHITE,ziyadnz/hourly-ipv4,ziyadnz|hourly,2026-08-17T18:48:05Z,2026-08-17T18:48:05Z,
115.191.16.236,ipv4,malicious-ip,medium,WHITE,ziyadnz/hourly-ipv4,ziyadnz|hourly,2026-08-17T18:48:05Z,2026-08-17T18:48:05Z,
115.191.18.16,ipv4,malicious-ip,medium,WHITE,ziyadnz/hourly-ipv4,ziyadnz|hourly,2026-08-17T18:48:05Z,2026-08-17T18:48:05Z,
115.191.2.208,ipv4,malicious-ip,medium,WHITE,ziyadnz/hourly-ipv4,ziyadnz|hourly,2026-08-17T18:48:05Z,2026-08-17T18:48:05Z,
115.191.2.71,ipv4,malicious-ip,medium,WHITE,ziyadnz/hourly-ipv4,ziyadnz|hourly,2026-08-17T18:48:05Z,2026-08-17T18:48:05Z,
115.191.22.11,ipv4,malicious-ip,medium,WHITE,ziyadnz/hourly-ipv4,ziyadnz|hourly,2026-08-17T18:48:05Z,2026-08-17T18:48:05Z,
115.191.22.87,ipv4,malicious-ip,medium,WHITE,ziyadnz/hourly-ipv4,ziyadnz|hourly,2026-08-17T18:48:05Z,2026-08-17T18:48:05Z,
115.191.27.59,ipv4,malicious-ip,medium,WHITE,ziyadnz/hourly-ipv4,ziyadnz|hourly,2026-08-17T18:48:05Z,2026-08-17T18:48:05Z,
115.191.38.87,ipv4,malicious-ip,medium,WHITE,ziyadnz/hourly-ipv4,ziyadnz|hourly,2026-08-17T18:48:05Z,2026-08-17T18:48:05Z,
115.191.4.11,ipv4,malicious-ip,medium,WHITE,ziyadnz/hourly-ipv4,ziyadnz|hourly,2026-08-17T18:48:05Z,2026-08-17T18:48:05Z,
115.191.4.29,ipv4,malicious-ip,medium,WHITE,ziyadnz/hourly-ipv4,ziyadnz|hourly,2026-08-17T18:48:05Z,2026-08-17T18:48:05Z,
115.191.43.197,ipv4,malicious-ip,medium,WHITE,ziyadnz/hourly-ipv4,ziyadnz|hourly,2026-08-17T18:48:05Z,2026-08-17T18:48:05Z,
115.191.49.17,ipv4,malicious-ip,medium,WHITE,ziyadnz/hourly-ipv4,ziyadnz|hourly,2026-08-17T18:48:05Z,2026-08-17T18:48:05Z,
115.191.5.215,ipv4,malicious-ip,medium,WHITE,ziyadnz/hourly-ipv4,ziyadnz|hourly,2026-08-17T18:48:05Z,2026-08-17T18:48:05Z,
115.191.5.55,ipv4,malicious-ip,medium,WHITE,ziyadnz/hourly-ipv4,ziyadnz|hourly,2026-08-17T18:48:05Z,2026-08-17T18:48:05Z,
115.191.51.190,ipv4,malicious-ip,medium,WHITE,ziyadnz/hourly-ipv4,ziyadnz|hourly,2026-08-17T18:48:05Z,2026-08-17T18:48:05Z,
115.191.58.71,ipv4,malicious-ip,medium,WHITE,ziyadnz/hourly-ipv4,ziyadnz|hourly,2026-08-17T18:48:05Z,2026-08-17T18:48:05Z,
115.191.6.58,ipv4,malicious-ip,medium,WHITE,ziyadnz/hourly-ipv4,ziyadnz|hourly,2026-08-17T18:48:05Z,2026-08-17T18:48:05Z,
115.191.64.182,ipv4,malicious-ip,medium,WHITE,ziyadnz/hourly-ipv4,ziyadnz|hourly,2026-08-17T18:48:05Z,2026-08-17T18:48:05Z,
115.191.66.78,ipv4,malicious-ip,medium,WHITE,ziyadnz/hourly-ipv4,ziyadnz|hourly,2026-08-17T18:48:05Z,2026-08-17T18:48:05Z,
115.191.66.84,ipv4,malicious-ip,medium,WHITE,ziyadnz/hourly-ipv4,ziyadnz|hourly,2026-08-17T18:48:05Z,2026-08-17T18:48:05Z,
115.191.7.183,ipv4,malicious-ip,medium,WHITE,ziyadnz/hourly-ipv4,ziyadnz|hourly,2026-08-17T18:48:05Z,2026-08-17T18:48:05Z,
115.191.76.115,ipv4,malicious-ip,medium,WHITE,ziyadnz/hourly-ipv4,ziyadnz|hourly,2026-08-17T18:48:05Z,2026-08-17T18:48:05Z,
115.191.79.153,ipv4,malicious-ip,medium,WHITE,ziyadnz/hourly-ipv4,ziyadnz|hourly,2026-08-17T18:48:05Z,2026-08-17T18:48:05Z,
115.191.9.205,ipv4,malicious-ip,medium,WHITE,ziyadnz/hourly-ipv4,ziyadnz|hourly,2026-08-17T18:48:05Z,2026-08-17T18:48:05Z,
115.192.15.27,ipv4,malicious-ip,medium,WHITE,ziyadnz/hourly-ipv4,ziyadnz|hourly,2026-08-17T18:48:05Z,2026-08-17T18:48:05Z,
115.195.21.252,ipv4,malicious-ip,medium,WHITE,ziyadnz/hourly-ipv4,ziyadnz|hourly,2026-08-17T18:48:05Z,2026-08-17T18:48:05Z,
115.195.60.27,ipv4,malicious-ip,medium,WHITE,ziyadnz/hourly-ipv4,ziyadnz|hourly,2026-08-17T18:48:05Z,2026-08-17T18:48:05Z,
115.195.78.225,ipv4,malicious-ip,medium,WHITE,ziyadnz/hourly-ipv4,ziyadnz|hourly,2026-08-17T18:48:05Z,2026-08-17T18:48:05Z,
115.195.95.51,ipv4,malicious-ip,medium,WHITE,ziyadnz/hourly-ipv4,ziyadnz|hourly,2026-08-17T18:48:05Z,2026-08-17T18:48:05Z,
115.196.188.219,ipv4,malicious-ip,medium,WHITE,ziyadnz/hourly-ipv4,ziyadnz|hourly,2026-08-17T18:48:05Z,2026-08-17T18:48:05Z,
115.196.226.3,ipv4,malicious-ip,medium,WHITE,ziyadnz/hourly-ipv4,ziyadnz|hourly,2026-08-17T18:48:05Z,2026-08-17T18:48:05Z,
115.197.32.42,ipv4,malicious-ip,medium,WHITE,ziyadnz/hourly-ipv4,ziyadnz|hourly,2026-08-17T18:48:05Z,2026-08-17T18:48:05Z,
115.198.101.240,ipv4,malicious-ip,medium,WHITE,ziyadnz/hourly-ipv4,ziyadnz|hourly,2026-08-17T18:48:05Z,2026-08-17T18:48:05Z,
115.198.156.115,ipv4,malicious-ip,medium,WHITE,ziyadnz/hourly-ipv4,ziyadnz|hourly,2026-08-17T18:48:05Z,2026-08-17T18:48:05Z,
115.198.84.218,ipv4,malicious-ip,medium,WHITE,ziyadnz/hourly-ipv4,ziyadnz|hourly,2026-08-17T18:48:05Z,2026-08-17T18:48:05Z,
115.199.117.140,ipv4,malicious-ip,medium,WHITE,ziyadnz/hourly-ipv4,ziyadnz|hourly,2026-08-17T18:48:05Z,2026-08-17T18:48:05Z,
115.201.126.10,ipv4,malicious-ip,medium,WHITE,ziyadnz/hourly-ipv4,ziyadnz|hourly,2026-08-17T18:48:05Z,2026-08-17T18:48:05Z,
115.202.97.150,ipv4,malicious-ip,medium,WHITE,ziyadnz/hourly-ipv4,ziyadnz|hourly,2026-08-17T18:48:05Z,2026-08-17T18:48:05Z,
115.203.168.161,ipv4,malicious-ip,medium,WHITE,ziyadnz/hourly-ipv4,ziyadnz|hourly,2026-08-17T18:48:05Z,2026-08-17T18:48:05Z,
115.205.187.224,ipv4,malicious-ip,medium,WHITE,ziyadnz/hourly-ipv4,ziyadnz|hourly,2026-08-17T18:48:05Z,2026-08-17T18:48:05Z,
115.205.50.181,ipv4,malicious-ip,medium,WHITE,ziyadnz/hourly-ipv4,ziyadnz|hourly,2026-08-17T18:48:05Z,2026-08-17T18:48:05Z,
115.206.247.113,ipv4,malicious-ip,medium,WHITE,ziyadnz/hourly-ipv4,ziyadnz|hourly,2026-08-17T18:48:05Z,2026-08-17T18:48:05Z,
115.207.18.16,ipv4,malicious-ip,medium,WHITE,ziyadnz/hourly-ipv4,ziyadnz|hourly,2026-08-17T18:48:05Z,2026-08-17T18:48:05Z,
115.209.242.46,ipv4,malicious-ip,medium,WHITE,ziyadnz/hourly-ipv4,ziyadnz|hourly,2026-08-17T18:48:05Z,2026-08-17T18:48:05Z,
115.210.160.86,ipv4,malicious-ip,medium,WHITE,ziyadnz/hourly-ipv4,ziyadnz|hourly,2026-08-17T18:48:05Z,2026-08-17T18:48:05Z,
115.210.164.210,ipv4,malicious-ip,medium,WHITE,ziyadnz/hourly-ipv4,ziyadnz|hourly,2026-08-17T18:48:05Z,2026-08-17T18:48:05Z,
115.210.212.252,ipv4,malicious-ip,medium,WHITE,ziyadnz/hourly-ipv4,ziyadnz|hourly,2026-08-17T18:48:05Z,2026-08-17T18:48:05Z,
115.210.238.45,ipv4,malicious-ip,medium,WHITE,ziyadnz/hourly-ipv4,ziyadnz|hourly,2026-08-17T18:48:05Z,2026-08-17T18:48:05Z,
115.210.245.125,ipv4,malicious-ip,medium,WHITE,ziyadnz/hourly-ipv4,ziyadnz|hourly,2026-08-17T18:48:05Z,2026-08-17T18:48:05Z,
115.211.240.27,ipv4,malicious-ip,medium,WHITE,ziyadnz/hourly-ipv4,ziyadnz|hourly,2026-08-17T18:48:05Z,2026-08-17T18:48:05Z,
115.211.58.143,ipv4,malicious-ip,medium,WHITE,ziyadnz/hourly-ipv4,ziyadnz|hourly,2026-08-17T18:48:05Z,2026-08-17T18:48:05Z,
115.212.117.185,ipv4,malicious-ip,medium,WHITE,ziyadnz/hourly-ipv4,ziyadnz|hourly,2026-08-17T18:48:05Z,2026-08-17T18:48:05Z,
115.212.13.28,ipv4,malicious-ip,medium,WHITE,ziyadnz/hourly-ipv4,ziyadnz|hourly,2026-08-17T18:48:05Z,2026-08-17T18:48:05Z,
115.212.175.85,ipv4,malicious-ip,medium,WHITE,ziyadnz/hourly-ipv4,ziyadnz|hourly,2026-08-17T18:48:05Z,2026-08-17T18:48:05Z,
115.212.239.87,ipv4,malicious-ip,medium,WHITE,ziyadnz/hourly-ipv4,ziyadnz|hourly,2026-08-17T18:48:05Z,2026-08-17T18:48:05Z,
115.212.250.5,ipv4,malicious-ip,medium,WHITE,ziyadnz/hourly-ipv4,ziyadnz|hourly,2026-08-17T18:48:05Z,2026-08-17T18:48:05Z,
115.212.255.41,ipv4,malicious-ip,medium,WHITE,ziyadnz/hourly-ipv4,ziyadnz|hourly,2026-08-17T18:48:05Z,2026-08-17T18:48:05Z,
115.213.62.160,ipv4,malicious-ip,medium,WHITE,ziyadnz/hourly-ipv4,ziyadnz|hourly,2026-08-17T18:48:05Z,2026-08-17T18:48:05Z,
115.215.10.18,ipv4,malicious-ip,medium,WHITE,ziyadnz/hourly-ipv4,ziyadnz|hourly,2026-08-17T18:48:05Z,2026-08-17T18:48:05Z,
115.215.11.37,ipv4,malicious-ip,medium,WHITE,ziyadnz/hourly-ipv4,ziyadnz|hourly,2026-08-17T18:48:05Z,2026-08-17T18:48:05Z,
115.215.45.102,ipv4,malicious-ip,medium,WHITE,ziyadnz/hourly-ipv4,ziyadnz|hourly,2026-08-17T18:48:05Z,2026-08-17T18:48:05Z,
115.215.8.42,ipv4,malicious-ip,medium,WHITE,ziyadnz/hourly-ipv4,ziyadnz|hourly,2026-08-17T18:48:05Z,2026-08-17T18:48:05Z,
115.217.249.99,ipv4,malicious-ip,medium,WHITE,ziyadnz/hourly-ipv4,ziyadnz|hourly,2026-08-17T18:48:05Z,2026-08-17T18:48:05Z,
115.218.56.131,ipv4,malicious-ip,medium,WHITE,ziyadnz/hourly-ipv4,ziyadnz|hourly,2026-08-17T18:48:05Z,2026-08-17T18:48:05Z,
115.22.213.122,ipv4,malicious-ip,medium,WHITE,ziyadnz/hourly-ipv4,ziyadnz|hourly,2026-08-17T18:48:05Z,2026-08-17T18:48:05Z,
115.220.2.156,ipv4,malicious-ip,medium,WHITE,ziyadnz/hourly-ipv4,ziyadnz|hourly,2026-08-17T18:48:05Z,2026-08-17T18:48:05Z,
115.220.219.202,ipv4,malicious-ip,medium,WHITE,ziyadnz/hourly-ipv4,ziyadnz|hourly,2026-08-17T18:48:05Z,2026-08-17T18:48:05Z,
115.224.135.22,ipv4,malicious-ip,medium,WHITE,ziyadnz/hourly-ipv4,ziyadnz|hourly,2026-08-17T18:48:05Z,2026-08-17T18:48:05Z,
115.224.94.235,ipv4,malicious-ip,medium,WHITE,ziyadnz/hourly-ipv4,ziyadnz|hourly,2026-08-17T18:48:05Z,2026-08-17T18:48:05Z,
115.225.157.77,ipv4,malicious-ip,medium,WHITE,ziyadnz/hourly-ipv4,ziyadnz|hourly,2026-08-17T18:48:05Z,2026-08-17T18:48:05Z,
115.226.156.71,ipv4,malicious-ip,medium,WHITE,ziyadnz/hourly-ipv4,ziyadnz|hourly,2026-08-17T18:48:05Z,2026-08-17T18:48:05Z,
115.226.239.174,ipv4,malicious-ip,medium,WHITE,ziyadnz/hourly-ipv4,ziyadnz|hourly,2026-08-17T18:48:05Z,2026-08-17T18:48:05Z,
115.227.126.97,ipv4,malicious-ip,medium,WHITE,ziyadnz/hourly-ipv4,ziyadnz|hourly,2026-08-17T18:48:05Z,2026-08-17T18:48:05Z,
115.227.178.36,ipv4,malicious-ip,medium,WHITE,ziyadnz/hourly-ipv4,ziyadnz|hourly,2026-08-17T18:48:05Z,2026-08-17T18:48:05Z,
115.227.180.101,ipv4,malicious-ip,medium,WHITE,ziyadnz/hourly-ipv4,ziyadnz|hourly,2026-08-17T18:48:05Z,2026-08-17T18:48:05Z,
115.227.19.152,ipv4,malicious-ip,medium,WHITE,ziyadnz/hourly-ipv4,ziyadnz|hourly,2026-08-17T18:48:05Z,2026-08-17T18:48:05Z,
115.227.26.85,ipv4,malicious-ip,medium,WHITE,ziyadnz/hourly-ipv4,ziyadnz|hourly,2026-08-17T18:48:05Z,2026-08-17T18:48:05Z,
115.227.49.23,ipv4,malicious-ip,medium,WHITE,ziyadnz/hourly-ipv4,ziyadnz|hourly,2026-08-17T18:48:05Z,2026-08-17T18:48:05Z,
115.23.0.108,ipv4,malicious-ip,medium,WHITE,ziyadnz/hourly-ipv4,ziyadnz|hourly,2026-08-17T18:48:05Z,2026-08-17T18:48:05Z,
115.230.174.172,ipv4,malicious-ip,medium,WHITE,ziyadnz/hourly-ipv4,ziyadnz|hourly,2026-08-17T18:48:05Z,2026-08-17T18:48:05Z,
115.231.10.226,ipv4,malicious-ip,medium,WHITE,ziyadnz/hourly-ipv4,ziyadnz|hourly,2026-08-17T18:48:05Z,2026-08-17T18:48:05Z,
115.231.206.90,ipv4,malicious-ip,medium,WHITE,ziyadnz/hourly-ipv4,ziyadnz|hourly,2026-08-17T18:48:05Z,2026-08-17T18:48:05Z,
115.231.236.150,ipv4,malicious-ip,medium,WHITE,ziyadnz/hourly-ipv4,ziyadnz|hourly,2026-08-17T18:48:05Z,2026-08-17T18:48:05Z,
115.231.76.176,ipv4,malicious-ip,medium,WHITE,ziyadnz/hourly-ipv4,ziyadnz|hourly,2026-08-17T18:48:05Z,2026-08-17T18:48:05Z,
115.231.78.10,ipv4,malicious-ip,medium,WHITE,ziyadnz/hourly-ipv4,ziyadnz|hourly,2026-08-17T18:48:05Z,2026-08-17T18:48:05Z,
115.231.78.11,ipv4,malicious-ip,medium,WHITE,ziyadnz/hourly-ipv4,ziyadnz|hourly,2026-08-17T18:48:05Z,2026-08-17T18:48:05Z,
115.231.78.3,ipv4,malicious-ip,medium,WHITE,ziyadnz/hourly-ipv4,ziyadnz|hourly,2026-08-17T18:48:05Z,2026-08-17T18:48:05Z,
115.236.118.229,ipv4,malicious-ip,medium,WHITE,ziyadnz/hourly-ipv4,ziyadnz|hourly,2026-08-17T18:48:05Z,2026-08-17T18:48:05Z,
115.236.118.238,ipv4,malicious-ip,medium,WHITE,ziyadnz/hourly-ipv4,ziyadnz|hourly,2026-08-17T18:48:05Z,2026-08-17T18:48:05Z,
115.236.65.194,ipv4,malicious-ip,medium,WHITE,ziyadnz/hourly-ipv4,ziyadnz|hourly,2026-08-17T18:48:05Z,2026-08-17T18:48:05Z,
115.238.105.46,ipv4,malicious-ip,medium,WHITE,ziyadnz/hourly-ipv4,ziyadnz|hourly,2026-08-17T18:48:05Z,2026-08-17T18:48:05Z,
115.238.178.150,ipv4,malicious-ip,medium,WHITE,ziyadnz/hourly-ipv4,ziyadnz|hourly,2026-08-17T18:48:05Z,2026-08-17T18:48:05Z,
115.239.173.226,ipv4,malicious-ip,medium,WHITE,ziyadnz/hourly-ipv4,ziyadnz|hourly,2026-08-17T18:48:05Z,2026-08-17T18:48:05Z,
115.239.213.219,ipv4,malicious-ip,medium,WHITE,ziyadnz/hourly-ipv4,ziyadnz|hourly,2026-08-17T18:48:05Z,2026-08-17T18:48:05Z,
115.240.169.234,ipv4,malicious-ip,medium,WHITE,ziyadnz/hourly-ipv4,ziyadnz|hourly,2026-08-17T18:48:05Z,2026-08-17T18:48:05Z,
115.241.1.85,ipv4,malicious-ip,medium,WHITE,ziyadnz/hourly-ipv4,ziyadnz|hourly,2026-08-17T18:48:05Z,2026-08-17T18:48:05Z,
115.241.228.34,ipv4,malicious-ip,medium,WHITE,ziyadnz/hourly-ipv4,ziyadnz|hourly,2026-08-17T18:48:05Z,2026-08-17T18:48:05Z,
115.241.83.2,ipv4,malicious-ip,medium,WHITE,ziyadnz/hourly-ipv4,ziyadnz|hourly,2026-08-17T18:48:05Z,2026-08-17T18:48:05Z,
115.242.193.230,ipv4,malicious-ip,medium,WHITE,ziyadnz/hourly-ipv4,ziyadnz|hourly,2026-08-17T18:48:05Z,2026-08-17T18:48:05Z,
115.242.248.158,ipv4,malicious-ip,medium,WHITE,ziyadnz/hourly-ipv4,ziyadnz|hourly,2026-08-17T18:48:05Z,2026-08-17T18:48:05Z,
115.242.55.142,ipv4,malicious-ip,medium,WHITE,ziyadnz/hourly-ipv4,ziyadnz|hourly,2026-08-17T18:48:05Z,2026-08-17T18:48:05Z,
115.242.65.26,ipv4,malicious-ip,medium,WHITE,ziyadnz/hourly-ipv4,ziyadnz|hourly,2026-08-17T18:48:05Z,2026-08-17T18:48:05Z,
115.243.24.18,ipv4,malicious-ip,medium,WHITE,ziyadnz/hourly-ipv4,ziyadnz|hourly,2026-08-17T18:48:05Z,2026-08-17T18:48:05Z,
115.243.248.82,ipv4,malicious-ip,medium,WHITE,ziyadnz/hourly-ipv4,ziyadnz|hourly,2026-08-17T18:48:05Z,2026-08-17T18:48:05Z,
115.244.164.14,ipv4,malicious-ip,medium,WHITE,ziyadnz/hourly-ipv4,ziyadnz|hourly,2026-08-17T18:48:05Z,2026-08-17T18:48:05Z,
115.244.208.246,ipv4,malicious-ip,medium,WHITE,ziyadnz/hourly-ipv4,ziyadnz|hourly,2026-08-17T18:48:05Z,2026-08-17T18:48:05Z,
115.245.108.102,ipv4,malicious-ip,medium,WHITE,ziyadnz/hourly-ipv4,ziyadnz|hourly,2026-08-17T18:48:05Z,2026-08-17T18:48:05Z,
115.245.111.246,ipv4,malicious-ip,medium,WHITE,ziyadnz/hourly-ipv4,ziyadnz|hourly,2026-08-17T18:48:05Z,2026-08-17T18:48:05Z,
115.245.185.82,ipv4,malicious-ip,medium,WHITE,ziyadnz/hourly-ipv4,ziyadnz|hourly,2026-08-17T18:48:05Z,2026-08-17T18:48:05Z,
115.245.198.210,ipv4,malicious-ip,medium,WHITE,ziyadnz/hourly-ipv4,ziyadnz|hourly,2026-08-17T18:48:05Z,2026-08-17T18:48:05Z,
115.245.199.34,ipv4,malicious-ip,medium,WHITE,ziyadnz/hourly-ipv4,ziyadnz|hourly,2026-08-17T18:48:05Z,2026-08-17T18:48:05Z,
115.245.228.53,ipv4,malicious-ip,medium,WHITE,ziyadnz/hourly-ipv4,ziyadnz|hourly,2026-08-17T18:48:05Z,2026-08-17T18:48:05Z,
115.245.231.170,ipv4,malicious-ip,medium,WHITE,ziyadnz/hourly-ipv4,ziyadnz|hourly,2026-08-17T18:48:05Z,2026-08-17T18:48:05Z,
115.245.245.18,ipv4,malicious-ip,medium,WHITE,ziyadnz/hourly-ipv4,ziyadnz|hourly,2026-08-17T18:48:05Z,2026-08-17T18:48:05Z,
115.245.33.58,ipv4,malicious-ip,medium,WHITE,ziyadnz/hourly-ipv4,ziyadnz|hourly,2026-08-17T18:48:05Z,2026-08-17T18:48:05Z,
115.246.154.138,ipv4,malicious-ip,medium,WHITE,ziyadnz/hourly-ipv4,ziyadnz|hourly,2026-08-17T18:48:05Z,2026-08-17T18:48:05Z,
115.246.239.27,ipv4,malicious-ip,medium,WHITE,ziyadnz/hourly-ipv4,ziyadnz|hourly,2026-08-17T18:48:05Z,2026-08-17T18:48:05Z,
115.247.159.106,ipv4,malicious-ip,medium,WHITE,ziyadnz/hourly-ipv4,ziyadnz|hourly,2026-08-17T18:48:05Z,2026-08-17T18:48:05Z,
115.247.181.68,ipv4,malicious-ip,medium,WHITE,ziyadnz/hourly-ipv4,ziyadnz|hourly,2026-08-17T18:48:05Z,2026-08-17T18:48:05Z,
115.248.4.85,ipv4,malicious-ip,medium,WHITE,ziyadnz/hourly-ipv4,ziyadnz|hourly,2026-08-17T18:48:05Z,2026-08-17T18:48:05Z,
115.248.8.65,ipv4,malicious-ip,medium,WHITE,ziyadnz/hourly-ipv4,ziyadnz|hourly,2026-08-17T18:48:05Z,2026-08-17T18:48:05Z,
115.251.187.194,ipv4,malicious-ip,medium,WHITE,ziyadnz/hourly-ipv4,ziyadnz|hourly,2026-08-17T18:48:05Z,2026-08-17T18:48:05Z,
115.28.166.67,ipv4,malicious-ip,medium,WHITE,ziyadnz/hourly-ipv4,ziyadnz|hourly,2026-08-17T18:48:05Z,2026-08-17T18:48:05Z,
115.28.184.230,ipv4,malicious-ip,medium,WHITE,ziyadnz/hourly-ipv4,ziyadnz|hourly,2026-08-17T18:48:05Z,2026-08-17T18:48:05Z,
115.28.198.131,ipv4,malicious-ip,medium,WHITE,ziyadnz/hourly-ipv4,ziyadnz|hourly,2026-08-17T18:48:05Z,2026-08-17T18:48:05Z,
115.28.77.246,ipv4,malicious-ip,medium,WHITE,ziyadnz/hourly-ipv4,ziyadnz|hourly,2026-08-17T18:48:05Z,2026-08-17T18:48:05Z,
115.29.34.90,ipv4,malicious-ip,medium,WHITE,ziyadnz/hourly-ipv4,ziyadnz|hourly,2026-08-17T18:48:05Z,2026-08-17T18:48:05Z,
115.29.42.175,ipv4,malicious-ip,medium,WHITE,ziyadnz/hourly-ipv4,ziyadnz|hourly,2026-08-17T18:48:05Z,2026-08-17T18:48:05Z,
115.31.134.185,ipv4,malicious-ip,medium,WHITE,ziyadnz/hourly-ipv4,ziyadnz|hourly,2026-08-17T18:48:05Z,2026-08-17T18:48:05Z,
115.41.97.139,ipv4,malicious-ip,medium,WHITE,ziyadnz/hourly-ipv4,ziyadnz|hourly,2026-08-17T18:48:05Z,2026-08-17T18:48:05Z,
115.41.97.141,ipv4,malicious-ip,medium,WHITE,ziyadnz/hourly-ipv4,ziyadnz|hourly,2026-08-17T18:48:05Z,2026-08-17T18:48:05Z,
115.42.60.223,ipv4,malicious-ip,medium,WHITE,ziyadnz/hourly-ipv4,ziyadnz|hourly,2026-08-17T18:48:05Z,2026-08-17T18:48:05Z,
115.42.64.198,ipv4,malicious-ip,medium,WHITE,ziyadnz/hourly-ipv4,ziyadnz|hourly,2026-08-17T18:48:05Z,2026-08-17T18:48:05Z,
115.42.66.89,ipv4,malicious-ip,medium,WHITE,ziyadnz/hourly-ipv4,ziyadnz|hourly,2026-08-17T18:48:05Z,2026-08-17T18:48:05Z,
115.42.70.36,ipv4,malicious-ip,medium,WHITE,ziyadnz/hourly-ipv4,ziyadnz|hourly,2026-08-17T18:48:05Z,2026-08-17T18:48:05Z,
115.42.71.135,ipv4,malicious-ip,medium,WHITE,ziyadnz/hourly-ipv4,ziyadnz|hourly,2026-08-17T18:48:05Z,2026-08-17T18:48:05Z,
115.42.71.239,ipv4,malicious-ip,medium,WHITE,ziyadnz/hourly-ipv4,ziyadnz|hourly,2026-08-17T18:48:05Z,2026-08-17T18:48:05Z,
115.42.72.162,ipv4,malicious-ip,medium,WHITE,ziyadnz/hourly-ipv4,ziyadnz|hourly,2026-08-17T18:48:05Z,2026-08-17T18:48:05Z,
115.42.75.106,ipv4,malicious-ip,medium,WHITE,ziyadnz/hourly-ipv4,ziyadnz|hourly,2026-08-17T18:48:05Z,2026-08-17T18:48:05Z,
115.42.75.109,ipv4,malicious-ip,medium,WHITE,ziyadnz/hourly-ipv4,ziyadnz|hourly,2026-08-17T18:48:05Z,2026-08-17T18:48:05Z,
115.42.75.110,ipv4,malicious-ip,medium,WHITE,ziyadnz/hourly-ipv4,ziyadnz|hourly,2026-08-17T18:48:05Z,2026-08-17T18:48:05Z,
115.42.75.111,ipv4,malicious-ip,medium,WHITE,ziyadnz/hourly-ipv4,ziyadnz|hourly,2026-08-17T18:48:05Z,2026-08-17T18:48:05Z,
115.43.172.13,ipv4,malicious-ip,medium,WHITE,ziyadnz/hourly-ipv4,ziyadnz|hourly,2026-08-17T18:48:05Z,2026-08-17T18:48:05Z,
115.48.241.255,ipv4,malicious-ip,medium,WHITE,ziyadnz/hourly-ipv4,ziyadnz|hourly,2026-08-17T18:48:05Z,2026-08-17T18:48:05Z,
115.49.102.34,ipv4,malicious-ip,medium,WHITE,ziyadnz/hourly-ipv4,ziyadnz|hourly,2026-08-17T18:48:05Z,2026-08-17T18:48:05Z,
115.49.217.212,ipv4,malicious-ip,medium,WHITE,ziyadnz/hourly-ipv4,ziyadnz|hourly,2026-08-17T18:48:05Z,2026-08-17T18:48:05Z,
115.49.3.199,ipv4,malicious-ip,medium,WHITE,ziyadnz/hourly-ipv4,ziyadnz|hourly,2026-08-17T18:48:05Z,2026-08-17T18:48:05Z,
115.49.35.202,ipv4,malicious-ip,medium,WHITE,ziyadnz/hourly-ipv4,ziyadnz|hourly,2026-08-17T18:48:05Z,2026-08-17T18:48:05Z,
115.49.8.52,ipv4,malicious-ip,medium,WHITE,ziyadnz/hourly-ipv4,ziyadnz|hourly,2026-08-17T18:48:05Z,2026-08-17T18:48:05Z,
115.49.87.137,ipv4,malicious-ip,medium,WHITE,ziyadnz/hourly-ipv4,ziyadnz|hourly,2026-08-17T18:48:05Z,2026-08-17T18:48:05Z,
115.49.90.26,ipv4,malicious-ip,medium,WHITE,ziyadnz/hourly-ipv4,ziyadnz|hourly,2026-08-17T18:48:05Z,2026-08-17T18:48:05Z,
115.50.136.50,ipv4,malicious-ip,medium,WHITE,ziyadnz/hourly-ipv4,ziyadnz|hourly,2026-08-17T18:48:05Z,2026-08-17T18:48:05Z,
115.50.27.64,ipv4,malicious-ip,medium,WHITE,ziyadnz/hourly-ipv4,ziyadnz|hourly,2026-08-17T18:48:05Z,2026-08-17T18:48:05Z,
115.50.89.114,ipv4,malicious-ip,medium,WHITE,ziyadnz/hourly-ipv4,ziyadnz|hourly,2026-08-17T18:48:05Z,2026-08-17T18:48:05Z,
115.51.154.116,ipv4,malicious-ip,medium,WHITE,ziyadnz/hourly-ipv4,ziyadnz|hourly,2026-08-17T18:48:05Z,2026-08-17T18:48:05Z,
115.51.223.155,ipv4,malicious-ip,medium,WHITE,ziyadnz/hourly-ipv4,ziyadnz|hourly,2026-08-17T18:48:05Z,2026-08-17T18:48:05Z,
115.51.231.214,ipv4,malicious-ip,medium,WHITE,ziyadnz/hourly-ipv4,ziyadnz|hourly,2026-08-17T18:48:05Z,2026-08-17T18:48:05Z,
115.51.241.165,ipv4,malicious-ip,medium,WHITE,ziyadnz/hourly-ipv4,ziyadnz|hourly,2026-08-17T18:48:05Z,2026-08-17T18:48:05Z,
115.51.241.81,ipv4,malicious-ip,medium,WHITE,ziyadnz/hourly-ipv4,ziyadnz|hourly,2026-08-17T18:48:05Z,2026-08-17T18:48:05Z,
115.51.79.83,ipv4,malicious-ip,medium,WHITE,ziyadnz/hourly-ipv4,ziyadnz|hourly,2026-08-17T18:48:05Z,2026-08-17T18:48:05Z,
115.53.37.179,ipv4,malicious-ip,medium,WHITE,ziyadnz/hourly-ipv4,ziyadnz|hourly,2026-08-17T18:48:05Z,2026-08-17T18:48:05Z,
115.54.105.157,ipv4,malicious-ip,medium,WHITE,ziyadnz/hourly-ipv4,ziyadnz|hourly,2026-08-17T18:48:05Z,2026-08-17T18:48:05Z,
115.54.157.189,ipv4,malicious-ip,medium,WHITE,ziyadnz/hourly-ipv4,ziyadnz|hourly,2026-08-17T18:48:05Z,2026-08-17T18:48:05Z,
115.54.169.76,ipv4,malicious-ip,medium,WHITE,ziyadnz/hourly-ipv4,ziyadnz|hourly,2026-08-17T18:48:05Z,2026-08-17T18:48:05Z,
115.54.170.90,ipv4,malicious-ip,medium,WHITE,ziyadnz/hourly-ipv4,ziyadnz|hourly,2026-08-17T18:48:05Z,2026-08-17T18:48:05Z,
115.55.130.65,ipv4,malicious-ip,medium,WHITE,ziyadnz/hourly-ipv4,ziyadnz|hourly,2026-08-17T18:48:05Z,2026-08-17T18:48:05Z,
115.55.159.254,ipv4,malicious-ip,medium,WHITE,ziyadnz/hourly-ipv4,ziyadnz|hourly,2026-08-17T18:48:05Z,2026-08-17T18:48:05Z,
115.55.177.105,ipv4,malicious-ip,medium,WHITE,ziyadnz/hourly-ipv4,ziyadnz|hourly,2026-08-17T18:48:05Z,2026-08-17T18:48:05Z,
115.55.183.234,ipv4,malicious-ip,medium,WHITE,ziyadnz/hourly-ipv4,ziyadnz|hourly,2026-08-17T18:48:05Z,2026-08-17T18:48:05Z,
115.55.240.146,ipv4,malicious-ip,medium,WHITE,ziyadnz/hourly-ipv4,ziyadnz|hourly,2026-08-17T18:48:05Z,2026-08-17T18:48:05Z,
115.55.251.249,ipv4,malicious-ip,medium,WHITE,ziyadnz/hourly-ipv4,ziyadnz|hourly,2026-08-17T18:48:05Z,2026-08-17T18:48:05Z,
115.55.36.247,ipv4,malicious-ip,medium,WHITE,ziyadnz/hourly-ipv4,ziyadnz|hourly,2026-08-17T18:48:05Z,2026-08-17T18:48:05Z,
115.55.7.64,ipv4,malicious-ip,medium,WHITE,ziyadnz/hourly-ipv4,ziyadnz|hourly,2026-08-17T18:48:05Z,2026-08-17T18:48:05Z,
115.55.8.188,ipv4,malicious-ip,medium,WHITE,ziyadnz/hourly-ipv4,ziyadnz|hourly,2026-08-17T18:48:05Z,2026-08-17T18:48:05Z,
115.56.129.11,ipv4,malicious-ip,medium,WHITE,ziyadnz/hourly-ipv4,ziyadnz|hourly,2026-08-17T18:48:05Z,2026-08-17T18:48:05Z,
115.56.153.167,ipv4,malicious-ip,medium,WHITE,ziyadnz/hourly-ipv4,ziyadnz|hourly,2026-08-17T18:48:05Z,2026-08-17T18:48:05Z,
115.56.166.214,ipv4,malicious-ip,medium,WHITE,ziyadnz/hourly-ipv4,ziyadnz|hourly,2026-08-17T18:48:05Z,2026-08-17T18:48:05Z,
115.56.170.22,ipv4,malicious-ip,medium,WHITE,ziyadnz/hourly-ipv4,ziyadnz|hourly,2026-08-17T18:48:05Z,2026-08-17T18:48:05Z,
115.57.192.44,ipv4,malicious-ip,medium,WHITE,ziyadnz/hourly-ipv4,ziyadnz|hourly,2026-08-17T18:48:05Z,2026-08-17T18:48:05Z,
115.57.199.46,ipv4,malicious-ip,medium,WHITE,ziyadnz/hourly-ipv4,ziyadnz|hourly,2026-08-17T18:48:05Z,2026-08-17T18:48:05Z,
115.57.86.139,ipv4,malicious-ip,medium,WHITE,ziyadnz/hourly-ipv4,ziyadnz|hourly,2026-08-17T18:48:05Z,2026-08-17T18:48:05Z,
115.58.127.125,ipv4,malicious-ip,medium,WHITE,ziyadnz/hourly-ipv4,ziyadnz|hourly,2026-08-17T18:48:05Z,2026-08-17T18:48:05Z,
115.58.209.100,ipv4,malicious-ip,medium,WHITE,ziyadnz/hourly-ipv4,ziyadnz|hourly,2026-08-17T18:48:05Z,2026-08-17T18:48:05Z,
115.58.91.86,ipv4,malicious-ip,medium,WHITE,ziyadnz/hourly-ipv4,ziyadnz|hourly,2026-08-17T18:48:05Z,2026-08-17T18:48:05Z,
115.59.127.243,ipv4,malicious-ip,medium,WHITE,ziyadnz/hourly-ipv4,ziyadnz|hourly,2026-08-17T18:48:05Z,2026-08-17T18:48:05Z,
115.61.107.172,ipv4,malicious-ip,medium,WHITE,ziyadnz/hourly-ipv4,ziyadnz|hourly,2026-08-17T18:48:05Z,2026-08-17T18:48:05Z,
115.61.111.209,ipv4,malicious-ip,medium,WHITE,ziyadnz/hourly-ipv4,ziyadnz|hourly,2026-08-17T18:48:05Z,2026-08-17T18:48:05Z,
115.61.189.132,ipv4,malicious-ip,medium,WHITE,ziyadnz/hourly-ipv4,ziyadnz|hourly,2026-08-17T18:48:05Z,2026-08-17T18:48:05Z,
115.61.86.131,ipv4,malicious-ip,medium,WHITE,ziyadnz/hourly-ipv4,ziyadnz|hourly,2026-08-17T18:48:05Z,2026-08-17T18:48:05Z,
115.62.113.210,ipv4,malicious-ip,medium,WHITE,ziyadnz/hourly-ipv4,ziyadnz|hourly,2026-08-17T18:48:05Z,2026-08-17T18:48:05Z,
115.62.118.213,ipv4,malicious-ip,medium,WHITE,ziyadnz/hourly-ipv4,ziyadnz|hourly,2026-08-17T18:48:05Z,2026-08-17T18:48:05Z,
115.62.20.190,ipv4,malicious-ip,medium,WHITE,ziyadnz/hourly-ipv4,ziyadnz|hourly,2026-08-17T18:48:05Z,2026-08-17T18:48:05Z,
115.65.84.145,ipv4,malicious-ip,medium,WHITE,ziyadnz/hourly-ipv4,ziyadnz|hourly,2026-08-17T18:48:05Z,2026-08-17T18:48:05Z,
115.65.93.179,ipv4,malicious-ip,medium,WHITE,ziyadnz/hourly-ipv4,ziyadnz|hourly,2026-08-17T18:48:05Z,2026-08-17T18:48:05Z,
115.68.226.124,ipv4,malicious-ip,medium,WHITE,ziyadnz/hourly-ipv4,ziyadnz|hourly,2026-08-17T18:48:05Z,2026-08-17T18:48:05Z,
115.69.211.19,ipv4,malicious-ip,medium,WHITE,ziyadnz/hourly-ipv4,ziyadnz|hourly,2026-08-17T18:48:05Z,2026-08-17T18:48:05Z,
115.70.31.124,ipv4,malicious-ip,medium,WHITE,ziyadnz/hourly-ipv4,ziyadnz|hourly,2026-08-17T18:48:05Z,2026-08-17T18:48:05Z,
115.70.50.137,ipv4,malicious-ip,medium,WHITE,ziyadnz/hourly-ipv4,ziyadnz|hourly,2026-08-17T18:48:05Z,2026-08-17T18:48:05Z,
115.70.99.0,ipv4,malicious-ip,medium,WHITE,ziyadnz/hourly-ipv4,ziyadnz|hourly,2026-08-17T18:48:05Z,2026-08-17T18:48:05Z,
115.73.174.57,ipv4,malicious-ip,medium,WHITE,ziyadnz/hourly-ipv4,ziyadnz|hourly,2026-08-17T18:48:05Z,2026-08-17T18:48:05Z,
115.73.208.73,ipv4,malicious-ip,medium,WHITE,ziyadnz/hourly-ipv4,ziyadnz|hourly,2026-08-17T18:48:05Z,2026-08-17T18:48:05Z,
115.73.211.79,ipv4,malicious-ip,medium,WHITE,ziyadnz/hourly-ipv4,ziyadnz|hourly,2026-08-17T18:48:05Z,2026-08-17T18:48:05Z,
115.73.220.226,ipv4,malicious-ip,medium,WHITE,ziyadnz/hourly-ipv4,ziyadnz|hourly,2026-08-17T18:48:05Z,2026-08-17T18:48:05Z,
115.74.152.117,ipv4,malicious-ip,medium,WHITE,ziyadnz/hourly-ipv4,ziyadnz|hourly,2026-08-17T18:48:05Z,2026-08-17T18:48:05Z,
115.75.1.214,ipv4,malicious-ip,medium,WHITE,ziyadnz/hourly-ipv4,ziyadnz|hourly,2026-08-17T18:48:05Z,2026-08-17T18:48:05Z,
115.75.144.120,ipv4,malicious-ip,medium,WHITE,ziyadnz/hourly-ipv4,ziyadnz|hourly,2026-08-17T18:48:05Z,2026-08-17T18:48:05Z,
115.75.18.93,ipv4,malicious-ip,medium,WHITE,ziyadnz/hourly-ipv4,ziyadnz|hourly,2026-08-17T18:48:05Z,2026-08-17T18:48:05Z,
115.75.187.106,ipv4,malicious-ip,medium,WHITE,ziyadnz/hourly-ipv4,ziyadnz|hourly,2026-08-17T18:48:05Z,2026-08-17T18:48:05Z,
115.75.216.227,ipv4,malicious-ip,medium,WHITE,ziyadnz/hourly-ipv4,ziyadnz|hourly,2026-08-17T18:48:05Z,2026-08-17T18:48:05Z,
115.75.62.101,ipv4,malicious-ip,medium,WHITE,ziyadnz/hourly-ipv4,ziyadnz|hourly,2026-08-17T18:48:05Z,2026-08-17T18:48:05Z,
115.77.111.246,ipv4,malicious-ip,medium,WHITE,ziyadnz/hourly-ipv4,ziyadnz|hourly,2026-08-17T18:48:05Z,2026-08-17T18:48:05Z,
115.77.97.146,ipv4,malicious-ip,medium,WHITE,ziyadnz/hourly-ipv4,ziyadnz|hourly,2026-08-17T18:48:05Z,2026-08-17T18:48:05Z,
115.78.0.210,ipv4,malicious-ip,medium,WHITE,ziyadnz/hourly-ipv4,ziyadnz|hourly,2026-08-17T18:48:05Z,2026-08-17T18:48:05Z,
115.78.225.181,ipv4,malicious-ip,medium,WHITE,ziyadnz/hourly-ipv4,ziyadnz|hourly,2026-08-17T18:48:05Z,2026-08-17T18:48:05Z,
115.78.226.174,ipv4,malicious-ip,medium,WHITE,ziyadnz/hourly-ipv4,ziyadnz|hourly,2026-08-17T18:48:05Z,2026-08-17T18:48:05Z,
115.79.125.54,ipv4,malicious-ip,medium,WHITE,ziyadnz/hourly-ipv4,ziyadnz|hourly,2026-08-17T18:48:05Z,2026-08-17T18:48:05Z,
115.79.196.94,ipv4,malicious-ip,medium,WHITE,ziyadnz/hourly-ipv4,ziyadnz|hourly,2026-08-17T18:48:05Z,2026-08-17T18:48:05Z,
115.79.228.208,ipv4,malicious-ip,medium,WHITE,ziyadnz/hourly-ipv4,ziyadnz|hourly,2026-08-17T18:48:05Z,2026-08-17T18:48:05Z,
115.79.24.90,ipv4,malicious-ip,medium,WHITE,ziyadnz/hourly-ipv4,ziyadnz|hourly,2026-08-17T18:48:05Z,2026-08-17T18:48:05Z,
115.79.36.12,ipv4,malicious-ip,medium,WHITE,ziyadnz/hourly-ipv4,ziyadnz|hourly,2026-08-17T18:48:05Z,2026-08-17T18:48:05Z,
115.79.6.164,ipv4,malicious-ip,medium,WHITE,ziyadnz/hourly-ipv4,ziyadnz|hourly,2026-08-17T18:48:05Z,2026-08-17T18:48:05Z,
115.79.7.47,ipv4,malicious-ip,medium,WHITE,ziyadnz/hourly-ipv4,ziyadnz|hourly,2026-08-17T18:48:05Z,2026-08-17T18:48:05Z,
115.84.114.84,ipv4,malicious-ip,medium,WHITE,ziyadnz/hourly-ipv4,ziyadnz|hourly,2026-08-17T18:48:05Z,2026-08-17T18:48:05Z,
115.84.178.56,ipv4,malicious-ip,medium,WHITE,ziyadnz/hourly-ipv4,ziyadnz|hourly,2026-08-17T18:48:05Z,2026-08-17T18:48:05Z,
115.84.183.240,ipv4,malicious-ip,medium,WHITE,ziyadnz/hourly-ipv4,ziyadnz|hourly,2026-08-17T18:48:05Z,2026-08-17T18:48:05Z,
115.84.76.34,ipv4,malicious-ip,medium,WHITE,ziyadnz/hourly-ipv4,ziyadnz|hourly,2026-08-17T18:48:05Z,2026-08-17T18:48:05Z,
115.84.87.150,ipv4,malicious-ip,medium,WHITE,ziyadnz/hourly-ipv4,ziyadnz|hourly,2026-08-17T18:48:05Z,2026-08-17T18:48:05Z,
115.84.92.211,ipv4,malicious-ip,medium,WHITE,ziyadnz/hourly-ipv4,ziyadnz|hourly,2026-08-17T18:48:05Z,2026-08-17T18:48:05Z,
115.85.243.85,ipv4,malicious-ip,medium,WHITE,ziyadnz/hourly-ipv4,ziyadnz|hourly,2026-08-17T18:48:05Z,2026-08-17T18:48:05Z,
115.85.80.12,ipv4,malicious-ip,medium,WHITE,ziyadnz/hourly-ipv4,ziyadnz|hourly,2026-08-17T18:48:05Z,2026-08-17T18:48:05Z,
115.86.198.149,ipv4,malicious-ip,medium,WHITE,ziyadnz/hourly-ipv4,ziyadnz|hourly,2026-08-17T18:48:05Z,2026-08-17T18:48:05Z,
115.86.227.79,ipv4,malicious-ip,medium,WHITE,ziyadnz/hourly-ipv4,ziyadnz|hourly,2026-08-17T18:48:05Z,2026-08-17T18:48:05Z,
115.88.48.171,ipv4,malicious-ip,medium,WHITE,ziyadnz/hourly-ipv4,ziyadnz|hourly,2026-08-17T18:48:05Z,2026-08-17T18:48:05Z,
115.94.121.82,ipv4,malicious-ip,medium,WHITE,ziyadnz/hourly-ipv4,ziyadnz|hourly,2026-08-17T18:48:05Z,2026-08-17T18:48:05Z,
115.95.23.226,ipv4,malicious-ip,medium,WHITE,ziyadnz/hourly-ipv4,ziyadnz|hourly,2026-08-17T18:48:05Z,2026-08-17T18:48:05Z,
115.95.83.169,ipv4,malicious-ip,medium,WHITE,ziyadnz/hourly-ipv4,ziyadnz|hourly,2026-08-17T18:48:05Z,2026-08-17T18:48:05Z,
115.96.114.120,ipv4,malicious-ip,medium,WHITE,ziyadnz/hourly-ipv4,ziyadnz|hourly,2026-08-17T18:48:05Z,2026-08-17T18:48:05Z,
115.96.15.7,ipv4,malicious-ip,medium,WHITE,ziyadnz/hourly-ipv4,ziyadnz|hourly,2026-08-17T18:48:05Z,2026-08-17T18:48:05Z,
115.96.208.115,ipv4,malicious-ip,medium,WHITE,ziyadnz/hourly-ipv4,ziyadnz|hourly,2026-08-17T18:48:05Z,2026-08-17T18:48:05Z,
115.96.27.126,ipv4,malicious-ip,medium,WHITE,ziyadnz/hourly-ipv4,ziyadnz|hourly,2026-08-17T18:48:05Z,2026-08-17T18:48:05Z,
115.97.103.114,ipv4,malicious-ip,medium,WHITE,ziyadnz/hourly-ipv4,ziyadnz|hourly,2026-08-17T18:48:05Z,2026-08-17T18:48:05Z,
115.97.255.48,ipv4,malicious-ip,medium,WHITE,ziyadnz/hourly-ipv4,ziyadnz|hourly,2026-08-17T18:48:05Z,2026-08-17T18:48:05Z,
115.98.152.185,ipv4,malicious-ip,medium,WHITE,ziyadnz/hourly-ipv4,ziyadnz|hourly,2026-08-17T18:48:05Z,2026-08-17T18:48:05Z,
115.98.186.180,ipv4,malicious-ip,medium,WHITE,ziyadnz/hourly-ipv4,ziyadnz|hourly,2026-08-17T18:48:05Z,2026-08-17T18:48:05Z,
115.98.2.246,ipv4,malicious-ip,medium,WHITE,ziyadnz/hourly-ipv4,ziyadnz|hourly,2026-08-17T18:48:05Z,2026-08-17T18:48:05Z,
115.99.188.137,ipv4,malicious-ip,medium,WHITE,ziyadnz/hourly-ipv4,ziyadnz|hourly,2026-08-17T18:48:05Z,2026-08-17T18:48:05Z,
116.0.3.246,ipv4,malicious-ip,medium,WHITE,ziyadnz/hourly-ipv4,ziyadnz|hourly,2026-08-17T18:48:05Z,2026-08-17T18:48:05Z,
116.0.53.140,ipv4,malicious-ip,medium,WHITE,ziyadnz/hourly-ipv4,ziyadnz|hourly,2026-08-17T18:48:05Z,2026-08-17T18:48:05Z,
116.0.54.55,ipv4,malicious-ip,medium,WHITE,ziyadnz/hourly-ipv4,ziyadnz|hourly,2026-08-17T18:48:05Z,2026-08-17T18:48:05Z,
116.1.72.119,ipv4,malicious-ip,medium,WHITE,ziyadnz/hourly-ipv4,ziyadnz|hourly,2026-08-17T18:48:05Z,2026-08-17T18:48:05Z,
116.10.202.60,ipv4,malicious-ip,medium,WHITE,ziyadnz/hourly-ipv4,ziyadnz|hourly,2026-08-17T18:48:05Z,2026-08-17T18:48:05Z,
116.102.101.2,ipv4,malicious-ip,medium,WHITE,ziyadnz/hourly-ipv4,ziyadnz|hourly,2026-08-17T18:48:05Z,2026-08-17T18:48:05Z,
116.102.188.155,ipv4,malicious-ip,medium,WHITE,ziyadnz/hourly-ipv4,ziyadnz|hourly,2026-08-17T18:48:05Z,2026-08-17T18:48:05Z,
116.103.230.94,ipv4,malicious-ip,medium,WHITE,ziyadnz/hourly-ipv4,ziyadnz|hourly,2026-08-17T18:48:05Z,2026-08-17T18:48:05Z,
116.104.51.90,ipv4,malicious-ip,medium,WHITE,ziyadnz/hourly-ipv4,ziyadnz|hourly,2026-08-17T18:48:05Z,2026-08-17T18:48:05Z,
116.105.166.148,ipv4,malicious-ip,medium,WHITE,ziyadnz/hourly-ipv4,ziyadnz|hourly,2026-08-17T18:48:05Z,2026-08-17T18:48:05Z,
116.105.226.187,ipv4,malicious-ip,medium,WHITE,ziyadnz/hourly-ipv4,ziyadnz|hourly,2026-08-17T18:48:05Z,2026-08-17T18:48:05Z,
116.105.73.162,ipv4,malicious-ip,medium,WHITE,ziyadnz/hourly-ipv4,ziyadnz|hourly,2026-08-17T18:48:05Z,2026-08-17T18:48:05Z,
116.107.214.100,ipv4,malicious-ip,medium,WHITE,ziyadnz/hourly-ipv4,ziyadnz|hourly,2026-08-17T18:48:05Z,2026-08-17T18:48:05Z,
116.109.110.164,ipv4,malicious-ip,medium,WHITE,ziyadnz/hourly-ipv4,ziyadnz|hourly,2026-08-17T18:48:05Z,2026-08-17T18:48:05Z,
116.109.8.27,ipv4,malicious-ip,medium,WHITE,ziyadnz/hourly-ipv4,ziyadnz|hourly,2026-08-17T18:48:05Z,2026-08-17T18:48:05Z,
116.110.0.194,ipv4,malicious-ip,medium,WHITE,ziyadnz/hourly-ipv4,ziyadnz|hourly,2026-08-17T18:48:05Z,2026-08-17T18:48:05Z,
116.110.0.212,ipv4,malicious-ip,medium,WHITE,ziyadnz/hourly-ipv4,ziyadnz|hourly,2026-08-17T18:48:05Z,2026-08-17T18:48:05Z,
116.110.1.47,ipv4,malicious-ip,medium,WHITE,ziyadnz/hourly-ipv4,ziyadnz|hourly,2026-08-17T18:48:05Z,2026-08-17T18:48:05Z,
116.110.1.58,ipv4,malicious-ip,medium,WHITE,ziyadnz/hourly-ipv4,ziyadnz|hourly,2026-08-17T18:48:05Z,2026-08-17T18:48:05Z,
116.110.10.92,ipv4,malicious-ip,medium,WHITE,ziyadnz/hourly-ipv4,ziyadnz|hourly,2026-08-17T18:48:05Z,2026-08-17T18:48:05Z,
116.110.10.97,ipv4,malicious-ip,medium,WHITE,ziyadnz/hourly-ipv4,ziyadnz|hourly,2026-08-17T18:48:05Z,2026-08-17T18:48:05Z,
116.110.11.153,ipv4,malicious-ip,medium,WHITE,ziyadnz/hourly-ipv4,ziyadnz|hourly,2026-08-17T18:48:05Z,2026-08-17T18:48:05Z,
116.110.12.191,ipv4,malicious-ip,medium,WHITE,ziyadnz/hourly-ipv4,ziyadnz|hourly,2026-08-17T18:48:05Z,2026-08-17T18:48:05Z,
116.110.12.59,ipv4,malicious-ip,medium,WHITE,ziyadnz/hourly-ipv4,ziyadnz|hourly,2026-08-17T18:48:05Z,2026-08-17T18:48:05Z,
116.110.13.132,ipv4,malicious-ip,medium,WHITE,ziyadnz/hourly-ipv4,ziyadnz|hourly,2026-08-17T18:48:05Z,2026-08-17T18:48:05Z,
116.110.13.200,ipv4,malicious-ip,medium,WHITE,ziyadnz/hourly-ipv4,ziyadnz|hourly,2026-08-17T18:48:05Z,2026-08-17T18:48:05Z,
116.110.13.26,ipv4,malicious-ip,medium,WHITE,ziyadnz/hourly-ipv4,ziyadnz|hourly,2026-08-17T18:48:05Z,2026-08-17T18:48:05Z,
116.110.14.224,ipv4,malicious-ip,medium,WHITE,ziyadnz/hourly-ipv4,ziyadnz|hourly,2026-08-17T18:48:05Z,2026-08-17T18:48:05Z,
116.110.144.207,ipv4,malicious-ip,medium,WHITE,ziyadnz/hourly-ipv4,ziyadnz|hourly,2026-08-17T18:48:05Z,2026-08-17T18:48:05Z,
116.110.144.228,ipv4,malicious-ip,medium,WHITE,ziyadnz/hourly-ipv4,ziyadnz|hourly,2026-08-17T18:48:05Z,2026-08-17T18:48:05Z,
116.110.146.110,ipv4,malicious-ip,medium,WHITE,ziyadnz/hourly-ipv4,ziyadnz|hourly,2026-08-17T18:48:05Z,2026-08-17T18:48:05Z,
116.110.146.207,ipv4,malicious-ip,medium,WHITE,ziyadnz/hourly-ipv4,ziyadnz|hourly,2026-08-17T18:48:05Z,2026-08-17T18:48:05Z,
116.110.146.225,ipv4,malicious-ip,medium,WHITE,ziyadnz/hourly-ipv4,ziyadnz|hourly,2026-08-17T18:48:05Z,2026-08-17T18:48:05Z,
116.110.146.60,ipv4,malicious-ip,medium,WHITE,ziyadnz/hourly-ipv4,ziyadnz|hourly,2026-08-17T18:48:05Z,2026-08-17T18:48:05Z,
116.110.147.130,ipv4,malicious-ip,medium,WHITE,ziyadnz/hourly-ipv4,ziyadnz|hourly,2026-08-17T18:48:05Z,2026-08-17T18:48:05Z,
116.110.148.164,ipv4,malicious-ip,medium,WHITE,ziyadnz/hourly-ipv4,ziyadnz|hourly,2026-08-17T18:48:05Z,2026-08-17T18:48:05Z,
116.110.149.136,ipv4,malicious-ip,medium,WHITE,ziyadnz/hourly-ipv4,ziyadnz|hourly,2026-08-17T18:48:05Z,2026-08-17T18:48:05Z,
116.110.149.203,ipv4,malicious-ip,medium,WHITE,ziyadnz/hourly-ipv4,ziyadnz|hourly,2026-08-17T18:48:05Z,2026-08-17T18:48:05Z,
116.110.149.210,ipv4,malicious-ip,medium,WHITE,ziyadnz/hourly-ipv4,ziyadnz|hourly,2026-08-17T18:48:05Z,2026-08-17T18:48:05Z,
116.110.15.138,ipv4,malicious-ip,medium,WHITE,ziyadnz/hourly-ipv4,ziyadnz|hourly,2026-08-17T18:48:05Z,2026-08-17T18:48:05Z,
116.110.15.176,ipv4,malicious-ip,medium,WHITE,ziyadnz/hourly-ipv4,ziyadnz|hourly,2026-08-17T18:48:05Z,2026-08-17T18:48:05Z,
116.110.150.12,ipv4,malicious-ip,medium,WHITE,ziyadnz/hourly-ipv4,ziyadnz|hourly,2026-08-17T18:48:05Z,2026-08-17T18:48:05Z,
116.110.150.21,ipv4,malicious-ip,medium,WHITE,ziyadnz/hourly-ipv4,ziyadnz|hourly,2026-08-17T18:48:05Z,2026-08-17T18:48:05Z,
116.110.150.47,ipv4,malicious-ip,medium,WHITE,ziyadnz/hourly-ipv4,ziyadnz|hourly,2026-08-17T18:48:05Z,2026-08-17T18:48:05Z,
116.110.151.17,ipv4,malicious-ip,medium,WHITE,ziyadnz/hourly-ipv4,ziyadnz|hourly,2026-08-17T18:48:05Z,2026-08-17T18:48:05Z,
116.110.151.214,ipv4,malicious-ip,medium,WHITE,ziyadnz/hourly-ipv4,ziyadnz|hourly,2026-08-17T18:48:05Z,2026-08-17T18:48:05Z,
116.110.151.7,ipv4,malicious-ip,medium,WHITE,ziyadnz/hourly-ipv4,ziyadnz|hourly,2026-08-17T18:48:05Z,2026-08-17T18:48:05Z,
116.110.152.230,ipv4,malicious-ip,medium,WHITE,ziyadnz/hourly-ipv4,ziyadnz|hourly,2026-08-17T18:48:05Z,2026-08-17T18:48:05Z,
116.110.152.36,ipv4,malicious-ip,medium,WHITE,ziyadnz/hourly-ipv4,ziyadnz|hourly,2026-08-17T18:48:05Z,2026-08-17T18:48:05Z,
116.110.153.14,ipv4,malicious-ip,medium,WHITE,ziyadnz/hourly-ipv4,ziyadnz|hourly,2026-08-17T18:48:05Z,2026-08-17T18:48:05Z,
116.110.153.162,ipv4,malicious-ip,medium,WHITE,ziyadnz/hourly-ipv4,ziyadnz|hourly,2026-08-17T18:48:05Z,2026-08-17T18:48:05Z,
116.110.154.190,ipv4,malicious-ip,medium,WHITE,ziyadnz/hourly-ipv4,ziyadnz|hourly,2026-08-17T18:48:05Z,2026-08-17T18:48:05Z,
116.110.154.228,ipv4,malicious-ip,medium,WHITE,ziyadnz/hourly-ipv4,ziyadnz|hourly,2026-08-17T18:48:05Z,2026-08-17T18:48:05Z,
116.110.154.248,ipv4,malicious-ip,medium,WHITE,ziyadnz/hourly-ipv4,ziyadnz|hourly,2026-08-17T18:48:05Z,2026-08-17T18:48:05Z,
116.110.154.55,ipv4,malicious-ip,medium,WHITE,ziyadnz/hourly-ipv4,ziyadnz|hourly,2026-08-17T18:48:05Z,2026-08-17T18:48:05Z,
116.110.155.201,ipv4,malicious-ip,medium,WHITE,ziyadnz/hourly-ipv4,ziyadnz|hourly,2026-08-17T18:48:05Z,2026-08-17T18:48:05Z,
116.110.156.145,ipv4,malicious-ip,medium,WHITE,ziyadnz/hourly-ipv4,ziyadnz|hourly,2026-08-17T18:48:05Z,2026-08-17T18:48:05Z,
116.110.156.204,ipv4,malicious-ip,medium,WHITE,ziyadnz/hourly-ipv4,ziyadnz|hourly,2026-08-17T18:48:05Z,2026-08-17T18:48:05Z,
116.110.156.65,ipv4,malicious-ip,medium,WHITE,ziyadnz/hourly-ipv4,ziyadnz|hourly,2026-08-17T18:48:05Z,2026-08-17T18:48:05Z,
116.110.157.102,ipv4,malicious-ip,medium,WHITE,ziyadnz/hourly-ipv4,ziyadnz|hourly,2026-08-17T18:48:05Z,2026-08-17T18:48:05Z,
116.110.157.240,ipv4,malicious-ip,medium,WHITE,ziyadnz/hourly-ipv4,ziyadnz|hourly,2026-08-17T18:48:05Z,2026-08-17T18:48:05Z,
116.110.16.125,ipv4,malicious-ip,medium,WHITE,ziyadnz/hourly-ipv4,ziyadnz|hourly,2026-08-17T18:48:05Z,2026-08-17T18:48:05Z,
116.110.16.144,ipv4,malicious-ip,medium,WHITE,ziyadnz/hourly-ipv4,ziyadnz|hourly,2026-08-17T18:48:05Z,2026-08-17T18:48:05Z,
116.110.16.78,ipv4,malicious-ip,medium,WHITE,ziyadnz/hourly-ipv4,ziyadnz|hourly,2026-08-17T18:48:05Z,2026-08-17T18:48:05Z,
116.110.18.142,ipv4,malicious-ip,medium,WHITE,ziyadnz/hourly-ipv4,ziyadnz|hourly,2026-08-17T18:48:05Z,2026-08-17T18:48:05Z,
116.110.18.236,ipv4,malicious-ip,medium,WHITE,ziyadnz/hourly-ipv4,ziyadnz|hourly,2026-08-17T18:48:05Z,2026-08-17T18:48:05Z,
116.110.19.144,ipv4,malicious-ip,medium,WHITE,ziyadnz/hourly-ipv4,ziyadnz|hourly,2026-08-17T18:48:05Z,2026-08-17T18:48:05Z,
116.110.2.152,ipv4,malicious-ip,medium,WHITE,ziyadnz/hourly-ipv4,ziyadnz|hourly,2026-08-17T18:48:05Z,2026-08-17T18:48:05Z,
116.110.2.41,ipv4,malicious-ip,medium,WHITE,ziyadnz/hourly-ipv4,ziyadnz|hourly,2026-08-17T18:48:05Z,2026-08-17T18:48:05Z,
116.110.20.29,ipv4,malicious-ip,medium,WHITE,ziyadnz/hourly-ipv4,ziyadnz|hourly,2026-08-17T18:48:05Z,2026-08-17T18:48:05Z,
116.110.20.90,ipv4,malicious-ip,medium,WHITE,ziyadnz/hourly-ipv4,ziyadnz|hourly,2026-08-17T18:48:05Z,2026-08-17T18:48:05Z,
116.110.209.0,ipv4,malicious-ip,medium,WHITE,ziyadnz/hourly-ipv4,ziyadnz|hourly,2026-08-17T18:48:05Z,2026-08-17T18:48:05Z,
116.110.209.252,ipv4,malicious-ip,medium,WHITE,ziyadnz/hourly-ipv4,ziyadnz|hourly,2026-08-17T18:48:05Z,2026-08-17T18:48:05Z,
116.110.21.193,ipv4,malicious-ip,medium,WHITE,ziyadnz/hourly-ipv4,ziyadnz|hourly,2026-08-17T18:48:05Z,2026-08-17T18:48:05Z,
116.110.21.70,ipv4,malicious-ip,medium,WHITE,ziyadnz/hourly-ipv4,ziyadnz|hourly,2026-08-17T18:48:05Z,2026-08-17T18:48:05Z,
116.110.210.160,ipv4,malicious-ip,medium,WHITE,ziyadnz/hourly-ipv4,ziyadnz|hourly,2026-08-17T18:48:05Z,2026-08-17T18:48:05Z,
116.110.211.0,ipv4,malicious-ip,medium,WHITE,ziyadnz/hourly-ipv4,ziyadnz|hourly,2026-08-17T18:48:05Z,2026-08-17T18:48:05Z,
116.110.211.114,ipv4,malicious-ip,medium,WHITE,ziyadnz/hourly-ipv4,ziyadnz|hourly,2026-08-17T18:48:05Z,2026-08-17T18:48:05Z,
116.110.211.135,ipv4,malicious-ip,medium,WHITE,ziyadnz/hourly-ipv4,ziyadnz|hourly,2026-08-17T18:48:05Z,2026-08-17T18:48:05Z,
116.110.211.213,ipv4,malicious-ip,medium,WHITE,ziyadnz/hourly-ipv4,ziyadnz|hourly,2026-08-17T18:48:05Z,2026-08-17T18:48:05Z,
116.110.211.22,ipv4,malicious-ip,medium,WHITE,ziyadnz/hourly-ipv4,ziyadnz|hourly,2026-08-17T18:48:05Z,2026-08-17T18:48:05Z,
116.110.211.28,ipv4,malicious-ip,medium,WHITE,ziyadnz/hourly-ipv4,ziyadnz|hourly,2026-08-17T18:48:05Z,2026-08-17T18:48:05Z,
116.110.212.106,ipv4,malicious-ip,medium,WHITE,ziyadnz/hourly-ipv4,ziyadnz|hourly,2026-08-17T18:48:05Z,2026-08-17T18:48:05Z,
116.110.212.137,ipv4,malicious-ip,medium,WHITE,ziyadnz/hourly-ipv4,ziyadnz|hourly,2026-08-17T18:48:05Z,2026-08-17T18:48:05Z,
116.110.212.229,ipv4,malicious-ip,medium,WHITE,ziyadnz/hourly-ipv4,ziyadnz|hourly,2026-08-17T18:48:05Z,2026-08-17T18:48:05Z,
116.110.213.144,ipv4,malicious-ip,medium,WHITE,ziyadnz/hourly-ipv4,ziyadnz|hourly,2026-08-17T18:48:05Z,2026-08-17T18:48:05Z,
116.110.213.148,ipv4,malicious-ip,medium,WHITE,ziyadnz/hourly-ipv4,ziyadnz|hourly,2026-08-17T18:48:05Z,2026-08-17T18:48:05Z,
116.110.213.18,ipv4,malicious-ip,medium,WHITE,ziyadnz/hourly-ipv4,ziyadnz|hourly,2026-08-17T18:48:05Z,2026-08-17T18:48:05Z,
116.110.214.238,ipv4,malicious-ip,medium,WHITE,ziyadnz/hourly-ipv4,ziyadnz|hourly,2026-08-17T18:48:05Z,2026-08-17T18:48:05Z,
116.110.215.128,ipv4,malicious-ip,medium,WHITE,ziyadnz/hourly-ipv4,ziyadnz|hourly,2026-08-17T18:48:05Z,2026-08-17T18:48:05Z,
116.110.215.21,ipv4,malicious-ip,medium,WHITE,ziyadnz/hourly-ipv4,ziyadnz|hourly,2026-08-17T18:48:05Z,2026-08-17T18:48:05Z,
116.110.215.34,ipv4,malicious-ip,medium,WHITE,ziyadnz/hourly-ipv4,ziyadnz|hourly,2026-08-17T18:48:05Z,2026-08-17T18:48:05Z,
116.110.215.74,ipv4,malicious-ip,medium,WHITE,ziyadnz/hourly-ipv4,ziyadnz|hourly,2026-08-17T18:48:05Z,2026-08-17T18:48:05Z,
116.110.216.166,ipv4,malicious-ip,medium,WHITE,ziyadnz/hourly-ipv4,ziyadnz|hourly,2026-08-17T18:48:05Z,2026-08-17T18:48:05Z,
116.110.218.160,ipv4,malicious-ip,medium,WHITE,ziyadnz/hourly-ipv4,ziyadnz|hourly,2026-08-17T18:48:05Z,2026-08-17T18:48:05Z,
116.110.218.171,ipv4,malicious-ip,medium,WHITE,ziyadnz/hourly-ipv4,ziyadnz|hourly,2026-08-17T18:48:05Z,2026-08-17T18:48:05Z,
116.110.218.192,ipv4,malicious-ip,medium,WHITE,ziyadnz/hourly-ipv4,ziyadnz|hourly,2026-08-17T18:48:05Z,2026-08-17T18:48:05Z,
116.110.218.253,ipv4,malicious-ip,medium,WHITE,ziyadnz/hourly-ipv4,ziyadnz|hourly,2026-08-17T18:48:05Z,2026-08-17T18:48:05Z,
116.110.219.35,ipv4,malicious-ip,medium,WHITE,ziyadnz/hourly-ipv4,ziyadnz|hourly,2026-08-17T18:48:05Z,2026-08-17T18:48:05Z,
116.110.22.13,ipv4,malicious-ip,medium,WHITE,ziyadnz/hourly-ipv4,ziyadnz|hourly,2026-08-17T18:48:05Z,2026-08-17T18:48:05Z,
116.110.220.100,ipv4,malicious-ip,medium,WHITE,ziyadnz/hourly-ipv4,ziyadnz|hourly,2026-08-17T18:48:05Z,2026-08-17T18:48:05Z,
116.110.220.211,ipv4,malicious-ip,medium,WHITE,ziyadnz/hourly-ipv4,ziyadnz|hourly,2026-08-17T18:48:05Z,2026-08-17T18:48:05Z,
116.110.220.216,ipv4,malicious-ip,medium,WHITE,ziyadnz/hourly-ipv4,ziyadnz|hourly,2026-08-17T18:48:05Z,2026-08-17T18:48:05Z,
116.110.220.29,ipv4,malicious-ip,medium,WHITE,ziyadnz/hourly-ipv4,ziyadnz|hourly,2026-08-17T18:48:05Z,2026-08-17T18:48:05Z,
116.110.221.43,ipv4,malicious-ip,medium,WHITE,ziyadnz/hourly-ipv4,ziyadnz|hourly,2026-08-17T18:48:05Z,2026-08-17T18:48:05Z,
116.110.223.152,ipv4,malicious-ip,medium,WHITE,ziyadnz/hourly-ipv4,ziyadnz|hourly,2026-08-17T18:48:05Z,2026-08-17T18:48:05Z,
116.110.223.202,ipv4,malicious-ip,medium,WHITE,ziyadnz/hourly-ipv4,ziyadnz|hourly,2026-08-17T18:48:05Z,2026-08-17T18:48:05Z,
116.110.223.68,ipv4,malicious-ip,medium,WHITE,ziyadnz/hourly-ipv4,ziyadnz|hourly,2026-08-17T18:48:05Z,2026-08-17T18:48:05Z,
116.110.223.79,ipv4,malicious-ip,medium,WHITE,ziyadnz/hourly-ipv4,ziyadnz|hourly,2026-08-17T18:48:05Z,2026-08-17T18:48:05Z,
116.110.23.194,ipv4,malicious-ip,medium,WHITE,ziyadnz/hourly-ipv4,ziyadnz|hourly,2026-08-17T18:48:05Z,2026-08-17T18:48:05Z,
116.110.23.20,ipv4,malicious-ip,medium,WHITE,ziyadnz/hourly-ipv4,ziyadnz|hourly,2026-08-17T18:48:05Z,2026-08-17T18:48:05Z,
116.110.25.50,ipv4,malicious-ip,medium,WHITE,ziyadnz/hourly-ipv4,ziyadnz|hourly,2026-08-17T18:48:05Z,2026-08-17T18:48:05Z,
116.110.3.167,ipv4,malicious-ip,medium,WHITE,ziyadnz/hourly-ipv4,ziyadnz|hourly,2026-08-17T18:48:05Z,2026-08-17T18:48:05Z,
116.110.3.177,ipv4,malicious-ip,medium,WHITE,ziyadnz/hourly-ipv4,ziyadnz|hourly,2026-08-17T18:48:05Z,2026-08-17T18:48:05Z,
116.110.3.92,ipv4,malicious-ip,medium,WHITE,ziyadnz/hourly-ipv4,ziyadnz|hourly,2026-08-17T18:48:05Z,2026-08-17T18:48:05Z,
116.110.4.134,ipv4,malicious-ip,medium,WHITE,ziyadnz/hourly-ipv4,ziyadnz|hourly,2026-08-17T18:48:05Z,2026-08-17T18:48:05Z,
116.110.4.186,ipv4,malicious-ip,medium,WHITE,ziyadnz/hourly-ipv4,ziyadnz|hourly,2026-08-17T18:48:05Z,2026-08-17T18:48:05Z,
116.110.4.41,ipv4,malicious-ip,medium,WHITE,ziyadnz/hourly-ipv4,ziyadnz|hourly,2026-08-17T18:48:05Z,2026-08-17T18:48:05Z,
116.110.47.114,ipv4,malicious-ip,medium,WHITE,ziyadnz/hourly-ipv4,ziyadnz|hourly,2026-08-17T18:48:05Z,2026-08-17T18:48:05Z,
116.110.6.146,ipv4,malicious-ip,medium,WHITE,ziyadnz/hourly-ipv4,ziyadnz|hourly,2026-08-17T18:48:05Z,2026-08-17T18:48:05Z,
116.110.6.44,ipv4,malicious-ip,medium,WHITE,ziyadnz/hourly-ipv4,ziyadnz|hourly,2026-08-17T18:48:05Z,2026-08-17T18:48:05Z,
116.110.6.98,ipv4,malicious-ip,medium,WHITE,ziyadnz/hourly-ipv4,ziyadnz|hourly,2026-08-17T18:48:05Z,2026-08-17T18:48:05Z,
116.110.7.165,ipv4,malicious-ip,medium,WHITE,ziyadnz/hourly-ipv4,ziyadnz|hourly,2026-08-17T18:48:05Z,2026-08-17T18:48:05Z,
116.110.7.66,ipv4,malicious-ip,medium,WHITE,ziyadnz/hourly-ipv4,ziyadnz|hourly,2026-08-17T18:48:05Z,2026-08-17T18:48:05Z,
116.110.8.105,ipv4,malicious-ip,medium,WHITE,ziyadnz/hourly-ipv4,ziyadnz|hourly,2026-08-17T18:48:05Z,2026-08-17T18:48:05Z,
116.110.8.223,ipv4,malicious-ip,medium,WHITE,ziyadnz/hourly-ipv4,ziyadnz|hourly,2026-08-17T18:48:05Z,2026-08-17T18:48:05Z,
116.113.124.254,ipv4,malicious-ip,medium,WHITE,ziyadnz/hourly-ipv4,ziyadnz|hourly,2026-08-17T18:48:05Z,2026-08-17T18:48:05Z,
116.114.230.7,ipv4,malicious-ip,medium,WHITE,ziyadnz/hourly-ipv4,ziyadnz|hourly,2026-08-17T18:48:05Z,2026-08-17T18:48:05Z,
116.116.80.73,ipv4,malicious-ip,medium,WHITE,ziyadnz/hourly-ipv4,ziyadnz|hourly,2026-08-17T18:48:05Z,2026-08-17T18:48:05Z,
116.118.119.233,ipv4,malicious-ip,medium,WHITE,ziyadnz/hourly-ipv4,ziyadnz|hourly,2026-08-17T18:48:05Z,2026-08-17T18:48:05Z,
116.118.244.248,ipv4,malicious-ip,medium,WHITE,ziyadnz/hourly-ipv4,ziyadnz|hourly,2026-08-17T18:48:05Z,2026-08-17T18:48:05Z,
116.118.44.131,ipv4,malicious-ip,medium,WHITE,ziyadnz/hourly-ipv4,ziyadnz|hourly,2026-08-17T18:48:05Z,2026-08-17T18:48:05Z,
116.118.96.196,ipv4,malicious-ip,medium,WHITE,ziyadnz/hourly-ipv4,ziyadnz|hourly,2026-08-17T18:48:05Z,2026-08-17T18:48:05Z,
116.120.97.12,ipv4,malicious-ip,medium,WHITE,ziyadnz/hourly-ipv4,ziyadnz|hourly,2026-08-17T18:48:05Z,2026-08-17T18:48:05Z,
116.123.150.72,ipv4,malicious-ip,medium,WHITE,ziyadnz/hourly-ipv4,ziyadnz|hourly,2026-08-17T18:48:05Z,2026-08-17T18:48:05Z,
116.125.120.27,ipv4,malicious-ip,medium,WHITE,ziyadnz/hourly-ipv4,ziyadnz|hourly,2026-08-17T18:48:05Z,2026-08-17T18:48:05Z,
116.131.168.86,ipv4,malicious-ip,medium,WHITE,ziyadnz/hourly-ipv4,ziyadnz|hourly,2026-08-17T18:48:05Z,2026-08-17T18:48:05Z,
116.131.185.74,ipv4,malicious-ip,medium,WHITE,ziyadnz/hourly-ipv4,ziyadnz|hourly,2026-08-17T18:48:05Z,2026-08-17T18:48:05Z,
116.132.246.112,ipv4,malicious-ip,medium,WHITE,ziyadnz/hourly-ipv4,ziyadnz|hourly,2026-08-17T18:48:05Z,2026-08-17T18:48:05Z,
116.132.37.226,ipv4,malicious-ip,medium,WHITE,ziyadnz/hourly-ipv4,ziyadnz|hourly,2026-08-17T18:48:05Z,2026-08-17T18:48:05Z,
116.136.46.209,ipv4,malicious-ip,medium,WHITE,ziyadnz/hourly-ipv4,ziyadnz|hourly,2026-08-17T18:48:05Z,2026-08-17T18:48:05Z,
116.138.20.67,ipv4,malicious-ip,medium,WHITE,ziyadnz/hourly-ipv4,ziyadnz|hourly,2026-08-17T18:48:05Z,2026-08-17T18:48:05Z,
116.139.4.45,ipv4,malicious-ip,medium,WHITE,ziyadnz/hourly-ipv4,ziyadnz|hourly,2026-08-17T18:48:05Z,2026-08-17T18:48:05Z,
116.14.123.250,ipv4,malicious-ip,medium,WHITE,ziyadnz/hourly-ipv4,ziyadnz|hourly,2026-08-17T18:48:05Z,2026-08-17T18:48:05Z,
116.140.159.243,ipv4,malicious-ip,medium,WHITE,ziyadnz/hourly-ipv4,ziyadnz|hourly,2026-08-17T18:48:05Z,2026-08-17T18:48:05Z,
116.142.67.210,ipv4,malicious-ip,medium,WHITE,ziyadnz/hourly-ipv4,ziyadnz|hourly,2026-08-17T18:48:05Z,2026-08-17T18:48:05Z,
116.142.69.42,ipv4,malicious-ip,medium,WHITE,ziyadnz/hourly-ipv4,ziyadnz|hourly,2026-08-17T18:48:05Z,2026-08-17T18:48:05Z,
116.147.39.113,ipv4,malicious-ip,medium,WHITE,ziyadnz/hourly-ipv4,ziyadnz|hourly,2026-08-17T18:48:05Z,2026-08-17T18:48:05Z,
116.147.40.93,ipv4,malicious-ip,medium,WHITE,ziyadnz/hourly-ipv4,ziyadnz|hourly,2026-08-17T18:48:05Z,2026-08-17T18:48:05Z,
116.147.67.5,ipv4,malicious-ip,medium,WHITE,ziyadnz/hourly-ipv4,ziyadnz|hourly,2026-08-17T18:48:05Z,2026-08-17T18:48:05Z,
116.148.226.140,ipv4,malicious-ip,medium,WHITE,ziyadnz/hourly-ipv4,ziyadnz|hourly,2026-08-17T18:48:05Z,2026-08-17T18:48:05Z,
116.148.76.131,ipv4,malicious-ip,medium,WHITE,ziyadnz/hourly-ipv4,ziyadnz|hourly,2026-08-17T18:48:05Z,2026-08-17T18:48:05Z,
116.149.146.241,ipv4,malicious-ip,medium,WHITE,ziyadnz/hourly-ipv4,ziyadnz|hourly,2026-08-17T18:48:05Z,2026-08-17T18:48:05Z,
116.149.149.81,ipv4,malicious-ip,medium,WHITE,ziyadnz/hourly-ipv4,ziyadnz|hourly,2026-08-17T18:48:05Z,2026-08-17T18:48:05Z,
116.149.88.148,ipv4,malicious-ip,medium,WHITE,ziyadnz/hourly-ipv4,ziyadnz|hourly,2026-08-17T18:48:05Z,2026-08-17T18:48:05Z,
116.16.107.217,ipv4,malicious-ip,medium,WHITE,ziyadnz/hourly-ipv4,ziyadnz|hourly,2026-08-17T18:48:05Z,2026-08-17T18:48:05Z,
116.16.188.58,ipv4,malicious-ip,medium,WHITE,ziyadnz/hourly-ipv4,ziyadnz|hourly,2026-08-17T18:48:05Z,2026-08-17T18:48:05Z,
116.167.202.246,ipv4,malicious-ip,medium,WHITE,ziyadnz/hourly-ipv4,ziyadnz|hourly,2026-08-17T18:48:05Z,2026-08-17T18:48:05Z,
116.167.4.155,ipv4,malicious-ip,medium,WHITE,ziyadnz/hourly-ipv4,ziyadnz|hourly,2026-08-17T18:48:05Z,2026-08-17T18:48:05Z,
116.167.94.132,ipv4,malicious-ip,medium,WHITE,ziyadnz/hourly-ipv4,ziyadnz|hourly,2026-08-17T18:48:05Z,2026-08-17T18:48:05Z,
116.168.104.85,ipv4,malicious-ip,medium,WHITE,ziyadnz/hourly-ipv4,ziyadnz|hourly,2026-08-17T18:48:05Z,2026-08-17T18:48:05Z,
116.171.162.64,ipv4,malicious-ip,medium,WHITE,ziyadnz/hourly-ipv4,ziyadnz|hourly,2026-08-17T18:48:05Z,2026-08-17T18:48:05Z,
116.171.167.70,ipv4,malicious-ip,medium,WHITE,ziyadnz/hourly-ipv4,ziyadnz|hourly,2026-08-17T18:48:05Z,2026-08-17T18:48:05Z,
116.171.29.163,ipv4,malicious-ip,medium,WHITE,ziyadnz/hourly-ipv4,ziyadnz|hourly,2026-08-17T18:48:05Z,2026-08-17T18:48:05Z,
116.172.248.234,ipv4,malicious-ip,medium,WHITE,ziyadnz/hourly-ipv4,ziyadnz|hourly,2026-08-17T18:48:05Z,2026-08-17T18:48:05Z,
116.172.251.0,ipv4,malicious-ip,medium,WHITE,ziyadnz/hourly-ipv4,ziyadnz|hourly,2026-08-17T18:48:05Z,2026-08-17T18:48:05Z,
116.176.119.167,ipv4,malicious-ip,medium,WHITE,ziyadnz/hourly-ipv4,ziyadnz|hourly,2026-08-17T18:48:05Z,2026-08-17T18:48:05Z,
116.176.19.199,ipv4,malicious-ip,medium,WHITE,ziyadnz/hourly-ipv4,ziyadnz|hourly,2026-08-17T18:48:05Z,2026-08-17T18:48:05Z,
116.177.172.108,ipv4,malicious-ip,medium,WHITE,ziyadnz/hourly-ipv4,ziyadnz|hourly,2026-08-17T18:48:05Z,2026-08-17T18:48:05Z,
116.177.172.111,ipv4,malicious-ip,medium,WHITE,ziyadnz/hourly-ipv4,ziyadnz|hourly,2026-08-17T18:48:05Z,2026-08-17T18:48:05Z,
116.177.172.47,ipv4,malicious-ip,medium,WHITE,ziyadnz/hourly-ipv4,ziyadnz|hourly,2026-08-17T18:48:05Z,2026-08-17T18:48:05Z,
116.177.173.223,ipv4,malicious-ip,medium,WHITE,ziyadnz/hourly-ipv4,ziyadnz|hourly,2026-08-17T18:48:05Z,2026-08-17T18:48:05Z,
116.178.133.236,ipv4,malicious-ip,medium,WHITE,ziyadnz/hourly-ipv4,ziyadnz|hourly,2026-08-17T18:48:05Z,2026-08-17T18:48:05Z,
116.178.134.239,ipv4,malicious-ip,medium,WHITE,ziyadnz/hourly-ipv4,ziyadnz|hourly,2026-08-17T18:48:05Z,2026-08-17T18:48:05Z,
116.178.135.236,ipv4,malicious-ip,medium,WHITE,ziyadnz/hourly-ipv4,ziyadnz|hourly,2026-08-17T18:48:05Z,2026-08-17T18:48:05Z,
116.181.10.110,ipv4,malicious-ip,medium,WHITE,ziyadnz/hourly-ipv4,ziyadnz|hourly,2026-08-17T18:48:05Z,2026-08-17T18:48:05Z,
116.181.10.189,ipv4,malicious-ip,medium,WHITE,ziyadnz/hourly-ipv4,ziyadnz|hourly,2026-08-17T18:48:05Z,2026-08-17T18:48:05Z,
116.181.10.190,ipv4,malicious-ip,medium,WHITE,ziyadnz/hourly-ipv4,ziyadnz|hourly,2026-08-17T18:48:05Z,2026-08-17T18:48:05Z,
116.181.11.147,ipv4,malicious-ip,medium,WHITE,ziyadnz/hourly-ipv4,ziyadnz|hourly,2026-08-17T18:48:05Z,2026-08-17T18:48:05Z,
116.181.11.15,ipv4,malicious-ip,medium,WHITE,ziyadnz/hourly-ipv4,ziyadnz|hourly,2026-08-17T18:48:05Z,2026-08-17T18:48:05Z,
116.181.16.129,ipv4,malicious-ip,medium,WHITE,ziyadnz/hourly-ipv4,ziyadnz|hourly,2026-08-17T18:48:05Z,2026-08-17T18:48:05Z,
116.181.16.138,ipv4,malicious-ip,medium,WHITE,ziyadnz/hourly-ipv4,ziyadnz|hourly,2026-08-17T18:48:05Z,2026-08-17T18:48:05Z,
116.181.16.159,ipv4,malicious-ip,medium,WHITE,ziyadnz/hourly-ipv4,ziyadnz|hourly,2026-08-17T18:48:05Z,2026-08-17T18:48:05Z,
116.181.16.25,ipv4,malicious-ip,medium,WHITE,ziyadnz/hourly-ipv4,ziyadnz|hourly,2026-08-17T18:48:05Z,2026-08-17T18:48:05Z,
116.181.16.88,ipv4,malicious-ip,medium,WHITE,ziyadnz/hourly-ipv4,ziyadnz|hourly,2026-08-17T18:48:05Z,2026-08-17T18:48:05Z,
116.181.17.132,ipv4,malicious-ip,medium,WHITE,ziyadnz/hourly-ipv4,ziyadnz|hourly,2026-08-17T18:48:05Z,2026-08-17T18:48:05Z,
116.181.17.196,ipv4,malicious-ip,medium,WHITE,ziyadnz/hourly-ipv4,ziyadnz|hourly,2026-08-17T18:48:05Z,2026-08-17T18:48:05Z,
116.181.17.222,ipv4,malicious-ip,medium,WHITE,ziyadnz/hourly-ipv4,ziyadnz|hourly,2026-08-17T18:48:05Z,2026-08-17T18:48:05Z,
116.181.18.132,ipv4,malicious-ip,medium,WHITE,ziyadnz/hourly-ipv4,ziyadnz|hourly,2026-08-17T18:48:05Z,2026-08-17T18:48:05Z,
116.181.18.204,ipv4,malicious-ip,medium,WHITE,ziyadnz/hourly-ipv4,ziyadnz|hourly,2026-08-17T18:48:05Z,2026-08-17T18:48:05Z,
116.181.18.58,ipv4,malicious-ip,medium,WHITE,ziyadnz/hourly-ipv4,ziyadnz|hourly,2026-08-17T18:48:05Z,2026-08-17T18:48:05Z,
116.181.19.195,ipv4,malicious-ip,medium,WHITE,ziyadnz/hourly-ipv4,ziyadnz|hourly,2026-08-17T18:48:05Z,2026-08-17T18:48:05Z,
116.182.13.167,ipv4,malicious-ip,medium,WHITE,ziyadnz/hourly-ipv4,ziyadnz|hourly,2026-08-17T18:48:05Z,2026-08-17T18:48:05Z,
116.193.128.110,ipv4,malicious-ip,medium,WHITE,ziyadnz/hourly-ipv4,ziyadnz|hourly,2026-08-17T18:48:05Z,2026-08-17T18:48:05Z,
116.193.139.134,ipv4,malicious-ip,medium,WHITE,ziyadnz/hourly-ipv4,ziyadnz|hourly,2026-08-17T18:48:05Z,2026-08-17T18:48:05Z,
116.193.191.104,ipv4,malicious-ip,medium,WHITE,ziyadnz/hourly-ipv4,ziyadnz|hourly,2026-08-17T18:48:05Z,2026-08-17T18:48:05Z,
116.193.191.169,ipv4,malicious-ip,medium,WHITE,ziyadnz/hourly-ipv4,ziyadnz|hourly,2026-08-17T18:48:05Z,2026-08-17T18:48:05Z,
116.196.121.44,ipv4,malicious-ip,medium,WHITE,ziyadnz/hourly-ipv4,ziyadnz|hourly,2026-08-17T18:48:05Z,2026-08-17T18:48:05Z,
116.197.133.25,ipv4,malicious-ip,medium,WHITE,ziyadnz/hourly-ipv4,ziyadnz|hourly,2026-08-17T18:48:05Z,2026-08-17T18:48:05Z,
116.197.133.90,ipv4,malicious-ip,medium,WHITE,ziyadnz/hourly-ipv4,ziyadnz|hourly,2026-08-17T18:48:05Z,2026-08-17T18:48:05Z,
116.199.207.88,ipv4,malicious-ip,medium,WHITE,ziyadnz/hourly-ipv4,ziyadnz|hourly,2026-08-17T18:48:05Z,2026-08-17T18:48:05Z,
116.20.161.223,ipv4,malicious-ip,medium,WHITE,ziyadnz/hourly-ipv4,ziyadnz|hourly,2026-08-17T18:48:05Z,2026-08-17T18:48:05Z,
116.202.102.79,ipv4,malicious-ip,medium,WHITE,ziyadnz/hourly-ipv4,ziyadnz|hourly,2026-08-17T18:48:05Z,2026-08-17T18:48:05Z,
116.202.114.227,ipv4,malicious-ip,medium,WHITE,ziyadnz/hourly-ipv4,ziyadnz|hourly,2026-08-17T18:48:05Z,2026-08-17T18:48:05Z,
116.202.188.155,ipv4,malicious-ip,medium,WHITE,ziyadnz/hourly-ipv4,ziyadnz|hourly,2026-08-17T18:48:05Z,2026-08-17T18:48:05Z,
116.202.20.68,ipv4,malicious-ip,medium,WHITE,ziyadnz/hourly-ipv4,ziyadnz|hourly,2026-08-17T18:48:05Z,2026-08-17T18:48:05Z,
116.202.208.125,ipv4,malicious-ip,medium,WHITE,ziyadnz/hourly-ipv4,ziyadnz|hourly,2026-08-17T18:48:05Z,2026-08-17T18:48:05Z,
116.202.22.202,ipv4,malicious-ip,medium,WHITE,ziyadnz/hourly-ipv4,ziyadnz|hourly,2026-08-17T18:48:05Z,2026-08-17T18:48:05Z,
116.202.23.243,ipv4,malicious-ip,medium,WHITE,ziyadnz/hourly-ipv4,ziyadnz|hourly,2026-08-17T18:48:05Z,2026-08-17T18:48:05Z,
116.202.233.49,ipv4,malicious-ip,medium,WHITE,ziyadnz/hourly-ipv4,ziyadnz|hourly,2026-08-17T18:48:05Z,2026-08-17T18:48:05Z,
116.202.5.235,ipv4,malicious-ip,medium,WHITE,ziyadnz/hourly-ipv4,ziyadnz|hourly,2026-08-17T18:48:05Z,2026-08-17T18:48:05Z,
116.203.104.203,ipv4,malicious-ip,medium,WHITE,ziyadnz/hourly-ipv4,ziyadnz|hourly,2026-08-17T18:48:05Z,2026-08-17T18:48:05Z,
116.203.126.161,ipv4,malicious-ip,medium,WHITE,ziyadnz/hourly-ipv4,ziyadnz|hourly,2026-08-17T18:48:05Z,2026-08-17T18:48:05Z,
116.203.138.135,ipv4,malicious-ip,medium,WHITE,ziyadnz/hourly-ipv4,ziyadnz|hourly,2026-08-17T18:48:05Z,2026-08-17T18:48:05Z,
116.203.156.114,ipv4,malicious-ip,medium,WHITE,ziyadnz/hourly-ipv4,ziyadnz|hourly,2026-08-17T18:48:05Z,2026-08-17T18:48:05Z,
116.203.164.1,ipv4,malicious-ip,medium,WHITE,ziyadnz/hourly-ipv4,ziyadnz|hourly,2026-08-17T18:48:05Z,2026-08-17T18:48:05Z,
116.203.167.36,ipv4,malicious-ip,medium,WHITE,ziyadnz/hourly-ipv4,ziyadnz|hourly,2026-08-17T18:48:05Z,2026-08-17T18:48:05Z,
116.203.185.229,ipv4,malicious-ip,medium,WHITE,ziyadnz/hourly-ipv4,ziyadnz|hourly,2026-08-17T18:48:05Z,2026-08-17T18:48:05Z,
116.203.186.178,ipv4,malicious-ip,medium,WHITE,ziyadnz/hourly-ipv4,ziyadnz|hourly,2026-08-17T18:48:05Z,2026-08-17T18:48:05Z,
116.203.194.188,ipv4,malicious-ip,medium,WHITE,ziyadnz/hourly-ipv4,ziyadnz|hourly,2026-08-17T18:48:05Z,2026-08-17T18:48:05Z,
116.203.2.149,ipv4,malicious-ip,medium,WHITE,ziyadnz/hourly-ipv4,ziyadnz|hourly,2026-08-17T18:48:05Z,2026-08-17T18:48:05Z,
116.203.204.171,ipv4,malicious-ip,medium,WHITE,ziyadnz/hourly-ipv4,ziyadnz|hourly,2026-08-17T18:48:05Z,2026-08-17T18:48:05Z,
116.203.243.208,ipv4,malicious-ip,medium,WHITE,ziyadnz/hourly-ipv4,ziyadnz|hourly,2026-08-17T18:48:05Z,2026-08-17T18:48:05Z,
116.203.252.67,ipv4,malicious-ip,medium,WHITE,ziyadnz/hourly-ipv4,ziyadnz|hourly,2026-08-17T18:48:05Z,2026-08-17T18:48:05Z,
116.203.35.117,ipv4,malicious-ip,medium,WHITE,ziyadnz/hourly-ipv4,ziyadnz|hourly,2026-08-17T18:48:05Z,2026-08-17T18:48:05Z,
116.203.47.229,ipv4,malicious-ip,medium,WHITE,ziyadnz/hourly-ipv4,ziyadnz|hourly,2026-08-17T18:48:05Z,2026-08-17T18:48:05Z,
116.203.61.78,ipv4,malicious-ip,medium,WHITE,ziyadnz/hourly-ipv4,ziyadnz|hourly,2026-08-17T18:48:05Z,2026-08-17T18:48:05Z,
116.203.73.240,ipv4,malicious-ip,medium,WHITE,ziyadnz/hourly-ipv4,ziyadnz|hourly,2026-08-17T18:48:05Z,2026-08-17T18:48:05Z,
116.203.84.47,ipv4,malicious-ip,medium,WHITE,ziyadnz/hourly-ipv4,ziyadnz|hourly,2026-08-17T18:48:05Z,2026-08-17T18:48:05Z,
116.204.174.116,ipv4,malicious-ip,medium,WHITE,ziyadnz/hourly-ipv4,ziyadnz|hourly,2026-08-17T18:48:05Z,2026-08-17T18:48:05Z,
116.204.2.154,ipv4,malicious-ip,medium,WHITE,ziyadnz/hourly-ipv4,ziyadnz|hourly,2026-08-17T18:48:05Z,2026-08-17T18:48:05Z,
116.204.228.103,ipv4,malicious-ip,medium,WHITE,ziyadnz/hourly-ipv4,ziyadnz|hourly,2026-08-17T18:48:05Z,2026-08-17T18:48:05Z,
116.204.45.40,ipv4,malicious-ip,medium,WHITE,ziyadnz/hourly-ipv4,ziyadnz|hourly,2026-08-17T18:48:05Z,2026-08-17T18:48:05Z,
116.206.122.2,ipv4,malicious-ip,medium,WHITE,ziyadnz/hourly-ipv4,ziyadnz|hourly,2026-08-17T18:48:05Z,2026-08-17T18:48:05Z,
116.206.174.136,ipv4,malicious-ip,medium,WHITE,ziyadnz/hourly-ipv4,ziyadnz|hourly,2026-08-17T18:48:05Z,2026-08-17T18:48:05Z,
116.206.192.69,ipv4,malicious-ip,medium,WHITE,ziyadnz/hourly-ipv4,ziyadnz|hourly,2026-08-17T18:48:05Z,2026-08-17T18:48:05Z,
116.206.193.34,ipv4,malicious-ip,medium,WHITE,ziyadnz/hourly-ipv4,ziyadnz|hourly,2026-08-17T18:48:05Z,2026-08-17T18:48:05Z,
116.206.193.36,ipv4,malicious-ip,medium,WHITE,ziyadnz/hourly-ipv4,ziyadnz|hourly,2026-08-17T18:48:05Z,2026-08-17T18:48:05Z,
116.206.193.44,ipv4,malicious-ip,medium,WHITE,ziyadnz/hourly-ipv4,ziyadnz|hourly,2026-08-17T18:48:05Z,2026-08-17T18:48:05Z,
116.206.194.39,ipv4,malicious-ip,medium,WHITE,ziyadnz/hourly-ipv4,ziyadnz|hourly,2026-08-17T18:48:05Z,2026-08-17T18:48:05Z,
116.206.241.146,ipv4,malicious-ip,medium,WHITE,ziyadnz/hourly-ipv4,ziyadnz|hourly,2026-08-17T18:48:05Z,2026-08-17T18:48:05Z,
116.206.244.5,ipv4,malicious-ip,medium,WHITE,ziyadnz/hourly-ipv4,ziyadnz|hourly,2026-08-17T18:48:05Z,2026-08-17T18:48:05Z,
116.206.58.194,ipv4,malicious-ip,medium,WHITE,ziyadnz/hourly-ipv4,ziyadnz|hourly,2026-08-17T18:48:05Z,2026-08-17T18:48:05Z,
116.207.108.177,ipv4,malicious-ip,medium,WHITE,ziyadnz/hourly-ipv4,ziyadnz|hourly,2026-08-17T18:48:05Z,2026-08-17T18:48:05Z,
116.207.108.194,ipv4,malicious-ip,medium,WHITE,ziyadnz/hourly-ipv4,ziyadnz|hourly,2026-08-17T18:48:05Z,2026-08-17T18:48:05Z,
116.207.108.33,ipv4,malicious-ip,medium,WHITE,ziyadnz/hourly-ipv4,ziyadnz|hourly,2026-08-17T18:48:05Z,2026-08-17T18:48:05Z,
116.207.108.6,ipv4,malicious-ip,medium,WHITE,ziyadnz/hourly-ipv4,ziyadnz|hourly,2026-08-17T18:48:05Z,2026-08-17T18:48:05Z,
116.207.109.19,ipv4,malicious-ip,medium,WHITE,ziyadnz/hourly-ipv4,ziyadnz|hourly,2026-08-17T18:48:05Z,2026-08-17T18:48:05Z,
116.207.112.0,ipv4,malicious-ip,medium,WHITE,ziyadnz/hourly-ipv4,ziyadnz|hourly,2026-08-17T18:48:05Z,2026-08-17T18:48:05Z,
116.207.112.126,ipv4,malicious-ip,medium,WHITE,ziyadnz/hourly-ipv4,ziyadnz|hourly,2026-08-17T18:48:05Z,2026-08-17T18:48:05Z,
116.207.112.160,ipv4,malicious-ip,medium,WHITE,ziyadnz/hourly-ipv4,ziyadnz|hourly,2026-08-17T18:48:05Z,2026-08-17T18:48:05Z,
116.207.112.240,ipv4,malicious-ip,medium,WHITE,ziyadnz/hourly-ipv4,ziyadnz|hourly,2026-08-17T18:48:05Z,2026-08-17T18:48:05Z,
116.207.112.255,ipv4,malicious-ip,medium,WHITE,ziyadnz/hourly-ipv4,ziyadnz|hourly,2026-08-17T18:48:05Z,2026-08-17T18:48:05Z,
116.207.112.34,ipv4,malicious-ip,medium,WHITE,ziyadnz/hourly-ipv4,ziyadnz|hourly,2026-08-17T18:48:05Z,2026-08-17T18:48:05Z,
116.207.112.42,ipv4,malicious-ip,medium,WHITE,ziyadnz/hourly-ipv4,ziyadnz|hourly,2026-08-17T18:48:05Z,2026-08-17T18:48:05Z,
116.207.113.185,ipv4,malicious-ip,medium,WHITE,ziyadnz/hourly-ipv4,ziyadnz|hourly,2026-08-17T18:48:05Z,2026-08-17T18:48:05Z,
116.207.113.39,ipv4,malicious-ip,medium,WHITE,ziyadnz/hourly-ipv4,ziyadnz|hourly,2026-08-17T18:48:05Z,2026-08-17T18:48:05Z,
116.207.114.195,ipv4,malicious-ip,medium,WHITE,ziyadnz/hourly-ipv4,ziyadnz|hourly,2026-08-17T18:48:05Z,2026-08-17T18:48:05Z,
116.207.114.229,ipv4,malicious-ip,medium,WHITE,ziyadnz/hourly-ipv4,ziyadnz|hourly,2026-08-17T18:48:05Z,2026-08-17T18:48:05Z,
116.207.114.90,ipv4,malicious-ip,medium,WHITE,ziyadnz/hourly-ipv4,ziyadnz|hourly,2026-08-17T18:48:05Z,2026-08-17T18:48:05Z,
116.207.114.96,ipv4,malicious-ip,medium,WHITE,ziyadnz/hourly-ipv4,ziyadnz|hourly,2026-08-17T18:48:05Z,2026-08-17T18:48:05Z,
116.207.115.98,ipv4,malicious-ip,medium,WHITE,ziyadnz/hourly-ipv4,ziyadnz|hourly,2026-08-17T18:48:05Z,2026-08-17T18:48:05Z,
116.207.127.104,ipv4,malicious-ip,medium,WHITE,ziyadnz/hourly-ipv4,ziyadnz|hourly,2026-08-17T18:48:05Z,2026-08-17T18:48:05Z,
116.207.127.213,ipv4,malicious-ip,medium,WHITE,ziyadnz/hourly-ipv4,ziyadnz|hourly,2026-08-17T18:48:05Z,2026-08-17T18:48:05Z,
116.207.223.16,ipv4,malicious-ip,medium,WHITE,ziyadnz/hourly-ipv4,ziyadnz|hourly,2026-08-17T18:48:05Z,2026-08-17T18:48:05Z,
116.207.29.167,ipv4,malicious-ip,medium,WHITE,ziyadnz/hourly-ipv4,ziyadnz|hourly,2026-08-17T18:48:05Z,2026-08-17T18:48:05Z,
116.207.31.27,ipv4,malicious-ip,medium,WHITE,ziyadnz/hourly-ipv4,ziyadnz|hourly,2026-08-17T18:48:05Z,2026-08-17T18:48:05Z,
116.207.92.29,ipv4,malicious-ip,medium,WHITE,ziyadnz/hourly-ipv4,ziyadnz|hourly,2026-08-17T18:48:05Z,2026-08-17T18:48:05Z,
116.207.92.6,ipv4,malicious-ip,medium,WHITE,ziyadnz/hourly-ipv4,ziyadnz|hourly,2026-08-17T18:48:05Z,2026-08-17T18:48:05Z,
116.208.10.55,ipv4,malicious-ip,medium,WHITE,ziyadnz/hourly-ipv4,ziyadnz|hourly,2026-08-17T18:48:05Z,2026-08-17T18:48:05Z,
116.208.123.14,ipv4,malicious-ip,medium,WHITE,ziyadnz/hourly-ipv4,ziyadnz|hourly,2026-08-17T18:48:05Z,2026-08-17T18:48:05Z,
116.208.185.150,ipv4,malicious-ip,medium,WHITE,ziyadnz/hourly-ipv4,ziyadnz|hourly,2026-08-17T18:48:05Z,2026-08-17T18:48:05Z,
116.208.32.199,ipv4,malicious-ip,medium,WHITE,ziyadnz/hourly-ipv4,ziyadnz|hourly,2026-08-17T18:48:05Z,2026-08-17T18:48:05Z,
116.208.37.99,ipv4,malicious-ip,medium,WHITE,ziyadnz/hourly-ipv4,ziyadnz|hourly,2026-08-17T18:48:05Z,2026-08-17T18:48:05Z,
116.208.60.246,ipv4,malicious-ip,medium,WHITE,ziyadnz/hourly-ipv4,ziyadnz|hourly,2026-08-17T18:48:05Z,2026-08-17T18:48:05Z,
116.208.78.164,ipv4,malicious-ip,medium,WHITE,ziyadnz/hourly-ipv4,ziyadnz|hourly,2026-08-17T18:48:05Z,2026-08-17T18:48:05Z,
116.208.94.9,ipv4,malicious-ip,medium,WHITE,ziyadnz/hourly-ipv4,ziyadnz|hourly,2026-08-17T18:48:05Z,2026-08-17T18:48:05Z,
116.208.95.215,ipv4,malicious-ip,medium,WHITE,ziyadnz/hourly-ipv4,ziyadnz|hourly,2026-08-17T18:48:05Z,2026-08-17T18:48:05Z,
116.209.130.97,ipv4,malicious-ip,medium,WHITE,ziyadnz/hourly-ipv4,ziyadnz|hourly,2026-08-17T18:48:05Z,2026-08-17T18:48:05Z,
116.209.141.154,ipv4,malicious-ip,medium,WHITE,ziyadnz/hourly-ipv4,ziyadnz|hourly,2026-08-17T18:48:05Z,2026-08-17T18:48:05Z,
116.211.150.126,ipv4,malicious-ip,medium,WHITE,ziyadnz/hourly-ipv4,ziyadnz|hourly,2026-08-17T18:48:05Z,2026-08-17T18:48:05Z,
116.211.150.159,ipv4,malicious-ip,medium,WHITE,ziyadnz/hourly-ipv4,ziyadnz|hourly,2026-08-17T18:48:05Z,2026-08-17T18:48:05Z,
116.211.169.162,ipv4,malicious-ip,medium,WHITE,ziyadnz/hourly-ipv4,ziyadnz|hourly,2026-08-17T18:48:05Z,2026-08-17T18:48:05Z,
116.212.185.44,ipv4,malicious-ip,medium,WHITE,ziyadnz/hourly-ipv4,ziyadnz|hourly,2026-08-17T18:48:05Z,2026-08-17T18:48:05Z,
116.227.42.18,ipv4,malicious-ip,medium,WHITE,ziyadnz/hourly-ipv4,ziyadnz|hourly,2026-08-17T18:48:05Z,2026-08-17T18:48:05Z,
116.229.104.154,ipv4,malicious-ip,medium,WHITE,ziyadnz/hourly-ipv4,ziyadnz|hourly,2026-08-17T18:48:05Z,2026-08-17T18:48:05Z,
116.230.168.213,ipv4,malicious-ip,medium,WHITE,ziyadnz/hourly-ipv4,ziyadnz|hourly,2026-08-17T18:48:05Z,2026-08-17T18:48:05Z,
116.230.228.107,ipv4,malicious-ip,medium,WHITE,ziyadnz/hourly-ipv4,ziyadnz|hourly,2026-08-17T18:48:05Z,2026-08-17T18:48:05Z,
116.231.107.112,ipv4,malicious-ip,medium,WHITE,ziyadnz/hourly-ipv4,ziyadnz|hourly,2026-08-17T18:48:05Z,2026-08-17T18:48:05Z,
116.231.170.153,ipv4,malicious-ip,medium,WHITE,ziyadnz/hourly-ipv4,ziyadnz|hourly,2026-08-17T18:48:05Z,2026-08-17T18:48:05Z,
116.231.170.61,ipv4,malicious-ip,medium,WHITE,ziyadnz/hourly-ipv4,ziyadnz|hourly,2026-08-17T18:48:05Z,2026-08-17T18:48:05Z,
116.232.77.200,ipv4,malicious-ip,medium,WHITE,ziyadnz/hourly-ipv4,ziyadnz|hourly,2026-08-17T18:48:05Z,2026-08-17T18:48:05Z,
116.233.106.233,ipv4,malicious-ip,medium,WHITE,ziyadnz/hourly-ipv4,ziyadnz|hourly,2026-08-17T18:48:05Z,2026-08-17T18:48:05Z,
116.233.133.228,ipv4,malicious-ip,medium,WHITE,ziyadnz/hourly-ipv4,ziyadnz|hourly,2026-08-17T18:48:05Z,2026-08-17T18:48:05Z,
116.234.69.160,ipv4,malicious-ip,medium,WHITE,ziyadnz/hourly-ipv4,ziyadnz|hourly,2026-08-17T18:48:05Z,2026-08-17T18:48:05Z,
116.236.217.138,ipv4,malicious-ip,medium,WHITE,ziyadnz/hourly-ipv4,ziyadnz|hourly,2026-08-17T18:48:05Z,2026-08-17T18:48:05Z,
116.236.222.106,ipv4,malicious-ip,medium,WHITE,ziyadnz/hourly-ipv4,ziyadnz|hourly,2026-08-17T18:48:05Z,2026-08-17T18:48:05Z,
116.236.43.254,ipv4,malicious-ip,medium,WHITE,ziyadnz/hourly-ipv4,ziyadnz|hourly,2026-08-17T18:48:05Z,2026-08-17T18:48:05Z,
116.237.230.145,ipv4,malicious-ip,medium,WHITE,ziyadnz/hourly-ipv4,ziyadnz|hourly,2026-08-17T18:48:05Z,2026-08-17T18:48:05Z,
116.240.149.7,ipv4,malicious-ip,medium,WHITE,ziyadnz/hourly-ipv4,ziyadnz|hourly,2026-08-17T18:48:05Z,2026-08-17T18:48:05Z,
116.241.238.13,ipv4,malicious-ip,medium,WHITE,ziyadnz/hourly-ipv4,ziyadnz|hourly,2026-08-17T18:48:05Z,2026-08-17T18:48:05Z,
116.248.100.196,ipv4,malicious-ip,medium,WHITE,ziyadnz/hourly-ipv4,ziyadnz|hourly,2026-08-17T18:48:05Z,2026-08-17T18:48:05Z,
116.248.83.141,ipv4,malicious-ip,medium,WHITE,ziyadnz/hourly-ipv4,ziyadnz|hourly,2026-08-17T18:48:05Z,2026-08-17T18:48:05Z,
116.249.222.185,ipv4,malicious-ip,medium,WHITE,ziyadnz/hourly-ipv4,ziyadnz|hourly,2026-08-17T18:48:05Z,2026-08-17T18:48:05Z,
116.25.92.135,ipv4,malicious-ip,medium,WHITE,ziyadnz/hourly-ipv4,ziyadnz|hourly,2026-08-17T18:48:05Z,2026-08-17T18:48:05Z,
116.252.80.130,ipv4,malicious-ip,medium,WHITE,ziyadnz/hourly-ipv4,ziyadnz|hourly,2026-08-17T18:48:05Z,2026-08-17T18:48:05Z,
116.253.242.92,ipv4,malicious-ip,medium,WHITE,ziyadnz/hourly-ipv4,ziyadnz|hourly,2026-08-17T18:48:05Z,2026-08-17T18:48:05Z,
116.254.99.150,ipv4,malicious-ip,medium,WHITE,ziyadnz/hourly-ipv4,ziyadnz|hourly,2026-08-17T18:48:05Z,2026-08-17T18:48:05Z,
116.255.155.36,ipv4,malicious-ip,medium,WHITE,ziyadnz/hourly-ipv4,ziyadnz|hourly,2026-08-17T18:48:05Z,2026-08-17T18:48:05Z,
116.255.208.96,ipv4,malicious-ip,medium,WHITE,ziyadnz/hourly-ipv4,ziyadnz|hourly,2026-08-17T18:48:05Z,2026-08-17T18:48:05Z,
116.255.226.73,ipv4,malicious-ip,medium,WHITE,ziyadnz/hourly-ipv4,ziyadnz|hourly,2026-08-17T18:48:05Z,2026-08-17T18:48:05Z,
116.26.110.123,ipv4,malicious-ip,medium,WHITE,ziyadnz/hourly-ipv4,ziyadnz|hourly,2026-08-17T18:48:05Z,2026-08-17T18:48:05Z,
116.27.150.116,ipv4,malicious-ip,medium,WHITE,ziyadnz/hourly-ipv4,ziyadnz|hourly,2026-08-17T18:48:05Z,2026-08-17T18:48:05Z,
116.3.69.4,ipv4,malicious-ip,medium,WHITE,ziyadnz/hourly-ipv4,ziyadnz|hourly,2026-08-17T18:48:05Z,2026-08-17T18:48:05Z,
116.30.11.51,ipv4,malicious-ip,medium,WHITE,ziyadnz/hourly-ipv4,ziyadnz|hourly,2026-08-17T18:48:05Z,2026-08-17T18:48:05Z,
116.30.16.131,ipv4,malicious-ip,medium,WHITE,ziyadnz/hourly-ipv4,ziyadnz|hourly,2026-08-17T18:48:05Z,2026-08-17T18:48:05Z,
116.30.9.221,ipv4,malicious-ip,medium,WHITE,ziyadnz/hourly-ipv4,ziyadnz|hourly,2026-08-17T18:48:05Z,2026-08-17T18:48:05Z,
116.31.186.110,ipv4,malicious-ip,medium,WHITE,ziyadnz/hourly-ipv4,ziyadnz|hourly,2026-08-17T18:48:05Z,2026-08-17T18:48:05Z,
116.34.14.135,ipv4,malicious-ip,medium,WHITE,ziyadnz/hourly-ipv4,ziyadnz|hourly,2026-08-17T18:48:05Z,2026-08-17T18:48:05Z,
116.41.81.52,ipv4,malicious-ip,medium,WHITE,ziyadnz/hourly-ipv4,ziyadnz|hourly,2026-08-17T18:48:05Z,2026-08-17T18:48:05Z,
116.44.232.40,ipv4,malicious-ip,medium,WHITE,ziyadnz/hourly-ipv4,ziyadnz|hourly,2026-08-17T18:48:05Z,2026-08-17T18:48:05Z,
116.45.52.97,ipv4,malicious-ip,medium,WHITE,ziyadnz/hourly-ipv4,ziyadnz|hourly,2026-08-17T18:48:05Z,2026-08-17T18:48:05Z,
116.48.151.249,ipv4,malicious-ip,medium,WHITE,ziyadnz/hourly-ipv4,ziyadnz|hourly,2026-08-17T18:48:05Z,2026-08-17T18:48:05Z,
116.48.52.38,ipv4,malicious-ip,medium,WHITE,ziyadnz/hourly-ipv4,ziyadnz|hourly,2026-08-17T18:48:05Z,2026-08-17T18:48:05Z,
116.5.206.133,ipv4,malicious-ip,medium,WHITE,ziyadnz/hourly-ipv4,ziyadnz|hourly,2026-08-17T18:48:05Z,2026-08-17T18:48:05Z,
116.5.84.145,ipv4,malicious-ip,medium,WHITE,ziyadnz/hourly-ipv4,ziyadnz|hourly,2026-08-17T18:48:05Z,2026-08-17T18:48:05Z,
116.52.109.96,ipv4,malicious-ip,medium,WHITE,ziyadnz/hourly-ipv4,ziyadnz|hourly,2026-08-17T18:48:05Z,2026-08-17T18:48:05Z,
116.52.187.109,ipv4,malicious-ip,medium,WHITE,ziyadnz/hourly-ipv4,ziyadnz|hourly,2026-08-17T18:48:05Z,2026-08-17T18:48:05Z,
116.52.28.226,ipv4,malicious-ip,medium,WHITE,ziyadnz/hourly-ipv4,ziyadnz|hourly,2026-08-17T18:48:05Z,2026-08-17T18:48:05Z,
116.54.53.150,ipv4,malicious-ip,medium,WHITE,ziyadnz/hourly-ipv4,ziyadnz|hourly,2026-08-17T18:48:05Z,2026-08-17T18:48:05Z,
116.55.177.198,ipv4,malicious-ip,medium,WHITE,ziyadnz/hourly-ipv4,ziyadnz|hourly,2026-08-17T18:48:05Z,2026-08-17T18:48:05Z,
116.55.229.234,ipv4,malicious-ip,medium,WHITE,ziyadnz/hourly-ipv4,ziyadnz|hourly,2026-08-17T18:48:05Z,2026-08-17T18:48:05Z,
116.55.76.228,ipv4,malicious-ip,medium,WHITE,ziyadnz/hourly-ipv4,ziyadnz|hourly,2026-08-17T18:48:05Z,2026-08-17T18:48:05Z,
116.58.22.219,ipv4,malicious-ip,medium,WHITE,ziyadnz/hourly-ipv4,ziyadnz|hourly,2026-08-17T18:48:05Z,2026-08-17T18:48:05Z,
116.58.43.34,ipv4,malicious-ip,medium,WHITE,ziyadnz/hourly-ipv4,ziyadnz|hourly,2026-08-17T18:48:05Z,2026-08-17T18:48:05Z,
116.59.10.205,ipv4,malicious-ip,medium,WHITE,ziyadnz/hourly-ipv4,ziyadnz|hourly,2026-08-17T18:48:05Z,2026-08-17T18:48:05Z,
116.59.8.205,ipv4,malicious-ip,medium,WHITE,ziyadnz/hourly-ipv4,ziyadnz|hourly,2026-08-17T18:48:05Z,2026-08-17T18:48:05Z,
116.59.9.114,ipv4,malicious-ip,medium,WHITE,ziyadnz/hourly-ipv4,ziyadnz|hourly,2026-08-17T18:48:05Z,2026-08-17T18:48:05Z,
116.62.145.192,ipv4,malicious-ip,medium,WHITE,ziyadnz/hourly-ipv4,ziyadnz|hourly,2026-08-17T18:48:05Z,2026-08-17T18:48:05Z,
116.62.192.158,ipv4,malicious-ip,medium,WHITE,ziyadnz/hourly-ipv4,ziyadnz|hourly,2026-08-17T18:48:05Z,2026-08-17T18:48:05Z,
116.62.217.170,ipv4,malicious-ip,medium,WHITE,ziyadnz/hourly-ipv4,ziyadnz|hourly,2026-08-17T18:48:05Z,2026-08-17T18:48:05Z,
116.62.231.151,ipv4,malicious-ip,medium,WHITE,ziyadnz/hourly-ipv4,ziyadnz|hourly,2026-08-17T18:48:05Z,2026-08-17T18:48:05Z,
116.62.243.75,ipv4,malicious-ip,medium,WHITE,ziyadnz/hourly-ipv4,ziyadnz|hourly,2026-08-17T18:48:05Z,2026-08-17T18:48:05Z,
116.62.246.33,ipv4,malicious-ip,medium,WHITE,ziyadnz/hourly-ipv4,ziyadnz|hourly,2026-08-17T18:48:05Z,2026-08-17T18:48:05Z,
116.62.54.194,ipv4,malicious-ip,medium,WHITE,ziyadnz/hourly-ipv4,ziyadnz|hourly,2026-08-17T18:48:05Z,2026-08-17T18:48:05Z,
116.62.56.228,ipv4,malicious-ip,medium,WHITE,ziyadnz/hourly-ipv4,ziyadnz|hourly,2026-08-17T18:48:05Z,2026-08-17T18:48:05Z,
116.63.177.49,ipv4,malicious-ip,medium,WHITE,ziyadnz/hourly-ipv4,ziyadnz|hourly,2026-08-17T18:48:05Z,2026-08-17T18:48:05Z,
116.66.198.10,ipv4,malicious-ip,medium,WHITE,ziyadnz/hourly-ipv4,ziyadnz|hourly,2026-08-17T18:48:05Z,2026-08-17T18:48:05Z,
116.68.203.120,ipv4,malicious-ip,medium,WHITE,ziyadnz/hourly-ipv4,ziyadnz|hourly,2026-08-17T18:48:05Z,2026-08-17T18:48:05Z,
116.68.205.66,ipv4,malicious-ip,medium,WHITE,ziyadnz/hourly-ipv4,ziyadnz|hourly,2026-08-17T18:48:05Z,2026-08-17T18:48:05Z,
116.7.52.132,ipv4,malicious-ip,medium,WHITE,ziyadnz/hourly-ipv4,ziyadnz|hourly,2026-08-17T18:48:05Z,2026-08-17T18:48:05Z,
116.7.53.154,ipv4,malicious-ip,medium,WHITE,ziyadnz/hourly-ipv4,ziyadnz|hourly,2026-08-17T18:48:05Z,2026-08-17T18:48:05Z,
116.71.133.130,ipv4,malicious-ip,medium,WHITE,ziyadnz/hourly-ipv4,ziyadnz|hourly,2026-08-17T18:48:05Z,2026-08-17T18:48:05Z,
116.71.19.200,ipv4,malicious-ip,medium,WHITE,ziyadnz/hourly-ipv4,ziyadnz|hourly,2026-08-17T18:48:05Z,2026-08-17T18:48:05Z,
116.72.105.234,ipv4,malicious-ip,medium,WHITE,ziyadnz/hourly-ipv4,ziyadnz|hourly,2026-08-17T18:48:05Z,2026-08-17T18:48:05Z,
116.72.105.4,ipv4,malicious-ip,medium,WHITE,ziyadnz/hourly-ipv4,ziyadnz|hourly,2026-08-17T18:48:05Z,2026-08-17T18:48:05Z,
116.72.134.188,ipv4,malicious-ip,medium,WHITE,ziyadnz/hourly-ipv4,ziyadnz|hourly,2026-08-17T18:48:05Z,2026-08-17T18:48:05Z,
116.72.144.60,ipv4,malicious-ip,medium,WHITE,ziyadnz/hourly-ipv4,ziyadnz|hourly,2026-08-17T18:48:05Z,2026-08-17T18:48:05Z,
116.72.180.14,ipv4,malicious-ip,medium,WHITE,ziyadnz/hourly-ipv4,ziyadnz|hourly,2026-08-17T18:48:05Z,2026-08-17T18:48:05Z,
116.72.182.7,ipv4,malicious-ip,medium,WHITE,ziyadnz/hourly-ipv4,ziyadnz|hourly,2026-08-17T18:48:05Z,2026-08-17T18:48:05Z,
116.72.190.23,ipv4,malicious-ip,medium,WHITE,ziyadnz/hourly-ipv4,ziyadnz|hourly,2026-08-17T18:48:05Z,2026-08-17T18:48:05Z,
116.72.2.83,ipv4,malicious-ip,medium,WHITE,ziyadnz/hourly-ipv4,ziyadnz|hourly,2026-08-17T18:48:05Z,2026-08-17T18:48:05Z,
116.72.48.169,ipv4,malicious-ip,medium,WHITE,ziyadnz/hourly-ipv4,ziyadnz|hourly,2026-08-17T18:48:05Z,2026-08-17T18:48:05Z,
116.72.9.151,ipv4,malicious-ip,medium,WHITE,ziyadnz/hourly-ipv4,ziyadnz|hourly,2026-08-17T18:48:05Z,2026-08-17T18:48:05Z,
116.72.9.5,ipv4,malicious-ip,medium,WHITE,ziyadnz/hourly-ipv4,ziyadnz|hourly,2026-08-17T18:48:05Z,2026-08-17T18:48:05Z,
116.72.99.137,ipv4,malicious-ip,medium,WHITE,ziyadnz/hourly-ipv4,ziyadnz|hourly,2026-08-17T18:48:05Z,2026-08-17T18:48:05Z,
116.73.108.24,ipv4,malicious-ip,medium,WHITE,ziyadnz/hourly-ipv4,ziyadnz|hourly,2026-08-17T18:48:05Z,2026-08-17T18:48:05Z,
116.73.252.17,ipv4,malicious-ip,medium,WHITE,ziyadnz/hourly-ipv4,ziyadnz|hourly,2026-08-17T18:48:05Z,2026-08-17T18:48:05Z,
116.74.191.146,ipv4,malicious-ip,medium,WHITE,ziyadnz/hourly-ipv4,ziyadnz|hourly,2026-08-17T18:48:05Z,2026-08-17T18:48:05Z,
116.74.91.50,ipv4,malicious-ip,medium,WHITE,ziyadnz/hourly-ipv4,ziyadnz|hourly,2026-08-17T18:48:05Z,2026-08-17T18:48:05Z,
116.75.157.52,ipv4,malicious-ip,medium,WHITE,ziyadnz/hourly-ipv4,ziyadnz|hourly,2026-08-17T18:48:05Z,2026-08-17T18:48:05Z,
116.75.239.82,ipv4,malicious-ip,medium,WHITE,ziyadnz/hourly-ipv4,ziyadnz|hourly,2026-08-17T18:48:05Z,2026-08-17T18:48:05Z,
116.75.87.176,ipv4,malicious-ip,medium,WHITE,ziyadnz/hourly-ipv4,ziyadnz|hourly,2026-08-17T18:48:05Z,2026-08-17T18:48:05Z,
116.86.211.61,ipv4,malicious-ip,medium,WHITE,ziyadnz/hourly-ipv4,ziyadnz|hourly,2026-08-17T18:48:05Z,2026-08-17T18:48:05Z,
116.90.122.26,ipv4,malicious-ip,medium,WHITE,ziyadnz/hourly-ipv4,ziyadnz|hourly,2026-08-17T18:48:05Z,2026-08-17T18:48:05Z,
116.90.227.175,ipv4,malicious-ip,medium,WHITE,ziyadnz/hourly-ipv4,ziyadnz|hourly,2026-08-17T18:48:05Z,2026-08-17T18:48:05Z,
116.90.227.232,ipv4,malicious-ip,medium,WHITE,ziyadnz/hourly-ipv4,ziyadnz|hourly,2026-08-17T18:48:05Z,2026-08-17T18:48:05Z,
116.90.234.245,ipv4,malicious-ip,medium,WHITE,ziyadnz/hourly-ipv4,ziyadnz|hourly,2026-08-17T18:48:05Z,2026-08-17T18:48:05Z,
116.92.214.150,ipv4,malicious-ip,medium,WHITE,ziyadnz/hourly-ipv4,ziyadnz|hourly,2026-08-17T18:48:05Z,2026-08-17T18:48:05Z,
116.92.229.174,ipv4,malicious-ip,medium,WHITE,ziyadnz/hourly-ipv4,ziyadnz|hourly,2026-08-17T18:48:05Z,2026-08-17T18:48:05Z,
116.95.116.109,ipv4,malicious-ip,medium,WHITE,ziyadnz/hourly-ipv4,ziyadnz|hourly,2026-08-17T18:48:05Z,2026-08-17T18:48:05Z,
116.95.34.44,ipv4,malicious-ip,medium,WHITE,ziyadnz/hourly-ipv4,ziyadnz|hourly,2026-08-17T18:48:05Z,2026-08-17T18:48:05Z,
116.96.32.160,ipv4,malicious-ip,medium,WHITE,ziyadnz/hourly-ipv4,ziyadnz|hourly,2026-08-17T18:48:05Z,2026-08-17T18:48:05Z,
116.96.47.156,ipv4,malicious-ip,medium,WHITE,ziyadnz/hourly-ipv4,ziyadnz|hourly,2026-08-17T18:48:05Z,2026-08-17T18:48:05Z,
116.99.168.14,ipv4,malicious-ip,medium,WHITE,ziyadnz/hourly-ipv4,ziyadnz|hourly,2026-08-17T18:48:05Z,2026-08-17T18:48:05Z,
116.99.168.244,ipv4,malicious-ip,medium,WHITE,ziyadnz/hourly-ipv4,ziyadnz|hourly,2026-08-17T18:48:05Z,2026-08-17T18:48:05Z,
116.99.168.40,ipv4,malicious-ip,medium,WHITE,ziyadnz/hourly-ipv4,ziyadnz|hourly,2026-08-17T18:48:05Z,2026-08-17T18:48:05Z,
116.99.168.91,ipv4,malicious-ip,medium,WHITE,ziyadnz/hourly-ipv4,ziyadnz|hourly,2026-08-17T18:48:05Z,2026-08-17T18:48:05Z,
116.99.169.126,ipv4,malicious-ip,medium,WHITE,ziyadnz/hourly-ipv4,ziyadnz|hourly,2026-08-17T18:48:05Z,2026-08-17T18:48:05Z,
116.99.169.172,ipv4,malicious-ip,medium,WHITE,ziyadnz/hourly-ipv4,ziyadnz|hourly,2026-08-17T18:48:05Z,2026-08-17T18:48:05Z,
116.99.170.138,ipv4,malicious-ip,medium,WHITE,ziyadnz/hourly-ipv4,ziyadnz|hourly,2026-08-17T18:48:05Z,2026-08-17T18:48:05Z,
116.99.170.202,ipv4,malicious-ip,medium,WHITE,ziyadnz/hourly-ipv4,ziyadnz|hourly,2026-08-17T18:48:05Z,2026-08-17T18:48:05Z,
116.99.170.82,ipv4,malicious-ip,medium,WHITE,ziyadnz/hourly-ipv4,ziyadnz|hourly,2026-08-17T18:48:05Z,2026-08-17T18:48:05Z,
116.99.170.93,ipv4,malicious-ip,medium,WHITE,ziyadnz/hourly-ipv4,ziyadnz|hourly,2026-08-17T18:48:05Z,2026-08-17T18:48:05Z,
116.99.171.0,ipv4,malicious-ip,medium,WHITE,ziyadnz/hourly-ipv4,ziyadnz|hourly,2026-08-17T18:48:05Z,2026-08-17T18:48:05Z,
116.99.171.165,ipv4,malicious-ip,medium,WHITE,ziyadnz/hourly-ipv4,ziyadnz|hourly,2026-08-17T18:48:05Z,2026-08-17T18:48:05Z,
116.99.171.249,ipv4,malicious-ip,medium,WHITE,ziyadnz/hourly-ipv4,ziyadnz|hourly,2026-08-17T18:48:05Z,2026-08-17T18:48:05Z,
116.99.171.252,ipv4,malicious-ip,medium,WHITE,ziyadnz/hourly-ipv4,ziyadnz|hourly,2026-08-17T18:48:05Z,2026-08-17T18:48:05Z,
116.99.171.254,ipv4,malicious-ip,medium,WHITE,ziyadnz/hourly-ipv4,ziyadnz|hourly,2026-08-17T18:48:05Z,2026-08-17T18:48:05Z,
116.99.171.38,ipv4,malicious-ip,medium,WHITE,ziyadnz/hourly-ipv4,ziyadnz|hourly,2026-08-17T18:48:05Z,2026-08-17T18:48:05Z,
116.99.172.104,ipv4,malicious-ip,medium,WHITE,ziyadnz/hourly-ipv4,ziyadnz|hourly,2026-08-17T18:48:05Z,2026-08-17T18:48:05Z,
116.99.172.203,ipv4,malicious-ip,medium,WHITE,ziyadnz/hourly-ipv4,ziyadnz|hourly,2026-08-17T18:48:05Z,2026-08-17T18:48:05Z,
116.99.173.0,ipv4,malicious-ip,medium,WHITE,ziyadnz/hourly-ipv4,ziyadnz|hourly,2026-08-17T18:48:05Z,2026-08-17T18:48:05Z,
116.99.173.101,ipv4,malicious-ip,medium,WHITE,ziyadnz/hourly-ipv4,ziyadnz|hourly,2026-08-17T18:48:05Z,2026-08-17T18:48:05Z,
116.99.173.120,ipv4,malicious-ip,medium,WHITE,ziyadnz/hourly-ipv4,ziyadnz|hourly,2026-08-17T18:48:05Z,2026-08-17T18:48:05Z,
116.99.173.199,ipv4,malicious-ip,medium,WHITE,ziyadnz/hourly-ipv4,ziyadnz|hourly,2026-08-17T18:48:05Z,2026-08-17T18:48:05Z,
116.99.173.214,ipv4,malicious-ip,medium,WHITE,ziyadnz/hourly-ipv4,ziyadnz|hourly,2026-08-17T18:48:05Z,2026-08-17T18:48:05Z,
116.99.173.47,ipv4,malicious-ip,medium,WHITE,ziyadnz/hourly-ipv4,ziyadnz|hourly,2026-08-17T18:48:05Z,2026-08-17T18:48:05Z,
116.99.173.50,ipv4,malicious-ip,medium,WHITE,ziyadnz/hourly-ipv4,ziyadnz|hourly,2026-08-17T18:48:05Z,2026-08-17T18:48:05Z,
116.99.173.68,ipv4,malicious-ip,medium,WHITE,ziyadnz/hourly-ipv4,ziyadnz|hourly,2026-08-17T18:48:05Z,2026-08-17T18:48:05Z,
116.99.173.91,ipv4,malicious-ip,medium,WHITE,ziyadnz/hourly-ipv4,ziyadnz|hourly,2026-08-17T18:48:05Z,2026-08-17T18:48:05Z,
116.99.174.0,ipv4,malicious-ip,medium,WHITE,ziyadnz/hourly-ipv4,ziyadnz|hourly,2026-08-17T18:48:05Z,2026-08-17T18:48:05Z,
116.99.174.111,ipv4,malicious-ip,medium,WHITE,ziyadnz/hourly-ipv4,ziyadnz|hourly,2026-08-17T18:48:05Z,2026-08-17T18:48:05Z,
116.99.174.121,ipv4,malicious-ip,medium,WHITE,ziyadnz/hourly-ipv4,ziyadnz|hourly,2026-08-17T18:48:05Z,2026-08-17T18:48:05Z,
116.99.174.153,ipv4,malicious-ip,medium,WHITE,ziyadnz/hourly-ipv4,ziyadnz|hourly,2026-08-17T18:48:05Z,2026-08-17T18:48:05Z,
116.99.174.175,ipv4,malicious-ip,medium,WHITE,ziyadnz/hourly-ipv4,ziyadnz|hourly,2026-08-17T18:48:05Z,2026-08-17T18:48:05Z,
116.99.174.183,ipv4,malicious-ip,medium,WHITE,ziyadnz/hourly-ipv4,ziyadnz|hourly,2026-08-17T18:48:05Z,2026-08-17T18:48:05Z,
116.99.174.230,ipv4,malicious-ip,medium,WHITE,ziyadnz/hourly-ipv4,ziyadnz|hourly,2026-08-17T18:48:05Z,2026-08-17T18:48:05Z,
116.99.174.232,ipv4,malicious-ip,medium,WHITE,ziyadnz/hourly-ipv4,ziyadnz|hourly,2026-08-17T18:48:05Z,2026-08-17T18:48:05Z,
116.99.174.55,ipv4,malicious-ip,medium,WHITE,ziyadnz/hourly-ipv4,ziyadnz|hourly,2026-08-17T18:48:05Z,2026-08-17T18:48:05Z,
116.99.175.130,ipv4,malicious-ip,medium,WHITE,ziyadnz/hourly-ipv4,ziyadnz|hourly,2026-08-17T18:48:05Z,2026-08-17T18:48:05Z,
116.99.175.142,ipv4,malicious-ip,medium,WHITE,ziyadnz/hourly-ipv4,ziyadnz|hourly,2026-08-17T18:48:05Z,2026-08-17T18:48:05Z,
116.99.175.167,ipv4,malicious-ip,medium,WHITE,ziyadnz/hourly-ipv4,ziyadnz|hourly,2026-08-17T18:48:05Z,2026-08-17T18:48:05Z,
116.99.175.243,ipv4,malicious-ip,medium,WHITE,ziyadnz/hourly-ipv4,ziyadnz|hourly,2026-08-17T18:48:05Z,2026-08-17T18:48:05Z,
116.99.175.62,ipv4,malicious-ip,medium,WHITE,ziyadnz/hourly-ipv4,ziyadnz|hourly,2026-08-17T18:48:05Z,2026-08-17T18:48:05Z,
116.99.50.13,ipv4,malicious-ip,medium,WHITE,ziyadnz/hourly-ipv4,ziyadnz|hourly,2026-08-17T18:48:05Z,2026-08-17T18:48:05Z,
117.102.100.58,ipv4,malicious-ip,medium,WHITE,ziyadnz/hourly-ipv4,ziyadnz|hourly,2026-08-17T18:48:05Z,2026-08-17T18:48:05Z,
117.102.109.34,ipv4,malicious-ip,medium,WHITE,ziyadnz/hourly-ipv4,ziyadnz|hourly,2026-08-17T18:48:05Z,2026-08-17T18:48:05Z,
117.102.113.114,ipv4,malicious-ip,medium,WHITE,ziyadnz/hourly-ipv4,ziyadnz|hourly,2026-08-17T18:48:05Z,2026-08-17T18:48:05Z,
117.102.121.163,ipv4,malicious-ip,medium,WHITE,ziyadnz/hourly-ipv4,ziyadnz|hourly,2026-08-17T18:48:05Z,2026-08-17T18:48:05Z,
117.102.76.181,ipv4,malicious-ip,medium,WHITE,ziyadnz/hourly-ipv4,ziyadnz|hourly,2026-08-17T18:48:05Z,2026-08-17T18:48:05Z,
117.103.80.92,ipv4,malicious-ip,medium,WHITE,ziyadnz/hourly-ipv4,ziyadnz|hourly,2026-08-17T18:48:05Z,2026-08-17T18:48:05Z,
117.11.122.84,ipv4,malicious-ip,medium,WHITE,ziyadnz/hourly-ipv4,ziyadnz|hourly,2026-08-17T18:48:05Z,2026-08-17T18:48:05Z,
117.11.88.120,ipv4,malicious-ip,medium,WHITE,ziyadnz/hourly-ipv4,ziyadnz|hourly,2026-08-17T18:48:05Z,2026-08-17T18:48:05Z,
117.11.89.118,ipv4,malicious-ip,medium,WHITE,ziyadnz/hourly-ipv4,ziyadnz|hourly,2026-08-17T18:48:05Z,2026-08-17T18:48:05Z,
117.121.133.33,ipv4,malicious-ip,medium,WHITE,ziyadnz/hourly-ipv4,ziyadnz|hourly,2026-08-17T18:48:05Z,2026-08-17T18:48:05Z,
117.121.212.189,ipv4,malicious-ip,medium,WHITE,ziyadnz/hourly-ipv4,ziyadnz|hourly,2026-08-17T18:48:05Z,2026-08-17T18:48:05Z,
117.123.155.50,ipv4,malicious-ip,medium,WHITE,ziyadnz/hourly-ipv4,ziyadnz|hourly,2026-08-17T18:48:05Z,2026-08-17T18:48:05Z,
117.123.245.85,ipv4,malicious-ip,medium,WHITE,ziyadnz/hourly-ipv4,ziyadnz|hourly,2026-08-17T18:48:05Z,2026-08-17T18:48:05Z,
117.128.36.130,ipv4,malicious-ip,medium,WHITE,ziyadnz/hourly-ipv4,ziyadnz|hourly,2026-08-17T18:48:05Z,2026-08-17T18:48:05Z,
117.128.36.43,ipv4,malicious-ip,medium,WHITE,ziyadnz/hourly-ipv4,ziyadnz|hourly,2026-08-17T18:48:05Z,2026-08-17T18:48:05Z,
117.128.37.70,ipv4,malicious-ip,medium,WHITE,ziyadnz/hourly-ipv4,ziyadnz|hourly,2026-08-17T18:48:05Z,2026-08-17T18:48:05Z,
117.128.37.94,ipv4,malicious-ip,medium,WHITE,ziyadnz/hourly-ipv4,ziyadnz|hourly,2026-08-17T18:48:05Z,2026-08-17T18:48:05Z,
117.128.86.100,ipv4,malicious-ip,medium,WHITE,ziyadnz/hourly-ipv4,ziyadnz|hourly,2026-08-17T18:48:05Z,2026-08-17T18:48:05Z,
117.129.59.252,ipv4,malicious-ip,medium,WHITE,ziyadnz/hourly-ipv4,ziyadnz|hourly,2026-08-17T18:48:05Z,2026-08-17T18:48:05Z,
117.131.156.103,ipv4,malicious-ip,medium,WHITE,ziyadnz/hourly-ipv4,ziyadnz|hourly,2026-08-17T18:48:05Z,2026-08-17T18:48:05Z,
117.131.254.66,ipv4,malicious-ip,medium,WHITE,ziyadnz/hourly-ipv4,ziyadnz|hourly,2026-08-17T18:48:05Z,2026-08-17T18:48:05Z,
117.132.5.139,ipv4,malicious-ip,medium,WHITE,ziyadnz/hourly-ipv4,ziyadnz|hourly,2026-08-17T18:48:05Z,2026-08-17T18:48:05Z,
117.132.57.98,ipv4,malicious-ip,medium,WHITE,ziyadnz/hourly-ipv4,ziyadnz|hourly,2026-08-17T18:48:05Z,2026-08-17T18:48:05Z,
117.132.88.101,ipv4,malicious-ip,medium,WHITE,ziyadnz/hourly-ipv4,ziyadnz|hourly,2026-08-17T18:48:05Z,2026-08-17T18:48:05Z,
117.139.123.153,ipv4,malicious-ip,medium,WHITE,ziyadnz/hourly-ipv4,ziyadnz|hourly,2026-08-17T18:48:05Z,2026-08-17T18:48:05Z,
117.139.17.68,ipv4,malicious-ip,medium,WHITE,ziyadnz/hourly-ipv4,ziyadnz|hourly,2026-08-17T18:48:05Z,2026-08-17T18:48:05Z,
117.14.113.173,ipv4,malicious-ip,medium,WHITE,ziyadnz/hourly-ipv4,ziyadnz|hourly,2026-08-17T18:48:05Z,2026-08-17T18:48:05Z,
117.14.115.187,ipv4,malicious-ip,medium,WHITE,ziyadnz/hourly-ipv4,ziyadnz|hourly,2026-08-17T18:48:05Z,2026-08-17T18:48:05Z,
117.14.173.105,ipv4,malicious-ip,medium,WHITE,ziyadnz/hourly-ipv4,ziyadnz|hourly,2026-08-17T18:48:05Z,2026-08-17T18:48:05Z,
117.14.173.168,ipv4,malicious-ip,medium,WHITE,ziyadnz/hourly-ipv4,ziyadnz|hourly,2026-08-17T18:48:05Z,2026-08-17T18:48:05Z,
117.14.173.39,ipv4,malicious-ip,medium,WHITE,ziyadnz/hourly-ipv4,ziyadnz|hourly,2026-08-17T18:48:05Z,2026-08-17T18:48:05Z,
117.140.216.148,ipv4,malicious-ip,medium,WHITE,ziyadnz/hourly-ipv4,ziyadnz|hourly,2026-08-17T18:48:05Z,2026-08-17T18:48:05Z,
117.140.54.134,ipv4,malicious-ip,medium,WHITE,ziyadnz/hourly-ipv4,ziyadnz|hourly,2026-08-17T18:48:05Z,2026-08-17T18:48:05Z,
117.141.10.83,ipv4,malicious-ip,medium,WHITE,ziyadnz/hourly-ipv4,ziyadnz|hourly,2026-08-17T18:48:05Z,2026-08-17T18:48:05Z,
117.141.153.144,ipv4,malicious-ip,medium,WHITE,ziyadnz/hourly-ipv4,ziyadnz|hourly,2026-08-17T18:48:05Z,2026-08-17T18:48:05Z,
117.141.205.156,ipv4,malicious-ip,medium,WHITE,ziyadnz/hourly-ipv4,ziyadnz|hourly,2026-08-17T18:48:05Z,2026-08-17T18:48:05Z,
117.143.82.34,ipv4,malicious-ip,medium,WHITE,ziyadnz/hourly-ipv4,ziyadnz|hourly,2026-08-17T18:48:05Z,2026-08-17T18:48:05Z,
117.144.24.82,ipv4,malicious-ip,medium,WHITE,ziyadnz/hourly-ipv4,ziyadnz|hourly,2026-08-17T18:48:05Z,2026-08-17T18:48:05Z,
117.144.79.135,ipv4,malicious-ip,medium,WHITE,ziyadnz/hourly-ipv4,ziyadnz|hourly,2026-08-17T18:48:05Z,2026-08-17T18:48:05Z,
117.146.148.187,ipv4,malicious-ip,medium,WHITE,ziyadnz/hourly-ipv4,ziyadnz|hourly,2026-08-17T18:48:05Z,2026-08-17T18:48:05Z,
117.146.237.166,ipv4,malicious-ip,medium,WHITE,ziyadnz/hourly-ipv4,ziyadnz|hourly,2026-08-17T18:48:05Z,2026-08-17T18:48:05Z,
117.146.60.2,ipv4,malicious-ip,medium,WHITE,ziyadnz/hourly-ipv4,ziyadnz|hourly,2026-08-17T18:48:05Z,2026-08-17T18:48:05Z,
117.146.60.3,ipv4,malicious-ip,medium,WHITE,ziyadnz/hourly-ipv4,ziyadnz|hourly,2026-08-17T18:48:05Z,2026-08-17T18:48:05Z,
117.146.60.4,ipv4,malicious-ip,medium,WHITE,ziyadnz/hourly-ipv4,ziyadnz|hourly,2026-08-17T18:48:05Z,2026-08-17T18:48:05Z,
117.147.224.133,ipv4,malicious-ip,medium,WHITE,ziyadnz/hourly-ipv4,ziyadnz|hourly,2026-08-17T18:48:05Z,2026-08-17T18:48:05Z,
117.147.224.137,ipv4,malicious-ip,medium,WHITE,ziyadnz/hourly-ipv4,ziyadnz|hourly,2026-08-17T18:48:05Z,2026-08-17T18:48:05Z,
117.147.224.140,ipv4,malicious-ip,medium,WHITE,ziyadnz/hourly-ipv4,ziyadnz|hourly,2026-08-17T18:48:05Z,2026-08-17T18:48:05Z,
117.147.224.147,ipv4,malicious-ip,medium,WHITE,ziyadnz/hourly-ipv4,ziyadnz|hourly,2026-08-17T18:48:05Z,2026-08-17T18:48:05Z,
117.147.224.148,ipv4,malicious-ip,medium,WHITE,ziyadnz/hourly-ipv4,ziyadnz|hourly,2026-08-17T18:48:05Z,2026-08-17T18:48:05Z,
117.147.55.66,ipv4,malicious-ip,medium,WHITE,ziyadnz/hourly-ipv4,ziyadnz|hourly,2026-08-17T18:48:05Z,2026-08-17T18:48:05Z,
117.149.10.114,ipv4,malicious-ip,medium,WHITE,ziyadnz/hourly-ipv4,ziyadnz|hourly,2026-08-17T18:48:05Z,2026-08-17T18:48:05Z,
117.149.196.165,ipv4,malicious-ip,medium,WHITE,ziyadnz/hourly-ipv4,ziyadnz|hourly,2026-08-17T18:48:05Z,2026-08-17T18:48:05Z,
117.149.196.213,ipv4,malicious-ip,medium,WHITE,ziyadnz/hourly-ipv4,ziyadnz|hourly,2026-08-17T18:48:05Z,2026-08-17T18:48:05Z,
117.149.196.217,ipv4,malicious-ip,medium,WHITE,ziyadnz/hourly-ipv4,ziyadnz|hourly,2026-08-17T18:48:05Z,2026-08-17T18:48:05Z,
117.150.47.25,ipv4,malicious-ip,medium,WHITE,ziyadnz/hourly-ipv4,ziyadnz|hourly,2026-08-17T18:48:05Z,2026-08-17T18:48:05Z,
117.151.230.44,ipv4,malicious-ip,medium,WHITE,ziyadnz/hourly-ipv4,ziyadnz|hourly,2026-08-17T18:48:05Z,2026-08-17T18:48:05Z,
117.152.156.113,ipv4,malicious-ip,medium,WHITE,ziyadnz/hourly-ipv4,ziyadnz|hourly,2026-08-17T18:48:05Z,2026-08-17T18:48:05Z,
117.153.52.171,ipv4,malicious-ip,medium,WHITE,ziyadnz/hourly-ipv4,ziyadnz|hourly,2026-08-17T18:48:05Z,2026-08-17T18:48:05Z,
117.154.251.216,ipv4,malicious-ip,medium,WHITE,ziyadnz/hourly-ipv4,ziyadnz|hourly,2026-08-17T18:48:05Z,2026-08-17T18:48:05Z,
117.155.162.65,ipv4,malicious-ip,medium,WHITE,ziyadnz/hourly-ipv4,ziyadnz|hourly,2026-08-17T18:48:05Z,2026-08-17T18:48:05Z,
117.156.118.63,ipv4,malicious-ip,medium,WHITE,ziyadnz/hourly-ipv4,ziyadnz|hourly,2026-08-17T18:48:05Z,2026-08-17T18:48:05Z,
117.156.132.120,ipv4,malicious-ip,medium,WHITE,ziyadnz/hourly-ipv4,ziyadnz|hourly,2026-08-17T18:48:05Z,2026-08-17T18:48:05Z,
117.156.234.55,ipv4,malicious-ip,medium,WHITE,ziyadnz/hourly-ipv4,ziyadnz|hourly,2026-08-17T18:48:05Z,2026-08-17T18:48:05Z,
117.156.234.57,ipv4,malicious-ip,medium,WHITE,ziyadnz/hourly-ipv4,ziyadnz|hourly,2026-08-17T18:48:05Z,2026-08-17T18:48:05Z,
117.156.234.61,ipv4,malicious-ip,medium,WHITE,ziyadnz/hourly-ipv4,ziyadnz|hourly,2026-08-17T18:48:05Z,2026-08-17T18:48:05Z,
117.156.235.12,ipv4,malicious-ip,medium,WHITE,ziyadnz/hourly-ipv4,ziyadnz|hourly,2026-08-17T18:48:05Z,2026-08-17T18:48:05Z,
117.156.238.160,ipv4,malicious-ip,medium,WHITE,ziyadnz/hourly-ipv4,ziyadnz|hourly,2026-08-17T18:48:05Z,2026-08-17T18:48:05Z,
117.156.56.3,ipv4,malicious-ip,medium,WHITE,ziyadnz/hourly-ipv4,ziyadnz|hourly,2026-08-17T18:48:05Z,2026-08-17T18:48:05Z,
117.156.56.4,ipv4,malicious-ip,medium,WHITE,ziyadnz/hourly-ipv4,ziyadnz|hourly,2026-08-17T18:48:05Z,2026-08-17T18:48:05Z,
117.156.56.6,ipv4,malicious-ip,medium,WHITE,ziyadnz/hourly-ipv4,ziyadnz|hourly,2026-08-17T18:48:05Z,2026-08-17T18:48:05Z,
117.156.81.178,ipv4,malicious-ip,medium,WHITE,ziyadnz/hourly-ipv4,ziyadnz|hourly,2026-08-17T18:48:05Z,2026-08-17T18:48:05Z,
117.156.81.189,ipv4,malicious-ip,medium,WHITE,ziyadnz/hourly-ipv4,ziyadnz|hourly,2026-08-17T18:48:05Z,2026-08-17T18:48:05Z,
117.156.81.24,ipv4,malicious-ip,medium,WHITE,ziyadnz/hourly-ipv4,ziyadnz|hourly,2026-08-17T18:48:05Z,2026-08-17T18:48:05Z,
117.156.86.145,ipv4,malicious-ip,medium,WHITE,ziyadnz/hourly-ipv4,ziyadnz|hourly,2026-08-17T18:48:05Z,2026-08-17T18:48:05Z,
117.156.86.161,ipv4,malicious-ip,medium,WHITE,ziyadnz/hourly-ipv4,ziyadnz|hourly,2026-08-17T18:48:05Z,2026-08-17T18:48:05Z,
117.156.86.181,ipv4,malicious-ip,medium,WHITE,ziyadnz/hourly-ipv4,ziyadnz|hourly,2026-08-17T18:48:05Z,2026-08-17T18:48:05Z,
117.156.86.212,ipv4,malicious-ip,medium,WHITE,ziyadnz/hourly-ipv4,ziyadnz|hourly,2026-08-17T18:48:05Z,2026-08-17T18:48:05Z,
117.156.86.213,ipv4,malicious-ip,medium,WHITE,ziyadnz/hourly-ipv4,ziyadnz|hourly,2026-08-17T18:48:05Z,2026-08-17T18:48:05Z,
117.157.87.101,ipv4,malicious-ip,medium,WHITE,ziyadnz/hourly-ipv4,ziyadnz|hourly,2026-08-17T18:48:05Z,2026-08-17T18:48:05Z,
117.158.138.160,ipv4,malicious-ip,medium,WHITE,ziyadnz/hourly-ipv4,ziyadnz|hourly,2026-08-17T18:48:05Z,2026-08-17T18:48:05Z,
117.158.156.76,ipv4,malicious-ip,medium,WHITE,ziyadnz/hourly-ipv4,ziyadnz|hourly,2026-08-17T18:48:05Z,2026-08-17T18:48:05Z,
117.158.160.42,ipv4,malicious-ip,medium,WHITE,ziyadnz/hourly-ipv4,ziyadnz|hourly,2026-08-17T18:48:05Z,2026-08-17T18:48:05Z,
117.158.49.115,ipv4,malicious-ip,medium,WHITE,ziyadnz/hourly-ipv4,ziyadnz|hourly,2026-08-17T18:48:05Z,2026-08-17T18:48:05Z,
117.158.66.137,ipv4,malicious-ip,medium,WHITE,ziyadnz/hourly-ipv4,ziyadnz|hourly,2026-08-17T18:48:05Z,2026-08-17T18:48:05Z,
117.159.240.204,ipv4,malicious-ip,medium,WHITE,ziyadnz/hourly-ipv4,ziyadnz|hourly,2026-08-17T18:48:05Z,2026-08-17T18:48:05Z,
117.159.26.141,ipv4,malicious-ip,medium,WHITE,ziyadnz/hourly-ipv4,ziyadnz|hourly,2026-08-17T18:48:05Z,2026-08-17T18:48:05Z,
117.159.39.226,ipv4,malicious-ip,medium,WHITE,ziyadnz/hourly-ipv4,ziyadnz|hourly,2026-08-17T18:48:05Z,2026-08-17T18:48:05Z,
117.159.73.83,ipv4,malicious-ip,medium,WHITE,ziyadnz/hourly-ipv4,ziyadnz|hourly,2026-08-17T18:48:05Z,2026-08-17T18:48:05Z,
117.159.9.4,ipv4,malicious-ip,medium,WHITE,ziyadnz/hourly-ipv4,ziyadnz|hourly,2026-08-17T18:48:05Z,2026-08-17T18:48:05Z,
117.160.131.100,ipv4,malicious-ip,medium,WHITE,ziyadnz/hourly-ipv4,ziyadnz|hourly,2026-08-17T18:48:05Z,2026-08-17T18:48:05Z,
117.163.241.120,ipv4,malicious-ip,medium,WHITE,ziyadnz/hourly-ipv4,ziyadnz|hourly,2026-08-17T18:48:05Z,2026-08-17T18:48:05Z,
117.163.56.227,ipv4,malicious-ip,medium,WHITE,ziyadnz/hourly-ipv4,ziyadnz|hourly,2026-08-17T18:48:05Z,2026-08-17T18:48:05Z,
117.164.120.123,ipv4,malicious-ip,medium,WHITE,ziyadnz/hourly-ipv4,ziyadnz|hourly,2026-08-17T18:48:05Z,2026-08-17T18:48:05Z,
117.166.52.204,ipv4,malicious-ip,medium,WHITE,ziyadnz/hourly-ipv4,ziyadnz|hourly,2026-08-17T18:48:05Z,2026-08-17T18:48:05Z,
117.166.52.30,ipv4,malicious-ip,medium,WHITE,ziyadnz/hourly-ipv4,ziyadnz|hourly,2026-08-17T18:48:05Z,2026-08-17T18:48:05Z,
117.166.57.65,ipv4,malicious-ip,medium,WHITE,ziyadnz/hourly-ipv4,ziyadnz|hourly,2026-08-17T18:48:05Z,2026-08-17T18:48:05Z,
117.170.232.211,ipv4,malicious-ip,medium,WHITE,ziyadnz/hourly-ipv4,ziyadnz|hourly,2026-08-17T18:48:05Z,2026-08-17T18:48:05Z,
117.170.72.102,ipv4,malicious-ip,medium,WHITE,ziyadnz/hourly-ipv4,ziyadnz|hourly,2026-08-17T18:48:05Z,2026-08-17T18:48:05Z,
117.172.163.46,ipv4,malicious-ip,medium,WHITE,ziyadnz/hourly-ipv4,ziyadnz|hourly,2026-08-17T18:48:05Z,2026-08-17T18:48:05Z,
117.172.221.13,ipv4,malicious-ip,medium,WHITE,ziyadnz/hourly-ipv4,ziyadnz|hourly,2026-08-17T18:48:05Z,2026-08-17T18:48:05Z,
117.172.221.133,ipv4,malicious-ip,medium,WHITE,ziyadnz/hourly-ipv4,ziyadnz|hourly,2026-08-17T18:48:05Z,2026-08-17T18:48:05Z,
117.172.40.83,ipv4,malicious-ip,medium,WHITE,ziyadnz/hourly-ipv4,ziyadnz|hourly,2026-08-17T18:48:05Z,2026-08-17T18:48:05Z,
117.173.65.4,ipv4,malicious-ip,medium,WHITE,ziyadnz/hourly-ipv4,ziyadnz|hourly,2026-08-17T18:48:05Z,2026-08-17T18:48:05Z,
117.173.77.121,ipv4,malicious-ip,medium,WHITE,ziyadnz/hourly-ipv4,ziyadnz|hourly,2026-08-17T18:48:05Z,2026-08-17T18:48:05Z,
117.173.91.119,ipv4,malicious-ip,medium,WHITE,ziyadnz/hourly-ipv4,ziyadnz|hourly,2026-08-17T18:48:05Z,2026-08-17T18:48:05Z,
117.174.122.130,ipv4,malicious-ip,medium,WHITE,ziyadnz/hourly-ipv4,ziyadnz|hourly,2026-08-17T18:48:05Z,2026-08-17T18:48:05Z,
117.175.140.121,ipv4,malicious-ip,medium,WHITE,ziyadnz/hourly-ipv4,ziyadnz|hourly,2026-08-17T18:48:05Z,2026-08-17T18:48:05Z,
117.175.185.81,ipv4,malicious-ip,medium,WHITE,ziyadnz/hourly-ipv4,ziyadnz|hourly,2026-08-17T18:48:05Z,2026-08-17T18:48:05Z,
117.175.51.134,ipv4,malicious-ip,medium,WHITE,ziyadnz/hourly-ipv4,ziyadnz|hourly,2026-08-17T18:48:05Z,2026-08-17T18:48:05Z,
117.175.83.11,ipv4,malicious-ip,medium,WHITE,ziyadnz/hourly-ipv4,ziyadnz|hourly,2026-08-17T18:48:05Z,2026-08-17T18:48:05Z,
117.176.115.186,ipv4,malicious-ip,medium,WHITE,ziyadnz/hourly-ipv4,ziyadnz|hourly,2026-08-17T18:48:05Z,2026-08-17T18:48:05Z,
117.176.219.185,ipv4,malicious-ip,medium,WHITE,ziyadnz/hourly-ipv4,ziyadnz|hourly,2026-08-17T18:48:05Z,2026-08-17T18:48:05Z,
117.176.252.247,ipv4,malicious-ip,medium,WHITE,ziyadnz/hourly-ipv4,ziyadnz|hourly,2026-08-17T18:48:05Z,2026-08-17T18:48:05Z,
117.177.32.149,ipv4,malicious-ip,medium,WHITE,ziyadnz/hourly-ipv4,ziyadnz|hourly,2026-08-17T18:48:05Z,2026-08-17T18:48:05Z,
117.179.119.60,ipv4,malicious-ip,medium,WHITE,ziyadnz/hourly-ipv4,ziyadnz|hourly,2026-08-17T18:48:05Z,2026-08-17T18:48:05Z,
117.18.179.232,ipv4,malicious-ip,medium,WHITE,ziyadnz/hourly-ipv4,ziyadnz|hourly,2026-08-17T18:48:05Z,2026-08-17T18:48:05Z,
117.18.20.106,ipv4,malicious-ip,medium,WHITE,ziyadnz/hourly-ipv4,ziyadnz|hourly,2026-08-17T18:48:05Z,2026-08-17T18:48:05Z,
117.18.20.86,ipv4,malicious-ip,medium,WHITE,ziyadnz/hourly-ipv4,ziyadnz|hourly,2026-08-17T18:48:05Z,2026-08-17T18:48:05Z,
117.180.211.13,ipv4,malicious-ip,medium,WHITE,ziyadnz/hourly-ipv4,ziyadnz|hourly,2026-08-17T18:48:05Z,2026-08-17T18:48:05Z,
117.180.211.17,ipv4,malicious-ip,medium,WHITE,ziyadnz/hourly-ipv4,ziyadnz|hourly,2026-08-17T18:48:05Z,2026-08-17T18:48:05Z,
117.180.211.18,ipv4,malicious-ip,medium,WHITE,ziyadnz/hourly-ipv4,ziyadnz|hourly,2026-08-17T18:48:05Z,2026-08-17T18:48:05Z,
117.180.211.5,ipv4,malicious-ip,medium,WHITE,ziyadnz/hourly-ipv4,ziyadnz|hourly,2026-08-17T18:48:05Z,2026-08-17T18:48:05Z,
117.181.198.101,ipv4,malicious-ip,medium,WHITE,ziyadnz/hourly-ipv4,ziyadnz|hourly,2026-08-17T18:48:05Z,2026-08-17T18:48:05Z,
117.182.13.146,ipv4,malicious-ip,medium,WHITE,ziyadnz/hourly-ipv4,ziyadnz|hourly,2026-08-17T18:48:05Z,2026-08-17T18:48:05Z,
117.185.181.245,ipv4,malicious-ip,medium,WHITE,ziyadnz/hourly-ipv4,ziyadnz|hourly,2026-08-17T18:48:05Z,2026-08-17T18:48:05Z,
117.187.124.130,ipv4,malicious-ip,medium,WHITE,ziyadnz/hourly-ipv4,ziyadnz|hourly,2026-08-17T18:48:05Z,2026-08-17T18:48:05Z,
117.187.180.0,ipv4,malicious-ip,medium,WHITE,ziyadnz/hourly-ipv4,ziyadnz|hourly,2026-08-17T18:48:05Z,2026-08-17T18:48:05Z,
117.187.180.20,ipv4,malicious-ip,medium,WHITE,ziyadnz/hourly-ipv4,ziyadnz|hourly,2026-08-17T18:48:05Z,2026-08-17T18:48:05Z,
117.187.180.215,ipv4,malicious-ip,medium,WHITE,ziyadnz/hourly-ipv4,ziyadnz|hourly,2026-08-17T18:48:05Z,2026-08-17T18:48:05Z,
117.188.185.95,ipv4,malicious-ip,medium,WHITE,ziyadnz/hourly-ipv4,ziyadnz|hourly,2026-08-17T18:48:05Z,2026-08-17T18:48:05Z,
117.188.205.164,ipv4,malicious-ip,medium,WHITE,ziyadnz/hourly-ipv4,ziyadnz|hourly,2026-08-17T18:48:05Z,2026-08-17T18:48:05Z,
117.188.255.217,ipv4,malicious-ip,medium,WHITE,ziyadnz/hourly-ipv4,ziyadnz|hourly,2026-08-17T18:48:05Z,2026-08-17T18:48:05Z,
117.189.168.105,ipv4,malicious-ip,medium,WHITE,ziyadnz/hourly-ipv4,ziyadnz|hourly,2026-08-17T18:48:05Z,2026-08-17T18:48:05Z,
117.189.220.109,ipv4,malicious-ip,medium,WHITE,ziyadnz/hourly-ipv4,ziyadnz|hourly,2026-08-17T18:48:05Z,2026-08-17T18:48:05Z,
117.190.138.17,ipv4,malicious-ip,medium,WHITE,ziyadnz/hourly-ipv4,ziyadnz|hourly,2026-08-17T18:48:05Z,2026-08-17T18:48:05Z,
117.191.127.86,ipv4,malicious-ip,medium,WHITE,ziyadnz/hourly-ipv4,ziyadnz|hourly,2026-08-17T18:48:05Z,2026-08-17T18:48:05Z,
117.191.64.44,ipv4,malicious-ip,medium,WHITE,ziyadnz/hourly-ipv4,ziyadnz|hourly,2026-08-17T18:48:05Z,2026-08-17T18:48:05Z,
117.191.83.250,ipv4,malicious-ip,medium,WHITE,ziyadnz/hourly-ipv4,ziyadnz|hourly,2026-08-17T18:48:05Z,2026-08-17T18:48:05Z,
117.192.143.108,ipv4,malicious-ip,medium,WHITE,ziyadnz/hourly-ipv4,ziyadnz|hourly,2026-08-17T18:48:05Z,2026-08-17T18:48:05Z,
117.192.154.234,ipv4,malicious-ip,medium,WHITE,ziyadnz/hourly-ipv4,ziyadnz|hourly,2026-08-17T18:48:05Z,2026-08-17T18:48:05Z,
117.192.175.139,ipv4,malicious-ip,medium,WHITE,ziyadnz/hourly-ipv4,ziyadnz|hourly,2026-08-17T18:48:05Z,2026-08-17T18:48:05Z,
117.192.245.131,ipv4,malicious-ip,medium,WHITE,ziyadnz/hourly-ipv4,ziyadnz|hourly,2026-08-17T18:48:05Z,2026-08-17T18:48:05Z,
117.192.41.235,ipv4,malicious-ip,medium,WHITE,ziyadnz/hourly-ipv4,ziyadnz|hourly,2026-08-17T18:48:05Z,2026-08-17T18:48:05Z,
117.193.106.244,ipv4,malicious-ip,medium,WHITE,ziyadnz/hourly-ipv4,ziyadnz|hourly,2026-08-17T18:48:05Z,2026-08-17T18:48:05Z,
117.193.124.35,ipv4,malicious-ip,medium,WHITE,ziyadnz/hourly-ipv4,ziyadnz|hourly,2026-08-17T18:48:05Z,2026-08-17T18:48:05Z,
117.193.128.123,ipv4,malicious-ip,medium,WHITE,ziyadnz/hourly-ipv4,ziyadnz|hourly,2026-08-17T18:48:05Z,2026-08-17T18:48:05Z,
117.193.177.179,ipv4,malicious-ip,medium,WHITE,ziyadnz/hourly-ipv4,ziyadnz|hourly,2026-08-17T18:48:05Z,2026-08-17T18:48:05Z,
117.193.72.129,ipv4,malicious-ip,medium,WHITE,ziyadnz/hourly-ipv4,ziyadnz|hourly,2026-08-17T18:48:05Z,2026-08-17T18:48:05Z,
117.194.108.203,ipv4,malicious-ip,medium,WHITE,ziyadnz/hourly-ipv4,ziyadnz|hourly,2026-08-17T18:48:05Z,2026-08-17T18:48:05Z,
117.194.97.17,ipv4,malicious-ip,medium,WHITE,ziyadnz/hourly-ipv4,ziyadnz|hourly,2026-08-17T18:48:05Z,2026-08-17T18:48:05Z,
117.195.115.42,ipv4,malicious-ip,medium,WHITE,ziyadnz/hourly-ipv4,ziyadnz|hourly,2026-08-17T18:48:05Z,2026-08-17T18:48:05Z,
117.195.196.24,ipv4,malicious-ip,medium,WHITE,ziyadnz/hourly-ipv4,ziyadnz|hourly,2026-08-17T18:48:05Z,2026-08-17T18:48:05Z,
117.195.196.84,ipv4,malicious-ip,medium,WHITE,ziyadnz/hourly-ipv4,ziyadnz|hourly,2026-08-17T18:48:05Z,2026-08-17T18:48:05Z,
117.195.198.74,ipv4,malicious-ip,medium,WHITE,ziyadnz/hourly-ipv4,ziyadnz|hourly,2026-08-17T18:48:05Z,2026-08-17T18:48:05Z,
117.195.3.100,ipv4,malicious-ip,medium,WHITE,ziyadnz/hourly-ipv4,ziyadnz|hourly,2026-08-17T18:48:05Z,2026-08-17T18:48:05Z,
117.195.78.194,ipv4,malicious-ip,medium,WHITE,ziyadnz/hourly-ipv4,ziyadnz|hourly,2026-08-17T18:48:05Z,2026-08-17T18:48:05Z,
117.196.145.113,ipv4,malicious-ip,medium,WHITE,ziyadnz/hourly-ipv4,ziyadnz|hourly,2026-08-17T18:48:05Z,2026-08-17T18:48:05Z,
117.196.146.233,ipv4,malicious-ip,medium,WHITE,ziyadnz/hourly-ipv4,ziyadnz|hourly,2026-08-17T18:48:05Z,2026-08-17T18:48:05Z,
117.196.45.149,ipv4,malicious-ip,medium,WHITE,ziyadnz/hourly-ipv4,ziyadnz|hourly,2026-08-17T18:48:05Z,2026-08-17T18:48:05Z,
117.197.100.250,ipv4,malicious-ip,medium,WHITE,ziyadnz/hourly-ipv4,ziyadnz|hourly,2026-08-17T18:48:05Z,2026-08-17T18:48:05Z,
117.197.185.138,ipv4,malicious-ip,medium,WHITE,ziyadnz/hourly-ipv4,ziyadnz|hourly,2026-08-17T18:48:05Z,2026-08-17T18:48:05Z,
117.197.227.64,ipv4,malicious-ip,medium,WHITE,ziyadnz/hourly-ipv4,ziyadnz|hourly,2026-08-17T18:48:05Z,2026-08-17T18:48:05Z,
117.198.140.81,ipv4,malicious-ip,medium,WHITE,ziyadnz/hourly-ipv4,ziyadnz|hourly,2026-08-17T18:48:05Z,2026-08-17T18:48:05Z,
117.198.99.18,ipv4,malicious-ip,medium,WHITE,ziyadnz/hourly-ipv4,ziyadnz|hourly,2026-08-17T18:48:05Z,2026-08-17T18:48:05Z,
117.199.240.92,ipv4,malicious-ip,medium,WHITE,ziyadnz/hourly-ipv4,ziyadnz|hourly,2026-08-17T18:48:05Z,2026-08-17T18:48:05Z,
117.199.74.85,ipv4,malicious-ip,medium,WHITE,ziyadnz/hourly-ipv4,ziyadnz|hourly,2026-08-17T18:48:05Z,2026-08-17T18:48:05Z,
117.2.125.208,ipv4,malicious-ip,medium,WHITE,ziyadnz/hourly-ipv4,ziyadnz|hourly,2026-08-17T18:48:05Z,2026-08-17T18:48:05Z,
117.2.125.76,ipv4,malicious-ip,medium,WHITE,ziyadnz/hourly-ipv4,ziyadnz|hourly,2026-08-17T18:48:05Z,2026-08-17T18:48:05Z,
117.2.158.129,ipv4,malicious-ip,medium,WHITE,ziyadnz/hourly-ipv4,ziyadnz|hourly,2026-08-17T18:48:05Z,2026-08-17T18:48:05Z,
117.2.22.68,ipv4,malicious-ip,medium,WHITE,ziyadnz/hourly-ipv4,ziyadnz|hourly,2026-08-17T18:48:05Z,2026-08-17T18:48:05Z,
117.20.19.174,ipv4,malicious-ip,medium,WHITE,ziyadnz/hourly-ipv4,ziyadnz|hourly,2026-08-17T18:48:05Z,2026-08-17T18:48:05Z,
117.20.223.26,ipv4,malicious-ip,medium,WHITE,ziyadnz/hourly-ipv4,ziyadnz|hourly,2026-08-17T18:48:05Z,2026-08-17T18:48:05Z,
117.20.29.101,ipv4,malicious-ip,medium,WHITE,ziyadnz/hourly-ipv4,ziyadnz|hourly,2026-08-17T18:48:05Z,2026-08-17T18:48:05Z,
117.20.29.64,ipv4,malicious-ip,medium,WHITE,ziyadnz/hourly-ipv4,ziyadnz|hourly,2026-08-17T18:48:05Z,2026-08-17T18:48:05Z,
117.20.30.210,ipv4,malicious-ip,medium,WHITE,ziyadnz/hourly-ipv4,ziyadnz|hourly,2026-08-17T18:48:05Z,2026-08-17T18:48:05Z,
117.200.73.28,ipv4,malicious-ip,medium,WHITE,ziyadnz/hourly-ipv4,ziyadnz|hourly,2026-08-17T18:48:05Z,2026-08-17T18:48:05Z,
117.200.91.9,ipv4,malicious-ip,medium,WHITE,ziyadnz/hourly-ipv4,ziyadnz|hourly,2026-08-17T18:48:05Z,2026-08-17T18:48:05Z,
117.201.187.246,ipv4,malicious-ip,medium,WHITE,ziyadnz/hourly-ipv4,ziyadnz|hourly,2026-08-17T18:48:05Z,2026-08-17T18:48:05Z,
117.201.252.248,ipv4,malicious-ip,medium,WHITE,ziyadnz/hourly-ipv4,ziyadnz|hourly,2026-08-17T18:48:05Z,2026-08-17T18:48:05Z,
117.201.3.138,ipv4,malicious-ip,medium,WHITE,ziyadnz/hourly-ipv4,ziyadnz|hourly,2026-08-17T18:48:05Z,2026-08-17T18:48:05Z,
117.201.8.63,ipv4,malicious-ip,medium,WHITE,ziyadnz/hourly-ipv4,ziyadnz|hourly,2026-08-17T18:48:05Z,2026-08-17T18:48:05Z,
117.202.161.243,ipv4,malicious-ip,medium,WHITE,ziyadnz/hourly-ipv4,ziyadnz|hourly,2026-08-17T18:48:05Z,2026-08-17T18:48:05Z,
117.202.78.131,ipv4,malicious-ip,medium,WHITE,ziyadnz/hourly-ipv4,ziyadnz|hourly,2026-08-17T18:48:05Z,2026-08-17T18:48:05Z,
117.203.171.201,ipv4,malicious-ip,medium,WHITE,ziyadnz/hourly-ipv4,ziyadnz|hourly,2026-08-17T18:48:05Z,2026-08-17T18:48:05Z,
117.203.192.115,ipv4,malicious-ip,medium,WHITE,ziyadnz/hourly-ipv4,ziyadnz|hourly,2026-08-17T18:48:05Z,2026-08-17T18:48:05Z,
117.203.202.7,ipv4,malicious-ip,medium,WHITE,ziyadnz/hourly-ipv4,ziyadnz|hourly,2026-08-17T18:48:05Z,2026-08-17T18:48:05Z,
117.204.1.45,ipv4,malicious-ip,medium,WHITE,ziyadnz/hourly-ipv4,ziyadnz|hourly,2026-08-17T18:48:05Z,2026-08-17T18:48:05Z,
117.204.115.57,ipv4,malicious-ip,medium,WHITE,ziyadnz/hourly-ipv4,ziyadnz|hourly,2026-08-17T18:48:05Z,2026-08-17T18:48:05Z,
117.205.104.170,ipv4,malicious-ip,medium,WHITE,ziyadnz/hourly-ipv4,ziyadnz|hourly,2026-08-17T18:48:05Z,2026-08-17T18:48:05Z,
117.205.105.151,ipv4,malicious-ip,medium,WHITE,ziyadnz/hourly-ipv4,ziyadnz|hourly,2026-08-17T18:48:05Z,2026-08-17T18:48:05Z,
117.205.162.138,ipv4,malicious-ip,medium,WHITE,ziyadnz/hourly-ipv4,ziyadnz|hourly,2026-08-17T18:48:05Z,2026-08-17T18:48:05Z,
117.205.166.253,ipv4,malicious-ip,medium,WHITE,ziyadnz/hourly-ipv4,ziyadnz|hourly,2026-08-17T18:48:05Z,2026-08-17T18:48:05Z,
117.205.187.158,ipv4,malicious-ip,medium,WHITE,ziyadnz/hourly-ipv4,ziyadnz|hourly,2026-08-17T18:48:05Z,2026-08-17T18:48:05Z,
117.205.187.32,ipv4,malicious-ip,medium,WHITE,ziyadnz/hourly-ipv4,ziyadnz|hourly,2026-08-17T18:48:05Z,2026-08-17T18:48:05Z,
117.205.3.26,ipv4,malicious-ip,medium,WHITE,ziyadnz/hourly-ipv4,ziyadnz|hourly,2026-08-17T18:48:05Z,2026-08-17T18:48:05Z,
117.206.239.231,ipv4,malicious-ip,medium,WHITE,ziyadnz/hourly-ipv4,ziyadnz|hourly,2026-08-17T18:48:05Z,2026-08-17T18:48:05Z,
117.206.83.89,ipv4,malicious-ip,medium,WHITE,ziyadnz/hourly-ipv4,ziyadnz|hourly,2026-08-17T18:48:05Z,2026-08-17T18:48:05Z,
117.206.86.68,ipv4,malicious-ip,medium,WHITE,ziyadnz/hourly-ipv4,ziyadnz|hourly,2026-08-17T18:48:05Z,2026-08-17T18:48:05Z,
117.207.214.17,ipv4,malicious-ip,medium,WHITE,ziyadnz/hourly-ipv4,ziyadnz|hourly,2026-08-17T18:48:05Z,2026-08-17T18:48:05Z,
117.207.219.248,ipv4,malicious-ip,medium,WHITE,ziyadnz/hourly-ipv4,ziyadnz|hourly,2026-08-17T18:48:05Z,2026-08-17T18:48:05Z,
117.210.140.132,ipv4,malicious-ip,medium,WHITE,ziyadnz/hourly-ipv4,ziyadnz|hourly,2026-08-17T18:48:05Z,2026-08-17T18:48:05Z,
117.210.196.119,ipv4,malicious-ip,medium,WHITE,ziyadnz/hourly-ipv4,ziyadnz|hourly,2026-08-17T18:48:05Z,2026-08-17T18:48:05Z,
117.211.15.106,ipv4,malicious-ip,medium,WHITE,ziyadnz/hourly-ipv4,ziyadnz|hourly,2026-08-17T18:48:05Z,2026-08-17T18:48:05Z,
117.211.15.93,ipv4,malicious-ip,medium,WHITE,ziyadnz/hourly-ipv4,ziyadnz|hourly,2026-08-17T18:48:05Z,2026-08-17T18:48:05Z,
117.211.166.22,ipv4,malicious-ip,medium,WHITE,ziyadnz/hourly-ipv4,ziyadnz|hourly,2026-08-17T18:48:05Z,2026-08-17T18:48:05Z,
117.211.19.196,ipv4,malicious-ip,medium,WHITE,ziyadnz/hourly-ipv4,ziyadnz|hourly,2026-08-17T18:48:05Z,2026-08-17T18:48:05Z,
117.211.210.41,ipv4,malicious-ip,medium,WHITE,ziyadnz/hourly-ipv4,ziyadnz|hourly,2026-08-17T18:48:05Z,2026-08-17T18:48:05Z,
117.211.212.129,ipv4,malicious-ip,medium,WHITE,ziyadnz/hourly-ipv4,ziyadnz|hourly,2026-08-17T18:48:05Z,2026-08-17T18:48:05Z,
117.211.213.219,ipv4,malicious-ip,medium,WHITE,ziyadnz/hourly-ipv4,ziyadnz|hourly,2026-08-17T18:48:05Z,2026-08-17T18:48:05Z,
117.211.213.58,ipv4,malicious-ip,medium,WHITE,ziyadnz/hourly-ipv4,ziyadnz|hourly,2026-08-17T18:48:05Z,2026-08-17T18:48:05Z,
117.211.23.245,ipv4,malicious-ip,medium,WHITE,ziyadnz/hourly-ipv4,ziyadnz|hourly,2026-08-17T18:48:05Z,2026-08-17T18:48:05Z,
117.211.254.244,ipv4,malicious-ip,medium,WHITE,ziyadnz/hourly-ipv4,ziyadnz|hourly,2026-08-17T18:48:05Z,2026-08-17T18:48:05Z,
117.211.46.63,ipv4,malicious-ip,medium,WHITE,ziyadnz/hourly-ipv4,ziyadnz|hourly,2026-08-17T18:48:05Z,2026-08-17T18:48:05Z,
117.211.76.94,ipv4,malicious-ip,medium,WHITE,ziyadnz/hourly-ipv4,ziyadnz|hourly,2026-08-17T18:48:05Z,2026-08-17T18:48:05Z,
117.211.78.172,ipv4,malicious-ip,medium,WHITE,ziyadnz/hourly-ipv4,ziyadnz|hourly,2026-08-17T18:48:05Z,2026-08-17T18:48:05Z,
117.212.152.185,ipv4,malicious-ip,medium,WHITE,ziyadnz/hourly-ipv4,ziyadnz|hourly,2026-08-17T18:48:05Z,2026-08-17T18:48:05Z,
117.212.155.20,ipv4,malicious-ip,medium,WHITE,ziyadnz/hourly-ipv4,ziyadnz|hourly,2026-08-17T18:48:05Z,2026-08-17T18:48:05Z,
117.212.191.12,ipv4,malicious-ip,medium,WHITE,ziyadnz/hourly-ipv4,ziyadnz|hourly,2026-08-17T18:48:05Z,2026-08-17T18:48:05Z,
117.212.50.21,ipv4,malicious-ip,medium,WHITE,ziyadnz/hourly-ipv4,ziyadnz|hourly,2026-08-17T18:48:05Z,2026-08-17T18:48:05Z,
117.213.202.34,ipv4,malicious-ip,medium,WHITE,ziyadnz/hourly-ipv4,ziyadnz|hourly,2026-08-17T18:48:05Z,2026-08-17T18:48:05Z,
117.213.86.123,ipv4,malicious-ip,medium,WHITE,ziyadnz/hourly-ipv4,ziyadnz|hourly,2026-08-17T18:48:05Z,2026-08-17T18:48:05Z,
117.214.118.81,ipv4,malicious-ip,medium,WHITE,ziyadnz/hourly-ipv4,ziyadnz|hourly,2026-08-17T18:48:05Z,2026-08-17T18:48:05Z,
117.214.243.2,ipv4,malicious-ip,medium,WHITE,ziyadnz/hourly-ipv4,ziyadnz|hourly,2026-08-17T18:48:05Z,2026-08-17T18:48:05Z,
117.214.41.208,ipv4,malicious-ip,medium,WHITE,ziyadnz/hourly-ipv4,ziyadnz|hourly,2026-08-17T18:48:05Z,2026-08-17T18:48:05Z,
117.215.100.179,ipv4,malicious-ip,medium,WHITE,ziyadnz/hourly-ipv4,ziyadnz|hourly,2026-08-17T18:48:05Z,2026-08-17T18:48:05Z,
117.215.120.34,ipv4,malicious-ip,medium,WHITE,ziyadnz/hourly-ipv4,ziyadnz|hourly,2026-08-17T18:48:05Z,2026-08-17T18:48:05Z,
117.215.122.150,ipv4,malicious-ip,medium,WHITE,ziyadnz/hourly-ipv4,ziyadnz|hourly,2026-08-17T18:48:05Z,2026-08-17T18:48:05Z,
117.215.158.137,ipv4,malicious-ip,medium,WHITE,ziyadnz/hourly-ipv4,ziyadnz|hourly,2026-08-17T18:48:05Z,2026-08-17T18:48:05Z,
117.215.206.216,ipv4,malicious-ip,medium,WHITE,ziyadnz/hourly-ipv4,ziyadnz|hourly,2026-08-17T18:48:05Z,2026-08-17T18:48:05Z,
117.215.33.197,ipv4,malicious-ip,medium,WHITE,ziyadnz/hourly-ipv4,ziyadnz|hourly,2026-08-17T18:48:05Z,2026-08-17T18:48:05Z,
117.215.97.22,ipv4,malicious-ip,medium,WHITE,ziyadnz/hourly-ipv4,ziyadnz|hourly,2026-08-17T18:48:05Z,2026-08-17T18:48:05Z,
117.215.99.206,ipv4,malicious-ip,medium,WHITE,ziyadnz/hourly-ipv4,ziyadnz|hourly,2026-08-17T18:48:05Z,2026-08-17T18:48:05Z,
117.216.106.17,ipv4,malicious-ip,medium,WHITE,ziyadnz/hourly-ipv4,ziyadnz|hourly,2026-08-17T18:48:05Z,2026-08-17T18:48:05Z,
117.216.109.194,ipv4,malicious-ip,medium,WHITE,ziyadnz/hourly-ipv4,ziyadnz|hourly,2026-08-17T18:48:05Z,2026-08-17T18:48:05Z,
117.216.128.168,ipv4,malicious-ip,medium,WHITE,ziyadnz/hourly-ipv4,ziyadnz|hourly,2026-08-17T18:48:05Z,2026-08-17T18:48:05Z,
117.216.136.100,ipv4,malicious-ip,medium,WHITE,ziyadnz/hourly-ipv4,ziyadnz|hourly,2026-08-17T18:48:05Z,2026-08-17T18:48:05Z,
117.216.214.91,ipv4,malicious-ip,medium,WHITE,ziyadnz/hourly-ipv4,ziyadnz|hourly,2026-08-17T18:48:05Z,2026-08-17T18:48:05Z,
117.216.246.101,ipv4,malicious-ip,medium,WHITE,ziyadnz/hourly-ipv4,ziyadnz|hourly,2026-08-17T18:48:05Z,2026-08-17T18:48:05Z,
117.216.33.31,ipv4,malicious-ip,medium,WHITE,ziyadnz/hourly-ipv4,ziyadnz|hourly,2026-08-17T18:48:05Z,2026-08-17T18:48:05Z,
117.216.41.163,ipv4,malicious-ip,medium,WHITE,ziyadnz/hourly-ipv4,ziyadnz|hourly,2026-08-17T18:48:05Z,2026-08-17T18:48:05Z,
117.216.44.174,ipv4,malicious-ip,medium,WHITE,ziyadnz/hourly-ipv4,ziyadnz|hourly,2026-08-17T18:48:05Z,2026-08-17T18:48:05Z,
117.217.114.123,ipv4,malicious-ip,medium,WHITE,ziyadnz/hourly-ipv4,ziyadnz|hourly,2026-08-17T18:48:05Z,2026-08-17T18:48:05Z,
117.217.127.100,ipv4,malicious-ip,medium,WHITE,ziyadnz/hourly-ipv4,ziyadnz|hourly,2026-08-17T18:48:05Z,2026-08-17T18:48:05Z,
117.219.85.20,ipv4,malicious-ip,medium,WHITE,ziyadnz/hourly-ipv4,ziyadnz|hourly,2026-08-17T18:48:05Z,2026-08-17T18:48:05Z,
117.220.35.67,ipv4,malicious-ip,medium,WHITE,ziyadnz/hourly-ipv4,ziyadnz|hourly,2026-08-17T18:48:05Z,2026-08-17T18:48:05Z,
117.220.36.119,ipv4,malicious-ip,medium,WHITE,ziyadnz/hourly-ipv4,ziyadnz|hourly,2026-08-17T18:48:05Z,2026-08-17T18:48:05Z,
117.220.41.28,ipv4,malicious-ip,medium,WHITE,ziyadnz/hourly-ipv4,ziyadnz|hourly,2026-08-17T18:48:05Z,2026-08-17T18:48:05Z,
117.220.45.112,ipv4,malicious-ip,medium,WHITE,ziyadnz/hourly-ipv4,ziyadnz|hourly,2026-08-17T18:48:05Z,2026-08-17T18:48:05Z,
117.220.56.167,ipv4,malicious-ip,medium,WHITE,ziyadnz/hourly-ipv4,ziyadnz|hourly,2026-08-17T18:48:05Z,2026-08-17T18:48:05Z,
117.220.89.44,ipv4,malicious-ip,medium,WHITE,ziyadnz/hourly-ipv4,ziyadnz|hourly,2026-08-17T18:48:05Z,2026-08-17T18:48:05Z,
117.221.164.155,ipv4,malicious-ip,medium,WHITE,ziyadnz/hourly-ipv4,ziyadnz|hourly,2026-08-17T18:48:05Z,2026-08-17T18:48:05Z,
117.221.168.71,ipv4,malicious-ip,medium,WHITE,ziyadnz/hourly-ipv4,ziyadnz|hourly,2026-08-17T18:48:05Z,2026-08-17T18:48:05Z,
117.221.169.112,ipv4,malicious-ip,medium,WHITE,ziyadnz/hourly-ipv4,ziyadnz|hourly,2026-08-17T18:48:05Z,2026-08-17T18:48:05Z,
117.221.172.224,ipv4,malicious-ip,medium,WHITE,ziyadnz/hourly-ipv4,ziyadnz|hourly,2026-08-17T18:48:05Z,2026-08-17T18:48:05Z,
117.221.175.103,ipv4,malicious-ip,medium,WHITE,ziyadnz/hourly-ipv4,ziyadnz|hourly,2026-08-17T18:48:05Z,2026-08-17T18:48:05Z,
117.221.175.46,ipv4,malicious-ip,medium,WHITE,ziyadnz/hourly-ipv4,ziyadnz|hourly,2026-08-17T18:48:05Z,2026-08-17T18:48:05Z,
117.221.188.129,ipv4,malicious-ip,medium,WHITE,ziyadnz/hourly-ipv4,ziyadnz|hourly,2026-08-17T18:48:05Z,2026-08-17T18:48:05Z,
117.221.48.237,ipv4,malicious-ip,medium,WHITE,ziyadnz/hourly-ipv4,ziyadnz|hourly,2026-08-17T18:48:05Z,2026-08-17T18:48:05Z,
117.222.0.100,ipv4,malicious-ip,medium,WHITE,ziyadnz/hourly-ipv4,ziyadnz|hourly,2026-08-17T18:48:05Z,2026-08-17T18:48:05Z,
117.222.116.17,ipv4,malicious-ip,medium,WHITE,ziyadnz/hourly-ipv4,ziyadnz|hourly,2026-08-17T18:48:05Z,2026-08-17T18:48:05Z,
117.222.50.166,ipv4,malicious-ip,medium,WHITE,ziyadnz/hourly-ipv4,ziyadnz|hourly,2026-08-17T18:48:05Z,2026-08-17T18:48:05Z,
117.222.53.147,ipv4,malicious-ip,medium,WHITE,ziyadnz/hourly-ipv4,ziyadnz|hourly,2026-08-17T18:48:05Z,2026-08-17T18:48:05Z,
117.222.55.111,ipv4,malicious-ip,medium,WHITE,ziyadnz/hourly-ipv4,ziyadnz|hourly,2026-08-17T18:48:05Z,2026-08-17T18:48:05Z,
117.223.129.150,ipv4,malicious-ip,medium,WHITE,ziyadnz/hourly-ipv4,ziyadnz|hourly,2026-08-17T18:48:05Z,2026-08-17T18:48:05Z,
117.223.47.95,ipv4,malicious-ip,medium,WHITE,ziyadnz/hourly-ipv4,ziyadnz|hourly,2026-08-17T18:48:05Z,2026-08-17T18:48:05Z,
117.232.137.165,ipv4,malicious-ip,medium,WHITE,ziyadnz/hourly-ipv4,ziyadnz|hourly,2026-08-17T18:48:05Z,2026-08-17T18:48:05Z,
117.232.151.1,ipv4,malicious-ip,medium,WHITE,ziyadnz/hourly-ipv4,ziyadnz|hourly,2026-08-17T18:48:05Z,2026-08-17T18:48:05Z,
117.232.32.249,ipv4,malicious-ip,medium,WHITE,ziyadnz/hourly-ipv4,ziyadnz|hourly,2026-08-17T18:48:05Z,2026-08-17T18:48:05Z,
117.232.83.251,ipv4,malicious-ip,medium,WHITE,ziyadnz/hourly-ipv4,ziyadnz|hourly,2026-08-17T18:48:05Z,2026-08-17T18:48:05Z,
117.233.139.131,ipv4,malicious-ip,medium,WHITE,ziyadnz/hourly-ipv4,ziyadnz|hourly,2026-08-17T18:48:05Z,2026-08-17T18:48:05Z,
117.233.239.174,ipv4,malicious-ip,medium,WHITE,ziyadnz/hourly-ipv4,ziyadnz|hourly,2026-08-17T18:48:05Z,2026-08-17T18:48:05Z,
117.235.149.197,ipv4,malicious-ip,medium,WHITE,ziyadnz/hourly-ipv4,ziyadnz|hourly,2026-08-17T18:48:05Z,2026-08-17T18:48:05Z,
117.235.184.125,ipv4,malicious-ip,medium,WHITE,ziyadnz/hourly-ipv4,ziyadnz|hourly,2026-08-17T18:48:05Z,2026-08-17T18:48:05Z,
117.235.205.75,ipv4,malicious-ip,medium,WHITE,ziyadnz/hourly-ipv4,ziyadnz|hourly,2026-08-17T18:48:05Z,2026-08-17T18:48:05Z,
117.235.79.177,ipv4,malicious-ip,medium,WHITE,ziyadnz/hourly-ipv4,ziyadnz|hourly,2026-08-17T18:48:05Z,2026-08-17T18:48:05Z,
117.235.83.158,ipv4,malicious-ip,medium,WHITE,ziyadnz/hourly-ipv4,ziyadnz|hourly,2026-08-17T18:48:05Z,2026-08-17T18:48:05Z,
117.235.95.181,ipv4,malicious-ip,medium,WHITE,ziyadnz/hourly-ipv4,ziyadnz|hourly,2026-08-17T18:48:05Z,2026-08-17T18:48:05Z,
117.236.191.233,ipv4,malicious-ip,medium,WHITE,ziyadnz/hourly-ipv4,ziyadnz|hourly,2026-08-17T18:48:05Z,2026-08-17T18:48:05Z,
117.239.157.74,ipv4,malicious-ip,medium,WHITE,ziyadnz/hourly-ipv4,ziyadnz|hourly,2026-08-17T18:48:05Z,2026-08-17T18:48:05Z,
117.239.199.202,ipv4,malicious-ip,medium,WHITE,ziyadnz/hourly-ipv4,ziyadnz|hourly,2026-08-17T18:48:05Z,2026-08-17T18:48:05Z,
117.239.51.75,ipv4,malicious-ip,medium,WHITE,ziyadnz/hourly-ipv4,ziyadnz|hourly,2026-08-17T18:48:05Z,2026-08-17T18:48:05Z,
117.24.141.213,ipv4,malicious-ip,medium,WHITE,ziyadnz/hourly-ipv4,ziyadnz|hourly,2026-08-17T18:48:05Z,2026-08-17T18:48:05Z,
117.24.143.147,ipv4,malicious-ip,medium,WHITE,ziyadnz/hourly-ipv4,ziyadnz|hourly,2026-08-17T18:48:05Z,2026-08-17T18:48:05Z,
117.240.0.49,ipv4,malicious-ip,medium,WHITE,ziyadnz/hourly-ipv4,ziyadnz|hourly,2026-08-17T18:48:05Z,2026-08-17T18:48:05Z,
117.240.152.41,ipv4,malicious-ip,medium,WHITE,ziyadnz/hourly-ipv4,ziyadnz|hourly,2026-08-17T18:48:05Z,2026-08-17T18:48:05Z,
117.240.189.210,ipv4,malicious-ip,medium,WHITE,ziyadnz/hourly-ipv4,ziyadnz|hourly,2026-08-17T18:48:05Z,2026-08-17T18:48:05Z,
117.240.36.65,ipv4,malicious-ip,medium,WHITE,ziyadnz/hourly-ipv4,ziyadnz|hourly,2026-08-17T18:48:05Z,2026-08-17T18:48:05Z,
117.241.129.196,ipv4,malicious-ip,medium,WHITE,ziyadnz/hourly-ipv4,ziyadnz|hourly,2026-08-17T18:48:05Z,2026-08-17T18:48:05Z,
117.241.77.78,ipv4,malicious-ip,medium,WHITE,ziyadnz/hourly-ipv4,ziyadnz|hourly,2026-08-17T18:48:05Z,2026-08-17T18:48:05Z,
117.242.151.247,ipv4,malicious-ip,medium,WHITE,ziyadnz/hourly-ipv4,ziyadnz|hourly,2026-08-17T18:48:05Z,2026-08-17T18:48:05Z,
117.242.151.41,ipv4,malicious-ip,medium,WHITE,ziyadnz/hourly-ipv4,ziyadnz|hourly,2026-08-17T18:48:05Z,2026-08-17T18:48:05Z,
117.242.191.241,ipv4,malicious-ip,medium,WHITE,ziyadnz/hourly-ipv4,ziyadnz|hourly,2026-08-17T18:48:05Z,2026-08-17T18:48:05Z,
117.242.204.69,ipv4,malicious-ip,medium,WHITE,ziyadnz/hourly-ipv4,ziyadnz|hourly,2026-08-17T18:48:05Z,2026-08-17T18:48:05Z,
117.242.213.170,ipv4,malicious-ip,medium,WHITE,ziyadnz/hourly-ipv4,ziyadnz|hourly,2026-08-17T18:48:05Z,2026-08-17T18:48:05Z,
117.242.217.145,ipv4,malicious-ip,medium,WHITE,ziyadnz/hourly-ipv4,ziyadnz|hourly,2026-08-17T18:48:05Z,2026-08-17T18:48:05Z,
117.242.71.32,ipv4,malicious-ip,medium,WHITE,ziyadnz/hourly-ipv4,ziyadnz|hourly,2026-08-17T18:48:05Z,2026-08-17T18:48:05Z,
117.243.108.103,ipv4,malicious-ip,medium,WHITE,ziyadnz/hourly-ipv4,ziyadnz|hourly,2026-08-17T18:48:05Z,2026-08-17T18:48:05Z,
117.243.91.41,ipv4,malicious-ip,medium,WHITE,ziyadnz/hourly-ipv4,ziyadnz|hourly,2026-08-17T18:48:05Z,2026-08-17T18:48:05Z,
117.244.252.182,ipv4,malicious-ip,medium,WHITE,ziyadnz/hourly-ipv4,ziyadnz|hourly,2026-08-17T18:48:05Z,2026-08-17T18:48:05Z,
117.244.252.81,ipv4,malicious-ip,medium,WHITE,ziyadnz/hourly-ipv4,ziyadnz|hourly,2026-08-17T18:48:05Z,2026-08-17T18:48:05Z,
117.244.253.253,ipv4,malicious-ip,medium,WHITE,ziyadnz/hourly-ipv4,ziyadnz|hourly,2026-08-17T18:48:05Z,2026-08-17T18:48:05Z,
117.245.138.53,ipv4,malicious-ip,medium,WHITE,ziyadnz/hourly-ipv4,ziyadnz|hourly,2026-08-17T18:48:05Z,2026-08-17T18:48:05Z,
117.245.214.78,ipv4,malicious-ip,medium,WHITE,ziyadnz/hourly-ipv4,ziyadnz|hourly,2026-08-17T18:48:05Z,2026-08-17T18:48:05Z,
117.245.218.98,ipv4,malicious-ip,medium,WHITE,ziyadnz/hourly-ipv4,ziyadnz|hourly,2026-08-17T18:48:05Z,2026-08-17T18:48:05Z,
117.245.33.233,ipv4,malicious-ip,medium,WHITE,ziyadnz/hourly-ipv4,ziyadnz|hourly,2026-08-17T18:48:05Z,2026-08-17T18:48:05Z,
117.247.101.72,ipv4,malicious-ip,medium,WHITE,ziyadnz/hourly-ipv4,ziyadnz|hourly,2026-08-17T18:48:05Z,2026-08-17T18:48:05Z,
117.247.108.141,ipv4,malicious-ip,medium,WHITE,ziyadnz/hourly-ipv4,ziyadnz|hourly,2026-08-17T18:48:05Z,2026-08-17T18:48:05Z,
117.247.108.24,ipv4,malicious-ip,medium,WHITE,ziyadnz/hourly-ipv4,ziyadnz|hourly,2026-08-17T18:48:05Z,2026-08-17T18:48:05Z,
117.247.111.182,ipv4,malicious-ip,medium,WHITE,ziyadnz/hourly-ipv4,ziyadnz|hourly,2026-08-17T18:48:05Z,2026-08-17T18:48:05Z,
117.247.188.145,ipv4,malicious-ip,medium,WHITE,ziyadnz/hourly-ipv4,ziyadnz|hourly,2026-08-17T18:48:05Z,2026-08-17T18:48:05Z,
117.247.233.195,ipv4,malicious-ip,medium,WHITE,ziyadnz/hourly-ipv4,ziyadnz|hourly,2026-08-17T18:48:05Z,2026-08-17T18:48:05Z,
117.247.239.202,ipv4,malicious-ip,medium,WHITE,ziyadnz/hourly-ipv4,ziyadnz|hourly,2026-08-17T18:48:05Z,2026-08-17T18:48:05Z,
117.247.47.233,ipv4,malicious-ip,medium,WHITE,ziyadnz/hourly-ipv4,ziyadnz|hourly,2026-08-17T18:48:05Z,2026-08-17T18:48:05Z,
117.247.76.4,ipv4,malicious-ip,medium,WHITE,ziyadnz/hourly-ipv4,ziyadnz|hourly,2026-08-17T18:48:05Z,2026-08-17T18:48:05Z,
117.247.77.115,ipv4,malicious-ip,medium,WHITE,ziyadnz/hourly-ipv4,ziyadnz|hourly,2026-08-17T18:48:05Z,2026-08-17T18:48:05Z,
117.247.81.154,ipv4,malicious-ip,medium,WHITE,ziyadnz/hourly-ipv4,ziyadnz|hourly,2026-08-17T18:48:05Z,2026-08-17T18:48:05Z,
117.248.133.50,ipv4,malicious-ip,medium,WHITE,ziyadnz/hourly-ipv4,ziyadnz|hourly,2026-08-17T18:48:05Z,2026-08-17T18:48:05Z,
117.248.162.27,ipv4,malicious-ip,medium,WHITE,ziyadnz/hourly-ipv4,ziyadnz|hourly,2026-08-17T18:48:05Z,2026-08-17T18:48:05Z,
117.248.165.218,ipv4,malicious-ip,medium,WHITE,ziyadnz/hourly-ipv4,ziyadnz|hourly,2026-08-17T18:48:05Z,2026-08-17T18:48:05Z,
117.248.166.8,ipv4,malicious-ip,medium,WHITE,ziyadnz/hourly-ipv4,ziyadnz|hourly,2026-08-17T18:48:05Z,2026-08-17T18:48:05Z,
117.248.169.137,ipv4,malicious-ip,medium,WHITE,ziyadnz/hourly-ipv4,ziyadnz|hourly,2026-08-17T18:48:05Z,2026-08-17T18:48:05Z,
117.248.201.39,ipv4,malicious-ip,medium,WHITE,ziyadnz/hourly-ipv4,ziyadnz|hourly,2026-08-17T18:48:05Z,2026-08-17T18:48:05Z,
117.248.25.172,ipv4,malicious-ip,medium,WHITE,ziyadnz/hourly-ipv4,ziyadnz|hourly,2026-08-17T18:48:05Z,2026-08-17T18:48:05Z,
117.250.19.91,ipv4,malicious-ip,medium,WHITE,ziyadnz/hourly-ipv4,ziyadnz|hourly,2026-08-17T18:48:05Z,2026-08-17T18:48:05Z,
117.250.192.221,ipv4,malicious-ip,medium,WHITE,ziyadnz/hourly-ipv4,ziyadnz|hourly,2026-08-17T18:48:05Z,2026-08-17T18:48:05Z,
117.250.209.37,ipv4,malicious-ip,medium,WHITE,ziyadnz/hourly-ipv4,ziyadnz|hourly,2026-08-17T18:48:05Z,2026-08-17T18:48:05Z,
117.250.210.49,ipv4,malicious-ip,medium,WHITE,ziyadnz/hourly-ipv4,ziyadnz|hourly,2026-08-17T18:48:05Z,2026-08-17T18:48:05Z,
117.250.231.131,ipv4,malicious-ip,medium,WHITE,ziyadnz/hourly-ipv4,ziyadnz|hourly,2026-08-17T18:48:05Z,2026-08-17T18:48:05Z,
117.250.237.194,ipv4,malicious-ip,medium,WHITE,ziyadnz/hourly-ipv4,ziyadnz|hourly,2026-08-17T18:48:05Z,2026-08-17T18:48:05Z,
117.250.250.2,ipv4,malicious-ip,medium,WHITE,ziyadnz/hourly-ipv4,ziyadnz|hourly,2026-08-17T18:48:05Z,2026-08-17T18:48:05Z,
117.250.70.29,ipv4,malicious-ip,medium,WHITE,ziyadnz/hourly-ipv4,ziyadnz|hourly,2026-08-17T18:48:05Z,2026-08-17T18:48:05Z,
117.251.22.119,ipv4,malicious-ip,medium,WHITE,ziyadnz/hourly-ipv4,ziyadnz|hourly,2026-08-17T18:48:05Z,2026-08-17T18:48:05Z,
117.251.22.198,ipv4,malicious-ip,medium,WHITE,ziyadnz/hourly-ipv4,ziyadnz|hourly,2026-08-17T18:48:05Z,2026-08-17T18:48:05Z,
117.251.40.178,ipv4,malicious-ip,medium,WHITE,ziyadnz/hourly-ipv4,ziyadnz|hourly,2026-08-17T18:48:05Z,2026-08-17T18:48:05Z,
117.251.40.3,ipv4,malicious-ip,medium,WHITE,ziyadnz/hourly-ipv4,ziyadnz|hourly,2026-08-17T18:48:05Z,2026-08-17T18:48:05Z,
117.251.86.145,ipv4,malicious-ip,medium,WHITE,ziyadnz/hourly-ipv4,ziyadnz|hourly,2026-08-17T18:48:05Z,2026-08-17T18:48:05Z,
117.251.86.146,ipv4,malicious-ip,medium,WHITE,ziyadnz/hourly-ipv4,ziyadnz|hourly,2026-08-17T18:48:05Z,2026-08-17T18:48:05Z,
117.251.96.51,ipv4,malicious-ip,medium,WHITE,ziyadnz/hourly-ipv4,ziyadnz|hourly,2026-08-17T18:48:05Z,2026-08-17T18:48:05Z,
117.252.241.109,ipv4,malicious-ip,medium,WHITE,ziyadnz/hourly-ipv4,ziyadnz|hourly,2026-08-17T18:48:05Z,2026-08-17T18:48:05Z,
117.252.78.113,ipv4,malicious-ip,medium,WHITE,ziyadnz/hourly-ipv4,ziyadnz|hourly,2026-08-17T18:48:05Z,2026-08-17T18:48:05Z,
117.252.86.216,ipv4,malicious-ip,medium,WHITE,ziyadnz/hourly-ipv4,ziyadnz|hourly,2026-08-17T18:48:05Z,2026-08-17T18:48:05Z,
117.253.130.123,ipv4,malicious-ip,medium,WHITE,ziyadnz/hourly-ipv4,ziyadnz|hourly,2026-08-17T18:48:05Z,2026-08-17T18:48:05Z,
117.253.137.148,ipv4,malicious-ip,medium,WHITE,ziyadnz/hourly-ipv4,ziyadnz|hourly,2026-08-17T18:48:05Z,2026-08-17T18:48:05Z,
117.253.153.43,ipv4,malicious-ip,medium,WHITE,ziyadnz/hourly-ipv4,ziyadnz|hourly,2026-08-17T18:48:05Z,2026-08-17T18:48:05Z,
117.253.241.48,ipv4,malicious-ip,medium,WHITE,ziyadnz/hourly-ipv4,ziyadnz|hourly,2026-08-17T18:48:05Z,2026-08-17T18:48:05Z,
117.253.245.249,ipv4,malicious-ip,medium,WHITE,ziyadnz/hourly-ipv4,ziyadnz|hourly,2026-08-17T18:48:05Z,2026-08-17T18:48:05Z,
117.253.249.29,ipv4,malicious-ip,medium,WHITE,ziyadnz/hourly-ipv4,ziyadnz|hourly,2026-08-17T18:48:05Z,2026-08-17T18:48:05Z,
117.253.250.161,ipv4,malicious-ip,medium,WHITE,ziyadnz/hourly-ipv4,ziyadnz|hourly,2026-08-17T18:48:05Z,2026-08-17T18:48:05Z,
117.253.255.144,ipv4,malicious-ip,medium,WHITE,ziyadnz/hourly-ipv4,ziyadnz|hourly,2026-08-17T18:48:05Z,2026-08-17T18:48:05Z,
117.254.128.37,ipv4,malicious-ip,medium,WHITE,ziyadnz/hourly-ipv4,ziyadnz|hourly,2026-08-17T18:48:05Z,2026-08-17T18:48:05Z,
117.254.211.155,ipv4,malicious-ip,medium,WHITE,ziyadnz/hourly-ipv4,ziyadnz|hourly,2026-08-17T18:48:05Z,2026-08-17T18:48:05Z,
117.254.84.203,ipv4,malicious-ip,medium,WHITE,ziyadnz/hourly-ipv4,ziyadnz|hourly,2026-08-17T18:48:05Z,2026-08-17T18:48:05Z,
117.255.219.82,ipv4,malicious-ip,medium,WHITE,ziyadnz/hourly-ipv4,ziyadnz|hourly,2026-08-17T18:48:05Z,2026-08-17T18:48:05Z,
117.26.73.25,ipv4,malicious-ip,medium,WHITE,ziyadnz/hourly-ipv4,ziyadnz|hourly,2026-08-17T18:48:05Z,2026-08-17T18:48:05Z,
117.3.36.10,ipv4,malicious-ip,medium,WHITE,ziyadnz/hourly-ipv4,ziyadnz|hourly,2026-08-17T18:48:05Z,2026-08-17T18:48:05Z,
117.3.81.226,ipv4,malicious-ip,medium,WHITE,ziyadnz/hourly-ipv4,ziyadnz|hourly,2026-08-17T18:48:05Z,2026-08-17T18:48:05Z,
117.33.169.73,ipv4,malicious-ip,medium,WHITE,ziyadnz/hourly-ipv4,ziyadnz|hourly,2026-08-17T18:48:05Z,2026-08-17T18:48:05Z,
117.33.236.100,ipv4,malicious-ip,medium,WHITE,ziyadnz/hourly-ipv4,ziyadnz|hourly,2026-08-17T18:48:05Z,2026-08-17T18:48:05Z,
117.33.242.180,ipv4,malicious-ip,medium,WHITE,ziyadnz/hourly-ipv4,ziyadnz|hourly,2026-08-17T18:48:05Z,2026-08-17T18:48:05Z,
117.33.242.50,ipv4,malicious-ip,medium,WHITE,ziyadnz/hourly-ipv4,ziyadnz|hourly,2026-08-17T18:48:05Z,2026-08-17T18:48:05Z,
117.34.210.196,ipv4,malicious-ip,medium,WHITE,ziyadnz/hourly-ipv4,ziyadnz|hourly,2026-08-17T18:48:05Z,2026-08-17T18:48:05Z,
117.35.104.66,ipv4,malicious-ip,medium,WHITE,ziyadnz/hourly-ipv4,ziyadnz|hourly,2026-08-17T18:48:05Z,2026-08-17T18:48:05Z,
117.35.158.142,ipv4,malicious-ip,medium,WHITE,ziyadnz/hourly-ipv4,ziyadnz|hourly,2026-08-17T18:48:05Z,2026-08-17T18:48:05Z,
117.35.207.219,ipv4,malicious-ip,medium,WHITE,ziyadnz/hourly-ipv4,ziyadnz|hourly,2026-08-17T18:48:05Z,2026-08-17T18:48:05Z,
117.36.152.44,ipv4,malicious-ip,medium,WHITE,ziyadnz/hourly-ipv4,ziyadnz|hourly,2026-08-17T18:48:05Z,2026-08-17T18:48:05Z,
117.36.158.229,ipv4,malicious-ip,medium,WHITE,ziyadnz/hourly-ipv4,ziyadnz|hourly,2026-08-17T18:48:05Z,2026-08-17T18:48:05Z,
117.4.169.89,ipv4,malicious-ip,medium,WHITE,ziyadnz/hourly-ipv4,ziyadnz|hourly,2026-08-17T18:48:05Z,2026-08-17T18:48:05Z,
117.4.178.122,ipv4,malicious-ip,medium,WHITE,ziyadnz/hourly-ipv4,ziyadnz|hourly,2026-08-17T18:48:05Z,2026-08-17T18:48:05Z,
117.4.242.99,ipv4,malicious-ip,medium,WHITE,ziyadnz/hourly-ipv4,ziyadnz|hourly,2026-08-17T18:48:05Z,2026-08-17T18:48:05Z,
117.4.3.154,ipv4,malicious-ip,medium,WHITE,ziyadnz/hourly-ipv4,ziyadnz|hourly,2026-08-17T18:48:05Z,2026-08-17T18:48:05Z,
117.40.182.15,ipv4,malicious-ip,medium,WHITE,ziyadnz/hourly-ipv4,ziyadnz|hourly,2026-08-17T18:48:05Z,2026-08-17T18:48:05Z,
117.45.119.194,ipv4,malicious-ip,medium,WHITE,ziyadnz/hourly-ipv4,ziyadnz|hourly,2026-08-17T18:48:05Z,2026-08-17T18:48:05Z,
117.48.218.234,ipv4,malicious-ip,medium,WHITE,ziyadnz/hourly-ipv4,ziyadnz|hourly,2026-08-17T18:48:05Z,2026-08-17T18:48:05Z,
117.5.142.190,ipv4,malicious-ip,medium,WHITE,ziyadnz/hourly-ipv4,ziyadnz|hourly,2026-08-17T18:48:05Z,2026-08-17T18:48:05Z,
117.5.184.72,ipv4,malicious-ip,medium,WHITE,ziyadnz/hourly-ipv4,ziyadnz|hourly,2026-08-17T18:48:05Z,2026-08-17T18:48:05Z,
117.5.60.90,ipv4,malicious-ip,medium,WHITE,ziyadnz/hourly-ipv4,ziyadnz|hourly,2026-08-17T18:48:05Z,2026-08-17T18:48:05Z,
117.50.115.41,ipv4,malicious-ip,medium,WHITE,ziyadnz/hourly-ipv4,ziyadnz|hourly,2026-08-17T18:48:05Z,2026-08-17T18:48:05Z,
117.50.127.153,ipv4,malicious-ip,medium,WHITE,ziyadnz/hourly-ipv4,ziyadnz|hourly,2026-08-17T18:48:05Z,2026-08-17T18:48:05Z,
117.50.138.166,ipv4,malicious-ip,medium,WHITE,ziyadnz/hourly-ipv4,ziyadnz|hourly,2026-08-17T18:48:05Z,2026-08-17T18:48:05Z,
117.50.152.101,ipv4,malicious-ip,medium,WHITE,ziyadnz/hourly-ipv4,ziyadnz|hourly,2026-08-17T18:48:05Z,2026-08-17T18:48:05Z,
117.50.158.236,ipv4,malicious-ip,medium,WHITE,ziyadnz/hourly-ipv4,ziyadnz|hourly,2026-08-17T18:48:05Z,2026-08-17T18:48:05Z,
117.50.163.50,ipv4,malicious-ip,medium,WHITE,ziyadnz/hourly-ipv4,ziyadnz|hourly,2026-08-17T18:48:05Z,2026-08-17T18:48:05Z,
117.50.171.92,ipv4,malicious-ip,medium,WHITE,ziyadnz/hourly-ipv4,ziyadnz|hourly,2026-08-17T18:48:05Z,2026-08-17T18:48:05Z,
117.50.175.95,ipv4,malicious-ip,medium,WHITE,ziyadnz/hourly-ipv4,ziyadnz|hourly,2026-08-17T18:48:05Z,2026-08-17T18:48:05Z,
117.50.176.93,ipv4,malicious-ip,medium,WHITE,ziyadnz/hourly-ipv4,ziyadnz|hourly,2026-08-17T18:48:05Z,2026-08-17T18:48:05Z,
117.50.186.80,ipv4,malicious-ip,medium,WHITE,ziyadnz/hourly-ipv4,ziyadnz|hourly,2026-08-17T18:48:05Z,2026-08-17T18:48:05Z,
117.50.187.13,ipv4,malicious-ip,medium,WHITE,ziyadnz/hourly-ipv4,ziyadnz|hourly,2026-08-17T18:48:05Z,2026-08-17T18:48:05Z,
117.50.192.5,ipv4,malicious-ip,medium,WHITE,ziyadnz/hourly-ipv4,ziyadnz|hourly,2026-08-17T18:48:05Z,2026-08-17T18:48:05Z,
117.50.192.54,ipv4,malicious-ip,medium,WHITE,ziyadnz/hourly-ipv4,ziyadnz|hourly,2026-08-17T18:48:05Z,2026-08-17T18:48:05Z,
117.50.193.195,ipv4,malicious-ip,medium,WHITE,ziyadnz/hourly-ipv4,ziyadnz|hourly,2026-08-17T18:48:05Z,2026-08-17T18:48:05Z,
117.50.194.182,ipv4,malicious-ip,medium,WHITE,ziyadnz/hourly-ipv4,ziyadnz|hourly,2026-08-17T18:48:05Z,2026-08-17T18:48:05Z,
117.50.195.206,ipv4,malicious-ip,medium,WHITE,ziyadnz/hourly-ipv4,ziyadnz|hourly,2026-08-17T18:48:05Z,2026-08-17T18:48:05Z,
117.50.199.138,ipv4,malicious-ip,medium,WHITE,ziyadnz/hourly-ipv4,ziyadnz|hourly,2026-08-17T18:48:05Z,2026-08-17T18:48:05Z,
117.50.208.104,ipv4,malicious-ip,medium,WHITE,ziyadnz/hourly-ipv4,ziyadnz|hourly,2026-08-17T18:48:05Z,2026-08-17T18:48:05Z,
117.50.208.11,ipv4,malicious-ip,medium,WHITE,ziyadnz/hourly-ipv4,ziyadnz|hourly,2026-08-17T18:48:05Z,2026-08-17T18:48:05Z,
117.50.211.146,ipv4,malicious-ip,medium,WHITE,ziyadnz/hourly-ipv4,ziyadnz|hourly,2026-08-17T18:48:05Z,2026-08-17T18:48:05Z,
117.50.211.254,ipv4,malicious-ip,medium,WHITE,ziyadnz/hourly-ipv4,ziyadnz|hourly,2026-08-17T18:48:05Z,2026-08-17T18:48:05Z,
117.50.46.117,ipv4,malicious-ip,medium,WHITE,ziyadnz/hourly-ipv4,ziyadnz|hourly,2026-08-17T18:48:05Z,2026-08-17T18:48:05Z,
117.50.47.100,ipv4,malicious-ip,medium,WHITE,ziyadnz/hourly-ipv4,ziyadnz|hourly,2026-08-17T18:48:05Z,2026-08-17T18:48:05Z,
117.50.52.13,ipv4,malicious-ip,medium,WHITE,ziyadnz/hourly-ipv4,ziyadnz|hourly,2026-08-17T18:48:05Z,2026-08-17T18:48:05Z,
117.50.70.125,ipv4,malicious-ip,medium,WHITE,ziyadnz/hourly-ipv4,ziyadnz|hourly,2026-08-17T18:48:05Z,2026-08-17T18:48:05Z,
117.50.73.90,ipv4,malicious-ip,medium,WHITE,ziyadnz/hourly-ipv4,ziyadnz|hourly,2026-08-17T18:48:05Z,2026-08-17T18:48:05Z,
117.50.75.90,ipv4,malicious-ip,medium,WHITE,ziyadnz/hourly-ipv4,ziyadnz|hourly,2026-08-17T18:48:05Z,2026-08-17T18:48:05Z,
117.52.20.56,ipv4,malicious-ip,medium,WHITE,ziyadnz/hourly-ipv4,ziyadnz|hourly,2026-08-17T18:48:05Z,2026-08-17T18:48:05Z,
117.53.47.72,ipv4,malicious-ip,medium,WHITE,ziyadnz/hourly-ipv4,ziyadnz|hourly,2026-08-17T18:48:05Z,2026-08-17T18:48:05Z,
117.54.226.50,ipv4,malicious-ip,medium,WHITE,ziyadnz/hourly-ipv4,ziyadnz|hourly,2026-08-17T18:48:05Z,2026-08-17T18:48:05Z,
117.55.203.189,ipv4,malicious-ip,medium,WHITE,ziyadnz/hourly-ipv4,ziyadnz|hourly,2026-08-17T18:48:05Z,2026-08-17T18:48:05Z,
117.55.243.201,ipv4,malicious-ip,medium,WHITE,ziyadnz/hourly-ipv4,ziyadnz|hourly,2026-08-17T18:48:05Z,2026-08-17T18:48:05Z,
117.57.106.155,ipv4,malicious-ip,medium,WHITE,ziyadnz/hourly-ipv4,ziyadnz|hourly,2026-08-17T18:48:05Z,2026-08-17T18:48:05Z,
117.57.106.192,ipv4,malicious-ip,medium,WHITE,ziyadnz/hourly-ipv4,ziyadnz|hourly,2026-08-17T18:48:05Z,2026-08-17T18:48:05Z,
117.57.205.36,ipv4,malicious-ip,medium,WHITE,ziyadnz/hourly-ipv4,ziyadnz|hourly,2026-08-17T18:48:05Z,2026-08-17T18:48:05Z,
117.57.68.68,ipv4,malicious-ip,medium,WHITE,ziyadnz/hourly-ipv4,ziyadnz|hourly,2026-08-17T18:48:05Z,2026-08-17T18:48:05Z,
117.6.178.122,ipv4,malicious-ip,medium,WHITE,ziyadnz/hourly-ipv4,ziyadnz|hourly,2026-08-17T18:48:05Z,2026-08-17T18:48:05Z,
117.60.113.104,ipv4,malicious-ip,medium,WHITE,ziyadnz/hourly-ipv4,ziyadnz|hourly,2026-08-17T18:48:05Z,2026-08-17T18:48:05Z,
117.60.113.117,ipv4,malicious-ip,medium,WHITE,ziyadnz/hourly-ipv4,ziyadnz|hourly,2026-08-17T18:48:05Z,2026-08-17T18:48:05Z,
117.60.113.121,ipv4,malicious-ip,medium,WHITE,ziyadnz/hourly-ipv4,ziyadnz|hourly,2026-08-17T18:48:05Z,2026-08-17T18:48:05Z,
117.60.113.133,ipv4,malicious-ip,medium,WHITE,ziyadnz/hourly-ipv4,ziyadnz|hourly,2026-08-17T18:48:05Z,2026-08-17T18:48:05Z,
117.60.113.188,ipv4,malicious-ip,medium,WHITE,ziyadnz/hourly-ipv4,ziyadnz|hourly,2026-08-17T18:48:05Z,2026-08-17T18:48:05Z,
117.60.127.203,ipv4,malicious-ip,medium,WHITE,ziyadnz/hourly-ipv4,ziyadnz|hourly,2026-08-17T18:48:05Z,2026-08-17T18:48:05Z,
117.60.127.69,ipv4,malicious-ip,medium,WHITE,ziyadnz/hourly-ipv4,ziyadnz|hourly,2026-08-17T18:48:05Z,2026-08-17T18:48:05Z,
117.60.127.84,ipv4,malicious-ip,medium,WHITE,ziyadnz/hourly-ipv4,ziyadnz|hourly,2026-08-17T18:48:05Z,2026-08-17T18:48:05Z,
117.60.127.87,ipv4,malicious-ip,medium,WHITE,ziyadnz/hourly-ipv4,ziyadnz|hourly,2026-08-17T18:48:05Z,2026-08-17T18:48:05Z,
117.60.176.73,ipv4,malicious-ip,medium,WHITE,ziyadnz/hourly-ipv4,ziyadnz|hourly,2026-08-17T18:48:05Z,2026-08-17T18:48:05Z,
117.60.22.12,ipv4,malicious-ip,medium,WHITE,ziyadnz/hourly-ipv4,ziyadnz|hourly,2026-08-17T18:48:05Z,2026-08-17T18:48:05Z,
117.60.36.42,ipv4,malicious-ip,medium,WHITE,ziyadnz/hourly-ipv4,ziyadnz|hourly,2026-08-17T18:48:05Z,2026-08-17T18:48:05Z,
117.62.116.230,ipv4,malicious-ip,medium,WHITE,ziyadnz/hourly-ipv4,ziyadnz|hourly,2026-08-17T18:48:05Z,2026-08-17T18:48:05Z,
117.62.237.194,ipv4,malicious-ip,medium,WHITE,ziyadnz/hourly-ipv4,ziyadnz|hourly,2026-08-17T18:48:05Z,2026-08-17T18:48:05Z,
117.62.237.45,ipv4,malicious-ip,medium,WHITE,ziyadnz/hourly-ipv4,ziyadnz|hourly,2026-08-17T18:48:05Z,2026-08-17T18:48:05Z,
117.62.238.207,ipv4,malicious-ip,medium,WHITE,ziyadnz/hourly-ipv4,ziyadnz|hourly,2026-08-17T18:48:05Z,2026-08-17T18:48:05Z,
117.62.239.123,ipv4,malicious-ip,medium,WHITE,ziyadnz/hourly-ipv4,ziyadnz|hourly,2026-08-17T18:48:05Z,2026-08-17T18:48:05Z,
117.62.25.81,ipv4,malicious-ip,medium,WHITE,ziyadnz/hourly-ipv4,ziyadnz|hourly,2026-08-17T18:48:05Z,2026-08-17T18:48:05Z,
117.62.26.77,ipv4,malicious-ip,medium,WHITE,ziyadnz/hourly-ipv4,ziyadnz|hourly,2026-08-17T18:48:05Z,2026-08-17T18:48:05Z,
117.62.5.231,ipv4,malicious-ip,medium,WHITE,ziyadnz/hourly-ipv4,ziyadnz|hourly,2026-08-17T18:48:05Z,2026-08-17T18:48:05Z,
117.63.8.249,ipv4,malicious-ip,medium,WHITE,ziyadnz/hourly-ipv4,ziyadnz|hourly,2026-08-17T18:48:05Z,2026-08-17T18:48:05Z,
117.64.66.37,ipv4,malicious-ip,medium,WHITE,ziyadnz/hourly-ipv4,ziyadnz|hourly,2026-08-17T18:48:05Z,2026-08-17T18:48:05Z,
117.66.153.168,ipv4,malicious-ip,medium,WHITE,ziyadnz/hourly-ipv4,ziyadnz|hourly,2026-08-17T18:48:05Z,2026-08-17T18:48:05Z,
117.66.221.205,ipv4,malicious-ip,medium,WHITE,ziyadnz/hourly-ipv4,ziyadnz|hourly,2026-08-17T18:48:05Z,2026-08-17T18:48:05Z,
117.66.222.45,ipv4,malicious-ip,medium,WHITE,ziyadnz/hourly-ipv4,ziyadnz|hourly,2026-08-17T18:48:05Z,2026-08-17T18:48:05Z,
117.68.234.53,ipv4,malicious-ip,medium,WHITE,ziyadnz/hourly-ipv4,ziyadnz|hourly,2026-08-17T18:48:05Z,2026-08-17T18:48:05Z,
117.68.74.158,ipv4,malicious-ip,medium,WHITE,ziyadnz/hourly-ipv4,ziyadnz|hourly,2026-08-17T18:48:05Z,2026-08-17T18:48:05Z,
117.68.74.160,ipv4,malicious-ip,medium,WHITE,ziyadnz/hourly-ipv4,ziyadnz|hourly,2026-08-17T18:48:05Z,2026-08-17T18:48:05Z,
117.68.74.161,ipv4,malicious-ip,medium,WHITE,ziyadnz/hourly-ipv4,ziyadnz|hourly,2026-08-17T18:48:05Z,2026-08-17T18:48:05Z,
117.68.74.162,ipv4,malicious-ip,medium,WHITE,ziyadnz/hourly-ipv4,ziyadnz|hourly,2026-08-17T18:48:05Z,2026-08-17T18:48:05Z,
117.68.74.165,ipv4,malicious-ip,medium,WHITE,ziyadnz/hourly-ipv4,ziyadnz|hourly,2026-08-17T18:48:05Z,2026-08-17T18:48:05Z,
117.68.85.127,ipv4,malicious-ip,medium,WHITE,ziyadnz/hourly-ipv4,ziyadnz|hourly,2026-08-17T18:48:05Z,2026-08-17T18:48:05Z,
117.7.81.125,ipv4,malicious-ip,medium,WHITE,ziyadnz/hourly-ipv4,ziyadnz|hourly,2026-08-17T18:48:05Z,2026-08-17T18:48:05Z,
117.71.228.68,ipv4,malicious-ip,medium,WHITE,ziyadnz/hourly-ipv4,ziyadnz|hourly,2026-08-17T18:48:05Z,2026-08-17T18:48:05Z,
117.71.53.210,ipv4,malicious-ip,medium,WHITE,ziyadnz/hourly-ipv4,ziyadnz|hourly,2026-08-17T18:48:05Z,2026-08-17T18:48:05Z,
117.71.92.13,ipv4,malicious-ip,medium,WHITE,ziyadnz/hourly-ipv4,ziyadnz|hourly,2026-08-17T18:48:05Z,2026-08-17T18:48:05Z,
117.72.100.0,ipv4,malicious-ip,medium,WHITE,ziyadnz/hourly-ipv4,ziyadnz|hourly,2026-08-17T18:48:05Z,2026-08-17T18:48:05Z,
117.72.100.85,ipv4,malicious-ip,medium,WHITE,ziyadnz/hourly-ipv4,ziyadnz|hourly,2026-08-17T18:48:05Z,2026-08-17T18:48:05Z,
117.72.121.35,ipv4,malicious-ip,medium,WHITE,ziyadnz/hourly-ipv4,ziyadnz|hourly,2026-08-17T18:48:05Z,2026-08-17T18:48:05Z,
117.72.145.224,ipv4,malicious-ip,medium,WHITE,ziyadnz/hourly-ipv4,ziyadnz|hourly,2026-08-17T18:48:05Z,2026-08-17T18:48:05Z,
117.72.149.64,ipv4,malicious-ip,medium,WHITE,ziyadnz/hourly-ipv4,ziyadnz|hourly,2026-08-17T18:48:05Z,2026-08-17T18:48:05Z,
117.72.152.142,ipv4,malicious-ip,medium,WHITE,ziyadnz/hourly-ipv4,ziyadnz|hourly,2026-08-17T18:48:05Z,2026-08-17T18:48:05Z,
117.72.156.151,ipv4,malicious-ip,medium,WHITE,ziyadnz/hourly-ipv4,ziyadnz|hourly,2026-08-17T18:48:05Z,2026-08-17T18:48:05Z,
117.72.180.163,ipv4,malicious-ip,medium,WHITE,ziyadnz/hourly-ipv4,ziyadnz|hourly,2026-08-17T18:48:05Z,2026-08-17T18:48:05Z,
117.72.186.146,ipv4,malicious-ip,medium,WHITE,ziyadnz/hourly-ipv4,ziyadnz|hourly,2026-08-17T18:48:05Z,2026-08-17T18:48:05Z,
117.72.192.11,ipv4,malicious-ip,medium,WHITE,ziyadnz/hourly-ipv4,ziyadnz|hourly,2026-08-17T18:48:05Z,2026-08-17T18:48:05Z,
117.72.210.13,ipv4,malicious-ip,medium,WHITE,ziyadnz/hourly-ipv4,ziyadnz|hourly,2026-08-17T18:48:05Z,2026-08-17T18:48:05Z,
117.72.211.138,ipv4,malicious-ip,medium,WHITE,ziyadnz/hourly-ipv4,ziyadnz|hourly,2026-08-17T18:48:05Z,2026-08-17T18:48:05Z,
117.72.211.35,ipv4,malicious-ip,medium,WHITE,ziyadnz/hourly-ipv4,ziyadnz|hourly,2026-08-17T18:48:05Z,2026-08-17T18:48:05Z,
117.72.214.8,ipv4,malicious-ip,medium,WHITE,ziyadnz/hourly-ipv4,ziyadnz|hourly,2026-08-17T18:48:05Z,2026-08-17T18:48:05Z,
117.72.216.1,ipv4,malicious-ip,medium,WHITE,ziyadnz/hourly-ipv4,ziyadnz|hourly,2026-08-17T18:48:05Z,2026-08-17T18:48:05Z,
117.72.219.199,ipv4,malicious-ip,medium,WHITE,ziyadnz/hourly-ipv4,ziyadnz|hourly,2026-08-17T18:48:05Z,2026-08-17T18:48:05Z,
117.72.222.104,ipv4,malicious-ip,medium,WHITE,ziyadnz/hourly-ipv4,ziyadnz|hourly,2026-08-17T18:48:05Z,2026-08-17T18:48:05Z,
117.72.242.9,ipv4,malicious-ip,medium,WHITE,ziyadnz/hourly-ipv4,ziyadnz|hourly,2026-08-17T18:48:05Z,2026-08-17T18:48:05Z,
117.72.32.172,ipv4,malicious-ip,medium,WHITE,ziyadnz/hourly-ipv4,ziyadnz|hourly,2026-08-17T18:48:05Z,2026-08-17T18:48:05Z,
117.72.35.56,ipv4,malicious-ip,medium,WHITE,ziyadnz/hourly-ipv4,ziyadnz|hourly,2026-08-17T18:48:05Z,2026-08-17T18:48:05Z,
117.72.35.94,ipv4,malicious-ip,medium,WHITE,ziyadnz/hourly-ipv4,ziyadnz|hourly,2026-08-17T18:48:05Z,2026-08-17T18:48:05Z,
117.72.36.67,ipv4,malicious-ip,medium,WHITE,ziyadnz/hourly-ipv4,ziyadnz|hourly,2026-08-17T18:48:05Z,2026-08-17T18:48:05Z,
117.72.45.195,ipv4,malicious-ip,medium,WHITE,ziyadnz/hourly-ipv4,ziyadnz|hourly,2026-08-17T18:48:05Z,2026-08-17T18:48:05Z,
117.72.46.72,ipv4,malicious-ip,medium,WHITE,ziyadnz/hourly-ipv4,ziyadnz|hourly,2026-08-17T18:48:05Z,2026-08-17T18:48:05Z,
117.72.56.31,ipv4,malicious-ip,medium,WHITE,ziyadnz/hourly-ipv4,ziyadnz|hourly,2026-08-17T18:48:05Z,2026-08-17T18:48:05Z,
117.72.64.105,ipv4,malicious-ip,medium,WHITE,ziyadnz/hourly-ipv4,ziyadnz|hourly,2026-08-17T18:48:05Z,2026-08-17T18:48:05Z,
117.72.66.216,ipv4,malicious-ip,medium,WHITE,ziyadnz/hourly-ipv4,ziyadnz|hourly,2026-08-17T18:48:05Z,2026-08-17T18:48:05Z,
117.72.67.86,ipv4,malicious-ip,medium,WHITE,ziyadnz/hourly-ipv4,ziyadnz|hourly,2026-08-17T18:48:05Z,2026-08-17T18:48:05Z,
117.72.70.169,ipv4,malicious-ip,medium,WHITE,ziyadnz/hourly-ipv4,ziyadnz|hourly,2026-08-17T18:48:05Z,2026-08-17T18:48:05Z,
117.72.74.48,ipv4,malicious-ip,medium,WHITE,ziyadnz/hourly-ipv4,ziyadnz|hourly,2026-08-17T18:48:05Z,2026-08-17T18:48:05Z,
117.72.74.50,ipv4,malicious-ip,medium,WHITE,ziyadnz/hourly-ipv4,ziyadnz|hourly,2026-08-17T18:48:05Z,2026-08-17T18:48:05Z,
117.72.81.59,ipv4,malicious-ip,medium,WHITE,ziyadnz/hourly-ipv4,ziyadnz|hourly,2026-08-17T18:48:05Z,2026-08-17T18:48:05Z,
117.79.154.162,ipv4,malicious-ip,medium,WHITE,ziyadnz/hourly-ipv4,ziyadnz|hourly,2026-08-17T18:48:05Z,2026-08-17T18:48:05Z,
117.79.226.11,ipv4,malicious-ip,medium,WHITE,ziyadnz/hourly-ipv4,ziyadnz|hourly,2026-08-17T18:48:05Z,2026-08-17T18:48:05Z,
117.79.226.23,ipv4,malicious-ip,medium,WHITE,ziyadnz/hourly-ipv4,ziyadnz|hourly,2026-08-17T18:48:05Z,2026-08-17T18:48:05Z,
117.79.226.9,ipv4,malicious-ip,medium,WHITE,ziyadnz/hourly-ipv4,ziyadnz|hourly,2026-08-17T18:48:05Z,2026-08-17T18:48:05Z,
117.80.226.34,ipv4,malicious-ip,medium,WHITE,ziyadnz/hourly-ipv4,ziyadnz|hourly,2026-08-17T18:48:05Z,2026-08-17T18:48:05Z,
117.80.232.39,ipv4,malicious-ip,medium,WHITE,ziyadnz/hourly-ipv4,ziyadnz|hourly,2026-08-17T18:48:05Z,2026-08-17T18:48:05Z,
117.80.234.157,ipv4,malicious-ip,medium,WHITE,ziyadnz/hourly-ipv4,ziyadnz|hourly,2026-08-17T18:48:05Z,2026-08-17T18:48:05Z,
117.80.57.127,ipv4,malicious-ip,medium,WHITE,ziyadnz/hourly-ipv4,ziyadnz|hourly,2026-08-17T18:48:05Z,2026-08-17T18:48:05Z,
117.80.66.113,ipv4,malicious-ip,medium,WHITE,ziyadnz/hourly-ipv4,ziyadnz|hourly,2026-08-17T18:48:05Z,2026-08-17T18:48:05Z,
117.81.182.177,ipv4,malicious-ip,medium,WHITE,ziyadnz/hourly-ipv4,ziyadnz|hourly,2026-08-17T18:48:05Z,2026-08-17T18:48:05Z,
117.81.183.123,ipv4,malicious-ip,medium,WHITE,ziyadnz/hourly-ipv4,ziyadnz|hourly,2026-08-17T18:48:05Z,2026-08-17T18:48:05Z,
117.81.191.20,ipv4,malicious-ip,medium,WHITE,ziyadnz/hourly-ipv4,ziyadnz|hourly,2026-08-17T18:48:05Z,2026-08-17T18:48:05Z,
117.81.226.159,ipv4,malicious-ip,medium,WHITE,ziyadnz/hourly-ipv4,ziyadnz|hourly,2026-08-17T18:48:05Z,2026-08-17T18:48:05Z,
117.81.31.196,ipv4,malicious-ip,medium,WHITE,ziyadnz/hourly-ipv4,ziyadnz|hourly,2026-08-17T18:48:05Z,2026-08-17T18:48:05Z,
117.82.121.38,ipv4,malicious-ip,medium,WHITE,ziyadnz/hourly-ipv4,ziyadnz|hourly,2026-08-17T18:48:05Z,2026-08-17T18:48:05Z,
117.82.179.56,ipv4,malicious-ip,medium,WHITE,ziyadnz/hourly-ipv4,ziyadnz|hourly,2026-08-17T18:48:05Z,2026-08-17T18:48:05Z,
117.82.47.146,ipv4,malicious-ip,medium,WHITE,ziyadnz/hourly-ipv4,ziyadnz|hourly,2026-08-17T18:48:05Z,2026-08-17T18:48:05Z,
117.83.206.106,ipv4,malicious-ip,medium,WHITE,ziyadnz/hourly-ipv4,ziyadnz|hourly,2026-08-17T18:48:05Z,2026-08-17T18:48:05Z,
117.84.138.103,ipv4,malicious-ip,medium,WHITE,ziyadnz/hourly-ipv4,ziyadnz|hourly,2026-08-17T18:48:05Z,2026-08-17T18:48:05Z,
117.85.144.13,ipv4,malicious-ip,medium,WHITE,ziyadnz/hourly-ipv4,ziyadnz|hourly,2026-08-17T18:48:05Z,2026-08-17T18:48:05Z,
117.86.107.3,ipv4,malicious-ip,medium,WHITE,ziyadnz/hourly-ipv4,ziyadnz|hourly,2026-08-17T18:48:05Z,2026-08-17T18:48:05Z,
117.86.161.144,ipv4,malicious-ip,medium,WHITE,ziyadnz/hourly-ipv4,ziyadnz|hourly,2026-08-17T18:48:05Z,2026-08-17T18:48:05Z,
117.88.39.125,ipv4,malicious-ip,medium,WHITE,ziyadnz/hourly-ipv4,ziyadnz|hourly,2026-08-17T18:48:05Z,2026-08-17T18:48:05Z,
117.88.69.10,ipv4,malicious-ip,medium,WHITE,ziyadnz/hourly-ipv4,ziyadnz|hourly,2026-08-17T18:48:05Z,2026-08-17T18:48:05Z,
117.89.185.202,ipv4,malicious-ip,medium,WHITE,ziyadnz/hourly-ipv4,ziyadnz|hourly,2026-08-17T18:48:05Z,2026-08-17T18:48:05Z,
117.89.19.254,ipv4,malicious-ip,medium,WHITE,ziyadnz/hourly-ipv4,ziyadnz|hourly,2026-08-17T18:48:05Z,2026-08-17T18:48:05Z,
117.89.249.222,ipv4,malicious-ip,medium,WHITE,ziyadnz/hourly-ipv4,ziyadnz|hourly,2026-08-17T18:48:05Z,2026-08-17T18:48:05Z,
117.89.34.47,ipv4,malicious-ip,medium,WHITE,ziyadnz/hourly-ipv4,ziyadnz|hourly,2026-08-17T18:48:05Z,2026-08-17T18:48:05Z,
117.89.74.59,ipv4,malicious-ip,medium,WHITE,ziyadnz/hourly-ipv4,ziyadnz|hourly,2026-08-17T18:48:05Z,2026-08-17T18:48:05Z,
117.9.3.49,ipv4,malicious-ip,medium,WHITE,ziyadnz/hourly-ipv4,ziyadnz|hourly,2026-08-17T18:48:05Z,2026-08-17T18:48:05Z,
117.90.100.7,ipv4,malicious-ip,medium,WHITE,ziyadnz/hourly-ipv4,ziyadnz|hourly,2026-08-17T18:48:05Z,2026-08-17T18:48:05Z,
117.90.7.21,ipv4,malicious-ip,medium,WHITE,ziyadnz/hourly-ipv4,ziyadnz|hourly,2026-08-17T18:48:05Z,2026-08-17T18:48:05Z,
117.91.170.66,ipv4,malicious-ip,medium,WHITE,ziyadnz/hourly-ipv4,ziyadnz|hourly,2026-08-17T18:48:05Z,2026-08-17T18:48:05Z,
117.91.186.55,ipv4,malicious-ip,medium,WHITE,ziyadnz/hourly-ipv4,ziyadnz|hourly,2026-08-17T18:48:05Z,2026-08-17T18:48:05Z,
117.91.254.62,ipv4,malicious-ip,medium,WHITE,ziyadnz/hourly-ipv4,ziyadnz|hourly,2026-08-17T18:48:05Z,2026-08-17T18:48:05Z,
117.96.150.207,ipv4,malicious-ip,medium,WHITE,ziyadnz/hourly-ipv4,ziyadnz|hourly,2026-08-17T18:48:05Z,2026-08-17T18:48:05Z,
117.98.201.207,ipv4,malicious-ip,medium,WHITE,ziyadnz/hourly-ipv4,ziyadnz|hourly,2026-08-17T18:48:05Z,2026-08-17T18:48:05Z,
117.99.132.155,ipv4,malicious-ip,medium,WHITE,ziyadnz/hourly-ipv4,ziyadnz|hourly,2026-08-17T18:48:05Z,2026-08-17T18:48:05Z,
117.99.136.139,ipv4,malicious-ip,medium,WHITE,ziyadnz/hourly-ipv4,ziyadnz|hourly,2026-08-17T18:48:05Z,2026-08-17T18:48:05Z,
117.99.197.71,ipv4,malicious-ip,medium,WHITE,ziyadnz/hourly-ipv4,ziyadnz|hourly,2026-08-17T18:48:05Z,2026-08-17T18:48:05Z,
117.99.251.127,ipv4,malicious-ip,medium,WHITE,ziyadnz/hourly-ipv4,ziyadnz|hourly,2026-08-17T18:48:05Z,2026-08-17T18:48:05Z,
117.99.255.138,ipv4,malicious-ip,medium,WHITE,ziyadnz/hourly-ipv4,ziyadnz|hourly,2026-08-17T18:48:05Z,2026-08-17T18:48:05Z,
117.99.82.127,ipv4,malicious-ip,medium,WHITE,ziyadnz/hourly-ipv4,ziyadnz|hourly,2026-08-17T18:48:05Z,2026-08-17T18:48:05Z,
118.100.168.68,ipv4,malicious-ip,medium,WHITE,ziyadnz/hourly-ipv4,ziyadnz|hourly,2026-08-17T18:48:05Z,2026-08-17T18:48:05Z,
118.100.234.96,ipv4,malicious-ip,medium,WHITE,ziyadnz/hourly-ipv4,ziyadnz|hourly,2026-08-17T18:48:05Z,2026-08-17T18:48:05Z,
118.101.76.65,ipv4,malicious-ip,medium,WHITE,ziyadnz/hourly-ipv4,ziyadnz|hourly,2026-08-17T18:48:05Z,2026-08-17T18:48:05Z,
118.103.253.188,ipv4,malicious-ip,medium,WHITE,ziyadnz/hourly-ipv4,ziyadnz|hourly,2026-08-17T18:48:05Z,2026-08-17T18:48:05Z,
118.104.216.44,ipv4,malicious-ip,medium,WHITE,ziyadnz/hourly-ipv4,ziyadnz|hourly,2026-08-17T18:48:05Z,2026-08-17T18:48:05Z,
118.106.203.228,ipv4,malicious-ip,medium,WHITE,ziyadnz/hourly-ipv4,ziyadnz|hourly,2026-08-17T18:48:05Z,2026-08-17T18:48:05Z,
118.107.219.66,ipv4,malicious-ip,medium,WHITE,ziyadnz/hourly-ipv4,ziyadnz|hourly,2026-08-17T18:48:05Z,2026-08-17T18:48:05Z,
118.107.222.232,ipv4,malicious-ip,medium,WHITE,ziyadnz/hourly-ipv4,ziyadnz|hourly,2026-08-17T18:48:05Z,2026-08-17T18:48:05Z,
118.107.234.26,ipv4,malicious-ip,medium,WHITE,ziyadnz/hourly-ipv4,ziyadnz|hourly,2026-08-17T18:48:05Z,2026-08-17T18:48:05Z,
118.107.234.29,ipv4,malicious-ip,medium,WHITE,ziyadnz/hourly-ipv4,ziyadnz|hourly,2026-08-17T18:48:05Z,2026-08-17T18:48:05Z,
118.107.45.42,ipv4,malicious-ip,medium,WHITE,ziyadnz/hourly-ipv4,ziyadnz|hourly,2026-08-17T18:48:05Z,2026-08-17T18:48:05Z,
118.107.46.174,ipv4,malicious-ip,medium,WHITE,ziyadnz/hourly-ipv4,ziyadnz|hourly,2026-08-17T18:48:05Z,2026-08-17T18:48:05Z,
118.107.7.166,ipv4,malicious-ip,medium,WHITE,ziyadnz/hourly-ipv4,ziyadnz|hourly,2026-08-17T18:48:05Z,2026-08-17T18:48:05Z,
118.113.120.185,ipv4,malicious-ip,medium,WHITE,ziyadnz/hourly-ipv4,ziyadnz|hourly,2026-08-17T18:48:05Z,2026-08-17T18:48:05Z,
118.113.255.29,ipv4,malicious-ip,medium,WHITE,ziyadnz/hourly-ipv4,ziyadnz|hourly,2026-08-17T18:48:05Z,2026-08-17T18:48:05Z,
118.114.135.74,ipv4,malicious-ip,medium,WHITE,ziyadnz/hourly-ipv4,ziyadnz|hourly,2026-08-17T18:48:05Z,2026-08-17T18:48:05Z,
118.114.19.190,ipv4,malicious-ip,medium,WHITE,ziyadnz/hourly-ipv4,ziyadnz|hourly,2026-08-17T18:48:05Z,2026-08-17T18:48:05Z,
118.121.137.114,ipv4,malicious-ip,medium,WHITE,ziyadnz/hourly-ipv4,ziyadnz|hourly,2026-08-17T18:48:05Z,2026-08-17T18:48:05Z,
118.121.202.149,ipv4,malicious-ip,medium,WHITE,ziyadnz/hourly-ipv4,ziyadnz|hourly,2026-08-17T18:48:05Z,2026-08-17T18:48:05Z,
118.121.203.170,ipv4,malicious-ip,medium,WHITE,ziyadnz/hourly-ipv4,ziyadnz|hourly,2026-08-17T18:48:05Z,2026-08-17T18:48:05Z,
118.121.27.103,ipv4,malicious-ip,medium,WHITE,ziyadnz/hourly-ipv4,ziyadnz|hourly,2026-08-17T18:48:05Z,2026-08-17T18:48:05Z,
118.121.81.140,ipv4,malicious-ip,medium,WHITE,ziyadnz/hourly-ipv4,ziyadnz|hourly,2026-08-17T18:48:05Z,2026-08-17T18:48:05Z,
118.122.196.230,ipv4,malicious-ip,medium,WHITE,ziyadnz/hourly-ipv4,ziyadnz|hourly,2026-08-17T18:48:05Z,2026-08-17T18:48:05Z,
118.122.9.55,ipv4,malicious-ip,medium,WHITE,ziyadnz/hourly-ipv4,ziyadnz|hourly,2026-08-17T18:48:05Z,2026-08-17T18:48:05Z,
118.123.1.32,ipv4,malicious-ip,medium,WHITE,ziyadnz/hourly-ipv4,ziyadnz|hourly,2026-08-17T18:48:05Z,2026-08-17T18:48:05Z,
118.123.1.33,ipv4,malicious-ip,medium,WHITE,ziyadnz/hourly-ipv4,ziyadnz|hourly,2026-08-17T18:48:05Z,2026-08-17T18:48:05Z,
118.123.1.34,ipv4,malicious-ip,medium,WHITE,ziyadnz/hourly-ipv4,ziyadnz|hourly,2026-08-17T18:48:05Z,2026-08-17T18:48:05Z,
118.123.1.35,ipv4,malicious-ip,medium,WHITE,ziyadnz/hourly-ipv4,ziyadnz|hourly,2026-08-17T18:48:05Z,2026-08-17T18:48:05Z,
118.123.1.36,ipv4,malicious-ip,medium,WHITE,ziyadnz/hourly-ipv4,ziyadnz|hourly,2026-08-17T18:48:05Z,2026-08-17T18:48:05Z,
118.123.1.37,ipv4,malicious-ip,medium,WHITE,ziyadnz/hourly-ipv4,ziyadnz|hourly,2026-08-17T18:48:05Z,2026-08-17T18:48:05Z,
118.123.1.38,ipv4,malicious-ip,medium,WHITE,ziyadnz/hourly-ipv4,ziyadnz|hourly,2026-08-17T18:48:05Z,2026-08-17T18:48:05Z,
118.123.1.39,ipv4,malicious-ip,medium,WHITE,ziyadnz/hourly-ipv4,ziyadnz|hourly,2026-08-17T18:48:05Z,2026-08-17T18:48:05Z,
118.125.36.201,ipv4,malicious-ip,medium,WHITE,ziyadnz/hourly-ipv4,ziyadnz|hourly,2026-08-17T18:48:05Z,2026-08-17T18:48:05Z,
118.127.245.15,ipv4,malicious-ip,medium,WHITE,ziyadnz/hourly-ipv4,ziyadnz|hourly,2026-08-17T18:48:05Z,2026-08-17T18:48:05Z,
118.127.245.17,ipv4,malicious-ip,medium,WHITE,ziyadnz/hourly-ipv4,ziyadnz|hourly,2026-08-17T18:48:05Z,2026-08-17T18:48:05Z,
118.127.40.41,ipv4,malicious-ip,medium,WHITE,ziyadnz/hourly-ipv4,ziyadnz|hourly,2026-08-17T18:48:05Z,2026-08-17T18:48:05Z,
118.130.168.66,ipv4,malicious-ip,medium,WHITE,ziyadnz/hourly-ipv4,ziyadnz|hourly,2026-08-17T18:48:05Z,2026-08-17T18:48:05Z,
118.131.69.86,ipv4,malicious-ip,medium,WHITE,ziyadnz/hourly-ipv4,ziyadnz|hourly,2026-08-17T18:48:05Z,2026-08-17T18:48:05Z,
118.136.3.83,ipv4,malicious-ip,medium,WHITE,ziyadnz/hourly-ipv4,ziyadnz|hourly,2026-08-17T18:48:05Z,2026-08-17T18:48:05Z,
118.139.165.143,ipv4,malicious-ip,medium,WHITE,ziyadnz/hourly-ipv4,ziyadnz|hourly,2026-08-17T18:48:05Z,2026-08-17T18:48:05Z,
118.139.165.171,ipv4,malicious-ip,medium,WHITE,ziyadnz/hourly-ipv4,ziyadnz|hourly,2026-08-17T18:48:05Z,2026-08-17T18:48:05Z,
118.140.151.242,ipv4,malicious-ip,medium,WHITE,ziyadnz/hourly-ipv4,ziyadnz|hourly,2026-08-17T18:48:05Z,2026-08-17T18:48:05Z,
118.141.37.23,ipv4,malicious-ip,medium,WHITE,ziyadnz/hourly-ipv4,ziyadnz|hourly,2026-08-17T18:48:05Z,2026-08-17T18:48:05Z,
118.141.53.109,ipv4,malicious-ip,medium,WHITE,ziyadnz/hourly-ipv4,ziyadnz|hourly,2026-08-17T18:48:05Z,2026-08-17T18:48:05Z,
118.141.71.102,ipv4,malicious-ip,medium,WHITE,ziyadnz/hourly-ipv4,ziyadnz|hourly,2026-08-17T18:48:05Z,2026-08-17T18:48:05Z,
118.141.93.119,ipv4,malicious-ip,medium,WHITE,ziyadnz/hourly-ipv4,ziyadnz|hourly,2026-08-17T18:48:05Z,2026-08-17T18:48:05Z,
118.142.8.238,ipv4,malicious-ip,medium,WHITE,ziyadnz/hourly-ipv4,ziyadnz|hourly,2026-08-17T18:48:05Z,2026-08-17T18:48:05Z,
118.145.104.105,ipv4,malicious-ip,medium,WHITE,ziyadnz/hourly-ipv4,ziyadnz|hourly,2026-08-17T18:48:05Z,2026-08-17T18:48:05Z,
118.145.104.107,ipv4,malicious-ip,medium,WHITE,ziyadnz/hourly-ipv4,ziyadnz|hourly,2026-08-17T18:48:05Z,2026-08-17T18:48:05Z,
118.145.107.253,ipv4,malicious-ip,medium,WHITE,ziyadnz/hourly-ipv4,ziyadnz|hourly,2026-08-17T18:48:05Z,2026-08-17T18:48:05Z,
118.145.111.33,ipv4,malicious-ip,medium,WHITE,ziyadnz/hourly-ipv4,ziyadnz|hourly,2026-08-17T18:48:05Z,2026-08-17T18:48:05Z,
118.145.115.134,ipv4,malicious-ip,medium,WHITE,ziyadnz/hourly-ipv4,ziyadnz|hourly,2026-08-17T18:48:05Z,2026-08-17T18:48:05Z,
118.145.144.95,ipv4,malicious-ip,medium,WHITE,ziyadnz/hourly-ipv4,ziyadnz|hourly,2026-08-17T18:48:05Z,2026-08-17T18:48:05Z,
118.145.151.135,ipv4,malicious-ip,medium,WHITE,ziyadnz/hourly-ipv4,ziyadnz|hourly,2026-08-17T18:48:05Z,2026-08-17T18:48:05Z,
118.145.156.185,ipv4,malicious-ip,medium,WHITE,ziyadnz/hourly-ipv4,ziyadnz|hourly,2026-08-17T18:48:05Z,2026-08-17T18:48:05Z,
118.145.158.23,ipv4,malicious-ip,medium,WHITE,ziyadnz/hourly-ipv4,ziyadnz|hourly,2026-08-17T18:48:05Z,2026-08-17T18:48:05Z,
118.145.161.30,ipv4,malicious-ip,medium,WHITE,ziyadnz/hourly-ipv4,ziyadnz|hourly,2026-08-17T18:48:05Z,2026-08-17T18:48:05Z,
118.145.182.105,ipv4,malicious-ip,medium,WHITE,ziyadnz/hourly-ipv4,ziyadnz|hourly,2026-08-17T18:48:05Z,2026-08-17T18:48:05Z,
118.145.213.25,ipv4,malicious-ip,medium,WHITE,ziyadnz/hourly-ipv4,ziyadnz|hourly,2026-08-17T18:48:05Z,2026-08-17T18:48:05Z,
118.145.214.235,ipv4,malicious-ip,medium,WHITE,ziyadnz/hourly-ipv4,ziyadnz|hourly,2026-08-17T18:48:05Z,2026-08-17T18:48:05Z,
118.145.221.98,ipv4,malicious-ip,medium,WHITE,ziyadnz/hourly-ipv4,ziyadnz|hourly,2026-08-17T18:48:05Z,2026-08-17T18:48:05Z,
118.145.233.177,ipv4,malicious-ip,medium,WHITE,ziyadnz/hourly-ipv4,ziyadnz|hourly,2026-08-17T18:48:05Z,2026-08-17T18:48:05Z,
118.145.235.60,ipv4,malicious-ip,medium,WHITE,ziyadnz/hourly-ipv4,ziyadnz|hourly,2026-08-17T18:48:05Z,2026-08-17T18:48:05Z,
118.145.237.236,ipv4,malicious-ip,medium,WHITE,ziyadnz/hourly-ipv4,ziyadnz|hourly,2026-08-17T18:48:05Z,2026-08-17T18:48:05Z,
118.145.237.239,ipv4,malicious-ip,medium,WHITE,ziyadnz/hourly-ipv4,ziyadnz|hourly,2026-08-17T18:48:05Z,2026-08-17T18:48:05Z,
118.145.247.242,ipv4,malicious-ip,medium,WHITE,ziyadnz/hourly-ipv4,ziyadnz|hourly,2026-08-17T18:48:05Z,2026-08-17T18:48:05Z,
118.145.82.180,ipv4,malicious-ip,medium,WHITE,ziyadnz/hourly-ipv4,ziyadnz|hourly,2026-08-17T18:48:05Z,2026-08-17T18:48:05Z,
118.145.99.252,ipv4,malicious-ip,medium,WHITE,ziyadnz/hourly-ipv4,ziyadnz|hourly,2026-08-17T18:48:05Z,2026-08-17T18:48:05Z,
118.150.142.70,ipv4,malicious-ip,medium,WHITE,ziyadnz/hourly-ipv4,ziyadnz|hourly,2026-08-17T18:48:05Z,2026-08-17T18:48:05Z,
118.16.132.80,ipv4,malicious-ip,medium,WHITE,ziyadnz/hourly-ipv4,ziyadnz|hourly,2026-08-17T18:48:05Z,2026-08-17T18:48:05Z,
118.16.148.38,ipv4,malicious-ip,medium,WHITE,ziyadnz/hourly-ipv4,ziyadnz|hourly,2026-08-17T18:48:05Z,2026-08-17T18:48:05Z,
118.160.0.116,ipv4,malicious-ip,medium,WHITE,ziyadnz/hourly-ipv4,ziyadnz|hourly,2026-08-17T18:48:05Z,2026-08-17T18:48:05Z,
118.163.132.212,ipv4,malicious-ip,medium,WHITE,ziyadnz/hourly-ipv4,ziyadnz|hourly,2026-08-17T18:48:05Z,2026-08-17T18:48:05Z,
118.163.145.175,ipv4,malicious-ip,medium,WHITE,ziyadnz/hourly-ipv4,ziyadnz|hourly,2026-08-17T18:48:05Z,2026-08-17T18:48:05Z,
118.163.231.10,ipv4,malicious-ip,medium,WHITE,ziyadnz/hourly-ipv4,ziyadnz|hourly,2026-08-17T18:48:05Z,2026-08-17T18:48:05Z,
118.163.53.104,ipv4,malicious-ip,medium,WHITE,ziyadnz/hourly-ipv4,ziyadnz|hourly,2026-08-17T18:48:05Z,2026-08-17T18:48:05Z,
118.163.74.160,ipv4,malicious-ip,medium,WHITE,ziyadnz/hourly-ipv4,ziyadnz|hourly,2026-08-17T18:48:05Z,2026-08-17T18:48:05Z,
118.168.11.1,ipv4,malicious-ip,medium,WHITE,ziyadnz/hourly-ipv4,ziyadnz|hourly,2026-08-17T18:48:05Z,2026-08-17T18:48:05Z,
118.168.209.47,ipv4,malicious-ip,medium,WHITE,ziyadnz/hourly-ipv4,ziyadnz|hourly,2026-08-17T18:48:05Z,2026-08-17T18:48:05Z,
118.170.220.46,ipv4,malicious-ip,medium,WHITE,ziyadnz/hourly-ipv4,ziyadnz|hourly,2026-08-17T18:48:05Z,2026-08-17T18:48:05Z,
118.172.206.251,ipv4,malicious-ip,medium,WHITE,ziyadnz/hourly-ipv4,ziyadnz|hourly,2026-08-17T18:48:05Z,2026-08-17T18:48:05Z,
118.172.233.199,ipv4,malicious-ip,medium,WHITE,ziyadnz/hourly-ipv4,ziyadnz|hourly,2026-08-17T18:48:05Z,2026-08-17T18:48:05Z,
118.172.91.137,ipv4,malicious-ip,medium,WHITE,ziyadnz/hourly-ipv4,ziyadnz|hourly,2026-08-17T18:48:05Z,2026-08-17T18:48:05Z,
118.172.94.26,ipv4,malicious-ip,medium,WHITE,ziyadnz/hourly-ipv4,ziyadnz|hourly,2026-08-17T18:48:05Z,2026-08-17T18:48:05Z,
118.174.230.243,ipv4,malicious-ip,medium,WHITE,ziyadnz/hourly-ipv4,ziyadnz|hourly,2026-08-17T18:48:05Z,2026-08-17T18:48:05Z,
118.174.98.182,ipv4,malicious-ip,medium,WHITE,ziyadnz/hourly-ipv4,ziyadnz|hourly,2026-08-17T18:48:05Z,2026-08-17T18:48:05Z,
118.178.18.12,ipv4,malicious-ip,medium,WHITE,ziyadnz/hourly-ipv4,ziyadnz|hourly,2026-08-17T18:48:05Z,2026-08-17T18:48:05Z,
118.178.234.247,ipv4,malicious-ip,medium,WHITE,ziyadnz/hourly-ipv4,ziyadnz|hourly,2026-08-17T18:48:05Z,2026-08-17T18:48:05Z,
118.178.234.99,ipv4,malicious-ip,medium,WHITE,ziyadnz/hourly-ipv4,ziyadnz|hourly,2026-08-17T18:48:05Z,2026-08-17T18:48:05Z,
118.178.32.207,ipv4,malicious-ip,medium,WHITE,ziyadnz/hourly-ipv4,ziyadnz|hourly,2026-08-17T18:48:05Z,2026-08-17T18:48:05Z,
118.179.102.248,ipv4,malicious-ip,medium,WHITE,ziyadnz/hourly-ipv4,ziyadnz|hourly,2026-08-17T18:48:05Z,2026-08-17T18:48:05Z,
118.179.157.178,ipv4,malicious-ip,medium,WHITE,ziyadnz/hourly-ipv4,ziyadnz|hourly,2026-08-17T18:48:05Z,2026-08-17T18:48:05Z,
118.179.162.102,ipv4,malicious-ip,medium,WHITE,ziyadnz/hourly-ipv4,ziyadnz|hourly,2026-08-17T18:48:05Z,2026-08-17T18:48:05Z,
118.179.197.30,ipv4,malicious-ip,medium,WHITE,ziyadnz/hourly-ipv4,ziyadnz|hourly,2026-08-17T18:48:05Z,2026-08-17T18:48:05Z,
118.182.117.77,ipv4,malicious-ip,medium,WHITE,ziyadnz/hourly-ipv4,ziyadnz|hourly,2026-08-17T18:48:05Z,2026-08-17T18:48:05Z,
118.185.130.194,ipv4,malicious-ip,medium,WHITE,ziyadnz/hourly-ipv4,ziyadnz|hourly,2026-08-17T18:48:05Z,2026-08-17T18:48:05Z,
118.185.147.226,ipv4,malicious-ip,medium,WHITE,ziyadnz/hourly-ipv4,ziyadnz|hourly,2026-08-17T18:48:05Z,2026-08-17T18:48:05Z,
118.185.78.125,ipv4,malicious-ip,medium,WHITE,ziyadnz/hourly-ipv4,ziyadnz|hourly,2026-08-17T18:48:05Z,2026-08-17T18:48:05Z,
118.185.89.184,ipv4,malicious-ip,medium,WHITE,ziyadnz/hourly-ipv4,ziyadnz|hourly,2026-08-17T18:48:05Z,2026-08-17T18:48:05Z,
118.186.18.243,ipv4,malicious-ip,medium,WHITE,ziyadnz/hourly-ipv4,ziyadnz|hourly,2026-08-17T18:48:05Z,2026-08-17T18:48:05Z,
118.186.7.10,ipv4,malicious-ip,medium,WHITE,ziyadnz/hourly-ipv4,ziyadnz|hourly,2026-08-17T18:48:05Z,2026-08-17T18:48:05Z,
118.186.7.9,ipv4,malicious-ip,medium,WHITE,ziyadnz/hourly-ipv4,ziyadnz|hourly,2026-08-17T18:48:05Z,2026-08-17T18:48:05Z,
118.187.65.135,ipv4,malicious-ip,medium,WHITE,ziyadnz/hourly-ipv4,ziyadnz|hourly,2026-08-17T18:48:05Z,2026-08-17T18:48:05Z,
118.190.161.42,ipv4,malicious-ip,medium,WHITE,ziyadnz/hourly-ipv4,ziyadnz|hourly,2026-08-17T18:48:05Z,2026-08-17T18:48:05Z,
118.190.68.157,ipv4,malicious-ip,medium,WHITE,ziyadnz/hourly-ipv4,ziyadnz|hourly,2026-08-17T18:48:05Z,2026-08-17T18:48:05Z,
118.193.240.214,ipv4,malicious-ip,medium,WHITE,ziyadnz/hourly-ipv4,ziyadnz|hourly,2026-08-17T18:48:05Z,2026-08-17T18:48:05Z,
118.193.32.119,ipv4,malicious-ip,medium,WHITE,ziyadnz/hourly-ipv4,ziyadnz|hourly,2026-08-17T18:48:05Z,2026-08-17T18:48:05Z,
118.193.32.88,ipv4,malicious-ip,medium,WHITE,ziyadnz/hourly-ipv4,ziyadnz|hourly,2026-08-17T18:48:05Z,2026-08-17T18:48:05Z,
118.193.33.0,ipv4,malicious-ip,medium,WHITE,ziyadnz/hourly-ipv4,ziyadnz|hourly,2026-08-17T18:48:05Z,2026-08-17T18:48:05Z,
118.193.33.128,ipv4,malicious-ip,medium,WHITE,ziyadnz/hourly-ipv4,ziyadnz|hourly,2026-08-17T18:48:05Z,2026-08-17T18:48:05Z,
118.193.33.130,ipv4,malicious-ip,medium,WHITE,ziyadnz/hourly-ipv4,ziyadnz|hourly,2026-08-17T18:48:05Z,2026-08-17T18:48:05Z,
118.193.33.228,ipv4,malicious-ip,medium,WHITE,ziyadnz/hourly-ipv4,ziyadnz|hourly,2026-08-17T18:48:05Z,2026-08-17T18:48:05Z,
118.193.33.244,ipv4,malicious-ip,medium,WHITE,ziyadnz/hourly-ipv4,ziyadnz|hourly,2026-08-17T18:48:05Z,2026-08-17T18:48:05Z,
118.193.33.42,ipv4,malicious-ip,medium,WHITE,ziyadnz/hourly-ipv4,ziyadnz|hourly,2026-08-17T18:48:05Z,2026-08-17T18:48:05Z,
118.193.33.81,ipv4,malicious-ip,medium,WHITE,ziyadnz/hourly-ipv4,ziyadnz|hourly,2026-08-17T18:48:05Z,2026-08-17T18:48:05Z,
118.193.34.5,ipv4,malicious-ip,medium,WHITE,ziyadnz/hourly-ipv4,ziyadnz|hourly,2026-08-17T18:48:05Z,2026-08-17T18:48:05Z,
118.193.35.202,ipv4,malicious-ip,medium,WHITE,ziyadnz/hourly-ipv4,ziyadnz|hourly,2026-08-17T18:48:05Z,2026-08-17T18:48:05Z,
118.193.36.0,ipv4,malicious-ip,medium,WHITE,ziyadnz/hourly-ipv4,ziyadnz|hourly,2026-08-17T18:48:05Z,2026-08-17T18:48:05Z,
118.193.36.107,ipv4,malicious-ip,medium,WHITE,ziyadnz/hourly-ipv4,ziyadnz|hourly,2026-08-17T18:48:05Z,2026-08-17T18:48:05Z,
118.193.36.149,ipv4,malicious-ip,medium,WHITE,ziyadnz/hourly-ipv4,ziyadnz|hourly,2026-08-17T18:48:05Z,2026-08-17T18:48:05Z,
118.193.36.245,ipv4,malicious-ip,medium,WHITE,ziyadnz/hourly-ipv4,ziyadnz|hourly,2026-08-17T18:48:05Z,2026-08-17T18:48:05Z,
118.193.36.56,ipv4,malicious-ip,medium,WHITE,ziyadnz/hourly-ipv4,ziyadnz|hourly,2026-08-17T18:48:05Z,2026-08-17T18:48:05Z,
118.193.36.63,ipv4,malicious-ip,medium,WHITE,ziyadnz/hourly-ipv4,ziyadnz|hourly,2026-08-17T18:48:05Z,2026-08-17T18:48:05Z,
118.193.38.134,ipv4,malicious-ip,medium,WHITE,ziyadnz/hourly-ipv4,ziyadnz|hourly,2026-08-17T18:48:05Z,2026-08-17T18:48:05Z,
118.193.38.163,ipv4,malicious-ip,medium,WHITE,ziyadnz/hourly-ipv4,ziyadnz|hourly,2026-08-17T18:48:05Z,2026-08-17T18:48:05Z,
118.193.38.183,ipv4,malicious-ip,medium,WHITE,ziyadnz/hourly-ipv4,ziyadnz|hourly,2026-08-17T18:48:05Z,2026-08-17T18:48:05Z,
118.193.39.117,ipv4,malicious-ip,medium,WHITE,ziyadnz/hourly-ipv4,ziyadnz|hourly,2026-08-17T18:48:05Z,2026-08-17T18:48:05Z,
118.193.40.191,ipv4,malicious-ip,medium,WHITE,ziyadnz/hourly-ipv4,ziyadnz|hourly,2026-08-17T18:48:05Z,2026-08-17T18:48:05Z,
118.193.40.88,ipv4,malicious-ip,medium,WHITE,ziyadnz/hourly-ipv4,ziyadnz|hourly,2026-08-17T18:48:05Z,2026-08-17T18:48:05Z,
118.193.43.141,ipv4,malicious-ip,medium,WHITE,ziyadnz/hourly-ipv4,ziyadnz|hourly,2026-08-17T18:48:05Z,2026-08-17T18:48:05Z,
118.193.43.158,ipv4,malicious-ip,medium,WHITE,ziyadnz/hourly-ipv4,ziyadnz|hourly,2026-08-17T18:48:05Z,2026-08-17T18:48:05Z,
118.193.44.104,ipv4,malicious-ip,medium,WHITE,ziyadnz/hourly-ipv4,ziyadnz|hourly,2026-08-17T18:48:05Z,2026-08-17T18:48:05Z,
118.193.44.144,ipv4,malicious-ip,medium,WHITE,ziyadnz/hourly-ipv4,ziyadnz|hourly,2026-08-17T18:48:05Z,2026-08-17T18:48:05Z,
118.193.44.169,ipv4,malicious-ip,medium,WHITE,ziyadnz/hourly-ipv4,ziyadnz|hourly,2026-08-17T18:48:05Z,2026-08-17T18:48:05Z,
118.193.44.184,ipv4,malicious-ip,medium,WHITE,ziyadnz/hourly-ipv4,ziyadnz|hourly,2026-08-17T18:48:05Z,2026-08-17T18:48:05Z,
118.193.45.220,ipv4,malicious-ip,medium,WHITE,ziyadnz/hourly-ipv4,ziyadnz|hourly,2026-08-17T18:48:05Z,2026-08-17T18:48:05Z,
118.193.45.222,ipv4,malicious-ip,medium,WHITE,ziyadnz/hourly-ipv4,ziyadnz|hourly,2026-08-17T18:48:05Z,2026-08-17T18:48:05Z,
118.193.45.234,ipv4,malicious-ip,medium,WHITE,ziyadnz/hourly-ipv4,ziyadnz|hourly,2026-08-17T18:48:05Z,2026-08-17T18:48:05Z,
118.193.45.235,ipv4,malicious-ip,medium,WHITE,ziyadnz/hourly-ipv4,ziyadnz|hourly,2026-08-17T18:48:05Z,2026-08-17T18:48:05Z,
118.193.47.114,ipv4,malicious-ip,medium,WHITE,ziyadnz/hourly-ipv4,ziyadnz|hourly,2026-08-17T18:48:05Z,2026-08-17T18:48:05Z,
118.193.47.212,ipv4,malicious-ip,medium,WHITE,ziyadnz/hourly-ipv4,ziyadnz|hourly,2026-08-17T18:48:05Z,2026-08-17T18:48:05Z,
118.193.47.223,ipv4,malicious-ip,medium,WHITE,ziyadnz/hourly-ipv4,ziyadnz|hourly,2026-08-17T18:48:05Z,2026-08-17T18:48:05Z,
118.193.56.171,ipv4,malicious-ip,medium,WHITE,ziyadnz/hourly-ipv4,ziyadnz|hourly,2026-08-17T18:48:05Z,2026-08-17T18:48:05Z,
118.193.56.184,ipv4,malicious-ip,medium,WHITE,ziyadnz/hourly-ipv4,ziyadnz|hourly,2026-08-17T18:48:05Z,2026-08-17T18:48:05Z,
118.193.56.229,ipv4,malicious-ip,medium,WHITE,ziyadnz/hourly-ipv4,ziyadnz|hourly,2026-08-17T18:48:05Z,2026-08-17T18:48:05Z,
118.193.56.235,ipv4,malicious-ip,medium,WHITE,ziyadnz/hourly-ipv4,ziyadnz|hourly,2026-08-17T18:48:05Z,2026-08-17T18:48:05Z,
118.193.57.121,ipv4,malicious-ip,medium,WHITE,ziyadnz/hourly-ipv4,ziyadnz|hourly,2026-08-17T18:48:05Z,2026-08-17T18:48:05Z,
118.193.57.218,ipv4,malicious-ip,medium,WHITE,ziyadnz/hourly-ipv4,ziyadnz|hourly,2026-08-17T18:48:05Z,2026-08-17T18:48:05Z,
118.193.57.59,ipv4,malicious-ip,medium,WHITE,ziyadnz/hourly-ipv4,ziyadnz|hourly,2026-08-17T18:48:05Z,2026-08-17T18:48:05Z,
118.193.57.62,ipv4,malicious-ip,medium,WHITE,ziyadnz/hourly-ipv4,ziyadnz|hourly,2026-08-17T18:48:05Z,2026-08-17T18:48:05Z,
118.193.58.120,ipv4,malicious-ip,medium,WHITE,ziyadnz/hourly-ipv4,ziyadnz|hourly,2026-08-17T18:48:05Z,2026-08-17T18:48:05Z,
118.193.58.125,ipv4,malicious-ip,medium,WHITE,ziyadnz/hourly-ipv4,ziyadnz|hourly,2026-08-17T18:48:05Z,2026-08-17T18:48:05Z,
118.193.58.187,ipv4,malicious-ip,medium,WHITE,ziyadnz/hourly-ipv4,ziyadnz|hourly,2026-08-17T18:48:05Z,2026-08-17T18:48:05Z,
118.193.58.20,ipv4,malicious-ip,medium,WHITE,ziyadnz/hourly-ipv4,ziyadnz|hourly,2026-08-17T18:48:05Z,2026-08-17T18:48:05Z,
118.193.59.10,ipv4,malicious-ip,medium,WHITE,ziyadnz/hourly-ipv4,ziyadnz|hourly,2026-08-17T18:48:05Z,2026-08-17T18:48:05Z,
118.193.59.142,ipv4,malicious-ip,medium,WHITE,ziyadnz/hourly-ipv4,ziyadnz|hourly,2026-08-17T18:48:05Z,2026-08-17T18:48:05Z,
118.193.59.15,ipv4,malicious-ip,medium,WHITE,ziyadnz/hourly-ipv4,ziyadnz|hourly,2026-08-17T18:48:05Z,2026-08-17T18:48:05Z,
118.193.59.4,ipv4,malicious-ip,medium,WHITE,ziyadnz/hourly-ipv4,ziyadnz|hourly,2026-08-17T18:48:05Z,2026-08-17T18:48:05Z,
118.193.59.41,ipv4,malicious-ip,medium,WHITE,ziyadnz/hourly-ipv4,ziyadnz|hourly,2026-08-17T18:48:05Z,2026-08-17T18:48:05Z,
118.193.61.14,ipv4,malicious-ip,medium,WHITE,ziyadnz/hourly-ipv4,ziyadnz|hourly,2026-08-17T18:48:05Z,2026-08-17T18:48:05Z,
118.193.61.170,ipv4,malicious-ip,medium,WHITE,ziyadnz/hourly-ipv4,ziyadnz|hourly,2026-08-17T18:48:05Z,2026-08-17T18:48:05Z,
118.193.61.179,ipv4,malicious-ip,medium,WHITE,ziyadnz/hourly-ipv4,ziyadnz|hourly,2026-08-17T18:48:05Z,2026-08-17T18:48:05Z,
118.193.64.15,ipv4,malicious-ip,medium,WHITE,ziyadnz/hourly-ipv4,ziyadnz|hourly,2026-08-17T18:48:05Z,2026-08-17T18:48:05Z,
118.193.64.186,ipv4,malicious-ip,medium,WHITE,ziyadnz/hourly-ipv4,ziyadnz|hourly,2026-08-17T18:48:05Z,2026-08-17T18:48:05Z,
118.193.64.188,ipv4,malicious-ip,medium,WHITE,ziyadnz/hourly-ipv4,ziyadnz|hourly,2026-08-17T18:48:05Z,2026-08-17T18:48:05Z,
118.193.64.235,ipv4,malicious-ip,medium,WHITE,ziyadnz/hourly-ipv4,ziyadnz|hourly,2026-08-17T18:48:05Z,2026-08-17T18:48:05Z,
118.193.65.175,ipv4,malicious-ip,medium,WHITE,ziyadnz/hourly-ipv4,ziyadnz|hourly,2026-08-17T18:48:05Z,2026-08-17T18:48:05Z,
118.193.65.209,ipv4,malicious-ip,medium,WHITE,ziyadnz/hourly-ipv4,ziyadnz|hourly,2026-08-17T18:48:05Z,2026-08-17T18:48:05Z,
118.193.65.212,ipv4,malicious-ip,medium,WHITE,ziyadnz/hourly-ipv4,ziyadnz|hourly,2026-08-17T18:48:05Z,2026-08-17T18:48:05Z,
118.193.65.234,ipv4,malicious-ip,medium,WHITE,ziyadnz/hourly-ipv4,ziyadnz|hourly,2026-08-17T18:48:05Z,2026-08-17T18:48:05Z,
118.193.68.150,ipv4,malicious-ip,medium,WHITE,ziyadnz/hourly-ipv4,ziyadnz|hourly,2026-08-17T18:48:05Z,2026-08-17T18:48:05Z,
118.193.69.177,ipv4,malicious-ip,medium,WHITE,ziyadnz/hourly-ipv4,ziyadnz|hourly,2026-08-17T18:48:05Z,2026-08-17T18:48:05Z,
118.193.69.254,ipv4,malicious-ip,medium,WHITE,ziyadnz/hourly-ipv4,ziyadnz|hourly,2026-08-17T18:48:05Z,2026-08-17T18:48:05Z,
118.193.69.67,ipv4,malicious-ip,medium,WHITE,ziyadnz/hourly-ipv4,ziyadnz|hourly,2026-08-17T18:48:05Z,2026-08-17T18:48:05Z,
118.193.72.187,ipv4,malicious-ip,medium,WHITE,ziyadnz/hourly-ipv4,ziyadnz|hourly,2026-08-17T18:48:05Z,2026-08-17T18:48:05Z,
118.193.73.8,ipv4,malicious-ip,medium,WHITE,ziyadnz/hourly-ipv4,ziyadnz|hourly,2026-08-17T18:48:05Z,2026-08-17T18:48:05Z,
118.193.77.116,ipv4,malicious-ip,medium,WHITE,ziyadnz/hourly-ipv4,ziyadnz|hourly,2026-08-17T18:48:05Z,2026-08-17T18:48:05Z,
118.193.77.138,ipv4,malicious-ip,medium,WHITE,ziyadnz/hourly-ipv4,ziyadnz|hourly,2026-08-17T18:48:05Z,2026-08-17T18:48:05Z,
118.193.77.161,ipv4,malicious-ip,medium,WHITE,ziyadnz/hourly-ipv4,ziyadnz|hourly,2026-08-17T18:48:05Z,2026-08-17T18:48:05Z,
118.193.77.210,ipv4,malicious-ip,medium,WHITE,ziyadnz/hourly-ipv4,ziyadnz|hourly,2026-08-17T18:48:05Z,2026-08-17T18:48:05Z,
118.193.77.44,ipv4,malicious-ip,medium,WHITE,ziyadnz/hourly-ipv4,ziyadnz|hourly,2026-08-17T18:48:05Z,2026-08-17T18:48:05Z,
118.193.77.50,ipv4,malicious-ip,medium,WHITE,ziyadnz/hourly-ipv4,ziyadnz|hourly,2026-08-17T18:48:05Z,2026-08-17T18:48:05Z,
118.193.77.58,ipv4,malicious-ip,medium,WHITE,ziyadnz/hourly-ipv4,ziyadnz|hourly,2026-08-17T18:48:05Z,2026-08-17T18:48:05Z,
118.193.78.22,ipv4,malicious-ip,medium,WHITE,ziyadnz/hourly-ipv4,ziyadnz|hourly,2026-08-17T18:48:05Z,2026-08-17T18:48:05Z,
118.193.78.57,ipv4,malicious-ip,medium,WHITE,ziyadnz/hourly-ipv4,ziyadnz|hourly,2026-08-17T18:48:05Z,2026-08-17T18:48:05Z,
118.194.228.167,ipv4,malicious-ip,medium,WHITE,ziyadnz/hourly-ipv4,ziyadnz|hourly,2026-08-17T18:48:05Z,2026-08-17T18:48:05Z,
118.194.228.239,ipv4,malicious-ip,medium,WHITE,ziyadnz/hourly-ipv4,ziyadnz|hourly,2026-08-17T18:48:05Z,2026-08-17T18:48:05Z,
118.194.229.94,ipv4,malicious-ip,medium,WHITE,ziyadnz/hourly-ipv4,ziyadnz|hourly,2026-08-17T18:48:05Z,2026-08-17T18:48:05Z,
118.194.233.182,ipv4,malicious-ip,medium,WHITE,ziyadnz/hourly-ipv4,ziyadnz|hourly,2026-08-17T18:48:05Z,2026-08-17T18:48:05Z,
118.194.233.253,ipv4,malicious-ip,medium,WHITE,ziyadnz/hourly-ipv4,ziyadnz|hourly,2026-08-17T18:48:05Z,2026-08-17T18:48:05Z,
118.194.234.14,ipv4,malicious-ip,medium,WHITE,ziyadnz/hourly-ipv4,ziyadnz|hourly,2026-08-17T18:48:05Z,2026-08-17T18:48:05Z,
118.194.234.189,ipv4,malicious-ip,medium,WHITE,ziyadnz/hourly-ipv4,ziyadnz|hourly,2026-08-17T18:48:05Z,2026-08-17T18:48:05Z,
118.194.234.29,ipv4,malicious-ip,medium,WHITE,ziyadnz/hourly-ipv4,ziyadnz|hourly,2026-08-17T18:48:05Z,2026-08-17T18:48:05Z,
118.194.234.8,ipv4,malicious-ip,medium,WHITE,ziyadnz/hourly-ipv4,ziyadnz|hourly,2026-08-17T18:48:05Z,2026-08-17T18:48:05Z,
118.194.235.16,ipv4,malicious-ip,medium,WHITE,ziyadnz/hourly-ipv4,ziyadnz|hourly,2026-08-17T18:48:05Z,2026-08-17T18:48:05Z,
118.194.236.118,ipv4,malicious-ip,medium,WHITE,ziyadnz/hourly-ipv4,ziyadnz|hourly,2026-08-17T18:48:05Z,2026-08-17T18:48:05Z,
118.194.236.126,ipv4,malicious-ip,medium,WHITE,ziyadnz/hourly-ipv4,ziyadnz|hourly,2026-08-17T18:48:05Z,2026-08-17T18:48:05Z,
118.194.236.134,ipv4,malicious-ip,medium,WHITE,ziyadnz/hourly-ipv4,ziyadnz|hourly,2026-08-17T18:48:05Z,2026-08-17T18:48:05Z,
118.194.236.137,ipv4,malicious-ip,medium,WHITE,ziyadnz/hourly-ipv4,ziyadnz|hourly,2026-08-17T18:48:05Z,2026-08-17T18:48:05Z,
118.194.236.142,ipv4,malicious-ip,medium,WHITE,ziyadnz/hourly-ipv4,ziyadnz|hourly,2026-08-17T18:48:05Z,2026-08-17T18:48:05Z,
118.194.238.196,ipv4,malicious-ip,medium,WHITE,ziyadnz/hourly-ipv4,ziyadnz|hourly,2026-08-17T18:48:05Z,2026-08-17T18:48:05Z,
118.194.238.51,ipv4,malicious-ip,medium,WHITE,ziyadnz/hourly-ipv4,ziyadnz|hourly,2026-08-17T18:48:05Z,2026-08-17T18:48:05Z,
118.194.249.72,ipv4,malicious-ip,medium,WHITE,ziyadnz/hourly-ipv4,ziyadnz|hourly,2026-08-17T18:48:05Z,2026-08-17T18:48:05Z,
118.194.249.8,ipv4,malicious-ip,medium,WHITE,ziyadnz/hourly-ipv4,ziyadnz|hourly,2026-08-17T18:48:05Z,2026-08-17T18:48:05Z,
118.194.250.0,ipv4,malicious-ip,medium,WHITE,ziyadnz/hourly-ipv4,ziyadnz|hourly,2026-08-17T18:48:05Z,2026-08-17T18:48:05Z,
118.194.250.113,ipv4,malicious-ip,medium,WHITE,ziyadnz/hourly-ipv4,ziyadnz|hourly,2026-08-17T18:48:05Z,2026-08-17T18:48:05Z,
118.194.250.127,ipv4,malicious-ip,medium,WHITE,ziyadnz/hourly-ipv4,ziyadnz|hourly,2026-08-17T18:48:05Z,2026-08-17T18:48:05Z,
118.194.250.2,ipv4,malicious-ip,medium,WHITE,ziyadnz/hourly-ipv4,ziyadnz|hourly,2026-08-17T18:48:05Z,2026-08-17T18:48:05Z,
118.194.250.22,ipv4,malicious-ip,medium,WHITE,ziyadnz/hourly-ipv4,ziyadnz|hourly,2026-08-17T18:48:05Z,2026-08-17T18:48:05Z,
118.194.250.232,ipv4,malicious-ip,medium,WHITE,ziyadnz/hourly-ipv4,ziyadnz|hourly,2026-08-17T18:48:05Z,2026-08-17T18:48:05Z,
118.194.250.245,ipv4,malicious-ip,medium,WHITE,ziyadnz/hourly-ipv4,ziyadnz|hourly,2026-08-17T18:48:05Z,2026-08-17T18:48:05Z,
118.194.250.31,ipv4,malicious-ip,medium,WHITE,ziyadnz/hourly-ipv4,ziyadnz|hourly,2026-08-17T18:48:05Z,2026-08-17T18:48:05Z,
118.194.250.60,ipv4,malicious-ip,medium,WHITE,ziyadnz/hourly-ipv4,ziyadnz|hourly,2026-08-17T18:48:05Z,2026-08-17T18:48:05Z,
118.194.250.95,ipv4,malicious-ip,medium,WHITE,ziyadnz/hourly-ipv4,ziyadnz|hourly,2026-08-17T18:48:05Z,2026-08-17T18:48:05Z,
118.194.251.0,ipv4,malicious-ip,medium,WHITE,ziyadnz/hourly-ipv4,ziyadnz|hourly,2026-08-17T18:48:05Z,2026-08-17T18:48:05Z,
118.194.251.101,ipv4,malicious-ip,medium,WHITE,ziyadnz/hourly-ipv4,ziyadnz|hourly,2026-08-17T18:48:05Z,2026-08-17T18:48:05Z,
118.194.251.141,ipv4,malicious-ip,medium,WHITE,ziyadnz/hourly-ipv4,ziyadnz|hourly,2026-08-17T18:48:05Z,2026-08-17T18:48:05Z,
118.194.251.144,ipv4,malicious-ip,medium,WHITE,ziyadnz/hourly-ipv4,ziyadnz|hourly,2026-08-17T18:48:05Z,2026-08-17T18:48:05Z,
118.194.251.17,ipv4,malicious-ip,medium,WHITE,ziyadnz/hourly-ipv4,ziyadnz|hourly,2026-08-17T18:48:05Z,2026-08-17T18:48:05Z,
118.194.251.246,ipv4,malicious-ip,medium,WHITE,ziyadnz/hourly-ipv4,ziyadnz|hourly,2026-08-17T18:48:05Z,2026-08-17T18:48:05Z,
118.194.251.37,ipv4,malicious-ip,medium,WHITE,ziyadnz/hourly-ipv4,ziyadnz|hourly,2026-08-17T18:48:05Z,2026-08-17T18:48:05Z,
118.194.251.58,ipv4,malicious-ip,medium,WHITE,ziyadnz/hourly-ipv4,ziyadnz|hourly,2026-08-17T18:48:05Z,2026-08-17T18:48:05Z,
118.194.251.75,ipv4,malicious-ip,medium,WHITE,ziyadnz/hourly-ipv4,ziyadnz|hourly,2026-08-17T18:48:05Z,2026-08-17T18:48:05Z,
118.194.252.168,ipv4,malicious-ip,medium,WHITE,ziyadnz/hourly-ipv4,ziyadnz|hourly,2026-08-17T18:48:05Z,2026-08-17T18:48:05Z,
118.195.147.192,ipv4,malicious-ip,medium,WHITE,ziyadnz/hourly-ipv4,ziyadnz|hourly,2026-08-17T18:48:05Z,2026-08-17T18:48:05Z,
118.195.163.19,ipv4,malicious-ip,medium,WHITE,ziyadnz/hourly-ipv4,ziyadnz|hourly,2026-08-17T18:48:05Z,2026-08-17T18:48:05Z,
118.195.234.243,ipv4,malicious-ip,medium,WHITE,ziyadnz/hourly-ipv4,ziyadnz|hourly,2026-08-17T18:48:05Z,2026-08-17T18:48:05Z,
118.196.103.17,ipv4,malicious-ip,medium,WHITE,ziyadnz/hourly-ipv4,ziyadnz|hourly,2026-08-17T18:48:05Z,2026-08-17T18:48:05Z,
118.196.104.197,ipv4,malicious-ip,medium,WHITE,ziyadnz/hourly-ipv4,ziyadnz|hourly,2026-08-17T18:48:05Z,2026-08-17T18:48:05Z,
118.196.117.234,ipv4,malicious-ip,medium,WHITE,ziyadnz/hourly-ipv4,ziyadnz|hourly,2026-08-17T18:48:05Z,2026-08-17T18:48:05Z,
118.196.118.73,ipv4,malicious-ip,medium,WHITE,ziyadnz/hourly-ipv4,ziyadnz|hourly,2026-08-17T18:48:05Z,2026-08-17T18:48:05Z,
118.196.122.219,ipv4,malicious-ip,medium,WHITE,ziyadnz/hourly-ipv4,ziyadnz|hourly,2026-08-17T18:48:05Z,2026-08-17T18:48:05Z,
118.196.142.135,ipv4,malicious-ip,medium,WHITE,ziyadnz/hourly-ipv4,ziyadnz|hourly,2026-08-17T18:48:05Z,2026-08-17T18:48:05Z,
118.196.142.28,ipv4,malicious-ip,medium,WHITE,ziyadnz/hourly-ipv4,ziyadnz|hourly,2026-08-17T18:48:05Z,2026-08-17T18:48:05Z,
118.196.152.44,ipv4,malicious-ip,medium,WHITE,ziyadnz/hourly-ipv4,ziyadnz|hourly,2026-08-17T18:48:05Z,2026-08-17T18:48:05Z,
118.196.16.104,ipv4,malicious-ip,medium,WHITE,ziyadnz/hourly-ipv4,ziyadnz|hourly,2026-08-17T18:48:05Z,2026-08-17T18:48:05Z,
118.196.18.102,ipv4,malicious-ip,medium,WHITE,ziyadnz/hourly-ipv4,ziyadnz|hourly,2026-08-17T18:48:05Z,2026-08-17T18:48:05Z,
118.196.26.161,ipv4,malicious-ip,medium,WHITE,ziyadnz/hourly-ipv4,ziyadnz|hourly,2026-08-17T18:48:05Z,2026-08-17T18:48:05Z,
118.196.26.28,ipv4,malicious-ip,medium,WHITE,ziyadnz/hourly-ipv4,ziyadnz|hourly,2026-08-17T18:48:05Z,2026-08-17T18:48:05Z,
118.196.26.61,ipv4,malicious-ip,medium,WHITE,ziyadnz/hourly-ipv4,ziyadnz|hourly,2026-08-17T18:48:05Z,2026-08-17T18:48:05Z,
118.196.27.11,ipv4,malicious-ip,medium,WHITE,ziyadnz/hourly-ipv4,ziyadnz|hourly,2026-08-17T18:48:05Z,2026-08-17T18:48:05Z,
118.196.27.130,ipv4,malicious-ip,medium,WHITE,ziyadnz/hourly-ipv4,ziyadnz|hourly,2026-08-17T18:48:05Z,2026-08-17T18:48:05Z,
118.196.30.45,ipv4,malicious-ip,medium,WHITE,ziyadnz/hourly-ipv4,ziyadnz|hourly,2026-08-17T18:48:05Z,2026-08-17T18:48:05Z,
118.196.31.156,ipv4,malicious-ip,medium,WHITE,ziyadnz/hourly-ipv4,ziyadnz|hourly,2026-08-17T18:48:05Z,2026-08-17T18:48:05Z,
118.196.34.237,ipv4,malicious-ip,medium,WHITE,ziyadnz/hourly-ipv4,ziyadnz|hourly,2026-08-17T18:48:05Z,2026-08-17T18:48:05Z,
118.196.38.83,ipv4,malicious-ip,medium,WHITE,ziyadnz/hourly-ipv4,ziyadnz|hourly,2026-08-17T18:48:05Z,2026-08-17T18:48:05Z,
118.196.4.129,ipv4,malicious-ip,medium,WHITE,ziyadnz/hourly-ipv4,ziyadnz|hourly,2026-08-17T18:48:05Z,2026-08-17T18:48:05Z,
118.196.41.80,ipv4,malicious-ip,medium,WHITE,ziyadnz/hourly-ipv4,ziyadnz|hourly,2026-08-17T18:48:05Z,2026-08-17T18:48:05Z,
118.196.45.105,ipv4,malicious-ip,medium,WHITE,ziyadnz/hourly-ipv4,ziyadnz|hourly,2026-08-17T18:48:05Z,2026-08-17T18:48:05Z,
118.196.48.68,ipv4,malicious-ip,medium,WHITE,ziyadnz/hourly-ipv4,ziyadnz|hourly,2026-08-17T18:48:05Z,2026-08-17T18:48:05Z,
118.196.51.94,ipv4,malicious-ip,medium,WHITE,ziyadnz/hourly-ipv4,ziyadnz|hourly,2026-08-17T18:48:05Z,2026-08-17T18:48:05Z,
118.196.64.77,ipv4,malicious-ip,medium,WHITE,ziyadnz/hourly-ipv4,ziyadnz|hourly,2026-08-17T18:48:05Z,2026-08-17T18:48:05Z,
118.196.68.35,ipv4,malicious-ip,medium,WHITE,ziyadnz/hourly-ipv4,ziyadnz|hourly,2026-08-17T18:48:05Z,2026-08-17T18:48:05Z,
118.196.73.14,ipv4,malicious-ip,medium,WHITE,ziyadnz/hourly-ipv4,ziyadnz|hourly,2026-08-17T18:48:05Z,2026-08-17T18:48:05Z,
118.196.86.210,ipv4,malicious-ip,medium,WHITE,ziyadnz/hourly-ipv4,ziyadnz|hourly,2026-08-17T18:48:05Z,2026-08-17T18:48:05Z,
118.196.86.5,ipv4,malicious-ip,medium,WHITE,ziyadnz/hourly-ipv4,ziyadnz|hourly,2026-08-17T18:48:05Z,2026-08-17T18:48:05Z,
118.196.86.94,ipv4,malicious-ip,medium,WHITE,ziyadnz/hourly-ipv4,ziyadnz|hourly,2026-08-17T18:48:05Z,2026-08-17T18:48:05Z,
118.196.87.226,ipv4,malicious-ip,medium,WHITE,ziyadnz/hourly-ipv4,ziyadnz|hourly,2026-08-17T18:48:05Z,2026-08-17T18:48:05Z,
118.196.92.141,ipv4,malicious-ip,medium,WHITE,ziyadnz/hourly-ipv4,ziyadnz|hourly,2026-08-17T18:48:05Z,2026-08-17T18:48:05Z,
118.208.240.52,ipv4,malicious-ip,medium,WHITE,ziyadnz/hourly-ipv4,ziyadnz|hourly,2026-08-17T18:48:05Z,2026-08-17T18:48:05Z,
118.212.120.123,ipv4,malicious-ip,medium,WHITE,ziyadnz/hourly-ipv4,ziyadnz|hourly,2026-08-17T18:48:05Z,2026-08-17T18:48:05Z,
118.212.120.190,ipv4,malicious-ip,medium,WHITE,ziyadnz/hourly-ipv4,ziyadnz|hourly,2026-08-17T18:48:05Z,2026-08-17T18:48:05Z,
118.212.120.216,ipv4,malicious-ip,medium,WHITE,ziyadnz/hourly-ipv4,ziyadnz|hourly,2026-08-17T18:48:05Z,2026-08-17T18:48:05Z,
118.212.121.161,ipv4,malicious-ip,medium,WHITE,ziyadnz/hourly-ipv4,ziyadnz|hourly,2026-08-17T18:48:05Z,2026-08-17T18:48:05Z,
118.212.121.68,ipv4,malicious-ip,medium,WHITE,ziyadnz/hourly-ipv4,ziyadnz|hourly,2026-08-17T18:48:05Z,2026-08-17T18:48:05Z,
118.212.122.139,ipv4,malicious-ip,medium,WHITE,ziyadnz/hourly-ipv4,ziyadnz|hourly,2026-08-17T18:48:05Z,2026-08-17T18:48:05Z,
118.212.122.234,ipv4,malicious-ip,medium,WHITE,ziyadnz/hourly-ipv4,ziyadnz|hourly,2026-08-17T18:48:05Z,2026-08-17T18:48:05Z,
118.212.123.26,ipv4,malicious-ip,medium,WHITE,ziyadnz/hourly-ipv4,ziyadnz|hourly,2026-08-17T18:48:05Z,2026-08-17T18:48:05Z,
118.213.34.132,ipv4,malicious-ip,medium,WHITE,ziyadnz/hourly-ipv4,ziyadnz|hourly,2026-08-17T18:48:05Z,2026-08-17T18:48:05Z,
118.213.38.127,ipv4,malicious-ip,medium,WHITE,ziyadnz/hourly-ipv4,ziyadnz|hourly,2026-08-17T18:48:05Z,2026-08-17T18:48:05Z,
118.219.234.233,ipv4,malicious-ip,medium,WHITE,ziyadnz/hourly-ipv4,ziyadnz|hourly,2026-08-17T18:48:05Z,2026-08-17T18:48:05Z,
118.219.47.102,ipv4,malicious-ip,medium,WHITE,ziyadnz/hourly-ipv4,ziyadnz|hourly,2026-08-17T18:48:05Z,2026-08-17T18:48:05Z,
118.229.43.254,ipv4,malicious-ip,medium,WHITE,ziyadnz/hourly-ipv4,ziyadnz|hourly,2026-08-17T18:48:05Z,2026-08-17T18:48:05Z,
118.232.128.11,ipv4,malicious-ip,medium,WHITE,ziyadnz/hourly-ipv4,ziyadnz|hourly,2026-08-17T18:48:05Z,2026-08-17T18:48:05Z,
118.232.14.87,ipv4,malicious-ip,medium,WHITE,ziyadnz/hourly-ipv4,ziyadnz|hourly,2026-08-17T18:48:05Z,2026-08-17T18:48:05Z,
118.233.127.92,ipv4,malicious-ip,medium,WHITE,ziyadnz/hourly-ipv4,ziyadnz|hourly,2026-08-17T18:48:05Z,2026-08-17T18:48:05Z,
118.233.220.234,ipv4,malicious-ip,medium,WHITE,ziyadnz/hourly-ipv4,ziyadnz|hourly,2026-08-17T18:48:05Z,2026-08-17T18:48:05Z,
118.233.220.67,ipv4,malicious-ip,medium,WHITE,ziyadnz/hourly-ipv4,ziyadnz|hourly,2026-08-17T18:48:05Z,2026-08-17T18:48:05Z,
118.233.40.190,ipv4,malicious-ip,medium,WHITE,ziyadnz/hourly-ipv4,ziyadnz|hourly,2026-08-17T18:48:05Z,2026-08-17T18:48:05Z,
118.24.129.149,ipv4,malicious-ip,medium,WHITE,ziyadnz/hourly-ipv4,ziyadnz|hourly,2026-08-17T18:48:05Z,2026-08-17T18:48:05Z,
118.24.135.20,ipv4,malicious-ip,medium,WHITE,ziyadnz/hourly-ipv4,ziyadnz|hourly,2026-08-17T18:48:05Z,2026-08-17T18:48:05Z,
118.243.92.43,ipv4,malicious-ip,medium,WHITE,ziyadnz/hourly-ipv4,ziyadnz|hourly,2026-08-17T18:48:05Z,2026-08-17T18:48:05Z,
118.248.156.78,ipv4,malicious-ip,medium,WHITE,ziyadnz/hourly-ipv4,ziyadnz|hourly,2026-08-17T18:48:05Z,2026-08-17T18:48:05Z,
118.248.202.189,ipv4,malicious-ip,medium,WHITE,ziyadnz/hourly-ipv4,ziyadnz|hourly,2026-08-17T18:48:05Z,2026-08-17T18:48:05Z,
118.248.205.210,ipv4,malicious-ip,medium,WHITE,ziyadnz/hourly-ipv4,ziyadnz|hourly,2026-08-17T18:48:05Z,2026-08-17T18:48:05Z,
118.248.225.31,ipv4,malicious-ip,medium,WHITE,ziyadnz/hourly-ipv4,ziyadnz|hourly,2026-08-17T18:48:05Z,2026-08-17T18:48:05Z,
118.248.73.124,ipv4,malicious-ip,medium,WHITE,ziyadnz/hourly-ipv4,ziyadnz|hourly,2026-08-17T18:48:05Z,2026-08-17T18:48:05Z,
118.249.189.184,ipv4,malicious-ip,medium,WHITE,ziyadnz/hourly-ipv4,ziyadnz|hourly,2026-08-17T18:48:05Z,2026-08-17T18:48:05Z,
118.249.191.163,ipv4,malicious-ip,medium,WHITE,ziyadnz/hourly-ipv4,ziyadnz|hourly,2026-08-17T18:48:05Z,2026-08-17T18:48:05Z,
118.249.3.107,ipv4,malicious-ip,medium,WHITE,ziyadnz/hourly-ipv4,ziyadnz|hourly,2026-08-17T18:48:05Z,2026-08-17T18:48:05Z,
118.249.41.25,ipv4,malicious-ip,medium,WHITE,ziyadnz/hourly-ipv4,ziyadnz|hourly,2026-08-17T18:48:05Z,2026-08-17T18:48:05Z,
118.25.10.135,ipv4,malicious-ip,medium,WHITE,ziyadnz/hourly-ipv4,ziyadnz|hourly,2026-08-17T18:48:05Z,2026-08-17T18:48:05Z,
118.25.106.80,ipv4,malicious-ip,medium,WHITE,ziyadnz/hourly-ipv4,ziyadnz|hourly,2026-08-17T18:48:05Z,2026-08-17T18:48:05Z,
118.25.152.7,ipv4,malicious-ip,medium,WHITE,ziyadnz/hourly-ipv4,ziyadnz|hourly,2026-08-17T18:48:05Z,2026-08-17T18:48:05Z,
118.25.177.14,ipv4,malicious-ip,medium,WHITE,ziyadnz/hourly-ipv4,ziyadnz|hourly,2026-08-17T18:48:05Z,2026-08-17T18:48:05Z,
118.25.186.58,ipv4,malicious-ip,medium,WHITE,ziyadnz/hourly-ipv4,ziyadnz|hourly,2026-08-17T18:48:05Z,2026-08-17T18:48:05Z,
118.25.194.60,ipv4,malicious-ip,medium,WHITE,ziyadnz/hourly-ipv4,ziyadnz|hourly,2026-08-17T18:48:05Z,2026-08-17T18:48:05Z,
118.25.44.141,ipv4,malicious-ip,medium,WHITE,ziyadnz/hourly-ipv4,ziyadnz|hourly,2026-08-17T18:48:05Z,2026-08-17T18:48:05Z,
118.25.67.181,ipv4,malicious-ip,medium,WHITE,ziyadnz/hourly-ipv4,ziyadnz|hourly,2026-08-17T18:48:05Z,2026-08-17T18:48:05Z,
118.250.1.61,ipv4,malicious-ip,medium,WHITE,ziyadnz/hourly-ipv4,ziyadnz|hourly,2026-08-17T18:48:05Z,2026-08-17T18:48:05Z,
118.250.104.102,ipv4,malicious-ip,medium,WHITE,ziyadnz/hourly-ipv4,ziyadnz|hourly,2026-08-17T18:48:05Z,2026-08-17T18:48:05Z,
118.250.104.95,ipv4,malicious-ip,medium,WHITE,ziyadnz/hourly-ipv4,ziyadnz|hourly,2026-08-17T18:48:05Z,2026-08-17T18:48:05Z,
118.250.132.108,ipv4,malicious-ip,medium,WHITE,ziyadnz/hourly-ipv4,ziyadnz|hourly,2026-08-17T18:48:05Z,2026-08-17T18:48:05Z,
118.250.183.25,ipv4,malicious-ip,medium,WHITE,ziyadnz/hourly-ipv4,ziyadnz|hourly,2026-08-17T18:48:05Z,2026-08-17T18:48:05Z,
118.250.48.161,ipv4,malicious-ip,medium,WHITE,ziyadnz/hourly-ipv4,ziyadnz|hourly,2026-08-17T18:48:05Z,2026-08-17T18:48:05Z,
118.250.64.35,ipv4,malicious-ip,medium,WHITE,ziyadnz/hourly-ipv4,ziyadnz|hourly,2026-08-17T18:48:05Z,2026-08-17T18:48:05Z,
118.250.67.117,ipv4,malicious-ip,medium,WHITE,ziyadnz/hourly-ipv4,ziyadnz|hourly,2026-08-17T18:48:05Z,2026-08-17T18:48:05Z,
118.250.9.43,ipv4,malicious-ip,medium,WHITE,ziyadnz/hourly-ipv4,ziyadnz|hourly,2026-08-17T18:48:05Z,2026-08-17T18:48:05Z,
118.251.110.75,ipv4,malicious-ip,medium,WHITE,ziyadnz/hourly-ipv4,ziyadnz|hourly,2026-08-17T18:48:05Z,2026-08-17T18:48:05Z,
118.251.154.10,ipv4,malicious-ip,medium,WHITE,ziyadnz/hourly-ipv4,ziyadnz|hourly,2026-08-17T18:48:05Z,2026-08-17T18:48:05Z,
118.251.97.136,ipv4,malicious-ip,medium,WHITE,ziyadnz/hourly-ipv4,ziyadnz|hourly,2026-08-17T18:48:05Z,2026-08-17T18:48:05Z,
118.252.27.84,ipv4,malicious-ip,medium,WHITE,ziyadnz/hourly-ipv4,ziyadnz|hourly,2026-08-17T18:48:05Z,2026-08-17T18:48:05Z,
118.253.182.123,ipv4,malicious-ip,medium,WHITE,ziyadnz/hourly-ipv4,ziyadnz|hourly,2026-08-17T18:48:05Z,2026-08-17T18:48:05Z,
118.26.104.179,ipv4,malicious-ip,medium,WHITE,ziyadnz/hourly-ipv4,ziyadnz|hourly,2026-08-17T18:48:05Z,2026-08-17T18:48:05Z,
118.26.104.19,ipv4,malicious-ip,medium,WHITE,ziyadnz/hourly-ipv4,ziyadnz|hourly,2026-08-17T18:48:05Z,2026-08-17T18:48:05Z,
118.26.104.212,ipv4,malicious-ip,medium,WHITE,ziyadnz/hourly-ipv4,ziyadnz|hourly,2026-08-17T18:48:05Z,2026-08-17T18:48:05Z,
118.26.104.78,ipv4,malicious-ip,medium,WHITE,ziyadnz/hourly-ipv4,ziyadnz|hourly,2026-08-17T18:48:05Z,2026-08-17T18:48:05Z,
118.26.104.93,ipv4,malicious-ip,medium,WHITE,ziyadnz/hourly-ipv4,ziyadnz|hourly,2026-08-17T18:48:05Z,2026-08-17T18:48:05Z,
118.26.105.116,ipv4,malicious-ip,medium,WHITE,ziyadnz/hourly-ipv4,ziyadnz|hourly,2026-08-17T18:48:05Z,2026-08-17T18:48:05Z,
118.26.105.144,ipv4,malicious-ip,medium,WHITE,ziyadnz/hourly-ipv4,ziyadnz|hourly,2026-08-17T18:48:05Z,2026-08-17T18:48:05Z,
118.26.105.52,ipv4,malicious-ip,medium,WHITE,ziyadnz/hourly-ipv4,ziyadnz|hourly,2026-08-17T18:48:05Z,2026-08-17T18:48:05Z,
118.26.109.7,ipv4,malicious-ip,medium,WHITE,ziyadnz/hourly-ipv4,ziyadnz|hourly,2026-08-17T18:48:05Z,2026-08-17T18:48:05Z,
118.26.111.94,ipv4,malicious-ip,medium,WHITE,ziyadnz/hourly-ipv4,ziyadnz|hourly,2026-08-17T18:48:05Z,2026-08-17T18:48:05Z,
118.26.153.102,ipv4,malicious-ip,medium,WHITE,ziyadnz/hourly-ipv4,ziyadnz|hourly,2026-08-17T18:48:05Z,2026-08-17T18:48:05Z,
118.26.36.18,ipv4,malicious-ip,medium,WHITE,ziyadnz/hourly-ipv4,ziyadnz|hourly,2026-08-17T18:48:05Z,2026-08-17T18:48:05Z,
118.26.36.195,ipv4,malicious-ip,medium,WHITE,ziyadnz/hourly-ipv4,ziyadnz|hourly,2026-08-17T18:48:05Z,2026-08-17T18:48:05Z,
118.26.36.200,ipv4,malicious-ip,medium,WHITE,ziyadnz/hourly-ipv4,ziyadnz|hourly,2026-08-17T18:48:05Z,2026-08-17T18:48:05Z,
118.26.36.248,ipv4,malicious-ip,medium,WHITE,ziyadnz/hourly-ipv4,ziyadnz|hourly,2026-08-17T18:48:05Z,2026-08-17T18:48:05Z,
118.26.37.105,ipv4,malicious-ip,medium,WHITE,ziyadnz/hourly-ipv4,ziyadnz|hourly,2026-08-17T18:48:05Z,2026-08-17T18:48:05Z,
118.26.38.132,ipv4,malicious-ip,medium,WHITE,ziyadnz/hourly-ipv4,ziyadnz|hourly,2026-08-17T18:48:05Z,2026-08-17T18:48:05Z,
118.26.38.251,ipv4,malicious-ip,medium,WHITE,ziyadnz/hourly-ipv4,ziyadnz|hourly,2026-08-17T18:48:05Z,2026-08-17T18:48:05Z,
118.26.38.29,ipv4,malicious-ip,medium,WHITE,ziyadnz/hourly-ipv4,ziyadnz|hourly,2026-08-17T18:48:05Z,2026-08-17T18:48:05Z,
118.26.39.178,ipv4,malicious-ip,medium,WHITE,ziyadnz/hourly-ipv4,ziyadnz|hourly,2026-08-17T18:48:05Z,2026-08-17T18:48:05Z,
118.26.39.231,ipv4,malicious-ip,medium,WHITE,ziyadnz/hourly-ipv4,ziyadnz|hourly,2026-08-17T18:48:05Z,2026-08-17T18:48:05Z,
118.27.133.142,ipv4,malicious-ip,medium,WHITE,ziyadnz/hourly-ipv4,ziyadnz|hourly,2026-08-17T18:48:05Z,2026-08-17T18:48:05Z,
118.27.146.111,ipv4,malicious-ip,medium,WHITE,ziyadnz/hourly-ipv4,ziyadnz|hourly,2026-08-17T18:48:05Z,2026-08-17T18:48:05Z,
118.27.151.78,ipv4,malicious-ip,medium,WHITE,ziyadnz/hourly-ipv4,ziyadnz|hourly,2026-08-17T18:48:05Z,2026-08-17T18:48:05Z,
118.3.227.160,ipv4,malicious-ip,medium,WHITE,ziyadnz/hourly-ipv4,ziyadnz|hourly,2026-08-17T18:48:05Z,2026-08-17T18:48:05Z,
118.31.110.244,ipv4,malicious-ip,medium,WHITE,ziyadnz/hourly-ipv4,ziyadnz|hourly,2026-08-17T18:48:05Z,2026-08-17T18:48:05Z,
118.31.18.77,ipv4,malicious-ip,medium,WHITE,ziyadnz/hourly-ipv4,ziyadnz|hourly,2026-08-17T18:48:05Z,2026-08-17T18:48:05Z,
118.31.189.46,ipv4,malicious-ip,medium,WHITE,ziyadnz/hourly-ipv4,ziyadnz|hourly,2026-08-17T18:48:05Z,2026-08-17T18:48:05Z,
118.31.222.234,ipv4,malicious-ip,medium,WHITE,ziyadnz/hourly-ipv4,ziyadnz|hourly,2026-08-17T18:48:05Z,2026-08-17T18:48:05Z,
118.31.248.26,ipv4,malicious-ip,medium,WHITE,ziyadnz/hourly-ipv4,ziyadnz|hourly,2026-08-17T18:48:05Z,2026-08-17T18:48:05Z,
118.31.61.125,ipv4,malicious-ip,medium,WHITE,ziyadnz/hourly-ipv4,ziyadnz|hourly,2026-08-17T18:48:05Z,2026-08-17T18:48:05Z,
118.31.7.58,ipv4,malicious-ip,medium,WHITE,ziyadnz/hourly-ipv4,ziyadnz|hourly,2026-08-17T18:48:05Z,2026-08-17T18:48:05Z,
118.32.101.175,ipv4,malicious-ip,medium,WHITE,ziyadnz/hourly-ipv4,ziyadnz|hourly,2026-08-17T18:48:05Z,2026-08-17T18:48:05Z,
118.32.133.197,ipv4,malicious-ip,medium,WHITE,ziyadnz/hourly-ipv4,ziyadnz|hourly,2026-08-17T18:48:05Z,2026-08-17T18:48:05Z,
118.33.113.1,ipv4,malicious-ip,medium,WHITE,ziyadnz/hourly-ipv4,ziyadnz|hourly,2026-08-17T18:48:05Z,2026-08-17T18:48:05Z,
118.33.113.4,ipv4,malicious-ip,medium,WHITE,ziyadnz/hourly-ipv4,ziyadnz|hourly,2026-08-17T18:48:05Z,2026-08-17T18:48:05Z,
118.33.113.91,ipv4,malicious-ip,medium,WHITE,ziyadnz/hourly-ipv4,ziyadnz|hourly,2026-08-17T18:48:05Z,2026-08-17T18:48:05Z,
118.33.31.166,ipv4,malicious-ip,medium,WHITE,ziyadnz/hourly-ipv4,ziyadnz|hourly,2026-08-17T18:48:05Z,2026-08-17T18:48:05Z,
118.34.109.121,ipv4,malicious-ip,medium,WHITE,ziyadnz/hourly-ipv4,ziyadnz|hourly,2026-08-17T18:48:05Z,2026-08-17T18:48:05Z,
118.34.164.157,ipv4,malicious-ip,medium,WHITE,ziyadnz/hourly-ipv4,ziyadnz|hourly,2026-08-17T18:48:05Z,2026-08-17T18:48:05Z,
118.34.22.227,ipv4,malicious-ip,medium,WHITE,ziyadnz/hourly-ipv4,ziyadnz|hourly,2026-08-17T18:48:05Z,2026-08-17T18:48:05Z,
118.35.127.66,ipv4,malicious-ip,medium,WHITE,ziyadnz/hourly-ipv4,ziyadnz|hourly,2026-08-17T18:48:05Z,2026-08-17T18:48:05Z,
118.35.213.41,ipv4,malicious-ip,medium,WHITE,ziyadnz/hourly-ipv4,ziyadnz|hourly,2026-08-17T18:48:05Z,2026-08-17T18:48:05Z,
118.36.136.12,ipv4,malicious-ip,medium,WHITE,ziyadnz/hourly-ipv4,ziyadnz|hourly,2026-08-17T18:48:05Z,2026-08-17T18:48:05Z,
118.37.14.71,ipv4,malicious-ip,medium,WHITE,ziyadnz/hourly-ipv4,ziyadnz|hourly,2026-08-17T18:48:05Z,2026-08-17T18:48:05Z,
118.38.21.179,ipv4,malicious-ip,medium,WHITE,ziyadnz/hourly-ipv4,ziyadnz|hourly,2026-08-17T18:48:05Z,2026-08-17T18:48:05Z,
118.38.44.223,ipv4,malicious-ip,medium,WHITE,ziyadnz/hourly-ipv4,ziyadnz|hourly,2026-08-17T18:48:05Z,2026-08-17T18:48:05Z,
118.39.134.19,ipv4,malicious-ip,medium,WHITE,ziyadnz/hourly-ipv4,ziyadnz|hourly,2026-08-17T18:48:05Z,2026-08-17T18:48:05Z,
118.39.234.65,ipv4,malicious-ip,medium,WHITE,ziyadnz/hourly-ipv4,ziyadnz|hourly,2026-08-17T18:48:05Z,2026-08-17T18:48:05Z,
118.39.50.107,ipv4,malicious-ip,medium,WHITE,ziyadnz/hourly-ipv4,ziyadnz|hourly,2026-08-17T18:48:05Z,2026-08-17T18:48:05Z,
118.40.227.87,ipv4,malicious-ip,medium,WHITE,ziyadnz/hourly-ipv4,ziyadnz|hourly,2026-08-17T18:48:05Z,2026-08-17T18:48:05Z,
118.40.56.146,ipv4,malicious-ip,medium,WHITE,ziyadnz/hourly-ipv4,ziyadnz|hourly,2026-08-17T18:48:05Z,2026-08-17T18:48:05Z,
118.41.123.225,ipv4,malicious-ip,medium,WHITE,ziyadnz/hourly-ipv4,ziyadnz|hourly,2026-08-17T18:48:05Z,2026-08-17T18:48:05Z,
118.41.87.229,ipv4,malicious-ip,medium,WHITE,ziyadnz/hourly-ipv4,ziyadnz|hourly,2026-08-17T18:48:05Z,2026-08-17T18:48:05Z,
118.43.202.68,ipv4,malicious-ip,medium,WHITE,ziyadnz/hourly-ipv4,ziyadnz|hourly,2026-08-17T18:48:05Z,2026-08-17T18:48:05Z,
118.43.223.242,ipv4,malicious-ip,medium,WHITE,ziyadnz/hourly-ipv4,ziyadnz|hourly,2026-08-17T18:48:05Z,2026-08-17T18:48:05Z,
118.43.229.133,ipv4,malicious-ip,medium,WHITE,ziyadnz/hourly-ipv4,ziyadnz|hourly,2026-08-17T18:48:05Z,2026-08-17T18:48:05Z,
118.43.235.198,ipv4,malicious-ip,medium,WHITE,ziyadnz/hourly-ipv4,ziyadnz|hourly,2026-08-17T18:48:05Z,2026-08-17T18:48:05Z,
118.43.245.27,ipv4,malicious-ip,medium,WHITE,ziyadnz/hourly-ipv4,ziyadnz|hourly,2026-08-17T18:48:05Z,2026-08-17T18:48:05Z,
118.45.113.140,ipv4,malicious-ip,medium,WHITE,ziyadnz/hourly-ipv4,ziyadnz|hourly,2026-08-17T18:48:05Z,2026-08-17T18:48:05Z,
118.47.200.96,ipv4,malicious-ip,medium,WHITE,ziyadnz/hourly-ipv4,ziyadnz|hourly,2026-08-17T18:48:05Z,2026-08-17T18:48:05Z,
118.47.214.68,ipv4,malicious-ip,medium,WHITE,ziyadnz/hourly-ipv4,ziyadnz|hourly,2026-08-17T18:48:05Z,2026-08-17T18:48:05Z,
118.68.151.14,ipv4,malicious-ip,medium,WHITE,ziyadnz/hourly-ipv4,ziyadnz|hourly,2026-08-17T18:48:05Z,2026-08-17T18:48:05Z,
118.68.66.195,ipv4,malicious-ip,medium,WHITE,ziyadnz/hourly-ipv4,ziyadnz|hourly,2026-08-17T18:48:05Z,2026-08-17T18:48:05Z,
118.69.128.181,ipv4,malicious-ip,medium,WHITE,ziyadnz/hourly-ipv4,ziyadnz|hourly,2026-08-17T18:48:05Z,2026-08-17T18:48:05Z,
118.69.133.154,ipv4,malicious-ip,medium,WHITE,ziyadnz/hourly-ipv4,ziyadnz|hourly,2026-08-17T18:48:05Z,2026-08-17T18:48:05Z,
118.69.203.117,ipv4,malicious-ip,medium,WHITE,ziyadnz/hourly-ipv4,ziyadnz|hourly,2026-08-17T18:48:05Z,2026-08-17T18:48:05Z,
118.69.225.160,ipv4,malicious-ip,medium,WHITE,ziyadnz/hourly-ipv4,ziyadnz|hourly,2026-08-17T18:48:05Z,2026-08-17T18:48:05Z,
118.69.37.51,ipv4,malicious-ip,medium,WHITE,ziyadnz/hourly-ipv4,ziyadnz|hourly,2026-08-17T18:48:05Z,2026-08-17T18:48:05Z,
118.69.62.195,ipv4,malicious-ip,medium,WHITE,ziyadnz/hourly-ipv4,ziyadnz|hourly,2026-08-17T18:48:05Z,2026-08-17T18:48:05Z,
118.69.65.60,ipv4,malicious-ip,medium,WHITE,ziyadnz/hourly-ipv4,ziyadnz|hourly,2026-08-17T18:48:05Z,2026-08-17T18:48:05Z,
118.69.9.121,ipv4,malicious-ip,medium,WHITE,ziyadnz/hourly-ipv4,ziyadnz|hourly,2026-08-17T18:48:05Z,2026-08-17T18:48:05Z,
118.69.93.134,ipv4,malicious-ip,medium,WHITE,ziyadnz/hourly-ipv4,ziyadnz|hourly,2026-08-17T18:48:05Z,2026-08-17T18:48:05Z,
118.70.131.157,ipv4,malicious-ip,medium,WHITE,ziyadnz/hourly-ipv4,ziyadnz|hourly,2026-08-17T18:48:05Z,2026-08-17T18:48:05Z,
118.70.178.158,ipv4,malicious-ip,medium,WHITE,ziyadnz/hourly-ipv4,ziyadnz|hourly,2026-08-17T18:48:05Z,2026-08-17T18:48:05Z,
118.70.182.193,ipv4,malicious-ip,medium,WHITE,ziyadnz/hourly-ipv4,ziyadnz|hourly,2026-08-17T18:48:05Z,2026-08-17T18:48:05Z,
118.70.183.36,ipv4,malicious-ip,medium,WHITE,ziyadnz/hourly-ipv4,ziyadnz|hourly,2026-08-17T18:48:05Z,2026-08-17T18:48:05Z,
118.70.185.213,ipv4,malicious-ip,medium,WHITE,ziyadnz/hourly-ipv4,ziyadnz|hourly,2026-08-17T18:48:05Z,2026-08-17T18:48:05Z,
118.70.233.142,ipv4,malicious-ip,medium,WHITE,ziyadnz/hourly-ipv4,ziyadnz|hourly,2026-08-17T18:48:05Z,2026-08-17T18:48:05Z,
118.70.236.96,ipv4,malicious-ip,medium,WHITE,ziyadnz/hourly-ipv4,ziyadnz|hourly,2026-08-17T18:48:05Z,2026-08-17T18:48:05Z,
118.70.85.24,ipv4,malicious-ip,medium,WHITE,ziyadnz/hourly-ipv4,ziyadnz|hourly,2026-08-17T18:48:05Z,2026-08-17T18:48:05Z,
118.71.0.186,ipv4,malicious-ip,medium,WHITE,ziyadnz/hourly-ipv4,ziyadnz|hourly,2026-08-17T18:48:05Z,2026-08-17T18:48:05Z,
118.71.123.13,ipv4,malicious-ip,medium,WHITE,ziyadnz/hourly-ipv4,ziyadnz|hourly,2026-08-17T18:48:05Z,2026-08-17T18:48:05Z,
118.71.137.220,ipv4,malicious-ip,medium,WHITE,ziyadnz/hourly-ipv4,ziyadnz|hourly,2026-08-17T18:48:05Z,2026-08-17T18:48:05Z,
118.71.20.55,ipv4,malicious-ip,medium,WHITE,ziyadnz/hourly-ipv4,ziyadnz|hourly,2026-08-17T18:48:05Z,2026-08-17T18:48:05Z,
118.71.38.27,ipv4,malicious-ip,medium,WHITE,ziyadnz/hourly-ipv4,ziyadnz|hourly,2026-08-17T18:48:05Z,2026-08-17T18:48:05Z,
118.72.203.116,ipv4,malicious-ip,medium,WHITE,ziyadnz/hourly-ipv4,ziyadnz|hourly,2026-08-17T18:48:05Z,2026-08-17T18:48:05Z,
118.72.212.237,ipv4,malicious-ip,medium,WHITE,ziyadnz/hourly-ipv4,ziyadnz|hourly,2026-08-17T18:48:05Z,2026-08-17T18:48:05Z,
118.72.214.37,ipv4,malicious-ip,medium,WHITE,ziyadnz/hourly-ipv4,ziyadnz|hourly,2026-08-17T18:48:05Z,2026-08-17T18:48:05Z,
118.73.45.47,ipv4,malicious-ip,medium,WHITE,ziyadnz/hourly-ipv4,ziyadnz|hourly,2026-08-17T18:48:05Z,2026-08-17T18:48:05Z,
118.75.241.50,ipv4,malicious-ip,medium,WHITE,ziyadnz/hourly-ipv4,ziyadnz|hourly,2026-08-17T18:48:05Z,2026-08-17T18:48:05Z,
118.78.242.215,ipv4,malicious-ip,medium,WHITE,ziyadnz/hourly-ipv4,ziyadnz|hourly,2026-08-17T18:48:05Z,2026-08-17T18:48:05Z,
118.80.234.246,ipv4,malicious-ip,medium,WHITE,ziyadnz/hourly-ipv4,ziyadnz|hourly,2026-08-17T18:48:05Z,2026-08-17T18:48:05Z,
118.81.202.36,ipv4,malicious-ip,medium,WHITE,ziyadnz/hourly-ipv4,ziyadnz|hourly,2026-08-17T18:48:05Z,2026-08-17T18:48:05Z,
118.81.203.211,ipv4,malicious-ip,medium,WHITE,ziyadnz/hourly-ipv4,ziyadnz|hourly,2026-08-17T18:48:05Z,2026-08-17T18:48:05Z,
118.81.204.101,ipv4,malicious-ip,medium,WHITE,ziyadnz/hourly-ipv4,ziyadnz|hourly,2026-08-17T18:48:05Z,2026-08-17T18:48:05Z,
118.81.205.109,ipv4,malicious-ip,medium,WHITE,ziyadnz/hourly-ipv4,ziyadnz|hourly,2026-08-17T18:48:05Z,2026-08-17T18:48:05Z,
118.81.205.178,ipv4,malicious-ip,medium,WHITE,ziyadnz/hourly-ipv4,ziyadnz|hourly,2026-08-17T18:48:05Z,2026-08-17T18:48:05Z,
118.81.206.107,ipv4,malicious-ip,medium,WHITE,ziyadnz/hourly-ipv4,ziyadnz|hourly,2026-08-17T18:48:05Z,2026-08-17T18:48:05Z,
118.81.207.204,ipv4,malicious-ip,medium,WHITE,ziyadnz/hourly-ipv4,ziyadnz|hourly,2026-08-17T18:48:05Z,2026-08-17T18:48:05Z,
118.89.134.244,ipv4,malicious-ip,medium,WHITE,ziyadnz/hourly-ipv4,ziyadnz|hourly,2026-08-17T18:48:05Z,2026-08-17T18:48:05Z,
118.89.64.181,ipv4,malicious-ip,medium,WHITE,ziyadnz/hourly-ipv4,ziyadnz|hourly,2026-08-17T18:48:05Z,2026-08-17T18:48:05Z,
118.89.76.78,ipv4,malicious-ip,medium,WHITE,ziyadnz/hourly-ipv4,ziyadnz|hourly,2026-08-17T18:48:05Z,2026-08-17T18:48:05Z,
118.91.160.234,ipv4,malicious-ip,medium,WHITE,ziyadnz/hourly-ipv4,ziyadnz|hourly,2026-08-17T18:48:05Z,2026-08-17T18:48:05Z,
118.91.176.243,ipv4,malicious-ip,medium,WHITE,ziyadnz/hourly-ipv4,ziyadnz|hourly,2026-08-17T18:48:05Z,2026-08-17T18:48:05Z,
118.96.2.135,ipv4,malicious-ip,medium,WHITE,ziyadnz/hourly-ipv4,ziyadnz|hourly,2026-08-17T18:48:05Z,2026-08-17T18:48:05Z,
118.96.249.211,ipv4,malicious-ip,medium,WHITE,ziyadnz/hourly-ipv4,ziyadnz|hourly,2026-08-17T18:48:05Z,2026-08-17T18:48:05Z,
118.97.184.198,ipv4,malicious-ip,medium,WHITE,ziyadnz/hourly-ipv4,ziyadnz|hourly,2026-08-17T18:48:05Z,2026-08-17T18:48:05Z,
118.97.73.61,ipv4,malicious-ip,medium,WHITE,ziyadnz/hourly-ipv4,ziyadnz|hourly,2026-08-17T18:48:05Z,2026-08-17T18:48:05Z,
118.97.91.229,ipv4,malicious-ip,medium,WHITE,ziyadnz/hourly-ipv4,ziyadnz|hourly,2026-08-17T18:48:05Z,2026-08-17T18:48:05Z,
118.98.221.14,ipv4,malicious-ip,medium,WHITE,ziyadnz/hourly-ipv4,ziyadnz|hourly,2026-08-17T18:48:05Z,2026-08-17T18:48:05Z,
118.99.102.207,ipv4,malicious-ip,medium,WHITE,ziyadnz/hourly-ipv4,ziyadnz|hourly,2026-08-17T18:48:05Z,2026-08-17T18:48:05Z,
118.99.107.235,ipv4,malicious-ip,medium,WHITE,ziyadnz/hourly-ipv4,ziyadnz|hourly,2026-08-17T18:48:05Z,2026-08-17T18:48:05Z,
118.99.113.12,ipv4,malicious-ip,medium,WHITE,ziyadnz/hourly-ipv4,ziyadnz|hourly,2026-08-17T18:48:05Z,2026-08-17T18:48:05Z,
118.99.114.224,ipv4,malicious-ip,medium,WHITE,ziyadnz/hourly-ipv4,ziyadnz|hourly,2026-08-17T18:48:05Z,2026-08-17T18:48:05Z,
118.99.115.14,ipv4,malicious-ip,medium,WHITE,ziyadnz/hourly-ipv4,ziyadnz|hourly,2026-08-17T18:48:05Z,2026-08-17T18:48:05Z,
118.99.115.234,ipv4,malicious-ip,medium,WHITE,ziyadnz/hourly-ipv4,ziyadnz|hourly,2026-08-17T18:48:05Z,2026-08-17T18:48:05Z,
118.99.115.97,ipv4,malicious-ip,medium,WHITE,ziyadnz/hourly-ipv4,ziyadnz|hourly,2026-08-17T18:48:05Z,2026-08-17T18:48:05Z,
118.99.117.246,ipv4,malicious-ip,medium,WHITE,ziyadnz/hourly-ipv4,ziyadnz|hourly,2026-08-17T18:48:05Z,2026-08-17T18:48:05Z,
118.99.118.83,ipv4,malicious-ip,medium,WHITE,ziyadnz/hourly-ipv4,ziyadnz|hourly,2026-08-17T18:48:05Z,2026-08-17T18:48:05Z,
118.99.125.4,ipv4,malicious-ip,medium,WHITE,ziyadnz/hourly-ipv4,ziyadnz|hourly,2026-08-17T18:48:05Z,2026-08-17T18:48:05Z,
118.99.3.33,ipv4,malicious-ip,medium,WHITE,ziyadnz/hourly-ipv4,ziyadnz|hourly,2026-08-17T18:48:05Z,2026-08-17T18:48:05Z,
118.99.6.202,ipv4,malicious-ip,medium,WHITE,ziyadnz/hourly-ipv4,ziyadnz|hourly,2026-08-17T18:48:05Z,2026-08-17T18:48:05Z,
118.99.73.103,ipv4,malicious-ip,medium,WHITE,ziyadnz/hourly-ipv4,ziyadnz|hourly,2026-08-17T18:48:05Z,2026-08-17T18:48:05Z,
118.99.76.197,ipv4,malicious-ip,medium,WHITE,ziyadnz/hourly-ipv4,ziyadnz|hourly,2026-08-17T18:48:05Z,2026-08-17T18:48:05Z,
118.99.91.12,ipv4,malicious-ip,medium,WHITE,ziyadnz/hourly-ipv4,ziyadnz|hourly,2026-08-17T18:48:05Z,2026-08-17T18:48:05Z,
118.99.94.251,ipv4,malicious-ip,medium,WHITE,ziyadnz/hourly-ipv4,ziyadnz|hourly,2026-08-17T18:48:05Z,2026-08-17T18:48:05Z,
119.0.142.196,ipv4,malicious-ip,medium,WHITE,ziyadnz/hourly-ipv4,ziyadnz|hourly,2026-08-17T18:48:05Z,2026-08-17T18:48:05Z,
119.0.33.36,ipv4,malicious-ip,medium,WHITE,ziyadnz/hourly-ipv4,ziyadnz|hourly,2026-08-17T18:48:05Z,2026-08-17T18:48:05Z,
119.0.40.107,ipv4,malicious-ip,medium,WHITE,ziyadnz/hourly-ipv4,ziyadnz|hourly,2026-08-17T18:48:05Z,2026-08-17T18:48:05Z,
119.1.191.47,ipv4,malicious-ip,medium,WHITE,ziyadnz/hourly-ipv4,ziyadnz|hourly,2026-08-17T18:48:05Z,2026-08-17T18:48:05Z,
119.1.244.219,ipv4,malicious-ip,medium,WHITE,ziyadnz/hourly-ipv4,ziyadnz|hourly,2026-08-17T18:48:05Z,2026-08-17T18:48:05Z,
119.100.100.90,ipv4,malicious-ip,medium,WHITE,ziyadnz/hourly-ipv4,ziyadnz|hourly,2026-08-17T18:48:05Z,2026-08-17T18:48:05Z,
119.100.105.6,ipv4,malicious-ip,medium,WHITE,ziyadnz/hourly-ipv4,ziyadnz|hourly,2026-08-17T18:48:05Z,2026-08-17T18:48:05Z,
119.100.110.97,ipv4,malicious-ip,medium,WHITE,ziyadnz/hourly-ipv4,ziyadnz|hourly,2026-08-17T18:48:05Z,2026-08-17T18:48:05Z,
119.100.122.132,ipv4,malicious-ip,medium,WHITE,ziyadnz/hourly-ipv4,ziyadnz|hourly,2026-08-17T18:48:05Z,2026-08-17T18:48:05Z,
119.100.145.121,ipv4,malicious-ip,medium,WHITE,ziyadnz/hourly-ipv4,ziyadnz|hourly,2026-08-17T18:48:05Z,2026-08-17T18:48:05Z,
119.100.145.195,ipv4,malicious-ip,medium,WHITE,ziyadnz/hourly-ipv4,ziyadnz|hourly,2026-08-17T18:48:05Z,2026-08-17T18:48:05Z,
119.100.146.254,ipv4,malicious-ip,medium,WHITE,ziyadnz/hourly-ipv4,ziyadnz|hourly,2026-08-17T18:48:05Z,2026-08-17T18:48:05Z,
119.100.147.118,ipv4,malicious-ip,medium,WHITE,ziyadnz/hourly-ipv4,ziyadnz|hourly,2026-08-17T18:48:05Z,2026-08-17T18:48:05Z,
119.100.208.123,ipv4,malicious-ip,medium,WHITE,ziyadnz/hourly-ipv4,ziyadnz|hourly,2026-08-17T18:48:05Z,2026-08-17T18:48:05Z,
119.100.224.105,ipv4,malicious-ip,medium,WHITE,ziyadnz/hourly-ipv4,ziyadnz|hourly,2026-08-17T18:48:05Z,2026-08-17T18:48:05Z,
119.100.39.143,ipv4,malicious-ip,medium,WHITE,ziyadnz/hourly-ipv4,ziyadnz|hourly,2026-08-17T18:48:05Z,2026-08-17T18:48:05Z,
119.100.45.210,ipv4,malicious-ip,medium,WHITE,ziyadnz/hourly-ipv4,ziyadnz|hourly,2026-08-17T18:48:05Z,2026-08-17T18:48:05Z,
119.100.98.143,ipv4,malicious-ip,medium,WHITE,ziyadnz/hourly-ipv4,ziyadnz|hourly,2026-08-17T18:48:05Z,2026-08-17T18:48:05Z,
119.102.127.35,ipv4,malicious-ip,medium,WHITE,ziyadnz/hourly-ipv4,ziyadnz|hourly,2026-08-17T18:48:05Z,2026-08-17T18:48:05Z,
119.102.249.252,ipv4,malicious-ip,medium,WHITE,ziyadnz/hourly-ipv4,ziyadnz|hourly,2026-08-17T18:48:05Z,2026-08-17T18:48:05Z,
119.102.8.136,ipv4,malicious-ip,medium,WHITE,ziyadnz/hourly-ipv4,ziyadnz|hourly,2026-08-17T18:48:05Z,2026-08-17T18:48:05Z,
119.108.231.47,ipv4,malicious-ip,medium,WHITE,ziyadnz/hourly-ipv4,ziyadnz|hourly,2026-08-17T18:48:05Z,2026-08-17T18:48:05Z,
119.108.65.6,ipv4,malicious-ip,medium,WHITE,ziyadnz/hourly-ipv4,ziyadnz|hourly,2026-08-17T18:48:05Z,2026-08-17T18:48:05Z,
119.108.73.209,ipv4,malicious-ip,medium,WHITE,ziyadnz/hourly-ipv4,ziyadnz|hourly,2026-08-17T18:48:05Z,2026-08-17T18:48:05Z,
119.109.153.239,ipv4,malicious-ip,medium,WHITE,ziyadnz/hourly-ipv4,ziyadnz|hourly,2026-08-17T18:48:05Z,2026-08-17T18:48:05Z,
119.109.216.10,ipv4,malicious-ip,medium,WHITE,ziyadnz/hourly-ipv4,ziyadnz|hourly,2026-08-17T18:48:05Z,2026-08-17T18:48:05Z,
119.110.72.118,ipv4,malicious-ip,medium,WHITE,ziyadnz/hourly-ipv4,ziyadnz|hourly,2026-08-17T18:48:05Z,2026-08-17T18:48:05Z,
119.112.151.26,ipv4,malicious-ip,medium,WHITE,ziyadnz/hourly-ipv4,ziyadnz|hourly,2026-08-17T18:48:05Z,2026-08-17T18:48:05Z,
119.112.235.17,ipv4,malicious-ip,medium,WHITE,ziyadnz/hourly-ipv4,ziyadnz|hourly,2026-08-17T18:48:05Z,2026-08-17T18:48:05Z,
119.112.240.132,ipv4,malicious-ip,medium,WHITE,ziyadnz/hourly-ipv4,ziyadnz|hourly,2026-08-17T18:48:05Z,2026-08-17T18:48:05Z,
119.115.151.116,ipv4,malicious-ip,medium,WHITE,ziyadnz/hourly-ipv4,ziyadnz|hourly,2026-08-17T18:48:05Z,2026-08-17T18:48:05Z,
119.116.216.183,ipv4,malicious-ip,medium,WHITE,ziyadnz/hourly-ipv4,ziyadnz|hourly,2026-08-17T18:48:05Z,2026-08-17T18:48:05Z,
119.118.63.25,ipv4,malicious-ip,medium,WHITE,ziyadnz/hourly-ipv4,ziyadnz|hourly,2026-08-17T18:48:05Z,2026-08-17T18:48:05Z,
119.119.155.225,ipv4,malicious-ip,medium,WHITE,ziyadnz/hourly-ipv4,ziyadnz|hourly,2026-08-17T18:48:05Z,2026-08-17T18:48:05Z,
119.119.26.175,ipv4,malicious-ip,medium,WHITE,ziyadnz/hourly-ipv4,ziyadnz|hourly,2026-08-17T18:48:05Z,2026-08-17T18:48:05Z,
119.119.56.1,ipv4,malicious-ip,medium,WHITE,ziyadnz/hourly-ipv4,ziyadnz|hourly,2026-08-17T18:48:05Z,2026-08-17T18:48:05Z,
119.119.64.103,ipv4,malicious-ip,medium,WHITE,ziyadnz/hourly-ipv4,ziyadnz|hourly,2026-08-17T18:48:05Z,2026-08-17T18:48:05Z,
119.119.73.69,ipv4,malicious-ip,medium,WHITE,ziyadnz/hourly-ipv4,ziyadnz|hourly,2026-08-17T18:48:05Z,2026-08-17T18:48:05Z,
119.123.245.164,ipv4,malicious-ip,medium,WHITE,ziyadnz/hourly-ipv4,ziyadnz|hourly,2026-08-17T18:48:05Z,2026-08-17T18:48:05Z,
119.125.102.208,ipv4,malicious-ip,medium,WHITE,ziyadnz/hourly-ipv4,ziyadnz|hourly,2026-08-17T18:48:05Z,2026-08-17T18:48:05Z,
119.13.189.108,ipv4,malicious-ip,medium,WHITE,ziyadnz/hourly-ipv4,ziyadnz|hourly,2026-08-17T18:48:05Z,2026-08-17T18:48:05Z,
119.13.56.50,ipv4,malicious-ip,medium,WHITE,ziyadnz/hourly-ipv4,ziyadnz|hourly,2026-08-17T18:48:05Z,2026-08-17T18:48:05Z,
119.13.57.119,ipv4,malicious-ip,medium,WHITE,ziyadnz/hourly-ipv4,ziyadnz|hourly,2026-08-17T18:48:05Z,2026-08-17T18:48:05Z,
119.136.21.189,ipv4,malicious-ip,medium,WHITE,ziyadnz/hourly-ipv4,ziyadnz|hourly,2026-08-17T18:48:05Z,2026-08-17T18:48:05Z,
119.145.5.194,ipv4,malicious-ip,medium,WHITE,ziyadnz/hourly-ipv4,ziyadnz|hourly,2026-08-17T18:48:05Z,2026-08-17T18:48:05Z,
119.147.145.198,ipv4,malicious-ip,medium,WHITE,ziyadnz/hourly-ipv4,ziyadnz|hourly,2026-08-17T18:48:05Z,2026-08-17T18:48:05Z,
119.147.202.108,ipv4,malicious-ip,medium,WHITE,ziyadnz/hourly-ipv4,ziyadnz|hourly,2026-08-17T18:48:05Z,2026-08-17T18:48:05Z,
119.147.208.108,ipv4,malicious-ip,medium,WHITE,ziyadnz/hourly-ipv4,ziyadnz|hourly,2026-08-17T18:48:05Z,2026-08-17T18:48:05Z,
119.147.213.48,ipv4,malicious-ip,medium,WHITE,ziyadnz/hourly-ipv4,ziyadnz|hourly,2026-08-17T18:48:05Z,2026-08-17T18:48:05Z,
119.147.84.53,ipv4,malicious-ip,medium,WHITE,ziyadnz/hourly-ipv4,ziyadnz|hourly,2026-08-17T18:48:05Z,2026-08-17T18:48:05Z,
119.148.103.26,ipv4,malicious-ip,medium,WHITE,ziyadnz/hourly-ipv4,ziyadnz|hourly,2026-08-17T18:48:05Z,2026-08-17T18:48:05Z,
119.148.103.30,ipv4,malicious-ip,medium,WHITE,ziyadnz/hourly-ipv4,ziyadnz|hourly,2026-08-17T18:48:05Z,2026-08-17T18:48:05Z,
119.148.35.61,ipv4,malicious-ip,medium,WHITE,ziyadnz/hourly-ipv4,ziyadnz|hourly,2026-08-17T18:48:05Z,2026-08-17T18:48:05Z,
119.15.169.25,ipv4,malicious-ip,medium,WHITE,ziyadnz/hourly-ipv4,ziyadnz|hourly,2026-08-17T18:48:05Z,2026-08-17T18:48:05Z,
119.15.78.20,ipv4,malicious-ip,medium,WHITE,ziyadnz/hourly-ipv4,ziyadnz|hourly,2026-08-17T18:48:05Z,2026-08-17T18:48:05Z,
119.15.80.169,ipv4,malicious-ip,medium,WHITE,ziyadnz/hourly-ipv4,ziyadnz|hourly,2026-08-17T18:48:05Z,2026-08-17T18:48:05Z,
119.15.88.111,ipv4,malicious-ip,medium,WHITE,ziyadnz/hourly-ipv4,ziyadnz|hourly,2026-08-17T18:48:05Z,2026-08-17T18:48:05Z,
119.152.102.54,ipv4,malicious-ip,medium,WHITE,ziyadnz/hourly-ipv4,ziyadnz|hourly,2026-08-17T18:48:05Z,2026-08-17T18:48:05Z,
119.152.228.170,ipv4,malicious-ip,medium,WHITE,ziyadnz/hourly-ipv4,ziyadnz|hourly,2026-08-17T18:48:05Z,2026-08-17T18:48:05Z,
119.152.228.175,ipv4,malicious-ip,medium,WHITE,ziyadnz/hourly-ipv4,ziyadnz|hourly,2026-08-17T18:48:05Z,2026-08-17T18:48:05Z,
119.152.228.202,ipv4,malicious-ip,medium,WHITE,ziyadnz/hourly-ipv4,ziyadnz|hourly,2026-08-17T18:48:05Z,2026-08-17T18:48:05Z,
119.152.23.220,ipv4,malicious-ip,medium,WHITE,ziyadnz/hourly-ipv4,ziyadnz|hourly,2026-08-17T18:48:05Z,2026-08-17T18:48:05Z,
119.152.232.204,ipv4,malicious-ip,medium,WHITE,ziyadnz/hourly-ipv4,ziyadnz|hourly,2026-08-17T18:48:05Z,2026-08-17T18:48:05Z,
119.152.233.144,ipv4,malicious-ip,medium,WHITE,ziyadnz/hourly-ipv4,ziyadnz|hourly,2026-08-17T18:48:05Z,2026-08-17T18:48:05Z,
119.152.233.191,ipv4,malicious-ip,medium,WHITE,ziyadnz/hourly-ipv4,ziyadnz|hourly,2026-08-17T18:48:05Z,2026-08-17T18:48:05Z,
119.152.234.130,ipv4,malicious-ip,medium,WHITE,ziyadnz/hourly-ipv4,ziyadnz|hourly,2026-08-17T18:48:05Z,2026-08-17T18:48:05Z,
119.152.54.111,ipv4,malicious-ip,medium,WHITE,ziyadnz/hourly-ipv4,ziyadnz|hourly,2026-08-17T18:48:05Z,2026-08-17T18:48:05Z,
119.153.100.234,ipv4,malicious-ip,medium,WHITE,ziyadnz/hourly-ipv4,ziyadnz|hourly,2026-08-17T18:48:05Z,2026-08-17T18:48:05Z,
119.153.110.192,ipv4,malicious-ip,medium,WHITE,ziyadnz/hourly-ipv4,ziyadnz|hourly,2026-08-17T18:48:05Z,2026-08-17T18:48:05Z,
119.154.124.12,ipv4,malicious-ip,medium,WHITE,ziyadnz/hourly-ipv4,ziyadnz|hourly,2026-08-17T18:48:05Z,2026-08-17T18:48:05Z,
119.154.158.243,ipv4,malicious-ip,medium,WHITE,ziyadnz/hourly-ipv4,ziyadnz|hourly,2026-08-17T18:48:05Z,2026-08-17T18:48:05Z,
119.154.67.5,ipv4,malicious-ip,medium,WHITE,ziyadnz/hourly-ipv4,ziyadnz|hourly,2026-08-17T18:48:05Z,2026-08-17T18:48:05Z,
119.154.71.30,ipv4,malicious-ip,medium,WHITE,ziyadnz/hourly-ipv4,ziyadnz|hourly,2026-08-17T18:48:05Z,2026-08-17T18:48:05Z,
119.155.20.197,ipv4,malicious-ip,medium,WHITE,ziyadnz/hourly-ipv4,ziyadnz|hourly,2026-08-17T18:48:05Z,2026-08-17T18:48:05Z,
119.155.31.233,ipv4,malicious-ip,medium,WHITE,ziyadnz/hourly-ipv4,ziyadnz|hourly,2026-08-17T18:48:05Z,2026-08-17T18:48:05Z,
119.156.24.21,ipv4,malicious-ip,medium,WHITE,ziyadnz/hourly-ipv4,ziyadnz|hourly,2026-08-17T18:48:05Z,2026-08-17T18:48:05Z,
119.156.28.157,ipv4,malicious-ip,medium,WHITE,ziyadnz/hourly-ipv4,ziyadnz|hourly,2026-08-17T18:48:05Z,2026-08-17T18:48:05Z,
119.156.64.36,ipv4,malicious-ip,medium,WHITE,ziyadnz/hourly-ipv4,ziyadnz|hourly,2026-08-17T18:48:05Z,2026-08-17T18:48:05Z,
119.156.94.124,ipv4,malicious-ip,medium,WHITE,ziyadnz/hourly-ipv4,ziyadnz|hourly,2026-08-17T18:48:05Z,2026-08-17T18:48:05Z,
119.157.182.203,ipv4,malicious-ip,medium,WHITE,ziyadnz/hourly-ipv4,ziyadnz|hourly,2026-08-17T18:48:05Z,2026-08-17T18:48:05Z,
119.157.76.107,ipv4,malicious-ip,medium,WHITE,ziyadnz/hourly-ipv4,ziyadnz|hourly,2026-08-17T18:48:05Z,2026-08-17T18:48:05Z,
119.157.76.20,ipv4,malicious-ip,medium,WHITE,ziyadnz/hourly-ipv4,ziyadnz|hourly,2026-08-17T18:48:05Z,2026-08-17T18:48:05Z,
119.158.114.196,ipv4,malicious-ip,medium,WHITE,ziyadnz/hourly-ipv4,ziyadnz|hourly,2026-08-17T18:48:05Z,2026-08-17T18:48:05Z,
119.158.179.208,ipv4,malicious-ip,medium,WHITE,ziyadnz/hourly-ipv4,ziyadnz|hourly,2026-08-17T18:48:05Z,2026-08-17T18:48:05Z,
119.158.64.51,ipv4,malicious-ip,medium,WHITE,ziyadnz/hourly-ipv4,ziyadnz|hourly,2026-08-17T18:48:05Z,2026-08-17T18:48:05Z,
119.159.171.113,ipv4,malicious-ip,medium,WHITE,ziyadnz/hourly-ipv4,ziyadnz|hourly,2026-08-17T18:48:05Z,2026-08-17T18:48:05Z,
119.159.251.11,ipv4,malicious-ip,medium,WHITE,ziyadnz/hourly-ipv4,ziyadnz|hourly,2026-08-17T18:48:05Z,2026-08-17T18:48:05Z,
119.160.135.166,ipv4,malicious-ip,medium,WHITE,ziyadnz/hourly-ipv4,ziyadnz|hourly,2026-08-17T18:48:05Z,2026-08-17T18:48:05Z,
119.160.215.115,ipv4,malicious-ip,medium,WHITE,ziyadnz/hourly-ipv4,ziyadnz|hourly,2026-08-17T18:48:05Z,2026-08-17T18:48:05Z,
119.161.97.66,ipv4,malicious-ip,medium,WHITE,ziyadnz/hourly-ipv4,ziyadnz|hourly,2026-08-17T18:48:05Z,2026-08-17T18:48:05Z,
119.162.184.6,ipv4,malicious-ip,medium,WHITE,ziyadnz/hourly-ipv4,ziyadnz|hourly,2026-08-17T18:48:05Z,2026-08-17T18:48:05Z,
119.162.230.29,ipv4,malicious-ip,medium,WHITE,ziyadnz/hourly-ipv4,ziyadnz|hourly,2026-08-17T18:48:05Z,2026-08-17T18:48:05Z,
119.163.18.221,ipv4,malicious-ip,medium,WHITE,ziyadnz/hourly-ipv4,ziyadnz|hourly,2026-08-17T18:48:05Z,2026-08-17T18:48:05Z,
119.163.39.148,ipv4,malicious-ip,medium,WHITE,ziyadnz/hourly-ipv4,ziyadnz|hourly,2026-08-17T18:48:05Z,2026-08-17T18:48:05Z,
119.164.94.14,ipv4,malicious-ip,medium,WHITE,ziyadnz/hourly-ipv4,ziyadnz|hourly,2026-08-17T18:48:05Z,2026-08-17T18:48:05Z,
119.166.155.176,ipv4,malicious-ip,medium,WHITE,ziyadnz/hourly-ipv4,ziyadnz|hourly,2026-08-17T18:48:05Z,2026-08-17T18:48:05Z,
119.166.193.87,ipv4,malicious-ip,medium,WHITE,ziyadnz/hourly-ipv4,ziyadnz|hourly,2026-08-17T18:48:05Z,2026-08-17T18:48:05Z,
119.166.215.110,ipv4,malicious-ip,medium,WHITE,ziyadnz/hourly-ipv4,ziyadnz|hourly,2026-08-17T18:48:05Z,2026-08-17T18:48:05Z,
119.166.226.132,ipv4,malicious-ip,medium,WHITE,ziyadnz/hourly-ipv4,ziyadnz|hourly,2026-08-17T18:48:05Z,2026-08-17T18:48:05Z,
119.166.240.152,ipv4,malicious-ip,medium,WHITE,ziyadnz/hourly-ipv4,ziyadnz|hourly,2026-08-17T18:48:05Z,2026-08-17T18:48:05Z,
119.166.33.187,ipv4,malicious-ip,medium,WHITE,ziyadnz/hourly-ipv4,ziyadnz|hourly,2026-08-17T18:48:05Z,2026-08-17T18:48:05Z,
119.166.40.55,ipv4,malicious-ip,medium,WHITE,ziyadnz/hourly-ipv4,ziyadnz|hourly,2026-08-17T18:48:05Z,2026-08-17T18:48:05Z,
119.166.84.76,ipv4,malicious-ip,medium,WHITE,ziyadnz/hourly-ipv4,ziyadnz|hourly,2026-08-17T18:48:05Z,2026-08-17T18:48:05Z,
119.167.0.30,ipv4,malicious-ip,medium,WHITE,ziyadnz/hourly-ipv4,ziyadnz|hourly,2026-08-17T18:48:05Z,2026-08-17T18:48:05Z,
119.167.163.77,ipv4,malicious-ip,medium,WHITE,ziyadnz/hourly-ipv4,ziyadnz|hourly,2026-08-17T18:48:05Z,2026-08-17T18:48:05Z,
119.167.221.14,ipv4,malicious-ip,medium,WHITE,ziyadnz/hourly-ipv4,ziyadnz|hourly,2026-08-17T18:48:05Z,2026-08-17T18:48:05Z,
119.167.31.102,ipv4,malicious-ip,medium,WHITE,ziyadnz/hourly-ipv4,ziyadnz|hourly,2026-08-17T18:48:05Z,2026-08-17T18:48:05Z,
119.167.6.24,ipv4,malicious-ip,medium,WHITE,ziyadnz/hourly-ipv4,ziyadnz|hourly,2026-08-17T18:48:05Z,2026-08-17T18:48:05Z,
119.17.139.15,ipv4,malicious-ip,medium,WHITE,ziyadnz/hourly-ipv4,ziyadnz|hourly,2026-08-17T18:48:05Z,2026-08-17T18:48:05Z,
119.171.208.22,ipv4,malicious-ip,medium,WHITE,ziyadnz/hourly-ipv4,ziyadnz|hourly,2026-08-17T18:48:05Z,2026-08-17T18:48:05Z,
119.176.111.8,ipv4,malicious-ip,medium,WHITE,ziyadnz/hourly-ipv4,ziyadnz|hourly,2026-08-17T18:48:05Z,2026-08-17T18:48:05Z,
119.176.126.127,ipv4,malicious-ip,medium,WHITE,ziyadnz/hourly-ipv4,ziyadnz|hourly,2026-08-17T18:48:05Z,2026-08-17T18:48:05Z,
119.176.218.131,ipv4,malicious-ip,medium,WHITE,ziyadnz/hourly-ipv4,ziyadnz|hourly,2026-08-17T18:48:05Z,2026-08-17T18:48:05Z,
119.176.34.253,ipv4,malicious-ip,medium,WHITE,ziyadnz/hourly-ipv4,ziyadnz|hourly,2026-08-17T18:48:05Z,2026-08-17T18:48:05Z,
119.176.53.106,ipv4,malicious-ip,medium,WHITE,ziyadnz/hourly-ipv4,ziyadnz|hourly,2026-08-17T18:48:05Z,2026-08-17T18:48:05Z,
119.176.56.233,ipv4,malicious-ip,medium,WHITE,ziyadnz/hourly-ipv4,ziyadnz|hourly,2026-08-17T18:48:05Z,2026-08-17T18:48:05Z,
119.176.89.218,ipv4,malicious-ip,medium,WHITE,ziyadnz/hourly-ipv4,ziyadnz|hourly,2026-08-17T18:48:05Z,2026-08-17T18:48:05Z,
119.177.113.251,ipv4,malicious-ip,medium,WHITE,ziyadnz/hourly-ipv4,ziyadnz|hourly,2026-08-17T18:48:05Z,2026-08-17T18:48:05Z,
119.177.127.253,ipv4,malicious-ip,medium,WHITE,ziyadnz/hourly-ipv4,ziyadnz|hourly,2026-08-17T18:48:05Z,2026-08-17T18:48:05Z,
119.177.128.54,ipv4,malicious-ip,medium,WHITE,ziyadnz/hourly-ipv4,ziyadnz|hourly,2026-08-17T18:48:05Z,2026-08-17T18:48:05Z,
119.177.193.34,ipv4,malicious-ip,medium,WHITE,ziyadnz/hourly-ipv4,ziyadnz|hourly,2026-08-17T18:48:05Z,2026-08-17T18:48:05Z,
119.177.196.46,ipv4,malicious-ip,medium,WHITE,ziyadnz/hourly-ipv4,ziyadnz|hourly,2026-08-17T18:48:05Z,2026-08-17T18:48:05Z,
119.177.68.66,ipv4,malicious-ip,medium,WHITE,ziyadnz/hourly-ipv4,ziyadnz|hourly,2026-08-17T18:48:05Z,2026-08-17T18:48:05Z,
119.177.85.114,ipv4,malicious-ip,medium,WHITE,ziyadnz/hourly-ipv4,ziyadnz|hourly,2026-08-17T18:48:05Z,2026-08-17T18:48:05Z,
119.178.112.165,ipv4,malicious-ip,medium,WHITE,ziyadnz/hourly-ipv4,ziyadnz|hourly,2026-08-17T18:48:05Z,2026-08-17T18:48:05Z,
119.178.173.209,ipv4,malicious-ip,medium,WHITE,ziyadnz/hourly-ipv4,ziyadnz|hourly,2026-08-17T18:48:05Z,2026-08-17T18:48:05Z,
119.178.190.188,ipv4,malicious-ip,medium,WHITE,ziyadnz/hourly-ipv4,ziyadnz|hourly,2026-08-17T18:48:05Z,2026-08-17T18:48:05Z,
119.178.211.140,ipv4,malicious-ip,medium,WHITE,ziyadnz/hourly-ipv4,ziyadnz|hourly,2026-08-17T18:48:05Z,2026-08-17T18:48:05Z,
119.178.246.21,ipv4,malicious-ip,medium,WHITE,ziyadnz/hourly-ipv4,ziyadnz|hourly,2026-08-17T18:48:05Z,2026-08-17T18:48:05Z,
119.178.48.142,ipv4,malicious-ip,medium,WHITE,ziyadnz/hourly-ipv4,ziyadnz|hourly,2026-08-17T18:48:05Z,2026-08-17T18:48:05Z,
119.178.71.52,ipv4,malicious-ip,medium,WHITE,ziyadnz/hourly-ipv4,ziyadnz|hourly,2026-08-17T18:48:05Z,2026-08-17T18:48:05Z,
119.178.86.31,ipv4,malicious-ip,medium,WHITE,ziyadnz/hourly-ipv4,ziyadnz|hourly,2026-08-17T18:48:05Z,2026-08-17T18:48:05Z,
119.179.143.224,ipv4,malicious-ip,medium,WHITE,ziyadnz/hourly-ipv4,ziyadnz|hourly,2026-08-17T18:48:05Z,2026-08-17T18:48:05Z,
119.179.153.247,ipv4,malicious-ip,medium,WHITE,ziyadnz/hourly-ipv4,ziyadnz|hourly,2026-08-17T18:48:05Z,2026-08-17T18:48:05Z,
119.179.177.89,ipv4,malicious-ip,medium,WHITE,ziyadnz/hourly-ipv4,ziyadnz|hourly,2026-08-17T18:48:05Z,2026-08-17T18:48:05Z,
119.179.236.2,ipv4,malicious-ip,medium,WHITE,ziyadnz/hourly-ipv4,ziyadnz|hourly,2026-08-17T18:48:05Z,2026-08-17T18:48:05Z,
119.179.247.57,ipv4,malicious-ip,medium,WHITE,ziyadnz/hourly-ipv4,ziyadnz|hourly,2026-08-17T18:48:05Z,2026-08-17T18:48:05Z,
119.179.41.128,ipv4,malicious-ip,medium,WHITE,ziyadnz/hourly-ipv4,ziyadnz|hourly,2026-08-17T18:48:05Z,2026-08-17T18:48:05Z,
119.18.147.187,ipv4,malicious-ip,medium,WHITE,ziyadnz/hourly-ipv4,ziyadnz|hourly,2026-08-17T18:48:05Z,2026-08-17T18:48:05Z,
119.18.48.74,ipv4,malicious-ip,medium,WHITE,ziyadnz/hourly-ipv4,ziyadnz|hourly,2026-08-17T18:48:05Z,2026-08-17T18:48:05Z,
119.18.55.118,ipv4,malicious-ip,medium,WHITE,ziyadnz/hourly-ipv4,ziyadnz|hourly,2026-08-17T18:48:05Z,2026-08-17T18:48:05Z,
119.180.173.28,ipv4,malicious-ip,medium,WHITE,ziyadnz/hourly-ipv4,ziyadnz|hourly,2026-08-17T18:48:05Z,2026-08-17T18:48:05Z,
119.180.193.118,ipv4,malicious-ip,medium,WHITE,ziyadnz/hourly-ipv4,ziyadnz|hourly,2026-08-17T18:48:05Z,2026-08-17T18:48:05Z,
119.180.44.252,ipv4,malicious-ip,medium,WHITE,ziyadnz/hourly-ipv4,ziyadnz|hourly,2026-08-17T18:48:05Z,2026-08-17T18:48:05Z,
119.180.64.120,ipv4,malicious-ip,medium,WHITE,ziyadnz/hourly-ipv4,ziyadnz|hourly,2026-08-17T18:48:05Z,2026-08-17T18:48:05Z,
119.181.13.106,ipv4,malicious-ip,medium,WHITE,ziyadnz/hourly-ipv4,ziyadnz|hourly,2026-08-17T18:48:05Z,2026-08-17T18:48:05Z,
119.181.138.185,ipv4,malicious-ip,medium,WHITE,ziyadnz/hourly-ipv4,ziyadnz|hourly,2026-08-17T18:48:05Z,2026-08-17T18:48:05Z,
119.181.202.81,ipv4,malicious-ip,medium,WHITE,ziyadnz/hourly-ipv4,ziyadnz|hourly,2026-08-17T18:48:05Z,2026-08-17T18:48:05Z,
119.182.118.42,ipv4,malicious-ip,medium,WHITE,ziyadnz/hourly-ipv4,ziyadnz|hourly,2026-08-17T18:48:05Z,2026-08-17T18:48:05Z,
119.182.140.68,ipv4,malicious-ip,medium,WHITE,ziyadnz/hourly-ipv4,ziyadnz|hourly,2026-08-17T18:48:05Z,2026-08-17T18:48:05Z,
119.182.16.122,ipv4,malicious-ip,medium,WHITE,ziyadnz/hourly-ipv4,ziyadnz|hourly,2026-08-17T18:48:05Z,2026-08-17T18:48:05Z,
119.182.16.67,ipv4,malicious-ip,medium,WHITE,ziyadnz/hourly-ipv4,ziyadnz|hourly,2026-08-17T18:48:05Z,2026-08-17T18:48:05Z,
119.182.17.81,ipv4,malicious-ip,medium,WHITE,ziyadnz/hourly-ipv4,ziyadnz|hourly,2026-08-17T18:48:05Z,2026-08-17T18:48:05Z,
119.182.51.118,ipv4,malicious-ip,medium,WHITE,ziyadnz/hourly-ipv4,ziyadnz|hourly,2026-08-17T18:48:05Z,2026-08-17T18:48:05Z,
119.182.53.238,ipv4,malicious-ip,medium,WHITE,ziyadnz/hourly-ipv4,ziyadnz|hourly,2026-08-17T18:48:05Z,2026-08-17T18:48:05Z,
119.183.101.218,ipv4,malicious-ip,medium,WHITE,ziyadnz/hourly-ipv4,ziyadnz|hourly,2026-08-17T18:48:05Z,2026-08-17T18:48:05Z,
119.183.104.31,ipv4,malicious-ip,medium,WHITE,ziyadnz/hourly-ipv4,ziyadnz|hourly,2026-08-17T18:48:05Z,2026-08-17T18:48:05Z,
119.183.19.126,ipv4,malicious-ip,medium,WHITE,ziyadnz/hourly-ipv4,ziyadnz|hourly,2026-08-17T18:48:05Z,2026-08-17T18:48:05Z,
119.183.190.20,ipv4,malicious-ip,medium,WHITE,ziyadnz/hourly-ipv4,ziyadnz|hourly,2026-08-17T18:48:05Z,2026-08-17T18:48:05Z,
119.183.226.11,ipv4,malicious-ip,medium,WHITE,ziyadnz/hourly-ipv4,ziyadnz|hourly,2026-08-17T18:48:05Z,2026-08-17T18:48:05Z,
119.183.227.100,ipv4,malicious-ip,medium,WHITE,ziyadnz/hourly-ipv4,ziyadnz|hourly,2026-08-17T18:48:05Z,2026-08-17T18:48:05Z,
119.183.46.178,ipv4,malicious-ip,medium,WHITE,ziyadnz/hourly-ipv4,ziyadnz|hourly,2026-08-17T18:48:05Z,2026-08-17T18:48:05Z,
119.184.140.242,ipv4,malicious-ip,medium,WHITE,ziyadnz/hourly-ipv4,ziyadnz|hourly,2026-08-17T18:48:05Z,2026-08-17T18:48:05Z,
119.184.224.200,ipv4,malicious-ip,medium,WHITE,ziyadnz/hourly-ipv4,ziyadnz|hourly,2026-08-17T18:48:05Z,2026-08-17T18:48:05Z,
119.184.232.106,ipv4,malicious-ip,medium,WHITE,ziyadnz/hourly-ipv4,ziyadnz|hourly,2026-08-17T18:48:05Z,2026-08-17T18:48:05Z,
119.184.38.164,ipv4,malicious-ip,medium,WHITE,ziyadnz/hourly-ipv4,ziyadnz|hourly,2026-08-17T18:48:05Z,2026-08-17T18:48:05Z,
119.184.56.151,ipv4,malicious-ip,medium,WHITE,ziyadnz/hourly-ipv4,ziyadnz|hourly,2026-08-17T18:48:05Z,2026-08-17T18:48:05Z,
119.185.113.57,ipv4,malicious-ip,medium,WHITE,ziyadnz/hourly-ipv4,ziyadnz|hourly,2026-08-17T18:48:05Z,2026-08-17T18:48:05Z,
119.185.114.129,ipv4,malicious-ip,medium,WHITE,ziyadnz/hourly-ipv4,ziyadnz|hourly,2026-08-17T18:48:05Z,2026-08-17T18:48:05Z,
119.185.116.242,ipv4,malicious-ip,medium,WHITE,ziyadnz/hourly-ipv4,ziyadnz|hourly,2026-08-17T18:48:05Z,2026-08-17T18:48:05Z,
119.185.200.212,ipv4,malicious-ip,medium,WHITE,ziyadnz/hourly-ipv4,ziyadnz|hourly,2026-08-17T18:48:05Z,2026-08-17T18:48:05Z,
119.185.240.251,ipv4,malicious-ip,medium,WHITE,ziyadnz/hourly-ipv4,ziyadnz|hourly,2026-08-17T18:48:05Z,2026-08-17T18:48:05Z,
119.186.11.111,ipv4,malicious-ip,medium,WHITE,ziyadnz/hourly-ipv4,ziyadnz|hourly,2026-08-17T18:48:05Z,2026-08-17T18:48:05Z,
119.186.15.109,ipv4,malicious-ip,medium,WHITE,ziyadnz/hourly-ipv4,ziyadnz|hourly,2026-08-17T18:48:05Z,2026-08-17T18:48:05Z,
119.186.221.153,ipv4,malicious-ip,medium,WHITE,ziyadnz/hourly-ipv4,ziyadnz|hourly,2026-08-17T18:48:05Z,2026-08-17T18:48:05Z,
119.186.222.150,ipv4,malicious-ip,medium,WHITE,ziyadnz/hourly-ipv4,ziyadnz|hourly,2026-08-17T18:48:05Z,2026-08-17T18:48:05Z,
119.186.222.59,ipv4,malicious-ip,medium,WHITE,ziyadnz/hourly-ipv4,ziyadnz|hourly,2026-08-17T18:48:05Z,2026-08-17T18:48:05Z,
119.186.228.70,ipv4,malicious-ip,medium,WHITE,ziyadnz/hourly-ipv4,ziyadnz|hourly,2026-08-17T18:48:05Z,2026-08-17T18:48:05Z,
119.186.32.187,ipv4,malicious-ip,medium,WHITE,ziyadnz/hourly-ipv4,ziyadnz|hourly,2026-08-17T18:48:05Z,2026-08-17T18:48:05Z,
119.186.36.251,ipv4,malicious-ip,medium,WHITE,ziyadnz/hourly-ipv4,ziyadnz|hourly,2026-08-17T18:48:05Z,2026-08-17T18:48:05Z,
119.187.109.225,ipv4,malicious-ip,medium,WHITE,ziyadnz/hourly-ipv4,ziyadnz|hourly,2026-08-17T18:48:05Z,2026-08-17T18:48:05Z,
119.187.111.0,ipv4,malicious-ip,medium,WHITE,ziyadnz/hourly-ipv4,ziyadnz|hourly,2026-08-17T18:48:05Z,2026-08-17T18:48:05Z,
119.187.149.238,ipv4,malicious-ip,medium,WHITE,ziyadnz/hourly-ipv4,ziyadnz|hourly,2026-08-17T18:48:05Z,2026-08-17T18:48:05Z,
119.187.163.92,ipv4,malicious-ip,medium,WHITE,ziyadnz/hourly-ipv4,ziyadnz|hourly,2026-08-17T18:48:05Z,2026-08-17T18:48:05Z,
119.187.193.137,ipv4,malicious-ip,medium,WHITE,ziyadnz/hourly-ipv4,ziyadnz|hourly,2026-08-17T18:48:05Z,2026-08-17T18:48:05Z,
119.187.23.132,ipv4,malicious-ip,medium,WHITE,ziyadnz/hourly-ipv4,ziyadnz|hourly,2026-08-17T18:48:05Z,2026-08-17T18:48:05Z,
119.187.54.17,ipv4,malicious-ip,medium,WHITE,ziyadnz/hourly-ipv4,ziyadnz|hourly,2026-08-17T18:48:05Z,2026-08-17T18:48:05Z,
119.187.59.160,ipv4,malicious-ip,medium,WHITE,ziyadnz/hourly-ipv4,ziyadnz|hourly,2026-08-17T18:48:05Z,2026-08-17T18:48:05Z,
119.187.67.55,ipv4,malicious-ip,medium,WHITE,ziyadnz/hourly-ipv4,ziyadnz|hourly,2026-08-17T18:48:05Z,2026-08-17T18:48:05Z,
119.187.73.190,ipv4,malicious-ip,medium,WHITE,ziyadnz/hourly-ipv4,ziyadnz|hourly,2026-08-17T18:48:05Z,2026-08-17T18:48:05Z,
119.189.137.76,ipv4,malicious-ip,medium,WHITE,ziyadnz/hourly-ipv4,ziyadnz|hourly,2026-08-17T18:48:05Z,2026-08-17T18:48:05Z,
119.189.208.159,ipv4,malicious-ip,medium,WHITE,ziyadnz/hourly-ipv4,ziyadnz|hourly,2026-08-17T18:48:05Z,2026-08-17T18:48:05Z,
119.189.228.174,ipv4,malicious-ip,medium,WHITE,ziyadnz/hourly-ipv4,ziyadnz|hourly,2026-08-17T18:48:05Z,2026-08-17T18:48:05Z,
119.189.230.162,ipv4,malicious-ip,medium,WHITE,ziyadnz/hourly-ipv4,ziyadnz|hourly,2026-08-17T18:48:05Z,2026-08-17T18:48:05Z,
119.189.36.24,ipv4,malicious-ip,medium,WHITE,ziyadnz/hourly-ipv4,ziyadnz|hourly,2026-08-17T18:48:05Z,2026-08-17T18:48:05Z,
119.190.118.183,ipv4,malicious-ip,medium,WHITE,ziyadnz/hourly-ipv4,ziyadnz|hourly,2026-08-17T18:48:05Z,2026-08-17T18:48:05Z,
119.190.162.207,ipv4,malicious-ip,medium,WHITE,ziyadnz/hourly-ipv4,ziyadnz|hourly,2026-08-17T18:48:05Z,2026-08-17T18:48:05Z,
119.190.170.98,ipv4,malicious-ip,medium,WHITE,ziyadnz/hourly-ipv4,ziyadnz|hourly,2026-08-17T18:48:05Z,2026-08-17T18:48:05Z,
119.190.179.185,ipv4,malicious-ip,medium,WHITE,ziyadnz/hourly-ipv4,ziyadnz|hourly,2026-08-17T18:48:05Z,2026-08-17T18:48:05Z,
119.190.40.90,ipv4,malicious-ip,medium,WHITE,ziyadnz/hourly-ipv4,ziyadnz|hourly,2026-08-17T18:48:05Z,2026-08-17T18:48:05Z,
119.190.77.68,ipv4,malicious-ip,medium,WHITE,ziyadnz/hourly-ipv4,ziyadnz|hourly,2026-08-17T18:48:05Z,2026-08-17T18:48:05Z,
119.191.113.14,ipv4,malicious-ip,medium,WHITE,ziyadnz/hourly-ipv4,ziyadnz|hourly,2026-08-17T18:48:05Z,2026-08-17T18:48:05Z,
119.191.126.176,ipv4,malicious-ip,medium,WHITE,ziyadnz/hourly-ipv4,ziyadnz|hourly,2026-08-17T18:48:05Z,2026-08-17T18:48:05Z,
119.191.97.84,ipv4,malicious-ip,medium,WHITE,ziyadnz/hourly-ipv4,ziyadnz|hourly,2026-08-17T18:48:05Z,2026-08-17T18:48:05Z,
119.192.141.7,ipv4,malicious-ip,medium,WHITE,ziyadnz/hourly-ipv4,ziyadnz|hourly,2026-08-17T18:48:05Z,2026-08-17T18:48:05Z,
119.192.214.251,ipv4,malicious-ip,medium,WHITE,ziyadnz/hourly-ipv4,ziyadnz|hourly,2026-08-17T18:48:05Z,2026-08-17T18:48:05Z,
119.192.249.195,ipv4,malicious-ip,medium,WHITE,ziyadnz/hourly-ipv4,ziyadnz|hourly,2026-08-17T18:48:05Z,2026-08-17T18:48:05Z,
119.192.53.161,ipv4,malicious-ip,medium,WHITE,ziyadnz/hourly-ipv4,ziyadnz|hourly,2026-08-17T18:48:05Z,2026-08-17T18:48:05Z,
119.192.59.80,ipv4,malicious-ip,medium,WHITE,ziyadnz/hourly-ipv4,ziyadnz|hourly,2026-08-17T18:48:05Z,2026-08-17T18:48:05Z,
119.193.124.41,ipv4,malicious-ip,medium,WHITE,ziyadnz/hourly-ipv4,ziyadnz|hourly,2026-08-17T18:48:05Z,2026-08-17T18:48:05Z,
119.193.230.157,ipv4,malicious-ip,medium,WHITE,ziyadnz/hourly-ipv4,ziyadnz|hourly,2026-08-17T18:48:05Z,2026-08-17T18:48:05Z,
119.195.71.127,ipv4,malicious-ip,medium,WHITE,ziyadnz/hourly-ipv4,ziyadnz|hourly,2026-08-17T18:48:05Z,2026-08-17T18:48:05Z,
119.196.153.205,ipv4,malicious-ip,medium,WHITE,ziyadnz/hourly-ipv4,ziyadnz|hourly,2026-08-17T18:48:05Z,2026-08-17T18:48:05Z,
119.196.155.203,ipv4,malicious-ip,medium,WHITE,ziyadnz/hourly-ipv4,ziyadnz|hourly,2026-08-17T18:48:05Z,2026-08-17T18:48:05Z,
119.198.156.147,ipv4,malicious-ip,medium,WHITE,ziyadnz/hourly-ipv4,ziyadnz|hourly,2026-08-17T18:48:05Z,2026-08-17T18:48:05Z,
119.198.96.190,ipv4,malicious-ip,medium,WHITE,ziyadnz/hourly-ipv4,ziyadnz|hourly,2026-08-17T18:48:05Z,2026-08-17T18:48:05Z,
119.199.160.42,ipv4,malicious-ip,medium,WHITE,ziyadnz/hourly-ipv4,ziyadnz|hourly,2026-08-17T18:48:05Z,2026-08-17T18:48:05Z,
119.199.188.251,ipv4,malicious-ip,medium,WHITE,ziyadnz/hourly-ipv4,ziyadnz|hourly,2026-08-17T18:48:05Z,2026-08-17T18:48:05Z,
119.199.188.80,ipv4,malicious-ip,medium,WHITE,ziyadnz/hourly-ipv4,ziyadnz|hourly,2026-08-17T18:48:05Z,2026-08-17T18:48:05Z,
119.2.126.2,ipv4,malicious-ip,medium,WHITE,ziyadnz/hourly-ipv4,ziyadnz|hourly,2026-08-17T18:48:05Z,2026-08-17T18:48:05Z,
119.2.42.84,ipv4,malicious-ip,medium,WHITE,ziyadnz/hourly-ipv4,ziyadnz|hourly,2026-08-17T18:48:05Z,2026-08-17T18:48:05Z,
119.202.139.244,ipv4,malicious-ip,medium,WHITE,ziyadnz/hourly-ipv4,ziyadnz|hourly,2026-08-17T18:48:05Z,2026-08-17T18:48:05Z,
119.202.55.237,ipv4,malicious-ip,medium,WHITE,ziyadnz/hourly-ipv4,ziyadnz|hourly,2026-08-17T18:48:05Z,2026-08-17T18:48:05Z,
119.202.76.171,ipv4,malicious-ip,medium,WHITE,ziyadnz/hourly-ipv4,ziyadnz|hourly,2026-08-17T18:48:05Z,2026-08-17T18:48:05Z,
119.203.187.190,ipv4,malicious-ip,medium,WHITE,ziyadnz/hourly-ipv4,ziyadnz|hourly,2026-08-17T18:48:05Z,2026-08-17T18:48:05Z,
119.203.251.187,ipv4,malicious-ip,medium,WHITE,ziyadnz/hourly-ipv4,ziyadnz|hourly,2026-08-17T18:48:05Z,2026-08-17T18:48:05Z,
119.205.179.217,ipv4,malicious-ip,medium,WHITE,ziyadnz/hourly-ipv4,ziyadnz|hourly,2026-08-17T18:48:05Z,2026-08-17T18:48:05Z,
119.206.113.194,ipv4,malicious-ip,medium,WHITE,ziyadnz/hourly-ipv4,ziyadnz|hourly,2026-08-17T18:48:05Z,2026-08-17T18:48:05Z,
119.207.25.170,ipv4,malicious-ip,medium,WHITE,ziyadnz/hourly-ipv4,ziyadnz|hourly,2026-08-17T18:48:05Z,2026-08-17T18:48:05Z,
119.207.254.77,ipv4,malicious-ip,medium,WHITE,ziyadnz/hourly-ipv4,ziyadnz|hourly,2026-08-17T18:48:05Z,2026-08-17T18:48:05Z,
119.207.26.11,ipv4,malicious-ip,medium,WHITE,ziyadnz/hourly-ipv4,ziyadnz|hourly,2026-08-17T18:48:05Z,2026-08-17T18:48:05Z,
119.207.30.201,ipv4,malicious-ip,medium,WHITE,ziyadnz/hourly-ipv4,ziyadnz|hourly,2026-08-17T18:48:05Z,2026-08-17T18:48:05Z,
119.207.30.60,ipv4,malicious-ip,medium,WHITE,ziyadnz/hourly-ipv4,ziyadnz|hourly,2026-08-17T18:48:05Z,2026-08-17T18:48:05Z,
119.207.4.161,ipv4,malicious-ip,medium,WHITE,ziyadnz/hourly-ipv4,ziyadnz|hourly,2026-08-17T18:48:05Z,2026-08-17T18:48:05Z,
119.207.49.167,ipv4,malicious-ip,medium,WHITE,ziyadnz/hourly-ipv4,ziyadnz|hourly,2026-08-17T18:48:05Z,2026-08-17T18:48:05Z,
119.207.56.116,ipv4,malicious-ip,medium,WHITE,ziyadnz/hourly-ipv4,ziyadnz|hourly,2026-08-17T18:48:05Z,2026-08-17T18:48:05Z,
119.207.63.208,ipv4,malicious-ip,medium,WHITE,ziyadnz/hourly-ipv4,ziyadnz|hourly,2026-08-17T18:48:05Z,2026-08-17T18:48:05Z,
119.207.83.10,ipv4,malicious-ip,medium,WHITE,ziyadnz/hourly-ipv4,ziyadnz|hourly,2026-08-17T18:48:05Z,2026-08-17T18:48:05Z,
119.207.89.131,ipv4,malicious-ip,medium,WHITE,ziyadnz/hourly-ipv4,ziyadnz|hourly,2026-08-17T18:48:05Z,2026-08-17T18:48:05Z,
119.209.12.20,ipv4,malicious-ip,medium,WHITE,ziyadnz/hourly-ipv4,ziyadnz|hourly,2026-08-17T18:48:05Z,2026-08-17T18:48:05Z,
119.23.230.40,ipv4,malicious-ip,medium,WHITE,ziyadnz/hourly-ipv4,ziyadnz|hourly,2026-08-17T18:48:05Z,2026-08-17T18:48:05Z,
119.23.238.54,ipv4,malicious-ip,medium,WHITE,ziyadnz/hourly-ipv4,ziyadnz|hourly,2026-08-17T18:48:05Z,2026-08-17T18:48:05Z,
119.23.248.16,ipv4,malicious-ip,medium,WHITE,ziyadnz/hourly-ipv4,ziyadnz|hourly,2026-08-17T18:48:05Z,2026-08-17T18:48:05Z,
119.23.55.232,ipv4,malicious-ip,medium,WHITE,ziyadnz/hourly-ipv4,ziyadnz|hourly,2026-08-17T18:48:05Z,2026-08-17T18:48:05Z,
119.23.73.148,ipv4,malicious-ip,medium,WHITE,ziyadnz/hourly-ipv4,ziyadnz|hourly,2026-08-17T18:48:05Z,2026-08-17T18:48:05Z,
119.235.53.133,ipv4,malicious-ip,medium,WHITE,ziyadnz/hourly-ipv4,ziyadnz|hourly,2026-08-17T18:48:05Z,2026-08-17T18:48:05Z,
119.236.157.141,ipv4,malicious-ip,medium,WHITE,ziyadnz/hourly-ipv4,ziyadnz|hourly,2026-08-17T18:48:05Z,2026-08-17T18:48:05Z,
119.236.65.187,ipv4,malicious-ip,medium,WHITE,ziyadnz/hourly-ipv4,ziyadnz|hourly,2026-08-17T18:48:05Z,2026-08-17T18:48:05Z,
119.237.136.73,ipv4,malicious-ip,medium,WHITE,ziyadnz/hourly-ipv4,ziyadnz|hourly,2026-08-17T18:48:05Z,2026-08-17T18:48:05Z,
119.237.32.122,ipv4,malicious-ip,medium,WHITE,ziyadnz/hourly-ipv4,ziyadnz|hourly,2026-08-17T18:48:05Z,2026-08-17T18:48:05Z,
119.240.15.111,ipv4,malicious-ip,medium,WHITE,ziyadnz/hourly-ipv4,ziyadnz|hourly,2026-08-17T18:48:05Z,2026-08-17T18:48:05Z,
119.240.15.113,ipv4,malicious-ip,medium,WHITE,ziyadnz/hourly-ipv4,ziyadnz|hourly,2026-08-17T18:48:05Z,2026-08-17T18:48:05Z,
119.245.83.165,ipv4,malicious-ip,medium,WHITE,ziyadnz/hourly-ipv4,ziyadnz|hourly,2026-08-17T18:48:05Z,2026-08-17T18:48:05Z,
119.247.253.172,ipv4,malicious-ip,medium,WHITE,ziyadnz/hourly-ipv4,ziyadnz|hourly,2026-08-17T18:48:05Z,2026-08-17T18:48:05Z,
119.249.100.110,ipv4,malicious-ip,medium,WHITE,ziyadnz/hourly-ipv4,ziyadnz|hourly,2026-08-17T18:48:05Z,2026-08-17T18:48:05Z,
119.249.100.111,ipv4,malicious-ip,medium,WHITE,ziyadnz/hourly-ipv4,ziyadnz|hourly,2026-08-17T18:48:05Z,2026-08-17T18:48:05Z,
119.249.46.151,ipv4,malicious-ip,medium,WHITE,ziyadnz/hourly-ipv4,ziyadnz|hourly,2026-08-17T18:48:05Z,2026-08-17T18:48:05Z,
119.251.135.6,ipv4,malicious-ip,medium,WHITE,ziyadnz/hourly-ipv4,ziyadnz|hourly,2026-08-17T18:48:05Z,2026-08-17T18:48:05Z,
119.251.200.22,ipv4,malicious-ip,medium,WHITE,ziyadnz/hourly-ipv4,ziyadnz|hourly,2026-08-17T18:48:05Z,2026-08-17T18:48:05Z,
119.251.42.172,ipv4,malicious-ip,medium,WHITE,ziyadnz/hourly-ipv4,ziyadnz|hourly,2026-08-17T18:48:05Z,2026-08-17T18:48:05Z,
119.251.79.221,ipv4,malicious-ip,medium,WHITE,ziyadnz/hourly-ipv4,ziyadnz|hourly,2026-08-17T18:48:05Z,2026-08-17T18:48:05Z,
119.252.162.202,ipv4,malicious-ip,medium,WHITE,ziyadnz/hourly-ipv4,ziyadnz|hourly,2026-08-17T18:48:05Z,2026-08-17T18:48:05Z,
119.252.211.167,ipv4,malicious-ip,medium,WHITE,ziyadnz/hourly-ipv4,ziyadnz|hourly,2026-08-17T18:48:05Z,2026-08-17T18:48:05Z,
119.253.93.62,ipv4,malicious-ip,medium,WHITE,ziyadnz/hourly-ipv4,ziyadnz|hourly,2026-08-17T18:48:05Z,2026-08-17T18:48:05Z,
119.28.100.204,ipv4,malicious-ip,medium,WHITE,ziyadnz/hourly-ipv4,ziyadnz|hourly,2026-08-17T18:48:05Z,2026-08-17T18:48:05Z,
119.28.100.229,ipv4,malicious-ip,medium,WHITE,ziyadnz/hourly-ipv4,ziyadnz|hourly,2026-08-17T18:48:05Z,2026-08-17T18:48:05Z,
119.28.101.155,ipv4,malicious-ip,medium,WHITE,ziyadnz/hourly-ipv4,ziyadnz|hourly,2026-08-17T18:48:05Z,2026-08-17T18:48:05Z,
119.28.105.30,ipv4,malicious-ip,medium,WHITE,ziyadnz/hourly-ipv4,ziyadnz|hourly,2026-08-17T18:48:05Z,2026-08-17T18:48:05Z,
119.28.106.12,ipv4,malicious-ip,medium,WHITE,ziyadnz/hourly-ipv4,ziyadnz|hourly,2026-08-17T18:48:05Z,2026-08-17T18:48:05Z,
119.28.106.217,ipv4,malicious-ip,medium,WHITE,ziyadnz/hourly-ipv4,ziyadnz|hourly,2026-08-17T18:48:05Z,2026-08-17T18:48:05Z,
119.28.107.34,ipv4,malicious-ip,medium,WHITE,ziyadnz/hourly-ipv4,ziyadnz|hourly,2026-08-17T18:48:05Z,2026-08-17T18:48:05Z,
119.28.108.39,ipv4,malicious-ip,medium,WHITE,ziyadnz/hourly-ipv4,ziyadnz|hourly,2026-08-17T18:48:05Z,2026-08-17T18:48:05Z,
119.28.108.80,ipv4,malicious-ip,medium,WHITE,ziyadnz/hourly-ipv4,ziyadnz|hourly,2026-08-17T18:48:05Z,2026-08-17T18:48:05Z,
119.28.114.76,ipv4,malicious-ip,medium,WHITE,ziyadnz/hourly-ipv4,ziyadnz|hourly,2026-08-17T18:48:05Z,2026-08-17T18:48:05Z,
119.28.115.213,ipv4,malicious-ip,medium,WHITE,ziyadnz/hourly-ipv4,ziyadnz|hourly,2026-08-17T18:48:05Z,2026-08-17T18:48:05Z,
119.28.115.94,ipv4,malicious-ip,medium,WHITE,ziyadnz/hourly-ipv4,ziyadnz|hourly,2026-08-17T18:48:05Z,2026-08-17T18:48:05Z,
119.28.116.19,ipv4,malicious-ip,medium,WHITE,ziyadnz/hourly-ipv4,ziyadnz|hourly,2026-08-17T18:48:05Z,2026-08-17T18:48:05Z,
119.28.116.65,ipv4,malicious-ip,medium,WHITE,ziyadnz/hourly-ipv4,ziyadnz|hourly,2026-08-17T18:48:05Z,2026-08-17T18:48:05Z,
119.28.117.132,ipv4,malicious-ip,medium,WHITE,ziyadnz/hourly-ipv4,ziyadnz|hourly,2026-08-17T18:48:05Z,2026-08-17T18:48:05Z,
119.28.117.200,ipv4,malicious-ip,medium,WHITE,ziyadnz/hourly-ipv4,ziyadnz|hourly,2026-08-17T18:48:05Z,2026-08-17T18:48:05Z,
119.28.118.216,ipv4,malicious-ip,medium,WHITE,ziyadnz/hourly-ipv4,ziyadnz|hourly,2026-08-17T18:48:05Z,2026-08-17T18:48:05Z,
119.28.119.199,ipv4,malicious-ip,medium,WHITE,ziyadnz/hourly-ipv4,ziyadnz|hourly,2026-08-17T18:48:05Z,2026-08-17T18:48:05Z,
119.28.140.106,ipv4,malicious-ip,medium,WHITE,ziyadnz/hourly-ipv4,ziyadnz|hourly,2026-08-17T18:48:05Z,2026-08-17T18:48:05Z,
119.28.149.235,ipv4,malicious-ip,medium,WHITE,ziyadnz/hourly-ipv4,ziyadnz|hourly,2026-08-17T18:48:05Z,2026-08-17T18:48:05Z,
119.28.177.175,ipv4,malicious-ip,medium,WHITE,ziyadnz/hourly-ipv4,ziyadnz|hourly,2026-08-17T18:48:05Z,2026-08-17T18:48:05Z,
119.28.187.58,ipv4,malicious-ip,medium,WHITE,ziyadnz/hourly-ipv4,ziyadnz|hourly,2026-08-17T18:48:05Z,2026-08-17T18:48:05Z,
119.28.32.143,ipv4,malicious-ip,medium,WHITE,ziyadnz/hourly-ipv4,ziyadnz|hourly,2026-08-17T18:48:05Z,2026-08-17T18:48:05Z,
119.28.41.143,ipv4,malicious-ip,medium,WHITE,ziyadnz/hourly-ipv4,ziyadnz|hourly,2026-08-17T18:48:05Z,2026-08-17T18:48:05Z,
119.28.89.249,ipv4,malicious-ip,medium,WHITE,ziyadnz/hourly-ipv4,ziyadnz|hourly,2026-08-17T18:48:05Z,2026-08-17T18:48:05Z,
119.28.9.170,ipv4,malicious-ip,medium,WHITE,ziyadnz/hourly-ipv4,ziyadnz|hourly,2026-08-17T18:48:05Z,2026-08-17T18:48:05Z,
119.28.99.13,ipv4,malicious-ip,medium,WHITE,ziyadnz/hourly-ipv4,ziyadnz|hourly,2026-08-17T18:48:05Z,2026-08-17T18:48:05Z,
119.29.16.38,ipv4,malicious-ip,medium,WHITE,ziyadnz/hourly-ipv4,ziyadnz|hourly,2026-08-17T18:48:05Z,2026-08-17T18:48:05Z,
119.29.165.251,ipv4,malicious-ip,medium,WHITE,ziyadnz/hourly-ipv4,ziyadnz|hourly,2026-08-17T18:48:05Z,2026-08-17T18:48:05Z,
119.29.172.55,ipv4,malicious-ip,medium,WHITE,ziyadnz/hourly-ipv4,ziyadnz|hourly,2026-08-17T18:48:05Z,2026-08-17T18:48:05Z,
119.29.184.211,ipv4,malicious-ip,medium,WHITE,ziyadnz/hourly-ipv4,ziyadnz|hourly,2026-08-17T18:48:05Z,2026-08-17T18:48:05Z,
119.29.184.40,ipv4,malicious-ip,medium,WHITE,ziyadnz/hourly-ipv4,ziyadnz|hourly,2026-08-17T18:48:05Z,2026-08-17T18:48:05Z,
119.29.198.247,ipv4,malicious-ip,medium,WHITE,ziyadnz/hourly-ipv4,ziyadnz|hourly,2026-08-17T18:48:05Z,2026-08-17T18:48:05Z,
119.29.207.207,ipv4,malicious-ip,medium,WHITE,ziyadnz/hourly-ipv4,ziyadnz|hourly,2026-08-17T18:48:05Z,2026-08-17T18:48:05Z,
119.29.209.104,ipv4,malicious-ip,medium,WHITE,ziyadnz/hourly-ipv4,ziyadnz|hourly,2026-08-17T18:48:05Z,2026-08-17T18:48:05Z,
119.29.219.211,ipv4,malicious-ip,medium,WHITE,ziyadnz/hourly-ipv4,ziyadnz|hourly,2026-08-17T18:48:05Z,2026-08-17T18:48:05Z,
119.29.235.38,ipv4,malicious-ip,medium,WHITE,ziyadnz/hourly-ipv4,ziyadnz|hourly,2026-08-17T18:48:05Z,2026-08-17T18:48:05Z,
119.29.241.211,ipv4,malicious-ip,medium,WHITE,ziyadnz/hourly-ipv4,ziyadnz|hourly,2026-08-17T18:48:05Z,2026-08-17T18:48:05Z,
119.29.247.220,ipv4,malicious-ip,medium,WHITE,ziyadnz/hourly-ipv4,ziyadnz|hourly,2026-08-17T18:48:05Z,2026-08-17T18:48:05Z,
119.29.93.87,ipv4,malicious-ip,medium,WHITE,ziyadnz/hourly-ipv4,ziyadnz|hourly,2026-08-17T18:48:05Z,2026-08-17T18:48:05Z,
119.3.162.103,ipv4,malicious-ip,medium,WHITE,ziyadnz/hourly-ipv4,ziyadnz|hourly,2026-08-17T18:48:05Z,2026-08-17T18:48:05Z,
119.30.119.11,ipv4,malicious-ip,medium,WHITE,ziyadnz/hourly-ipv4,ziyadnz|hourly,2026-08-17T18:48:05Z,2026-08-17T18:48:05Z,
119.30.64.120,ipv4,malicious-ip,medium,WHITE,ziyadnz/hourly-ipv4,ziyadnz|hourly,2026-08-17T18:48:05Z,2026-08-17T18:48:05Z,
119.30.81.107,ipv4,malicious-ip,medium,WHITE,ziyadnz/hourly-ipv4,ziyadnz|hourly,2026-08-17T18:48:05Z,2026-08-17T18:48:05Z,
119.30.81.45,ipv4,malicious-ip,medium,WHITE,ziyadnz/hourly-ipv4,ziyadnz|hourly,2026-08-17T18:48:05Z,2026-08-17T18:48:05Z,
119.30.90.179,ipv4,malicious-ip,medium,WHITE,ziyadnz/hourly-ipv4,ziyadnz|hourly,2026-08-17T18:48:05Z,2026-08-17T18:48:05Z,
119.31.186.253,ipv4,malicious-ip,medium,WHITE,ziyadnz/hourly-ipv4,ziyadnz|hourly,2026-08-17T18:48:05Z,2026-08-17T18:48:05Z,
119.32.4.253,ipv4,malicious-ip,medium,WHITE,ziyadnz/hourly-ipv4,ziyadnz|hourly,2026-08-17T18:48:05Z,2026-08-17T18:48:05Z,
119.36.17.184,ipv4,malicious-ip,medium,WHITE,ziyadnz/hourly-ipv4,ziyadnz|hourly,2026-08-17T18:48:05Z,2026-08-17T18:48:05Z,
119.36.47.2,ipv4,malicious-ip,medium,WHITE,ziyadnz/hourly-ipv4,ziyadnz|hourly,2026-08-17T18:48:05Z,2026-08-17T18:48:05Z,
119.39.237.220,ipv4,malicious-ip,medium,WHITE,ziyadnz/hourly-ipv4,ziyadnz|hourly,2026-08-17T18:48:05Z,2026-08-17T18:48:05Z,
119.40.88.170,ipv4,malicious-ip,medium,WHITE,ziyadnz/hourly-ipv4,ziyadnz|hourly,2026-08-17T18:48:05Z,2026-08-17T18:48:05Z,
119.42.86.18,ipv4,malicious-ip,medium,WHITE,ziyadnz/hourly-ipv4,ziyadnz|hourly,2026-08-17T18:48:05Z,2026-08-17T18:48:05Z,
119.45.123.216,ipv4,malicious-ip,medium,WHITE,ziyadnz/hourly-ipv4,ziyadnz|hourly,2026-08-17T18:48:05Z,2026-08-17T18:48:05Z,
119.45.153.58,ipv4,malicious-ip,medium,WHITE,ziyadnz/hourly-ipv4,ziyadnz|hourly,2026-08-17T18:48:05Z,2026-08-17T18:48:05Z,
119.45.160.218,ipv4,malicious-ip,medium,WHITE,ziyadnz/hourly-ipv4,ziyadnz|hourly,2026-08-17T18:48:05Z,2026-08-17T18:48:05Z,
119.45.176.196,ipv4,malicious-ip,medium,WHITE,ziyadnz/hourly-ipv4,ziyadnz|hourly,2026-08-17T18:48:05Z,2026-08-17T18:48:05Z,
119.45.236.191,ipv4,malicious-ip,medium,WHITE,ziyadnz/hourly-ipv4,ziyadnz|hourly,2026-08-17T18:48:05Z,2026-08-17T18:48:05Z,
119.45.248.246,ipv4,malicious-ip,medium,WHITE,ziyadnz/hourly-ipv4,ziyadnz|hourly,2026-08-17T18:48:05Z,2026-08-17T18:48:05Z,
119.47.90.19,ipv4,malicious-ip,medium,WHITE,ziyadnz/hourly-ipv4,ziyadnz|hourly,2026-08-17T18:48:05Z,2026-08-17T18:48:05Z,
119.48.56.236,ipv4,malicious-ip,medium,WHITE,ziyadnz/hourly-ipv4,ziyadnz|hourly,2026-08-17T18:48:05Z,2026-08-17T18:48:05Z,
119.49.181.147,ipv4,malicious-ip,medium,WHITE,ziyadnz/hourly-ipv4,ziyadnz|hourly,2026-08-17T18:48:05Z,2026-08-17T18:48:05Z,
119.51.139.247,ipv4,malicious-ip,medium,WHITE,ziyadnz/hourly-ipv4,ziyadnz|hourly,2026-08-17T18:48:05Z,2026-08-17T18:48:05Z,
119.51.14.219,ipv4,malicious-ip,medium,WHITE,ziyadnz/hourly-ipv4,ziyadnz|hourly,2026-08-17T18:48:05Z,2026-08-17T18:48:05Z,
119.51.239.247,ipv4,malicious-ip,medium,WHITE,ziyadnz/hourly-ipv4,ziyadnz|hourly,2026-08-17T18:48:05Z,2026-08-17T18:48:05Z,
119.51.242.229,ipv4,malicious-ip,medium,WHITE,ziyadnz/hourly-ipv4,ziyadnz|hourly,2026-08-17T18:48:05Z,2026-08-17T18:48:05Z,
119.51.242.3,ipv4,malicious-ip,medium,WHITE,ziyadnz/hourly-ipv4,ziyadnz|hourly,2026-08-17T18:48:05Z,2026-08-17T18:48:05Z,
119.51.43.183,ipv4,malicious-ip,medium,WHITE,ziyadnz/hourly-ipv4,ziyadnz|hourly,2026-08-17T18:48:05Z,2026-08-17T18:48:05Z,
119.53.239.21,ipv4,malicious-ip,medium,WHITE,ziyadnz/hourly-ipv4,ziyadnz|hourly,2026-08-17T18:48:05Z,2026-08-17T18:48:05Z,
119.53.58.149,ipv4,malicious-ip,medium,WHITE,ziyadnz/hourly-ipv4,ziyadnz|hourly,2026-08-17T18:48:05Z,2026-08-17T18:48:05Z,
119.54.1.179,ipv4,malicious-ip,medium,WHITE,ziyadnz/hourly-ipv4,ziyadnz|hourly,2026-08-17T18:48:05Z,2026-08-17T18:48:05Z,
119.54.1.62,ipv4,malicious-ip,medium,WHITE,ziyadnz/hourly-ipv4,ziyadnz|hourly,2026-08-17T18:48:05Z,2026-08-17T18:48:05Z,
119.54.10.151,ipv4,malicious-ip,medium,WHITE,ziyadnz/hourly-ipv4,ziyadnz|hourly,2026-08-17T18:48:05Z,2026-08-17T18:48:05Z,
119.54.44.222,ipv4,malicious-ip,medium,WHITE,ziyadnz/hourly-ipv4,ziyadnz|hourly,2026-08-17T18:48:05Z,2026-08-17T18:48:05Z,
119.55.34.157,ipv4,malicious-ip,medium,WHITE,ziyadnz/hourly-ipv4,ziyadnz|hourly,2026-08-17T18:48:05Z,2026-08-17T18:48:05Z,
119.55.37.156,ipv4,malicious-ip,medium,WHITE,ziyadnz/hourly-ipv4,ziyadnz|hourly,2026-08-17T18:48:05Z,2026-08-17T18:48:05Z,
119.55.46.74,ipv4,malicious-ip,medium,WHITE,ziyadnz/hourly-ipv4,ziyadnz|hourly,2026-08-17T18:48:05Z,2026-08-17T18:48:05Z,
119.55.47.176,ipv4,malicious-ip,medium,WHITE,ziyadnz/hourly-ipv4,ziyadnz|hourly,2026-08-17T18:48:05Z,2026-08-17T18:48:05Z,
119.55.88.223,ipv4,malicious-ip,medium,WHITE,ziyadnz/hourly-ipv4,ziyadnz|hourly,2026-08-17T18:48:05Z,2026-08-17T18:48:05Z,
119.56.16.110,ipv4,malicious-ip,medium,WHITE,ziyadnz/hourly-ipv4,ziyadnz|hourly,2026-08-17T18:48:05Z,2026-08-17T18:48:05Z,
119.59.105.57,ipv4,malicious-ip,medium,WHITE,ziyadnz/hourly-ipv4,ziyadnz|hourly,2026-08-17T18:48:05Z,2026-08-17T18:48:05Z,
119.59.108.121,ipv4,malicious-ip,medium,WHITE,ziyadnz/hourly-ipv4,ziyadnz|hourly,2026-08-17T18:48:05Z,2026-08-17T18:48:05Z,
119.59.114.187,ipv4,malicious-ip,medium,WHITE,ziyadnz/hourly-ipv4,ziyadnz|hourly,2026-08-17T18:48:05Z,2026-08-17T18:48:05Z,
119.60.3.238,ipv4,malicious-ip,medium,WHITE,ziyadnz/hourly-ipv4,ziyadnz|hourly,2026-08-17T18:48:05Z,2026-08-17T18:48:05Z,
119.60.9.114,ipv4,malicious-ip,medium,WHITE,ziyadnz/hourly-ipv4,ziyadnz|hourly,2026-08-17T18:48:05Z,2026-08-17T18:48:05Z,
119.63.129.150,ipv4,malicious-ip,medium,WHITE,ziyadnz/hourly-ipv4,ziyadnz|hourly,2026-08-17T18:48:05Z,2026-08-17T18:48:05Z,
119.63.138.47,ipv4,malicious-ip,medium,WHITE,ziyadnz/hourly-ipv4,ziyadnz|hourly,2026-08-17T18:48:05Z,2026-08-17T18:48:05Z,
119.63.138.69,ipv4,malicious-ip,medium,WHITE,ziyadnz/hourly-ipv4,ziyadnz|hourly,2026-08-17T18:48:05Z,2026-08-17T18:48:05Z,
119.63.76.106,ipv4,malicious-ip,medium,WHITE,ziyadnz/hourly-ipv4,ziyadnz|hourly,2026-08-17T18:48:05Z,2026-08-17T18:48:05Z,
119.64.59.76,ipv4,malicious-ip,medium,WHITE,ziyadnz/hourly-ipv4,ziyadnz|hourly,2026-08-17T18:48:05Z,2026-08-17T18:48:05Z,
119.64.84.82,ipv4,malicious-ip,medium,WHITE,ziyadnz/hourly-ipv4,ziyadnz|hourly,2026-08-17T18:48:05Z,2026-08-17T18:48:05Z,
119.66.70.222,ipv4,malicious-ip,medium,WHITE,ziyadnz/hourly-ipv4,ziyadnz|hourly,2026-08-17T18:48:05Z,2026-08-17T18:48:05Z,
119.7.13.70,ipv4,malicious-ip,medium,WHITE,ziyadnz/hourly-ipv4,ziyadnz|hourly,2026-08-17T18:48:05Z,2026-08-17T18:48:05Z,
119.73.103.169,ipv4,malicious-ip,medium,WHITE,ziyadnz/hourly-ipv4,ziyadnz|hourly,2026-08-17T18:48:05Z,2026-08-17T18:48:05Z,
119.73.103.193,ipv4,malicious-ip,medium,WHITE,ziyadnz/hourly-ipv4,ziyadnz|hourly,2026-08-17T18:48:05Z,2026-08-17T18:48:05Z,
119.73.110.162,ipv4,malicious-ip,medium,WHITE,ziyadnz/hourly-ipv4,ziyadnz|hourly,2026-08-17T18:48:05Z,2026-08-17T18:48:05Z,
119.73.111.251,ipv4,malicious-ip,medium,WHITE,ziyadnz/hourly-ipv4,ziyadnz|hourly,2026-08-17T18:48:05Z,2026-08-17T18:48:05Z,
119.73.111.7,ipv4,malicious-ip,medium,WHITE,ziyadnz/hourly-ipv4,ziyadnz|hourly,2026-08-17T18:48:05Z,2026-08-17T18:48:05Z,
119.73.113.95,ipv4,malicious-ip,medium,WHITE,ziyadnz/hourly-ipv4,ziyadnz|hourly,2026-08-17T18:48:05Z,2026-08-17T18:48:05Z,
119.73.19.179,ipv4,malicious-ip,medium,WHITE,ziyadnz/hourly-ipv4,ziyadnz|hourly,2026-08-17T18:48:05Z,2026-08-17T18:48:05Z,
119.73.23.240,ipv4,malicious-ip,medium,WHITE,ziyadnz/hourly-ipv4,ziyadnz|hourly,2026-08-17T18:48:05Z,2026-08-17T18:48:05Z,
119.73.96.100,ipv4,malicious-ip,medium,WHITE,ziyadnz/hourly-ipv4,ziyadnz|hourly,2026-08-17T18:48:05Z,2026-08-17T18:48:05Z,
119.73.97.154,ipv4,malicious-ip,medium,WHITE,ziyadnz/hourly-ipv4,ziyadnz|hourly,2026-08-17T18:48:05Z,2026-08-17T18:48:05Z,
119.8.10.36,ipv4,malicious-ip,medium,WHITE,ziyadnz/hourly-ipv4,ziyadnz|hourly,2026-08-17T18:48:05Z,2026-08-17T18:48:05Z,
119.8.10.84,ipv4,malicious-ip,medium,WHITE,ziyadnz/hourly-ipv4,ziyadnz|hourly,2026-08-17T18:48:05Z,2026-08-17T18:48:05Z,
119.8.150.112,ipv4,malicious-ip,medium,WHITE,ziyadnz/hourly-ipv4,ziyadnz|hourly,2026-08-17T18:48:05Z,2026-08-17T18:48:05Z,
119.8.163.124,ipv4,malicious-ip,medium,WHITE,ziyadnz/hourly-ipv4,ziyadnz|hourly,2026-08-17T18:48:05Z,2026-08-17T18:48:05Z,
119.84.141.86,ipv4,malicious-ip,medium,WHITE,ziyadnz/hourly-ipv4,ziyadnz|hourly,2026-08-17T18:48:05Z,2026-08-17T18:48:05Z,
119.85.163.21,ipv4,malicious-ip,medium,WHITE,ziyadnz/hourly-ipv4,ziyadnz|hourly,2026-08-17T18:48:05Z,2026-08-17T18:48:05Z,
119.86.198.146,ipv4,malicious-ip,medium,WHITE,ziyadnz/hourly-ipv4,ziyadnz|hourly,2026-08-17T18:48:05Z,2026-08-17T18:48:05Z,
119.91.19.185,ipv4,malicious-ip,medium,WHITE,ziyadnz/hourly-ipv4,ziyadnz|hourly,2026-08-17T18:48:05Z,2026-08-17T18:48:05Z,
119.91.20.139,ipv4,malicious-ip,medium,WHITE,ziyadnz/hourly-ipv4,ziyadnz|hourly,2026-08-17T18:48:05Z,2026-08-17T18:48:05Z,
119.91.214.237,ipv4,malicious-ip,medium,WHITE,ziyadnz/hourly-ipv4,ziyadnz|hourly,2026-08-17T18:48:05Z,2026-08-17T18:48:05Z,
119.91.23.49,ipv4,malicious-ip,medium,WHITE,ziyadnz/hourly-ipv4,ziyadnz|hourly,2026-08-17T18:48:05Z,2026-08-17T18:48:05Z,
119.91.27.124,ipv4,malicious-ip,medium,WHITE,ziyadnz/hourly-ipv4,ziyadnz|hourly,2026-08-17T18:48:05Z,2026-08-17T18:48:05Z,
119.91.38.239,ipv4,malicious-ip,medium,WHITE,ziyadnz/hourly-ipv4,ziyadnz|hourly,2026-08-17T18:48:05Z,2026-08-17T18:48:05Z,
119.91.42.53,ipv4,malicious-ip,medium,WHITE,ziyadnz/hourly-ipv4,ziyadnz|hourly,2026-08-17T18:48:05Z,2026-08-17T18:48:05Z,
119.92.233.5,ipv4,malicious-ip,medium,WHITE,ziyadnz/hourly-ipv4,ziyadnz|hourly,2026-08-17T18:48:05Z,2026-08-17T18:48:05Z,
119.92.76.210,ipv4,malicious-ip,medium,WHITE,ziyadnz/hourly-ipv4,ziyadnz|hourly,2026-08-17T18:48:05Z,2026-08-17T18:48:05Z,
119.93.143.50,ipv4,malicious-ip,medium,WHITE,ziyadnz/hourly-ipv4,ziyadnz|hourly,2026-08-17T18:48:05Z,2026-08-17T18:48:05Z,
119.93.144.203,ipv4,malicious-ip,medium,WHITE,ziyadnz/hourly-ipv4,ziyadnz|hourly,2026-08-17T18:48:05Z,2026-08-17T18:48:05Z,
119.93.171.138,ipv4,malicious-ip,medium,WHITE,ziyadnz/hourly-ipv4,ziyadnz|hourly,2026-08-17T18:48:05Z,2026-08-17T18:48:05Z,
119.93.173.7,ipv4,malicious-ip,medium,WHITE,ziyadnz/hourly-ipv4,ziyadnz|hourly,2026-08-17T18:48:05Z,2026-08-17T18:48:05Z,
119.93.206.181,ipv4,malicious-ip,medium,WHITE,ziyadnz/hourly-ipv4,ziyadnz|hourly,2026-08-17T18:48:05Z,2026-08-17T18:48:05Z,
119.93.215.249,ipv4,malicious-ip,medium,WHITE,ziyadnz/hourly-ipv4,ziyadnz|hourly,2026-08-17T18:48:05Z,2026-08-17T18:48:05Z,
119.93.221.255,ipv4,malicious-ip,medium,WHITE,ziyadnz/hourly-ipv4,ziyadnz|hourly,2026-08-17T18:48:05Z,2026-08-17T18:48:05Z,
119.93.234.129,ipv4,malicious-ip,medium,WHITE,ziyadnz/hourly-ipv4,ziyadnz|hourly,2026-08-17T18:48:05Z,2026-08-17T18:48:05Z,
119.93.249.179,ipv4,malicious-ip,medium,WHITE,ziyadnz/hourly-ipv4,ziyadnz|hourly,2026-08-17T18:48:05Z,2026-08-17T18:48:05Z,
119.93.31.224,ipv4,malicious-ip,medium,WHITE,ziyadnz/hourly-ipv4,ziyadnz|hourly,2026-08-17T18:48:05Z,2026-08-17T18:48:05Z,
119.93.40.244,ipv4,malicious-ip,medium,WHITE,ziyadnz/hourly-ipv4,ziyadnz|hourly,2026-08-17T18:48:05Z,2026-08-17T18:48:05Z,
119.93.43.223,ipv4,malicious-ip,medium,WHITE,ziyadnz/hourly-ipv4,ziyadnz|hourly,2026-08-17T18:48:05Z,2026-08-17T18:48:05Z,
119.93.77.134,ipv4,malicious-ip,medium,WHITE,ziyadnz/hourly-ipv4,ziyadnz|hourly,2026-08-17T18:48:05Z,2026-08-17T18:48:05Z,
119.93.77.91,ipv4,malicious-ip,medium,WHITE,ziyadnz/hourly-ipv4,ziyadnz|hourly,2026-08-17T18:48:05Z,2026-08-17T18:48:05Z,
119.93.83.110,ipv4,malicious-ip,medium,WHITE,ziyadnz/hourly-ipv4,ziyadnz|hourly,2026-08-17T18:48:05Z,2026-08-17T18:48:05Z,
119.94.15.117,ipv4,malicious-ip,medium,WHITE,ziyadnz/hourly-ipv4,ziyadnz|hourly,2026-08-17T18:48:05Z,2026-08-17T18:48:05Z,
119.94.56.121,ipv4,malicious-ip,medium,WHITE,ziyadnz/hourly-ipv4,ziyadnz|hourly,2026-08-17T18:48:05Z,2026-08-17T18:48:05Z,
119.94.65.116,ipv4,malicious-ip,medium,WHITE,ziyadnz/hourly-ipv4,ziyadnz|hourly,2026-08-17T18:48:05Z,2026-08-17T18:48:05Z,
119.96.157.188,ipv4,malicious-ip,medium,WHITE,ziyadnz/hourly-ipv4,ziyadnz|hourly,2026-08-17T18:48:05Z,2026-08-17T18:48:05Z,
119.96.158.87,ipv4,malicious-ip,medium,WHITE,ziyadnz/hourly-ipv4,ziyadnz|hourly,2026-08-17T18:48:05Z,2026-08-17T18:48:05Z,
119.96.174.235,ipv4,malicious-ip,medium,WHITE,ziyadnz/hourly-ipv4,ziyadnz|hourly,2026-08-17T18:48:05Z,2026-08-17T18:48:05Z,
119.96.193.72,ipv4,malicious-ip,medium,WHITE,ziyadnz/hourly-ipv4,ziyadnz|hourly,2026-08-17T18:48:05Z,2026-08-17T18:48:05Z,
119.96.223.148,ipv4,malicious-ip,medium,WHITE,ziyadnz/hourly-ipv4,ziyadnz|hourly,2026-08-17T18:48:05Z,2026-08-17T18:48:05Z,
119.96.23.18,ipv4,malicious-ip,medium,WHITE,ziyadnz/hourly-ipv4,ziyadnz|hourly,2026-08-17T18:48:05Z,2026-08-17T18:48:05Z,
119.96.242.82,ipv4,malicious-ip,medium,WHITE,ziyadnz/hourly-ipv4,ziyadnz|hourly,2026-08-17T18:48:05Z,2026-08-17T18:48:05Z,
119.96.55.122,ipv4,malicious-ip,medium,WHITE,ziyadnz/hourly-ipv4,ziyadnz|hourly,2026-08-17T18:48:05Z,2026-08-17T18:48:05Z,
119.96.82.192,ipv4,malicious-ip,medium,WHITE,ziyadnz/hourly-ipv4,ziyadnz|hourly,2026-08-17T18:48:05Z,2026-08-17T18:48:05Z,
119.96.96.211,ipv4,malicious-ip,medium,WHITE,ziyadnz/hourly-ipv4,ziyadnz|hourly,2026-08-17T18:48:05Z,2026-08-17T18:48:05Z,
119.97.171.2,ipv4,malicious-ip,medium,WHITE,ziyadnz/hourly-ipv4,ziyadnz|hourly,2026-08-17T18:48:05Z,2026-08-17T18:48:05Z,
119.97.189.120,ipv4,malicious-ip,medium,WHITE,ziyadnz/hourly-ipv4,ziyadnz|hourly,2026-08-17T18:48:05Z,2026-08-17T18:48:05Z,
119.98.104.42,ipv4,malicious-ip,medium,WHITE,ziyadnz/hourly-ipv4,ziyadnz|hourly,2026-08-17T18:48:05Z,2026-08-17T18:48:05Z,
119.98.106.28,ipv4,malicious-ip,medium,WHITE,ziyadnz/hourly-ipv4,ziyadnz|hourly,2026-08-17T18:48:05Z,2026-08-17T18:48:05Z,
119.98.107.224,ipv4,malicious-ip,medium,WHITE,ziyadnz/hourly-ipv4,ziyadnz|hourly,2026-08-17T18:48:05Z,2026-08-17T18:48:05Z,
119.98.11.136,ipv4,malicious-ip,medium,WHITE,ziyadnz/hourly-ipv4,ziyadnz|hourly,2026-08-17T18:48:05Z,2026-08-17T18:48:05Z,
119.98.12.247,ipv4,malicious-ip,medium,WHITE,ziyadnz/hourly-ipv4,ziyadnz|hourly,2026-08-17T18:48:05Z,2026-08-17T18:48:05Z,
119.98.120.145,ipv4,malicious-ip,medium,WHITE,ziyadnz/hourly-ipv4,ziyadnz|hourly,2026-08-17T18:48:05Z,2026-08-17T18:48:05Z,
119.98.123.210,ipv4,malicious-ip,medium,WHITE,ziyadnz/hourly-ipv4,ziyadnz|hourly,2026-08-17T18:48:05Z,2026-08-17T18:48:05Z,
119.98.124.124,ipv4,malicious-ip,medium,WHITE,ziyadnz/hourly-ipv4,ziyadnz|hourly,2026-08-17T18:48:05Z,2026-08-17T18:48:05Z,
119.98.124.229,ipv4,malicious-ip,medium,WHITE,ziyadnz/hourly-ipv4,ziyadnz|hourly,2026-08-17T18:48:05Z,2026-08-17T18:48:05Z,
119.98.135.115,ipv4,malicious-ip,medium,WHITE,ziyadnz/hourly-ipv4,ziyadnz|hourly,2026-08-17T18:48:05Z,2026-08-17T18:48:05Z,
119.98.135.205,ipv4,malicious-ip,medium,WHITE,ziyadnz/hourly-ipv4,ziyadnz|hourly,2026-08-17T18:48:05Z,2026-08-17T18:48:05Z,
119.98.135.244,ipv4,malicious-ip,medium,WHITE,ziyadnz/hourly-ipv4,ziyadnz|hourly,2026-08-17T18:48:05Z,2026-08-17T18:48:05Z,
119.98.140.130,ipv4,malicious-ip,medium,WHITE,ziyadnz/hourly-ipv4,ziyadnz|hourly,2026-08-17T18:48:05Z,2026-08-17T18:48:05Z,
119.98.15.247,ipv4,malicious-ip,medium,WHITE,ziyadnz/hourly-ipv4,ziyadnz|hourly,2026-08-17T18:48:05Z,2026-08-17T18:48:05Z,
119.98.155.207,ipv4,malicious-ip,medium,WHITE,ziyadnz/hourly-ipv4,ziyadnz|hourly,2026-08-17T18:48:05Z,2026-08-17T18:48:05Z,
119.98.159.252,ipv4,malicious-ip,medium,WHITE,ziyadnz/hourly-ipv4,ziyadnz|hourly,2026-08-17T18:48:05Z,2026-08-17T18:48:05Z,
119.98.206.162,ipv4,malicious-ip,medium,WHITE,ziyadnz/hourly-ipv4,ziyadnz|hourly,2026-08-17T18:48:05Z,2026-08-17T18:48:05Z,
119.98.215.169,ipv4,malicious-ip,medium,WHITE,ziyadnz/hourly-ipv4,ziyadnz|hourly,2026-08-17T18:48:05Z,2026-08-17T18:48:05Z,
119.98.70.22,ipv4,malicious-ip,medium,WHITE,ziyadnz/hourly-ipv4,ziyadnz|hourly,2026-08-17T18:48:05Z,2026-08-17T18:48:05Z,
119.98.88.2,ipv4,malicious-ip,medium,WHITE,ziyadnz/hourly-ipv4,ziyadnz|hourly,2026-08-17T18:48:05Z,2026-08-17T18:48:05Z,
119.98.89.80,ipv4,malicious-ip,medium,WHITE,ziyadnz/hourly-ipv4,ziyadnz|hourly,2026-08-17T18:48:05Z,2026-08-17T18:48:05Z,
119.98.9.5,ipv4,malicious-ip,medium,WHITE,ziyadnz/hourly-ipv4,ziyadnz|hourly,2026-08-17T18:48:05Z,2026-08-17T18:48:05Z,
119.98.97.246,ipv4,malicious-ip,medium,WHITE,ziyadnz/hourly-ipv4,ziyadnz|hourly,2026-08-17T18:48:05Z,2026-08-17T18:48:05Z,
119.98.97.39,ipv4,malicious-ip,medium,WHITE,ziyadnz/hourly-ipv4,ziyadnz|hourly,2026-08-17T18:48:05Z,2026-08-17T18:48:05Z,
119.98.99.136,ipv4,malicious-ip,medium,WHITE,ziyadnz/hourly-ipv4,ziyadnz|hourly,2026-08-17T18:48:05Z,2026-08-17T18:48:05Z,
119.99.128.94,ipv4,malicious-ip,medium,WHITE,ziyadnz/hourly-ipv4,ziyadnz|hourly,2026-08-17T18:48:05Z,2026-08-17T18:48:05Z,
119.99.132.146,ipv4,malicious-ip,medium,WHITE,ziyadnz/hourly-ipv4,ziyadnz|hourly,2026-08-17T18:48:05Z,2026-08-17T18:48:05Z,
119.99.164.187,ipv4,malicious-ip,medium,WHITE,ziyadnz/hourly-ipv4,ziyadnz|hourly,2026-08-17T18:48:05Z,2026-08-17T18:48:05Z,
119.99.164.217,ipv4,malicious-ip,medium,WHITE,ziyadnz/hourly-ipv4,ziyadnz|hourly,2026-08-17T18:48:05Z,2026-08-17T18:48:05Z,
119.99.165.14,ipv4,malicious-ip,medium,WHITE,ziyadnz/hourly-ipv4,ziyadnz|hourly,2026-08-17T18:48:05Z,2026-08-17T18:48:05Z,
119.99.165.203,ipv4,malicious-ip,medium,WHITE,ziyadnz/hourly-ipv4,ziyadnz|hourly,2026-08-17T18:48:05Z,2026-08-17T18:48:05Z,
119.99.166.24,ipv4,malicious-ip,medium,WHITE,ziyadnz/hourly-ipv4,ziyadnz|hourly,2026-08-17T18:48:05Z,2026-08-17T18:48:05Z,
119.99.167.115,ipv4,malicious-ip,medium,WHITE,ziyadnz/hourly-ipv4,ziyadnz|hourly,2026-08-17T18:48:05Z,2026-08-17T18:48:05Z,
119.99.167.72,ipv4,malicious-ip,medium,WHITE,ziyadnz/hourly-ipv4,ziyadnz|hourly,2026-08-17T18:48:05Z,2026-08-17T18:48:05Z,
119.99.248.11,ipv4,malicious-ip,medium,WHITE,ziyadnz/hourly-ipv4,ziyadnz|hourly,2026-08-17T18:48:05Z,2026-08-17T18:48:05Z,
119.99.249.214,ipv4,malicious-ip,medium,WHITE,ziyadnz/hourly-ipv4,ziyadnz|hourly,2026-08-17T18:48:05Z,2026-08-17T18:48:05Z,
119.99.249.247,ipv4,malicious-ip,medium,WHITE,ziyadnz/hourly-ipv4,ziyadnz|hourly,2026-08-17T18:48:05Z,2026-08-17T18:48:05Z,
119.99.249.66,ipv4,malicious-ip,medium,WHITE,ziyadnz/hourly-ipv4,ziyadnz|hourly,2026-08-17T18:48:05Z,2026-08-17T18:48:05Z,
119.99.251.103,ipv4,malicious-ip,medium,WHITE,ziyadnz/hourly-ipv4,ziyadnz|hourly,2026-08-17T18:48:05Z,2026-08-17T18:48:05Z,
119.99.251.107,ipv4,malicious-ip,medium,WHITE,ziyadnz/hourly-ipv4,ziyadnz|hourly,2026-08-17T18:48:05Z,2026-08-17T18:48:05Z,
119.99.252.164,ipv4,malicious-ip,medium,WHITE,ziyadnz/hourly-ipv4,ziyadnz|hourly,2026-08-17T18:48:05Z,2026-08-17T18:48:05Z,
119.99.255.13,ipv4,malicious-ip,medium,WHITE,ziyadnz/hourly-ipv4,ziyadnz|hourly,2026-08-17T18:48:05Z,2026-08-17T18:48:05Z,
12.121.234.120,ipv4,malicious-ip,medium,WHITE,ziyadnz/hourly-ipv4,ziyadnz|hourly,2026-08-17T18:48:05Z,2026-08-17T18:48:05Z,
12.124.186.10,ipv4,malicious-ip,medium,WHITE,ziyadnz/hourly-ipv4,ziyadnz|hourly,2026-08-17T18:48:05Z,2026-08-17T18:48:05Z,
12.125.34.242,ipv4,malicious-ip,medium,WHITE,ziyadnz/hourly-ipv4,ziyadnz|hourly,2026-08-17T18:48:05Z,2026-08-17T18:48:05Z,
12.125.34.250,ipv4,malicious-ip,medium,WHITE,ziyadnz/hourly-ipv4,ziyadnz|hourly,2026-08-17T18:48:05Z,2026-08-17T18:48:05Z,
12.125.93.142,ipv4,malicious-ip,medium,WHITE,ziyadnz/hourly-ipv4,ziyadnz|hourly,2026-08-17T18:48:05Z,2026-08-17T18:48:05Z,
12.14.31.26,ipv4,malicious-ip,medium,WHITE,ziyadnz/hourly-ipv4,ziyadnz|hourly,2026-08-17T18:48:05Z,2026-08-17T18:48:05Z,
12.172.218.90,ipv4,malicious-ip,medium,WHITE,ziyadnz/hourly-ipv4,ziyadnz|hourly,2026-08-17T18:48:05Z,2026-08-17T18:48:05Z,
12.181.25.36,ipv4,malicious-ip,medium,WHITE,ziyadnz/hourly-ipv4,ziyadnz|hourly,2026-08-17T18:48:05Z,2026-08-17T18:48:05Z,
12.19.29.30,ipv4,malicious-ip,medium,WHITE,ziyadnz/hourly-ipv4,ziyadnz|hourly,2026-08-17T18:48:05Z,2026-08-17T18:48:05Z,
12.208.136.82,ipv4,malicious-ip,medium,WHITE,ziyadnz/hourly-ipv4,ziyadnz|hourly,2026-08-17T18:48:05Z,2026-08-17T18:48:05Z,
12.252.41.230,ipv4,malicious-ip,medium,WHITE,ziyadnz/hourly-ipv4,ziyadnz|hourly,2026-08-17T18:48:05Z,2026-08-17T18:48:05Z,
12.76.148.254,ipv4,malicious-ip,medium,WHITE,ziyadnz/hourly-ipv4,ziyadnz|hourly,2026-08-17T18:48:05Z,2026-08-17T18:48:05Z,
12.79.116.210,ipv4,malicious-ip,medium,WHITE,ziyadnz/hourly-ipv4,ziyadnz|hourly,2026-08-17T18:48:05Z,2026-08-17T18:48:05Z,
12.87.140.122,ipv4,malicious-ip,medium,WHITE,ziyadnz/hourly-ipv4,ziyadnz|hourly,2026-08-17T18:48:05Z,2026-08-17T18:48:05Z,
120.1.87.115,ipv4,malicious-ip,medium,WHITE,ziyadnz/hourly-ipv4,ziyadnz|hourly,2026-08-17T18:48:05Z,2026-08-17T18:48:05Z,
120.10.234.86,ipv4,malicious-ip,medium,WHITE,ziyadnz/hourly-ipv4,ziyadnz|hourly,2026-08-17T18:48:05Z,2026-08-17T18:48:05Z,
120.11.102.36,ipv4,malicious-ip,medium,WHITE,ziyadnz/hourly-ipv4,ziyadnz|hourly,2026-08-17T18:48:05Z,2026-08-17T18:48:05Z,
120.11.127.103,ipv4,malicious-ip,medium,WHITE,ziyadnz/hourly-ipv4,ziyadnz|hourly,2026-08-17T18:48:05Z,2026-08-17T18:48:05Z,
120.11.241.100,ipv4,malicious-ip,medium,WHITE,ziyadnz/hourly-ipv4,ziyadnz|hourly,2026-08-17T18:48:05Z,2026-08-17T18:48:05Z,
120.138.10.220,ipv4,malicious-ip,medium,WHITE,ziyadnz/hourly-ipv4,ziyadnz|hourly,2026-08-17T18:48:05Z,2026-08-17T18:48:05Z,
120.138.12.57,ipv4,malicious-ip,medium,WHITE,ziyadnz/hourly-ipv4,ziyadnz|hourly,2026-08-17T18:48:05Z,2026-08-17T18:48:05Z,
120.138.12.62,ipv4,malicious-ip,medium,WHITE,ziyadnz/hourly-ipv4,ziyadnz|hourly,2026-08-17T18:48:05Z,2026-08-17T18:48:05Z,
120.138.6.3,ipv4,malicious-ip,medium,WHITE,ziyadnz/hourly-ipv4,ziyadnz|hourly,2026-08-17T18:48:05Z,2026-08-17T18:48:05Z,
120.138.95.36,ipv4,malicious-ip,medium,WHITE,ziyadnz/hourly-ipv4,ziyadnz|hourly,2026-08-17T18:48:05Z,2026-08-17T18:48:05Z,
120.14.144.153,ipv4,malicious-ip,medium,WHITE,ziyadnz/hourly-ipv4,ziyadnz|hourly,2026-08-17T18:48:05Z,2026-08-17T18:48:05Z,
120.14.150.188,ipv4,malicious-ip,medium,WHITE,ziyadnz/hourly-ipv4,ziyadnz|hourly,2026-08-17T18:48:05Z,2026-08-17T18:48:05Z,
120.14.192.218,ipv4,malicious-ip,medium,WHITE,ziyadnz/hourly-ipv4,ziyadnz|hourly,2026-08-17T18:48:05Z,2026-08-17T18:48:05Z,
120.14.206.173,ipv4,malicious-ip,medium,WHITE,ziyadnz/hourly-ipv4,ziyadnz|hourly,2026-08-17T18:48:05Z,2026-08-17T18:48:05Z,
120.14.245.56,ipv4,malicious-ip,medium,WHITE,ziyadnz/hourly-ipv4,ziyadnz|hourly,2026-08-17T18:48:05Z,2026-08-17T18:48:05Z,
120.14.249.134,ipv4,malicious-ip,medium,WHITE,ziyadnz/hourly-ipv4,ziyadnz|hourly,2026-08-17T18:48:05Z,2026-08-17T18:48:05Z,
120.147.28.246,ipv4,malicious-ip,medium,WHITE,ziyadnz/hourly-ipv4,ziyadnz|hourly,2026-08-17T18:48:05Z,2026-08-17T18:48:05Z,
120.15.134.104,ipv4,malicious-ip,medium,WHITE,ziyadnz/hourly-ipv4,ziyadnz|hourly,2026-08-17T18:48:05Z,2026-08-17T18:48:05Z,
120.15.142.147,ipv4,malicious-ip,medium,WHITE,ziyadnz/hourly-ipv4,ziyadnz|hourly,2026-08-17T18:48:05Z,2026-08-17T18:48:05Z,
120.15.215.2,ipv4,malicious-ip,medium,WHITE,ziyadnz/hourly-ipv4,ziyadnz|hourly,2026-08-17T18:48:05Z,2026-08-17T18:48:05Z,
120.157.193.231,ipv4,malicious-ip,medium,WHITE,ziyadnz/hourly-ipv4,ziyadnz|hourly,2026-08-17T18:48:05Z,2026-08-17T18:48:05Z,
120.157.213.247,ipv4,malicious-ip,medium,WHITE,ziyadnz/hourly-ipv4,ziyadnz|hourly,2026-08-17T18:48:05Z,2026-08-17T18:48:05Z,
120.157.249.227,ipv4,malicious-ip,medium,WHITE,ziyadnz/hourly-ipv4,ziyadnz|hourly,2026-08-17T18:48:05Z,2026-08-17T18:48:05Z,
120.157.88.243,ipv4,malicious-ip,medium,WHITE,ziyadnz/hourly-ipv4,ziyadnz|hourly,2026-08-17T18:48:05Z,2026-08-17T18:48:05Z,
120.157.91.147,ipv4,malicious-ip,medium,WHITE,ziyadnz/hourly-ipv4,ziyadnz|hourly,2026-08-17T18:48:05Z,2026-08-17T18:48:05Z,
120.192.101.56,ipv4,malicious-ip,medium,WHITE,ziyadnz/hourly-ipv4,ziyadnz|hourly,2026-08-17T18:48:05Z,2026-08-17T18:48:05Z,
120.192.235.150,ipv4,malicious-ip,medium,WHITE,ziyadnz/hourly-ipv4,ziyadnz|hourly,2026-08-17T18:48:05Z,2026-08-17T18:48:05Z,
120.192.27.50,ipv4,malicious-ip,medium,WHITE,ziyadnz/hourly-ipv4,ziyadnz|hourly,2026-08-17T18:48:05Z,2026-08-17T18:48:05Z,
120.193.170.20,ipv4,malicious-ip,medium,WHITE,ziyadnz/hourly-ipv4,ziyadnz|hourly,2026-08-17T18:48:05Z,2026-08-17T18:48:05Z,
120.193.223.46,ipv4,malicious-ip,medium,WHITE,ziyadnz/hourly-ipv4,ziyadnz|hourly,2026-08-17T18:48:05Z,2026-08-17T18:48:05Z,
120.194.219.25,ipv4,malicious-ip,medium,WHITE,ziyadnz/hourly-ipv4,ziyadnz|hourly,2026-08-17T18:48:05Z,2026-08-17T18:48:05Z,
120.194.222.250,ipv4,malicious-ip,medium,WHITE,ziyadnz/hourly-ipv4,ziyadnz|hourly,2026-08-17T18:48:05Z,2026-08-17T18:48:05Z,
120.194.28.67,ipv4,malicious-ip,medium,WHITE,ziyadnz/hourly-ipv4,ziyadnz|hourly,2026-08-17T18:48:05Z,2026-08-17T18:48:05Z,
120.194.6.72,ipv4,malicious-ip,medium,WHITE,ziyadnz/hourly-ipv4,ziyadnz|hourly,2026-08-17T18:48:05Z,2026-08-17T18:48:05Z,
120.195.134.250,ipv4,malicious-ip,medium,WHITE,ziyadnz/hourly-ipv4,ziyadnz|hourly,2026-08-17T18:48:05Z,2026-08-17T18:48:05Z,
120.195.26.54,ipv4,malicious-ip,medium,WHITE,ziyadnz/hourly-ipv4,ziyadnz|hourly,2026-08-17T18:48:05Z,2026-08-17T18:48:05Z,
120.195.35.240,ipv4,malicious-ip,medium,WHITE,ziyadnz/hourly-ipv4,ziyadnz|hourly,2026-08-17T18:48:05Z,2026-08-17T18:48:05Z,
120.195.50.149,ipv4,malicious-ip,medium,WHITE,ziyadnz/hourly-ipv4,ziyadnz|hourly,2026-08-17T18:48:05Z,2026-08-17T18:48:05Z,
120.195.54.50,ipv4,malicious-ip,medium,WHITE,ziyadnz/hourly-ipv4,ziyadnz|hourly,2026-08-17T18:48:05Z,2026-08-17T18:48:05Z,
120.196.129.202,ipv4,malicious-ip,medium,WHITE,ziyadnz/hourly-ipv4,ziyadnz|hourly,2026-08-17T18:48:05Z,2026-08-17T18:48:05Z,
120.196.203.214,ipv4,malicious-ip,medium,WHITE,ziyadnz/hourly-ipv4,ziyadnz|hourly,2026-08-17T18:48:05Z,2026-08-17T18:48:05Z,
120.196.227.186,ipv4,malicious-ip,medium,WHITE,ziyadnz/hourly-ipv4,ziyadnz|hourly,2026-08-17T18:48:05Z,2026-08-17T18:48:05Z,
120.196.66.80,ipv4,malicious-ip,medium,WHITE,ziyadnz/hourly-ipv4,ziyadnz|hourly,2026-08-17T18:48:05Z,2026-08-17T18:48:05Z,
120.197.16.250,ipv4,malicious-ip,medium,WHITE,ziyadnz/hourly-ipv4,ziyadnz|hourly,2026-08-17T18:48:05Z,2026-08-17T18:48:05Z,
120.197.218.183,ipv4,malicious-ip,medium,WHITE,ziyadnz/hourly-ipv4,ziyadnz|hourly,2026-08-17T18:48:05Z,2026-08-17T18:48:05Z,
120.197.78.26,ipv4,malicious-ip,medium,WHITE,ziyadnz/hourly-ipv4,ziyadnz|hourly,2026-08-17T18:48:05Z,2026-08-17T18:48:05Z,
120.202.127.228,ipv4,malicious-ip,medium,WHITE,ziyadnz/hourly-ipv4,ziyadnz|hourly,2026-08-17T18:48:05Z,2026-08-17T18:48:05Z,
120.202.73.134,ipv4,malicious-ip,medium,WHITE,ziyadnz/hourly-ipv4,ziyadnz|hourly,2026-08-17T18:48:05Z,2026-08-17T18:48:05Z,
120.205.80.220,ipv4,malicious-ip,medium,WHITE,ziyadnz/hourly-ipv4,ziyadnz|hourly,2026-08-17T18:48:05Z,2026-08-17T18:48:05Z,
120.207.130.113,ipv4,malicious-ip,medium,WHITE,ziyadnz/hourly-ipv4,ziyadnz|hourly,2026-08-17T18:48:05Z,2026-08-17T18:48:05Z,
120.209.10.107,ipv4,malicious-ip,medium,WHITE,ziyadnz/hourly-ipv4,ziyadnz|hourly,2026-08-17T18:48:05Z,2026-08-17T18:48:05Z,
120.209.186.110,ipv4,malicious-ip,medium,WHITE,ziyadnz/hourly-ipv4,ziyadnz|hourly,2026-08-17T18:48:05Z,2026-08-17T18:48:05Z,
120.209.70.192,ipv4,malicious-ip,medium,WHITE,ziyadnz/hourly-ipv4,ziyadnz|hourly,2026-08-17T18:48:05Z,2026-08-17T18:48:05Z,
120.210.0.160,ipv4,malicious-ip,medium,WHITE,ziyadnz/hourly-ipv4,ziyadnz|hourly,2026-08-17T18:48:05Z,2026-08-17T18:48:05Z,
120.210.47.125,ipv4,malicious-ip,medium,WHITE,ziyadnz/hourly-ipv4,ziyadnz|hourly,2026-08-17T18:48:05Z,2026-08-17T18:48:05Z,
120.211.102.194,ipv4,malicious-ip,medium,WHITE,ziyadnz/hourly-ipv4,ziyadnz|hourly,2026-08-17T18:48:05Z,2026-08-17T18:48:05Z,
120.211.134.177,ipv4,malicious-ip,medium,WHITE,ziyadnz/hourly-ipv4,ziyadnz|hourly,2026-08-17T18:48:05Z,2026-08-17T18:48:05Z,
120.211.145.99,ipv4,malicious-ip,medium,WHITE,ziyadnz/hourly-ipv4,ziyadnz|hourly,2026-08-17T18:48:05Z,2026-08-17T18:48:05Z,
120.211.146.225,ipv4,malicious-ip,medium,WHITE,ziyadnz/hourly-ipv4,ziyadnz|hourly,2026-08-17T18:48:05Z,2026-08-17T18:48:05Z,
120.211.167.230,ipv4,malicious-ip,medium,WHITE,ziyadnz/hourly-ipv4,ziyadnz|hourly,2026-08-17T18:48:05Z,2026-08-17T18:48:05Z,
120.211.170.20,ipv4,malicious-ip,medium,WHITE,ziyadnz/hourly-ipv4,ziyadnz|hourly,2026-08-17T18:48:05Z,2026-08-17T18:48:05Z,
120.211.241.15,ipv4,malicious-ip,medium,WHITE,ziyadnz/hourly-ipv4,ziyadnz|hourly,2026-08-17T18:48:05Z,2026-08-17T18:48:05Z,
120.211.32.165,ipv4,malicious-ip,medium,WHITE,ziyadnz/hourly-ipv4,ziyadnz|hourly,2026-08-17T18:48:05Z,2026-08-17T18:48:05Z,
120.211.71.72,ipv4,malicious-ip,medium,WHITE,ziyadnz/hourly-ipv4,ziyadnz|hourly,2026-08-17T18:48:05Z,2026-08-17T18:48:05Z,
120.213.224.202,ipv4,malicious-ip,medium,WHITE,ziyadnz/hourly-ipv4,ziyadnz|hourly,2026-08-17T18:48:05Z,2026-08-17T18:48:05Z,
120.216.217.196,ipv4,malicious-ip,medium,WHITE,ziyadnz/hourly-ipv4,ziyadnz|hourly,2026-08-17T18:48:05Z,2026-08-17T18:48:05Z,
120.216.250.224,ipv4,malicious-ip,medium,WHITE,ziyadnz/hourly-ipv4,ziyadnz|hourly,2026-08-17T18:48:05Z,2026-08-17T18:48:05Z,
120.216.67.234,ipv4,malicious-ip,medium,WHITE,ziyadnz/hourly-ipv4,ziyadnz|hourly,2026-08-17T18:48:05Z,2026-08-17T18:48:05Z,
120.217.35.156,ipv4,malicious-ip,medium,WHITE,ziyadnz/hourly-ipv4,ziyadnz|hourly,2026-08-17T18:48:05Z,2026-08-17T18:48:05Z,
120.219.7.24,ipv4,malicious-ip,medium,WHITE,ziyadnz/hourly-ipv4,ziyadnz|hourly,2026-08-17T18:48:05Z,2026-08-17T18:48:05Z,
120.222.159.43,ipv4,malicious-ip,medium,WHITE,ziyadnz/hourly-ipv4,ziyadnz|hourly,2026-08-17T18:48:05Z,2026-08-17T18:48:05Z,
120.224.103.5,ipv4,malicious-ip,medium,WHITE,ziyadnz/hourly-ipv4,ziyadnz|hourly,2026-08-17T18:48:05Z,2026-08-17T18:48:05Z,
120.224.158.46,ipv4,malicious-ip,medium,WHITE,ziyadnz/hourly-ipv4,ziyadnz|hourly,2026-08-17T18:48:05Z,2026-08-17T18:48:05Z,
120.224.221.119,ipv4,malicious-ip,medium,WHITE,ziyadnz/hourly-ipv4,ziyadnz|hourly,2026-08-17T18:48:05Z,2026-08-17T18:48:05Z,
120.224.38.203,ipv4,malicious-ip,medium,WHITE,ziyadnz/hourly-ipv4,ziyadnz|hourly,2026-08-17T18:48:05Z,2026-08-17T18:48:05Z,
120.225.1.196,ipv4,malicious-ip,medium,WHITE,ziyadnz/hourly-ipv4,ziyadnz|hourly,2026-08-17T18:48:05Z,2026-08-17T18:48:05Z,
120.225.113.244,ipv4,malicious-ip,medium,WHITE,ziyadnz/hourly-ipv4,ziyadnz|hourly,2026-08-17T18:48:05Z,2026-08-17T18:48:05Z,
120.225.145.150,ipv4,malicious-ip,medium,WHITE,ziyadnz/hourly-ipv4,ziyadnz|hourly,2026-08-17T18:48:05Z,2026-08-17T18:48:05Z,
120.225.166.200,ipv4,malicious-ip,medium,WHITE,ziyadnz/hourly-ipv4,ziyadnz|hourly,2026-08-17T18:48:05Z,2026-08-17T18:48:05Z,
120.225.167.225,ipv4,malicious-ip,medium,WHITE,ziyadnz/hourly-ipv4,ziyadnz|hourly,2026-08-17T18:48:05Z,2026-08-17T18:48:05Z,
120.225.173.169,ipv4,malicious-ip,medium,WHITE,ziyadnz/hourly-ipv4,ziyadnz|hourly,2026-08-17T18:48:05Z,2026-08-17T18:48:05Z,
120.225.173.187,ipv4,malicious-ip,medium,WHITE,ziyadnz/hourly-ipv4,ziyadnz|hourly,2026-08-17T18:48:05Z,2026-08-17T18:48:05Z,
120.225.180.120,ipv4,malicious-ip,medium,WHITE,ziyadnz/hourly-ipv4,ziyadnz|hourly,2026-08-17T18:48:05Z,2026-08-17T18:48:05Z,
120.225.33.9,ipv4,malicious-ip,medium,WHITE,ziyadnz/hourly-ipv4,ziyadnz|hourly,2026-08-17T18:48:05Z,2026-08-17T18:48:05Z,
120.225.51.38,ipv4,malicious-ip,medium,WHITE,ziyadnz/hourly-ipv4,ziyadnz|hourly,2026-08-17T18:48:05Z,2026-08-17T18:48:05Z,
120.225.66.48,ipv4,malicious-ip,medium,WHITE,ziyadnz/hourly-ipv4,ziyadnz|hourly,2026-08-17T18:48:05Z,2026-08-17T18:48:05Z,
120.225.83.75,ipv4,malicious-ip,medium,WHITE,ziyadnz/hourly-ipv4,ziyadnz|hourly,2026-08-17T18:48:05Z,2026-08-17T18:48:05Z,
120.226.110.151,ipv4,malicious-ip,medium,WHITE,ziyadnz/hourly-ipv4,ziyadnz|hourly,2026-08-17T18:48:05Z,2026-08-17T18:48:05Z,
120.227.106.147,ipv4,malicious-ip,medium,WHITE,ziyadnz/hourly-ipv4,ziyadnz|hourly,2026-08-17T18:48:05Z,2026-08-17T18:48:05Z,
120.227.232.247,ipv4,malicious-ip,medium,WHITE,ziyadnz/hourly-ipv4,ziyadnz|hourly,2026-08-17T18:48:05Z,2026-08-17T18:48:05Z,
120.228.94.107,ipv4,malicious-ip,medium,WHITE,ziyadnz/hourly-ipv4,ziyadnz|hourly,2026-08-17T18:48:05Z,2026-08-17T18:48:05Z,
120.229.108.61,ipv4,malicious-ip,medium,WHITE,ziyadnz/hourly-ipv4,ziyadnz|hourly,2026-08-17T18:48:05Z,2026-08-17T18:48:05Z,
120.229.119.163,ipv4,malicious-ip,medium,WHITE,ziyadnz/hourly-ipv4,ziyadnz|hourly,2026-08-17T18:48:05Z,2026-08-17T18:48:05Z,
120.229.146.144,ipv4,malicious-ip,medium,WHITE,ziyadnz/hourly-ipv4,ziyadnz|hourly,2026-08-17T18:48:05Z,2026-08-17T18:48:05Z,
120.229.203.193,ipv4,malicious-ip,medium,WHITE,ziyadnz/hourly-ipv4,ziyadnz|hourly,2026-08-17T18:48:05Z,2026-08-17T18:48:05Z,
120.229.65.34,ipv4,malicious-ip,medium,WHITE,ziyadnz/hourly-ipv4,ziyadnz|hourly,2026-08-17T18:48:05Z,2026-08-17T18:48:05Z,
120.230.131.208,ipv4,malicious-ip,medium,WHITE,ziyadnz/hourly-ipv4,ziyadnz|hourly,2026-08-17T18:48:05Z,2026-08-17T18:48:05Z,
120.230.142.116,ipv4,malicious-ip,medium,WHITE,ziyadnz/hourly-ipv4,ziyadnz|hourly,2026-08-17T18:48:05Z,2026-08-17T18:48:05Z,
120.230.19.102,ipv4,malicious-ip,medium,WHITE,ziyadnz/hourly-ipv4,ziyadnz|hourly,2026-08-17T18:48:05Z,2026-08-17T18:48:05Z,
120.230.191.26,ipv4,malicious-ip,medium,WHITE,ziyadnz/hourly-ipv4,ziyadnz|hourly,2026-08-17T18:48:05Z,2026-08-17T18:48:05Z,
120.230.85.91,ipv4,malicious-ip,medium,WHITE,ziyadnz/hourly-ipv4,ziyadnz|hourly,2026-08-17T18:48:05Z,2026-08-17T18:48:05Z,
120.231.100.131,ipv4,malicious-ip,medium,WHITE,ziyadnz/hourly-ipv4,ziyadnz|hourly,2026-08-17T18:48:05Z,2026-08-17T18:48:05Z,
120.231.114.236,ipv4,malicious-ip,medium,WHITE,ziyadnz/hourly-ipv4,ziyadnz|hourly,2026-08-17T18:48:05Z,2026-08-17T18:48:05Z,
120.231.175.163,ipv4,malicious-ip,medium,WHITE,ziyadnz/hourly-ipv4,ziyadnz|hourly,2026-08-17T18:48:05Z,2026-08-17T18:48:05Z,
120.231.175.174,ipv4,malicious-ip,medium,WHITE,ziyadnz/hourly-ipv4,ziyadnz|hourly,2026-08-17T18:48:05Z,2026-08-17T18:48:05Z,
120.231.192.116,ipv4,malicious-ip,medium,WHITE,ziyadnz/hourly-ipv4,ziyadnz|hourly,2026-08-17T18:48:05Z,2026-08-17T18:48:05Z,
120.231.21.8,ipv4,malicious-ip,medium,WHITE,ziyadnz/hourly-ipv4,ziyadnz|hourly,2026-08-17T18:48:05Z,2026-08-17T18:48:05Z,
120.231.210.183,ipv4,malicious-ip,medium,WHITE,ziyadnz/hourly-ipv4,ziyadnz|hourly,2026-08-17T18:48:05Z,2026-08-17T18:48:05Z,
120.231.68.192,ipv4,malicious-ip,medium,WHITE,ziyadnz/hourly-ipv4,ziyadnz|hourly,2026-08-17T18:48:05Z,2026-08-17T18:48:05Z,
120.232.101.178,ipv4,malicious-ip,medium,WHITE,ziyadnz/hourly-ipv4,ziyadnz|hourly,2026-08-17T18:48:05Z,2026-08-17T18:48:05Z,
120.233.240.39,ipv4,malicious-ip,medium,WHITE,ziyadnz/hourly-ipv4,ziyadnz|hourly,2026-08-17T18:48:05Z,2026-08-17T18:48:05Z,
120.233.53.128,ipv4,malicious-ip,medium,WHITE,ziyadnz/hourly-ipv4,ziyadnz|hourly,2026-08-17T18:48:05Z,2026-08-17T18:48:05Z,
120.233.53.251,ipv4,malicious-ip,medium,WHITE,ziyadnz/hourly-ipv4,ziyadnz|hourly,2026-08-17T18:48:05Z,2026-08-17T18:48:05Z,
120.234.133.74,ipv4,malicious-ip,medium,WHITE,ziyadnz/hourly-ipv4,ziyadnz|hourly,2026-08-17T18:48:05Z,2026-08-17T18:48:05Z,
120.234.214.85,ipv4,malicious-ip,medium,WHITE,ziyadnz/hourly-ipv4,ziyadnz|hourly,2026-08-17T18:48:05Z,2026-08-17T18:48:05Z,
120.235.21.85,ipv4,malicious-ip,medium,WHITE,ziyadnz/hourly-ipv4,ziyadnz|hourly,2026-08-17T18:48:05Z,2026-08-17T18:48:05Z,
120.235.21.95,ipv4,malicious-ip,medium,WHITE,ziyadnz/hourly-ipv4,ziyadnz|hourly,2026-08-17T18:48:05Z,2026-08-17T18:48:05Z,
120.237.8.118,ipv4,malicious-ip,medium,WHITE,ziyadnz/hourly-ipv4,ziyadnz|hourly,2026-08-17T18:48:05Z,2026-08-17T18:48:05Z,
120.238.115.5,ipv4,malicious-ip,medium,WHITE,ziyadnz/hourly-ipv4,ziyadnz|hourly,2026-08-17T18:48:05Z,2026-08-17T18:48:05Z,
120.238.19.78,ipv4,malicious-ip,medium,WHITE,ziyadnz/hourly-ipv4,ziyadnz|hourly,2026-08-17T18:48:05Z,2026-08-17T18:48:05Z,
120.238.254.10,ipv4,malicious-ip,medium,WHITE,ziyadnz/hourly-ipv4,ziyadnz|hourly,2026-08-17T18:48:05Z,2026-08-17T18:48:05Z,
120.239.176.80,ipv4,malicious-ip,medium,WHITE,ziyadnz/hourly-ipv4,ziyadnz|hourly,2026-08-17T18:48:05Z,2026-08-17T18:48:05Z,
120.239.25.53,ipv4,malicious-ip,medium,WHITE,ziyadnz/hourly-ipv4,ziyadnz|hourly,2026-08-17T18:48:05Z,2026-08-17T18:48:05Z,
120.239.31.37,ipv4,malicious-ip,medium,WHITE,ziyadnz/hourly-ipv4,ziyadnz|hourly,2026-08-17T18:48:05Z,2026-08-17T18:48:05Z,
120.24.193.58,ipv4,malicious-ip,medium,WHITE,ziyadnz/hourly-ipv4,ziyadnz|hourly,2026-08-17T18:48:05Z,2026-08-17T18:48:05Z,
120.24.230.187,ipv4,malicious-ip,medium,WHITE,ziyadnz/hourly-ipv4,ziyadnz|hourly,2026-08-17T18:48:05Z,2026-08-17T18:48:05Z,
120.24.39.128,ipv4,malicious-ip,medium,WHITE,ziyadnz/hourly-ipv4,ziyadnz|hourly,2026-08-17T18:48:05Z,2026-08-17T18:48:05Z,
120.24.95.94,ipv4,malicious-ip,medium,WHITE,ziyadnz/hourly-ipv4,ziyadnz|hourly,2026-08-17T18:48:05Z,2026-08-17T18:48:05Z,
120.240.178.134,ipv4,malicious-ip,medium,WHITE,ziyadnz/hourly-ipv4,ziyadnz|hourly,2026-08-17T18:48:05Z,2026-08-17T18:48:05Z,
120.240.178.198,ipv4,malicious-ip,medium,WHITE,ziyadnz/hourly-ipv4,ziyadnz|hourly,2026-08-17T18:48:05Z,2026-08-17T18:48:05Z,
120.241.117.94,ipv4,malicious-ip,medium,WHITE,ziyadnz/hourly-ipv4,ziyadnz|hourly,2026-08-17T18:48:05Z,2026-08-17T18:48:05Z,
120.242.175.220,ipv4,malicious-ip,medium,WHITE,ziyadnz/hourly-ipv4,ziyadnz|hourly,2026-08-17T18:48:05Z,2026-08-17T18:48:05Z,
120.242.180.154,ipv4,malicious-ip,medium,WHITE,ziyadnz/hourly-ipv4,ziyadnz|hourly,2026-08-17T18:48:05Z,2026-08-17T18:48:05Z,
120.242.91.13,ipv4,malicious-ip,medium,WHITE,ziyadnz/hourly-ipv4,ziyadnz|hourly,2026-08-17T18:48:05Z,2026-08-17T18:48:05Z,
120.243.85.102,ipv4,malicious-ip,medium,WHITE,ziyadnz/hourly-ipv4,ziyadnz|hourly,2026-08-17T18:48:05Z,2026-08-17T18:48:05Z,
120.244.127.4,ipv4,malicious-ip,medium,WHITE,ziyadnz/hourly-ipv4,ziyadnz|hourly,2026-08-17T18:48:05Z,2026-08-17T18:48:05Z,
120.245.86.20,ipv4,malicious-ip,medium,WHITE,ziyadnz/hourly-ipv4,ziyadnz|hourly,2026-08-17T18:48:05Z,2026-08-17T18:48:05Z,
120.245.86.24,ipv4,malicious-ip,medium,WHITE,ziyadnz/hourly-ipv4,ziyadnz|hourly,2026-08-17T18:48:05Z,2026-08-17T18:48:05Z,
120.245.86.40,ipv4,malicious-ip,medium,WHITE,ziyadnz/hourly-ipv4,ziyadnz|hourly,2026-08-17T18:48:05Z,2026-08-17T18:48:05Z,
120.25.123.162,ipv4,malicious-ip,medium,WHITE,ziyadnz/hourly-ipv4,ziyadnz|hourly,2026-08-17T18:48:05Z,2026-08-17T18:48:05Z,
120.25.50.31,ipv4,malicious-ip,medium,WHITE,ziyadnz/hourly-ipv4,ziyadnz|hourly,2026-08-17T18:48:05Z,2026-08-17T18:48:05Z,
120.26.113.1,ipv4,malicious-ip,medium,WHITE,ziyadnz/hourly-ipv4,ziyadnz|hourly,2026-08-17T18:48:05Z,2026-08-17T18:48:05Z,
120.26.113.10,ipv4,malicious-ip,medium,WHITE,ziyadnz/hourly-ipv4,ziyadnz|hourly,2026-08-17T18:48:05Z,2026-08-17T18:48:05Z,
120.26.177.241,ipv4,malicious-ip,medium,WHITE,ziyadnz/hourly-ipv4,ziyadnz|hourly,2026-08-17T18:48:05Z,2026-08-17T18:48:05Z,
120.26.19.86,ipv4,malicious-ip,medium,WHITE,ziyadnz/hourly-ipv4,ziyadnz|hourly,2026-08-17T18:48:05Z,2026-08-17T18:48:05Z,
120.26.209.111,ipv4,malicious-ip,medium,WHITE,ziyadnz/hourly-ipv4,ziyadnz|hourly,2026-08-17T18:48:05Z,2026-08-17T18:48:05Z,
120.26.220.254,ipv4,malicious-ip,medium,WHITE,ziyadnz/hourly-ipv4,ziyadnz|hourly,2026-08-17T18:48:05Z,2026-08-17T18:48:05Z,
120.26.230.138,ipv4,malicious-ip,medium,WHITE,ziyadnz/hourly-ipv4,ziyadnz|hourly,2026-08-17T18:48:05Z,2026-08-17T18:48:05Z,
120.26.237.87,ipv4,malicious-ip,medium,WHITE,ziyadnz/hourly-ipv4,ziyadnz|hourly,2026-08-17T18:48:05Z,2026-08-17T18:48:05Z,
120.26.243.163,ipv4,malicious-ip,medium,WHITE,ziyadnz/hourly-ipv4,ziyadnz|hourly,2026-08-17T18:48:05Z,2026-08-17T18:48:05Z,
120.26.32.101,ipv4,malicious-ip,medium,WHITE,ziyadnz/hourly-ipv4,ziyadnz|hourly,2026-08-17T18:48:05Z,2026-08-17T18:48:05Z,
120.26.35.116,ipv4,malicious-ip,medium,WHITE,ziyadnz/hourly-ipv4,ziyadnz|hourly,2026-08-17T18:48:05Z,2026-08-17T18:48:05Z,
120.26.42.156,ipv4,malicious-ip,medium,WHITE,ziyadnz/hourly-ipv4,ziyadnz|hourly,2026-08-17T18:48:05Z,2026-08-17T18:48:05Z,
120.26.46.63,ipv4,malicious-ip,medium,WHITE,ziyadnz/hourly-ipv4,ziyadnz|hourly,2026-08-17T18:48:05Z,2026-08-17T18:48:05Z,
120.26.58.94,ipv4,malicious-ip,medium,WHITE,ziyadnz/hourly-ipv4,ziyadnz|hourly,2026-08-17T18:48:05Z,2026-08-17T18:48:05Z,
120.27.11.24,ipv4,malicious-ip,medium,WHITE,ziyadnz/hourly-ipv4,ziyadnz|hourly,2026-08-17T18:48:05Z,2026-08-17T18:48:05Z,
120.27.12.17,ipv4,malicious-ip,medium,WHITE,ziyadnz/hourly-ipv4,ziyadnz|hourly,2026-08-17T18:48:05Z,2026-08-17T18:48:05Z,
120.27.122.20,ipv4,malicious-ip,medium,WHITE,ziyadnz/hourly-ipv4,ziyadnz|hourly,2026-08-17T18:48:05Z,2026-08-17T18:48:05Z,
120.27.198.177,ipv4,malicious-ip,medium,WHITE,ziyadnz/hourly-ipv4,ziyadnz|hourly,2026-08-17T18:48:05Z,2026-08-17T18:48:05Z,
120.27.233.135,ipv4,malicious-ip,medium,WHITE,ziyadnz/hourly-ipv4,ziyadnz|hourly,2026-08-17T18:48:05Z,2026-08-17T18:48:05Z,
120.28.144.106,ipv4,malicious-ip,medium,WHITE,ziyadnz/hourly-ipv4,ziyadnz|hourly,2026-08-17T18:48:05Z,2026-08-17T18:48:05Z,
120.28.179.101,ipv4,malicious-ip,medium,WHITE,ziyadnz/hourly-ipv4,ziyadnz|hourly,2026-08-17T18:48:05Z,2026-08-17T18:48:05Z,
120.28.212.179,ipv4,malicious-ip,medium,WHITE,ziyadnz/hourly-ipv4,ziyadnz|hourly,2026-08-17T18:48:05Z,2026-08-17T18:48:05Z,
120.28.221.118,ipv4,malicious-ip,medium,WHITE,ziyadnz/hourly-ipv4,ziyadnz|hourly,2026-08-17T18:48:05Z,2026-08-17T18:48:05Z,
120.28.252.90,ipv4,malicious-ip,medium,WHITE,ziyadnz/hourly-ipv4,ziyadnz|hourly,2026-08-17T18:48:05Z,2026-08-17T18:48:05Z,
120.29.140.140,ipv4,malicious-ip,medium,WHITE,ziyadnz/hourly-ipv4,ziyadnz|hourly,2026-08-17T18:48:05Z,2026-08-17T18:48:05Z,
120.29.68.243,ipv4,malicious-ip,medium,WHITE,ziyadnz/hourly-ipv4,ziyadnz|hourly,2026-08-17T18:48:05Z,2026-08-17T18:48:05Z,
120.29.76.152,ipv4,malicious-ip,medium,WHITE,ziyadnz/hourly-ipv4,ziyadnz|hourly,2026-08-17T18:48:05Z,2026-08-17T18:48:05Z,
120.29.77.3,ipv4,malicious-ip,medium,WHITE,ziyadnz/hourly-ipv4,ziyadnz|hourly,2026-08-17T18:48:05Z,2026-08-17T18:48:05Z,
120.29.78.108,ipv4,malicious-ip,medium,WHITE,ziyadnz/hourly-ipv4,ziyadnz|hourly,2026-08-17T18:48:05Z,2026-08-17T18:48:05Z,
120.29.87.133,ipv4,malicious-ip,medium,WHITE,ziyadnz/hourly-ipv4,ziyadnz|hourly,2026-08-17T18:48:05Z,2026-08-17T18:48:05Z,
120.29.87.87,ipv4,malicious-ip,medium,WHITE,ziyadnz/hourly-ipv4,ziyadnz|hourly,2026-08-17T18:48:05Z,2026-08-17T18:48:05Z,
120.29.90.189,ipv4,malicious-ip,medium,WHITE,ziyadnz/hourly-ipv4,ziyadnz|hourly,2026-08-17T18:48:05Z,2026-08-17T18:48:05Z,
120.29.90.62,ipv4,malicious-ip,medium,WHITE,ziyadnz/hourly-ipv4,ziyadnz|hourly,2026-08-17T18:48:05Z,2026-08-17T18:48:05Z,
120.29.91.30,ipv4,malicious-ip,medium,WHITE,ziyadnz/hourly-ipv4,ziyadnz|hourly,2026-08-17T18:48:05Z,2026-08-17T18:48:05Z,
120.3.139.225,ipv4,malicious-ip,medium,WHITE,ziyadnz/hourly-ipv4,ziyadnz|hourly,2026-08-17T18:48:05Z,2026-08-17T18:48:05Z,
120.33.126.224,ipv4,malicious-ip,medium,WHITE,ziyadnz/hourly-ipv4,ziyadnz|hourly,2026-08-17T18:48:05Z,2026-08-17T18:48:05Z,
120.34.139.24,ipv4,malicious-ip,medium,WHITE,ziyadnz/hourly-ipv4,ziyadnz|hourly,2026-08-17T18:48:05Z,2026-08-17T18:48:05Z,
120.34.139.250,ipv4,malicious-ip,medium,WHITE,ziyadnz/hourly-ipv4,ziyadnz|hourly,2026-08-17T18:48:05Z,2026-08-17T18:48:05Z,
120.34.139.40,ipv4,malicious-ip,medium,WHITE,ziyadnz/hourly-ipv4,ziyadnz|hourly,2026-08-17T18:48:05Z,2026-08-17T18:48:05Z,
120.36.170.182,ipv4,malicious-ip,medium,WHITE,ziyadnz/hourly-ipv4,ziyadnz|hourly,2026-08-17T18:48:05Z,2026-08-17T18:48:05Z,
120.36.222.126,ipv4,malicious-ip,medium,WHITE,ziyadnz/hourly-ipv4,ziyadnz|hourly,2026-08-17T18:48:05Z,2026-08-17T18:48:05Z,
120.38.150.248,ipv4,malicious-ip,medium,WHITE,ziyadnz/hourly-ipv4,ziyadnz|hourly,2026-08-17T18:48:05Z,2026-08-17T18:48:05Z,
120.38.4.25,ipv4,malicious-ip,medium,WHITE,ziyadnz/hourly-ipv4,ziyadnz|hourly,2026-08-17T18:48:05Z,2026-08-17T18:48:05Z,
120.4.131.97,ipv4,malicious-ip,medium,WHITE,ziyadnz/hourly-ipv4,ziyadnz|hourly,2026-08-17T18:48:05Z,2026-08-17T18:48:05Z,
120.40.0.205,ipv4,malicious-ip,medium,WHITE,ziyadnz/hourly-ipv4,ziyadnz|hourly,2026-08-17T18:48:05Z,2026-08-17T18:48:05Z,
120.41.201.78,ipv4,malicious-ip,medium,WHITE,ziyadnz/hourly-ipv4,ziyadnz|hourly,2026-08-17T18:48:05Z,2026-08-17T18:48:05Z,
120.41.202.218,ipv4,malicious-ip,medium,WHITE,ziyadnz/hourly-ipv4,ziyadnz|hourly,2026-08-17T18:48:05Z,2026-08-17T18:48:05Z,
120.41.42.35,ipv4,malicious-ip,medium,WHITE,ziyadnz/hourly-ipv4,ziyadnz|hourly,2026-08-17T18:48:05Z,2026-08-17T18:48:05Z,
120.46.133.136,ipv4,malicious-ip,medium,WHITE,ziyadnz/hourly-ipv4,ziyadnz|hourly,2026-08-17T18:48:05Z,2026-08-17T18:48:05Z,
120.46.184.6,ipv4,malicious-ip,medium,WHITE,ziyadnz/hourly-ipv4,ziyadnz|hourly,2026-08-17T18:48:05Z,2026-08-17T18:48:05Z,
120.46.204.235,ipv4,malicious-ip,medium,WHITE,ziyadnz/hourly-ipv4,ziyadnz|hourly,2026-08-17T18:48:05Z,2026-08-17T18:48:05Z,
120.46.57.97,ipv4,malicious-ip,medium,WHITE,ziyadnz/hourly-ipv4,ziyadnz|hourly,2026-08-17T18:48:05Z,2026-08-17T18:48:05Z,
120.48.100.73,ipv4,malicious-ip,medium,WHITE,ziyadnz/hourly-ipv4,ziyadnz|hourly,2026-08-17T18:48:05Z,2026-08-17T18:48:05Z,
120.48.102.177,ipv4,malicious-ip,medium,WHITE,ziyadnz/hourly-ipv4,ziyadnz|hourly,2026-08-17T18:48:05Z,2026-08-17T18:48:05Z,
120.48.104.158,ipv4,malicious-ip,medium,WHITE,ziyadnz/hourly-ipv4,ziyadnz|hourly,2026-08-17T18:48:05Z,2026-08-17T18:48:05Z,
120.48.104.37,ipv4,malicious-ip,medium,WHITE,ziyadnz/hourly-ipv4,ziyadnz|hourly,2026-08-17T18:48:05Z,2026-08-17T18:48:05Z,
120.48.106.205,ipv4,malicious-ip,medium,WHITE,ziyadnz/hourly-ipv4,ziyadnz|hourly,2026-08-17T18:48:05Z,2026-08-17T18:48:05Z,
120.48.106.235,ipv4,malicious-ip,medium,WHITE,ziyadnz/hourly-ipv4,ziyadnz|hourly,2026-08-17T18:48:05Z,2026-08-17T18:48:05Z,
120.48.109.159,ipv4,malicious-ip,medium,WHITE,ziyadnz/hourly-ipv4,ziyadnz|hourly,2026-08-17T18:48:05Z,2026-08-17T18:48:05Z,
120.48.110.204,ipv4,malicious-ip,medium,WHITE,ziyadnz/hourly-ipv4,ziyadnz|hourly,2026-08-17T18:48:05Z,2026-08-17T18:48:05Z,
120.48.111.113,ipv4,malicious-ip,medium,WHITE,ziyadnz/hourly-ipv4,ziyadnz|hourly,2026-08-17T18:48:05Z,2026-08-17T18:48:05Z,
120.48.112.118,ipv4,malicious-ip,medium,WHITE,ziyadnz/hourly-ipv4,ziyadnz|hourly,2026-08-17T18:48:05Z,2026-08-17T18:48:05Z,
120.48.112.208,ipv4,malicious-ip,medium,WHITE,ziyadnz/hourly-ipv4,ziyadnz|hourly,2026-08-17T18:48:05Z,2026-08-17T18:48:05Z,
120.48.116.64,ipv4,malicious-ip,medium,WHITE,ziyadnz/hourly-ipv4,ziyadnz|hourly,2026-08-17T18:48:05Z,2026-08-17T18:48:05Z,
120.48.12.219,ipv4,malicious-ip,medium,WHITE,ziyadnz/hourly-ipv4,ziyadnz|hourly,2026-08-17T18:48:05Z,2026-08-17T18:48:05Z,
120.48.124.114,ipv4,malicious-ip,medium,WHITE,ziyadnz/hourly-ipv4,ziyadnz|hourly,2026-08-17T18:48:05Z,2026-08-17T18:48:05Z,
120.48.124.155,ipv4,malicious-ip,medium,WHITE,ziyadnz/hourly-ipv4,ziyadnz|hourly,2026-08-17T18:48:05Z,2026-08-17T18:48:05Z,
120.48.124.44,ipv4,malicious-ip,medium,WHITE,ziyadnz/hourly-ipv4,ziyadnz|hourly,2026-08-17T18:48:05Z,2026-08-17T18:48:05Z,
120.48.125.245,ipv4,malicious-ip,medium,WHITE,ziyadnz/hourly-ipv4,ziyadnz|hourly,2026-08-17T18:48:05Z,2026-08-17T18:48:05Z,
120.48.13.223,ipv4,malicious-ip,medium,WHITE,ziyadnz/hourly-ipv4,ziyadnz|hourly,2026-08-17T18:48:05Z,2026-08-17T18:48:05Z,
120.48.130.213,ipv4,malicious-ip,medium,WHITE,ziyadnz/hourly-ipv4,ziyadnz|hourly,2026-08-17T18:48:05Z,2026-08-17T18:48:05Z,
120.48.131.211,ipv4,malicious-ip,medium,WHITE,ziyadnz/hourly-ipv4,ziyadnz|hourly,2026-08-17T18:48:05Z,2026-08-17T18:48:05Z,
120.48.135.32,ipv4,malicious-ip,medium,WHITE,ziyadnz/hourly-ipv4,ziyadnz|hourly,2026-08-17T18:48:05Z,2026-08-17T18:48:05Z,
120.48.139.211,ipv4,malicious-ip,medium,WHITE,ziyadnz/hourly-ipv4,ziyadnz|hourly,2026-08-17T18:48:05Z,2026-08-17T18:48:05Z,
120.48.14.72,ipv4,malicious-ip,medium,WHITE,ziyadnz/hourly-ipv4,ziyadnz|hourly,2026-08-17T18:48:05Z,2026-08-17T18:48:05Z,
120.48.140.232,ipv4,malicious-ip,medium,WHITE,ziyadnz/hourly-ipv4,ziyadnz|hourly,2026-08-17T18:48:05Z,2026-08-17T18:48:05Z,
120.48.141.101,ipv4,malicious-ip,medium,WHITE,ziyadnz/hourly-ipv4,ziyadnz|hourly,2026-08-17T18:48:05Z,2026-08-17T18:48:05Z,
120.48.144.5,ipv4,malicious-ip,medium,WHITE,ziyadnz/hourly-ipv4,ziyadnz|hourly,2026-08-17T18:48:05Z,2026-08-17T18:48:05Z,
120.48.145.32,ipv4,malicious-ip,medium,WHITE,ziyadnz/hourly-ipv4,ziyadnz|hourly,2026-08-17T18:48:05Z,2026-08-17T18:48:05Z,
120.48.147.111,ipv4,malicious-ip,medium,WHITE,ziyadnz/hourly-ipv4,ziyadnz|hourly,2026-08-17T18:48:05Z,2026-08-17T18:48:05Z,
120.48.147.81,ipv4,malicious-ip,medium,WHITE,ziyadnz/hourly-ipv4,ziyadnz|hourly,2026-08-17T18:48:05Z,2026-08-17T18:48:05Z,
120.48.148.35,ipv4,malicious-ip,medium,WHITE,ziyadnz/hourly-ipv4,ziyadnz|hourly,2026-08-17T18:48:05Z,2026-08-17T18:48:05Z,
120.48.150.146,ipv4,malicious-ip,medium,WHITE,ziyadnz/hourly-ipv4,ziyadnz|hourly,2026-08-17T18:48:05Z,2026-08-17T18:48:05Z,
120.48.150.20,ipv4,malicious-ip,medium,WHITE,ziyadnz/hourly-ipv4,ziyadnz|hourly,2026-08-17T18:48:05Z,2026-08-17T18:48:05Z,
120.48.151.153,ipv4,malicious-ip,medium,WHITE,ziyadnz/hourly-ipv4,ziyadnz|hourly,2026-08-17T18:48:05Z,2026-08-17T18:48:05Z,
120.48.151.202,ipv4,malicious-ip,medium,WHITE,ziyadnz/hourly-ipv4,ziyadnz|hourly,2026-08-17T18:48:05Z,2026-08-17T18:48:05Z,
120.48.153.92,ipv4,malicious-ip,medium,WHITE,ziyadnz/hourly-ipv4,ziyadnz|hourly,2026-08-17T18:48:05Z,2026-08-17T18:48:05Z,
120.48.154.88,ipv4,malicious-ip,medium,WHITE,ziyadnz/hourly-ipv4,ziyadnz|hourly,2026-08-17T18:48:05Z,2026-08-17T18:48:05Z,
120.48.156.17,ipv4,malicious-ip,medium,WHITE,ziyadnz/hourly-ipv4,ziyadnz|hourly,2026-08-17T18:48:05Z,2026-08-17T18:48:05Z,
120.48.163.221,ipv4,malicious-ip,medium,WHITE,ziyadnz/hourly-ipv4,ziyadnz|hourly,2026-08-17T18:48:05Z,2026-08-17T18:48:05Z,
120.48.167.39,ipv4,malicious-ip,medium,WHITE,ziyadnz/hourly-ipv4,ziyadnz|hourly,2026-08-17T18:48:05Z,2026-08-17T18:48:05Z,
120.48.168.33,ipv4,malicious-ip,medium,WHITE,ziyadnz/hourly-ipv4,ziyadnz|hourly,2026-08-17T18:48:05Z,2026-08-17T18:48:05Z,
120.48.17.175,ipv4,malicious-ip,medium,WHITE,ziyadnz/hourly-ipv4,ziyadnz|hourly,2026-08-17T18:48:05Z,2026-08-17T18:48:05Z,
120.48.17.184,ipv4,malicious-ip,medium,WHITE,ziyadnz/hourly-ipv4,ziyadnz|hourly,2026-08-17T18:48:05Z,2026-08-17T18:48:05Z,
120.48.170.9,ipv4,malicious-ip,medium,WHITE,ziyadnz/hourly-ipv4,ziyadnz|hourly,2026-08-17T18:48:05Z,2026-08-17T18:48:05Z,
120.48.171.196,ipv4,malicious-ip,medium,WHITE,ziyadnz/hourly-ipv4,ziyadnz|hourly,2026-08-17T18:48:05Z,2026-08-17T18:48:05Z,
120.48.174.141,ipv4,malicious-ip,medium,WHITE,ziyadnz/hourly-ipv4,ziyadnz|hourly,2026-08-17T18:48:05Z,2026-08-17T18:48:05Z,
120.48.174.42,ipv4,malicious-ip,medium,WHITE,ziyadnz/hourly-ipv4,ziyadnz|hourly,2026-08-17T18:48:05Z,2026-08-17T18:48:05Z,
120.48.176.104,ipv4,malicious-ip,medium,WHITE,ziyadnz/hourly-ipv4,ziyadnz|hourly,2026-08-17T18:48:05Z,2026-08-17T18:48:05Z,
120.48.178.142,ipv4,malicious-ip,medium,WHITE,ziyadnz/hourly-ipv4,ziyadnz|hourly,2026-08-17T18:48:05Z,2026-08-17T18:48:05Z,
120.48.178.72,ipv4,malicious-ip,medium,WHITE,ziyadnz/hourly-ipv4,ziyadnz|hourly,2026-08-17T18:48:05Z,2026-08-17T18:48:05Z,
120.48.18.226,ipv4,malicious-ip,medium,WHITE,ziyadnz/hourly-ipv4,ziyadnz|hourly,2026-08-17T18:48:05Z,2026-08-17T18:48:05Z,
120.48.181.192,ipv4,malicious-ip,medium,WHITE,ziyadnz/hourly-ipv4,ziyadnz|hourly,2026-08-17T18:48:05Z,2026-08-17T18:48:05Z,
120.48.20.147,ipv4,malicious-ip,medium,WHITE,ziyadnz/hourly-ipv4,ziyadnz|hourly,2026-08-17T18:48:05Z,2026-08-17T18:48:05Z,
120.48.20.170,ipv4,malicious-ip,medium,WHITE,ziyadnz/hourly-ipv4,ziyadnz|hourly,2026-08-17T18:48:05Z,2026-08-17T18:48:05Z,
120.48.21.145,ipv4,malicious-ip,medium,WHITE,ziyadnz/hourly-ipv4,ziyadnz|hourly,2026-08-17T18:48:05Z,2026-08-17T18:48:05Z,
120.48.21.92,ipv4,malicious-ip,medium,WHITE,ziyadnz/hourly-ipv4,ziyadnz|hourly,2026-08-17T18:48:05Z,2026-08-17T18:48:05Z,
120.48.22.219,ipv4,malicious-ip,medium,WHITE,ziyadnz/hourly-ipv4,ziyadnz|hourly,2026-08-17T18:48:05Z,2026-08-17T18:48:05Z,
120.48.26.113,ipv4,malicious-ip,medium,WHITE,ziyadnz/hourly-ipv4,ziyadnz|hourly,2026-08-17T18:48:05Z,2026-08-17T18:48:05Z,
120.48.26.185,ipv4,malicious-ip,medium,WHITE,ziyadnz/hourly-ipv4,ziyadnz|hourly,2026-08-17T18:48:05Z,2026-08-17T18:48:05Z,
120.48.30.181,ipv4,malicious-ip,medium,WHITE,ziyadnz/hourly-ipv4,ziyadnz|hourly,2026-08-17T18:48:05Z,2026-08-17T18:48:05Z,
120.48.32.130,ipv4,malicious-ip,medium,WHITE,ziyadnz/hourly-ipv4,ziyadnz|hourly,2026-08-17T18:48:05Z,2026-08-17T18:48:05Z,
120.48.33.21,ipv4,malicious-ip,medium,WHITE,ziyadnz/hourly-ipv4,ziyadnz|hourly,2026-08-17T18:48:05Z,2026-08-17T18:48:05Z,
120.48.34.72,ipv4,malicious-ip,medium,WHITE,ziyadnz/hourly-ipv4,ziyadnz|hourly,2026-08-17T18:48:05Z,2026-08-17T18:48:05Z,
120.48.36.106,ipv4,malicious-ip,medium,WHITE,ziyadnz/hourly-ipv4,ziyadnz|hourly,2026-08-17T18:48:05Z,2026-08-17T18:48:05Z,
120.48.39.106,ipv4,malicious-ip,medium,WHITE,ziyadnz/hourly-ipv4,ziyadnz|hourly,2026-08-17T18:48:05Z,2026-08-17T18:48:05Z,
120.48.39.73,ipv4,malicious-ip,medium,WHITE,ziyadnz/hourly-ipv4,ziyadnz|hourly,2026-08-17T18:48:05Z,2026-08-17T18:48:05Z,
120.48.41.103,ipv4,malicious-ip,medium,WHITE,ziyadnz/hourly-ipv4,ziyadnz|hourly,2026-08-17T18:48:05Z,2026-08-17T18:48:05Z,
120.48.42.17,ipv4,malicious-ip,medium,WHITE,ziyadnz/hourly-ipv4,ziyadnz|hourly,2026-08-17T18:48:05Z,2026-08-17T18:48:05Z,
120.48.44.93,ipv4,malicious-ip,medium,WHITE,ziyadnz/hourly-ipv4,ziyadnz|hourly,2026-08-17T18:48:05Z,2026-08-17T18:48:05Z,
120.48.45.182,ipv4,malicious-ip,medium,WHITE,ziyadnz/hourly-ipv4,ziyadnz|hourly,2026-08-17T18:48:05Z,2026-08-17T18:48:05Z,
120.48.47.126,ipv4,malicious-ip,medium,WHITE,ziyadnz/hourly-ipv4,ziyadnz|hourly,2026-08-17T18:48:05Z,2026-08-17T18:48:05Z,
120.48.52.177,ipv4,malicious-ip,medium,WHITE,ziyadnz/hourly-ipv4,ziyadnz|hourly,2026-08-17T18:48:05Z,2026-08-17T18:48:05Z,
120.48.53.149,ipv4,malicious-ip,medium,WHITE,ziyadnz/hourly-ipv4,ziyadnz|hourly,2026-08-17T18:48:05Z,2026-08-17T18:48:05Z,
120.48.54.130,ipv4,malicious-ip,medium,WHITE,ziyadnz/hourly-ipv4,ziyadnz|hourly,2026-08-17T18:48:05Z,2026-08-17T18:48:05Z,
120.48.54.170,ipv4,malicious-ip,medium,WHITE,ziyadnz/hourly-ipv4,ziyadnz|hourly,2026-08-17T18:48:05Z,2026-08-17T18:48:05Z,
120.48.55.94,ipv4,malicious-ip,medium,WHITE,ziyadnz/hourly-ipv4,ziyadnz|hourly,2026-08-17T18:48:05Z,2026-08-17T18:48:05Z,
120.48.59.126,ipv4,malicious-ip,medium,WHITE,ziyadnz/hourly-ipv4,ziyadnz|hourly,2026-08-17T18:48:05Z,2026-08-17T18:48:05Z,
120.48.60.18,ipv4,malicious-ip,medium,WHITE,ziyadnz/hourly-ipv4,ziyadnz|hourly,2026-08-17T18:48:05Z,2026-08-17T18:48:05Z,
120.48.60.44,ipv4,malicious-ip,medium,WHITE,ziyadnz/hourly-ipv4,ziyadnz|hourly,2026-08-17T18:48:05Z,2026-08-17T18:48:05Z,
120.48.64.102,ipv4,malicious-ip,medium,WHITE,ziyadnz/hourly-ipv4,ziyadnz|hourly,2026-08-17T18:48:05Z,2026-08-17T18:48:05Z,
120.48.66.158,ipv4,malicious-ip,medium,WHITE,ziyadnz/hourly-ipv4,ziyadnz|hourly,2026-08-17T18:48:05Z,2026-08-17T18:48:05Z,
120.48.67.104,ipv4,malicious-ip,medium,WHITE,ziyadnz/hourly-ipv4,ziyadnz|hourly,2026-08-17T18:48:05Z,2026-08-17T18:48:05Z,
120.48.67.47,ipv4,malicious-ip,medium,WHITE,ziyadnz/hourly-ipv4,ziyadnz|hourly,2026-08-17T18:48:05Z,2026-08-17T18:48:05Z,
120.48.7.234,ipv4,malicious-ip,medium,WHITE,ziyadnz/hourly-ipv4,ziyadnz|hourly,2026-08-17T18:48:05Z,2026-08-17T18:48:05Z,
120.48.71.105,ipv4,malicious-ip,medium,WHITE,ziyadnz/hourly-ipv4,ziyadnz|hourly,2026-08-17T18:48:05Z,2026-08-17T18:48:05Z,
120.48.72.181,ipv4,malicious-ip,medium,WHITE,ziyadnz/hourly-ipv4,ziyadnz|hourly,2026-08-17T18:48:05Z,2026-08-17T18:48:05Z,
120.48.78.222,ipv4,malicious-ip,medium,WHITE,ziyadnz/hourly-ipv4,ziyadnz|hourly,2026-08-17T18:48:05Z,2026-08-17T18:48:05Z,
120.48.79.68,ipv4,malicious-ip,medium,WHITE,ziyadnz/hourly-ipv4,ziyadnz|hourly,2026-08-17T18:48:05Z,2026-08-17T18:48:05Z,
120.48.8.101,ipv4,malicious-ip,medium,WHITE,ziyadnz/hourly-ipv4,ziyadnz|hourly,2026-08-17T18:48:05Z,2026-08-17T18:48:05Z,
120.48.80.100,ipv4,malicious-ip,medium,WHITE,ziyadnz/hourly-ipv4,ziyadnz|hourly,2026-08-17T18:48:05Z,2026-08-17T18:48:05Z,
120.48.80.70,ipv4,malicious-ip,medium,WHITE,ziyadnz/hourly-ipv4,ziyadnz|hourly,2026-08-17T18:48:05Z,2026-08-17T18:48:05Z,
120.48.84.2,ipv4,malicious-ip,medium,WHITE,ziyadnz/hourly-ipv4,ziyadnz|hourly,2026-08-17T18:48:05Z,2026-08-17T18:48:05Z,
120.48.87.166,ipv4,malicious-ip,medium,WHITE,ziyadnz/hourly-ipv4,ziyadnz|hourly,2026-08-17T18:48:05Z,2026-08-17T18:48:05Z,
120.48.90.166,ipv4,malicious-ip,medium,WHITE,ziyadnz/hourly-ipv4,ziyadnz|hourly,2026-08-17T18:48:05Z,2026-08-17T18:48:05Z,
120.48.92.183,ipv4,malicious-ip,medium,WHITE,ziyadnz/hourly-ipv4,ziyadnz|hourly,2026-08-17T18:48:05Z,2026-08-17T18:48:05Z,
120.48.94.250,ipv4,malicious-ip,medium,WHITE,ziyadnz/hourly-ipv4,ziyadnz|hourly,2026-08-17T18:48:05Z,2026-08-17T18:48:05Z,
120.49.64.28,ipv4,malicious-ip,medium,WHITE,ziyadnz/hourly-ipv4,ziyadnz|hourly,2026-08-17T18:48:05Z,2026-08-17T18:48:05Z,
120.50.67.191,ipv4,malicious-ip,medium,WHITE,ziyadnz/hourly-ipv4,ziyadnz|hourly,2026-08-17T18:48:05Z,2026-08-17T18:48:05Z,
120.50.74.51,ipv4,malicious-ip,medium,WHITE,ziyadnz/hourly-ipv4,ziyadnz|hourly,2026-08-17T18:48:05Z,2026-08-17T18:48:05Z,
120.52.18.119,ipv4,malicious-ip,medium,WHITE,ziyadnz/hourly-ipv4,ziyadnz|hourly,2026-08-17T18:48:05Z,2026-08-17T18:48:05Z,
120.52.18.141,ipv4,malicious-ip,medium,WHITE,ziyadnz/hourly-ipv4,ziyadnz|hourly,2026-08-17T18:48:05Z,2026-08-17T18:48:05Z,
120.52.18.19,ipv4,malicious-ip,medium,WHITE,ziyadnz/hourly-ipv4,ziyadnz|hourly,2026-08-17T18:48:05Z,2026-08-17T18:48:05Z,
120.52.18.38,ipv4,malicious-ip,medium,WHITE,ziyadnz/hourly-ipv4,ziyadnz|hourly,2026-08-17T18:48:05Z,2026-08-17T18:48:05Z,
120.52.18.75,ipv4,malicious-ip,medium,WHITE,ziyadnz/hourly-ipv4,ziyadnz|hourly,2026-08-17T18:48:05Z,2026-08-17T18:48:05Z,
120.52.19.71,ipv4,malicious-ip,medium,WHITE,ziyadnz/hourly-ipv4,ziyadnz|hourly,2026-08-17T18:48:05Z,2026-08-17T18:48:05Z,
120.52.19.91,ipv4,malicious-ip,medium,WHITE,ziyadnz/hourly-ipv4,ziyadnz|hourly,2026-08-17T18:48:05Z,2026-08-17T18:48:05Z,
120.52.92.186,ipv4,malicious-ip,medium,WHITE,ziyadnz/hourly-ipv4,ziyadnz|hourly,2026-08-17T18:48:05Z,2026-08-17T18:48:05Z,
120.52.92.223,ipv4,malicious-ip,medium,WHITE,ziyadnz/hourly-ipv4,ziyadnz|hourly,2026-08-17T18:48:05Z,2026-08-17T18:48:05Z,
120.52.92.27,ipv4,malicious-ip,medium,WHITE,ziyadnz/hourly-ipv4,ziyadnz|hourly,2026-08-17T18:48:05Z,2026-08-17T18:48:05Z,
120.52.92.86,ipv4,malicious-ip,medium,WHITE,ziyadnz/hourly-ipv4,ziyadnz|hourly,2026-08-17T18:48:05Z,2026-08-17T18:48:05Z,
120.52.92.99,ipv4,malicious-ip,medium,WHITE,ziyadnz/hourly-ipv4,ziyadnz|hourly,2026-08-17T18:48:05Z,2026-08-17T18:48:05Z,
120.53.133.226,ipv4,malicious-ip,medium,WHITE,ziyadnz/hourly-ipv4,ziyadnz|hourly,2026-08-17T18:48:05Z,2026-08-17T18:48:05Z,
120.53.15.79,ipv4,malicious-ip,medium,WHITE,ziyadnz/hourly-ipv4,ziyadnz|hourly,2026-08-17T18:48:05Z,2026-08-17T18:48:05Z,
120.53.228.231,ipv4,malicious-ip,medium,WHITE,ziyadnz/hourly-ipv4,ziyadnz|hourly,2026-08-17T18:48:05Z,2026-08-17T18:48:05Z,
120.53.8.87,ipv4,malicious-ip,medium,WHITE,ziyadnz/hourly-ipv4,ziyadnz|hourly,2026-08-17T18:48:05Z,2026-08-17T18:48:05Z,
120.53.84.167,ipv4,malicious-ip,medium,WHITE,ziyadnz/hourly-ipv4,ziyadnz|hourly,2026-08-17T18:48:05Z,2026-08-17T18:48:05Z,
120.53.94.160,ipv4,malicious-ip,medium,WHITE,ziyadnz/hourly-ipv4,ziyadnz|hourly,2026-08-17T18:48:05Z,2026-08-17T18:48:05Z,
120.55.195.75,ipv4,malicious-ip,medium,WHITE,ziyadnz/hourly-ipv4,ziyadnz|hourly,2026-08-17T18:48:05Z,2026-08-17T18:48:05Z,
120.55.36.109,ipv4,malicious-ip,medium,WHITE,ziyadnz/hourly-ipv4,ziyadnz|hourly,2026-08-17T18:48:05Z,2026-08-17T18:48:05Z,
120.55.4.115,ipv4,malicious-ip,medium,WHITE,ziyadnz/hourly-ipv4,ziyadnz|hourly,2026-08-17T18:48:05Z,2026-08-17T18:48:05Z,
120.55.43.172,ipv4,malicious-ip,medium,WHITE,ziyadnz/hourly-ipv4,ziyadnz|hourly,2026-08-17T18:48:05Z,2026-08-17T18:48:05Z,
120.55.5.183,ipv4,malicious-ip,medium,WHITE,ziyadnz/hourly-ipv4,ziyadnz|hourly,2026-08-17T18:48:05Z,2026-08-17T18:48:05Z,
120.55.59.135,ipv4,malicious-ip,medium,WHITE,ziyadnz/hourly-ipv4,ziyadnz|hourly,2026-08-17T18:48:05Z,2026-08-17T18:48:05Z,
120.55.83.19,ipv4,malicious-ip,medium,WHITE,ziyadnz/hourly-ipv4,ziyadnz|hourly,2026-08-17T18:48:05Z,2026-08-17T18:48:05Z,
120.55.92.241,ipv4,malicious-ip,medium,WHITE,ziyadnz/hourly-ipv4,ziyadnz|hourly,2026-08-17T18:48:05Z,2026-08-17T18:48:05Z,
120.55.92.37,ipv4,malicious-ip,medium,WHITE,ziyadnz/hourly-ipv4,ziyadnz|hourly,2026-08-17T18:48:05Z,2026-08-17T18:48:05Z,
120.55.99.107,ipv4,malicious-ip,medium,WHITE,ziyadnz/hourly-ipv4,ziyadnz|hourly,2026-08-17T18:48:05Z,2026-08-17T18:48:05Z,
120.56.110.236,ipv4,malicious-ip,medium,WHITE,ziyadnz/hourly-ipv4,ziyadnz|hourly,2026-08-17T18:48:05Z,2026-08-17T18:48:05Z,
120.6.238.165,ipv4,malicious-ip,medium,WHITE,ziyadnz/hourly-ipv4,ziyadnz|hourly,2026-08-17T18:48:05Z,2026-08-17T18:48:05Z,
120.61.3.142,ipv4,malicious-ip,medium,WHITE,ziyadnz/hourly-ipv4,ziyadnz|hourly,2026-08-17T18:48:05Z,2026-08-17T18:48:05Z,
120.62.8.17,ipv4,malicious-ip,medium,WHITE,ziyadnz/hourly-ipv4,ziyadnz|hourly,2026-08-17T18:48:05Z,2026-08-17T18:48:05Z,
120.62.8.62,ipv4,malicious-ip,medium,WHITE,ziyadnz/hourly-ipv4,ziyadnz|hourly,2026-08-17T18:48:05Z,2026-08-17T18:48:05Z,
120.68.123.150,ipv4,malicious-ip,medium,WHITE,ziyadnz/hourly-ipv4,ziyadnz|hourly,2026-08-17T18:48:05Z,2026-08-17T18:48:05Z,
120.7.131.129,ipv4,malicious-ip,medium,WHITE,ziyadnz/hourly-ipv4,ziyadnz|hourly,2026-08-17T18:48:05Z,2026-08-17T18:48:05Z,
120.7.213.76,ipv4,malicious-ip,medium,WHITE,ziyadnz/hourly-ipv4,ziyadnz|hourly,2026-08-17T18:48:05Z,2026-08-17T18:48:05Z,
120.7.74.71,ipv4,malicious-ip,medium,WHITE,ziyadnz/hourly-ipv4,ziyadnz|hourly,2026-08-17T18:48:05Z,2026-08-17T18:48:05Z,
120.71.11.120,ipv4,malicious-ip,medium,WHITE,ziyadnz/hourly-ipv4,ziyadnz|hourly,2026-08-17T18:48:05Z,2026-08-17T18:48:05Z,
120.71.146.182,ipv4,malicious-ip,medium,WHITE,ziyadnz/hourly-ipv4,ziyadnz|hourly,2026-08-17T18:48:05Z,2026-08-17T18:48:05Z,
120.71.148.144,ipv4,malicious-ip,medium,WHITE,ziyadnz/hourly-ipv4,ziyadnz|hourly,2026-08-17T18:48:05Z,2026-08-17T18:48:05Z,
120.71.149.171,ipv4,malicious-ip,medium,WHITE,ziyadnz/hourly-ipv4,ziyadnz|hourly,2026-08-17T18:48:05Z,2026-08-17T18:48:05Z,
120.71.149.30,ipv4,malicious-ip,medium,WHITE,ziyadnz/hourly-ipv4,ziyadnz|hourly,2026-08-17T18:48:05Z,2026-08-17T18:48:05Z,
120.72.18.37,ipv4,malicious-ip,medium,WHITE,ziyadnz/hourly-ipv4,ziyadnz|hourly,2026-08-17T18:48:05Z,2026-08-17T18:48:05Z,
120.72.98.5,ipv4,malicious-ip,medium,WHITE,ziyadnz/hourly-ipv4,ziyadnz|hourly,2026-08-17T18:48:05Z,2026-08-17T18:48:05Z,
120.76.116.45,ipv4,malicious-ip,medium,WHITE,ziyadnz/hourly-ipv4,ziyadnz|hourly,2026-08-17T18:48:05Z,2026-08-17T18:48:05Z,
120.76.202.208,ipv4,malicious-ip,medium,WHITE,ziyadnz/hourly-ipv4,ziyadnz|hourly,2026-08-17T18:48:05Z,2026-08-17T18:48:05Z,
120.76.240.4,ipv4,malicious-ip,medium,WHITE,ziyadnz/hourly-ipv4,ziyadnz|hourly,2026-08-17T18:48:05Z,2026-08-17T18:48:05Z,
120.77.11.240,ipv4,malicious-ip,medium,WHITE,ziyadnz/hourly-ipv4,ziyadnz|hourly,2026-08-17T18:48:05Z,2026-08-17T18:48:05Z,
120.77.153.229,ipv4,malicious-ip,medium,WHITE,ziyadnz/hourly-ipv4,ziyadnz|hourly,2026-08-17T18:48:05Z,2026-08-17T18:48:05Z,
120.77.205.149,ipv4,malicious-ip,medium,WHITE,ziyadnz/hourly-ipv4,ziyadnz|hourly,2026-08-17T18:48:05Z,2026-08-17T18:48:05Z,
120.77.210.41,ipv4,malicious-ip,medium,WHITE,ziyadnz/hourly-ipv4,ziyadnz|hourly,2026-08-17T18:48:05Z,2026-08-17T18:48:05Z,
120.77.237.174,ipv4,malicious-ip,medium,WHITE,ziyadnz/hourly-ipv4,ziyadnz|hourly,2026-08-17T18:48:05Z,2026-08-17T18:48:05Z,
120.77.9.172,ipv4,malicious-ip,medium,WHITE,ziyadnz/hourly-ipv4,ziyadnz|hourly,2026-08-17T18:48:05Z,2026-08-17T18:48:05Z,
120.78.173.122,ipv4,malicious-ip,medium,WHITE,ziyadnz/hourly-ipv4,ziyadnz|hourly,2026-08-17T18:48:05Z,2026-08-17T18:48:05Z,
120.78.173.89,ipv4,malicious-ip,medium,WHITE,ziyadnz/hourly-ipv4,ziyadnz|hourly,2026-08-17T18:48:05Z,2026-08-17T18:48:05Z,
120.78.69.31,ipv4,malicious-ip,medium,WHITE,ziyadnz/hourly-ipv4,ziyadnz|hourly,2026-08-17T18:48:05Z,2026-08-17T18:48:05Z,
120.78.81.136,ipv4,malicious-ip,medium,WHITE,ziyadnz/hourly-ipv4,ziyadnz|hourly,2026-08-17T18:48:05Z,2026-08-17T18:48:05Z,
120.78.9.93,ipv4,malicious-ip,medium,WHITE,ziyadnz/hourly-ipv4,ziyadnz|hourly,2026-08-17T18:48:05Z,2026-08-17T18:48:05Z,
120.79.178.220,ipv4,malicious-ip,medium,WHITE,ziyadnz/hourly-ipv4,ziyadnz|hourly,2026-08-17T18:48:05Z,2026-08-17T18:48:05Z,
120.79.199.56,ipv4,malicious-ip,medium,WHITE,ziyadnz/hourly-ipv4,ziyadnz|hourly,2026-08-17T18:48:05Z,2026-08-17T18:48:05Z,
120.79.8.107,ipv4,malicious-ip,medium,WHITE,ziyadnz/hourly-ipv4,ziyadnz|hourly,2026-08-17T18:48:05Z,2026-08-17T18:48:05Z,
120.79.89.98,ipv4,malicious-ip,medium,WHITE,ziyadnz/hourly-ipv4,ziyadnz|hourly,2026-08-17T18:48:05Z,2026-08-17T18:48:05Z,
120.79.91.168,ipv4,malicious-ip,medium,WHITE,ziyadnz/hourly-ipv4,ziyadnz|hourly,2026-08-17T18:48:05Z,2026-08-17T18:48:05Z,
120.79.95.122,ipv4,malicious-ip,medium,WHITE,ziyadnz/hourly-ipv4,ziyadnz|hourly,2026-08-17T18:48:05Z,2026-08-17T18:48:05Z,
120.79.96.4,ipv4,malicious-ip,medium,WHITE,ziyadnz/hourly-ipv4,ziyadnz|hourly,2026-08-17T18:48:05Z,2026-08-17T18:48:05Z,
120.83.233.211,ipv4,malicious-ip,medium,WHITE,ziyadnz/hourly-ipv4,ziyadnz|hourly,2026-08-17T18:48:05Z,2026-08-17T18:48:05Z,
120.83.235.247,ipv4,malicious-ip,medium,WHITE,ziyadnz/hourly-ipv4,ziyadnz|hourly,2026-08-17T18:48:05Z,2026-08-17T18:48:05Z,
120.84.10.32,ipv4,malicious-ip,medium,WHITE,ziyadnz/hourly-ipv4,ziyadnz|hourly,2026-08-17T18:48:05Z,2026-08-17T18:48:05Z,
120.84.195.220,ipv4,malicious-ip,medium,WHITE,ziyadnz/hourly-ipv4,ziyadnz|hourly,2026-08-17T18:48:05Z,2026-08-17T18:48:05Z,
120.85.112.123,ipv4,malicious-ip,medium,WHITE,ziyadnz/hourly-ipv4,ziyadnz|hourly,2026-08-17T18:48:05Z,2026-08-17T18:48:05Z,
120.85.116.231,ipv4,malicious-ip,medium,WHITE,ziyadnz/hourly-ipv4,ziyadnz|hourly,2026-08-17T18:48:05Z,2026-08-17T18:48:05Z,
120.85.119.255,ipv4,malicious-ip,medium,WHITE,ziyadnz/hourly-ipv4,ziyadnz|hourly,2026-08-17T18:48:05Z,2026-08-17T18:48:05Z,
120.85.244.16,ipv4,malicious-ip,medium,WHITE,ziyadnz/hourly-ipv4,ziyadnz|hourly,2026-08-17T18:48:05Z,2026-08-17T18:48:05Z,
120.87.99.202,ipv4,malicious-ip,medium,WHITE,ziyadnz/hourly-ipv4,ziyadnz|hourly,2026-08-17T18:48:05Z,2026-08-17T18:48:05Z,
120.88.113.142,ipv4,malicious-ip,medium,WHITE,ziyadnz/hourly-ipv4,ziyadnz|hourly,2026-08-17T18:48:05Z,2026-08-17T18:48:05Z,
120.88.182.32,ipv4,malicious-ip,medium,WHITE,ziyadnz/hourly-ipv4,ziyadnz|hourly,2026-08-17T18:48:05Z,2026-08-17T18:48:05Z,
120.88.34.154,ipv4,malicious-ip,medium,WHITE,ziyadnz/hourly-ipv4,ziyadnz|hourly,2026-08-17T18:48:05Z,2026-08-17T18:48:05Z,
120.89.46.135,ipv4,malicious-ip,medium,WHITE,ziyadnz/hourly-ipv4,ziyadnz|hourly,2026-08-17T18:48:05Z,2026-08-17T18:48:05Z,
120.89.66.17,ipv4,malicious-ip,medium,WHITE,ziyadnz/hourly-ipv4,ziyadnz|hourly,2026-08-17T18:48:05Z,2026-08-17T18:48:05Z,
120.9.138.202,ipv4,malicious-ip,medium,WHITE,ziyadnz/hourly-ipv4,ziyadnz|hourly,2026-08-17T18:48:05Z,2026-08-17T18:48:05Z,
120.9.33.103,ipv4,malicious-ip,medium,WHITE,ziyadnz/hourly-ipv4,ziyadnz|hourly,2026-08-17T18:48:05Z,2026-08-17T18:48:05Z,
120.9.66.247,ipv4,malicious-ip,medium,WHITE,ziyadnz/hourly-ipv4,ziyadnz|hourly,2026-08-17T18:48:05Z,2026-08-17T18:48:05Z,
120.92.10.155,ipv4,malicious-ip,medium,WHITE,ziyadnz/hourly-ipv4,ziyadnz|hourly,2026-08-17T18:48:05Z,2026-08-17T18:48:05Z,
120.92.105.170,ipv4,malicious-ip,medium,WHITE,ziyadnz/hourly-ipv4,ziyadnz|hourly,2026-08-17T18:48:05Z,2026-08-17T18:48:05Z,
120.92.11.32,ipv4,malicious-ip,medium,WHITE,ziyadnz/hourly-ipv4,ziyadnz|hourly,2026-08-17T18:48:05Z,2026-08-17T18:48:05Z,
120.92.120.15,ipv4,malicious-ip,medium,WHITE,ziyadnz/hourly-ipv4,ziyadnz|hourly,2026-08-17T18:48:05Z,2026-08-17T18:48:05Z,
120.92.16.84,ipv4,malicious-ip,medium,WHITE,ziyadnz/hourly-ipv4,ziyadnz|hourly,2026-08-17T18:48:05Z,2026-08-17T18:48:05Z,
121.1.120.182,ipv4,malicious-ip,medium,WHITE,ziyadnz/hourly-ipv4,ziyadnz|hourly,2026-08-17T18:48:05Z,2026-08-17T18:48:05Z,
121.1.172.241,ipv4,malicious-ip,medium,WHITE,ziyadnz/hourly-ipv4,ziyadnz|hourly,2026-08-17T18:48:05Z,2026-08-17T18:48:05Z,
121.1.173.138,ipv4,malicious-ip,medium,WHITE,ziyadnz/hourly-ipv4,ziyadnz|hourly,2026-08-17T18:48:05Z,2026-08-17T18:48:05Z,
121.1.173.78,ipv4,malicious-ip,medium,WHITE,ziyadnz/hourly-ipv4,ziyadnz|hourly,2026-08-17T18:48:05Z,2026-08-17T18:48:05Z,
121.1.178.208,ipv4,malicious-ip,medium,WHITE,ziyadnz/hourly-ipv4,ziyadnz|hourly,2026-08-17T18:48:05Z,2026-08-17T18:48:05Z,
121.101.130.29,ipv4,malicious-ip,medium,WHITE,ziyadnz/hourly-ipv4,ziyadnz|hourly,2026-08-17T18:48:05Z,2026-08-17T18:48:05Z,
121.101.130.66,ipv4,malicious-ip,medium,WHITE,ziyadnz/hourly-ipv4,ziyadnz|hourly,2026-08-17T18:48:05Z,2026-08-17T18:48:05Z,
121.11.116.73,ipv4,malicious-ip,medium,WHITE,ziyadnz/hourly-ipv4,ziyadnz|hourly,2026-08-17T18:48:05Z,2026-08-17T18:48:05Z,
121.11.118.134,ipv4,malicious-ip,medium,WHITE,ziyadnz/hourly-ipv4,ziyadnz|hourly,2026-08-17T18:48:05Z,2026-08-17T18:48:05Z,
121.11.96.13,ipv4,malicious-ip,medium,WHITE,ziyadnz/hourly-ipv4,ziyadnz|hourly,2026-08-17T18:48:05Z,2026-08-17T18:48:05Z,
121.11.99.53,ipv4,malicious-ip,medium,WHITE,ziyadnz/hourly-ipv4,ziyadnz|hourly,2026-08-17T18:48:05Z,2026-08-17T18:48:05Z,
121.12.155.218,ipv4,malicious-ip,medium,WHITE,ziyadnz/hourly-ipv4,ziyadnz|hourly,2026-08-17T18:48:05Z,2026-08-17T18:48:05Z,
121.120.181.248,ipv4,malicious-ip,medium,WHITE,ziyadnz/hourly-ipv4,ziyadnz|hourly,2026-08-17T18:48:05Z,2026-08-17T18:48:05Z,
121.120.42.31,ipv4,malicious-ip,medium,WHITE,ziyadnz/hourly-ipv4,ziyadnz|hourly,2026-08-17T18:48:05Z,2026-08-17T18:48:05Z,
121.121.104.88,ipv4,malicious-ip,medium,WHITE,ziyadnz/hourly-ipv4,ziyadnz|hourly,2026-08-17T18:48:05Z,2026-08-17T18:48:05Z,
121.121.107.89,ipv4,malicious-ip,medium,WHITE,ziyadnz/hourly-ipv4,ziyadnz|hourly,2026-08-17T18:48:05Z,2026-08-17T18:48:05Z,
121.121.116.207,ipv4,malicious-ip,medium,WHITE,ziyadnz/hourly-ipv4,ziyadnz|hourly,2026-08-17T18:48:05Z,2026-08-17T18:48:05Z,
121.121.139.175,ipv4,malicious-ip,medium,WHITE,ziyadnz/hourly-ipv4,ziyadnz|hourly,2026-08-17T18:48:05Z,2026-08-17T18:48:05Z,
121.121.56.246,ipv4,malicious-ip,medium,WHITE,ziyadnz/hourly-ipv4,ziyadnz|hourly,2026-08-17T18:48:05Z,2026-08-17T18:48:05Z,
121.121.60.206,ipv4,malicious-ip,medium,WHITE,ziyadnz/hourly-ipv4,ziyadnz|hourly,2026-08-17T18:48:05Z,2026-08-17T18:48:05Z,
121.121.60.216,ipv4,malicious-ip,medium,WHITE,ziyadnz/hourly-ipv4,ziyadnz|hourly,2026-08-17T18:48:05Z,2026-08-17T18:48:05Z,
121.122.119.48,ipv4,malicious-ip,medium,WHITE,ziyadnz/hourly-ipv4,ziyadnz|hourly,2026-08-17T18:48:05Z,2026-08-17T18:48:05Z,
121.122.127.155,ipv4,malicious-ip,medium,WHITE,ziyadnz/hourly-ipv4,ziyadnz|hourly,2026-08-17T18:48:05Z,2026-08-17T18:48:05Z,
121.122.138.2,ipv4,malicious-ip,medium,WHITE,ziyadnz/hourly-ipv4,ziyadnz|hourly,2026-08-17T18:48:05Z,2026-08-17T18:48:05Z,
121.123.141.252,ipv4,malicious-ip,medium,WHITE,ziyadnz/hourly-ipv4,ziyadnz|hourly,2026-08-17T18:48:05Z,2026-08-17T18:48:05Z,
121.123.176.130,ipv4,malicious-ip,medium,WHITE,ziyadnz/hourly-ipv4,ziyadnz|hourly,2026-08-17T18:48:05Z,2026-08-17T18:48:05Z,
121.123.244.194,ipv4,malicious-ip,medium,WHITE,ziyadnz/hourly-ipv4,ziyadnz|hourly,2026-08-17T18:48:05Z,2026-08-17T18:48:05Z,
121.123.59.254,ipv4,malicious-ip,medium,WHITE,ziyadnz/hourly-ipv4,ziyadnz|hourly,2026-08-17T18:48:05Z,2026-08-17T18:48:05Z,
121.125.33.54,ipv4,malicious-ip,medium,WHITE,ziyadnz/hourly-ipv4,ziyadnz|hourly,2026-08-17T18:48:05Z,2026-08-17T18:48:05Z,
121.125.67.137,ipv4,malicious-ip,medium,WHITE,ziyadnz/hourly-ipv4,ziyadnz|hourly,2026-08-17T18:48:05Z,2026-08-17T18:48:05Z,
121.125.70.58,ipv4,malicious-ip,medium,WHITE,ziyadnz/hourly-ipv4,ziyadnz|hourly,2026-08-17T18:48:05Z,2026-08-17T18:48:05Z,
121.127.232.253,ipv4,malicious-ip,medium,WHITE,ziyadnz/hourly-ipv4,ziyadnz|hourly,2026-08-17T18:48:05Z,2026-08-17T18:48:05Z,
121.127.33.212,ipv4,malicious-ip,medium,WHITE,ziyadnz/hourly-ipv4,ziyadnz|hourly,2026-08-17T18:48:05Z,2026-08-17T18:48:05Z,
121.127.34.195,ipv4,malicious-ip,medium,WHITE,ziyadnz/hourly-ipv4,ziyadnz|hourly,2026-08-17T18:48:05Z,2026-08-17T18:48:05Z,
121.127.37.58,ipv4,malicious-ip,medium,WHITE,ziyadnz/hourly-ipv4,ziyadnz|hourly,2026-08-17T18:48:05Z,2026-08-17T18:48:05Z,
121.128.138.94,ipv4,malicious-ip,medium,WHITE,ziyadnz/hourly-ipv4,ziyadnz|hourly,2026-08-17T18:48:05Z,2026-08-17T18:48:05Z,
121.128.173.237,ipv4,malicious-ip,medium,WHITE,ziyadnz/hourly-ipv4,ziyadnz|hourly,2026-08-17T18:48:05Z,2026-08-17T18:48:05Z,
121.128.196.39,ipv4,malicious-ip,medium,WHITE,ziyadnz/hourly-ipv4,ziyadnz|hourly,2026-08-17T18:48:05Z,2026-08-17T18:48:05Z,
121.128.84.224,ipv4,malicious-ip,medium,WHITE,ziyadnz/hourly-ipv4,ziyadnz|hourly,2026-08-17T18:48:05Z,2026-08-17T18:48:05Z,
121.131.220.0,ipv4,malicious-ip,medium,WHITE,ziyadnz/hourly-ipv4,ziyadnz|hourly,2026-08-17T18:48:05Z,2026-08-17T18:48:05Z,
121.131.220.133,ipv4,malicious-ip,medium,WHITE,ziyadnz/hourly-ipv4,ziyadnz|hourly,2026-08-17T18:48:05Z,2026-08-17T18:48:05Z,
121.131.220.135,ipv4,malicious-ip,medium,WHITE,ziyadnz/hourly-ipv4,ziyadnz|hourly,2026-08-17T18:48:05Z,2026-08-17T18:48:05Z,
121.131.220.142,ipv4,malicious-ip,medium,WHITE,ziyadnz/hourly-ipv4,ziyadnz|hourly,2026-08-17T18:48:05Z,2026-08-17T18:48:05Z,
121.131.220.143,ipv4,malicious-ip,medium,WHITE,ziyadnz/hourly-ipv4,ziyadnz|hourly,2026-08-17T18:48:05Z,2026-08-17T18:48:05Z,
121.131.220.148,ipv4,malicious-ip,medium,WHITE,ziyadnz/hourly-ipv4,ziyadnz|hourly,2026-08-17T18:48:05Z,2026-08-17T18:48:05Z,
121.131.220.153,ipv4,malicious-ip,medium,WHITE,ziyadnz/hourly-ipv4,ziyadnz|hourly,2026-08-17T18:48:05Z,2026-08-17T18:48:05Z,
121.131.220.168,ipv4,malicious-ip,medium,WHITE,ziyadnz/hourly-ipv4,ziyadnz|hourly,2026-08-17T18:48:05Z,2026-08-17T18:48:05Z,
121.132.27.238,ipv4,malicious-ip,medium,WHITE,ziyadnz/hourly-ipv4,ziyadnz|hourly,2026-08-17T18:48:05Z,2026-08-17T18:48:05Z,
121.133.77.139,ipv4,malicious-ip,medium,WHITE,ziyadnz/hourly-ipv4,ziyadnz|hourly,2026-08-17T18:48:05Z,2026-08-17T18:48:05Z,
121.134.151.223,ipv4,malicious-ip,medium,WHITE,ziyadnz/hourly-ipv4,ziyadnz|hourly,2026-08-17T18:48:05Z,2026-08-17T18:48:05Z,
121.135.49.194,ipv4,malicious-ip,medium,WHITE,ziyadnz/hourly-ipv4,ziyadnz|hourly,2026-08-17T18:48:05Z,2026-08-17T18:48:05Z,
121.136.14.35,ipv4,malicious-ip,medium,WHITE,ziyadnz/hourly-ipv4,ziyadnz|hourly,2026-08-17T18:48:05Z,2026-08-17T18:48:05Z,
121.136.210.14,ipv4,malicious-ip,medium,WHITE,ziyadnz/hourly-ipv4,ziyadnz|hourly,2026-08-17T18:48:05Z,2026-08-17T18:48:05Z,
121.136.59.13,ipv4,malicious-ip,medium,WHITE,ziyadnz/hourly-ipv4,ziyadnz|hourly,2026-08-17T18:48:05Z,2026-08-17T18:48:05Z,
121.136.9.50,ipv4,malicious-ip,medium,WHITE,ziyadnz/hourly-ipv4,ziyadnz|hourly,2026-08-17T18:48:05Z,2026-08-17T18:48:05Z,
121.137.131.78,ipv4,malicious-ip,medium,WHITE,ziyadnz/hourly-ipv4,ziyadnz|hourly,2026-08-17T18:48:05Z,2026-08-17T18:48:05Z,
121.137.29.114,ipv4,malicious-ip,medium,WHITE,ziyadnz/hourly-ipv4,ziyadnz|hourly,2026-08-17T18:48:05Z,2026-08-17T18:48:05Z,
121.14.17.55,ipv4,malicious-ip,medium,WHITE,ziyadnz/hourly-ipv4,ziyadnz|hourly,2026-08-17T18:48:05Z,2026-08-17T18:48:05Z,
121.14.2.49,ipv4,malicious-ip,medium,WHITE,ziyadnz/hourly-ipv4,ziyadnz|hourly,2026-08-17T18:48:05Z,2026-08-17T18:48:05Z,
121.141.219.98,ipv4,malicious-ip,medium,WHITE,ziyadnz/hourly-ipv4,ziyadnz|hourly,2026-08-17T18:48:05Z,2026-08-17T18:48:05Z,
121.142.116.192,ipv4,malicious-ip,medium,WHITE,ziyadnz/hourly-ipv4,ziyadnz|hourly,2026-08-17T18:48:05Z,2026-08-17T18:48:05Z,
121.142.244.108,ipv4,malicious-ip,medium,WHITE,ziyadnz/hourly-ipv4,ziyadnz|hourly,2026-08-17T18:48:05Z,2026-08-17T18:48:05Z,
121.144.16.16,ipv4,malicious-ip,medium,WHITE,ziyadnz/hourly-ipv4,ziyadnz|hourly,2026-08-17T18:48:05Z,2026-08-17T18:48:05Z,
121.144.197.162,ipv4,malicious-ip,medium,WHITE,ziyadnz/hourly-ipv4,ziyadnz|hourly,2026-08-17T18:48:05Z,2026-08-17T18:48:05Z,
121.144.59.136,ipv4,malicious-ip,medium,WHITE,ziyadnz/hourly-ipv4,ziyadnz|hourly,2026-08-17T18:48:05Z,2026-08-17T18:48:05Z,
121.144.7.196,ipv4,malicious-ip,medium,WHITE,ziyadnz/hourly-ipv4,ziyadnz|hourly,2026-08-17T18:48:05Z,2026-08-17T18:48:05Z,
121.147.179.153,ipv4,malicious-ip,medium,WHITE,ziyadnz/hourly-ipv4,ziyadnz|hourly,2026-08-17T18:48:05Z,2026-08-17T18:48:05Z,
121.148.71.200,ipv4,malicious-ip,medium,WHITE,ziyadnz/hourly-ipv4,ziyadnz|hourly,2026-08-17T18:48:05Z,2026-08-17T18:48:05Z,
121.149.194.35,ipv4,malicious-ip,medium,WHITE,ziyadnz/hourly-ipv4,ziyadnz|hourly,2026-08-17T18:48:05Z,2026-08-17T18:48:05Z,
121.15.140.235,ipv4,malicious-ip,medium,WHITE,ziyadnz/hourly-ipv4,ziyadnz|hourly,2026-08-17T18:48:05Z,2026-08-17T18:48:05Z,
121.15.185.63,ipv4,malicious-ip,medium,WHITE,ziyadnz/hourly-ipv4,ziyadnz|hourly,2026-08-17T18:48:05Z,2026-08-17T18:48:05Z,
121.152.152.177,ipv4,malicious-ip,medium,WHITE,ziyadnz/hourly-ipv4,ziyadnz|hourly,2026-08-17T18:48:05Z,2026-08-17T18:48:05Z,
121.152.193.222,ipv4,malicious-ip,medium,WHITE,ziyadnz/hourly-ipv4,ziyadnz|hourly,2026-08-17T18:48:05Z,2026-08-17T18:48:05Z,
121.153.60.137,ipv4,malicious-ip,medium,WHITE,ziyadnz/hourly-ipv4,ziyadnz|hourly,2026-08-17T18:48:05Z,2026-08-17T18:48:05Z,
121.155.122.144,ipv4,malicious-ip,medium,WHITE,ziyadnz/hourly-ipv4,ziyadnz|hourly,2026-08-17T18:48:05Z,2026-08-17T18:48:05Z,
121.156.163.143,ipv4,malicious-ip,medium,WHITE,ziyadnz/hourly-ipv4,ziyadnz|hourly,2026-08-17T18:48:05Z,2026-08-17T18:48:05Z,
121.16.195.230,ipv4,malicious-ip,medium,WHITE,ziyadnz/hourly-ipv4,ziyadnz|hourly,2026-08-17T18:48:05Z,2026-08-17T18:48:05Z,
121.16.62.207,ipv4,malicious-ip,medium,WHITE,ziyadnz/hourly-ipv4,ziyadnz|hourly,2026-08-17T18:48:05Z,2026-08-17T18:48:05Z,
121.160.102.68,ipv4,malicious-ip,medium,WHITE,ziyadnz/hourly-ipv4,ziyadnz|hourly,2026-08-17T18:48:05Z,2026-08-17T18:48:05Z,
121.160.23.240,ipv4,malicious-ip,medium,WHITE,ziyadnz/hourly-ipv4,ziyadnz|hourly,2026-08-17T18:48:05Z,2026-08-17T18:48:05Z,
121.161.122.89,ipv4,malicious-ip,medium,WHITE,ziyadnz/hourly-ipv4,ziyadnz|hourly,2026-08-17T18:48:05Z,2026-08-17T18:48:05Z,
121.161.149.104,ipv4,malicious-ip,medium,WHITE,ziyadnz/hourly-ipv4,ziyadnz|hourly,2026-08-17T18:48:05Z,2026-08-17T18:48:05Z,
121.161.242.168,ipv4,malicious-ip,medium,WHITE,ziyadnz/hourly-ipv4,ziyadnz|hourly,2026-08-17T18:48:05Z,2026-08-17T18:48:05Z,
121.163.118.249,ipv4,malicious-ip,medium,WHITE,ziyadnz/hourly-ipv4,ziyadnz|hourly,2026-08-17T18:48:05Z,2026-08-17T18:48:05Z,
121.163.127.5,ipv4,malicious-ip,medium,WHITE,ziyadnz/hourly-ipv4,ziyadnz|hourly,2026-08-17T18:48:05Z,2026-08-17T18:48:05Z,
121.163.177.49,ipv4,malicious-ip,medium,WHITE,ziyadnz/hourly-ipv4,ziyadnz|hourly,2026-08-17T18:48:05Z,2026-08-17T18:48:05Z,
121.163.179.175,ipv4,malicious-ip,medium,WHITE,ziyadnz/hourly-ipv4,ziyadnz|hourly,2026-08-17T18:48:05Z,2026-08-17T18:48:05Z,
121.163.61.189,ipv4,malicious-ip,medium,WHITE,ziyadnz/hourly-ipv4,ziyadnz|hourly,2026-08-17T18:48:05Z,2026-08-17T18:48:05Z,
121.164.144.172,ipv4,malicious-ip,medium,WHITE,ziyadnz/hourly-ipv4,ziyadnz|hourly,2026-08-17T18:48:05Z,2026-08-17T18:48:05Z,
121.165.204.105,ipv4,malicious-ip,medium,WHITE,ziyadnz/hourly-ipv4,ziyadnz|hourly,2026-08-17T18:48:05Z,2026-08-17T18:48:05Z,
121.165.36.99,ipv4,malicious-ip,medium,WHITE,ziyadnz/hourly-ipv4,ziyadnz|hourly,2026-08-17T18:48:05Z,2026-08-17T18:48:05Z,
121.165.61.178,ipv4,malicious-ip,medium,WHITE,ziyadnz/hourly-ipv4,ziyadnz|hourly,2026-08-17T18:48:05Z,2026-08-17T18:48:05Z,
121.167.216.116,ipv4,malicious-ip,medium,WHITE,ziyadnz/hourly-ipv4,ziyadnz|hourly,2026-08-17T18:48:05Z,2026-08-17T18:48:05Z,
121.167.57.19,ipv4,malicious-ip,medium,WHITE,ziyadnz/hourly-ipv4,ziyadnz|hourly,2026-08-17T18:48:05Z,2026-08-17T18:48:05Z,
121.168.139.251,ipv4,malicious-ip,medium,WHITE,ziyadnz/hourly-ipv4,ziyadnz|hourly,2026-08-17T18:48:05Z,2026-08-17T18:48:05Z,
121.169.106.30,ipv4,malicious-ip,medium,WHITE,ziyadnz/hourly-ipv4,ziyadnz|hourly,2026-08-17T18:48:05Z,2026-08-17T18:48:05Z,
121.169.23.2,ipv4,malicious-ip,medium,WHITE,ziyadnz/hourly-ipv4,ziyadnz|hourly,2026-08-17T18:48:05Z,2026-08-17T18:48:05Z,
121.169.46.116,ipv4,malicious-ip,medium,WHITE,ziyadnz/hourly-ipv4,ziyadnz|hourly,2026-08-17T18:48:05Z,2026-08-17T18:48:05Z,
121.17.175.194,ipv4,malicious-ip,medium,WHITE,ziyadnz/hourly-ipv4,ziyadnz|hourly,2026-08-17T18:48:05Z,2026-08-17T18:48:05Z,
121.17.193.182,ipv4,malicious-ip,medium,WHITE,ziyadnz/hourly-ipv4,ziyadnz|hourly,2026-08-17T18:48:05Z,2026-08-17T18:48:05Z,
121.17.206.246,ipv4,malicious-ip,medium,WHITE,ziyadnz/hourly-ipv4,ziyadnz|hourly,2026-08-17T18:48:05Z,2026-08-17T18:48:05Z,
121.17.225.72,ipv4,malicious-ip,medium,WHITE,ziyadnz/hourly-ipv4,ziyadnz|hourly,2026-08-17T18:48:05Z,2026-08-17T18:48:05Z,
121.17.65.124,ipv4,malicious-ip,medium,WHITE,ziyadnz/hourly-ipv4,ziyadnz|hourly,2026-08-17T18:48:05Z,2026-08-17T18:48:05Z,
121.170.12.120,ipv4,malicious-ip,medium,WHITE,ziyadnz/hourly-ipv4,ziyadnz|hourly,2026-08-17T18:48:05Z,2026-08-17T18:48:05Z,
121.170.200.240,ipv4,malicious-ip,medium,WHITE,ziyadnz/hourly-ipv4,ziyadnz|hourly,2026-08-17T18:48:05Z,2026-08-17T18:48:05Z,
121.172.115.13,ipv4,malicious-ip,medium,WHITE,ziyadnz/hourly-ipv4,ziyadnz|hourly,2026-08-17T18:48:05Z,2026-08-17T18:48:05Z,
121.173.173.48,ipv4,malicious-ip,medium,WHITE,ziyadnz/hourly-ipv4,ziyadnz|hourly,2026-08-17T18:48:05Z,2026-08-17T18:48:05Z,
121.175.108.60,ipv4,malicious-ip,medium,WHITE,ziyadnz/hourly-ipv4,ziyadnz|hourly,2026-08-17T18:48:05Z,2026-08-17T18:48:05Z,
121.176.123.182,ipv4,malicious-ip,medium,WHITE,ziyadnz/hourly-ipv4,ziyadnz|hourly,2026-08-17T18:48:05Z,2026-08-17T18:48:05Z,
121.176.219.68,ipv4,malicious-ip,medium,WHITE,ziyadnz/hourly-ipv4,ziyadnz|hourly,2026-08-17T18:48:05Z,2026-08-17T18:48:05Z,
121.176.52.126,ipv4,malicious-ip,medium,WHITE,ziyadnz/hourly-ipv4,ziyadnz|hourly,2026-08-17T18:48:05Z,2026-08-17T18:48:05Z,
121.176.6.26,ipv4,malicious-ip,medium,WHITE,ziyadnz/hourly-ipv4,ziyadnz|hourly,2026-08-17T18:48:05Z,2026-08-17T18:48:05Z,
121.177.209.118,ipv4,malicious-ip,medium,WHITE,ziyadnz/hourly-ipv4,ziyadnz|hourly,2026-08-17T18:48:05Z,2026-08-17T18:48:05Z,
121.177.55.132,ipv4,malicious-ip,medium,WHITE,ziyadnz/hourly-ipv4,ziyadnz|hourly,2026-08-17T18:48:05Z,2026-08-17T18:48:05Z,
121.178.101.159,ipv4,malicious-ip,medium,WHITE,ziyadnz/hourly-ipv4,ziyadnz|hourly,2026-08-17T18:48:05Z,2026-08-17T18:48:05Z,
121.178.195.100,ipv4,malicious-ip,medium,WHITE,ziyadnz/hourly-ipv4,ziyadnz|hourly,2026-08-17T18:48:05Z,2026-08-17T18:48:05Z,
121.179.119.98,ipv4,malicious-ip,medium,WHITE,ziyadnz/hourly-ipv4,ziyadnz|hourly,2026-08-17T18:48:05Z,2026-08-17T18:48:05Z,
121.18.138.146,ipv4,malicious-ip,medium,WHITE,ziyadnz/hourly-ipv4,ziyadnz|hourly,2026-08-17T18:48:05Z,2026-08-17T18:48:05Z,
121.18.166.166,ipv4,malicious-ip,medium,WHITE,ziyadnz/hourly-ipv4,ziyadnz|hourly,2026-08-17T18:48:05Z,2026-08-17T18:48:05Z,
121.18.78.154,ipv4,malicious-ip,medium,WHITE,ziyadnz/hourly-ipv4,ziyadnz|hourly,2026-08-17T18:48:05Z,2026-08-17T18:48:05Z,
121.18.87.178,ipv4,malicious-ip,medium,WHITE,ziyadnz/hourly-ipv4,ziyadnz|hourly,2026-08-17T18:48:05Z,2026-08-17T18:48:05Z,
121.180.144.35,ipv4,malicious-ip,medium,WHITE,ziyadnz/hourly-ipv4,ziyadnz|hourly,2026-08-17T18:48:05Z,2026-08-17T18:48:05Z,
121.180.228.200,ipv4,malicious-ip,medium,WHITE,ziyadnz/hourly-ipv4,ziyadnz|hourly,2026-08-17T18:48:05Z,2026-08-17T18:48:05Z,
121.180.243.232,ipv4,malicious-ip,medium,WHITE,ziyadnz/hourly-ipv4,ziyadnz|hourly,2026-08-17T18:48:05Z,2026-08-17T18:48:05Z,
121.180.249.7,ipv4,malicious-ip,medium,WHITE,ziyadnz/hourly-ipv4,ziyadnz|hourly,2026-08-17T18:48:05Z,2026-08-17T18:48:05Z,
121.181.132.230,ipv4,malicious-ip,medium,WHITE,ziyadnz/hourly-ipv4,ziyadnz|hourly,2026-08-17T18:48:05Z,2026-08-17T18:48:05Z,
121.183.252.39,ipv4,malicious-ip,medium,WHITE,ziyadnz/hourly-ipv4,ziyadnz|hourly,2026-08-17T18:48:05Z,2026-08-17T18:48:05Z,
121.185.91.80,ipv4,malicious-ip,medium,WHITE,ziyadnz/hourly-ipv4,ziyadnz|hourly,2026-08-17T18:48:05Z,2026-08-17T18:48:05Z,
121.186.151.123,ipv4,malicious-ip,medium,WHITE,ziyadnz/hourly-ipv4,ziyadnz|hourly,2026-08-17T18:48:05Z,2026-08-17T18:48:05Z,
121.186.191.74,ipv4,malicious-ip,medium,WHITE,ziyadnz/hourly-ipv4,ziyadnz|hourly,2026-08-17T18:48:05Z,2026-08-17T18:48:05Z,
121.188.14.152,ipv4,malicious-ip,medium,WHITE,ziyadnz/hourly-ipv4,ziyadnz|hourly,2026-08-17T18:48:05Z,2026-08-17T18:48:05Z,
121.188.218.62,ipv4,malicious-ip,medium,WHITE,ziyadnz/hourly-ipv4,ziyadnz|hourly,2026-08-17T18:48:05Z,2026-08-17T18:48:05Z,
121.188.233.158,ipv4,malicious-ip,medium,WHITE,ziyadnz/hourly-ipv4,ziyadnz|hourly,2026-08-17T18:48:05Z,2026-08-17T18:48:05Z,
121.188.243.13,ipv4,malicious-ip,medium,WHITE,ziyadnz/hourly-ipv4,ziyadnz|hourly,2026-08-17T18:48:05Z,2026-08-17T18:48:05Z,
121.189.103.2,ipv4,malicious-ip,medium,WHITE,ziyadnz/hourly-ipv4,ziyadnz|hourly,2026-08-17T18:48:05Z,2026-08-17T18:48:05Z,
121.189.103.212,ipv4,malicious-ip,medium,WHITE,ziyadnz/hourly-ipv4,ziyadnz|hourly,2026-08-17T18:48:05Z,2026-08-17T18:48:05Z,
121.189.122.13,ipv4,malicious-ip,medium,WHITE,ziyadnz/hourly-ipv4,ziyadnz|hourly,2026-08-17T18:48:05Z,2026-08-17T18:48:05Z,
121.189.124.42,ipv4,malicious-ip,medium,WHITE,ziyadnz/hourly-ipv4,ziyadnz|hourly,2026-08-17T18:48:05Z,2026-08-17T18:48:05Z,
121.189.127.248,ipv4,malicious-ip,medium,WHITE,ziyadnz/hourly-ipv4,ziyadnz|hourly,2026-08-17T18:48:05Z,2026-08-17T18:48:05Z,
121.189.188.199,ipv4,malicious-ip,medium,WHITE,ziyadnz/hourly-ipv4,ziyadnz|hourly,2026-08-17T18:48:05Z,2026-08-17T18:48:05Z,
121.189.240.213,ipv4,malicious-ip,medium,WHITE,ziyadnz/hourly-ipv4,ziyadnz|hourly,2026-08-17T18:48:05Z,2026-08-17T18:48:05Z,
121.189.87.247,ipv4,malicious-ip,medium,WHITE,ziyadnz/hourly-ipv4,ziyadnz|hourly,2026-08-17T18:48:05Z,2026-08-17T18:48:05Z,
121.189.97.58,ipv4,malicious-ip,medium,WHITE,ziyadnz/hourly-ipv4,ziyadnz|hourly,2026-08-17T18:48:05Z,2026-08-17T18:48:05Z,
121.19.128.46,ipv4,malicious-ip,medium,WHITE,ziyadnz/hourly-ipv4,ziyadnz|hourly,2026-08-17T18:48:05Z,2026-08-17T18:48:05Z,
121.190.115.218,ipv4,malicious-ip,medium,WHITE,ziyadnz/hourly-ipv4,ziyadnz|hourly,2026-08-17T18:48:05Z,2026-08-17T18:48:05Z,
121.190.28.138,ipv4,malicious-ip,medium,WHITE,ziyadnz/hourly-ipv4,ziyadnz|hourly,2026-08-17T18:48:05Z,2026-08-17T18:48:05Z,
121.191.167.99,ipv4,malicious-ip,medium,WHITE,ziyadnz/hourly-ipv4,ziyadnz|hourly,2026-08-17T18:48:05Z,2026-08-17T18:48:05Z,
121.196.156.122,ipv4,malicious-ip,medium,WHITE,ziyadnz/hourly-ipv4,ziyadnz|hourly,2026-08-17T18:48:05Z,2026-08-17T18:48:05Z,
121.196.157.119,ipv4,malicious-ip,medium,WHITE,ziyadnz/hourly-ipv4,ziyadnz|hourly,2026-08-17T18:48:05Z,2026-08-17T18:48:05Z,
121.196.211.131,ipv4,malicious-ip,medium,WHITE,ziyadnz/hourly-ipv4,ziyadnz|hourly,2026-08-17T18:48:05Z,2026-08-17T18:48:05Z,
121.196.227.86,ipv4,malicious-ip,medium,WHITE,ziyadnz/hourly-ipv4,ziyadnz|hourly,2026-08-17T18:48:05Z,2026-08-17T18:48:05Z,
121.196.232.102,ipv4,malicious-ip,medium,WHITE,ziyadnz/hourly-ipv4,ziyadnz|hourly,2026-08-17T18:48:05Z,2026-08-17T18:48:05Z,
121.196.27.240,ipv4,malicious-ip,medium,WHITE,ziyadnz/hourly-ipv4,ziyadnz|hourly,2026-08-17T18:48:05Z,2026-08-17T18:48:05Z,
121.196.55.134,ipv4,malicious-ip,medium,WHITE,ziyadnz/hourly-ipv4,ziyadnz|hourly,2026-08-17T18:48:05Z,2026-08-17T18:48:05Z,
121.197.0.121,ipv4,malicious-ip,medium,WHITE,ziyadnz/hourly-ipv4,ziyadnz|hourly,2026-08-17T18:48:05Z,2026-08-17T18:48:05Z,
121.197.0.214,ipv4,malicious-ip,medium,WHITE,ziyadnz/hourly-ipv4,ziyadnz|hourly,2026-08-17T18:48:05Z,2026-08-17T18:48:05Z,
121.197.10.34,ipv4,malicious-ip,medium,WHITE,ziyadnz/hourly-ipv4,ziyadnz|hourly,2026-08-17T18:48:05Z,2026-08-17T18:48:05Z,
121.197.13.176,ipv4,malicious-ip,medium,WHITE,ziyadnz/hourly-ipv4,ziyadnz|hourly,2026-08-17T18:48:05Z,2026-08-17T18:48:05Z,
121.197.14.82,ipv4,malicious-ip,medium,WHITE,ziyadnz/hourly-ipv4,ziyadnz|hourly,2026-08-17T18:48:05Z,2026-08-17T18:48:05Z,
121.197.3.121,ipv4,malicious-ip,medium,WHITE,ziyadnz/hourly-ipv4,ziyadnz|hourly,2026-08-17T18:48:05Z,2026-08-17T18:48:05Z,
121.199.160.207,ipv4,malicious-ip,medium,WHITE,ziyadnz/hourly-ipv4,ziyadnz|hourly,2026-08-17T18:48:05Z,2026-08-17T18:48:05Z,
121.199.163.206,ipv4,malicious-ip,medium,WHITE,ziyadnz/hourly-ipv4,ziyadnz|hourly,2026-08-17T18:48:05Z,2026-08-17T18:48:05Z,
121.199.163.92,ipv4,malicious-ip,medium,WHITE,ziyadnz/hourly-ipv4,ziyadnz|hourly,2026-08-17T18:48:05Z,2026-08-17T18:48:05Z,
121.199.164.113,ipv4,malicious-ip,medium,WHITE,ziyadnz/hourly-ipv4,ziyadnz|hourly,2026-08-17T18:48:05Z,2026-08-17T18:48:05Z,
121.199.169.27,ipv4,malicious-ip,medium,WHITE,ziyadnz/hourly-ipv4,ziyadnz|hourly,2026-08-17T18:48:05Z,2026-08-17T18:48:05Z,
121.199.34.107,ipv4,malicious-ip,medium,WHITE,ziyadnz/hourly-ipv4,ziyadnz|hourly,2026-08-17T18:48:05Z,2026-08-17T18:48:05Z,
121.199.61.96,ipv4,malicious-ip,medium,WHITE,ziyadnz/hourly-ipv4,ziyadnz|hourly,2026-08-17T18:48:05Z,2026-08-17T18:48:05Z,
121.199.65.87,ipv4,malicious-ip,medium,WHITE,ziyadnz/hourly-ipv4,ziyadnz|hourly,2026-08-17T18:48:05Z,2026-08-17T18:48:05Z,
121.200.49.221,ipv4,malicious-ip,medium,WHITE,ziyadnz/hourly-ipv4,ziyadnz|hourly,2026-08-17T18:48:05Z,2026-08-17T18:48:05Z,
121.200.50.52,ipv4,malicious-ip,medium,WHITE,ziyadnz/hourly-ipv4,ziyadnz|hourly,2026-08-17T18:48:05Z,2026-08-17T18:48:05Z,
121.200.52.82,ipv4,malicious-ip,medium,WHITE,ziyadnz/hourly-ipv4,ziyadnz|hourly,2026-08-17T18:48:05Z,2026-08-17T18:48:05Z,
121.200.54.19,ipv4,malicious-ip,medium,WHITE,ziyadnz/hourly-ipv4,ziyadnz|hourly,2026-08-17T18:48:05Z,2026-08-17T18:48:05Z,
121.202.205.173,ipv4,malicious-ip,medium,WHITE,ziyadnz/hourly-ipv4,ziyadnz|hourly,2026-08-17T18:48:05Z,2026-08-17T18:48:05Z,
121.202.213.247,ipv4,malicious-ip,medium,WHITE,ziyadnz/hourly-ipv4,ziyadnz|hourly,2026-08-17T18:48:05Z,2026-08-17T18:48:05Z,
121.204.153.162,ipv4,malicious-ip,medium,WHITE,ziyadnz/hourly-ipv4,ziyadnz|hourly,2026-08-17T18:48:05Z,2026-08-17T18:48:05Z,
121.204.159.53,ipv4,malicious-ip,medium,WHITE,ziyadnz/hourly-ipv4,ziyadnz|hourly,2026-08-17T18:48:05Z,2026-08-17T18:48:05Z,
121.204.208.117,ipv4,malicious-ip,medium,WHITE,ziyadnz/hourly-ipv4,ziyadnz|hourly,2026-08-17T18:48:05Z,2026-08-17T18:48:05Z,
121.204.249.123,ipv4,malicious-ip,medium,WHITE,ziyadnz/hourly-ipv4,ziyadnz|hourly,2026-08-17T18:48:05Z,2026-08-17T18:48:05Z,
121.206.97.131,ipv4,malicious-ip,medium,WHITE,ziyadnz/hourly-ipv4,ziyadnz|hourly,2026-08-17T18:48:05Z,2026-08-17T18:48:05Z,
121.21.85.146,ipv4,malicious-ip,medium,WHITE,ziyadnz/hourly-ipv4,ziyadnz|hourly,2026-08-17T18:48:05Z,2026-08-17T18:48:05Z,
121.212.64.134,ipv4,malicious-ip,medium,WHITE,ziyadnz/hourly-ipv4,ziyadnz|hourly,2026-08-17T18:48:05Z,2026-08-17T18:48:05Z,
121.22.32.254,ipv4,malicious-ip,medium,WHITE,ziyadnz/hourly-ipv4,ziyadnz|hourly,2026-08-17T18:48:05Z,2026-08-17T18:48:05Z,
121.224.5.228,ipv4,malicious-ip,medium,WHITE,ziyadnz/hourly-ipv4,ziyadnz|hourly,2026-08-17T18:48:05Z,2026-08-17T18:48:05Z,
121.224.6.11,ipv4,malicious-ip,medium,WHITE,ziyadnz/hourly-ipv4,ziyadnz|hourly,2026-08-17T18:48:05Z,2026-08-17T18:48:05Z,
121.226.76.86,ipv4,malicious-ip,medium,WHITE,ziyadnz/hourly-ipv4,ziyadnz|hourly,2026-08-17T18:48:05Z,2026-08-17T18:48:05Z,
121.227.31.82,ipv4,malicious-ip,medium,WHITE,ziyadnz/hourly-ipv4,ziyadnz|hourly,2026-08-17T18:48:05Z,2026-08-17T18:48:05Z,
121.227.63.3,ipv4,malicious-ip,medium,WHITE,ziyadnz/hourly-ipv4,ziyadnz|hourly,2026-08-17T18:48:05Z,2026-08-17T18:48:05Z,
121.227.75.229,ipv4,malicious-ip,medium,WHITE,ziyadnz/hourly-ipv4,ziyadnz|hourly,2026-08-17T18:48:05Z,2026-08-17T18:48:05Z,
121.228.250.70,ipv4,malicious-ip,medium,WHITE,ziyadnz/hourly-ipv4,ziyadnz|hourly,2026-08-17T18:48:05Z,2026-08-17T18:48:05Z,
121.228.43.8,ipv4,malicious-ip,medium,WHITE,ziyadnz/hourly-ipv4,ziyadnz|hourly,2026-08-17T18:48:05Z,2026-08-17T18:48:05Z,
121.229.107.184,ipv4,malicious-ip,medium,WHITE,ziyadnz/hourly-ipv4,ziyadnz|hourly,2026-08-17T18:48:05Z,2026-08-17T18:48:05Z,
121.229.191.90,ipv4,malicious-ip,medium,WHITE,ziyadnz/hourly-ipv4,ziyadnz|hourly,2026-08-17T18:48:05Z,2026-08-17T18:48:05Z,
121.229.202.143,ipv4,malicious-ip,medium,WHITE,ziyadnz/hourly-ipv4,ziyadnz|hourly,2026-08-17T18:48:05Z,2026-08-17T18:48:05Z,
121.229.205.104,ipv4,malicious-ip,medium,WHITE,ziyadnz/hourly-ipv4,ziyadnz|hourly,2026-08-17T18:48:05Z,2026-08-17T18:48:05Z,
121.229.210.188,ipv4,malicious-ip,medium,WHITE,ziyadnz/hourly-ipv4,ziyadnz|hourly,2026-08-17T18:48:05Z,2026-08-17T18:48:05Z,
121.229.38.239,ipv4,malicious-ip,medium,WHITE,ziyadnz/hourly-ipv4,ziyadnz|hourly,2026-08-17T18:48:05Z,2026-08-17T18:48:05Z,
121.229.40.225,ipv4,malicious-ip,medium,WHITE,ziyadnz/hourly-ipv4,ziyadnz|hourly,2026-08-17T18:48:05Z,2026-08-17T18:48:05Z,
121.229.98.120,ipv4,malicious-ip,medium,WHITE,ziyadnz/hourly-ipv4,ziyadnz|hourly,2026-08-17T18:48:05Z,2026-08-17T18:48:05Z,
121.229.98.52,ipv4,malicious-ip,medium,WHITE,ziyadnz/hourly-ipv4,ziyadnz|hourly,2026-08-17T18:48:05Z,2026-08-17T18:48:05Z,
121.233.134.14,ipv4,malicious-ip,medium,WHITE,ziyadnz/hourly-ipv4,ziyadnz|hourly,2026-08-17T18:48:05Z,2026-08-17T18:48:05Z,
121.233.134.194,ipv4,malicious-ip,medium,WHITE,ziyadnz/hourly-ipv4,ziyadnz|hourly,2026-08-17T18:48:05Z,2026-08-17T18:48:05Z,
121.233.134.32,ipv4,malicious-ip,medium,WHITE,ziyadnz/hourly-ipv4,ziyadnz|hourly,2026-08-17T18:48:05Z,2026-08-17T18:48:05Z,
121.233.135.212,ipv4,malicious-ip,medium,WHITE,ziyadnz/hourly-ipv4,ziyadnz|hourly,2026-08-17T18:48:05Z,2026-08-17T18:48:05Z,
121.233.135.240,ipv4,malicious-ip,medium,WHITE,ziyadnz/hourly-ipv4,ziyadnz|hourly,2026-08-17T18:48:05Z,2026-08-17T18:48:05Z,
121.236.122.151,ipv4,malicious-ip,medium,WHITE,ziyadnz/hourly-ipv4,ziyadnz|hourly,2026-08-17T18:48:05Z,2026-08-17T18:48:05Z,
121.236.2.74,ipv4,malicious-ip,medium,WHITE,ziyadnz/hourly-ipv4,ziyadnz|hourly,2026-08-17T18:48:05Z,2026-08-17T18:48:05Z,
121.237.10.113,ipv4,malicious-ip,medium,WHITE,ziyadnz/hourly-ipv4,ziyadnz|hourly,2026-08-17T18:48:05Z,2026-08-17T18:48:05Z,
121.237.10.135,ipv4,malicious-ip,medium,WHITE,ziyadnz/hourly-ipv4,ziyadnz|hourly,2026-08-17T18:48:05Z,2026-08-17T18:48:05Z,
121.237.10.247,ipv4,malicious-ip,medium,WHITE,ziyadnz/hourly-ipv4,ziyadnz|hourly,2026-08-17T18:48:05Z,2026-08-17T18:48:05Z,
121.237.11.135,ipv4,malicious-ip,medium,WHITE,ziyadnz/hourly-ipv4,ziyadnz|hourly,2026-08-17T18:48:05Z,2026-08-17T18:48:05Z,
121.237.180.222,ipv4,malicious-ip,medium,WHITE,ziyadnz/hourly-ipv4,ziyadnz|hourly,2026-08-17T18:48:05Z,2026-08-17T18:48:05Z,
121.237.80.241,ipv4,malicious-ip,medium,WHITE,ziyadnz/hourly-ipv4,ziyadnz|hourly,2026-08-17T18:48:05Z,2026-08-17T18:48:05Z,
121.24.110.142,ipv4,malicious-ip,medium,WHITE,ziyadnz/hourly-ipv4,ziyadnz|hourly,2026-08-17T18:48:05Z,2026-08-17T18:48:05Z,
121.24.186.34,ipv4,malicious-ip,medium,WHITE,ziyadnz/hourly-ipv4,ziyadnz|hourly,2026-08-17T18:48:05Z,2026-08-17T18:48:05Z,
121.24.54.83,ipv4,malicious-ip,medium,WHITE,ziyadnz/hourly-ipv4,ziyadnz|hourly,2026-08-17T18:48:05Z,2026-08-17T18:48:05Z,
121.24.59.122,ipv4,malicious-ip,medium,WHITE,ziyadnz/hourly-ipv4,ziyadnz|hourly,2026-08-17T18:48:05Z,2026-08-17T18:48:05Z,
121.25.211.108,ipv4,malicious-ip,medium,WHITE,ziyadnz/hourly-ipv4,ziyadnz|hourly,2026-08-17T18:48:05Z,2026-08-17T18:48:05Z,
121.26.29.66,ipv4,malicious-ip,medium,WHITE,ziyadnz/hourly-ipv4,ziyadnz|hourly,2026-08-17T18:48:05Z,2026-08-17T18:48:05Z,
121.27.248.226,ipv4,malicious-ip,medium,WHITE,ziyadnz/hourly-ipv4,ziyadnz|hourly,2026-08-17T18:48:05Z,2026-08-17T18:48:05Z,
121.28.170.66,ipv4,malicious-ip,medium,WHITE,ziyadnz/hourly-ipv4,ziyadnz|hourly,2026-08-17T18:48:05Z,2026-08-17T18:48:05Z,
121.28.77.178,ipv4,malicious-ip,medium,WHITE,ziyadnz/hourly-ipv4,ziyadnz|hourly,2026-08-17T18:48:05Z,2026-08-17T18:48:05Z,
121.29.149.117,ipv4,malicious-ip,medium,WHITE,ziyadnz/hourly-ipv4,ziyadnz|hourly,2026-08-17T18:48:05Z,2026-08-17T18:48:05Z,
121.29.149.144,ipv4,malicious-ip,medium,WHITE,ziyadnz/hourly-ipv4,ziyadnz|hourly,2026-08-17T18:48:05Z,2026-08-17T18:48:05Z,
121.29.149.155,ipv4,malicious-ip,medium,WHITE,ziyadnz/hourly-ipv4,ziyadnz|hourly,2026-08-17T18:48:05Z,2026-08-17T18:48:05Z,
121.29.149.167,ipv4,malicious-ip,medium,WHITE,ziyadnz/hourly-ipv4,ziyadnz|hourly,2026-08-17T18:48:05Z,2026-08-17T18:48:05Z,
121.29.149.178,ipv4,malicious-ip,medium,WHITE,ziyadnz/hourly-ipv4,ziyadnz|hourly,2026-08-17T18:48:05Z,2026-08-17T18:48:05Z,
121.29.149.198,ipv4,malicious-ip,medium,WHITE,ziyadnz/hourly-ipv4,ziyadnz|hourly,2026-08-17T18:48:05Z,2026-08-17T18:48:05Z,
121.29.149.20,ipv4,malicious-ip,medium,WHITE,ziyadnz/hourly-ipv4,ziyadnz|hourly,2026-08-17T18:48:05Z,2026-08-17T18:48:05Z,
121.29.149.200,ipv4,malicious-ip,medium,WHITE,ziyadnz/hourly-ipv4,ziyadnz|hourly,2026-08-17T18:48:05Z,2026-08-17T18:48:05Z,
121.29.149.204,ipv4,malicious-ip,medium,WHITE,ziyadnz/hourly-ipv4,ziyadnz|hourly,2026-08-17T18:48:05Z,2026-08-17T18:48:05Z,
121.29.149.207,ipv4,malicious-ip,medium,WHITE,ziyadnz/hourly-ipv4,ziyadnz|hourly,2026-08-17T18:48:05Z,2026-08-17T18:48:05Z,
121.29.149.211,ipv4,malicious-ip,medium,WHITE,ziyadnz/hourly-ipv4,ziyadnz|hourly,2026-08-17T18:48:05Z,2026-08-17T18:48:05Z,
121.29.149.218,ipv4,malicious-ip,medium,WHITE,ziyadnz/hourly-ipv4,ziyadnz|hourly,2026-08-17T18:48:05Z,2026-08-17T18:48:05Z,
121.29.149.22,ipv4,malicious-ip,medium,WHITE,ziyadnz/hourly-ipv4,ziyadnz|hourly,2026-08-17T18:48:05Z,2026-08-17T18:48:05Z,
121.29.149.220,ipv4,malicious-ip,medium,WHITE,ziyadnz/hourly-ipv4,ziyadnz|hourly,2026-08-17T18:48:05Z,2026-08-17T18:48:05Z,
121.29.149.231,ipv4,malicious-ip,medium,WHITE,ziyadnz/hourly-ipv4,ziyadnz|hourly,2026-08-17T18:48:05Z,2026-08-17T18:48:05Z,
121.29.149.232,ipv4,malicious-ip,medium,WHITE,ziyadnz/hourly-ipv4,ziyadnz|hourly,2026-08-17T18:48:05Z,2026-08-17T18:48:05Z,
121.29.149.244,ipv4,malicious-ip,medium,WHITE,ziyadnz/hourly-ipv4,ziyadnz|hourly,2026-08-17T18:48:05Z,2026-08-17T18:48:05Z,
121.29.149.252,ipv4,malicious-ip,medium,WHITE,ziyadnz/hourly-ipv4,ziyadnz|hourly,2026-08-17T18:48:05Z,2026-08-17T18:48:05Z,
121.29.149.28,ipv4,malicious-ip,medium,WHITE,ziyadnz/hourly-ipv4,ziyadnz|hourly,2026-08-17T18:48:05Z,2026-08-17T18:48:05Z,
121.29.149.34,ipv4,malicious-ip,medium,WHITE,ziyadnz/hourly-ipv4,ziyadnz|hourly,2026-08-17T18:48:05Z,2026-08-17T18:48:05Z,
121.29.149.49,ipv4,malicious-ip,medium,WHITE,ziyadnz/hourly-ipv4,ziyadnz|hourly,2026-08-17T18:48:05Z,2026-08-17T18:48:05Z,
121.29.149.50,ipv4,malicious-ip,medium,WHITE,ziyadnz/hourly-ipv4,ziyadnz|hourly,2026-08-17T18:48:05Z,2026-08-17T18:48:05Z,
121.29.149.66,ipv4,malicious-ip,medium,WHITE,ziyadnz/hourly-ipv4,ziyadnz|hourly,2026-08-17T18:48:05Z,2026-08-17T18:48:05Z,
121.29.149.8,ipv4,malicious-ip,medium,WHITE,ziyadnz/hourly-ipv4,ziyadnz|hourly,2026-08-17T18:48:05Z,2026-08-17T18:48:05Z,
121.29.149.80,ipv4,malicious-ip,medium,WHITE,ziyadnz/hourly-ipv4,ziyadnz|hourly,2026-08-17T18:48:05Z,2026-08-17T18:48:05Z,
121.29.149.88,ipv4,malicious-ip,medium,WHITE,ziyadnz/hourly-ipv4,ziyadnz|hourly,2026-08-17T18:48:05Z,2026-08-17T18:48:05Z,
121.29.4.0,ipv4,malicious-ip,medium,WHITE,ziyadnz/hourly-ipv4,ziyadnz|hourly,2026-08-17T18:48:05Z,2026-08-17T18:48:05Z,
121.29.4.103,ipv4,malicious-ip,medium,WHITE,ziyadnz/hourly-ipv4,ziyadnz|hourly,2026-08-17T18:48:05Z,2026-08-17T18:48:05Z,
121.29.4.251,ipv4,malicious-ip,medium,WHITE,ziyadnz/hourly-ipv4,ziyadnz|hourly,2026-08-17T18:48:05Z,2026-08-17T18:48:05Z,
121.29.4.46,ipv4,malicious-ip,medium,WHITE,ziyadnz/hourly-ipv4,ziyadnz|hourly,2026-08-17T18:48:05Z,2026-08-17T18:48:05Z,
121.29.4.74,ipv4,malicious-ip,medium,WHITE,ziyadnz/hourly-ipv4,ziyadnz|hourly,2026-08-17T18:48:05Z,2026-08-17T18:48:05Z,
121.29.4.79,ipv4,malicious-ip,medium,WHITE,ziyadnz/hourly-ipv4,ziyadnz|hourly,2026-08-17T18:48:05Z,2026-08-17T18:48:05Z,
121.29.4.80,ipv4,malicious-ip,medium,WHITE,ziyadnz/hourly-ipv4,ziyadnz|hourly,2026-08-17T18:48:05Z,2026-08-17T18:48:05Z,
121.29.4.85,ipv4,malicious-ip,medium,WHITE,ziyadnz/hourly-ipv4,ziyadnz|hourly,2026-08-17T18:48:05Z,2026-08-17T18:48:05Z,
121.29.84.103,ipv4,malicious-ip,medium,WHITE,ziyadnz/hourly-ipv4,ziyadnz|hourly,2026-08-17T18:48:05Z,2026-08-17T18:48:05Z,
121.29.84.125,ipv4,malicious-ip,medium,WHITE,ziyadnz/hourly-ipv4,ziyadnz|hourly,2026-08-17T18:48:05Z,2026-08-17T18:48:05Z,
121.29.84.15,ipv4,malicious-ip,medium,WHITE,ziyadnz/hourly-ipv4,ziyadnz|hourly,2026-08-17T18:48:05Z,2026-08-17T18:48:05Z,
121.29.84.162,ipv4,malicious-ip,medium,WHITE,ziyadnz/hourly-ipv4,ziyadnz|hourly,2026-08-17T18:48:05Z,2026-08-17T18:48:05Z,
121.29.84.165,ipv4,malicious-ip,medium,WHITE,ziyadnz/hourly-ipv4,ziyadnz|hourly,2026-08-17T18:48:05Z,2026-08-17T18:48:05Z,
121.29.84.2,ipv4,malicious-ip,medium,WHITE,ziyadnz/hourly-ipv4,ziyadnz|hourly,2026-08-17T18:48:05Z,2026-08-17T18:48:05Z,
121.29.84.216,ipv4,malicious-ip,medium,WHITE,ziyadnz/hourly-ipv4,ziyadnz|hourly,2026-08-17T18:48:05Z,2026-08-17T18:48:05Z,
121.29.84.28,ipv4,malicious-ip,medium,WHITE,ziyadnz/hourly-ipv4,ziyadnz|hourly,2026-08-17T18:48:05Z,2026-08-17T18:48:05Z,
121.29.84.57,ipv4,malicious-ip,medium,WHITE,ziyadnz/hourly-ipv4,ziyadnz|hourly,2026-08-17T18:48:05Z,2026-08-17T18:48:05Z,
121.29.84.6,ipv4,malicious-ip,medium,WHITE,ziyadnz/hourly-ipv4,ziyadnz|hourly,2026-08-17T18:48:05Z,2026-08-17T18:48:05Z,
121.29.84.62,ipv4,malicious-ip,medium,WHITE,ziyadnz/hourly-ipv4,ziyadnz|hourly,2026-08-17T18:48:05Z,2026-08-17T18:48:05Z,
121.29.84.71,ipv4,malicious-ip,medium,WHITE,ziyadnz/hourly-ipv4,ziyadnz|hourly,2026-08-17T18:48:05Z,2026-08-17T18:48:05Z,
121.29.84.8,ipv4,malicious-ip,medium,WHITE,ziyadnz/hourly-ipv4,ziyadnz|hourly,2026-08-17T18:48:05Z,2026-08-17T18:48:05Z,
121.29.84.84,ipv4,malicious-ip,medium,WHITE,ziyadnz/hourly-ipv4,ziyadnz|hourly,2026-08-17T18:48:05Z,2026-08-17T18:48:05Z,
121.29.84.98,ipv4,malicious-ip,medium,WHITE,ziyadnz/hourly-ipv4,ziyadnz|hourly,2026-08-17T18:48:05Z,2026-08-17T18:48:05Z,
121.29.85.139,ipv4,malicious-ip,medium,WHITE,ziyadnz/hourly-ipv4,ziyadnz|hourly,2026-08-17T18:48:05Z,2026-08-17T18:48:05Z,
121.29.85.48,ipv4,malicious-ip,medium,WHITE,ziyadnz/hourly-ipv4,ziyadnz|hourly,2026-08-17T18:48:05Z,2026-08-17T18:48:05Z,
121.29.89.152,ipv4,malicious-ip,medium,WHITE,ziyadnz/hourly-ipv4,ziyadnz|hourly,2026-08-17T18:48:05Z,2026-08-17T18:48:05Z,
121.32.49.226,ipv4,malicious-ip,medium,WHITE,ziyadnz/hourly-ipv4,ziyadnz|hourly,2026-08-17T18:48:05Z,2026-08-17T18:48:05Z,
121.33.232.133,ipv4,malicious-ip,medium,WHITE,ziyadnz/hourly-ipv4,ziyadnz|hourly,2026-08-17T18:48:05Z,2026-08-17T18:48:05Z,
121.36.216.26,ipv4,malicious-ip,medium,WHITE,ziyadnz/hourly-ipv4,ziyadnz|hourly,2026-08-17T18:48:05Z,2026-08-17T18:48:05Z,
121.36.255.113,ipv4,malicious-ip,medium,WHITE,ziyadnz/hourly-ipv4,ziyadnz|hourly,2026-08-17T18:48:05Z,2026-08-17T18:48:05Z,
121.37.156.93,ipv4,malicious-ip,medium,WHITE,ziyadnz/hourly-ipv4,ziyadnz|hourly,2026-08-17T18:48:05Z,2026-08-17T18:48:05Z,
121.4.120.92,ipv4,malicious-ip,medium,WHITE,ziyadnz/hourly-ipv4,ziyadnz|hourly,2026-08-17T18:48:05Z,2026-08-17T18:48:05Z,
121.40.103.170,ipv4,malicious-ip,medium,WHITE,ziyadnz/hourly-ipv4,ziyadnz|hourly,2026-08-17T18:48:05Z,2026-08-17T18:48:05Z,
121.40.126.115,ipv4,malicious-ip,medium,WHITE,ziyadnz/hourly-ipv4,ziyadnz|hourly,2026-08-17T18:48:05Z,2026-08-17T18:48:05Z,
121.40.131.152,ipv4,malicious-ip,medium,WHITE,ziyadnz/hourly-ipv4,ziyadnz|hourly,2026-08-17T18:48:05Z,2026-08-17T18:48:05Z,
121.40.150.190,ipv4,malicious-ip,medium,WHITE,ziyadnz/hourly-ipv4,ziyadnz|hourly,2026-08-17T18:48:05Z,2026-08-17T18:48:05Z,
121.40.151.192,ipv4,malicious-ip,medium,WHITE,ziyadnz/hourly-ipv4,ziyadnz|hourly,2026-08-17T18:48:05Z,2026-08-17T18:48:05Z,
121.40.169.125,ipv4,malicious-ip,medium,WHITE,ziyadnz/hourly-ipv4,ziyadnz|hourly,2026-08-17T18:48:05Z,2026-08-17T18:48:05Z,
121.40.175.200,ipv4,malicious-ip,medium,WHITE,ziyadnz/hourly-ipv4,ziyadnz|hourly,2026-08-17T18:48:05Z,2026-08-17T18:48:05Z,
121.40.20.65,ipv4,malicious-ip,medium,WHITE,ziyadnz/hourly-ipv4,ziyadnz|hourly,2026-08-17T18:48:05Z,2026-08-17T18:48:05Z,
121.40.210.192,ipv4,malicious-ip,medium,WHITE,ziyadnz/hourly-ipv4,ziyadnz|hourly,2026-08-17T18:48:05Z,2026-08-17T18:48:05Z,
121.40.213.179,ipv4,malicious-ip,medium,WHITE,ziyadnz/hourly-ipv4,ziyadnz|hourly,2026-08-17T18:48:05Z,2026-08-17T18:48:05Z,
121.40.218.238,ipv4,malicious-ip,medium,WHITE,ziyadnz/hourly-ipv4,ziyadnz|hourly,2026-08-17T18:48:05Z,2026-08-17T18:48:05Z,
121.40.231.19,ipv4,malicious-ip,medium,WHITE,ziyadnz/hourly-ipv4,ziyadnz|hourly,2026-08-17T18:48:05Z,2026-08-17T18:48:05Z,
121.40.35.205,ipv4,malicious-ip,medium,WHITE,ziyadnz/hourly-ipv4,ziyadnz|hourly,2026-08-17T18:48:05Z,2026-08-17T18:48:05Z,
121.40.40.250,ipv4,malicious-ip,medium,WHITE,ziyadnz/hourly-ipv4,ziyadnz|hourly,2026-08-17T18:48:05Z,2026-08-17T18:48:05Z,
121.40.40.84,ipv4,malicious-ip,medium,WHITE,ziyadnz/hourly-ipv4,ziyadnz|hourly,2026-08-17T18:48:05Z,2026-08-17T18:48:05Z,
121.40.42.124,ipv4,malicious-ip,medium,WHITE,ziyadnz/hourly-ipv4,ziyadnz|hourly,2026-08-17T18:48:05Z,2026-08-17T18:48:05Z,
121.40.42.83,ipv4,malicious-ip,medium,WHITE,ziyadnz/hourly-ipv4,ziyadnz|hourly,2026-08-17T18:48:05Z,2026-08-17T18:48:05Z,
121.40.45.87,ipv4,malicious-ip,medium,WHITE,ziyadnz/hourly-ipv4,ziyadnz|hourly,2026-08-17T18:48:05Z,2026-08-17T18:48:05Z,
121.40.46.35,ipv4,malicious-ip,medium,WHITE,ziyadnz/hourly-ipv4,ziyadnz|hourly,2026-08-17T18:48:05Z,2026-08-17T18:48:05Z,
121.40.47.190,ipv4,malicious-ip,medium,WHITE,ziyadnz/hourly-ipv4,ziyadnz|hourly,2026-08-17T18:48:05Z,2026-08-17T18:48:05Z,
121.40.47.199,ipv4,malicious-ip,medium,WHITE,ziyadnz/hourly-ipv4,ziyadnz|hourly,2026-08-17T18:48:05Z,2026-08-17T18:48:05Z,
121.40.50.132,ipv4,malicious-ip,medium,WHITE,ziyadnz/hourly-ipv4,ziyadnz|hourly,2026-08-17T18:48:05Z,2026-08-17T18:48:05Z,
121.40.60.155,ipv4,malicious-ip,medium,WHITE,ziyadnz/hourly-ipv4,ziyadnz|hourly,2026-08-17T18:48:05Z,2026-08-17T18:48:05Z,
121.40.83.89,ipv4,malicious-ip,medium,WHITE,ziyadnz/hourly-ipv4,ziyadnz|hourly,2026-08-17T18:48:05Z,2026-08-17T18:48:05Z,
121.40.84.38,ipv4,malicious-ip,medium,WHITE,ziyadnz/hourly-ipv4,ziyadnz|hourly,2026-08-17T18:48:05Z,2026-08-17T18:48:05Z,
121.41.109.48,ipv4,malicious-ip,medium,WHITE,ziyadnz/hourly-ipv4,ziyadnz|hourly,2026-08-17T18:48:05Z,2026-08-17T18:48:05Z,
121.41.116.31,ipv4,malicious-ip,medium,WHITE,ziyadnz/hourly-ipv4,ziyadnz|hourly,2026-08-17T18:48:05Z,2026-08-17T18:48:05Z,
121.41.119.186,ipv4,malicious-ip,medium,WHITE,ziyadnz/hourly-ipv4,ziyadnz|hourly,2026-08-17T18:48:05Z,2026-08-17T18:48:05Z,
121.41.165.219,ipv4,malicious-ip,medium,WHITE,ziyadnz/hourly-ipv4,ziyadnz|hourly,2026-08-17T18:48:05Z,2026-08-17T18:48:05Z,
121.41.166.63,ipv4,malicious-ip,medium,WHITE,ziyadnz/hourly-ipv4,ziyadnz|hourly,2026-08-17T18:48:05Z,2026-08-17T18:48:05Z,
121.41.167.149,ipv4,malicious-ip,medium,WHITE,ziyadnz/hourly-ipv4,ziyadnz|hourly,2026-08-17T18:48:05Z,2026-08-17T18:48:05Z,
121.41.167.197,ipv4,malicious-ip,medium,WHITE,ziyadnz/hourly-ipv4,ziyadnz|hourly,2026-08-17T18:48:05Z,2026-08-17T18:48:05Z,
121.41.167.40,ipv4,malicious-ip,medium,WHITE,ziyadnz/hourly-ipv4,ziyadnz|hourly,2026-08-17T18:48:05Z,2026-08-17T18:48:05Z,
121.41.197.192,ipv4,malicious-ip,medium,WHITE,ziyadnz/hourly-ipv4,ziyadnz|hourly,2026-08-17T18:48:05Z,2026-08-17T18:48:05Z,
121.41.226.198,ipv4,malicious-ip,medium,WHITE,ziyadnz/hourly-ipv4,ziyadnz|hourly,2026-08-17T18:48:05Z,2026-08-17T18:48:05Z,
121.41.237.67,ipv4,malicious-ip,medium,WHITE,ziyadnz/hourly-ipv4,ziyadnz|hourly,2026-08-17T18:48:05Z,2026-08-17T18:48:05Z,
121.41.26.127,ipv4,malicious-ip,medium,WHITE,ziyadnz/hourly-ipv4,ziyadnz|hourly,2026-08-17T18:48:05Z,2026-08-17T18:48:05Z,
121.41.35.65,ipv4,malicious-ip,medium,WHITE,ziyadnz/hourly-ipv4,ziyadnz|hourly,2026-08-17T18:48:05Z,2026-08-17T18:48:05Z,
121.41.38.189,ipv4,malicious-ip,medium,WHITE,ziyadnz/hourly-ipv4,ziyadnz|hourly,2026-08-17T18:48:05Z,2026-08-17T18:48:05Z,
121.41.76.54,ipv4,malicious-ip,medium,WHITE,ziyadnz/hourly-ipv4,ziyadnz|hourly,2026-08-17T18:48:05Z,2026-08-17T18:48:05Z,
121.41.81.216,ipv4,malicious-ip,medium,WHITE,ziyadnz/hourly-ipv4,ziyadnz|hourly,2026-08-17T18:48:05Z,2026-08-17T18:48:05Z,
121.41.97.232,ipv4,malicious-ip,medium,WHITE,ziyadnz/hourly-ipv4,ziyadnz|hourly,2026-08-17T18:48:05Z,2026-08-17T18:48:05Z,
121.42.150.233,ipv4,malicious-ip,medium,WHITE,ziyadnz/hourly-ipv4,ziyadnz|hourly,2026-08-17T18:48:05Z,2026-08-17T18:48:05Z,
121.43.116.201,ipv4,malicious-ip,medium,WHITE,ziyadnz/hourly-ipv4,ziyadnz|hourly,2026-08-17T18:48:05Z,2026-08-17T18:48:05Z,
121.43.116.44,ipv4,malicious-ip,medium,WHITE,ziyadnz/hourly-ipv4,ziyadnz|hourly,2026-08-17T18:48:05Z,2026-08-17T18:48:05Z,
121.43.116.87,ipv4,malicious-ip,medium,WHITE,ziyadnz/hourly-ipv4,ziyadnz|hourly,2026-08-17T18:48:05Z,2026-08-17T18:48:05Z,
121.43.117.198,ipv4,malicious-ip,medium,WHITE,ziyadnz/hourly-ipv4,ziyadnz|hourly,2026-08-17T18:48:05Z,2026-08-17T18:48:05Z,
121.43.117.31,ipv4,malicious-ip,medium,WHITE,ziyadnz/hourly-ipv4,ziyadnz|hourly,2026-08-17T18:48:05Z,2026-08-17T18:48:05Z,
121.43.118.240,ipv4,malicious-ip,medium,WHITE,ziyadnz/hourly-ipv4,ziyadnz|hourly,2026-08-17T18:48:05Z,2026-08-17T18:48:05Z,
121.43.119.2,ipv4,malicious-ip,medium,WHITE,ziyadnz/hourly-ipv4,ziyadnz|hourly,2026-08-17T18:48:05Z,2026-08-17T18:48:05Z,
121.43.134.4,ipv4,malicious-ip,medium,WHITE,ziyadnz/hourly-ipv4,ziyadnz|hourly,2026-08-17T18:48:05Z,2026-08-17T18:48:05Z,
121.43.145.219,ipv4,malicious-ip,medium,WHITE,ziyadnz/hourly-ipv4,ziyadnz|hourly,2026-08-17T18:48:05Z,2026-08-17T18:48:05Z,
121.43.145.58,ipv4,malicious-ip,medium,WHITE,ziyadnz/hourly-ipv4,ziyadnz|hourly,2026-08-17T18:48:05Z,2026-08-17T18:48:05Z,
121.43.178.245,ipv4,malicious-ip,medium,WHITE,ziyadnz/hourly-ipv4,ziyadnz|hourly,2026-08-17T18:48:05Z,2026-08-17T18:48:05Z,
121.43.230.7,ipv4,malicious-ip,medium,WHITE,ziyadnz/hourly-ipv4,ziyadnz|hourly,2026-08-17T18:48:05Z,2026-08-17T18:48:05Z,
121.43.245.177,ipv4,malicious-ip,medium,WHITE,ziyadnz/hourly-ipv4,ziyadnz|hourly,2026-08-17T18:48:05Z,2026-08-17T18:48:05Z,
121.43.55.31,ipv4,malicious-ip,medium,WHITE,ziyadnz/hourly-ipv4,ziyadnz|hourly,2026-08-17T18:48:05Z,2026-08-17T18:48:05Z,
121.43.56.81,ipv4,malicious-ip,medium,WHITE,ziyadnz/hourly-ipv4,ziyadnz|hourly,2026-08-17T18:48:05Z,2026-08-17T18:48:05Z,
121.43.75.36,ipv4,malicious-ip,medium,WHITE,ziyadnz/hourly-ipv4,ziyadnz|hourly,2026-08-17T18:48:05Z,2026-08-17T18:48:05Z,
121.43.96.49,ipv4,malicious-ip,medium,WHITE,ziyadnz/hourly-ipv4,ziyadnz|hourly,2026-08-17T18:48:05Z,2026-08-17T18:48:05Z,
121.45.168.5,ipv4,malicious-ip,medium,WHITE,ziyadnz/hourly-ipv4,ziyadnz|hourly,2026-08-17T18:48:05Z,2026-08-17T18:48:05Z,
121.46.230.127,ipv4,malicious-ip,medium,WHITE,ziyadnz/hourly-ipv4,ziyadnz|hourly,2026-08-17T18:48:05Z,2026-08-17T18:48:05Z,
121.46.231.41,ipv4,malicious-ip,medium,WHITE,ziyadnz/hourly-ipv4,ziyadnz|hourly,2026-08-17T18:48:05Z,2026-08-17T18:48:05Z,
121.46.71.57,ipv4,malicious-ip,medium,WHITE,ziyadnz/hourly-ipv4,ziyadnz|hourly,2026-08-17T18:48:05Z,2026-08-17T18:48:05Z,
121.5.144.77,ipv4,malicious-ip,medium,WHITE,ziyadnz/hourly-ipv4,ziyadnz|hourly,2026-08-17T18:48:05Z,2026-08-17T18:48:05Z,
121.52.147.5,ipv4,malicious-ip,medium,WHITE,ziyadnz/hourly-ipv4,ziyadnz|hourly,2026-08-17T18:48:05Z,2026-08-17T18:48:05Z,
121.52.157.100,ipv4,malicious-ip,medium,WHITE,ziyadnz/hourly-ipv4,ziyadnz|hourly,2026-08-17T18:48:05Z,2026-08-17T18:48:05Z,
121.52.158.248,ipv4,malicious-ip,medium,WHITE,ziyadnz/hourly-ipv4,ziyadnz|hourly,2026-08-17T18:48:05Z,2026-08-17T18:48:05Z,
121.56.214.235,ipv4,malicious-ip,medium,WHITE,ziyadnz/hourly-ipv4,ziyadnz|hourly,2026-08-17T18:48:05Z,2026-08-17T18:48:05Z,
121.56.226.111,ipv4,malicious-ip,medium,WHITE,ziyadnz/hourly-ipv4,ziyadnz|hourly,2026-08-17T18:48:05Z,2026-08-17T18:48:05Z,
121.57.151.110,ipv4,malicious-ip,medium,WHITE,ziyadnz/hourly-ipv4,ziyadnz|hourly,2026-08-17T18:48:05Z,2026-08-17T18:48:05Z,
121.57.182.199,ipv4,malicious-ip,medium,WHITE,ziyadnz/hourly-ipv4,ziyadnz|hourly,2026-08-17T18:48:05Z,2026-08-17T18:48:05Z,
121.57.212.214,ipv4,malicious-ip,medium,WHITE,ziyadnz/hourly-ipv4,ziyadnz|hourly,2026-08-17T18:48:05Z,2026-08-17T18:48:05Z,
121.57.226.94,ipv4,malicious-ip,medium,WHITE,ziyadnz/hourly-ipv4,ziyadnz|hourly,2026-08-17T18:48:05Z,2026-08-17T18:48:05Z,
121.57.31.48,ipv4,malicious-ip,medium,WHITE,ziyadnz/hourly-ipv4,ziyadnz|hourly,2026-08-17T18:48:05Z,2026-08-17T18:48:05Z,
121.57.71.211,ipv4,malicious-ip,medium,WHITE,ziyadnz/hourly-ipv4,ziyadnz|hourly,2026-08-17T18:48:05Z,2026-08-17T18:48:05Z,
121.6.119.221,ipv4,malicious-ip,medium,WHITE,ziyadnz/hourly-ipv4,ziyadnz|hourly,2026-08-17T18:48:05Z,2026-08-17T18:48:05Z,
121.61.1.192,ipv4,malicious-ip,medium,WHITE,ziyadnz/hourly-ipv4,ziyadnz|hourly,2026-08-17T18:48:05Z,2026-08-17T18:48:05Z,
121.61.128.34,ipv4,malicious-ip,medium,WHITE,ziyadnz/hourly-ipv4,ziyadnz|hourly,2026-08-17T18:48:05Z,2026-08-17T18:48:05Z,
121.61.129.166,ipv4,malicious-ip,medium,WHITE,ziyadnz/hourly-ipv4,ziyadnz|hourly,2026-08-17T18:48:05Z,2026-08-17T18:48:05Z,
121.61.129.23,ipv4,malicious-ip,medium,WHITE,ziyadnz/hourly-ipv4,ziyadnz|hourly,2026-08-17T18:48:05Z,2026-08-17T18:48:05Z,
121.61.131.144,ipv4,malicious-ip,medium,WHITE,ziyadnz/hourly-ipv4,ziyadnz|hourly,2026-08-17T18:48:05Z,2026-08-17T18:48:05Z,
121.61.132.165,ipv4,malicious-ip,medium,WHITE,ziyadnz/hourly-ipv4,ziyadnz|hourly,2026-08-17T18:48:05Z,2026-08-17T18:48:05Z,
121.61.133.64,ipv4,malicious-ip,medium,WHITE,ziyadnz/hourly-ipv4,ziyadnz|hourly,2026-08-17T18:48:05Z,2026-08-17T18:48:05Z,
121.61.134.145,ipv4,malicious-ip,medium,WHITE,ziyadnz/hourly-ipv4,ziyadnz|hourly,2026-08-17T18:48:05Z,2026-08-17T18:48:05Z,
121.61.134.212,ipv4,malicious-ip,medium,WHITE,ziyadnz/hourly-ipv4,ziyadnz|hourly,2026-08-17T18:48:05Z,2026-08-17T18:48:05Z,
121.61.141.90,ipv4,malicious-ip,medium,WHITE,ziyadnz/hourly-ipv4,ziyadnz|hourly,2026-08-17T18:48:05Z,2026-08-17T18:48:05Z,
121.61.147.65,ipv4,malicious-ip,medium,WHITE,ziyadnz/hourly-ipv4,ziyadnz|hourly,2026-08-17T18:48:05Z,2026-08-17T18:48:05Z,
121.61.159.232,ipv4,malicious-ip,medium,WHITE,ziyadnz/hourly-ipv4,ziyadnz|hourly,2026-08-17T18:48:05Z,2026-08-17T18:48:05Z,
121.61.161.219,ipv4,malicious-ip,medium,WHITE,ziyadnz/hourly-ipv4,ziyadnz|hourly,2026-08-17T18:48:05Z,2026-08-17T18:48:05Z,
121.61.162.81,ipv4,malicious-ip,medium,WHITE,ziyadnz/hourly-ipv4,ziyadnz|hourly,2026-08-17T18:48:05Z,2026-08-17T18:48:05Z,
121.61.190.188,ipv4,malicious-ip,medium,WHITE,ziyadnz/hourly-ipv4,ziyadnz|hourly,2026-08-17T18:48:05Z,2026-08-17T18:48:05Z,
121.61.198.147,ipv4,malicious-ip,medium,WHITE,ziyadnz/hourly-ipv4,ziyadnz|hourly,2026-08-17T18:48:05Z,2026-08-17T18:48:05Z,
121.61.201.196,ipv4,malicious-ip,medium,WHITE,ziyadnz/hourly-ipv4,ziyadnz|hourly,2026-08-17T18:48:05Z,2026-08-17T18:48:05Z,
121.61.227.64,ipv4,malicious-ip,medium,WHITE,ziyadnz/hourly-ipv4,ziyadnz|hourly,2026-08-17T18:48:05Z,2026-08-17T18:48:05Z,
121.61.27.44,ipv4,malicious-ip,medium,WHITE,ziyadnz/hourly-ipv4,ziyadnz|hourly,2026-08-17T18:48:05Z,2026-08-17T18:48:05Z,
121.61.28.19,ipv4,malicious-ip,medium,WHITE,ziyadnz/hourly-ipv4,ziyadnz|hourly,2026-08-17T18:48:05Z,2026-08-17T18:48:05Z,
121.61.48.122,ipv4,malicious-ip,medium,WHITE,ziyadnz/hourly-ipv4,ziyadnz|hourly,2026-08-17T18:48:05Z,2026-08-17T18:48:05Z,
121.61.49.235,ipv4,malicious-ip,medium,WHITE,ziyadnz/hourly-ipv4,ziyadnz|hourly,2026-08-17T18:48:05Z,2026-08-17T18:48:05Z,
121.61.68.89,ipv4,malicious-ip,medium,WHITE,ziyadnz/hourly-ipv4,ziyadnz|hourly,2026-08-17T18:48:05Z,2026-08-17T18:48:05Z,
121.61.82.76,ipv4,malicious-ip,medium,WHITE,ziyadnz/hourly-ipv4,ziyadnz|hourly,2026-08-17T18:48:05Z,2026-08-17T18:48:05Z,
121.61.88.31,ipv4,malicious-ip,medium,WHITE,ziyadnz/hourly-ipv4,ziyadnz|hourly,2026-08-17T18:48:05Z,2026-08-17T18:48:05Z,
121.62.170.227,ipv4,malicious-ip,medium,WHITE,ziyadnz/hourly-ipv4,ziyadnz|hourly,2026-08-17T18:48:05Z,2026-08-17T18:48:05Z,
121.62.62.249,ipv4,malicious-ip,medium,WHITE,ziyadnz/hourly-ipv4,ziyadnz|hourly,2026-08-17T18:48:05Z,2026-08-17T18:48:05Z,
121.63.16.9,ipv4,malicious-ip,medium,WHITE,ziyadnz/hourly-ipv4,ziyadnz|hourly,2026-08-17T18:48:05Z,2026-08-17T18:48:05Z,
121.63.186.228,ipv4,malicious-ip,medium,WHITE,ziyadnz/hourly-ipv4,ziyadnz|hourly,2026-08-17T18:48:05Z,2026-08-17T18:48:05Z,
121.63.187.108,ipv4,malicious-ip,medium,WHITE,ziyadnz/hourly-ipv4,ziyadnz|hourly,2026-08-17T18:48:05Z,2026-08-17T18:48:05Z,
121.63.218.238,ipv4,malicious-ip,medium,WHITE,ziyadnz/hourly-ipv4,ziyadnz|hourly,2026-08-17T18:48:05Z,2026-08-17T18:48:05Z,
121.63.233.207,ipv4,malicious-ip,medium,WHITE,ziyadnz/hourly-ipv4,ziyadnz|hourly,2026-08-17T18:48:05Z,2026-08-17T18:48:05Z,
121.63.240.109,ipv4,malicious-ip,medium,WHITE,ziyadnz/hourly-ipv4,ziyadnz|hourly,2026-08-17T18:48:05Z,2026-08-17T18:48:05Z,
121.63.55.125,ipv4,malicious-ip,medium,WHITE,ziyadnz/hourly-ipv4,ziyadnz|hourly,2026-08-17T18:48:05Z,2026-08-17T18:48:05Z,
121.66.124.146,ipv4,malicious-ip,medium,WHITE,ziyadnz/hourly-ipv4,ziyadnz|hourly,2026-08-17T18:48:05Z,2026-08-17T18:48:05Z,
121.66.124.147,ipv4,malicious-ip,medium,WHITE,ziyadnz/hourly-ipv4,ziyadnz|hourly,2026-08-17T18:48:05Z,2026-08-17T18:48:05Z,
121.66.236.9,ipv4,malicious-ip,medium,WHITE,ziyadnz/hourly-ipv4,ziyadnz|hourly,2026-08-17T18:48:05Z,2026-08-17T18:48:05Z,
121.66.32.26,ipv4,malicious-ip,medium,WHITE,ziyadnz/hourly-ipv4,ziyadnz|hourly,2026-08-17T18:48:05Z,2026-08-17T18:48:05Z,
121.66.63.186,ipv4,malicious-ip,medium,WHITE,ziyadnz/hourly-ipv4,ziyadnz|hourly,2026-08-17T18:48:05Z,2026-08-17T18:48:05Z,
121.7.104.47,ipv4,malicious-ip,medium,WHITE,ziyadnz/hourly-ipv4,ziyadnz|hourly,2026-08-17T18:48:05Z,2026-08-17T18:48:05Z,
121.7.223.45,ipv4,malicious-ip,medium,WHITE,ziyadnz/hourly-ipv4,ziyadnz|hourly,2026-08-17T18:48:05Z,2026-08-17T18:48:05Z,
121.73.163.174,ipv4,malicious-ip,medium,WHITE,ziyadnz/hourly-ipv4,ziyadnz|hourly,2026-08-17T18:48:05Z,2026-08-17T18:48:05Z,
121.73.169.18,ipv4,malicious-ip,medium,WHITE,ziyadnz/hourly-ipv4,ziyadnz|hourly,2026-08-17T18:48:05Z,2026-08-17T18:48:05Z,
121.74.182.236,ipv4,malicious-ip,medium,WHITE,ziyadnz/hourly-ipv4,ziyadnz|hourly,2026-08-17T18:48:05Z,2026-08-17T18:48:05Z,
121.78.124.7,ipv4,malicious-ip,medium,WHITE,ziyadnz/hourly-ipv4,ziyadnz|hourly,2026-08-17T18:48:05Z,2026-08-17T18:48:05Z,
121.78.147.213,ipv4,malicious-ip,medium,WHITE,ziyadnz/hourly-ipv4,ziyadnz|hourly,2026-08-17T18:48:05Z,2026-08-17T18:48:05Z,
121.78.158.30,ipv4,malicious-ip,medium,WHITE,ziyadnz/hourly-ipv4,ziyadnz|hourly,2026-08-17T18:48:05Z,2026-08-17T18:48:05Z,
121.78.158.71,ipv4,malicious-ip,medium,WHITE,ziyadnz/hourly-ipv4,ziyadnz|hourly,2026-08-17T18:48:05Z,2026-08-17T18:48:05Z,
121.86.221.19,ipv4,malicious-ip,medium,WHITE,ziyadnz/hourly-ipv4,ziyadnz|hourly,2026-08-17T18:48:05Z,2026-08-17T18:48:05Z,
121.89.81.103,ipv4,malicious-ip,medium,WHITE,ziyadnz/hourly-ipv4,ziyadnz|hourly,2026-08-17T18:48:05Z,2026-08-17T18:48:05Z,
121.89.82.2,ipv4,malicious-ip,medium,WHITE,ziyadnz/hourly-ipv4,ziyadnz|hourly,2026-08-17T18:48:05Z,2026-08-17T18:48:05Z,
121.89.86.241,ipv4,malicious-ip,medium,WHITE,ziyadnz/hourly-ipv4,ziyadnz|hourly,2026-08-17T18:48:05Z,2026-08-17T18:48:05Z,
121.89.91.83,ipv4,malicious-ip,medium,WHITE,ziyadnz/hourly-ipv4,ziyadnz|hourly,2026-08-17T18:48:05Z,2026-08-17T18:48:05Z,
121.89.94.161,ipv4,malicious-ip,medium,WHITE,ziyadnz/hourly-ipv4,ziyadnz|hourly,2026-08-17T18:48:05Z,2026-08-17T18:48:05Z,
121.92.21.139,ipv4,malicious-ip,medium,WHITE,ziyadnz/hourly-ipv4,ziyadnz|hourly,2026-08-17T18:48:05Z,2026-08-17T18:48:05Z,
122.0.52.190,ipv4,malicious-ip,medium,WHITE,ziyadnz/hourly-ipv4,ziyadnz|hourly,2026-08-17T18:48:05Z,2026-08-17T18:48:05Z,
122.10.115.18,ipv4,malicious-ip,medium,WHITE,ziyadnz/hourly-ipv4,ziyadnz|hourly,2026-08-17T18:48:05Z,2026-08-17T18:48:05Z,
122.10.118.125,ipv4,malicious-ip,medium,WHITE,ziyadnz/hourly-ipv4,ziyadnz|hourly,2026-08-17T18:48:05Z,2026-08-17T18:48:05Z,
122.10.91.36,ipv4,malicious-ip,medium,WHITE,ziyadnz/hourly-ipv4,ziyadnz|hourly,2026-08-17T18:48:05Z,2026-08-17T18:48:05Z,
122.10.97.54,ipv4,malicious-ip,medium,WHITE,ziyadnz/hourly-ipv4,ziyadnz|hourly,2026-08-17T18:48:05Z,2026-08-17T18:48:05Z,
122.100.82.237,ipv4,malicious-ip,medium,WHITE,ziyadnz/hourly-ipv4,ziyadnz|hourly,2026-08-17T18:48:05Z,2026-08-17T18:48:05Z,
122.102.25.97,ipv4,malicious-ip,medium,WHITE,ziyadnz/hourly-ipv4,ziyadnz|hourly,2026-08-17T18:48:05Z,2026-08-17T18:48:05Z,
122.112.202.187,ipv4,malicious-ip,medium,WHITE,ziyadnz/hourly-ipv4,ziyadnz|hourly,2026-08-17T18:48:05Z,2026-08-17T18:48:05Z,
122.112.246.170,ipv4,malicious-ip,medium,WHITE,ziyadnz/hourly-ipv4,ziyadnz|hourly,2026-08-17T18:48:05Z,2026-08-17T18:48:05Z,
122.114.10.239,ipv4,malicious-ip,medium,WHITE,ziyadnz/hourly-ipv4,ziyadnz|hourly,2026-08-17T18:48:05Z,2026-08-17T18:48:05Z,
122.114.11.160,ipv4,malicious-ip,medium,WHITE,ziyadnz/hourly-ipv4,ziyadnz|hourly,2026-08-17T18:48:05Z,2026-08-17T18:48:05Z,
122.114.11.87,ipv4,malicious-ip,medium,WHITE,ziyadnz/hourly-ipv4,ziyadnz|hourly,2026-08-17T18:48:05Z,2026-08-17T18:48:05Z,
122.114.12.133,ipv4,malicious-ip,medium,WHITE,ziyadnz/hourly-ipv4,ziyadnz|hourly,2026-08-17T18:48:05Z,2026-08-17T18:48:05Z,
122.114.141.214,ipv4,malicious-ip,medium,WHITE,ziyadnz/hourly-ipv4,ziyadnz|hourly,2026-08-17T18:48:05Z,2026-08-17T18:48:05Z,
122.114.166.92,ipv4,malicious-ip,medium,WHITE,ziyadnz/hourly-ipv4,ziyadnz|hourly,2026-08-17T18:48:05Z,2026-08-17T18:48:05Z,
122.114.170.210,ipv4,malicious-ip,medium,WHITE,ziyadnz/hourly-ipv4,ziyadnz|hourly,2026-08-17T18:48:05Z,2026-08-17T18:48:05Z,
122.114.241.136,ipv4,malicious-ip,medium,WHITE,ziyadnz/hourly-ipv4,ziyadnz|hourly,2026-08-17T18:48:05Z,2026-08-17T18:48:05Z,
122.114.69.235,ipv4,malicious-ip,medium,WHITE,ziyadnz/hourly-ipv4,ziyadnz|hourly,2026-08-17T18:48:05Z,2026-08-17T18:48:05Z,
122.114.8.57,ipv4,malicious-ip,medium,WHITE,ziyadnz/hourly-ipv4,ziyadnz|hourly,2026-08-17T18:48:05Z,2026-08-17T18:48:05Z,
122.115.224.56,ipv4,malicious-ip,medium,WHITE,ziyadnz/hourly-ipv4,ziyadnz|hourly,2026-08-17T18:48:05Z,2026-08-17T18:48:05Z,
122.116.114.53,ipv4,malicious-ip,medium,WHITE,ziyadnz/hourly-ipv4,ziyadnz|hourly,2026-08-17T18:48:05Z,2026-08-17T18:48:05Z,
122.116.117.122,ipv4,malicious-ip,medium,WHITE,ziyadnz/hourly-ipv4,ziyadnz|hourly,2026-08-17T18:48:05Z,2026-08-17T18:48:05Z,
122.116.132.140,ipv4,malicious-ip,medium,WHITE,ziyadnz/hourly-ipv4,ziyadnz|hourly,2026-08-17T18:48:05Z,2026-08-17T18:48:05Z,
122.116.134.171,ipv4,malicious-ip,medium,WHITE,ziyadnz/hourly-ipv4,ziyadnz|hourly,2026-08-17T18:48:05Z,2026-08-17T18:48:05Z,
122.116.142.53,ipv4,malicious-ip,medium,WHITE,ziyadnz/hourly-ipv4,ziyadnz|hourly,2026-08-17T18:48:05Z,2026-08-17T18:48:05Z,
122.116.145.26,ipv4,malicious-ip,medium,WHITE,ziyadnz/hourly-ipv4,ziyadnz|hourly,2026-08-17T18:48:05Z,2026-08-17T18:48:05Z,
122.116.148.44,ipv4,malicious-ip,medium,WHITE,ziyadnz/hourly-ipv4,ziyadnz|hourly,2026-08-17T18:48:05Z,2026-08-17T18:48:05Z,
122.116.158.160,ipv4,malicious-ip,medium,WHITE,ziyadnz/hourly-ipv4,ziyadnz|hourly,2026-08-17T18:48:05Z,2026-08-17T18:48:05Z,
122.116.166.203,ipv4,malicious-ip,medium,WHITE,ziyadnz/hourly-ipv4,ziyadnz|hourly,2026-08-17T18:48:05Z,2026-08-17T18:48:05Z,
122.116.204.100,ipv4,malicious-ip,medium,WHITE,ziyadnz/hourly-ipv4,ziyadnz|hourly,2026-08-17T18:48:05Z,2026-08-17T18:48:05Z,
122.116.21.91,ipv4,malicious-ip,medium,WHITE,ziyadnz/hourly-ipv4,ziyadnz|hourly,2026-08-17T18:48:05Z,2026-08-17T18:48:05Z,
122.116.238.67,ipv4,malicious-ip,medium,WHITE,ziyadnz/hourly-ipv4,ziyadnz|hourly,2026-08-17T18:48:05Z,2026-08-17T18:48:05Z,
122.116.24.161,ipv4,malicious-ip,medium,WHITE,ziyadnz/hourly-ipv4,ziyadnz|hourly,2026-08-17T18:48:05Z,2026-08-17T18:48:05Z,
122.116.252.46,ipv4,malicious-ip,medium,WHITE,ziyadnz/hourly-ipv4,ziyadnz|hourly,2026-08-17T18:48:05Z,2026-08-17T18:48:05Z,
122.116.254.191,ipv4,malicious-ip,medium,WHITE,ziyadnz/hourly-ipv4,ziyadnz|hourly,2026-08-17T18:48:05Z,2026-08-17T18:48:05Z,
122.116.80.198,ipv4,malicious-ip,medium,WHITE,ziyadnz/hourly-ipv4,ziyadnz|hourly,2026-08-17T18:48:05Z,2026-08-17T18:48:05Z,
122.117.106.13,ipv4,malicious-ip,medium,WHITE,ziyadnz/hourly-ipv4,ziyadnz|hourly,2026-08-17T18:48:05Z,2026-08-17T18:48:05Z,
122.117.142.237,ipv4,malicious-ip,medium,WHITE,ziyadnz/hourly-ipv4,ziyadnz|hourly,2026-08-17T18:48:05Z,2026-08-17T18:48:05Z,
122.117.178.131,ipv4,malicious-ip,medium,WHITE,ziyadnz/hourly-ipv4,ziyadnz|hourly,2026-08-17T18:48:05Z,2026-08-17T18:48:05Z,
122.117.18.135,ipv4,malicious-ip,medium,WHITE,ziyadnz/hourly-ipv4,ziyadnz|hourly,2026-08-17T18:48:05Z,2026-08-17T18:48:05Z,
122.117.194.146,ipv4,malicious-ip,medium,WHITE,ziyadnz/hourly-ipv4,ziyadnz|hourly,2026-08-17T18:48:05Z,2026-08-17T18:48:05Z,
122.117.219.87,ipv4,malicious-ip,medium,WHITE,ziyadnz/hourly-ipv4,ziyadnz|hourly,2026-08-17T18:48:05Z,2026-08-17T18:48:05Z,
122.117.242.175,ipv4,malicious-ip,medium,WHITE,ziyadnz/hourly-ipv4,ziyadnz|hourly,2026-08-17T18:48:05Z,2026-08-17T18:48:05Z,
122.117.253.16,ipv4,malicious-ip,medium,WHITE,ziyadnz/hourly-ipv4,ziyadnz|hourly,2026-08-17T18:48:05Z,2026-08-17T18:48:05Z,
122.117.254.32,ipv4,malicious-ip,medium,WHITE,ziyadnz/hourly-ipv4,ziyadnz|hourly,2026-08-17T18:48:05Z,2026-08-17T18:48:05Z,
122.117.26.206,ipv4,malicious-ip,medium,WHITE,ziyadnz/hourly-ipv4,ziyadnz|hourly,2026-08-17T18:48:05Z,2026-08-17T18:48:05Z,
122.117.30.20,ipv4,malicious-ip,medium,WHITE,ziyadnz/hourly-ipv4,ziyadnz|hourly,2026-08-17T18:48:05Z,2026-08-17T18:48:05Z,
122.117.44.18,ipv4,malicious-ip,medium,WHITE,ziyadnz/hourly-ipv4,ziyadnz|hourly,2026-08-17T18:48:05Z,2026-08-17T18:48:05Z,
122.117.46.14,ipv4,malicious-ip,medium,WHITE,ziyadnz/hourly-ipv4,ziyadnz|hourly,2026-08-17T18:48:05Z,2026-08-17T18:48:05Z,
122.117.90.85,ipv4,malicious-ip,medium,WHITE,ziyadnz/hourly-ipv4,ziyadnz|hourly,2026-08-17T18:48:05Z,2026-08-17T18:48:05Z,
122.117.94.206,ipv4,malicious-ip,medium,WHITE,ziyadnz/hourly-ipv4,ziyadnz|hourly,2026-08-17T18:48:05Z,2026-08-17T18:48:05Z,
122.117.95.84,ipv4,malicious-ip,medium,WHITE,ziyadnz/hourly-ipv4,ziyadnz|hourly,2026-08-17T18:48:05Z,2026-08-17T18:48:05Z,
122.118.202.250,ipv4,malicious-ip,medium,WHITE,ziyadnz/hourly-ipv4,ziyadnz|hourly,2026-08-17T18:48:05Z,2026-08-17T18:48:05Z,
122.118.24.120,ipv4,malicious-ip,medium,WHITE,ziyadnz/hourly-ipv4,ziyadnz|hourly,2026-08-17T18:48:05Z,2026-08-17T18:48:05Z,
122.129.67.108,ipv4,malicious-ip,medium,WHITE,ziyadnz/hourly-ipv4,ziyadnz|hourly,2026-08-17T18:48:05Z,2026-08-17T18:48:05Z,
122.129.67.71,ipv4,malicious-ip,medium,WHITE,ziyadnz/hourly-ipv4,ziyadnz|hourly,2026-08-17T18:48:05Z,2026-08-17T18:48:05Z,
122.129.88.25,ipv4,malicious-ip,medium,WHITE,ziyadnz/hourly-ipv4,ziyadnz|hourly,2026-08-17T18:48:05Z,2026-08-17T18:48:05Z,
122.13.25.55,ipv4,malicious-ip,medium,WHITE,ziyadnz/hourly-ipv4,ziyadnz|hourly,2026-08-17T18:48:05Z,2026-08-17T18:48:05Z,
122.136.153.80,ipv4,malicious-ip,medium,WHITE,ziyadnz/hourly-ipv4,ziyadnz|hourly,2026-08-17T18:48:05Z,2026-08-17T18:48:05Z,
122.137.172.237,ipv4,malicious-ip,medium,WHITE,ziyadnz/hourly-ipv4,ziyadnz|hourly,2026-08-17T18:48:05Z,2026-08-17T18:48:05Z,
122.138.166.31,ipv4,malicious-ip,medium,WHITE,ziyadnz/hourly-ipv4,ziyadnz|hourly,2026-08-17T18:48:05Z,2026-08-17T18:48:05Z,
122.139.223.4,ipv4,malicious-ip,medium,WHITE,ziyadnz/hourly-ipv4,ziyadnz|hourly,2026-08-17T18:48:05Z,2026-08-17T18:48:05Z,
122.139.30.16,ipv4,malicious-ip,medium,WHITE,ziyadnz/hourly-ipv4,ziyadnz|hourly,2026-08-17T18:48:05Z,2026-08-17T18:48:05Z,
122.14.154.237,ipv4,malicious-ip,medium,WHITE,ziyadnz/hourly-ipv4,ziyadnz|hourly,2026-08-17T18:48:05Z,2026-08-17T18:48:05Z,
122.140.96.178,ipv4,malicious-ip,medium,WHITE,ziyadnz/hourly-ipv4,ziyadnz|hourly,2026-08-17T18:48:05Z,2026-08-17T18:48:05Z,
122.141.103.30,ipv4,malicious-ip,medium,WHITE,ziyadnz/hourly-ipv4,ziyadnz|hourly,2026-08-17T18:48:05Z,2026-08-17T18:48:05Z,
122.142.120.103,ipv4,malicious-ip,medium,WHITE,ziyadnz/hourly-ipv4,ziyadnz|hourly,2026-08-17T18:48:05Z,2026-08-17T18:48:05Z,
122.142.122.14,ipv4,malicious-ip,medium,WHITE,ziyadnz/hourly-ipv4,ziyadnz|hourly,2026-08-17T18:48:05Z,2026-08-17T18:48:05Z,
122.143.199.156,ipv4,malicious-ip,medium,WHITE,ziyadnz/hourly-ipv4,ziyadnz|hourly,2026-08-17T18:48:05Z,2026-08-17T18:48:05Z,
122.146.90.121,ipv4,malicious-ip,medium,WHITE,ziyadnz/hourly-ipv4,ziyadnz|hourly,2026-08-17T18:48:05Z,2026-08-17T18:48:05Z,
122.152.231.146,ipv4,malicious-ip,medium,WHITE,ziyadnz/hourly-ipv4,ziyadnz|hourly,2026-08-17T18:48:05Z,2026-08-17T18:48:05Z,
122.154.129.2,ipv4,malicious-ip,medium,WHITE,ziyadnz/hourly-ipv4,ziyadnz|hourly,2026-08-17T18:48:05Z,2026-08-17T18:48:05Z,
122.154.174.66,ipv4,malicious-ip,medium,WHITE,ziyadnz/hourly-ipv4,ziyadnz|hourly,2026-08-17T18:48:05Z,2026-08-17T18:48:05Z,
122.154.58.9,ipv4,malicious-ip,medium,WHITE,ziyadnz/hourly-ipv4,ziyadnz|hourly,2026-08-17T18:48:05Z,2026-08-17T18:48:05Z,
122.155.132.40,ipv4,malicious-ip,medium,WHITE,ziyadnz/hourly-ipv4,ziyadnz|hourly,2026-08-17T18:48:05Z,2026-08-17T18:48:05Z,
122.155.174.188,ipv4,malicious-ip,medium,WHITE,ziyadnz/hourly-ipv4,ziyadnz|hourly,2026-08-17T18:48:05Z,2026-08-17T18:48:05Z,
122.155.174.20,ipv4,malicious-ip,medium,WHITE,ziyadnz/hourly-ipv4,ziyadnz|hourly,2026-08-17T18:48:05Z,2026-08-17T18:48:05Z,
122.155.201.129,ipv4,malicious-ip,medium,WHITE,ziyadnz/hourly-ipv4,ziyadnz|hourly,2026-08-17T18:48:05Z,2026-08-17T18:48:05Z,
122.155.209.87,ipv4,malicious-ip,medium,WHITE,ziyadnz/hourly-ipv4,ziyadnz|hourly,2026-08-17T18:48:05Z,2026-08-17T18:48:05Z,
122.155.28.15,ipv4,malicious-ip,medium,WHITE,ziyadnz/hourly-ipv4,ziyadnz|hourly,2026-08-17T18:48:05Z,2026-08-17T18:48:05Z,
122.155.28.155,ipv4,malicious-ip,medium,WHITE,ziyadnz/hourly-ipv4,ziyadnz|hourly,2026-08-17T18:48:05Z,2026-08-17T18:48:05Z,
122.156.143.62,ipv4,malicious-ip,medium,WHITE,ziyadnz/hourly-ipv4,ziyadnz|hourly,2026-08-17T18:48:05Z,2026-08-17T18:48:05Z,
122.156.214.54,ipv4,malicious-ip,medium,WHITE,ziyadnz/hourly-ipv4,ziyadnz|hourly,2026-08-17T18:48:05Z,2026-08-17T18:48:05Z,
122.156.44.55,ipv4,malicious-ip,medium,WHITE,ziyadnz/hourly-ipv4,ziyadnz|hourly,2026-08-17T18:48:05Z,2026-08-17T18:48:05Z,
122.157.189.156,ipv4,malicious-ip,medium,WHITE,ziyadnz/hourly-ipv4,ziyadnz|hourly,2026-08-17T18:48:05Z,2026-08-17T18:48:05Z,
122.157.99.226,ipv4,malicious-ip,medium,WHITE,ziyadnz/hourly-ipv4,ziyadnz|hourly,2026-08-17T18:48:05Z,2026-08-17T18:48:05Z,
122.159.208.110,ipv4,malicious-ip,medium,WHITE,ziyadnz/hourly-ipv4,ziyadnz|hourly,2026-08-17T18:48:05Z,2026-08-17T18:48:05Z,
122.159.79.44,ipv4,malicious-ip,medium,WHITE,ziyadnz/hourly-ipv4,ziyadnz|hourly,2026-08-17T18:48:05Z,2026-08-17T18:48:05Z,
122.160.1.43,ipv4,malicious-ip,medium,WHITE,ziyadnz/hourly-ipv4,ziyadnz|hourly,2026-08-17T18:48:05Z,2026-08-17T18:48:05Z,
122.160.11.40,ipv4,malicious-ip,medium,WHITE,ziyadnz/hourly-ipv4,ziyadnz|hourly,2026-08-17T18:48:05Z,2026-08-17T18:48:05Z,
122.160.119.213,ipv4,malicious-ip,medium,WHITE,ziyadnz/hourly-ipv4,ziyadnz|hourly,2026-08-17T18:48:05Z,2026-08-17T18:48:05Z,
122.160.119.33,ipv4,malicious-ip,medium,WHITE,ziyadnz/hourly-ipv4,ziyadnz|hourly,2026-08-17T18:48:05Z,2026-08-17T18:48:05Z,
122.160.13.186,ipv4,malicious-ip,medium,WHITE,ziyadnz/hourly-ipv4,ziyadnz|hourly,2026-08-17T18:48:05Z,2026-08-17T18:48:05Z,
122.160.143.165,ipv4,malicious-ip,medium,WHITE,ziyadnz/hourly-ipv4,ziyadnz|hourly,2026-08-17T18:48:05Z,2026-08-17T18:48:05Z,
122.160.17.66,ipv4,malicious-ip,medium,WHITE,ziyadnz/hourly-ipv4,ziyadnz|hourly,2026-08-17T18:48:05Z,2026-08-17T18:48:05Z,
122.160.3.199,ipv4,malicious-ip,medium,WHITE,ziyadnz/hourly-ipv4,ziyadnz|hourly,2026-08-17T18:48:05Z,2026-08-17T18:48:05Z,
122.160.53.211,ipv4,malicious-ip,medium,WHITE,ziyadnz/hourly-ipv4,ziyadnz|hourly,2026-08-17T18:48:05Z,2026-08-17T18:48:05Z,
122.160.62.121,ipv4,malicious-ip,medium,WHITE,ziyadnz/hourly-ipv4,ziyadnz|hourly,2026-08-17T18:48:05Z,2026-08-17T18:48:05Z,
122.160.75.96,ipv4,malicious-ip,medium,WHITE,ziyadnz/hourly-ipv4,ziyadnz|hourly,2026-08-17T18:48:05Z,2026-08-17T18:48:05Z,
122.160.80.105,ipv4,malicious-ip,medium,WHITE,ziyadnz/hourly-ipv4,ziyadnz|hourly,2026-08-17T18:48:05Z,2026-08-17T18:48:05Z,
122.160.9.40,ipv4,malicious-ip,medium,WHITE,ziyadnz/hourly-ipv4,ziyadnz|hourly,2026-08-17T18:48:05Z,2026-08-17T18:48:05Z,
122.161.168.174,ipv4,malicious-ip,medium,WHITE,ziyadnz/hourly-ipv4,ziyadnz|hourly,2026-08-17T18:48:05Z,2026-08-17T18:48:05Z,
122.161.168.3,ipv4,malicious-ip,medium,WHITE,ziyadnz/hourly-ipv4,ziyadnz|hourly,2026-08-17T18:48:05Z,2026-08-17T18:48:05Z,
122.161.171.23,ipv4,malicious-ip,medium,WHITE,ziyadnz/hourly-ipv4,ziyadnz|hourly,2026-08-17T18:48:05Z,2026-08-17T18:48:05Z,
122.161.173.120,ipv4,malicious-ip,medium,WHITE,ziyadnz/hourly-ipv4,ziyadnz|hourly,2026-08-17T18:48:05Z,2026-08-17T18:48:05Z,
122.161.173.19,ipv4,malicious-ip,medium,WHITE,ziyadnz/hourly-ipv4,ziyadnz|hourly,2026-08-17T18:48:05Z,2026-08-17T18:48:05Z,
122.161.173.199,ipv4,malicious-ip,medium,WHITE,ziyadnz/hourly-ipv4,ziyadnz|hourly,2026-08-17T18:48:05Z,2026-08-17T18:48:05Z,
122.161.175.58,ipv4,malicious-ip,medium,WHITE,ziyadnz/hourly-ipv4,ziyadnz|hourly,2026-08-17T18:48:05Z,2026-08-17T18:48:05Z,
122.161.196.136,ipv4,malicious-ip,medium,WHITE,ziyadnz/hourly-ipv4,ziyadnz|hourly,2026-08-17T18:48:05Z,2026-08-17T18:48:05Z,
122.161.33.52,ipv4,malicious-ip,medium,WHITE,ziyadnz/hourly-ipv4,ziyadnz|hourly,2026-08-17T18:48:05Z,2026-08-17T18:48:05Z,
122.161.35.129,ipv4,malicious-ip,medium,WHITE,ziyadnz/hourly-ipv4,ziyadnz|hourly,2026-08-17T18:48:05Z,2026-08-17T18:48:05Z,
122.161.40.107,ipv4,malicious-ip,medium,WHITE,ziyadnz/hourly-ipv4,ziyadnz|hourly,2026-08-17T18:48:05Z,2026-08-17T18:48:05Z,
122.161.45.112,ipv4,malicious-ip,medium,WHITE,ziyadnz/hourly-ipv4,ziyadnz|hourly,2026-08-17T18:48:05Z,2026-08-17T18:48:05Z,
122.161.45.193,ipv4,malicious-ip,medium,WHITE,ziyadnz/hourly-ipv4,ziyadnz|hourly,2026-08-17T18:48:05Z,2026-08-17T18:48:05Z,
122.161.48.165,ipv4,malicious-ip,medium,WHITE,ziyadnz/hourly-ipv4,ziyadnz|hourly,2026-08-17T18:48:05Z,2026-08-17T18:48:05Z,
122.161.50.108,ipv4,malicious-ip,medium,WHITE,ziyadnz/hourly-ipv4,ziyadnz|hourly,2026-08-17T18:48:05Z,2026-08-17T18:48:05Z,
122.161.50.224,ipv4,malicious-ip,medium,WHITE,ziyadnz/hourly-ipv4,ziyadnz|hourly,2026-08-17T18:48:05Z,2026-08-17T18:48:05Z,
122.161.50.233,ipv4,malicious-ip,medium,WHITE,ziyadnz/hourly-ipv4,ziyadnz|hourly,2026-08-17T18:48:05Z,2026-08-17T18:48:05Z,
122.161.65.98,ipv4,malicious-ip,medium,WHITE,ziyadnz/hourly-ipv4,ziyadnz|hourly,2026-08-17T18:48:05Z,2026-08-17T18:48:05Z,
122.161.74.171,ipv4,malicious-ip,medium,WHITE,ziyadnz/hourly-ipv4,ziyadnz|hourly,2026-08-17T18:48:05Z,2026-08-17T18:48:05Z,
122.162.144.46,ipv4,malicious-ip,medium,WHITE,ziyadnz/hourly-ipv4,ziyadnz|hourly,2026-08-17T18:48:05Z,2026-08-17T18:48:05Z,
122.162.146.233,ipv4,malicious-ip,medium,WHITE,ziyadnz/hourly-ipv4,ziyadnz|hourly,2026-08-17T18:48:05Z,2026-08-17T18:48:05Z,
122.162.146.87,ipv4,malicious-ip,medium,WHITE,ziyadnz/hourly-ipv4,ziyadnz|hourly,2026-08-17T18:48:05Z,2026-08-17T18:48:05Z,
122.162.148.8,ipv4,malicious-ip,medium,WHITE,ziyadnz/hourly-ipv4,ziyadnz|hourly,2026-08-17T18:48:05Z,2026-08-17T18:48:05Z,
122.162.150.240,ipv4,malicious-ip,medium,WHITE,ziyadnz/hourly-ipv4,ziyadnz|hourly,2026-08-17T18:48:05Z,2026-08-17T18:48:05Z,
122.162.189.19,ipv4,malicious-ip,medium,WHITE,ziyadnz/hourly-ipv4,ziyadnz|hourly,2026-08-17T18:48:05Z,2026-08-17T18:48:05Z,
122.163.123.121,ipv4,malicious-ip,medium,WHITE,ziyadnz/hourly-ipv4,ziyadnz|hourly,2026-08-17T18:48:05Z,2026-08-17T18:48:05Z,
122.163.178.105,ipv4,malicious-ip,medium,WHITE,ziyadnz/hourly-ipv4,ziyadnz|hourly,2026-08-17T18:48:05Z,2026-08-17T18:48:05Z,
122.164.127.47,ipv4,malicious-ip,medium,WHITE,ziyadnz/hourly-ipv4,ziyadnz|hourly,2026-08-17T18:48:05Z,2026-08-17T18:48:05Z,
122.164.8.114,ipv4,malicious-ip,medium,WHITE,ziyadnz/hourly-ipv4,ziyadnz|hourly,2026-08-17T18:48:05Z,2026-08-17T18:48:05Z,
122.165.124.15,ipv4,malicious-ip,medium,WHITE,ziyadnz/hourly-ipv4,ziyadnz|hourly,2026-08-17T18:48:05Z,2026-08-17T18:48:05Z,
122.165.196.5,ipv4,malicious-ip,medium,WHITE,ziyadnz/hourly-ipv4,ziyadnz|hourly,2026-08-17T18:48:05Z,2026-08-17T18:48:05Z,
122.165.235.131,ipv4,malicious-ip,medium,WHITE,ziyadnz/hourly-ipv4,ziyadnz|hourly,2026-08-17T18:48:05Z,2026-08-17T18:48:05Z,
122.165.245.228,ipv4,malicious-ip,medium,WHITE,ziyadnz/hourly-ipv4,ziyadnz|hourly,2026-08-17T18:48:05Z,2026-08-17T18:48:05Z,
122.165.245.83,ipv4,malicious-ip,medium,WHITE,ziyadnz/hourly-ipv4,ziyadnz|hourly,2026-08-17T18:48:05Z,2026-08-17T18:48:05Z,
122.165.78.242,ipv4,malicious-ip,medium,WHITE,ziyadnz/hourly-ipv4,ziyadnz|hourly,2026-08-17T18:48:05Z,2026-08-17T18:48:05Z,
122.165.91.5,ipv4,malicious-ip,medium,WHITE,ziyadnz/hourly-ipv4,ziyadnz|hourly,2026-08-17T18:48:05Z,2026-08-17T18:48:05Z,
122.166.122.111,ipv4,malicious-ip,medium,WHITE,ziyadnz/hourly-ipv4,ziyadnz|hourly,2026-08-17T18:48:05Z,2026-08-17T18:48:05Z,
122.166.137.138,ipv4,malicious-ip,medium,WHITE,ziyadnz/hourly-ipv4,ziyadnz|hourly,2026-08-17T18:48:05Z,2026-08-17T18:48:05Z,
122.166.167.154,ipv4,malicious-ip,medium,WHITE,ziyadnz/hourly-ipv4,ziyadnz|hourly,2026-08-17T18:48:05Z,2026-08-17T18:48:05Z,
122.166.228.220,ipv4,malicious-ip,medium,WHITE,ziyadnz/hourly-ipv4,ziyadnz|hourly,2026-08-17T18:48:05Z,2026-08-17T18:48:05Z,
122.166.250.251,ipv4,malicious-ip,medium,WHITE,ziyadnz/hourly-ipv4,ziyadnz|hourly,2026-08-17T18:48:05Z,2026-08-17T18:48:05Z,
122.166.252.183,ipv4,malicious-ip,medium,WHITE,ziyadnz/hourly-ipv4,ziyadnz|hourly,2026-08-17T18:48:05Z,2026-08-17T18:48:05Z,
122.166.252.192,ipv4,malicious-ip,medium,WHITE,ziyadnz/hourly-ipv4,ziyadnz|hourly,2026-08-17T18:48:05Z,2026-08-17T18:48:05Z,
122.166.68.73,ipv4,malicious-ip,medium,WHITE,ziyadnz/hourly-ipv4,ziyadnz|hourly,2026-08-17T18:48:05Z,2026-08-17T18:48:05Z,
122.166.86.61,ipv4,malicious-ip,medium,WHITE,ziyadnz/hourly-ipv4,ziyadnz|hourly,2026-08-17T18:48:05Z,2026-08-17T18:48:05Z,
122.167.119.181,ipv4,malicious-ip,medium,WHITE,ziyadnz/hourly-ipv4,ziyadnz|hourly,2026-08-17T18:48:05Z,2026-08-17T18:48:05Z,
122.167.158.155,ipv4,malicious-ip,medium,WHITE,ziyadnz/hourly-ipv4,ziyadnz|hourly,2026-08-17T18:48:05Z,2026-08-17T18:48:05Z,
122.168.123.76,ipv4,malicious-ip,medium,WHITE,ziyadnz/hourly-ipv4,ziyadnz|hourly,2026-08-17T18:48:05Z,2026-08-17T18:48:05Z,
122.168.197.138,ipv4,malicious-ip,medium,WHITE,ziyadnz/hourly-ipv4,ziyadnz|hourly,2026-08-17T18:48:05Z,2026-08-17T18:48:05Z,
122.168.2.41,ipv4,malicious-ip,medium,WHITE,ziyadnz/hourly-ipv4,ziyadnz|hourly,2026-08-17T18:48:05Z,2026-08-17T18:48:05Z,
122.168.23.54,ipv4,malicious-ip,medium,WHITE,ziyadnz/hourly-ipv4,ziyadnz|hourly,2026-08-17T18:48:05Z,2026-08-17T18:48:05Z,
122.168.4.98,ipv4,malicious-ip,medium,WHITE,ziyadnz/hourly-ipv4,ziyadnz|hourly,2026-08-17T18:48:05Z,2026-08-17T18:48:05Z,
122.168.5.7,ipv4,malicious-ip,medium,WHITE,ziyadnz/hourly-ipv4,ziyadnz|hourly,2026-08-17T18:48:05Z,2026-08-17T18:48:05Z,
122.168.66.140,ipv4,malicious-ip,medium,WHITE,ziyadnz/hourly-ipv4,ziyadnz|hourly,2026-08-17T18:48:05Z,2026-08-17T18:48:05Z,
122.168.67.19,ipv4,malicious-ip,medium,WHITE,ziyadnz/hourly-ipv4,ziyadnz|hourly,2026-08-17T18:48:05Z,2026-08-17T18:48:05Z,
122.168.69.175,ipv4,malicious-ip,medium,WHITE,ziyadnz/hourly-ipv4,ziyadnz|hourly,2026-08-17T18:48:05Z,2026-08-17T18:48:05Z,
122.168.7.15,ipv4,malicious-ip,medium,WHITE,ziyadnz/hourly-ipv4,ziyadnz|hourly,2026-08-17T18:48:05Z,2026-08-17T18:48:05Z,
122.168.80.161,ipv4,malicious-ip,medium,WHITE,ziyadnz/hourly-ipv4,ziyadnz|hourly,2026-08-17T18:48:05Z,2026-08-17T18:48:05Z,
122.168.85.118,ipv4,malicious-ip,medium,WHITE,ziyadnz/hourly-ipv4,ziyadnz|hourly,2026-08-17T18:48:05Z,2026-08-17T18:48:05Z,
122.169.142.190,ipv4,malicious-ip,medium,WHITE,ziyadnz/hourly-ipv4,ziyadnz|hourly,2026-08-17T18:48:05Z,2026-08-17T18:48:05Z,
122.169.252.241,ipv4,malicious-ip,medium,WHITE,ziyadnz/hourly-ipv4,ziyadnz|hourly,2026-08-17T18:48:05Z,2026-08-17T18:48:05Z,
122.169.40.221,ipv4,malicious-ip,medium,WHITE,ziyadnz/hourly-ipv4,ziyadnz|hourly,2026-08-17T18:48:05Z,2026-08-17T18:48:05Z,
122.170.115.173,ipv4,malicious-ip,medium,WHITE,ziyadnz/hourly-ipv4,ziyadnz|hourly,2026-08-17T18:48:05Z,2026-08-17T18:48:05Z,
122.170.13.100,ipv4,malicious-ip,medium,WHITE,ziyadnz/hourly-ipv4,ziyadnz|hourly,2026-08-17T18:48:05Z,2026-08-17T18:48:05Z,
122.171.17.180,ipv4,malicious-ip,medium,WHITE,ziyadnz/hourly-ipv4,ziyadnz|hourly,2026-08-17T18:48:05Z,2026-08-17T18:48:05Z,
122.171.18.113,ipv4,malicious-ip,medium,WHITE,ziyadnz/hourly-ipv4,ziyadnz|hourly,2026-08-17T18:48:05Z,2026-08-17T18:48:05Z,
122.172.201.254,ipv4,malicious-ip,medium,WHITE,ziyadnz/hourly-ipv4,ziyadnz|hourly,2026-08-17T18:48:05Z,2026-08-17T18:48:05Z,
122.172.241.239,ipv4,malicious-ip,medium,WHITE,ziyadnz/hourly-ipv4,ziyadnz|hourly,2026-08-17T18:48:05Z,2026-08-17T18:48:05Z,
122.172.80.217,ipv4,malicious-ip,medium,WHITE,ziyadnz/hourly-ipv4,ziyadnz|hourly,2026-08-17T18:48:05Z,2026-08-17T18:48:05Z,
122.172.80.25,ipv4,malicious-ip,medium,WHITE,ziyadnz/hourly-ipv4,ziyadnz|hourly,2026-08-17T18:48:05Z,2026-08-17T18:48:05Z,
122.172.83.157,ipv4,malicious-ip,medium,WHITE,ziyadnz/hourly-ipv4,ziyadnz|hourly,2026-08-17T18:48:05Z,2026-08-17T18:48:05Z,
122.172.84.190,ipv4,malicious-ip,medium,WHITE,ziyadnz/hourly-ipv4,ziyadnz|hourly,2026-08-17T18:48:05Z,2026-08-17T18:48:05Z,
122.172.86.254,ipv4,malicious-ip,medium,WHITE,ziyadnz/hourly-ipv4,ziyadnz|hourly,2026-08-17T18:48:05Z,2026-08-17T18:48:05Z,
122.174.101.32,ipv4,malicious-ip,medium,WHITE,ziyadnz/hourly-ipv4,ziyadnz|hourly,2026-08-17T18:48:05Z,2026-08-17T18:48:05Z,
122.175.18.235,ipv4,malicious-ip,medium,WHITE,ziyadnz/hourly-ipv4,ziyadnz|hourly,2026-08-17T18:48:05Z,2026-08-17T18:48:05Z,
122.175.224.215,ipv4,malicious-ip,medium,WHITE,ziyadnz/hourly-ipv4,ziyadnz|hourly,2026-08-17T18:48:05Z,2026-08-17T18:48:05Z,
122.175.34.10,ipv4,malicious-ip,medium,WHITE,ziyadnz/hourly-ipv4,ziyadnz|hourly,2026-08-17T18:48:05Z,2026-08-17T18:48:05Z,
122.175.36.92,ipv4,malicious-ip,medium,WHITE,ziyadnz/hourly-ipv4,ziyadnz|hourly,2026-08-17T18:48:05Z,2026-08-17T18:48:05Z,
122.175.54.67,ipv4,malicious-ip,medium,WHITE,ziyadnz/hourly-ipv4,ziyadnz|hourly,2026-08-17T18:48:05Z,2026-08-17T18:48:05Z,
122.176.100.127,ipv4,malicious-ip,medium,WHITE,ziyadnz/hourly-ipv4,ziyadnz|hourly,2026-08-17T18:48:05Z,2026-08-17T18:48:05Z,
122.176.103.124,ipv4,malicious-ip,medium,WHITE,ziyadnz/hourly-ipv4,ziyadnz|hourly,2026-08-17T18:48:05Z,2026-08-17T18:48:05Z,
122.176.107.52,ipv4,malicious-ip,medium,WHITE,ziyadnz/hourly-ipv4,ziyadnz|hourly,2026-08-17T18:48:05Z,2026-08-17T18:48:05Z,
122.176.117.147,ipv4,malicious-ip,medium,WHITE,ziyadnz/hourly-ipv4,ziyadnz|hourly,2026-08-17T18:48:05Z,2026-08-17T18:48:05Z,
122.176.117.47,ipv4,malicious-ip,medium,WHITE,ziyadnz/hourly-ipv4,ziyadnz|hourly,2026-08-17T18:48:05Z,2026-08-17T18:48:05Z,
122.176.119.58,ipv4,malicious-ip,medium,WHITE,ziyadnz/hourly-ipv4,ziyadnz|hourly,2026-08-17T18:48:05Z,2026-08-17T18:48:05Z,
122.176.122.173,ipv4,malicious-ip,medium,WHITE,ziyadnz/hourly-ipv4,ziyadnz|hourly,2026-08-17T18:48:05Z,2026-08-17T18:48:05Z,
122.176.122.24,ipv4,malicious-ip,medium,WHITE,ziyadnz/hourly-ipv4,ziyadnz|hourly,2026-08-17T18:48:05Z,2026-08-17T18:48:05Z,
122.176.122.35,ipv4,malicious-ip,medium,WHITE,ziyadnz/hourly-ipv4,ziyadnz|hourly,2026-08-17T18:48:05Z,2026-08-17T18:48:05Z,
122.176.151.176,ipv4,malicious-ip,medium,WHITE,ziyadnz/hourly-ipv4,ziyadnz|hourly,2026-08-17T18:48:05Z,2026-08-17T18:48:05Z,
122.176.153.133,ipv4,malicious-ip,medium,WHITE,ziyadnz/hourly-ipv4,ziyadnz|hourly,2026-08-17T18:48:05Z,2026-08-17T18:48:05Z,
122.176.154.222,ipv4,malicious-ip,medium,WHITE,ziyadnz/hourly-ipv4,ziyadnz|hourly,2026-08-17T18:48:05Z,2026-08-17T18:48:05Z,
122.176.162.110,ipv4,malicious-ip,medium,WHITE,ziyadnz/hourly-ipv4,ziyadnz|hourly,2026-08-17T18:48:05Z,2026-08-17T18:48:05Z,
122.176.167.71,ipv4,malicious-ip,medium,WHITE,ziyadnz/hourly-ipv4,ziyadnz|hourly,2026-08-17T18:48:05Z,2026-08-17T18:48:05Z,
122.176.20.134,ipv4,malicious-ip,medium,WHITE,ziyadnz/hourly-ipv4,ziyadnz|hourly,2026-08-17T18:48:05Z,2026-08-17T18:48:05Z,
122.176.215.189,ipv4,malicious-ip,medium,WHITE,ziyadnz/hourly-ipv4,ziyadnz|hourly,2026-08-17T18:48:05Z,2026-08-17T18:48:05Z,
122.176.37.186,ipv4,malicious-ip,medium,WHITE,ziyadnz/hourly-ipv4,ziyadnz|hourly,2026-08-17T18:48:05Z,2026-08-17T18:48:05Z,
122.176.38.108,ipv4,malicious-ip,medium,WHITE,ziyadnz/hourly-ipv4,ziyadnz|hourly,2026-08-17T18:48:05Z,2026-08-17T18:48:05Z,
122.176.39.182,ipv4,malicious-ip,medium,WHITE,ziyadnz/hourly-ipv4,ziyadnz|hourly,2026-08-17T18:48:05Z,2026-08-17T18:48:05Z,
122.176.41.224,ipv4,malicious-ip,medium,WHITE,ziyadnz/hourly-ipv4,ziyadnz|hourly,2026-08-17T18:48:05Z,2026-08-17T18:48:05Z,
122.176.63.55,ipv4,malicious-ip,medium,WHITE,ziyadnz/hourly-ipv4,ziyadnz|hourly,2026-08-17T18:48:05Z,2026-08-17T18:48:05Z,
122.176.99.60,ipv4,malicious-ip,medium,WHITE,ziyadnz/hourly-ipv4,ziyadnz|hourly,2026-08-17T18:48:05Z,2026-08-17T18:48:05Z,
122.177.240.134,ipv4,malicious-ip,medium,WHITE,ziyadnz/hourly-ipv4,ziyadnz|hourly,2026-08-17T18:48:05Z,2026-08-17T18:48:05Z,
122.177.240.85,ipv4,malicious-ip,medium,WHITE,ziyadnz/hourly-ipv4,ziyadnz|hourly,2026-08-17T18:48:05Z,2026-08-17T18:48:05Z,
122.177.241.223,ipv4,malicious-ip,medium,WHITE,ziyadnz/hourly-ipv4,ziyadnz|hourly,2026-08-17T18:48:05Z,2026-08-17T18:48:05Z,
122.177.242.152,ipv4,malicious-ip,medium,WHITE,ziyadnz/hourly-ipv4,ziyadnz|hourly,2026-08-17T18:48:05Z,2026-08-17T18:48:05Z,
122.177.242.216,ipv4,malicious-ip,medium,WHITE,ziyadnz/hourly-ipv4,ziyadnz|hourly,2026-08-17T18:48:05Z,2026-08-17T18:48:05Z,
122.177.243.250,ipv4,malicious-ip,medium,WHITE,ziyadnz/hourly-ipv4,ziyadnz|hourly,2026-08-17T18:48:05Z,2026-08-17T18:48:05Z,
122.177.243.40,ipv4,malicious-ip,medium,WHITE,ziyadnz/hourly-ipv4,ziyadnz|hourly,2026-08-17T18:48:05Z,2026-08-17T18:48:05Z,
122.177.243.5,ipv4,malicious-ip,medium,WHITE,ziyadnz/hourly-ipv4,ziyadnz|hourly,2026-08-17T18:48:05Z,2026-08-17T18:48:05Z,
122.177.245.190,ipv4,malicious-ip,medium,WHITE,ziyadnz/hourly-ipv4,ziyadnz|hourly,2026-08-17T18:48:05Z,2026-08-17T18:48:05Z,
122.177.246.105,ipv4,malicious-ip,medium,WHITE,ziyadnz/hourly-ipv4,ziyadnz|hourly,2026-08-17T18:48:05Z,2026-08-17T18:48:05Z,
122.177.247.239,ipv4,malicious-ip,medium,WHITE,ziyadnz/hourly-ipv4,ziyadnz|hourly,2026-08-17T18:48:05Z,2026-08-17T18:48:05Z,
122.177.247.35,ipv4,malicious-ip,medium,WHITE,ziyadnz/hourly-ipv4,ziyadnz|hourly,2026-08-17T18:48:05Z,2026-08-17T18:48:05Z,
122.179.140.113,ipv4,malicious-ip,medium,WHITE,ziyadnz/hourly-ipv4,ziyadnz|hourly,2026-08-17T18:48:05Z,2026-08-17T18:48:05Z,
122.179.140.119,ipv4,malicious-ip,medium,WHITE,ziyadnz/hourly-ipv4,ziyadnz|hourly,2026-08-17T18:48:05Z,2026-08-17T18:48:05Z,
122.179.153.50,ipv4,malicious-ip,medium,WHITE,ziyadnz/hourly-ipv4,ziyadnz|hourly,2026-08-17T18:48:05Z,2026-08-17T18:48:05Z,
122.179.159.52,ipv4,malicious-ip,medium,WHITE,ziyadnz/hourly-ipv4,ziyadnz|hourly,2026-08-17T18:48:05Z,2026-08-17T18:48:05Z,
122.179.163.153,ipv4,malicious-ip,medium,WHITE,ziyadnz/hourly-ipv4,ziyadnz|hourly,2026-08-17T18:48:05Z,2026-08-17T18:48:05Z,
122.179.226.155,ipv4,malicious-ip,medium,WHITE,ziyadnz/hourly-ipv4,ziyadnz|hourly,2026-08-17T18:48:05Z,2026-08-17T18:48:05Z,
122.179.90.14,ipv4,malicious-ip,medium,WHITE,ziyadnz/hourly-ipv4,ziyadnz|hourly,2026-08-17T18:48:05Z,2026-08-17T18:48:05Z,
122.180.145.183,ipv4,malicious-ip,medium,WHITE,ziyadnz/hourly-ipv4,ziyadnz|hourly,2026-08-17T18:48:05Z,2026-08-17T18:48:05Z,
122.180.159.16,ipv4,malicious-ip,medium,WHITE,ziyadnz/hourly-ipv4,ziyadnz|hourly,2026-08-17T18:48:05Z,2026-08-17T18:48:05Z,
122.180.21.11,ipv4,malicious-ip,medium,WHITE,ziyadnz/hourly-ipv4,ziyadnz|hourly,2026-08-17T18:48:05Z,2026-08-17T18:48:05Z,
122.180.68.198,ipv4,malicious-ip,medium,WHITE,ziyadnz/hourly-ipv4,ziyadnz|hourly,2026-08-17T18:48:05Z,2026-08-17T18:48:05Z,
122.180.84.151,ipv4,malicious-ip,medium,WHITE,ziyadnz/hourly-ipv4,ziyadnz|hourly,2026-08-17T18:48:05Z,2026-08-17T18:48:05Z,
122.181.101.123,ipv4,malicious-ip,medium,WHITE,ziyadnz/hourly-ipv4,ziyadnz|hourly,2026-08-17T18:48:05Z,2026-08-17T18:48:05Z,
122.183.248.102,ipv4,malicious-ip,medium,WHITE,ziyadnz/hourly-ipv4,ziyadnz|hourly,2026-08-17T18:48:05Z,2026-08-17T18:48:05Z,
122.183.32.157,ipv4,malicious-ip,medium,WHITE,ziyadnz/hourly-ipv4,ziyadnz|hourly,2026-08-17T18:48:05Z,2026-08-17T18:48:05Z,
122.183.32.251,ipv4,malicious-ip,medium,WHITE,ziyadnz/hourly-ipv4,ziyadnz|hourly,2026-08-17T18:48:05Z,2026-08-17T18:48:05Z,
122.183.32.27,ipv4,malicious-ip,medium,WHITE,ziyadnz/hourly-ipv4,ziyadnz|hourly,2026-08-17T18:48:05Z,2026-08-17T18:48:05Z,
122.183.32.61,ipv4,malicious-ip,medium,WHITE,ziyadnz/hourly-ipv4,ziyadnz|hourly,2026-08-17T18:48:05Z,2026-08-17T18:48:05Z,
122.183.33.225,ipv4,malicious-ip,medium,WHITE,ziyadnz/hourly-ipv4,ziyadnz|hourly,2026-08-17T18:48:05Z,2026-08-17T18:48:05Z,
122.183.36.177,ipv4,malicious-ip,medium,WHITE,ziyadnz/hourly-ipv4,ziyadnz|hourly,2026-08-17T18:48:05Z,2026-08-17T18:48:05Z,
122.183.36.6,ipv4,malicious-ip,medium,WHITE,ziyadnz/hourly-ipv4,ziyadnz|hourly,2026-08-17T18:48:05Z,2026-08-17T18:48:05Z,
122.183.38.18,ipv4,malicious-ip,medium,WHITE,ziyadnz/hourly-ipv4,ziyadnz|hourly,2026-08-17T18:48:05Z,2026-08-17T18:48:05Z,
122.183.39.14,ipv4,malicious-ip,medium,WHITE,ziyadnz/hourly-ipv4,ziyadnz|hourly,2026-08-17T18:48:05Z,2026-08-17T18:48:05Z,
122.183.41.157,ipv4,malicious-ip,medium,WHITE,ziyadnz/hourly-ipv4,ziyadnz|hourly,2026-08-17T18:48:05Z,2026-08-17T18:48:05Z,
122.183.45.153,ipv4,malicious-ip,medium,WHITE,ziyadnz/hourly-ipv4,ziyadnz|hourly,2026-08-17T18:48:05Z,2026-08-17T18:48:05Z,
122.183.48.42,ipv4,malicious-ip,medium,WHITE,ziyadnz/hourly-ipv4,ziyadnz|hourly,2026-08-17T18:48:05Z,2026-08-17T18:48:05Z,
122.183.51.220,ipv4,malicious-ip,medium,WHITE,ziyadnz/hourly-ipv4,ziyadnz|hourly,2026-08-17T18:48:05Z,2026-08-17T18:48:05Z,
122.183.51.235,ipv4,malicious-ip,medium,WHITE,ziyadnz/hourly-ipv4,ziyadnz|hourly,2026-08-17T18:48:05Z,2026-08-17T18:48:05Z,
122.183.51.71,ipv4,malicious-ip,medium,WHITE,ziyadnz/hourly-ipv4,ziyadnz|hourly,2026-08-17T18:48:05Z,2026-08-17T18:48:05Z,
122.183.54.30,ipv4,malicious-ip,medium,WHITE,ziyadnz/hourly-ipv4,ziyadnz|hourly,2026-08-17T18:48:05Z,2026-08-17T18:48:05Z,
122.183.57.0,ipv4,malicious-ip,medium,WHITE,ziyadnz/hourly-ipv4,ziyadnz|hourly,2026-08-17T18:48:05Z,2026-08-17T18:48:05Z,
122.183.57.104,ipv4,malicious-ip,medium,WHITE,ziyadnz/hourly-ipv4,ziyadnz|hourly,2026-08-17T18:48:05Z,2026-08-17T18:48:05Z,
122.183.57.109,ipv4,malicious-ip,medium,WHITE,ziyadnz/hourly-ipv4,ziyadnz|hourly,2026-08-17T18:48:05Z,2026-08-17T18:48:05Z,
122.183.57.139,ipv4,malicious-ip,medium,WHITE,ziyadnz/hourly-ipv4,ziyadnz|hourly,2026-08-17T18:48:05Z,2026-08-17T18:48:05Z,
122.183.57.213,ipv4,malicious-ip,medium,WHITE,ziyadnz/hourly-ipv4,ziyadnz|hourly,2026-08-17T18:48:05Z,2026-08-17T18:48:05Z,
122.183.57.27,ipv4,malicious-ip,medium,WHITE,ziyadnz/hourly-ipv4,ziyadnz|hourly,2026-08-17T18:48:05Z,2026-08-17T18:48:05Z,
122.183.57.41,ipv4,malicious-ip,medium,WHITE,ziyadnz/hourly-ipv4,ziyadnz|hourly,2026-08-17T18:48:05Z,2026-08-17T18:48:05Z,
122.183.57.75,ipv4,malicious-ip,medium,WHITE,ziyadnz/hourly-ipv4,ziyadnz|hourly,2026-08-17T18:48:05Z,2026-08-17T18:48:05Z,
122.183.57.80,ipv4,malicious-ip,medium,WHITE,ziyadnz/hourly-ipv4,ziyadnz|hourly,2026-08-17T18:48:05Z,2026-08-17T18:48:05Z,
122.185.146.106,ipv4,malicious-ip,medium,WHITE,ziyadnz/hourly-ipv4,ziyadnz|hourly,2026-08-17T18:48:05Z,2026-08-17T18:48:05Z,
122.185.146.166,ipv4,malicious-ip,medium,WHITE,ziyadnz/hourly-ipv4,ziyadnz|hourly,2026-08-17T18:48:05Z,2026-08-17T18:48:05Z,
122.185.146.18,ipv4,malicious-ip,medium,WHITE,ziyadnz/hourly-ipv4,ziyadnz|hourly,2026-08-17T18:48:05Z,2026-08-17T18:48:05Z,
122.185.176.126,ipv4,malicious-ip,medium,WHITE,ziyadnz/hourly-ipv4,ziyadnz|hourly,2026-08-17T18:48:05Z,2026-08-17T18:48:05Z,
122.185.185.190,ipv4,malicious-ip,medium,WHITE,ziyadnz/hourly-ipv4,ziyadnz|hourly,2026-08-17T18:48:05Z,2026-08-17T18:48:05Z,
122.186.204.214,ipv4,malicious-ip,medium,WHITE,ziyadnz/hourly-ipv4,ziyadnz|hourly,2026-08-17T18:48:05Z,2026-08-17T18:48:05Z,
122.187.104.70,ipv4,malicious-ip,medium,WHITE,ziyadnz/hourly-ipv4,ziyadnz|hourly,2026-08-17T18:48:05Z,2026-08-17T18:48:05Z,
122.187.116.110,ipv4,malicious-ip,medium,WHITE,ziyadnz/hourly-ipv4,ziyadnz|hourly,2026-08-17T18:48:05Z,2026-08-17T18:48:05Z,
122.187.147.13,ipv4,malicious-ip,medium,WHITE,ziyadnz/hourly-ipv4,ziyadnz|hourly,2026-08-17T18:48:05Z,2026-08-17T18:48:05Z,
122.187.186.26,ipv4,malicious-ip,medium,WHITE,ziyadnz/hourly-ipv4,ziyadnz|hourly,2026-08-17T18:48:05Z,2026-08-17T18:48:05Z,
122.187.224.173,ipv4,malicious-ip,medium,WHITE,ziyadnz/hourly-ipv4,ziyadnz|hourly,2026-08-17T18:48:05Z,2026-08-17T18:48:05Z,
122.187.225.13,ipv4,malicious-ip,medium,WHITE,ziyadnz/hourly-ipv4,ziyadnz|hourly,2026-08-17T18:48:05Z,2026-08-17T18:48:05Z,
122.187.225.78,ipv4,malicious-ip,medium,WHITE,ziyadnz/hourly-ipv4,ziyadnz|hourly,2026-08-17T18:48:05Z,2026-08-17T18:48:05Z,
122.187.226.12,ipv4,malicious-ip,medium,WHITE,ziyadnz/hourly-ipv4,ziyadnz|hourly,2026-08-17T18:48:05Z,2026-08-17T18:48:05Z,
122.187.227.0,ipv4,malicious-ip,medium,WHITE,ziyadnz/hourly-ipv4,ziyadnz|hourly,2026-08-17T18:48:05Z,2026-08-17T18:48:05Z,
122.187.227.139,ipv4,malicious-ip,medium,WHITE,ziyadnz/hourly-ipv4,ziyadnz|hourly,2026-08-17T18:48:05Z,2026-08-17T18:48:05Z,
122.187.227.145,ipv4,malicious-ip,medium,WHITE,ziyadnz/hourly-ipv4,ziyadnz|hourly,2026-08-17T18:48:05Z,2026-08-17T18:48:05Z,
122.187.227.148,ipv4,malicious-ip,medium,WHITE,ziyadnz/hourly-ipv4,ziyadnz|hourly,2026-08-17T18:48:05Z,2026-08-17T18:48:05Z,
122.187.227.152,ipv4,malicious-ip,medium,WHITE,ziyadnz/hourly-ipv4,ziyadnz|hourly,2026-08-17T18:48:05Z,2026-08-17T18:48:05Z,
122.187.227.163,ipv4,malicious-ip,medium,WHITE,ziyadnz/hourly-ipv4,ziyadnz|hourly,2026-08-17T18:48:05Z,2026-08-17T18:48:05Z,
122.187.227.167,ipv4,malicious-ip,medium,WHITE,ziyadnz/hourly-ipv4,ziyadnz|hourly,2026-08-17T18:48:05Z,2026-08-17T18:48:05Z,
122.187.227.197,ipv4,malicious-ip,medium,WHITE,ziyadnz/hourly-ipv4,ziyadnz|hourly,2026-08-17T18:48:05Z,2026-08-17T18:48:05Z,
122.187.229.0,ipv4,malicious-ip,medium,WHITE,ziyadnz/hourly-ipv4,ziyadnz|hourly,2026-08-17T18:48:05Z,2026-08-17T18:48:05Z,
122.187.229.12,ipv4,malicious-ip,medium,WHITE,ziyadnz/hourly-ipv4,ziyadnz|hourly,2026-08-17T18:48:05Z,2026-08-17T18:48:05Z,
122.187.229.129,ipv4,malicious-ip,medium,WHITE,ziyadnz/hourly-ipv4,ziyadnz|hourly,2026-08-17T18:48:05Z,2026-08-17T18:48:05Z,
122.187.229.168,ipv4,malicious-ip,medium,WHITE,ziyadnz/hourly-ipv4,ziyadnz|hourly,2026-08-17T18:48:05Z,2026-08-17T18:48:05Z,
122.187.229.172,ipv4,malicious-ip,medium,WHITE,ziyadnz/hourly-ipv4,ziyadnz|hourly,2026-08-17T18:48:05Z,2026-08-17T18:48:05Z,
122.187.229.244,ipv4,malicious-ip,medium,WHITE,ziyadnz/hourly-ipv4,ziyadnz|hourly,2026-08-17T18:48:05Z,2026-08-17T18:48:05Z,
122.187.229.247,ipv4,malicious-ip,medium,WHITE,ziyadnz/hourly-ipv4,ziyadnz|hourly,2026-08-17T18:48:05Z,2026-08-17T18:48:05Z,
122.187.229.32,ipv4,malicious-ip,medium,WHITE,ziyadnz/hourly-ipv4,ziyadnz|hourly,2026-08-17T18:48:05Z,2026-08-17T18:48:05Z,
122.187.229.35,ipv4,malicious-ip,medium,WHITE,ziyadnz/hourly-ipv4,ziyadnz|hourly,2026-08-17T18:48:05Z,2026-08-17T18:48:05Z,
122.187.229.36,ipv4,malicious-ip,medium,WHITE,ziyadnz/hourly-ipv4,ziyadnz|hourly,2026-08-17T18:48:05Z,2026-08-17T18:48:05Z,
122.187.229.99,ipv4,malicious-ip,medium,WHITE,ziyadnz/hourly-ipv4,ziyadnz|hourly,2026-08-17T18:48:05Z,2026-08-17T18:48:05Z,
122.187.230.0,ipv4,malicious-ip,medium,WHITE,ziyadnz/hourly-ipv4,ziyadnz|hourly,2026-08-17T18:48:05Z,2026-08-17T18:48:05Z,
122.187.230.104,ipv4,malicious-ip,medium,WHITE,ziyadnz/hourly-ipv4,ziyadnz|hourly,2026-08-17T18:48:05Z,2026-08-17T18:48:05Z,
122.187.230.123,ipv4,malicious-ip,medium,WHITE,ziyadnz/hourly-ipv4,ziyadnz|hourly,2026-08-17T18:48:05Z,2026-08-17T18:48:05Z,
122.187.230.13,ipv4,malicious-ip,medium,WHITE,ziyadnz/hourly-ipv4,ziyadnz|hourly,2026-08-17T18:48:05Z,2026-08-17T18:48:05Z,
122.187.230.137,ipv4,malicious-ip,medium,WHITE,ziyadnz/hourly-ipv4,ziyadnz|hourly,2026-08-17T18:48:05Z,2026-08-17T18:48:05Z,
122.187.230.150,ipv4,malicious-ip,medium,WHITE,ziyadnz/hourly-ipv4,ziyadnz|hourly,2026-08-17T18:48:05Z,2026-08-17T18:48:05Z,
122.187.230.162,ipv4,malicious-ip,medium,WHITE,ziyadnz/hourly-ipv4,ziyadnz|hourly,2026-08-17T18:48:05Z,2026-08-17T18:48:05Z,
122.187.230.169,ipv4,malicious-ip,medium,WHITE,ziyadnz/hourly-ipv4,ziyadnz|hourly,2026-08-17T18:48:05Z,2026-08-17T18:48:05Z,
122.187.230.176,ipv4,malicious-ip,medium,WHITE,ziyadnz/hourly-ipv4,ziyadnz|hourly,2026-08-17T18:48:05Z,2026-08-17T18:48:05Z,
122.187.230.177,ipv4,malicious-ip,medium,WHITE,ziyadnz/hourly-ipv4,ziyadnz|hourly,2026-08-17T18:48:05Z,2026-08-17T18:48:05Z,
122.187.230.184,ipv4,malicious-ip,medium,WHITE,ziyadnz/hourly-ipv4,ziyadnz|hourly,2026-08-17T18:48:05Z,2026-08-17T18:48:05Z,
122.187.230.187,ipv4,malicious-ip,medium,WHITE,ziyadnz/hourly-ipv4,ziyadnz|hourly,2026-08-17T18:48:05Z,2026-08-17T18:48:05Z,
122.187.230.193,ipv4,malicious-ip,medium,WHITE,ziyadnz/hourly-ipv4,ziyadnz|hourly,2026-08-17T18:48:05Z,2026-08-17T18:48:05Z,
122.187.230.20,ipv4,malicious-ip,medium,WHITE,ziyadnz/hourly-ipv4,ziyadnz|hourly,2026-08-17T18:48:05Z,2026-08-17T18:48:05Z,
122.187.230.215,ipv4,malicious-ip,medium,WHITE,ziyadnz/hourly-ipv4,ziyadnz|hourly,2026-08-17T18:48:05Z,2026-08-17T18:48:05Z,
122.187.230.222,ipv4,malicious-ip,medium,WHITE,ziyadnz/hourly-ipv4,ziyadnz|hourly,2026-08-17T18:48:05Z,2026-08-17T18:48:05Z,
122.187.230.237,ipv4,malicious-ip,medium,WHITE,ziyadnz/hourly-ipv4,ziyadnz|hourly,2026-08-17T18:48:05Z,2026-08-17T18:48:05Z,
122.187.230.250,ipv4,malicious-ip,medium,WHITE,ziyadnz/hourly-ipv4,ziyadnz|hourly,2026-08-17T18:48:05Z,2026-08-17T18:48:05Z,
122.187.230.38,ipv4,malicious-ip,medium,WHITE,ziyadnz/hourly-ipv4,ziyadnz|hourly,2026-08-17T18:48:05Z,2026-08-17T18:48:05Z,
122.187.230.66,ipv4,malicious-ip,medium,WHITE,ziyadnz/hourly-ipv4,ziyadnz|hourly,2026-08-17T18:48:05Z,2026-08-17T18:48:05Z,
122.187.230.68,ipv4,malicious-ip,medium,WHITE,ziyadnz/hourly-ipv4,ziyadnz|hourly,2026-08-17T18:48:05Z,2026-08-17T18:48:05Z,
122.187.230.73,ipv4,malicious-ip,medium,WHITE,ziyadnz/hourly-ipv4,ziyadnz|hourly,2026-08-17T18:48:05Z,2026-08-17T18:48:05Z,
122.187.230.81,ipv4,malicious-ip,medium,WHITE,ziyadnz/hourly-ipv4,ziyadnz|hourly,2026-08-17T18:48:05Z,2026-08-17T18:48:05Z,
122.187.230.87,ipv4,malicious-ip,medium,WHITE,ziyadnz/hourly-ipv4,ziyadnz|hourly,2026-08-17T18:48:05Z,2026-08-17T18:48:05Z,
122.187.234.54,ipv4,malicious-ip,medium,WHITE,ziyadnz/hourly-ipv4,ziyadnz|hourly,2026-08-17T18:48:05Z,2026-08-17T18:48:05Z,
122.187.234.56,ipv4,malicious-ip,medium,WHITE,ziyadnz/hourly-ipv4,ziyadnz|hourly,2026-08-17T18:48:05Z,2026-08-17T18:48:05Z,
122.187.240.210,ipv4,malicious-ip,medium,WHITE,ziyadnz/hourly-ipv4,ziyadnz|hourly,2026-08-17T18:48:05Z,2026-08-17T18:48:05Z,
122.187.245.196,ipv4,malicious-ip,medium,WHITE,ziyadnz/hourly-ipv4,ziyadnz|hourly,2026-08-17T18:48:05Z,2026-08-17T18:48:05Z,
122.187.35.14,ipv4,malicious-ip,medium,WHITE,ziyadnz/hourly-ipv4,ziyadnz|hourly,2026-08-17T18:48:05Z,2026-08-17T18:48:05Z,
122.188.16.168,ipv4,malicious-ip,medium,WHITE,ziyadnz/hourly-ipv4,ziyadnz|hourly,2026-08-17T18:48:05Z,2026-08-17T18:48:05Z,
122.188.16.35,ipv4,malicious-ip,medium,WHITE,ziyadnz/hourly-ipv4,ziyadnz|hourly,2026-08-17T18:48:05Z,2026-08-17T18:48:05Z,
122.188.17.81,ipv4,malicious-ip,medium,WHITE,ziyadnz/hourly-ipv4,ziyadnz|hourly,2026-08-17T18:48:05Z,2026-08-17T18:48:05Z,
122.188.48.47,ipv4,malicious-ip,medium,WHITE,ziyadnz/hourly-ipv4,ziyadnz|hourly,2026-08-17T18:48:05Z,2026-08-17T18:48:05Z,
122.189.198.100,ipv4,malicious-ip,medium,WHITE,ziyadnz/hourly-ipv4,ziyadnz|hourly,2026-08-17T18:48:05Z,2026-08-17T18:48:05Z,
122.191.115.237,ipv4,malicious-ip,medium,WHITE,ziyadnz/hourly-ipv4,ziyadnz|hourly,2026-08-17T18:48:05Z,2026-08-17T18:48:05Z,
122.191.156.99,ipv4,malicious-ip,medium,WHITE,ziyadnz/hourly-ipv4,ziyadnz|hourly,2026-08-17T18:48:05Z,2026-08-17T18:48:05Z,
122.191.16.76,ipv4,malicious-ip,medium,WHITE,ziyadnz/hourly-ipv4,ziyadnz|hourly,2026-08-17T18:48:05Z,2026-08-17T18:48:05Z,
122.192.91.86,ipv4,malicious-ip,medium,WHITE,ziyadnz/hourly-ipv4,ziyadnz|hourly,2026-08-17T18:48:05Z,2026-08-17T18:48:05Z,
122.193.10.193,ipv4,malicious-ip,medium,WHITE,ziyadnz/hourly-ipv4,ziyadnz|hourly,2026-08-17T18:48:05Z,2026-08-17T18:48:05Z,
122.193.243.6,ipv4,malicious-ip,medium,WHITE,ziyadnz/hourly-ipv4,ziyadnz|hourly,2026-08-17T18:48:05Z,2026-08-17T18:48:05Z,
122.193.64.145,ipv4,malicious-ip,medium,WHITE,ziyadnz/hourly-ipv4,ziyadnz|hourly,2026-08-17T18:48:05Z,2026-08-17T18:48:05Z,
122.194.9.187,ipv4,malicious-ip,medium,WHITE,ziyadnz/hourly-ipv4,ziyadnz|hourly,2026-08-17T18:48:05Z,2026-08-17T18:48:05Z,
122.194.9.193,ipv4,malicious-ip,medium,WHITE,ziyadnz/hourly-ipv4,ziyadnz|hourly,2026-08-17T18:48:05Z,2026-08-17T18:48:05Z,
122.195.172.235,ipv4,malicious-ip,medium,WHITE,ziyadnz/hourly-ipv4,ziyadnz|hourly,2026-08-17T18:48:05Z,2026-08-17T18:48:05Z,
122.195.232.132,ipv4,malicious-ip,medium,WHITE,ziyadnz/hourly-ipv4,ziyadnz|hourly,2026-08-17T18:48:05Z,2026-08-17T18:48:05Z,
122.199.107.20,ipv4,malicious-ip,medium,WHITE,ziyadnz/hourly-ipv4,ziyadnz|hourly,2026-08-17T18:48:05Z,2026-08-17T18:48:05Z,
122.199.113.36,ipv4,malicious-ip,medium,WHITE,ziyadnz/hourly-ipv4,ziyadnz|hourly,2026-08-17T18:48:05Z,2026-08-17T18:48:05Z,
122.199.123.139,ipv4,malicious-ip,medium,WHITE,ziyadnz/hourly-ipv4,ziyadnz|hourly,2026-08-17T18:48:05Z,2026-08-17T18:48:05Z,
122.202.35.64,ipv4,malicious-ip,medium,WHITE,ziyadnz/hourly-ipv4,ziyadnz|hourly,2026-08-17T18:48:05Z,2026-08-17T18:48:05Z,
122.202.41.161,ipv4,malicious-ip,medium,WHITE,ziyadnz/hourly-ipv4,ziyadnz|hourly,2026-08-17T18:48:05Z,2026-08-17T18:48:05Z,
122.224.201.170,ipv4,malicious-ip,medium,WHITE,ziyadnz/hourly-ipv4,ziyadnz|hourly,2026-08-17T18:48:05Z,2026-08-17T18:48:05Z,
122.224.240.99,ipv4,malicious-ip,medium,WHITE,ziyadnz/hourly-ipv4,ziyadnz|hourly,2026-08-17T18:48:05Z,2026-08-17T18:48:05Z,
122.224.55.209,ipv4,malicious-ip,medium,WHITE,ziyadnz/hourly-ipv4,ziyadnz|hourly,2026-08-17T18:48:05Z,2026-08-17T18:48:05Z,
122.225.127.246,ipv4,malicious-ip,medium,WHITE,ziyadnz/hourly-ipv4,ziyadnz|hourly,2026-08-17T18:48:05Z,2026-08-17T18:48:05Z,
122.225.146.234,ipv4,malicious-ip,medium,WHITE,ziyadnz/hourly-ipv4,ziyadnz|hourly,2026-08-17T18:48:05Z,2026-08-17T18:48:05Z,
122.225.18.238,ipv4,malicious-ip,medium,WHITE,ziyadnz/hourly-ipv4,ziyadnz|hourly,2026-08-17T18:48:05Z,2026-08-17T18:48:05Z,
122.225.242.34,ipv4,malicious-ip,medium,WHITE,ziyadnz/hourly-ipv4,ziyadnz|hourly,2026-08-17T18:48:05Z,2026-08-17T18:48:05Z,
122.225.52.246,ipv4,malicious-ip,medium,WHITE,ziyadnz/hourly-ipv4,ziyadnz|hourly,2026-08-17T18:48:05Z,2026-08-17T18:48:05Z,
122.225.80.10,ipv4,malicious-ip,medium,WHITE,ziyadnz/hourly-ipv4,ziyadnz|hourly,2026-08-17T18:48:05Z,2026-08-17T18:48:05Z,
122.225.92.130,ipv4,malicious-ip,medium,WHITE,ziyadnz/hourly-ipv4,ziyadnz|hourly,2026-08-17T18:48:05Z,2026-08-17T18:48:05Z,
122.226.126.190,ipv4,malicious-ip,medium,WHITE,ziyadnz/hourly-ipv4,ziyadnz|hourly,2026-08-17T18:48:05Z,2026-08-17T18:48:05Z,
122.226.146.142,ipv4,malicious-ip,medium,WHITE,ziyadnz/hourly-ipv4,ziyadnz|hourly,2026-08-17T18:48:05Z,2026-08-17T18:48:05Z,
122.226.152.138,ipv4,malicious-ip,medium,WHITE,ziyadnz/hourly-ipv4,ziyadnz|hourly,2026-08-17T18:48:05Z,2026-08-17T18:48:05Z,
122.226.38.134,ipv4,malicious-ip,medium,WHITE,ziyadnz/hourly-ipv4,ziyadnz|hourly,2026-08-17T18:48:05Z,2026-08-17T18:48:05Z,
122.227.138.106,ipv4,malicious-ip,medium,WHITE,ziyadnz/hourly-ipv4,ziyadnz|hourly,2026-08-17T18:48:05Z,2026-08-17T18:48:05Z,
122.227.174.246,ipv4,malicious-ip,medium,WHITE,ziyadnz/hourly-ipv4,ziyadnz|hourly,2026-08-17T18:48:05Z,2026-08-17T18:48:05Z,
122.227.193.134,ipv4,malicious-ip,medium,WHITE,ziyadnz/hourly-ipv4,ziyadnz|hourly,2026-08-17T18:48:05Z,2026-08-17T18:48:05Z,
122.228.193.105,ipv4,malicious-ip,medium,WHITE,ziyadnz/hourly-ipv4,ziyadnz|hourly,2026-08-17T18:48:05Z,2026-08-17T18:48:05Z,
122.228.245.21,ipv4,malicious-ip,medium,WHITE,ziyadnz/hourly-ipv4,ziyadnz|hourly,2026-08-17T18:48:05Z,2026-08-17T18:48:05Z,
122.228.86.100,ipv4,malicious-ip,medium,WHITE,ziyadnz/hourly-ipv4,ziyadnz|hourly,2026-08-17T18:48:05Z,2026-08-17T18:48:05Z,
122.230.235.96,ipv4,malicious-ip,medium,WHITE,ziyadnz/hourly-ipv4,ziyadnz|hourly,2026-08-17T18:48:05Z,2026-08-17T18:48:05Z,
122.231.191.3,ipv4,malicious-ip,medium,WHITE,ziyadnz/hourly-ipv4,ziyadnz|hourly,2026-08-17T18:48:05Z,2026-08-17T18:48:05Z,
122.231.203.29,ipv4,malicious-ip,medium,WHITE,ziyadnz/hourly-ipv4,ziyadnz|hourly,2026-08-17T18:48:05Z,2026-08-17T18:48:05Z,
122.231.244.155,ipv4,malicious-ip,medium,WHITE,ziyadnz/hourly-ipv4,ziyadnz|hourly,2026-08-17T18:48:05Z,2026-08-17T18:48:05Z,
122.231.251.142,ipv4,malicious-ip,medium,WHITE,ziyadnz/hourly-ipv4,ziyadnz|hourly,2026-08-17T18:48:05Z,2026-08-17T18:48:05Z,
122.232.10.148,ipv4,malicious-ip,medium,WHITE,ziyadnz/hourly-ipv4,ziyadnz|hourly,2026-08-17T18:48:05Z,2026-08-17T18:48:05Z,
122.232.17.136,ipv4,malicious-ip,medium,WHITE,ziyadnz/hourly-ipv4,ziyadnz|hourly,2026-08-17T18:48:05Z,2026-08-17T18:48:05Z,
122.232.67.170,ipv4,malicious-ip,medium,WHITE,ziyadnz/hourly-ipv4,ziyadnz|hourly,2026-08-17T18:48:05Z,2026-08-17T18:48:05Z,
122.233.243.69,ipv4,malicious-ip,medium,WHITE,ziyadnz/hourly-ipv4,ziyadnz|hourly,2026-08-17T18:48:05Z,2026-08-17T18:48:05Z,
122.233.56.210,ipv4,malicious-ip,medium,WHITE,ziyadnz/hourly-ipv4,ziyadnz|hourly,2026-08-17T18:48:05Z,2026-08-17T18:48:05Z,
122.234.16.190,ipv4,malicious-ip,medium,WHITE,ziyadnz/hourly-ipv4,ziyadnz|hourly,2026-08-17T18:48:05Z,2026-08-17T18:48:05Z,
122.234.24.55,ipv4,malicious-ip,medium,WHITE,ziyadnz/hourly-ipv4,ziyadnz|hourly,2026-08-17T18:48:05Z,2026-08-17T18:48:05Z,
122.234.92.21,ipv4,malicious-ip,medium,WHITE,ziyadnz/hourly-ipv4,ziyadnz|hourly,2026-08-17T18:48:05Z,2026-08-17T18:48:05Z,
122.235.157.125,ipv4,malicious-ip,medium,WHITE,ziyadnz/hourly-ipv4,ziyadnz|hourly,2026-08-17T18:48:05Z,2026-08-17T18:48:05Z,
122.236.13.7,ipv4,malicious-ip,medium,WHITE,ziyadnz/hourly-ipv4,ziyadnz|hourly,2026-08-17T18:48:05Z,2026-08-17T18:48:05Z,
122.236.186.90,ipv4,malicious-ip,medium,WHITE,ziyadnz/hourly-ipv4,ziyadnz|hourly,2026-08-17T18:48:05Z,2026-08-17T18:48:05Z,
122.236.239.75,ipv4,malicious-ip,medium,WHITE,ziyadnz/hourly-ipv4,ziyadnz|hourly,2026-08-17T18:48:05Z,2026-08-17T18:48:05Z,
122.239.96.67,ipv4,malicious-ip,medium,WHITE,ziyadnz/hourly-ipv4,ziyadnz|hourly,2026-08-17T18:48:05Z,2026-08-17T18:48:05Z,
122.241.39.122,ipv4,malicious-ip,medium,WHITE,ziyadnz/hourly-ipv4,ziyadnz|hourly,2026-08-17T18:48:05Z,2026-08-17T18:48:05Z,
122.242.75.61,ipv4,malicious-ip,medium,WHITE,ziyadnz/hourly-ipv4,ziyadnz|hourly,2026-08-17T18:48:05Z,2026-08-17T18:48:05Z,
122.243.204.95,ipv4,malicious-ip,medium,WHITE,ziyadnz/hourly-ipv4,ziyadnz|hourly,2026-08-17T18:48:05Z,2026-08-17T18:48:05Z,
122.243.252.206,ipv4,malicious-ip,medium,WHITE,ziyadnz/hourly-ipv4,ziyadnz|hourly,2026-08-17T18:48:05Z,2026-08-17T18:48:05Z,
122.243.46.142,ipv4,malicious-ip,medium,WHITE,ziyadnz/hourly-ipv4,ziyadnz|hourly,2026-08-17T18:48:05Z,2026-08-17T18:48:05Z,
122.246.190.84,ipv4,malicious-ip,medium,WHITE,ziyadnz/hourly-ipv4,ziyadnz|hourly,2026-08-17T18:48:05Z,2026-08-17T18:48:05Z,
122.246.8.150,ipv4,malicious-ip,medium,WHITE,ziyadnz/hourly-ipv4,ziyadnz|hourly,2026-08-17T18:48:05Z,2026-08-17T18:48:05Z,
122.247.246.225,ipv4,malicious-ip,medium,WHITE,ziyadnz/hourly-ipv4,ziyadnz|hourly,2026-08-17T18:48:05Z,2026-08-17T18:48:05Z,
122.247.8.182,ipv4,malicious-ip,medium,WHITE,ziyadnz/hourly-ipv4,ziyadnz|hourly,2026-08-17T18:48:05Z,2026-08-17T18:48:05Z,
122.252.228.82,ipv4,malicious-ip,medium,WHITE,ziyadnz/hourly-ipv4,ziyadnz|hourly,2026-08-17T18:48:05Z,2026-08-17T18:48:05Z,
122.252.232.190,ipv4,malicious-ip,medium,WHITE,ziyadnz/hourly-ipv4,ziyadnz|hourly,2026-08-17T18:48:05Z,2026-08-17T18:48:05Z,
122.252.246.1,ipv4,malicious-ip,medium,WHITE,ziyadnz/hourly-ipv4,ziyadnz|hourly,2026-08-17T18:48:05Z,2026-08-17T18:48:05Z,
122.254.30.34,ipv4,malicious-ip,medium,WHITE,ziyadnz/hourly-ipv4,ziyadnz|hourly,2026-08-17T18:48:05Z,2026-08-17T18:48:05Z,
122.255.14.246,ipv4,malicious-ip,medium,WHITE,ziyadnz/hourly-ipv4,ziyadnz|hourly,2026-08-17T18:48:05Z,2026-08-17T18:48:05Z,
122.3.106.113,ipv4,malicious-ip,medium,WHITE,ziyadnz/hourly-ipv4,ziyadnz|hourly,2026-08-17T18:48:05Z,2026-08-17T18:48:05Z,
122.3.142.156,ipv4,malicious-ip,medium,WHITE,ziyadnz/hourly-ipv4,ziyadnz|hourly,2026-08-17T18:48:05Z,2026-08-17T18:48:05Z,
122.3.147.105,ipv4,malicious-ip,medium,WHITE,ziyadnz/hourly-ipv4,ziyadnz|hourly,2026-08-17T18:48:05Z,2026-08-17T18:48:05Z,
122.3.150.61,ipv4,malicious-ip,medium,WHITE,ziyadnz/hourly-ipv4,ziyadnz|hourly,2026-08-17T18:48:05Z,2026-08-17T18:48:05Z,
122.3.167.64,ipv4,malicious-ip,medium,WHITE,ziyadnz/hourly-ipv4,ziyadnz|hourly,2026-08-17T18:48:05Z,2026-08-17T18:48:05Z,
122.3.176.134,ipv4,malicious-ip,medium,WHITE,ziyadnz/hourly-ipv4,ziyadnz|hourly,2026-08-17T18:48:05Z,2026-08-17T18:48:05Z,
122.3.193.166,ipv4,malicious-ip,medium,WHITE,ziyadnz/hourly-ipv4,ziyadnz|hourly,2026-08-17T18:48:05Z,2026-08-17T18:48:05Z,
122.3.34.232,ipv4,malicious-ip,medium,WHITE,ziyadnz/hourly-ipv4,ziyadnz|hourly,2026-08-17T18:48:05Z,2026-08-17T18:48:05Z,
122.3.76.28,ipv4,malicious-ip,medium,WHITE,ziyadnz/hourly-ipv4,ziyadnz|hourly,2026-08-17T18:48:05Z,2026-08-17T18:48:05Z,
122.35.192.33,ipv4,malicious-ip,medium,WHITE,ziyadnz/hourly-ipv4,ziyadnz|hourly,2026-08-17T18:48:05Z,2026-08-17T18:48:05Z,
122.35.192.61,ipv4,malicious-ip,medium,WHITE,ziyadnz/hourly-ipv4,ziyadnz|hourly,2026-08-17T18:48:05Z,2026-08-17T18:48:05Z,
122.42.101.11,ipv4,malicious-ip,medium,WHITE,ziyadnz/hourly-ipv4,ziyadnz|hourly,2026-08-17T18:48:05Z,2026-08-17T18:48:05Z,
122.42.4.220,ipv4,malicious-ip,medium,WHITE,ziyadnz/hourly-ipv4,ziyadnz|hourly,2026-08-17T18:48:05Z,2026-08-17T18:48:05Z,
122.44.37.10,ipv4,malicious-ip,medium,WHITE,ziyadnz/hourly-ipv4,ziyadnz|hourly,2026-08-17T18:48:05Z,2026-08-17T18:48:05Z,
122.5.108.77,ipv4,malicious-ip,medium,WHITE,ziyadnz/hourly-ipv4,ziyadnz|hourly,2026-08-17T18:48:05Z,2026-08-17T18:48:05Z,
122.5.123.167,ipv4,malicious-ip,medium,WHITE,ziyadnz/hourly-ipv4,ziyadnz|hourly,2026-08-17T18:48:05Z,2026-08-17T18:48:05Z,
122.5.126.163,ipv4,malicious-ip,medium,WHITE,ziyadnz/hourly-ipv4,ziyadnz|hourly,2026-08-17T18:48:05Z,2026-08-17T18:48:05Z,
122.5.126.75,ipv4,malicious-ip,medium,WHITE,ziyadnz/hourly-ipv4,ziyadnz|hourly,2026-08-17T18:48:05Z,2026-08-17T18:48:05Z,
122.5.127.44,ipv4,malicious-ip,medium,WHITE,ziyadnz/hourly-ipv4,ziyadnz|hourly,2026-08-17T18:48:05Z,2026-08-17T18:48:05Z,
122.5.75.37,ipv4,malicious-ip,medium,WHITE,ziyadnz/hourly-ipv4,ziyadnz|hourly,2026-08-17T18:48:05Z,2026-08-17T18:48:05Z,
122.5.76.184,ipv4,malicious-ip,medium,WHITE,ziyadnz/hourly-ipv4,ziyadnz|hourly,2026-08-17T18:48:05Z,2026-08-17T18:48:05Z,
122.50.1.184,ipv4,malicious-ip,medium,WHITE,ziyadnz/hourly-ipv4,ziyadnz|hourly,2026-08-17T18:48:05Z,2026-08-17T18:48:05Z,
122.50.1.97,ipv4,malicious-ip,medium,WHITE,ziyadnz/hourly-ipv4,ziyadnz|hourly,2026-08-17T18:48:05Z,2026-08-17T18:48:05Z,
122.50.8.230,ipv4,malicious-ip,medium,WHITE,ziyadnz/hourly-ipv4,ziyadnz|hourly,2026-08-17T18:48:05Z,2026-08-17T18:48:05Z,
122.51.100.190,ipv4,malicious-ip,medium,WHITE,ziyadnz/hourly-ipv4,ziyadnz|hourly,2026-08-17T18:48:05Z,2026-08-17T18:48:05Z,
122.51.118.134,ipv4,malicious-ip,medium,WHITE,ziyadnz/hourly-ipv4,ziyadnz|hourly,2026-08-17T18:48:05Z,2026-08-17T18:48:05Z,
122.51.143.218,ipv4,malicious-ip,medium,WHITE,ziyadnz/hourly-ipv4,ziyadnz|hourly,2026-08-17T18:48:05Z,2026-08-17T18:48:05Z,
122.51.163.223,ipv4,malicious-ip,medium,WHITE,ziyadnz/hourly-ipv4,ziyadnz|hourly,2026-08-17T18:48:05Z,2026-08-17T18:48:05Z,
122.51.41.216,ipv4,malicious-ip,medium,WHITE,ziyadnz/hourly-ipv4,ziyadnz|hourly,2026-08-17T18:48:05Z,2026-08-17T18:48:05Z,
122.51.5.251,ipv4,malicious-ip,medium,WHITE,ziyadnz/hourly-ipv4,ziyadnz|hourly,2026-08-17T18:48:05Z,2026-08-17T18:48:05Z,
122.51.73.24,ipv4,malicious-ip,medium,WHITE,ziyadnz/hourly-ipv4,ziyadnz|hourly,2026-08-17T18:48:05Z,2026-08-17T18:48:05Z,
122.51.78.94,ipv4,malicious-ip,medium,WHITE,ziyadnz/hourly-ipv4,ziyadnz|hourly,2026-08-17T18:48:05Z,2026-08-17T18:48:05Z,
122.51.92.157,ipv4,malicious-ip,medium,WHITE,ziyadnz/hourly-ipv4,ziyadnz|hourly,2026-08-17T18:48:05Z,2026-08-17T18:48:05Z,
122.52.112.114,ipv4,malicious-ip,medium,WHITE,ziyadnz/hourly-ipv4,ziyadnz|hourly,2026-08-17T18:48:05Z,2026-08-17T18:48:05Z,
122.52.112.127,ipv4,malicious-ip,medium,WHITE,ziyadnz/hourly-ipv4,ziyadnz|hourly,2026-08-17T18:48:05Z,2026-08-17T18:48:05Z,
122.52.121.69,ipv4,malicious-ip,medium,WHITE,ziyadnz/hourly-ipv4,ziyadnz|hourly,2026-08-17T18:48:05Z,2026-08-17T18:48:05Z,
122.52.121.84,ipv4,malicious-ip,medium,WHITE,ziyadnz/hourly-ipv4,ziyadnz|hourly,2026-08-17T18:48:05Z,2026-08-17T18:48:05Z,
122.52.188.145,ipv4,malicious-ip,medium,WHITE,ziyadnz/hourly-ipv4,ziyadnz|hourly,2026-08-17T18:48:05Z,2026-08-17T18:48:05Z,
122.52.196.243,ipv4,malicious-ip,medium,WHITE,ziyadnz/hourly-ipv4,ziyadnz|hourly,2026-08-17T18:48:05Z,2026-08-17T18:48:05Z,
122.52.217.223,ipv4,malicious-ip,medium,WHITE,ziyadnz/hourly-ipv4,ziyadnz|hourly,2026-08-17T18:48:05Z,2026-08-17T18:48:05Z,
122.52.217.224,ipv4,malicious-ip,medium,WHITE,ziyadnz/hourly-ipv4,ziyadnz|hourly,2026-08-17T18:48:05Z,2026-08-17T18:48:05Z,
122.52.57.141,ipv4,malicious-ip,medium,WHITE,ziyadnz/hourly-ipv4,ziyadnz|hourly,2026-08-17T18:48:05Z,2026-08-17T18:48:05Z,
122.52.75.164,ipv4,malicious-ip,medium,WHITE,ziyadnz/hourly-ipv4,ziyadnz|hourly,2026-08-17T18:48:05Z,2026-08-17T18:48:05Z,
122.53.27.88,ipv4,malicious-ip,medium,WHITE,ziyadnz/hourly-ipv4,ziyadnz|hourly,2026-08-17T18:48:05Z,2026-08-17T18:48:05Z,
122.53.53.117,ipv4,malicious-ip,medium,WHITE,ziyadnz/hourly-ipv4,ziyadnz|hourly,2026-08-17T18:48:05Z,2026-08-17T18:48:05Z,
122.53.62.59,ipv4,malicious-ip,medium,WHITE,ziyadnz/hourly-ipv4,ziyadnz|hourly,2026-08-17T18:48:05Z,2026-08-17T18:48:05Z,
122.53.72.128,ipv4,malicious-ip,medium,WHITE,ziyadnz/hourly-ipv4,ziyadnz|hourly,2026-08-17T18:48:05Z,2026-08-17T18:48:05Z,
122.54.143.156,ipv4,malicious-ip,medium,WHITE,ziyadnz/hourly-ipv4,ziyadnz|hourly,2026-08-17T18:48:05Z,2026-08-17T18:48:05Z,
122.54.173.172,ipv4,malicious-ip,medium,WHITE,ziyadnz/hourly-ipv4,ziyadnz|hourly,2026-08-17T18:48:05Z,2026-08-17T18:48:05Z,
122.54.198.52,ipv4,malicious-ip,medium,WHITE,ziyadnz/hourly-ipv4,ziyadnz|hourly,2026-08-17T18:48:05Z,2026-08-17T18:48:05Z,
122.54.210.44,ipv4,malicious-ip,medium,WHITE,ziyadnz/hourly-ipv4,ziyadnz|hourly,2026-08-17T18:48:05Z,2026-08-17T18:48:05Z,
122.54.88.152,ipv4,malicious-ip,medium,WHITE,ziyadnz/hourly-ipv4,ziyadnz|hourly,2026-08-17T18:48:05Z,2026-08-17T18:48:05Z,
122.55.253.27,ipv4,malicious-ip,medium,WHITE,ziyadnz/hourly-ipv4,ziyadnz|hourly,2026-08-17T18:48:05Z,2026-08-17T18:48:05Z,
122.6.42.154,ipv4,malicious-ip,medium,WHITE,ziyadnz/hourly-ipv4,ziyadnz|hourly,2026-08-17T18:48:05Z,2026-08-17T18:48:05Z,
122.63.80.148,ipv4,malicious-ip,medium,WHITE,ziyadnz/hourly-ipv4,ziyadnz|hourly,2026-08-17T18:48:05Z,2026-08-17T18:48:05Z,
122.7.11.0,ipv4,malicious-ip,medium,WHITE,ziyadnz/hourly-ipv4,ziyadnz|hourly,2026-08-17T18:48:05Z,2026-08-17T18:48:05Z,
122.7.11.146,ipv4,malicious-ip,medium,WHITE,ziyadnz/hourly-ipv4,ziyadnz|hourly,2026-08-17T18:48:05Z,2026-08-17T18:48:05Z,
122.7.19.116,ipv4,malicious-ip,medium,WHITE,ziyadnz/hourly-ipv4,ziyadnz|hourly,2026-08-17T18:48:05Z,2026-08-17T18:48:05Z,
122.7.90.227,ipv4,malicious-ip,medium,WHITE,ziyadnz/hourly-ipv4,ziyadnz|hourly,2026-08-17T18:48:05Z,2026-08-17T18:48:05Z,
122.8.151.99,ipv4,malicious-ip,medium,WHITE,ziyadnz/hourly-ipv4,ziyadnz|hourly,2026-08-17T18:48:05Z,2026-08-17T18:48:05Z,
122.9.120.169,ipv4,malicious-ip,medium,WHITE,ziyadnz/hourly-ipv4,ziyadnz|hourly,2026-08-17T18:48:05Z,2026-08-17T18:48:05Z,
122.9.46.175,ipv4,malicious-ip,medium,WHITE,ziyadnz/hourly-ipv4,ziyadnz|hourly,2026-08-17T18:48:05Z,2026-08-17T18:48:05Z,
122.96.12.103,ipv4,malicious-ip,medium,WHITE,ziyadnz/hourly-ipv4,ziyadnz|hourly,2026-08-17T18:48:05Z,2026-08-17T18:48:05Z,
122.96.28.100,ipv4,malicious-ip,medium,WHITE,ziyadnz/hourly-ipv4,ziyadnz|hourly,2026-08-17T18:48:05Z,2026-08-17T18:48:05Z,
122.96.28.102,ipv4,malicious-ip,medium,WHITE,ziyadnz/hourly-ipv4,ziyadnz|hourly,2026-08-17T18:48:05Z,2026-08-17T18:48:05Z,
122.96.28.104,ipv4,malicious-ip,medium,WHITE,ziyadnz/hourly-ipv4,ziyadnz|hourly,2026-08-17T18:48:05Z,2026-08-17T18:48:05Z,
122.96.28.105,ipv4,malicious-ip,medium,WHITE,ziyadnz/hourly-ipv4,ziyadnz|hourly,2026-08-17T18:48:05Z,2026-08-17T18:48:05Z,
122.96.28.106,ipv4,malicious-ip,medium,WHITE,ziyadnz/hourly-ipv4,ziyadnz|hourly,2026-08-17T18:48:05Z,2026-08-17T18:48:05Z,
122.96.28.108,ipv4,malicious-ip,medium,WHITE,ziyadnz/hourly-ipv4,ziyadnz|hourly,2026-08-17T18:48:05Z,2026-08-17T18:48:05Z,
122.96.28.11,ipv4,malicious-ip,medium,WHITE,ziyadnz/hourly-ipv4,ziyadnz|hourly,2026-08-17T18:48:05Z,2026-08-17T18:48:05Z,
122.96.28.114,ipv4,malicious-ip,medium,WHITE,ziyadnz/hourly-ipv4,ziyadnz|hourly,2026-08-17T18:48:05Z,2026-08-17T18:48:05Z,
122.96.28.120,ipv4,malicious-ip,medium,WHITE,ziyadnz/hourly-ipv4,ziyadnz|hourly,2026-08-17T18:48:05Z,2026-08-17T18:48:05Z,
122.96.28.123,ipv4,malicious-ip,medium,WHITE,ziyadnz/hourly-ipv4,ziyadnz|hourly,2026-08-17T18:48:05Z,2026-08-17T18:48:05Z,
122.96.28.125,ipv4,malicious-ip,medium,WHITE,ziyadnz/hourly-ipv4,ziyadnz|hourly,2026-08-17T18:48:05Z,2026-08-17T18:48:05Z,
122.96.28.127,ipv4,malicious-ip,medium,WHITE,ziyadnz/hourly-ipv4,ziyadnz|hourly,2026-08-17T18:48:05Z,2026-08-17T18:48:05Z,
122.96.28.129,ipv4,malicious-ip,medium,WHITE,ziyadnz/hourly-ipv4,ziyadnz|hourly,2026-08-17T18:48:05Z,2026-08-17T18:48:05Z,
122.96.28.131,ipv4,malicious-ip,medium,WHITE,ziyadnz/hourly-ipv4,ziyadnz|hourly,2026-08-17T18:48:05Z,2026-08-17T18:48:05Z,
122.96.28.132,ipv4,malicious-ip,medium,WHITE,ziyadnz/hourly-ipv4,ziyadnz|hourly,2026-08-17T18:48:05Z,2026-08-17T18:48:05Z,
122.96.28.137,ipv4,malicious-ip,medium,WHITE,ziyadnz/hourly-ipv4,ziyadnz|hourly,2026-08-17T18:48:05Z,2026-08-17T18:48:05Z,
122.96.28.143,ipv4,malicious-ip,medium,WHITE,ziyadnz/hourly-ipv4,ziyadnz|hourly,2026-08-17T18:48:05Z,2026-08-17T18:48:05Z,
122.96.28.144,ipv4,malicious-ip,medium,WHITE,ziyadnz/hourly-ipv4,ziyadnz|hourly,2026-08-17T18:48:05Z,2026-08-17T18:48:05Z,
122.96.28.147,ipv4,malicious-ip,medium,WHITE,ziyadnz/hourly-ipv4,ziyadnz|hourly,2026-08-17T18:48:05Z,2026-08-17T18:48:05Z,
122.96.28.148,ipv4,malicious-ip,medium,WHITE,ziyadnz/hourly-ipv4,ziyadnz|hourly,2026-08-17T18:48:05Z,2026-08-17T18:48:05Z,
122.96.28.152,ipv4,malicious-ip,medium,WHITE,ziyadnz/hourly-ipv4,ziyadnz|hourly,2026-08-17T18:48:05Z,2026-08-17T18:48:05Z,
122.96.28.153,ipv4,malicious-ip,medium,WHITE,ziyadnz/hourly-ipv4,ziyadnz|hourly,2026-08-17T18:48:05Z,2026-08-17T18:48:05Z,
122.96.28.159,ipv4,malicious-ip,medium,WHITE,ziyadnz/hourly-ipv4,ziyadnz|hourly,2026-08-17T18:48:05Z,2026-08-17T18:48:05Z,
122.96.28.16,ipv4,malicious-ip,medium,WHITE,ziyadnz/hourly-ipv4,ziyadnz|hourly,2026-08-17T18:48:05Z,2026-08-17T18:48:05Z,
122.96.28.162,ipv4,malicious-ip,medium,WHITE,ziyadnz/hourly-ipv4,ziyadnz|hourly,2026-08-17T18:48:05Z,2026-08-17T18:48:05Z,
122.96.28.164,ipv4,malicious-ip,medium,WHITE,ziyadnz/hourly-ipv4,ziyadnz|hourly,2026-08-17T18:48:05Z,2026-08-17T18:48:05Z,
122.96.28.167,ipv4,malicious-ip,medium,WHITE,ziyadnz/hourly-ipv4,ziyadnz|hourly,2026-08-17T18:48:05Z,2026-08-17T18:48:05Z,
122.96.28.168,ipv4,malicious-ip,medium,WHITE,ziyadnz/hourly-ipv4,ziyadnz|hourly,2026-08-17T18:48:05Z,2026-08-17T18:48:05Z,
122.96.28.170,ipv4,malicious-ip,medium,WHITE,ziyadnz/hourly-ipv4,ziyadnz|hourly,2026-08-17T18:48:05Z,2026-08-17T18:48:05Z,
122.96.28.171,ipv4,malicious-ip,medium,WHITE,ziyadnz/hourly-ipv4,ziyadnz|hourly,2026-08-17T18:48:05Z,2026-08-17T18:48:05Z,
122.96.28.174,ipv4,malicious-ip,medium,WHITE,ziyadnz/hourly-ipv4,ziyadnz|hourly,2026-08-17T18:48:05Z,2026-08-17T18:48:05Z,
122.96.28.176,ipv4,malicious-ip,medium,WHITE,ziyadnz/hourly-ipv4,ziyadnz|hourly,2026-08-17T18:48:05Z,2026-08-17T18:48:05Z,
122.96.28.18,ipv4,malicious-ip,medium,WHITE,ziyadnz/hourly-ipv4,ziyadnz|hourly,2026-08-17T18:48:05Z,2026-08-17T18:48:05Z,
122.96.28.184,ipv4,malicious-ip,medium,WHITE,ziyadnz/hourly-ipv4,ziyadnz|hourly,2026-08-17T18:48:05Z,2026-08-17T18:48:05Z,
122.96.28.189,ipv4,malicious-ip,medium,WHITE,ziyadnz/hourly-ipv4,ziyadnz|hourly,2026-08-17T18:48:05Z,2026-08-17T18:48:05Z,
122.96.28.194,ipv4,malicious-ip,medium,WHITE,ziyadnz/hourly-ipv4,ziyadnz|hourly,2026-08-17T18:48:05Z,2026-08-17T18:48:05Z,
122.96.28.199,ipv4,malicious-ip,medium,WHITE,ziyadnz/hourly-ipv4,ziyadnz|hourly,2026-08-17T18:48:05Z,2026-08-17T18:48:05Z,
122.96.28.201,ipv4,malicious-ip,medium,WHITE,ziyadnz/hourly-ipv4,ziyadnz|hourly,2026-08-17T18:48:05Z,2026-08-17T18:48:05Z,
122.96.28.204,ipv4,malicious-ip,medium,WHITE,ziyadnz/hourly-ipv4,ziyadnz|hourly,2026-08-17T18:48:05Z,2026-08-17T18:48:05Z,
122.96.28.205,ipv4,malicious-ip,medium,WHITE,ziyadnz/hourly-ipv4,ziyadnz|hourly,2026-08-17T18:48:05Z,2026-08-17T18:48:05Z,
122.96.28.206,ipv4,malicious-ip,medium,WHITE,ziyadnz/hourly-ipv4,ziyadnz|hourly,2026-08-17T18:48:05Z,2026-08-17T18:48:05Z,
122.96.28.225,ipv4,malicious-ip,medium,WHITE,ziyadnz/hourly-ipv4,ziyadnz|hourly,2026-08-17T18:48:05Z,2026-08-17T18:48:05Z,
122.96.28.232,ipv4,malicious-ip,medium,WHITE,ziyadnz/hourly-ipv4,ziyadnz|hourly,2026-08-17T18:48:05Z,2026-08-17T18:48:05Z,
122.96.28.233,ipv4,malicious-ip,medium,WHITE,ziyadnz/hourly-ipv4,ziyadnz|hourly,2026-08-17T18:48:05Z,2026-08-17T18:48:05Z,
122.96.28.236,ipv4,malicious-ip,medium,WHITE,ziyadnz/hourly-ipv4,ziyadnz|hourly,2026-08-17T18:48:05Z,2026-08-17T18:48:05Z,
122.96.28.244,ipv4,malicious-ip,medium,WHITE,ziyadnz/hourly-ipv4,ziyadnz|hourly,2026-08-17T18:48:05Z,2026-08-17T18:48:05Z,
122.96.28.245,ipv4,malicious-ip,medium,WHITE,ziyadnz/hourly-ipv4,ziyadnz|hourly,2026-08-17T18:48:05Z,2026-08-17T18:48:05Z,
122.96.28.251,ipv4,malicious-ip,medium,WHITE,ziyadnz/hourly-ipv4,ziyadnz|hourly,2026-08-17T18:48:05Z,2026-08-17T18:48:05Z,
122.96.28.252,ipv4,malicious-ip,medium,WHITE,ziyadnz/hourly-ipv4,ziyadnz|hourly,2026-08-17T18:48:05Z,2026-08-17T18:48:05Z,
122.96.28.26,ipv4,malicious-ip,medium,WHITE,ziyadnz/hourly-ipv4,ziyadnz|hourly,2026-08-17T18:48:05Z,2026-08-17T18:48:05Z,
122.96.28.28,ipv4,malicious-ip,medium,WHITE,ziyadnz/hourly-ipv4,ziyadnz|hourly,2026-08-17T18:48:05Z,2026-08-17T18:48:05Z,
122.96.28.35,ipv4,malicious-ip,medium,WHITE,ziyadnz/hourly-ipv4,ziyadnz|hourly,2026-08-17T18:48:05Z,2026-08-17T18:48:05Z,
122.96.28.38,ipv4,malicious-ip,medium,WHITE,ziyadnz/hourly-ipv4,ziyadnz|hourly,2026-08-17T18:48:05Z,2026-08-17T18:48:05Z,
122.96.28.46,ipv4,malicious-ip,medium,WHITE,ziyadnz/hourly-ipv4,ziyadnz|hourly,2026-08-17T18:48:05Z,2026-08-17T18:48:05Z,
122.96.28.47,ipv4,malicious-ip,medium,WHITE,ziyadnz/hourly-ipv4,ziyadnz|hourly,2026-08-17T18:48:05Z,2026-08-17T18:48:05Z,
122.96.28.48,ipv4,malicious-ip,medium,WHITE,ziyadnz/hourly-ipv4,ziyadnz|hourly,2026-08-17T18:48:05Z,2026-08-17T18:48:05Z,
122.96.28.50,ipv4,malicious-ip,medium,WHITE,ziyadnz/hourly-ipv4,ziyadnz|hourly,2026-08-17T18:48:05Z,2026-08-17T18:48:05Z,
122.96.28.51,ipv4,malicious-ip,medium,WHITE,ziyadnz/hourly-ipv4,ziyadnz|hourly,2026-08-17T18:48:05Z,2026-08-17T18:48:05Z,
122.96.28.52,ipv4,malicious-ip,medium,WHITE,ziyadnz/hourly-ipv4,ziyadnz|hourly,2026-08-17T18:48:05Z,2026-08-17T18:48:05Z,
122.96.28.53,ipv4,malicious-ip,medium,WHITE,ziyadnz/hourly-ipv4,ziyadnz|hourly,2026-08-17T18:48:05Z,2026-08-17T18:48:05Z,
122.96.28.55,ipv4,malicious-ip,medium,WHITE,ziyadnz/hourly-ipv4,ziyadnz|hourly,2026-08-17T18:48:05Z,2026-08-17T18:48:05Z,
122.96.28.56,ipv4,malicious-ip,medium,WHITE,ziyadnz/hourly-ipv4,ziyadnz|hourly,2026-08-17T18:48:05Z,2026-08-17T18:48:05Z,
122.96.28.57,ipv4,malicious-ip,medium,WHITE,ziyadnz/hourly-ipv4,ziyadnz|hourly,2026-08-17T18:48:05Z,2026-08-17T18:48:05Z,
122.96.28.62,ipv4,malicious-ip,medium,WHITE,ziyadnz/hourly-ipv4,ziyadnz|hourly,2026-08-17T18:48:05Z,2026-08-17T18:48:05Z,
122.96.28.68,ipv4,malicious-ip,medium,WHITE,ziyadnz/hourly-ipv4,ziyadnz|hourly,2026-08-17T18:48:05Z,2026-08-17T18:48:05Z,
122.96.28.69,ipv4,malicious-ip,medium,WHITE,ziyadnz/hourly-ipv4,ziyadnz|hourly,2026-08-17T18:48:05Z,2026-08-17T18:48:05Z,
122.96.28.7,ipv4,malicious-ip,medium,WHITE,ziyadnz/hourly-ipv4,ziyadnz|hourly,2026-08-17T18:48:05Z,2026-08-17T18:48:05Z,
122.96.28.72,ipv4,malicious-ip,medium,WHITE,ziyadnz/hourly-ipv4,ziyadnz|hourly,2026-08-17T18:48:05Z,2026-08-17T18:48:05Z,
122.96.28.75,ipv4,malicious-ip,medium,WHITE,ziyadnz/hourly-ipv4,ziyadnz|hourly,2026-08-17T18:48:05Z,2026-08-17T18:48:05Z,
122.96.28.8,ipv4,malicious-ip,medium,WHITE,ziyadnz/hourly-ipv4,ziyadnz|hourly,2026-08-17T18:48:05Z,2026-08-17T18:48:05Z,
122.96.28.80,ipv4,malicious-ip,medium,WHITE,ziyadnz/hourly-ipv4,ziyadnz|hourly,2026-08-17T18:48:05Z,2026-08-17T18:48:05Z,
122.96.28.86,ipv4,malicious-ip,medium,WHITE,ziyadnz/hourly-ipv4,ziyadnz|hourly,2026-08-17T18:48:05Z,2026-08-17T18:48:05Z,
122.96.28.89,ipv4,malicious-ip,medium,WHITE,ziyadnz/hourly-ipv4,ziyadnz|hourly,2026-08-17T18:48:05Z,2026-08-17T18:48:05Z,
122.96.28.9,ipv4,malicious-ip,medium,WHITE,ziyadnz/hourly-ipv4,ziyadnz|hourly,2026-08-17T18:48:05Z,2026-08-17T18:48:05Z,
122.96.28.91,ipv4,malicious-ip,medium,WHITE,ziyadnz/hourly-ipv4,ziyadnz|hourly,2026-08-17T18:48:05Z,2026-08-17T18:48:05Z,
122.96.28.96,ipv4,malicious-ip,medium,WHITE,ziyadnz/hourly-ipv4,ziyadnz|hourly,2026-08-17T18:48:05Z,2026-08-17T18:48:05Z,
122.96.31.160,ipv4,malicious-ip,medium,WHITE,ziyadnz/hourly-ipv4,ziyadnz|hourly,2026-08-17T18:48:05Z,2026-08-17T18:48:05Z,
122.96.31.81,ipv4,malicious-ip,medium,WHITE,ziyadnz/hourly-ipv4,ziyadnz|hourly,2026-08-17T18:48:05Z,2026-08-17T18:48:05Z,
122.96.48.0,ipv4,malicious-ip,medium,WHITE,ziyadnz/hourly-ipv4,ziyadnz|hourly,2026-08-17T18:48:05Z,2026-08-17T18:48:05Z,
122.96.48.102,ipv4,malicious-ip,medium,WHITE,ziyadnz/hourly-ipv4,ziyadnz|hourly,2026-08-17T18:48:05Z,2026-08-17T18:48:05Z,
122.96.48.132,ipv4,malicious-ip,medium,WHITE,ziyadnz/hourly-ipv4,ziyadnz|hourly,2026-08-17T18:48:05Z,2026-08-17T18:48:05Z,
122.96.48.133,ipv4,malicious-ip,medium,WHITE,ziyadnz/hourly-ipv4,ziyadnz|hourly,2026-08-17T18:48:05Z,2026-08-17T18:48:05Z,
122.96.48.162,ipv4,malicious-ip,medium,WHITE,ziyadnz/hourly-ipv4,ziyadnz|hourly,2026-08-17T18:48:05Z,2026-08-17T18:48:05Z,
122.96.48.164,ipv4,malicious-ip,medium,WHITE,ziyadnz/hourly-ipv4,ziyadnz|hourly,2026-08-17T18:48:05Z,2026-08-17T18:48:05Z,
122.96.48.167,ipv4,malicious-ip,medium,WHITE,ziyadnz/hourly-ipv4,ziyadnz|hourly,2026-08-17T18:48:05Z,2026-08-17T18:48:05Z,
122.96.48.215,ipv4,malicious-ip,medium,WHITE,ziyadnz/hourly-ipv4,ziyadnz|hourly,2026-08-17T18:48:05Z,2026-08-17T18:48:05Z,
122.96.50.107,ipv4,malicious-ip,medium,WHITE,ziyadnz/hourly-ipv4,ziyadnz|hourly,2026-08-17T18:48:05Z,2026-08-17T18:48:05Z,
122.96.50.122,ipv4,malicious-ip,medium,WHITE,ziyadnz/hourly-ipv4,ziyadnz|hourly,2026-08-17T18:48:05Z,2026-08-17T18:48:05Z,
122.96.50.249,ipv4,malicious-ip,medium,WHITE,ziyadnz/hourly-ipv4,ziyadnz|hourly,2026-08-17T18:48:05Z,2026-08-17T18:48:05Z,
122.96.50.253,ipv4,malicious-ip,medium,WHITE,ziyadnz/hourly-ipv4,ziyadnz|hourly,2026-08-17T18:48:05Z,2026-08-17T18:48:05Z,
122.97.136.119,ipv4,malicious-ip,medium,WHITE,ziyadnz/hourly-ipv4,ziyadnz|hourly,2026-08-17T18:48:05Z,2026-08-17T18:48:05Z,
122.97.136.200,ipv4,malicious-ip,medium,WHITE,ziyadnz/hourly-ipv4,ziyadnz|hourly,2026-08-17T18:48:05Z,2026-08-17T18:48:05Z,
122.97.136.56,ipv4,malicious-ip,medium,WHITE,ziyadnz/hourly-ipv4,ziyadnz|hourly,2026-08-17T18:48:05Z,2026-08-17T18:48:05Z,
122.97.137.0,ipv4,malicious-ip,medium,WHITE,ziyadnz/hourly-ipv4,ziyadnz|hourly,2026-08-17T18:48:05Z,2026-08-17T18:48:05Z,
122.97.137.100,ipv4,malicious-ip,medium,WHITE,ziyadnz/hourly-ipv4,ziyadnz|hourly,2026-08-17T18:48:05Z,2026-08-17T18:48:05Z,
122.97.137.108,ipv4,malicious-ip,medium,WHITE,ziyadnz/hourly-ipv4,ziyadnz|hourly,2026-08-17T18:48:05Z,2026-08-17T18:48:05Z,
122.97.137.11,ipv4,malicious-ip,medium,WHITE,ziyadnz/hourly-ipv4,ziyadnz|hourly,2026-08-17T18:48:05Z,2026-08-17T18:48:05Z,
122.97.137.12,ipv4,malicious-ip,medium,WHITE,ziyadnz/hourly-ipv4,ziyadnz|hourly,2026-08-17T18:48:05Z,2026-08-17T18:48:05Z,
122.97.137.123,ipv4,malicious-ip,medium,WHITE,ziyadnz/hourly-ipv4,ziyadnz|hourly,2026-08-17T18:48:05Z,2026-08-17T18:48:05Z,
122.97.137.125,ipv4,malicious-ip,medium,WHITE,ziyadnz/hourly-ipv4,ziyadnz|hourly,2026-08-17T18:48:05Z,2026-08-17T18:48:05Z,
122.97.137.126,ipv4,malicious-ip,medium,WHITE,ziyadnz/hourly-ipv4,ziyadnz|hourly,2026-08-17T18:48:05Z,2026-08-17T18:48:05Z,
122.97.137.246,ipv4,malicious-ip,medium,WHITE,ziyadnz/hourly-ipv4,ziyadnz|hourly,2026-08-17T18:48:05Z,2026-08-17T18:48:05Z,
122.97.137.249,ipv4,malicious-ip,medium,WHITE,ziyadnz/hourly-ipv4,ziyadnz|hourly,2026-08-17T18:48:05Z,2026-08-17T18:48:05Z,
122.97.137.75,ipv4,malicious-ip,medium,WHITE,ziyadnz/hourly-ipv4,ziyadnz|hourly,2026-08-17T18:48:05Z,2026-08-17T18:48:05Z,
122.97.138.173,ipv4,malicious-ip,medium,WHITE,ziyadnz/hourly-ipv4,ziyadnz|hourly,2026-08-17T18:48:05Z,2026-08-17T18:48:05Z,
122.97.138.191,ipv4,malicious-ip,medium,WHITE,ziyadnz/hourly-ipv4,ziyadnz|hourly,2026-08-17T18:48:05Z,2026-08-17T18:48:05Z,
122.97.138.209,ipv4,malicious-ip,medium,WHITE,ziyadnz/hourly-ipv4,ziyadnz|hourly,2026-08-17T18:48:05Z,2026-08-17T18:48:05Z,
122.97.209.164,ipv4,malicious-ip,medium,WHITE,ziyadnz/hourly-ipv4,ziyadnz|hourly,2026-08-17T18:48:05Z,2026-08-17T18:48:05Z,
122.97.209.82,ipv4,malicious-ip,medium,WHITE,ziyadnz/hourly-ipv4,ziyadnz|hourly,2026-08-17T18:48:05Z,2026-08-17T18:48:05Z,
122.97.212.119,ipv4,malicious-ip,medium,WHITE,ziyadnz/hourly-ipv4,ziyadnz|hourly,2026-08-17T18:48:05Z,2026-08-17T18:48:05Z,
122.97.212.140,ipv4,malicious-ip,medium,WHITE,ziyadnz/hourly-ipv4,ziyadnz|hourly,2026-08-17T18:48:05Z,2026-08-17T18:48:05Z,
122.97.212.147,ipv4,malicious-ip,medium,WHITE,ziyadnz/hourly-ipv4,ziyadnz|hourly,2026-08-17T18:48:05Z,2026-08-17T18:48:05Z,
122.97.212.26,ipv4,malicious-ip,medium,WHITE,ziyadnz/hourly-ipv4,ziyadnz|hourly,2026-08-17T18:48:05Z,2026-08-17T18:48:05Z,
122.97.215.138,ipv4,malicious-ip,medium,WHITE,ziyadnz/hourly-ipv4,ziyadnz|hourly,2026-08-17T18:48:05Z,2026-08-17T18:48:05Z,
122.97.215.198,ipv4,malicious-ip,medium,WHITE,ziyadnz/hourly-ipv4,ziyadnz|hourly,2026-08-17T18:48:05Z,2026-08-17T18:48:05Z,
123.1.147.204,ipv4,malicious-ip,medium,WHITE,ziyadnz/hourly-ipv4,ziyadnz|hourly,2026-08-17T18:48:05Z,2026-08-17T18:48:05Z,
123.1.194.216,ipv4,malicious-ip,medium,WHITE,ziyadnz/hourly-ipv4,ziyadnz|hourly,2026-08-17T18:48:05Z,2026-08-17T18:48:05Z,
123.10.153.253,ipv4,malicious-ip,medium,WHITE,ziyadnz/hourly-ipv4,ziyadnz|hourly,2026-08-17T18:48:05Z,2026-08-17T18:48:05Z,
123.10.28.41,ipv4,malicious-ip,medium,WHITE,ziyadnz/hourly-ipv4,ziyadnz|hourly,2026-08-17T18:48:05Z,2026-08-17T18:48:05Z,
123.10.29.108,ipv4,malicious-ip,medium,WHITE,ziyadnz/hourly-ipv4,ziyadnz|hourly,2026-08-17T18:48:05Z,2026-08-17T18:48:05Z,
123.10.7.110,ipv4,malicious-ip,medium,WHITE,ziyadnz/hourly-ipv4,ziyadnz|hourly,2026-08-17T18:48:05Z,2026-08-17T18:48:05Z,
123.101.144.62,ipv4,malicious-ip,medium,WHITE,ziyadnz/hourly-ipv4,ziyadnz|hourly,2026-08-17T18:48:05Z,2026-08-17T18:48:05Z,
123.103.51.92,ipv4,malicious-ip,medium,WHITE,ziyadnz/hourly-ipv4,ziyadnz|hourly,2026-08-17T18:48:05Z,2026-08-17T18:48:05Z,
123.108.201.164,ipv4,malicious-ip,medium,WHITE,ziyadnz/hourly-ipv4,ziyadnz|hourly,2026-08-17T18:48:05Z,2026-08-17T18:48:05Z,
123.108.206.21,ipv4,malicious-ip,medium,WHITE,ziyadnz/hourly-ipv4,ziyadnz|hourly,2026-08-17T18:48:05Z,2026-08-17T18:48:05Z,
123.108.206.3,ipv4,malicious-ip,medium,WHITE,ziyadnz/hourly-ipv4,ziyadnz|hourly,2026-08-17T18:48:05Z,2026-08-17T18:48:05Z,
123.108.95.154,ipv4,malicious-ip,medium,WHITE,ziyadnz/hourly-ipv4,ziyadnz|hourly,2026-08-17T18:48:05Z,2026-08-17T18:48:05Z,
123.11.238.149,ipv4,malicious-ip,medium,WHITE,ziyadnz/hourly-ipv4,ziyadnz|hourly,2026-08-17T18:48:05Z,2026-08-17T18:48:05Z,
123.11.9.137,ipv4,malicious-ip,medium,WHITE,ziyadnz/hourly-ipv4,ziyadnz|hourly,2026-08-17T18:48:05Z,2026-08-17T18:48:05Z,
123.110.40.204,ipv4,malicious-ip,medium,WHITE,ziyadnz/hourly-ipv4,ziyadnz|hourly,2026-08-17T18:48:05Z,2026-08-17T18:48:05Z,
123.112.134.20,ipv4,malicious-ip,medium,WHITE,ziyadnz/hourly-ipv4,ziyadnz|hourly,2026-08-17T18:48:05Z,2026-08-17T18:48:05Z,
123.113.10.130,ipv4,malicious-ip,medium,WHITE,ziyadnz/hourly-ipv4,ziyadnz|hourly,2026-08-17T18:48:05Z,2026-08-17T18:48:05Z,
123.113.15.74,ipv4,malicious-ip,medium,WHITE,ziyadnz/hourly-ipv4,ziyadnz|hourly,2026-08-17T18:48:05Z,2026-08-17T18:48:05Z,
123.113.153.108,ipv4,malicious-ip,medium,WHITE,ziyadnz/hourly-ipv4,ziyadnz|hourly,2026-08-17T18:48:05Z,2026-08-17T18:48:05Z,
123.113.168.45,ipv4,malicious-ip,medium,WHITE,ziyadnz/hourly-ipv4,ziyadnz|hourly,2026-08-17T18:48:05Z,2026-08-17T18:48:05Z,
123.114.2.156,ipv4,malicious-ip,medium,WHITE,ziyadnz/hourly-ipv4,ziyadnz|hourly,2026-08-17T18:48:05Z,2026-08-17T18:48:05Z,
123.116.232.244,ipv4,malicious-ip,medium,WHITE,ziyadnz/hourly-ipv4,ziyadnz|hourly,2026-08-17T18:48:05Z,2026-08-17T18:48:05Z,
123.117.179.76,ipv4,malicious-ip,medium,WHITE,ziyadnz/hourly-ipv4,ziyadnz|hourly,2026-08-17T18:48:05Z,2026-08-17T18:48:05Z,
123.118.1.169,ipv4,malicious-ip,medium,WHITE,ziyadnz/hourly-ipv4,ziyadnz|hourly,2026-08-17T18:48:05Z,2026-08-17T18:48:05Z,
123.118.132.100,ipv4,malicious-ip,medium,WHITE,ziyadnz/hourly-ipv4,ziyadnz|hourly,2026-08-17T18:48:05Z,2026-08-17T18:48:05Z,
123.12.171.142,ipv4,malicious-ip,medium,WHITE,ziyadnz/hourly-ipv4,ziyadnz|hourly,2026-08-17T18:48:05Z,2026-08-17T18:48:05Z,
123.12.21.49,ipv4,malicious-ip,medium,WHITE,ziyadnz/hourly-ipv4,ziyadnz|hourly,2026-08-17T18:48:05Z,2026-08-17T18:48:05Z,
123.12.90.16,ipv4,malicious-ip,medium,WHITE,ziyadnz/hourly-ipv4,ziyadnz|hourly,2026-08-17T18:48:05Z,2026-08-17T18:48:05Z,
123.120.192.83,ipv4,malicious-ip,medium,WHITE,ziyadnz/hourly-ipv4,ziyadnz|hourly,2026-08-17T18:48:05Z,2026-08-17T18:48:05Z,
123.120.210.241,ipv4,malicious-ip,medium,WHITE,ziyadnz/hourly-ipv4,ziyadnz|hourly,2026-08-17T18:48:05Z,2026-08-17T18:48:05Z,
123.121.15.224,ipv4,malicious-ip,medium,WHITE,ziyadnz/hourly-ipv4,ziyadnz|hourly,2026-08-17T18:48:05Z,2026-08-17T18:48:05Z,
123.121.173.68,ipv4,malicious-ip,medium,WHITE,ziyadnz/hourly-ipv4,ziyadnz|hourly,2026-08-17T18:48:05Z,2026-08-17T18:48:05Z,
123.123.201.241,ipv4,malicious-ip,medium,WHITE,ziyadnz/hourly-ipv4,ziyadnz|hourly,2026-08-17T18:48:05Z,2026-08-17T18:48:05Z,
123.123.204.158,ipv4,malicious-ip,medium,WHITE,ziyadnz/hourly-ipv4,ziyadnz|hourly,2026-08-17T18:48:05Z,2026-08-17T18:48:05Z,
123.124.24.114,ipv4,malicious-ip,medium,WHITE,ziyadnz/hourly-ipv4,ziyadnz|hourly,2026-08-17T18:48:05Z,2026-08-17T18:48:05Z,
123.128.29.142,ipv4,malicious-ip,medium,WHITE,ziyadnz/hourly-ipv4,ziyadnz|hourly,2026-08-17T18:48:05Z,2026-08-17T18:48:05Z,
123.129.112.215,ipv4,malicious-ip,medium,WHITE,ziyadnz/hourly-ipv4,ziyadnz|hourly,2026-08-17T18:48:05Z,2026-08-17T18:48:05Z,
123.129.118.14,ipv4,malicious-ip,medium,WHITE,ziyadnz/hourly-ipv4,ziyadnz|hourly,2026-08-17T18:48:05Z,2026-08-17T18:48:05Z,
123.129.121.34,ipv4,malicious-ip,medium,WHITE,ziyadnz/hourly-ipv4,ziyadnz|hourly,2026-08-17T18:48:05Z,2026-08-17T18:48:05Z,
123.129.122.165,ipv4,malicious-ip,medium,WHITE,ziyadnz/hourly-ipv4,ziyadnz|hourly,2026-08-17T18:48:05Z,2026-08-17T18:48:05Z,
123.129.122.253,ipv4,malicious-ip,medium,WHITE,ziyadnz/hourly-ipv4,ziyadnz|hourly,2026-08-17T18:48:05Z,2026-08-17T18:48:05Z,
123.129.123.40,ipv4,malicious-ip,medium,WHITE,ziyadnz/hourly-ipv4,ziyadnz|hourly,2026-08-17T18:48:05Z,2026-08-17T18:48:05Z,
123.129.245.170,ipv4,malicious-ip,medium,WHITE,ziyadnz/hourly-ipv4,ziyadnz|hourly,2026-08-17T18:48:05Z,2026-08-17T18:48:05Z,
123.129.74.111,ipv4,malicious-ip,medium,WHITE,ziyadnz/hourly-ipv4,ziyadnz|hourly,2026-08-17T18:48:05Z,2026-08-17T18:48:05Z,
123.13.0.49,ipv4,malicious-ip,medium,WHITE,ziyadnz/hourly-ipv4,ziyadnz|hourly,2026-08-17T18:48:05Z,2026-08-17T18:48:05Z,
123.13.41.128,ipv4,malicious-ip,medium,WHITE,ziyadnz/hourly-ipv4,ziyadnz|hourly,2026-08-17T18:48:05Z,2026-08-17T18:48:05Z,
123.13.66.226,ipv4,malicious-ip,medium,WHITE,ziyadnz/hourly-ipv4,ziyadnz|hourly,2026-08-17T18:48:05Z,2026-08-17T18:48:05Z,
123.13.89.192,ipv4,malicious-ip,medium,WHITE,ziyadnz/hourly-ipv4,ziyadnz|hourly,2026-08-17T18:48:05Z,2026-08-17T18:48:05Z,
123.130.104.21,ipv4,malicious-ip,medium,WHITE,ziyadnz/hourly-ipv4,ziyadnz|hourly,2026-08-17T18:48:05Z,2026-08-17T18:48:05Z,
123.130.203.165,ipv4,malicious-ip,medium,WHITE,ziyadnz/hourly-ipv4,ziyadnz|hourly,2026-08-17T18:48:05Z,2026-08-17T18:48:05Z,
123.130.231.178,ipv4,malicious-ip,medium,WHITE,ziyadnz/hourly-ipv4,ziyadnz|hourly,2026-08-17T18:48:05Z,2026-08-17T18:48:05Z,
123.130.236.130,ipv4,malicious-ip,medium,WHITE,ziyadnz/hourly-ipv4,ziyadnz|hourly,2026-08-17T18:48:05Z,2026-08-17T18:48:05Z,
123.130.251.157,ipv4,malicious-ip,medium,WHITE,ziyadnz/hourly-ipv4,ziyadnz|hourly,2026-08-17T18:48:05Z,2026-08-17T18:48:05Z,
123.130.254.52,ipv4,malicious-ip,medium,WHITE,ziyadnz/hourly-ipv4,ziyadnz|hourly,2026-08-17T18:48:05Z,2026-08-17T18:48:05Z,
123.130.61.74,ipv4,malicious-ip,medium,WHITE,ziyadnz/hourly-ipv4,ziyadnz|hourly,2026-08-17T18:48:05Z,2026-08-17T18:48:05Z,
123.131.116.250,ipv4,malicious-ip,medium,WHITE,ziyadnz/hourly-ipv4,ziyadnz|hourly,2026-08-17T18:48:05Z,2026-08-17T18:48:05Z,
123.131.148.23,ipv4,malicious-ip,medium,WHITE,ziyadnz/hourly-ipv4,ziyadnz|hourly,2026-08-17T18:48:05Z,2026-08-17T18:48:05Z,
123.131.228.140,ipv4,malicious-ip,medium,WHITE,ziyadnz/hourly-ipv4,ziyadnz|hourly,2026-08-17T18:48:05Z,2026-08-17T18:48:05Z,
123.131.54.104,ipv4,malicious-ip,medium,WHITE,ziyadnz/hourly-ipv4,ziyadnz|hourly,2026-08-17T18:48:05Z,2026-08-17T18:48:05Z,
123.132.119.244,ipv4,malicious-ip,medium,WHITE,ziyadnz/hourly-ipv4,ziyadnz|hourly,2026-08-17T18:48:05Z,2026-08-17T18:48:05Z,
123.132.123.106,ipv4,malicious-ip,medium,WHITE,ziyadnz/hourly-ipv4,ziyadnz|hourly,2026-08-17T18:48:05Z,2026-08-17T18:48:05Z,
123.132.136.24,ipv4,malicious-ip,medium,WHITE,ziyadnz/hourly-ipv4,ziyadnz|hourly,2026-08-17T18:48:05Z,2026-08-17T18:48:05Z,
123.132.147.111,ipv4,malicious-ip,medium,WHITE,ziyadnz/hourly-ipv4,ziyadnz|hourly,2026-08-17T18:48:05Z,2026-08-17T18:48:05Z,
123.132.156.251,ipv4,malicious-ip,medium,WHITE,ziyadnz/hourly-ipv4,ziyadnz|hourly,2026-08-17T18:48:05Z,2026-08-17T18:48:05Z,
123.132.190.16,ipv4,malicious-ip,medium,WHITE,ziyadnz/hourly-ipv4,ziyadnz|hourly,2026-08-17T18:48:05Z,2026-08-17T18:48:05Z,
123.132.21.92,ipv4,malicious-ip,medium,WHITE,ziyadnz/hourly-ipv4,ziyadnz|hourly,2026-08-17T18:48:05Z,2026-08-17T18:48:05Z,
123.133.11.78,ipv4,malicious-ip,medium,WHITE,ziyadnz/hourly-ipv4,ziyadnz|hourly,2026-08-17T18:48:05Z,2026-08-17T18:48:05Z,
123.133.111.238,ipv4,malicious-ip,medium,WHITE,ziyadnz/hourly-ipv4,ziyadnz|hourly,2026-08-17T18:48:05Z,2026-08-17T18:48:05Z,
123.133.130.131,ipv4,malicious-ip,medium,WHITE,ziyadnz/hourly-ipv4,ziyadnz|hourly,2026-08-17T18:48:05Z,2026-08-17T18:48:05Z,
123.133.14.136,ipv4,malicious-ip,medium,WHITE,ziyadnz/hourly-ipv4,ziyadnz|hourly,2026-08-17T18:48:05Z,2026-08-17T18:48:05Z,
123.133.15.42,ipv4,malicious-ip,medium,WHITE,ziyadnz/hourly-ipv4,ziyadnz|hourly,2026-08-17T18:48:05Z,2026-08-17T18:48:05Z,
123.133.169.132,ipv4,malicious-ip,medium,WHITE,ziyadnz/hourly-ipv4,ziyadnz|hourly,2026-08-17T18:48:05Z,2026-08-17T18:48:05Z,
123.133.169.208,ipv4,malicious-ip,medium,WHITE,ziyadnz/hourly-ipv4,ziyadnz|hourly,2026-08-17T18:48:05Z,2026-08-17T18:48:05Z,
123.133.19.82,ipv4,malicious-ip,medium,WHITE,ziyadnz/hourly-ipv4,ziyadnz|hourly,2026-08-17T18:48:05Z,2026-08-17T18:48:05Z,
123.133.222.105,ipv4,malicious-ip,medium,WHITE,ziyadnz/hourly-ipv4,ziyadnz|hourly,2026-08-17T18:48:05Z,2026-08-17T18:48:05Z,
123.133.23.143,ipv4,malicious-ip,medium,WHITE,ziyadnz/hourly-ipv4,ziyadnz|hourly,2026-08-17T18:48:05Z,2026-08-17T18:48:05Z,
123.134.114.22,ipv4,malicious-ip,medium,WHITE,ziyadnz/hourly-ipv4,ziyadnz|hourly,2026-08-17T18:48:05Z,2026-08-17T18:48:05Z,
123.134.123.5,ipv4,malicious-ip,medium,WHITE,ziyadnz/hourly-ipv4,ziyadnz|hourly,2026-08-17T18:48:05Z,2026-08-17T18:48:05Z,
123.134.233.2,ipv4,malicious-ip,medium,WHITE,ziyadnz/hourly-ipv4,ziyadnz|hourly,2026-08-17T18:48:05Z,2026-08-17T18:48:05Z,
123.134.49.147,ipv4,malicious-ip,medium,WHITE,ziyadnz/hourly-ipv4,ziyadnz|hourly,2026-08-17T18:48:05Z,2026-08-17T18:48:05Z,
123.134.56.181,ipv4,malicious-ip,medium,WHITE,ziyadnz/hourly-ipv4,ziyadnz|hourly,2026-08-17T18:48:05Z,2026-08-17T18:48:05Z,
123.134.74.38,ipv4,malicious-ip,medium,WHITE,ziyadnz/hourly-ipv4,ziyadnz|hourly,2026-08-17T18:48:05Z,2026-08-17T18:48:05Z,
123.135.148.94,ipv4,malicious-ip,medium,WHITE,ziyadnz/hourly-ipv4,ziyadnz|hourly,2026-08-17T18:48:05Z,2026-08-17T18:48:05Z,
123.135.151.100,ipv4,malicious-ip,medium,WHITE,ziyadnz/hourly-ipv4,ziyadnz|hourly,2026-08-17T18:48:05Z,2026-08-17T18:48:05Z,
123.135.218.62,ipv4,malicious-ip,medium,WHITE,ziyadnz/hourly-ipv4,ziyadnz|hourly,2026-08-17T18:48:05Z,2026-08-17T18:48:05Z,
123.135.84.23,ipv4,malicious-ip,medium,WHITE,ziyadnz/hourly-ipv4,ziyadnz|hourly,2026-08-17T18:48:05Z,2026-08-17T18:48:05Z,
123.136.24.112,ipv4,malicious-ip,medium,WHITE,ziyadnz/hourly-ipv4,ziyadnz|hourly,2026-08-17T18:48:05Z,2026-08-17T18:48:05Z,
123.138.18.10,ipv4,malicious-ip,medium,WHITE,ziyadnz/hourly-ipv4,ziyadnz|hourly,2026-08-17T18:48:05Z,2026-08-17T18:48:05Z,
123.138.72.196,ipv4,malicious-ip,medium,WHITE,ziyadnz/hourly-ipv4,ziyadnz|hourly,2026-08-17T18:48:05Z,2026-08-17T18:48:05Z,
123.138.72.197,ipv4,malicious-ip,medium,WHITE,ziyadnz/hourly-ipv4,ziyadnz|hourly,2026-08-17T18:48:05Z,2026-08-17T18:48:05Z,
123.138.72.199,ipv4,malicious-ip,medium,WHITE,ziyadnz/hourly-ipv4,ziyadnz|hourly,2026-08-17T18:48:05Z,2026-08-17T18:48:05Z,
123.138.72.202,ipv4,malicious-ip,medium,WHITE,ziyadnz/hourly-ipv4,ziyadnz|hourly,2026-08-17T18:48:05Z,2026-08-17T18:48:05Z,
123.138.72.204,ipv4,malicious-ip,medium,WHITE,ziyadnz/hourly-ipv4,ziyadnz|hourly,2026-08-17T18:48:05Z,2026-08-17T18:48:05Z,
123.138.72.205,ipv4,malicious-ip,medium,WHITE,ziyadnz/hourly-ipv4,ziyadnz|hourly,2026-08-17T18:48:05Z,2026-08-17T18:48:05Z,
123.138.72.206,ipv4,malicious-ip,medium,WHITE,ziyadnz/hourly-ipv4,ziyadnz|hourly,2026-08-17T18:48:05Z,2026-08-17T18:48:05Z,
123.138.77.51,ipv4,malicious-ip,medium,WHITE,ziyadnz/hourly-ipv4,ziyadnz|hourly,2026-08-17T18:48:05Z,2026-08-17T18:48:05Z,
123.138.77.56,ipv4,malicious-ip,medium,WHITE,ziyadnz/hourly-ipv4,ziyadnz|hourly,2026-08-17T18:48:05Z,2026-08-17T18:48:05Z,
123.138.77.61,ipv4,malicious-ip,medium,WHITE,ziyadnz/hourly-ipv4,ziyadnz|hourly,2026-08-17T18:48:05Z,2026-08-17T18:48:05Z,
123.138.77.62,ipv4,malicious-ip,medium,WHITE,ziyadnz/hourly-ipv4,ziyadnz|hourly,2026-08-17T18:48:05Z,2026-08-17T18:48:05Z,
123.138.79.104,ipv4,malicious-ip,medium,WHITE,ziyadnz/hourly-ipv4,ziyadnz|hourly,2026-08-17T18:48:05Z,2026-08-17T18:48:05Z,
123.138.79.105,ipv4,malicious-ip,medium,WHITE,ziyadnz/hourly-ipv4,ziyadnz|hourly,2026-08-17T18:48:05Z,2026-08-17T18:48:05Z,
123.138.79.107,ipv4,malicious-ip,medium,WHITE,ziyadnz/hourly-ipv4,ziyadnz|hourly,2026-08-17T18:48:05Z,2026-08-17T18:48:05Z,
123.138.79.108,ipv4,malicious-ip,medium,WHITE,ziyadnz/hourly-ipv4,ziyadnz|hourly,2026-08-17T18:48:05Z,2026-08-17T18:48:05Z,
123.138.79.99,ipv4,malicious-ip,medium,WHITE,ziyadnz/hourly-ipv4,ziyadnz|hourly,2026-08-17T18:48:05Z,2026-08-17T18:48:05Z,
123.139.214.218,ipv4,malicious-ip,medium,WHITE,ziyadnz/hourly-ipv4,ziyadnz|hourly,2026-08-17T18:48:05Z,2026-08-17T18:48:05Z,
123.139.242.2,ipv4,malicious-ip,medium,WHITE,ziyadnz/hourly-ipv4,ziyadnz|hourly,2026-08-17T18:48:05Z,2026-08-17T18:48:05Z,
123.139.38.72,ipv4,malicious-ip,medium,WHITE,ziyadnz/hourly-ipv4,ziyadnz|hourly,2026-08-17T18:48:05Z,2026-08-17T18:48:05Z,
123.139.57.103,ipv4,malicious-ip,medium,WHITE,ziyadnz/hourly-ipv4,ziyadnz|hourly,2026-08-17T18:48:05Z,2026-08-17T18:48:05Z,
123.14.149.241,ipv4,malicious-ip,medium,WHITE,ziyadnz/hourly-ipv4,ziyadnz|hourly,2026-08-17T18:48:05Z,2026-08-17T18:48:05Z,
123.14.196.37,ipv4,malicious-ip,medium,WHITE,ziyadnz/hourly-ipv4,ziyadnz|hourly,2026-08-17T18:48:05Z,2026-08-17T18:48:05Z,
123.14.214.34,ipv4,malicious-ip,medium,WHITE,ziyadnz/hourly-ipv4,ziyadnz|hourly,2026-08-17T18:48:05Z,2026-08-17T18:48:05Z,
123.14.226.151,ipv4,malicious-ip,medium,WHITE,ziyadnz/hourly-ipv4,ziyadnz|hourly,2026-08-17T18:48:05Z,2026-08-17T18:48:05Z,
123.141.253.53,ipv4,malicious-ip,medium,WHITE,ziyadnz/hourly-ipv4,ziyadnz|hourly,2026-08-17T18:48:05Z,2026-08-17T18:48:05Z,
123.141.99.254,ipv4,malicious-ip,medium,WHITE,ziyadnz/hourly-ipv4,ziyadnz|hourly,2026-08-17T18:48:05Z,2026-08-17T18:48:05Z,
123.144.231.247,ipv4,malicious-ip,medium,WHITE,ziyadnz/hourly-ipv4,ziyadnz|hourly,2026-08-17T18:48:05Z,2026-08-17T18:48:05Z,
123.144.244.254,ipv4,malicious-ip,medium,WHITE,ziyadnz/hourly-ipv4,ziyadnz|hourly,2026-08-17T18:48:05Z,2026-08-17T18:48:05Z,
123.144.29.165,ipv4,malicious-ip,medium,WHITE,ziyadnz/hourly-ipv4,ziyadnz|hourly,2026-08-17T18:48:05Z,2026-08-17T18:48:05Z,
123.144.37.36,ipv4,malicious-ip,medium,WHITE,ziyadnz/hourly-ipv4,ziyadnz|hourly,2026-08-17T18:48:05Z,2026-08-17T18:48:05Z,
123.144.49.112,ipv4,malicious-ip,medium,WHITE,ziyadnz/hourly-ipv4,ziyadnz|hourly,2026-08-17T18:48:05Z,2026-08-17T18:48:05Z,
123.145.18.93,ipv4,malicious-ip,medium,WHITE,ziyadnz/hourly-ipv4,ziyadnz|hourly,2026-08-17T18:48:05Z,2026-08-17T18:48:05Z,
123.145.27.27,ipv4,malicious-ip,medium,WHITE,ziyadnz/hourly-ipv4,ziyadnz|hourly,2026-08-17T18:48:05Z,2026-08-17T18:48:05Z,
123.146.1.140,ipv4,malicious-ip,medium,WHITE,ziyadnz/hourly-ipv4,ziyadnz|hourly,2026-08-17T18:48:05Z,2026-08-17T18:48:05Z,
123.146.11.128,ipv4,malicious-ip,medium,WHITE,ziyadnz/hourly-ipv4,ziyadnz|hourly,2026-08-17T18:48:05Z,2026-08-17T18:48:05Z,
123.146.13.143,ipv4,malicious-ip,medium,WHITE,ziyadnz/hourly-ipv4,ziyadnz|hourly,2026-08-17T18:48:05Z,2026-08-17T18:48:05Z,
123.146.176.124,ipv4,malicious-ip,medium,WHITE,ziyadnz/hourly-ipv4,ziyadnz|hourly,2026-08-17T18:48:05Z,2026-08-17T18:48:05Z,
123.146.19.231,ipv4,malicious-ip,medium,WHITE,ziyadnz/hourly-ipv4,ziyadnz|hourly,2026-08-17T18:48:05Z,2026-08-17T18:48:05Z,
123.147.88.146,ipv4,malicious-ip,medium,WHITE,ziyadnz/hourly-ipv4,ziyadnz|hourly,2026-08-17T18:48:05Z,2026-08-17T18:48:05Z,
123.147.97.130,ipv4,malicious-ip,medium,WHITE,ziyadnz/hourly-ipv4,ziyadnz|hourly,2026-08-17T18:48:05Z,2026-08-17T18:48:05Z,
123.149.137.95,ipv4,malicious-ip,medium,WHITE,ziyadnz/hourly-ipv4,ziyadnz|hourly,2026-08-17T18:48:05Z,2026-08-17T18:48:05Z,
123.149.3.205,ipv4,malicious-ip,medium,WHITE,ziyadnz/hourly-ipv4,ziyadnz|hourly,2026-08-17T18:48:05Z,2026-08-17T18:48:05Z,
123.15.131.22,ipv4,malicious-ip,medium,WHITE,ziyadnz/hourly-ipv4,ziyadnz|hourly,2026-08-17T18:48:05Z,2026-08-17T18:48:05Z,
123.15.131.38,ipv4,malicious-ip,medium,WHITE,ziyadnz/hourly-ipv4,ziyadnz|hourly,2026-08-17T18:48:05Z,2026-08-17T18:48:05Z,
123.15.178.79,ipv4,malicious-ip,medium,WHITE,ziyadnz/hourly-ipv4,ziyadnz|hourly,2026-08-17T18:48:05Z,2026-08-17T18:48:05Z,
123.150.138.194,ipv4,malicious-ip,medium,WHITE,ziyadnz/hourly-ipv4,ziyadnz|hourly,2026-08-17T18:48:05Z,2026-08-17T18:48:05Z,
123.150.138.198,ipv4,malicious-ip,medium,WHITE,ziyadnz/hourly-ipv4,ziyadnz|hourly,2026-08-17T18:48:05Z,2026-08-17T18:48:05Z,
123.150.80.162,ipv4,malicious-ip,medium,WHITE,ziyadnz/hourly-ipv4,ziyadnz|hourly,2026-08-17T18:48:05Z,2026-08-17T18:48:05Z,
123.154.86.73,ipv4,malicious-ip,medium,WHITE,ziyadnz/hourly-ipv4,ziyadnz|hourly,2026-08-17T18:48:05Z,2026-08-17T18:48:05Z,
123.156.109.158,ipv4,malicious-ip,medium,WHITE,ziyadnz/hourly-ipv4,ziyadnz|hourly,2026-08-17T18:48:05Z,2026-08-17T18:48:05Z,
123.157.152.190,ipv4,malicious-ip,medium,WHITE,ziyadnz/hourly-ipv4,ziyadnz|hourly,2026-08-17T18:48:05Z,2026-08-17T18:48:05Z,
123.157.223.90,ipv4,malicious-ip,medium,WHITE,ziyadnz/hourly-ipv4,ziyadnz|hourly,2026-08-17T18:48:05Z,2026-08-17T18:48:05Z,
123.157.97.22,ipv4,malicious-ip,medium,WHITE,ziyadnz/hourly-ipv4,ziyadnz|hourly,2026-08-17T18:48:05Z,2026-08-17T18:48:05Z,
123.159.2.7,ipv4,malicious-ip,medium,WHITE,ziyadnz/hourly-ipv4,ziyadnz|hourly,2026-08-17T18:48:05Z,2026-08-17T18:48:05Z,
123.16.159.102,ipv4,malicious-ip,medium,WHITE,ziyadnz/hourly-ipv4,ziyadnz|hourly,2026-08-17T18:48:05Z,2026-08-17T18:48:05Z,
123.16.178.214,ipv4,malicious-ip,medium,WHITE,ziyadnz/hourly-ipv4,ziyadnz|hourly,2026-08-17T18:48:05Z,2026-08-17T18:48:05Z,
123.16.246.241,ipv4,malicious-ip,medium,WHITE,ziyadnz/hourly-ipv4,ziyadnz|hourly,2026-08-17T18:48:05Z,2026-08-17T18:48:05Z,
123.16.81.146,ipv4,malicious-ip,medium,WHITE,ziyadnz/hourly-ipv4,ziyadnz|hourly,2026-08-17T18:48:05Z,2026-08-17T18:48:05Z,
123.160.165.29,ipv4,malicious-ip,medium,WHITE,ziyadnz/hourly-ipv4,ziyadnz|hourly,2026-08-17T18:48:05Z,2026-08-17T18:48:05Z,
123.160.166.12,ipv4,malicious-ip,medium,WHITE,ziyadnz/hourly-ipv4,ziyadnz|hourly,2026-08-17T18:48:05Z,2026-08-17T18:48:05Z,
123.160.166.164,ipv4,malicious-ip,medium,WHITE,ziyadnz/hourly-ipv4,ziyadnz|hourly,2026-08-17T18:48:05Z,2026-08-17T18:48:05Z,
123.160.167.134,ipv4,malicious-ip,medium,WHITE,ziyadnz/hourly-ipv4,ziyadnz|hourly,2026-08-17T18:48:05Z,2026-08-17T18:48:05Z,
123.160.172.155,ipv4,malicious-ip,medium,WHITE,ziyadnz/hourly-ipv4,ziyadnz|hourly,2026-08-17T18:48:05Z,2026-08-17T18:48:05Z,
123.160.223.73,ipv4,malicious-ip,medium,WHITE,ziyadnz/hourly-ipv4,ziyadnz|hourly,2026-08-17T18:48:05Z,2026-08-17T18:48:05Z,
123.160.223.74,ipv4,malicious-ip,medium,WHITE,ziyadnz/hourly-ipv4,ziyadnz|hourly,2026-08-17T18:48:05Z,2026-08-17T18:48:05Z,
123.160.223.75,ipv4,malicious-ip,medium,WHITE,ziyadnz/hourly-ipv4,ziyadnz|hourly,2026-08-17T18:48:05Z,2026-08-17T18:48:05Z,
123.160.234.17,ipv4,malicious-ip,medium,WHITE,ziyadnz/hourly-ipv4,ziyadnz|hourly,2026-08-17T18:48:05Z,2026-08-17T18:48:05Z,
123.161.183.93,ipv4,malicious-ip,medium,WHITE,ziyadnz/hourly-ipv4,ziyadnz|hourly,2026-08-17T18:48:05Z,2026-08-17T18:48:05Z,
123.161.249.191,ipv4,malicious-ip,medium,WHITE,ziyadnz/hourly-ipv4,ziyadnz|hourly,2026-08-17T18:48:05Z,2026-08-17T18:48:05Z,
123.163.114.251,ipv4,malicious-ip,medium,WHITE,ziyadnz/hourly-ipv4,ziyadnz|hourly,2026-08-17T18:48:05Z,2026-08-17T18:48:05Z,
123.163.114.41,ipv4,malicious-ip,medium,WHITE,ziyadnz/hourly-ipv4,ziyadnz|hourly,2026-08-17T18:48:05Z,2026-08-17T18:48:05Z,
123.163.48.70,ipv4,malicious-ip,medium,WHITE,ziyadnz/hourly-ipv4,ziyadnz|hourly,2026-08-17T18:48:05Z,2026-08-17T18:48:05Z,
123.163.55.147,ipv4,malicious-ip,medium,WHITE,ziyadnz/hourly-ipv4,ziyadnz|hourly,2026-08-17T18:48:05Z,2026-08-17T18:48:05Z,
123.164.4.62,ipv4,malicious-ip,medium,WHITE,ziyadnz/hourly-ipv4,ziyadnz|hourly,2026-08-17T18:48:05Z,2026-08-17T18:48:05Z,
123.165.152.219,ipv4,malicious-ip,medium,WHITE,ziyadnz/hourly-ipv4,ziyadnz|hourly,2026-08-17T18:48:05Z,2026-08-17T18:48:05Z,
123.165.154.48,ipv4,malicious-ip,medium,WHITE,ziyadnz/hourly-ipv4,ziyadnz|hourly,2026-08-17T18:48:05Z,2026-08-17T18:48:05Z,
123.165.155.152,ipv4,malicious-ip,medium,WHITE,ziyadnz/hourly-ipv4,ziyadnz|hourly,2026-08-17T18:48:05Z,2026-08-17T18:48:05Z,
123.165.155.216,ipv4,malicious-ip,medium,WHITE,ziyadnz/hourly-ipv4,ziyadnz|hourly,2026-08-17T18:48:05Z,2026-08-17T18:48:05Z,
123.165.80.54,ipv4,malicious-ip,medium,WHITE,ziyadnz/hourly-ipv4,ziyadnz|hourly,2026-08-17T18:48:05Z,2026-08-17T18:48:05Z,
123.165.81.0,ipv4,malicious-ip,medium,WHITE,ziyadnz/hourly-ipv4,ziyadnz|hourly,2026-08-17T18:48:05Z,2026-08-17T18:48:05Z,
123.165.81.103,ipv4,malicious-ip,medium,WHITE,ziyadnz/hourly-ipv4,ziyadnz|hourly,2026-08-17T18:48:05Z,2026-08-17T18:48:05Z,
123.165.81.181,ipv4,malicious-ip,medium,WHITE,ziyadnz/hourly-ipv4,ziyadnz|hourly,2026-08-17T18:48:05Z,2026-08-17T18:48:05Z,
123.165.81.208,ipv4,malicious-ip,medium,WHITE,ziyadnz/hourly-ipv4,ziyadnz|hourly,2026-08-17T18:48:05Z,2026-08-17T18:48:05Z,
123.165.81.220,ipv4,malicious-ip,medium,WHITE,ziyadnz/hourly-ipv4,ziyadnz|hourly,2026-08-17T18:48:05Z,2026-08-17T18:48:05Z,
123.165.81.30,ipv4,malicious-ip,medium,WHITE,ziyadnz/hourly-ipv4,ziyadnz|hourly,2026-08-17T18:48:05Z,2026-08-17T18:48:05Z,
123.165.81.60,ipv4,malicious-ip,medium,WHITE,ziyadnz/hourly-ipv4,ziyadnz|hourly,2026-08-17T18:48:05Z,2026-08-17T18:48:05Z,
123.165.82.121,ipv4,malicious-ip,medium,WHITE,ziyadnz/hourly-ipv4,ziyadnz|hourly,2026-08-17T18:48:05Z,2026-08-17T18:48:05Z,
123.165.82.152,ipv4,malicious-ip,medium,WHITE,ziyadnz/hourly-ipv4,ziyadnz|hourly,2026-08-17T18:48:05Z,2026-08-17T18:48:05Z,
123.165.82.175,ipv4,malicious-ip,medium,WHITE,ziyadnz/hourly-ipv4,ziyadnz|hourly,2026-08-17T18:48:05Z,2026-08-17T18:48:05Z,
123.165.82.70,ipv4,malicious-ip,medium,WHITE,ziyadnz/hourly-ipv4,ziyadnz|hourly,2026-08-17T18:48:05Z,2026-08-17T18:48:05Z,
123.165.83.89,ipv4,malicious-ip,medium,WHITE,ziyadnz/hourly-ipv4,ziyadnz|hourly,2026-08-17T18:48:05Z,2026-08-17T18:48:05Z,
123.165.84.222,ipv4,malicious-ip,medium,WHITE,ziyadnz/hourly-ipv4,ziyadnz|hourly,2026-08-17T18:48:05Z,2026-08-17T18:48:05Z,
123.165.85.150,ipv4,malicious-ip,medium,WHITE,ziyadnz/hourly-ipv4,ziyadnz|hourly,2026-08-17T18:48:05Z,2026-08-17T18:48:05Z,
123.165.85.212,ipv4,malicious-ip,medium,WHITE,ziyadnz/hourly-ipv4,ziyadnz|hourly,2026-08-17T18:48:05Z,2026-08-17T18:48:05Z,
123.165.85.6,ipv4,malicious-ip,medium,WHITE,ziyadnz/hourly-ipv4,ziyadnz|hourly,2026-08-17T18:48:05Z,2026-08-17T18:48:05Z,
123.165.85.66,ipv4,malicious-ip,medium,WHITE,ziyadnz/hourly-ipv4,ziyadnz|hourly,2026-08-17T18:48:05Z,2026-08-17T18:48:05Z,
123.165.86.151,ipv4,malicious-ip,medium,WHITE,ziyadnz/hourly-ipv4,ziyadnz|hourly,2026-08-17T18:48:05Z,2026-08-17T18:48:05Z,
123.165.86.179,ipv4,malicious-ip,medium,WHITE,ziyadnz/hourly-ipv4,ziyadnz|hourly,2026-08-17T18:48:05Z,2026-08-17T18:48:05Z,
123.165.86.39,ipv4,malicious-ip,medium,WHITE,ziyadnz/hourly-ipv4,ziyadnz|hourly,2026-08-17T18:48:05Z,2026-08-17T18:48:05Z,
123.166.111.129,ipv4,malicious-ip,medium,WHITE,ziyadnz/hourly-ipv4,ziyadnz|hourly,2026-08-17T18:48:05Z,2026-08-17T18:48:05Z,
123.166.162.213,ipv4,malicious-ip,medium,WHITE,ziyadnz/hourly-ipv4,ziyadnz|hourly,2026-08-17T18:48:05Z,2026-08-17T18:48:05Z,
123.166.96.217,ipv4,malicious-ip,medium,WHITE,ziyadnz/hourly-ipv4,ziyadnz|hourly,2026-08-17T18:48:05Z,2026-08-17T18:48:05Z,
123.168.129.207,ipv4,malicious-ip,medium,WHITE,ziyadnz/hourly-ipv4,ziyadnz|hourly,2026-08-17T18:48:05Z,2026-08-17T18:48:05Z,
123.168.148.182,ipv4,malicious-ip,medium,WHITE,ziyadnz/hourly-ipv4,ziyadnz|hourly,2026-08-17T18:48:05Z,2026-08-17T18:48:05Z,
123.168.172.194,ipv4,malicious-ip,medium,WHITE,ziyadnz/hourly-ipv4,ziyadnz|hourly,2026-08-17T18:48:05Z,2026-08-17T18:48:05Z,
123.168.174.107,ipv4,malicious-ip,medium,WHITE,ziyadnz/hourly-ipv4,ziyadnz|hourly,2026-08-17T18:48:05Z,2026-08-17T18:48:05Z,
123.168.184.102,ipv4,malicious-ip,medium,WHITE,ziyadnz/hourly-ipv4,ziyadnz|hourly,2026-08-17T18:48:05Z,2026-08-17T18:48:05Z,
123.168.206.206,ipv4,malicious-ip,medium,WHITE,ziyadnz/hourly-ipv4,ziyadnz|hourly,2026-08-17T18:48:05Z,2026-08-17T18:48:05Z,
123.169.104.36,ipv4,malicious-ip,medium,WHITE,ziyadnz/hourly-ipv4,ziyadnz|hourly,2026-08-17T18:48:05Z,2026-08-17T18:48:05Z,
123.169.110.57,ipv4,malicious-ip,medium,WHITE,ziyadnz/hourly-ipv4,ziyadnz|hourly,2026-08-17T18:48:05Z,2026-08-17T18:48:05Z,
123.169.117.215,ipv4,malicious-ip,medium,WHITE,ziyadnz/hourly-ipv4,ziyadnz|hourly,2026-08-17T18:48:05Z,2026-08-17T18:48:05Z,
123.169.210.92,ipv4,malicious-ip,medium,WHITE,ziyadnz/hourly-ipv4,ziyadnz|hourly,2026-08-17T18:48:05Z,2026-08-17T18:48:05Z,
123.169.215.187,ipv4,malicious-ip,medium,WHITE,ziyadnz/hourly-ipv4,ziyadnz|hourly,2026-08-17T18:48:05Z,2026-08-17T18:48:05Z,
123.169.66.197,ipv4,malicious-ip,medium,WHITE,ziyadnz/hourly-ipv4,ziyadnz|hourly,2026-08-17T18:48:05Z,2026-08-17T18:48:05Z,
123.169.91.178,ipv4,malicious-ip,medium,WHITE,ziyadnz/hourly-ipv4,ziyadnz|hourly,2026-08-17T18:48:05Z,2026-08-17T18:48:05Z,
123.170.107.47,ipv4,malicious-ip,medium,WHITE,ziyadnz/hourly-ipv4,ziyadnz|hourly,2026-08-17T18:48:05Z,2026-08-17T18:48:05Z,
123.170.29.29,ipv4,malicious-ip,medium,WHITE,ziyadnz/hourly-ipv4,ziyadnz|hourly,2026-08-17T18:48:05Z,2026-08-17T18:48:05Z,
123.170.46.112,ipv4,malicious-ip,medium,WHITE,ziyadnz/hourly-ipv4,ziyadnz|hourly,2026-08-17T18:48:05Z,2026-08-17T18:48:05Z,
123.170.69.237,ipv4,malicious-ip,medium,WHITE,ziyadnz/hourly-ipv4,ziyadnz|hourly,2026-08-17T18:48:05Z,2026-08-17T18:48:05Z,
123.170.96.144,ipv4,malicious-ip,medium,WHITE,ziyadnz/hourly-ipv4,ziyadnz|hourly,2026-08-17T18:48:05Z,2026-08-17T18:48:05Z,
123.171.16.99,ipv4,malicious-ip,medium,WHITE,ziyadnz/hourly-ipv4,ziyadnz|hourly,2026-08-17T18:48:05Z,2026-08-17T18:48:05Z,
123.171.33.143,ipv4,malicious-ip,medium,WHITE,ziyadnz/hourly-ipv4,ziyadnz|hourly,2026-08-17T18:48:05Z,2026-08-17T18:48:05Z,
123.172.84.200,ipv4,malicious-ip,medium,WHITE,ziyadnz/hourly-ipv4,ziyadnz|hourly,2026-08-17T18:48:05Z,2026-08-17T18:48:05Z,
123.173.51.147,ipv4,malicious-ip,medium,WHITE,ziyadnz/hourly-ipv4,ziyadnz|hourly,2026-08-17T18:48:05Z,2026-08-17T18:48:05Z,
123.174.189.70,ipv4,malicious-ip,medium,WHITE,ziyadnz/hourly-ipv4,ziyadnz|hourly,2026-08-17T18:48:05Z,2026-08-17T18:48:05Z,
123.174.26.101,ipv4,malicious-ip,medium,WHITE,ziyadnz/hourly-ipv4,ziyadnz|hourly,2026-08-17T18:48:05Z,2026-08-17T18:48:05Z,
123.176.36.186,ipv4,malicious-ip,medium,WHITE,ziyadnz/hourly-ipv4,ziyadnz|hourly,2026-08-17T18:48:05Z,2026-08-17T18:48:05Z,
123.176.38.70,ipv4,malicious-ip,medium,WHITE,ziyadnz/hourly-ipv4,ziyadnz|hourly,2026-08-17T18:48:05Z,2026-08-17T18:48:05Z,
123.178.210.102,ipv4,malicious-ip,medium,WHITE,ziyadnz/hourly-ipv4,ziyadnz|hourly,2026-08-17T18:48:05Z,2026-08-17T18:48:05Z,
123.178.210.105,ipv4,malicious-ip,medium,WHITE,ziyadnz/hourly-ipv4,ziyadnz|hourly,2026-08-17T18:48:05Z,2026-08-17T18:48:05Z,
123.178.210.106,ipv4,malicious-ip,medium,WHITE,ziyadnz/hourly-ipv4,ziyadnz|hourly,2026-08-17T18:48:05Z,2026-08-17T18:48:05Z,
123.178.210.111,ipv4,malicious-ip,medium,WHITE,ziyadnz/hourly-ipv4,ziyadnz|hourly,2026-08-17T18:48:05Z,2026-08-17T18:48:05Z,
123.178.210.113,ipv4,malicious-ip,medium,WHITE,ziyadnz/hourly-ipv4,ziyadnz|hourly,2026-08-17T18:48:05Z,2026-08-17T18:48:05Z,
123.178.210.115,ipv4,malicious-ip,medium,WHITE,ziyadnz/hourly-ipv4,ziyadnz|hourly,2026-08-17T18:48:05Z,2026-08-17T18:48:05Z,
123.178.210.121,ipv4,malicious-ip,medium,WHITE,ziyadnz/hourly-ipv4,ziyadnz|hourly,2026-08-17T18:48:05Z,2026-08-17T18:48:05Z,
123.178.210.125,ipv4,malicious-ip,medium,WHITE,ziyadnz/hourly-ipv4,ziyadnz|hourly,2026-08-17T18:48:05Z,2026-08-17T18:48:05Z,
123.178.210.129,ipv4,malicious-ip,medium,WHITE,ziyadnz/hourly-ipv4,ziyadnz|hourly,2026-08-17T18:48:05Z,2026-08-17T18:48:05Z,
123.178.210.13,ipv4,malicious-ip,medium,WHITE,ziyadnz/hourly-ipv4,ziyadnz|hourly,2026-08-17T18:48:05Z,2026-08-17T18:48:05Z,
123.178.210.133,ipv4,malicious-ip,medium,WHITE,ziyadnz/hourly-ipv4,ziyadnz|hourly,2026-08-17T18:48:05Z,2026-08-17T18:48:05Z,
123.178.210.134,ipv4,malicious-ip,medium,WHITE,ziyadnz/hourly-ipv4,ziyadnz|hourly,2026-08-17T18:48:05Z,2026-08-17T18:48:05Z,
123.178.210.135,ipv4,malicious-ip,medium,WHITE,ziyadnz/hourly-ipv4,ziyadnz|hourly,2026-08-17T18:48:05Z,2026-08-17T18:48:05Z,
123.178.210.147,ipv4,malicious-ip,medium,WHITE,ziyadnz/hourly-ipv4,ziyadnz|hourly,2026-08-17T18:48:05Z,2026-08-17T18:48:05Z,
123.178.210.148,ipv4,malicious-ip,medium,WHITE,ziyadnz/hourly-ipv4,ziyadnz|hourly,2026-08-17T18:48:05Z,2026-08-17T18:48:05Z,
123.178.210.152,ipv4,malicious-ip,medium,WHITE,ziyadnz/hourly-ipv4,ziyadnz|hourly,2026-08-17T18:48:05Z,2026-08-17T18:48:05Z,
123.178.210.156,ipv4,malicious-ip,medium,WHITE,ziyadnz/hourly-ipv4,ziyadnz|hourly,2026-08-17T18:48:05Z,2026-08-17T18:48:05Z,
123.178.210.157,ipv4,malicious-ip,medium,WHITE,ziyadnz/hourly-ipv4,ziyadnz|hourly,2026-08-17T18:48:05Z,2026-08-17T18:48:05Z,
123.178.210.162,ipv4,malicious-ip,medium,WHITE,ziyadnz/hourly-ipv4,ziyadnz|hourly,2026-08-17T18:48:05Z,2026-08-17T18:48:05Z,
123.178.210.165,ipv4,malicious-ip,medium,WHITE,ziyadnz/hourly-ipv4,ziyadnz|hourly,2026-08-17T18:48:05Z,2026-08-17T18:48:05Z,
123.178.210.166,ipv4,malicious-ip,medium,WHITE,ziyadnz/hourly-ipv4,ziyadnz|hourly,2026-08-17T18:48:05Z,2026-08-17T18:48:05Z,
123.178.210.167,ipv4,malicious-ip,medium,WHITE,ziyadnz/hourly-ipv4,ziyadnz|hourly,2026-08-17T18:48:05Z,2026-08-17T18:48:05Z,
123.178.210.172,ipv4,malicious-ip,medium,WHITE,ziyadnz/hourly-ipv4,ziyadnz|hourly,2026-08-17T18:48:05Z,2026-08-17T18:48:05Z,
123.178.210.189,ipv4,malicious-ip,medium,WHITE,ziyadnz/hourly-ipv4,ziyadnz|hourly,2026-08-17T18:48:05Z,2026-08-17T18:48:05Z,
123.178.210.19,ipv4,malicious-ip,medium,WHITE,ziyadnz/hourly-ipv4,ziyadnz|hourly,2026-08-17T18:48:05Z,2026-08-17T18:48:05Z,
123.178.210.194,ipv4,malicious-ip,medium,WHITE,ziyadnz/hourly-ipv4,ziyadnz|hourly,2026-08-17T18:48:05Z,2026-08-17T18:48:05Z,
123.178.210.195,ipv4,malicious-ip,medium,WHITE,ziyadnz/hourly-ipv4,ziyadnz|hourly,2026-08-17T18:48:05Z,2026-08-17T18:48:05Z,
123.178.210.197,ipv4,malicious-ip,medium,WHITE,ziyadnz/hourly-ipv4,ziyadnz|hourly,2026-08-17T18:48:05Z,2026-08-17T18:48:05Z,
123.178.210.203,ipv4,malicious-ip,medium,WHITE,ziyadnz/hourly-ipv4,ziyadnz|hourly,2026-08-17T18:48:05Z,2026-08-17T18:48:05Z,
123.178.210.204,ipv4,malicious-ip,medium,WHITE,ziyadnz/hourly-ipv4,ziyadnz|hourly,2026-08-17T18:48:05Z,2026-08-17T18:48:05Z,
123.178.210.210,ipv4,malicious-ip,medium,WHITE,ziyadnz/hourly-ipv4,ziyadnz|hourly,2026-08-17T18:48:05Z,2026-08-17T18:48:05Z,
123.178.210.214,ipv4,malicious-ip,medium,WHITE,ziyadnz/hourly-ipv4,ziyadnz|hourly,2026-08-17T18:48:05Z,2026-08-17T18:48:05Z,
123.178.210.215,ipv4,malicious-ip,medium,WHITE,ziyadnz/hourly-ipv4,ziyadnz|hourly,2026-08-17T18:48:05Z,2026-08-17T18:48:05Z,
123.178.210.222,ipv4,malicious-ip,medium,WHITE,ziyadnz/hourly-ipv4,ziyadnz|hourly,2026-08-17T18:48:05Z,2026-08-17T18:48:05Z,
123.178.210.224,ipv4,malicious-ip,medium,WHITE,ziyadnz/hourly-ipv4,ziyadnz|hourly,2026-08-17T18:48:05Z,2026-08-17T18:48:05Z,
123.178.210.231,ipv4,malicious-ip,medium,WHITE,ziyadnz/hourly-ipv4,ziyadnz|hourly,2026-08-17T18:48:05Z,2026-08-17T18:48:05Z,
123.178.210.233,ipv4,malicious-ip,medium,WHITE,ziyadnz/hourly-ipv4,ziyadnz|hourly,2026-08-17T18:48:05Z,2026-08-17T18:48:05Z,
123.178.210.24,ipv4,malicious-ip,medium,WHITE,ziyadnz/hourly-ipv4,ziyadnz|hourly,2026-08-17T18:48:05Z,2026-08-17T18:48:05Z,
123.178.210.241,ipv4,malicious-ip,medium,WHITE,ziyadnz/hourly-ipv4,ziyadnz|hourly,2026-08-17T18:48:05Z,2026-08-17T18:48:05Z,
123.178.210.244,ipv4,malicious-ip,medium,WHITE,ziyadnz/hourly-ipv4,ziyadnz|hourly,2026-08-17T18:48:05Z,2026-08-17T18:48:05Z,
123.178.210.245,ipv4,malicious-ip,medium,WHITE,ziyadnz/hourly-ipv4,ziyadnz|hourly,2026-08-17T18:48:05Z,2026-08-17T18:48:05Z,
123.178.210.248,ipv4,malicious-ip,medium,WHITE,ziyadnz/hourly-ipv4,ziyadnz|hourly,2026-08-17T18:48:05Z,2026-08-17T18:48:05Z,
123.178.210.249,ipv4,malicious-ip,medium,WHITE,ziyadnz/hourly-ipv4,ziyadnz|hourly,2026-08-17T18:48:05Z,2026-08-17T18:48:05Z,
123.178.210.253,ipv4,malicious-ip,medium,WHITE,ziyadnz/hourly-ipv4,ziyadnz|hourly,2026-08-17T18:48:05Z,2026-08-17T18:48:05Z,
123.178.210.26,ipv4,malicious-ip,medium,WHITE,ziyadnz/hourly-ipv4,ziyadnz|hourly,2026-08-17T18:48:05Z,2026-08-17T18:48:05Z,
123.178.210.3,ipv4,malicious-ip,medium,WHITE,ziyadnz/hourly-ipv4,ziyadnz|hourly,2026-08-17T18:48:05Z,2026-08-17T18:48:05Z,
123.178.210.33,ipv4,malicious-ip,medium,WHITE,ziyadnz/hourly-ipv4,ziyadnz|hourly,2026-08-17T18:48:05Z,2026-08-17T18:48:05Z,
123.178.210.47,ipv4,malicious-ip,medium,WHITE,ziyadnz/hourly-ipv4,ziyadnz|hourly,2026-08-17T18:48:05Z,2026-08-17T18:48:05Z,
123.178.210.51,ipv4,malicious-ip,medium,WHITE,ziyadnz/hourly-ipv4,ziyadnz|hourly,2026-08-17T18:48:05Z,2026-08-17T18:48:05Z,
123.178.210.56,ipv4,malicious-ip,medium,WHITE,ziyadnz/hourly-ipv4,ziyadnz|hourly,2026-08-17T18:48:05Z,2026-08-17T18:48:05Z,
123.178.210.62,ipv4,malicious-ip,medium,WHITE,ziyadnz/hourly-ipv4,ziyadnz|hourly,2026-08-17T18:48:05Z,2026-08-17T18:48:05Z,
123.178.210.66,ipv4,malicious-ip,medium,WHITE,ziyadnz/hourly-ipv4,ziyadnz|hourly,2026-08-17T18:48:05Z,2026-08-17T18:48:05Z,
123.178.210.67,ipv4,malicious-ip,medium,WHITE,ziyadnz/hourly-ipv4,ziyadnz|hourly,2026-08-17T18:48:05Z,2026-08-17T18:48:05Z,
123.178.210.7,ipv4,malicious-ip,medium,WHITE,ziyadnz/hourly-ipv4,ziyadnz|hourly,2026-08-17T18:48:05Z,2026-08-17T18:48:05Z,
123.178.210.72,ipv4,malicious-ip,medium,WHITE,ziyadnz/hourly-ipv4,ziyadnz|hourly,2026-08-17T18:48:05Z,2026-08-17T18:48:05Z,
123.178.210.84,ipv4,malicious-ip,medium,WHITE,ziyadnz/hourly-ipv4,ziyadnz|hourly,2026-08-17T18:48:05Z,2026-08-17T18:48:05Z,
123.178.210.88,ipv4,malicious-ip,medium,WHITE,ziyadnz/hourly-ipv4,ziyadnz|hourly,2026-08-17T18:48:05Z,2026-08-17T18:48:05Z,
123.178.210.9,ipv4,malicious-ip,medium,WHITE,ziyadnz/hourly-ipv4,ziyadnz|hourly,2026-08-17T18:48:05Z,2026-08-17T18:48:05Z,
123.178.210.92,ipv4,malicious-ip,medium,WHITE,ziyadnz/hourly-ipv4,ziyadnz|hourly,2026-08-17T18:48:05Z,2026-08-17T18:48:05Z,
123.178.210.93,ipv4,malicious-ip,medium,WHITE,ziyadnz/hourly-ipv4,ziyadnz|hourly,2026-08-17T18:48:05Z,2026-08-17T18:48:05Z,
123.178.249.82,ipv4,malicious-ip,medium,WHITE,ziyadnz/hourly-ipv4,ziyadnz|hourly,2026-08-17T18:48:05Z,2026-08-17T18:48:05Z,
123.179.187.101,ipv4,malicious-ip,medium,WHITE,ziyadnz/hourly-ipv4,ziyadnz|hourly,2026-08-17T18:48:05Z,2026-08-17T18:48:05Z,
123.179.62.119,ipv4,malicious-ip,medium,WHITE,ziyadnz/hourly-ipv4,ziyadnz|hourly,2026-08-17T18:48:05Z,2026-08-17T18:48:05Z,
123.179.63.4,ipv4,malicious-ip,medium,WHITE,ziyadnz/hourly-ipv4,ziyadnz|hourly,2026-08-17T18:48:05Z,2026-08-17T18:48:05Z,
123.18.166.25,ipv4,malicious-ip,medium,WHITE,ziyadnz/hourly-ipv4,ziyadnz|hourly,2026-08-17T18:48:05Z,2026-08-17T18:48:05Z,
123.180.182.215,ipv4,malicious-ip,medium,WHITE,ziyadnz/hourly-ipv4,ziyadnz|hourly,2026-08-17T18:48:05Z,2026-08-17T18:48:05Z,
123.180.188.162,ipv4,malicious-ip,medium,WHITE,ziyadnz/hourly-ipv4,ziyadnz|hourly,2026-08-17T18:48:05Z,2026-08-17T18:48:05Z,
123.181.26.3,ipv4,malicious-ip,medium,WHITE,ziyadnz/hourly-ipv4,ziyadnz|hourly,2026-08-17T18:48:05Z,2026-08-17T18:48:05Z,
123.181.73.79,ipv4,malicious-ip,medium,WHITE,ziyadnz/hourly-ipv4,ziyadnz|hourly,2026-08-17T18:48:05Z,2026-08-17T18:48:05Z,
123.182.141.59,ipv4,malicious-ip,medium,WHITE,ziyadnz/hourly-ipv4,ziyadnz|hourly,2026-08-17T18:48:05Z,2026-08-17T18:48:05Z,
123.182.227.105,ipv4,malicious-ip,medium,WHITE,ziyadnz/hourly-ipv4,ziyadnz|hourly,2026-08-17T18:48:05Z,2026-08-17T18:48:05Z,
123.183.157.108,ipv4,malicious-ip,medium,WHITE,ziyadnz/hourly-ipv4,ziyadnz|hourly,2026-08-17T18:48:05Z,2026-08-17T18:48:05Z,
123.183.209.213,ipv4,malicious-ip,medium,WHITE,ziyadnz/hourly-ipv4,ziyadnz|hourly,2026-08-17T18:48:05Z,2026-08-17T18:48:05Z,
123.184.25.5,ipv4,malicious-ip,medium,WHITE,ziyadnz/hourly-ipv4,ziyadnz|hourly,2026-08-17T18:48:05Z,2026-08-17T18:48:05Z,
123.187.244.144,ipv4,malicious-ip,medium,WHITE,ziyadnz/hourly-ipv4,ziyadnz|hourly,2026-08-17T18:48:05Z,2026-08-17T18:48:05Z,
123.188.95.28,ipv4,malicious-ip,medium,WHITE,ziyadnz/hourly-ipv4,ziyadnz|hourly,2026-08-17T18:48:05Z,2026-08-17T18:48:05Z,
123.190.56.214,ipv4,malicious-ip,medium,WHITE,ziyadnz/hourly-ipv4,ziyadnz|hourly,2026-08-17T18:48:05Z,2026-08-17T18:48:05Z,
123.191.137.99,ipv4,malicious-ip,medium,WHITE,ziyadnz/hourly-ipv4,ziyadnz|hourly,2026-08-17T18:48:05Z,2026-08-17T18:48:05Z,
123.191.139.29,ipv4,malicious-ip,medium,WHITE,ziyadnz/hourly-ipv4,ziyadnz|hourly,2026-08-17T18:48:05Z,2026-08-17T18:48:05Z,
123.191.143.142,ipv4,malicious-ip,medium,WHITE,ziyadnz/hourly-ipv4,ziyadnz|hourly,2026-08-17T18:48:05Z,2026-08-17T18:48:05Z,
123.191.144.239,ipv4,malicious-ip,medium,WHITE,ziyadnz/hourly-ipv4,ziyadnz|hourly,2026-08-17T18:48:05Z,2026-08-17T18:48:05Z,
123.191.158.36,ipv4,malicious-ip,medium,WHITE,ziyadnz/hourly-ipv4,ziyadnz|hourly,2026-08-17T18:48:05Z,2026-08-17T18:48:05Z,
123.191.35.104,ipv4,malicious-ip,medium,WHITE,ziyadnz/hourly-ipv4,ziyadnz|hourly,2026-08-17T18:48:05Z,2026-08-17T18:48:05Z,
123.192.113.6,ipv4,malicious-ip,medium,WHITE,ziyadnz/hourly-ipv4,ziyadnz|hourly,2026-08-17T18:48:05Z,2026-08-17T18:48:05Z,
123.192.64.46,ipv4,malicious-ip,medium,WHITE,ziyadnz/hourly-ipv4,ziyadnz|hourly,2026-08-17T18:48:05Z,2026-08-17T18:48:05Z,
123.193.145.198,ipv4,malicious-ip,medium,WHITE,ziyadnz/hourly-ipv4,ziyadnz|hourly,2026-08-17T18:48:05Z,2026-08-17T18:48:05Z,
123.193.148.61,ipv4,malicious-ip,medium,WHITE,ziyadnz/hourly-ipv4,ziyadnz|hourly,2026-08-17T18:48:05Z,2026-08-17T18:48:05Z,
123.193.226.44,ipv4,malicious-ip,medium,WHITE,ziyadnz/hourly-ipv4,ziyadnz|hourly,2026-08-17T18:48:05Z,2026-08-17T18:48:05Z,
123.199.35.26,ipv4,malicious-ip,medium,WHITE,ziyadnz/hourly-ipv4,ziyadnz|hourly,2026-08-17T18:48:05Z,2026-08-17T18:48:05Z,
123.199.74.113,ipv4,malicious-ip,medium,WHITE,ziyadnz/hourly-ipv4,ziyadnz|hourly,2026-08-17T18:48:05Z,2026-08-17T18:48:05Z,
123.20.133.97,ipv4,malicious-ip,medium,WHITE,ziyadnz/hourly-ipv4,ziyadnz|hourly,2026-08-17T18:48:05Z,2026-08-17T18:48:05Z,
123.20.209.78,ipv4,malicious-ip,medium,WHITE,ziyadnz/hourly-ipv4,ziyadnz|hourly,2026-08-17T18:48:05Z,2026-08-17T18:48:05Z,
123.20.29.193,ipv4,malicious-ip,medium,WHITE,ziyadnz/hourly-ipv4,ziyadnz|hourly,2026-08-17T18:48:05Z,2026-08-17T18:48:05Z,
123.200.11.70,ipv4,malicious-ip,medium,WHITE,ziyadnz/hourly-ipv4,ziyadnz|hourly,2026-08-17T18:48:05Z,2026-08-17T18:48:05Z,
123.200.15.226,ipv4,malicious-ip,medium,WHITE,ziyadnz/hourly-ipv4,ziyadnz|hourly,2026-08-17T18:48:05Z,2026-08-17T18:48:05Z,
123.200.3.222,ipv4,malicious-ip,medium,WHITE,ziyadnz/hourly-ipv4,ziyadnz|hourly,2026-08-17T18:48:05Z,2026-08-17T18:48:05Z,
123.200.76.12,ipv4,malicious-ip,medium,WHITE,ziyadnz/hourly-ipv4,ziyadnz|hourly,2026-08-17T18:48:05Z,2026-08-17T18:48:05Z,
123.201.171.125,ipv4,malicious-ip,medium,WHITE,ziyadnz/hourly-ipv4,ziyadnz|hourly,2026-08-17T18:48:05Z,2026-08-17T18:48:05Z,
123.201.175.221,ipv4,malicious-ip,medium,WHITE,ziyadnz/hourly-ipv4,ziyadnz|hourly,2026-08-17T18:48:05Z,2026-08-17T18:48:05Z,
123.201.220.214,ipv4,malicious-ip,medium,WHITE,ziyadnz/hourly-ipv4,ziyadnz|hourly,2026-08-17T18:48:05Z,2026-08-17T18:48:05Z,
123.201.248.242,ipv4,malicious-ip,medium,WHITE,ziyadnz/hourly-ipv4,ziyadnz|hourly,2026-08-17T18:48:05Z,2026-08-17T18:48:05Z,
123.202.189.111,ipv4,malicious-ip,medium,WHITE,ziyadnz/hourly-ipv4,ziyadnz|hourly,2026-08-17T18:48:05Z,2026-08-17T18:48:05Z,
123.203.146.156,ipv4,malicious-ip,medium,WHITE,ziyadnz/hourly-ipv4,ziyadnz|hourly,2026-08-17T18:48:05Z,2026-08-17T18:48:05Z,
123.203.220.58,ipv4,malicious-ip,medium,WHITE,ziyadnz/hourly-ipv4,ziyadnz|hourly,2026-08-17T18:48:05Z,2026-08-17T18:48:05Z,
123.207.0.73,ipv4,malicious-ip,medium,WHITE,ziyadnz/hourly-ipv4,ziyadnz|hourly,2026-08-17T18:48:05Z,2026-08-17T18:48:05Z,
123.207.1.145,ipv4,malicious-ip,medium,WHITE,ziyadnz/hourly-ipv4,ziyadnz|hourly,2026-08-17T18:48:05Z,2026-08-17T18:48:05Z,
123.207.16.43,ipv4,malicious-ip,medium,WHITE,ziyadnz/hourly-ipv4,ziyadnz|hourly,2026-08-17T18:48:05Z,2026-08-17T18:48:05Z,
123.207.200.188,ipv4,malicious-ip,medium,WHITE,ziyadnz/hourly-ipv4,ziyadnz|hourly,2026-08-17T18:48:05Z,2026-08-17T18:48:05Z,
123.207.210.82,ipv4,malicious-ip,medium,WHITE,ziyadnz/hourly-ipv4,ziyadnz|hourly,2026-08-17T18:48:05Z,2026-08-17T18:48:05Z,
123.207.35.145,ipv4,malicious-ip,medium,WHITE,ziyadnz/hourly-ipv4,ziyadnz|hourly,2026-08-17T18:48:05Z,2026-08-17T18:48:05Z,
123.207.35.85,ipv4,malicious-ip,medium,WHITE,ziyadnz/hourly-ipv4,ziyadnz|hourly,2026-08-17T18:48:05Z,2026-08-17T18:48:05Z,
123.207.44.193,ipv4,malicious-ip,medium,WHITE,ziyadnz/hourly-ipv4,ziyadnz|hourly,2026-08-17T18:48:05Z,2026-08-17T18:48:05Z,
123.207.53.18,ipv4,malicious-ip,medium,WHITE,ziyadnz/hourly-ipv4,ziyadnz|hourly,2026-08-17T18:48:05Z,2026-08-17T18:48:05Z,
123.207.53.245,ipv4,malicious-ip,medium,WHITE,ziyadnz/hourly-ipv4,ziyadnz|hourly,2026-08-17T18:48:05Z,2026-08-17T18:48:05Z,
123.207.55.60,ipv4,malicious-ip,medium,WHITE,ziyadnz/hourly-ipv4,ziyadnz|hourly,2026-08-17T18:48:05Z,2026-08-17T18:48:05Z,
123.207.58.147,ipv4,malicious-ip,medium,WHITE,ziyadnz/hourly-ipv4,ziyadnz|hourly,2026-08-17T18:48:05Z,2026-08-17T18:48:05Z,
123.207.65.62,ipv4,malicious-ip,medium,WHITE,ziyadnz/hourly-ipv4,ziyadnz|hourly,2026-08-17T18:48:05Z,2026-08-17T18:48:05Z,
123.207.74.22,ipv4,malicious-ip,medium,WHITE,ziyadnz/hourly-ipv4,ziyadnz|hourly,2026-08-17T18:48:05Z,2026-08-17T18:48:05Z,
123.207.79.195,ipv4,malicious-ip,medium,WHITE,ziyadnz/hourly-ipv4,ziyadnz|hourly,2026-08-17T18:48:05Z,2026-08-17T18:48:05Z,
123.207.8.204,ipv4,malicious-ip,medium,WHITE,ziyadnz/hourly-ipv4,ziyadnz|hourly,2026-08-17T18:48:05Z,2026-08-17T18:48:05Z,
123.207.99.233,ipv4,malicious-ip,medium,WHITE,ziyadnz/hourly-ipv4,ziyadnz|hourly,2026-08-17T18:48:05Z,2026-08-17T18:48:05Z,
123.209.113.220,ipv4,malicious-ip,medium,WHITE,ziyadnz/hourly-ipv4,ziyadnz|hourly,2026-08-17T18:48:05Z,2026-08-17T18:48:05Z,
123.209.127.38,ipv4,malicious-ip,medium,WHITE,ziyadnz/hourly-ipv4,ziyadnz|hourly,2026-08-17T18:48:05Z,2026-08-17T18:48:05Z,
123.209.88.134,ipv4,malicious-ip,medium,WHITE,ziyadnz/hourly-ipv4,ziyadnz|hourly,2026-08-17T18:48:05Z,2026-08-17T18:48:05Z,
123.209.92.141,ipv4,malicious-ip,medium,WHITE,ziyadnz/hourly-ipv4,ziyadnz|hourly,2026-08-17T18:48:05Z,2026-08-17T18:48:05Z,
123.209.98.240,ipv4,malicious-ip,medium,WHITE,ziyadnz/hourly-ipv4,ziyadnz|hourly,2026-08-17T18:48:05Z,2026-08-17T18:48:05Z,
123.21.198.38,ipv4,malicious-ip,medium,WHITE,ziyadnz/hourly-ipv4,ziyadnz|hourly,2026-08-17T18:48:05Z,2026-08-17T18:48:05Z,
123.21.20.162,ipv4,malicious-ip,medium,WHITE,ziyadnz/hourly-ipv4,ziyadnz|hourly,2026-08-17T18:48:05Z,2026-08-17T18:48:05Z,
123.21.225.157,ipv4,malicious-ip,medium,WHITE,ziyadnz/hourly-ipv4,ziyadnz|hourly,2026-08-17T18:48:05Z,2026-08-17T18:48:05Z,
123.21.26.166,ipv4,malicious-ip,medium,WHITE,ziyadnz/hourly-ipv4,ziyadnz|hourly,2026-08-17T18:48:05Z,2026-08-17T18:48:05Z,
123.210.133.24,ipv4,malicious-ip,medium,WHITE,ziyadnz/hourly-ipv4,ziyadnz|hourly,2026-08-17T18:48:05Z,2026-08-17T18:48:05Z,
123.210.137.163,ipv4,malicious-ip,medium,WHITE,ziyadnz/hourly-ipv4,ziyadnz|hourly,2026-08-17T18:48:05Z,2026-08-17T18:48:05Z,
123.212.9.122,ipv4,malicious-ip,medium,WHITE,ziyadnz/hourly-ipv4,ziyadnz|hourly,2026-08-17T18:48:05Z,2026-08-17T18:48:05Z,
123.231.12.220,ipv4,malicious-ip,medium,WHITE,ziyadnz/hourly-ipv4,ziyadnz|hourly,2026-08-17T18:48:05Z,2026-08-17T18:48:05Z,
123.231.122.23,ipv4,malicious-ip,medium,WHITE,ziyadnz/hourly-ipv4,ziyadnz|hourly,2026-08-17T18:48:05Z,2026-08-17T18:48:05Z,
123.231.13.217,ipv4,malicious-ip,medium,WHITE,ziyadnz/hourly-ipv4,ziyadnz|hourly,2026-08-17T18:48:05Z,2026-08-17T18:48:05Z,
123.231.151.148,ipv4,malicious-ip,medium,WHITE,ziyadnz/hourly-ipv4,ziyadnz|hourly,2026-08-17T18:48:05Z,2026-08-17T18:48:05Z,
123.231.151.154,ipv4,malicious-ip,medium,WHITE,ziyadnz/hourly-ipv4,ziyadnz|hourly,2026-08-17T18:48:05Z,2026-08-17T18:48:05Z,
123.231.151.186,ipv4,malicious-ip,medium,WHITE,ziyadnz/hourly-ipv4,ziyadnz|hourly,2026-08-17T18:48:05Z,2026-08-17T18:48:05Z,
123.231.157.194,ipv4,malicious-ip,medium,WHITE,ziyadnz/hourly-ipv4,ziyadnz|hourly,2026-08-17T18:48:05Z,2026-08-17T18:48:05Z,
123.231.162.228,ipv4,malicious-ip,medium,WHITE,ziyadnz/hourly-ipv4,ziyadnz|hourly,2026-08-17T18:48:05Z,2026-08-17T18:48:05Z,
123.231.166.202,ipv4,malicious-ip,medium,WHITE,ziyadnz/hourly-ipv4,ziyadnz|hourly,2026-08-17T18:48:05Z,2026-08-17T18:48:05Z,
123.231.171.196,ipv4,malicious-ip,medium,WHITE,ziyadnz/hourly-ipv4,ziyadnz|hourly,2026-08-17T18:48:05Z,2026-08-17T18:48:05Z,
123.231.171.242,ipv4,malicious-ip,medium,WHITE,ziyadnz/hourly-ipv4,ziyadnz|hourly,2026-08-17T18:48:05Z,2026-08-17T18:48:05Z,
123.231.179.26,ipv4,malicious-ip,medium,WHITE,ziyadnz/hourly-ipv4,ziyadnz|hourly,2026-08-17T18:48:05Z,2026-08-17T18:48:05Z,
123.231.179.42,ipv4,malicious-ip,medium,WHITE,ziyadnz/hourly-ipv4,ziyadnz|hourly,2026-08-17T18:48:05Z,2026-08-17T18:48:05Z,
123.231.188.226,ipv4,malicious-ip,medium,WHITE,ziyadnz/hourly-ipv4,ziyadnz|hourly,2026-08-17T18:48:05Z,2026-08-17T18:48:05Z,
123.231.189.211,ipv4,malicious-ip,medium,WHITE,ziyadnz/hourly-ipv4,ziyadnz|hourly,2026-08-17T18:48:05Z,2026-08-17T18:48:05Z,
123.231.190.194,ipv4,malicious-ip,medium,WHITE,ziyadnz/hourly-ipv4,ziyadnz|hourly,2026-08-17T18:48:05Z,2026-08-17T18:48:05Z,
123.231.210.10,ipv4,malicious-ip,medium,WHITE,ziyadnz/hourly-ipv4,ziyadnz|hourly,2026-08-17T18:48:05Z,2026-08-17T18:48:05Z,
123.231.210.210,ipv4,malicious-ip,medium,WHITE,ziyadnz/hourly-ipv4,ziyadnz|hourly,2026-08-17T18:48:05Z,2026-08-17T18:48:05Z,
123.231.214.210,ipv4,malicious-ip,medium,WHITE,ziyadnz/hourly-ipv4,ziyadnz|hourly,2026-08-17T18:48:05Z,2026-08-17T18:48:05Z,
123.231.253.58,ipv4,malicious-ip,medium,WHITE,ziyadnz/hourly-ipv4,ziyadnz|hourly,2026-08-17T18:48:05Z,2026-08-17T18:48:05Z,
123.231.44.241,ipv4,malicious-ip,medium,WHITE,ziyadnz/hourly-ipv4,ziyadnz|hourly,2026-08-17T18:48:05Z,2026-08-17T18:48:05Z,
123.231.60.148,ipv4,malicious-ip,medium,WHITE,ziyadnz/hourly-ipv4,ziyadnz|hourly,2026-08-17T18:48:05Z,2026-08-17T18:48:05Z,
123.231.8.43,ipv4,malicious-ip,medium,WHITE,ziyadnz/hourly-ipv4,ziyadnz|hourly,2026-08-17T18:48:05Z,2026-08-17T18:48:05Z,
123.231.87.105,ipv4,malicious-ip,medium,WHITE,ziyadnz/hourly-ipv4,ziyadnz|hourly,2026-08-17T18:48:05Z,2026-08-17T18:48:05Z,
123.231.9.90,ipv4,malicious-ip,medium,WHITE,ziyadnz/hourly-ipv4,ziyadnz|hourly,2026-08-17T18:48:05Z,2026-08-17T18:48:05Z,
123.231.95.32,ipv4,malicious-ip,medium,WHITE,ziyadnz/hourly-ipv4,ziyadnz|hourly,2026-08-17T18:48:05Z,2026-08-17T18:48:05Z,
123.232.130.63,ipv4,malicious-ip,medium,WHITE,ziyadnz/hourly-ipv4,ziyadnz|hourly,2026-08-17T18:48:05Z,2026-08-17T18:48:05Z,
123.232.131.232,ipv4,malicious-ip,medium,WHITE,ziyadnz/hourly-ipv4,ziyadnz|hourly,2026-08-17T18:48:05Z,2026-08-17T18:48:05Z,
123.232.237.125,ipv4,malicious-ip,medium,WHITE,ziyadnz/hourly-ipv4,ziyadnz|hourly,2026-08-17T18:48:05Z,2026-08-17T18:48:05Z,
123.232.31.206,ipv4,malicious-ip,medium,WHITE,ziyadnz/hourly-ipv4,ziyadnz|hourly,2026-08-17T18:48:05Z,2026-08-17T18:48:05Z,
123.232.39.51,ipv4,malicious-ip,medium,WHITE,ziyadnz/hourly-ipv4,ziyadnz|hourly,2026-08-17T18:48:05Z,2026-08-17T18:48:05Z,
123.233.235.121,ipv4,malicious-ip,medium,WHITE,ziyadnz/hourly-ipv4,ziyadnz|hourly,2026-08-17T18:48:05Z,2026-08-17T18:48:05Z,
123.233.236.142,ipv4,malicious-ip,medium,WHITE,ziyadnz/hourly-ipv4,ziyadnz|hourly,2026-08-17T18:48:05Z,2026-08-17T18:48:05Z,
123.233.236.65,ipv4,malicious-ip,medium,WHITE,ziyadnz/hourly-ipv4,ziyadnz|hourly,2026-08-17T18:48:05Z,2026-08-17T18:48:05Z,
123.233.248.226,ipv4,malicious-ip,medium,WHITE,ziyadnz/hourly-ipv4,ziyadnz|hourly,2026-08-17T18:48:05Z,2026-08-17T18:48:05Z,
123.233.253.58,ipv4,malicious-ip,medium,WHITE,ziyadnz/hourly-ipv4,ziyadnz|hourly,2026-08-17T18:48:05Z,2026-08-17T18:48:05Z,
123.233.45.198,ipv4,malicious-ip,medium,WHITE,ziyadnz/hourly-ipv4,ziyadnz|hourly,2026-08-17T18:48:05Z,2026-08-17T18:48:05Z,
123.234.105.56,ipv4,malicious-ip,medium,WHITE,ziyadnz/hourly-ipv4,ziyadnz|hourly,2026-08-17T18:48:05Z,2026-08-17T18:48:05Z,
123.234.141.15,ipv4,malicious-ip,medium,WHITE,ziyadnz/hourly-ipv4,ziyadnz|hourly,2026-08-17T18:48:05Z,2026-08-17T18:48:05Z,
123.234.252.208,ipv4,malicious-ip,medium,WHITE,ziyadnz/hourly-ipv4,ziyadnz|hourly,2026-08-17T18:48:05Z,2026-08-17T18:48:05Z,
123.234.6.197,ipv4,malicious-ip,medium,WHITE,ziyadnz/hourly-ipv4,ziyadnz|hourly,2026-08-17T18:48:05Z,2026-08-17T18:48:05Z,
123.234.95.216,ipv4,malicious-ip,medium,WHITE,ziyadnz/hourly-ipv4,ziyadnz|hourly,2026-08-17T18:48:05Z,2026-08-17T18:48:05Z,
123.235.198.205,ipv4,malicious-ip,medium,WHITE,ziyadnz/hourly-ipv4,ziyadnz|hourly,2026-08-17T18:48:05Z,2026-08-17T18:48:05Z,
123.235.251.26,ipv4,malicious-ip,medium,WHITE,ziyadnz/hourly-ipv4,ziyadnz|hourly,2026-08-17T18:48:05Z,2026-08-17T18:48:05Z,
123.235.64.9,ipv4,malicious-ip,medium,WHITE,ziyadnz/hourly-ipv4,ziyadnz|hourly,2026-08-17T18:48:05Z,2026-08-17T18:48:05Z,
123.235.88.150,ipv4,malicious-ip,medium,WHITE,ziyadnz/hourly-ipv4,ziyadnz|hourly,2026-08-17T18:48:05Z,2026-08-17T18:48:05Z,
123.24.132.160,ipv4,malicious-ip,medium,WHITE,ziyadnz/hourly-ipv4,ziyadnz|hourly,2026-08-17T18:48:05Z,2026-08-17T18:48:05Z,
123.24.179.211,ipv4,malicious-ip,medium,WHITE,ziyadnz/hourly-ipv4,ziyadnz|hourly,2026-08-17T18:48:05Z,2026-08-17T18:48:05Z,
123.240.102.92,ipv4,malicious-ip,medium,WHITE,ziyadnz/hourly-ipv4,ziyadnz|hourly,2026-08-17T18:48:05Z,2026-08-17T18:48:05Z,
123.240.15.245,ipv4,malicious-ip,medium,WHITE,ziyadnz/hourly-ipv4,ziyadnz|hourly,2026-08-17T18:48:05Z,2026-08-17T18:48:05Z,
123.241.26.42,ipv4,malicious-ip,medium,WHITE,ziyadnz/hourly-ipv4,ziyadnz|hourly,2026-08-17T18:48:05Z,2026-08-17T18:48:05Z,
123.244.27.39,ipv4,malicious-ip,medium,WHITE,ziyadnz/hourly-ipv4,ziyadnz|hourly,2026-08-17T18:48:05Z,2026-08-17T18:48:05Z,
123.244.72.13,ipv4,malicious-ip,medium,WHITE,ziyadnz/hourly-ipv4,ziyadnz|hourly,2026-08-17T18:48:05Z,2026-08-17T18:48:05Z,
123.245.66.240,ipv4,malicious-ip,medium,WHITE,ziyadnz/hourly-ipv4,ziyadnz|hourly,2026-08-17T18:48:05Z,2026-08-17T18:48:05Z,
123.245.67.63,ipv4,malicious-ip,medium,WHITE,ziyadnz/hourly-ipv4,ziyadnz|hourly,2026-08-17T18:48:05Z,2026-08-17T18:48:05Z,
123.245.67.71,ipv4,malicious-ip,medium,WHITE,ziyadnz/hourly-ipv4,ziyadnz|hourly,2026-08-17T18:48:05Z,2026-08-17T18:48:05Z,
123.245.84.13,ipv4,malicious-ip,medium,WHITE,ziyadnz/hourly-ipv4,ziyadnz|hourly,2026-08-17T18:48:05Z,2026-08-17T18:48:05Z,
123.245.84.130,ipv4,malicious-ip,medium,WHITE,ziyadnz/hourly-ipv4,ziyadnz|hourly,2026-08-17T18:48:05Z,2026-08-17T18:48:05Z,
123.245.84.135,ipv4,malicious-ip,medium,WHITE,ziyadnz/hourly-ipv4,ziyadnz|hourly,2026-08-17T18:48:05Z,2026-08-17T18:48:05Z,
123.245.84.149,ipv4,malicious-ip,medium,WHITE,ziyadnz/hourly-ipv4,ziyadnz|hourly,2026-08-17T18:48:05Z,2026-08-17T18:48:05Z,
123.245.84.154,ipv4,malicious-ip,medium,WHITE,ziyadnz/hourly-ipv4,ziyadnz|hourly,2026-08-17T18:48:05Z,2026-08-17T18:48:05Z,
123.245.84.178,ipv4,malicious-ip,medium,WHITE,ziyadnz/hourly-ipv4,ziyadnz|hourly,2026-08-17T18:48:05Z,2026-08-17T18:48:05Z,
123.245.84.194,ipv4,malicious-ip,medium,WHITE,ziyadnz/hourly-ipv4,ziyadnz|hourly,2026-08-17T18:48:05Z,2026-08-17T18:48:05Z,
123.245.84.208,ipv4,malicious-ip,medium,WHITE,ziyadnz/hourly-ipv4,ziyadnz|hourly,2026-08-17T18:48:05Z,2026-08-17T18:48:05Z,
123.245.84.21,ipv4,malicious-ip,medium,WHITE,ziyadnz/hourly-ipv4,ziyadnz|hourly,2026-08-17T18:48:05Z,2026-08-17T18:48:05Z,
123.245.84.219,ipv4,malicious-ip,medium,WHITE,ziyadnz/hourly-ipv4,ziyadnz|hourly,2026-08-17T18:48:05Z,2026-08-17T18:48:05Z,
123.245.84.224,ipv4,malicious-ip,medium,WHITE,ziyadnz/hourly-ipv4,ziyadnz|hourly,2026-08-17T18:48:05Z,2026-08-17T18:48:05Z,
123.245.84.239,ipv4,malicious-ip,medium,WHITE,ziyadnz/hourly-ipv4,ziyadnz|hourly,2026-08-17T18:48:05Z,2026-08-17T18:48:05Z,
123.245.84.244,ipv4,malicious-ip,medium,WHITE,ziyadnz/hourly-ipv4,ziyadnz|hourly,2026-08-17T18:48:05Z,2026-08-17T18:48:05Z,
123.245.84.251,ipv4,malicious-ip,medium,WHITE,ziyadnz/hourly-ipv4,ziyadnz|hourly,2026-08-17T18:48:05Z,2026-08-17T18:48:05Z,
123.245.84.44,ipv4,malicious-ip,medium,WHITE,ziyadnz/hourly-ipv4,ziyadnz|hourly,2026-08-17T18:48:05Z,2026-08-17T18:48:05Z,
123.245.84.50,ipv4,malicious-ip,medium,WHITE,ziyadnz/hourly-ipv4,ziyadnz|hourly,2026-08-17T18:48:05Z,2026-08-17T18:48:05Z,
123.245.84.56,ipv4,malicious-ip,medium,WHITE,ziyadnz/hourly-ipv4,ziyadnz|hourly,2026-08-17T18:48:05Z,2026-08-17T18:48:05Z,
123.245.84.63,ipv4,malicious-ip,medium,WHITE,ziyadnz/hourly-ipv4,ziyadnz|hourly,2026-08-17T18:48:05Z,2026-08-17T18:48:05Z,
123.245.84.7,ipv4,malicious-ip,medium,WHITE,ziyadnz/hourly-ipv4,ziyadnz|hourly,2026-08-17T18:48:05Z,2026-08-17T18:48:05Z,
123.245.84.94,ipv4,malicious-ip,medium,WHITE,ziyadnz/hourly-ipv4,ziyadnz|hourly,2026-08-17T18:48:05Z,2026-08-17T18:48:05Z,
123.245.85.0,ipv4,malicious-ip,medium,WHITE,ziyadnz/hourly-ipv4,ziyadnz|hourly,2026-08-17T18:48:05Z,2026-08-17T18:48:05Z,
123.245.85.13,ipv4,malicious-ip,medium,WHITE,ziyadnz/hourly-ipv4,ziyadnz|hourly,2026-08-17T18:48:05Z,2026-08-17T18:48:05Z,
123.245.85.137,ipv4,malicious-ip,medium,WHITE,ziyadnz/hourly-ipv4,ziyadnz|hourly,2026-08-17T18:48:05Z,2026-08-17T18:48:05Z,
123.245.85.139,ipv4,malicious-ip,medium,WHITE,ziyadnz/hourly-ipv4,ziyadnz|hourly,2026-08-17T18:48:05Z,2026-08-17T18:48:05Z,
123.245.85.140,ipv4,malicious-ip,medium,WHITE,ziyadnz/hourly-ipv4,ziyadnz|hourly,2026-08-17T18:48:05Z,2026-08-17T18:48:05Z,
123.245.85.143,ipv4,malicious-ip,medium,WHITE,ziyadnz/hourly-ipv4,ziyadnz|hourly,2026-08-17T18:48:05Z,2026-08-17T18:48:05Z,
123.245.85.144,ipv4,malicious-ip,medium,WHITE,ziyadnz/hourly-ipv4,ziyadnz|hourly,2026-08-17T18:48:05Z,2026-08-17T18:48:05Z,
123.245.85.15,ipv4,malicious-ip,medium,WHITE,ziyadnz/hourly-ipv4,ziyadnz|hourly,2026-08-17T18:48:05Z,2026-08-17T18:48:05Z,
123.245.85.152,ipv4,malicious-ip,medium,WHITE,ziyadnz/hourly-ipv4,ziyadnz|hourly,2026-08-17T18:48:05Z,2026-08-17T18:48:05Z,
123.245.85.170,ipv4,malicious-ip,medium,WHITE,ziyadnz/hourly-ipv4,ziyadnz|hourly,2026-08-17T18:48:05Z,2026-08-17T18:48:05Z,
123.245.85.172,ipv4,malicious-ip,medium,WHITE,ziyadnz/hourly-ipv4,ziyadnz|hourly,2026-08-17T18:48:05Z,2026-08-17T18:48:05Z,
123.245.85.174,ipv4,malicious-ip,medium,WHITE,ziyadnz/hourly-ipv4,ziyadnz|hourly,2026-08-17T18:48:05Z,2026-08-17T18:48:05Z,
123.245.85.19,ipv4,malicious-ip,medium,WHITE,ziyadnz/hourly-ipv4,ziyadnz|hourly,2026-08-17T18:48:05Z,2026-08-17T18:48:05Z,
123.245.85.207,ipv4,malicious-ip,medium,WHITE,ziyadnz/hourly-ipv4,ziyadnz|hourly,2026-08-17T18:48:05Z,2026-08-17T18:48:05Z,
123.245.85.228,ipv4,malicious-ip,medium,WHITE,ziyadnz/hourly-ipv4,ziyadnz|hourly,2026-08-17T18:48:05Z,2026-08-17T18:48:05Z,
123.245.85.237,ipv4,malicious-ip,medium,WHITE,ziyadnz/hourly-ipv4,ziyadnz|hourly,2026-08-17T18:48:05Z,2026-08-17T18:48:05Z,
123.245.85.238,ipv4,malicious-ip,medium,WHITE,ziyadnz/hourly-ipv4,ziyadnz|hourly,2026-08-17T18:48:05Z,2026-08-17T18:48:05Z,
123.245.85.254,ipv4,malicious-ip,medium,WHITE,ziyadnz/hourly-ipv4,ziyadnz|hourly,2026-08-17T18:48:05Z,2026-08-17T18:48:05Z,
123.245.85.36,ipv4,malicious-ip,medium,WHITE,ziyadnz/hourly-ipv4,ziyadnz|hourly,2026-08-17T18:48:05Z,2026-08-17T18:48:05Z,
123.245.85.39,ipv4,malicious-ip,medium,WHITE,ziyadnz/hourly-ipv4,ziyadnz|hourly,2026-08-17T18:48:05Z,2026-08-17T18:48:05Z,
123.245.85.5,ipv4,malicious-ip,medium,WHITE,ziyadnz/hourly-ipv4,ziyadnz|hourly,2026-08-17T18:48:05Z,2026-08-17T18:48:05Z,
123.245.85.51,ipv4,malicious-ip,medium,WHITE,ziyadnz/hourly-ipv4,ziyadnz|hourly,2026-08-17T18:48:05Z,2026-08-17T18:48:05Z,
123.245.85.57,ipv4,malicious-ip,medium,WHITE,ziyadnz/hourly-ipv4,ziyadnz|hourly,2026-08-17T18:48:05Z,2026-08-17T18:48:05Z,
123.245.85.66,ipv4,malicious-ip,medium,WHITE,ziyadnz/hourly-ipv4,ziyadnz|hourly,2026-08-17T18:48:05Z,2026-08-17T18:48:05Z,
123.245.85.93,ipv4,malicious-ip,medium,WHITE,ziyadnz/hourly-ipv4,ziyadnz|hourly,2026-08-17T18:48:05Z,2026-08-17T18:48:05Z,
123.245.96.151,ipv4,malicious-ip,medium,WHITE,ziyadnz/hourly-ipv4,ziyadnz|hourly,2026-08-17T18:48:05Z,2026-08-17T18:48:05Z,
123.245.96.34,ipv4,malicious-ip,medium,WHITE,ziyadnz/hourly-ipv4,ziyadnz|hourly,2026-08-17T18:48:05Z,2026-08-17T18:48:05Z,
123.245.96.78,ipv4,malicious-ip,medium,WHITE,ziyadnz/hourly-ipv4,ziyadnz|hourly,2026-08-17T18:48:05Z,2026-08-17T18:48:05Z,
123.245.96.93,ipv4,malicious-ip,medium,WHITE,ziyadnz/hourly-ipv4,ziyadnz|hourly,2026-08-17T18:48:05Z,2026-08-17T18:48:05Z,
123.245.97.125,ipv4,malicious-ip,medium,WHITE,ziyadnz/hourly-ipv4,ziyadnz|hourly,2026-08-17T18:48:05Z,2026-08-17T18:48:05Z,
123.245.98.143,ipv4,malicious-ip,medium,WHITE,ziyadnz/hourly-ipv4,ziyadnz|hourly,2026-08-17T18:48:05Z,2026-08-17T18:48:05Z,
123.249.125.207,ipv4,malicious-ip,medium,WHITE,ziyadnz/hourly-ipv4,ziyadnz|hourly,2026-08-17T18:48:05Z,2026-08-17T18:48:05Z,
123.25.108.68,ipv4,malicious-ip,medium,WHITE,ziyadnz/hourly-ipv4,ziyadnz|hourly,2026-08-17T18:48:05Z,2026-08-17T18:48:05Z,
123.25.190.33,ipv4,malicious-ip,medium,WHITE,ziyadnz/hourly-ipv4,ziyadnz|hourly,2026-08-17T18:48:05Z,2026-08-17T18:48:05Z,
123.25.225.80,ipv4,malicious-ip,medium,WHITE,ziyadnz/hourly-ipv4,ziyadnz|hourly,2026-08-17T18:48:05Z,2026-08-17T18:48:05Z,
123.25.249.88,ipv4,malicious-ip,medium,WHITE,ziyadnz/hourly-ipv4,ziyadnz|hourly,2026-08-17T18:48:05Z,2026-08-17T18:48:05Z,
123.25.97.130,ipv4,malicious-ip,medium,WHITE,ziyadnz/hourly-ipv4,ziyadnz|hourly,2026-08-17T18:48:05Z,2026-08-17T18:48:05Z,
123.25.97.85,ipv4,malicious-ip,medium,WHITE,ziyadnz/hourly-ipv4,ziyadnz|hourly,2026-08-17T18:48:05Z,2026-08-17T18:48:05Z,
123.252.137.14,ipv4,malicious-ip,medium,WHITE,ziyadnz/hourly-ipv4,ziyadnz|hourly,2026-08-17T18:48:05Z,2026-08-17T18:48:05Z,
123.252.174.205,ipv4,malicious-ip,medium,WHITE,ziyadnz/hourly-ipv4,ziyadnz|hourly,2026-08-17T18:48:05Z,2026-08-17T18:48:05Z,
123.253.180.102,ipv4,malicious-ip,medium,WHITE,ziyadnz/hourly-ipv4,ziyadnz|hourly,2026-08-17T18:48:05Z,2026-08-17T18:48:05Z,
123.253.35.32,ipv4,malicious-ip,medium,WHITE,ziyadnz/hourly-ipv4,ziyadnz|hourly,2026-08-17T18:48:05Z,2026-08-17T18:48:05Z,
123.253.4.210,ipv4,malicious-ip,medium,WHITE,ziyadnz/hourly-ipv4,ziyadnz|hourly,2026-08-17T18:48:05Z,2026-08-17T18:48:05Z,
123.253.49.184,ipv4,malicious-ip,medium,WHITE,ziyadnz/hourly-ipv4,ziyadnz|hourly,2026-08-17T18:48:05Z,2026-08-17T18:48:05Z,
123.253.50.191,ipv4,malicious-ip,medium,WHITE,ziyadnz/hourly-ipv4,ziyadnz|hourly,2026-08-17T18:48:05Z,2026-08-17T18:48:05Z,
123.253.61.116,ipv4,malicious-ip,medium,WHITE,ziyadnz/hourly-ipv4,ziyadnz|hourly,2026-08-17T18:48:05Z,2026-08-17T18:48:05Z,
123.253.93.114,ipv4,malicious-ip,medium,WHITE,ziyadnz/hourly-ipv4,ziyadnz|hourly,2026-08-17T18:48:05Z,2026-08-17T18:48:05Z,
123.253.93.115,ipv4,malicious-ip,medium,WHITE,ziyadnz/hourly-ipv4,ziyadnz|hourly,2026-08-17T18:48:05Z,2026-08-17T18:48:05Z,
123.253.94.162,ipv4,malicious-ip,medium,WHITE,ziyadnz/hourly-ipv4,ziyadnz|hourly,2026-08-17T18:48:05Z,2026-08-17T18:48:05Z,
123.253.97.240,ipv4,malicious-ip,medium,WHITE,ziyadnz/hourly-ipv4,ziyadnz|hourly,2026-08-17T18:48:05Z,2026-08-17T18:48:05Z,
123.254.105.38,ipv4,malicious-ip,medium,WHITE,ziyadnz/hourly-ipv4,ziyadnz|hourly,2026-08-17T18:48:05Z,2026-08-17T18:48:05Z,
123.254.106.148,ipv4,malicious-ip,medium,WHITE,ziyadnz/hourly-ipv4,ziyadnz|hourly,2026-08-17T18:48:05Z,2026-08-17T18:48:05Z,
123.255.250.250,ipv4,malicious-ip,medium,WHITE,ziyadnz/hourly-ipv4,ziyadnz|hourly,2026-08-17T18:48:05Z,2026-08-17T18:48:05Z,
123.26.145.253,ipv4,malicious-ip,medium,WHITE,ziyadnz/hourly-ipv4,ziyadnz|hourly,2026-08-17T18:48:05Z,2026-08-17T18:48:05Z,
123.30.106.64,ipv4,malicious-ip,medium,WHITE,ziyadnz/hourly-ipv4,ziyadnz|hourly,2026-08-17T18:48:05Z,2026-08-17T18:48:05Z,
123.30.50.148,ipv4,malicious-ip,medium,WHITE,ziyadnz/hourly-ipv4,ziyadnz|hourly,2026-08-17T18:48:05Z,2026-08-17T18:48:05Z,
123.30.96.58,ipv4,malicious-ip,medium,WHITE,ziyadnz/hourly-ipv4,ziyadnz|hourly,2026-08-17T18:48:05Z,2026-08-17T18:48:05Z,
123.31.128.211,ipv4,malicious-ip,medium,WHITE,ziyadnz/hourly-ipv4,ziyadnz|hourly,2026-08-17T18:48:05Z,2026-08-17T18:48:05Z,
123.31.203.157,ipv4,malicious-ip,medium,WHITE,ziyadnz/hourly-ipv4,ziyadnz|hourly,2026-08-17T18:48:05Z,2026-08-17T18:48:05Z,
123.31.33.138,ipv4,malicious-ip,medium,WHITE,ziyadnz/hourly-ipv4,ziyadnz|hourly,2026-08-17T18:48:05Z,2026-08-17T18:48:05Z,
123.4.35.26,ipv4,malicious-ip,medium,WHITE,ziyadnz/hourly-ipv4,ziyadnz|hourly,2026-08-17T18:48:05Z,2026-08-17T18:48:05Z,
123.48.142.249,ipv4,malicious-ip,medium,WHITE,ziyadnz/hourly-ipv4,ziyadnz|hourly,2026-08-17T18:48:05Z,2026-08-17T18:48:05Z,
123.49.12.183,ipv4,malicious-ip,medium,WHITE,ziyadnz/hourly-ipv4,ziyadnz|hourly,2026-08-17T18:48:05Z,2026-08-17T18:48:05Z,
123.49.41.210,ipv4,malicious-ip,medium,WHITE,ziyadnz/hourly-ipv4,ziyadnz|hourly,2026-08-17T18:48:05Z,2026-08-17T18:48:05Z,
123.49.60.158,ipv4,malicious-ip,medium,WHITE,ziyadnz/hourly-ipv4,ziyadnz|hourly,2026-08-17T18:48:05Z,2026-08-17T18:48:05Z,
123.5.151.246,ipv4,malicious-ip,medium,WHITE,ziyadnz/hourly-ipv4,ziyadnz|hourly,2026-08-17T18:48:05Z,2026-08-17T18:48:05Z,
123.5.178.78,ipv4,malicious-ip,medium,WHITE,ziyadnz/hourly-ipv4,ziyadnz|hourly,2026-08-17T18:48:05Z,2026-08-17T18:48:05Z,
123.5.179.235,ipv4,malicious-ip,medium,WHITE,ziyadnz/hourly-ipv4,ziyadnz|hourly,2026-08-17T18:48:05Z,2026-08-17T18:48:05Z,
123.5.92.113,ipv4,malicious-ip,medium,WHITE,ziyadnz/hourly-ipv4,ziyadnz|hourly,2026-08-17T18:48:05Z,2026-08-17T18:48:05Z,
123.52.26.111,ipv4,malicious-ip,medium,WHITE,ziyadnz/hourly-ipv4,ziyadnz|hourly,2026-08-17T18:48:05Z,2026-08-17T18:48:05Z,
123.52.66.145,ipv4,malicious-ip,medium,WHITE,ziyadnz/hourly-ipv4,ziyadnz|hourly,2026-08-17T18:48:05Z,2026-08-17T18:48:05Z,
123.53.168.88,ipv4,malicious-ip,medium,WHITE,ziyadnz/hourly-ipv4,ziyadnz|hourly,2026-08-17T18:48:05Z,2026-08-17T18:48:05Z,
123.53.208.77,ipv4,malicious-ip,medium,WHITE,ziyadnz/hourly-ipv4,ziyadnz|hourly,2026-08-17T18:48:05Z,2026-08-17T18:48:05Z,
123.53.79.75,ipv4,malicious-ip,medium,WHITE,ziyadnz/hourly-ipv4,ziyadnz|hourly,2026-08-17T18:48:05Z,2026-08-17T18:48:05Z,
123.54.142.101,ipv4,malicious-ip,medium,WHITE,ziyadnz/hourly-ipv4,ziyadnz|hourly,2026-08-17T18:48:05Z,2026-08-17T18:48:05Z,
123.55.56.218,ipv4,malicious-ip,medium,WHITE,ziyadnz/hourly-ipv4,ziyadnz|hourly,2026-08-17T18:48:05Z,2026-08-17T18:48:05Z,
123.55.56.67,ipv4,malicious-ip,medium,WHITE,ziyadnz/hourly-ipv4,ziyadnz|hourly,2026-08-17T18:48:05Z,2026-08-17T18:48:05Z,
123.56.11.51,ipv4,malicious-ip,medium,WHITE,ziyadnz/hourly-ipv4,ziyadnz|hourly,2026-08-17T18:48:05Z,2026-08-17T18:48:05Z,
123.56.110.252,ipv4,malicious-ip,medium,WHITE,ziyadnz/hourly-ipv4,ziyadnz|hourly,2026-08-17T18:48:05Z,2026-08-17T18:48:05Z,
123.56.124.190,ipv4,malicious-ip,medium,WHITE,ziyadnz/hourly-ipv4,ziyadnz|hourly,2026-08-17T18:48:05Z,2026-08-17T18:48:05Z,
123.56.154.161,ipv4,malicious-ip,medium,WHITE,ziyadnz/hourly-ipv4,ziyadnz|hourly,2026-08-17T18:48:05Z,2026-08-17T18:48:05Z,
123.56.168.30,ipv4,malicious-ip,medium,WHITE,ziyadnz/hourly-ipv4,ziyadnz|hourly,2026-08-17T18:48:05Z,2026-08-17T18:48:05Z,
123.56.177.15,ipv4,malicious-ip,medium,WHITE,ziyadnz/hourly-ipv4,ziyadnz|hourly,2026-08-17T18:48:05Z,2026-08-17T18:48:05Z,
123.56.67.74,ipv4,malicious-ip,medium,WHITE,ziyadnz/hourly-ipv4,ziyadnz|hourly,2026-08-17T18:48:05Z,2026-08-17T18:48:05Z,
123.56.8.132,ipv4,malicious-ip,medium,WHITE,ziyadnz/hourly-ipv4,ziyadnz|hourly,2026-08-17T18:48:05Z,2026-08-17T18:48:05Z,
123.56.83.129,ipv4,malicious-ip,medium,WHITE,ziyadnz/hourly-ipv4,ziyadnz|hourly,2026-08-17T18:48:05Z,2026-08-17T18:48:05Z,
123.56.98.4,ipv4,malicious-ip,medium,WHITE,ziyadnz/hourly-ipv4,ziyadnz|hourly,2026-08-17T18:48:05Z,2026-08-17T18:48:05Z,
123.57.134.58,ipv4,malicious-ip,medium,WHITE,ziyadnz/hourly-ipv4,ziyadnz|hourly,2026-08-17T18:48:05Z,2026-08-17T18:48:05Z,
123.57.17.25,ipv4,malicious-ip,medium,WHITE,ziyadnz/hourly-ipv4,ziyadnz|hourly,2026-08-17T18:48:05Z,2026-08-17T18:48:05Z,
123.57.176.70,ipv4,malicious-ip,medium,WHITE,ziyadnz/hourly-ipv4,ziyadnz|hourly,2026-08-17T18:48:05Z,2026-08-17T18:48:05Z,
123.57.51.183,ipv4,malicious-ip,medium,WHITE,ziyadnz/hourly-ipv4,ziyadnz|hourly,2026-08-17T18:48:05Z,2026-08-17T18:48:05Z,
123.57.67.29,ipv4,malicious-ip,medium,WHITE,ziyadnz/hourly-ipv4,ziyadnz|hourly,2026-08-17T18:48:05Z,2026-08-17T18:48:05Z,
123.57.73.112,ipv4,malicious-ip,medium,WHITE,ziyadnz/hourly-ipv4,ziyadnz|hourly,2026-08-17T18:48:05Z,2026-08-17T18:48:05Z,
123.57.76.92,ipv4,malicious-ip,medium,WHITE,ziyadnz/hourly-ipv4,ziyadnz|hourly,2026-08-17T18:48:05Z,2026-08-17T18:48:05Z,
123.58.196.49,ipv4,malicious-ip,medium,WHITE,ziyadnz/hourly-ipv4,ziyadnz|hourly,2026-08-17T18:48:05Z,2026-08-17T18:48:05Z,
123.58.200.120,ipv4,malicious-ip,medium,WHITE,ziyadnz/hourly-ipv4,ziyadnz|hourly,2026-08-17T18:48:05Z,2026-08-17T18:48:05Z,
123.58.200.147,ipv4,malicious-ip,medium,WHITE,ziyadnz/hourly-ipv4,ziyadnz|hourly,2026-08-17T18:48:05Z,2026-08-17T18:48:05Z,
123.58.200.21,ipv4,malicious-ip,medium,WHITE,ziyadnz/hourly-ipv4,ziyadnz|hourly,2026-08-17T18:48:05Z,2026-08-17T18:48:05Z,
123.58.203.202,ipv4,malicious-ip,medium,WHITE,ziyadnz/hourly-ipv4,ziyadnz|hourly,2026-08-17T18:48:05Z,2026-08-17T18:48:05Z,
123.58.205.100,ipv4,malicious-ip,medium,WHITE,ziyadnz/hourly-ipv4,ziyadnz|hourly,2026-08-17T18:48:05Z,2026-08-17T18:48:05Z,
123.58.207.127,ipv4,malicious-ip,medium,WHITE,ziyadnz/hourly-ipv4,ziyadnz|hourly,2026-08-17T18:48:05Z,2026-08-17T18:48:05Z,
123.58.207.140,ipv4,malicious-ip,medium,WHITE,ziyadnz/hourly-ipv4,ziyadnz|hourly,2026-08-17T18:48:05Z,2026-08-17T18:48:05Z,
123.58.207.151,ipv4,malicious-ip,medium,WHITE,ziyadnz/hourly-ipv4,ziyadnz|hourly,2026-08-17T18:48:05Z,2026-08-17T18:48:05Z,
123.58.207.155,ipv4,malicious-ip,medium,WHITE,ziyadnz/hourly-ipv4,ziyadnz|hourly,2026-08-17T18:48:05Z,2026-08-17T18:48:05Z,
123.58.207.81,ipv4,malicious-ip,medium,WHITE,ziyadnz/hourly-ipv4,ziyadnz|hourly,2026-08-17T18:48:05Z,2026-08-17T18:48:05Z,
123.58.209.112,ipv4,malicious-ip,medium,WHITE,ziyadnz/hourly-ipv4,ziyadnz|hourly,2026-08-17T18:48:05Z,2026-08-17T18:48:05Z,
123.58.209.123,ipv4,malicious-ip,medium,WHITE,ziyadnz/hourly-ipv4,ziyadnz|hourly,2026-08-17T18:48:05Z,2026-08-17T18:48:05Z,
123.58.209.194,ipv4,malicious-ip,medium,WHITE,ziyadnz/hourly-ipv4,ziyadnz|hourly,2026-08-17T18:48:05Z,2026-08-17T18:48:05Z,
123.58.210.106,ipv4,malicious-ip,medium,WHITE,ziyadnz/hourly-ipv4,ziyadnz|hourly,2026-08-17T18:48:05Z,2026-08-17T18:48:05Z,
123.58.210.134,ipv4,malicious-ip,medium,WHITE,ziyadnz/hourly-ipv4,ziyadnz|hourly,2026-08-17T18:48:05Z,2026-08-17T18:48:05Z,
123.58.212.136,ipv4,malicious-ip,medium,WHITE,ziyadnz/hourly-ipv4,ziyadnz|hourly,2026-08-17T18:48:05Z,2026-08-17T18:48:05Z,
123.58.212.238,ipv4,malicious-ip,medium,WHITE,ziyadnz/hourly-ipv4,ziyadnz|hourly,2026-08-17T18:48:05Z,2026-08-17T18:48:05Z,
123.58.212.28,ipv4,malicious-ip,medium,WHITE,ziyadnz/hourly-ipv4,ziyadnz|hourly,2026-08-17T18:48:05Z,2026-08-17T18:48:05Z,
123.58.213.117,ipv4,malicious-ip,medium,WHITE,ziyadnz/hourly-ipv4,ziyadnz|hourly,2026-08-17T18:48:05Z,2026-08-17T18:48:05Z,
123.58.213.118,ipv4,malicious-ip,medium,WHITE,ziyadnz/hourly-ipv4,ziyadnz|hourly,2026-08-17T18:48:05Z,2026-08-17T18:48:05Z,
123.58.213.160,ipv4,malicious-ip,medium,WHITE,ziyadnz/hourly-ipv4,ziyadnz|hourly,2026-08-17T18:48:05Z,2026-08-17T18:48:05Z,
123.58.213.20,ipv4,malicious-ip,medium,WHITE,ziyadnz/hourly-ipv4,ziyadnz|hourly,2026-08-17T18:48:05Z,2026-08-17T18:48:05Z,
123.58.213.22,ipv4,malicious-ip,medium,WHITE,ziyadnz/hourly-ipv4,ziyadnz|hourly,2026-08-17T18:48:05Z,2026-08-17T18:48:05Z,
123.58.215.102,ipv4,malicious-ip,medium,WHITE,ziyadnz/hourly-ipv4,ziyadnz|hourly,2026-08-17T18:48:05Z,2026-08-17T18:48:05Z,
123.58.215.74,ipv4,malicious-ip,medium,WHITE,ziyadnz/hourly-ipv4,ziyadnz|hourly,2026-08-17T18:48:05Z,2026-08-17T18:48:05Z,
123.58.217.155,ipv4,malicious-ip,medium,WHITE,ziyadnz/hourly-ipv4,ziyadnz|hourly,2026-08-17T18:48:05Z,2026-08-17T18:48:05Z,
123.58.218.212,ipv4,malicious-ip,medium,WHITE,ziyadnz/hourly-ipv4,ziyadnz|hourly,2026-08-17T18:48:05Z,2026-08-17T18:48:05Z,
123.58.219.171,ipv4,malicious-ip,medium,WHITE,ziyadnz/hourly-ipv4,ziyadnz|hourly,2026-08-17T18:48:05Z,2026-08-17T18:48:05Z,
123.58.219.233,ipv4,malicious-ip,medium,WHITE,ziyadnz/hourly-ipv4,ziyadnz|hourly,2026-08-17T18:48:05Z,2026-08-17T18:48:05Z,
123.58.219.26,ipv4,malicious-ip,medium,WHITE,ziyadnz/hourly-ipv4,ziyadnz|hourly,2026-08-17T18:48:05Z,2026-08-17T18:48:05Z,
123.58.219.3,ipv4,malicious-ip,medium,WHITE,ziyadnz/hourly-ipv4,ziyadnz|hourly,2026-08-17T18:48:05Z,2026-08-17T18:48:05Z,
123.58.219.82,ipv4,malicious-ip,medium,WHITE,ziyadnz/hourly-ipv4,ziyadnz|hourly,2026-08-17T18:48:05Z,2026-08-17T18:48:05Z,
123.58.219.98,ipv4,malicious-ip,medium,WHITE,ziyadnz/hourly-ipv4,ziyadnz|hourly,2026-08-17T18:48:05Z,2026-08-17T18:48:05Z,
123.58.249.106,ipv4,malicious-ip,medium,WHITE,ziyadnz/hourly-ipv4,ziyadnz|hourly,2026-08-17T18:48:05Z,2026-08-17T18:48:05Z,
123.59.100.243,ipv4,malicious-ip,medium,WHITE,ziyadnz/hourly-ipv4,ziyadnz|hourly,2026-08-17T18:48:05Z,2026-08-17T18:48:05Z,
123.59.232.173,ipv4,malicious-ip,medium,WHITE,ziyadnz/hourly-ipv4,ziyadnz|hourly,2026-08-17T18:48:05Z,2026-08-17T18:48:05Z,
123.6.229.172,ipv4,malicious-ip,medium,WHITE,ziyadnz/hourly-ipv4,ziyadnz|hourly,2026-08-17T18:48:05Z,2026-08-17T18:48:05Z,
123.60.136.40,ipv4,malicious-ip,medium,WHITE,ziyadnz/hourly-ipv4,ziyadnz|hourly,2026-08-17T18:48:05Z,2026-08-17T18:48:05Z,
123.60.143.74,ipv4,malicious-ip,medium,WHITE,ziyadnz/hourly-ipv4,ziyadnz|hourly,2026-08-17T18:48:05Z,2026-08-17T18:48:05Z,
123.60.167.7,ipv4,malicious-ip,medium,WHITE,ziyadnz/hourly-ipv4,ziyadnz|hourly,2026-08-17T18:48:05Z,2026-08-17T18:48:05Z,
123.7.77.60,ipv4,malicious-ip,medium,WHITE,ziyadnz/hourly-ipv4,ziyadnz|hourly,2026-08-17T18:48:05Z,2026-08-17T18:48:05Z,
123.8.166.4,ipv4,malicious-ip,medium,WHITE,ziyadnz/hourly-ipv4,ziyadnz|hourly,2026-08-17T18:48:05Z,2026-08-17T18:48:05Z,
123.88.132.222,ipv4,malicious-ip,medium,WHITE,ziyadnz/hourly-ipv4,ziyadnz|hourly,2026-08-17T18:48:05Z,2026-08-17T18:48:05Z,
123.88.252.12,ipv4,malicious-ip,medium,WHITE,ziyadnz/hourly-ipv4,ziyadnz|hourly,2026-08-17T18:48:05Z,2026-08-17T18:48:05Z,
123.88.60.1,ipv4,malicious-ip,medium,WHITE,ziyadnz/hourly-ipv4,ziyadnz|hourly,2026-08-17T18:48:05Z,2026-08-17T18:48:05Z,
123.9.10.172,ipv4,malicious-ip,medium,WHITE,ziyadnz/hourly-ipv4,ziyadnz|hourly,2026-08-17T18:48:05Z,2026-08-17T18:48:05Z,
123.9.117.103,ipv4,malicious-ip,medium,WHITE,ziyadnz/hourly-ipv4,ziyadnz|hourly,2026-08-17T18:48:05Z,2026-08-17T18:48:05Z,
123.9.247.215,ipv4,malicious-ip,medium,WHITE,ziyadnz/hourly-ipv4,ziyadnz|hourly,2026-08-17T18:48:05Z,2026-08-17T18:48:05Z,
123.96.19.84,ipv4,malicious-ip,medium,WHITE,ziyadnz/hourly-ipv4,ziyadnz|hourly,2026-08-17T18:48:05Z,2026-08-17T18:48:05Z,
123.96.211.45,ipv4,malicious-ip,medium,WHITE,ziyadnz/hourly-ipv4,ziyadnz|hourly,2026-08-17T18:48:05Z,2026-08-17T18:48:05Z,
123.99.201.94,ipv4,malicious-ip,medium,WHITE,ziyadnz/hourly-ipv4,ziyadnz|hourly,2026-08-17T18:48:05Z,2026-08-17T18:48:05Z,
123.99.202.202,ipv4,malicious-ip,medium,WHITE,ziyadnz/hourly-ipv4,ziyadnz|hourly,2026-08-17T18:48:05Z,2026-08-17T18:48:05Z,
124.102.46.82,ipv4,malicious-ip,medium,WHITE,ziyadnz/hourly-ipv4,ziyadnz|hourly,2026-08-17T18:48:05Z,2026-08-17T18:48:05Z,
124.105.31.236,ipv4,malicious-ip,medium,WHITE,ziyadnz/hourly-ipv4,ziyadnz|hourly,2026-08-17T18:48:05Z,2026-08-17T18:48:05Z,
124.105.49.229,ipv4,malicious-ip,medium,WHITE,ziyadnz/hourly-ipv4,ziyadnz|hourly,2026-08-17T18:48:05Z,2026-08-17T18:48:05Z,
124.105.69.156,ipv4,malicious-ip,medium,WHITE,ziyadnz/hourly-ipv4,ziyadnz|hourly,2026-08-17T18:48:05Z,2026-08-17T18:48:05Z,
124.105.77.33,ipv4,malicious-ip,medium,WHITE,ziyadnz/hourly-ipv4,ziyadnz|hourly,2026-08-17T18:48:05Z,2026-08-17T18:48:05Z,
124.106.116.109,ipv4,malicious-ip,medium,WHITE,ziyadnz/hourly-ipv4,ziyadnz|hourly,2026-08-17T18:48:05Z,2026-08-17T18:48:05Z,
124.106.149.34,ipv4,malicious-ip,medium,WHITE,ziyadnz/hourly-ipv4,ziyadnz|hourly,2026-08-17T18:48:05Z,2026-08-17T18:48:05Z,
124.106.165.163,ipv4,malicious-ip,medium,WHITE,ziyadnz/hourly-ipv4,ziyadnz|hourly,2026-08-17T18:48:05Z,2026-08-17T18:48:05Z,
124.106.19.207,ipv4,malicious-ip,medium,WHITE,ziyadnz/hourly-ipv4,ziyadnz|hourly,2026-08-17T18:48:05Z,2026-08-17T18:48:05Z,
124.106.225.25,ipv4,malicious-ip,medium,WHITE,ziyadnz/hourly-ipv4,ziyadnz|hourly,2026-08-17T18:48:05Z,2026-08-17T18:48:05Z,
124.106.31.166,ipv4,malicious-ip,medium,WHITE,ziyadnz/hourly-ipv4,ziyadnz|hourly,2026-08-17T18:48:05Z,2026-08-17T18:48:05Z,
124.106.39.167,ipv4,malicious-ip,medium,WHITE,ziyadnz/hourly-ipv4,ziyadnz|hourly,2026-08-17T18:48:05Z,2026-08-17T18:48:05Z,
124.106.67.118,ipv4,malicious-ip,medium,WHITE,ziyadnz/hourly-ipv4,ziyadnz|hourly,2026-08-17T18:48:05Z,2026-08-17T18:48:05Z,
124.107.100.72,ipv4,malicious-ip,medium,WHITE,ziyadnz/hourly-ipv4,ziyadnz|hourly,2026-08-17T18:48:05Z,2026-08-17T18:48:05Z,
124.107.117.120,ipv4,malicious-ip,medium,WHITE,ziyadnz/hourly-ipv4,ziyadnz|hourly,2026-08-17T18:48:05Z,2026-08-17T18:48:05Z,
124.107.138.186,ipv4,malicious-ip,medium,WHITE,ziyadnz/hourly-ipv4,ziyadnz|hourly,2026-08-17T18:48:05Z,2026-08-17T18:48:05Z,
124.107.167.41,ipv4,malicious-ip,medium,WHITE,ziyadnz/hourly-ipv4,ziyadnz|hourly,2026-08-17T18:48:05Z,2026-08-17T18:48:05Z,
124.107.20.111,ipv4,malicious-ip,medium,WHITE,ziyadnz/hourly-ipv4,ziyadnz|hourly,2026-08-17T18:48:05Z,2026-08-17T18:48:05Z,
124.107.63.157,ipv4,malicious-ip,medium,WHITE,ziyadnz/hourly-ipv4,ziyadnz|hourly,2026-08-17T18:48:05Z,2026-08-17T18:48:05Z,
124.107.95.13,ipv4,malicious-ip,medium,WHITE,ziyadnz/hourly-ipv4,ziyadnz|hourly,2026-08-17T18:48:05Z,2026-08-17T18:48:05Z,
124.108.51.90,ipv4,malicious-ip,medium,WHITE,ziyadnz/hourly-ipv4,ziyadnz|hourly,2026-08-17T18:48:05Z,2026-08-17T18:48:05Z,
124.109.2.211,ipv4,malicious-ip,medium,WHITE,ziyadnz/hourly-ipv4,ziyadnz|hourly,2026-08-17T18:48:05Z,2026-08-17T18:48:05Z,
124.109.22.240,ipv4,malicious-ip,medium,WHITE,ziyadnz/hourly-ipv4,ziyadnz|hourly,2026-08-17T18:48:05Z,2026-08-17T18:48:05Z,
124.109.45.43,ipv4,malicious-ip,medium,WHITE,ziyadnz/hourly-ipv4,ziyadnz|hourly,2026-08-17T18:48:05Z,2026-08-17T18:48:05Z,
124.113.224.207,ipv4,malicious-ip,medium,WHITE,ziyadnz/hourly-ipv4,ziyadnz|hourly,2026-08-17T18:48:05Z,2026-08-17T18:48:05Z,
124.113.253.214,ipv4,malicious-ip,medium,WHITE,ziyadnz/hourly-ipv4,ziyadnz|hourly,2026-08-17T18:48:05Z,2026-08-17T18:48:05Z,
124.114.150.86,ipv4,malicious-ip,medium,WHITE,ziyadnz/hourly-ipv4,ziyadnz|hourly,2026-08-17T18:48:05Z,2026-08-17T18:48:05Z,
124.115.207.205,ipv4,malicious-ip,medium,WHITE,ziyadnz/hourly-ipv4,ziyadnz|hourly,2026-08-17T18:48:05Z,2026-08-17T18:48:05Z,
124.115.65.73,ipv4,malicious-ip,medium,WHITE,ziyadnz/hourly-ipv4,ziyadnz|hourly,2026-08-17T18:48:05Z,2026-08-17T18:48:05Z,
124.115.69.75,ipv4,malicious-ip,medium,WHITE,ziyadnz/hourly-ipv4,ziyadnz|hourly,2026-08-17T18:48:05Z,2026-08-17T18:48:05Z,
124.115.70.235,ipv4,malicious-ip,medium,WHITE,ziyadnz/hourly-ipv4,ziyadnz|hourly,2026-08-17T18:48:05Z,2026-08-17T18:48:05Z,
124.116.169.30,ipv4,malicious-ip,medium,WHITE,ziyadnz/hourly-ipv4,ziyadnz|hourly,2026-08-17T18:48:05Z,2026-08-17T18:48:05Z,
124.116.171.46,ipv4,malicious-ip,medium,WHITE,ziyadnz/hourly-ipv4,ziyadnz|hourly,2026-08-17T18:48:05Z,2026-08-17T18:48:05Z,
124.116.23.182,ipv4,malicious-ip,medium,WHITE,ziyadnz/hourly-ipv4,ziyadnz|hourly,2026-08-17T18:48:05Z,2026-08-17T18:48:05Z,
124.117.194.142,ipv4,malicious-ip,medium,WHITE,ziyadnz/hourly-ipv4,ziyadnz|hourly,2026-08-17T18:48:05Z,2026-08-17T18:48:05Z,
124.117.194.169,ipv4,malicious-ip,medium,WHITE,ziyadnz/hourly-ipv4,ziyadnz|hourly,2026-08-17T18:48:05Z,2026-08-17T18:48:05Z,
124.117.194.95,ipv4,malicious-ip,medium,WHITE,ziyadnz/hourly-ipv4,ziyadnz|hourly,2026-08-17T18:48:05Z,2026-08-17T18:48:05Z,
124.117.195.101,ipv4,malicious-ip,medium,WHITE,ziyadnz/hourly-ipv4,ziyadnz|hourly,2026-08-17T18:48:05Z,2026-08-17T18:48:05Z,
124.117.195.201,ipv4,malicious-ip,medium,WHITE,ziyadnz/hourly-ipv4,ziyadnz|hourly,2026-08-17T18:48:05Z,2026-08-17T18:48:05Z,
124.117.195.229,ipv4,malicious-ip,medium,WHITE,ziyadnz/hourly-ipv4,ziyadnz|hourly,2026-08-17T18:48:05Z,2026-08-17T18:48:05Z,
124.117.195.33,ipv4,malicious-ip,medium,WHITE,ziyadnz/hourly-ipv4,ziyadnz|hourly,2026-08-17T18:48:05Z,2026-08-17T18:48:05Z,
124.118.55.247,ipv4,malicious-ip,medium,WHITE,ziyadnz/hourly-ipv4,ziyadnz|hourly,2026-08-17T18:48:05Z,2026-08-17T18:48:05Z,
124.120.22.41,ipv4,malicious-ip,medium,WHITE,ziyadnz/hourly-ipv4,ziyadnz|hourly,2026-08-17T18:48:05Z,2026-08-17T18:48:05Z,
124.121.164.111,ipv4,malicious-ip,medium,WHITE,ziyadnz/hourly-ipv4,ziyadnz|hourly,2026-08-17T18:48:05Z,2026-08-17T18:48:05Z,
124.121.30.234,ipv4,malicious-ip,medium,WHITE,ziyadnz/hourly-ipv4,ziyadnz|hourly,2026-08-17T18:48:05Z,2026-08-17T18:48:05Z,
124.121.31.17,ipv4,malicious-ip,medium,WHITE,ziyadnz/hourly-ipv4,ziyadnz|hourly,2026-08-17T18:48:05Z,2026-08-17T18:48:05Z,
124.121.31.5,ipv4,malicious-ip,medium,WHITE,ziyadnz/hourly-ipv4,ziyadnz|hourly,2026-08-17T18:48:05Z,2026-08-17T18:48:05Z,
124.122.115.154,ipv4,malicious-ip,medium,WHITE,ziyadnz/hourly-ipv4,ziyadnz|hourly,2026-08-17T18:48:05Z,2026-08-17T18:48:05Z,
124.122.134.85,ipv4,malicious-ip,medium,WHITE,ziyadnz/hourly-ipv4,ziyadnz|hourly,2026-08-17T18:48:05Z,2026-08-17T18:48:05Z,
124.122.138.187,ipv4,malicious-ip,medium,WHITE,ziyadnz/hourly-ipv4,ziyadnz|hourly,2026-08-17T18:48:05Z,2026-08-17T18:48:05Z,
124.122.81.233,ipv4,malicious-ip,medium,WHITE,ziyadnz/hourly-ipv4,ziyadnz|hourly,2026-08-17T18:48:05Z,2026-08-17T18:48:05Z,
124.123.100.130,ipv4,malicious-ip,medium,WHITE,ziyadnz/hourly-ipv4,ziyadnz|hourly,2026-08-17T18:48:05Z,2026-08-17T18:48:05Z,
124.123.147.182,ipv4,malicious-ip,medium,WHITE,ziyadnz/hourly-ipv4,ziyadnz|hourly,2026-08-17T18:48:05Z,2026-08-17T18:48:05Z,
124.123.152.129,ipv4,malicious-ip,medium,WHITE,ziyadnz/hourly-ipv4,ziyadnz|hourly,2026-08-17T18:48:05Z,2026-08-17T18:48:05Z,
124.123.153.201,ipv4,malicious-ip,medium,WHITE,ziyadnz/hourly-ipv4,ziyadnz|hourly,2026-08-17T18:48:05Z,2026-08-17T18:48:05Z,
124.123.158.95,ipv4,malicious-ip,medium,WHITE,ziyadnz/hourly-ipv4,ziyadnz|hourly,2026-08-17T18:48:05Z,2026-08-17T18:48:05Z,
124.123.160.191,ipv4,malicious-ip,medium,WHITE,ziyadnz/hourly-ipv4,ziyadnz|hourly,2026-08-17T18:48:05Z,2026-08-17T18:48:05Z,
124.123.18.192,ipv4,malicious-ip,medium,WHITE,ziyadnz/hourly-ipv4,ziyadnz|hourly,2026-08-17T18:48:05Z,2026-08-17T18:48:05Z,
124.123.181.88,ipv4,malicious-ip,medium,WHITE,ziyadnz/hourly-ipv4,ziyadnz|hourly,2026-08-17T18:48:05Z,2026-08-17T18:48:05Z,
124.123.2.198,ipv4,malicious-ip,medium,WHITE,ziyadnz/hourly-ipv4,ziyadnz|hourly,2026-08-17T18:48:05Z,2026-08-17T18:48:05Z,
124.123.32.46,ipv4,malicious-ip,medium,WHITE,ziyadnz/hourly-ipv4,ziyadnz|hourly,2026-08-17T18:48:05Z,2026-08-17T18:48:05Z,
124.123.42.198,ipv4,malicious-ip,medium,WHITE,ziyadnz/hourly-ipv4,ziyadnz|hourly,2026-08-17T18:48:05Z,2026-08-17T18:48:05Z,
124.123.68.73,ipv4,malicious-ip,medium,WHITE,ziyadnz/hourly-ipv4,ziyadnz|hourly,2026-08-17T18:48:05Z,2026-08-17T18:48:05Z,
124.123.72.74,ipv4,malicious-ip,medium,WHITE,ziyadnz/hourly-ipv4,ziyadnz|hourly,2026-08-17T18:48:05Z,2026-08-17T18:48:05Z,
124.128.220.82,ipv4,malicious-ip,medium,WHITE,ziyadnz/hourly-ipv4,ziyadnz|hourly,2026-08-17T18:48:05Z,2026-08-17T18:48:05Z,
124.128.247.169,ipv4,malicious-ip,medium,WHITE,ziyadnz/hourly-ipv4,ziyadnz|hourly,2026-08-17T18:48:05Z,2026-08-17T18:48:05Z,
124.129.162.173,ipv4,malicious-ip,medium,WHITE,ziyadnz/hourly-ipv4,ziyadnz|hourly,2026-08-17T18:48:05Z,2026-08-17T18:48:05Z,
124.129.72.221,ipv4,malicious-ip,medium,WHITE,ziyadnz/hourly-ipv4,ziyadnz|hourly,2026-08-17T18:48:05Z,2026-08-17T18:48:05Z,
124.13.124.94,ipv4,malicious-ip,medium,WHITE,ziyadnz/hourly-ipv4,ziyadnz|hourly,2026-08-17T18:48:05Z,2026-08-17T18:48:05Z,
124.13.77.157,ipv4,malicious-ip,medium,WHITE,ziyadnz/hourly-ipv4,ziyadnz|hourly,2026-08-17T18:48:05Z,2026-08-17T18:48:05Z,
124.130.120.210,ipv4,malicious-ip,medium,WHITE,ziyadnz/hourly-ipv4,ziyadnz|hourly,2026-08-17T18:48:05Z,2026-08-17T18:48:05Z,
124.130.144.11,ipv4,malicious-ip,medium,WHITE,ziyadnz/hourly-ipv4,ziyadnz|hourly,2026-08-17T18:48:05Z,2026-08-17T18:48:05Z,
124.130.35.205,ipv4,malicious-ip,medium,WHITE,ziyadnz/hourly-ipv4,ziyadnz|hourly,2026-08-17T18:48:05Z,2026-08-17T18:48:05Z,
124.130.35.216,ipv4,malicious-ip,medium,WHITE,ziyadnz/hourly-ipv4,ziyadnz|hourly,2026-08-17T18:48:05Z,2026-08-17T18:48:05Z,
124.131.184.39,ipv4,malicious-ip,medium,WHITE,ziyadnz/hourly-ipv4,ziyadnz|hourly,2026-08-17T18:48:05Z,2026-08-17T18:48:05Z,
124.131.210.175,ipv4,malicious-ip,medium,WHITE,ziyadnz/hourly-ipv4,ziyadnz|hourly,2026-08-17T18:48:05Z,2026-08-17T18:48:05Z,
124.131.242.155,ipv4,malicious-ip,medium,WHITE,ziyadnz/hourly-ipv4,ziyadnz|hourly,2026-08-17T18:48:05Z,2026-08-17T18:48:05Z,
124.131.251.74,ipv4,malicious-ip,medium,WHITE,ziyadnz/hourly-ipv4,ziyadnz|hourly,2026-08-17T18:48:05Z,2026-08-17T18:48:05Z,
124.131.69.41,ipv4,malicious-ip,medium,WHITE,ziyadnz/hourly-ipv4,ziyadnz|hourly,2026-08-17T18:48:05Z,2026-08-17T18:48:05Z,
124.132.164.172,ipv4,malicious-ip,medium,WHITE,ziyadnz/hourly-ipv4,ziyadnz|hourly,2026-08-17T18:48:05Z,2026-08-17T18:48:05Z,
124.132.17.61,ipv4,malicious-ip,medium,WHITE,ziyadnz/hourly-ipv4,ziyadnz|hourly,2026-08-17T18:48:05Z,2026-08-17T18:48:05Z,
124.132.61.226,ipv4,malicious-ip,medium,WHITE,ziyadnz/hourly-ipv4,ziyadnz|hourly,2026-08-17T18:48:05Z,2026-08-17T18:48:05Z,
124.132.93.71,ipv4,malicious-ip,medium,WHITE,ziyadnz/hourly-ipv4,ziyadnz|hourly,2026-08-17T18:48:05Z,2026-08-17T18:48:05Z,
124.133.10.147,ipv4,malicious-ip,medium,WHITE,ziyadnz/hourly-ipv4,ziyadnz|hourly,2026-08-17T18:48:05Z,2026-08-17T18:48:05Z,
124.134.139.164,ipv4,malicious-ip,medium,WHITE,ziyadnz/hourly-ipv4,ziyadnz|hourly,2026-08-17T18:48:05Z,2026-08-17T18:48:05Z,
124.134.142.116,ipv4,malicious-ip,medium,WHITE,ziyadnz/hourly-ipv4,ziyadnz|hourly,2026-08-17T18:48:05Z,2026-08-17T18:48:05Z,
124.134.179.64,ipv4,malicious-ip,medium,WHITE,ziyadnz/hourly-ipv4,ziyadnz|hourly,2026-08-17T18:48:05Z,2026-08-17T18:48:05Z,
124.134.7.5,ipv4,malicious-ip,medium,WHITE,ziyadnz/hourly-ipv4,ziyadnz|hourly,2026-08-17T18:48:05Z,2026-08-17T18:48:05Z,
124.134.73.200,ipv4,malicious-ip,medium,WHITE,ziyadnz/hourly-ipv4,ziyadnz|hourly,2026-08-17T18:48:05Z,2026-08-17T18:48:05Z,
124.135.144.35,ipv4,malicious-ip,medium,WHITE,ziyadnz/hourly-ipv4,ziyadnz|hourly,2026-08-17T18:48:05Z,2026-08-17T18:48:05Z,
124.135.186.168,ipv4,malicious-ip,medium,WHITE,ziyadnz/hourly-ipv4,ziyadnz|hourly,2026-08-17T18:48:05Z,2026-08-17T18:48:05Z,
124.135.197.114,ipv4,malicious-ip,medium,WHITE,ziyadnz/hourly-ipv4,ziyadnz|hourly,2026-08-17T18:48:05Z,2026-08-17T18:48:05Z,
124.135.198.225,ipv4,malicious-ip,medium,WHITE,ziyadnz/hourly-ipv4,ziyadnz|hourly,2026-08-17T18:48:05Z,2026-08-17T18:48:05Z,
124.135.220.155,ipv4,malicious-ip,medium,WHITE,ziyadnz/hourly-ipv4,ziyadnz|hourly,2026-08-17T18:48:05Z,2026-08-17T18:48:05Z,
124.135.227.137,ipv4,malicious-ip,medium,WHITE,ziyadnz/hourly-ipv4,ziyadnz|hourly,2026-08-17T18:48:05Z,2026-08-17T18:48:05Z,
124.14.219.205,ipv4,malicious-ip,medium,WHITE,ziyadnz/hourly-ipv4,ziyadnz|hourly,2026-08-17T18:48:05Z,2026-08-17T18:48:05Z,
124.146.44.248,ipv4,malicious-ip,medium,WHITE,ziyadnz/hourly-ipv4,ziyadnz|hourly,2026-08-17T18:48:05Z,2026-08-17T18:48:05Z,
124.148.191.105,ipv4,malicious-ip,medium,WHITE,ziyadnz/hourly-ipv4,ziyadnz|hourly,2026-08-17T18:48:05Z,2026-08-17T18:48:05Z,
124.149.237.63,ipv4,malicious-ip,medium,WHITE,ziyadnz/hourly-ipv4,ziyadnz|hourly,2026-08-17T18:48:05Z,2026-08-17T18:48:05Z,
124.153.182.76,ipv4,malicious-ip,medium,WHITE,ziyadnz/hourly-ipv4,ziyadnz|hourly,2026-08-17T18:48:05Z,2026-08-17T18:48:05Z,
124.153.187.49,ipv4,malicious-ip,medium,WHITE,ziyadnz/hourly-ipv4,ziyadnz|hourly,2026-08-17T18:48:05Z,2026-08-17T18:48:05Z,
124.153.189.92,ipv4,malicious-ip,medium,WHITE,ziyadnz/hourly-ipv4,ziyadnz|hourly,2026-08-17T18:48:05Z,2026-08-17T18:48:05Z,
124.153.195.163,ipv4,malicious-ip,medium,WHITE,ziyadnz/hourly-ipv4,ziyadnz|hourly,2026-08-17T18:48:05Z,2026-08-17T18:48:05Z,
124.153.238.79,ipv4,malicious-ip,medium,WHITE,ziyadnz/hourly-ipv4,ziyadnz|hourly,2026-08-17T18:48:05Z,2026-08-17T18:48:05Z,
124.156.129.246,ipv4,malicious-ip,medium,WHITE,ziyadnz/hourly-ipv4,ziyadnz|hourly,2026-08-17T18:48:05Z,2026-08-17T18:48:05Z,
124.156.134.223,ipv4,malicious-ip,medium,WHITE,ziyadnz/hourly-ipv4,ziyadnz|hourly,2026-08-17T18:48:05Z,2026-08-17T18:48:05Z,
124.156.157.91,ipv4,malicious-ip,medium,WHITE,ziyadnz/hourly-ipv4,ziyadnz|hourly,2026-08-17T18:48:05Z,2026-08-17T18:48:05Z,
124.156.176.22,ipv4,malicious-ip,medium,WHITE,ziyadnz/hourly-ipv4,ziyadnz|hourly,2026-08-17T18:48:05Z,2026-08-17T18:48:05Z,
124.156.179.141,ipv4,malicious-ip,medium,WHITE,ziyadnz/hourly-ipv4,ziyadnz|hourly,2026-08-17T18:48:05Z,2026-08-17T18:48:05Z,
124.156.185.140,ipv4,malicious-ip,medium,WHITE,ziyadnz/hourly-ipv4,ziyadnz|hourly,2026-08-17T18:48:05Z,2026-08-17T18:48:05Z,
124.156.193.46,ipv4,malicious-ip,medium,WHITE,ziyadnz/hourly-ipv4,ziyadnz|hourly,2026-08-17T18:48:05Z,2026-08-17T18:48:05Z,
124.156.193.81,ipv4,malicious-ip,medium,WHITE,ziyadnz/hourly-ipv4,ziyadnz|hourly,2026-08-17T18:48:05Z,2026-08-17T18:48:05Z,
124.156.194.172,ipv4,malicious-ip,medium,WHITE,ziyadnz/hourly-ipv4,ziyadnz|hourly,2026-08-17T18:48:05Z,2026-08-17T18:48:05Z,
124.156.194.190,ipv4,malicious-ip,medium,WHITE,ziyadnz/hourly-ipv4,ziyadnz|hourly,2026-08-17T18:48:05Z,2026-08-17T18:48:05Z,
124.156.194.248,ipv4,malicious-ip,medium,WHITE,ziyadnz/hourly-ipv4,ziyadnz|hourly,2026-08-17T18:48:05Z,2026-08-17T18:48:05Z,
124.156.194.37,ipv4,malicious-ip,medium,WHITE,ziyadnz/hourly-ipv4,ziyadnz|hourly,2026-08-17T18:48:05Z,2026-08-17T18:48:05Z,
124.156.195.146,ipv4,malicious-ip,medium,WHITE,ziyadnz/hourly-ipv4,ziyadnz|hourly,2026-08-17T18:48:05Z,2026-08-17T18:48:05Z,
124.156.195.230,ipv4,malicious-ip,medium,WHITE,ziyadnz/hourly-ipv4,ziyadnz|hourly,2026-08-17T18:48:05Z,2026-08-17T18:48:05Z,
124.156.195.67,ipv4,malicious-ip,medium,WHITE,ziyadnz/hourly-ipv4,ziyadnz|hourly,2026-08-17T18:48:05Z,2026-08-17T18:48:05Z,
124.156.196.131,ipv4,malicious-ip,medium,WHITE,ziyadnz/hourly-ipv4,ziyadnz|hourly,2026-08-17T18:48:05Z,2026-08-17T18:48:05Z,
124.156.196.2,ipv4,malicious-ip,medium,WHITE,ziyadnz/hourly-ipv4,ziyadnz|hourly,2026-08-17T18:48:05Z,2026-08-17T18:48:05Z,
124.156.196.220,ipv4,malicious-ip,medium,WHITE,ziyadnz/hourly-ipv4,ziyadnz|hourly,2026-08-17T18:48:05Z,2026-08-17T18:48:05Z,
124.156.196.45,ipv4,malicious-ip,medium,WHITE,ziyadnz/hourly-ipv4,ziyadnz|hourly,2026-08-17T18:48:05Z,2026-08-17T18:48:05Z,
124.156.197.101,ipv4,malicious-ip,medium,WHITE,ziyadnz/hourly-ipv4,ziyadnz|hourly,2026-08-17T18:48:05Z,2026-08-17T18:48:05Z,
124.156.198.118,ipv4,malicious-ip,medium,WHITE,ziyadnz/hourly-ipv4,ziyadnz|hourly,2026-08-17T18:48:05Z,2026-08-17T18:48:05Z,
124.156.198.158,ipv4,malicious-ip,medium,WHITE,ziyadnz/hourly-ipv4,ziyadnz|hourly,2026-08-17T18:48:05Z,2026-08-17T18:48:05Z,
124.156.198.218,ipv4,malicious-ip,medium,WHITE,ziyadnz/hourly-ipv4,ziyadnz|hourly,2026-08-17T18:48:05Z,2026-08-17T18:48:05Z,
124.156.202.242,ipv4,malicious-ip,medium,WHITE,ziyadnz/hourly-ipv4,ziyadnz|hourly,2026-08-17T18:48:05Z,2026-08-17T18:48:05Z,
124.156.204.31,ipv4,malicious-ip,medium,WHITE,ziyadnz/hourly-ipv4,ziyadnz|hourly,2026-08-17T18:48:05Z,2026-08-17T18:48:05Z,
124.156.204.51,ipv4,malicious-ip,medium,WHITE,ziyadnz/hourly-ipv4,ziyadnz|hourly,2026-08-17T18:48:05Z,2026-08-17T18:48:05Z,
124.156.204.55,ipv4,malicious-ip,medium,WHITE,ziyadnz/hourly-ipv4,ziyadnz|hourly,2026-08-17T18:48:05Z,2026-08-17T18:48:05Z,
124.156.205.28,ipv4,malicious-ip,medium,WHITE,ziyadnz/hourly-ipv4,ziyadnz|hourly,2026-08-17T18:48:05Z,2026-08-17T18:48:05Z,
124.156.205.51,ipv4,malicious-ip,medium,WHITE,ziyadnz/hourly-ipv4,ziyadnz|hourly,2026-08-17T18:48:05Z,2026-08-17T18:48:05Z,
124.156.206.107,ipv4,malicious-ip,medium,WHITE,ziyadnz/hourly-ipv4,ziyadnz|hourly,2026-08-17T18:48:05Z,2026-08-17T18:48:05Z,
124.156.206.150,ipv4,malicious-ip,medium,WHITE,ziyadnz/hourly-ipv4,ziyadnz|hourly,2026-08-17T18:48:05Z,2026-08-17T18:48:05Z,
124.156.206.17,ipv4,malicious-ip,medium,WHITE,ziyadnz/hourly-ipv4,ziyadnz|hourly,2026-08-17T18:48:05Z,2026-08-17T18:48:05Z,
124.156.206.215,ipv4,malicious-ip,medium,WHITE,ziyadnz/hourly-ipv4,ziyadnz|hourly,2026-08-17T18:48:05Z,2026-08-17T18:48:05Z,
124.156.207.197,ipv4,malicious-ip,medium,WHITE,ziyadnz/hourly-ipv4,ziyadnz|hourly,2026-08-17T18:48:05Z,2026-08-17T18:48:05Z,
124.156.212.23,ipv4,malicious-ip,medium,WHITE,ziyadnz/hourly-ipv4,ziyadnz|hourly,2026-08-17T18:48:05Z,2026-08-17T18:48:05Z,
124.156.225.181,ipv4,malicious-ip,medium,WHITE,ziyadnz/hourly-ipv4,ziyadnz|hourly,2026-08-17T18:48:05Z,2026-08-17T18:48:05Z,
124.156.48.83,ipv4,malicious-ip,medium,WHITE,ziyadnz/hourly-ipv4,ziyadnz|hourly,2026-08-17T18:48:05Z,2026-08-17T18:48:05Z,
124.158.15.142,ipv4,malicious-ip,medium,WHITE,ziyadnz/hourly-ipv4,ziyadnz|hourly,2026-08-17T18:48:05Z,2026-08-17T18:48:05Z,
124.158.161.188,ipv4,malicious-ip,medium,WHITE,ziyadnz/hourly-ipv4,ziyadnz|hourly,2026-08-17T18:48:05Z,2026-08-17T18:48:05Z,
124.158.186.246,ipv4,malicious-ip,medium,WHITE,ziyadnz/hourly-ipv4,ziyadnz|hourly,2026-08-17T18:48:05Z,2026-08-17T18:48:05Z,
124.16.75.116,ipv4,malicious-ip,medium,WHITE,ziyadnz/hourly-ipv4,ziyadnz|hourly,2026-08-17T18:48:05Z,2026-08-17T18:48:05Z,
124.160.136.203,ipv4,malicious-ip,medium,WHITE,ziyadnz/hourly-ipv4,ziyadnz|hourly,2026-08-17T18:48:05Z,2026-08-17T18:48:05Z,
124.160.173.22,ipv4,malicious-ip,medium,WHITE,ziyadnz/hourly-ipv4,ziyadnz|hourly,2026-08-17T18:48:05Z,2026-08-17T18:48:05Z,
124.161.224.79,ipv4,malicious-ip,medium,WHITE,ziyadnz/hourly-ipv4,ziyadnz|hourly,2026-08-17T18:48:05Z,2026-08-17T18:48:05Z,
124.163.212.149,ipv4,malicious-ip,medium,WHITE,ziyadnz/hourly-ipv4,ziyadnz|hourly,2026-08-17T18:48:05Z,2026-08-17T18:48:05Z,
124.163.216.187,ipv4,malicious-ip,medium,WHITE,ziyadnz/hourly-ipv4,ziyadnz|hourly,2026-08-17T18:48:05Z,2026-08-17T18:48:05Z,
124.163.255.210,ipv4,malicious-ip,medium,WHITE,ziyadnz/hourly-ipv4,ziyadnz|hourly,2026-08-17T18:48:05Z,2026-08-17T18:48:05Z,
124.164.176.22,ipv4,malicious-ip,medium,WHITE,ziyadnz/hourly-ipv4,ziyadnz|hourly,2026-08-17T18:48:05Z,2026-08-17T18:48:05Z,
124.164.85.115,ipv4,malicious-ip,medium,WHITE,ziyadnz/hourly-ipv4,ziyadnz|hourly,2026-08-17T18:48:05Z,2026-08-17T18:48:05Z,
124.165.238.205,ipv4,malicious-ip,medium,WHITE,ziyadnz/hourly-ipv4,ziyadnz|hourly,2026-08-17T18:48:05Z,2026-08-17T18:48:05Z,
124.174.11.156,ipv4,malicious-ip,medium,WHITE,ziyadnz/hourly-ipv4,ziyadnz|hourly,2026-08-17T18:48:05Z,2026-08-17T18:48:05Z,
124.174.118.184,ipv4,malicious-ip,medium,WHITE,ziyadnz/hourly-ipv4,ziyadnz|hourly,2026-08-17T18:48:05Z,2026-08-17T18:48:05Z,
124.174.32.95,ipv4,malicious-ip,medium,WHITE,ziyadnz/hourly-ipv4,ziyadnz|hourly,2026-08-17T18:48:05Z,2026-08-17T18:48:05Z,
124.174.76.43,ipv4,malicious-ip,medium,WHITE,ziyadnz/hourly-ipv4,ziyadnz|hourly,2026-08-17T18:48:05Z,2026-08-17T18:48:05Z,
124.174.78.212,ipv4,malicious-ip,medium,WHITE,ziyadnz/hourly-ipv4,ziyadnz|hourly,2026-08-17T18:48:05Z,2026-08-17T18:48:05Z,
124.174.86.141,ipv4,malicious-ip,medium,WHITE,ziyadnz/hourly-ipv4,ziyadnz|hourly,2026-08-17T18:48:05Z,2026-08-17T18:48:05Z,
124.184.125.207,ipv4,malicious-ip,medium,WHITE,ziyadnz/hourly-ipv4,ziyadnz|hourly,2026-08-17T18:48:05Z,2026-08-17T18:48:05Z,
124.187.223.111,ipv4,malicious-ip,medium,WHITE,ziyadnz/hourly-ipv4,ziyadnz|hourly,2026-08-17T18:48:05Z,2026-08-17T18:48:05Z,
124.194.78.4,ipv4,malicious-ip,medium,WHITE,ziyadnz/hourly-ipv4,ziyadnz|hourly,2026-08-17T18:48:05Z,2026-08-17T18:48:05Z,
124.197.123.46,ipv4,malicious-ip,medium,WHITE,ziyadnz/hourly-ipv4,ziyadnz|hourly,2026-08-17T18:48:05Z,2026-08-17T18:48:05Z,
124.198.131.24,ipv4,malicious-ip,medium,WHITE,ziyadnz/hourly-ipv4,ziyadnz|hourly,2026-08-17T18:48:05Z,2026-08-17T18:48:05Z,
124.198.131.83,ipv4,malicious-ip,medium,WHITE,ziyadnz/hourly-ipv4,ziyadnz|hourly,2026-08-17T18:48:05Z,2026-08-17T18:48:05Z,
124.198.132.121,ipv4,malicious-ip,medium,WHITE,ziyadnz/hourly-ipv4,ziyadnz|hourly,2026-08-17T18:48:05Z,2026-08-17T18:48:05Z,
124.205.8.130,ipv4,malicious-ip,medium,WHITE,ziyadnz/hourly-ipv4,ziyadnz|hourly,2026-08-17T18:48:05Z,2026-08-17T18:48:05Z,
124.207.135.77,ipv4,malicious-ip,medium,WHITE,ziyadnz/hourly-ipv4,ziyadnz|hourly,2026-08-17T18:48:05Z,2026-08-17T18:48:05Z,
124.217.117.196,ipv4,malicious-ip,medium,WHITE,ziyadnz/hourly-ipv4,ziyadnz|hourly,2026-08-17T18:48:05Z,2026-08-17T18:48:05Z,
124.217.125.150,ipv4,malicious-ip,medium,WHITE,ziyadnz/hourly-ipv4,ziyadnz|hourly,2026-08-17T18:48:05Z,2026-08-17T18:48:05Z,
124.217.17.156,ipv4,malicious-ip,medium,WHITE,ziyadnz/hourly-ipv4,ziyadnz|hourly,2026-08-17T18:48:05Z,2026-08-17T18:48:05Z,
124.217.19.72,ipv4,malicious-ip,medium,WHITE,ziyadnz/hourly-ipv4,ziyadnz|hourly,2026-08-17T18:48:05Z,2026-08-17T18:48:05Z,
124.217.3.38,ipv4,malicious-ip,medium,WHITE,ziyadnz/hourly-ipv4,ziyadnz|hourly,2026-08-17T18:48:05Z,2026-08-17T18:48:05Z,
124.217.30.8,ipv4,malicious-ip,medium,WHITE,ziyadnz/hourly-ipv4,ziyadnz|hourly,2026-08-17T18:48:05Z,2026-08-17T18:48:05Z,
124.217.83.3,ipv4,malicious-ip,medium,WHITE,ziyadnz/hourly-ipv4,ziyadnz|hourly,2026-08-17T18:48:05Z,2026-08-17T18:48:05Z,
124.220.149.35,ipv4,malicious-ip,medium,WHITE,ziyadnz/hourly-ipv4,ziyadnz|hourly,2026-08-17T18:48:05Z,2026-08-17T18:48:05Z,
124.220.17.174,ipv4,malicious-ip,medium,WHITE,ziyadnz/hourly-ipv4,ziyadnz|hourly,2026-08-17T18:48:05Z,2026-08-17T18:48:05Z,
124.220.21.145,ipv4,malicious-ip,medium,WHITE,ziyadnz/hourly-ipv4,ziyadnz|hourly,2026-08-17T18:48:05Z,2026-08-17T18:48:05Z,
124.220.234.246,ipv4,malicious-ip,medium,WHITE,ziyadnz/hourly-ipv4,ziyadnz|hourly,2026-08-17T18:48:05Z,2026-08-17T18:48:05Z,
124.220.35.63,ipv4,malicious-ip,medium,WHITE,ziyadnz/hourly-ipv4,ziyadnz|hourly,2026-08-17T18:48:05Z,2026-08-17T18:48:05Z,
124.220.42.101,ipv4,malicious-ip,medium,WHITE,ziyadnz/hourly-ipv4,ziyadnz|hourly,2026-08-17T18:48:05Z,2026-08-17T18:48:05Z,
124.220.60.188,ipv4,malicious-ip,medium,WHITE,ziyadnz/hourly-ipv4,ziyadnz|hourly,2026-08-17T18:48:05Z,2026-08-17T18:48:05Z,
124.220.70.23,ipv4,malicious-ip,medium,WHITE,ziyadnz/hourly-ipv4,ziyadnz|hourly,2026-08-17T18:48:05Z,2026-08-17T18:48:05Z,
124.220.90.66,ipv4,malicious-ip,medium,WHITE,ziyadnz/hourly-ipv4,ziyadnz|hourly,2026-08-17T18:48:05Z,2026-08-17T18:48:05Z,
124.221.11.123,ipv4,malicious-ip,medium,WHITE,ziyadnz/hourly-ipv4,ziyadnz|hourly,2026-08-17T18:48:05Z,2026-08-17T18:48:05Z,
124.221.116.186,ipv4,malicious-ip,medium,WHITE,ziyadnz/hourly-ipv4,ziyadnz|hourly,2026-08-17T18:48:05Z,2026-08-17T18:48:05Z,
124.221.117.142,ipv4,malicious-ip,medium,WHITE,ziyadnz/hourly-ipv4,ziyadnz|hourly,2026-08-17T18:48:05Z,2026-08-17T18:48:05Z,
124.221.121.14,ipv4,malicious-ip,medium,WHITE,ziyadnz/hourly-ipv4,ziyadnz|hourly,2026-08-17T18:48:05Z,2026-08-17T18:48:05Z,
124.221.137.178,ipv4,malicious-ip,medium,WHITE,ziyadnz/hourly-ipv4,ziyadnz|hourly,2026-08-17T18:48:05Z,2026-08-17T18:48:05Z,
124.221.143.118,ipv4,malicious-ip,medium,WHITE,ziyadnz/hourly-ipv4,ziyadnz|hourly,2026-08-17T18:48:05Z,2026-08-17T18:48:05Z,
124.221.151.113,ipv4,malicious-ip,medium,WHITE,ziyadnz/hourly-ipv4,ziyadnz|hourly,2026-08-17T18:48:05Z,2026-08-17T18:48:05Z,
124.221.163.189,ipv4,malicious-ip,medium,WHITE,ziyadnz/hourly-ipv4,ziyadnz|hourly,2026-08-17T18:48:05Z,2026-08-17T18:48:05Z,
124.221.167.156,ipv4,malicious-ip,medium,WHITE,ziyadnz/hourly-ipv4,ziyadnz|hourly,2026-08-17T18:48:05Z,2026-08-17T18:48:05Z,
124.221.168.6,ipv4,malicious-ip,medium,WHITE,ziyadnz/hourly-ipv4,ziyadnz|hourly,2026-08-17T18:48:05Z,2026-08-17T18:48:05Z,
124.221.191.225,ipv4,malicious-ip,medium,WHITE,ziyadnz/hourly-ipv4,ziyadnz|hourly,2026-08-17T18:48:05Z,2026-08-17T18:48:05Z,
124.221.213.221,ipv4,malicious-ip,medium,WHITE,ziyadnz/hourly-ipv4,ziyadnz|hourly,2026-08-17T18:48:05Z,2026-08-17T18:48:05Z,
124.221.218.90,ipv4,malicious-ip,medium,WHITE,ziyadnz/hourly-ipv4,ziyadnz|hourly,2026-08-17T18:48:05Z,2026-08-17T18:48:05Z,
124.221.250.211,ipv4,malicious-ip,medium,WHITE,ziyadnz/hourly-ipv4,ziyadnz|hourly,2026-08-17T18:48:05Z,2026-08-17T18:48:05Z,
124.221.6.224,ipv4,malicious-ip,medium,WHITE,ziyadnz/hourly-ipv4,ziyadnz|hourly,2026-08-17T18:48:05Z,2026-08-17T18:48:05Z,
124.221.95.109,ipv4,malicious-ip,medium,WHITE,ziyadnz/hourly-ipv4,ziyadnz|hourly,2026-08-17T18:48:05Z,2026-08-17T18:48:05Z,
124.222.114.191,ipv4,malicious-ip,medium,WHITE,ziyadnz/hourly-ipv4,ziyadnz|hourly,2026-08-17T18:48:05Z,2026-08-17T18:48:05Z,
124.222.145.188,ipv4,malicious-ip,medium,WHITE,ziyadnz/hourly-ipv4,ziyadnz|hourly,2026-08-17T18:48:05Z,2026-08-17T18:48:05Z,
124.222.151.4,ipv4,malicious-ip,medium,WHITE,ziyadnz/hourly-ipv4,ziyadnz|hourly,2026-08-17T18:48:05Z,2026-08-17T18:48:05Z,
124.222.2.81,ipv4,malicious-ip,medium,WHITE,ziyadnz/hourly-ipv4,ziyadnz|hourly,2026-08-17T18:48:05Z,2026-08-17T18:48:05Z,
124.222.206.143,ipv4,malicious-ip,medium,WHITE,ziyadnz/hourly-ipv4,ziyadnz|hourly,2026-08-17T18:48:05Z,2026-08-17T18:48:05Z,
124.222.209.115,ipv4,malicious-ip,medium,WHITE,ziyadnz/hourly-ipv4,ziyadnz|hourly,2026-08-17T18:48:05Z,2026-08-17T18:48:05Z,
124.222.223.219,ipv4,malicious-ip,medium,WHITE,ziyadnz/hourly-ipv4,ziyadnz|hourly,2026-08-17T18:48:05Z,2026-08-17T18:48:05Z,
124.222.38.241,ipv4,malicious-ip,medium,WHITE,ziyadnz/hourly-ipv4,ziyadnz|hourly,2026-08-17T18:48:05Z,2026-08-17T18:48:05Z,
124.222.51.169,ipv4,malicious-ip,medium,WHITE,ziyadnz/hourly-ipv4,ziyadnz|hourly,2026-08-17T18:48:05Z,2026-08-17T18:48:05Z,
124.222.58.119,ipv4,malicious-ip,medium,WHITE,ziyadnz/hourly-ipv4,ziyadnz|hourly,2026-08-17T18:48:05Z,2026-08-17T18:48:05Z,
124.222.61.96,ipv4,malicious-ip,medium,WHITE,ziyadnz/hourly-ipv4,ziyadnz|hourly,2026-08-17T18:48:05Z,2026-08-17T18:48:05Z,
124.222.72.64,ipv4,malicious-ip,medium,WHITE,ziyadnz/hourly-ipv4,ziyadnz|hourly,2026-08-17T18:48:05Z,2026-08-17T18:48:05Z,
124.223.0.52,ipv4,malicious-ip,medium,WHITE,ziyadnz/hourly-ipv4,ziyadnz|hourly,2026-08-17T18:48:05Z,2026-08-17T18:48:05Z,
124.223.106.247,ipv4,malicious-ip,medium,WHITE,ziyadnz/hourly-ipv4,ziyadnz|hourly,2026-08-17T18:48:05Z,2026-08-17T18:48:05Z,
124.223.107.70,ipv4,malicious-ip,medium,WHITE,ziyadnz/hourly-ipv4,ziyadnz|hourly,2026-08-17T18:48:05Z,2026-08-17T18:48:05Z,
124.223.12.200,ipv4,malicious-ip,medium,WHITE,ziyadnz/hourly-ipv4,ziyadnz|hourly,2026-08-17T18:48:05Z,2026-08-17T18:48:05Z,
124.223.14.130,ipv4,malicious-ip,medium,WHITE,ziyadnz/hourly-ipv4,ziyadnz|hourly,2026-08-17T18:48:05Z,2026-08-17T18:48:05Z,
124.223.158.10,ipv4,malicious-ip,medium,WHITE,ziyadnz/hourly-ipv4,ziyadnz|hourly,2026-08-17T18:48:05Z,2026-08-17T18:48:05Z,
124.223.180.171,ipv4,malicious-ip,medium,WHITE,ziyadnz/hourly-ipv4,ziyadnz|hourly,2026-08-17T18:48:05Z,2026-08-17T18:48:05Z,
124.223.218.104,ipv4,malicious-ip,medium,WHITE,ziyadnz/hourly-ipv4,ziyadnz|hourly,2026-08-17T18:48:05Z,2026-08-17T18:48:05Z,
124.223.23.191,ipv4,malicious-ip,medium,WHITE,ziyadnz/hourly-ipv4,ziyadnz|hourly,2026-08-17T18:48:05Z,2026-08-17T18:48:05Z,
124.223.34.96,ipv4,malicious-ip,medium,WHITE,ziyadnz/hourly-ipv4,ziyadnz|hourly,2026-08-17T18:48:05Z,2026-08-17T18:48:05Z,
124.223.38.27,ipv4,malicious-ip,medium,WHITE,ziyadnz/hourly-ipv4,ziyadnz|hourly,2026-08-17T18:48:05Z,2026-08-17T18:48:05Z,
124.223.43.164,ipv4,malicious-ip,medium,WHITE,ziyadnz/hourly-ipv4,ziyadnz|hourly,2026-08-17T18:48:05Z,2026-08-17T18:48:05Z,
124.223.78.215,ipv4,malicious-ip,medium,WHITE,ziyadnz/hourly-ipv4,ziyadnz|hourly,2026-08-17T18:48:05Z,2026-08-17T18:48:05Z,
124.223.80.136,ipv4,malicious-ip,medium,WHITE,ziyadnz/hourly-ipv4,ziyadnz|hourly,2026-08-17T18:48:05Z,2026-08-17T18:48:05Z,
124.223.89.233,ipv4,malicious-ip,medium,WHITE,ziyadnz/hourly-ipv4,ziyadnz|hourly,2026-08-17T18:48:05Z,2026-08-17T18:48:05Z,
124.224.211.106,ipv4,malicious-ip,medium,WHITE,ziyadnz/hourly-ipv4,ziyadnz|hourly,2026-08-17T18:48:05Z,2026-08-17T18:48:05Z,
124.225.4.88,ipv4,malicious-ip,medium,WHITE,ziyadnz/hourly-ipv4,ziyadnz|hourly,2026-08-17T18:48:05Z,2026-08-17T18:48:05Z,
124.225.66.97,ipv4,malicious-ip,medium,WHITE,ziyadnz/hourly-ipv4,ziyadnz|hourly,2026-08-17T18:48:05Z,2026-08-17T18:48:05Z,
124.226.212.169,ipv4,malicious-ip,medium,WHITE,ziyadnz/hourly-ipv4,ziyadnz|hourly,2026-08-17T18:48:05Z,2026-08-17T18:48:05Z,
124.226.219.166,ipv4,malicious-ip,medium,WHITE,ziyadnz/hourly-ipv4,ziyadnz|hourly,2026-08-17T18:48:05Z,2026-08-17T18:48:05Z,
124.226.233.110,ipv4,malicious-ip,medium,WHITE,ziyadnz/hourly-ipv4,ziyadnz|hourly,2026-08-17T18:48:05Z,2026-08-17T18:48:05Z,
124.226.233.115,ipv4,malicious-ip,medium,WHITE,ziyadnz/hourly-ipv4,ziyadnz|hourly,2026-08-17T18:48:05Z,2026-08-17T18:48:05Z,
124.228.34.69,ipv4,malicious-ip,medium,WHITE,ziyadnz/hourly-ipv4,ziyadnz|hourly,2026-08-17T18:48:05Z,2026-08-17T18:48:05Z,
124.229.240.254,ipv4,malicious-ip,medium,WHITE,ziyadnz/hourly-ipv4,ziyadnz|hourly,2026-08-17T18:48:05Z,2026-08-17T18:48:05Z,
124.229.32.123,ipv4,malicious-ip,medium,WHITE,ziyadnz/hourly-ipv4,ziyadnz|hourly,2026-08-17T18:48:05Z,2026-08-17T18:48:05Z,
124.230.176.20,ipv4,malicious-ip,medium,WHITE,ziyadnz/hourly-ipv4,ziyadnz|hourly,2026-08-17T18:48:05Z,2026-08-17T18:48:05Z,
124.234.181.17,ipv4,malicious-ip,medium,WHITE,ziyadnz/hourly-ipv4,ziyadnz|hourly,2026-08-17T18:48:05Z,2026-08-17T18:48:05Z,
124.234.200.205,ipv4,malicious-ip,medium,WHITE,ziyadnz/hourly-ipv4,ziyadnz|hourly,2026-08-17T18:48:05Z,2026-08-17T18:48:05Z,
124.234.245.142,ipv4,malicious-ip,medium,WHITE,ziyadnz/hourly-ipv4,ziyadnz|hourly,2026-08-17T18:48:05Z,2026-08-17T18:48:05Z,
124.235.147.83,ipv4,malicious-ip,medium,WHITE,ziyadnz/hourly-ipv4,ziyadnz|hourly,2026-08-17T18:48:05Z,2026-08-17T18:48:05Z,
124.235.169.201,ipv4,malicious-ip,medium,WHITE,ziyadnz/hourly-ipv4,ziyadnz|hourly,2026-08-17T18:48:05Z,2026-08-17T18:48:05Z,
124.235.216.50,ipv4,malicious-ip,medium,WHITE,ziyadnz/hourly-ipv4,ziyadnz|hourly,2026-08-17T18:48:05Z,2026-08-17T18:48:05Z,
124.236.108.141,ipv4,malicious-ip,medium,WHITE,ziyadnz/hourly-ipv4,ziyadnz|hourly,2026-08-17T18:48:05Z,2026-08-17T18:48:05Z,
124.236.108.172,ipv4,malicious-ip,medium,WHITE,ziyadnz/hourly-ipv4,ziyadnz|hourly,2026-08-17T18:48:05Z,2026-08-17T18:48:05Z,
124.236.76.72,ipv4,malicious-ip,medium,WHITE,ziyadnz/hourly-ipv4,ziyadnz|hourly,2026-08-17T18:48:05Z,2026-08-17T18:48:05Z,
124.238.255.43,ipv4,malicious-ip,medium,WHITE,ziyadnz/hourly-ipv4,ziyadnz|hourly,2026-08-17T18:48:05Z,2026-08-17T18:48:05Z,
124.238.29.61,ipv4,malicious-ip,medium,WHITE,ziyadnz/hourly-ipv4,ziyadnz|hourly,2026-08-17T18:48:05Z,2026-08-17T18:48:05Z,
124.239.243.43,ipv4,malicious-ip,medium,WHITE,ziyadnz/hourly-ipv4,ziyadnz|hourly,2026-08-17T18:48:05Z,2026-08-17T18:48:05Z,
124.246.114.111,ipv4,malicious-ip,medium,WHITE,ziyadnz/hourly-ipv4,ziyadnz|hourly,2026-08-17T18:48:05Z,2026-08-17T18:48:05Z,
124.253.114.191,ipv4,malicious-ip,medium,WHITE,ziyadnz/hourly-ipv4,ziyadnz|hourly,2026-08-17T18:48:05Z,2026-08-17T18:48:05Z,
124.253.197.98,ipv4,malicious-ip,medium,WHITE,ziyadnz/hourly-ipv4,ziyadnz|hourly,2026-08-17T18:48:05Z,2026-08-17T18:48:05Z,
124.253.20.54,ipv4,malicious-ip,medium,WHITE,ziyadnz/hourly-ipv4,ziyadnz|hourly,2026-08-17T18:48:05Z,2026-08-17T18:48:05Z,
124.253.78.78,ipv4,malicious-ip,medium,WHITE,ziyadnz/hourly-ipv4,ziyadnz|hourly,2026-08-17T18:48:05Z,2026-08-17T18:48:05Z,
124.29.194.145,ipv4,malicious-ip,medium,WHITE,ziyadnz/hourly-ipv4,ziyadnz|hourly,2026-08-17T18:48:05Z,2026-08-17T18:48:05Z,
124.29.194.16,ipv4,malicious-ip,medium,WHITE,ziyadnz/hourly-ipv4,ziyadnz|hourly,2026-08-17T18:48:05Z,2026-08-17T18:48:05Z,
124.29.194.207,ipv4,malicious-ip,medium,WHITE,ziyadnz/hourly-ipv4,ziyadnz|hourly,2026-08-17T18:48:05Z,2026-08-17T18:48:05Z,
124.29.194.213,ipv4,malicious-ip,medium,WHITE,ziyadnz/hourly-ipv4,ziyadnz|hourly,2026-08-17T18:48:05Z,2026-08-17T18:48:05Z,
124.29.207.180,ipv4,malicious-ip,medium,WHITE,ziyadnz/hourly-ipv4,ziyadnz|hourly,2026-08-17T18:48:05Z,2026-08-17T18:48:05Z,
124.29.212.135,ipv4,malicious-ip,medium,WHITE,ziyadnz/hourly-ipv4,ziyadnz|hourly,2026-08-17T18:48:05Z,2026-08-17T18:48:05Z,
124.29.212.167,ipv4,malicious-ip,medium,WHITE,ziyadnz/hourly-ipv4,ziyadnz|hourly,2026-08-17T18:48:05Z,2026-08-17T18:48:05Z,
124.29.214.0,ipv4,malicious-ip,medium,WHITE,ziyadnz/hourly-ipv4,ziyadnz|hourly,2026-08-17T18:48:05Z,2026-08-17T18:48:05Z,
124.29.214.1,ipv4,malicious-ip,medium,WHITE,ziyadnz/hourly-ipv4,ziyadnz|hourly,2026-08-17T18:48:05Z,2026-08-17T18:48:05Z,
124.29.214.113,ipv4,malicious-ip,medium,WHITE,ziyadnz/hourly-ipv4,ziyadnz|hourly,2026-08-17T18:48:05Z,2026-08-17T18:48:05Z,
124.29.214.170,ipv4,malicious-ip,medium,WHITE,ziyadnz/hourly-ipv4,ziyadnz|hourly,2026-08-17T18:48:05Z,2026-08-17T18:48:05Z,
124.29.214.198,ipv4,malicious-ip,medium,WHITE,ziyadnz/hourly-ipv4,ziyadnz|hourly,2026-08-17T18:48:05Z,2026-08-17T18:48:05Z,
124.29.214.201,ipv4,malicious-ip,medium,WHITE,ziyadnz/hourly-ipv4,ziyadnz|hourly,2026-08-17T18:48:05Z,2026-08-17T18:48:05Z,
124.29.214.28,ipv4,malicious-ip,medium,WHITE,ziyadnz/hourly-ipv4,ziyadnz|hourly,2026-08-17T18:48:05Z,2026-08-17T18:48:05Z,
124.29.214.78,ipv4,malicious-ip,medium,WHITE,ziyadnz/hourly-ipv4,ziyadnz|hourly,2026-08-17T18:48:05Z,2026-08-17T18:48:05Z,
124.29.216.137,ipv4,malicious-ip,medium,WHITE,ziyadnz/hourly-ipv4,ziyadnz|hourly,2026-08-17T18:48:05Z,2026-08-17T18:48:05Z,
124.29.224.34,ipv4,malicious-ip,medium,WHITE,ziyadnz/hourly-ipv4,ziyadnz|hourly,2026-08-17T18:48:05Z,2026-08-17T18:48:05Z,
124.29.226.0,ipv4,malicious-ip,medium,WHITE,ziyadnz/hourly-ipv4,ziyadnz|hourly,2026-08-17T18:48:05Z,2026-08-17T18:48:05Z,
124.29.226.135,ipv4,malicious-ip,medium,WHITE,ziyadnz/hourly-ipv4,ziyadnz|hourly,2026-08-17T18:48:05Z,2026-08-17T18:48:05Z,
124.29.226.146,ipv4,malicious-ip,medium,WHITE,ziyadnz/hourly-ipv4,ziyadnz|hourly,2026-08-17T18:48:05Z,2026-08-17T18:48:05Z,
124.29.226.185,ipv4,malicious-ip,medium,WHITE,ziyadnz/hourly-ipv4,ziyadnz|hourly,2026-08-17T18:48:05Z,2026-08-17T18:48:05Z,
124.29.226.212,ipv4,malicious-ip,medium,WHITE,ziyadnz/hourly-ipv4,ziyadnz|hourly,2026-08-17T18:48:05Z,2026-08-17T18:48:05Z,
124.29.226.215,ipv4,malicious-ip,medium,WHITE,ziyadnz/hourly-ipv4,ziyadnz|hourly,2026-08-17T18:48:05Z,2026-08-17T18:48:05Z,
124.29.226.40,ipv4,malicious-ip,medium,WHITE,ziyadnz/hourly-ipv4,ziyadnz|hourly,2026-08-17T18:48:05Z,2026-08-17T18:48:05Z,
124.29.226.47,ipv4,malicious-ip,medium,WHITE,ziyadnz/hourly-ipv4,ziyadnz|hourly,2026-08-17T18:48:05Z,2026-08-17T18:48:05Z,
124.29.226.95,ipv4,malicious-ip,medium,WHITE,ziyadnz/hourly-ipv4,ziyadnz|hourly,2026-08-17T18:48:05Z,2026-08-17T18:48:05Z,
124.29.230.172,ipv4,malicious-ip,medium,WHITE,ziyadnz/hourly-ipv4,ziyadnz|hourly,2026-08-17T18:48:05Z,2026-08-17T18:48:05Z,
124.29.230.47,ipv4,malicious-ip,medium,WHITE,ziyadnz/hourly-ipv4,ziyadnz|hourly,2026-08-17T18:48:05Z,2026-08-17T18:48:05Z,
124.29.246.106,ipv4,malicious-ip,medium,WHITE,ziyadnz/hourly-ipv4,ziyadnz|hourly,2026-08-17T18:48:05Z,2026-08-17T18:48:05Z,
124.29.247.156,ipv4,malicious-ip,medium,WHITE,ziyadnz/hourly-ipv4,ziyadnz|hourly,2026-08-17T18:48:05Z,2026-08-17T18:48:05Z,
124.29.247.209,ipv4,malicious-ip,medium,WHITE,ziyadnz/hourly-ipv4,ziyadnz|hourly,2026-08-17T18:48:05Z,2026-08-17T18:48:05Z,
124.29.249.210,ipv4,malicious-ip,medium,WHITE,ziyadnz/hourly-ipv4,ziyadnz|hourly,2026-08-17T18:48:05Z,2026-08-17T18:48:05Z,
124.29.251.244,ipv4,malicious-ip,medium,WHITE,ziyadnz/hourly-ipv4,ziyadnz|hourly,2026-08-17T18:48:05Z,2026-08-17T18:48:05Z,
124.29.251.85,ipv4,malicious-ip,medium,WHITE,ziyadnz/hourly-ipv4,ziyadnz|hourly,2026-08-17T18:48:05Z,2026-08-17T18:48:05Z,
124.31.105.247,ipv4,malicious-ip,medium,WHITE,ziyadnz/hourly-ipv4,ziyadnz|hourly,2026-08-17T18:48:05Z,2026-08-17T18:48:05Z,
124.31.241.10,ipv4,malicious-ip,medium,WHITE,ziyadnz/hourly-ipv4,ziyadnz|hourly,2026-08-17T18:48:05Z,2026-08-17T18:48:05Z,
124.32.174.38,ipv4,malicious-ip,medium,WHITE,ziyadnz/hourly-ipv4,ziyadnz|hourly,2026-08-17T18:48:05Z,2026-08-17T18:48:05Z,
124.33.173.242,ipv4,malicious-ip,medium,WHITE,ziyadnz/hourly-ipv4,ziyadnz|hourly,2026-08-17T18:48:05Z,2026-08-17T18:48:05Z,
124.40.247.215,ipv4,malicious-ip,medium,WHITE,ziyadnz/hourly-ipv4,ziyadnz|hourly,2026-08-17T18:48:05Z,2026-08-17T18:48:05Z,
124.40.250.105,ipv4,malicious-ip,medium,WHITE,ziyadnz/hourly-ipv4,ziyadnz|hourly,2026-08-17T18:48:05Z,2026-08-17T18:48:05Z,
124.40.252.3,ipv4,malicious-ip,medium,WHITE,ziyadnz/hourly-ipv4,ziyadnz|hourly,2026-08-17T18:48:05Z,2026-08-17T18:48:05Z,
124.41.228.116,ipv4,malicious-ip,medium,WHITE,ziyadnz/hourly-ipv4,ziyadnz|hourly,2026-08-17T18:48:05Z,2026-08-17T18:48:05Z,
124.43.10.224,ipv4,malicious-ip,medium,WHITE,ziyadnz/hourly-ipv4,ziyadnz|hourly,2026-08-17T18:48:05Z,2026-08-17T18:48:05Z,
124.43.10.84,ipv4,malicious-ip,medium,WHITE,ziyadnz/hourly-ipv4,ziyadnz|hourly,2026-08-17T18:48:05Z,2026-08-17T18:48:05Z,
124.43.12.105,ipv4,malicious-ip,medium,WHITE,ziyadnz/hourly-ipv4,ziyadnz|hourly,2026-08-17T18:48:05Z,2026-08-17T18:48:05Z,
124.43.13.3,ipv4,malicious-ip,medium,WHITE,ziyadnz/hourly-ipv4,ziyadnz|hourly,2026-08-17T18:48:05Z,2026-08-17T18:48:05Z,
124.43.13.65,ipv4,malicious-ip,medium,WHITE,ziyadnz/hourly-ipv4,ziyadnz|hourly,2026-08-17T18:48:05Z,2026-08-17T18:48:05Z,
124.43.179.253,ipv4,malicious-ip,medium,WHITE,ziyadnz/hourly-ipv4,ziyadnz|hourly,2026-08-17T18:48:05Z,2026-08-17T18:48:05Z,
124.43.18.236,ipv4,malicious-ip,medium,WHITE,ziyadnz/hourly-ipv4,ziyadnz|hourly,2026-08-17T18:48:05Z,2026-08-17T18:48:05Z,
124.43.20.226,ipv4,malicious-ip,medium,WHITE,ziyadnz/hourly-ipv4,ziyadnz|hourly,2026-08-17T18:48:05Z,2026-08-17T18:48:05Z,
124.43.22.193,ipv4,malicious-ip,medium,WHITE,ziyadnz/hourly-ipv4,ziyadnz|hourly,2026-08-17T18:48:05Z,2026-08-17T18:48:05Z,
124.43.22.224,ipv4,malicious-ip,medium,WHITE,ziyadnz/hourly-ipv4,ziyadnz|hourly,2026-08-17T18:48:05Z,2026-08-17T18:48:05Z,
124.43.22.247,ipv4,malicious-ip,medium,WHITE,ziyadnz/hourly-ipv4,ziyadnz|hourly,2026-08-17T18:48:05Z,2026-08-17T18:48:05Z,
124.43.237.158,ipv4,malicious-ip,medium,WHITE,ziyadnz/hourly-ipv4,ziyadnz|hourly,2026-08-17T18:48:05Z,2026-08-17T18:48:05Z,
124.43.241.209,ipv4,malicious-ip,medium,WHITE,ziyadnz/hourly-ipv4,ziyadnz|hourly,2026-08-17T18:48:05Z,2026-08-17T18:48:05Z,
124.43.27.158,ipv4,malicious-ip,medium,WHITE,ziyadnz/hourly-ipv4,ziyadnz|hourly,2026-08-17T18:48:05Z,2026-08-17T18:48:05Z,
124.43.4.17,ipv4,malicious-ip,medium,WHITE,ziyadnz/hourly-ipv4,ziyadnz|hourly,2026-08-17T18:48:05Z,2026-08-17T18:48:05Z,
124.43.6.116,ipv4,malicious-ip,medium,WHITE,ziyadnz/hourly-ipv4,ziyadnz|hourly,2026-08-17T18:48:05Z,2026-08-17T18:48:05Z,
124.43.6.160,ipv4,malicious-ip,medium,WHITE,ziyadnz/hourly-ipv4,ziyadnz|hourly,2026-08-17T18:48:05Z,2026-08-17T18:48:05Z,
124.43.6.251,ipv4,malicious-ip,medium,WHITE,ziyadnz/hourly-ipv4,ziyadnz|hourly,2026-08-17T18:48:05Z,2026-08-17T18:48:05Z,
124.43.6.59,ipv4,malicious-ip,medium,WHITE,ziyadnz/hourly-ipv4,ziyadnz|hourly,2026-08-17T18:48:05Z,2026-08-17T18:48:05Z,
124.43.65.207,ipv4,malicious-ip,medium,WHITE,ziyadnz/hourly-ipv4,ziyadnz|hourly,2026-08-17T18:48:05Z,2026-08-17T18:48:05Z,
124.43.67.248,ipv4,malicious-ip,medium,WHITE,ziyadnz/hourly-ipv4,ziyadnz|hourly,2026-08-17T18:48:05Z,2026-08-17T18:48:05Z,
124.43.69.125,ipv4,malicious-ip,medium,WHITE,ziyadnz/hourly-ipv4,ziyadnz|hourly,2026-08-17T18:48:05Z,2026-08-17T18:48:05Z,
124.43.69.236,ipv4,malicious-ip,medium,WHITE,ziyadnz/hourly-ipv4,ziyadnz|hourly,2026-08-17T18:48:05Z,2026-08-17T18:48:05Z,
124.43.71.117,ipv4,malicious-ip,medium,WHITE,ziyadnz/hourly-ipv4,ziyadnz|hourly,2026-08-17T18:48:05Z,2026-08-17T18:48:05Z,
124.43.76.198,ipv4,malicious-ip,medium,WHITE,ziyadnz/hourly-ipv4,ziyadnz|hourly,2026-08-17T18:48:05Z,2026-08-17T18:48:05Z,
124.43.76.59,ipv4,malicious-ip,medium,WHITE,ziyadnz/hourly-ipv4,ziyadnz|hourly,2026-08-17T18:48:05Z,2026-08-17T18:48:05Z,
124.43.79.152,ipv4,malicious-ip,medium,WHITE,ziyadnz/hourly-ipv4,ziyadnz|hourly,2026-08-17T18:48:05Z,2026-08-17T18:48:05Z,
124.43.79.34,ipv4,malicious-ip,medium,WHITE,ziyadnz/hourly-ipv4,ziyadnz|hourly,2026-08-17T18:48:05Z,2026-08-17T18:48:05Z,
124.43.8.6,ipv4,malicious-ip,medium,WHITE,ziyadnz/hourly-ipv4,ziyadnz|hourly,2026-08-17T18:48:05Z,2026-08-17T18:48:05Z,
124.45.39.194,ipv4,malicious-ip,medium,WHITE,ziyadnz/hourly-ipv4,ziyadnz|hourly,2026-08-17T18:48:05Z,2026-08-17T18:48:05Z,
124.50.84.145,ipv4,malicious-ip,medium,WHITE,ziyadnz/hourly-ipv4,ziyadnz|hourly,2026-08-17T18:48:05Z,2026-08-17T18:48:05Z,
124.56.42.75,ipv4,malicious-ip,medium,WHITE,ziyadnz/hourly-ipv4,ziyadnz|hourly,2026-08-17T18:48:05Z,2026-08-17T18:48:05Z,
124.6.131.75,ipv4,malicious-ip,medium,WHITE,ziyadnz/hourly-ipv4,ziyadnz|hourly,2026-08-17T18:48:05Z,2026-08-17T18:48:05Z,
124.6.178.98,ipv4,malicious-ip,medium,WHITE,ziyadnz/hourly-ipv4,ziyadnz|hourly,2026-08-17T18:48:05Z,2026-08-17T18:48:05Z,
124.6.249.16,ipv4,malicious-ip,medium,WHITE,ziyadnz/hourly-ipv4,ziyadnz|hourly,2026-08-17T18:48:05Z,2026-08-17T18:48:05Z,
124.61.210.150,ipv4,malicious-ip,medium,WHITE,ziyadnz/hourly-ipv4,ziyadnz|hourly,2026-08-17T18:48:05Z,2026-08-17T18:48:05Z,
124.65.10.128,ipv4,malicious-ip,medium,WHITE,ziyadnz/hourly-ipv4,ziyadnz|hourly,2026-08-17T18:48:05Z,2026-08-17T18:48:05Z,
124.66.117.182,ipv4,malicious-ip,medium,WHITE,ziyadnz/hourly-ipv4,ziyadnz|hourly,2026-08-17T18:48:05Z,2026-08-17T18:48:05Z,
124.66.73.78,ipv4,malicious-ip,medium,WHITE,ziyadnz/hourly-ipv4,ziyadnz|hourly,2026-08-17T18:48:05Z,2026-08-17T18:48:05Z,
124.67.66.74,ipv4,malicious-ip,medium,WHITE,ziyadnz/hourly-ipv4,ziyadnz|hourly,2026-08-17T18:48:05Z,2026-08-17T18:48:05Z,
124.72.61.64,ipv4,malicious-ip,medium,WHITE,ziyadnz/hourly-ipv4,ziyadnz|hourly,2026-08-17T18:48:05Z,2026-08-17T18:48:05Z,
124.73.234.5,ipv4,malicious-ip,medium,WHITE,ziyadnz/hourly-ipv4,ziyadnz|hourly,2026-08-17T18:48:05Z,2026-08-17T18:48:05Z,
124.74.104.190,ipv4,malicious-ip,medium,WHITE,ziyadnz/hourly-ipv4,ziyadnz|hourly,2026-08-17T18:48:05Z,2026-08-17T18:48:05Z,
124.74.104.42,ipv4,malicious-ip,medium,WHITE,ziyadnz/hourly-ipv4,ziyadnz|hourly,2026-08-17T18:48:05Z,2026-08-17T18:48:05Z,
124.78.67.69,ipv4,malicious-ip,medium,WHITE,ziyadnz/hourly-ipv4,ziyadnz|hourly,2026-08-17T18:48:05Z,2026-08-17T18:48:05Z,
124.83.53.232,ipv4,malicious-ip,medium,WHITE,ziyadnz/hourly-ipv4,ziyadnz|hourly,2026-08-17T18:48:05Z,2026-08-17T18:48:05Z,
124.88.113.0,ipv4,malicious-ip,medium,WHITE,ziyadnz/hourly-ipv4,ziyadnz|hourly,2026-08-17T18:48:05Z,2026-08-17T18:48:05Z,
124.88.113.100,ipv4,malicious-ip,medium,WHITE,ziyadnz/hourly-ipv4,ziyadnz|hourly,2026-08-17T18:48:05Z,2026-08-17T18:48:05Z,
124.88.113.110,ipv4,malicious-ip,medium,WHITE,ziyadnz/hourly-ipv4,ziyadnz|hourly,2026-08-17T18:48:05Z,2026-08-17T18:48:05Z,
124.88.113.113,ipv4,malicious-ip,medium,WHITE,ziyadnz/hourly-ipv4,ziyadnz|hourly,2026-08-17T18:48:05Z,2026-08-17T18:48:05Z,
124.88.113.115,ipv4,malicious-ip,medium,WHITE,ziyadnz/hourly-ipv4,ziyadnz|hourly,2026-08-17T18:48:05Z,2026-08-17T18:48:05Z,
124.88.113.116,ipv4,malicious-ip,medium,WHITE,ziyadnz/hourly-ipv4,ziyadnz|hourly,2026-08-17T18:48:05Z,2026-08-17T18:48:05Z,
124.88.113.119,ipv4,malicious-ip,medium,WHITE,ziyadnz/hourly-ipv4,ziyadnz|hourly,2026-08-17T18:48:05Z,2026-08-17T18:48:05Z,
124.88.113.122,ipv4,malicious-ip,medium,WHITE,ziyadnz/hourly-ipv4,ziyadnz|hourly,2026-08-17T18:48:05Z,2026-08-17T18:48:05Z,
124.88.113.123,ipv4,malicious-ip,medium,WHITE,ziyadnz/hourly-ipv4,ziyadnz|hourly,2026-08-17T18:48:05Z,2026-08-17T18:48:05Z,
124.88.113.125,ipv4,malicious-ip,medium,WHITE,ziyadnz/hourly-ipv4,ziyadnz|hourly,2026-08-17T18:48:05Z,2026-08-17T18:48:05Z,
124.88.113.127,ipv4,malicious-ip,medium,WHITE,ziyadnz/hourly-ipv4,ziyadnz|hourly,2026-08-17T18:48:05Z,2026-08-17T18:48:05Z,
124.88.113.129,ipv4,malicious-ip,medium,WHITE,ziyadnz/hourly-ipv4,ziyadnz|hourly,2026-08-17T18:48:05Z,2026-08-17T18:48:05Z,
124.88.113.130,ipv4,malicious-ip,medium,WHITE,ziyadnz/hourly-ipv4,ziyadnz|hourly,2026-08-17T18:48:05Z,2026-08-17T18:48:05Z,
124.88.113.132,ipv4,malicious-ip,medium,WHITE,ziyadnz/hourly-ipv4,ziyadnz|hourly,2026-08-17T18:48:05Z,2026-08-17T18:48:05Z,
124.88.113.14,ipv4,malicious-ip,medium,WHITE,ziyadnz/hourly-ipv4,ziyadnz|hourly,2026-08-17T18:48:05Z,2026-08-17T18:48:05Z,
124.88.113.141,ipv4,malicious-ip,medium,WHITE,ziyadnz/hourly-ipv4,ziyadnz|hourly,2026-08-17T18:48:05Z,2026-08-17T18:48:05Z,
124.88.113.147,ipv4,malicious-ip,medium,WHITE,ziyadnz/hourly-ipv4,ziyadnz|hourly,2026-08-17T18:48:05Z,2026-08-17T18:48:05Z,
124.88.113.152,ipv4,malicious-ip,medium,WHITE,ziyadnz/hourly-ipv4,ziyadnz|hourly,2026-08-17T18:48:05Z,2026-08-17T18:48:05Z,
124.88.113.163,ipv4,malicious-ip,medium,WHITE,ziyadnz/hourly-ipv4,ziyadnz|hourly,2026-08-17T18:48:05Z,2026-08-17T18:48:05Z,
124.88.113.176,ipv4,malicious-ip,medium,WHITE,ziyadnz/hourly-ipv4,ziyadnz|hourly,2026-08-17T18:48:05Z,2026-08-17T18:48:05Z,
124.88.113.182,ipv4,malicious-ip,medium,WHITE,ziyadnz/hourly-ipv4,ziyadnz|hourly,2026-08-17T18:48:05Z,2026-08-17T18:48:05Z,
124.88.113.186,ipv4,malicious-ip,medium,WHITE,ziyadnz/hourly-ipv4,ziyadnz|hourly,2026-08-17T18:48:05Z,2026-08-17T18:48:05Z,
124.88.113.197,ipv4,malicious-ip,medium,WHITE,ziyadnz/hourly-ipv4,ziyadnz|hourly,2026-08-17T18:48:05Z,2026-08-17T18:48:05Z,
124.88.113.198,ipv4,malicious-ip,medium,WHITE,ziyadnz/hourly-ipv4,ziyadnz|hourly,2026-08-17T18:48:05Z,2026-08-17T18:48:05Z,
124.88.113.211,ipv4,malicious-ip,medium,WHITE,ziyadnz/hourly-ipv4,ziyadnz|hourly,2026-08-17T18:48:05Z,2026-08-17T18:48:05Z,
124.88.113.213,ipv4,malicious-ip,medium,WHITE,ziyadnz/hourly-ipv4,ziyadnz|hourly,2026-08-17T18:48:05Z,2026-08-17T18:48:05Z,
124.88.113.215,ipv4,malicious-ip,medium,WHITE,ziyadnz/hourly-ipv4,ziyadnz|hourly,2026-08-17T18:48:05Z,2026-08-17T18:48:05Z,
124.88.113.218,ipv4,malicious-ip,medium,WHITE,ziyadnz/hourly-ipv4,ziyadnz|hourly,2026-08-17T18:48:05Z,2026-08-17T18:48:05Z,
124.88.113.221,ipv4,malicious-ip,medium,WHITE,ziyadnz/hourly-ipv4,ziyadnz|hourly,2026-08-17T18:48:05Z,2026-08-17T18:48:05Z,
124.88.113.224,ipv4,malicious-ip,medium,WHITE,ziyadnz/hourly-ipv4,ziyadnz|hourly,2026-08-17T18:48:05Z,2026-08-17T18:48:05Z,
124.88.113.23,ipv4,malicious-ip,medium,WHITE,ziyadnz/hourly-ipv4,ziyadnz|hourly,2026-08-17T18:48:05Z,2026-08-17T18:48:05Z,
124.88.113.231,ipv4,malicious-ip,medium,WHITE,ziyadnz/hourly-ipv4,ziyadnz|hourly,2026-08-17T18:48:05Z,2026-08-17T18:48:05Z,
124.88.113.232,ipv4,malicious-ip,medium,WHITE,ziyadnz/hourly-ipv4,ziyadnz|hourly,2026-08-17T18:48:05Z,2026-08-17T18:48:05Z,
124.88.113.234,ipv4,malicious-ip,medium,WHITE,ziyadnz/hourly-ipv4,ziyadnz|hourly,2026-08-17T18:48:05Z,2026-08-17T18:48:05Z,
124.88.113.239,ipv4,malicious-ip,medium,WHITE,ziyadnz/hourly-ipv4,ziyadnz|hourly,2026-08-17T18:48:05Z,2026-08-17T18:48:05Z,
124.88.113.240,ipv4,malicious-ip,medium,WHITE,ziyadnz/hourly-ipv4,ziyadnz|hourly,2026-08-17T18:48:05Z,2026-08-17T18:48:05Z,
124.88.113.244,ipv4,malicious-ip,medium,WHITE,ziyadnz/hourly-ipv4,ziyadnz|hourly,2026-08-17T18:48:05Z,2026-08-17T18:48:05Z,
124.88.113.246,ipv4,malicious-ip,medium,WHITE,ziyadnz/hourly-ipv4,ziyadnz|hourly,2026-08-17T18:48:05Z,2026-08-17T18:48:05Z,
124.88.113.248,ipv4,malicious-ip,medium,WHITE,ziyadnz/hourly-ipv4,ziyadnz|hourly,2026-08-17T18:48:05Z,2026-08-17T18:48:05Z,
124.88.113.25,ipv4,malicious-ip,medium,WHITE,ziyadnz/hourly-ipv4,ziyadnz|hourly,2026-08-17T18:48:05Z,2026-08-17T18:48:05Z,
124.88.113.26,ipv4,malicious-ip,medium,WHITE,ziyadnz/hourly-ipv4,ziyadnz|hourly,2026-08-17T18:48:05Z,2026-08-17T18:48:05Z,
124.88.113.29,ipv4,malicious-ip,medium,WHITE,ziyadnz/hourly-ipv4,ziyadnz|hourly,2026-08-17T18:48:05Z,2026-08-17T18:48:05Z,
124.88.113.37,ipv4,malicious-ip,medium,WHITE,ziyadnz/hourly-ipv4,ziyadnz|hourly,2026-08-17T18:48:05Z,2026-08-17T18:48:05Z,
124.88.113.49,ipv4,malicious-ip,medium,WHITE,ziyadnz/hourly-ipv4,ziyadnz|hourly,2026-08-17T18:48:05Z,2026-08-17T18:48:05Z,
124.88.113.55,ipv4,malicious-ip,medium,WHITE,ziyadnz/hourly-ipv4,ziyadnz|hourly,2026-08-17T18:48:05Z,2026-08-17T18:48:05Z,
124.88.113.58,ipv4,malicious-ip,medium,WHITE,ziyadnz/hourly-ipv4,ziyadnz|hourly,2026-08-17T18:48:05Z,2026-08-17T18:48:05Z,
124.88.113.63,ipv4,malicious-ip,medium,WHITE,ziyadnz/hourly-ipv4,ziyadnz|hourly,2026-08-17T18:48:05Z,2026-08-17T18:48:05Z,
124.88.113.67,ipv4,malicious-ip,medium,WHITE,ziyadnz/hourly-ipv4,ziyadnz|hourly,2026-08-17T18:48:05Z,2026-08-17T18:48:05Z,
124.88.113.71,ipv4,malicious-ip,medium,WHITE,ziyadnz/hourly-ipv4,ziyadnz|hourly,2026-08-17T18:48:05Z,2026-08-17T18:48:05Z,
124.88.113.72,ipv4,malicious-ip,medium,WHITE,ziyadnz/hourly-ipv4,ziyadnz|hourly,2026-08-17T18:48:05Z,2026-08-17T18:48:05Z,
124.88.113.75,ipv4,malicious-ip,medium,WHITE,ziyadnz/hourly-ipv4,ziyadnz|hourly,2026-08-17T18:48:05Z,2026-08-17T18:48:05Z,
124.88.113.86,ipv4,malicious-ip,medium,WHITE,ziyadnz/hourly-ipv4,ziyadnz|hourly,2026-08-17T18:48:05Z,2026-08-17T18:48:05Z,
124.88.113.87,ipv4,malicious-ip,medium,WHITE,ziyadnz/hourly-ipv4,ziyadnz|hourly,2026-08-17T18:48:05Z,2026-08-17T18:48:05Z,
124.88.113.90,ipv4,malicious-ip,medium,WHITE,ziyadnz/hourly-ipv4,ziyadnz|hourly,2026-08-17T18:48:05Z,2026-08-17T18:48:05Z,
124.88.113.99,ipv4,malicious-ip,medium,WHITE,ziyadnz/hourly-ipv4,ziyadnz|hourly,2026-08-17T18:48:05Z,2026-08-17T18:48:05Z,
124.88.117.115,ipv4,malicious-ip,medium,WHITE,ziyadnz/hourly-ipv4,ziyadnz|hourly,2026-08-17T18:48:05Z,2026-08-17T18:48:05Z,
124.88.117.118,ipv4,malicious-ip,medium,WHITE,ziyadnz/hourly-ipv4,ziyadnz|hourly,2026-08-17T18:48:05Z,2026-08-17T18:48:05Z,
124.89.118.12,ipv4,malicious-ip,medium,WHITE,ziyadnz/hourly-ipv4,ziyadnz|hourly,2026-08-17T18:48:05Z,2026-08-17T18:48:05Z,
124.89.118.13,ipv4,malicious-ip,medium,WHITE,ziyadnz/hourly-ipv4,ziyadnz|hourly,2026-08-17T18:48:05Z,2026-08-17T18:48:05Z,
124.89.118.7,ipv4,malicious-ip,medium,WHITE,ziyadnz/hourly-ipv4,ziyadnz|hourly,2026-08-17T18:48:05Z,2026-08-17T18:48:05Z,
124.89.118.8,ipv4,malicious-ip,medium,WHITE,ziyadnz/hourly-ipv4,ziyadnz|hourly,2026-08-17T18:48:05Z,2026-08-17T18:48:05Z,
124.89.119.12,ipv4,malicious-ip,medium,WHITE,ziyadnz/hourly-ipv4,ziyadnz|hourly,2026-08-17T18:48:05Z,2026-08-17T18:48:05Z,
124.89.119.13,ipv4,malicious-ip,medium,WHITE,ziyadnz/hourly-ipv4,ziyadnz|hourly,2026-08-17T18:48:05Z,2026-08-17T18:48:05Z,
124.89.119.14,ipv4,malicious-ip,medium,WHITE,ziyadnz/hourly-ipv4,ziyadnz|hourly,2026-08-17T18:48:05Z,2026-08-17T18:48:05Z,
124.89.119.2,ipv4,malicious-ip,medium,WHITE,ziyadnz/hourly-ipv4,ziyadnz|hourly,2026-08-17T18:48:05Z,2026-08-17T18:48:05Z,
124.89.119.5,ipv4,malicious-ip,medium,WHITE,ziyadnz/hourly-ipv4,ziyadnz|hourly,2026-08-17T18:48:05Z,2026-08-17T18:48:05Z,
124.89.119.8,ipv4,malicious-ip,medium,WHITE,ziyadnz/hourly-ipv4,ziyadnz|hourly,2026-08-17T18:48:05Z,2026-08-17T18:48:05Z,
124.89.119.9,ipv4,malicious-ip,medium,WHITE,ziyadnz/hourly-ipv4,ziyadnz|hourly,2026-08-17T18:48:05Z,2026-08-17T18:48:05Z,
124.89.52.76,ipv4,malicious-ip,medium,WHITE,ziyadnz/hourly-ipv4,ziyadnz|hourly,2026-08-17T18:48:05Z,2026-08-17T18:48:05Z,
124.89.83.31,ipv4,malicious-ip,medium,WHITE,ziyadnz/hourly-ipv4,ziyadnz|hourly,2026-08-17T18:48:05Z,2026-08-17T18:48:05Z,
124.89.89.148,ipv4,malicious-ip,medium,WHITE,ziyadnz/hourly-ipv4,ziyadnz|hourly,2026-08-17T18:48:05Z,2026-08-17T18:48:05Z,
124.89.89.152,ipv4,malicious-ip,medium,WHITE,ziyadnz/hourly-ipv4,ziyadnz|hourly,2026-08-17T18:48:05Z,2026-08-17T18:48:05Z,
124.89.89.153,ipv4,malicious-ip,medium,WHITE,ziyadnz/hourly-ipv4,ziyadnz|hourly,2026-08-17T18:48:05Z,2026-08-17T18:48:05Z,
124.89.89.157,ipv4,malicious-ip,medium,WHITE,ziyadnz/hourly-ipv4,ziyadnz|hourly,2026-08-17T18:48:05Z,2026-08-17T18:48:05Z,
124.89.90.51,ipv4,malicious-ip,medium,WHITE,ziyadnz/hourly-ipv4,ziyadnz|hourly,2026-08-17T18:48:05Z,2026-08-17T18:48:05Z,
124.89.90.52,ipv4,malicious-ip,medium,WHITE,ziyadnz/hourly-ipv4,ziyadnz|hourly,2026-08-17T18:48:05Z,2026-08-17T18:48:05Z,
124.89.90.55,ipv4,malicious-ip,medium,WHITE,ziyadnz/hourly-ipv4,ziyadnz|hourly,2026-08-17T18:48:05Z,2026-08-17T18:48:05Z,
124.89.90.56,ipv4,malicious-ip,medium,WHITE,ziyadnz/hourly-ipv4,ziyadnz|hourly,2026-08-17T18:48:05Z,2026-08-17T18:48:05Z,
124.89.90.59,ipv4,malicious-ip,medium,WHITE,ziyadnz/hourly-ipv4,ziyadnz|hourly,2026-08-17T18:48:05Z,2026-08-17T18:48:05Z,
124.89.90.61,ipv4,malicious-ip,medium,WHITE,ziyadnz/hourly-ipv4,ziyadnz|hourly,2026-08-17T18:48:05Z,2026-08-17T18:48:05Z,
124.89.90.62,ipv4,malicious-ip,medium,WHITE,ziyadnz/hourly-ipv4,ziyadnz|hourly,2026-08-17T18:48:05Z,2026-08-17T18:48:05Z,
124.90.25.135,ipv4,malicious-ip,medium,WHITE,ziyadnz/hourly-ipv4,ziyadnz|hourly,2026-08-17T18:48:05Z,2026-08-17T18:48:05Z,
124.90.252.60,ipv4,malicious-ip,medium,WHITE,ziyadnz/hourly-ipv4,ziyadnz|hourly,2026-08-17T18:48:05Z,2026-08-17T18:48:05Z,
124.90.48.183,ipv4,malicious-ip,medium,WHITE,ziyadnz/hourly-ipv4,ziyadnz|hourly,2026-08-17T18:48:05Z,2026-08-17T18:48:05Z,
124.92.6.62,ipv4,malicious-ip,medium,WHITE,ziyadnz/hourly-ipv4,ziyadnz|hourly,2026-08-17T18:48:05Z,2026-08-17T18:48:05Z,
124.92.91.1,ipv4,malicious-ip,medium,WHITE,ziyadnz/hourly-ipv4,ziyadnz|hourly,2026-08-17T18:48:05Z,2026-08-17T18:48:05Z,
124.94.168.3,ipv4,malicious-ip,medium,WHITE,ziyadnz/hourly-ipv4,ziyadnz|hourly,2026-08-17T18:48:05Z,2026-08-17T18:48:05Z,
124.94.169.22,ipv4,malicious-ip,medium,WHITE,ziyadnz/hourly-ipv4,ziyadnz|hourly,2026-08-17T18:48:05Z,2026-08-17T18:48:05Z,
124.94.241.197,ipv4,malicious-ip,medium,WHITE,ziyadnz/hourly-ipv4,ziyadnz|hourly,2026-08-17T18:48:05Z,2026-08-17T18:48:05Z,
125.107.249.210,ipv4,malicious-ip,medium,WHITE,ziyadnz/hourly-ipv4,ziyadnz|hourly,2026-08-17T18:48:05Z,2026-08-17T18:48:05Z,
125.11.232.106,ipv4,malicious-ip,medium,WHITE,ziyadnz/hourly-ipv4,ziyadnz|hourly,2026-08-17T18:48:05Z,2026-08-17T18:48:05Z,
125.112.236.239,ipv4,malicious-ip,medium,WHITE,ziyadnz/hourly-ipv4,ziyadnz|hourly,2026-08-17T18:48:05Z,2026-08-17T18:48:05Z,
125.112.45.45,ipv4,malicious-ip,medium,WHITE,ziyadnz/hourly-ipv4,ziyadnz|hourly,2026-08-17T18:48:05Z,2026-08-17T18:48:05Z,
125.113.99.245,ipv4,malicious-ip,medium,WHITE,ziyadnz/hourly-ipv4,ziyadnz|hourly,2026-08-17T18:48:05Z,2026-08-17T18:48:05Z,
125.114.70.43,ipv4,malicious-ip,medium,WHITE,ziyadnz/hourly-ipv4,ziyadnz|hourly,2026-08-17T18:48:05Z,2026-08-17T18:48:05Z,
125.116.14.32,ipv4,malicious-ip,medium,WHITE,ziyadnz/hourly-ipv4,ziyadnz|hourly,2026-08-17T18:48:05Z,2026-08-17T18:48:05Z,
125.118.135.44,ipv4,malicious-ip,medium,WHITE,ziyadnz/hourly-ipv4,ziyadnz|hourly,2026-08-17T18:48:05Z,2026-08-17T18:48:05Z,
125.118.46.150,ipv4,malicious-ip,medium,WHITE,ziyadnz/hourly-ipv4,ziyadnz|hourly,2026-08-17T18:48:05Z,2026-08-17T18:48:05Z,
125.119.50.14,ipv4,malicious-ip,medium,WHITE,ziyadnz/hourly-ipv4,ziyadnz|hourly,2026-08-17T18:48:05Z,2026-08-17T18:48:05Z,
125.120.192.64,ipv4,malicious-ip,medium,WHITE,ziyadnz/hourly-ipv4,ziyadnz|hourly,2026-08-17T18:48:05Z,2026-08-17T18:48:05Z,
125.120.253.145,ipv4,malicious-ip,medium,WHITE,ziyadnz/hourly-ipv4,ziyadnz|hourly,2026-08-17T18:48:05Z,2026-08-17T18:48:05Z,
125.120.253.16,ipv4,malicious-ip,medium,WHITE,ziyadnz/hourly-ipv4,ziyadnz|hourly,2026-08-17T18:48:05Z,2026-08-17T18:48:05Z,
125.121.172.55,ipv4,malicious-ip,medium,WHITE,ziyadnz/hourly-ipv4,ziyadnz|hourly,2026-08-17T18:48:05Z,2026-08-17T18:48:05Z,
125.121.239.69,ipv4,malicious-ip,medium,WHITE,ziyadnz/hourly-ipv4,ziyadnz|hourly,2026-08-17T18:48:05Z,2026-08-17T18:48:05Z,
125.122.102.148,ipv4,malicious-ip,medium,WHITE,ziyadnz/hourly-ipv4,ziyadnz|hourly,2026-08-17T18:48:05Z,2026-08-17T18:48:05Z,
125.122.39.116,ipv4,malicious-ip,medium,WHITE,ziyadnz/hourly-ipv4,ziyadnz|hourly,2026-08-17T18:48:05Z,2026-08-17T18:48:05Z,
125.123.123.52,ipv4,malicious-ip,medium,WHITE,ziyadnz/hourly-ipv4,ziyadnz|hourly,2026-08-17T18:48:05Z,2026-08-17T18:48:05Z,
125.124.0.46,ipv4,malicious-ip,medium,WHITE,ziyadnz/hourly-ipv4,ziyadnz|hourly,2026-08-17T18:48:05Z,2026-08-17T18:48:05Z,
125.124.128.77,ipv4,malicious-ip,medium,WHITE,ziyadnz/hourly-ipv4,ziyadnz|hourly,2026-08-17T18:48:05Z,2026-08-17T18:48:05Z,
125.124.149.14,ipv4,malicious-ip,medium,WHITE,ziyadnz/hourly-ipv4,ziyadnz|hourly,2026-08-17T18:48:05Z,2026-08-17T18:48:05Z,
125.124.176.214,ipv4,malicious-ip,medium,WHITE,ziyadnz/hourly-ipv4,ziyadnz|hourly,2026-08-17T18:48:05Z,2026-08-17T18:48:05Z,
125.124.183.254,ipv4,malicious-ip,medium,WHITE,ziyadnz/hourly-ipv4,ziyadnz|hourly,2026-08-17T18:48:05Z,2026-08-17T18:48:05Z,
125.124.207.211,ipv4,malicious-ip,medium,WHITE,ziyadnz/hourly-ipv4,ziyadnz|hourly,2026-08-17T18:48:05Z,2026-08-17T18:48:05Z,
125.124.92.11,ipv4,malicious-ip,medium,WHITE,ziyadnz/hourly-ipv4,ziyadnz|hourly,2026-08-17T18:48:05Z,2026-08-17T18:48:05Z,
125.125.211.37,ipv4,malicious-ip,medium,WHITE,ziyadnz/hourly-ipv4,ziyadnz|hourly,2026-08-17T18:48:05Z,2026-08-17T18:48:05Z,
125.129.142.200,ipv4,malicious-ip,medium,WHITE,ziyadnz/hourly-ipv4,ziyadnz|hourly,2026-08-17T18:48:05Z,2026-08-17T18:48:05Z,
125.133.28.97,ipv4,malicious-ip,medium,WHITE,ziyadnz/hourly-ipv4,ziyadnz|hourly,2026-08-17T18:48:05Z,2026-08-17T18:48:05Z,
125.137.114.6,ipv4,malicious-ip,medium,WHITE,ziyadnz/hourly-ipv4,ziyadnz|hourly,2026-08-17T18:48:05Z,2026-08-17T18:48:05Z,
125.137.115.145,ipv4,malicious-ip,medium,WHITE,ziyadnz/hourly-ipv4,ziyadnz|hourly,2026-08-17T18:48:05Z,2026-08-17T18:48:05Z,
125.137.57.159,ipv4,malicious-ip,medium,WHITE,ziyadnz/hourly-ipv4,ziyadnz|hourly,2026-08-17T18:48:05Z,2026-08-17T18:48:05Z,
125.138.175.113,ipv4,malicious-ip,medium,WHITE,ziyadnz/hourly-ipv4,ziyadnz|hourly,2026-08-17T18:48:05Z,2026-08-17T18:48:05Z,
125.138.9.76,ipv4,malicious-ip,medium,WHITE,ziyadnz/hourly-ipv4,ziyadnz|hourly,2026-08-17T18:48:05Z,2026-08-17T18:48:05Z,
125.140.145.62,ipv4,malicious-ip,medium,WHITE,ziyadnz/hourly-ipv4,ziyadnz|hourly,2026-08-17T18:48:05Z,2026-08-17T18:48:05Z,
125.141.139.31,ipv4,malicious-ip,medium,WHITE,ziyadnz/hourly-ipv4,ziyadnz|hourly,2026-08-17T18:48:05Z,2026-08-17T18:48:05Z,
125.141.43.153,ipv4,malicious-ip,medium,WHITE,ziyadnz/hourly-ipv4,ziyadnz|hourly,2026-08-17T18:48:05Z,2026-08-17T18:48:05Z,
125.141.61.230,ipv4,malicious-ip,medium,WHITE,ziyadnz/hourly-ipv4,ziyadnz|hourly,2026-08-17T18:48:05Z,2026-08-17T18:48:05Z,
125.142.207.79,ipv4,malicious-ip,medium,WHITE,ziyadnz/hourly-ipv4,ziyadnz|hourly,2026-08-17T18:48:05Z,2026-08-17T18:48:05Z,
125.143.211.145,ipv4,malicious-ip,medium,WHITE,ziyadnz/hourly-ipv4,ziyadnz|hourly,2026-08-17T18:48:05Z,2026-08-17T18:48:05Z,
125.143.215.232,ipv4,malicious-ip,medium,WHITE,ziyadnz/hourly-ipv4,ziyadnz|hourly,2026-08-17T18:48:05Z,2026-08-17T18:48:05Z,
125.143.224.252,ipv4,malicious-ip,medium,WHITE,ziyadnz/hourly-ipv4,ziyadnz|hourly,2026-08-17T18:48:05Z,2026-08-17T18:48:05Z,
125.143.235.106,ipv4,malicious-ip,medium,WHITE,ziyadnz/hourly-ipv4,ziyadnz|hourly,2026-08-17T18:48:05Z,2026-08-17T18:48:05Z,
125.143.235.118,ipv4,malicious-ip,medium,WHITE,ziyadnz/hourly-ipv4,ziyadnz|hourly,2026-08-17T18:48:05Z,2026-08-17T18:48:05Z,
125.143.240.134,ipv4,malicious-ip,medium,WHITE,ziyadnz/hourly-ipv4,ziyadnz|hourly,2026-08-17T18:48:05Z,2026-08-17T18:48:05Z,
125.143.248.156,ipv4,malicious-ip,medium,WHITE,ziyadnz/hourly-ipv4,ziyadnz|hourly,2026-08-17T18:48:05Z,2026-08-17T18:48:05Z,
125.143.249.102,ipv4,malicious-ip,medium,WHITE,ziyadnz/hourly-ipv4,ziyadnz|hourly,2026-08-17T18:48:05Z,2026-08-17T18:48:05Z,
125.16.137.243,ipv4,malicious-ip,medium,WHITE,ziyadnz/hourly-ipv4,ziyadnz|hourly,2026-08-17T18:48:05Z,2026-08-17T18:48:05Z,
125.16.25.166,ipv4,malicious-ip,medium,WHITE,ziyadnz/hourly-ipv4,ziyadnz|hourly,2026-08-17T18:48:05Z,2026-08-17T18:48:05Z,
125.16.27.190,ipv4,malicious-ip,medium,WHITE,ziyadnz/hourly-ipv4,ziyadnz|hourly,2026-08-17T18:48:05Z,2026-08-17T18:48:05Z,
125.16.27.210,ipv4,malicious-ip,medium,WHITE,ziyadnz/hourly-ipv4,ziyadnz|hourly,2026-08-17T18:48:05Z,2026-08-17T18:48:05Z,
125.160.197.209,ipv4,malicious-ip,medium,WHITE,ziyadnz/hourly-ipv4,ziyadnz|hourly,2026-08-17T18:48:05Z,2026-08-17T18:48:05Z,
125.160.54.248,ipv4,malicious-ip,medium,WHITE,ziyadnz/hourly-ipv4,ziyadnz|hourly,2026-08-17T18:48:05Z,2026-08-17T18:48:05Z,
125.162.169.50,ipv4,malicious-ip,medium,WHITE,ziyadnz/hourly-ipv4,ziyadnz|hourly,2026-08-17T18:48:05Z,2026-08-17T18:48:05Z,
125.162.226.7,ipv4,malicious-ip,medium,WHITE,ziyadnz/hourly-ipv4,ziyadnz|hourly,2026-08-17T18:48:05Z,2026-08-17T18:48:05Z,
125.162.247.88,ipv4,malicious-ip,medium,WHITE,ziyadnz/hourly-ipv4,ziyadnz|hourly,2026-08-17T18:48:05Z,2026-08-17T18:48:05Z,
125.163.11.193,ipv4,malicious-ip,medium,WHITE,ziyadnz/hourly-ipv4,ziyadnz|hourly,2026-08-17T18:48:05Z,2026-08-17T18:48:05Z,
125.163.133.72,ipv4,malicious-ip,medium,WHITE,ziyadnz/hourly-ipv4,ziyadnz|hourly,2026-08-17T18:48:05Z,2026-08-17T18:48:05Z,
125.163.136.70,ipv4,malicious-ip,medium,WHITE,ziyadnz/hourly-ipv4,ziyadnz|hourly,2026-08-17T18:48:05Z,2026-08-17T18:48:05Z,
125.163.180.221,ipv4,malicious-ip,medium,WHITE,ziyadnz/hourly-ipv4,ziyadnz|hourly,2026-08-17T18:48:05Z,2026-08-17T18:48:05Z,
125.163.54.254,ipv4,malicious-ip,medium,WHITE,ziyadnz/hourly-ipv4,ziyadnz|hourly,2026-08-17T18:48:05Z,2026-08-17T18:48:05Z,
125.163.68.44,ipv4,malicious-ip,medium,WHITE,ziyadnz/hourly-ipv4,ziyadnz|hourly,2026-08-17T18:48:05Z,2026-08-17T18:48:05Z,
125.164.219.169,ipv4,malicious-ip,medium,WHITE,ziyadnz/hourly-ipv4,ziyadnz|hourly,2026-08-17T18:48:05Z,2026-08-17T18:48:05Z,
125.165.105.129,ipv4,malicious-ip,medium,WHITE,ziyadnz/hourly-ipv4,ziyadnz|hourly,2026-08-17T18:48:05Z,2026-08-17T18:48:05Z,
125.165.107.236,ipv4,malicious-ip,medium,WHITE,ziyadnz/hourly-ipv4,ziyadnz|hourly,2026-08-17T18:48:05Z,2026-08-17T18:48:05Z,
125.165.154.49,ipv4,malicious-ip,medium,WHITE,ziyadnz/hourly-ipv4,ziyadnz|hourly,2026-08-17T18:48:05Z,2026-08-17T18:48:05Z,
125.165.16.108,ipv4,malicious-ip,medium,WHITE,ziyadnz/hourly-ipv4,ziyadnz|hourly,2026-08-17T18:48:05Z,2026-08-17T18:48:05Z,
125.165.18.188,ipv4,malicious-ip,medium,WHITE,ziyadnz/hourly-ipv4,ziyadnz|hourly,2026-08-17T18:48:05Z,2026-08-17T18:48:05Z,
125.165.35.226,ipv4,malicious-ip,medium,WHITE,ziyadnz/hourly-ipv4,ziyadnz|hourly,2026-08-17T18:48:05Z,2026-08-17T18:48:05Z,
125.166.103.225,ipv4,malicious-ip,medium,WHITE,ziyadnz/hourly-ipv4,ziyadnz|hourly,2026-08-17T18:48:05Z,2026-08-17T18:48:05Z,
125.166.116.254,ipv4,malicious-ip,medium,WHITE,ziyadnz/hourly-ipv4,ziyadnz|hourly,2026-08-17T18:48:05Z,2026-08-17T18:48:05Z,
125.166.116.59,ipv4,malicious-ip,medium,WHITE,ziyadnz/hourly-ipv4,ziyadnz|hourly,2026-08-17T18:48:05Z,2026-08-17T18:48:05Z,
125.166.119.131,ipv4,malicious-ip,medium,WHITE,ziyadnz/hourly-ipv4,ziyadnz|hourly,2026-08-17T18:48:05Z,2026-08-17T18:48:05Z,
125.166.119.35,ipv4,malicious-ip,medium,WHITE,ziyadnz/hourly-ipv4,ziyadnz|hourly,2026-08-17T18:48:05Z,2026-08-17T18:48:05Z,
125.166.16.114,ipv4,malicious-ip,medium,WHITE,ziyadnz/hourly-ipv4,ziyadnz|hourly,2026-08-17T18:48:05Z,2026-08-17T18:48:05Z,
125.166.94.28,ipv4,malicious-ip,medium,WHITE,ziyadnz/hourly-ipv4,ziyadnz|hourly,2026-08-17T18:48:05Z,2026-08-17T18:48:05Z,
125.178.18.205,ipv4,malicious-ip,medium,WHITE,ziyadnz/hourly-ipv4,ziyadnz|hourly,2026-08-17T18:48:05Z,2026-08-17T18:48:05Z,
125.178.189.201,ipv4,malicious-ip,medium,WHITE,ziyadnz/hourly-ipv4,ziyadnz|hourly,2026-08-17T18:48:05Z,2026-08-17T18:48:05Z,
125.178.243.115,ipv4,malicious-ip,medium,WHITE,ziyadnz/hourly-ipv4,ziyadnz|hourly,2026-08-17T18:48:05Z,2026-08-17T18:48:05Z,
125.178.83.134,ipv4,malicious-ip,medium,WHITE,ziyadnz/hourly-ipv4,ziyadnz|hourly,2026-08-17T18:48:05Z,2026-08-17T18:48:05Z,
125.18.144.2,ipv4,malicious-ip,medium,WHITE,ziyadnz/hourly-ipv4,ziyadnz|hourly,2026-08-17T18:48:05Z,2026-08-17T18:48:05Z,
125.180.253.109,ipv4,malicious-ip,medium,WHITE,ziyadnz/hourly-ipv4,ziyadnz|hourly,2026-08-17T18:48:05Z,2026-08-17T18:48:05Z,
125.181.182.165,ipv4,malicious-ip,medium,WHITE,ziyadnz/hourly-ipv4,ziyadnz|hourly,2026-08-17T18:48:05Z,2026-08-17T18:48:05Z,
125.19.159.186,ipv4,malicious-ip,medium,WHITE,ziyadnz/hourly-ipv4,ziyadnz|hourly,2026-08-17T18:48:05Z,2026-08-17T18:48:05Z,
125.19.166.110,ipv4,malicious-ip,medium,WHITE,ziyadnz/hourly-ipv4,ziyadnz|hourly,2026-08-17T18:48:05Z,2026-08-17T18:48:05Z,
125.19.222.186,ipv4,malicious-ip,medium,WHITE,ziyadnz/hourly-ipv4,ziyadnz|hourly,2026-08-17T18:48:05Z,2026-08-17T18:48:05Z,
125.19.227.210,ipv4,malicious-ip,medium,WHITE,ziyadnz/hourly-ipv4,ziyadnz|hourly,2026-08-17T18:48:05Z,2026-08-17T18:48:05Z,
125.19.230.174,ipv4,malicious-ip,medium,WHITE,ziyadnz/hourly-ipv4,ziyadnz|hourly,2026-08-17T18:48:05Z,2026-08-17T18:48:05Z,
125.19.70.146,ipv4,malicious-ip,medium,WHITE,ziyadnz/hourly-ipv4,ziyadnz|hourly,2026-08-17T18:48:05Z,2026-08-17T18:48:05Z,
125.191.10.231,ipv4,malicious-ip,medium,WHITE,ziyadnz/hourly-ipv4,ziyadnz|hourly,2026-08-17T18:48:05Z,2026-08-17T18:48:05Z,
125.20.175.26,ipv4,malicious-ip,medium,WHITE,ziyadnz/hourly-ipv4,ziyadnz|hourly,2026-08-17T18:48:05Z,2026-08-17T18:48:05Z,
125.20.210.182,ipv4,malicious-ip,medium,WHITE,ziyadnz/hourly-ipv4,ziyadnz|hourly,2026-08-17T18:48:05Z,2026-08-17T18:48:05Z,
125.20.252.106,ipv4,malicious-ip,medium,WHITE,ziyadnz/hourly-ipv4,ziyadnz|hourly,2026-08-17T18:48:05Z,2026-08-17T18:48:05Z,
125.209.101.122,ipv4,malicious-ip,medium,WHITE,ziyadnz/hourly-ipv4,ziyadnz|hourly,2026-08-17T18:48:05Z,2026-08-17T18:48:05Z,
125.209.101.126,ipv4,malicious-ip,medium,WHITE,ziyadnz/hourly-ipv4,ziyadnz|hourly,2026-08-17T18:48:05Z,2026-08-17T18:48:05Z,
125.209.108.83,ipv4,malicious-ip,medium,WHITE,ziyadnz/hourly-ipv4,ziyadnz|hourly,2026-08-17T18:48:05Z,2026-08-17T18:48:05Z,
125.209.114.46,ipv4,malicious-ip,medium,WHITE,ziyadnz/hourly-ipv4,ziyadnz|hourly,2026-08-17T18:48:05Z,2026-08-17T18:48:05Z,
125.209.120.194,ipv4,malicious-ip,medium,WHITE,ziyadnz/hourly-ipv4,ziyadnz|hourly,2026-08-17T18:48:05Z,2026-08-17T18:48:05Z,
125.209.123.66,ipv4,malicious-ip,medium,WHITE,ziyadnz/hourly-ipv4,ziyadnz|hourly,2026-08-17T18:48:05Z,2026-08-17T18:48:05Z,
125.209.124.108,ipv4,malicious-ip,medium,WHITE,ziyadnz/hourly-ipv4,ziyadnz|hourly,2026-08-17T18:48:05Z,2026-08-17T18:48:05Z,
125.209.126.18,ipv4,malicious-ip,medium,WHITE,ziyadnz/hourly-ipv4,ziyadnz|hourly,2026-08-17T18:48:05Z,2026-08-17T18:48:05Z,
125.209.87.78,ipv4,malicious-ip,medium,WHITE,ziyadnz/hourly-ipv4,ziyadnz|hourly,2026-08-17T18:48:05Z,2026-08-17T18:48:05Z,
125.209.97.230,ipv4,malicious-ip,medium,WHITE,ziyadnz/hourly-ipv4,ziyadnz|hourly,2026-08-17T18:48:05Z,2026-08-17T18:48:05Z,
125.209.98.218,ipv4,malicious-ip,medium,WHITE,ziyadnz/hourly-ipv4,ziyadnz|hourly,2026-08-17T18:48:05Z,2026-08-17T18:48:05Z,
125.21.124.18,ipv4,malicious-ip,medium,WHITE,ziyadnz/hourly-ipv4,ziyadnz|hourly,2026-08-17T18:48:05Z,2026-08-17T18:48:05Z,
125.21.53.232,ipv4,malicious-ip,medium,WHITE,ziyadnz/hourly-ipv4,ziyadnz|hourly,2026-08-17T18:48:05Z,2026-08-17T18:48:05Z,
125.211.130.55,ipv4,malicious-ip,medium,WHITE,ziyadnz/hourly-ipv4,ziyadnz|hourly,2026-08-17T18:48:05Z,2026-08-17T18:48:05Z,
125.212.159.40,ipv4,malicious-ip,medium,WHITE,ziyadnz/hourly-ipv4,ziyadnz|hourly,2026-08-17T18:48:05Z,2026-08-17T18:48:05Z,
125.212.198.118,ipv4,malicious-ip,medium,WHITE,ziyadnz/hourly-ipv4,ziyadnz|hourly,2026-08-17T18:48:05Z,2026-08-17T18:48:05Z,
125.212.218.19,ipv4,malicious-ip,medium,WHITE,ziyadnz/hourly-ipv4,ziyadnz|hourly,2026-08-17T18:48:05Z,2026-08-17T18:48:05Z,
125.212.220.48,ipv4,malicious-ip,medium,WHITE,ziyadnz/hourly-ipv4,ziyadnz|hourly,2026-08-17T18:48:05Z,2026-08-17T18:48:05Z,
125.212.223.168,ipv4,malicious-ip,medium,WHITE,ziyadnz/hourly-ipv4,ziyadnz|hourly,2026-08-17T18:48:05Z,2026-08-17T18:48:05Z,
125.212.239.144,ipv4,malicious-ip,medium,WHITE,ziyadnz/hourly-ipv4,ziyadnz|hourly,2026-08-17T18:48:05Z,2026-08-17T18:48:05Z,
125.212.241.134,ipv4,malicious-ip,medium,WHITE,ziyadnz/hourly-ipv4,ziyadnz|hourly,2026-08-17T18:48:05Z,2026-08-17T18:48:05Z,
125.212.244.35,ipv4,malicious-ip,medium,WHITE,ziyadnz/hourly-ipv4,ziyadnz|hourly,2026-08-17T18:48:05Z,2026-08-17T18:48:05Z,
125.213.152.2,ipv4,malicious-ip,medium,WHITE,ziyadnz/hourly-ipv4,ziyadnz|hourly,2026-08-17T18:48:05Z,2026-08-17T18:48:05Z,
125.213.152.34,ipv4,malicious-ip,medium,WHITE,ziyadnz/hourly-ipv4,ziyadnz|hourly,2026-08-17T18:48:05Z,2026-08-17T18:48:05Z,
125.22.105.67,ipv4,malicious-ip,medium,WHITE,ziyadnz/hourly-ipv4,ziyadnz|hourly,2026-08-17T18:48:05Z,2026-08-17T18:48:05Z,
125.22.162.46,ipv4,malicious-ip,medium,WHITE,ziyadnz/hourly-ipv4,ziyadnz|hourly,2026-08-17T18:48:05Z,2026-08-17T18:48:05Z,
125.22.169.110,ipv4,malicious-ip,medium,WHITE,ziyadnz/hourly-ipv4,ziyadnz|hourly,2026-08-17T18:48:05Z,2026-08-17T18:48:05Z,
125.22.182.194,ipv4,malicious-ip,medium,WHITE,ziyadnz/hourly-ipv4,ziyadnz|hourly,2026-08-17T18:48:05Z,2026-08-17T18:48:05Z,
125.22.42.210,ipv4,malicious-ip,medium,WHITE,ziyadnz/hourly-ipv4,ziyadnz|hourly,2026-08-17T18:48:05Z,2026-08-17T18:48:05Z,
125.227.58.202,ipv4,malicious-ip,medium,WHITE,ziyadnz/hourly-ipv4,ziyadnz|hourly,2026-08-17T18:48:05Z,2026-08-17T18:48:05Z,
125.227.91.167,ipv4,malicious-ip,medium,WHITE,ziyadnz/hourly-ipv4,ziyadnz|hourly,2026-08-17T18:48:05Z,2026-08-17T18:48:05Z,
125.228.126.51,ipv4,malicious-ip,medium,WHITE,ziyadnz/hourly-ipv4,ziyadnz|hourly,2026-08-17T18:48:05Z,2026-08-17T18:48:05Z,
125.228.129.114,ipv4,malicious-ip,medium,WHITE,ziyadnz/hourly-ipv4,ziyadnz|hourly,2026-08-17T18:48:05Z,2026-08-17T18:48:05Z,
125.228.148.12,ipv4,malicious-ip,medium,WHITE,ziyadnz/hourly-ipv4,ziyadnz|hourly,2026-08-17T18:48:05Z,2026-08-17T18:48:05Z,
125.228.161.56,ipv4,malicious-ip,medium,WHITE,ziyadnz/hourly-ipv4,ziyadnz|hourly,2026-08-17T18:48:05Z,2026-08-17T18:48:05Z,
125.228.162.132,ipv4,malicious-ip,medium,WHITE,ziyadnz/hourly-ipv4,ziyadnz|hourly,2026-08-17T18:48:05Z,2026-08-17T18:48:05Z,
125.228.168.245,ipv4,malicious-ip,medium,WHITE,ziyadnz/hourly-ipv4,ziyadnz|hourly,2026-08-17T18:48:05Z,2026-08-17T18:48:05Z,
125.228.171.113,ipv4,malicious-ip,medium,WHITE,ziyadnz/hourly-ipv4,ziyadnz|hourly,2026-08-17T18:48:05Z,2026-08-17T18:48:05Z,
125.228.185.64,ipv4,malicious-ip,medium,WHITE,ziyadnz/hourly-ipv4,ziyadnz|hourly,2026-08-17T18:48:05Z,2026-08-17T18:48:05Z,
125.228.189.32,ipv4,malicious-ip,medium,WHITE,ziyadnz/hourly-ipv4,ziyadnz|hourly,2026-08-17T18:48:05Z,2026-08-17T18:48:05Z,
125.228.198.247,ipv4,malicious-ip,medium,WHITE,ziyadnz/hourly-ipv4,ziyadnz|hourly,2026-08-17T18:48:05Z,2026-08-17T18:48:05Z,
125.228.213.56,ipv4,malicious-ip,medium,WHITE,ziyadnz/hourly-ipv4,ziyadnz|hourly,2026-08-17T18:48:05Z,2026-08-17T18:48:05Z,
125.228.252.27,ipv4,malicious-ip,medium,WHITE,ziyadnz/hourly-ipv4,ziyadnz|hourly,2026-08-17T18:48:05Z,2026-08-17T18:48:05Z,
125.228.28.11,ipv4,malicious-ip,medium,WHITE,ziyadnz/hourly-ipv4,ziyadnz|hourly,2026-08-17T18:48:05Z,2026-08-17T18:48:05Z,
125.228.33.138,ipv4,malicious-ip,medium,WHITE,ziyadnz/hourly-ipv4,ziyadnz|hourly,2026-08-17T18:48:05Z,2026-08-17T18:48:05Z,
125.228.37.189,ipv4,malicious-ip,medium,WHITE,ziyadnz/hourly-ipv4,ziyadnz|hourly,2026-08-17T18:48:05Z,2026-08-17T18:48:05Z,
125.228.37.219,ipv4,malicious-ip,medium,WHITE,ziyadnz/hourly-ipv4,ziyadnz|hourly,2026-08-17T18:48:05Z,2026-08-17T18:48:05Z,
125.228.37.39,ipv4,malicious-ip,medium,WHITE,ziyadnz/hourly-ipv4,ziyadnz|hourly,2026-08-17T18:48:05Z,2026-08-17T18:48:05Z,
125.228.47.215,ipv4,malicious-ip,medium,WHITE,ziyadnz/hourly-ipv4,ziyadnz|hourly,2026-08-17T18:48:05Z,2026-08-17T18:48:05Z,
125.228.47.45,ipv4,malicious-ip,medium,WHITE,ziyadnz/hourly-ipv4,ziyadnz|hourly,2026-08-17T18:48:05Z,2026-08-17T18:48:05Z,
125.228.50.215,ipv4,malicious-ip,medium,WHITE,ziyadnz/hourly-ipv4,ziyadnz|hourly,2026-08-17T18:48:05Z,2026-08-17T18:48:05Z,
125.228.60.234,ipv4,malicious-ip,medium,WHITE,ziyadnz/hourly-ipv4,ziyadnz|hourly,2026-08-17T18:48:05Z,2026-08-17T18:48:05Z,
125.228.82.110,ipv4,malicious-ip,medium,WHITE,ziyadnz/hourly-ipv4,ziyadnz|hourly,2026-08-17T18:48:05Z,2026-08-17T18:48:05Z,
125.228.85.185,ipv4,malicious-ip,medium,WHITE,ziyadnz/hourly-ipv4,ziyadnz|hourly,2026-08-17T18:48:05Z,2026-08-17T18:48:05Z,
125.228.91.149,ipv4,malicious-ip,medium,WHITE,ziyadnz/hourly-ipv4,ziyadnz|hourly,2026-08-17T18:48:05Z,2026-08-17T18:48:05Z,
125.228.91.168,ipv4,malicious-ip,medium,WHITE,ziyadnz/hourly-ipv4,ziyadnz|hourly,2026-08-17T18:48:05Z,2026-08-17T18:48:05Z,
125.228.94.189,ipv4,malicious-ip,medium,WHITE,ziyadnz/hourly-ipv4,ziyadnz|hourly,2026-08-17T18:48:05Z,2026-08-17T18:48:05Z,
125.229.130.117,ipv4,malicious-ip,medium,WHITE,ziyadnz/hourly-ipv4,ziyadnz|hourly,2026-08-17T18:48:05Z,2026-08-17T18:48:05Z,
125.229.145.119,ipv4,malicious-ip,medium,WHITE,ziyadnz/hourly-ipv4,ziyadnz|hourly,2026-08-17T18:48:05Z,2026-08-17T18:48:05Z,
125.229.151.234,ipv4,malicious-ip,medium,WHITE,ziyadnz/hourly-ipv4,ziyadnz|hourly,2026-08-17T18:48:05Z,2026-08-17T18:48:05Z,
125.229.174.244,ipv4,malicious-ip,medium,WHITE,ziyadnz/hourly-ipv4,ziyadnz|hourly,2026-08-17T18:48:05Z,2026-08-17T18:48:05Z,
125.229.177.196,ipv4,malicious-ip,medium,WHITE,ziyadnz/hourly-ipv4,ziyadnz|hourly,2026-08-17T18:48:05Z,2026-08-17T18:48:05Z,
125.229.188.231,ipv4,malicious-ip,medium,WHITE,ziyadnz/hourly-ipv4,ziyadnz|hourly,2026-08-17T18:48:05Z,2026-08-17T18:48:05Z,
125.229.210.141,ipv4,malicious-ip,medium,WHITE,ziyadnz/hourly-ipv4,ziyadnz|hourly,2026-08-17T18:48:05Z,2026-08-17T18:48:05Z,
125.229.216.41,ipv4,malicious-ip,medium,WHITE,ziyadnz/hourly-ipv4,ziyadnz|hourly,2026-08-17T18:48:05Z,2026-08-17T18:48:05Z,
125.229.222.137,ipv4,malicious-ip,medium,WHITE,ziyadnz/hourly-ipv4,ziyadnz|hourly,2026-08-17T18:48:05Z,2026-08-17T18:48:05Z,
125.229.222.197,ipv4,malicious-ip,medium,WHITE,ziyadnz/hourly-ipv4,ziyadnz|hourly,2026-08-17T18:48:05Z,2026-08-17T18:48:05Z,
125.229.228.83,ipv4,malicious-ip,medium,WHITE,ziyadnz/hourly-ipv4,ziyadnz|hourly,2026-08-17T18:48:05Z,2026-08-17T18:48:05Z,
125.229.230.235,ipv4,malicious-ip,medium,WHITE,ziyadnz/hourly-ipv4,ziyadnz|hourly,2026-08-17T18:48:05Z,2026-08-17T18:48:05Z,
125.229.237.151,ipv4,malicious-ip,medium,WHITE,ziyadnz/hourly-ipv4,ziyadnz|hourly,2026-08-17T18:48:05Z,2026-08-17T18:48:05Z,
125.229.237.152,ipv4,malicious-ip,medium,WHITE,ziyadnz/hourly-ipv4,ziyadnz|hourly,2026-08-17T18:48:05Z,2026-08-17T18:48:05Z,
125.229.239.144,ipv4,malicious-ip,medium,WHITE,ziyadnz/hourly-ipv4,ziyadnz|hourly,2026-08-17T18:48:05Z,2026-08-17T18:48:05Z,
125.229.244.119,ipv4,malicious-ip,medium,WHITE,ziyadnz/hourly-ipv4,ziyadnz|hourly,2026-08-17T18:48:05Z,2026-08-17T18:48:05Z,
125.229.247.222,ipv4,malicious-ip,medium,WHITE,ziyadnz/hourly-ipv4,ziyadnz|hourly,2026-08-17T18:48:05Z,2026-08-17T18:48:05Z,
125.229.31.210,ipv4,malicious-ip,medium,WHITE,ziyadnz/hourly-ipv4,ziyadnz|hourly,2026-08-17T18:48:05Z,2026-08-17T18:48:05Z,
125.229.31.246,ipv4,malicious-ip,medium,WHITE,ziyadnz/hourly-ipv4,ziyadnz|hourly,2026-08-17T18:48:05Z,2026-08-17T18:48:05Z,
125.229.4.249,ipv4,malicious-ip,medium,WHITE,ziyadnz/hourly-ipv4,ziyadnz|hourly,2026-08-17T18:48:05Z,2026-08-17T18:48:05Z,
125.229.44.114,ipv4,malicious-ip,medium,WHITE,ziyadnz/hourly-ipv4,ziyadnz|hourly,2026-08-17T18:48:05Z,2026-08-17T18:48:05Z,
125.229.88.249,ipv4,malicious-ip,medium,WHITE,ziyadnz/hourly-ipv4,ziyadnz|hourly,2026-08-17T18:48:05Z,2026-08-17T18:48:05Z,
125.229.89.163,ipv4,malicious-ip,medium,WHITE,ziyadnz/hourly-ipv4,ziyadnz|hourly,2026-08-17T18:48:05Z,2026-08-17T18:48:05Z,
125.23.204.74,ipv4,malicious-ip,medium,WHITE,ziyadnz/hourly-ipv4,ziyadnz|hourly,2026-08-17T18:48:05Z,2026-08-17T18:48:05Z,
125.23.220.134,ipv4,malicious-ip,medium,WHITE,ziyadnz/hourly-ipv4,ziyadnz|hourly,2026-08-17T18:48:05Z,2026-08-17T18:48:05Z,
125.23.228.86,ipv4,malicious-ip,medium,WHITE,ziyadnz/hourly-ipv4,ziyadnz|hourly,2026-08-17T18:48:05Z,2026-08-17T18:48:05Z,
125.231.137.155,ipv4,malicious-ip,medium,WHITE,ziyadnz/hourly-ipv4,ziyadnz|hourly,2026-08-17T18:48:05Z,2026-08-17T18:48:05Z,
125.231.162.8,ipv4,malicious-ip,medium,WHITE,ziyadnz/hourly-ipv4,ziyadnz|hourly,2026-08-17T18:48:05Z,2026-08-17T18:48:05Z,
125.231.165.164,ipv4,malicious-ip,medium,WHITE,ziyadnz/hourly-ipv4,ziyadnz|hourly,2026-08-17T18:48:05Z,2026-08-17T18:48:05Z,
125.231.38.233,ipv4,malicious-ip,medium,WHITE,ziyadnz/hourly-ipv4,ziyadnz|hourly,2026-08-17T18:48:05Z,2026-08-17T18:48:05Z,
125.231.39.207,ipv4,malicious-ip,medium,WHITE,ziyadnz/hourly-ipv4,ziyadnz|hourly,2026-08-17T18:48:05Z,2026-08-17T18:48:05Z,
125.231.41.156,ipv4,malicious-ip,medium,WHITE,ziyadnz/hourly-ipv4,ziyadnz|hourly,2026-08-17T18:48:05Z,2026-08-17T18:48:05Z,
125.231.75.7,ipv4,malicious-ip,medium,WHITE,ziyadnz/hourly-ipv4,ziyadnz|hourly,2026-08-17T18:48:05Z,2026-08-17T18:48:05Z,
125.231.76.190,ipv4,malicious-ip,medium,WHITE,ziyadnz/hourly-ipv4,ziyadnz|hourly,2026-08-17T18:48:05Z,2026-08-17T18:48:05Z,
125.231.79.52,ipv4,malicious-ip,medium,WHITE,ziyadnz/hourly-ipv4,ziyadnz|hourly,2026-08-17T18:48:05Z,2026-08-17T18:48:05Z,
125.231.83.73,ipv4,malicious-ip,medium,WHITE,ziyadnz/hourly-ipv4,ziyadnz|hourly,2026-08-17T18:48:05Z,2026-08-17T18:48:05Z,
125.231.89.90,ipv4,malicious-ip,medium,WHITE,ziyadnz/hourly-ipv4,ziyadnz|hourly,2026-08-17T18:48:05Z,2026-08-17T18:48:05Z,
125.234.94.225,ipv4,malicious-ip,medium,WHITE,ziyadnz/hourly-ipv4,ziyadnz|hourly,2026-08-17T18:48:05Z,2026-08-17T18:48:05Z,
125.235.4.59,ipv4,malicious-ip,medium,WHITE,ziyadnz/hourly-ipv4,ziyadnz|hourly,2026-08-17T18:48:05Z,2026-08-17T18:48:05Z,
125.237.153.127,ipv4,malicious-ip,medium,WHITE,ziyadnz/hourly-ipv4,ziyadnz|hourly,2026-08-17T18:48:05Z,2026-08-17T18:48:05Z,
125.24.101.65,ipv4,malicious-ip,medium,WHITE,ziyadnz/hourly-ipv4,ziyadnz|hourly,2026-08-17T18:48:05Z,2026-08-17T18:48:05Z,
125.24.176.57,ipv4,malicious-ip,medium,WHITE,ziyadnz/hourly-ipv4,ziyadnz|hourly,2026-08-17T18:48:05Z,2026-08-17T18:48:05Z,
125.24.188.192,ipv4,malicious-ip,medium,WHITE,ziyadnz/hourly-ipv4,ziyadnz|hourly,2026-08-17T18:48:05Z,2026-08-17T18:48:05Z,
125.24.198.59,ipv4,malicious-ip,medium,WHITE,ziyadnz/hourly-ipv4,ziyadnz|hourly,2026-08-17T18:48:05Z,2026-08-17T18:48:05Z,
125.24.84.10,ipv4,malicious-ip,medium,WHITE,ziyadnz/hourly-ipv4,ziyadnz|hourly,2026-08-17T18:48:05Z,2026-08-17T18:48:05Z,
125.240.132.192,ipv4,malicious-ip,medium,WHITE,ziyadnz/hourly-ipv4,ziyadnz|hourly,2026-08-17T18:48:05Z,2026-08-17T18:48:05Z,
125.240.188.136,ipv4,malicious-ip,medium,WHITE,ziyadnz/hourly-ipv4,ziyadnz|hourly,2026-08-17T18:48:05Z,2026-08-17T18:48:05Z,
125.244.114.221,ipv4,malicious-ip,medium,WHITE,ziyadnz/hourly-ipv4,ziyadnz|hourly,2026-08-17T18:48:05Z,2026-08-17T18:48:05Z,
125.244.45.87,ipv4,malicious-ip,medium,WHITE,ziyadnz/hourly-ipv4,ziyadnz|hourly,2026-08-17T18:48:05Z,2026-08-17T18:48:05Z,
125.247.116.158,ipv4,malicious-ip,medium,WHITE,ziyadnz/hourly-ipv4,ziyadnz|hourly,2026-08-17T18:48:05Z,2026-08-17T18:48:05Z,
125.249.174.130,ipv4,malicious-ip,medium,WHITE,ziyadnz/hourly-ipv4,ziyadnz|hourly,2026-08-17T18:48:05Z,2026-08-17T18:48:05Z,
125.25.102.254,ipv4,malicious-ip,medium,WHITE,ziyadnz/hourly-ipv4,ziyadnz|hourly,2026-08-17T18:48:05Z,2026-08-17T18:48:05Z,
125.25.106.102,ipv4,malicious-ip,medium,WHITE,ziyadnz/hourly-ipv4,ziyadnz|hourly,2026-08-17T18:48:05Z,2026-08-17T18:48:05Z,
125.25.183.157,ipv4,malicious-ip,medium,WHITE,ziyadnz/hourly-ipv4,ziyadnz|hourly,2026-08-17T18:48:05Z,2026-08-17T18:48:05Z,
125.25.203.23,ipv4,malicious-ip,medium,WHITE,ziyadnz/hourly-ipv4,ziyadnz|hourly,2026-08-17T18:48:05Z,2026-08-17T18:48:05Z,
125.25.205.125,ipv4,malicious-ip,medium,WHITE,ziyadnz/hourly-ipv4,ziyadnz|hourly,2026-08-17T18:48:05Z,2026-08-17T18:48:05Z,
125.25.83.28,ipv4,malicious-ip,medium,WHITE,ziyadnz/hourly-ipv4,ziyadnz|hourly,2026-08-17T18:48:05Z,2026-08-17T18:48:05Z,
125.253.121.228,ipv4,malicious-ip,medium,WHITE,ziyadnz/hourly-ipv4,ziyadnz|hourly,2026-08-17T18:48:05Z,2026-08-17T18:48:05Z,
125.26.165.15,ipv4,malicious-ip,medium,WHITE,ziyadnz/hourly-ipv4,ziyadnz|hourly,2026-08-17T18:48:05Z,2026-08-17T18:48:05Z,
125.26.204.69,ipv4,malicious-ip,medium,WHITE,ziyadnz/hourly-ipv4,ziyadnz|hourly,2026-08-17T18:48:05Z,2026-08-17T18:48:05Z,
125.27.104.208,ipv4,malicious-ip,medium,WHITE,ziyadnz/hourly-ipv4,ziyadnz|hourly,2026-08-17T18:48:05Z,2026-08-17T18:48:05Z,
125.27.12.122,ipv4,malicious-ip,medium,WHITE,ziyadnz/hourly-ipv4,ziyadnz|hourly,2026-08-17T18:48:05Z,2026-08-17T18:48:05Z,
125.27.55.209,ipv4,malicious-ip,medium,WHITE,ziyadnz/hourly-ipv4,ziyadnz|hourly,2026-08-17T18:48:05Z,2026-08-17T18:48:05Z,
125.31.0.18,ipv4,malicious-ip,medium,WHITE,ziyadnz/hourly-ipv4,ziyadnz|hourly,2026-08-17T18:48:05Z,2026-08-17T18:48:05Z,
125.31.2.160,ipv4,malicious-ip,medium,WHITE,ziyadnz/hourly-ipv4,ziyadnz|hourly,2026-08-17T18:48:05Z,2026-08-17T18:48:05Z,
125.31.3.217,ipv4,malicious-ip,medium,WHITE,ziyadnz/hourly-ipv4,ziyadnz|hourly,2026-08-17T18:48:05Z,2026-08-17T18:48:05Z,
125.31.36.218,ipv4,malicious-ip,medium,WHITE,ziyadnz/hourly-ipv4,ziyadnz|hourly,2026-08-17T18:48:05Z,2026-08-17T18:48:05Z,
125.31.4.70,ipv4,malicious-ip,medium,WHITE,ziyadnz/hourly-ipv4,ziyadnz|hourly,2026-08-17T18:48:05Z,2026-08-17T18:48:05Z,
125.31.42.146,ipv4,malicious-ip,medium,WHITE,ziyadnz/hourly-ipv4,ziyadnz|hourly,2026-08-17T18:48:05Z,2026-08-17T18:48:05Z,
125.32.90.184,ipv4,malicious-ip,medium,WHITE,ziyadnz/hourly-ipv4,ziyadnz|hourly,2026-08-17T18:48:05Z,2026-08-17T18:48:05Z,
125.34.114.24,ipv4,malicious-ip,medium,WHITE,ziyadnz/hourly-ipv4,ziyadnz|hourly,2026-08-17T18:48:05Z,2026-08-17T18:48:05Z,
125.38.12.202,ipv4,malicious-ip,medium,WHITE,ziyadnz/hourly-ipv4,ziyadnz|hourly,2026-08-17T18:48:05Z,2026-08-17T18:48:05Z,
125.39.11.27,ipv4,malicious-ip,medium,WHITE,ziyadnz/hourly-ipv4,ziyadnz|hourly,2026-08-17T18:48:05Z,2026-08-17T18:48:05Z,
125.39.148.106,ipv4,malicious-ip,medium,WHITE,ziyadnz/hourly-ipv4,ziyadnz|hourly,2026-08-17T18:48:05Z,2026-08-17T18:48:05Z,
125.39.179.192,ipv4,malicious-ip,medium,WHITE,ziyadnz/hourly-ipv4,ziyadnz|hourly,2026-08-17T18:48:05Z,2026-08-17T18:48:05Z,
125.39.93.232,ipv4,malicious-ip,medium,WHITE,ziyadnz/hourly-ipv4,ziyadnz|hourly,2026-08-17T18:48:05Z,2026-08-17T18:48:05Z,
125.39.93.73,ipv4,malicious-ip,medium,WHITE,ziyadnz/hourly-ipv4,ziyadnz|hourly,2026-08-17T18:48:05Z,2026-08-17T18:48:05Z,
125.40.25.64,ipv4,malicious-ip,medium,WHITE,ziyadnz/hourly-ipv4,ziyadnz|hourly,2026-08-17T18:48:05Z,2026-08-17T18:48:05Z,
125.41.110.209,ipv4,malicious-ip,medium,WHITE,ziyadnz/hourly-ipv4,ziyadnz|hourly,2026-08-17T18:48:05Z,2026-08-17T18:48:05Z,
125.43.44.207,ipv4,malicious-ip,medium,WHITE,ziyadnz/hourly-ipv4,ziyadnz|hourly,2026-08-17T18:48:05Z,2026-08-17T18:48:05Z,
125.43.67.164,ipv4,malicious-ip,medium,WHITE,ziyadnz/hourly-ipv4,ziyadnz|hourly,2026-08-17T18:48:05Z,2026-08-17T18:48:05Z,
125.44.25.122,ipv4,malicious-ip,medium,WHITE,ziyadnz/hourly-ipv4,ziyadnz|hourly,2026-08-17T18:48:05Z,2026-08-17T18:48:05Z,
125.44.30.242,ipv4,malicious-ip,medium,WHITE,ziyadnz/hourly-ipv4,ziyadnz|hourly,2026-08-17T18:48:05Z,2026-08-17T18:48:05Z,
125.46.227.66,ipv4,malicious-ip,medium,WHITE,ziyadnz/hourly-ipv4,ziyadnz|hourly,2026-08-17T18:48:05Z,2026-08-17T18:48:05Z,
125.46.239.202,ipv4,malicious-ip,medium,WHITE,ziyadnz/hourly-ipv4,ziyadnz|hourly,2026-08-17T18:48:05Z,2026-08-17T18:48:05Z,
125.46.4.167,ipv4,malicious-ip,medium,WHITE,ziyadnz/hourly-ipv4,ziyadnz|hourly,2026-08-17T18:48:05Z,2026-08-17T18:48:05Z,
125.46.55.126,ipv4,malicious-ip,medium,WHITE,ziyadnz/hourly-ipv4,ziyadnz|hourly,2026-08-17T18:48:05Z,2026-08-17T18:48:05Z,
125.47.191.102,ipv4,malicious-ip,medium,WHITE,ziyadnz/hourly-ipv4,ziyadnz|hourly,2026-08-17T18:48:05Z,2026-08-17T18:48:05Z,
125.47.199.31,ipv4,malicious-ip,medium,WHITE,ziyadnz/hourly-ipv4,ziyadnz|hourly,2026-08-17T18:48:05Z,2026-08-17T18:48:05Z,
125.47.62.140,ipv4,malicious-ip,medium,WHITE,ziyadnz/hourly-ipv4,ziyadnz|hourly,2026-08-17T18:48:05Z,2026-08-17T18:48:05Z,
125.59.145.5,ipv4,malicious-ip,medium,WHITE,ziyadnz/hourly-ipv4,ziyadnz|hourly,2026-08-17T18:48:05Z,2026-08-17T18:48:05Z,
125.62.196.29,ipv4,malicious-ip,medium,WHITE,ziyadnz/hourly-ipv4,ziyadnz|hourly,2026-08-17T18:48:05Z,2026-08-17T18:48:05Z,
125.62.213.250,ipv4,malicious-ip,medium,WHITE,ziyadnz/hourly-ipv4,ziyadnz|hourly,2026-08-17T18:48:05Z,2026-08-17T18:48:05Z,
125.62.214.202,ipv4,malicious-ip,medium,WHITE,ziyadnz/hourly-ipv4,ziyadnz|hourly,2026-08-17T18:48:05Z,2026-08-17T18:48:05Z,
125.62.88.70,ipv4,malicious-ip,medium,WHITE,ziyadnz/hourly-ipv4,ziyadnz|hourly,2026-08-17T18:48:05Z,2026-08-17T18:48:05Z,
125.63.74.146,ipv4,malicious-ip,medium,WHITE,ziyadnz/hourly-ipv4,ziyadnz|hourly,2026-08-17T18:48:05Z,2026-08-17T18:48:05Z,
125.64.244.64,ipv4,malicious-ip,medium,WHITE,ziyadnz/hourly-ipv4,ziyadnz|hourly,2026-08-17T18:48:05Z,2026-08-17T18:48:05Z,
125.64.77.71,ipv4,malicious-ip,medium,WHITE,ziyadnz/hourly-ipv4,ziyadnz|hourly,2026-08-17T18:48:05Z,2026-08-17T18:48:05Z,
125.67.195.67,ipv4,malicious-ip,medium,WHITE,ziyadnz/hourly-ipv4,ziyadnz|hourly,2026-08-17T18:48:05Z,2026-08-17T18:48:05Z,
125.68.13.82,ipv4,malicious-ip,medium,WHITE,ziyadnz/hourly-ipv4,ziyadnz|hourly,2026-08-17T18:48:05Z,2026-08-17T18:48:05Z,
125.69.144.78,ipv4,malicious-ip,medium,WHITE,ziyadnz/hourly-ipv4,ziyadnz|hourly,2026-08-17T18:48:05Z,2026-08-17T18:48:05Z,
125.69.67.104,ipv4,malicious-ip,medium,WHITE,ziyadnz/hourly-ipv4,ziyadnz|hourly,2026-08-17T18:48:05Z,2026-08-17T18:48:05Z,
125.70.197.110,ipv4,malicious-ip,medium,WHITE,ziyadnz/hourly-ipv4,ziyadnz|hourly,2026-08-17T18:48:05Z,2026-08-17T18:48:05Z,
125.72.100.110,ipv4,malicious-ip,medium,WHITE,ziyadnz/hourly-ipv4,ziyadnz|hourly,2026-08-17T18:48:05Z,2026-08-17T18:48:05Z,
125.72.150.250,ipv4,malicious-ip,medium,WHITE,ziyadnz/hourly-ipv4,ziyadnz|hourly,2026-08-17T18:48:05Z,2026-08-17T18:48:05Z,
125.72.163.52,ipv4,malicious-ip,medium,WHITE,ziyadnz/hourly-ipv4,ziyadnz|hourly,2026-08-17T18:48:05Z,2026-08-17T18:48:05Z,
125.73.164.79,ipv4,malicious-ip,medium,WHITE,ziyadnz/hourly-ipv4,ziyadnz|hourly,2026-08-17T18:48:05Z,2026-08-17T18:48:05Z,
125.75.110.72,ipv4,malicious-ip,medium,WHITE,ziyadnz/hourly-ipv4,ziyadnz|hourly,2026-08-17T18:48:05Z,2026-08-17T18:48:05Z,
125.75.219.142,ipv4,malicious-ip,medium,WHITE,ziyadnz/hourly-ipv4,ziyadnz|hourly,2026-08-17T18:48:05Z,2026-08-17T18:48:05Z,
125.75.84.18,ipv4,malicious-ip,medium,WHITE,ziyadnz/hourly-ipv4,ziyadnz|hourly,2026-08-17T18:48:05Z,2026-08-17T18:48:05Z,
125.76.168.205,ipv4,malicious-ip,medium,WHITE,ziyadnz/hourly-ipv4,ziyadnz|hourly,2026-08-17T18:48:05Z,2026-08-17T18:48:05Z,
125.76.228.194,ipv4,malicious-ip,medium,WHITE,ziyadnz/hourly-ipv4,ziyadnz|hourly,2026-08-17T18:48:05Z,2026-08-17T18:48:05Z,
125.76.71.210,ipv4,malicious-ip,medium,WHITE,ziyadnz/hourly-ipv4,ziyadnz|hourly,2026-08-17T18:48:05Z,2026-08-17T18:48:05Z,
125.77.129.193,ipv4,malicious-ip,medium,WHITE,ziyadnz/hourly-ipv4,ziyadnz|hourly,2026-08-17T18:48:05Z,2026-08-17T18:48:05Z,
125.77.133.94,ipv4,malicious-ip,medium,WHITE,ziyadnz/hourly-ipv4,ziyadnz|hourly,2026-08-17T18:48:05Z,2026-08-17T18:48:05Z,
125.78.242.26,ipv4,malicious-ip,medium,WHITE,ziyadnz/hourly-ipv4,ziyadnz|hourly,2026-08-17T18:48:05Z,2026-08-17T18:48:05Z,
125.78.32.238,ipv4,malicious-ip,medium,WHITE,ziyadnz/hourly-ipv4,ziyadnz|hourly,2026-08-17T18:48:05Z,2026-08-17T18:48:05Z,
125.78.40.60,ipv4,malicious-ip,medium,WHITE,ziyadnz/hourly-ipv4,ziyadnz|hourly,2026-08-17T18:48:05Z,2026-08-17T18:48:05Z,
125.78.56.90,ipv4,malicious-ip,medium,WHITE,ziyadnz/hourly-ipv4,ziyadnz|hourly,2026-08-17T18:48:05Z,2026-08-17T18:48:05Z,
125.79.109.138,ipv4,malicious-ip,medium,WHITE,ziyadnz/hourly-ipv4,ziyadnz|hourly,2026-08-17T18:48:05Z,2026-08-17T18:48:05Z,
125.79.112.10,ipv4,malicious-ip,medium,WHITE,ziyadnz/hourly-ipv4,ziyadnz|hourly,2026-08-17T18:48:05Z,2026-08-17T18:48:05Z,
125.79.9.0,ipv4,malicious-ip,medium,WHITE,ziyadnz/hourly-ipv4,ziyadnz|hourly,2026-08-17T18:48:05Z,2026-08-17T18:48:05Z,
125.81.237.131,ipv4,malicious-ip,medium,WHITE,ziyadnz/hourly-ipv4,ziyadnz|hourly,2026-08-17T18:48:05Z,2026-08-17T18:48:05Z,
125.83.81.127,ipv4,malicious-ip,medium,WHITE,ziyadnz/hourly-ipv4,ziyadnz|hourly,2026-08-17T18:48:05Z,2026-08-17T18:48:05Z,
125.84.16.249,ipv4,malicious-ip,medium,WHITE,ziyadnz/hourly-ipv4,ziyadnz|hourly,2026-08-17T18:48:05Z,2026-08-17T18:48:05Z,
125.85.180.14,ipv4,malicious-ip,medium,WHITE,ziyadnz/hourly-ipv4,ziyadnz|hourly,2026-08-17T18:48:05Z,2026-08-17T18:48:05Z,
125.85.45.208,ipv4,malicious-ip,medium,WHITE,ziyadnz/hourly-ipv4,ziyadnz|hourly,2026-08-17T18:48:05Z,2026-08-17T18:48:05Z,
125.86.21.79,ipv4,malicious-ip,medium,WHITE,ziyadnz/hourly-ipv4,ziyadnz|hourly,2026-08-17T18:48:05Z,2026-08-17T18:48:05Z,
125.86.27.103,ipv4,malicious-ip,medium,WHITE,ziyadnz/hourly-ipv4,ziyadnz|hourly,2026-08-17T18:48:05Z,2026-08-17T18:48:05Z,
125.86.91.42,ipv4,malicious-ip,medium,WHITE,ziyadnz/hourly-ipv4,ziyadnz|hourly,2026-08-17T18:48:05Z,2026-08-17T18:48:05Z,
125.88.160.13,ipv4,malicious-ip,medium,WHITE,ziyadnz/hourly-ipv4,ziyadnz|hourly,2026-08-17T18:48:05Z,2026-08-17T18:48:05Z,
125.88.198.130,ipv4,malicious-ip,medium,WHITE,ziyadnz/hourly-ipv4,ziyadnz|hourly,2026-08-17T18:48:05Z,2026-08-17T18:48:05Z,
125.91.106.241,ipv4,malicious-ip,medium,WHITE,ziyadnz/hourly-ipv4,ziyadnz|hourly,2026-08-17T18:48:05Z,2026-08-17T18:48:05Z,
125.92.187.114,ipv4,malicious-ip,medium,WHITE,ziyadnz/hourly-ipv4,ziyadnz|hourly,2026-08-17T18:48:05Z,2026-08-17T18:48:05Z,
125.93.252.89,ipv4,malicious-ip,medium,WHITE,ziyadnz/hourly-ipv4,ziyadnz|hourly,2026-08-17T18:48:05Z,2026-08-17T18:48:05Z,
125.94.106.113,ipv4,malicious-ip,medium,WHITE,ziyadnz/hourly-ipv4,ziyadnz|hourly,2026-08-17T18:48:05Z,2026-08-17T18:48:05Z,
125.94.106.195,ipv4,malicious-ip,medium,WHITE,ziyadnz/hourly-ipv4,ziyadnz|hourly,2026-08-17T18:48:05Z,2026-08-17T18:48:05Z,
125.94.107.91,ipv4,malicious-ip,medium,WHITE,ziyadnz/hourly-ipv4,ziyadnz|hourly,2026-08-17T18:48:05Z,2026-08-17T18:48:05Z,
125.94.146.123,ipv4,malicious-ip,medium,WHITE,ziyadnz/hourly-ipv4,ziyadnz|hourly,2026-08-17T18:48:05Z,2026-08-17T18:48:05Z,
125.95.83.13,ipv4,malicious-ip,medium,WHITE,ziyadnz/hourly-ipv4,ziyadnz|hourly,2026-08-17T18:48:05Z,2026-08-17T18:48:05Z,
125.99.184.235,ipv4,malicious-ip,medium,WHITE,ziyadnz/hourly-ipv4,ziyadnz|hourly,2026-08-17T18:48:05Z,2026-08-17T18:48:05Z,
125.99.254.155,ipv4,malicious-ip,medium,WHITE,ziyadnz/hourly-ipv4,ziyadnz|hourly,2026-08-17T18:48:05Z,2026-08-17T18:48:05Z,
125.99.47.14,ipv4,malicious-ip,medium,WHITE,ziyadnz/hourly-ipv4,ziyadnz|hourly,2026-08-17T18:48:05Z,2026-08-17T18:48:05Z,
126.1.22.35,ipv4,malicious-ip,medium,WHITE,ziyadnz/hourly-ipv4,ziyadnz|hourly,2026-08-17T18:48:05Z,2026-08-17T18:48:05Z,
126.140.10.141,ipv4,malicious-ip,medium,WHITE,ziyadnz/hourly-ipv4,ziyadnz|hourly,2026-08-17T18:48:05Z,2026-08-17T18:48:05Z,
126.209.16.133,ipv4,malicious-ip,medium,WHITE,ziyadnz/hourly-ipv4,ziyadnz|hourly,2026-08-17T18:48:05Z,2026-08-17T18:48:05Z,
126.209.16.237,ipv4,malicious-ip,medium,WHITE,ziyadnz/hourly-ipv4,ziyadnz|hourly,2026-08-17T18:48:05Z,2026-08-17T18:48:05Z,
126.209.47.75,ipv4,malicious-ip,medium,WHITE,ziyadnz/hourly-ipv4,ziyadnz|hourly,2026-08-17T18:48:05Z,2026-08-17T18:48:05Z,
126.209.73.162,ipv4,malicious-ip,medium,WHITE,ziyadnz/hourly-ipv4,ziyadnz|hourly,2026-08-17T18:48:05Z,2026-08-17T18:48:05Z,
126.209.73.86,ipv4,malicious-ip,medium,WHITE,ziyadnz/hourly-ipv4,ziyadnz|hourly,2026-08-17T18:48:05Z,2026-08-17T18:48:05Z,
126.209.74.141,ipv4,malicious-ip,medium,WHITE,ziyadnz/hourly-ipv4,ziyadnz|hourly,2026-08-17T18:48:05Z,2026-08-17T18:48:05Z,
126.209.84.26,ipv4,malicious-ip,medium,WHITE,ziyadnz/hourly-ipv4,ziyadnz|hourly,2026-08-17T18:48:05Z,2026-08-17T18:48:05Z,
126.38.54.116,ipv4,malicious-ip,medium,WHITE,ziyadnz/hourly-ipv4,ziyadnz|hourly,2026-08-17T18:48:05Z,2026-08-17T18:48:05Z,
126.73.72.249,ipv4,malicious-ip,medium,WHITE,ziyadnz/hourly-ipv4,ziyadnz|hourly,2026-08-17T18:48:05Z,2026-08-17T18:48:05Z,
128.0.118.12,ipv4,malicious-ip,medium,WHITE,ziyadnz/hourly-ipv4,ziyadnz|hourly,2026-08-17T18:48:05Z,2026-08-17T18:48:05Z,
128.0.118.14,ipv4,malicious-ip,medium,WHITE,ziyadnz/hourly-ipv4,ziyadnz|hourly,2026-08-17T18:48:05Z,2026-08-17T18:48:05Z,
128.0.118.39,ipv4,malicious-ip,medium,WHITE,ziyadnz/hourly-ipv4,ziyadnz|hourly,2026-08-17T18:48:05Z,2026-08-17T18:48:05Z,
128.0.134.130,ipv4,malicious-ip,medium,WHITE,ziyadnz/hourly-ipv4,ziyadnz|hourly,2026-08-17T18:48:05Z,2026-08-17T18:48:05Z,
128.0.136.107,ipv4,malicious-ip,medium,WHITE,ziyadnz/hourly-ipv4,ziyadnz|hourly,2026-08-17T18:48:05Z,2026-08-17T18:48:05Z,
128.0.173.201,ipv4,malicious-ip,medium,WHITE,ziyadnz/hourly-ipv4,ziyadnz|hourly,2026-08-17T18:48:05Z,2026-08-17T18:48:05Z,
128.0.26.47,ipv4,malicious-ip,medium,WHITE,ziyadnz/hourly-ipv4,ziyadnz|hourly,2026-08-17T18:48:05Z,2026-08-17T18:48:05Z,
128.0.55.110,ipv4,malicious-ip,medium,WHITE,ziyadnz/hourly-ipv4,ziyadnz|hourly,2026-08-17T18:48:05Z,2026-08-17T18:48:05Z,
128.1.131.137,ipv4,malicious-ip,medium,WHITE,ziyadnz/hourly-ipv4,ziyadnz|hourly,2026-08-17T18:48:05Z,2026-08-17T18:48:05Z,
128.1.131.218,ipv4,malicious-ip,medium,WHITE,ziyadnz/hourly-ipv4,ziyadnz|hourly,2026-08-17T18:48:05Z,2026-08-17T18:48:05Z,
128.1.132.136,ipv4,malicious-ip,medium,WHITE,ziyadnz/hourly-ipv4,ziyadnz|hourly,2026-08-17T18:48:05Z,2026-08-17T18:48:05Z,
128.1.132.17,ipv4,malicious-ip,medium,WHITE,ziyadnz/hourly-ipv4,ziyadnz|hourly,2026-08-17T18:48:05Z,2026-08-17T18:48:05Z,
128.1.132.220,ipv4,malicious-ip,medium,WHITE,ziyadnz/hourly-ipv4,ziyadnz|hourly,2026-08-17T18:48:05Z,2026-08-17T18:48:05Z,
128.1.132.84,ipv4,malicious-ip,medium,WHITE,ziyadnz/hourly-ipv4,ziyadnz|hourly,2026-08-17T18:48:05Z,2026-08-17T18:48:05Z,
128.1.227.243,ipv4,malicious-ip,medium,WHITE,ziyadnz/hourly-ipv4,ziyadnz|hourly,2026-08-17T18:48:05Z,2026-08-17T18:48:05Z,
128.1.32.99,ipv4,malicious-ip,medium,WHITE,ziyadnz/hourly-ipv4,ziyadnz|hourly,2026-08-17T18:48:05Z,2026-08-17T18:48:05Z,
128.1.34.69,ipv4,malicious-ip,medium,WHITE,ziyadnz/hourly-ipv4,ziyadnz|hourly,2026-08-17T18:48:05Z,2026-08-17T18:48:05Z,
128.1.44.162,ipv4,malicious-ip,medium,WHITE,ziyadnz/hourly-ipv4,ziyadnz|hourly,2026-08-17T18:48:05Z,2026-08-17T18:48:05Z,
128.1.44.38,ipv4,malicious-ip,medium,WHITE,ziyadnz/hourly-ipv4,ziyadnz|hourly,2026-08-17T18:48:05Z,2026-08-17T18:48:05Z,
128.1.48.187,ipv4,malicious-ip,medium,WHITE,ziyadnz/hourly-ipv4,ziyadnz|hourly,2026-08-17T18:48:05Z,2026-08-17T18:48:05Z,
128.106.205.247,ipv4,malicious-ip,medium,WHITE,ziyadnz/hourly-ipv4,ziyadnz|hourly,2026-08-17T18:48:05Z,2026-08-17T18:48:05Z,
128.106.221.38,ipv4,malicious-ip,medium,WHITE,ziyadnz/hourly-ipv4,ziyadnz|hourly,2026-08-17T18:48:05Z,2026-08-17T18:48:05Z,
128.127.103.78,ipv4,malicious-ip,medium,WHITE,ziyadnz/hourly-ipv4,ziyadnz|hourly,2026-08-17T18:48:05Z,2026-08-17T18:48:05Z,
128.127.112.171,ipv4,malicious-ip,medium,WHITE,ziyadnz/hourly-ipv4,ziyadnz|hourly,2026-08-17T18:48:05Z,2026-08-17T18:48:05Z,
128.127.125.25,ipv4,malicious-ip,medium,WHITE,ziyadnz/hourly-ipv4,ziyadnz|hourly,2026-08-17T18:48:05Z,2026-08-17T18:48:05Z,
128.127.94.0,ipv4,malicious-ip,medium,WHITE,ziyadnz/hourly-ipv4,ziyadnz|hourly,2026-08-17T18:48:05Z,2026-08-17T18:48:05Z,
128.127.94.104,ipv4,malicious-ip,medium,WHITE,ziyadnz/hourly-ipv4,ziyadnz|hourly,2026-08-17T18:48:05Z,2026-08-17T18:48:05Z,
128.127.94.12,ipv4,malicious-ip,medium,WHITE,ziyadnz/hourly-ipv4,ziyadnz|hourly,2026-08-17T18:48:05Z,2026-08-17T18:48:05Z,
128.127.94.140,ipv4,malicious-ip,medium,WHITE,ziyadnz/hourly-ipv4,ziyadnz|hourly,2026-08-17T18:48:05Z,2026-08-17T18:48:05Z,
128.127.94.167,ipv4,malicious-ip,medium,WHITE,ziyadnz/hourly-ipv4,ziyadnz|hourly,2026-08-17T18:48:05Z,2026-08-17T18:48:05Z,
128.127.94.17,ipv4,malicious-ip,medium,WHITE,ziyadnz/hourly-ipv4,ziyadnz|hourly,2026-08-17T18:48:05Z,2026-08-17T18:48:05Z,
128.127.94.50,ipv4,malicious-ip,medium,WHITE,ziyadnz/hourly-ipv4,ziyadnz|hourly,2026-08-17T18:48:05Z,2026-08-17T18:48:05Z,
128.127.94.62,ipv4,malicious-ip,medium,WHITE,ziyadnz/hourly-ipv4,ziyadnz|hourly,2026-08-17T18:48:05Z,2026-08-17T18:48:05Z,
128.127.94.68,ipv4,malicious-ip,medium,WHITE,ziyadnz/hourly-ipv4,ziyadnz|hourly,2026-08-17T18:48:05Z,2026-08-17T18:48:05Z,
128.134.0.91,ipv4,malicious-ip,medium,WHITE,ziyadnz/hourly-ipv4,ziyadnz|hourly,2026-08-17T18:48:05Z,2026-08-17T18:48:05Z,
128.14.225.253,ipv4,malicious-ip,medium,WHITE,ziyadnz/hourly-ipv4,ziyadnz|hourly,2026-08-17T18:48:05Z,2026-08-17T18:48:05Z,
128.14.226.125,ipv4,malicious-ip,medium,WHITE,ziyadnz/hourly-ipv4,ziyadnz|hourly,2026-08-17T18:48:05Z,2026-08-17T18:48:05Z,
128.14.226.191,ipv4,malicious-ip,medium,WHITE,ziyadnz/hourly-ipv4,ziyadnz|hourly,2026-08-17T18:48:05Z,2026-08-17T18:48:05Z,
128.14.227.37,ipv4,malicious-ip,medium,WHITE,ziyadnz/hourly-ipv4,ziyadnz|hourly,2026-08-17T18:48:05Z,2026-08-17T18:48:05Z,
128.14.227.52,ipv4,malicious-ip,medium,WHITE,ziyadnz/hourly-ipv4,ziyadnz|hourly,2026-08-17T18:48:05Z,2026-08-17T18:48:05Z,
128.14.229.76,ipv4,malicious-ip,medium,WHITE,ziyadnz/hourly-ipv4,ziyadnz|hourly,2026-08-17T18:48:05Z,2026-08-17T18:48:05Z,
128.14.232.254,ipv4,malicious-ip,medium,WHITE,ziyadnz/hourly-ipv4,ziyadnz|hourly,2026-08-17T18:48:05Z,2026-08-17T18:48:05Z,
128.14.233.253,ipv4,malicious-ip,medium,WHITE,ziyadnz/hourly-ipv4,ziyadnz|hourly,2026-08-17T18:48:05Z,2026-08-17T18:48:05Z,
128.14.236.128,ipv4,malicious-ip,medium,WHITE,ziyadnz/hourly-ipv4,ziyadnz|hourly,2026-08-17T18:48:05Z,2026-08-17T18:48:05Z,
128.14.236.150,ipv4,malicious-ip,medium,WHITE,ziyadnz/hourly-ipv4,ziyadnz|hourly,2026-08-17T18:48:05Z,2026-08-17T18:48:05Z,
128.14.236.224,ipv4,malicious-ip,medium,WHITE,ziyadnz/hourly-ipv4,ziyadnz|hourly,2026-08-17T18:48:05Z,2026-08-17T18:48:05Z,
128.14.236.30,ipv4,malicious-ip,medium,WHITE,ziyadnz/hourly-ipv4,ziyadnz|hourly,2026-08-17T18:48:05Z,2026-08-17T18:48:05Z,
128.14.236.41,ipv4,malicious-ip,medium,WHITE,ziyadnz/hourly-ipv4,ziyadnz|hourly,2026-08-17T18:48:05Z,2026-08-17T18:48:05Z,
128.14.237.120,ipv4,malicious-ip,medium,WHITE,ziyadnz/hourly-ipv4,ziyadnz|hourly,2026-08-17T18:48:05Z,2026-08-17T18:48:05Z,
128.14.237.130,ipv4,malicious-ip,medium,WHITE,ziyadnz/hourly-ipv4,ziyadnz|hourly,2026-08-17T18:48:05Z,2026-08-17T18:48:05Z,
128.14.237.43,ipv4,malicious-ip,medium,WHITE,ziyadnz/hourly-ipv4,ziyadnz|hourly,2026-08-17T18:48:05Z,2026-08-17T18:48:05Z,
128.14.239.217,ipv4,malicious-ip,medium,WHITE,ziyadnz/hourly-ipv4,ziyadnz|hourly,2026-08-17T18:48:05Z,2026-08-17T18:48:05Z,
128.14.239.39,ipv4,malicious-ip,medium,WHITE,ziyadnz/hourly-ipv4,ziyadnz|hourly,2026-08-17T18:48:05Z,2026-08-17T18:48:05Z,
128.140.101.125,ipv4,malicious-ip,medium,WHITE,ziyadnz/hourly-ipv4,ziyadnz|hourly,2026-08-17T18:48:05Z,2026-08-17T18:48:05Z,
128.140.102.206,ipv4,malicious-ip,medium,WHITE,ziyadnz/hourly-ipv4,ziyadnz|hourly,2026-08-17T18:48:05Z,2026-08-17T18:48:05Z,
128.140.104.133,ipv4,malicious-ip,medium,WHITE,ziyadnz/hourly-ipv4,ziyadnz|hourly,2026-08-17T18:48:05Z,2026-08-17T18:48:05Z,
128.140.115.231,ipv4,malicious-ip,medium,WHITE,ziyadnz/hourly-ipv4,ziyadnz|hourly,2026-08-17T18:48:05Z,2026-08-17T18:48:05Z,
128.140.120.188,ipv4,malicious-ip,medium,WHITE,ziyadnz/hourly-ipv4,ziyadnz|hourly,2026-08-17T18:48:05Z,2026-08-17T18:48:05Z,
128.140.36.37,ipv4,malicious-ip,medium,WHITE,ziyadnz/hourly-ipv4,ziyadnz|hourly,2026-08-17T18:48:05Z,2026-08-17T18:48:05Z,
128.140.39.111,ipv4,malicious-ip,medium,WHITE,ziyadnz/hourly-ipv4,ziyadnz|hourly,2026-08-17T18:48:05Z,2026-08-17T18:48:05Z,
128.140.66.19,ipv4,malicious-ip,medium,WHITE,ziyadnz/hourly-ipv4,ziyadnz|hourly,2026-08-17T18:48:05Z,2026-08-17T18:48:05Z,
128.168.96.58,ipv4,malicious-ip,medium,WHITE,ziyadnz/hourly-ipv4,ziyadnz|hourly,2026-08-17T18:48:05Z,2026-08-17T18:48:05Z,
128.173.237.165,ipv4,malicious-ip,medium,WHITE,ziyadnz/hourly-ipv4,ziyadnz|hourly,2026-08-17T18:48:05Z,2026-08-17T18:48:05Z,
128.185.116.114,ipv4,malicious-ip,medium,WHITE,ziyadnz/hourly-ipv4,ziyadnz|hourly,2026-08-17T18:48:05Z,2026-08-17T18:48:05Z,
128.185.12.179,ipv4,malicious-ip,medium,WHITE,ziyadnz/hourly-ipv4,ziyadnz|hourly,2026-08-17T18:48:05Z,2026-08-17T18:48:05Z,
128.185.140.11,ipv4,malicious-ip,medium,WHITE,ziyadnz/hourly-ipv4,ziyadnz|hourly,2026-08-17T18:48:05Z,2026-08-17T18:48:05Z,
128.185.208.42,ipv4,malicious-ip,medium,WHITE,ziyadnz/hourly-ipv4,ziyadnz|hourly,2026-08-17T18:48:05Z,2026-08-17T18:48:05Z,
128.185.214.178,ipv4,malicious-ip,medium,WHITE,ziyadnz/hourly-ipv4,ziyadnz|hourly,2026-08-17T18:48:05Z,2026-08-17T18:48:05Z,
128.185.220.90,ipv4,malicious-ip,medium,WHITE,ziyadnz/hourly-ipv4,ziyadnz|hourly,2026-08-17T18:48:05Z,2026-08-17T18:48:05Z,
128.185.231.6,ipv4,malicious-ip,medium,WHITE,ziyadnz/hourly-ipv4,ziyadnz|hourly,2026-08-17T18:48:05Z,2026-08-17T18:48:05Z,
128.185.64.249,ipv4,malicious-ip,medium,WHITE,ziyadnz/hourly-ipv4,ziyadnz|hourly,2026-08-17T18:48:05Z,2026-08-17T18:48:05Z,
128.199.112.98,ipv4,malicious-ip,medium,WHITE,ziyadnz/hourly-ipv4,ziyadnz|hourly,2026-08-17T18:48:05Z,2026-08-17T18:48:05Z,
128.199.113.162,ipv4,malicious-ip,medium,WHITE,ziyadnz/hourly-ipv4,ziyadnz|hourly,2026-08-17T18:48:05Z,2026-08-17T18:48:05Z,
128.199.114.207,ipv4,malicious-ip,medium,WHITE,ziyadnz/hourly-ipv4,ziyadnz|hourly,2026-08-17T18:48:05Z,2026-08-17T18:48:05Z,
128.199.123.37,ipv4,malicious-ip,medium,WHITE,ziyadnz/hourly-ipv4,ziyadnz|hourly,2026-08-17T18:48:05Z,2026-08-17T18:48:05Z,
128.199.124.136,ipv4,malicious-ip,medium,WHITE,ziyadnz/hourly-ipv4,ziyadnz|hourly,2026-08-17T18:48:05Z,2026-08-17T18:48:05Z,
128.199.137.232,ipv4,malicious-ip,medium,WHITE,ziyadnz/hourly-ipv4,ziyadnz|hourly,2026-08-17T18:48:05Z,2026-08-17T18:48:05Z,
128.199.158.135,ipv4,malicious-ip,medium,WHITE,ziyadnz/hourly-ipv4,ziyadnz|hourly,2026-08-17T18:48:05Z,2026-08-17T18:48:05Z,
128.199.182.55,ipv4,malicious-ip,medium,WHITE,ziyadnz/hourly-ipv4,ziyadnz|hourly,2026-08-17T18:48:05Z,2026-08-17T18:48:05Z,
128.199.189.244,ipv4,malicious-ip,medium,WHITE,ziyadnz/hourly-ipv4,ziyadnz|hourly,2026-08-17T18:48:05Z,2026-08-17T18:48:05Z,
128.199.194.97,ipv4,malicious-ip,medium,WHITE,ziyadnz/hourly-ipv4,ziyadnz|hourly,2026-08-17T18:48:05Z,2026-08-17T18:48:05Z,
128.199.198.62,ipv4,malicious-ip,medium,WHITE,ziyadnz/hourly-ipv4,ziyadnz|hourly,2026-08-17T18:48:05Z,2026-08-17T18:48:05Z,
128.199.209.169,ipv4,malicious-ip,medium,WHITE,ziyadnz/hourly-ipv4,ziyadnz|hourly,2026-08-17T18:48:05Z,2026-08-17T18:48:05Z,
128.199.216.54,ipv4,malicious-ip,medium,WHITE,ziyadnz/hourly-ipv4,ziyadnz|hourly,2026-08-17T18:48:05Z,2026-08-17T18:48:05Z,
128.199.219.184,ipv4,malicious-ip,medium,WHITE,ziyadnz/hourly-ipv4,ziyadnz|hourly,2026-08-17T18:48:05Z,2026-08-17T18:48:05Z,
128.199.221.212,ipv4,malicious-ip,medium,WHITE,ziyadnz/hourly-ipv4,ziyadnz|hourly,2026-08-17T18:48:05Z,2026-08-17T18:48:05Z,
128.199.226.11,ipv4,malicious-ip,medium,WHITE,ziyadnz/hourly-ipv4,ziyadnz|hourly,2026-08-17T18:48:05Z,2026-08-17T18:48:05Z,
128.199.231.249,ipv4,malicious-ip,medium,WHITE,ziyadnz/hourly-ipv4,ziyadnz|hourly,2026-08-17T18:48:05Z,2026-08-17T18:48:05Z,
128.199.231.94,ipv4,malicious-ip,medium,WHITE,ziyadnz/hourly-ipv4,ziyadnz|hourly,2026-08-17T18:48:05Z,2026-08-17T18:48:05Z,
128.199.240.182,ipv4,malicious-ip,medium,WHITE,ziyadnz/hourly-ipv4,ziyadnz|hourly,2026-08-17T18:48:05Z,2026-08-17T18:48:05Z,
128.199.25.179,ipv4,malicious-ip,medium,WHITE,ziyadnz/hourly-ipv4,ziyadnz|hourly,2026-08-17T18:48:05Z,2026-08-17T18:48:05Z,
128.199.255.160,ipv4,malicious-ip,medium,WHITE,ziyadnz/hourly-ipv4,ziyadnz|hourly,2026-08-17T18:48:05Z,2026-08-17T18:48:05Z,
128.199.39.218,ipv4,malicious-ip,medium,WHITE,ziyadnz/hourly-ipv4,ziyadnz|hourly,2026-08-17T18:48:05Z,2026-08-17T18:48:05Z,
128.199.44.215,ipv4,malicious-ip,medium,WHITE,ziyadnz/hourly-ipv4,ziyadnz|hourly,2026-08-17T18:48:05Z,2026-08-17T18:48:05Z,
128.199.64.40,ipv4,malicious-ip,medium,WHITE,ziyadnz/hourly-ipv4,ziyadnz|hourly,2026-08-17T18:48:05Z,2026-08-17T18:48:05Z,
128.199.77.96,ipv4,malicious-ip,medium,WHITE,ziyadnz/hourly-ipv4,ziyadnz|hourly,2026-08-17T18:48:05Z,2026-08-17T18:48:05Z,
128.199.82.141,ipv4,malicious-ip,medium,WHITE,ziyadnz/hourly-ipv4,ziyadnz|hourly,2026-08-17T18:48:05Z,2026-08-17T18:48:05Z,
128.199.82.37,ipv4,malicious-ip,medium,WHITE,ziyadnz/hourly-ipv4,ziyadnz|hourly,2026-08-17T18:48:05Z,2026-08-17T18:48:05Z,
128.199.82.9,ipv4,malicious-ip,medium,WHITE,ziyadnz/hourly-ipv4,ziyadnz|hourly,2026-08-17T18:48:05Z,2026-08-17T18:48:05Z,
128.199.87.229,ipv4,malicious-ip,medium,WHITE,ziyadnz/hourly-ipv4,ziyadnz|hourly,2026-08-17T18:48:05Z,2026-08-17T18:48:05Z,
128.201.117.246,ipv4,malicious-ip,medium,WHITE,ziyadnz/hourly-ipv4,ziyadnz|hourly,2026-08-17T18:48:05Z,2026-08-17T18:48:05Z,
128.201.118.25,ipv4,malicious-ip,medium,WHITE,ziyadnz/hourly-ipv4,ziyadnz|hourly,2026-08-17T18:48:05Z,2026-08-17T18:48:05Z,
128.201.122.94,ipv4,malicious-ip,medium,WHITE,ziyadnz/hourly-ipv4,ziyadnz|hourly,2026-08-17T18:48:05Z,2026-08-17T18:48:05Z,
128.201.143.37,ipv4,malicious-ip,medium,WHITE,ziyadnz/hourly-ipv4,ziyadnz|hourly,2026-08-17T18:48:05Z,2026-08-17T18:48:05Z,
128.201.148.253,ipv4,malicious-ip,medium,WHITE,ziyadnz/hourly-ipv4,ziyadnz|hourly,2026-08-17T18:48:05Z,2026-08-17T18:48:05Z,
128.201.155.165,ipv4,malicious-ip,medium,WHITE,ziyadnz/hourly-ipv4,ziyadnz|hourly,2026-08-17T18:48:05Z,2026-08-17T18:48:05Z,
128.201.181.72,ipv4,malicious-ip,medium,WHITE,ziyadnz/hourly-ipv4,ziyadnz|hourly,2026-08-17T18:48:05Z,2026-08-17T18:48:05Z,
128.201.185.49,ipv4,malicious-ip,medium,WHITE,ziyadnz/hourly-ipv4,ziyadnz|hourly,2026-08-17T18:48:05Z,2026-08-17T18:48:05Z,
128.201.187.183,ipv4,malicious-ip,medium,WHITE,ziyadnz/hourly-ipv4,ziyadnz|hourly,2026-08-17T18:48:05Z,2026-08-17T18:48:05Z,
128.201.23.156,ipv4,malicious-ip,medium,WHITE,ziyadnz/hourly-ipv4,ziyadnz|hourly,2026-08-17T18:48:05Z,2026-08-17T18:48:05Z,
128.201.35.178,ipv4,malicious-ip,medium,WHITE,ziyadnz/hourly-ipv4,ziyadnz|hourly,2026-08-17T18:48:05Z,2026-08-17T18:48:05Z,
128.201.45.150,ipv4,malicious-ip,medium,WHITE,ziyadnz/hourly-ipv4,ziyadnz|hourly,2026-08-17T18:48:05Z,2026-08-17T18:48:05Z,
128.201.51.46,ipv4,malicious-ip,medium,WHITE,ziyadnz/hourly-ipv4,ziyadnz|hourly,2026-08-17T18:48:05Z,2026-08-17T18:48:05Z,
128.201.77.12,ipv4,malicious-ip,medium,WHITE,ziyadnz/hourly-ipv4,ziyadnz|hourly,2026-08-17T18:48:05Z,2026-08-17T18:48:05Z,
128.201.78.18,ipv4,malicious-ip,medium,WHITE,ziyadnz/hourly-ipv4,ziyadnz|hourly,2026-08-17T18:48:05Z,2026-08-17T18:48:05Z,
128.201.78.242,ipv4,malicious-ip,medium,WHITE,ziyadnz/hourly-ipv4,ziyadnz|hourly,2026-08-17T18:48:05Z,2026-08-17T18:48:05Z,
128.203.200.182,ipv4,malicious-ip,medium,WHITE,ziyadnz/hourly-ipv4,ziyadnz|hourly,2026-08-17T18:48:05Z,2026-08-17T18:48:05Z,
128.203.201.204,ipv4,malicious-ip,medium,WHITE,ziyadnz/hourly-ipv4,ziyadnz|hourly,2026-08-17T18:48:05Z,2026-08-17T18:48:05Z,
128.24.162.1,ipv4,malicious-ip,medium,WHITE,ziyadnz/hourly-ipv4,ziyadnz|hourly,2026-08-17T18:48:05Z,2026-08-17T18:48:05Z,
128.241.234.40,ipv4,malicious-ip,medium,WHITE,ziyadnz/hourly-ipv4,ziyadnz|hourly,2026-08-17T18:48:05Z,2026-08-17T18:48:05Z,
128.241.254.166,ipv4,malicious-ip,medium,WHITE,ziyadnz/hourly-ipv4,ziyadnz|hourly,2026-08-17T18:48:05Z,2026-08-17T18:48:05Z,
128.251.36.118,ipv4,malicious-ip,medium,WHITE,ziyadnz/hourly-ipv4,ziyadnz|hourly,2026-08-17T18:48:05Z,2026-08-17T18:48:05Z,
128.251.36.68,ipv4,malicious-ip,medium,WHITE,ziyadnz/hourly-ipv4,ziyadnz|hourly,2026-08-17T18:48:05Z,2026-08-17T18:48:05Z,
128.254.146.183,ipv4,malicious-ip,medium,WHITE,ziyadnz/hourly-ipv4,ziyadnz|hourly,2026-08-17T18:48:05Z,2026-08-17T18:48:05Z,
128.254.188.140,ipv4,malicious-ip,medium,WHITE,ziyadnz/hourly-ipv4,ziyadnz|hourly,2026-08-17T18:48:05Z,2026-08-17T18:48:05Z,
128.254.189.250,ipv4,malicious-ip,medium,WHITE,ziyadnz/hourly-ipv4,ziyadnz|hourly,2026-08-17T18:48:05Z,2026-08-17T18:48:05Z,
128.254.207.82,ipv4,malicious-ip,medium,WHITE,ziyadnz/hourly-ipv4,ziyadnz|hourly,2026-08-17T18:48:05Z,2026-08-17T18:48:05Z,
128.27.79.164,ipv4,malicious-ip,medium,WHITE,ziyadnz/hourly-ipv4,ziyadnz|hourly,2026-08-17T18:48:05Z,2026-08-17T18:48:05Z,
128.31.0.13,ipv4,malicious-ip,medium,WHITE,ziyadnz/hourly-ipv4,ziyadnz|hourly,2026-08-17T18:48:05Z,2026-08-17T18:48:05Z,
128.49.100.57,ipv4,malicious-ip,medium,WHITE,ziyadnz/hourly-ipv4,ziyadnz|hourly,2026-08-17T18:48:05Z,2026-08-17T18:48:05Z,
128.65.255.251,ipv4,malicious-ip,medium,WHITE,ziyadnz/hourly-ipv4,ziyadnz|hourly,2026-08-17T18:48:05Z,2026-08-17T18:48:05Z,
128.75.252.225,ipv4,malicious-ip,medium,WHITE,ziyadnz/hourly-ipv4,ziyadnz|hourly,2026-08-17T18:48:05Z,2026-08-17T18:48:05Z,
128.75.252.236,ipv4,malicious-ip,medium,WHITE,ziyadnz/hourly-ipv4,ziyadnz|hourly,2026-08-17T18:48:05Z,2026-08-17T18:48:05Z,
128.75.252.239,ipv4,malicious-ip,medium,WHITE,ziyadnz/hourly-ipv4,ziyadnz|hourly,2026-08-17T18:48:05Z,2026-08-17T18:48:05Z,
128.78.143.196,ipv4,malicious-ip,medium,WHITE,ziyadnz/hourly-ipv4,ziyadnz|hourly,2026-08-17T18:48:05Z,2026-08-17T18:48:05Z,
128.79.1.162,ipv4,malicious-ip,medium,WHITE,ziyadnz/hourly-ipv4,ziyadnz|hourly,2026-08-17T18:48:05Z,2026-08-17T18:48:05Z,
128.8.124.68,ipv4,malicious-ip,medium,WHITE,ziyadnz/hourly-ipv4,ziyadnz|hourly,2026-08-17T18:48:05Z,2026-08-17T18:48:05Z,
128.90.135.15,ipv4,malicious-ip,medium,WHITE,ziyadnz/hourly-ipv4,ziyadnz|hourly,2026-08-17T18:48:05Z,2026-08-17T18:48:05Z,
128.90.135.19,ipv4,malicious-ip,medium,WHITE,ziyadnz/hourly-ipv4,ziyadnz|hourly,2026-08-17T18:48:05Z,2026-08-17T18:48:05Z,
128.90.135.8,ipv4,malicious-ip,medium,WHITE,ziyadnz/hourly-ipv4,ziyadnz|hourly,2026-08-17T18:48:05Z,2026-08-17T18:48:05Z,
128.90.141.158,ipv4,malicious-ip,medium,WHITE,ziyadnz/hourly-ipv4,ziyadnz|hourly,2026-08-17T18:48:05Z,2026-08-17T18:48:05Z,
128.90.141.2,ipv4,malicious-ip,medium,WHITE,ziyadnz/hourly-ipv4,ziyadnz|hourly,2026-08-17T18:48:05Z,2026-08-17T18:48:05Z,
128.90.145.15,ipv4,malicious-ip,medium,WHITE,ziyadnz/hourly-ipv4,ziyadnz|hourly,2026-08-17T18:48:05Z,2026-08-17T18:48:05Z,
128.90.43.19,ipv4,malicious-ip,medium,WHITE,ziyadnz/hourly-ipv4,ziyadnz|hourly,2026-08-17T18:48:05Z,2026-08-17T18:48:05Z,
129.0.60.24,ipv4,malicious-ip,medium,WHITE,ziyadnz/hourly-ipv4,ziyadnz|hourly,2026-08-17T18:48:05Z,2026-08-17T18:48:05Z,
129.101.51.61,ipv4,malicious-ip,medium,WHITE,ziyadnz/hourly-ipv4,ziyadnz|hourly,2026-08-17T18:48:05Z,2026-08-17T18:48:05Z,
129.121.100.45,ipv4,malicious-ip,medium,WHITE,ziyadnz/hourly-ipv4,ziyadnz|hourly,2026-08-17T18:48:05Z,2026-08-17T18:48:05Z,
129.121.102.3,ipv4,malicious-ip,medium,WHITE,ziyadnz/hourly-ipv4,ziyadnz|hourly,2026-08-17T18:48:05Z,2026-08-17T18:48:05Z,
129.121.114.124,ipv4,malicious-ip,medium,WHITE,ziyadnz/hourly-ipv4,ziyadnz|hourly,2026-08-17T18:48:05Z,2026-08-17T18:48:05Z,
129.121.115.193,ipv4,malicious-ip,medium,WHITE,ziyadnz/hourly-ipv4,ziyadnz|hourly,2026-08-17T18:48:05Z,2026-08-17T18:48:05Z,
129.121.119.196,ipv4,malicious-ip,medium,WHITE,ziyadnz/hourly-ipv4,ziyadnz|hourly,2026-08-17T18:48:05Z,2026-08-17T18:48:05Z,
129.121.121.186,ipv4,malicious-ip,medium,WHITE,ziyadnz/hourly-ipv4,ziyadnz|hourly,2026-08-17T18:48:05Z,2026-08-17T18:48:05Z,
129.121.123.80,ipv4,malicious-ip,medium,WHITE,ziyadnz/hourly-ipv4,ziyadnz|hourly,2026-08-17T18:48:05Z,2026-08-17T18:48:05Z,
129.121.33.174,ipv4,malicious-ip,medium,WHITE,ziyadnz/hourly-ipv4,ziyadnz|hourly,2026-08-17T18:48:05Z,2026-08-17T18:48:05Z,
129.121.37.189,ipv4,malicious-ip,medium,WHITE,ziyadnz/hourly-ipv4,ziyadnz|hourly,2026-08-17T18:48:05Z,2026-08-17T18:48:05Z,
129.121.37.21,ipv4,malicious-ip,medium,WHITE,ziyadnz/hourly-ipv4,ziyadnz|hourly,2026-08-17T18:48:05Z,2026-08-17T18:48:05Z,
129.121.42.131,ipv4,malicious-ip,medium,WHITE,ziyadnz/hourly-ipv4,ziyadnz|hourly,2026-08-17T18:48:05Z,2026-08-17T18:48:05Z,
129.121.48.235,ipv4,malicious-ip,medium,WHITE,ziyadnz/hourly-ipv4,ziyadnz|hourly,2026-08-17T18:48:05Z,2026-08-17T18:48:05Z,
129.121.50.245,ipv4,malicious-ip,medium,WHITE,ziyadnz/hourly-ipv4,ziyadnz|hourly,2026-08-17T18:48:05Z,2026-08-17T18:48:05Z,
129.121.50.86,ipv4,malicious-ip,medium,WHITE,ziyadnz/hourly-ipv4,ziyadnz|hourly,2026-08-17T18:48:05Z,2026-08-17T18:48:05Z,
129.121.52.189,ipv4,malicious-ip,medium,WHITE,ziyadnz/hourly-ipv4,ziyadnz|hourly,2026-08-17T18:48:05Z,2026-08-17T18:48:05Z,
129.121.54.208,ipv4,malicious-ip,medium,WHITE,ziyadnz/hourly-ipv4,ziyadnz|hourly,2026-08-17T18:48:05Z,2026-08-17T18:48:05Z,
129.121.54.237,ipv4,malicious-ip,medium,WHITE,ziyadnz/hourly-ipv4,ziyadnz|hourly,2026-08-17T18:48:05Z,2026-08-17T18:48:05Z,
129.121.54.93,ipv4,malicious-ip,medium,WHITE,ziyadnz/hourly-ipv4,ziyadnz|hourly,2026-08-17T18:48:05Z,2026-08-17T18:48:05Z,
129.121.74.194,ipv4,malicious-ip,medium,WHITE,ziyadnz/hourly-ipv4,ziyadnz|hourly,2026-08-17T18:48:05Z,2026-08-17T18:48:05Z,
129.121.74.57,ipv4,malicious-ip,medium,WHITE,ziyadnz/hourly-ipv4,ziyadnz|hourly,2026-08-17T18:48:05Z,2026-08-17T18:48:05Z,
129.121.75.86,ipv4,malicious-ip,medium,WHITE,ziyadnz/hourly-ipv4,ziyadnz|hourly,2026-08-17T18:48:05Z,2026-08-17T18:48:05Z,
129.121.76.191,ipv4,malicious-ip,medium,WHITE,ziyadnz/hourly-ipv4,ziyadnz|hourly,2026-08-17T18:48:05Z,2026-08-17T18:48:05Z,
129.121.79.67,ipv4,malicious-ip,medium,WHITE,ziyadnz/hourly-ipv4,ziyadnz|hourly,2026-08-17T18:48:05Z,2026-08-17T18:48:05Z,
129.121.85.48,ipv4,malicious-ip,medium,WHITE,ziyadnz/hourly-ipv4,ziyadnz|hourly,2026-08-17T18:48:05Z,2026-08-17T18:48:05Z,
129.121.93.77,ipv4,malicious-ip,medium,WHITE,ziyadnz/hourly-ipv4,ziyadnz|hourly,2026-08-17T18:48:05Z,2026-08-17T18:48:05Z,
129.122.199.43,ipv4,malicious-ip,medium,WHITE,ziyadnz/hourly-ipv4,ziyadnz|hourly,2026-08-17T18:48:05Z,2026-08-17T18:48:05Z,
129.122.207.15,ipv4,malicious-ip,medium,WHITE,ziyadnz/hourly-ipv4,ziyadnz|hourly,2026-08-17T18:48:05Z,2026-08-17T18:48:05Z,
129.126.247.199,ipv4,malicious-ip,medium,WHITE,ziyadnz/hourly-ipv4,ziyadnz|hourly,2026-08-17T18:48:05Z,2026-08-17T18:48:05Z,
129.146.171.167,ipv4,malicious-ip,medium,WHITE,ziyadnz/hourly-ipv4,ziyadnz|hourly,2026-08-17T18:48:05Z,2026-08-17T18:48:05Z,
129.146.181.168,ipv4,malicious-ip,medium,WHITE,ziyadnz/hourly-ipv4,ziyadnz|hourly,2026-08-17T18:48:05Z,2026-08-17T18:48:05Z,
129.146.188.65,ipv4,malicious-ip,medium,WHITE,ziyadnz/hourly-ipv4,ziyadnz|hourly,2026-08-17T18:48:05Z,2026-08-17T18:48:05Z,
129.146.202.228,ipv4,malicious-ip,medium,WHITE,ziyadnz/hourly-ipv4,ziyadnz|hourly,2026-08-17T18:48:05Z,2026-08-17T18:48:05Z,
129.146.242.111,ipv4,malicious-ip,medium,WHITE,ziyadnz/hourly-ipv4,ziyadnz|hourly,2026-08-17T18:48:05Z,2026-08-17T18:48:05Z,
129.146.243.24,ipv4,malicious-ip,medium,WHITE,ziyadnz/hourly-ipv4,ziyadnz|hourly,2026-08-17T18:48:05Z,2026-08-17T18:48:05Z,
129.150.47.234,ipv4,malicious-ip,medium,WHITE,ziyadnz/hourly-ipv4,ziyadnz|hourly,2026-08-17T18:48:05Z,2026-08-17T18:48:05Z,
129.150.62.20,ipv4,malicious-ip,medium,WHITE,ziyadnz/hourly-ipv4,ziyadnz|hourly,2026-08-17T18:48:05Z,2026-08-17T18:48:05Z,
129.151.138.197,ipv4,malicious-ip,medium,WHITE,ziyadnz/hourly-ipv4,ziyadnz|hourly,2026-08-17T18:48:05Z,2026-08-17T18:48:05Z,
129.151.143.225,ipv4,malicious-ip,medium,WHITE,ziyadnz/hourly-ipv4,ziyadnz|hourly,2026-08-17T18:48:05Z,2026-08-17T18:48:05Z,
129.151.151.196,ipv4,malicious-ip,medium,WHITE,ziyadnz/hourly-ipv4,ziyadnz|hourly,2026-08-17T18:48:05Z,2026-08-17T18:48:05Z,
129.151.225.209,ipv4,malicious-ip,medium,WHITE,ziyadnz/hourly-ipv4,ziyadnz|hourly,2026-08-17T18:48:05Z,2026-08-17T18:48:05Z,
129.152.2.119,ipv4,malicious-ip,medium,WHITE,ziyadnz/hourly-ipv4,ziyadnz|hourly,2026-08-17T18:48:05Z,2026-08-17T18:48:05Z,
129.154.242.197,ipv4,malicious-ip,medium,WHITE,ziyadnz/hourly-ipv4,ziyadnz|hourly,2026-08-17T18:48:05Z,2026-08-17T18:48:05Z,
129.159.225.44,ipv4,malicious-ip,medium,WHITE,ziyadnz/hourly-ipv4,ziyadnz|hourly,2026-08-17T18:48:05Z,2026-08-17T18:48:05Z,
129.204.118.204,ipv4,malicious-ip,medium,WHITE,ziyadnz/hourly-ipv4,ziyadnz|hourly,2026-08-17T18:48:05Z,2026-08-17T18:48:05Z,
129.204.201.118,ipv4,malicious-ip,medium,WHITE,ziyadnz/hourly-ipv4,ziyadnz|hourly,2026-08-17T18:48:05Z,2026-08-17T18:48:05Z,
129.204.203.60,ipv4,malicious-ip,medium,WHITE,ziyadnz/hourly-ipv4,ziyadnz|hourly,2026-08-17T18:48:05Z,2026-08-17T18:48:05Z,
129.204.87.183,ipv4,malicious-ip,medium,WHITE,ziyadnz/hourly-ipv4,ziyadnz|hourly,2026-08-17T18:48:05Z,2026-08-17T18:48:05Z,
129.205.124.227,ipv4,malicious-ip,medium,WHITE,ziyadnz/hourly-ipv4,ziyadnz|hourly,2026-08-17T18:48:05Z,2026-08-17T18:48:05Z,
129.205.2.18,ipv4,malicious-ip,medium,WHITE,ziyadnz/hourly-ipv4,ziyadnz|hourly,2026-08-17T18:48:05Z,2026-08-17T18:48:05Z,
129.205.245.4,ipv4,malicious-ip,medium,WHITE,ziyadnz/hourly-ipv4,ziyadnz|hourly,2026-08-17T18:48:05Z,2026-08-17T18:48:05Z,
129.211.133.207,ipv4,malicious-ip,medium,WHITE,ziyadnz/hourly-ipv4,ziyadnz|hourly,2026-08-17T18:48:05Z,2026-08-17T18:48:05Z,
129.211.172.249,ipv4,malicious-ip,medium,WHITE,ziyadnz/hourly-ipv4,ziyadnz|hourly,2026-08-17T18:48:05Z,2026-08-17T18:48:05Z,
129.211.204.19,ipv4,malicious-ip,medium,WHITE,ziyadnz/hourly-ipv4,ziyadnz|hourly,2026-08-17T18:48:05Z,2026-08-17T18:48:05Z,
129.211.26.227,ipv4,malicious-ip,medium,WHITE,ziyadnz/hourly-ipv4,ziyadnz|hourly,2026-08-17T18:48:05Z,2026-08-17T18:48:05Z,
129.212.183.98,ipv4,malicious-ip,medium,WHITE,ziyadnz/hourly-ipv4,ziyadnz|hourly,2026-08-17T18:48:05Z,2026-08-17T18:48:05Z,
129.212.187.131,ipv4,malicious-ip,medium,WHITE,ziyadnz/hourly-ipv4,ziyadnz|hourly,2026-08-17T18:48:05Z,2026-08-17T18:48:05Z,
129.212.209.120,ipv4,malicious-ip,medium,WHITE,ziyadnz/hourly-ipv4,ziyadnz|hourly,2026-08-17T18:48:05Z,2026-08-17T18:48:05Z,
129.212.209.244,ipv4,malicious-ip,medium,WHITE,ziyadnz/hourly-ipv4,ziyadnz|hourly,2026-08-17T18:48:05Z,2026-08-17T18:48:05Z,
129.212.209.246,ipv4,malicious-ip,medium,WHITE,ziyadnz/hourly-ipv4,ziyadnz|hourly,2026-08-17T18:48:05Z,2026-08-17T18:48:05Z,
129.212.209.250,ipv4,malicious-ip,medium,WHITE,ziyadnz/hourly-ipv4,ziyadnz|hourly,2026-08-17T18:48:05Z,2026-08-17T18:48:05Z,
129.212.216.91,ipv4,malicious-ip,medium,WHITE,ziyadnz/hourly-ipv4,ziyadnz|hourly,2026-08-17T18:48:05Z,2026-08-17T18:48:05Z,
129.212.233.61,ipv4,malicious-ip,medium,WHITE,ziyadnz/hourly-ipv4,ziyadnz|hourly,2026-08-17T18:48:05Z,2026-08-17T18:48:05Z,
129.212.234.164,ipv4,malicious-ip,medium,WHITE,ziyadnz/hourly-ipv4,ziyadnz|hourly,2026-08-17T18:48:05Z,2026-08-17T18:48:05Z,
129.212.235.217,ipv4,malicious-ip,medium,WHITE,ziyadnz/hourly-ipv4,ziyadnz|hourly,2026-08-17T18:48:05Z,2026-08-17T18:48:05Z,
129.212.236.215,ipv4,malicious-ip,medium,WHITE,ziyadnz/hourly-ipv4,ziyadnz|hourly,2026-08-17T18:48:05Z,2026-08-17T18:48:05Z,
129.212.237.153,ipv4,malicious-ip,medium,WHITE,ziyadnz/hourly-ipv4,ziyadnz|hourly,2026-08-17T18:48:05Z,2026-08-17T18:48:05Z,
129.212.237.224,ipv4,malicious-ip,medium,WHITE,ziyadnz/hourly-ipv4,ziyadnz|hourly,2026-08-17T18:48:05Z,2026-08-17T18:48:05Z,
129.212.239.254,ipv4,malicious-ip,medium,WHITE,ziyadnz/hourly-ipv4,ziyadnz|hourly,2026-08-17T18:48:05Z,2026-08-17T18:48:05Z,
129.212.239.39,ipv4,malicious-ip,medium,WHITE,ziyadnz/hourly-ipv4,ziyadnz|hourly,2026-08-17T18:48:05Z,2026-08-17T18:48:05Z,
129.213.146.221,ipv4,malicious-ip,medium,WHITE,ziyadnz/hourly-ipv4,ziyadnz|hourly,2026-08-17T18:48:05Z,2026-08-17T18:48:05Z,
129.213.43.62,ipv4,malicious-ip,medium,WHITE,ziyadnz/hourly-ipv4,ziyadnz|hourly,2026-08-17T18:48:05Z,2026-08-17T18:48:05Z,
129.222.109.145,ipv4,malicious-ip,medium,WHITE,ziyadnz/hourly-ipv4,ziyadnz|hourly,2026-08-17T18:48:05Z,2026-08-17T18:48:05Z,
129.222.109.170,ipv4,malicious-ip,medium,WHITE,ziyadnz/hourly-ipv4,ziyadnz|hourly,2026-08-17T18:48:05Z,2026-08-17T18:48:05Z,
129.222.135.20,ipv4,malicious-ip,medium,WHITE,ziyadnz/hourly-ipv4,ziyadnz|hourly,2026-08-17T18:48:05Z,2026-08-17T18:48:05Z,
129.222.147.103,ipv4,malicious-ip,medium,WHITE,ziyadnz/hourly-ipv4,ziyadnz|hourly,2026-08-17T18:48:05Z,2026-08-17T18:48:05Z,
129.222.147.167,ipv4,malicious-ip,medium,WHITE,ziyadnz/hourly-ipv4,ziyadnz|hourly,2026-08-17T18:48:05Z,2026-08-17T18:48:05Z,
129.222.147.214,ipv4,malicious-ip,medium,WHITE,ziyadnz/hourly-ipv4,ziyadnz|hourly,2026-08-17T18:48:05Z,2026-08-17T18:48:05Z,
129.222.147.40,ipv4,malicious-ip,medium,WHITE,ziyadnz/hourly-ipv4,ziyadnz|hourly,2026-08-17T18:48:05Z,2026-08-17T18:48:05Z,
129.222.147.45,ipv4,malicious-ip,medium,WHITE,ziyadnz/hourly-ipv4,ziyadnz|hourly,2026-08-17T18:48:05Z,2026-08-17T18:48:05Z,
129.222.155.145,ipv4,malicious-ip,medium,WHITE,ziyadnz/hourly-ipv4,ziyadnz|hourly,2026-08-17T18:48:05Z,2026-08-17T18:48:05Z,
129.222.182.114,ipv4,malicious-ip,medium,WHITE,ziyadnz/hourly-ipv4,ziyadnz|hourly,2026-08-17T18:48:05Z,2026-08-17T18:48:05Z,
129.222.187.0,ipv4,malicious-ip,medium,WHITE,ziyadnz/hourly-ipv4,ziyadnz|hourly,2026-08-17T18:48:05Z,2026-08-17T18:48:05Z,
129.222.187.145,ipv4,malicious-ip,medium,WHITE,ziyadnz/hourly-ipv4,ziyadnz|hourly,2026-08-17T18:48:05Z,2026-08-17T18:48:05Z,
129.222.187.149,ipv4,malicious-ip,medium,WHITE,ziyadnz/hourly-ipv4,ziyadnz|hourly,2026-08-17T18:48:05Z,2026-08-17T18:48:05Z,
129.222.187.162,ipv4,malicious-ip,medium,WHITE,ziyadnz/hourly-ipv4,ziyadnz|hourly,2026-08-17T18:48:05Z,2026-08-17T18:48:05Z,
129.222.187.176,ipv4,malicious-ip,medium,WHITE,ziyadnz/hourly-ipv4,ziyadnz|hourly,2026-08-17T18:48:05Z,2026-08-17T18:48:05Z,
129.222.187.202,ipv4,malicious-ip,medium,WHITE,ziyadnz/hourly-ipv4,ziyadnz|hourly,2026-08-17T18:48:05Z,2026-08-17T18:48:05Z,
129.222.187.204,ipv4,malicious-ip,medium,WHITE,ziyadnz/hourly-ipv4,ziyadnz|hourly,2026-08-17T18:48:05Z,2026-08-17T18:48:05Z,
129.222.187.46,ipv4,malicious-ip,medium,WHITE,ziyadnz/hourly-ipv4,ziyadnz|hourly,2026-08-17T18:48:05Z,2026-08-17T18:48:05Z,
129.222.201.15,ipv4,malicious-ip,medium,WHITE,ziyadnz/hourly-ipv4,ziyadnz|hourly,2026-08-17T18:48:05Z,2026-08-17T18:48:05Z,
129.222.203.132,ipv4,malicious-ip,medium,WHITE,ziyadnz/hourly-ipv4,ziyadnz|hourly,2026-08-17T18:48:05Z,2026-08-17T18:48:05Z,
129.222.203.247,ipv4,malicious-ip,medium,WHITE,ziyadnz/hourly-ipv4,ziyadnz|hourly,2026-08-17T18:48:05Z,2026-08-17T18:48:05Z,
129.222.203.81,ipv4,malicious-ip,medium,WHITE,ziyadnz/hourly-ipv4,ziyadnz|hourly,2026-08-17T18:48:05Z,2026-08-17T18:48:05Z,
129.222.252.183,ipv4,malicious-ip,medium,WHITE,ziyadnz/hourly-ipv4,ziyadnz|hourly,2026-08-17T18:48:05Z,2026-08-17T18:48:05Z,
129.222.64.146,ipv4,malicious-ip,medium,WHITE,ziyadnz/hourly-ipv4,ziyadnz|hourly,2026-08-17T18:48:05Z,2026-08-17T18:48:05Z,
129.222.90.174,ipv4,malicious-ip,medium,WHITE,ziyadnz/hourly-ipv4,ziyadnz|hourly,2026-08-17T18:48:05Z,2026-08-17T18:48:05Z,
129.222.96.186,ipv4,malicious-ip,medium,WHITE,ziyadnz/hourly-ipv4,ziyadnz|hourly,2026-08-17T18:48:05Z,2026-08-17T18:48:05Z,
129.222.96.204,ipv4,malicious-ip,medium,WHITE,ziyadnz/hourly-ipv4,ziyadnz|hourly,2026-08-17T18:48:05Z,2026-08-17T18:48:05Z,
129.224.207.150,ipv4,malicious-ip,medium,WHITE,ziyadnz/hourly-ipv4,ziyadnz|hourly,2026-08-17T18:48:05Z,2026-08-17T18:48:05Z,
129.224.207.182,ipv4,malicious-ip,medium,WHITE,ziyadnz/hourly-ipv4,ziyadnz|hourly,2026-08-17T18:48:05Z,2026-08-17T18:48:05Z,
129.224.207.191,ipv4,malicious-ip,medium,WHITE,ziyadnz/hourly-ipv4,ziyadnz|hourly,2026-08-17T18:48:05Z,2026-08-17T18:48:05Z,
129.225.172.187,ipv4,malicious-ip,medium,WHITE,ziyadnz/hourly-ipv4,ziyadnz|hourly,2026-08-17T18:48:05Z,2026-08-17T18:48:05Z,
129.225.2.215,ipv4,malicious-ip,medium,WHITE,ziyadnz/hourly-ipv4,ziyadnz|hourly,2026-08-17T18:48:05Z,2026-08-17T18:48:05Z,
129.225.5.36,ipv4,malicious-ip,medium,WHITE,ziyadnz/hourly-ipv4,ziyadnz|hourly,2026-08-17T18:48:05Z,2026-08-17T18:48:05Z,
129.226.114.61,ipv4,malicious-ip,medium,WHITE,ziyadnz/hourly-ipv4,ziyadnz|hourly,2026-08-17T18:48:05Z,2026-08-17T18:48:05Z,
129.226.146.107,ipv4,malicious-ip,medium,WHITE,ziyadnz/hourly-ipv4,ziyadnz|hourly,2026-08-17T18:48:05Z,2026-08-17T18:48:05Z,
129.226.146.146,ipv4,malicious-ip,medium,WHITE,ziyadnz/hourly-ipv4,ziyadnz|hourly,2026-08-17T18:48:05Z,2026-08-17T18:48:05Z,
129.226.148.241,ipv4,malicious-ip,medium,WHITE,ziyadnz/hourly-ipv4,ziyadnz|hourly,2026-08-17T18:48:05Z,2026-08-17T18:48:05Z,
129.226.154.101,ipv4,malicious-ip,medium,WHITE,ziyadnz/hourly-ipv4,ziyadnz|hourly,2026-08-17T18:48:05Z,2026-08-17T18:48:05Z,
129.226.155.35,ipv4,malicious-ip,medium,WHITE,ziyadnz/hourly-ipv4,ziyadnz|hourly,2026-08-17T18:48:05Z,2026-08-17T18:48:05Z,
129.226.155.43,ipv4,malicious-ip,medium,WHITE,ziyadnz/hourly-ipv4,ziyadnz|hourly,2026-08-17T18:48:05Z,2026-08-17T18:48:05Z,
129.226.156.184,ipv4,malicious-ip,medium,WHITE,ziyadnz/hourly-ipv4,ziyadnz|hourly,2026-08-17T18:48:05Z,2026-08-17T18:48:05Z,
129.226.156.250,ipv4,malicious-ip,medium,WHITE,ziyadnz/hourly-ipv4,ziyadnz|hourly,2026-08-17T18:48:05Z,2026-08-17T18:48:05Z,
129.226.190.169,ipv4,malicious-ip,medium,WHITE,ziyadnz/hourly-ipv4,ziyadnz|hourly,2026-08-17T18:48:05Z,2026-08-17T18:48:05Z,
129.226.193.111,ipv4,malicious-ip,medium,WHITE,ziyadnz/hourly-ipv4,ziyadnz|hourly,2026-08-17T18:48:05Z,2026-08-17T18:48:05Z,
129.226.195.146,ipv4,malicious-ip,medium,WHITE,ziyadnz/hourly-ipv4,ziyadnz|hourly,2026-08-17T18:48:05Z,2026-08-17T18:48:05Z,
129.226.201.189,ipv4,malicious-ip,medium,WHITE,ziyadnz/hourly-ipv4,ziyadnz|hourly,2026-08-17T18:48:05Z,2026-08-17T18:48:05Z,
129.226.201.51,ipv4,malicious-ip,medium,WHITE,ziyadnz/hourly-ipv4,ziyadnz|hourly,2026-08-17T18:48:05Z,2026-08-17T18:48:05Z,
129.226.204.15,ipv4,malicious-ip,medium,WHITE,ziyadnz/hourly-ipv4,ziyadnz|hourly,2026-08-17T18:48:05Z,2026-08-17T18:48:05Z,
129.226.204.209,ipv4,malicious-ip,medium,WHITE,ziyadnz/hourly-ipv4,ziyadnz|hourly,2026-08-17T18:48:05Z,2026-08-17T18:48:05Z,
129.226.206.229,ipv4,malicious-ip,medium,WHITE,ziyadnz/hourly-ipv4,ziyadnz|hourly,2026-08-17T18:48:05Z,2026-08-17T18:48:05Z,
129.226.213.238,ipv4,malicious-ip,medium,WHITE,ziyadnz/hourly-ipv4,ziyadnz|hourly,2026-08-17T18:48:05Z,2026-08-17T18:48:05Z,
129.226.4.203,ipv4,malicious-ip,medium,WHITE,ziyadnz/hourly-ipv4,ziyadnz|hourly,2026-08-17T18:48:05Z,2026-08-17T18:48:05Z,
129.226.4.94,ipv4,malicious-ip,medium,WHITE,ziyadnz/hourly-ipv4,ziyadnz|hourly,2026-08-17T18:48:05Z,2026-08-17T18:48:05Z,
129.226.81.50,ipv4,malicious-ip,medium,WHITE,ziyadnz/hourly-ipv4,ziyadnz|hourly,2026-08-17T18:48:05Z,2026-08-17T18:48:05Z,
129.226.82.224,ipv4,malicious-ip,medium,WHITE,ziyadnz/hourly-ipv4,ziyadnz|hourly,2026-08-17T18:48:05Z,2026-08-17T18:48:05Z,
129.226.84.203,ipv4,malicious-ip,medium,WHITE,ziyadnz/hourly-ipv4,ziyadnz|hourly,2026-08-17T18:48:05Z,2026-08-17T18:48:05Z,
129.226.88.61,ipv4,malicious-ip,medium,WHITE,ziyadnz/hourly-ipv4,ziyadnz|hourly,2026-08-17T18:48:05Z,2026-08-17T18:48:05Z,
129.226.88.67,ipv4,malicious-ip,medium,WHITE,ziyadnz/hourly-ipv4,ziyadnz|hourly,2026-08-17T18:48:05Z,2026-08-17T18:48:05Z,
129.226.91.190,ipv4,malicious-ip,medium,WHITE,ziyadnz/hourly-ipv4,ziyadnz|hourly,2026-08-17T18:48:05Z,2026-08-17T18:48:05Z,
129.226.93.131,ipv4,malicious-ip,medium,WHITE,ziyadnz/hourly-ipv4,ziyadnz|hourly,2026-08-17T18:48:05Z,2026-08-17T18:48:05Z,
129.227.71.36,ipv4,malicious-ip,medium,WHITE,ziyadnz/hourly-ipv4,ziyadnz|hourly,2026-08-17T18:48:05Z,2026-08-17T18:48:05Z,
129.227.75.98,ipv4,malicious-ip,medium,WHITE,ziyadnz/hourly-ipv4,ziyadnz|hourly,2026-08-17T18:48:05Z,2026-08-17T18:48:05Z,
129.227.85.23,ipv4,malicious-ip,medium,WHITE,ziyadnz/hourly-ipv4,ziyadnz|hourly,2026-08-17T18:48:05Z,2026-08-17T18:48:05Z,
129.232.1.116,ipv4,malicious-ip,medium,WHITE,ziyadnz/hourly-ipv4,ziyadnz|hourly,2026-08-17T18:48:05Z,2026-08-17T18:48:05Z,
129.232.17.18,ipv4,malicious-ip,medium,WHITE,ziyadnz/hourly-ipv4,ziyadnz|hourly,2026-08-17T18:48:05Z,2026-08-17T18:48:05Z,
129.232.17.61,ipv4,malicious-ip,medium,WHITE,ziyadnz/hourly-ipv4,ziyadnz|hourly,2026-08-17T18:48:05Z,2026-08-17T18:48:05Z,
129.232.183.237,ipv4,malicious-ip,medium,WHITE,ziyadnz/hourly-ipv4,ziyadnz|hourly,2026-08-17T18:48:05Z,2026-08-17T18:48:05Z,
129.232.188.93,ipv4,malicious-ip,medium,WHITE,ziyadnz/hourly-ipv4,ziyadnz|hourly,2026-08-17T18:48:05Z,2026-08-17T18:48:05Z,
129.232.19.107,ipv4,malicious-ip,medium,WHITE,ziyadnz/hourly-ipv4,ziyadnz|hourly,2026-08-17T18:48:05Z,2026-08-17T18:48:05Z,
129.232.20.49,ipv4,malicious-ip,medium,WHITE,ziyadnz/hourly-ipv4,ziyadnz|hourly,2026-08-17T18:48:05Z,2026-08-17T18:48:05Z,
129.28.47.121,ipv4,malicious-ip,medium,WHITE,ziyadnz/hourly-ipv4,ziyadnz|hourly,2026-08-17T18:48:05Z,2026-08-17T18:48:05Z,
129.45.73.87,ipv4,malicious-ip,medium,WHITE,ziyadnz/hourly-ipv4,ziyadnz|hourly,2026-08-17T18:48:05Z,2026-08-17T18:48:05Z,
129.45.75.209,ipv4,malicious-ip,medium,WHITE,ziyadnz/hourly-ipv4,ziyadnz|hourly,2026-08-17T18:48:05Z,2026-08-17T18:48:05Z,
129.45.84.119,ipv4,malicious-ip,medium,WHITE,ziyadnz/hourly-ipv4,ziyadnz|hourly,2026-08-17T18:48:05Z,2026-08-17T18:48:05Z,
13.113.121.187,ipv4,malicious-ip,medium,WHITE,ziyadnz/hourly-ipv4,ziyadnz|hourly,2026-08-17T18:48:05Z,2026-08-17T18:48:05Z,
13.125.117.64,ipv4,malicious-ip,medium,WHITE,ziyadnz/hourly-ipv4,ziyadnz|hourly,2026-08-17T18:48:05Z,2026-08-17T18:48:05Z,
13.140.143.194,ipv4,malicious-ip,medium,WHITE,ziyadnz/hourly-ipv4,ziyadnz|hourly,2026-08-17T18:48:05Z,2026-08-17T18:48:05Z,
13.140.143.90,ipv4,malicious-ip,medium,WHITE,ziyadnz/hourly-ipv4,ziyadnz|hourly,2026-08-17T18:48:05Z,2026-08-17T18:48:05Z,
13.140.160.128,ipv4,malicious-ip,medium,WHITE,ziyadnz/hourly-ipv4,ziyadnz|hourly,2026-08-17T18:48:05Z,2026-08-17T18:48:05Z,
13.140.160.213,ipv4,malicious-ip,medium,WHITE,ziyadnz/hourly-ipv4,ziyadnz|hourly,2026-08-17T18:48:05Z,2026-08-17T18:48:05Z,
13.140.169.113,ipv4,malicious-ip,medium,WHITE,ziyadnz/hourly-ipv4,ziyadnz|hourly,2026-08-17T18:48:05Z,2026-08-17T18:48:05Z,
13.140.174.225,ipv4,malicious-ip,medium,WHITE,ziyadnz/hourly-ipv4,ziyadnz|hourly,2026-08-17T18:48:05Z,2026-08-17T18:48:05Z,
13.140.174.250,ipv4,malicious-ip,medium,WHITE,ziyadnz/hourly-ipv4,ziyadnz|hourly,2026-08-17T18:48:05Z,2026-08-17T18:48:05Z,
13.140.178.85,ipv4,malicious-ip,medium,WHITE,ziyadnz/hourly-ipv4,ziyadnz|hourly,2026-08-17T18:48:05Z,2026-08-17T18:48:05Z,
13.158.51.88,ipv4,malicious-ip,medium,WHITE,ziyadnz/hourly-ipv4,ziyadnz|hourly,2026-08-17T18:48:05Z,2026-08-17T18:48:05Z,
13.158.77.54,ipv4,malicious-ip,medium,WHITE,ziyadnz/hourly-ipv4,ziyadnz|hourly,2026-08-17T18:48:05Z,2026-08-17T18:48:05Z,
13.192.72.125,ipv4,malicious-ip,medium,WHITE,ziyadnz/hourly-ipv4,ziyadnz|hourly,2026-08-17T18:48:05Z,2026-08-17T18:48:05Z,
13.201.118.90,ipv4,malicious-ip,medium,WHITE,ziyadnz/hourly-ipv4,ziyadnz|hourly,2026-08-17T18:48:05Z,2026-08-17T18:48:05Z,
13.205.130.78,ipv4,malicious-ip,medium,WHITE,ziyadnz/hourly-ipv4,ziyadnz|hourly,2026-08-17T18:48:05Z,2026-08-17T18:48:05Z,
13.206.95.217,ipv4,malicious-ip,medium,WHITE,ziyadnz/hourly-ipv4,ziyadnz|hourly,2026-08-17T18:48:05Z,2026-08-17T18:48:05Z,
13.212.219.42,ipv4,malicious-ip,medium,WHITE,ziyadnz/hourly-ipv4,ziyadnz|hourly,2026-08-17T18:48:05Z,2026-08-17T18:48:05Z,
13.212.83.39,ipv4,malicious-ip,medium,WHITE,ziyadnz/hourly-ipv4,ziyadnz|hourly,2026-08-17T18:48:05Z,2026-08-17T18:48:05Z,
13.215.228.73,ipv4,malicious-ip,medium,WHITE,ziyadnz/hourly-ipv4,ziyadnz|hourly,2026-08-17T18:48:05Z,2026-08-17T18:48:05Z,
13.218.153.179,ipv4,malicious-ip,medium,WHITE,ziyadnz/hourly-ipv4,ziyadnz|hourly,2026-08-17T18:48:05Z,2026-08-17T18:48:05Z,
13.218.165.217,ipv4,malicious-ip,medium,WHITE,ziyadnz/hourly-ipv4,ziyadnz|hourly,2026-08-17T18:48:05Z,2026-08-17T18:48:05Z,
13.218.201.98,ipv4,malicious-ip,medium,WHITE,ziyadnz/hourly-ipv4,ziyadnz|hourly,2026-08-17T18:48:05Z,2026-08-17T18:48:05Z,
13.218.224.41,ipv4,malicious-ip,medium,WHITE,ziyadnz/hourly-ipv4,ziyadnz|hourly,2026-08-17T18:48:05Z,2026-08-17T18:48:05Z,
13.218.231.196,ipv4,malicious-ip,medium,WHITE,ziyadnz/hourly-ipv4,ziyadnz|hourly,2026-08-17T18:48:05Z,2026-08-17T18:48:05Z,
13.218.238.60,ipv4,malicious-ip,medium,WHITE,ziyadnz/hourly-ipv4,ziyadnz|hourly,2026-08-17T18:48:05Z,2026-08-17T18:48:05Z,
13.218.56.216,ipv4,malicious-ip,medium,WHITE,ziyadnz/hourly-ipv4,ziyadnz|hourly,2026-08-17T18:48:05Z,2026-08-17T18:48:05Z,
13.218.60.160,ipv4,malicious-ip,medium,WHITE,ziyadnz/hourly-ipv4,ziyadnz|hourly,2026-08-17T18:48:05Z,2026-08-17T18:48:05Z,
13.218.73.191,ipv4,malicious-ip,medium,WHITE,ziyadnz/hourly-ipv4,ziyadnz|hourly,2026-08-17T18:48:05Z,2026-08-17T18:48:05Z,
13.219.1.233,ipv4,malicious-ip,medium,WHITE,ziyadnz/hourly-ipv4,ziyadnz|hourly,2026-08-17T18:48:05Z,2026-08-17T18:48:05Z,
13.219.99.134,ipv4,malicious-ip,medium,WHITE,ziyadnz/hourly-ipv4,ziyadnz|hourly,2026-08-17T18:48:05Z,2026-08-17T18:48:05Z,
13.220.107.9,ipv4,malicious-ip,medium,WHITE,ziyadnz/hourly-ipv4,ziyadnz|hourly,2026-08-17T18:48:05Z,2026-08-17T18:48:05Z,
13.220.108.213,ipv4,malicious-ip,medium,WHITE,ziyadnz/hourly-ipv4,ziyadnz|hourly,2026-08-17T18:48:05Z,2026-08-17T18:48:05Z,
13.220.113.14,ipv4,malicious-ip,medium,WHITE,ziyadnz/hourly-ipv4,ziyadnz|hourly,2026-08-17T18:48:05Z,2026-08-17T18:48:05Z,
13.220.253.111,ipv4,malicious-ip,medium,WHITE,ziyadnz/hourly-ipv4,ziyadnz|hourly,2026-08-17T18:48:05Z,2026-08-17T18:48:05Z,
13.220.91.9,ipv4,malicious-ip,medium,WHITE,ziyadnz/hourly-ipv4,ziyadnz|hourly,2026-08-17T18:48:05Z,2026-08-17T18:48:05Z,
13.221.159.164,ipv4,malicious-ip,medium,WHITE,ziyadnz/hourly-ipv4,ziyadnz|hourly,2026-08-17T18:48:05Z,2026-08-17T18:48:05Z,
13.221.242.173,ipv4,malicious-ip,medium,WHITE,ziyadnz/hourly-ipv4,ziyadnz|hourly,2026-08-17T18:48:05Z,2026-08-17T18:48:05Z,
13.221.244.98,ipv4,malicious-ip,medium,WHITE,ziyadnz/hourly-ipv4,ziyadnz|hourly,2026-08-17T18:48:05Z,2026-08-17T18:48:05Z,
13.221.67.44,ipv4,malicious-ip,medium,WHITE,ziyadnz/hourly-ipv4,ziyadnz|hourly,2026-08-17T18:48:05Z,2026-08-17T18:48:05Z,
13.222.142.21,ipv4,malicious-ip,medium,WHITE,ziyadnz/hourly-ipv4,ziyadnz|hourly,2026-08-17T18:48:05Z,2026-08-17T18:48:05Z,
13.222.171.239,ipv4,malicious-ip,medium,WHITE,ziyadnz/hourly-ipv4,ziyadnz|hourly,2026-08-17T18:48:05Z,2026-08-17T18:48:05Z,
13.222.191.172,ipv4,malicious-ip,medium,WHITE,ziyadnz/hourly-ipv4,ziyadnz|hourly,2026-08-17T18:48:05Z,2026-08-17T18:48:05Z,
13.222.2.197,ipv4,malicious-ip,medium,WHITE,ziyadnz/hourly-ipv4,ziyadnz|hourly,2026-08-17T18:48:05Z,2026-08-17T18:48:05Z,
13.222.2.64,ipv4,malicious-ip,medium,WHITE,ziyadnz/hourly-ipv4,ziyadnz|hourly,2026-08-17T18:48:05Z,2026-08-17T18:48:05Z,
13.222.217.64,ipv4,malicious-ip,medium,WHITE,ziyadnz/hourly-ipv4,ziyadnz|hourly,2026-08-17T18:48:05Z,2026-08-17T18:48:05Z,
13.222.228.146,ipv4,malicious-ip,medium,WHITE,ziyadnz/hourly-ipv4,ziyadnz|hourly,2026-08-17T18:48:05Z,2026-08-17T18:48:05Z,
13.222.61.160,ipv4,malicious-ip,medium,WHITE,ziyadnz/hourly-ipv4,ziyadnz|hourly,2026-08-17T18:48:05Z,2026-08-17T18:48:05Z,
13.223.244.112,ipv4,malicious-ip,medium,WHITE,ziyadnz/hourly-ipv4,ziyadnz|hourly,2026-08-17T18:48:05Z,2026-08-17T18:48:05Z,
13.228.7.109,ipv4,malicious-ip,medium,WHITE,ziyadnz/hourly-ipv4,ziyadnz|hourly,2026-08-17T18:48:05Z,2026-08-17T18:48:05Z,
13.229.69.131,ipv4,malicious-ip,medium,WHITE,ziyadnz/hourly-ipv4,ziyadnz|hourly,2026-08-17T18:48:05Z,2026-08-17T18:48:05Z,
13.230.229.15,ipv4,malicious-ip,medium,WHITE,ziyadnz/hourly-ipv4,ziyadnz|hourly,2026-08-17T18:48:05Z,2026-08-17T18:48:05Z,
13.230.65.24,ipv4,malicious-ip,medium,WHITE,ziyadnz/hourly-ipv4,ziyadnz|hourly,2026-08-17T18:48:05Z,2026-08-17T18:48:05Z,
13.231.159.253,ipv4,malicious-ip,medium,WHITE,ziyadnz/hourly-ipv4,ziyadnz|hourly,2026-08-17T18:48:05Z,2026-08-17T18:48:05Z,
13.232.122.93,ipv4,malicious-ip,medium,WHITE,ziyadnz/hourly-ipv4,ziyadnz|hourly,2026-08-17T18:48:05Z,2026-08-17T18:48:05Z,
13.235.189.190,ipv4,malicious-ip,medium,WHITE,ziyadnz/hourly-ipv4,ziyadnz|hourly,2026-08-17T18:48:05Z,2026-08-17T18:48:05Z,
13.235.26.67,ipv4,malicious-ip,medium,WHITE,ziyadnz/hourly-ipv4,ziyadnz|hourly,2026-08-17T18:48:05Z,2026-08-17T18:48:05Z,
13.246.193.252,ipv4,malicious-ip,medium,WHITE,ziyadnz/hourly-ipv4,ziyadnz|hourly,2026-08-17T18:48:05Z,2026-08-17T18:48:05Z,
13.250.241.209,ipv4,malicious-ip,medium,WHITE,ziyadnz/hourly-ipv4,ziyadnz|hourly,2026-08-17T18:48:05Z,2026-08-17T18:48:05Z,
13.40.29.63,ipv4,malicious-ip,medium,WHITE,ziyadnz/hourly-ipv4,ziyadnz|hourly,2026-08-17T18:48:05Z,2026-08-17T18:48:05Z,
13.49.141.132,ipv4,malicious-ip,medium,WHITE,ziyadnz/hourly-ipv4,ziyadnz|hourly,2026-08-17T18:48:05Z,2026-08-17T18:48:05Z,
13.49.251.65,ipv4,malicious-ip,medium,WHITE,ziyadnz/hourly-ipv4,ziyadnz|hourly,2026-08-17T18:48:05Z,2026-08-17T18:48:05Z,
13.51.249.198,ipv4,malicious-ip,medium,WHITE,ziyadnz/hourly-ipv4,ziyadnz|hourly,2026-08-17T18:48:05Z,2026-08-17T18:48:05Z,
13.53.124.246,ipv4,malicious-ip,medium,WHITE,ziyadnz/hourly-ipv4,ziyadnz|hourly,2026-08-17T18:48:05Z,2026-08-17T18:48:05Z,
13.53.43.94,ipv4,malicious-ip,medium,WHITE,ziyadnz/hourly-ipv4,ziyadnz|hourly,2026-08-17T18:48:05Z,2026-08-17T18:48:05Z,
13.53.60.20,ipv4,malicious-ip,medium,WHITE,ziyadnz/hourly-ipv4,ziyadnz|hourly,2026-08-17T18:48:05Z,2026-08-17T18:48:05Z,
13.55.237.7,ipv4,malicious-ip,medium,WHITE,ziyadnz/hourly-ipv4,ziyadnz|hourly,2026-08-17T18:48:05Z,2026-08-17T18:48:05Z,
13.56.253.154,ipv4,malicious-ip,medium,WHITE,ziyadnz/hourly-ipv4,ziyadnz|hourly,2026-08-17T18:48:05Z,2026-08-17T18:48:05Z,
13.57.128.140,ipv4,malicious-ip,medium,WHITE,ziyadnz/hourly-ipv4,ziyadnz|hourly,2026-08-17T18:48:05Z,2026-08-17T18:48:05Z,
13.57.246.113,ipv4,malicious-ip,medium,WHITE,ziyadnz/hourly-ipv4,ziyadnz|hourly,2026-08-17T18:48:05Z,2026-08-17T18:48:05Z,
13.59.168.154,ipv4,malicious-ip,medium,WHITE,ziyadnz/hourly-ipv4,ziyadnz|hourly,2026-08-17T18:48:05Z,2026-08-17T18:48:05Z,
13.59.21.145,ipv4,malicious-ip,medium,WHITE,ziyadnz/hourly-ipv4,ziyadnz|hourly,2026-08-17T18:48:05Z,2026-08-17T18:48:05Z,
13.60.207.97,ipv4,malicious-ip,medium,WHITE,ziyadnz/hourly-ipv4,ziyadnz|hourly,2026-08-17T18:48:05Z,2026-08-17T18:48:05Z,
13.60.6.179,ipv4,malicious-ip,medium,WHITE,ziyadnz/hourly-ipv4,ziyadnz|hourly,2026-08-17T18:48:05Z,2026-08-17T18:48:05Z,
13.60.76.136,ipv4,malicious-ip,medium,WHITE,ziyadnz/hourly-ipv4,ziyadnz|hourly,2026-08-17T18:48:05Z,2026-08-17T18:48:05Z,
13.61.9.37,ipv4,malicious-ip,medium,WHITE,ziyadnz/hourly-ipv4,ziyadnz|hourly,2026-08-17T18:48:05Z,2026-08-17T18:48:05Z,
13.67.236.135,ipv4,malicious-ip,medium,WHITE,ziyadnz/hourly-ipv4,ziyadnz|hourly,2026-08-17T18:48:05Z,2026-08-17T18:48:05Z,
13.70.121.95,ipv4,malicious-ip,medium,WHITE,ziyadnz/hourly-ipv4,ziyadnz|hourly,2026-08-17T18:48:05Z,2026-08-17T18:48:05Z,
13.70.185.98,ipv4,malicious-ip,medium,WHITE,ziyadnz/hourly-ipv4,ziyadnz|hourly,2026-08-17T18:48:05Z,2026-08-17T18:48:05Z,
13.70.19.40,ipv4,malicious-ip,medium,WHITE,ziyadnz/hourly-ipv4,ziyadnz|hourly,2026-08-17T18:48:05Z,2026-08-17T18:48:05Z,
13.70.196.114,ipv4,malicious-ip,medium,WHITE,ziyadnz/hourly-ipv4,ziyadnz|hourly,2026-08-17T18:48:05Z,2026-08-17T18:48:05Z,
13.70.25.162,ipv4,malicious-ip,medium,WHITE,ziyadnz/hourly-ipv4,ziyadnz|hourly,2026-08-17T18:48:05Z,2026-08-17T18:48:05Z,
13.70.31.112,ipv4,malicious-ip,medium,WHITE,ziyadnz/hourly-ipv4,ziyadnz|hourly,2026-08-17T18:48:05Z,2026-08-17T18:48:05Z,
13.70.62.158,ipv4,malicious-ip,medium,WHITE,ziyadnz/hourly-ipv4,ziyadnz|hourly,2026-08-17T18:48:05Z,2026-08-17T18:48:05Z,
13.72.110.24,ipv4,malicious-ip,medium,WHITE,ziyadnz/hourly-ipv4,ziyadnz|hourly,2026-08-17T18:48:05Z,2026-08-17T18:48:05Z,
13.72.73.58,ipv4,malicious-ip,medium,WHITE,ziyadnz/hourly-ipv4,ziyadnz|hourly,2026-08-17T18:48:05Z,2026-08-17T18:48:05Z,
13.81.183.29,ipv4,malicious-ip,medium,WHITE,ziyadnz/hourly-ipv4,ziyadnz|hourly,2026-08-17T18:48:05Z,2026-08-17T18:48:05Z,
13.81.183.30,ipv4,malicious-ip,medium,WHITE,ziyadnz/hourly-ipv4,ziyadnz|hourly,2026-08-17T18:48:05Z,2026-08-17T18:48:05Z,
13.83.166.246,ipv4,malicious-ip,medium,WHITE,ziyadnz/hourly-ipv4,ziyadnz|hourly,2026-08-17T18:48:05Z,2026-08-17T18:48:05Z,
13.86.104.104,ipv4,malicious-ip,medium,WHITE,ziyadnz/hourly-ipv4,ziyadnz|hourly,2026-08-17T18:48:05Z,2026-08-17T18:48:05Z,
13.86.104.14,ipv4,malicious-ip,medium,WHITE,ziyadnz/hourly-ipv4,ziyadnz|hourly,2026-08-17T18:48:05Z,2026-08-17T18:48:05Z,
13.86.104.42,ipv4,malicious-ip,medium,WHITE,ziyadnz/hourly-ipv4,ziyadnz|hourly,2026-08-17T18:48:05Z,2026-08-17T18:48:05Z,
13.86.104.46,ipv4,malicious-ip,medium,WHITE,ziyadnz/hourly-ipv4,ziyadnz|hourly,2026-08-17T18:48:05Z,2026-08-17T18:48:05Z,
13.86.105.19,ipv4,malicious-ip,medium,WHITE,ziyadnz/hourly-ipv4,ziyadnz|hourly,2026-08-17T18:48:05Z,2026-08-17T18:48:05Z,
13.86.105.235,ipv4,malicious-ip,medium,WHITE,ziyadnz/hourly-ipv4,ziyadnz|hourly,2026-08-17T18:48:05Z,2026-08-17T18:48:05Z,
13.86.106.3,ipv4,malicious-ip,medium,WHITE,ziyadnz/hourly-ipv4,ziyadnz|hourly,2026-08-17T18:48:05Z,2026-08-17T18:48:05Z,
13.89.120.212,ipv4,malicious-ip,medium,WHITE,ziyadnz/hourly-ipv4,ziyadnz|hourly,2026-08-17T18:48:05Z,2026-08-17T18:48:05Z,
13.89.121.92,ipv4,malicious-ip,medium,WHITE,ziyadnz/hourly-ipv4,ziyadnz|hourly,2026-08-17T18:48:05Z,2026-08-17T18:48:05Z,
13.89.124.0,ipv4,malicious-ip,medium,WHITE,ziyadnz/hourly-ipv4,ziyadnz|hourly,2026-08-17T18:48:05Z,2026-08-17T18:48:05Z,
13.89.124.208,ipv4,malicious-ip,medium,WHITE,ziyadnz/hourly-ipv4,ziyadnz|hourly,2026-08-17T18:48:05Z,2026-08-17T18:48:05Z,
13.89.124.209,ipv4,malicious-ip,medium,WHITE,ziyadnz/hourly-ipv4,ziyadnz|hourly,2026-08-17T18:48:05Z,2026-08-17T18:48:05Z,
13.89.124.211,ipv4,malicious-ip,medium,WHITE,ziyadnz/hourly-ipv4,ziyadnz|hourly,2026-08-17T18:48:05Z,2026-08-17T18:48:05Z,
13.89.124.215,ipv4,malicious-ip,medium,WHITE,ziyadnz/hourly-ipv4,ziyadnz|hourly,2026-08-17T18:48:05Z,2026-08-17T18:48:05Z,
13.89.124.216,ipv4,malicious-ip,medium,WHITE,ziyadnz/hourly-ipv4,ziyadnz|hourly,2026-08-17T18:48:05Z,2026-08-17T18:48:05Z,
13.89.124.219,ipv4,malicious-ip,medium,WHITE,ziyadnz/hourly-ipv4,ziyadnz|hourly,2026-08-17T18:48:05Z,2026-08-17T18:48:05Z,
13.89.124.221,ipv4,malicious-ip,medium,WHITE,ziyadnz/hourly-ipv4,ziyadnz|hourly,2026-08-17T18:48:05Z,2026-08-17T18:48:05Z,
13.89.124.222,ipv4,malicious-ip,medium,WHITE,ziyadnz/hourly-ipv4,ziyadnz|hourly,2026-08-17T18:48:05Z,2026-08-17T18:48:05Z,
13.89.125.0,ipv4,malicious-ip,medium,WHITE,ziyadnz/hourly-ipv4,ziyadnz|hourly,2026-08-17T18:48:05Z,2026-08-17T18:48:05Z,
13.89.125.17,ipv4,malicious-ip,medium,WHITE,ziyadnz/hourly-ipv4,ziyadnz|hourly,2026-08-17T18:48:05Z,2026-08-17T18:48:05Z,
13.89.125.18,ipv4,malicious-ip,medium,WHITE,ziyadnz/hourly-ipv4,ziyadnz|hourly,2026-08-17T18:48:05Z,2026-08-17T18:48:05Z,
13.89.125.193,ipv4,malicious-ip,medium,WHITE,ziyadnz/hourly-ipv4,ziyadnz|hourly,2026-08-17T18:48:05Z,2026-08-17T18:48:05Z,
13.89.125.224,ipv4,malicious-ip,medium,WHITE,ziyadnz/hourly-ipv4,ziyadnz|hourly,2026-08-17T18:48:05Z,2026-08-17T18:48:05Z,
13.89.125.227,ipv4,malicious-ip,medium,WHITE,ziyadnz/hourly-ipv4,ziyadnz|hourly,2026-08-17T18:48:05Z,2026-08-17T18:48:05Z,
13.89.125.230,ipv4,malicious-ip,medium,WHITE,ziyadnz/hourly-ipv4,ziyadnz|hourly,2026-08-17T18:48:05Z,2026-08-17T18:48:05Z,
13.89.125.231,ipv4,malicious-ip,medium,WHITE,ziyadnz/hourly-ipv4,ziyadnz|hourly,2026-08-17T18:48:05Z,2026-08-17T18:48:05Z,
13.89.125.24,ipv4,malicious-ip,medium,WHITE,ziyadnz/hourly-ipv4,ziyadnz|hourly,2026-08-17T18:48:05Z,2026-08-17T18:48:05Z,
13.89.125.254,ipv4,malicious-ip,medium,WHITE,ziyadnz/hourly-ipv4,ziyadnz|hourly,2026-08-17T18:48:05Z,2026-08-17T18:48:05Z,
13.89.125.29,ipv4,malicious-ip,medium,WHITE,ziyadnz/hourly-ipv4,ziyadnz|hourly,2026-08-17T18:48:05Z,2026-08-17T18:48:05Z,
13.89.125.31,ipv4,malicious-ip,medium,WHITE,ziyadnz/hourly-ipv4,ziyadnz|hourly,2026-08-17T18:48:05Z,2026-08-17T18:48:05Z,
13.90.18.59,ipv4,malicious-ip,medium,WHITE,ziyadnz/hourly-ipv4,ziyadnz|hourly,2026-08-17T18:48:05Z,2026-08-17T18:48:05Z,
13.90.206.6,ipv4,malicious-ip,medium,WHITE,ziyadnz/hourly-ipv4,ziyadnz|hourly,2026-08-17T18:48:05Z,2026-08-17T18:48:05Z,
13.92.135.230,ipv4,malicious-ip,medium,WHITE,ziyadnz/hourly-ipv4,ziyadnz|hourly,2026-08-17T18:48:05Z,2026-08-17T18:48:05Z,
130.0.13.52,ipv4,malicious-ip,medium,WHITE,ziyadnz/hourly-ipv4,ziyadnz|hourly,2026-08-17T18:48:05Z,2026-08-17T18:48:05Z,
130.105.126.118,ipv4,malicious-ip,medium,WHITE,ziyadnz/hourly-ipv4,ziyadnz|hourly,2026-08-17T18:48:05Z,2026-08-17T18:48:05Z,
130.105.139.168,ipv4,malicious-ip,medium,WHITE,ziyadnz/hourly-ipv4,ziyadnz|hourly,2026-08-17T18:48:05Z,2026-08-17T18:48:05Z,
130.105.244.67,ipv4,malicious-ip,medium,WHITE,ziyadnz/hourly-ipv4,ziyadnz|hourly,2026-08-17T18:48:05Z,2026-08-17T18:48:05Z,
130.105.37.133,ipv4,malicious-ip,medium,WHITE,ziyadnz/hourly-ipv4,ziyadnz|hourly,2026-08-17T18:48:05Z,2026-08-17T18:48:05Z,
130.105.68.17,ipv4,malicious-ip,medium,WHITE,ziyadnz/hourly-ipv4,ziyadnz|hourly,2026-08-17T18:48:05Z,2026-08-17T18:48:05Z,
130.12.140.12,ipv4,malicious-ip,medium,WHITE,ziyadnz/hourly-ipv4,ziyadnz|hourly,2026-08-17T18:48:05Z,2026-08-17T18:48:05Z,
130.12.180.0,ipv4,malicious-ip,medium,WHITE,ziyadnz/hourly-ipv4,ziyadnz|hourly,2026-08-17T18:48:05Z,2026-08-17T18:48:05Z,
130.12.180.105,ipv4,malicious-ip,medium,WHITE,ziyadnz/hourly-ipv4,ziyadnz|hourly,2026-08-17T18:48:05Z,2026-08-17T18:48:05Z,
130.12.180.126,ipv4,malicious-ip,medium,WHITE,ziyadnz/hourly-ipv4,ziyadnz|hourly,2026-08-17T18:48:05Z,2026-08-17T18:48:05Z,
130.12.180.132,ipv4,malicious-ip,medium,WHITE,ziyadnz/hourly-ipv4,ziyadnz|hourly,2026-08-17T18:48:05Z,2026-08-17T18:48:05Z,
130.12.180.15,ipv4,malicious-ip,medium,WHITE,ziyadnz/hourly-ipv4,ziyadnz|hourly,2026-08-17T18:48:05Z,2026-08-17T18:48:05Z,
130.12.180.153,ipv4,malicious-ip,medium,WHITE,ziyadnz/hourly-ipv4,ziyadnz|hourly,2026-08-17T18:48:05Z,2026-08-17T18:48:05Z,
130.12.180.18,ipv4,malicious-ip,medium,WHITE,ziyadnz/hourly-ipv4,ziyadnz|hourly,2026-08-17T18:48:05Z,2026-08-17T18:48:05Z,
130.12.180.20,ipv4,malicious-ip,medium,WHITE,ziyadnz/hourly-ipv4,ziyadnz|hourly,2026-08-17T18:48:05Z,2026-08-17T18:48:05Z,
130.12.180.233,ipv4,malicious-ip,medium,WHITE,ziyadnz/hourly-ipv4,ziyadnz|hourly,2026-08-17T18:48:05Z,2026-08-17T18:48:05Z,
130.12.180.32,ipv4,malicious-ip,medium,WHITE,ziyadnz/hourly-ipv4,ziyadnz|hourly,2026-08-17T18:48:05Z,2026-08-17T18:48:05Z,
130.12.180.36,ipv4,malicious-ip,medium,WHITE,ziyadnz/hourly-ipv4,ziyadnz|hourly,2026-08-17T18:48:05Z,2026-08-17T18:48:05Z,
130.12.180.39,ipv4,malicious-ip,medium,WHITE,ziyadnz/hourly-ipv4,ziyadnz|hourly,2026-08-17T18:48:05Z,2026-08-17T18:48:05Z,
130.12.180.48,ipv4,malicious-ip,medium,WHITE,ziyadnz/hourly-ipv4,ziyadnz|hourly,2026-08-17T18:48:05Z,2026-08-17T18:48:05Z,
130.12.180.65,ipv4,malicious-ip,medium,WHITE,ziyadnz/hourly-ipv4,ziyadnz|hourly,2026-08-17T18:48:05Z,2026-08-17T18:48:05Z,
130.12.180.73,ipv4,malicious-ip,medium,WHITE,ziyadnz/hourly-ipv4,ziyadnz|hourly,2026-08-17T18:48:05Z,2026-08-17T18:48:05Z,
130.12.180.77,ipv4,malicious-ip,medium,WHITE,ziyadnz/hourly-ipv4,ziyadnz|hourly,2026-08-17T18:48:05Z,2026-08-17T18:48:05Z,
130.12.181.118,ipv4,malicious-ip,medium,WHITE,ziyadnz/hourly-ipv4,ziyadnz|hourly,2026-08-17T18:48:05Z,2026-08-17T18:48:05Z,
130.12.181.12,ipv4,malicious-ip,medium,WHITE,ziyadnz/hourly-ipv4,ziyadnz|hourly,2026-08-17T18:48:05Z,2026-08-17T18:48:05Z,
130.12.181.120,ipv4,malicious-ip,medium,WHITE,ziyadnz/hourly-ipv4,ziyadnz|hourly,2026-08-17T18:48:05Z,2026-08-17T18:48:05Z,
130.12.181.62,ipv4,malicious-ip,medium,WHITE,ziyadnz/hourly-ipv4,ziyadnz|hourly,2026-08-17T18:48:05Z,2026-08-17T18:48:05Z,
130.12.182.0,ipv4,malicious-ip,medium,WHITE,ziyadnz/hourly-ipv4,ziyadnz|hourly,2026-08-17T18:48:05Z,2026-08-17T18:48:05Z,
130.12.182.154,ipv4,malicious-ip,medium,WHITE,ziyadnz/hourly-ipv4,ziyadnz|hourly,2026-08-17T18:48:05Z,2026-08-17T18:48:05Z,
130.12.182.223,ipv4,malicious-ip,medium,WHITE,ziyadnz/hourly-ipv4,ziyadnz|hourly,2026-08-17T18:48:05Z,2026-08-17T18:48:05Z,
130.12.182.230,ipv4,malicious-ip,medium,WHITE,ziyadnz/hourly-ipv4,ziyadnz|hourly,2026-08-17T18:48:05Z,2026-08-17T18:48:05Z,
130.12.182.254,ipv4,malicious-ip,medium,WHITE,ziyadnz/hourly-ipv4,ziyadnz|hourly,2026-08-17T18:48:05Z,2026-08-17T18:48:05Z,
130.12.182.67,ipv4,malicious-ip,medium,WHITE,ziyadnz/hourly-ipv4,ziyadnz|hourly,2026-08-17T18:48:05Z,2026-08-17T18:48:05Z,
130.12.182.77,ipv4,malicious-ip,medium,WHITE,ziyadnz/hourly-ipv4,ziyadnz|hourly,2026-08-17T18:48:05Z,2026-08-17T18:48:05Z,
130.12.182.86,ipv4,malicious-ip,medium,WHITE,ziyadnz/hourly-ipv4,ziyadnz|hourly,2026-08-17T18:48:05Z,2026-08-17T18:48:05Z,
130.12.182.98,ipv4,malicious-ip,medium,WHITE,ziyadnz/hourly-ipv4,ziyadnz|hourly,2026-08-17T18:48:05Z,2026-08-17T18:48:05Z,
130.12.209.147,ipv4,malicious-ip,medium,WHITE,ziyadnz/hourly-ipv4,ziyadnz|hourly,2026-08-17T18:48:05Z,2026-08-17T18:48:05Z,
130.12.44.88,ipv4,malicious-ip,medium,WHITE,ziyadnz/hourly-ipv4,ziyadnz|hourly,2026-08-17T18:48:05Z,2026-08-17T18:48:05Z,
130.12.47.8,ipv4,malicious-ip,medium,WHITE,ziyadnz/hourly-ipv4,ziyadnz|hourly,2026-08-17T18:48:05Z,2026-08-17T18:48:05Z,
130.131.161.148,ipv4,malicious-ip,medium,WHITE,ziyadnz/hourly-ipv4,ziyadnz|hourly,2026-08-17T18:48:05Z,2026-08-17T18:48:05Z,
130.131.161.17,ipv4,malicious-ip,medium,WHITE,ziyadnz/hourly-ipv4,ziyadnz|hourly,2026-08-17T18:48:05Z,2026-08-17T18:48:05Z,
130.131.161.238,ipv4,malicious-ip,medium,WHITE,ziyadnz/hourly-ipv4,ziyadnz|hourly,2026-08-17T18:48:05Z,2026-08-17T18:48:05Z,
130.131.161.76,ipv4,malicious-ip,medium,WHITE,ziyadnz/hourly-ipv4,ziyadnz|hourly,2026-08-17T18:48:05Z,2026-08-17T18:48:05Z,
130.131.162.132,ipv4,malicious-ip,medium,WHITE,ziyadnz/hourly-ipv4,ziyadnz|hourly,2026-08-17T18:48:05Z,2026-08-17T18:48:05Z,
130.131.162.156,ipv4,malicious-ip,medium,WHITE,ziyadnz/hourly-ipv4,ziyadnz|hourly,2026-08-17T18:48:05Z,2026-08-17T18:48:05Z,
130.131.162.184,ipv4,malicious-ip,medium,WHITE,ziyadnz/hourly-ipv4,ziyadnz|hourly,2026-08-17T18:48:05Z,2026-08-17T18:48:05Z,
130.131.162.246,ipv4,malicious-ip,medium,WHITE,ziyadnz/hourly-ipv4,ziyadnz|hourly,2026-08-17T18:48:05Z,2026-08-17T18:48:05Z,
130.131.162.82,ipv4,malicious-ip,medium,WHITE,ziyadnz/hourly-ipv4,ziyadnz|hourly,2026-08-17T18:48:05Z,2026-08-17T18:48:05Z,
130.131.163.217,ipv4,malicious-ip,medium,WHITE,ziyadnz/hourly-ipv4,ziyadnz|hourly,2026-08-17T18:48:05Z,2026-08-17T18:48:05Z,
130.131.202.2,ipv4,malicious-ip,medium,WHITE,ziyadnz/hourly-ipv4,ziyadnz|hourly,2026-08-17T18:48:05Z,2026-08-17T18:48:05Z,
130.131.246.87,ipv4,malicious-ip,medium,WHITE,ziyadnz/hourly-ipv4,ziyadnz|hourly,2026-08-17T18:48:05Z,2026-08-17T18:48:05Z,
130.131.3.72,ipv4,malicious-ip,medium,WHITE,ziyadnz/hourly-ipv4,ziyadnz|hourly,2026-08-17T18:48:05Z,2026-08-17T18:48:05Z,
130.131.48.48,ipv4,malicious-ip,medium,WHITE,ziyadnz/hourly-ipv4,ziyadnz|hourly,2026-08-17T18:48:05Z,2026-08-17T18:48:05Z,
130.162.177.104,ipv4,malicious-ip,medium,WHITE,ziyadnz/hourly-ipv4,ziyadnz|hourly,2026-08-17T18:48:05Z,2026-08-17T18:48:05Z,
130.162.56.155,ipv4,malicious-ip,medium,WHITE,ziyadnz/hourly-ipv4,ziyadnz|hourly,2026-08-17T18:48:05Z,2026-08-17T18:48:05Z,
130.164.156.217,ipv4,malicious-ip,medium,WHITE,ziyadnz/hourly-ipv4,ziyadnz|hourly,2026-08-17T18:48:05Z,2026-08-17T18:48:05Z,
130.164.167.80,ipv4,malicious-ip,medium,WHITE,ziyadnz/hourly-ipv4,ziyadnz|hourly,2026-08-17T18:48:05Z,2026-08-17T18:48:05Z,
130.17.0.225,ipv4,malicious-ip,medium,WHITE,ziyadnz/hourly-ipv4,ziyadnz|hourly,2026-08-17T18:48:05Z,2026-08-17T18:48:05Z,
130.17.1.19,ipv4,malicious-ip,medium,WHITE,ziyadnz/hourly-ipv4,ziyadnz|hourly,2026-08-17T18:48:05Z,2026-08-17T18:48:05Z,
130.180.69.209,ipv4,malicious-ip,medium,WHITE,ziyadnz/hourly-ipv4,ziyadnz|hourly,2026-08-17T18:48:05Z,2026-08-17T18:48:05Z,
130.185.101.32,ipv4,malicious-ip,medium,WHITE,ziyadnz/hourly-ipv4,ziyadnz|hourly,2026-08-17T18:48:05Z,2026-08-17T18:48:05Z,
130.185.109.4,ipv4,malicious-ip,medium,WHITE,ziyadnz/hourly-ipv4,ziyadnz|hourly,2026-08-17T18:48:05Z,2026-08-17T18:48:05Z,
130.185.119.2,ipv4,malicious-ip,medium,WHITE,ziyadnz/hourly-ipv4,ziyadnz|hourly,2026-08-17T18:48:05Z,2026-08-17T18:48:05Z,
130.185.119.50,ipv4,malicious-ip,medium,WHITE,ziyadnz/hourly-ipv4,ziyadnz|hourly,2026-08-17T18:48:05Z,2026-08-17T18:48:05Z,
130.185.122.186,ipv4,malicious-ip,medium,WHITE,ziyadnz/hourly-ipv4,ziyadnz|hourly,2026-08-17T18:48:05Z,2026-08-17T18:48:05Z,
130.185.122.21,ipv4,malicious-ip,medium,WHITE,ziyadnz/hourly-ipv4,ziyadnz|hourly,2026-08-17T18:48:05Z,2026-08-17T18:48:05Z,
130.185.213.64,ipv4,malicious-ip,medium,WHITE,ziyadnz/hourly-ipv4,ziyadnz|hourly,2026-08-17T18:48:05Z,2026-08-17T18:48:05Z,
130.185.75.198,ipv4,malicious-ip,medium,WHITE,ziyadnz/hourly-ipv4,ziyadnz|hourly,2026-08-17T18:48:05Z,2026-08-17T18:48:05Z,
130.193.123.157,ipv4,malicious-ip,medium,WHITE,ziyadnz/hourly-ipv4,ziyadnz|hourly,2026-08-17T18:48:05Z,2026-08-17T18:48:05Z,
130.195.216.75,ipv4,malicious-ip,medium,WHITE,ziyadnz/hourly-ipv4,ziyadnz|hourly,2026-08-17T18:48:05Z,2026-08-17T18:48:05Z,
130.195.221.182,ipv4,malicious-ip,medium,WHITE,ziyadnz/hourly-ipv4,ziyadnz|hourly,2026-08-17T18:48:05Z,2026-08-17T18:48:05Z,
130.195.240.12,ipv4,malicious-ip,medium,WHITE,ziyadnz/hourly-ipv4,ziyadnz|hourly,2026-08-17T18:48:05Z,2026-08-17T18:48:05Z,
130.195.240.19,ipv4,malicious-ip,medium,WHITE,ziyadnz/hourly-ipv4,ziyadnz|hourly,2026-08-17T18:48:05Z,2026-08-17T18:48:05Z,
130.195.240.22,ipv4,malicious-ip,medium,WHITE,ziyadnz/hourly-ipv4,ziyadnz|hourly,2026-08-17T18:48:05Z,2026-08-17T18:48:05Z,
130.195.240.3,ipv4,malicious-ip,medium,WHITE,ziyadnz/hourly-ipv4,ziyadnz|hourly,2026-08-17T18:48:05Z,2026-08-17T18:48:05Z,
130.195.241.3,ipv4,malicious-ip,medium,WHITE,ziyadnz/hourly-ipv4,ziyadnz|hourly,2026-08-17T18:48:05Z,2026-08-17T18:48:05Z,
130.204.154.237,ipv4,malicious-ip,medium,WHITE,ziyadnz/hourly-ipv4,ziyadnz|hourly,2026-08-17T18:48:05Z,2026-08-17T18:48:05Z,
130.204.252.234,ipv4,malicious-ip,medium,WHITE,ziyadnz/hourly-ipv4,ziyadnz|hourly,2026-08-17T18:48:05Z,2026-08-17T18:48:05Z,
130.210.38.188,ipv4,malicious-ip,medium,WHITE,ziyadnz/hourly-ipv4,ziyadnz|hourly,2026-08-17T18:48:05Z,2026-08-17T18:48:05Z,
130.210.6.241,ipv4,malicious-ip,medium,WHITE,ziyadnz/hourly-ipv4,ziyadnz|hourly,2026-08-17T18:48:05Z,2026-08-17T18:48:05Z,
130.211.100.132,ipv4,malicious-ip,medium,WHITE,ziyadnz/hourly-ipv4,ziyadnz|hourly,2026-08-17T18:48:05Z,2026-08-17T18:48:05Z,
130.211.109.92,ipv4,malicious-ip,medium,WHITE,ziyadnz/hourly-ipv4,ziyadnz|hourly,2026-08-17T18:48:05Z,2026-08-17T18:48:05Z,
130.211.110.132,ipv4,malicious-ip,medium,WHITE,ziyadnz/hourly-ipv4,ziyadnz|hourly,2026-08-17T18:48:05Z,2026-08-17T18:48:05Z,
130.211.118.46,ipv4,malicious-ip,medium,WHITE,ziyadnz/hourly-ipv4,ziyadnz|hourly,2026-08-17T18:48:05Z,2026-08-17T18:48:05Z,
130.211.209.5,ipv4,malicious-ip,medium,WHITE,ziyadnz/hourly-ipv4,ziyadnz|hourly,2026-08-17T18:48:05Z,2026-08-17T18:48:05Z,
130.211.60.241,ipv4,malicious-ip,medium,WHITE,ziyadnz/hourly-ipv4,ziyadnz|hourly,2026-08-17T18:48:05Z,2026-08-17T18:48:05Z,
130.211.70.143,ipv4,malicious-ip,medium,WHITE,ziyadnz/hourly-ipv4,ziyadnz|hourly,2026-08-17T18:48:05Z,2026-08-17T18:48:05Z,
130.211.75.62,ipv4,malicious-ip,medium,WHITE,ziyadnz/hourly-ipv4,ziyadnz|hourly,2026-08-17T18:48:05Z,2026-08-17T18:48:05Z,
130.211.80.178,ipv4,malicious-ip,medium,WHITE,ziyadnz/hourly-ipv4,ziyadnz|hourly,2026-08-17T18:48:05Z,2026-08-17T18:48:05Z,
130.211.81.255,ipv4,malicious-ip,medium,WHITE,ziyadnz/hourly-ipv4,ziyadnz|hourly,2026-08-17T18:48:05Z,2026-08-17T18:48:05Z,
130.211.83.83,ipv4,malicious-ip,medium,WHITE,ziyadnz/hourly-ipv4,ziyadnz|hourly,2026-08-17T18:48:05Z,2026-08-17T18:48:05Z,
130.211.99.195,ipv4,malicious-ip,medium,WHITE,ziyadnz/hourly-ipv4,ziyadnz|hourly,2026-08-17T18:48:05Z,2026-08-17T18:48:05Z,
130.25.201.139,ipv4,malicious-ip,medium,WHITE,ziyadnz/hourly-ipv4,ziyadnz|hourly,2026-08-17T18:48:05Z,2026-08-17T18:48:05Z,
130.250.191.199,ipv4,malicious-ip,medium,WHITE,ziyadnz/hourly-ipv4,ziyadnz|hourly,2026-08-17T18:48:05Z,2026-08-17T18:48:05Z,
130.250.191.214,ipv4,malicious-ip,medium,WHITE,ziyadnz/hourly-ipv4,ziyadnz|hourly,2026-08-17T18:48:05Z,2026-08-17T18:48:05Z,
130.254.47.171,ipv4,malicious-ip,medium,WHITE,ziyadnz/hourly-ipv4,ziyadnz|hourly,2026-08-17T18:48:05Z,2026-08-17T18:48:05Z,
130.33.156.194,ipv4,malicious-ip,medium,WHITE,ziyadnz/hourly-ipv4,ziyadnz|hourly,2026-08-17T18:48:05Z,2026-08-17T18:48:05Z,
130.43.209.26,ipv4,malicious-ip,medium,WHITE,ziyadnz/hourly-ipv4,ziyadnz|hourly,2026-08-17T18:48:05Z,2026-08-17T18:48:05Z,
130.43.212.17,ipv4,malicious-ip,medium,WHITE,ziyadnz/hourly-ipv4,ziyadnz|hourly,2026-08-17T18:48:05Z,2026-08-17T18:48:05Z,
130.44.16.113,ipv4,malicious-ip,medium,WHITE,ziyadnz/hourly-ipv4,ziyadnz|hourly,2026-08-17T18:48:05Z,2026-08-17T18:48:05Z,
130.49.189.41,ipv4,malicious-ip,medium,WHITE,ziyadnz/hourly-ipv4,ziyadnz|hourly,2026-08-17T18:48:05Z,2026-08-17T18:48:05Z,
130.49.189.48,ipv4,malicious-ip,medium,WHITE,ziyadnz/hourly-ipv4,ziyadnz|hourly,2026-08-17T18:48:05Z,2026-08-17T18:48:05Z,
130.49.215.20,ipv4,malicious-ip,medium,WHITE,ziyadnz/hourly-ipv4,ziyadnz|hourly,2026-08-17T18:48:05Z,2026-08-17T18:48:05Z,
130.49.215.30,ipv4,malicious-ip,medium,WHITE,ziyadnz/hourly-ipv4,ziyadnz|hourly,2026-08-17T18:48:05Z,2026-08-17T18:48:05Z,
130.49.215.35,ipv4,malicious-ip,medium,WHITE,ziyadnz/hourly-ipv4,ziyadnz|hourly,2026-08-17T18:48:05Z,2026-08-17T18:48:05Z,
130.49.215.57,ipv4,malicious-ip,medium,WHITE,ziyadnz/hourly-ipv4,ziyadnz|hourly,2026-08-17T18:48:05Z,2026-08-17T18:48:05Z,
130.49.215.64,ipv4,malicious-ip,medium,WHITE,ziyadnz/hourly-ipv4,ziyadnz|hourly,2026-08-17T18:48:05Z,2026-08-17T18:48:05Z,
130.49.215.77,ipv4,malicious-ip,medium,WHITE,ziyadnz/hourly-ipv4,ziyadnz|hourly,2026-08-17T18:48:05Z,2026-08-17T18:48:05Z,
130.49.215.89,ipv4,malicious-ip,medium,WHITE,ziyadnz/hourly-ipv4,ziyadnz|hourly,2026-08-17T18:48:05Z,2026-08-17T18:48:05Z,
130.49.78.159,ipv4,malicious-ip,medium,WHITE,ziyadnz/hourly-ipv4,ziyadnz|hourly,2026-08-17T18:48:05Z,2026-08-17T18:48:05Z,
130.51.21.20,ipv4,malicious-ip,medium,WHITE,ziyadnz/hourly-ipv4,ziyadnz|hourly,2026-08-17T18:48:05Z,2026-08-17T18:48:05Z,
130.51.22.101,ipv4,malicious-ip,medium,WHITE,ziyadnz/hourly-ipv4,ziyadnz|hourly,2026-08-17T18:48:05Z,2026-08-17T18:48:05Z,
130.61.136.100,ipv4,malicious-ip,medium,WHITE,ziyadnz/hourly-ipv4,ziyadnz|hourly,2026-08-17T18:48:05Z,2026-08-17T18:48:05Z,
130.61.152.179,ipv4,malicious-ip,medium,WHITE,ziyadnz/hourly-ipv4,ziyadnz|hourly,2026-08-17T18:48:05Z,2026-08-17T18:48:05Z,
130.61.24.69,ipv4,malicious-ip,medium,WHITE,ziyadnz/hourly-ipv4,ziyadnz|hourly,2026-08-17T18:48:05Z,2026-08-17T18:48:05Z,
130.61.40.167,ipv4,malicious-ip,medium,WHITE,ziyadnz/hourly-ipv4,ziyadnz|hourly,2026-08-17T18:48:05Z,2026-08-17T18:48:05Z,
130.61.64.122,ipv4,malicious-ip,medium,WHITE,ziyadnz/hourly-ipv4,ziyadnz|hourly,2026-08-17T18:48:05Z,2026-08-17T18:48:05Z,
130.61.69.123,ipv4,malicious-ip,medium,WHITE,ziyadnz/hourly-ipv4,ziyadnz|hourly,2026-08-17T18:48:05Z,2026-08-17T18:48:05Z,
130.61.73.238,ipv4,malicious-ip,medium,WHITE,ziyadnz/hourly-ipv4,ziyadnz|hourly,2026-08-17T18:48:05Z,2026-08-17T18:48:05Z,
130.93.191.81,ipv4,malicious-ip,medium,WHITE,ziyadnz/hourly-ipv4,ziyadnz|hourly,2026-08-17T18:48:05Z,2026-08-17T18:48:05Z,
130.94.11.17,ipv4,malicious-ip,medium,WHITE,ziyadnz/hourly-ipv4,ziyadnz|hourly,2026-08-17T18:48:05Z,2026-08-17T18:48:05Z,
130.94.17.180,ipv4,malicious-ip,medium,WHITE,ziyadnz/hourly-ipv4,ziyadnz|hourly,2026-08-17T18:48:05Z,2026-08-17T18:48:05Z,
130.94.21.168,ipv4,malicious-ip,medium,WHITE,ziyadnz/hourly-ipv4,ziyadnz|hourly,2026-08-17T18:48:05Z,2026-08-17T18:48:05Z,
130.94.23.39,ipv4,malicious-ip,medium,WHITE,ziyadnz/hourly-ipv4,ziyadnz|hourly,2026-08-17T18:48:05Z,2026-08-17T18:48:05Z,
130.94.30.168,ipv4,malicious-ip,medium,WHITE,ziyadnz/hourly-ipv4,ziyadnz|hourly,2026-08-17T18:48:05Z,2026-08-17T18:48:05Z,
130.94.30.253,ipv4,malicious-ip,medium,WHITE,ziyadnz/hourly-ipv4,ziyadnz|hourly,2026-08-17T18:48:05Z,2026-08-17T18:48:05Z,
130.94.32.155,ipv4,malicious-ip,medium,WHITE,ziyadnz/hourly-ipv4,ziyadnz|hourly,2026-08-17T18:48:05Z,2026-08-17T18:48:05Z,
130.94.41.206,ipv4,malicious-ip,medium,WHITE,ziyadnz/hourly-ipv4,ziyadnz|hourly,2026-08-17T18:48:05Z,2026-08-17T18:48:05Z,
130.94.42.199,ipv4,malicious-ip,medium,WHITE,ziyadnz/hourly-ipv4,ziyadnz|hourly,2026-08-17T18:48:05Z,2026-08-17T18:48:05Z,
130.94.57.219,ipv4,malicious-ip,medium,WHITE,ziyadnz/hourly-ipv4,ziyadnz|hourly,2026-08-17T18:48:05Z,2026-08-17T18:48:05Z,
130.94.6.228,ipv4,malicious-ip,medium,WHITE,ziyadnz/hourly-ipv4,ziyadnz|hourly,2026-08-17T18:48:05Z,2026-08-17T18:48:05Z,
130.94.66.77,ipv4,malicious-ip,medium,WHITE,ziyadnz/hourly-ipv4,ziyadnz|hourly,2026-08-17T18:48:05Z,2026-08-17T18:48:05Z,
130.94.89.112,ipv4,malicious-ip,medium,WHITE,ziyadnz/hourly-ipv4,ziyadnz|hourly,2026-08-17T18:48:05Z,2026-08-17T18:48:05Z,
131.0.120.75,ipv4,malicious-ip,medium,WHITE,ziyadnz/hourly-ipv4,ziyadnz|hourly,2026-08-17T18:48:05Z,2026-08-17T18:48:05Z,
131.0.122.239,ipv4,malicious-ip,medium,WHITE,ziyadnz/hourly-ipv4,ziyadnz|hourly,2026-08-17T18:48:05Z,2026-08-17T18:48:05Z,
131.0.123.139,ipv4,malicious-ip,medium,WHITE,ziyadnz/hourly-ipv4,ziyadnz|hourly,2026-08-17T18:48:05Z,2026-08-17T18:48:05Z,
131.0.163.84,ipv4,malicious-ip,medium,WHITE,ziyadnz/hourly-ipv4,ziyadnz|hourly,2026-08-17T18:48:05Z,2026-08-17T18:48:05Z,
131.0.164.120,ipv4,malicious-ip,medium,WHITE,ziyadnz/hourly-ipv4,ziyadnz|hourly,2026-08-17T18:48:05Z,2026-08-17T18:48:05Z,
131.0.204.68,ipv4,malicious-ip,medium,WHITE,ziyadnz/hourly-ipv4,ziyadnz|hourly,2026-08-17T18:48:05Z,2026-08-17T18:48:05Z,
131.0.205.116,ipv4,malicious-ip,medium,WHITE,ziyadnz/hourly-ipv4,ziyadnz|hourly,2026-08-17T18:48:05Z,2026-08-17T18:48:05Z,
131.0.225.248,ipv4,malicious-ip,medium,WHITE,ziyadnz/hourly-ipv4,ziyadnz|hourly,2026-08-17T18:48:05Z,2026-08-17T18:48:05Z,
131.0.228.219,ipv4,malicious-ip,medium,WHITE,ziyadnz/hourly-ipv4,ziyadnz|hourly,2026-08-17T18:48:05Z,2026-08-17T18:48:05Z,
131.0.234.177,ipv4,malicious-ip,medium,WHITE,ziyadnz/hourly-ipv4,ziyadnz|hourly,2026-08-17T18:48:05Z,2026-08-17T18:48:05Z,
131.0.235.21,ipv4,malicious-ip,medium,WHITE,ziyadnz/hourly-ipv4,ziyadnz|hourly,2026-08-17T18:48:05Z,2026-08-17T18:48:05Z,
131.0.235.49,ipv4,malicious-ip,medium,WHITE,ziyadnz/hourly-ipv4,ziyadnz|hourly,2026-08-17T18:48:05Z,2026-08-17T18:48:05Z,
131.0.248.120,ipv4,malicious-ip,medium,WHITE,ziyadnz/hourly-ipv4,ziyadnz|hourly,2026-08-17T18:48:05Z,2026-08-17T18:48:05Z,
131.0.248.153,ipv4,malicious-ip,medium,WHITE,ziyadnz/hourly-ipv4,ziyadnz|hourly,2026-08-17T18:48:05Z,2026-08-17T18:48:05Z,
131.0.248.231,ipv4,malicious-ip,medium,WHITE,ziyadnz/hourly-ipv4,ziyadnz|hourly,2026-08-17T18:48:05Z,2026-08-17T18:48:05Z,
131.0.248.71,ipv4,malicious-ip,medium,WHITE,ziyadnz/hourly-ipv4,ziyadnz|hourly,2026-08-17T18:48:05Z,2026-08-17T18:48:05Z,
131.0.248.88,ipv4,malicious-ip,medium,WHITE,ziyadnz/hourly-ipv4,ziyadnz|hourly,2026-08-17T18:48:05Z,2026-08-17T18:48:05Z,
131.0.249.222,ipv4,malicious-ip,medium,WHITE,ziyadnz/hourly-ipv4,ziyadnz|hourly,2026-08-17T18:48:05Z,2026-08-17T18:48:05Z,
131.0.249.35,ipv4,malicious-ip,medium,WHITE,ziyadnz/hourly-ipv4,ziyadnz|hourly,2026-08-17T18:48:05Z,2026-08-17T18:48:05Z,
131.0.48.215,ipv4,malicious-ip,medium,WHITE,ziyadnz/hourly-ipv4,ziyadnz|hourly,2026-08-17T18:48:05Z,2026-08-17T18:48:05Z,
131.0.51.171,ipv4,malicious-ip,medium,WHITE,ziyadnz/hourly-ipv4,ziyadnz|hourly,2026-08-17T18:48:05Z,2026-08-17T18:48:05Z,
131.0.51.180,ipv4,malicious-ip,medium,WHITE,ziyadnz/hourly-ipv4,ziyadnz|hourly,2026-08-17T18:48:05Z,2026-08-17T18:48:05Z,
131.0.51.50,ipv4,malicious-ip,medium,WHITE,ziyadnz/hourly-ipv4,ziyadnz|hourly,2026-08-17T18:48:05Z,2026-08-17T18:48:05Z,
131.0.64.119,ipv4,malicious-ip,medium,WHITE,ziyadnz/hourly-ipv4,ziyadnz|hourly,2026-08-17T18:48:05Z,2026-08-17T18:48:05Z,
131.0.79.84,ipv4,malicious-ip,medium,WHITE,ziyadnz/hourly-ipv4,ziyadnz|hourly,2026-08-17T18:48:05Z,2026-08-17T18:48:05Z,
131.100.130.139,ipv4,malicious-ip,medium,WHITE,ziyadnz/hourly-ipv4,ziyadnz|hourly,2026-08-17T18:48:05Z,2026-08-17T18:48:05Z,
131.100.136.239,ipv4,malicious-ip,medium,WHITE,ziyadnz/hourly-ipv4,ziyadnz|hourly,2026-08-17T18:48:05Z,2026-08-17T18:48:05Z,
131.100.138.18,ipv4,malicious-ip,medium,WHITE,ziyadnz/hourly-ipv4,ziyadnz|hourly,2026-08-17T18:48:05Z,2026-08-17T18:48:05Z,
131.100.138.36,ipv4,malicious-ip,medium,WHITE,ziyadnz/hourly-ipv4,ziyadnz|hourly,2026-08-17T18:48:05Z,2026-08-17T18:48:05Z,
131.100.197.14,ipv4,malicious-ip,medium,WHITE,ziyadnz/hourly-ipv4,ziyadnz|hourly,2026-08-17T18:48:05Z,2026-08-17T18:48:05Z,
131.100.197.180,ipv4,malicious-ip,medium,WHITE,ziyadnz/hourly-ipv4,ziyadnz|hourly,2026-08-17T18:48:05Z,2026-08-17T18:48:05Z,
131.100.205.203,ipv4,malicious-ip,medium,WHITE,ziyadnz/hourly-ipv4,ziyadnz|hourly,2026-08-17T18:48:05Z,2026-08-17T18:48:05Z,
131.100.207.2,ipv4,malicious-ip,medium,WHITE,ziyadnz/hourly-ipv4,ziyadnz|hourly,2026-08-17T18:48:05Z,2026-08-17T18:48:05Z,
131.100.217.243,ipv4,malicious-ip,medium,WHITE,ziyadnz/hourly-ipv4,ziyadnz|hourly,2026-08-17T18:48:05Z,2026-08-17T18:48:05Z,
131.100.222.134,ipv4,malicious-ip,medium,WHITE,ziyadnz/hourly-ipv4,ziyadnz|hourly,2026-08-17T18:48:05Z,2026-08-17T18:48:05Z,
131.100.24.231,ipv4,malicious-ip,medium,WHITE,ziyadnz/hourly-ipv4,ziyadnz|hourly,2026-08-17T18:48:05Z,2026-08-17T18:48:05Z,
131.100.254.62,ipv4,malicious-ip,medium,WHITE,ziyadnz/hourly-ipv4,ziyadnz|hourly,2026-08-17T18:48:05Z,2026-08-17T18:48:05Z,
131.100.254.82,ipv4,malicious-ip,medium,WHITE,ziyadnz/hourly-ipv4,ziyadnz|hourly,2026-08-17T18:48:05Z,2026-08-17T18:48:05Z,
131.100.74.103,ipv4,malicious-ip,medium,WHITE,ziyadnz/hourly-ipv4,ziyadnz|hourly,2026-08-17T18:48:05Z,2026-08-17T18:48:05Z,
131.106.168.223,ipv4,malicious-ip,medium,WHITE,ziyadnz/hourly-ipv4,ziyadnz|hourly,2026-08-17T18:48:05Z,2026-08-17T18:48:05Z,
131.108.163.128,ipv4,malicious-ip,medium,WHITE,ziyadnz/hourly-ipv4,ziyadnz|hourly,2026-08-17T18:48:05Z,2026-08-17T18:48:05Z,
131.108.201.71,ipv4,malicious-ip,medium,WHITE,ziyadnz/hourly-ipv4,ziyadnz|hourly,2026-08-17T18:48:05Z,2026-08-17T18:48:05Z,
131.108.227.232,ipv4,malicious-ip,medium,WHITE,ziyadnz/hourly-ipv4,ziyadnz|hourly,2026-08-17T18:48:05Z,2026-08-17T18:48:05Z,
131.108.7.174,ipv4,malicious-ip,medium,WHITE,ziyadnz/hourly-ipv4,ziyadnz|hourly,2026-08-17T18:48:05Z,2026-08-17T18:48:05Z,
131.108.80.123,ipv4,malicious-ip,medium,WHITE,ziyadnz/hourly-ipv4,ziyadnz|hourly,2026-08-17T18:48:05Z,2026-08-17T18:48:05Z,
131.117.188.110,ipv4,malicious-ip,medium,WHITE,ziyadnz/hourly-ipv4,ziyadnz|hourly,2026-08-17T18:48:05Z,2026-08-17T18:48:05Z,
131.123.42.114,ipv4,malicious-ip,medium,WHITE,ziyadnz/hourly-ipv4,ziyadnz|hourly,2026-08-17T18:48:05Z,2026-08-17T18:48:05Z,
131.143.241.134,ipv4,malicious-ip,medium,WHITE,ziyadnz/hourly-ipv4,ziyadnz|hourly,2026-08-17T18:48:05Z,2026-08-17T18:48:05Z,
131.150.216.118,ipv4,malicious-ip,medium,WHITE,ziyadnz/hourly-ipv4,ziyadnz|hourly,2026-08-17T18:48:05Z,2026-08-17T18:48:05Z,
131.153.13.235,ipv4,malicious-ip,medium,WHITE,ziyadnz/hourly-ipv4,ziyadnz|hourly,2026-08-17T18:48:05Z,2026-08-17T18:48:05Z,
131.153.205.244,ipv4,malicious-ip,medium,WHITE,ziyadnz/hourly-ipv4,ziyadnz|hourly,2026-08-17T18:48:05Z,2026-08-17T18:48:05Z,
131.159.24.205,ipv4,malicious-ip,medium,WHITE,ziyadnz/hourly-ipv4,ziyadnz|hourly,2026-08-17T18:48:05Z,2026-08-17T18:48:05Z,
131.161.104.35,ipv4,malicious-ip,medium,WHITE,ziyadnz/hourly-ipv4,ziyadnz|hourly,2026-08-17T18:48:05Z,2026-08-17T18:48:05Z,
131.161.126.34,ipv4,malicious-ip,medium,WHITE,ziyadnz/hourly-ipv4,ziyadnz|hourly,2026-08-17T18:48:05Z,2026-08-17T18:48:05Z,
131.161.223.131,ipv4,malicious-ip,medium,WHITE,ziyadnz/hourly-ipv4,ziyadnz|hourly,2026-08-17T18:48:05Z,2026-08-17T18:48:05Z,
131.161.225.56,ipv4,malicious-ip,medium,WHITE,ziyadnz/hourly-ipv4,ziyadnz|hourly,2026-08-17T18:48:05Z,2026-08-17T18:48:05Z,
131.161.228.72,ipv4,malicious-ip,medium,WHITE,ziyadnz/hourly-ipv4,ziyadnz|hourly,2026-08-17T18:48:05Z,2026-08-17T18:48:05Z,
131.161.237.210,ipv4,malicious-ip,medium,WHITE,ziyadnz/hourly-ipv4,ziyadnz|hourly,2026-08-17T18:48:05Z,2026-08-17T18:48:05Z,
131.161.44.128,ipv4,malicious-ip,medium,WHITE,ziyadnz/hourly-ipv4,ziyadnz|hourly,2026-08-17T18:48:05Z,2026-08-17T18:48:05Z,
131.161.45.60,ipv4,malicious-ip,medium,WHITE,ziyadnz/hourly-ipv4,ziyadnz|hourly,2026-08-17T18:48:05Z,2026-08-17T18:48:05Z,
131.161.45.62,ipv4,malicious-ip,medium,WHITE,ziyadnz/hourly-ipv4,ziyadnz|hourly,2026-08-17T18:48:05Z,2026-08-17T18:48:05Z,
131.161.45.63,ipv4,malicious-ip,medium,WHITE,ziyadnz/hourly-ipv4,ziyadnz|hourly,2026-08-17T18:48:05Z,2026-08-17T18:48:05Z,
131.161.54.13,ipv4,malicious-ip,medium,WHITE,ziyadnz/hourly-ipv4,ziyadnz|hourly,2026-08-17T18:48:05Z,2026-08-17T18:48:05Z,
131.161.54.14,ipv4,malicious-ip,medium,WHITE,ziyadnz/hourly-ipv4,ziyadnz|hourly,2026-08-17T18:48:05Z,2026-08-17T18:48:05Z,
131.161.55.5,ipv4,malicious-ip,medium,WHITE,ziyadnz/hourly-ipv4,ziyadnz|hourly,2026-08-17T18:48:05Z,2026-08-17T18:48:05Z,
131.161.64.217,ipv4,malicious-ip,medium,WHITE,ziyadnz/hourly-ipv4,ziyadnz|hourly,2026-08-17T18:48:05Z,2026-08-17T18:48:05Z,
131.174.164.238,ipv4,malicious-ip,medium,WHITE,ziyadnz/hourly-ipv4,ziyadnz|hourly,2026-08-17T18:48:05Z,2026-08-17T18:48:05Z,
131.186.43.158,ipv4,malicious-ip,medium,WHITE,ziyadnz/hourly-ipv4,ziyadnz|hourly,2026-08-17T18:48:05Z,2026-08-17T18:48:05Z,
131.196.104.119,ipv4,malicious-ip,medium,WHITE,ziyadnz/hourly-ipv4,ziyadnz|hourly,2026-08-17T18:48:05Z,2026-08-17T18:48:05Z,
131.196.111.244,ipv4,malicious-ip,medium,WHITE,ziyadnz/hourly-ipv4,ziyadnz|hourly,2026-08-17T18:48:05Z,2026-08-17T18:48:05Z,
131.196.129.225,ipv4,malicious-ip,medium,WHITE,ziyadnz/hourly-ipv4,ziyadnz|hourly,2026-08-17T18:48:05Z,2026-08-17T18:48:05Z,
131.196.14.35,ipv4,malicious-ip,medium,WHITE,ziyadnz/hourly-ipv4,ziyadnz|hourly,2026-08-17T18:48:05Z,2026-08-17T18:48:05Z,
131.196.14.83,ipv4,malicious-ip,medium,WHITE,ziyadnz/hourly-ipv4,ziyadnz|hourly,2026-08-17T18:48:05Z,2026-08-17T18:48:05Z,
131.196.160.238,ipv4,malicious-ip,medium,WHITE,ziyadnz/hourly-ipv4,ziyadnz|hourly,2026-08-17T18:48:05Z,2026-08-17T18:48:05Z,
131.196.161.246,ipv4,malicious-ip,medium,WHITE,ziyadnz/hourly-ipv4,ziyadnz|hourly,2026-08-17T18:48:05Z,2026-08-17T18:48:05Z,
131.196.22.219,ipv4,malicious-ip,medium,WHITE,ziyadnz/hourly-ipv4,ziyadnz|hourly,2026-08-17T18:48:05Z,2026-08-17T18:48:05Z,
131.196.243.123,ipv4,malicious-ip,medium,WHITE,ziyadnz/hourly-ipv4,ziyadnz|hourly,2026-08-17T18:48:05Z,2026-08-17T18:48:05Z,
131.196.40.89,ipv4,malicious-ip,medium,WHITE,ziyadnz/hourly-ipv4,ziyadnz|hourly,2026-08-17T18:48:05Z,2026-08-17T18:48:05Z,
131.196.44.181,ipv4,malicious-ip,medium,WHITE,ziyadnz/hourly-ipv4,ziyadnz|hourly,2026-08-17T18:48:05Z,2026-08-17T18:48:05Z,
131.196.76.130,ipv4,malicious-ip,medium,WHITE,ziyadnz/hourly-ipv4,ziyadnz|hourly,2026-08-17T18:48:05Z,2026-08-17T18:48:05Z,
131.196.77.14,ipv4,malicious-ip,medium,WHITE,ziyadnz/hourly-ipv4,ziyadnz|hourly,2026-08-17T18:48:05Z,2026-08-17T18:48:05Z,
131.196.79.1,ipv4,malicious-ip,medium,WHITE,ziyadnz/hourly-ipv4,ziyadnz|hourly,2026-08-17T18:48:05Z,2026-08-17T18:48:05Z,
131.196.87.135,ipv4,malicious-ip,medium,WHITE,ziyadnz/hourly-ipv4,ziyadnz|hourly,2026-08-17T18:48:05Z,2026-08-17T18:48:05Z,
131.196.87.245,ipv4,malicious-ip,medium,WHITE,ziyadnz/hourly-ipv4,ziyadnz|hourly,2026-08-17T18:48:05Z,2026-08-17T18:48:05Z,
131.196.9.91,ipv4,malicious-ip,medium,WHITE,ziyadnz/hourly-ipv4,ziyadnz|hourly,2026-08-17T18:48:05Z,2026-08-17T18:48:05Z,
131.196.96.197,ipv4,malicious-ip,medium,WHITE,ziyadnz/hourly-ipv4,ziyadnz|hourly,2026-08-17T18:48:05Z,2026-08-17T18:48:05Z,
131.221.12.102,ipv4,malicious-ip,medium,WHITE,ziyadnz/hourly-ipv4,ziyadnz|hourly,2026-08-17T18:48:05Z,2026-08-17T18:48:05Z,
131.221.133.6,ipv4,malicious-ip,medium,WHITE,ziyadnz/hourly-ipv4,ziyadnz|hourly,2026-08-17T18:48:05Z,2026-08-17T18:48:05Z,
131.221.192.214,ipv4,malicious-ip,medium,WHITE,ziyadnz/hourly-ipv4,ziyadnz|hourly,2026-08-17T18:48:05Z,2026-08-17T18:48:05Z,
131.221.236.23,ipv4,malicious-ip,medium,WHITE,ziyadnz/hourly-ipv4,ziyadnz|hourly,2026-08-17T18:48:05Z,2026-08-17T18:48:05Z,
131.221.50.39,ipv4,malicious-ip,medium,WHITE,ziyadnz/hourly-ipv4,ziyadnz|hourly,2026-08-17T18:48:05Z,2026-08-17T18:48:05Z,
131.221.51.72,ipv4,malicious-ip,medium,WHITE,ziyadnz/hourly-ipv4,ziyadnz|hourly,2026-08-17T18:48:05Z,2026-08-17T18:48:05Z,
131.221.67.206,ipv4,malicious-ip,medium,WHITE,ziyadnz/hourly-ipv4,ziyadnz|hourly,2026-08-17T18:48:05Z,2026-08-17T18:48:05Z,
131.221.67.207,ipv4,malicious-ip,medium,WHITE,ziyadnz/hourly-ipv4,ziyadnz|hourly,2026-08-17T18:48:05Z,2026-08-17T18:48:05Z,
131.222.245.12,ipv4,malicious-ip,medium,WHITE,ziyadnz/hourly-ipv4,ziyadnz|hourly,2026-08-17T18:48:05Z,2026-08-17T18:48:05Z,
131.222.246.24,ipv4,malicious-ip,medium,WHITE,ziyadnz/hourly-ipv4,ziyadnz|hourly,2026-08-17T18:48:05Z,2026-08-17T18:48:05Z,
131.222.251.75,ipv4,malicious-ip,medium,WHITE,ziyadnz/hourly-ipv4,ziyadnz|hourly,2026-08-17T18:48:05Z,2026-08-17T18:48:05Z,
131.222.253.99,ipv4,malicious-ip,medium,WHITE,ziyadnz/hourly-ipv4,ziyadnz|hourly,2026-08-17T18:48:05Z,2026-08-17T18:48:05Z,
131.226.101.85,ipv4,malicious-ip,medium,WHITE,ziyadnz/hourly-ipv4,ziyadnz|hourly,2026-08-17T18:48:05Z,2026-08-17T18:48:05Z,
131.226.113.16,ipv4,malicious-ip,medium,WHITE,ziyadnz/hourly-ipv4,ziyadnz|hourly,2026-08-17T18:48:05Z,2026-08-17T18:48:05Z,
131.226.2.6,ipv4,malicious-ip,medium,WHITE,ziyadnz/hourly-ipv4,ziyadnz|hourly,2026-08-17T18:48:05Z,2026-08-17T18:48:05Z,
131.255.118.7,ipv4,malicious-ip,medium,WHITE,ziyadnz/hourly-ipv4,ziyadnz|hourly,2026-08-17T18:48:05Z,2026-08-17T18:48:05Z,
131.255.144.183,ipv4,malicious-ip,medium,WHITE,ziyadnz/hourly-ipv4,ziyadnz|hourly,2026-08-17T18:48:05Z,2026-08-17T18:48:05Z,
131.255.152.2,ipv4,malicious-ip,medium,WHITE,ziyadnz/hourly-ipv4,ziyadnz|hourly,2026-08-17T18:48:05Z,2026-08-17T18:48:05Z,
131.255.182.111,ipv4,malicious-ip,medium,WHITE,ziyadnz/hourly-ipv4,ziyadnz|hourly,2026-08-17T18:48:05Z,2026-08-17T18:48:05Z,
131.255.182.29,ipv4,malicious-ip,medium,WHITE,ziyadnz/hourly-ipv4,ziyadnz|hourly,2026-08-17T18:48:05Z,2026-08-17T18:48:05Z,
131.255.182.8,ipv4,malicious-ip,medium,WHITE,ziyadnz/hourly-ipv4,ziyadnz|hourly,2026-08-17T18:48:05Z,2026-08-17T18:48:05Z,
131.255.183.0,ipv4,malicious-ip,medium,WHITE,ziyadnz/hourly-ipv4,ziyadnz|hourly,2026-08-17T18:48:05Z,2026-08-17T18:48:05Z,
131.255.183.1,ipv4,malicious-ip,medium,WHITE,ziyadnz/hourly-ipv4,ziyadnz|hourly,2026-08-17T18:48:05Z,2026-08-17T18:48:05Z,
131.255.183.102,ipv4,malicious-ip,medium,WHITE,ziyadnz/hourly-ipv4,ziyadnz|hourly,2026-08-17T18:48:05Z,2026-08-17T18:48:05Z,
131.255.183.212,ipv4,malicious-ip,medium,WHITE,ziyadnz/hourly-ipv4,ziyadnz|hourly,2026-08-17T18:48:05Z,2026-08-17T18:48:05Z,
131.255.183.248,ipv4,malicious-ip,medium,WHITE,ziyadnz/hourly-ipv4,ziyadnz|hourly,2026-08-17T18:48:05Z,2026-08-17T18:48:05Z,
131.255.183.28,ipv4,malicious-ip,medium,WHITE,ziyadnz/hourly-ipv4,ziyadnz|hourly,2026-08-17T18:48:05Z,2026-08-17T18:48:05Z,
131.255.183.67,ipv4,malicious-ip,medium,WHITE,ziyadnz/hourly-ipv4,ziyadnz|hourly,2026-08-17T18:48:05Z,2026-08-17T18:48:05Z,
131.255.203.196,ipv4,malicious-ip,medium,WHITE,ziyadnz/hourly-ipv4,ziyadnz|hourly,2026-08-17T18:48:05Z,2026-08-17T18:48:05Z,
131.255.203.253,ipv4,malicious-ip,medium,WHITE,ziyadnz/hourly-ipv4,ziyadnz|hourly,2026-08-17T18:48:05Z,2026-08-17T18:48:05Z,
131.255.203.63,ipv4,malicious-ip,medium,WHITE,ziyadnz/hourly-ipv4,ziyadnz|hourly,2026-08-17T18:48:05Z,2026-08-17T18:48:05Z,
131.255.46.57,ipv4,malicious-ip,medium,WHITE,ziyadnz/hourly-ipv4,ziyadnz|hourly,2026-08-17T18:48:05Z,2026-08-17T18:48:05Z,
131.72.109.251,ipv4,malicious-ip,medium,WHITE,ziyadnz/hourly-ipv4,ziyadnz|hourly,2026-08-17T18:48:05Z,2026-08-17T18:48:05Z,
131.72.17.54,ipv4,malicious-ip,medium,WHITE,ziyadnz/hourly-ipv4,ziyadnz|hourly,2026-08-17T18:48:05Z,2026-08-17T18:48:05Z,
131.72.171.15,ipv4,malicious-ip,medium,WHITE,ziyadnz/hourly-ipv4,ziyadnz|hourly,2026-08-17T18:48:05Z,2026-08-17T18:48:05Z,
131.72.198.137,ipv4,malicious-ip,medium,WHITE,ziyadnz/hourly-ipv4,ziyadnz|hourly,2026-08-17T18:48:05Z,2026-08-17T18:48:05Z,
131.72.205.4,ipv4,malicious-ip,medium,WHITE,ziyadnz/hourly-ipv4,ziyadnz|hourly,2026-08-17T18:48:05Z,2026-08-17T18:48:05Z,
131.72.236.63,ipv4,malicious-ip,medium,WHITE,ziyadnz/hourly-ipv4,ziyadnz|hourly,2026-08-17T18:48:05Z,2026-08-17T18:48:05Z,
131.72.24.48,ipv4,malicious-ip,medium,WHITE,ziyadnz/hourly-ipv4,ziyadnz|hourly,2026-08-17T18:48:05Z,2026-08-17T18:48:05Z,
131.72.35.8,ipv4,malicious-ip,medium,WHITE,ziyadnz/hourly-ipv4,ziyadnz|hourly,2026-08-17T18:48:05Z,2026-08-17T18:48:05Z,
131.72.87.236,ipv4,malicious-ip,medium,WHITE,ziyadnz/hourly-ipv4,ziyadnz|hourly,2026-08-17T18:48:05Z,2026-08-17T18:48:05Z,
131.72.92.121,ipv4,malicious-ip,medium,WHITE,ziyadnz/hourly-ipv4,ziyadnz|hourly,2026-08-17T18:48:05Z,2026-08-17T18:48:05Z,
131.72.92.201,ipv4,malicious-ip,medium,WHITE,ziyadnz/hourly-ipv4,ziyadnz|hourly,2026-08-17T18:48:05Z,2026-08-17T18:48:05Z,
131.72.92.84,ipv4,malicious-ip,medium,WHITE,ziyadnz/hourly-ipv4,ziyadnz|hourly,2026-08-17T18:48:05Z,2026-08-17T18:48:05Z,
131.72.92.85,ipv4,malicious-ip,medium,WHITE,ziyadnz/hourly-ipv4,ziyadnz|hourly,2026-08-17T18:48:05Z,2026-08-17T18:48:05Z,
131.72.92.98,ipv4,malicious-ip,medium,WHITE,ziyadnz/hourly-ipv4,ziyadnz|hourly,2026-08-17T18:48:05Z,2026-08-17T18:48:05Z,
131.72.93.215,ipv4,malicious-ip,medium,WHITE,ziyadnz/hourly-ipv4,ziyadnz|hourly,2026-08-17T18:48:05Z,2026-08-17T18:48:05Z,
131.72.93.89,ipv4,malicious-ip,medium,WHITE,ziyadnz/hourly-ipv4,ziyadnz|hourly,2026-08-17T18:48:05Z,2026-08-17T18:48:05Z,
131.72.94.28,ipv4,malicious-ip,medium,WHITE,ziyadnz/hourly-ipv4,ziyadnz|hourly,2026-08-17T18:48:05Z,2026-08-17T18:48:05Z,
131.72.97.67,ipv4,malicious-ip,medium,WHITE,ziyadnz/hourly-ipv4,ziyadnz|hourly,2026-08-17T18:48:05Z,2026-08-17T18:48:05Z,
132.145.115.202,ipv4,malicious-ip,medium,WHITE,ziyadnz/hourly-ipv4,ziyadnz|hourly,2026-08-17T18:48:05Z,2026-08-17T18:48:05Z,
132.145.122.251,ipv4,malicious-ip,medium,WHITE,ziyadnz/hourly-ipv4,ziyadnz|hourly,2026-08-17T18:48:05Z,2026-08-17T18:48:05Z,
132.145.150.37,ipv4,malicious-ip,medium,WHITE,ziyadnz/hourly-ipv4,ziyadnz|hourly,2026-08-17T18:48:05Z,2026-08-17T18:48:05Z,
132.145.213.106,ipv4,malicious-ip,medium,WHITE,ziyadnz/hourly-ipv4,ziyadnz|hourly,2026-08-17T18:48:05Z,2026-08-17T18:48:05Z,
132.145.62.134,ipv4,malicious-ip,medium,WHITE,ziyadnz/hourly-ipv4,ziyadnz|hourly,2026-08-17T18:48:05Z,2026-08-17T18:48:05Z,
132.147.141.203,ipv4,malicious-ip,medium,WHITE,ziyadnz/hourly-ipv4,ziyadnz|hourly,2026-08-17T18:48:05Z,2026-08-17T18:48:05Z,
132.147.144.8,ipv4,malicious-ip,medium,WHITE,ziyadnz/hourly-ipv4,ziyadnz|hourly,2026-08-17T18:48:05Z,2026-08-17T18:48:05Z,
132.147.156.44,ipv4,malicious-ip,medium,WHITE,ziyadnz/hourly-ipv4,ziyadnz|hourly,2026-08-17T18:48:05Z,2026-08-17T18:48:05Z,
132.147.159.247,ipv4,malicious-ip,medium,WHITE,ziyadnz/hourly-ipv4,ziyadnz|hourly,2026-08-17T18:48:05Z,2026-08-17T18:48:05Z,
132.148.142.226,ipv4,malicious-ip,medium,WHITE,ziyadnz/hourly-ipv4,ziyadnz|hourly,2026-08-17T18:48:05Z,2026-08-17T18:48:05Z,
132.148.142.253,ipv4,malicious-ip,medium,WHITE,ziyadnz/hourly-ipv4,ziyadnz|hourly,2026-08-17T18:48:05Z,2026-08-17T18:48:05Z,
132.148.148.91,ipv4,malicious-ip,medium,WHITE,ziyadnz/hourly-ipv4,ziyadnz|hourly,2026-08-17T18:48:05Z,2026-08-17T18:48:05Z,
132.148.22.172,ipv4,malicious-ip,medium,WHITE,ziyadnz/hourly-ipv4,ziyadnz|hourly,2026-08-17T18:48:05Z,2026-08-17T18:48:05Z,
132.148.26.32,ipv4,malicious-ip,medium,WHITE,ziyadnz/hourly-ipv4,ziyadnz|hourly,2026-08-17T18:48:05Z,2026-08-17T18:48:05Z,
132.148.29.10,ipv4,malicious-ip,medium,WHITE,ziyadnz/hourly-ipv4,ziyadnz|hourly,2026-08-17T18:48:05Z,2026-08-17T18:48:05Z,
132.148.30.167,ipv4,malicious-ip,medium,WHITE,ziyadnz/hourly-ipv4,ziyadnz|hourly,2026-08-17T18:48:05Z,2026-08-17T18:48:05Z,
132.148.73.100,ipv4,malicious-ip,medium,WHITE,ziyadnz/hourly-ipv4,ziyadnz|hourly,2026-08-17T18:48:05Z,2026-08-17T18:48:05Z,
132.196.11.211,ipv4,malicious-ip,medium,WHITE,ziyadnz/hourly-ipv4,ziyadnz|hourly,2026-08-17T18:48:05Z,2026-08-17T18:48:05Z,
132.196.198.163,ipv4,malicious-ip,medium,WHITE,ziyadnz/hourly-ipv4,ziyadnz|hourly,2026-08-17T18:48:05Z,2026-08-17T18:48:05Z,
132.196.83.33,ipv4,malicious-ip,medium,WHITE,ziyadnz/hourly-ipv4,ziyadnz|hourly,2026-08-17T18:48:05Z,2026-08-17T18:48:05Z,
132.232.107.113,ipv4,malicious-ip,medium,WHITE,ziyadnz/hourly-ipv4,ziyadnz|hourly,2026-08-17T18:48:05Z,2026-08-17T18:48:05Z,
132.232.107.186,ipv4,malicious-ip,medium,WHITE,ziyadnz/hourly-ipv4,ziyadnz|hourly,2026-08-17T18:48:05Z,2026-08-17T18:48:05Z,
132.243.162.115,ipv4,malicious-ip,medium,WHITE,ziyadnz/hourly-ipv4,ziyadnz|hourly,2026-08-17T18:48:05Z,2026-08-17T18:48:05Z,
132.243.165.103,ipv4,malicious-ip,medium,WHITE,ziyadnz/hourly-ipv4,ziyadnz|hourly,2026-08-17T18:48:05Z,2026-08-17T18:48:05Z,
132.243.166.160,ipv4,malicious-ip,medium,WHITE,ziyadnz/hourly-ipv4,ziyadnz|hourly,2026-08-17T18:48:05Z,2026-08-17T18:48:05Z,
132.243.172.2,ipv4,malicious-ip,medium,WHITE,ziyadnz/hourly-ipv4,ziyadnz|hourly,2026-08-17T18:48:05Z,2026-08-17T18:48:05Z,
132.243.216.171,ipv4,malicious-ip,medium,WHITE,ziyadnz/hourly-ipv4,ziyadnz|hourly,2026-08-17T18:48:05Z,2026-08-17T18:48:05Z,
132.243.226.42,ipv4,malicious-ip,medium,WHITE,ziyadnz/hourly-ipv4,ziyadnz|hourly,2026-08-17T18:48:05Z,2026-08-17T18:48:05Z,
132.243.25.157,ipv4,malicious-ip,medium,WHITE,ziyadnz/hourly-ipv4,ziyadnz|hourly,2026-08-17T18:48:05Z,2026-08-17T18:48:05Z,
132.243.26.54,ipv4,malicious-ip,medium,WHITE,ziyadnz/hourly-ipv4,ziyadnz|hourly,2026-08-17T18:48:05Z,2026-08-17T18:48:05Z,
132.248.15.189,ipv4,malicious-ip,medium,WHITE,ziyadnz/hourly-ipv4,ziyadnz|hourly,2026-08-17T18:48:05Z,2026-08-17T18:48:05Z,
132.248.246.162,ipv4,malicious-ip,medium,WHITE,ziyadnz/hourly-ipv4,ziyadnz|hourly,2026-08-17T18:48:05Z,2026-08-17T18:48:05Z,
132.255.115.168,ipv4,malicious-ip,medium,WHITE,ziyadnz/hourly-ipv4,ziyadnz|hourly,2026-08-17T18:48:05Z,2026-08-17T18:48:05Z,
132.255.118.138,ipv4,malicious-ip,medium,WHITE,ziyadnz/hourly-ipv4,ziyadnz|hourly,2026-08-17T18:48:05Z,2026-08-17T18:48:05Z,
132.255.129.234,ipv4,malicious-ip,medium,WHITE,ziyadnz/hourly-ipv4,ziyadnz|hourly,2026-08-17T18:48:05Z,2026-08-17T18:48:05Z,
132.255.185.46,ipv4,malicious-ip,medium,WHITE,ziyadnz/hourly-ipv4,ziyadnz|hourly,2026-08-17T18:48:05Z,2026-08-17T18:48:05Z,
132.255.228.18,ipv4,malicious-ip,medium,WHITE,ziyadnz/hourly-ipv4,ziyadnz|hourly,2026-08-17T18:48:05Z,2026-08-17T18:48:05Z,
132.255.235.239,ipv4,malicious-ip,medium,WHITE,ziyadnz/hourly-ipv4,ziyadnz|hourly,2026-08-17T18:48:05Z,2026-08-17T18:48:05Z,
133.125.236.103,ipv4,malicious-ip,medium,WHITE,ziyadnz/hourly-ipv4,ziyadnz|hourly,2026-08-17T18:48:05Z,2026-08-17T18:48:05Z,
133.125.38.187,ipv4,malicious-ip,medium,WHITE,ziyadnz/hourly-ipv4,ziyadnz|hourly,2026-08-17T18:48:05Z,2026-08-17T18:48:05Z,
133.130.205.117,ipv4,malicious-ip,medium,WHITE,ziyadnz/hourly-ipv4,ziyadnz|hourly,2026-08-17T18:48:05Z,2026-08-17T18:48:05Z,
133.159.111.62,ipv4,malicious-ip,medium,WHITE,ziyadnz/hourly-ipv4,ziyadnz|hourly,2026-08-17T18:48:05Z,2026-08-17T18:48:05Z,
133.167.122.15,ipv4,malicious-ip,medium,WHITE,ziyadnz/hourly-ipv4,ziyadnz|hourly,2026-08-17T18:48:05Z,2026-08-17T18:48:05Z,
133.167.47.252,ipv4,malicious-ip,medium,WHITE,ziyadnz/hourly-ipv4,ziyadnz|hourly,2026-08-17T18:48:05Z,2026-08-17T18:48:05Z,
133.167.84.196,ipv4,malicious-ip,medium,WHITE,ziyadnz/hourly-ipv4,ziyadnz|hourly,2026-08-17T18:48:05Z,2026-08-17T18:48:05Z,
133.167.98.34,ipv4,malicious-ip,medium,WHITE,ziyadnz/hourly-ipv4,ziyadnz|hourly,2026-08-17T18:48:05Z,2026-08-17T18:48:05Z,
133.175.7.121,ipv4,malicious-ip,medium,WHITE,ziyadnz/hourly-ipv4,ziyadnz|hourly,2026-08-17T18:48:05Z,2026-08-17T18:48:05Z,
133.18.122.63,ipv4,malicious-ip,medium,WHITE,ziyadnz/hourly-ipv4,ziyadnz|hourly,2026-08-17T18:48:05Z,2026-08-17T18:48:05Z,
133.18.161.240,ipv4,malicious-ip,medium,WHITE,ziyadnz/hourly-ipv4,ziyadnz|hourly,2026-08-17T18:48:05Z,2026-08-17T18:48:05Z,
133.18.181.51,ipv4,malicious-ip,medium,WHITE,ziyadnz/hourly-ipv4,ziyadnz|hourly,2026-08-17T18:48:05Z,2026-08-17T18:48:05Z,
133.18.225.36,ipv4,malicious-ip,medium,WHITE,ziyadnz/hourly-ipv4,ziyadnz|hourly,2026-08-17T18:48:05Z,2026-08-17T18:48:05Z,
133.206.114.128,ipv4,malicious-ip,medium,WHITE,ziyadnz/hourly-ipv4,ziyadnz|hourly,2026-08-17T18:48:05Z,2026-08-17T18:48:05Z,
133.207.219.64,ipv4,malicious-ip,medium,WHITE,ziyadnz/hourly-ipv4,ziyadnz|hourly,2026-08-17T18:48:05Z,2026-08-17T18:48:05Z,
133.232.66.78,ipv4,malicious-ip,medium,WHITE,ziyadnz/hourly-ipv4,ziyadnz|hourly,2026-08-17T18:48:05Z,2026-08-17T18:48:05Z,
133.232.69.88,ipv4,malicious-ip,medium,WHITE,ziyadnz/hourly-ipv4,ziyadnz|hourly,2026-08-17T18:48:05Z,2026-08-17T18:48:05Z,
133.232.74.245,ipv4,malicious-ip,medium,WHITE,ziyadnz/hourly-ipv4,ziyadnz|hourly,2026-08-17T18:48:05Z,2026-08-17T18:48:05Z,
133.232.78.69,ipv4,malicious-ip,medium,WHITE,ziyadnz/hourly-ipv4,ziyadnz|hourly,2026-08-17T18:48:05Z,2026-08-17T18:48:05Z,
133.232.80.199,ipv4,malicious-ip,medium,WHITE,ziyadnz/hourly-ipv4,ziyadnz|hourly,2026-08-17T18:48:05Z,2026-08-17T18:48:05Z,
133.232.82.234,ipv4,malicious-ip,medium,WHITE,ziyadnz/hourly-ipv4,ziyadnz|hourly,2026-08-17T18:48:05Z,2026-08-17T18:48:05Z,
133.232.85.92,ipv4,malicious-ip,medium,WHITE,ziyadnz/hourly-ipv4,ziyadnz|hourly,2026-08-17T18:48:05Z,2026-08-17T18:48:05Z,
133.232.90.243,ipv4,malicious-ip,medium,WHITE,ziyadnz/hourly-ipv4,ziyadnz|hourly,2026-08-17T18:48:05Z,2026-08-17T18:48:05Z,
133.242.175.138,ipv4,malicious-ip,medium,WHITE,ziyadnz/hourly-ipv4,ziyadnz|hourly,2026-08-17T18:48:05Z,2026-08-17T18:48:05Z,
133.242.209.150,ipv4,malicious-ip,medium,WHITE,ziyadnz/hourly-ipv4,ziyadnz|hourly,2026-08-17T18:48:05Z,2026-08-17T18:48:05Z,
134.0.163.119,ipv4,malicious-ip,medium,WHITE,ziyadnz/hourly-ipv4,ziyadnz|hourly,2026-08-17T18:48:05Z,2026-08-17T18:48:05Z,
134.112.57.125,ipv4,malicious-ip,medium,WHITE,ziyadnz/hourly-ipv4,ziyadnz|hourly,2026-08-17T18:48:05Z,2026-08-17T18:48:05Z,
134.119.0.150,ipv4,malicious-ip,medium,WHITE,ziyadnz/hourly-ipv4,ziyadnz|hourly,2026-08-17T18:48:05Z,2026-08-17T18:48:05Z,
134.122.106.248,ipv4,malicious-ip,medium,WHITE,ziyadnz/hourly-ipv4,ziyadnz|hourly,2026-08-17T18:48:05Z,2026-08-17T18:48:05Z,
134.122.115.75,ipv4,malicious-ip,medium,WHITE,ziyadnz/hourly-ipv4,ziyadnz|hourly,2026-08-17T18:48:05Z,2026-08-17T18:48:05Z,
134.122.123.159,ipv4,malicious-ip,medium,WHITE,ziyadnz/hourly-ipv4,ziyadnz|hourly,2026-08-17T18:48:05Z,2026-08-17T18:48:05Z,
134.122.125.153,ipv4,malicious-ip,medium,WHITE,ziyadnz/hourly-ipv4,ziyadnz|hourly,2026-08-17T18:48:05Z,2026-08-17T18:48:05Z,
134.122.127.226,ipv4,malicious-ip,medium,WHITE,ziyadnz/hourly-ipv4,ziyadnz|hourly,2026-08-17T18:48:05Z,2026-08-17T18:48:05Z,
134.122.13.34,ipv4,malicious-ip,medium,WHITE,ziyadnz/hourly-ipv4,ziyadnz|hourly,2026-08-17T18:48:05Z,2026-08-17T18:48:05Z,
134.122.136.119,ipv4,malicious-ip,medium,WHITE,ziyadnz/hourly-ipv4,ziyadnz|hourly,2026-08-17T18:48:05Z,2026-08-17T18:48:05Z,
134.122.136.96,ipv4,malicious-ip,medium,WHITE,ziyadnz/hourly-ipv4,ziyadnz|hourly,2026-08-17T18:48:05Z,2026-08-17T18:48:05Z,
134.122.137.252,ipv4,malicious-ip,medium,WHITE,ziyadnz/hourly-ipv4,ziyadnz|hourly,2026-08-17T18:48:05Z,2026-08-17T18:48:05Z,
134.122.16.27,ipv4,malicious-ip,medium,WHITE,ziyadnz/hourly-ipv4,ziyadnz|hourly,2026-08-17T18:48:05Z,2026-08-17T18:48:05Z,
134.122.17.139,ipv4,malicious-ip,medium,WHITE,ziyadnz/hourly-ipv4,ziyadnz|hourly,2026-08-17T18:48:05Z,2026-08-17T18:48:05Z,
134.122.185.132,ipv4,malicious-ip,medium,WHITE,ziyadnz/hourly-ipv4,ziyadnz|hourly,2026-08-17T18:48:05Z,2026-08-17T18:48:05Z,
134.122.187.85,ipv4,malicious-ip,medium,WHITE,ziyadnz/hourly-ipv4,ziyadnz|hourly,2026-08-17T18:48:05Z,2026-08-17T18:48:05Z,
134.122.197.80,ipv4,malicious-ip,medium,WHITE,ziyadnz/hourly-ipv4,ziyadnz|hourly,2026-08-17T18:48:05Z,2026-08-17T18:48:05Z,
134.122.21.135,ipv4,malicious-ip,medium,WHITE,ziyadnz/hourly-ipv4,ziyadnz|hourly,2026-08-17T18:48:05Z,2026-08-17T18:48:05Z,
134.122.21.251,ipv4,malicious-ip,medium,WHITE,ziyadnz/hourly-ipv4,ziyadnz|hourly,2026-08-17T18:48:05Z,2026-08-17T18:48:05Z,
134.122.22.241,ipv4,malicious-ip,medium,WHITE,ziyadnz/hourly-ipv4,ziyadnz|hourly,2026-08-17T18:48:05Z,2026-08-17T18:48:05Z,
134.122.23.197,ipv4,malicious-ip,medium,WHITE,ziyadnz/hourly-ipv4,ziyadnz|hourly,2026-08-17T18:48:05Z,2026-08-17T18:48:05Z,
134.122.25.0,ipv4,malicious-ip,medium,WHITE,ziyadnz/hourly-ipv4,ziyadnz|hourly,2026-08-17T18:48:05Z,2026-08-17T18:48:05Z,
134.122.25.208,ipv4,malicious-ip,medium,WHITE,ziyadnz/hourly-ipv4,ziyadnz|hourly,2026-08-17T18:48:05Z,2026-08-17T18:48:05Z,
134.122.25.224,ipv4,malicious-ip,medium,WHITE,ziyadnz/hourly-ipv4,ziyadnz|hourly,2026-08-17T18:48:05Z,2026-08-17T18:48:05Z,
134.122.27.97,ipv4,malicious-ip,medium,WHITE,ziyadnz/hourly-ipv4,ziyadnz|hourly,2026-08-17T18:48:05Z,2026-08-17T18:48:05Z,
134.122.28.136,ipv4,malicious-ip,medium,WHITE,ziyadnz/hourly-ipv4,ziyadnz|hourly,2026-08-17T18:48:05Z,2026-08-17T18:48:05Z,
134.122.30.157,ipv4,malicious-ip,medium,WHITE,ziyadnz/hourly-ipv4,ziyadnz|hourly,2026-08-17T18:48:05Z,2026-08-17T18:48:05Z,
134.122.30.4,ipv4,malicious-ip,medium,WHITE,ziyadnz/hourly-ipv4,ziyadnz|hourly,2026-08-17T18:48:05Z,2026-08-17T18:48:05Z,
134.122.31.85,ipv4,malicious-ip,medium,WHITE,ziyadnz/hourly-ipv4,ziyadnz|hourly,2026-08-17T18:48:05Z,2026-08-17T18:48:05Z,
134.122.36.255,ipv4,malicious-ip,medium,WHITE,ziyadnz/hourly-ipv4,ziyadnz|hourly,2026-08-17T18:48:05Z,2026-08-17T18:48:05Z,
134.122.39.59,ipv4,malicious-ip,medium,WHITE,ziyadnz/hourly-ipv4,ziyadnz|hourly,2026-08-17T18:48:05Z,2026-08-17T18:48:05Z,
134.122.42.14,ipv4,malicious-ip,medium,WHITE,ziyadnz/hourly-ipv4,ziyadnz|hourly,2026-08-17T18:48:05Z,2026-08-17T18:48:05Z,
134.122.45.255,ipv4,malicious-ip,medium,WHITE,ziyadnz/hourly-ipv4,ziyadnz|hourly,2026-08-17T18:48:05Z,2026-08-17T18:48:05Z,
134.122.68.102,ipv4,malicious-ip,medium,WHITE,ziyadnz/hourly-ipv4,ziyadnz|hourly,2026-08-17T18:48:05Z,2026-08-17T18:48:05Z,
134.122.74.166,ipv4,malicious-ip,medium,WHITE,ziyadnz/hourly-ipv4,ziyadnz|hourly,2026-08-17T18:48:05Z,2026-08-17T18:48:05Z,
134.122.75.154,ipv4,malicious-ip,medium,WHITE,ziyadnz/hourly-ipv4,ziyadnz|hourly,2026-08-17T18:48:05Z,2026-08-17T18:48:05Z,
134.122.92.255,ipv4,malicious-ip,medium,WHITE,ziyadnz/hourly-ipv4,ziyadnz|hourly,2026-08-17T18:48:05Z,2026-08-17T18:48:05Z,
134.122.94.138,ipv4,malicious-ip,medium,WHITE,ziyadnz/hourly-ipv4,ziyadnz|hourly,2026-08-17T18:48:05Z,2026-08-17T18:48:05Z,
134.122.96.10,ipv4,malicious-ip,medium,WHITE,ziyadnz/hourly-ipv4,ziyadnz|hourly,2026-08-17T18:48:05Z,2026-08-17T18:48:05Z,
134.122.96.189,ipv4,malicious-ip,medium,WHITE,ziyadnz/hourly-ipv4,ziyadnz|hourly,2026-08-17T18:48:05Z,2026-08-17T18:48:05Z,
134.122.99.217,ipv4,malicious-ip,medium,WHITE,ziyadnz/hourly-ipv4,ziyadnz|hourly,2026-08-17T18:48:05Z,2026-08-17T18:48:05Z,
134.149.104.189,ipv4,malicious-ip,medium,WHITE,ziyadnz/hourly-ipv4,ziyadnz|hourly,2026-08-17T18:48:05Z,2026-08-17T18:48:05Z,
134.17.212.237,ipv4,malicious-ip,medium,WHITE,ziyadnz/hourly-ipv4,ziyadnz|hourly,2026-08-17T18:48:05Z,2026-08-17T18:48:05Z,
134.175.103.29,ipv4,malicious-ip,medium,WHITE,ziyadnz/hourly-ipv4,ziyadnz|hourly,2026-08-17T18:48:05Z,2026-08-17T18:48:05Z,
134.175.249.60,ipv4,malicious-ip,medium,WHITE,ziyadnz/hourly-ipv4,ziyadnz|hourly,2026-08-17T18:48:05Z,2026-08-17T18:48:05Z,
134.175.54.79,ipv4,malicious-ip,medium,WHITE,ziyadnz/hourly-ipv4,ziyadnz|hourly,2026-08-17T18:48:05Z,2026-08-17T18:48:05Z,
134.175.82.14,ipv4,malicious-ip,medium,WHITE,ziyadnz/hourly-ipv4,ziyadnz|hourly,2026-08-17T18:48:05Z,2026-08-17T18:48:05Z,
134.175.82.87,ipv4,malicious-ip,medium,WHITE,ziyadnz/hourly-ipv4,ziyadnz|hourly,2026-08-17T18:48:05Z,2026-08-17T18:48:05Z,
134.175.84.166,ipv4,malicious-ip,medium,WHITE,ziyadnz/hourly-ipv4,ziyadnz|hourly,2026-08-17T18:48:05Z,2026-08-17T18:48:05Z,
134.185.85.92,ipv4,malicious-ip,medium,WHITE,ziyadnz/hourly-ipv4,ziyadnz|hourly,2026-08-17T18:48:05Z,2026-08-17T18:48:05Z,
134.185.92.190,ipv4,malicious-ip,medium,WHITE,ziyadnz/hourly-ipv4,ziyadnz|hourly,2026-08-17T18:48:05Z,2026-08-17T18:48:05Z,
134.185.92.246,ipv4,malicious-ip,medium,WHITE,ziyadnz/hourly-ipv4,ziyadnz|hourly,2026-08-17T18:48:05Z,2026-08-17T18:48:05Z,
134.19.179.147,ipv4,malicious-ip,medium,WHITE,ziyadnz/hourly-ipv4,ziyadnz|hourly,2026-08-17T18:48:05Z,2026-08-17T18:48:05Z,
134.19.184.158,ipv4,malicious-ip,medium,WHITE,ziyadnz/hourly-ipv4,ziyadnz|hourly,2026-08-17T18:48:05Z,2026-08-17T18:48:05Z,
134.19.188.120,ipv4,malicious-ip,medium,WHITE,ziyadnz/hourly-ipv4,ziyadnz|hourly,2026-08-17T18:48:05Z,2026-08-17T18:48:05Z,
134.19.229.146,ipv4,malicious-ip,medium,WHITE,ziyadnz/hourly-ipv4,ziyadnz|hourly,2026-08-17T18:48:05Z,2026-08-17T18:48:05Z,
134.19.242.25,ipv4,malicious-ip,medium,WHITE,ziyadnz/hourly-ipv4,ziyadnz|hourly,2026-08-17T18:48:05Z,2026-08-17T18:48:05Z,
134.19.245.169,ipv4,malicious-ip,medium,WHITE,ziyadnz/hourly-ipv4,ziyadnz|hourly,2026-08-17T18:48:05Z,2026-08-17T18:48:05Z,
134.19.48.146,ipv4,malicious-ip,medium,WHITE,ziyadnz/hourly-ipv4,ziyadnz|hourly,2026-08-17T18:48:05Z,2026-08-17T18:48:05Z,
134.195.138.33,ipv4,malicious-ip,medium,WHITE,ziyadnz/hourly-ipv4,ziyadnz|hourly,2026-08-17T18:48:05Z,2026-08-17T18:48:05Z,
134.195.157.29,ipv4,malicious-ip,medium,WHITE,ziyadnz/hourly-ipv4,ziyadnz|hourly,2026-08-17T18:48:05Z,2026-08-17T18:48:05Z,
134.195.185.52,ipv4,malicious-ip,medium,WHITE,ziyadnz/hourly-ipv4,ziyadnz|hourly,2026-08-17T18:48:05Z,2026-08-17T18:48:05Z,
134.195.210.250,ipv4,malicious-ip,medium,WHITE,ziyadnz/hourly-ipv4,ziyadnz|hourly,2026-08-17T18:48:05Z,2026-08-17T18:48:05Z,
134.195.91.224,ipv4,malicious-ip,medium,WHITE,ziyadnz/hourly-ipv4,ziyadnz|hourly,2026-08-17T18:48:05Z,2026-08-17T18:48:05Z,
134.199.145.29,ipv4,malicious-ip,medium,WHITE,ziyadnz/hourly-ipv4,ziyadnz|hourly,2026-08-17T18:48:05Z,2026-08-17T18:48:05Z,
134.199.160.86,ipv4,malicious-ip,medium,WHITE,ziyadnz/hourly-ipv4,ziyadnz|hourly,2026-08-17T18:48:05Z,2026-08-17T18:48:05Z,
134.199.161.237,ipv4,malicious-ip,medium,WHITE,ziyadnz/hourly-ipv4,ziyadnz|hourly,2026-08-17T18:48:05Z,2026-08-17T18:48:05Z,
134.199.163.221,ipv4,malicious-ip,medium,WHITE,ziyadnz/hourly-ipv4,ziyadnz|hourly,2026-08-17T18:48:05Z,2026-08-17T18:48:05Z,
134.199.168.153,ipv4,malicious-ip,medium,WHITE,ziyadnz/hourly-ipv4,ziyadnz|hourly,2026-08-17T18:48:05Z,2026-08-17T18:48:05Z,
134.199.168.77,ipv4,malicious-ip,medium,WHITE,ziyadnz/hourly-ipv4,ziyadnz|hourly,2026-08-17T18:48:05Z,2026-08-17T18:48:05Z,
134.199.171.132,ipv4,malicious-ip,medium,WHITE,ziyadnz/hourly-ipv4,ziyadnz|hourly,2026-08-17T18:48:05Z,2026-08-17T18:48:05Z,
134.199.171.81,ipv4,malicious-ip,medium,WHITE,ziyadnz/hourly-ipv4,ziyadnz|hourly,2026-08-17T18:48:05Z,2026-08-17T18:48:05Z,
134.199.202.205,ipv4,malicious-ip,medium,WHITE,ziyadnz/hourly-ipv4,ziyadnz|hourly,2026-08-17T18:48:05Z,2026-08-17T18:48:05Z,
134.199.208.105,ipv4,malicious-ip,medium,WHITE,ziyadnz/hourly-ipv4,ziyadnz|hourly,2026-08-17T18:48:05Z,2026-08-17T18:48:05Z,
134.199.209.2,ipv4,malicious-ip,medium,WHITE,ziyadnz/hourly-ipv4,ziyadnz|hourly,2026-08-17T18:48:05Z,2026-08-17T18:48:05Z,
134.199.211.192,ipv4,malicious-ip,medium,WHITE,ziyadnz/hourly-ipv4,ziyadnz|hourly,2026-08-17T18:48:05Z,2026-08-17T18:48:05Z,
134.199.217.215,ipv4,malicious-ip,medium,WHITE,ziyadnz/hourly-ipv4,ziyadnz|hourly,2026-08-17T18:48:05Z,2026-08-17T18:48:05Z,
134.199.220.132,ipv4,malicious-ip,medium,WHITE,ziyadnz/hourly-ipv4,ziyadnz|hourly,2026-08-17T18:48:05Z,2026-08-17T18:48:05Z,
134.199.238.105,ipv4,malicious-ip,medium,WHITE,ziyadnz/hourly-ipv4,ziyadnz|hourly,2026-08-17T18:48:05Z,2026-08-17T18:48:05Z,
134.199.238.80,ipv4,malicious-ip,medium,WHITE,ziyadnz/hourly-ipv4,ziyadnz|hourly,2026-08-17T18:48:05Z,2026-08-17T18:48:05Z,
134.209.101.17,ipv4,malicious-ip,medium,WHITE,ziyadnz/hourly-ipv4,ziyadnz|hourly,2026-08-17T18:48:05Z,2026-08-17T18:48:05Z,
134.209.103.208,ipv4,malicious-ip,medium,WHITE,ziyadnz/hourly-ipv4,ziyadnz|hourly,2026-08-17T18:48:05Z,2026-08-17T18:48:05Z,
134.209.105.183,ipv4,malicious-ip,medium,WHITE,ziyadnz/hourly-ipv4,ziyadnz|hourly,2026-08-17T18:48:05Z,2026-08-17T18:48:05Z,
134.209.108.109,ipv4,malicious-ip,medium,WHITE,ziyadnz/hourly-ipv4,ziyadnz|hourly,2026-08-17T18:48:05Z,2026-08-17T18:48:05Z,
134.209.108.91,ipv4,malicious-ip,medium,WHITE,ziyadnz/hourly-ipv4,ziyadnz|hourly,2026-08-17T18:48:05Z,2026-08-17T18:48:05Z,
134.209.11.245,ipv4,malicious-ip,medium,WHITE,ziyadnz/hourly-ipv4,ziyadnz|hourly,2026-08-17T18:48:05Z,2026-08-17T18:48:05Z,
134.209.112.141,ipv4,malicious-ip,medium,WHITE,ziyadnz/hourly-ipv4,ziyadnz|hourly,2026-08-17T18:48:05Z,2026-08-17T18:48:05Z,
134.209.118.254,ipv4,malicious-ip,medium,WHITE,ziyadnz/hourly-ipv4,ziyadnz|hourly,2026-08-17T18:48:05Z,2026-08-17T18:48:05Z,
134.209.119.111,ipv4,malicious-ip,medium,WHITE,ziyadnz/hourly-ipv4,ziyadnz|hourly,2026-08-17T18:48:05Z,2026-08-17T18:48:05Z,
134.209.121.202,ipv4,malicious-ip,medium,WHITE,ziyadnz/hourly-ipv4,ziyadnz|hourly,2026-08-17T18:48:05Z,2026-08-17T18:48:05Z,
134.209.124.204,ipv4,malicious-ip,medium,WHITE,ziyadnz/hourly-ipv4,ziyadnz|hourly,2026-08-17T18:48:05Z,2026-08-17T18:48:05Z,
134.209.127.105,ipv4,malicious-ip,medium,WHITE,ziyadnz/hourly-ipv4,ziyadnz|hourly,2026-08-17T18:48:05Z,2026-08-17T18:48:05Z,
134.209.127.206,ipv4,malicious-ip,medium,WHITE,ziyadnz/hourly-ipv4,ziyadnz|hourly,2026-08-17T18:48:05Z,2026-08-17T18:48:05Z,
134.209.144.138,ipv4,malicious-ip,medium,WHITE,ziyadnz/hourly-ipv4,ziyadnz|hourly,2026-08-17T18:48:05Z,2026-08-17T18:48:05Z,
134.209.147.197,ipv4,malicious-ip,medium,WHITE,ziyadnz/hourly-ipv4,ziyadnz|hourly,2026-08-17T18:48:05Z,2026-08-17T18:48:05Z,
134.209.155.235,ipv4,malicious-ip,medium,WHITE,ziyadnz/hourly-ipv4,ziyadnz|hourly,2026-08-17T18:48:05Z,2026-08-17T18:48:05Z,
134.209.156.235,ipv4,malicious-ip,medium,WHITE,ziyadnz/hourly-ipv4,ziyadnz|hourly,2026-08-17T18:48:05Z,2026-08-17T18:48:05Z,
134.209.170.171,ipv4,malicious-ip,medium,WHITE,ziyadnz/hourly-ipv4,ziyadnz|hourly,2026-08-17T18:48:05Z,2026-08-17T18:48:05Z,
134.209.174.19,ipv4,malicious-ip,medium,WHITE,ziyadnz/hourly-ipv4,ziyadnz|hourly,2026-08-17T18:48:05Z,2026-08-17T18:48:05Z,
134.209.176.174,ipv4,malicious-ip,medium,WHITE,ziyadnz/hourly-ipv4,ziyadnz|hourly,2026-08-17T18:48:05Z,2026-08-17T18:48:05Z,
134.209.176.189,ipv4,malicious-ip,medium,WHITE,ziyadnz/hourly-ipv4,ziyadnz|hourly,2026-08-17T18:48:05Z,2026-08-17T18:48:05Z,
134.209.186.53,ipv4,malicious-ip,medium,WHITE,ziyadnz/hourly-ipv4,ziyadnz|hourly,2026-08-17T18:48:05Z,2026-08-17T18:48:05Z,
134.209.188.255,ipv4,malicious-ip,medium,WHITE,ziyadnz/hourly-ipv4,ziyadnz|hourly,2026-08-17T18:48:05Z,2026-08-17T18:48:05Z,
134.209.19.166,ipv4,malicious-ip,medium,WHITE,ziyadnz/hourly-ipv4,ziyadnz|hourly,2026-08-17T18:48:05Z,2026-08-17T18:48:05Z,
134.209.198.199,ipv4,malicious-ip,medium,WHITE,ziyadnz/hourly-ipv4,ziyadnz|hourly,2026-08-17T18:48:05Z,2026-08-17T18:48:05Z,
134.209.199.175,ipv4,malicious-ip,medium,WHITE,ziyadnz/hourly-ipv4,ziyadnz|hourly,2026-08-17T18:48:05Z,2026-08-17T18:48:05Z,
134.209.205.88,ipv4,malicious-ip,medium,WHITE,ziyadnz/hourly-ipv4,ziyadnz|hourly,2026-08-17T18:48:05Z,2026-08-17T18:48:05Z,
134.209.21.188,ipv4,malicious-ip,medium,WHITE,ziyadnz/hourly-ipv4,ziyadnz|hourly,2026-08-17T18:48:05Z,2026-08-17T18:48:05Z,
134.209.211.231,ipv4,malicious-ip,medium,WHITE,ziyadnz/hourly-ipv4,ziyadnz|hourly,2026-08-17T18:48:05Z,2026-08-17T18:48:05Z,
134.209.219.78,ipv4,malicious-ip,medium,WHITE,ziyadnz/hourly-ipv4,ziyadnz|hourly,2026-08-17T18:48:05Z,2026-08-17T18:48:05Z,
134.209.221.70,ipv4,malicious-ip,medium,WHITE,ziyadnz/hourly-ipv4,ziyadnz|hourly,2026-08-17T18:48:05Z,2026-08-17T18:48:05Z,
134.209.229.23,ipv4,malicious-ip,medium,WHITE,ziyadnz/hourly-ipv4,ziyadnz|hourly,2026-08-17T18:48:05Z,2026-08-17T18:48:05Z,
134.209.234.99,ipv4,malicious-ip,medium,WHITE,ziyadnz/hourly-ipv4,ziyadnz|hourly,2026-08-17T18:48:05Z,2026-08-17T18:48:05Z,
134.209.241.3,ipv4,malicious-ip,medium,WHITE,ziyadnz/hourly-ipv4,ziyadnz|hourly,2026-08-17T18:48:05Z,2026-08-17T18:48:05Z,
134.209.249.189,ipv4,malicious-ip,medium,WHITE,ziyadnz/hourly-ipv4,ziyadnz|hourly,2026-08-17T18:48:05Z,2026-08-17T18:48:05Z,
134.209.25.199,ipv4,malicious-ip,medium,WHITE,ziyadnz/hourly-ipv4,ziyadnz|hourly,2026-08-17T18:48:05Z,2026-08-17T18:48:05Z,
134.209.252.42,ipv4,malicious-ip,medium,WHITE,ziyadnz/hourly-ipv4,ziyadnz|hourly,2026-08-17T18:48:05Z,2026-08-17T18:48:05Z,
134.209.33.226,ipv4,malicious-ip,medium,WHITE,ziyadnz/hourly-ipv4,ziyadnz|hourly,2026-08-17T18:48:05Z,2026-08-17T18:48:05Z,
134.209.41.26,ipv4,malicious-ip,medium,WHITE,ziyadnz/hourly-ipv4,ziyadnz|hourly,2026-08-17T18:48:05Z,2026-08-17T18:48:05Z,
134.209.41.44,ipv4,malicious-ip,medium,WHITE,ziyadnz/hourly-ipv4,ziyadnz|hourly,2026-08-17T18:48:05Z,2026-08-17T18:48:05Z,
134.209.45.222,ipv4,malicious-ip,medium,WHITE,ziyadnz/hourly-ipv4,ziyadnz|hourly,2026-08-17T18:48:05Z,2026-08-17T18:48:05Z,
134.209.48.68,ipv4,malicious-ip,medium,WHITE,ziyadnz/hourly-ipv4,ziyadnz|hourly,2026-08-17T18:48:05Z,2026-08-17T18:48:05Z,
134.209.49.207,ipv4,malicious-ip,medium,WHITE,ziyadnz/hourly-ipv4,ziyadnz|hourly,2026-08-17T18:48:05Z,2026-08-17T18:48:05Z,
134.209.49.220,ipv4,malicious-ip,medium,WHITE,ziyadnz/hourly-ipv4,ziyadnz|hourly,2026-08-17T18:48:05Z,2026-08-17T18:48:05Z,
134.209.52.105,ipv4,malicious-ip,medium,WHITE,ziyadnz/hourly-ipv4,ziyadnz|hourly,2026-08-17T18:48:05Z,2026-08-17T18:48:05Z,
134.209.53.36,ipv4,malicious-ip,medium,WHITE,ziyadnz/hourly-ipv4,ziyadnz|hourly,2026-08-17T18:48:05Z,2026-08-17T18:48:05Z,
134.209.54.179,ipv4,malicious-ip,medium,WHITE,ziyadnz/hourly-ipv4,ziyadnz|hourly,2026-08-17T18:48:05Z,2026-08-17T18:48:05Z,
134.209.54.58,ipv4,malicious-ip,medium,WHITE,ziyadnz/hourly-ipv4,ziyadnz|hourly,2026-08-17T18:48:05Z,2026-08-17T18:48:05Z,
134.209.60.169,ipv4,malicious-ip,medium,WHITE,ziyadnz/hourly-ipv4,ziyadnz|hourly,2026-08-17T18:48:05Z,2026-08-17T18:48:05Z,
134.209.62.30,ipv4,malicious-ip,medium,WHITE,ziyadnz/hourly-ipv4,ziyadnz|hourly,2026-08-17T18:48:05Z,2026-08-17T18:48:05Z,
134.209.63.62,ipv4,malicious-ip,medium,WHITE,ziyadnz/hourly-ipv4,ziyadnz|hourly,2026-08-17T18:48:05Z,2026-08-17T18:48:05Z,
134.209.64.147,ipv4,malicious-ip,medium,WHITE,ziyadnz/hourly-ipv4,ziyadnz|hourly,2026-08-17T18:48:05Z,2026-08-17T18:48:05Z,
134.209.69.155,ipv4,malicious-ip,medium,WHITE,ziyadnz/hourly-ipv4,ziyadnz|hourly,2026-08-17T18:48:05Z,2026-08-17T18:48:05Z,
134.209.72.102,ipv4,malicious-ip,medium,WHITE,ziyadnz/hourly-ipv4,ziyadnz|hourly,2026-08-17T18:48:05Z,2026-08-17T18:48:05Z,
134.209.74.115,ipv4,malicious-ip,medium,WHITE,ziyadnz/hourly-ipv4,ziyadnz|hourly,2026-08-17T18:48:05Z,2026-08-17T18:48:05Z,
134.209.74.135,ipv4,malicious-ip,medium,WHITE,ziyadnz/hourly-ipv4,ziyadnz|hourly,2026-08-17T18:48:05Z,2026-08-17T18:48:05Z,
134.209.76.251,ipv4,malicious-ip,medium,WHITE,ziyadnz/hourly-ipv4,ziyadnz|hourly,2026-08-17T18:48:05Z,2026-08-17T18:48:05Z,
134.209.79.29,ipv4,malicious-ip,medium,WHITE,ziyadnz/hourly-ipv4,ziyadnz|hourly,2026-08-17T18:48:05Z,2026-08-17T18:48:05Z,
134.209.83.113,ipv4,malicious-ip,medium,WHITE,ziyadnz/hourly-ipv4,ziyadnz|hourly,2026-08-17T18:48:05Z,2026-08-17T18:48:05Z,
134.209.87.162,ipv4,malicious-ip,medium,WHITE,ziyadnz/hourly-ipv4,ziyadnz|hourly,2026-08-17T18:48:05Z,2026-08-17T18:48:05Z,
134.209.87.194,ipv4,malicious-ip,medium,WHITE,ziyadnz/hourly-ipv4,ziyadnz|hourly,2026-08-17T18:48:05Z,2026-08-17T18:48:05Z,
134.209.88.140,ipv4,malicious-ip,medium,WHITE,ziyadnz/hourly-ipv4,ziyadnz|hourly,2026-08-17T18:48:05Z,2026-08-17T18:48:05Z,
134.209.89.240,ipv4,malicious-ip,medium,WHITE,ziyadnz/hourly-ipv4,ziyadnz|hourly,2026-08-17T18:48:05Z,2026-08-17T18:48:05Z,
134.209.95.237,ipv4,malicious-ip,medium,WHITE,ziyadnz/hourly-ipv4,ziyadnz|hourly,2026-08-17T18:48:05Z,2026-08-17T18:48:05Z,
134.209.96.149,ipv4,malicious-ip,medium,WHITE,ziyadnz/hourly-ipv4,ziyadnz|hourly,2026-08-17T18:48:05Z,2026-08-17T18:48:05Z,
134.209.96.175,ipv4,malicious-ip,medium,WHITE,ziyadnz/hourly-ipv4,ziyadnz|hourly,2026-08-17T18:48:05Z,2026-08-17T18:48:05Z,
134.209.97.194,ipv4,malicious-ip,medium,WHITE,ziyadnz/hourly-ipv4,ziyadnz|hourly,2026-08-17T18:48:05Z,2026-08-17T18:48:05Z,
134.209.98.17,ipv4,malicious-ip,medium,WHITE,ziyadnz/hourly-ipv4,ziyadnz|hourly,2026-08-17T18:48:05Z,2026-08-17T18:48:05Z,
134.209.98.92,ipv4,malicious-ip,medium,WHITE,ziyadnz/hourly-ipv4,ziyadnz|hourly,2026-08-17T18:48:05Z,2026-08-17T18:48:05Z,
134.209.98.96,ipv4,malicious-ip,medium,WHITE,ziyadnz/hourly-ipv4,ziyadnz|hourly,2026-08-17T18:48:05Z,2026-08-17T18:48:05Z,
134.22.0.11,ipv4,malicious-ip,medium,WHITE,ziyadnz/hourly-ipv4,ziyadnz|hourly,2026-08-17T18:48:05Z,2026-08-17T18:48:05Z,
134.228.29.108,ipv4,malicious-ip,medium,WHITE,ziyadnz/hourly-ipv4,ziyadnz|hourly,2026-08-17T18:48:05Z,2026-08-17T18:48:05Z,
134.228.32.191,ipv4,malicious-ip,medium,WHITE,ziyadnz/hourly-ipv4,ziyadnz|hourly,2026-08-17T18:48:05Z,2026-08-17T18:48:05Z,
134.228.34.24,ipv4,malicious-ip,medium,WHITE,ziyadnz/hourly-ipv4,ziyadnz|hourly,2026-08-17T18:48:05Z,2026-08-17T18:48:05Z,
134.228.90.167,ipv4,malicious-ip,medium,WHITE,ziyadnz/hourly-ipv4,ziyadnz|hourly,2026-08-17T18:48:05Z,2026-08-17T18:48:05Z,
134.236.156.245,ipv4,malicious-ip,medium,WHITE,ziyadnz/hourly-ipv4,ziyadnz|hourly,2026-08-17T18:48:05Z,2026-08-17T18:48:05Z,
134.249.11.183,ipv4,malicious-ip,medium,WHITE,ziyadnz/hourly-ipv4,ziyadnz|hourly,2026-08-17T18:48:05Z,2026-08-17T18:48:05Z,
134.249.36.165,ipv4,malicious-ip,medium,WHITE,ziyadnz/hourly-ipv4,ziyadnz|hourly,2026-08-17T18:48:05Z,2026-08-17T18:48:05Z,
134.255.232.97,ipv4,malicious-ip,medium,WHITE,ziyadnz/hourly-ipv4,ziyadnz|hourly,2026-08-17T18:48:05Z,2026-08-17T18:48:05Z,
134.255.234.198,ipv4,malicious-ip,medium,WHITE,ziyadnz/hourly-ipv4,ziyadnz|hourly,2026-08-17T18:48:05Z,2026-08-17T18:48:05Z,
134.255.99.243,ipv4,malicious-ip,medium,WHITE,ziyadnz/hourly-ipv4,ziyadnz|hourly,2026-08-17T18:48:05Z,2026-08-17T18:48:05Z,
134.33.66.164,ipv4,malicious-ip,medium,WHITE,ziyadnz/hourly-ipv4,ziyadnz|hourly,2026-08-17T18:48:05Z,2026-08-17T18:48:05Z,
134.35.235.222,ipv4,malicious-ip,medium,WHITE,ziyadnz/hourly-ipv4,ziyadnz|hourly,2026-08-17T18:48:05Z,2026-08-17T18:48:05Z,
135.106.176.69,ipv4,malicious-ip,medium,WHITE,ziyadnz/hourly-ipv4,ziyadnz|hourly,2026-08-17T18:48:05Z,2026-08-17T18:48:05Z,
135.116.20.17,ipv4,malicious-ip,medium,WHITE,ziyadnz/hourly-ipv4,ziyadnz|hourly,2026-08-17T18:48:05Z,2026-08-17T18:48:05Z,
135.119.104.245,ipv4,malicious-ip,medium,WHITE,ziyadnz/hourly-ipv4,ziyadnz|hourly,2026-08-17T18:48:05Z,2026-08-17T18:48:05Z,
135.119.106.236,ipv4,malicious-ip,medium,WHITE,ziyadnz/hourly-ipv4,ziyadnz|hourly,2026-08-17T18:48:05Z,2026-08-17T18:48:05Z,
135.119.112.115,ipv4,malicious-ip,medium,WHITE,ziyadnz/hourly-ipv4,ziyadnz|hourly,2026-08-17T18:48:05Z,2026-08-17T18:48:05Z,
135.119.112.121,ipv4,malicious-ip,medium,WHITE,ziyadnz/hourly-ipv4,ziyadnz|hourly,2026-08-17T18:48:05Z,2026-08-17T18:48:05Z,
135.119.112.132,ipv4,malicious-ip,medium,WHITE,ziyadnz/hourly-ipv4,ziyadnz|hourly,2026-08-17T18:48:05Z,2026-08-17T18:48:05Z,
135.119.112.180,ipv4,malicious-ip,medium,WHITE,ziyadnz/hourly-ipv4,ziyadnz|hourly,2026-08-17T18:48:05Z,2026-08-17T18:48:05Z,
135.119.112.84,ipv4,malicious-ip,medium,WHITE,ziyadnz/hourly-ipv4,ziyadnz|hourly,2026-08-17T18:48:05Z,2026-08-17T18:48:05Z,
135.119.112.96,ipv4,malicious-ip,medium,WHITE,ziyadnz/hourly-ipv4,ziyadnz|hourly,2026-08-17T18:48:05Z,2026-08-17T18:48:05Z,
135.119.96.214,ipv4,malicious-ip,medium,WHITE,ziyadnz/hourly-ipv4,ziyadnz|hourly,2026-08-17T18:48:05Z,2026-08-17T18:48:05Z,
135.119.96.220,ipv4,malicious-ip,medium,WHITE,ziyadnz/hourly-ipv4,ziyadnz|hourly,2026-08-17T18:48:05Z,2026-08-17T18:48:05Z,
135.119.96.82,ipv4,malicious-ip,medium,WHITE,ziyadnz/hourly-ipv4,ziyadnz|hourly,2026-08-17T18:48:05Z,2026-08-17T18:48:05Z,
135.12.150.18,ipv4,malicious-ip,medium,WHITE,ziyadnz/hourly-ipv4,ziyadnz|hourly,2026-08-17T18:48:05Z,2026-08-17T18:48:05Z,
135.12.209.221,ipv4,malicious-ip,medium,WHITE,ziyadnz/hourly-ipv4,ziyadnz|hourly,2026-08-17T18:48:05Z,2026-08-17T18:48:05Z,
135.125.102.228,ipv4,malicious-ip,medium,WHITE,ziyadnz/hourly-ipv4,ziyadnz|hourly,2026-08-17T18:48:05Z,2026-08-17T18:48:05Z,
135.125.107.224,ipv4,malicious-ip,medium,WHITE,ziyadnz/hourly-ipv4,ziyadnz|hourly,2026-08-17T18:48:05Z,2026-08-17T18:48:05Z,
135.125.134.112,ipv4,malicious-ip,medium,WHITE,ziyadnz/hourly-ipv4,ziyadnz|hourly,2026-08-17T18:48:05Z,2026-08-17T18:48:05Z,
135.125.147.170,ipv4,malicious-ip,medium,WHITE,ziyadnz/hourly-ipv4,ziyadnz|hourly,2026-08-17T18:48:05Z,2026-08-17T18:48:05Z,
135.125.152.51,ipv4,malicious-ip,medium,WHITE,ziyadnz/hourly-ipv4,ziyadnz|hourly,2026-08-17T18:48:05Z,2026-08-17T18:48:05Z,
135.125.188.65,ipv4,malicious-ip,medium,WHITE,ziyadnz/hourly-ipv4,ziyadnz|hourly,2026-08-17T18:48:05Z,2026-08-17T18:48:05Z,
135.125.226.120,ipv4,malicious-ip,medium,WHITE,ziyadnz/hourly-ipv4,ziyadnz|hourly,2026-08-17T18:48:05Z,2026-08-17T18:48:05Z,
135.125.226.143,ipv4,malicious-ip,medium,WHITE,ziyadnz/hourly-ipv4,ziyadnz|hourly,2026-08-17T18:48:05Z,2026-08-17T18:48:05Z,
135.125.29.129,ipv4,malicious-ip,medium,WHITE,ziyadnz/hourly-ipv4,ziyadnz|hourly,2026-08-17T18:48:05Z,2026-08-17T18:48:05Z,
135.129.124.160,ipv4,malicious-ip,medium,WHITE,ziyadnz/hourly-ipv4,ziyadnz|hourly,2026-08-17T18:48:05Z,2026-08-17T18:48:05Z,
135.129.124.213,ipv4,malicious-ip,medium,WHITE,ziyadnz/hourly-ipv4,ziyadnz|hourly,2026-08-17T18:48:05Z,2026-08-17T18:48:05Z,
135.129.233.7,ipv4,malicious-ip,medium,WHITE,ziyadnz/hourly-ipv4,ziyadnz|hourly,2026-08-17T18:48:05Z,2026-08-17T18:48:05Z,
135.13.11.134,ipv4,malicious-ip,medium,WHITE,ziyadnz/hourly-ipv4,ziyadnz|hourly,2026-08-17T18:48:05Z,2026-08-17T18:48:05Z,
135.13.28.35,ipv4,malicious-ip,medium,WHITE,ziyadnz/hourly-ipv4,ziyadnz|hourly,2026-08-17T18:48:05Z,2026-08-17T18:48:05Z,
135.136.1.133,ipv4,malicious-ip,medium,WHITE,ziyadnz/hourly-ipv4,ziyadnz|hourly,2026-08-17T18:48:05Z,2026-08-17T18:48:05Z,
135.136.131.127,ipv4,malicious-ip,medium,WHITE,ziyadnz/hourly-ipv4,ziyadnz|hourly,2026-08-17T18:48:05Z,2026-08-17T18:48:05Z,
135.136.134.19,ipv4,malicious-ip,medium,WHITE,ziyadnz/hourly-ipv4,ziyadnz|hourly,2026-08-17T18:48:05Z,2026-08-17T18:48:05Z,
135.136.134.57,ipv4,malicious-ip,medium,WHITE,ziyadnz/hourly-ipv4,ziyadnz|hourly,2026-08-17T18:48:05Z,2026-08-17T18:48:05Z,
135.136.20.10,ipv4,malicious-ip,medium,WHITE,ziyadnz/hourly-ipv4,ziyadnz|hourly,2026-08-17T18:48:05Z,2026-08-17T18:48:05Z,
135.136.23.238,ipv4,malicious-ip,medium,WHITE,ziyadnz/hourly-ipv4,ziyadnz|hourly,2026-08-17T18:48:05Z,2026-08-17T18:48:05Z,
135.148.104.21,ipv4,malicious-ip,medium,WHITE,ziyadnz/hourly-ipv4,ziyadnz|hourly,2026-08-17T18:48:05Z,2026-08-17T18:48:05Z,
135.148.57.147,ipv4,malicious-ip,medium,WHITE,ziyadnz/hourly-ipv4,ziyadnz|hourly,2026-08-17T18:48:05Z,2026-08-17T18:48:05Z,
135.149.57.58,ipv4,malicious-ip,medium,WHITE,ziyadnz/hourly-ipv4,ziyadnz|hourly,2026-08-17T18:48:05Z,2026-08-17T18:48:05Z,
135.181.103.186,ipv4,malicious-ip,medium,WHITE,ziyadnz/hourly-ipv4,ziyadnz|hourly,2026-08-17T18:48:05Z,2026-08-17T18:48:05Z,
135.181.107.76,ipv4,malicious-ip,medium,WHITE,ziyadnz/hourly-ipv4,ziyadnz|hourly,2026-08-17T18:48:05Z,2026-08-17T18:48:05Z,
135.181.11.40,ipv4,malicious-ip,medium,WHITE,ziyadnz/hourly-ipv4,ziyadnz|hourly,2026-08-17T18:48:05Z,2026-08-17T18:48:05Z,
135.181.11.41,ipv4,malicious-ip,medium,WHITE,ziyadnz/hourly-ipv4,ziyadnz|hourly,2026-08-17T18:48:05Z,2026-08-17T18:48:05Z,
135.181.121.228,ipv4,malicious-ip,medium,WHITE,ziyadnz/hourly-ipv4,ziyadnz|hourly,2026-08-17T18:48:05Z,2026-08-17T18:48:05Z,
135.181.123.177,ipv4,malicious-ip,medium,WHITE,ziyadnz/hourly-ipv4,ziyadnz|hourly,2026-08-17T18:48:05Z,2026-08-17T18:48:05Z,
135.181.13.128,ipv4,malicious-ip,medium,WHITE,ziyadnz/hourly-ipv4,ziyadnz|hourly,2026-08-17T18:48:05Z,2026-08-17T18:48:05Z,
135.181.13.134,ipv4,malicious-ip,medium,WHITE,ziyadnz/hourly-ipv4,ziyadnz|hourly,2026-08-17T18:48:05Z,2026-08-17T18:48:05Z,
135.181.145.235,ipv4,malicious-ip,medium,WHITE,ziyadnz/hourly-ipv4,ziyadnz|hourly,2026-08-17T18:48:05Z,2026-08-17T18:48:05Z,
135.181.148.230,ipv4,malicious-ip,medium,WHITE,ziyadnz/hourly-ipv4,ziyadnz|hourly,2026-08-17T18:48:05Z,2026-08-17T18:48:05Z,
135.181.160.223,ipv4,malicious-ip,medium,WHITE,ziyadnz/hourly-ipv4,ziyadnz|hourly,2026-08-17T18:48:05Z,2026-08-17T18:48:05Z,
135.181.171.40,ipv4,malicious-ip,medium,WHITE,ziyadnz/hourly-ipv4,ziyadnz|hourly,2026-08-17T18:48:05Z,2026-08-17T18:48:05Z,
135.181.184.214,ipv4,malicious-ip,medium,WHITE,ziyadnz/hourly-ipv4,ziyadnz|hourly,2026-08-17T18:48:05Z,2026-08-17T18:48:05Z,
135.181.185.158,ipv4,malicious-ip,medium,WHITE,ziyadnz/hourly-ipv4,ziyadnz|hourly,2026-08-17T18:48:05Z,2026-08-17T18:48:05Z,
135.181.211.230,ipv4,malicious-ip,medium,WHITE,ziyadnz/hourly-ipv4,ziyadnz|hourly,2026-08-17T18:48:05Z,2026-08-17T18:48:05Z,
135.181.221.98,ipv4,malicious-ip,medium,WHITE,ziyadnz/hourly-ipv4,ziyadnz|hourly,2026-08-17T18:48:05Z,2026-08-17T18:48:05Z,
135.181.251.219,ipv4,malicious-ip,medium,WHITE,ziyadnz/hourly-ipv4,ziyadnz|hourly,2026-08-17T18:48:05Z,2026-08-17T18:48:05Z,
135.181.26.126,ipv4,malicious-ip,medium,WHITE,ziyadnz/hourly-ipv4,ziyadnz|hourly,2026-08-17T18:48:05Z,2026-08-17T18:48:05Z,
135.181.26.138,ipv4,malicious-ip,medium,WHITE,ziyadnz/hourly-ipv4,ziyadnz|hourly,2026-08-17T18:48:05Z,2026-08-17T18:48:05Z,
135.181.40.236,ipv4,malicious-ip,medium,WHITE,ziyadnz/hourly-ipv4,ziyadnz|hourly,2026-08-17T18:48:05Z,2026-08-17T18:48:05Z,
135.181.47.22,ipv4,malicious-ip,medium,WHITE,ziyadnz/hourly-ipv4,ziyadnz|hourly,2026-08-17T18:48:05Z,2026-08-17T18:48:05Z,
135.181.47.95,ipv4,malicious-ip,medium,WHITE,ziyadnz/hourly-ipv4,ziyadnz|hourly,2026-08-17T18:48:05Z,2026-08-17T18:48:05Z,
135.181.49.38,ipv4,malicious-ip,medium,WHITE,ziyadnz/hourly-ipv4,ziyadnz|hourly,2026-08-17T18:48:05Z,2026-08-17T18:48:05Z,
135.181.67.203,ipv4,malicious-ip,medium,WHITE,ziyadnz/hourly-ipv4,ziyadnz|hourly,2026-08-17T18:48:05Z,2026-08-17T18:48:05Z,
135.181.74.216,ipv4,malicious-ip,medium,WHITE,ziyadnz/hourly-ipv4,ziyadnz|hourly,2026-08-17T18:48:05Z,2026-08-17T18:48:05Z,
135.222.40.0,ipv4,malicious-ip,medium,WHITE,ziyadnz/hourly-ipv4,ziyadnz|hourly,2026-08-17T18:48:05Z,2026-08-17T18:48:05Z,
135.222.40.117,ipv4,malicious-ip,medium,WHITE,ziyadnz/hourly-ipv4,ziyadnz|hourly,2026-08-17T18:48:05Z,2026-08-17T18:48:05Z,
135.222.40.118,ipv4,malicious-ip,medium,WHITE,ziyadnz/hourly-ipv4,ziyadnz|hourly,2026-08-17T18:48:05Z,2026-08-17T18:48:05Z,
135.222.40.122,ipv4,malicious-ip,medium,WHITE,ziyadnz/hourly-ipv4,ziyadnz|hourly,2026-08-17T18:48:05Z,2026-08-17T18:48:05Z,
135.222.40.18,ipv4,malicious-ip,medium,WHITE,ziyadnz/hourly-ipv4,ziyadnz|hourly,2026-08-17T18:48:05Z,2026-08-17T18:48:05Z,
135.222.40.227,ipv4,malicious-ip,medium,WHITE,ziyadnz/hourly-ipv4,ziyadnz|hourly,2026-08-17T18:48:05Z,2026-08-17T18:48:05Z,
135.222.40.33,ipv4,malicious-ip,medium,WHITE,ziyadnz/hourly-ipv4,ziyadnz|hourly,2026-08-17T18:48:05Z,2026-08-17T18:48:05Z,
135.222.40.73,ipv4,malicious-ip,medium,WHITE,ziyadnz/hourly-ipv4,ziyadnz|hourly,2026-08-17T18:48:05Z,2026-08-17T18:48:05Z,
135.232.208.114,ipv4,malicious-ip,medium,WHITE,ziyadnz/hourly-ipv4,ziyadnz|hourly,2026-08-17T18:48:05Z,2026-08-17T18:48:05Z,
135.233.112.0,ipv4,malicious-ip,medium,WHITE,ziyadnz/hourly-ipv4,ziyadnz|hourly,2026-08-17T18:48:05Z,2026-08-17T18:48:05Z,
135.233.112.102,ipv4,malicious-ip,medium,WHITE,ziyadnz/hourly-ipv4,ziyadnz|hourly,2026-08-17T18:48:05Z,2026-08-17T18:48:05Z,
135.233.112.103,ipv4,malicious-ip,medium,WHITE,ziyadnz/hourly-ipv4,ziyadnz|hourly,2026-08-17T18:48:05Z,2026-08-17T18:48:05Z,
135.233.112.109,ipv4,malicious-ip,medium,WHITE,ziyadnz/hourly-ipv4,ziyadnz|hourly,2026-08-17T18:48:05Z,2026-08-17T18:48:05Z,
135.233.112.24,ipv4,malicious-ip,medium,WHITE,ziyadnz/hourly-ipv4,ziyadnz|hourly,2026-08-17T18:48:05Z,2026-08-17T18:48:05Z,
135.233.112.26,ipv4,malicious-ip,medium,WHITE,ziyadnz/hourly-ipv4,ziyadnz|hourly,2026-08-17T18:48:05Z,2026-08-17T18:48:05Z,
135.233.112.94,ipv4,malicious-ip,medium,WHITE,ziyadnz/hourly-ipv4,ziyadnz|hourly,2026-08-17T18:48:05Z,2026-08-17T18:48:05Z,
135.233.125.115,ipv4,malicious-ip,medium,WHITE,ziyadnz/hourly-ipv4,ziyadnz|hourly,2026-08-17T18:48:05Z,2026-08-17T18:48:05Z,
135.233.96.197,ipv4,malicious-ip,medium,WHITE,ziyadnz/hourly-ipv4,ziyadnz|hourly,2026-08-17T18:48:05Z,2026-08-17T18:48:05Z,
135.233.96.247,ipv4,malicious-ip,medium,WHITE,ziyadnz/hourly-ipv4,ziyadnz|hourly,2026-08-17T18:48:05Z,2026-08-17T18:48:05Z,
135.233.97.43,ipv4,malicious-ip,medium,WHITE,ziyadnz/hourly-ipv4,ziyadnz|hourly,2026-08-17T18:48:05Z,2026-08-17T18:48:05Z,
135.234.122.239,ipv4,malicious-ip,medium,WHITE,ziyadnz/hourly-ipv4,ziyadnz|hourly,2026-08-17T18:48:05Z,2026-08-17T18:48:05Z,
135.235.195.224,ipv4,malicious-ip,medium,WHITE,ziyadnz/hourly-ipv4,ziyadnz|hourly,2026-08-17T18:48:05Z,2026-08-17T18:48:05Z,
135.235.219.147,ipv4,malicious-ip,medium,WHITE,ziyadnz/hourly-ipv4,ziyadnz|hourly,2026-08-17T18:48:05Z,2026-08-17T18:48:05Z,
135.237.120.244,ipv4,malicious-ip,medium,WHITE,ziyadnz/hourly-ipv4,ziyadnz|hourly,2026-08-17T18:48:05Z,2026-08-17T18:48:05Z,
135.237.121.153,ipv4,malicious-ip,medium,WHITE,ziyadnz/hourly-ipv4,ziyadnz|hourly,2026-08-17T18:48:05Z,2026-08-17T18:48:05Z,
135.237.122.155,ipv4,malicious-ip,medium,WHITE,ziyadnz/hourly-ipv4,ziyadnz|hourly,2026-08-17T18:48:05Z,2026-08-17T18:48:05Z,
135.237.122.184,ipv4,malicious-ip,medium,WHITE,ziyadnz/hourly-ipv4,ziyadnz|hourly,2026-08-17T18:48:05Z,2026-08-17T18:48:05Z,
135.237.122.202,ipv4,malicious-ip,medium,WHITE,ziyadnz/hourly-ipv4,ziyadnz|hourly,2026-08-17T18:48:05Z,2026-08-17T18:48:05Z,
135.237.122.82,ipv4,malicious-ip,medium,WHITE,ziyadnz/hourly-ipv4,ziyadnz|hourly,2026-08-17T18:48:05Z,2026-08-17T18:48:05Z,
135.237.123.0,ipv4,malicious-ip,medium,WHITE,ziyadnz/hourly-ipv4,ziyadnz|hourly,2026-08-17T18:48:05Z,2026-08-17T18:48:05Z,
135.237.123.160,ipv4,malicious-ip,medium,WHITE,ziyadnz/hourly-ipv4,ziyadnz|hourly,2026-08-17T18:48:05Z,2026-08-17T18:48:05Z,
135.237.123.168,ipv4,malicious-ip,medium,WHITE,ziyadnz/hourly-ipv4,ziyadnz|hourly,2026-08-17T18:48:05Z,2026-08-17T18:48:05Z,
135.237.123.203,ipv4,malicious-ip,medium,WHITE,ziyadnz/hourly-ipv4,ziyadnz|hourly,2026-08-17T18:48:05Z,2026-08-17T18:48:05Z,
135.237.123.204,ipv4,malicious-ip,medium,WHITE,ziyadnz/hourly-ipv4,ziyadnz|hourly,2026-08-17T18:48:05Z,2026-08-17T18:48:05Z,
135.237.123.227,ipv4,malicious-ip,medium,WHITE,ziyadnz/hourly-ipv4,ziyadnz|hourly,2026-08-17T18:48:05Z,2026-08-17T18:48:05Z,
135.237.123.246,ipv4,malicious-ip,medium,WHITE,ziyadnz/hourly-ipv4,ziyadnz|hourly,2026-08-17T18:48:05Z,2026-08-17T18:48:05Z,
135.237.123.254,ipv4,malicious-ip,medium,WHITE,ziyadnz/hourly-ipv4,ziyadnz|hourly,2026-08-17T18:48:05Z,2026-08-17T18:48:05Z,
135.237.124.0,ipv4,malicious-ip,medium,WHITE,ziyadnz/hourly-ipv4,ziyadnz|hourly,2026-08-17T18:48:05Z,2026-08-17T18:48:05Z,
135.237.124.103,ipv4,malicious-ip,medium,WHITE,ziyadnz/hourly-ipv4,ziyadnz|hourly,2026-08-17T18:48:05Z,2026-08-17T18:48:05Z,
135.237.124.11,ipv4,malicious-ip,medium,WHITE,ziyadnz/hourly-ipv4,ziyadnz|hourly,2026-08-17T18:48:05Z,2026-08-17T18:48:05Z,
135.237.124.174,ipv4,malicious-ip,medium,WHITE,ziyadnz/hourly-ipv4,ziyadnz|hourly,2026-08-17T18:48:05Z,2026-08-17T18:48:05Z,
135.237.124.21,ipv4,malicious-ip,medium,WHITE,ziyadnz/hourly-ipv4,ziyadnz|hourly,2026-08-17T18:48:05Z,2026-08-17T18:48:05Z,
135.237.124.223,ipv4,malicious-ip,medium,WHITE,ziyadnz/hourly-ipv4,ziyadnz|hourly,2026-08-17T18:48:05Z,2026-08-17T18:48:05Z,
135.237.124.26,ipv4,malicious-ip,medium,WHITE,ziyadnz/hourly-ipv4,ziyadnz|hourly,2026-08-17T18:48:05Z,2026-08-17T18:48:05Z,
135.237.124.6,ipv4,malicious-ip,medium,WHITE,ziyadnz/hourly-ipv4,ziyadnz|hourly,2026-08-17T18:48:05Z,2026-08-17T18:48:05Z,
135.237.124.61,ipv4,malicious-ip,medium,WHITE,ziyadnz/hourly-ipv4,ziyadnz|hourly,2026-08-17T18:48:05Z,2026-08-17T18:48:05Z,
135.237.124.78,ipv4,malicious-ip,medium,WHITE,ziyadnz/hourly-ipv4,ziyadnz|hourly,2026-08-17T18:48:05Z,2026-08-17T18:48:05Z,
135.237.124.83,ipv4,malicious-ip,medium,WHITE,ziyadnz/hourly-ipv4,ziyadnz|hourly,2026-08-17T18:48:05Z,2026-08-17T18:48:05Z,
135.237.124.95,ipv4,malicious-ip,medium,WHITE,ziyadnz/hourly-ipv4,ziyadnz|hourly,2026-08-17T18:48:05Z,2026-08-17T18:48:05Z,
135.237.124.96,ipv4,malicious-ip,medium,WHITE,ziyadnz/hourly-ipv4,ziyadnz|hourly,2026-08-17T18:48:05Z,2026-08-17T18:48:05Z,
135.237.125.0,ipv4,malicious-ip,medium,WHITE,ziyadnz/hourly-ipv4,ziyadnz|hourly,2026-08-17T18:48:05Z,2026-08-17T18:48:05Z,
135.237.125.106,ipv4,malicious-ip,medium,WHITE,ziyadnz/hourly-ipv4,ziyadnz|hourly,2026-08-17T18:48:05Z,2026-08-17T18:48:05Z,
135.237.125.109,ipv4,malicious-ip,medium,WHITE,ziyadnz/hourly-ipv4,ziyadnz|hourly,2026-08-17T18:48:05Z,2026-08-17T18:48:05Z,
135.237.125.118,ipv4,malicious-ip,medium,WHITE,ziyadnz/hourly-ipv4,ziyadnz|hourly,2026-08-17T18:48:05Z,2026-08-17T18:48:05Z,
135.237.125.122,ipv4,malicious-ip,medium,WHITE,ziyadnz/hourly-ipv4,ziyadnz|hourly,2026-08-17T18:48:05Z,2026-08-17T18:48:05Z,
135.237.125.132,ipv4,malicious-ip,medium,WHITE,ziyadnz/hourly-ipv4,ziyadnz|hourly,2026-08-17T18:48:05Z,2026-08-17T18:48:05Z,
135.237.125.135,ipv4,malicious-ip,medium,WHITE,ziyadnz/hourly-ipv4,ziyadnz|hourly,2026-08-17T18:48:05Z,2026-08-17T18:48:05Z,
135.237.125.137,ipv4,malicious-ip,medium,WHITE,ziyadnz/hourly-ipv4,ziyadnz|hourly,2026-08-17T18:48:05Z,2026-08-17T18:48:05Z,
135.237.125.143,ipv4,malicious-ip,medium,WHITE,ziyadnz/hourly-ipv4,ziyadnz|hourly,2026-08-17T18:48:05Z,2026-08-17T18:48:05Z,
135.237.125.146,ipv4,malicious-ip,medium,WHITE,ziyadnz/hourly-ipv4,ziyadnz|hourly,2026-08-17T18:48:05Z,2026-08-17T18:48:05Z,
135.237.125.155,ipv4,malicious-ip,medium,WHITE,ziyadnz/hourly-ipv4,ziyadnz|hourly,2026-08-17T18:48:05Z,2026-08-17T18:48:05Z,
135.237.125.156,ipv4,malicious-ip,medium,WHITE,ziyadnz/hourly-ipv4,ziyadnz|hourly,2026-08-17T18:48:05Z,2026-08-17T18:48:05Z,
135.237.125.158,ipv4,malicious-ip,medium,WHITE,ziyadnz/hourly-ipv4,ziyadnz|hourly,2026-08-17T18:48:05Z,2026-08-17T18:48:05Z,
135.237.125.160,ipv4,malicious-ip,medium,WHITE,ziyadnz/hourly-ipv4,ziyadnz|hourly,2026-08-17T18:48:05Z,2026-08-17T18:48:05Z,
135.237.125.174,ipv4,malicious-ip,medium,WHITE,ziyadnz/hourly-ipv4,ziyadnz|hourly,2026-08-17T18:48:05Z,2026-08-17T18:48:05Z,
135.237.125.177,ipv4,malicious-ip,medium,WHITE,ziyadnz/hourly-ipv4,ziyadnz|hourly,2026-08-17T18:48:05Z,2026-08-17T18:48:05Z,
135.237.125.182,ipv4,malicious-ip,medium,WHITE,ziyadnz/hourly-ipv4,ziyadnz|hourly,2026-08-17T18:48:05Z,2026-08-17T18:48:05Z,
135.237.125.183,ipv4,malicious-ip,medium,WHITE,ziyadnz/hourly-ipv4,ziyadnz|hourly,2026-08-17T18:48:05Z,2026-08-17T18:48:05Z,
135.237.125.195,ipv4,malicious-ip,medium,WHITE,ziyadnz/hourly-ipv4,ziyadnz|hourly,2026-08-17T18:48:05Z,2026-08-17T18:48:05Z,
135.237.125.196,ipv4,malicious-ip,medium,WHITE,ziyadnz/hourly-ipv4,ziyadnz|hourly,2026-08-17T18:48:05Z,2026-08-17T18:48:05Z,
135.237.125.201,ipv4,malicious-ip,medium,WHITE,ziyadnz/hourly-ipv4,ziyadnz|hourly,2026-08-17T18:48:05Z,2026-08-17T18:48:05Z,
135.237.125.206,ipv4,malicious-ip,medium,WHITE,ziyadnz/hourly-ipv4,ziyadnz|hourly,2026-08-17T18:48:05Z,2026-08-17T18:48:05Z,
135.237.125.213,ipv4,malicious-ip,medium,WHITE,ziyadnz/hourly-ipv4,ziyadnz|hourly,2026-08-17T18:48:05Z,2026-08-17T18:48:05Z,
135.237.125.221,ipv4,malicious-ip,medium,WHITE,ziyadnz/hourly-ipv4,ziyadnz|hourly,2026-08-17T18:48:05Z,2026-08-17T18:48:05Z,
135.237.125.223,ipv4,malicious-ip,medium,WHITE,ziyadnz/hourly-ipv4,ziyadnz|hourly,2026-08-17T18:48:05Z,2026-08-17T18:48:05Z,
135.237.125.23,ipv4,malicious-ip,medium,WHITE,ziyadnz/hourly-ipv4,ziyadnz|hourly,2026-08-17T18:48:05Z,2026-08-17T18:48:05Z,
135.237.125.237,ipv4,malicious-ip,medium,WHITE,ziyadnz/hourly-ipv4,ziyadnz|hourly,2026-08-17T18:48:05Z,2026-08-17T18:48:05Z,
135.237.125.26,ipv4,malicious-ip,medium,WHITE,ziyadnz/hourly-ipv4,ziyadnz|hourly,2026-08-17T18:48:05Z,2026-08-17T18:48:05Z,
135.237.125.27,ipv4,malicious-ip,medium,WHITE,ziyadnz/hourly-ipv4,ziyadnz|hourly,2026-08-17T18:48:05Z,2026-08-17T18:48:05Z,
135.237.125.30,ipv4,malicious-ip,medium,WHITE,ziyadnz/hourly-ipv4,ziyadnz|hourly,2026-08-17T18:48:05Z,2026-08-17T18:48:05Z,
135.237.125.78,ipv4,malicious-ip,medium,WHITE,ziyadnz/hourly-ipv4,ziyadnz|hourly,2026-08-17T18:48:05Z,2026-08-17T18:48:05Z,
135.237.125.92,ipv4,malicious-ip,medium,WHITE,ziyadnz/hourly-ipv4,ziyadnz|hourly,2026-08-17T18:48:05Z,2026-08-17T18:48:05Z,
135.237.126.0,ipv4,malicious-ip,medium,WHITE,ziyadnz/hourly-ipv4,ziyadnz|hourly,2026-08-17T18:48:05Z,2026-08-17T18:48:05Z,
135.237.126.100,ipv4,malicious-ip,medium,WHITE,ziyadnz/hourly-ipv4,ziyadnz|hourly,2026-08-17T18:48:05Z,2026-08-17T18:48:05Z,
135.237.126.103,ipv4,malicious-ip,medium,WHITE,ziyadnz/hourly-ipv4,ziyadnz|hourly,2026-08-17T18:48:05Z,2026-08-17T18:48:05Z,
135.237.126.114,ipv4,malicious-ip,medium,WHITE,ziyadnz/hourly-ipv4,ziyadnz|hourly,2026-08-17T18:48:05Z,2026-08-17T18:48:05Z,
135.237.126.116,ipv4,malicious-ip,medium,WHITE,ziyadnz/hourly-ipv4,ziyadnz|hourly,2026-08-17T18:48:05Z,2026-08-17T18:48:05Z,
135.237.126.12,ipv4,malicious-ip,medium,WHITE,ziyadnz/hourly-ipv4,ziyadnz|hourly,2026-08-17T18:48:05Z,2026-08-17T18:48:05Z,
135.237.126.122,ipv4,malicious-ip,medium,WHITE,ziyadnz/hourly-ipv4,ziyadnz|hourly,2026-08-17T18:48:05Z,2026-08-17T18:48:05Z,
135.237.126.123,ipv4,malicious-ip,medium,WHITE,ziyadnz/hourly-ipv4,ziyadnz|hourly,2026-08-17T18:48:05Z,2026-08-17T18:48:05Z,
135.237.126.127,ipv4,malicious-ip,medium,WHITE,ziyadnz/hourly-ipv4,ziyadnz|hourly,2026-08-17T18:48:05Z,2026-08-17T18:48:05Z,
135.237.126.135,ipv4,malicious-ip,medium,WHITE,ziyadnz/hourly-ipv4,ziyadnz|hourly,2026-08-17T18:48:05Z,2026-08-17T18:48:05Z,
135.237.126.141,ipv4,malicious-ip,medium,WHITE,ziyadnz/hourly-ipv4,ziyadnz|hourly,2026-08-17T18:48:05Z,2026-08-17T18:48:05Z,
135.237.126.148,ipv4,malicious-ip,medium,WHITE,ziyadnz/hourly-ipv4,ziyadnz|hourly,2026-08-17T18:48:05Z,2026-08-17T18:48:05Z,
135.237.126.149,ipv4,malicious-ip,medium,WHITE,ziyadnz/hourly-ipv4,ziyadnz|hourly,2026-08-17T18:48:05Z,2026-08-17T18:48:05Z,
135.237.126.154,ipv4,malicious-ip,medium,WHITE,ziyadnz/hourly-ipv4,ziyadnz|hourly,2026-08-17T18:48:05Z,2026-08-17T18:48:05Z,
135.237.126.160,ipv4,malicious-ip,medium,WHITE,ziyadnz/hourly-ipv4,ziyadnz|hourly,2026-08-17T18:48:05Z,2026-08-17T18:48:05Z,
135.237.126.169,ipv4,malicious-ip,medium,WHITE,ziyadnz/hourly-ipv4,ziyadnz|hourly,2026-08-17T18:48:05Z,2026-08-17T18:48:05Z,
135.237.126.18,ipv4,malicious-ip,medium,WHITE,ziyadnz/hourly-ipv4,ziyadnz|hourly,2026-08-17T18:48:05Z,2026-08-17T18:48:05Z,
135.237.126.194,ipv4,malicious-ip,medium,WHITE,ziyadnz/hourly-ipv4,ziyadnz|hourly,2026-08-17T18:48:05Z,2026-08-17T18:48:05Z,
135.237.126.195,ipv4,malicious-ip,medium,WHITE,ziyadnz/hourly-ipv4,ziyadnz|hourly,2026-08-17T18:48:05Z,2026-08-17T18:48:05Z,
135.237.126.196,ipv4,malicious-ip,medium,WHITE,ziyadnz/hourly-ipv4,ziyadnz|hourly,2026-08-17T18:48:05Z,2026-08-17T18:48:05Z,
135.237.126.198,ipv4,malicious-ip,medium,WHITE,ziyadnz/hourly-ipv4,ziyadnz|hourly,2026-08-17T18:48:05Z,2026-08-17T18:48:05Z,
135.237.126.199,ipv4,malicious-ip,medium,WHITE,ziyadnz/hourly-ipv4,ziyadnz|hourly,2026-08-17T18:48:05Z,2026-08-17T18:48:05Z,
135.237.126.2,ipv4,malicious-ip,medium,WHITE,ziyadnz/hourly-ipv4,ziyadnz|hourly,2026-08-17T18:48:05Z,2026-08-17T18:48:05Z,
135.237.126.200,ipv4,malicious-ip,medium,WHITE,ziyadnz/hourly-ipv4,ziyadnz|hourly,2026-08-17T18:48:05Z,2026-08-17T18:48:05Z,
135.237.126.202,ipv4,malicious-ip,medium,WHITE,ziyadnz/hourly-ipv4,ziyadnz|hourly,2026-08-17T18:48:05Z,2026-08-17T18:48:05Z,
135.237.126.203,ipv4,malicious-ip,medium,WHITE,ziyadnz/hourly-ipv4,ziyadnz|hourly,2026-08-17T18:48:05Z,2026-08-17T18:48:05Z,
135.237.126.204,ipv4,malicious-ip,medium,WHITE,ziyadnz/hourly-ipv4,ziyadnz|hourly,2026-08-17T18:48:05Z,2026-08-17T18:48:05Z,
135.237.126.205,ipv4,malicious-ip,medium,WHITE,ziyadnz/hourly-ipv4,ziyadnz|hourly,2026-08-17T18:48:05Z,2026-08-17T18:48:05Z,
135.237.126.209,ipv4,malicious-ip,medium,WHITE,ziyadnz/hourly-ipv4,ziyadnz|hourly,2026-08-17T18:48:05Z,2026-08-17T18:48:05Z,
135.237.126.210,ipv4,malicious-ip,medium,WHITE,ziyadnz/hourly-ipv4,ziyadnz|hourly,2026-08-17T18:48:05Z,2026-08-17T18:48:05Z,
135.237.126.211,ipv4,malicious-ip,medium,WHITE,ziyadnz/hourly-ipv4,ziyadnz|hourly,2026-08-17T18:48:05Z,2026-08-17T18:48:05Z,
135.237.126.217,ipv4,malicious-ip,medium,WHITE,ziyadnz/hourly-ipv4,ziyadnz|hourly,2026-08-17T18:48:05Z,2026-08-17T18:48:05Z,
135.237.126.218,ipv4,malicious-ip,medium,WHITE,ziyadnz/hourly-ipv4,ziyadnz|hourly,2026-08-17T18:48:05Z,2026-08-17T18:48:05Z,
135.237.126.219,ipv4,malicious-ip,medium,WHITE,ziyadnz/hourly-ipv4,ziyadnz|hourly,2026-08-17T18:48:05Z,2026-08-17T18:48:05Z,
135.237.126.220,ipv4,malicious-ip,medium,WHITE,ziyadnz/hourly-ipv4,ziyadnz|hourly,2026-08-17T18:48:05Z,2026-08-17T18:48:05Z,
135.237.126.221,ipv4,malicious-ip,medium,WHITE,ziyadnz/hourly-ipv4,ziyadnz|hourly,2026-08-17T18:48:05Z,2026-08-17T18:48:05Z,
135.237.126.223,ipv4,malicious-ip,medium,WHITE,ziyadnz/hourly-ipv4,ziyadnz|hourly,2026-08-17T18:48:05Z,2026-08-17T18:48:05Z,
135.237.126.224,ipv4,malicious-ip,medium,WHITE,ziyadnz/hourly-ipv4,ziyadnz|hourly,2026-08-17T18:48:05Z,2026-08-17T18:48:05Z,
135.237.126.225,ipv4,malicious-ip,medium,WHITE,ziyadnz/hourly-ipv4,ziyadnz|hourly,2026-08-17T18:48:05Z,2026-08-17T18:48:05Z,
135.237.126.228,ipv4,malicious-ip,medium,WHITE,ziyadnz/hourly-ipv4,ziyadnz|hourly,2026-08-17T18:48:05Z,2026-08-17T18:48:05Z,
135.237.126.230,ipv4,malicious-ip,medium,WHITE,ziyadnz/hourly-ipv4,ziyadnz|hourly,2026-08-17T18:48:05Z,2026-08-17T18:48:05Z,
135.237.126.231,ipv4,malicious-ip,medium,WHITE,ziyadnz/hourly-ipv4,ziyadnz|hourly,2026-08-17T18:48:05Z,2026-08-17T18:48:05Z,
135.237.126.232,ipv4,malicious-ip,medium,WHITE,ziyadnz/hourly-ipv4,ziyadnz|hourly,2026-08-17T18:48:05Z,2026-08-17T18:48:05Z,
135.237.126.233,ipv4,malicious-ip,medium,WHITE,ziyadnz/hourly-ipv4,ziyadnz|hourly,2026-08-17T18:48:05Z,2026-08-17T18:48:05Z,
135.237.126.244,ipv4,malicious-ip,medium,WHITE,ziyadnz/hourly-ipv4,ziyadnz|hourly,2026-08-17T18:48:05Z,2026-08-17T18:48:05Z,
135.237.126.245,ipv4,malicious-ip,medium,WHITE,ziyadnz/hourly-ipv4,ziyadnz|hourly,2026-08-17T18:48:05Z,2026-08-17T18:48:05Z,
135.237.126.250,ipv4,malicious-ip,medium,WHITE,ziyadnz/hourly-ipv4,ziyadnz|hourly,2026-08-17T18:48:05Z,2026-08-17T18:48:05Z,
135.237.126.251,ipv4,malicious-ip,medium,WHITE,ziyadnz/hourly-ipv4,ziyadnz|hourly,2026-08-17T18:48:05Z,2026-08-17T18:48:05Z,
135.237.126.36,ipv4,malicious-ip,medium,WHITE,ziyadnz/hourly-ipv4,ziyadnz|hourly,2026-08-17T18:48:05Z,2026-08-17T18:48:05Z,
135.237.126.37,ipv4,malicious-ip,medium,WHITE,ziyadnz/hourly-ipv4,ziyadnz|hourly,2026-08-17T18:48:05Z,2026-08-17T18:48:05Z,
135.237.126.41,ipv4,malicious-ip,medium,WHITE,ziyadnz/hourly-ipv4,ziyadnz|hourly,2026-08-17T18:48:05Z,2026-08-17T18:48:05Z,
135.237.126.47,ipv4,malicious-ip,medium,WHITE,ziyadnz/hourly-ipv4,ziyadnz|hourly,2026-08-17T18:48:05Z,2026-08-17T18:48:05Z,
135.237.126.57,ipv4,malicious-ip,medium,WHITE,ziyadnz/hourly-ipv4,ziyadnz|hourly,2026-08-17T18:48:05Z,2026-08-17T18:48:05Z,
135.237.126.6,ipv4,malicious-ip,medium,WHITE,ziyadnz/hourly-ipv4,ziyadnz|hourly,2026-08-17T18:48:05Z,2026-08-17T18:48:05Z,
135.237.126.63,ipv4,malicious-ip,medium,WHITE,ziyadnz/hourly-ipv4,ziyadnz|hourly,2026-08-17T18:48:05Z,2026-08-17T18:48:05Z,
135.237.126.72,ipv4,malicious-ip,medium,WHITE,ziyadnz/hourly-ipv4,ziyadnz|hourly,2026-08-17T18:48:05Z,2026-08-17T18:48:05Z,
135.237.126.73,ipv4,malicious-ip,medium,WHITE,ziyadnz/hourly-ipv4,ziyadnz|hourly,2026-08-17T18:48:05Z,2026-08-17T18:48:05Z,
135.237.126.76,ipv4,malicious-ip,medium,WHITE,ziyadnz/hourly-ipv4,ziyadnz|hourly,2026-08-17T18:48:05Z,2026-08-17T18:48:05Z,
135.237.126.79,ipv4,malicious-ip,medium,WHITE,ziyadnz/hourly-ipv4,ziyadnz|hourly,2026-08-17T18:48:05Z,2026-08-17T18:48:05Z,
135.237.126.83,ipv4,malicious-ip,medium,WHITE,ziyadnz/hourly-ipv4,ziyadnz|hourly,2026-08-17T18:48:05Z,2026-08-17T18:48:05Z,
135.237.126.84,ipv4,malicious-ip,medium,WHITE,ziyadnz/hourly-ipv4,ziyadnz|hourly,2026-08-17T18:48:05Z,2026-08-17T18:48:05Z,
135.237.126.87,ipv4,malicious-ip,medium,WHITE,ziyadnz/hourly-ipv4,ziyadnz|hourly,2026-08-17T18:48:05Z,2026-08-17T18:48:05Z,
135.237.126.88,ipv4,malicious-ip,medium,WHITE,ziyadnz/hourly-ipv4,ziyadnz|hourly,2026-08-17T18:48:05Z,2026-08-17T18:48:05Z,
135.237.126.9,ipv4,malicious-ip,medium,WHITE,ziyadnz/hourly-ipv4,ziyadnz|hourly,2026-08-17T18:48:05Z,2026-08-17T18:48:05Z,
135.237.126.90,ipv4,malicious-ip,medium,WHITE,ziyadnz/hourly-ipv4,ziyadnz|hourly,2026-08-17T18:48:05Z,2026-08-17T18:48:05Z,
135.237.126.99,ipv4,malicious-ip,medium,WHITE,ziyadnz/hourly-ipv4,ziyadnz|hourly,2026-08-17T18:48:05Z,2026-08-17T18:48:05Z,
135.237.127.0,ipv4,malicious-ip,medium,WHITE,ziyadnz/hourly-ipv4,ziyadnz|hourly,2026-08-17T18:48:05Z,2026-08-17T18:48:05Z,
135.237.127.109,ipv4,malicious-ip,medium,WHITE,ziyadnz/hourly-ipv4,ziyadnz|hourly,2026-08-17T18:48:05Z,2026-08-17T18:48:05Z,
135.237.127.112,ipv4,malicious-ip,medium,WHITE,ziyadnz/hourly-ipv4,ziyadnz|hourly,2026-08-17T18:48:05Z,2026-08-17T18:48:05Z,
135.237.127.116,ipv4,malicious-ip,medium,WHITE,ziyadnz/hourly-ipv4,ziyadnz|hourly,2026-08-17T18:48:05Z,2026-08-17T18:48:05Z,
135.237.127.14,ipv4,malicious-ip,medium,WHITE,ziyadnz/hourly-ipv4,ziyadnz|hourly,2026-08-17T18:48:05Z,2026-08-17T18:48:05Z,
135.237.127.161,ipv4,malicious-ip,medium,WHITE,ziyadnz/hourly-ipv4,ziyadnz|hourly,2026-08-17T18:48:05Z,2026-08-17T18:48:05Z,
135.237.127.171,ipv4,malicious-ip,medium,WHITE,ziyadnz/hourly-ipv4,ziyadnz|hourly,2026-08-17T18:48:05Z,2026-08-17T18:48:05Z,
135.237.127.172,ipv4,malicious-ip,medium,WHITE,ziyadnz/hourly-ipv4,ziyadnz|hourly,2026-08-17T18:48:05Z,2026-08-17T18:48:05Z,
135.237.127.177,ipv4,malicious-ip,medium,WHITE,ziyadnz/hourly-ipv4,ziyadnz|hourly,2026-08-17T18:48:05Z,2026-08-17T18:48:05Z,
135.237.127.188,ipv4,malicious-ip,medium,WHITE,ziyadnz/hourly-ipv4,ziyadnz|hourly,2026-08-17T18:48:05Z,2026-08-17T18:48:05Z,
135.237.127.190,ipv4,malicious-ip,medium,WHITE,ziyadnz/hourly-ipv4,ziyadnz|hourly,2026-08-17T18:48:05Z,2026-08-17T18:48:05Z,
135.237.127.207,ipv4,malicious-ip,medium,WHITE,ziyadnz/hourly-ipv4,ziyadnz|hourly,2026-08-17T18:48:05Z,2026-08-17T18:48:05Z,
135.237.127.221,ipv4,malicious-ip,medium,WHITE,ziyadnz/hourly-ipv4,ziyadnz|hourly,2026-08-17T18:48:05Z,2026-08-17T18:48:05Z,
135.237.127.223,ipv4,malicious-ip,medium,WHITE,ziyadnz/hourly-ipv4,ziyadnz|hourly,2026-08-17T18:48:05Z,2026-08-17T18:48:05Z,
135.237.127.225,ipv4,malicious-ip,medium,WHITE,ziyadnz/hourly-ipv4,ziyadnz|hourly,2026-08-17T18:48:05Z,2026-08-17T18:48:05Z,
135.237.127.238,ipv4,malicious-ip,medium,WHITE,ziyadnz/hourly-ipv4,ziyadnz|hourly,2026-08-17T18:48:05Z,2026-08-17T18:48:05Z,
135.237.127.45,ipv4,malicious-ip,medium,WHITE,ziyadnz/hourly-ipv4,ziyadnz|hourly,2026-08-17T18:48:05Z,2026-08-17T18:48:05Z,
135.237.127.54,ipv4,malicious-ip,medium,WHITE,ziyadnz/hourly-ipv4,ziyadnz|hourly,2026-08-17T18:48:05Z,2026-08-17T18:48:05Z,
135.237.127.63,ipv4,malicious-ip,medium,WHITE,ziyadnz/hourly-ipv4,ziyadnz|hourly,2026-08-17T18:48:05Z,2026-08-17T18:48:05Z,
135.237.127.68,ipv4,malicious-ip,medium,WHITE,ziyadnz/hourly-ipv4,ziyadnz|hourly,2026-08-17T18:48:05Z,2026-08-17T18:48:05Z,
135.237.127.71,ipv4,malicious-ip,medium,WHITE,ziyadnz/hourly-ipv4,ziyadnz|hourly,2026-08-17T18:48:05Z,2026-08-17T18:48:05Z,
135.237.127.76,ipv4,malicious-ip,medium,WHITE,ziyadnz/hourly-ipv4,ziyadnz|hourly,2026-08-17T18:48:05Z,2026-08-17T18:48:05Z,
135.237.127.82,ipv4,malicious-ip,medium,WHITE,ziyadnz/hourly-ipv4,ziyadnz|hourly,2026-08-17T18:48:05Z,2026-08-17T18:48:05Z,
135.237.127.87,ipv4,malicious-ip,medium,WHITE,ziyadnz/hourly-ipv4,ziyadnz|hourly,2026-08-17T18:48:05Z,2026-08-17T18:48:05Z,
135.237.127.94,ipv4,malicious-ip,medium,WHITE,ziyadnz/hourly-ipv4,ziyadnz|hourly,2026-08-17T18:48:05Z,2026-08-17T18:48:05Z,
135.237.81.94,ipv4,malicious-ip,medium,WHITE,ziyadnz/hourly-ipv4,ziyadnz|hourly,2026-08-17T18:48:05Z,2026-08-17T18:48:05Z,
136.0.141.112,ipv4,malicious-ip,medium,WHITE,ziyadnz/hourly-ipv4,ziyadnz|hourly,2026-08-17T18:48:05Z,2026-08-17T18:48:05Z,
136.0.141.138,ipv4,malicious-ip,medium,WHITE,ziyadnz/hourly-ipv4,ziyadnz|hourly,2026-08-17T18:48:05Z,2026-08-17T18:48:05Z,
136.0.141.41,ipv4,malicious-ip,medium,WHITE,ziyadnz/hourly-ipv4,ziyadnz|hourly,2026-08-17T18:48:05Z,2026-08-17T18:48:05Z,
136.0.197.43,ipv4,malicious-ip,medium,WHITE,ziyadnz/hourly-ipv4,ziyadnz|hourly,2026-08-17T18:48:05Z,2026-08-17T18:48:05Z,
136.0.251.107,ipv4,malicious-ip,medium,WHITE,ziyadnz/hourly-ipv4,ziyadnz|hourly,2026-08-17T18:48:05Z,2026-08-17T18:48:05Z,
136.0.251.109,ipv4,malicious-ip,medium,WHITE,ziyadnz/hourly-ipv4,ziyadnz|hourly,2026-08-17T18:48:05Z,2026-08-17T18:48:05Z,
136.0.3.71,ipv4,malicious-ip,medium,WHITE,ziyadnz/hourly-ipv4,ziyadnz|hourly,2026-08-17T18:48:05Z,2026-08-17T18:48:05Z,
136.0.8.48,ipv4,malicious-ip,medium,WHITE,ziyadnz/hourly-ipv4,ziyadnz|hourly,2026-08-17T18:48:05Z,2026-08-17T18:48:05Z,
136.0.9.8,ipv4,malicious-ip,medium,WHITE,ziyadnz/hourly-ipv4,ziyadnz|hourly,2026-08-17T18:48:05Z,2026-08-17T18:48:05Z,
136.107.0.26,ipv4,malicious-ip,medium,WHITE,ziyadnz/hourly-ipv4,ziyadnz|hourly,2026-08-17T18:48:05Z,2026-08-17T18:48:05Z,
136.107.107.237,ipv4,malicious-ip,medium,WHITE,ziyadnz/hourly-ipv4,ziyadnz|hourly,2026-08-17T18:48:05Z,2026-08-17T18:48:05Z,
136.107.113.154,ipv4,malicious-ip,medium,WHITE,ziyadnz/hourly-ipv4,ziyadnz|hourly,2026-08-17T18:48:05Z,2026-08-17T18:48:05Z,
136.107.122.167,ipv4,malicious-ip,medium,WHITE,ziyadnz/hourly-ipv4,ziyadnz|hourly,2026-08-17T18:48:05Z,2026-08-17T18:48:05Z,
136.107.123.170,ipv4,malicious-ip,medium,WHITE,ziyadnz/hourly-ipv4,ziyadnz|hourly,2026-08-17T18:48:05Z,2026-08-17T18:48:05Z,
136.107.134.162,ipv4,malicious-ip,medium,WHITE,ziyadnz/hourly-ipv4,ziyadnz|hourly,2026-08-17T18:48:05Z,2026-08-17T18:48:05Z,
136.107.134.242,ipv4,malicious-ip,medium,WHITE,ziyadnz/hourly-ipv4,ziyadnz|hourly,2026-08-17T18:48:05Z,2026-08-17T18:48:05Z,
136.107.135.130,ipv4,malicious-ip,medium,WHITE,ziyadnz/hourly-ipv4,ziyadnz|hourly,2026-08-17T18:48:05Z,2026-08-17T18:48:05Z,
136.107.161.58,ipv4,malicious-ip,medium,WHITE,ziyadnz/hourly-ipv4,ziyadnz|hourly,2026-08-17T18:48:05Z,2026-08-17T18:48:05Z,
136.107.168.54,ipv4,malicious-ip,medium,WHITE,ziyadnz/hourly-ipv4,ziyadnz|hourly,2026-08-17T18:48:05Z,2026-08-17T18:48:05Z,
136.107.170.125,ipv4,malicious-ip,medium,WHITE,ziyadnz/hourly-ipv4,ziyadnz|hourly,2026-08-17T18:48:05Z,2026-08-17T18:48:05Z,
136.107.187.197,ipv4,malicious-ip,medium,WHITE,ziyadnz/hourly-ipv4,ziyadnz|hourly,2026-08-17T18:48:05Z,2026-08-17T18:48:05Z,
136.107.195.78,ipv4,malicious-ip,medium,WHITE,ziyadnz/hourly-ipv4,ziyadnz|hourly,2026-08-17T18:48:05Z,2026-08-17T18:48:05Z,
136.107.20.115,ipv4,malicious-ip,medium,WHITE,ziyadnz/hourly-ipv4,ziyadnz|hourly,2026-08-17T18:48:05Z,2026-08-17T18:48:05Z,
136.107.202.212,ipv4,malicious-ip,medium,WHITE,ziyadnz/hourly-ipv4,ziyadnz|hourly,2026-08-17T18:48:05Z,2026-08-17T18:48:05Z,
136.107.203.163,ipv4,malicious-ip,medium,WHITE,ziyadnz/hourly-ipv4,ziyadnz|hourly,2026-08-17T18:48:05Z,2026-08-17T18:48:05Z,
136.107.212.255,ipv4,malicious-ip,medium,WHITE,ziyadnz/hourly-ipv4,ziyadnz|hourly,2026-08-17T18:48:05Z,2026-08-17T18:48:05Z,
136.107.215.208,ipv4,malicious-ip,medium,WHITE,ziyadnz/hourly-ipv4,ziyadnz|hourly,2026-08-17T18:48:05Z,2026-08-17T18:48:05Z,
136.107.216.105,ipv4,malicious-ip,medium,WHITE,ziyadnz/hourly-ipv4,ziyadnz|hourly,2026-08-17T18:48:05Z,2026-08-17T18:48:05Z,
136.107.218.137,ipv4,malicious-ip,medium,WHITE,ziyadnz/hourly-ipv4,ziyadnz|hourly,2026-08-17T18:48:05Z,2026-08-17T18:48:05Z,
136.107.227.193,ipv4,malicious-ip,medium,WHITE,ziyadnz/hourly-ipv4,ziyadnz|hourly,2026-08-17T18:48:05Z,2026-08-17T18:48:05Z,
136.107.235.36,ipv4,malicious-ip,medium,WHITE,ziyadnz/hourly-ipv4,ziyadnz|hourly,2026-08-17T18:48:05Z,2026-08-17T18:48:05Z,
136.107.24.123,ipv4,malicious-ip,medium,WHITE,ziyadnz/hourly-ipv4,ziyadnz|hourly,2026-08-17T18:48:05Z,2026-08-17T18:48:05Z,
136.107.242.19,ipv4,malicious-ip,medium,WHITE,ziyadnz/hourly-ipv4,ziyadnz|hourly,2026-08-17T18:48:05Z,2026-08-17T18:48:05Z,
136.107.243.250,ipv4,malicious-ip,medium,WHITE,ziyadnz/hourly-ipv4,ziyadnz|hourly,2026-08-17T18:48:05Z,2026-08-17T18:48:05Z,
136.107.244.219,ipv4,malicious-ip,medium,WHITE,ziyadnz/hourly-ipv4,ziyadnz|hourly,2026-08-17T18:48:05Z,2026-08-17T18:48:05Z,
136.107.253.122,ipv4,malicious-ip,medium,WHITE,ziyadnz/hourly-ipv4,ziyadnz|hourly,2026-08-17T18:48:05Z,2026-08-17T18:48:05Z,
136.107.255.139,ipv4,malicious-ip,medium,WHITE,ziyadnz/hourly-ipv4,ziyadnz|hourly,2026-08-17T18:48:05Z,2026-08-17T18:48:05Z,
136.107.27.78,ipv4,malicious-ip,medium,WHITE,ziyadnz/hourly-ipv4,ziyadnz|hourly,2026-08-17T18:48:05Z,2026-08-17T18:48:05Z,
136.107.28.118,ipv4,malicious-ip,medium,WHITE,ziyadnz/hourly-ipv4,ziyadnz|hourly,2026-08-17T18:48:05Z,2026-08-17T18:48:05Z,
136.107.49.103,ipv4,malicious-ip,medium,WHITE,ziyadnz/hourly-ipv4,ziyadnz|hourly,2026-08-17T18:48:05Z,2026-08-17T18:48:05Z,
136.107.50.238,ipv4,malicious-ip,medium,WHITE,ziyadnz/hourly-ipv4,ziyadnz|hourly,2026-08-17T18:48:05Z,2026-08-17T18:48:05Z,
136.107.58.70,ipv4,malicious-ip,medium,WHITE,ziyadnz/hourly-ipv4,ziyadnz|hourly,2026-08-17T18:48:05Z,2026-08-17T18:48:05Z,
136.107.69.254,ipv4,malicious-ip,medium,WHITE,ziyadnz/hourly-ipv4,ziyadnz|hourly,2026-08-17T18:48:05Z,2026-08-17T18:48:05Z,
136.107.77.101,ipv4,malicious-ip,medium,WHITE,ziyadnz/hourly-ipv4,ziyadnz|hourly,2026-08-17T18:48:05Z,2026-08-17T18:48:05Z,
136.107.87.106,ipv4,malicious-ip,medium,WHITE,ziyadnz/hourly-ipv4,ziyadnz|hourly,2026-08-17T18:48:05Z,2026-08-17T18:48:05Z,
136.107.90.193,ipv4,malicious-ip,medium,WHITE,ziyadnz/hourly-ipv4,ziyadnz|hourly,2026-08-17T18:48:05Z,2026-08-17T18:48:05Z,
136.108.101.32,ipv4,malicious-ip,medium,WHITE,ziyadnz/hourly-ipv4,ziyadnz|hourly,2026-08-17T18:48:05Z,2026-08-17T18:48:05Z,
136.108.103.30,ipv4,malicious-ip,medium,WHITE,ziyadnz/hourly-ipv4,ziyadnz|hourly,2026-08-17T18:48:05Z,2026-08-17T18:48:05Z,
136.108.110.243,ipv4,malicious-ip,medium,WHITE,ziyadnz/hourly-ipv4,ziyadnz|hourly,2026-08-17T18:48:05Z,2026-08-17T18:48:05Z,
136.108.16.175,ipv4,malicious-ip,medium,WHITE,ziyadnz/hourly-ipv4,ziyadnz|hourly,2026-08-17T18:48:05Z,2026-08-17T18:48:05Z,
136.108.25.244,ipv4,malicious-ip,medium,WHITE,ziyadnz/hourly-ipv4,ziyadnz|hourly,2026-08-17T18:48:05Z,2026-08-17T18:48:05Z,
136.108.29.113,ipv4,malicious-ip,medium,WHITE,ziyadnz/hourly-ipv4,ziyadnz|hourly,2026-08-17T18:48:05Z,2026-08-17T18:48:05Z,
136.108.4.237,ipv4,malicious-ip,medium,WHITE,ziyadnz/hourly-ipv4,ziyadnz|hourly,2026-08-17T18:48:05Z,2026-08-17T18:48:05Z,
136.108.47.141,ipv4,malicious-ip,medium,WHITE,ziyadnz/hourly-ipv4,ziyadnz|hourly,2026-08-17T18:48:05Z,2026-08-17T18:48:05Z,
136.108.50.124,ipv4,malicious-ip,medium,WHITE,ziyadnz/hourly-ipv4,ziyadnz|hourly,2026-08-17T18:48:05Z,2026-08-17T18:48:05Z,
136.108.50.81,ipv4,malicious-ip,medium,WHITE,ziyadnz/hourly-ipv4,ziyadnz|hourly,2026-08-17T18:48:05Z,2026-08-17T18:48:05Z,
136.108.59.179,ipv4,malicious-ip,medium,WHITE,ziyadnz/hourly-ipv4,ziyadnz|hourly,2026-08-17T18:48:05Z,2026-08-17T18:48:05Z,
136.108.63.244,ipv4,malicious-ip,medium,WHITE,ziyadnz/hourly-ipv4,ziyadnz|hourly,2026-08-17T18:48:05Z,2026-08-17T18:48:05Z,
136.108.66.43,ipv4,malicious-ip,medium,WHITE,ziyadnz/hourly-ipv4,ziyadnz|hourly,2026-08-17T18:48:05Z,2026-08-17T18:48:05Z,
136.108.66.99,ipv4,malicious-ip,medium,WHITE,ziyadnz/hourly-ipv4,ziyadnz|hourly,2026-08-17T18:48:05Z,2026-08-17T18:48:05Z,
136.108.7.236,ipv4,malicious-ip,medium,WHITE,ziyadnz/hourly-ipv4,ziyadnz|hourly,2026-08-17T18:48:05Z,2026-08-17T18:48:05Z,
136.108.83.207,ipv4,malicious-ip,medium,WHITE,ziyadnz/hourly-ipv4,ziyadnz|hourly,2026-08-17T18:48:05Z,2026-08-17T18:48:05Z,
136.108.85.42,ipv4,malicious-ip,medium,WHITE,ziyadnz/hourly-ipv4,ziyadnz|hourly,2026-08-17T18:48:05Z,2026-08-17T18:48:05Z,
136.108.87.228,ipv4,malicious-ip,medium,WHITE,ziyadnz/hourly-ipv4,ziyadnz|hourly,2026-08-17T18:48:05Z,2026-08-17T18:48:05Z,
136.108.91.234,ipv4,malicious-ip,medium,WHITE,ziyadnz/hourly-ipv4,ziyadnz|hourly,2026-08-17T18:48:05Z,2026-08-17T18:48:05Z,
136.108.92.175,ipv4,malicious-ip,medium,WHITE,ziyadnz/hourly-ipv4,ziyadnz|hourly,2026-08-17T18:48:05Z,2026-08-17T18:48:05Z,
136.108.98.222,ipv4,malicious-ip,medium,WHITE,ziyadnz/hourly-ipv4,ziyadnz|hourly,2026-08-17T18:48:05Z,2026-08-17T18:48:05Z,
136.109.11.44,ipv4,malicious-ip,medium,WHITE,ziyadnz/hourly-ipv4,ziyadnz|hourly,2026-08-17T18:48:05Z,2026-08-17T18:48:05Z,
136.109.124.63,ipv4,malicious-ip,medium,WHITE,ziyadnz/hourly-ipv4,ziyadnz|hourly,2026-08-17T18:48:05Z,2026-08-17T18:48:05Z,
136.109.147.101,ipv4,malicious-ip,medium,WHITE,ziyadnz/hourly-ipv4,ziyadnz|hourly,2026-08-17T18:48:05Z,2026-08-17T18:48:05Z,
136.109.160.168,ipv4,malicious-ip,medium,WHITE,ziyadnz/hourly-ipv4,ziyadnz|hourly,2026-08-17T18:48:05Z,2026-08-17T18:48:05Z,
136.109.166.185,ipv4,malicious-ip,medium,WHITE,ziyadnz/hourly-ipv4,ziyadnz|hourly,2026-08-17T18:48:05Z,2026-08-17T18:48:05Z,
136.109.167.91,ipv4,malicious-ip,medium,WHITE,ziyadnz/hourly-ipv4,ziyadnz|hourly,2026-08-17T18:48:05Z,2026-08-17T18:48:05Z,
136.109.17.73,ipv4,malicious-ip,medium,WHITE,ziyadnz/hourly-ipv4,ziyadnz|hourly,2026-08-17T18:48:05Z,2026-08-17T18:48:05Z,
136.109.181.118,ipv4,malicious-ip,medium,WHITE,ziyadnz/hourly-ipv4,ziyadnz|hourly,2026-08-17T18:48:05Z,2026-08-17T18:48:05Z,
136.109.19.195,ipv4,malicious-ip,medium,WHITE,ziyadnz/hourly-ipv4,ziyadnz|hourly,2026-08-17T18:48:05Z,2026-08-17T18:48:05Z,
136.109.197.172,ipv4,malicious-ip,medium,WHITE,ziyadnz/hourly-ipv4,ziyadnz|hourly,2026-08-17T18:48:05Z,2026-08-17T18:48:05Z,
136.109.199.223,ipv4,malicious-ip,medium,WHITE,ziyadnz/hourly-ipv4,ziyadnz|hourly,2026-08-17T18:48:05Z,2026-08-17T18:48:05Z,
136.109.209.255,ipv4,malicious-ip,medium,WHITE,ziyadnz/hourly-ipv4,ziyadnz|hourly,2026-08-17T18:48:05Z,2026-08-17T18:48:05Z,
136.109.22.148,ipv4,malicious-ip,medium,WHITE,ziyadnz/hourly-ipv4,ziyadnz|hourly,2026-08-17T18:48:05Z,2026-08-17T18:48:05Z,
136.109.223.187,ipv4,malicious-ip,medium,WHITE,ziyadnz/hourly-ipv4,ziyadnz|hourly,2026-08-17T18:48:05Z,2026-08-17T18:48:05Z,
136.109.227.121,ipv4,malicious-ip,medium,WHITE,ziyadnz/hourly-ipv4,ziyadnz|hourly,2026-08-17T18:48:05Z,2026-08-17T18:48:05Z,
136.109.252.6,ipv4,malicious-ip,medium,WHITE,ziyadnz/hourly-ipv4,ziyadnz|hourly,2026-08-17T18:48:05Z,2026-08-17T18:48:05Z,
136.109.26.8,ipv4,malicious-ip,medium,WHITE,ziyadnz/hourly-ipv4,ziyadnz|hourly,2026-08-17T18:48:05Z,2026-08-17T18:48:05Z,
136.109.49.136,ipv4,malicious-ip,medium,WHITE,ziyadnz/hourly-ipv4,ziyadnz|hourly,2026-08-17T18:48:05Z,2026-08-17T18:48:05Z,
136.109.50.231,ipv4,malicious-ip,medium,WHITE,ziyadnz/hourly-ipv4,ziyadnz|hourly,2026-08-17T18:48:05Z,2026-08-17T18:48:05Z,
136.109.55.101,ipv4,malicious-ip,medium,WHITE,ziyadnz/hourly-ipv4,ziyadnz|hourly,2026-08-17T18:48:05Z,2026-08-17T18:48:05Z,
136.109.60.180,ipv4,malicious-ip,medium,WHITE,ziyadnz/hourly-ipv4,ziyadnz|hourly,2026-08-17T18:48:05Z,2026-08-17T18:48:05Z,
136.110.101.246,ipv4,malicious-ip,medium,WHITE,ziyadnz/hourly-ipv4,ziyadnz|hourly,2026-08-17T18:48:05Z,2026-08-17T18:48:05Z,
136.110.15.215,ipv4,malicious-ip,medium,WHITE,ziyadnz/hourly-ipv4,ziyadnz|hourly,2026-08-17T18:48:05Z,2026-08-17T18:48:05Z,
136.110.41.181,ipv4,malicious-ip,medium,WHITE,ziyadnz/hourly-ipv4,ziyadnz|hourly,2026-08-17T18:48:05Z,2026-08-17T18:48:05Z,
136.110.56.56,ipv4,malicious-ip,medium,WHITE,ziyadnz/hourly-ipv4,ziyadnz|hourly,2026-08-17T18:48:05Z,2026-08-17T18:48:05Z,
136.110.62.217,ipv4,malicious-ip,medium,WHITE,ziyadnz/hourly-ipv4,ziyadnz|hourly,2026-08-17T18:48:05Z,2026-08-17T18:48:05Z,
136.111.106.177,ipv4,malicious-ip,medium,WHITE,ziyadnz/hourly-ipv4,ziyadnz|hourly,2026-08-17T18:48:05Z,2026-08-17T18:48:05Z,
136.111.11.103,ipv4,malicious-ip,medium,WHITE,ziyadnz/hourly-ipv4,ziyadnz|hourly,2026-08-17T18:48:05Z,2026-08-17T18:48:05Z,
136.111.152.21,ipv4,malicious-ip,medium,WHITE,ziyadnz/hourly-ipv4,ziyadnz|hourly,2026-08-17T18:48:05Z,2026-08-17T18:48:05Z,
136.111.158.65,ipv4,malicious-ip,medium,WHITE,ziyadnz/hourly-ipv4,ziyadnz|hourly,2026-08-17T18:48:05Z,2026-08-17T18:48:05Z,
136.111.231.115,ipv4,malicious-ip,medium,WHITE,ziyadnz/hourly-ipv4,ziyadnz|hourly,2026-08-17T18:48:05Z,2026-08-17T18:48:05Z,
136.111.232.118,ipv4,malicious-ip,medium,WHITE,ziyadnz/hourly-ipv4,ziyadnz|hourly,2026-08-17T18:48:05Z,2026-08-17T18:48:05Z,
136.112.194.113,ipv4,malicious-ip,medium,WHITE,ziyadnz/hourly-ipv4,ziyadnz|hourly,2026-08-17T18:48:05Z,2026-08-17T18:48:05Z,
136.112.32.76,ipv4,malicious-ip,medium,WHITE,ziyadnz/hourly-ipv4,ziyadnz|hourly,2026-08-17T18:48:05Z,2026-08-17T18:48:05Z,
136.112.93.169,ipv4,malicious-ip,medium,WHITE,ziyadnz/hourly-ipv4,ziyadnz|hourly,2026-08-17T18:48:05Z,2026-08-17T18:48:05Z,
136.113.100.164,ipv4,malicious-ip,medium,WHITE,ziyadnz/hourly-ipv4,ziyadnz|hourly,2026-08-17T18:48:05Z,2026-08-17T18:48:05Z,
136.113.117.51,ipv4,malicious-ip,medium,WHITE,ziyadnz/hourly-ipv4,ziyadnz|hourly,2026-08-17T18:48:05Z,2026-08-17T18:48:05Z,
136.113.174.193,ipv4,malicious-ip,medium,WHITE,ziyadnz/hourly-ipv4,ziyadnz|hourly,2026-08-17T18:48:05Z,2026-08-17T18:48:05Z,
136.113.223.58,ipv4,malicious-ip,medium,WHITE,ziyadnz/hourly-ipv4,ziyadnz|hourly,2026-08-17T18:48:05Z,2026-08-17T18:48:05Z,
136.113.231.18,ipv4,malicious-ip,medium,WHITE,ziyadnz/hourly-ipv4,ziyadnz|hourly,2026-08-17T18:48:05Z,2026-08-17T18:48:05Z,
136.114.15.239,ipv4,malicious-ip,medium,WHITE,ziyadnz/hourly-ipv4,ziyadnz|hourly,2026-08-17T18:48:05Z,2026-08-17T18:48:05Z,
136.114.159.25,ipv4,malicious-ip,medium,WHITE,ziyadnz/hourly-ipv4,ziyadnz|hourly,2026-08-17T18:48:05Z,2026-08-17T18:48:05Z,
136.115.154.8,ipv4,malicious-ip,medium,WHITE,ziyadnz/hourly-ipv4,ziyadnz|hourly,2026-08-17T18:48:05Z,2026-08-17T18:48:05Z,
136.115.173.156,ipv4,malicious-ip,medium,WHITE,ziyadnz/hourly-ipv4,ziyadnz|hourly,2026-08-17T18:48:05Z,2026-08-17T18:48:05Z,
136.115.192.133,ipv4,malicious-ip,medium,WHITE,ziyadnz/hourly-ipv4,ziyadnz|hourly,2026-08-17T18:48:05Z,2026-08-17T18:48:05Z,
136.115.31.146,ipv4,malicious-ip,medium,WHITE,ziyadnz/hourly-ipv4,ziyadnz|hourly,2026-08-17T18:48:05Z,2026-08-17T18:48:05Z,
136.115.40.65,ipv4,malicious-ip,medium,WHITE,ziyadnz/hourly-ipv4,ziyadnz|hourly,2026-08-17T18:48:05Z,2026-08-17T18:48:05Z,
136.115.79.21,ipv4,malicious-ip,medium,WHITE,ziyadnz/hourly-ipv4,ziyadnz|hourly,2026-08-17T18:48:05Z,2026-08-17T18:48:05Z,
136.116.129.132,ipv4,malicious-ip,medium,WHITE,ziyadnz/hourly-ipv4,ziyadnz|hourly,2026-08-17T18:48:05Z,2026-08-17T18:48:05Z,
136.116.163.0,ipv4,malicious-ip,medium,WHITE,ziyadnz/hourly-ipv4,ziyadnz|hourly,2026-08-17T18:48:05Z,2026-08-17T18:48:05Z,
136.116.189.132,ipv4,malicious-ip,medium,WHITE,ziyadnz/hourly-ipv4,ziyadnz|hourly,2026-08-17T18:48:05Z,2026-08-17T18:48:05Z,
136.116.199.211,ipv4,malicious-ip,medium,WHITE,ziyadnz/hourly-ipv4,ziyadnz|hourly,2026-08-17T18:48:05Z,2026-08-17T18:48:05Z,
136.116.41.30,ipv4,malicious-ip,medium,WHITE,ziyadnz/hourly-ipv4,ziyadnz|hourly,2026-08-17T18:48:05Z,2026-08-17T18:48:05Z,
136.117.1.236,ipv4,malicious-ip,medium,WHITE,ziyadnz/hourly-ipv4,ziyadnz|hourly,2026-08-17T18:48:05Z,2026-08-17T18:48:05Z,
136.117.102.22,ipv4,malicious-ip,medium,WHITE,ziyadnz/hourly-ipv4,ziyadnz|hourly,2026-08-17T18:48:05Z,2026-08-17T18:48:05Z,
136.117.106.159,ipv4,malicious-ip,medium,WHITE,ziyadnz/hourly-ipv4,ziyadnz|hourly,2026-08-17T18:48:05Z,2026-08-17T18:48:05Z,
136.117.107.41,ipv4,malicious-ip,medium,WHITE,ziyadnz/hourly-ipv4,ziyadnz|hourly,2026-08-17T18:48:05Z,2026-08-17T18:48:05Z,
136.117.160.168,ipv4,malicious-ip,medium,WHITE,ziyadnz/hourly-ipv4,ziyadnz|hourly,2026-08-17T18:48:05Z,2026-08-17T18:48:05Z,
136.117.161.70,ipv4,malicious-ip,medium,WHITE,ziyadnz/hourly-ipv4,ziyadnz|hourly,2026-08-17T18:48:05Z,2026-08-17T18:48:05Z,
136.117.173.99,ipv4,malicious-ip,medium,WHITE,ziyadnz/hourly-ipv4,ziyadnz|hourly,2026-08-17T18:48:05Z,2026-08-17T18:48:05Z,
136.117.174.122,ipv4,malicious-ip,medium,WHITE,ziyadnz/hourly-ipv4,ziyadnz|hourly,2026-08-17T18:48:05Z,2026-08-17T18:48:05Z,
136.117.199.185,ipv4,malicious-ip,medium,WHITE,ziyadnz/hourly-ipv4,ziyadnz|hourly,2026-08-17T18:48:05Z,2026-08-17T18:48:05Z,
136.117.207.209,ipv4,malicious-ip,medium,WHITE,ziyadnz/hourly-ipv4,ziyadnz|hourly,2026-08-17T18:48:05Z,2026-08-17T18:48:05Z,
136.117.234.4,ipv4,malicious-ip,medium,WHITE,ziyadnz/hourly-ipv4,ziyadnz|hourly,2026-08-17T18:48:05Z,2026-08-17T18:48:05Z,
136.117.254.87,ipv4,malicious-ip,medium,WHITE,ziyadnz/hourly-ipv4,ziyadnz|hourly,2026-08-17T18:48:05Z,2026-08-17T18:48:05Z,
136.117.27.40,ipv4,malicious-ip,medium,WHITE,ziyadnz/hourly-ipv4,ziyadnz|hourly,2026-08-17T18:48:05Z,2026-08-17T18:48:05Z,
136.117.3.88,ipv4,malicious-ip,medium,WHITE,ziyadnz/hourly-ipv4,ziyadnz|hourly,2026-08-17T18:48:05Z,2026-08-17T18:48:05Z,
136.117.49.204,ipv4,malicious-ip,medium,WHITE,ziyadnz/hourly-ipv4,ziyadnz|hourly,2026-08-17T18:48:05Z,2026-08-17T18:48:05Z,
136.117.59.146,ipv4,malicious-ip,medium,WHITE,ziyadnz/hourly-ipv4,ziyadnz|hourly,2026-08-17T18:48:05Z,2026-08-17T18:48:05Z,
136.117.60.184,ipv4,malicious-ip,medium,WHITE,ziyadnz/hourly-ipv4,ziyadnz|hourly,2026-08-17T18:48:05Z,2026-08-17T18:48:05Z,
136.117.60.69,ipv4,malicious-ip,medium,WHITE,ziyadnz/hourly-ipv4,ziyadnz|hourly,2026-08-17T18:48:05Z,2026-08-17T18:48:05Z,
136.117.66.94,ipv4,malicious-ip,medium,WHITE,ziyadnz/hourly-ipv4,ziyadnz|hourly,2026-08-17T18:48:05Z,2026-08-17T18:48:05Z,
136.117.8.11,ipv4,malicious-ip,medium,WHITE,ziyadnz/hourly-ipv4,ziyadnz|hourly,2026-08-17T18:48:05Z,2026-08-17T18:48:05Z,
136.117.96.70,ipv4,malicious-ip,medium,WHITE,ziyadnz/hourly-ipv4,ziyadnz|hourly,2026-08-17T18:48:05Z,2026-08-17T18:48:05Z,
136.118.10.183,ipv4,malicious-ip,medium,WHITE,ziyadnz/hourly-ipv4,ziyadnz|hourly,2026-08-17T18:48:05Z,2026-08-17T18:48:05Z,
136.118.104.0,ipv4,malicious-ip,medium,WHITE,ziyadnz/hourly-ipv4,ziyadnz|hourly,2026-08-17T18:48:05Z,2026-08-17T18:48:05Z,
136.118.122.116,ipv4,malicious-ip,medium,WHITE,ziyadnz/hourly-ipv4,ziyadnz|hourly,2026-08-17T18:48:05Z,2026-08-17T18:48:05Z,
136.118.135.205,ipv4,malicious-ip,medium,WHITE,ziyadnz/hourly-ipv4,ziyadnz|hourly,2026-08-17T18:48:05Z,2026-08-17T18:48:05Z,
136.118.148.233,ipv4,malicious-ip,medium,WHITE,ziyadnz/hourly-ipv4,ziyadnz|hourly,2026-08-17T18:48:05Z,2026-08-17T18:48:05Z,
136.118.154.159,ipv4,malicious-ip,medium,WHITE,ziyadnz/hourly-ipv4,ziyadnz|hourly,2026-08-17T18:48:05Z,2026-08-17T18:48:05Z,
136.118.160.182,ipv4,malicious-ip,medium,WHITE,ziyadnz/hourly-ipv4,ziyadnz|hourly,2026-08-17T18:48:05Z,2026-08-17T18:48:05Z,
136.118.21.121,ipv4,malicious-ip,medium,WHITE,ziyadnz/hourly-ipv4,ziyadnz|hourly,2026-08-17T18:48:05Z,2026-08-17T18:48:05Z,
136.118.220.158,ipv4,malicious-ip,medium,WHITE,ziyadnz/hourly-ipv4,ziyadnz|hourly,2026-08-17T18:48:05Z,2026-08-17T18:48:05Z,
136.118.236.28,ipv4,malicious-ip,medium,WHITE,ziyadnz/hourly-ipv4,ziyadnz|hourly,2026-08-17T18:48:05Z,2026-08-17T18:48:05Z,
136.118.38.194,ipv4,malicious-ip,medium,WHITE,ziyadnz/hourly-ipv4,ziyadnz|hourly,2026-08-17T18:48:05Z,2026-08-17T18:48:05Z,
136.118.95.123,ipv4,malicious-ip,medium,WHITE,ziyadnz/hourly-ipv4,ziyadnz|hourly,2026-08-17T18:48:05Z,2026-08-17T18:48:05Z,
136.119.118.84,ipv4,malicious-ip,medium,WHITE,ziyadnz/hourly-ipv4,ziyadnz|hourly,2026-08-17T18:48:05Z,2026-08-17T18:48:05Z,
136.119.33.233,ipv4,malicious-ip,medium,WHITE,ziyadnz/hourly-ipv4,ziyadnz|hourly,2026-08-17T18:48:05Z,2026-08-17T18:48:05Z,
136.119.48.142,ipv4,malicious-ip,medium,WHITE,ziyadnz/hourly-ipv4,ziyadnz|hourly,2026-08-17T18:48:05Z,2026-08-17T18:48:05Z,
136.119.5.214,ipv4,malicious-ip,medium,WHITE,ziyadnz/hourly-ipv4,ziyadnz|hourly,2026-08-17T18:48:05Z,2026-08-17T18:48:05Z,
136.119.69.86,ipv4,malicious-ip,medium,WHITE,ziyadnz/hourly-ipv4,ziyadnz|hourly,2026-08-17T18:48:05Z,2026-08-17T18:48:05Z,
136.144.19.0,ipv4,malicious-ip,medium,WHITE,ziyadnz/hourly-ipv4,ziyadnz|hourly,2026-08-17T18:48:05Z,2026-08-17T18:48:05Z,
136.144.19.121,ipv4,malicious-ip,medium,WHITE,ziyadnz/hourly-ipv4,ziyadnz|hourly,2026-08-17T18:48:05Z,2026-08-17T18:48:05Z,
136.144.19.129,ipv4,malicious-ip,medium,WHITE,ziyadnz/hourly-ipv4,ziyadnz|hourly,2026-08-17T18:48:05Z,2026-08-17T18:48:05Z,
136.144.19.15,ipv4,malicious-ip,medium,WHITE,ziyadnz/hourly-ipv4,ziyadnz|hourly,2026-08-17T18:48:05Z,2026-08-17T18:48:05Z,
136.144.19.211,ipv4,malicious-ip,medium,WHITE,ziyadnz/hourly-ipv4,ziyadnz|hourly,2026-08-17T18:48:05Z,2026-08-17T18:48:05Z,
136.144.19.214,ipv4,malicious-ip,medium,WHITE,ziyadnz/hourly-ipv4,ziyadnz|hourly,2026-08-17T18:48:05Z,2026-08-17T18:48:05Z,
136.144.19.217,ipv4,malicious-ip,medium,WHITE,ziyadnz/hourly-ipv4,ziyadnz|hourly,2026-08-17T18:48:05Z,2026-08-17T18:48:05Z,
136.144.19.22,ipv4,malicious-ip,medium,WHITE,ziyadnz/hourly-ipv4,ziyadnz|hourly,2026-08-17T18:48:05Z,2026-08-17T18:48:05Z,
136.144.19.24,ipv4,malicious-ip,medium,WHITE,ziyadnz/hourly-ipv4,ziyadnz|hourly,2026-08-17T18:48:05Z,2026-08-17T18:48:05Z,
136.144.19.246,ipv4,malicious-ip,medium,WHITE,ziyadnz/hourly-ipv4,ziyadnz|hourly,2026-08-17T18:48:05Z,2026-08-17T18:48:05Z,
136.144.19.32,ipv4,malicious-ip,medium,WHITE,ziyadnz/hourly-ipv4,ziyadnz|hourly,2026-08-17T18:48:05Z,2026-08-17T18:48:05Z,
136.144.19.36,ipv4,malicious-ip,medium,WHITE,ziyadnz/hourly-ipv4,ziyadnz|hourly,2026-08-17T18:48:05Z,2026-08-17T18:48:05Z,
136.144.206.11,ipv4,malicious-ip,medium,WHITE,ziyadnz/hourly-ipv4,ziyadnz|hourly,2026-08-17T18:48:05Z,2026-08-17T18:48:05Z,
136.144.214.138,ipv4,malicious-ip,medium,WHITE,ziyadnz/hourly-ipv4,ziyadnz|hourly,2026-08-17T18:48:05Z,2026-08-17T18:48:05Z,
136.144.33.0,ipv4,malicious-ip,medium,WHITE,ziyadnz/hourly-ipv4,ziyadnz|hourly,2026-08-17T18:48:05Z,2026-08-17T18:48:05Z,
136.144.33.20,ipv4,malicious-ip,medium,WHITE,ziyadnz/hourly-ipv4,ziyadnz|hourly,2026-08-17T18:48:05Z,2026-08-17T18:48:05Z,
136.144.33.202,ipv4,malicious-ip,medium,WHITE,ziyadnz/hourly-ipv4,ziyadnz|hourly,2026-08-17T18:48:05Z,2026-08-17T18:48:05Z,
136.144.33.206,ipv4,malicious-ip,medium,WHITE,ziyadnz/hourly-ipv4,ziyadnz|hourly,2026-08-17T18:48:05Z,2026-08-17T18:48:05Z,
136.144.33.221,ipv4,malicious-ip,medium,WHITE,ziyadnz/hourly-ipv4,ziyadnz|hourly,2026-08-17T18:48:05Z,2026-08-17T18:48:05Z,
136.144.33.223,ipv4,malicious-ip,medium,WHITE,ziyadnz/hourly-ipv4,ziyadnz|hourly,2026-08-17T18:48:05Z,2026-08-17T18:48:05Z,
136.144.33.35,ipv4,malicious-ip,medium,WHITE,ziyadnz/hourly-ipv4,ziyadnz|hourly,2026-08-17T18:48:05Z,2026-08-17T18:48:05Z,
136.144.33.62,ipv4,malicious-ip,medium,WHITE,ziyadnz/hourly-ipv4,ziyadnz|hourly,2026-08-17T18:48:05Z,2026-08-17T18:48:05Z,
136.144.35.104,ipv4,malicious-ip,medium,WHITE,ziyadnz/hourly-ipv4,ziyadnz|hourly,2026-08-17T18:48:05Z,2026-08-17T18:48:05Z,
136.144.35.105,ipv4,malicious-ip,medium,WHITE,ziyadnz/hourly-ipv4,ziyadnz|hourly,2026-08-17T18:48:05Z,2026-08-17T18:48:05Z,
136.144.35.106,ipv4,malicious-ip,medium,WHITE,ziyadnz/hourly-ipv4,ziyadnz|hourly,2026-08-17T18:48:05Z,2026-08-17T18:48:05Z,
136.144.35.108,ipv4,malicious-ip,medium,WHITE,ziyadnz/hourly-ipv4,ziyadnz|hourly,2026-08-17T18:48:05Z,2026-08-17T18:48:05Z,
136.144.35.109,ipv4,malicious-ip,medium,WHITE,ziyadnz/hourly-ipv4,ziyadnz|hourly,2026-08-17T18:48:05Z,2026-08-17T18:48:05Z,
136.144.35.110,ipv4,malicious-ip,medium,WHITE,ziyadnz/hourly-ipv4,ziyadnz|hourly,2026-08-17T18:48:05Z,2026-08-17T18:48:05Z,
136.144.35.111,ipv4,malicious-ip,medium,WHITE,ziyadnz/hourly-ipv4,ziyadnz|hourly,2026-08-17T18:48:05Z,2026-08-17T18:48:05Z,
136.144.35.112,ipv4,malicious-ip,medium,WHITE,ziyadnz/hourly-ipv4,ziyadnz|hourly,2026-08-17T18:48:05Z,2026-08-17T18:48:05Z,
136.144.35.113,ipv4,malicious-ip,medium,WHITE,ziyadnz/hourly-ipv4,ziyadnz|hourly,2026-08-17T18:48:05Z,2026-08-17T18:48:05Z,
136.144.35.114,ipv4,malicious-ip,medium,WHITE,ziyadnz/hourly-ipv4,ziyadnz|hourly,2026-08-17T18:48:05Z,2026-08-17T18:48:05Z,
136.144.35.116,ipv4,malicious-ip,medium,WHITE,ziyadnz/hourly-ipv4,ziyadnz|hourly,2026-08-17T18:48:05Z,2026-08-17T18:48:05Z,
136.144.35.117,ipv4,malicious-ip,medium,WHITE,ziyadnz/hourly-ipv4,ziyadnz|hourly,2026-08-17T18:48:05Z,2026-08-17T18:48:05Z,
136.144.35.119,ipv4,malicious-ip,medium,WHITE,ziyadnz/hourly-ipv4,ziyadnz|hourly,2026-08-17T18:48:05Z,2026-08-17T18:48:05Z,
136.144.35.121,ipv4,malicious-ip,medium,WHITE,ziyadnz/hourly-ipv4,ziyadnz|hourly,2026-08-17T18:48:05Z,2026-08-17T18:48:05Z,
136.144.35.123,ipv4,malicious-ip,medium,WHITE,ziyadnz/hourly-ipv4,ziyadnz|hourly,2026-08-17T18:48:05Z,2026-08-17T18:48:05Z,
136.144.35.124,ipv4,malicious-ip,medium,WHITE,ziyadnz/hourly-ipv4,ziyadnz|hourly,2026-08-17T18:48:05Z,2026-08-17T18:48:05Z,
136.144.35.125,ipv4,malicious-ip,medium,WHITE,ziyadnz/hourly-ipv4,ziyadnz|hourly,2026-08-17T18:48:05Z,2026-08-17T18:48:05Z,
136.144.35.127,ipv4,malicious-ip,medium,WHITE,ziyadnz/hourly-ipv4,ziyadnz|hourly,2026-08-17T18:48:05Z,2026-08-17T18:48:05Z,
136.144.35.128,ipv4,malicious-ip,medium,WHITE,ziyadnz/hourly-ipv4,ziyadnz|hourly,2026-08-17T18:48:05Z,2026-08-17T18:48:05Z,
136.144.35.129,ipv4,malicious-ip,medium,WHITE,ziyadnz/hourly-ipv4,ziyadnz|hourly,2026-08-17T18:48:05Z,2026-08-17T18:48:05Z,
136.144.35.131,ipv4,malicious-ip,medium,WHITE,ziyadnz/hourly-ipv4,ziyadnz|hourly,2026-08-17T18:48:05Z,2026-08-17T18:48:05Z,
136.144.35.20,ipv4,malicious-ip,medium,WHITE,ziyadnz/hourly-ipv4,ziyadnz|hourly,2026-08-17T18:48:05Z,2026-08-17T18:48:05Z,
136.144.35.217,ipv4,malicious-ip,medium,WHITE,ziyadnz/hourly-ipv4,ziyadnz|hourly,2026-08-17T18:48:05Z,2026-08-17T18:48:05Z,
136.144.35.5,ipv4,malicious-ip,medium,WHITE,ziyadnz/hourly-ipv4,ziyadnz|hourly,2026-08-17T18:48:05Z,2026-08-17T18:48:05Z,
136.144.41.177,ipv4,malicious-ip,medium,WHITE,ziyadnz/hourly-ipv4,ziyadnz|hourly,2026-08-17T18:48:05Z,2026-08-17T18:48:05Z,
136.144.42.119,ipv4,malicious-ip,medium,WHITE,ziyadnz/hourly-ipv4,ziyadnz|hourly,2026-08-17T18:48:05Z,2026-08-17T18:48:05Z,
136.144.42.121,ipv4,malicious-ip,medium,WHITE,ziyadnz/hourly-ipv4,ziyadnz|hourly,2026-08-17T18:48:05Z,2026-08-17T18:48:05Z,
136.144.42.129,ipv4,malicious-ip,medium,WHITE,ziyadnz/hourly-ipv4,ziyadnz|hourly,2026-08-17T18:48:05Z,2026-08-17T18:48:05Z,
136.144.42.134,ipv4,malicious-ip,medium,WHITE,ziyadnz/hourly-ipv4,ziyadnz|hourly,2026-08-17T18:48:05Z,2026-08-17T18:48:05Z,
136.144.42.190,ipv4,malicious-ip,medium,WHITE,ziyadnz/hourly-ipv4,ziyadnz|hourly,2026-08-17T18:48:05Z,2026-08-17T18:48:05Z,
136.144.43.0,ipv4,malicious-ip,medium,WHITE,ziyadnz/hourly-ipv4,ziyadnz|hourly,2026-08-17T18:48:05Z,2026-08-17T18:48:05Z,
136.144.43.104,ipv4,malicious-ip,medium,WHITE,ziyadnz/hourly-ipv4,ziyadnz|hourly,2026-08-17T18:48:05Z,2026-08-17T18:48:05Z,
136.144.43.106,ipv4,malicious-ip,medium,WHITE,ziyadnz/hourly-ipv4,ziyadnz|hourly,2026-08-17T18:48:05Z,2026-08-17T18:48:05Z,
136.144.43.114,ipv4,malicious-ip,medium,WHITE,ziyadnz/hourly-ipv4,ziyadnz|hourly,2026-08-17T18:48:05Z,2026-08-17T18:48:05Z,
136.144.43.117,ipv4,malicious-ip,medium,WHITE,ziyadnz/hourly-ipv4,ziyadnz|hourly,2026-08-17T18:48:05Z,2026-08-17T18:48:05Z,
136.144.43.118,ipv4,malicious-ip,medium,WHITE,ziyadnz/hourly-ipv4,ziyadnz|hourly,2026-08-17T18:48:05Z,2026-08-17T18:48:05Z,
136.144.43.153,ipv4,malicious-ip,medium,WHITE,ziyadnz/hourly-ipv4,ziyadnz|hourly,2026-08-17T18:48:05Z,2026-08-17T18:48:05Z,
136.144.43.38,ipv4,malicious-ip,medium,WHITE,ziyadnz/hourly-ipv4,ziyadnz|hourly,2026-08-17T18:48:05Z,2026-08-17T18:48:05Z,
136.144.43.67,ipv4,malicious-ip,medium,WHITE,ziyadnz/hourly-ipv4,ziyadnz|hourly,2026-08-17T18:48:05Z,2026-08-17T18:48:05Z,
136.144.43.68,ipv4,malicious-ip,medium,WHITE,ziyadnz/hourly-ipv4,ziyadnz|hourly,2026-08-17T18:48:05Z,2026-08-17T18:48:05Z,
136.144.43.74,ipv4,malicious-ip,medium,WHITE,ziyadnz/hourly-ipv4,ziyadnz|hourly,2026-08-17T18:48:05Z,2026-08-17T18:48:05Z,
136.144.43.77,ipv4,malicious-ip,medium,WHITE,ziyadnz/hourly-ipv4,ziyadnz|hourly,2026-08-17T18:48:05Z,2026-08-17T18:48:05Z,
136.144.43.79,ipv4,malicious-ip,medium,WHITE,ziyadnz/hourly-ipv4,ziyadnz|hourly,2026-08-17T18:48:05Z,2026-08-17T18:48:05Z,
136.144.43.85,ipv4,malicious-ip,medium,WHITE,ziyadnz/hourly-ipv4,ziyadnz|hourly,2026-08-17T18:48:05Z,2026-08-17T18:48:05Z,
136.144.43.87,ipv4,malicious-ip,medium,WHITE,ziyadnz/hourly-ipv4,ziyadnz|hourly,2026-08-17T18:48:05Z,2026-08-17T18:48:05Z,
136.144.43.91,ipv4,malicious-ip,medium,WHITE,ziyadnz/hourly-ipv4,ziyadnz|hourly,2026-08-17T18:48:05Z,2026-08-17T18:48:05Z,
136.144.43.96,ipv4,malicious-ip,medium,WHITE,ziyadnz/hourly-ipv4,ziyadnz|hourly,2026-08-17T18:48:05Z,2026-08-17T18:48:05Z,
136.158.10.136,ipv4,malicious-ip,medium,WHITE,ziyadnz/hourly-ipv4,ziyadnz|hourly,2026-08-17T18:48:05Z,2026-08-17T18:48:05Z,
136.158.10.184,ipv4,malicious-ip,medium,WHITE,ziyadnz/hourly-ipv4,ziyadnz|hourly,2026-08-17T18:48:05Z,2026-08-17T18:48:05Z,
136.158.11.138,ipv4,malicious-ip,medium,WHITE,ziyadnz/hourly-ipv4,ziyadnz|hourly,2026-08-17T18:48:05Z,2026-08-17T18:48:05Z,
136.158.116.204,ipv4,malicious-ip,medium,WHITE,ziyadnz/hourly-ipv4,ziyadnz|hourly,2026-08-17T18:48:05Z,2026-08-17T18:48:05Z,
136.158.116.5,ipv4,malicious-ip,medium,WHITE,ziyadnz/hourly-ipv4,ziyadnz|hourly,2026-08-17T18:48:05Z,2026-08-17T18:48:05Z,
136.158.122.59,ipv4,malicious-ip,medium,WHITE,ziyadnz/hourly-ipv4,ziyadnz|hourly,2026-08-17T18:48:05Z,2026-08-17T18:48:05Z,
136.158.2.193,ipv4,malicious-ip,medium,WHITE,ziyadnz/hourly-ipv4,ziyadnz|hourly,2026-08-17T18:48:05Z,2026-08-17T18:48:05Z,
136.158.243.154,ipv4,malicious-ip,medium,WHITE,ziyadnz/hourly-ipv4,ziyadnz|hourly,2026-08-17T18:48:05Z,2026-08-17T18:48:05Z,
136.158.25.208,ipv4,malicious-ip,medium,WHITE,ziyadnz/hourly-ipv4,ziyadnz|hourly,2026-08-17T18:48:05Z,2026-08-17T18:48:05Z,
136.158.25.236,ipv4,malicious-ip,medium,WHITE,ziyadnz/hourly-ipv4,ziyadnz|hourly,2026-08-17T18:48:05Z,2026-08-17T18:48:05Z,
136.158.252.155,ipv4,malicious-ip,medium,WHITE,ziyadnz/hourly-ipv4,ziyadnz|hourly,2026-08-17T18:48:05Z,2026-08-17T18:48:05Z,
136.158.27.74,ipv4,malicious-ip,medium,WHITE,ziyadnz/hourly-ipv4,ziyadnz|hourly,2026-08-17T18:48:05Z,2026-08-17T18:48:05Z,
136.158.37.124,ipv4,malicious-ip,medium,WHITE,ziyadnz/hourly-ipv4,ziyadnz|hourly,2026-08-17T18:48:05Z,2026-08-17T18:48:05Z,
136.158.57.25,ipv4,malicious-ip,medium,WHITE,ziyadnz/hourly-ipv4,ziyadnz|hourly,2026-08-17T18:48:05Z,2026-08-17T18:48:05Z,
136.158.57.45,ipv4,malicious-ip,medium,WHITE,ziyadnz/hourly-ipv4,ziyadnz|hourly,2026-08-17T18:48:05Z,2026-08-17T18:48:05Z,
136.158.58.47,ipv4,malicious-ip,medium,WHITE,ziyadnz/hourly-ipv4,ziyadnz|hourly,2026-08-17T18:48:05Z,2026-08-17T18:48:05Z,
136.158.58.92,ipv4,malicious-ip,medium,WHITE,ziyadnz/hourly-ipv4,ziyadnz|hourly,2026-08-17T18:48:05Z,2026-08-17T18:48:05Z,
136.158.59.133,ipv4,malicious-ip,medium,WHITE,ziyadnz/hourly-ipv4,ziyadnz|hourly,2026-08-17T18:48:05Z,2026-08-17T18:48:05Z,
136.158.67.112,ipv4,malicious-ip,medium,WHITE,ziyadnz/hourly-ipv4,ziyadnz|hourly,2026-08-17T18:48:05Z,2026-08-17T18:48:05Z,
136.158.70.107,ipv4,malicious-ip,medium,WHITE,ziyadnz/hourly-ipv4,ziyadnz|hourly,2026-08-17T18:48:05Z,2026-08-17T18:48:05Z,
136.158.70.189,ipv4,malicious-ip,medium,WHITE,ziyadnz/hourly-ipv4,ziyadnz|hourly,2026-08-17T18:48:05Z,2026-08-17T18:48:05Z,
136.158.79.130,ipv4,malicious-ip,medium,WHITE,ziyadnz/hourly-ipv4,ziyadnz|hourly,2026-08-17T18:48:05Z,2026-08-17T18:48:05Z,
136.158.79.31,ipv4,malicious-ip,medium,WHITE,ziyadnz/hourly-ipv4,ziyadnz|hourly,2026-08-17T18:48:05Z,2026-08-17T18:48:05Z,
136.158.83.24,ipv4,malicious-ip,medium,WHITE,ziyadnz/hourly-ipv4,ziyadnz|hourly,2026-08-17T18:48:05Z,2026-08-17T18:48:05Z,
136.169.215.164,ipv4,malicious-ip,medium,WHITE,ziyadnz/hourly-ipv4,ziyadnz|hourly,2026-08-17T18:48:05Z,2026-08-17T18:48:05Z,
136.169.237.193,ipv4,malicious-ip,medium,WHITE,ziyadnz/hourly-ipv4,ziyadnz|hourly,2026-08-17T18:48:05Z,2026-08-17T18:48:05Z,
136.175.178.76,ipv4,malicious-ip,medium,WHITE,ziyadnz/hourly-ipv4,ziyadnz|hourly,2026-08-17T18:48:05Z,2026-08-17T18:48:05Z,
136.175.82.178,ipv4,malicious-ip,medium,WHITE,ziyadnz/hourly-ipv4,ziyadnz|hourly,2026-08-17T18:48:05Z,2026-08-17T18:48:05Z,
136.175.83.94,ipv4,malicious-ip,medium,WHITE,ziyadnz/hourly-ipv4,ziyadnz|hourly,2026-08-17T18:48:05Z,2026-08-17T18:48:05Z,
136.232.146.50,ipv4,malicious-ip,medium,WHITE,ziyadnz/hourly-ipv4,ziyadnz|hourly,2026-08-17T18:48:05Z,2026-08-17T18:48:05Z,
136.232.157.230,ipv4,malicious-ip,medium,WHITE,ziyadnz/hourly-ipv4,ziyadnz|hourly,2026-08-17T18:48:05Z,2026-08-17T18:48:05Z,
136.232.204.190,ipv4,malicious-ip,medium,WHITE,ziyadnz/hourly-ipv4,ziyadnz|hourly,2026-08-17T18:48:05Z,2026-08-17T18:48:05Z,
136.232.213.166,ipv4,malicious-ip,medium,WHITE,ziyadnz/hourly-ipv4,ziyadnz|hourly,2026-08-17T18:48:05Z,2026-08-17T18:48:05Z,
136.233.125.156,ipv4,malicious-ip,medium,WHITE,ziyadnz/hourly-ipv4,ziyadnz|hourly,2026-08-17T18:48:05Z,2026-08-17T18:48:05Z,
136.239.176.49,ipv4,malicious-ip,medium,WHITE,ziyadnz/hourly-ipv4,ziyadnz|hourly,2026-08-17T18:48:05Z,2026-08-17T18:48:05Z,
136.24.138.171,ipv4,malicious-ip,medium,WHITE,ziyadnz/hourly-ipv4,ziyadnz|hourly,2026-08-17T18:48:05Z,2026-08-17T18:48:05Z,
136.243.103.119,ipv4,malicious-ip,medium,WHITE,ziyadnz/hourly-ipv4,ziyadnz|hourly,2026-08-17T18:48:05Z,2026-08-17T18:48:05Z,
136.243.106.42,ipv4,malicious-ip,medium,WHITE,ziyadnz/hourly-ipv4,ziyadnz|hourly,2026-08-17T18:48:05Z,2026-08-17T18:48:05Z,
136.243.108.14,ipv4,malicious-ip,medium,WHITE,ziyadnz/hourly-ipv4,ziyadnz|hourly,2026-08-17T18:48:05Z,2026-08-17T18:48:05Z,
136.243.146.46,ipv4,malicious-ip,medium,WHITE,ziyadnz/hourly-ipv4,ziyadnz|hourly,2026-08-17T18:48:05Z,2026-08-17T18:48:05Z,
136.243.172.101,ipv4,malicious-ip,medium,WHITE,ziyadnz/hourly-ipv4,ziyadnz|hourly,2026-08-17T18:48:05Z,2026-08-17T18:48:05Z,
136.243.195.67,ipv4,malicious-ip,medium,WHITE,ziyadnz/hourly-ipv4,ziyadnz|hourly,2026-08-17T18:48:05Z,2026-08-17T18:48:05Z,
136.243.203.109,ipv4,malicious-ip,medium,WHITE,ziyadnz/hourly-ipv4,ziyadnz|hourly,2026-08-17T18:48:05Z,2026-08-17T18:48:05Z,
136.243.203.111,ipv4,malicious-ip,medium,WHITE,ziyadnz/hourly-ipv4,ziyadnz|hourly,2026-08-17T18:48:05Z,2026-08-17T18:48:05Z,
136.243.220.212,ipv4,malicious-ip,medium,WHITE,ziyadnz/hourly-ipv4,ziyadnz|hourly,2026-08-17T18:48:05Z,2026-08-17T18:48:05Z,
136.243.228.194,ipv4,malicious-ip,medium,WHITE,ziyadnz/hourly-ipv4,ziyadnz|hourly,2026-08-17T18:48:05Z,2026-08-17T18:48:05Z,
136.243.63.134,ipv4,malicious-ip,medium,WHITE,ziyadnz/hourly-ipv4,ziyadnz|hourly,2026-08-17T18:48:05Z,2026-08-17T18:48:05Z,
136.243.71.48,ipv4,malicious-ip,medium,WHITE,ziyadnz/hourly-ipv4,ziyadnz|hourly,2026-08-17T18:48:05Z,2026-08-17T18:48:05Z,
136.244.111.163,ipv4,malicious-ip,medium,WHITE,ziyadnz/hourly-ipv4,ziyadnz|hourly,2026-08-17T18:48:05Z,2026-08-17T18:48:05Z,
136.244.111.25,ipv4,malicious-ip,medium,WHITE,ziyadnz/hourly-ipv4,ziyadnz|hourly,2026-08-17T18:48:05Z,2026-08-17T18:48:05Z,
136.244.111.38,ipv4,malicious-ip,medium,WHITE,ziyadnz/hourly-ipv4,ziyadnz|hourly,2026-08-17T18:48:05Z,2026-08-17T18:48:05Z,
136.244.113.231,ipv4,malicious-ip,medium,WHITE,ziyadnz/hourly-ipv4,ziyadnz|hourly,2026-08-17T18:48:05Z,2026-08-17T18:48:05Z,
136.244.115.219,ipv4,malicious-ip,medium,WHITE,ziyadnz/hourly-ipv4,ziyadnz|hourly,2026-08-17T18:48:05Z,2026-08-17T18:48:05Z,
136.248.242.166,ipv4,malicious-ip,medium,WHITE,ziyadnz/hourly-ipv4,ziyadnz|hourly,2026-08-17T18:48:05Z,2026-08-17T18:48:05Z,
136.248.247.188,ipv4,malicious-ip,medium,WHITE,ziyadnz/hourly-ipv4,ziyadnz|hourly,2026-08-17T18:48:05Z,2026-08-17T18:48:05Z,
136.34.158.63,ipv4,malicious-ip,medium,WHITE,ziyadnz/hourly-ipv4,ziyadnz|hourly,2026-08-17T18:48:05Z,2026-08-17T18:48:05Z,
136.34.254.67,ipv4,malicious-ip,medium,WHITE,ziyadnz/hourly-ipv4,ziyadnz|hourly,2026-08-17T18:48:05Z,2026-08-17T18:48:05Z,
136.37.133.139,ipv4,malicious-ip,medium,WHITE,ziyadnz/hourly-ipv4,ziyadnz|hourly,2026-08-17T18:48:05Z,2026-08-17T18:48:05Z,
136.38.164.6,ipv4,malicious-ip,medium,WHITE,ziyadnz/hourly-ipv4,ziyadnz|hourly,2026-08-17T18:48:05Z,2026-08-17T18:48:05Z,
136.49.190.152,ipv4,malicious-ip,medium,WHITE,ziyadnz/hourly-ipv4,ziyadnz|hourly,2026-08-17T18:48:05Z,2026-08-17T18:48:05Z,
136.49.214.168,ipv4,malicious-ip,medium,WHITE,ziyadnz/hourly-ipv4,ziyadnz|hourly,2026-08-17T18:48:05Z,2026-08-17T18:48:05Z,
136.49.53.226,ipv4,malicious-ip,medium,WHITE,ziyadnz/hourly-ipv4,ziyadnz|hourly,2026-08-17T18:48:05Z,2026-08-17T18:48:05Z,
136.50.155.174,ipv4,malicious-ip,medium,WHITE,ziyadnz/hourly-ipv4,ziyadnz|hourly,2026-08-17T18:48:05Z,2026-08-17T18:48:05Z,
136.50.58.176,ipv4,malicious-ip,medium,WHITE,ziyadnz/hourly-ipv4,ziyadnz|hourly,2026-08-17T18:48:05Z,2026-08-17T18:48:05Z,
136.58.139.30,ipv4,malicious-ip,medium,WHITE,ziyadnz/hourly-ipv4,ziyadnz|hourly,2026-08-17T18:48:05Z,2026-08-17T18:48:05Z,
136.60.154.146,ipv4,malicious-ip,medium,WHITE,ziyadnz/hourly-ipv4,ziyadnz|hourly,2026-08-17T18:48:05Z,2026-08-17T18:48:05Z,
136.63.18.112,ipv4,malicious-ip,medium,WHITE,ziyadnz/hourly-ipv4,ziyadnz|hourly,2026-08-17T18:48:05Z,2026-08-17T18:48:05Z,
136.64.105.28,ipv4,malicious-ip,medium,WHITE,ziyadnz/hourly-ipv4,ziyadnz|hourly,2026-08-17T18:48:05Z,2026-08-17T18:48:05Z,
136.64.112.31,ipv4,malicious-ip,medium,WHITE,ziyadnz/hourly-ipv4,ziyadnz|hourly,2026-08-17T18:48:05Z,2026-08-17T18:48:05Z,
136.64.121.174,ipv4,malicious-ip,medium,WHITE,ziyadnz/hourly-ipv4,ziyadnz|hourly,2026-08-17T18:48:05Z,2026-08-17T18:48:05Z,
136.64.208.186,ipv4,malicious-ip,medium,WHITE,ziyadnz/hourly-ipv4,ziyadnz|hourly,2026-08-17T18:48:05Z,2026-08-17T18:48:05Z,
136.64.220.25,ipv4,malicious-ip,medium,WHITE,ziyadnz/hourly-ipv4,ziyadnz|hourly,2026-08-17T18:48:05Z,2026-08-17T18:48:05Z,
136.64.39.43,ipv4,malicious-ip,medium,WHITE,ziyadnz/hourly-ipv4,ziyadnz|hourly,2026-08-17T18:48:05Z,2026-08-17T18:48:05Z,
136.64.91.142,ipv4,malicious-ip,medium,WHITE,ziyadnz/hourly-ipv4,ziyadnz|hourly,2026-08-17T18:48:05Z,2026-08-17T18:48:05Z,
136.65.0.78,ipv4,malicious-ip,medium,WHITE,ziyadnz/hourly-ipv4,ziyadnz|hourly,2026-08-17T18:48:05Z,2026-08-17T18:48:05Z,
136.65.104.68,ipv4,malicious-ip,medium,WHITE,ziyadnz/hourly-ipv4,ziyadnz|hourly,2026-08-17T18:48:05Z,2026-08-17T18:48:05Z,
136.65.113.245,ipv4,malicious-ip,medium,WHITE,ziyadnz/hourly-ipv4,ziyadnz|hourly,2026-08-17T18:48:05Z,2026-08-17T18:48:05Z,
136.65.181.23,ipv4,malicious-ip,medium,WHITE,ziyadnz/hourly-ipv4,ziyadnz|hourly,2026-08-17T18:48:05Z,2026-08-17T18:48:05Z,
136.65.221.0,ipv4,malicious-ip,medium,WHITE,ziyadnz/hourly-ipv4,ziyadnz|hourly,2026-08-17T18:48:05Z,2026-08-17T18:48:05Z,
136.65.233.64,ipv4,malicious-ip,medium,WHITE,ziyadnz/hourly-ipv4,ziyadnz|hourly,2026-08-17T18:48:05Z,2026-08-17T18:48:05Z,
136.65.56.119,ipv4,malicious-ip,medium,WHITE,ziyadnz/hourly-ipv4,ziyadnz|hourly,2026-08-17T18:48:05Z,2026-08-17T18:48:05Z,
136.65.87.110,ipv4,malicious-ip,medium,WHITE,ziyadnz/hourly-ipv4,ziyadnz|hourly,2026-08-17T18:48:05Z,2026-08-17T18:48:05Z,
136.65.9.54,ipv4,malicious-ip,medium,WHITE,ziyadnz/hourly-ipv4,ziyadnz|hourly,2026-08-17T18:48:05Z,2026-08-17T18:48:05Z,
136.66.0.6,ipv4,malicious-ip,medium,WHITE,ziyadnz/hourly-ipv4,ziyadnz|hourly,2026-08-17T18:48:05Z,2026-08-17T18:48:05Z,
136.66.104.250,ipv4,malicious-ip,medium,WHITE,ziyadnz/hourly-ipv4,ziyadnz|hourly,2026-08-17T18:48:05Z,2026-08-17T18:48:05Z,
136.66.107.126,ipv4,malicious-ip,medium,WHITE,ziyadnz/hourly-ipv4,ziyadnz|hourly,2026-08-17T18:48:05Z,2026-08-17T18:48:05Z,
136.66.116.245,ipv4,malicious-ip,medium,WHITE,ziyadnz/hourly-ipv4,ziyadnz|hourly,2026-08-17T18:48:05Z,2026-08-17T18:48:05Z,
136.66.13.239,ipv4,malicious-ip,medium,WHITE,ziyadnz/hourly-ipv4,ziyadnz|hourly,2026-08-17T18:48:05Z,2026-08-17T18:48:05Z,
136.66.138.104,ipv4,malicious-ip,medium,WHITE,ziyadnz/hourly-ipv4,ziyadnz|hourly,2026-08-17T18:48:05Z,2026-08-17T18:48:05Z,
136.66.145.233,ipv4,malicious-ip,medium,WHITE,ziyadnz/hourly-ipv4,ziyadnz|hourly,2026-08-17T18:48:05Z,2026-08-17T18:48:05Z,
136.66.159.31,ipv4,malicious-ip,medium,WHITE,ziyadnz/hourly-ipv4,ziyadnz|hourly,2026-08-17T18:48:05Z,2026-08-17T18:48:05Z,
136.66.168.12,ipv4,malicious-ip,medium,WHITE,ziyadnz/hourly-ipv4,ziyadnz|hourly,2026-08-17T18:48:05Z,2026-08-17T18:48:05Z,
136.66.168.130,ipv4,malicious-ip,medium,WHITE,ziyadnz/hourly-ipv4,ziyadnz|hourly,2026-08-17T18:48:05Z,2026-08-17T18:48:05Z,
136.66.168.146,ipv4,malicious-ip,medium,WHITE,ziyadnz/hourly-ipv4,ziyadnz|hourly,2026-08-17T18:48:05Z,2026-08-17T18:48:05Z,
136.66.175.65,ipv4,malicious-ip,medium,WHITE,ziyadnz/hourly-ipv4,ziyadnz|hourly,2026-08-17T18:48:05Z,2026-08-17T18:48:05Z,
136.66.189.52,ipv4,malicious-ip,medium,WHITE,ziyadnz/hourly-ipv4,ziyadnz|hourly,2026-08-17T18:48:05Z,2026-08-17T18:48:05Z,
136.66.210.112,ipv4,malicious-ip,medium,WHITE,ziyadnz/hourly-ipv4,ziyadnz|hourly,2026-08-17T18:48:05Z,2026-08-17T18:48:05Z,
136.66.220.2,ipv4,malicious-ip,medium,WHITE,ziyadnz/hourly-ipv4,ziyadnz|hourly,2026-08-17T18:48:05Z,2026-08-17T18:48:05Z,
136.66.229.24,ipv4,malicious-ip,medium,WHITE,ziyadnz/hourly-ipv4,ziyadnz|hourly,2026-08-17T18:48:05Z,2026-08-17T18:48:05Z,
136.66.23.178,ipv4,malicious-ip,medium,WHITE,ziyadnz/hourly-ipv4,ziyadnz|hourly,2026-08-17T18:48:05Z,2026-08-17T18:48:05Z,
136.66.244.162,ipv4,malicious-ip,medium,WHITE,ziyadnz/hourly-ipv4,ziyadnz|hourly,2026-08-17T18:48:05Z,2026-08-17T18:48:05Z,
136.66.250.104,ipv4,malicious-ip,medium,WHITE,ziyadnz/hourly-ipv4,ziyadnz|hourly,2026-08-17T18:48:05Z,2026-08-17T18:48:05Z,
136.66.27.206,ipv4,malicious-ip,medium,WHITE,ziyadnz/hourly-ipv4,ziyadnz|hourly,2026-08-17T18:48:05Z,2026-08-17T18:48:05Z,
136.66.42.150,ipv4,malicious-ip,medium,WHITE,ziyadnz/hourly-ipv4,ziyadnz|hourly,2026-08-17T18:48:05Z,2026-08-17T18:48:05Z,
136.66.42.6,ipv4,malicious-ip,medium,WHITE,ziyadnz/hourly-ipv4,ziyadnz|hourly,2026-08-17T18:48:05Z,2026-08-17T18:48:05Z,
136.66.51.23,ipv4,malicious-ip,medium,WHITE,ziyadnz/hourly-ipv4,ziyadnz|hourly,2026-08-17T18:48:05Z,2026-08-17T18:48:05Z,
136.66.54.231,ipv4,malicious-ip,medium,WHITE,ziyadnz/hourly-ipv4,ziyadnz|hourly,2026-08-17T18:48:05Z,2026-08-17T18:48:05Z,
136.66.56.112,ipv4,malicious-ip,medium,WHITE,ziyadnz/hourly-ipv4,ziyadnz|hourly,2026-08-17T18:48:05Z,2026-08-17T18:48:05Z,
136.66.67.218,ipv4,malicious-ip,medium,WHITE,ziyadnz/hourly-ipv4,ziyadnz|hourly,2026-08-17T18:48:05Z,2026-08-17T18:48:05Z,
136.66.72.125,ipv4,malicious-ip,medium,WHITE,ziyadnz/hourly-ipv4,ziyadnz|hourly,2026-08-17T18:48:05Z,2026-08-17T18:48:05Z,
136.66.81.74,ipv4,malicious-ip,medium,WHITE,ziyadnz/hourly-ipv4,ziyadnz|hourly,2026-08-17T18:48:05Z,2026-08-17T18:48:05Z,
136.66.82.138,ipv4,malicious-ip,medium,WHITE,ziyadnz/hourly-ipv4,ziyadnz|hourly,2026-08-17T18:48:05Z,2026-08-17T18:48:05Z,
136.66.97.148,ipv4,malicious-ip,medium,WHITE,ziyadnz/hourly-ipv4,ziyadnz|hourly,2026-08-17T18:48:05Z,2026-08-17T18:48:05Z,
136.67.100.119,ipv4,malicious-ip,medium,WHITE,ziyadnz/hourly-ipv4,ziyadnz|hourly,2026-08-17T18:48:05Z,2026-08-17T18:48:05Z,
136.67.100.73,ipv4,malicious-ip,medium,WHITE,ziyadnz/hourly-ipv4,ziyadnz|hourly,2026-08-17T18:48:05Z,2026-08-17T18:48:05Z,
136.67.102.142,ipv4,malicious-ip,medium,WHITE,ziyadnz/hourly-ipv4,ziyadnz|hourly,2026-08-17T18:48:05Z,2026-08-17T18:48:05Z,
136.67.102.244,ipv4,malicious-ip,medium,WHITE,ziyadnz/hourly-ipv4,ziyadnz|hourly,2026-08-17T18:48:05Z,2026-08-17T18:48:05Z,
136.67.108.163,ipv4,malicious-ip,medium,WHITE,ziyadnz/hourly-ipv4,ziyadnz|hourly,2026-08-17T18:48:05Z,2026-08-17T18:48:05Z,
136.67.108.237,ipv4,malicious-ip,medium,WHITE,ziyadnz/hourly-ipv4,ziyadnz|hourly,2026-08-17T18:48:05Z,2026-08-17T18:48:05Z,
136.67.109.247,ipv4,malicious-ip,medium,WHITE,ziyadnz/hourly-ipv4,ziyadnz|hourly,2026-08-17T18:48:05Z,2026-08-17T18:48:05Z,
136.67.113.64,ipv4,malicious-ip,medium,WHITE,ziyadnz/hourly-ipv4,ziyadnz|hourly,2026-08-17T18:48:05Z,2026-08-17T18:48:05Z,
136.67.118.31,ipv4,malicious-ip,medium,WHITE,ziyadnz/hourly-ipv4,ziyadnz|hourly,2026-08-17T18:48:05Z,2026-08-17T18:48:05Z,
136.67.120.213,ipv4,malicious-ip,medium,WHITE,ziyadnz/hourly-ipv4,ziyadnz|hourly,2026-08-17T18:48:05Z,2026-08-17T18:48:05Z,
136.67.126.7,ipv4,malicious-ip,medium,WHITE,ziyadnz/hourly-ipv4,ziyadnz|hourly,2026-08-17T18:48:05Z,2026-08-17T18:48:05Z,
136.67.128.139,ipv4,malicious-ip,medium,WHITE,ziyadnz/hourly-ipv4,ziyadnz|hourly,2026-08-17T18:48:05Z,2026-08-17T18:48:05Z,
136.67.130.9,ipv4,malicious-ip,medium,WHITE,ziyadnz/hourly-ipv4,ziyadnz|hourly,2026-08-17T18:48:05Z,2026-08-17T18:48:05Z,
136.67.142.230,ipv4,malicious-ip,medium,WHITE,ziyadnz/hourly-ipv4,ziyadnz|hourly,2026-08-17T18:48:05Z,2026-08-17T18:48:05Z,
136.67.24.62,ipv4,malicious-ip,medium,WHITE,ziyadnz/hourly-ipv4,ziyadnz|hourly,2026-08-17T18:48:05Z,2026-08-17T18:48:05Z,
136.67.26.159,ipv4,malicious-ip,medium,WHITE,ziyadnz/hourly-ipv4,ziyadnz|hourly,2026-08-17T18:48:05Z,2026-08-17T18:48:05Z,
136.67.37.48,ipv4,malicious-ip,medium,WHITE,ziyadnz/hourly-ipv4,ziyadnz|hourly,2026-08-17T18:48:05Z,2026-08-17T18:48:05Z,
136.67.59.95,ipv4,malicious-ip,medium,WHITE,ziyadnz/hourly-ipv4,ziyadnz|hourly,2026-08-17T18:48:05Z,2026-08-17T18:48:05Z,
136.67.62.57,ipv4,malicious-ip,medium,WHITE,ziyadnz/hourly-ipv4,ziyadnz|hourly,2026-08-17T18:48:05Z,2026-08-17T18:48:05Z,
136.67.67.72,ipv4,malicious-ip,medium,WHITE,ziyadnz/hourly-ipv4,ziyadnz|hourly,2026-08-17T18:48:05Z,2026-08-17T18:48:05Z,
136.67.68.167,ipv4,malicious-ip,medium,WHITE,ziyadnz/hourly-ipv4,ziyadnz|hourly,2026-08-17T18:48:05Z,2026-08-17T18:48:05Z,
136.70.101.121,ipv4,malicious-ip,medium,WHITE,ziyadnz/hourly-ipv4,ziyadnz|hourly,2026-08-17T18:48:05Z,2026-08-17T18:48:05Z,
136.70.103.166,ipv4,malicious-ip,medium,WHITE,ziyadnz/hourly-ipv4,ziyadnz|hourly,2026-08-17T18:48:05Z,2026-08-17T18:48:05Z,
136.70.106.180,ipv4,malicious-ip,medium,WHITE,ziyadnz/hourly-ipv4,ziyadnz|hourly,2026-08-17T18:48:05Z,2026-08-17T18:48:05Z,
136.70.110.216,ipv4,malicious-ip,medium,WHITE,ziyadnz/hourly-ipv4,ziyadnz|hourly,2026-08-17T18:48:05Z,2026-08-17T18:48:05Z,
136.70.114.224,ipv4,malicious-ip,medium,WHITE,ziyadnz/hourly-ipv4,ziyadnz|hourly,2026-08-17T18:48:05Z,2026-08-17T18:48:05Z,
136.70.116.168,ipv4,malicious-ip,medium,WHITE,ziyadnz/hourly-ipv4,ziyadnz|hourly,2026-08-17T18:48:05Z,2026-08-17T18:48:05Z,
136.70.127.79,ipv4,malicious-ip,medium,WHITE,ziyadnz/hourly-ipv4,ziyadnz|hourly,2026-08-17T18:48:05Z,2026-08-17T18:48:05Z,
136.70.128.68,ipv4,malicious-ip,medium,WHITE,ziyadnz/hourly-ipv4,ziyadnz|hourly,2026-08-17T18:48:05Z,2026-08-17T18:48:05Z,
136.70.131.31,ipv4,malicious-ip,medium,WHITE,ziyadnz/hourly-ipv4,ziyadnz|hourly,2026-08-17T18:48:05Z,2026-08-17T18:48:05Z,
136.70.133.108,ipv4,malicious-ip,medium,WHITE,ziyadnz/hourly-ipv4,ziyadnz|hourly,2026-08-17T18:48:05Z,2026-08-17T18:48:05Z,
136.70.138.98,ipv4,malicious-ip,medium,WHITE,ziyadnz/hourly-ipv4,ziyadnz|hourly,2026-08-17T18:48:05Z,2026-08-17T18:48:05Z,
136.70.142.200,ipv4,malicious-ip,medium,WHITE,ziyadnz/hourly-ipv4,ziyadnz|hourly,2026-08-17T18:48:05Z,2026-08-17T18:48:05Z,
136.70.64.75,ipv4,malicious-ip,medium,WHITE,ziyadnz/hourly-ipv4,ziyadnz|hourly,2026-08-17T18:48:05Z,2026-08-17T18:48:05Z,
136.70.65.172,ipv4,malicious-ip,medium,WHITE,ziyadnz/hourly-ipv4,ziyadnz|hourly,2026-08-17T18:48:05Z,2026-08-17T18:48:05Z,
136.70.65.69,ipv4,malicious-ip,medium,WHITE,ziyadnz/hourly-ipv4,ziyadnz|hourly,2026-08-17T18:48:05Z,2026-08-17T18:48:05Z,
136.70.68.234,ipv4,malicious-ip,medium,WHITE,ziyadnz/hourly-ipv4,ziyadnz|hourly,2026-08-17T18:48:05Z,2026-08-17T18:48:05Z,
136.70.69.238,ipv4,malicious-ip,medium,WHITE,ziyadnz/hourly-ipv4,ziyadnz|hourly,2026-08-17T18:48:05Z,2026-08-17T18:48:05Z,
136.70.70.103,ipv4,malicious-ip,medium,WHITE,ziyadnz/hourly-ipv4,ziyadnz|hourly,2026-08-17T18:48:05Z,2026-08-17T18:48:05Z,
136.70.71.99,ipv4,malicious-ip,medium,WHITE,ziyadnz/hourly-ipv4,ziyadnz|hourly,2026-08-17T18:48:05Z,2026-08-17T18:48:05Z,
136.70.76.92,ipv4,malicious-ip,medium,WHITE,ziyadnz/hourly-ipv4,ziyadnz|hourly,2026-08-17T18:48:05Z,2026-08-17T18:48:05Z,
136.70.81.125,ipv4,malicious-ip,medium,WHITE,ziyadnz/hourly-ipv4,ziyadnz|hourly,2026-08-17T18:48:05Z,2026-08-17T18:48:05Z,
136.70.86.67,ipv4,malicious-ip,medium,WHITE,ziyadnz/hourly-ipv4,ziyadnz|hourly,2026-08-17T18:48:05Z,2026-08-17T18:48:05Z,
136.70.86.93,ipv4,malicious-ip,medium,WHITE,ziyadnz/hourly-ipv4,ziyadnz|hourly,2026-08-17T18:48:05Z,2026-08-17T18:48:05Z,
136.70.87.195,ipv4,malicious-ip,medium,WHITE,ziyadnz/hourly-ipv4,ziyadnz|hourly,2026-08-17T18:48:05Z,2026-08-17T18:48:05Z,
136.70.87.27,ipv4,malicious-ip,medium,WHITE,ziyadnz/hourly-ipv4,ziyadnz|hourly,2026-08-17T18:48:05Z,2026-08-17T18:48:05Z,
136.70.88.24,ipv4,malicious-ip,medium,WHITE,ziyadnz/hourly-ipv4,ziyadnz|hourly,2026-08-17T18:48:05Z,2026-08-17T18:48:05Z,
136.70.93.138,ipv4,malicious-ip,medium,WHITE,ziyadnz/hourly-ipv4,ziyadnz|hourly,2026-08-17T18:48:05Z,2026-08-17T18:48:05Z,
136.70.93.194,ipv4,malicious-ip,medium,WHITE,ziyadnz/hourly-ipv4,ziyadnz|hourly,2026-08-17T18:48:05Z,2026-08-17T18:48:05Z,
136.70.96.18,ipv4,malicious-ip,medium,WHITE,ziyadnz/hourly-ipv4,ziyadnz|hourly,2026-08-17T18:48:05Z,2026-08-17T18:48:05Z,
136.70.96.76,ipv4,malicious-ip,medium,WHITE,ziyadnz/hourly-ipv4,ziyadnz|hourly,2026-08-17T18:48:05Z,2026-08-17T18:48:05Z,
136.83.21.215,ipv4,malicious-ip,medium,WHITE,ziyadnz/hourly-ipv4,ziyadnz|hourly,2026-08-17T18:48:05Z,2026-08-17T18:48:05Z,
136.85.106.87,ipv4,malicious-ip,medium,WHITE,ziyadnz/hourly-ipv4,ziyadnz|hourly,2026-08-17T18:48:05Z,2026-08-17T18:48:05Z,
136.85.109.84,ipv4,malicious-ip,medium,WHITE,ziyadnz/hourly-ipv4,ziyadnz|hourly,2026-08-17T18:48:05Z,2026-08-17T18:48:05Z,
136.85.116.248,ipv4,malicious-ip,medium,WHITE,ziyadnz/hourly-ipv4,ziyadnz|hourly,2026-08-17T18:48:05Z,2026-08-17T18:48:05Z,
136.85.33.171,ipv4,malicious-ip,medium,WHITE,ziyadnz/hourly-ipv4,ziyadnz|hourly,2026-08-17T18:48:05Z,2026-08-17T18:48:05Z,
136.85.33.248,ipv4,malicious-ip,medium,WHITE,ziyadnz/hourly-ipv4,ziyadnz|hourly,2026-08-17T18:48:05Z,2026-08-17T18:48:05Z,
136.85.57.170,ipv4,malicious-ip,medium,WHITE,ziyadnz/hourly-ipv4,ziyadnz|hourly,2026-08-17T18:48:05Z,2026-08-17T18:48:05Z,
136.85.73.62,ipv4,malicious-ip,medium,WHITE,ziyadnz/hourly-ipv4,ziyadnz|hourly,2026-08-17T18:48:05Z,2026-08-17T18:48:05Z,
136.85.75.94,ipv4,malicious-ip,medium,WHITE,ziyadnz/hourly-ipv4,ziyadnz|hourly,2026-08-17T18:48:05Z,2026-08-17T18:48:05Z,
136.85.76.113,ipv4,malicious-ip,medium,WHITE,ziyadnz/hourly-ipv4,ziyadnz|hourly,2026-08-17T18:48:05Z,2026-08-17T18:48:05Z,
136.85.79.232,ipv4,malicious-ip,medium,WHITE,ziyadnz/hourly-ipv4,ziyadnz|hourly,2026-08-17T18:48:05Z,2026-08-17T18:48:05Z,
136.85.85.225,ipv4,malicious-ip,medium,WHITE,ziyadnz/hourly-ipv4,ziyadnz|hourly,2026-08-17T18:48:05Z,2026-08-17T18:48:05Z,
136.85.87.248,ipv4,malicious-ip,medium,WHITE,ziyadnz/hourly-ipv4,ziyadnz|hourly,2026-08-17T18:48:05Z,2026-08-17T18:48:05Z,
136.85.90.220,ipv4,malicious-ip,medium,WHITE,ziyadnz/hourly-ipv4,ziyadnz|hourly,2026-08-17T18:48:05Z,2026-08-17T18:48:05Z,
136.85.94.198,ipv4,malicious-ip,medium,WHITE,ziyadnz/hourly-ipv4,ziyadnz|hourly,2026-08-17T18:48:05Z,2026-08-17T18:48:05Z,
136.85.99.136,ipv4,malicious-ip,medium,WHITE,ziyadnz/hourly-ipv4,ziyadnz|hourly,2026-08-17T18:48:05Z,2026-08-17T18:48:05Z,
137.116.139.215,ipv4,malicious-ip,medium,WHITE,ziyadnz/hourly-ipv4,ziyadnz|hourly,2026-08-17T18:48:05Z,2026-08-17T18:48:05Z,
137.117.183.113,ipv4,malicious-ip,medium,WHITE,ziyadnz/hourly-ipv4,ziyadnz|hourly,2026-08-17T18:48:05Z,2026-08-17T18:48:05Z,
137.118.161.93,ipv4,malicious-ip,medium,WHITE,ziyadnz/hourly-ipv4,ziyadnz|hourly,2026-08-17T18:48:05Z,2026-08-17T18:48:05Z,
137.131.232.50,ipv4,malicious-ip,medium,WHITE,ziyadnz/hourly-ipv4,ziyadnz|hourly,2026-08-17T18:48:05Z,2026-08-17T18:48:05Z,
137.131.54.162,ipv4,malicious-ip,medium,WHITE,ziyadnz/hourly-ipv4,ziyadnz|hourly,2026-08-17T18:48:05Z,2026-08-17T18:48:05Z,
137.131.7.193,ipv4,malicious-ip,medium,WHITE,ziyadnz/hourly-ipv4,ziyadnz|hourly,2026-08-17T18:48:05Z,2026-08-17T18:48:05Z,
137.131.8.253,ipv4,malicious-ip,medium,WHITE,ziyadnz/hourly-ipv4,ziyadnz|hourly,2026-08-17T18:48:05Z,2026-08-17T18:48:05Z,
137.175.17.172,ipv4,malicious-ip,medium,WHITE,ziyadnz/hourly-ipv4,ziyadnz|hourly,2026-08-17T18:48:05Z,2026-08-17T18:48:05Z,
137.175.19.25,ipv4,malicious-ip,medium,WHITE,ziyadnz/hourly-ipv4,ziyadnz|hourly,2026-08-17T18:48:05Z,2026-08-17T18:48:05Z,
137.175.205.63,ipv4,malicious-ip,medium,WHITE,ziyadnz/hourly-ipv4,ziyadnz|hourly,2026-08-17T18:48:05Z,2026-08-17T18:48:05Z,
137.175.28.251,ipv4,malicious-ip,medium,WHITE,ziyadnz/hourly-ipv4,ziyadnz|hourly,2026-08-17T18:48:05Z,2026-08-17T18:48:05Z,
137.175.30.36,ipv4,malicious-ip,medium,WHITE,ziyadnz/hourly-ipv4,ziyadnz|hourly,2026-08-17T18:48:05Z,2026-08-17T18:48:05Z,
137.175.51.147,ipv4,malicious-ip,medium,WHITE,ziyadnz/hourly-ipv4,ziyadnz|hourly,2026-08-17T18:48:05Z,2026-08-17T18:48:05Z,
137.175.53.170,ipv4,malicious-ip,medium,WHITE,ziyadnz/hourly-ipv4,ziyadnz|hourly,2026-08-17T18:48:05Z,2026-08-17T18:48:05Z,
137.175.60.253,ipv4,malicious-ip,medium,WHITE,ziyadnz/hourly-ipv4,ziyadnz|hourly,2026-08-17T18:48:05Z,2026-08-17T18:48:05Z,
137.184.10.255,ipv4,malicious-ip,medium,WHITE,ziyadnz/hourly-ipv4,ziyadnz|hourly,2026-08-17T18:48:05Z,2026-08-17T18:48:05Z,
137.184.105.192,ipv4,malicious-ip,medium,WHITE,ziyadnz/hourly-ipv4,ziyadnz|hourly,2026-08-17T18:48:05Z,2026-08-17T18:48:05Z,
137.184.108.25,ipv4,malicious-ip,medium,WHITE,ziyadnz/hourly-ipv4,ziyadnz|hourly,2026-08-17T18:48:05Z,2026-08-17T18:48:05Z,
137.184.109.93,ipv4,malicious-ip,medium,WHITE,ziyadnz/hourly-ipv4,ziyadnz|hourly,2026-08-17T18:48:05Z,2026-08-17T18:48:05Z,
137.184.11.53,ipv4,malicious-ip,medium,WHITE,ziyadnz/hourly-ipv4,ziyadnz|hourly,2026-08-17T18:48:05Z,2026-08-17T18:48:05Z,
137.184.112.103,ipv4,malicious-ip,medium,WHITE,ziyadnz/hourly-ipv4,ziyadnz|hourly,2026-08-17T18:48:05Z,2026-08-17T18:48:05Z,
137.184.112.192,ipv4,malicious-ip,medium,WHITE,ziyadnz/hourly-ipv4,ziyadnz|hourly,2026-08-17T18:48:05Z,2026-08-17T18:48:05Z,
137.184.115.230,ipv4,malicious-ip,medium,WHITE,ziyadnz/hourly-ipv4,ziyadnz|hourly,2026-08-17T18:48:05Z,2026-08-17T18:48:05Z,
137.184.117.244,ipv4,malicious-ip,medium,WHITE,ziyadnz/hourly-ipv4,ziyadnz|hourly,2026-08-17T18:48:05Z,2026-08-17T18:48:05Z,
137.184.120.126,ipv4,malicious-ip,medium,WHITE,ziyadnz/hourly-ipv4,ziyadnz|hourly,2026-08-17T18:48:05Z,2026-08-17T18:48:05Z,
137.184.121.249,ipv4,malicious-ip,medium,WHITE,ziyadnz/hourly-ipv4,ziyadnz|hourly,2026-08-17T18:48:05Z,2026-08-17T18:48:05Z,
137.184.124.132,ipv4,malicious-ip,medium,WHITE,ziyadnz/hourly-ipv4,ziyadnz|hourly,2026-08-17T18:48:05Z,2026-08-17T18:48:05Z,
137.184.124.99,ipv4,malicious-ip,medium,WHITE,ziyadnz/hourly-ipv4,ziyadnz|hourly,2026-08-17T18:48:05Z,2026-08-17T18:48:05Z,
137.184.125.133,ipv4,malicious-ip,medium,WHITE,ziyadnz/hourly-ipv4,ziyadnz|hourly,2026-08-17T18:48:05Z,2026-08-17T18:48:05Z,
137.184.125.221,ipv4,malicious-ip,medium,WHITE,ziyadnz/hourly-ipv4,ziyadnz|hourly,2026-08-17T18:48:05Z,2026-08-17T18:48:05Z,
137.184.125.43,ipv4,malicious-ip,medium,WHITE,ziyadnz/hourly-ipv4,ziyadnz|hourly,2026-08-17T18:48:05Z,2026-08-17T18:48:05Z,
137.184.13.100,ipv4,malicious-ip,medium,WHITE,ziyadnz/hourly-ipv4,ziyadnz|hourly,2026-08-17T18:48:05Z,2026-08-17T18:48:05Z,
137.184.130.162,ipv4,malicious-ip,medium,WHITE,ziyadnz/hourly-ipv4,ziyadnz|hourly,2026-08-17T18:48:05Z,2026-08-17T18:48:05Z,
137.184.133.207,ipv4,malicious-ip,medium,WHITE,ziyadnz/hourly-ipv4,ziyadnz|hourly,2026-08-17T18:48:05Z,2026-08-17T18:48:05Z,
137.184.133.224,ipv4,malicious-ip,medium,WHITE,ziyadnz/hourly-ipv4,ziyadnz|hourly,2026-08-17T18:48:05Z,2026-08-17T18:48:05Z,
137.184.137.225,ipv4,malicious-ip,medium,WHITE,ziyadnz/hourly-ipv4,ziyadnz|hourly,2026-08-17T18:48:05Z,2026-08-17T18:48:05Z,
137.184.139.21,ipv4,malicious-ip,medium,WHITE,ziyadnz/hourly-ipv4,ziyadnz|hourly,2026-08-17T18:48:05Z,2026-08-17T18:48:05Z,
137.184.141.100,ipv4,malicious-ip,medium,WHITE,ziyadnz/hourly-ipv4,ziyadnz|hourly,2026-08-17T18:48:05Z,2026-08-17T18:48:05Z,
137.184.142.248,ipv4,malicious-ip,medium,WHITE,ziyadnz/hourly-ipv4,ziyadnz|hourly,2026-08-17T18:48:05Z,2026-08-17T18:48:05Z,
137.184.147.135,ipv4,malicious-ip,medium,WHITE,ziyadnz/hourly-ipv4,ziyadnz|hourly,2026-08-17T18:48:05Z,2026-08-17T18:48:05Z,
137.184.147.255,ipv4,malicious-ip,medium,WHITE,ziyadnz/hourly-ipv4,ziyadnz|hourly,2026-08-17T18:48:05Z,2026-08-17T18:48:05Z,
137.184.148.98,ipv4,malicious-ip,medium,WHITE,ziyadnz/hourly-ipv4,ziyadnz|hourly,2026-08-17T18:48:05Z,2026-08-17T18:48:05Z,
137.184.154.9,ipv4,malicious-ip,medium,WHITE,ziyadnz/hourly-ipv4,ziyadnz|hourly,2026-08-17T18:48:05Z,2026-08-17T18:48:05Z,
137.184.155.93,ipv4,malicious-ip,medium,WHITE,ziyadnz/hourly-ipv4,ziyadnz|hourly,2026-08-17T18:48:05Z,2026-08-17T18:48:05Z,
137.184.158.190,ipv4,malicious-ip,medium,WHITE,ziyadnz/hourly-ipv4,ziyadnz|hourly,2026-08-17T18:48:05Z,2026-08-17T18:48:05Z,
137.184.159.174,ipv4,malicious-ip,medium,WHITE,ziyadnz/hourly-ipv4,ziyadnz|hourly,2026-08-17T18:48:05Z,2026-08-17T18:48:05Z,
137.184.165.68,ipv4,malicious-ip,medium,WHITE,ziyadnz/hourly-ipv4,ziyadnz|hourly,2026-08-17T18:48:05Z,2026-08-17T18:48:05Z,
137.184.166.176,ipv4,malicious-ip,medium,WHITE,ziyadnz/hourly-ipv4,ziyadnz|hourly,2026-08-17T18:48:05Z,2026-08-17T18:48:05Z,
137.184.166.188,ipv4,malicious-ip,medium,WHITE,ziyadnz/hourly-ipv4,ziyadnz|hourly,2026-08-17T18:48:05Z,2026-08-17T18:48:05Z,
137.184.17.80,ipv4,malicious-ip,medium,WHITE,ziyadnz/hourly-ipv4,ziyadnz|hourly,2026-08-17T18:48:05Z,2026-08-17T18:48:05Z,
137.184.170.41,ipv4,malicious-ip,medium,WHITE,ziyadnz/hourly-ipv4,ziyadnz|hourly,2026-08-17T18:48:05Z,2026-08-17T18:48:05Z,
137.184.177.199,ipv4,malicious-ip,medium,WHITE,ziyadnz/hourly-ipv4,ziyadnz|hourly,2026-08-17T18:48:05Z,2026-08-17T18:48:05Z,
137.184.183.228,ipv4,malicious-ip,medium,WHITE,ziyadnz/hourly-ipv4,ziyadnz|hourly,2026-08-17T18:48:05Z,2026-08-17T18:48:05Z,
137.184.184.209,ipv4,malicious-ip,medium,WHITE,ziyadnz/hourly-ipv4,ziyadnz|hourly,2026-08-17T18:48:05Z,2026-08-17T18:48:05Z,
137.184.185.52,ipv4,malicious-ip,medium,WHITE,ziyadnz/hourly-ipv4,ziyadnz|hourly,2026-08-17T18:48:05Z,2026-08-17T18:48:05Z,
137.184.187.104,ipv4,malicious-ip,medium,WHITE,ziyadnz/hourly-ipv4,ziyadnz|hourly,2026-08-17T18:48:05Z,2026-08-17T18:48:05Z,
137.184.187.216,ipv4,malicious-ip,medium,WHITE,ziyadnz/hourly-ipv4,ziyadnz|hourly,2026-08-17T18:48:05Z,2026-08-17T18:48:05Z,
137.184.187.42,ipv4,malicious-ip,medium,WHITE,ziyadnz/hourly-ipv4,ziyadnz|hourly,2026-08-17T18:48:05Z,2026-08-17T18:48:05Z,
137.184.19.144,ipv4,malicious-ip,medium,WHITE,ziyadnz/hourly-ipv4,ziyadnz|hourly,2026-08-17T18:48:05Z,2026-08-17T18:48:05Z,
137.184.190.170,ipv4,malicious-ip,medium,WHITE,ziyadnz/hourly-ipv4,ziyadnz|hourly,2026-08-17T18:48:05Z,2026-08-17T18:48:05Z,
137.184.190.194,ipv4,malicious-ip,medium,WHITE,ziyadnz/hourly-ipv4,ziyadnz|hourly,2026-08-17T18:48:05Z,2026-08-17T18:48:05Z,
137.184.190.205,ipv4,malicious-ip,medium,WHITE,ziyadnz/hourly-ipv4,ziyadnz|hourly,2026-08-17T18:48:05Z,2026-08-17T18:48:05Z,
137.184.190.246,ipv4,malicious-ip,medium,WHITE,ziyadnz/hourly-ipv4,ziyadnz|hourly,2026-08-17T18:48:05Z,2026-08-17T18:48:05Z,
137.184.191.215,ipv4,malicious-ip,medium,WHITE,ziyadnz/hourly-ipv4,ziyadnz|hourly,2026-08-17T18:48:05Z,2026-08-17T18:48:05Z,
137.184.194.202,ipv4,malicious-ip,medium,WHITE,ziyadnz/hourly-ipv4,ziyadnz|hourly,2026-08-17T18:48:05Z,2026-08-17T18:48:05Z,
137.184.202.37,ipv4,malicious-ip,medium,WHITE,ziyadnz/hourly-ipv4,ziyadnz|hourly,2026-08-17T18:48:05Z,2026-08-17T18:48:05Z,
137.184.203.140,ipv4,malicious-ip,medium,WHITE,ziyadnz/hourly-ipv4,ziyadnz|hourly,2026-08-17T18:48:05Z,2026-08-17T18:48:05Z,
137.184.203.195,ipv4,malicious-ip,medium,WHITE,ziyadnz/hourly-ipv4,ziyadnz|hourly,2026-08-17T18:48:05Z,2026-08-17T18:48:05Z,
137.184.203.236,ipv4,malicious-ip,medium,WHITE,ziyadnz/hourly-ipv4,ziyadnz|hourly,2026-08-17T18:48:05Z,2026-08-17T18:48:05Z,
137.184.205.196,ipv4,malicious-ip,medium,WHITE,ziyadnz/hourly-ipv4,ziyadnz|hourly,2026-08-17T18:48:05Z,2026-08-17T18:48:05Z,
137.184.212.50,ipv4,malicious-ip,medium,WHITE,ziyadnz/hourly-ipv4,ziyadnz|hourly,2026-08-17T18:48:05Z,2026-08-17T18:48:05Z,
137.184.215.243,ipv4,malicious-ip,medium,WHITE,ziyadnz/hourly-ipv4,ziyadnz|hourly,2026-08-17T18:48:05Z,2026-08-17T18:48:05Z,
137.184.217.238,ipv4,malicious-ip,medium,WHITE,ziyadnz/hourly-ipv4,ziyadnz|hourly,2026-08-17T18:48:05Z,2026-08-17T18:48:05Z,
137.184.219.244,ipv4,malicious-ip,medium,WHITE,ziyadnz/hourly-ipv4,ziyadnz|hourly,2026-08-17T18:48:05Z,2026-08-17T18:48:05Z,
137.184.220.234,ipv4,malicious-ip,medium,WHITE,ziyadnz/hourly-ipv4,ziyadnz|hourly,2026-08-17T18:48:05Z,2026-08-17T18:48:05Z,
137.184.226.118,ipv4,malicious-ip,medium,WHITE,ziyadnz/hourly-ipv4,ziyadnz|hourly,2026-08-17T18:48:05Z,2026-08-17T18:48:05Z,
137.184.226.250,ipv4,malicious-ip,medium,WHITE,ziyadnz/hourly-ipv4,ziyadnz|hourly,2026-08-17T18:48:05Z,2026-08-17T18:48:05Z,
137.184.227.205,ipv4,malicious-ip,medium,WHITE,ziyadnz/hourly-ipv4,ziyadnz|hourly,2026-08-17T18:48:05Z,2026-08-17T18:48:05Z,
137.184.227.98,ipv4,malicious-ip,medium,WHITE,ziyadnz/hourly-ipv4,ziyadnz|hourly,2026-08-17T18:48:05Z,2026-08-17T18:48:05Z,
137.184.228.138,ipv4,malicious-ip,medium,WHITE,ziyadnz/hourly-ipv4,ziyadnz|hourly,2026-08-17T18:48:05Z,2026-08-17T18:48:05Z,
137.184.232.34,ipv4,malicious-ip,medium,WHITE,ziyadnz/hourly-ipv4,ziyadnz|hourly,2026-08-17T18:48:05Z,2026-08-17T18:48:05Z,
137.184.233.150,ipv4,malicious-ip,medium,WHITE,ziyadnz/hourly-ipv4,ziyadnz|hourly,2026-08-17T18:48:05Z,2026-08-17T18:48:05Z,
137.184.234.63,ipv4,malicious-ip,medium,WHITE,ziyadnz/hourly-ipv4,ziyadnz|hourly,2026-08-17T18:48:05Z,2026-08-17T18:48:05Z,
137.184.25.41,ipv4,malicious-ip,medium,WHITE,ziyadnz/hourly-ipv4,ziyadnz|hourly,2026-08-17T18:48:05Z,2026-08-17T18:48:05Z,
137.184.27.90,ipv4,malicious-ip,medium,WHITE,ziyadnz/hourly-ipv4,ziyadnz|hourly,2026-08-17T18:48:05Z,2026-08-17T18:48:05Z,
137.184.3.182,ipv4,malicious-ip,medium,WHITE,ziyadnz/hourly-ipv4,ziyadnz|hourly,2026-08-17T18:48:05Z,2026-08-17T18:48:05Z,
137.184.32.251,ipv4,malicious-ip,medium,WHITE,ziyadnz/hourly-ipv4,ziyadnz|hourly,2026-08-17T18:48:05Z,2026-08-17T18:48:05Z,
137.184.32.56,ipv4,malicious-ip,medium,WHITE,ziyadnz/hourly-ipv4,ziyadnz|hourly,2026-08-17T18:48:05Z,2026-08-17T18:48:05Z,
137.184.32.91,ipv4,malicious-ip,medium,WHITE,ziyadnz/hourly-ipv4,ziyadnz|hourly,2026-08-17T18:48:05Z,2026-08-17T18:48:05Z,
137.184.34.170,ipv4,malicious-ip,medium,WHITE,ziyadnz/hourly-ipv4,ziyadnz|hourly,2026-08-17T18:48:05Z,2026-08-17T18:48:05Z,
137.184.42.105,ipv4,malicious-ip,medium,WHITE,ziyadnz/hourly-ipv4,ziyadnz|hourly,2026-08-17T18:48:05Z,2026-08-17T18:48:05Z,
137.184.43.226,ipv4,malicious-ip,medium,WHITE,ziyadnz/hourly-ipv4,ziyadnz|hourly,2026-08-17T18:48:05Z,2026-08-17T18:48:05Z,
137.184.44.109,ipv4,malicious-ip,medium,WHITE,ziyadnz/hourly-ipv4,ziyadnz|hourly,2026-08-17T18:48:05Z,2026-08-17T18:48:05Z,
137.184.44.184,ipv4,malicious-ip,medium,WHITE,ziyadnz/hourly-ipv4,ziyadnz|hourly,2026-08-17T18:48:05Z,2026-08-17T18:48:05Z,
137.184.47.82,ipv4,malicious-ip,medium,WHITE,ziyadnz/hourly-ipv4,ziyadnz|hourly,2026-08-17T18:48:05Z,2026-08-17T18:48:05Z,
137.184.49.157,ipv4,malicious-ip,medium,WHITE,ziyadnz/hourly-ipv4,ziyadnz|hourly,2026-08-17T18:48:05Z,2026-08-17T18:48:05Z,
137.184.5.188,ipv4,malicious-ip,medium,WHITE,ziyadnz/hourly-ipv4,ziyadnz|hourly,2026-08-17T18:48:05Z,2026-08-17T18:48:05Z,
137.184.50.152,ipv4,malicious-ip,medium,WHITE,ziyadnz/hourly-ipv4,ziyadnz|hourly,2026-08-17T18:48:05Z,2026-08-17T18:48:05Z,
137.184.53.183,ipv4,malicious-ip,medium,WHITE,ziyadnz/hourly-ipv4,ziyadnz|hourly,2026-08-17T18:48:05Z,2026-08-17T18:48:05Z,
137.184.55.40,ipv4,malicious-ip,medium,WHITE,ziyadnz/hourly-ipv4,ziyadnz|hourly,2026-08-17T18:48:05Z,2026-08-17T18:48:05Z,
137.184.55.52,ipv4,malicious-ip,medium,WHITE,ziyadnz/hourly-ipv4,ziyadnz|hourly,2026-08-17T18:48:05Z,2026-08-17T18:48:05Z,
137.184.59.125,ipv4,malicious-ip,medium,WHITE,ziyadnz/hourly-ipv4,ziyadnz|hourly,2026-08-17T18:48:05Z,2026-08-17T18:48:05Z,
137.184.60.234,ipv4,malicious-ip,medium,WHITE,ziyadnz/hourly-ipv4,ziyadnz|hourly,2026-08-17T18:48:05Z,2026-08-17T18:48:05Z,
137.184.61.247,ipv4,malicious-ip,medium,WHITE,ziyadnz/hourly-ipv4,ziyadnz|hourly,2026-08-17T18:48:05Z,2026-08-17T18:48:05Z,
137.184.62.0,ipv4,malicious-ip,medium,WHITE,ziyadnz/hourly-ipv4,ziyadnz|hourly,2026-08-17T18:48:05Z,2026-08-17T18:48:05Z,
137.184.63.208,ipv4,malicious-ip,medium,WHITE,ziyadnz/hourly-ipv4,ziyadnz|hourly,2026-08-17T18:48:05Z,2026-08-17T18:48:05Z,
137.184.65.71,ipv4,malicious-ip,medium,WHITE,ziyadnz/hourly-ipv4,ziyadnz|hourly,2026-08-17T18:48:05Z,2026-08-17T18:48:05Z,
137.184.66.175,ipv4,malicious-ip,medium,WHITE,ziyadnz/hourly-ipv4,ziyadnz|hourly,2026-08-17T18:48:05Z,2026-08-17T18:48:05Z,
137.184.66.73,ipv4,malicious-ip,medium,WHITE,ziyadnz/hourly-ipv4,ziyadnz|hourly,2026-08-17T18:48:05Z,2026-08-17T18:48:05Z,
137.184.67.33,ipv4,malicious-ip,medium,WHITE,ziyadnz/hourly-ipv4,ziyadnz|hourly,2026-08-17T18:48:05Z,2026-08-17T18:48:05Z,
137.184.67.37,ipv4,malicious-ip,medium,WHITE,ziyadnz/hourly-ipv4,ziyadnz|hourly,2026-08-17T18:48:05Z,2026-08-17T18:48:05Z,
137.184.73.185,ipv4,malicious-ip,medium,WHITE,ziyadnz/hourly-ipv4,ziyadnz|hourly,2026-08-17T18:48:05Z,2026-08-17T18:48:05Z,
137.184.74.7,ipv4,malicious-ip,medium,WHITE,ziyadnz/hourly-ipv4,ziyadnz|hourly,2026-08-17T18:48:05Z,2026-08-17T18:48:05Z,
137.184.76.171,ipv4,malicious-ip,medium,WHITE,ziyadnz/hourly-ipv4,ziyadnz|hourly,2026-08-17T18:48:05Z,2026-08-17T18:48:05Z,
137.184.76.233,ipv4,malicious-ip,medium,WHITE,ziyadnz/hourly-ipv4,ziyadnz|hourly,2026-08-17T18:48:05Z,2026-08-17T18:48:05Z,
137.184.79.160,ipv4,malicious-ip,medium,WHITE,ziyadnz/hourly-ipv4,ziyadnz|hourly,2026-08-17T18:48:05Z,2026-08-17T18:48:05Z,
137.184.79.24,ipv4,malicious-ip,medium,WHITE,ziyadnz/hourly-ipv4,ziyadnz|hourly,2026-08-17T18:48:05Z,2026-08-17T18:48:05Z,
137.184.8.87,ipv4,malicious-ip,medium,WHITE,ziyadnz/hourly-ipv4,ziyadnz|hourly,2026-08-17T18:48:05Z,2026-08-17T18:48:05Z,
137.184.82.217,ipv4,malicious-ip,medium,WHITE,ziyadnz/hourly-ipv4,ziyadnz|hourly,2026-08-17T18:48:05Z,2026-08-17T18:48:05Z,
137.184.85.24,ipv4,malicious-ip,medium,WHITE,ziyadnz/hourly-ipv4,ziyadnz|hourly,2026-08-17T18:48:05Z,2026-08-17T18:48:05Z,
137.184.85.27,ipv4,malicious-ip,medium,WHITE,ziyadnz/hourly-ipv4,ziyadnz|hourly,2026-08-17T18:48:05Z,2026-08-17T18:48:05Z,
137.184.87.249,ipv4,malicious-ip,medium,WHITE,ziyadnz/hourly-ipv4,ziyadnz|hourly,2026-08-17T18:48:05Z,2026-08-17T18:48:05Z,
137.184.89.187,ipv4,malicious-ip,medium,WHITE,ziyadnz/hourly-ipv4,ziyadnz|hourly,2026-08-17T18:48:05Z,2026-08-17T18:48:05Z,
137.184.91.202,ipv4,malicious-ip,medium,WHITE,ziyadnz/hourly-ipv4,ziyadnz|hourly,2026-08-17T18:48:05Z,2026-08-17T18:48:05Z,
137.184.94.88,ipv4,malicious-ip,medium,WHITE,ziyadnz/hourly-ipv4,ziyadnz|hourly,2026-08-17T18:48:05Z,2026-08-17T18:48:05Z,
137.184.95.216,ipv4,malicious-ip,medium,WHITE,ziyadnz/hourly-ipv4,ziyadnz|hourly,2026-08-17T18:48:05Z,2026-08-17T18:48:05Z,
137.184.99.107,ipv4,malicious-ip,medium,WHITE,ziyadnz/hourly-ipv4,ziyadnz|hourly,2026-08-17T18:48:05Z,2026-08-17T18:48:05Z,
137.186.193.226,ipv4,malicious-ip,medium,WHITE,ziyadnz/hourly-ipv4,ziyadnz|hourly,2026-08-17T18:48:05Z,2026-08-17T18:48:05Z,
137.186.71.142,ipv4,malicious-ip,medium,WHITE,ziyadnz/hourly-ipv4,ziyadnz|hourly,2026-08-17T18:48:05Z,2026-08-17T18:48:05Z,
137.220.116.118,ipv4,malicious-ip,medium,WHITE,ziyadnz/hourly-ipv4,ziyadnz|hourly,2026-08-17T18:48:05Z,2026-08-17T18:48:05Z,
137.220.120.12,ipv4,malicious-ip,medium,WHITE,ziyadnz/hourly-ipv4,ziyadnz|hourly,2026-08-17T18:48:05Z,2026-08-17T18:48:05Z,
137.220.135.130,ipv4,malicious-ip,medium,WHITE,ziyadnz/hourly-ipv4,ziyadnz|hourly,2026-08-17T18:48:05Z,2026-08-17T18:48:05Z,
137.220.135.149,ipv4,malicious-ip,medium,WHITE,ziyadnz/hourly-ipv4,ziyadnz|hourly,2026-08-17T18:48:05Z,2026-08-17T18:48:05Z,
137.220.136.188,ipv4,malicious-ip,medium,WHITE,ziyadnz/hourly-ipv4,ziyadnz|hourly,2026-08-17T18:48:05Z,2026-08-17T18:48:05Z,
137.220.152.99,ipv4,malicious-ip,medium,WHITE,ziyadnz/hourly-ipv4,ziyadnz|hourly,2026-08-17T18:48:05Z,2026-08-17T18:48:05Z,
137.220.176.165,ipv4,malicious-ip,medium,WHITE,ziyadnz/hourly-ipv4,ziyadnz|hourly,2026-08-17T18:48:05Z,2026-08-17T18:48:05Z,
137.220.194.100,ipv4,malicious-ip,medium,WHITE,ziyadnz/hourly-ipv4,ziyadnz|hourly,2026-08-17T18:48:05Z,2026-08-17T18:48:05Z,
137.220.48.214,ipv4,malicious-ip,medium,WHITE,ziyadnz/hourly-ipv4,ziyadnz|hourly,2026-08-17T18:48:05Z,2026-08-17T18:48:05Z,
137.220.55.190,ipv4,malicious-ip,medium,WHITE,ziyadnz/hourly-ipv4,ziyadnz|hourly,2026-08-17T18:48:05Z,2026-08-17T18:48:05Z,
137.220.61.53,ipv4,malicious-ip,medium,WHITE,ziyadnz/hourly-ipv4,ziyadnz|hourly,2026-08-17T18:48:05Z,2026-08-17T18:48:05Z,
137.226.34.45,ipv4,malicious-ip,medium,WHITE,ziyadnz/hourly-ipv4,ziyadnz|hourly,2026-08-17T18:48:05Z,2026-08-17T18:48:05Z,
137.23.3.14,ipv4,malicious-ip,medium,WHITE,ziyadnz/hourly-ipv4,ziyadnz|hourly,2026-08-17T18:48:05Z,2026-08-17T18:48:05Z,
137.23.50.92,ipv4,malicious-ip,medium,WHITE,ziyadnz/hourly-ipv4,ziyadnz|hourly,2026-08-17T18:48:05Z,2026-08-17T18:48:05Z,
137.25.160.149,ipv4,malicious-ip,medium,WHITE,ziyadnz/hourly-ipv4,ziyadnz|hourly,2026-08-17T18:48:05Z,2026-08-17T18:48:05Z,
137.255.13.19,ipv4,malicious-ip,medium,WHITE,ziyadnz/hourly-ipv4,ziyadnz|hourly,2026-08-17T18:48:05Z,2026-08-17T18:48:05Z,
137.255.13.211,ipv4,malicious-ip,medium,WHITE,ziyadnz/hourly-ipv4,ziyadnz|hourly,2026-08-17T18:48:05Z,2026-08-17T18:48:05Z,
137.255.13.90,ipv4,malicious-ip,medium,WHITE,ziyadnz/hourly-ipv4,ziyadnz|hourly,2026-08-17T18:48:05Z,2026-08-17T18:48:05Z,
137.255.23.12,ipv4,malicious-ip,medium,WHITE,ziyadnz/hourly-ipv4,ziyadnz|hourly,2026-08-17T18:48:05Z,2026-08-17T18:48:05Z,
137.255.23.202,ipv4,malicious-ip,medium,WHITE,ziyadnz/hourly-ipv4,ziyadnz|hourly,2026-08-17T18:48:05Z,2026-08-17T18:48:05Z,
137.27.128.54,ipv4,malicious-ip,medium,WHITE,ziyadnz/hourly-ipv4,ziyadnz|hourly,2026-08-17T18:48:05Z,2026-08-17T18:48:05Z,
137.59.106.33,ipv4,malicious-ip,medium,WHITE,ziyadnz/hourly-ipv4,ziyadnz|hourly,2026-08-17T18:48:05Z,2026-08-17T18:48:05Z,
137.59.146.18,ipv4,malicious-ip,medium,WHITE,ziyadnz/hourly-ipv4,ziyadnz|hourly,2026-08-17T18:48:05Z,2026-08-17T18:48:05Z,
137.59.146.223,ipv4,malicious-ip,medium,WHITE,ziyadnz/hourly-ipv4,ziyadnz|hourly,2026-08-17T18:48:05Z,2026-08-17T18:48:05Z,
137.59.154.67,ipv4,malicious-ip,medium,WHITE,ziyadnz/hourly-ipv4,ziyadnz|hourly,2026-08-17T18:48:05Z,2026-08-17T18:48:05Z,
137.59.218.144,ipv4,malicious-ip,medium,WHITE,ziyadnz/hourly-ipv4,ziyadnz|hourly,2026-08-17T18:48:05Z,2026-08-17T18:48:05Z,
137.59.218.242,ipv4,malicious-ip,medium,WHITE,ziyadnz/hourly-ipv4,ziyadnz|hourly,2026-08-17T18:48:05Z,2026-08-17T18:48:05Z,
137.59.218.85,ipv4,malicious-ip,medium,WHITE,ziyadnz/hourly-ipv4,ziyadnz|hourly,2026-08-17T18:48:05Z,2026-08-17T18:48:05Z,
137.59.226.127,ipv4,malicious-ip,medium,WHITE,ziyadnz/hourly-ipv4,ziyadnz|hourly,2026-08-17T18:48:05Z,2026-08-17T18:48:05Z,
137.59.228.24,ipv4,malicious-ip,medium,WHITE,ziyadnz/hourly-ipv4,ziyadnz|hourly,2026-08-17T18:48:05Z,2026-08-17T18:48:05Z,
137.59.230.0,ipv4,malicious-ip,medium,WHITE,ziyadnz/hourly-ipv4,ziyadnz|hourly,2026-08-17T18:48:05Z,2026-08-17T18:48:05Z,
137.59.230.1,ipv4,malicious-ip,medium,WHITE,ziyadnz/hourly-ipv4,ziyadnz|hourly,2026-08-17T18:48:05Z,2026-08-17T18:48:05Z,
137.59.230.152,ipv4,malicious-ip,medium,WHITE,ziyadnz/hourly-ipv4,ziyadnz|hourly,2026-08-17T18:48:05Z,2026-08-17T18:48:05Z,
137.59.230.195,ipv4,malicious-ip,medium,WHITE,ziyadnz/hourly-ipv4,ziyadnz|hourly,2026-08-17T18:48:05Z,2026-08-17T18:48:05Z,
137.59.230.198,ipv4,malicious-ip,medium,WHITE,ziyadnz/hourly-ipv4,ziyadnz|hourly,2026-08-17T18:48:05Z,2026-08-17T18:48:05Z,
137.59.230.221,ipv4,malicious-ip,medium,WHITE,ziyadnz/hourly-ipv4,ziyadnz|hourly,2026-08-17T18:48:05Z,2026-08-17T18:48:05Z,
137.59.230.48,ipv4,malicious-ip,medium,WHITE,ziyadnz/hourly-ipv4,ziyadnz|hourly,2026-08-17T18:48:05Z,2026-08-17T18:48:05Z,
137.59.231.125,ipv4,malicious-ip,medium,WHITE,ziyadnz/hourly-ipv4,ziyadnz|hourly,2026-08-17T18:48:05Z,2026-08-17T18:48:05Z,
137.64.11.70,ipv4,malicious-ip,medium,WHITE,ziyadnz/hourly-ipv4,ziyadnz|hourly,2026-08-17T18:48:05Z,2026-08-17T18:48:05Z,
137.74.114.169,ipv4,malicious-ip,medium,WHITE,ziyadnz/hourly-ipv4,ziyadnz|hourly,2026-08-17T18:48:05Z,2026-08-17T18:48:05Z,
137.74.118.45,ipv4,malicious-ip,medium,WHITE,ziyadnz/hourly-ipv4,ziyadnz|hourly,2026-08-17T18:48:05Z,2026-08-17T18:48:05Z,
137.74.130.159,ipv4,malicious-ip,medium,WHITE,ziyadnz/hourly-ipv4,ziyadnz|hourly,2026-08-17T18:48:05Z,2026-08-17T18:48:05Z,
137.74.131.25,ipv4,malicious-ip,medium,WHITE,ziyadnz/hourly-ipv4,ziyadnz|hourly,2026-08-17T18:48:05Z,2026-08-17T18:48:05Z,
137.74.237.194,ipv4,malicious-ip,medium,WHITE,ziyadnz/hourly-ipv4,ziyadnz|hourly,2026-08-17T18:48:05Z,2026-08-17T18:48:05Z,
137.74.41.238,ipv4,malicious-ip,medium,WHITE,ziyadnz/hourly-ipv4,ziyadnz|hourly,2026-08-17T18:48:05Z,2026-08-17T18:48:05Z,
137.74.46.5,ipv4,malicious-ip,medium,WHITE,ziyadnz/hourly-ipv4,ziyadnz|hourly,2026-08-17T18:48:05Z,2026-08-17T18:48:05Z,
138.0.146.52,ipv4,malicious-ip,medium,WHITE,ziyadnz/hourly-ipv4,ziyadnz|hourly,2026-08-17T18:48:05Z,2026-08-17T18:48:05Z,
138.0.64.1,ipv4,malicious-ip,medium,WHITE,ziyadnz/hourly-ipv4,ziyadnz|hourly,2026-08-17T18:48:05Z,2026-08-17T18:48:05Z,
138.0.64.166,ipv4,malicious-ip,medium,WHITE,ziyadnz/hourly-ipv4,ziyadnz|hourly,2026-08-17T18:48:05Z,2026-08-17T18:48:05Z,
138.0.64.18,ipv4,malicious-ip,medium,WHITE,ziyadnz/hourly-ipv4,ziyadnz|hourly,2026-08-17T18:48:05Z,2026-08-17T18:48:05Z,
138.0.64.185,ipv4,malicious-ip,medium,WHITE,ziyadnz/hourly-ipv4,ziyadnz|hourly,2026-08-17T18:48:05Z,2026-08-17T18:48:05Z,
138.0.64.221,ipv4,malicious-ip,medium,WHITE,ziyadnz/hourly-ipv4,ziyadnz|hourly,2026-08-17T18:48:05Z,2026-08-17T18:48:05Z,
138.0.64.225,ipv4,malicious-ip,medium,WHITE,ziyadnz/hourly-ipv4,ziyadnz|hourly,2026-08-17T18:48:05Z,2026-08-17T18:48:05Z,
138.100.80.244,ipv4,malicious-ip,medium,WHITE,ziyadnz/hourly-ipv4,ziyadnz|hourly,2026-08-17T18:48:05Z,2026-08-17T18:48:05Z,
138.113.23.170,ipv4,malicious-ip,medium,WHITE,ziyadnz/hourly-ipv4,ziyadnz|hourly,2026-08-17T18:48:05Z,2026-08-17T18:48:05Z,
138.117.11.28,ipv4,malicious-ip,medium,WHITE,ziyadnz/hourly-ipv4,ziyadnz|hourly,2026-08-17T18:48:05Z,2026-08-17T18:48:05Z,
138.117.114.137,ipv4,malicious-ip,medium,WHITE,ziyadnz/hourly-ipv4,ziyadnz|hourly,2026-08-17T18:48:05Z,2026-08-17T18:48:05Z,
138.117.12.19,ipv4,malicious-ip,medium,WHITE,ziyadnz/hourly-ipv4,ziyadnz|hourly,2026-08-17T18:48:05Z,2026-08-17T18:48:05Z,
138.117.120.4,ipv4,malicious-ip,medium,WHITE,ziyadnz/hourly-ipv4,ziyadnz|hourly,2026-08-17T18:48:05Z,2026-08-17T18:48:05Z,
138.117.120.89,ipv4,malicious-ip,medium,WHITE,ziyadnz/hourly-ipv4,ziyadnz|hourly,2026-08-17T18:48:05Z,2026-08-17T18:48:05Z,
138.117.121.219,ipv4,malicious-ip,medium,WHITE,ziyadnz/hourly-ipv4,ziyadnz|hourly,2026-08-17T18:48:05Z,2026-08-17T18:48:05Z,
138.117.122.10,ipv4,malicious-ip,medium,WHITE,ziyadnz/hourly-ipv4,ziyadnz|hourly,2026-08-17T18:48:05Z,2026-08-17T18:48:05Z,
138.117.122.249,ipv4,malicious-ip,medium,WHITE,ziyadnz/hourly-ipv4,ziyadnz|hourly,2026-08-17T18:48:05Z,2026-08-17T18:48:05Z,
138.117.122.99,ipv4,malicious-ip,medium,WHITE,ziyadnz/hourly-ipv4,ziyadnz|hourly,2026-08-17T18:48:05Z,2026-08-17T18:48:05Z,
138.117.123.222,ipv4,malicious-ip,medium,WHITE,ziyadnz/hourly-ipv4,ziyadnz|hourly,2026-08-17T18:48:05Z,2026-08-17T18:48:05Z,
138.117.123.75,ipv4,malicious-ip,medium,WHITE,ziyadnz/hourly-ipv4,ziyadnz|hourly,2026-08-17T18:48:05Z,2026-08-17T18:48:05Z,
138.117.14.172,ipv4,malicious-ip,medium,WHITE,ziyadnz/hourly-ipv4,ziyadnz|hourly,2026-08-17T18:48:05Z,2026-08-17T18:48:05Z,
138.117.146.204,ipv4,malicious-ip,medium,WHITE,ziyadnz/hourly-ipv4,ziyadnz|hourly,2026-08-17T18:48:05Z,2026-08-17T18:48:05Z,
138.117.146.212,ipv4,malicious-ip,medium,WHITE,ziyadnz/hourly-ipv4,ziyadnz|hourly,2026-08-17T18:48:05Z,2026-08-17T18:48:05Z,
138.117.16.0,ipv4,malicious-ip,medium,WHITE,ziyadnz/hourly-ipv4,ziyadnz|hourly,2026-08-17T18:48:05Z,2026-08-17T18:48:05Z,
138.117.16.117,ipv4,malicious-ip,medium,WHITE,ziyadnz/hourly-ipv4,ziyadnz|hourly,2026-08-17T18:48:05Z,2026-08-17T18:48:05Z,
138.117.16.120,ipv4,malicious-ip,medium,WHITE,ziyadnz/hourly-ipv4,ziyadnz|hourly,2026-08-17T18:48:05Z,2026-08-17T18:48:05Z,
138.117.16.131,ipv4,malicious-ip,medium,WHITE,ziyadnz/hourly-ipv4,ziyadnz|hourly,2026-08-17T18:48:05Z,2026-08-17T18:48:05Z,
138.117.16.14,ipv4,malicious-ip,medium,WHITE,ziyadnz/hourly-ipv4,ziyadnz|hourly,2026-08-17T18:48:05Z,2026-08-17T18:48:05Z,
138.117.16.146,ipv4,malicious-ip,medium,WHITE,ziyadnz/hourly-ipv4,ziyadnz|hourly,2026-08-17T18:48:05Z,2026-08-17T18:48:05Z,
138.117.188.97,ipv4,malicious-ip,medium,WHITE,ziyadnz/hourly-ipv4,ziyadnz|hourly,2026-08-17T18:48:05Z,2026-08-17T18:48:05Z,
138.117.19.110,ipv4,malicious-ip,medium,WHITE,ziyadnz/hourly-ipv4,ziyadnz|hourly,2026-08-17T18:48:05Z,2026-08-17T18:48:05Z,
138.117.220.191,ipv4,malicious-ip,medium,WHITE,ziyadnz/hourly-ipv4,ziyadnz|hourly,2026-08-17T18:48:05Z,2026-08-17T18:48:05Z,
138.117.221.20,ipv4,malicious-ip,medium,WHITE,ziyadnz/hourly-ipv4,ziyadnz|hourly,2026-08-17T18:48:05Z,2026-08-17T18:48:05Z,
138.117.242.80,ipv4,malicious-ip,medium,WHITE,ziyadnz/hourly-ipv4,ziyadnz|hourly,2026-08-17T18:48:05Z,2026-08-17T18:48:05Z,
138.117.3.86,ipv4,malicious-ip,medium,WHITE,ziyadnz/hourly-ipv4,ziyadnz|hourly,2026-08-17T18:48:05Z,2026-08-17T18:48:05Z,
138.117.36.186,ipv4,malicious-ip,medium,WHITE,ziyadnz/hourly-ipv4,ziyadnz|hourly,2026-08-17T18:48:05Z,2026-08-17T18:48:05Z,
138.117.43.34,ipv4,malicious-ip,medium,WHITE,ziyadnz/hourly-ipv4,ziyadnz|hourly,2026-08-17T18:48:05Z,2026-08-17T18:48:05Z,
138.117.46.142,ipv4,malicious-ip,medium,WHITE,ziyadnz/hourly-ipv4,ziyadnz|hourly,2026-08-17T18:48:05Z,2026-08-17T18:48:05Z,
138.117.56.250,ipv4,malicious-ip,medium,WHITE,ziyadnz/hourly-ipv4,ziyadnz|hourly,2026-08-17T18:48:05Z,2026-08-17T18:48:05Z,
138.118.149.238,ipv4,malicious-ip,medium,WHITE,ziyadnz/hourly-ipv4,ziyadnz|hourly,2026-08-17T18:48:05Z,2026-08-17T18:48:05Z,
138.118.189.37,ipv4,malicious-ip,medium,WHITE,ziyadnz/hourly-ipv4,ziyadnz|hourly,2026-08-17T18:48:05Z,2026-08-17T18:48:05Z,
138.118.191.51,ipv4,malicious-ip,medium,WHITE,ziyadnz/hourly-ipv4,ziyadnz|hourly,2026-08-17T18:48:05Z,2026-08-17T18:48:05Z,
138.118.204.241,ipv4,malicious-ip,medium,WHITE,ziyadnz/hourly-ipv4,ziyadnz|hourly,2026-08-17T18:48:05Z,2026-08-17T18:48:05Z,
138.118.213.68,ipv4,malicious-ip,medium,WHITE,ziyadnz/hourly-ipv4,ziyadnz|hourly,2026-08-17T18:48:05Z,2026-08-17T18:48:05Z,
138.118.214.152,ipv4,malicious-ip,medium,WHITE,ziyadnz/hourly-ipv4,ziyadnz|hourly,2026-08-17T18:48:05Z,2026-08-17T18:48:05Z,
138.118.214.71,ipv4,malicious-ip,medium,WHITE,ziyadnz/hourly-ipv4,ziyadnz|hourly,2026-08-17T18:48:05Z,2026-08-17T18:48:05Z,
138.118.215.192,ipv4,malicious-ip,medium,WHITE,ziyadnz/hourly-ipv4,ziyadnz|hourly,2026-08-17T18:48:05Z,2026-08-17T18:48:05Z,
138.118.237.156,ipv4,malicious-ip,medium,WHITE,ziyadnz/hourly-ipv4,ziyadnz|hourly,2026-08-17T18:48:05Z,2026-08-17T18:48:05Z,
138.121.104.133,ipv4,malicious-ip,medium,WHITE,ziyadnz/hourly-ipv4,ziyadnz|hourly,2026-08-17T18:48:05Z,2026-08-17T18:48:05Z,
138.121.104.49,ipv4,malicious-ip,medium,WHITE,ziyadnz/hourly-ipv4,ziyadnz|hourly,2026-08-17T18:48:05Z,2026-08-17T18:48:05Z,
138.121.106.11,ipv4,malicious-ip,medium,WHITE,ziyadnz/hourly-ipv4,ziyadnz|hourly,2026-08-17T18:48:05Z,2026-08-17T18:48:05Z,
138.121.113.106,ipv4,malicious-ip,medium,WHITE,ziyadnz/hourly-ipv4,ziyadnz|hourly,2026-08-17T18:48:05Z,2026-08-17T18:48:05Z,
138.121.114.29,ipv4,malicious-ip,medium,WHITE,ziyadnz/hourly-ipv4,ziyadnz|hourly,2026-08-17T18:48:05Z,2026-08-17T18:48:05Z,
138.121.161.84,ipv4,malicious-ip,medium,WHITE,ziyadnz/hourly-ipv4,ziyadnz|hourly,2026-08-17T18:48:05Z,2026-08-17T18:48:05Z,
138.121.217.241,ipv4,malicious-ip,medium,WHITE,ziyadnz/hourly-ipv4,ziyadnz|hourly,2026-08-17T18:48:05Z,2026-08-17T18:48:05Z,
138.121.252.174,ipv4,malicious-ip,medium,WHITE,ziyadnz/hourly-ipv4,ziyadnz|hourly,2026-08-17T18:48:05Z,2026-08-17T18:48:05Z,
138.121.83.118,ipv4,malicious-ip,medium,WHITE,ziyadnz/hourly-ipv4,ziyadnz|hourly,2026-08-17T18:48:05Z,2026-08-17T18:48:05Z,
138.121.95.175,ipv4,malicious-ip,medium,WHITE,ziyadnz/hourly-ipv4,ziyadnz|hourly,2026-08-17T18:48:05Z,2026-08-17T18:48:05Z,
138.122.155.161,ipv4,malicious-ip,medium,WHITE,ziyadnz/hourly-ipv4,ziyadnz|hourly,2026-08-17T18:48:05Z,2026-08-17T18:48:05Z,
138.122.229.65,ipv4,malicious-ip,medium,WHITE,ziyadnz/hourly-ipv4,ziyadnz|hourly,2026-08-17T18:48:05Z,2026-08-17T18:48:05Z,
138.122.231.247,ipv4,malicious-ip,medium,WHITE,ziyadnz/hourly-ipv4,ziyadnz|hourly,2026-08-17T18:48:05Z,2026-08-17T18:48:05Z,
138.122.248.216,ipv4,malicious-ip,medium,WHITE,ziyadnz/hourly-ipv4,ziyadnz|hourly,2026-08-17T18:48:05Z,2026-08-17T18:48:05Z,
138.122.28.190,ipv4,malicious-ip,medium,WHITE,ziyadnz/hourly-ipv4,ziyadnz|hourly,2026-08-17T18:48:05Z,2026-08-17T18:48:05Z,
138.122.4.10,ipv4,malicious-ip,medium,WHITE,ziyadnz/hourly-ipv4,ziyadnz|hourly,2026-08-17T18:48:05Z,2026-08-17T18:48:05Z,
138.122.43.166,ipv4,malicious-ip,medium,WHITE,ziyadnz/hourly-ipv4,ziyadnz|hourly,2026-08-17T18:48:05Z,2026-08-17T18:48:05Z,
138.122.55.69,ipv4,malicious-ip,medium,WHITE,ziyadnz/hourly-ipv4,ziyadnz|hourly,2026-08-17T18:48:05Z,2026-08-17T18:48:05Z,
138.122.55.73,ipv4,malicious-ip,medium,WHITE,ziyadnz/hourly-ipv4,ziyadnz|hourly,2026-08-17T18:48:05Z,2026-08-17T18:48:05Z,
138.122.96.199,ipv4,malicious-ip,medium,WHITE,ziyadnz/hourly-ipv4,ziyadnz|hourly,2026-08-17T18:48:05Z,2026-08-17T18:48:05Z,
138.122.96.213,ipv4,malicious-ip,medium,WHITE,ziyadnz/hourly-ipv4,ziyadnz|hourly,2026-08-17T18:48:05Z,2026-08-17T18:48:05Z,
138.122.97.148,ipv4,malicious-ip,medium,WHITE,ziyadnz/hourly-ipv4,ziyadnz|hourly,2026-08-17T18:48:05Z,2026-08-17T18:48:05Z,
138.122.97.196,ipv4,malicious-ip,medium,WHITE,ziyadnz/hourly-ipv4,ziyadnz|hourly,2026-08-17T18:48:05Z,2026-08-17T18:48:05Z,
138.122.97.95,ipv4,malicious-ip,medium,WHITE,ziyadnz/hourly-ipv4,ziyadnz|hourly,2026-08-17T18:48:05Z,2026-08-17T18:48:05Z,
138.122.98.168,ipv4,malicious-ip,medium,WHITE,ziyadnz/hourly-ipv4,ziyadnz|hourly,2026-08-17T18:48:05Z,2026-08-17T18:48:05Z,
138.122.99.20,ipv4,malicious-ip,medium,WHITE,ziyadnz/hourly-ipv4,ziyadnz|hourly,2026-08-17T18:48:05Z,2026-08-17T18:48:05Z,
138.124.102.98,ipv4,malicious-ip,medium,WHITE,ziyadnz/hourly-ipv4,ziyadnz|hourly,2026-08-17T18:48:05Z,2026-08-17T18:48:05Z,
138.124.118.69,ipv4,malicious-ip,medium,WHITE,ziyadnz/hourly-ipv4,ziyadnz|hourly,2026-08-17T18:48:05Z,2026-08-17T18:48:05Z,
138.124.123.122,ipv4,malicious-ip,medium,WHITE,ziyadnz/hourly-ipv4,ziyadnz|hourly,2026-08-17T18:48:05Z,2026-08-17T18:48:05Z,
138.124.123.202,ipv4,malicious-ip,medium,WHITE,ziyadnz/hourly-ipv4,ziyadnz|hourly,2026-08-17T18:48:05Z,2026-08-17T18:48:05Z,
138.124.123.24,ipv4,malicious-ip,medium,WHITE,ziyadnz/hourly-ipv4,ziyadnz|hourly,2026-08-17T18:48:05Z,2026-08-17T18:48:05Z,
138.124.123.62,ipv4,malicious-ip,medium,WHITE,ziyadnz/hourly-ipv4,ziyadnz|hourly,2026-08-17T18:48:05Z,2026-08-17T18:48:05Z,
138.124.14.194,ipv4,malicious-ip,medium,WHITE,ziyadnz/hourly-ipv4,ziyadnz|hourly,2026-08-17T18:48:05Z,2026-08-17T18:48:05Z,
138.124.184.210,ipv4,malicious-ip,medium,WHITE,ziyadnz/hourly-ipv4,ziyadnz|hourly,2026-08-17T18:48:05Z,2026-08-17T18:48:05Z,
138.124.185.246,ipv4,malicious-ip,medium,WHITE,ziyadnz/hourly-ipv4,ziyadnz|hourly,2026-08-17T18:48:05Z,2026-08-17T18:48:05Z,
138.124.20.112,ipv4,malicious-ip,medium,WHITE,ziyadnz/hourly-ipv4,ziyadnz|hourly,2026-08-17T18:48:05Z,2026-08-17T18:48:05Z,
138.124.244.206,ipv4,malicious-ip,medium,WHITE,ziyadnz/hourly-ipv4,ziyadnz|hourly,2026-08-17T18:48:05Z,2026-08-17T18:48:05Z,
138.124.31.169,ipv4,malicious-ip,medium,WHITE,ziyadnz/hourly-ipv4,ziyadnz|hourly,2026-08-17T18:48:05Z,2026-08-17T18:48:05Z,
138.124.37.42,ipv4,malicious-ip,medium,WHITE,ziyadnz/hourly-ipv4,ziyadnz|hourly,2026-08-17T18:48:05Z,2026-08-17T18:48:05Z,
138.124.38.79,ipv4,malicious-ip,medium,WHITE,ziyadnz/hourly-ipv4,ziyadnz|hourly,2026-08-17T18:48:05Z,2026-08-17T18:48:05Z,
138.124.4.81,ipv4,malicious-ip,medium,WHITE,ziyadnz/hourly-ipv4,ziyadnz|hourly,2026-08-17T18:48:05Z,2026-08-17T18:48:05Z,
138.124.5.60,ipv4,malicious-ip,medium,WHITE,ziyadnz/hourly-ipv4,ziyadnz|hourly,2026-08-17T18:48:05Z,2026-08-17T18:48:05Z,
138.124.7.30,ipv4,malicious-ip,medium,WHITE,ziyadnz/hourly-ipv4,ziyadnz|hourly,2026-08-17T18:48:05Z,2026-08-17T18:48:05Z,
138.124.71.25,ipv4,malicious-ip,medium,WHITE,ziyadnz/hourly-ipv4,ziyadnz|hourly,2026-08-17T18:48:05Z,2026-08-17T18:48:05Z,
138.124.73.129,ipv4,malicious-ip,medium,WHITE,ziyadnz/hourly-ipv4,ziyadnz|hourly,2026-08-17T18:48:05Z,2026-08-17T18:48:05Z,
138.124.77.177,ipv4,malicious-ip,medium,WHITE,ziyadnz/hourly-ipv4,ziyadnz|hourly,2026-08-17T18:48:05Z,2026-08-17T18:48:05Z,
138.124.85.214,ipv4,malicious-ip,medium,WHITE,ziyadnz/hourly-ipv4,ziyadnz|hourly,2026-08-17T18:48:05Z,2026-08-17T18:48:05Z,
138.124.99.219,ipv4,malicious-ip,medium,WHITE,ziyadnz/hourly-ipv4,ziyadnz|hourly,2026-08-17T18:48:05Z,2026-08-17T18:48:05Z,
138.16.163.114,ipv4,malicious-ip,medium,WHITE,ziyadnz/hourly-ipv4,ziyadnz|hourly,2026-08-17T18:48:05Z,2026-08-17T18:48:05Z,
138.185.108.26,ipv4,malicious-ip,medium,WHITE,ziyadnz/hourly-ipv4,ziyadnz|hourly,2026-08-17T18:48:05Z,2026-08-17T18:48:05Z,
138.185.131.230,ipv4,malicious-ip,medium,WHITE,ziyadnz/hourly-ipv4,ziyadnz|hourly,2026-08-17T18:48:05Z,2026-08-17T18:48:05Z,
138.185.147.76,ipv4,malicious-ip,medium,WHITE,ziyadnz/hourly-ipv4,ziyadnz|hourly,2026-08-17T18:48:05Z,2026-08-17T18:48:05Z,
138.185.147.80,ipv4,malicious-ip,medium,WHITE,ziyadnz/hourly-ipv4,ziyadnz|hourly,2026-08-17T18:48:05Z,2026-08-17T18:48:05Z,
138.185.147.85,ipv4,malicious-ip,medium,WHITE,ziyadnz/hourly-ipv4,ziyadnz|hourly,2026-08-17T18:48:05Z,2026-08-17T18:48:05Z,
138.185.185.78,ipv4,malicious-ip,medium,WHITE,ziyadnz/hourly-ipv4,ziyadnz|hourly,2026-08-17T18:48:05Z,2026-08-17T18:48:05Z,
138.185.190.95,ipv4,malicious-ip,medium,WHITE,ziyadnz/hourly-ipv4,ziyadnz|hourly,2026-08-17T18:48:05Z,2026-08-17T18:48:05Z,
138.185.72.26,ipv4,malicious-ip,medium,WHITE,ziyadnz/hourly-ipv4,ziyadnz|hourly,2026-08-17T18:48:05Z,2026-08-17T18:48:05Z,
138.185.86.111,ipv4,malicious-ip,medium,WHITE,ziyadnz/hourly-ipv4,ziyadnz|hourly,2026-08-17T18:48:05Z,2026-08-17T18:48:05Z,
138.186.154.45,ipv4,malicious-ip,medium,WHITE,ziyadnz/hourly-ipv4,ziyadnz|hourly,2026-08-17T18:48:05Z,2026-08-17T18:48:05Z,
138.186.157.178,ipv4,malicious-ip,medium,WHITE,ziyadnz/hourly-ipv4,ziyadnz|hourly,2026-08-17T18:48:05Z,2026-08-17T18:48:05Z,
138.186.175.18,ipv4,malicious-ip,medium,WHITE,ziyadnz/hourly-ipv4,ziyadnz|hourly,2026-08-17T18:48:05Z,2026-08-17T18:48:05Z,
138.186.196.87,ipv4,malicious-ip,medium,WHITE,ziyadnz/hourly-ipv4,ziyadnz|hourly,2026-08-17T18:48:05Z,2026-08-17T18:48:05Z,
138.186.23.82,ipv4,malicious-ip,medium,WHITE,ziyadnz/hourly-ipv4,ziyadnz|hourly,2026-08-17T18:48:05Z,2026-08-17T18:48:05Z,
138.186.3.230,ipv4,malicious-ip,medium,WHITE,ziyadnz/hourly-ipv4,ziyadnz|hourly,2026-08-17T18:48:05Z,2026-08-17T18:48:05Z,
138.197.101.95,ipv4,malicious-ip,medium,WHITE,ziyadnz/hourly-ipv4,ziyadnz|hourly,2026-08-17T18:48:05Z,2026-08-17T18:48:05Z,
138.197.118.33,ipv4,malicious-ip,medium,WHITE,ziyadnz/hourly-ipv4,ziyadnz|hourly,2026-08-17T18:48:05Z,2026-08-17T18:48:05Z,
138.197.124.121,ipv4,malicious-ip,medium,WHITE,ziyadnz/hourly-ipv4,ziyadnz|hourly,2026-08-17T18:48:05Z,2026-08-17T18:48:05Z,
138.197.130.90,ipv4,malicious-ip,medium,WHITE,ziyadnz/hourly-ipv4,ziyadnz|hourly,2026-08-17T18:48:05Z,2026-08-17T18:48:05Z,
138.197.131.193,ipv4,malicious-ip,medium,WHITE,ziyadnz/hourly-ipv4,ziyadnz|hourly,2026-08-17T18:48:05Z,2026-08-17T18:48:05Z,
138.197.139.175,ipv4,malicious-ip,medium,WHITE,ziyadnz/hourly-ipv4,ziyadnz|hourly,2026-08-17T18:48:05Z,2026-08-17T18:48:05Z,
138.197.14.95,ipv4,malicious-ip,medium,WHITE,ziyadnz/hourly-ipv4,ziyadnz|hourly,2026-08-17T18:48:05Z,2026-08-17T18:48:05Z,
138.197.142.115,ipv4,malicious-ip,medium,WHITE,ziyadnz/hourly-ipv4,ziyadnz|hourly,2026-08-17T18:48:05Z,2026-08-17T18:48:05Z,
138.197.147.248,ipv4,malicious-ip,medium,WHITE,ziyadnz/hourly-ipv4,ziyadnz|hourly,2026-08-17T18:48:05Z,2026-08-17T18:48:05Z,
138.197.147.76,ipv4,malicious-ip,medium,WHITE,ziyadnz/hourly-ipv4,ziyadnz|hourly,2026-08-17T18:48:05Z,2026-08-17T18:48:05Z,
138.197.15.182,ipv4,malicious-ip,medium,WHITE,ziyadnz/hourly-ipv4,ziyadnz|hourly,2026-08-17T18:48:05Z,2026-08-17T18:48:05Z,
138.197.15.3,ipv4,malicious-ip,medium,WHITE,ziyadnz/hourly-ipv4,ziyadnz|hourly,2026-08-17T18:48:05Z,2026-08-17T18:48:05Z,
138.197.15.44,ipv4,malicious-ip,medium,WHITE,ziyadnz/hourly-ipv4,ziyadnz|hourly,2026-08-17T18:48:05Z,2026-08-17T18:48:05Z,
138.197.152.201,ipv4,malicious-ip,medium,WHITE,ziyadnz/hourly-ipv4,ziyadnz|hourly,2026-08-17T18:48:05Z,2026-08-17T18:48:05Z,
138.197.155.166,ipv4,malicious-ip,medium,WHITE,ziyadnz/hourly-ipv4,ziyadnz|hourly,2026-08-17T18:48:05Z,2026-08-17T18:48:05Z,
138.197.156.77,ipv4,malicious-ip,medium,WHITE,ziyadnz/hourly-ipv4,ziyadnz|hourly,2026-08-17T18:48:05Z,2026-08-17T18:48:05Z,
138.197.157.94,ipv4,malicious-ip,medium,WHITE,ziyadnz/hourly-ipv4,ziyadnz|hourly,2026-08-17T18:48:05Z,2026-08-17T18:48:05Z,
138.197.159.9,ipv4,malicious-ip,medium,WHITE,ziyadnz/hourly-ipv4,ziyadnz|hourly,2026-08-17T18:48:05Z,2026-08-17T18:48:05Z,
138.197.16.14,ipv4,malicious-ip,medium,WHITE,ziyadnz/hourly-ipv4,ziyadnz|hourly,2026-08-17T18:48:05Z,2026-08-17T18:48:05Z,
138.197.161.167,ipv4,malicious-ip,medium,WHITE,ziyadnz/hourly-ipv4,ziyadnz|hourly,2026-08-17T18:48:05Z,2026-08-17T18:48:05Z,
138.197.163.192,ipv4,malicious-ip,medium,WHITE,ziyadnz/hourly-ipv4,ziyadnz|hourly,2026-08-17T18:48:05Z,2026-08-17T18:48:05Z,
138.197.163.218,ipv4,malicious-ip,medium,WHITE,ziyadnz/hourly-ipv4,ziyadnz|hourly,2026-08-17T18:48:05Z,2026-08-17T18:48:05Z,
138.197.164.127,ipv4,malicious-ip,medium,WHITE,ziyadnz/hourly-ipv4,ziyadnz|hourly,2026-08-17T18:48:05Z,2026-08-17T18:48:05Z,
138.197.165.171,ipv4,malicious-ip,medium,WHITE,ziyadnz/hourly-ipv4,ziyadnz|hourly,2026-08-17T18:48:05Z,2026-08-17T18:48:05Z,
138.197.166.228,ipv4,malicious-ip,medium,WHITE,ziyadnz/hourly-ipv4,ziyadnz|hourly,2026-08-17T18:48:05Z,2026-08-17T18:48:05Z,
138.197.173.119,ipv4,malicious-ip,medium,WHITE,ziyadnz/hourly-ipv4,ziyadnz|hourly,2026-08-17T18:48:05Z,2026-08-17T18:48:05Z,
138.197.177.111,ipv4,malicious-ip,medium,WHITE,ziyadnz/hourly-ipv4,ziyadnz|hourly,2026-08-17T18:48:05Z,2026-08-17T18:48:05Z,
138.197.182.3,ipv4,malicious-ip,medium,WHITE,ziyadnz/hourly-ipv4,ziyadnz|hourly,2026-08-17T18:48:05Z,2026-08-17T18:48:05Z,
138.197.19.107,ipv4,malicious-ip,medium,WHITE,ziyadnz/hourly-ipv4,ziyadnz|hourly,2026-08-17T18:48:05Z,2026-08-17T18:48:05Z,
138.197.195.248,ipv4,malicious-ip,medium,WHITE,ziyadnz/hourly-ipv4,ziyadnz|hourly,2026-08-17T18:48:05Z,2026-08-17T18:48:05Z,
138.197.200.106,ipv4,malicious-ip,medium,WHITE,ziyadnz/hourly-ipv4,ziyadnz|hourly,2026-08-17T18:48:05Z,2026-08-17T18:48:05Z,
138.197.202.40,ipv4,malicious-ip,medium,WHITE,ziyadnz/hourly-ipv4,ziyadnz|hourly,2026-08-17T18:48:05Z,2026-08-17T18:48:05Z,
138.197.203.152,ipv4,malicious-ip,medium,WHITE,ziyadnz/hourly-ipv4,ziyadnz|hourly,2026-08-17T18:48:05Z,2026-08-17T18:48:05Z,
138.197.204.198,ipv4,malicious-ip,medium,WHITE,ziyadnz/hourly-ipv4,ziyadnz|hourly,2026-08-17T18:48:05Z,2026-08-17T18:48:05Z,
138.197.205.162,ipv4,malicious-ip,medium,WHITE,ziyadnz/hourly-ipv4,ziyadnz|hourly,2026-08-17T18:48:05Z,2026-08-17T18:48:05Z,
138.197.209.50,ipv4,malicious-ip,medium,WHITE,ziyadnz/hourly-ipv4,ziyadnz|hourly,2026-08-17T18:48:05Z,2026-08-17T18:48:05Z,
138.197.213.174,ipv4,malicious-ip,medium,WHITE,ziyadnz/hourly-ipv4,ziyadnz|hourly,2026-08-17T18:48:05Z,2026-08-17T18:48:05Z,
138.197.215.2,ipv4,malicious-ip,medium,WHITE,ziyadnz/hourly-ipv4,ziyadnz|hourly,2026-08-17T18:48:05Z,2026-08-17T18:48:05Z,
138.197.216.103,ipv4,malicious-ip,medium,WHITE,ziyadnz/hourly-ipv4,ziyadnz|hourly,2026-08-17T18:48:05Z,2026-08-17T18:48:05Z,
138.197.216.115,ipv4,malicious-ip,medium,WHITE,ziyadnz/hourly-ipv4,ziyadnz|hourly,2026-08-17T18:48:05Z,2026-08-17T18:48:05Z,
138.197.218.241,ipv4,malicious-ip,medium,WHITE,ziyadnz/hourly-ipv4,ziyadnz|hourly,2026-08-17T18:48:05Z,2026-08-17T18:48:05Z,
138.197.218.60,ipv4,malicious-ip,medium,WHITE,ziyadnz/hourly-ipv4,ziyadnz|hourly,2026-08-17T18:48:05Z,2026-08-17T18:48:05Z,
138.197.219.187,ipv4,malicious-ip,medium,WHITE,ziyadnz/hourly-ipv4,ziyadnz|hourly,2026-08-17T18:48:05Z,2026-08-17T18:48:05Z,
138.197.222.35,ipv4,malicious-ip,medium,WHITE,ziyadnz/hourly-ipv4,ziyadnz|hourly,2026-08-17T18:48:05Z,2026-08-17T18:48:05Z,
138.197.223.185,ipv4,malicious-ip,medium,WHITE,ziyadnz/hourly-ipv4,ziyadnz|hourly,2026-08-17T18:48:05Z,2026-08-17T18:48:05Z,
138.197.24.249,ipv4,malicious-ip,medium,WHITE,ziyadnz/hourly-ipv4,ziyadnz|hourly,2026-08-17T18:48:05Z,2026-08-17T18:48:05Z,
138.197.24.70,ipv4,malicious-ip,medium,WHITE,ziyadnz/hourly-ipv4,ziyadnz|hourly,2026-08-17T18:48:05Z,2026-08-17T18:48:05Z,
138.197.34.162,ipv4,malicious-ip,medium,WHITE,ziyadnz/hourly-ipv4,ziyadnz|hourly,2026-08-17T18:48:05Z,2026-08-17T18:48:05Z,
138.197.34.221,ipv4,malicious-ip,medium,WHITE,ziyadnz/hourly-ipv4,ziyadnz|hourly,2026-08-17T18:48:05Z,2026-08-17T18:48:05Z,
138.197.36.63,ipv4,malicious-ip,medium,WHITE,ziyadnz/hourly-ipv4,ziyadnz|hourly,2026-08-17T18:48:05Z,2026-08-17T18:48:05Z,
138.197.39.208,ipv4,malicious-ip,medium,WHITE,ziyadnz/hourly-ipv4,ziyadnz|hourly,2026-08-17T18:48:05Z,2026-08-17T18:48:05Z,
138.197.44.208,ipv4,malicious-ip,medium,WHITE,ziyadnz/hourly-ipv4,ziyadnz|hourly,2026-08-17T18:48:05Z,2026-08-17T18:48:05Z,
138.197.65.227,ipv4,malicious-ip,medium,WHITE,ziyadnz/hourly-ipv4,ziyadnz|hourly,2026-08-17T18:48:05Z,2026-08-17T18:48:05Z,
138.197.66.21,ipv4,malicious-ip,medium,WHITE,ziyadnz/hourly-ipv4,ziyadnz|hourly,2026-08-17T18:48:05Z,2026-08-17T18:48:05Z,
138.197.76.120,ipv4,malicious-ip,medium,WHITE,ziyadnz/hourly-ipv4,ziyadnz|hourly,2026-08-17T18:48:05Z,2026-08-17T18:48:05Z,
138.197.78.18,ipv4,malicious-ip,medium,WHITE,ziyadnz/hourly-ipv4,ziyadnz|hourly,2026-08-17T18:48:05Z,2026-08-17T18:48:05Z,
138.197.82.78,ipv4,malicious-ip,medium,WHITE,ziyadnz/hourly-ipv4,ziyadnz|hourly,2026-08-17T18:48:05Z,2026-08-17T18:48:05Z,
138.197.9.225,ipv4,malicious-ip,medium,WHITE,ziyadnz/hourly-ipv4,ziyadnz|hourly,2026-08-17T18:48:05Z,2026-08-17T18:48:05Z,
138.197.90.147,ipv4,malicious-ip,medium,WHITE,ziyadnz/hourly-ipv4,ziyadnz|hourly,2026-08-17T18:48:05Z,2026-08-17T18:48:05Z,
138.197.90.30,ipv4,malicious-ip,medium,WHITE,ziyadnz/hourly-ipv4,ziyadnz|hourly,2026-08-17T18:48:05Z,2026-08-17T18:48:05Z,
138.197.97.170,ipv4,malicious-ip,medium,WHITE,ziyadnz/hourly-ipv4,ziyadnz|hourly,2026-08-17T18:48:05Z,2026-08-17T18:48:05Z,
138.199.12.51,ipv4,malicious-ip,medium,WHITE,ziyadnz/hourly-ipv4,ziyadnz|hourly,2026-08-17T18:48:05Z,2026-08-17T18:48:05Z,
138.199.14.134,ipv4,malicious-ip,medium,WHITE,ziyadnz/hourly-ipv4,ziyadnz|hourly,2026-08-17T18:48:05Z,2026-08-17T18:48:05Z,
138.199.144.166,ipv4,malicious-ip,medium,WHITE,ziyadnz/hourly-ipv4,ziyadnz|hourly,2026-08-17T18:48:05Z,2026-08-17T18:48:05Z,
138.199.15.149,ipv4,malicious-ip,medium,WHITE,ziyadnz/hourly-ipv4,ziyadnz|hourly,2026-08-17T18:48:05Z,2026-08-17T18:48:05Z,
138.199.15.171,ipv4,malicious-ip,medium,WHITE,ziyadnz/hourly-ipv4,ziyadnz|hourly,2026-08-17T18:48:05Z,2026-08-17T18:48:05Z,
138.199.156.22,ipv4,malicious-ip,medium,WHITE,ziyadnz/hourly-ipv4,ziyadnz|hourly,2026-08-17T18:48:05Z,2026-08-17T18:48:05Z,
138.199.159.37,ipv4,malicious-ip,medium,WHITE,ziyadnz/hourly-ipv4,ziyadnz|hourly,2026-08-17T18:48:05Z,2026-08-17T18:48:05Z,
138.199.161.141,ipv4,malicious-ip,medium,WHITE,ziyadnz/hourly-ipv4,ziyadnz|hourly,2026-08-17T18:48:05Z,2026-08-17T18:48:05Z,
138.199.19.158,ipv4,malicious-ip,medium,WHITE,ziyadnz/hourly-ipv4,ziyadnz|hourly,2026-08-17T18:48:05Z,2026-08-17T18:48:05Z,
138.199.19.163,ipv4,malicious-ip,medium,WHITE,ziyadnz/hourly-ipv4,ziyadnz|hourly,2026-08-17T18:48:05Z,2026-08-17T18:48:05Z,
138.199.19.165,ipv4,malicious-ip,medium,WHITE,ziyadnz/hourly-ipv4,ziyadnz|hourly,2026-08-17T18:48:05Z,2026-08-17T18:48:05Z,
138.199.19.191,ipv4,malicious-ip,medium,WHITE,ziyadnz/hourly-ipv4,ziyadnz|hourly,2026-08-17T18:48:05Z,2026-08-17T18:48:05Z,
138.199.19.193,ipv4,malicious-ip,medium,WHITE,ziyadnz/hourly-ipv4,ziyadnz|hourly,2026-08-17T18:48:05Z,2026-08-17T18:48:05Z,
138.199.231.63,ipv4,malicious-ip,medium,WHITE,ziyadnz/hourly-ipv4,ziyadnz|hourly,2026-08-17T18:48:05Z,2026-08-17T18:48:05Z,
138.199.28.251,ipv4,malicious-ip,medium,WHITE,ziyadnz/hourly-ipv4,ziyadnz|hourly,2026-08-17T18:48:05Z,2026-08-17T18:48:05Z,
138.199.29.153,ipv4,malicious-ip,medium,WHITE,ziyadnz/hourly-ipv4,ziyadnz|hourly,2026-08-17T18:48:05Z,2026-08-17T18:48:05Z,
138.199.34.150,ipv4,malicious-ip,medium,WHITE,ziyadnz/hourly-ipv4,ziyadnz|hourly,2026-08-17T18:48:05Z,2026-08-17T18:48:05Z,
138.199.39.168,ipv4,malicious-ip,medium,WHITE,ziyadnz/hourly-ipv4,ziyadnz|hourly,2026-08-17T18:48:05Z,2026-08-17T18:48:05Z,
138.199.40.180,ipv4,malicious-ip,medium,WHITE,ziyadnz/hourly-ipv4,ziyadnz|hourly,2026-08-17T18:48:05Z,2026-08-17T18:48:05Z,
138.199.56.250,ipv4,malicious-ip,medium,WHITE,ziyadnz/hourly-ipv4,ziyadnz|hourly,2026-08-17T18:48:05Z,2026-08-17T18:48:05Z,
138.199.59.43,ipv4,malicious-ip,medium,WHITE,ziyadnz/hourly-ipv4,ziyadnz|hourly,2026-08-17T18:48:05Z,2026-08-17T18:48:05Z,
138.199.7.137,ipv4,malicious-ip,medium,WHITE,ziyadnz/hourly-ipv4,ziyadnz|hourly,2026-08-17T18:48:05Z,2026-08-17T18:48:05Z,
138.2.103.74,ipv4,malicious-ip,medium,WHITE,ziyadnz/hourly-ipv4,ziyadnz|hourly,2026-08-17T18:48:05Z,2026-08-17T18:48:05Z,
138.2.117.3,ipv4,malicious-ip,medium,WHITE,ziyadnz/hourly-ipv4,ziyadnz|hourly,2026-08-17T18:48:05Z,2026-08-17T18:48:05Z,
138.2.153.255,ipv4,malicious-ip,medium,WHITE,ziyadnz/hourly-ipv4,ziyadnz|hourly,2026-08-17T18:48:05Z,2026-08-17T18:48:05Z,
138.2.229.45,ipv4,malicious-ip,medium,WHITE,ziyadnz/hourly-ipv4,ziyadnz|hourly,2026-08-17T18:48:05Z,2026-08-17T18:48:05Z,
138.201.140.110,ipv4,malicious-ip,medium,WHITE,ziyadnz/hourly-ipv4,ziyadnz|hourly,2026-08-17T18:48:05Z,2026-08-17T18:48:05Z,
138.201.142.73,ipv4,malicious-ip,medium,WHITE,ziyadnz/hourly-ipv4,ziyadnz|hourly,2026-08-17T18:48:05Z,2026-08-17T18:48:05Z,
138.201.145.183,ipv4,malicious-ip,medium,WHITE,ziyadnz/hourly-ipv4,ziyadnz|hourly,2026-08-17T18:48:05Z,2026-08-17T18:48:05Z,
138.201.146.50,ipv4,malicious-ip,medium,WHITE,ziyadnz/hourly-ipv4,ziyadnz|hourly,2026-08-17T18:48:05Z,2026-08-17T18:48:05Z,
138.201.184.103,ipv4,malicious-ip,medium,WHITE,ziyadnz/hourly-ipv4,ziyadnz|hourly,2026-08-17T18:48:05Z,2026-08-17T18:48:05Z,
138.201.195.156,ipv4,malicious-ip,medium,WHITE,ziyadnz/hourly-ipv4,ziyadnz|hourly,2026-08-17T18:48:05Z,2026-08-17T18:48:05Z,
138.201.249.42,ipv4,malicious-ip,medium,WHITE,ziyadnz/hourly-ipv4,ziyadnz|hourly,2026-08-17T18:48:05Z,2026-08-17T18:48:05Z,
138.201.50.5,ipv4,malicious-ip,medium,WHITE,ziyadnz/hourly-ipv4,ziyadnz|hourly,2026-08-17T18:48:05Z,2026-08-17T18:48:05Z,
138.201.92.44,ipv4,malicious-ip,medium,WHITE,ziyadnz/hourly-ipv4,ziyadnz|hourly,2026-08-17T18:48:05Z,2026-08-17T18:48:05Z,
138.204.140.224,ipv4,malicious-ip,medium,WHITE,ziyadnz/hourly-ipv4,ziyadnz|hourly,2026-08-17T18:48:05Z,2026-08-17T18:48:05Z,
138.204.165.12,ipv4,malicious-ip,medium,WHITE,ziyadnz/hourly-ipv4,ziyadnz|hourly,2026-08-17T18:48:05Z,2026-08-17T18:48:05Z,
138.204.211.107,ipv4,malicious-ip,medium,WHITE,ziyadnz/hourly-ipv4,ziyadnz|hourly,2026-08-17T18:48:05Z,2026-08-17T18:48:05Z,
138.204.235.17,ipv4,malicious-ip,medium,WHITE,ziyadnz/hourly-ipv4,ziyadnz|hourly,2026-08-17T18:48:05Z,2026-08-17T18:48:05Z,
138.204.27.130,ipv4,malicious-ip,medium,WHITE,ziyadnz/hourly-ipv4,ziyadnz|hourly,2026-08-17T18:48:05Z,2026-08-17T18:48:05Z,
138.204.51.232,ipv4,malicious-ip,medium,WHITE,ziyadnz/hourly-ipv4,ziyadnz|hourly,2026-08-17T18:48:05Z,2026-08-17T18:48:05Z,
138.204.79.0,ipv4,malicious-ip,medium,WHITE,ziyadnz/hourly-ipv4,ziyadnz|hourly,2026-08-17T18:48:05Z,2026-08-17T18:48:05Z,
138.219.13.21,ipv4,malicious-ip,medium,WHITE,ziyadnz/hourly-ipv4,ziyadnz|hourly,2026-08-17T18:48:05Z,2026-08-17T18:48:05Z,
138.219.147.180,ipv4,malicious-ip,medium,WHITE,ziyadnz/hourly-ipv4,ziyadnz|hourly,2026-08-17T18:48:05Z,2026-08-17T18:48:05Z,
138.219.51.191,ipv4,malicious-ip,medium,WHITE,ziyadnz/hourly-ipv4,ziyadnz|hourly,2026-08-17T18:48:05Z,2026-08-17T18:48:05Z,
138.219.54.185,ipv4,malicious-ip,medium,WHITE,ziyadnz/hourly-ipv4,ziyadnz|hourly,2026-08-17T18:48:05Z,2026-08-17T18:48:05Z,
138.219.94.157,ipv4,malicious-ip,medium,WHITE,ziyadnz/hourly-ipv4,ziyadnz|hourly,2026-08-17T18:48:05Z,2026-08-17T18:48:05Z,
138.226.236.51,ipv4,malicious-ip,medium,WHITE,ziyadnz/hourly-ipv4,ziyadnz|hourly,2026-08-17T18:48:05Z,2026-08-17T18:48:05Z,
138.226.236.52,ipv4,malicious-ip,medium,WHITE,ziyadnz/hourly-ipv4,ziyadnz|hourly,2026-08-17T18:48:05Z,2026-08-17T18:48:05Z,
138.226.237.238,ipv4,malicious-ip,medium,WHITE,ziyadnz/hourly-ipv4,ziyadnz|hourly,2026-08-17T18:48:05Z,2026-08-17T18:48:05Z,
138.226.237.41,ipv4,malicious-ip,medium,WHITE,ziyadnz/hourly-ipv4,ziyadnz|hourly,2026-08-17T18:48:05Z,2026-08-17T18:48:05Z,
138.226.239.10,ipv4,malicious-ip,medium,WHITE,ziyadnz/hourly-ipv4,ziyadnz|hourly,2026-08-17T18:48:05Z,2026-08-17T18:48:05Z,
138.226.239.11,ipv4,malicious-ip,medium,WHITE,ziyadnz/hourly-ipv4,ziyadnz|hourly,2026-08-17T18:48:05Z,2026-08-17T18:48:05Z,
138.226.239.21,ipv4,malicious-ip,medium,WHITE,ziyadnz/hourly-ipv4,ziyadnz|hourly,2026-08-17T18:48:05Z,2026-08-17T18:48:05Z,
138.226.239.22,ipv4,malicious-ip,medium,WHITE,ziyadnz/hourly-ipv4,ziyadnz|hourly,2026-08-17T18:48:05Z,2026-08-17T18:48:05Z,
138.226.247.241,ipv4,malicious-ip,medium,WHITE,ziyadnz/hourly-ipv4,ziyadnz|hourly,2026-08-17T18:48:05Z,2026-08-17T18:48:05Z,
138.229.24.204,ipv4,malicious-ip,medium,WHITE,ziyadnz/hourly-ipv4,ziyadnz|hourly,2026-08-17T18:48:05Z,2026-08-17T18:48:05Z,
138.246.253.137,ipv4,malicious-ip,medium,WHITE,ziyadnz/hourly-ipv4,ziyadnz|hourly,2026-08-17T18:48:05Z,2026-08-17T18:48:05Z,
138.246.253.24,ipv4,malicious-ip,medium,WHITE,ziyadnz/hourly-ipv4,ziyadnz|hourly,2026-08-17T18:48:05Z,2026-08-17T18:48:05Z,
138.246.253.7,ipv4,malicious-ip,medium,WHITE,ziyadnz/hourly-ipv4,ziyadnz|hourly,2026-08-17T18:48:05Z,2026-08-17T18:48:05Z,
138.249.117.8,ipv4,malicious-ip,medium,WHITE,ziyadnz/hourly-ipv4,ziyadnz|hourly,2026-08-17T18:48:05Z,2026-08-17T18:48:05Z,
138.249.138.17,ipv4,malicious-ip,medium,WHITE,ziyadnz/hourly-ipv4,ziyadnz|hourly,2026-08-17T18:48:05Z,2026-08-17T18:48:05Z,
138.249.139.6,ipv4,malicious-ip,medium,WHITE,ziyadnz/hourly-ipv4,ziyadnz|hourly,2026-08-17T18:48:05Z,2026-08-17T18:48:05Z,
138.249.248.179,ipv4,malicious-ip,medium,WHITE,ziyadnz/hourly-ipv4,ziyadnz|hourly,2026-08-17T18:48:05Z,2026-08-17T18:48:05Z,
138.252.100.168,ipv4,malicious-ip,medium,WHITE,ziyadnz/hourly-ipv4,ziyadnz|hourly,2026-08-17T18:48:05Z,2026-08-17T18:48:05Z,
138.252.175.87,ipv4,malicious-ip,medium,WHITE,ziyadnz/hourly-ipv4,ziyadnz|hourly,2026-08-17T18:48:05Z,2026-08-17T18:48:05Z,
138.252.198.166,ipv4,malicious-ip,medium,WHITE,ziyadnz/hourly-ipv4,ziyadnz|hourly,2026-08-17T18:48:05Z,2026-08-17T18:48:05Z,
138.252.208.24,ipv4,malicious-ip,medium,WHITE,ziyadnz/hourly-ipv4,ziyadnz|hourly,2026-08-17T18:48:05Z,2026-08-17T18:48:05Z,
138.252.215.201,ipv4,malicious-ip,medium,WHITE,ziyadnz/hourly-ipv4,ziyadnz|hourly,2026-08-17T18:48:05Z,2026-08-17T18:48:05Z,
138.252.215.208,ipv4,malicious-ip,medium,WHITE,ziyadnz/hourly-ipv4,ziyadnz|hourly,2026-08-17T18:48:05Z,2026-08-17T18:48:05Z,
138.252.234.130,ipv4,malicious-ip,medium,WHITE,ziyadnz/hourly-ipv4,ziyadnz|hourly,2026-08-17T18:48:05Z,2026-08-17T18:48:05Z,
138.252.34.151,ipv4,malicious-ip,medium,WHITE,ziyadnz/hourly-ipv4,ziyadnz|hourly,2026-08-17T18:48:05Z,2026-08-17T18:48:05Z,
138.255.110.170,ipv4,malicious-ip,medium,WHITE,ziyadnz/hourly-ipv4,ziyadnz|hourly,2026-08-17T18:48:05Z,2026-08-17T18:48:05Z,
138.255.122.154,ipv4,malicious-ip,medium,WHITE,ziyadnz/hourly-ipv4,ziyadnz|hourly,2026-08-17T18:48:05Z,2026-08-17T18:48:05Z,
138.255.122.195,ipv4,malicious-ip,medium,WHITE,ziyadnz/hourly-ipv4,ziyadnz|hourly,2026-08-17T18:48:05Z,2026-08-17T18:48:05Z,
138.255.122.245,ipv4,malicious-ip,medium,WHITE,ziyadnz/hourly-ipv4,ziyadnz|hourly,2026-08-17T18:48:05Z,2026-08-17T18:48:05Z,
138.255.122.85,ipv4,malicious-ip,medium,WHITE,ziyadnz/hourly-ipv4,ziyadnz|hourly,2026-08-17T18:48:05Z,2026-08-17T18:48:05Z,
138.255.151.216,ipv4,malicious-ip,medium,WHITE,ziyadnz/hourly-ipv4,ziyadnz|hourly,2026-08-17T18:48:05Z,2026-08-17T18:48:05Z,
138.255.157.62,ipv4,malicious-ip,medium,WHITE,ziyadnz/hourly-ipv4,ziyadnz|hourly,2026-08-17T18:48:05Z,2026-08-17T18:48:05Z,
138.255.160.132,ipv4,malicious-ip,medium,WHITE,ziyadnz/hourly-ipv4,ziyadnz|hourly,2026-08-17T18:48:05Z,2026-08-17T18:48:05Z,
138.255.204.121,ipv4,malicious-ip,medium,WHITE,ziyadnz/hourly-ipv4,ziyadnz|hourly,2026-08-17T18:48:05Z,2026-08-17T18:48:05Z,
138.255.206.0,ipv4,malicious-ip,medium,WHITE,ziyadnz/hourly-ipv4,ziyadnz|hourly,2026-08-17T18:48:05Z,2026-08-17T18:48:05Z,
138.255.206.206,ipv4,malicious-ip,medium,WHITE,ziyadnz/hourly-ipv4,ziyadnz|hourly,2026-08-17T18:48:05Z,2026-08-17T18:48:05Z,
138.255.206.209,ipv4,malicious-ip,medium,WHITE,ziyadnz/hourly-ipv4,ziyadnz|hourly,2026-08-17T18:48:05Z,2026-08-17T18:48:05Z,
138.255.206.213,ipv4,malicious-ip,medium,WHITE,ziyadnz/hourly-ipv4,ziyadnz|hourly,2026-08-17T18:48:05Z,2026-08-17T18:48:05Z,
138.255.206.215,ipv4,malicious-ip,medium,WHITE,ziyadnz/hourly-ipv4,ziyadnz|hourly,2026-08-17T18:48:05Z,2026-08-17T18:48:05Z,
138.255.206.217,ipv4,malicious-ip,medium,WHITE,ziyadnz/hourly-ipv4,ziyadnz|hourly,2026-08-17T18:48:05Z,2026-08-17T18:48:05Z,
138.255.206.219,ipv4,malicious-ip,medium,WHITE,ziyadnz/hourly-ipv4,ziyadnz|hourly,2026-08-17T18:48:05Z,2026-08-17T18:48:05Z,
138.255.206.220,ipv4,malicious-ip,medium,WHITE,ziyadnz/hourly-ipv4,ziyadnz|hourly,2026-08-17T18:48:05Z,2026-08-17T18:48:05Z,
138.255.206.223,ipv4,malicious-ip,medium,WHITE,ziyadnz/hourly-ipv4,ziyadnz|hourly,2026-08-17T18:48:05Z,2026-08-17T18:48:05Z,
138.255.206.225,ipv4,malicious-ip,medium,WHITE,ziyadnz/hourly-ipv4,ziyadnz|hourly,2026-08-17T18:48:05Z,2026-08-17T18:48:05Z,
138.255.206.226,ipv4,malicious-ip,medium,WHITE,ziyadnz/hourly-ipv4,ziyadnz|hourly,2026-08-17T18:48:05Z,2026-08-17T18:48:05Z,
138.255.206.228,ipv4,malicious-ip,medium,WHITE,ziyadnz/hourly-ipv4,ziyadnz|hourly,2026-08-17T18:48:05Z,2026-08-17T18:48:05Z,
138.255.230.4,ipv4,malicious-ip,medium,WHITE,ziyadnz/hourly-ipv4,ziyadnz|hourly,2026-08-17T18:48:05Z,2026-08-17T18:48:05Z,
138.255.30.25,ipv4,malicious-ip,medium,WHITE,ziyadnz/hourly-ipv4,ziyadnz|hourly,2026-08-17T18:48:05Z,2026-08-17T18:48:05Z,
138.255.30.48,ipv4,malicious-ip,medium,WHITE,ziyadnz/hourly-ipv4,ziyadnz|hourly,2026-08-17T18:48:05Z,2026-08-17T18:48:05Z,
138.255.31.216,ipv4,malicious-ip,medium,WHITE,ziyadnz/hourly-ipv4,ziyadnz|hourly,2026-08-17T18:48:05Z,2026-08-17T18:48:05Z,
138.255.31.66,ipv4,malicious-ip,medium,WHITE,ziyadnz/hourly-ipv4,ziyadnz|hourly,2026-08-17T18:48:05Z,2026-08-17T18:48:05Z,
138.255.53.66,ipv4,malicious-ip,medium,WHITE,ziyadnz/hourly-ipv4,ziyadnz|hourly,2026-08-17T18:48:05Z,2026-08-17T18:48:05Z,
138.255.6.18,ipv4,malicious-ip,medium,WHITE,ziyadnz/hourly-ipv4,ziyadnz|hourly,2026-08-17T18:48:05Z,2026-08-17T18:48:05Z,
138.255.65.223,ipv4,malicious-ip,medium,WHITE,ziyadnz/hourly-ipv4,ziyadnz|hourly,2026-08-17T18:48:05Z,2026-08-17T18:48:05Z,
138.36.2.120,ipv4,malicious-ip,medium,WHITE,ziyadnz/hourly-ipv4,ziyadnz|hourly,2026-08-17T18:48:05Z,2026-08-17T18:48:05Z,
138.36.215.108,ipv4,malicious-ip,medium,WHITE,ziyadnz/hourly-ipv4,ziyadnz|hourly,2026-08-17T18:48:05Z,2026-08-17T18:48:05Z,
138.36.22.167,ipv4,malicious-ip,medium,WHITE,ziyadnz/hourly-ipv4,ziyadnz|hourly,2026-08-17T18:48:05Z,2026-08-17T18:48:05Z,
138.36.230.36,ipv4,malicious-ip,medium,WHITE,ziyadnz/hourly-ipv4,ziyadnz|hourly,2026-08-17T18:48:05Z,2026-08-17T18:48:05Z,
138.36.4.171,ipv4,malicious-ip,medium,WHITE,ziyadnz/hourly-ipv4,ziyadnz|hourly,2026-08-17T18:48:05Z,2026-08-17T18:48:05Z,
138.36.43.22,ipv4,malicious-ip,medium,WHITE,ziyadnz/hourly-ipv4,ziyadnz|hourly,2026-08-17T18:48:05Z,2026-08-17T18:48:05Z,
138.36.56.158,ipv4,malicious-ip,medium,WHITE,ziyadnz/hourly-ipv4,ziyadnz|hourly,2026-08-17T18:48:05Z,2026-08-17T18:48:05Z,
138.36.57.61,ipv4,malicious-ip,medium,WHITE,ziyadnz/hourly-ipv4,ziyadnz|hourly,2026-08-17T18:48:05Z,2026-08-17T18:48:05Z,
138.59.128.95,ipv4,malicious-ip,medium,WHITE,ziyadnz/hourly-ipv4,ziyadnz|hourly,2026-08-17T18:48:05Z,2026-08-17T18:48:05Z,
138.59.131.136,ipv4,malicious-ip,medium,WHITE,ziyadnz/hourly-ipv4,ziyadnz|hourly,2026-08-17T18:48:05Z,2026-08-17T18:48:05Z,
138.59.131.85,ipv4,malicious-ip,medium,WHITE,ziyadnz/hourly-ipv4,ziyadnz|hourly,2026-08-17T18:48:05Z,2026-08-17T18:48:05Z,
138.59.135.8,ipv4,malicious-ip,medium,WHITE,ziyadnz/hourly-ipv4,ziyadnz|hourly,2026-08-17T18:48:05Z,2026-08-17T18:48:05Z,
138.59.140.102,ipv4,malicious-ip,medium,WHITE,ziyadnz/hourly-ipv4,ziyadnz|hourly,2026-08-17T18:48:05Z,2026-08-17T18:48:05Z,
138.59.140.120,ipv4,malicious-ip,medium,WHITE,ziyadnz/hourly-ipv4,ziyadnz|hourly,2026-08-17T18:48:05Z,2026-08-17T18:48:05Z,
138.59.140.206,ipv4,malicious-ip,medium,WHITE,ziyadnz/hourly-ipv4,ziyadnz|hourly,2026-08-17T18:48:05Z,2026-08-17T18:48:05Z,
138.59.140.238,ipv4,malicious-ip,medium,WHITE,ziyadnz/hourly-ipv4,ziyadnz|hourly,2026-08-17T18:48:05Z,2026-08-17T18:48:05Z,
138.59.141.38,ipv4,malicious-ip,medium,WHITE,ziyadnz/hourly-ipv4,ziyadnz|hourly,2026-08-17T18:48:05Z,2026-08-17T18:48:05Z,
138.59.142.9,ipv4,malicious-ip,medium,WHITE,ziyadnz/hourly-ipv4,ziyadnz|hourly,2026-08-17T18:48:05Z,2026-08-17T18:48:05Z,
138.59.143.0,ipv4,malicious-ip,medium,WHITE,ziyadnz/hourly-ipv4,ziyadnz|hourly,2026-08-17T18:48:05Z,2026-08-17T18:48:05Z,
138.59.143.237,ipv4,malicious-ip,medium,WHITE,ziyadnz/hourly-ipv4,ziyadnz|hourly,2026-08-17T18:48:05Z,2026-08-17T18:48:05Z,
138.59.143.239,ipv4,malicious-ip,medium,WHITE,ziyadnz/hourly-ipv4,ziyadnz|hourly,2026-08-17T18:48:05Z,2026-08-17T18:48:05Z,
138.59.143.250,ipv4,malicious-ip,medium,WHITE,ziyadnz/hourly-ipv4,ziyadnz|hourly,2026-08-17T18:48:05Z,2026-08-17T18:48:05Z,
138.59.143.82,ipv4,malicious-ip,medium,WHITE,ziyadnz/hourly-ipv4,ziyadnz|hourly,2026-08-17T18:48:05Z,2026-08-17T18:48:05Z,
138.59.143.88,ipv4,malicious-ip,medium,WHITE,ziyadnz/hourly-ipv4,ziyadnz|hourly,2026-08-17T18:48:05Z,2026-08-17T18:48:05Z,
138.59.143.90,ipv4,malicious-ip,medium,WHITE,ziyadnz/hourly-ipv4,ziyadnz|hourly,2026-08-17T18:48:05Z,2026-08-17T18:48:05Z,
138.59.179.138,ipv4,malicious-ip,medium,WHITE,ziyadnz/hourly-ipv4,ziyadnz|hourly,2026-08-17T18:48:05Z,2026-08-17T18:48:05Z,
138.59.18.110,ipv4,malicious-ip,medium,WHITE,ziyadnz/hourly-ipv4,ziyadnz|hourly,2026-08-17T18:48:05Z,2026-08-17T18:48:05Z,
138.59.202.191,ipv4,malicious-ip,medium,WHITE,ziyadnz/hourly-ipv4,ziyadnz|hourly,2026-08-17T18:48:05Z,2026-08-17T18:48:05Z,
138.59.218.8,ipv4,malicious-ip,medium,WHITE,ziyadnz/hourly-ipv4,ziyadnz|hourly,2026-08-17T18:48:05Z,2026-08-17T18:48:05Z,
138.59.229.50,ipv4,malicious-ip,medium,WHITE,ziyadnz/hourly-ipv4,ziyadnz|hourly,2026-08-17T18:48:05Z,2026-08-17T18:48:05Z,
138.59.32.154,ipv4,malicious-ip,medium,WHITE,ziyadnz/hourly-ipv4,ziyadnz|hourly,2026-08-17T18:48:05Z,2026-08-17T18:48:05Z,
138.64.172.84,ipv4,malicious-ip,medium,WHITE,ziyadnz/hourly-ipv4,ziyadnz|hourly,2026-08-17T18:48:05Z,2026-08-17T18:48:05Z,
138.68.100.88,ipv4,malicious-ip,medium,WHITE,ziyadnz/hourly-ipv4,ziyadnz|hourly,2026-08-17T18:48:05Z,2026-08-17T18:48:05Z,
138.68.106.132,ipv4,malicious-ip,medium,WHITE,ziyadnz/hourly-ipv4,ziyadnz|hourly,2026-08-17T18:48:05Z,2026-08-17T18:48:05Z,
138.68.107.63,ipv4,malicious-ip,medium,WHITE,ziyadnz/hourly-ipv4,ziyadnz|hourly,2026-08-17T18:48:05Z,2026-08-17T18:48:05Z,
138.68.108.69,ipv4,malicious-ip,medium,WHITE,ziyadnz/hourly-ipv4,ziyadnz|hourly,2026-08-17T18:48:05Z,2026-08-17T18:48:05Z,
138.68.11.155,ipv4,malicious-ip,medium,WHITE,ziyadnz/hourly-ipv4,ziyadnz|hourly,2026-08-17T18:48:05Z,2026-08-17T18:48:05Z,
138.68.138.140,ipv4,malicious-ip,medium,WHITE,ziyadnz/hourly-ipv4,ziyadnz|hourly,2026-08-17T18:48:05Z,2026-08-17T18:48:05Z,
138.68.143.68,ipv4,malicious-ip,medium,WHITE,ziyadnz/hourly-ipv4,ziyadnz|hourly,2026-08-17T18:48:05Z,2026-08-17T18:48:05Z,
138.68.144.227,ipv4,malicious-ip,medium,WHITE,ziyadnz/hourly-ipv4,ziyadnz|hourly,2026-08-17T18:48:05Z,2026-08-17T18:48:05Z,
138.68.153.47,ipv4,malicious-ip,medium,WHITE,ziyadnz/hourly-ipv4,ziyadnz|hourly,2026-08-17T18:48:05Z,2026-08-17T18:48:05Z,
138.68.155.200,ipv4,malicious-ip,medium,WHITE,ziyadnz/hourly-ipv4,ziyadnz|hourly,2026-08-17T18:48:05Z,2026-08-17T18:48:05Z,
138.68.161.170,ipv4,malicious-ip,medium,WHITE,ziyadnz/hourly-ipv4,ziyadnz|hourly,2026-08-17T18:48:05Z,2026-08-17T18:48:05Z,
138.68.164.254,ipv4,malicious-ip,medium,WHITE,ziyadnz/hourly-ipv4,ziyadnz|hourly,2026-08-17T18:48:05Z,2026-08-17T18:48:05Z,
138.68.169.193,ipv4,malicious-ip,medium,WHITE,ziyadnz/hourly-ipv4,ziyadnz|hourly,2026-08-17T18:48:05Z,2026-08-17T18:48:05Z,
138.68.170.254,ipv4,malicious-ip,medium,WHITE,ziyadnz/hourly-ipv4,ziyadnz|hourly,2026-08-17T18:48:05Z,2026-08-17T18:48:05Z,
138.68.176.137,ipv4,malicious-ip,medium,WHITE,ziyadnz/hourly-ipv4,ziyadnz|hourly,2026-08-17T18:48:05Z,2026-08-17T18:48:05Z,
138.68.186.4,ipv4,malicious-ip,medium,WHITE,ziyadnz/hourly-ipv4,ziyadnz|hourly,2026-08-17T18:48:05Z,2026-08-17T18:48:05Z,
138.68.188.238,ipv4,malicious-ip,medium,WHITE,ziyadnz/hourly-ipv4,ziyadnz|hourly,2026-08-17T18:48:05Z,2026-08-17T18:48:05Z,
138.68.20.220,ipv4,malicious-ip,medium,WHITE,ziyadnz/hourly-ipv4,ziyadnz|hourly,2026-08-17T18:48:05Z,2026-08-17T18:48:05Z,
138.68.225.68,ipv4,malicious-ip,medium,WHITE,ziyadnz/hourly-ipv4,ziyadnz|hourly,2026-08-17T18:48:05Z,2026-08-17T18:48:05Z,
138.68.227.71,ipv4,malicious-ip,medium,WHITE,ziyadnz/hourly-ipv4,ziyadnz|hourly,2026-08-17T18:48:05Z,2026-08-17T18:48:05Z,
138.68.231.56,ipv4,malicious-ip,medium,WHITE,ziyadnz/hourly-ipv4,ziyadnz|hourly,2026-08-17T18:48:05Z,2026-08-17T18:48:05Z,
138.68.234.97,ipv4,malicious-ip,medium,WHITE,ziyadnz/hourly-ipv4,ziyadnz|hourly,2026-08-17T18:48:05Z,2026-08-17T18:48:05Z,
138.68.237.222,ipv4,malicious-ip,medium,WHITE,ziyadnz/hourly-ipv4,ziyadnz|hourly,2026-08-17T18:48:05Z,2026-08-17T18:48:05Z,
138.68.243.18,ipv4,malicious-ip,medium,WHITE,ziyadnz/hourly-ipv4,ziyadnz|hourly,2026-08-17T18:48:05Z,2026-08-17T18:48:05Z,
138.68.248.169,ipv4,malicious-ip,medium,WHITE,ziyadnz/hourly-ipv4,ziyadnz|hourly,2026-08-17T18:48:05Z,2026-08-17T18:48:05Z,
138.68.249.116,ipv4,malicious-ip,medium,WHITE,ziyadnz/hourly-ipv4,ziyadnz|hourly,2026-08-17T18:48:05Z,2026-08-17T18:48:05Z,
138.68.27.0,ipv4,malicious-ip,medium,WHITE,ziyadnz/hourly-ipv4,ziyadnz|hourly,2026-08-17T18:48:05Z,2026-08-17T18:48:05Z,
138.68.27.98,ipv4,malicious-ip,medium,WHITE,ziyadnz/hourly-ipv4,ziyadnz|hourly,2026-08-17T18:48:05Z,2026-08-17T18:48:05Z,
138.68.3.204,ipv4,malicious-ip,medium,WHITE,ziyadnz/hourly-ipv4,ziyadnz|hourly,2026-08-17T18:48:05Z,2026-08-17T18:48:05Z,
138.68.30.21,ipv4,malicious-ip,medium,WHITE,ziyadnz/hourly-ipv4,ziyadnz|hourly,2026-08-17T18:48:05Z,2026-08-17T18:48:05Z,
138.68.4.136,ipv4,malicious-ip,medium,WHITE,ziyadnz/hourly-ipv4,ziyadnz|hourly,2026-08-17T18:48:05Z,2026-08-17T18:48:05Z,
138.68.41.10,ipv4,malicious-ip,medium,WHITE,ziyadnz/hourly-ipv4,ziyadnz|hourly,2026-08-17T18:48:05Z,2026-08-17T18:48:05Z,
138.68.41.152,ipv4,malicious-ip,medium,WHITE,ziyadnz/hourly-ipv4,ziyadnz|hourly,2026-08-17T18:48:05Z,2026-08-17T18:48:05Z,
138.68.42.188,ipv4,malicious-ip,medium,WHITE,ziyadnz/hourly-ipv4,ziyadnz|hourly,2026-08-17T18:48:05Z,2026-08-17T18:48:05Z,
138.68.47.81,ipv4,malicious-ip,medium,WHITE,ziyadnz/hourly-ipv4,ziyadnz|hourly,2026-08-17T18:48:05Z,2026-08-17T18:48:05Z,
138.68.51.132,ipv4,malicious-ip,medium,WHITE,ziyadnz/hourly-ipv4,ziyadnz|hourly,2026-08-17T18:48:05Z,2026-08-17T18:48:05Z,
138.68.61.82,ipv4,malicious-ip,medium,WHITE,ziyadnz/hourly-ipv4,ziyadnz|hourly,2026-08-17T18:48:05Z,2026-08-17T18:48:05Z,
138.68.67.252,ipv4,malicious-ip,medium,WHITE,ziyadnz/hourly-ipv4,ziyadnz|hourly,2026-08-17T18:48:05Z,2026-08-17T18:48:05Z,
138.68.75.43,ipv4,malicious-ip,medium,WHITE,ziyadnz/hourly-ipv4,ziyadnz|hourly,2026-08-17T18:48:05Z,2026-08-17T18:48:05Z,
138.68.78.206,ipv4,malicious-ip,medium,WHITE,ziyadnz/hourly-ipv4,ziyadnz|hourly,2026-08-17T18:48:05Z,2026-08-17T18:48:05Z,
138.68.82.23,ipv4,malicious-ip,medium,WHITE,ziyadnz/hourly-ipv4,ziyadnz|hourly,2026-08-17T18:48:05Z,2026-08-17T18:48:05Z,
138.68.84.216,ipv4,malicious-ip,medium,WHITE,ziyadnz/hourly-ipv4,ziyadnz|hourly,2026-08-17T18:48:05Z,2026-08-17T18:48:05Z,
138.68.86.32,ipv4,malicious-ip,medium,WHITE,ziyadnz/hourly-ipv4,ziyadnz|hourly,2026-08-17T18:48:05Z,2026-08-17T18:48:05Z,
138.68.9.158,ipv4,malicious-ip,medium,WHITE,ziyadnz/hourly-ipv4,ziyadnz|hourly,2026-08-17T18:48:05Z,2026-08-17T18:48:05Z,
138.68.9.82,ipv4,malicious-ip,medium,WHITE,ziyadnz/hourly-ipv4,ziyadnz|hourly,2026-08-17T18:48:05Z,2026-08-17T18:48:05Z,
138.68.93.230,ipv4,malicious-ip,medium,WHITE,ziyadnz/hourly-ipv4,ziyadnz|hourly,2026-08-17T18:48:05Z,2026-08-17T18:48:05Z,
138.68.93.37,ipv4,malicious-ip,medium,WHITE,ziyadnz/hourly-ipv4,ziyadnz|hourly,2026-08-17T18:48:05Z,2026-08-17T18:48:05Z,
138.68.96.105,ipv4,malicious-ip,medium,WHITE,ziyadnz/hourly-ipv4,ziyadnz|hourly,2026-08-17T18:48:05Z,2026-08-17T18:48:05Z,
138.68.97.33,ipv4,malicious-ip,medium,WHITE,ziyadnz/hourly-ipv4,ziyadnz|hourly,2026-08-17T18:48:05Z,2026-08-17T18:48:05Z,
138.68.98.18,ipv4,malicious-ip,medium,WHITE,ziyadnz/hourly-ipv4,ziyadnz|hourly,2026-08-17T18:48:05Z,2026-08-17T18:48:05Z,
138.74.191.64,ipv4,malicious-ip,medium,WHITE,ziyadnz/hourly-ipv4,ziyadnz|hourly,2026-08-17T18:48:05Z,2026-08-17T18:48:05Z,
138.84.111.229,ipv4,malicious-ip,medium,WHITE,ziyadnz/hourly-ipv4,ziyadnz|hourly,2026-08-17T18:48:05Z,2026-08-17T18:48:05Z,
138.84.114.193,ipv4,malicious-ip,medium,WHITE,ziyadnz/hourly-ipv4,ziyadnz|hourly,2026-08-17T18:48:05Z,2026-08-17T18:48:05Z,
138.84.137.228,ipv4,malicious-ip,medium,WHITE,ziyadnz/hourly-ipv4,ziyadnz|hourly,2026-08-17T18:48:05Z,2026-08-17T18:48:05Z,
138.84.154.13,ipv4,malicious-ip,medium,WHITE,ziyadnz/hourly-ipv4,ziyadnz|hourly,2026-08-17T18:48:05Z,2026-08-17T18:48:05Z,
138.84.156.71,ipv4,malicious-ip,medium,WHITE,ziyadnz/hourly-ipv4,ziyadnz|hourly,2026-08-17T18:48:05Z,2026-08-17T18:48:05Z,
138.84.159.28,ipv4,malicious-ip,medium,WHITE,ziyadnz/hourly-ipv4,ziyadnz|hourly,2026-08-17T18:48:05Z,2026-08-17T18:48:05Z,
138.84.198.1,ipv4,malicious-ip,medium,WHITE,ziyadnz/hourly-ipv4,ziyadnz|hourly,2026-08-17T18:48:05Z,2026-08-17T18:48:05Z,
138.84.33.172,ipv4,malicious-ip,medium,WHITE,ziyadnz/hourly-ipv4,ziyadnz|hourly,2026-08-17T18:48:05Z,2026-08-17T18:48:05Z,
138.84.34.165,ipv4,malicious-ip,medium,WHITE,ziyadnz/hourly-ipv4,ziyadnz|hourly,2026-08-17T18:48:05Z,2026-08-17T18:48:05Z,
138.84.34.188,ipv4,malicious-ip,medium,WHITE,ziyadnz/hourly-ipv4,ziyadnz|hourly,2026-08-17T18:48:05Z,2026-08-17T18:48:05Z,
138.84.37.11,ipv4,malicious-ip,medium,WHITE,ziyadnz/hourly-ipv4,ziyadnz|hourly,2026-08-17T18:48:05Z,2026-08-17T18:48:05Z,
138.84.41.244,ipv4,malicious-ip,medium,WHITE,ziyadnz/hourly-ipv4,ziyadnz|hourly,2026-08-17T18:48:05Z,2026-08-17T18:48:05Z,
138.84.41.26,ipv4,malicious-ip,medium,WHITE,ziyadnz/hourly-ipv4,ziyadnz|hourly,2026-08-17T18:48:05Z,2026-08-17T18:48:05Z,
138.84.41.44,ipv4,malicious-ip,medium,WHITE,ziyadnz/hourly-ipv4,ziyadnz|hourly,2026-08-17T18:48:05Z,2026-08-17T18:48:05Z,
138.84.42.126,ipv4,malicious-ip,medium,WHITE,ziyadnz/hourly-ipv4,ziyadnz|hourly,2026-08-17T18:48:05Z,2026-08-17T18:48:05Z,
138.84.53.130,ipv4,malicious-ip,medium,WHITE,ziyadnz/hourly-ipv4,ziyadnz|hourly,2026-08-17T18:48:05Z,2026-08-17T18:48:05Z,
138.84.53.225,ipv4,malicious-ip,medium,WHITE,ziyadnz/hourly-ipv4,ziyadnz|hourly,2026-08-17T18:48:05Z,2026-08-17T18:48:05Z,
138.84.53.28,ipv4,malicious-ip,medium,WHITE,ziyadnz/hourly-ipv4,ziyadnz|hourly,2026-08-17T18:48:05Z,2026-08-17T18:48:05Z,
138.84.57.163,ipv4,malicious-ip,medium,WHITE,ziyadnz/hourly-ipv4,ziyadnz|hourly,2026-08-17T18:48:05Z,2026-08-17T18:48:05Z,
138.84.57.45,ipv4,malicious-ip,medium,WHITE,ziyadnz/hourly-ipv4,ziyadnz|hourly,2026-08-17T18:48:05Z,2026-08-17T18:48:05Z,
138.84.59.4,ipv4,malicious-ip,medium,WHITE,ziyadnz/hourly-ipv4,ziyadnz|hourly,2026-08-17T18:48:05Z,2026-08-17T18:48:05Z,
138.84.59.73,ipv4,malicious-ip,medium,WHITE,ziyadnz/hourly-ipv4,ziyadnz|hourly,2026-08-17T18:48:05Z,2026-08-17T18:48:05Z,
138.84.62.152,ipv4,malicious-ip,medium,WHITE,ziyadnz/hourly-ipv4,ziyadnz|hourly,2026-08-17T18:48:05Z,2026-08-17T18:48:05Z,
138.84.63.187,ipv4,malicious-ip,medium,WHITE,ziyadnz/hourly-ipv4,ziyadnz|hourly,2026-08-17T18:48:05Z,2026-08-17T18:48:05Z,
138.84.67.100,ipv4,malicious-ip,medium,WHITE,ziyadnz/hourly-ipv4,ziyadnz|hourly,2026-08-17T18:48:05Z,2026-08-17T18:48:05Z,
138.84.70.166,ipv4,malicious-ip,medium,WHITE,ziyadnz/hourly-ipv4,ziyadnz|hourly,2026-08-17T18:48:05Z,2026-08-17T18:48:05Z,
138.84.76.85,ipv4,malicious-ip,medium,WHITE,ziyadnz/hourly-ipv4,ziyadnz|hourly,2026-08-17T18:48:05Z,2026-08-17T18:48:05Z,
138.88.127.92,ipv4,malicious-ip,medium,WHITE,ziyadnz/hourly-ipv4,ziyadnz|hourly,2026-08-17T18:48:05Z,2026-08-17T18:48:05Z,
138.91.105.36,ipv4,malicious-ip,medium,WHITE,ziyadnz/hourly-ipv4,ziyadnz|hourly,2026-08-17T18:48:05Z,2026-08-17T18:48:05Z,
138.91.107.7,ipv4,malicious-ip,medium,WHITE,ziyadnz/hourly-ipv4,ziyadnz|hourly,2026-08-17T18:48:05Z,2026-08-17T18:48:05Z,
138.91.109.125,ipv4,malicious-ip,medium,WHITE,ziyadnz/hourly-ipv4,ziyadnz|hourly,2026-08-17T18:48:05Z,2026-08-17T18:48:05Z,
138.91.109.177,ipv4,malicious-ip,medium,WHITE,ziyadnz/hourly-ipv4,ziyadnz|hourly,2026-08-17T18:48:05Z,2026-08-17T18:48:05Z,
138.94.162.51,ipv4,malicious-ip,medium,WHITE,ziyadnz/hourly-ipv4,ziyadnz|hourly,2026-08-17T18:48:05Z,2026-08-17T18:48:05Z,
138.94.164.79,ipv4,malicious-ip,medium,WHITE,ziyadnz/hourly-ipv4,ziyadnz|hourly,2026-08-17T18:48:05Z,2026-08-17T18:48:05Z,
138.94.165.168,ipv4,malicious-ip,medium,WHITE,ziyadnz/hourly-ipv4,ziyadnz|hourly,2026-08-17T18:48:05Z,2026-08-17T18:48:05Z,
138.94.185.233,ipv4,malicious-ip,medium,WHITE,ziyadnz/hourly-ipv4,ziyadnz|hourly,2026-08-17T18:48:05Z,2026-08-17T18:48:05Z,
138.94.201.38,ipv4,malicious-ip,medium,WHITE,ziyadnz/hourly-ipv4,ziyadnz|hourly,2026-08-17T18:48:05Z,2026-08-17T18:48:05Z,
138.94.252.61,ipv4,malicious-ip,medium,WHITE,ziyadnz/hourly-ipv4,ziyadnz|hourly,2026-08-17T18:48:05Z,2026-08-17T18:48:05Z,
138.94.37.102,ipv4,malicious-ip,medium,WHITE,ziyadnz/hourly-ipv4,ziyadnz|hourly,2026-08-17T18:48:05Z,2026-08-17T18:48:05Z,
138.94.39.102,ipv4,malicious-ip,medium,WHITE,ziyadnz/hourly-ipv4,ziyadnz|hourly,2026-08-17T18:48:05Z,2026-08-17T18:48:05Z,
138.94.39.223,ipv4,malicious-ip,medium,WHITE,ziyadnz/hourly-ipv4,ziyadnz|hourly,2026-08-17T18:48:05Z,2026-08-17T18:48:05Z,
138.94.52.238,ipv4,malicious-ip,medium,WHITE,ziyadnz/hourly-ipv4,ziyadnz|hourly,2026-08-17T18:48:05Z,2026-08-17T18:48:05Z,
138.94.86.16,ipv4,malicious-ip,medium,WHITE,ziyadnz/hourly-ipv4,ziyadnz|hourly,2026-08-17T18:48:05Z,2026-08-17T18:48:05Z,
138.94.86.205,ipv4,malicious-ip,medium,WHITE,ziyadnz/hourly-ipv4,ziyadnz|hourly,2026-08-17T18:48:05Z,2026-08-17T18:48:05Z,
138.97.100.158,ipv4,malicious-ip,medium,WHITE,ziyadnz/hourly-ipv4,ziyadnz|hourly,2026-08-17T18:48:05Z,2026-08-17T18:48:05Z,
138.97.12.134,ipv4,malicious-ip,medium,WHITE,ziyadnz/hourly-ipv4,ziyadnz|hourly,2026-08-17T18:48:05Z,2026-08-17T18:48:05Z,
138.97.133.168,ipv4,malicious-ip,medium,WHITE,ziyadnz/hourly-ipv4,ziyadnz|hourly,2026-08-17T18:48:05Z,2026-08-17T18:48:05Z,
138.97.133.82,ipv4,malicious-ip,medium,WHITE,ziyadnz/hourly-ipv4,ziyadnz|hourly,2026-08-17T18:48:05Z,2026-08-17T18:48:05Z,
138.97.14.106,ipv4,malicious-ip,medium,WHITE,ziyadnz/hourly-ipv4,ziyadnz|hourly,2026-08-17T18:48:05Z,2026-08-17T18:48:05Z,
138.97.14.210,ipv4,malicious-ip,medium,WHITE,ziyadnz/hourly-ipv4,ziyadnz|hourly,2026-08-17T18:48:05Z,2026-08-17T18:48:05Z,
138.97.147.33,ipv4,malicious-ip,medium,WHITE,ziyadnz/hourly-ipv4,ziyadnz|hourly,2026-08-17T18:48:05Z,2026-08-17T18:48:05Z,
138.97.180.45,ipv4,malicious-ip,medium,WHITE,ziyadnz/hourly-ipv4,ziyadnz|hourly,2026-08-17T18:48:05Z,2026-08-17T18:48:05Z,
138.97.183.184,ipv4,malicious-ip,medium,WHITE,ziyadnz/hourly-ipv4,ziyadnz|hourly,2026-08-17T18:48:05Z,2026-08-17T18:48:05Z,
138.97.183.202,ipv4,malicious-ip,medium,WHITE,ziyadnz/hourly-ipv4,ziyadnz|hourly,2026-08-17T18:48:05Z,2026-08-17T18:48:05Z,
138.97.183.204,ipv4,malicious-ip,medium,WHITE,ziyadnz/hourly-ipv4,ziyadnz|hourly,2026-08-17T18:48:05Z,2026-08-17T18:48:05Z,
138.97.191.121,ipv4,malicious-ip,medium,WHITE,ziyadnz/hourly-ipv4,ziyadnz|hourly,2026-08-17T18:48:05Z,2026-08-17T18:48:05Z,
138.97.197.117,ipv4,malicious-ip,medium,WHITE,ziyadnz/hourly-ipv4,ziyadnz|hourly,2026-08-17T18:48:05Z,2026-08-17T18:48:05Z,
138.97.235.34,ipv4,malicious-ip,medium,WHITE,ziyadnz/hourly-ipv4,ziyadnz|hourly,2026-08-17T18:48:05Z,2026-08-17T18:48:05Z,
138.97.24.215,ipv4,malicious-ip,medium,WHITE,ziyadnz/hourly-ipv4,ziyadnz|hourly,2026-08-17T18:48:05Z,2026-08-17T18:48:05Z,
138.97.27.146,ipv4,malicious-ip,medium,WHITE,ziyadnz/hourly-ipv4,ziyadnz|hourly,2026-08-17T18:48:05Z,2026-08-17T18:48:05Z,
138.97.3.119,ipv4,malicious-ip,medium,WHITE,ziyadnz/hourly-ipv4,ziyadnz|hourly,2026-08-17T18:48:05Z,2026-08-17T18:48:05Z,
138.97.33.85,ipv4,malicious-ip,medium,WHITE,ziyadnz/hourly-ipv4,ziyadnz|hourly,2026-08-17T18:48:05Z,2026-08-17T18:48:05Z,
138.97.6.118,ipv4,malicious-ip,medium,WHITE,ziyadnz/hourly-ipv4,ziyadnz|hourly,2026-08-17T18:48:05Z,2026-08-17T18:48:05Z,
138.97.64.146,ipv4,malicious-ip,medium,WHITE,ziyadnz/hourly-ipv4,ziyadnz|hourly,2026-08-17T18:48:05Z,2026-08-17T18:48:05Z,
138.97.7.117,ipv4,malicious-ip,medium,WHITE,ziyadnz/hourly-ipv4,ziyadnz|hourly,2026-08-17T18:48:05Z,2026-08-17T18:48:05Z,
138.97.9.238,ipv4,malicious-ip,medium,WHITE,ziyadnz/hourly-ipv4,ziyadnz|hourly,2026-08-17T18:48:05Z,2026-08-17T18:48:05Z,
138.99.189.164,ipv4,malicious-ip,medium,WHITE,ziyadnz/hourly-ipv4,ziyadnz|hourly,2026-08-17T18:48:05Z,2026-08-17T18:48:05Z,
138.99.189.165,ipv4,malicious-ip,medium,WHITE,ziyadnz/hourly-ipv4,ziyadnz|hourly,2026-08-17T18:48:05Z,2026-08-17T18:48:05Z,
138.99.189.238,ipv4,malicious-ip,medium,WHITE,ziyadnz/hourly-ipv4,ziyadnz|hourly,2026-08-17T18:48:05Z,2026-08-17T18:48:05Z,
138.99.189.252,ipv4,malicious-ip,medium,WHITE,ziyadnz/hourly-ipv4,ziyadnz|hourly,2026-08-17T18:48:05Z,2026-08-17T18:48:05Z,
138.99.57.173,ipv4,malicious-ip,medium,WHITE,ziyadnz/hourly-ipv4,ziyadnz|hourly,2026-08-17T18:48:05Z,2026-08-17T18:48:05Z,
138.99.79.29,ipv4,malicious-ip,medium,WHITE,ziyadnz/hourly-ipv4,ziyadnz|hourly,2026-08-17T18:48:05Z,2026-08-17T18:48:05Z,
138.99.80.102,ipv4,malicious-ip,medium,WHITE,ziyadnz/hourly-ipv4,ziyadnz|hourly,2026-08-17T18:48:05Z,2026-08-17T18:48:05Z,
139.0.23.124,ipv4,malicious-ip,medium,WHITE,ziyadnz/hourly-ipv4,ziyadnz|hourly,2026-08-17T18:48:05Z,2026-08-17T18:48:05Z,
139.100.207.64,ipv4,malicious-ip,medium,WHITE,ziyadnz/hourly-ipv4,ziyadnz|hourly,2026-08-17T18:48:05Z,2026-08-17T18:48:05Z,
139.135.128.166,ipv4,malicious-ip,medium,WHITE,ziyadnz/hourly-ipv4,ziyadnz|hourly,2026-08-17T18:48:05Z,2026-08-17T18:48:05Z,
139.135.192.250,ipv4,malicious-ip,medium,WHITE,ziyadnz/hourly-ipv4,ziyadnz|hourly,2026-08-17T18:48:05Z,2026-08-17T18:48:05Z,
139.135.241.10,ipv4,malicious-ip,medium,WHITE,ziyadnz/hourly-ipv4,ziyadnz|hourly,2026-08-17T18:48:05Z,2026-08-17T18:48:05Z,
139.135.241.114,ipv4,malicious-ip,medium,WHITE,ziyadnz/hourly-ipv4,ziyadnz|hourly,2026-08-17T18:48:05Z,2026-08-17T18:48:05Z,
139.135.241.193,ipv4,malicious-ip,medium,WHITE,ziyadnz/hourly-ipv4,ziyadnz|hourly,2026-08-17T18:48:05Z,2026-08-17T18:48:05Z,
139.135.241.25,ipv4,malicious-ip,medium,WHITE,ziyadnz/hourly-ipv4,ziyadnz|hourly,2026-08-17T18:48:05Z,2026-08-17T18:48:05Z,
139.135.34.147,ipv4,malicious-ip,medium,WHITE,ziyadnz/hourly-ipv4,ziyadnz|hourly,2026-08-17T18:48:05Z,2026-08-17T18:48:05Z,
139.135.38.32,ipv4,malicious-ip,medium,WHITE,ziyadnz/hourly-ipv4,ziyadnz|hourly,2026-08-17T18:48:05Z,2026-08-17T18:48:05Z,
139.135.38.79,ipv4,malicious-ip,medium,WHITE,ziyadnz/hourly-ipv4,ziyadnz|hourly,2026-08-17T18:48:05Z,2026-08-17T18:48:05Z,
139.135.40.0,ipv4,malicious-ip,medium,WHITE,ziyadnz/hourly-ipv4,ziyadnz|hourly,2026-08-17T18:48:05Z,2026-08-17T18:48:05Z,
139.135.40.112,ipv4,malicious-ip,medium,WHITE,ziyadnz/hourly-ipv4,ziyadnz|hourly,2026-08-17T18:48:05Z,2026-08-17T18:48:05Z,
139.135.40.114,ipv4,malicious-ip,medium,WHITE,ziyadnz/hourly-ipv4,ziyadnz|hourly,2026-08-17T18:48:05Z,2026-08-17T18:48:05Z,
139.135.40.12,ipv4,malicious-ip,medium,WHITE,ziyadnz/hourly-ipv4,ziyadnz|hourly,2026-08-17T18:48:05Z,2026-08-17T18:48:05Z,
139.135.40.193,ipv4,malicious-ip,medium,WHITE,ziyadnz/hourly-ipv4,ziyadnz|hourly,2026-08-17T18:48:05Z,2026-08-17T18:48:05Z,
139.135.40.213,ipv4,malicious-ip,medium,WHITE,ziyadnz/hourly-ipv4,ziyadnz|hourly,2026-08-17T18:48:05Z,2026-08-17T18:48:05Z,
139.135.40.24,ipv4,malicious-ip,medium,WHITE,ziyadnz/hourly-ipv4,ziyadnz|hourly,2026-08-17T18:48:05Z,2026-08-17T18:48:05Z,
139.135.40.246,ipv4,malicious-ip,medium,WHITE,ziyadnz/hourly-ipv4,ziyadnz|hourly,2026-08-17T18:48:05Z,2026-08-17T18:48:05Z,
139.135.40.254,ipv4,malicious-ip,medium,WHITE,ziyadnz/hourly-ipv4,ziyadnz|hourly,2026-08-17T18:48:05Z,2026-08-17T18:48:05Z,
139.135.40.39,ipv4,malicious-ip,medium,WHITE,ziyadnz/hourly-ipv4,ziyadnz|hourly,2026-08-17T18:48:05Z,2026-08-17T18:48:05Z,
139.135.41.0,ipv4,malicious-ip,medium,WHITE,ziyadnz/hourly-ipv4,ziyadnz|hourly,2026-08-17T18:48:05Z,2026-08-17T18:48:05Z,
139.135.41.106,ipv4,malicious-ip,medium,WHITE,ziyadnz/hourly-ipv4,ziyadnz|hourly,2026-08-17T18:48:05Z,2026-08-17T18:48:05Z,
139.135.41.134,ipv4,malicious-ip,medium,WHITE,ziyadnz/hourly-ipv4,ziyadnz|hourly,2026-08-17T18:48:05Z,2026-08-17T18:48:05Z,
139.135.41.151,ipv4,malicious-ip,medium,WHITE,ziyadnz/hourly-ipv4,ziyadnz|hourly,2026-08-17T18:48:05Z,2026-08-17T18:48:05Z,
139.135.41.156,ipv4,malicious-ip,medium,WHITE,ziyadnz/hourly-ipv4,ziyadnz|hourly,2026-08-17T18:48:05Z,2026-08-17T18:48:05Z,
139.135.41.197,ipv4,malicious-ip,medium,WHITE,ziyadnz/hourly-ipv4,ziyadnz|hourly,2026-08-17T18:48:05Z,2026-08-17T18:48:05Z,
139.135.41.58,ipv4,malicious-ip,medium,WHITE,ziyadnz/hourly-ipv4,ziyadnz|hourly,2026-08-17T18:48:05Z,2026-08-17T18:48:05Z,
139.135.42.100,ipv4,malicious-ip,medium,WHITE,ziyadnz/hourly-ipv4,ziyadnz|hourly,2026-08-17T18:48:05Z,2026-08-17T18:48:05Z,
139.135.42.233,ipv4,malicious-ip,medium,WHITE,ziyadnz/hourly-ipv4,ziyadnz|hourly,2026-08-17T18:48:05Z,2026-08-17T18:48:05Z,
139.135.42.235,ipv4,malicious-ip,medium,WHITE,ziyadnz/hourly-ipv4,ziyadnz|hourly,2026-08-17T18:48:05Z,2026-08-17T18:48:05Z,
139.135.42.249,ipv4,malicious-ip,medium,WHITE,ziyadnz/hourly-ipv4,ziyadnz|hourly,2026-08-17T18:48:05Z,2026-08-17T18:48:05Z,
139.135.43.134,ipv4,malicious-ip,medium,WHITE,ziyadnz/hourly-ipv4,ziyadnz|hourly,2026-08-17T18:48:05Z,2026-08-17T18:48:05Z,
139.135.43.189,ipv4,malicious-ip,medium,WHITE,ziyadnz/hourly-ipv4,ziyadnz|hourly,2026-08-17T18:48:05Z,2026-08-17T18:48:05Z,
139.135.43.49,ipv4,malicious-ip,medium,WHITE,ziyadnz/hourly-ipv4,ziyadnz|hourly,2026-08-17T18:48:05Z,2026-08-17T18:48:05Z,
139.135.43.65,ipv4,malicious-ip,medium,WHITE,ziyadnz/hourly-ipv4,ziyadnz|hourly,2026-08-17T18:48:05Z,2026-08-17T18:48:05Z,
139.135.43.71,ipv4,malicious-ip,medium,WHITE,ziyadnz/hourly-ipv4,ziyadnz|hourly,2026-08-17T18:48:05Z,2026-08-17T18:48:05Z,
139.135.44.0,ipv4,malicious-ip,medium,WHITE,ziyadnz/hourly-ipv4,ziyadnz|hourly,2026-08-17T18:48:05Z,2026-08-17T18:48:05Z,
139.135.44.107,ipv4,malicious-ip,medium,WHITE,ziyadnz/hourly-ipv4,ziyadnz|hourly,2026-08-17T18:48:05Z,2026-08-17T18:48:05Z,
139.135.44.145,ipv4,malicious-ip,medium,WHITE,ziyadnz/hourly-ipv4,ziyadnz|hourly,2026-08-17T18:48:05Z,2026-08-17T18:48:05Z,
139.135.44.17,ipv4,malicious-ip,medium,WHITE,ziyadnz/hourly-ipv4,ziyadnz|hourly,2026-08-17T18:48:05Z,2026-08-17T18:48:05Z,
139.135.44.172,ipv4,malicious-ip,medium,WHITE,ziyadnz/hourly-ipv4,ziyadnz|hourly,2026-08-17T18:48:05Z,2026-08-17T18:48:05Z,
139.135.44.192,ipv4,malicious-ip,medium,WHITE,ziyadnz/hourly-ipv4,ziyadnz|hourly,2026-08-17T18:48:05Z,2026-08-17T18:48:05Z,
139.135.44.40,ipv4,malicious-ip,medium,WHITE,ziyadnz/hourly-ipv4,ziyadnz|hourly,2026-08-17T18:48:05Z,2026-08-17T18:48:05Z,
139.135.44.5,ipv4,malicious-ip,medium,WHITE,ziyadnz/hourly-ipv4,ziyadnz|hourly,2026-08-17T18:48:05Z,2026-08-17T18:48:05Z,
139.135.44.67,ipv4,malicious-ip,medium,WHITE,ziyadnz/hourly-ipv4,ziyadnz|hourly,2026-08-17T18:48:05Z,2026-08-17T18:48:05Z,
139.135.44.83,ipv4,malicious-ip,medium,WHITE,ziyadnz/hourly-ipv4,ziyadnz|hourly,2026-08-17T18:48:05Z,2026-08-17T18:48:05Z,
139.135.45.0,ipv4,malicious-ip,medium,WHITE,ziyadnz/hourly-ipv4,ziyadnz|hourly,2026-08-17T18:48:05Z,2026-08-17T18:48:05Z,
139.135.45.10,ipv4,malicious-ip,medium,WHITE,ziyadnz/hourly-ipv4,ziyadnz|hourly,2026-08-17T18:48:05Z,2026-08-17T18:48:05Z,
139.135.45.12,ipv4,malicious-ip,medium,WHITE,ziyadnz/hourly-ipv4,ziyadnz|hourly,2026-08-17T18:48:05Z,2026-08-17T18:48:05Z,
139.135.45.135,ipv4,malicious-ip,medium,WHITE,ziyadnz/hourly-ipv4,ziyadnz|hourly,2026-08-17T18:48:05Z,2026-08-17T18:48:05Z,
139.135.45.183,ipv4,malicious-ip,medium,WHITE,ziyadnz/hourly-ipv4,ziyadnz|hourly,2026-08-17T18:48:05Z,2026-08-17T18:48:05Z,
139.135.45.2,ipv4,malicious-ip,medium,WHITE,ziyadnz/hourly-ipv4,ziyadnz|hourly,2026-08-17T18:48:05Z,2026-08-17T18:48:05Z,
139.135.45.206,ipv4,malicious-ip,medium,WHITE,ziyadnz/hourly-ipv4,ziyadnz|hourly,2026-08-17T18:48:05Z,2026-08-17T18:48:05Z,
139.135.45.233,ipv4,malicious-ip,medium,WHITE,ziyadnz/hourly-ipv4,ziyadnz|hourly,2026-08-17T18:48:05Z,2026-08-17T18:48:05Z,
139.135.45.5,ipv4,malicious-ip,medium,WHITE,ziyadnz/hourly-ipv4,ziyadnz|hourly,2026-08-17T18:48:05Z,2026-08-17T18:48:05Z,
139.135.46.0,ipv4,malicious-ip,medium,WHITE,ziyadnz/hourly-ipv4,ziyadnz|hourly,2026-08-17T18:48:05Z,2026-08-17T18:48:05Z,
139.135.46.123,ipv4,malicious-ip,medium,WHITE,ziyadnz/hourly-ipv4,ziyadnz|hourly,2026-08-17T18:48:05Z,2026-08-17T18:48:05Z,
139.135.46.161,ipv4,malicious-ip,medium,WHITE,ziyadnz/hourly-ipv4,ziyadnz|hourly,2026-08-17T18:48:05Z,2026-08-17T18:48:05Z,
139.135.46.224,ipv4,malicious-ip,medium,WHITE,ziyadnz/hourly-ipv4,ziyadnz|hourly,2026-08-17T18:48:05Z,2026-08-17T18:48:05Z,
139.135.46.255,ipv4,malicious-ip,medium,WHITE,ziyadnz/hourly-ipv4,ziyadnz|hourly,2026-08-17T18:48:05Z,2026-08-17T18:48:05Z,
139.135.46.27,ipv4,malicious-ip,medium,WHITE,ziyadnz/hourly-ipv4,ziyadnz|hourly,2026-08-17T18:48:05Z,2026-08-17T18:48:05Z,
139.135.46.57,ipv4,malicious-ip,medium,WHITE,ziyadnz/hourly-ipv4,ziyadnz|hourly,2026-08-17T18:48:05Z,2026-08-17T18:48:05Z,
139.135.46.8,ipv4,malicious-ip,medium,WHITE,ziyadnz/hourly-ipv4,ziyadnz|hourly,2026-08-17T18:48:05Z,2026-08-17T18:48:05Z,
139.135.46.80,ipv4,malicious-ip,medium,WHITE,ziyadnz/hourly-ipv4,ziyadnz|hourly,2026-08-17T18:48:05Z,2026-08-17T18:48:05Z,
139.135.52.54,ipv4,malicious-ip,medium,WHITE,ziyadnz/hourly-ipv4,ziyadnz|hourly,2026-08-17T18:48:05Z,2026-08-17T18:48:05Z,
139.135.55.226,ipv4,malicious-ip,medium,WHITE,ziyadnz/hourly-ipv4,ziyadnz|hourly,2026-08-17T18:48:05Z,2026-08-17T18:48:05Z,
139.135.57.246,ipv4,malicious-ip,medium,WHITE,ziyadnz/hourly-ipv4,ziyadnz|hourly,2026-08-17T18:48:05Z,2026-08-17T18:48:05Z,
139.135.59.166,ipv4,malicious-ip,medium,WHITE,ziyadnz/hourly-ipv4,ziyadnz|hourly,2026-08-17T18:48:05Z,2026-08-17T18:48:05Z,
139.135.59.171,ipv4,malicious-ip,medium,WHITE,ziyadnz/hourly-ipv4,ziyadnz|hourly,2026-08-17T18:48:05Z,2026-08-17T18:48:05Z,
139.135.59.255,ipv4,malicious-ip,medium,WHITE,ziyadnz/hourly-ipv4,ziyadnz|hourly,2026-08-17T18:48:05Z,2026-08-17T18:48:05Z,
139.135.60.107,ipv4,malicious-ip,medium,WHITE,ziyadnz/hourly-ipv4,ziyadnz|hourly,2026-08-17T18:48:05Z,2026-08-17T18:48:05Z,
139.135.60.186,ipv4,malicious-ip,medium,WHITE,ziyadnz/hourly-ipv4,ziyadnz|hourly,2026-08-17T18:48:05Z,2026-08-17T18:48:05Z,
139.135.60.218,ipv4,malicious-ip,medium,WHITE,ziyadnz/hourly-ipv4,ziyadnz|hourly,2026-08-17T18:48:05Z,2026-08-17T18:48:05Z,
139.135.60.31,ipv4,malicious-ip,medium,WHITE,ziyadnz/hourly-ipv4,ziyadnz|hourly,2026-08-17T18:48:05Z,2026-08-17T18:48:05Z,
139.135.63.8,ipv4,malicious-ip,medium,WHITE,ziyadnz/hourly-ipv4,ziyadnz|hourly,2026-08-17T18:48:05Z,2026-08-17T18:48:05Z,
139.144.135.236,ipv4,malicious-ip,medium,WHITE,ziyadnz/hourly-ipv4,ziyadnz|hourly,2026-08-17T18:48:05Z,2026-08-17T18:48:05Z,
139.144.199.41,ipv4,malicious-ip,medium,WHITE,ziyadnz/hourly-ipv4,ziyadnz|hourly,2026-08-17T18:48:05Z,2026-08-17T18:48:05Z,
139.144.219.54,ipv4,malicious-ip,medium,WHITE,ziyadnz/hourly-ipv4,ziyadnz|hourly,2026-08-17T18:48:05Z,2026-08-17T18:48:05Z,
139.144.235.132,ipv4,malicious-ip,medium,WHITE,ziyadnz/hourly-ipv4,ziyadnz|hourly,2026-08-17T18:48:05Z,2026-08-17T18:48:05Z,
139.144.239.72,ipv4,malicious-ip,medium,WHITE,ziyadnz/hourly-ipv4,ziyadnz|hourly,2026-08-17T18:48:05Z,2026-08-17T18:48:05Z,
139.144.239.98,ipv4,malicious-ip,medium,WHITE,ziyadnz/hourly-ipv4,ziyadnz|hourly,2026-08-17T18:48:05Z,2026-08-17T18:48:05Z,
139.144.79.152,ipv4,malicious-ip,medium,WHITE,ziyadnz/hourly-ipv4,ziyadnz|hourly,2026-08-17T18:48:05Z,2026-08-17T18:48:05Z,
139.155.126.16,ipv4,malicious-ip,medium,WHITE,ziyadnz/hourly-ipv4,ziyadnz|hourly,2026-08-17T18:48:05Z,2026-08-17T18:48:05Z,
139.155.134.17,ipv4,malicious-ip,medium,WHITE,ziyadnz/hourly-ipv4,ziyadnz|hourly,2026-08-17T18:48:05Z,2026-08-17T18:48:05Z,
139.155.205.24,ipv4,malicious-ip,medium,WHITE,ziyadnz/hourly-ipv4,ziyadnz|hourly,2026-08-17T18:48:05Z,2026-08-17T18:48:05Z,
139.155.82.217,ipv4,malicious-ip,medium,WHITE,ziyadnz/hourly-ipv4,ziyadnz|hourly,2026-08-17T18:48:05Z,2026-08-17T18:48:05Z,
139.159.192.50,ipv4,malicious-ip,medium,WHITE,ziyadnz/hourly-ipv4,ziyadnz|hourly,2026-08-17T18:48:05Z,2026-08-17T18:48:05Z,
139.159.226.211,ipv4,malicious-ip,medium,WHITE,ziyadnz/hourly-ipv4,ziyadnz|hourly,2026-08-17T18:48:05Z,2026-08-17T18:48:05Z,
139.162.103.94,ipv4,malicious-ip,medium,WHITE,ziyadnz/hourly-ipv4,ziyadnz|hourly,2026-08-17T18:48:05Z,2026-08-17T18:48:05Z,
139.162.106.23,ipv4,malicious-ip,medium,WHITE,ziyadnz/hourly-ipv4,ziyadnz|hourly,2026-08-17T18:48:05Z,2026-08-17T18:48:05Z,
139.162.109.245,ipv4,malicious-ip,medium,WHITE,ziyadnz/hourly-ipv4,ziyadnz|hourly,2026-08-17T18:48:05Z,2026-08-17T18:48:05Z,
139.162.11.152,ipv4,malicious-ip,medium,WHITE,ziyadnz/hourly-ipv4,ziyadnz|hourly,2026-08-17T18:48:05Z,2026-08-17T18:48:05Z,
139.162.113.212,ipv4,malicious-ip,medium,WHITE,ziyadnz/hourly-ipv4,ziyadnz|hourly,2026-08-17T18:48:05Z,2026-08-17T18:48:05Z,
139.162.116.148,ipv4,malicious-ip,medium,WHITE,ziyadnz/hourly-ipv4,ziyadnz|hourly,2026-08-17T18:48:05Z,2026-08-17T18:48:05Z,
139.162.116.160,ipv4,malicious-ip,medium,WHITE,ziyadnz/hourly-ipv4,ziyadnz|hourly,2026-08-17T18:48:05Z,2026-08-17T18:48:05Z,
139.162.116.22,ipv4,malicious-ip,medium,WHITE,ziyadnz/hourly-ipv4,ziyadnz|hourly,2026-08-17T18:48:05Z,2026-08-17T18:48:05Z,
139.162.117.40,ipv4,malicious-ip,medium,WHITE,ziyadnz/hourly-ipv4,ziyadnz|hourly,2026-08-17T18:48:05Z,2026-08-17T18:48:05Z,
139.162.120.104,ipv4,malicious-ip,medium,WHITE,ziyadnz/hourly-ipv4,ziyadnz|hourly,2026-08-17T18:48:05Z,2026-08-17T18:48:05Z,
139.162.141.152,ipv4,malicious-ip,medium,WHITE,ziyadnz/hourly-ipv4,ziyadnz|hourly,2026-08-17T18:48:05Z,2026-08-17T18:48:05Z,
139.162.148.85,ipv4,malicious-ip,medium,WHITE,ziyadnz/hourly-ipv4,ziyadnz|hourly,2026-08-17T18:48:05Z,2026-08-17T18:48:05Z,
139.162.154.211,ipv4,malicious-ip,medium,WHITE,ziyadnz/hourly-ipv4,ziyadnz|hourly,2026-08-17T18:48:05Z,2026-08-17T18:48:05Z,
139.162.158.51,ipv4,malicious-ip,medium,WHITE,ziyadnz/hourly-ipv4,ziyadnz|hourly,2026-08-17T18:48:05Z,2026-08-17T18:48:05Z,
139.162.167.193,ipv4,malicious-ip,medium,WHITE,ziyadnz/hourly-ipv4,ziyadnz|hourly,2026-08-17T18:48:05Z,2026-08-17T18:48:05Z,
139.162.173.209,ipv4,malicious-ip,medium,WHITE,ziyadnz/hourly-ipv4,ziyadnz|hourly,2026-08-17T18:48:05Z,2026-08-17T18:48:05Z,
139.162.179.170,ipv4,malicious-ip,medium,WHITE,ziyadnz/hourly-ipv4,ziyadnz|hourly,2026-08-17T18:48:05Z,2026-08-17T18:48:05Z,
139.162.181.164,ipv4,malicious-ip,medium,WHITE,ziyadnz/hourly-ipv4,ziyadnz|hourly,2026-08-17T18:48:05Z,2026-08-17T18:48:05Z,
139.162.195.202,ipv4,malicious-ip,medium,WHITE,ziyadnz/hourly-ipv4,ziyadnz|hourly,2026-08-17T18:48:05Z,2026-08-17T18:48:05Z,
139.162.208.30,ipv4,malicious-ip,medium,WHITE,ziyadnz/hourly-ipv4,ziyadnz|hourly,2026-08-17T18:48:05Z,2026-08-17T18:48:05Z,
139.162.24.97,ipv4,malicious-ip,medium,WHITE,ziyadnz/hourly-ipv4,ziyadnz|hourly,2026-08-17T18:48:05Z,2026-08-17T18:48:05Z,
139.162.3.144,ipv4,malicious-ip,medium,WHITE,ziyadnz/hourly-ipv4,ziyadnz|hourly,2026-08-17T18:48:05Z,2026-08-17T18:48:05Z,
139.162.51.137,ipv4,malicious-ip,medium,WHITE,ziyadnz/hourly-ipv4,ziyadnz|hourly,2026-08-17T18:48:05Z,2026-08-17T18:48:05Z,
139.162.66.65,ipv4,malicious-ip,medium,WHITE,ziyadnz/hourly-ipv4,ziyadnz|hourly,2026-08-17T18:48:05Z,2026-08-17T18:48:05Z,
139.162.69.42,ipv4,malicious-ip,medium,WHITE,ziyadnz/hourly-ipv4,ziyadnz|hourly,2026-08-17T18:48:05Z,2026-08-17T18:48:05Z,
139.162.78.6,ipv4,malicious-ip,medium,WHITE,ziyadnz/hourly-ipv4,ziyadnz|hourly,2026-08-17T18:48:05Z,2026-08-17T18:48:05Z,
139.162.80.114,ipv4,malicious-ip,medium,WHITE,ziyadnz/hourly-ipv4,ziyadnz|hourly,2026-08-17T18:48:05Z,2026-08-17T18:48:05Z,
139.162.88.198,ipv4,malicious-ip,medium,WHITE,ziyadnz/hourly-ipv4,ziyadnz|hourly,2026-08-17T18:48:05Z,2026-08-17T18:48:05Z,
139.162.89.236,ipv4,malicious-ip,medium,WHITE,ziyadnz/hourly-ipv4,ziyadnz|hourly,2026-08-17T18:48:05Z,2026-08-17T18:48:05Z,
139.162.99.58,ipv4,malicious-ip,medium,WHITE,ziyadnz/hourly-ipv4,ziyadnz|hourly,2026-08-17T18:48:05Z,2026-08-17T18:48:05Z,
139.167.225.122,ipv4,malicious-ip,medium,WHITE,ziyadnz/hourly-ipv4,ziyadnz|hourly,2026-08-17T18:48:05Z,2026-08-17T18:48:05Z,
139.167.225.182,ipv4,malicious-ip,medium,WHITE,ziyadnz/hourly-ipv4,ziyadnz|hourly,2026-08-17T18:48:05Z,2026-08-17T18:48:05Z,
139.167.26.43,ipv4,malicious-ip,medium,WHITE,ziyadnz/hourly-ipv4,ziyadnz|hourly,2026-08-17T18:48:05Z,2026-08-17T18:48:05Z,
139.170.155.208,ipv4,malicious-ip,medium,WHITE,ziyadnz/hourly-ipv4,ziyadnz|hourly,2026-08-17T18:48:05Z,2026-08-17T18:48:05Z,
139.170.72.10,ipv4,malicious-ip,medium,WHITE,ziyadnz/hourly-ipv4,ziyadnz|hourly,2026-08-17T18:48:05Z,2026-08-17T18:48:05Z,
139.170.72.107,ipv4,malicious-ip,medium,WHITE,ziyadnz/hourly-ipv4,ziyadnz|hourly,2026-08-17T18:48:05Z,2026-08-17T18:48:05Z,
139.170.72.123,ipv4,malicious-ip,medium,WHITE,ziyadnz/hourly-ipv4,ziyadnz|hourly,2026-08-17T18:48:05Z,2026-08-17T18:48:05Z,
139.170.72.130,ipv4,malicious-ip,medium,WHITE,ziyadnz/hourly-ipv4,ziyadnz|hourly,2026-08-17T18:48:05Z,2026-08-17T18:48:05Z,
139.170.72.135,ipv4,malicious-ip,medium,WHITE,ziyadnz/hourly-ipv4,ziyadnz|hourly,2026-08-17T18:48:05Z,2026-08-17T18:48:05Z,
139.170.72.137,ipv4,malicious-ip,medium,WHITE,ziyadnz/hourly-ipv4,ziyadnz|hourly,2026-08-17T18:48:05Z,2026-08-17T18:48:05Z,
139.170.72.17,ipv4,malicious-ip,medium,WHITE,ziyadnz/hourly-ipv4,ziyadnz|hourly,2026-08-17T18:48:05Z,2026-08-17T18:48:05Z,
139.170.72.202,ipv4,malicious-ip,medium,WHITE,ziyadnz/hourly-ipv4,ziyadnz|hourly,2026-08-17T18:48:05Z,2026-08-17T18:48:05Z,
139.170.72.211,ipv4,malicious-ip,medium,WHITE,ziyadnz/hourly-ipv4,ziyadnz|hourly,2026-08-17T18:48:05Z,2026-08-17T18:48:05Z,
139.170.72.232,ipv4,malicious-ip,medium,WHITE,ziyadnz/hourly-ipv4,ziyadnz|hourly,2026-08-17T18:48:05Z,2026-08-17T18:48:05Z,
139.170.72.234,ipv4,malicious-ip,medium,WHITE,ziyadnz/hourly-ipv4,ziyadnz|hourly,2026-08-17T18:48:05Z,2026-08-17T18:48:05Z,
139.170.72.255,ipv4,malicious-ip,medium,WHITE,ziyadnz/hourly-ipv4,ziyadnz|hourly,2026-08-17T18:48:05Z,2026-08-17T18:48:05Z,
139.170.72.38,ipv4,malicious-ip,medium,WHITE,ziyadnz/hourly-ipv4,ziyadnz|hourly,2026-08-17T18:48:05Z,2026-08-17T18:48:05Z,
139.170.72.45,ipv4,malicious-ip,medium,WHITE,ziyadnz/hourly-ipv4,ziyadnz|hourly,2026-08-17T18:48:05Z,2026-08-17T18:48:05Z,
139.170.72.58,ipv4,malicious-ip,medium,WHITE,ziyadnz/hourly-ipv4,ziyadnz|hourly,2026-08-17T18:48:05Z,2026-08-17T18:48:05Z,
139.170.72.68,ipv4,malicious-ip,medium,WHITE,ziyadnz/hourly-ipv4,ziyadnz|hourly,2026-08-17T18:48:05Z,2026-08-17T18:48:05Z,
139.170.72.71,ipv4,malicious-ip,medium,WHITE,ziyadnz/hourly-ipv4,ziyadnz|hourly,2026-08-17T18:48:05Z,2026-08-17T18:48:05Z,
139.170.72.96,ipv4,malicious-ip,medium,WHITE,ziyadnz/hourly-ipv4,ziyadnz|hourly,2026-08-17T18:48:05Z,2026-08-17T18:48:05Z,
139.170.73.120,ipv4,malicious-ip,medium,WHITE,ziyadnz/hourly-ipv4,ziyadnz|hourly,2026-08-17T18:48:05Z,2026-08-17T18:48:05Z,
139.170.73.149,ipv4,malicious-ip,medium,WHITE,ziyadnz/hourly-ipv4,ziyadnz|hourly,2026-08-17T18:48:05Z,2026-08-17T18:48:05Z,
139.170.73.173,ipv4,malicious-ip,medium,WHITE,ziyadnz/hourly-ipv4,ziyadnz|hourly,2026-08-17T18:48:05Z,2026-08-17T18:48:05Z,
139.170.73.184,ipv4,malicious-ip,medium,WHITE,ziyadnz/hourly-ipv4,ziyadnz|hourly,2026-08-17T18:48:05Z,2026-08-17T18:48:05Z,
139.170.73.186,ipv4,malicious-ip,medium,WHITE,ziyadnz/hourly-ipv4,ziyadnz|hourly,2026-08-17T18:48:05Z,2026-08-17T18:48:05Z,
139.170.73.190,ipv4,malicious-ip,medium,WHITE,ziyadnz/hourly-ipv4,ziyadnz|hourly,2026-08-17T18:48:05Z,2026-08-17T18:48:05Z,
139.170.73.247,ipv4,malicious-ip,medium,WHITE,ziyadnz/hourly-ipv4,ziyadnz|hourly,2026-08-17T18:48:05Z,2026-08-17T18:48:05Z,
139.170.73.38,ipv4,malicious-ip,medium,WHITE,ziyadnz/hourly-ipv4,ziyadnz|hourly,2026-08-17T18:48:05Z,2026-08-17T18:48:05Z,
139.170.73.47,ipv4,malicious-ip,medium,WHITE,ziyadnz/hourly-ipv4,ziyadnz|hourly,2026-08-17T18:48:05Z,2026-08-17T18:48:05Z,
139.170.73.79,ipv4,malicious-ip,medium,WHITE,ziyadnz/hourly-ipv4,ziyadnz|hourly,2026-08-17T18:48:05Z,2026-08-17T18:48:05Z,
139.170.73.89,ipv4,malicious-ip,medium,WHITE,ziyadnz/hourly-ipv4,ziyadnz|hourly,2026-08-17T18:48:05Z,2026-08-17T18:48:05Z,
139.177.146.152,ipv4,malicious-ip,medium,WHITE,ziyadnz/hourly-ipv4,ziyadnz|hourly,2026-08-17T18:48:05Z,2026-08-17T18:48:05Z,
139.177.190.243,ipv4,malicious-ip,medium,WHITE,ziyadnz/hourly-ipv4,ziyadnz|hourly,2026-08-17T18:48:05Z,2026-08-17T18:48:05Z,
139.177.192.145,ipv4,malicious-ip,medium,WHITE,ziyadnz/hourly-ipv4,ziyadnz|hourly,2026-08-17T18:48:05Z,2026-08-17T18:48:05Z,
139.177.194.207,ipv4,malicious-ip,medium,WHITE,ziyadnz/hourly-ipv4,ziyadnz|hourly,2026-08-17T18:48:05Z,2026-08-17T18:48:05Z,
139.177.196.108,ipv4,malicious-ip,medium,WHITE,ziyadnz/hourly-ipv4,ziyadnz|hourly,2026-08-17T18:48:05Z,2026-08-17T18:48:05Z,
139.177.196.128,ipv4,malicious-ip,medium,WHITE,ziyadnz/hourly-ipv4,ziyadnz|hourly,2026-08-17T18:48:05Z,2026-08-17T18:48:05Z,
139.177.196.148,ipv4,malicious-ip,medium,WHITE,ziyadnz/hourly-ipv4,ziyadnz|hourly,2026-08-17T18:48:05Z,2026-08-17T18:48:05Z,
139.177.196.155,ipv4,malicious-ip,medium,WHITE,ziyadnz/hourly-ipv4,ziyadnz|hourly,2026-08-17T18:48:05Z,2026-08-17T18:48:05Z,
139.177.196.170,ipv4,malicious-ip,medium,WHITE,ziyadnz/hourly-ipv4,ziyadnz|hourly,2026-08-17T18:48:05Z,2026-08-17T18:48:05Z,
139.177.196.95,ipv4,malicious-ip,medium,WHITE,ziyadnz/hourly-ipv4,ziyadnz|hourly,2026-08-17T18:48:05Z,2026-08-17T18:48:05Z,
139.177.198.171,ipv4,malicious-ip,medium,WHITE,ziyadnz/hourly-ipv4,ziyadnz|hourly,2026-08-17T18:48:05Z,2026-08-17T18:48:05Z,
139.177.198.173,ipv4,malicious-ip,medium,WHITE,ziyadnz/hourly-ipv4,ziyadnz|hourly,2026-08-17T18:48:05Z,2026-08-17T18:48:05Z,
139.177.198.174,ipv4,malicious-ip,medium,WHITE,ziyadnz/hourly-ipv4,ziyadnz|hourly,2026-08-17T18:48:05Z,2026-08-17T18:48:05Z,
139.177.198.175,ipv4,malicious-ip,medium,WHITE,ziyadnz/hourly-ipv4,ziyadnz|hourly,2026-08-17T18:48:05Z,2026-08-17T18:48:05Z,
139.177.198.176,ipv4,malicious-ip,medium,WHITE,ziyadnz/hourly-ipv4,ziyadnz|hourly,2026-08-17T18:48:05Z,2026-08-17T18:48:05Z,
139.177.205.22,ipv4,malicious-ip,medium,WHITE,ziyadnz/hourly-ipv4,ziyadnz|hourly,2026-08-17T18:48:05Z,2026-08-17T18:48:05Z,
139.177.205.25,ipv4,malicious-ip,medium,WHITE,ziyadnz/hourly-ipv4,ziyadnz|hourly,2026-08-17T18:48:05Z,2026-08-17T18:48:05Z,
139.177.205.60,ipv4,malicious-ip,medium,WHITE,ziyadnz/hourly-ipv4,ziyadnz|hourly,2026-08-17T18:48:05Z,2026-08-17T18:48:05Z,
139.177.205.71,ipv4,malicious-ip,medium,WHITE,ziyadnz/hourly-ipv4,ziyadnz|hourly,2026-08-17T18:48:05Z,2026-08-17T18:48:05Z,
139.177.206.6,ipv4,malicious-ip,medium,WHITE,ziyadnz/hourly-ipv4,ziyadnz|hourly,2026-08-17T18:48:05Z,2026-08-17T18:48:05Z,
139.177.207.222,ipv4,malicious-ip,medium,WHITE,ziyadnz/hourly-ipv4,ziyadnz|hourly,2026-08-17T18:48:05Z,2026-08-17T18:48:05Z,
139.180.128.142,ipv4,malicious-ip,medium,WHITE,ziyadnz/hourly-ipv4,ziyadnz|hourly,2026-08-17T18:48:05Z,2026-08-17T18:48:05Z,
139.180.128.42,ipv4,malicious-ip,medium,WHITE,ziyadnz/hourly-ipv4,ziyadnz|hourly,2026-08-17T18:48:05Z,2026-08-17T18:48:05Z,
139.180.131.153,ipv4,malicious-ip,medium,WHITE,ziyadnz/hourly-ipv4,ziyadnz|hourly,2026-08-17T18:48:05Z,2026-08-17T18:48:05Z,
139.180.134.221,ipv4,malicious-ip,medium,WHITE,ziyadnz/hourly-ipv4,ziyadnz|hourly,2026-08-17T18:48:05Z,2026-08-17T18:48:05Z,
139.180.137.107,ipv4,malicious-ip,medium,WHITE,ziyadnz/hourly-ipv4,ziyadnz|hourly,2026-08-17T18:48:05Z,2026-08-17T18:48:05Z,
139.180.138.49,ipv4,malicious-ip,medium,WHITE,ziyadnz/hourly-ipv4,ziyadnz|hourly,2026-08-17T18:48:05Z,2026-08-17T18:48:05Z,
139.180.139.209,ipv4,malicious-ip,medium,WHITE,ziyadnz/hourly-ipv4,ziyadnz|hourly,2026-08-17T18:48:05Z,2026-08-17T18:48:05Z,
139.180.145.121,ipv4,malicious-ip,medium,WHITE,ziyadnz/hourly-ipv4,ziyadnz|hourly,2026-08-17T18:48:05Z,2026-08-17T18:48:05Z,
139.180.160.173,ipv4,malicious-ip,medium,WHITE,ziyadnz/hourly-ipv4,ziyadnz|hourly,2026-08-17T18:48:05Z,2026-08-17T18:48:05Z,
139.180.161.195,ipv4,malicious-ip,medium,WHITE,ziyadnz/hourly-ipv4,ziyadnz|hourly,2026-08-17T18:48:05Z,2026-08-17T18:48:05Z,
139.180.169.243,ipv4,malicious-ip,medium,WHITE,ziyadnz/hourly-ipv4,ziyadnz|hourly,2026-08-17T18:48:05Z,2026-08-17T18:48:05Z,
139.180.184.147,ipv4,malicious-ip,medium,WHITE,ziyadnz/hourly-ipv4,ziyadnz|hourly,2026-08-17T18:48:05Z,2026-08-17T18:48:05Z,
139.180.184.197,ipv4,malicious-ip,medium,WHITE,ziyadnz/hourly-ipv4,ziyadnz|hourly,2026-08-17T18:48:05Z,2026-08-17T18:48:05Z,
139.180.185.24,ipv4,malicious-ip,medium,WHITE,ziyadnz/hourly-ipv4,ziyadnz|hourly,2026-08-17T18:48:05Z,2026-08-17T18:48:05Z,
139.180.185.248,ipv4,malicious-ip,medium,WHITE,ziyadnz/hourly-ipv4,ziyadnz|hourly,2026-08-17T18:48:05Z,2026-08-17T18:48:05Z,
139.180.216.25,ipv4,malicious-ip,medium,WHITE,ziyadnz/hourly-ipv4,ziyadnz|hourly,2026-08-17T18:48:05Z,2026-08-17T18:48:05Z,
139.180.219.115,ipv4,malicious-ip,medium,WHITE,ziyadnz/hourly-ipv4,ziyadnz|hourly,2026-08-17T18:48:05Z,2026-08-17T18:48:05Z,
139.185.49.216,ipv4,malicious-ip,medium,WHITE,ziyadnz/hourly-ipv4,ziyadnz|hourly,2026-08-17T18:48:05Z,2026-08-17T18:48:05Z,
139.185.55.154,ipv4,malicious-ip,medium,WHITE,ziyadnz/hourly-ipv4,ziyadnz|hourly,2026-08-17T18:48:05Z,2026-08-17T18:48:05Z,
139.189.112.77,ipv4,malicious-ip,medium,WHITE,ziyadnz/hourly-ipv4,ziyadnz|hourly,2026-08-17T18:48:05Z,2026-08-17T18:48:05Z,
139.19.117.129,ipv4,malicious-ip,medium,WHITE,ziyadnz/hourly-ipv4,ziyadnz|hourly,2026-08-17T18:48:05Z,2026-08-17T18:48:05Z,
139.190.183.171,ipv4,malicious-ip,medium,WHITE,ziyadnz/hourly-ipv4,ziyadnz|hourly,2026-08-17T18:48:05Z,2026-08-17T18:48:05Z,
139.196.206.51,ipv4,malicious-ip,medium,WHITE,ziyadnz/hourly-ipv4,ziyadnz|hourly,2026-08-17T18:48:05Z,2026-08-17T18:48:05Z,
139.196.233.223,ipv4,malicious-ip,medium,WHITE,ziyadnz/hourly-ipv4,ziyadnz|hourly,2026-08-17T18:48:05Z,2026-08-17T18:48:05Z,
139.196.252.131,ipv4,malicious-ip,medium,WHITE,ziyadnz/hourly-ipv4,ziyadnz|hourly,2026-08-17T18:48:05Z,2026-08-17T18:48:05Z,
139.196.27.86,ipv4,malicious-ip,medium,WHITE,ziyadnz/hourly-ipv4,ziyadnz|hourly,2026-08-17T18:48:05Z,2026-08-17T18:48:05Z,
139.198.29.172,ipv4,malicious-ip,medium,WHITE,ziyadnz/hourly-ipv4,ziyadnz|hourly,2026-08-17T18:48:05Z,2026-08-17T18:48:05Z,
139.199.14.186,ipv4,malicious-ip,medium,WHITE,ziyadnz/hourly-ipv4,ziyadnz|hourly,2026-08-17T18:48:05Z,2026-08-17T18:48:05Z,
139.199.168.125,ipv4,malicious-ip,medium,WHITE,ziyadnz/hourly-ipv4,ziyadnz|hourly,2026-08-17T18:48:05Z,2026-08-17T18:48:05Z,
139.199.168.63,ipv4,malicious-ip,medium,WHITE,ziyadnz/hourly-ipv4,ziyadnz|hourly,2026-08-17T18:48:05Z,2026-08-17T18:48:05Z,
139.199.182.94,ipv4,malicious-ip,medium,WHITE,ziyadnz/hourly-ipv4,ziyadnz|hourly,2026-08-17T18:48:05Z,2026-08-17T18:48:05Z,
139.199.19.131,ipv4,malicious-ip,medium,WHITE,ziyadnz/hourly-ipv4,ziyadnz|hourly,2026-08-17T18:48:05Z,2026-08-17T18:48:05Z,
139.199.191.192,ipv4,malicious-ip,medium,WHITE,ziyadnz/hourly-ipv4,ziyadnz|hourly,2026-08-17T18:48:05Z,2026-08-17T18:48:05Z,
139.199.57.160,ipv4,malicious-ip,medium,WHITE,ziyadnz/hourly-ipv4,ziyadnz|hourly,2026-08-17T18:48:05Z,2026-08-17T18:48:05Z,
139.199.6.214,ipv4,malicious-ip,medium,WHITE,ziyadnz/hourly-ipv4,ziyadnz|hourly,2026-08-17T18:48:05Z,2026-08-17T18:48:05Z,
139.199.62.179,ipv4,malicious-ip,medium,WHITE,ziyadnz/hourly-ipv4,ziyadnz|hourly,2026-08-17T18:48:05Z,2026-08-17T18:48:05Z,
139.202.176.170,ipv4,malicious-ip,medium,WHITE,ziyadnz/hourly-ipv4,ziyadnz|hourly,2026-08-17T18:48:05Z,2026-08-17T18:48:05Z,
139.202.38.206,ipv4,malicious-ip,medium,WHITE,ziyadnz/hourly-ipv4,ziyadnz|hourly,2026-08-17T18:48:05Z,2026-08-17T18:48:05Z,
139.207.1.229,ipv4,malicious-ip,medium,WHITE,ziyadnz/hourly-ipv4,ziyadnz|hourly,2026-08-17T18:48:05Z,2026-08-17T18:48:05Z,
139.210.168.7,ipv4,malicious-ip,medium,WHITE,ziyadnz/hourly-ipv4,ziyadnz|hourly,2026-08-17T18:48:05Z,2026-08-17T18:48:05Z,
139.210.35.246,ipv4,malicious-ip,medium,WHITE,ziyadnz/hourly-ipv4,ziyadnz|hourly,2026-08-17T18:48:05Z,2026-08-17T18:48:05Z,
139.211.199.82,ipv4,malicious-ip,medium,WHITE,ziyadnz/hourly-ipv4,ziyadnz|hourly,2026-08-17T18:48:05Z,2026-08-17T18:48:05Z,
139.212.68.223,ipv4,malicious-ip,medium,WHITE,ziyadnz/hourly-ipv4,ziyadnz|hourly,2026-08-17T18:48:05Z,2026-08-17T18:48:05Z,
139.212.77.119,ipv4,malicious-ip,medium,WHITE,ziyadnz/hourly-ipv4,ziyadnz|hourly,2026-08-17T18:48:05Z,2026-08-17T18:48:05Z,
139.212.94.109,ipv4,malicious-ip,medium,WHITE,ziyadnz/hourly-ipv4,ziyadnz|hourly,2026-08-17T18:48:05Z,2026-08-17T18:48:05Z,
139.213.205.176,ipv4,malicious-ip,medium,WHITE,ziyadnz/hourly-ipv4,ziyadnz|hourly,2026-08-17T18:48:05Z,2026-08-17T18:48:05Z,
139.213.71.174,ipv4,malicious-ip,medium,WHITE,ziyadnz/hourly-ipv4,ziyadnz|hourly,2026-08-17T18:48:05Z,2026-08-17T18:48:05Z,
139.214.181.103,ipv4,malicious-ip,medium,WHITE,ziyadnz/hourly-ipv4,ziyadnz|hourly,2026-08-17T18:48:05Z,2026-08-17T18:48:05Z,
139.214.251.139,ipv4,malicious-ip,medium,WHITE,ziyadnz/hourly-ipv4,ziyadnz|hourly,2026-08-17T18:48:05Z,2026-08-17T18:48:05Z,
139.214.251.14,ipv4,malicious-ip,medium,WHITE,ziyadnz/hourly-ipv4,ziyadnz|hourly,2026-08-17T18:48:05Z,2026-08-17T18:48:05Z,
139.214.251.205,ipv4,malicious-ip,medium,WHITE,ziyadnz/hourly-ipv4,ziyadnz|hourly,2026-08-17T18:48:05Z,2026-08-17T18:48:05Z,
139.214.251.75,ipv4,malicious-ip,medium,WHITE,ziyadnz/hourly-ipv4,ziyadnz|hourly,2026-08-17T18:48:05Z,2026-08-17T18:48:05Z,
139.215.45.250,ipv4,malicious-ip,medium,WHITE,ziyadnz/hourly-ipv4,ziyadnz|hourly,2026-08-17T18:48:05Z,2026-08-17T18:48:05Z,
139.219.4.166,ipv4,malicious-ip,medium,WHITE,ziyadnz/hourly-ipv4,ziyadnz|hourly,2026-08-17T18:48:05Z,2026-08-17T18:48:05Z,
139.224.168.24,ipv4,malicious-ip,medium,WHITE,ziyadnz/hourly-ipv4,ziyadnz|hourly,2026-08-17T18:48:05Z,2026-08-17T18:48:05Z,
139.224.20.173,ipv4,malicious-ip,medium,WHITE,ziyadnz/hourly-ipv4,ziyadnz|hourly,2026-08-17T18:48:05Z,2026-08-17T18:48:05Z,
139.224.219.119,ipv4,malicious-ip,medium,WHITE,ziyadnz/hourly-ipv4,ziyadnz|hourly,2026-08-17T18:48:05Z,2026-08-17T18:48:05Z,
139.224.42.252,ipv4,malicious-ip,medium,WHITE,ziyadnz/hourly-ipv4,ziyadnz|hourly,2026-08-17T18:48:05Z,2026-08-17T18:48:05Z,
139.224.49.196,ipv4,malicious-ip,medium,WHITE,ziyadnz/hourly-ipv4,ziyadnz|hourly,2026-08-17T18:48:05Z,2026-08-17T18:48:05Z,
139.227.59.46,ipv4,malicious-ip,medium,WHITE,ziyadnz/hourly-ipv4,ziyadnz|hourly,2026-08-17T18:48:05Z,2026-08-17T18:48:05Z,
139.255.17.207,ipv4,malicious-ip,medium,WHITE,ziyadnz/hourly-ipv4,ziyadnz|hourly,2026-08-17T18:48:05Z,2026-08-17T18:48:05Z,
139.255.26.154,ipv4,malicious-ip,medium,WHITE,ziyadnz/hourly-ipv4,ziyadnz|hourly,2026-08-17T18:48:05Z,2026-08-17T18:48:05Z,
139.255.64.122,ipv4,malicious-ip,medium,WHITE,ziyadnz/hourly-ipv4,ziyadnz|hourly,2026-08-17T18:48:05Z,2026-08-17T18:48:05Z,
139.255.66.35,ipv4,malicious-ip,medium,WHITE,ziyadnz/hourly-ipv4,ziyadnz|hourly,2026-08-17T18:48:05Z,2026-08-17T18:48:05Z,
139.28.190.0,ipv4,malicious-ip,medium,WHITE,ziyadnz/hourly-ipv4,ziyadnz|hourly,2026-08-17T18:48:05Z,2026-08-17T18:48:05Z,
139.28.190.12,ipv4,malicious-ip,medium,WHITE,ziyadnz/hourly-ipv4,ziyadnz|hourly,2026-08-17T18:48:05Z,2026-08-17T18:48:05Z,
139.28.190.156,ipv4,malicious-ip,medium,WHITE,ziyadnz/hourly-ipv4,ziyadnz|hourly,2026-08-17T18:48:05Z,2026-08-17T18:48:05Z,
139.28.190.167,ipv4,malicious-ip,medium,WHITE,ziyadnz/hourly-ipv4,ziyadnz|hourly,2026-08-17T18:48:05Z,2026-08-17T18:48:05Z,
139.28.190.177,ipv4,malicious-ip,medium,WHITE,ziyadnz/hourly-ipv4,ziyadnz|hourly,2026-08-17T18:48:05Z,2026-08-17T18:48:05Z,
139.28.190.184,ipv4,malicious-ip,medium,WHITE,ziyadnz/hourly-ipv4,ziyadnz|hourly,2026-08-17T18:48:05Z,2026-08-17T18:48:05Z,
139.28.190.206,ipv4,malicious-ip,medium,WHITE,ziyadnz/hourly-ipv4,ziyadnz|hourly,2026-08-17T18:48:05Z,2026-08-17T18:48:05Z,
139.28.190.209,ipv4,malicious-ip,medium,WHITE,ziyadnz/hourly-ipv4,ziyadnz|hourly,2026-08-17T18:48:05Z,2026-08-17T18:48:05Z,
139.28.190.232,ipv4,malicious-ip,medium,WHITE,ziyadnz/hourly-ipv4,ziyadnz|hourly,2026-08-17T18:48:05Z,2026-08-17T18:48:05Z,
139.28.190.238,ipv4,malicious-ip,medium,WHITE,ziyadnz/hourly-ipv4,ziyadnz|hourly,2026-08-17T18:48:05Z,2026-08-17T18:48:05Z,
139.28.190.242,ipv4,malicious-ip,medium,WHITE,ziyadnz/hourly-ipv4,ziyadnz|hourly,2026-08-17T18:48:05Z,2026-08-17T18:48:05Z,
139.28.190.244,ipv4,malicious-ip,medium,WHITE,ziyadnz/hourly-ipv4,ziyadnz|hourly,2026-08-17T18:48:05Z,2026-08-17T18:48:05Z,
139.28.190.250,ipv4,malicious-ip,medium,WHITE,ziyadnz/hourly-ipv4,ziyadnz|hourly,2026-08-17T18:48:05Z,2026-08-17T18:48:05Z,
139.28.190.251,ipv4,malicious-ip,medium,WHITE,ziyadnz/hourly-ipv4,ziyadnz|hourly,2026-08-17T18:48:05Z,2026-08-17T18:48:05Z,
139.28.219.68,ipv4,malicious-ip,medium,WHITE,ziyadnz/hourly-ipv4,ziyadnz|hourly,2026-08-17T18:48:05Z,2026-08-17T18:48:05Z,
139.28.240.53,ipv4,malicious-ip,medium,WHITE,ziyadnz/hourly-ipv4,ziyadnz|hourly,2026-08-17T18:48:05Z,2026-08-17T18:48:05Z,
139.28.29.36,ipv4,malicious-ip,medium,WHITE,ziyadnz/hourly-ipv4,ziyadnz|hourly,2026-08-17T18:48:05Z,2026-08-17T18:48:05Z,
139.28.36.230,ipv4,malicious-ip,medium,WHITE,ziyadnz/hourly-ipv4,ziyadnz|hourly,2026-08-17T18:48:05Z,2026-08-17T18:48:05Z,
139.28.37.250,ipv4,malicious-ip,medium,WHITE,ziyadnz/hourly-ipv4,ziyadnz|hourly,2026-08-17T18:48:05Z,2026-08-17T18:48:05Z,
139.28.49.119,ipv4,malicious-ip,medium,WHITE,ziyadnz/hourly-ipv4,ziyadnz|hourly,2026-08-17T18:48:05Z,2026-08-17T18:48:05Z,
139.28.49.248,ipv4,malicious-ip,medium,WHITE,ziyadnz/hourly-ipv4,ziyadnz|hourly,2026-08-17T18:48:05Z,2026-08-17T18:48:05Z,
139.28.97.111,ipv4,malicious-ip,medium,WHITE,ziyadnz/hourly-ipv4,ziyadnz|hourly,2026-08-17T18:48:05Z,2026-08-17T18:48:05Z,
139.47.125.14,ipv4,malicious-ip,medium,WHITE,ziyadnz/hourly-ipv4,ziyadnz|hourly,2026-08-17T18:48:05Z,2026-08-17T18:48:05Z,
139.47.153.75,ipv4,malicious-ip,medium,WHITE,ziyadnz/hourly-ipv4,ziyadnz|hourly,2026-08-17T18:48:05Z,2026-08-17T18:48:05Z,
139.47.158.7,ipv4,malicious-ip,medium,WHITE,ziyadnz/hourly-ipv4,ziyadnz|hourly,2026-08-17T18:48:05Z,2026-08-17T18:48:05Z,
139.5.0.145,ipv4,malicious-ip,medium,WHITE,ziyadnz/hourly-ipv4,ziyadnz|hourly,2026-08-17T18:48:05Z,2026-08-17T18:48:05Z,
139.5.0.39,ipv4,malicious-ip,medium,WHITE,ziyadnz/hourly-ipv4,ziyadnz|hourly,2026-08-17T18:48:05Z,2026-08-17T18:48:05Z,
139.5.1.158,ipv4,malicious-ip,medium,WHITE,ziyadnz/hourly-ipv4,ziyadnz|hourly,2026-08-17T18:48:05Z,2026-08-17T18:48:05Z,
139.5.1.219,ipv4,malicious-ip,medium,WHITE,ziyadnz/hourly-ipv4,ziyadnz|hourly,2026-08-17T18:48:05Z,2026-08-17T18:48:05Z,
139.5.108.151,ipv4,malicious-ip,medium,WHITE,ziyadnz/hourly-ipv4,ziyadnz|hourly,2026-08-17T18:48:05Z,2026-08-17T18:48:05Z,
139.5.108.230,ipv4,malicious-ip,medium,WHITE,ziyadnz/hourly-ipv4,ziyadnz|hourly,2026-08-17T18:48:05Z,2026-08-17T18:48:05Z,
139.5.157.222,ipv4,malicious-ip,medium,WHITE,ziyadnz/hourly-ipv4,ziyadnz|hourly,2026-08-17T18:48:05Z,2026-08-17T18:48:05Z,
139.5.157.223,ipv4,malicious-ip,medium,WHITE,ziyadnz/hourly-ipv4,ziyadnz|hourly,2026-08-17T18:48:05Z,2026-08-17T18:48:05Z,
139.5.238.165,ipv4,malicious-ip,medium,WHITE,ziyadnz/hourly-ipv4,ziyadnz|hourly,2026-08-17T18:48:05Z,2026-08-17T18:48:05Z,
139.5.242.201,ipv4,malicious-ip,medium,WHITE,ziyadnz/hourly-ipv4,ziyadnz|hourly,2026-08-17T18:48:05Z,2026-08-17T18:48:05Z,
139.5.242.227,ipv4,malicious-ip,medium,WHITE,ziyadnz/hourly-ipv4,ziyadnz|hourly,2026-08-17T18:48:05Z,2026-08-17T18:48:05Z,
139.5.242.71,ipv4,malicious-ip,medium,WHITE,ziyadnz/hourly-ipv4,ziyadnz|hourly,2026-08-17T18:48:05Z,2026-08-17T18:48:05Z,
139.5.39.3,ipv4,malicious-ip,medium,WHITE,ziyadnz/hourly-ipv4,ziyadnz|hourly,2026-08-17T18:48:05Z,2026-08-17T18:48:05Z,
139.5.71.207,ipv4,malicious-ip,medium,WHITE,ziyadnz/hourly-ipv4,ziyadnz|hourly,2026-08-17T18:48:05Z,2026-08-17T18:48:05Z,
139.5.75.8,ipv4,malicious-ip,medium,WHITE,ziyadnz/hourly-ipv4,ziyadnz|hourly,2026-08-17T18:48:05Z,2026-08-17T18:48:05Z,
139.59.105.31,ipv4,malicious-ip,medium,WHITE,ziyadnz/hourly-ipv4,ziyadnz|hourly,2026-08-17T18:48:05Z,2026-08-17T18:48:05Z,
139.59.107.152,ipv4,malicious-ip,medium,WHITE,ziyadnz/hourly-ipv4,ziyadnz|hourly,2026-08-17T18:48:05Z,2026-08-17T18:48:05Z,
139.59.108.30,ipv4,malicious-ip,medium,WHITE,ziyadnz/hourly-ipv4,ziyadnz|hourly,2026-08-17T18:48:05Z,2026-08-17T18:48:05Z,
139.59.108.43,ipv4,malicious-ip,medium,WHITE,ziyadnz/hourly-ipv4,ziyadnz|hourly,2026-08-17T18:48:05Z,2026-08-17T18:48:05Z,
139.59.11.66,ipv4,malicious-ip,medium,WHITE,ziyadnz/hourly-ipv4,ziyadnz|hourly,2026-08-17T18:48:05Z,2026-08-17T18:48:05Z,
139.59.117.2,ipv4,malicious-ip,medium,WHITE,ziyadnz/hourly-ipv4,ziyadnz|hourly,2026-08-17T18:48:05Z,2026-08-17T18:48:05Z,
139.59.119.48,ipv4,malicious-ip,medium,WHITE,ziyadnz/hourly-ipv4,ziyadnz|hourly,2026-08-17T18:48:05Z,2026-08-17T18:48:05Z,
139.59.12.116,ipv4,malicious-ip,medium,WHITE,ziyadnz/hourly-ipv4,ziyadnz|hourly,2026-08-17T18:48:05Z,2026-08-17T18:48:05Z,
139.59.12.133,ipv4,malicious-ip,medium,WHITE,ziyadnz/hourly-ipv4,ziyadnz|hourly,2026-08-17T18:48:05Z,2026-08-17T18:48:05Z,
139.59.120.230,ipv4,malicious-ip,medium,WHITE,ziyadnz/hourly-ipv4,ziyadnz|hourly,2026-08-17T18:48:05Z,2026-08-17T18:48:05Z,
139.59.127.140,ipv4,malicious-ip,medium,WHITE,ziyadnz/hourly-ipv4,ziyadnz|hourly,2026-08-17T18:48:05Z,2026-08-17T18:48:05Z,
139.59.13.249,ipv4,malicious-ip,medium,WHITE,ziyadnz/hourly-ipv4,ziyadnz|hourly,2026-08-17T18:48:05Z,2026-08-17T18:48:05Z,
139.59.131.243,ipv4,malicious-ip,medium,WHITE,ziyadnz/hourly-ipv4,ziyadnz|hourly,2026-08-17T18:48:05Z,2026-08-17T18:48:05Z,
139.59.132.185,ipv4,malicious-ip,medium,WHITE,ziyadnz/hourly-ipv4,ziyadnz|hourly,2026-08-17T18:48:05Z,2026-08-17T18:48:05Z,
139.59.132.8,ipv4,malicious-ip,medium,WHITE,ziyadnz/hourly-ipv4,ziyadnz|hourly,2026-08-17T18:48:05Z,2026-08-17T18:48:05Z,
139.59.135.96,ipv4,malicious-ip,medium,WHITE,ziyadnz/hourly-ipv4,ziyadnz|hourly,2026-08-17T18:48:05Z,2026-08-17T18:48:05Z,
139.59.136.184,ipv4,malicious-ip,medium,WHITE,ziyadnz/hourly-ipv4,ziyadnz|hourly,2026-08-17T18:48:05Z,2026-08-17T18:48:05Z,
139.59.139.151,ipv4,malicious-ip,medium,WHITE,ziyadnz/hourly-ipv4,ziyadnz|hourly,2026-08-17T18:48:05Z,2026-08-17T18:48:05Z,
139.59.139.215,ipv4,malicious-ip,medium,WHITE,ziyadnz/hourly-ipv4,ziyadnz|hourly,2026-08-17T18:48:05Z,2026-08-17T18:48:05Z,
139.59.140.78,ipv4,malicious-ip,medium,WHITE,ziyadnz/hourly-ipv4,ziyadnz|hourly,2026-08-17T18:48:05Z,2026-08-17T18:48:05Z,
139.59.143.102,ipv4,malicious-ip,medium,WHITE,ziyadnz/hourly-ipv4,ziyadnz|hourly,2026-08-17T18:48:05Z,2026-08-17T18:48:05Z,
139.59.144.252,ipv4,malicious-ip,medium,WHITE,ziyadnz/hourly-ipv4,ziyadnz|hourly,2026-08-17T18:48:05Z,2026-08-17T18:48:05Z,
139.59.152.154,ipv4,malicious-ip,medium,WHITE,ziyadnz/hourly-ipv4,ziyadnz|hourly,2026-08-17T18:48:05Z,2026-08-17T18:48:05Z,
139.59.158.89,ipv4,malicious-ip,medium,WHITE,ziyadnz/hourly-ipv4,ziyadnz|hourly,2026-08-17T18:48:05Z,2026-08-17T18:48:05Z,
139.59.16.152,ipv4,malicious-ip,medium,WHITE,ziyadnz/hourly-ipv4,ziyadnz|hourly,2026-08-17T18:48:05Z,2026-08-17T18:48:05Z,
139.59.170.85,ipv4,malicious-ip,medium,WHITE,ziyadnz/hourly-ipv4,ziyadnz|hourly,2026-08-17T18:48:05Z,2026-08-17T18:48:05Z,
139.59.173.162,ipv4,malicious-ip,medium,WHITE,ziyadnz/hourly-ipv4,ziyadnz|hourly,2026-08-17T18:48:05Z,2026-08-17T18:48:05Z,
139.59.173.82,ipv4,malicious-ip,medium,WHITE,ziyadnz/hourly-ipv4,ziyadnz|hourly,2026-08-17T18:48:05Z,2026-08-17T18:48:05Z,
139.59.173.98,ipv4,malicious-ip,medium,WHITE,ziyadnz/hourly-ipv4,ziyadnz|hourly,2026-08-17T18:48:05Z,2026-08-17T18:48:05Z,
139.59.175.239,ipv4,malicious-ip,medium,WHITE,ziyadnz/hourly-ipv4,ziyadnz|hourly,2026-08-17T18:48:05Z,2026-08-17T18:48:05Z,
139.59.177.105,ipv4,malicious-ip,medium,WHITE,ziyadnz/hourly-ipv4,ziyadnz|hourly,2026-08-17T18:48:05Z,2026-08-17T18:48:05Z,
139.59.18.80,ipv4,malicious-ip,medium,WHITE,ziyadnz/hourly-ipv4,ziyadnz|hourly,2026-08-17T18:48:05Z,2026-08-17T18:48:05Z,
139.59.180.168,ipv4,malicious-ip,medium,WHITE,ziyadnz/hourly-ipv4,ziyadnz|hourly,2026-08-17T18:48:05Z,2026-08-17T18:48:05Z,
139.59.181.26,ipv4,malicious-ip,medium,WHITE,ziyadnz/hourly-ipv4,ziyadnz|hourly,2026-08-17T18:48:05Z,2026-08-17T18:48:05Z,
139.59.182.150,ipv4,malicious-ip,medium,WHITE,ziyadnz/hourly-ipv4,ziyadnz|hourly,2026-08-17T18:48:05Z,2026-08-17T18:48:05Z,
139.59.183.60,ipv4,malicious-ip,medium,WHITE,ziyadnz/hourly-ipv4,ziyadnz|hourly,2026-08-17T18:48:05Z,2026-08-17T18:48:05Z,
139.59.189.155,ipv4,malicious-ip,medium,WHITE,ziyadnz/hourly-ipv4,ziyadnz|hourly,2026-08-17T18:48:05Z,2026-08-17T18:48:05Z,
139.59.208.225,ipv4,malicious-ip,medium,WHITE,ziyadnz/hourly-ipv4,ziyadnz|hourly,2026-08-17T18:48:05Z,2026-08-17T18:48:05Z,
139.59.21.209,ipv4,malicious-ip,medium,WHITE,ziyadnz/hourly-ipv4,ziyadnz|hourly,2026-08-17T18:48:05Z,2026-08-17T18:48:05Z,
139.59.213.231,ipv4,malicious-ip,medium,WHITE,ziyadnz/hourly-ipv4,ziyadnz|hourly,2026-08-17T18:48:05Z,2026-08-17T18:48:05Z,
139.59.217.230,ipv4,malicious-ip,medium,WHITE,ziyadnz/hourly-ipv4,ziyadnz|hourly,2026-08-17T18:48:05Z,2026-08-17T18:48:05Z,
139.59.232.169,ipv4,malicious-ip,medium,WHITE,ziyadnz/hourly-ipv4,ziyadnz|hourly,2026-08-17T18:48:05Z,2026-08-17T18:48:05Z,
139.59.235.107,ipv4,malicious-ip,medium,WHITE,ziyadnz/hourly-ipv4,ziyadnz|hourly,2026-08-17T18:48:05Z,2026-08-17T18:48:05Z,
139.59.236.31,ipv4,malicious-ip,medium,WHITE,ziyadnz/hourly-ipv4,ziyadnz|hourly,2026-08-17T18:48:05Z,2026-08-17T18:48:05Z,
139.59.236.63,ipv4,malicious-ip,medium,WHITE,ziyadnz/hourly-ipv4,ziyadnz|hourly,2026-08-17T18:48:05Z,2026-08-17T18:48:05Z,
139.59.242.200,ipv4,malicious-ip,medium,WHITE,ziyadnz/hourly-ipv4,ziyadnz|hourly,2026-08-17T18:48:05Z,2026-08-17T18:48:05Z,
139.59.244.68,ipv4,malicious-ip,medium,WHITE,ziyadnz/hourly-ipv4,ziyadnz|hourly,2026-08-17T18:48:05Z,2026-08-17T18:48:05Z,
139.59.245.99,ipv4,malicious-ip,medium,WHITE,ziyadnz/hourly-ipv4,ziyadnz|hourly,2026-08-17T18:48:05Z,2026-08-17T18:48:05Z,
139.59.255.10,ipv4,malicious-ip,medium,WHITE,ziyadnz/hourly-ipv4,ziyadnz|hourly,2026-08-17T18:48:05Z,2026-08-17T18:48:05Z,
139.59.36.109,ipv4,malicious-ip,medium,WHITE,ziyadnz/hourly-ipv4,ziyadnz|hourly,2026-08-17T18:48:05Z,2026-08-17T18:48:05Z,
139.59.37.187,ipv4,malicious-ip,medium,WHITE,ziyadnz/hourly-ipv4,ziyadnz|hourly,2026-08-17T18:48:05Z,2026-08-17T18:48:05Z,
139.59.4.137,ipv4,malicious-ip,medium,WHITE,ziyadnz/hourly-ipv4,ziyadnz|hourly,2026-08-17T18:48:05Z,2026-08-17T18:48:05Z,
139.59.4.77,ipv4,malicious-ip,medium,WHITE,ziyadnz/hourly-ipv4,ziyadnz|hourly,2026-08-17T18:48:05Z,2026-08-17T18:48:05Z,
139.59.41.158,ipv4,malicious-ip,medium,WHITE,ziyadnz/hourly-ipv4,ziyadnz|hourly,2026-08-17T18:48:05Z,2026-08-17T18:48:05Z,
139.59.42.255,ipv4,malicious-ip,medium,WHITE,ziyadnz/hourly-ipv4,ziyadnz|hourly,2026-08-17T18:48:05Z,2026-08-17T18:48:05Z,
139.59.43.56,ipv4,malicious-ip,medium,WHITE,ziyadnz/hourly-ipv4,ziyadnz|hourly,2026-08-17T18:48:05Z,2026-08-17T18:48:05Z,
139.59.58.140,ipv4,malicious-ip,medium,WHITE,ziyadnz/hourly-ipv4,ziyadnz|hourly,2026-08-17T18:48:05Z,2026-08-17T18:48:05Z,
139.59.58.173,ipv4,malicious-ip,medium,WHITE,ziyadnz/hourly-ipv4,ziyadnz|hourly,2026-08-17T18:48:05Z,2026-08-17T18:48:05Z,
139.59.58.25,ipv4,malicious-ip,medium,WHITE,ziyadnz/hourly-ipv4,ziyadnz|hourly,2026-08-17T18:48:05Z,2026-08-17T18:48:05Z,
139.59.59.165,ipv4,malicious-ip,medium,WHITE,ziyadnz/hourly-ipv4,ziyadnz|hourly,2026-08-17T18:48:05Z,2026-08-17T18:48:05Z,
139.59.6.218,ipv4,malicious-ip,medium,WHITE,ziyadnz/hourly-ipv4,ziyadnz|hourly,2026-08-17T18:48:05Z,2026-08-17T18:48:05Z,
139.59.60.40,ipv4,malicious-ip,medium,WHITE,ziyadnz/hourly-ipv4,ziyadnz|hourly,2026-08-17T18:48:05Z,2026-08-17T18:48:05Z,
139.59.66.222,ipv4,malicious-ip,medium,WHITE,ziyadnz/hourly-ipv4,ziyadnz|hourly,2026-08-17T18:48:05Z,2026-08-17T18:48:05Z,
139.59.74.7,ipv4,malicious-ip,medium,WHITE,ziyadnz/hourly-ipv4,ziyadnz|hourly,2026-08-17T18:48:05Z,2026-08-17T18:48:05Z,
139.59.78.146,ipv4,malicious-ip,medium,WHITE,ziyadnz/hourly-ipv4,ziyadnz|hourly,2026-08-17T18:48:05Z,2026-08-17T18:48:05Z,
139.59.8.49,ipv4,malicious-ip,medium,WHITE,ziyadnz/hourly-ipv4,ziyadnz|hourly,2026-08-17T18:48:05Z,2026-08-17T18:48:05Z,
139.59.8.50,ipv4,malicious-ip,medium,WHITE,ziyadnz/hourly-ipv4,ziyadnz|hourly,2026-08-17T18:48:05Z,2026-08-17T18:48:05Z,
139.59.82.211,ipv4,malicious-ip,medium,WHITE,ziyadnz/hourly-ipv4,ziyadnz|hourly,2026-08-17T18:48:05Z,2026-08-17T18:48:05Z,
139.59.83.32,ipv4,malicious-ip,medium,WHITE,ziyadnz/hourly-ipv4,ziyadnz|hourly,2026-08-17T18:48:05Z,2026-08-17T18:48:05Z,
139.59.84.37,ipv4,malicious-ip,medium,WHITE,ziyadnz/hourly-ipv4,ziyadnz|hourly,2026-08-17T18:48:05Z,2026-08-17T18:48:05Z,
139.59.95.143,ipv4,malicious-ip,medium,WHITE,ziyadnz/hourly-ipv4,ziyadnz|hourly,2026-08-17T18:48:05Z,2026-08-17T18:48:05Z,
139.60.160.20,ipv4,malicious-ip,medium,WHITE,ziyadnz/hourly-ipv4,ziyadnz|hourly,2026-08-17T18:48:05Z,2026-08-17T18:48:05Z,
139.60.160.200,ipv4,malicious-ip,medium,WHITE,ziyadnz/hourly-ipv4,ziyadnz|hourly,2026-08-17T18:48:05Z,2026-08-17T18:48:05Z,
139.60.161.99,ipv4,malicious-ip,medium,WHITE,ziyadnz/hourly-ipv4,ziyadnz|hourly,2026-08-17T18:48:05Z,2026-08-17T18:48:05Z,
139.60.163.206,ipv4,malicious-ip,medium,WHITE,ziyadnz/hourly-ipv4,ziyadnz|hourly,2026-08-17T18:48:05Z,2026-08-17T18:48:05Z,
139.60.49.164,ipv4,malicious-ip,medium,WHITE,ziyadnz/hourly-ipv4,ziyadnz|hourly,2026-08-17T18:48:05Z,2026-08-17T18:48:05Z,
139.64.8.40,ipv4,malicious-ip,medium,WHITE,ziyadnz/hourly-ipv4,ziyadnz|hourly,2026-08-17T18:48:05Z,2026-08-17T18:48:05Z,
139.84.130.232,ipv4,malicious-ip,medium,WHITE,ziyadnz/hourly-ipv4,ziyadnz|hourly,2026-08-17T18:48:05Z,2026-08-17T18:48:05Z,
139.84.131.62,ipv4,malicious-ip,medium,WHITE,ziyadnz/hourly-ipv4,ziyadnz|hourly,2026-08-17T18:48:05Z,2026-08-17T18:48:05Z,
139.84.136.105,ipv4,malicious-ip,medium,WHITE,ziyadnz/hourly-ipv4,ziyadnz|hourly,2026-08-17T18:48:05Z,2026-08-17T18:48:05Z,
139.84.137.63,ipv4,malicious-ip,medium,WHITE,ziyadnz/hourly-ipv4,ziyadnz|hourly,2026-08-17T18:48:05Z,2026-08-17T18:48:05Z,
139.84.138.135,ipv4,malicious-ip,medium,WHITE,ziyadnz/hourly-ipv4,ziyadnz|hourly,2026-08-17T18:48:05Z,2026-08-17T18:48:05Z,
139.84.147.18,ipv4,malicious-ip,medium,WHITE,ziyadnz/hourly-ipv4,ziyadnz|hourly,2026-08-17T18:48:05Z,2026-08-17T18:48:05Z,
139.84.156.79,ipv4,malicious-ip,medium,WHITE,ziyadnz/hourly-ipv4,ziyadnz|hourly,2026-08-17T18:48:05Z,2026-08-17T18:48:05Z,
139.84.168.189,ipv4,malicious-ip,medium,WHITE,ziyadnz/hourly-ipv4,ziyadnz|hourly,2026-08-17T18:48:05Z,2026-08-17T18:48:05Z,
139.84.170.230,ipv4,malicious-ip,medium,WHITE,ziyadnz/hourly-ipv4,ziyadnz|hourly,2026-08-17T18:48:05Z,2026-08-17T18:48:05Z,
139.84.216.159,ipv4,malicious-ip,medium,WHITE,ziyadnz/hourly-ipv4,ziyadnz|hourly,2026-08-17T18:48:05Z,2026-08-17T18:48:05Z,
139.84.227.9,ipv4,malicious-ip,medium,WHITE,ziyadnz/hourly-ipv4,ziyadnz|hourly,2026-08-17T18:48:05Z,2026-08-17T18:48:05Z,
139.84.229.192,ipv4,malicious-ip,medium,WHITE,ziyadnz/hourly-ipv4,ziyadnz|hourly,2026-08-17T18:48:05Z,2026-08-17T18:48:05Z,
139.84.232.245,ipv4,malicious-ip,medium,WHITE,ziyadnz/hourly-ipv4,ziyadnz|hourly,2026-08-17T18:48:05Z,2026-08-17T18:48:05Z,
139.84.236.237,ipv4,malicious-ip,medium,WHITE,ziyadnz/hourly-ipv4,ziyadnz|hourly,2026-08-17T18:48:05Z,2026-08-17T18:48:05Z,
139.84.237.229,ipv4,malicious-ip,medium,WHITE,ziyadnz/hourly-ipv4,ziyadnz|hourly,2026-08-17T18:48:05Z,2026-08-17T18:48:05Z,
139.84.241.47,ipv4,malicious-ip,medium,WHITE,ziyadnz/hourly-ipv4,ziyadnz|hourly,2026-08-17T18:48:05Z,2026-08-17T18:48:05Z,
139.84.62.151,ipv4,malicious-ip,medium,WHITE,ziyadnz/hourly-ipv4,ziyadnz|hourly,2026-08-17T18:48:05Z,2026-08-17T18:48:05Z,
139.87.112.172,ipv4,malicious-ip,medium,WHITE,ziyadnz/hourly-ipv4,ziyadnz|hourly,2026-08-17T18:48:05Z,2026-08-17T18:48:05Z,
139.87.112.97,ipv4,malicious-ip,medium,WHITE,ziyadnz/hourly-ipv4,ziyadnz|hourly,2026-08-17T18:48:05Z,2026-08-17T18:48:05Z,
139.94.193.233,ipv4,malicious-ip,medium,WHITE,ziyadnz/hourly-ipv4,ziyadnz|hourly,2026-08-17T18:48:05Z,2026-08-17T18:48:05Z,
139.99.100.250,ipv4,malicious-ip,medium,WHITE,ziyadnz/hourly-ipv4,ziyadnz|hourly,2026-08-17T18:48:05Z,2026-08-17T18:48:05Z,
139.99.114.108,ipv4,malicious-ip,medium,WHITE,ziyadnz/hourly-ipv4,ziyadnz|hourly,2026-08-17T18:48:05Z,2026-08-17T18:48:05Z,
139.99.123.196,ipv4,malicious-ip,medium,WHITE,ziyadnz/hourly-ipv4,ziyadnz|hourly,2026-08-17T18:48:05Z,2026-08-17T18:48:05Z,
139.99.124.170,ipv4,malicious-ip,medium,WHITE,ziyadnz/hourly-ipv4,ziyadnz|hourly,2026-08-17T18:48:05Z,2026-08-17T18:48:05Z,
139.99.125.38,ipv4,malicious-ip,medium,WHITE,ziyadnz/hourly-ipv4,ziyadnz|hourly,2026-08-17T18:48:05Z,2026-08-17T18:48:05Z,
139.99.126.38,ipv4,malicious-ip,medium,WHITE,ziyadnz/hourly-ipv4,ziyadnz|hourly,2026-08-17T18:48:05Z,2026-08-17T18:48:05Z,
139.99.144.97,ipv4,malicious-ip,medium,WHITE,ziyadnz/hourly-ipv4,ziyadnz|hourly,2026-08-17T18:48:05Z,2026-08-17T18:48:05Z,
139.99.145.112,ipv4,malicious-ip,medium,WHITE,ziyadnz/hourly-ipv4,ziyadnz|hourly,2026-08-17T18:48:05Z,2026-08-17T18:48:05Z,
139.99.145.99,ipv4,malicious-ip,medium,WHITE,ziyadnz/hourly-ipv4,ziyadnz|hourly,2026-08-17T18:48:05Z,2026-08-17T18:48:05Z,
139.99.17.158,ipv4,malicious-ip,medium,WHITE,ziyadnz/hourly-ipv4,ziyadnz|hourly,2026-08-17T18:48:05Z,2026-08-17T18:48:05Z,
139.99.17.175,ipv4,malicious-ip,medium,WHITE,ziyadnz/hourly-ipv4,ziyadnz|hourly,2026-08-17T18:48:05Z,2026-08-17T18:48:05Z,
139.99.17.184,ipv4,malicious-ip,medium,WHITE,ziyadnz/hourly-ipv4,ziyadnz|hourly,2026-08-17T18:48:05Z,2026-08-17T18:48:05Z,
139.99.172.11,ipv4,malicious-ip,medium,WHITE,ziyadnz/hourly-ipv4,ziyadnz|hourly,2026-08-17T18:48:05Z,2026-08-17T18:48:05Z,
139.99.196.139,ipv4,malicious-ip,medium,WHITE,ziyadnz/hourly-ipv4,ziyadnz|hourly,2026-08-17T18:48:05Z,2026-08-17T18:48:05Z,
139.99.221.130,ipv4,malicious-ip,medium,WHITE,ziyadnz/hourly-ipv4,ziyadnz|hourly,2026-08-17T18:48:05Z,2026-08-17T18:48:05Z,
139.99.221.140,ipv4,malicious-ip,medium,WHITE,ziyadnz/hourly-ipv4,ziyadnz|hourly,2026-08-17T18:48:05Z,2026-08-17T18:48:05Z,
139.99.23.9,ipv4,malicious-ip,medium,WHITE,ziyadnz/hourly-ipv4,ziyadnz|hourly,2026-08-17T18:48:05Z,2026-08-17T18:48:05Z,
139.99.232.135,ipv4,malicious-ip,medium,WHITE,ziyadnz/hourly-ipv4,ziyadnz|hourly,2026-08-17T18:48:05Z,2026-08-17T18:48:05Z,
139.99.237.205,ipv4,malicious-ip,medium,WHITE,ziyadnz/hourly-ipv4,ziyadnz|hourly,2026-08-17T18:48:05Z,2026-08-17T18:48:05Z,
139.99.33.239,ipv4,malicious-ip,medium,WHITE,ziyadnz/hourly-ipv4,ziyadnz|hourly,2026-08-17T18:48:05Z,2026-08-17T18:48:05Z,
139.99.38.177,ipv4,malicious-ip,medium,WHITE,ziyadnz/hourly-ipv4,ziyadnz|hourly,2026-08-17T18:48:05Z,2026-08-17T18:48:05Z,
139.99.39.167,ipv4,malicious-ip,medium,WHITE,ziyadnz/hourly-ipv4,ziyadnz|hourly,2026-08-17T18:48:05Z,2026-08-17T18:48:05Z,
139.99.72.56,ipv4,malicious-ip,medium,WHITE,ziyadnz/hourly-ipv4,ziyadnz|hourly,2026-08-17T18:48:05Z,2026-08-17T18:48:05Z,
139.99.74.35,ipv4,malicious-ip,medium,WHITE,ziyadnz/hourly-ipv4,ziyadnz|hourly,2026-08-17T18:48:05Z,2026-08-17T18:48:05Z,
139.99.8.57,ipv4,malicious-ip,medium,WHITE,ziyadnz/hourly-ipv4,ziyadnz|hourly,2026-08-17T18:48:05Z,2026-08-17T18:48:05Z,
139.99.82.239,ipv4,malicious-ip,medium,WHITE,ziyadnz/hourly-ipv4,ziyadnz|hourly,2026-08-17T18:48:05Z,2026-08-17T18:48:05Z,
139.99.83.25,ipv4,malicious-ip,medium,WHITE,ziyadnz/hourly-ipv4,ziyadnz|hourly,2026-08-17T18:48:05Z,2026-08-17T18:48:05Z,
14.1.104.124,ipv4,malicious-ip,medium,WHITE,ziyadnz/hourly-ipv4,ziyadnz|hourly,2026-08-17T18:48:05Z,2026-08-17T18:48:05Z,
14.1.104.133,ipv4,malicious-ip,medium,WHITE,ziyadnz/hourly-ipv4,ziyadnz|hourly,2026-08-17T18:48:05Z,2026-08-17T18:48:05Z,
14.1.104.210,ipv4,malicious-ip,medium,WHITE,ziyadnz/hourly-ipv4,ziyadnz|hourly,2026-08-17T18:48:05Z,2026-08-17T18:48:05Z,
14.1.104.233,ipv4,malicious-ip,medium,WHITE,ziyadnz/hourly-ipv4,ziyadnz|hourly,2026-08-17T18:48:05Z,2026-08-17T18:48:05Z,
14.1.104.239,ipv4,malicious-ip,medium,WHITE,ziyadnz/hourly-ipv4,ziyadnz|hourly,2026-08-17T18:48:05Z,2026-08-17T18:48:05Z,
14.1.104.34,ipv4,malicious-ip,medium,WHITE,ziyadnz/hourly-ipv4,ziyadnz|hourly,2026-08-17T18:48:05Z,2026-08-17T18:48:05Z,
14.1.104.36,ipv4,malicious-ip,medium,WHITE,ziyadnz/hourly-ipv4,ziyadnz|hourly,2026-08-17T18:48:05Z,2026-08-17T18:48:05Z,
14.1.105.0,ipv4,malicious-ip,medium,WHITE,ziyadnz/hourly-ipv4,ziyadnz|hourly,2026-08-17T18:48:05Z,2026-08-17T18:48:05Z,
14.1.105.113,ipv4,malicious-ip,medium,WHITE,ziyadnz/hourly-ipv4,ziyadnz|hourly,2026-08-17T18:48:05Z,2026-08-17T18:48:05Z,
14.1.105.149,ipv4,malicious-ip,medium,WHITE,ziyadnz/hourly-ipv4,ziyadnz|hourly,2026-08-17T18:48:05Z,2026-08-17T18:48:05Z,
14.1.105.25,ipv4,malicious-ip,medium,WHITE,ziyadnz/hourly-ipv4,ziyadnz|hourly,2026-08-17T18:48:05Z,2026-08-17T18:48:05Z,
14.1.105.50,ipv4,malicious-ip,medium,WHITE,ziyadnz/hourly-ipv4,ziyadnz|hourly,2026-08-17T18:48:05Z,2026-08-17T18:48:05Z,
14.1.105.74,ipv4,malicious-ip,medium,WHITE,ziyadnz/hourly-ipv4,ziyadnz|hourly,2026-08-17T18:48:05Z,2026-08-17T18:48:05Z,
14.1.105.76,ipv4,malicious-ip,medium,WHITE,ziyadnz/hourly-ipv4,ziyadnz|hourly,2026-08-17T18:48:05Z,2026-08-17T18:48:05Z,
14.1.106.0,ipv4,malicious-ip,medium,WHITE,ziyadnz/hourly-ipv4,ziyadnz|hourly,2026-08-17T18:48:05Z,2026-08-17T18:48:05Z,
14.1.106.116,ipv4,malicious-ip,medium,WHITE,ziyadnz/hourly-ipv4,ziyadnz|hourly,2026-08-17T18:48:05Z,2026-08-17T18:48:05Z,
14.1.106.135,ipv4,malicious-ip,medium,WHITE,ziyadnz/hourly-ipv4,ziyadnz|hourly,2026-08-17T18:48:05Z,2026-08-17T18:48:05Z,
14.1.106.150,ipv4,malicious-ip,medium,WHITE,ziyadnz/hourly-ipv4,ziyadnz|hourly,2026-08-17T18:48:05Z,2026-08-17T18:48:05Z,
14.1.106.205,ipv4,malicious-ip,medium,WHITE,ziyadnz/hourly-ipv4,ziyadnz|hourly,2026-08-17T18:48:05Z,2026-08-17T18:48:05Z,
14.1.106.227,ipv4,malicious-ip,medium,WHITE,ziyadnz/hourly-ipv4,ziyadnz|hourly,2026-08-17T18:48:05Z,2026-08-17T18:48:05Z,
14.1.106.35,ipv4,malicious-ip,medium,WHITE,ziyadnz/hourly-ipv4,ziyadnz|hourly,2026-08-17T18:48:05Z,2026-08-17T18:48:05Z,
14.1.106.63,ipv4,malicious-ip,medium,WHITE,ziyadnz/hourly-ipv4,ziyadnz|hourly,2026-08-17T18:48:05Z,2026-08-17T18:48:05Z,
14.1.106.74,ipv4,malicious-ip,medium,WHITE,ziyadnz/hourly-ipv4,ziyadnz|hourly,2026-08-17T18:48:05Z,2026-08-17T18:48:05Z,
14.1.106.91,ipv4,malicious-ip,medium,WHITE,ziyadnz/hourly-ipv4,ziyadnz|hourly,2026-08-17T18:48:05Z,2026-08-17T18:48:05Z,
14.1.107.191,ipv4,malicious-ip,medium,WHITE,ziyadnz/hourly-ipv4,ziyadnz|hourly,2026-08-17T18:48:05Z,2026-08-17T18:48:05Z,
14.1.107.219,ipv4,malicious-ip,medium,WHITE,ziyadnz/hourly-ipv4,ziyadnz|hourly,2026-08-17T18:48:05Z,2026-08-17T18:48:05Z,
14.1.107.9,ipv4,malicious-ip,medium,WHITE,ziyadnz/hourly-ipv4,ziyadnz|hourly,2026-08-17T18:48:05Z,2026-08-17T18:48:05Z,
14.1.119.12,ipv4,malicious-ip,medium,WHITE,ziyadnz/hourly-ipv4,ziyadnz|hourly,2026-08-17T18:48:05Z,2026-08-17T18:48:05Z,
14.1.64.22,ipv4,malicious-ip,medium,WHITE,ziyadnz/hourly-ipv4,ziyadnz|hourly,2026-08-17T18:48:05Z,2026-08-17T18:48:05Z,
14.1.65.213,ipv4,malicious-ip,medium,WHITE,ziyadnz/hourly-ipv4,ziyadnz|hourly,2026-08-17T18:48:05Z,2026-08-17T18:48:05Z,
14.1.78.107,ipv4,malicious-ip,medium,WHITE,ziyadnz/hourly-ipv4,ziyadnz|hourly,2026-08-17T18:48:05Z,2026-08-17T18:48:05Z,
14.10.64.131,ipv4,malicious-ip,medium,WHITE,ziyadnz/hourly-ipv4,ziyadnz|hourly,2026-08-17T18:48:05Z,2026-08-17T18:48:05Z,
14.100.122.39,ipv4,malicious-ip,medium,WHITE,ziyadnz/hourly-ipv4,ziyadnz|hourly,2026-08-17T18:48:05Z,2026-08-17T18:48:05Z,
14.102.101.248,ipv4,malicious-ip,medium,WHITE,ziyadnz/hourly-ipv4,ziyadnz|hourly,2026-08-17T18:48:05Z,2026-08-17T18:48:05Z,
14.102.12.98,ipv4,malicious-ip,medium,WHITE,ziyadnz/hourly-ipv4,ziyadnz|hourly,2026-08-17T18:48:05Z,2026-08-17T18:48:05Z,
14.102.230.4,ipv4,malicious-ip,medium,WHITE,ziyadnz/hourly-ipv4,ziyadnz|hourly,2026-08-17T18:48:05Z,2026-08-17T18:48:05Z,
14.102.50.25,ipv4,malicious-ip,medium,WHITE,ziyadnz/hourly-ipv4,ziyadnz|hourly,2026-08-17T18:48:05Z,2026-08-17T18:48:05Z,
14.102.66.195,ipv4,malicious-ip,medium,WHITE,ziyadnz/hourly-ipv4,ziyadnz|hourly,2026-08-17T18:48:05Z,2026-08-17T18:48:05Z,
14.103.102.130,ipv4,malicious-ip,medium,WHITE,ziyadnz/hourly-ipv4,ziyadnz|hourly,2026-08-17T18:48:05Z,2026-08-17T18:48:05Z,
14.103.104.162,ipv4,malicious-ip,medium,WHITE,ziyadnz/hourly-ipv4,ziyadnz|hourly,2026-08-17T18:48:05Z,2026-08-17T18:48:05Z,
14.103.104.36,ipv4,malicious-ip,medium,WHITE,ziyadnz/hourly-ipv4,ziyadnz|hourly,2026-08-17T18:48:05Z,2026-08-17T18:48:05Z,
14.103.105.36,ipv4,malicious-ip,medium,WHITE,ziyadnz/hourly-ipv4,ziyadnz|hourly,2026-08-17T18:48:05Z,2026-08-17T18:48:05Z,
14.103.105.56,ipv4,malicious-ip,medium,WHITE,ziyadnz/hourly-ipv4,ziyadnz|hourly,2026-08-17T18:48:05Z,2026-08-17T18:48:05Z,
14.103.105.62,ipv4,malicious-ip,medium,WHITE,ziyadnz/hourly-ipv4,ziyadnz|hourly,2026-08-17T18:48:05Z,2026-08-17T18:48:05Z,
14.103.106.86,ipv4,malicious-ip,medium,WHITE,ziyadnz/hourly-ipv4,ziyadnz|hourly,2026-08-17T18:48:05Z,2026-08-17T18:48:05Z,
14.103.107.0,ipv4,malicious-ip,medium,WHITE,ziyadnz/hourly-ipv4,ziyadnz|hourly,2026-08-17T18:48:05Z,2026-08-17T18:48:05Z,
14.103.107.209,ipv4,malicious-ip,medium,WHITE,ziyadnz/hourly-ipv4,ziyadnz|hourly,2026-08-17T18:48:05Z,2026-08-17T18:48:05Z,
14.103.107.214,ipv4,malicious-ip,medium,WHITE,ziyadnz/hourly-ipv4,ziyadnz|hourly,2026-08-17T18:48:05Z,2026-08-17T18:48:05Z,
14.103.107.50,ipv4,malicious-ip,medium,WHITE,ziyadnz/hourly-ipv4,ziyadnz|hourly,2026-08-17T18:48:05Z,2026-08-17T18:48:05Z,
14.103.11.29,ipv4,malicious-ip,medium,WHITE,ziyadnz/hourly-ipv4,ziyadnz|hourly,2026-08-17T18:48:05Z,2026-08-17T18:48:05Z,
14.103.111.0,ipv4,malicious-ip,medium,WHITE,ziyadnz/hourly-ipv4,ziyadnz|hourly,2026-08-17T18:48:05Z,2026-08-17T18:48:05Z,
14.103.111.110,ipv4,malicious-ip,medium,WHITE,ziyadnz/hourly-ipv4,ziyadnz|hourly,2026-08-17T18:48:05Z,2026-08-17T18:48:05Z,
14.103.111.127,ipv4,malicious-ip,medium,WHITE,ziyadnz/hourly-ipv4,ziyadnz|hourly,2026-08-17T18:48:05Z,2026-08-17T18:48:05Z,
14.103.111.13,ipv4,malicious-ip,medium,WHITE,ziyadnz/hourly-ipv4,ziyadnz|hourly,2026-08-17T18:48:05Z,2026-08-17T18:48:05Z,
14.103.111.135,ipv4,malicious-ip,medium,WHITE,ziyadnz/hourly-ipv4,ziyadnz|hourly,2026-08-17T18:48:05Z,2026-08-17T18:48:05Z,
14.103.111.16,ipv4,malicious-ip,medium,WHITE,ziyadnz/hourly-ipv4,ziyadnz|hourly,2026-08-17T18:48:05Z,2026-08-17T18:48:05Z,
14.103.111.162,ipv4,malicious-ip,medium,WHITE,ziyadnz/hourly-ipv4,ziyadnz|hourly,2026-08-17T18:48:05Z,2026-08-17T18:48:05Z,
14.103.111.167,ipv4,malicious-ip,medium,WHITE,ziyadnz/hourly-ipv4,ziyadnz|hourly,2026-08-17T18:48:05Z,2026-08-17T18:48:05Z,
14.103.111.171,ipv4,malicious-ip,medium,WHITE,ziyadnz/hourly-ipv4,ziyadnz|hourly,2026-08-17T18:48:05Z,2026-08-17T18:48:05Z,
14.103.112.0,ipv4,malicious-ip,medium,WHITE,ziyadnz/hourly-ipv4,ziyadnz|hourly,2026-08-17T18:48:05Z,2026-08-17T18:48:05Z,
14.103.112.1,ipv4,malicious-ip,medium,WHITE,ziyadnz/hourly-ipv4,ziyadnz|hourly,2026-08-17T18:48:05Z,2026-08-17T18:48:05Z,
14.103.112.105,ipv4,malicious-ip,medium,WHITE,ziyadnz/hourly-ipv4,ziyadnz|hourly,2026-08-17T18:48:05Z,2026-08-17T18:48:05Z,
14.103.112.106,ipv4,malicious-ip,medium,WHITE,ziyadnz/hourly-ipv4,ziyadnz|hourly,2026-08-17T18:48:05Z,2026-08-17T18:48:05Z,
14.103.112.110,ipv4,malicious-ip,medium,WHITE,ziyadnz/hourly-ipv4,ziyadnz|hourly,2026-08-17T18:48:05Z,2026-08-17T18:48:05Z,
14.103.112.112,ipv4,malicious-ip,medium,WHITE,ziyadnz/hourly-ipv4,ziyadnz|hourly,2026-08-17T18:48:05Z,2026-08-17T18:48:05Z,
14.103.112.122,ipv4,malicious-ip,medium,WHITE,ziyadnz/hourly-ipv4,ziyadnz|hourly,2026-08-17T18:48:05Z,2026-08-17T18:48:05Z,
14.103.112.14,ipv4,malicious-ip,medium,WHITE,ziyadnz/hourly-ipv4,ziyadnz|hourly,2026-08-17T18:48:05Z,2026-08-17T18:48:05Z,
14.103.112.179,ipv4,malicious-ip,medium,WHITE,ziyadnz/hourly-ipv4,ziyadnz|hourly,2026-08-17T18:48:05Z,2026-08-17T18:48:05Z,
14.103.112.35,ipv4,malicious-ip,medium,WHITE,ziyadnz/hourly-ipv4,ziyadnz|hourly,2026-08-17T18:48:05Z,2026-08-17T18:48:05Z,
14.103.112.42,ipv4,malicious-ip,medium,WHITE,ziyadnz/hourly-ipv4,ziyadnz|hourly,2026-08-17T18:48:05Z,2026-08-17T18:48:05Z,
14.103.112.5,ipv4,malicious-ip,medium,WHITE,ziyadnz/hourly-ipv4,ziyadnz|hourly,2026-08-17T18:48:05Z,2026-08-17T18:48:05Z,
14.103.112.56,ipv4,malicious-ip,medium,WHITE,ziyadnz/hourly-ipv4,ziyadnz|hourly,2026-08-17T18:48:05Z,2026-08-17T18:48:05Z,
14.103.113.212,ipv4,malicious-ip,medium,WHITE,ziyadnz/hourly-ipv4,ziyadnz|hourly,2026-08-17T18:48:05Z,2026-08-17T18:48:05Z,
14.103.113.42,ipv4,malicious-ip,medium,WHITE,ziyadnz/hourly-ipv4,ziyadnz|hourly,2026-08-17T18:48:05Z,2026-08-17T18:48:05Z,
14.103.113.53,ipv4,malicious-ip,medium,WHITE,ziyadnz/hourly-ipv4,ziyadnz|hourly,2026-08-17T18:48:05Z,2026-08-17T18:48:05Z,
14.103.114.0,ipv4,malicious-ip,medium,WHITE,ziyadnz/hourly-ipv4,ziyadnz|hourly,2026-08-17T18:48:05Z,2026-08-17T18:48:05Z,
14.103.114.172,ipv4,malicious-ip,medium,WHITE,ziyadnz/hourly-ipv4,ziyadnz|hourly,2026-08-17T18:48:05Z,2026-08-17T18:48:05Z,
14.103.114.194,ipv4,malicious-ip,medium,WHITE,ziyadnz/hourly-ipv4,ziyadnz|hourly,2026-08-17T18:48:05Z,2026-08-17T18:48:05Z,
14.103.114.195,ipv4,malicious-ip,medium,WHITE,ziyadnz/hourly-ipv4,ziyadnz|hourly,2026-08-17T18:48:05Z,2026-08-17T18:48:05Z,
14.103.114.196,ipv4,malicious-ip,medium,WHITE,ziyadnz/hourly-ipv4,ziyadnz|hourly,2026-08-17T18:48:05Z,2026-08-17T18:48:05Z,
14.103.114.199,ipv4,malicious-ip,medium,WHITE,ziyadnz/hourly-ipv4,ziyadnz|hourly,2026-08-17T18:48:05Z,2026-08-17T18:48:05Z,
14.103.114.20,ipv4,malicious-ip,medium,WHITE,ziyadnz/hourly-ipv4,ziyadnz|hourly,2026-08-17T18:48:05Z,2026-08-17T18:48:05Z,
14.103.114.218,ipv4,malicious-ip,medium,WHITE,ziyadnz/hourly-ipv4,ziyadnz|hourly,2026-08-17T18:48:05Z,2026-08-17T18:48:05Z,
14.103.114.22,ipv4,malicious-ip,medium,WHITE,ziyadnz/hourly-ipv4,ziyadnz|hourly,2026-08-17T18:48:05Z,2026-08-17T18:48:05Z,
14.103.114.221,ipv4,malicious-ip,medium,WHITE,ziyadnz/hourly-ipv4,ziyadnz|hourly,2026-08-17T18:48:05Z,2026-08-17T18:48:05Z,
14.103.114.231,ipv4,malicious-ip,medium,WHITE,ziyadnz/hourly-ipv4,ziyadnz|hourly,2026-08-17T18:48:05Z,2026-08-17T18:48:05Z,
14.103.114.234,ipv4,malicious-ip,medium,WHITE,ziyadnz/hourly-ipv4,ziyadnz|hourly,2026-08-17T18:48:05Z,2026-08-17T18:48:05Z,
14.103.114.55,ipv4,malicious-ip,medium,WHITE,ziyadnz/hourly-ipv4,ziyadnz|hourly,2026-08-17T18:48:05Z,2026-08-17T18:48:05Z,
14.103.114.63,ipv4,malicious-ip,medium,WHITE,ziyadnz/hourly-ipv4,ziyadnz|hourly,2026-08-17T18:48:05Z,2026-08-17T18:48:05Z,
14.103.114.89,ipv4,malicious-ip,medium,WHITE,ziyadnz/hourly-ipv4,ziyadnz|hourly,2026-08-17T18:48:05Z,2026-08-17T18:48:05Z,
14.103.114.90,ipv4,malicious-ip,medium,WHITE,ziyadnz/hourly-ipv4,ziyadnz|hourly,2026-08-17T18:48:05Z,2026-08-17T18:48:05Z,
14.103.115.0,ipv4,malicious-ip,medium,WHITE,ziyadnz/hourly-ipv4,ziyadnz|hourly,2026-08-17T18:48:05Z,2026-08-17T18:48:05Z,
14.103.115.117,ipv4,malicious-ip,medium,WHITE,ziyadnz/hourly-ipv4,ziyadnz|hourly,2026-08-17T18:48:05Z,2026-08-17T18:48:05Z,
14.103.115.123,ipv4,malicious-ip,medium,WHITE,ziyadnz/hourly-ipv4,ziyadnz|hourly,2026-08-17T18:48:05Z,2026-08-17T18:48:05Z,
14.103.115.141,ipv4,malicious-ip,medium,WHITE,ziyadnz/hourly-ipv4,ziyadnz|hourly,2026-08-17T18:48:05Z,2026-08-17T18:48:05Z,
14.103.115.143,ipv4,malicious-ip,medium,WHITE,ziyadnz/hourly-ipv4,ziyadnz|hourly,2026-08-17T18:48:05Z,2026-08-17T18:48:05Z,
14.103.115.156,ipv4,malicious-ip,medium,WHITE,ziyadnz/hourly-ipv4,ziyadnz|hourly,2026-08-17T18:48:05Z,2026-08-17T18:48:05Z,
14.103.115.162,ipv4,malicious-ip,medium,WHITE,ziyadnz/hourly-ipv4,ziyadnz|hourly,2026-08-17T18:48:05Z,2026-08-17T18:48:05Z,
14.103.115.181,ipv4,malicious-ip,medium,WHITE,ziyadnz/hourly-ipv4,ziyadnz|hourly,2026-08-17T18:48:05Z,2026-08-17T18:48:05Z,
14.103.115.210,ipv4,malicious-ip,medium,WHITE,ziyadnz/hourly-ipv4,ziyadnz|hourly,2026-08-17T18:48:05Z,2026-08-17T18:48:05Z,
14.103.115.225,ipv4,malicious-ip,medium,WHITE,ziyadnz/hourly-ipv4,ziyadnz|hourly,2026-08-17T18:48:05Z,2026-08-17T18:48:05Z,
14.103.115.5,ipv4,malicious-ip,medium,WHITE,ziyadnz/hourly-ipv4,ziyadnz|hourly,2026-08-17T18:48:05Z,2026-08-17T18:48:05Z,
14.103.115.54,ipv4,malicious-ip,medium,WHITE,ziyadnz/hourly-ipv4,ziyadnz|hourly,2026-08-17T18:48:05Z,2026-08-17T18:48:05Z,
14.103.115.80,ipv4,malicious-ip,medium,WHITE,ziyadnz/hourly-ipv4,ziyadnz|hourly,2026-08-17T18:48:05Z,2026-08-17T18:48:05Z,
14.103.116.173,ipv4,malicious-ip,medium,WHITE,ziyadnz/hourly-ipv4,ziyadnz|hourly,2026-08-17T18:48:05Z,2026-08-17T18:48:05Z,
14.103.116.192,ipv4,malicious-ip,medium,WHITE,ziyadnz/hourly-ipv4,ziyadnz|hourly,2026-08-17T18:48:05Z,2026-08-17T18:48:05Z,
14.103.117.0,ipv4,malicious-ip,medium,WHITE,ziyadnz/hourly-ipv4,ziyadnz|hourly,2026-08-17T18:48:05Z,2026-08-17T18:48:05Z,
14.103.117.105,ipv4,malicious-ip,medium,WHITE,ziyadnz/hourly-ipv4,ziyadnz|hourly,2026-08-17T18:48:05Z,2026-08-17T18:48:05Z,
14.103.117.141,ipv4,malicious-ip,medium,WHITE,ziyadnz/hourly-ipv4,ziyadnz|hourly,2026-08-17T18:48:05Z,2026-08-17T18:48:05Z,
14.103.117.142,ipv4,malicious-ip,medium,WHITE,ziyadnz/hourly-ipv4,ziyadnz|hourly,2026-08-17T18:48:05Z,2026-08-17T18:48:05Z,
14.103.117.173,ipv4,malicious-ip,medium,WHITE,ziyadnz/hourly-ipv4,ziyadnz|hourly,2026-08-17T18:48:05Z,2026-08-17T18:48:05Z,
14.103.117.75,ipv4,malicious-ip,medium,WHITE,ziyadnz/hourly-ipv4,ziyadnz|hourly,2026-08-17T18:48:05Z,2026-08-17T18:48:05Z,
14.103.117.77,ipv4,malicious-ip,medium,WHITE,ziyadnz/hourly-ipv4,ziyadnz|hourly,2026-08-17T18:48:05Z,2026-08-17T18:48:05Z,
14.103.117.81,ipv4,malicious-ip,medium,WHITE,ziyadnz/hourly-ipv4,ziyadnz|hourly,2026-08-17T18:48:05Z,2026-08-17T18:48:05Z,
14.103.117.85,ipv4,malicious-ip,medium,WHITE,ziyadnz/hourly-ipv4,ziyadnz|hourly,2026-08-17T18:48:05Z,2026-08-17T18:48:05Z,
14.103.117.88,ipv4,malicious-ip,medium,WHITE,ziyadnz/hourly-ipv4,ziyadnz|hourly,2026-08-17T18:48:05Z,2026-08-17T18:48:05Z,
14.103.117.91,ipv4,malicious-ip,medium,WHITE,ziyadnz/hourly-ipv4,ziyadnz|hourly,2026-08-17T18:48:05Z,2026-08-17T18:48:05Z,
14.103.117.97,ipv4,malicious-ip,medium,WHITE,ziyadnz/hourly-ipv4,ziyadnz|hourly,2026-08-17T18:48:05Z,2026-08-17T18:48:05Z,
14.103.118.0,ipv4,malicious-ip,medium,WHITE,ziyadnz/hourly-ipv4,ziyadnz|hourly,2026-08-17T18:48:05Z,2026-08-17T18:48:05Z,
14.103.118.107,ipv4,malicious-ip,medium,WHITE,ziyadnz/hourly-ipv4,ziyadnz|hourly,2026-08-17T18:48:05Z,2026-08-17T18:48:05Z,
14.103.118.113,ipv4,malicious-ip,medium,WHITE,ziyadnz/hourly-ipv4,ziyadnz|hourly,2026-08-17T18:48:05Z,2026-08-17T18:48:05Z,
14.103.118.114,ipv4,malicious-ip,medium,WHITE,ziyadnz/hourly-ipv4,ziyadnz|hourly,2026-08-17T18:48:05Z,2026-08-17T18:48:05Z,
14.103.118.120,ipv4,malicious-ip,medium,WHITE,ziyadnz/hourly-ipv4,ziyadnz|hourly,2026-08-17T18:48:05Z,2026-08-17T18:48:05Z,
14.103.118.145,ipv4,malicious-ip,medium,WHITE,ziyadnz/hourly-ipv4,ziyadnz|hourly,2026-08-17T18:48:05Z,2026-08-17T18:48:05Z,
14.103.118.150,ipv4,malicious-ip,medium,WHITE,ziyadnz/hourly-ipv4,ziyadnz|hourly,2026-08-17T18:48:05Z,2026-08-17T18:48:05Z,
14.103.118.153,ipv4,malicious-ip,medium,WHITE,ziyadnz/hourly-ipv4,ziyadnz|hourly,2026-08-17T18:48:05Z,2026-08-17T18:48:05Z,
14.103.118.167,ipv4,malicious-ip,medium,WHITE,ziyadnz/hourly-ipv4,ziyadnz|hourly,2026-08-17T18:48:05Z,2026-08-17T18:48:05Z,
14.103.118.177,ipv4,malicious-ip,medium,WHITE,ziyadnz/hourly-ipv4,ziyadnz|hourly,2026-08-17T18:48:05Z,2026-08-17T18:48:05Z,
14.103.118.197,ipv4,malicious-ip,medium,WHITE,ziyadnz/hourly-ipv4,ziyadnz|hourly,2026-08-17T18:48:05Z,2026-08-17T18:48:05Z,
14.103.118.226,ipv4,malicious-ip,medium,WHITE,ziyadnz/hourly-ipv4,ziyadnz|hourly,2026-08-17T18:48:05Z,2026-08-17T18:48:05Z,
14.103.118.73,ipv4,malicious-ip,medium,WHITE,ziyadnz/hourly-ipv4,ziyadnz|hourly,2026-08-17T18:48:05Z,2026-08-17T18:48:05Z,
14.103.118.74,ipv4,malicious-ip,medium,WHITE,ziyadnz/hourly-ipv4,ziyadnz|hourly,2026-08-17T18:48:05Z,2026-08-17T18:48:05Z,
14.103.119.118,ipv4,malicious-ip,medium,WHITE,ziyadnz/hourly-ipv4,ziyadnz|hourly,2026-08-17T18:48:05Z,2026-08-17T18:48:05Z,
14.103.120.0,ipv4,malicious-ip,medium,WHITE,ziyadnz/hourly-ipv4,ziyadnz|hourly,2026-08-17T18:48:05Z,2026-08-17T18:48:05Z,
14.103.120.124,ipv4,malicious-ip,medium,WHITE,ziyadnz/hourly-ipv4,ziyadnz|hourly,2026-08-17T18:48:05Z,2026-08-17T18:48:05Z,
14.103.120.129,ipv4,malicious-ip,medium,WHITE,ziyadnz/hourly-ipv4,ziyadnz|hourly,2026-08-17T18:48:05Z,2026-08-17T18:48:05Z,
14.103.120.130,ipv4,malicious-ip,medium,WHITE,ziyadnz/hourly-ipv4,ziyadnz|hourly,2026-08-17T18:48:05Z,2026-08-17T18:48:05Z,
14.103.120.132,ipv4,malicious-ip,medium,WHITE,ziyadnz/hourly-ipv4,ziyadnz|hourly,2026-08-17T18:48:05Z,2026-08-17T18:48:05Z,
14.103.120.147,ipv4,malicious-ip,medium,WHITE,ziyadnz/hourly-ipv4,ziyadnz|hourly,2026-08-17T18:48:05Z,2026-08-17T18:48:05Z,
14.103.120.75,ipv4,malicious-ip,medium,WHITE,ziyadnz/hourly-ipv4,ziyadnz|hourly,2026-08-17T18:48:05Z,2026-08-17T18:48:05Z,
14.103.121.146,ipv4,malicious-ip,medium,WHITE,ziyadnz/hourly-ipv4,ziyadnz|hourly,2026-08-17T18:48:05Z,2026-08-17T18:48:05Z,
14.103.121.78,ipv4,malicious-ip,medium,WHITE,ziyadnz/hourly-ipv4,ziyadnz|hourly,2026-08-17T18:48:05Z,2026-08-17T18:48:05Z,
14.103.122.180,ipv4,malicious-ip,medium,WHITE,ziyadnz/hourly-ipv4,ziyadnz|hourly,2026-08-17T18:48:05Z,2026-08-17T18:48:05Z,
14.103.122.187,ipv4,malicious-ip,medium,WHITE,ziyadnz/hourly-ipv4,ziyadnz|hourly,2026-08-17T18:48:05Z,2026-08-17T18:48:05Z,
14.103.122.215,ipv4,malicious-ip,medium,WHITE,ziyadnz/hourly-ipv4,ziyadnz|hourly,2026-08-17T18:48:05Z,2026-08-17T18:48:05Z,
14.103.122.90,ipv4,malicious-ip,medium,WHITE,ziyadnz/hourly-ipv4,ziyadnz|hourly,2026-08-17T18:48:05Z,2026-08-17T18:48:05Z,
14.103.123.0,ipv4,malicious-ip,medium,WHITE,ziyadnz/hourly-ipv4,ziyadnz|hourly,2026-08-17T18:48:05Z,2026-08-17T18:48:05Z,
14.103.123.16,ipv4,malicious-ip,medium,WHITE,ziyadnz/hourly-ipv4,ziyadnz|hourly,2026-08-17T18:48:05Z,2026-08-17T18:48:05Z,
14.103.123.166,ipv4,malicious-ip,medium,WHITE,ziyadnz/hourly-ipv4,ziyadnz|hourly,2026-08-17T18:48:05Z,2026-08-17T18:48:05Z,
14.103.123.19,ipv4,malicious-ip,medium,WHITE,ziyadnz/hourly-ipv4,ziyadnz|hourly,2026-08-17T18:48:05Z,2026-08-17T18:48:05Z,
14.103.123.6,ipv4,malicious-ip,medium,WHITE,ziyadnz/hourly-ipv4,ziyadnz|hourly,2026-08-17T18:48:05Z,2026-08-17T18:48:05Z,
14.103.123.67,ipv4,malicious-ip,medium,WHITE,ziyadnz/hourly-ipv4,ziyadnz|hourly,2026-08-17T18:48:05Z,2026-08-17T18:48:05Z,
14.103.123.75,ipv4,malicious-ip,medium,WHITE,ziyadnz/hourly-ipv4,ziyadnz|hourly,2026-08-17T18:48:05Z,2026-08-17T18:48:05Z,
14.103.123.80,ipv4,malicious-ip,medium,WHITE,ziyadnz/hourly-ipv4,ziyadnz|hourly,2026-08-17T18:48:05Z,2026-08-17T18:48:05Z,
14.103.123.87,ipv4,malicious-ip,medium,WHITE,ziyadnz/hourly-ipv4,ziyadnz|hourly,2026-08-17T18:48:05Z,2026-08-17T18:48:05Z,
14.103.124.188,ipv4,malicious-ip,medium,WHITE,ziyadnz/hourly-ipv4,ziyadnz|hourly,2026-08-17T18:48:05Z,2026-08-17T18:48:05Z,
14.103.126.73,ipv4,malicious-ip,medium,WHITE,ziyadnz/hourly-ipv4,ziyadnz|hourly,2026-08-17T18:48:05Z,2026-08-17T18:48:05Z,
14.103.127.0,ipv4,malicious-ip,medium,WHITE,ziyadnz/hourly-ipv4,ziyadnz|hourly,2026-08-17T18:48:05Z,2026-08-17T18:48:05Z,
14.103.127.198,ipv4,malicious-ip,medium,WHITE,ziyadnz/hourly-ipv4,ziyadnz|hourly,2026-08-17T18:48:05Z,2026-08-17T18:48:05Z,
14.103.127.2,ipv4,malicious-ip,medium,WHITE,ziyadnz/hourly-ipv4,ziyadnz|hourly,2026-08-17T18:48:05Z,2026-08-17T18:48:05Z,
14.103.127.204,ipv4,malicious-ip,medium,WHITE,ziyadnz/hourly-ipv4,ziyadnz|hourly,2026-08-17T18:48:05Z,2026-08-17T18:48:05Z,
14.103.127.23,ipv4,malicious-ip,medium,WHITE,ziyadnz/hourly-ipv4,ziyadnz|hourly,2026-08-17T18:48:05Z,2026-08-17T18:48:05Z,
14.103.127.231,ipv4,malicious-ip,medium,WHITE,ziyadnz/hourly-ipv4,ziyadnz|hourly,2026-08-17T18:48:05Z,2026-08-17T18:48:05Z,
14.103.127.232,ipv4,malicious-ip,medium,WHITE,ziyadnz/hourly-ipv4,ziyadnz|hourly,2026-08-17T18:48:05Z,2026-08-17T18:48:05Z,
14.103.127.234,ipv4,malicious-ip,medium,WHITE,ziyadnz/hourly-ipv4,ziyadnz|hourly,2026-08-17T18:48:05Z,2026-08-17T18:48:05Z,
14.103.127.235,ipv4,malicious-ip,medium,WHITE,ziyadnz/hourly-ipv4,ziyadnz|hourly,2026-08-17T18:48:05Z,2026-08-17T18:48:05Z,
14.103.127.242,ipv4,malicious-ip,medium,WHITE,ziyadnz/hourly-ipv4,ziyadnz|hourly,2026-08-17T18:48:05Z,2026-08-17T18:48:05Z,
14.103.127.243,ipv4,malicious-ip,medium,WHITE,ziyadnz/hourly-ipv4,ziyadnz|hourly,2026-08-17T18:48:05Z,2026-08-17T18:48:05Z,
14.103.127.30,ipv4,malicious-ip,medium,WHITE,ziyadnz/hourly-ipv4,ziyadnz|hourly,2026-08-17T18:48:05Z,2026-08-17T18:48:05Z,
14.103.127.66,ipv4,malicious-ip,medium,WHITE,ziyadnz/hourly-ipv4,ziyadnz|hourly,2026-08-17T18:48:05Z,2026-08-17T18:48:05Z,
14.103.127.7,ipv4,malicious-ip,medium,WHITE,ziyadnz/hourly-ipv4,ziyadnz|hourly,2026-08-17T18:48:05Z,2026-08-17T18:48:05Z,
14.103.127.71,ipv4,malicious-ip,medium,WHITE,ziyadnz/hourly-ipv4,ziyadnz|hourly,2026-08-17T18:48:05Z,2026-08-17T18:48:05Z,
14.103.127.82,ipv4,malicious-ip,medium,WHITE,ziyadnz/hourly-ipv4,ziyadnz|hourly,2026-08-17T18:48:05Z,2026-08-17T18:48:05Z,
14.103.127.97,ipv4,malicious-ip,medium,WHITE,ziyadnz/hourly-ipv4,ziyadnz|hourly,2026-08-17T18:48:05Z,2026-08-17T18:48:05Z,
14.103.133.223,ipv4,malicious-ip,medium,WHITE,ziyadnz/hourly-ipv4,ziyadnz|hourly,2026-08-17T18:48:05Z,2026-08-17T18:48:05Z,
14.103.140.39,ipv4,malicious-ip,medium,WHITE,ziyadnz/hourly-ipv4,ziyadnz|hourly,2026-08-17T18:48:05Z,2026-08-17T18:48:05Z,
14.103.142.184,ipv4,malicious-ip,medium,WHITE,ziyadnz/hourly-ipv4,ziyadnz|hourly,2026-08-17T18:48:05Z,2026-08-17T18:48:05Z,
14.103.145.202,ipv4,malicious-ip,medium,WHITE,ziyadnz/hourly-ipv4,ziyadnz|hourly,2026-08-17T18:48:05Z,2026-08-17T18:48:05Z,
14.103.145.211,ipv4,malicious-ip,medium,WHITE,ziyadnz/hourly-ipv4,ziyadnz|hourly,2026-08-17T18:48:05Z,2026-08-17T18:48:05Z,
14.103.145.212,ipv4,malicious-ip,medium,WHITE,ziyadnz/hourly-ipv4,ziyadnz|hourly,2026-08-17T18:48:05Z,2026-08-17T18:48:05Z,
14.103.145.231,ipv4,malicious-ip,medium,WHITE,ziyadnz/hourly-ipv4,ziyadnz|hourly,2026-08-17T18:48:05Z,2026-08-17T18:48:05Z,
14.103.147.55,ipv4,malicious-ip,medium,WHITE,ziyadnz/hourly-ipv4,ziyadnz|hourly,2026-08-17T18:48:05Z,2026-08-17T18:48:05Z,
14.103.149.158,ipv4,malicious-ip,medium,WHITE,ziyadnz/hourly-ipv4,ziyadnz|hourly,2026-08-17T18:48:05Z,2026-08-17T18:48:05Z,
14.103.151.86,ipv4,malicious-ip,medium,WHITE,ziyadnz/hourly-ipv4,ziyadnz|hourly,2026-08-17T18:48:05Z,2026-08-17T18:48:05Z,
14.103.164.98,ipv4,malicious-ip,medium,WHITE,ziyadnz/hourly-ipv4,ziyadnz|hourly,2026-08-17T18:48:05Z,2026-08-17T18:48:05Z,
14.103.172.199,ipv4,malicious-ip,medium,WHITE,ziyadnz/hourly-ipv4,ziyadnz|hourly,2026-08-17T18:48:05Z,2026-08-17T18:48:05Z,
14.103.173.166,ipv4,malicious-ip,medium,WHITE,ziyadnz/hourly-ipv4,ziyadnz|hourly,2026-08-17T18:48:05Z,2026-08-17T18:48:05Z,
14.103.178.182,ipv4,malicious-ip,medium,WHITE,ziyadnz/hourly-ipv4,ziyadnz|hourly,2026-08-17T18:48:05Z,2026-08-17T18:48:05Z,
14.103.18.123,ipv4,malicious-ip,medium,WHITE,ziyadnz/hourly-ipv4,ziyadnz|hourly,2026-08-17T18:48:05Z,2026-08-17T18:48:05Z,
14.103.18.5,ipv4,malicious-ip,medium,WHITE,ziyadnz/hourly-ipv4,ziyadnz|hourly,2026-08-17T18:48:05Z,2026-08-17T18:48:05Z,
14.103.215.232,ipv4,malicious-ip,medium,WHITE,ziyadnz/hourly-ipv4,ziyadnz|hourly,2026-08-17T18:48:05Z,2026-08-17T18:48:05Z,
14.103.224.24,ipv4,malicious-ip,medium,WHITE,ziyadnz/hourly-ipv4,ziyadnz|hourly,2026-08-17T18:48:05Z,2026-08-17T18:48:05Z,
14.103.247.214,ipv4,malicious-ip,medium,WHITE,ziyadnz/hourly-ipv4,ziyadnz|hourly,2026-08-17T18:48:05Z,2026-08-17T18:48:05Z,
14.103.25.86,ipv4,malicious-ip,medium,WHITE,ziyadnz/hourly-ipv4,ziyadnz|hourly,2026-08-17T18:48:05Z,2026-08-17T18:48:05Z,
14.103.34.102,ipv4,malicious-ip,medium,WHITE,ziyadnz/hourly-ipv4,ziyadnz|hourly,2026-08-17T18:48:05Z,2026-08-17T18:48:05Z,
14.103.37.34,ipv4,malicious-ip,medium,WHITE,ziyadnz/hourly-ipv4,ziyadnz|hourly,2026-08-17T18:48:05Z,2026-08-17T18:48:05Z,
14.103.41.98,ipv4,malicious-ip,medium,WHITE,ziyadnz/hourly-ipv4,ziyadnz|hourly,2026-08-17T18:48:05Z,2026-08-17T18:48:05Z,
14.103.45.20,ipv4,malicious-ip,medium,WHITE,ziyadnz/hourly-ipv4,ziyadnz|hourly,2026-08-17T18:48:05Z,2026-08-17T18:48:05Z,
14.103.46.139,ipv4,malicious-ip,medium,WHITE,ziyadnz/hourly-ipv4,ziyadnz|hourly,2026-08-17T18:48:05Z,2026-08-17T18:48:05Z,
14.103.46.177,ipv4,malicious-ip,medium,WHITE,ziyadnz/hourly-ipv4,ziyadnz|hourly,2026-08-17T18:48:05Z,2026-08-17T18:48:05Z,
14.103.54.150,ipv4,malicious-ip,medium,WHITE,ziyadnz/hourly-ipv4,ziyadnz|hourly,2026-08-17T18:48:05Z,2026-08-17T18:48:05Z,
14.103.55.226,ipv4,malicious-ip,medium,WHITE,ziyadnz/hourly-ipv4,ziyadnz|hourly,2026-08-17T18:48:05Z,2026-08-17T18:48:05Z,
14.103.63.133,ipv4,malicious-ip,medium,WHITE,ziyadnz/hourly-ipv4,ziyadnz|hourly,2026-08-17T18:48:05Z,2026-08-17T18:48:05Z,
14.103.63.16,ipv4,malicious-ip,medium,WHITE,ziyadnz/hourly-ipv4,ziyadnz|hourly,2026-08-17T18:48:05Z,2026-08-17T18:48:05Z,
14.103.64.177,ipv4,malicious-ip,medium,WHITE,ziyadnz/hourly-ipv4,ziyadnz|hourly,2026-08-17T18:48:05Z,2026-08-17T18:48:05Z,
14.103.67.10,ipv4,malicious-ip,medium,WHITE,ziyadnz/hourly-ipv4,ziyadnz|hourly,2026-08-17T18:48:05Z,2026-08-17T18:48:05Z,
14.103.71.220,ipv4,malicious-ip,medium,WHITE,ziyadnz/hourly-ipv4,ziyadnz|hourly,2026-08-17T18:48:05Z,2026-08-17T18:48:05Z,
14.103.72.109,ipv4,malicious-ip,medium,WHITE,ziyadnz/hourly-ipv4,ziyadnz|hourly,2026-08-17T18:48:05Z,2026-08-17T18:48:05Z,
14.103.73.80,ipv4,malicious-ip,medium,WHITE,ziyadnz/hourly-ipv4,ziyadnz|hourly,2026-08-17T18:48:05Z,2026-08-17T18:48:05Z,
14.103.79.11,ipv4,malicious-ip,medium,WHITE,ziyadnz/hourly-ipv4,ziyadnz|hourly,2026-08-17T18:48:05Z,2026-08-17T18:48:05Z,
14.103.83.66,ipv4,malicious-ip,medium,WHITE,ziyadnz/hourly-ipv4,ziyadnz|hourly,2026-08-17T18:48:05Z,2026-08-17T18:48:05Z,
14.103.84.166,ipv4,malicious-ip,medium,WHITE,ziyadnz/hourly-ipv4,ziyadnz|hourly,2026-08-17T18:48:05Z,2026-08-17T18:48:05Z,
14.103.86.183,ipv4,malicious-ip,medium,WHITE,ziyadnz/hourly-ipv4,ziyadnz|hourly,2026-08-17T18:48:05Z,2026-08-17T18:48:05Z,
14.103.86.48,ipv4,malicious-ip,medium,WHITE,ziyadnz/hourly-ipv4,ziyadnz|hourly,2026-08-17T18:48:05Z,2026-08-17T18:48:05Z,
14.103.9.211,ipv4,malicious-ip,medium,WHITE,ziyadnz/hourly-ipv4,ziyadnz|hourly,2026-08-17T18:48:05Z,2026-08-17T18:48:05Z,
14.103.90.3,ipv4,malicious-ip,medium,WHITE,ziyadnz/hourly-ipv4,ziyadnz|hourly,2026-08-17T18:48:05Z,2026-08-17T18:48:05Z,
14.103.90.30,ipv4,malicious-ip,medium,WHITE,ziyadnz/hourly-ipv4,ziyadnz|hourly,2026-08-17T18:48:05Z,2026-08-17T18:48:05Z,
14.103.91.55,ipv4,malicious-ip,medium,WHITE,ziyadnz/hourly-ipv4,ziyadnz|hourly,2026-08-17T18:48:05Z,2026-08-17T18:48:05Z,
14.103.91.89,ipv4,malicious-ip,medium,WHITE,ziyadnz/hourly-ipv4,ziyadnz|hourly,2026-08-17T18:48:05Z,2026-08-17T18:48:05Z,
14.103.98.184,ipv4,malicious-ip,medium,WHITE,ziyadnz/hourly-ipv4,ziyadnz|hourly,2026-08-17T18:48:05Z,2026-08-17T18:48:05Z,
14.105.65.77,ipv4,malicious-ip,medium,WHITE,ziyadnz/hourly-ipv4,ziyadnz|hourly,2026-08-17T18:48:05Z,2026-08-17T18:48:05Z,
14.107.50.255,ipv4,malicious-ip,medium,WHITE,ziyadnz/hourly-ipv4,ziyadnz|hourly,2026-08-17T18:48:05Z,2026-08-17T18:48:05Z,
14.109.225.114,ipv4,malicious-ip,medium,WHITE,ziyadnz/hourly-ipv4,ziyadnz|hourly,2026-08-17T18:48:05Z,2026-08-17T18:48:05Z,
14.109.234.3,ipv4,malicious-ip,medium,WHITE,ziyadnz/hourly-ipv4,ziyadnz|hourly,2026-08-17T18:48:05Z,2026-08-17T18:48:05Z,
14.110.99.22,ipv4,malicious-ip,medium,WHITE,ziyadnz/hourly-ipv4,ziyadnz|hourly,2026-08-17T18:48:05Z,2026-08-17T18:48:05Z,
14.113.157.140,ipv4,malicious-ip,medium,WHITE,ziyadnz/hourly-ipv4,ziyadnz|hourly,2026-08-17T18:48:05Z,2026-08-17T18:48:05Z,
14.115.106.162,ipv4,malicious-ip,medium,WHITE,ziyadnz/hourly-ipv4,ziyadnz|hourly,2026-08-17T18:48:05Z,2026-08-17T18:48:05Z,
14.116.146.156,ipv4,malicious-ip,medium,WHITE,ziyadnz/hourly-ipv4,ziyadnz|hourly,2026-08-17T18:48:05Z,2026-08-17T18:48:05Z,
14.116.148.165,ipv4,malicious-ip,medium,WHITE,ziyadnz/hourly-ipv4,ziyadnz|hourly,2026-08-17T18:48:05Z,2026-08-17T18:48:05Z,
14.116.150.36,ipv4,malicious-ip,medium,WHITE,ziyadnz/hourly-ipv4,ziyadnz|hourly,2026-08-17T18:48:05Z,2026-08-17T18:48:05Z,
14.116.151.151,ipv4,malicious-ip,medium,WHITE,ziyadnz/hourly-ipv4,ziyadnz|hourly,2026-08-17T18:48:05Z,2026-08-17T18:48:05Z,
14.116.154.96,ipv4,malicious-ip,medium,WHITE,ziyadnz/hourly-ipv4,ziyadnz|hourly,2026-08-17T18:48:05Z,2026-08-17T18:48:05Z,
14.116.172.24,ipv4,malicious-ip,medium,WHITE,ziyadnz/hourly-ipv4,ziyadnz|hourly,2026-08-17T18:48:05Z,2026-08-17T18:48:05Z,
14.116.187.43,ipv4,malicious-ip,medium,WHITE,ziyadnz/hourly-ipv4,ziyadnz|hourly,2026-08-17T18:48:05Z,2026-08-17T18:48:05Z,
14.116.194.236,ipv4,malicious-ip,medium,WHITE,ziyadnz/hourly-ipv4,ziyadnz|hourly,2026-08-17T18:48:05Z,2026-08-17T18:48:05Z,
14.116.219.149,ipv4,malicious-ip,medium,WHITE,ziyadnz/hourly-ipv4,ziyadnz|hourly,2026-08-17T18:48:05Z,2026-08-17T18:48:05Z,
14.116.254.43,ipv4,malicious-ip,medium,WHITE,ziyadnz/hourly-ipv4,ziyadnz|hourly,2026-08-17T18:48:05Z,2026-08-17T18:48:05Z,
14.117.245.135,ipv4,malicious-ip,medium,WHITE,ziyadnz/hourly-ipv4,ziyadnz|hourly,2026-08-17T18:48:05Z,2026-08-17T18:48:05Z,
14.117.245.18,ipv4,malicious-ip,medium,WHITE,ziyadnz/hourly-ipv4,ziyadnz|hourly,2026-08-17T18:48:05Z,2026-08-17T18:48:05Z,
14.12.202.0,ipv4,malicious-ip,medium,WHITE,ziyadnz/hourly-ipv4,ziyadnz|hourly,2026-08-17T18:48:05Z,2026-08-17T18:48:05Z,
14.12.28.99,ipv4,malicious-ip,medium,WHITE,ziyadnz/hourly-ipv4,ziyadnz|hourly,2026-08-17T18:48:05Z,2026-08-17T18:48:05Z,
14.121.145.20,ipv4,malicious-ip,medium,WHITE,ziyadnz/hourly-ipv4,ziyadnz|hourly,2026-08-17T18:48:05Z,2026-08-17T18:48:05Z,
14.137.230.110,ipv4,malicious-ip,medium,WHITE,ziyadnz/hourly-ipv4,ziyadnz|hourly,2026-08-17T18:48:05Z,2026-08-17T18:48:05Z,
14.139.172.147,ipv4,malicious-ip,medium,WHITE,ziyadnz/hourly-ipv4,ziyadnz|hourly,2026-08-17T18:48:05Z,2026-08-17T18:48:05Z,
14.139.176.208,ipv4,malicious-ip,medium,WHITE,ziyadnz/hourly-ipv4,ziyadnz|hourly,2026-08-17T18:48:05Z,2026-08-17T18:48:05Z,
14.139.185.115,ipv4,malicious-ip,medium,WHITE,ziyadnz/hourly-ipv4,ziyadnz|hourly,2026-08-17T18:48:05Z,2026-08-17T18:48:05Z,
14.139.196.162,ipv4,malicious-ip,medium,WHITE,ziyadnz/hourly-ipv4,ziyadnz|hourly,2026-08-17T18:48:05Z,2026-08-17T18:48:05Z,
14.139.196.243,ipv4,malicious-ip,medium,WHITE,ziyadnz/hourly-ipv4,ziyadnz|hourly,2026-08-17T18:48:05Z,2026-08-17T18:48:05Z,
14.139.219.246,ipv4,malicious-ip,medium,WHITE,ziyadnz/hourly-ipv4,ziyadnz|hourly,2026-08-17T18:48:05Z,2026-08-17T18:48:05Z,
14.139.220.130,ipv4,malicious-ip,medium,WHITE,ziyadnz/hourly-ipv4,ziyadnz|hourly,2026-08-17T18:48:05Z,2026-08-17T18:48:05Z,
14.139.229.25,ipv4,malicious-ip,medium,WHITE,ziyadnz/hourly-ipv4,ziyadnz|hourly,2026-08-17T18:48:05Z,2026-08-17T18:48:05Z,
14.139.50.220,ipv4,malicious-ip,medium,WHITE,ziyadnz/hourly-ipv4,ziyadnz|hourly,2026-08-17T18:48:05Z,2026-08-17T18:48:05Z,
14.139.58.9,ipv4,malicious-ip,medium,WHITE,ziyadnz/hourly-ipv4,ziyadnz|hourly,2026-08-17T18:48:05Z,2026-08-17T18:48:05Z,
14.139.85.2,ipv4,malicious-ip,medium,WHITE,ziyadnz/hourly-ipv4,ziyadnz|hourly,2026-08-17T18:48:05Z,2026-08-17T18:48:05Z,
14.141.73.170,ipv4,malicious-ip,medium,WHITE,ziyadnz/hourly-ipv4,ziyadnz|hourly,2026-08-17T18:48:05Z,2026-08-17T18:48:05Z,
14.143.13.210,ipv4,malicious-ip,medium,WHITE,ziyadnz/hourly-ipv4,ziyadnz|hourly,2026-08-17T18:48:05Z,2026-08-17T18:48:05Z,
14.145.162.28,ipv4,malicious-ip,medium,WHITE,ziyadnz/hourly-ipv4,ziyadnz|hourly,2026-08-17T18:48:05Z,2026-08-17T18:48:05Z,
14.145.45.124,ipv4,malicious-ip,medium,WHITE,ziyadnz/hourly-ipv4,ziyadnz|hourly,2026-08-17T18:48:05Z,2026-08-17T18:48:05Z,
14.149.70.51,ipv4,malicious-ip,medium,WHITE,ziyadnz/hourly-ipv4,ziyadnz|hourly,2026-08-17T18:48:05Z,2026-08-17T18:48:05Z,
14.152.85.4,ipv4,malicious-ip,medium,WHITE,ziyadnz/hourly-ipv4,ziyadnz|hourly,2026-08-17T18:48:05Z,2026-08-17T18:48:05Z,
14.152.90.225,ipv4,malicious-ip,medium,WHITE,ziyadnz/hourly-ipv4,ziyadnz|hourly,2026-08-17T18:48:05Z,2026-08-17T18:48:05Z,
14.152.90.227,ipv4,malicious-ip,medium,WHITE,ziyadnz/hourly-ipv4,ziyadnz|hourly,2026-08-17T18:48:05Z,2026-08-17T18:48:05Z,
14.152.90.228,ipv4,malicious-ip,medium,WHITE,ziyadnz/hourly-ipv4,ziyadnz|hourly,2026-08-17T18:48:05Z,2026-08-17T18:48:05Z,
14.152.90.229,ipv4,malicious-ip,medium,WHITE,ziyadnz/hourly-ipv4,ziyadnz|hourly,2026-08-17T18:48:05Z,2026-08-17T18:48:05Z,
14.152.90.230,ipv4,malicious-ip,medium,WHITE,ziyadnz/hourly-ipv4,ziyadnz|hourly,2026-08-17T18:48:05Z,2026-08-17T18:48:05Z,
14.152.91.206,ipv4,malicious-ip,medium,WHITE,ziyadnz/hourly-ipv4,ziyadnz|hourly,2026-08-17T18:48:05Z,2026-08-17T18:48:05Z,
14.153.12.11,ipv4,malicious-ip,medium,WHITE,ziyadnz/hourly-ipv4,ziyadnz|hourly,2026-08-17T18:48:05Z,2026-08-17T18:48:05Z,
14.153.131.209,ipv4,malicious-ip,medium,WHITE,ziyadnz/hourly-ipv4,ziyadnz|hourly,2026-08-17T18:48:05Z,2026-08-17T18:48:05Z,
14.153.180.4,ipv4,malicious-ip,medium,WHITE,ziyadnz/hourly-ipv4,ziyadnz|hourly,2026-08-17T18:48:05Z,2026-08-17T18:48:05Z,
14.153.226.13,ipv4,malicious-ip,medium,WHITE,ziyadnz/hourly-ipv4,ziyadnz|hourly,2026-08-17T18:48:05Z,2026-08-17T18:48:05Z,
14.153.226.182,ipv4,malicious-ip,medium,WHITE,ziyadnz/hourly-ipv4,ziyadnz|hourly,2026-08-17T18:48:05Z,2026-08-17T18:48:05Z,
14.153.244.176,ipv4,malicious-ip,medium,WHITE,ziyadnz/hourly-ipv4,ziyadnz|hourly,2026-08-17T18:48:05Z,2026-08-17T18:48:05Z,
14.153.244.229,ipv4,malicious-ip,medium,WHITE,ziyadnz/hourly-ipv4,ziyadnz|hourly,2026-08-17T18:48:05Z,2026-08-17T18:48:05Z,
14.153.252.108,ipv4,malicious-ip,medium,WHITE,ziyadnz/hourly-ipv4,ziyadnz|hourly,2026-08-17T18:48:05Z,2026-08-17T18:48:05Z,
14.154.130.10,ipv4,malicious-ip,medium,WHITE,ziyadnz/hourly-ipv4,ziyadnz|hourly,2026-08-17T18:48:05Z,2026-08-17T18:48:05Z,
14.154.19.39,ipv4,malicious-ip,medium,WHITE,ziyadnz/hourly-ipv4,ziyadnz|hourly,2026-08-17T18:48:05Z,2026-08-17T18:48:05Z,
14.155.115.106,ipv4,malicious-ip,medium,WHITE,ziyadnz/hourly-ipv4,ziyadnz|hourly,2026-08-17T18:48:05Z,2026-08-17T18:48:05Z,
14.155.251.249,ipv4,malicious-ip,medium,WHITE,ziyadnz/hourly-ipv4,ziyadnz|hourly,2026-08-17T18:48:05Z,2026-08-17T18:48:05Z,
14.155.42.245,ipv4,malicious-ip,medium,WHITE,ziyadnz/hourly-ipv4,ziyadnz|hourly,2026-08-17T18:48:05Z,2026-08-17T18:48:05Z,
14.157.14.166,ipv4,malicious-ip,medium,WHITE,ziyadnz/hourly-ipv4,ziyadnz|hourly,2026-08-17T18:48:05Z,2026-08-17T18:48:05Z,
14.160.172.157,ipv4,malicious-ip,medium,WHITE,ziyadnz/hourly-ipv4,ziyadnz|hourly,2026-08-17T18:48:05Z,2026-08-17T18:48:05Z,
14.160.43.186,ipv4,malicious-ip,medium,WHITE,ziyadnz/hourly-ipv4,ziyadnz|hourly,2026-08-17T18:48:05Z,2026-08-17T18:48:05Z,
14.161.0.184,ipv4,malicious-ip,medium,WHITE,ziyadnz/hourly-ipv4,ziyadnz|hourly,2026-08-17T18:48:05Z,2026-08-17T18:48:05Z,
14.161.111.27,ipv4,malicious-ip,medium,WHITE,ziyadnz/hourly-ipv4,ziyadnz|hourly,2026-08-17T18:48:05Z,2026-08-17T18:48:05Z,
14.161.12.247,ipv4,malicious-ip,medium,WHITE,ziyadnz/hourly-ipv4,ziyadnz|hourly,2026-08-17T18:48:05Z,2026-08-17T18:48:05Z,
14.161.18.88,ipv4,malicious-ip,medium,WHITE,ziyadnz/hourly-ipv4,ziyadnz|hourly,2026-08-17T18:48:05Z,2026-08-17T18:48:05Z,
14.161.22.36,ipv4,malicious-ip,medium,WHITE,ziyadnz/hourly-ipv4,ziyadnz|hourly,2026-08-17T18:48:05Z,2026-08-17T18:48:05Z,
14.161.253.0,ipv4,malicious-ip,medium,WHITE,ziyadnz/hourly-ipv4,ziyadnz|hourly,2026-08-17T18:48:05Z,2026-08-17T18:48:05Z,
14.161.6.65,ipv4,malicious-ip,medium,WHITE,ziyadnz/hourly-ipv4,ziyadnz|hourly,2026-08-17T18:48:05Z,2026-08-17T18:48:05Z,
14.17.126.136,ipv4,malicious-ip,medium,WHITE,ziyadnz/hourly-ipv4,ziyadnz|hourly,2026-08-17T18:48:05Z,2026-08-17T18:48:05Z,
14.170.154.13,ipv4,malicious-ip,medium,WHITE,ziyadnz/hourly-ipv4,ziyadnz|hourly,2026-08-17T18:48:05Z,2026-08-17T18:48:05Z,
14.175.20.125,ipv4,malicious-ip,medium,WHITE,ziyadnz/hourly-ipv4,ziyadnz|hourly,2026-08-17T18:48:05Z,2026-08-17T18:48:05Z,
14.177.234.24,ipv4,malicious-ip,medium,WHITE,ziyadnz/hourly-ipv4,ziyadnz|hourly,2026-08-17T18:48:05Z,2026-08-17T18:48:05Z,
14.18.113.167,ipv4,malicious-ip,medium,WHITE,ziyadnz/hourly-ipv4,ziyadnz|hourly,2026-08-17T18:48:05Z,2026-08-17T18:48:05Z,
14.18.113.233,ipv4,malicious-ip,medium,WHITE,ziyadnz/hourly-ipv4,ziyadnz|hourly,2026-08-17T18:48:05Z,2026-08-17T18:48:05Z,
14.18.114.170,ipv4,malicious-ip,medium,WHITE,ziyadnz/hourly-ipv4,ziyadnz|hourly,2026-08-17T18:48:05Z,2026-08-17T18:48:05Z,
14.18.122.240,ipv4,malicious-ip,medium,WHITE,ziyadnz/hourly-ipv4,ziyadnz|hourly,2026-08-17T18:48:05Z,2026-08-17T18:48:05Z,
14.18.236.71,ipv4,malicious-ip,medium,WHITE,ziyadnz/hourly-ipv4,ziyadnz|hourly,2026-08-17T18:48:05Z,2026-08-17T18:48:05Z,
14.18.77.99,ipv4,malicious-ip,medium,WHITE,ziyadnz/hourly-ipv4,ziyadnz|hourly,2026-08-17T18:48:05Z,2026-08-17T18:48:05Z,
14.18.88.70,ipv4,malicious-ip,medium,WHITE,ziyadnz/hourly-ipv4,ziyadnz|hourly,2026-08-17T18:48:05Z,2026-08-17T18:48:05Z,
14.18.96.22,ipv4,malicious-ip,medium,WHITE,ziyadnz/hourly-ipv4,ziyadnz|hourly,2026-08-17T18:48:05Z,2026-08-17T18:48:05Z,
14.180.216.187,ipv4,malicious-ip,medium,WHITE,ziyadnz/hourly-ipv4,ziyadnz|hourly,2026-08-17T18:48:05Z,2026-08-17T18:48:05Z,
14.183.170.253,ipv4,malicious-ip,medium,WHITE,ziyadnz/hourly-ipv4,ziyadnz|hourly,2026-08-17T18:48:05Z,2026-08-17T18:48:05Z,
14.187.16.203,ipv4,malicious-ip,medium,WHITE,ziyadnz/hourly-ipv4,ziyadnz|hourly,2026-08-17T18:48:05Z,2026-08-17T18:48:05Z,
14.187.4.34,ipv4,malicious-ip,medium,WHITE,ziyadnz/hourly-ipv4,ziyadnz|hourly,2026-08-17T18:48:05Z,2026-08-17T18:48:05Z,
14.188.117.102,ipv4,malicious-ip,medium,WHITE,ziyadnz/hourly-ipv4,ziyadnz|hourly,2026-08-17T18:48:05Z,2026-08-17T18:48:05Z,
14.188.243.227,ipv4,malicious-ip,medium,WHITE,ziyadnz/hourly-ipv4,ziyadnz|hourly,2026-08-17T18:48:05Z,2026-08-17T18:48:05Z,
14.189.4.146,ipv4,malicious-ip,medium,WHITE,ziyadnz/hourly-ipv4,ziyadnz|hourly,2026-08-17T18:48:05Z,2026-08-17T18:48:05Z,
14.189.61.75,ipv4,malicious-ip,medium,WHITE,ziyadnz/hourly-ipv4,ziyadnz|hourly,2026-08-17T18:48:05Z,2026-08-17T18:48:05Z,
14.19.139.195,ipv4,malicious-ip,medium,WHITE,ziyadnz/hourly-ipv4,ziyadnz|hourly,2026-08-17T18:48:05Z,2026-08-17T18:48:05Z,
14.191.130.251,ipv4,malicious-ip,medium,WHITE,ziyadnz/hourly-ipv4,ziyadnz|hourly,2026-08-17T18:48:05Z,2026-08-17T18:48:05Z,
14.191.15.155,ipv4,malicious-ip,medium,WHITE,ziyadnz/hourly-ipv4,ziyadnz|hourly,2026-08-17T18:48:05Z,2026-08-17T18:48:05Z,
14.192.245.58,ipv4,malicious-ip,medium,WHITE,ziyadnz/hourly-ipv4,ziyadnz|hourly,2026-08-17T18:48:05Z,2026-08-17T18:48:05Z,
14.194.122.130,ipv4,malicious-ip,medium,WHITE,ziyadnz/hourly-ipv4,ziyadnz|hourly,2026-08-17T18:48:05Z,2026-08-17T18:48:05Z,
14.194.128.158,ipv4,malicious-ip,medium,WHITE,ziyadnz/hourly-ipv4,ziyadnz|hourly,2026-08-17T18:48:05Z,2026-08-17T18:48:05Z,
14.194.62.218,ipv4,malicious-ip,medium,WHITE,ziyadnz/hourly-ipv4,ziyadnz|hourly,2026-08-17T18:48:05Z,2026-08-17T18:48:05Z,
14.195.144.206,ipv4,malicious-ip,medium,WHITE,ziyadnz/hourly-ipv4,ziyadnz|hourly,2026-08-17T18:48:05Z,2026-08-17T18:48:05Z,
14.195.25.162,ipv4,malicious-ip,medium,WHITE,ziyadnz/hourly-ipv4,ziyadnz|hourly,2026-08-17T18:48:05Z,2026-08-17T18:48:05Z,
14.195.99.218,ipv4,malicious-ip,medium,WHITE,ziyadnz/hourly-ipv4,ziyadnz|hourly,2026-08-17T18:48:05Z,2026-08-17T18:48:05Z,
14.20.151.139,ipv4,malicious-ip,medium,WHITE,ziyadnz/hourly-ipv4,ziyadnz|hourly,2026-08-17T18:48:05Z,2026-08-17T18:48:05Z,
14.20.160.195,ipv4,malicious-ip,medium,WHITE,ziyadnz/hourly-ipv4,ziyadnz|hourly,2026-08-17T18:48:05Z,2026-08-17T18:48:05Z,
14.20.221.65,ipv4,malicious-ip,medium,WHITE,ziyadnz/hourly-ipv4,ziyadnz|hourly,2026-08-17T18:48:05Z,2026-08-17T18:48:05Z,
14.20.73.26,ipv4,malicious-ip,medium,WHITE,ziyadnz/hourly-ipv4,ziyadnz|hourly,2026-08-17T18:48:05Z,2026-08-17T18:48:05Z,
14.200.182.200,ipv4,malicious-ip,medium,WHITE,ziyadnz/hourly-ipv4,ziyadnz|hourly,2026-08-17T18:48:05Z,2026-08-17T18:48:05Z,
14.200.58.67,ipv4,malicious-ip,medium,WHITE,ziyadnz/hourly-ipv4,ziyadnz|hourly,2026-08-17T18:48:05Z,2026-08-17T18:48:05Z,
14.201.45.2,ipv4,malicious-ip,medium,WHITE,ziyadnz/hourly-ipv4,ziyadnz|hourly,2026-08-17T18:48:05Z,2026-08-17T18:48:05Z,
14.203.66.218,ipv4,malicious-ip,medium,WHITE,ziyadnz/hourly-ipv4,ziyadnz|hourly,2026-08-17T18:48:05Z,2026-08-17T18:48:05Z,
14.205.104.200,ipv4,malicious-ip,medium,WHITE,ziyadnz/hourly-ipv4,ziyadnz|hourly,2026-08-17T18:48:05Z,2026-08-17T18:48:05Z,
14.205.242.31,ipv4,malicious-ip,medium,WHITE,ziyadnz/hourly-ipv4,ziyadnz|hourly,2026-08-17T18:48:05Z,2026-08-17T18:48:05Z,
14.205.253.69,ipv4,malicious-ip,medium,WHITE,ziyadnz/hourly-ipv4,ziyadnz|hourly,2026-08-17T18:48:05Z,2026-08-17T18:48:05Z,
14.205.253.84,ipv4,malicious-ip,medium,WHITE,ziyadnz/hourly-ipv4,ziyadnz|hourly,2026-08-17T18:48:05Z,2026-08-17T18:48:05Z,
14.206.12.13,ipv4,malicious-ip,medium,WHITE,ziyadnz/hourly-ipv4,ziyadnz|hourly,2026-08-17T18:48:05Z,2026-08-17T18:48:05Z,
14.207.141.115,ipv4,malicious-ip,medium,WHITE,ziyadnz/hourly-ipv4,ziyadnz|hourly,2026-08-17T18:48:05Z,2026-08-17T18:48:05Z,
14.21.56.148,ipv4,malicious-ip,medium,WHITE,ziyadnz/hourly-ipv4,ziyadnz|hourly,2026-08-17T18:48:05Z,2026-08-17T18:48:05Z,
14.212.104.6,ipv4,malicious-ip,medium,WHITE,ziyadnz/hourly-ipv4,ziyadnz|hourly,2026-08-17T18:48:05Z,2026-08-17T18:48:05Z,
14.212.135.143,ipv4,malicious-ip,medium,WHITE,ziyadnz/hourly-ipv4,ziyadnz|hourly,2026-08-17T18:48:05Z,2026-08-17T18:48:05Z,
14.215.162.157,ipv4,malicious-ip,medium,WHITE,ziyadnz/hourly-ipv4,ziyadnz|hourly,2026-08-17T18:48:05Z,2026-08-17T18:48:05Z,
14.217.228.14,ipv4,malicious-ip,medium,WHITE,ziyadnz/hourly-ipv4,ziyadnz|hourly,2026-08-17T18:48:05Z,2026-08-17T18:48:05Z,
14.22.117.103,ipv4,malicious-ip,medium,WHITE,ziyadnz/hourly-ipv4,ziyadnz|hourly,2026-08-17T18:48:05Z,2026-08-17T18:48:05Z,
14.22.23.243,ipv4,malicious-ip,medium,WHITE,ziyadnz/hourly-ipv4,ziyadnz|hourly,2026-08-17T18:48:05Z,2026-08-17T18:48:05Z,
14.22.72.117,ipv4,malicious-ip,medium,WHITE,ziyadnz/hourly-ipv4,ziyadnz|hourly,2026-08-17T18:48:05Z,2026-08-17T18:48:05Z,
14.22.79.82,ipv4,malicious-ip,medium,WHITE,ziyadnz/hourly-ipv4,ziyadnz|hourly,2026-08-17T18:48:05Z,2026-08-17T18:48:05Z,
14.22.82.116,ipv4,malicious-ip,medium,WHITE,ziyadnz/hourly-ipv4,ziyadnz|hourly,2026-08-17T18:48:05Z,2026-08-17T18:48:05Z,
14.22.89.30,ipv4,malicious-ip,medium,WHITE,ziyadnz/hourly-ipv4,ziyadnz|hourly,2026-08-17T18:48:05Z,2026-08-17T18:48:05Z,
14.220.243.15,ipv4,malicious-ip,medium,WHITE,ziyadnz/hourly-ipv4,ziyadnz|hourly,2026-08-17T18:48:05Z,2026-08-17T18:48:05Z,
14.221.178.94,ipv4,malicious-ip,medium,WHITE,ziyadnz/hourly-ipv4,ziyadnz|hourly,2026-08-17T18:48:05Z,2026-08-17T18:48:05Z,
14.223.93.139,ipv4,malicious-ip,medium,WHITE,ziyadnz/hourly-ipv4,ziyadnz|hourly,2026-08-17T18:48:05Z,2026-08-17T18:48:05Z,
14.224.159.101,ipv4,malicious-ip,medium,WHITE,ziyadnz/hourly-ipv4,ziyadnz|hourly,2026-08-17T18:48:05Z,2026-08-17T18:48:05Z,
14.224.170.239,ipv4,malicious-ip,medium,WHITE,ziyadnz/hourly-ipv4,ziyadnz|hourly,2026-08-17T18:48:05Z,2026-08-17T18:48:05Z,
14.224.184.124,ipv4,malicious-ip,medium,WHITE,ziyadnz/hourly-ipv4,ziyadnz|hourly,2026-08-17T18:48:05Z,2026-08-17T18:48:05Z,
14.224.187.125,ipv4,malicious-ip,medium,WHITE,ziyadnz/hourly-ipv4,ziyadnz|hourly,2026-08-17T18:48:05Z,2026-08-17T18:48:05Z,
14.224.197.101,ipv4,malicious-ip,medium,WHITE,ziyadnz/hourly-ipv4,ziyadnz|hourly,2026-08-17T18:48:05Z,2026-08-17T18:48:05Z,
14.224.202.234,ipv4,malicious-ip,medium,WHITE,ziyadnz/hourly-ipv4,ziyadnz|hourly,2026-08-17T18:48:05Z,2026-08-17T18:48:05Z,
14.224.210.111,ipv4,malicious-ip,medium,WHITE,ziyadnz/hourly-ipv4,ziyadnz|hourly,2026-08-17T18:48:05Z,2026-08-17T18:48:05Z,
14.224.212.102,ipv4,malicious-ip,medium,WHITE,ziyadnz/hourly-ipv4,ziyadnz|hourly,2026-08-17T18:48:05Z,2026-08-17T18:48:05Z,
14.224.213.222,ipv4,malicious-ip,medium,WHITE,ziyadnz/hourly-ipv4,ziyadnz|hourly,2026-08-17T18:48:05Z,2026-08-17T18:48:05Z,
14.224.227.189,ipv4,malicious-ip,medium,WHITE,ziyadnz/hourly-ipv4,ziyadnz|hourly,2026-08-17T18:48:05Z,2026-08-17T18:48:05Z,
14.224.232.19,ipv4,malicious-ip,medium,WHITE,ziyadnz/hourly-ipv4,ziyadnz|hourly,2026-08-17T18:48:05Z,2026-08-17T18:48:05Z,
14.225.1.210,ipv4,malicious-ip,medium,WHITE,ziyadnz/hourly-ipv4,ziyadnz|hourly,2026-08-17T18:48:05Z,2026-08-17T18:48:05Z,
14.225.19.47,ipv4,malicious-ip,medium,WHITE,ziyadnz/hourly-ipv4,ziyadnz|hourly,2026-08-17T18:48:05Z,2026-08-17T18:48:05Z,
14.225.204.246,ipv4,malicious-ip,medium,WHITE,ziyadnz/hourly-ipv4,ziyadnz|hourly,2026-08-17T18:48:05Z,2026-08-17T18:48:05Z,
14.225.205.58,ipv4,malicious-ip,medium,WHITE,ziyadnz/hourly-ipv4,ziyadnz|hourly,2026-08-17T18:48:05Z,2026-08-17T18:48:05Z,
14.225.208.110,ipv4,malicious-ip,medium,WHITE,ziyadnz/hourly-ipv4,ziyadnz|hourly,2026-08-17T18:48:05Z,2026-08-17T18:48:05Z,
14.225.210.209,ipv4,malicious-ip,medium,WHITE,ziyadnz/hourly-ipv4,ziyadnz|hourly,2026-08-17T18:48:05Z,2026-08-17T18:48:05Z,
14.225.210.222,ipv4,malicious-ip,medium,WHITE,ziyadnz/hourly-ipv4,ziyadnz|hourly,2026-08-17T18:48:05Z,2026-08-17T18:48:05Z,
14.225.210.97,ipv4,malicious-ip,medium,WHITE,ziyadnz/hourly-ipv4,ziyadnz|hourly,2026-08-17T18:48:05Z,2026-08-17T18:48:05Z,
14.225.210.98,ipv4,malicious-ip,medium,WHITE,ziyadnz/hourly-ipv4,ziyadnz|hourly,2026-08-17T18:48:05Z,2026-08-17T18:48:05Z,
14.225.212.58,ipv4,malicious-ip,medium,WHITE,ziyadnz/hourly-ipv4,ziyadnz|hourly,2026-08-17T18:48:05Z,2026-08-17T18:48:05Z,
14.225.217.73,ipv4,malicious-ip,medium,WHITE,ziyadnz/hourly-ipv4,ziyadnz|hourly,2026-08-17T18:48:05Z,2026-08-17T18:48:05Z,
14.225.23.94,ipv4,malicious-ip,medium,WHITE,ziyadnz/hourly-ipv4,ziyadnz|hourly,2026-08-17T18:48:05Z,2026-08-17T18:48:05Z,
14.225.230.150,ipv4,malicious-ip,medium,WHITE,ziyadnz/hourly-ipv4,ziyadnz|hourly,2026-08-17T18:48:05Z,2026-08-17T18:48:05Z,
14.225.245.134,ipv4,malicious-ip,medium,WHITE,ziyadnz/hourly-ipv4,ziyadnz|hourly,2026-08-17T18:48:05Z,2026-08-17T18:48:05Z,
14.225.253.26,ipv4,malicious-ip,medium,WHITE,ziyadnz/hourly-ipv4,ziyadnz|hourly,2026-08-17T18:48:05Z,2026-08-17T18:48:05Z,
14.225.3.79,ipv4,malicious-ip,medium,WHITE,ziyadnz/hourly-ipv4,ziyadnz|hourly,2026-08-17T18:48:05Z,2026-08-17T18:48:05Z,
14.225.43.191,ipv4,malicious-ip,medium,WHITE,ziyadnz/hourly-ipv4,ziyadnz|hourly,2026-08-17T18:48:05Z,2026-08-17T18:48:05Z,
14.225.46.21,ipv4,malicious-ip,medium,WHITE,ziyadnz/hourly-ipv4,ziyadnz|hourly,2026-08-17T18:48:05Z,2026-08-17T18:48:05Z,
14.225.5.241,ipv4,malicious-ip,medium,WHITE,ziyadnz/hourly-ipv4,ziyadnz|hourly,2026-08-17T18:48:05Z,2026-08-17T18:48:05Z,
14.225.5.67,ipv4,malicious-ip,medium,WHITE,ziyadnz/hourly-ipv4,ziyadnz|hourly,2026-08-17T18:48:05Z,2026-08-17T18:48:05Z,
14.225.70.124,ipv4,malicious-ip,medium,WHITE,ziyadnz/hourly-ipv4,ziyadnz|hourly,2026-08-17T18:48:05Z,2026-08-17T18:48:05Z,
14.225.74.30,ipv4,malicious-ip,medium,WHITE,ziyadnz/hourly-ipv4,ziyadnz|hourly,2026-08-17T18:48:05Z,2026-08-17T18:48:05Z,
14.226.167.247,ipv4,malicious-ip,medium,WHITE,ziyadnz/hourly-ipv4,ziyadnz|hourly,2026-08-17T18:48:05Z,2026-08-17T18:48:05Z,
14.236.168.155,ipv4,malicious-ip,medium,WHITE,ziyadnz/hourly-ipv4,ziyadnz|hourly,2026-08-17T18:48:05Z,2026-08-17T18:48:05Z,
14.236.44.139,ipv4,malicious-ip,medium,WHITE,ziyadnz/hourly-ipv4,ziyadnz|hourly,2026-08-17T18:48:05Z,2026-08-17T18:48:05Z,
14.240.228.99,ipv4,malicious-ip,medium,WHITE,ziyadnz/hourly-ipv4,ziyadnz|hourly,2026-08-17T18:48:05Z,2026-08-17T18:48:05Z,
14.241.110.103,ipv4,malicious-ip,medium,WHITE,ziyadnz/hourly-ipv4,ziyadnz|hourly,2026-08-17T18:48:05Z,2026-08-17T18:48:05Z,
14.241.172.84,ipv4,malicious-ip,medium,WHITE,ziyadnz/hourly-ipv4,ziyadnz|hourly,2026-08-17T18:48:05Z,2026-08-17T18:48:05Z,
14.241.186.116,ipv4,malicious-ip,medium,WHITE,ziyadnz/hourly-ipv4,ziyadnz|hourly,2026-08-17T18:48:05Z,2026-08-17T18:48:05Z,
14.241.229.29,ipv4,malicious-ip,medium,WHITE,ziyadnz/hourly-ipv4,ziyadnz|hourly,2026-08-17T18:48:05Z,2026-08-17T18:48:05Z,
14.241.33.188,ipv4,malicious-ip,medium,WHITE,ziyadnz/hourly-ipv4,ziyadnz|hourly,2026-08-17T18:48:05Z,2026-08-17T18:48:05Z,
14.241.41.38,ipv4,malicious-ip,medium,WHITE,ziyadnz/hourly-ipv4,ziyadnz|hourly,2026-08-17T18:48:05Z,2026-08-17T18:48:05Z,
14.241.52.82,ipv4,malicious-ip,medium,WHITE,ziyadnz/hourly-ipv4,ziyadnz|hourly,2026-08-17T18:48:05Z,2026-08-17T18:48:05Z,
14.241.72.42,ipv4,malicious-ip,medium,WHITE,ziyadnz/hourly-ipv4,ziyadnz|hourly,2026-08-17T18:48:05Z,2026-08-17T18:48:05Z,
14.241.73.137,ipv4,malicious-ip,medium,WHITE,ziyadnz/hourly-ipv4,ziyadnz|hourly,2026-08-17T18:48:05Z,2026-08-17T18:48:05Z,
14.241.86.219,ipv4,malicious-ip,medium,WHITE,ziyadnz/hourly-ipv4,ziyadnz|hourly,2026-08-17T18:48:05Z,2026-08-17T18:48:05Z,
14.241.92.66,ipv4,malicious-ip,medium,WHITE,ziyadnz/hourly-ipv4,ziyadnz|hourly,2026-08-17T18:48:05Z,2026-08-17T18:48:05Z,
14.241.97.14,ipv4,malicious-ip,medium,WHITE,ziyadnz/hourly-ipv4,ziyadnz|hourly,2026-08-17T18:48:05Z,2026-08-17T18:48:05Z,
14.241.97.33,ipv4,malicious-ip,medium,WHITE,ziyadnz/hourly-ipv4,ziyadnz|hourly,2026-08-17T18:48:05Z,2026-08-17T18:48:05Z,
14.244.123.142,ipv4,malicious-ip,medium,WHITE,ziyadnz/hourly-ipv4,ziyadnz|hourly,2026-08-17T18:48:05Z,2026-08-17T18:48:05Z,
14.245.77.174,ipv4,malicious-ip,medium,WHITE,ziyadnz/hourly-ipv4,ziyadnz|hourly,2026-08-17T18:48:05Z,2026-08-17T18:48:05Z,
14.247.27.217,ipv4,malicious-ip,medium,WHITE,ziyadnz/hourly-ipv4,ziyadnz|hourly,2026-08-17T18:48:05Z,2026-08-17T18:48:05Z,
14.248.82.157,ipv4,malicious-ip,medium,WHITE,ziyadnz/hourly-ipv4,ziyadnz|hourly,2026-08-17T18:48:05Z,2026-08-17T18:48:05Z,
14.248.82.215,ipv4,malicious-ip,medium,WHITE,ziyadnz/hourly-ipv4,ziyadnz|hourly,2026-08-17T18:48:05Z,2026-08-17T18:48:05Z,
14.248.82.58,ipv4,malicious-ip,medium,WHITE,ziyadnz/hourly-ipv4,ziyadnz|hourly,2026-08-17T18:48:05Z,2026-08-17T18:48:05Z,
14.248.83.33,ipv4,malicious-ip,medium,WHITE,ziyadnz/hourly-ipv4,ziyadnz|hourly,2026-08-17T18:48:05Z,2026-08-17T18:48:05Z,
14.252.120.89,ipv4,malicious-ip,medium,WHITE,ziyadnz/hourly-ipv4,ziyadnz|hourly,2026-08-17T18:48:05Z,2026-08-17T18:48:05Z,
14.254.154.208,ipv4,malicious-ip,medium,WHITE,ziyadnz/hourly-ipv4,ziyadnz|hourly,2026-08-17T18:48:05Z,2026-08-17T18:48:05Z,
14.255.30.220,ipv4,malicious-ip,medium,WHITE,ziyadnz/hourly-ipv4,ziyadnz|hourly,2026-08-17T18:48:05Z,2026-08-17T18:48:05Z,
14.29.170.54,ipv4,malicious-ip,medium,WHITE,ziyadnz/hourly-ipv4,ziyadnz|hourly,2026-08-17T18:48:05Z,2026-08-17T18:48:05Z,
14.29.176.8,ipv4,malicious-ip,medium,WHITE,ziyadnz/hourly-ipv4,ziyadnz|hourly,2026-08-17T18:48:05Z,2026-08-17T18:48:05Z,
14.29.184.206,ipv4,malicious-ip,medium,WHITE,ziyadnz/hourly-ipv4,ziyadnz|hourly,2026-08-17T18:48:05Z,2026-08-17T18:48:05Z,
14.29.192.146,ipv4,malicious-ip,medium,WHITE,ziyadnz/hourly-ipv4,ziyadnz|hourly,2026-08-17T18:48:05Z,2026-08-17T18:48:05Z,
14.29.201.186,ipv4,malicious-ip,medium,WHITE,ziyadnz/hourly-ipv4,ziyadnz|hourly,2026-08-17T18:48:05Z,2026-08-17T18:48:05Z,
14.29.204.161,ipv4,malicious-ip,medium,WHITE,ziyadnz/hourly-ipv4,ziyadnz|hourly,2026-08-17T18:48:05Z,2026-08-17T18:48:05Z,
14.29.212.239,ipv4,malicious-ip,medium,WHITE,ziyadnz/hourly-ipv4,ziyadnz|hourly,2026-08-17T18:48:05Z,2026-08-17T18:48:05Z,
14.29.214.161,ipv4,malicious-ip,medium,WHITE,ziyadnz/hourly-ipv4,ziyadnz|hourly,2026-08-17T18:48:05Z,2026-08-17T18:48:05Z,
14.29.215.148,ipv4,malicious-ip,medium,WHITE,ziyadnz/hourly-ipv4,ziyadnz|hourly,2026-08-17T18:48:05Z,2026-08-17T18:48:05Z,
14.29.228.174,ipv4,malicious-ip,medium,WHITE,ziyadnz/hourly-ipv4,ziyadnz|hourly,2026-08-17T18:48:05Z,2026-08-17T18:48:05Z,
14.32.106.73,ipv4,malicious-ip,medium,WHITE,ziyadnz/hourly-ipv4,ziyadnz|hourly,2026-08-17T18:48:05Z,2026-08-17T18:48:05Z,
14.32.231.200,ipv4,malicious-ip,medium,WHITE,ziyadnz/hourly-ipv4,ziyadnz|hourly,2026-08-17T18:48:05Z,2026-08-17T18:48:05Z,
14.33.253.65,ipv4,malicious-ip,medium,WHITE,ziyadnz/hourly-ipv4,ziyadnz|hourly,2026-08-17T18:48:05Z,2026-08-17T18:48:05Z,
14.33.48.192,ipv4,malicious-ip,medium,WHITE,ziyadnz/hourly-ipv4,ziyadnz|hourly,2026-08-17T18:48:05Z,2026-08-17T18:48:05Z,
14.33.76.181,ipv4,malicious-ip,medium,WHITE,ziyadnz/hourly-ipv4,ziyadnz|hourly,2026-08-17T18:48:05Z,2026-08-17T18:48:05Z,
14.33.93.214,ipv4,malicious-ip,medium,WHITE,ziyadnz/hourly-ipv4,ziyadnz|hourly,2026-08-17T18:48:05Z,2026-08-17T18:48:05Z,
14.33.95.62,ipv4,malicious-ip,medium,WHITE,ziyadnz/hourly-ipv4,ziyadnz|hourly,2026-08-17T18:48:05Z,2026-08-17T18:48:05Z,
14.34.157.138,ipv4,malicious-ip,medium,WHITE,ziyadnz/hourly-ipv4,ziyadnz|hourly,2026-08-17T18:48:05Z,2026-08-17T18:48:05Z,
14.34.97.237,ipv4,malicious-ip,medium,WHITE,ziyadnz/hourly-ipv4,ziyadnz|hourly,2026-08-17T18:48:05Z,2026-08-17T18:48:05Z,
14.35.195.45,ipv4,malicious-ip,medium,WHITE,ziyadnz/hourly-ipv4,ziyadnz|hourly,2026-08-17T18:48:05Z,2026-08-17T18:48:05Z,
14.36.38.211,ipv4,malicious-ip,medium,WHITE,ziyadnz/hourly-ipv4,ziyadnz|hourly,2026-08-17T18:48:05Z,2026-08-17T18:48:05Z,
14.37.160.15,ipv4,malicious-ip,medium,WHITE,ziyadnz/hourly-ipv4,ziyadnz|hourly,2026-08-17T18:48:05Z,2026-08-17T18:48:05Z,
14.37.7.215,ipv4,malicious-ip,medium,WHITE,ziyadnz/hourly-ipv4,ziyadnz|hourly,2026-08-17T18:48:05Z,2026-08-17T18:48:05Z,
14.39.110.172,ipv4,malicious-ip,medium,WHITE,ziyadnz/hourly-ipv4,ziyadnz|hourly,2026-08-17T18:48:05Z,2026-08-17T18:48:05Z,
14.39.124.134,ipv4,malicious-ip,medium,WHITE,ziyadnz/hourly-ipv4,ziyadnz|hourly,2026-08-17T18:48:05Z,2026-08-17T18:48:05Z,
14.39.126.81,ipv4,malicious-ip,medium,WHITE,ziyadnz/hourly-ipv4,ziyadnz|hourly,2026-08-17T18:48:05Z,2026-08-17T18:48:05Z,
14.39.180.249,ipv4,malicious-ip,medium,WHITE,ziyadnz/hourly-ipv4,ziyadnz|hourly,2026-08-17T18:48:05Z,2026-08-17T18:48:05Z,
14.40.125.184,ipv4,malicious-ip,medium,WHITE,ziyadnz/hourly-ipv4,ziyadnz|hourly,2026-08-17T18:48:05Z,2026-08-17T18:48:05Z,
14.42.209.101,ipv4,malicious-ip,medium,WHITE,ziyadnz/hourly-ipv4,ziyadnz|hourly,2026-08-17T18:48:05Z,2026-08-17T18:48:05Z,
14.43.37.67,ipv4,malicious-ip,medium,WHITE,ziyadnz/hourly-ipv4,ziyadnz|hourly,2026-08-17T18:48:05Z,2026-08-17T18:48:05Z,
14.45.131.108,ipv4,malicious-ip,medium,WHITE,ziyadnz/hourly-ipv4,ziyadnz|hourly,2026-08-17T18:48:05Z,2026-08-17T18:48:05Z,
14.45.168.99,ipv4,malicious-ip,medium,WHITE,ziyadnz/hourly-ipv4,ziyadnz|hourly,2026-08-17T18:48:05Z,2026-08-17T18:48:05Z,
14.45.214.230,ipv4,malicious-ip,medium,WHITE,ziyadnz/hourly-ipv4,ziyadnz|hourly,2026-08-17T18:48:05Z,2026-08-17T18:48:05Z,
14.46.10.48,ipv4,malicious-ip,medium,WHITE,ziyadnz/hourly-ipv4,ziyadnz|hourly,2026-08-17T18:48:05Z,2026-08-17T18:48:05Z,
14.46.117.124,ipv4,malicious-ip,medium,WHITE,ziyadnz/hourly-ipv4,ziyadnz|hourly,2026-08-17T18:48:05Z,2026-08-17T18:48:05Z,
14.46.136.77,ipv4,malicious-ip,medium,WHITE,ziyadnz/hourly-ipv4,ziyadnz|hourly,2026-08-17T18:48:05Z,2026-08-17T18:48:05Z,
14.46.239.199,ipv4,malicious-ip,medium,WHITE,ziyadnz/hourly-ipv4,ziyadnz|hourly,2026-08-17T18:48:05Z,2026-08-17T18:48:05Z,
14.46.30.239,ipv4,malicious-ip,medium,WHITE,ziyadnz/hourly-ipv4,ziyadnz|hourly,2026-08-17T18:48:05Z,2026-08-17T18:48:05Z,
14.46.58.104,ipv4,malicious-ip,medium,WHITE,ziyadnz/hourly-ipv4,ziyadnz|hourly,2026-08-17T18:48:05Z,2026-08-17T18:48:05Z,
14.47.200.242,ipv4,malicious-ip,medium,WHITE,ziyadnz/hourly-ipv4,ziyadnz|hourly,2026-08-17T18:48:05Z,2026-08-17T18:48:05Z,
14.48.112.8,ipv4,malicious-ip,medium,WHITE,ziyadnz/hourly-ipv4,ziyadnz|hourly,2026-08-17T18:48:05Z,2026-08-17T18:48:05Z,
14.48.240.75,ipv4,malicious-ip,medium,WHITE,ziyadnz/hourly-ipv4,ziyadnz|hourly,2026-08-17T18:48:05Z,2026-08-17T18:48:05Z,
14.48.240.77,ipv4,malicious-ip,medium,WHITE,ziyadnz/hourly-ipv4,ziyadnz|hourly,2026-08-17T18:48:05Z,2026-08-17T18:48:05Z,
14.48.247.220,ipv4,malicious-ip,medium,WHITE,ziyadnz/hourly-ipv4,ziyadnz|hourly,2026-08-17T18:48:05Z,2026-08-17T18:48:05Z,
14.48.251.74,ipv4,malicious-ip,medium,WHITE,ziyadnz/hourly-ipv4,ziyadnz|hourly,2026-08-17T18:48:05Z,2026-08-17T18:48:05Z,
14.48.252.148,ipv4,malicious-ip,medium,WHITE,ziyadnz/hourly-ipv4,ziyadnz|hourly,2026-08-17T18:48:05Z,2026-08-17T18:48:05Z,
14.48.253.225,ipv4,malicious-ip,medium,WHITE,ziyadnz/hourly-ipv4,ziyadnz|hourly,2026-08-17T18:48:05Z,2026-08-17T18:48:05Z,
14.49.131.77,ipv4,malicious-ip,medium,WHITE,ziyadnz/hourly-ipv4,ziyadnz|hourly,2026-08-17T18:48:05Z,2026-08-17T18:48:05Z,
14.49.155.146,ipv4,malicious-ip,medium,WHITE,ziyadnz/hourly-ipv4,ziyadnz|hourly,2026-08-17T18:48:05Z,2026-08-17T18:48:05Z,
14.49.157.155,ipv4,malicious-ip,medium,WHITE,ziyadnz/hourly-ipv4,ziyadnz|hourly,2026-08-17T18:48:05Z,2026-08-17T18:48:05Z,
14.49.161.116,ipv4,malicious-ip,medium,WHITE,ziyadnz/hourly-ipv4,ziyadnz|hourly,2026-08-17T18:48:05Z,2026-08-17T18:48:05Z,
14.49.166.131,ipv4,malicious-ip,medium,WHITE,ziyadnz/hourly-ipv4,ziyadnz|hourly,2026-08-17T18:48:05Z,2026-08-17T18:48:05Z,
14.49.178.90,ipv4,malicious-ip,medium,WHITE,ziyadnz/hourly-ipv4,ziyadnz|hourly,2026-08-17T18:48:05Z,2026-08-17T18:48:05Z,
14.49.180.201,ipv4,malicious-ip,medium,WHITE,ziyadnz/hourly-ipv4,ziyadnz|hourly,2026-08-17T18:48:05Z,2026-08-17T18:48:05Z,
14.49.197.174,ipv4,malicious-ip,medium,WHITE,ziyadnz/hourly-ipv4,ziyadnz|hourly,2026-08-17T18:48:05Z,2026-08-17T18:48:05Z,
14.49.214.52,ipv4,malicious-ip,medium,WHITE,ziyadnz/hourly-ipv4,ziyadnz|hourly,2026-08-17T18:48:05Z,2026-08-17T18:48:05Z,
14.49.238.114,ipv4,malicious-ip,medium,WHITE,ziyadnz/hourly-ipv4,ziyadnz|hourly,2026-08-17T18:48:05Z,2026-08-17T18:48:05Z,
14.50.83.136,ipv4,malicious-ip,medium,WHITE,ziyadnz/hourly-ipv4,ziyadnz|hourly,2026-08-17T18:48:05Z,2026-08-17T18:48:05Z,
14.52.43.11,ipv4,malicious-ip,medium,WHITE,ziyadnz/hourly-ipv4,ziyadnz|hourly,2026-08-17T18:48:05Z,2026-08-17T18:48:05Z,
14.53.239.244,ipv4,malicious-ip,medium,WHITE,ziyadnz/hourly-ipv4,ziyadnz|hourly,2026-08-17T18:48:05Z,2026-08-17T18:48:05Z,
14.54.142.116,ipv4,malicious-ip,medium,WHITE,ziyadnz/hourly-ipv4,ziyadnz|hourly,2026-08-17T18:48:05Z,2026-08-17T18:48:05Z,
14.55.31.113,ipv4,malicious-ip,medium,WHITE,ziyadnz/hourly-ipv4,ziyadnz|hourly,2026-08-17T18:48:05Z,2026-08-17T18:48:05Z,
14.56.30.2,ipv4,malicious-ip,medium,WHITE,ziyadnz/hourly-ipv4,ziyadnz|hourly,2026-08-17T18:48:05Z,2026-08-17T18:48:05Z,
14.63.166.251,ipv4,malicious-ip,medium,WHITE,ziyadnz/hourly-ipv4,ziyadnz|hourly,2026-08-17T18:48:05Z,2026-08-17T18:48:05Z,
14.63.198.239,ipv4,malicious-ip,medium,WHITE,ziyadnz/hourly-ipv4,ziyadnz|hourly,2026-08-17T18:48:05Z,2026-08-17T18:48:05Z,
14.63.46.186,ipv4,malicious-ip,medium,WHITE,ziyadnz/hourly-ipv4,ziyadnz|hourly,2026-08-17T18:48:05Z,2026-08-17T18:48:05Z,
14.63.84.223,ipv4,malicious-ip,medium,WHITE,ziyadnz/hourly-ipv4,ziyadnz|hourly,2026-08-17T18:48:05Z,2026-08-17T18:48:05Z,
14.7.9.5,ipv4,malicious-ip,medium,WHITE,ziyadnz/hourly-ipv4,ziyadnz|hourly,2026-08-17T18:48:05Z,2026-08-17T18:48:05Z,
14.8.27.140,ipv4,malicious-ip,medium,WHITE,ziyadnz/hourly-ipv4,ziyadnz|hourly,2026-08-17T18:48:05Z,2026-08-17T18:48:05Z,
14.96.106.175,ipv4,malicious-ip,medium,WHITE,ziyadnz/hourly-ipv4,ziyadnz|hourly,2026-08-17T18:48:05Z,2026-08-17T18:48:05Z,
14.96.134.82,ipv4,malicious-ip,medium,WHITE,ziyadnz/hourly-ipv4,ziyadnz|hourly,2026-08-17T18:48:05Z,2026-08-17T18:48:05Z,
14.96.156.146,ipv4,malicious-ip,medium,WHITE,ziyadnz/hourly-ipv4,ziyadnz|hourly,2026-08-17T18:48:05Z,2026-08-17T18:48:05Z,
14.96.191.90,ipv4,malicious-ip,medium,WHITE,ziyadnz/hourly-ipv4,ziyadnz|hourly,2026-08-17T18:48:05Z,2026-08-17T18:48:05Z,
14.96.220.46,ipv4,malicious-ip,medium,WHITE,ziyadnz/hourly-ipv4,ziyadnz|hourly,2026-08-17T18:48:05Z,2026-08-17T18:48:05Z,
14.96.237.189,ipv4,malicious-ip,medium,WHITE,ziyadnz/hourly-ipv4,ziyadnz|hourly,2026-08-17T18:48:05Z,2026-08-17T18:48:05Z,
14.96.40.78,ipv4,malicious-ip,medium,WHITE,ziyadnz/hourly-ipv4,ziyadnz|hourly,2026-08-17T18:48:05Z,2026-08-17T18:48:05Z,
14.97.200.91,ipv4,malicious-ip,medium,WHITE,ziyadnz/hourly-ipv4,ziyadnz|hourly,2026-08-17T18:48:05Z,2026-08-17T18:48:05Z,
14.97.73.106,ipv4,malicious-ip,medium,WHITE,ziyadnz/hourly-ipv4,ziyadnz|hourly,2026-08-17T18:48:05Z,2026-08-17T18:48:05Z,
14.97.77.182,ipv4,malicious-ip,medium,WHITE,ziyadnz/hourly-ipv4,ziyadnz|hourly,2026-08-17T18:48:05Z,2026-08-17T18:48:05Z,
14.97.96.190,ipv4,malicious-ip,medium,WHITE,ziyadnz/hourly-ipv4,ziyadnz|hourly,2026-08-17T18:48:05Z,2026-08-17T18:48:05Z,
14.98.106.187,ipv4,malicious-ip,medium,WHITE,ziyadnz/hourly-ipv4,ziyadnz|hourly,2026-08-17T18:48:05Z,2026-08-17T18:48:05Z,
14.98.110.98,ipv4,malicious-ip,medium,WHITE,ziyadnz/hourly-ipv4,ziyadnz|hourly,2026-08-17T18:48:05Z,2026-08-17T18:48:05Z,
14.98.123.62,ipv4,malicious-ip,medium,WHITE,ziyadnz/hourly-ipv4,ziyadnz|hourly,2026-08-17T18:48:05Z,2026-08-17T18:48:05Z,
14.98.67.210,ipv4,malicious-ip,medium,WHITE,ziyadnz/hourly-ipv4,ziyadnz|hourly,2026-08-17T18:48:05Z,2026-08-17T18:48:05Z,
14.99.117.201,ipv4,malicious-ip,medium,WHITE,ziyadnz/hourly-ipv4,ziyadnz|hourly,2026-08-17T18:48:05Z,2026-08-17T18:48:05Z,
14.99.61.248,ipv4,malicious-ip,medium,WHITE,ziyadnz/hourly-ipv4,ziyadnz|hourly,2026-08-17T18:48:05Z,2026-08-17T18:48:05Z,
14.99.83.179,ipv4,malicious-ip,medium,WHITE,ziyadnz/hourly-ipv4,ziyadnz|hourly,2026-08-17T18:48:05Z,2026-08-17T18:48:05Z,
140.106.25.230,ipv4,malicious-ip,medium,WHITE,ziyadnz/hourly-ipv4,ziyadnz|hourly,2026-08-17T18:48:05Z,2026-08-17T18:48:05Z,
140.114.78.109,ipv4,malicious-ip,medium,WHITE,ziyadnz/hourly-ipv4,ziyadnz|hourly,2026-08-17T18:48:05Z,2026-08-17T18:48:05Z,
140.116.112.124,ipv4,malicious-ip,medium,WHITE,ziyadnz/hourly-ipv4,ziyadnz|hourly,2026-08-17T18:48:05Z,2026-08-17T18:48:05Z,
140.130.98.240,ipv4,malicious-ip,medium,WHITE,ziyadnz/hourly-ipv4,ziyadnz|hourly,2026-08-17T18:48:05Z,2026-08-17T18:48:05Z,
140.143.159.80,ipv4,malicious-ip,medium,WHITE,ziyadnz/hourly-ipv4,ziyadnz|hourly,2026-08-17T18:48:05Z,2026-08-17T18:48:05Z,
140.143.186.106,ipv4,malicious-ip,medium,WHITE,ziyadnz/hourly-ipv4,ziyadnz|hourly,2026-08-17T18:48:05Z,2026-08-17T18:48:05Z,
140.174.48.131,ipv4,malicious-ip,medium,WHITE,ziyadnz/hourly-ipv4,ziyadnz|hourly,2026-08-17T18:48:05Z,2026-08-17T18:48:05Z,
140.174.49.160,ipv4,malicious-ip,medium,WHITE,ziyadnz/hourly-ipv4,ziyadnz|hourly,2026-08-17T18:48:05Z,2026-08-17T18:48:05Z,
140.186.235.103,ipv4,malicious-ip,medium,WHITE,ziyadnz/hourly-ipv4,ziyadnz|hourly,2026-08-17T18:48:05Z,2026-08-17T18:48:05Z,
140.186.62.119,ipv4,malicious-ip,medium,WHITE,ziyadnz/hourly-ipv4,ziyadnz|hourly,2026-08-17T18:48:05Z,2026-08-17T18:48:05Z,
140.206.81.178,ipv4,malicious-ip,medium,WHITE,ziyadnz/hourly-ipv4,ziyadnz|hourly,2026-08-17T18:48:05Z,2026-08-17T18:48:05Z,
140.210.15.158,ipv4,malicious-ip,medium,WHITE,ziyadnz/hourly-ipv4,ziyadnz|hourly,2026-08-17T18:48:05Z,2026-08-17T18:48:05Z,
140.210.15.26,ipv4,malicious-ip,medium,WHITE,ziyadnz/hourly-ipv4,ziyadnz|hourly,2026-08-17T18:48:05Z,2026-08-17T18:48:05Z,
140.213.10.111,ipv4,malicious-ip,medium,WHITE,ziyadnz/hourly-ipv4,ziyadnz|hourly,2026-08-17T18:48:05Z,2026-08-17T18:48:05Z,
140.213.128.69,ipv4,malicious-ip,medium,WHITE,ziyadnz/hourly-ipv4,ziyadnz|hourly,2026-08-17T18:48:05Z,2026-08-17T18:48:05Z,
140.213.139.186,ipv4,malicious-ip,medium,WHITE,ziyadnz/hourly-ipv4,ziyadnz|hourly,2026-08-17T18:48:05Z,2026-08-17T18:48:05Z,
140.213.14.132,ipv4,malicious-ip,medium,WHITE,ziyadnz/hourly-ipv4,ziyadnz|hourly,2026-08-17T18:48:05Z,2026-08-17T18:48:05Z,
140.213.14.147,ipv4,malicious-ip,medium,WHITE,ziyadnz/hourly-ipv4,ziyadnz|hourly,2026-08-17T18:48:05Z,2026-08-17T18:48:05Z,
140.213.14.17,ipv4,malicious-ip,medium,WHITE,ziyadnz/hourly-ipv4,ziyadnz|hourly,2026-08-17T18:48:05Z,2026-08-17T18:48:05Z,
140.213.14.211,ipv4,malicious-ip,medium,WHITE,ziyadnz/hourly-ipv4,ziyadnz|hourly,2026-08-17T18:48:05Z,2026-08-17T18:48:05Z,
140.213.14.82,ipv4,malicious-ip,medium,WHITE,ziyadnz/hourly-ipv4,ziyadnz|hourly,2026-08-17T18:48:05Z,2026-08-17T18:48:05Z,
140.213.140.236,ipv4,malicious-ip,medium,WHITE,ziyadnz/hourly-ipv4,ziyadnz|hourly,2026-08-17T18:48:05Z,2026-08-17T18:48:05Z,
140.213.141.238,ipv4,malicious-ip,medium,WHITE,ziyadnz/hourly-ipv4,ziyadnz|hourly,2026-08-17T18:48:05Z,2026-08-17T18:48:05Z,
140.213.15.76,ipv4,malicious-ip,medium,WHITE,ziyadnz/hourly-ipv4,ziyadnz|hourly,2026-08-17T18:48:05Z,2026-08-17T18:48:05Z,
140.213.20.246,ipv4,malicious-ip,medium,WHITE,ziyadnz/hourly-ipv4,ziyadnz|hourly,2026-08-17T18:48:05Z,2026-08-17T18:48:05Z,
140.213.26.216,ipv4,malicious-ip,medium,WHITE,ziyadnz/hourly-ipv4,ziyadnz|hourly,2026-08-17T18:48:05Z,2026-08-17T18:48:05Z,
140.213.6.0,ipv4,malicious-ip,medium,WHITE,ziyadnz/hourly-ipv4,ziyadnz|hourly,2026-08-17T18:48:05Z,2026-08-17T18:48:05Z,
140.213.6.125,ipv4,malicious-ip,medium,WHITE,ziyadnz/hourly-ipv4,ziyadnz|hourly,2026-08-17T18:48:05Z,2026-08-17T18:48:05Z,
140.213.6.14,ipv4,malicious-ip,medium,WHITE,ziyadnz/hourly-ipv4,ziyadnz|hourly,2026-08-17T18:48:05Z,2026-08-17T18:48:05Z,
140.213.6.142,ipv4,malicious-ip,medium,WHITE,ziyadnz/hourly-ipv4,ziyadnz|hourly,2026-08-17T18:48:05Z,2026-08-17T18:48:05Z,
140.213.6.185,ipv4,malicious-ip,medium,WHITE,ziyadnz/hourly-ipv4,ziyadnz|hourly,2026-08-17T18:48:05Z,2026-08-17T18:48:05Z,
140.213.6.193,ipv4,malicious-ip,medium,WHITE,ziyadnz/hourly-ipv4,ziyadnz|hourly,2026-08-17T18:48:05Z,2026-08-17T18:48:05Z,
140.213.6.57,ipv4,malicious-ip,medium,WHITE,ziyadnz/hourly-ipv4,ziyadnz|hourly,2026-08-17T18:48:05Z,2026-08-17T18:48:05Z,
140.213.6.73,ipv4,malicious-ip,medium,WHITE,ziyadnz/hourly-ipv4,ziyadnz|hourly,2026-08-17T18:48:05Z,2026-08-17T18:48:05Z,
140.224.112.15,ipv4,malicious-ip,medium,WHITE,ziyadnz/hourly-ipv4,ziyadnz|hourly,2026-08-17T18:48:05Z,2026-08-17T18:48:05Z,
140.227.39.147,ipv4,malicious-ip,medium,WHITE,ziyadnz/hourly-ipv4,ziyadnz|hourly,2026-08-17T18:48:05Z,2026-08-17T18:48:05Z,
140.228.113.190,ipv4,malicious-ip,medium,WHITE,ziyadnz/hourly-ipv4,ziyadnz|hourly,2026-08-17T18:48:05Z,2026-08-17T18:48:05Z,
140.233.190.47,ipv4,malicious-ip,medium,WHITE,ziyadnz/hourly-ipv4,ziyadnz|hourly,2026-08-17T18:48:05Z,2026-08-17T18:48:05Z,
140.237.44.171,ipv4,malicious-ip,medium,WHITE,ziyadnz/hourly-ipv4,ziyadnz|hourly,2026-08-17T18:48:05Z,2026-08-17T18:48:05Z,
140.237.48.211,ipv4,malicious-ip,medium,WHITE,ziyadnz/hourly-ipv4,ziyadnz|hourly,2026-08-17T18:48:05Z,2026-08-17T18:48:05Z,
140.238.153.39,ipv4,malicious-ip,medium,WHITE,ziyadnz/hourly-ipv4,ziyadnz|hourly,2026-08-17T18:48:05Z,2026-08-17T18:48:05Z,
140.238.160.152,ipv4,malicious-ip,medium,WHITE,ziyadnz/hourly-ipv4,ziyadnz|hourly,2026-08-17T18:48:05Z,2026-08-17T18:48:05Z,
140.245.213.25,ipv4,malicious-ip,medium,WHITE,ziyadnz/hourly-ipv4,ziyadnz|hourly,2026-08-17T18:48:05Z,2026-08-17T18:48:05Z,
140.245.231.239,ipv4,malicious-ip,medium,WHITE,ziyadnz/hourly-ipv4,ziyadnz|hourly,2026-08-17T18:48:05Z,2026-08-17T18:48:05Z,
140.245.36.230,ipv4,malicious-ip,medium,WHITE,ziyadnz/hourly-ipv4,ziyadnz|hourly,2026-08-17T18:48:05Z,2026-08-17T18:48:05Z,
140.245.40.189,ipv4,malicious-ip,medium,WHITE,ziyadnz/hourly-ipv4,ziyadnz|hourly,2026-08-17T18:48:05Z,2026-08-17T18:48:05Z,
140.245.63.215,ipv4,malicious-ip,medium,WHITE,ziyadnz/hourly-ipv4,ziyadnz|hourly,2026-08-17T18:48:05Z,2026-08-17T18:48:05Z,
140.246.100.201,ipv4,malicious-ip,medium,WHITE,ziyadnz/hourly-ipv4,ziyadnz|hourly,2026-08-17T18:48:05Z,2026-08-17T18:48:05Z,
140.246.108.106,ipv4,malicious-ip,medium,WHITE,ziyadnz/hourly-ipv4,ziyadnz|hourly,2026-08-17T18:48:05Z,2026-08-17T18:48:05Z,
140.246.111.144,ipv4,malicious-ip,medium,WHITE,ziyadnz/hourly-ipv4,ziyadnz|hourly,2026-08-17T18:48:05Z,2026-08-17T18:48:05Z,
140.246.124.160,ipv4,malicious-ip,medium,WHITE,ziyadnz/hourly-ipv4,ziyadnz|hourly,2026-08-17T18:48:05Z,2026-08-17T18:48:05Z,
140.246.238.176,ipv4,malicious-ip,medium,WHITE,ziyadnz/hourly-ipv4,ziyadnz|hourly,2026-08-17T18:48:05Z,2026-08-17T18:48:05Z,
140.246.62.227,ipv4,malicious-ip,medium,WHITE,ziyadnz/hourly-ipv4,ziyadnz|hourly,2026-08-17T18:48:05Z,2026-08-17T18:48:05Z,
140.246.70.45,ipv4,malicious-ip,medium,WHITE,ziyadnz/hourly-ipv4,ziyadnz|hourly,2026-08-17T18:48:05Z,2026-08-17T18:48:05Z,
140.246.92.60,ipv4,malicious-ip,medium,WHITE,ziyadnz/hourly-ipv4,ziyadnz|hourly,2026-08-17T18:48:05Z,2026-08-17T18:48:05Z,
140.249.22.89,ipv4,malicious-ip,medium,WHITE,ziyadnz/hourly-ipv4,ziyadnz|hourly,2026-08-17T18:48:05Z,2026-08-17T18:48:05Z,
140.249.49.185,ipv4,malicious-ip,medium,WHITE,ziyadnz/hourly-ipv4,ziyadnz|hourly,2026-08-17T18:48:05Z,2026-08-17T18:48:05Z,
140.250.203.8,ipv4,malicious-ip,medium,WHITE,ziyadnz/hourly-ipv4,ziyadnz|hourly,2026-08-17T18:48:05Z,2026-08-17T18:48:05Z,
140.250.254.164,ipv4,malicious-ip,medium,WHITE,ziyadnz/hourly-ipv4,ziyadnz|hourly,2026-08-17T18:48:05Z,2026-08-17T18:48:05Z,
140.255.147.191,ipv4,malicious-ip,medium,WHITE,ziyadnz/hourly-ipv4,ziyadnz|hourly,2026-08-17T18:48:05Z,2026-08-17T18:48:05Z,
140.255.169.54,ipv4,malicious-ip,medium,WHITE,ziyadnz/hourly-ipv4,ziyadnz|hourly,2026-08-17T18:48:05Z,2026-08-17T18:48:05Z,
140.255.189.64,ipv4,malicious-ip,medium,WHITE,ziyadnz/hourly-ipv4,ziyadnz|hourly,2026-08-17T18:48:05Z,2026-08-17T18:48:05Z,
140.255.76.99,ipv4,malicious-ip,medium,WHITE,ziyadnz/hourly-ipv4,ziyadnz|hourly,2026-08-17T18:48:05Z,2026-08-17T18:48:05Z,
140.75.130.185,ipv4,malicious-ip,medium,WHITE,ziyadnz/hourly-ipv4,ziyadnz|hourly,2026-08-17T18:48:05Z,2026-08-17T18:48:05Z,
140.75.230.214,ipv4,malicious-ip,medium,WHITE,ziyadnz/hourly-ipv4,ziyadnz|hourly,2026-08-17T18:48:05Z,2026-08-17T18:48:05Z,
140.75.245.194,ipv4,malicious-ip,medium,WHITE,ziyadnz/hourly-ipv4,ziyadnz|hourly,2026-08-17T18:48:05Z,2026-08-17T18:48:05Z,
140.75.247.41,ipv4,malicious-ip,medium,WHITE,ziyadnz/hourly-ipv4,ziyadnz|hourly,2026-08-17T18:48:05Z,2026-08-17T18:48:05Z,
140.82.14.117,ipv4,malicious-ip,medium,WHITE,ziyadnz/hourly-ipv4,ziyadnz|hourly,2026-08-17T18:48:05Z,2026-08-17T18:48:05Z,
140.82.20.165,ipv4,malicious-ip,medium,WHITE,ziyadnz/hourly-ipv4,ziyadnz|hourly,2026-08-17T18:48:05Z,2026-08-17T18:48:05Z,
140.82.20.246,ipv4,malicious-ip,medium,WHITE,ziyadnz/hourly-ipv4,ziyadnz|hourly,2026-08-17T18:48:05Z,2026-08-17T18:48:05Z,
140.82.33.130,ipv4,malicious-ip,medium,WHITE,ziyadnz/hourly-ipv4,ziyadnz|hourly,2026-08-17T18:48:05Z,2026-08-17T18:48:05Z,
140.82.36.161,ipv4,malicious-ip,medium,WHITE,ziyadnz/hourly-ipv4,ziyadnz|hourly,2026-08-17T18:48:05Z,2026-08-17T18:48:05Z,
140.82.4.20,ipv4,malicious-ip,medium,WHITE,ziyadnz/hourly-ipv4,ziyadnz|hourly,2026-08-17T18:48:05Z,2026-08-17T18:48:05Z,
140.82.45.42,ipv4,malicious-ip,medium,WHITE,ziyadnz/hourly-ipv4,ziyadnz|hourly,2026-08-17T18:48:05Z,2026-08-17T18:48:05Z,
140.82.50.201,ipv4,malicious-ip,medium,WHITE,ziyadnz/hourly-ipv4,ziyadnz|hourly,2026-08-17T18:48:05Z,2026-08-17T18:48:05Z,
140.82.52.31,ipv4,malicious-ip,medium,WHITE,ziyadnz/hourly-ipv4,ziyadnz|hourly,2026-08-17T18:48:05Z,2026-08-17T18:48:05Z,
140.82.54.223,ipv4,malicious-ip,medium,WHITE,ziyadnz/hourly-ipv4,ziyadnz|hourly,2026-08-17T18:48:05Z,2026-08-17T18:48:05Z,
140.82.63.183,ipv4,malicious-ip,medium,WHITE,ziyadnz/hourly-ipv4,ziyadnz|hourly,2026-08-17T18:48:05Z,2026-08-17T18:48:05Z,
140.83.85.172,ipv4,malicious-ip,medium,WHITE,ziyadnz/hourly-ipv4,ziyadnz|hourly,2026-08-17T18:48:05Z,2026-08-17T18:48:05Z,
140.99.223.178,ipv4,malicious-ip,medium,WHITE,ziyadnz/hourly-ipv4,ziyadnz|hourly,2026-08-17T18:48:05Z,2026-08-17T18:48:05Z,
141.101.11.65,ipv4,malicious-ip,medium,WHITE,ziyadnz/hourly-ipv4,ziyadnz|hourly,2026-08-17T18:48:05Z,2026-08-17T18:48:05Z,
141.101.206.245,ipv4,malicious-ip,medium,WHITE,ziyadnz/hourly-ipv4,ziyadnz|hourly,2026-08-17T18:48:05Z,2026-08-17T18:48:05Z,
141.101.9.226,ipv4,malicious-ip,medium,WHITE,ziyadnz/hourly-ipv4,ziyadnz|hourly,2026-08-17T18:48:05Z,2026-08-17T18:48:05Z,
141.105.130.106,ipv4,malicious-ip,medium,WHITE,ziyadnz/hourly-ipv4,ziyadnz|hourly,2026-08-17T18:48:05Z,2026-08-17T18:48:05Z,
141.105.132.98,ipv4,malicious-ip,medium,WHITE,ziyadnz/hourly-ipv4,ziyadnz|hourly,2026-08-17T18:48:05Z,2026-08-17T18:48:05Z,
141.105.64.121,ipv4,malicious-ip,medium,WHITE,ziyadnz/hourly-ipv4,ziyadnz|hourly,2026-08-17T18:48:05Z,2026-08-17T18:48:05Z,
141.105.69.177,ipv4,malicious-ip,medium,WHITE,ziyadnz/hourly-ipv4,ziyadnz|hourly,2026-08-17T18:48:05Z,2026-08-17T18:48:05Z,
141.105.81.218,ipv4,malicious-ip,medium,WHITE,ziyadnz/hourly-ipv4,ziyadnz|hourly,2026-08-17T18:48:05Z,2026-08-17T18:48:05Z,
141.109.168.109,ipv4,malicious-ip,medium,WHITE,ziyadnz/hourly-ipv4,ziyadnz|hourly,2026-08-17T18:48:05Z,2026-08-17T18:48:05Z,
141.109.168.26,ipv4,malicious-ip,medium,WHITE,ziyadnz/hourly-ipv4,ziyadnz|hourly,2026-08-17T18:48:05Z,2026-08-17T18:48:05Z,
141.11.107.166,ipv4,malicious-ip,medium,WHITE,ziyadnz/hourly-ipv4,ziyadnz|hourly,2026-08-17T18:48:05Z,2026-08-17T18:48:05Z,
141.11.107.190,ipv4,malicious-ip,medium,WHITE,ziyadnz/hourly-ipv4,ziyadnz|hourly,2026-08-17T18:48:05Z,2026-08-17T18:48:05Z,
141.11.164.153,ipv4,malicious-ip,medium,WHITE,ziyadnz/hourly-ipv4,ziyadnz|hourly,2026-08-17T18:48:05Z,2026-08-17T18:48:05Z,
141.11.165.32,ipv4,malicious-ip,medium,WHITE,ziyadnz/hourly-ipv4,ziyadnz|hourly,2026-08-17T18:48:05Z,2026-08-17T18:48:05Z,
141.11.24.195,ipv4,malicious-ip,medium,WHITE,ziyadnz/hourly-ipv4,ziyadnz|hourly,2026-08-17T18:48:05Z,2026-08-17T18:48:05Z,
141.11.32.99,ipv4,malicious-ip,medium,WHITE,ziyadnz/hourly-ipv4,ziyadnz|hourly,2026-08-17T18:48:05Z,2026-08-17T18:48:05Z,
141.11.62.222,ipv4,malicious-ip,medium,WHITE,ziyadnz/hourly-ipv4,ziyadnz|hourly,2026-08-17T18:48:05Z,2026-08-17T18:48:05Z,
141.11.62.62,ipv4,malicious-ip,medium,WHITE,ziyadnz/hourly-ipv4,ziyadnz|hourly,2026-08-17T18:48:05Z,2026-08-17T18:48:05Z,
141.11.88.243,ipv4,malicious-ip,medium,WHITE,ziyadnz/hourly-ipv4,ziyadnz|hourly,2026-08-17T18:48:05Z,2026-08-17T18:48:05Z,
141.11.89.42,ipv4,malicious-ip,medium,WHITE,ziyadnz/hourly-ipv4,ziyadnz|hourly,2026-08-17T18:48:05Z,2026-08-17T18:48:05Z,
141.113.213.192,ipv4,malicious-ip,medium,WHITE,ziyadnz/hourly-ipv4,ziyadnz|hourly,2026-08-17T18:48:05Z,2026-08-17T18:48:05Z,
141.133.85.213,ipv4,malicious-ip,medium,WHITE,ziyadnz/hourly-ipv4,ziyadnz|hourly,2026-08-17T18:48:05Z,2026-08-17T18:48:05Z,
141.138.169.205,ipv4,malicious-ip,medium,WHITE,ziyadnz/hourly-ipv4,ziyadnz|hourly,2026-08-17T18:48:05Z,2026-08-17T18:48:05Z,
141.138.169.237,ipv4,malicious-ip,medium,WHITE,ziyadnz/hourly-ipv4,ziyadnz|hourly,2026-08-17T18:48:05Z,2026-08-17T18:48:05Z,
141.145.156.5,ipv4,malicious-ip,medium,WHITE,ziyadnz/hourly-ipv4,ziyadnz|hourly,2026-08-17T18:48:05Z,2026-08-17T18:48:05Z,
141.145.209.112,ipv4,malicious-ip,medium,WHITE,ziyadnz/hourly-ipv4,ziyadnz|hourly,2026-08-17T18:48:05Z,2026-08-17T18:48:05Z,
141.147.139.35,ipv4,malicious-ip,medium,WHITE,ziyadnz/hourly-ipv4,ziyadnz|hourly,2026-08-17T18:48:05Z,2026-08-17T18:48:05Z,
141.147.175.186,ipv4,malicious-ip,medium,WHITE,ziyadnz/hourly-ipv4,ziyadnz|hourly,2026-08-17T18:48:05Z,2026-08-17T18:48:05Z,
141.148.33.145,ipv4,malicious-ip,medium,WHITE,ziyadnz/hourly-ipv4,ziyadnz|hourly,2026-08-17T18:48:05Z,2026-08-17T18:48:05Z,
141.155.38.43,ipv4,malicious-ip,medium,WHITE,ziyadnz/hourly-ipv4,ziyadnz|hourly,2026-08-17T18:48:05Z,2026-08-17T18:48:05Z,
141.157.41.115,ipv4,malicious-ip,medium,WHITE,ziyadnz/hourly-ipv4,ziyadnz|hourly,2026-08-17T18:48:05Z,2026-08-17T18:48:05Z,
141.164.155.53,ipv4,malicious-ip,medium,WHITE,ziyadnz/hourly-ipv4,ziyadnz|hourly,2026-08-17T18:48:05Z,2026-08-17T18:48:05Z,
141.164.40.239,ipv4,malicious-ip,medium,WHITE,ziyadnz/hourly-ipv4,ziyadnz|hourly,2026-08-17T18:48:05Z,2026-08-17T18:48:05Z,
141.164.44.183,ipv4,malicious-ip,medium,WHITE,ziyadnz/hourly-ipv4,ziyadnz|hourly,2026-08-17T18:48:05Z,2026-08-17T18:48:05Z,
141.164.50.141,ipv4,malicious-ip,medium,WHITE,ziyadnz/hourly-ipv4,ziyadnz|hourly,2026-08-17T18:48:05Z,2026-08-17T18:48:05Z,
141.164.50.206,ipv4,malicious-ip,medium,WHITE,ziyadnz/hourly-ipv4,ziyadnz|hourly,2026-08-17T18:48:05Z,2026-08-17T18:48:05Z,
141.164.51.99,ipv4,malicious-ip,medium,WHITE,ziyadnz/hourly-ipv4,ziyadnz|hourly,2026-08-17T18:48:05Z,2026-08-17T18:48:05Z,
141.164.52.243,ipv4,malicious-ip,medium,WHITE,ziyadnz/hourly-ipv4,ziyadnz|hourly,2026-08-17T18:48:05Z,2026-08-17T18:48:05Z,
141.164.60.10,ipv4,malicious-ip,medium,WHITE,ziyadnz/hourly-ipv4,ziyadnz|hourly,2026-08-17T18:48:05Z,2026-08-17T18:48:05Z,
141.164.60.25,ipv4,malicious-ip,medium,WHITE,ziyadnz/hourly-ipv4,ziyadnz|hourly,2026-08-17T18:48:05Z,2026-08-17T18:48:05Z,
141.164.62.236,ipv4,malicious-ip,medium,WHITE,ziyadnz/hourly-ipv4,ziyadnz|hourly,2026-08-17T18:48:05Z,2026-08-17T18:48:05Z,
141.164.63.253,ipv4,malicious-ip,medium,WHITE,ziyadnz/hourly-ipv4,ziyadnz|hourly,2026-08-17T18:48:05Z,2026-08-17T18:48:05Z,
141.22.28.227,ipv4,malicious-ip,medium,WHITE,ziyadnz/hourly-ipv4,ziyadnz|hourly,2026-08-17T18:48:05Z,2026-08-17T18:48:05Z,
141.226.88.75,ipv4,malicious-ip,medium,WHITE,ziyadnz/hourly-ipv4,ziyadnz|hourly,2026-08-17T18:48:05Z,2026-08-17T18:48:05Z,
141.227.149.108,ipv4,malicious-ip,medium,WHITE,ziyadnz/hourly-ipv4,ziyadnz|hourly,2026-08-17T18:48:05Z,2026-08-17T18:48:05Z,
141.239.158.222,ipv4,malicious-ip,medium,WHITE,ziyadnz/hourly-ipv4,ziyadnz|hourly,2026-08-17T18:48:05Z,2026-08-17T18:48:05Z,
141.253.103.247,ipv4,malicious-ip,medium,WHITE,ziyadnz/hourly-ipv4,ziyadnz|hourly,2026-08-17T18:48:05Z,2026-08-17T18:48:05Z,
141.255.145.151,ipv4,malicious-ip,medium,WHITE,ziyadnz/hourly-ipv4,ziyadnz|hourly,2026-08-17T18:48:05Z,2026-08-17T18:48:05Z,
141.255.146.100,ipv4,malicious-ip,medium,WHITE,ziyadnz/hourly-ipv4,ziyadnz|hourly,2026-08-17T18:48:05Z,2026-08-17T18:48:05Z,
141.255.151.69,ipv4,malicious-ip,medium,WHITE,ziyadnz/hourly-ipv4,ziyadnz|hourly,2026-08-17T18:48:05Z,2026-08-17T18:48:05Z,
141.255.157.58,ipv4,malicious-ip,medium,WHITE,ziyadnz/hourly-ipv4,ziyadnz|hourly,2026-08-17T18:48:05Z,2026-08-17T18:48:05Z,
141.255.158.103,ipv4,malicious-ip,medium,WHITE,ziyadnz/hourly-ipv4,ziyadnz|hourly,2026-08-17T18:48:05Z,2026-08-17T18:48:05Z,
141.255.158.28,ipv4,malicious-ip,medium,WHITE,ziyadnz/hourly-ipv4,ziyadnz|hourly,2026-08-17T18:48:05Z,2026-08-17T18:48:05Z,
141.255.159.62,ipv4,malicious-ip,medium,WHITE,ziyadnz/hourly-ipv4,ziyadnz|hourly,2026-08-17T18:48:05Z,2026-08-17T18:48:05Z,
141.255.160.52,ipv4,malicious-ip,medium,WHITE,ziyadnz/hourly-ipv4,ziyadnz|hourly,2026-08-17T18:48:05Z,2026-08-17T18:48:05Z,
141.255.164.12,ipv4,malicious-ip,medium,WHITE,ziyadnz/hourly-ipv4,ziyadnz|hourly,2026-08-17T18:48:05Z,2026-08-17T18:48:05Z,
141.255.166.187,ipv4,malicious-ip,medium,WHITE,ziyadnz/hourly-ipv4,ziyadnz|hourly,2026-08-17T18:48:05Z,2026-08-17T18:48:05Z,
141.255.167.250,ipv4,malicious-ip,medium,WHITE,ziyadnz/hourly-ipv4,ziyadnz|hourly,2026-08-17T18:48:05Z,2026-08-17T18:48:05Z,
141.94.10.79,ipv4,malicious-ip,medium,WHITE,ziyadnz/hourly-ipv4,ziyadnz|hourly,2026-08-17T18:48:05Z,2026-08-17T18:48:05Z,
141.94.122.19,ipv4,malicious-ip,medium,WHITE,ziyadnz/hourly-ipv4,ziyadnz|hourly,2026-08-17T18:48:05Z,2026-08-17T18:48:05Z,
141.94.20.206,ipv4,malicious-ip,medium,WHITE,ziyadnz/hourly-ipv4,ziyadnz|hourly,2026-08-17T18:48:05Z,2026-08-17T18:48:05Z,
141.94.206.6,ipv4,malicious-ip,medium,WHITE,ziyadnz/hourly-ipv4,ziyadnz|hourly,2026-08-17T18:48:05Z,2026-08-17T18:48:05Z,
141.94.206.86,ipv4,malicious-ip,medium,WHITE,ziyadnz/hourly-ipv4,ziyadnz|hourly,2026-08-17T18:48:05Z,2026-08-17T18:48:05Z,
141.94.23.56,ipv4,malicious-ip,medium,WHITE,ziyadnz/hourly-ipv4,ziyadnz|hourly,2026-08-17T18:48:05Z,2026-08-17T18:48:05Z,
141.94.237.134,ipv4,malicious-ip,medium,WHITE,ziyadnz/hourly-ipv4,ziyadnz|hourly,2026-08-17T18:48:05Z,2026-08-17T18:48:05Z,
141.94.33.148,ipv4,malicious-ip,medium,WHITE,ziyadnz/hourly-ipv4,ziyadnz|hourly,2026-08-17T18:48:05Z,2026-08-17T18:48:05Z,
141.94.47.78,ipv4,malicious-ip,medium,WHITE,ziyadnz/hourly-ipv4,ziyadnz|hourly,2026-08-17T18:48:05Z,2026-08-17T18:48:05Z,
141.94.53.219,ipv4,malicious-ip,medium,WHITE,ziyadnz/hourly-ipv4,ziyadnz|hourly,2026-08-17T18:48:05Z,2026-08-17T18:48:05Z,
141.94.94.155,ipv4,malicious-ip,medium,WHITE,ziyadnz/hourly-ipv4,ziyadnz|hourly,2026-08-17T18:48:05Z,2026-08-17T18:48:05Z,
141.95.10.198,ipv4,malicious-ip,medium,WHITE,ziyadnz/hourly-ipv4,ziyadnz|hourly,2026-08-17T18:48:05Z,2026-08-17T18:48:05Z,
141.95.10.219,ipv4,malicious-ip,medium,WHITE,ziyadnz/hourly-ipv4,ziyadnz|hourly,2026-08-17T18:48:05Z,2026-08-17T18:48:05Z,
141.95.10.233,ipv4,malicious-ip,medium,WHITE,ziyadnz/hourly-ipv4,ziyadnz|hourly,2026-08-17T18:48:05Z,2026-08-17T18:48:05Z,
141.95.11.153,ipv4,malicious-ip,medium,WHITE,ziyadnz/hourly-ipv4,ziyadnz|hourly,2026-08-17T18:48:05Z,2026-08-17T18:48:05Z,
141.95.156.38,ipv4,malicious-ip,medium,WHITE,ziyadnz/hourly-ipv4,ziyadnz|hourly,2026-08-17T18:48:05Z,2026-08-17T18:48:05Z,
141.95.16.111,ipv4,malicious-ip,medium,WHITE,ziyadnz/hourly-ipv4,ziyadnz|hourly,2026-08-17T18:48:05Z,2026-08-17T18:48:05Z,
141.95.177.129,ipv4,malicious-ip,medium,WHITE,ziyadnz/hourly-ipv4,ziyadnz|hourly,2026-08-17T18:48:05Z,2026-08-17T18:48:05Z,
141.95.19.37,ipv4,malicious-ip,medium,WHITE,ziyadnz/hourly-ipv4,ziyadnz|hourly,2026-08-17T18:48:05Z,2026-08-17T18:48:05Z,
141.95.203.179,ipv4,malicious-ip,medium,WHITE,ziyadnz/hourly-ipv4,ziyadnz|hourly,2026-08-17T18:48:05Z,2026-08-17T18:48:05Z,
141.95.242.9,ipv4,malicious-ip,medium,WHITE,ziyadnz/hourly-ipv4,ziyadnz|hourly,2026-08-17T18:48:05Z,2026-08-17T18:48:05Z,
141.95.7.158,ipv4,malicious-ip,medium,WHITE,ziyadnz/hourly-ipv4,ziyadnz|hourly,2026-08-17T18:48:05Z,2026-08-17T18:48:05Z,
141.95.84.40,ipv4,malicious-ip,medium,WHITE,ziyadnz/hourly-ipv4,ziyadnz|hourly,2026-08-17T18:48:05Z,2026-08-17T18:48:05Z,
141.98.10.0,ipv4,malicious-ip,medium,WHITE,ziyadnz/hourly-ipv4,ziyadnz|hourly,2026-08-17T18:48:05Z,2026-08-17T18:48:05Z,
141.98.10.109,ipv4,malicious-ip,medium,WHITE,ziyadnz/hourly-ipv4,ziyadnz|hourly,2026-08-17T18:48:05Z,2026-08-17T18:48:05Z,
141.98.10.115,ipv4,malicious-ip,medium,WHITE,ziyadnz/hourly-ipv4,ziyadnz|hourly,2026-08-17T18:48:05Z,2026-08-17T18:48:05Z,
141.98.10.148,ipv4,malicious-ip,medium,WHITE,ziyadnz/hourly-ipv4,ziyadnz|hourly,2026-08-17T18:48:05Z,2026-08-17T18:48:05Z,
141.98.10.149,ipv4,malicious-ip,medium,WHITE,ziyadnz/hourly-ipv4,ziyadnz|hourly,2026-08-17T18:48:05Z,2026-08-17T18:48:05Z,
141.98.10.151,ipv4,malicious-ip,medium,WHITE,ziyadnz/hourly-ipv4,ziyadnz|hourly,2026-08-17T18:48:05Z,2026-08-17T18:48:05Z,
141.98.10.16,ipv4,malicious-ip,medium,WHITE,ziyadnz/hourly-ipv4,ziyadnz|hourly,2026-08-17T18:48:05Z,2026-08-17T18:48:05Z,
141.98.10.174,ipv4,malicious-ip,medium,WHITE,ziyadnz/hourly-ipv4,ziyadnz|hourly,2026-08-17T18:48:05Z,2026-08-17T18:48:05Z,
141.98.10.182,ipv4,malicious-ip,medium,WHITE,ziyadnz/hourly-ipv4,ziyadnz|hourly,2026-08-17T18:48:05Z,2026-08-17T18:48:05Z,
141.98.10.188,ipv4,malicious-ip,medium,WHITE,ziyadnz/hourly-ipv4,ziyadnz|hourly,2026-08-17T18:48:05Z,2026-08-17T18:48:05Z,
141.98.10.198,ipv4,malicious-ip,medium,WHITE,ziyadnz/hourly-ipv4,ziyadnz|hourly,2026-08-17T18:48:05Z,2026-08-17T18:48:05Z,
141.98.10.205,ipv4,malicious-ip,medium,WHITE,ziyadnz/hourly-ipv4,ziyadnz|hourly,2026-08-17T18:48:05Z,2026-08-17T18:48:05Z,
141.98.10.213,ipv4,malicious-ip,medium,WHITE,ziyadnz/hourly-ipv4,ziyadnz|hourly,2026-08-17T18:48:05Z,2026-08-17T18:48:05Z,
141.98.10.216,ipv4,malicious-ip,medium,WHITE,ziyadnz/hourly-ipv4,ziyadnz|hourly,2026-08-17T18:48:05Z,2026-08-17T18:48:05Z,
141.98.10.37,ipv4,malicious-ip,medium,WHITE,ziyadnz/hourly-ipv4,ziyadnz|hourly,2026-08-17T18:48:05Z,2026-08-17T18:48:05Z,
141.98.10.69,ipv4,malicious-ip,medium,WHITE,ziyadnz/hourly-ipv4,ziyadnz|hourly,2026-08-17T18:48:05Z,2026-08-17T18:48:05Z,
141.98.10.79,ipv4,malicious-ip,medium,WHITE,ziyadnz/hourly-ipv4,ziyadnz|hourly,2026-08-17T18:48:05Z,2026-08-17T18:48:05Z,
141.98.10.86,ipv4,malicious-ip,medium,WHITE,ziyadnz/hourly-ipv4,ziyadnz|hourly,2026-08-17T18:48:05Z,2026-08-17T18:48:05Z,
141.98.10.88,ipv4,malicious-ip,medium,WHITE,ziyadnz/hourly-ipv4,ziyadnz|hourly,2026-08-17T18:48:05Z,2026-08-17T18:48:05Z,
141.98.11.129,ipv4,malicious-ip,medium,WHITE,ziyadnz/hourly-ipv4,ziyadnz|hourly,2026-08-17T18:48:05Z,2026-08-17T18:48:05Z,
141.98.11.155,ipv4,malicious-ip,medium,WHITE,ziyadnz/hourly-ipv4,ziyadnz|hourly,2026-08-17T18:48:05Z,2026-08-17T18:48:05Z,
141.98.11.175,ipv4,malicious-ip,medium,WHITE,ziyadnz/hourly-ipv4,ziyadnz|hourly,2026-08-17T18:48:05Z,2026-08-17T18:48:05Z,
141.98.11.210,ipv4,malicious-ip,medium,WHITE,ziyadnz/hourly-ipv4,ziyadnz|hourly,2026-08-17T18:48:05Z,2026-08-17T18:48:05Z,
141.98.11.224,ipv4,malicious-ip,medium,WHITE,ziyadnz/hourly-ipv4,ziyadnz|hourly,2026-08-17T18:48:05Z,2026-08-17T18:48:05Z,
141.98.11.227,ipv4,malicious-ip,medium,WHITE,ziyadnz/hourly-ipv4,ziyadnz|hourly,2026-08-17T18:48:05Z,2026-08-17T18:48:05Z,
141.98.11.26,ipv4,malicious-ip,medium,WHITE,ziyadnz/hourly-ipv4,ziyadnz|hourly,2026-08-17T18:48:05Z,2026-08-17T18:48:05Z,
141.98.11.42,ipv4,malicious-ip,medium,WHITE,ziyadnz/hourly-ipv4,ziyadnz|hourly,2026-08-17T18:48:05Z,2026-08-17T18:48:05Z,
141.98.11.62,ipv4,malicious-ip,medium,WHITE,ziyadnz/hourly-ipv4,ziyadnz|hourly,2026-08-17T18:48:05Z,2026-08-17T18:48:05Z,
141.98.11.67,ipv4,malicious-ip,medium,WHITE,ziyadnz/hourly-ipv4,ziyadnz|hourly,2026-08-17T18:48:05Z,2026-08-17T18:48:05Z,
141.98.11.69,ipv4,malicious-ip,medium,WHITE,ziyadnz/hourly-ipv4,ziyadnz|hourly,2026-08-17T18:48:05Z,2026-08-17T18:48:05Z,
141.98.11.79,ipv4,malicious-ip,medium,WHITE,ziyadnz/hourly-ipv4,ziyadnz|hourly,2026-08-17T18:48:05Z,2026-08-17T18:48:05Z,
141.98.11.80,ipv4,malicious-ip,medium,WHITE,ziyadnz/hourly-ipv4,ziyadnz|hourly,2026-08-17T18:48:05Z,2026-08-17T18:48:05Z,
141.98.11.97,ipv4,malicious-ip,medium,WHITE,ziyadnz/hourly-ipv4,ziyadnz|hourly,2026-08-17T18:48:05Z,2026-08-17T18:48:05Z,
141.98.141.154,ipv4,malicious-ip,medium,WHITE,ziyadnz/hourly-ipv4,ziyadnz|hourly,2026-08-17T18:48:05Z,2026-08-17T18:48:05Z,
141.98.141.71,ipv4,malicious-ip,medium,WHITE,ziyadnz/hourly-ipv4,ziyadnz|hourly,2026-08-17T18:48:05Z,2026-08-17T18:48:05Z,
141.98.143.211,ipv4,malicious-ip,medium,WHITE,ziyadnz/hourly-ipv4,ziyadnz|hourly,2026-08-17T18:48:05Z,2026-08-17T18:48:05Z,
141.98.143.29,ipv4,malicious-ip,medium,WHITE,ziyadnz/hourly-ipv4,ziyadnz|hourly,2026-08-17T18:48:05Z,2026-08-17T18:48:05Z,
141.98.233.84,ipv4,malicious-ip,medium,WHITE,ziyadnz/hourly-ipv4,ziyadnz|hourly,2026-08-17T18:48:05Z,2026-08-17T18:48:05Z,
141.98.234.187,ipv4,malicious-ip,medium,WHITE,ziyadnz/hourly-ipv4,ziyadnz|hourly,2026-08-17T18:48:05Z,2026-08-17T18:48:05Z,
141.98.234.31,ipv4,malicious-ip,medium,WHITE,ziyadnz/hourly-ipv4,ziyadnz|hourly,2026-08-17T18:48:05Z,2026-08-17T18:48:05Z,
141.98.252.206,ipv4,malicious-ip,medium,WHITE,ziyadnz/hourly-ipv4,ziyadnz|hourly,2026-08-17T18:48:05Z,2026-08-17T18:48:05Z,
141.98.6.195,ipv4,malicious-ip,medium,WHITE,ziyadnz/hourly-ipv4,ziyadnz|hourly,2026-08-17T18:48:05Z,2026-08-17T18:48:05Z,
141.98.6.95,ipv4,malicious-ip,medium,WHITE,ziyadnz/hourly-ipv4,ziyadnz|hourly,2026-08-17T18:48:05Z,2026-08-17T18:48:05Z,
141.98.6.96,ipv4,malicious-ip,medium,WHITE,ziyadnz/hourly-ipv4,ziyadnz|hourly,2026-08-17T18:48:05Z,2026-08-17T18:48:05Z,
141.98.7.238,ipv4,malicious-ip,medium,WHITE,ziyadnz/hourly-ipv4,ziyadnz|hourly,2026-08-17T18:48:05Z,2026-08-17T18:48:05Z,
141.98.7.44,ipv4,malicious-ip,medium,WHITE,ziyadnz/hourly-ipv4,ziyadnz|hourly,2026-08-17T18:48:05Z,2026-08-17T18:48:05Z,
141.98.80.175,ipv4,malicious-ip,medium,WHITE,ziyadnz/hourly-ipv4,ziyadnz|hourly,2026-08-17T18:48:05Z,2026-08-17T18:48:05Z,
141.98.82.201,ipv4,malicious-ip,medium,WHITE,ziyadnz/hourly-ipv4,ziyadnz|hourly,2026-08-17T18:48:05Z,2026-08-17T18:48:05Z,
141.98.83.111,ipv4,malicious-ip,medium,WHITE,ziyadnz/hourly-ipv4,ziyadnz|hourly,2026-08-17T18:48:05Z,2026-08-17T18:48:05Z,
141.98.83.48,ipv4,malicious-ip,medium,WHITE,ziyadnz/hourly-ipv4,ziyadnz|hourly,2026-08-17T18:48:05Z,2026-08-17T18:48:05Z,
141.98.9.104,ipv4,malicious-ip,medium,WHITE,ziyadnz/hourly-ipv4,ziyadnz|hourly,2026-08-17T18:48:05Z,2026-08-17T18:48:05Z,
141.98.9.112,ipv4,malicious-ip,medium,WHITE,ziyadnz/hourly-ipv4,ziyadnz|hourly,2026-08-17T18:48:05Z,2026-08-17T18:48:05Z,
141.98.9.116,ipv4,malicious-ip,medium,WHITE,ziyadnz/hourly-ipv4,ziyadnz|hourly,2026-08-17T18:48:05Z,2026-08-17T18:48:05Z,
141.98.9.117,ipv4,malicious-ip,medium,WHITE,ziyadnz/hourly-ipv4,ziyadnz|hourly,2026-08-17T18:48:05Z,2026-08-17T18:48:05Z,
141.98.9.118,ipv4,malicious-ip,medium,WHITE,ziyadnz/hourly-ipv4,ziyadnz|hourly,2026-08-17T18:48:05Z,2026-08-17T18:48:05Z,
141.98.9.121,ipv4,malicious-ip,medium,WHITE,ziyadnz/hourly-ipv4,ziyadnz|hourly,2026-08-17T18:48:05Z,2026-08-17T18:48:05Z,
141.98.9.137,ipv4,malicious-ip,medium,WHITE,ziyadnz/hourly-ipv4,ziyadnz|hourly,2026-08-17T18:48:05Z,2026-08-17T18:48:05Z,
141.98.9.44,ipv4,malicious-ip,medium,WHITE,ziyadnz/hourly-ipv4,ziyadnz|hourly,2026-08-17T18:48:05Z,2026-08-17T18:48:05Z,
141.98.9.46,ipv4,malicious-ip,medium,WHITE,ziyadnz/hourly-ipv4,ziyadnz|hourly,2026-08-17T18:48:05Z,2026-08-17T18:48:05Z,
141.98.9.49,ipv4,malicious-ip,medium,WHITE,ziyadnz/hourly-ipv4,ziyadnz|hourly,2026-08-17T18:48:05Z,2026-08-17T18:48:05Z,
141.98.9.51,ipv4,malicious-ip,medium,WHITE,ziyadnz/hourly-ipv4,ziyadnz|hourly,2026-08-17T18:48:05Z,2026-08-17T18:48:05Z,
141.98.9.56,ipv4,malicious-ip,medium,WHITE,ziyadnz/hourly-ipv4,ziyadnz|hourly,2026-08-17T18:48:05Z,2026-08-17T18:48:05Z,
141.98.9.60,ipv4,malicious-ip,medium,WHITE,ziyadnz/hourly-ipv4,ziyadnz|hourly,2026-08-17T18:48:05Z,2026-08-17T18:48:05Z,
141.98.9.65,ipv4,malicious-ip,medium,WHITE,ziyadnz/hourly-ipv4,ziyadnz|hourly,2026-08-17T18:48:05Z,2026-08-17T18:48:05Z,
141.98.9.67,ipv4,malicious-ip,medium,WHITE,ziyadnz/hourly-ipv4,ziyadnz|hourly,2026-08-17T18:48:05Z,2026-08-17T18:48:05Z,
142.0.138.41,ipv4,malicious-ip,medium,WHITE,ziyadnz/hourly-ipv4,ziyadnz|hourly,2026-08-17T18:48:05Z,2026-08-17T18:48:05Z,
142.0.138.42,ipv4,malicious-ip,medium,WHITE,ziyadnz/hourly-ipv4,ziyadnz|hourly,2026-08-17T18:48:05Z,2026-08-17T18:48:05Z,
142.0.138.43,ipv4,malicious-ip,medium,WHITE,ziyadnz/hourly-ipv4,ziyadnz|hourly,2026-08-17T18:48:05Z,2026-08-17T18:48:05Z,
142.0.138.44,ipv4,malicious-ip,medium,WHITE,ziyadnz/hourly-ipv4,ziyadnz|hourly,2026-08-17T18:48:05Z,2026-08-17T18:48:05Z,
142.11.200.186,ipv4,malicious-ip,medium,WHITE,ziyadnz/hourly-ipv4,ziyadnz|hourly,2026-08-17T18:48:05Z,2026-08-17T18:48:05Z,
142.11.200.187,ipv4,malicious-ip,medium,WHITE,ziyadnz/hourly-ipv4,ziyadnz|hourly,2026-08-17T18:48:05Z,2026-08-17T18:48:05Z,
142.11.200.188,ipv4,malicious-ip,medium,WHITE,ziyadnz/hourly-ipv4,ziyadnz|hourly,2026-08-17T18:48:05Z,2026-08-17T18:48:05Z,
142.11.206.73,ipv4,malicious-ip,medium,WHITE,ziyadnz/hourly-ipv4,ziyadnz|hourly,2026-08-17T18:48:05Z,2026-08-17T18:48:05Z,
142.11.209.144,ipv4,malicious-ip,medium,WHITE,ziyadnz/hourly-ipv4,ziyadnz|hourly,2026-08-17T18:48:05Z,2026-08-17T18:48:05Z,
142.111.152.32,ipv4,malicious-ip,medium,WHITE,ziyadnz/hourly-ipv4,ziyadnz|hourly,2026-08-17T18:48:05Z,2026-08-17T18:48:05Z,
142.111.152.37,ipv4,malicious-ip,medium,WHITE,ziyadnz/hourly-ipv4,ziyadnz|hourly,2026-08-17T18:48:05Z,2026-08-17T18:48:05Z,
142.111.152.50,ipv4,malicious-ip,medium,WHITE,ziyadnz/hourly-ipv4,ziyadnz|hourly,2026-08-17T18:48:05Z,2026-08-17T18:48:05Z,
142.111.244.203,ipv4,malicious-ip,medium,WHITE,ziyadnz/hourly-ipv4,ziyadnz|hourly,2026-08-17T18:48:05Z,2026-08-17T18:48:05Z,
142.111.77.196,ipv4,malicious-ip,medium,WHITE,ziyadnz/hourly-ipv4,ziyadnz|hourly,2026-08-17T18:48:05Z,2026-08-17T18:48:05Z,
142.118.77.41,ipv4,malicious-ip,medium,WHITE,ziyadnz/hourly-ipv4,ziyadnz|hourly,2026-08-17T18:48:05Z,2026-08-17T18:48:05Z,
142.127.171.133,ipv4,malicious-ip,medium,WHITE,ziyadnz/hourly-ipv4,ziyadnz|hourly,2026-08-17T18:48:05Z,2026-08-17T18:48:05Z,
142.127.227.138,ipv4,malicious-ip,medium,WHITE,ziyadnz/hourly-ipv4,ziyadnz|hourly,2026-08-17T18:48:05Z,2026-08-17T18:48:05Z,
142.129.184.226,ipv4,malicious-ip,medium,WHITE,ziyadnz/hourly-ipv4,ziyadnz|hourly,2026-08-17T18:48:05Z,2026-08-17T18:48:05Z,
142.132.180.233,ipv4,malicious-ip,medium,WHITE,ziyadnz/hourly-ipv4,ziyadnz|hourly,2026-08-17T18:48:05Z,2026-08-17T18:48:05Z,
142.132.201.228,ipv4,malicious-ip,medium,WHITE,ziyadnz/hourly-ipv4,ziyadnz|hourly,2026-08-17T18:48:05Z,2026-08-17T18:48:05Z,
142.132.219.111,ipv4,malicious-ip,medium,WHITE,ziyadnz/hourly-ipv4,ziyadnz|hourly,2026-08-17T18:48:05Z,2026-08-17T18:48:05Z,
142.132.229.12,ipv4,malicious-ip,medium,WHITE,ziyadnz/hourly-ipv4,ziyadnz|hourly,2026-08-17T18:48:05Z,2026-08-17T18:48:05Z,
142.132.232.235,ipv4,malicious-ip,medium,WHITE,ziyadnz/hourly-ipv4,ziyadnz|hourly,2026-08-17T18:48:05Z,2026-08-17T18:48:05Z,
142.160.143.213,ipv4,malicious-ip,medium,WHITE,ziyadnz/hourly-ipv4,ziyadnz|hourly,2026-08-17T18:48:05Z,2026-08-17T18:48:05Z,
142.160.218.208,ipv4,malicious-ip,medium,WHITE,ziyadnz/hourly-ipv4,ziyadnz|hourly,2026-08-17T18:48:05Z,2026-08-17T18:48:05Z,
142.161.27.232,ipv4,malicious-ip,medium,WHITE,ziyadnz/hourly-ipv4,ziyadnz|hourly,2026-08-17T18:48:05Z,2026-08-17T18:48:05Z,
142.165.115.110,ipv4,malicious-ip,medium,WHITE,ziyadnz/hourly-ipv4,ziyadnz|hourly,2026-08-17T18:48:05Z,2026-08-17T18:48:05Z,
142.165.176.8,ipv4,malicious-ip,medium,WHITE,ziyadnz/hourly-ipv4,ziyadnz|hourly,2026-08-17T18:48:05Z,2026-08-17T18:48:05Z,
142.165.181.78,ipv4,malicious-ip,medium,WHITE,ziyadnz/hourly-ipv4,ziyadnz|hourly,2026-08-17T18:48:05Z,2026-08-17T18:48:05Z,
142.171.230.122,ipv4,malicious-ip,medium,WHITE,ziyadnz/hourly-ipv4,ziyadnz|hourly,2026-08-17T18:48:05Z,2026-08-17T18:48:05Z,
142.171.240.222,ipv4,malicious-ip,medium,WHITE,ziyadnz/hourly-ipv4,ziyadnz|hourly,2026-08-17T18:48:05Z,2026-08-17T18:48:05Z,
142.179.80.122,ipv4,malicious-ip,medium,WHITE,ziyadnz/hourly-ipv4,ziyadnz|hourly,2026-08-17T18:48:05Z,2026-08-17T18:48:05Z,
142.185.171.2,ipv4,malicious-ip,medium,WHITE,ziyadnz/hourly-ipv4,ziyadnz|hourly,2026-08-17T18:48:05Z,2026-08-17T18:48:05Z,
142.190.114.42,ipv4,malicious-ip,medium,WHITE,ziyadnz/hourly-ipv4,ziyadnz|hourly,2026-08-17T18:48:05Z,2026-08-17T18:48:05Z,
142.202.188.238,ipv4,malicious-ip,medium,WHITE,ziyadnz/hourly-ipv4,ziyadnz|hourly,2026-08-17T18:48:05Z,2026-08-17T18:48:05Z,
142.202.190.222,ipv4,malicious-ip,medium,WHITE,ziyadnz/hourly-ipv4,ziyadnz|hourly,2026-08-17T18:48:05Z,2026-08-17T18:48:05Z,
142.202.191.225,ipv4,malicious-ip,medium,WHITE,ziyadnz/hourly-ipv4,ziyadnz|hourly,2026-08-17T18:48:05Z,2026-08-17T18:48:05Z,
142.202.240.126,ipv4,malicious-ip,medium,WHITE,ziyadnz/hourly-ipv4,ziyadnz|hourly,2026-08-17T18:48:05Z,2026-08-17T18:48:05Z,
142.202.240.40,ipv4,malicious-ip,medium,WHITE,ziyadnz/hourly-ipv4,ziyadnz|hourly,2026-08-17T18:48:05Z,2026-08-17T18:48:05Z,
142.248.80.119,ipv4,malicious-ip,medium,WHITE,ziyadnz/hourly-ipv4,ziyadnz|hourly,2026-08-17T18:48:05Z,2026-08-17T18:48:05Z,
142.248.80.144,ipv4,malicious-ip,medium,WHITE,ziyadnz/hourly-ipv4,ziyadnz|hourly,2026-08-17T18:48:05Z,2026-08-17T18:48:05Z,
142.248.80.152,ipv4,malicious-ip,medium,WHITE,ziyadnz/hourly-ipv4,ziyadnz|hourly,2026-08-17T18:48:05Z,2026-08-17T18:48:05Z,
142.248.80.31,ipv4,malicious-ip,medium,WHITE,ziyadnz/hourly-ipv4,ziyadnz|hourly,2026-08-17T18:48:05Z,2026-08-17T18:48:05Z,
142.248.83.99,ipv4,malicious-ip,medium,WHITE,ziyadnz/hourly-ipv4,ziyadnz|hourly,2026-08-17T18:48:05Z,2026-08-17T18:48:05Z,
142.249.174.12,ipv4,malicious-ip,medium,WHITE,ziyadnz/hourly-ipv4,ziyadnz|hourly,2026-08-17T18:48:05Z,2026-08-17T18:48:05Z,
142.252.153.0,ipv4,malicious-ip,medium,WHITE,ziyadnz/hourly-ipv4,ziyadnz|hourly,2026-08-17T18:48:05Z,2026-08-17T18:48:05Z,
142.252.153.11,ipv4,malicious-ip,medium,WHITE,ziyadnz/hourly-ipv4,ziyadnz|hourly,2026-08-17T18:48:05Z,2026-08-17T18:48:05Z,
142.252.153.120,ipv4,malicious-ip,medium,WHITE,ziyadnz/hourly-ipv4,ziyadnz|hourly,2026-08-17T18:48:05Z,2026-08-17T18:48:05Z,
142.252.153.137,ipv4,malicious-ip,medium,WHITE,ziyadnz/hourly-ipv4,ziyadnz|hourly,2026-08-17T18:48:05Z,2026-08-17T18:48:05Z,
142.252.153.144,ipv4,malicious-ip,medium,WHITE,ziyadnz/hourly-ipv4,ziyadnz|hourly,2026-08-17T18:48:05Z,2026-08-17T18:48:05Z,
142.252.153.15,ipv4,malicious-ip,medium,WHITE,ziyadnz/hourly-ipv4,ziyadnz|hourly,2026-08-17T18:48:05Z,2026-08-17T18:48:05Z,
142.252.153.153,ipv4,malicious-ip,medium,WHITE,ziyadnz/hourly-ipv4,ziyadnz|hourly,2026-08-17T18:48:05Z,2026-08-17T18:48:05Z,
142.252.153.156,ipv4,malicious-ip,medium,WHITE,ziyadnz/hourly-ipv4,ziyadnz|hourly,2026-08-17T18:48:05Z,2026-08-17T18:48:05Z,
142.252.153.17,ipv4,malicious-ip,medium,WHITE,ziyadnz/hourly-ipv4,ziyadnz|hourly,2026-08-17T18:48:05Z,2026-08-17T18:48:05Z,
142.252.153.171,ipv4,malicious-ip,medium,WHITE,ziyadnz/hourly-ipv4,ziyadnz|hourly,2026-08-17T18:48:05Z,2026-08-17T18:48:05Z,
142.252.153.19,ipv4,malicious-ip,medium,WHITE,ziyadnz/hourly-ipv4,ziyadnz|hourly,2026-08-17T18:48:05Z,2026-08-17T18:48:05Z,
142.252.153.191,ipv4,malicious-ip,medium,WHITE,ziyadnz/hourly-ipv4,ziyadnz|hourly,2026-08-17T18:48:05Z,2026-08-17T18:48:05Z,
142.252.153.197,ipv4,malicious-ip,medium,WHITE,ziyadnz/hourly-ipv4,ziyadnz|hourly,2026-08-17T18:48:05Z,2026-08-17T18:48:05Z,
142.252.153.207,ipv4,malicious-ip,medium,WHITE,ziyadnz/hourly-ipv4,ziyadnz|hourly,2026-08-17T18:48:05Z,2026-08-17T18:48:05Z,
142.252.153.211,ipv4,malicious-ip,medium,WHITE,ziyadnz/hourly-ipv4,ziyadnz|hourly,2026-08-17T18:48:05Z,2026-08-17T18:48:05Z,
142.252.153.228,ipv4,malicious-ip,medium,WHITE,ziyadnz/hourly-ipv4,ziyadnz|hourly,2026-08-17T18:48:05Z,2026-08-17T18:48:05Z,
142.252.153.46,ipv4,malicious-ip,medium,WHITE,ziyadnz/hourly-ipv4,ziyadnz|hourly,2026-08-17T18:48:05Z,2026-08-17T18:48:05Z,
142.252.153.59,ipv4,malicious-ip,medium,WHITE,ziyadnz/hourly-ipv4,ziyadnz|hourly,2026-08-17T18:48:05Z,2026-08-17T18:48:05Z,
142.252.153.60,ipv4,malicious-ip,medium,WHITE,ziyadnz/hourly-ipv4,ziyadnz|hourly,2026-08-17T18:48:05Z,2026-08-17T18:48:05Z,
142.252.153.64,ipv4,malicious-ip,medium,WHITE,ziyadnz/hourly-ipv4,ziyadnz|hourly,2026-08-17T18:48:05Z,2026-08-17T18:48:05Z,
142.252.153.74,ipv4,malicious-ip,medium,WHITE,ziyadnz/hourly-ipv4,ziyadnz|hourly,2026-08-17T18:48:05Z,2026-08-17T18:48:05Z,
142.252.153.83,ipv4,malicious-ip,medium,WHITE,ziyadnz/hourly-ipv4,ziyadnz|hourly,2026-08-17T18:48:05Z,2026-08-17T18:48:05Z,
142.252.156.0,ipv4,malicious-ip,medium,WHITE,ziyadnz/hourly-ipv4,ziyadnz|hourly,2026-08-17T18:48:05Z,2026-08-17T18:48:05Z,
142.252.156.114,ipv4,malicious-ip,medium,WHITE,ziyadnz/hourly-ipv4,ziyadnz|hourly,2026-08-17T18:48:05Z,2026-08-17T18:48:05Z,
142.252.156.136,ipv4,malicious-ip,medium,WHITE,ziyadnz/hourly-ipv4,ziyadnz|hourly,2026-08-17T18:48:05Z,2026-08-17T18:48:05Z,
142.252.156.139,ipv4,malicious-ip,medium,WHITE,ziyadnz/hourly-ipv4,ziyadnz|hourly,2026-08-17T18:48:05Z,2026-08-17T18:48:05Z,
142.252.156.174,ipv4,malicious-ip,medium,WHITE,ziyadnz/hourly-ipv4,ziyadnz|hourly,2026-08-17T18:48:05Z,2026-08-17T18:48:05Z,
142.252.156.179,ipv4,malicious-ip,medium,WHITE,ziyadnz/hourly-ipv4,ziyadnz|hourly,2026-08-17T18:48:05Z,2026-08-17T18:48:05Z,
142.252.156.183,ipv4,malicious-ip,medium,WHITE,ziyadnz/hourly-ipv4,ziyadnz|hourly,2026-08-17T18:48:05Z,2026-08-17T18:48:05Z,
142.252.156.190,ipv4,malicious-ip,medium,WHITE,ziyadnz/hourly-ipv4,ziyadnz|hourly,2026-08-17T18:48:05Z,2026-08-17T18:48:05Z,
142.252.156.191,ipv4,malicious-ip,medium,WHITE,ziyadnz/hourly-ipv4,ziyadnz|hourly,2026-08-17T18:48:05Z,2026-08-17T18:48:05Z,
142.252.156.193,ipv4,malicious-ip,medium,WHITE,ziyadnz/hourly-ipv4,ziyadnz|hourly,2026-08-17T18:48:05Z,2026-08-17T18:48:05Z,
142.252.156.195,ipv4,malicious-ip,medium,WHITE,ziyadnz/hourly-ipv4,ziyadnz|hourly,2026-08-17T18:48:05Z,2026-08-17T18:48:05Z,
142.252.156.200,ipv4,malicious-ip,medium,WHITE,ziyadnz/hourly-ipv4,ziyadnz|hourly,2026-08-17T18:48:05Z,2026-08-17T18:48:05Z,
142.252.156.212,ipv4,malicious-ip,medium,WHITE,ziyadnz/hourly-ipv4,ziyadnz|hourly,2026-08-17T18:48:05Z,2026-08-17T18:48:05Z,
142.252.156.250,ipv4,malicious-ip,medium,WHITE,ziyadnz/hourly-ipv4,ziyadnz|hourly,2026-08-17T18:48:05Z,2026-08-17T18:48:05Z,
142.252.156.51,ipv4,malicious-ip,medium,WHITE,ziyadnz/hourly-ipv4,ziyadnz|hourly,2026-08-17T18:48:05Z,2026-08-17T18:48:05Z,
142.252.156.65,ipv4,malicious-ip,medium,WHITE,ziyadnz/hourly-ipv4,ziyadnz|hourly,2026-08-17T18:48:05Z,2026-08-17T18:48:05Z,
142.252.156.75,ipv4,malicious-ip,medium,WHITE,ziyadnz/hourly-ipv4,ziyadnz|hourly,2026-08-17T18:48:05Z,2026-08-17T18:48:05Z,
142.252.156.9,ipv4,malicious-ip,medium,WHITE,ziyadnz/hourly-ipv4,ziyadnz|hourly,2026-08-17T18:48:05Z,2026-08-17T18:48:05Z,
142.252.156.98,ipv4,malicious-ip,medium,WHITE,ziyadnz/hourly-ipv4,ziyadnz|hourly,2026-08-17T18:48:05Z,2026-08-17T18:48:05Z,
142.252.53.0,ipv4,malicious-ip,medium,WHITE,ziyadnz/hourly-ipv4,ziyadnz|hourly,2026-08-17T18:48:05Z,2026-08-17T18:48:05Z,
142.252.53.103,ipv4,malicious-ip,medium,WHITE,ziyadnz/hourly-ipv4,ziyadnz|hourly,2026-08-17T18:48:05Z,2026-08-17T18:48:05Z,
142.252.53.116,ipv4,malicious-ip,medium,WHITE,ziyadnz/hourly-ipv4,ziyadnz|hourly,2026-08-17T18:48:05Z,2026-08-17T18:48:05Z,
142.252.53.13,ipv4,malicious-ip,medium,WHITE,ziyadnz/hourly-ipv4,ziyadnz|hourly,2026-08-17T18:48:05Z,2026-08-17T18:48:05Z,
142.252.53.131,ipv4,malicious-ip,medium,WHITE,ziyadnz/hourly-ipv4,ziyadnz|hourly,2026-08-17T18:48:05Z,2026-08-17T18:48:05Z,
142.252.53.133,ipv4,malicious-ip,medium,WHITE,ziyadnz/hourly-ipv4,ziyadnz|hourly,2026-08-17T18:48:05Z,2026-08-17T18:48:05Z,
142.252.53.16,ipv4,malicious-ip,medium,WHITE,ziyadnz/hourly-ipv4,ziyadnz|hourly,2026-08-17T18:48:05Z,2026-08-17T18:48:05Z,
142.252.53.163,ipv4,malicious-ip,medium,WHITE,ziyadnz/hourly-ipv4,ziyadnz|hourly,2026-08-17T18:48:05Z,2026-08-17T18:48:05Z,
142.252.53.181,ipv4,malicious-ip,medium,WHITE,ziyadnz/hourly-ipv4,ziyadnz|hourly,2026-08-17T18:48:05Z,2026-08-17T18:48:05Z,
142.252.53.209,ipv4,malicious-ip,medium,WHITE,ziyadnz/hourly-ipv4,ziyadnz|hourly,2026-08-17T18:48:05Z,2026-08-17T18:48:05Z,
142.252.53.249,ipv4,malicious-ip,medium,WHITE,ziyadnz/hourly-ipv4,ziyadnz|hourly,2026-08-17T18:48:05Z,2026-08-17T18:48:05Z,
142.252.53.34,ipv4,malicious-ip,medium,WHITE,ziyadnz/hourly-ipv4,ziyadnz|hourly,2026-08-17T18:48:05Z,2026-08-17T18:48:05Z,
142.252.53.40,ipv4,malicious-ip,medium,WHITE,ziyadnz/hourly-ipv4,ziyadnz|hourly,2026-08-17T18:48:05Z,2026-08-17T18:48:05Z,
142.252.53.42,ipv4,malicious-ip,medium,WHITE,ziyadnz/hourly-ipv4,ziyadnz|hourly,2026-08-17T18:48:05Z,2026-08-17T18:48:05Z,
142.252.53.53,ipv4,malicious-ip,medium,WHITE,ziyadnz/hourly-ipv4,ziyadnz|hourly,2026-08-17T18:48:05Z,2026-08-17T18:48:05Z,
142.252.53.54,ipv4,malicious-ip,medium,WHITE,ziyadnz/hourly-ipv4,ziyadnz|hourly,2026-08-17T18:48:05Z,2026-08-17T18:48:05Z,
142.252.53.59,ipv4,malicious-ip,medium,WHITE,ziyadnz/hourly-ipv4,ziyadnz|hourly,2026-08-17T18:48:05Z,2026-08-17T18:48:05Z,
142.252.53.79,ipv4,malicious-ip,medium,WHITE,ziyadnz/hourly-ipv4,ziyadnz|hourly,2026-08-17T18:48:05Z,2026-08-17T18:48:05Z,
142.252.53.88,ipv4,malicious-ip,medium,WHITE,ziyadnz/hourly-ipv4,ziyadnz|hourly,2026-08-17T18:48:05Z,2026-08-17T18:48:05Z,
142.4.106.73,ipv4,malicious-ip,medium,WHITE,ziyadnz/hourly-ipv4,ziyadnz|hourly,2026-08-17T18:48:05Z,2026-08-17T18:48:05Z,
142.4.106.74,ipv4,malicious-ip,medium,WHITE,ziyadnz/hourly-ipv4,ziyadnz|hourly,2026-08-17T18:48:05Z,2026-08-17T18:48:05Z,
142.4.106.75,ipv4,malicious-ip,medium,WHITE,ziyadnz/hourly-ipv4,ziyadnz|hourly,2026-08-17T18:48:05Z,2026-08-17T18:48:05Z,
142.4.106.76,ipv4,malicious-ip,medium,WHITE,ziyadnz/hourly-ipv4,ziyadnz|hourly,2026-08-17T18:48:05Z,2026-08-17T18:48:05Z,
142.4.15.137,ipv4,malicious-ip,medium,WHITE,ziyadnz/hourly-ipv4,ziyadnz|hourly,2026-08-17T18:48:05Z,2026-08-17T18:48:05Z,
142.4.205.155,ipv4,malicious-ip,medium,WHITE,ziyadnz/hourly-ipv4,ziyadnz|hourly,2026-08-17T18:48:05Z,2026-08-17T18:48:05Z,
142.4.23.76,ipv4,malicious-ip,medium,WHITE,ziyadnz/hourly-ipv4,ziyadnz|hourly,2026-08-17T18:48:05Z,2026-08-17T18:48:05Z,
142.44.144.7,ipv4,malicious-ip,medium,WHITE,ziyadnz/hourly-ipv4,ziyadnz|hourly,2026-08-17T18:48:05Z,2026-08-17T18:48:05Z,
142.44.149.199,ipv4,malicious-ip,medium,WHITE,ziyadnz/hourly-ipv4,ziyadnz|hourly,2026-08-17T18:48:05Z,2026-08-17T18:48:05Z,
142.44.220.0,ipv4,malicious-ip,medium,WHITE,ziyadnz/hourly-ipv4,ziyadnz|hourly,2026-08-17T18:48:05Z,2026-08-17T18:48:05Z,
142.44.220.107,ipv4,malicious-ip,medium,WHITE,ziyadnz/hourly-ipv4,ziyadnz|hourly,2026-08-17T18:48:05Z,2026-08-17T18:48:05Z,
142.44.220.113,ipv4,malicious-ip,medium,WHITE,ziyadnz/hourly-ipv4,ziyadnz|hourly,2026-08-17T18:48:05Z,2026-08-17T18:48:05Z,
142.44.220.115,ipv4,malicious-ip,medium,WHITE,ziyadnz/hourly-ipv4,ziyadnz|hourly,2026-08-17T18:48:05Z,2026-08-17T18:48:05Z,
142.44.220.121,ipv4,malicious-ip,medium,WHITE,ziyadnz/hourly-ipv4,ziyadnz|hourly,2026-08-17T18:48:05Z,2026-08-17T18:48:05Z,
142.44.220.132,ipv4,malicious-ip,medium,WHITE,ziyadnz/hourly-ipv4,ziyadnz|hourly,2026-08-17T18:48:05Z,2026-08-17T18:48:05Z,
142.44.220.140,ipv4,malicious-ip,medium,WHITE,ziyadnz/hourly-ipv4,ziyadnz|hourly,2026-08-17T18:48:05Z,2026-08-17T18:48:05Z,
142.44.220.155,ipv4,malicious-ip,medium,WHITE,ziyadnz/hourly-ipv4,ziyadnz|hourly,2026-08-17T18:48:05Z,2026-08-17T18:48:05Z,
142.44.220.160,ipv4,malicious-ip,medium,WHITE,ziyadnz/hourly-ipv4,ziyadnz|hourly,2026-08-17T18:48:05Z,2026-08-17T18:48:05Z,
142.44.220.172,ipv4,malicious-ip,medium,WHITE,ziyadnz/hourly-ipv4,ziyadnz|hourly,2026-08-17T18:48:05Z,2026-08-17T18:48:05Z,
142.44.220.173,ipv4,malicious-ip,medium,WHITE,ziyadnz/hourly-ipv4,ziyadnz|hourly,2026-08-17T18:48:05Z,2026-08-17T18:48:05Z,
142.44.220.174,ipv4,malicious-ip,medium,WHITE,ziyadnz/hourly-ipv4,ziyadnz|hourly,2026-08-17T18:48:05Z,2026-08-17T18:48:05Z,
142.44.220.179,ipv4,malicious-ip,medium,WHITE,ziyadnz/hourly-ipv4,ziyadnz|hourly,2026-08-17T18:48:05Z,2026-08-17T18:48:05Z,
142.44.220.180,ipv4,malicious-ip,medium,WHITE,ziyadnz/hourly-ipv4,ziyadnz|hourly,2026-08-17T18:48:05Z,2026-08-17T18:48:05Z,
142.44.220.191,ipv4,malicious-ip,medium,WHITE,ziyadnz/hourly-ipv4,ziyadnz|hourly,2026-08-17T18:48:05Z,2026-08-17T18:48:05Z,
142.44.220.193,ipv4,malicious-ip,medium,WHITE,ziyadnz/hourly-ipv4,ziyadnz|hourly,2026-08-17T18:48:05Z,2026-08-17T18:48:05Z,
142.44.220.203,ipv4,malicious-ip,medium,WHITE,ziyadnz/hourly-ipv4,ziyadnz|hourly,2026-08-17T18:48:05Z,2026-08-17T18:48:05Z,
142.44.220.208,ipv4,malicious-ip,medium,WHITE,ziyadnz/hourly-ipv4,ziyadnz|hourly,2026-08-17T18:48:05Z,2026-08-17T18:48:05Z,
142.44.220.211,ipv4,malicious-ip,medium,WHITE,ziyadnz/hourly-ipv4,ziyadnz|hourly,2026-08-17T18:48:05Z,2026-08-17T18:48:05Z,
142.44.220.222,ipv4,malicious-ip,medium,WHITE,ziyadnz/hourly-ipv4,ziyadnz|hourly,2026-08-17T18:48:05Z,2026-08-17T18:48:05Z,
142.44.220.224,ipv4,malicious-ip,medium,WHITE,ziyadnz/hourly-ipv4,ziyadnz|hourly,2026-08-17T18:48:05Z,2026-08-17T18:48:05Z,
142.44.220.233,ipv4,malicious-ip,medium,WHITE,ziyadnz/hourly-ipv4,ziyadnz|hourly,2026-08-17T18:48:05Z,2026-08-17T18:48:05Z,
142.44.220.239,ipv4,malicious-ip,medium,WHITE,ziyadnz/hourly-ipv4,ziyadnz|hourly,2026-08-17T18:48:05Z,2026-08-17T18:48:05Z,
142.44.220.252,ipv4,malicious-ip,medium,WHITE,ziyadnz/hourly-ipv4,ziyadnz|hourly,2026-08-17T18:48:05Z,2026-08-17T18:48:05Z,
142.44.220.51,ipv4,malicious-ip,medium,WHITE,ziyadnz/hourly-ipv4,ziyadnz|hourly,2026-08-17T18:48:05Z,2026-08-17T18:48:05Z,
142.44.220.64,ipv4,malicious-ip,medium,WHITE,ziyadnz/hourly-ipv4,ziyadnz|hourly,2026-08-17T18:48:05Z,2026-08-17T18:48:05Z,
142.44.220.65,ipv4,malicious-ip,medium,WHITE,ziyadnz/hourly-ipv4,ziyadnz|hourly,2026-08-17T18:48:05Z,2026-08-17T18:48:05Z,
142.44.220.76,ipv4,malicious-ip,medium,WHITE,ziyadnz/hourly-ipv4,ziyadnz|hourly,2026-08-17T18:48:05Z,2026-08-17T18:48:05Z,
142.44.220.82,ipv4,malicious-ip,medium,WHITE,ziyadnz/hourly-ipv4,ziyadnz|hourly,2026-08-17T18:48:05Z,2026-08-17T18:48:05Z,
142.44.220.85,ipv4,malicious-ip,medium,WHITE,ziyadnz/hourly-ipv4,ziyadnz|hourly,2026-08-17T18:48:05Z,2026-08-17T18:48:05Z,
142.44.220.86,ipv4,malicious-ip,medium,WHITE,ziyadnz/hourly-ipv4,ziyadnz|hourly,2026-08-17T18:48:05Z,2026-08-17T18:48:05Z,
142.44.220.90,ipv4,malicious-ip,medium,WHITE,ziyadnz/hourly-ipv4,ziyadnz|hourly,2026-08-17T18:48:05Z,2026-08-17T18:48:05Z,
142.44.220.93,ipv4,malicious-ip,medium,WHITE,ziyadnz/hourly-ipv4,ziyadnz|hourly,2026-08-17T18:48:05Z,2026-08-17T18:48:05Z,
142.44.220.97,ipv4,malicious-ip,medium,WHITE,ziyadnz/hourly-ipv4,ziyadnz|hourly,2026-08-17T18:48:05Z,2026-08-17T18:48:05Z,
142.44.225.0,ipv4,malicious-ip,medium,WHITE,ziyadnz/hourly-ipv4,ziyadnz|hourly,2026-08-17T18:48:05Z,2026-08-17T18:48:05Z,
142.44.225.101,ipv4,malicious-ip,medium,WHITE,ziyadnz/hourly-ipv4,ziyadnz|hourly,2026-08-17T18:48:05Z,2026-08-17T18:48:05Z,
142.44.225.105,ipv4,malicious-ip,medium,WHITE,ziyadnz/hourly-ipv4,ziyadnz|hourly,2026-08-17T18:48:05Z,2026-08-17T18:48:05Z,
142.44.225.11,ipv4,malicious-ip,medium,WHITE,ziyadnz/hourly-ipv4,ziyadnz|hourly,2026-08-17T18:48:05Z,2026-08-17T18:48:05Z,
142.44.225.121,ipv4,malicious-ip,medium,WHITE,ziyadnz/hourly-ipv4,ziyadnz|hourly,2026-08-17T18:48:05Z,2026-08-17T18:48:05Z,
142.44.225.126,ipv4,malicious-ip,medium,WHITE,ziyadnz/hourly-ipv4,ziyadnz|hourly,2026-08-17T18:48:05Z,2026-08-17T18:48:05Z,
142.44.225.127,ipv4,malicious-ip,medium,WHITE,ziyadnz/hourly-ipv4,ziyadnz|hourly,2026-08-17T18:48:05Z,2026-08-17T18:48:05Z,
142.44.225.132,ipv4,malicious-ip,medium,WHITE,ziyadnz/hourly-ipv4,ziyadnz|hourly,2026-08-17T18:48:05Z,2026-08-17T18:48:05Z,
142.44.225.140,ipv4,malicious-ip,medium,WHITE,ziyadnz/hourly-ipv4,ziyadnz|hourly,2026-08-17T18:48:05Z,2026-08-17T18:48:05Z,
142.44.225.143,ipv4,malicious-ip,medium,WHITE,ziyadnz/hourly-ipv4,ziyadnz|hourly,2026-08-17T18:48:05Z,2026-08-17T18:48:05Z,
142.44.225.160,ipv4,malicious-ip,medium,WHITE,ziyadnz/hourly-ipv4,ziyadnz|hourly,2026-08-17T18:48:05Z,2026-08-17T18:48:05Z,
142.44.225.164,ipv4,malicious-ip,medium,WHITE,ziyadnz/hourly-ipv4,ziyadnz|hourly,2026-08-17T18:48:05Z,2026-08-17T18:48:05Z,
142.44.225.167,ipv4,malicious-ip,medium,WHITE,ziyadnz/hourly-ipv4,ziyadnz|hourly,2026-08-17T18:48:05Z,2026-08-17T18:48:05Z,
142.44.225.168,ipv4,malicious-ip,medium,WHITE,ziyadnz/hourly-ipv4,ziyadnz|hourly,2026-08-17T18:48:05Z,2026-08-17T18:48:05Z,
142.44.225.171,ipv4,malicious-ip,medium,WHITE,ziyadnz/hourly-ipv4,ziyadnz|hourly,2026-08-17T18:48:05Z,2026-08-17T18:48:05Z,
142.44.225.172,ipv4,malicious-ip,medium,WHITE,ziyadnz/hourly-ipv4,ziyadnz|hourly,2026-08-17T18:48:05Z,2026-08-17T18:48:05Z,
142.44.225.192,ipv4,malicious-ip,medium,WHITE,ziyadnz/hourly-ipv4,ziyadnz|hourly,2026-08-17T18:48:05Z,2026-08-17T18:48:05Z,
142.44.225.202,ipv4,malicious-ip,medium,WHITE,ziyadnz/hourly-ipv4,ziyadnz|hourly,2026-08-17T18:48:05Z,2026-08-17T18:48:05Z,
142.44.225.211,ipv4,malicious-ip,medium,WHITE,ziyadnz/hourly-ipv4,ziyadnz|hourly,2026-08-17T18:48:05Z,2026-08-17T18:48:05Z,
142.44.225.214,ipv4,malicious-ip,medium,WHITE,ziyadnz/hourly-ipv4,ziyadnz|hourly,2026-08-17T18:48:05Z,2026-08-17T18:48:05Z,
142.44.225.217,ipv4,malicious-ip,medium,WHITE,ziyadnz/hourly-ipv4,ziyadnz|hourly,2026-08-17T18:48:05Z,2026-08-17T18:48:05Z,
142.44.225.219,ipv4,malicious-ip,medium,WHITE,ziyadnz/hourly-ipv4,ziyadnz|hourly,2026-08-17T18:48:05Z,2026-08-17T18:48:05Z,
142.44.225.221,ipv4,malicious-ip,medium,WHITE,ziyadnz/hourly-ipv4,ziyadnz|hourly,2026-08-17T18:48:05Z,2026-08-17T18:48:05Z,
142.44.225.222,ipv4,malicious-ip,medium,WHITE,ziyadnz/hourly-ipv4,ziyadnz|hourly,2026-08-17T18:48:05Z,2026-08-17T18:48:05Z,
142.44.225.225,ipv4,malicious-ip,medium,WHITE,ziyadnz/hourly-ipv4,ziyadnz|hourly,2026-08-17T18:48:05Z,2026-08-17T18:48:05Z,
142.44.225.230,ipv4,malicious-ip,medium,WHITE,ziyadnz/hourly-ipv4,ziyadnz|hourly,2026-08-17T18:48:05Z,2026-08-17T18:48:05Z,
142.44.225.231,ipv4,malicious-ip,medium,WHITE,ziyadnz/hourly-ipv4,ziyadnz|hourly,2026-08-17T18:48:05Z,2026-08-17T18:48:05Z,
142.44.225.237,ipv4,malicious-ip,medium,WHITE,ziyadnz/hourly-ipv4,ziyadnz|hourly,2026-08-17T18:48:05Z,2026-08-17T18:48:05Z,
142.44.225.240,ipv4,malicious-ip,medium,WHITE,ziyadnz/hourly-ipv4,ziyadnz|hourly,2026-08-17T18:48:05Z,2026-08-17T18:48:05Z,
142.44.225.243,ipv4,malicious-ip,medium,WHITE,ziyadnz/hourly-ipv4,ziyadnz|hourly,2026-08-17T18:48:05Z,2026-08-17T18:48:05Z,
142.44.225.251,ipv4,malicious-ip,medium,WHITE,ziyadnz/hourly-ipv4,ziyadnz|hourly,2026-08-17T18:48:05Z,2026-08-17T18:48:05Z,
142.44.225.254,ipv4,malicious-ip,medium,WHITE,ziyadnz/hourly-ipv4,ziyadnz|hourly,2026-08-17T18:48:05Z,2026-08-17T18:48:05Z,
142.44.225.26,ipv4,malicious-ip,medium,WHITE,ziyadnz/hourly-ipv4,ziyadnz|hourly,2026-08-17T18:48:05Z,2026-08-17T18:48:05Z,
142.44.225.32,ipv4,malicious-ip,medium,WHITE,ziyadnz/hourly-ipv4,ziyadnz|hourly,2026-08-17T18:48:05Z,2026-08-17T18:48:05Z,
142.44.225.4,ipv4,malicious-ip,medium,WHITE,ziyadnz/hourly-ipv4,ziyadnz|hourly,2026-08-17T18:48:05Z,2026-08-17T18:48:05Z,
142.44.225.41,ipv4,malicious-ip,medium,WHITE,ziyadnz/hourly-ipv4,ziyadnz|hourly,2026-08-17T18:48:05Z,2026-08-17T18:48:05Z,
142.44.225.52,ipv4,malicious-ip,medium,WHITE,ziyadnz/hourly-ipv4,ziyadnz|hourly,2026-08-17T18:48:05Z,2026-08-17T18:48:05Z,
142.44.225.56,ipv4,malicious-ip,medium,WHITE,ziyadnz/hourly-ipv4,ziyadnz|hourly,2026-08-17T18:48:05Z,2026-08-17T18:48:05Z,
142.44.225.68,ipv4,malicious-ip,medium,WHITE,ziyadnz/hourly-ipv4,ziyadnz|hourly,2026-08-17T18:48:05Z,2026-08-17T18:48:05Z,
142.44.225.78,ipv4,malicious-ip,medium,WHITE,ziyadnz/hourly-ipv4,ziyadnz|hourly,2026-08-17T18:48:05Z,2026-08-17T18:48:05Z,
142.44.225.80,ipv4,malicious-ip,medium,WHITE,ziyadnz/hourly-ipv4,ziyadnz|hourly,2026-08-17T18:48:05Z,2026-08-17T18:48:05Z,
142.44.225.92,ipv4,malicious-ip,medium,WHITE,ziyadnz/hourly-ipv4,ziyadnz|hourly,2026-08-17T18:48:05Z,2026-08-17T18:48:05Z,
142.44.228.0,ipv4,malicious-ip,medium,WHITE,ziyadnz/hourly-ipv4,ziyadnz|hourly,2026-08-17T18:48:05Z,2026-08-17T18:48:05Z,
142.44.228.100,ipv4,malicious-ip,medium,WHITE,ziyadnz/hourly-ipv4,ziyadnz|hourly,2026-08-17T18:48:05Z,2026-08-17T18:48:05Z,
142.44.228.103,ipv4,malicious-ip,medium,WHITE,ziyadnz/hourly-ipv4,ziyadnz|hourly,2026-08-17T18:48:05Z,2026-08-17T18:48:05Z,
142.44.228.104,ipv4,malicious-ip,medium,WHITE,ziyadnz/hourly-ipv4,ziyadnz|hourly,2026-08-17T18:48:05Z,2026-08-17T18:48:05Z,
142.44.228.105,ipv4,malicious-ip,medium,WHITE,ziyadnz/hourly-ipv4,ziyadnz|hourly,2026-08-17T18:48:05Z,2026-08-17T18:48:05Z,
142.44.228.107,ipv4,malicious-ip,medium,WHITE,ziyadnz/hourly-ipv4,ziyadnz|hourly,2026-08-17T18:48:05Z,2026-08-17T18:48:05Z,
142.44.228.11,ipv4,malicious-ip,medium,WHITE,ziyadnz/hourly-ipv4,ziyadnz|hourly,2026-08-17T18:48:05Z,2026-08-17T18:48:05Z,
142.44.228.117,ipv4,malicious-ip,medium,WHITE,ziyadnz/hourly-ipv4,ziyadnz|hourly,2026-08-17T18:48:05Z,2026-08-17T18:48:05Z,
142.44.228.121,ipv4,malicious-ip,medium,WHITE,ziyadnz/hourly-ipv4,ziyadnz|hourly,2026-08-17T18:48:05Z,2026-08-17T18:48:05Z,
142.44.228.125,ipv4,malicious-ip,medium,WHITE,ziyadnz/hourly-ipv4,ziyadnz|hourly,2026-08-17T18:48:05Z,2026-08-17T18:48:05Z,
142.44.228.129,ipv4,malicious-ip,medium,WHITE,ziyadnz/hourly-ipv4,ziyadnz|hourly,2026-08-17T18:48:05Z,2026-08-17T18:48:05Z,
142.44.228.146,ipv4,malicious-ip,medium,WHITE,ziyadnz/hourly-ipv4,ziyadnz|hourly,2026-08-17T18:48:05Z,2026-08-17T18:48:05Z,
142.44.228.148,ipv4,malicious-ip,medium,WHITE,ziyadnz/hourly-ipv4,ziyadnz|hourly,2026-08-17T18:48:05Z,2026-08-17T18:48:05Z,
142.44.228.151,ipv4,malicious-ip,medium,WHITE,ziyadnz/hourly-ipv4,ziyadnz|hourly,2026-08-17T18:48:05Z,2026-08-17T18:48:05Z,
142.44.228.153,ipv4,malicious-ip,medium,WHITE,ziyadnz/hourly-ipv4,ziyadnz|hourly,2026-08-17T18:48:05Z,2026-08-17T18:48:05Z,
142.44.228.156,ipv4,malicious-ip,medium,WHITE,ziyadnz/hourly-ipv4,ziyadnz|hourly,2026-08-17T18:48:05Z,2026-08-17T18:48:05Z,
142.44.228.16,ipv4,malicious-ip,medium,WHITE,ziyadnz/hourly-ipv4,ziyadnz|hourly,2026-08-17T18:48:05Z,2026-08-17T18:48:05Z,
142.44.228.17,ipv4,malicious-ip,medium,WHITE,ziyadnz/hourly-ipv4,ziyadnz|hourly,2026-08-17T18:48:05Z,2026-08-17T18:48:05Z,
142.44.228.173,ipv4,malicious-ip,medium,WHITE,ziyadnz/hourly-ipv4,ziyadnz|hourly,2026-08-17T18:48:05Z,2026-08-17T18:48:05Z,
142.44.228.190,ipv4,malicious-ip,medium,WHITE,ziyadnz/hourly-ipv4,ziyadnz|hourly,2026-08-17T18:48:05Z,2026-08-17T18:48:05Z,
142.44.228.197,ipv4,malicious-ip,medium,WHITE,ziyadnz/hourly-ipv4,ziyadnz|hourly,2026-08-17T18:48:05Z,2026-08-17T18:48:05Z,
142.44.228.202,ipv4,malicious-ip,medium,WHITE,ziyadnz/hourly-ipv4,ziyadnz|hourly,2026-08-17T18:48:05Z,2026-08-17T18:48:05Z,
142.44.228.207,ipv4,malicious-ip,medium,WHITE,ziyadnz/hourly-ipv4,ziyadnz|hourly,2026-08-17T18:48:05Z,2026-08-17T18:48:05Z,
142.44.228.212,ipv4,malicious-ip,medium,WHITE,ziyadnz/hourly-ipv4,ziyadnz|hourly,2026-08-17T18:48:05Z,2026-08-17T18:48:05Z,
142.44.228.217,ipv4,malicious-ip,medium,WHITE,ziyadnz/hourly-ipv4,ziyadnz|hourly,2026-08-17T18:48:05Z,2026-08-17T18:48:05Z,
142.44.228.23,ipv4,malicious-ip,medium,WHITE,ziyadnz/hourly-ipv4,ziyadnz|hourly,2026-08-17T18:48:05Z,2026-08-17T18:48:05Z,
142.44.228.236,ipv4,malicious-ip,medium,WHITE,ziyadnz/hourly-ipv4,ziyadnz|hourly,2026-08-17T18:48:05Z,2026-08-17T18:48:05Z,
142.44.228.242,ipv4,malicious-ip,medium,WHITE,ziyadnz/hourly-ipv4,ziyadnz|hourly,2026-08-17T18:48:05Z,2026-08-17T18:48:05Z,
142.44.228.243,ipv4,malicious-ip,medium,WHITE,ziyadnz/hourly-ipv4,ziyadnz|hourly,2026-08-17T18:48:05Z,2026-08-17T18:48:05Z,
142.44.228.244,ipv4,malicious-ip,medium,WHITE,ziyadnz/hourly-ipv4,ziyadnz|hourly,2026-08-17T18:48:05Z,2026-08-17T18:48:05Z,
142.44.228.249,ipv4,malicious-ip,medium,WHITE,ziyadnz/hourly-ipv4,ziyadnz|hourly,2026-08-17T18:48:05Z,2026-08-17T18:48:05Z,
142.44.228.25,ipv4,malicious-ip,medium,WHITE,ziyadnz/hourly-ipv4,ziyadnz|hourly,2026-08-17T18:48:05Z,2026-08-17T18:48:05Z,
142.44.228.27,ipv4,malicious-ip,medium,WHITE,ziyadnz/hourly-ipv4,ziyadnz|hourly,2026-08-17T18:48:05Z,2026-08-17T18:48:05Z,
142.44.228.28,ipv4,malicious-ip,medium,WHITE,ziyadnz/hourly-ipv4,ziyadnz|hourly,2026-08-17T18:48:05Z,2026-08-17T18:48:05Z,
142.44.228.35,ipv4,malicious-ip,medium,WHITE,ziyadnz/hourly-ipv4,ziyadnz|hourly,2026-08-17T18:48:05Z,2026-08-17T18:48:05Z,
142.44.228.42,ipv4,malicious-ip,medium,WHITE,ziyadnz/hourly-ipv4,ziyadnz|hourly,2026-08-17T18:48:05Z,2026-08-17T18:48:05Z,
142.44.228.48,ipv4,malicious-ip,medium,WHITE,ziyadnz/hourly-ipv4,ziyadnz|hourly,2026-08-17T18:48:05Z,2026-08-17T18:48:05Z,
142.44.228.52,ipv4,malicious-ip,medium,WHITE,ziyadnz/hourly-ipv4,ziyadnz|hourly,2026-08-17T18:48:05Z,2026-08-17T18:48:05Z,
142.44.228.7,ipv4,malicious-ip,medium,WHITE,ziyadnz/hourly-ipv4,ziyadnz|hourly,2026-08-17T18:48:05Z,2026-08-17T18:48:05Z,
142.44.228.72,ipv4,malicious-ip,medium,WHITE,ziyadnz/hourly-ipv4,ziyadnz|hourly,2026-08-17T18:48:05Z,2026-08-17T18:48:05Z,
142.44.228.80,ipv4,malicious-ip,medium,WHITE,ziyadnz/hourly-ipv4,ziyadnz|hourly,2026-08-17T18:48:05Z,2026-08-17T18:48:05Z,
142.44.228.88,ipv4,malicious-ip,medium,WHITE,ziyadnz/hourly-ipv4,ziyadnz|hourly,2026-08-17T18:48:05Z,2026-08-17T18:48:05Z,
142.44.228.93,ipv4,malicious-ip,medium,WHITE,ziyadnz/hourly-ipv4,ziyadnz|hourly,2026-08-17T18:48:05Z,2026-08-17T18:48:05Z,
142.44.228.95,ipv4,malicious-ip,medium,WHITE,ziyadnz/hourly-ipv4,ziyadnz|hourly,2026-08-17T18:48:05Z,2026-08-17T18:48:05Z,
142.44.233.100,ipv4,malicious-ip,medium,WHITE,ziyadnz/hourly-ipv4,ziyadnz|hourly,2026-08-17T18:48:05Z,2026-08-17T18:48:05Z,
142.44.233.112,ipv4,malicious-ip,medium,WHITE,ziyadnz/hourly-ipv4,ziyadnz|hourly,2026-08-17T18:48:05Z,2026-08-17T18:48:05Z,
142.44.233.114,ipv4,malicious-ip,medium,WHITE,ziyadnz/hourly-ipv4,ziyadnz|hourly,2026-08-17T18:48:05Z,2026-08-17T18:48:05Z,
142.44.233.116,ipv4,malicious-ip,medium,WHITE,ziyadnz/hourly-ipv4,ziyadnz|hourly,2026-08-17T18:48:05Z,2026-08-17T18:48:05Z,
142.44.233.138,ipv4,malicious-ip,medium,WHITE,ziyadnz/hourly-ipv4,ziyadnz|hourly,2026-08-17T18:48:05Z,2026-08-17T18:48:05Z,
142.44.233.147,ipv4,malicious-ip,medium,WHITE,ziyadnz/hourly-ipv4,ziyadnz|hourly,2026-08-17T18:48:05Z,2026-08-17T18:48:05Z,
142.44.233.159,ipv4,malicious-ip,medium,WHITE,ziyadnz/hourly-ipv4,ziyadnz|hourly,2026-08-17T18:48:05Z,2026-08-17T18:48:05Z,
142.44.233.163,ipv4,malicious-ip,medium,WHITE,ziyadnz/hourly-ipv4,ziyadnz|hourly,2026-08-17T18:48:05Z,2026-08-17T18:48:05Z,
142.44.233.164,ipv4,malicious-ip,medium,WHITE,ziyadnz/hourly-ipv4,ziyadnz|hourly,2026-08-17T18:48:05Z,2026-08-17T18:48:05Z,
142.44.233.166,ipv4,malicious-ip,medium,WHITE,ziyadnz/hourly-ipv4,ziyadnz|hourly,2026-08-17T18:48:05Z,2026-08-17T18:48:05Z,
142.44.233.186,ipv4,malicious-ip,medium,WHITE,ziyadnz/hourly-ipv4,ziyadnz|hourly,2026-08-17T18:48:05Z,2026-08-17T18:48:05Z,
142.44.233.199,ipv4,malicious-ip,medium,WHITE,ziyadnz/hourly-ipv4,ziyadnz|hourly,2026-08-17T18:48:05Z,2026-08-17T18:48:05Z,
142.44.233.20,ipv4,malicious-ip,medium,WHITE,ziyadnz/hourly-ipv4,ziyadnz|hourly,2026-08-17T18:48:05Z,2026-08-17T18:48:05Z,
142.44.233.205,ipv4,malicious-ip,medium,WHITE,ziyadnz/hourly-ipv4,ziyadnz|hourly,2026-08-17T18:48:05Z,2026-08-17T18:48:05Z,
142.44.233.218,ipv4,malicious-ip,medium,WHITE,ziyadnz/hourly-ipv4,ziyadnz|hourly,2026-08-17T18:48:05Z,2026-08-17T18:48:05Z,
142.44.233.221,ipv4,malicious-ip,medium,WHITE,ziyadnz/hourly-ipv4,ziyadnz|hourly,2026-08-17T18:48:05Z,2026-08-17T18:48:05Z,
142.44.233.228,ipv4,malicious-ip,medium,WHITE,ziyadnz/hourly-ipv4,ziyadnz|hourly,2026-08-17T18:48:05Z,2026-08-17T18:48:05Z,
142.44.233.23,ipv4,malicious-ip,medium,WHITE,ziyadnz/hourly-ipv4,ziyadnz|hourly,2026-08-17T18:48:05Z,2026-08-17T18:48:05Z,
142.44.233.233,ipv4,malicious-ip,medium,WHITE,ziyadnz/hourly-ipv4,ziyadnz|hourly,2026-08-17T18:48:05Z,2026-08-17T18:48:05Z,
142.44.233.239,ipv4,malicious-ip,medium,WHITE,ziyadnz/hourly-ipv4,ziyadnz|hourly,2026-08-17T18:48:05Z,2026-08-17T18:48:05Z,
142.44.233.243,ipv4,malicious-ip,medium,WHITE,ziyadnz/hourly-ipv4,ziyadnz|hourly,2026-08-17T18:48:05Z,2026-08-17T18:48:05Z,
142.44.233.25,ipv4,malicious-ip,medium,WHITE,ziyadnz/hourly-ipv4,ziyadnz|hourly,2026-08-17T18:48:05Z,2026-08-17T18:48:05Z,
142.44.233.253,ipv4,malicious-ip,medium,WHITE,ziyadnz/hourly-ipv4,ziyadnz|hourly,2026-08-17T18:48:05Z,2026-08-17T18:48:05Z,
142.44.233.255,ipv4,malicious-ip,medium,WHITE,ziyadnz/hourly-ipv4,ziyadnz|hourly,2026-08-17T18:48:05Z,2026-08-17T18:48:05Z,
142.44.233.26,ipv4,malicious-ip,medium,WHITE,ziyadnz/hourly-ipv4,ziyadnz|hourly,2026-08-17T18:48:05Z,2026-08-17T18:48:05Z,
142.44.233.28,ipv4,malicious-ip,medium,WHITE,ziyadnz/hourly-ipv4,ziyadnz|hourly,2026-08-17T18:48:05Z,2026-08-17T18:48:05Z,
142.44.233.35,ipv4,malicious-ip,medium,WHITE,ziyadnz/hourly-ipv4,ziyadnz|hourly,2026-08-17T18:48:05Z,2026-08-17T18:48:05Z,
142.44.233.40,ipv4,malicious-ip,medium,WHITE,ziyadnz/hourly-ipv4,ziyadnz|hourly,2026-08-17T18:48:05Z,2026-08-17T18:48:05Z,
142.44.233.41,ipv4,malicious-ip,medium,WHITE,ziyadnz/hourly-ipv4,ziyadnz|hourly,2026-08-17T18:48:05Z,2026-08-17T18:48:05Z,
142.44.233.43,ipv4,malicious-ip,medium,WHITE,ziyadnz/hourly-ipv4,ziyadnz|hourly,2026-08-17T18:48:05Z,2026-08-17T18:48:05Z,
142.44.233.46,ipv4,malicious-ip,medium,WHITE,ziyadnz/hourly-ipv4,ziyadnz|hourly,2026-08-17T18:48:05Z,2026-08-17T18:48:05Z,
142.44.233.62,ipv4,malicious-ip,medium,WHITE,ziyadnz/hourly-ipv4,ziyadnz|hourly,2026-08-17T18:48:05Z,2026-08-17T18:48:05Z,
142.44.233.65,ipv4,malicious-ip,medium,WHITE,ziyadnz/hourly-ipv4,ziyadnz|hourly,2026-08-17T18:48:05Z,2026-08-17T18:48:05Z,
142.44.233.80,ipv4,malicious-ip,medium,WHITE,ziyadnz/hourly-ipv4,ziyadnz|hourly,2026-08-17T18:48:05Z,2026-08-17T18:48:05Z,
142.44.233.87,ipv4,malicious-ip,medium,WHITE,ziyadnz/hourly-ipv4,ziyadnz|hourly,2026-08-17T18:48:05Z,2026-08-17T18:48:05Z,
142.44.233.89,ipv4,malicious-ip,medium,WHITE,ziyadnz/hourly-ipv4,ziyadnz|hourly,2026-08-17T18:48:05Z,2026-08-17T18:48:05Z,
142.44.233.99,ipv4,malicious-ip,medium,WHITE,ziyadnz/hourly-ipv4,ziyadnz|hourly,2026-08-17T18:48:05Z,2026-08-17T18:48:05Z,
142.44.240.132,ipv4,malicious-ip,medium,WHITE,ziyadnz/hourly-ipv4,ziyadnz|hourly,2026-08-17T18:48:05Z,2026-08-17T18:48:05Z,
142.44.247.134,ipv4,malicious-ip,medium,WHITE,ziyadnz/hourly-ipv4,ziyadnz|hourly,2026-08-17T18:48:05Z,2026-08-17T18:48:05Z,
142.54.231.38,ipv4,malicious-ip,medium,WHITE,ziyadnz/hourly-ipv4,ziyadnz|hourly,2026-08-17T18:48:05Z,2026-08-17T18:48:05Z,
142.54.235.9,ipv4,malicious-ip,medium,WHITE,ziyadnz/hourly-ipv4,ziyadnz|hourly,2026-08-17T18:48:05Z,2026-08-17T18:48:05Z,
142.54.237.38,ipv4,malicious-ip,medium,WHITE,ziyadnz/hourly-ipv4,ziyadnz|hourly,2026-08-17T18:48:05Z,2026-08-17T18:48:05Z,
142.59.189.55,ipv4,malicious-ip,medium,WHITE,ziyadnz/hourly-ipv4,ziyadnz|hourly,2026-08-17T18:48:05Z,2026-08-17T18:48:05Z,
142.67.249.79,ipv4,malicious-ip,medium,WHITE,ziyadnz/hourly-ipv4,ziyadnz|hourly,2026-08-17T18:48:05Z,2026-08-17T18:48:05Z,
142.91.100.131,ipv4,malicious-ip,medium,WHITE,ziyadnz/hourly-ipv4,ziyadnz|hourly,2026-08-17T18:48:05Z,2026-08-17T18:48:05Z,
142.91.102.186,ipv4,malicious-ip,medium,WHITE,ziyadnz/hourly-ipv4,ziyadnz|hourly,2026-08-17T18:48:05Z,2026-08-17T18:48:05Z,
142.91.102.187,ipv4,malicious-ip,medium,WHITE,ziyadnz/hourly-ipv4,ziyadnz|hourly,2026-08-17T18:48:05Z,2026-08-17T18:48:05Z,
142.91.105.172,ipv4,malicious-ip,medium,WHITE,ziyadnz/hourly-ipv4,ziyadnz|hourly,2026-08-17T18:48:05Z,2026-08-17T18:48:05Z,
142.91.98.77,ipv4,malicious-ip,medium,WHITE,ziyadnz/hourly-ipv4,ziyadnz|hourly,2026-08-17T18:48:05Z,2026-08-17T18:48:05Z,
142.93.10.254,ipv4,malicious-ip,medium,WHITE,ziyadnz/hourly-ipv4,ziyadnz|hourly,2026-08-17T18:48:05Z,2026-08-17T18:48:05Z,
142.93.100.215,ipv4,malicious-ip,medium,WHITE,ziyadnz/hourly-ipv4,ziyadnz|hourly,2026-08-17T18:48:05Z,2026-08-17T18:48:05Z,
142.93.103.195,ipv4,malicious-ip,medium,WHITE,ziyadnz/hourly-ipv4,ziyadnz|hourly,2026-08-17T18:48:05Z,2026-08-17T18:48:05Z,
142.93.103.244,ipv4,malicious-ip,medium,WHITE,ziyadnz/hourly-ipv4,ziyadnz|hourly,2026-08-17T18:48:05Z,2026-08-17T18:48:05Z,
142.93.11.254,ipv4,malicious-ip,medium,WHITE,ziyadnz/hourly-ipv4,ziyadnz|hourly,2026-08-17T18:48:05Z,2026-08-17T18:48:05Z,
142.93.111.84,ipv4,malicious-ip,medium,WHITE,ziyadnz/hourly-ipv4,ziyadnz|hourly,2026-08-17T18:48:05Z,2026-08-17T18:48:05Z,
142.93.112.33,ipv4,malicious-ip,medium,WHITE,ziyadnz/hourly-ipv4,ziyadnz|hourly,2026-08-17T18:48:05Z,2026-08-17T18:48:05Z,
142.93.115.5,ipv4,malicious-ip,medium,WHITE,ziyadnz/hourly-ipv4,ziyadnz|hourly,2026-08-17T18:48:05Z,2026-08-17T18:48:05Z,
142.93.116.137,ipv4,malicious-ip,medium,WHITE,ziyadnz/hourly-ipv4,ziyadnz|hourly,2026-08-17T18:48:05Z,2026-08-17T18:48:05Z,
142.93.118.93,ipv4,malicious-ip,medium,WHITE,ziyadnz/hourly-ipv4,ziyadnz|hourly,2026-08-17T18:48:05Z,2026-08-17T18:48:05Z,
142.93.119.175,ipv4,malicious-ip,medium,WHITE,ziyadnz/hourly-ipv4,ziyadnz|hourly,2026-08-17T18:48:05Z,2026-08-17T18:48:05Z,
142.93.119.26,ipv4,malicious-ip,medium,WHITE,ziyadnz/hourly-ipv4,ziyadnz|hourly,2026-08-17T18:48:05Z,2026-08-17T18:48:05Z,
142.93.12.245,ipv4,malicious-ip,medium,WHITE,ziyadnz/hourly-ipv4,ziyadnz|hourly,2026-08-17T18:48:05Z,2026-08-17T18:48:05Z,
142.93.120.64,ipv4,malicious-ip,medium,WHITE,ziyadnz/hourly-ipv4,ziyadnz|hourly,2026-08-17T18:48:05Z,2026-08-17T18:48:05Z,
142.93.120.95,ipv4,malicious-ip,medium,WHITE,ziyadnz/hourly-ipv4,ziyadnz|hourly,2026-08-17T18:48:05Z,2026-08-17T18:48:05Z,
142.93.121.23,ipv4,malicious-ip,medium,WHITE,ziyadnz/hourly-ipv4,ziyadnz|hourly,2026-08-17T18:48:05Z,2026-08-17T18:48:05Z,
142.93.124.119,ipv4,malicious-ip,medium,WHITE,ziyadnz/hourly-ipv4,ziyadnz|hourly,2026-08-17T18:48:05Z,2026-08-17T18:48:05Z,
142.93.135.160,ipv4,malicious-ip,medium,WHITE,ziyadnz/hourly-ipv4,ziyadnz|hourly,2026-08-17T18:48:05Z,2026-08-17T18:48:05Z,
142.93.137.45,ipv4,malicious-ip,medium,WHITE,ziyadnz/hourly-ipv4,ziyadnz|hourly,2026-08-17T18:48:05Z,2026-08-17T18:48:05Z,
142.93.138.23,ipv4,malicious-ip,medium,WHITE,ziyadnz/hourly-ipv4,ziyadnz|hourly,2026-08-17T18:48:05Z,2026-08-17T18:48:05Z,
142.93.14.4,ipv4,malicious-ip,medium,WHITE,ziyadnz/hourly-ipv4,ziyadnz|hourly,2026-08-17T18:48:05Z,2026-08-17T18:48:05Z,
142.93.14.62,ipv4,malicious-ip,medium,WHITE,ziyadnz/hourly-ipv4,ziyadnz|hourly,2026-08-17T18:48:05Z,2026-08-17T18:48:05Z,
142.93.140.36,ipv4,malicious-ip,medium,WHITE,ziyadnz/hourly-ipv4,ziyadnz|hourly,2026-08-17T18:48:05Z,2026-08-17T18:48:05Z,
142.93.146.198,ipv4,malicious-ip,medium,WHITE,ziyadnz/hourly-ipv4,ziyadnz|hourly,2026-08-17T18:48:05Z,2026-08-17T18:48:05Z,
142.93.154.240,ipv4,malicious-ip,medium,WHITE,ziyadnz/hourly-ipv4,ziyadnz|hourly,2026-08-17T18:48:05Z,2026-08-17T18:48:05Z,
142.93.169.113,ipv4,malicious-ip,medium,WHITE,ziyadnz/hourly-ipv4,ziyadnz|hourly,2026-08-17T18:48:05Z,2026-08-17T18:48:05Z,
142.93.170.15,ipv4,malicious-ip,medium,WHITE,ziyadnz/hourly-ipv4,ziyadnz|hourly,2026-08-17T18:48:05Z,2026-08-17T18:48:05Z,
142.93.170.40,ipv4,malicious-ip,medium,WHITE,ziyadnz/hourly-ipv4,ziyadnz|hourly,2026-08-17T18:48:05Z,2026-08-17T18:48:05Z,
142.93.178.25,ipv4,malicious-ip,medium,WHITE,ziyadnz/hourly-ipv4,ziyadnz|hourly,2026-08-17T18:48:05Z,2026-08-17T18:48:05Z,
142.93.188.104,ipv4,malicious-ip,medium,WHITE,ziyadnz/hourly-ipv4,ziyadnz|hourly,2026-08-17T18:48:05Z,2026-08-17T18:48:05Z,
142.93.19.233,ipv4,malicious-ip,medium,WHITE,ziyadnz/hourly-ipv4,ziyadnz|hourly,2026-08-17T18:48:05Z,2026-08-17T18:48:05Z,
142.93.19.99,ipv4,malicious-ip,medium,WHITE,ziyadnz/hourly-ipv4,ziyadnz|hourly,2026-08-17T18:48:05Z,2026-08-17T18:48:05Z,
142.93.199.23,ipv4,malicious-ip,medium,WHITE,ziyadnz/hourly-ipv4,ziyadnz|hourly,2026-08-17T18:48:05Z,2026-08-17T18:48:05Z,
142.93.199.65,ipv4,malicious-ip,medium,WHITE,ziyadnz/hourly-ipv4,ziyadnz|hourly,2026-08-17T18:48:05Z,2026-08-17T18:48:05Z,
142.93.2.214,ipv4,malicious-ip,medium,WHITE,ziyadnz/hourly-ipv4,ziyadnz|hourly,2026-08-17T18:48:05Z,2026-08-17T18:48:05Z,
142.93.20.226,ipv4,malicious-ip,medium,WHITE,ziyadnz/hourly-ipv4,ziyadnz|hourly,2026-08-17T18:48:05Z,2026-08-17T18:48:05Z,
142.93.200.173,ipv4,malicious-ip,medium,WHITE,ziyadnz/hourly-ipv4,ziyadnz|hourly,2026-08-17T18:48:05Z,2026-08-17T18:48:05Z,
142.93.204.108,ipv4,malicious-ip,medium,WHITE,ziyadnz/hourly-ipv4,ziyadnz|hourly,2026-08-17T18:48:05Z,2026-08-17T18:48:05Z,
142.93.206.107,ipv4,malicious-ip,medium,WHITE,ziyadnz/hourly-ipv4,ziyadnz|hourly,2026-08-17T18:48:05Z,2026-08-17T18:48:05Z,
142.93.206.43,ipv4,malicious-ip,medium,WHITE,ziyadnz/hourly-ipv4,ziyadnz|hourly,2026-08-17T18:48:05Z,2026-08-17T18:48:05Z,
142.93.208.47,ipv4,malicious-ip,medium,WHITE,ziyadnz/hourly-ipv4,ziyadnz|hourly,2026-08-17T18:48:05Z,2026-08-17T18:48:05Z,
142.93.212.42,ipv4,malicious-ip,medium,WHITE,ziyadnz/hourly-ipv4,ziyadnz|hourly,2026-08-17T18:48:05Z,2026-08-17T18:48:05Z,
142.93.214.219,ipv4,malicious-ip,medium,WHITE,ziyadnz/hourly-ipv4,ziyadnz|hourly,2026-08-17T18:48:05Z,2026-08-17T18:48:05Z,
142.93.218.186,ipv4,malicious-ip,medium,WHITE,ziyadnz/hourly-ipv4,ziyadnz|hourly,2026-08-17T18:48:05Z,2026-08-17T18:48:05Z,
142.93.218.50,ipv4,malicious-ip,medium,WHITE,ziyadnz/hourly-ipv4,ziyadnz|hourly,2026-08-17T18:48:05Z,2026-08-17T18:48:05Z,
142.93.221.56,ipv4,malicious-ip,medium,WHITE,ziyadnz/hourly-ipv4,ziyadnz|hourly,2026-08-17T18:48:05Z,2026-08-17T18:48:05Z,
142.93.224.178,ipv4,malicious-ip,medium,WHITE,ziyadnz/hourly-ipv4,ziyadnz|hourly,2026-08-17T18:48:05Z,2026-08-17T18:48:05Z,
142.93.231.120,ipv4,malicious-ip,medium,WHITE,ziyadnz/hourly-ipv4,ziyadnz|hourly,2026-08-17T18:48:05Z,2026-08-17T18:48:05Z,
142.93.238.71,ipv4,malicious-ip,medium,WHITE,ziyadnz/hourly-ipv4,ziyadnz|hourly,2026-08-17T18:48:05Z,2026-08-17T18:48:05Z,
142.93.24.154,ipv4,malicious-ip,medium,WHITE,ziyadnz/hourly-ipv4,ziyadnz|hourly,2026-08-17T18:48:05Z,2026-08-17T18:48:05Z,
142.93.242.144,ipv4,malicious-ip,medium,WHITE,ziyadnz/hourly-ipv4,ziyadnz|hourly,2026-08-17T18:48:05Z,2026-08-17T18:48:05Z,
142.93.243.241,ipv4,malicious-ip,medium,WHITE,ziyadnz/hourly-ipv4,ziyadnz|hourly,2026-08-17T18:48:05Z,2026-08-17T18:48:05Z,
142.93.246.29,ipv4,malicious-ip,medium,WHITE,ziyadnz/hourly-ipv4,ziyadnz|hourly,2026-08-17T18:48:05Z,2026-08-17T18:48:05Z,
142.93.249.136,ipv4,malicious-ip,medium,WHITE,ziyadnz/hourly-ipv4,ziyadnz|hourly,2026-08-17T18:48:05Z,2026-08-17T18:48:05Z,
142.93.249.52,ipv4,malicious-ip,medium,WHITE,ziyadnz/hourly-ipv4,ziyadnz|hourly,2026-08-17T18:48:05Z,2026-08-17T18:48:05Z,
142.93.253.211,ipv4,malicious-ip,medium,WHITE,ziyadnz/hourly-ipv4,ziyadnz|hourly,2026-08-17T18:48:05Z,2026-08-17T18:48:05Z,
142.93.253.54,ipv4,malicious-ip,medium,WHITE,ziyadnz/hourly-ipv4,ziyadnz|hourly,2026-08-17T18:48:05Z,2026-08-17T18:48:05Z,
142.93.26.70,ipv4,malicious-ip,medium,WHITE,ziyadnz/hourly-ipv4,ziyadnz|hourly,2026-08-17T18:48:05Z,2026-08-17T18:48:05Z,
142.93.28.153,ipv4,malicious-ip,medium,WHITE,ziyadnz/hourly-ipv4,ziyadnz|hourly,2026-08-17T18:48:05Z,2026-08-17T18:48:05Z,
142.93.30.34,ipv4,malicious-ip,medium,WHITE,ziyadnz/hourly-ipv4,ziyadnz|hourly,2026-08-17T18:48:05Z,2026-08-17T18:48:05Z,
142.93.32.174,ipv4,malicious-ip,medium,WHITE,ziyadnz/hourly-ipv4,ziyadnz|hourly,2026-08-17T18:48:05Z,2026-08-17T18:48:05Z,
142.93.33.28,ipv4,malicious-ip,medium,WHITE,ziyadnz/hourly-ipv4,ziyadnz|hourly,2026-08-17T18:48:05Z,2026-08-17T18:48:05Z,
142.93.36.99,ipv4,malicious-ip,medium,WHITE,ziyadnz/hourly-ipv4,ziyadnz|hourly,2026-08-17T18:48:05Z,2026-08-17T18:48:05Z,
142.93.48.137,ipv4,malicious-ip,medium,WHITE,ziyadnz/hourly-ipv4,ziyadnz|hourly,2026-08-17T18:48:05Z,2026-08-17T18:48:05Z,
142.93.49.159,ipv4,malicious-ip,medium,WHITE,ziyadnz/hourly-ipv4,ziyadnz|hourly,2026-08-17T18:48:05Z,2026-08-17T18:48:05Z,
142.93.50.216,ipv4,malicious-ip,medium,WHITE,ziyadnz/hourly-ipv4,ziyadnz|hourly,2026-08-17T18:48:05Z,2026-08-17T18:48:05Z,
142.93.51.237,ipv4,malicious-ip,medium,WHITE,ziyadnz/hourly-ipv4,ziyadnz|hourly,2026-08-17T18:48:05Z,2026-08-17T18:48:05Z,
142.93.53.103,ipv4,malicious-ip,medium,WHITE,ziyadnz/hourly-ipv4,ziyadnz|hourly,2026-08-17T18:48:05Z,2026-08-17T18:48:05Z,
142.93.54.179,ipv4,malicious-ip,medium,WHITE,ziyadnz/hourly-ipv4,ziyadnz|hourly,2026-08-17T18:48:05Z,2026-08-17T18:48:05Z,
142.93.57.83,ipv4,malicious-ip,medium,WHITE,ziyadnz/hourly-ipv4,ziyadnz|hourly,2026-08-17T18:48:05Z,2026-08-17T18:48:05Z,
142.93.58.67,ipv4,malicious-ip,medium,WHITE,ziyadnz/hourly-ipv4,ziyadnz|hourly,2026-08-17T18:48:05Z,2026-08-17T18:48:05Z,
142.93.59.58,ipv4,malicious-ip,medium,WHITE,ziyadnz/hourly-ipv4,ziyadnz|hourly,2026-08-17T18:48:05Z,2026-08-17T18:48:05Z,
142.93.59.79,ipv4,malicious-ip,medium,WHITE,ziyadnz/hourly-ipv4,ziyadnz|hourly,2026-08-17T18:48:05Z,2026-08-17T18:48:05Z,
142.93.6.134,ipv4,malicious-ip,medium,WHITE,ziyadnz/hourly-ipv4,ziyadnz|hourly,2026-08-17T18:48:05Z,2026-08-17T18:48:05Z,
142.93.60.142,ipv4,malicious-ip,medium,WHITE,ziyadnz/hourly-ipv4,ziyadnz|hourly,2026-08-17T18:48:05Z,2026-08-17T18:48:05Z,
142.93.61.117,ipv4,malicious-ip,medium,WHITE,ziyadnz/hourly-ipv4,ziyadnz|hourly,2026-08-17T18:48:05Z,2026-08-17T18:48:05Z,
142.93.64.197,ipv4,malicious-ip,medium,WHITE,ziyadnz/hourly-ipv4,ziyadnz|hourly,2026-08-17T18:48:05Z,2026-08-17T18:48:05Z,
142.93.69.27,ipv4,malicious-ip,medium,WHITE,ziyadnz/hourly-ipv4,ziyadnz|hourly,2026-08-17T18:48:05Z,2026-08-17T18:48:05Z,
142.93.80.248,ipv4,malicious-ip,medium,WHITE,ziyadnz/hourly-ipv4,ziyadnz|hourly,2026-08-17T18:48:05Z,2026-08-17T18:48:05Z,
142.93.92.134,ipv4,malicious-ip,medium,WHITE,ziyadnz/hourly-ipv4,ziyadnz|hourly,2026-08-17T18:48:05Z,2026-08-17T18:48:05Z,
142.93.97.48,ipv4,malicious-ip,medium,WHITE,ziyadnz/hourly-ipv4,ziyadnz|hourly,2026-08-17T18:48:05Z,2026-08-17T18:48:05Z,
142.93.98.202,ipv4,malicious-ip,medium,WHITE,ziyadnz/hourly-ipv4,ziyadnz|hourly,2026-08-17T18:48:05Z,2026-08-17T18:48:05Z,
142.93.99.68,ipv4,malicious-ip,medium,WHITE,ziyadnz/hourly-ipv4,ziyadnz|hourly,2026-08-17T18:48:05Z,2026-08-17T18:48:05Z,
143.0.0.50,ipv4,malicious-ip,medium,WHITE,ziyadnz/hourly-ipv4,ziyadnz|hourly,2026-08-17T18:48:05Z,2026-08-17T18:48:05Z,
143.0.180.169,ipv4,malicious-ip,medium,WHITE,ziyadnz/hourly-ipv4,ziyadnz|hourly,2026-08-17T18:48:05Z,2026-08-17T18:48:05Z,
143.0.189.216,ipv4,malicious-ip,medium,WHITE,ziyadnz/hourly-ipv4,ziyadnz|hourly,2026-08-17T18:48:05Z,2026-08-17T18:48:05Z,
143.0.190.163,ipv4,malicious-ip,medium,WHITE,ziyadnz/hourly-ipv4,ziyadnz|hourly,2026-08-17T18:48:05Z,2026-08-17T18:48:05Z,
143.0.197.73,ipv4,malicious-ip,medium,WHITE,ziyadnz/hourly-ipv4,ziyadnz|hourly,2026-08-17T18:48:05Z,2026-08-17T18:48:05Z,
143.0.221.141,ipv4,malicious-ip,medium,WHITE,ziyadnz/hourly-ipv4,ziyadnz|hourly,2026-08-17T18:48:05Z,2026-08-17T18:48:05Z,
143.0.228.23,ipv4,malicious-ip,medium,WHITE,ziyadnz/hourly-ipv4,ziyadnz|hourly,2026-08-17T18:48:05Z,2026-08-17T18:48:05Z,
143.0.229.238,ipv4,malicious-ip,medium,WHITE,ziyadnz/hourly-ipv4,ziyadnz|hourly,2026-08-17T18:48:05Z,2026-08-17T18:48:05Z,
143.0.34.185,ipv4,malicious-ip,medium,WHITE,ziyadnz/hourly-ipv4,ziyadnz|hourly,2026-08-17T18:48:05Z,2026-08-17T18:48:05Z,
143.0.44.4,ipv4,malicious-ip,medium,WHITE,ziyadnz/hourly-ipv4,ziyadnz|hourly,2026-08-17T18:48:05Z,2026-08-17T18:48:05Z,
143.0.52.90,ipv4,malicious-ip,medium,WHITE,ziyadnz/hourly-ipv4,ziyadnz|hourly,2026-08-17T18:48:05Z,2026-08-17T18:48:05Z,
143.0.59.10,ipv4,malicious-ip,medium,WHITE,ziyadnz/hourly-ipv4,ziyadnz|hourly,2026-08-17T18:48:05Z,2026-08-17T18:48:05Z,
143.103.74.98,ipv4,malicious-ip,medium,WHITE,ziyadnz/hourly-ipv4,ziyadnz|hourly,2026-08-17T18:48:05Z,2026-08-17T18:48:05Z,
143.105.101.187,ipv4,malicious-ip,medium,WHITE,ziyadnz/hourly-ipv4,ziyadnz|hourly,2026-08-17T18:48:05Z,2026-08-17T18:48:05Z,
143.105.101.241,ipv4,malicious-ip,medium,WHITE,ziyadnz/hourly-ipv4,ziyadnz|hourly,2026-08-17T18:48:05Z,2026-08-17T18:48:05Z,
143.105.125.7,ipv4,malicious-ip,medium,WHITE,ziyadnz/hourly-ipv4,ziyadnz|hourly,2026-08-17T18:48:05Z,2026-08-17T18:48:05Z,
143.105.136.125,ipv4,malicious-ip,medium,WHITE,ziyadnz/hourly-ipv4,ziyadnz|hourly,2026-08-17T18:48:05Z,2026-08-17T18:48:05Z,
143.105.136.223,ipv4,malicious-ip,medium,WHITE,ziyadnz/hourly-ipv4,ziyadnz|hourly,2026-08-17T18:48:05Z,2026-08-17T18:48:05Z,
143.105.137.129,ipv4,malicious-ip,medium,WHITE,ziyadnz/hourly-ipv4,ziyadnz|hourly,2026-08-17T18:48:05Z,2026-08-17T18:48:05Z,
143.105.141.139,ipv4,malicious-ip,medium,WHITE,ziyadnz/hourly-ipv4,ziyadnz|hourly,2026-08-17T18:48:05Z,2026-08-17T18:48:05Z,
143.105.147.57,ipv4,malicious-ip,medium,WHITE,ziyadnz/hourly-ipv4,ziyadnz|hourly,2026-08-17T18:48:05Z,2026-08-17T18:48:05Z,
143.105.152.134,ipv4,malicious-ip,medium,WHITE,ziyadnz/hourly-ipv4,ziyadnz|hourly,2026-08-17T18:48:05Z,2026-08-17T18:48:05Z,
143.105.152.206,ipv4,malicious-ip,medium,WHITE,ziyadnz/hourly-ipv4,ziyadnz|hourly,2026-08-17T18:48:05Z,2026-08-17T18:48:05Z,
143.105.152.214,ipv4,malicious-ip,medium,WHITE,ziyadnz/hourly-ipv4,ziyadnz|hourly,2026-08-17T18:48:05Z,2026-08-17T18:48:05Z,
143.105.152.68,ipv4,malicious-ip,medium,WHITE,ziyadnz/hourly-ipv4,ziyadnz|hourly,2026-08-17T18:48:05Z,2026-08-17T18:48:05Z,
143.105.152.7,ipv4,malicious-ip,medium,WHITE,ziyadnz/hourly-ipv4,ziyadnz|hourly,2026-08-17T18:48:05Z,2026-08-17T18:48:05Z,
143.105.155.139,ipv4,malicious-ip,medium,WHITE,ziyadnz/hourly-ipv4,ziyadnz|hourly,2026-08-17T18:48:05Z,2026-08-17T18:48:05Z,
143.105.155.49,ipv4,malicious-ip,medium,WHITE,ziyadnz/hourly-ipv4,ziyadnz|hourly,2026-08-17T18:48:05Z,2026-08-17T18:48:05Z,
143.105.155.55,ipv4,malicious-ip,medium,WHITE,ziyadnz/hourly-ipv4,ziyadnz|hourly,2026-08-17T18:48:05Z,2026-08-17T18:48:05Z,
143.105.161.150,ipv4,malicious-ip,medium,WHITE,ziyadnz/hourly-ipv4,ziyadnz|hourly,2026-08-17T18:48:05Z,2026-08-17T18:48:05Z,
143.105.17.254,ipv4,malicious-ip,medium,WHITE,ziyadnz/hourly-ipv4,ziyadnz|hourly,2026-08-17T18:48:05Z,2026-08-17T18:48:05Z,
143.105.174.209,ipv4,malicious-ip,medium,WHITE,ziyadnz/hourly-ipv4,ziyadnz|hourly,2026-08-17T18:48:05Z,2026-08-17T18:48:05Z,
143.105.211.184,ipv4,malicious-ip,medium,WHITE,ziyadnz/hourly-ipv4,ziyadnz|hourly,2026-08-17T18:48:05Z,2026-08-17T18:48:05Z,
143.105.233.169,ipv4,malicious-ip,medium,WHITE,ziyadnz/hourly-ipv4,ziyadnz|hourly,2026-08-17T18:48:05Z,2026-08-17T18:48:05Z,
143.105.233.172,ipv4,malicious-ip,medium,WHITE,ziyadnz/hourly-ipv4,ziyadnz|hourly,2026-08-17T18:48:05Z,2026-08-17T18:48:05Z,
143.105.233.64,ipv4,malicious-ip,medium,WHITE,ziyadnz/hourly-ipv4,ziyadnz|hourly,2026-08-17T18:48:05Z,2026-08-17T18:48:05Z,
143.105.37.113,ipv4,malicious-ip,medium,WHITE,ziyadnz/hourly-ipv4,ziyadnz|hourly,2026-08-17T18:48:05Z,2026-08-17T18:48:05Z,
143.105.37.123,ipv4,malicious-ip,medium,WHITE,ziyadnz/hourly-ipv4,ziyadnz|hourly,2026-08-17T18:48:05Z,2026-08-17T18:48:05Z,
143.105.37.237,ipv4,malicious-ip,medium,WHITE,ziyadnz/hourly-ipv4,ziyadnz|hourly,2026-08-17T18:48:05Z,2026-08-17T18:48:05Z,
143.105.99.158,ipv4,malicious-ip,medium,WHITE,ziyadnz/hourly-ipv4,ziyadnz|hourly,2026-08-17T18:48:05Z,2026-08-17T18:48:05Z,
143.105.99.238,ipv4,malicious-ip,medium,WHITE,ziyadnz/hourly-ipv4,ziyadnz|hourly,2026-08-17T18:48:05Z,2026-08-17T18:48:05Z,
143.110.128.10,ipv4,malicious-ip,medium,WHITE,ziyadnz/hourly-ipv4,ziyadnz|hourly,2026-08-17T18:48:05Z,2026-08-17T18:48:05Z,
143.110.137.171,ipv4,malicious-ip,medium,WHITE,ziyadnz/hourly-ipv4,ziyadnz|hourly,2026-08-17T18:48:05Z,2026-08-17T18:48:05Z,
143.110.137.196,ipv4,malicious-ip,medium,WHITE,ziyadnz/hourly-ipv4,ziyadnz|hourly,2026-08-17T18:48:05Z,2026-08-17T18:48:05Z,
143.110.139.84,ipv4,malicious-ip,medium,WHITE,ziyadnz/hourly-ipv4,ziyadnz|hourly,2026-08-17T18:48:05Z,2026-08-17T18:48:05Z,
143.110.140.69,ipv4,malicious-ip,medium,WHITE,ziyadnz/hourly-ipv4,ziyadnz|hourly,2026-08-17T18:48:05Z,2026-08-17T18:48:05Z,
143.110.147.41,ipv4,malicious-ip,medium,WHITE,ziyadnz/hourly-ipv4,ziyadnz|hourly,2026-08-17T18:48:05Z,2026-08-17T18:48:05Z,
143.110.153.215,ipv4,malicious-ip,medium,WHITE,ziyadnz/hourly-ipv4,ziyadnz|hourly,2026-08-17T18:48:05Z,2026-08-17T18:48:05Z,
143.110.154.251,ipv4,malicious-ip,medium,WHITE,ziyadnz/hourly-ipv4,ziyadnz|hourly,2026-08-17T18:48:05Z,2026-08-17T18:48:05Z,
143.110.157.213,ipv4,malicious-ip,medium,WHITE,ziyadnz/hourly-ipv4,ziyadnz|hourly,2026-08-17T18:48:05Z,2026-08-17T18:48:05Z,
143.110.157.26,ipv4,malicious-ip,medium,WHITE,ziyadnz/hourly-ipv4,ziyadnz|hourly,2026-08-17T18:48:05Z,2026-08-17T18:48:05Z,
143.110.158.228,ipv4,malicious-ip,medium,WHITE,ziyadnz/hourly-ipv4,ziyadnz|hourly,2026-08-17T18:48:05Z,2026-08-17T18:48:05Z,
143.110.158.71,ipv4,malicious-ip,medium,WHITE,ziyadnz/hourly-ipv4,ziyadnz|hourly,2026-08-17T18:48:05Z,2026-08-17T18:48:05Z,
143.110.163.235,ipv4,malicious-ip,medium,WHITE,ziyadnz/hourly-ipv4,ziyadnz|hourly,2026-08-17T18:48:05Z,2026-08-17T18:48:05Z,
143.110.172.81,ipv4,malicious-ip,medium,WHITE,ziyadnz/hourly-ipv4,ziyadnz|hourly,2026-08-17T18:48:05Z,2026-08-17T18:48:05Z,
143.110.177.177,ipv4,malicious-ip,medium,WHITE,ziyadnz/hourly-ipv4,ziyadnz|hourly,2026-08-17T18:48:05Z,2026-08-17T18:48:05Z,
143.110.178.177,ipv4,malicious-ip,medium,WHITE,ziyadnz/hourly-ipv4,ziyadnz|hourly,2026-08-17T18:48:05Z,2026-08-17T18:48:05Z,
143.110.178.27,ipv4,malicious-ip,medium,WHITE,ziyadnz/hourly-ipv4,ziyadnz|hourly,2026-08-17T18:48:05Z,2026-08-17T18:48:05Z,
143.110.181.226,ipv4,malicious-ip,medium,WHITE,ziyadnz/hourly-ipv4,ziyadnz|hourly,2026-08-17T18:48:05Z,2026-08-17T18:48:05Z,
143.110.182.33,ipv4,malicious-ip,medium,WHITE,ziyadnz/hourly-ipv4,ziyadnz|hourly,2026-08-17T18:48:05Z,2026-08-17T18:48:05Z,
143.110.183.139,ipv4,malicious-ip,medium,WHITE,ziyadnz/hourly-ipv4,ziyadnz|hourly,2026-08-17T18:48:05Z,2026-08-17T18:48:05Z,
143.110.183.86,ipv4,malicious-ip,medium,WHITE,ziyadnz/hourly-ipv4,ziyadnz|hourly,2026-08-17T18:48:05Z,2026-08-17T18:48:05Z,
143.110.184.33,ipv4,malicious-ip,medium,WHITE,ziyadnz/hourly-ipv4,ziyadnz|hourly,2026-08-17T18:48:05Z,2026-08-17T18:48:05Z,
143.110.186.36,ipv4,malicious-ip,medium,WHITE,ziyadnz/hourly-ipv4,ziyadnz|hourly,2026-08-17T18:48:05Z,2026-08-17T18:48:05Z,
143.110.186.90,ipv4,malicious-ip,medium,WHITE,ziyadnz/hourly-ipv4,ziyadnz|hourly,2026-08-17T18:48:05Z,2026-08-17T18:48:05Z,
143.110.190.196,ipv4,malicious-ip,medium,WHITE,ziyadnz/hourly-ipv4,ziyadnz|hourly,2026-08-17T18:48:05Z,2026-08-17T18:48:05Z,
143.110.191.140,ipv4,malicious-ip,medium,WHITE,ziyadnz/hourly-ipv4,ziyadnz|hourly,2026-08-17T18:48:05Z,2026-08-17T18:48:05Z,
143.110.193.219,ipv4,malicious-ip,medium,WHITE,ziyadnz/hourly-ipv4,ziyadnz|hourly,2026-08-17T18:48:05Z,2026-08-17T18:48:05Z,
143.110.200.219,ipv4,malicious-ip,medium,WHITE,ziyadnz/hourly-ipv4,ziyadnz|hourly,2026-08-17T18:48:05Z,2026-08-17T18:48:05Z,
143.110.203.230,ipv4,malicious-ip,medium,WHITE,ziyadnz/hourly-ipv4,ziyadnz|hourly,2026-08-17T18:48:05Z,2026-08-17T18:48:05Z,
143.110.206.229,ipv4,malicious-ip,medium,WHITE,ziyadnz/hourly-ipv4,ziyadnz|hourly,2026-08-17T18:48:05Z,2026-08-17T18:48:05Z,
143.110.207.86,ipv4,malicious-ip,medium,WHITE,ziyadnz/hourly-ipv4,ziyadnz|hourly,2026-08-17T18:48:05Z,2026-08-17T18:48:05Z,
143.110.210.166,ipv4,malicious-ip,medium,WHITE,ziyadnz/hourly-ipv4,ziyadnz|hourly,2026-08-17T18:48:05Z,2026-08-17T18:48:05Z,
143.110.210.40,ipv4,malicious-ip,medium,WHITE,ziyadnz/hourly-ipv4,ziyadnz|hourly,2026-08-17T18:48:05Z,2026-08-17T18:48:05Z,
143.110.213.72,ipv4,malicious-ip,medium,WHITE,ziyadnz/hourly-ipv4,ziyadnz|hourly,2026-08-17T18:48:05Z,2026-08-17T18:48:05Z,
143.110.217.14,ipv4,malicious-ip,medium,WHITE,ziyadnz/hourly-ipv4,ziyadnz|hourly,2026-08-17T18:48:05Z,2026-08-17T18:48:05Z,
143.110.219.141,ipv4,malicious-ip,medium,WHITE,ziyadnz/hourly-ipv4,ziyadnz|hourly,2026-08-17T18:48:05Z,2026-08-17T18:48:05Z,
143.110.222.63,ipv4,malicious-ip,medium,WHITE,ziyadnz/hourly-ipv4,ziyadnz|hourly,2026-08-17T18:48:05Z,2026-08-17T18:48:05Z,
143.110.229.19,ipv4,malicious-ip,medium,WHITE,ziyadnz/hourly-ipv4,ziyadnz|hourly,2026-08-17T18:48:05Z,2026-08-17T18:48:05Z,
143.110.231.102,ipv4,malicious-ip,medium,WHITE,ziyadnz/hourly-ipv4,ziyadnz|hourly,2026-08-17T18:48:05Z,2026-08-17T18:48:05Z,
143.110.233.38,ipv4,malicious-ip,medium,WHITE,ziyadnz/hourly-ipv4,ziyadnz|hourly,2026-08-17T18:48:05Z,2026-08-17T18:48:05Z,
143.110.234.121,ipv4,malicious-ip,medium,WHITE,ziyadnz/hourly-ipv4,ziyadnz|hourly,2026-08-17T18:48:05Z,2026-08-17T18:48:05Z,
143.110.239.2,ipv4,malicious-ip,medium,WHITE,ziyadnz/hourly-ipv4,ziyadnz|hourly,2026-08-17T18:48:05Z,2026-08-17T18:48:05Z,
143.110.240.79,ipv4,malicious-ip,medium,WHITE,ziyadnz/hourly-ipv4,ziyadnz|hourly,2026-08-17T18:48:05Z,2026-08-17T18:48:05Z,
143.110.252.217,ipv4,malicious-ip,medium,WHITE,ziyadnz/hourly-ipv4,ziyadnz|hourly,2026-08-17T18:48:05Z,2026-08-17T18:48:05Z,
143.110.252.254,ipv4,malicious-ip,medium,WHITE,ziyadnz/hourly-ipv4,ziyadnz|hourly,2026-08-17T18:48:05Z,2026-08-17T18:48:05Z,
143.137.118.127,ipv4,malicious-ip,medium,WHITE,ziyadnz/hourly-ipv4,ziyadnz|hourly,2026-08-17T18:48:05Z,2026-08-17T18:48:05Z,
143.137.153.138,ipv4,malicious-ip,medium,WHITE,ziyadnz/hourly-ipv4,ziyadnz|hourly,2026-08-17T18:48:05Z,2026-08-17T18:48:05Z,
143.137.153.176,ipv4,malicious-ip,medium,WHITE,ziyadnz/hourly-ipv4,ziyadnz|hourly,2026-08-17T18:48:05Z,2026-08-17T18:48:05Z,
143.137.153.236,ipv4,malicious-ip,medium,WHITE,ziyadnz/hourly-ipv4,ziyadnz|hourly,2026-08-17T18:48:05Z,2026-08-17T18:48:05Z,
143.137.67.55,ipv4,malicious-ip,medium,WHITE,ziyadnz/hourly-ipv4,ziyadnz|hourly,2026-08-17T18:48:05Z,2026-08-17T18:48:05Z,
143.137.7.140,ipv4,malicious-ip,medium,WHITE,ziyadnz/hourly-ipv4,ziyadnz|hourly,2026-08-17T18:48:05Z,2026-08-17T18:48:05Z,
143.137.70.158,ipv4,malicious-ip,medium,WHITE,ziyadnz/hourly-ipv4,ziyadnz|hourly,2026-08-17T18:48:05Z,2026-08-17T18:48:05Z,
143.137.70.93,ipv4,malicious-ip,medium,WHITE,ziyadnz/hourly-ipv4,ziyadnz|hourly,2026-08-17T18:48:05Z,2026-08-17T18:48:05Z,
143.14.11.140,ipv4,malicious-ip,medium,WHITE,ziyadnz/hourly-ipv4,ziyadnz|hourly,2026-08-17T18:48:05Z,2026-08-17T18:48:05Z,
143.14.124.172,ipv4,malicious-ip,medium,WHITE,ziyadnz/hourly-ipv4,ziyadnz|hourly,2026-08-17T18:48:05Z,2026-08-17T18:48:05Z,
143.14.9.120,ipv4,malicious-ip,medium,WHITE,ziyadnz/hourly-ipv4,ziyadnz|hourly,2026-08-17T18:48:05Z,2026-08-17T18:48:05Z,
143.179.218.91,ipv4,malicious-ip,medium,WHITE,ziyadnz/hourly-ipv4,ziyadnz|hourly,2026-08-17T18:48:05Z,2026-08-17T18:48:05Z,
143.179.82.2,ipv4,malicious-ip,medium,WHITE,ziyadnz/hourly-ipv4,ziyadnz|hourly,2026-08-17T18:48:05Z,2026-08-17T18:48:05Z,
143.198.1.143,ipv4,malicious-ip,medium,WHITE,ziyadnz/hourly-ipv4,ziyadnz|hourly,2026-08-17T18:48:05Z,2026-08-17T18:48:05Z,
143.198.1.178,ipv4,malicious-ip,medium,WHITE,ziyadnz/hourly-ipv4,ziyadnz|hourly,2026-08-17T18:48:05Z,2026-08-17T18:48:05Z,
143.198.110.248,ipv4,malicious-ip,medium,WHITE,ziyadnz/hourly-ipv4,ziyadnz|hourly,2026-08-17T18:48:05Z,2026-08-17T18:48:05Z,
143.198.112.227,ipv4,malicious-ip,medium,WHITE,ziyadnz/hourly-ipv4,ziyadnz|hourly,2026-08-17T18:48:05Z,2026-08-17T18:48:05Z,
143.198.113.196,ipv4,malicious-ip,medium,WHITE,ziyadnz/hourly-ipv4,ziyadnz|hourly,2026-08-17T18:48:05Z,2026-08-17T18:48:05Z,
143.198.115.76,ipv4,malicious-ip,medium,WHITE,ziyadnz/hourly-ipv4,ziyadnz|hourly,2026-08-17T18:48:05Z,2026-08-17T18:48:05Z,
143.198.116.47,ipv4,malicious-ip,medium,WHITE,ziyadnz/hourly-ipv4,ziyadnz|hourly,2026-08-17T18:48:05Z,2026-08-17T18:48:05Z,
143.198.117.94,ipv4,malicious-ip,medium,WHITE,ziyadnz/hourly-ipv4,ziyadnz|hourly,2026-08-17T18:48:05Z,2026-08-17T18:48:05Z,
143.198.122.236,ipv4,malicious-ip,medium,WHITE,ziyadnz/hourly-ipv4,ziyadnz|hourly,2026-08-17T18:48:05Z,2026-08-17T18:48:05Z,
143.198.123.23,ipv4,malicious-ip,medium,WHITE,ziyadnz/hourly-ipv4,ziyadnz|hourly,2026-08-17T18:48:05Z,2026-08-17T18:48:05Z,
143.198.131.210,ipv4,malicious-ip,medium,WHITE,ziyadnz/hourly-ipv4,ziyadnz|hourly,2026-08-17T18:48:05Z,2026-08-17T18:48:05Z,
143.198.132.14,ipv4,malicious-ip,medium,WHITE,ziyadnz/hourly-ipv4,ziyadnz|hourly,2026-08-17T18:48:05Z,2026-08-17T18:48:05Z,
143.198.133.14,ipv4,malicious-ip,medium,WHITE,ziyadnz/hourly-ipv4,ziyadnz|hourly,2026-08-17T18:48:05Z,2026-08-17T18:48:05Z,
143.198.135.111,ipv4,malicious-ip,medium,WHITE,ziyadnz/hourly-ipv4,ziyadnz|hourly,2026-08-17T18:48:05Z,2026-08-17T18:48:05Z,
143.198.142.158,ipv4,malicious-ip,medium,WHITE,ziyadnz/hourly-ipv4,ziyadnz|hourly,2026-08-17T18:48:05Z,2026-08-17T18:48:05Z,
143.198.144.124,ipv4,malicious-ip,medium,WHITE,ziyadnz/hourly-ipv4,ziyadnz|hourly,2026-08-17T18:48:05Z,2026-08-17T18:48:05Z,
143.198.145.202,ipv4,malicious-ip,medium,WHITE,ziyadnz/hourly-ipv4,ziyadnz|hourly,2026-08-17T18:48:05Z,2026-08-17T18:48:05Z,
143.198.146.238,ipv4,malicious-ip,medium,WHITE,ziyadnz/hourly-ipv4,ziyadnz|hourly,2026-08-17T18:48:05Z,2026-08-17T18:48:05Z,
143.198.150.150,ipv4,malicious-ip,medium,WHITE,ziyadnz/hourly-ipv4,ziyadnz|hourly,2026-08-17T18:48:05Z,2026-08-17T18:48:05Z,
143.198.151.73,ipv4,malicious-ip,medium,WHITE,ziyadnz/hourly-ipv4,ziyadnz|hourly,2026-08-17T18:48:05Z,2026-08-17T18:48:05Z,
143.198.151.95,ipv4,malicious-ip,medium,WHITE,ziyadnz/hourly-ipv4,ziyadnz|hourly,2026-08-17T18:48:05Z,2026-08-17T18:48:05Z,
143.198.154.150,ipv4,malicious-ip,medium,WHITE,ziyadnz/hourly-ipv4,ziyadnz|hourly,2026-08-17T18:48:05Z,2026-08-17T18:48:05Z,
143.198.155.206,ipv4,malicious-ip,medium,WHITE,ziyadnz/hourly-ipv4,ziyadnz|hourly,2026-08-17T18:48:05Z,2026-08-17T18:48:05Z,
143.198.157.81,ipv4,malicious-ip,medium,WHITE,ziyadnz/hourly-ipv4,ziyadnz|hourly,2026-08-17T18:48:05Z,2026-08-17T18:48:05Z,
143.198.160.178,ipv4,malicious-ip,medium,WHITE,ziyadnz/hourly-ipv4,ziyadnz|hourly,2026-08-17T18:48:05Z,2026-08-17T18:48:05Z,
143.198.163.249,ipv4,malicious-ip,medium,WHITE,ziyadnz/hourly-ipv4,ziyadnz|hourly,2026-08-17T18:48:05Z,2026-08-17T18:48:05Z,
143.198.166.184,ipv4,malicious-ip,medium,WHITE,ziyadnz/hourly-ipv4,ziyadnz|hourly,2026-08-17T18:48:05Z,2026-08-17T18:48:05Z,
143.198.169.74,ipv4,malicious-ip,medium,WHITE,ziyadnz/hourly-ipv4,ziyadnz|hourly,2026-08-17T18:48:05Z,2026-08-17T18:48:05Z,
143.198.171.77,ipv4,malicious-ip,medium,WHITE,ziyadnz/hourly-ipv4,ziyadnz|hourly,2026-08-17T18:48:05Z,2026-08-17T18:48:05Z,
143.198.176.110,ipv4,malicious-ip,medium,WHITE,ziyadnz/hourly-ipv4,ziyadnz|hourly,2026-08-17T18:48:05Z,2026-08-17T18:48:05Z,
143.198.177.122,ipv4,malicious-ip,medium,WHITE,ziyadnz/hourly-ipv4,ziyadnz|hourly,2026-08-17T18:48:05Z,2026-08-17T18:48:05Z,
143.198.185.33,ipv4,malicious-ip,medium,WHITE,ziyadnz/hourly-ipv4,ziyadnz|hourly,2026-08-17T18:48:05Z,2026-08-17T18:48:05Z,
143.198.187.86,ipv4,malicious-ip,medium,WHITE,ziyadnz/hourly-ipv4,ziyadnz|hourly,2026-08-17T18:48:05Z,2026-08-17T18:48:05Z,
143.198.196.184,ipv4,malicious-ip,medium,WHITE,ziyadnz/hourly-ipv4,ziyadnz|hourly,2026-08-17T18:48:05Z,2026-08-17T18:48:05Z,
143.198.196.195,ipv4,malicious-ip,medium,WHITE,ziyadnz/hourly-ipv4,ziyadnz|hourly,2026-08-17T18:48:05Z,2026-08-17T18:48:05Z,
143.198.197.241,ipv4,malicious-ip,medium,WHITE,ziyadnz/hourly-ipv4,ziyadnz|hourly,2026-08-17T18:48:05Z,2026-08-17T18:48:05Z,
143.198.200.253,ipv4,malicious-ip,medium,WHITE,ziyadnz/hourly-ipv4,ziyadnz|hourly,2026-08-17T18:48:05Z,2026-08-17T18:48:05Z,
143.198.203.46,ipv4,malicious-ip,medium,WHITE,ziyadnz/hourly-ipv4,ziyadnz|hourly,2026-08-17T18:48:05Z,2026-08-17T18:48:05Z,
143.198.205.98,ipv4,malicious-ip,medium,WHITE,ziyadnz/hourly-ipv4,ziyadnz|hourly,2026-08-17T18:48:05Z,2026-08-17T18:48:05Z,
143.198.207.84,ipv4,malicious-ip,medium,WHITE,ziyadnz/hourly-ipv4,ziyadnz|hourly,2026-08-17T18:48:05Z,2026-08-17T18:48:05Z,
143.198.216.250,ipv4,malicious-ip,medium,WHITE,ziyadnz/hourly-ipv4,ziyadnz|hourly,2026-08-17T18:48:05Z,2026-08-17T18:48:05Z,
143.198.216.98,ipv4,malicious-ip,medium,WHITE,ziyadnz/hourly-ipv4,ziyadnz|hourly,2026-08-17T18:48:05Z,2026-08-17T18:48:05Z,
143.198.221.127,ipv4,malicious-ip,medium,WHITE,ziyadnz/hourly-ipv4,ziyadnz|hourly,2026-08-17T18:48:05Z,2026-08-17T18:48:05Z,
143.198.221.188,ipv4,malicious-ip,medium,WHITE,ziyadnz/hourly-ipv4,ziyadnz|hourly,2026-08-17T18:48:05Z,2026-08-17T18:48:05Z,
143.198.224.133,ipv4,malicious-ip,medium,WHITE,ziyadnz/hourly-ipv4,ziyadnz|hourly,2026-08-17T18:48:05Z,2026-08-17T18:48:05Z,
143.198.225.197,ipv4,malicious-ip,medium,WHITE,ziyadnz/hourly-ipv4,ziyadnz|hourly,2026-08-17T18:48:05Z,2026-08-17T18:48:05Z,
143.198.228.14,ipv4,malicious-ip,medium,WHITE,ziyadnz/hourly-ipv4,ziyadnz|hourly,2026-08-17T18:48:05Z,2026-08-17T18:48:05Z,
143.198.23.0,ipv4,malicious-ip,medium,WHITE,ziyadnz/hourly-ipv4,ziyadnz|hourly,2026-08-17T18:48:05Z,2026-08-17T18:48:05Z,
143.198.23.100,ipv4,malicious-ip,medium,WHITE,ziyadnz/hourly-ipv4,ziyadnz|hourly,2026-08-17T18:48:05Z,2026-08-17T18:48:05Z,
143.198.235.106,ipv4,malicious-ip,medium,WHITE,ziyadnz/hourly-ipv4,ziyadnz|hourly,2026-08-17T18:48:05Z,2026-08-17T18:48:05Z,
143.198.238.87,ipv4,malicious-ip,medium,WHITE,ziyadnz/hourly-ipv4,ziyadnz|hourly,2026-08-17T18:48:05Z,2026-08-17T18:48:05Z,
143.198.31.203,ipv4,malicious-ip,medium,WHITE,ziyadnz/hourly-ipv4,ziyadnz|hourly,2026-08-17T18:48:05Z,2026-08-17T18:48:05Z,
143.198.32.184,ipv4,malicious-ip,medium,WHITE,ziyadnz/hourly-ipv4,ziyadnz|hourly,2026-08-17T18:48:05Z,2026-08-17T18:48:05Z,
143.198.38.22,ipv4,malicious-ip,medium,WHITE,ziyadnz/hourly-ipv4,ziyadnz|hourly,2026-08-17T18:48:05Z,2026-08-17T18:48:05Z,
143.198.40.190,ipv4,malicious-ip,medium,WHITE,ziyadnz/hourly-ipv4,ziyadnz|hourly,2026-08-17T18:48:05Z,2026-08-17T18:48:05Z,
143.198.41.194,ipv4,malicious-ip,medium,WHITE,ziyadnz/hourly-ipv4,ziyadnz|hourly,2026-08-17T18:48:05Z,2026-08-17T18:48:05Z,
143.198.41.73,ipv4,malicious-ip,medium,WHITE,ziyadnz/hourly-ipv4,ziyadnz|hourly,2026-08-17T18:48:05Z,2026-08-17T18:48:05Z,
143.198.45.31,ipv4,malicious-ip,medium,WHITE,ziyadnz/hourly-ipv4,ziyadnz|hourly,2026-08-17T18:48:05Z,2026-08-17T18:48:05Z,
143.198.47.174,ipv4,malicious-ip,medium,WHITE,ziyadnz/hourly-ipv4,ziyadnz|hourly,2026-08-17T18:48:05Z,2026-08-17T18:48:05Z,
143.198.48.238,ipv4,malicious-ip,medium,WHITE,ziyadnz/hourly-ipv4,ziyadnz|hourly,2026-08-17T18:48:05Z,2026-08-17T18:48:05Z,
143.198.51.44,ipv4,malicious-ip,medium,WHITE,ziyadnz/hourly-ipv4,ziyadnz|hourly,2026-08-17T18:48:05Z,2026-08-17T18:48:05Z,
143.198.52.55,ipv4,malicious-ip,medium,WHITE,ziyadnz/hourly-ipv4,ziyadnz|hourly,2026-08-17T18:48:05Z,2026-08-17T18:48:05Z,
143.198.53.172,ipv4,malicious-ip,medium,WHITE,ziyadnz/hourly-ipv4,ziyadnz|hourly,2026-08-17T18:48:05Z,2026-08-17T18:48:05Z,
143.198.53.193,ipv4,malicious-ip,medium,WHITE,ziyadnz/hourly-ipv4,ziyadnz|hourly,2026-08-17T18:48:05Z,2026-08-17T18:48:05Z,
143.198.54.49,ipv4,malicious-ip,medium,WHITE,ziyadnz/hourly-ipv4,ziyadnz|hourly,2026-08-17T18:48:05Z,2026-08-17T18:48:05Z,
143.198.55.47,ipv4,malicious-ip,medium,WHITE,ziyadnz/hourly-ipv4,ziyadnz|hourly,2026-08-17T18:48:05Z,2026-08-17T18:48:05Z,
143.198.61.162,ipv4,malicious-ip,medium,WHITE,ziyadnz/hourly-ipv4,ziyadnz|hourly,2026-08-17T18:48:05Z,2026-08-17T18:48:05Z,
143.198.64.196,ipv4,malicious-ip,medium,WHITE,ziyadnz/hourly-ipv4,ziyadnz|hourly,2026-08-17T18:48:05Z,2026-08-17T18:48:05Z,
143.198.64.22,ipv4,malicious-ip,medium,WHITE,ziyadnz/hourly-ipv4,ziyadnz|hourly,2026-08-17T18:48:05Z,2026-08-17T18:48:05Z,
143.198.68.20,ipv4,malicious-ip,medium,WHITE,ziyadnz/hourly-ipv4,ziyadnz|hourly,2026-08-17T18:48:05Z,2026-08-17T18:48:05Z,
143.198.69.131,ipv4,malicious-ip,medium,WHITE,ziyadnz/hourly-ipv4,ziyadnz|hourly,2026-08-17T18:48:05Z,2026-08-17T18:48:05Z,
143.198.7.28,ipv4,malicious-ip,medium,WHITE,ziyadnz/hourly-ipv4,ziyadnz|hourly,2026-08-17T18:48:05Z,2026-08-17T18:48:05Z,
143.198.71.205,ipv4,malicious-ip,medium,WHITE,ziyadnz/hourly-ipv4,ziyadnz|hourly,2026-08-17T18:48:05Z,2026-08-17T18:48:05Z,
143.198.73.73,ipv4,malicious-ip,medium,WHITE,ziyadnz/hourly-ipv4,ziyadnz|hourly,2026-08-17T18:48:05Z,2026-08-17T18:48:05Z,
143.198.74.197,ipv4,malicious-ip,medium,WHITE,ziyadnz/hourly-ipv4,ziyadnz|hourly,2026-08-17T18:48:05Z,2026-08-17T18:48:05Z,
143.198.74.69,ipv4,malicious-ip,medium,WHITE,ziyadnz/hourly-ipv4,ziyadnz|hourly,2026-08-17T18:48:05Z,2026-08-17T18:48:05Z,
143.198.75.153,ipv4,malicious-ip,medium,WHITE,ziyadnz/hourly-ipv4,ziyadnz|hourly,2026-08-17T18:48:05Z,2026-08-17T18:48:05Z,
143.198.77.214,ipv4,malicious-ip,medium,WHITE,ziyadnz/hourly-ipv4,ziyadnz|hourly,2026-08-17T18:48:05Z,2026-08-17T18:48:05Z,
143.198.78.221,ipv4,malicious-ip,medium,WHITE,ziyadnz/hourly-ipv4,ziyadnz|hourly,2026-08-17T18:48:05Z,2026-08-17T18:48:05Z,
143.198.79.248,ipv4,malicious-ip,medium,WHITE,ziyadnz/hourly-ipv4,ziyadnz|hourly,2026-08-17T18:48:05Z,2026-08-17T18:48:05Z,
143.198.87.135,ipv4,malicious-ip,medium,WHITE,ziyadnz/hourly-ipv4,ziyadnz|hourly,2026-08-17T18:48:05Z,2026-08-17T18:48:05Z,
143.198.92.175,ipv4,malicious-ip,medium,WHITE,ziyadnz/hourly-ipv4,ziyadnz|hourly,2026-08-17T18:48:05Z,2026-08-17T18:48:05Z,
143.198.92.52,ipv4,malicious-ip,medium,WHITE,ziyadnz/hourly-ipv4,ziyadnz|hourly,2026-08-17T18:48:05Z,2026-08-17T18:48:05Z,
143.198.92.88,ipv4,malicious-ip,medium,WHITE,ziyadnz/hourly-ipv4,ziyadnz|hourly,2026-08-17T18:48:05Z,2026-08-17T18:48:05Z,
143.198.99.217,ipv4,malicious-ip,medium,WHITE,ziyadnz/hourly-ipv4,ziyadnz|hourly,2026-08-17T18:48:05Z,2026-08-17T18:48:05Z,
143.20.166.14,ipv4,malicious-ip,medium,WHITE,ziyadnz/hourly-ipv4,ziyadnz|hourly,2026-08-17T18:48:05Z,2026-08-17T18:48:05Z,
143.20.185.102,ipv4,malicious-ip,medium,WHITE,ziyadnz/hourly-ipv4,ziyadnz|hourly,2026-08-17T18:48:05Z,2026-08-17T18:48:05Z,
143.20.185.225,ipv4,malicious-ip,medium,WHITE,ziyadnz/hourly-ipv4,ziyadnz|hourly,2026-08-17T18:48:05Z,2026-08-17T18:48:05Z,
143.20.185.77,ipv4,malicious-ip,medium,WHITE,ziyadnz/hourly-ipv4,ziyadnz|hourly,2026-08-17T18:48:05Z,2026-08-17T18:48:05Z,
143.20.185.79,ipv4,malicious-ip,medium,WHITE,ziyadnz/hourly-ipv4,ziyadnz|hourly,2026-08-17T18:48:05Z,2026-08-17T18:48:05Z,
143.20.49.38,ipv4,malicious-ip,medium,WHITE,ziyadnz/hourly-ipv4,ziyadnz|hourly,2026-08-17T18:48:05Z,2026-08-17T18:48:05Z,
143.20.97.31,ipv4,malicious-ip,medium,WHITE,ziyadnz/hourly-ipv4,ziyadnz|hourly,2026-08-17T18:48:05Z,2026-08-17T18:48:05Z,
143.202.139.49,ipv4,malicious-ip,medium,WHITE,ziyadnz/hourly-ipv4,ziyadnz|hourly,2026-08-17T18:48:05Z,2026-08-17T18:48:05Z,
143.202.139.50,ipv4,malicious-ip,medium,WHITE,ziyadnz/hourly-ipv4,ziyadnz|hourly,2026-08-17T18:48:05Z,2026-08-17T18:48:05Z,
143.202.139.51,ipv4,malicious-ip,medium,WHITE,ziyadnz/hourly-ipv4,ziyadnz|hourly,2026-08-17T18:48:05Z,2026-08-17T18:48:05Z,
143.202.139.53,ipv4,malicious-ip,medium,WHITE,ziyadnz/hourly-ipv4,ziyadnz|hourly,2026-08-17T18:48:05Z,2026-08-17T18:48:05Z,
143.202.139.54,ipv4,malicious-ip,medium,WHITE,ziyadnz/hourly-ipv4,ziyadnz|hourly,2026-08-17T18:48:05Z,2026-08-17T18:48:05Z,
143.202.162.151,ipv4,malicious-ip,medium,WHITE,ziyadnz/hourly-ipv4,ziyadnz|hourly,2026-08-17T18:48:05Z,2026-08-17T18:48:05Z,
143.202.187.73,ipv4,malicious-ip,medium,WHITE,ziyadnz/hourly-ipv4,ziyadnz|hourly,2026-08-17T18:48:05Z,2026-08-17T18:48:05Z,
143.202.191.76,ipv4,malicious-ip,medium,WHITE,ziyadnz/hourly-ipv4,ziyadnz|hourly,2026-08-17T18:48:05Z,2026-08-17T18:48:05Z,
143.202.209.23,ipv4,malicious-ip,medium,WHITE,ziyadnz/hourly-ipv4,ziyadnz|hourly,2026-08-17T18:48:05Z,2026-08-17T18:48:05Z,
143.202.210.166,ipv4,malicious-ip,medium,WHITE,ziyadnz/hourly-ipv4,ziyadnz|hourly,2026-08-17T18:48:05Z,2026-08-17T18:48:05Z,
143.202.48.90,ipv4,malicious-ip,medium,WHITE,ziyadnz/hourly-ipv4,ziyadnz|hourly,2026-08-17T18:48:05Z,2026-08-17T18:48:05Z,
143.202.5.190,ipv4,malicious-ip,medium,WHITE,ziyadnz/hourly-ipv4,ziyadnz|hourly,2026-08-17T18:48:05Z,2026-08-17T18:48:05Z,
143.202.51.221,ipv4,malicious-ip,medium,WHITE,ziyadnz/hourly-ipv4,ziyadnz|hourly,2026-08-17T18:48:05Z,2026-08-17T18:48:05Z,
143.202.52.26,ipv4,malicious-ip,medium,WHITE,ziyadnz/hourly-ipv4,ziyadnz|hourly,2026-08-17T18:48:05Z,2026-08-17T18:48:05Z,
143.202.55.69,ipv4,malicious-ip,medium,WHITE,ziyadnz/hourly-ipv4,ziyadnz|hourly,2026-08-17T18:48:05Z,2026-08-17T18:48:05Z,
143.202.8.177,ipv4,malicious-ip,medium,WHITE,ziyadnz/hourly-ipv4,ziyadnz|hourly,2026-08-17T18:48:05Z,2026-08-17T18:48:05Z,
143.202.8.178,ipv4,malicious-ip,medium,WHITE,ziyadnz/hourly-ipv4,ziyadnz|hourly,2026-08-17T18:48:05Z,2026-08-17T18:48:05Z,
143.202.8.179,ipv4,malicious-ip,medium,WHITE,ziyadnz/hourly-ipv4,ziyadnz|hourly,2026-08-17T18:48:05Z,2026-08-17T18:48:05Z,
143.202.83.86,ipv4,malicious-ip,medium,WHITE,ziyadnz/hourly-ipv4,ziyadnz|hourly,2026-08-17T18:48:05Z,2026-08-17T18:48:05Z,
143.202.96.250,ipv4,malicious-ip,medium,WHITE,ziyadnz/hourly-ipv4,ziyadnz|hourly,2026-08-17T18:48:05Z,2026-08-17T18:48:05Z,
143.202.96.251,ipv4,malicious-ip,medium,WHITE,ziyadnz/hourly-ipv4,ziyadnz|hourly,2026-08-17T18:48:05Z,2026-08-17T18:48:05Z,
143.202.97.208,ipv4,malicious-ip,medium,WHITE,ziyadnz/hourly-ipv4,ziyadnz|hourly,2026-08-17T18:48:05Z,2026-08-17T18:48:05Z,
143.202.97.212,ipv4,malicious-ip,medium,WHITE,ziyadnz/hourly-ipv4,ziyadnz|hourly,2026-08-17T18:48:05Z,2026-08-17T18:48:05Z,
143.208.194.211,ipv4,malicious-ip,medium,WHITE,ziyadnz/hourly-ipv4,ziyadnz|hourly,2026-08-17T18:48:05Z,2026-08-17T18:48:05Z,
143.208.210.157,ipv4,malicious-ip,medium,WHITE,ziyadnz/hourly-ipv4,ziyadnz|hourly,2026-08-17T18:48:05Z,2026-08-17T18:48:05Z,
143.208.237.188,ipv4,malicious-ip,medium,WHITE,ziyadnz/hourly-ipv4,ziyadnz|hourly,2026-08-17T18:48:05Z,2026-08-17T18:48:05Z,
143.208.38.141,ipv4,malicious-ip,medium,WHITE,ziyadnz/hourly-ipv4,ziyadnz|hourly,2026-08-17T18:48:05Z,2026-08-17T18:48:05Z,
143.208.44.2,ipv4,malicious-ip,medium,WHITE,ziyadnz/hourly-ipv4,ziyadnz|hourly,2026-08-17T18:48:05Z,2026-08-17T18:48:05Z,
143.208.45.136,ipv4,malicious-ip,medium,WHITE,ziyadnz/hourly-ipv4,ziyadnz|hourly,2026-08-17T18:48:05Z,2026-08-17T18:48:05Z,
143.223.228.231,ipv4,malicious-ip,medium,WHITE,ziyadnz/hourly-ipv4,ziyadnz|hourly,2026-08-17T18:48:05Z,2026-08-17T18:48:05Z,
143.244.137.54,ipv4,malicious-ip,medium,WHITE,ziyadnz/hourly-ipv4,ziyadnz|hourly,2026-08-17T18:48:05Z,2026-08-17T18:48:05Z,
143.244.144.166,ipv4,malicious-ip,medium,WHITE,ziyadnz/hourly-ipv4,ziyadnz|hourly,2026-08-17T18:48:05Z,2026-08-17T18:48:05Z,
143.244.144.49,ipv4,malicious-ip,medium,WHITE,ziyadnz/hourly-ipv4,ziyadnz|hourly,2026-08-17T18:48:05Z,2026-08-17T18:48:05Z,
143.244.149.160,ipv4,malicious-ip,medium,WHITE,ziyadnz/hourly-ipv4,ziyadnz|hourly,2026-08-17T18:48:05Z,2026-08-17T18:48:05Z,
143.244.151.83,ipv4,malicious-ip,medium,WHITE,ziyadnz/hourly-ipv4,ziyadnz|hourly,2026-08-17T18:48:05Z,2026-08-17T18:48:05Z,
143.244.153.219,ipv4,malicious-ip,medium,WHITE,ziyadnz/hourly-ipv4,ziyadnz|hourly,2026-08-17T18:48:05Z,2026-08-17T18:48:05Z,
143.244.153.64,ipv4,malicious-ip,medium,WHITE,ziyadnz/hourly-ipv4,ziyadnz|hourly,2026-08-17T18:48:05Z,2026-08-17T18:48:05Z,
143.244.155.51,ipv4,malicious-ip,medium,WHITE,ziyadnz/hourly-ipv4,ziyadnz|hourly,2026-08-17T18:48:05Z,2026-08-17T18:48:05Z,
143.244.155.92,ipv4,malicious-ip,medium,WHITE,ziyadnz/hourly-ipv4,ziyadnz|hourly,2026-08-17T18:48:05Z,2026-08-17T18:48:05Z,
143.244.159.124,ipv4,malicious-ip,medium,WHITE,ziyadnz/hourly-ipv4,ziyadnz|hourly,2026-08-17T18:48:05Z,2026-08-17T18:48:05Z,
143.244.159.156,ipv4,malicious-ip,medium,WHITE,ziyadnz/hourly-ipv4,ziyadnz|hourly,2026-08-17T18:48:05Z,2026-08-17T18:48:05Z,
143.244.160.115,ipv4,malicious-ip,medium,WHITE,ziyadnz/hourly-ipv4,ziyadnz|hourly,2026-08-17T18:48:05Z,2026-08-17T18:48:05Z,
143.244.161.13,ipv4,malicious-ip,medium,WHITE,ziyadnz/hourly-ipv4,ziyadnz|hourly,2026-08-17T18:48:05Z,2026-08-17T18:48:05Z,
143.244.162.234,ipv4,malicious-ip,medium,WHITE,ziyadnz/hourly-ipv4,ziyadnz|hourly,2026-08-17T18:48:05Z,2026-08-17T18:48:05Z,
143.244.168.161,ipv4,malicious-ip,medium,WHITE,ziyadnz/hourly-ipv4,ziyadnz|hourly,2026-08-17T18:48:05Z,2026-08-17T18:48:05Z,
143.244.169.204,ipv4,malicious-ip,medium,WHITE,ziyadnz/hourly-ipv4,ziyadnz|hourly,2026-08-17T18:48:05Z,2026-08-17T18:48:05Z,
143.244.170.135,ipv4,malicious-ip,medium,WHITE,ziyadnz/hourly-ipv4,ziyadnz|hourly,2026-08-17T18:48:05Z,2026-08-17T18:48:05Z,
143.244.170.161,ipv4,malicious-ip,medium,WHITE,ziyadnz/hourly-ipv4,ziyadnz|hourly,2026-08-17T18:48:05Z,2026-08-17T18:48:05Z,
143.244.171.75,ipv4,malicious-ip,medium,WHITE,ziyadnz/hourly-ipv4,ziyadnz|hourly,2026-08-17T18:48:05Z,2026-08-17T18:48:05Z,
143.244.172.83,ipv4,malicious-ip,medium,WHITE,ziyadnz/hourly-ipv4,ziyadnz|hourly,2026-08-17T18:48:05Z,2026-08-17T18:48:05Z,
143.244.173.233,ipv4,malicious-ip,medium,WHITE,ziyadnz/hourly-ipv4,ziyadnz|hourly,2026-08-17T18:48:05Z,2026-08-17T18:48:05Z,
143.244.173.245,ipv4,malicious-ip,medium,WHITE,ziyadnz/hourly-ipv4,ziyadnz|hourly,2026-08-17T18:48:05Z,2026-08-17T18:48:05Z,
143.244.175.138,ipv4,malicious-ip,medium,WHITE,ziyadnz/hourly-ipv4,ziyadnz|hourly,2026-08-17T18:48:05Z,2026-08-17T18:48:05Z,
143.244.176.71,ipv4,malicious-ip,medium,WHITE,ziyadnz/hourly-ipv4,ziyadnz|hourly,2026-08-17T18:48:05Z,2026-08-17T18:48:05Z,
143.244.177.58,ipv4,malicious-ip,medium,WHITE,ziyadnz/hourly-ipv4,ziyadnz|hourly,2026-08-17T18:48:05Z,2026-08-17T18:48:05Z,
143.244.178.69,ipv4,malicious-ip,medium,WHITE,ziyadnz/hourly-ipv4,ziyadnz|hourly,2026-08-17T18:48:05Z,2026-08-17T18:48:05Z,
143.244.178.70,ipv4,malicious-ip,medium,WHITE,ziyadnz/hourly-ipv4,ziyadnz|hourly,2026-08-17T18:48:05Z,2026-08-17T18:48:05Z,
143.244.179.223,ipv4,malicious-ip,medium,WHITE,ziyadnz/hourly-ipv4,ziyadnz|hourly,2026-08-17T18:48:05Z,2026-08-17T18:48:05Z,
143.244.180.45,ipv4,malicious-ip,medium,WHITE,ziyadnz/hourly-ipv4,ziyadnz|hourly,2026-08-17T18:48:05Z,2026-08-17T18:48:05Z,
143.244.183.122,ipv4,malicious-ip,medium,WHITE,ziyadnz/hourly-ipv4,ziyadnz|hourly,2026-08-17T18:48:05Z,2026-08-17T18:48:05Z,
143.244.184.108,ipv4,malicious-ip,medium,WHITE,ziyadnz/hourly-ipv4,ziyadnz|hourly,2026-08-17T18:48:05Z,2026-08-17T18:48:05Z,
143.244.189.206,ipv4,malicious-ip,medium,WHITE,ziyadnz/hourly-ipv4,ziyadnz|hourly,2026-08-17T18:48:05Z,2026-08-17T18:48:05Z,
143.244.190.147,ipv4,malicious-ip,medium,WHITE,ziyadnz/hourly-ipv4,ziyadnz|hourly,2026-08-17T18:48:05Z,2026-08-17T18:48:05Z,
143.244.191.173,ipv4,malicious-ip,medium,WHITE,ziyadnz/hourly-ipv4,ziyadnz|hourly,2026-08-17T18:48:05Z,2026-08-17T18:48:05Z,
143.244.191.188,ipv4,malicious-ip,medium,WHITE,ziyadnz/hourly-ipv4,ziyadnz|hourly,2026-08-17T18:48:05Z,2026-08-17T18:48:05Z,
143.244.44.138,ipv4,malicious-ip,medium,WHITE,ziyadnz/hourly-ipv4,ziyadnz|hourly,2026-08-17T18:48:05Z,2026-08-17T18:48:05Z,
143.244.45.247,ipv4,malicious-ip,medium,WHITE,ziyadnz/hourly-ipv4,ziyadnz|hourly,2026-08-17T18:48:05Z,2026-08-17T18:48:05Z,
143.244.47.94,ipv4,malicious-ip,medium,WHITE,ziyadnz/hourly-ipv4,ziyadnz|hourly,2026-08-17T18:48:05Z,2026-08-17T18:48:05Z,
143.244.52.47,ipv4,malicious-ip,medium,WHITE,ziyadnz/hourly-ipv4,ziyadnz|hourly,2026-08-17T18:48:05Z,2026-08-17T18:48:05Z,
143.244.52.49,ipv4,malicious-ip,medium,WHITE,ziyadnz/hourly-ipv4,ziyadnz|hourly,2026-08-17T18:48:05Z,2026-08-17T18:48:05Z,
143.244.57.0,ipv4,malicious-ip,medium,WHITE,ziyadnz/hourly-ipv4,ziyadnz|hourly,2026-08-17T18:48:05Z,2026-08-17T18:48:05Z,
143.244.57.118,ipv4,malicious-ip,medium,WHITE,ziyadnz/hourly-ipv4,ziyadnz|hourly,2026-08-17T18:48:05Z,2026-08-17T18:48:05Z,
143.244.57.123,ipv4,malicious-ip,medium,WHITE,ziyadnz/hourly-ipv4,ziyadnz|hourly,2026-08-17T18:48:05Z,2026-08-17T18:48:05Z,
143.244.57.82,ipv4,malicious-ip,medium,WHITE,ziyadnz/hourly-ipv4,ziyadnz|hourly,2026-08-17T18:48:05Z,2026-08-17T18:48:05Z,
143.244.57.92,ipv4,malicious-ip,medium,WHITE,ziyadnz/hourly-ipv4,ziyadnz|hourly,2026-08-17T18:48:05Z,2026-08-17T18:48:05Z,
143.246.195.15,ipv4,malicious-ip,medium,WHITE,ziyadnz/hourly-ipv4,ziyadnz|hourly,2026-08-17T18:48:05Z,2026-08-17T18:48:05Z,
143.246.208.119,ipv4,malicious-ip,medium,WHITE,ziyadnz/hourly-ipv4,ziyadnz|hourly,2026-08-17T18:48:05Z,2026-08-17T18:48:05Z,
143.255.104.33,ipv4,malicious-ip,medium,WHITE,ziyadnz/hourly-ipv4,ziyadnz|hourly,2026-08-17T18:48:05Z,2026-08-17T18:48:05Z,
143.255.104.51,ipv4,malicious-ip,medium,WHITE,ziyadnz/hourly-ipv4,ziyadnz|hourly,2026-08-17T18:48:05Z,2026-08-17T18:48:05Z,
143.255.104.66,ipv4,malicious-ip,medium,WHITE,ziyadnz/hourly-ipv4,ziyadnz|hourly,2026-08-17T18:48:05Z,2026-08-17T18:48:05Z,
143.255.105.14,ipv4,malicious-ip,medium,WHITE,ziyadnz/hourly-ipv4,ziyadnz|hourly,2026-08-17T18:48:05Z,2026-08-17T18:48:05Z,
143.255.105.70,ipv4,malicious-ip,medium,WHITE,ziyadnz/hourly-ipv4,ziyadnz|hourly,2026-08-17T18:48:05Z,2026-08-17T18:48:05Z,
143.255.14.143,ipv4,malicious-ip,medium,WHITE,ziyadnz/hourly-ipv4,ziyadnz|hourly,2026-08-17T18:48:05Z,2026-08-17T18:48:05Z,
143.255.14.32,ipv4,malicious-ip,medium,WHITE,ziyadnz/hourly-ipv4,ziyadnz|hourly,2026-08-17T18:48:05Z,2026-08-17T18:48:05Z,
143.255.140.220,ipv4,malicious-ip,medium,WHITE,ziyadnz/hourly-ipv4,ziyadnz|hourly,2026-08-17T18:48:05Z,2026-08-17T18:48:05Z,
143.255.141.221,ipv4,malicious-ip,medium,WHITE,ziyadnz/hourly-ipv4,ziyadnz|hourly,2026-08-17T18:48:05Z,2026-08-17T18:48:05Z,
143.255.16.94,ipv4,malicious-ip,medium,WHITE,ziyadnz/hourly-ipv4,ziyadnz|hourly,2026-08-17T18:48:05Z,2026-08-17T18:48:05Z,
143.255.167.58,ipv4,malicious-ip,medium,WHITE,ziyadnz/hourly-ipv4,ziyadnz|hourly,2026-08-17T18:48:05Z,2026-08-17T18:48:05Z,
143.255.186.3,ipv4,malicious-ip,medium,WHITE,ziyadnz/hourly-ipv4,ziyadnz|hourly,2026-08-17T18:48:05Z,2026-08-17T18:48:05Z,
143.255.187.10,ipv4,malicious-ip,medium,WHITE,ziyadnz/hourly-ipv4,ziyadnz|hourly,2026-08-17T18:48:05Z,2026-08-17T18:48:05Z,
143.255.197.78,ipv4,malicious-ip,medium,WHITE,ziyadnz/hourly-ipv4,ziyadnz|hourly,2026-08-17T18:48:05Z,2026-08-17T18:48:05Z,
143.255.91.13,ipv4,malicious-ip,medium,WHITE,ziyadnz/hourly-ipv4,ziyadnz|hourly,2026-08-17T18:48:05Z,2026-08-17T18:48:05Z,
143.42.0.20,ipv4,malicious-ip,medium,WHITE,ziyadnz/hourly-ipv4,ziyadnz|hourly,2026-08-17T18:48:05Z,2026-08-17T18:48:05Z,
143.42.1.0,ipv4,malicious-ip,medium,WHITE,ziyadnz/hourly-ipv4,ziyadnz|hourly,2026-08-17T18:48:05Z,2026-08-17T18:48:05Z,
143.42.1.123,ipv4,malicious-ip,medium,WHITE,ziyadnz/hourly-ipv4,ziyadnz|hourly,2026-08-17T18:48:05Z,2026-08-17T18:48:05Z,
143.42.1.128,ipv4,malicious-ip,medium,WHITE,ziyadnz/hourly-ipv4,ziyadnz|hourly,2026-08-17T18:48:05Z,2026-08-17T18:48:05Z,
143.42.1.189,ipv4,malicious-ip,medium,WHITE,ziyadnz/hourly-ipv4,ziyadnz|hourly,2026-08-17T18:48:05Z,2026-08-17T18:48:05Z,
143.42.1.191,ipv4,malicious-ip,medium,WHITE,ziyadnz/hourly-ipv4,ziyadnz|hourly,2026-08-17T18:48:05Z,2026-08-17T18:48:05Z,
143.42.1.213,ipv4,malicious-ip,medium,WHITE,ziyadnz/hourly-ipv4,ziyadnz|hourly,2026-08-17T18:48:05Z,2026-08-17T18:48:05Z,
143.42.1.34,ipv4,malicious-ip,medium,WHITE,ziyadnz/hourly-ipv4,ziyadnz|hourly,2026-08-17T18:48:05Z,2026-08-17T18:48:05Z,
143.42.1.52,ipv4,malicious-ip,medium,WHITE,ziyadnz/hourly-ipv4,ziyadnz|hourly,2026-08-17T18:48:05Z,2026-08-17T18:48:05Z,
143.42.1.53,ipv4,malicious-ip,medium,WHITE,ziyadnz/hourly-ipv4,ziyadnz|hourly,2026-08-17T18:48:05Z,2026-08-17T18:48:05Z,
143.42.1.71,ipv4,malicious-ip,medium,WHITE,ziyadnz/hourly-ipv4,ziyadnz|hourly,2026-08-17T18:48:05Z,2026-08-17T18:48:05Z,
143.42.1.84,ipv4,malicious-ip,medium,WHITE,ziyadnz/hourly-ipv4,ziyadnz|hourly,2026-08-17T18:48:05Z,2026-08-17T18:48:05Z,
143.42.164.127,ipv4,malicious-ip,medium,WHITE,ziyadnz/hourly-ipv4,ziyadnz|hourly,2026-08-17T18:48:05Z,2026-08-17T18:48:05Z,
143.42.164.204,ipv4,malicious-ip,medium,WHITE,ziyadnz/hourly-ipv4,ziyadnz|hourly,2026-08-17T18:48:05Z,2026-08-17T18:48:05Z,
143.42.164.34,ipv4,malicious-ip,medium,WHITE,ziyadnz/hourly-ipv4,ziyadnz|hourly,2026-08-17T18:48:05Z,2026-08-17T18:48:05Z,
143.42.164.97,ipv4,malicious-ip,medium,WHITE,ziyadnz/hourly-ipv4,ziyadnz|hourly,2026-08-17T18:48:05Z,2026-08-17T18:48:05Z,
143.42.173.101,ipv4,malicious-ip,medium,WHITE,ziyadnz/hourly-ipv4,ziyadnz|hourly,2026-08-17T18:48:05Z,2026-08-17T18:48:05Z,
143.42.173.60,ipv4,malicious-ip,medium,WHITE,ziyadnz/hourly-ipv4,ziyadnz|hourly,2026-08-17T18:48:05Z,2026-08-17T18:48:05Z,
143.42.188.111,ipv4,malicious-ip,medium,WHITE,ziyadnz/hourly-ipv4,ziyadnz|hourly,2026-08-17T18:48:05Z,2026-08-17T18:48:05Z,
143.42.227.223,ipv4,malicious-ip,medium,WHITE,ziyadnz/hourly-ipv4,ziyadnz|hourly,2026-08-17T18:48:05Z,2026-08-17T18:48:05Z,
143.44.165.62,ipv4,malicious-ip,medium,WHITE,ziyadnz/hourly-ipv4,ziyadnz|hourly,2026-08-17T18:48:05Z,2026-08-17T18:48:05Z,
143.44.168.20,ipv4,malicious-ip,medium,WHITE,ziyadnz/hourly-ipv4,ziyadnz|hourly,2026-08-17T18:48:05Z,2026-08-17T18:48:05Z,
143.44.184.159,ipv4,malicious-ip,medium,WHITE,ziyadnz/hourly-ipv4,ziyadnz|hourly,2026-08-17T18:48:05Z,2026-08-17T18:48:05Z,
143.44.193.214,ipv4,malicious-ip,medium,WHITE,ziyadnz/hourly-ipv4,ziyadnz|hourly,2026-08-17T18:48:05Z,2026-08-17T18:48:05Z,
143.47.189.81,ipv4,malicious-ip,medium,WHITE,ziyadnz/hourly-ipv4,ziyadnz|hourly,2026-08-17T18:48:05Z,2026-08-17T18:48:05Z,
143.55.45.206,ipv4,malicious-ip,medium,WHITE,ziyadnz/hourly-ipv4,ziyadnz|hourly,2026-08-17T18:48:05Z,2026-08-17T18:48:05Z,
143.59.233.44,ipv4,malicious-ip,medium,WHITE,ziyadnz/hourly-ipv4,ziyadnz|hourly,2026-08-17T18:48:05Z,2026-08-17T18:48:05Z,
143.64.168.136,ipv4,malicious-ip,medium,WHITE,ziyadnz/hourly-ipv4,ziyadnz|hourly,2026-08-17T18:48:05Z,2026-08-17T18:48:05Z,
143.9.11.135,ipv4,malicious-ip,medium,WHITE,ziyadnz/hourly-ipv4,ziyadnz|hourly,2026-08-17T18:48:05Z,2026-08-17T18:48:05Z,
143.92.176.221,ipv4,malicious-ip,medium,WHITE,ziyadnz/hourly-ipv4,ziyadnz|hourly,2026-08-17T18:48:05Z,2026-08-17T18:48:05Z,
143.92.43.153,ipv4,malicious-ip,medium,WHITE,ziyadnz/hourly-ipv4,ziyadnz|hourly,2026-08-17T18:48:05Z,2026-08-17T18:48:05Z,
143.92.43.231,ipv4,malicious-ip,medium,WHITE,ziyadnz/hourly-ipv4,ziyadnz|hourly,2026-08-17T18:48:05Z,2026-08-17T18:48:05Z,
143.92.43.241,ipv4,malicious-ip,medium,WHITE,ziyadnz/hourly-ipv4,ziyadnz|hourly,2026-08-17T18:48:05Z,2026-08-17T18:48:05Z,
143.92.57.75,ipv4,malicious-ip,medium,WHITE,ziyadnz/hourly-ipv4,ziyadnz|hourly,2026-08-17T18:48:05Z,2026-08-17T18:48:05Z,
143.95.144.95,ipv4,malicious-ip,medium,WHITE,ziyadnz/hourly-ipv4,ziyadnz|hourly,2026-08-17T18:48:05Z,2026-08-17T18:48:05Z,
143.95.158.36,ipv4,malicious-ip,medium,WHITE,ziyadnz/hourly-ipv4,ziyadnz|hourly,2026-08-17T18:48:05Z,2026-08-17T18:48:05Z,
144.0.23.25,ipv4,malicious-ip,medium,WHITE,ziyadnz/hourly-ipv4,ziyadnz|hourly,2026-08-17T18:48:05Z,2026-08-17T18:48:05Z,
144.123.12.30,ipv4,malicious-ip,medium,WHITE,ziyadnz/hourly-ipv4,ziyadnz|hourly,2026-08-17T18:48:05Z,2026-08-17T18:48:05Z,
144.123.15.82,ipv4,malicious-ip,medium,WHITE,ziyadnz/hourly-ipv4,ziyadnz|hourly,2026-08-17T18:48:05Z,2026-08-17T18:48:05Z,
144.123.155.218,ipv4,malicious-ip,medium,WHITE,ziyadnz/hourly-ipv4,ziyadnz|hourly,2026-08-17T18:48:05Z,2026-08-17T18:48:05Z,
144.123.170.246,ipv4,malicious-ip,medium,WHITE,ziyadnz/hourly-ipv4,ziyadnz|hourly,2026-08-17T18:48:05Z,2026-08-17T18:48:05Z,
144.123.47.54,ipv4,malicious-ip,medium,WHITE,ziyadnz/hourly-ipv4,ziyadnz|hourly,2026-08-17T18:48:05Z,2026-08-17T18:48:05Z,
144.123.76.131,ipv4,malicious-ip,medium,WHITE,ziyadnz/hourly-ipv4,ziyadnz|hourly,2026-08-17T18:48:05Z,2026-08-17T18:48:05Z,
144.123.76.146,ipv4,malicious-ip,medium,WHITE,ziyadnz/hourly-ipv4,ziyadnz|hourly,2026-08-17T18:48:05Z,2026-08-17T18:48:05Z,
144.123.76.173,ipv4,malicious-ip,medium,WHITE,ziyadnz/hourly-ipv4,ziyadnz|hourly,2026-08-17T18:48:05Z,2026-08-17T18:48:05Z,
144.123.76.186,ipv4,malicious-ip,medium,WHITE,ziyadnz/hourly-ipv4,ziyadnz|hourly,2026-08-17T18:48:05Z,2026-08-17T18:48:05Z,
144.123.76.211,ipv4,malicious-ip,medium,WHITE,ziyadnz/hourly-ipv4,ziyadnz|hourly,2026-08-17T18:48:05Z,2026-08-17T18:48:05Z,
144.123.76.235,ipv4,malicious-ip,medium,WHITE,ziyadnz/hourly-ipv4,ziyadnz|hourly,2026-08-17T18:48:05Z,2026-08-17T18:48:05Z,
144.123.76.241,ipv4,malicious-ip,medium,WHITE,ziyadnz/hourly-ipv4,ziyadnz|hourly,2026-08-17T18:48:05Z,2026-08-17T18:48:05Z,
144.123.76.246,ipv4,malicious-ip,medium,WHITE,ziyadnz/hourly-ipv4,ziyadnz|hourly,2026-08-17T18:48:05Z,2026-08-17T18:48:05Z,
144.123.76.65,ipv4,malicious-ip,medium,WHITE,ziyadnz/hourly-ipv4,ziyadnz|hourly,2026-08-17T18:48:05Z,2026-08-17T18:48:05Z,
144.123.76.97,ipv4,malicious-ip,medium,WHITE,ziyadnz/hourly-ipv4,ziyadnz|hourly,2026-08-17T18:48:05Z,2026-08-17T18:48:05Z,
144.123.76.98,ipv4,malicious-ip,medium,WHITE,ziyadnz/hourly-ipv4,ziyadnz|hourly,2026-08-17T18:48:05Z,2026-08-17T18:48:05Z,
144.123.77.10,ipv4,malicious-ip,medium,WHITE,ziyadnz/hourly-ipv4,ziyadnz|hourly,2026-08-17T18:48:05Z,2026-08-17T18:48:05Z,
144.123.77.107,ipv4,malicious-ip,medium,WHITE,ziyadnz/hourly-ipv4,ziyadnz|hourly,2026-08-17T18:48:05Z,2026-08-17T18:48:05Z,
144.123.77.108,ipv4,malicious-ip,medium,WHITE,ziyadnz/hourly-ipv4,ziyadnz|hourly,2026-08-17T18:48:05Z,2026-08-17T18:48:05Z,
144.123.77.117,ipv4,malicious-ip,medium,WHITE,ziyadnz/hourly-ipv4,ziyadnz|hourly,2026-08-17T18:48:05Z,2026-08-17T18:48:05Z,
144.123.77.146,ipv4,malicious-ip,medium,WHITE,ziyadnz/hourly-ipv4,ziyadnz|hourly,2026-08-17T18:48:05Z,2026-08-17T18:48:05Z,
144.123.77.148,ipv4,malicious-ip,medium,WHITE,ziyadnz/hourly-ipv4,ziyadnz|hourly,2026-08-17T18:48:05Z,2026-08-17T18:48:05Z,
144.123.77.159,ipv4,malicious-ip,medium,WHITE,ziyadnz/hourly-ipv4,ziyadnz|hourly,2026-08-17T18:48:05Z,2026-08-17T18:48:05Z,
144.123.77.17,ipv4,malicious-ip,medium,WHITE,ziyadnz/hourly-ipv4,ziyadnz|hourly,2026-08-17T18:48:05Z,2026-08-17T18:48:05Z,
144.123.77.177,ipv4,malicious-ip,medium,WHITE,ziyadnz/hourly-ipv4,ziyadnz|hourly,2026-08-17T18:48:05Z,2026-08-17T18:48:05Z,
144.123.77.185,ipv4,malicious-ip,medium,WHITE,ziyadnz/hourly-ipv4,ziyadnz|hourly,2026-08-17T18:48:05Z,2026-08-17T18:48:05Z,
144.123.77.190,ipv4,malicious-ip,medium,WHITE,ziyadnz/hourly-ipv4,ziyadnz|hourly,2026-08-17T18:48:05Z,2026-08-17T18:48:05Z,
144.123.77.195,ipv4,malicious-ip,medium,WHITE,ziyadnz/hourly-ipv4,ziyadnz|hourly,2026-08-17T18:48:05Z,2026-08-17T18:48:05Z,
144.123.77.196,ipv4,malicious-ip,medium,WHITE,ziyadnz/hourly-ipv4,ziyadnz|hourly,2026-08-17T18:48:05Z,2026-08-17T18:48:05Z,
144.123.77.203,ipv4,malicious-ip,medium,WHITE,ziyadnz/hourly-ipv4,ziyadnz|hourly,2026-08-17T18:48:05Z,2026-08-17T18:48:05Z,
144.123.77.204,ipv4,malicious-ip,medium,WHITE,ziyadnz/hourly-ipv4,ziyadnz|hourly,2026-08-17T18:48:05Z,2026-08-17T18:48:05Z,
144.123.77.21,ipv4,malicious-ip,medium,WHITE,ziyadnz/hourly-ipv4,ziyadnz|hourly,2026-08-17T18:48:05Z,2026-08-17T18:48:05Z,
144.123.77.22,ipv4,malicious-ip,medium,WHITE,ziyadnz/hourly-ipv4,ziyadnz|hourly,2026-08-17T18:48:05Z,2026-08-17T18:48:05Z,
144.123.77.27,ipv4,malicious-ip,medium,WHITE,ziyadnz/hourly-ipv4,ziyadnz|hourly,2026-08-17T18:48:05Z,2026-08-17T18:48:05Z,
144.123.77.30,ipv4,malicious-ip,medium,WHITE,ziyadnz/hourly-ipv4,ziyadnz|hourly,2026-08-17T18:48:05Z,2026-08-17T18:48:05Z,
144.123.77.31,ipv4,malicious-ip,medium,WHITE,ziyadnz/hourly-ipv4,ziyadnz|hourly,2026-08-17T18:48:05Z,2026-08-17T18:48:05Z,
144.123.77.43,ipv4,malicious-ip,medium,WHITE,ziyadnz/hourly-ipv4,ziyadnz|hourly,2026-08-17T18:48:05Z,2026-08-17T18:48:05Z,
144.123.77.44,ipv4,malicious-ip,medium,WHITE,ziyadnz/hourly-ipv4,ziyadnz|hourly,2026-08-17T18:48:05Z,2026-08-17T18:48:05Z,
144.123.77.54,ipv4,malicious-ip,medium,WHITE,ziyadnz/hourly-ipv4,ziyadnz|hourly,2026-08-17T18:48:05Z,2026-08-17T18:48:05Z,
144.123.77.58,ipv4,malicious-ip,medium,WHITE,ziyadnz/hourly-ipv4,ziyadnz|hourly,2026-08-17T18:48:05Z,2026-08-17T18:48:05Z,
144.123.77.62,ipv4,malicious-ip,medium,WHITE,ziyadnz/hourly-ipv4,ziyadnz|hourly,2026-08-17T18:48:05Z,2026-08-17T18:48:05Z,
144.123.77.71,ipv4,malicious-ip,medium,WHITE,ziyadnz/hourly-ipv4,ziyadnz|hourly,2026-08-17T18:48:05Z,2026-08-17T18:48:05Z,
144.123.77.74,ipv4,malicious-ip,medium,WHITE,ziyadnz/hourly-ipv4,ziyadnz|hourly,2026-08-17T18:48:05Z,2026-08-17T18:48:05Z,
144.123.77.78,ipv4,malicious-ip,medium,WHITE,ziyadnz/hourly-ipv4,ziyadnz|hourly,2026-08-17T18:48:05Z,2026-08-17T18:48:05Z,
144.123.77.79,ipv4,malicious-ip,medium,WHITE,ziyadnz/hourly-ipv4,ziyadnz|hourly,2026-08-17T18:48:05Z,2026-08-17T18:48:05Z,
144.123.77.95,ipv4,malicious-ip,medium,WHITE,ziyadnz/hourly-ipv4,ziyadnz|hourly,2026-08-17T18:48:05Z,2026-08-17T18:48:05Z,
144.123.78.15,ipv4,malicious-ip,medium,WHITE,ziyadnz/hourly-ipv4,ziyadnz|hourly,2026-08-17T18:48:05Z,2026-08-17T18:48:05Z,
144.123.78.43,ipv4,malicious-ip,medium,WHITE,ziyadnz/hourly-ipv4,ziyadnz|hourly,2026-08-17T18:48:05Z,2026-08-17T18:48:05Z,
144.123.78.5,ipv4,malicious-ip,medium,WHITE,ziyadnz/hourly-ipv4,ziyadnz|hourly,2026-08-17T18:48:05Z,2026-08-17T18:48:05Z,
144.124.192.107,ipv4,malicious-ip,medium,WHITE,ziyadnz/hourly-ipv4,ziyadnz|hourly,2026-08-17T18:48:05Z,2026-08-17T18:48:05Z,
144.124.192.207,ipv4,malicious-ip,medium,WHITE,ziyadnz/hourly-ipv4,ziyadnz|hourly,2026-08-17T18:48:05Z,2026-08-17T18:48:05Z,
144.124.192.247,ipv4,malicious-ip,medium,WHITE,ziyadnz/hourly-ipv4,ziyadnz|hourly,2026-08-17T18:48:05Z,2026-08-17T18:48:05Z,
144.124.192.27,ipv4,malicious-ip,medium,WHITE,ziyadnz/hourly-ipv4,ziyadnz|hourly,2026-08-17T18:48:05Z,2026-08-17T18:48:05Z,
144.124.192.50,ipv4,malicious-ip,medium,WHITE,ziyadnz/hourly-ipv4,ziyadnz|hourly,2026-08-17T18:48:05Z,2026-08-17T18:48:05Z,
144.124.192.53,ipv4,malicious-ip,medium,WHITE,ziyadnz/hourly-ipv4,ziyadnz|hourly,2026-08-17T18:48:05Z,2026-08-17T18:48:05Z,
144.124.192.78,ipv4,malicious-ip,medium,WHITE,ziyadnz/hourly-ipv4,ziyadnz|hourly,2026-08-17T18:48:05Z,2026-08-17T18:48:05Z,
144.124.196.115,ipv4,malicious-ip,medium,WHITE,ziyadnz/hourly-ipv4,ziyadnz|hourly,2026-08-17T18:48:05Z,2026-08-17T18:48:05Z,
144.124.196.126,ipv4,malicious-ip,medium,WHITE,ziyadnz/hourly-ipv4,ziyadnz|hourly,2026-08-17T18:48:05Z,2026-08-17T18:48:05Z,
144.124.196.26,ipv4,malicious-ip,medium,WHITE,ziyadnz/hourly-ipv4,ziyadnz|hourly,2026-08-17T18:48:05Z,2026-08-17T18:48:05Z,
144.124.196.65,ipv4,malicious-ip,medium,WHITE,ziyadnz/hourly-ipv4,ziyadnz|hourly,2026-08-17T18:48:05Z,2026-08-17T18:48:05Z,
144.124.196.66,ipv4,malicious-ip,medium,WHITE,ziyadnz/hourly-ipv4,ziyadnz|hourly,2026-08-17T18:48:05Z,2026-08-17T18:48:05Z,
144.124.196.94,ipv4,malicious-ip,medium,WHITE,ziyadnz/hourly-ipv4,ziyadnz|hourly,2026-08-17T18:48:05Z,2026-08-17T18:48:05Z,
144.124.199.138,ipv4,malicious-ip,medium,WHITE,ziyadnz/hourly-ipv4,ziyadnz|hourly,2026-08-17T18:48:05Z,2026-08-17T18:48:05Z,
144.124.199.140,ipv4,malicious-ip,medium,WHITE,ziyadnz/hourly-ipv4,ziyadnz|hourly,2026-08-17T18:48:05Z,2026-08-17T18:48:05Z,
144.124.199.161,ipv4,malicious-ip,medium,WHITE,ziyadnz/hourly-ipv4,ziyadnz|hourly,2026-08-17T18:48:05Z,2026-08-17T18:48:05Z,
144.124.199.170,ipv4,malicious-ip,medium,WHITE,ziyadnz/hourly-ipv4,ziyadnz|hourly,2026-08-17T18:48:05Z,2026-08-17T18:48:05Z,
144.124.199.205,ipv4,malicious-ip,medium,WHITE,ziyadnz/hourly-ipv4,ziyadnz|hourly,2026-08-17T18:48:05Z,2026-08-17T18:48:05Z,
144.124.199.215,ipv4,malicious-ip,medium,WHITE,ziyadnz/hourly-ipv4,ziyadnz|hourly,2026-08-17T18:48:05Z,2026-08-17T18:48:05Z,
144.124.199.227,ipv4,malicious-ip,medium,WHITE,ziyadnz/hourly-ipv4,ziyadnz|hourly,2026-08-17T18:48:05Z,2026-08-17T18:48:05Z,
144.124.199.248,ipv4,malicious-ip,medium,WHITE,ziyadnz/hourly-ipv4,ziyadnz|hourly,2026-08-17T18:48:05Z,2026-08-17T18:48:05Z,
144.124.246.155,ipv4,malicious-ip,medium,WHITE,ziyadnz/hourly-ipv4,ziyadnz|hourly,2026-08-17T18:48:05Z,2026-08-17T18:48:05Z,
144.124.255.116,ipv4,malicious-ip,medium,WHITE,ziyadnz/hourly-ipv4,ziyadnz|hourly,2026-08-17T18:48:05Z,2026-08-17T18:48:05Z,
144.125.56.224,ipv4,malicious-ip,medium,WHITE,ziyadnz/hourly-ipv4,ziyadnz|hourly,2026-08-17T18:48:05Z,2026-08-17T18:48:05Z,
144.126.145.9,ipv4,malicious-ip,medium,WHITE,ziyadnz/hourly-ipv4,ziyadnz|hourly,2026-08-17T18:48:05Z,2026-08-17T18:48:05Z,
144.126.147.12,ipv4,malicious-ip,medium,WHITE,ziyadnz/hourly-ipv4,ziyadnz|hourly,2026-08-17T18:48:05Z,2026-08-17T18:48:05Z,
144.126.147.123,ipv4,malicious-ip,medium,WHITE,ziyadnz/hourly-ipv4,ziyadnz|hourly,2026-08-17T18:48:05Z,2026-08-17T18:48:05Z,
144.126.148.186,ipv4,malicious-ip,medium,WHITE,ziyadnz/hourly-ipv4,ziyadnz|hourly,2026-08-17T18:48:05Z,2026-08-17T18:48:05Z,
144.126.158.57,ipv4,malicious-ip,medium,WHITE,ziyadnz/hourly-ipv4,ziyadnz|hourly,2026-08-17T18:48:05Z,2026-08-17T18:48:05Z,
144.126.202.65,ipv4,malicious-ip,medium,WHITE,ziyadnz/hourly-ipv4,ziyadnz|hourly,2026-08-17T18:48:05Z,2026-08-17T18:48:05Z,
144.126.203.24,ipv4,malicious-ip,medium,WHITE,ziyadnz/hourly-ipv4,ziyadnz|hourly,2026-08-17T18:48:05Z,2026-08-17T18:48:05Z,
144.126.205.134,ipv4,malicious-ip,medium,WHITE,ziyadnz/hourly-ipv4,ziyadnz|hourly,2026-08-17T18:48:05Z,2026-08-17T18:48:05Z,
144.126.206.158,ipv4,malicious-ip,medium,WHITE,ziyadnz/hourly-ipv4,ziyadnz|hourly,2026-08-17T18:48:05Z,2026-08-17T18:48:05Z,
144.126.207.166,ipv4,malicious-ip,medium,WHITE,ziyadnz/hourly-ipv4,ziyadnz|hourly,2026-08-17T18:48:05Z,2026-08-17T18:48:05Z,
144.126.212.101,ipv4,malicious-ip,medium,WHITE,ziyadnz/hourly-ipv4,ziyadnz|hourly,2026-08-17T18:48:05Z,2026-08-17T18:48:05Z,
144.126.216.163,ipv4,malicious-ip,medium,WHITE,ziyadnz/hourly-ipv4,ziyadnz|hourly,2026-08-17T18:48:05Z,2026-08-17T18:48:05Z,
144.126.216.218,ipv4,malicious-ip,medium,WHITE,ziyadnz/hourly-ipv4,ziyadnz|hourly,2026-08-17T18:48:05Z,2026-08-17T18:48:05Z,
144.126.218.86,ipv4,malicious-ip,medium,WHITE,ziyadnz/hourly-ipv4,ziyadnz|hourly,2026-08-17T18:48:05Z,2026-08-17T18:48:05Z,
144.126.221.206,ipv4,malicious-ip,medium,WHITE,ziyadnz/hourly-ipv4,ziyadnz|hourly,2026-08-17T18:48:05Z,2026-08-17T18:48:05Z,
144.126.221.223,ipv4,malicious-ip,medium,WHITE,ziyadnz/hourly-ipv4,ziyadnz|hourly,2026-08-17T18:48:05Z,2026-08-17T18:48:05Z,
144.126.230.158,ipv4,malicious-ip,medium,WHITE,ziyadnz/hourly-ipv4,ziyadnz|hourly,2026-08-17T18:48:05Z,2026-08-17T18:48:05Z,
144.126.235.189,ipv4,malicious-ip,medium,WHITE,ziyadnz/hourly-ipv4,ziyadnz|hourly,2026-08-17T18:48:05Z,2026-08-17T18:48:05Z,
144.130.164.158,ipv4,malicious-ip,medium,WHITE,ziyadnz/hourly-ipv4,ziyadnz|hourly,2026-08-17T18:48:05Z,2026-08-17T18:48:05Z,
144.16.2.77,ipv4,malicious-ip,medium,WHITE,ziyadnz/hourly-ipv4,ziyadnz|hourly,2026-08-17T18:48:05Z,2026-08-17T18:48:05Z,
144.16.21.195,ipv4,malicious-ip,medium,WHITE,ziyadnz/hourly-ipv4,ziyadnz|hourly,2026-08-17T18:48:05Z,2026-08-17T18:48:05Z,
144.16.21.41,ipv4,malicious-ip,medium,WHITE,ziyadnz/hourly-ipv4,ziyadnz|hourly,2026-08-17T18:48:05Z,2026-08-17T18:48:05Z,
144.16.21.87,ipv4,malicious-ip,medium,WHITE,ziyadnz/hourly-ipv4,ziyadnz|hourly,2026-08-17T18:48:05Z,2026-08-17T18:48:05Z,
144.16.223.96,ipv4,malicious-ip,medium,WHITE,ziyadnz/hourly-ipv4,ziyadnz|hourly,2026-08-17T18:48:05Z,2026-08-17T18:48:05Z,
144.172.100.142,ipv4,malicious-ip,medium,WHITE,ziyadnz/hourly-ipv4,ziyadnz|hourly,2026-08-17T18:48:05Z,2026-08-17T18:48:05Z,
144.172.100.237,ipv4,malicious-ip,medium,WHITE,ziyadnz/hourly-ipv4,ziyadnz|hourly,2026-08-17T18:48:05Z,2026-08-17T18:48:05Z,
144.172.102.88,ipv4,malicious-ip,medium,WHITE,ziyadnz/hourly-ipv4,ziyadnz|hourly,2026-08-17T18:48:05Z,2026-08-17T18:48:05Z,
144.172.103.196,ipv4,malicious-ip,medium,WHITE,ziyadnz/hourly-ipv4,ziyadnz|hourly,2026-08-17T18:48:05Z,2026-08-17T18:48:05Z,
144.172.103.200,ipv4,malicious-ip,medium,WHITE,ziyadnz/hourly-ipv4,ziyadnz|hourly,2026-08-17T18:48:05Z,2026-08-17T18:48:05Z,
144.172.103.42,ipv4,malicious-ip,medium,WHITE,ziyadnz/hourly-ipv4,ziyadnz|hourly,2026-08-17T18:48:05Z,2026-08-17T18:48:05Z,
144.172.103.97,ipv4,malicious-ip,medium,WHITE,ziyadnz/hourly-ipv4,ziyadnz|hourly,2026-08-17T18:48:05Z,2026-08-17T18:48:05Z,
144.172.104.117,ipv4,malicious-ip,medium,WHITE,ziyadnz/hourly-ipv4,ziyadnz|hourly,2026-08-17T18:48:05Z,2026-08-17T18:48:05Z,
144.172.104.239,ipv4,malicious-ip,medium,WHITE,ziyadnz/hourly-ipv4,ziyadnz|hourly,2026-08-17T18:48:05Z,2026-08-17T18:48:05Z,
144.172.105.235,ipv4,malicious-ip,medium,WHITE,ziyadnz/hourly-ipv4,ziyadnz|hourly,2026-08-17T18:48:05Z,2026-08-17T18:48:05Z,
144.172.106.140,ipv4,malicious-ip,medium,WHITE,ziyadnz/hourly-ipv4,ziyadnz|hourly,2026-08-17T18:48:05Z,2026-08-17T18:48:05Z,
144.172.106.4,ipv4,malicious-ip,medium,WHITE,ziyadnz/hourly-ipv4,ziyadnz|hourly,2026-08-17T18:48:05Z,2026-08-17T18:48:05Z,
144.172.106.66,ipv4,malicious-ip,medium,WHITE,ziyadnz/hourly-ipv4,ziyadnz|hourly,2026-08-17T18:48:05Z,2026-08-17T18:48:05Z,
144.172.107.227,ipv4,malicious-ip,medium,WHITE,ziyadnz/hourly-ipv4,ziyadnz|hourly,2026-08-17T18:48:05Z,2026-08-17T18:48:05Z,
144.172.107.86,ipv4,malicious-ip,medium,WHITE,ziyadnz/hourly-ipv4,ziyadnz|hourly,2026-08-17T18:48:05Z,2026-08-17T18:48:05Z,
144.172.107.98,ipv4,malicious-ip,medium,WHITE,ziyadnz/hourly-ipv4,ziyadnz|hourly,2026-08-17T18:48:05Z,2026-08-17T18:48:05Z,
144.172.108.186,ipv4,malicious-ip,medium,WHITE,ziyadnz/hourly-ipv4,ziyadnz|hourly,2026-08-17T18:48:05Z,2026-08-17T18:48:05Z,
144.172.108.37,ipv4,malicious-ip,medium,WHITE,ziyadnz/hourly-ipv4,ziyadnz|hourly,2026-08-17T18:48:05Z,2026-08-17T18:48:05Z,
144.172.110.106,ipv4,malicious-ip,medium,WHITE,ziyadnz/hourly-ipv4,ziyadnz|hourly,2026-08-17T18:48:05Z,2026-08-17T18:48:05Z,
144.172.110.50,ipv4,malicious-ip,medium,WHITE,ziyadnz/hourly-ipv4,ziyadnz|hourly,2026-08-17T18:48:05Z,2026-08-17T18:48:05Z,
144.172.111.126,ipv4,malicious-ip,medium,WHITE,ziyadnz/hourly-ipv4,ziyadnz|hourly,2026-08-17T18:48:05Z,2026-08-17T18:48:05Z,
144.172.112.106,ipv4,malicious-ip,medium,WHITE,ziyadnz/hourly-ipv4,ziyadnz|hourly,2026-08-17T18:48:05Z,2026-08-17T18:48:05Z,
144.172.112.136,ipv4,malicious-ip,medium,WHITE,ziyadnz/hourly-ipv4,ziyadnz|hourly,2026-08-17T18:48:05Z,2026-08-17T18:48:05Z,
144.172.112.50,ipv4,malicious-ip,medium,WHITE,ziyadnz/hourly-ipv4,ziyadnz|hourly,2026-08-17T18:48:05Z,2026-08-17T18:48:05Z,
144.172.112.84,ipv4,malicious-ip,medium,WHITE,ziyadnz/hourly-ipv4,ziyadnz|hourly,2026-08-17T18:48:05Z,2026-08-17T18:48:05Z,
144.172.114.107,ipv4,malicious-ip,medium,WHITE,ziyadnz/hourly-ipv4,ziyadnz|hourly,2026-08-17T18:48:05Z,2026-08-17T18:48:05Z,
144.172.114.132,ipv4,malicious-ip,medium,WHITE,ziyadnz/hourly-ipv4,ziyadnz|hourly,2026-08-17T18:48:05Z,2026-08-17T18:48:05Z,
144.172.114.134,ipv4,malicious-ip,medium,WHITE,ziyadnz/hourly-ipv4,ziyadnz|hourly,2026-08-17T18:48:05Z,2026-08-17T18:48:05Z,
144.172.114.220,ipv4,malicious-ip,medium,WHITE,ziyadnz/hourly-ipv4,ziyadnz|hourly,2026-08-17T18:48:05Z,2026-08-17T18:48:05Z,
144.172.114.57,ipv4,malicious-ip,medium,WHITE,ziyadnz/hourly-ipv4,ziyadnz|hourly,2026-08-17T18:48:05Z,2026-08-17T18:48:05Z,
144.172.115.212,ipv4,malicious-ip,medium,WHITE,ziyadnz/hourly-ipv4,ziyadnz|hourly,2026-08-17T18:48:05Z,2026-08-17T18:48:05Z,
144.172.115.222,ipv4,malicious-ip,medium,WHITE,ziyadnz/hourly-ipv4,ziyadnz|hourly,2026-08-17T18:48:05Z,2026-08-17T18:48:05Z,
144.172.115.236,ipv4,malicious-ip,medium,WHITE,ziyadnz/hourly-ipv4,ziyadnz|hourly,2026-08-17T18:48:05Z,2026-08-17T18:48:05Z,
144.172.116.103,ipv4,malicious-ip,medium,WHITE,ziyadnz/hourly-ipv4,ziyadnz|hourly,2026-08-17T18:48:05Z,2026-08-17T18:48:05Z,
144.172.117.112,ipv4,malicious-ip,medium,WHITE,ziyadnz/hourly-ipv4,ziyadnz|hourly,2026-08-17T18:48:05Z,2026-08-17T18:48:05Z,
144.172.117.158,ipv4,malicious-ip,medium,WHITE,ziyadnz/hourly-ipv4,ziyadnz|hourly,2026-08-17T18:48:05Z,2026-08-17T18:48:05Z,
144.172.122.30,ipv4,malicious-ip,medium,WHITE,ziyadnz/hourly-ipv4,ziyadnz|hourly,2026-08-17T18:48:05Z,2026-08-17T18:48:05Z,
144.172.126.136,ipv4,malicious-ip,medium,WHITE,ziyadnz/hourly-ipv4,ziyadnz|hourly,2026-08-17T18:48:05Z,2026-08-17T18:48:05Z,
144.172.241.221,ipv4,malicious-ip,medium,WHITE,ziyadnz/hourly-ipv4,ziyadnz|hourly,2026-08-17T18:48:05Z,2026-08-17T18:48:05Z,
144.172.74.48,ipv4,malicious-ip,medium,WHITE,ziyadnz/hourly-ipv4,ziyadnz|hourly,2026-08-17T18:48:05Z,2026-08-17T18:48:05Z,
144.172.79.23,ipv4,malicious-ip,medium,WHITE,ziyadnz/hourly-ipv4,ziyadnz|hourly,2026-08-17T18:48:05Z,2026-08-17T18:48:05Z,
144.172.79.92,ipv4,malicious-ip,medium,WHITE,ziyadnz/hourly-ipv4,ziyadnz|hourly,2026-08-17T18:48:05Z,2026-08-17T18:48:05Z,
144.172.84.174,ipv4,malicious-ip,medium,WHITE,ziyadnz/hourly-ipv4,ziyadnz|hourly,2026-08-17T18:48:05Z,2026-08-17T18:48:05Z,
144.172.84.179,ipv4,malicious-ip,medium,WHITE,ziyadnz/hourly-ipv4,ziyadnz|hourly,2026-08-17T18:48:05Z,2026-08-17T18:48:05Z,
144.172.91.120,ipv4,malicious-ip,medium,WHITE,ziyadnz/hourly-ipv4,ziyadnz|hourly,2026-08-17T18:48:05Z,2026-08-17T18:48:05Z,
144.172.94.59,ipv4,malicious-ip,medium,WHITE,ziyadnz/hourly-ipv4,ziyadnz|hourly,2026-08-17T18:48:05Z,2026-08-17T18:48:05Z,
144.172.95.226,ipv4,malicious-ip,medium,WHITE,ziyadnz/hourly-ipv4,ziyadnz|hourly,2026-08-17T18:48:05Z,2026-08-17T18:48:05Z,
144.172.96.35,ipv4,malicious-ip,medium,WHITE,ziyadnz/hourly-ipv4,ziyadnz|hourly,2026-08-17T18:48:05Z,2026-08-17T18:48:05Z,
144.172.96.80,ipv4,malicious-ip,medium,WHITE,ziyadnz/hourly-ipv4,ziyadnz|hourly,2026-08-17T18:48:05Z,2026-08-17T18:48:05Z,
144.172.97.113,ipv4,malicious-ip,medium,WHITE,ziyadnz/hourly-ipv4,ziyadnz|hourly,2026-08-17T18:48:05Z,2026-08-17T18:48:05Z,
144.172.97.7,ipv4,malicious-ip,medium,WHITE,ziyadnz/hourly-ipv4,ziyadnz|hourly,2026-08-17T18:48:05Z,2026-08-17T18:48:05Z,
144.172.99.171,ipv4,malicious-ip,medium,WHITE,ziyadnz/hourly-ipv4,ziyadnz|hourly,2026-08-17T18:48:05Z,2026-08-17T18:48:05Z,
144.172.99.68,ipv4,malicious-ip,medium,WHITE,ziyadnz/hourly-ipv4,ziyadnz|hourly,2026-08-17T18:48:05Z,2026-08-17T18:48:05Z,
144.178.129.203,ipv4,malicious-ip,medium,WHITE,ziyadnz/hourly-ipv4,ziyadnz|hourly,2026-08-17T18:48:05Z,2026-08-17T18:48:05Z,
144.2.91.96,ipv4,malicious-ip,medium,WHITE,ziyadnz/hourly-ipv4,ziyadnz|hourly,2026-08-17T18:48:05Z,2026-08-17T18:48:05Z,
144.202.112.187,ipv4,malicious-ip,medium,WHITE,ziyadnz/hourly-ipv4,ziyadnz|hourly,2026-08-17T18:48:05Z,2026-08-17T18:48:05Z,
144.202.123.86,ipv4,malicious-ip,medium,WHITE,ziyadnz/hourly-ipv4,ziyadnz|hourly,2026-08-17T18:48:05Z,2026-08-17T18:48:05Z,
144.202.14.75,ipv4,malicious-ip,medium,WHITE,ziyadnz/hourly-ipv4,ziyadnz|hourly,2026-08-17T18:48:05Z,2026-08-17T18:48:05Z,
144.202.2.175,ipv4,malicious-ip,medium,WHITE,ziyadnz/hourly-ipv4,ziyadnz|hourly,2026-08-17T18:48:05Z,2026-08-17T18:48:05Z,
144.202.3.39,ipv4,malicious-ip,medium,WHITE,ziyadnz/hourly-ipv4,ziyadnz|hourly,2026-08-17T18:48:05Z,2026-08-17T18:48:05Z,
144.202.31.135,ipv4,malicious-ip,medium,WHITE,ziyadnz/hourly-ipv4,ziyadnz|hourly,2026-08-17T18:48:05Z,2026-08-17T18:48:05Z,
144.202.41.121,ipv4,malicious-ip,medium,WHITE,ziyadnz/hourly-ipv4,ziyadnz|hourly,2026-08-17T18:48:05Z,2026-08-17T18:48:05Z,
144.202.42.216,ipv4,malicious-ip,medium,WHITE,ziyadnz/hourly-ipv4,ziyadnz|hourly,2026-08-17T18:48:05Z,2026-08-17T18:48:05Z,
144.202.43.124,ipv4,malicious-ip,medium,WHITE,ziyadnz/hourly-ipv4,ziyadnz|hourly,2026-08-17T18:48:05Z,2026-08-17T18:48:05Z,
144.202.46.221,ipv4,malicious-ip,medium,WHITE,ziyadnz/hourly-ipv4,ziyadnz|hourly,2026-08-17T18:48:05Z,2026-08-17T18:48:05Z,
144.202.49.189,ipv4,malicious-ip,medium,WHITE,ziyadnz/hourly-ipv4,ziyadnz|hourly,2026-08-17T18:48:05Z,2026-08-17T18:48:05Z,
144.202.54.215,ipv4,malicious-ip,medium,WHITE,ziyadnz/hourly-ipv4,ziyadnz|hourly,2026-08-17T18:48:05Z,2026-08-17T18:48:05Z,
144.202.61.209,ipv4,malicious-ip,medium,WHITE,ziyadnz/hourly-ipv4,ziyadnz|hourly,2026-08-17T18:48:05Z,2026-08-17T18:48:05Z,
144.202.82.88,ipv4,malicious-ip,medium,WHITE,ziyadnz/hourly-ipv4,ziyadnz|hourly,2026-08-17T18:48:05Z,2026-08-17T18:48:05Z,
144.202.92.17,ipv4,malicious-ip,medium,WHITE,ziyadnz/hourly-ipv4,ziyadnz|hourly,2026-08-17T18:48:05Z,2026-08-17T18:48:05Z,
144.208.127.115,ipv4,malicious-ip,medium,WHITE,ziyadnz/hourly-ipv4,ziyadnz|hourly,2026-08-17T18:48:05Z,2026-08-17T18:48:05Z,
144.208.127.119,ipv4,malicious-ip,medium,WHITE,ziyadnz/hourly-ipv4,ziyadnz|hourly,2026-08-17T18:48:05Z,2026-08-17T18:48:05Z,
144.208.127.134,ipv4,malicious-ip,medium,WHITE,ziyadnz/hourly-ipv4,ziyadnz|hourly,2026-08-17T18:48:05Z,2026-08-17T18:48:05Z,
144.208.127.155,ipv4,malicious-ip,medium,WHITE,ziyadnz/hourly-ipv4,ziyadnz|hourly,2026-08-17T18:48:05Z,2026-08-17T18:48:05Z,
144.208.127.230,ipv4,malicious-ip,medium,WHITE,ziyadnz/hourly-ipv4,ziyadnz|hourly,2026-08-17T18:48:05Z,2026-08-17T18:48:05Z,
144.217.117.74,ipv4,malicious-ip,medium,WHITE,ziyadnz/hourly-ipv4,ziyadnz|hourly,2026-08-17T18:48:05Z,2026-08-17T18:48:05Z,
144.217.129.176,ipv4,malicious-ip,medium,WHITE,ziyadnz/hourly-ipv4,ziyadnz|hourly,2026-08-17T18:48:05Z,2026-08-17T18:48:05Z,
144.217.161.208,ipv4,malicious-ip,medium,WHITE,ziyadnz/hourly-ipv4,ziyadnz|hourly,2026-08-17T18:48:05Z,2026-08-17T18:48:05Z,
144.217.180.10,ipv4,malicious-ip,medium,WHITE,ziyadnz/hourly-ipv4,ziyadnz|hourly,2026-08-17T18:48:05Z,2026-08-17T18:48:05Z,
144.217.65.199,ipv4,malicious-ip,medium,WHITE,ziyadnz/hourly-ipv4,ziyadnz|hourly,2026-08-17T18:48:05Z,2026-08-17T18:48:05Z,
144.217.92.197,ipv4,malicious-ip,medium,WHITE,ziyadnz/hourly-ipv4,ziyadnz|hourly,2026-08-17T18:48:05Z,2026-08-17T18:48:05Z,
144.22.165.206,ipv4,malicious-ip,medium,WHITE,ziyadnz/hourly-ipv4,ziyadnz|hourly,2026-08-17T18:48:05Z,2026-08-17T18:48:05Z,
144.225.124.188,ipv4,malicious-ip,medium,WHITE,ziyadnz/hourly-ipv4,ziyadnz|hourly,2026-08-17T18:48:05Z,2026-08-17T18:48:05Z,
144.225.187.123,ipv4,malicious-ip,medium,WHITE,ziyadnz/hourly-ipv4,ziyadnz|hourly,2026-08-17T18:48:05Z,2026-08-17T18:48:05Z,
144.225.187.181,ipv4,malicious-ip,medium,WHITE,ziyadnz/hourly-ipv4,ziyadnz|hourly,2026-08-17T18:48:05Z,2026-08-17T18:48:05Z,
144.225.187.57,ipv4,malicious-ip,medium,WHITE,ziyadnz/hourly-ipv4,ziyadnz|hourly,2026-08-17T18:48:05Z,2026-08-17T18:48:05Z,
144.225.187.68,ipv4,malicious-ip,medium,WHITE,ziyadnz/hourly-ipv4,ziyadnz|hourly,2026-08-17T18:48:05Z,2026-08-17T18:48:05Z,
144.225.65.244,ipv4,malicious-ip,medium,WHITE,ziyadnz/hourly-ipv4,ziyadnz|hourly,2026-08-17T18:48:05Z,2026-08-17T18:48:05Z,
144.225.8.142,ipv4,malicious-ip,medium,WHITE,ziyadnz/hourly-ipv4,ziyadnz|hourly,2026-08-17T18:48:05Z,2026-08-17T18:48:05Z,
144.225.8.33,ipv4,malicious-ip,medium,WHITE,ziyadnz/hourly-ipv4,ziyadnz|hourly,2026-08-17T18:48:05Z,2026-08-17T18:48:05Z,
144.24.111.128,ipv4,malicious-ip,medium,WHITE,ziyadnz/hourly-ipv4,ziyadnz|hourly,2026-08-17T18:48:05Z,2026-08-17T18:48:05Z,
144.24.136.117,ipv4,malicious-ip,medium,WHITE,ziyadnz/hourly-ipv4,ziyadnz|hourly,2026-08-17T18:48:05Z,2026-08-17T18:48:05Z,
144.24.147.7,ipv4,malicious-ip,medium,WHITE,ziyadnz/hourly-ipv4,ziyadnz|hourly,2026-08-17T18:48:05Z,2026-08-17T18:48:05Z,
144.24.159.248,ipv4,malicious-ip,medium,WHITE,ziyadnz/hourly-ipv4,ziyadnz|hourly,2026-08-17T18:48:05Z,2026-08-17T18:48:05Z,
144.255.21.23,ipv4,malicious-ip,medium,WHITE,ziyadnz/hourly-ipv4,ziyadnz|hourly,2026-08-17T18:48:05Z,2026-08-17T18:48:05Z,
144.31.103.228,ipv4,malicious-ip,medium,WHITE,ziyadnz/hourly-ipv4,ziyadnz|hourly,2026-08-17T18:48:05Z,2026-08-17T18:48:05Z,
144.31.107.231,ipv4,malicious-ip,medium,WHITE,ziyadnz/hourly-ipv4,ziyadnz|hourly,2026-08-17T18:48:05Z,2026-08-17T18:48:05Z,
144.31.118.100,ipv4,malicious-ip,medium,WHITE,ziyadnz/hourly-ipv4,ziyadnz|hourly,2026-08-17T18:48:05Z,2026-08-17T18:48:05Z,
144.31.12.117,ipv4,malicious-ip,medium,WHITE,ziyadnz/hourly-ipv4,ziyadnz|hourly,2026-08-17T18:48:05Z,2026-08-17T18:48:05Z,
144.31.12.122,ipv4,malicious-ip,medium,WHITE,ziyadnz/hourly-ipv4,ziyadnz|hourly,2026-08-17T18:48:05Z,2026-08-17T18:48:05Z,
144.31.12.221,ipv4,malicious-ip,medium,WHITE,ziyadnz/hourly-ipv4,ziyadnz|hourly,2026-08-17T18:48:05Z,2026-08-17T18:48:05Z,
144.31.12.28,ipv4,malicious-ip,medium,WHITE,ziyadnz/hourly-ipv4,ziyadnz|hourly,2026-08-17T18:48:05Z,2026-08-17T18:48:05Z,
144.31.12.70,ipv4,malicious-ip,medium,WHITE,ziyadnz/hourly-ipv4,ziyadnz|hourly,2026-08-17T18:48:05Z,2026-08-17T18:48:05Z,
144.31.123.157,ipv4,malicious-ip,medium,WHITE,ziyadnz/hourly-ipv4,ziyadnz|hourly,2026-08-17T18:48:05Z,2026-08-17T18:48:05Z,
144.31.132.70,ipv4,malicious-ip,medium,WHITE,ziyadnz/hourly-ipv4,ziyadnz|hourly,2026-08-17T18:48:05Z,2026-08-17T18:48:05Z,
144.31.133.255,ipv4,malicious-ip,medium,WHITE,ziyadnz/hourly-ipv4,ziyadnz|hourly,2026-08-17T18:48:05Z,2026-08-17T18:48:05Z,
144.31.139.201,ipv4,malicious-ip,medium,WHITE,ziyadnz/hourly-ipv4,ziyadnz|hourly,2026-08-17T18:48:05Z,2026-08-17T18:48:05Z,
144.31.139.203,ipv4,malicious-ip,medium,WHITE,ziyadnz/hourly-ipv4,ziyadnz|hourly,2026-08-17T18:48:05Z,2026-08-17T18:48:05Z,
144.31.147.243,ipv4,malicious-ip,medium,WHITE,ziyadnz/hourly-ipv4,ziyadnz|hourly,2026-08-17T18:48:05Z,2026-08-17T18:48:05Z,
144.31.156.154,ipv4,malicious-ip,medium,WHITE,ziyadnz/hourly-ipv4,ziyadnz|hourly,2026-08-17T18:48:05Z,2026-08-17T18:48:05Z,
144.31.156.72,ipv4,malicious-ip,medium,WHITE,ziyadnz/hourly-ipv4,ziyadnz|hourly,2026-08-17T18:48:05Z,2026-08-17T18:48:05Z,
144.31.158.199,ipv4,malicious-ip,medium,WHITE,ziyadnz/hourly-ipv4,ziyadnz|hourly,2026-08-17T18:48:05Z,2026-08-17T18:48:05Z,
144.31.165.173,ipv4,malicious-ip,medium,WHITE,ziyadnz/hourly-ipv4,ziyadnz|hourly,2026-08-17T18:48:05Z,2026-08-17T18:48:05Z,
144.31.171.9,ipv4,malicious-ip,medium,WHITE,ziyadnz/hourly-ipv4,ziyadnz|hourly,2026-08-17T18:48:05Z,2026-08-17T18:48:05Z,
144.31.185.254,ipv4,malicious-ip,medium,WHITE,ziyadnz/hourly-ipv4,ziyadnz|hourly,2026-08-17T18:48:05Z,2026-08-17T18:48:05Z,
144.31.186.117,ipv4,malicious-ip,medium,WHITE,ziyadnz/hourly-ipv4,ziyadnz|hourly,2026-08-17T18:48:05Z,2026-08-17T18:48:05Z,
144.31.186.180,ipv4,malicious-ip,medium,WHITE,ziyadnz/hourly-ipv4,ziyadnz|hourly,2026-08-17T18:48:05Z,2026-08-17T18:48:05Z,
144.31.186.186,ipv4,malicious-ip,medium,WHITE,ziyadnz/hourly-ipv4,ziyadnz|hourly,2026-08-17T18:48:05Z,2026-08-17T18:48:05Z,
144.31.186.200,ipv4,malicious-ip,medium,WHITE,ziyadnz/hourly-ipv4,ziyadnz|hourly,2026-08-17T18:48:05Z,2026-08-17T18:48:05Z,
144.31.187.131,ipv4,malicious-ip,medium,WHITE,ziyadnz/hourly-ipv4,ziyadnz|hourly,2026-08-17T18:48:05Z,2026-08-17T18:48:05Z,
144.31.191.147,ipv4,malicious-ip,medium,WHITE,ziyadnz/hourly-ipv4,ziyadnz|hourly,2026-08-17T18:48:05Z,2026-08-17T18:48:05Z,
144.31.191.15,ipv4,malicious-ip,medium,WHITE,ziyadnz/hourly-ipv4,ziyadnz|hourly,2026-08-17T18:48:05Z,2026-08-17T18:48:05Z,
144.31.191.189,ipv4,malicious-ip,medium,WHITE,ziyadnz/hourly-ipv4,ziyadnz|hourly,2026-08-17T18:48:05Z,2026-08-17T18:48:05Z,
144.31.191.208,ipv4,malicious-ip,medium,WHITE,ziyadnz/hourly-ipv4,ziyadnz|hourly,2026-08-17T18:48:05Z,2026-08-17T18:48:05Z,
144.31.191.58,ipv4,malicious-ip,medium,WHITE,ziyadnz/hourly-ipv4,ziyadnz|hourly,2026-08-17T18:48:05Z,2026-08-17T18:48:05Z,
144.31.2.161,ipv4,malicious-ip,medium,WHITE,ziyadnz/hourly-ipv4,ziyadnz|hourly,2026-08-17T18:48:05Z,2026-08-17T18:48:05Z,
144.31.2.198,ipv4,malicious-ip,medium,WHITE,ziyadnz/hourly-ipv4,ziyadnz|hourly,2026-08-17T18:48:05Z,2026-08-17T18:48:05Z,
144.31.204.136,ipv4,malicious-ip,medium,WHITE,ziyadnz/hourly-ipv4,ziyadnz|hourly,2026-08-17T18:48:05Z,2026-08-17T18:48:05Z,
144.31.204.145,ipv4,malicious-ip,medium,WHITE,ziyadnz/hourly-ipv4,ziyadnz|hourly,2026-08-17T18:48:05Z,2026-08-17T18:48:05Z,
144.31.212.177,ipv4,malicious-ip,medium,WHITE,ziyadnz/hourly-ipv4,ziyadnz|hourly,2026-08-17T18:48:05Z,2026-08-17T18:48:05Z,
144.31.215.252,ipv4,malicious-ip,medium,WHITE,ziyadnz/hourly-ipv4,ziyadnz|hourly,2026-08-17T18:48:05Z,2026-08-17T18:48:05Z,
144.31.221.179,ipv4,malicious-ip,medium,WHITE,ziyadnz/hourly-ipv4,ziyadnz|hourly,2026-08-17T18:48:05Z,2026-08-17T18:48:05Z,
144.31.221.197,ipv4,malicious-ip,medium,WHITE,ziyadnz/hourly-ipv4,ziyadnz|hourly,2026-08-17T18:48:05Z,2026-08-17T18:48:05Z,
144.31.224.193,ipv4,malicious-ip,medium,WHITE,ziyadnz/hourly-ipv4,ziyadnz|hourly,2026-08-17T18:48:05Z,2026-08-17T18:48:05Z,
144.31.224.98,ipv4,malicious-ip,medium,WHITE,ziyadnz/hourly-ipv4,ziyadnz|hourly,2026-08-17T18:48:05Z,2026-08-17T18:48:05Z,
144.31.230.156,ipv4,malicious-ip,medium,WHITE,ziyadnz/hourly-ipv4,ziyadnz|hourly,2026-08-17T18:48:05Z,2026-08-17T18:48:05Z,
144.31.234.97,ipv4,malicious-ip,medium,WHITE,ziyadnz/hourly-ipv4,ziyadnz|hourly,2026-08-17T18:48:05Z,2026-08-17T18:48:05Z,
144.31.237.137,ipv4,malicious-ip,medium,WHITE,ziyadnz/hourly-ipv4,ziyadnz|hourly,2026-08-17T18:48:05Z,2026-08-17T18:48:05Z,
144.31.237.153,ipv4,malicious-ip,medium,WHITE,ziyadnz/hourly-ipv4,ziyadnz|hourly,2026-08-17T18:48:05Z,2026-08-17T18:48:05Z,
144.31.237.181,ipv4,malicious-ip,medium,WHITE,ziyadnz/hourly-ipv4,ziyadnz|hourly,2026-08-17T18:48:05Z,2026-08-17T18:48:05Z,
144.31.237.220,ipv4,malicious-ip,medium,WHITE,ziyadnz/hourly-ipv4,ziyadnz|hourly,2026-08-17T18:48:05Z,2026-08-17T18:48:05Z,
144.31.237.91,ipv4,malicious-ip,medium,WHITE,ziyadnz/hourly-ipv4,ziyadnz|hourly,2026-08-17T18:48:05Z,2026-08-17T18:48:05Z,
144.31.26.139,ipv4,malicious-ip,medium,WHITE,ziyadnz/hourly-ipv4,ziyadnz|hourly,2026-08-17T18:48:05Z,2026-08-17T18:48:05Z,
144.31.38.215,ipv4,malicious-ip,medium,WHITE,ziyadnz/hourly-ipv4,ziyadnz|hourly,2026-08-17T18:48:05Z,2026-08-17T18:48:05Z,
144.31.4.89,ipv4,malicious-ip,medium,WHITE,ziyadnz/hourly-ipv4,ziyadnz|hourly,2026-08-17T18:48:05Z,2026-08-17T18:48:05Z,
144.31.53.78,ipv4,malicious-ip,medium,WHITE,ziyadnz/hourly-ipv4,ziyadnz|hourly,2026-08-17T18:48:05Z,2026-08-17T18:48:05Z,
144.31.54.243,ipv4,malicious-ip,medium,WHITE,ziyadnz/hourly-ipv4,ziyadnz|hourly,2026-08-17T18:48:05Z,2026-08-17T18:48:05Z,
144.31.54.26,ipv4,malicious-ip,medium,WHITE,ziyadnz/hourly-ipv4,ziyadnz|hourly,2026-08-17T18:48:05Z,2026-08-17T18:48:05Z,
144.31.57.65,ipv4,malicious-ip,medium,WHITE,ziyadnz/hourly-ipv4,ziyadnz|hourly,2026-08-17T18:48:05Z,2026-08-17T18:48:05Z,
144.31.57.67,ipv4,malicious-ip,medium,WHITE,ziyadnz/hourly-ipv4,ziyadnz|hourly,2026-08-17T18:48:05Z,2026-08-17T18:48:05Z,
144.31.7.85,ipv4,malicious-ip,medium,WHITE,ziyadnz/hourly-ipv4,ziyadnz|hourly,2026-08-17T18:48:05Z,2026-08-17T18:48:05Z,
144.31.80.14,ipv4,malicious-ip,medium,WHITE,ziyadnz/hourly-ipv4,ziyadnz|hourly,2026-08-17T18:48:05Z,2026-08-17T18:48:05Z,
144.31.81.21,ipv4,malicious-ip,medium,WHITE,ziyadnz/hourly-ipv4,ziyadnz|hourly,2026-08-17T18:48:05Z,2026-08-17T18:48:05Z,
144.31.92.247,ipv4,malicious-ip,medium,WHITE,ziyadnz/hourly-ipv4,ziyadnz|hourly,2026-08-17T18:48:05Z,2026-08-17T18:48:05Z,
144.34.235.217,ipv4,malicious-ip,medium,WHITE,ziyadnz/hourly-ipv4,ziyadnz|hourly,2026-08-17T18:48:05Z,2026-08-17T18:48:05Z,
144.48.130.0,ipv4,malicious-ip,medium,WHITE,ziyadnz/hourly-ipv4,ziyadnz|hourly,2026-08-17T18:48:05Z,2026-08-17T18:48:05Z,
144.48.130.143,ipv4,malicious-ip,medium,WHITE,ziyadnz/hourly-ipv4,ziyadnz|hourly,2026-08-17T18:48:05Z,2026-08-17T18:48:05Z,
144.48.130.145,ipv4,malicious-ip,medium,WHITE,ziyadnz/hourly-ipv4,ziyadnz|hourly,2026-08-17T18:48:05Z,2026-08-17T18:48:05Z,
144.48.130.174,ipv4,malicious-ip,medium,WHITE,ziyadnz/hourly-ipv4,ziyadnz|hourly,2026-08-17T18:48:05Z,2026-08-17T18:48:05Z,
144.48.130.215,ipv4,malicious-ip,medium,WHITE,ziyadnz/hourly-ipv4,ziyadnz|hourly,2026-08-17T18:48:05Z,2026-08-17T18:48:05Z,
144.48.130.233,ipv4,malicious-ip,medium,WHITE,ziyadnz/hourly-ipv4,ziyadnz|hourly,2026-08-17T18:48:05Z,2026-08-17T18:48:05Z,
144.48.130.3,ipv4,malicious-ip,medium,WHITE,ziyadnz/hourly-ipv4,ziyadnz|hourly,2026-08-17T18:48:05Z,2026-08-17T18:48:05Z,
144.48.130.30,ipv4,malicious-ip,medium,WHITE,ziyadnz/hourly-ipv4,ziyadnz|hourly,2026-08-17T18:48:05Z,2026-08-17T18:48:05Z,
144.48.130.52,ipv4,malicious-ip,medium,WHITE,ziyadnz/hourly-ipv4,ziyadnz|hourly,2026-08-17T18:48:05Z,2026-08-17T18:48:05Z,
144.48.130.76,ipv4,malicious-ip,medium,WHITE,ziyadnz/hourly-ipv4,ziyadnz|hourly,2026-08-17T18:48:05Z,2026-08-17T18:48:05Z,
144.48.132.169,ipv4,malicious-ip,medium,WHITE,ziyadnz/hourly-ipv4,ziyadnz|hourly,2026-08-17T18:48:05Z,2026-08-17T18:48:05Z,
144.48.132.202,ipv4,malicious-ip,medium,WHITE,ziyadnz/hourly-ipv4,ziyadnz|hourly,2026-08-17T18:48:05Z,2026-08-17T18:48:05Z,
144.48.132.43,ipv4,malicious-ip,medium,WHITE,ziyadnz/hourly-ipv4,ziyadnz|hourly,2026-08-17T18:48:05Z,2026-08-17T18:48:05Z,
144.48.134.86,ipv4,malicious-ip,medium,WHITE,ziyadnz/hourly-ipv4,ziyadnz|hourly,2026-08-17T18:48:05Z,2026-08-17T18:48:05Z,
144.48.135.0,ipv4,malicious-ip,medium,WHITE,ziyadnz/hourly-ipv4,ziyadnz|hourly,2026-08-17T18:48:05Z,2026-08-17T18:48:05Z,
144.48.135.10,ipv4,malicious-ip,medium,WHITE,ziyadnz/hourly-ipv4,ziyadnz|hourly,2026-08-17T18:48:05Z,2026-08-17T18:48:05Z,
144.48.135.113,ipv4,malicious-ip,medium,WHITE,ziyadnz/hourly-ipv4,ziyadnz|hourly,2026-08-17T18:48:05Z,2026-08-17T18:48:05Z,
144.48.135.188,ipv4,malicious-ip,medium,WHITE,ziyadnz/hourly-ipv4,ziyadnz|hourly,2026-08-17T18:48:05Z,2026-08-17T18:48:05Z,
144.48.135.202,ipv4,malicious-ip,medium,WHITE,ziyadnz/hourly-ipv4,ziyadnz|hourly,2026-08-17T18:48:05Z,2026-08-17T18:48:05Z,
144.48.135.214,ipv4,malicious-ip,medium,WHITE,ziyadnz/hourly-ipv4,ziyadnz|hourly,2026-08-17T18:48:05Z,2026-08-17T18:48:05Z,
144.48.135.47,ipv4,malicious-ip,medium,WHITE,ziyadnz/hourly-ipv4,ziyadnz|hourly,2026-08-17T18:48:05Z,2026-08-17T18:48:05Z,
144.48.135.9,ipv4,malicious-ip,medium,WHITE,ziyadnz/hourly-ipv4,ziyadnz|hourly,2026-08-17T18:48:05Z,2026-08-17T18:48:05Z,
144.48.151.65,ipv4,malicious-ip,medium,WHITE,ziyadnz/hourly-ipv4,ziyadnz|hourly,2026-08-17T18:48:05Z,2026-08-17T18:48:05Z,
144.48.224.10,ipv4,malicious-ip,medium,WHITE,ziyadnz/hourly-ipv4,ziyadnz|hourly,2026-08-17T18:48:05Z,2026-08-17T18:48:05Z,
144.48.224.13,ipv4,malicious-ip,medium,WHITE,ziyadnz/hourly-ipv4,ziyadnz|hourly,2026-08-17T18:48:05Z,2026-08-17T18:48:05Z,
144.48.227.74,ipv4,malicious-ip,medium,WHITE,ziyadnz/hourly-ipv4,ziyadnz|hourly,2026-08-17T18:48:05Z,2026-08-17T18:48:05Z,
144.48.241.162,ipv4,malicious-ip,medium,WHITE,ziyadnz/hourly-ipv4,ziyadnz|hourly,2026-08-17T18:48:05Z,2026-08-17T18:48:05Z,
144.48.243.153,ipv4,malicious-ip,medium,WHITE,ziyadnz/hourly-ipv4,ziyadnz|hourly,2026-08-17T18:48:05Z,2026-08-17T18:48:05Z,
144.48.4.175,ipv4,malicious-ip,medium,WHITE,ziyadnz/hourly-ipv4,ziyadnz|hourly,2026-08-17T18:48:05Z,2026-08-17T18:48:05Z,
144.48.48.76,ipv4,malicious-ip,medium,WHITE,ziyadnz/hourly-ipv4,ziyadnz|hourly,2026-08-17T18:48:05Z,2026-08-17T18:48:05Z,
144.48.52.102,ipv4,malicious-ip,medium,WHITE,ziyadnz/hourly-ipv4,ziyadnz|hourly,2026-08-17T18:48:05Z,2026-08-17T18:48:05Z,
144.48.52.254,ipv4,malicious-ip,medium,WHITE,ziyadnz/hourly-ipv4,ziyadnz|hourly,2026-08-17T18:48:05Z,2026-08-17T18:48:05Z,
144.48.6.3,ipv4,malicious-ip,medium,WHITE,ziyadnz/hourly-ipv4,ziyadnz|hourly,2026-08-17T18:48:05Z,2026-08-17T18:48:05Z,
144.48.8.10,ipv4,malicious-ip,medium,WHITE,ziyadnz/hourly-ipv4,ziyadnz|hourly,2026-08-17T18:48:05Z,2026-08-17T18:48:05Z,
144.52.140.226,ipv4,malicious-ip,medium,WHITE,ziyadnz/hourly-ipv4,ziyadnz|hourly,2026-08-17T18:48:05Z,2026-08-17T18:48:05Z,
144.52.158.196,ipv4,malicious-ip,medium,WHITE,ziyadnz/hourly-ipv4,ziyadnz|hourly,2026-08-17T18:48:05Z,2026-08-17T18:48:05Z,
144.52.161.253,ipv4,malicious-ip,medium,WHITE,ziyadnz/hourly-ipv4,ziyadnz|hourly,2026-08-17T18:48:05Z,2026-08-17T18:48:05Z,
144.52.206.250,ipv4,malicious-ip,medium,WHITE,ziyadnz/hourly-ipv4,ziyadnz|hourly,2026-08-17T18:48:05Z,2026-08-17T18:48:05Z,
144.52.229.215,ipv4,malicious-ip,medium,WHITE,ziyadnz/hourly-ipv4,ziyadnz|hourly,2026-08-17T18:48:05Z,2026-08-17T18:48:05Z,
144.52.83.139,ipv4,malicious-ip,medium,WHITE,ziyadnz/hourly-ipv4,ziyadnz|hourly,2026-08-17T18:48:05Z,2026-08-17T18:48:05Z,
144.6.236.131,ipv4,malicious-ip,medium,WHITE,ziyadnz/hourly-ipv4,ziyadnz|hourly,2026-08-17T18:48:05Z,2026-08-17T18:48:05Z,
144.6.249.32,ipv4,malicious-ip,medium,WHITE,ziyadnz/hourly-ipv4,ziyadnz|hourly,2026-08-17T18:48:05Z,2026-08-17T18:48:05Z,
144.64.58.185,ipv4,malicious-ip,medium,WHITE,ziyadnz/hourly-ipv4,ziyadnz|hourly,2026-08-17T18:48:05Z,2026-08-17T18:48:05Z,
144.7.108.132,ipv4,malicious-ip,medium,WHITE,ziyadnz/hourly-ipv4,ziyadnz|hourly,2026-08-17T18:48:05Z,2026-08-17T18:48:05Z,
144.76.173.247,ipv4,malicious-ip,medium,WHITE,ziyadnz/hourly-ipv4,ziyadnz|hourly,2026-08-17T18:48:05Z,2026-08-17T18:48:05Z,
144.76.184.94,ipv4,malicious-ip,medium,WHITE,ziyadnz/hourly-ipv4,ziyadnz|hourly,2026-08-17T18:48:05Z,2026-08-17T18:48:05Z,
144.76.32.190,ipv4,malicious-ip,medium,WHITE,ziyadnz/hourly-ipv4,ziyadnz|hourly,2026-08-17T18:48:05Z,2026-08-17T18:48:05Z,
144.76.64.174,ipv4,malicious-ip,medium,WHITE,ziyadnz/hourly-ipv4,ziyadnz|hourly,2026-08-17T18:48:05Z,2026-08-17T18:48:05Z,
144.76.69.94,ipv4,malicious-ip,medium,WHITE,ziyadnz/hourly-ipv4,ziyadnz|hourly,2026-08-17T18:48:05Z,2026-08-17T18:48:05Z,
144.76.7.190,ipv4,malicious-ip,medium,WHITE,ziyadnz/hourly-ipv4,ziyadnz|hourly,2026-08-17T18:48:05Z,2026-08-17T18:48:05Z,
144.76.78.213,ipv4,malicious-ip,medium,WHITE,ziyadnz/hourly-ipv4,ziyadnz|hourly,2026-08-17T18:48:05Z,2026-08-17T18:48:05Z,
144.79.185.243,ipv4,malicious-ip,medium,WHITE,ziyadnz/hourly-ipv4,ziyadnz|hourly,2026-08-17T18:48:05Z,2026-08-17T18:48:05Z,
144.79.187.18,ipv4,malicious-ip,medium,WHITE,ziyadnz/hourly-ipv4,ziyadnz|hourly,2026-08-17T18:48:05Z,2026-08-17T18:48:05Z,
144.79.187.23,ipv4,malicious-ip,medium,WHITE,ziyadnz/hourly-ipv4,ziyadnz|hourly,2026-08-17T18:48:05Z,2026-08-17T18:48:05Z,
144.79.187.25,ipv4,malicious-ip,medium,WHITE,ziyadnz/hourly-ipv4,ziyadnz|hourly,2026-08-17T18:48:05Z,2026-08-17T18:48:05Z,
144.79.241.247,ipv4,malicious-ip,medium,WHITE,ziyadnz/hourly-ipv4,ziyadnz|hourly,2026-08-17T18:48:05Z,2026-08-17T18:48:05Z,
144.79.57.246,ipv4,malicious-ip,medium,WHITE,ziyadnz/hourly-ipv4,ziyadnz|hourly,2026-08-17T18:48:05Z,2026-08-17T18:48:05Z,
144.86.173.102,ipv4,malicious-ip,medium,WHITE,ziyadnz/hourly-ipv4,ziyadnz|hourly,2026-08-17T18:48:05Z,2026-08-17T18:48:05Z,
144.86.173.103,ipv4,malicious-ip,medium,WHITE,ziyadnz/hourly-ipv4,ziyadnz|hourly,2026-08-17T18:48:05Z,2026-08-17T18:48:05Z,
144.86.173.104,ipv4,malicious-ip,medium,WHITE,ziyadnz/hourly-ipv4,ziyadnz|hourly,2026-08-17T18:48:05Z,2026-08-17T18:48:05Z,
144.86.173.107,ipv4,malicious-ip,medium,WHITE,ziyadnz/hourly-ipv4,ziyadnz|hourly,2026-08-17T18:48:05Z,2026-08-17T18:48:05Z,
144.86.173.109,ipv4,malicious-ip,medium,WHITE,ziyadnz/hourly-ipv4,ziyadnz|hourly,2026-08-17T18:48:05Z,2026-08-17T18:48:05Z,
144.86.173.11,ipv4,malicious-ip,medium,WHITE,ziyadnz/hourly-ipv4,ziyadnz|hourly,2026-08-17T18:48:05Z,2026-08-17T18:48:05Z,
144.86.173.110,ipv4,malicious-ip,medium,WHITE,ziyadnz/hourly-ipv4,ziyadnz|hourly,2026-08-17T18:48:05Z,2026-08-17T18:48:05Z,
144.86.173.111,ipv4,malicious-ip,medium,WHITE,ziyadnz/hourly-ipv4,ziyadnz|hourly,2026-08-17T18:48:05Z,2026-08-17T18:48:05Z,
144.86.173.113,ipv4,malicious-ip,medium,WHITE,ziyadnz/hourly-ipv4,ziyadnz|hourly,2026-08-17T18:48:05Z,2026-08-17T18:48:05Z,
144.86.173.114,ipv4,malicious-ip,medium,WHITE,ziyadnz/hourly-ipv4,ziyadnz|hourly,2026-08-17T18:48:05Z,2026-08-17T18:48:05Z,
144.86.173.117,ipv4,malicious-ip,medium,WHITE,ziyadnz/hourly-ipv4,ziyadnz|hourly,2026-08-17T18:48:05Z,2026-08-17T18:48:05Z,
144.86.173.118,ipv4,malicious-ip,medium,WHITE,ziyadnz/hourly-ipv4,ziyadnz|hourly,2026-08-17T18:48:05Z,2026-08-17T18:48:05Z,
144.86.173.119,ipv4,malicious-ip,medium,WHITE,ziyadnz/hourly-ipv4,ziyadnz|hourly,2026-08-17T18:48:05Z,2026-08-17T18:48:05Z,
144.86.173.12,ipv4,malicious-ip,medium,WHITE,ziyadnz/hourly-ipv4,ziyadnz|hourly,2026-08-17T18:48:05Z,2026-08-17T18:48:05Z,
144.86.173.120,ipv4,malicious-ip,medium,WHITE,ziyadnz/hourly-ipv4,ziyadnz|hourly,2026-08-17T18:48:05Z,2026-08-17T18:48:05Z,
144.86.173.121,ipv4,malicious-ip,medium,WHITE,ziyadnz/hourly-ipv4,ziyadnz|hourly,2026-08-17T18:48:05Z,2026-08-17T18:48:05Z,
144.86.173.122,ipv4,malicious-ip,medium,WHITE,ziyadnz/hourly-ipv4,ziyadnz|hourly,2026-08-17T18:48:05Z,2026-08-17T18:48:05Z,
144.86.173.125,ipv4,malicious-ip,medium,WHITE,ziyadnz/hourly-ipv4,ziyadnz|hourly,2026-08-17T18:48:05Z,2026-08-17T18:48:05Z,
144.86.173.126,ipv4,malicious-ip,medium,WHITE,ziyadnz/hourly-ipv4,ziyadnz|hourly,2026-08-17T18:48:05Z,2026-08-17T18:48:05Z,
144.86.173.127,ipv4,malicious-ip,medium,WHITE,ziyadnz/hourly-ipv4,ziyadnz|hourly,2026-08-17T18:48:05Z,2026-08-17T18:48:05Z,
144.86.173.131,ipv4,malicious-ip,medium,WHITE,ziyadnz/hourly-ipv4,ziyadnz|hourly,2026-08-17T18:48:05Z,2026-08-17T18:48:05Z,
144.86.173.133,ipv4,malicious-ip,medium,WHITE,ziyadnz/hourly-ipv4,ziyadnz|hourly,2026-08-17T18:48:05Z,2026-08-17T18:48:05Z,
144.86.173.134,ipv4,malicious-ip,medium,WHITE,ziyadnz/hourly-ipv4,ziyadnz|hourly,2026-08-17T18:48:05Z,2026-08-17T18:48:05Z,
144.86.173.137,ipv4,malicious-ip,medium,WHITE,ziyadnz/hourly-ipv4,ziyadnz|hourly,2026-08-17T18:48:05Z,2026-08-17T18:48:05Z,
144.86.173.138,ipv4,malicious-ip,medium,WHITE,ziyadnz/hourly-ipv4,ziyadnz|hourly,2026-08-17T18:48:05Z,2026-08-17T18:48:05Z,
144.86.173.141,ipv4,malicious-ip,medium,WHITE,ziyadnz/hourly-ipv4,ziyadnz|hourly,2026-08-17T18:48:05Z,2026-08-17T18:48:05Z,
144.86.173.142,ipv4,malicious-ip,medium,WHITE,ziyadnz/hourly-ipv4,ziyadnz|hourly,2026-08-17T18:48:05Z,2026-08-17T18:48:05Z,
144.86.173.144,ipv4,malicious-ip,medium,WHITE,ziyadnz/hourly-ipv4,ziyadnz|hourly,2026-08-17T18:48:05Z,2026-08-17T18:48:05Z,
144.86.173.145,ipv4,malicious-ip,medium,WHITE,ziyadnz/hourly-ipv4,ziyadnz|hourly,2026-08-17T18:48:05Z,2026-08-17T18:48:05Z,
144.86.173.146,ipv4,malicious-ip,medium,WHITE,ziyadnz/hourly-ipv4,ziyadnz|hourly,2026-08-17T18:48:05Z,2026-08-17T18:48:05Z,
144.86.173.148,ipv4,malicious-ip,medium,WHITE,ziyadnz/hourly-ipv4,ziyadnz|hourly,2026-08-17T18:48:05Z,2026-08-17T18:48:05Z,
144.86.173.15,ipv4,malicious-ip,medium,WHITE,ziyadnz/hourly-ipv4,ziyadnz|hourly,2026-08-17T18:48:05Z,2026-08-17T18:48:05Z,
144.86.173.151,ipv4,malicious-ip,medium,WHITE,ziyadnz/hourly-ipv4,ziyadnz|hourly,2026-08-17T18:48:05Z,2026-08-17T18:48:05Z,
144.86.173.152,ipv4,malicious-ip,medium,WHITE,ziyadnz/hourly-ipv4,ziyadnz|hourly,2026-08-17T18:48:05Z,2026-08-17T18:48:05Z,
144.86.173.155,ipv4,malicious-ip,medium,WHITE,ziyadnz/hourly-ipv4,ziyadnz|hourly,2026-08-17T18:48:05Z,2026-08-17T18:48:05Z,
144.86.173.16,ipv4,malicious-ip,medium,WHITE,ziyadnz/hourly-ipv4,ziyadnz|hourly,2026-08-17T18:48:05Z,2026-08-17T18:48:05Z,
144.86.173.161,ipv4,malicious-ip,medium,WHITE,ziyadnz/hourly-ipv4,ziyadnz|hourly,2026-08-17T18:48:05Z,2026-08-17T18:48:05Z,
144.86.173.164,ipv4,malicious-ip,medium,WHITE,ziyadnz/hourly-ipv4,ziyadnz|hourly,2026-08-17T18:48:05Z,2026-08-17T18:48:05Z,
144.86.173.166,ipv4,malicious-ip,medium,WHITE,ziyadnz/hourly-ipv4,ziyadnz|hourly,2026-08-17T18:48:05Z,2026-08-17T18:48:05Z,
144.86.173.169,ipv4,malicious-ip,medium,WHITE,ziyadnz/hourly-ipv4,ziyadnz|hourly,2026-08-17T18:48:05Z,2026-08-17T18:48:05Z,
144.86.173.174,ipv4,malicious-ip,medium,WHITE,ziyadnz/hourly-ipv4,ziyadnz|hourly,2026-08-17T18:48:05Z,2026-08-17T18:48:05Z,
144.86.173.175,ipv4,malicious-ip,medium,WHITE,ziyadnz/hourly-ipv4,ziyadnz|hourly,2026-08-17T18:48:05Z,2026-08-17T18:48:05Z,
144.86.173.176,ipv4,malicious-ip,medium,WHITE,ziyadnz/hourly-ipv4,ziyadnz|hourly,2026-08-17T18:48:05Z,2026-08-17T18:48:05Z,
144.86.173.179,ipv4,malicious-ip,medium,WHITE,ziyadnz/hourly-ipv4,ziyadnz|hourly,2026-08-17T18:48:05Z,2026-08-17T18:48:05Z,
144.86.173.18,ipv4,malicious-ip,medium,WHITE,ziyadnz/hourly-ipv4,ziyadnz|hourly,2026-08-17T18:48:05Z,2026-08-17T18:48:05Z,
144.86.173.183,ipv4,malicious-ip,medium,WHITE,ziyadnz/hourly-ipv4,ziyadnz|hourly,2026-08-17T18:48:05Z,2026-08-17T18:48:05Z,
144.86.173.184,ipv4,malicious-ip,medium,WHITE,ziyadnz/hourly-ipv4,ziyadnz|hourly,2026-08-17T18:48:05Z,2026-08-17T18:48:05Z,
144.86.173.187,ipv4,malicious-ip,medium,WHITE,ziyadnz/hourly-ipv4,ziyadnz|hourly,2026-08-17T18:48:05Z,2026-08-17T18:48:05Z,
144.86.173.188,ipv4,malicious-ip,medium,WHITE,ziyadnz/hourly-ipv4,ziyadnz|hourly,2026-08-17T18:48:05Z,2026-08-17T18:48:05Z,
144.86.173.19,ipv4,malicious-ip,medium,WHITE,ziyadnz/hourly-ipv4,ziyadnz|hourly,2026-08-17T18:48:05Z,2026-08-17T18:48:05Z,
144.86.173.190,ipv4,malicious-ip,medium,WHITE,ziyadnz/hourly-ipv4,ziyadnz|hourly,2026-08-17T18:48:05Z,2026-08-17T18:48:05Z,
144.86.173.193,ipv4,malicious-ip,medium,WHITE,ziyadnz/hourly-ipv4,ziyadnz|hourly,2026-08-17T18:48:05Z,2026-08-17T18:48:05Z,
144.86.173.195,ipv4,malicious-ip,medium,WHITE,ziyadnz/hourly-ipv4,ziyadnz|hourly,2026-08-17T18:48:05Z,2026-08-17T18:48:05Z,
144.86.173.199,ipv4,malicious-ip,medium,WHITE,ziyadnz/hourly-ipv4,ziyadnz|hourly,2026-08-17T18:48:05Z,2026-08-17T18:48:05Z,
144.86.173.2,ipv4,malicious-ip,medium,WHITE,ziyadnz/hourly-ipv4,ziyadnz|hourly,2026-08-17T18:48:05Z,2026-08-17T18:48:05Z,
144.86.173.20,ipv4,malicious-ip,medium,WHITE,ziyadnz/hourly-ipv4,ziyadnz|hourly,2026-08-17T18:48:05Z,2026-08-17T18:48:05Z,
144.86.173.200,ipv4,malicious-ip,medium,WHITE,ziyadnz/hourly-ipv4,ziyadnz|hourly,2026-08-17T18:48:05Z,2026-08-17T18:48:05Z,
144.86.173.201,ipv4,malicious-ip,medium,WHITE,ziyadnz/hourly-ipv4,ziyadnz|hourly,2026-08-17T18:48:05Z,2026-08-17T18:48:05Z,
144.86.173.203,ipv4,malicious-ip,medium,WHITE,ziyadnz/hourly-ipv4,ziyadnz|hourly,2026-08-17T18:48:05Z,2026-08-17T18:48:05Z,
144.86.173.204,ipv4,malicious-ip,medium,WHITE,ziyadnz/hourly-ipv4,ziyadnz|hourly,2026-08-17T18:48:05Z,2026-08-17T18:48:05Z,
144.86.173.205,ipv4,malicious-ip,medium,WHITE,ziyadnz/hourly-ipv4,ziyadnz|hourly,2026-08-17T18:48:05Z,2026-08-17T18:48:05Z,
144.86.173.206,ipv4,malicious-ip,medium,WHITE,ziyadnz/hourly-ipv4,ziyadnz|hourly,2026-08-17T18:48:05Z,2026-08-17T18:48:05Z,
144.86.173.208,ipv4,malicious-ip,medium,WHITE,ziyadnz/hourly-ipv4,ziyadnz|hourly,2026-08-17T18:48:05Z,2026-08-17T18:48:05Z,
144.86.173.209,ipv4,malicious-ip,medium,WHITE,ziyadnz/hourly-ipv4,ziyadnz|hourly,2026-08-17T18:48:05Z,2026-08-17T18:48:05Z,
144.86.173.21,ipv4,malicious-ip,medium,WHITE,ziyadnz/hourly-ipv4,ziyadnz|hourly,2026-08-17T18:48:05Z,2026-08-17T18:48:05Z,
144.86.173.211,ipv4,malicious-ip,medium,WHITE,ziyadnz/hourly-ipv4,ziyadnz|hourly,2026-08-17T18:48:05Z,2026-08-17T18:48:05Z,
144.86.173.213,ipv4,malicious-ip,medium,WHITE,ziyadnz/hourly-ipv4,ziyadnz|hourly,2026-08-17T18:48:05Z,2026-08-17T18:48:05Z,
144.86.173.214,ipv4,malicious-ip,medium,WHITE,ziyadnz/hourly-ipv4,ziyadnz|hourly,2026-08-17T18:48:05Z,2026-08-17T18:48:05Z,
144.86.173.215,ipv4,malicious-ip,medium,WHITE,ziyadnz/hourly-ipv4,ziyadnz|hourly,2026-08-17T18:48:05Z,2026-08-17T18:48:05Z,
144.86.173.216,ipv4,malicious-ip,medium,WHITE,ziyadnz/hourly-ipv4,ziyadnz|hourly,2026-08-17T18:48:05Z,2026-08-17T18:48:05Z,
144.86.173.217,ipv4,malicious-ip,medium,WHITE,ziyadnz/hourly-ipv4,ziyadnz|hourly,2026-08-17T18:48:05Z,2026-08-17T18:48:05Z,
144.86.173.219,ipv4,malicious-ip,medium,WHITE,ziyadnz/hourly-ipv4,ziyadnz|hourly,2026-08-17T18:48:05Z,2026-08-17T18:48:05Z,
144.86.173.22,ipv4,malicious-ip,medium,WHITE,ziyadnz/hourly-ipv4,ziyadnz|hourly,2026-08-17T18:48:05Z,2026-08-17T18:48:05Z,
144.86.173.220,ipv4,malicious-ip,medium,WHITE,ziyadnz/hourly-ipv4,ziyadnz|hourly,2026-08-17T18:48:05Z,2026-08-17T18:48:05Z,
144.86.173.222,ipv4,malicious-ip,medium,WHITE,ziyadnz/hourly-ipv4,ziyadnz|hourly,2026-08-17T18:48:05Z,2026-08-17T18:48:05Z,
144.86.173.224,ipv4,malicious-ip,medium,WHITE,ziyadnz/hourly-ipv4,ziyadnz|hourly,2026-08-17T18:48:05Z,2026-08-17T18:48:05Z,
144.86.173.226,ipv4,malicious-ip,medium,WHITE,ziyadnz/hourly-ipv4,ziyadnz|hourly,2026-08-17T18:48:05Z,2026-08-17T18:48:05Z,
144.86.173.228,ipv4,malicious-ip,medium,WHITE,ziyadnz/hourly-ipv4,ziyadnz|hourly,2026-08-17T18:48:05Z,2026-08-17T18:48:05Z,
144.86.173.229,ipv4,malicious-ip,medium,WHITE,ziyadnz/hourly-ipv4,ziyadnz|hourly,2026-08-17T18:48:05Z,2026-08-17T18:48:05Z,
144.86.173.23,ipv4,malicious-ip,medium,WHITE,ziyadnz/hourly-ipv4,ziyadnz|hourly,2026-08-17T18:48:05Z,2026-08-17T18:48:05Z,
144.86.173.230,ipv4,malicious-ip,medium,WHITE,ziyadnz/hourly-ipv4,ziyadnz|hourly,2026-08-17T18:48:05Z,2026-08-17T18:48:05Z,
144.86.173.231,ipv4,malicious-ip,medium,WHITE,ziyadnz/hourly-ipv4,ziyadnz|hourly,2026-08-17T18:48:05Z,2026-08-17T18:48:05Z,
144.86.173.233,ipv4,malicious-ip,medium,WHITE,ziyadnz/hourly-ipv4,ziyadnz|hourly,2026-08-17T18:48:05Z,2026-08-17T18:48:05Z,
144.86.173.234,ipv4,malicious-ip,medium,WHITE,ziyadnz/hourly-ipv4,ziyadnz|hourly,2026-08-17T18:48:05Z,2026-08-17T18:48:05Z,
144.86.173.237,ipv4,malicious-ip,medium,WHITE,ziyadnz/hourly-ipv4,ziyadnz|hourly,2026-08-17T18:48:05Z,2026-08-17T18:48:05Z,
144.86.173.238,ipv4,malicious-ip,medium,WHITE,ziyadnz/hourly-ipv4,ziyadnz|hourly,2026-08-17T18:48:05Z,2026-08-17T18:48:05Z,
144.86.173.239,ipv4,malicious-ip,medium,WHITE,ziyadnz/hourly-ipv4,ziyadnz|hourly,2026-08-17T18:48:05Z,2026-08-17T18:48:05Z,
144.86.173.24,ipv4,malicious-ip,medium,WHITE,ziyadnz/hourly-ipv4,ziyadnz|hourly,2026-08-17T18:48:05Z,2026-08-17T18:48:05Z,
144.86.173.240,ipv4,malicious-ip,medium,WHITE,ziyadnz/hourly-ipv4,ziyadnz|hourly,2026-08-17T18:48:05Z,2026-08-17T18:48:05Z,
144.86.173.241,ipv4,malicious-ip,medium,WHITE,ziyadnz/hourly-ipv4,ziyadnz|hourly,2026-08-17T18:48:05Z,2026-08-17T18:48:05Z,
144.86.173.243,ipv4,malicious-ip,medium,WHITE,ziyadnz/hourly-ipv4,ziyadnz|hourly,2026-08-17T18:48:05Z,2026-08-17T18:48:05Z,
144.86.173.244,ipv4,malicious-ip,medium,WHITE,ziyadnz/hourly-ipv4,ziyadnz|hourly,2026-08-17T18:48:05Z,2026-08-17T18:48:05Z,
144.86.173.245,ipv4,malicious-ip,medium,WHITE,ziyadnz/hourly-ipv4,ziyadnz|hourly,2026-08-17T18:48:05Z,2026-08-17T18:48:05Z,
144.86.173.246,ipv4,malicious-ip,medium,WHITE,ziyadnz/hourly-ipv4,ziyadnz|hourly,2026-08-17T18:48:05Z,2026-08-17T18:48:05Z,
144.86.173.248,ipv4,malicious-ip,medium,WHITE,ziyadnz/hourly-ipv4,ziyadnz|hourly,2026-08-17T18:48:05Z,2026-08-17T18:48:05Z,
144.86.173.25,ipv4,malicious-ip,medium,WHITE,ziyadnz/hourly-ipv4,ziyadnz|hourly,2026-08-17T18:48:05Z,2026-08-17T18:48:05Z,
144.86.173.250,ipv4,malicious-ip,medium,WHITE,ziyadnz/hourly-ipv4,ziyadnz|hourly,2026-08-17T18:48:05Z,2026-08-17T18:48:05Z,
144.86.173.251,ipv4,malicious-ip,medium,WHITE,ziyadnz/hourly-ipv4,ziyadnz|hourly,2026-08-17T18:48:05Z,2026-08-17T18:48:05Z,
144.86.173.254,ipv4,malicious-ip,medium,WHITE,ziyadnz/hourly-ipv4,ziyadnz|hourly,2026-08-17T18:48:05Z,2026-08-17T18:48:05Z,
144.86.173.255,ipv4,malicious-ip,medium,WHITE,ziyadnz/hourly-ipv4,ziyadnz|hourly,2026-08-17T18:48:05Z,2026-08-17T18:48:05Z,
144.86.173.26,ipv4,malicious-ip,medium,WHITE,ziyadnz/hourly-ipv4,ziyadnz|hourly,2026-08-17T18:48:05Z,2026-08-17T18:48:05Z,
144.86.173.28,ipv4,malicious-ip,medium,WHITE,ziyadnz/hourly-ipv4,ziyadnz|hourly,2026-08-17T18:48:05Z,2026-08-17T18:48:05Z,
144.86.173.29,ipv4,malicious-ip,medium,WHITE,ziyadnz/hourly-ipv4,ziyadnz|hourly,2026-08-17T18:48:05Z,2026-08-17T18:48:05Z,
144.86.173.30,ipv4,malicious-ip,medium,WHITE,ziyadnz/hourly-ipv4,ziyadnz|hourly,2026-08-17T18:48:05Z,2026-08-17T18:48:05Z,
144.86.173.33,ipv4,malicious-ip,medium,WHITE,ziyadnz/hourly-ipv4,ziyadnz|hourly,2026-08-17T18:48:05Z,2026-08-17T18:48:05Z,
144.86.173.34,ipv4,malicious-ip,medium,WHITE,ziyadnz/hourly-ipv4,ziyadnz|hourly,2026-08-17T18:48:05Z,2026-08-17T18:48:05Z,
144.86.173.36,ipv4,malicious-ip,medium,WHITE,ziyadnz/hourly-ipv4,ziyadnz|hourly,2026-08-17T18:48:05Z,2026-08-17T18:48:05Z,
144.86.173.37,ipv4,malicious-ip,medium,WHITE,ziyadnz/hourly-ipv4,ziyadnz|hourly,2026-08-17T18:48:05Z,2026-08-17T18:48:05Z,
144.86.173.38,ipv4,malicious-ip,medium,WHITE,ziyadnz/hourly-ipv4,ziyadnz|hourly,2026-08-17T18:48:05Z,2026-08-17T18:48:05Z,
144.86.173.39,ipv4,malicious-ip,medium,WHITE,ziyadnz/hourly-ipv4,ziyadnz|hourly,2026-08-17T18:48:05Z,2026-08-17T18:48:05Z,
144.86.173.41,ipv4,malicious-ip,medium,WHITE,ziyadnz/hourly-ipv4,ziyadnz|hourly,2026-08-17T18:48:05Z,2026-08-17T18:48:05Z,
144.86.173.42,ipv4,malicious-ip,medium,WHITE,ziyadnz/hourly-ipv4,ziyadnz|hourly,2026-08-17T18:48:05Z,2026-08-17T18:48:05Z,
144.86.173.43,ipv4,malicious-ip,medium,WHITE,ziyadnz/hourly-ipv4,ziyadnz|hourly,2026-08-17T18:48:05Z,2026-08-17T18:48:05Z,
144.86.173.45,ipv4,malicious-ip,medium,WHITE,ziyadnz/hourly-ipv4,ziyadnz|hourly,2026-08-17T18:48:05Z,2026-08-17T18:48:05Z,
144.86.173.46,ipv4,malicious-ip,medium,WHITE,ziyadnz/hourly-ipv4,ziyadnz|hourly,2026-08-17T18:48:05Z,2026-08-17T18:48:05Z,
144.86.173.48,ipv4,malicious-ip,medium,WHITE,ziyadnz/hourly-ipv4,ziyadnz|hourly,2026-08-17T18:48:05Z,2026-08-17T18:48:05Z,
144.86.173.5,ipv4,malicious-ip,medium,WHITE,ziyadnz/hourly-ipv4,ziyadnz|hourly,2026-08-17T18:48:05Z,2026-08-17T18:48:05Z,
144.86.173.50,ipv4,malicious-ip,medium,WHITE,ziyadnz/hourly-ipv4,ziyadnz|hourly,2026-08-17T18:48:05Z,2026-08-17T18:48:05Z,
144.86.173.53,ipv4,malicious-ip,medium,WHITE,ziyadnz/hourly-ipv4,ziyadnz|hourly,2026-08-17T18:48:05Z,2026-08-17T18:48:05Z,
144.86.173.54,ipv4,malicious-ip,medium,WHITE,ziyadnz/hourly-ipv4,ziyadnz|hourly,2026-08-17T18:48:05Z,2026-08-17T18:48:05Z,
144.86.173.55,ipv4,malicious-ip,medium,WHITE,ziyadnz/hourly-ipv4,ziyadnz|hourly,2026-08-17T18:48:05Z,2026-08-17T18:48:05Z,
144.86.173.56,ipv4,malicious-ip,medium,WHITE,ziyadnz/hourly-ipv4,ziyadnz|hourly,2026-08-17T18:48:05Z,2026-08-17T18:48:05Z,
144.86.173.57,ipv4,malicious-ip,medium,WHITE,ziyadnz/hourly-ipv4,ziyadnz|hourly,2026-08-17T18:48:05Z,2026-08-17T18:48:05Z,
144.86.173.59,ipv4,malicious-ip,medium,WHITE,ziyadnz/hourly-ipv4,ziyadnz|hourly,2026-08-17T18:48:05Z,2026-08-17T18:48:05Z,
144.86.173.6,ipv4,malicious-ip,medium,WHITE,ziyadnz/hourly-ipv4,ziyadnz|hourly,2026-08-17T18:48:05Z,2026-08-17T18:48:05Z,
144.86.173.60,ipv4,malicious-ip,medium,WHITE,ziyadnz/hourly-ipv4,ziyadnz|hourly,2026-08-17T18:48:05Z,2026-08-17T18:48:05Z,
144.86.173.61,ipv4,malicious-ip,medium,WHITE,ziyadnz/hourly-ipv4,ziyadnz|hourly,2026-08-17T18:48:05Z,2026-08-17T18:48:05Z,
144.86.173.62,ipv4,malicious-ip,medium,WHITE,ziyadnz/hourly-ipv4,ziyadnz|hourly,2026-08-17T18:48:05Z,2026-08-17T18:48:05Z,
144.86.173.68,ipv4,malicious-ip,medium,WHITE,ziyadnz/hourly-ipv4,ziyadnz|hourly,2026-08-17T18:48:05Z,2026-08-17T18:48:05Z,
144.86.173.7,ipv4,malicious-ip,medium,WHITE,ziyadnz/hourly-ipv4,ziyadnz|hourly,2026-08-17T18:48:05Z,2026-08-17T18:48:05Z,
144.86.173.70,ipv4,malicious-ip,medium,WHITE,ziyadnz/hourly-ipv4,ziyadnz|hourly,2026-08-17T18:48:05Z,2026-08-17T18:48:05Z,
144.86.173.72,ipv4,malicious-ip,medium,WHITE,ziyadnz/hourly-ipv4,ziyadnz|hourly,2026-08-17T18:48:05Z,2026-08-17T18:48:05Z,
144.86.173.73,ipv4,malicious-ip,medium,WHITE,ziyadnz/hourly-ipv4,ziyadnz|hourly,2026-08-17T18:48:05Z,2026-08-17T18:48:05Z,
144.86.173.76,ipv4,malicious-ip,medium,WHITE,ziyadnz/hourly-ipv4,ziyadnz|hourly,2026-08-17T18:48:05Z,2026-08-17T18:48:05Z,
144.86.173.77,ipv4,malicious-ip,medium,WHITE,ziyadnz/hourly-ipv4,ziyadnz|hourly,2026-08-17T18:48:05Z,2026-08-17T18:48:05Z,
144.86.173.78,ipv4,malicious-ip,medium,WHITE,ziyadnz/hourly-ipv4,ziyadnz|hourly,2026-08-17T18:48:05Z,2026-08-17T18:48:05Z,
144.86.173.8,ipv4,malicious-ip,medium,WHITE,ziyadnz/hourly-ipv4,ziyadnz|hourly,2026-08-17T18:48:05Z,2026-08-17T18:48:05Z,
144.86.173.82,ipv4,malicious-ip,medium,WHITE,ziyadnz/hourly-ipv4,ziyadnz|hourly,2026-08-17T18:48:05Z,2026-08-17T18:48:05Z,
144.86.173.83,ipv4,malicious-ip,medium,WHITE,ziyadnz/hourly-ipv4,ziyadnz|hourly,2026-08-17T18:48:05Z,2026-08-17T18:48:05Z,
144.86.173.84,ipv4,malicious-ip,medium,WHITE,ziyadnz/hourly-ipv4,ziyadnz|hourly,2026-08-17T18:48:05Z,2026-08-17T18:48:05Z,
144.86.173.85,ipv4,malicious-ip,medium,WHITE,ziyadnz/hourly-ipv4,ziyadnz|hourly,2026-08-17T18:48:05Z,2026-08-17T18:48:05Z,
144.86.173.87,ipv4,malicious-ip,medium,WHITE,ziyadnz/hourly-ipv4,ziyadnz|hourly,2026-08-17T18:48:05Z,2026-08-17T18:48:05Z,
144.86.173.88,ipv4,malicious-ip,medium,WHITE,ziyadnz/hourly-ipv4,ziyadnz|hourly,2026-08-17T18:48:05Z,2026-08-17T18:48:05Z,
144.86.173.9,ipv4,malicious-ip,medium,WHITE,ziyadnz/hourly-ipv4,ziyadnz|hourly,2026-08-17T18:48:05Z,2026-08-17T18:48:05Z,
144.86.173.91,ipv4,malicious-ip,medium,WHITE,ziyadnz/hourly-ipv4,ziyadnz|hourly,2026-08-17T18:48:05Z,2026-08-17T18:48:05Z,
144.86.173.92,ipv4,malicious-ip,medium,WHITE,ziyadnz/hourly-ipv4,ziyadnz|hourly,2026-08-17T18:48:05Z,2026-08-17T18:48:05Z,
144.86.173.94,ipv4,malicious-ip,medium,WHITE,ziyadnz/hourly-ipv4,ziyadnz|hourly,2026-08-17T18:48:05Z,2026-08-17T18:48:05Z,
144.86.173.95,ipv4,malicious-ip,medium,WHITE,ziyadnz/hourly-ipv4,ziyadnz|hourly,2026-08-17T18:48:05Z,2026-08-17T18:48:05Z,
144.86.173.97,ipv4,malicious-ip,medium,WHITE,ziyadnz/hourly-ipv4,ziyadnz|hourly,2026-08-17T18:48:05Z,2026-08-17T18:48:05Z,
144.86.173.98,ipv4,malicious-ip,medium,WHITE,ziyadnz/hourly-ipv4,ziyadnz|hourly,2026-08-17T18:48:05Z,2026-08-17T18:48:05Z,
144.86.173.99,ipv4,malicious-ip,medium,WHITE,ziyadnz/hourly-ipv4,ziyadnz|hourly,2026-08-17T18:48:05Z,2026-08-17T18:48:05Z,
144.91.102.138,ipv4,malicious-ip,medium,WHITE,ziyadnz/hourly-ipv4,ziyadnz|hourly,2026-08-17T18:48:05Z,2026-08-17T18:48:05Z,
144.91.103.204,ipv4,malicious-ip,medium,WHITE,ziyadnz/hourly-ipv4,ziyadnz|hourly,2026-08-17T18:48:05Z,2026-08-17T18:48:05Z,
144.91.107.104,ipv4,malicious-ip,medium,WHITE,ziyadnz/hourly-ipv4,ziyadnz|hourly,2026-08-17T18:48:05Z,2026-08-17T18:48:05Z,
144.91.111.110,ipv4,malicious-ip,medium,WHITE,ziyadnz/hourly-ipv4,ziyadnz|hourly,2026-08-17T18:48:05Z,2026-08-17T18:48:05Z,
144.91.117.173,ipv4,malicious-ip,medium,WHITE,ziyadnz/hourly-ipv4,ziyadnz|hourly,2026-08-17T18:48:05Z,2026-08-17T18:48:05Z,
144.91.119.115,ipv4,malicious-ip,medium,WHITE,ziyadnz/hourly-ipv4,ziyadnz|hourly,2026-08-17T18:48:05Z,2026-08-17T18:48:05Z,
144.91.123.172,ipv4,malicious-ip,medium,WHITE,ziyadnz/hourly-ipv4,ziyadnz|hourly,2026-08-17T18:48:05Z,2026-08-17T18:48:05Z,
144.91.126.215,ipv4,malicious-ip,medium,WHITE,ziyadnz/hourly-ipv4,ziyadnz|hourly,2026-08-17T18:48:05Z,2026-08-17T18:48:05Z,
144.91.66.169,ipv4,malicious-ip,medium,WHITE,ziyadnz/hourly-ipv4,ziyadnz|hourly,2026-08-17T18:48:05Z,2026-08-17T18:48:05Z,
144.91.67.239,ipv4,malicious-ip,medium,WHITE,ziyadnz/hourly-ipv4,ziyadnz|hourly,2026-08-17T18:48:05Z,2026-08-17T18:48:05Z,
144.91.72.17,ipv4,malicious-ip,medium,WHITE,ziyadnz/hourly-ipv4,ziyadnz|hourly,2026-08-17T18:48:05Z,2026-08-17T18:48:05Z,
144.91.80.151,ipv4,malicious-ip,medium,WHITE,ziyadnz/hourly-ipv4,ziyadnz|hourly,2026-08-17T18:48:05Z,2026-08-17T18:48:05Z,
144.91.86.102,ipv4,malicious-ip,medium,WHITE,ziyadnz/hourly-ipv4,ziyadnz|hourly,2026-08-17T18:48:05Z,2026-08-17T18:48:05Z,
144.96.103.245,ipv4,malicious-ip,medium,WHITE,ziyadnz/hourly-ipv4,ziyadnz|hourly,2026-08-17T18:48:05Z,2026-08-17T18:48:05Z,
145.116.218.1,ipv4,malicious-ip,medium,WHITE,ziyadnz/hourly-ipv4,ziyadnz|hourly,2026-08-17T18:48:05Z,2026-08-17T18:48:05Z,
145.132.102.99,ipv4,malicious-ip,medium,WHITE,ziyadnz/hourly-ipv4,ziyadnz|hourly,2026-08-17T18:48:05Z,2026-08-17T18:48:05Z,
145.132.99.98,ipv4,malicious-ip,medium,WHITE,ziyadnz/hourly-ipv4,ziyadnz|hourly,2026-08-17T18:48:05Z,2026-08-17T18:48:05Z,
145.14.139.251,ipv4,malicious-ip,medium,WHITE,ziyadnz/hourly-ipv4,ziyadnz|hourly,2026-08-17T18:48:05Z,2026-08-17T18:48:05Z,
145.14.144.13,ipv4,malicious-ip,medium,WHITE,ziyadnz/hourly-ipv4,ziyadnz|hourly,2026-08-17T18:48:05Z,2026-08-17T18:48:05Z,
145.14.144.214,ipv4,malicious-ip,medium,WHITE,ziyadnz/hourly-ipv4,ziyadnz|hourly,2026-08-17T18:48:05Z,2026-08-17T18:48:05Z,
145.14.145.176,ipv4,malicious-ip,medium,WHITE,ziyadnz/hourly-ipv4,ziyadnz|hourly,2026-08-17T18:48:05Z,2026-08-17T18:48:05Z,
145.14.145.182,ipv4,malicious-ip,medium,WHITE,ziyadnz/hourly-ipv4,ziyadnz|hourly,2026-08-17T18:48:05Z,2026-08-17T18:48:05Z,
145.14.145.229,ipv4,malicious-ip,medium,WHITE,ziyadnz/hourly-ipv4,ziyadnz|hourly,2026-08-17T18:48:05Z,2026-08-17T18:48:05Z,
145.14.145.3,ipv4,malicious-ip,medium,WHITE,ziyadnz/hourly-ipv4,ziyadnz|hourly,2026-08-17T18:48:05Z,2026-08-17T18:48:05Z,
145.14.145.4,ipv4,malicious-ip,medium,WHITE,ziyadnz/hourly-ipv4,ziyadnz|hourly,2026-08-17T18:48:05Z,2026-08-17T18:48:05Z,
145.14.145.53,ipv4,malicious-ip,medium,WHITE,ziyadnz/hourly-ipv4,ziyadnz|hourly,2026-08-17T18:48:05Z,2026-08-17T18:48:05Z,
145.14.145.99,ipv4,malicious-ip,medium,WHITE,ziyadnz/hourly-ipv4,ziyadnz|hourly,2026-08-17T18:48:05Z,2026-08-17T18:48:05Z,
145.223.116.66,ipv4,malicious-ip,medium,WHITE,ziyadnz/hourly-ipv4,ziyadnz|hourly,2026-08-17T18:48:05Z,2026-08-17T18:48:05Z,
145.223.131.215,ipv4,malicious-ip,medium,WHITE,ziyadnz/hourly-ipv4,ziyadnz|hourly,2026-08-17T18:48:05Z,2026-08-17T18:48:05Z,
145.223.68.66,ipv4,malicious-ip,medium,WHITE,ziyadnz/hourly-ipv4,ziyadnz|hourly,2026-08-17T18:48:05Z,2026-08-17T18:48:05Z,
145.223.69.143,ipv4,malicious-ip,medium,WHITE,ziyadnz/hourly-ipv4,ziyadnz|hourly,2026-08-17T18:48:05Z,2026-08-17T18:48:05Z,
145.224.101.62,ipv4,malicious-ip,medium,WHITE,ziyadnz/hourly-ipv4,ziyadnz|hourly,2026-08-17T18:48:05Z,2026-08-17T18:48:05Z,
145.224.122.242,ipv4,malicious-ip,medium,WHITE,ziyadnz/hourly-ipv4,ziyadnz|hourly,2026-08-17T18:48:05Z,2026-08-17T18:48:05Z,
145.224.72.91,ipv4,malicious-ip,medium,WHITE,ziyadnz/hourly-ipv4,ziyadnz|hourly,2026-08-17T18:48:05Z,2026-08-17T18:48:05Z,
145.224.74.45,ipv4,malicious-ip,medium,WHITE,ziyadnz/hourly-ipv4,ziyadnz|hourly,2026-08-17T18:48:05Z,2026-08-17T18:48:05Z,
145.224.77.60,ipv4,malicious-ip,medium,WHITE,ziyadnz/hourly-ipv4,ziyadnz|hourly,2026-08-17T18:48:05Z,2026-08-17T18:48:05Z,
145.236.20.90,ipv4,malicious-ip,medium,WHITE,ziyadnz/hourly-ipv4,ziyadnz|hourly,2026-08-17T18:48:05Z,2026-08-17T18:48:05Z,
145.236.72.132,ipv4,malicious-ip,medium,WHITE,ziyadnz/hourly-ipv4,ziyadnz|hourly,2026-08-17T18:48:05Z,2026-08-17T18:48:05Z,
145.236.72.72,ipv4,malicious-ip,medium,WHITE,ziyadnz/hourly-ipv4,ziyadnz|hourly,2026-08-17T18:48:05Z,2026-08-17T18:48:05Z,
145.239.2.82,ipv4,malicious-ip,medium,WHITE,ziyadnz/hourly-ipv4,ziyadnz|hourly,2026-08-17T18:48:05Z,2026-08-17T18:48:05Z,
145.239.202.110,ipv4,malicious-ip,medium,WHITE,ziyadnz/hourly-ipv4,ziyadnz|hourly,2026-08-17T18:48:05Z,2026-08-17T18:48:05Z,
145.239.3.217,ipv4,malicious-ip,medium,WHITE,ziyadnz/hourly-ipv4,ziyadnz|hourly,2026-08-17T18:48:05Z,2026-08-17T18:48:05Z,
145.239.54.169,ipv4,malicious-ip,medium,WHITE,ziyadnz/hourly-ipv4,ziyadnz|hourly,2026-08-17T18:48:05Z,2026-08-17T18:48:05Z,
145.239.66.34,ipv4,malicious-ip,medium,WHITE,ziyadnz/hourly-ipv4,ziyadnz|hourly,2026-08-17T18:48:05Z,2026-08-17T18:48:05Z,
145.239.69.40,ipv4,malicious-ip,medium,WHITE,ziyadnz/hourly-ipv4,ziyadnz|hourly,2026-08-17T18:48:05Z,2026-08-17T18:48:05Z,
145.239.89.124,ipv4,malicious-ip,medium,WHITE,ziyadnz/hourly-ipv4,ziyadnz|hourly,2026-08-17T18:48:05Z,2026-08-17T18:48:05Z,
145.241.123.102,ipv4,malicious-ip,medium,WHITE,ziyadnz/hourly-ipv4,ziyadnz|hourly,2026-08-17T18:48:05Z,2026-08-17T18:48:05Z,
145.241.127.99,ipv4,malicious-ip,medium,WHITE,ziyadnz/hourly-ipv4,ziyadnz|hourly,2026-08-17T18:48:05Z,2026-08-17T18:48:05Z,
145.249.109.100,ipv4,malicious-ip,medium,WHITE,ziyadnz/hourly-ipv4,ziyadnz|hourly,2026-08-17T18:48:05Z,2026-08-17T18:48:05Z,
145.255.168.107,ipv4,malicious-ip,medium,WHITE,ziyadnz/hourly-ipv4,ziyadnz|hourly,2026-08-17T18:48:05Z,2026-08-17T18:48:05Z,
145.255.169.240,ipv4,malicious-ip,medium,WHITE,ziyadnz/hourly-ipv4,ziyadnz|hourly,2026-08-17T18:48:05Z,2026-08-17T18:48:05Z,
145.255.196.49,ipv4,malicious-ip,medium,WHITE,ziyadnz/hourly-ipv4,ziyadnz|hourly,2026-08-17T18:48:05Z,2026-08-17T18:48:05Z,
145.255.30.14,ipv4,malicious-ip,medium,WHITE,ziyadnz/hourly-ipv4,ziyadnz|hourly,2026-08-17T18:48:05Z,2026-08-17T18:48:05Z,
145.255.5.40,ipv4,malicious-ip,medium,WHITE,ziyadnz/hourly-ipv4,ziyadnz|hourly,2026-08-17T18:48:05Z,2026-08-17T18:48:05Z,
145.40.126.81,ipv4,malicious-ip,medium,WHITE,ziyadnz/hourly-ipv4,ziyadnz|hourly,2026-08-17T18:48:05Z,2026-08-17T18:48:05Z,
145.6.15.222,ipv4,malicious-ip,medium,WHITE,ziyadnz/hourly-ipv4,ziyadnz|hourly,2026-08-17T18:48:05Z,2026-08-17T18:48:05Z,
145.79.152.101,ipv4,malicious-ip,medium,WHITE,ziyadnz/hourly-ipv4,ziyadnz|hourly,2026-08-17T18:48:05Z,2026-08-17T18:48:05Z,
145.79.152.197,ipv4,malicious-ip,medium,WHITE,ziyadnz/hourly-ipv4,ziyadnz|hourly,2026-08-17T18:48:05Z,2026-08-17T18:48:05Z,
145.82.130.229,ipv4,malicious-ip,medium,WHITE,ziyadnz/hourly-ipv4,ziyadnz|hourly,2026-08-17T18:48:05Z,2026-08-17T18:48:05Z,
145.90.8.9,ipv4,malicious-ip,medium,WHITE,ziyadnz/hourly-ipv4,ziyadnz|hourly,2026-08-17T18:48:05Z,2026-08-17T18:48:05Z,
146.0.17.77,ipv4,malicious-ip,medium,WHITE,ziyadnz/hourly-ipv4,ziyadnz|hourly,2026-08-17T18:48:05Z,2026-08-17T18:48:05Z,
146.0.228.66,ipv4,malicious-ip,medium,WHITE,ziyadnz/hourly-ipv4,ziyadnz|hourly,2026-08-17T18:48:05Z,2026-08-17T18:48:05Z,
146.0.23.42,ipv4,malicious-ip,medium,WHITE,ziyadnz/hourly-ipv4,ziyadnz|hourly,2026-08-17T18:48:05Z,2026-08-17T18:48:05Z,
146.0.75.34,ipv4,malicious-ip,medium,WHITE,ziyadnz/hourly-ipv4,ziyadnz|hourly,2026-08-17T18:48:05Z,2026-08-17T18:48:05Z,
146.0.77.141,ipv4,malicious-ip,medium,WHITE,ziyadnz/hourly-ipv4,ziyadnz|hourly,2026-08-17T18:48:05Z,2026-08-17T18:48:05Z,
146.0.77.15,ipv4,malicious-ip,medium,WHITE,ziyadnz/hourly-ipv4,ziyadnz|hourly,2026-08-17T18:48:05Z,2026-08-17T18:48:05Z,
146.0.77.155,ipv4,malicious-ip,medium,WHITE,ziyadnz/hourly-ipv4,ziyadnz|hourly,2026-08-17T18:48:05Z,2026-08-17T18:48:05Z,
146.0.77.183,ipv4,malicious-ip,medium,WHITE,ziyadnz/hourly-ipv4,ziyadnz|hourly,2026-08-17T18:48:05Z,2026-08-17T18:48:05Z,
146.0.79.21,ipv4,malicious-ip,medium,WHITE,ziyadnz/hourly-ipv4,ziyadnz|hourly,2026-08-17T18:48:05Z,2026-08-17T18:48:05Z,
146.103.110.152,ipv4,malicious-ip,medium,WHITE,ziyadnz/hourly-ipv4,ziyadnz|hourly,2026-08-17T18:48:05Z,2026-08-17T18:48:05Z,
146.103.127.44,ipv4,malicious-ip,medium,WHITE,ziyadnz/hourly-ipv4,ziyadnz|hourly,2026-08-17T18:48:05Z,2026-08-17T18:48:05Z,
146.103.18.30,ipv4,malicious-ip,medium,WHITE,ziyadnz/hourly-ipv4,ziyadnz|hourly,2026-08-17T18:48:05Z,2026-08-17T18:48:05Z,
146.103.33.9,ipv4,malicious-ip,medium,WHITE,ziyadnz/hourly-ipv4,ziyadnz|hourly,2026-08-17T18:48:05Z,2026-08-17T18:48:05Z,
146.103.40.203,ipv4,malicious-ip,medium,WHITE,ziyadnz/hourly-ipv4,ziyadnz|hourly,2026-08-17T18:48:05Z,2026-08-17T18:48:05Z,
146.103.41.62,ipv4,malicious-ip,medium,WHITE,ziyadnz/hourly-ipv4,ziyadnz|hourly,2026-08-17T18:48:05Z,2026-08-17T18:48:05Z,
146.103.43.88,ipv4,malicious-ip,medium,WHITE,ziyadnz/hourly-ipv4,ziyadnz|hourly,2026-08-17T18:48:05Z,2026-08-17T18:48:05Z,
146.112.167.36,ipv4,malicious-ip,medium,WHITE,ziyadnz/hourly-ipv4,ziyadnz|hourly,2026-08-17T18:48:05Z,2026-08-17T18:48:05Z,
146.115.237.249,ipv4,malicious-ip,medium,WHITE,ziyadnz/hourly-ipv4,ziyadnz|hourly,2026-08-17T18:48:05Z,2026-08-17T18:48:05Z,
146.12.158.95,ipv4,malicious-ip,medium,WHITE,ziyadnz/hourly-ipv4,ziyadnz|hourly,2026-08-17T18:48:05Z,2026-08-17T18:48:05Z,
146.120.110.99,ipv4,malicious-ip,medium,WHITE,ziyadnz/hourly-ipv4,ziyadnz|hourly,2026-08-17T18:48:05Z,2026-08-17T18:48:05Z,
146.120.164.13,ipv4,malicious-ip,medium,WHITE,ziyadnz/hourly-ipv4,ziyadnz|hourly,2026-08-17T18:48:05Z,2026-08-17T18:48:05Z,
146.120.168.165,ipv4,malicious-ip,medium,WHITE,ziyadnz/hourly-ipv4,ziyadnz|hourly,2026-08-17T18:48:05Z,2026-08-17T18:48:05Z,
146.120.168.168,ipv4,malicious-ip,medium,WHITE,ziyadnz/hourly-ipv4,ziyadnz|hourly,2026-08-17T18:48:05Z,2026-08-17T18:48:05Z,
146.120.199.0,ipv4,malicious-ip,medium,WHITE,ziyadnz/hourly-ipv4,ziyadnz|hourly,2026-08-17T18:48:05Z,2026-08-17T18:48:05Z,
146.120.199.101,ipv4,malicious-ip,medium,WHITE,ziyadnz/hourly-ipv4,ziyadnz|hourly,2026-08-17T18:48:05Z,2026-08-17T18:48:05Z,
146.120.199.105,ipv4,malicious-ip,medium,WHITE,ziyadnz/hourly-ipv4,ziyadnz|hourly,2026-08-17T18:48:05Z,2026-08-17T18:48:05Z,
146.120.199.113,ipv4,malicious-ip,medium,WHITE,ziyadnz/hourly-ipv4,ziyadnz|hourly,2026-08-17T18:48:05Z,2026-08-17T18:48:05Z,
146.120.199.42,ipv4,malicious-ip,medium,WHITE,ziyadnz/hourly-ipv4,ziyadnz|hourly,2026-08-17T18:48:05Z,2026-08-17T18:48:05Z,
146.120.199.60,ipv4,malicious-ip,medium,WHITE,ziyadnz/hourly-ipv4,ziyadnz|hourly,2026-08-17T18:48:05Z,2026-08-17T18:48:05Z,
146.120.199.99,ipv4,malicious-ip,medium,WHITE,ziyadnz/hourly-ipv4,ziyadnz|hourly,2026-08-17T18:48:05Z,2026-08-17T18:48:05Z,
146.120.225.158,ipv4,malicious-ip,medium,WHITE,ziyadnz/hourly-ipv4,ziyadnz|hourly,2026-08-17T18:48:05Z,2026-08-17T18:48:05Z,
146.120.251.0,ipv4,malicious-ip,medium,WHITE,ziyadnz/hourly-ipv4,ziyadnz|hourly,2026-08-17T18:48:05Z,2026-08-17T18:48:05Z,
146.120.251.106,ipv4,malicious-ip,medium,WHITE,ziyadnz/hourly-ipv4,ziyadnz|hourly,2026-08-17T18:48:05Z,2026-08-17T18:48:05Z,
146.120.251.131,ipv4,malicious-ip,medium,WHITE,ziyadnz/hourly-ipv4,ziyadnz|hourly,2026-08-17T18:48:05Z,2026-08-17T18:48:05Z,
146.120.251.132,ipv4,malicious-ip,medium,WHITE,ziyadnz/hourly-ipv4,ziyadnz|hourly,2026-08-17T18:48:05Z,2026-08-17T18:48:05Z,
146.120.251.177,ipv4,malicious-ip,medium,WHITE,ziyadnz/hourly-ipv4,ziyadnz|hourly,2026-08-17T18:48:05Z,2026-08-17T18:48:05Z,
146.120.251.239,ipv4,malicious-ip,medium,WHITE,ziyadnz/hourly-ipv4,ziyadnz|hourly,2026-08-17T18:48:05Z,2026-08-17T18:48:05Z,
146.120.251.255,ipv4,malicious-ip,medium,WHITE,ziyadnz/hourly-ipv4,ziyadnz|hourly,2026-08-17T18:48:05Z,2026-08-17T18:48:05Z,
146.120.251.64,ipv4,malicious-ip,medium,WHITE,ziyadnz/hourly-ipv4,ziyadnz|hourly,2026-08-17T18:48:05Z,2026-08-17T18:48:05Z,
146.120.251.78,ipv4,malicious-ip,medium,WHITE,ziyadnz/hourly-ipv4,ziyadnz|hourly,2026-08-17T18:48:05Z,2026-08-17T18:48:05Z,
146.120.47.19,ipv4,malicious-ip,medium,WHITE,ziyadnz/hourly-ipv4,ziyadnz|hourly,2026-08-17T18:48:05Z,2026-08-17T18:48:05Z,
146.120.47.239,ipv4,malicious-ip,medium,WHITE,ziyadnz/hourly-ipv4,ziyadnz|hourly,2026-08-17T18:48:05Z,2026-08-17T18:48:05Z,
146.120.92.29,ipv4,malicious-ip,medium,WHITE,ziyadnz/hourly-ipv4,ziyadnz|hourly,2026-08-17T18:48:05Z,2026-08-17T18:48:05Z,
146.148.10.183,ipv4,malicious-ip,medium,WHITE,ziyadnz/hourly-ipv4,ziyadnz|hourly,2026-08-17T18:48:05Z,2026-08-17T18:48:05Z,
146.148.105.238,ipv4,malicious-ip,medium,WHITE,ziyadnz/hourly-ipv4,ziyadnz|hourly,2026-08-17T18:48:05Z,2026-08-17T18:48:05Z,
146.148.12.126,ipv4,malicious-ip,medium,WHITE,ziyadnz/hourly-ipv4,ziyadnz|hourly,2026-08-17T18:48:05Z,2026-08-17T18:48:05Z,
146.148.126.40,ipv4,malicious-ip,medium,WHITE,ziyadnz/hourly-ipv4,ziyadnz|hourly,2026-08-17T18:48:05Z,2026-08-17T18:48:05Z,
146.148.21.146,ipv4,malicious-ip,medium,WHITE,ziyadnz/hourly-ipv4,ziyadnz|hourly,2026-08-17T18:48:05Z,2026-08-17T18:48:05Z,
146.148.7.17,ipv4,malicious-ip,medium,WHITE,ziyadnz/hourly-ipv4,ziyadnz|hourly,2026-08-17T18:48:05Z,2026-08-17T18:48:05Z,
146.148.77.59,ipv4,malicious-ip,medium,WHITE,ziyadnz/hourly-ipv4,ziyadnz|hourly,2026-08-17T18:48:05Z,2026-08-17T18:48:05Z,
146.148.80.161,ipv4,malicious-ip,medium,WHITE,ziyadnz/hourly-ipv4,ziyadnz|hourly,2026-08-17T18:48:05Z,2026-08-17T18:48:05Z,
146.155.13.79,ipv4,malicious-ip,medium,WHITE,ziyadnz/hourly-ipv4,ziyadnz|hourly,2026-08-17T18:48:05Z,2026-08-17T18:48:05Z,
146.158.102.44,ipv4,malicious-ip,medium,WHITE,ziyadnz/hourly-ipv4,ziyadnz|hourly,2026-08-17T18:48:05Z,2026-08-17T18:48:05Z,
146.158.105.177,ipv4,malicious-ip,medium,WHITE,ziyadnz/hourly-ipv4,ziyadnz|hourly,2026-08-17T18:48:05Z,2026-08-17T18:48:05Z,
146.158.108.174,ipv4,malicious-ip,medium,WHITE,ziyadnz/hourly-ipv4,ziyadnz|hourly,2026-08-17T18:48:05Z,2026-08-17T18:48:05Z,
146.158.123.60,ipv4,malicious-ip,medium,WHITE,ziyadnz/hourly-ipv4,ziyadnz|hourly,2026-08-17T18:48:05Z,2026-08-17T18:48:05Z,
146.158.124.24,ipv4,malicious-ip,medium,WHITE,ziyadnz/hourly-ipv4,ziyadnz|hourly,2026-08-17T18:48:05Z,2026-08-17T18:48:05Z,
146.158.16.106,ipv4,malicious-ip,medium,WHITE,ziyadnz/hourly-ipv4,ziyadnz|hourly,2026-08-17T18:48:05Z,2026-08-17T18:48:05Z,
146.158.255.101,ipv4,malicious-ip,medium,WHITE,ziyadnz/hourly-ipv4,ziyadnz|hourly,2026-08-17T18:48:05Z,2026-08-17T18:48:05Z,
146.168.191.176,ipv4,malicious-ip,medium,WHITE,ziyadnz/hourly-ipv4,ziyadnz|hourly,2026-08-17T18:48:05Z,2026-08-17T18:48:05Z,
146.185.233.101,ipv4,malicious-ip,medium,WHITE,ziyadnz/hourly-ipv4,ziyadnz|hourly,2026-08-17T18:48:05Z,2026-08-17T18:48:05Z,
146.185.233.79,ipv4,malicious-ip,medium,WHITE,ziyadnz/hourly-ipv4,ziyadnz|hourly,2026-08-17T18:48:05Z,2026-08-17T18:48:05Z,
146.185.233.90,ipv4,malicious-ip,medium,WHITE,ziyadnz/hourly-ipv4,ziyadnz|hourly,2026-08-17T18:48:05Z,2026-08-17T18:48:05Z,
146.185.233.96,ipv4,malicious-ip,medium,WHITE,ziyadnz/hourly-ipv4,ziyadnz|hourly,2026-08-17T18:48:05Z,2026-08-17T18:48:05Z,
146.185.233.97,ipv4,malicious-ip,medium,WHITE,ziyadnz/hourly-ipv4,ziyadnz|hourly,2026-08-17T18:48:05Z,2026-08-17T18:48:05Z,
146.185.233.98,ipv4,malicious-ip,medium,WHITE,ziyadnz/hourly-ipv4,ziyadnz|hourly,2026-08-17T18:48:05Z,2026-08-17T18:48:05Z,
146.185.233.99,ipv4,malicious-ip,medium,WHITE,ziyadnz/hourly-ipv4,ziyadnz|hourly,2026-08-17T18:48:05Z,2026-08-17T18:48:05Z,
146.185.239.33,ipv4,malicious-ip,medium,WHITE,ziyadnz/hourly-ipv4,ziyadnz|hourly,2026-08-17T18:48:05Z,2026-08-17T18:48:05Z,
146.185.239.45,ipv4,malicious-ip,medium,WHITE,ziyadnz/hourly-ipv4,ziyadnz|hourly,2026-08-17T18:48:05Z,2026-08-17T18:48:05Z,
146.185.239.47,ipv4,malicious-ip,medium,WHITE,ziyadnz/hourly-ipv4,ziyadnz|hourly,2026-08-17T18:48:05Z,2026-08-17T18:48:05Z,
146.185.239.51,ipv4,malicious-ip,medium,WHITE,ziyadnz/hourly-ipv4,ziyadnz|hourly,2026-08-17T18:48:05Z,2026-08-17T18:48:05Z,
146.185.239.56,ipv4,malicious-ip,medium,WHITE,ziyadnz/hourly-ipv4,ziyadnz|hourly,2026-08-17T18:48:05Z,2026-08-17T18:48:05Z,
146.185.239.60,ipv4,malicious-ip,medium,WHITE,ziyadnz/hourly-ipv4,ziyadnz|hourly,2026-08-17T18:48:05Z,2026-08-17T18:48:05Z,
146.19.100.7,ipv4,malicious-ip,medium,WHITE,ziyadnz/hourly-ipv4,ziyadnz|hourly,2026-08-17T18:48:05Z,2026-08-17T18:48:05Z,
146.19.128.138,ipv4,malicious-ip,medium,WHITE,ziyadnz/hourly-ipv4,ziyadnz|hourly,2026-08-17T18:48:05Z,2026-08-17T18:48:05Z,
146.19.128.146,ipv4,malicious-ip,medium,WHITE,ziyadnz/hourly-ipv4,ziyadnz|hourly,2026-08-17T18:48:05Z,2026-08-17T18:48:05Z,
146.19.143.14,ipv4,malicious-ip,medium,WHITE,ziyadnz/hourly-ipv4,ziyadnz|hourly,2026-08-17T18:48:05Z,2026-08-17T18:48:05Z,
146.19.168.217,ipv4,malicious-ip,medium,WHITE,ziyadnz/hourly-ipv4,ziyadnz|hourly,2026-08-17T18:48:05Z,2026-08-17T18:48:05Z,
146.19.188.249,ipv4,malicious-ip,medium,WHITE,ziyadnz/hourly-ipv4,ziyadnz|hourly,2026-08-17T18:48:05Z,2026-08-17T18:48:05Z,
146.19.191.108,ipv4,malicious-ip,medium,WHITE,ziyadnz/hourly-ipv4,ziyadnz|hourly,2026-08-17T18:48:05Z,2026-08-17T18:48:05Z,
146.19.191.85,ipv4,malicious-ip,medium,WHITE,ziyadnz/hourly-ipv4,ziyadnz|hourly,2026-08-17T18:48:05Z,2026-08-17T18:48:05Z,
146.19.213.18,ipv4,malicious-ip,medium,WHITE,ziyadnz/hourly-ipv4,ziyadnz|hourly,2026-08-17T18:48:05Z,2026-08-17T18:48:05Z,
146.19.213.36,ipv4,malicious-ip,medium,WHITE,ziyadnz/hourly-ipv4,ziyadnz|hourly,2026-08-17T18:48:05Z,2026-08-17T18:48:05Z,
146.19.216.119,ipv4,malicious-ip,medium,WHITE,ziyadnz/hourly-ipv4,ziyadnz|hourly,2026-08-17T18:48:05Z,2026-08-17T18:48:05Z,
146.19.216.120,ipv4,malicious-ip,medium,WHITE,ziyadnz/hourly-ipv4,ziyadnz|hourly,2026-08-17T18:48:05Z,2026-08-17T18:48:05Z,
146.19.216.125,ipv4,malicious-ip,medium,WHITE,ziyadnz/hourly-ipv4,ziyadnz|hourly,2026-08-17T18:48:05Z,2026-08-17T18:48:05Z,
146.19.24.118,ipv4,malicious-ip,medium,WHITE,ziyadnz/hourly-ipv4,ziyadnz|hourly,2026-08-17T18:48:05Z,2026-08-17T18:48:05Z,
146.19.247.28,ipv4,malicious-ip,medium,WHITE,ziyadnz/hourly-ipv4,ziyadnz|hourly,2026-08-17T18:48:05Z,2026-08-17T18:48:05Z,
146.19.248.120,ipv4,malicious-ip,medium,WHITE,ziyadnz/hourly-ipv4,ziyadnz|hourly,2026-08-17T18:48:05Z,2026-08-17T18:48:05Z,
146.19.254.238,ipv4,malicious-ip,medium,WHITE,ziyadnz/hourly-ipv4,ziyadnz|hourly,2026-08-17T18:48:05Z,2026-08-17T18:48:05Z,
146.190.102.195,ipv4,malicious-ip,medium,WHITE,ziyadnz/hourly-ipv4,ziyadnz|hourly,2026-08-17T18:48:05Z,2026-08-17T18:48:05Z,
146.190.104.85,ipv4,malicious-ip,medium,WHITE,ziyadnz/hourly-ipv4,ziyadnz|hourly,2026-08-17T18:48:05Z,2026-08-17T18:48:05Z,
146.190.105.164,ipv4,malicious-ip,medium,WHITE,ziyadnz/hourly-ipv4,ziyadnz|hourly,2026-08-17T18:48:05Z,2026-08-17T18:48:05Z,
146.190.106.138,ipv4,malicious-ip,medium,WHITE,ziyadnz/hourly-ipv4,ziyadnz|hourly,2026-08-17T18:48:05Z,2026-08-17T18:48:05Z,
146.190.108.24,ipv4,malicious-ip,medium,WHITE,ziyadnz/hourly-ipv4,ziyadnz|hourly,2026-08-17T18:48:05Z,2026-08-17T18:48:05Z,
146.190.111.81,ipv4,malicious-ip,medium,WHITE,ziyadnz/hourly-ipv4,ziyadnz|hourly,2026-08-17T18:48:05Z,2026-08-17T18:48:05Z,
146.190.112.100,ipv4,malicious-ip,medium,WHITE,ziyadnz/hourly-ipv4,ziyadnz|hourly,2026-08-17T18:48:05Z,2026-08-17T18:48:05Z,
146.190.114.163,ipv4,malicious-ip,medium,WHITE,ziyadnz/hourly-ipv4,ziyadnz|hourly,2026-08-17T18:48:05Z,2026-08-17T18:48:05Z,
146.190.117.38,ipv4,malicious-ip,medium,WHITE,ziyadnz/hourly-ipv4,ziyadnz|hourly,2026-08-17T18:48:05Z,2026-08-17T18:48:05Z,
146.190.118.0,ipv4,malicious-ip,medium,WHITE,ziyadnz/hourly-ipv4,ziyadnz|hourly,2026-08-17T18:48:05Z,2026-08-17T18:48:05Z,
146.190.118.113,ipv4,malicious-ip,medium,WHITE,ziyadnz/hourly-ipv4,ziyadnz|hourly,2026-08-17T18:48:05Z,2026-08-17T18:48:05Z,
146.190.118.169,ipv4,malicious-ip,medium,WHITE,ziyadnz/hourly-ipv4,ziyadnz|hourly,2026-08-17T18:48:05Z,2026-08-17T18:48:05Z,
146.190.118.196,ipv4,malicious-ip,medium,WHITE,ziyadnz/hourly-ipv4,ziyadnz|hourly,2026-08-17T18:48:05Z,2026-08-17T18:48:05Z,
146.190.119.114,ipv4,malicious-ip,medium,WHITE,ziyadnz/hourly-ipv4,ziyadnz|hourly,2026-08-17T18:48:05Z,2026-08-17T18:48:05Z,
146.190.122.47,ipv4,malicious-ip,medium,WHITE,ziyadnz/hourly-ipv4,ziyadnz|hourly,2026-08-17T18:48:05Z,2026-08-17T18:48:05Z,
146.190.126.65,ipv4,malicious-ip,medium,WHITE,ziyadnz/hourly-ipv4,ziyadnz|hourly,2026-08-17T18:48:05Z,2026-08-17T18:48:05Z,
146.190.127.4,ipv4,malicious-ip,medium,WHITE,ziyadnz/hourly-ipv4,ziyadnz|hourly,2026-08-17T18:48:05Z,2026-08-17T18:48:05Z,
146.190.127.95,ipv4,malicious-ip,medium,WHITE,ziyadnz/hourly-ipv4,ziyadnz|hourly,2026-08-17T18:48:05Z,2026-08-17T18:48:05Z,
146.190.131.65,ipv4,malicious-ip,medium,WHITE,ziyadnz/hourly-ipv4,ziyadnz|hourly,2026-08-17T18:48:05Z,2026-08-17T18:48:05Z,
146.190.132.14,ipv4,malicious-ip,medium,WHITE,ziyadnz/hourly-ipv4,ziyadnz|hourly,2026-08-17T18:48:05Z,2026-08-17T18:48:05Z,
146.190.134.221,ipv4,malicious-ip,medium,WHITE,ziyadnz/hourly-ipv4,ziyadnz|hourly,2026-08-17T18:48:05Z,2026-08-17T18:48:05Z,
146.190.142.134,ipv4,malicious-ip,medium,WHITE,ziyadnz/hourly-ipv4,ziyadnz|hourly,2026-08-17T18:48:05Z,2026-08-17T18:48:05Z,
146.190.145.217,ipv4,malicious-ip,medium,WHITE,ziyadnz/hourly-ipv4,ziyadnz|hourly,2026-08-17T18:48:05Z,2026-08-17T18:48:05Z,
146.190.149.252,ipv4,malicious-ip,medium,WHITE,ziyadnz/hourly-ipv4,ziyadnz|hourly,2026-08-17T18:48:05Z,2026-08-17T18:48:05Z,
146.190.150.197,ipv4,malicious-ip,medium,WHITE,ziyadnz/hourly-ipv4,ziyadnz|hourly,2026-08-17T18:48:05Z,2026-08-17T18:48:05Z,
146.190.150.235,ipv4,malicious-ip,medium,WHITE,ziyadnz/hourly-ipv4,ziyadnz|hourly,2026-08-17T18:48:05Z,2026-08-17T18:48:05Z,
146.190.152.219,ipv4,malicious-ip,medium,WHITE,ziyadnz/hourly-ipv4,ziyadnz|hourly,2026-08-17T18:48:05Z,2026-08-17T18:48:05Z,
146.190.153.233,ipv4,malicious-ip,medium,WHITE,ziyadnz/hourly-ipv4,ziyadnz|hourly,2026-08-17T18:48:05Z,2026-08-17T18:48:05Z,
146.190.153.30,ipv4,malicious-ip,medium,WHITE,ziyadnz/hourly-ipv4,ziyadnz|hourly,2026-08-17T18:48:05Z,2026-08-17T18:48:05Z,
146.190.154.121,ipv4,malicious-ip,medium,WHITE,ziyadnz/hourly-ipv4,ziyadnz|hourly,2026-08-17T18:48:05Z,2026-08-17T18:48:05Z,
146.190.154.85,ipv4,malicious-ip,medium,WHITE,ziyadnz/hourly-ipv4,ziyadnz|hourly,2026-08-17T18:48:05Z,2026-08-17T18:48:05Z,
146.190.155.167,ipv4,malicious-ip,medium,WHITE,ziyadnz/hourly-ipv4,ziyadnz|hourly,2026-08-17T18:48:05Z,2026-08-17T18:48:05Z,
146.190.158.15,ipv4,malicious-ip,medium,WHITE,ziyadnz/hourly-ipv4,ziyadnz|hourly,2026-08-17T18:48:05Z,2026-08-17T18:48:05Z,
146.190.161.48,ipv4,malicious-ip,medium,WHITE,ziyadnz/hourly-ipv4,ziyadnz|hourly,2026-08-17T18:48:05Z,2026-08-17T18:48:05Z,
146.190.162.187,ipv4,malicious-ip,medium,WHITE,ziyadnz/hourly-ipv4,ziyadnz|hourly,2026-08-17T18:48:05Z,2026-08-17T18:48:05Z,
146.190.163.54,ipv4,malicious-ip,medium,WHITE,ziyadnz/hourly-ipv4,ziyadnz|hourly,2026-08-17T18:48:05Z,2026-08-17T18:48:05Z,
146.190.164.28,ipv4,malicious-ip,medium,WHITE,ziyadnz/hourly-ipv4,ziyadnz|hourly,2026-08-17T18:48:05Z,2026-08-17T18:48:05Z,
146.190.166.168,ipv4,malicious-ip,medium,WHITE,ziyadnz/hourly-ipv4,ziyadnz|hourly,2026-08-17T18:48:05Z,2026-08-17T18:48:05Z,
146.190.166.97,ipv4,malicious-ip,medium,WHITE,ziyadnz/hourly-ipv4,ziyadnz|hourly,2026-08-17T18:48:05Z,2026-08-17T18:48:05Z,
146.190.169.42,ipv4,malicious-ip,medium,WHITE,ziyadnz/hourly-ipv4,ziyadnz|hourly,2026-08-17T18:48:05Z,2026-08-17T18:48:05Z,
146.190.17.120,ipv4,malicious-ip,medium,WHITE,ziyadnz/hourly-ipv4,ziyadnz|hourly,2026-08-17T18:48:05Z,2026-08-17T18:48:05Z,
146.190.175.10,ipv4,malicious-ip,medium,WHITE,ziyadnz/hourly-ipv4,ziyadnz|hourly,2026-08-17T18:48:05Z,2026-08-17T18:48:05Z,
146.190.175.179,ipv4,malicious-ip,medium,WHITE,ziyadnz/hourly-ipv4,ziyadnz|hourly,2026-08-17T18:48:05Z,2026-08-17T18:48:05Z,
146.190.208.30,ipv4,malicious-ip,medium,WHITE,ziyadnz/hourly-ipv4,ziyadnz|hourly,2026-08-17T18:48:05Z,2026-08-17T18:48:05Z,
146.190.209.45,ipv4,malicious-ip,medium,WHITE,ziyadnz/hourly-ipv4,ziyadnz|hourly,2026-08-17T18:48:05Z,2026-08-17T18:48:05Z,
146.190.21.73,ipv4,malicious-ip,medium,WHITE,ziyadnz/hourly-ipv4,ziyadnz|hourly,2026-08-17T18:48:05Z,2026-08-17T18:48:05Z,
146.190.212.206,ipv4,malicious-ip,medium,WHITE,ziyadnz/hourly-ipv4,ziyadnz|hourly,2026-08-17T18:48:05Z,2026-08-17T18:48:05Z,
146.190.212.255,ipv4,malicious-ip,medium,WHITE,ziyadnz/hourly-ipv4,ziyadnz|hourly,2026-08-17T18:48:05Z,2026-08-17T18:48:05Z,
146.190.213.248,ipv4,malicious-ip,medium,WHITE,ziyadnz/hourly-ipv4,ziyadnz|hourly,2026-08-17T18:48:05Z,2026-08-17T18:48:05Z,
146.190.213.52,ipv4,malicious-ip,medium,WHITE,ziyadnz/hourly-ipv4,ziyadnz|hourly,2026-08-17T18:48:05Z,2026-08-17T18:48:05Z,
146.190.217.5,ipv4,malicious-ip,medium,WHITE,ziyadnz/hourly-ipv4,ziyadnz|hourly,2026-08-17T18:48:05Z,2026-08-17T18:48:05Z,
146.190.221.168,ipv4,malicious-ip,medium,WHITE,ziyadnz/hourly-ipv4,ziyadnz|hourly,2026-08-17T18:48:05Z,2026-08-17T18:48:05Z,
146.190.222.185,ipv4,malicious-ip,medium,WHITE,ziyadnz/hourly-ipv4,ziyadnz|hourly,2026-08-17T18:48:05Z,2026-08-17T18:48:05Z,
146.190.229.123,ipv4,malicious-ip,medium,WHITE,ziyadnz/hourly-ipv4,ziyadnz|hourly,2026-08-17T18:48:05Z,2026-08-17T18:48:05Z,
146.190.230.198,ipv4,malicious-ip,medium,WHITE,ziyadnz/hourly-ipv4,ziyadnz|hourly,2026-08-17T18:48:05Z,2026-08-17T18:48:05Z,
146.190.238.230,ipv4,malicious-ip,medium,WHITE,ziyadnz/hourly-ipv4,ziyadnz|hourly,2026-08-17T18:48:05Z,2026-08-17T18:48:05Z,
146.190.244.245,ipv4,malicious-ip,medium,WHITE,ziyadnz/hourly-ipv4,ziyadnz|hourly,2026-08-17T18:48:05Z,2026-08-17T18:48:05Z,
146.190.245.28,ipv4,malicious-ip,medium,WHITE,ziyadnz/hourly-ipv4,ziyadnz|hourly,2026-08-17T18:48:05Z,2026-08-17T18:48:05Z,
146.190.25.255,ipv4,malicious-ip,medium,WHITE,ziyadnz/hourly-ipv4,ziyadnz|hourly,2026-08-17T18:48:05Z,2026-08-17T18:48:05Z,
146.190.26.21,ipv4,malicious-ip,medium,WHITE,ziyadnz/hourly-ipv4,ziyadnz|hourly,2026-08-17T18:48:05Z,2026-08-17T18:48:05Z,
146.190.30.136,ipv4,malicious-ip,medium,WHITE,ziyadnz/hourly-ipv4,ziyadnz|hourly,2026-08-17T18:48:05Z,2026-08-17T18:48:05Z,
146.190.40.252,ipv4,malicious-ip,medium,WHITE,ziyadnz/hourly-ipv4,ziyadnz|hourly,2026-08-17T18:48:05Z,2026-08-17T18:48:05Z,
146.190.41.214,ipv4,malicious-ip,medium,WHITE,ziyadnz/hourly-ipv4,ziyadnz|hourly,2026-08-17T18:48:05Z,2026-08-17T18:48:05Z,
146.190.44.66,ipv4,malicious-ip,medium,WHITE,ziyadnz/hourly-ipv4,ziyadnz|hourly,2026-08-17T18:48:05Z,2026-08-17T18:48:05Z,
146.190.48.172,ipv4,malicious-ip,medium,WHITE,ziyadnz/hourly-ipv4,ziyadnz|hourly,2026-08-17T18:48:05Z,2026-08-17T18:48:05Z,
146.190.49.138,ipv4,malicious-ip,medium,WHITE,ziyadnz/hourly-ipv4,ziyadnz|hourly,2026-08-17T18:48:05Z,2026-08-17T18:48:05Z,
146.190.53.28,ipv4,malicious-ip,medium,WHITE,ziyadnz/hourly-ipv4,ziyadnz|hourly,2026-08-17T18:48:05Z,2026-08-17T18:48:05Z,
146.190.55.122,ipv4,malicious-ip,medium,WHITE,ziyadnz/hourly-ipv4,ziyadnz|hourly,2026-08-17T18:48:05Z,2026-08-17T18:48:05Z,
146.190.57.155,ipv4,malicious-ip,medium,WHITE,ziyadnz/hourly-ipv4,ziyadnz|hourly,2026-08-17T18:48:05Z,2026-08-17T18:48:05Z,
146.190.57.24,ipv4,malicious-ip,medium,WHITE,ziyadnz/hourly-ipv4,ziyadnz|hourly,2026-08-17T18:48:05Z,2026-08-17T18:48:05Z,
146.190.58.175,ipv4,malicious-ip,medium,WHITE,ziyadnz/hourly-ipv4,ziyadnz|hourly,2026-08-17T18:48:05Z,2026-08-17T18:48:05Z,
146.190.63.125,ipv4,malicious-ip,medium,WHITE,ziyadnz/hourly-ipv4,ziyadnz|hourly,2026-08-17T18:48:05Z,2026-08-17T18:48:05Z,
146.190.63.248,ipv4,malicious-ip,medium,WHITE,ziyadnz/hourly-ipv4,ziyadnz|hourly,2026-08-17T18:48:05Z,2026-08-17T18:48:05Z,
146.190.64.174,ipv4,malicious-ip,medium,WHITE,ziyadnz/hourly-ipv4,ziyadnz|hourly,2026-08-17T18:48:05Z,2026-08-17T18:48:05Z,
146.190.66.238,ipv4,malicious-ip,medium,WHITE,ziyadnz/hourly-ipv4,ziyadnz|hourly,2026-08-17T18:48:05Z,2026-08-17T18:48:05Z,
146.190.70.217,ipv4,malicious-ip,medium,WHITE,ziyadnz/hourly-ipv4,ziyadnz|hourly,2026-08-17T18:48:05Z,2026-08-17T18:48:05Z,
146.190.72.246,ipv4,malicious-ip,medium,WHITE,ziyadnz/hourly-ipv4,ziyadnz|hourly,2026-08-17T18:48:05Z,2026-08-17T18:48:05Z,
146.190.73.173,ipv4,malicious-ip,medium,WHITE,ziyadnz/hourly-ipv4,ziyadnz|hourly,2026-08-17T18:48:05Z,2026-08-17T18:48:05Z,
146.190.75.198,ipv4,malicious-ip,medium,WHITE,ziyadnz/hourly-ipv4,ziyadnz|hourly,2026-08-17T18:48:05Z,2026-08-17T18:48:05Z,
146.190.79.120,ipv4,malicious-ip,medium,WHITE,ziyadnz/hourly-ipv4,ziyadnz|hourly,2026-08-17T18:48:05Z,2026-08-17T18:48:05Z,
146.190.79.155,ipv4,malicious-ip,medium,WHITE,ziyadnz/hourly-ipv4,ziyadnz|hourly,2026-08-17T18:48:05Z,2026-08-17T18:48:05Z,
146.190.79.166,ipv4,malicious-ip,medium,WHITE,ziyadnz/hourly-ipv4,ziyadnz|hourly,2026-08-17T18:48:05Z,2026-08-17T18:48:05Z,
146.190.82.219,ipv4,malicious-ip,medium,WHITE,ziyadnz/hourly-ipv4,ziyadnz|hourly,2026-08-17T18:48:05Z,2026-08-17T18:48:05Z,
146.190.83.66,ipv4,malicious-ip,medium,WHITE,ziyadnz/hourly-ipv4,ziyadnz|hourly,2026-08-17T18:48:05Z,2026-08-17T18:48:05Z,
146.190.83.75,ipv4,malicious-ip,medium,WHITE,ziyadnz/hourly-ipv4,ziyadnz|hourly,2026-08-17T18:48:05Z,2026-08-17T18:48:05Z,
146.190.85.221,ipv4,malicious-ip,medium,WHITE,ziyadnz/hourly-ipv4,ziyadnz|hourly,2026-08-17T18:48:05Z,2026-08-17T18:48:05Z,
146.190.86.30,ipv4,malicious-ip,medium,WHITE,ziyadnz/hourly-ipv4,ziyadnz|hourly,2026-08-17T18:48:05Z,2026-08-17T18:48:05Z,
146.190.86.86,ipv4,malicious-ip,medium,WHITE,ziyadnz/hourly-ipv4,ziyadnz|hourly,2026-08-17T18:48:05Z,2026-08-17T18:48:05Z,
146.190.94.39,ipv4,malicious-ip,medium,WHITE,ziyadnz/hourly-ipv4,ziyadnz|hourly,2026-08-17T18:48:05Z,2026-08-17T18:48:05Z,
146.190.96.189,ipv4,malicious-ip,medium,WHITE,ziyadnz/hourly-ipv4,ziyadnz|hourly,2026-08-17T18:48:05Z,2026-08-17T18:48:05Z,
146.190.98.245,ipv4,malicious-ip,medium,WHITE,ziyadnz/hourly-ipv4,ziyadnz|hourly,2026-08-17T18:48:05Z,2026-08-17T18:48:05Z,
146.196.37.216,ipv4,malicious-ip,medium,WHITE,ziyadnz/hourly-ipv4,ziyadnz|hourly,2026-08-17T18:48:05Z,2026-08-17T18:48:05Z,
146.196.37.26,ipv4,malicious-ip,medium,WHITE,ziyadnz/hourly-ipv4,ziyadnz|hourly,2026-08-17T18:48:05Z,2026-08-17T18:48:05Z,
146.196.39.173,ipv4,malicious-ip,medium,WHITE,ziyadnz/hourly-ipv4,ziyadnz|hourly,2026-08-17T18:48:05Z,2026-08-17T18:48:05Z,
146.196.44.218,ipv4,malicious-ip,medium,WHITE,ziyadnz/hourly-ipv4,ziyadnz|hourly,2026-08-17T18:48:05Z,2026-08-17T18:48:05Z,
146.196.65.70,ipv4,malicious-ip,medium,WHITE,ziyadnz/hourly-ipv4,ziyadnz|hourly,2026-08-17T18:48:05Z,2026-08-17T18:48:05Z,
146.196.81.163,ipv4,malicious-ip,medium,WHITE,ziyadnz/hourly-ipv4,ziyadnz|hourly,2026-08-17T18:48:05Z,2026-08-17T18:48:05Z,
146.198.32.176,ipv4,malicious-ip,medium,WHITE,ziyadnz/hourly-ipv4,ziyadnz|hourly,2026-08-17T18:48:05Z,2026-08-17T18:48:05Z,
146.199.17.10,ipv4,malicious-ip,medium,WHITE,ziyadnz/hourly-ipv4,ziyadnz|hourly,2026-08-17T18:48:05Z,2026-08-17T18:48:05Z,
146.235.242.141,ipv4,malicious-ip,medium,WHITE,ziyadnz/hourly-ipv4,ziyadnz|hourly,2026-08-17T18:48:05Z,2026-08-17T18:48:05Z,
146.235.247.191,ipv4,malicious-ip,medium,WHITE,ziyadnz/hourly-ipv4,ziyadnz|hourly,2026-08-17T18:48:05Z,2026-08-17T18:48:05Z,
146.247.123.100,ipv4,malicious-ip,medium,WHITE,ziyadnz/hourly-ipv4,ziyadnz|hourly,2026-08-17T18:48:05Z,2026-08-17T18:48:05Z,
146.255.156.35,ipv4,malicious-ip,medium,WHITE,ziyadnz/hourly-ipv4,ziyadnz|hourly,2026-08-17T18:48:05Z,2026-08-17T18:48:05Z,
146.255.228.189,ipv4,malicious-ip,medium,WHITE,ziyadnz/hourly-ipv4,ziyadnz|hourly,2026-08-17T18:48:05Z,2026-08-17T18:48:05Z,
146.255.242.234,ipv4,malicious-ip,medium,WHITE,ziyadnz/hourly-ipv4,ziyadnz|hourly,2026-08-17T18:48:05Z,2026-08-17T18:48:05Z,
146.255.96.57,ipv4,malicious-ip,medium,WHITE,ziyadnz/hourly-ipv4,ziyadnz|hourly,2026-08-17T18:48:05Z,2026-08-17T18:48:05Z,
146.4.21.94,ipv4,malicious-ip,medium,WHITE,ziyadnz/hourly-ipv4,ziyadnz|hourly,2026-08-17T18:48:05Z,2026-08-17T18:48:05Z,
146.52.186.151,ipv4,malicious-ip,medium,WHITE,ziyadnz/hourly-ipv4,ziyadnz|hourly,2026-08-17T18:48:05Z,2026-08-17T18:48:05Z,
146.56.199.139,ipv4,malicious-ip,medium,WHITE,ziyadnz/hourly-ipv4,ziyadnz|hourly,2026-08-17T18:48:05Z,2026-08-17T18:48:05Z,
146.56.229.214,ipv4,malicious-ip,medium,WHITE,ziyadnz/hourly-ipv4,ziyadnz|hourly,2026-08-17T18:48:05Z,2026-08-17T18:48:05Z,
146.56.248.57,ipv4,malicious-ip,medium,WHITE,ziyadnz/hourly-ipv4,ziyadnz|hourly,2026-08-17T18:48:05Z,2026-08-17T18:48:05Z,
146.59.102.74,ipv4,malicious-ip,medium,WHITE,ziyadnz/hourly-ipv4,ziyadnz|hourly,2026-08-17T18:48:05Z,2026-08-17T18:48:05Z,
146.59.102.99,ipv4,malicious-ip,medium,WHITE,ziyadnz/hourly-ipv4,ziyadnz|hourly,2026-08-17T18:48:05Z,2026-08-17T18:48:05Z,
146.59.12.26,ipv4,malicious-ip,medium,WHITE,ziyadnz/hourly-ipv4,ziyadnz|hourly,2026-08-17T18:48:05Z,2026-08-17T18:48:05Z,
146.59.161.194,ipv4,malicious-ip,medium,WHITE,ziyadnz/hourly-ipv4,ziyadnz|hourly,2026-08-17T18:48:05Z,2026-08-17T18:48:05Z,
146.59.192.250,ipv4,malicious-ip,medium,WHITE,ziyadnz/hourly-ipv4,ziyadnz|hourly,2026-08-17T18:48:05Z,2026-08-17T18:48:05Z,
146.59.195.103,ipv4,malicious-ip,medium,WHITE,ziyadnz/hourly-ipv4,ziyadnz|hourly,2026-08-17T18:48:05Z,2026-08-17T18:48:05Z,
146.59.209.152,ipv4,malicious-ip,medium,WHITE,ziyadnz/hourly-ipv4,ziyadnz|hourly,2026-08-17T18:48:05Z,2026-08-17T18:48:05Z,
146.59.213.12,ipv4,malicious-ip,medium,WHITE,ziyadnz/hourly-ipv4,ziyadnz|hourly,2026-08-17T18:48:05Z,2026-08-17T18:48:05Z,
146.59.226.45,ipv4,malicious-ip,medium,WHITE,ziyadnz/hourly-ipv4,ziyadnz|hourly,2026-08-17T18:48:05Z,2026-08-17T18:48:05Z,
146.59.231.4,ipv4,malicious-ip,medium,WHITE,ziyadnz/hourly-ipv4,ziyadnz|hourly,2026-08-17T18:48:05Z,2026-08-17T18:48:05Z,
146.59.233.33,ipv4,malicious-ip,medium,WHITE,ziyadnz/hourly-ipv4,ziyadnz|hourly,2026-08-17T18:48:05Z,2026-08-17T18:48:05Z,
146.59.253.221,ipv4,malicious-ip,medium,WHITE,ziyadnz/hourly-ipv4,ziyadnz|hourly,2026-08-17T18:48:05Z,2026-08-17T18:48:05Z,
146.59.35.246,ipv4,malicious-ip,medium,WHITE,ziyadnz/hourly-ipv4,ziyadnz|hourly,2026-08-17T18:48:05Z,2026-08-17T18:48:05Z,
146.59.47.170,ipv4,malicious-ip,medium,WHITE,ziyadnz/hourly-ipv4,ziyadnz|hourly,2026-08-17T18:48:05Z,2026-08-17T18:48:05Z,
146.59.69.107,ipv4,malicious-ip,medium,WHITE,ziyadnz/hourly-ipv4,ziyadnz|hourly,2026-08-17T18:48:05Z,2026-08-17T18:48:05Z,
146.59.87.241,ipv4,malicious-ip,medium,WHITE,ziyadnz/hourly-ipv4,ziyadnz|hourly,2026-08-17T18:48:05Z,2026-08-17T18:48:05Z,
146.59.95.254,ipv4,malicious-ip,medium,WHITE,ziyadnz/hourly-ipv4,ziyadnz|hourly,2026-08-17T18:48:05Z,2026-08-17T18:48:05Z,
146.70.10.49,ipv4,malicious-ip,medium,WHITE,ziyadnz/hourly-ipv4,ziyadnz|hourly,2026-08-17T18:48:05Z,2026-08-17T18:48:05Z,
146.70.101.83,ipv4,malicious-ip,medium,WHITE,ziyadnz/hourly-ipv4,ziyadnz|hourly,2026-08-17T18:48:05Z,2026-08-17T18:48:05Z,
146.70.104.176,ipv4,malicious-ip,medium,WHITE,ziyadnz/hourly-ipv4,ziyadnz|hourly,2026-08-17T18:48:05Z,2026-08-17T18:48:05Z,
146.70.104.249,ipv4,malicious-ip,medium,WHITE,ziyadnz/hourly-ipv4,ziyadnz|hourly,2026-08-17T18:48:05Z,2026-08-17T18:48:05Z,
146.70.106.174,ipv4,malicious-ip,medium,WHITE,ziyadnz/hourly-ipv4,ziyadnz|hourly,2026-08-17T18:48:05Z,2026-08-17T18:48:05Z,
146.70.106.55,ipv4,malicious-ip,medium,WHITE,ziyadnz/hourly-ipv4,ziyadnz|hourly,2026-08-17T18:48:05Z,2026-08-17T18:48:05Z,
146.70.11.12,ipv4,malicious-ip,medium,WHITE,ziyadnz/hourly-ipv4,ziyadnz|hourly,2026-08-17T18:48:05Z,2026-08-17T18:48:05Z,
146.70.116.20,ipv4,malicious-ip,medium,WHITE,ziyadnz/hourly-ipv4,ziyadnz|hourly,2026-08-17T18:48:05Z,2026-08-17T18:48:05Z,
146.70.118.226,ipv4,malicious-ip,medium,WHITE,ziyadnz/hourly-ipv4,ziyadnz|hourly,2026-08-17T18:48:05Z,2026-08-17T18:48:05Z,
146.70.121.88,ipv4,malicious-ip,medium,WHITE,ziyadnz/hourly-ipv4,ziyadnz|hourly,2026-08-17T18:48:05Z,2026-08-17T18:48:05Z,
146.70.124.165,ipv4,malicious-ip,medium,WHITE,ziyadnz/hourly-ipv4,ziyadnz|hourly,2026-08-17T18:48:05Z,2026-08-17T18:48:05Z,
146.70.124.188,ipv4,malicious-ip,medium,WHITE,ziyadnz/hourly-ipv4,ziyadnz|hourly,2026-08-17T18:48:05Z,2026-08-17T18:48:05Z,
146.70.125.119,ipv4,malicious-ip,medium,WHITE,ziyadnz/hourly-ipv4,ziyadnz|hourly,2026-08-17T18:48:05Z,2026-08-17T18:48:05Z,
146.70.125.68,ipv4,malicious-ip,medium,WHITE,ziyadnz/hourly-ipv4,ziyadnz|hourly,2026-08-17T18:48:05Z,2026-08-17T18:48:05Z,
146.70.125.79,ipv4,malicious-ip,medium,WHITE,ziyadnz/hourly-ipv4,ziyadnz|hourly,2026-08-17T18:48:05Z,2026-08-17T18:48:05Z,
146.70.125.95,ipv4,malicious-ip,medium,WHITE,ziyadnz/hourly-ipv4,ziyadnz|hourly,2026-08-17T18:48:05Z,2026-08-17T18:48:05Z,
146.70.144.35,ipv4,malicious-ip,medium,WHITE,ziyadnz/hourly-ipv4,ziyadnz|hourly,2026-08-17T18:48:05Z,2026-08-17T18:48:05Z,
146.70.145.242,ipv4,malicious-ip,medium,WHITE,ziyadnz/hourly-ipv4,ziyadnz|hourly,2026-08-17T18:48:05Z,2026-08-17T18:48:05Z,
146.70.149.185,ipv4,malicious-ip,medium,WHITE,ziyadnz/hourly-ipv4,ziyadnz|hourly,2026-08-17T18:48:05Z,2026-08-17T18:48:05Z,
146.70.157.120,ipv4,malicious-ip,medium,WHITE,ziyadnz/hourly-ipv4,ziyadnz|hourly,2026-08-17T18:48:05Z,2026-08-17T18:48:05Z,
146.70.158.144,ipv4,malicious-ip,medium,WHITE,ziyadnz/hourly-ipv4,ziyadnz|hourly,2026-08-17T18:48:05Z,2026-08-17T18:48:05Z,
146.70.160.212,ipv4,malicious-ip,medium,WHITE,ziyadnz/hourly-ipv4,ziyadnz|hourly,2026-08-17T18:48:05Z,2026-08-17T18:48:05Z,
146.70.160.214,ipv4,malicious-ip,medium,WHITE,ziyadnz/hourly-ipv4,ziyadnz|hourly,2026-08-17T18:48:05Z,2026-08-17T18:48:05Z,
146.70.160.236,ipv4,malicious-ip,medium,WHITE,ziyadnz/hourly-ipv4,ziyadnz|hourly,2026-08-17T18:48:05Z,2026-08-17T18:48:05Z,
146.70.160.244,ipv4,malicious-ip,medium,WHITE,ziyadnz/hourly-ipv4,ziyadnz|hourly,2026-08-17T18:48:05Z,2026-08-17T18:48:05Z,
146.70.160.252,ipv4,malicious-ip,medium,WHITE,ziyadnz/hourly-ipv4,ziyadnz|hourly,2026-08-17T18:48:05Z,2026-08-17T18:48:05Z,
146.70.160.62,ipv4,malicious-ip,medium,WHITE,ziyadnz/hourly-ipv4,ziyadnz|hourly,2026-08-17T18:48:05Z,2026-08-17T18:48:05Z,
146.70.161.15,ipv4,malicious-ip,medium,WHITE,ziyadnz/hourly-ipv4,ziyadnz|hourly,2026-08-17T18:48:05Z,2026-08-17T18:48:05Z,
146.70.161.50,ipv4,malicious-ip,medium,WHITE,ziyadnz/hourly-ipv4,ziyadnz|hourly,2026-08-17T18:48:05Z,2026-08-17T18:48:05Z,
146.70.161.51,ipv4,malicious-ip,medium,WHITE,ziyadnz/hourly-ipv4,ziyadnz|hourly,2026-08-17T18:48:05Z,2026-08-17T18:48:05Z,
146.70.161.78,ipv4,malicious-ip,medium,WHITE,ziyadnz/hourly-ipv4,ziyadnz|hourly,2026-08-17T18:48:05Z,2026-08-17T18:48:05Z,
146.70.165.47,ipv4,malicious-ip,medium,WHITE,ziyadnz/hourly-ipv4,ziyadnz|hourly,2026-08-17T18:48:05Z,2026-08-17T18:48:05Z,
146.70.176.222,ipv4,malicious-ip,medium,WHITE,ziyadnz/hourly-ipv4,ziyadnz|hourly,2026-08-17T18:48:05Z,2026-08-17T18:48:05Z,
146.70.178.0,ipv4,malicious-ip,medium,WHITE,ziyadnz/hourly-ipv4,ziyadnz|hourly,2026-08-17T18:48:05Z,2026-08-17T18:48:05Z,
146.70.178.116,ipv4,malicious-ip,medium,WHITE,ziyadnz/hourly-ipv4,ziyadnz|hourly,2026-08-17T18:48:05Z,2026-08-17T18:48:05Z,
146.70.178.124,ipv4,malicious-ip,medium,WHITE,ziyadnz/hourly-ipv4,ziyadnz|hourly,2026-08-17T18:48:05Z,2026-08-17T18:48:05Z,
146.70.178.126,ipv4,malicious-ip,medium,WHITE,ziyadnz/hourly-ipv4,ziyadnz|hourly,2026-08-17T18:48:05Z,2026-08-17T18:48:05Z,
146.70.178.164,ipv4,malicious-ip,medium,WHITE,ziyadnz/hourly-ipv4,ziyadnz|hourly,2026-08-17T18:48:05Z,2026-08-17T18:48:05Z,
146.70.178.166,ipv4,malicious-ip,medium,WHITE,ziyadnz/hourly-ipv4,ziyadnz|hourly,2026-08-17T18:48:05Z,2026-08-17T18:48:05Z,
146.70.178.246,ipv4,malicious-ip,medium,WHITE,ziyadnz/hourly-ipv4,ziyadnz|hourly,2026-08-17T18:48:05Z,2026-08-17T18:48:05Z,
146.70.178.252,ipv4,malicious-ip,medium,WHITE,ziyadnz/hourly-ipv4,ziyadnz|hourly,2026-08-17T18:48:05Z,2026-08-17T18:48:05Z,
146.70.184.43,ipv4,malicious-ip,medium,WHITE,ziyadnz/hourly-ipv4,ziyadnz|hourly,2026-08-17T18:48:05Z,2026-08-17T18:48:05Z,
146.70.184.45,ipv4,malicious-ip,medium,WHITE,ziyadnz/hourly-ipv4,ziyadnz|hourly,2026-08-17T18:48:05Z,2026-08-17T18:48:05Z,
146.70.194.0,ipv4,malicious-ip,medium,WHITE,ziyadnz/hourly-ipv4,ziyadnz|hourly,2026-08-17T18:48:05Z,2026-08-17T18:48:05Z,
146.70.194.236,ipv4,malicious-ip,medium,WHITE,ziyadnz/hourly-ipv4,ziyadnz|hourly,2026-08-17T18:48:05Z,2026-08-17T18:48:05Z,
146.70.194.238,ipv4,malicious-ip,medium,WHITE,ziyadnz/hourly-ipv4,ziyadnz|hourly,2026-08-17T18:48:05Z,2026-08-17T18:48:05Z,
146.70.194.244,ipv4,malicious-ip,medium,WHITE,ziyadnz/hourly-ipv4,ziyadnz|hourly,2026-08-17T18:48:05Z,2026-08-17T18:48:05Z,
146.70.194.246,ipv4,malicious-ip,medium,WHITE,ziyadnz/hourly-ipv4,ziyadnz|hourly,2026-08-17T18:48:05Z,2026-08-17T18:48:05Z,
146.70.199.165,ipv4,malicious-ip,medium,WHITE,ziyadnz/hourly-ipv4,ziyadnz|hourly,2026-08-17T18:48:05Z,2026-08-17T18:48:05Z,
146.70.201.105,ipv4,malicious-ip,medium,WHITE,ziyadnz/hourly-ipv4,ziyadnz|hourly,2026-08-17T18:48:05Z,2026-08-17T18:48:05Z,
146.70.202.163,ipv4,malicious-ip,medium,WHITE,ziyadnz/hourly-ipv4,ziyadnz|hourly,2026-08-17T18:48:05Z,2026-08-17T18:48:05Z,
146.70.211.119,ipv4,malicious-ip,medium,WHITE,ziyadnz/hourly-ipv4,ziyadnz|hourly,2026-08-17T18:48:05Z,2026-08-17T18:48:05Z,
146.70.211.55,ipv4,malicious-ip,medium,WHITE,ziyadnz/hourly-ipv4,ziyadnz|hourly,2026-08-17T18:48:05Z,2026-08-17T18:48:05Z,
146.70.225.25,ipv4,malicious-ip,medium,WHITE,ziyadnz/hourly-ipv4,ziyadnz|hourly,2026-08-17T18:48:05Z,2026-08-17T18:48:05Z,
146.70.231.130,ipv4,malicious-ip,medium,WHITE,ziyadnz/hourly-ipv4,ziyadnz|hourly,2026-08-17T18:48:05Z,2026-08-17T18:48:05Z,
146.70.24.144,ipv4,malicious-ip,medium,WHITE,ziyadnz/hourly-ipv4,ziyadnz|hourly,2026-08-17T18:48:05Z,2026-08-17T18:48:05Z,
146.70.240.214,ipv4,malicious-ip,medium,WHITE,ziyadnz/hourly-ipv4,ziyadnz|hourly,2026-08-17T18:48:05Z,2026-08-17T18:48:05Z,
146.70.244.82,ipv4,malicious-ip,medium,WHITE,ziyadnz/hourly-ipv4,ziyadnz|hourly,2026-08-17T18:48:05Z,2026-08-17T18:48:05Z,
146.70.253.10,ipv4,malicious-ip,medium,WHITE,ziyadnz/hourly-ipv4,ziyadnz|hourly,2026-08-17T18:48:05Z,2026-08-17T18:48:05Z,
146.70.253.107,ipv4,malicious-ip,medium,WHITE,ziyadnz/hourly-ipv4,ziyadnz|hourly,2026-08-17T18:48:05Z,2026-08-17T18:48:05Z,
146.70.29.229,ipv4,malicious-ip,medium,WHITE,ziyadnz/hourly-ipv4,ziyadnz|hourly,2026-08-17T18:48:05Z,2026-08-17T18:48:05Z,
146.70.36.132,ipv4,malicious-ip,medium,WHITE,ziyadnz/hourly-ipv4,ziyadnz|hourly,2026-08-17T18:48:05Z,2026-08-17T18:48:05Z,
146.70.36.142,ipv4,malicious-ip,medium,WHITE,ziyadnz/hourly-ipv4,ziyadnz|hourly,2026-08-17T18:48:05Z,2026-08-17T18:48:05Z,
146.70.38.69,ipv4,malicious-ip,medium,WHITE,ziyadnz/hourly-ipv4,ziyadnz|hourly,2026-08-17T18:48:05Z,2026-08-17T18:48:05Z,
146.70.39.134,ipv4,malicious-ip,medium,WHITE,ziyadnz/hourly-ipv4,ziyadnz|hourly,2026-08-17T18:48:05Z,2026-08-17T18:48:05Z,
146.70.39.142,ipv4,malicious-ip,medium,WHITE,ziyadnz/hourly-ipv4,ziyadnz|hourly,2026-08-17T18:48:05Z,2026-08-17T18:48:05Z,
146.70.40.228,ipv4,malicious-ip,medium,WHITE,ziyadnz/hourly-ipv4,ziyadnz|hourly,2026-08-17T18:48:05Z,2026-08-17T18:48:05Z,
146.70.40.230,ipv4,malicious-ip,medium,WHITE,ziyadnz/hourly-ipv4,ziyadnz|hourly,2026-08-17T18:48:05Z,2026-08-17T18:48:05Z,
146.70.40.68,ipv4,malicious-ip,medium,WHITE,ziyadnz/hourly-ipv4,ziyadnz|hourly,2026-08-17T18:48:05Z,2026-08-17T18:48:05Z,
146.70.41.178,ipv4,malicious-ip,medium,WHITE,ziyadnz/hourly-ipv4,ziyadnz|hourly,2026-08-17T18:48:05Z,2026-08-17T18:48:05Z,
146.70.41.193,ipv4,malicious-ip,medium,WHITE,ziyadnz/hourly-ipv4,ziyadnz|hourly,2026-08-17T18:48:05Z,2026-08-17T18:48:05Z,
146.70.52.246,ipv4,malicious-ip,medium,WHITE,ziyadnz/hourly-ipv4,ziyadnz|hourly,2026-08-17T18:48:05Z,2026-08-17T18:48:05Z,
146.70.53.171,ipv4,malicious-ip,medium,WHITE,ziyadnz/hourly-ipv4,ziyadnz|hourly,2026-08-17T18:48:05Z,2026-08-17T18:48:05Z,
146.70.59.169,ipv4,malicious-ip,medium,WHITE,ziyadnz/hourly-ipv4,ziyadnz|hourly,2026-08-17T18:48:05Z,2026-08-17T18:48:05Z,
146.70.65.13,ipv4,malicious-ip,medium,WHITE,ziyadnz/hourly-ipv4,ziyadnz|hourly,2026-08-17T18:48:05Z,2026-08-17T18:48:05Z,
146.70.65.20,ipv4,malicious-ip,medium,WHITE,ziyadnz/hourly-ipv4,ziyadnz|hourly,2026-08-17T18:48:05Z,2026-08-17T18:48:05Z,
146.70.67.66,ipv4,malicious-ip,medium,WHITE,ziyadnz/hourly-ipv4,ziyadnz|hourly,2026-08-17T18:48:05Z,2026-08-17T18:48:05Z,
146.70.71.13,ipv4,malicious-ip,medium,WHITE,ziyadnz/hourly-ipv4,ziyadnz|hourly,2026-08-17T18:48:05Z,2026-08-17T18:48:05Z,
146.70.71.135,ipv4,malicious-ip,medium,WHITE,ziyadnz/hourly-ipv4,ziyadnz|hourly,2026-08-17T18:48:05Z,2026-08-17T18:48:05Z,
146.70.79.105,ipv4,malicious-ip,medium,WHITE,ziyadnz/hourly-ipv4,ziyadnz|hourly,2026-08-17T18:48:05Z,2026-08-17T18:48:05Z,
146.70.79.117,ipv4,malicious-ip,medium,WHITE,ziyadnz/hourly-ipv4,ziyadnz|hourly,2026-08-17T18:48:05Z,2026-08-17T18:48:05Z,
146.70.79.18,ipv4,malicious-ip,medium,WHITE,ziyadnz/hourly-ipv4,ziyadnz|hourly,2026-08-17T18:48:05Z,2026-08-17T18:48:05Z,
146.70.79.30,ipv4,malicious-ip,medium,WHITE,ziyadnz/hourly-ipv4,ziyadnz|hourly,2026-08-17T18:48:05Z,2026-08-17T18:48:05Z,
146.70.79.47,ipv4,malicious-ip,medium,WHITE,ziyadnz/hourly-ipv4,ziyadnz|hourly,2026-08-17T18:48:05Z,2026-08-17T18:48:05Z,
146.70.79.78,ipv4,malicious-ip,medium,WHITE,ziyadnz/hourly-ipv4,ziyadnz|hourly,2026-08-17T18:48:05Z,2026-08-17T18:48:05Z,
146.70.80.66,ipv4,malicious-ip,medium,WHITE,ziyadnz/hourly-ipv4,ziyadnz|hourly,2026-08-17T18:48:05Z,2026-08-17T18:48:05Z,
146.70.80.79,ipv4,malicious-ip,medium,WHITE,ziyadnz/hourly-ipv4,ziyadnz|hourly,2026-08-17T18:48:05Z,2026-08-17T18:48:05Z,
146.70.80.83,ipv4,malicious-ip,medium,WHITE,ziyadnz/hourly-ipv4,ziyadnz|hourly,2026-08-17T18:48:05Z,2026-08-17T18:48:05Z,
146.70.87.197,ipv4,malicious-ip,medium,WHITE,ziyadnz/hourly-ipv4,ziyadnz|hourly,2026-08-17T18:48:05Z,2026-08-17T18:48:05Z,
146.70.87.67,ipv4,malicious-ip,medium,WHITE,ziyadnz/hourly-ipv4,ziyadnz|hourly,2026-08-17T18:48:05Z,2026-08-17T18:48:05Z,
146.70.87.96,ipv4,malicious-ip,medium,WHITE,ziyadnz/hourly-ipv4,ziyadnz|hourly,2026-08-17T18:48:05Z,2026-08-17T18:48:05Z,
146.70.92.187,ipv4,malicious-ip,medium,WHITE,ziyadnz/hourly-ipv4,ziyadnz|hourly,2026-08-17T18:48:05Z,2026-08-17T18:48:05Z,
146.71.78.203,ipv4,malicious-ip,medium,WHITE,ziyadnz/hourly-ipv4,ziyadnz|hourly,2026-08-17T18:48:05Z,2026-08-17T18:48:05Z,
146.71.81.184,ipv4,malicious-ip,medium,WHITE,ziyadnz/hourly-ipv4,ziyadnz|hourly,2026-08-17T18:48:05Z,2026-08-17T18:48:05Z,
146.88.129.138,ipv4,malicious-ip,medium,WHITE,ziyadnz/hourly-ipv4,ziyadnz|hourly,2026-08-17T18:48:05Z,2026-08-17T18:48:05Z,
146.88.240.0,ipv4,malicious-ip,medium,WHITE,ziyadnz/hourly-ipv4,ziyadnz|hourly,2026-08-17T18:48:05Z,2026-08-17T18:48:05Z,
146.88.240.102,ipv4,malicious-ip,medium,WHITE,ziyadnz/hourly-ipv4,ziyadnz|hourly,2026-08-17T18:48:05Z,2026-08-17T18:48:05Z,
146.88.240.103,ipv4,malicious-ip,medium,WHITE,ziyadnz/hourly-ipv4,ziyadnz|hourly,2026-08-17T18:48:05Z,2026-08-17T18:48:05Z,
146.88.240.104,ipv4,malicious-ip,medium,WHITE,ziyadnz/hourly-ipv4,ziyadnz|hourly,2026-08-17T18:48:05Z,2026-08-17T18:48:05Z,
146.88.240.105,ipv4,malicious-ip,medium,WHITE,ziyadnz/hourly-ipv4,ziyadnz|hourly,2026-08-17T18:48:05Z,2026-08-17T18:48:05Z,
146.88.240.106,ipv4,malicious-ip,medium,WHITE,ziyadnz/hourly-ipv4,ziyadnz|hourly,2026-08-17T18:48:05Z,2026-08-17T18:48:05Z,
146.88.240.107,ipv4,malicious-ip,medium,WHITE,ziyadnz/hourly-ipv4,ziyadnz|hourly,2026-08-17T18:48:05Z,2026-08-17T18:48:05Z,
146.88.240.130,ipv4,malicious-ip,medium,WHITE,ziyadnz/hourly-ipv4,ziyadnz|hourly,2026-08-17T18:48:05Z,2026-08-17T18:48:05Z,
146.88.240.131,ipv4,malicious-ip,medium,WHITE,ziyadnz/hourly-ipv4,ziyadnz|hourly,2026-08-17T18:48:05Z,2026-08-17T18:48:05Z,
146.88.240.132,ipv4,malicious-ip,medium,WHITE,ziyadnz/hourly-ipv4,ziyadnz|hourly,2026-08-17T18:48:05Z,2026-08-17T18:48:05Z,
146.88.240.133,ipv4,malicious-ip,medium,WHITE,ziyadnz/hourly-ipv4,ziyadnz|hourly,2026-08-17T18:48:05Z,2026-08-17T18:48:05Z,
146.88.240.134,ipv4,malicious-ip,medium,WHITE,ziyadnz/hourly-ipv4,ziyadnz|hourly,2026-08-17T18:48:05Z,2026-08-17T18:48:05Z,
146.88.240.144,ipv4,malicious-ip,medium,WHITE,ziyadnz/hourly-ipv4,ziyadnz|hourly,2026-08-17T18:48:05Z,2026-08-17T18:48:05Z,
146.88.240.170,ipv4,malicious-ip,medium,WHITE,ziyadnz/hourly-ipv4,ziyadnz|hourly,2026-08-17T18:48:05Z,2026-08-17T18:48:05Z,
146.88.240.171,ipv4,malicious-ip,medium,WHITE,ziyadnz/hourly-ipv4,ziyadnz|hourly,2026-08-17T18:48:05Z,2026-08-17T18:48:05Z,
146.88.240.172,ipv4,malicious-ip,medium,WHITE,ziyadnz/hourly-ipv4,ziyadnz|hourly,2026-08-17T18:48:05Z,2026-08-17T18:48:05Z,
146.88.240.173,ipv4,malicious-ip,medium,WHITE,ziyadnz/hourly-ipv4,ziyadnz|hourly,2026-08-17T18:48:05Z,2026-08-17T18:48:05Z,
146.88.240.174,ipv4,malicious-ip,medium,WHITE,ziyadnz/hourly-ipv4,ziyadnz|hourly,2026-08-17T18:48:05Z,2026-08-17T18:48:05Z,
146.88.240.191,ipv4,malicious-ip,medium,WHITE,ziyadnz/hourly-ipv4,ziyadnz|hourly,2026-08-17T18:48:05Z,2026-08-17T18:48:05Z,
146.88.240.200,ipv4,malicious-ip,medium,WHITE,ziyadnz/hourly-ipv4,ziyadnz|hourly,2026-08-17T18:48:05Z,2026-08-17T18:48:05Z,
146.88.240.201,ipv4,malicious-ip,medium,WHITE,ziyadnz/hourly-ipv4,ziyadnz|hourly,2026-08-17T18:48:05Z,2026-08-17T18:48:05Z,
146.88.240.202,ipv4,malicious-ip,medium,WHITE,ziyadnz/hourly-ipv4,ziyadnz|hourly,2026-08-17T18:48:05Z,2026-08-17T18:48:05Z,
146.88.240.203,ipv4,malicious-ip,medium,WHITE,ziyadnz/hourly-ipv4,ziyadnz|hourly,2026-08-17T18:48:05Z,2026-08-17T18:48:05Z,
146.88.240.204,ipv4,malicious-ip,medium,WHITE,ziyadnz/hourly-ipv4,ziyadnz|hourly,2026-08-17T18:48:05Z,2026-08-17T18:48:05Z,
146.88.240.205,ipv4,malicious-ip,medium,WHITE,ziyadnz/hourly-ipv4,ziyadnz|hourly,2026-08-17T18:48:05Z,2026-08-17T18:48:05Z,
146.88.240.206,ipv4,malicious-ip,medium,WHITE,ziyadnz/hourly-ipv4,ziyadnz|hourly,2026-08-17T18:48:05Z,2026-08-17T18:48:05Z,
146.88.240.207,ipv4,malicious-ip,medium,WHITE,ziyadnz/hourly-ipv4,ziyadnz|hourly,2026-08-17T18:48:05Z,2026-08-17T18:48:05Z,
146.88.240.208,ipv4,malicious-ip,medium,WHITE,ziyadnz/hourly-ipv4,ziyadnz|hourly,2026-08-17T18:48:05Z,2026-08-17T18:48:05Z,
146.88.240.209,ipv4,malicious-ip,medium,WHITE,ziyadnz/hourly-ipv4,ziyadnz|hourly,2026-08-17T18:48:05Z,2026-08-17T18:48:05Z,
146.88.240.210,ipv4,malicious-ip,medium,WHITE,ziyadnz/hourly-ipv4,ziyadnz|hourly,2026-08-17T18:48:05Z,2026-08-17T18:48:05Z,
146.88.240.211,ipv4,malicious-ip,medium,WHITE,ziyadnz/hourly-ipv4,ziyadnz|hourly,2026-08-17T18:48:05Z,2026-08-17T18:48:05Z,
146.88.240.212,ipv4,malicious-ip,medium,WHITE,ziyadnz/hourly-ipv4,ziyadnz|hourly,2026-08-17T18:48:05Z,2026-08-17T18:48:05Z,
146.88.240.213,ipv4,malicious-ip,medium,WHITE,ziyadnz/hourly-ipv4,ziyadnz|hourly,2026-08-17T18:48:05Z,2026-08-17T18:48:05Z,
146.88.240.214,ipv4,malicious-ip,medium,WHITE,ziyadnz/hourly-ipv4,ziyadnz|hourly,2026-08-17T18:48:05Z,2026-08-17T18:48:05Z,
146.88.240.215,ipv4,malicious-ip,medium,WHITE,ziyadnz/hourly-ipv4,ziyadnz|hourly,2026-08-17T18:48:05Z,2026-08-17T18:48:05Z,
146.88.240.216,ipv4,malicious-ip,medium,WHITE,ziyadnz/hourly-ipv4,ziyadnz|hourly,2026-08-17T18:48:05Z,2026-08-17T18:48:05Z,
146.88.240.217,ipv4,malicious-ip,medium,WHITE,ziyadnz/hourly-ipv4,ziyadnz|hourly,2026-08-17T18:48:05Z,2026-08-17T18:48:05Z,
146.88.240.218,ipv4,malicious-ip,medium,WHITE,ziyadnz/hourly-ipv4,ziyadnz|hourly,2026-08-17T18:48:05Z,2026-08-17T18:48:05Z,
146.88.240.219,ipv4,malicious-ip,medium,WHITE,ziyadnz/hourly-ipv4,ziyadnz|hourly,2026-08-17T18:48:05Z,2026-08-17T18:48:05Z,
146.88.240.220,ipv4,malicious-ip,medium,WHITE,ziyadnz/hourly-ipv4,ziyadnz|hourly,2026-08-17T18:48:05Z,2026-08-17T18:48:05Z,
146.88.240.221,ipv4,malicious-ip,medium,WHITE,ziyadnz/hourly-ipv4,ziyadnz|hourly,2026-08-17T18:48:05Z,2026-08-17T18:48:05Z,
146.88.240.222,ipv4,malicious-ip,medium,WHITE,ziyadnz/hourly-ipv4,ziyadnz|hourly,2026-08-17T18:48:05Z,2026-08-17T18:48:05Z,
146.88.240.223,ipv4,malicious-ip,medium,WHITE,ziyadnz/hourly-ipv4,ziyadnz|hourly,2026-08-17T18:48:05Z,2026-08-17T18:48:05Z,
146.88.240.228,ipv4,malicious-ip,medium,WHITE,ziyadnz/hourly-ipv4,ziyadnz|hourly,2026-08-17T18:48:05Z,2026-08-17T18:48:05Z,
146.88.240.26,ipv4,malicious-ip,medium,WHITE,ziyadnz/hourly-ipv4,ziyadnz|hourly,2026-08-17T18:48:05Z,2026-08-17T18:48:05Z,
146.88.240.27,ipv4,malicious-ip,medium,WHITE,ziyadnz/hourly-ipv4,ziyadnz|hourly,2026-08-17T18:48:05Z,2026-08-17T18:48:05Z,
146.88.240.30,ipv4,malicious-ip,medium,WHITE,ziyadnz/hourly-ipv4,ziyadnz|hourly,2026-08-17T18:48:05Z,2026-08-17T18:48:05Z,
146.88.240.31,ipv4,malicious-ip,medium,WHITE,ziyadnz/hourly-ipv4,ziyadnz|hourly,2026-08-17T18:48:05Z,2026-08-17T18:48:05Z,
146.88.241.0,ipv4,malicious-ip,medium,WHITE,ziyadnz/hourly-ipv4,ziyadnz|hourly,2026-08-17T18:48:05Z,2026-08-17T18:48:05Z,
146.88.241.100,ipv4,malicious-ip,medium,WHITE,ziyadnz/hourly-ipv4,ziyadnz|hourly,2026-08-17T18:48:05Z,2026-08-17T18:48:05Z,
146.88.241.101,ipv4,malicious-ip,medium,WHITE,ziyadnz/hourly-ipv4,ziyadnz|hourly,2026-08-17T18:48:05Z,2026-08-17T18:48:05Z,
146.88.241.102,ipv4,malicious-ip,medium,WHITE,ziyadnz/hourly-ipv4,ziyadnz|hourly,2026-08-17T18:48:05Z,2026-08-17T18:48:05Z,
146.88.241.111,ipv4,malicious-ip,medium,WHITE,ziyadnz/hourly-ipv4,ziyadnz|hourly,2026-08-17T18:48:05Z,2026-08-17T18:48:05Z,
146.88.241.112,ipv4,malicious-ip,medium,WHITE,ziyadnz/hourly-ipv4,ziyadnz|hourly,2026-08-17T18:48:05Z,2026-08-17T18:48:05Z,
146.88.241.113,ipv4,malicious-ip,medium,WHITE,ziyadnz/hourly-ipv4,ziyadnz|hourly,2026-08-17T18:48:05Z,2026-08-17T18:48:05Z,
146.88.241.125,ipv4,malicious-ip,medium,WHITE,ziyadnz/hourly-ipv4,ziyadnz|hourly,2026-08-17T18:48:05Z,2026-08-17T18:48:05Z,
146.88.241.126,ipv4,malicious-ip,medium,WHITE,ziyadnz/hourly-ipv4,ziyadnz|hourly,2026-08-17T18:48:05Z,2026-08-17T18:48:05Z,
146.88.241.127,ipv4,malicious-ip,medium,WHITE,ziyadnz/hourly-ipv4,ziyadnz|hourly,2026-08-17T18:48:05Z,2026-08-17T18:48:05Z,
146.88.241.131,ipv4,malicious-ip,medium,WHITE,ziyadnz/hourly-ipv4,ziyadnz|hourly,2026-08-17T18:48:05Z,2026-08-17T18:48:05Z,
146.88.241.132,ipv4,malicious-ip,medium,WHITE,ziyadnz/hourly-ipv4,ziyadnz|hourly,2026-08-17T18:48:05Z,2026-08-17T18:48:05Z,
146.88.241.133,ipv4,malicious-ip,medium,WHITE,ziyadnz/hourly-ipv4,ziyadnz|hourly,2026-08-17T18:48:05Z,2026-08-17T18:48:05Z,
146.88.241.141,ipv4,malicious-ip,medium,WHITE,ziyadnz/hourly-ipv4,ziyadnz|hourly,2026-08-17T18:48:05Z,2026-08-17T18:48:05Z,
146.88.241.142,ipv4,malicious-ip,medium,WHITE,ziyadnz/hourly-ipv4,ziyadnz|hourly,2026-08-17T18:48:05Z,2026-08-17T18:48:05Z,
146.88.241.143,ipv4,malicious-ip,medium,WHITE,ziyadnz/hourly-ipv4,ziyadnz|hourly,2026-08-17T18:48:05Z,2026-08-17T18:48:05Z,
146.88.241.156,ipv4,malicious-ip,medium,WHITE,ziyadnz/hourly-ipv4,ziyadnz|hourly,2026-08-17T18:48:05Z,2026-08-17T18:48:05Z,
146.88.241.157,ipv4,malicious-ip,medium,WHITE,ziyadnz/hourly-ipv4,ziyadnz|hourly,2026-08-17T18:48:05Z,2026-08-17T18:48:05Z,
146.88.241.158,ipv4,malicious-ip,medium,WHITE,ziyadnz/hourly-ipv4,ziyadnz|hourly,2026-08-17T18:48:05Z,2026-08-17T18:48:05Z,
146.88.241.166,ipv4,malicious-ip,medium,WHITE,ziyadnz/hourly-ipv4,ziyadnz|hourly,2026-08-17T18:48:05Z,2026-08-17T18:48:05Z,
146.88.241.167,ipv4,malicious-ip,medium,WHITE,ziyadnz/hourly-ipv4,ziyadnz|hourly,2026-08-17T18:48:05Z,2026-08-17T18:48:05Z,
146.88.241.168,ipv4,malicious-ip,medium,WHITE,ziyadnz/hourly-ipv4,ziyadnz|hourly,2026-08-17T18:48:05Z,2026-08-17T18:48:05Z,
146.88.241.171,ipv4,malicious-ip,medium,WHITE,ziyadnz/hourly-ipv4,ziyadnz|hourly,2026-08-17T18:48:05Z,2026-08-17T18:48:05Z,
146.88.241.172,ipv4,malicious-ip,medium,WHITE,ziyadnz/hourly-ipv4,ziyadnz|hourly,2026-08-17T18:48:05Z,2026-08-17T18:48:05Z,
146.88.241.173,ipv4,malicious-ip,medium,WHITE,ziyadnz/hourly-ipv4,ziyadnz|hourly,2026-08-17T18:48:05Z,2026-08-17T18:48:05Z,
146.88.241.20,ipv4,malicious-ip,medium,WHITE,ziyadnz/hourly-ipv4,ziyadnz|hourly,2026-08-17T18:48:05Z,2026-08-17T18:48:05Z,
146.88.241.21,ipv4,malicious-ip,medium,WHITE,ziyadnz/hourly-ipv4,ziyadnz|hourly,2026-08-17T18:48:05Z,2026-08-17T18:48:05Z,
146.88.241.22,ipv4,malicious-ip,medium,WHITE,ziyadnz/hourly-ipv4,ziyadnz|hourly,2026-08-17T18:48:05Z,2026-08-17T18:48:05Z,
146.88.241.36,ipv4,malicious-ip,medium,WHITE,ziyadnz/hourly-ipv4,ziyadnz|hourly,2026-08-17T18:48:05Z,2026-08-17T18:48:05Z,
146.88.241.37,ipv4,malicious-ip,medium,WHITE,ziyadnz/hourly-ipv4,ziyadnz|hourly,2026-08-17T18:48:05Z,2026-08-17T18:48:05Z,
146.88.241.38,ipv4,malicious-ip,medium,WHITE,ziyadnz/hourly-ipv4,ziyadnz|hourly,2026-08-17T18:48:05Z,2026-08-17T18:48:05Z,
146.88.241.41,ipv4,malicious-ip,medium,WHITE,ziyadnz/hourly-ipv4,ziyadnz|hourly,2026-08-17T18:48:05Z,2026-08-17T18:48:05Z,
146.88.241.42,ipv4,malicious-ip,medium,WHITE,ziyadnz/hourly-ipv4,ziyadnz|hourly,2026-08-17T18:48:05Z,2026-08-17T18:48:05Z,
146.88.241.43,ipv4,malicious-ip,medium,WHITE,ziyadnz/hourly-ipv4,ziyadnz|hourly,2026-08-17T18:48:05Z,2026-08-17T18:48:05Z,
146.88.241.50,ipv4,malicious-ip,medium,WHITE,ziyadnz/hourly-ipv4,ziyadnz|hourly,2026-08-17T18:48:05Z,2026-08-17T18:48:05Z,
146.88.241.51,ipv4,malicious-ip,medium,WHITE,ziyadnz/hourly-ipv4,ziyadnz|hourly,2026-08-17T18:48:05Z,2026-08-17T18:48:05Z,
146.88.241.52,ipv4,malicious-ip,medium,WHITE,ziyadnz/hourly-ipv4,ziyadnz|hourly,2026-08-17T18:48:05Z,2026-08-17T18:48:05Z,
146.88.241.65,ipv4,malicious-ip,medium,WHITE,ziyadnz/hourly-ipv4,ziyadnz|hourly,2026-08-17T18:48:05Z,2026-08-17T18:48:05Z,
146.88.241.66,ipv4,malicious-ip,medium,WHITE,ziyadnz/hourly-ipv4,ziyadnz|hourly,2026-08-17T18:48:05Z,2026-08-17T18:48:05Z,
146.88.241.67,ipv4,malicious-ip,medium,WHITE,ziyadnz/hourly-ipv4,ziyadnz|hourly,2026-08-17T18:48:05Z,2026-08-17T18:48:05Z,
146.88.241.70,ipv4,malicious-ip,medium,WHITE,ziyadnz/hourly-ipv4,ziyadnz|hourly,2026-08-17T18:48:05Z,2026-08-17T18:48:05Z,
146.88.241.71,ipv4,malicious-ip,medium,WHITE,ziyadnz/hourly-ipv4,ziyadnz|hourly,2026-08-17T18:48:05Z,2026-08-17T18:48:05Z,
146.88.241.72,ipv4,malicious-ip,medium,WHITE,ziyadnz/hourly-ipv4,ziyadnz|hourly,2026-08-17T18:48:05Z,2026-08-17T18:48:05Z,
146.88.241.81,ipv4,malicious-ip,medium,WHITE,ziyadnz/hourly-ipv4,ziyadnz|hourly,2026-08-17T18:48:05Z,2026-08-17T18:48:05Z,
146.88.241.82,ipv4,malicious-ip,medium,WHITE,ziyadnz/hourly-ipv4,ziyadnz|hourly,2026-08-17T18:48:05Z,2026-08-17T18:48:05Z,
146.88.241.83,ipv4,malicious-ip,medium,WHITE,ziyadnz/hourly-ipv4,ziyadnz|hourly,2026-08-17T18:48:05Z,2026-08-17T18:48:05Z,
146.88.241.91,ipv4,malicious-ip,medium,WHITE,ziyadnz/hourly-ipv4,ziyadnz|hourly,2026-08-17T18:48:05Z,2026-08-17T18:48:05Z,
146.88.241.92,ipv4,malicious-ip,medium,WHITE,ziyadnz/hourly-ipv4,ziyadnz|hourly,2026-08-17T18:48:05Z,2026-08-17T18:48:05Z,
146.88.241.93,ipv4,malicious-ip,medium,WHITE,ziyadnz/hourly-ipv4,ziyadnz|hourly,2026-08-17T18:48:05Z,2026-08-17T18:48:05Z,
147.0.81.81,ipv4,malicious-ip,medium,WHITE,ziyadnz/hourly-ipv4,ziyadnz|hourly,2026-08-17T18:48:05Z,2026-08-17T18:48:05Z,
147.12.193.89,ipv4,malicious-ip,medium,WHITE,ziyadnz/hourly-ipv4,ziyadnz|hourly,2026-08-17T18:48:05Z,2026-08-17T18:48:05Z,
147.124.197.138,ipv4,malicious-ip,medium,WHITE,ziyadnz/hourly-ipv4,ziyadnz|hourly,2026-08-17T18:48:05Z,2026-08-17T18:48:05Z,
147.124.197.149,ipv4,malicious-ip,medium,WHITE,ziyadnz/hourly-ipv4,ziyadnz|hourly,2026-08-17T18:48:05Z,2026-08-17T18:48:05Z,
147.124.202.162,ipv4,malicious-ip,medium,WHITE,ziyadnz/hourly-ipv4,ziyadnz|hourly,2026-08-17T18:48:05Z,2026-08-17T18:48:05Z,
147.124.202.208,ipv4,malicious-ip,medium,WHITE,ziyadnz/hourly-ipv4,ziyadnz|hourly,2026-08-17T18:48:05Z,2026-08-17T18:48:05Z,
147.124.212.146,ipv4,malicious-ip,medium,WHITE,ziyadnz/hourly-ipv4,ziyadnz|hourly,2026-08-17T18:48:05Z,2026-08-17T18:48:05Z,
147.124.212.89,ipv4,malicious-ip,medium,WHITE,ziyadnz/hourly-ipv4,ziyadnz|hourly,2026-08-17T18:48:05Z,2026-08-17T18:48:05Z,
147.124.213.11,ipv4,malicious-ip,medium,WHITE,ziyadnz/hourly-ipv4,ziyadnz|hourly,2026-08-17T18:48:05Z,2026-08-17T18:48:05Z,
147.124.213.29,ipv4,malicious-ip,medium,WHITE,ziyadnz/hourly-ipv4,ziyadnz|hourly,2026-08-17T18:48:05Z,2026-08-17T18:48:05Z,
147.124.214.129,ipv4,malicious-ip,medium,WHITE,ziyadnz/hourly-ipv4,ziyadnz|hourly,2026-08-17T18:48:05Z,2026-08-17T18:48:05Z,
147.124.214.131,ipv4,malicious-ip,medium,WHITE,ziyadnz/hourly-ipv4,ziyadnz|hourly,2026-08-17T18:48:05Z,2026-08-17T18:48:05Z,
147.124.214.237,ipv4,malicious-ip,medium,WHITE,ziyadnz/hourly-ipv4,ziyadnz|hourly,2026-08-17T18:48:05Z,2026-08-17T18:48:05Z,
147.124.216.205,ipv4,malicious-ip,medium,WHITE,ziyadnz/hourly-ipv4,ziyadnz|hourly,2026-08-17T18:48:05Z,2026-08-17T18:48:05Z,
147.124.220.237,ipv4,malicious-ip,medium,WHITE,ziyadnz/hourly-ipv4,ziyadnz|hourly,2026-08-17T18:48:05Z,2026-08-17T18:48:05Z,
147.124.223.58,ipv4,malicious-ip,medium,WHITE,ziyadnz/hourly-ipv4,ziyadnz|hourly,2026-08-17T18:48:05Z,2026-08-17T18:48:05Z,
147.135.137.13,ipv4,malicious-ip,medium,WHITE,ziyadnz/hourly-ipv4,ziyadnz|hourly,2026-08-17T18:48:05Z,2026-08-17T18:48:05Z,
147.135.209.245,ipv4,malicious-ip,medium,WHITE,ziyadnz/hourly-ipv4,ziyadnz|hourly,2026-08-17T18:48:05Z,2026-08-17T18:48:05Z,
147.135.210.141,ipv4,malicious-ip,medium,WHITE,ziyadnz/hourly-ipv4,ziyadnz|hourly,2026-08-17T18:48:05Z,2026-08-17T18:48:05Z,
147.135.212.202,ipv4,malicious-ip,medium,WHITE,ziyadnz/hourly-ipv4,ziyadnz|hourly,2026-08-17T18:48:05Z,2026-08-17T18:48:05Z,
147.135.212.227,ipv4,malicious-ip,medium,WHITE,ziyadnz/hourly-ipv4,ziyadnz|hourly,2026-08-17T18:48:05Z,2026-08-17T18:48:05Z,
147.135.212.239,ipv4,malicious-ip,medium,WHITE,ziyadnz/hourly-ipv4,ziyadnz|hourly,2026-08-17T18:48:05Z,2026-08-17T18:48:05Z,
147.135.212.89,ipv4,malicious-ip,medium,WHITE,ziyadnz/hourly-ipv4,ziyadnz|hourly,2026-08-17T18:48:05Z,2026-08-17T18:48:05Z,
147.135.213.218,ipv4,malicious-ip,medium,WHITE,ziyadnz/hourly-ipv4,ziyadnz|hourly,2026-08-17T18:48:05Z,2026-08-17T18:48:05Z,
147.135.213.234,ipv4,malicious-ip,medium,WHITE,ziyadnz/hourly-ipv4,ziyadnz|hourly,2026-08-17T18:48:05Z,2026-08-17T18:48:05Z,
147.135.215.173,ipv4,malicious-ip,medium,WHITE,ziyadnz/hourly-ipv4,ziyadnz|hourly,2026-08-17T18:48:05Z,2026-08-17T18:48:05Z,
147.135.244.43,ipv4,malicious-ip,medium,WHITE,ziyadnz/hourly-ipv4,ziyadnz|hourly,2026-08-17T18:48:05Z,2026-08-17T18:48:05Z,
147.135.252.148,ipv4,malicious-ip,medium,WHITE,ziyadnz/hourly-ipv4,ziyadnz|hourly,2026-08-17T18:48:05Z,2026-08-17T18:48:05Z,
147.135.252.177,ipv4,malicious-ip,medium,WHITE,ziyadnz/hourly-ipv4,ziyadnz|hourly,2026-08-17T18:48:05Z,2026-08-17T18:48:05Z,
147.135.253.34,ipv4,malicious-ip,medium,WHITE,ziyadnz/hourly-ipv4,ziyadnz|hourly,2026-08-17T18:48:05Z,2026-08-17T18:48:05Z,
147.135.253.47,ipv4,malicious-ip,medium,WHITE,ziyadnz/hourly-ipv4,ziyadnz|hourly,2026-08-17T18:48:05Z,2026-08-17T18:48:05Z,
147.139.194.234,ipv4,malicious-ip,medium,WHITE,ziyadnz/hourly-ipv4,ziyadnz|hourly,2026-08-17T18:48:05Z,2026-08-17T18:48:05Z,
147.139.244.130,ipv4,malicious-ip,medium,WHITE,ziyadnz/hourly-ipv4,ziyadnz|hourly,2026-08-17T18:48:05Z,2026-08-17T18:48:05Z,
147.139.29.220,ipv4,malicious-ip,medium,WHITE,ziyadnz/hourly-ipv4,ziyadnz|hourly,2026-08-17T18:48:05Z,2026-08-17T18:48:05Z,
147.147.191.64,ipv4,malicious-ip,medium,WHITE,ziyadnz/hourly-ipv4,ziyadnz|hourly,2026-08-17T18:48:05Z,2026-08-17T18:48:05Z,
147.15.15.226,ipv4,malicious-ip,medium,WHITE,ziyadnz/hourly-ipv4,ziyadnz|hourly,2026-08-17T18:48:05Z,2026-08-17T18:48:05Z,
147.161.246.252,ipv4,malicious-ip,medium,WHITE,ziyadnz/hourly-ipv4,ziyadnz|hourly,2026-08-17T18:48:05Z,2026-08-17T18:48:05Z,
147.161.3.31,ipv4,malicious-ip,medium,WHITE,ziyadnz/hourly-ipv4,ziyadnz|hourly,2026-08-17T18:48:05Z,2026-08-17T18:48:05Z,
147.182.133.21,ipv4,malicious-ip,medium,WHITE,ziyadnz/hourly-ipv4,ziyadnz|hourly,2026-08-17T18:48:05Z,2026-08-17T18:48:05Z,
147.182.134.223,ipv4,malicious-ip,medium,WHITE,ziyadnz/hourly-ipv4,ziyadnz|hourly,2026-08-17T18:48:05Z,2026-08-17T18:48:05Z,
147.182.135.71,ipv4,malicious-ip,medium,WHITE,ziyadnz/hourly-ipv4,ziyadnz|hourly,2026-08-17T18:48:05Z,2026-08-17T18:48:05Z,
147.182.136.83,ipv4,malicious-ip,medium,WHITE,ziyadnz/hourly-ipv4,ziyadnz|hourly,2026-08-17T18:48:05Z,2026-08-17T18:48:05Z,
147.182.138.29,ipv4,malicious-ip,medium,WHITE,ziyadnz/hourly-ipv4,ziyadnz|hourly,2026-08-17T18:48:05Z,2026-08-17T18:48:05Z,
147.182.139.152,ipv4,malicious-ip,medium,WHITE,ziyadnz/hourly-ipv4,ziyadnz|hourly,2026-08-17T18:48:05Z,2026-08-17T18:48:05Z,
147.182.141.208,ipv4,malicious-ip,medium,WHITE,ziyadnz/hourly-ipv4,ziyadnz|hourly,2026-08-17T18:48:05Z,2026-08-17T18:48:05Z,
147.182.143.231,ipv4,malicious-ip,medium,WHITE,ziyadnz/hourly-ipv4,ziyadnz|hourly,2026-08-17T18:48:05Z,2026-08-17T18:48:05Z,
147.182.144.164,ipv4,malicious-ip,medium,WHITE,ziyadnz/hourly-ipv4,ziyadnz|hourly,2026-08-17T18:48:05Z,2026-08-17T18:48:05Z,
147.182.145.247,ipv4,malicious-ip,medium,WHITE,ziyadnz/hourly-ipv4,ziyadnz|hourly,2026-08-17T18:48:05Z,2026-08-17T18:48:05Z,
147.182.147.193,ipv4,malicious-ip,medium,WHITE,ziyadnz/hourly-ipv4,ziyadnz|hourly,2026-08-17T18:48:05Z,2026-08-17T18:48:05Z,
147.182.147.212,ipv4,malicious-ip,medium,WHITE,ziyadnz/hourly-ipv4,ziyadnz|hourly,2026-08-17T18:48:05Z,2026-08-17T18:48:05Z,
147.182.149.28,ipv4,malicious-ip,medium,WHITE,ziyadnz/hourly-ipv4,ziyadnz|hourly,2026-08-17T18:48:05Z,2026-08-17T18:48:05Z,
147.182.149.75,ipv4,malicious-ip,medium,WHITE,ziyadnz/hourly-ipv4,ziyadnz|hourly,2026-08-17T18:48:05Z,2026-08-17T18:48:05Z,
147.182.150.85,ipv4,malicious-ip,medium,WHITE,ziyadnz/hourly-ipv4,ziyadnz|hourly,2026-08-17T18:48:05Z,2026-08-17T18:48:05Z,
147.182.153.41,ipv4,malicious-ip,medium,WHITE,ziyadnz/hourly-ipv4,ziyadnz|hourly,2026-08-17T18:48:05Z,2026-08-17T18:48:05Z,
147.182.154.58,ipv4,malicious-ip,medium,WHITE,ziyadnz/hourly-ipv4,ziyadnz|hourly,2026-08-17T18:48:05Z,2026-08-17T18:48:05Z,
147.182.155.99,ipv4,malicious-ip,medium,WHITE,ziyadnz/hourly-ipv4,ziyadnz|hourly,2026-08-17T18:48:05Z,2026-08-17T18:48:05Z,
147.182.158.199,ipv4,malicious-ip,medium,WHITE,ziyadnz/hourly-ipv4,ziyadnz|hourly,2026-08-17T18:48:05Z,2026-08-17T18:48:05Z,
147.182.160.6,ipv4,malicious-ip,medium,WHITE,ziyadnz/hourly-ipv4,ziyadnz|hourly,2026-08-17T18:48:05Z,2026-08-17T18:48:05Z,
147.182.171.19,ipv4,malicious-ip,medium,WHITE,ziyadnz/hourly-ipv4,ziyadnz|hourly,2026-08-17T18:48:05Z,2026-08-17T18:48:05Z,
147.182.172.56,ipv4,malicious-ip,medium,WHITE,ziyadnz/hourly-ipv4,ziyadnz|hourly,2026-08-17T18:48:05Z,2026-08-17T18:48:05Z,
147.182.174.238,ipv4,malicious-ip,medium,WHITE,ziyadnz/hourly-ipv4,ziyadnz|hourly,2026-08-17T18:48:05Z,2026-08-17T18:48:05Z,
147.182.175.10,ipv4,malicious-ip,medium,WHITE,ziyadnz/hourly-ipv4,ziyadnz|hourly,2026-08-17T18:48:05Z,2026-08-17T18:48:05Z,
147.182.177.180,ipv4,malicious-ip,medium,WHITE,ziyadnz/hourly-ipv4,ziyadnz|hourly,2026-08-17T18:48:05Z,2026-08-17T18:48:05Z,
147.182.183.153,ipv4,malicious-ip,medium,WHITE,ziyadnz/hourly-ipv4,ziyadnz|hourly,2026-08-17T18:48:05Z,2026-08-17T18:48:05Z,
147.182.187.65,ipv4,malicious-ip,medium,WHITE,ziyadnz/hourly-ipv4,ziyadnz|hourly,2026-08-17T18:48:05Z,2026-08-17T18:48:05Z,
147.182.191.157,ipv4,malicious-ip,medium,WHITE,ziyadnz/hourly-ipv4,ziyadnz|hourly,2026-08-17T18:48:05Z,2026-08-17T18:48:05Z,
147.182.191.215,ipv4,malicious-ip,medium,WHITE,ziyadnz/hourly-ipv4,ziyadnz|hourly,2026-08-17T18:48:05Z,2026-08-17T18:48:05Z,
147.182.192.84,ipv4,malicious-ip,medium,WHITE,ziyadnz/hourly-ipv4,ziyadnz|hourly,2026-08-17T18:48:05Z,2026-08-17T18:48:05Z,
147.182.194.32,ipv4,malicious-ip,medium,WHITE,ziyadnz/hourly-ipv4,ziyadnz|hourly,2026-08-17T18:48:05Z,2026-08-17T18:48:05Z,
147.182.194.60,ipv4,malicious-ip,medium,WHITE,ziyadnz/hourly-ipv4,ziyadnz|hourly,2026-08-17T18:48:05Z,2026-08-17T18:48:05Z,
147.182.195.118,ipv4,malicious-ip,medium,WHITE,ziyadnz/hourly-ipv4,ziyadnz|hourly,2026-08-17T18:48:05Z,2026-08-17T18:48:05Z,
147.182.201.246,ipv4,malicious-ip,medium,WHITE,ziyadnz/hourly-ipv4,ziyadnz|hourly,2026-08-17T18:48:05Z,2026-08-17T18:48:05Z,
147.182.201.29,ipv4,malicious-ip,medium,WHITE,ziyadnz/hourly-ipv4,ziyadnz|hourly,2026-08-17T18:48:05Z,2026-08-17T18:48:05Z,
147.182.202.167,ipv4,malicious-ip,medium,WHITE,ziyadnz/hourly-ipv4,ziyadnz|hourly,2026-08-17T18:48:05Z,2026-08-17T18:48:05Z,
147.182.202.179,ipv4,malicious-ip,medium,WHITE,ziyadnz/hourly-ipv4,ziyadnz|hourly,2026-08-17T18:48:05Z,2026-08-17T18:48:05Z,
147.182.203.181,ipv4,malicious-ip,medium,WHITE,ziyadnz/hourly-ipv4,ziyadnz|hourly,2026-08-17T18:48:05Z,2026-08-17T18:48:05Z,
147.182.211.209,ipv4,malicious-ip,medium,WHITE,ziyadnz/hourly-ipv4,ziyadnz|hourly,2026-08-17T18:48:05Z,2026-08-17T18:48:05Z,
147.182.212.29,ipv4,malicious-ip,medium,WHITE,ziyadnz/hourly-ipv4,ziyadnz|hourly,2026-08-17T18:48:05Z,2026-08-17T18:48:05Z,
147.182.224.22,ipv4,malicious-ip,medium,WHITE,ziyadnz/hourly-ipv4,ziyadnz|hourly,2026-08-17T18:48:05Z,2026-08-17T18:48:05Z,
147.182.225.255,ipv4,malicious-ip,medium,WHITE,ziyadnz/hourly-ipv4,ziyadnz|hourly,2026-08-17T18:48:05Z,2026-08-17T18:48:05Z,
147.182.225.86,ipv4,malicious-ip,medium,WHITE,ziyadnz/hourly-ipv4,ziyadnz|hourly,2026-08-17T18:48:05Z,2026-08-17T18:48:05Z,
147.182.229.242,ipv4,malicious-ip,medium,WHITE,ziyadnz/hourly-ipv4,ziyadnz|hourly,2026-08-17T18:48:05Z,2026-08-17T18:48:05Z,
147.182.234.126,ipv4,malicious-ip,medium,WHITE,ziyadnz/hourly-ipv4,ziyadnz|hourly,2026-08-17T18:48:05Z,2026-08-17T18:48:05Z,
147.182.234.27,ipv4,malicious-ip,medium,WHITE,ziyadnz/hourly-ipv4,ziyadnz|hourly,2026-08-17T18:48:05Z,2026-08-17T18:48:05Z,
147.182.235.252,ipv4,malicious-ip,medium,WHITE,ziyadnz/hourly-ipv4,ziyadnz|hourly,2026-08-17T18:48:05Z,2026-08-17T18:48:05Z,
147.182.241.11,ipv4,malicious-ip,medium,WHITE,ziyadnz/hourly-ipv4,ziyadnz|hourly,2026-08-17T18:48:05Z,2026-08-17T18:48:05Z,
147.182.241.81,ipv4,malicious-ip,medium,WHITE,ziyadnz/hourly-ipv4,ziyadnz|hourly,2026-08-17T18:48:05Z,2026-08-17T18:48:05Z,
147.182.245.191,ipv4,malicious-ip,medium,WHITE,ziyadnz/hourly-ipv4,ziyadnz|hourly,2026-08-17T18:48:05Z,2026-08-17T18:48:05Z,
147.182.245.78,ipv4,malicious-ip,medium,WHITE,ziyadnz/hourly-ipv4,ziyadnz|hourly,2026-08-17T18:48:05Z,2026-08-17T18:48:05Z,
147.182.246.233,ipv4,malicious-ip,medium,WHITE,ziyadnz/hourly-ipv4,ziyadnz|hourly,2026-08-17T18:48:05Z,2026-08-17T18:48:05Z,
147.182.246.240,ipv4,malicious-ip,medium,WHITE,ziyadnz/hourly-ipv4,ziyadnz|hourly,2026-08-17T18:48:05Z,2026-08-17T18:48:05Z,
147.182.247.10,ipv4,malicious-ip,medium,WHITE,ziyadnz/hourly-ipv4,ziyadnz|hourly,2026-08-17T18:48:05Z,2026-08-17T18:48:05Z,
147.182.249.206,ipv4,malicious-ip,medium,WHITE,ziyadnz/hourly-ipv4,ziyadnz|hourly,2026-08-17T18:48:05Z,2026-08-17T18:48:05Z,
147.182.250.202,ipv4,malicious-ip,medium,WHITE,ziyadnz/hourly-ipv4,ziyadnz|hourly,2026-08-17T18:48:05Z,2026-08-17T18:48:05Z,
147.182.250.5,ipv4,malicious-ip,medium,WHITE,ziyadnz/hourly-ipv4,ziyadnz|hourly,2026-08-17T18:48:05Z,2026-08-17T18:48:05Z,
147.185.132.0,ipv4,malicious-ip,medium,WHITE,ziyadnz/hourly-ipv4,ziyadnz|hourly,2026-08-17T18:48:05Z,2026-08-17T18:48:05Z,
147.185.132.10,ipv4,malicious-ip,medium,WHITE,ziyadnz/hourly-ipv4,ziyadnz|hourly,2026-08-17T18:48:05Z,2026-08-17T18:48:05Z,
147.185.132.100,ipv4,malicious-ip,medium,WHITE,ziyadnz/hourly-ipv4,ziyadnz|hourly,2026-08-17T18:48:05Z,2026-08-17T18:48:05Z,
147.185.132.101,ipv4,malicious-ip,medium,WHITE,ziyadnz/hourly-ipv4,ziyadnz|hourly,2026-08-17T18:48:05Z,2026-08-17T18:48:05Z,
147.185.132.103,ipv4,malicious-ip,medium,WHITE,ziyadnz/hourly-ipv4,ziyadnz|hourly,2026-08-17T18:48:05Z,2026-08-17T18:48:05Z,
147.185.132.105,ipv4,malicious-ip,medium,WHITE,ziyadnz/hourly-ipv4,ziyadnz|hourly,2026-08-17T18:48:05Z,2026-08-17T18:48:05Z,
147.185.132.106,ipv4,malicious-ip,medium,WHITE,ziyadnz/hourly-ipv4,ziyadnz|hourly,2026-08-17T18:48:05Z,2026-08-17T18:48:05Z,
147.185.132.107,ipv4,malicious-ip,medium,WHITE,ziyadnz/hourly-ipv4,ziyadnz|hourly,2026-08-17T18:48:05Z,2026-08-17T18:48:05Z,
147.185.132.108,ipv4,malicious-ip,medium,WHITE,ziyadnz/hourly-ipv4,ziyadnz|hourly,2026-08-17T18:48:05Z,2026-08-17T18:48:05Z,
147.185.132.109,ipv4,malicious-ip,medium,WHITE,ziyadnz/hourly-ipv4,ziyadnz|hourly,2026-08-17T18:48:05Z,2026-08-17T18:48:05Z,
147.185.132.110,ipv4,malicious-ip,medium,WHITE,ziyadnz/hourly-ipv4,ziyadnz|hourly,2026-08-17T18:48:05Z,2026-08-17T18:48:05Z,
147.185.132.111,ipv4,malicious-ip,medium,WHITE,ziyadnz/hourly-ipv4,ziyadnz|hourly,2026-08-17T18:48:05Z,2026-08-17T18:48:05Z,
147.185.132.112,ipv4,malicious-ip,medium,WHITE,ziyadnz/hourly-ipv4,ziyadnz|hourly,2026-08-17T18:48:05Z,2026-08-17T18:48:05Z,
147.185.132.113,ipv4,malicious-ip,medium,WHITE,ziyadnz/hourly-ipv4,ziyadnz|hourly,2026-08-17T18:48:05Z,2026-08-17T18:48:05Z,
147.185.132.114,ipv4,malicious-ip,medium,WHITE,ziyadnz/hourly-ipv4,ziyadnz|hourly,2026-08-17T18:48:05Z,2026-08-17T18:48:05Z,
147.185.132.115,ipv4,malicious-ip,medium,WHITE,ziyadnz/hourly-ipv4,ziyadnz|hourly,2026-08-17T18:48:05Z,2026-08-17T18:48:05Z,
147.185.132.116,ipv4,malicious-ip,medium,WHITE,ziyadnz/hourly-ipv4,ziyadnz|hourly,2026-08-17T18:48:05Z,2026-08-17T18:48:05Z,
147.185.132.117,ipv4,malicious-ip,medium,WHITE,ziyadnz/hourly-ipv4,ziyadnz|hourly,2026-08-17T18:48:05Z,2026-08-17T18:48:05Z,
147.185.132.118,ipv4,malicious-ip,medium,WHITE,ziyadnz/hourly-ipv4,ziyadnz|hourly,2026-08-17T18:48:05Z,2026-08-17T18:48:05Z,
147.185.132.119,ipv4,malicious-ip,medium,WHITE,ziyadnz/hourly-ipv4,ziyadnz|hourly,2026-08-17T18:48:05Z,2026-08-17T18:48:05Z,
147.185.132.12,ipv4,malicious-ip,medium,WHITE,ziyadnz/hourly-ipv4,ziyadnz|hourly,2026-08-17T18:48:05Z,2026-08-17T18:48:05Z,
147.185.132.120,ipv4,malicious-ip,medium,WHITE,ziyadnz/hourly-ipv4,ziyadnz|hourly,2026-08-17T18:48:05Z,2026-08-17T18:48:05Z,
147.185.132.121,ipv4,malicious-ip,medium,WHITE,ziyadnz/hourly-ipv4,ziyadnz|hourly,2026-08-17T18:48:05Z,2026-08-17T18:48:05Z,
147.185.132.122,ipv4,malicious-ip,medium,WHITE,ziyadnz/hourly-ipv4,ziyadnz|hourly,2026-08-17T18:48:05Z,2026-08-17T18:48:05Z,
147.185.132.123,ipv4,malicious-ip,medium,WHITE,ziyadnz/hourly-ipv4,ziyadnz|hourly,2026-08-17T18:48:05Z,2026-08-17T18:48:05Z,
147.185.132.124,ipv4,malicious-ip,medium,WHITE,ziyadnz/hourly-ipv4,ziyadnz|hourly,2026-08-17T18:48:05Z,2026-08-17T18:48:05Z,
147.185.132.125,ipv4,malicious-ip,medium,WHITE,ziyadnz/hourly-ipv4,ziyadnz|hourly,2026-08-17T18:48:05Z,2026-08-17T18:48:05Z,
147.185.132.126,ipv4,malicious-ip,medium,WHITE,ziyadnz/hourly-ipv4,ziyadnz|hourly,2026-08-17T18:48:05Z,2026-08-17T18:48:05Z,
147.185.132.127,ipv4,malicious-ip,medium,WHITE,ziyadnz/hourly-ipv4,ziyadnz|hourly,2026-08-17T18:48:05Z,2026-08-17T18:48:05Z,
147.185.132.128,ipv4,malicious-ip,medium,WHITE,ziyadnz/hourly-ipv4,ziyadnz|hourly,2026-08-17T18:48:05Z,2026-08-17T18:48:05Z,
147.185.132.129,ipv4,malicious-ip,medium,WHITE,ziyadnz/hourly-ipv4,ziyadnz|hourly,2026-08-17T18:48:05Z,2026-08-17T18:48:05Z,
147.185.132.13,ipv4,malicious-ip,medium,WHITE,ziyadnz/hourly-ipv4,ziyadnz|hourly,2026-08-17T18:48:05Z,2026-08-17T18:48:05Z,
147.185.132.130,ipv4,malicious-ip,medium,WHITE,ziyadnz/hourly-ipv4,ziyadnz|hourly,2026-08-17T18:48:05Z,2026-08-17T18:48:05Z,
147.185.132.131,ipv4,malicious-ip,medium,WHITE,ziyadnz/hourly-ipv4,ziyadnz|hourly,2026-08-17T18:48:05Z,2026-08-17T18:48:05Z,
147.185.132.132,ipv4,malicious-ip,medium,WHITE,ziyadnz/hourly-ipv4,ziyadnz|hourly,2026-08-17T18:48:05Z,2026-08-17T18:48:05Z,
147.185.132.133,ipv4,malicious-ip,medium,WHITE,ziyadnz/hourly-ipv4,ziyadnz|hourly,2026-08-17T18:48:05Z,2026-08-17T18:48:05Z,
147.185.132.134,ipv4,malicious-ip,medium,WHITE,ziyadnz/hourly-ipv4,ziyadnz|hourly,2026-08-17T18:48:05Z,2026-08-17T18:48:05Z,
147.185.132.135,ipv4,malicious-ip,medium,WHITE,ziyadnz/hourly-ipv4,ziyadnz|hourly,2026-08-17T18:48:05Z,2026-08-17T18:48:05Z,
147.185.132.136,ipv4,malicious-ip,medium,WHITE,ziyadnz/hourly-ipv4,ziyadnz|hourly,2026-08-17T18:48:05Z,2026-08-17T18:48:05Z,
147.185.132.137,ipv4,malicious-ip,medium,WHITE,ziyadnz/hourly-ipv4,ziyadnz|hourly,2026-08-17T18:48:05Z,2026-08-17T18:48:05Z,
147.185.132.138,ipv4,malicious-ip,medium,WHITE,ziyadnz/hourly-ipv4,ziyadnz|hourly,2026-08-17T18:48:05Z,2026-08-17T18:48:05Z,
147.185.132.139,ipv4,malicious-ip,medium,WHITE,ziyadnz/hourly-ipv4,ziyadnz|hourly,2026-08-17T18:48:05Z,2026-08-17T18:48:05Z,
147.185.132.14,ipv4,malicious-ip,medium,WHITE,ziyadnz/hourly-ipv4,ziyadnz|hourly,2026-08-17T18:48:05Z,2026-08-17T18:48:05Z,
147.185.132.140,ipv4,malicious-ip,medium,WHITE,ziyadnz/hourly-ipv4,ziyadnz|hourly,2026-08-17T18:48:05Z,2026-08-17T18:48:05Z,
147.185.132.141,ipv4,malicious-ip,medium,WHITE,ziyadnz/hourly-ipv4,ziyadnz|hourly,2026-08-17T18:48:05Z,2026-08-17T18:48:05Z,
147.185.132.142,ipv4,malicious-ip,medium,WHITE,ziyadnz/hourly-ipv4,ziyadnz|hourly,2026-08-17T18:48:05Z,2026-08-17T18:48:05Z,
147.185.132.143,ipv4,malicious-ip,medium,WHITE,ziyadnz/hourly-ipv4,ziyadnz|hourly,2026-08-17T18:48:05Z,2026-08-17T18:48:05Z,
147.185.132.144,ipv4,malicious-ip,medium,WHITE,ziyadnz/hourly-ipv4,ziyadnz|hourly,2026-08-17T18:48:05Z,2026-08-17T18:48:05Z,
147.185.132.145,ipv4,malicious-ip,medium,WHITE,ziyadnz/hourly-ipv4,ziyadnz|hourly,2026-08-17T18:48:05Z,2026-08-17T18:48:05Z,
147.185.132.146,ipv4,malicious-ip,medium,WHITE,ziyadnz/hourly-ipv4,ziyadnz|hourly,2026-08-17T18:48:05Z,2026-08-17T18:48:05Z,
147.185.132.147,ipv4,malicious-ip,medium,WHITE,ziyadnz/hourly-ipv4,ziyadnz|hourly,2026-08-17T18:48:05Z,2026-08-17T18:48:05Z,
147.185.132.149,ipv4,malicious-ip,medium,WHITE,ziyadnz/hourly-ipv4,ziyadnz|hourly,2026-08-17T18:48:05Z,2026-08-17T18:48:05Z,
147.185.132.15,ipv4,malicious-ip,medium,WHITE,ziyadnz/hourly-ipv4,ziyadnz|hourly,2026-08-17T18:48:05Z,2026-08-17T18:48:05Z,
147.185.132.150,ipv4,malicious-ip,medium,WHITE,ziyadnz/hourly-ipv4,ziyadnz|hourly,2026-08-17T18:48:05Z,2026-08-17T18:48:05Z,
147.185.132.151,ipv4,malicious-ip,medium,WHITE,ziyadnz/hourly-ipv4,ziyadnz|hourly,2026-08-17T18:48:05Z,2026-08-17T18:48:05Z,
147.185.132.152,ipv4,malicious-ip,medium,WHITE,ziyadnz/hourly-ipv4,ziyadnz|hourly,2026-08-17T18:48:05Z,2026-08-17T18:48:05Z,
147.185.132.153,ipv4,malicious-ip,medium,WHITE,ziyadnz/hourly-ipv4,ziyadnz|hourly,2026-08-17T18:48:05Z,2026-08-17T18:48:05Z,
147.185.132.154,ipv4,malicious-ip,medium,WHITE,ziyadnz/hourly-ipv4,ziyadnz|hourly,2026-08-17T18:48:05Z,2026-08-17T18:48:05Z,
147.185.132.156,ipv4,malicious-ip,medium,WHITE,ziyadnz/hourly-ipv4,ziyadnz|hourly,2026-08-17T18:48:05Z,2026-08-17T18:48:05Z,
147.185.132.157,ipv4,malicious-ip,medium,WHITE,ziyadnz/hourly-ipv4,ziyadnz|hourly,2026-08-17T18:48:05Z,2026-08-17T18:48:05Z,
147.185.132.158,ipv4,malicious-ip,medium,WHITE,ziyadnz/hourly-ipv4,ziyadnz|hourly,2026-08-17T18:48:05Z,2026-08-17T18:48:05Z,
147.185.132.159,ipv4,malicious-ip,medium,WHITE,ziyadnz/hourly-ipv4,ziyadnz|hourly,2026-08-17T18:48:05Z,2026-08-17T18:48:05Z,
147.185.132.16,ipv4,malicious-ip,medium,WHITE,ziyadnz/hourly-ipv4,ziyadnz|hourly,2026-08-17T18:48:05Z,2026-08-17T18:48:05Z,
147.185.132.160,ipv4,malicious-ip,medium,WHITE,ziyadnz/hourly-ipv4,ziyadnz|hourly,2026-08-17T18:48:05Z,2026-08-17T18:48:05Z,
147.185.132.161,ipv4,malicious-ip,medium,WHITE,ziyadnz/hourly-ipv4,ziyadnz|hourly,2026-08-17T18:48:05Z,2026-08-17T18:48:05Z,
147.185.132.162,ipv4,malicious-ip,medium,WHITE,ziyadnz/hourly-ipv4,ziyadnz|hourly,2026-08-17T18:48:05Z,2026-08-17T18:48:05Z,
147.185.132.163,ipv4,malicious-ip,medium,WHITE,ziyadnz/hourly-ipv4,ziyadnz|hourly,2026-08-17T18:48:05Z,2026-08-17T18:48:05Z,
147.185.132.164,ipv4,malicious-ip,medium,WHITE,ziyadnz/hourly-ipv4,ziyadnz|hourly,2026-08-17T18:48:05Z,2026-08-17T18:48:05Z,
147.185.132.165,ipv4,malicious-ip,medium,WHITE,ziyadnz/hourly-ipv4,ziyadnz|hourly,2026-08-17T18:48:05Z,2026-08-17T18:48:05Z,
147.185.132.166,ipv4,malicious-ip,medium,WHITE,ziyadnz/hourly-ipv4,ziyadnz|hourly,2026-08-17T18:48:05Z,2026-08-17T18:48:05Z,
147.185.132.167,ipv4,malicious-ip,medium,WHITE,ziyadnz/hourly-ipv4,ziyadnz|hourly,2026-08-17T18:48:05Z,2026-08-17T18:48:05Z,
147.185.132.168,ipv4,malicious-ip,medium,WHITE,ziyadnz/hourly-ipv4,ziyadnz|hourly,2026-08-17T18:48:05Z,2026-08-17T18:48:05Z,
147.185.132.169,ipv4,malicious-ip,medium,WHITE,ziyadnz/hourly-ipv4,ziyadnz|hourly,2026-08-17T18:48:05Z,2026-08-17T18:48:05Z,
147.185.132.17,ipv4,malicious-ip,medium,WHITE,ziyadnz/hourly-ipv4,ziyadnz|hourly,2026-08-17T18:48:05Z,2026-08-17T18:48:05Z,
147.185.132.170,ipv4,malicious-ip,medium,WHITE,ziyadnz/hourly-ipv4,ziyadnz|hourly,2026-08-17T18:48:05Z,2026-08-17T18:48:05Z,
147.185.132.171,ipv4,malicious-ip,medium,WHITE,ziyadnz/hourly-ipv4,ziyadnz|hourly,2026-08-17T18:48:05Z,2026-08-17T18:48:05Z,
147.185.132.172,ipv4,malicious-ip,medium,WHITE,ziyadnz/hourly-ipv4,ziyadnz|hourly,2026-08-17T18:48:05Z,2026-08-17T18:48:05Z,
147.185.132.173,ipv4,malicious-ip,medium,WHITE,ziyadnz/hourly-ipv4,ziyadnz|hourly,2026-08-17T18:48:05Z,2026-08-17T18:48:05Z,
147.185.132.174,ipv4,malicious-ip,medium,WHITE,ziyadnz/hourly-ipv4,ziyadnz|hourly,2026-08-17T18:48:05Z,2026-08-17T18:48:05Z,
147.185.132.175,ipv4,malicious-ip,medium,WHITE,ziyadnz/hourly-ipv4,ziyadnz|hourly,2026-08-17T18:48:05Z,2026-08-17T18:48:05Z,
147.185.132.176,ipv4,malicious-ip,medium,WHITE,ziyadnz/hourly-ipv4,ziyadnz|hourly,2026-08-17T18:48:05Z,2026-08-17T18:48:05Z,
147.185.132.177,ipv4,malicious-ip,medium,WHITE,ziyadnz/hourly-ipv4,ziyadnz|hourly,2026-08-17T18:48:05Z,2026-08-17T18:48:05Z,
147.185.132.178,ipv4,malicious-ip,medium,WHITE,ziyadnz/hourly-ipv4,ziyadnz|hourly,2026-08-17T18:48:05Z,2026-08-17T18:48:05Z,
147.185.132.18,ipv4,malicious-ip,medium,WHITE,ziyadnz/hourly-ipv4,ziyadnz|hourly,2026-08-17T18:48:05Z,2026-08-17T18:48:05Z,
147.185.132.180,ipv4,malicious-ip,medium,WHITE,ziyadnz/hourly-ipv4,ziyadnz|hourly,2026-08-17T18:48:05Z,2026-08-17T18:48:05Z,
147.185.132.181,ipv4,malicious-ip,medium,WHITE,ziyadnz/hourly-ipv4,ziyadnz|hourly,2026-08-17T18:48:05Z,2026-08-17T18:48:05Z,
147.185.132.182,ipv4,malicious-ip,medium,WHITE,ziyadnz/hourly-ipv4,ziyadnz|hourly,2026-08-17T18:48:05Z,2026-08-17T18:48:05Z,
147.185.132.183,ipv4,malicious-ip,medium,WHITE,ziyadnz/hourly-ipv4,ziyadnz|hourly,2026-08-17T18:48:05Z,2026-08-17T18:48:05Z,
147.185.132.184,ipv4,malicious-ip,medium,WHITE,ziyadnz/hourly-ipv4,ziyadnz|hourly,2026-08-17T18:48:05Z,2026-08-17T18:48:05Z,
147.185.132.185,ipv4,malicious-ip,medium,WHITE,ziyadnz/hourly-ipv4,ziyadnz|hourly,2026-08-17T18:48:05Z,2026-08-17T18:48:05Z,
147.185.132.187,ipv4,malicious-ip,medium,WHITE,ziyadnz/hourly-ipv4,ziyadnz|hourly,2026-08-17T18:48:05Z,2026-08-17T18:48:05Z,
147.185.132.188,ipv4,malicious-ip,medium,WHITE,ziyadnz/hourly-ipv4,ziyadnz|hourly,2026-08-17T18:48:05Z,2026-08-17T18:48:05Z,
147.185.132.189,ipv4,malicious-ip,medium,WHITE,ziyadnz/hourly-ipv4,ziyadnz|hourly,2026-08-17T18:48:05Z,2026-08-17T18:48:05Z,
147.185.132.19,ipv4,malicious-ip,medium,WHITE,ziyadnz/hourly-ipv4,ziyadnz|hourly,2026-08-17T18:48:05Z,2026-08-17T18:48:05Z,
147.185.132.190,ipv4,malicious-ip,medium,WHITE,ziyadnz/hourly-ipv4,ziyadnz|hourly,2026-08-17T18:48:05Z,2026-08-17T18:48:05Z,
147.185.132.191,ipv4,malicious-ip,medium,WHITE,ziyadnz/hourly-ipv4,ziyadnz|hourly,2026-08-17T18:48:05Z,2026-08-17T18:48:05Z,
147.185.132.193,ipv4,malicious-ip,medium,WHITE,ziyadnz/hourly-ipv4,ziyadnz|hourly,2026-08-17T18:48:05Z,2026-08-17T18:48:05Z,
147.185.132.194,ipv4,malicious-ip,medium,WHITE,ziyadnz/hourly-ipv4,ziyadnz|hourly,2026-08-17T18:48:05Z,2026-08-17T18:48:05Z,
147.185.132.195,ipv4,malicious-ip,medium,WHITE,ziyadnz/hourly-ipv4,ziyadnz|hourly,2026-08-17T18:48:05Z,2026-08-17T18:48:05Z,
147.185.132.197,ipv4,malicious-ip,medium,WHITE,ziyadnz/hourly-ipv4,ziyadnz|hourly,2026-08-17T18:48:05Z,2026-08-17T18:48:05Z,
147.185.132.198,ipv4,malicious-ip,medium,WHITE,ziyadnz/hourly-ipv4,ziyadnz|hourly,2026-08-17T18:48:05Z,2026-08-17T18:48:05Z,
147.185.132.199,ipv4,malicious-ip,medium,WHITE,ziyadnz/hourly-ipv4,ziyadnz|hourly,2026-08-17T18:48:05Z,2026-08-17T18:48:05Z,
147.185.132.20,ipv4,malicious-ip,medium,WHITE,ziyadnz/hourly-ipv4,ziyadnz|hourly,2026-08-17T18:48:05Z,2026-08-17T18:48:05Z,
147.185.132.200,ipv4,malicious-ip,medium,WHITE,ziyadnz/hourly-ipv4,ziyadnz|hourly,2026-08-17T18:48:05Z,2026-08-17T18:48:05Z,
147.185.132.201,ipv4,malicious-ip,medium,WHITE,ziyadnz/hourly-ipv4,ziyadnz|hourly,2026-08-17T18:48:05Z,2026-08-17T18:48:05Z,
147.185.132.202,ipv4,malicious-ip,medium,WHITE,ziyadnz/hourly-ipv4,ziyadnz|hourly,2026-08-17T18:48:05Z,2026-08-17T18:48:05Z,
147.185.132.203,ipv4,malicious-ip,medium,WHITE,ziyadnz/hourly-ipv4,ziyadnz|hourly,2026-08-17T18:48:05Z,2026-08-17T18:48:05Z,
147.185.132.204,ipv4,malicious-ip,medium,WHITE,ziyadnz/hourly-ipv4,ziyadnz|hourly,2026-08-17T18:48:05Z,2026-08-17T18:48:05Z,
147.185.132.206,ipv4,malicious-ip,medium,WHITE,ziyadnz/hourly-ipv4,ziyadnz|hourly,2026-08-17T18:48:05Z,2026-08-17T18:48:05Z,
147.185.132.208,ipv4,malicious-ip,medium,WHITE,ziyadnz/hourly-ipv4,ziyadnz|hourly,2026-08-17T18:48:05Z,2026-08-17T18:48:05Z,
147.185.132.209,ipv4,malicious-ip,medium,WHITE,ziyadnz/hourly-ipv4,ziyadnz|hourly,2026-08-17T18:48:05Z,2026-08-17T18:48:05Z,
147.185.132.21,ipv4,malicious-ip,medium,WHITE,ziyadnz/hourly-ipv4,ziyadnz|hourly,2026-08-17T18:48:05Z,2026-08-17T18:48:05Z,
147.185.132.210,ipv4,malicious-ip,medium,WHITE,ziyadnz/hourly-ipv4,ziyadnz|hourly,2026-08-17T18:48:05Z,2026-08-17T18:48:05Z,
147.185.132.211,ipv4,malicious-ip,medium,WHITE,ziyadnz/hourly-ipv4,ziyadnz|hourly,2026-08-17T18:48:05Z,2026-08-17T18:48:05Z,
147.185.132.212,ipv4,malicious-ip,medium,WHITE,ziyadnz/hourly-ipv4,ziyadnz|hourly,2026-08-17T18:48:05Z,2026-08-17T18:48:05Z,
147.185.132.213,ipv4,malicious-ip,medium,WHITE,ziyadnz/hourly-ipv4,ziyadnz|hourly,2026-08-17T18:48:05Z,2026-08-17T18:48:05Z,
147.185.132.214,ipv4,malicious-ip,medium,WHITE,ziyadnz/hourly-ipv4,ziyadnz|hourly,2026-08-17T18:48:05Z,2026-08-17T18:48:05Z,
147.185.132.215,ipv4,malicious-ip,medium,WHITE,ziyadnz/hourly-ipv4,ziyadnz|hourly,2026-08-17T18:48:05Z,2026-08-17T18:48:05Z,
147.185.132.216,ipv4,malicious-ip,medium,WHITE,ziyadnz/hourly-ipv4,ziyadnz|hourly,2026-08-17T18:48:05Z,2026-08-17T18:48:05Z,
147.185.132.217,ipv4,malicious-ip,medium,WHITE,ziyadnz/hourly-ipv4,ziyadnz|hourly,2026-08-17T18:48:05Z,2026-08-17T18:48:05Z,
147.185.132.218,ipv4,malicious-ip,medium,WHITE,ziyadnz/hourly-ipv4,ziyadnz|hourly,2026-08-17T18:48:05Z,2026-08-17T18:48:05Z,
147.185.132.219,ipv4,malicious-ip,medium,WHITE,ziyadnz/hourly-ipv4,ziyadnz|hourly,2026-08-17T18:48:05Z,2026-08-17T18:48:05Z,
147.185.132.22,ipv4,malicious-ip,medium,WHITE,ziyadnz/hourly-ipv4,ziyadnz|hourly,2026-08-17T18:48:05Z,2026-08-17T18:48:05Z,
147.185.132.220,ipv4,malicious-ip,medium,WHITE,ziyadnz/hourly-ipv4,ziyadnz|hourly,2026-08-17T18:48:05Z,2026-08-17T18:48:05Z,
147.185.132.221,ipv4,malicious-ip,medium,WHITE,ziyadnz/hourly-ipv4,ziyadnz|hourly,2026-08-17T18:48:05Z,2026-08-17T18:48:05Z,
147.185.132.222,ipv4,malicious-ip,medium,WHITE,ziyadnz/hourly-ipv4,ziyadnz|hourly,2026-08-17T18:48:05Z,2026-08-17T18:48:05Z,
147.185.132.223,ipv4,malicious-ip,medium,WHITE,ziyadnz/hourly-ipv4,ziyadnz|hourly,2026-08-17T18:48:05Z,2026-08-17T18:48:05Z,
147.185.132.224,ipv4,malicious-ip,medium,WHITE,ziyadnz/hourly-ipv4,ziyadnz|hourly,2026-08-17T18:48:05Z,2026-08-17T18:48:05Z,
147.185.132.225,ipv4,malicious-ip,medium,WHITE,ziyadnz/hourly-ipv4,ziyadnz|hourly,2026-08-17T18:48:05Z,2026-08-17T18:48:05Z,
147.185.132.226,ipv4,malicious-ip,medium,WHITE,ziyadnz/hourly-ipv4,ziyadnz|hourly,2026-08-17T18:48:05Z,2026-08-17T18:48:05Z,
147.185.132.229,ipv4,malicious-ip,medium,WHITE,ziyadnz/hourly-ipv4,ziyadnz|hourly,2026-08-17T18:48:05Z,2026-08-17T18:48:05Z,
147.185.132.23,ipv4,malicious-ip,medium,WHITE,ziyadnz/hourly-ipv4,ziyadnz|hourly,2026-08-17T18:48:05Z,2026-08-17T18:48:05Z,
147.185.132.230,ipv4,malicious-ip,medium,WHITE,ziyadnz/hourly-ipv4,ziyadnz|hourly,2026-08-17T18:48:05Z,2026-08-17T18:48:05Z,
147.185.132.231,ipv4,malicious-ip,medium,WHITE,ziyadnz/hourly-ipv4,ziyadnz|hourly,2026-08-17T18:48:05Z,2026-08-17T18:48:05Z,
147.185.132.233,ipv4,malicious-ip,medium,WHITE,ziyadnz/hourly-ipv4,ziyadnz|hourly,2026-08-17T18:48:05Z,2026-08-17T18:48:05Z,
147.185.132.234,ipv4,malicious-ip,medium,WHITE,ziyadnz/hourly-ipv4,ziyadnz|hourly,2026-08-17T18:48:05Z,2026-08-17T18:48:05Z,
147.185.132.235,ipv4,malicious-ip,medium,WHITE,ziyadnz/hourly-ipv4,ziyadnz|hourly,2026-08-17T18:48:05Z,2026-08-17T18:48:05Z,
147.185.132.236,ipv4,malicious-ip,medium,WHITE,ziyadnz/hourly-ipv4,ziyadnz|hourly,2026-08-17T18:48:05Z,2026-08-17T18:48:05Z,
147.185.132.237,ipv4,malicious-ip,medium,WHITE,ziyadnz/hourly-ipv4,ziyadnz|hourly,2026-08-17T18:48:05Z,2026-08-17T18:48:05Z,
147.185.132.238,ipv4,malicious-ip,medium,WHITE,ziyadnz/hourly-ipv4,ziyadnz|hourly,2026-08-17T18:48:05Z,2026-08-17T18:48:05Z,
147.185.132.239,ipv4,malicious-ip,medium,WHITE,ziyadnz/hourly-ipv4,ziyadnz|hourly,2026-08-17T18:48:05Z,2026-08-17T18:48:05Z,
147.185.132.24,ipv4,malicious-ip,medium,WHITE,ziyadnz/hourly-ipv4,ziyadnz|hourly,2026-08-17T18:48:05Z,2026-08-17T18:48:05Z,
147.185.132.240,ipv4,malicious-ip,medium,WHITE,ziyadnz/hourly-ipv4,ziyadnz|hourly,2026-08-17T18:48:05Z,2026-08-17T18:48:05Z,
147.185.132.241,ipv4,malicious-ip,medium,WHITE,ziyadnz/hourly-ipv4,ziyadnz|hourly,2026-08-17T18:48:05Z,2026-08-17T18:48:05Z,
147.185.132.242,ipv4,malicious-ip,medium,WHITE,ziyadnz/hourly-ipv4,ziyadnz|hourly,2026-08-17T18:48:05Z,2026-08-17T18:48:05Z,
147.185.132.243,ipv4,malicious-ip,medium,WHITE,ziyadnz/hourly-ipv4,ziyadnz|hourly,2026-08-17T18:48:05Z,2026-08-17T18:48:05Z,
147.185.132.244,ipv4,malicious-ip,medium,WHITE,ziyadnz/hourly-ipv4,ziyadnz|hourly,2026-08-17T18:48:05Z,2026-08-17T18:48:05Z,
147.185.132.245,ipv4,malicious-ip,medium,WHITE,ziyadnz/hourly-ipv4,ziyadnz|hourly,2026-08-17T18:48:05Z,2026-08-17T18:48:05Z,
147.185.132.246,ipv4,malicious-ip,medium,WHITE,ziyadnz/hourly-ipv4,ziyadnz|hourly,2026-08-17T18:48:05Z,2026-08-17T18:48:05Z,
147.185.132.247,ipv4,malicious-ip,medium,WHITE,ziyadnz/hourly-ipv4,ziyadnz|hourly,2026-08-17T18:48:05Z,2026-08-17T18:48:05Z,
147.185.132.248,ipv4,malicious-ip,medium,WHITE,ziyadnz/hourly-ipv4,ziyadnz|hourly,2026-08-17T18:48:05Z,2026-08-17T18:48:05Z,
147.185.132.249,ipv4,malicious-ip,medium,WHITE,ziyadnz/hourly-ipv4,ziyadnz|hourly,2026-08-17T18:48:05Z,2026-08-17T18:48:05Z,
147.185.132.25,ipv4,malicious-ip,medium,WHITE,ziyadnz/hourly-ipv4,ziyadnz|hourly,2026-08-17T18:48:05Z,2026-08-17T18:48:05Z,
147.185.132.251,ipv4,malicious-ip,medium,WHITE,ziyadnz/hourly-ipv4,ziyadnz|hourly,2026-08-17T18:48:05Z,2026-08-17T18:48:05Z,
147.185.132.252,ipv4,malicious-ip,medium,WHITE,ziyadnz/hourly-ipv4,ziyadnz|hourly,2026-08-17T18:48:05Z,2026-08-17T18:48:05Z,
147.185.132.253,ipv4,malicious-ip,medium,WHITE,ziyadnz/hourly-ipv4,ziyadnz|hourly,2026-08-17T18:48:05Z,2026-08-17T18:48:05Z,
147.185.132.254,ipv4,malicious-ip,medium,WHITE,ziyadnz/hourly-ipv4,ziyadnz|hourly,2026-08-17T18:48:05Z,2026-08-17T18:48:05Z,
147.185.132.255,ipv4,malicious-ip,medium,WHITE,ziyadnz/hourly-ipv4,ziyadnz|hourly,2026-08-17T18:48:05Z,2026-08-17T18:48:05Z,
147.185.132.26,ipv4,malicious-ip,medium,WHITE,ziyadnz/hourly-ipv4,ziyadnz|hourly,2026-08-17T18:48:05Z,2026-08-17T18:48:05Z,
147.185.132.27,ipv4,malicious-ip,medium,WHITE,ziyadnz/hourly-ipv4,ziyadnz|hourly,2026-08-17T18:48:05Z,2026-08-17T18:48:05Z,
147.185.132.28,ipv4,malicious-ip,medium,WHITE,ziyadnz/hourly-ipv4,ziyadnz|hourly,2026-08-17T18:48:05Z,2026-08-17T18:48:05Z,
147.185.132.29,ipv4,malicious-ip,medium,WHITE,ziyadnz/hourly-ipv4,ziyadnz|hourly,2026-08-17T18:48:05Z,2026-08-17T18:48:05Z,
147.185.132.30,ipv4,malicious-ip,medium,WHITE,ziyadnz/hourly-ipv4,ziyadnz|hourly,2026-08-17T18:48:05Z,2026-08-17T18:48:05Z,
147.185.132.31,ipv4,malicious-ip,medium,WHITE,ziyadnz/hourly-ipv4,ziyadnz|hourly,2026-08-17T18:48:05Z,2026-08-17T18:48:05Z,
147.185.132.32,ipv4,malicious-ip,medium,WHITE,ziyadnz/hourly-ipv4,ziyadnz|hourly,2026-08-17T18:48:05Z,2026-08-17T18:48:05Z,
147.185.132.33,ipv4,malicious-ip,medium,WHITE,ziyadnz/hourly-ipv4,ziyadnz|hourly,2026-08-17T18:48:05Z,2026-08-17T18:48:05Z,
147.185.132.36,ipv4,malicious-ip,medium,WHITE,ziyadnz/hourly-ipv4,ziyadnz|hourly,2026-08-17T18:48:05Z,2026-08-17T18:48:05Z,
147.185.132.37,ipv4,malicious-ip,medium,WHITE,ziyadnz/hourly-ipv4,ziyadnz|hourly,2026-08-17T18:48:05Z,2026-08-17T18:48:05Z,
147.185.132.38,ipv4,malicious-ip,medium,WHITE,ziyadnz/hourly-ipv4,ziyadnz|hourly,2026-08-17T18:48:05Z,2026-08-17T18:48:05Z,
147.185.132.39,ipv4,malicious-ip,medium,WHITE,ziyadnz/hourly-ipv4,ziyadnz|hourly,2026-08-17T18:48:05Z,2026-08-17T18:48:05Z,
147.185.132.40,ipv4,malicious-ip,medium,WHITE,ziyadnz/hourly-ipv4,ziyadnz|hourly,2026-08-17T18:48:05Z,2026-08-17T18:48:05Z,
147.185.132.41,ipv4,malicious-ip,medium,WHITE,ziyadnz/hourly-ipv4,ziyadnz|hourly,2026-08-17T18:48:05Z,2026-08-17T18:48:05Z,
147.185.132.42,ipv4,malicious-ip,medium,WHITE,ziyadnz/hourly-ipv4,ziyadnz|hourly,2026-08-17T18:48:05Z,2026-08-17T18:48:05Z,
147.185.132.43,ipv4,malicious-ip,medium,WHITE,ziyadnz/hourly-ipv4,ziyadnz|hourly,2026-08-17T18:48:05Z,2026-08-17T18:48:05Z,
147.185.132.44,ipv4,malicious-ip,medium,WHITE,ziyadnz/hourly-ipv4,ziyadnz|hourly,2026-08-17T18:48:05Z,2026-08-17T18:48:05Z,
147.185.132.46,ipv4,malicious-ip,medium,WHITE,ziyadnz/hourly-ipv4,ziyadnz|hourly,2026-08-17T18:48:05Z,2026-08-17T18:48:05Z,
147.185.132.47,ipv4,malicious-ip,medium,WHITE,ziyadnz/hourly-ipv4,ziyadnz|hourly,2026-08-17T18:48:05Z,2026-08-17T18:48:05Z,
147.185.132.48,ipv4,malicious-ip,medium,WHITE,ziyadnz/hourly-ipv4,ziyadnz|hourly,2026-08-17T18:48:05Z,2026-08-17T18:48:05Z,
147.185.132.49,ipv4,malicious-ip,medium,WHITE,ziyadnz/hourly-ipv4,ziyadnz|hourly,2026-08-17T18:48:05Z,2026-08-17T18:48:05Z,
147.185.132.50,ipv4,malicious-ip,medium,WHITE,ziyadnz/hourly-ipv4,ziyadnz|hourly,2026-08-17T18:48:05Z,2026-08-17T18:48:05Z,
147.185.132.51,ipv4,malicious-ip,medium,WHITE,ziyadnz/hourly-ipv4,ziyadnz|hourly,2026-08-17T18:48:05Z,2026-08-17T18:48:05Z,
147.185.132.52,ipv4,malicious-ip,medium,WHITE,ziyadnz/hourly-ipv4,ziyadnz|hourly,2026-08-17T18:48:05Z,2026-08-17T18:48:05Z,
147.185.132.53,ipv4,malicious-ip,medium,WHITE,ziyadnz/hourly-ipv4,ziyadnz|hourly,2026-08-17T18:48:05Z,2026-08-17T18:48:05Z,
147.185.132.54,ipv4,malicious-ip,medium,WHITE,ziyadnz/hourly-ipv4,ziyadnz|hourly,2026-08-17T18:48:05Z,2026-08-17T18:48:05Z,
147.185.132.55,ipv4,malicious-ip,medium,WHITE,ziyadnz/hourly-ipv4,ziyadnz|hourly,2026-08-17T18:48:05Z,2026-08-17T18:48:05Z,
147.185.132.56,ipv4,malicious-ip,medium,WHITE,ziyadnz/hourly-ipv4,ziyadnz|hourly,2026-08-17T18:48:05Z,2026-08-17T18:48:05Z,
147.185.132.57,ipv4,malicious-ip,medium,WHITE,ziyadnz/hourly-ipv4,ziyadnz|hourly,2026-08-17T18:48:05Z,2026-08-17T18:48:05Z,
147.185.132.58,ipv4,malicious-ip,medium,WHITE,ziyadnz/hourly-ipv4,ziyadnz|hourly,2026-08-17T18:48:05Z,2026-08-17T18:48:05Z,
147.185.132.59,ipv4,malicious-ip,medium,WHITE,ziyadnz/hourly-ipv4,ziyadnz|hourly,2026-08-17T18:48:05Z,2026-08-17T18:48:05Z,
147.185.132.60,ipv4,malicious-ip,medium,WHITE,ziyadnz/hourly-ipv4,ziyadnz|hourly,2026-08-17T18:48:05Z,2026-08-17T18:48:05Z,
147.185.132.61,ipv4,malicious-ip,medium,WHITE,ziyadnz/hourly-ipv4,ziyadnz|hourly,2026-08-17T18:48:05Z,2026-08-17T18:48:05Z,
147.185.132.63,ipv4,malicious-ip,medium,WHITE,ziyadnz/hourly-ipv4,ziyadnz|hourly,2026-08-17T18:48:05Z,2026-08-17T18:48:05Z,
147.185.132.64,ipv4,malicious-ip,medium,WHITE,ziyadnz/hourly-ipv4,ziyadnz|hourly,2026-08-17T18:48:05Z,2026-08-17T18:48:05Z,
147.185.132.65,ipv4,malicious-ip,medium,WHITE,ziyadnz/hourly-ipv4,ziyadnz|hourly,2026-08-17T18:48:05Z,2026-08-17T18:48:05Z,
147.185.132.66,ipv4,malicious-ip,medium,WHITE,ziyadnz/hourly-ipv4,ziyadnz|hourly,2026-08-17T18:48:05Z,2026-08-17T18:48:05Z,
147.185.132.67,ipv4,malicious-ip,medium,WHITE,ziyadnz/hourly-ipv4,ziyadnz|hourly,2026-08-17T18:48:05Z,2026-08-17T18:48:05Z,
147.185.132.68,ipv4,malicious-ip,medium,WHITE,ziyadnz/hourly-ipv4,ziyadnz|hourly,2026-08-17T18:48:05Z,2026-08-17T18:48:05Z,
147.185.132.69,ipv4,malicious-ip,medium,WHITE,ziyadnz/hourly-ipv4,ziyadnz|hourly,2026-08-17T18:48:05Z,2026-08-17T18:48:05Z,
147.185.132.70,ipv4,malicious-ip,medium,WHITE,ziyadnz/hourly-ipv4,ziyadnz|hourly,2026-08-17T18:48:05Z,2026-08-17T18:48:05Z,
147.185.132.71,ipv4,malicious-ip,medium,WHITE,ziyadnz/hourly-ipv4,ziyadnz|hourly,2026-08-17T18:48:05Z,2026-08-17T18:48:05Z,
147.185.132.72,ipv4,malicious-ip,medium,WHITE,ziyadnz/hourly-ipv4,ziyadnz|hourly,2026-08-17T18:48:05Z,2026-08-17T18:48:05Z,
147.185.132.73,ipv4,malicious-ip,medium,WHITE,ziyadnz/hourly-ipv4,ziyadnz|hourly,2026-08-17T18:48:05Z,2026-08-17T18:48:05Z,
147.185.132.74,ipv4,malicious-ip,medium,WHITE,ziyadnz/hourly-ipv4,ziyadnz|hourly,2026-08-17T18:48:05Z,2026-08-17T18:48:05Z,
147.185.132.75,ipv4,malicious-ip,medium,WHITE,ziyadnz/hourly-ipv4,ziyadnz|hourly,2026-08-17T18:48:05Z,2026-08-17T18:48:05Z,
147.185.132.76,ipv4,malicious-ip,medium,WHITE,ziyadnz/hourly-ipv4,ziyadnz|hourly,2026-08-17T18:48:05Z,2026-08-17T18:48:05Z,
147.185.132.77,ipv4,malicious-ip,medium,WHITE,ziyadnz/hourly-ipv4,ziyadnz|hourly,2026-08-17T18:48:05Z,2026-08-17T18:48:05Z,
147.185.132.79,ipv4,malicious-ip,medium,WHITE,ziyadnz/hourly-ipv4,ziyadnz|hourly,2026-08-17T18:48:05Z,2026-08-17T18:48:05Z,
147.185.132.8,ipv4,malicious-ip,medium,WHITE,ziyadnz/hourly-ipv4,ziyadnz|hourly,2026-08-17T18:48:05Z,2026-08-17T18:48:05Z,
147.185.132.81,ipv4,malicious-ip,medium,WHITE,ziyadnz/hourly-ipv4,ziyadnz|hourly,2026-08-17T18:48:05Z,2026-08-17T18:48:05Z,
147.185.132.82,ipv4,malicious-ip,medium,WHITE,ziyadnz/hourly-ipv4,ziyadnz|hourly,2026-08-17T18:48:05Z,2026-08-17T18:48:05Z,
147.185.132.83,ipv4,malicious-ip,medium,WHITE,ziyadnz/hourly-ipv4,ziyadnz|hourly,2026-08-17T18:48:05Z,2026-08-17T18:48:05Z,
147.185.132.84,ipv4,malicious-ip,medium,WHITE,ziyadnz/hourly-ipv4,ziyadnz|hourly,2026-08-17T18:48:05Z,2026-08-17T18:48:05Z,
147.185.132.85,ipv4,malicious-ip,medium,WHITE,ziyadnz/hourly-ipv4,ziyadnz|hourly,2026-08-17T18:48:05Z,2026-08-17T18:48:05Z,
147.185.132.86,ipv4,malicious-ip,medium,WHITE,ziyadnz/hourly-ipv4,ziyadnz|hourly,2026-08-17T18:48:05Z,2026-08-17T18:48:05Z,
147.185.132.87,ipv4,malicious-ip,medium,WHITE,ziyadnz/hourly-ipv4,ziyadnz|hourly,2026-08-17T18:48:05Z,2026-08-17T18:48:05Z,
147.185.132.88,ipv4,malicious-ip,medium,WHITE,ziyadnz/hourly-ipv4,ziyadnz|hourly,2026-08-17T18:48:05Z,2026-08-17T18:48:05Z,
147.185.132.89,ipv4,malicious-ip,medium,WHITE,ziyadnz/hourly-ipv4,ziyadnz|hourly,2026-08-17T18:48:05Z,2026-08-17T18:48:05Z,
147.185.132.9,ipv4,malicious-ip,medium,WHITE,ziyadnz/hourly-ipv4,ziyadnz|hourly,2026-08-17T18:48:05Z,2026-08-17T18:48:05Z,
147.185.132.90,ipv4,malicious-ip,medium,WHITE,ziyadnz/hourly-ipv4,ziyadnz|hourly,2026-08-17T18:48:05Z,2026-08-17T18:48:05Z,
147.185.132.91,ipv4,malicious-ip,medium,WHITE,ziyadnz/hourly-ipv4,ziyadnz|hourly,2026-08-17T18:48:05Z,2026-08-17T18:48:05Z,
147.185.132.92,ipv4,malicious-ip,medium,WHITE,ziyadnz/hourly-ipv4,ziyadnz|hourly,2026-08-17T18:48:05Z,2026-08-17T18:48:05Z,
147.185.132.93,ipv4,malicious-ip,medium,WHITE,ziyadnz/hourly-ipv4,ziyadnz|hourly,2026-08-17T18:48:05Z,2026-08-17T18:48:05Z,
147.185.132.94,ipv4,malicious-ip,medium,WHITE,ziyadnz/hourly-ipv4,ziyadnz|hourly,2026-08-17T18:48:05Z,2026-08-17T18:48:05Z,
147.185.132.95,ipv4,malicious-ip,medium,WHITE,ziyadnz/hourly-ipv4,ziyadnz|hourly,2026-08-17T18:48:05Z,2026-08-17T18:48:05Z,
147.185.132.97,ipv4,malicious-ip,medium,WHITE,ziyadnz/hourly-ipv4,ziyadnz|hourly,2026-08-17T18:48:05Z,2026-08-17T18:48:05Z,
147.185.132.98,ipv4,malicious-ip,medium,WHITE,ziyadnz/hourly-ipv4,ziyadnz|hourly,2026-08-17T18:48:05Z,2026-08-17T18:48:05Z,
147.185.132.99,ipv4,malicious-ip,medium,WHITE,ziyadnz/hourly-ipv4,ziyadnz|hourly,2026-08-17T18:48:05Z,2026-08-17T18:48:05Z,
147.185.133.0,ipv4,malicious-ip,medium,WHITE,ziyadnz/hourly-ipv4,ziyadnz|hourly,2026-08-17T18:48:05Z,2026-08-17T18:48:05Z,
147.185.133.1,ipv4,malicious-ip,medium,WHITE,ziyadnz/hourly-ipv4,ziyadnz|hourly,2026-08-17T18:48:05Z,2026-08-17T18:48:05Z,
147.185.133.10,ipv4,malicious-ip,medium,WHITE,ziyadnz/hourly-ipv4,ziyadnz|hourly,2026-08-17T18:48:05Z,2026-08-17T18:48:05Z,
147.185.133.100,ipv4,malicious-ip,medium,WHITE,ziyadnz/hourly-ipv4,ziyadnz|hourly,2026-08-17T18:48:05Z,2026-08-17T18:48:05Z,
147.185.133.101,ipv4,malicious-ip,medium,WHITE,ziyadnz/hourly-ipv4,ziyadnz|hourly,2026-08-17T18:48:05Z,2026-08-17T18:48:05Z,
147.185.133.103,ipv4,malicious-ip,medium,WHITE,ziyadnz/hourly-ipv4,ziyadnz|hourly,2026-08-17T18:48:05Z,2026-08-17T18:48:05Z,
147.185.133.104,ipv4,malicious-ip,medium,WHITE,ziyadnz/hourly-ipv4,ziyadnz|hourly,2026-08-17T18:48:05Z,2026-08-17T18:48:05Z,
147.185.133.105,ipv4,malicious-ip,medium,WHITE,ziyadnz/hourly-ipv4,ziyadnz|hourly,2026-08-17T18:48:05Z,2026-08-17T18:48:05Z,
147.185.133.106,ipv4,malicious-ip,medium,WHITE,ziyadnz/hourly-ipv4,ziyadnz|hourly,2026-08-17T18:48:05Z,2026-08-17T18:48:05Z,
147.185.133.107,ipv4,malicious-ip,medium,WHITE,ziyadnz/hourly-ipv4,ziyadnz|hourly,2026-08-17T18:48:05Z,2026-08-17T18:48:05Z,
147.185.133.108,ipv4,malicious-ip,medium,WHITE,ziyadnz/hourly-ipv4,ziyadnz|hourly,2026-08-17T18:48:05Z,2026-08-17T18:48:05Z,
147.185.133.109,ipv4,malicious-ip,medium,WHITE,ziyadnz/hourly-ipv4,ziyadnz|hourly,2026-08-17T18:48:05Z,2026-08-17T18:48:05Z,
147.185.133.11,ipv4,malicious-ip,medium,WHITE,ziyadnz/hourly-ipv4,ziyadnz|hourly,2026-08-17T18:48:05Z,2026-08-17T18:48:05Z,
147.185.133.110,ipv4,malicious-ip,medium,WHITE,ziyadnz/hourly-ipv4,ziyadnz|hourly,2026-08-17T18:48:05Z,2026-08-17T18:48:05Z,
147.185.133.112,ipv4,malicious-ip,medium,WHITE,ziyadnz/hourly-ipv4,ziyadnz|hourly,2026-08-17T18:48:05Z,2026-08-17T18:48:05Z,
147.185.133.113,ipv4,malicious-ip,medium,WHITE,ziyadnz/hourly-ipv4,ziyadnz|hourly,2026-08-17T18:48:05Z,2026-08-17T18:48:05Z,
147.185.133.114,ipv4,malicious-ip,medium,WHITE,ziyadnz/hourly-ipv4,ziyadnz|hourly,2026-08-17T18:48:05Z,2026-08-17T18:48:05Z,
147.185.133.115,ipv4,malicious-ip,medium,WHITE,ziyadnz/hourly-ipv4,ziyadnz|hourly,2026-08-17T18:48:05Z,2026-08-17T18:48:05Z,
147.185.133.116,ipv4,malicious-ip,medium,WHITE,ziyadnz/hourly-ipv4,ziyadnz|hourly,2026-08-17T18:48:05Z,2026-08-17T18:48:05Z,
147.185.133.117,ipv4,malicious-ip,medium,WHITE,ziyadnz/hourly-ipv4,ziyadnz|hourly,2026-08-17T18:48:05Z,2026-08-17T18:48:05Z,
147.185.133.118,ipv4,malicious-ip,medium,WHITE,ziyadnz/hourly-ipv4,ziyadnz|hourly,2026-08-17T18:48:05Z,2026-08-17T18:48:05Z,
147.185.133.119,ipv4,malicious-ip,medium,WHITE,ziyadnz/hourly-ipv4,ziyadnz|hourly,2026-08-17T18:48:05Z,2026-08-17T18:48:05Z,
147.185.133.12,ipv4,malicious-ip,medium,WHITE,ziyadnz/hourly-ipv4,ziyadnz|hourly,2026-08-17T18:48:05Z,2026-08-17T18:48:05Z,
147.185.133.120,ipv4,malicious-ip,medium,WHITE,ziyadnz/hourly-ipv4,ziyadnz|hourly,2026-08-17T18:48:05Z,2026-08-17T18:48:05Z,
147.185.133.121,ipv4,malicious-ip,medium,WHITE,ziyadnz/hourly-ipv4,ziyadnz|hourly,2026-08-17T18:48:05Z,2026-08-17T18:48:05Z,
147.185.133.122,ipv4,malicious-ip,medium,WHITE,ziyadnz/hourly-ipv4,ziyadnz|hourly,2026-08-17T18:48:05Z,2026-08-17T18:48:05Z,
147.185.133.124,ipv4,malicious-ip,medium,WHITE,ziyadnz/hourly-ipv4,ziyadnz|hourly,2026-08-17T18:48:05Z,2026-08-17T18:48:05Z,
147.185.133.125,ipv4,malicious-ip,medium,WHITE,ziyadnz/hourly-ipv4,ziyadnz|hourly,2026-08-17T18:48:05Z,2026-08-17T18:48:05Z,
147.185.133.126,ipv4,malicious-ip,medium,WHITE,ziyadnz/hourly-ipv4,ziyadnz|hourly,2026-08-17T18:48:05Z,2026-08-17T18:48:05Z,
147.185.133.127,ipv4,malicious-ip,medium,WHITE,ziyadnz/hourly-ipv4,ziyadnz|hourly,2026-08-17T18:48:05Z,2026-08-17T18:48:05Z,
147.185.133.128,ipv4,malicious-ip,medium,WHITE,ziyadnz/hourly-ipv4,ziyadnz|hourly,2026-08-17T18:48:05Z,2026-08-17T18:48:05Z,
147.185.133.129,ipv4,malicious-ip,medium,WHITE,ziyadnz/hourly-ipv4,ziyadnz|hourly,2026-08-17T18:48:05Z,2026-08-17T18:48:05Z,
147.185.133.130,ipv4,malicious-ip,medium,WHITE,ziyadnz/hourly-ipv4,ziyadnz|hourly,2026-08-17T18:48:05Z,2026-08-17T18:48:05Z,
147.185.133.131,ipv4,malicious-ip,medium,WHITE,ziyadnz/hourly-ipv4,ziyadnz|hourly,2026-08-17T18:48:05Z,2026-08-17T18:48:05Z,
147.185.133.132,ipv4,malicious-ip,medium,WHITE,ziyadnz/hourly-ipv4,ziyadnz|hourly,2026-08-17T18:48:05Z,2026-08-17T18:48:05Z,
147.185.133.133,ipv4,malicious-ip,medium,WHITE,ziyadnz/hourly-ipv4,ziyadnz|hourly,2026-08-17T18:48:05Z,2026-08-17T18:48:05Z,
147.185.133.134,ipv4,malicious-ip,medium,WHITE,ziyadnz/hourly-ipv4,ziyadnz|hourly,2026-08-17T18:48:05Z,2026-08-17T18:48:05Z,
147.185.133.135,ipv4,malicious-ip,medium,WHITE,ziyadnz/hourly-ipv4,ziyadnz|hourly,2026-08-17T18:48:05Z,2026-08-17T18:48:05Z,
147.185.133.136,ipv4,malicious-ip,medium,WHITE,ziyadnz/hourly-ipv4,ziyadnz|hourly,2026-08-17T18:48:05Z,2026-08-17T18:48:05Z,
147.185.133.137,ipv4,malicious-ip,medium,WHITE,ziyadnz/hourly-ipv4,ziyadnz|hourly,2026-08-17T18:48:05Z,2026-08-17T18:48:05Z,
147.185.133.138,ipv4,malicious-ip,medium,WHITE,ziyadnz/hourly-ipv4,ziyadnz|hourly,2026-08-17T18:48:05Z,2026-08-17T18:48:05Z,
147.185.133.139,ipv4,malicious-ip,medium,WHITE,ziyadnz/hourly-ipv4,ziyadnz|hourly,2026-08-17T18:48:05Z,2026-08-17T18:48:05Z,
147.185.133.14,ipv4,malicious-ip,medium,WHITE,ziyadnz/hourly-ipv4,ziyadnz|hourly,2026-08-17T18:48:05Z,2026-08-17T18:48:05Z,
147.185.133.140,ipv4,malicious-ip,medium,WHITE,ziyadnz/hourly-ipv4,ziyadnz|hourly,2026-08-17T18:48:05Z,2026-08-17T18:48:05Z,
147.185.133.141,ipv4,malicious-ip,medium,WHITE,ziyadnz/hourly-ipv4,ziyadnz|hourly,2026-08-17T18:48:05Z,2026-08-17T18:48:05Z,
147.185.133.142,ipv4,malicious-ip,medium,WHITE,ziyadnz/hourly-ipv4,ziyadnz|hourly,2026-08-17T18:48:05Z,2026-08-17T18:48:05Z,
147.185.133.143,ipv4,malicious-ip,medium,WHITE,ziyadnz/hourly-ipv4,ziyadnz|hourly,2026-08-17T18:48:05Z,2026-08-17T18:48:05Z,
147.185.133.144,ipv4,malicious-ip,medium,WHITE,ziyadnz/hourly-ipv4,ziyadnz|hourly,2026-08-17T18:48:05Z,2026-08-17T18:48:05Z,
147.185.133.145,ipv4,malicious-ip,medium,WHITE,ziyadnz/hourly-ipv4,ziyadnz|hourly,2026-08-17T18:48:05Z,2026-08-17T18:48:05Z,
147.185.133.146,ipv4,malicious-ip,medium,WHITE,ziyadnz/hourly-ipv4,ziyadnz|hourly,2026-08-17T18:48:05Z,2026-08-17T18:48:05Z,
147.185.133.147,ipv4,malicious-ip,medium,WHITE,ziyadnz/hourly-ipv4,ziyadnz|hourly,2026-08-17T18:48:05Z,2026-08-17T18:48:05Z,
147.185.133.148,ipv4,malicious-ip,medium,WHITE,ziyadnz/hourly-ipv4,ziyadnz|hourly,2026-08-17T18:48:05Z,2026-08-17T18:48:05Z,
147.185.133.149,ipv4,malicious-ip,medium,WHITE,ziyadnz/hourly-ipv4,ziyadnz|hourly,2026-08-17T18:48:05Z,2026-08-17T18:48:05Z,
147.185.133.15,ipv4,malicious-ip,medium,WHITE,ziyadnz/hourly-ipv4,ziyadnz|hourly,2026-08-17T18:48:05Z,2026-08-17T18:48:05Z,
147.185.133.150,ipv4,malicious-ip,medium,WHITE,ziyadnz/hourly-ipv4,ziyadnz|hourly,2026-08-17T18:48:05Z,2026-08-17T18:48:05Z,
147.185.133.151,ipv4,malicious-ip,medium,WHITE,ziyadnz/hourly-ipv4,ziyadnz|hourly,2026-08-17T18:48:05Z,2026-08-17T18:48:05Z,
147.185.133.152,ipv4,malicious-ip,medium,WHITE,ziyadnz/hourly-ipv4,ziyadnz|hourly,2026-08-17T18:48:05Z,2026-08-17T18:48:05Z,
147.185.133.153,ipv4,malicious-ip,medium,WHITE,ziyadnz/hourly-ipv4,ziyadnz|hourly,2026-08-17T18:48:05Z,2026-08-17T18:48:05Z,
147.185.133.154,ipv4,malicious-ip,medium,WHITE,ziyadnz/hourly-ipv4,ziyadnz|hourly,2026-08-17T18:48:05Z,2026-08-17T18:48:05Z,
147.185.133.155,ipv4,malicious-ip,medium,WHITE,ziyadnz/hourly-ipv4,ziyadnz|hourly,2026-08-17T18:48:05Z,2026-08-17T18:48:05Z,
147.185.133.157,ipv4,malicious-ip,medium,WHITE,ziyadnz/hourly-ipv4,ziyadnz|hourly,2026-08-17T18:48:05Z,2026-08-17T18:48:05Z,
147.185.133.158,ipv4,malicious-ip,medium,WHITE,ziyadnz/hourly-ipv4,ziyadnz|hourly,2026-08-17T18:48:05Z,2026-08-17T18:48:05Z,
147.185.133.159,ipv4,malicious-ip,medium,WHITE,ziyadnz/hourly-ipv4,ziyadnz|hourly,2026-08-17T18:48:05Z,2026-08-17T18:48:05Z,
147.185.133.16,ipv4,malicious-ip,medium,WHITE,ziyadnz/hourly-ipv4,ziyadnz|hourly,2026-08-17T18:48:05Z,2026-08-17T18:48:05Z,
147.185.133.160,ipv4,malicious-ip,medium,WHITE,ziyadnz/hourly-ipv4,ziyadnz|hourly,2026-08-17T18:48:05Z,2026-08-17T18:48:05Z,
147.185.133.161,ipv4,malicious-ip,medium,WHITE,ziyadnz/hourly-ipv4,ziyadnz|hourly,2026-08-17T18:48:05Z,2026-08-17T18:48:05Z,
147.185.133.162,ipv4,malicious-ip,medium,WHITE,ziyadnz/hourly-ipv4,ziyadnz|hourly,2026-08-17T18:48:05Z,2026-08-17T18:48:05Z,
147.185.133.163,ipv4,malicious-ip,medium,WHITE,ziyadnz/hourly-ipv4,ziyadnz|hourly,2026-08-17T18:48:05Z,2026-08-17T18:48:05Z,
147.185.133.164,ipv4,malicious-ip,medium,WHITE,ziyadnz/hourly-ipv4,ziyadnz|hourly,2026-08-17T18:48:05Z,2026-08-17T18:48:05Z,
147.185.133.165,ipv4,malicious-ip,medium,WHITE,ziyadnz/hourly-ipv4,ziyadnz|hourly,2026-08-17T18:48:05Z,2026-08-17T18:48:05Z,
147.185.133.166,ipv4,malicious-ip,medium,WHITE,ziyadnz/hourly-ipv4,ziyadnz|hourly,2026-08-17T18:48:05Z,2026-08-17T18:48:05Z,
147.185.133.167,ipv4,malicious-ip,medium,WHITE,ziyadnz/hourly-ipv4,ziyadnz|hourly,2026-08-17T18:48:05Z,2026-08-17T18:48:05Z,
147.185.133.168,ipv4,malicious-ip,medium,WHITE,ziyadnz/hourly-ipv4,ziyadnz|hourly,2026-08-17T18:48:05Z,2026-08-17T18:48:05Z,
147.185.133.169,ipv4,malicious-ip,medium,WHITE,ziyadnz/hourly-ipv4,ziyadnz|hourly,2026-08-17T18:48:05Z,2026-08-17T18:48:05Z,
147.185.133.170,ipv4,malicious-ip,medium,WHITE,ziyadnz/hourly-ipv4,ziyadnz|hourly,2026-08-17T18:48:05Z,2026-08-17T18:48:05Z,
147.185.133.171,ipv4,malicious-ip,medium,WHITE,ziyadnz/hourly-ipv4,ziyadnz|hourly,2026-08-17T18:48:05Z,2026-08-17T18:48:05Z,
147.185.133.172,ipv4,malicious-ip,medium,WHITE,ziyadnz/hourly-ipv4,ziyadnz|hourly,2026-08-17T18:48:05Z,2026-08-17T18:48:05Z,
147.185.133.173,ipv4,malicious-ip,medium,WHITE,ziyadnz/hourly-ipv4,ziyadnz|hourly,2026-08-17T18:48:05Z,2026-08-17T18:48:05Z,
147.185.133.174,ipv4,malicious-ip,medium,WHITE,ziyadnz/hourly-ipv4,ziyadnz|hourly,2026-08-17T18:48:05Z,2026-08-17T18:48:05Z,
147.185.133.175,ipv4,malicious-ip,medium,WHITE,ziyadnz/hourly-ipv4,ziyadnz|hourly,2026-08-17T18:48:05Z,2026-08-17T18:48:05Z,
147.185.133.176,ipv4,malicious-ip,medium,WHITE,ziyadnz/hourly-ipv4,ziyadnz|hourly,2026-08-17T18:48:05Z,2026-08-17T18:48:05Z,
147.185.133.177,ipv4,malicious-ip,medium,WHITE,ziyadnz/hourly-ipv4,ziyadnz|hourly,2026-08-17T18:48:05Z,2026-08-17T18:48:05Z,
147.185.133.179,ipv4,malicious-ip,medium,WHITE,ziyadnz/hourly-ipv4,ziyadnz|hourly,2026-08-17T18:48:05Z,2026-08-17T18:48:05Z,
147.185.133.18,ipv4,malicious-ip,medium,WHITE,ziyadnz/hourly-ipv4,ziyadnz|hourly,2026-08-17T18:48:05Z,2026-08-17T18:48:05Z,
147.185.133.180,ipv4,malicious-ip,medium,WHITE,ziyadnz/hourly-ipv4,ziyadnz|hourly,2026-08-17T18:48:05Z,2026-08-17T18:48:05Z,
147.185.133.181,ipv4,malicious-ip,medium,WHITE,ziyadnz/hourly-ipv4,ziyadnz|hourly,2026-08-17T18:48:05Z,2026-08-17T18:48:05Z,
147.185.133.182,ipv4,malicious-ip,medium,WHITE,ziyadnz/hourly-ipv4,ziyadnz|hourly,2026-08-17T18:48:05Z,2026-08-17T18:48:05Z,
147.185.133.183,ipv4,malicious-ip,medium,WHITE,ziyadnz/hourly-ipv4,ziyadnz|hourly,2026-08-17T18:48:05Z,2026-08-17T18:48:05Z,
147.185.133.185,ipv4,malicious-ip,medium,WHITE,ziyadnz/hourly-ipv4,ziyadnz|hourly,2026-08-17T18:48:05Z,2026-08-17T18:48:05Z,
147.185.133.186,ipv4,malicious-ip,medium,WHITE,ziyadnz/hourly-ipv4,ziyadnz|hourly,2026-08-17T18:48:05Z,2026-08-17T18:48:05Z,
147.185.133.187,ipv4,malicious-ip,medium,WHITE,ziyadnz/hourly-ipv4,ziyadnz|hourly,2026-08-17T18:48:05Z,2026-08-17T18:48:05Z,
147.185.133.188,ipv4,malicious-ip,medium,WHITE,ziyadnz/hourly-ipv4,ziyadnz|hourly,2026-08-17T18:48:05Z,2026-08-17T18:48:05Z,
147.185.133.189,ipv4,malicious-ip,medium,WHITE,ziyadnz/hourly-ipv4,ziyadnz|hourly,2026-08-17T18:48:05Z,2026-08-17T18:48:05Z,
147.185.133.19,ipv4,malicious-ip,medium,WHITE,ziyadnz/hourly-ipv4,ziyadnz|hourly,2026-08-17T18:48:05Z,2026-08-17T18:48:05Z,
147.185.133.190,ipv4,malicious-ip,medium,WHITE,ziyadnz/hourly-ipv4,ziyadnz|hourly,2026-08-17T18:48:05Z,2026-08-17T18:48:05Z,
147.185.133.191,ipv4,malicious-ip,medium,WHITE,ziyadnz/hourly-ipv4,ziyadnz|hourly,2026-08-17T18:48:05Z,2026-08-17T18:48:05Z,
147.185.133.192,ipv4,malicious-ip,medium,WHITE,ziyadnz/hourly-ipv4,ziyadnz|hourly,2026-08-17T18:48:05Z,2026-08-17T18:48:05Z,
147.185.133.193,ipv4,malicious-ip,medium,WHITE,ziyadnz/hourly-ipv4,ziyadnz|hourly,2026-08-17T18:48:05Z,2026-08-17T18:48:05Z,
147.185.133.194,ipv4,malicious-ip,medium,WHITE,ziyadnz/hourly-ipv4,ziyadnz|hourly,2026-08-17T18:48:05Z,2026-08-17T18:48:05Z,
147.185.133.195,ipv4,malicious-ip,medium,WHITE,ziyadnz/hourly-ipv4,ziyadnz|hourly,2026-08-17T18:48:05Z,2026-08-17T18:48:05Z,
147.185.133.196,ipv4,malicious-ip,medium,WHITE,ziyadnz/hourly-ipv4,ziyadnz|hourly,2026-08-17T18:48:05Z,2026-08-17T18:48:05Z,
147.185.133.197,ipv4,malicious-ip,medium,WHITE,ziyadnz/hourly-ipv4,ziyadnz|hourly,2026-08-17T18:48:05Z,2026-08-17T18:48:05Z,
147.185.133.198,ipv4,malicious-ip,medium,WHITE,ziyadnz/hourly-ipv4,ziyadnz|hourly,2026-08-17T18:48:05Z,2026-08-17T18:48:05Z,
147.185.133.199,ipv4,malicious-ip,medium,WHITE,ziyadnz/hourly-ipv4,ziyadnz|hourly,2026-08-17T18:48:05Z,2026-08-17T18:48:05Z,
147.185.133.2,ipv4,malicious-ip,medium,WHITE,ziyadnz/hourly-ipv4,ziyadnz|hourly,2026-08-17T18:48:05Z,2026-08-17T18:48:05Z,
147.185.133.20,ipv4,malicious-ip,medium,WHITE,ziyadnz/hourly-ipv4,ziyadnz|hourly,2026-08-17T18:48:05Z,2026-08-17T18:48:05Z,
147.185.133.200,ipv4,malicious-ip,medium,WHITE,ziyadnz/hourly-ipv4,ziyadnz|hourly,2026-08-17T18:48:05Z,2026-08-17T18:48:05Z,
147.185.133.201,ipv4,malicious-ip,medium,WHITE,ziyadnz/hourly-ipv4,ziyadnz|hourly,2026-08-17T18:48:05Z,2026-08-17T18:48:05Z,
147.185.133.202,ipv4,malicious-ip,medium,WHITE,ziyadnz/hourly-ipv4,ziyadnz|hourly,2026-08-17T18:48:05Z,2026-08-17T18:48:05Z,
147.185.133.203,ipv4,malicious-ip,medium,WHITE,ziyadnz/hourly-ipv4,ziyadnz|hourly,2026-08-17T18:48:05Z,2026-08-17T18:48:05Z,
147.185.133.205,ipv4,malicious-ip,medium,WHITE,ziyadnz/hourly-ipv4,ziyadnz|hourly,2026-08-17T18:48:05Z,2026-08-17T18:48:05Z,
147.185.133.206,ipv4,malicious-ip,medium,WHITE,ziyadnz/hourly-ipv4,ziyadnz|hourly,2026-08-17T18:48:05Z,2026-08-17T18:48:05Z,
147.185.133.207,ipv4,malicious-ip,medium,WHITE,ziyadnz/hourly-ipv4,ziyadnz|hourly,2026-08-17T18:48:05Z,2026-08-17T18:48:05Z,
147.185.133.208,ipv4,malicious-ip,medium,WHITE,ziyadnz/hourly-ipv4,ziyadnz|hourly,2026-08-17T18:48:05Z,2026-08-17T18:48:05Z,
147.185.133.209,ipv4,malicious-ip,medium,WHITE,ziyadnz/hourly-ipv4,ziyadnz|hourly,2026-08-17T18:48:05Z,2026-08-17T18:48:05Z,
147.185.133.210,ipv4,malicious-ip,medium,WHITE,ziyadnz/hourly-ipv4,ziyadnz|hourly,2026-08-17T18:48:05Z,2026-08-17T18:48:05Z,
147.185.133.211,ipv4,malicious-ip,medium,WHITE,ziyadnz/hourly-ipv4,ziyadnz|hourly,2026-08-17T18:48:05Z,2026-08-17T18:48:05Z,
147.185.133.212,ipv4,malicious-ip,medium,WHITE,ziyadnz/hourly-ipv4,ziyadnz|hourly,2026-08-17T18:48:05Z,2026-08-17T18:48:05Z,
147.185.133.213,ipv4,malicious-ip,medium,WHITE,ziyadnz/hourly-ipv4,ziyadnz|hourly,2026-08-17T18:48:05Z,2026-08-17T18:48:05Z,
147.185.133.214,ipv4,malicious-ip,medium,WHITE,ziyadnz/hourly-ipv4,ziyadnz|hourly,2026-08-17T18:48:05Z,2026-08-17T18:48:05Z,
147.185.133.215,ipv4,malicious-ip,medium,WHITE,ziyadnz/hourly-ipv4,ziyadnz|hourly,2026-08-17T18:48:05Z,2026-08-17T18:48:05Z,
147.185.133.217,ipv4,malicious-ip,medium,WHITE,ziyadnz/hourly-ipv4,ziyadnz|hourly,2026-08-17T18:48:05Z,2026-08-17T18:48:05Z,
147.185.133.218,ipv4,malicious-ip,medium,WHITE,ziyadnz/hourly-ipv4,ziyadnz|hourly,2026-08-17T18:48:05Z,2026-08-17T18:48:05Z,
147.185.133.219,ipv4,malicious-ip,medium,WHITE,ziyadnz/hourly-ipv4,ziyadnz|hourly,2026-08-17T18:48:05Z,2026-08-17T18:48:05Z,
147.185.133.22,ipv4,malicious-ip,medium,WHITE,ziyadnz/hourly-ipv4,ziyadnz|hourly,2026-08-17T18:48:05Z,2026-08-17T18:48:05Z,
147.185.133.220,ipv4,malicious-ip,medium,WHITE,ziyadnz/hourly-ipv4,ziyadnz|hourly,2026-08-17T18:48:05Z,2026-08-17T18:48:05Z,
147.185.133.221,ipv4,malicious-ip,medium,WHITE,ziyadnz/hourly-ipv4,ziyadnz|hourly,2026-08-17T18:48:05Z,2026-08-17T18:48:05Z,
147.185.133.222,ipv4,malicious-ip,medium,WHITE,ziyadnz/hourly-ipv4,ziyadnz|hourly,2026-08-17T18:48:05Z,2026-08-17T18:48:05Z,
147.185.133.223,ipv4,malicious-ip,medium,WHITE,ziyadnz/hourly-ipv4,ziyadnz|hourly,2026-08-17T18:48:05Z,2026-08-17T18:48:05Z,
147.185.133.224,ipv4,malicious-ip,medium,WHITE,ziyadnz/hourly-ipv4,ziyadnz|hourly,2026-08-17T18:48:05Z,2026-08-17T18:48:05Z,
147.185.133.225,ipv4,malicious-ip,medium,WHITE,ziyadnz/hourly-ipv4,ziyadnz|hourly,2026-08-17T18:48:05Z,2026-08-17T18:48:05Z,
147.185.133.226,ipv4,malicious-ip,medium,WHITE,ziyadnz/hourly-ipv4,ziyadnz|hourly,2026-08-17T18:48:05Z,2026-08-17T18:48:05Z,
147.185.133.227,ipv4,malicious-ip,medium,WHITE,ziyadnz/hourly-ipv4,ziyadnz|hourly,2026-08-17T18:48:05Z,2026-08-17T18:48:05Z,
147.185.133.228,ipv4,malicious-ip,medium,WHITE,ziyadnz/hourly-ipv4,ziyadnz|hourly,2026-08-17T18:48:05Z,2026-08-17T18:48:05Z,
147.185.133.229,ipv4,malicious-ip,medium,WHITE,ziyadnz/hourly-ipv4,ziyadnz|hourly,2026-08-17T18:48:05Z,2026-08-17T18:48:05Z,
147.185.133.23,ipv4,malicious-ip,medium,WHITE,ziyadnz/hourly-ipv4,ziyadnz|hourly,2026-08-17T18:48:05Z,2026-08-17T18:48:05Z,
147.185.133.230,ipv4,malicious-ip,medium,WHITE,ziyadnz/hourly-ipv4,ziyadnz|hourly,2026-08-17T18:48:05Z,2026-08-17T18:48:05Z,
147.185.133.231,ipv4,malicious-ip,medium,WHITE,ziyadnz/hourly-ipv4,ziyadnz|hourly,2026-08-17T18:48:05Z,2026-08-17T18:48:05Z,
147.185.133.232,ipv4,malicious-ip,medium,WHITE,ziyadnz/hourly-ipv4,ziyadnz|hourly,2026-08-17T18:48:05Z,2026-08-17T18:48:05Z,
147.185.133.233,ipv4,malicious-ip,medium,WHITE,ziyadnz/hourly-ipv4,ziyadnz|hourly,2026-08-17T18:48:05Z,2026-08-17T18:48:05Z,
147.185.133.234,ipv4,malicious-ip,medium,WHITE,ziyadnz/hourly-ipv4,ziyadnz|hourly,2026-08-17T18:48:05Z,2026-08-17T18:48:05Z,
147.185.133.236,ipv4,malicious-ip,medium,WHITE,ziyadnz/hourly-ipv4,ziyadnz|hourly,2026-08-17T18:48:05Z,2026-08-17T18:48:05Z,
147.185.133.237,ipv4,malicious-ip,medium,WHITE,ziyadnz/hourly-ipv4,ziyadnz|hourly,2026-08-17T18:48:05Z,2026-08-17T18:48:05Z,
147.185.133.238,ipv4,malicious-ip,medium,WHITE,ziyadnz/hourly-ipv4,ziyadnz|hourly,2026-08-17T18:48:05Z,2026-08-17T18:48:05Z,
147.185.133.239,ipv4,malicious-ip,medium,WHITE,ziyadnz/hourly-ipv4,ziyadnz|hourly,2026-08-17T18:48:05Z,2026-08-17T18:48:05Z,
147.185.133.24,ipv4,malicious-ip,medium,WHITE,ziyadnz/hourly-ipv4,ziyadnz|hourly,2026-08-17T18:48:05Z,2026-08-17T18:48:05Z,
147.185.133.240,ipv4,malicious-ip,medium,WHITE,ziyadnz/hourly-ipv4,ziyadnz|hourly,2026-08-17T18:48:05Z,2026-08-17T18:48:05Z,
147.185.133.241,ipv4,malicious-ip,medium,WHITE,ziyadnz/hourly-ipv4,ziyadnz|hourly,2026-08-17T18:48:05Z,2026-08-17T18:48:05Z,
147.185.133.242,ipv4,malicious-ip,medium,WHITE,ziyadnz/hourly-ipv4,ziyadnz|hourly,2026-08-17T18:48:05Z,2026-08-17T18:48:05Z,
147.185.133.243,ipv4,malicious-ip,medium,WHITE,ziyadnz/hourly-ipv4,ziyadnz|hourly,2026-08-17T18:48:05Z,2026-08-17T18:48:05Z,
147.185.133.244,ipv4,malicious-ip,medium,WHITE,ziyadnz/hourly-ipv4,ziyadnz|hourly,2026-08-17T18:48:05Z,2026-08-17T18:48:05Z,
147.185.133.245,ipv4,malicious-ip,medium,WHITE,ziyadnz/hourly-ipv4,ziyadnz|hourly,2026-08-17T18:48:05Z,2026-08-17T18:48:05Z,
147.185.133.246,ipv4,malicious-ip,medium,WHITE,ziyadnz/hourly-ipv4,ziyadnz|hourly,2026-08-17T18:48:05Z,2026-08-17T18:48:05Z,
147.185.133.247,ipv4,malicious-ip,medium,WHITE,ziyadnz/hourly-ipv4,ziyadnz|hourly,2026-08-17T18:48:05Z,2026-08-17T18:48:05Z,
147.185.133.250,ipv4,malicious-ip,medium,WHITE,ziyadnz/hourly-ipv4,ziyadnz|hourly,2026-08-17T18:48:05Z,2026-08-17T18:48:05Z,
147.185.133.251,ipv4,malicious-ip,medium,WHITE,ziyadnz/hourly-ipv4,ziyadnz|hourly,2026-08-17T18:48:05Z,2026-08-17T18:48:05Z,
147.185.133.252,ipv4,malicious-ip,medium,WHITE,ziyadnz/hourly-ipv4,ziyadnz|hourly,2026-08-17T18:48:05Z,2026-08-17T18:48:05Z,
147.185.133.253,ipv4,malicious-ip,medium,WHITE,ziyadnz/hourly-ipv4,ziyadnz|hourly,2026-08-17T18:48:05Z,2026-08-17T18:48:05Z,
147.185.133.254,ipv4,malicious-ip,medium,WHITE,ziyadnz/hourly-ipv4,ziyadnz|hourly,2026-08-17T18:48:05Z,2026-08-17T18:48:05Z,
147.185.133.255,ipv4,malicious-ip,medium,WHITE,ziyadnz/hourly-ipv4,ziyadnz|hourly,2026-08-17T18:48:05Z,2026-08-17T18:48:05Z,
147.185.133.26,ipv4,malicious-ip,medium,WHITE,ziyadnz/hourly-ipv4,ziyadnz|hourly,2026-08-17T18:48:05Z,2026-08-17T18:48:05Z,
147.185.133.27,ipv4,malicious-ip,medium,WHITE,ziyadnz/hourly-ipv4,ziyadnz|hourly,2026-08-17T18:48:05Z,2026-08-17T18:48:05Z,
147.185.133.28,ipv4,malicious-ip,medium,WHITE,ziyadnz/hourly-ipv4,ziyadnz|hourly,2026-08-17T18:48:05Z,2026-08-17T18:48:05Z,
147.185.133.29,ipv4,malicious-ip,medium,WHITE,ziyadnz/hourly-ipv4,ziyadnz|hourly,2026-08-17T18:48:05Z,2026-08-17T18:48:05Z,
147.185.133.30,ipv4,malicious-ip,medium,WHITE,ziyadnz/hourly-ipv4,ziyadnz|hourly,2026-08-17T18:48:05Z,2026-08-17T18:48:05Z,
147.185.133.31,ipv4,malicious-ip,medium,WHITE,ziyadnz/hourly-ipv4,ziyadnz|hourly,2026-08-17T18:48:05Z,2026-08-17T18:48:05Z,
147.185.133.32,ipv4,malicious-ip,medium,WHITE,ziyadnz/hourly-ipv4,ziyadnz|hourly,2026-08-17T18:48:05Z,2026-08-17T18:48:05Z,
147.185.133.33,ipv4,malicious-ip,medium,WHITE,ziyadnz/hourly-ipv4,ziyadnz|hourly,2026-08-17T18:48:05Z,2026-08-17T18:48:05Z,
147.185.133.34,ipv4,malicious-ip,medium,WHITE,ziyadnz/hourly-ipv4,ziyadnz|hourly,2026-08-17T18:48:05Z,2026-08-17T18:48:05Z,
147.185.133.35,ipv4,malicious-ip,medium,WHITE,ziyadnz/hourly-ipv4,ziyadnz|hourly,2026-08-17T18:48:05Z,2026-08-17T18:48:05Z,
147.185.133.36,ipv4,malicious-ip,medium,WHITE,ziyadnz/hourly-ipv4,ziyadnz|hourly,2026-08-17T18:48:05Z,2026-08-17T18:48:05Z,
147.185.133.39,ipv4,malicious-ip,medium,WHITE,ziyadnz/hourly-ipv4,ziyadnz|hourly,2026-08-17T18:48:05Z,2026-08-17T18:48:05Z,
147.185.133.4,ipv4,malicious-ip,medium,WHITE,ziyadnz/hourly-ipv4,ziyadnz|hourly,2026-08-17T18:48:05Z,2026-08-17T18:48:05Z,
147.185.133.40,ipv4,malicious-ip,medium,WHITE,ziyadnz/hourly-ipv4,ziyadnz|hourly,2026-08-17T18:48:05Z,2026-08-17T18:48:05Z,
147.185.133.41,ipv4,malicious-ip,medium,WHITE,ziyadnz/hourly-ipv4,ziyadnz|hourly,2026-08-17T18:48:05Z,2026-08-17T18:48:05Z,
147.185.133.42,ipv4,malicious-ip,medium,WHITE,ziyadnz/hourly-ipv4,ziyadnz|hourly,2026-08-17T18:48:05Z,2026-08-17T18:48:05Z,
147.185.133.43,ipv4,malicious-ip,medium,WHITE,ziyadnz/hourly-ipv4,ziyadnz|hourly,2026-08-17T18:48:05Z,2026-08-17T18:48:05Z,
147.185.133.44,ipv4,malicious-ip,medium,WHITE,ziyadnz/hourly-ipv4,ziyadnz|hourly,2026-08-17T18:48:05Z,2026-08-17T18:48:05Z,
147.185.133.45,ipv4,malicious-ip,medium,WHITE,ziyadnz/hourly-ipv4,ziyadnz|hourly,2026-08-17T18:48:05Z,2026-08-17T18:48:05Z,
147.185.133.46,ipv4,malicious-ip,medium,WHITE,ziyadnz/hourly-ipv4,ziyadnz|hourly,2026-08-17T18:48:05Z,2026-08-17T18:48:05Z,
147.185.133.47,ipv4,malicious-ip,medium,WHITE,ziyadnz/hourly-ipv4,ziyadnz|hourly,2026-08-17T18:48:05Z,2026-08-17T18:48:05Z,
147.185.133.48,ipv4,malicious-ip,medium,WHITE,ziyadnz/hourly-ipv4,ziyadnz|hourly,2026-08-17T18:48:05Z,2026-08-17T18:48:05Z,
147.185.133.49,ipv4,malicious-ip,medium,WHITE,ziyadnz/hourly-ipv4,ziyadnz|hourly,2026-08-17T18:48:05Z,2026-08-17T18:48:05Z,
147.185.133.5,ipv4,malicious-ip,medium,WHITE,ziyadnz/hourly-ipv4,ziyadnz|hourly,2026-08-17T18:48:05Z,2026-08-17T18:48:05Z,
147.185.133.50,ipv4,malicious-ip,medium,WHITE,ziyadnz/hourly-ipv4,ziyadnz|hourly,2026-08-17T18:48:05Z,2026-08-17T18:48:05Z,
147.185.133.51,ipv4,malicious-ip,medium,WHITE,ziyadnz/hourly-ipv4,ziyadnz|hourly,2026-08-17T18:48:05Z,2026-08-17T18:48:05Z,
147.185.133.52,ipv4,malicious-ip,medium,WHITE,ziyadnz/hourly-ipv4,ziyadnz|hourly,2026-08-17T18:48:05Z,2026-08-17T18:48:05Z,
147.185.133.53,ipv4,malicious-ip,medium,WHITE,ziyadnz/hourly-ipv4,ziyadnz|hourly,2026-08-17T18:48:05Z,2026-08-17T18:48:05Z,
147.185.133.54,ipv4,malicious-ip,medium,WHITE,ziyadnz/hourly-ipv4,ziyadnz|hourly,2026-08-17T18:48:05Z,2026-08-17T18:48:05Z,
147.185.133.55,ipv4,malicious-ip,medium,WHITE,ziyadnz/hourly-ipv4,ziyadnz|hourly,2026-08-17T18:48:05Z,2026-08-17T18:48:05Z,
147.185.133.56,ipv4,malicious-ip,medium,WHITE,ziyadnz/hourly-ipv4,ziyadnz|hourly,2026-08-17T18:48:05Z,2026-08-17T18:48:05Z,
147.185.133.57,ipv4,malicious-ip,medium,WHITE,ziyadnz/hourly-ipv4,ziyadnz|hourly,2026-08-17T18:48:05Z,2026-08-17T18:48:05Z,
147.185.133.58,ipv4,malicious-ip,medium,WHITE,ziyadnz/hourly-ipv4,ziyadnz|hourly,2026-08-17T18:48:05Z,2026-08-17T18:48:05Z,
147.185.133.60,ipv4,malicious-ip,medium,WHITE,ziyadnz/hourly-ipv4,ziyadnz|hourly,2026-08-17T18:48:05Z,2026-08-17T18:48:05Z,
147.185.133.61,ipv4,malicious-ip,medium,WHITE,ziyadnz/hourly-ipv4,ziyadnz|hourly,2026-08-17T18:48:05Z,2026-08-17T18:48:05Z,
147.185.133.62,ipv4,malicious-ip,medium,WHITE,ziyadnz/hourly-ipv4,ziyadnz|hourly,2026-08-17T18:48:05Z,2026-08-17T18:48:05Z,
147.185.133.63,ipv4,malicious-ip,medium,WHITE,ziyadnz/hourly-ipv4,ziyadnz|hourly,2026-08-17T18:48:05Z,2026-08-17T18:48:05Z,
147.185.133.65,ipv4,malicious-ip,medium,WHITE,ziyadnz/hourly-ipv4,ziyadnz|hourly,2026-08-17T18:48:05Z,2026-08-17T18:48:05Z,
147.185.133.67,ipv4,malicious-ip,medium,WHITE,ziyadnz/hourly-ipv4,ziyadnz|hourly,2026-08-17T18:48:05Z,2026-08-17T18:48:05Z,
147.185.133.68,ipv4,malicious-ip,medium,WHITE,ziyadnz/hourly-ipv4,ziyadnz|hourly,2026-08-17T18:48:05Z,2026-08-17T18:48:05Z,
147.185.133.69,ipv4,malicious-ip,medium,WHITE,ziyadnz/hourly-ipv4,ziyadnz|hourly,2026-08-17T18:48:05Z,2026-08-17T18:48:05Z,
147.185.133.7,ipv4,malicious-ip,medium,WHITE,ziyadnz/hourly-ipv4,ziyadnz|hourly,2026-08-17T18:48:05Z,2026-08-17T18:48:05Z,
147.185.133.70,ipv4,malicious-ip,medium,WHITE,ziyadnz/hourly-ipv4,ziyadnz|hourly,2026-08-17T18:48:05Z,2026-08-17T18:48:05Z,
147.185.133.71,ipv4,malicious-ip,medium,WHITE,ziyadnz/hourly-ipv4,ziyadnz|hourly,2026-08-17T18:48:05Z,2026-08-17T18:48:05Z,
147.185.133.72,ipv4,malicious-ip,medium,WHITE,ziyadnz/hourly-ipv4,ziyadnz|hourly,2026-08-17T18:48:05Z,2026-08-17T18:48:05Z,
147.185.133.73,ipv4,malicious-ip,medium,WHITE,ziyadnz/hourly-ipv4,ziyadnz|hourly,2026-08-17T18:48:05Z,2026-08-17T18:48:05Z,
147.185.133.74,ipv4,malicious-ip,medium,WHITE,ziyadnz/hourly-ipv4,ziyadnz|hourly,2026-08-17T18:48:05Z,2026-08-17T18:48:05Z,
147.185.133.75,ipv4,malicious-ip,medium,WHITE,ziyadnz/hourly-ipv4,ziyadnz|hourly,2026-08-17T18:48:05Z,2026-08-17T18:48:05Z,
147.185.133.76,ipv4,malicious-ip,medium,WHITE,ziyadnz/hourly-ipv4,ziyadnz|hourly,2026-08-17T18:48:05Z,2026-08-17T18:48:05Z,
147.185.133.77,ipv4,malicious-ip,medium,WHITE,ziyadnz/hourly-ipv4,ziyadnz|hourly,2026-08-17T18:48:05Z,2026-08-17T18:48:05Z,
147.185.133.8,ipv4,malicious-ip,medium,WHITE,ziyadnz/hourly-ipv4,ziyadnz|hourly,2026-08-17T18:48:05Z,2026-08-17T18:48:05Z,
147.185.133.80,ipv4,malicious-ip,medium,WHITE,ziyadnz/hourly-ipv4,ziyadnz|hourly,2026-08-17T18:48:05Z,2026-08-17T18:48:05Z,
147.185.133.81,ipv4,malicious-ip,medium,WHITE,ziyadnz/hourly-ipv4,ziyadnz|hourly,2026-08-17T18:48:05Z,2026-08-17T18:48:05Z,
147.185.133.82,ipv4,malicious-ip,medium,WHITE,ziyadnz/hourly-ipv4,ziyadnz|hourly,2026-08-17T18:48:05Z,2026-08-17T18:48:05Z,
147.185.133.83,ipv4,malicious-ip,medium,WHITE,ziyadnz/hourly-ipv4,ziyadnz|hourly,2026-08-17T18:48:05Z,2026-08-17T18:48:05Z,
147.185.133.84,ipv4,malicious-ip,medium,WHITE,ziyadnz/hourly-ipv4,ziyadnz|hourly,2026-08-17T18:48:05Z,2026-08-17T18:48:05Z,
147.185.133.85,ipv4,malicious-ip,medium,WHITE,ziyadnz/hourly-ipv4,ziyadnz|hourly,2026-08-17T18:48:05Z,2026-08-17T18:48:05Z,
147.185.133.87,ipv4,malicious-ip,medium,WHITE,ziyadnz/hourly-ipv4,ziyadnz|hourly,2026-08-17T18:48:05Z,2026-08-17T18:48:05Z,
147.185.133.88,ipv4,malicious-ip,medium,WHITE,ziyadnz/hourly-ipv4,ziyadnz|hourly,2026-08-17T18:48:05Z,2026-08-17T18:48:05Z,
147.185.133.9,ipv4,malicious-ip,medium,WHITE,ziyadnz/hourly-ipv4,ziyadnz|hourly,2026-08-17T18:48:05Z,2026-08-17T18:48:05Z,
147.185.133.90,ipv4,malicious-ip,medium,WHITE,ziyadnz/hourly-ipv4,ziyadnz|hourly,2026-08-17T18:48:05Z,2026-08-17T18:48:05Z,
147.185.133.91,ipv4,malicious-ip,medium,WHITE,ziyadnz/hourly-ipv4,ziyadnz|hourly,2026-08-17T18:48:05Z,2026-08-17T18:48:05Z,
147.185.133.92,ipv4,malicious-ip,medium,WHITE,ziyadnz/hourly-ipv4,ziyadnz|hourly,2026-08-17T18:48:05Z,2026-08-17T18:48:05Z,
147.185.133.93,ipv4,malicious-ip,medium,WHITE,ziyadnz/hourly-ipv4,ziyadnz|hourly,2026-08-17T18:48:05Z,2026-08-17T18:48:05Z,
147.185.133.94,ipv4,malicious-ip,medium,WHITE,ziyadnz/hourly-ipv4,ziyadnz|hourly,2026-08-17T18:48:05Z,2026-08-17T18:48:05Z,
147.185.133.95,ipv4,malicious-ip,medium,WHITE,ziyadnz/hourly-ipv4,ziyadnz|hourly,2026-08-17T18:48:05Z,2026-08-17T18:48:05Z,
147.185.133.96,ipv4,malicious-ip,medium,WHITE,ziyadnz/hourly-ipv4,ziyadnz|hourly,2026-08-17T18:48:05Z,2026-08-17T18:48:05Z,
147.185.133.97,ipv4,malicious-ip,medium,WHITE,ziyadnz/hourly-ipv4,ziyadnz|hourly,2026-08-17T18:48:05Z,2026-08-17T18:48:05Z,
147.185.133.98,ipv4,malicious-ip,medium,WHITE,ziyadnz/hourly-ipv4,ziyadnz|hourly,2026-08-17T18:48:05Z,2026-08-17T18:48:05Z,
147.185.133.99,ipv4,malicious-ip,medium,WHITE,ziyadnz/hourly-ipv4,ziyadnz|hourly,2026-08-17T18:48:05Z,2026-08-17T18:48:05Z,
147.185.238.49,ipv4,malicious-ip,medium,WHITE,ziyadnz/hourly-ipv4,ziyadnz|hourly,2026-08-17T18:48:05Z,2026-08-17T18:48:05Z,
147.189.138.33,ipv4,malicious-ip,medium,WHITE,ziyadnz/hourly-ipv4,ziyadnz|hourly,2026-08-17T18:48:05Z,2026-08-17T18:48:05Z,
147.189.161.184,ipv4,malicious-ip,medium,WHITE,ziyadnz/hourly-ipv4,ziyadnz|hourly,2026-08-17T18:48:05Z,2026-08-17T18:48:05Z,
147.189.168.238,ipv4,malicious-ip,medium,WHITE,ziyadnz/hourly-ipv4,ziyadnz|hourly,2026-08-17T18:48:05Z,2026-08-17T18:48:05Z,
147.189.169.181,ipv4,malicious-ip,medium,WHITE,ziyadnz/hourly-ipv4,ziyadnz|hourly,2026-08-17T18:48:05Z,2026-08-17T18:48:05Z,
147.203.255.20,ipv4,malicious-ip,medium,WHITE,ziyadnz/hourly-ipv4,ziyadnz|hourly,2026-08-17T18:48:05Z,2026-08-17T18:48:05Z,
147.219.57.6,ipv4,malicious-ip,medium,WHITE,ziyadnz/hourly-ipv4,ziyadnz|hourly,2026-08-17T18:48:05Z,2026-08-17T18:48:05Z,
147.224.159.29,ipv4,malicious-ip,medium,WHITE,ziyadnz/hourly-ipv4,ziyadnz|hourly,2026-08-17T18:48:05Z,2026-08-17T18:48:05Z,
147.229.147.19,ipv4,malicious-ip,medium,WHITE,ziyadnz/hourly-ipv4,ziyadnz|hourly,2026-08-17T18:48:05Z,2026-08-17T18:48:05Z,
147.235.219.245,ipv4,malicious-ip,medium,WHITE,ziyadnz/hourly-ipv4,ziyadnz|hourly,2026-08-17T18:48:05Z,2026-08-17T18:48:05Z,
147.236.180.201,ipv4,malicious-ip,medium,WHITE,ziyadnz/hourly-ipv4,ziyadnz|hourly,2026-08-17T18:48:05Z,2026-08-17T18:48:05Z,
147.253.135.122,ipv4,malicious-ip,medium,WHITE,ziyadnz/hourly-ipv4,ziyadnz|hourly,2026-08-17T18:48:05Z,2026-08-17T18:48:05Z,
147.28.157.75,ipv4,malicious-ip,medium,WHITE,ziyadnz/hourly-ipv4,ziyadnz|hourly,2026-08-17T18:48:05Z,2026-08-17T18:48:05Z,
147.45.112.144,ipv4,malicious-ip,medium,WHITE,ziyadnz/hourly-ipv4,ziyadnz|hourly,2026-08-17T18:48:05Z,2026-08-17T18:48:05Z,
147.45.125.234,ipv4,malicious-ip,medium,WHITE,ziyadnz/hourly-ipv4,ziyadnz|hourly,2026-08-17T18:48:05Z,2026-08-17T18:48:05Z,
147.45.139.75,ipv4,malicious-ip,medium,WHITE,ziyadnz/hourly-ipv4,ziyadnz|hourly,2026-08-17T18:48:05Z,2026-08-17T18:48:05Z,
147.45.178.61,ipv4,malicious-ip,medium,WHITE,ziyadnz/hourly-ipv4,ziyadnz|hourly,2026-08-17T18:48:05Z,2026-08-17T18:48:05Z,
147.45.183.198,ipv4,malicious-ip,medium,WHITE,ziyadnz/hourly-ipv4,ziyadnz|hourly,2026-08-17T18:48:05Z,2026-08-17T18:48:05Z,
147.45.197.92,ipv4,malicious-ip,medium,WHITE,ziyadnz/hourly-ipv4,ziyadnz|hourly,2026-08-17T18:48:05Z,2026-08-17T18:48:05Z,
147.45.199.16,ipv4,malicious-ip,medium,WHITE,ziyadnz/hourly-ipv4,ziyadnz|hourly,2026-08-17T18:48:05Z,2026-08-17T18:48:05Z,
147.45.199.38,ipv4,malicious-ip,medium,WHITE,ziyadnz/hourly-ipv4,ziyadnz|hourly,2026-08-17T18:48:05Z,2026-08-17T18:48:05Z,
147.45.199.80,ipv4,malicious-ip,medium,WHITE,ziyadnz/hourly-ipv4,ziyadnz|hourly,2026-08-17T18:48:05Z,2026-08-17T18:48:05Z,
147.45.211.106,ipv4,malicious-ip,medium,WHITE,ziyadnz/hourly-ipv4,ziyadnz|hourly,2026-08-17T18:48:05Z,2026-08-17T18:48:05Z,
147.45.218.66,ipv4,malicious-ip,medium,WHITE,ziyadnz/hourly-ipv4,ziyadnz|hourly,2026-08-17T18:48:05Z,2026-08-17T18:48:05Z,
147.45.221.214,ipv4,malicious-ip,medium,WHITE,ziyadnz/hourly-ipv4,ziyadnz|hourly,2026-08-17T18:48:05Z,2026-08-17T18:48:05Z,
147.45.237.23,ipv4,malicious-ip,medium,WHITE,ziyadnz/hourly-ipv4,ziyadnz|hourly,2026-08-17T18:48:05Z,2026-08-17T18:48:05Z,
147.45.240.74,ipv4,malicious-ip,medium,WHITE,ziyadnz/hourly-ipv4,ziyadnz|hourly,2026-08-17T18:48:05Z,2026-08-17T18:48:05Z,
147.45.42.200,ipv4,malicious-ip,medium,WHITE,ziyadnz/hourly-ipv4,ziyadnz|hourly,2026-08-17T18:48:05Z,2026-08-17T18:48:05Z,
147.45.43.136,ipv4,malicious-ip,medium,WHITE,ziyadnz/hourly-ipv4,ziyadnz|hourly,2026-08-17T18:48:05Z,2026-08-17T18:48:05Z,
147.45.44.2,ipv4,malicious-ip,medium,WHITE,ziyadnz/hourly-ipv4,ziyadnz|hourly,2026-08-17T18:48:05Z,2026-08-17T18:48:05Z,
147.45.44.25,ipv4,malicious-ip,medium,WHITE,ziyadnz/hourly-ipv4,ziyadnz|hourly,2026-08-17T18:48:05Z,2026-08-17T18:48:05Z,
147.45.44.41,ipv4,malicious-ip,medium,WHITE,ziyadnz/hourly-ipv4,ziyadnz|hourly,2026-08-17T18:48:05Z,2026-08-17T18:48:05Z,
147.45.44.83,ipv4,malicious-ip,medium,WHITE,ziyadnz/hourly-ipv4,ziyadnz|hourly,2026-08-17T18:48:05Z,2026-08-17T18:48:05Z,
147.45.45.168,ipv4,malicious-ip,medium,WHITE,ziyadnz/hourly-ipv4,ziyadnz|hourly,2026-08-17T18:48:05Z,2026-08-17T18:48:05Z,
147.45.45.177,ipv4,malicious-ip,medium,WHITE,ziyadnz/hourly-ipv4,ziyadnz|hourly,2026-08-17T18:48:05Z,2026-08-17T18:48:05Z,
147.45.47.153,ipv4,malicious-ip,medium,WHITE,ziyadnz/hourly-ipv4,ziyadnz|hourly,2026-08-17T18:48:05Z,2026-08-17T18:48:05Z,
147.45.47.185,ipv4,malicious-ip,medium,WHITE,ziyadnz/hourly-ipv4,ziyadnz|hourly,2026-08-17T18:48:05Z,2026-08-17T18:48:05Z,
147.45.47.83,ipv4,malicious-ip,medium,WHITE,ziyadnz/hourly-ipv4,ziyadnz|hourly,2026-08-17T18:48:05Z,2026-08-17T18:48:05Z,
147.45.48.17,ipv4,malicious-ip,medium,WHITE,ziyadnz/hourly-ipv4,ziyadnz|hourly,2026-08-17T18:48:05Z,2026-08-17T18:48:05Z,
147.45.49.4,ipv4,malicious-ip,medium,WHITE,ziyadnz/hourly-ipv4,ziyadnz|hourly,2026-08-17T18:48:05Z,2026-08-17T18:48:05Z,
147.45.50.108,ipv4,malicious-ip,medium,WHITE,ziyadnz/hourly-ipv4,ziyadnz|hourly,2026-08-17T18:48:05Z,2026-08-17T18:48:05Z,
147.45.50.147,ipv4,malicious-ip,medium,WHITE,ziyadnz/hourly-ipv4,ziyadnz|hourly,2026-08-17T18:48:05Z,2026-08-17T18:48:05Z,
147.45.50.166,ipv4,malicious-ip,medium,WHITE,ziyadnz/hourly-ipv4,ziyadnz|hourly,2026-08-17T18:48:05Z,2026-08-17T18:48:05Z,
147.45.50.171,ipv4,malicious-ip,medium,WHITE,ziyadnz/hourly-ipv4,ziyadnz|hourly,2026-08-17T18:48:05Z,2026-08-17T18:48:05Z,
147.45.50.33,ipv4,malicious-ip,medium,WHITE,ziyadnz/hourly-ipv4,ziyadnz|hourly,2026-08-17T18:48:05Z,2026-08-17T18:48:05Z,
147.45.50.81,ipv4,malicious-ip,medium,WHITE,ziyadnz/hourly-ipv4,ziyadnz|hourly,2026-08-17T18:48:05Z,2026-08-17T18:48:05Z,
147.45.51.19,ipv4,malicious-ip,medium,WHITE,ziyadnz/hourly-ipv4,ziyadnz|hourly,2026-08-17T18:48:05Z,2026-08-17T18:48:05Z,
147.45.60.142,ipv4,malicious-ip,medium,WHITE,ziyadnz/hourly-ipv4,ziyadnz|hourly,2026-08-17T18:48:05Z,2026-08-17T18:48:05Z,
147.45.60.241,ipv4,malicious-ip,medium,WHITE,ziyadnz/hourly-ipv4,ziyadnz|hourly,2026-08-17T18:48:05Z,2026-08-17T18:48:05Z,
147.45.78.102,ipv4,malicious-ip,medium,WHITE,ziyadnz/hourly-ipv4,ziyadnz|hourly,2026-08-17T18:48:05Z,2026-08-17T18:48:05Z,
147.45.78.155,ipv4,malicious-ip,medium,WHITE,ziyadnz/hourly-ipv4,ziyadnz|hourly,2026-08-17T18:48:05Z,2026-08-17T18:48:05Z,
147.45.79.104,ipv4,malicious-ip,medium,WHITE,ziyadnz/hourly-ipv4,ziyadnz|hourly,2026-08-17T18:48:05Z,2026-08-17T18:48:05Z,
147.50.103.212,ipv4,malicious-ip,medium,WHITE,ziyadnz/hourly-ipv4,ziyadnz|hourly,2026-08-17T18:48:05Z,2026-08-17T18:48:05Z,
147.50.229.12,ipv4,malicious-ip,medium,WHITE,ziyadnz/hourly-ipv4,ziyadnz|hourly,2026-08-17T18:48:05Z,2026-08-17T18:48:05Z,
147.50.231.135,ipv4,malicious-ip,medium,WHITE,ziyadnz/hourly-ipv4,ziyadnz|hourly,2026-08-17T18:48:05Z,2026-08-17T18:48:05Z,
147.50.253.100,ipv4,malicious-ip,medium,WHITE,ziyadnz/hourly-ipv4,ziyadnz|hourly,2026-08-17T18:48:05Z,2026-08-17T18:48:05Z,
147.50.253.101,ipv4,malicious-ip,medium,WHITE,ziyadnz/hourly-ipv4,ziyadnz|hourly,2026-08-17T18:48:05Z,2026-08-17T18:48:05Z,
147.50.253.102,ipv4,malicious-ip,medium,WHITE,ziyadnz/hourly-ipv4,ziyadnz|hourly,2026-08-17T18:48:05Z,2026-08-17T18:48:05Z,
147.50.253.103,ipv4,malicious-ip,medium,WHITE,ziyadnz/hourly-ipv4,ziyadnz|hourly,2026-08-17T18:48:05Z,2026-08-17T18:48:05Z,
147.50.253.104,ipv4,malicious-ip,medium,WHITE,ziyadnz/hourly-ipv4,ziyadnz|hourly,2026-08-17T18:48:05Z,2026-08-17T18:48:05Z,
147.50.253.105,ipv4,malicious-ip,medium,WHITE,ziyadnz/hourly-ipv4,ziyadnz|hourly,2026-08-17T18:48:05Z,2026-08-17T18:48:05Z,
147.50.253.106,ipv4,malicious-ip,medium,WHITE,ziyadnz/hourly-ipv4,ziyadnz|hourly,2026-08-17T18:48:05Z,2026-08-17T18:48:05Z,
147.50.253.107,ipv4,malicious-ip,medium,WHITE,ziyadnz/hourly-ipv4,ziyadnz|hourly,2026-08-17T18:48:05Z,2026-08-17T18:48:05Z,
147.50.253.108,ipv4,malicious-ip,medium,WHITE,ziyadnz/hourly-ipv4,ziyadnz|hourly,2026-08-17T18:48:05Z,2026-08-17T18:48:05Z,
147.50.253.109,ipv4,malicious-ip,medium,WHITE,ziyadnz/hourly-ipv4,ziyadnz|hourly,2026-08-17T18:48:05Z,2026-08-17T18:48:05Z,
147.50.253.11,ipv4,malicious-ip,medium,WHITE,ziyadnz/hourly-ipv4,ziyadnz|hourly,2026-08-17T18:48:05Z,2026-08-17T18:48:05Z,
147.50.253.110,ipv4,malicious-ip,medium,WHITE,ziyadnz/hourly-ipv4,ziyadnz|hourly,2026-08-17T18:48:05Z,2026-08-17T18:48:05Z,
147.50.253.111,ipv4,malicious-ip,medium,WHITE,ziyadnz/hourly-ipv4,ziyadnz|hourly,2026-08-17T18:48:05Z,2026-08-17T18:48:05Z,
147.50.253.112,ipv4,malicious-ip,medium,WHITE,ziyadnz/hourly-ipv4,ziyadnz|hourly,2026-08-17T18:48:05Z,2026-08-17T18:48:05Z,
147.50.253.113,ipv4,malicious-ip,medium,WHITE,ziyadnz/hourly-ipv4,ziyadnz|hourly,2026-08-17T18:48:05Z,2026-08-17T18:48:05Z,
147.50.253.114,ipv4,malicious-ip,medium,WHITE,ziyadnz/hourly-ipv4,ziyadnz|hourly,2026-08-17T18:48:05Z,2026-08-17T18:48:05Z,
147.50.253.115,ipv4,malicious-ip,medium,WHITE,ziyadnz/hourly-ipv4,ziyadnz|hourly,2026-08-17T18:48:05Z,2026-08-17T18:48:05Z,
147.50.253.116,ipv4,malicious-ip,medium,WHITE,ziyadnz/hourly-ipv4,ziyadnz|hourly,2026-08-17T18:48:05Z,2026-08-17T18:48:05Z,
147.50.253.117,ipv4,malicious-ip,medium,WHITE,ziyadnz/hourly-ipv4,ziyadnz|hourly,2026-08-17T18:48:05Z,2026-08-17T18:48:05Z,
147.50.253.119,ipv4,malicious-ip,medium,WHITE,ziyadnz/hourly-ipv4,ziyadnz|hourly,2026-08-17T18:48:05Z,2026-08-17T18:48:05Z,
147.50.253.163,ipv4,malicious-ip,medium,WHITE,ziyadnz/hourly-ipv4,ziyadnz|hourly,2026-08-17T18:48:05Z,2026-08-17T18:48:05Z,
147.50.253.167,ipv4,malicious-ip,medium,WHITE,ziyadnz/hourly-ipv4,ziyadnz|hourly,2026-08-17T18:48:05Z,2026-08-17T18:48:05Z,
147.50.253.18,ipv4,malicious-ip,medium,WHITE,ziyadnz/hourly-ipv4,ziyadnz|hourly,2026-08-17T18:48:05Z,2026-08-17T18:48:05Z,
147.50.253.2,ipv4,malicious-ip,medium,WHITE,ziyadnz/hourly-ipv4,ziyadnz|hourly,2026-08-17T18:48:05Z,2026-08-17T18:48:05Z,
147.50.253.218,ipv4,malicious-ip,medium,WHITE,ziyadnz/hourly-ipv4,ziyadnz|hourly,2026-08-17T18:48:05Z,2026-08-17T18:48:05Z,
147.50.253.219,ipv4,malicious-ip,medium,WHITE,ziyadnz/hourly-ipv4,ziyadnz|hourly,2026-08-17T18:48:05Z,2026-08-17T18:48:05Z,
147.50.253.220,ipv4,malicious-ip,medium,WHITE,ziyadnz/hourly-ipv4,ziyadnz|hourly,2026-08-17T18:48:05Z,2026-08-17T18:48:05Z,
147.50.253.222,ipv4,malicious-ip,medium,WHITE,ziyadnz/hourly-ipv4,ziyadnz|hourly,2026-08-17T18:48:05Z,2026-08-17T18:48:05Z,
147.50.253.225,ipv4,malicious-ip,medium,WHITE,ziyadnz/hourly-ipv4,ziyadnz|hourly,2026-08-17T18:48:05Z,2026-08-17T18:48:05Z,
147.50.253.228,ipv4,malicious-ip,medium,WHITE,ziyadnz/hourly-ipv4,ziyadnz|hourly,2026-08-17T18:48:05Z,2026-08-17T18:48:05Z,
147.50.253.23,ipv4,malicious-ip,medium,WHITE,ziyadnz/hourly-ipv4,ziyadnz|hourly,2026-08-17T18:48:05Z,2026-08-17T18:48:05Z,
147.50.253.231,ipv4,malicious-ip,medium,WHITE,ziyadnz/hourly-ipv4,ziyadnz|hourly,2026-08-17T18:48:05Z,2026-08-17T18:48:05Z,
147.50.253.4,ipv4,malicious-ip,medium,WHITE,ziyadnz/hourly-ipv4,ziyadnz|hourly,2026-08-17T18:48:05Z,2026-08-17T18:48:05Z,
147.50.253.5,ipv4,malicious-ip,medium,WHITE,ziyadnz/hourly-ipv4,ziyadnz|hourly,2026-08-17T18:48:05Z,2026-08-17T18:48:05Z,
147.50.253.7,ipv4,malicious-ip,medium,WHITE,ziyadnz/hourly-ipv4,ziyadnz|hourly,2026-08-17T18:48:05Z,2026-08-17T18:48:05Z,
147.50.253.99,ipv4,malicious-ip,medium,WHITE,ziyadnz/hourly-ipv4,ziyadnz|hourly,2026-08-17T18:48:05Z,2026-08-17T18:48:05Z,
147.78.103.177,ipv4,malicious-ip,medium,WHITE,ziyadnz/hourly-ipv4,ziyadnz|hourly,2026-08-17T18:48:05Z,2026-08-17T18:48:05Z,
147.78.103.197,ipv4,malicious-ip,medium,WHITE,ziyadnz/hourly-ipv4,ziyadnz|hourly,2026-08-17T18:48:05Z,2026-08-17T18:48:05Z,
147.78.103.94,ipv4,malicious-ip,medium,WHITE,ziyadnz/hourly-ipv4,ziyadnz|hourly,2026-08-17T18:48:05Z,2026-08-17T18:48:05Z,
147.78.149.201,ipv4,malicious-ip,medium,WHITE,ziyadnz/hourly-ipv4,ziyadnz|hourly,2026-08-17T18:48:05Z,2026-08-17T18:48:05Z,
147.78.181.105,ipv4,malicious-ip,medium,WHITE,ziyadnz/hourly-ipv4,ziyadnz|hourly,2026-08-17T18:48:05Z,2026-08-17T18:48:05Z,
147.78.241.139,ipv4,malicious-ip,medium,WHITE,ziyadnz/hourly-ipv4,ziyadnz|hourly,2026-08-17T18:48:05Z,2026-08-17T18:48:05Z,
147.78.246.177,ipv4,malicious-ip,medium,WHITE,ziyadnz/hourly-ipv4,ziyadnz|hourly,2026-08-17T18:48:05Z,2026-08-17T18:48:05Z,
147.78.47.219,ipv4,malicious-ip,medium,WHITE,ziyadnz/hourly-ipv4,ziyadnz|hourly,2026-08-17T18:48:05Z,2026-08-17T18:48:05Z,
147.78.47.224,ipv4,malicious-ip,medium,WHITE,ziyadnz/hourly-ipv4,ziyadnz|hourly,2026-08-17T18:48:05Z,2026-08-17T18:48:05Z,
147.78.47.231,ipv4,malicious-ip,medium,WHITE,ziyadnz/hourly-ipv4,ziyadnz|hourly,2026-08-17T18:48:05Z,2026-08-17T18:48:05Z,
147.78.47.235,ipv4,malicious-ip,medium,WHITE,ziyadnz/hourly-ipv4,ziyadnz|hourly,2026-08-17T18:48:05Z,2026-08-17T18:48:05Z,
147.78.47.241,ipv4,malicious-ip,medium,WHITE,ziyadnz/hourly-ipv4,ziyadnz|hourly,2026-08-17T18:48:05Z,2026-08-17T18:48:05Z,
147.78.66.240,ipv4,malicious-ip,medium,WHITE,ziyadnz/hourly-ipv4,ziyadnz|hourly,2026-08-17T18:48:05Z,2026-08-17T18:48:05Z,
147.90.209.0,ipv4,malicious-ip,medium,WHITE,ziyadnz/hourly-ipv4,ziyadnz|hourly,2026-08-17T18:48:05Z,2026-08-17T18:48:05Z,
147.90.209.141,ipv4,malicious-ip,medium,WHITE,ziyadnz/hourly-ipv4,ziyadnz|hourly,2026-08-17T18:48:05Z,2026-08-17T18:48:05Z,
147.90.209.179,ipv4,malicious-ip,medium,WHITE,ziyadnz/hourly-ipv4,ziyadnz|hourly,2026-08-17T18:48:05Z,2026-08-17T18:48:05Z,
147.90.209.187,ipv4,malicious-ip,medium,WHITE,ziyadnz/hourly-ipv4,ziyadnz|hourly,2026-08-17T18:48:05Z,2026-08-17T18:48:05Z,
147.90.209.211,ipv4,malicious-ip,medium,WHITE,ziyadnz/hourly-ipv4,ziyadnz|hourly,2026-08-17T18:48:05Z,2026-08-17T18:48:05Z,
147.90.209.226,ipv4,malicious-ip,medium,WHITE,ziyadnz/hourly-ipv4,ziyadnz|hourly,2026-08-17T18:48:05Z,2026-08-17T18:48:05Z,
147.90.209.28,ipv4,malicious-ip,medium,WHITE,ziyadnz/hourly-ipv4,ziyadnz|hourly,2026-08-17T18:48:05Z,2026-08-17T18:48:05Z,
147.90.209.29,ipv4,malicious-ip,medium,WHITE,ziyadnz/hourly-ipv4,ziyadnz|hourly,2026-08-17T18:48:05Z,2026-08-17T18:48:05Z,
147.90.209.44,ipv4,malicious-ip,medium,WHITE,ziyadnz/hourly-ipv4,ziyadnz|hourly,2026-08-17T18:48:05Z,2026-08-17T18:48:05Z,
147.90.209.6,ipv4,malicious-ip,medium,WHITE,ziyadnz/hourly-ipv4,ziyadnz|hourly,2026-08-17T18:48:05Z,2026-08-17T18:48:05Z,
147.90.209.84,ipv4,malicious-ip,medium,WHITE,ziyadnz/hourly-ipv4,ziyadnz|hourly,2026-08-17T18:48:05Z,2026-08-17T18:48:05Z,
147.90.227.202,ipv4,malicious-ip,medium,WHITE,ziyadnz/hourly-ipv4,ziyadnz|hourly,2026-08-17T18:48:05Z,2026-08-17T18:48:05Z,
147.90.227.68,ipv4,malicious-ip,medium,WHITE,ziyadnz/hourly-ipv4,ziyadnz|hourly,2026-08-17T18:48:05Z,2026-08-17T18:48:05Z,
147.90.234.115,ipv4,malicious-ip,medium,WHITE,ziyadnz/hourly-ipv4,ziyadnz|hourly,2026-08-17T18:48:05Z,2026-08-17T18:48:05Z,
147.90.234.116,ipv4,malicious-ip,medium,WHITE,ziyadnz/hourly-ipv4,ziyadnz|hourly,2026-08-17T18:48:05Z,2026-08-17T18:48:05Z,
147.90.234.117,ipv4,malicious-ip,medium,WHITE,ziyadnz/hourly-ipv4,ziyadnz|hourly,2026-08-17T18:48:05Z,2026-08-17T18:48:05Z,
147.90.234.118,ipv4,malicious-ip,medium,WHITE,ziyadnz/hourly-ipv4,ziyadnz|hourly,2026-08-17T18:48:05Z,2026-08-17T18:48:05Z,
147.90.234.159,ipv4,malicious-ip,medium,WHITE,ziyadnz/hourly-ipv4,ziyadnz|hourly,2026-08-17T18:48:05Z,2026-08-17T18:48:05Z,
147.90.234.167,ipv4,malicious-ip,medium,WHITE,ziyadnz/hourly-ipv4,ziyadnz|hourly,2026-08-17T18:48:05Z,2026-08-17T18:48:05Z,
147.90.234.213,ipv4,malicious-ip,medium,WHITE,ziyadnz/hourly-ipv4,ziyadnz|hourly,2026-08-17T18:48:05Z,2026-08-17T18:48:05Z,
147.90.234.214,ipv4,malicious-ip,medium,WHITE,ziyadnz/hourly-ipv4,ziyadnz|hourly,2026-08-17T18:48:05Z,2026-08-17T18:48:05Z,
147.90.234.223,ipv4,malicious-ip,medium,WHITE,ziyadnz/hourly-ipv4,ziyadnz|hourly,2026-08-17T18:48:05Z,2026-08-17T18:48:05Z,
147.90.234.30,ipv4,malicious-ip,medium,WHITE,ziyadnz/hourly-ipv4,ziyadnz|hourly,2026-08-17T18:48:05Z,2026-08-17T18:48:05Z,
147.90.234.34,ipv4,malicious-ip,medium,WHITE,ziyadnz/hourly-ipv4,ziyadnz|hourly,2026-08-17T18:48:05Z,2026-08-17T18:48:05Z,
147.90.234.63,ipv4,malicious-ip,medium,WHITE,ziyadnz/hourly-ipv4,ziyadnz|hourly,2026-08-17T18:48:05Z,2026-08-17T18:48:05Z,
147.90.234.88,ipv4,malicious-ip,medium,WHITE,ziyadnz/hourly-ipv4,ziyadnz|hourly,2026-08-17T18:48:05Z,2026-08-17T18:48:05Z,
147.90.235.15,ipv4,malicious-ip,medium,WHITE,ziyadnz/hourly-ipv4,ziyadnz|hourly,2026-08-17T18:48:05Z,2026-08-17T18:48:05Z,
147.90.235.16,ipv4,malicious-ip,medium,WHITE,ziyadnz/hourly-ipv4,ziyadnz|hourly,2026-08-17T18:48:05Z,2026-08-17T18:48:05Z,
147.90.235.17,ipv4,malicious-ip,medium,WHITE,ziyadnz/hourly-ipv4,ziyadnz|hourly,2026-08-17T18:48:05Z,2026-08-17T18:48:05Z,
147.90.235.20,ipv4,malicious-ip,medium,WHITE,ziyadnz/hourly-ipv4,ziyadnz|hourly,2026-08-17T18:48:05Z,2026-08-17T18:48:05Z,
147.90.235.21,ipv4,malicious-ip,medium,WHITE,ziyadnz/hourly-ipv4,ziyadnz|hourly,2026-08-17T18:48:05Z,2026-08-17T18:48:05Z,
147.90.235.22,ipv4,malicious-ip,medium,WHITE,ziyadnz/hourly-ipv4,ziyadnz|hourly,2026-08-17T18:48:05Z,2026-08-17T18:48:05Z,
147.90.235.226,ipv4,malicious-ip,medium,WHITE,ziyadnz/hourly-ipv4,ziyadnz|hourly,2026-08-17T18:48:05Z,2026-08-17T18:48:05Z,
147.90.235.227,ipv4,malicious-ip,medium,WHITE,ziyadnz/hourly-ipv4,ziyadnz|hourly,2026-08-17T18:48:05Z,2026-08-17T18:48:05Z,
147.90.235.228,ipv4,malicious-ip,medium,WHITE,ziyadnz/hourly-ipv4,ziyadnz|hourly,2026-08-17T18:48:05Z,2026-08-17T18:48:05Z,
147.90.235.249,ipv4,malicious-ip,medium,WHITE,ziyadnz/hourly-ipv4,ziyadnz|hourly,2026-08-17T18:48:05Z,2026-08-17T18:48:05Z,
147.90.235.40,ipv4,malicious-ip,medium,WHITE,ziyadnz/hourly-ipv4,ziyadnz|hourly,2026-08-17T18:48:05Z,2026-08-17T18:48:05Z,
147.93.130.217,ipv4,malicious-ip,medium,WHITE,ziyadnz/hourly-ipv4,ziyadnz|hourly,2026-08-17T18:48:05Z,2026-08-17T18:48:05Z,
147.93.146.171,ipv4,malicious-ip,medium,WHITE,ziyadnz/hourly-ipv4,ziyadnz|hourly,2026-08-17T18:48:05Z,2026-08-17T18:48:05Z,
147.93.155.118,ipv4,malicious-ip,medium,WHITE,ziyadnz/hourly-ipv4,ziyadnz|hourly,2026-08-17T18:48:05Z,2026-08-17T18:48:05Z,
147.93.169.100,ipv4,malicious-ip,medium,WHITE,ziyadnz/hourly-ipv4,ziyadnz|hourly,2026-08-17T18:48:05Z,2026-08-17T18:48:05Z,
147.93.179.211,ipv4,malicious-ip,medium,WHITE,ziyadnz/hourly-ipv4,ziyadnz|hourly,2026-08-17T18:48:05Z,2026-08-17T18:48:05Z,
147.93.179.237,ipv4,malicious-ip,medium,WHITE,ziyadnz/hourly-ipv4,ziyadnz|hourly,2026-08-17T18:48:05Z,2026-08-17T18:48:05Z,
147.93.183.252,ipv4,malicious-ip,medium,WHITE,ziyadnz/hourly-ipv4,ziyadnz|hourly,2026-08-17T18:48:05Z,2026-08-17T18:48:05Z,
147.93.184.231,ipv4,malicious-ip,medium,WHITE,ziyadnz/hourly-ipv4,ziyadnz|hourly,2026-08-17T18:48:05Z,2026-08-17T18:48:05Z,
147.93.30.90,ipv4,malicious-ip,medium,WHITE,ziyadnz/hourly-ipv4,ziyadnz|hourly,2026-08-17T18:48:05Z,2026-08-17T18:48:05Z,
148.0.97.211,ipv4,malicious-ip,medium,WHITE,ziyadnz/hourly-ipv4,ziyadnz|hourly,2026-08-17T18:48:05Z,2026-08-17T18:48:05Z,
148.101.130.248,ipv4,malicious-ip,medium,WHITE,ziyadnz/hourly-ipv4,ziyadnz|hourly,2026-08-17T18:48:05Z,2026-08-17T18:48:05Z,
148.101.201.19,ipv4,malicious-ip,medium,WHITE,ziyadnz/hourly-ipv4,ziyadnz|hourly,2026-08-17T18:48:05Z,2026-08-17T18:48:05Z,
148.101.5.120,ipv4,malicious-ip,medium,WHITE,ziyadnz/hourly-ipv4,ziyadnz|hourly,2026-08-17T18:48:05Z,2026-08-17T18:48:05Z,
148.101.6.41,ipv4,malicious-ip,medium,WHITE,ziyadnz/hourly-ipv4,ziyadnz|hourly,2026-08-17T18:48:05Z,2026-08-17T18:48:05Z,
148.102.19.213,ipv4,malicious-ip,medium,WHITE,ziyadnz/hourly-ipv4,ziyadnz|hourly,2026-08-17T18:48:05Z,2026-08-17T18:48:05Z,
148.103.9.128,ipv4,malicious-ip,medium,WHITE,ziyadnz/hourly-ipv4,ziyadnz|hourly,2026-08-17T18:48:05Z,2026-08-17T18:48:05Z,
148.113.128.0,ipv4,malicious-ip,medium,WHITE,ziyadnz/hourly-ipv4,ziyadnz|hourly,2026-08-17T18:48:05Z,2026-08-17T18:48:05Z,
148.113.128.10,ipv4,malicious-ip,medium,WHITE,ziyadnz/hourly-ipv4,ziyadnz|hourly,2026-08-17T18:48:05Z,2026-08-17T18:48:05Z,
148.113.128.117,ipv4,malicious-ip,medium,WHITE,ziyadnz/hourly-ipv4,ziyadnz|hourly,2026-08-17T18:48:05Z,2026-08-17T18:48:05Z,
148.113.128.12,ipv4,malicious-ip,medium,WHITE,ziyadnz/hourly-ipv4,ziyadnz|hourly,2026-08-17T18:48:05Z,2026-08-17T18:48:05Z,
148.113.128.124,ipv4,malicious-ip,medium,WHITE,ziyadnz/hourly-ipv4,ziyadnz|hourly,2026-08-17T18:48:05Z,2026-08-17T18:48:05Z,
148.113.128.125,ipv4,malicious-ip,medium,WHITE,ziyadnz/hourly-ipv4,ziyadnz|hourly,2026-08-17T18:48:05Z,2026-08-17T18:48:05Z,
148.113.128.14,ipv4,malicious-ip,medium,WHITE,ziyadnz/hourly-ipv4,ziyadnz|hourly,2026-08-17T18:48:05Z,2026-08-17T18:48:05Z,
148.113.128.140,ipv4,malicious-ip,medium,WHITE,ziyadnz/hourly-ipv4,ziyadnz|hourly,2026-08-17T18:48:05Z,2026-08-17T18:48:05Z,
148.113.128.148,ipv4,malicious-ip,medium,WHITE,ziyadnz/hourly-ipv4,ziyadnz|hourly,2026-08-17T18:48:05Z,2026-08-17T18:48:05Z,
148.113.128.153,ipv4,malicious-ip,medium,WHITE,ziyadnz/hourly-ipv4,ziyadnz|hourly,2026-08-17T18:48:05Z,2026-08-17T18:48:05Z,
148.113.128.158,ipv4,malicious-ip,medium,WHITE,ziyadnz/hourly-ipv4,ziyadnz|hourly,2026-08-17T18:48:05Z,2026-08-17T18:48:05Z,
148.113.128.164,ipv4,malicious-ip,medium,WHITE,ziyadnz/hourly-ipv4,ziyadnz|hourly,2026-08-17T18:48:05Z,2026-08-17T18:48:05Z,
148.113.128.166,ipv4,malicious-ip,medium,WHITE,ziyadnz/hourly-ipv4,ziyadnz|hourly,2026-08-17T18:48:05Z,2026-08-17T18:48:05Z,
148.113.128.169,ipv4,malicious-ip,medium,WHITE,ziyadnz/hourly-ipv4,ziyadnz|hourly,2026-08-17T18:48:05Z,2026-08-17T18:48:05Z,
148.113.128.17,ipv4,malicious-ip,medium,WHITE,ziyadnz/hourly-ipv4,ziyadnz|hourly,2026-08-17T18:48:05Z,2026-08-17T18:48:05Z,
148.113.128.170,ipv4,malicious-ip,medium,WHITE,ziyadnz/hourly-ipv4,ziyadnz|hourly,2026-08-17T18:48:05Z,2026-08-17T18:48:05Z,
148.113.128.171,ipv4,malicious-ip,medium,WHITE,ziyadnz/hourly-ipv4,ziyadnz|hourly,2026-08-17T18:48:05Z,2026-08-17T18:48:05Z,
148.113.128.174,ipv4,malicious-ip,medium,WHITE,ziyadnz/hourly-ipv4,ziyadnz|hourly,2026-08-17T18:48:05Z,2026-08-17T18:48:05Z,
148.113.128.175,ipv4,malicious-ip,medium,WHITE,ziyadnz/hourly-ipv4,ziyadnz|hourly,2026-08-17T18:48:05Z,2026-08-17T18:48:05Z,
148.113.128.177,ipv4,malicious-ip,medium,WHITE,ziyadnz/hourly-ipv4,ziyadnz|hourly,2026-08-17T18:48:05Z,2026-08-17T18:48:05Z,
148.113.128.182,ipv4,malicious-ip,medium,WHITE,ziyadnz/hourly-ipv4,ziyadnz|hourly,2026-08-17T18:48:05Z,2026-08-17T18:48:05Z,
148.113.128.189,ipv4,malicious-ip,medium,WHITE,ziyadnz/hourly-ipv4,ziyadnz|hourly,2026-08-17T18:48:05Z,2026-08-17T18:48:05Z,
148.113.128.194,ipv4,malicious-ip,medium,WHITE,ziyadnz/hourly-ipv4,ziyadnz|hourly,2026-08-17T18:48:05Z,2026-08-17T18:48:05Z,
148.113.128.198,ipv4,malicious-ip,medium,WHITE,ziyadnz/hourly-ipv4,ziyadnz|hourly,2026-08-17T18:48:05Z,2026-08-17T18:48:05Z,
148.113.128.2,ipv4,malicious-ip,medium,WHITE,ziyadnz/hourly-ipv4,ziyadnz|hourly,2026-08-17T18:48:05Z,2026-08-17T18:48:05Z,
148.113.128.208,ipv4,malicious-ip,medium,WHITE,ziyadnz/hourly-ipv4,ziyadnz|hourly,2026-08-17T18:48:05Z,2026-08-17T18:48:05Z,
148.113.128.220,ipv4,malicious-ip,medium,WHITE,ziyadnz/hourly-ipv4,ziyadnz|hourly,2026-08-17T18:48:05Z,2026-08-17T18:48:05Z,
148.113.128.226,ipv4,malicious-ip,medium,WHITE,ziyadnz/hourly-ipv4,ziyadnz|hourly,2026-08-17T18:48:05Z,2026-08-17T18:48:05Z,
148.113.128.228,ipv4,malicious-ip,medium,WHITE,ziyadnz/hourly-ipv4,ziyadnz|hourly,2026-08-17T18:48:05Z,2026-08-17T18:48:05Z,
148.113.128.232,ipv4,malicious-ip,medium,WHITE,ziyadnz/hourly-ipv4,ziyadnz|hourly,2026-08-17T18:48:05Z,2026-08-17T18:48:05Z,
148.113.128.24,ipv4,malicious-ip,medium,WHITE,ziyadnz/hourly-ipv4,ziyadnz|hourly,2026-08-17T18:48:05Z,2026-08-17T18:48:05Z,
148.113.128.243,ipv4,malicious-ip,medium,WHITE,ziyadnz/hourly-ipv4,ziyadnz|hourly,2026-08-17T18:48:05Z,2026-08-17T18:48:05Z,
148.113.128.248,ipv4,malicious-ip,medium,WHITE,ziyadnz/hourly-ipv4,ziyadnz|hourly,2026-08-17T18:48:05Z,2026-08-17T18:48:05Z,
148.113.128.249,ipv4,malicious-ip,medium,WHITE,ziyadnz/hourly-ipv4,ziyadnz|hourly,2026-08-17T18:48:05Z,2026-08-17T18:48:05Z,
148.113.128.250,ipv4,malicious-ip,medium,WHITE,ziyadnz/hourly-ipv4,ziyadnz|hourly,2026-08-17T18:48:05Z,2026-08-17T18:48:05Z,
148.113.128.3,ipv4,malicious-ip,medium,WHITE,ziyadnz/hourly-ipv4,ziyadnz|hourly,2026-08-17T18:48:05Z,2026-08-17T18:48:05Z,
148.113.128.30,ipv4,malicious-ip,medium,WHITE,ziyadnz/hourly-ipv4,ziyadnz|hourly,2026-08-17T18:48:05Z,2026-08-17T18:48:05Z,
148.113.128.31,ipv4,malicious-ip,medium,WHITE,ziyadnz/hourly-ipv4,ziyadnz|hourly,2026-08-17T18:48:05Z,2026-08-17T18:48:05Z,
148.113.128.33,ipv4,malicious-ip,medium,WHITE,ziyadnz/hourly-ipv4,ziyadnz|hourly,2026-08-17T18:48:05Z,2026-08-17T18:48:05Z,
148.113.128.42,ipv4,malicious-ip,medium,WHITE,ziyadnz/hourly-ipv4,ziyadnz|hourly,2026-08-17T18:48:05Z,2026-08-17T18:48:05Z,
148.113.128.44,ipv4,malicious-ip,medium,WHITE,ziyadnz/hourly-ipv4,ziyadnz|hourly,2026-08-17T18:48:05Z,2026-08-17T18:48:05Z,
148.113.128.57,ipv4,malicious-ip,medium,WHITE,ziyadnz/hourly-ipv4,ziyadnz|hourly,2026-08-17T18:48:05Z,2026-08-17T18:48:05Z,
148.113.128.6,ipv4,malicious-ip,medium,WHITE,ziyadnz/hourly-ipv4,ziyadnz|hourly,2026-08-17T18:48:05Z,2026-08-17T18:48:05Z,
148.113.128.61,ipv4,malicious-ip,medium,WHITE,ziyadnz/hourly-ipv4,ziyadnz|hourly,2026-08-17T18:48:05Z,2026-08-17T18:48:05Z,
148.113.128.65,ipv4,malicious-ip,medium,WHITE,ziyadnz/hourly-ipv4,ziyadnz|hourly,2026-08-17T18:48:05Z,2026-08-17T18:48:05Z,
148.113.128.68,ipv4,malicious-ip,medium,WHITE,ziyadnz/hourly-ipv4,ziyadnz|hourly,2026-08-17T18:48:05Z,2026-08-17T18:48:05Z,
148.113.128.72,ipv4,malicious-ip,medium,WHITE,ziyadnz/hourly-ipv4,ziyadnz|hourly,2026-08-17T18:48:05Z,2026-08-17T18:48:05Z,
148.113.128.79,ipv4,malicious-ip,medium,WHITE,ziyadnz/hourly-ipv4,ziyadnz|hourly,2026-08-17T18:48:05Z,2026-08-17T18:48:05Z,
148.113.128.81,ipv4,malicious-ip,medium,WHITE,ziyadnz/hourly-ipv4,ziyadnz|hourly,2026-08-17T18:48:05Z,2026-08-17T18:48:05Z,
148.113.128.98,ipv4,malicious-ip,medium,WHITE,ziyadnz/hourly-ipv4,ziyadnz|hourly,2026-08-17T18:48:05Z,2026-08-17T18:48:05Z,
148.113.128.99,ipv4,malicious-ip,medium,WHITE,ziyadnz/hourly-ipv4,ziyadnz|hourly,2026-08-17T18:48:05Z,2026-08-17T18:48:05Z,
148.113.13.122,ipv4,malicious-ip,medium,WHITE,ziyadnz/hourly-ipv4,ziyadnz|hourly,2026-08-17T18:48:05Z,2026-08-17T18:48:05Z,
148.113.130.10,ipv4,malicious-ip,medium,WHITE,ziyadnz/hourly-ipv4,ziyadnz|hourly,2026-08-17T18:48:05Z,2026-08-17T18:48:05Z,
148.113.130.108,ipv4,malicious-ip,medium,WHITE,ziyadnz/hourly-ipv4,ziyadnz|hourly,2026-08-17T18:48:05Z,2026-08-17T18:48:05Z,
148.113.130.113,ipv4,malicious-ip,medium,WHITE,ziyadnz/hourly-ipv4,ziyadnz|hourly,2026-08-17T18:48:05Z,2026-08-17T18:48:05Z,
148.113.130.114,ipv4,malicious-ip,medium,WHITE,ziyadnz/hourly-ipv4,ziyadnz|hourly,2026-08-17T18:48:05Z,2026-08-17T18:48:05Z,
148.113.130.125,ipv4,malicious-ip,medium,WHITE,ziyadnz/hourly-ipv4,ziyadnz|hourly,2026-08-17T18:48:05Z,2026-08-17T18:48:05Z,
148.113.130.128,ipv4,malicious-ip,medium,WHITE,ziyadnz/hourly-ipv4,ziyadnz|hourly,2026-08-17T18:48:05Z,2026-08-17T18:48:05Z,
148.113.130.135,ipv4,malicious-ip,medium,WHITE,ziyadnz/hourly-ipv4,ziyadnz|hourly,2026-08-17T18:48:05Z,2026-08-17T18:48:05Z,
148.113.130.136,ipv4,malicious-ip,medium,WHITE,ziyadnz/hourly-ipv4,ziyadnz|hourly,2026-08-17T18:48:05Z,2026-08-17T18:48:05Z,
148.113.130.145,ipv4,malicious-ip,medium,WHITE,ziyadnz/hourly-ipv4,ziyadnz|hourly,2026-08-17T18:48:05Z,2026-08-17T18:48:05Z,
148.113.130.147,ipv4,malicious-ip,medium,WHITE,ziyadnz/hourly-ipv4,ziyadnz|hourly,2026-08-17T18:48:05Z,2026-08-17T18:48:05Z,
148.113.130.15,ipv4,malicious-ip,medium,WHITE,ziyadnz/hourly-ipv4,ziyadnz|hourly,2026-08-17T18:48:05Z,2026-08-17T18:48:05Z,
148.113.130.151,ipv4,malicious-ip,medium,WHITE,ziyadnz/hourly-ipv4,ziyadnz|hourly,2026-08-17T18:48:05Z,2026-08-17T18:48:05Z,
148.113.130.157,ipv4,malicious-ip,medium,WHITE,ziyadnz/hourly-ipv4,ziyadnz|hourly,2026-08-17T18:48:05Z,2026-08-17T18:48:05Z,
148.113.130.158,ipv4,malicious-ip,medium,WHITE,ziyadnz/hourly-ipv4,ziyadnz|hourly,2026-08-17T18:48:05Z,2026-08-17T18:48:05Z,
148.113.130.163,ipv4,malicious-ip,medium,WHITE,ziyadnz/hourly-ipv4,ziyadnz|hourly,2026-08-17T18:48:05Z,2026-08-17T18:48:05Z,
148.113.130.171,ipv4,malicious-ip,medium,WHITE,ziyadnz/hourly-ipv4,ziyadnz|hourly,2026-08-17T18:48:05Z,2026-08-17T18:48:05Z,
148.113.130.172,ipv4,malicious-ip,medium,WHITE,ziyadnz/hourly-ipv4,ziyadnz|hourly,2026-08-17T18:48:05Z,2026-08-17T18:48:05Z,
148.113.130.176,ipv4,malicious-ip,medium,WHITE,ziyadnz/hourly-ipv4,ziyadnz|hourly,2026-08-17T18:48:05Z,2026-08-17T18:48:05Z,
148.113.130.180,ipv4,malicious-ip,medium,WHITE,ziyadnz/hourly-ipv4,ziyadnz|hourly,2026-08-17T18:48:05Z,2026-08-17T18:48:05Z,
148.113.130.186,ipv4,malicious-ip,medium,WHITE,ziyadnz/hourly-ipv4,ziyadnz|hourly,2026-08-17T18:48:05Z,2026-08-17T18:48:05Z,
148.113.130.187,ipv4,malicious-ip,medium,WHITE,ziyadnz/hourly-ipv4,ziyadnz|hourly,2026-08-17T18:48:05Z,2026-08-17T18:48:05Z,
148.113.130.189,ipv4,malicious-ip,medium,WHITE,ziyadnz/hourly-ipv4,ziyadnz|hourly,2026-08-17T18:48:05Z,2026-08-17T18:48:05Z,
148.113.130.195,ipv4,malicious-ip,medium,WHITE,ziyadnz/hourly-ipv4,ziyadnz|hourly,2026-08-17T18:48:05Z,2026-08-17T18:48:05Z,
148.113.130.198,ipv4,malicious-ip,medium,WHITE,ziyadnz/hourly-ipv4,ziyadnz|hourly,2026-08-17T18:48:05Z,2026-08-17T18:48:05Z,
148.113.130.203,ipv4,malicious-ip,medium,WHITE,ziyadnz/hourly-ipv4,ziyadnz|hourly,2026-08-17T18:48:05Z,2026-08-17T18:48:05Z,
148.113.130.207,ipv4,malicious-ip,medium,WHITE,ziyadnz/hourly-ipv4,ziyadnz|hourly,2026-08-17T18:48:05Z,2026-08-17T18:48:05Z,
148.113.130.214,ipv4,malicious-ip,medium,WHITE,ziyadnz/hourly-ipv4,ziyadnz|hourly,2026-08-17T18:48:05Z,2026-08-17T18:48:05Z,
148.113.130.216,ipv4,malicious-ip,medium,WHITE,ziyadnz/hourly-ipv4,ziyadnz|hourly,2026-08-17T18:48:05Z,2026-08-17T18:48:05Z,
148.113.130.217,ipv4,malicious-ip,medium,WHITE,ziyadnz/hourly-ipv4,ziyadnz|hourly,2026-08-17T18:48:05Z,2026-08-17T18:48:05Z,
148.113.130.218,ipv4,malicious-ip,medium,WHITE,ziyadnz/hourly-ipv4,ziyadnz|hourly,2026-08-17T18:48:05Z,2026-08-17T18:48:05Z,
148.113.130.222,ipv4,malicious-ip,medium,WHITE,ziyadnz/hourly-ipv4,ziyadnz|hourly,2026-08-17T18:48:05Z,2026-08-17T18:48:05Z,
148.113.130.225,ipv4,malicious-ip,medium,WHITE,ziyadnz/hourly-ipv4,ziyadnz|hourly,2026-08-17T18:48:05Z,2026-08-17T18:48:05Z,
148.113.130.227,ipv4,malicious-ip,medium,WHITE,ziyadnz/hourly-ipv4,ziyadnz|hourly,2026-08-17T18:48:05Z,2026-08-17T18:48:05Z,
148.113.130.232,ipv4,malicious-ip,medium,WHITE,ziyadnz/hourly-ipv4,ziyadnz|hourly,2026-08-17T18:48:05Z,2026-08-17T18:48:05Z,
148.113.130.233,ipv4,malicious-ip,medium,WHITE,ziyadnz/hourly-ipv4,ziyadnz|hourly,2026-08-17T18:48:05Z,2026-08-17T18:48:05Z,
148.113.130.29,ipv4,malicious-ip,medium,WHITE,ziyadnz/hourly-ipv4,ziyadnz|hourly,2026-08-17T18:48:05Z,2026-08-17T18:48:05Z,
148.113.130.32,ipv4,malicious-ip,medium,WHITE,ziyadnz/hourly-ipv4,ziyadnz|hourly,2026-08-17T18:48:05Z,2026-08-17T18:48:05Z,
148.113.130.44,ipv4,malicious-ip,medium,WHITE,ziyadnz/hourly-ipv4,ziyadnz|hourly,2026-08-17T18:48:05Z,2026-08-17T18:48:05Z,
148.113.130.46,ipv4,malicious-ip,medium,WHITE,ziyadnz/hourly-ipv4,ziyadnz|hourly,2026-08-17T18:48:05Z,2026-08-17T18:48:05Z,
148.113.130.52,ipv4,malicious-ip,medium,WHITE,ziyadnz/hourly-ipv4,ziyadnz|hourly,2026-08-17T18:48:05Z,2026-08-17T18:48:05Z,
148.113.130.61,ipv4,malicious-ip,medium,WHITE,ziyadnz/hourly-ipv4,ziyadnz|hourly,2026-08-17T18:48:05Z,2026-08-17T18:48:05Z,
148.113.130.72,ipv4,malicious-ip,medium,WHITE,ziyadnz/hourly-ipv4,ziyadnz|hourly,2026-08-17T18:48:05Z,2026-08-17T18:48:05Z,
148.113.130.75,ipv4,malicious-ip,medium,WHITE,ziyadnz/hourly-ipv4,ziyadnz|hourly,2026-08-17T18:48:05Z,2026-08-17T18:48:05Z,
148.113.130.79,ipv4,malicious-ip,medium,WHITE,ziyadnz/hourly-ipv4,ziyadnz|hourly,2026-08-17T18:48:05Z,2026-08-17T18:48:05Z,
148.113.130.80,ipv4,malicious-ip,medium,WHITE,ziyadnz/hourly-ipv4,ziyadnz|hourly,2026-08-17T18:48:05Z,2026-08-17T18:48:05Z,
148.113.130.92,ipv4,malicious-ip,medium,WHITE,ziyadnz/hourly-ipv4,ziyadnz|hourly,2026-08-17T18:48:05Z,2026-08-17T18:48:05Z,
148.113.130.93,ipv4,malicious-ip,medium,WHITE,ziyadnz/hourly-ipv4,ziyadnz|hourly,2026-08-17T18:48:05Z,2026-08-17T18:48:05Z,
148.113.130.95,ipv4,malicious-ip,medium,WHITE,ziyadnz/hourly-ipv4,ziyadnz|hourly,2026-08-17T18:48:05Z,2026-08-17T18:48:05Z,
148.113.130.96,ipv4,malicious-ip,medium,WHITE,ziyadnz/hourly-ipv4,ziyadnz|hourly,2026-08-17T18:48:05Z,2026-08-17T18:48:05Z,
148.113.152.144,ipv4,malicious-ip,medium,WHITE,ziyadnz/hourly-ipv4,ziyadnz|hourly,2026-08-17T18:48:05Z,2026-08-17T18:48:05Z,
148.113.17.48,ipv4,malicious-ip,medium,WHITE,ziyadnz/hourly-ipv4,ziyadnz|hourly,2026-08-17T18:48:05Z,2026-08-17T18:48:05Z,
148.113.20.192,ipv4,malicious-ip,medium,WHITE,ziyadnz/hourly-ipv4,ziyadnz|hourly,2026-08-17T18:48:05Z,2026-08-17T18:48:05Z,
148.113.201.65,ipv4,malicious-ip,medium,WHITE,ziyadnz/hourly-ipv4,ziyadnz|hourly,2026-08-17T18:48:05Z,2026-08-17T18:48:05Z,
148.113.214.176,ipv4,malicious-ip,medium,WHITE,ziyadnz/hourly-ipv4,ziyadnz|hourly,2026-08-17T18:48:05Z,2026-08-17T18:48:05Z,
148.113.25.188,ipv4,malicious-ip,medium,WHITE,ziyadnz/hourly-ipv4,ziyadnz|hourly,2026-08-17T18:48:05Z,2026-08-17T18:48:05Z,
148.113.49.66,ipv4,malicious-ip,medium,WHITE,ziyadnz/hourly-ipv4,ziyadnz|hourly,2026-08-17T18:48:05Z,2026-08-17T18:48:05Z,
148.113.6.122,ipv4,malicious-ip,medium,WHITE,ziyadnz/hourly-ipv4,ziyadnz|hourly,2026-08-17T18:48:05Z,2026-08-17T18:48:05Z,
148.135.195.153,ipv4,malicious-ip,medium,WHITE,ziyadnz/hourly-ipv4,ziyadnz|hourly,2026-08-17T18:48:05Z,2026-08-17T18:48:05Z,
148.135.75.210,ipv4,malicious-ip,medium,WHITE,ziyadnz/hourly-ipv4,ziyadnz|hourly,2026-08-17T18:48:05Z,2026-08-17T18:48:05Z,
148.153.117.21,ipv4,malicious-ip,medium,WHITE,ziyadnz/hourly-ipv4,ziyadnz|hourly,2026-08-17T18:48:05Z,2026-08-17T18:48:05Z,
148.153.121.61,ipv4,malicious-ip,medium,WHITE,ziyadnz/hourly-ipv4,ziyadnz|hourly,2026-08-17T18:48:05Z,2026-08-17T18:48:05Z,
148.153.188.246,ipv4,malicious-ip,medium,WHITE,ziyadnz/hourly-ipv4,ziyadnz|hourly,2026-08-17T18:48:05Z,2026-08-17T18:48:05Z,
148.153.188.254,ipv4,malicious-ip,medium,WHITE,ziyadnz/hourly-ipv4,ziyadnz|hourly,2026-08-17T18:48:05Z,2026-08-17T18:48:05Z,
148.153.32.5,ipv4,malicious-ip,medium,WHITE,ziyadnz/hourly-ipv4,ziyadnz|hourly,2026-08-17T18:48:05Z,2026-08-17T18:48:05Z,
148.153.56.170,ipv4,malicious-ip,medium,WHITE,ziyadnz/hourly-ipv4,ziyadnz|hourly,2026-08-17T18:48:05Z,2026-08-17T18:48:05Z,
148.153.56.174,ipv4,malicious-ip,medium,WHITE,ziyadnz/hourly-ipv4,ziyadnz|hourly,2026-08-17T18:48:05Z,2026-08-17T18:48:05Z,
148.153.56.58,ipv4,malicious-ip,medium,WHITE,ziyadnz/hourly-ipv4,ziyadnz|hourly,2026-08-17T18:48:05Z,2026-08-17T18:48:05Z,
148.163.69.145,ipv4,malicious-ip,medium,WHITE,ziyadnz/hourly-ipv4,ziyadnz|hourly,2026-08-17T18:48:05Z,2026-08-17T18:48:05Z,
148.204.106.57,ipv4,malicious-ip,medium,WHITE,ziyadnz/hourly-ipv4,ziyadnz|hourly,2026-08-17T18:48:05Z,2026-08-17T18:48:05Z,
148.204.109.139,ipv4,malicious-ip,medium,WHITE,ziyadnz/hourly-ipv4,ziyadnz|hourly,2026-08-17T18:48:05Z,2026-08-17T18:48:05Z,
148.204.11.97,ipv4,malicious-ip,medium,WHITE,ziyadnz/hourly-ipv4,ziyadnz|hourly,2026-08-17T18:48:05Z,2026-08-17T18:48:05Z,
148.204.110.113,ipv4,malicious-ip,medium,WHITE,ziyadnz/hourly-ipv4,ziyadnz|hourly,2026-08-17T18:48:05Z,2026-08-17T18:48:05Z,
148.204.110.13,ipv4,malicious-ip,medium,WHITE,ziyadnz/hourly-ipv4,ziyadnz|hourly,2026-08-17T18:48:05Z,2026-08-17T18:48:05Z,
148.204.48.54,ipv4,malicious-ip,medium,WHITE,ziyadnz/hourly-ipv4,ziyadnz|hourly,2026-08-17T18:48:05Z,2026-08-17T18:48:05Z,
148.204.73.100,ipv4,malicious-ip,medium,WHITE,ziyadnz/hourly-ipv4,ziyadnz|hourly,2026-08-17T18:48:05Z,2026-08-17T18:48:05Z,
148.204.74.24,ipv4,malicious-ip,medium,WHITE,ziyadnz/hourly-ipv4,ziyadnz|hourly,2026-08-17T18:48:05Z,2026-08-17T18:48:05Z,
148.204.77.38,ipv4,malicious-ip,medium,WHITE,ziyadnz/hourly-ipv4,ziyadnz|hourly,2026-08-17T18:48:05Z,2026-08-17T18:48:05Z,
148.204.77.41,ipv4,malicious-ip,medium,WHITE,ziyadnz/hourly-ipv4,ziyadnz|hourly,2026-08-17T18:48:05Z,2026-08-17T18:48:05Z,
148.204.85.218,ipv4,malicious-ip,medium,WHITE,ziyadnz/hourly-ipv4,ziyadnz|hourly,2026-08-17T18:48:05Z,2026-08-17T18:48:05Z,
148.216.108.65,ipv4,malicious-ip,medium,WHITE,ziyadnz/hourly-ipv4,ziyadnz|hourly,2026-08-17T18:48:05Z,2026-08-17T18:48:05Z,
148.222.0.18,ipv4,malicious-ip,medium,WHITE,ziyadnz/hourly-ipv4,ziyadnz|hourly,2026-08-17T18:48:05Z,2026-08-17T18:48:05Z,
148.222.110.84,ipv4,malicious-ip,medium,WHITE,ziyadnz/hourly-ipv4,ziyadnz|hourly,2026-08-17T18:48:05Z,2026-08-17T18:48:05Z,
148.222.119.26,ipv4,malicious-ip,medium,WHITE,ziyadnz/hourly-ipv4,ziyadnz|hourly,2026-08-17T18:48:05Z,2026-08-17T18:48:05Z,
148.222.152.30,ipv4,malicious-ip,medium,WHITE,ziyadnz/hourly-ipv4,ziyadnz|hourly,2026-08-17T18:48:05Z,2026-08-17T18:48:05Z,
148.222.185.182,ipv4,malicious-ip,medium,WHITE,ziyadnz/hourly-ipv4,ziyadnz|hourly,2026-08-17T18:48:05Z,2026-08-17T18:48:05Z,
148.222.194.204,ipv4,malicious-ip,medium,WHITE,ziyadnz/hourly-ipv4,ziyadnz|hourly,2026-08-17T18:48:05Z,2026-08-17T18:48:05Z,
148.222.194.214,ipv4,malicious-ip,medium,WHITE,ziyadnz/hourly-ipv4,ziyadnz|hourly,2026-08-17T18:48:05Z,2026-08-17T18:48:05Z,
148.222.199.160,ipv4,malicious-ip,medium,WHITE,ziyadnz/hourly-ipv4,ziyadnz|hourly,2026-08-17T18:48:05Z,2026-08-17T18:48:05Z,
148.222.199.208,ipv4,malicious-ip,medium,WHITE,ziyadnz/hourly-ipv4,ziyadnz|hourly,2026-08-17T18:48:05Z,2026-08-17T18:48:05Z,
148.222.206.140,ipv4,malicious-ip,medium,WHITE,ziyadnz/hourly-ipv4,ziyadnz|hourly,2026-08-17T18:48:05Z,2026-08-17T18:48:05Z,
148.222.206.226,ipv4,malicious-ip,medium,WHITE,ziyadnz/hourly-ipv4,ziyadnz|hourly,2026-08-17T18:48:05Z,2026-08-17T18:48:05Z,
148.222.217.129,ipv4,malicious-ip,medium,WHITE,ziyadnz/hourly-ipv4,ziyadnz|hourly,2026-08-17T18:48:05Z,2026-08-17T18:48:05Z,
148.222.222.121,ipv4,malicious-ip,medium,WHITE,ziyadnz/hourly-ipv4,ziyadnz|hourly,2026-08-17T18:48:05Z,2026-08-17T18:48:05Z,
148.222.223.107,ipv4,malicious-ip,medium,WHITE,ziyadnz/hourly-ipv4,ziyadnz|hourly,2026-08-17T18:48:05Z,2026-08-17T18:48:05Z,
148.222.223.30,ipv4,malicious-ip,medium,WHITE,ziyadnz/hourly-ipv4,ziyadnz|hourly,2026-08-17T18:48:05Z,2026-08-17T18:48:05Z,
148.222.223.39,ipv4,malicious-ip,medium,WHITE,ziyadnz/hourly-ipv4,ziyadnz|hourly,2026-08-17T18:48:05Z,2026-08-17T18:48:05Z,
148.222.231.212,ipv4,malicious-ip,medium,WHITE,ziyadnz/hourly-ipv4,ziyadnz|hourly,2026-08-17T18:48:05Z,2026-08-17T18:48:05Z,
148.222.238.248,ipv4,malicious-ip,medium,WHITE,ziyadnz/hourly-ipv4,ziyadnz|hourly,2026-08-17T18:48:05Z,2026-08-17T18:48:05Z,
148.224.101.114,ipv4,malicious-ip,medium,WHITE,ziyadnz/hourly-ipv4,ziyadnz|hourly,2026-08-17T18:48:05Z,2026-08-17T18:48:05Z,
148.224.56.11,ipv4,malicious-ip,medium,WHITE,ziyadnz/hourly-ipv4,ziyadnz|hourly,2026-08-17T18:48:05Z,2026-08-17T18:48:05Z,
148.224.9.100,ipv4,malicious-ip,medium,WHITE,ziyadnz/hourly-ipv4,ziyadnz|hourly,2026-08-17T18:48:05Z,2026-08-17T18:48:05Z,
148.224.9.174,ipv4,malicious-ip,medium,WHITE,ziyadnz/hourly-ipv4,ziyadnz|hourly,2026-08-17T18:48:05Z,2026-08-17T18:48:05Z,
148.227.105.75,ipv4,malicious-ip,medium,WHITE,ziyadnz/hourly-ipv4,ziyadnz|hourly,2026-08-17T18:48:05Z,2026-08-17T18:48:05Z,
148.227.121.133,ipv4,malicious-ip,medium,WHITE,ziyadnz/hourly-ipv4,ziyadnz|hourly,2026-08-17T18:48:05Z,2026-08-17T18:48:05Z,
148.227.122.190,ipv4,malicious-ip,medium,WHITE,ziyadnz/hourly-ipv4,ziyadnz|hourly,2026-08-17T18:48:05Z,2026-08-17T18:48:05Z,
148.227.123.218,ipv4,malicious-ip,medium,WHITE,ziyadnz/hourly-ipv4,ziyadnz|hourly,2026-08-17T18:48:05Z,2026-08-17T18:48:05Z,
148.227.67.77,ipv4,malicious-ip,medium,WHITE,ziyadnz/hourly-ipv4,ziyadnz|hourly,2026-08-17T18:48:05Z,2026-08-17T18:48:05Z,
148.227.69.105,ipv4,malicious-ip,medium,WHITE,ziyadnz/hourly-ipv4,ziyadnz|hourly,2026-08-17T18:48:05Z,2026-08-17T18:48:05Z,
148.227.69.128,ipv4,malicious-ip,medium,WHITE,ziyadnz/hourly-ipv4,ziyadnz|hourly,2026-08-17T18:48:05Z,2026-08-17T18:48:05Z,
148.227.69.86,ipv4,malicious-ip,medium,WHITE,ziyadnz/hourly-ipv4,ziyadnz|hourly,2026-08-17T18:48:05Z,2026-08-17T18:48:05Z,
148.227.69.90,ipv4,malicious-ip,medium,WHITE,ziyadnz/hourly-ipv4,ziyadnz|hourly,2026-08-17T18:48:05Z,2026-08-17T18:48:05Z,
148.227.73.197,ipv4,malicious-ip,medium,WHITE,ziyadnz/hourly-ipv4,ziyadnz|hourly,2026-08-17T18:48:05Z,2026-08-17T18:48:05Z,
148.227.75.182,ipv4,malicious-ip,medium,WHITE,ziyadnz/hourly-ipv4,ziyadnz|hourly,2026-08-17T18:48:05Z,2026-08-17T18:48:05Z,
148.227.86.215,ipv4,malicious-ip,medium,WHITE,ziyadnz/hourly-ipv4,ziyadnz|hourly,2026-08-17T18:48:05Z,2026-08-17T18:48:05Z,
148.227.90.1,ipv4,malicious-ip,medium,WHITE,ziyadnz/hourly-ipv4,ziyadnz|hourly,2026-08-17T18:48:05Z,2026-08-17T18:48:05Z,
148.227.91.132,ipv4,malicious-ip,medium,WHITE,ziyadnz/hourly-ipv4,ziyadnz|hourly,2026-08-17T18:48:05Z,2026-08-17T18:48:05Z,
148.227.97.113,ipv4,malicious-ip,medium,WHITE,ziyadnz/hourly-ipv4,ziyadnz|hourly,2026-08-17T18:48:05Z,2026-08-17T18:48:05Z,
148.227.97.65,ipv4,malicious-ip,medium,WHITE,ziyadnz/hourly-ipv4,ziyadnz|hourly,2026-08-17T18:48:05Z,2026-08-17T18:48:05Z,
148.228.51.3,ipv4,malicious-ip,medium,WHITE,ziyadnz/hourly-ipv4,ziyadnz|hourly,2026-08-17T18:48:05Z,2026-08-17T18:48:05Z,
148.230.150.153,ipv4,malicious-ip,medium,WHITE,ziyadnz/hourly-ipv4,ziyadnz|hourly,2026-08-17T18:48:05Z,2026-08-17T18:48:05Z,
148.230.169.229,ipv4,malicious-ip,medium,WHITE,ziyadnz/hourly-ipv4,ziyadnz|hourly,2026-08-17T18:48:05Z,2026-08-17T18:48:05Z,
148.230.194.198,ipv4,malicious-ip,medium,WHITE,ziyadnz/hourly-ipv4,ziyadnz|hourly,2026-08-17T18:48:05Z,2026-08-17T18:48:05Z,
148.230.238.251,ipv4,malicious-ip,medium,WHITE,ziyadnz/hourly-ipv4,ziyadnz|hourly,2026-08-17T18:48:05Z,2026-08-17T18:48:05Z,
148.230.253.206,ipv4,malicious-ip,medium,WHITE,ziyadnz/hourly-ipv4,ziyadnz|hourly,2026-08-17T18:48:05Z,2026-08-17T18:48:05Z,
148.233.37.48,ipv4,malicious-ip,medium,WHITE,ziyadnz/hourly-ipv4,ziyadnz|hourly,2026-08-17T18:48:05Z,2026-08-17T18:48:05Z,
148.233.37.58,ipv4,malicious-ip,medium,WHITE,ziyadnz/hourly-ipv4,ziyadnz|hourly,2026-08-17T18:48:05Z,2026-08-17T18:48:05Z,
148.235.162.50,ipv4,malicious-ip,medium,WHITE,ziyadnz/hourly-ipv4,ziyadnz|hourly,2026-08-17T18:48:05Z,2026-08-17T18:48:05Z,
148.240.238.3,ipv4,malicious-ip,medium,WHITE,ziyadnz/hourly-ipv4,ziyadnz|hourly,2026-08-17T18:48:05Z,2026-08-17T18:48:05Z,
148.243.170.66,ipv4,malicious-ip,medium,WHITE,ziyadnz/hourly-ipv4,ziyadnz|hourly,2026-08-17T18:48:05Z,2026-08-17T18:48:05Z,
148.244.167.170,ipv4,malicious-ip,medium,WHITE,ziyadnz/hourly-ipv4,ziyadnz|hourly,2026-08-17T18:48:05Z,2026-08-17T18:48:05Z,
148.244.94.194,ipv4,malicious-ip,medium,WHITE,ziyadnz/hourly-ipv4,ziyadnz|hourly,2026-08-17T18:48:05Z,2026-08-17T18:48:05Z,
148.251.130.18,ipv4,malicious-ip,medium,WHITE,ziyadnz/hourly-ipv4,ziyadnz|hourly,2026-08-17T18:48:05Z,2026-08-17T18:48:05Z,
148.251.179.42,ipv4,malicious-ip,medium,WHITE,ziyadnz/hourly-ipv4,ziyadnz|hourly,2026-08-17T18:48:05Z,2026-08-17T18:48:05Z,
148.251.236.229,ipv4,malicious-ip,medium,WHITE,ziyadnz/hourly-ipv4,ziyadnz|hourly,2026-08-17T18:48:05Z,2026-08-17T18:48:05Z,
148.251.53.222,ipv4,malicious-ip,medium,WHITE,ziyadnz/hourly-ipv4,ziyadnz|hourly,2026-08-17T18:48:05Z,2026-08-17T18:48:05Z,
148.251.64.121,ipv4,malicious-ip,medium,WHITE,ziyadnz/hourly-ipv4,ziyadnz|hourly,2026-08-17T18:48:05Z,2026-08-17T18:48:05Z,
148.251.87.197,ipv4,malicious-ip,medium,WHITE,ziyadnz/hourly-ipv4,ziyadnz|hourly,2026-08-17T18:48:05Z,2026-08-17T18:48:05Z,
148.251.87.245,ipv4,malicious-ip,medium,WHITE,ziyadnz/hourly-ipv4,ziyadnz|hourly,2026-08-17T18:48:05Z,2026-08-17T18:48:05Z,
148.253.214.159,ipv4,malicious-ip,medium,WHITE,ziyadnz/hourly-ipv4,ziyadnz|hourly,2026-08-17T18:48:05Z,2026-08-17T18:48:05Z,
148.255.235.14,ipv4,malicious-ip,medium,WHITE,ziyadnz/hourly-ipv4,ziyadnz|hourly,2026-08-17T18:48:05Z,2026-08-17T18:48:05Z,
148.59.174.87,ipv4,malicious-ip,medium,WHITE,ziyadnz/hourly-ipv4,ziyadnz|hourly,2026-08-17T18:48:05Z,2026-08-17T18:48:05Z,
148.63.148.21,ipv4,malicious-ip,medium,WHITE,ziyadnz/hourly-ipv4,ziyadnz|hourly,2026-08-17T18:48:05Z,2026-08-17T18:48:05Z,
148.63.230.182,ipv4,malicious-ip,medium,WHITE,ziyadnz/hourly-ipv4,ziyadnz|hourly,2026-08-17T18:48:05Z,2026-08-17T18:48:05Z,
148.63.252.229,ipv4,malicious-ip,medium,WHITE,ziyadnz/hourly-ipv4,ziyadnz|hourly,2026-08-17T18:48:05Z,2026-08-17T18:48:05Z,
148.64.96.100,ipv4,malicious-ip,medium,WHITE,ziyadnz/hourly-ipv4,ziyadnz|hourly,2026-08-17T18:48:05Z,2026-08-17T18:48:05Z,
148.66.132.204,ipv4,malicious-ip,medium,WHITE,ziyadnz/hourly-ipv4,ziyadnz|hourly,2026-08-17T18:48:05Z,2026-08-17T18:48:05Z,
148.66.133.23,ipv4,malicious-ip,medium,WHITE,ziyadnz/hourly-ipv4,ziyadnz|hourly,2026-08-17T18:48:05Z,2026-08-17T18:48:05Z,
148.66.155.35,ipv4,malicious-ip,medium,WHITE,ziyadnz/hourly-ipv4,ziyadnz|hourly,2026-08-17T18:48:05Z,2026-08-17T18:48:05Z,
148.66.155.73,ipv4,malicious-ip,medium,WHITE,ziyadnz/hourly-ipv4,ziyadnz|hourly,2026-08-17T18:48:05Z,2026-08-17T18:48:05Z,
148.71.126.151,ipv4,malicious-ip,medium,WHITE,ziyadnz/hourly-ipv4,ziyadnz|hourly,2026-08-17T18:48:05Z,2026-08-17T18:48:05Z,
148.71.207.170,ipv4,malicious-ip,medium,WHITE,ziyadnz/hourly-ipv4,ziyadnz|hourly,2026-08-17T18:48:05Z,2026-08-17T18:48:05Z,
148.72.141.65,ipv4,malicious-ip,medium,WHITE,ziyadnz/hourly-ipv4,ziyadnz|hourly,2026-08-17T18:48:05Z,2026-08-17T18:48:05Z,
148.72.155.187,ipv4,malicious-ip,medium,WHITE,ziyadnz/hourly-ipv4,ziyadnz|hourly,2026-08-17T18:48:05Z,2026-08-17T18:48:05Z,
148.72.172.53,ipv4,malicious-ip,medium,WHITE,ziyadnz/hourly-ipv4,ziyadnz|hourly,2026-08-17T18:48:05Z,2026-08-17T18:48:05Z,
148.72.208.160,ipv4,malicious-ip,medium,WHITE,ziyadnz/hourly-ipv4,ziyadnz|hourly,2026-08-17T18:48:05Z,2026-08-17T18:48:05Z,
148.72.211.226,ipv4,malicious-ip,medium,WHITE,ziyadnz/hourly-ipv4,ziyadnz|hourly,2026-08-17T18:48:05Z,2026-08-17T18:48:05Z,
148.72.64.32,ipv4,malicious-ip,medium,WHITE,ziyadnz/hourly-ipv4,ziyadnz|hourly,2026-08-17T18:48:05Z,2026-08-17T18:48:05Z,
148.74.115.22,ipv4,malicious-ip,medium,WHITE,ziyadnz/hourly-ipv4,ziyadnz|hourly,2026-08-17T18:48:05Z,2026-08-17T18:48:05Z,
149.0.16.108,ipv4,malicious-ip,medium,WHITE,ziyadnz/hourly-ipv4,ziyadnz|hourly,2026-08-17T18:48:05Z,2026-08-17T18:48:05Z,
149.100.158.5,ipv4,malicious-ip,medium,WHITE,ziyadnz/hourly-ipv4,ziyadnz|hourly,2026-08-17T18:48:05Z,2026-08-17T18:48:05Z,
149.100.164.251,ipv4,malicious-ip,medium,WHITE,ziyadnz/hourly-ipv4,ziyadnz|hourly,2026-08-17T18:48:05Z,2026-08-17T18:48:05Z,
149.102.230.136,ipv4,malicious-ip,medium,WHITE,ziyadnz/hourly-ipv4,ziyadnz|hourly,2026-08-17T18:48:05Z,2026-08-17T18:48:05Z,
149.102.230.138,ipv4,malicious-ip,medium,WHITE,ziyadnz/hourly-ipv4,ziyadnz|hourly,2026-08-17T18:48:05Z,2026-08-17T18:48:05Z,
149.102.239.184,ipv4,malicious-ip,medium,WHITE,ziyadnz/hourly-ipv4,ziyadnz|hourly,2026-08-17T18:48:05Z,2026-08-17T18:48:05Z,
149.102.239.49,ipv4,malicious-ip,medium,WHITE,ziyadnz/hourly-ipv4,ziyadnz|hourly,2026-08-17T18:48:05Z,2026-08-17T18:48:05Z,
149.102.243.100,ipv4,malicious-ip,medium,WHITE,ziyadnz/hourly-ipv4,ziyadnz|hourly,2026-08-17T18:48:05Z,2026-08-17T18:48:05Z,
149.102.245.71,ipv4,malicious-ip,medium,WHITE,ziyadnz/hourly-ipv4,ziyadnz|hourly,2026-08-17T18:48:05Z,2026-08-17T18:48:05Z,
149.102.247.249,ipv4,malicious-ip,medium,WHITE,ziyadnz/hourly-ipv4,ziyadnz|hourly,2026-08-17T18:48:05Z,2026-08-17T18:48:05Z,
149.102.247.251,ipv4,malicious-ip,medium,WHITE,ziyadnz/hourly-ipv4,ziyadnz|hourly,2026-08-17T18:48:05Z,2026-08-17T18:48:05Z,
149.102.254.34,ipv4,malicious-ip,medium,WHITE,ziyadnz/hourly-ipv4,ziyadnz|hourly,2026-08-17T18:48:05Z,2026-08-17T18:48:05Z,
149.102.74.125,ipv4,malicious-ip,medium,WHITE,ziyadnz/hourly-ipv4,ziyadnz|hourly,2026-08-17T18:48:05Z,2026-08-17T18:48:05Z,
149.102.92.227,ipv4,malicious-ip,medium,WHITE,ziyadnz/hourly-ipv4,ziyadnz|hourly,2026-08-17T18:48:05Z,2026-08-17T18:48:05Z,
149.102.95.192,ipv4,malicious-ip,medium,WHITE,ziyadnz/hourly-ipv4,ziyadnz|hourly,2026-08-17T18:48:05Z,2026-08-17T18:48:05Z,
149.102.95.69,ipv4,malicious-ip,medium,WHITE,ziyadnz/hourly-ipv4,ziyadnz|hourly,2026-08-17T18:48:05Z,2026-08-17T18:48:05Z,
149.104.104.244,ipv4,malicious-ip,medium,WHITE,ziyadnz/hourly-ipv4,ziyadnz|hourly,2026-08-17T18:48:05Z,2026-08-17T18:48:05Z,
149.104.11.29,ipv4,malicious-ip,medium,WHITE,ziyadnz/hourly-ipv4,ziyadnz|hourly,2026-08-17T18:48:05Z,2026-08-17T18:48:05Z,
149.104.12.64,ipv4,malicious-ip,medium,WHITE,ziyadnz/hourly-ipv4,ziyadnz|hourly,2026-08-17T18:48:05Z,2026-08-17T18:48:05Z,
149.104.18.251,ipv4,malicious-ip,medium,WHITE,ziyadnz/hourly-ipv4,ziyadnz|hourly,2026-08-17T18:48:05Z,2026-08-17T18:48:05Z,
149.104.18.80,ipv4,malicious-ip,medium,WHITE,ziyadnz/hourly-ipv4,ziyadnz|hourly,2026-08-17T18:48:05Z,2026-08-17T18:48:05Z,
149.104.66.84,ipv4,malicious-ip,medium,WHITE,ziyadnz/hourly-ipv4,ziyadnz|hourly,2026-08-17T18:48:05Z,2026-08-17T18:48:05Z,
149.106.132.129,ipv4,malicious-ip,medium,WHITE,ziyadnz/hourly-ipv4,ziyadnz|hourly,2026-08-17T18:48:05Z,2026-08-17T18:48:05Z,
149.106.136.92,ipv4,malicious-ip,medium,WHITE,ziyadnz/hourly-ipv4,ziyadnz|hourly,2026-08-17T18:48:05Z,2026-08-17T18:48:05Z,
149.106.159.40,ipv4,malicious-ip,medium,WHITE,ziyadnz/hourly-ipv4,ziyadnz|hourly,2026-08-17T18:48:05Z,2026-08-17T18:48:05Z,
149.107.222.67,ipv4,malicious-ip,medium,WHITE,ziyadnz/hourly-ipv4,ziyadnz|hourly,2026-08-17T18:48:05Z,2026-08-17T18:48:05Z,
149.107.244.185,ipv4,malicious-ip,medium,WHITE,ziyadnz/hourly-ipv4,ziyadnz|hourly,2026-08-17T18:48:05Z,2026-08-17T18:48:05Z,
149.107.244.201,ipv4,malicious-ip,medium,WHITE,ziyadnz/hourly-ipv4,ziyadnz|hourly,2026-08-17T18:48:05Z,2026-08-17T18:48:05Z,
149.107.251.15,ipv4,malicious-ip,medium,WHITE,ziyadnz/hourly-ipv4,ziyadnz|hourly,2026-08-17T18:48:05Z,2026-08-17T18:48:05Z,
149.107.51.83,ipv4,malicious-ip,medium,WHITE,ziyadnz/hourly-ipv4,ziyadnz|hourly,2026-08-17T18:48:05Z,2026-08-17T18:48:05Z,
149.118.158.8,ipv4,malicious-ip,medium,WHITE,ziyadnz/hourly-ipv4,ziyadnz|hourly,2026-08-17T18:48:05Z,2026-08-17T18:48:05Z,
149.118.58.82,ipv4,malicious-ip,medium,WHITE,ziyadnz/hourly-ipv4,ziyadnz|hourly,2026-08-17T18:48:05Z,2026-08-17T18:48:05Z,
149.12.123.132,ipv4,malicious-ip,medium,WHITE,ziyadnz/hourly-ipv4,ziyadnz|hourly,2026-08-17T18:48:05Z,2026-08-17T18:48:05Z,
149.126.4.42,ipv4,malicious-ip,medium,WHITE,ziyadnz/hourly-ipv4,ziyadnz|hourly,2026-08-17T18:48:05Z,2026-08-17T18:48:05Z,
149.129.37.105,ipv4,malicious-ip,medium,WHITE,ziyadnz/hourly-ipv4,ziyadnz|hourly,2026-08-17T18:48:05Z,2026-08-17T18:48:05Z,
149.13.5.167,ipv4,malicious-ip,medium,WHITE,ziyadnz/hourly-ipv4,ziyadnz|hourly,2026-08-17T18:48:05Z,2026-08-17T18:48:05Z,
149.13.5.169,ipv4,malicious-ip,medium,WHITE,ziyadnz/hourly-ipv4,ziyadnz|hourly,2026-08-17T18:48:05Z,2026-08-17T18:48:05Z,
149.13.5.170,ipv4,malicious-ip,medium,WHITE,ziyadnz/hourly-ipv4,ziyadnz|hourly,2026-08-17T18:48:05Z,2026-08-17T18:48:05Z,
149.13.5.171,ipv4,malicious-ip,medium,WHITE,ziyadnz/hourly-ipv4,ziyadnz|hourly,2026-08-17T18:48:05Z,2026-08-17T18:48:05Z,
149.13.5.175,ipv4,malicious-ip,medium,WHITE,ziyadnz/hourly-ipv4,ziyadnz|hourly,2026-08-17T18:48:05Z,2026-08-17T18:48:05Z,
149.130.165.12,ipv4,malicious-ip,medium,WHITE,ziyadnz/hourly-ipv4,ziyadnz|hourly,2026-08-17T18:48:05Z,2026-08-17T18:48:05Z,
149.154.157.96,ipv4,malicious-ip,medium,WHITE,ziyadnz/hourly-ipv4,ziyadnz|hourly,2026-08-17T18:48:05Z,2026-08-17T18:48:05Z,
149.154.158.154,ipv4,malicious-ip,medium,WHITE,ziyadnz/hourly-ipv4,ziyadnz|hourly,2026-08-17T18:48:05Z,2026-08-17T18:48:05Z,
149.154.158.214,ipv4,malicious-ip,medium,WHITE,ziyadnz/hourly-ipv4,ziyadnz|hourly,2026-08-17T18:48:05Z,2026-08-17T18:48:05Z,
149.154.158.222,ipv4,malicious-ip,medium,WHITE,ziyadnz/hourly-ipv4,ziyadnz|hourly,2026-08-17T18:48:05Z,2026-08-17T18:48:05Z,
149.154.71.132,ipv4,malicious-ip,medium,WHITE,ziyadnz/hourly-ipv4,ziyadnz|hourly,2026-08-17T18:48:05Z,2026-08-17T18:48:05Z,
149.165.168.169,ipv4,malicious-ip,medium,WHITE,ziyadnz/hourly-ipv4,ziyadnz|hourly,2026-08-17T18:48:05Z,2026-08-17T18:48:05Z,
149.19.165.161,ipv4,malicious-ip,medium,WHITE,ziyadnz/hourly-ipv4,ziyadnz|hourly,2026-08-17T18:48:05Z,2026-08-17T18:48:05Z,
149.200.22.120,ipv4,malicious-ip,medium,WHITE,ziyadnz/hourly-ipv4,ziyadnz|hourly,2026-08-17T18:48:05Z,2026-08-17T18:48:05Z,
149.200.255.122,ipv4,malicious-ip,medium,WHITE,ziyadnz/hourly-ipv4,ziyadnz|hourly,2026-08-17T18:48:05Z,2026-08-17T18:48:05Z,
149.202.0.249,ipv4,malicious-ip,medium,WHITE,ziyadnz/hourly-ipv4,ziyadnz|hourly,2026-08-17T18:48:05Z,2026-08-17T18:48:05Z,
149.202.214.40,ipv4,malicious-ip,medium,WHITE,ziyadnz/hourly-ipv4,ziyadnz|hourly,2026-08-17T18:48:05Z,2026-08-17T18:48:05Z,
149.202.42.118,ipv4,malicious-ip,medium,WHITE,ziyadnz/hourly-ipv4,ziyadnz|hourly,2026-08-17T18:48:05Z,2026-08-17T18:48:05Z,
149.202.43.61,ipv4,malicious-ip,medium,WHITE,ziyadnz/hourly-ipv4,ziyadnz|hourly,2026-08-17T18:48:05Z,2026-08-17T18:48:05Z,
149.202.51.11,ipv4,malicious-ip,medium,WHITE,ziyadnz/hourly-ipv4,ziyadnz|hourly,2026-08-17T18:48:05Z,2026-08-17T18:48:05Z,
149.202.55.79,ipv4,malicious-ip,medium,WHITE,ziyadnz/hourly-ipv4,ziyadnz|hourly,2026-08-17T18:48:05Z,2026-08-17T18:48:05Z,
149.202.60.221,ipv4,malicious-ip,medium,WHITE,ziyadnz/hourly-ipv4,ziyadnz|hourly,2026-08-17T18:48:05Z,2026-08-17T18:48:05Z,
149.202.83.171,ipv4,malicious-ip,medium,WHITE,ziyadnz/hourly-ipv4,ziyadnz|hourly,2026-08-17T18:48:05Z,2026-08-17T18:48:05Z,
149.22.85.76,ipv4,malicious-ip,medium,WHITE,ziyadnz/hourly-ipv4,ziyadnz|hourly,2026-08-17T18:48:05Z,2026-08-17T18:48:05Z,
149.22.91.186,ipv4,malicious-ip,medium,WHITE,ziyadnz/hourly-ipv4,ziyadnz|hourly,2026-08-17T18:48:05Z,2026-08-17T18:48:05Z,
149.22.94.37,ipv4,malicious-ip,medium,WHITE,ziyadnz/hourly-ipv4,ziyadnz|hourly,2026-08-17T18:48:05Z,2026-08-17T18:48:05Z,
149.224.164.99,ipv4,malicious-ip,medium,WHITE,ziyadnz/hourly-ipv4,ziyadnz|hourly,2026-08-17T18:48:05Z,2026-08-17T18:48:05Z,
149.224.35.126,ipv4,malicious-ip,medium,WHITE,ziyadnz/hourly-ipv4,ziyadnz|hourly,2026-08-17T18:48:05Z,2026-08-17T18:48:05Z,
149.241.40.177,ipv4,malicious-ip,medium,WHITE,ziyadnz/hourly-ipv4,ziyadnz|hourly,2026-08-17T18:48:05Z,2026-08-17T18:48:05Z,
149.248.0.82,ipv4,malicious-ip,medium,WHITE,ziyadnz/hourly-ipv4,ziyadnz|hourly,2026-08-17T18:48:05Z,2026-08-17T18:48:05Z,
149.248.2.160,ipv4,malicious-ip,medium,WHITE,ziyadnz/hourly-ipv4,ziyadnz|hourly,2026-08-17T18:48:05Z,2026-08-17T18:48:05Z,
149.248.3.38,ipv4,malicious-ip,medium,WHITE,ziyadnz/hourly-ipv4,ziyadnz|hourly,2026-08-17T18:48:05Z,2026-08-17T18:48:05Z,
149.248.79.62,ipv4,malicious-ip,medium,WHITE,ziyadnz/hourly-ipv4,ziyadnz|hourly,2026-08-17T18:48:05Z,2026-08-17T18:48:05Z,
149.255.153.109,ipv4,malicious-ip,medium,WHITE,ziyadnz/hourly-ipv4,ziyadnz|hourly,2026-08-17T18:48:05Z,2026-08-17T18:48:05Z,
149.255.35.140,ipv4,malicious-ip,medium,WHITE,ziyadnz/hourly-ipv4,ziyadnz|hourly,2026-08-17T18:48:05Z,2026-08-17T18:48:05Z,
149.255.39.70,ipv4,malicious-ip,medium,WHITE,ziyadnz/hourly-ipv4,ziyadnz|hourly,2026-08-17T18:48:05Z,2026-08-17T18:48:05Z,
149.28.101.219,ipv4,malicious-ip,medium,WHITE,ziyadnz/hourly-ipv4,ziyadnz|hourly,2026-08-17T18:48:05Z,2026-08-17T18:48:05Z,
149.28.106.252,ipv4,malicious-ip,medium,WHITE,ziyadnz/hourly-ipv4,ziyadnz|hourly,2026-08-17T18:48:05Z,2026-08-17T18:48:05Z,
149.28.117.236,ipv4,malicious-ip,medium,WHITE,ziyadnz/hourly-ipv4,ziyadnz|hourly,2026-08-17T18:48:05Z,2026-08-17T18:48:05Z,
149.28.119.73,ipv4,malicious-ip,medium,WHITE,ziyadnz/hourly-ipv4,ziyadnz|hourly,2026-08-17T18:48:05Z,2026-08-17T18:48:05Z,
149.28.120.31,ipv4,malicious-ip,medium,WHITE,ziyadnz/hourly-ipv4,ziyadnz|hourly,2026-08-17T18:48:05Z,2026-08-17T18:48:05Z,
149.28.124.70,ipv4,malicious-ip,medium,WHITE,ziyadnz/hourly-ipv4,ziyadnz|hourly,2026-08-17T18:48:05Z,2026-08-17T18:48:05Z,
149.28.124.84,ipv4,malicious-ip,medium,WHITE,ziyadnz/hourly-ipv4,ziyadnz|hourly,2026-08-17T18:48:05Z,2026-08-17T18:48:05Z,
149.28.125.75,ipv4,malicious-ip,medium,WHITE,ziyadnz/hourly-ipv4,ziyadnz|hourly,2026-08-17T18:48:05Z,2026-08-17T18:48:05Z,
149.28.125.96,ipv4,malicious-ip,medium,WHITE,ziyadnz/hourly-ipv4,ziyadnz|hourly,2026-08-17T18:48:05Z,2026-08-17T18:48:05Z,
149.28.128.128,ipv4,malicious-ip,medium,WHITE,ziyadnz/hourly-ipv4,ziyadnz|hourly,2026-08-17T18:48:05Z,2026-08-17T18:48:05Z,
149.28.130.195,ipv4,malicious-ip,medium,WHITE,ziyadnz/hourly-ipv4,ziyadnz|hourly,2026-08-17T18:48:05Z,2026-08-17T18:48:05Z,
149.28.133.236,ipv4,malicious-ip,medium,WHITE,ziyadnz/hourly-ipv4,ziyadnz|hourly,2026-08-17T18:48:05Z,2026-08-17T18:48:05Z,
149.28.137.254,ipv4,malicious-ip,medium,WHITE,ziyadnz/hourly-ipv4,ziyadnz|hourly,2026-08-17T18:48:05Z,2026-08-17T18:48:05Z,
149.28.137.7,ipv4,malicious-ip,medium,WHITE,ziyadnz/hourly-ipv4,ziyadnz|hourly,2026-08-17T18:48:05Z,2026-08-17T18:48:05Z,
149.28.138.88,ipv4,malicious-ip,medium,WHITE,ziyadnz/hourly-ipv4,ziyadnz|hourly,2026-08-17T18:48:05Z,2026-08-17T18:48:05Z,
149.28.139.125,ipv4,malicious-ip,medium,WHITE,ziyadnz/hourly-ipv4,ziyadnz|hourly,2026-08-17T18:48:05Z,2026-08-17T18:48:05Z,
149.28.154.23,ipv4,malicious-ip,medium,WHITE,ziyadnz/hourly-ipv4,ziyadnz|hourly,2026-08-17T18:48:05Z,2026-08-17T18:48:05Z,
149.28.156.249,ipv4,malicious-ip,medium,WHITE,ziyadnz/hourly-ipv4,ziyadnz|hourly,2026-08-17T18:48:05Z,2026-08-17T18:48:05Z,
149.28.158.109,ipv4,malicious-ip,medium,WHITE,ziyadnz/hourly-ipv4,ziyadnz|hourly,2026-08-17T18:48:05Z,2026-08-17T18:48:05Z,
149.28.17.136,ipv4,malicious-ip,medium,WHITE,ziyadnz/hourly-ipv4,ziyadnz|hourly,2026-08-17T18:48:05Z,2026-08-17T18:48:05Z,
149.28.17.188,ipv4,malicious-ip,medium,WHITE,ziyadnz/hourly-ipv4,ziyadnz|hourly,2026-08-17T18:48:05Z,2026-08-17T18:48:05Z,
149.28.198.232,ipv4,malicious-ip,medium,WHITE,ziyadnz/hourly-ipv4,ziyadnz|hourly,2026-08-17T18:48:05Z,2026-08-17T18:48:05Z,
149.28.21.203,ipv4,malicious-ip,medium,WHITE,ziyadnz/hourly-ipv4,ziyadnz|hourly,2026-08-17T18:48:05Z,2026-08-17T18:48:05Z,
149.28.219.210,ipv4,malicious-ip,medium,WHITE,ziyadnz/hourly-ipv4,ziyadnz|hourly,2026-08-17T18:48:05Z,2026-08-17T18:48:05Z,
149.28.238.199,ipv4,malicious-ip,medium,WHITE,ziyadnz/hourly-ipv4,ziyadnz|hourly,2026-08-17T18:48:05Z,2026-08-17T18:48:05Z,
149.28.239.146,ipv4,malicious-ip,medium,WHITE,ziyadnz/hourly-ipv4,ziyadnz|hourly,2026-08-17T18:48:05Z,2026-08-17T18:48:05Z,
149.28.25.254,ipv4,malicious-ip,medium,WHITE,ziyadnz/hourly-ipv4,ziyadnz|hourly,2026-08-17T18:48:05Z,2026-08-17T18:48:05Z,
149.28.25.33,ipv4,malicious-ip,medium,WHITE,ziyadnz/hourly-ipv4,ziyadnz|hourly,2026-08-17T18:48:05Z,2026-08-17T18:48:05Z,
149.28.28.159,ipv4,malicious-ip,medium,WHITE,ziyadnz/hourly-ipv4,ziyadnz|hourly,2026-08-17T18:48:05Z,2026-08-17T18:48:05Z,
149.28.36.160,ipv4,malicious-ip,medium,WHITE,ziyadnz/hourly-ipv4,ziyadnz|hourly,2026-08-17T18:48:05Z,2026-08-17T18:48:05Z,
149.28.54.212,ipv4,malicious-ip,medium,WHITE,ziyadnz/hourly-ipv4,ziyadnz|hourly,2026-08-17T18:48:05Z,2026-08-17T18:48:05Z,
149.28.63.197,ipv4,malicious-ip,medium,WHITE,ziyadnz/hourly-ipv4,ziyadnz|hourly,2026-08-17T18:48:05Z,2026-08-17T18:48:05Z,
149.28.71.39,ipv4,malicious-ip,medium,WHITE,ziyadnz/hourly-ipv4,ziyadnz|hourly,2026-08-17T18:48:05Z,2026-08-17T18:48:05Z,
149.28.78.161,ipv4,malicious-ip,medium,WHITE,ziyadnz/hourly-ipv4,ziyadnz|hourly,2026-08-17T18:48:05Z,2026-08-17T18:48:05Z,
149.28.78.189,ipv4,malicious-ip,medium,WHITE,ziyadnz/hourly-ipv4,ziyadnz|hourly,2026-08-17T18:48:05Z,2026-08-17T18:48:05Z,
149.28.99.61,ipv4,malicious-ip,medium,WHITE,ziyadnz/hourly-ipv4,ziyadnz|hourly,2026-08-17T18:48:05Z,2026-08-17T18:48:05Z,
149.3.101.219,ipv4,malicious-ip,medium,WHITE,ziyadnz/hourly-ipv4,ziyadnz|hourly,2026-08-17T18:48:05Z,2026-08-17T18:48:05Z,
149.3.106.113,ipv4,malicious-ip,medium,WHITE,ziyadnz/hourly-ipv4,ziyadnz|hourly,2026-08-17T18:48:05Z,2026-08-17T18:48:05Z,
149.3.106.217,ipv4,malicious-ip,medium,WHITE,ziyadnz/hourly-ipv4,ziyadnz|hourly,2026-08-17T18:48:05Z,2026-08-17T18:48:05Z,
149.3.170.244,ipv4,malicious-ip,medium,WHITE,ziyadnz/hourly-ipv4,ziyadnz|hourly,2026-08-17T18:48:05Z,2026-08-17T18:48:05Z,
149.3.43.56,ipv4,malicious-ip,medium,WHITE,ziyadnz/hourly-ipv4,ziyadnz|hourly,2026-08-17T18:48:05Z,2026-08-17T18:48:05Z,
149.3.97.245,ipv4,malicious-ip,medium,WHITE,ziyadnz/hourly-ipv4,ziyadnz|hourly,2026-08-17T18:48:05Z,2026-08-17T18:48:05Z,
149.30.138.243,ipv4,malicious-ip,medium,WHITE,ziyadnz/hourly-ipv4,ziyadnz|hourly,2026-08-17T18:48:05Z,2026-08-17T18:48:05Z,
149.30.245.21,ipv4,malicious-ip,medium,WHITE,ziyadnz/hourly-ipv4,ziyadnz|hourly,2026-08-17T18:48:05Z,2026-08-17T18:48:05Z,
149.33.15.181,ipv4,malicious-ip,medium,WHITE,ziyadnz/hourly-ipv4,ziyadnz|hourly,2026-08-17T18:48:05Z,2026-08-17T18:48:05Z,
149.34.191.39,ipv4,malicious-ip,medium,WHITE,ziyadnz/hourly-ipv4,ziyadnz|hourly,2026-08-17T18:48:05Z,2026-08-17T18:48:05Z,
149.34.196.182,ipv4,malicious-ip,medium,WHITE,ziyadnz/hourly-ipv4,ziyadnz|hourly,2026-08-17T18:48:05Z,2026-08-17T18:48:05Z,
149.34.198.170,ipv4,malicious-ip,medium,WHITE,ziyadnz/hourly-ipv4,ziyadnz|hourly,2026-08-17T18:48:05Z,2026-08-17T18:48:05Z,
149.34.200.23,ipv4,malicious-ip,medium,WHITE,ziyadnz/hourly-ipv4,ziyadnz|hourly,2026-08-17T18:48:05Z,2026-08-17T18:48:05Z,
149.34.210.141,ipv4,malicious-ip,medium,WHITE,ziyadnz/hourly-ipv4,ziyadnz|hourly,2026-08-17T18:48:05Z,2026-08-17T18:48:05Z,
149.34.210.154,ipv4,malicious-ip,medium,WHITE,ziyadnz/hourly-ipv4,ziyadnz|hourly,2026-08-17T18:48:05Z,2026-08-17T18:48:05Z,
149.34.211.0,ipv4,malicious-ip,medium,WHITE,ziyadnz/hourly-ipv4,ziyadnz|hourly,2026-08-17T18:48:05Z,2026-08-17T18:48:05Z,
149.34.211.131,ipv4,malicious-ip,medium,WHITE,ziyadnz/hourly-ipv4,ziyadnz|hourly,2026-08-17T18:48:05Z,2026-08-17T18:48:05Z,
149.34.211.137,ipv4,malicious-ip,medium,WHITE,ziyadnz/hourly-ipv4,ziyadnz|hourly,2026-08-17T18:48:05Z,2026-08-17T18:48:05Z,
149.34.211.139,ipv4,malicious-ip,medium,WHITE,ziyadnz/hourly-ipv4,ziyadnz|hourly,2026-08-17T18:48:05Z,2026-08-17T18:48:05Z,
149.34.211.140,ipv4,malicious-ip,medium,WHITE,ziyadnz/hourly-ipv4,ziyadnz|hourly,2026-08-17T18:48:05Z,2026-08-17T18:48:05Z,
149.34.211.142,ipv4,malicious-ip,medium,WHITE,ziyadnz/hourly-ipv4,ziyadnz|hourly,2026-08-17T18:48:05Z,2026-08-17T18:48:05Z,
149.34.244.182,ipv4,malicious-ip,medium,WHITE,ziyadnz/hourly-ipv4,ziyadnz|hourly,2026-08-17T18:48:05Z,2026-08-17T18:48:05Z,
149.34.253.149,ipv4,malicious-ip,medium,WHITE,ziyadnz/hourly-ipv4,ziyadnz|hourly,2026-08-17T18:48:05Z,2026-08-17T18:48:05Z,
149.34.48.186,ipv4,malicious-ip,medium,WHITE,ziyadnz/hourly-ipv4,ziyadnz|hourly,2026-08-17T18:48:05Z,2026-08-17T18:48:05Z,
149.40.232.206,ipv4,malicious-ip,medium,WHITE,ziyadnz/hourly-ipv4,ziyadnz|hourly,2026-08-17T18:48:05Z,2026-08-17T18:48:05Z,
149.40.247.118,ipv4,malicious-ip,medium,WHITE,ziyadnz/hourly-ipv4,ziyadnz|hourly,2026-08-17T18:48:05Z,2026-08-17T18:48:05Z,
149.40.247.157,ipv4,malicious-ip,medium,WHITE,ziyadnz/hourly-ipv4,ziyadnz|hourly,2026-08-17T18:48:05Z,2026-08-17T18:48:05Z,
149.40.250.224,ipv4,malicious-ip,medium,WHITE,ziyadnz/hourly-ipv4,ziyadnz|hourly,2026-08-17T18:48:05Z,2026-08-17T18:48:05Z,
149.40.50.15,ipv4,malicious-ip,medium,WHITE,ziyadnz/hourly-ipv4,ziyadnz|hourly,2026-08-17T18:48:05Z,2026-08-17T18:48:05Z,
149.40.50.202,ipv4,malicious-ip,medium,WHITE,ziyadnz/hourly-ipv4,ziyadnz|hourly,2026-08-17T18:48:05Z,2026-08-17T18:48:05Z,
149.40.56.13,ipv4,malicious-ip,medium,WHITE,ziyadnz/hourly-ipv4,ziyadnz|hourly,2026-08-17T18:48:05Z,2026-08-17T18:48:05Z,
149.40.56.3,ipv4,malicious-ip,medium,WHITE,ziyadnz/hourly-ipv4,ziyadnz|hourly,2026-08-17T18:48:05Z,2026-08-17T18:48:05Z,
149.40.58.3,ipv4,malicious-ip,medium,WHITE,ziyadnz/hourly-ipv4,ziyadnz|hourly,2026-08-17T18:48:05Z,2026-08-17T18:48:05Z,
149.46.5.69,ipv4,malicious-ip,medium,WHITE,ziyadnz/hourly-ipv4,ziyadnz|hourly,2026-08-17T18:48:05Z,2026-08-17T18:48:05Z,
149.50.106.25,ipv4,malicious-ip,medium,WHITE,ziyadnz/hourly-ipv4,ziyadnz|hourly,2026-08-17T18:48:05Z,2026-08-17T18:48:05Z,
149.50.107.21,ipv4,malicious-ip,medium,WHITE,ziyadnz/hourly-ipv4,ziyadnz|hourly,2026-08-17T18:48:05Z,2026-08-17T18:48:05Z,
149.50.107.40,ipv4,malicious-ip,medium,WHITE,ziyadnz/hourly-ipv4,ziyadnz|hourly,2026-08-17T18:48:05Z,2026-08-17T18:48:05Z,
149.50.107.47,ipv4,malicious-ip,medium,WHITE,ziyadnz/hourly-ipv4,ziyadnz|hourly,2026-08-17T18:48:05Z,2026-08-17T18:48:05Z,
149.50.107.48,ipv4,malicious-ip,medium,WHITE,ziyadnz/hourly-ipv4,ziyadnz|hourly,2026-08-17T18:48:05Z,2026-08-17T18:48:05Z,
149.50.107.49,ipv4,malicious-ip,medium,WHITE,ziyadnz/hourly-ipv4,ziyadnz|hourly,2026-08-17T18:48:05Z,2026-08-17T18:48:05Z,
149.50.107.51,ipv4,malicious-ip,medium,WHITE,ziyadnz/hourly-ipv4,ziyadnz|hourly,2026-08-17T18:48:05Z,2026-08-17T18:48:05Z,
149.50.107.52,ipv4,malicious-ip,medium,WHITE,ziyadnz/hourly-ipv4,ziyadnz|hourly,2026-08-17T18:48:05Z,2026-08-17T18:48:05Z,
149.50.107.54,ipv4,malicious-ip,medium,WHITE,ziyadnz/hourly-ipv4,ziyadnz|hourly,2026-08-17T18:48:05Z,2026-08-17T18:48:05Z,
149.50.220.148,ipv4,malicious-ip,medium,WHITE,ziyadnz/hourly-ipv4,ziyadnz|hourly,2026-08-17T18:48:05Z,2026-08-17T18:48:05Z,
149.50.54.78,ipv4,malicious-ip,medium,WHITE,ziyadnz/hourly-ipv4,ziyadnz|hourly,2026-08-17T18:48:05Z,2026-08-17T18:48:05Z,
149.50.62.62,ipv4,malicious-ip,medium,WHITE,ziyadnz/hourly-ipv4,ziyadnz|hourly,2026-08-17T18:48:05Z,2026-08-17T18:48:05Z,
149.50.96.114,ipv4,malicious-ip,medium,WHITE,ziyadnz/hourly-ipv4,ziyadnz|hourly,2026-08-17T18:48:05Z,2026-08-17T18:48:05Z,
149.50.97.144,ipv4,malicious-ip,medium,WHITE,ziyadnz/hourly-ipv4,ziyadnz|hourly,2026-08-17T18:48:05Z,2026-08-17T18:48:05Z,
149.51.230.198,ipv4,malicious-ip,medium,WHITE,ziyadnz/hourly-ipv4,ziyadnz|hourly,2026-08-17T18:48:05Z,2026-08-17T18:48:05Z,
149.54.15.126,ipv4,malicious-ip,medium,WHITE,ziyadnz/hourly-ipv4,ziyadnz|hourly,2026-08-17T18:48:05Z,2026-08-17T18:48:05Z,
149.54.15.90,ipv4,malicious-ip,medium,WHITE,ziyadnz/hourly-ipv4,ziyadnz|hourly,2026-08-17T18:48:05Z,2026-08-17T18:48:05Z,
149.54.17.122,ipv4,malicious-ip,medium,WHITE,ziyadnz/hourly-ipv4,ziyadnz|hourly,2026-08-17T18:48:05Z,2026-08-17T18:48:05Z,
149.54.31.114,ipv4,malicious-ip,medium,WHITE,ziyadnz/hourly-ipv4,ziyadnz|hourly,2026-08-17T18:48:05Z,2026-08-17T18:48:05Z,
149.54.33.150,ipv4,malicious-ip,medium,WHITE,ziyadnz/hourly-ipv4,ziyadnz|hourly,2026-08-17T18:48:05Z,2026-08-17T18:48:05Z,
149.54.36.187,ipv4,malicious-ip,medium,WHITE,ziyadnz/hourly-ipv4,ziyadnz|hourly,2026-08-17T18:48:05Z,2026-08-17T18:48:05Z,
149.54.51.42,ipv4,malicious-ip,medium,WHITE,ziyadnz/hourly-ipv4,ziyadnz|hourly,2026-08-17T18:48:05Z,2026-08-17T18:48:05Z,
149.54.51.74,ipv4,malicious-ip,medium,WHITE,ziyadnz/hourly-ipv4,ziyadnz|hourly,2026-08-17T18:48:05Z,2026-08-17T18:48:05Z,
149.54.56.62,ipv4,malicious-ip,medium,WHITE,ziyadnz/hourly-ipv4,ziyadnz|hourly,2026-08-17T18:48:05Z,2026-08-17T18:48:05Z,
149.54.62.0,ipv4,malicious-ip,medium,WHITE,ziyadnz/hourly-ipv4,ziyadnz|hourly,2026-08-17T18:48:05Z,2026-08-17T18:48:05Z,
149.54.62.114,ipv4,malicious-ip,medium,WHITE,ziyadnz/hourly-ipv4,ziyadnz|hourly,2026-08-17T18:48:05Z,2026-08-17T18:48:05Z,
149.54.62.162,ipv4,malicious-ip,medium,WHITE,ziyadnz/hourly-ipv4,ziyadnz|hourly,2026-08-17T18:48:05Z,2026-08-17T18:48:05Z,
149.54.62.2,ipv4,malicious-ip,medium,WHITE,ziyadnz/hourly-ipv4,ziyadnz|hourly,2026-08-17T18:48:05Z,2026-08-17T18:48:05Z,
149.54.62.206,ipv4,malicious-ip,medium,WHITE,ziyadnz/hourly-ipv4,ziyadnz|hourly,2026-08-17T18:48:05Z,2026-08-17T18:48:05Z,
149.54.62.22,ipv4,malicious-ip,medium,WHITE,ziyadnz/hourly-ipv4,ziyadnz|hourly,2026-08-17T18:48:05Z,2026-08-17T18:48:05Z,
149.54.62.54,ipv4,malicious-ip,medium,WHITE,ziyadnz/hourly-ipv4,ziyadnz|hourly,2026-08-17T18:48:05Z,2026-08-17T18:48:05Z,
149.54.62.86,ipv4,malicious-ip,medium,WHITE,ziyadnz/hourly-ipv4,ziyadnz|hourly,2026-08-17T18:48:05Z,2026-08-17T18:48:05Z,
149.54.78.14,ipv4,malicious-ip,medium,WHITE,ziyadnz/hourly-ipv4,ziyadnz|hourly,2026-08-17T18:48:05Z,2026-08-17T18:48:05Z,
149.54.81.38,ipv4,malicious-ip,medium,WHITE,ziyadnz/hourly-ipv4,ziyadnz|hourly,2026-08-17T18:48:05Z,2026-08-17T18:48:05Z,
149.54.9.42,ipv4,malicious-ip,medium,WHITE,ziyadnz/hourly-ipv4,ziyadnz|hourly,2026-08-17T18:48:05Z,2026-08-17T18:48:05Z,
149.56.131.28,ipv4,malicious-ip,medium,WHITE,ziyadnz/hourly-ipv4,ziyadnz|hourly,2026-08-17T18:48:05Z,2026-08-17T18:48:05Z,
149.56.134.164,ipv4,malicious-ip,medium,WHITE,ziyadnz/hourly-ipv4,ziyadnz|hourly,2026-08-17T18:48:05Z,2026-08-17T18:48:05Z,
149.56.179.95,ipv4,malicious-ip,medium,WHITE,ziyadnz/hourly-ipv4,ziyadnz|hourly,2026-08-17T18:48:05Z,2026-08-17T18:48:05Z,
149.56.252.31,ipv4,malicious-ip,medium,WHITE,ziyadnz/hourly-ipv4,ziyadnz|hourly,2026-08-17T18:48:05Z,2026-08-17T18:48:05Z,
149.56.44.47,ipv4,malicious-ip,medium,WHITE,ziyadnz/hourly-ipv4,ziyadnz|hourly,2026-08-17T18:48:05Z,2026-08-17T18:48:05Z,
149.62.186.244,ipv4,malicious-ip,medium,WHITE,ziyadnz/hourly-ipv4,ziyadnz|hourly,2026-08-17T18:48:05Z,2026-08-17T18:48:05Z,
149.62.189.44,ipv4,malicious-ip,medium,WHITE,ziyadnz/hourly-ipv4,ziyadnz|hourly,2026-08-17T18:48:05Z,2026-08-17T18:48:05Z,
149.71.44.53,ipv4,malicious-ip,medium,WHITE,ziyadnz/hourly-ipv4,ziyadnz|hourly,2026-08-17T18:48:05Z,2026-08-17T18:48:05Z,
149.71.56.164,ipv4,malicious-ip,medium,WHITE,ziyadnz/hourly-ipv4,ziyadnz|hourly,2026-08-17T18:48:05Z,2026-08-17T18:48:05Z,
149.75.82.16,ipv4,malicious-ip,medium,WHITE,ziyadnz/hourly-ipv4,ziyadnz|hourly,2026-08-17T18:48:05Z,2026-08-17T18:48:05Z,
149.76.161.167,ipv4,malicious-ip,medium,WHITE,ziyadnz/hourly-ipv4,ziyadnz|hourly,2026-08-17T18:48:05Z,2026-08-17T18:48:05Z,
149.76.216.82,ipv4,malicious-ip,medium,WHITE,ziyadnz/hourly-ipv4,ziyadnz|hourly,2026-08-17T18:48:05Z,2026-08-17T18:48:05Z,
149.78.13.18,ipv4,malicious-ip,medium,WHITE,ziyadnz/hourly-ipv4,ziyadnz|hourly,2026-08-17T18:48:05Z,2026-08-17T18:48:05Z,
149.78.153.34,ipv4,malicious-ip,medium,WHITE,ziyadnz/hourly-ipv4,ziyadnz|hourly,2026-08-17T18:48:05Z,2026-08-17T18:48:05Z,
149.78.176.95,ipv4,malicious-ip,medium,WHITE,ziyadnz/hourly-ipv4,ziyadnz|hourly,2026-08-17T18:48:05Z,2026-08-17T18:48:05Z,
149.78.37.122,ipv4,malicious-ip,medium,WHITE,ziyadnz/hourly-ipv4,ziyadnz|hourly,2026-08-17T18:48:05Z,2026-08-17T18:48:05Z,
149.78.37.133,ipv4,malicious-ip,medium,WHITE,ziyadnz/hourly-ipv4,ziyadnz|hourly,2026-08-17T18:48:05Z,2026-08-17T18:48:05Z,
149.78.38.6,ipv4,malicious-ip,medium,WHITE,ziyadnz/hourly-ipv4,ziyadnz|hourly,2026-08-17T18:48:05Z,2026-08-17T18:48:05Z,
149.78.8.0,ipv4,malicious-ip,medium,WHITE,ziyadnz/hourly-ipv4,ziyadnz|hourly,2026-08-17T18:48:05Z,2026-08-17T18:48:05Z,
149.86.233.213,ipv4,malicious-ip,medium,WHITE,ziyadnz/hourly-ipv4,ziyadnz|hourly,2026-08-17T18:48:05Z,2026-08-17T18:48:05Z,
149.88.19.87,ipv4,malicious-ip,medium,WHITE,ziyadnz/hourly-ipv4,ziyadnz|hourly,2026-08-17T18:48:05Z,2026-08-17T18:48:05Z,
149.88.19.91,ipv4,malicious-ip,medium,WHITE,ziyadnz/hourly-ipv4,ziyadnz|hourly,2026-08-17T18:48:05Z,2026-08-17T18:48:05Z,
149.88.23.87,ipv4,malicious-ip,medium,WHITE,ziyadnz/hourly-ipv4,ziyadnz|hourly,2026-08-17T18:48:05Z,2026-08-17T18:48:05Z,
149.88.82.209,ipv4,malicious-ip,medium,WHITE,ziyadnz/hourly-ipv4,ziyadnz|hourly,2026-08-17T18:48:05Z,2026-08-17T18:48:05Z,
149.88.85.208,ipv4,malicious-ip,medium,WHITE,ziyadnz/hourly-ipv4,ziyadnz|hourly,2026-08-17T18:48:05Z,2026-08-17T18:48:05Z,
149.88.88.251,ipv4,malicious-ip,medium,WHITE,ziyadnz/hourly-ipv4,ziyadnz|hourly,2026-08-17T18:48:05Z,2026-08-17T18:48:05Z,
149.88.91.118,ipv4,malicious-ip,medium,WHITE,ziyadnz/hourly-ipv4,ziyadnz|hourly,2026-08-17T18:48:05Z,2026-08-17T18:48:05Z,
149.88.95.74,ipv4,malicious-ip,medium,WHITE,ziyadnz/hourly-ipv4,ziyadnz|hourly,2026-08-17T18:48:05Z,2026-08-17T18:48:05Z,
149.90.105.59,ipv4,malicious-ip,medium,WHITE,ziyadnz/hourly-ipv4,ziyadnz|hourly,2026-08-17T18:48:05Z,2026-08-17T18:48:05Z,
149.90.153.249,ipv4,malicious-ip,medium,WHITE,ziyadnz/hourly-ipv4,ziyadnz|hourly,2026-08-17T18:48:05Z,2026-08-17T18:48:05Z,
149.90.68.71,ipv4,malicious-ip,medium,WHITE,ziyadnz/hourly-ipv4,ziyadnz|hourly,2026-08-17T18:48:05Z,2026-08-17T18:48:05Z,
149.91.97.130,ipv4,malicious-ip,medium,WHITE,ziyadnz/hourly-ipv4,ziyadnz|hourly,2026-08-17T18:48:05Z,2026-08-17T18:48:05Z,
15.156.110.125,ipv4,malicious-ip,medium,WHITE,ziyadnz/hourly-ipv4,ziyadnz|hourly,2026-08-17T18:48:05Z,2026-08-17T18:48:05Z,
15.157.122.50,ipv4,malicious-ip,medium,WHITE,ziyadnz/hourly-ipv4,ziyadnz|hourly,2026-08-17T18:48:05Z,2026-08-17T18:48:05Z,
15.157.135.226,ipv4,malicious-ip,medium,WHITE,ziyadnz/hourly-ipv4,ziyadnz|hourly,2026-08-17T18:48:05Z,2026-08-17T18:48:05Z,
15.188.152.96,ipv4,malicious-ip,medium,WHITE,ziyadnz/hourly-ipv4,ziyadnz|hourly,2026-08-17T18:48:05Z,2026-08-17T18:48:05Z,
15.188.83.38,ipv4,malicious-ip,medium,WHITE,ziyadnz/hourly-ipv4,ziyadnz|hourly,2026-08-17T18:48:05Z,2026-08-17T18:48:05Z,
15.204.101.211,ipv4,malicious-ip,medium,WHITE,ziyadnz/hourly-ipv4,ziyadnz|hourly,2026-08-17T18:48:05Z,2026-08-17T18:48:05Z,
15.204.111.26,ipv4,malicious-ip,medium,WHITE,ziyadnz/hourly-ipv4,ziyadnz|hourly,2026-08-17T18:48:05Z,2026-08-17T18:48:05Z,
15.204.118.38,ipv4,malicious-ip,medium,WHITE,ziyadnz/hourly-ipv4,ziyadnz|hourly,2026-08-17T18:48:05Z,2026-08-17T18:48:05Z,
15.204.170.1,ipv4,malicious-ip,medium,WHITE,ziyadnz/hourly-ipv4,ziyadnz|hourly,2026-08-17T18:48:05Z,2026-08-17T18:48:05Z,
15.204.211.98,ipv4,malicious-ip,medium,WHITE,ziyadnz/hourly-ipv4,ziyadnz|hourly,2026-08-17T18:48:05Z,2026-08-17T18:48:05Z,
15.204.214.220,ipv4,malicious-ip,medium,WHITE,ziyadnz/hourly-ipv4,ziyadnz|hourly,2026-08-17T18:48:05Z,2026-08-17T18:48:05Z,
15.204.225.154,ipv4,malicious-ip,medium,WHITE,ziyadnz/hourly-ipv4,ziyadnz|hourly,2026-08-17T18:48:05Z,2026-08-17T18:48:05Z,
15.204.225.76,ipv4,malicious-ip,medium,WHITE,ziyadnz/hourly-ipv4,ziyadnz|hourly,2026-08-17T18:48:05Z,2026-08-17T18:48:05Z,
15.204.249.142,ipv4,malicious-ip,medium,WHITE,ziyadnz/hourly-ipv4,ziyadnz|hourly,2026-08-17T18:48:05Z,2026-08-17T18:48:05Z,
15.204.255.34,ipv4,malicious-ip,medium,WHITE,ziyadnz/hourly-ipv4,ziyadnz|hourly,2026-08-17T18:48:05Z,2026-08-17T18:48:05Z,
15.204.91.1,ipv4,malicious-ip,medium,WHITE,ziyadnz/hourly-ipv4,ziyadnz|hourly,2026-08-17T18:48:05Z,2026-08-17T18:48:05Z,
15.204.94.7,ipv4,malicious-ip,medium,WHITE,ziyadnz/hourly-ipv4,ziyadnz|hourly,2026-08-17T18:48:05Z,2026-08-17T18:48:05Z,
15.204.95.90,ipv4,malicious-ip,medium,WHITE,ziyadnz/hourly-ipv4,ziyadnz|hourly,2026-08-17T18:48:05Z,2026-08-17T18:48:05Z,
15.206.179.128,ipv4,malicious-ip,medium,WHITE,ziyadnz/hourly-ipv4,ziyadnz|hourly,2026-08-17T18:48:05Z,2026-08-17T18:48:05Z,
15.223.142.203,ipv4,malicious-ip,medium,WHITE,ziyadnz/hourly-ipv4,ziyadnz|hourly,2026-08-17T18:48:05Z,2026-08-17T18:48:05Z,
15.235.10.95,ipv4,malicious-ip,medium,WHITE,ziyadnz/hourly-ipv4,ziyadnz|hourly,2026-08-17T18:48:05Z,2026-08-17T18:48:05Z,
15.235.123.247,ipv4,malicious-ip,medium,WHITE,ziyadnz/hourly-ipv4,ziyadnz|hourly,2026-08-17T18:48:05Z,2026-08-17T18:48:05Z,
15.235.132.255,ipv4,malicious-ip,medium,WHITE,ziyadnz/hourly-ipv4,ziyadnz|hourly,2026-08-17T18:48:05Z,2026-08-17T18:48:05Z,
15.235.138.155,ipv4,malicious-ip,medium,WHITE,ziyadnz/hourly-ipv4,ziyadnz|hourly,2026-08-17T18:48:05Z,2026-08-17T18:48:05Z,
15.235.140.136,ipv4,malicious-ip,medium,WHITE,ziyadnz/hourly-ipv4,ziyadnz|hourly,2026-08-17T18:48:05Z,2026-08-17T18:48:05Z,
15.235.143.16,ipv4,malicious-ip,medium,WHITE,ziyadnz/hourly-ipv4,ziyadnz|hourly,2026-08-17T18:48:05Z,2026-08-17T18:48:05Z,
15.235.145.211,ipv4,malicious-ip,medium,WHITE,ziyadnz/hourly-ipv4,ziyadnz|hourly,2026-08-17T18:48:05Z,2026-08-17T18:48:05Z,
15.235.148.79,ipv4,malicious-ip,medium,WHITE,ziyadnz/hourly-ipv4,ziyadnz|hourly,2026-08-17T18:48:05Z,2026-08-17T18:48:05Z,
15.235.151.49,ipv4,malicious-ip,medium,WHITE,ziyadnz/hourly-ipv4,ziyadnz|hourly,2026-08-17T18:48:05Z,2026-08-17T18:48:05Z,
15.235.155.8,ipv4,malicious-ip,medium,WHITE,ziyadnz/hourly-ipv4,ziyadnz|hourly,2026-08-17T18:48:05Z,2026-08-17T18:48:05Z,
15.235.166.18,ipv4,malicious-ip,medium,WHITE,ziyadnz/hourly-ipv4,ziyadnz|hourly,2026-08-17T18:48:05Z,2026-08-17T18:48:05Z,
15.235.169.183,ipv4,malicious-ip,medium,WHITE,ziyadnz/hourly-ipv4,ziyadnz|hourly,2026-08-17T18:48:05Z,2026-08-17T18:48:05Z,
15.235.172.166,ipv4,malicious-ip,medium,WHITE,ziyadnz/hourly-ipv4,ziyadnz|hourly,2026-08-17T18:48:05Z,2026-08-17T18:48:05Z,
15.235.172.219,ipv4,malicious-ip,medium,WHITE,ziyadnz/hourly-ipv4,ziyadnz|hourly,2026-08-17T18:48:05Z,2026-08-17T18:48:05Z,
15.235.176.166,ipv4,malicious-ip,medium,WHITE,ziyadnz/hourly-ipv4,ziyadnz|hourly,2026-08-17T18:48:05Z,2026-08-17T18:48:05Z,
15.235.183.101,ipv4,malicious-ip,medium,WHITE,ziyadnz/hourly-ipv4,ziyadnz|hourly,2026-08-17T18:48:05Z,2026-08-17T18:48:05Z,
15.235.202.109,ipv4,malicious-ip,medium,WHITE,ziyadnz/hourly-ipv4,ziyadnz|hourly,2026-08-17T18:48:05Z,2026-08-17T18:48:05Z,
15.235.224.155,ipv4,malicious-ip,medium,WHITE,ziyadnz/hourly-ipv4,ziyadnz|hourly,2026-08-17T18:48:05Z,2026-08-17T18:48:05Z,
15.235.226.140,ipv4,malicious-ip,medium,WHITE,ziyadnz/hourly-ipv4,ziyadnz|hourly,2026-08-17T18:48:05Z,2026-08-17T18:48:05Z,
15.235.228.140,ipv4,malicious-ip,medium,WHITE,ziyadnz/hourly-ipv4,ziyadnz|hourly,2026-08-17T18:48:05Z,2026-08-17T18:48:05Z,
15.235.234.188,ipv4,malicious-ip,medium,WHITE,ziyadnz/hourly-ipv4,ziyadnz|hourly,2026-08-17T18:48:05Z,2026-08-17T18:48:05Z,
15.235.27.102,ipv4,malicious-ip,medium,WHITE,ziyadnz/hourly-ipv4,ziyadnz|hourly,2026-08-17T18:48:05Z,2026-08-17T18:48:05Z,
15.235.27.103,ipv4,malicious-ip,medium,WHITE,ziyadnz/hourly-ipv4,ziyadnz|hourly,2026-08-17T18:48:05Z,2026-08-17T18:48:05Z,
15.235.27.104,ipv4,malicious-ip,medium,WHITE,ziyadnz/hourly-ipv4,ziyadnz|hourly,2026-08-17T18:48:05Z,2026-08-17T18:48:05Z,
15.235.27.105,ipv4,malicious-ip,medium,WHITE,ziyadnz/hourly-ipv4,ziyadnz|hourly,2026-08-17T18:48:05Z,2026-08-17T18:48:05Z,
15.235.27.109,ipv4,malicious-ip,medium,WHITE,ziyadnz/hourly-ipv4,ziyadnz|hourly,2026-08-17T18:48:05Z,2026-08-17T18:48:05Z,
15.235.27.147,ipv4,malicious-ip,medium,WHITE,ziyadnz/hourly-ipv4,ziyadnz|hourly,2026-08-17T18:48:05Z,2026-08-17T18:48:05Z,
15.235.27.150,ipv4,malicious-ip,medium,WHITE,ziyadnz/hourly-ipv4,ziyadnz|hourly,2026-08-17T18:48:05Z,2026-08-17T18:48:05Z,
15.235.27.166,ipv4,malicious-ip,medium,WHITE,ziyadnz/hourly-ipv4,ziyadnz|hourly,2026-08-17T18:48:05Z,2026-08-17T18:48:05Z,
15.235.27.169,ipv4,malicious-ip,medium,WHITE,ziyadnz/hourly-ipv4,ziyadnz|hourly,2026-08-17T18:48:05Z,2026-08-17T18:48:05Z,
15.235.27.208,ipv4,malicious-ip,medium,WHITE,ziyadnz/hourly-ipv4,ziyadnz|hourly,2026-08-17T18:48:05Z,2026-08-17T18:48:05Z,
15.235.27.219,ipv4,malicious-ip,medium,WHITE,ziyadnz/hourly-ipv4,ziyadnz|hourly,2026-08-17T18:48:05Z,2026-08-17T18:48:05Z,
15.235.27.224,ipv4,malicious-ip,medium,WHITE,ziyadnz/hourly-ipv4,ziyadnz|hourly,2026-08-17T18:48:05Z,2026-08-17T18:48:05Z,
15.235.27.225,ipv4,malicious-ip,medium,WHITE,ziyadnz/hourly-ipv4,ziyadnz|hourly,2026-08-17T18:48:05Z,2026-08-17T18:48:05Z,
15.235.27.230,ipv4,malicious-ip,medium,WHITE,ziyadnz/hourly-ipv4,ziyadnz|hourly,2026-08-17T18:48:05Z,2026-08-17T18:48:05Z,
15.235.27.239,ipv4,malicious-ip,medium,WHITE,ziyadnz/hourly-ipv4,ziyadnz|hourly,2026-08-17T18:48:05Z,2026-08-17T18:48:05Z,
15.235.27.240,ipv4,malicious-ip,medium,WHITE,ziyadnz/hourly-ipv4,ziyadnz|hourly,2026-08-17T18:48:05Z,2026-08-17T18:48:05Z,
15.235.27.242,ipv4,malicious-ip,medium,WHITE,ziyadnz/hourly-ipv4,ziyadnz|hourly,2026-08-17T18:48:05Z,2026-08-17T18:48:05Z,
15.235.27.246,ipv4,malicious-ip,medium,WHITE,ziyadnz/hourly-ipv4,ziyadnz|hourly,2026-08-17T18:48:05Z,2026-08-17T18:48:05Z,
15.235.27.248,ipv4,malicious-ip,medium,WHITE,ziyadnz/hourly-ipv4,ziyadnz|hourly,2026-08-17T18:48:05Z,2026-08-17T18:48:05Z,
15.235.27.27,ipv4,malicious-ip,medium,WHITE,ziyadnz/hourly-ipv4,ziyadnz|hourly,2026-08-17T18:48:05Z,2026-08-17T18:48:05Z,
15.235.27.31,ipv4,malicious-ip,medium,WHITE,ziyadnz/hourly-ipv4,ziyadnz|hourly,2026-08-17T18:48:05Z,2026-08-17T18:48:05Z,
15.235.27.32,ipv4,malicious-ip,medium,WHITE,ziyadnz/hourly-ipv4,ziyadnz|hourly,2026-08-17T18:48:05Z,2026-08-17T18:48:05Z,
15.235.27.34,ipv4,malicious-ip,medium,WHITE,ziyadnz/hourly-ipv4,ziyadnz|hourly,2026-08-17T18:48:05Z,2026-08-17T18:48:05Z,
15.235.27.35,ipv4,malicious-ip,medium,WHITE,ziyadnz/hourly-ipv4,ziyadnz|hourly,2026-08-17T18:48:05Z,2026-08-17T18:48:05Z,
15.235.27.4,ipv4,malicious-ip,medium,WHITE,ziyadnz/hourly-ipv4,ziyadnz|hourly,2026-08-17T18:48:05Z,2026-08-17T18:48:05Z,
15.235.27.40,ipv4,malicious-ip,medium,WHITE,ziyadnz/hourly-ipv4,ziyadnz|hourly,2026-08-17T18:48:05Z,2026-08-17T18:48:05Z,
15.235.27.43,ipv4,malicious-ip,medium,WHITE,ziyadnz/hourly-ipv4,ziyadnz|hourly,2026-08-17T18:48:05Z,2026-08-17T18:48:05Z,
15.235.27.44,ipv4,malicious-ip,medium,WHITE,ziyadnz/hourly-ipv4,ziyadnz|hourly,2026-08-17T18:48:05Z,2026-08-17T18:48:05Z,
15.235.27.51,ipv4,malicious-ip,medium,WHITE,ziyadnz/hourly-ipv4,ziyadnz|hourly,2026-08-17T18:48:05Z,2026-08-17T18:48:05Z,
15.235.27.59,ipv4,malicious-ip,medium,WHITE,ziyadnz/hourly-ipv4,ziyadnz|hourly,2026-08-17T18:48:05Z,2026-08-17T18:48:05Z,
15.235.27.72,ipv4,malicious-ip,medium,WHITE,ziyadnz/hourly-ipv4,ziyadnz|hourly,2026-08-17T18:48:05Z,2026-08-17T18:48:05Z,
15.235.27.75,ipv4,malicious-ip,medium,WHITE,ziyadnz/hourly-ipv4,ziyadnz|hourly,2026-08-17T18:48:05Z,2026-08-17T18:48:05Z,
15.235.27.79,ipv4,malicious-ip,medium,WHITE,ziyadnz/hourly-ipv4,ziyadnz|hourly,2026-08-17T18:48:05Z,2026-08-17T18:48:05Z,
15.235.27.84,ipv4,malicious-ip,medium,WHITE,ziyadnz/hourly-ipv4,ziyadnz|hourly,2026-08-17T18:48:05Z,2026-08-17T18:48:05Z,
15.235.27.90,ipv4,malicious-ip,medium,WHITE,ziyadnz/hourly-ipv4,ziyadnz|hourly,2026-08-17T18:48:05Z,2026-08-17T18:48:05Z,
15.235.27.96,ipv4,malicious-ip,medium,WHITE,ziyadnz/hourly-ipv4,ziyadnz|hourly,2026-08-17T18:48:05Z,2026-08-17T18:48:05Z,
15.235.27.99,ipv4,malicious-ip,medium,WHITE,ziyadnz/hourly-ipv4,ziyadnz|hourly,2026-08-17T18:48:05Z,2026-08-17T18:48:05Z,
15.235.32.243,ipv4,malicious-ip,medium,WHITE,ziyadnz/hourly-ipv4,ziyadnz|hourly,2026-08-17T18:48:05Z,2026-08-17T18:48:05Z,
15.235.44.231,ipv4,malicious-ip,medium,WHITE,ziyadnz/hourly-ipv4,ziyadnz|hourly,2026-08-17T18:48:05Z,2026-08-17T18:48:05Z,
15.235.45.155,ipv4,malicious-ip,medium,WHITE,ziyadnz/hourly-ipv4,ziyadnz|hourly,2026-08-17T18:48:05Z,2026-08-17T18:48:05Z,
15.235.47.206,ipv4,malicious-ip,medium,WHITE,ziyadnz/hourly-ipv4,ziyadnz|hourly,2026-08-17T18:48:05Z,2026-08-17T18:48:05Z,
15.235.47.80,ipv4,malicious-ip,medium,WHITE,ziyadnz/hourly-ipv4,ziyadnz|hourly,2026-08-17T18:48:05Z,2026-08-17T18:48:05Z,
15.235.5.241,ipv4,malicious-ip,medium,WHITE,ziyadnz/hourly-ipv4,ziyadnz|hourly,2026-08-17T18:48:05Z,2026-08-17T18:48:05Z,
15.235.96.0,ipv4,malicious-ip,medium,WHITE,ziyadnz/hourly-ipv4,ziyadnz|hourly,2026-08-17T18:48:05Z,2026-08-17T18:48:05Z,
15.235.96.116,ipv4,malicious-ip,medium,WHITE,ziyadnz/hourly-ipv4,ziyadnz|hourly,2026-08-17T18:48:05Z,2026-08-17T18:48:05Z,
15.235.96.127,ipv4,malicious-ip,medium,WHITE,ziyadnz/hourly-ipv4,ziyadnz|hourly,2026-08-17T18:48:05Z,2026-08-17T18:48:05Z,
15.235.96.165,ipv4,malicious-ip,medium,WHITE,ziyadnz/hourly-ipv4,ziyadnz|hourly,2026-08-17T18:48:05Z,2026-08-17T18:48:05Z,
15.235.96.171,ipv4,malicious-ip,medium,WHITE,ziyadnz/hourly-ipv4,ziyadnz|hourly,2026-08-17T18:48:05Z,2026-08-17T18:48:05Z,
15.235.96.252,ipv4,malicious-ip,medium,WHITE,ziyadnz/hourly-ipv4,ziyadnz|hourly,2026-08-17T18:48:05Z,2026-08-17T18:48:05Z,
15.235.96.52,ipv4,malicious-ip,medium,WHITE,ziyadnz/hourly-ipv4,ziyadnz|hourly,2026-08-17T18:48:05Z,2026-08-17T18:48:05Z,
15.235.96.86,ipv4,malicious-ip,medium,WHITE,ziyadnz/hourly-ipv4,ziyadnz|hourly,2026-08-17T18:48:05Z,2026-08-17T18:48:05Z,
15.235.98.0,ipv4,malicious-ip,medium,WHITE,ziyadnz/hourly-ipv4,ziyadnz|hourly,2026-08-17T18:48:05Z,2026-08-17T18:48:05Z,
15.235.98.1,ipv4,malicious-ip,medium,WHITE,ziyadnz/hourly-ipv4,ziyadnz|hourly,2026-08-17T18:48:05Z,2026-08-17T18:48:05Z,
15.235.98.102,ipv4,malicious-ip,medium,WHITE,ziyadnz/hourly-ipv4,ziyadnz|hourly,2026-08-17T18:48:05Z,2026-08-17T18:48:05Z,
15.235.98.110,ipv4,malicious-ip,medium,WHITE,ziyadnz/hourly-ipv4,ziyadnz|hourly,2026-08-17T18:48:05Z,2026-08-17T18:48:05Z,
15.235.98.125,ipv4,malicious-ip,medium,WHITE,ziyadnz/hourly-ipv4,ziyadnz|hourly,2026-08-17T18:48:05Z,2026-08-17T18:48:05Z,
15.235.98.13,ipv4,malicious-ip,medium,WHITE,ziyadnz/hourly-ipv4,ziyadnz|hourly,2026-08-17T18:48:05Z,2026-08-17T18:48:05Z,
15.235.98.136,ipv4,malicious-ip,medium,WHITE,ziyadnz/hourly-ipv4,ziyadnz|hourly,2026-08-17T18:48:05Z,2026-08-17T18:48:05Z,
15.235.98.14,ipv4,malicious-ip,medium,WHITE,ziyadnz/hourly-ipv4,ziyadnz|hourly,2026-08-17T18:48:05Z,2026-08-17T18:48:05Z,
15.235.98.155,ipv4,malicious-ip,medium,WHITE,ziyadnz/hourly-ipv4,ziyadnz|hourly,2026-08-17T18:48:05Z,2026-08-17T18:48:05Z,
15.235.98.159,ipv4,malicious-ip,medium,WHITE,ziyadnz/hourly-ipv4,ziyadnz|hourly,2026-08-17T18:48:05Z,2026-08-17T18:48:05Z,
15.235.98.166,ipv4,malicious-ip,medium,WHITE,ziyadnz/hourly-ipv4,ziyadnz|hourly,2026-08-17T18:48:05Z,2026-08-17T18:48:05Z,
15.235.98.178,ipv4,malicious-ip,medium,WHITE,ziyadnz/hourly-ipv4,ziyadnz|hourly,2026-08-17T18:48:05Z,2026-08-17T18:48:05Z,
15.235.98.179,ipv4,malicious-ip,medium,WHITE,ziyadnz/hourly-ipv4,ziyadnz|hourly,2026-08-17T18:48:05Z,2026-08-17T18:48:05Z,
15.235.98.18,ipv4,malicious-ip,medium,WHITE,ziyadnz/hourly-ipv4,ziyadnz|hourly,2026-08-17T18:48:05Z,2026-08-17T18:48:05Z,
15.235.98.190,ipv4,malicious-ip,medium,WHITE,ziyadnz/hourly-ipv4,ziyadnz|hourly,2026-08-17T18:48:05Z,2026-08-17T18:48:05Z,
15.235.98.199,ipv4,malicious-ip,medium,WHITE,ziyadnz/hourly-ipv4,ziyadnz|hourly,2026-08-17T18:48:05Z,2026-08-17T18:48:05Z,
15.235.98.216,ipv4,malicious-ip,medium,WHITE,ziyadnz/hourly-ipv4,ziyadnz|hourly,2026-08-17T18:48:05Z,2026-08-17T18:48:05Z,
15.235.98.218,ipv4,malicious-ip,medium,WHITE,ziyadnz/hourly-ipv4,ziyadnz|hourly,2026-08-17T18:48:05Z,2026-08-17T18:48:05Z,
15.235.98.222,ipv4,malicious-ip,medium,WHITE,ziyadnz/hourly-ipv4,ziyadnz|hourly,2026-08-17T18:48:05Z,2026-08-17T18:48:05Z,
15.235.98.229,ipv4,malicious-ip,medium,WHITE,ziyadnz/hourly-ipv4,ziyadnz|hourly,2026-08-17T18:48:05Z,2026-08-17T18:48:05Z,
15.235.98.232,ipv4,malicious-ip,medium,WHITE,ziyadnz/hourly-ipv4,ziyadnz|hourly,2026-08-17T18:48:05Z,2026-08-17T18:48:05Z,
15.235.98.234,ipv4,malicious-ip,medium,WHITE,ziyadnz/hourly-ipv4,ziyadnz|hourly,2026-08-17T18:48:05Z,2026-08-17T18:48:05Z,
15.235.98.237,ipv4,malicious-ip,medium,WHITE,ziyadnz/hourly-ipv4,ziyadnz|hourly,2026-08-17T18:48:05Z,2026-08-17T18:48:05Z,
15.235.98.238,ipv4,malicious-ip,medium,WHITE,ziyadnz/hourly-ipv4,ziyadnz|hourly,2026-08-17T18:48:05Z,2026-08-17T18:48:05Z,
15.235.98.241,ipv4,malicious-ip,medium,WHITE,ziyadnz/hourly-ipv4,ziyadnz|hourly,2026-08-17T18:48:05Z,2026-08-17T18:48:05Z,
15.235.98.243,ipv4,malicious-ip,medium,WHITE,ziyadnz/hourly-ipv4,ziyadnz|hourly,2026-08-17T18:48:05Z,2026-08-17T18:48:05Z,
15.235.98.249,ipv4,malicious-ip,medium,WHITE,ziyadnz/hourly-ipv4,ziyadnz|hourly,2026-08-17T18:48:05Z,2026-08-17T18:48:05Z,
15.235.98.252,ipv4,malicious-ip,medium,WHITE,ziyadnz/hourly-ipv4,ziyadnz|hourly,2026-08-17T18:48:05Z,2026-08-17T18:48:05Z,
15.235.98.255,ipv4,malicious-ip,medium,WHITE,ziyadnz/hourly-ipv4,ziyadnz|hourly,2026-08-17T18:48:05Z,2026-08-17T18:48:05Z,
15.235.98.31,ipv4,malicious-ip,medium,WHITE,ziyadnz/hourly-ipv4,ziyadnz|hourly,2026-08-17T18:48:05Z,2026-08-17T18:48:05Z,
15.235.98.32,ipv4,malicious-ip,medium,WHITE,ziyadnz/hourly-ipv4,ziyadnz|hourly,2026-08-17T18:48:05Z,2026-08-17T18:48:05Z,
15.235.98.35,ipv4,malicious-ip,medium,WHITE,ziyadnz/hourly-ipv4,ziyadnz|hourly,2026-08-17T18:48:05Z,2026-08-17T18:48:05Z,
15.235.98.48,ipv4,malicious-ip,medium,WHITE,ziyadnz/hourly-ipv4,ziyadnz|hourly,2026-08-17T18:48:05Z,2026-08-17T18:48:05Z,
15.235.98.61,ipv4,malicious-ip,medium,WHITE,ziyadnz/hourly-ipv4,ziyadnz|hourly,2026-08-17T18:48:05Z,2026-08-17T18:48:05Z,
15.235.98.65,ipv4,malicious-ip,medium,WHITE,ziyadnz/hourly-ipv4,ziyadnz|hourly,2026-08-17T18:48:05Z,2026-08-17T18:48:05Z,
15.235.98.66,ipv4,malicious-ip,medium,WHITE,ziyadnz/hourly-ipv4,ziyadnz|hourly,2026-08-17T18:48:05Z,2026-08-17T18:48:05Z,
15.235.98.72,ipv4,malicious-ip,medium,WHITE,ziyadnz/hourly-ipv4,ziyadnz|hourly,2026-08-17T18:48:05Z,2026-08-17T18:48:05Z,
15.235.98.75,ipv4,malicious-ip,medium,WHITE,ziyadnz/hourly-ipv4,ziyadnz|hourly,2026-08-17T18:48:05Z,2026-08-17T18:48:05Z,
15.235.98.81,ipv4,malicious-ip,medium,WHITE,ziyadnz/hourly-ipv4,ziyadnz|hourly,2026-08-17T18:48:05Z,2026-08-17T18:48:05Z,
15.235.98.87,ipv4,malicious-ip,medium,WHITE,ziyadnz/hourly-ipv4,ziyadnz|hourly,2026-08-17T18:48:05Z,2026-08-17T18:48:05Z,
15.235.98.95,ipv4,malicious-ip,medium,WHITE,ziyadnz/hourly-ipv4,ziyadnz|hourly,2026-08-17T18:48:05Z,2026-08-17T18:48:05Z,
150.107.106.56,ipv4,malicious-ip,medium,WHITE,ziyadnz/hourly-ipv4,ziyadnz|hourly,2026-08-17T18:48:05Z,2026-08-17T18:48:05Z,
150.107.141.186,ipv4,malicious-ip,medium,WHITE,ziyadnz/hourly-ipv4,ziyadnz|hourly,2026-08-17T18:48:05Z,2026-08-17T18:48:05Z,
150.107.213.132,ipv4,malicious-ip,medium,WHITE,ziyadnz/hourly-ipv4,ziyadnz|hourly,2026-08-17T18:48:05Z,2026-08-17T18:48:05Z,
150.107.213.157,ipv4,malicious-ip,medium,WHITE,ziyadnz/hourly-ipv4,ziyadnz|hourly,2026-08-17T18:48:05Z,2026-08-17T18:48:05Z,
150.107.232.194,ipv4,malicious-ip,medium,WHITE,ziyadnz/hourly-ipv4,ziyadnz|hourly,2026-08-17T18:48:05Z,2026-08-17T18:48:05Z,
150.107.232.216,ipv4,malicious-ip,medium,WHITE,ziyadnz/hourly-ipv4,ziyadnz|hourly,2026-08-17T18:48:05Z,2026-08-17T18:48:05Z,
150.107.243.146,ipv4,malicious-ip,medium,WHITE,ziyadnz/hourly-ipv4,ziyadnz|hourly,2026-08-17T18:48:05Z,2026-08-17T18:48:05Z,
150.107.254.200,ipv4,malicious-ip,medium,WHITE,ziyadnz/hourly-ipv4,ziyadnz|hourly,2026-08-17T18:48:05Z,2026-08-17T18:48:05Z,
150.107.254.48,ipv4,malicious-ip,medium,WHITE,ziyadnz/hourly-ipv4,ziyadnz|hourly,2026-08-17T18:48:05Z,2026-08-17T18:48:05Z,
150.107.36.105,ipv4,malicious-ip,medium,WHITE,ziyadnz/hourly-ipv4,ziyadnz|hourly,2026-08-17T18:48:05Z,2026-08-17T18:48:05Z,
150.107.36.120,ipv4,malicious-ip,medium,WHITE,ziyadnz/hourly-ipv4,ziyadnz|hourly,2026-08-17T18:48:05Z,2026-08-17T18:48:05Z,
150.107.36.186,ipv4,malicious-ip,medium,WHITE,ziyadnz/hourly-ipv4,ziyadnz|hourly,2026-08-17T18:48:05Z,2026-08-17T18:48:05Z,
150.107.36.208,ipv4,malicious-ip,medium,WHITE,ziyadnz/hourly-ipv4,ziyadnz|hourly,2026-08-17T18:48:05Z,2026-08-17T18:48:05Z,
150.107.36.212,ipv4,malicious-ip,medium,WHITE,ziyadnz/hourly-ipv4,ziyadnz|hourly,2026-08-17T18:48:05Z,2026-08-17T18:48:05Z,
150.107.36.214,ipv4,malicious-ip,medium,WHITE,ziyadnz/hourly-ipv4,ziyadnz|hourly,2026-08-17T18:48:05Z,2026-08-17T18:48:05Z,
150.107.36.219,ipv4,malicious-ip,medium,WHITE,ziyadnz/hourly-ipv4,ziyadnz|hourly,2026-08-17T18:48:05Z,2026-08-17T18:48:05Z,
150.107.36.236,ipv4,malicious-ip,medium,WHITE,ziyadnz/hourly-ipv4,ziyadnz|hourly,2026-08-17T18:48:05Z,2026-08-17T18:48:05Z,
150.107.36.242,ipv4,malicious-ip,medium,WHITE,ziyadnz/hourly-ipv4,ziyadnz|hourly,2026-08-17T18:48:05Z,2026-08-17T18:48:05Z,
150.107.36.243,ipv4,malicious-ip,medium,WHITE,ziyadnz/hourly-ipv4,ziyadnz|hourly,2026-08-17T18:48:05Z,2026-08-17T18:48:05Z,
150.107.36.244,ipv4,malicious-ip,medium,WHITE,ziyadnz/hourly-ipv4,ziyadnz|hourly,2026-08-17T18:48:05Z,2026-08-17T18:48:05Z,
150.107.36.249,ipv4,malicious-ip,medium,WHITE,ziyadnz/hourly-ipv4,ziyadnz|hourly,2026-08-17T18:48:05Z,2026-08-17T18:48:05Z,
150.107.36.74,ipv4,malicious-ip,medium,WHITE,ziyadnz/hourly-ipv4,ziyadnz|hourly,2026-08-17T18:48:05Z,2026-08-17T18:48:05Z,
150.107.36.82,ipv4,malicious-ip,medium,WHITE,ziyadnz/hourly-ipv4,ziyadnz|hourly,2026-08-17T18:48:05Z,2026-08-17T18:48:05Z,
150.107.36.85,ipv4,malicious-ip,medium,WHITE,ziyadnz/hourly-ipv4,ziyadnz|hourly,2026-08-17T18:48:05Z,2026-08-17T18:48:05Z,
150.107.38.0,ipv4,malicious-ip,medium,WHITE,ziyadnz/hourly-ipv4,ziyadnz|hourly,2026-08-17T18:48:05Z,2026-08-17T18:48:05Z,
150.107.38.102,ipv4,malicious-ip,medium,WHITE,ziyadnz/hourly-ipv4,ziyadnz|hourly,2026-08-17T18:48:05Z,2026-08-17T18:48:05Z,
150.107.38.111,ipv4,malicious-ip,medium,WHITE,ziyadnz/hourly-ipv4,ziyadnz|hourly,2026-08-17T18:48:05Z,2026-08-17T18:48:05Z,
150.107.38.112,ipv4,malicious-ip,medium,WHITE,ziyadnz/hourly-ipv4,ziyadnz|hourly,2026-08-17T18:48:05Z,2026-08-17T18:48:05Z,
150.107.38.116,ipv4,malicious-ip,medium,WHITE,ziyadnz/hourly-ipv4,ziyadnz|hourly,2026-08-17T18:48:05Z,2026-08-17T18:48:05Z,
150.107.38.128,ipv4,malicious-ip,medium,WHITE,ziyadnz/hourly-ipv4,ziyadnz|hourly,2026-08-17T18:48:05Z,2026-08-17T18:48:05Z,
150.107.38.131,ipv4,malicious-ip,medium,WHITE,ziyadnz/hourly-ipv4,ziyadnz|hourly,2026-08-17T18:48:05Z,2026-08-17T18:48:05Z,
150.107.38.132,ipv4,malicious-ip,medium,WHITE,ziyadnz/hourly-ipv4,ziyadnz|hourly,2026-08-17T18:48:05Z,2026-08-17T18:48:05Z,
150.107.38.133,ipv4,malicious-ip,medium,WHITE,ziyadnz/hourly-ipv4,ziyadnz|hourly,2026-08-17T18:48:05Z,2026-08-17T18:48:05Z,
150.107.38.134,ipv4,malicious-ip,medium,WHITE,ziyadnz/hourly-ipv4,ziyadnz|hourly,2026-08-17T18:48:05Z,2026-08-17T18:48:05Z,
150.107.38.137,ipv4,malicious-ip,medium,WHITE,ziyadnz/hourly-ipv4,ziyadnz|hourly,2026-08-17T18:48:05Z,2026-08-17T18:48:05Z,
150.107.38.138,ipv4,malicious-ip,medium,WHITE,ziyadnz/hourly-ipv4,ziyadnz|hourly,2026-08-17T18:48:05Z,2026-08-17T18:48:05Z,
150.107.38.140,ipv4,malicious-ip,medium,WHITE,ziyadnz/hourly-ipv4,ziyadnz|hourly,2026-08-17T18:48:05Z,2026-08-17T18:48:05Z,
150.107.38.141,ipv4,malicious-ip,medium,WHITE,ziyadnz/hourly-ipv4,ziyadnz|hourly,2026-08-17T18:48:05Z,2026-08-17T18:48:05Z,
150.107.38.143,ipv4,malicious-ip,medium,WHITE,ziyadnz/hourly-ipv4,ziyadnz|hourly,2026-08-17T18:48:05Z,2026-08-17T18:48:05Z,
150.107.38.146,ipv4,malicious-ip,medium,WHITE,ziyadnz/hourly-ipv4,ziyadnz|hourly,2026-08-17T18:48:05Z,2026-08-17T18:48:05Z,
150.107.38.147,ipv4,malicious-ip,medium,WHITE,ziyadnz/hourly-ipv4,ziyadnz|hourly,2026-08-17T18:48:05Z,2026-08-17T18:48:05Z,
150.107.38.156,ipv4,malicious-ip,medium,WHITE,ziyadnz/hourly-ipv4,ziyadnz|hourly,2026-08-17T18:48:05Z,2026-08-17T18:48:05Z,
150.107.38.16,ipv4,malicious-ip,medium,WHITE,ziyadnz/hourly-ipv4,ziyadnz|hourly,2026-08-17T18:48:05Z,2026-08-17T18:48:05Z,
150.107.38.160,ipv4,malicious-ip,medium,WHITE,ziyadnz/hourly-ipv4,ziyadnz|hourly,2026-08-17T18:48:05Z,2026-08-17T18:48:05Z,
150.107.38.161,ipv4,malicious-ip,medium,WHITE,ziyadnz/hourly-ipv4,ziyadnz|hourly,2026-08-17T18:48:05Z,2026-08-17T18:48:05Z,
150.107.38.162,ipv4,malicious-ip,medium,WHITE,ziyadnz/hourly-ipv4,ziyadnz|hourly,2026-08-17T18:48:05Z,2026-08-17T18:48:05Z,
150.107.38.163,ipv4,malicious-ip,medium,WHITE,ziyadnz/hourly-ipv4,ziyadnz|hourly,2026-08-17T18:48:05Z,2026-08-17T18:48:05Z,
150.107.38.168,ipv4,malicious-ip,medium,WHITE,ziyadnz/hourly-ipv4,ziyadnz|hourly,2026-08-17T18:48:05Z,2026-08-17T18:48:05Z,
150.107.38.173,ipv4,malicious-ip,medium,WHITE,ziyadnz/hourly-ipv4,ziyadnz|hourly,2026-08-17T18:48:05Z,2026-08-17T18:48:05Z,
150.107.38.174,ipv4,malicious-ip,medium,WHITE,ziyadnz/hourly-ipv4,ziyadnz|hourly,2026-08-17T18:48:05Z,2026-08-17T18:48:05Z,
150.107.38.176,ipv4,malicious-ip,medium,WHITE,ziyadnz/hourly-ipv4,ziyadnz|hourly,2026-08-17T18:48:05Z,2026-08-17T18:48:05Z,
150.107.38.180,ipv4,malicious-ip,medium,WHITE,ziyadnz/hourly-ipv4,ziyadnz|hourly,2026-08-17T18:48:05Z,2026-08-17T18:48:05Z,
150.107.38.181,ipv4,malicious-ip,medium,WHITE,ziyadnz/hourly-ipv4,ziyadnz|hourly,2026-08-17T18:48:05Z,2026-08-17T18:48:05Z,
150.107.38.182,ipv4,malicious-ip,medium,WHITE,ziyadnz/hourly-ipv4,ziyadnz|hourly,2026-08-17T18:48:05Z,2026-08-17T18:48:05Z,
150.107.38.184,ipv4,malicious-ip,medium,WHITE,ziyadnz/hourly-ipv4,ziyadnz|hourly,2026-08-17T18:48:05Z,2026-08-17T18:48:05Z,
150.107.38.187,ipv4,malicious-ip,medium,WHITE,ziyadnz/hourly-ipv4,ziyadnz|hourly,2026-08-17T18:48:05Z,2026-08-17T18:48:05Z,
150.107.38.188,ipv4,malicious-ip,medium,WHITE,ziyadnz/hourly-ipv4,ziyadnz|hourly,2026-08-17T18:48:05Z,2026-08-17T18:48:05Z,
150.107.38.189,ipv4,malicious-ip,medium,WHITE,ziyadnz/hourly-ipv4,ziyadnz|hourly,2026-08-17T18:48:05Z,2026-08-17T18:48:05Z,
150.107.38.191,ipv4,malicious-ip,medium,WHITE,ziyadnz/hourly-ipv4,ziyadnz|hourly,2026-08-17T18:48:05Z,2026-08-17T18:48:05Z,
150.107.38.192,ipv4,malicious-ip,medium,WHITE,ziyadnz/hourly-ipv4,ziyadnz|hourly,2026-08-17T18:48:05Z,2026-08-17T18:48:05Z,
150.107.38.194,ipv4,malicious-ip,medium,WHITE,ziyadnz/hourly-ipv4,ziyadnz|hourly,2026-08-17T18:48:05Z,2026-08-17T18:48:05Z,
150.107.38.195,ipv4,malicious-ip,medium,WHITE,ziyadnz/hourly-ipv4,ziyadnz|hourly,2026-08-17T18:48:05Z,2026-08-17T18:48:05Z,
150.107.38.196,ipv4,malicious-ip,medium,WHITE,ziyadnz/hourly-ipv4,ziyadnz|hourly,2026-08-17T18:48:05Z,2026-08-17T18:48:05Z,
150.107.38.197,ipv4,malicious-ip,medium,WHITE,ziyadnz/hourly-ipv4,ziyadnz|hourly,2026-08-17T18:48:05Z,2026-08-17T18:48:05Z,
150.107.38.198,ipv4,malicious-ip,medium,WHITE,ziyadnz/hourly-ipv4,ziyadnz|hourly,2026-08-17T18:48:05Z,2026-08-17T18:48:05Z,
150.107.38.200,ipv4,malicious-ip,medium,WHITE,ziyadnz/hourly-ipv4,ziyadnz|hourly,2026-08-17T18:48:05Z,2026-08-17T18:48:05Z,
150.107.38.201,ipv4,malicious-ip,medium,WHITE,ziyadnz/hourly-ipv4,ziyadnz|hourly,2026-08-17T18:48:05Z,2026-08-17T18:48:05Z,
150.107.38.202,ipv4,malicious-ip,medium,WHITE,ziyadnz/hourly-ipv4,ziyadnz|hourly,2026-08-17T18:48:05Z,2026-08-17T18:48:05Z,
150.107.38.203,ipv4,malicious-ip,medium,WHITE,ziyadnz/hourly-ipv4,ziyadnz|hourly,2026-08-17T18:48:05Z,2026-08-17T18:48:05Z,
150.107.38.206,ipv4,malicious-ip,medium,WHITE,ziyadnz/hourly-ipv4,ziyadnz|hourly,2026-08-17T18:48:05Z,2026-08-17T18:48:05Z,
150.107.38.209,ipv4,malicious-ip,medium,WHITE,ziyadnz/hourly-ipv4,ziyadnz|hourly,2026-08-17T18:48:05Z,2026-08-17T18:48:05Z,
150.107.38.21,ipv4,malicious-ip,medium,WHITE,ziyadnz/hourly-ipv4,ziyadnz|hourly,2026-08-17T18:48:05Z,2026-08-17T18:48:05Z,
150.107.38.210,ipv4,malicious-ip,medium,WHITE,ziyadnz/hourly-ipv4,ziyadnz|hourly,2026-08-17T18:48:05Z,2026-08-17T18:48:05Z,
150.107.38.213,ipv4,malicious-ip,medium,WHITE,ziyadnz/hourly-ipv4,ziyadnz|hourly,2026-08-17T18:48:05Z,2026-08-17T18:48:05Z,
150.107.38.217,ipv4,malicious-ip,medium,WHITE,ziyadnz/hourly-ipv4,ziyadnz|hourly,2026-08-17T18:48:05Z,2026-08-17T18:48:05Z,
150.107.38.218,ipv4,malicious-ip,medium,WHITE,ziyadnz/hourly-ipv4,ziyadnz|hourly,2026-08-17T18:48:05Z,2026-08-17T18:48:05Z,
150.107.38.220,ipv4,malicious-ip,medium,WHITE,ziyadnz/hourly-ipv4,ziyadnz|hourly,2026-08-17T18:48:05Z,2026-08-17T18:48:05Z,
150.107.38.221,ipv4,malicious-ip,medium,WHITE,ziyadnz/hourly-ipv4,ziyadnz|hourly,2026-08-17T18:48:05Z,2026-08-17T18:48:05Z,
150.107.38.225,ipv4,malicious-ip,medium,WHITE,ziyadnz/hourly-ipv4,ziyadnz|hourly,2026-08-17T18:48:05Z,2026-08-17T18:48:05Z,
150.107.38.229,ipv4,malicious-ip,medium,WHITE,ziyadnz/hourly-ipv4,ziyadnz|hourly,2026-08-17T18:48:05Z,2026-08-17T18:48:05Z,
150.107.38.234,ipv4,malicious-ip,medium,WHITE,ziyadnz/hourly-ipv4,ziyadnz|hourly,2026-08-17T18:48:05Z,2026-08-17T18:48:05Z,
150.107.38.236,ipv4,malicious-ip,medium,WHITE,ziyadnz/hourly-ipv4,ziyadnz|hourly,2026-08-17T18:48:05Z,2026-08-17T18:48:05Z,
150.107.38.240,ipv4,malicious-ip,medium,WHITE,ziyadnz/hourly-ipv4,ziyadnz|hourly,2026-08-17T18:48:05Z,2026-08-17T18:48:05Z,
150.107.38.247,ipv4,malicious-ip,medium,WHITE,ziyadnz/hourly-ipv4,ziyadnz|hourly,2026-08-17T18:48:05Z,2026-08-17T18:48:05Z,
150.107.38.248,ipv4,malicious-ip,medium,WHITE,ziyadnz/hourly-ipv4,ziyadnz|hourly,2026-08-17T18:48:05Z,2026-08-17T18:48:05Z,
150.107.38.249,ipv4,malicious-ip,medium,WHITE,ziyadnz/hourly-ipv4,ziyadnz|hourly,2026-08-17T18:48:05Z,2026-08-17T18:48:05Z,
150.107.38.251,ipv4,malicious-ip,medium,WHITE,ziyadnz/hourly-ipv4,ziyadnz|hourly,2026-08-17T18:48:05Z,2026-08-17T18:48:05Z,
150.107.38.252,ipv4,malicious-ip,medium,WHITE,ziyadnz/hourly-ipv4,ziyadnz|hourly,2026-08-17T18:48:05Z,2026-08-17T18:48:05Z,
150.107.38.254,ipv4,malicious-ip,medium,WHITE,ziyadnz/hourly-ipv4,ziyadnz|hourly,2026-08-17T18:48:05Z,2026-08-17T18:48:05Z,
150.107.38.3,ipv4,malicious-ip,medium,WHITE,ziyadnz/hourly-ipv4,ziyadnz|hourly,2026-08-17T18:48:05Z,2026-08-17T18:48:05Z,
150.107.38.31,ipv4,malicious-ip,medium,WHITE,ziyadnz/hourly-ipv4,ziyadnz|hourly,2026-08-17T18:48:05Z,2026-08-17T18:48:05Z,
150.107.38.37,ipv4,malicious-ip,medium,WHITE,ziyadnz/hourly-ipv4,ziyadnz|hourly,2026-08-17T18:48:05Z,2026-08-17T18:48:05Z,
150.107.38.38,ipv4,malicious-ip,medium,WHITE,ziyadnz/hourly-ipv4,ziyadnz|hourly,2026-08-17T18:48:05Z,2026-08-17T18:48:05Z,
150.107.38.40,ipv4,malicious-ip,medium,WHITE,ziyadnz/hourly-ipv4,ziyadnz|hourly,2026-08-17T18:48:05Z,2026-08-17T18:48:05Z,
150.107.38.5,ipv4,malicious-ip,medium,WHITE,ziyadnz/hourly-ipv4,ziyadnz|hourly,2026-08-17T18:48:05Z,2026-08-17T18:48:05Z,
150.107.38.60,ipv4,malicious-ip,medium,WHITE,ziyadnz/hourly-ipv4,ziyadnz|hourly,2026-08-17T18:48:05Z,2026-08-17T18:48:05Z,
150.107.38.61,ipv4,malicious-ip,medium,WHITE,ziyadnz/hourly-ipv4,ziyadnz|hourly,2026-08-17T18:48:05Z,2026-08-17T18:48:05Z,
150.107.38.67,ipv4,malicious-ip,medium,WHITE,ziyadnz/hourly-ipv4,ziyadnz|hourly,2026-08-17T18:48:05Z,2026-08-17T18:48:05Z,
150.107.38.68,ipv4,malicious-ip,medium,WHITE,ziyadnz/hourly-ipv4,ziyadnz|hourly,2026-08-17T18:48:05Z,2026-08-17T18:48:05Z,
150.107.38.69,ipv4,malicious-ip,medium,WHITE,ziyadnz/hourly-ipv4,ziyadnz|hourly,2026-08-17T18:48:05Z,2026-08-17T18:48:05Z,
150.107.38.75,ipv4,malicious-ip,medium,WHITE,ziyadnz/hourly-ipv4,ziyadnz|hourly,2026-08-17T18:48:05Z,2026-08-17T18:48:05Z,
150.107.38.85,ipv4,malicious-ip,medium,WHITE,ziyadnz/hourly-ipv4,ziyadnz|hourly,2026-08-17T18:48:05Z,2026-08-17T18:48:05Z,
150.107.38.98,ipv4,malicious-ip,medium,WHITE,ziyadnz/hourly-ipv4,ziyadnz|hourly,2026-08-17T18:48:05Z,2026-08-17T18:48:05Z,
150.107.9.100,ipv4,malicious-ip,medium,WHITE,ziyadnz/hourly-ipv4,ziyadnz|hourly,2026-08-17T18:48:05Z,2026-08-17T18:48:05Z,
150.109.10.177,ipv4,malicious-ip,medium,WHITE,ziyadnz/hourly-ipv4,ziyadnz|hourly,2026-08-17T18:48:05Z,2026-08-17T18:48:05Z,
150.109.10.41,ipv4,malicious-ip,medium,WHITE,ziyadnz/hourly-ipv4,ziyadnz|hourly,2026-08-17T18:48:05Z,2026-08-17T18:48:05Z,
150.109.10.85,ipv4,malicious-ip,medium,WHITE,ziyadnz/hourly-ipv4,ziyadnz|hourly,2026-08-17T18:48:05Z,2026-08-17T18:48:05Z,
150.109.119.38,ipv4,malicious-ip,medium,WHITE,ziyadnz/hourly-ipv4,ziyadnz|hourly,2026-08-17T18:48:05Z,2026-08-17T18:48:05Z,
150.109.13.254,ipv4,malicious-ip,medium,WHITE,ziyadnz/hourly-ipv4,ziyadnz|hourly,2026-08-17T18:48:05Z,2026-08-17T18:48:05Z,
150.109.13.44,ipv4,malicious-ip,medium,WHITE,ziyadnz/hourly-ipv4,ziyadnz|hourly,2026-08-17T18:48:05Z,2026-08-17T18:48:05Z,
150.109.15.128,ipv4,malicious-ip,medium,WHITE,ziyadnz/hourly-ipv4,ziyadnz|hourly,2026-08-17T18:48:05Z,2026-08-17T18:48:05Z,
150.109.15.37,ipv4,malicious-ip,medium,WHITE,ziyadnz/hourly-ipv4,ziyadnz|hourly,2026-08-17T18:48:05Z,2026-08-17T18:48:05Z,
150.109.17.52,ipv4,malicious-ip,medium,WHITE,ziyadnz/hourly-ipv4,ziyadnz|hourly,2026-08-17T18:48:05Z,2026-08-17T18:48:05Z,
150.109.19.151,ipv4,malicious-ip,medium,WHITE,ziyadnz/hourly-ipv4,ziyadnz|hourly,2026-08-17T18:48:05Z,2026-08-17T18:48:05Z,
150.109.20.160,ipv4,malicious-ip,medium,WHITE,ziyadnz/hourly-ipv4,ziyadnz|hourly,2026-08-17T18:48:05Z,2026-08-17T18:48:05Z,
150.109.20.59,ipv4,malicious-ip,medium,WHITE,ziyadnz/hourly-ipv4,ziyadnz|hourly,2026-08-17T18:48:05Z,2026-08-17T18:48:05Z,
150.109.21.225,ipv4,malicious-ip,medium,WHITE,ziyadnz/hourly-ipv4,ziyadnz|hourly,2026-08-17T18:48:05Z,2026-08-17T18:48:05Z,
150.109.22.67,ipv4,malicious-ip,medium,WHITE,ziyadnz/hourly-ipv4,ziyadnz|hourly,2026-08-17T18:48:05Z,2026-08-17T18:48:05Z,
150.109.230.210,ipv4,malicious-ip,medium,WHITE,ziyadnz/hourly-ipv4,ziyadnz|hourly,2026-08-17T18:48:05Z,2026-08-17T18:48:05Z,
150.109.247.111,ipv4,malicious-ip,medium,WHITE,ziyadnz/hourly-ipv4,ziyadnz|hourly,2026-08-17T18:48:05Z,2026-08-17T18:48:05Z,
150.109.25.130,ipv4,malicious-ip,medium,WHITE,ziyadnz/hourly-ipv4,ziyadnz|hourly,2026-08-17T18:48:05Z,2026-08-17T18:48:05Z,
150.109.252.122,ipv4,malicious-ip,medium,WHITE,ziyadnz/hourly-ipv4,ziyadnz|hourly,2026-08-17T18:48:05Z,2026-08-17T18:48:05Z,
150.109.254.65,ipv4,malicious-ip,medium,WHITE,ziyadnz/hourly-ipv4,ziyadnz|hourly,2026-08-17T18:48:05Z,2026-08-17T18:48:05Z,
150.109.4.102,ipv4,malicious-ip,medium,WHITE,ziyadnz/hourly-ipv4,ziyadnz|hourly,2026-08-17T18:48:05Z,2026-08-17T18:48:05Z,
150.109.46.88,ipv4,malicious-ip,medium,WHITE,ziyadnz/hourly-ipv4,ziyadnz|hourly,2026-08-17T18:48:05Z,2026-08-17T18:48:05Z,
150.109.5.194,ipv4,malicious-ip,medium,WHITE,ziyadnz/hourly-ipv4,ziyadnz|hourly,2026-08-17T18:48:05Z,2026-08-17T18:48:05Z,
150.109.6.21,ipv4,malicious-ip,medium,WHITE,ziyadnz/hourly-ipv4,ziyadnz|hourly,2026-08-17T18:48:05Z,2026-08-17T18:48:05Z,
150.109.93.60,ipv4,malicious-ip,medium,WHITE,ziyadnz/hourly-ipv4,ziyadnz|hourly,2026-08-17T18:48:05Z,2026-08-17T18:48:05Z,
150.117.249.219,ipv4,malicious-ip,medium,WHITE,ziyadnz/hourly-ipv4,ziyadnz|hourly,2026-08-17T18:48:05Z,2026-08-17T18:48:05Z,
150.129.144.144,ipv4,malicious-ip,medium,WHITE,ziyadnz/hourly-ipv4,ziyadnz|hourly,2026-08-17T18:48:05Z,2026-08-17T18:48:05Z,
150.129.168.40,ipv4,malicious-ip,medium,WHITE,ziyadnz/hourly-ipv4,ziyadnz|hourly,2026-08-17T18:48:05Z,2026-08-17T18:48:05Z,
150.129.168.81,ipv4,malicious-ip,medium,WHITE,ziyadnz/hourly-ipv4,ziyadnz|hourly,2026-08-17T18:48:05Z,2026-08-17T18:48:05Z,
150.129.202.46,ipv4,malicious-ip,medium,WHITE,ziyadnz/hourly-ipv4,ziyadnz|hourly,2026-08-17T18:48:05Z,2026-08-17T18:48:05Z,
150.129.21.193,ipv4,malicious-ip,medium,WHITE,ziyadnz/hourly-ipv4,ziyadnz|hourly,2026-08-17T18:48:05Z,2026-08-17T18:48:05Z,
150.129.28.43,ipv4,malicious-ip,medium,WHITE,ziyadnz/hourly-ipv4,ziyadnz|hourly,2026-08-17T18:48:05Z,2026-08-17T18:48:05Z,
150.129.31.128,ipv4,malicious-ip,medium,WHITE,ziyadnz/hourly-ipv4,ziyadnz|hourly,2026-08-17T18:48:05Z,2026-08-17T18:48:05Z,
150.136.60.153,ipv4,malicious-ip,medium,WHITE,ziyadnz/hourly-ipv4,ziyadnz|hourly,2026-08-17T18:48:05Z,2026-08-17T18:48:05Z,
150.138.115.76,ipv4,malicious-ip,medium,WHITE,ziyadnz/hourly-ipv4,ziyadnz|hourly,2026-08-17T18:48:05Z,2026-08-17T18:48:05Z,
150.138.143.79,ipv4,malicious-ip,medium,WHITE,ziyadnz/hourly-ipv4,ziyadnz|hourly,2026-08-17T18:48:05Z,2026-08-17T18:48:05Z,
150.139.194.15,ipv4,malicious-ip,medium,WHITE,ziyadnz/hourly-ipv4,ziyadnz|hourly,2026-08-17T18:48:05Z,2026-08-17T18:48:05Z,
150.139.201.247,ipv4,malicious-ip,medium,WHITE,ziyadnz/hourly-ipv4,ziyadnz|hourly,2026-08-17T18:48:05Z,2026-08-17T18:48:05Z,
150.158.1.112,ipv4,malicious-ip,medium,WHITE,ziyadnz/hourly-ipv4,ziyadnz|hourly,2026-08-17T18:48:05Z,2026-08-17T18:48:05Z,
150.158.101.15,ipv4,malicious-ip,medium,WHITE,ziyadnz/hourly-ipv4,ziyadnz|hourly,2026-08-17T18:48:05Z,2026-08-17T18:48:05Z,
150.158.109.214,ipv4,malicious-ip,medium,WHITE,ziyadnz/hourly-ipv4,ziyadnz|hourly,2026-08-17T18:48:05Z,2026-08-17T18:48:05Z,
150.158.146.79,ipv4,malicious-ip,medium,WHITE,ziyadnz/hourly-ipv4,ziyadnz|hourly,2026-08-17T18:48:05Z,2026-08-17T18:48:05Z,
150.158.50.126,ipv4,malicious-ip,medium,WHITE,ziyadnz/hourly-ipv4,ziyadnz|hourly,2026-08-17T18:48:05Z,2026-08-17T18:48:05Z,
150.223.193.167,ipv4,malicious-ip,medium,WHITE,ziyadnz/hourly-ipv4,ziyadnz|hourly,2026-08-17T18:48:05Z,2026-08-17T18:48:05Z,
150.223.194.181,ipv4,malicious-ip,medium,WHITE,ziyadnz/hourly-ipv4,ziyadnz|hourly,2026-08-17T18:48:05Z,2026-08-17T18:48:05Z,
150.223.194.182,ipv4,malicious-ip,medium,WHITE,ziyadnz/hourly-ipv4,ziyadnz|hourly,2026-08-17T18:48:05Z,2026-08-17T18:48:05Z,
150.228.104.248,ipv4,malicious-ip,medium,WHITE,ziyadnz/hourly-ipv4,ziyadnz|hourly,2026-08-17T18:48:05Z,2026-08-17T18:48:05Z,
150.228.104.54,ipv4,malicious-ip,medium,WHITE,ziyadnz/hourly-ipv4,ziyadnz|hourly,2026-08-17T18:48:05Z,2026-08-17T18:48:05Z,
150.228.105.236,ipv4,malicious-ip,medium,WHITE,ziyadnz/hourly-ipv4,ziyadnz|hourly,2026-08-17T18:48:05Z,2026-08-17T18:48:05Z,
150.228.105.249,ipv4,malicious-ip,medium,WHITE,ziyadnz/hourly-ipv4,ziyadnz|hourly,2026-08-17T18:48:05Z,2026-08-17T18:48:05Z,
150.228.105.29,ipv4,malicious-ip,medium,WHITE,ziyadnz/hourly-ipv4,ziyadnz|hourly,2026-08-17T18:48:05Z,2026-08-17T18:48:05Z,
150.228.105.85,ipv4,malicious-ip,medium,WHITE,ziyadnz/hourly-ipv4,ziyadnz|hourly,2026-08-17T18:48:05Z,2026-08-17T18:48:05Z,
150.228.11.196,ipv4,malicious-ip,medium,WHITE,ziyadnz/hourly-ipv4,ziyadnz|hourly,2026-08-17T18:48:05Z,2026-08-17T18:48:05Z,
150.228.11.23,ipv4,malicious-ip,medium,WHITE,ziyadnz/hourly-ipv4,ziyadnz|hourly,2026-08-17T18:48:05Z,2026-08-17T18:48:05Z,
150.228.145.7,ipv4,malicious-ip,medium,WHITE,ziyadnz/hourly-ipv4,ziyadnz|hourly,2026-08-17T18:48:05Z,2026-08-17T18:48:05Z,
150.228.149.193,ipv4,malicious-ip,medium,WHITE,ziyadnz/hourly-ipv4,ziyadnz|hourly,2026-08-17T18:48:05Z,2026-08-17T18:48:05Z,
150.228.157.125,ipv4,malicious-ip,medium,WHITE,ziyadnz/hourly-ipv4,ziyadnz|hourly,2026-08-17T18:48:05Z,2026-08-17T18:48:05Z,
150.228.157.169,ipv4,malicious-ip,medium,WHITE,ziyadnz/hourly-ipv4,ziyadnz|hourly,2026-08-17T18:48:05Z,2026-08-17T18:48:05Z,
150.228.157.9,ipv4,malicious-ip,medium,WHITE,ziyadnz/hourly-ipv4,ziyadnz|hourly,2026-08-17T18:48:05Z,2026-08-17T18:48:05Z,
150.228.169.112,ipv4,malicious-ip,medium,WHITE,ziyadnz/hourly-ipv4,ziyadnz|hourly,2026-08-17T18:48:05Z,2026-08-17T18:48:05Z,
150.228.174.72,ipv4,malicious-ip,medium,WHITE,ziyadnz/hourly-ipv4,ziyadnz|hourly,2026-08-17T18:48:05Z,2026-08-17T18:48:05Z,
150.228.181.102,ipv4,malicious-ip,medium,WHITE,ziyadnz/hourly-ipv4,ziyadnz|hourly,2026-08-17T18:48:05Z,2026-08-17T18:48:05Z,
150.228.183.182,ipv4,malicious-ip,medium,WHITE,ziyadnz/hourly-ipv4,ziyadnz|hourly,2026-08-17T18:48:05Z,2026-08-17T18:48:05Z,
150.228.187.44,ipv4,malicious-ip,medium,WHITE,ziyadnz/hourly-ipv4,ziyadnz|hourly,2026-08-17T18:48:05Z,2026-08-17T18:48:05Z,
150.228.19.8,ipv4,malicious-ip,medium,WHITE,ziyadnz/hourly-ipv4,ziyadnz|hourly,2026-08-17T18:48:05Z,2026-08-17T18:48:05Z,
150.228.210.69,ipv4,malicious-ip,medium,WHITE,ziyadnz/hourly-ipv4,ziyadnz|hourly,2026-08-17T18:48:05Z,2026-08-17T18:48:05Z,
150.228.224.81,ipv4,malicious-ip,medium,WHITE,ziyadnz/hourly-ipv4,ziyadnz|hourly,2026-08-17T18:48:05Z,2026-08-17T18:48:05Z,
150.228.5.184,ipv4,malicious-ip,medium,WHITE,ziyadnz/hourly-ipv4,ziyadnz|hourly,2026-08-17T18:48:05Z,2026-08-17T18:48:05Z,
150.228.63.95,ipv4,malicious-ip,medium,WHITE,ziyadnz/hourly-ipv4,ziyadnz|hourly,2026-08-17T18:48:05Z,2026-08-17T18:48:05Z,
150.230.214.39,ipv4,malicious-ip,medium,WHITE,ziyadnz/hourly-ipv4,ziyadnz|hourly,2026-08-17T18:48:05Z,2026-08-17T18:48:05Z,
150.241.105.82,ipv4,malicious-ip,medium,WHITE,ziyadnz/hourly-ipv4,ziyadnz|hourly,2026-08-17T18:48:05Z,2026-08-17T18:48:05Z,
150.241.113.163,ipv4,malicious-ip,medium,WHITE,ziyadnz/hourly-ipv4,ziyadnz|hourly,2026-08-17T18:48:05Z,2026-08-17T18:48:05Z,
150.241.123.239,ipv4,malicious-ip,medium,WHITE,ziyadnz/hourly-ipv4,ziyadnz|hourly,2026-08-17T18:48:05Z,2026-08-17T18:48:05Z,
150.241.204.146,ipv4,malicious-ip,medium,WHITE,ziyadnz/hourly-ipv4,ziyadnz|hourly,2026-08-17T18:48:05Z,2026-08-17T18:48:05Z,
150.241.210.53,ipv4,malicious-ip,medium,WHITE,ziyadnz/hourly-ipv4,ziyadnz|hourly,2026-08-17T18:48:05Z,2026-08-17T18:48:05Z,
150.241.244.150,ipv4,malicious-ip,medium,WHITE,ziyadnz/hourly-ipv4,ziyadnz|hourly,2026-08-17T18:48:05Z,2026-08-17T18:48:05Z,
150.241.244.86,ipv4,malicious-ip,medium,WHITE,ziyadnz/hourly-ipv4,ziyadnz|hourly,2026-08-17T18:48:05Z,2026-08-17T18:48:05Z,
150.241.245.127,ipv4,malicious-ip,medium,WHITE,ziyadnz/hourly-ipv4,ziyadnz|hourly,2026-08-17T18:48:05Z,2026-08-17T18:48:05Z,
150.241.245.31,ipv4,malicious-ip,medium,WHITE,ziyadnz/hourly-ipv4,ziyadnz|hourly,2026-08-17T18:48:05Z,2026-08-17T18:48:05Z,
150.241.64.105,ipv4,malicious-ip,medium,WHITE,ziyadnz/hourly-ipv4,ziyadnz|hourly,2026-08-17T18:48:05Z,2026-08-17T18:48:05Z,
150.241.64.174,ipv4,malicious-ip,medium,WHITE,ziyadnz/hourly-ipv4,ziyadnz|hourly,2026-08-17T18:48:05Z,2026-08-17T18:48:05Z,
150.241.64.21,ipv4,malicious-ip,medium,WHITE,ziyadnz/hourly-ipv4,ziyadnz|hourly,2026-08-17T18:48:05Z,2026-08-17T18:48:05Z,
150.241.77.28,ipv4,malicious-ip,medium,WHITE,ziyadnz/hourly-ipv4,ziyadnz|hourly,2026-08-17T18:48:05Z,2026-08-17T18:48:05Z,
150.241.88.100,ipv4,malicious-ip,medium,WHITE,ziyadnz/hourly-ipv4,ziyadnz|hourly,2026-08-17T18:48:05Z,2026-08-17T18:48:05Z,
150.241.88.244,ipv4,malicious-ip,medium,WHITE,ziyadnz/hourly-ipv4,ziyadnz|hourly,2026-08-17T18:48:05Z,2026-08-17T18:48:05Z,
150.241.89.181,ipv4,malicious-ip,medium,WHITE,ziyadnz/hourly-ipv4,ziyadnz|hourly,2026-08-17T18:48:05Z,2026-08-17T18:48:05Z,
150.241.97.10,ipv4,malicious-ip,medium,WHITE,ziyadnz/hourly-ipv4,ziyadnz|hourly,2026-08-17T18:48:05Z,2026-08-17T18:48:05Z,
150.242.204.1,ipv4,malicious-ip,medium,WHITE,ziyadnz/hourly-ipv4,ziyadnz|hourly,2026-08-17T18:48:05Z,2026-08-17T18:48:05Z,
150.242.255.66,ipv4,malicious-ip,medium,WHITE,ziyadnz/hourly-ipv4,ziyadnz|hourly,2026-08-17T18:48:05Z,2026-08-17T18:48:05Z,
150.242.86.39,ipv4,malicious-ip,medium,WHITE,ziyadnz/hourly-ipv4,ziyadnz|hourly,2026-08-17T18:48:05Z,2026-08-17T18:48:05Z,
150.242.97.36,ipv4,malicious-ip,medium,WHITE,ziyadnz/hourly-ipv4,ziyadnz|hourly,2026-08-17T18:48:05Z,2026-08-17T18:48:05Z,
150.251.152.4,ipv4,malicious-ip,medium,WHITE,ziyadnz/hourly-ipv4,ziyadnz|hourly,2026-08-17T18:48:05Z,2026-08-17T18:48:05Z,
150.251.225.28,ipv4,malicious-ip,medium,WHITE,ziyadnz/hourly-ipv4,ziyadnz|hourly,2026-08-17T18:48:05Z,2026-08-17T18:48:05Z,
150.252.167.173,ipv4,malicious-ip,medium,WHITE,ziyadnz/hourly-ipv4,ziyadnz|hourly,2026-08-17T18:48:05Z,2026-08-17T18:48:05Z,
150.252.195.33,ipv4,malicious-ip,medium,WHITE,ziyadnz/hourly-ipv4,ziyadnz|hourly,2026-08-17T18:48:05Z,2026-08-17T18:48:05Z,
150.255.1.149,ipv4,malicious-ip,medium,WHITE,ziyadnz/hourly-ipv4,ziyadnz|hourly,2026-08-17T18:48:05Z,2026-08-17T18:48:05Z,
150.255.101.26,ipv4,malicious-ip,medium,WHITE,ziyadnz/hourly-ipv4,ziyadnz|hourly,2026-08-17T18:48:05Z,2026-08-17T18:48:05Z,
150.255.101.46,ipv4,malicious-ip,medium,WHITE,ziyadnz/hourly-ipv4,ziyadnz|hourly,2026-08-17T18:48:05Z,2026-08-17T18:48:05Z,
150.255.105.43,ipv4,malicious-ip,medium,WHITE,ziyadnz/hourly-ipv4,ziyadnz|hourly,2026-08-17T18:48:05Z,2026-08-17T18:48:05Z,
150.255.178.32,ipv4,malicious-ip,medium,WHITE,ziyadnz/hourly-ipv4,ziyadnz|hourly,2026-08-17T18:48:05Z,2026-08-17T18:48:05Z,
150.255.183.226,ipv4,malicious-ip,medium,WHITE,ziyadnz/hourly-ipv4,ziyadnz|hourly,2026-08-17T18:48:05Z,2026-08-17T18:48:05Z,
150.255.248.204,ipv4,malicious-ip,medium,WHITE,ziyadnz/hourly-ipv4,ziyadnz|hourly,2026-08-17T18:48:05Z,2026-08-17T18:48:05Z,
150.255.249.40,ipv4,malicious-ip,medium,WHITE,ziyadnz/hourly-ipv4,ziyadnz|hourly,2026-08-17T18:48:05Z,2026-08-17T18:48:05Z,
150.255.250.33,ipv4,malicious-ip,medium,WHITE,ziyadnz/hourly-ipv4,ziyadnz|hourly,2026-08-17T18:48:05Z,2026-08-17T18:48:05Z,
150.255.44.174,ipv4,malicious-ip,medium,WHITE,ziyadnz/hourly-ipv4,ziyadnz|hourly,2026-08-17T18:48:05Z,2026-08-17T18:48:05Z,
150.255.53.111,ipv4,malicious-ip,medium,WHITE,ziyadnz/hourly-ipv4,ziyadnz|hourly,2026-08-17T18:48:05Z,2026-08-17T18:48:05Z,
150.255.53.137,ipv4,malicious-ip,medium,WHITE,ziyadnz/hourly-ipv4,ziyadnz|hourly,2026-08-17T18:48:05Z,2026-08-17T18:48:05Z,
150.255.53.72,ipv4,malicious-ip,medium,WHITE,ziyadnz/hourly-ipv4,ziyadnz|hourly,2026-08-17T18:48:05Z,2026-08-17T18:48:05Z,
150.255.89.168,ipv4,malicious-ip,medium,WHITE,ziyadnz/hourly-ipv4,ziyadnz|hourly,2026-08-17T18:48:05Z,2026-08-17T18:48:05Z,
150.255.93.178,ipv4,malicious-ip,medium,WHITE,ziyadnz/hourly-ipv4,ziyadnz|hourly,2026-08-17T18:48:05Z,2026-08-17T18:48:05Z,
150.40.117.43,ipv4,malicious-ip,medium,WHITE,ziyadnz/hourly-ipv4,ziyadnz|hourly,2026-08-17T18:48:05Z,2026-08-17T18:48:05Z,
150.40.126.103,ipv4,malicious-ip,medium,WHITE,ziyadnz/hourly-ipv4,ziyadnz|hourly,2026-08-17T18:48:05Z,2026-08-17T18:48:05Z,
150.40.126.53,ipv4,malicious-ip,medium,WHITE,ziyadnz/hourly-ipv4,ziyadnz|hourly,2026-08-17T18:48:05Z,2026-08-17T18:48:05Z,
150.40.127.100,ipv4,malicious-ip,medium,WHITE,ziyadnz/hourly-ipv4,ziyadnz|hourly,2026-08-17T18:48:05Z,2026-08-17T18:48:05Z,
150.40.127.161,ipv4,malicious-ip,medium,WHITE,ziyadnz/hourly-ipv4,ziyadnz|hourly,2026-08-17T18:48:05Z,2026-08-17T18:48:05Z,
150.40.127.22,ipv4,malicious-ip,medium,WHITE,ziyadnz/hourly-ipv4,ziyadnz|hourly,2026-08-17T18:48:05Z,2026-08-17T18:48:05Z,
150.40.127.237,ipv4,malicious-ip,medium,WHITE,ziyadnz/hourly-ipv4,ziyadnz|hourly,2026-08-17T18:48:05Z,2026-08-17T18:48:05Z,
150.40.127.243,ipv4,malicious-ip,medium,WHITE,ziyadnz/hourly-ipv4,ziyadnz|hourly,2026-08-17T18:48:05Z,2026-08-17T18:48:05Z,
150.40.127.65,ipv4,malicious-ip,medium,WHITE,ziyadnz/hourly-ipv4,ziyadnz|hourly,2026-08-17T18:48:05Z,2026-08-17T18:48:05Z,
150.5.128.93,ipv4,malicious-ip,medium,WHITE,ziyadnz/hourly-ipv4,ziyadnz|hourly,2026-08-17T18:48:05Z,2026-08-17T18:48:05Z,
150.5.131.119,ipv4,malicious-ip,medium,WHITE,ziyadnz/hourly-ipv4,ziyadnz|hourly,2026-08-17T18:48:05Z,2026-08-17T18:48:05Z,
150.5.135.108,ipv4,malicious-ip,medium,WHITE,ziyadnz/hourly-ipv4,ziyadnz|hourly,2026-08-17T18:48:05Z,2026-08-17T18:48:05Z,
150.5.136.87,ipv4,malicious-ip,medium,WHITE,ziyadnz/hourly-ipv4,ziyadnz|hourly,2026-08-17T18:48:05Z,2026-08-17T18:48:05Z,
150.5.138.112,ipv4,malicious-ip,medium,WHITE,ziyadnz/hourly-ipv4,ziyadnz|hourly,2026-08-17T18:48:05Z,2026-08-17T18:48:05Z,
150.5.141.198,ipv4,malicious-ip,medium,WHITE,ziyadnz/hourly-ipv4,ziyadnz|hourly,2026-08-17T18:48:05Z,2026-08-17T18:48:05Z,
150.5.142.204,ipv4,malicious-ip,medium,WHITE,ziyadnz/hourly-ipv4,ziyadnz|hourly,2026-08-17T18:48:05Z,2026-08-17T18:48:05Z,
150.5.169.138,ipv4,malicious-ip,medium,WHITE,ziyadnz/hourly-ipv4,ziyadnz|hourly,2026-08-17T18:48:05Z,2026-08-17T18:48:05Z,
150.66.75.135,ipv4,malicious-ip,medium,WHITE,ziyadnz/hourly-ipv4,ziyadnz|hourly,2026-08-17T18:48:05Z,2026-08-17T18:48:05Z,
150.9.5.62,ipv4,malicious-ip,medium,WHITE,ziyadnz/hourly-ipv4,ziyadnz|hourly,2026-08-17T18:48:05Z,2026-08-17T18:48:05Z,
150.9.67.162,ipv4,malicious-ip,medium,WHITE,ziyadnz/hourly-ipv4,ziyadnz|hourly,2026-08-17T18:48:05Z,2026-08-17T18:48:05Z,
150.95.112.35,ipv4,malicious-ip,medium,WHITE,ziyadnz/hourly-ipv4,ziyadnz|hourly,2026-08-17T18:48:05Z,2026-08-17T18:48:05Z,
150.95.157.171,ipv4,malicious-ip,medium,WHITE,ziyadnz/hourly-ipv4,ziyadnz|hourly,2026-08-17T18:48:05Z,2026-08-17T18:48:05Z,
150.95.25.110,ipv4,malicious-ip,medium,WHITE,ziyadnz/hourly-ipv4,ziyadnz|hourly,2026-08-17T18:48:05Z,2026-08-17T18:48:05Z,
150.95.25.34,ipv4,malicious-ip,medium,WHITE,ziyadnz/hourly-ipv4,ziyadnz|hourly,2026-08-17T18:48:05Z,2026-08-17T18:48:05Z,
150.95.30.186,ipv4,malicious-ip,medium,WHITE,ziyadnz/hourly-ipv4,ziyadnz|hourly,2026-08-17T18:48:05Z,2026-08-17T18:48:05Z,
150.95.66.240,ipv4,malicious-ip,medium,WHITE,ziyadnz/hourly-ipv4,ziyadnz|hourly,2026-08-17T18:48:05Z,2026-08-17T18:48:05Z,
150.95.80.21,ipv4,malicious-ip,medium,WHITE,ziyadnz/hourly-ipv4,ziyadnz|hourly,2026-08-17T18:48:05Z,2026-08-17T18:48:05Z,
150.95.80.80,ipv4,malicious-ip,medium,WHITE,ziyadnz/hourly-ipv4,ziyadnz|hourly,2026-08-17T18:48:05Z,2026-08-17T18:48:05Z,
150.95.82.21,ipv4,malicious-ip,medium,WHITE,ziyadnz/hourly-ipv4,ziyadnz|hourly,2026-08-17T18:48:05Z,2026-08-17T18:48:05Z,
150.95.90.244,ipv4,malicious-ip,medium,WHITE,ziyadnz/hourly-ipv4,ziyadnz|hourly,2026-08-17T18:48:05Z,2026-08-17T18:48:05Z,
151.0.154.194,ipv4,malicious-ip,medium,WHITE,ziyadnz/hourly-ipv4,ziyadnz|hourly,2026-08-17T18:48:05Z,2026-08-17T18:48:05Z,
151.0.160.69,ipv4,malicious-ip,medium,WHITE,ziyadnz/hourly-ipv4,ziyadnz|hourly,2026-08-17T18:48:05Z,2026-08-17T18:48:05Z,
151.0.47.2,ipv4,malicious-ip,medium,WHITE,ziyadnz/hourly-ipv4,ziyadnz|hourly,2026-08-17T18:48:05Z,2026-08-17T18:48:05Z,
151.0.50.166,ipv4,malicious-ip,medium,WHITE,ziyadnz/hourly-ipv4,ziyadnz|hourly,2026-08-17T18:48:05Z,2026-08-17T18:48:05Z,
151.0.58.206,ipv4,malicious-ip,medium,WHITE,ziyadnz/hourly-ipv4,ziyadnz|hourly,2026-08-17T18:48:05Z,2026-08-17T18:48:05Z,
151.0.83.150,ipv4,malicious-ip,medium,WHITE,ziyadnz/hourly-ipv4,ziyadnz|hourly,2026-08-17T18:48:05Z,2026-08-17T18:48:05Z,
151.104.34.22,ipv4,malicious-ip,medium,WHITE,ziyadnz/hourly-ipv4,ziyadnz|hourly,2026-08-17T18:48:05Z,2026-08-17T18:48:05Z,
151.106.112.196,ipv4,malicious-ip,medium,WHITE,ziyadnz/hourly-ipv4,ziyadnz|hourly,2026-08-17T18:48:05Z,2026-08-17T18:48:05Z,
151.115.89.27,ipv4,malicious-ip,medium,WHITE,ziyadnz/hourly-ipv4,ziyadnz|hourly,2026-08-17T18:48:05Z,2026-08-17T18:48:05Z,
151.115.91.14,ipv4,malicious-ip,medium,WHITE,ziyadnz/hourly-ipv4,ziyadnz|hourly,2026-08-17T18:48:05Z,2026-08-17T18:48:05Z,
151.115.91.36,ipv4,malicious-ip,medium,WHITE,ziyadnz/hourly-ipv4,ziyadnz|hourly,2026-08-17T18:48:05Z,2026-08-17T18:48:05Z,
151.115.96.143,ipv4,malicious-ip,medium,WHITE,ziyadnz/hourly-ipv4,ziyadnz|hourly,2026-08-17T18:48:05Z,2026-08-17T18:48:05Z,
151.123.176.51,ipv4,malicious-ip,medium,WHITE,ziyadnz/hourly-ipv4,ziyadnz|hourly,2026-08-17T18:48:05Z,2026-08-17T18:48:05Z,
151.123.178.236,ipv4,malicious-ip,medium,WHITE,ziyadnz/hourly-ipv4,ziyadnz|hourly,2026-08-17T18:48:05Z,2026-08-17T18:48:05Z,
151.145.196.242,ipv4,malicious-ip,medium,WHITE,ziyadnz/hourly-ipv4,ziyadnz|hourly,2026-08-17T18:48:05Z,2026-08-17T18:48:05Z,
151.158.184.102,ipv4,malicious-ip,medium,WHITE,ziyadnz/hourly-ipv4,ziyadnz|hourly,2026-08-17T18:48:05Z,2026-08-17T18:48:05Z,
151.158.185.132,ipv4,malicious-ip,medium,WHITE,ziyadnz/hourly-ipv4,ziyadnz|hourly,2026-08-17T18:48:05Z,2026-08-17T18:48:05Z,
151.158.198.245,ipv4,malicious-ip,medium,WHITE,ziyadnz/hourly-ipv4,ziyadnz|hourly,2026-08-17T18:48:05Z,2026-08-17T18:48:05Z,
151.158.235.148,ipv4,malicious-ip,medium,WHITE,ziyadnz/hourly-ipv4,ziyadnz|hourly,2026-08-17T18:48:05Z,2026-08-17T18:48:05Z,
151.158.44.55,ipv4,malicious-ip,medium,WHITE,ziyadnz/hourly-ipv4,ziyadnz|hourly,2026-08-17T18:48:05Z,2026-08-17T18:48:05Z,
151.177.101.204,ipv4,malicious-ip,medium,WHITE,ziyadnz/hourly-ipv4,ziyadnz|hourly,2026-08-17T18:48:05Z,2026-08-17T18:48:05Z,
151.177.85.99,ipv4,malicious-ip,medium,WHITE,ziyadnz/hourly-ipv4,ziyadnz|hourly,2026-08-17T18:48:05Z,2026-08-17T18:48:05Z,
151.19.129.252,ipv4,malicious-ip,medium,WHITE,ziyadnz/hourly-ipv4,ziyadnz|hourly,2026-08-17T18:48:05Z,2026-08-17T18:48:05Z,
151.19.215.149,ipv4,malicious-ip,medium,WHITE,ziyadnz/hourly-ipv4,ziyadnz|hourly,2026-08-17T18:48:05Z,2026-08-17T18:48:05Z,
151.19.31.18,ipv4,malicious-ip,medium,WHITE,ziyadnz/hourly-ipv4,ziyadnz|hourly,2026-08-17T18:48:05Z,2026-08-17T18:48:05Z,
151.192.123.94,ipv4,malicious-ip,medium,WHITE,ziyadnz/hourly-ipv4,ziyadnz|hourly,2026-08-17T18:48:05Z,2026-08-17T18:48:05Z,
151.2.202.14,ipv4,malicious-ip,medium,WHITE,ziyadnz/hourly-ipv4,ziyadnz|hourly,2026-08-17T18:48:05Z,2026-08-17T18:48:05Z,
151.2.204.84,ipv4,malicious-ip,medium,WHITE,ziyadnz/hourly-ipv4,ziyadnz|hourly,2026-08-17T18:48:05Z,2026-08-17T18:48:05Z,
151.20.37.251,ipv4,malicious-ip,medium,WHITE,ziyadnz/hourly-ipv4,ziyadnz|hourly,2026-08-17T18:48:05Z,2026-08-17T18:48:05Z,
151.202.96.52,ipv4,malicious-ip,medium,WHITE,ziyadnz/hourly-ipv4,ziyadnz|hourly,2026-08-17T18:48:05Z,2026-08-17T18:48:05Z,
151.21.93.105,ipv4,malicious-ip,medium,WHITE,ziyadnz/hourly-ipv4,ziyadnz|hourly,2026-08-17T18:48:05Z,2026-08-17T18:48:05Z,
151.213.217.194,ipv4,malicious-ip,medium,WHITE,ziyadnz/hourly-ipv4,ziyadnz|hourly,2026-08-17T18:48:05Z,2026-08-17T18:48:05Z,
151.224.214.205,ipv4,malicious-ip,medium,WHITE,ziyadnz/hourly-ipv4,ziyadnz|hourly,2026-08-17T18:48:05Z,2026-08-17T18:48:05Z,
151.226.207.134,ipv4,malicious-ip,medium,WHITE,ziyadnz/hourly-ipv4,ziyadnz|hourly,2026-08-17T18:48:05Z,2026-08-17T18:48:05Z,
151.231.156.235,ipv4,malicious-ip,medium,WHITE,ziyadnz/hourly-ipv4,ziyadnz|hourly,2026-08-17T18:48:05Z,2026-08-17T18:48:05Z,
151.232.140.122,ipv4,malicious-ip,medium,WHITE,ziyadnz/hourly-ipv4,ziyadnz|hourly,2026-08-17T18:48:05Z,2026-08-17T18:48:05Z,
151.233.53.255,ipv4,malicious-ip,medium,WHITE,ziyadnz/hourly-ipv4,ziyadnz|hourly,2026-08-17T18:48:05Z,2026-08-17T18:48:05Z,
151.234.2.163,ipv4,malicious-ip,medium,WHITE,ziyadnz/hourly-ipv4,ziyadnz|hourly,2026-08-17T18:48:05Z,2026-08-17T18:48:05Z,
151.234.36.13,ipv4,malicious-ip,medium,WHITE,ziyadnz/hourly-ipv4,ziyadnz|hourly,2026-08-17T18:48:05Z,2026-08-17T18:48:05Z,
151.236.16.167,ipv4,malicious-ip,medium,WHITE,ziyadnz/hourly-ipv4,ziyadnz|hourly,2026-08-17T18:48:05Z,2026-08-17T18:48:05Z,
151.236.17.231,ipv4,malicious-ip,medium,WHITE,ziyadnz/hourly-ipv4,ziyadnz|hourly,2026-08-17T18:48:05Z,2026-08-17T18:48:05Z,
151.236.19.91,ipv4,malicious-ip,medium,WHITE,ziyadnz/hourly-ipv4,ziyadnz|hourly,2026-08-17T18:48:05Z,2026-08-17T18:48:05Z,
151.236.246.96,ipv4,malicious-ip,medium,WHITE,ziyadnz/hourly-ipv4,ziyadnz|hourly,2026-08-17T18:48:05Z,2026-08-17T18:48:05Z,
151.237.115.208,ipv4,malicious-ip,medium,WHITE,ziyadnz/hourly-ipv4,ziyadnz|hourly,2026-08-17T18:48:05Z,2026-08-17T18:48:05Z,
151.237.28.235,ipv4,malicious-ip,medium,WHITE,ziyadnz/hourly-ipv4,ziyadnz|hourly,2026-08-17T18:48:05Z,2026-08-17T18:48:05Z,
151.237.40.183,ipv4,malicious-ip,medium,WHITE,ziyadnz/hourly-ipv4,ziyadnz|hourly,2026-08-17T18:48:05Z,2026-08-17T18:48:05Z,
151.237.57.13,ipv4,malicious-ip,medium,WHITE,ziyadnz/hourly-ipv4,ziyadnz|hourly,2026-08-17T18:48:05Z,2026-08-17T18:48:05Z,
151.237.79.248,ipv4,malicious-ip,medium,WHITE,ziyadnz/hourly-ipv4,ziyadnz|hourly,2026-08-17T18:48:05Z,2026-08-17T18:48:05Z,
151.238.112.145,ipv4,malicious-ip,medium,WHITE,ziyadnz/hourly-ipv4,ziyadnz|hourly,2026-08-17T18:48:05Z,2026-08-17T18:48:05Z,
151.239.25.40,ipv4,malicious-ip,medium,WHITE,ziyadnz/hourly-ipv4,ziyadnz|hourly,2026-08-17T18:48:05Z,2026-08-17T18:48:05Z,
151.240.100.189,ipv4,malicious-ip,medium,WHITE,ziyadnz/hourly-ipv4,ziyadnz|hourly,2026-08-17T18:48:05Z,2026-08-17T18:48:05Z,
151.240.100.190,ipv4,malicious-ip,medium,WHITE,ziyadnz/hourly-ipv4,ziyadnz|hourly,2026-08-17T18:48:05Z,2026-08-17T18:48:05Z,
151.240.151.126,ipv4,malicious-ip,medium,WHITE,ziyadnz/hourly-ipv4,ziyadnz|hourly,2026-08-17T18:48:05Z,2026-08-17T18:48:05Z,
151.240.187.0,ipv4,malicious-ip,medium,WHITE,ziyadnz/hourly-ipv4,ziyadnz|hourly,2026-08-17T18:48:05Z,2026-08-17T18:48:05Z,
151.240.187.105,ipv4,malicious-ip,medium,WHITE,ziyadnz/hourly-ipv4,ziyadnz|hourly,2026-08-17T18:48:05Z,2026-08-17T18:48:05Z,
151.240.187.113,ipv4,malicious-ip,medium,WHITE,ziyadnz/hourly-ipv4,ziyadnz|hourly,2026-08-17T18:48:05Z,2026-08-17T18:48:05Z,
151.240.187.116,ipv4,malicious-ip,medium,WHITE,ziyadnz/hourly-ipv4,ziyadnz|hourly,2026-08-17T18:48:05Z,2026-08-17T18:48:05Z,
151.240.187.12,ipv4,malicious-ip,medium,WHITE,ziyadnz/hourly-ipv4,ziyadnz|hourly,2026-08-17T18:48:05Z,2026-08-17T18:48:05Z,
151.240.187.158,ipv4,malicious-ip,medium,WHITE,ziyadnz/hourly-ipv4,ziyadnz|hourly,2026-08-17T18:48:05Z,2026-08-17T18:48:05Z,
151.240.187.177,ipv4,malicious-ip,medium,WHITE,ziyadnz/hourly-ipv4,ziyadnz|hourly,2026-08-17T18:48:05Z,2026-08-17T18:48:05Z,
151.240.187.196,ipv4,malicious-ip,medium,WHITE,ziyadnz/hourly-ipv4,ziyadnz|hourly,2026-08-17T18:48:05Z,2026-08-17T18:48:05Z,
151.240.187.198,ipv4,malicious-ip,medium,WHITE,ziyadnz/hourly-ipv4,ziyadnz|hourly,2026-08-17T18:48:05Z,2026-08-17T18:48:05Z,
151.240.187.206,ipv4,malicious-ip,medium,WHITE,ziyadnz/hourly-ipv4,ziyadnz|hourly,2026-08-17T18:48:05Z,2026-08-17T18:48:05Z,
151.240.187.214,ipv4,malicious-ip,medium,WHITE,ziyadnz/hourly-ipv4,ziyadnz|hourly,2026-08-17T18:48:05Z,2026-08-17T18:48:05Z,
151.240.187.216,ipv4,malicious-ip,medium,WHITE,ziyadnz/hourly-ipv4,ziyadnz|hourly,2026-08-17T18:48:05Z,2026-08-17T18:48:05Z,
151.240.187.223,ipv4,malicious-ip,medium,WHITE,ziyadnz/hourly-ipv4,ziyadnz|hourly,2026-08-17T18:48:05Z,2026-08-17T18:48:05Z,
151.240.187.224,ipv4,malicious-ip,medium,WHITE,ziyadnz/hourly-ipv4,ziyadnz|hourly,2026-08-17T18:48:05Z,2026-08-17T18:48:05Z,
151.240.187.226,ipv4,malicious-ip,medium,WHITE,ziyadnz/hourly-ipv4,ziyadnz|hourly,2026-08-17T18:48:05Z,2026-08-17T18:48:05Z,
151.240.187.229,ipv4,malicious-ip,medium,WHITE,ziyadnz/hourly-ipv4,ziyadnz|hourly,2026-08-17T18:48:05Z,2026-08-17T18:48:05Z,
151.240.187.23,ipv4,malicious-ip,medium,WHITE,ziyadnz/hourly-ipv4,ziyadnz|hourly,2026-08-17T18:48:05Z,2026-08-17T18:48:05Z,
151.240.187.233,ipv4,malicious-ip,medium,WHITE,ziyadnz/hourly-ipv4,ziyadnz|hourly,2026-08-17T18:48:05Z,2026-08-17T18:48:05Z,
151.240.187.25,ipv4,malicious-ip,medium,WHITE,ziyadnz/hourly-ipv4,ziyadnz|hourly,2026-08-17T18:48:05Z,2026-08-17T18:48:05Z,
151.240.187.26,ipv4,malicious-ip,medium,WHITE,ziyadnz/hourly-ipv4,ziyadnz|hourly,2026-08-17T18:48:05Z,2026-08-17T18:48:05Z,
151.240.187.50,ipv4,malicious-ip,medium,WHITE,ziyadnz/hourly-ipv4,ziyadnz|hourly,2026-08-17T18:48:05Z,2026-08-17T18:48:05Z,
151.240.187.69,ipv4,malicious-ip,medium,WHITE,ziyadnz/hourly-ipv4,ziyadnz|hourly,2026-08-17T18:48:05Z,2026-08-17T18:48:05Z,
151.240.187.70,ipv4,malicious-ip,medium,WHITE,ziyadnz/hourly-ipv4,ziyadnz|hourly,2026-08-17T18:48:05Z,2026-08-17T18:48:05Z,
151.240.187.77,ipv4,malicious-ip,medium,WHITE,ziyadnz/hourly-ipv4,ziyadnz|hourly,2026-08-17T18:48:05Z,2026-08-17T18:48:05Z,
151.240.187.82,ipv4,malicious-ip,medium,WHITE,ziyadnz/hourly-ipv4,ziyadnz|hourly,2026-08-17T18:48:05Z,2026-08-17T18:48:05Z,
151.240.187.90,ipv4,malicious-ip,medium,WHITE,ziyadnz/hourly-ipv4,ziyadnz|hourly,2026-08-17T18:48:05Z,2026-08-17T18:48:05Z,
151.240.187.92,ipv4,malicious-ip,medium,WHITE,ziyadnz/hourly-ipv4,ziyadnz|hourly,2026-08-17T18:48:05Z,2026-08-17T18:48:05Z,
151.240.187.97,ipv4,malicious-ip,medium,WHITE,ziyadnz/hourly-ipv4,ziyadnz|hourly,2026-08-17T18:48:05Z,2026-08-17T18:48:05Z,
151.240.189.0,ipv4,malicious-ip,medium,WHITE,ziyadnz/hourly-ipv4,ziyadnz|hourly,2026-08-17T18:48:05Z,2026-08-17T18:48:05Z,
151.240.189.102,ipv4,malicious-ip,medium,WHITE,ziyadnz/hourly-ipv4,ziyadnz|hourly,2026-08-17T18:48:05Z,2026-08-17T18:48:05Z,
151.240.189.118,ipv4,malicious-ip,medium,WHITE,ziyadnz/hourly-ipv4,ziyadnz|hourly,2026-08-17T18:48:05Z,2026-08-17T18:48:05Z,
151.240.189.15,ipv4,malicious-ip,medium,WHITE,ziyadnz/hourly-ipv4,ziyadnz|hourly,2026-08-17T18:48:05Z,2026-08-17T18:48:05Z,
151.240.189.175,ipv4,malicious-ip,medium,WHITE,ziyadnz/hourly-ipv4,ziyadnz|hourly,2026-08-17T18:48:05Z,2026-08-17T18:48:05Z,
151.240.189.192,ipv4,malicious-ip,medium,WHITE,ziyadnz/hourly-ipv4,ziyadnz|hourly,2026-08-17T18:48:05Z,2026-08-17T18:48:05Z,
151.240.189.197,ipv4,malicious-ip,medium,WHITE,ziyadnz/hourly-ipv4,ziyadnz|hourly,2026-08-17T18:48:05Z,2026-08-17T18:48:05Z,
151.240.189.2,ipv4,malicious-ip,medium,WHITE,ziyadnz/hourly-ipv4,ziyadnz|hourly,2026-08-17T18:48:05Z,2026-08-17T18:48:05Z,
151.240.189.200,ipv4,malicious-ip,medium,WHITE,ziyadnz/hourly-ipv4,ziyadnz|hourly,2026-08-17T18:48:05Z,2026-08-17T18:48:05Z,
151.240.189.202,ipv4,malicious-ip,medium,WHITE,ziyadnz/hourly-ipv4,ziyadnz|hourly,2026-08-17T18:48:05Z,2026-08-17T18:48:05Z,
151.240.189.211,ipv4,malicious-ip,medium,WHITE,ziyadnz/hourly-ipv4,ziyadnz|hourly,2026-08-17T18:48:05Z,2026-08-17T18:48:05Z,
151.240.189.224,ipv4,malicious-ip,medium,WHITE,ziyadnz/hourly-ipv4,ziyadnz|hourly,2026-08-17T18:48:05Z,2026-08-17T18:48:05Z,
151.240.189.227,ipv4,malicious-ip,medium,WHITE,ziyadnz/hourly-ipv4,ziyadnz|hourly,2026-08-17T18:48:05Z,2026-08-17T18:48:05Z,
151.240.189.36,ipv4,malicious-ip,medium,WHITE,ziyadnz/hourly-ipv4,ziyadnz|hourly,2026-08-17T18:48:05Z,2026-08-17T18:48:05Z,
151.240.189.50,ipv4,malicious-ip,medium,WHITE,ziyadnz/hourly-ipv4,ziyadnz|hourly,2026-08-17T18:48:05Z,2026-08-17T18:48:05Z,
151.240.189.78,ipv4,malicious-ip,medium,WHITE,ziyadnz/hourly-ipv4,ziyadnz|hourly,2026-08-17T18:48:05Z,2026-08-17T18:48:05Z,
151.240.189.8,ipv4,malicious-ip,medium,WHITE,ziyadnz/hourly-ipv4,ziyadnz|hourly,2026-08-17T18:48:05Z,2026-08-17T18:48:05Z,
151.240.189.89,ipv4,malicious-ip,medium,WHITE,ziyadnz/hourly-ipv4,ziyadnz|hourly,2026-08-17T18:48:05Z,2026-08-17T18:48:05Z,
151.240.189.92,ipv4,malicious-ip,medium,WHITE,ziyadnz/hourly-ipv4,ziyadnz|hourly,2026-08-17T18:48:05Z,2026-08-17T18:48:05Z,
151.240.189.96,ipv4,malicious-ip,medium,WHITE,ziyadnz/hourly-ipv4,ziyadnz|hourly,2026-08-17T18:48:05Z,2026-08-17T18:48:05Z,
151.240.191.0,ipv4,malicious-ip,medium,WHITE,ziyadnz/hourly-ipv4,ziyadnz|hourly,2026-08-17T18:48:05Z,2026-08-17T18:48:05Z,
151.240.191.1,ipv4,malicious-ip,medium,WHITE,ziyadnz/hourly-ipv4,ziyadnz|hourly,2026-08-17T18:48:05Z,2026-08-17T18:48:05Z,
151.240.191.108,ipv4,malicious-ip,medium,WHITE,ziyadnz/hourly-ipv4,ziyadnz|hourly,2026-08-17T18:48:05Z,2026-08-17T18:48:05Z,
151.240.191.110,ipv4,malicious-ip,medium,WHITE,ziyadnz/hourly-ipv4,ziyadnz|hourly,2026-08-17T18:48:05Z,2026-08-17T18:48:05Z,
151.240.191.120,ipv4,malicious-ip,medium,WHITE,ziyadnz/hourly-ipv4,ziyadnz|hourly,2026-08-17T18:48:05Z,2026-08-17T18:48:05Z,
151.240.191.135,ipv4,malicious-ip,medium,WHITE,ziyadnz/hourly-ipv4,ziyadnz|hourly,2026-08-17T18:48:05Z,2026-08-17T18:48:05Z,
151.240.191.141,ipv4,malicious-ip,medium,WHITE,ziyadnz/hourly-ipv4,ziyadnz|hourly,2026-08-17T18:48:05Z,2026-08-17T18:48:05Z,
151.240.191.142,ipv4,malicious-ip,medium,WHITE,ziyadnz/hourly-ipv4,ziyadnz|hourly,2026-08-17T18:48:05Z,2026-08-17T18:48:05Z,
151.240.191.148,ipv4,malicious-ip,medium,WHITE,ziyadnz/hourly-ipv4,ziyadnz|hourly,2026-08-17T18:48:05Z,2026-08-17T18:48:05Z,
151.240.191.151,ipv4,malicious-ip,medium,WHITE,ziyadnz/hourly-ipv4,ziyadnz|hourly,2026-08-17T18:48:05Z,2026-08-17T18:48:05Z,
151.240.191.154,ipv4,malicious-ip,medium,WHITE,ziyadnz/hourly-ipv4,ziyadnz|hourly,2026-08-17T18:48:05Z,2026-08-17T18:48:05Z,
151.240.191.159,ipv4,malicious-ip,medium,WHITE,ziyadnz/hourly-ipv4,ziyadnz|hourly,2026-08-17T18:48:05Z,2026-08-17T18:48:05Z,
151.240.191.189,ipv4,malicious-ip,medium,WHITE,ziyadnz/hourly-ipv4,ziyadnz|hourly,2026-08-17T18:48:05Z,2026-08-17T18:48:05Z,
151.240.191.192,ipv4,malicious-ip,medium,WHITE,ziyadnz/hourly-ipv4,ziyadnz|hourly,2026-08-17T18:48:05Z,2026-08-17T18:48:05Z,
151.240.191.2,ipv4,malicious-ip,medium,WHITE,ziyadnz/hourly-ipv4,ziyadnz|hourly,2026-08-17T18:48:05Z,2026-08-17T18:48:05Z,
151.240.191.217,ipv4,malicious-ip,medium,WHITE,ziyadnz/hourly-ipv4,ziyadnz|hourly,2026-08-17T18:48:05Z,2026-08-17T18:48:05Z,
151.240.191.219,ipv4,malicious-ip,medium,WHITE,ziyadnz/hourly-ipv4,ziyadnz|hourly,2026-08-17T18:48:05Z,2026-08-17T18:48:05Z,
151.240.191.233,ipv4,malicious-ip,medium,WHITE,ziyadnz/hourly-ipv4,ziyadnz|hourly,2026-08-17T18:48:05Z,2026-08-17T18:48:05Z,
151.240.191.235,ipv4,malicious-ip,medium,WHITE,ziyadnz/hourly-ipv4,ziyadnz|hourly,2026-08-17T18:48:05Z,2026-08-17T18:48:05Z,
151.240.191.24,ipv4,malicious-ip,medium,WHITE,ziyadnz/hourly-ipv4,ziyadnz|hourly,2026-08-17T18:48:05Z,2026-08-17T18:48:05Z,
151.240.191.34,ipv4,malicious-ip,medium,WHITE,ziyadnz/hourly-ipv4,ziyadnz|hourly,2026-08-17T18:48:05Z,2026-08-17T18:48:05Z,
151.240.191.37,ipv4,malicious-ip,medium,WHITE,ziyadnz/hourly-ipv4,ziyadnz|hourly,2026-08-17T18:48:05Z,2026-08-17T18:48:05Z,
151.240.191.50,ipv4,malicious-ip,medium,WHITE,ziyadnz/hourly-ipv4,ziyadnz|hourly,2026-08-17T18:48:05Z,2026-08-17T18:48:05Z,
151.240.191.75,ipv4,malicious-ip,medium,WHITE,ziyadnz/hourly-ipv4,ziyadnz|hourly,2026-08-17T18:48:05Z,2026-08-17T18:48:05Z,
151.240.191.76,ipv4,malicious-ip,medium,WHITE,ziyadnz/hourly-ipv4,ziyadnz|hourly,2026-08-17T18:48:05Z,2026-08-17T18:48:05Z,
151.240.191.8,ipv4,malicious-ip,medium,WHITE,ziyadnz/hourly-ipv4,ziyadnz|hourly,2026-08-17T18:48:05Z,2026-08-17T18:48:05Z,
151.240.205.249,ipv4,malicious-ip,medium,WHITE,ziyadnz/hourly-ipv4,ziyadnz|hourly,2026-08-17T18:48:05Z,2026-08-17T18:48:05Z,
151.240.33.17,ipv4,malicious-ip,medium,WHITE,ziyadnz/hourly-ipv4,ziyadnz|hourly,2026-08-17T18:48:05Z,2026-08-17T18:48:05Z,
151.240.46.72,ipv4,malicious-ip,medium,WHITE,ziyadnz/hourly-ipv4,ziyadnz|hourly,2026-08-17T18:48:05Z,2026-08-17T18:48:05Z,
151.240.47.116,ipv4,malicious-ip,medium,WHITE,ziyadnz/hourly-ipv4,ziyadnz|hourly,2026-08-17T18:48:05Z,2026-08-17T18:48:05Z,
151.240.57.33,ipv4,malicious-ip,medium,WHITE,ziyadnz/hourly-ipv4,ziyadnz|hourly,2026-08-17T18:48:05Z,2026-08-17T18:48:05Z,
151.240.62.121,ipv4,malicious-ip,medium,WHITE,ziyadnz/hourly-ipv4,ziyadnz|hourly,2026-08-17T18:48:05Z,2026-08-17T18:48:05Z,
151.240.67.45,ipv4,malicious-ip,medium,WHITE,ziyadnz/hourly-ipv4,ziyadnz|hourly,2026-08-17T18:48:05Z,2026-08-17T18:48:05Z,
151.240.91.73,ipv4,malicious-ip,medium,WHITE,ziyadnz/hourly-ipv4,ziyadnz|hourly,2026-08-17T18:48:05Z,2026-08-17T18:48:05Z,
151.240.94.144,ipv4,malicious-ip,medium,WHITE,ziyadnz/hourly-ipv4,ziyadnz|hourly,2026-08-17T18:48:05Z,2026-08-17T18:48:05Z,
151.241.155.78,ipv4,malicious-ip,medium,WHITE,ziyadnz/hourly-ipv4,ziyadnz|hourly,2026-08-17T18:48:05Z,2026-08-17T18:48:05Z,
151.241.171.110,ipv4,malicious-ip,medium,WHITE,ziyadnz/hourly-ipv4,ziyadnz|hourly,2026-08-17T18:48:05Z,2026-08-17T18:48:05Z,
151.241.189.0,ipv4,malicious-ip,medium,WHITE,ziyadnz/hourly-ipv4,ziyadnz|hourly,2026-08-17T18:48:05Z,2026-08-17T18:48:05Z,
151.241.189.102,ipv4,malicious-ip,medium,WHITE,ziyadnz/hourly-ipv4,ziyadnz|hourly,2026-08-17T18:48:05Z,2026-08-17T18:48:05Z,
151.241.189.108,ipv4,malicious-ip,medium,WHITE,ziyadnz/hourly-ipv4,ziyadnz|hourly,2026-08-17T18:48:05Z,2026-08-17T18:48:05Z,
151.241.189.115,ipv4,malicious-ip,medium,WHITE,ziyadnz/hourly-ipv4,ziyadnz|hourly,2026-08-17T18:48:05Z,2026-08-17T18:48:05Z,
151.241.189.138,ipv4,malicious-ip,medium,WHITE,ziyadnz/hourly-ipv4,ziyadnz|hourly,2026-08-17T18:48:05Z,2026-08-17T18:48:05Z,
151.241.189.151,ipv4,malicious-ip,medium,WHITE,ziyadnz/hourly-ipv4,ziyadnz|hourly,2026-08-17T18:48:05Z,2026-08-17T18:48:05Z,
151.241.189.158,ipv4,malicious-ip,medium,WHITE,ziyadnz/hourly-ipv4,ziyadnz|hourly,2026-08-17T18:48:05Z,2026-08-17T18:48:05Z,
151.241.189.159,ipv4,malicious-ip,medium,WHITE,ziyadnz/hourly-ipv4,ziyadnz|hourly,2026-08-17T18:48:05Z,2026-08-17T18:48:05Z,
151.241.189.168,ipv4,malicious-ip,medium,WHITE,ziyadnz/hourly-ipv4,ziyadnz|hourly,2026-08-17T18:48:05Z,2026-08-17T18:48:05Z,
151.241.189.183,ipv4,malicious-ip,medium,WHITE,ziyadnz/hourly-ipv4,ziyadnz|hourly,2026-08-17T18:48:05Z,2026-08-17T18:48:05Z,
151.241.189.187,ipv4,malicious-ip,medium,WHITE,ziyadnz/hourly-ipv4,ziyadnz|hourly,2026-08-17T18:48:05Z,2026-08-17T18:48:05Z,
151.241.189.199,ipv4,malicious-ip,medium,WHITE,ziyadnz/hourly-ipv4,ziyadnz|hourly,2026-08-17T18:48:05Z,2026-08-17T18:48:05Z,
151.241.189.20,ipv4,malicious-ip,medium,WHITE,ziyadnz/hourly-ipv4,ziyadnz|hourly,2026-08-17T18:48:05Z,2026-08-17T18:48:05Z,
151.241.189.202,ipv4,malicious-ip,medium,WHITE,ziyadnz/hourly-ipv4,ziyadnz|hourly,2026-08-17T18:48:05Z,2026-08-17T18:48:05Z,
151.241.189.209,ipv4,malicious-ip,medium,WHITE,ziyadnz/hourly-ipv4,ziyadnz|hourly,2026-08-17T18:48:05Z,2026-08-17T18:48:05Z,
151.241.189.21,ipv4,malicious-ip,medium,WHITE,ziyadnz/hourly-ipv4,ziyadnz|hourly,2026-08-17T18:48:05Z,2026-08-17T18:48:05Z,
151.241.189.213,ipv4,malicious-ip,medium,WHITE,ziyadnz/hourly-ipv4,ziyadnz|hourly,2026-08-17T18:48:05Z,2026-08-17T18:48:05Z,
151.241.189.214,ipv4,malicious-ip,medium,WHITE,ziyadnz/hourly-ipv4,ziyadnz|hourly,2026-08-17T18:48:05Z,2026-08-17T18:48:05Z,
151.241.189.247,ipv4,malicious-ip,medium,WHITE,ziyadnz/hourly-ipv4,ziyadnz|hourly,2026-08-17T18:48:05Z,2026-08-17T18:48:05Z,
151.241.189.31,ipv4,malicious-ip,medium,WHITE,ziyadnz/hourly-ipv4,ziyadnz|hourly,2026-08-17T18:48:05Z,2026-08-17T18:48:05Z,
151.241.189.4,ipv4,malicious-ip,medium,WHITE,ziyadnz/hourly-ipv4,ziyadnz|hourly,2026-08-17T18:48:05Z,2026-08-17T18:48:05Z,
151.241.189.45,ipv4,malicious-ip,medium,WHITE,ziyadnz/hourly-ipv4,ziyadnz|hourly,2026-08-17T18:48:05Z,2026-08-17T18:48:05Z,
151.241.189.52,ipv4,malicious-ip,medium,WHITE,ziyadnz/hourly-ipv4,ziyadnz|hourly,2026-08-17T18:48:05Z,2026-08-17T18:48:05Z,
151.241.189.87,ipv4,malicious-ip,medium,WHITE,ziyadnz/hourly-ipv4,ziyadnz|hourly,2026-08-17T18:48:05Z,2026-08-17T18:48:05Z,
151.241.189.96,ipv4,malicious-ip,medium,WHITE,ziyadnz/hourly-ipv4,ziyadnz|hourly,2026-08-17T18:48:05Z,2026-08-17T18:48:05Z,
151.241.192.0,ipv4,malicious-ip,medium,WHITE,ziyadnz/hourly-ipv4,ziyadnz|hourly,2026-08-17T18:48:05Z,2026-08-17T18:48:05Z,
151.241.192.100,ipv4,malicious-ip,medium,WHITE,ziyadnz/hourly-ipv4,ziyadnz|hourly,2026-08-17T18:48:05Z,2026-08-17T18:48:05Z,
151.241.192.110,ipv4,malicious-ip,medium,WHITE,ziyadnz/hourly-ipv4,ziyadnz|hourly,2026-08-17T18:48:05Z,2026-08-17T18:48:05Z,
151.241.192.112,ipv4,malicious-ip,medium,WHITE,ziyadnz/hourly-ipv4,ziyadnz|hourly,2026-08-17T18:48:05Z,2026-08-17T18:48:05Z,
151.241.192.115,ipv4,malicious-ip,medium,WHITE,ziyadnz/hourly-ipv4,ziyadnz|hourly,2026-08-17T18:48:05Z,2026-08-17T18:48:05Z,
151.241.192.138,ipv4,malicious-ip,medium,WHITE,ziyadnz/hourly-ipv4,ziyadnz|hourly,2026-08-17T18:48:05Z,2026-08-17T18:48:05Z,
151.241.192.146,ipv4,malicious-ip,medium,WHITE,ziyadnz/hourly-ipv4,ziyadnz|hourly,2026-08-17T18:48:05Z,2026-08-17T18:48:05Z,
151.241.192.15,ipv4,malicious-ip,medium,WHITE,ziyadnz/hourly-ipv4,ziyadnz|hourly,2026-08-17T18:48:05Z,2026-08-17T18:48:05Z,
151.241.192.162,ipv4,malicious-ip,medium,WHITE,ziyadnz/hourly-ipv4,ziyadnz|hourly,2026-08-17T18:48:05Z,2026-08-17T18:48:05Z,
151.241.192.177,ipv4,malicious-ip,medium,WHITE,ziyadnz/hourly-ipv4,ziyadnz|hourly,2026-08-17T18:48:05Z,2026-08-17T18:48:05Z,
151.241.192.185,ipv4,malicious-ip,medium,WHITE,ziyadnz/hourly-ipv4,ziyadnz|hourly,2026-08-17T18:48:05Z,2026-08-17T18:48:05Z,
151.241.192.199,ipv4,malicious-ip,medium,WHITE,ziyadnz/hourly-ipv4,ziyadnz|hourly,2026-08-17T18:48:05Z,2026-08-17T18:48:05Z,
151.241.192.209,ipv4,malicious-ip,medium,WHITE,ziyadnz/hourly-ipv4,ziyadnz|hourly,2026-08-17T18:48:05Z,2026-08-17T18:48:05Z,
151.241.192.215,ipv4,malicious-ip,medium,WHITE,ziyadnz/hourly-ipv4,ziyadnz|hourly,2026-08-17T18:48:05Z,2026-08-17T18:48:05Z,
151.241.192.227,ipv4,malicious-ip,medium,WHITE,ziyadnz/hourly-ipv4,ziyadnz|hourly,2026-08-17T18:48:05Z,2026-08-17T18:48:05Z,
151.241.192.233,ipv4,malicious-ip,medium,WHITE,ziyadnz/hourly-ipv4,ziyadnz|hourly,2026-08-17T18:48:05Z,2026-08-17T18:48:05Z,
151.241.192.238,ipv4,malicious-ip,medium,WHITE,ziyadnz/hourly-ipv4,ziyadnz|hourly,2026-08-17T18:48:05Z,2026-08-17T18:48:05Z,
151.241.192.26,ipv4,malicious-ip,medium,WHITE,ziyadnz/hourly-ipv4,ziyadnz|hourly,2026-08-17T18:48:05Z,2026-08-17T18:48:05Z,
151.241.192.28,ipv4,malicious-ip,medium,WHITE,ziyadnz/hourly-ipv4,ziyadnz|hourly,2026-08-17T18:48:05Z,2026-08-17T18:48:05Z,
151.241.192.38,ipv4,malicious-ip,medium,WHITE,ziyadnz/hourly-ipv4,ziyadnz|hourly,2026-08-17T18:48:05Z,2026-08-17T18:48:05Z,
151.241.192.47,ipv4,malicious-ip,medium,WHITE,ziyadnz/hourly-ipv4,ziyadnz|hourly,2026-08-17T18:48:05Z,2026-08-17T18:48:05Z,
151.241.192.60,ipv4,malicious-ip,medium,WHITE,ziyadnz/hourly-ipv4,ziyadnz|hourly,2026-08-17T18:48:05Z,2026-08-17T18:48:05Z,
151.241.192.64,ipv4,malicious-ip,medium,WHITE,ziyadnz/hourly-ipv4,ziyadnz|hourly,2026-08-17T18:48:05Z,2026-08-17T18:48:05Z,
151.241.192.86,ipv4,malicious-ip,medium,WHITE,ziyadnz/hourly-ipv4,ziyadnz|hourly,2026-08-17T18:48:05Z,2026-08-17T18:48:05Z,
151.241.192.93,ipv4,malicious-ip,medium,WHITE,ziyadnz/hourly-ipv4,ziyadnz|hourly,2026-08-17T18:48:05Z,2026-08-17T18:48:05Z,
151.241.192.98,ipv4,malicious-ip,medium,WHITE,ziyadnz/hourly-ipv4,ziyadnz|hourly,2026-08-17T18:48:05Z,2026-08-17T18:48:05Z,
151.241.197.0,ipv4,malicious-ip,medium,WHITE,ziyadnz/hourly-ipv4,ziyadnz|hourly,2026-08-17T18:48:05Z,2026-08-17T18:48:05Z,
151.241.197.117,ipv4,malicious-ip,medium,WHITE,ziyadnz/hourly-ipv4,ziyadnz|hourly,2026-08-17T18:48:05Z,2026-08-17T18:48:05Z,
151.241.197.123,ipv4,malicious-ip,medium,WHITE,ziyadnz/hourly-ipv4,ziyadnz|hourly,2026-08-17T18:48:05Z,2026-08-17T18:48:05Z,
151.241.197.131,ipv4,malicious-ip,medium,WHITE,ziyadnz/hourly-ipv4,ziyadnz|hourly,2026-08-17T18:48:05Z,2026-08-17T18:48:05Z,
151.241.197.133,ipv4,malicious-ip,medium,WHITE,ziyadnz/hourly-ipv4,ziyadnz|hourly,2026-08-17T18:48:05Z,2026-08-17T18:48:05Z,
151.241.197.18,ipv4,malicious-ip,medium,WHITE,ziyadnz/hourly-ipv4,ziyadnz|hourly,2026-08-17T18:48:05Z,2026-08-17T18:48:05Z,
151.241.197.181,ipv4,malicious-ip,medium,WHITE,ziyadnz/hourly-ipv4,ziyadnz|hourly,2026-08-17T18:48:05Z,2026-08-17T18:48:05Z,
151.241.197.198,ipv4,malicious-ip,medium,WHITE,ziyadnz/hourly-ipv4,ziyadnz|hourly,2026-08-17T18:48:05Z,2026-08-17T18:48:05Z,
151.241.197.214,ipv4,malicious-ip,medium,WHITE,ziyadnz/hourly-ipv4,ziyadnz|hourly,2026-08-17T18:48:05Z,2026-08-17T18:48:05Z,
151.241.197.219,ipv4,malicious-ip,medium,WHITE,ziyadnz/hourly-ipv4,ziyadnz|hourly,2026-08-17T18:48:05Z,2026-08-17T18:48:05Z,
151.241.197.227,ipv4,malicious-ip,medium,WHITE,ziyadnz/hourly-ipv4,ziyadnz|hourly,2026-08-17T18:48:05Z,2026-08-17T18:48:05Z,
151.241.197.229,ipv4,malicious-ip,medium,WHITE,ziyadnz/hourly-ipv4,ziyadnz|hourly,2026-08-17T18:48:05Z,2026-08-17T18:48:05Z,
151.241.197.234,ipv4,malicious-ip,medium,WHITE,ziyadnz/hourly-ipv4,ziyadnz|hourly,2026-08-17T18:48:05Z,2026-08-17T18:48:05Z,
151.241.197.242,ipv4,malicious-ip,medium,WHITE,ziyadnz/hourly-ipv4,ziyadnz|hourly,2026-08-17T18:48:05Z,2026-08-17T18:48:05Z,
151.241.197.248,ipv4,malicious-ip,medium,WHITE,ziyadnz/hourly-ipv4,ziyadnz|hourly,2026-08-17T18:48:05Z,2026-08-17T18:48:05Z,
151.241.197.25,ipv4,malicious-ip,medium,WHITE,ziyadnz/hourly-ipv4,ziyadnz|hourly,2026-08-17T18:48:05Z,2026-08-17T18:48:05Z,
151.241.197.34,ipv4,malicious-ip,medium,WHITE,ziyadnz/hourly-ipv4,ziyadnz|hourly,2026-08-17T18:48:05Z,2026-08-17T18:48:05Z,
151.241.197.44,ipv4,malicious-ip,medium,WHITE,ziyadnz/hourly-ipv4,ziyadnz|hourly,2026-08-17T18:48:05Z,2026-08-17T18:48:05Z,
151.241.197.53,ipv4,malicious-ip,medium,WHITE,ziyadnz/hourly-ipv4,ziyadnz|hourly,2026-08-17T18:48:05Z,2026-08-17T18:48:05Z,
151.241.197.59,ipv4,malicious-ip,medium,WHITE,ziyadnz/hourly-ipv4,ziyadnz|hourly,2026-08-17T18:48:05Z,2026-08-17T18:48:05Z,
151.241.197.64,ipv4,malicious-ip,medium,WHITE,ziyadnz/hourly-ipv4,ziyadnz|hourly,2026-08-17T18:48:05Z,2026-08-17T18:48:05Z,
151.241.197.7,ipv4,malicious-ip,medium,WHITE,ziyadnz/hourly-ipv4,ziyadnz|hourly,2026-08-17T18:48:05Z,2026-08-17T18:48:05Z,
151.241.197.71,ipv4,malicious-ip,medium,WHITE,ziyadnz/hourly-ipv4,ziyadnz|hourly,2026-08-17T18:48:05Z,2026-08-17T18:48:05Z,
151.241.197.82,ipv4,malicious-ip,medium,WHITE,ziyadnz/hourly-ipv4,ziyadnz|hourly,2026-08-17T18:48:05Z,2026-08-17T18:48:05Z,
151.241.197.85,ipv4,malicious-ip,medium,WHITE,ziyadnz/hourly-ipv4,ziyadnz|hourly,2026-08-17T18:48:05Z,2026-08-17T18:48:05Z,
151.241.197.92,ipv4,malicious-ip,medium,WHITE,ziyadnz/hourly-ipv4,ziyadnz|hourly,2026-08-17T18:48:05Z,2026-08-17T18:48:05Z,
151.241.197.95,ipv4,malicious-ip,medium,WHITE,ziyadnz/hourly-ipv4,ziyadnz|hourly,2026-08-17T18:48:05Z,2026-08-17T18:48:05Z,
151.241.197.96,ipv4,malicious-ip,medium,WHITE,ziyadnz/hourly-ipv4,ziyadnz|hourly,2026-08-17T18:48:05Z,2026-08-17T18:48:05Z,
151.241.197.97,ipv4,malicious-ip,medium,WHITE,ziyadnz/hourly-ipv4,ziyadnz|hourly,2026-08-17T18:48:05Z,2026-08-17T18:48:05Z,
151.241.197.99,ipv4,malicious-ip,medium,WHITE,ziyadnz/hourly-ipv4,ziyadnz|hourly,2026-08-17T18:48:05Z,2026-08-17T18:48:05Z,
151.241.234.188,ipv4,malicious-ip,medium,WHITE,ziyadnz/hourly-ipv4,ziyadnz|hourly,2026-08-17T18:48:05Z,2026-08-17T18:48:05Z,
151.241.99.207,ipv4,malicious-ip,medium,WHITE,ziyadnz/hourly-ipv4,ziyadnz|hourly,2026-08-17T18:48:05Z,2026-08-17T18:48:05Z,
151.241.99.233,ipv4,malicious-ip,medium,WHITE,ziyadnz/hourly-ipv4,ziyadnz|hourly,2026-08-17T18:48:05Z,2026-08-17T18:48:05Z,
151.242.122.227,ipv4,malicious-ip,medium,WHITE,ziyadnz/hourly-ipv4,ziyadnz|hourly,2026-08-17T18:48:05Z,2026-08-17T18:48:05Z,
151.242.152.91,ipv4,malicious-ip,medium,WHITE,ziyadnz/hourly-ipv4,ziyadnz|hourly,2026-08-17T18:48:05Z,2026-08-17T18:48:05Z,
151.242.191.232,ipv4,malicious-ip,medium,WHITE,ziyadnz/hourly-ipv4,ziyadnz|hourly,2026-08-17T18:48:05Z,2026-08-17T18:48:05Z,
151.242.242.45,ipv4,malicious-ip,medium,WHITE,ziyadnz/hourly-ipv4,ziyadnz|hourly,2026-08-17T18:48:05Z,2026-08-17T18:48:05Z,
151.242.30.113,ipv4,malicious-ip,medium,WHITE,ziyadnz/hourly-ipv4,ziyadnz|hourly,2026-08-17T18:48:05Z,2026-08-17T18:48:05Z,
151.242.30.119,ipv4,malicious-ip,medium,WHITE,ziyadnz/hourly-ipv4,ziyadnz|hourly,2026-08-17T18:48:05Z,2026-08-17T18:48:05Z,
151.242.30.13,ipv4,malicious-ip,medium,WHITE,ziyadnz/hourly-ipv4,ziyadnz|hourly,2026-08-17T18:48:05Z,2026-08-17T18:48:05Z,
151.242.30.173,ipv4,malicious-ip,medium,WHITE,ziyadnz/hourly-ipv4,ziyadnz|hourly,2026-08-17T18:48:05Z,2026-08-17T18:48:05Z,
151.242.30.206,ipv4,malicious-ip,medium,WHITE,ziyadnz/hourly-ipv4,ziyadnz|hourly,2026-08-17T18:48:05Z,2026-08-17T18:48:05Z,
151.242.43.229,ipv4,malicious-ip,medium,WHITE,ziyadnz/hourly-ipv4,ziyadnz|hourly,2026-08-17T18:48:05Z,2026-08-17T18:48:05Z,
151.242.58.76,ipv4,malicious-ip,medium,WHITE,ziyadnz/hourly-ipv4,ziyadnz|hourly,2026-08-17T18:48:05Z,2026-08-17T18:48:05Z,
151.243.109.188,ipv4,malicious-ip,medium,WHITE,ziyadnz/hourly-ipv4,ziyadnz|hourly,2026-08-17T18:48:05Z,2026-08-17T18:48:05Z,
151.243.109.6,ipv4,malicious-ip,medium,WHITE,ziyadnz/hourly-ipv4,ziyadnz|hourly,2026-08-17T18:48:05Z,2026-08-17T18:48:05Z,
151.243.11.0,ipv4,malicious-ip,medium,WHITE,ziyadnz/hourly-ipv4,ziyadnz|hourly,2026-08-17T18:48:05Z,2026-08-17T18:48:05Z,
151.243.11.212,ipv4,malicious-ip,medium,WHITE,ziyadnz/hourly-ipv4,ziyadnz|hourly,2026-08-17T18:48:05Z,2026-08-17T18:48:05Z,
151.243.11.217,ipv4,malicious-ip,medium,WHITE,ziyadnz/hourly-ipv4,ziyadnz|hourly,2026-08-17T18:48:05Z,2026-08-17T18:48:05Z,
151.243.11.218,ipv4,malicious-ip,medium,WHITE,ziyadnz/hourly-ipv4,ziyadnz|hourly,2026-08-17T18:48:05Z,2026-08-17T18:48:05Z,
151.243.11.230,ipv4,malicious-ip,medium,WHITE,ziyadnz/hourly-ipv4,ziyadnz|hourly,2026-08-17T18:48:05Z,2026-08-17T18:48:05Z,
151.243.11.231,ipv4,malicious-ip,medium,WHITE,ziyadnz/hourly-ipv4,ziyadnz|hourly,2026-08-17T18:48:05Z,2026-08-17T18:48:05Z,
151.243.11.232,ipv4,malicious-ip,medium,WHITE,ziyadnz/hourly-ipv4,ziyadnz|hourly,2026-08-17T18:48:05Z,2026-08-17T18:48:05Z,
151.243.11.233,ipv4,malicious-ip,medium,WHITE,ziyadnz/hourly-ipv4,ziyadnz|hourly,2026-08-17T18:48:05Z,2026-08-17T18:48:05Z,
151.243.11.234,ipv4,malicious-ip,medium,WHITE,ziyadnz/hourly-ipv4,ziyadnz|hourly,2026-08-17T18:48:05Z,2026-08-17T18:48:05Z,
151.243.11.235,ipv4,malicious-ip,medium,WHITE,ziyadnz/hourly-ipv4,ziyadnz|hourly,2026-08-17T18:48:05Z,2026-08-17T18:48:05Z,
151.243.11.236,ipv4,malicious-ip,medium,WHITE,ziyadnz/hourly-ipv4,ziyadnz|hourly,2026-08-17T18:48:05Z,2026-08-17T18:48:05Z,
151.243.11.237,ipv4,malicious-ip,medium,WHITE,ziyadnz/hourly-ipv4,ziyadnz|hourly,2026-08-17T18:48:05Z,2026-08-17T18:48:05Z,
151.243.11.51,ipv4,malicious-ip,medium,WHITE,ziyadnz/hourly-ipv4,ziyadnz|hourly,2026-08-17T18:48:05Z,2026-08-17T18:48:05Z,
151.243.11.52,ipv4,malicious-ip,medium,WHITE,ziyadnz/hourly-ipv4,ziyadnz|hourly,2026-08-17T18:48:05Z,2026-08-17T18:48:05Z,
151.243.113.33,ipv4,malicious-ip,medium,WHITE,ziyadnz/hourly-ipv4,ziyadnz|hourly,2026-08-17T18:48:05Z,2026-08-17T18:48:05Z,
151.243.150.145,ipv4,malicious-ip,medium,WHITE,ziyadnz/hourly-ipv4,ziyadnz|hourly,2026-08-17T18:48:05Z,2026-08-17T18:48:05Z,
151.243.150.222,ipv4,malicious-ip,medium,WHITE,ziyadnz/hourly-ipv4,ziyadnz|hourly,2026-08-17T18:48:05Z,2026-08-17T18:48:05Z,
151.243.176.118,ipv4,malicious-ip,medium,WHITE,ziyadnz/hourly-ipv4,ziyadnz|hourly,2026-08-17T18:48:05Z,2026-08-17T18:48:05Z,
151.243.18.111,ipv4,malicious-ip,medium,WHITE,ziyadnz/hourly-ipv4,ziyadnz|hourly,2026-08-17T18:48:05Z,2026-08-17T18:48:05Z,
151.243.208.134,ipv4,malicious-ip,medium,WHITE,ziyadnz/hourly-ipv4,ziyadnz|hourly,2026-08-17T18:48:05Z,2026-08-17T18:48:05Z,
151.243.213.234,ipv4,malicious-ip,medium,WHITE,ziyadnz/hourly-ipv4,ziyadnz|hourly,2026-08-17T18:48:05Z,2026-08-17T18:48:05Z,
151.243.213.58,ipv4,malicious-ip,medium,WHITE,ziyadnz/hourly-ipv4,ziyadnz|hourly,2026-08-17T18:48:05Z,2026-08-17T18:48:05Z,
151.243.24.50,ipv4,malicious-ip,medium,WHITE,ziyadnz/hourly-ipv4,ziyadnz|hourly,2026-08-17T18:48:05Z,2026-08-17T18:48:05Z,
151.244.228.31,ipv4,malicious-ip,medium,WHITE,ziyadnz/hourly-ipv4,ziyadnz|hourly,2026-08-17T18:48:05Z,2026-08-17T18:48:05Z,
151.244.242.228,ipv4,malicious-ip,medium,WHITE,ziyadnz/hourly-ipv4,ziyadnz|hourly,2026-08-17T18:48:05Z,2026-08-17T18:48:05Z,
151.244.40.81,ipv4,malicious-ip,medium,WHITE,ziyadnz/hourly-ipv4,ziyadnz|hourly,2026-08-17T18:48:05Z,2026-08-17T18:48:05Z,
151.245.104.90,ipv4,malicious-ip,medium,WHITE,ziyadnz/hourly-ipv4,ziyadnz|hourly,2026-08-17T18:48:05Z,2026-08-17T18:48:05Z,
151.245.216.250,ipv4,malicious-ip,medium,WHITE,ziyadnz/hourly-ipv4,ziyadnz|hourly,2026-08-17T18:48:05Z,2026-08-17T18:48:05Z,
151.245.216.94,ipv4,malicious-ip,medium,WHITE,ziyadnz/hourly-ipv4,ziyadnz|hourly,2026-08-17T18:48:05Z,2026-08-17T18:48:05Z,
151.245.90.118,ipv4,malicious-ip,medium,WHITE,ziyadnz/hourly-ipv4,ziyadnz|hourly,2026-08-17T18:48:05Z,2026-08-17T18:48:05Z,
151.247.196.80,ipv4,malicious-ip,medium,WHITE,ziyadnz/hourly-ipv4,ziyadnz|hourly,2026-08-17T18:48:05Z,2026-08-17T18:48:05Z,
151.247.22.48,ipv4,malicious-ip,medium,WHITE,ziyadnz/hourly-ipv4,ziyadnz|hourly,2026-08-17T18:48:05Z,2026-08-17T18:48:05Z,
151.25.38.214,ipv4,malicious-ip,medium,WHITE,ziyadnz/hourly-ipv4,ziyadnz|hourly,2026-08-17T18:48:05Z,2026-08-17T18:48:05Z,
151.254.30.206,ipv4,malicious-ip,medium,WHITE,ziyadnz/hourly-ipv4,ziyadnz|hourly,2026-08-17T18:48:05Z,2026-08-17T18:48:05Z,
151.254.51.152,ipv4,malicious-ip,medium,WHITE,ziyadnz/hourly-ipv4,ziyadnz|hourly,2026-08-17T18:48:05Z,2026-08-17T18:48:05Z,
151.254.65.139,ipv4,malicious-ip,medium,WHITE,ziyadnz/hourly-ipv4,ziyadnz|hourly,2026-08-17T18:48:05Z,2026-08-17T18:48:05Z,
151.254.77.84,ipv4,malicious-ip,medium,WHITE,ziyadnz/hourly-ipv4,ziyadnz|hourly,2026-08-17T18:48:05Z,2026-08-17T18:48:05Z,
151.254.95.138,ipv4,malicious-ip,medium,WHITE,ziyadnz/hourly-ipv4,ziyadnz|hourly,2026-08-17T18:48:05Z,2026-08-17T18:48:05Z,
151.255.43.167,ipv4,malicious-ip,medium,WHITE,ziyadnz/hourly-ipv4,ziyadnz|hourly,2026-08-17T18:48:05Z,2026-08-17T18:48:05Z,
151.3.164.136,ipv4,malicious-ip,medium,WHITE,ziyadnz/hourly-ipv4,ziyadnz|hourly,2026-08-17T18:48:05Z,2026-08-17T18:48:05Z,
151.30.104.123,ipv4,malicious-ip,medium,WHITE,ziyadnz/hourly-ipv4,ziyadnz|hourly,2026-08-17T18:48:05Z,2026-08-17T18:48:05Z,
151.30.239.178,ipv4,malicious-ip,medium,WHITE,ziyadnz/hourly-ipv4,ziyadnz|hourly,2026-08-17T18:48:05Z,2026-08-17T18:48:05Z,
151.30.86.76,ipv4,malicious-ip,medium,WHITE,ziyadnz/hourly-ipv4,ziyadnz|hourly,2026-08-17T18:48:05Z,2026-08-17T18:48:05Z,
151.33.121.83,ipv4,malicious-ip,medium,WHITE,ziyadnz/hourly-ipv4,ziyadnz|hourly,2026-08-17T18:48:05Z,2026-08-17T18:48:05Z,
151.33.235.83,ipv4,malicious-ip,medium,WHITE,ziyadnz/hourly-ipv4,ziyadnz|hourly,2026-08-17T18:48:05Z,2026-08-17T18:48:05Z,
151.33.249.148,ipv4,malicious-ip,medium,WHITE,ziyadnz/hourly-ipv4,ziyadnz|hourly,2026-08-17T18:48:05Z,2026-08-17T18:48:05Z,
151.35.155.173,ipv4,malicious-ip,medium,WHITE,ziyadnz/hourly-ipv4,ziyadnz|hourly,2026-08-17T18:48:05Z,2026-08-17T18:48:05Z,
151.35.173.52,ipv4,malicious-ip,medium,WHITE,ziyadnz/hourly-ipv4,ziyadnz|hourly,2026-08-17T18:48:05Z,2026-08-17T18:48:05Z,
151.37.252.65,ipv4,malicious-ip,medium,WHITE,ziyadnz/hourly-ipv4,ziyadnz|hourly,2026-08-17T18:48:05Z,2026-08-17T18:48:05Z,
151.38.146.180,ipv4,malicious-ip,medium,WHITE,ziyadnz/hourly-ipv4,ziyadnz|hourly,2026-08-17T18:48:05Z,2026-08-17T18:48:05Z,
151.40.119.162,ipv4,malicious-ip,medium,WHITE,ziyadnz/hourly-ipv4,ziyadnz|hourly,2026-08-17T18:48:05Z,2026-08-17T18:48:05Z,
151.41.179.60,ipv4,malicious-ip,medium,WHITE,ziyadnz/hourly-ipv4,ziyadnz|hourly,2026-08-17T18:48:05Z,2026-08-17T18:48:05Z,
151.41.249.14,ipv4,malicious-ip,medium,WHITE,ziyadnz/hourly-ipv4,ziyadnz|hourly,2026-08-17T18:48:05Z,2026-08-17T18:48:05Z,
151.41.41.117,ipv4,malicious-ip,medium,WHITE,ziyadnz/hourly-ipv4,ziyadnz|hourly,2026-08-17T18:48:05Z,2026-08-17T18:48:05Z,
151.41.74.177,ipv4,malicious-ip,medium,WHITE,ziyadnz/hourly-ipv4,ziyadnz|hourly,2026-08-17T18:48:05Z,2026-08-17T18:48:05Z,
151.42.122.218,ipv4,malicious-ip,medium,WHITE,ziyadnz/hourly-ipv4,ziyadnz|hourly,2026-08-17T18:48:05Z,2026-08-17T18:48:05Z,
151.42.166.7,ipv4,malicious-ip,medium,WHITE,ziyadnz/hourly-ipv4,ziyadnz|hourly,2026-08-17T18:48:05Z,2026-08-17T18:48:05Z,
151.42.193.23,ipv4,malicious-ip,medium,WHITE,ziyadnz/hourly-ipv4,ziyadnz|hourly,2026-08-17T18:48:05Z,2026-08-17T18:48:05Z,
151.42.30.185,ipv4,malicious-ip,medium,WHITE,ziyadnz/hourly-ipv4,ziyadnz|hourly,2026-08-17T18:48:05Z,2026-08-17T18:48:05Z,
151.43.119.0,ipv4,malicious-ip,medium,WHITE,ziyadnz/hourly-ipv4,ziyadnz|hourly,2026-08-17T18:48:05Z,2026-08-17T18:48:05Z,
151.47.67.4,ipv4,malicious-ip,medium,WHITE,ziyadnz/hourly-ipv4,ziyadnz|hourly,2026-08-17T18:48:05Z,2026-08-17T18:48:05Z,
151.47.99.184,ipv4,malicious-ip,medium,WHITE,ziyadnz/hourly-ipv4,ziyadnz|hourly,2026-08-17T18:48:05Z,2026-08-17T18:48:05Z,
151.48.161.46,ipv4,malicious-ip,medium,WHITE,ziyadnz/hourly-ipv4,ziyadnz|hourly,2026-08-17T18:48:05Z,2026-08-17T18:48:05Z,
151.49.154.46,ipv4,malicious-ip,medium,WHITE,ziyadnz/hourly-ipv4,ziyadnz|hourly,2026-08-17T18:48:05Z,2026-08-17T18:48:05Z,
151.57.227.65,ipv4,malicious-ip,medium,WHITE,ziyadnz/hourly-ipv4,ziyadnz|hourly,2026-08-17T18:48:05Z,2026-08-17T18:48:05Z,
151.57.70.28,ipv4,malicious-ip,medium,WHITE,ziyadnz/hourly-ipv4,ziyadnz|hourly,2026-08-17T18:48:05Z,2026-08-17T18:48:05Z,
151.59.120.245,ipv4,malicious-ip,medium,WHITE,ziyadnz/hourly-ipv4,ziyadnz|hourly,2026-08-17T18:48:05Z,2026-08-17T18:48:05Z,
151.60.146.177,ipv4,malicious-ip,medium,WHITE,ziyadnz/hourly-ipv4,ziyadnz|hourly,2026-08-17T18:48:05Z,2026-08-17T18:48:05Z,
151.60.147.211,ipv4,malicious-ip,medium,WHITE,ziyadnz/hourly-ipv4,ziyadnz|hourly,2026-08-17T18:48:05Z,2026-08-17T18:48:05Z,
151.60.192.170,ipv4,malicious-ip,medium,WHITE,ziyadnz/hourly-ipv4,ziyadnz|hourly,2026-08-17T18:48:05Z,2026-08-17T18:48:05Z,
151.60.70.113,ipv4,malicious-ip,medium,WHITE,ziyadnz/hourly-ipv4,ziyadnz|hourly,2026-08-17T18:48:05Z,2026-08-17T18:48:05Z,
151.63.252.53,ipv4,malicious-ip,medium,WHITE,ziyadnz/hourly-ipv4,ziyadnz|hourly,2026-08-17T18:48:05Z,2026-08-17T18:48:05Z,
151.64.182.244,ipv4,malicious-ip,medium,WHITE,ziyadnz/hourly-ipv4,ziyadnz|hourly,2026-08-17T18:48:05Z,2026-08-17T18:48:05Z,
151.66.137.141,ipv4,malicious-ip,medium,WHITE,ziyadnz/hourly-ipv4,ziyadnz|hourly,2026-08-17T18:48:05Z,2026-08-17T18:48:05Z,
151.66.179.63,ipv4,malicious-ip,medium,WHITE,ziyadnz/hourly-ipv4,ziyadnz|hourly,2026-08-17T18:48:05Z,2026-08-17T18:48:05Z,
151.67.121.219,ipv4,malicious-ip,medium,WHITE,ziyadnz/hourly-ipv4,ziyadnz|hourly,2026-08-17T18:48:05Z,2026-08-17T18:48:05Z,
151.67.208.238,ipv4,malicious-ip,medium,WHITE,ziyadnz/hourly-ipv4,ziyadnz|hourly,2026-08-17T18:48:05Z,2026-08-17T18:48:05Z,
151.67.219.56,ipv4,malicious-ip,medium,WHITE,ziyadnz/hourly-ipv4,ziyadnz|hourly,2026-08-17T18:48:05Z,2026-08-17T18:48:05Z,
151.67.236.224,ipv4,malicious-ip,medium,WHITE,ziyadnz/hourly-ipv4,ziyadnz|hourly,2026-08-17T18:48:05Z,2026-08-17T18:48:05Z,
151.69.244.7,ipv4,malicious-ip,medium,WHITE,ziyadnz/hourly-ipv4,ziyadnz|hourly,2026-08-17T18:48:05Z,2026-08-17T18:48:05Z,
151.72.37.1,ipv4,malicious-ip,medium,WHITE,ziyadnz/hourly-ipv4,ziyadnz|hourly,2026-08-17T18:48:05Z,2026-08-17T18:48:05Z,
151.74.85.241,ipv4,malicious-ip,medium,WHITE,ziyadnz/hourly-ipv4,ziyadnz|hourly,2026-08-17T18:48:05Z,2026-08-17T18:48:05Z,
151.75.210.81,ipv4,malicious-ip,medium,WHITE,ziyadnz/hourly-ipv4,ziyadnz|hourly,2026-08-17T18:48:05Z,2026-08-17T18:48:05Z,
151.80.141.196,ipv4,malicious-ip,medium,WHITE,ziyadnz/hourly-ipv4,ziyadnz|hourly,2026-08-17T18:48:05Z,2026-08-17T18:48:05Z,
151.80.144.233,ipv4,malicious-ip,medium,WHITE,ziyadnz/hourly-ipv4,ziyadnz|hourly,2026-08-17T18:48:05Z,2026-08-17T18:48:05Z,
151.80.234.64,ipv4,malicious-ip,medium,WHITE,ziyadnz/hourly-ipv4,ziyadnz|hourly,2026-08-17T18:48:05Z,2026-08-17T18:48:05Z,
151.80.25.153,ipv4,malicious-ip,medium,WHITE,ziyadnz/hourly-ipv4,ziyadnz|hourly,2026-08-17T18:48:05Z,2026-08-17T18:48:05Z,
151.80.38.159,ipv4,malicious-ip,medium,WHITE,ziyadnz/hourly-ipv4,ziyadnz|hourly,2026-08-17T18:48:05Z,2026-08-17T18:48:05Z,
151.80.60.145,ipv4,malicious-ip,medium,WHITE,ziyadnz/hourly-ipv4,ziyadnz|hourly,2026-08-17T18:48:05Z,2026-08-17T18:48:05Z,
151.80.61.151,ipv4,malicious-ip,medium,WHITE,ziyadnz/hourly-ipv4,ziyadnz|hourly,2026-08-17T18:48:05Z,2026-08-17T18:48:05Z,
151.83.13.60,ipv4,malicious-ip,medium,WHITE,ziyadnz/hourly-ipv4,ziyadnz|hourly,2026-08-17T18:48:05Z,2026-08-17T18:48:05Z,
151.84.164.75,ipv4,malicious-ip,medium,WHITE,ziyadnz/hourly-ipv4,ziyadnz|hourly,2026-08-17T18:48:05Z,2026-08-17T18:48:05Z,
151.95.211.132,ipv4,malicious-ip,medium,WHITE,ziyadnz/hourly-ipv4,ziyadnz|hourly,2026-08-17T18:48:05Z,2026-08-17T18:48:05Z,
151.95.83.235,ipv4,malicious-ip,medium,WHITE,ziyadnz/hourly-ipv4,ziyadnz|hourly,2026-08-17T18:48:05Z,2026-08-17T18:48:05Z,
152.110.203.36,ipv4,malicious-ip,medium,WHITE,ziyadnz/hourly-ipv4,ziyadnz|hourly,2026-08-17T18:48:05Z,2026-08-17T18:48:05Z,
152.110.71.84,ipv4,malicious-ip,medium,WHITE,ziyadnz/hourly-ipv4,ziyadnz|hourly,2026-08-17T18:48:05Z,2026-08-17T18:48:05Z,
152.114.206.126,ipv4,malicious-ip,medium,WHITE,ziyadnz/hourly-ipv4,ziyadnz|hourly,2026-08-17T18:48:05Z,2026-08-17T18:48:05Z,
152.115.152.218,ipv4,malicious-ip,medium,WHITE,ziyadnz/hourly-ipv4,ziyadnz|hourly,2026-08-17T18:48:05Z,2026-08-17T18:48:05Z,
152.136.140.220,ipv4,malicious-ip,medium,WHITE,ziyadnz/hourly-ipv4,ziyadnz|hourly,2026-08-17T18:48:05Z,2026-08-17T18:48:05Z,
152.136.188.221,ipv4,malicious-ip,medium,WHITE,ziyadnz/hourly-ipv4,ziyadnz|hourly,2026-08-17T18:48:05Z,2026-08-17T18:48:05Z,
152.136.214.66,ipv4,malicious-ip,medium,WHITE,ziyadnz/hourly-ipv4,ziyadnz|hourly,2026-08-17T18:48:05Z,2026-08-17T18:48:05Z,
152.136.22.68,ipv4,malicious-ip,medium,WHITE,ziyadnz/hourly-ipv4,ziyadnz|hourly,2026-08-17T18:48:05Z,2026-08-17T18:48:05Z,
152.136.23.159,ipv4,malicious-ip,medium,WHITE,ziyadnz/hourly-ipv4,ziyadnz|hourly,2026-08-17T18:48:05Z,2026-08-17T18:48:05Z,
152.136.255.226,ipv4,malicious-ip,medium,WHITE,ziyadnz/hourly-ipv4,ziyadnz|hourly,2026-08-17T18:48:05Z,2026-08-17T18:48:05Z,
152.136.29.245,ipv4,malicious-ip,medium,WHITE,ziyadnz/hourly-ipv4,ziyadnz|hourly,2026-08-17T18:48:05Z,2026-08-17T18:48:05Z,
152.136.37.243,ipv4,malicious-ip,medium,WHITE,ziyadnz/hourly-ipv4,ziyadnz|hourly,2026-08-17T18:48:05Z,2026-08-17T18:48:05Z,
152.136.55.176,ipv4,malicious-ip,medium,WHITE,ziyadnz/hourly-ipv4,ziyadnz|hourly,2026-08-17T18:48:05Z,2026-08-17T18:48:05Z,
152.136.57.182,ipv4,malicious-ip,medium,WHITE,ziyadnz/hourly-ipv4,ziyadnz|hourly,2026-08-17T18:48:05Z,2026-08-17T18:48:05Z,
152.156.125.230,ipv4,malicious-ip,medium,WHITE,ziyadnz/hourly-ipv4,ziyadnz|hourly,2026-08-17T18:48:05Z,2026-08-17T18:48:05Z,
152.163.164.0,ipv4,malicious-ip,medium,WHITE,ziyadnz/hourly-ipv4,ziyadnz|hourly,2026-08-17T18:48:05Z,2026-08-17T18:48:05Z,
152.163.164.1,ipv4,malicious-ip,medium,WHITE,ziyadnz/hourly-ipv4,ziyadnz|hourly,2026-08-17T18:48:05Z,2026-08-17T18:48:05Z,
152.163.164.126,ipv4,malicious-ip,medium,WHITE,ziyadnz/hourly-ipv4,ziyadnz|hourly,2026-08-17T18:48:05Z,2026-08-17T18:48:05Z,
152.163.164.135,ipv4,malicious-ip,medium,WHITE,ziyadnz/hourly-ipv4,ziyadnz|hourly,2026-08-17T18:48:05Z,2026-08-17T18:48:05Z,
152.163.164.156,ipv4,malicious-ip,medium,WHITE,ziyadnz/hourly-ipv4,ziyadnz|hourly,2026-08-17T18:48:05Z,2026-08-17T18:48:05Z,
152.163.164.159,ipv4,malicious-ip,medium,WHITE,ziyadnz/hourly-ipv4,ziyadnz|hourly,2026-08-17T18:48:05Z,2026-08-17T18:48:05Z,
152.163.164.16,ipv4,malicious-ip,medium,WHITE,ziyadnz/hourly-ipv4,ziyadnz|hourly,2026-08-17T18:48:05Z,2026-08-17T18:48:05Z,
152.163.164.179,ipv4,malicious-ip,medium,WHITE,ziyadnz/hourly-ipv4,ziyadnz|hourly,2026-08-17T18:48:05Z,2026-08-17T18:48:05Z,
152.163.164.180,ipv4,malicious-ip,medium,WHITE,ziyadnz/hourly-ipv4,ziyadnz|hourly,2026-08-17T18:48:05Z,2026-08-17T18:48:05Z,
152.163.164.190,ipv4,malicious-ip,medium,WHITE,ziyadnz/hourly-ipv4,ziyadnz|hourly,2026-08-17T18:48:05Z,2026-08-17T18:48:05Z,
152.163.164.197,ipv4,malicious-ip,medium,WHITE,ziyadnz/hourly-ipv4,ziyadnz|hourly,2026-08-17T18:48:05Z,2026-08-17T18:48:05Z,
152.163.164.213,ipv4,malicious-ip,medium,WHITE,ziyadnz/hourly-ipv4,ziyadnz|hourly,2026-08-17T18:48:05Z,2026-08-17T18:48:05Z,
152.163.164.33,ipv4,malicious-ip,medium,WHITE,ziyadnz/hourly-ipv4,ziyadnz|hourly,2026-08-17T18:48:05Z,2026-08-17T18:48:05Z,
152.163.164.42,ipv4,malicious-ip,medium,WHITE,ziyadnz/hourly-ipv4,ziyadnz|hourly,2026-08-17T18:48:05Z,2026-08-17T18:48:05Z,
152.163.164.45,ipv4,malicious-ip,medium,WHITE,ziyadnz/hourly-ipv4,ziyadnz|hourly,2026-08-17T18:48:05Z,2026-08-17T18:48:05Z,
152.163.164.46,ipv4,malicious-ip,medium,WHITE,ziyadnz/hourly-ipv4,ziyadnz|hourly,2026-08-17T18:48:05Z,2026-08-17T18:48:05Z,
152.163.164.66,ipv4,malicious-ip,medium,WHITE,ziyadnz/hourly-ipv4,ziyadnz|hourly,2026-08-17T18:48:05Z,2026-08-17T18:48:05Z,
152.163.164.75,ipv4,malicious-ip,medium,WHITE,ziyadnz/hourly-ipv4,ziyadnz|hourly,2026-08-17T18:48:05Z,2026-08-17T18:48:05Z,
152.163.164.94,ipv4,malicious-ip,medium,WHITE,ziyadnz/hourly-ipv4,ziyadnz|hourly,2026-08-17T18:48:05Z,2026-08-17T18:48:05Z,
152.163.165.0,ipv4,malicious-ip,medium,WHITE,ziyadnz/hourly-ipv4,ziyadnz|hourly,2026-08-17T18:48:05Z,2026-08-17T18:48:05Z,
152.163.165.106,ipv4,malicious-ip,medium,WHITE,ziyadnz/hourly-ipv4,ziyadnz|hourly,2026-08-17T18:48:05Z,2026-08-17T18:48:05Z,
152.163.165.120,ipv4,malicious-ip,medium,WHITE,ziyadnz/hourly-ipv4,ziyadnz|hourly,2026-08-17T18:48:05Z,2026-08-17T18:48:05Z,
152.163.165.133,ipv4,malicious-ip,medium,WHITE,ziyadnz/hourly-ipv4,ziyadnz|hourly,2026-08-17T18:48:05Z,2026-08-17T18:48:05Z,
152.163.165.134,ipv4,malicious-ip,medium,WHITE,ziyadnz/hourly-ipv4,ziyadnz|hourly,2026-08-17T18:48:05Z,2026-08-17T18:48:05Z,
152.163.165.167,ipv4,malicious-ip,medium,WHITE,ziyadnz/hourly-ipv4,ziyadnz|hourly,2026-08-17T18:48:05Z,2026-08-17T18:48:05Z,
152.163.165.171,ipv4,malicious-ip,medium,WHITE,ziyadnz/hourly-ipv4,ziyadnz|hourly,2026-08-17T18:48:05Z,2026-08-17T18:48:05Z,
152.163.165.173,ipv4,malicious-ip,medium,WHITE,ziyadnz/hourly-ipv4,ziyadnz|hourly,2026-08-17T18:48:05Z,2026-08-17T18:48:05Z,
152.163.165.186,ipv4,malicious-ip,medium,WHITE,ziyadnz/hourly-ipv4,ziyadnz|hourly,2026-08-17T18:48:05Z,2026-08-17T18:48:05Z,
152.163.165.19,ipv4,malicious-ip,medium,WHITE,ziyadnz/hourly-ipv4,ziyadnz|hourly,2026-08-17T18:48:05Z,2026-08-17T18:48:05Z,
152.163.165.194,ipv4,malicious-ip,medium,WHITE,ziyadnz/hourly-ipv4,ziyadnz|hourly,2026-08-17T18:48:05Z,2026-08-17T18:48:05Z,
152.163.165.21,ipv4,malicious-ip,medium,WHITE,ziyadnz/hourly-ipv4,ziyadnz|hourly,2026-08-17T18:48:05Z,2026-08-17T18:48:05Z,
152.163.165.236,ipv4,malicious-ip,medium,WHITE,ziyadnz/hourly-ipv4,ziyadnz|hourly,2026-08-17T18:48:05Z,2026-08-17T18:48:05Z,
152.163.165.238,ipv4,malicious-ip,medium,WHITE,ziyadnz/hourly-ipv4,ziyadnz|hourly,2026-08-17T18:48:05Z,2026-08-17T18:48:05Z,
152.163.165.46,ipv4,malicious-ip,medium,WHITE,ziyadnz/hourly-ipv4,ziyadnz|hourly,2026-08-17T18:48:05Z,2026-08-17T18:48:05Z,
152.163.165.48,ipv4,malicious-ip,medium,WHITE,ziyadnz/hourly-ipv4,ziyadnz|hourly,2026-08-17T18:48:05Z,2026-08-17T18:48:05Z,
152.163.165.67,ipv4,malicious-ip,medium,WHITE,ziyadnz/hourly-ipv4,ziyadnz|hourly,2026-08-17T18:48:05Z,2026-08-17T18:48:05Z,
152.163.165.69,ipv4,malicious-ip,medium,WHITE,ziyadnz/hourly-ipv4,ziyadnz|hourly,2026-08-17T18:48:05Z,2026-08-17T18:48:05Z,
152.163.165.76,ipv4,malicious-ip,medium,WHITE,ziyadnz/hourly-ipv4,ziyadnz|hourly,2026-08-17T18:48:05Z,2026-08-17T18:48:05Z,
152.163.165.9,ipv4,malicious-ip,medium,WHITE,ziyadnz/hourly-ipv4,ziyadnz|hourly,2026-08-17T18:48:05Z,2026-08-17T18:48:05Z,
152.163.165.92,ipv4,malicious-ip,medium,WHITE,ziyadnz/hourly-ipv4,ziyadnz|hourly,2026-08-17T18:48:05Z,2026-08-17T18:48:05Z,
152.163.167.0,ipv4,malicious-ip,medium,WHITE,ziyadnz/hourly-ipv4,ziyadnz|hourly,2026-08-17T18:48:05Z,2026-08-17T18:48:05Z,
152.163.167.106,ipv4,malicious-ip,medium,WHITE,ziyadnz/hourly-ipv4,ziyadnz|hourly,2026-08-17T18:48:05Z,2026-08-17T18:48:05Z,
152.163.167.122,ipv4,malicious-ip,medium,WHITE,ziyadnz/hourly-ipv4,ziyadnz|hourly,2026-08-17T18:48:05Z,2026-08-17T18:48:05Z,
152.163.167.125,ipv4,malicious-ip,medium,WHITE,ziyadnz/hourly-ipv4,ziyadnz|hourly,2026-08-17T18:48:05Z,2026-08-17T18:48:05Z,
152.163.167.134,ipv4,malicious-ip,medium,WHITE,ziyadnz/hourly-ipv4,ziyadnz|hourly,2026-08-17T18:48:05Z,2026-08-17T18:48:05Z,
152.163.167.136,ipv4,malicious-ip,medium,WHITE,ziyadnz/hourly-ipv4,ziyadnz|hourly,2026-08-17T18:48:05Z,2026-08-17T18:48:05Z,
152.163.167.144,ipv4,malicious-ip,medium,WHITE,ziyadnz/hourly-ipv4,ziyadnz|hourly,2026-08-17T18:48:05Z,2026-08-17T18:48:05Z,
152.163.167.147,ipv4,malicious-ip,medium,WHITE,ziyadnz/hourly-ipv4,ziyadnz|hourly,2026-08-17T18:48:05Z,2026-08-17T18:48:05Z,
152.163.167.152,ipv4,malicious-ip,medium,WHITE,ziyadnz/hourly-ipv4,ziyadnz|hourly,2026-08-17T18:48:05Z,2026-08-17T18:48:05Z,
152.163.167.156,ipv4,malicious-ip,medium,WHITE,ziyadnz/hourly-ipv4,ziyadnz|hourly,2026-08-17T18:48:05Z,2026-08-17T18:48:05Z,
152.163.167.158,ipv4,malicious-ip,medium,WHITE,ziyadnz/hourly-ipv4,ziyadnz|hourly,2026-08-17T18:48:05Z,2026-08-17T18:48:05Z,
152.163.167.17,ipv4,malicious-ip,medium,WHITE,ziyadnz/hourly-ipv4,ziyadnz|hourly,2026-08-17T18:48:05Z,2026-08-17T18:48:05Z,
152.163.167.184,ipv4,malicious-ip,medium,WHITE,ziyadnz/hourly-ipv4,ziyadnz|hourly,2026-08-17T18:48:05Z,2026-08-17T18:48:05Z,
152.163.167.192,ipv4,malicious-ip,medium,WHITE,ziyadnz/hourly-ipv4,ziyadnz|hourly,2026-08-17T18:48:05Z,2026-08-17T18:48:05Z,
152.163.167.200,ipv4,malicious-ip,medium,WHITE,ziyadnz/hourly-ipv4,ziyadnz|hourly,2026-08-17T18:48:05Z,2026-08-17T18:48:05Z,
152.163.167.206,ipv4,malicious-ip,medium,WHITE,ziyadnz/hourly-ipv4,ziyadnz|hourly,2026-08-17T18:48:05Z,2026-08-17T18:48:05Z,
152.163.167.220,ipv4,malicious-ip,medium,WHITE,ziyadnz/hourly-ipv4,ziyadnz|hourly,2026-08-17T18:48:05Z,2026-08-17T18:48:05Z,
152.163.167.228,ipv4,malicious-ip,medium,WHITE,ziyadnz/hourly-ipv4,ziyadnz|hourly,2026-08-17T18:48:05Z,2026-08-17T18:48:05Z,
152.163.167.234,ipv4,malicious-ip,medium,WHITE,ziyadnz/hourly-ipv4,ziyadnz|hourly,2026-08-17T18:48:05Z,2026-08-17T18:48:05Z,
152.163.167.34,ipv4,malicious-ip,medium,WHITE,ziyadnz/hourly-ipv4,ziyadnz|hourly,2026-08-17T18:48:05Z,2026-08-17T18:48:05Z,
152.163.167.38,ipv4,malicious-ip,medium,WHITE,ziyadnz/hourly-ipv4,ziyadnz|hourly,2026-08-17T18:48:05Z,2026-08-17T18:48:05Z,
152.163.167.58,ipv4,malicious-ip,medium,WHITE,ziyadnz/hourly-ipv4,ziyadnz|hourly,2026-08-17T18:48:05Z,2026-08-17T18:48:05Z,
152.163.167.62,ipv4,malicious-ip,medium,WHITE,ziyadnz/hourly-ipv4,ziyadnz|hourly,2026-08-17T18:48:05Z,2026-08-17T18:48:05Z,
152.163.167.76,ipv4,malicious-ip,medium,WHITE,ziyadnz/hourly-ipv4,ziyadnz|hourly,2026-08-17T18:48:05Z,2026-08-17T18:48:05Z,
152.163.167.87,ipv4,malicious-ip,medium,WHITE,ziyadnz/hourly-ipv4,ziyadnz|hourly,2026-08-17T18:48:05Z,2026-08-17T18:48:05Z,
152.168.197.177,ipv4,malicious-ip,medium,WHITE,ziyadnz/hourly-ipv4,ziyadnz|hourly,2026-08-17T18:48:05Z,2026-08-17T18:48:05Z,
152.169.152.151,ipv4,malicious-ip,medium,WHITE,ziyadnz/hourly-ipv4,ziyadnz|hourly,2026-08-17T18:48:05Z,2026-08-17T18:48:05Z,
152.169.154.26,ipv4,malicious-ip,medium,WHITE,ziyadnz/hourly-ipv4,ziyadnz|hourly,2026-08-17T18:48:05Z,2026-08-17T18:48:05Z,
152.169.218.22,ipv4,malicious-ip,medium,WHITE,ziyadnz/hourly-ipv4,ziyadnz|hourly,2026-08-17T18:48:05Z,2026-08-17T18:48:05Z,
152.169.70.42,ipv4,malicious-ip,medium,WHITE,ziyadnz/hourly-ipv4,ziyadnz|hourly,2026-08-17T18:48:05Z,2026-08-17T18:48:05Z,
152.170.74.21,ipv4,malicious-ip,medium,WHITE,ziyadnz/hourly-ipv4,ziyadnz|hourly,2026-08-17T18:48:05Z,2026-08-17T18:48:05Z,
152.171.108.134,ipv4,malicious-ip,medium,WHITE,ziyadnz/hourly-ipv4,ziyadnz|hourly,2026-08-17T18:48:05Z,2026-08-17T18:48:05Z,
152.171.118.64,ipv4,malicious-ip,medium,WHITE,ziyadnz/hourly-ipv4,ziyadnz|hourly,2026-08-17T18:48:05Z,2026-08-17T18:48:05Z,
152.174.220.212,ipv4,malicious-ip,medium,WHITE,ziyadnz/hourly-ipv4,ziyadnz|hourly,2026-08-17T18:48:05Z,2026-08-17T18:48:05Z,
152.200.165.53,ipv4,malicious-ip,medium,WHITE,ziyadnz/hourly-ipv4,ziyadnz|hourly,2026-08-17T18:48:05Z,2026-08-17T18:48:05Z,
152.200.179.210,ipv4,malicious-ip,medium,WHITE,ziyadnz/hourly-ipv4,ziyadnz|hourly,2026-08-17T18:48:05Z,2026-08-17T18:48:05Z,
152.200.181.42,ipv4,malicious-ip,medium,WHITE,ziyadnz/hourly-ipv4,ziyadnz|hourly,2026-08-17T18:48:05Z,2026-08-17T18:48:05Z,
152.200.205.179,ipv4,malicious-ip,medium,WHITE,ziyadnz/hourly-ipv4,ziyadnz|hourly,2026-08-17T18:48:05Z,2026-08-17T18:48:05Z,
152.200.235.134,ipv4,malicious-ip,medium,WHITE,ziyadnz/hourly-ipv4,ziyadnz|hourly,2026-08-17T18:48:05Z,2026-08-17T18:48:05Z,
152.201.87.138,ipv4,malicious-ip,medium,WHITE,ziyadnz/hourly-ipv4,ziyadnz|hourly,2026-08-17T18:48:05Z,2026-08-17T18:48:05Z,
152.202.214.1,ipv4,malicious-ip,medium,WHITE,ziyadnz/hourly-ipv4,ziyadnz|hourly,2026-08-17T18:48:05Z,2026-08-17T18:48:05Z,
152.203.108.45,ipv4,malicious-ip,medium,WHITE,ziyadnz/hourly-ipv4,ziyadnz|hourly,2026-08-17T18:48:05Z,2026-08-17T18:48:05Z,
152.204.132.237,ipv4,malicious-ip,medium,WHITE,ziyadnz/hourly-ipv4,ziyadnz|hourly,2026-08-17T18:48:05Z,2026-08-17T18:48:05Z,
152.228.131.33,ipv4,malicious-ip,medium,WHITE,ziyadnz/hourly-ipv4,ziyadnz|hourly,2026-08-17T18:48:05Z,2026-08-17T18:48:05Z,
152.228.192.140,ipv4,malicious-ip,medium,WHITE,ziyadnz/hourly-ipv4,ziyadnz|hourly,2026-08-17T18:48:05Z,2026-08-17T18:48:05Z,
152.228.192.254,ipv4,malicious-ip,medium,WHITE,ziyadnz/hourly-ipv4,ziyadnz|hourly,2026-08-17T18:48:05Z,2026-08-17T18:48:05Z,
152.228.219.218,ipv4,malicious-ip,medium,WHITE,ziyadnz/hourly-ipv4,ziyadnz|hourly,2026-08-17T18:48:05Z,2026-08-17T18:48:05Z,
152.228.238.60,ipv4,malicious-ip,medium,WHITE,ziyadnz/hourly-ipv4,ziyadnz|hourly,2026-08-17T18:48:05Z,2026-08-17T18:48:05Z,
152.228.250.4,ipv4,malicious-ip,medium,WHITE,ziyadnz/hourly-ipv4,ziyadnz|hourly,2026-08-17T18:48:05Z,2026-08-17T18:48:05Z,
152.230.201.28,ipv4,malicious-ip,medium,WHITE,ziyadnz/hourly-ipv4,ziyadnz|hourly,2026-08-17T18:48:05Z,2026-08-17T18:48:05Z,
152.231.17.117,ipv4,malicious-ip,medium,WHITE,ziyadnz/hourly-ipv4,ziyadnz|hourly,2026-08-17T18:48:05Z,2026-08-17T18:48:05Z,
152.231.25.158,ipv4,malicious-ip,medium,WHITE,ziyadnz/hourly-ipv4,ziyadnz|hourly,2026-08-17T18:48:05Z,2026-08-17T18:48:05Z,
152.231.29.221,ipv4,malicious-ip,medium,WHITE,ziyadnz/hourly-ipv4,ziyadnz|hourly,2026-08-17T18:48:05Z,2026-08-17T18:48:05Z,
152.233.20.185,ipv4,malicious-ip,medium,WHITE,ziyadnz/hourly-ipv4,ziyadnz|hourly,2026-08-17T18:48:05Z,2026-08-17T18:48:05Z,
152.233.20.25,ipv4,malicious-ip,medium,WHITE,ziyadnz/hourly-ipv4,ziyadnz|hourly,2026-08-17T18:48:05Z,2026-08-17T18:48:05Z,
152.233.51.76,ipv4,malicious-ip,medium,WHITE,ziyadnz/hourly-ipv4,ziyadnz|hourly,2026-08-17T18:48:05Z,2026-08-17T18:48:05Z,
152.233.51.87,ipv4,malicious-ip,medium,WHITE,ziyadnz/hourly-ipv4,ziyadnz|hourly,2026-08-17T18:48:05Z,2026-08-17T18:48:05Z,
152.241.49.57,ipv4,malicious-ip,medium,WHITE,ziyadnz/hourly-ipv4,ziyadnz|hourly,2026-08-17T18:48:05Z,2026-08-17T18:48:05Z,
152.243.161.133,ipv4,malicious-ip,medium,WHITE,ziyadnz/hourly-ipv4,ziyadnz|hourly,2026-08-17T18:48:05Z,2026-08-17T18:48:05Z,
152.244.167.207,ipv4,malicious-ip,medium,WHITE,ziyadnz/hourly-ipv4,ziyadnz|hourly,2026-08-17T18:48:05Z,2026-08-17T18:48:05Z,
152.244.185.2,ipv4,malicious-ip,medium,WHITE,ziyadnz/hourly-ipv4,ziyadnz|hourly,2026-08-17T18:48:05Z,2026-08-17T18:48:05Z,
152.244.200.198,ipv4,malicious-ip,medium,WHITE,ziyadnz/hourly-ipv4,ziyadnz|hourly,2026-08-17T18:48:05Z,2026-08-17T18:48:05Z,
152.244.206.148,ipv4,malicious-ip,medium,WHITE,ziyadnz/hourly-ipv4,ziyadnz|hourly,2026-08-17T18:48:05Z,2026-08-17T18:48:05Z,
152.244.213.240,ipv4,malicious-ip,medium,WHITE,ziyadnz/hourly-ipv4,ziyadnz|hourly,2026-08-17T18:48:05Z,2026-08-17T18:48:05Z,
152.244.68.95,ipv4,malicious-ip,medium,WHITE,ziyadnz/hourly-ipv4,ziyadnz|hourly,2026-08-17T18:48:05Z,2026-08-17T18:48:05Z,
152.245.38.218,ipv4,malicious-ip,medium,WHITE,ziyadnz/hourly-ipv4,ziyadnz|hourly,2026-08-17T18:48:05Z,2026-08-17T18:48:05Z,
152.245.89.33,ipv4,malicious-ip,medium,WHITE,ziyadnz/hourly-ipv4,ziyadnz|hourly,2026-08-17T18:48:05Z,2026-08-17T18:48:05Z,
152.249.124.70,ipv4,malicious-ip,medium,WHITE,ziyadnz/hourly-ipv4,ziyadnz|hourly,2026-08-17T18:48:05Z,2026-08-17T18:48:05Z,
152.249.154.149,ipv4,malicious-ip,medium,WHITE,ziyadnz/hourly-ipv4,ziyadnz|hourly,2026-08-17T18:48:05Z,2026-08-17T18:48:05Z,
152.249.164.35,ipv4,malicious-ip,medium,WHITE,ziyadnz/hourly-ipv4,ziyadnz|hourly,2026-08-17T18:48:05Z,2026-08-17T18:48:05Z,
152.250.163.122,ipv4,malicious-ip,medium,WHITE,ziyadnz/hourly-ipv4,ziyadnz|hourly,2026-08-17T18:48:05Z,2026-08-17T18:48:05Z,
152.250.177.218,ipv4,malicious-ip,medium,WHITE,ziyadnz/hourly-ipv4,ziyadnz|hourly,2026-08-17T18:48:05Z,2026-08-17T18:48:05Z,
152.250.243.47,ipv4,malicious-ip,medium,WHITE,ziyadnz/hourly-ipv4,ziyadnz|hourly,2026-08-17T18:48:05Z,2026-08-17T18:48:05Z,
152.250.3.4,ipv4,malicious-ip,medium,WHITE,ziyadnz/hourly-ipv4,ziyadnz|hourly,2026-08-17T18:48:05Z,2026-08-17T18:48:05Z,
152.250.70.150,ipv4,malicious-ip,medium,WHITE,ziyadnz/hourly-ipv4,ziyadnz|hourly,2026-08-17T18:48:05Z,2026-08-17T18:48:05Z,
152.254.136.194,ipv4,malicious-ip,medium,WHITE,ziyadnz/hourly-ipv4,ziyadnz|hourly,2026-08-17T18:48:05Z,2026-08-17T18:48:05Z,
152.254.149.41,ipv4,malicious-ip,medium,WHITE,ziyadnz/hourly-ipv4,ziyadnz|hourly,2026-08-17T18:48:05Z,2026-08-17T18:48:05Z,
152.32.128.149,ipv4,malicious-ip,medium,WHITE,ziyadnz/hourly-ipv4,ziyadnz|hourly,2026-08-17T18:48:05Z,2026-08-17T18:48:05Z,
152.32.128.169,ipv4,malicious-ip,medium,WHITE,ziyadnz/hourly-ipv4,ziyadnz|hourly,2026-08-17T18:48:05Z,2026-08-17T18:48:05Z,
152.32.128.204,ipv4,malicious-ip,medium,WHITE,ziyadnz/hourly-ipv4,ziyadnz|hourly,2026-08-17T18:48:05Z,2026-08-17T18:48:05Z,
152.32.128.214,ipv4,malicious-ip,medium,WHITE,ziyadnz/hourly-ipv4,ziyadnz|hourly,2026-08-17T18:48:05Z,2026-08-17T18:48:05Z,
152.32.128.64,ipv4,malicious-ip,medium,WHITE,ziyadnz/hourly-ipv4,ziyadnz|hourly,2026-08-17T18:48:05Z,2026-08-17T18:48:05Z,
152.32.128.85,ipv4,malicious-ip,medium,WHITE,ziyadnz/hourly-ipv4,ziyadnz|hourly,2026-08-17T18:48:05Z,2026-08-17T18:48:05Z,
152.32.129.154,ipv4,malicious-ip,medium,WHITE,ziyadnz/hourly-ipv4,ziyadnz|hourly,2026-08-17T18:48:05Z,2026-08-17T18:48:05Z,
152.32.129.186,ipv4,malicious-ip,medium,WHITE,ziyadnz/hourly-ipv4,ziyadnz|hourly,2026-08-17T18:48:05Z,2026-08-17T18:48:05Z,
152.32.129.236,ipv4,malicious-ip,medium,WHITE,ziyadnz/hourly-ipv4,ziyadnz|hourly,2026-08-17T18:48:05Z,2026-08-17T18:48:05Z,
152.32.130.144,ipv4,malicious-ip,medium,WHITE,ziyadnz/hourly-ipv4,ziyadnz|hourly,2026-08-17T18:48:05Z,2026-08-17T18:48:05Z,
152.32.130.155,ipv4,malicious-ip,medium,WHITE,ziyadnz/hourly-ipv4,ziyadnz|hourly,2026-08-17T18:48:05Z,2026-08-17T18:48:05Z,
152.32.130.174,ipv4,malicious-ip,medium,WHITE,ziyadnz/hourly-ipv4,ziyadnz|hourly,2026-08-17T18:48:05Z,2026-08-17T18:48:05Z,
152.32.130.191,ipv4,malicious-ip,medium,WHITE,ziyadnz/hourly-ipv4,ziyadnz|hourly,2026-08-17T18:48:05Z,2026-08-17T18:48:05Z,
152.32.131.112,ipv4,malicious-ip,medium,WHITE,ziyadnz/hourly-ipv4,ziyadnz|hourly,2026-08-17T18:48:05Z,2026-08-17T18:48:05Z,
152.32.131.245,ipv4,malicious-ip,medium,WHITE,ziyadnz/hourly-ipv4,ziyadnz|hourly,2026-08-17T18:48:05Z,2026-08-17T18:48:05Z,
152.32.131.77,ipv4,malicious-ip,medium,WHITE,ziyadnz/hourly-ipv4,ziyadnz|hourly,2026-08-17T18:48:05Z,2026-08-17T18:48:05Z,
152.32.132.189,ipv4,malicious-ip,medium,WHITE,ziyadnz/hourly-ipv4,ziyadnz|hourly,2026-08-17T18:48:05Z,2026-08-17T18:48:05Z,
152.32.132.203,ipv4,malicious-ip,medium,WHITE,ziyadnz/hourly-ipv4,ziyadnz|hourly,2026-08-17T18:48:05Z,2026-08-17T18:48:05Z,
152.32.132.215,ipv4,malicious-ip,medium,WHITE,ziyadnz/hourly-ipv4,ziyadnz|hourly,2026-08-17T18:48:05Z,2026-08-17T18:48:05Z,
152.32.132.28,ipv4,malicious-ip,medium,WHITE,ziyadnz/hourly-ipv4,ziyadnz|hourly,2026-08-17T18:48:05Z,2026-08-17T18:48:05Z,
152.32.133.103,ipv4,malicious-ip,medium,WHITE,ziyadnz/hourly-ipv4,ziyadnz|hourly,2026-08-17T18:48:05Z,2026-08-17T18:48:05Z,
152.32.133.206,ipv4,malicious-ip,medium,WHITE,ziyadnz/hourly-ipv4,ziyadnz|hourly,2026-08-17T18:48:05Z,2026-08-17T18:48:05Z,
152.32.134.156,ipv4,malicious-ip,medium,WHITE,ziyadnz/hourly-ipv4,ziyadnz|hourly,2026-08-17T18:48:05Z,2026-08-17T18:48:05Z,
152.32.134.166,ipv4,malicious-ip,medium,WHITE,ziyadnz/hourly-ipv4,ziyadnz|hourly,2026-08-17T18:48:05Z,2026-08-17T18:48:05Z,
152.32.134.89,ipv4,malicious-ip,medium,WHITE,ziyadnz/hourly-ipv4,ziyadnz|hourly,2026-08-17T18:48:05Z,2026-08-17T18:48:05Z,
152.32.135.214,ipv4,malicious-ip,medium,WHITE,ziyadnz/hourly-ipv4,ziyadnz|hourly,2026-08-17T18:48:05Z,2026-08-17T18:48:05Z,
152.32.135.217,ipv4,malicious-ip,medium,WHITE,ziyadnz/hourly-ipv4,ziyadnz|hourly,2026-08-17T18:48:05Z,2026-08-17T18:48:05Z,
152.32.135.48,ipv4,malicious-ip,medium,WHITE,ziyadnz/hourly-ipv4,ziyadnz|hourly,2026-08-17T18:48:05Z,2026-08-17T18:48:05Z,
152.32.135.81,ipv4,malicious-ip,medium,WHITE,ziyadnz/hourly-ipv4,ziyadnz|hourly,2026-08-17T18:48:05Z,2026-08-17T18:48:05Z,
152.32.138.230,ipv4,malicious-ip,medium,WHITE,ziyadnz/hourly-ipv4,ziyadnz|hourly,2026-08-17T18:48:05Z,2026-08-17T18:48:05Z,
152.32.138.247,ipv4,malicious-ip,medium,WHITE,ziyadnz/hourly-ipv4,ziyadnz|hourly,2026-08-17T18:48:05Z,2026-08-17T18:48:05Z,
152.32.139.190,ipv4,malicious-ip,medium,WHITE,ziyadnz/hourly-ipv4,ziyadnz|hourly,2026-08-17T18:48:05Z,2026-08-17T18:48:05Z,
152.32.139.9,ipv4,malicious-ip,medium,WHITE,ziyadnz/hourly-ipv4,ziyadnz|hourly,2026-08-17T18:48:05Z,2026-08-17T18:48:05Z,
152.32.139.96,ipv4,malicious-ip,medium,WHITE,ziyadnz/hourly-ipv4,ziyadnz|hourly,2026-08-17T18:48:05Z,2026-08-17T18:48:05Z,
152.32.140.12,ipv4,malicious-ip,medium,WHITE,ziyadnz/hourly-ipv4,ziyadnz|hourly,2026-08-17T18:48:05Z,2026-08-17T18:48:05Z,
152.32.140.206,ipv4,malicious-ip,medium,WHITE,ziyadnz/hourly-ipv4,ziyadnz|hourly,2026-08-17T18:48:05Z,2026-08-17T18:48:05Z,
152.32.140.22,ipv4,malicious-ip,medium,WHITE,ziyadnz/hourly-ipv4,ziyadnz|hourly,2026-08-17T18:48:05Z,2026-08-17T18:48:05Z,
152.32.140.39,ipv4,malicious-ip,medium,WHITE,ziyadnz/hourly-ipv4,ziyadnz|hourly,2026-08-17T18:48:05Z,2026-08-17T18:48:05Z,
152.32.141.0,ipv4,malicious-ip,medium,WHITE,ziyadnz/hourly-ipv4,ziyadnz|hourly,2026-08-17T18:48:05Z,2026-08-17T18:48:05Z,
152.32.141.154,ipv4,malicious-ip,medium,WHITE,ziyadnz/hourly-ipv4,ziyadnz|hourly,2026-08-17T18:48:05Z,2026-08-17T18:48:05Z,
152.32.141.172,ipv4,malicious-ip,medium,WHITE,ziyadnz/hourly-ipv4,ziyadnz|hourly,2026-08-17T18:48:05Z,2026-08-17T18:48:05Z,
152.32.141.176,ipv4,malicious-ip,medium,WHITE,ziyadnz/hourly-ipv4,ziyadnz|hourly,2026-08-17T18:48:05Z,2026-08-17T18:48:05Z,
152.32.141.199,ipv4,malicious-ip,medium,WHITE,ziyadnz/hourly-ipv4,ziyadnz|hourly,2026-08-17T18:48:05Z,2026-08-17T18:48:05Z,
152.32.141.2,ipv4,malicious-ip,medium,WHITE,ziyadnz/hourly-ipv4,ziyadnz|hourly,2026-08-17T18:48:05Z,2026-08-17T18:48:05Z,
152.32.141.202,ipv4,malicious-ip,medium,WHITE,ziyadnz/hourly-ipv4,ziyadnz|hourly,2026-08-17T18:48:05Z,2026-08-17T18:48:05Z,
152.32.141.217,ipv4,malicious-ip,medium,WHITE,ziyadnz/hourly-ipv4,ziyadnz|hourly,2026-08-17T18:48:05Z,2026-08-17T18:48:05Z,
152.32.141.40,ipv4,malicious-ip,medium,WHITE,ziyadnz/hourly-ipv4,ziyadnz|hourly,2026-08-17T18:48:05Z,2026-08-17T18:48:05Z,
152.32.141.86,ipv4,malicious-ip,medium,WHITE,ziyadnz/hourly-ipv4,ziyadnz|hourly,2026-08-17T18:48:05Z,2026-08-17T18:48:05Z,
152.32.141.9,ipv4,malicious-ip,medium,WHITE,ziyadnz/hourly-ipv4,ziyadnz|hourly,2026-08-17T18:48:05Z,2026-08-17T18:48:05Z,
152.32.141.98,ipv4,malicious-ip,medium,WHITE,ziyadnz/hourly-ipv4,ziyadnz|hourly,2026-08-17T18:48:05Z,2026-08-17T18:48:05Z,
152.32.142.138,ipv4,malicious-ip,medium,WHITE,ziyadnz/hourly-ipv4,ziyadnz|hourly,2026-08-17T18:48:05Z,2026-08-17T18:48:05Z,
152.32.142.165,ipv4,malicious-ip,medium,WHITE,ziyadnz/hourly-ipv4,ziyadnz|hourly,2026-08-17T18:48:05Z,2026-08-17T18:48:05Z,
152.32.142.188,ipv4,malicious-ip,medium,WHITE,ziyadnz/hourly-ipv4,ziyadnz|hourly,2026-08-17T18:48:05Z,2026-08-17T18:48:05Z,
152.32.142.86,ipv4,malicious-ip,medium,WHITE,ziyadnz/hourly-ipv4,ziyadnz|hourly,2026-08-17T18:48:05Z,2026-08-17T18:48:05Z,
152.32.143.189,ipv4,malicious-ip,medium,WHITE,ziyadnz/hourly-ipv4,ziyadnz|hourly,2026-08-17T18:48:05Z,2026-08-17T18:48:05Z,
152.32.143.6,ipv4,malicious-ip,medium,WHITE,ziyadnz/hourly-ipv4,ziyadnz|hourly,2026-08-17T18:48:05Z,2026-08-17T18:48:05Z,
152.32.145.49,ipv4,malicious-ip,medium,WHITE,ziyadnz/hourly-ipv4,ziyadnz|hourly,2026-08-17T18:48:05Z,2026-08-17T18:48:05Z,
152.32.146.202,ipv4,malicious-ip,medium,WHITE,ziyadnz/hourly-ipv4,ziyadnz|hourly,2026-08-17T18:48:05Z,2026-08-17T18:48:05Z,
152.32.146.235,ipv4,malicious-ip,medium,WHITE,ziyadnz/hourly-ipv4,ziyadnz|hourly,2026-08-17T18:48:05Z,2026-08-17T18:48:05Z,
152.32.148.250,ipv4,malicious-ip,medium,WHITE,ziyadnz/hourly-ipv4,ziyadnz|hourly,2026-08-17T18:48:05Z,2026-08-17T18:48:05Z,
152.32.149.0,ipv4,malicious-ip,medium,WHITE,ziyadnz/hourly-ipv4,ziyadnz|hourly,2026-08-17T18:48:05Z,2026-08-17T18:48:05Z,
152.32.149.118,ipv4,malicious-ip,medium,WHITE,ziyadnz/hourly-ipv4,ziyadnz|hourly,2026-08-17T18:48:05Z,2026-08-17T18:48:05Z,
152.32.149.19,ipv4,malicious-ip,medium,WHITE,ziyadnz/hourly-ipv4,ziyadnz|hourly,2026-08-17T18:48:05Z,2026-08-17T18:48:05Z,
152.32.149.206,ipv4,malicious-ip,medium,WHITE,ziyadnz/hourly-ipv4,ziyadnz|hourly,2026-08-17T18:48:05Z,2026-08-17T18:48:05Z,
152.32.149.246,ipv4,malicious-ip,medium,WHITE,ziyadnz/hourly-ipv4,ziyadnz|hourly,2026-08-17T18:48:05Z,2026-08-17T18:48:05Z,
152.32.149.35,ipv4,malicious-ip,medium,WHITE,ziyadnz/hourly-ipv4,ziyadnz|hourly,2026-08-17T18:48:05Z,2026-08-17T18:48:05Z,
152.32.149.47,ipv4,malicious-ip,medium,WHITE,ziyadnz/hourly-ipv4,ziyadnz|hourly,2026-08-17T18:48:05Z,2026-08-17T18:48:05Z,
152.32.150.0,ipv4,malicious-ip,medium,WHITE,ziyadnz/hourly-ipv4,ziyadnz|hourly,2026-08-17T18:48:05Z,2026-08-17T18:48:05Z,
152.32.150.117,ipv4,malicious-ip,medium,WHITE,ziyadnz/hourly-ipv4,ziyadnz|hourly,2026-08-17T18:48:05Z,2026-08-17T18:48:05Z,
152.32.150.215,ipv4,malicious-ip,medium,WHITE,ziyadnz/hourly-ipv4,ziyadnz|hourly,2026-08-17T18:48:05Z,2026-08-17T18:48:05Z,
152.32.150.29,ipv4,malicious-ip,medium,WHITE,ziyadnz/hourly-ipv4,ziyadnz|hourly,2026-08-17T18:48:05Z,2026-08-17T18:48:05Z,
152.32.150.7,ipv4,malicious-ip,medium,WHITE,ziyadnz/hourly-ipv4,ziyadnz|hourly,2026-08-17T18:48:05Z,2026-08-17T18:48:05Z,
152.32.151.121,ipv4,malicious-ip,medium,WHITE,ziyadnz/hourly-ipv4,ziyadnz|hourly,2026-08-17T18:48:05Z,2026-08-17T18:48:05Z,
152.32.151.128,ipv4,malicious-ip,medium,WHITE,ziyadnz/hourly-ipv4,ziyadnz|hourly,2026-08-17T18:48:05Z,2026-08-17T18:48:05Z,
152.32.151.39,ipv4,malicious-ip,medium,WHITE,ziyadnz/hourly-ipv4,ziyadnz|hourly,2026-08-17T18:48:05Z,2026-08-17T18:48:05Z,
152.32.153.228,ipv4,malicious-ip,medium,WHITE,ziyadnz/hourly-ipv4,ziyadnz|hourly,2026-08-17T18:48:05Z,2026-08-17T18:48:05Z,
152.32.153.53,ipv4,malicious-ip,medium,WHITE,ziyadnz/hourly-ipv4,ziyadnz|hourly,2026-08-17T18:48:05Z,2026-08-17T18:48:05Z,
152.32.155.14,ipv4,malicious-ip,medium,WHITE,ziyadnz/hourly-ipv4,ziyadnz|hourly,2026-08-17T18:48:05Z,2026-08-17T18:48:05Z,
152.32.155.176,ipv4,malicious-ip,medium,WHITE,ziyadnz/hourly-ipv4,ziyadnz|hourly,2026-08-17T18:48:05Z,2026-08-17T18:48:05Z,
152.32.156.117,ipv4,malicious-ip,medium,WHITE,ziyadnz/hourly-ipv4,ziyadnz|hourly,2026-08-17T18:48:05Z,2026-08-17T18:48:05Z,
152.32.156.138,ipv4,malicious-ip,medium,WHITE,ziyadnz/hourly-ipv4,ziyadnz|hourly,2026-08-17T18:48:05Z,2026-08-17T18:48:05Z,
152.32.156.158,ipv4,malicious-ip,medium,WHITE,ziyadnz/hourly-ipv4,ziyadnz|hourly,2026-08-17T18:48:05Z,2026-08-17T18:48:05Z,
152.32.156.50,ipv4,malicious-ip,medium,WHITE,ziyadnz/hourly-ipv4,ziyadnz|hourly,2026-08-17T18:48:05Z,2026-08-17T18:48:05Z,
152.32.156.95,ipv4,malicious-ip,medium,WHITE,ziyadnz/hourly-ipv4,ziyadnz|hourly,2026-08-17T18:48:05Z,2026-08-17T18:48:05Z,
152.32.157.173,ipv4,malicious-ip,medium,WHITE,ziyadnz/hourly-ipv4,ziyadnz|hourly,2026-08-17T18:48:05Z,2026-08-17T18:48:05Z,
152.32.157.3,ipv4,malicious-ip,medium,WHITE,ziyadnz/hourly-ipv4,ziyadnz|hourly,2026-08-17T18:48:05Z,2026-08-17T18:48:05Z,
152.32.157.92,ipv4,malicious-ip,medium,WHITE,ziyadnz/hourly-ipv4,ziyadnz|hourly,2026-08-17T18:48:05Z,2026-08-17T18:48:05Z,
152.32.158.219,ipv4,malicious-ip,medium,WHITE,ziyadnz/hourly-ipv4,ziyadnz|hourly,2026-08-17T18:48:05Z,2026-08-17T18:48:05Z,
152.32.158.69,ipv4,malicious-ip,medium,WHITE,ziyadnz/hourly-ipv4,ziyadnz|hourly,2026-08-17T18:48:05Z,2026-08-17T18:48:05Z,
152.32.158.74,ipv4,malicious-ip,medium,WHITE,ziyadnz/hourly-ipv4,ziyadnz|hourly,2026-08-17T18:48:05Z,2026-08-17T18:48:05Z,
152.32.159.177,ipv4,malicious-ip,medium,WHITE,ziyadnz/hourly-ipv4,ziyadnz|hourly,2026-08-17T18:48:05Z,2026-08-17T18:48:05Z,
152.32.159.180,ipv4,malicious-ip,medium,WHITE,ziyadnz/hourly-ipv4,ziyadnz|hourly,2026-08-17T18:48:05Z,2026-08-17T18:48:05Z,
152.32.159.79,ipv4,malicious-ip,medium,WHITE,ziyadnz/hourly-ipv4,ziyadnz|hourly,2026-08-17T18:48:05Z,2026-08-17T18:48:05Z,
152.32.159.97,ipv4,malicious-ip,medium,WHITE,ziyadnz/hourly-ipv4,ziyadnz|hourly,2026-08-17T18:48:05Z,2026-08-17T18:48:05Z,
152.32.160.252,ipv4,malicious-ip,medium,WHITE,ziyadnz/hourly-ipv4,ziyadnz|hourly,2026-08-17T18:48:05Z,2026-08-17T18:48:05Z,
152.32.162.142,ipv4,malicious-ip,medium,WHITE,ziyadnz/hourly-ipv4,ziyadnz|hourly,2026-08-17T18:48:05Z,2026-08-17T18:48:05Z,
152.32.162.42,ipv4,malicious-ip,medium,WHITE,ziyadnz/hourly-ipv4,ziyadnz|hourly,2026-08-17T18:48:05Z,2026-08-17T18:48:05Z,
152.32.168.34,ipv4,malicious-ip,medium,WHITE,ziyadnz/hourly-ipv4,ziyadnz|hourly,2026-08-17T18:48:05Z,2026-08-17T18:48:05Z,
152.32.169.153,ipv4,malicious-ip,medium,WHITE,ziyadnz/hourly-ipv4,ziyadnz|hourly,2026-08-17T18:48:05Z,2026-08-17T18:48:05Z,
152.32.169.155,ipv4,malicious-ip,medium,WHITE,ziyadnz/hourly-ipv4,ziyadnz|hourly,2026-08-17T18:48:05Z,2026-08-17T18:48:05Z,
152.32.169.7,ipv4,malicious-ip,medium,WHITE,ziyadnz/hourly-ipv4,ziyadnz|hourly,2026-08-17T18:48:05Z,2026-08-17T18:48:05Z,
152.32.170.230,ipv4,malicious-ip,medium,WHITE,ziyadnz/hourly-ipv4,ziyadnz|hourly,2026-08-17T18:48:05Z,2026-08-17T18:48:05Z,
152.32.171.184,ipv4,malicious-ip,medium,WHITE,ziyadnz/hourly-ipv4,ziyadnz|hourly,2026-08-17T18:48:05Z,2026-08-17T18:48:05Z,
152.32.171.213,ipv4,malicious-ip,medium,WHITE,ziyadnz/hourly-ipv4,ziyadnz|hourly,2026-08-17T18:48:05Z,2026-08-17T18:48:05Z,
152.32.171.251,ipv4,malicious-ip,medium,WHITE,ziyadnz/hourly-ipv4,ziyadnz|hourly,2026-08-17T18:48:05Z,2026-08-17T18:48:05Z,
152.32.171.73,ipv4,malicious-ip,medium,WHITE,ziyadnz/hourly-ipv4,ziyadnz|hourly,2026-08-17T18:48:05Z,2026-08-17T18:48:05Z,
152.32.171.99,ipv4,malicious-ip,medium,WHITE,ziyadnz/hourly-ipv4,ziyadnz|hourly,2026-08-17T18:48:05Z,2026-08-17T18:48:05Z,
152.32.172.177,ipv4,malicious-ip,medium,WHITE,ziyadnz/hourly-ipv4,ziyadnz|hourly,2026-08-17T18:48:05Z,2026-08-17T18:48:05Z,
152.32.172.191,ipv4,malicious-ip,medium,WHITE,ziyadnz/hourly-ipv4,ziyadnz|hourly,2026-08-17T18:48:05Z,2026-08-17T18:48:05Z,
152.32.172.234,ipv4,malicious-ip,medium,WHITE,ziyadnz/hourly-ipv4,ziyadnz|hourly,2026-08-17T18:48:05Z,2026-08-17T18:48:05Z,
152.32.173.138,ipv4,malicious-ip,medium,WHITE,ziyadnz/hourly-ipv4,ziyadnz|hourly,2026-08-17T18:48:05Z,2026-08-17T18:48:05Z,
152.32.173.15,ipv4,malicious-ip,medium,WHITE,ziyadnz/hourly-ipv4,ziyadnz|hourly,2026-08-17T18:48:05Z,2026-08-17T18:48:05Z,
152.32.174.171,ipv4,malicious-ip,medium,WHITE,ziyadnz/hourly-ipv4,ziyadnz|hourly,2026-08-17T18:48:05Z,2026-08-17T18:48:05Z,
152.32.174.186,ipv4,malicious-ip,medium,WHITE,ziyadnz/hourly-ipv4,ziyadnz|hourly,2026-08-17T18:48:05Z,2026-08-17T18:48:05Z,
152.32.174.67,ipv4,malicious-ip,medium,WHITE,ziyadnz/hourly-ipv4,ziyadnz|hourly,2026-08-17T18:48:05Z,2026-08-17T18:48:05Z,
152.32.175.179,ipv4,malicious-ip,medium,WHITE,ziyadnz/hourly-ipv4,ziyadnz|hourly,2026-08-17T18:48:05Z,2026-08-17T18:48:05Z,
152.32.175.45,ipv4,malicious-ip,medium,WHITE,ziyadnz/hourly-ipv4,ziyadnz|hourly,2026-08-17T18:48:05Z,2026-08-17T18:48:05Z,
152.32.176.68,ipv4,malicious-ip,medium,WHITE,ziyadnz/hourly-ipv4,ziyadnz|hourly,2026-08-17T18:48:05Z,2026-08-17T18:48:05Z,
152.32.178.47,ipv4,malicious-ip,medium,WHITE,ziyadnz/hourly-ipv4,ziyadnz|hourly,2026-08-17T18:48:05Z,2026-08-17T18:48:05Z,
152.32.180.138,ipv4,malicious-ip,medium,WHITE,ziyadnz/hourly-ipv4,ziyadnz|hourly,2026-08-17T18:48:05Z,2026-08-17T18:48:05Z,
152.32.181.108,ipv4,malicious-ip,medium,WHITE,ziyadnz/hourly-ipv4,ziyadnz|hourly,2026-08-17T18:48:05Z,2026-08-17T18:48:05Z,
152.32.181.16,ipv4,malicious-ip,medium,WHITE,ziyadnz/hourly-ipv4,ziyadnz|hourly,2026-08-17T18:48:05Z,2026-08-17T18:48:05Z,
152.32.182.165,ipv4,malicious-ip,medium,WHITE,ziyadnz/hourly-ipv4,ziyadnz|hourly,2026-08-17T18:48:05Z,2026-08-17T18:48:05Z,
152.32.183.0,ipv4,malicious-ip,medium,WHITE,ziyadnz/hourly-ipv4,ziyadnz|hourly,2026-08-17T18:48:05Z,2026-08-17T18:48:05Z,
152.32.183.13,ipv4,malicious-ip,medium,WHITE,ziyadnz/hourly-ipv4,ziyadnz|hourly,2026-08-17T18:48:05Z,2026-08-17T18:48:05Z,
152.32.183.209,ipv4,malicious-ip,medium,WHITE,ziyadnz/hourly-ipv4,ziyadnz|hourly,2026-08-17T18:48:05Z,2026-08-17T18:48:05Z,
152.32.183.22,ipv4,malicious-ip,medium,WHITE,ziyadnz/hourly-ipv4,ziyadnz|hourly,2026-08-17T18:48:05Z,2026-08-17T18:48:05Z,
152.32.183.231,ipv4,malicious-ip,medium,WHITE,ziyadnz/hourly-ipv4,ziyadnz|hourly,2026-08-17T18:48:05Z,2026-08-17T18:48:05Z,
152.32.183.236,ipv4,malicious-ip,medium,WHITE,ziyadnz/hourly-ipv4,ziyadnz|hourly,2026-08-17T18:48:05Z,2026-08-17T18:48:05Z,
152.32.183.27,ipv4,malicious-ip,medium,WHITE,ziyadnz/hourly-ipv4,ziyadnz|hourly,2026-08-17T18:48:05Z,2026-08-17T18:48:05Z,
152.32.183.31,ipv4,malicious-ip,medium,WHITE,ziyadnz/hourly-ipv4,ziyadnz|hourly,2026-08-17T18:48:05Z,2026-08-17T18:48:05Z,
152.32.185.141,ipv4,malicious-ip,medium,WHITE,ziyadnz/hourly-ipv4,ziyadnz|hourly,2026-08-17T18:48:05Z,2026-08-17T18:48:05Z,
152.32.187.177,ipv4,malicious-ip,medium,WHITE,ziyadnz/hourly-ipv4,ziyadnz|hourly,2026-08-17T18:48:05Z,2026-08-17T18:48:05Z,
152.32.188.12,ipv4,malicious-ip,medium,WHITE,ziyadnz/hourly-ipv4,ziyadnz|hourly,2026-08-17T18:48:05Z,2026-08-17T18:48:05Z,
152.32.188.152,ipv4,malicious-ip,medium,WHITE,ziyadnz/hourly-ipv4,ziyadnz|hourly,2026-08-17T18:48:05Z,2026-08-17T18:48:05Z,
152.32.188.174,ipv4,malicious-ip,medium,WHITE,ziyadnz/hourly-ipv4,ziyadnz|hourly,2026-08-17T18:48:05Z,2026-08-17T18:48:05Z,
152.32.188.207,ipv4,malicious-ip,medium,WHITE,ziyadnz/hourly-ipv4,ziyadnz|hourly,2026-08-17T18:48:05Z,2026-08-17T18:48:05Z,
152.32.188.242,ipv4,malicious-ip,medium,WHITE,ziyadnz/hourly-ipv4,ziyadnz|hourly,2026-08-17T18:48:05Z,2026-08-17T18:48:05Z,
152.32.189.128,ipv4,malicious-ip,medium,WHITE,ziyadnz/hourly-ipv4,ziyadnz|hourly,2026-08-17T18:48:05Z,2026-08-17T18:48:05Z,
152.32.189.202,ipv4,malicious-ip,medium,WHITE,ziyadnz/hourly-ipv4,ziyadnz|hourly,2026-08-17T18:48:05Z,2026-08-17T18:48:05Z,
152.32.190.84,ipv4,malicious-ip,medium,WHITE,ziyadnz/hourly-ipv4,ziyadnz|hourly,2026-08-17T18:48:05Z,2026-08-17T18:48:05Z,
152.32.191.75,ipv4,malicious-ip,medium,WHITE,ziyadnz/hourly-ipv4,ziyadnz|hourly,2026-08-17T18:48:05Z,2026-08-17T18:48:05Z,
152.32.191.98,ipv4,malicious-ip,medium,WHITE,ziyadnz/hourly-ipv4,ziyadnz|hourly,2026-08-17T18:48:05Z,2026-08-17T18:48:05Z,
152.32.192.176,ipv4,malicious-ip,medium,WHITE,ziyadnz/hourly-ipv4,ziyadnz|hourly,2026-08-17T18:48:05Z,2026-08-17T18:48:05Z,
152.32.197.12,ipv4,malicious-ip,medium,WHITE,ziyadnz/hourly-ipv4,ziyadnz|hourly,2026-08-17T18:48:05Z,2026-08-17T18:48:05Z,
152.32.197.121,ipv4,malicious-ip,medium,WHITE,ziyadnz/hourly-ipv4,ziyadnz|hourly,2026-08-17T18:48:05Z,2026-08-17T18:48:05Z,
152.32.197.159,ipv4,malicious-ip,medium,WHITE,ziyadnz/hourly-ipv4,ziyadnz|hourly,2026-08-17T18:48:05Z,2026-08-17T18:48:05Z,
152.32.197.166,ipv4,malicious-ip,medium,WHITE,ziyadnz/hourly-ipv4,ziyadnz|hourly,2026-08-17T18:48:05Z,2026-08-17T18:48:05Z,
152.32.198.168,ipv4,malicious-ip,medium,WHITE,ziyadnz/hourly-ipv4,ziyadnz|hourly,2026-08-17T18:48:05Z,2026-08-17T18:48:05Z,
152.32.198.210,ipv4,malicious-ip,medium,WHITE,ziyadnz/hourly-ipv4,ziyadnz|hourly,2026-08-17T18:48:05Z,2026-08-17T18:48:05Z,
152.32.198.93,ipv4,malicious-ip,medium,WHITE,ziyadnz/hourly-ipv4,ziyadnz|hourly,2026-08-17T18:48:05Z,2026-08-17T18:48:05Z,
152.32.199.112,ipv4,malicious-ip,medium,WHITE,ziyadnz/hourly-ipv4,ziyadnz|hourly,2026-08-17T18:48:05Z,2026-08-17T18:48:05Z,
152.32.199.20,ipv4,malicious-ip,medium,WHITE,ziyadnz/hourly-ipv4,ziyadnz|hourly,2026-08-17T18:48:05Z,2026-08-17T18:48:05Z,
152.32.199.33,ipv4,malicious-ip,medium,WHITE,ziyadnz/hourly-ipv4,ziyadnz|hourly,2026-08-17T18:48:05Z,2026-08-17T18:48:05Z,
152.32.199.73,ipv4,malicious-ip,medium,WHITE,ziyadnz/hourly-ipv4,ziyadnz|hourly,2026-08-17T18:48:05Z,2026-08-17T18:48:05Z,
152.32.200.117,ipv4,malicious-ip,medium,WHITE,ziyadnz/hourly-ipv4,ziyadnz|hourly,2026-08-17T18:48:05Z,2026-08-17T18:48:05Z,
152.32.200.22,ipv4,malicious-ip,medium,WHITE,ziyadnz/hourly-ipv4,ziyadnz|hourly,2026-08-17T18:48:05Z,2026-08-17T18:48:05Z,
152.32.201.119,ipv4,malicious-ip,medium,WHITE,ziyadnz/hourly-ipv4,ziyadnz|hourly,2026-08-17T18:48:05Z,2026-08-17T18:48:05Z,
152.32.201.217,ipv4,malicious-ip,medium,WHITE,ziyadnz/hourly-ipv4,ziyadnz|hourly,2026-08-17T18:48:05Z,2026-08-17T18:48:05Z,
152.32.201.247,ipv4,malicious-ip,medium,WHITE,ziyadnz/hourly-ipv4,ziyadnz|hourly,2026-08-17T18:48:05Z,2026-08-17T18:48:05Z,
152.32.201.80,ipv4,malicious-ip,medium,WHITE,ziyadnz/hourly-ipv4,ziyadnz|hourly,2026-08-17T18:48:05Z,2026-08-17T18:48:05Z,
152.32.202.151,ipv4,malicious-ip,medium,WHITE,ziyadnz/hourly-ipv4,ziyadnz|hourly,2026-08-17T18:48:05Z,2026-08-17T18:48:05Z,
152.32.202.244,ipv4,malicious-ip,medium,WHITE,ziyadnz/hourly-ipv4,ziyadnz|hourly,2026-08-17T18:48:05Z,2026-08-17T18:48:05Z,
152.32.202.250,ipv4,malicious-ip,medium,WHITE,ziyadnz/hourly-ipv4,ziyadnz|hourly,2026-08-17T18:48:05Z,2026-08-17T18:48:05Z,
152.32.204.21,ipv4,malicious-ip,medium,WHITE,ziyadnz/hourly-ipv4,ziyadnz|hourly,2026-08-17T18:48:05Z,2026-08-17T18:48:05Z,
152.32.205.153,ipv4,malicious-ip,medium,WHITE,ziyadnz/hourly-ipv4,ziyadnz|hourly,2026-08-17T18:48:05Z,2026-08-17T18:48:05Z,
152.32.205.184,ipv4,malicious-ip,medium,WHITE,ziyadnz/hourly-ipv4,ziyadnz|hourly,2026-08-17T18:48:05Z,2026-08-17T18:48:05Z,
152.32.205.193,ipv4,malicious-ip,medium,WHITE,ziyadnz/hourly-ipv4,ziyadnz|hourly,2026-08-17T18:48:05Z,2026-08-17T18:48:05Z,
152.32.205.206,ipv4,malicious-ip,medium,WHITE,ziyadnz/hourly-ipv4,ziyadnz|hourly,2026-08-17T18:48:05Z,2026-08-17T18:48:05Z,
152.32.205.228,ipv4,malicious-ip,medium,WHITE,ziyadnz/hourly-ipv4,ziyadnz|hourly,2026-08-17T18:48:05Z,2026-08-17T18:48:05Z,
152.32.205.7,ipv4,malicious-ip,medium,WHITE,ziyadnz/hourly-ipv4,ziyadnz|hourly,2026-08-17T18:48:05Z,2026-08-17T18:48:05Z,
152.32.206.0,ipv4,malicious-ip,medium,WHITE,ziyadnz/hourly-ipv4,ziyadnz|hourly,2026-08-17T18:48:05Z,2026-08-17T18:48:05Z,
152.32.206.181,ipv4,malicious-ip,medium,WHITE,ziyadnz/hourly-ipv4,ziyadnz|hourly,2026-08-17T18:48:05Z,2026-08-17T18:48:05Z,
152.32.206.246,ipv4,malicious-ip,medium,WHITE,ziyadnz/hourly-ipv4,ziyadnz|hourly,2026-08-17T18:48:05Z,2026-08-17T18:48:05Z,
152.32.206.247,ipv4,malicious-ip,medium,WHITE,ziyadnz/hourly-ipv4,ziyadnz|hourly,2026-08-17T18:48:05Z,2026-08-17T18:48:05Z,
152.32.206.35,ipv4,malicious-ip,medium,WHITE,ziyadnz/hourly-ipv4,ziyadnz|hourly,2026-08-17T18:48:05Z,2026-08-17T18:48:05Z,
152.32.206.38,ipv4,malicious-ip,medium,WHITE,ziyadnz/hourly-ipv4,ziyadnz|hourly,2026-08-17T18:48:05Z,2026-08-17T18:48:05Z,
152.32.206.49,ipv4,malicious-ip,medium,WHITE,ziyadnz/hourly-ipv4,ziyadnz|hourly,2026-08-17T18:48:05Z,2026-08-17T18:48:05Z,
152.32.206.51,ipv4,malicious-ip,medium,WHITE,ziyadnz/hourly-ipv4,ziyadnz|hourly,2026-08-17T18:48:05Z,2026-08-17T18:48:05Z,
152.32.206.64,ipv4,malicious-ip,medium,WHITE,ziyadnz/hourly-ipv4,ziyadnz|hourly,2026-08-17T18:48:05Z,2026-08-17T18:48:05Z,
152.32.206.74,ipv4,malicious-ip,medium,WHITE,ziyadnz/hourly-ipv4,ziyadnz|hourly,2026-08-17T18:48:05Z,2026-08-17T18:48:05Z,
152.32.206.83,ipv4,malicious-ip,medium,WHITE,ziyadnz/hourly-ipv4,ziyadnz|hourly,2026-08-17T18:48:05Z,2026-08-17T18:48:05Z,
152.32.206.87,ipv4,malicious-ip,medium,WHITE,ziyadnz/hourly-ipv4,ziyadnz|hourly,2026-08-17T18:48:05Z,2026-08-17T18:48:05Z,
152.32.207.0,ipv4,malicious-ip,medium,WHITE,ziyadnz/hourly-ipv4,ziyadnz|hourly,2026-08-17T18:48:05Z,2026-08-17T18:48:05Z,
152.32.207.124,ipv4,malicious-ip,medium,WHITE,ziyadnz/hourly-ipv4,ziyadnz|hourly,2026-08-17T18:48:05Z,2026-08-17T18:48:05Z,
152.32.207.150,ipv4,malicious-ip,medium,WHITE,ziyadnz/hourly-ipv4,ziyadnz|hourly,2026-08-17T18:48:05Z,2026-08-17T18:48:05Z,
152.32.207.172,ipv4,malicious-ip,medium,WHITE,ziyadnz/hourly-ipv4,ziyadnz|hourly,2026-08-17T18:48:05Z,2026-08-17T18:48:05Z,
152.32.207.179,ipv4,malicious-ip,medium,WHITE,ziyadnz/hourly-ipv4,ziyadnz|hourly,2026-08-17T18:48:05Z,2026-08-17T18:48:05Z,
152.32.207.187,ipv4,malicious-ip,medium,WHITE,ziyadnz/hourly-ipv4,ziyadnz|hourly,2026-08-17T18:48:05Z,2026-08-17T18:48:05Z,
152.32.207.197,ipv4,malicious-ip,medium,WHITE,ziyadnz/hourly-ipv4,ziyadnz|hourly,2026-08-17T18:48:05Z,2026-08-17T18:48:05Z,
152.32.207.21,ipv4,malicious-ip,medium,WHITE,ziyadnz/hourly-ipv4,ziyadnz|hourly,2026-08-17T18:48:05Z,2026-08-17T18:48:05Z,
152.32.207.229,ipv4,malicious-ip,medium,WHITE,ziyadnz/hourly-ipv4,ziyadnz|hourly,2026-08-17T18:48:05Z,2026-08-17T18:48:05Z,
152.32.207.23,ipv4,malicious-ip,medium,WHITE,ziyadnz/hourly-ipv4,ziyadnz|hourly,2026-08-17T18:48:05Z,2026-08-17T18:48:05Z,
152.32.207.234,ipv4,malicious-ip,medium,WHITE,ziyadnz/hourly-ipv4,ziyadnz|hourly,2026-08-17T18:48:05Z,2026-08-17T18:48:05Z,
152.32.207.42,ipv4,malicious-ip,medium,WHITE,ziyadnz/hourly-ipv4,ziyadnz|hourly,2026-08-17T18:48:05Z,2026-08-17T18:48:05Z,
152.32.208.0,ipv4,malicious-ip,medium,WHITE,ziyadnz/hourly-ipv4,ziyadnz|hourly,2026-08-17T18:48:05Z,2026-08-17T18:48:05Z,
152.32.208.116,ipv4,malicious-ip,medium,WHITE,ziyadnz/hourly-ipv4,ziyadnz|hourly,2026-08-17T18:48:05Z,2026-08-17T18:48:05Z,
152.32.208.169,ipv4,malicious-ip,medium,WHITE,ziyadnz/hourly-ipv4,ziyadnz|hourly,2026-08-17T18:48:05Z,2026-08-17T18:48:05Z,
152.32.208.202,ipv4,malicious-ip,medium,WHITE,ziyadnz/hourly-ipv4,ziyadnz|hourly,2026-08-17T18:48:05Z,2026-08-17T18:48:05Z,
152.32.208.7,ipv4,malicious-ip,medium,WHITE,ziyadnz/hourly-ipv4,ziyadnz|hourly,2026-08-17T18:48:05Z,2026-08-17T18:48:05Z,
152.32.208.73,ipv4,malicious-ip,medium,WHITE,ziyadnz/hourly-ipv4,ziyadnz|hourly,2026-08-17T18:48:05Z,2026-08-17T18:48:05Z,
152.32.208.9,ipv4,malicious-ip,medium,WHITE,ziyadnz/hourly-ipv4,ziyadnz|hourly,2026-08-17T18:48:05Z,2026-08-17T18:48:05Z,
152.32.209.108,ipv4,malicious-ip,medium,WHITE,ziyadnz/hourly-ipv4,ziyadnz|hourly,2026-08-17T18:48:05Z,2026-08-17T18:48:05Z,
152.32.209.166,ipv4,malicious-ip,medium,WHITE,ziyadnz/hourly-ipv4,ziyadnz|hourly,2026-08-17T18:48:05Z,2026-08-17T18:48:05Z,
152.32.209.62,ipv4,malicious-ip,medium,WHITE,ziyadnz/hourly-ipv4,ziyadnz|hourly,2026-08-17T18:48:05Z,2026-08-17T18:48:05Z,
152.32.211.69,ipv4,malicious-ip,medium,WHITE,ziyadnz/hourly-ipv4,ziyadnz|hourly,2026-08-17T18:48:05Z,2026-08-17T18:48:05Z,
152.32.212.149,ipv4,malicious-ip,medium,WHITE,ziyadnz/hourly-ipv4,ziyadnz|hourly,2026-08-17T18:48:05Z,2026-08-17T18:48:05Z,
152.32.212.224,ipv4,malicious-ip,medium,WHITE,ziyadnz/hourly-ipv4,ziyadnz|hourly,2026-08-17T18:48:05Z,2026-08-17T18:48:05Z,
152.32.212.41,ipv4,malicious-ip,medium,WHITE,ziyadnz/hourly-ipv4,ziyadnz|hourly,2026-08-17T18:48:05Z,2026-08-17T18:48:05Z,
152.32.212.49,ipv4,malicious-ip,medium,WHITE,ziyadnz/hourly-ipv4,ziyadnz|hourly,2026-08-17T18:48:05Z,2026-08-17T18:48:05Z,
152.32.213.13,ipv4,malicious-ip,medium,WHITE,ziyadnz/hourly-ipv4,ziyadnz|hourly,2026-08-17T18:48:05Z,2026-08-17T18:48:05Z,
152.32.213.67,ipv4,malicious-ip,medium,WHITE,ziyadnz/hourly-ipv4,ziyadnz|hourly,2026-08-17T18:48:05Z,2026-08-17T18:48:05Z,
152.32.213.68,ipv4,malicious-ip,medium,WHITE,ziyadnz/hourly-ipv4,ziyadnz|hourly,2026-08-17T18:48:05Z,2026-08-17T18:48:05Z,
152.32.213.85,ipv4,malicious-ip,medium,WHITE,ziyadnz/hourly-ipv4,ziyadnz|hourly,2026-08-17T18:48:05Z,2026-08-17T18:48:05Z,
152.32.213.86,ipv4,malicious-ip,medium,WHITE,ziyadnz/hourly-ipv4,ziyadnz|hourly,2026-08-17T18:48:05Z,2026-08-17T18:48:05Z,
152.32.213.95,ipv4,malicious-ip,medium,WHITE,ziyadnz/hourly-ipv4,ziyadnz|hourly,2026-08-17T18:48:05Z,2026-08-17T18:48:05Z,
152.32.214.226,ipv4,malicious-ip,medium,WHITE,ziyadnz/hourly-ipv4,ziyadnz|hourly,2026-08-17T18:48:05Z,2026-08-17T18:48:05Z,
152.32.214.55,ipv4,malicious-ip,medium,WHITE,ziyadnz/hourly-ipv4,ziyadnz|hourly,2026-08-17T18:48:05Z,2026-08-17T18:48:05Z,
152.32.215.134,ipv4,malicious-ip,medium,WHITE,ziyadnz/hourly-ipv4,ziyadnz|hourly,2026-08-17T18:48:05Z,2026-08-17T18:48:05Z,
152.32.215.224,ipv4,malicious-ip,medium,WHITE,ziyadnz/hourly-ipv4,ziyadnz|hourly,2026-08-17T18:48:05Z,2026-08-17T18:48:05Z,
152.32.215.226,ipv4,malicious-ip,medium,WHITE,ziyadnz/hourly-ipv4,ziyadnz|hourly,2026-08-17T18:48:05Z,2026-08-17T18:48:05Z,
152.32.215.244,ipv4,malicious-ip,medium,WHITE,ziyadnz/hourly-ipv4,ziyadnz|hourly,2026-08-17T18:48:05Z,2026-08-17T18:48:05Z,
152.32.215.47,ipv4,malicious-ip,medium,WHITE,ziyadnz/hourly-ipv4,ziyadnz|hourly,2026-08-17T18:48:05Z,2026-08-17T18:48:05Z,
152.32.216.159,ipv4,malicious-ip,medium,WHITE,ziyadnz/hourly-ipv4,ziyadnz|hourly,2026-08-17T18:48:05Z,2026-08-17T18:48:05Z,
152.32.216.28,ipv4,malicious-ip,medium,WHITE,ziyadnz/hourly-ipv4,ziyadnz|hourly,2026-08-17T18:48:05Z,2026-08-17T18:48:05Z,
152.32.217.163,ipv4,malicious-ip,medium,WHITE,ziyadnz/hourly-ipv4,ziyadnz|hourly,2026-08-17T18:48:05Z,2026-08-17T18:48:05Z,
152.32.217.179,ipv4,malicious-ip,medium,WHITE,ziyadnz/hourly-ipv4,ziyadnz|hourly,2026-08-17T18:48:05Z,2026-08-17T18:48:05Z,
152.32.218.244,ipv4,malicious-ip,medium,WHITE,ziyadnz/hourly-ipv4,ziyadnz|hourly,2026-08-17T18:48:05Z,2026-08-17T18:48:05Z,
152.32.218.30,ipv4,malicious-ip,medium,WHITE,ziyadnz/hourly-ipv4,ziyadnz|hourly,2026-08-17T18:48:05Z,2026-08-17T18:48:05Z,
152.32.219.77,ipv4,malicious-ip,medium,WHITE,ziyadnz/hourly-ipv4,ziyadnz|hourly,2026-08-17T18:48:05Z,2026-08-17T18:48:05Z,
152.32.223.215,ipv4,malicious-ip,medium,WHITE,ziyadnz/hourly-ipv4,ziyadnz|hourly,2026-08-17T18:48:05Z,2026-08-17T18:48:05Z,
152.32.225.108,ipv4,malicious-ip,medium,WHITE,ziyadnz/hourly-ipv4,ziyadnz|hourly,2026-08-17T18:48:05Z,2026-08-17T18:48:05Z,
152.32.225.99,ipv4,malicious-ip,medium,WHITE,ziyadnz/hourly-ipv4,ziyadnz|hourly,2026-08-17T18:48:05Z,2026-08-17T18:48:05Z,
152.32.226.102,ipv4,malicious-ip,medium,WHITE,ziyadnz/hourly-ipv4,ziyadnz|hourly,2026-08-17T18:48:05Z,2026-08-17T18:48:05Z,
152.32.226.138,ipv4,malicious-ip,medium,WHITE,ziyadnz/hourly-ipv4,ziyadnz|hourly,2026-08-17T18:48:05Z,2026-08-17T18:48:05Z,
152.32.226.205,ipv4,malicious-ip,medium,WHITE,ziyadnz/hourly-ipv4,ziyadnz|hourly,2026-08-17T18:48:05Z,2026-08-17T18:48:05Z,
152.32.226.8,ipv4,malicious-ip,medium,WHITE,ziyadnz/hourly-ipv4,ziyadnz|hourly,2026-08-17T18:48:05Z,2026-08-17T18:48:05Z,
152.32.226.88,ipv4,malicious-ip,medium,WHITE,ziyadnz/hourly-ipv4,ziyadnz|hourly,2026-08-17T18:48:05Z,2026-08-17T18:48:05Z,
152.32.227.23,ipv4,malicious-ip,medium,WHITE,ziyadnz/hourly-ipv4,ziyadnz|hourly,2026-08-17T18:48:05Z,2026-08-17T18:48:05Z,
152.32.227.252,ipv4,malicious-ip,medium,WHITE,ziyadnz/hourly-ipv4,ziyadnz|hourly,2026-08-17T18:48:05Z,2026-08-17T18:48:05Z,
152.32.227.68,ipv4,malicious-ip,medium,WHITE,ziyadnz/hourly-ipv4,ziyadnz|hourly,2026-08-17T18:48:05Z,2026-08-17T18:48:05Z,
152.32.228.19,ipv4,malicious-ip,medium,WHITE,ziyadnz/hourly-ipv4,ziyadnz|hourly,2026-08-17T18:48:05Z,2026-08-17T18:48:05Z,
152.32.228.20,ipv4,malicious-ip,medium,WHITE,ziyadnz/hourly-ipv4,ziyadnz|hourly,2026-08-17T18:48:05Z,2026-08-17T18:48:05Z,
152.32.230.238,ipv4,malicious-ip,medium,WHITE,ziyadnz/hourly-ipv4,ziyadnz|hourly,2026-08-17T18:48:05Z,2026-08-17T18:48:05Z,
152.32.232.185,ipv4,malicious-ip,medium,WHITE,ziyadnz/hourly-ipv4,ziyadnz|hourly,2026-08-17T18:48:05Z,2026-08-17T18:48:05Z,
152.32.233.100,ipv4,malicious-ip,medium,WHITE,ziyadnz/hourly-ipv4,ziyadnz|hourly,2026-08-17T18:48:05Z,2026-08-17T18:48:05Z,
152.32.233.124,ipv4,malicious-ip,medium,WHITE,ziyadnz/hourly-ipv4,ziyadnz|hourly,2026-08-17T18:48:05Z,2026-08-17T18:48:05Z,
152.32.233.135,ipv4,malicious-ip,medium,WHITE,ziyadnz/hourly-ipv4,ziyadnz|hourly,2026-08-17T18:48:05Z,2026-08-17T18:48:05Z,
152.32.233.178,ipv4,malicious-ip,medium,WHITE,ziyadnz/hourly-ipv4,ziyadnz|hourly,2026-08-17T18:48:05Z,2026-08-17T18:48:05Z,
152.32.233.219,ipv4,malicious-ip,medium,WHITE,ziyadnz/hourly-ipv4,ziyadnz|hourly,2026-08-17T18:48:05Z,2026-08-17T18:48:05Z,
152.32.233.27,ipv4,malicious-ip,medium,WHITE,ziyadnz/hourly-ipv4,ziyadnz|hourly,2026-08-17T18:48:05Z,2026-08-17T18:48:05Z,
152.32.233.36,ipv4,malicious-ip,medium,WHITE,ziyadnz/hourly-ipv4,ziyadnz|hourly,2026-08-17T18:48:05Z,2026-08-17T18:48:05Z,
152.32.233.73,ipv4,malicious-ip,medium,WHITE,ziyadnz/hourly-ipv4,ziyadnz|hourly,2026-08-17T18:48:05Z,2026-08-17T18:48:05Z,
152.32.233.95,ipv4,malicious-ip,medium,WHITE,ziyadnz/hourly-ipv4,ziyadnz|hourly,2026-08-17T18:48:05Z,2026-08-17T18:48:05Z,
152.32.234.120,ipv4,malicious-ip,medium,WHITE,ziyadnz/hourly-ipv4,ziyadnz|hourly,2026-08-17T18:48:05Z,2026-08-17T18:48:05Z,
152.32.234.17,ipv4,malicious-ip,medium,WHITE,ziyadnz/hourly-ipv4,ziyadnz|hourly,2026-08-17T18:48:05Z,2026-08-17T18:48:05Z,
152.32.234.184,ipv4,malicious-ip,medium,WHITE,ziyadnz/hourly-ipv4,ziyadnz|hourly,2026-08-17T18:48:05Z,2026-08-17T18:48:05Z,
152.32.234.39,ipv4,malicious-ip,medium,WHITE,ziyadnz/hourly-ipv4,ziyadnz|hourly,2026-08-17T18:48:05Z,2026-08-17T18:48:05Z,
152.32.234.97,ipv4,malicious-ip,medium,WHITE,ziyadnz/hourly-ipv4,ziyadnz|hourly,2026-08-17T18:48:05Z,2026-08-17T18:48:05Z,
152.32.235.0,ipv4,malicious-ip,medium,WHITE,ziyadnz/hourly-ipv4,ziyadnz|hourly,2026-08-17T18:48:05Z,2026-08-17T18:48:05Z,
152.32.235.107,ipv4,malicious-ip,medium,WHITE,ziyadnz/hourly-ipv4,ziyadnz|hourly,2026-08-17T18:48:05Z,2026-08-17T18:48:05Z,
152.32.235.160,ipv4,malicious-ip,medium,WHITE,ziyadnz/hourly-ipv4,ziyadnz|hourly,2026-08-17T18:48:05Z,2026-08-17T18:48:05Z,
152.32.235.206,ipv4,malicious-ip,medium,WHITE,ziyadnz/hourly-ipv4,ziyadnz|hourly,2026-08-17T18:48:05Z,2026-08-17T18:48:05Z,
152.32.235.227,ipv4,malicious-ip,medium,WHITE,ziyadnz/hourly-ipv4,ziyadnz|hourly,2026-08-17T18:48:05Z,2026-08-17T18:48:05Z,
152.32.235.238,ipv4,malicious-ip,medium,WHITE,ziyadnz/hourly-ipv4,ziyadnz|hourly,2026-08-17T18:48:05Z,2026-08-17T18:48:05Z,
152.32.235.36,ipv4,malicious-ip,medium,WHITE,ziyadnz/hourly-ipv4,ziyadnz|hourly,2026-08-17T18:48:05Z,2026-08-17T18:48:05Z,
152.32.235.4,ipv4,malicious-ip,medium,WHITE,ziyadnz/hourly-ipv4,ziyadnz|hourly,2026-08-17T18:48:05Z,2026-08-17T18:48:05Z,
152.32.235.6,ipv4,malicious-ip,medium,WHITE,ziyadnz/hourly-ipv4,ziyadnz|hourly,2026-08-17T18:48:05Z,2026-08-17T18:48:05Z,
152.32.235.69,ipv4,malicious-ip,medium,WHITE,ziyadnz/hourly-ipv4,ziyadnz|hourly,2026-08-17T18:48:05Z,2026-08-17T18:48:05Z,
152.32.235.78,ipv4,malicious-ip,medium,WHITE,ziyadnz/hourly-ipv4,ziyadnz|hourly,2026-08-17T18:48:05Z,2026-08-17T18:48:05Z,
152.32.235.90,ipv4,malicious-ip,medium,WHITE,ziyadnz/hourly-ipv4,ziyadnz|hourly,2026-08-17T18:48:05Z,2026-08-17T18:48:05Z,
152.32.235.96,ipv4,malicious-ip,medium,WHITE,ziyadnz/hourly-ipv4,ziyadnz|hourly,2026-08-17T18:48:05Z,2026-08-17T18:48:05Z,
152.32.236.116,ipv4,malicious-ip,medium,WHITE,ziyadnz/hourly-ipv4,ziyadnz|hourly,2026-08-17T18:48:05Z,2026-08-17T18:48:05Z,
152.32.236.147,ipv4,malicious-ip,medium,WHITE,ziyadnz/hourly-ipv4,ziyadnz|hourly,2026-08-17T18:48:05Z,2026-08-17T18:48:05Z,
152.32.236.157,ipv4,malicious-ip,medium,WHITE,ziyadnz/hourly-ipv4,ziyadnz|hourly,2026-08-17T18:48:05Z,2026-08-17T18:48:05Z,
152.32.236.167,ipv4,malicious-ip,medium,WHITE,ziyadnz/hourly-ipv4,ziyadnz|hourly,2026-08-17T18:48:05Z,2026-08-17T18:48:05Z,
152.32.236.180,ipv4,malicious-ip,medium,WHITE,ziyadnz/hourly-ipv4,ziyadnz|hourly,2026-08-17T18:48:05Z,2026-08-17T18:48:05Z,
152.32.236.207,ipv4,malicious-ip,medium,WHITE,ziyadnz/hourly-ipv4,ziyadnz|hourly,2026-08-17T18:48:05Z,2026-08-17T18:48:05Z,
152.32.236.67,ipv4,malicious-ip,medium,WHITE,ziyadnz/hourly-ipv4,ziyadnz|hourly,2026-08-17T18:48:05Z,2026-08-17T18:48:05Z,
152.32.237.129,ipv4,malicious-ip,medium,WHITE,ziyadnz/hourly-ipv4,ziyadnz|hourly,2026-08-17T18:48:05Z,2026-08-17T18:48:05Z,
152.32.238.146,ipv4,malicious-ip,medium,WHITE,ziyadnz/hourly-ipv4,ziyadnz|hourly,2026-08-17T18:48:05Z,2026-08-17T18:48:05Z,
152.32.239.122,ipv4,malicious-ip,medium,WHITE,ziyadnz/hourly-ipv4,ziyadnz|hourly,2026-08-17T18:48:05Z,2026-08-17T18:48:05Z,
152.32.239.15,ipv4,malicious-ip,medium,WHITE,ziyadnz/hourly-ipv4,ziyadnz|hourly,2026-08-17T18:48:05Z,2026-08-17T18:48:05Z,
152.32.239.212,ipv4,malicious-ip,medium,WHITE,ziyadnz/hourly-ipv4,ziyadnz|hourly,2026-08-17T18:48:05Z,2026-08-17T18:48:05Z,
152.32.239.90,ipv4,malicious-ip,medium,WHITE,ziyadnz/hourly-ipv4,ziyadnz|hourly,2026-08-17T18:48:05Z,2026-08-17T18:48:05Z,
152.32.240.183,ipv4,malicious-ip,medium,WHITE,ziyadnz/hourly-ipv4,ziyadnz|hourly,2026-08-17T18:48:05Z,2026-08-17T18:48:05Z,
152.32.240.77,ipv4,malicious-ip,medium,WHITE,ziyadnz/hourly-ipv4,ziyadnz|hourly,2026-08-17T18:48:05Z,2026-08-17T18:48:05Z,
152.32.243.241,ipv4,malicious-ip,medium,WHITE,ziyadnz/hourly-ipv4,ziyadnz|hourly,2026-08-17T18:48:05Z,2026-08-17T18:48:05Z,
152.32.243.98,ipv4,malicious-ip,medium,WHITE,ziyadnz/hourly-ipv4,ziyadnz|hourly,2026-08-17T18:48:05Z,2026-08-17T18:48:05Z,
152.32.245.0,ipv4,malicious-ip,medium,WHITE,ziyadnz/hourly-ipv4,ziyadnz|hourly,2026-08-17T18:48:05Z,2026-08-17T18:48:05Z,
152.32.245.170,ipv4,malicious-ip,medium,WHITE,ziyadnz/hourly-ipv4,ziyadnz|hourly,2026-08-17T18:48:05Z,2026-08-17T18:48:05Z,
152.32.245.186,ipv4,malicious-ip,medium,WHITE,ziyadnz/hourly-ipv4,ziyadnz|hourly,2026-08-17T18:48:05Z,2026-08-17T18:48:05Z,
152.32.245.196,ipv4,malicious-ip,medium,WHITE,ziyadnz/hourly-ipv4,ziyadnz|hourly,2026-08-17T18:48:05Z,2026-08-17T18:48:05Z,
152.32.245.27,ipv4,malicious-ip,medium,WHITE,ziyadnz/hourly-ipv4,ziyadnz|hourly,2026-08-17T18:48:05Z,2026-08-17T18:48:05Z,
152.32.245.44,ipv4,malicious-ip,medium,WHITE,ziyadnz/hourly-ipv4,ziyadnz|hourly,2026-08-17T18:48:05Z,2026-08-17T18:48:05Z,
152.32.245.93,ipv4,malicious-ip,medium,WHITE,ziyadnz/hourly-ipv4,ziyadnz|hourly,2026-08-17T18:48:05Z,2026-08-17T18:48:05Z,
152.32.247.23,ipv4,malicious-ip,medium,WHITE,ziyadnz/hourly-ipv4,ziyadnz|hourly,2026-08-17T18:48:05Z,2026-08-17T18:48:05Z,
152.32.247.54,ipv4,malicious-ip,medium,WHITE,ziyadnz/hourly-ipv4,ziyadnz|hourly,2026-08-17T18:48:05Z,2026-08-17T18:48:05Z,
152.32.249.95,ipv4,malicious-ip,medium,WHITE,ziyadnz/hourly-ipv4,ziyadnz|hourly,2026-08-17T18:48:05Z,2026-08-17T18:48:05Z,
152.32.250.21,ipv4,malicious-ip,medium,WHITE,ziyadnz/hourly-ipv4,ziyadnz|hourly,2026-08-17T18:48:05Z,2026-08-17T18:48:05Z,
152.32.250.36,ipv4,malicious-ip,medium,WHITE,ziyadnz/hourly-ipv4,ziyadnz|hourly,2026-08-17T18:48:05Z,2026-08-17T18:48:05Z,
152.32.251.44,ipv4,malicious-ip,medium,WHITE,ziyadnz/hourly-ipv4,ziyadnz|hourly,2026-08-17T18:48:05Z,2026-08-17T18:48:05Z,
152.32.252.233,ipv4,malicious-ip,medium,WHITE,ziyadnz/hourly-ipv4,ziyadnz|hourly,2026-08-17T18:48:05Z,2026-08-17T18:48:05Z,
152.32.252.94,ipv4,malicious-ip,medium,WHITE,ziyadnz/hourly-ipv4,ziyadnz|hourly,2026-08-17T18:48:05Z,2026-08-17T18:48:05Z,
152.32.254.132,ipv4,malicious-ip,medium,WHITE,ziyadnz/hourly-ipv4,ziyadnz|hourly,2026-08-17T18:48:05Z,2026-08-17T18:48:05Z,
152.32.255.94,ipv4,malicious-ip,medium,WHITE,ziyadnz/hourly-ipv4,ziyadnz|hourly,2026-08-17T18:48:05Z,2026-08-17T18:48:05Z,
152.32.99.48,ipv4,malicious-ip,medium,WHITE,ziyadnz/hourly-ipv4,ziyadnz|hourly,2026-08-17T18:48:05Z,2026-08-17T18:48:05Z,
152.36.128.18,ipv4,malicious-ip,medium,WHITE,ziyadnz/hourly-ipv4,ziyadnz|hourly,2026-08-17T18:48:05Z,2026-08-17T18:48:05Z,
152.36.144.222,ipv4,malicious-ip,medium,WHITE,ziyadnz/hourly-ipv4,ziyadnz|hourly,2026-08-17T18:48:05Z,2026-08-17T18:48:05Z,
152.42.129.7,ipv4,malicious-ip,medium,WHITE,ziyadnz/hourly-ipv4,ziyadnz|hourly,2026-08-17T18:48:05Z,2026-08-17T18:48:05Z,
152.42.137.70,ipv4,malicious-ip,medium,WHITE,ziyadnz/hourly-ipv4,ziyadnz|hourly,2026-08-17T18:48:05Z,2026-08-17T18:48:05Z,
152.42.139.18,ipv4,malicious-ip,medium,WHITE,ziyadnz/hourly-ipv4,ziyadnz|hourly,2026-08-17T18:48:05Z,2026-08-17T18:48:05Z,
152.42.140.197,ipv4,malicious-ip,medium,WHITE,ziyadnz/hourly-ipv4,ziyadnz|hourly,2026-08-17T18:48:05Z,2026-08-17T18:48:05Z,
152.42.160.161,ipv4,malicious-ip,medium,WHITE,ziyadnz/hourly-ipv4,ziyadnz|hourly,2026-08-17T18:48:05Z,2026-08-17T18:48:05Z,
152.42.162.105,ipv4,malicious-ip,medium,WHITE,ziyadnz/hourly-ipv4,ziyadnz|hourly,2026-08-17T18:48:05Z,2026-08-17T18:48:05Z,
152.42.163.59,ipv4,malicious-ip,medium,WHITE,ziyadnz/hourly-ipv4,ziyadnz|hourly,2026-08-17T18:48:05Z,2026-08-17T18:48:05Z,
152.42.169.155,ipv4,malicious-ip,medium,WHITE,ziyadnz/hourly-ipv4,ziyadnz|hourly,2026-08-17T18:48:05Z,2026-08-17T18:48:05Z,
152.42.177.158,ipv4,malicious-ip,medium,WHITE,ziyadnz/hourly-ipv4,ziyadnz|hourly,2026-08-17T18:48:05Z,2026-08-17T18:48:05Z,
152.42.190.92,ipv4,malicious-ip,medium,WHITE,ziyadnz/hourly-ipv4,ziyadnz|hourly,2026-08-17T18:48:05Z,2026-08-17T18:48:05Z,
152.42.196.93,ipv4,malicious-ip,medium,WHITE,ziyadnz/hourly-ipv4,ziyadnz|hourly,2026-08-17T18:48:05Z,2026-08-17T18:48:05Z,
152.42.197.32,ipv4,malicious-ip,medium,WHITE,ziyadnz/hourly-ipv4,ziyadnz|hourly,2026-08-17T18:48:05Z,2026-08-17T18:48:05Z,
152.42.202.137,ipv4,malicious-ip,medium,WHITE,ziyadnz/hourly-ipv4,ziyadnz|hourly,2026-08-17T18:48:05Z,2026-08-17T18:48:05Z,
152.42.202.161,ipv4,malicious-ip,medium,WHITE,ziyadnz/hourly-ipv4,ziyadnz|hourly,2026-08-17T18:48:05Z,2026-08-17T18:48:05Z,
152.42.217.251,ipv4,malicious-ip,medium,WHITE,ziyadnz/hourly-ipv4,ziyadnz|hourly,2026-08-17T18:48:05Z,2026-08-17T18:48:05Z,
152.42.219.80,ipv4,malicious-ip,medium,WHITE,ziyadnz/hourly-ipv4,ziyadnz|hourly,2026-08-17T18:48:05Z,2026-08-17T18:48:05Z,
152.42.219.94,ipv4,malicious-ip,medium,WHITE,ziyadnz/hourly-ipv4,ziyadnz|hourly,2026-08-17T18:48:05Z,2026-08-17T18:48:05Z,
152.42.223.81,ipv4,malicious-ip,medium,WHITE,ziyadnz/hourly-ipv4,ziyadnz|hourly,2026-08-17T18:48:05Z,2026-08-17T18:48:05Z,
152.42.224.149,ipv4,malicious-ip,medium,WHITE,ziyadnz/hourly-ipv4,ziyadnz|hourly,2026-08-17T18:48:05Z,2026-08-17T18:48:05Z,
152.42.224.71,ipv4,malicious-ip,medium,WHITE,ziyadnz/hourly-ipv4,ziyadnz|hourly,2026-08-17T18:48:05Z,2026-08-17T18:48:05Z,
152.42.227.173,ipv4,malicious-ip,medium,WHITE,ziyadnz/hourly-ipv4,ziyadnz|hourly,2026-08-17T18:48:05Z,2026-08-17T18:48:05Z,
152.42.229.180,ipv4,malicious-ip,medium,WHITE,ziyadnz/hourly-ipv4,ziyadnz|hourly,2026-08-17T18:48:05Z,2026-08-17T18:48:05Z,
152.42.230.191,ipv4,malicious-ip,medium,WHITE,ziyadnz/hourly-ipv4,ziyadnz|hourly,2026-08-17T18:48:05Z,2026-08-17T18:48:05Z,
152.42.236.252,ipv4,malicious-ip,medium,WHITE,ziyadnz/hourly-ipv4,ziyadnz|hourly,2026-08-17T18:48:05Z,2026-08-17T18:48:05Z,
152.42.237.127,ipv4,malicious-ip,medium,WHITE,ziyadnz/hourly-ipv4,ziyadnz|hourly,2026-08-17T18:48:05Z,2026-08-17T18:48:05Z,
152.42.242.174,ipv4,malicious-ip,medium,WHITE,ziyadnz/hourly-ipv4,ziyadnz|hourly,2026-08-17T18:48:05Z,2026-08-17T18:48:05Z,
152.42.242.203,ipv4,malicious-ip,medium,WHITE,ziyadnz/hourly-ipv4,ziyadnz|hourly,2026-08-17T18:48:05Z,2026-08-17T18:48:05Z,
152.42.247.85,ipv4,malicious-ip,medium,WHITE,ziyadnz/hourly-ipv4,ziyadnz|hourly,2026-08-17T18:48:05Z,2026-08-17T18:48:05Z,
152.42.251.163,ipv4,malicious-ip,medium,WHITE,ziyadnz/hourly-ipv4,ziyadnz|hourly,2026-08-17T18:48:05Z,2026-08-17T18:48:05Z,
152.42.254.255,ipv4,malicious-ip,medium,WHITE,ziyadnz/hourly-ipv4,ziyadnz|hourly,2026-08-17T18:48:05Z,2026-08-17T18:48:05Z,
152.52.15.214,ipv4,malicious-ip,medium,WHITE,ziyadnz/hourly-ipv4,ziyadnz|hourly,2026-08-17T18:48:05Z,2026-08-17T18:48:05Z,
152.52.165.34,ipv4,malicious-ip,medium,WHITE,ziyadnz/hourly-ipv4,ziyadnz|hourly,2026-08-17T18:48:05Z,2026-08-17T18:48:05Z,
152.52.194.154,ipv4,malicious-ip,medium,WHITE,ziyadnz/hourly-ipv4,ziyadnz|hourly,2026-08-17T18:48:05Z,2026-08-17T18:48:05Z,
152.52.197.174,ipv4,malicious-ip,medium,WHITE,ziyadnz/hourly-ipv4,ziyadnz|hourly,2026-08-17T18:48:05Z,2026-08-17T18:48:05Z,
152.52.35.122,ipv4,malicious-ip,medium,WHITE,ziyadnz/hourly-ipv4,ziyadnz|hourly,2026-08-17T18:48:05Z,2026-08-17T18:48:05Z,
152.53.13.239,ipv4,malicious-ip,medium,WHITE,ziyadnz/hourly-ipv4,ziyadnz|hourly,2026-08-17T18:48:05Z,2026-08-17T18:48:05Z,
152.53.136.163,ipv4,malicious-ip,medium,WHITE,ziyadnz/hourly-ipv4,ziyadnz|hourly,2026-08-17T18:48:05Z,2026-08-17T18:48:05Z,
152.53.138.86,ipv4,malicious-ip,medium,WHITE,ziyadnz/hourly-ipv4,ziyadnz|hourly,2026-08-17T18:48:05Z,2026-08-17T18:48:05Z,
152.53.150.12,ipv4,malicious-ip,medium,WHITE,ziyadnz/hourly-ipv4,ziyadnz|hourly,2026-08-17T18:48:05Z,2026-08-17T18:48:05Z,
152.53.157.69,ipv4,malicious-ip,medium,WHITE,ziyadnz/hourly-ipv4,ziyadnz|hourly,2026-08-17T18:48:05Z,2026-08-17T18:48:05Z,
152.53.161.134,ipv4,malicious-ip,medium,WHITE,ziyadnz/hourly-ipv4,ziyadnz|hourly,2026-08-17T18:48:05Z,2026-08-17T18:48:05Z,
152.53.166.11,ipv4,malicious-ip,medium,WHITE,ziyadnz/hourly-ipv4,ziyadnz|hourly,2026-08-17T18:48:05Z,2026-08-17T18:48:05Z,
152.53.170.213,ipv4,malicious-ip,medium,WHITE,ziyadnz/hourly-ipv4,ziyadnz|hourly,2026-08-17T18:48:05Z,2026-08-17T18:48:05Z,
152.53.173.29,ipv4,malicious-ip,medium,WHITE,ziyadnz/hourly-ipv4,ziyadnz|hourly,2026-08-17T18:48:05Z,2026-08-17T18:48:05Z,
152.53.181.248,ipv4,malicious-ip,medium,WHITE,ziyadnz/hourly-ipv4,ziyadnz|hourly,2026-08-17T18:48:05Z,2026-08-17T18:48:05Z,
152.53.186.167,ipv4,malicious-ip,medium,WHITE,ziyadnz/hourly-ipv4,ziyadnz|hourly,2026-08-17T18:48:05Z,2026-08-17T18:48:05Z,
152.53.186.30,ipv4,malicious-ip,medium,WHITE,ziyadnz/hourly-ipv4,ziyadnz|hourly,2026-08-17T18:48:05Z,2026-08-17T18:48:05Z,
152.53.191.99,ipv4,malicious-ip,medium,WHITE,ziyadnz/hourly-ipv4,ziyadnz|hourly,2026-08-17T18:48:05Z,2026-08-17T18:48:05Z,
152.53.194.9,ipv4,malicious-ip,medium,WHITE,ziyadnz/hourly-ipv4,ziyadnz|hourly,2026-08-17T18:48:05Z,2026-08-17T18:48:05Z,
152.53.195.231,ipv4,malicious-ip,medium,WHITE,ziyadnz/hourly-ipv4,ziyadnz|hourly,2026-08-17T18:48:05Z,2026-08-17T18:48:05Z,
152.53.199.246,ipv4,malicious-ip,medium,WHITE,ziyadnz/hourly-ipv4,ziyadnz|hourly,2026-08-17T18:48:05Z,2026-08-17T18:48:05Z,
152.53.207.3,ipv4,malicious-ip,medium,WHITE,ziyadnz/hourly-ipv4,ziyadnz|hourly,2026-08-17T18:48:05Z,2026-08-17T18:48:05Z,
152.53.209.147,ipv4,malicious-ip,medium,WHITE,ziyadnz/hourly-ipv4,ziyadnz|hourly,2026-08-17T18:48:05Z,2026-08-17T18:48:05Z,
152.53.21.123,ipv4,malicious-ip,medium,WHITE,ziyadnz/hourly-ipv4,ziyadnz|hourly,2026-08-17T18:48:05Z,2026-08-17T18:48:05Z,
152.53.21.84,ipv4,malicious-ip,medium,WHITE,ziyadnz/hourly-ipv4,ziyadnz|hourly,2026-08-17T18:48:05Z,2026-08-17T18:48:05Z,
152.53.210.165,ipv4,malicious-ip,medium,WHITE,ziyadnz/hourly-ipv4,ziyadnz|hourly,2026-08-17T18:48:05Z,2026-08-17T18:48:05Z,
152.53.22.186,ipv4,malicious-ip,medium,WHITE,ziyadnz/hourly-ipv4,ziyadnz|hourly,2026-08-17T18:48:05Z,2026-08-17T18:48:05Z,
152.53.224.90,ipv4,malicious-ip,medium,WHITE,ziyadnz/hourly-ipv4,ziyadnz|hourly,2026-08-17T18:48:05Z,2026-08-17T18:48:05Z,
152.53.253.223,ipv4,malicious-ip,medium,WHITE,ziyadnz/hourly-ipv4,ziyadnz|hourly,2026-08-17T18:48:05Z,2026-08-17T18:48:05Z,
152.53.254.198,ipv4,malicious-ip,medium,WHITE,ziyadnz/hourly-ipv4,ziyadnz|hourly,2026-08-17T18:48:05Z,2026-08-17T18:48:05Z,
152.53.32.167,ipv4,malicious-ip,medium,WHITE,ziyadnz/hourly-ipv4,ziyadnz|hourly,2026-08-17T18:48:05Z,2026-08-17T18:48:05Z,
152.53.32.80,ipv4,malicious-ip,medium,WHITE,ziyadnz/hourly-ipv4,ziyadnz|hourly,2026-08-17T18:48:05Z,2026-08-17T18:48:05Z,
152.53.39.53,ipv4,malicious-ip,medium,WHITE,ziyadnz/hourly-ipv4,ziyadnz|hourly,2026-08-17T18:48:05Z,2026-08-17T18:48:05Z,
152.53.42.70,ipv4,malicious-ip,medium,WHITE,ziyadnz/hourly-ipv4,ziyadnz|hourly,2026-08-17T18:48:05Z,2026-08-17T18:48:05Z,
152.53.53.182,ipv4,malicious-ip,medium,WHITE,ziyadnz/hourly-ipv4,ziyadnz|hourly,2026-08-17T18:48:05Z,2026-08-17T18:48:05Z,
152.53.54.144,ipv4,malicious-ip,medium,WHITE,ziyadnz/hourly-ipv4,ziyadnz|hourly,2026-08-17T18:48:05Z,2026-08-17T18:48:05Z,
152.53.81.25,ipv4,malicious-ip,medium,WHITE,ziyadnz/hourly-ipv4,ziyadnz|hourly,2026-08-17T18:48:05Z,2026-08-17T18:48:05Z,
152.53.99.54,ipv4,malicious-ip,medium,WHITE,ziyadnz/hourly-ipv4,ziyadnz|hourly,2026-08-17T18:48:05Z,2026-08-17T18:48:05Z,
152.53.99.58,ipv4,malicious-ip,medium,WHITE,ziyadnz/hourly-ipv4,ziyadnz|hourly,2026-08-17T18:48:05Z,2026-08-17T18:48:05Z,
152.55.176.13,ipv4,malicious-ip,medium,WHITE,ziyadnz/hourly-ipv4,ziyadnz|hourly,2026-08-17T18:48:05Z,2026-08-17T18:48:05Z,
152.56.134.165,ipv4,malicious-ip,medium,WHITE,ziyadnz/hourly-ipv4,ziyadnz|hourly,2026-08-17T18:48:05Z,2026-08-17T18:48:05Z,
152.56.139.168,ipv4,malicious-ip,medium,WHITE,ziyadnz/hourly-ipv4,ziyadnz|hourly,2026-08-17T18:48:05Z,2026-08-17T18:48:05Z,
152.56.140.105,ipv4,malicious-ip,medium,WHITE,ziyadnz/hourly-ipv4,ziyadnz|hourly,2026-08-17T18:48:05Z,2026-08-17T18:48:05Z,
152.56.140.194,ipv4,malicious-ip,medium,WHITE,ziyadnz/hourly-ipv4,ziyadnz|hourly,2026-08-17T18:48:05Z,2026-08-17T18:48:05Z,
152.56.145.198,ipv4,malicious-ip,medium,WHITE,ziyadnz/hourly-ipv4,ziyadnz|hourly,2026-08-17T18:48:05Z,2026-08-17T18:48:05Z,
152.56.166.206,ipv4,malicious-ip,medium,WHITE,ziyadnz/hourly-ipv4,ziyadnz|hourly,2026-08-17T18:48:05Z,2026-08-17T18:48:05Z,
152.56.170.129,ipv4,malicious-ip,medium,WHITE,ziyadnz/hourly-ipv4,ziyadnz|hourly,2026-08-17T18:48:05Z,2026-08-17T18:48:05Z,
152.56.182.13,ipv4,malicious-ip,medium,WHITE,ziyadnz/hourly-ipv4,ziyadnz|hourly,2026-08-17T18:48:05Z,2026-08-17T18:48:05Z,
152.57.10.117,ipv4,malicious-ip,medium,WHITE,ziyadnz/hourly-ipv4,ziyadnz|hourly,2026-08-17T18:48:05Z,2026-08-17T18:48:05Z,
152.57.105.241,ipv4,malicious-ip,medium,WHITE,ziyadnz/hourly-ipv4,ziyadnz|hourly,2026-08-17T18:48:05Z,2026-08-17T18:48:05Z,
152.57.137.148,ipv4,malicious-ip,medium,WHITE,ziyadnz/hourly-ipv4,ziyadnz|hourly,2026-08-17T18:48:05Z,2026-08-17T18:48:05Z,
152.57.137.39,ipv4,malicious-ip,medium,WHITE,ziyadnz/hourly-ipv4,ziyadnz|hourly,2026-08-17T18:48:05Z,2026-08-17T18:48:05Z,
152.57.140.189,ipv4,malicious-ip,medium,WHITE,ziyadnz/hourly-ipv4,ziyadnz|hourly,2026-08-17T18:48:05Z,2026-08-17T18:48:05Z,
152.57.224.222,ipv4,malicious-ip,medium,WHITE,ziyadnz/hourly-ipv4,ziyadnz|hourly,2026-08-17T18:48:05Z,2026-08-17T18:48:05Z,
152.57.23.43,ipv4,malicious-ip,medium,WHITE,ziyadnz/hourly-ipv4,ziyadnz|hourly,2026-08-17T18:48:05Z,2026-08-17T18:48:05Z,
152.57.25.68,ipv4,malicious-ip,medium,WHITE,ziyadnz/hourly-ipv4,ziyadnz|hourly,2026-08-17T18:48:05Z,2026-08-17T18:48:05Z,
152.57.26.43,ipv4,malicious-ip,medium,WHITE,ziyadnz/hourly-ipv4,ziyadnz|hourly,2026-08-17T18:48:05Z,2026-08-17T18:48:05Z,
152.58.108.38,ipv4,malicious-ip,medium,WHITE,ziyadnz/hourly-ipv4,ziyadnz|hourly,2026-08-17T18:48:05Z,2026-08-17T18:48:05Z,
152.58.119.240,ipv4,malicious-ip,medium,WHITE,ziyadnz/hourly-ipv4,ziyadnz|hourly,2026-08-17T18:48:05Z,2026-08-17T18:48:05Z,
152.58.120.205,ipv4,malicious-ip,medium,WHITE,ziyadnz/hourly-ipv4,ziyadnz|hourly,2026-08-17T18:48:05Z,2026-08-17T18:48:05Z,
152.58.123.87,ipv4,malicious-ip,medium,WHITE,ziyadnz/hourly-ipv4,ziyadnz|hourly,2026-08-17T18:48:05Z,2026-08-17T18:48:05Z,
152.58.128.48,ipv4,malicious-ip,medium,WHITE,ziyadnz/hourly-ipv4,ziyadnz|hourly,2026-08-17T18:48:05Z,2026-08-17T18:48:05Z,
152.58.131.126,ipv4,malicious-ip,medium,WHITE,ziyadnz/hourly-ipv4,ziyadnz|hourly,2026-08-17T18:48:05Z,2026-08-17T18:48:05Z,
152.58.132.79,ipv4,malicious-ip,medium,WHITE,ziyadnz/hourly-ipv4,ziyadnz|hourly,2026-08-17T18:48:05Z,2026-08-17T18:48:05Z,
152.58.139.66,ipv4,malicious-ip,medium,WHITE,ziyadnz/hourly-ipv4,ziyadnz|hourly,2026-08-17T18:48:05Z,2026-08-17T18:48:05Z,
152.58.152.193,ipv4,malicious-ip,medium,WHITE,ziyadnz/hourly-ipv4,ziyadnz|hourly,2026-08-17T18:48:05Z,2026-08-17T18:48:05Z,
152.58.152.35,ipv4,malicious-ip,medium,WHITE,ziyadnz/hourly-ipv4,ziyadnz|hourly,2026-08-17T18:48:05Z,2026-08-17T18:48:05Z,
152.58.152.57,ipv4,malicious-ip,medium,WHITE,ziyadnz/hourly-ipv4,ziyadnz|hourly,2026-08-17T18:48:05Z,2026-08-17T18:48:05Z,
152.58.153.111,ipv4,malicious-ip,medium,WHITE,ziyadnz/hourly-ipv4,ziyadnz|hourly,2026-08-17T18:48:05Z,2026-08-17T18:48:05Z,
152.58.154.17,ipv4,malicious-ip,medium,WHITE,ziyadnz/hourly-ipv4,ziyadnz|hourly,2026-08-17T18:48:05Z,2026-08-17T18:48:05Z,
152.58.155.136,ipv4,malicious-ip,medium,WHITE,ziyadnz/hourly-ipv4,ziyadnz|hourly,2026-08-17T18:48:05Z,2026-08-17T18:48:05Z,
152.58.159.86,ipv4,malicious-ip,medium,WHITE,ziyadnz/hourly-ipv4,ziyadnz|hourly,2026-08-17T18:48:05Z,2026-08-17T18:48:05Z,
152.58.179.63,ipv4,malicious-ip,medium,WHITE,ziyadnz/hourly-ipv4,ziyadnz|hourly,2026-08-17T18:48:05Z,2026-08-17T18:48:05Z,
152.58.182.255,ipv4,malicious-ip,medium,WHITE,ziyadnz/hourly-ipv4,ziyadnz|hourly,2026-08-17T18:48:05Z,2026-08-17T18:48:05Z,
152.58.184.213,ipv4,malicious-ip,medium,WHITE,ziyadnz/hourly-ipv4,ziyadnz|hourly,2026-08-17T18:48:05Z,2026-08-17T18:48:05Z,
152.58.187.255,ipv4,malicious-ip,medium,WHITE,ziyadnz/hourly-ipv4,ziyadnz|hourly,2026-08-17T18:48:05Z,2026-08-17T18:48:05Z,
152.58.189.173,ipv4,malicious-ip,medium,WHITE,ziyadnz/hourly-ipv4,ziyadnz|hourly,2026-08-17T18:48:05Z,2026-08-17T18:48:05Z,
152.58.24.101,ipv4,malicious-ip,medium,WHITE,ziyadnz/hourly-ipv4,ziyadnz|hourly,2026-08-17T18:48:05Z,2026-08-17T18:48:05Z,
152.58.25.200,ipv4,malicious-ip,medium,WHITE,ziyadnz/hourly-ipv4,ziyadnz|hourly,2026-08-17T18:48:05Z,2026-08-17T18:48:05Z,
152.58.31.19,ipv4,malicious-ip,medium,WHITE,ziyadnz/hourly-ipv4,ziyadnz|hourly,2026-08-17T18:48:05Z,2026-08-17T18:48:05Z,
152.58.56.112,ipv4,malicious-ip,medium,WHITE,ziyadnz/hourly-ipv4,ziyadnz|hourly,2026-08-17T18:48:05Z,2026-08-17T18:48:05Z,
152.59.118.233,ipv4,malicious-ip,medium,WHITE,ziyadnz/hourly-ipv4,ziyadnz|hourly,2026-08-17T18:48:05Z,2026-08-17T18:48:05Z,
152.59.144.23,ipv4,malicious-ip,medium,WHITE,ziyadnz/hourly-ipv4,ziyadnz|hourly,2026-08-17T18:48:05Z,2026-08-17T18:48:05Z,
152.59.146.1,ipv4,malicious-ip,medium,WHITE,ziyadnz/hourly-ipv4,ziyadnz|hourly,2026-08-17T18:48:05Z,2026-08-17T18:48:05Z,
152.59.146.246,ipv4,malicious-ip,medium,WHITE,ziyadnz/hourly-ipv4,ziyadnz|hourly,2026-08-17T18:48:05Z,2026-08-17T18:48:05Z,
152.59.147.247,ipv4,malicious-ip,medium,WHITE,ziyadnz/hourly-ipv4,ziyadnz|hourly,2026-08-17T18:48:05Z,2026-08-17T18:48:05Z,
152.59.147.33,ipv4,malicious-ip,medium,WHITE,ziyadnz/hourly-ipv4,ziyadnz|hourly,2026-08-17T18:48:05Z,2026-08-17T18:48:05Z,
152.59.149.204,ipv4,malicious-ip,medium,WHITE,ziyadnz/hourly-ipv4,ziyadnz|hourly,2026-08-17T18:48:05Z,2026-08-17T18:48:05Z,
152.59.149.27,ipv4,malicious-ip,medium,WHITE,ziyadnz/hourly-ipv4,ziyadnz|hourly,2026-08-17T18:48:05Z,2026-08-17T18:48:05Z,
152.59.150.186,ipv4,malicious-ip,medium,WHITE,ziyadnz/hourly-ipv4,ziyadnz|hourly,2026-08-17T18:48:05Z,2026-08-17T18:48:05Z,
152.59.151.133,ipv4,malicious-ip,medium,WHITE,ziyadnz/hourly-ipv4,ziyadnz|hourly,2026-08-17T18:48:05Z,2026-08-17T18:48:05Z,
152.59.151.165,ipv4,malicious-ip,medium,WHITE,ziyadnz/hourly-ipv4,ziyadnz|hourly,2026-08-17T18:48:05Z,2026-08-17T18:48:05Z,
152.59.151.253,ipv4,malicious-ip,medium,WHITE,ziyadnz/hourly-ipv4,ziyadnz|hourly,2026-08-17T18:48:05Z,2026-08-17T18:48:05Z,
152.59.153.83,ipv4,malicious-ip,medium,WHITE,ziyadnz/hourly-ipv4,ziyadnz|hourly,2026-08-17T18:48:05Z,2026-08-17T18:48:05Z,
152.59.153.99,ipv4,malicious-ip,medium,WHITE,ziyadnz/hourly-ipv4,ziyadnz|hourly,2026-08-17T18:48:05Z,2026-08-17T18:48:05Z,
152.59.154.18,ipv4,malicious-ip,medium,WHITE,ziyadnz/hourly-ipv4,ziyadnz|hourly,2026-08-17T18:48:05Z,2026-08-17T18:48:05Z,
152.59.154.44,ipv4,malicious-ip,medium,WHITE,ziyadnz/hourly-ipv4,ziyadnz|hourly,2026-08-17T18:48:05Z,2026-08-17T18:48:05Z,
152.59.154.80,ipv4,malicious-ip,medium,WHITE,ziyadnz/hourly-ipv4,ziyadnz|hourly,2026-08-17T18:48:05Z,2026-08-17T18:48:05Z,
152.59.160.89,ipv4,malicious-ip,medium,WHITE,ziyadnz/hourly-ipv4,ziyadnz|hourly,2026-08-17T18:48:05Z,2026-08-17T18:48:05Z,
152.59.162.40,ipv4,malicious-ip,medium,WHITE,ziyadnz/hourly-ipv4,ziyadnz|hourly,2026-08-17T18:48:05Z,2026-08-17T18:48:05Z,
152.59.166.109,ipv4,malicious-ip,medium,WHITE,ziyadnz/hourly-ipv4,ziyadnz|hourly,2026-08-17T18:48:05Z,2026-08-17T18:48:05Z,
152.59.166.57,ipv4,malicious-ip,medium,WHITE,ziyadnz/hourly-ipv4,ziyadnz|hourly,2026-08-17T18:48:05Z,2026-08-17T18:48:05Z,
152.59.167.227,ipv4,malicious-ip,medium,WHITE,ziyadnz/hourly-ipv4,ziyadnz|hourly,2026-08-17T18:48:05Z,2026-08-17T18:48:05Z,
152.59.171.110,ipv4,malicious-ip,medium,WHITE,ziyadnz/hourly-ipv4,ziyadnz|hourly,2026-08-17T18:48:05Z,2026-08-17T18:48:05Z,
152.59.179.196,ipv4,malicious-ip,medium,WHITE,ziyadnz/hourly-ipv4,ziyadnz|hourly,2026-08-17T18:48:05Z,2026-08-17T18:48:05Z,
152.59.183.192,ipv4,malicious-ip,medium,WHITE,ziyadnz/hourly-ipv4,ziyadnz|hourly,2026-08-17T18:48:05Z,2026-08-17T18:48:05Z,
152.59.183.226,ipv4,malicious-ip,medium,WHITE,ziyadnz/hourly-ipv4,ziyadnz|hourly,2026-08-17T18:48:05Z,2026-08-17T18:48:05Z,
152.59.185.234,ipv4,malicious-ip,medium,WHITE,ziyadnz/hourly-ipv4,ziyadnz|hourly,2026-08-17T18:48:05Z,2026-08-17T18:48:05Z,
152.59.186.148,ipv4,malicious-ip,medium,WHITE,ziyadnz/hourly-ipv4,ziyadnz|hourly,2026-08-17T18:48:05Z,2026-08-17T18:48:05Z,
152.59.190.118,ipv4,malicious-ip,medium,WHITE,ziyadnz/hourly-ipv4,ziyadnz|hourly,2026-08-17T18:48:05Z,2026-08-17T18:48:05Z,
152.59.191.55,ipv4,malicious-ip,medium,WHITE,ziyadnz/hourly-ipv4,ziyadnz|hourly,2026-08-17T18:48:05Z,2026-08-17T18:48:05Z,
152.59.200.211,ipv4,malicious-ip,medium,WHITE,ziyadnz/hourly-ipv4,ziyadnz|hourly,2026-08-17T18:48:05Z,2026-08-17T18:48:05Z,
152.59.201.174,ipv4,malicious-ip,medium,WHITE,ziyadnz/hourly-ipv4,ziyadnz|hourly,2026-08-17T18:48:05Z,2026-08-17T18:48:05Z,
152.59.201.194,ipv4,malicious-ip,medium,WHITE,ziyadnz/hourly-ipv4,ziyadnz|hourly,2026-08-17T18:48:05Z,2026-08-17T18:48:05Z,
152.59.204.241,ipv4,malicious-ip,medium,WHITE,ziyadnz/hourly-ipv4,ziyadnz|hourly,2026-08-17T18:48:05Z,2026-08-17T18:48:05Z,
152.59.205.24,ipv4,malicious-ip,medium,WHITE,ziyadnz/hourly-ipv4,ziyadnz|hourly,2026-08-17T18:48:05Z,2026-08-17T18:48:05Z,
152.59.25.158,ipv4,malicious-ip,medium,WHITE,ziyadnz/hourly-ipv4,ziyadnz|hourly,2026-08-17T18:48:05Z,2026-08-17T18:48:05Z,
152.59.25.93,ipv4,malicious-ip,medium,WHITE,ziyadnz/hourly-ipv4,ziyadnz|hourly,2026-08-17T18:48:05Z,2026-08-17T18:48:05Z,
152.59.29.7,ipv4,malicious-ip,medium,WHITE,ziyadnz/hourly-ipv4,ziyadnz|hourly,2026-08-17T18:48:05Z,2026-08-17T18:48:05Z,
152.59.34.183,ipv4,malicious-ip,medium,WHITE,ziyadnz/hourly-ipv4,ziyadnz|hourly,2026-08-17T18:48:05Z,2026-08-17T18:48:05Z,
152.59.40.172,ipv4,malicious-ip,medium,WHITE,ziyadnz/hourly-ipv4,ziyadnz|hourly,2026-08-17T18:48:05Z,2026-08-17T18:48:05Z,
152.59.45.128,ipv4,malicious-ip,medium,WHITE,ziyadnz/hourly-ipv4,ziyadnz|hourly,2026-08-17T18:48:05Z,2026-08-17T18:48:05Z,
152.59.50.133,ipv4,malicious-ip,medium,WHITE,ziyadnz/hourly-ipv4,ziyadnz|hourly,2026-08-17T18:48:05Z,2026-08-17T18:48:05Z,
152.59.51.72,ipv4,malicious-ip,medium,WHITE,ziyadnz/hourly-ipv4,ziyadnz|hourly,2026-08-17T18:48:05Z,2026-08-17T18:48:05Z,
152.59.53.140,ipv4,malicious-ip,medium,WHITE,ziyadnz/hourly-ipv4,ziyadnz|hourly,2026-08-17T18:48:05Z,2026-08-17T18:48:05Z,
152.59.55.181,ipv4,malicious-ip,medium,WHITE,ziyadnz/hourly-ipv4,ziyadnz|hourly,2026-08-17T18:48:05Z,2026-08-17T18:48:05Z,
152.59.84.192,ipv4,malicious-ip,medium,WHITE,ziyadnz/hourly-ipv4,ziyadnz|hourly,2026-08-17T18:48:05Z,2026-08-17T18:48:05Z,
152.59.84.228,ipv4,malicious-ip,medium,WHITE,ziyadnz/hourly-ipv4,ziyadnz|hourly,2026-08-17T18:48:05Z,2026-08-17T18:48:05Z,
152.59.88.23,ipv4,malicious-ip,medium,WHITE,ziyadnz/hourly-ipv4,ziyadnz|hourly,2026-08-17T18:48:05Z,2026-08-17T18:48:05Z,
152.67.46.203,ipv4,malicious-ip,medium,WHITE,ziyadnz/hourly-ipv4,ziyadnz|hourly,2026-08-17T18:48:05Z,2026-08-17T18:48:05Z,
152.67.93.207,ipv4,malicious-ip,medium,WHITE,ziyadnz/hourly-ipv4,ziyadnz|hourly,2026-08-17T18:48:05Z,2026-08-17T18:48:05Z,
152.70.154.201,ipv4,malicious-ip,medium,WHITE,ziyadnz/hourly-ipv4,ziyadnz|hourly,2026-08-17T18:48:05Z,2026-08-17T18:48:05Z,
152.70.157.25,ipv4,malicious-ip,medium,WHITE,ziyadnz/hourly-ipv4,ziyadnz|hourly,2026-08-17T18:48:05Z,2026-08-17T18:48:05Z,
152.70.18.38,ipv4,malicious-ip,medium,WHITE,ziyadnz/hourly-ipv4,ziyadnz|hourly,2026-08-17T18:48:05Z,2026-08-17T18:48:05Z,
152.70.89.135,ipv4,malicious-ip,medium,WHITE,ziyadnz/hourly-ipv4,ziyadnz|hourly,2026-08-17T18:48:05Z,2026-08-17T18:48:05Z,
152.70.92.33,ipv4,malicious-ip,medium,WHITE,ziyadnz/hourly-ipv4,ziyadnz|hourly,2026-08-17T18:48:05Z,2026-08-17T18:48:05Z,
152.74.74.211,ipv4,malicious-ip,medium,WHITE,ziyadnz/hourly-ipv4,ziyadnz|hourly,2026-08-17T18:48:05Z,2026-08-17T18:48:05Z,
152.89.133.128,ipv4,malicious-ip,medium,WHITE,ziyadnz/hourly-ipv4,ziyadnz|hourly,2026-08-17T18:48:05Z,2026-08-17T18:48:05Z,
152.89.168.16,ipv4,malicious-ip,medium,WHITE,ziyadnz/hourly-ipv4,ziyadnz|hourly,2026-08-17T18:48:05Z,2026-08-17T18:48:05Z,
152.89.168.29,ipv4,malicious-ip,medium,WHITE,ziyadnz/hourly-ipv4,ziyadnz|hourly,2026-08-17T18:48:05Z,2026-08-17T18:48:05Z,
152.89.170.149,ipv4,malicious-ip,medium,WHITE,ziyadnz/hourly-ipv4,ziyadnz|hourly,2026-08-17T18:48:05Z,2026-08-17T18:48:05Z,
152.89.170.227,ipv4,malicious-ip,medium,WHITE,ziyadnz/hourly-ipv4,ziyadnz|hourly,2026-08-17T18:48:05Z,2026-08-17T18:48:05Z,
152.89.198.113,ipv4,malicious-ip,medium,WHITE,ziyadnz/hourly-ipv4,ziyadnz|hourly,2026-08-17T18:48:05Z,2026-08-17T18:48:05Z,
152.89.198.214,ipv4,malicious-ip,medium,WHITE,ziyadnz/hourly-ipv4,ziyadnz|hourly,2026-08-17T18:48:05Z,2026-08-17T18:48:05Z,
152.89.198.73,ipv4,malicious-ip,medium,WHITE,ziyadnz/hourly-ipv4,ziyadnz|hourly,2026-08-17T18:48:05Z,2026-08-17T18:48:05Z,
152.89.198.77,ipv4,malicious-ip,medium,WHITE,ziyadnz/hourly-ipv4,ziyadnz|hourly,2026-08-17T18:48:05Z,2026-08-17T18:48:05Z,
152.89.218.171,ipv4,malicious-ip,medium,WHITE,ziyadnz/hourly-ipv4,ziyadnz|hourly,2026-08-17T18:48:05Z,2026-08-17T18:48:05Z,
152.89.218.27,ipv4,malicious-ip,medium,WHITE,ziyadnz/hourly-ipv4,ziyadnz|hourly,2026-08-17T18:48:05Z,2026-08-17T18:48:05Z,
153.0.158.120,ipv4,malicious-ip,medium,WHITE,ziyadnz/hourly-ipv4,ziyadnz|hourly,2026-08-17T18:48:05Z,2026-08-17T18:48:05Z,
153.0.195.252,ipv4,malicious-ip,medium,WHITE,ziyadnz/hourly-ipv4,ziyadnz|hourly,2026-08-17T18:48:05Z,2026-08-17T18:48:05Z,
153.0.51.41,ipv4,malicious-ip,medium,WHITE,ziyadnz/hourly-ipv4,ziyadnz|hourly,2026-08-17T18:48:05Z,2026-08-17T18:48:05Z,
153.0.86.227,ipv4,malicious-ip,medium,WHITE,ziyadnz/hourly-ipv4,ziyadnz|hourly,2026-08-17T18:48:05Z,2026-08-17T18:48:05Z,
153.101.132.65,ipv4,malicious-ip,medium,WHITE,ziyadnz/hourly-ipv4,ziyadnz|hourly,2026-08-17T18:48:05Z,2026-08-17T18:48:05Z,
153.117.1.0,ipv4,malicious-ip,medium,WHITE,ziyadnz/hourly-ipv4,ziyadnz|hourly,2026-08-17T18:48:05Z,2026-08-17T18:48:05Z,
153.117.1.172,ipv4,malicious-ip,medium,WHITE,ziyadnz/hourly-ipv4,ziyadnz|hourly,2026-08-17T18:48:05Z,2026-08-17T18:48:05Z,
153.117.1.178,ipv4,malicious-ip,medium,WHITE,ziyadnz/hourly-ipv4,ziyadnz|hourly,2026-08-17T18:48:05Z,2026-08-17T18:48:05Z,
153.117.1.181,ipv4,malicious-ip,medium,WHITE,ziyadnz/hourly-ipv4,ziyadnz|hourly,2026-08-17T18:48:05Z,2026-08-17T18:48:05Z,
153.117.1.184,ipv4,malicious-ip,medium,WHITE,ziyadnz/hourly-ipv4,ziyadnz|hourly,2026-08-17T18:48:05Z,2026-08-17T18:48:05Z,
153.117.1.200,ipv4,malicious-ip,medium,WHITE,ziyadnz/hourly-ipv4,ziyadnz|hourly,2026-08-17T18:48:05Z,2026-08-17T18:48:05Z,
153.117.1.212,ipv4,malicious-ip,medium,WHITE,ziyadnz/hourly-ipv4,ziyadnz|hourly,2026-08-17T18:48:05Z,2026-08-17T18:48:05Z,
153.117.1.218,ipv4,malicious-ip,medium,WHITE,ziyadnz/hourly-ipv4,ziyadnz|hourly,2026-08-17T18:48:05Z,2026-08-17T18:48:05Z,
153.117.1.33,ipv4,malicious-ip,medium,WHITE,ziyadnz/hourly-ipv4,ziyadnz|hourly,2026-08-17T18:48:05Z,2026-08-17T18:48:05Z,
153.117.121.39,ipv4,malicious-ip,medium,WHITE,ziyadnz/hourly-ipv4,ziyadnz|hourly,2026-08-17T18:48:05Z,2026-08-17T18:48:05Z,
153.117.122.34,ipv4,malicious-ip,medium,WHITE,ziyadnz/hourly-ipv4,ziyadnz|hourly,2026-08-17T18:48:05Z,2026-08-17T18:48:05Z,
153.117.124.58,ipv4,malicious-ip,medium,WHITE,ziyadnz/hourly-ipv4,ziyadnz|hourly,2026-08-17T18:48:05Z,2026-08-17T18:48:05Z,
153.117.127.145,ipv4,malicious-ip,medium,WHITE,ziyadnz/hourly-ipv4,ziyadnz|hourly,2026-08-17T18:48:05Z,2026-08-17T18:48:05Z,
153.117.127.225,ipv4,malicious-ip,medium,WHITE,ziyadnz/hourly-ipv4,ziyadnz|hourly,2026-08-17T18:48:05Z,2026-08-17T18:48:05Z,
153.117.13.0,ipv4,malicious-ip,medium,WHITE,ziyadnz/hourly-ipv4,ziyadnz|hourly,2026-08-17T18:48:05Z,2026-08-17T18:48:05Z,
153.117.13.100,ipv4,malicious-ip,medium,WHITE,ziyadnz/hourly-ipv4,ziyadnz|hourly,2026-08-17T18:48:05Z,2026-08-17T18:48:05Z,
153.117.13.102,ipv4,malicious-ip,medium,WHITE,ziyadnz/hourly-ipv4,ziyadnz|hourly,2026-08-17T18:48:05Z,2026-08-17T18:48:05Z,
153.117.13.106,ipv4,malicious-ip,medium,WHITE,ziyadnz/hourly-ipv4,ziyadnz|hourly,2026-08-17T18:48:05Z,2026-08-17T18:48:05Z,
153.117.13.107,ipv4,malicious-ip,medium,WHITE,ziyadnz/hourly-ipv4,ziyadnz|hourly,2026-08-17T18:48:05Z,2026-08-17T18:48:05Z,
153.117.13.113,ipv4,malicious-ip,medium,WHITE,ziyadnz/hourly-ipv4,ziyadnz|hourly,2026-08-17T18:48:05Z,2026-08-17T18:48:05Z,
153.117.13.119,ipv4,malicious-ip,medium,WHITE,ziyadnz/hourly-ipv4,ziyadnz|hourly,2026-08-17T18:48:05Z,2026-08-17T18:48:05Z,
153.117.13.138,ipv4,malicious-ip,medium,WHITE,ziyadnz/hourly-ipv4,ziyadnz|hourly,2026-08-17T18:48:05Z,2026-08-17T18:48:05Z,
153.117.13.143,ipv4,malicious-ip,medium,WHITE,ziyadnz/hourly-ipv4,ziyadnz|hourly,2026-08-17T18:48:05Z,2026-08-17T18:48:05Z,
153.117.13.15,ipv4,malicious-ip,medium,WHITE,ziyadnz/hourly-ipv4,ziyadnz|hourly,2026-08-17T18:48:05Z,2026-08-17T18:48:05Z,
153.117.13.161,ipv4,malicious-ip,medium,WHITE,ziyadnz/hourly-ipv4,ziyadnz|hourly,2026-08-17T18:48:05Z,2026-08-17T18:48:05Z,
153.117.13.193,ipv4,malicious-ip,medium,WHITE,ziyadnz/hourly-ipv4,ziyadnz|hourly,2026-08-17T18:48:05Z,2026-08-17T18:48:05Z,
153.117.13.231,ipv4,malicious-ip,medium,WHITE,ziyadnz/hourly-ipv4,ziyadnz|hourly,2026-08-17T18:48:05Z,2026-08-17T18:48:05Z,
153.117.13.234,ipv4,malicious-ip,medium,WHITE,ziyadnz/hourly-ipv4,ziyadnz|hourly,2026-08-17T18:48:05Z,2026-08-17T18:48:05Z,
153.117.13.236,ipv4,malicious-ip,medium,WHITE,ziyadnz/hourly-ipv4,ziyadnz|hourly,2026-08-17T18:48:05Z,2026-08-17T18:48:05Z,
153.117.13.244,ipv4,malicious-ip,medium,WHITE,ziyadnz/hourly-ipv4,ziyadnz|hourly,2026-08-17T18:48:05Z,2026-08-17T18:48:05Z,
153.117.13.245,ipv4,malicious-ip,medium,WHITE,ziyadnz/hourly-ipv4,ziyadnz|hourly,2026-08-17T18:48:05Z,2026-08-17T18:48:05Z,
153.117.13.253,ipv4,malicious-ip,medium,WHITE,ziyadnz/hourly-ipv4,ziyadnz|hourly,2026-08-17T18:48:05Z,2026-08-17T18:48:05Z,
153.117.13.31,ipv4,malicious-ip,medium,WHITE,ziyadnz/hourly-ipv4,ziyadnz|hourly,2026-08-17T18:48:05Z,2026-08-17T18:48:05Z,
153.117.13.49,ipv4,malicious-ip,medium,WHITE,ziyadnz/hourly-ipv4,ziyadnz|hourly,2026-08-17T18:48:05Z,2026-08-17T18:48:05Z,
153.117.13.56,ipv4,malicious-ip,medium,WHITE,ziyadnz/hourly-ipv4,ziyadnz|hourly,2026-08-17T18:48:05Z,2026-08-17T18:48:05Z,
153.117.13.66,ipv4,malicious-ip,medium,WHITE,ziyadnz/hourly-ipv4,ziyadnz|hourly,2026-08-17T18:48:05Z,2026-08-17T18:48:05Z,
153.117.13.72,ipv4,malicious-ip,medium,WHITE,ziyadnz/hourly-ipv4,ziyadnz|hourly,2026-08-17T18:48:05Z,2026-08-17T18:48:05Z,
153.117.13.78,ipv4,malicious-ip,medium,WHITE,ziyadnz/hourly-ipv4,ziyadnz|hourly,2026-08-17T18:48:05Z,2026-08-17T18:48:05Z,
153.117.13.85,ipv4,malicious-ip,medium,WHITE,ziyadnz/hourly-ipv4,ziyadnz|hourly,2026-08-17T18:48:05Z,2026-08-17T18:48:05Z,
153.117.13.96,ipv4,malicious-ip,medium,WHITE,ziyadnz/hourly-ipv4,ziyadnz|hourly,2026-08-17T18:48:05Z,2026-08-17T18:48:05Z,
153.117.13.97,ipv4,malicious-ip,medium,WHITE,ziyadnz/hourly-ipv4,ziyadnz|hourly,2026-08-17T18:48:05Z,2026-08-17T18:48:05Z,
153.117.14.107,ipv4,malicious-ip,medium,WHITE,ziyadnz/hourly-ipv4,ziyadnz|hourly,2026-08-17T18:48:05Z,2026-08-17T18:48:05Z,
153.117.14.27,ipv4,malicious-ip,medium,WHITE,ziyadnz/hourly-ipv4,ziyadnz|hourly,2026-08-17T18:48:05Z,2026-08-17T18:48:05Z,
153.117.14.34,ipv4,malicious-ip,medium,WHITE,ziyadnz/hourly-ipv4,ziyadnz|hourly,2026-08-17T18:48:05Z,2026-08-17T18:48:05Z,
153.117.14.75,ipv4,malicious-ip,medium,WHITE,ziyadnz/hourly-ipv4,ziyadnz|hourly,2026-08-17T18:48:05Z,2026-08-17T18:48:05Z,
153.117.15.110,ipv4,malicious-ip,medium,WHITE,ziyadnz/hourly-ipv4,ziyadnz|hourly,2026-08-17T18:48:05Z,2026-08-17T18:48:05Z,
153.117.15.166,ipv4,malicious-ip,medium,WHITE,ziyadnz/hourly-ipv4,ziyadnz|hourly,2026-08-17T18:48:05Z,2026-08-17T18:48:05Z,
153.117.15.225,ipv4,malicious-ip,medium,WHITE,ziyadnz/hourly-ipv4,ziyadnz|hourly,2026-08-17T18:48:05Z,2026-08-17T18:48:05Z,
153.117.15.247,ipv4,malicious-ip,medium,WHITE,ziyadnz/hourly-ipv4,ziyadnz|hourly,2026-08-17T18:48:05Z,2026-08-17T18:48:05Z,
153.117.16.148,ipv4,malicious-ip,medium,WHITE,ziyadnz/hourly-ipv4,ziyadnz|hourly,2026-08-17T18:48:05Z,2026-08-17T18:48:05Z,
153.117.18.210,ipv4,malicious-ip,medium,WHITE,ziyadnz/hourly-ipv4,ziyadnz|hourly,2026-08-17T18:48:05Z,2026-08-17T18:48:05Z,
153.117.20.8,ipv4,malicious-ip,medium,WHITE,ziyadnz/hourly-ipv4,ziyadnz|hourly,2026-08-17T18:48:05Z,2026-08-17T18:48:05Z,
153.117.26.192,ipv4,malicious-ip,medium,WHITE,ziyadnz/hourly-ipv4,ziyadnz|hourly,2026-08-17T18:48:05Z,2026-08-17T18:48:05Z,
153.117.27.124,ipv4,malicious-ip,medium,WHITE,ziyadnz/hourly-ipv4,ziyadnz|hourly,2026-08-17T18:48:05Z,2026-08-17T18:48:05Z,
153.117.27.208,ipv4,malicious-ip,medium,WHITE,ziyadnz/hourly-ipv4,ziyadnz|hourly,2026-08-17T18:48:05Z,2026-08-17T18:48:05Z,
153.117.28.130,ipv4,malicious-ip,medium,WHITE,ziyadnz/hourly-ipv4,ziyadnz|hourly,2026-08-17T18:48:05Z,2026-08-17T18:48:05Z,
153.117.28.152,ipv4,malicious-ip,medium,WHITE,ziyadnz/hourly-ipv4,ziyadnz|hourly,2026-08-17T18:48:05Z,2026-08-17T18:48:05Z,
153.117.28.166,ipv4,malicious-ip,medium,WHITE,ziyadnz/hourly-ipv4,ziyadnz|hourly,2026-08-17T18:48:05Z,2026-08-17T18:48:05Z,
153.117.28.170,ipv4,malicious-ip,medium,WHITE,ziyadnz/hourly-ipv4,ziyadnz|hourly,2026-08-17T18:48:05Z,2026-08-17T18:48:05Z,
153.117.29.27,ipv4,malicious-ip,medium,WHITE,ziyadnz/hourly-ipv4,ziyadnz|hourly,2026-08-17T18:48:05Z,2026-08-17T18:48:05Z,
153.117.32.0,ipv4,malicious-ip,medium,WHITE,ziyadnz/hourly-ipv4,ziyadnz|hourly,2026-08-17T18:48:05Z,2026-08-17T18:48:05Z,
153.117.32.105,ipv4,malicious-ip,medium,WHITE,ziyadnz/hourly-ipv4,ziyadnz|hourly,2026-08-17T18:48:05Z,2026-08-17T18:48:05Z,
153.117.32.122,ipv4,malicious-ip,medium,WHITE,ziyadnz/hourly-ipv4,ziyadnz|hourly,2026-08-17T18:48:05Z,2026-08-17T18:48:05Z,
153.117.32.130,ipv4,malicious-ip,medium,WHITE,ziyadnz/hourly-ipv4,ziyadnz|hourly,2026-08-17T18:48:05Z,2026-08-17T18:48:05Z,
153.117.32.204,ipv4,malicious-ip,medium,WHITE,ziyadnz/hourly-ipv4,ziyadnz|hourly,2026-08-17T18:48:05Z,2026-08-17T18:48:05Z,
153.117.32.21,ipv4,malicious-ip,medium,WHITE,ziyadnz/hourly-ipv4,ziyadnz|hourly,2026-08-17T18:48:05Z,2026-08-17T18:48:05Z,
153.117.32.215,ipv4,malicious-ip,medium,WHITE,ziyadnz/hourly-ipv4,ziyadnz|hourly,2026-08-17T18:48:05Z,2026-08-17T18:48:05Z,
153.117.32.238,ipv4,malicious-ip,medium,WHITE,ziyadnz/hourly-ipv4,ziyadnz|hourly,2026-08-17T18:48:05Z,2026-08-17T18:48:05Z,
153.117.32.248,ipv4,malicious-ip,medium,WHITE,ziyadnz/hourly-ipv4,ziyadnz|hourly,2026-08-17T18:48:05Z,2026-08-17T18:48:05Z,
153.117.32.79,ipv4,malicious-ip,medium,WHITE,ziyadnz/hourly-ipv4,ziyadnz|hourly,2026-08-17T18:48:05Z,2026-08-17T18:48:05Z,
153.117.33.0,ipv4,malicious-ip,medium,WHITE,ziyadnz/hourly-ipv4,ziyadnz|hourly,2026-08-17T18:48:05Z,2026-08-17T18:48:05Z,
153.117.33.125,ipv4,malicious-ip,medium,WHITE,ziyadnz/hourly-ipv4,ziyadnz|hourly,2026-08-17T18:48:05Z,2026-08-17T18:48:05Z,
153.117.33.152,ipv4,malicious-ip,medium,WHITE,ziyadnz/hourly-ipv4,ziyadnz|hourly,2026-08-17T18:48:05Z,2026-08-17T18:48:05Z,
153.117.33.154,ipv4,malicious-ip,medium,WHITE,ziyadnz/hourly-ipv4,ziyadnz|hourly,2026-08-17T18:48:05Z,2026-08-17T18:48:05Z,
153.117.33.155,ipv4,malicious-ip,medium,WHITE,ziyadnz/hourly-ipv4,ziyadnz|hourly,2026-08-17T18:48:05Z,2026-08-17T18:48:05Z,
153.117.33.156,ipv4,malicious-ip,medium,WHITE,ziyadnz/hourly-ipv4,ziyadnz|hourly,2026-08-17T18:48:05Z,2026-08-17T18:48:05Z,
153.117.33.157,ipv4,malicious-ip,medium,WHITE,ziyadnz/hourly-ipv4,ziyadnz|hourly,2026-08-17T18:48:05Z,2026-08-17T18:48:05Z,
153.117.33.173,ipv4,malicious-ip,medium,WHITE,ziyadnz/hourly-ipv4,ziyadnz|hourly,2026-08-17T18:48:05Z,2026-08-17T18:48:05Z,
153.117.33.176,ipv4,malicious-ip,medium,WHITE,ziyadnz/hourly-ipv4,ziyadnz|hourly,2026-08-17T18:48:05Z,2026-08-17T18:48:05Z,
153.117.33.35,ipv4,malicious-ip,medium,WHITE,ziyadnz/hourly-ipv4,ziyadnz|hourly,2026-08-17T18:48:05Z,2026-08-17T18:48:05Z,
153.117.33.8,ipv4,malicious-ip,medium,WHITE,ziyadnz/hourly-ipv4,ziyadnz|hourly,2026-08-17T18:48:05Z,2026-08-17T18:48:05Z,
153.117.34.0,ipv4,malicious-ip,medium,WHITE,ziyadnz/hourly-ipv4,ziyadnz|hourly,2026-08-17T18:48:05Z,2026-08-17T18:48:05Z,
153.117.34.124,ipv4,malicious-ip,medium,WHITE,ziyadnz/hourly-ipv4,ziyadnz|hourly,2026-08-17T18:48:05Z,2026-08-17T18:48:05Z,
153.117.34.138,ipv4,malicious-ip,medium,WHITE,ziyadnz/hourly-ipv4,ziyadnz|hourly,2026-08-17T18:48:05Z,2026-08-17T18:48:05Z,
153.117.34.150,ipv4,malicious-ip,medium,WHITE,ziyadnz/hourly-ipv4,ziyadnz|hourly,2026-08-17T18:48:05Z,2026-08-17T18:48:05Z,
153.117.34.151,ipv4,malicious-ip,medium,WHITE,ziyadnz/hourly-ipv4,ziyadnz|hourly,2026-08-17T18:48:05Z,2026-08-17T18:48:05Z,
153.117.34.152,ipv4,malicious-ip,medium,WHITE,ziyadnz/hourly-ipv4,ziyadnz|hourly,2026-08-17T18:48:05Z,2026-08-17T18:48:05Z,
153.117.34.153,ipv4,malicious-ip,medium,WHITE,ziyadnz/hourly-ipv4,ziyadnz|hourly,2026-08-17T18:48:05Z,2026-08-17T18:48:05Z,
153.117.34.155,ipv4,malicious-ip,medium,WHITE,ziyadnz/hourly-ipv4,ziyadnz|hourly,2026-08-17T18:48:05Z,2026-08-17T18:48:05Z,
153.117.34.166,ipv4,malicious-ip,medium,WHITE,ziyadnz/hourly-ipv4,ziyadnz|hourly,2026-08-17T18:48:05Z,2026-08-17T18:48:05Z,
153.117.34.170,ipv4,malicious-ip,medium,WHITE,ziyadnz/hourly-ipv4,ziyadnz|hourly,2026-08-17T18:48:05Z,2026-08-17T18:48:05Z,
153.117.34.172,ipv4,malicious-ip,medium,WHITE,ziyadnz/hourly-ipv4,ziyadnz|hourly,2026-08-17T18:48:05Z,2026-08-17T18:48:05Z,
153.117.34.174,ipv4,malicious-ip,medium,WHITE,ziyadnz/hourly-ipv4,ziyadnz|hourly,2026-08-17T18:48:05Z,2026-08-17T18:48:05Z,
153.117.34.176,ipv4,malicious-ip,medium,WHITE,ziyadnz/hourly-ipv4,ziyadnz|hourly,2026-08-17T18:48:05Z,2026-08-17T18:48:05Z,
153.117.34.231,ipv4,malicious-ip,medium,WHITE,ziyadnz/hourly-ipv4,ziyadnz|hourly,2026-08-17T18:48:05Z,2026-08-17T18:48:05Z,
153.117.34.237,ipv4,malicious-ip,medium,WHITE,ziyadnz/hourly-ipv4,ziyadnz|hourly,2026-08-17T18:48:05Z,2026-08-17T18:48:05Z,
153.117.36.129,ipv4,malicious-ip,medium,WHITE,ziyadnz/hourly-ipv4,ziyadnz|hourly,2026-08-17T18:48:05Z,2026-08-17T18:48:05Z,
153.117.36.21,ipv4,malicious-ip,medium,WHITE,ziyadnz/hourly-ipv4,ziyadnz|hourly,2026-08-17T18:48:05Z,2026-08-17T18:48:05Z,
153.117.37.130,ipv4,malicious-ip,medium,WHITE,ziyadnz/hourly-ipv4,ziyadnz|hourly,2026-08-17T18:48:05Z,2026-08-17T18:48:05Z,
153.117.37.162,ipv4,malicious-ip,medium,WHITE,ziyadnz/hourly-ipv4,ziyadnz|hourly,2026-08-17T18:48:05Z,2026-08-17T18:48:05Z,
153.117.37.169,ipv4,malicious-ip,medium,WHITE,ziyadnz/hourly-ipv4,ziyadnz|hourly,2026-08-17T18:48:05Z,2026-08-17T18:48:05Z,
153.117.37.229,ipv4,malicious-ip,medium,WHITE,ziyadnz/hourly-ipv4,ziyadnz|hourly,2026-08-17T18:48:05Z,2026-08-17T18:48:05Z,
153.117.38.124,ipv4,malicious-ip,medium,WHITE,ziyadnz/hourly-ipv4,ziyadnz|hourly,2026-08-17T18:48:05Z,2026-08-17T18:48:05Z,
153.117.40.134,ipv4,malicious-ip,medium,WHITE,ziyadnz/hourly-ipv4,ziyadnz|hourly,2026-08-17T18:48:05Z,2026-08-17T18:48:05Z,
153.117.40.215,ipv4,malicious-ip,medium,WHITE,ziyadnz/hourly-ipv4,ziyadnz|hourly,2026-08-17T18:48:05Z,2026-08-17T18:48:05Z,
153.117.40.233,ipv4,malicious-ip,medium,WHITE,ziyadnz/hourly-ipv4,ziyadnz|hourly,2026-08-17T18:48:05Z,2026-08-17T18:48:05Z,
153.117.40.238,ipv4,malicious-ip,medium,WHITE,ziyadnz/hourly-ipv4,ziyadnz|hourly,2026-08-17T18:48:05Z,2026-08-17T18:48:05Z,
153.117.40.51,ipv4,malicious-ip,medium,WHITE,ziyadnz/hourly-ipv4,ziyadnz|hourly,2026-08-17T18:48:05Z,2026-08-17T18:48:05Z,
153.117.40.82,ipv4,malicious-ip,medium,WHITE,ziyadnz/hourly-ipv4,ziyadnz|hourly,2026-08-17T18:48:05Z,2026-08-17T18:48:05Z,
153.117.41.168,ipv4,malicious-ip,medium,WHITE,ziyadnz/hourly-ipv4,ziyadnz|hourly,2026-08-17T18:48:05Z,2026-08-17T18:48:05Z,
153.117.41.213,ipv4,malicious-ip,medium,WHITE,ziyadnz/hourly-ipv4,ziyadnz|hourly,2026-08-17T18:48:05Z,2026-08-17T18:48:05Z,
153.117.41.64,ipv4,malicious-ip,medium,WHITE,ziyadnz/hourly-ipv4,ziyadnz|hourly,2026-08-17T18:48:05Z,2026-08-17T18:48:05Z,
153.117.41.88,ipv4,malicious-ip,medium,WHITE,ziyadnz/hourly-ipv4,ziyadnz|hourly,2026-08-17T18:48:05Z,2026-08-17T18:48:05Z,
153.117.44.182,ipv4,malicious-ip,medium,WHITE,ziyadnz/hourly-ipv4,ziyadnz|hourly,2026-08-17T18:48:05Z,2026-08-17T18:48:05Z,
153.117.44.252,ipv4,malicious-ip,medium,WHITE,ziyadnz/hourly-ipv4,ziyadnz|hourly,2026-08-17T18:48:05Z,2026-08-17T18:48:05Z,
153.117.44.27,ipv4,malicious-ip,medium,WHITE,ziyadnz/hourly-ipv4,ziyadnz|hourly,2026-08-17T18:48:05Z,2026-08-17T18:48:05Z,
153.117.50.116,ipv4,malicious-ip,medium,WHITE,ziyadnz/hourly-ipv4,ziyadnz|hourly,2026-08-17T18:48:05Z,2026-08-17T18:48:05Z,
153.117.50.133,ipv4,malicious-ip,medium,WHITE,ziyadnz/hourly-ipv4,ziyadnz|hourly,2026-08-17T18:48:05Z,2026-08-17T18:48:05Z,
153.117.50.167,ipv4,malicious-ip,medium,WHITE,ziyadnz/hourly-ipv4,ziyadnz|hourly,2026-08-17T18:48:05Z,2026-08-17T18:48:05Z,
153.117.50.209,ipv4,malicious-ip,medium,WHITE,ziyadnz/hourly-ipv4,ziyadnz|hourly,2026-08-17T18:48:05Z,2026-08-17T18:48:05Z,
153.117.50.52,ipv4,malicious-ip,medium,WHITE,ziyadnz/hourly-ipv4,ziyadnz|hourly,2026-08-17T18:48:05Z,2026-08-17T18:48:05Z,
153.117.50.77,ipv4,malicious-ip,medium,WHITE,ziyadnz/hourly-ipv4,ziyadnz|hourly,2026-08-17T18:48:05Z,2026-08-17T18:48:05Z,
153.117.55.3,ipv4,malicious-ip,medium,WHITE,ziyadnz/hourly-ipv4,ziyadnz|hourly,2026-08-17T18:48:05Z,2026-08-17T18:48:05Z,
153.117.55.4,ipv4,malicious-ip,medium,WHITE,ziyadnz/hourly-ipv4,ziyadnz|hourly,2026-08-17T18:48:05Z,2026-08-17T18:48:05Z,
153.117.7.48,ipv4,malicious-ip,medium,WHITE,ziyadnz/hourly-ipv4,ziyadnz|hourly,2026-08-17T18:48:05Z,2026-08-17T18:48:05Z,
153.117.7.56,ipv4,malicious-ip,medium,WHITE,ziyadnz/hourly-ipv4,ziyadnz|hourly,2026-08-17T18:48:05Z,2026-08-17T18:48:05Z,
153.117.7.6,ipv4,malicious-ip,medium,WHITE,ziyadnz/hourly-ipv4,ziyadnz|hourly,2026-08-17T18:48:05Z,2026-08-17T18:48:05Z,
153.117.8.0,ipv4,malicious-ip,medium,WHITE,ziyadnz/hourly-ipv4,ziyadnz|hourly,2026-08-17T18:48:05Z,2026-08-17T18:48:05Z,
153.117.8.143,ipv4,malicious-ip,medium,WHITE,ziyadnz/hourly-ipv4,ziyadnz|hourly,2026-08-17T18:48:05Z,2026-08-17T18:48:05Z,
153.117.8.160,ipv4,malicious-ip,medium,WHITE,ziyadnz/hourly-ipv4,ziyadnz|hourly,2026-08-17T18:48:05Z,2026-08-17T18:48:05Z,
153.117.8.161,ipv4,malicious-ip,medium,WHITE,ziyadnz/hourly-ipv4,ziyadnz|hourly,2026-08-17T18:48:05Z,2026-08-17T18:48:05Z,
153.117.8.173,ipv4,malicious-ip,medium,WHITE,ziyadnz/hourly-ipv4,ziyadnz|hourly,2026-08-17T18:48:05Z,2026-08-17T18:48:05Z,
153.117.8.222,ipv4,malicious-ip,medium,WHITE,ziyadnz/hourly-ipv4,ziyadnz|hourly,2026-08-17T18:48:05Z,2026-08-17T18:48:05Z,
153.117.8.231,ipv4,malicious-ip,medium,WHITE,ziyadnz/hourly-ipv4,ziyadnz|hourly,2026-08-17T18:48:05Z,2026-08-17T18:48:05Z,
153.117.8.81,ipv4,malicious-ip,medium,WHITE,ziyadnz/hourly-ipv4,ziyadnz|hourly,2026-08-17T18:48:05Z,2026-08-17T18:48:05Z,
153.117.9.0,ipv4,malicious-ip,medium,WHITE,ziyadnz/hourly-ipv4,ziyadnz|hourly,2026-08-17T18:48:05Z,2026-08-17T18:48:05Z,
153.117.9.191,ipv4,malicious-ip,medium,WHITE,ziyadnz/hourly-ipv4,ziyadnz|hourly,2026-08-17T18:48:05Z,2026-08-17T18:48:05Z,
153.117.9.209,ipv4,malicious-ip,medium,WHITE,ziyadnz/hourly-ipv4,ziyadnz|hourly,2026-08-17T18:48:05Z,2026-08-17T18:48:05Z,
153.117.9.3,ipv4,malicious-ip,medium,WHITE,ziyadnz/hourly-ipv4,ziyadnz|hourly,2026-08-17T18:48:05Z,2026-08-17T18:48:05Z,
153.117.9.53,ipv4,malicious-ip,medium,WHITE,ziyadnz/hourly-ipv4,ziyadnz|hourly,2026-08-17T18:48:05Z,2026-08-17T18:48:05Z,
153.117.9.62,ipv4,malicious-ip,medium,WHITE,ziyadnz/hourly-ipv4,ziyadnz|hourly,2026-08-17T18:48:05Z,2026-08-17T18:48:05Z,
153.117.9.63,ipv4,malicious-ip,medium,WHITE,ziyadnz/hourly-ipv4,ziyadnz|hourly,2026-08-17T18:48:05Z,2026-08-17T18:48:05Z,
153.117.9.69,ipv4,malicious-ip,medium,WHITE,ziyadnz/hourly-ipv4,ziyadnz|hourly,2026-08-17T18:48:05Z,2026-08-17T18:48:05Z,
153.120.120.109,ipv4,malicious-ip,medium,WHITE,ziyadnz/hourly-ipv4,ziyadnz|hourly,2026-08-17T18:48:05Z,2026-08-17T18:48:05Z,
153.121.33.156,ipv4,malicious-ip,medium,WHITE,ziyadnz/hourly-ipv4,ziyadnz|hourly,2026-08-17T18:48:05Z,2026-08-17T18:48:05Z,
153.122.113.117,ipv4,malicious-ip,medium,WHITE,ziyadnz/hourly-ipv4,ziyadnz|hourly,2026-08-17T18:48:05Z,2026-08-17T18:48:05Z,
153.126.137.183,ipv4,malicious-ip,medium,WHITE,ziyadnz/hourly-ipv4,ziyadnz|hourly,2026-08-17T18:48:05Z,2026-08-17T18:48:05Z,
153.126.146.25,ipv4,malicious-ip,medium,WHITE,ziyadnz/hourly-ipv4,ziyadnz|hourly,2026-08-17T18:48:05Z,2026-08-17T18:48:05Z,
153.126.163.225,ipv4,malicious-ip,medium,WHITE,ziyadnz/hourly-ipv4,ziyadnz|hourly,2026-08-17T18:48:05Z,2026-08-17T18:48:05Z,
153.127.218.144,ipv4,malicious-ip,medium,WHITE,ziyadnz/hourly-ipv4,ziyadnz|hourly,2026-08-17T18:48:05Z,2026-08-17T18:48:05Z,
153.136.107.145,ipv4,malicious-ip,medium,WHITE,ziyadnz/hourly-ipv4,ziyadnz|hourly,2026-08-17T18:48:05Z,2026-08-17T18:48:05Z,
153.136.76.142,ipv4,malicious-ip,medium,WHITE,ziyadnz/hourly-ipv4,ziyadnz|hourly,2026-08-17T18:48:05Z,2026-08-17T18:48:05Z,
153.140.106.132,ipv4,malicious-ip,medium,WHITE,ziyadnz/hourly-ipv4,ziyadnz|hourly,2026-08-17T18:48:05Z,2026-08-17T18:48:05Z,
153.148.34.80,ipv4,malicious-ip,medium,WHITE,ziyadnz/hourly-ipv4,ziyadnz|hourly,2026-08-17T18:48:05Z,2026-08-17T18:48:05Z,
153.152.44.153,ipv4,malicious-ip,medium,WHITE,ziyadnz/hourly-ipv4,ziyadnz|hourly,2026-08-17T18:48:05Z,2026-08-17T18:48:05Z,
153.158.165.29,ipv4,malicious-ip,medium,WHITE,ziyadnz/hourly-ipv4,ziyadnz|hourly,2026-08-17T18:48:05Z,2026-08-17T18:48:05Z,
153.158.253.80,ipv4,malicious-ip,medium,WHITE,ziyadnz/hourly-ipv4,ziyadnz|hourly,2026-08-17T18:48:05Z,2026-08-17T18:48:05Z,
153.174.114.128,ipv4,malicious-ip,medium,WHITE,ziyadnz/hourly-ipv4,ziyadnz|hourly,2026-08-17T18:48:05Z,2026-08-17T18:48:05Z,
153.181.12.147,ipv4,malicious-ip,medium,WHITE,ziyadnz/hourly-ipv4,ziyadnz|hourly,2026-08-17T18:48:05Z,2026-08-17T18:48:05Z,
153.185.251.67,ipv4,malicious-ip,medium,WHITE,ziyadnz/hourly-ipv4,ziyadnz|hourly,2026-08-17T18:48:05Z,2026-08-17T18:48:05Z,
153.19.161.177,ipv4,malicious-ip,medium,WHITE,ziyadnz/hourly-ipv4,ziyadnz|hourly,2026-08-17T18:48:05Z,2026-08-17T18:48:05Z,
153.192.135.106,ipv4,malicious-ip,medium,WHITE,ziyadnz/hourly-ipv4,ziyadnz|hourly,2026-08-17T18:48:05Z,2026-08-17T18:48:05Z,
153.199.40.25,ipv4,malicious-ip,medium,WHITE,ziyadnz/hourly-ipv4,ziyadnz|hourly,2026-08-17T18:48:05Z,2026-08-17T18:48:05Z,
153.200.253.7,ipv4,malicious-ip,medium,WHITE,ziyadnz/hourly-ipv4,ziyadnz|hourly,2026-08-17T18:48:05Z,2026-08-17T18:48:05Z,
153.215.213.244,ipv4,malicious-ip,medium,WHITE,ziyadnz/hourly-ipv4,ziyadnz|hourly,2026-08-17T18:48:05Z,2026-08-17T18:48:05Z,
153.239.192.5,ipv4,malicious-ip,medium,WHITE,ziyadnz/hourly-ipv4,ziyadnz|hourly,2026-08-17T18:48:05Z,2026-08-17T18:48:05Z,
153.246.198.45,ipv4,malicious-ip,medium,WHITE,ziyadnz/hourly-ipv4,ziyadnz|hourly,2026-08-17T18:48:05Z,2026-08-17T18:48:05Z,
153.34.164.19,ipv4,malicious-ip,medium,WHITE,ziyadnz/hourly-ipv4,ziyadnz|hourly,2026-08-17T18:48:05Z,2026-08-17T18:48:05Z,
153.34.166.255,ipv4,malicious-ip,medium,WHITE,ziyadnz/hourly-ipv4,ziyadnz|hourly,2026-08-17T18:48:05Z,2026-08-17T18:48:05Z,
153.34.214.183,ipv4,malicious-ip,medium,WHITE,ziyadnz/hourly-ipv4,ziyadnz|hourly,2026-08-17T18:48:05Z,2026-08-17T18:48:05Z,
153.35.248.50,ipv4,malicious-ip,medium,WHITE,ziyadnz/hourly-ipv4,ziyadnz|hourly,2026-08-17T18:48:05Z,2026-08-17T18:48:05Z,
153.37.227.99,ipv4,malicious-ip,medium,WHITE,ziyadnz/hourly-ipv4,ziyadnz|hourly,2026-08-17T18:48:05Z,2026-08-17T18:48:05Z,
153.37.228.3,ipv4,malicious-ip,medium,WHITE,ziyadnz/hourly-ipv4,ziyadnz|hourly,2026-08-17T18:48:05Z,2026-08-17T18:48:05Z,
153.37.231.105,ipv4,malicious-ip,medium,WHITE,ziyadnz/hourly-ipv4,ziyadnz|hourly,2026-08-17T18:48:05Z,2026-08-17T18:48:05Z,
153.51.226.103,ipv4,malicious-ip,medium,WHITE,ziyadnz/hourly-ipv4,ziyadnz|hourly,2026-08-17T18:48:05Z,2026-08-17T18:48:05Z,
153.51.234.159,ipv4,malicious-ip,medium,WHITE,ziyadnz/hourly-ipv4,ziyadnz|hourly,2026-08-17T18:48:05Z,2026-08-17T18:48:05Z,
153.51.245.1,ipv4,malicious-ip,medium,WHITE,ziyadnz/hourly-ipv4,ziyadnz|hourly,2026-08-17T18:48:05Z,2026-08-17T18:48:05Z,
153.52.162.142,ipv4,malicious-ip,medium,WHITE,ziyadnz/hourly-ipv4,ziyadnz|hourly,2026-08-17T18:48:05Z,2026-08-17T18:48:05Z,
153.52.92.13,ipv4,malicious-ip,medium,WHITE,ziyadnz/hourly-ipv4,ziyadnz|hourly,2026-08-17T18:48:05Z,2026-08-17T18:48:05Z,
153.66.203.91,ipv4,malicious-ip,medium,WHITE,ziyadnz/hourly-ipv4,ziyadnz|hourly,2026-08-17T18:48:05Z,2026-08-17T18:48:05Z,
153.66.205.253,ipv4,malicious-ip,medium,WHITE,ziyadnz/hourly-ipv4,ziyadnz|hourly,2026-08-17T18:48:05Z,2026-08-17T18:48:05Z,
153.66.28.132,ipv4,malicious-ip,medium,WHITE,ziyadnz/hourly-ipv4,ziyadnz|hourly,2026-08-17T18:48:05Z,2026-08-17T18:48:05Z,
153.67.110.22,ipv4,malicious-ip,medium,WHITE,ziyadnz/hourly-ipv4,ziyadnz|hourly,2026-08-17T18:48:05Z,2026-08-17T18:48:05Z,
153.67.110.232,ipv4,malicious-ip,medium,WHITE,ziyadnz/hourly-ipv4,ziyadnz|hourly,2026-08-17T18:48:05Z,2026-08-17T18:48:05Z,
153.67.110.243,ipv4,malicious-ip,medium,WHITE,ziyadnz/hourly-ipv4,ziyadnz|hourly,2026-08-17T18:48:05Z,2026-08-17T18:48:05Z,
153.67.110.26,ipv4,malicious-ip,medium,WHITE,ziyadnz/hourly-ipv4,ziyadnz|hourly,2026-08-17T18:48:05Z,2026-08-17T18:48:05Z,
153.67.110.43,ipv4,malicious-ip,medium,WHITE,ziyadnz/hourly-ipv4,ziyadnz|hourly,2026-08-17T18:48:05Z,2026-08-17T18:48:05Z,
153.67.111.111,ipv4,malicious-ip,medium,WHITE,ziyadnz/hourly-ipv4,ziyadnz|hourly,2026-08-17T18:48:05Z,2026-08-17T18:48:05Z,
153.67.111.127,ipv4,malicious-ip,medium,WHITE,ziyadnz/hourly-ipv4,ziyadnz|hourly,2026-08-17T18:48:05Z,2026-08-17T18:48:05Z,
153.67.115.119,ipv4,malicious-ip,medium,WHITE,ziyadnz/hourly-ipv4,ziyadnz|hourly,2026-08-17T18:48:05Z,2026-08-17T18:48:05Z,
153.67.119.136,ipv4,malicious-ip,medium,WHITE,ziyadnz/hourly-ipv4,ziyadnz|hourly,2026-08-17T18:48:05Z,2026-08-17T18:48:05Z,
153.67.123.62,ipv4,malicious-ip,medium,WHITE,ziyadnz/hourly-ipv4,ziyadnz|hourly,2026-08-17T18:48:05Z,2026-08-17T18:48:05Z,
153.67.127.188,ipv4,malicious-ip,medium,WHITE,ziyadnz/hourly-ipv4,ziyadnz|hourly,2026-08-17T18:48:05Z,2026-08-17T18:48:05Z,
153.67.127.30,ipv4,malicious-ip,medium,WHITE,ziyadnz/hourly-ipv4,ziyadnz|hourly,2026-08-17T18:48:05Z,2026-08-17T18:48:05Z,
153.67.129.123,ipv4,malicious-ip,medium,WHITE,ziyadnz/hourly-ipv4,ziyadnz|hourly,2026-08-17T18:48:05Z,2026-08-17T18:48:05Z,
153.67.129.169,ipv4,malicious-ip,medium,WHITE,ziyadnz/hourly-ipv4,ziyadnz|hourly,2026-08-17T18:48:05Z,2026-08-17T18:48:05Z,
153.67.129.170,ipv4,malicious-ip,medium,WHITE,ziyadnz/hourly-ipv4,ziyadnz|hourly,2026-08-17T18:48:05Z,2026-08-17T18:48:05Z,
153.67.129.41,ipv4,malicious-ip,medium,WHITE,ziyadnz/hourly-ipv4,ziyadnz|hourly,2026-08-17T18:48:05Z,2026-08-17T18:48:05Z,
153.67.13.237,ipv4,malicious-ip,medium,WHITE,ziyadnz/hourly-ipv4,ziyadnz|hourly,2026-08-17T18:48:05Z,2026-08-17T18:48:05Z,
153.67.137.245,ipv4,malicious-ip,medium,WHITE,ziyadnz/hourly-ipv4,ziyadnz|hourly,2026-08-17T18:48:05Z,2026-08-17T18:48:05Z,
153.67.139.25,ipv4,malicious-ip,medium,WHITE,ziyadnz/hourly-ipv4,ziyadnz|hourly,2026-08-17T18:48:05Z,2026-08-17T18:48:05Z,
153.67.15.62,ipv4,malicious-ip,medium,WHITE,ziyadnz/hourly-ipv4,ziyadnz|hourly,2026-08-17T18:48:05Z,2026-08-17T18:48:05Z,
153.67.181.58,ipv4,malicious-ip,medium,WHITE,ziyadnz/hourly-ipv4,ziyadnz|hourly,2026-08-17T18:48:05Z,2026-08-17T18:48:05Z,
153.67.187.139,ipv4,malicious-ip,medium,WHITE,ziyadnz/hourly-ipv4,ziyadnz|hourly,2026-08-17T18:48:05Z,2026-08-17T18:48:05Z,
153.67.187.15,ipv4,malicious-ip,medium,WHITE,ziyadnz/hourly-ipv4,ziyadnz|hourly,2026-08-17T18:48:05Z,2026-08-17T18:48:05Z,
153.67.31.205,ipv4,malicious-ip,medium,WHITE,ziyadnz/hourly-ipv4,ziyadnz|hourly,2026-08-17T18:48:05Z,2026-08-17T18:48:05Z,
153.67.33.244,ipv4,malicious-ip,medium,WHITE,ziyadnz/hourly-ipv4,ziyadnz|hourly,2026-08-17T18:48:05Z,2026-08-17T18:48:05Z,
153.67.55.144,ipv4,malicious-ip,medium,WHITE,ziyadnz/hourly-ipv4,ziyadnz|hourly,2026-08-17T18:48:05Z,2026-08-17T18:48:05Z,
153.67.68.72,ipv4,malicious-ip,medium,WHITE,ziyadnz/hourly-ipv4,ziyadnz|hourly,2026-08-17T18:48:05Z,2026-08-17T18:48:05Z,
153.67.71.130,ipv4,malicious-ip,medium,WHITE,ziyadnz/hourly-ipv4,ziyadnz|hourly,2026-08-17T18:48:05Z,2026-08-17T18:48:05Z,
153.67.85.77,ipv4,malicious-ip,medium,WHITE,ziyadnz/hourly-ipv4,ziyadnz|hourly,2026-08-17T18:48:05Z,2026-08-17T18:48:05Z,
153.67.9.169,ipv4,malicious-ip,medium,WHITE,ziyadnz/hourly-ipv4,ziyadnz|hourly,2026-08-17T18:48:05Z,2026-08-17T18:48:05Z,
153.75.245.103,ipv4,malicious-ip,medium,WHITE,ziyadnz/hourly-ipv4,ziyadnz|hourly,2026-08-17T18:48:05Z,2026-08-17T18:48:05Z,
153.75.247.11,ipv4,malicious-ip,medium,WHITE,ziyadnz/hourly-ipv4,ziyadnz|hourly,2026-08-17T18:48:05Z,2026-08-17T18:48:05Z,
153.75.248.34,ipv4,malicious-ip,medium,WHITE,ziyadnz/hourly-ipv4,ziyadnz|hourly,2026-08-17T18:48:05Z,2026-08-17T18:48:05Z,
153.75.250.4,ipv4,malicious-ip,medium,WHITE,ziyadnz/hourly-ipv4,ziyadnz|hourly,2026-08-17T18:48:05Z,2026-08-17T18:48:05Z,
153.75.83.31,ipv4,malicious-ip,medium,WHITE,ziyadnz/hourly-ipv4,ziyadnz|hourly,2026-08-17T18:48:05Z,2026-08-17T18:48:05Z,
153.75.94.130,ipv4,malicious-ip,medium,WHITE,ziyadnz/hourly-ipv4,ziyadnz|hourly,2026-08-17T18:48:05Z,2026-08-17T18:48:05Z,
153.80.240.37,ipv4,malicious-ip,medium,WHITE,ziyadnz/hourly-ipv4,ziyadnz|hourly,2026-08-17T18:48:05Z,2026-08-17T18:48:05Z,
153.80.249.218,ipv4,malicious-ip,medium,WHITE,ziyadnz/hourly-ipv4,ziyadnz|hourly,2026-08-17T18:48:05Z,2026-08-17T18:48:05Z,
153.92.1.125,ipv4,malicious-ip,medium,WHITE,ziyadnz/hourly-ipv4,ziyadnz|hourly,2026-08-17T18:48:05Z,2026-08-17T18:48:05Z,
153.92.126.196,ipv4,malicious-ip,medium,WHITE,ziyadnz/hourly-ipv4,ziyadnz|hourly,2026-08-17T18:48:05Z,2026-08-17T18:48:05Z,
153.99.92.2,ipv4,malicious-ip,medium,WHITE,ziyadnz/hourly-ipv4,ziyadnz|hourly,2026-08-17T18:48:05Z,2026-08-17T18:48:05Z,
154.0.186.184,ipv4,malicious-ip,medium,WHITE,ziyadnz/hourly-ipv4,ziyadnz|hourly,2026-08-17T18:48:05Z,2026-08-17T18:48:05Z,
154.0.30.137,ipv4,malicious-ip,medium,WHITE,ziyadnz/hourly-ipv4,ziyadnz|hourly,2026-08-17T18:48:05Z,2026-08-17T18:48:05Z,
154.110.203.58,ipv4,malicious-ip,medium,WHITE,ziyadnz/hourly-ipv4,ziyadnz|hourly,2026-08-17T18:48:05Z,2026-08-17T18:48:05Z,
154.111.75.175,ipv4,malicious-ip,medium,WHITE,ziyadnz/hourly-ipv4,ziyadnz|hourly,2026-08-17T18:48:05Z,2026-08-17T18:48:05Z,
154.115.237.148,ipv4,malicious-ip,medium,WHITE,ziyadnz/hourly-ipv4,ziyadnz|hourly,2026-08-17T18:48:05Z,2026-08-17T18:48:05Z,
154.117.199.56,ipv4,malicious-ip,medium,WHITE,ziyadnz/hourly-ipv4,ziyadnz|hourly,2026-08-17T18:48:05Z,2026-08-17T18:48:05Z,
154.118.186.84,ipv4,malicious-ip,medium,WHITE,ziyadnz/hourly-ipv4,ziyadnz|hourly,2026-08-17T18:48:05Z,2026-08-17T18:48:05Z,
154.118.52.189,ipv4,malicious-ip,medium,WHITE,ziyadnz/hourly-ipv4,ziyadnz|hourly,2026-08-17T18:48:05Z,2026-08-17T18:48:05Z,
154.12.118.214,ipv4,malicious-ip,medium,WHITE,ziyadnz/hourly-ipv4,ziyadnz|hourly,2026-08-17T18:48:05Z,2026-08-17T18:48:05Z,
154.12.28.97,ipv4,malicious-ip,medium,WHITE,ziyadnz/hourly-ipv4,ziyadnz|hourly,2026-08-17T18:48:05Z,2026-08-17T18:48:05Z,
154.12.29.69,ipv4,malicious-ip,medium,WHITE,ziyadnz/hourly-ipv4,ziyadnz|hourly,2026-08-17T18:48:05Z,2026-08-17T18:48:05Z,
154.12.89.140,ipv4,malicious-ip,medium,WHITE,ziyadnz/hourly-ipv4,ziyadnz|hourly,2026-08-17T18:48:05Z,2026-08-17T18:48:05Z,
154.120.138.30,ipv4,malicious-ip,medium,WHITE,ziyadnz/hourly-ipv4,ziyadnz|hourly,2026-08-17T18:48:05Z,2026-08-17T18:48:05Z,
154.124.102.39,ipv4,malicious-ip,medium,WHITE,ziyadnz/hourly-ipv4,ziyadnz|hourly,2026-08-17T18:48:05Z,2026-08-17T18:48:05Z,
154.124.105.247,ipv4,malicious-ip,medium,WHITE,ziyadnz/hourly-ipv4,ziyadnz|hourly,2026-08-17T18:48:05Z,2026-08-17T18:48:05Z,
154.124.123.191,ipv4,malicious-ip,medium,WHITE,ziyadnz/hourly-ipv4,ziyadnz|hourly,2026-08-17T18:48:05Z,2026-08-17T18:48:05Z,
154.124.131.158,ipv4,malicious-ip,medium,WHITE,ziyadnz/hourly-ipv4,ziyadnz|hourly,2026-08-17T18:48:05Z,2026-08-17T18:48:05Z,
154.124.187.213,ipv4,malicious-ip,medium,WHITE,ziyadnz/hourly-ipv4,ziyadnz|hourly,2026-08-17T18:48:05Z,2026-08-17T18:48:05Z,
154.125.130.241,ipv4,malicious-ip,medium,WHITE,ziyadnz/hourly-ipv4,ziyadnz|hourly,2026-08-17T18:48:05Z,2026-08-17T18:48:05Z,
154.125.161.69,ipv4,malicious-ip,medium,WHITE,ziyadnz/hourly-ipv4,ziyadnz|hourly,2026-08-17T18:48:05Z,2026-08-17T18:48:05Z,
154.125.190.66,ipv4,malicious-ip,medium,WHITE,ziyadnz/hourly-ipv4,ziyadnz|hourly,2026-08-17T18:48:05Z,2026-08-17T18:48:05Z,
154.125.237.115,ipv4,malicious-ip,medium,WHITE,ziyadnz/hourly-ipv4,ziyadnz|hourly,2026-08-17T18:48:05Z,2026-08-17T18:48:05Z,
154.125.251.112,ipv4,malicious-ip,medium,WHITE,ziyadnz/hourly-ipv4,ziyadnz|hourly,2026-08-17T18:48:05Z,2026-08-17T18:48:05Z,
154.125.37.144,ipv4,malicious-ip,medium,WHITE,ziyadnz/hourly-ipv4,ziyadnz|hourly,2026-08-17T18:48:05Z,2026-08-17T18:48:05Z,
154.126.93.81,ipv4,malicious-ip,medium,WHITE,ziyadnz/hourly-ipv4,ziyadnz|hourly,2026-08-17T18:48:05Z,2026-08-17T18:48:05Z,
154.127.205.167,ipv4,malicious-ip,medium,WHITE,ziyadnz/hourly-ipv4,ziyadnz|hourly,2026-08-17T18:48:05Z,2026-08-17T18:48:05Z,
154.127.254.98,ipv4,malicious-ip,medium,WHITE,ziyadnz/hourly-ipv4,ziyadnz|hourly,2026-08-17T18:48:05Z,2026-08-17T18:48:05Z,
154.127.34.194,ipv4,malicious-ip,medium,WHITE,ziyadnz/hourly-ipv4,ziyadnz|hourly,2026-08-17T18:48:05Z,2026-08-17T18:48:05Z,
154.127.35.68,ipv4,malicious-ip,medium,WHITE,ziyadnz/hourly-ipv4,ziyadnz|hourly,2026-08-17T18:48:05Z,2026-08-17T18:48:05Z,
154.127.36.0,ipv4,malicious-ip,medium,WHITE,ziyadnz/hourly-ipv4,ziyadnz|hourly,2026-08-17T18:48:05Z,2026-08-17T18:48:05Z,
154.127.36.197,ipv4,malicious-ip,medium,WHITE,ziyadnz/hourly-ipv4,ziyadnz|hourly,2026-08-17T18:48:05Z,2026-08-17T18:48:05Z,
154.127.36.222,ipv4,malicious-ip,medium,WHITE,ziyadnz/hourly-ipv4,ziyadnz|hourly,2026-08-17T18:48:05Z,2026-08-17T18:48:05Z,
154.127.36.232,ipv4,malicious-ip,medium,WHITE,ziyadnz/hourly-ipv4,ziyadnz|hourly,2026-08-17T18:48:05Z,2026-08-17T18:48:05Z,
154.127.36.237,ipv4,malicious-ip,medium,WHITE,ziyadnz/hourly-ipv4,ziyadnz|hourly,2026-08-17T18:48:05Z,2026-08-17T18:48:05Z,
154.127.36.9,ipv4,malicious-ip,medium,WHITE,ziyadnz/hourly-ipv4,ziyadnz|hourly,2026-08-17T18:48:05Z,2026-08-17T18:48:05Z,
154.127.42.52,ipv4,malicious-ip,medium,WHITE,ziyadnz/hourly-ipv4,ziyadnz|hourly,2026-08-17T18:48:05Z,2026-08-17T18:48:05Z,
154.127.43.118,ipv4,malicious-ip,medium,WHITE,ziyadnz/hourly-ipv4,ziyadnz|hourly,2026-08-17T18:48:05Z,2026-08-17T18:48:05Z,
154.127.43.236,ipv4,malicious-ip,medium,WHITE,ziyadnz/hourly-ipv4,ziyadnz|hourly,2026-08-17T18:48:05Z,2026-08-17T18:48:05Z,
154.127.43.3,ipv4,malicious-ip,medium,WHITE,ziyadnz/hourly-ipv4,ziyadnz|hourly,2026-08-17T18:48:05Z,2026-08-17T18:48:05Z,
154.127.46.133,ipv4,malicious-ip,medium,WHITE,ziyadnz/hourly-ipv4,ziyadnz|hourly,2026-08-17T18:48:05Z,2026-08-17T18:48:05Z,
154.127.53.53,ipv4,malicious-ip,medium,WHITE,ziyadnz/hourly-ipv4,ziyadnz|hourly,2026-08-17T18:48:05Z,2026-08-17T18:48:05Z,
154.127.69.0,ipv4,malicious-ip,medium,WHITE,ziyadnz/hourly-ipv4,ziyadnz|hourly,2026-08-17T18:48:05Z,2026-08-17T18:48:05Z,
154.127.69.12,ipv4,malicious-ip,medium,WHITE,ziyadnz/hourly-ipv4,ziyadnz|hourly,2026-08-17T18:48:05Z,2026-08-17T18:48:05Z,
154.127.69.17,ipv4,malicious-ip,medium,WHITE,ziyadnz/hourly-ipv4,ziyadnz|hourly,2026-08-17T18:48:05Z,2026-08-17T18:48:05Z,
154.127.69.18,ipv4,malicious-ip,medium,WHITE,ziyadnz/hourly-ipv4,ziyadnz|hourly,2026-08-17T18:48:05Z,2026-08-17T18:48:05Z,
154.127.69.19,ipv4,malicious-ip,medium,WHITE,ziyadnz/hourly-ipv4,ziyadnz|hourly,2026-08-17T18:48:05Z,2026-08-17T18:48:05Z,
154.127.69.20,ipv4,malicious-ip,medium,WHITE,ziyadnz/hourly-ipv4,ziyadnz|hourly,2026-08-17T18:48:05Z,2026-08-17T18:48:05Z,
154.127.69.22,ipv4,malicious-ip,medium,WHITE,ziyadnz/hourly-ipv4,ziyadnz|hourly,2026-08-17T18:48:05Z,2026-08-17T18:48:05Z,
154.127.69.23,ipv4,malicious-ip,medium,WHITE,ziyadnz/hourly-ipv4,ziyadnz|hourly,2026-08-17T18:48:05Z,2026-08-17T18:48:05Z,
154.127.69.24,ipv4,malicious-ip,medium,WHITE,ziyadnz/hourly-ipv4,ziyadnz|hourly,2026-08-17T18:48:05Z,2026-08-17T18:48:05Z,
154.127.69.6,ipv4,malicious-ip,medium,WHITE,ziyadnz/hourly-ipv4,ziyadnz|hourly,2026-08-17T18:48:05Z,2026-08-17T18:48:05Z,
154.127.69.8,ipv4,malicious-ip,medium,WHITE,ziyadnz/hourly-ipv4,ziyadnz|hourly,2026-08-17T18:48:05Z,2026-08-17T18:48:05Z,
154.127.69.9,ipv4,malicious-ip,medium,WHITE,ziyadnz/hourly-ipv4,ziyadnz|hourly,2026-08-17T18:48:05Z,2026-08-17T18:48:05Z,
154.127.83.254,ipv4,malicious-ip,medium,WHITE,ziyadnz/hourly-ipv4,ziyadnz|hourly,2026-08-17T18:48:05Z,2026-08-17T18:48:05Z,
154.135.250.22,ipv4,malicious-ip,medium,WHITE,ziyadnz/hourly-ipv4,ziyadnz|hourly,2026-08-17T18:48:05Z,2026-08-17T18:48:05Z,
154.144.225.226,ipv4,malicious-ip,medium,WHITE,ziyadnz/hourly-ipv4,ziyadnz|hourly,2026-08-17T18:48:05Z,2026-08-17T18:48:05Z,
154.144.245.68,ipv4,malicious-ip,medium,WHITE,ziyadnz/hourly-ipv4,ziyadnz|hourly,2026-08-17T18:48:05Z,2026-08-17T18:48:05Z,
154.144.255.210,ipv4,malicious-ip,medium,WHITE,ziyadnz/hourly-ipv4,ziyadnz|hourly,2026-08-17T18:48:05Z,2026-08-17T18:48:05Z,
154.146.235.32,ipv4,malicious-ip,medium,WHITE,ziyadnz/hourly-ipv4,ziyadnz|hourly,2026-08-17T18:48:05Z,2026-08-17T18:48:05Z,
154.146.239.173,ipv4,malicious-ip,medium,WHITE,ziyadnz/hourly-ipv4,ziyadnz|hourly,2026-08-17T18:48:05Z,2026-08-17T18:48:05Z,
154.146.240.123,ipv4,malicious-ip,medium,WHITE,ziyadnz/hourly-ipv4,ziyadnz|hourly,2026-08-17T18:48:05Z,2026-08-17T18:48:05Z,
154.146.242.43,ipv4,malicious-ip,medium,WHITE,ziyadnz/hourly-ipv4,ziyadnz|hourly,2026-08-17T18:48:05Z,2026-08-17T18:48:05Z,
154.159.237.238,ipv4,malicious-ip,medium,WHITE,ziyadnz/hourly-ipv4,ziyadnz|hourly,2026-08-17T18:48:05Z,2026-08-17T18:48:05Z,
154.159.248.18,ipv4,malicious-ip,medium,WHITE,ziyadnz/hourly-ipv4,ziyadnz|hourly,2026-08-17T18:48:05Z,2026-08-17T18:48:05Z,
154.159.254.112,ipv4,malicious-ip,medium,WHITE,ziyadnz/hourly-ipv4,ziyadnz|hourly,2026-08-17T18:48:05Z,2026-08-17T18:48:05Z,
154.16.143.4,ipv4,malicious-ip,medium,WHITE,ziyadnz/hourly-ipv4,ziyadnz|hourly,2026-08-17T18:48:05Z,2026-08-17T18:48:05Z,
154.16.146.65,ipv4,malicious-ip,medium,WHITE,ziyadnz/hourly-ipv4,ziyadnz|hourly,2026-08-17T18:48:05Z,2026-08-17T18:48:05Z,
154.16.69.146,ipv4,malicious-ip,medium,WHITE,ziyadnz/hourly-ipv4,ziyadnz|hourly,2026-08-17T18:48:05Z,2026-08-17T18:48:05Z,
154.16.69.250,ipv4,malicious-ip,medium,WHITE,ziyadnz/hourly-ipv4,ziyadnz|hourly,2026-08-17T18:48:05Z,2026-08-17T18:48:05Z,
154.16.69.58,ipv4,malicious-ip,medium,WHITE,ziyadnz/hourly-ipv4,ziyadnz|hourly,2026-08-17T18:48:05Z,2026-08-17T18:48:05Z,
154.16.69.76,ipv4,malicious-ip,medium,WHITE,ziyadnz/hourly-ipv4,ziyadnz|hourly,2026-08-17T18:48:05Z,2026-08-17T18:48:05Z,
154.16.95.176,ipv4,malicious-ip,medium,WHITE,ziyadnz/hourly-ipv4,ziyadnz|hourly,2026-08-17T18:48:05Z,2026-08-17T18:48:05Z,
154.16.95.6,ipv4,malicious-ip,medium,WHITE,ziyadnz/hourly-ipv4,ziyadnz|hourly,2026-08-17T18:48:05Z,2026-08-17T18:48:05Z,
154.160.17.234,ipv4,malicious-ip,medium,WHITE,ziyadnz/hourly-ipv4,ziyadnz|hourly,2026-08-17T18:48:05Z,2026-08-17T18:48:05Z,
154.160.19.194,ipv4,malicious-ip,medium,WHITE,ziyadnz/hourly-ipv4,ziyadnz|hourly,2026-08-17T18:48:05Z,2026-08-17T18:48:05Z,
154.160.19.33,ipv4,malicious-ip,medium,WHITE,ziyadnz/hourly-ipv4,ziyadnz|hourly,2026-08-17T18:48:05Z,2026-08-17T18:48:05Z,
154.160.19.37,ipv4,malicious-ip,medium,WHITE,ziyadnz/hourly-ipv4,ziyadnz|hourly,2026-08-17T18:48:05Z,2026-08-17T18:48:05Z,
154.160.3.81,ipv4,malicious-ip,medium,WHITE,ziyadnz/hourly-ipv4,ziyadnz|hourly,2026-08-17T18:48:05Z,2026-08-17T18:48:05Z,
154.160.37.5,ipv4,malicious-ip,medium,WHITE,ziyadnz/hourly-ipv4,ziyadnz|hourly,2026-08-17T18:48:05Z,2026-08-17T18:48:05Z,
154.160.37.9,ipv4,malicious-ip,medium,WHITE,ziyadnz/hourly-ipv4,ziyadnz|hourly,2026-08-17T18:48:05Z,2026-08-17T18:48:05Z,
154.160.64.122,ipv4,malicious-ip,medium,WHITE,ziyadnz/hourly-ipv4,ziyadnz|hourly,2026-08-17T18:48:05Z,2026-08-17T18:48:05Z,
154.160.96.210,ipv4,malicious-ip,medium,WHITE,ziyadnz/hourly-ipv4,ziyadnz|hourly,2026-08-17T18:48:05Z,2026-08-17T18:48:05Z,
154.177.205.159,ipv4,malicious-ip,medium,WHITE,ziyadnz/hourly-ipv4,ziyadnz|hourly,2026-08-17T18:48:05Z,2026-08-17T18:48:05Z,
154.177.233.207,ipv4,malicious-ip,medium,WHITE,ziyadnz/hourly-ipv4,ziyadnz|hourly,2026-08-17T18:48:05Z,2026-08-17T18:48:05Z,
154.179.184.80,ipv4,malicious-ip,medium,WHITE,ziyadnz/hourly-ipv4,ziyadnz|hourly,2026-08-17T18:48:05Z,2026-08-17T18:48:05Z,
154.18.12.125,ipv4,malicious-ip,medium,WHITE,ziyadnz/hourly-ipv4,ziyadnz|hourly,2026-08-17T18:48:05Z,2026-08-17T18:48:05Z,
154.180.48.244,ipv4,malicious-ip,medium,WHITE,ziyadnz/hourly-ipv4,ziyadnz|hourly,2026-08-17T18:48:05Z,2026-08-17T18:48:05Z,
154.180.6.46,ipv4,malicious-ip,medium,WHITE,ziyadnz/hourly-ipv4,ziyadnz|hourly,2026-08-17T18:48:05Z,2026-08-17T18:48:05Z,
154.183.145.16,ipv4,malicious-ip,medium,WHITE,ziyadnz/hourly-ipv4,ziyadnz|hourly,2026-08-17T18:48:05Z,2026-08-17T18:48:05Z,
154.183.237.31,ipv4,malicious-ip,medium,WHITE,ziyadnz/hourly-ipv4,ziyadnz|hourly,2026-08-17T18:48:05Z,2026-08-17T18:48:05Z,
154.183.239.26,ipv4,malicious-ip,medium,WHITE,ziyadnz/hourly-ipv4,ziyadnz|hourly,2026-08-17T18:48:05Z,2026-08-17T18:48:05Z,
154.188.169.39,ipv4,malicious-ip,medium,WHITE,ziyadnz/hourly-ipv4,ziyadnz|hourly,2026-08-17T18:48:05Z,2026-08-17T18:48:05Z,
154.189.157.20,ipv4,malicious-ip,medium,WHITE,ziyadnz/hourly-ipv4,ziyadnz|hourly,2026-08-17T18:48:05Z,2026-08-17T18:48:05Z,
154.189.218.14,ipv4,malicious-ip,medium,WHITE,ziyadnz/hourly-ipv4,ziyadnz|hourly,2026-08-17T18:48:05Z,2026-08-17T18:48:05Z,
154.19.37.146,ipv4,malicious-ip,medium,WHITE,ziyadnz/hourly-ipv4,ziyadnz|hourly,2026-08-17T18:48:05Z,2026-08-17T18:48:05Z,
154.192.112.168,ipv4,malicious-ip,medium,WHITE,ziyadnz/hourly-ipv4,ziyadnz|hourly,2026-08-17T18:48:05Z,2026-08-17T18:48:05Z,
154.192.112.207,ipv4,malicious-ip,medium,WHITE,ziyadnz/hourly-ipv4,ziyadnz|hourly,2026-08-17T18:48:05Z,2026-08-17T18:48:05Z,
154.192.113.255,ipv4,malicious-ip,medium,WHITE,ziyadnz/hourly-ipv4,ziyadnz|hourly,2026-08-17T18:48:05Z,2026-08-17T18:48:05Z,
154.192.163.215,ipv4,malicious-ip,medium,WHITE,ziyadnz/hourly-ipv4,ziyadnz|hourly,2026-08-17T18:48:05Z,2026-08-17T18:48:05Z,
154.192.181.234,ipv4,malicious-ip,medium,WHITE,ziyadnz/hourly-ipv4,ziyadnz|hourly,2026-08-17T18:48:05Z,2026-08-17T18:48:05Z,
154.192.192.29,ipv4,malicious-ip,medium,WHITE,ziyadnz/hourly-ipv4,ziyadnz|hourly,2026-08-17T18:48:05Z,2026-08-17T18:48:05Z,
154.192.194.154,ipv4,malicious-ip,medium,WHITE,ziyadnz/hourly-ipv4,ziyadnz|hourly,2026-08-17T18:48:05Z,2026-08-17T18:48:05Z,
154.192.21.242,ipv4,malicious-ip,medium,WHITE,ziyadnz/hourly-ipv4,ziyadnz|hourly,2026-08-17T18:48:05Z,2026-08-17T18:48:05Z,
154.192.232.135,ipv4,malicious-ip,medium,WHITE,ziyadnz/hourly-ipv4,ziyadnz|hourly,2026-08-17T18:48:05Z,2026-08-17T18:48:05Z,
154.192.232.179,ipv4,malicious-ip,medium,WHITE,ziyadnz/hourly-ipv4,ziyadnz|hourly,2026-08-17T18:48:05Z,2026-08-17T18:48:05Z,
154.192.232.187,ipv4,malicious-ip,medium,WHITE,ziyadnz/hourly-ipv4,ziyadnz|hourly,2026-08-17T18:48:05Z,2026-08-17T18:48:05Z,
154.192.233.36,ipv4,malicious-ip,medium,WHITE,ziyadnz/hourly-ipv4,ziyadnz|hourly,2026-08-17T18:48:05Z,2026-08-17T18:48:05Z,
154.192.233.98,ipv4,malicious-ip,medium,WHITE,ziyadnz/hourly-ipv4,ziyadnz|hourly,2026-08-17T18:48:05Z,2026-08-17T18:48:05Z,
154.192.38.118,ipv4,malicious-ip,medium,WHITE,ziyadnz/hourly-ipv4,ziyadnz|hourly,2026-08-17T18:48:05Z,2026-08-17T18:48:05Z,
154.192.79.57,ipv4,malicious-ip,medium,WHITE,ziyadnz/hourly-ipv4,ziyadnz|hourly,2026-08-17T18:48:05Z,2026-08-17T18:48:05Z,
154.192.8.45,ipv4,malicious-ip,medium,WHITE,ziyadnz/hourly-ipv4,ziyadnz|hourly,2026-08-17T18:48:05Z,2026-08-17T18:48:05Z,
154.192.89.141,ipv4,malicious-ip,medium,WHITE,ziyadnz/hourly-ipv4,ziyadnz|hourly,2026-08-17T18:48:05Z,2026-08-17T18:48:05Z,
154.192.89.142,ipv4,malicious-ip,medium,WHITE,ziyadnz/hourly-ipv4,ziyadnz|hourly,2026-08-17T18:48:05Z,2026-08-17T18:48:05Z,
154.192.90.36,ipv4,malicious-ip,medium,WHITE,ziyadnz/hourly-ipv4,ziyadnz|hourly,2026-08-17T18:48:05Z,2026-08-17T18:48:05Z,
154.193.217.13,ipv4,malicious-ip,medium,WHITE,ziyadnz/hourly-ipv4,ziyadnz|hourly,2026-08-17T18:48:05Z,2026-08-17T18:48:05Z,
154.194.251.43,ipv4,malicious-ip,medium,WHITE,ziyadnz/hourly-ipv4,ziyadnz|hourly,2026-08-17T18:48:05Z,2026-08-17T18:48:05Z,
154.196.129.203,ipv4,malicious-ip,medium,WHITE,ziyadnz/hourly-ipv4,ziyadnz|hourly,2026-08-17T18:48:05Z,2026-08-17T18:48:05Z,
154.196.162.76,ipv4,malicious-ip,medium,WHITE,ziyadnz/hourly-ipv4,ziyadnz|hourly,2026-08-17T18:48:05Z,2026-08-17T18:48:05Z,
154.196.187.73,ipv4,malicious-ip,medium,WHITE,ziyadnz/hourly-ipv4,ziyadnz|hourly,2026-08-17T18:48:05Z,2026-08-17T18:48:05Z,
154.197.56.163,ipv4,malicious-ip,medium,WHITE,ziyadnz/hourly-ipv4,ziyadnz|hourly,2026-08-17T18:48:05Z,2026-08-17T18:48:05Z,
154.197.57.135,ipv4,malicious-ip,medium,WHITE,ziyadnz/hourly-ipv4,ziyadnz|hourly,2026-08-17T18:48:05Z,2026-08-17T18:48:05Z,
154.197.57.136,ipv4,malicious-ip,medium,WHITE,ziyadnz/hourly-ipv4,ziyadnz|hourly,2026-08-17T18:48:05Z,2026-08-17T18:48:05Z,
154.197.57.149,ipv4,malicious-ip,medium,WHITE,ziyadnz/hourly-ipv4,ziyadnz|hourly,2026-08-17T18:48:05Z,2026-08-17T18:48:05Z,
154.197.57.161,ipv4,malicious-ip,medium,WHITE,ziyadnz/hourly-ipv4,ziyadnz|hourly,2026-08-17T18:48:05Z,2026-08-17T18:48:05Z,
154.197.57.175,ipv4,malicious-ip,medium,WHITE,ziyadnz/hourly-ipv4,ziyadnz|hourly,2026-08-17T18:48:05Z,2026-08-17T18:48:05Z,
154.197.57.177,ipv4,malicious-ip,medium,WHITE,ziyadnz/hourly-ipv4,ziyadnz|hourly,2026-08-17T18:48:05Z,2026-08-17T18:48:05Z,
154.197.57.181,ipv4,malicious-ip,medium,WHITE,ziyadnz/hourly-ipv4,ziyadnz|hourly,2026-08-17T18:48:05Z,2026-08-17T18:48:05Z,
154.197.57.20,ipv4,malicious-ip,medium,WHITE,ziyadnz/hourly-ipv4,ziyadnz|hourly,2026-08-17T18:48:05Z,2026-08-17T18:48:05Z,
154.197.57.201,ipv4,malicious-ip,medium,WHITE,ziyadnz/hourly-ipv4,ziyadnz|hourly,2026-08-17T18:48:05Z,2026-08-17T18:48:05Z,
154.197.57.205,ipv4,malicious-ip,medium,WHITE,ziyadnz/hourly-ipv4,ziyadnz|hourly,2026-08-17T18:48:05Z,2026-08-17T18:48:05Z,
154.197.57.208,ipv4,malicious-ip,medium,WHITE,ziyadnz/hourly-ipv4,ziyadnz|hourly,2026-08-17T18:48:05Z,2026-08-17T18:48:05Z,
154.197.57.219,ipv4,malicious-ip,medium,WHITE,ziyadnz/hourly-ipv4,ziyadnz|hourly,2026-08-17T18:48:05Z,2026-08-17T18:48:05Z,
154.197.57.220,ipv4,malicious-ip,medium,WHITE,ziyadnz/hourly-ipv4,ziyadnz|hourly,2026-08-17T18:48:05Z,2026-08-17T18:48:05Z,
154.197.57.247,ipv4,malicious-ip,medium,WHITE,ziyadnz/hourly-ipv4,ziyadnz|hourly,2026-08-17T18:48:05Z,2026-08-17T18:48:05Z,
154.197.57.41,ipv4,malicious-ip,medium,WHITE,ziyadnz/hourly-ipv4,ziyadnz|hourly,2026-08-17T18:48:05Z,2026-08-17T18:48:05Z,
154.197.57.56,ipv4,malicious-ip,medium,WHITE,ziyadnz/hourly-ipv4,ziyadnz|hourly,2026-08-17T18:48:05Z,2026-08-17T18:48:05Z,
154.197.57.70,ipv4,malicious-ip,medium,WHITE,ziyadnz/hourly-ipv4,ziyadnz|hourly,2026-08-17T18:48:05Z,2026-08-17T18:48:05Z,
154.197.57.71,ipv4,malicious-ip,medium,WHITE,ziyadnz/hourly-ipv4,ziyadnz|hourly,2026-08-17T18:48:05Z,2026-08-17T18:48:05Z,
154.197.57.83,ipv4,malicious-ip,medium,WHITE,ziyadnz/hourly-ipv4,ziyadnz|hourly,2026-08-17T18:48:05Z,2026-08-17T18:48:05Z,
154.197.57.85,ipv4,malicious-ip,medium,WHITE,ziyadnz/hourly-ipv4,ziyadnz|hourly,2026-08-17T18:48:05Z,2026-08-17T18:48:05Z,
154.197.6.103,ipv4,malicious-ip,medium,WHITE,ziyadnz/hourly-ipv4,ziyadnz|hourly,2026-08-17T18:48:05Z,2026-08-17T18:48:05Z,
154.198.162.75,ipv4,malicious-ip,medium,WHITE,ziyadnz/hourly-ipv4,ziyadnz|hourly,2026-08-17T18:48:05Z,2026-08-17T18:48:05Z,
154.198.48.57,ipv4,malicious-ip,medium,WHITE,ziyadnz/hourly-ipv4,ziyadnz|hourly,2026-08-17T18:48:05Z,2026-08-17T18:48:05Z,
154.201.0.66,ipv4,malicious-ip,medium,WHITE,ziyadnz/hourly-ipv4,ziyadnz|hourly,2026-08-17T18:48:05Z,2026-08-17T18:48:05Z,
154.201.87.124,ipv4,malicious-ip,medium,WHITE,ziyadnz/hourly-ipv4,ziyadnz|hourly,2026-08-17T18:48:05Z,2026-08-17T18:48:05Z,
154.201.87.185,ipv4,malicious-ip,medium,WHITE,ziyadnz/hourly-ipv4,ziyadnz|hourly,2026-08-17T18:48:05Z,2026-08-17T18:48:05Z,
154.201.90.58,ipv4,malicious-ip,medium,WHITE,ziyadnz/hourly-ipv4,ziyadnz|hourly,2026-08-17T18:48:05Z,2026-08-17T18:48:05Z,
154.202.54.83,ipv4,malicious-ip,medium,WHITE,ziyadnz/hourly-ipv4,ziyadnz|hourly,2026-08-17T18:48:05Z,2026-08-17T18:48:05Z,
154.202.54.85,ipv4,malicious-ip,medium,WHITE,ziyadnz/hourly-ipv4,ziyadnz|hourly,2026-08-17T18:48:05Z,2026-08-17T18:48:05Z,
154.202.59.169,ipv4,malicious-ip,medium,WHITE,ziyadnz/hourly-ipv4,ziyadnz|hourly,2026-08-17T18:48:05Z,2026-08-17T18:48:05Z,
154.203.132.81,ipv4,malicious-ip,medium,WHITE,ziyadnz/hourly-ipv4,ziyadnz|hourly,2026-08-17T18:48:05Z,2026-08-17T18:48:05Z,
154.203.71.194,ipv4,malicious-ip,medium,WHITE,ziyadnz/hourly-ipv4,ziyadnz|hourly,2026-08-17T18:48:05Z,2026-08-17T18:48:05Z,
154.204.0.5,ipv4,malicious-ip,medium,WHITE,ziyadnz/hourly-ipv4,ziyadnz|hourly,2026-08-17T18:48:05Z,2026-08-17T18:48:05Z,
154.204.0.7,ipv4,malicious-ip,medium,WHITE,ziyadnz/hourly-ipv4,ziyadnz|hourly,2026-08-17T18:48:05Z,2026-08-17T18:48:05Z,
154.205.134.214,ipv4,malicious-ip,medium,WHITE,ziyadnz/hourly-ipv4,ziyadnz|hourly,2026-08-17T18:48:05Z,2026-08-17T18:48:05Z,
154.205.139.223,ipv4,malicious-ip,medium,WHITE,ziyadnz/hourly-ipv4,ziyadnz|hourly,2026-08-17T18:48:05Z,2026-08-17T18:48:05Z,
154.205.154.194,ipv4,malicious-ip,medium,WHITE,ziyadnz/hourly-ipv4,ziyadnz|hourly,2026-08-17T18:48:05Z,2026-08-17T18:48:05Z,
154.205.154.65,ipv4,malicious-ip,medium,WHITE,ziyadnz/hourly-ipv4,ziyadnz|hourly,2026-08-17T18:48:05Z,2026-08-17T18:48:05Z,
154.205.154.70,ipv4,malicious-ip,medium,WHITE,ziyadnz/hourly-ipv4,ziyadnz|hourly,2026-08-17T18:48:05Z,2026-08-17T18:48:05Z,
154.205.154.82,ipv4,malicious-ip,medium,WHITE,ziyadnz/hourly-ipv4,ziyadnz|hourly,2026-08-17T18:48:05Z,2026-08-17T18:48:05Z,
154.206.236.9,ipv4,malicious-ip,medium,WHITE,ziyadnz/hourly-ipv4,ziyadnz|hourly,2026-08-17T18:48:05Z,2026-08-17T18:48:05Z,
154.208.42.49,ipv4,malicious-ip,medium,WHITE,ziyadnz/hourly-ipv4,ziyadnz|hourly,2026-08-17T18:48:05Z,2026-08-17T18:48:05Z,
154.208.42.51,ipv4,malicious-ip,medium,WHITE,ziyadnz/hourly-ipv4,ziyadnz|hourly,2026-08-17T18:48:05Z,2026-08-17T18:48:05Z,
154.208.42.91,ipv4,malicious-ip,medium,WHITE,ziyadnz/hourly-ipv4,ziyadnz|hourly,2026-08-17T18:48:05Z,2026-08-17T18:48:05Z,
154.208.47.121,ipv4,malicious-ip,medium,WHITE,ziyadnz/hourly-ipv4,ziyadnz|hourly,2026-08-17T18:48:05Z,2026-08-17T18:48:05Z,
154.208.47.239,ipv4,malicious-ip,medium,WHITE,ziyadnz/hourly-ipv4,ziyadnz|hourly,2026-08-17T18:48:05Z,2026-08-17T18:48:05Z,
154.208.47.37,ipv4,malicious-ip,medium,WHITE,ziyadnz/hourly-ipv4,ziyadnz|hourly,2026-08-17T18:48:05Z,2026-08-17T18:48:05Z,
154.208.47.48,ipv4,malicious-ip,medium,WHITE,ziyadnz/hourly-ipv4,ziyadnz|hourly,2026-08-17T18:48:05Z,2026-08-17T18:48:05Z,
154.208.47.59,ipv4,malicious-ip,medium,WHITE,ziyadnz/hourly-ipv4,ziyadnz|hourly,2026-08-17T18:48:05Z,2026-08-17T18:48:05Z,
154.208.48.130,ipv4,malicious-ip,medium,WHITE,ziyadnz/hourly-ipv4,ziyadnz|hourly,2026-08-17T18:48:05Z,2026-08-17T18:48:05Z,
154.208.48.171,ipv4,malicious-ip,medium,WHITE,ziyadnz/hourly-ipv4,ziyadnz|hourly,2026-08-17T18:48:05Z,2026-08-17T18:48:05Z,
154.208.50.73,ipv4,malicious-ip,medium,WHITE,ziyadnz/hourly-ipv4,ziyadnz|hourly,2026-08-17T18:48:05Z,2026-08-17T18:48:05Z,
154.208.53.46,ipv4,malicious-ip,medium,WHITE,ziyadnz/hourly-ipv4,ziyadnz|hourly,2026-08-17T18:48:05Z,2026-08-17T18:48:05Z,
154.208.58.211,ipv4,malicious-ip,medium,WHITE,ziyadnz/hourly-ipv4,ziyadnz|hourly,2026-08-17T18:48:05Z,2026-08-17T18:48:05Z,
154.208.59.3,ipv4,malicious-ip,medium,WHITE,ziyadnz/hourly-ipv4,ziyadnz|hourly,2026-08-17T18:48:05Z,2026-08-17T18:48:05Z,
154.209.145.200,ipv4,malicious-ip,medium,WHITE,ziyadnz/hourly-ipv4,ziyadnz|hourly,2026-08-17T18:48:05Z,2026-08-17T18:48:05Z,
154.209.4.195,ipv4,malicious-ip,medium,WHITE,ziyadnz/hourly-ipv4,ziyadnz|hourly,2026-08-17T18:48:05Z,2026-08-17T18:48:05Z,
154.209.4.208,ipv4,malicious-ip,medium,WHITE,ziyadnz/hourly-ipv4,ziyadnz|hourly,2026-08-17T18:48:05Z,2026-08-17T18:48:05Z,
154.21.87.112,ipv4,malicious-ip,medium,WHITE,ziyadnz/hourly-ipv4,ziyadnz|hourly,2026-08-17T18:48:05Z,2026-08-17T18:48:05Z,
154.211.89.5,ipv4,malicious-ip,medium,WHITE,ziyadnz/hourly-ipv4,ziyadnz|hourly,2026-08-17T18:48:05Z,2026-08-17T18:48:05Z,
154.213.185.140,ipv4,malicious-ip,medium,WHITE,ziyadnz/hourly-ipv4,ziyadnz|hourly,2026-08-17T18:48:05Z,2026-08-17T18:48:05Z,
154.213.186.18,ipv4,malicious-ip,medium,WHITE,ziyadnz/hourly-ipv4,ziyadnz|hourly,2026-08-17T18:48:05Z,2026-08-17T18:48:05Z,
154.213.187.50,ipv4,malicious-ip,medium,WHITE,ziyadnz/hourly-ipv4,ziyadnz|hourly,2026-08-17T18:48:05Z,2026-08-17T18:48:05Z,
154.213.187.62,ipv4,malicious-ip,medium,WHITE,ziyadnz/hourly-ipv4,ziyadnz|hourly,2026-08-17T18:48:05Z,2026-08-17T18:48:05Z,
154.213.187.96,ipv4,malicious-ip,medium,WHITE,ziyadnz/hourly-ipv4,ziyadnz|hourly,2026-08-17T18:48:05Z,2026-08-17T18:48:05Z,
154.213.190.246,ipv4,malicious-ip,medium,WHITE,ziyadnz/hourly-ipv4,ziyadnz|hourly,2026-08-17T18:48:05Z,2026-08-17T18:48:05Z,
154.213.190.247,ipv4,malicious-ip,medium,WHITE,ziyadnz/hourly-ipv4,ziyadnz|hourly,2026-08-17T18:48:05Z,2026-08-17T18:48:05Z,
154.213.65.28,ipv4,malicious-ip,medium,WHITE,ziyadnz/hourly-ipv4,ziyadnz|hourly,2026-08-17T18:48:05Z,2026-08-17T18:48:05Z,
154.216.16.109,ipv4,malicious-ip,medium,WHITE,ziyadnz/hourly-ipv4,ziyadnz|hourly,2026-08-17T18:48:05Z,2026-08-17T18:48:05Z,
154.216.16.39,ipv4,malicious-ip,medium,WHITE,ziyadnz/hourly-ipv4,ziyadnz|hourly,2026-08-17T18:48:05Z,2026-08-17T18:48:05Z,
154.216.17.126,ipv4,malicious-ip,medium,WHITE,ziyadnz/hourly-ipv4,ziyadnz|hourly,2026-08-17T18:48:05Z,2026-08-17T18:48:05Z,
154.216.17.169,ipv4,malicious-ip,medium,WHITE,ziyadnz/hourly-ipv4,ziyadnz|hourly,2026-08-17T18:48:05Z,2026-08-17T18:48:05Z,
154.216.17.193,ipv4,malicious-ip,medium,WHITE,ziyadnz/hourly-ipv4,ziyadnz|hourly,2026-08-17T18:48:05Z,2026-08-17T18:48:05Z,
154.216.17.31,ipv4,malicious-ip,medium,WHITE,ziyadnz/hourly-ipv4,ziyadnz|hourly,2026-08-17T18:48:05Z,2026-08-17T18:48:05Z,
154.216.17.97,ipv4,malicious-ip,medium,WHITE,ziyadnz/hourly-ipv4,ziyadnz|hourly,2026-08-17T18:48:05Z,2026-08-17T18:48:05Z,
154.216.18.116,ipv4,malicious-ip,medium,WHITE,ziyadnz/hourly-ipv4,ziyadnz|hourly,2026-08-17T18:48:05Z,2026-08-17T18:48:05Z,
154.216.18.196,ipv4,malicious-ip,medium,WHITE,ziyadnz/hourly-ipv4,ziyadnz|hourly,2026-08-17T18:48:05Z,2026-08-17T18:48:05Z,
154.216.18.83,ipv4,malicious-ip,medium,WHITE,ziyadnz/hourly-ipv4,ziyadnz|hourly,2026-08-17T18:48:05Z,2026-08-17T18:48:05Z,
154.216.19.108,ipv4,malicious-ip,medium,WHITE,ziyadnz/hourly-ipv4,ziyadnz|hourly,2026-08-17T18:48:05Z,2026-08-17T18:48:05Z,
154.216.19.140,ipv4,malicious-ip,medium,WHITE,ziyadnz/hourly-ipv4,ziyadnz|hourly,2026-08-17T18:48:05Z,2026-08-17T18:48:05Z,
154.216.19.215,ipv4,malicious-ip,medium,WHITE,ziyadnz/hourly-ipv4,ziyadnz|hourly,2026-08-17T18:48:05Z,2026-08-17T18:48:05Z,
154.216.19.225,ipv4,malicious-ip,medium,WHITE,ziyadnz/hourly-ipv4,ziyadnz|hourly,2026-08-17T18:48:05Z,2026-08-17T18:48:05Z,
154.216.20.216,ipv4,malicious-ip,medium,WHITE,ziyadnz/hourly-ipv4,ziyadnz|hourly,2026-08-17T18:48:05Z,2026-08-17T18:48:05Z,
154.217.234.99,ipv4,malicious-ip,medium,WHITE,ziyadnz/hourly-ipv4,ziyadnz|hourly,2026-08-17T18:48:05Z,2026-08-17T18:48:05Z,
154.217.246.188,ipv4,malicious-ip,medium,WHITE,ziyadnz/hourly-ipv4,ziyadnz|hourly,2026-08-17T18:48:05Z,2026-08-17T18:48:05Z,
154.217.253.248,ipv4,malicious-ip,medium,WHITE,ziyadnz/hourly-ipv4,ziyadnz|hourly,2026-08-17T18:48:05Z,2026-08-17T18:48:05Z,
154.219.119.240,ipv4,malicious-ip,medium,WHITE,ziyadnz/hourly-ipv4,ziyadnz|hourly,2026-08-17T18:48:05Z,2026-08-17T18:48:05Z,
154.219.123.25,ipv4,malicious-ip,medium,WHITE,ziyadnz/hourly-ipv4,ziyadnz|hourly,2026-08-17T18:48:05Z,2026-08-17T18:48:05Z,
154.219.125.230,ipv4,malicious-ip,medium,WHITE,ziyadnz/hourly-ipv4,ziyadnz|hourly,2026-08-17T18:48:05Z,2026-08-17T18:48:05Z,
154.220.123.162,ipv4,malicious-ip,medium,WHITE,ziyadnz/hourly-ipv4,ziyadnz|hourly,2026-08-17T18:48:05Z,2026-08-17T18:48:05Z,
154.220.92.179,ipv4,malicious-ip,medium,WHITE,ziyadnz/hourly-ipv4,ziyadnz|hourly,2026-08-17T18:48:05Z,2026-08-17T18:48:05Z,
154.220.92.188,ipv4,malicious-ip,medium,WHITE,ziyadnz/hourly-ipv4,ziyadnz|hourly,2026-08-17T18:48:05Z,2026-08-17T18:48:05Z,
154.220.93.247,ipv4,malicious-ip,medium,WHITE,ziyadnz/hourly-ipv4,ziyadnz|hourly,2026-08-17T18:48:05Z,2026-08-17T18:48:05Z,
154.221.17.137,ipv4,malicious-ip,medium,WHITE,ziyadnz/hourly-ipv4,ziyadnz|hourly,2026-08-17T18:48:05Z,2026-08-17T18:48:05Z,
154.221.17.96,ipv4,malicious-ip,medium,WHITE,ziyadnz/hourly-ipv4,ziyadnz|hourly,2026-08-17T18:48:05Z,2026-08-17T18:48:05Z,
154.221.19.205,ipv4,malicious-ip,medium,WHITE,ziyadnz/hourly-ipv4,ziyadnz|hourly,2026-08-17T18:48:05Z,2026-08-17T18:48:05Z,
154.221.19.230,ipv4,malicious-ip,medium,WHITE,ziyadnz/hourly-ipv4,ziyadnz|hourly,2026-08-17T18:48:05Z,2026-08-17T18:48:05Z,
154.221.20.215,ipv4,malicious-ip,medium,WHITE,ziyadnz/hourly-ipv4,ziyadnz|hourly,2026-08-17T18:48:05Z,2026-08-17T18:48:05Z,
154.221.23.179,ipv4,malicious-ip,medium,WHITE,ziyadnz/hourly-ipv4,ziyadnz|hourly,2026-08-17T18:48:05Z,2026-08-17T18:48:05Z,
154.221.23.232,ipv4,malicious-ip,medium,WHITE,ziyadnz/hourly-ipv4,ziyadnz|hourly,2026-08-17T18:48:05Z,2026-08-17T18:48:05Z,
154.221.24.196,ipv4,malicious-ip,medium,WHITE,ziyadnz/hourly-ipv4,ziyadnz|hourly,2026-08-17T18:48:05Z,2026-08-17T18:48:05Z,
154.221.25.72,ipv4,malicious-ip,medium,WHITE,ziyadnz/hourly-ipv4,ziyadnz|hourly,2026-08-17T18:48:05Z,2026-08-17T18:48:05Z,
154.221.28.214,ipv4,malicious-ip,medium,WHITE,ziyadnz/hourly-ipv4,ziyadnz|hourly,2026-08-17T18:48:05Z,2026-08-17T18:48:05Z,
154.221.30.136,ipv4,malicious-ip,medium,WHITE,ziyadnz/hourly-ipv4,ziyadnz|hourly,2026-08-17T18:48:05Z,2026-08-17T18:48:05Z,
154.222.224.94,ipv4,malicious-ip,medium,WHITE,ziyadnz/hourly-ipv4,ziyadnz|hourly,2026-08-17T18:48:05Z,2026-08-17T18:48:05Z,
154.223.128.42,ipv4,malicious-ip,medium,WHITE,ziyadnz/hourly-ipv4,ziyadnz|hourly,2026-08-17T18:48:05Z,2026-08-17T18:48:05Z,
154.223.128.50,ipv4,malicious-ip,medium,WHITE,ziyadnz/hourly-ipv4,ziyadnz|hourly,2026-08-17T18:48:05Z,2026-08-17T18:48:05Z,
154.223.17.178,ipv4,malicious-ip,medium,WHITE,ziyadnz/hourly-ipv4,ziyadnz|hourly,2026-08-17T18:48:05Z,2026-08-17T18:48:05Z,
154.223.19.106,ipv4,malicious-ip,medium,WHITE,ziyadnz/hourly-ipv4,ziyadnz|hourly,2026-08-17T18:48:05Z,2026-08-17T18:48:05Z,
154.223.21.130,ipv4,malicious-ip,medium,WHITE,ziyadnz/hourly-ipv4,ziyadnz|hourly,2026-08-17T18:48:05Z,2026-08-17T18:48:05Z,
154.223.21.194,ipv4,malicious-ip,medium,WHITE,ziyadnz/hourly-ipv4,ziyadnz|hourly,2026-08-17T18:48:05Z,2026-08-17T18:48:05Z,
154.223.24.158,ipv4,malicious-ip,medium,WHITE,ziyadnz/hourly-ipv4,ziyadnz|hourly,2026-08-17T18:48:05Z,2026-08-17T18:48:05Z,
154.223.54.159,ipv4,malicious-ip,medium,WHITE,ziyadnz/hourly-ipv4,ziyadnz|hourly,2026-08-17T18:48:05Z,2026-08-17T18:48:05Z,
154.223.58.142,ipv4,malicious-ip,medium,WHITE,ziyadnz/hourly-ipv4,ziyadnz|hourly,2026-08-17T18:48:05Z,2026-08-17T18:48:05Z,
154.223.58.64,ipv4,malicious-ip,medium,WHITE,ziyadnz/hourly-ipv4,ziyadnz|hourly,2026-08-17T18:48:05Z,2026-08-17T18:48:05Z,
154.223.75.206,ipv4,malicious-ip,medium,WHITE,ziyadnz/hourly-ipv4,ziyadnz|hourly,2026-08-17T18:48:05Z,2026-08-17T18:48:05Z,
154.227.128.140,ipv4,malicious-ip,medium,WHITE,ziyadnz/hourly-ipv4,ziyadnz|hourly,2026-08-17T18:48:05Z,2026-08-17T18:48:05Z,
154.227.129.19,ipv4,malicious-ip,medium,WHITE,ziyadnz/hourly-ipv4,ziyadnz|hourly,2026-08-17T18:48:05Z,2026-08-17T18:48:05Z,
154.227.131.132,ipv4,malicious-ip,medium,WHITE,ziyadnz/hourly-ipv4,ziyadnz|hourly,2026-08-17T18:48:05Z,2026-08-17T18:48:05Z,
154.227.131.216,ipv4,malicious-ip,medium,WHITE,ziyadnz/hourly-ipv4,ziyadnz|hourly,2026-08-17T18:48:05Z,2026-08-17T18:48:05Z,
154.23.186.99,ipv4,malicious-ip,medium,WHITE,ziyadnz/hourly-ipv4,ziyadnz|hourly,2026-08-17T18:48:05Z,2026-08-17T18:48:05Z,
154.23.221.136,ipv4,malicious-ip,medium,WHITE,ziyadnz/hourly-ipv4,ziyadnz|hourly,2026-08-17T18:48:05Z,2026-08-17T18:48:05Z,
154.23.243.120,ipv4,malicious-ip,medium,WHITE,ziyadnz/hourly-ipv4,ziyadnz|hourly,2026-08-17T18:48:05Z,2026-08-17T18:48:05Z,
154.236.187.231,ipv4,malicious-ip,medium,WHITE,ziyadnz/hourly-ipv4,ziyadnz|hourly,2026-08-17T18:48:05Z,2026-08-17T18:48:05Z,
154.236.187.90,ipv4,malicious-ip,medium,WHITE,ziyadnz/hourly-ipv4,ziyadnz|hourly,2026-08-17T18:48:05Z,2026-08-17T18:48:05Z,
154.237.88.82,ipv4,malicious-ip,medium,WHITE,ziyadnz/hourly-ipv4,ziyadnz|hourly,2026-08-17T18:48:05Z,2026-08-17T18:48:05Z,
154.241.1.239,ipv4,malicious-ip,medium,WHITE,ziyadnz/hourly-ipv4,ziyadnz|hourly,2026-08-17T18:48:05Z,2026-08-17T18:48:05Z,
154.241.14.201,ipv4,malicious-ip,medium,WHITE,ziyadnz/hourly-ipv4,ziyadnz|hourly,2026-08-17T18:48:05Z,2026-08-17T18:48:05Z,
154.241.164.253,ipv4,malicious-ip,medium,WHITE,ziyadnz/hourly-ipv4,ziyadnz|hourly,2026-08-17T18:48:05Z,2026-08-17T18:48:05Z,
154.241.174.68,ipv4,malicious-ip,medium,WHITE,ziyadnz/hourly-ipv4,ziyadnz|hourly,2026-08-17T18:48:05Z,2026-08-17T18:48:05Z,
154.241.24.205,ipv4,malicious-ip,medium,WHITE,ziyadnz/hourly-ipv4,ziyadnz|hourly,2026-08-17T18:48:05Z,2026-08-17T18:48:05Z,
154.241.26.215,ipv4,malicious-ip,medium,WHITE,ziyadnz/hourly-ipv4,ziyadnz|hourly,2026-08-17T18:48:05Z,2026-08-17T18:48:05Z,
154.241.27.219,ipv4,malicious-ip,medium,WHITE,ziyadnz/hourly-ipv4,ziyadnz|hourly,2026-08-17T18:48:05Z,2026-08-17T18:48:05Z,
154.241.30.249,ipv4,malicious-ip,medium,WHITE,ziyadnz/hourly-ipv4,ziyadnz|hourly,2026-08-17T18:48:05Z,2026-08-17T18:48:05Z,
154.241.31.205,ipv4,malicious-ip,medium,WHITE,ziyadnz/hourly-ipv4,ziyadnz|hourly,2026-08-17T18:48:05Z,2026-08-17T18:48:05Z,
154.241.31.235,ipv4,malicious-ip,medium,WHITE,ziyadnz/hourly-ipv4,ziyadnz|hourly,2026-08-17T18:48:05Z,2026-08-17T18:48:05Z,
154.241.31.63,ipv4,malicious-ip,medium,WHITE,ziyadnz/hourly-ipv4,ziyadnz|hourly,2026-08-17T18:48:05Z,2026-08-17T18:48:05Z,
154.241.38.184,ipv4,malicious-ip,medium,WHITE,ziyadnz/hourly-ipv4,ziyadnz|hourly,2026-08-17T18:48:05Z,2026-08-17T18:48:05Z,
154.241.43.166,ipv4,malicious-ip,medium,WHITE,ziyadnz/hourly-ipv4,ziyadnz|hourly,2026-08-17T18:48:05Z,2026-08-17T18:48:05Z,
154.241.44.217,ipv4,malicious-ip,medium,WHITE,ziyadnz/hourly-ipv4,ziyadnz|hourly,2026-08-17T18:48:05Z,2026-08-17T18:48:05Z,
154.241.45.74,ipv4,malicious-ip,medium,WHITE,ziyadnz/hourly-ipv4,ziyadnz|hourly,2026-08-17T18:48:05Z,2026-08-17T18:48:05Z,
154.241.49.48,ipv4,malicious-ip,medium,WHITE,ziyadnz/hourly-ipv4,ziyadnz|hourly,2026-08-17T18:48:05Z,2026-08-17T18:48:05Z,
154.241.53.140,ipv4,malicious-ip,medium,WHITE,ziyadnz/hourly-ipv4,ziyadnz|hourly,2026-08-17T18:48:05Z,2026-08-17T18:48:05Z,
154.241.57.214,ipv4,malicious-ip,medium,WHITE,ziyadnz/hourly-ipv4,ziyadnz|hourly,2026-08-17T18:48:05Z,2026-08-17T18:48:05Z,
154.241.58.203,ipv4,malicious-ip,medium,WHITE,ziyadnz/hourly-ipv4,ziyadnz|hourly,2026-08-17T18:48:05Z,2026-08-17T18:48:05Z,
154.241.6.13,ipv4,malicious-ip,medium,WHITE,ziyadnz/hourly-ipv4,ziyadnz|hourly,2026-08-17T18:48:05Z,2026-08-17T18:48:05Z,
154.241.62.108,ipv4,malicious-ip,medium,WHITE,ziyadnz/hourly-ipv4,ziyadnz|hourly,2026-08-17T18:48:05Z,2026-08-17T18:48:05Z,
154.241.66.102,ipv4,malicious-ip,medium,WHITE,ziyadnz/hourly-ipv4,ziyadnz|hourly,2026-08-17T18:48:05Z,2026-08-17T18:48:05Z,
154.241.7.150,ipv4,malicious-ip,medium,WHITE,ziyadnz/hourly-ipv4,ziyadnz|hourly,2026-08-17T18:48:05Z,2026-08-17T18:48:05Z,
154.241.7.66,ipv4,malicious-ip,medium,WHITE,ziyadnz/hourly-ipv4,ziyadnz|hourly,2026-08-17T18:48:05Z,2026-08-17T18:48:05Z,
154.241.8.62,ipv4,malicious-ip,medium,WHITE,ziyadnz/hourly-ipv4,ziyadnz|hourly,2026-08-17T18:48:05Z,2026-08-17T18:48:05Z,
154.241.9.42,ipv4,malicious-ip,medium,WHITE,ziyadnz/hourly-ipv4,ziyadnz|hourly,2026-08-17T18:48:05Z,2026-08-17T18:48:05Z,
154.242.213.238,ipv4,malicious-ip,medium,WHITE,ziyadnz/hourly-ipv4,ziyadnz|hourly,2026-08-17T18:48:05Z,2026-08-17T18:48:05Z,
154.242.219.25,ipv4,malicious-ip,medium,WHITE,ziyadnz/hourly-ipv4,ziyadnz|hourly,2026-08-17T18:48:05Z,2026-08-17T18:48:05Z,
154.242.76.9,ipv4,malicious-ip,medium,WHITE,ziyadnz/hourly-ipv4,ziyadnz|hourly,2026-08-17T18:48:05Z,2026-08-17T18:48:05Z,
154.243.165.33,ipv4,malicious-ip,medium,WHITE,ziyadnz/hourly-ipv4,ziyadnz|hourly,2026-08-17T18:48:05Z,2026-08-17T18:48:05Z,
154.246.32.93,ipv4,malicious-ip,medium,WHITE,ziyadnz/hourly-ipv4,ziyadnz|hourly,2026-08-17T18:48:05Z,2026-08-17T18:48:05Z,
154.248.77.30,ipv4,malicious-ip,medium,WHITE,ziyadnz/hourly-ipv4,ziyadnz|hourly,2026-08-17T18:48:05Z,2026-08-17T18:48:05Z,
154.255.3.182,ipv4,malicious-ip,medium,WHITE,ziyadnz/hourly-ipv4,ziyadnz|hourly,2026-08-17T18:48:05Z,2026-08-17T18:48:05Z,
154.26.157.92,ipv4,malicious-ip,medium,WHITE,ziyadnz/hourly-ipv4,ziyadnz|hourly,2026-08-17T18:48:05Z,2026-08-17T18:48:05Z,
154.26.159.157,ipv4,malicious-ip,medium,WHITE,ziyadnz/hourly-ipv4,ziyadnz|hourly,2026-08-17T18:48:05Z,2026-08-17T18:48:05Z,
154.26.190.6,ipv4,malicious-ip,medium,WHITE,ziyadnz/hourly-ipv4,ziyadnz|hourly,2026-08-17T18:48:05Z,2026-08-17T18:48:05Z,
154.26.235.97,ipv4,malicious-ip,medium,WHITE,ziyadnz/hourly-ipv4,ziyadnz|hourly,2026-08-17T18:48:05Z,2026-08-17T18:48:05Z,
154.27.140.166,ipv4,malicious-ip,medium,WHITE,ziyadnz/hourly-ipv4,ziyadnz|hourly,2026-08-17T18:48:05Z,2026-08-17T18:48:05Z,
154.27.203.18,ipv4,malicious-ip,medium,WHITE,ziyadnz/hourly-ipv4,ziyadnz|hourly,2026-08-17T18:48:05Z,2026-08-17T18:48:05Z,
154.29.72.89,ipv4,malicious-ip,medium,WHITE,ziyadnz/hourly-ipv4,ziyadnz|hourly,2026-08-17T18:48:05Z,2026-08-17T18:48:05Z,
154.29.76.173,ipv4,malicious-ip,medium,WHITE,ziyadnz/hourly-ipv4,ziyadnz|hourly,2026-08-17T18:48:05Z,2026-08-17T18:48:05Z,
154.3.61.177,ipv4,malicious-ip,medium,WHITE,ziyadnz/hourly-ipv4,ziyadnz|hourly,2026-08-17T18:48:05Z,2026-08-17T18:48:05Z,
154.36.153.214,ipv4,malicious-ip,medium,WHITE,ziyadnz/hourly-ipv4,ziyadnz|hourly,2026-08-17T18:48:05Z,2026-08-17T18:48:05Z,
154.36.185.189,ipv4,malicious-ip,medium,WHITE,ziyadnz/hourly-ipv4,ziyadnz|hourly,2026-08-17T18:48:05Z,2026-08-17T18:48:05Z,
154.36.209.120,ipv4,malicious-ip,medium,WHITE,ziyadnz/hourly-ipv4,ziyadnz|hourly,2026-08-17T18:48:05Z,2026-08-17T18:48:05Z,
154.36.230.214,ipv4,malicious-ip,medium,WHITE,ziyadnz/hourly-ipv4,ziyadnz|hourly,2026-08-17T18:48:05Z,2026-08-17T18:48:05Z,
154.39.137.203,ipv4,malicious-ip,medium,WHITE,ziyadnz/hourly-ipv4,ziyadnz|hourly,2026-08-17T18:48:05Z,2026-08-17T18:48:05Z,
154.39.142.177,ipv4,malicious-ip,medium,WHITE,ziyadnz/hourly-ipv4,ziyadnz|hourly,2026-08-17T18:48:05Z,2026-08-17T18:48:05Z,
154.39.238.101,ipv4,malicious-ip,medium,WHITE,ziyadnz/hourly-ipv4,ziyadnz|hourly,2026-08-17T18:48:05Z,2026-08-17T18:48:05Z,
154.40.136.244,ipv4,malicious-ip,medium,WHITE,ziyadnz/hourly-ipv4,ziyadnz|hourly,2026-08-17T18:48:05Z,2026-08-17T18:48:05Z,
154.40.58.52,ipv4,malicious-ip,medium,WHITE,ziyadnz/hourly-ipv4,ziyadnz|hourly,2026-08-17T18:48:05Z,2026-08-17T18:48:05Z,
154.44.13.146,ipv4,malicious-ip,medium,WHITE,ziyadnz/hourly-ipv4,ziyadnz|hourly,2026-08-17T18:48:05Z,2026-08-17T18:48:05Z,
154.44.25.12,ipv4,malicious-ip,medium,WHITE,ziyadnz/hourly-ipv4,ziyadnz|hourly,2026-08-17T18:48:05Z,2026-08-17T18:48:05Z,
154.44.30.27,ipv4,malicious-ip,medium,WHITE,ziyadnz/hourly-ipv4,ziyadnz|hourly,2026-08-17T18:48:05Z,2026-08-17T18:48:05Z,
154.44.9.131,ipv4,malicious-ip,medium,WHITE,ziyadnz/hourly-ipv4,ziyadnz|hourly,2026-08-17T18:48:05Z,2026-08-17T18:48:05Z,
154.47.16.225,ipv4,malicious-ip,medium,WHITE,ziyadnz/hourly-ipv4,ziyadnz|hourly,2026-08-17T18:48:05Z,2026-08-17T18:48:05Z,
154.47.16.229,ipv4,malicious-ip,medium,WHITE,ziyadnz/hourly-ipv4,ziyadnz|hourly,2026-08-17T18:48:05Z,2026-08-17T18:48:05Z,
154.47.20.228,ipv4,malicious-ip,medium,WHITE,ziyadnz/hourly-ipv4,ziyadnz|hourly,2026-08-17T18:48:05Z,2026-08-17T18:48:05Z,
154.47.27.115,ipv4,malicious-ip,medium,WHITE,ziyadnz/hourly-ipv4,ziyadnz|hourly,2026-08-17T18:48:05Z,2026-08-17T18:48:05Z,
154.47.29.235,ipv4,malicious-ip,medium,WHITE,ziyadnz/hourly-ipv4,ziyadnz|hourly,2026-08-17T18:48:05Z,2026-08-17T18:48:05Z,
154.47.30.5,ipv4,malicious-ip,medium,WHITE,ziyadnz/hourly-ipv4,ziyadnz|hourly,2026-08-17T18:48:05Z,2026-08-17T18:48:05Z,
154.49.137.16,ipv4,malicious-ip,medium,WHITE,ziyadnz/hourly-ipv4,ziyadnz|hourly,2026-08-17T18:48:05Z,2026-08-17T18:48:05Z,
154.50.100.65,ipv4,malicious-ip,medium,WHITE,ziyadnz/hourly-ipv4,ziyadnz|hourly,2026-08-17T18:48:05Z,2026-08-17T18:48:05Z,
154.52.1.3,ipv4,malicious-ip,medium,WHITE,ziyadnz/hourly-ipv4,ziyadnz|hourly,2026-08-17T18:48:05Z,2026-08-17T18:48:05Z,
154.53.42.251,ipv4,malicious-ip,medium,WHITE,ziyadnz/hourly-ipv4,ziyadnz|hourly,2026-08-17T18:48:05Z,2026-08-17T18:48:05Z,
154.53.56.231,ipv4,malicious-ip,medium,WHITE,ziyadnz/hourly-ipv4,ziyadnz|hourly,2026-08-17T18:48:05Z,2026-08-17T18:48:05Z,
154.53.58.161,ipv4,malicious-ip,medium,WHITE,ziyadnz/hourly-ipv4,ziyadnz|hourly,2026-08-17T18:48:05Z,2026-08-17T18:48:05Z,
154.53.75.91,ipv4,malicious-ip,medium,WHITE,ziyadnz/hourly-ipv4,ziyadnz|hourly,2026-08-17T18:48:05Z,2026-08-17T18:48:05Z,
154.56.114.187,ipv4,malicious-ip,medium,WHITE,ziyadnz/hourly-ipv4,ziyadnz|hourly,2026-08-17T18:48:05Z,2026-08-17T18:48:05Z,
154.57.199.46,ipv4,malicious-ip,medium,WHITE,ziyadnz/hourly-ipv4,ziyadnz|hourly,2026-08-17T18:48:05Z,2026-08-17T18:48:05Z,
154.57.208.12,ipv4,malicious-ip,medium,WHITE,ziyadnz/hourly-ipv4,ziyadnz|hourly,2026-08-17T18:48:05Z,2026-08-17T18:48:05Z,
154.57.213.93,ipv4,malicious-ip,medium,WHITE,ziyadnz/hourly-ipv4,ziyadnz|hourly,2026-08-17T18:48:05Z,2026-08-17T18:48:05Z,
154.57.216.142,ipv4,malicious-ip,medium,WHITE,ziyadnz/hourly-ipv4,ziyadnz|hourly,2026-08-17T18:48:05Z,2026-08-17T18:48:05Z,
154.57.221.208,ipv4,malicious-ip,medium,WHITE,ziyadnz/hourly-ipv4,ziyadnz|hourly,2026-08-17T18:48:05Z,2026-08-17T18:48:05Z,
154.57.221.235,ipv4,malicious-ip,medium,WHITE,ziyadnz/hourly-ipv4,ziyadnz|hourly,2026-08-17T18:48:05Z,2026-08-17T18:48:05Z,
154.57.223.133,ipv4,malicious-ip,medium,WHITE,ziyadnz/hourly-ipv4,ziyadnz|hourly,2026-08-17T18:48:05Z,2026-08-17T18:48:05Z,
154.58.234.51,ipv4,malicious-ip,medium,WHITE,ziyadnz/hourly-ipv4,ziyadnz|hourly,2026-08-17T18:48:05Z,2026-08-17T18:48:05Z,
154.59.56.145,ipv4,malicious-ip,medium,WHITE,ziyadnz/hourly-ipv4,ziyadnz|hourly,2026-08-17T18:48:05Z,2026-08-17T18:48:05Z,
154.6.110.30,ipv4,malicious-ip,medium,WHITE,ziyadnz/hourly-ipv4,ziyadnz|hourly,2026-08-17T18:48:05Z,2026-08-17T18:48:05Z,
154.6.145.14,ipv4,malicious-ip,medium,WHITE,ziyadnz/hourly-ipv4,ziyadnz|hourly,2026-08-17T18:48:05Z,2026-08-17T18:48:05Z,
154.6.197.37,ipv4,malicious-ip,medium,WHITE,ziyadnz/hourly-ipv4,ziyadnz|hourly,2026-08-17T18:48:05Z,2026-08-17T18:48:05Z,
154.6.197.44,ipv4,malicious-ip,medium,WHITE,ziyadnz/hourly-ipv4,ziyadnz|hourly,2026-08-17T18:48:05Z,2026-08-17T18:48:05Z,
154.61.72.205,ipv4,malicious-ip,medium,WHITE,ziyadnz/hourly-ipv4,ziyadnz|hourly,2026-08-17T18:48:05Z,2026-08-17T18:48:05Z,
154.61.75.156,ipv4,malicious-ip,medium,WHITE,ziyadnz/hourly-ipv4,ziyadnz|hourly,2026-08-17T18:48:05Z,2026-08-17T18:48:05Z,
154.61.77.105,ipv4,malicious-ip,medium,WHITE,ziyadnz/hourly-ipv4,ziyadnz|hourly,2026-08-17T18:48:05Z,2026-08-17T18:48:05Z,
154.62.226.22,ipv4,malicious-ip,medium,WHITE,ziyadnz/hourly-ipv4,ziyadnz|hourly,2026-08-17T18:48:05Z,2026-08-17T18:48:05Z,
154.63.164.8,ipv4,malicious-ip,medium,WHITE,ziyadnz/hourly-ipv4,ziyadnz|hourly,2026-08-17T18:48:05Z,2026-08-17T18:48:05Z,
154.64.245.13,ipv4,malicious-ip,medium,WHITE,ziyadnz/hourly-ipv4,ziyadnz|hourly,2026-08-17T18:48:05Z,2026-08-17T18:48:05Z,
154.66.106.217,ipv4,malicious-ip,medium,WHITE,ziyadnz/hourly-ipv4,ziyadnz|hourly,2026-08-17T18:48:05Z,2026-08-17T18:48:05Z,
154.66.109.229,ipv4,malicious-ip,medium,WHITE,ziyadnz/hourly-ipv4,ziyadnz|hourly,2026-08-17T18:48:05Z,2026-08-17T18:48:05Z,
154.66.135.55,ipv4,malicious-ip,medium,WHITE,ziyadnz/hourly-ipv4,ziyadnz|hourly,2026-08-17T18:48:05Z,2026-08-17T18:48:05Z,
154.66.197.114,ipv4,malicious-ip,medium,WHITE,ziyadnz/hourly-ipv4,ziyadnz|hourly,2026-08-17T18:48:05Z,2026-08-17T18:48:05Z,
154.67.221.53,ipv4,malicious-ip,medium,WHITE,ziyadnz/hourly-ipv4,ziyadnz|hourly,2026-08-17T18:48:05Z,2026-08-17T18:48:05Z,
154.67.244.41,ipv4,malicious-ip,medium,WHITE,ziyadnz/hourly-ipv4,ziyadnz|hourly,2026-08-17T18:48:05Z,2026-08-17T18:48:05Z,
154.7.228.30,ipv4,malicious-ip,medium,WHITE,ziyadnz/hourly-ipv4,ziyadnz|hourly,2026-08-17T18:48:05Z,2026-08-17T18:48:05Z,
154.7.253.113,ipv4,malicious-ip,medium,WHITE,ziyadnz/hourly-ipv4,ziyadnz|hourly,2026-08-17T18:48:05Z,2026-08-17T18:48:05Z,
154.70.207.29,ipv4,malicious-ip,medium,WHITE,ziyadnz/hourly-ipv4,ziyadnz|hourly,2026-08-17T18:48:05Z,2026-08-17T18:48:05Z,
154.72.160.78,ipv4,malicious-ip,medium,WHITE,ziyadnz/hourly-ipv4,ziyadnz|hourly,2026-08-17T18:48:05Z,2026-08-17T18:48:05Z,
154.72.163.232,ipv4,malicious-ip,medium,WHITE,ziyadnz/hourly-ipv4,ziyadnz|hourly,2026-08-17T18:48:05Z,2026-08-17T18:48:05Z,
154.72.20.39,ipv4,malicious-ip,medium,WHITE,ziyadnz/hourly-ipv4,ziyadnz|hourly,2026-08-17T18:48:05Z,2026-08-17T18:48:05Z,
154.72.201.206,ipv4,malicious-ip,medium,WHITE,ziyadnz/hourly-ipv4,ziyadnz|hourly,2026-08-17T18:48:05Z,2026-08-17T18:48:05Z,
154.72.24.250,ipv4,malicious-ip,medium,WHITE,ziyadnz/hourly-ipv4,ziyadnz|hourly,2026-08-17T18:48:05Z,2026-08-17T18:48:05Z,
154.72.85.34,ipv4,malicious-ip,medium,WHITE,ziyadnz/hourly-ipv4,ziyadnz|hourly,2026-08-17T18:48:05Z,2026-08-17T18:48:05Z,
154.73.168.229,ipv4,malicious-ip,medium,WHITE,ziyadnz/hourly-ipv4,ziyadnz|hourly,2026-08-17T18:48:05Z,2026-08-17T18:48:05Z,
154.73.53.21,ipv4,malicious-ip,medium,WHITE,ziyadnz/hourly-ipv4,ziyadnz|hourly,2026-08-17T18:48:05Z,2026-08-17T18:48:05Z,
154.74.156.30,ipv4,malicious-ip,medium,WHITE,ziyadnz/hourly-ipv4,ziyadnz|hourly,2026-08-17T18:48:05Z,2026-08-17T18:48:05Z,
154.74.158.15,ipv4,malicious-ip,medium,WHITE,ziyadnz/hourly-ipv4,ziyadnz|hourly,2026-08-17T18:48:05Z,2026-08-17T18:48:05Z,
154.74.158.30,ipv4,malicious-ip,medium,WHITE,ziyadnz/hourly-ipv4,ziyadnz|hourly,2026-08-17T18:48:05Z,2026-08-17T18:48:05Z,
154.74.187.13,ipv4,malicious-ip,medium,WHITE,ziyadnz/hourly-ipv4,ziyadnz|hourly,2026-08-17T18:48:05Z,2026-08-17T18:48:05Z,
154.79.251.168,ipv4,malicious-ip,medium,WHITE,ziyadnz/hourly-ipv4,ziyadnz|hourly,2026-08-17T18:48:05Z,2026-08-17T18:48:05Z,
154.8.138.226,ipv4,malicious-ip,medium,WHITE,ziyadnz/hourly-ipv4,ziyadnz|hourly,2026-08-17T18:48:05Z,2026-08-17T18:48:05Z,
154.8.163.214,ipv4,malicious-ip,medium,WHITE,ziyadnz/hourly-ipv4,ziyadnz|hourly,2026-08-17T18:48:05Z,2026-08-17T18:48:05Z,
154.8.168.212,ipv4,malicious-ip,medium,WHITE,ziyadnz/hourly-ipv4,ziyadnz|hourly,2026-08-17T18:48:05Z,2026-08-17T18:48:05Z,
154.8.192.55,ipv4,malicious-ip,medium,WHITE,ziyadnz/hourly-ipv4,ziyadnz|hourly,2026-08-17T18:48:05Z,2026-08-17T18:48:05Z,
154.8.200.4,ipv4,malicious-ip,medium,WHITE,ziyadnz/hourly-ipv4,ziyadnz|hourly,2026-08-17T18:48:05Z,2026-08-17T18:48:05Z,
154.81.14.172,ipv4,malicious-ip,medium,WHITE,ziyadnz/hourly-ipv4,ziyadnz|hourly,2026-08-17T18:48:05Z,2026-08-17T18:48:05Z,
154.81.15.63,ipv4,malicious-ip,medium,WHITE,ziyadnz/hourly-ipv4,ziyadnz|hourly,2026-08-17T18:48:05Z,2026-08-17T18:48:05Z,
154.81.15.82,ipv4,malicious-ip,medium,WHITE,ziyadnz/hourly-ipv4,ziyadnz|hourly,2026-08-17T18:48:05Z,2026-08-17T18:48:05Z,
154.81.156.54,ipv4,malicious-ip,medium,WHITE,ziyadnz/hourly-ipv4,ziyadnz|hourly,2026-08-17T18:48:05Z,2026-08-17T18:48:05Z,
154.82.81.192,ipv4,malicious-ip,medium,WHITE,ziyadnz/hourly-ipv4,ziyadnz|hourly,2026-08-17T18:48:05Z,2026-08-17T18:48:05Z,
154.82.81.205,ipv4,malicious-ip,medium,WHITE,ziyadnz/hourly-ipv4,ziyadnz|hourly,2026-08-17T18:48:05Z,2026-08-17T18:48:05Z,
154.82.84.227,ipv4,malicious-ip,medium,WHITE,ziyadnz/hourly-ipv4,ziyadnz|hourly,2026-08-17T18:48:05Z,2026-08-17T18:48:05Z,
154.82.92.35,ipv4,malicious-ip,medium,WHITE,ziyadnz/hourly-ipv4,ziyadnz|hourly,2026-08-17T18:48:05Z,2026-08-17T18:48:05Z,
154.83.12.172,ipv4,malicious-ip,medium,WHITE,ziyadnz/hourly-ipv4,ziyadnz|hourly,2026-08-17T18:48:05Z,2026-08-17T18:48:05Z,
154.83.12.193,ipv4,malicious-ip,medium,WHITE,ziyadnz/hourly-ipv4,ziyadnz|hourly,2026-08-17T18:48:05Z,2026-08-17T18:48:05Z,
154.83.13.181,ipv4,malicious-ip,medium,WHITE,ziyadnz/hourly-ipv4,ziyadnz|hourly,2026-08-17T18:48:05Z,2026-08-17T18:48:05Z,
154.83.16.160,ipv4,malicious-ip,medium,WHITE,ziyadnz/hourly-ipv4,ziyadnz|hourly,2026-08-17T18:48:05Z,2026-08-17T18:48:05Z,
154.83.197.10,ipv4,malicious-ip,medium,WHITE,ziyadnz/hourly-ipv4,ziyadnz|hourly,2026-08-17T18:48:05Z,2026-08-17T18:48:05Z,
154.83.197.102,ipv4,malicious-ip,medium,WHITE,ziyadnz/hourly-ipv4,ziyadnz|hourly,2026-08-17T18:48:05Z,2026-08-17T18:48:05Z,
154.83.197.107,ipv4,malicious-ip,medium,WHITE,ziyadnz/hourly-ipv4,ziyadnz|hourly,2026-08-17T18:48:05Z,2026-08-17T18:48:05Z,
154.83.197.108,ipv4,malicious-ip,medium,WHITE,ziyadnz/hourly-ipv4,ziyadnz|hourly,2026-08-17T18:48:05Z,2026-08-17T18:48:05Z,
154.83.197.11,ipv4,malicious-ip,medium,WHITE,ziyadnz/hourly-ipv4,ziyadnz|hourly,2026-08-17T18:48:05Z,2026-08-17T18:48:05Z,
154.83.197.121,ipv4,malicious-ip,medium,WHITE,ziyadnz/hourly-ipv4,ziyadnz|hourly,2026-08-17T18:48:05Z,2026-08-17T18:48:05Z,
154.83.197.124,ipv4,malicious-ip,medium,WHITE,ziyadnz/hourly-ipv4,ziyadnz|hourly,2026-08-17T18:48:05Z,2026-08-17T18:48:05Z,
154.83.197.125,ipv4,malicious-ip,medium,WHITE,ziyadnz/hourly-ipv4,ziyadnz|hourly,2026-08-17T18:48:05Z,2026-08-17T18:48:05Z,
154.83.197.126,ipv4,malicious-ip,medium,WHITE,ziyadnz/hourly-ipv4,ziyadnz|hourly,2026-08-17T18:48:05Z,2026-08-17T18:48:05Z,
154.83.197.127,ipv4,malicious-ip,medium,WHITE,ziyadnz/hourly-ipv4,ziyadnz|hourly,2026-08-17T18:48:05Z,2026-08-17T18:48:05Z,
154.83.197.128,ipv4,malicious-ip,medium,WHITE,ziyadnz/hourly-ipv4,ziyadnz|hourly,2026-08-17T18:48:05Z,2026-08-17T18:48:05Z,
154.83.197.130,ipv4,malicious-ip,medium,WHITE,ziyadnz/hourly-ipv4,ziyadnz|hourly,2026-08-17T18:48:05Z,2026-08-17T18:48:05Z,
154.83.197.139,ipv4,malicious-ip,medium,WHITE,ziyadnz/hourly-ipv4,ziyadnz|hourly,2026-08-17T18:48:05Z,2026-08-17T18:48:05Z,
154.83.197.14,ipv4,malicious-ip,medium,WHITE,ziyadnz/hourly-ipv4,ziyadnz|hourly,2026-08-17T18:48:05Z,2026-08-17T18:48:05Z,
154.83.197.140,ipv4,malicious-ip,medium,WHITE,ziyadnz/hourly-ipv4,ziyadnz|hourly,2026-08-17T18:48:05Z,2026-08-17T18:48:05Z,
154.83.197.142,ipv4,malicious-ip,medium,WHITE,ziyadnz/hourly-ipv4,ziyadnz|hourly,2026-08-17T18:48:05Z,2026-08-17T18:48:05Z,
154.83.197.15,ipv4,malicious-ip,medium,WHITE,ziyadnz/hourly-ipv4,ziyadnz|hourly,2026-08-17T18:48:05Z,2026-08-17T18:48:05Z,
154.83.197.157,ipv4,malicious-ip,medium,WHITE,ziyadnz/hourly-ipv4,ziyadnz|hourly,2026-08-17T18:48:05Z,2026-08-17T18:48:05Z,
154.83.197.158,ipv4,malicious-ip,medium,WHITE,ziyadnz/hourly-ipv4,ziyadnz|hourly,2026-08-17T18:48:05Z,2026-08-17T18:48:05Z,
154.83.197.161,ipv4,malicious-ip,medium,WHITE,ziyadnz/hourly-ipv4,ziyadnz|hourly,2026-08-17T18:48:05Z,2026-08-17T18:48:05Z,
154.83.197.164,ipv4,malicious-ip,medium,WHITE,ziyadnz/hourly-ipv4,ziyadnz|hourly,2026-08-17T18:48:05Z,2026-08-17T18:48:05Z,
154.83.197.167,ipv4,malicious-ip,medium,WHITE,ziyadnz/hourly-ipv4,ziyadnz|hourly,2026-08-17T18:48:05Z,2026-08-17T18:48:05Z,
154.83.197.169,ipv4,malicious-ip,medium,WHITE,ziyadnz/hourly-ipv4,ziyadnz|hourly,2026-08-17T18:48:05Z,2026-08-17T18:48:05Z,
154.83.197.180,ipv4,malicious-ip,medium,WHITE,ziyadnz/hourly-ipv4,ziyadnz|hourly,2026-08-17T18:48:05Z,2026-08-17T18:48:05Z,
154.83.197.185,ipv4,malicious-ip,medium,WHITE,ziyadnz/hourly-ipv4,ziyadnz|hourly,2026-08-17T18:48:05Z,2026-08-17T18:48:05Z,
154.83.197.197,ipv4,malicious-ip,medium,WHITE,ziyadnz/hourly-ipv4,ziyadnz|hourly,2026-08-17T18:48:05Z,2026-08-17T18:48:05Z,
154.83.197.200,ipv4,malicious-ip,medium,WHITE,ziyadnz/hourly-ipv4,ziyadnz|hourly,2026-08-17T18:48:05Z,2026-08-17T18:48:05Z,
154.83.197.203,ipv4,malicious-ip,medium,WHITE,ziyadnz/hourly-ipv4,ziyadnz|hourly,2026-08-17T18:48:05Z,2026-08-17T18:48:05Z,
154.83.197.21,ipv4,malicious-ip,medium,WHITE,ziyadnz/hourly-ipv4,ziyadnz|hourly,2026-08-17T18:48:05Z,2026-08-17T18:48:05Z,
154.83.197.210,ipv4,malicious-ip,medium,WHITE,ziyadnz/hourly-ipv4,ziyadnz|hourly,2026-08-17T18:48:05Z,2026-08-17T18:48:05Z,
154.83.197.212,ipv4,malicious-ip,medium,WHITE,ziyadnz/hourly-ipv4,ziyadnz|hourly,2026-08-17T18:48:05Z,2026-08-17T18:48:05Z,
154.83.197.22,ipv4,malicious-ip,medium,WHITE,ziyadnz/hourly-ipv4,ziyadnz|hourly,2026-08-17T18:48:05Z,2026-08-17T18:48:05Z,
154.83.197.225,ipv4,malicious-ip,medium,WHITE,ziyadnz/hourly-ipv4,ziyadnz|hourly,2026-08-17T18:48:05Z,2026-08-17T18:48:05Z,
154.83.197.29,ipv4,malicious-ip,medium,WHITE,ziyadnz/hourly-ipv4,ziyadnz|hourly,2026-08-17T18:48:05Z,2026-08-17T18:48:05Z,
154.83.197.30,ipv4,malicious-ip,medium,WHITE,ziyadnz/hourly-ipv4,ziyadnz|hourly,2026-08-17T18:48:05Z,2026-08-17T18:48:05Z,
154.83.197.33,ipv4,malicious-ip,medium,WHITE,ziyadnz/hourly-ipv4,ziyadnz|hourly,2026-08-17T18:48:05Z,2026-08-17T18:48:05Z,
154.83.197.35,ipv4,malicious-ip,medium,WHITE,ziyadnz/hourly-ipv4,ziyadnz|hourly,2026-08-17T18:48:05Z,2026-08-17T18:48:05Z,
154.83.197.36,ipv4,malicious-ip,medium,WHITE,ziyadnz/hourly-ipv4,ziyadnz|hourly,2026-08-17T18:48:05Z,2026-08-17T18:48:05Z,
154.83.197.41,ipv4,malicious-ip,medium,WHITE,ziyadnz/hourly-ipv4,ziyadnz|hourly,2026-08-17T18:48:05Z,2026-08-17T18:48:05Z,
154.83.197.42,ipv4,malicious-ip,medium,WHITE,ziyadnz/hourly-ipv4,ziyadnz|hourly,2026-08-17T18:48:05Z,2026-08-17T18:48:05Z,
154.83.197.49,ipv4,malicious-ip,medium,WHITE,ziyadnz/hourly-ipv4,ziyadnz|hourly,2026-08-17T18:48:05Z,2026-08-17T18:48:05Z,
154.83.197.54,ipv4,malicious-ip,medium,WHITE,ziyadnz/hourly-ipv4,ziyadnz|hourly,2026-08-17T18:48:05Z,2026-08-17T18:48:05Z,
154.83.197.55,ipv4,malicious-ip,medium,WHITE,ziyadnz/hourly-ipv4,ziyadnz|hourly,2026-08-17T18:48:05Z,2026-08-17T18:48:05Z,
154.83.197.56,ipv4,malicious-ip,medium,WHITE,ziyadnz/hourly-ipv4,ziyadnz|hourly,2026-08-17T18:48:05Z,2026-08-17T18:48:05Z,
154.83.197.57,ipv4,malicious-ip,medium,WHITE,ziyadnz/hourly-ipv4,ziyadnz|hourly,2026-08-17T18:48:05Z,2026-08-17T18:48:05Z,
154.83.197.60,ipv4,malicious-ip,medium,WHITE,ziyadnz/hourly-ipv4,ziyadnz|hourly,2026-08-17T18:48:05Z,2026-08-17T18:48:05Z,
154.83.197.61,ipv4,malicious-ip,medium,WHITE,ziyadnz/hourly-ipv4,ziyadnz|hourly,2026-08-17T18:48:05Z,2026-08-17T18:48:05Z,
154.83.197.64,ipv4,malicious-ip,medium,WHITE,ziyadnz/hourly-ipv4,ziyadnz|hourly,2026-08-17T18:48:05Z,2026-08-17T18:48:05Z,
154.83.197.68,ipv4,malicious-ip,medium,WHITE,ziyadnz/hourly-ipv4,ziyadnz|hourly,2026-08-17T18:48:05Z,2026-08-17T18:48:05Z,
154.83.197.69,ipv4,malicious-ip,medium,WHITE,ziyadnz/hourly-ipv4,ziyadnz|hourly,2026-08-17T18:48:05Z,2026-08-17T18:48:05Z,
154.83.197.70,ipv4,malicious-ip,medium,WHITE,ziyadnz/hourly-ipv4,ziyadnz|hourly,2026-08-17T18:48:05Z,2026-08-17T18:48:05Z,
154.83.197.72,ipv4,malicious-ip,medium,WHITE,ziyadnz/hourly-ipv4,ziyadnz|hourly,2026-08-17T18:48:05Z,2026-08-17T18:48:05Z,
154.83.197.75,ipv4,malicious-ip,medium,WHITE,ziyadnz/hourly-ipv4,ziyadnz|hourly,2026-08-17T18:48:05Z,2026-08-17T18:48:05Z,
154.83.197.8,ipv4,malicious-ip,medium,WHITE,ziyadnz/hourly-ipv4,ziyadnz|hourly,2026-08-17T18:48:05Z,2026-08-17T18:48:05Z,
154.83.197.81,ipv4,malicious-ip,medium,WHITE,ziyadnz/hourly-ipv4,ziyadnz|hourly,2026-08-17T18:48:05Z,2026-08-17T18:48:05Z,
154.83.197.82,ipv4,malicious-ip,medium,WHITE,ziyadnz/hourly-ipv4,ziyadnz|hourly,2026-08-17T18:48:05Z,2026-08-17T18:48:05Z,
154.83.197.83,ipv4,malicious-ip,medium,WHITE,ziyadnz/hourly-ipv4,ziyadnz|hourly,2026-08-17T18:48:05Z,2026-08-17T18:48:05Z,
154.83.197.85,ipv4,malicious-ip,medium,WHITE,ziyadnz/hourly-ipv4,ziyadnz|hourly,2026-08-17T18:48:05Z,2026-08-17T18:48:05Z,
154.83.197.87,ipv4,malicious-ip,medium,WHITE,ziyadnz/hourly-ipv4,ziyadnz|hourly,2026-08-17T18:48:05Z,2026-08-17T18:48:05Z,
154.83.197.88,ipv4,malicious-ip,medium,WHITE,ziyadnz/hourly-ipv4,ziyadnz|hourly,2026-08-17T18:48:05Z,2026-08-17T18:48:05Z,
154.83.197.90,ipv4,malicious-ip,medium,WHITE,ziyadnz/hourly-ipv4,ziyadnz|hourly,2026-08-17T18:48:05Z,2026-08-17T18:48:05Z,
154.83.197.93,ipv4,malicious-ip,medium,WHITE,ziyadnz/hourly-ipv4,ziyadnz|hourly,2026-08-17T18:48:05Z,2026-08-17T18:48:05Z,
154.83.197.94,ipv4,malicious-ip,medium,WHITE,ziyadnz/hourly-ipv4,ziyadnz|hourly,2026-08-17T18:48:05Z,2026-08-17T18:48:05Z,
154.83.197.97,ipv4,malicious-ip,medium,WHITE,ziyadnz/hourly-ipv4,ziyadnz|hourly,2026-08-17T18:48:05Z,2026-08-17T18:48:05Z,
154.83.197.98,ipv4,malicious-ip,medium,WHITE,ziyadnz/hourly-ipv4,ziyadnz|hourly,2026-08-17T18:48:05Z,2026-08-17T18:48:05Z,
154.83.86.132,ipv4,malicious-ip,medium,WHITE,ziyadnz/hourly-ipv4,ziyadnz|hourly,2026-08-17T18:48:05Z,2026-08-17T18:48:05Z,
154.84.216.147,ipv4,malicious-ip,medium,WHITE,ziyadnz/hourly-ipv4,ziyadnz|hourly,2026-08-17T18:48:05Z,2026-08-17T18:48:05Z,
154.84.24.112,ipv4,malicious-ip,medium,WHITE,ziyadnz/hourly-ipv4,ziyadnz|hourly,2026-08-17T18:48:05Z,2026-08-17T18:48:05Z,
154.84.63.184,ipv4,malicious-ip,medium,WHITE,ziyadnz/hourly-ipv4,ziyadnz|hourly,2026-08-17T18:48:05Z,2026-08-17T18:48:05Z,
154.85.41.244,ipv4,malicious-ip,medium,WHITE,ziyadnz/hourly-ipv4,ziyadnz|hourly,2026-08-17T18:48:05Z,2026-08-17T18:48:05Z,
154.86.22.47,ipv4,malicious-ip,medium,WHITE,ziyadnz/hourly-ipv4,ziyadnz|hourly,2026-08-17T18:48:05Z,2026-08-17T18:48:05Z,
154.86.30.22,ipv4,malicious-ip,medium,WHITE,ziyadnz/hourly-ipv4,ziyadnz|hourly,2026-08-17T18:48:05Z,2026-08-17T18:48:05Z,
154.88.96.49,ipv4,malicious-ip,medium,WHITE,ziyadnz/hourly-ipv4,ziyadnz|hourly,2026-08-17T18:48:05Z,2026-08-17T18:48:05Z,
154.88.96.61,ipv4,malicious-ip,medium,WHITE,ziyadnz/hourly-ipv4,ziyadnz|hourly,2026-08-17T18:48:05Z,2026-08-17T18:48:05Z,
154.88.97.36,ipv4,malicious-ip,medium,WHITE,ziyadnz/hourly-ipv4,ziyadnz|hourly,2026-08-17T18:48:05Z,2026-08-17T18:48:05Z,
154.88.97.45,ipv4,malicious-ip,medium,WHITE,ziyadnz/hourly-ipv4,ziyadnz|hourly,2026-08-17T18:48:05Z,2026-08-17T18:48:05Z,
154.88.97.58,ipv4,malicious-ip,medium,WHITE,ziyadnz/hourly-ipv4,ziyadnz|hourly,2026-08-17T18:48:05Z,2026-08-17T18:48:05Z,
154.88.99.36,ipv4,malicious-ip,medium,WHITE,ziyadnz/hourly-ipv4,ziyadnz|hourly,2026-08-17T18:48:05Z,2026-08-17T18:48:05Z,
154.89.106.91,ipv4,malicious-ip,medium,WHITE,ziyadnz/hourly-ipv4,ziyadnz|hourly,2026-08-17T18:48:05Z,2026-08-17T18:48:05Z,
154.89.149.143,ipv4,malicious-ip,medium,WHITE,ziyadnz/hourly-ipv4,ziyadnz|hourly,2026-08-17T18:48:05Z,2026-08-17T18:48:05Z,
154.89.152.240,ipv4,malicious-ip,medium,WHITE,ziyadnz/hourly-ipv4,ziyadnz|hourly,2026-08-17T18:48:05Z,2026-08-17T18:48:05Z,
154.9.237.158,ipv4,malicious-ip,medium,WHITE,ziyadnz/hourly-ipv4,ziyadnz|hourly,2026-08-17T18:48:05Z,2026-08-17T18:48:05Z,
154.9.252.208,ipv4,malicious-ip,medium,WHITE,ziyadnz/hourly-ipv4,ziyadnz|hourly,2026-08-17T18:48:05Z,2026-08-17T18:48:05Z,
154.90.47.77,ipv4,malicious-ip,medium,WHITE,ziyadnz/hourly-ipv4,ziyadnz|hourly,2026-08-17T18:48:05Z,2026-08-17T18:48:05Z,
154.90.54.142,ipv4,malicious-ip,medium,WHITE,ziyadnz/hourly-ipv4,ziyadnz|hourly,2026-08-17T18:48:05Z,2026-08-17T18:48:05Z,
154.90.58.164,ipv4,malicious-ip,medium,WHITE,ziyadnz/hourly-ipv4,ziyadnz|hourly,2026-08-17T18:48:05Z,2026-08-17T18:48:05Z,
154.90.59.75,ipv4,malicious-ip,medium,WHITE,ziyadnz/hourly-ipv4,ziyadnz|hourly,2026-08-17T18:48:05Z,2026-08-17T18:48:05Z,
154.90.70.254,ipv4,malicious-ip,medium,WHITE,ziyadnz/hourly-ipv4,ziyadnz|hourly,2026-08-17T18:48:05Z,2026-08-17T18:48:05Z,
154.91.0.196,ipv4,malicious-ip,medium,WHITE,ziyadnz/hourly-ipv4,ziyadnz|hourly,2026-08-17T18:48:05Z,2026-08-17T18:48:05Z,
154.91.177.236,ipv4,malicious-ip,medium,WHITE,ziyadnz/hourly-ipv4,ziyadnz|hourly,2026-08-17T18:48:05Z,2026-08-17T18:48:05Z,
154.91.183.174,ipv4,malicious-ip,medium,WHITE,ziyadnz/hourly-ipv4,ziyadnz|hourly,2026-08-17T18:48:05Z,2026-08-17T18:48:05Z,
154.91.196.185,ipv4,malicious-ip,medium,WHITE,ziyadnz/hourly-ipv4,ziyadnz|hourly,2026-08-17T18:48:05Z,2026-08-17T18:48:05Z,
154.91.227.32,ipv4,malicious-ip,medium,WHITE,ziyadnz/hourly-ipv4,ziyadnz|hourly,2026-08-17T18:48:05Z,2026-08-17T18:48:05Z,
154.91.254.95,ipv4,malicious-ip,medium,WHITE,ziyadnz/hourly-ipv4,ziyadnz|hourly,2026-08-17T18:48:05Z,2026-08-17T18:48:05Z,
154.91.64.45,ipv4,malicious-ip,medium,WHITE,ziyadnz/hourly-ipv4,ziyadnz|hourly,2026-08-17T18:48:05Z,2026-08-17T18:48:05Z,
154.91.85.201,ipv4,malicious-ip,medium,WHITE,ziyadnz/hourly-ipv4,ziyadnz|hourly,2026-08-17T18:48:05Z,2026-08-17T18:48:05Z,
154.91.85.204,ipv4,malicious-ip,medium,WHITE,ziyadnz/hourly-ipv4,ziyadnz|hourly,2026-08-17T18:48:05Z,2026-08-17T18:48:05Z,
154.92.14.226,ipv4,malicious-ip,medium,WHITE,ziyadnz/hourly-ipv4,ziyadnz|hourly,2026-08-17T18:48:05Z,2026-08-17T18:48:05Z,
154.92.17.58,ipv4,malicious-ip,medium,WHITE,ziyadnz/hourly-ipv4,ziyadnz|hourly,2026-08-17T18:48:05Z,2026-08-17T18:48:05Z,
154.92.19.139,ipv4,malicious-ip,medium,WHITE,ziyadnz/hourly-ipv4,ziyadnz|hourly,2026-08-17T18:48:05Z,2026-08-17T18:48:05Z,
154.92.19.71,ipv4,malicious-ip,medium,WHITE,ziyadnz/hourly-ipv4,ziyadnz|hourly,2026-08-17T18:48:05Z,2026-08-17T18:48:05Z,
154.92.22.13,ipv4,malicious-ip,medium,WHITE,ziyadnz/hourly-ipv4,ziyadnz|hourly,2026-08-17T18:48:05Z,2026-08-17T18:48:05Z,
154.92.23.155,ipv4,malicious-ip,medium,WHITE,ziyadnz/hourly-ipv4,ziyadnz|hourly,2026-08-17T18:48:05Z,2026-08-17T18:48:05Z,
154.92.23.249,ipv4,malicious-ip,medium,WHITE,ziyadnz/hourly-ipv4,ziyadnz|hourly,2026-08-17T18:48:05Z,2026-08-17T18:48:05Z,
154.93.109.230,ipv4,malicious-ip,medium,WHITE,ziyadnz/hourly-ipv4,ziyadnz|hourly,2026-08-17T18:48:05Z,2026-08-17T18:48:05Z,
154.94.0.202,ipv4,malicious-ip,medium,WHITE,ziyadnz/hourly-ipv4,ziyadnz|hourly,2026-08-17T18:48:05Z,2026-08-17T18:48:05Z,
155.102.201.82,ipv4,malicious-ip,medium,WHITE,ziyadnz/hourly-ipv4,ziyadnz|hourly,2026-08-17T18:48:05Z,2026-08-17T18:48:05Z,
155.103.131.36,ipv4,malicious-ip,medium,WHITE,ziyadnz/hourly-ipv4,ziyadnz|hourly,2026-08-17T18:48:05Z,2026-08-17T18:48:05Z,
155.103.71.46,ipv4,malicious-ip,medium,WHITE,ziyadnz/hourly-ipv4,ziyadnz|hourly,2026-08-17T18:48:05Z,2026-08-17T18:48:05Z,
155.117.188.191,ipv4,malicious-ip,medium,WHITE,ziyadnz/hourly-ipv4,ziyadnz|hourly,2026-08-17T18:48:05Z,2026-08-17T18:48:05Z,
155.117.233.15,ipv4,malicious-ip,medium,WHITE,ziyadnz/hourly-ipv4,ziyadnz|hourly,2026-08-17T18:48:05Z,2026-08-17T18:48:05Z,
155.117.42.40,ipv4,malicious-ip,medium,WHITE,ziyadnz/hourly-ipv4,ziyadnz|hourly,2026-08-17T18:48:05Z,2026-08-17T18:48:05Z,
155.117.42.42,ipv4,malicious-ip,medium,WHITE,ziyadnz/hourly-ipv4,ziyadnz|hourly,2026-08-17T18:48:05Z,2026-08-17T18:48:05Z,
155.117.42.43,ipv4,malicious-ip,medium,WHITE,ziyadnz/hourly-ipv4,ziyadnz|hourly,2026-08-17T18:48:05Z,2026-08-17T18:48:05Z,
155.117.42.44,ipv4,malicious-ip,medium,WHITE,ziyadnz/hourly-ipv4,ziyadnz|hourly,2026-08-17T18:48:05Z,2026-08-17T18:48:05Z,
155.117.42.50,ipv4,malicious-ip,medium,WHITE,ziyadnz/hourly-ipv4,ziyadnz|hourly,2026-08-17T18:48:05Z,2026-08-17T18:48:05Z,
155.117.42.51,ipv4,malicious-ip,medium,WHITE,ziyadnz/hourly-ipv4,ziyadnz|hourly,2026-08-17T18:48:05Z,2026-08-17T18:48:05Z,
155.117.42.9,ipv4,malicious-ip,medium,WHITE,ziyadnz/hourly-ipv4,ziyadnz|hourly,2026-08-17T18:48:05Z,2026-08-17T18:48:05Z,
155.117.84.134,ipv4,malicious-ip,medium,WHITE,ziyadnz/hourly-ipv4,ziyadnz|hourly,2026-08-17T18:48:05Z,2026-08-17T18:48:05Z,
155.117.84.41,ipv4,malicious-ip,medium,WHITE,ziyadnz/hourly-ipv4,ziyadnz|hourly,2026-08-17T18:48:05Z,2026-08-17T18:48:05Z,
155.117.84.44,ipv4,malicious-ip,medium,WHITE,ziyadnz/hourly-ipv4,ziyadnz|hourly,2026-08-17T18:48:05Z,2026-08-17T18:48:05Z,
155.117.84.50,ipv4,malicious-ip,medium,WHITE,ziyadnz/hourly-ipv4,ziyadnz|hourly,2026-08-17T18:48:05Z,2026-08-17T18:48:05Z,
155.117.84.54,ipv4,malicious-ip,medium,WHITE,ziyadnz/hourly-ipv4,ziyadnz|hourly,2026-08-17T18:48:05Z,2026-08-17T18:48:05Z,
155.12.255.220,ipv4,malicious-ip,medium,WHITE,ziyadnz/hourly-ipv4,ziyadnz|hourly,2026-08-17T18:48:05Z,2026-08-17T18:48:05Z,
155.133.142.66,ipv4,malicious-ip,medium,WHITE,ziyadnz/hourly-ipv4,ziyadnz|hourly,2026-08-17T18:48:05Z,2026-08-17T18:48:05Z,
155.133.212.158,ipv4,malicious-ip,medium,WHITE,ziyadnz/hourly-ipv4,ziyadnz|hourly,2026-08-17T18:48:05Z,2026-08-17T18:48:05Z,
155.133.27.198,ipv4,malicious-ip,medium,WHITE,ziyadnz/hourly-ipv4,ziyadnz|hourly,2026-08-17T18:48:05Z,2026-08-17T18:48:05Z,
155.133.4.175,ipv4,malicious-ip,medium,WHITE,ziyadnz/hourly-ipv4,ziyadnz|hourly,2026-08-17T18:48:05Z,2026-08-17T18:48:05Z,
155.133.5.14,ipv4,malicious-ip,medium,WHITE,ziyadnz/hourly-ipv4,ziyadnz|hourly,2026-08-17T18:48:05Z,2026-08-17T18:48:05Z,
155.133.5.15,ipv4,malicious-ip,medium,WHITE,ziyadnz/hourly-ipv4,ziyadnz|hourly,2026-08-17T18:48:05Z,2026-08-17T18:48:05Z,
155.133.56.74,ipv4,malicious-ip,medium,WHITE,ziyadnz/hourly-ipv4,ziyadnz|hourly,2026-08-17T18:48:05Z,2026-08-17T18:48:05Z,
155.138.146.162,ipv4,malicious-ip,medium,WHITE,ziyadnz/hourly-ipv4,ziyadnz|hourly,2026-08-17T18:48:05Z,2026-08-17T18:48:05Z,
155.138.150.12,ipv4,malicious-ip,medium,WHITE,ziyadnz/hourly-ipv4,ziyadnz|hourly,2026-08-17T18:48:05Z,2026-08-17T18:48:05Z,
155.138.212.170,ipv4,malicious-ip,medium,WHITE,ziyadnz/hourly-ipv4,ziyadnz|hourly,2026-08-17T18:48:05Z,2026-08-17T18:48:05Z,
155.138.213.169,ipv4,malicious-ip,medium,WHITE,ziyadnz/hourly-ipv4,ziyadnz|hourly,2026-08-17T18:48:05Z,2026-08-17T18:48:05Z,
155.138.224.122,ipv4,malicious-ip,medium,WHITE,ziyadnz/hourly-ipv4,ziyadnz|hourly,2026-08-17T18:48:05Z,2026-08-17T18:48:05Z,
155.138.226.179,ipv4,malicious-ip,medium,WHITE,ziyadnz/hourly-ipv4,ziyadnz|hourly,2026-08-17T18:48:05Z,2026-08-17T18:48:05Z,
155.138.227.169,ipv4,malicious-ip,medium,WHITE,ziyadnz/hourly-ipv4,ziyadnz|hourly,2026-08-17T18:48:05Z,2026-08-17T18:48:05Z,
155.138.234.105,ipv4,malicious-ip,medium,WHITE,ziyadnz/hourly-ipv4,ziyadnz|hourly,2026-08-17T18:48:05Z,2026-08-17T18:48:05Z,
155.138.234.133,ipv4,malicious-ip,medium,WHITE,ziyadnz/hourly-ipv4,ziyadnz|hourly,2026-08-17T18:48:05Z,2026-08-17T18:48:05Z,
155.138.242.33,ipv4,malicious-ip,medium,WHITE,ziyadnz/hourly-ipv4,ziyadnz|hourly,2026-08-17T18:48:05Z,2026-08-17T18:48:05Z,
155.138.252.221,ipv4,malicious-ip,medium,WHITE,ziyadnz/hourly-ipv4,ziyadnz|hourly,2026-08-17T18:48:05Z,2026-08-17T18:48:05Z,
155.138.253.165,ipv4,malicious-ip,medium,WHITE,ziyadnz/hourly-ipv4,ziyadnz|hourly,2026-08-17T18:48:05Z,2026-08-17T18:48:05Z,
155.190.6.18,ipv4,malicious-ip,medium,WHITE,ziyadnz/hourly-ipv4,ziyadnz|hourly,2026-08-17T18:48:05Z,2026-08-17T18:48:05Z,
155.190.6.19,ipv4,malicious-ip,medium,WHITE,ziyadnz/hourly-ipv4,ziyadnz|hourly,2026-08-17T18:48:05Z,2026-08-17T18:48:05Z,
155.190.6.20,ipv4,malicious-ip,medium,WHITE,ziyadnz/hourly-ipv4,ziyadnz|hourly,2026-08-17T18:48:05Z,2026-08-17T18:48:05Z,
155.2.194.14,ipv4,malicious-ip,medium,WHITE,ziyadnz/hourly-ipv4,ziyadnz|hourly,2026-08-17T18:48:05Z,2026-08-17T18:48:05Z,
155.2.195.52,ipv4,malicious-ip,medium,WHITE,ziyadnz/hourly-ipv4,ziyadnz|hourly,2026-08-17T18:48:05Z,2026-08-17T18:48:05Z,
155.2.215.36,ipv4,malicious-ip,medium,WHITE,ziyadnz/hourly-ipv4,ziyadnz|hourly,2026-08-17T18:48:05Z,2026-08-17T18:48:05Z,
155.2.215.41,ipv4,malicious-ip,medium,WHITE,ziyadnz/hourly-ipv4,ziyadnz|hourly,2026-08-17T18:48:05Z,2026-08-17T18:48:05Z,
155.2.215.64,ipv4,malicious-ip,medium,WHITE,ziyadnz/hourly-ipv4,ziyadnz|hourly,2026-08-17T18:48:05Z,2026-08-17T18:48:05Z,
155.212.140.199,ipv4,malicious-ip,medium,WHITE,ziyadnz/hourly-ipv4,ziyadnz|hourly,2026-08-17T18:48:05Z,2026-08-17T18:48:05Z,
155.212.160.208,ipv4,malicious-ip,medium,WHITE,ziyadnz/hourly-ipv4,ziyadnz|hourly,2026-08-17T18:48:05Z,2026-08-17T18:48:05Z,
155.212.162.217,ipv4,malicious-ip,medium,WHITE,ziyadnz/hourly-ipv4,ziyadnz|hourly,2026-08-17T18:48:05Z,2026-08-17T18:48:05Z,
155.212.162.244,ipv4,malicious-ip,medium,WHITE,ziyadnz/hourly-ipv4,ziyadnz|hourly,2026-08-17T18:48:05Z,2026-08-17T18:48:05Z,
155.212.166.46,ipv4,malicious-ip,medium,WHITE,ziyadnz/hourly-ipv4,ziyadnz|hourly,2026-08-17T18:48:05Z,2026-08-17T18:48:05Z,
155.212.17.174,ipv4,malicious-ip,medium,WHITE,ziyadnz/hourly-ipv4,ziyadnz|hourly,2026-08-17T18:48:05Z,2026-08-17T18:48:05Z,
155.212.222.75,ipv4,malicious-ip,medium,WHITE,ziyadnz/hourly-ipv4,ziyadnz|hourly,2026-08-17T18:48:05Z,2026-08-17T18:48:05Z,
155.248.171.34,ipv4,malicious-ip,medium,WHITE,ziyadnz/hourly-ipv4,ziyadnz|hourly,2026-08-17T18:48:05Z,2026-08-17T18:48:05Z,
155.248.242.185,ipv4,malicious-ip,medium,WHITE,ziyadnz/hourly-ipv4,ziyadnz|hourly,2026-08-17T18:48:05Z,2026-08-17T18:48:05Z,
155.251.250.24,ipv4,malicious-ip,medium,WHITE,ziyadnz/hourly-ipv4,ziyadnz|hourly,2026-08-17T18:48:05Z,2026-08-17T18:48:05Z,
155.254.126.141,ipv4,malicious-ip,medium,WHITE,ziyadnz/hourly-ipv4,ziyadnz|hourly,2026-08-17T18:48:05Z,2026-08-17T18:48:05Z,
155.4.119.66,ipv4,malicious-ip,medium,WHITE,ziyadnz/hourly-ipv4,ziyadnz|hourly,2026-08-17T18:48:05Z,2026-08-17T18:48:05Z,
155.93.137.54,ipv4,malicious-ip,medium,WHITE,ziyadnz/hourly-ipv4,ziyadnz|hourly,2026-08-17T18:48:05Z,2026-08-17T18:48:05Z,
155.94.155.147,ipv4,malicious-ip,medium,WHITE,ziyadnz/hourly-ipv4,ziyadnz|hourly,2026-08-17T18:48:05Z,2026-08-17T18:48:05Z,
155.94.155.227,ipv4,malicious-ip,medium,WHITE,ziyadnz/hourly-ipv4,ziyadnz|hourly,2026-08-17T18:48:05Z,2026-08-17T18:48:05Z,
155.94.160.72,ipv4,malicious-ip,medium,WHITE,ziyadnz/hourly-ipv4,ziyadnz|hourly,2026-08-17T18:48:05Z,2026-08-17T18:48:05Z,
155.94.163.175,ipv4,malicious-ip,medium,WHITE,ziyadnz/hourly-ipv4,ziyadnz|hourly,2026-08-17T18:48:05Z,2026-08-17T18:48:05Z,
155.94.173.117,ipv4,malicious-ip,medium,WHITE,ziyadnz/hourly-ipv4,ziyadnz|hourly,2026-08-17T18:48:05Z,2026-08-17T18:48:05Z,
155.94.173.142,ipv4,malicious-ip,medium,WHITE,ziyadnz/hourly-ipv4,ziyadnz|hourly,2026-08-17T18:48:05Z,2026-08-17T18:48:05Z,
155.94.208.137,ipv4,malicious-ip,medium,WHITE,ziyadnz/hourly-ipv4,ziyadnz|hourly,2026-08-17T18:48:05Z,2026-08-17T18:48:05Z,
156.0.214.215,ipv4,malicious-ip,medium,WHITE,ziyadnz/hourly-ipv4,ziyadnz|hourly,2026-08-17T18:48:05Z,2026-08-17T18:48:05Z,
156.146.33.74,ipv4,malicious-ip,medium,WHITE,ziyadnz/hourly-ipv4,ziyadnz|hourly,2026-08-17T18:48:05Z,2026-08-17T18:48:05Z,
156.146.33.76,ipv4,malicious-ip,medium,WHITE,ziyadnz/hourly-ipv4,ziyadnz|hourly,2026-08-17T18:48:05Z,2026-08-17T18:48:05Z,
156.146.54.57,ipv4,malicious-ip,medium,WHITE,ziyadnz/hourly-ipv4,ziyadnz|hourly,2026-08-17T18:48:05Z,2026-08-17T18:48:05Z,
156.146.62.139,ipv4,malicious-ip,medium,WHITE,ziyadnz/hourly-ipv4,ziyadnz|hourly,2026-08-17T18:48:05Z,2026-08-17T18:48:05Z,
156.146.63.139,ipv4,malicious-ip,medium,WHITE,ziyadnz/hourly-ipv4,ziyadnz|hourly,2026-08-17T18:48:05Z,2026-08-17T18:48:05Z,
156.155.250.61,ipv4,malicious-ip,medium,WHITE,ziyadnz/hourly-ipv4,ziyadnz|hourly,2026-08-17T18:48:05Z,2026-08-17T18:48:05Z,
156.155.47.165,ipv4,malicious-ip,medium,WHITE,ziyadnz/hourly-ipv4,ziyadnz|hourly,2026-08-17T18:48:05Z,2026-08-17T18:48:05Z,
156.192.219.71,ipv4,malicious-ip,medium,WHITE,ziyadnz/hourly-ipv4,ziyadnz|hourly,2026-08-17T18:48:05Z,2026-08-17T18:48:05Z,
156.194.78.58,ipv4,malicious-ip,medium,WHITE,ziyadnz/hourly-ipv4,ziyadnz|hourly,2026-08-17T18:48:05Z,2026-08-17T18:48:05Z,
156.196.108.28,ipv4,malicious-ip,medium,WHITE,ziyadnz/hourly-ipv4,ziyadnz|hourly,2026-08-17T18:48:05Z,2026-08-17T18:48:05Z,
156.196.203.60,ipv4,malicious-ip,medium,WHITE,ziyadnz/hourly-ipv4,ziyadnz|hourly,2026-08-17T18:48:05Z,2026-08-17T18:48:05Z,
156.196.63.179,ipv4,malicious-ip,medium,WHITE,ziyadnz/hourly-ipv4,ziyadnz|hourly,2026-08-17T18:48:05Z,2026-08-17T18:48:05Z,
156.200.122.66,ipv4,malicious-ip,medium,WHITE,ziyadnz/hourly-ipv4,ziyadnz|hourly,2026-08-17T18:48:05Z,2026-08-17T18:48:05Z,
156.201.13.101,ipv4,malicious-ip,medium,WHITE,ziyadnz/hourly-ipv4,ziyadnz|hourly,2026-08-17T18:48:05Z,2026-08-17T18:48:05Z,
156.201.219.240,ipv4,malicious-ip,medium,WHITE,ziyadnz/hourly-ipv4,ziyadnz|hourly,2026-08-17T18:48:05Z,2026-08-17T18:48:05Z,
156.202.218.46,ipv4,malicious-ip,medium,WHITE,ziyadnz/hourly-ipv4,ziyadnz|hourly,2026-08-17T18:48:05Z,2026-08-17T18:48:05Z,
156.202.248.17,ipv4,malicious-ip,medium,WHITE,ziyadnz/hourly-ipv4,ziyadnz|hourly,2026-08-17T18:48:05Z,2026-08-17T18:48:05Z,
156.204.252.151,ipv4,malicious-ip,medium,WHITE,ziyadnz/hourly-ipv4,ziyadnz|hourly,2026-08-17T18:48:05Z,2026-08-17T18:48:05Z,
156.204.48.206,ipv4,malicious-ip,medium,WHITE,ziyadnz/hourly-ipv4,ziyadnz|hourly,2026-08-17T18:48:05Z,2026-08-17T18:48:05Z,
156.204.88.67,ipv4,malicious-ip,medium,WHITE,ziyadnz/hourly-ipv4,ziyadnz|hourly,2026-08-17T18:48:05Z,2026-08-17T18:48:05Z,
156.207.232.248,ipv4,malicious-ip,medium,WHITE,ziyadnz/hourly-ipv4,ziyadnz|hourly,2026-08-17T18:48:05Z,2026-08-17T18:48:05Z,
156.208.240.185,ipv4,malicious-ip,medium,WHITE,ziyadnz/hourly-ipv4,ziyadnz|hourly,2026-08-17T18:48:05Z,2026-08-17T18:48:05Z,
156.211.10.210,ipv4,malicious-ip,medium,WHITE,ziyadnz/hourly-ipv4,ziyadnz|hourly,2026-08-17T18:48:05Z,2026-08-17T18:48:05Z,
156.220.185.224,ipv4,malicious-ip,medium,WHITE,ziyadnz/hourly-ipv4,ziyadnz|hourly,2026-08-17T18:48:05Z,2026-08-17T18:48:05Z,
156.222.188.67,ipv4,malicious-ip,medium,WHITE,ziyadnz/hourly-ipv4,ziyadnz|hourly,2026-08-17T18:48:05Z,2026-08-17T18:48:05Z,
156.223.251.121,ipv4,malicious-ip,medium,WHITE,ziyadnz/hourly-ipv4,ziyadnz|hourly,2026-08-17T18:48:05Z,2026-08-17T18:48:05Z,
156.224.77.201,ipv4,malicious-ip,medium,WHITE,ziyadnz/hourly-ipv4,ziyadnz|hourly,2026-08-17T18:48:05Z,2026-08-17T18:48:05Z,
156.225.1.0,ipv4,malicious-ip,medium,WHITE,ziyadnz/hourly-ipv4,ziyadnz|hourly,2026-08-17T18:48:05Z,2026-08-17T18:48:05Z,
156.225.1.10,ipv4,malicious-ip,medium,WHITE,ziyadnz/hourly-ipv4,ziyadnz|hourly,2026-08-17T18:48:05Z,2026-08-17T18:48:05Z,
156.225.1.100,ipv4,malicious-ip,medium,WHITE,ziyadnz/hourly-ipv4,ziyadnz|hourly,2026-08-17T18:48:05Z,2026-08-17T18:48:05Z,
156.225.1.101,ipv4,malicious-ip,medium,WHITE,ziyadnz/hourly-ipv4,ziyadnz|hourly,2026-08-17T18:48:05Z,2026-08-17T18:48:05Z,
156.225.1.102,ipv4,malicious-ip,medium,WHITE,ziyadnz/hourly-ipv4,ziyadnz|hourly,2026-08-17T18:48:05Z,2026-08-17T18:48:05Z,
156.225.1.103,ipv4,malicious-ip,medium,WHITE,ziyadnz/hourly-ipv4,ziyadnz|hourly,2026-08-17T18:48:05Z,2026-08-17T18:48:05Z,
156.225.1.104,ipv4,malicious-ip,medium,WHITE,ziyadnz/hourly-ipv4,ziyadnz|hourly,2026-08-17T18:48:05Z,2026-08-17T18:48:05Z,
156.225.1.105,ipv4,malicious-ip,medium,WHITE,ziyadnz/hourly-ipv4,ziyadnz|hourly,2026-08-17T18:48:05Z,2026-08-17T18:48:05Z,
156.225.1.106,ipv4,malicious-ip,medium,WHITE,ziyadnz/hourly-ipv4,ziyadnz|hourly,2026-08-17T18:48:05Z,2026-08-17T18:48:05Z,
156.225.1.107,ipv4,malicious-ip,medium,WHITE,ziyadnz/hourly-ipv4,ziyadnz|hourly,2026-08-17T18:48:05Z,2026-08-17T18:48:05Z,
156.225.1.108,ipv4,malicious-ip,medium,WHITE,ziyadnz/hourly-ipv4,ziyadnz|hourly,2026-08-17T18:48:05Z,2026-08-17T18:48:05Z,
156.225.1.109,ipv4,malicious-ip,medium,WHITE,ziyadnz/hourly-ipv4,ziyadnz|hourly,2026-08-17T18:48:05Z,2026-08-17T18:48:05Z,
156.225.1.110,ipv4,malicious-ip,medium,WHITE,ziyadnz/hourly-ipv4,ziyadnz|hourly,2026-08-17T18:48:05Z,2026-08-17T18:48:05Z,
156.225.1.111,ipv4,malicious-ip,medium,WHITE,ziyadnz/hourly-ipv4,ziyadnz|hourly,2026-08-17T18:48:05Z,2026-08-17T18:48:05Z,
156.225.1.112,ipv4,malicious-ip,medium,WHITE,ziyadnz/hourly-ipv4,ziyadnz|hourly,2026-08-17T18:48:05Z,2026-08-17T18:48:05Z,
156.225.1.113,ipv4,malicious-ip,medium,WHITE,ziyadnz/hourly-ipv4,ziyadnz|hourly,2026-08-17T18:48:05Z,2026-08-17T18:48:05Z,
156.225.1.114,ipv4,malicious-ip,medium,WHITE,ziyadnz/hourly-ipv4,ziyadnz|hourly,2026-08-17T18:48:05Z,2026-08-17T18:48:05Z,
156.225.1.115,ipv4,malicious-ip,medium,WHITE,ziyadnz/hourly-ipv4,ziyadnz|hourly,2026-08-17T18:48:05Z,2026-08-17T18:48:05Z,
156.225.1.116,ipv4,malicious-ip,medium,WHITE,ziyadnz/hourly-ipv4,ziyadnz|hourly,2026-08-17T18:48:05Z,2026-08-17T18:48:05Z,
156.225.1.12,ipv4,malicious-ip,medium,WHITE,ziyadnz/hourly-ipv4,ziyadnz|hourly,2026-08-17T18:48:05Z,2026-08-17T18:48:05Z,
156.225.1.13,ipv4,malicious-ip,medium,WHITE,ziyadnz/hourly-ipv4,ziyadnz|hourly,2026-08-17T18:48:05Z,2026-08-17T18:48:05Z,
156.225.1.15,ipv4,malicious-ip,medium,WHITE,ziyadnz/hourly-ipv4,ziyadnz|hourly,2026-08-17T18:48:05Z,2026-08-17T18:48:05Z,
156.225.1.16,ipv4,malicious-ip,medium,WHITE,ziyadnz/hourly-ipv4,ziyadnz|hourly,2026-08-17T18:48:05Z,2026-08-17T18:48:05Z,
156.225.1.17,ipv4,malicious-ip,medium,WHITE,ziyadnz/hourly-ipv4,ziyadnz|hourly,2026-08-17T18:48:05Z,2026-08-17T18:48:05Z,
156.225.1.18,ipv4,malicious-ip,medium,WHITE,ziyadnz/hourly-ipv4,ziyadnz|hourly,2026-08-17T18:48:05Z,2026-08-17T18:48:05Z,
156.225.1.29,ipv4,malicious-ip,medium,WHITE,ziyadnz/hourly-ipv4,ziyadnz|hourly,2026-08-17T18:48:05Z,2026-08-17T18:48:05Z,
156.225.1.31,ipv4,malicious-ip,medium,WHITE,ziyadnz/hourly-ipv4,ziyadnz|hourly,2026-08-17T18:48:05Z,2026-08-17T18:48:05Z,
156.225.1.32,ipv4,malicious-ip,medium,WHITE,ziyadnz/hourly-ipv4,ziyadnz|hourly,2026-08-17T18:48:05Z,2026-08-17T18:48:05Z,
156.225.1.33,ipv4,malicious-ip,medium,WHITE,ziyadnz/hourly-ipv4,ziyadnz|hourly,2026-08-17T18:48:05Z,2026-08-17T18:48:05Z,
156.225.1.34,ipv4,malicious-ip,medium,WHITE,ziyadnz/hourly-ipv4,ziyadnz|hourly,2026-08-17T18:48:05Z,2026-08-17T18:48:05Z,
156.225.1.35,ipv4,malicious-ip,medium,WHITE,ziyadnz/hourly-ipv4,ziyadnz|hourly,2026-08-17T18:48:05Z,2026-08-17T18:48:05Z,
156.225.1.36,ipv4,malicious-ip,medium,WHITE,ziyadnz/hourly-ipv4,ziyadnz|hourly,2026-08-17T18:48:05Z,2026-08-17T18:48:05Z,
156.225.1.37,ipv4,malicious-ip,medium,WHITE,ziyadnz/hourly-ipv4,ziyadnz|hourly,2026-08-17T18:48:05Z,2026-08-17T18:48:05Z,
156.225.1.38,ipv4,malicious-ip,medium,WHITE,ziyadnz/hourly-ipv4,ziyadnz|hourly,2026-08-17T18:48:05Z,2026-08-17T18:48:05Z,
156.225.1.39,ipv4,malicious-ip,medium,WHITE,ziyadnz/hourly-ipv4,ziyadnz|hourly,2026-08-17T18:48:05Z,2026-08-17T18:48:05Z,
156.225.1.40,ipv4,malicious-ip,medium,WHITE,ziyadnz/hourly-ipv4,ziyadnz|hourly,2026-08-17T18:48:05Z,2026-08-17T18:48:05Z,
156.225.1.41,ipv4,malicious-ip,medium,WHITE,ziyadnz/hourly-ipv4,ziyadnz|hourly,2026-08-17T18:48:05Z,2026-08-17T18:48:05Z,
156.225.1.42,ipv4,malicious-ip,medium,WHITE,ziyadnz/hourly-ipv4,ziyadnz|hourly,2026-08-17T18:48:05Z,2026-08-17T18:48:05Z,
156.225.1.43,ipv4,malicious-ip,medium,WHITE,ziyadnz/hourly-ipv4,ziyadnz|hourly,2026-08-17T18:48:05Z,2026-08-17T18:48:05Z,
156.225.1.44,ipv4,malicious-ip,medium,WHITE,ziyadnz/hourly-ipv4,ziyadnz|hourly,2026-08-17T18:48:05Z,2026-08-17T18:48:05Z,
156.225.1.45,ipv4,malicious-ip,medium,WHITE,ziyadnz/hourly-ipv4,ziyadnz|hourly,2026-08-17T18:48:05Z,2026-08-17T18:48:05Z,
156.225.1.46,ipv4,malicious-ip,medium,WHITE,ziyadnz/hourly-ipv4,ziyadnz|hourly,2026-08-17T18:48:05Z,2026-08-17T18:48:05Z,
156.225.1.47,ipv4,malicious-ip,medium,WHITE,ziyadnz/hourly-ipv4,ziyadnz|hourly,2026-08-17T18:48:05Z,2026-08-17T18:48:05Z,
156.225.1.70,ipv4,malicious-ip,medium,WHITE,ziyadnz/hourly-ipv4,ziyadnz|hourly,2026-08-17T18:48:05Z,2026-08-17T18:48:05Z,
156.225.1.71,ipv4,malicious-ip,medium,WHITE,ziyadnz/hourly-ipv4,ziyadnz|hourly,2026-08-17T18:48:05Z,2026-08-17T18:48:05Z,
156.225.1.86,ipv4,malicious-ip,medium,WHITE,ziyadnz/hourly-ipv4,ziyadnz|hourly,2026-08-17T18:48:05Z,2026-08-17T18:48:05Z,
156.225.1.87,ipv4,malicious-ip,medium,WHITE,ziyadnz/hourly-ipv4,ziyadnz|hourly,2026-08-17T18:48:05Z,2026-08-17T18:48:05Z,
156.225.1.88,ipv4,malicious-ip,medium,WHITE,ziyadnz/hourly-ipv4,ziyadnz|hourly,2026-08-17T18:48:05Z,2026-08-17T18:48:05Z,
156.225.1.89,ipv4,malicious-ip,medium,WHITE,ziyadnz/hourly-ipv4,ziyadnz|hourly,2026-08-17T18:48:05Z,2026-08-17T18:48:05Z,
156.225.1.90,ipv4,malicious-ip,medium,WHITE,ziyadnz/hourly-ipv4,ziyadnz|hourly,2026-08-17T18:48:05Z,2026-08-17T18:48:05Z,
156.225.1.91,ipv4,malicious-ip,medium,WHITE,ziyadnz/hourly-ipv4,ziyadnz|hourly,2026-08-17T18:48:05Z,2026-08-17T18:48:05Z,
156.225.1.92,ipv4,malicious-ip,medium,WHITE,ziyadnz/hourly-ipv4,ziyadnz|hourly,2026-08-17T18:48:05Z,2026-08-17T18:48:05Z,
156.225.1.93,ipv4,malicious-ip,medium,WHITE,ziyadnz/hourly-ipv4,ziyadnz|hourly,2026-08-17T18:48:05Z,2026-08-17T18:48:05Z,
156.225.1.94,ipv4,malicious-ip,medium,WHITE,ziyadnz/hourly-ipv4,ziyadnz|hourly,2026-08-17T18:48:05Z,2026-08-17T18:48:05Z,
156.225.1.96,ipv4,malicious-ip,medium,WHITE,ziyadnz/hourly-ipv4,ziyadnz|hourly,2026-08-17T18:48:05Z,2026-08-17T18:48:05Z,
156.225.1.97,ipv4,malicious-ip,medium,WHITE,ziyadnz/hourly-ipv4,ziyadnz|hourly,2026-08-17T18:48:05Z,2026-08-17T18:48:05Z,
156.225.1.98,ipv4,malicious-ip,medium,WHITE,ziyadnz/hourly-ipv4,ziyadnz|hourly,2026-08-17T18:48:05Z,2026-08-17T18:48:05Z,
156.225.1.99,ipv4,malicious-ip,medium,WHITE,ziyadnz/hourly-ipv4,ziyadnz|hourly,2026-08-17T18:48:05Z,2026-08-17T18:48:05Z,
156.225.18.178,ipv4,malicious-ip,medium,WHITE,ziyadnz/hourly-ipv4,ziyadnz|hourly,2026-08-17T18:48:05Z,2026-08-17T18:48:05Z,
156.225.27.146,ipv4,malicious-ip,medium,WHITE,ziyadnz/hourly-ipv4,ziyadnz|hourly,2026-08-17T18:48:05Z,2026-08-17T18:48:05Z,
156.225.31.2,ipv4,malicious-ip,medium,WHITE,ziyadnz/hourly-ipv4,ziyadnz|hourly,2026-08-17T18:48:05Z,2026-08-17T18:48:05Z,
156.226.174.212,ipv4,malicious-ip,medium,WHITE,ziyadnz/hourly-ipv4,ziyadnz|hourly,2026-08-17T18:48:05Z,2026-08-17T18:48:05Z,
156.226.21.43,ipv4,malicious-ip,medium,WHITE,ziyadnz/hourly-ipv4,ziyadnz|hourly,2026-08-17T18:48:05Z,2026-08-17T18:48:05Z,
156.227.0.187,ipv4,malicious-ip,medium,WHITE,ziyadnz/hourly-ipv4,ziyadnz|hourly,2026-08-17T18:48:05Z,2026-08-17T18:48:05Z,
156.227.232.198,ipv4,malicious-ip,medium,WHITE,ziyadnz/hourly-ipv4,ziyadnz|hourly,2026-08-17T18:48:05Z,2026-08-17T18:48:05Z,
156.227.233.77,ipv4,malicious-ip,medium,WHITE,ziyadnz/hourly-ipv4,ziyadnz|hourly,2026-08-17T18:48:05Z,2026-08-17T18:48:05Z,
156.227.235.173,ipv4,malicious-ip,medium,WHITE,ziyadnz/hourly-ipv4,ziyadnz|hourly,2026-08-17T18:48:05Z,2026-08-17T18:48:05Z,
156.227.235.219,ipv4,malicious-ip,medium,WHITE,ziyadnz/hourly-ipv4,ziyadnz|hourly,2026-08-17T18:48:05Z,2026-08-17T18:48:05Z,
156.229.16.142,ipv4,malicious-ip,medium,WHITE,ziyadnz/hourly-ipv4,ziyadnz|hourly,2026-08-17T18:48:05Z,2026-08-17T18:48:05Z,
156.229.16.165,ipv4,malicious-ip,medium,WHITE,ziyadnz/hourly-ipv4,ziyadnz|hourly,2026-08-17T18:48:05Z,2026-08-17T18:48:05Z,
156.229.167.8,ipv4,malicious-ip,medium,WHITE,ziyadnz/hourly-ipv4,ziyadnz|hourly,2026-08-17T18:48:05Z,2026-08-17T18:48:05Z,
156.229.22.183,ipv4,malicious-ip,medium,WHITE,ziyadnz/hourly-ipv4,ziyadnz|hourly,2026-08-17T18:48:05Z,2026-08-17T18:48:05Z,
156.230.182.141,ipv4,malicious-ip,medium,WHITE,ziyadnz/hourly-ipv4,ziyadnz|hourly,2026-08-17T18:48:05Z,2026-08-17T18:48:05Z,
156.230.182.143,ipv4,malicious-ip,medium,WHITE,ziyadnz/hourly-ipv4,ziyadnz|hourly,2026-08-17T18:48:05Z,2026-08-17T18:48:05Z,
156.230.182.165,ipv4,malicious-ip,medium,WHITE,ziyadnz/hourly-ipv4,ziyadnz|hourly,2026-08-17T18:48:05Z,2026-08-17T18:48:05Z,
156.231.140.144,ipv4,malicious-ip,medium,WHITE,ziyadnz/hourly-ipv4,ziyadnz|hourly,2026-08-17T18:48:05Z,2026-08-17T18:48:05Z,
156.232.100.95,ipv4,malicious-ip,medium,WHITE,ziyadnz/hourly-ipv4,ziyadnz|hourly,2026-08-17T18:48:05Z,2026-08-17T18:48:05Z,
156.232.13.161,ipv4,malicious-ip,medium,WHITE,ziyadnz/hourly-ipv4,ziyadnz|hourly,2026-08-17T18:48:05Z,2026-08-17T18:48:05Z,
156.232.13.218,ipv4,malicious-ip,medium,WHITE,ziyadnz/hourly-ipv4,ziyadnz|hourly,2026-08-17T18:48:05Z,2026-08-17T18:48:05Z,
156.234.114.122,ipv4,malicious-ip,medium,WHITE,ziyadnz/hourly-ipv4,ziyadnz|hourly,2026-08-17T18:48:05Z,2026-08-17T18:48:05Z,
156.234.202.149,ipv4,malicious-ip,medium,WHITE,ziyadnz/hourly-ipv4,ziyadnz|hourly,2026-08-17T18:48:05Z,2026-08-17T18:48:05Z,
156.234.209.103,ipv4,malicious-ip,medium,WHITE,ziyadnz/hourly-ipv4,ziyadnz|hourly,2026-08-17T18:48:05Z,2026-08-17T18:48:05Z,
156.234.213.178,ipv4,malicious-ip,medium,WHITE,ziyadnz/hourly-ipv4,ziyadnz|hourly,2026-08-17T18:48:05Z,2026-08-17T18:48:05Z,
156.234.214.180,ipv4,malicious-ip,medium,WHITE,ziyadnz/hourly-ipv4,ziyadnz|hourly,2026-08-17T18:48:05Z,2026-08-17T18:48:05Z,
156.234.214.188,ipv4,malicious-ip,medium,WHITE,ziyadnz/hourly-ipv4,ziyadnz|hourly,2026-08-17T18:48:05Z,2026-08-17T18:48:05Z,
156.234.252.65,ipv4,malicious-ip,medium,WHITE,ziyadnz/hourly-ipv4,ziyadnz|hourly,2026-08-17T18:48:05Z,2026-08-17T18:48:05Z,
156.234.252.66,ipv4,malicious-ip,medium,WHITE,ziyadnz/hourly-ipv4,ziyadnz|hourly,2026-08-17T18:48:05Z,2026-08-17T18:48:05Z,
156.234.252.70,ipv4,malicious-ip,medium,WHITE,ziyadnz/hourly-ipv4,ziyadnz|hourly,2026-08-17T18:48:05Z,2026-08-17T18:48:05Z,
156.234.36.233,ipv4,malicious-ip,medium,WHITE,ziyadnz/hourly-ipv4,ziyadnz|hourly,2026-08-17T18:48:05Z,2026-08-17T18:48:05Z,
156.234.58.194,ipv4,malicious-ip,medium,WHITE,ziyadnz/hourly-ipv4,ziyadnz|hourly,2026-08-17T18:48:05Z,2026-08-17T18:48:05Z,
156.234.76.174,ipv4,malicious-ip,medium,WHITE,ziyadnz/hourly-ipv4,ziyadnz|hourly,2026-08-17T18:48:05Z,2026-08-17T18:48:05Z,
156.234.94.215,ipv4,malicious-ip,medium,WHITE,ziyadnz/hourly-ipv4,ziyadnz|hourly,2026-08-17T18:48:05Z,2026-08-17T18:48:05Z,
156.236.67.181,ipv4,malicious-ip,medium,WHITE,ziyadnz/hourly-ipv4,ziyadnz|hourly,2026-08-17T18:48:05Z,2026-08-17T18:48:05Z,
156.236.72.58,ipv4,malicious-ip,medium,WHITE,ziyadnz/hourly-ipv4,ziyadnz|hourly,2026-08-17T18:48:05Z,2026-08-17T18:48:05Z,
156.236.75.188,ipv4,malicious-ip,medium,WHITE,ziyadnz/hourly-ipv4,ziyadnz|hourly,2026-08-17T18:48:05Z,2026-08-17T18:48:05Z,
156.236.75.64,ipv4,malicious-ip,medium,WHITE,ziyadnz/hourly-ipv4,ziyadnz|hourly,2026-08-17T18:48:05Z,2026-08-17T18:48:05Z,
156.236.76.90,ipv4,malicious-ip,medium,WHITE,ziyadnz/hourly-ipv4,ziyadnz|hourly,2026-08-17T18:48:05Z,2026-08-17T18:48:05Z,
156.238.121.168,ipv4,malicious-ip,medium,WHITE,ziyadnz/hourly-ipv4,ziyadnz|hourly,2026-08-17T18:48:05Z,2026-08-17T18:48:05Z,
156.238.224.43,ipv4,malicious-ip,medium,WHITE,ziyadnz/hourly-ipv4,ziyadnz|hourly,2026-08-17T18:48:05Z,2026-08-17T18:48:05Z,
156.238.224.82,ipv4,malicious-ip,medium,WHITE,ziyadnz/hourly-ipv4,ziyadnz|hourly,2026-08-17T18:48:05Z,2026-08-17T18:48:05Z,
156.238.225.44,ipv4,malicious-ip,medium,WHITE,ziyadnz/hourly-ipv4,ziyadnz|hourly,2026-08-17T18:48:05Z,2026-08-17T18:48:05Z,
156.238.234.42,ipv4,malicious-ip,medium,WHITE,ziyadnz/hourly-ipv4,ziyadnz|hourly,2026-08-17T18:48:05Z,2026-08-17T18:48:05Z,
156.238.236.179,ipv4,malicious-ip,medium,WHITE,ziyadnz/hourly-ipv4,ziyadnz|hourly,2026-08-17T18:48:05Z,2026-08-17T18:48:05Z,
156.238.237.103,ipv4,malicious-ip,medium,WHITE,ziyadnz/hourly-ipv4,ziyadnz|hourly,2026-08-17T18:48:05Z,2026-08-17T18:48:05Z,
156.238.238.111,ipv4,malicious-ip,medium,WHITE,ziyadnz/hourly-ipv4,ziyadnz|hourly,2026-08-17T18:48:05Z,2026-08-17T18:48:05Z,
156.238.252.133,ipv4,malicious-ip,medium,WHITE,ziyadnz/hourly-ipv4,ziyadnz|hourly,2026-08-17T18:48:05Z,2026-08-17T18:48:05Z,
156.238.41.71,ipv4,malicious-ip,medium,WHITE,ziyadnz/hourly-ipv4,ziyadnz|hourly,2026-08-17T18:48:05Z,2026-08-17T18:48:05Z,
156.238.83.82,ipv4,malicious-ip,medium,WHITE,ziyadnz/hourly-ipv4,ziyadnz|hourly,2026-08-17T18:48:05Z,2026-08-17T18:48:05Z,
156.239.236.2,ipv4,malicious-ip,medium,WHITE,ziyadnz/hourly-ipv4,ziyadnz|hourly,2026-08-17T18:48:05Z,2026-08-17T18:48:05Z,
156.239.253.250,ipv4,malicious-ip,medium,WHITE,ziyadnz/hourly-ipv4,ziyadnz|hourly,2026-08-17T18:48:05Z,2026-08-17T18:48:05Z,
156.239.5.251,ipv4,malicious-ip,medium,WHITE,ziyadnz/hourly-ipv4,ziyadnz|hourly,2026-08-17T18:48:05Z,2026-08-17T18:48:05Z,
156.240.106.128,ipv4,malicious-ip,medium,WHITE,ziyadnz/hourly-ipv4,ziyadnz|hourly,2026-08-17T18:48:05Z,2026-08-17T18:48:05Z,
156.240.120.78,ipv4,malicious-ip,medium,WHITE,ziyadnz/hourly-ipv4,ziyadnz|hourly,2026-08-17T18:48:05Z,2026-08-17T18:48:05Z,
156.240.157.226,ipv4,malicious-ip,medium,WHITE,ziyadnz/hourly-ipv4,ziyadnz|hourly,2026-08-17T18:48:05Z,2026-08-17T18:48:05Z,
156.241.0.122,ipv4,malicious-ip,medium,WHITE,ziyadnz/hourly-ipv4,ziyadnz|hourly,2026-08-17T18:48:05Z,2026-08-17T18:48:05Z,
156.241.132.32,ipv4,malicious-ip,medium,WHITE,ziyadnz/hourly-ipv4,ziyadnz|hourly,2026-08-17T18:48:05Z,2026-08-17T18:48:05Z,
156.241.134.49,ipv4,malicious-ip,medium,WHITE,ziyadnz/hourly-ipv4,ziyadnz|hourly,2026-08-17T18:48:05Z,2026-08-17T18:48:05Z,
156.241.144.66,ipv4,malicious-ip,medium,WHITE,ziyadnz/hourly-ipv4,ziyadnz|hourly,2026-08-17T18:48:05Z,2026-08-17T18:48:05Z,
156.244.14.127,ipv4,malicious-ip,medium,WHITE,ziyadnz/hourly-ipv4,ziyadnz|hourly,2026-08-17T18:48:05Z,2026-08-17T18:48:05Z,
156.244.19.63,ipv4,malicious-ip,medium,WHITE,ziyadnz/hourly-ipv4,ziyadnz|hourly,2026-08-17T18:48:05Z,2026-08-17T18:48:05Z,
156.244.33.162,ipv4,malicious-ip,medium,WHITE,ziyadnz/hourly-ipv4,ziyadnz|hourly,2026-08-17T18:48:05Z,2026-08-17T18:48:05Z,
156.244.41.224,ipv4,malicious-ip,medium,WHITE,ziyadnz/hourly-ipv4,ziyadnz|hourly,2026-08-17T18:48:05Z,2026-08-17T18:48:05Z,
156.244.6.68,ipv4,malicious-ip,medium,WHITE,ziyadnz/hourly-ipv4,ziyadnz|hourly,2026-08-17T18:48:05Z,2026-08-17T18:48:05Z,
156.245.144.121,ipv4,malicious-ip,medium,WHITE,ziyadnz/hourly-ipv4,ziyadnz|hourly,2026-08-17T18:48:05Z,2026-08-17T18:48:05Z,
156.245.145.111,ipv4,malicious-ip,medium,WHITE,ziyadnz/hourly-ipv4,ziyadnz|hourly,2026-08-17T18:48:05Z,2026-08-17T18:48:05Z,
156.245.207.80,ipv4,malicious-ip,medium,WHITE,ziyadnz/hourly-ipv4,ziyadnz|hourly,2026-08-17T18:48:05Z,2026-08-17T18:48:05Z,
156.245.239.180,ipv4,malicious-ip,medium,WHITE,ziyadnz/hourly-ipv4,ziyadnz|hourly,2026-08-17T18:48:05Z,2026-08-17T18:48:05Z,
156.246.91.162,ipv4,malicious-ip,medium,WHITE,ziyadnz/hourly-ipv4,ziyadnz|hourly,2026-08-17T18:48:05Z,2026-08-17T18:48:05Z,
156.246.95.141,ipv4,malicious-ip,medium,WHITE,ziyadnz/hourly-ipv4,ziyadnz|hourly,2026-08-17T18:48:05Z,2026-08-17T18:48:05Z,
156.247.40.40,ipv4,malicious-ip,medium,WHITE,ziyadnz/hourly-ipv4,ziyadnz|hourly,2026-08-17T18:48:05Z,2026-08-17T18:48:05Z,
156.248.57.49,ipv4,malicious-ip,medium,WHITE,ziyadnz/hourly-ipv4,ziyadnz|hourly,2026-08-17T18:48:05Z,2026-08-17T18:48:05Z,
156.251.163.120,ipv4,malicious-ip,medium,WHITE,ziyadnz/hourly-ipv4,ziyadnz|hourly,2026-08-17T18:48:05Z,2026-08-17T18:48:05Z,
156.251.17.12,ipv4,malicious-ip,medium,WHITE,ziyadnz/hourly-ipv4,ziyadnz|hourly,2026-08-17T18:48:05Z,2026-08-17T18:48:05Z,
156.251.17.17,ipv4,malicious-ip,medium,WHITE,ziyadnz/hourly-ipv4,ziyadnz|hourly,2026-08-17T18:48:05Z,2026-08-17T18:48:05Z,
156.251.179.157,ipv4,malicious-ip,medium,WHITE,ziyadnz/hourly-ipv4,ziyadnz|hourly,2026-08-17T18:48:05Z,2026-08-17T18:48:05Z,
156.251.25.112,ipv4,malicious-ip,medium,WHITE,ziyadnz/hourly-ipv4,ziyadnz|hourly,2026-08-17T18:48:05Z,2026-08-17T18:48:05Z,
156.251.25.43,ipv4,malicious-ip,medium,WHITE,ziyadnz/hourly-ipv4,ziyadnz|hourly,2026-08-17T18:48:05Z,2026-08-17T18:48:05Z,
156.253.227.6,ipv4,malicious-ip,medium,WHITE,ziyadnz/hourly-ipv4,ziyadnz|hourly,2026-08-17T18:48:05Z,2026-08-17T18:48:05Z,
156.253.228.55,ipv4,malicious-ip,medium,WHITE,ziyadnz/hourly-ipv4,ziyadnz|hourly,2026-08-17T18:48:05Z,2026-08-17T18:48:05Z,
156.253.250.201,ipv4,malicious-ip,medium,WHITE,ziyadnz/hourly-ipv4,ziyadnz|hourly,2026-08-17T18:48:05Z,2026-08-17T18:48:05Z,
156.253.5.146,ipv4,malicious-ip,medium,WHITE,ziyadnz/hourly-ipv4,ziyadnz|hourly,2026-08-17T18:48:05Z,2026-08-17T18:48:05Z,
156.255.1.208,ipv4,malicious-ip,medium,WHITE,ziyadnz/hourly-ipv4,ziyadnz|hourly,2026-08-17T18:48:05Z,2026-08-17T18:48:05Z,
156.38.21.158,ipv4,malicious-ip,medium,WHITE,ziyadnz/hourly-ipv4,ziyadnz|hourly,2026-08-17T18:48:05Z,2026-08-17T18:48:05Z,
156.38.73.89,ipv4,malicious-ip,medium,WHITE,ziyadnz/hourly-ipv4,ziyadnz|hourly,2026-08-17T18:48:05Z,2026-08-17T18:48:05Z,
156.38.82.101,ipv4,malicious-ip,medium,WHITE,ziyadnz/hourly-ipv4,ziyadnz|hourly,2026-08-17T18:48:05Z,2026-08-17T18:48:05Z,
156.54.179.52,ipv4,malicious-ip,medium,WHITE,ziyadnz/hourly-ipv4,ziyadnz|hourly,2026-08-17T18:48:05Z,2026-08-17T18:48:05Z,
156.59.198.135,ipv4,malicious-ip,medium,WHITE,ziyadnz/hourly-ipv4,ziyadnz|hourly,2026-08-17T18:48:05Z,2026-08-17T18:48:05Z,
156.59.198.136,ipv4,malicious-ip,medium,WHITE,ziyadnz/hourly-ipv4,ziyadnz|hourly,2026-08-17T18:48:05Z,2026-08-17T18:48:05Z,
156.67.105.7,ipv4,malicious-ip,medium,WHITE,ziyadnz/hourly-ipv4,ziyadnz|hourly,2026-08-17T18:48:05Z,2026-08-17T18:48:05Z,
156.67.218.115,ipv4,malicious-ip,medium,WHITE,ziyadnz/hourly-ipv4,ziyadnz|hourly,2026-08-17T18:48:05Z,2026-08-17T18:48:05Z,
156.67.26.217,ipv4,malicious-ip,medium,WHITE,ziyadnz/hourly-ipv4,ziyadnz|hourly,2026-08-17T18:48:05Z,2026-08-17T18:48:05Z,
156.67.27.237,ipv4,malicious-ip,medium,WHITE,ziyadnz/hourly-ipv4,ziyadnz|hourly,2026-08-17T18:48:05Z,2026-08-17T18:48:05Z,
156.67.31.88,ipv4,malicious-ip,medium,WHITE,ziyadnz/hourly-ipv4,ziyadnz|hourly,2026-08-17T18:48:05Z,2026-08-17T18:48:05Z,
156.67.73.71,ipv4,malicious-ip,medium,WHITE,ziyadnz/hourly-ipv4,ziyadnz|hourly,2026-08-17T18:48:05Z,2026-08-17T18:48:05Z,
156.67.81.164,ipv4,malicious-ip,medium,WHITE,ziyadnz/hourly-ipv4,ziyadnz|hourly,2026-08-17T18:48:05Z,2026-08-17T18:48:05Z,
156.96.155.238,ipv4,malicious-ip,medium,WHITE,ziyadnz/hourly-ipv4,ziyadnz|hourly,2026-08-17T18:48:05Z,2026-08-17T18:48:05Z,
156.96.62.58,ipv4,malicious-ip,medium,WHITE,ziyadnz/hourly-ipv4,ziyadnz|hourly,2026-08-17T18:48:05Z,2026-08-17T18:48:05Z,
157.0.0.10,ipv4,malicious-ip,medium,WHITE,ziyadnz/hourly-ipv4,ziyadnz|hourly,2026-08-17T18:48:05Z,2026-08-17T18:48:05Z,
157.0.233.224,ipv4,malicious-ip,medium,WHITE,ziyadnz/hourly-ipv4,ziyadnz|hourly,2026-08-17T18:48:05Z,2026-08-17T18:48:05Z,
157.10.198.102,ipv4,malicious-ip,medium,WHITE,ziyadnz/hourly-ipv4,ziyadnz|hourly,2026-08-17T18:48:05Z,2026-08-17T18:48:05Z,
157.10.201.135,ipv4,malicious-ip,medium,WHITE,ziyadnz/hourly-ipv4,ziyadnz|hourly,2026-08-17T18:48:05Z,2026-08-17T18:48:05Z,
157.10.226.197,ipv4,malicious-ip,medium,WHITE,ziyadnz/hourly-ipv4,ziyadnz|hourly,2026-08-17T18:48:05Z,2026-08-17T18:48:05Z,
157.10.3.25,ipv4,malicious-ip,medium,WHITE,ziyadnz/hourly-ipv4,ziyadnz|hourly,2026-08-17T18:48:05Z,2026-08-17T18:48:05Z,
157.10.45.192,ipv4,malicious-ip,medium,WHITE,ziyadnz/hourly-ipv4,ziyadnz|hourly,2026-08-17T18:48:05Z,2026-08-17T18:48:05Z,
157.10.45.97,ipv4,malicious-ip,medium,WHITE,ziyadnz/hourly-ipv4,ziyadnz|hourly,2026-08-17T18:48:05Z,2026-08-17T18:48:05Z,
157.10.6.142,ipv4,malicious-ip,medium,WHITE,ziyadnz/hourly-ipv4,ziyadnz|hourly,2026-08-17T18:48:05Z,2026-08-17T18:48:05Z,
157.10.7.112,ipv4,malicious-ip,medium,WHITE,ziyadnz/hourly-ipv4,ziyadnz|hourly,2026-08-17T18:48:05Z,2026-08-17T18:48:05Z,
157.10.7.194,ipv4,malicious-ip,medium,WHITE,ziyadnz/hourly-ipv4,ziyadnz|hourly,2026-08-17T18:48:05Z,2026-08-17T18:48:05Z,
157.10.7.197,ipv4,malicious-ip,medium,WHITE,ziyadnz/hourly-ipv4,ziyadnz|hourly,2026-08-17T18:48:05Z,2026-08-17T18:48:05Z,
157.10.7.4,ipv4,malicious-ip,medium,WHITE,ziyadnz/hourly-ipv4,ziyadnz|hourly,2026-08-17T18:48:05Z,2026-08-17T18:48:05Z,
157.10.7.5,ipv4,malicious-ip,medium,WHITE,ziyadnz/hourly-ipv4,ziyadnz|hourly,2026-08-17T18:48:05Z,2026-08-17T18:48:05Z,
157.10.80.107,ipv4,malicious-ip,medium,WHITE,ziyadnz/hourly-ipv4,ziyadnz|hourly,2026-08-17T18:48:05Z,2026-08-17T18:48:05Z,
157.100.108.187,ipv4,malicious-ip,medium,WHITE,ziyadnz/hourly-ipv4,ziyadnz|hourly,2026-08-17T18:48:05Z,2026-08-17T18:48:05Z,
157.100.108.76,ipv4,malicious-ip,medium,WHITE,ziyadnz/hourly-ipv4,ziyadnz|hourly,2026-08-17T18:48:05Z,2026-08-17T18:48:05Z,
157.100.12.144,ipv4,malicious-ip,medium,WHITE,ziyadnz/hourly-ipv4,ziyadnz|hourly,2026-08-17T18:48:05Z,2026-08-17T18:48:05Z,
157.100.168.131,ipv4,malicious-ip,medium,WHITE,ziyadnz/hourly-ipv4,ziyadnz|hourly,2026-08-17T18:48:05Z,2026-08-17T18:48:05Z,
157.100.186.173,ipv4,malicious-ip,medium,WHITE,ziyadnz/hourly-ipv4,ziyadnz|hourly,2026-08-17T18:48:05Z,2026-08-17T18:48:05Z,
157.100.191.57,ipv4,malicious-ip,medium,WHITE,ziyadnz/hourly-ipv4,ziyadnz|hourly,2026-08-17T18:48:05Z,2026-08-17T18:48:05Z,
157.100.202.127,ipv4,malicious-ip,medium,WHITE,ziyadnz/hourly-ipv4,ziyadnz|hourly,2026-08-17T18:48:05Z,2026-08-17T18:48:05Z,
157.100.203.16,ipv4,malicious-ip,medium,WHITE,ziyadnz/hourly-ipv4,ziyadnz|hourly,2026-08-17T18:48:05Z,2026-08-17T18:48:05Z,
157.100.52.123,ipv4,malicious-ip,medium,WHITE,ziyadnz/hourly-ipv4,ziyadnz|hourly,2026-08-17T18:48:05Z,2026-08-17T18:48:05Z,
157.100.59.117,ipv4,malicious-ip,medium,WHITE,ziyadnz/hourly-ipv4,ziyadnz|hourly,2026-08-17T18:48:05Z,2026-08-17T18:48:05Z,
157.100.63.131,ipv4,malicious-ip,medium,WHITE,ziyadnz/hourly-ipv4,ziyadnz|hourly,2026-08-17T18:48:05Z,2026-08-17T18:48:05Z,
157.100.89.40,ipv4,malicious-ip,medium,WHITE,ziyadnz/hourly-ipv4,ziyadnz|hourly,2026-08-17T18:48:05Z,2026-08-17T18:48:05Z,
157.101.161.229,ipv4,malicious-ip,medium,WHITE,ziyadnz/hourly-ipv4,ziyadnz|hourly,2026-08-17T18:48:05Z,2026-08-17T18:48:05Z,
157.101.171.60,ipv4,malicious-ip,medium,WHITE,ziyadnz/hourly-ipv4,ziyadnz|hourly,2026-08-17T18:48:05Z,2026-08-17T18:48:05Z,
157.101.171.68,ipv4,malicious-ip,medium,WHITE,ziyadnz/hourly-ipv4,ziyadnz|hourly,2026-08-17T18:48:05Z,2026-08-17T18:48:05Z,
157.101.172.23,ipv4,malicious-ip,medium,WHITE,ziyadnz/hourly-ipv4,ziyadnz|hourly,2026-08-17T18:48:05Z,2026-08-17T18:48:05Z,
157.107.206.114,ipv4,malicious-ip,medium,WHITE,ziyadnz/hourly-ipv4,ziyadnz|hourly,2026-08-17T18:48:05Z,2026-08-17T18:48:05Z,
157.107.208.76,ipv4,malicious-ip,medium,WHITE,ziyadnz/hourly-ipv4,ziyadnz|hourly,2026-08-17T18:48:05Z,2026-08-17T18:48:05Z,
157.107.230.47,ipv4,malicious-ip,medium,WHITE,ziyadnz/hourly-ipv4,ziyadnz|hourly,2026-08-17T18:48:05Z,2026-08-17T18:48:05Z,
157.107.237.90,ipv4,malicious-ip,medium,WHITE,ziyadnz/hourly-ipv4,ziyadnz|hourly,2026-08-17T18:48:05Z,2026-08-17T18:48:05Z,
157.107.238.66,ipv4,malicious-ip,medium,WHITE,ziyadnz/hourly-ipv4,ziyadnz|hourly,2026-08-17T18:48:05Z,2026-08-17T18:48:05Z,
157.107.239.57,ipv4,malicious-ip,medium,WHITE,ziyadnz/hourly-ipv4,ziyadnz|hourly,2026-08-17T18:48:05Z,2026-08-17T18:48:05Z,
157.107.244.157,ipv4,malicious-ip,medium,WHITE,ziyadnz/hourly-ipv4,ziyadnz|hourly,2026-08-17T18:48:05Z,2026-08-17T18:48:05Z,
157.119.202.205,ipv4,malicious-ip,medium,WHITE,ziyadnz/hourly-ipv4,ziyadnz|hourly,2026-08-17T18:48:05Z,2026-08-17T18:48:05Z,
157.119.203.229,ipv4,malicious-ip,medium,WHITE,ziyadnz/hourly-ipv4,ziyadnz|hourly,2026-08-17T18:48:05Z,2026-08-17T18:48:05Z,
157.119.227.28,ipv4,malicious-ip,medium,WHITE,ziyadnz/hourly-ipv4,ziyadnz|hourly,2026-08-17T18:48:05Z,2026-08-17T18:48:05Z,
157.119.75.16,ipv4,malicious-ip,medium,WHITE,ziyadnz/hourly-ipv4,ziyadnz|hourly,2026-08-17T18:48:05Z,2026-08-17T18:48:05Z,
157.131.172.74,ipv4,malicious-ip,medium,WHITE,ziyadnz/hourly-ipv4,ziyadnz|hourly,2026-08-17T18:48:05Z,2026-08-17T18:48:05Z,
157.137.189.141,ipv4,malicious-ip,medium,WHITE,ziyadnz/hourly-ipv4,ziyadnz|hourly,2026-08-17T18:48:05Z,2026-08-17T18:48:05Z,
157.148.122.208,ipv4,malicious-ip,medium,WHITE,ziyadnz/hourly-ipv4,ziyadnz|hourly,2026-08-17T18:48:05Z,2026-08-17T18:48:05Z,
157.15.158.237,ipv4,malicious-ip,medium,WHITE,ziyadnz/hourly-ipv4,ziyadnz|hourly,2026-08-17T18:48:05Z,2026-08-17T18:48:05Z,
157.15.158.238,ipv4,malicious-ip,medium,WHITE,ziyadnz/hourly-ipv4,ziyadnz|hourly,2026-08-17T18:48:05Z,2026-08-17T18:48:05Z,
157.15.158.242,ipv4,malicious-ip,medium,WHITE,ziyadnz/hourly-ipv4,ziyadnz|hourly,2026-08-17T18:48:05Z,2026-08-17T18:48:05Z,
157.15.187.3,ipv4,malicious-ip,medium,WHITE,ziyadnz/hourly-ipv4,ziyadnz|hourly,2026-08-17T18:48:05Z,2026-08-17T18:48:05Z,
157.15.234.174,ipv4,malicious-ip,medium,WHITE,ziyadnz/hourly-ipv4,ziyadnz|hourly,2026-08-17T18:48:05Z,2026-08-17T18:48:05Z,
157.15.235.12,ipv4,malicious-ip,medium,WHITE,ziyadnz/hourly-ipv4,ziyadnz|hourly,2026-08-17T18:48:05Z,2026-08-17T18:48:05Z,
157.15.235.162,ipv4,malicious-ip,medium,WHITE,ziyadnz/hourly-ipv4,ziyadnz|hourly,2026-08-17T18:48:05Z,2026-08-17T18:48:05Z,
157.15.235.64,ipv4,malicious-ip,medium,WHITE,ziyadnz/hourly-ipv4,ziyadnz|hourly,2026-08-17T18:48:05Z,2026-08-17T18:48:05Z,
157.15.40.1,ipv4,malicious-ip,medium,WHITE,ziyadnz/hourly-ipv4,ziyadnz|hourly,2026-08-17T18:48:05Z,2026-08-17T18:48:05Z,
157.15.40.16,ipv4,malicious-ip,medium,WHITE,ziyadnz/hourly-ipv4,ziyadnz|hourly,2026-08-17T18:48:05Z,2026-08-17T18:48:05Z,
157.15.40.57,ipv4,malicious-ip,medium,WHITE,ziyadnz/hourly-ipv4,ziyadnz|hourly,2026-08-17T18:48:05Z,2026-08-17T18:48:05Z,
157.15.44.153,ipv4,malicious-ip,medium,WHITE,ziyadnz/hourly-ipv4,ziyadnz|hourly,2026-08-17T18:48:05Z,2026-08-17T18:48:05Z,
157.15.58.45,ipv4,malicious-ip,medium,WHITE,ziyadnz/hourly-ipv4,ziyadnz|hourly,2026-08-17T18:48:05Z,2026-08-17T18:48:05Z,
157.15.73.34,ipv4,malicious-ip,medium,WHITE,ziyadnz/hourly-ipv4,ziyadnz|hourly,2026-08-17T18:48:05Z,2026-08-17T18:48:05Z,
157.154.194.6,ipv4,malicious-ip,medium,WHITE,ziyadnz/hourly-ipv4,ziyadnz|hourly,2026-08-17T18:48:05Z,2026-08-17T18:48:05Z,
157.173.101.89,ipv4,malicious-ip,medium,WHITE,ziyadnz/hourly-ipv4,ziyadnz|hourly,2026-08-17T18:48:05Z,2026-08-17T18:48:05Z,
157.173.107.152,ipv4,malicious-ip,medium,WHITE,ziyadnz/hourly-ipv4,ziyadnz|hourly,2026-08-17T18:48:05Z,2026-08-17T18:48:05Z,
157.173.114.208,ipv4,malicious-ip,medium,WHITE,ziyadnz/hourly-ipv4,ziyadnz|hourly,2026-08-17T18:48:05Z,2026-08-17T18:48:05Z,
157.173.118.27,ipv4,malicious-ip,medium,WHITE,ziyadnz/hourly-ipv4,ziyadnz|hourly,2026-08-17T18:48:05Z,2026-08-17T18:48:05Z,
157.173.126.206,ipv4,malicious-ip,medium,WHITE,ziyadnz/hourly-ipv4,ziyadnz|hourly,2026-08-17T18:48:05Z,2026-08-17T18:48:05Z,
157.18.170.19,ipv4,malicious-ip,medium,WHITE,ziyadnz/hourly-ipv4,ziyadnz|hourly,2026-08-17T18:48:05Z,2026-08-17T18:48:05Z,
157.18.175.57,ipv4,malicious-ip,medium,WHITE,ziyadnz/hourly-ipv4,ziyadnz|hourly,2026-08-17T18:48:05Z,2026-08-17T18:48:05Z,
157.18.182.8,ipv4,malicious-ip,medium,WHITE,ziyadnz/hourly-ipv4,ziyadnz|hourly,2026-08-17T18:48:05Z,2026-08-17T18:48:05Z,
157.180.21.172,ipv4,malicious-ip,medium,WHITE,ziyadnz/hourly-ipv4,ziyadnz|hourly,2026-08-17T18:48:05Z,2026-08-17T18:48:05Z,
157.180.66.246,ipv4,malicious-ip,medium,WHITE,ziyadnz/hourly-ipv4,ziyadnz|hourly,2026-08-17T18:48:05Z,2026-08-17T18:48:05Z,
157.185.165.59,ipv4,malicious-ip,medium,WHITE,ziyadnz/hourly-ipv4,ziyadnz|hourly,2026-08-17T18:48:05Z,2026-08-17T18:48:05Z,
157.185.167.143,ipv4,malicious-ip,medium,WHITE,ziyadnz/hourly-ipv4,ziyadnz|hourly,2026-08-17T18:48:05Z,2026-08-17T18:48:05Z,
157.185.168.67,ipv4,malicious-ip,medium,WHITE,ziyadnz/hourly-ipv4,ziyadnz|hourly,2026-08-17T18:48:05Z,2026-08-17T18:48:05Z,
157.20.138.62,ipv4,malicious-ip,medium,WHITE,ziyadnz/hourly-ipv4,ziyadnz|hourly,2026-08-17T18:48:05Z,2026-08-17T18:48:05Z,
157.20.144.199,ipv4,malicious-ip,medium,WHITE,ziyadnz/hourly-ipv4,ziyadnz|hourly,2026-08-17T18:48:05Z,2026-08-17T18:48:05Z,
157.20.144.241,ipv4,malicious-ip,medium,WHITE,ziyadnz/hourly-ipv4,ziyadnz|hourly,2026-08-17T18:48:05Z,2026-08-17T18:48:05Z,
157.20.150.224,ipv4,malicious-ip,medium,WHITE,ziyadnz/hourly-ipv4,ziyadnz|hourly,2026-08-17T18:48:05Z,2026-08-17T18:48:05Z,
157.20.172.61,ipv4,malicious-ip,medium,WHITE,ziyadnz/hourly-ipv4,ziyadnz|hourly,2026-08-17T18:48:05Z,2026-08-17T18:48:05Z,
157.20.182.167,ipv4,malicious-ip,medium,WHITE,ziyadnz/hourly-ipv4,ziyadnz|hourly,2026-08-17T18:48:05Z,2026-08-17T18:48:05Z,
157.20.182.172,ipv4,malicious-ip,medium,WHITE,ziyadnz/hourly-ipv4,ziyadnz|hourly,2026-08-17T18:48:05Z,2026-08-17T18:48:05Z,
157.20.182.177,ipv4,malicious-ip,medium,WHITE,ziyadnz/hourly-ipv4,ziyadnz|hourly,2026-08-17T18:48:05Z,2026-08-17T18:48:05Z,
157.20.182.35,ipv4,malicious-ip,medium,WHITE,ziyadnz/hourly-ipv4,ziyadnz|hourly,2026-08-17T18:48:05Z,2026-08-17T18:48:05Z,
157.20.182.68,ipv4,malicious-ip,medium,WHITE,ziyadnz/hourly-ipv4,ziyadnz|hourly,2026-08-17T18:48:05Z,2026-08-17T18:48:05Z,
157.20.182.72,ipv4,malicious-ip,medium,WHITE,ziyadnz/hourly-ipv4,ziyadnz|hourly,2026-08-17T18:48:05Z,2026-08-17T18:48:05Z,
157.20.207.165,ipv4,malicious-ip,medium,WHITE,ziyadnz/hourly-ipv4,ziyadnz|hourly,2026-08-17T18:48:05Z,2026-08-17T18:48:05Z,
157.20.207.209,ipv4,malicious-ip,medium,WHITE,ziyadnz/hourly-ipv4,ziyadnz|hourly,2026-08-17T18:48:05Z,2026-08-17T18:48:05Z,
157.20.214.228,ipv4,malicious-ip,medium,WHITE,ziyadnz/hourly-ipv4,ziyadnz|hourly,2026-08-17T18:48:05Z,2026-08-17T18:48:05Z,
157.20.215.123,ipv4,malicious-ip,medium,WHITE,ziyadnz/hourly-ipv4,ziyadnz|hourly,2026-08-17T18:48:05Z,2026-08-17T18:48:05Z,
157.20.32.147,ipv4,malicious-ip,medium,WHITE,ziyadnz/hourly-ipv4,ziyadnz|hourly,2026-08-17T18:48:05Z,2026-08-17T18:48:05Z,
157.20.86.79,ipv4,malicious-ip,medium,WHITE,ziyadnz/hourly-ipv4,ziyadnz|hourly,2026-08-17T18:48:05Z,2026-08-17T18:48:05Z,
157.208.6.48,ipv4,malicious-ip,medium,WHITE,ziyadnz/hourly-ipv4,ziyadnz|hourly,2026-08-17T18:48:05Z,2026-08-17T18:48:05Z,
157.211.246.182,ipv4,malicious-ip,medium,WHITE,ziyadnz/hourly-ipv4,ziyadnz|hourly,2026-08-17T18:48:05Z,2026-08-17T18:48:05Z,
157.211.48.130,ipv4,malicious-ip,medium,WHITE,ziyadnz/hourly-ipv4,ziyadnz|hourly,2026-08-17T18:48:05Z,2026-08-17T18:48:05Z,
157.22.125.161,ipv4,malicious-ip,medium,WHITE,ziyadnz/hourly-ipv4,ziyadnz|hourly,2026-08-17T18:48:05Z,2026-08-17T18:48:05Z,
157.22.174.111,ipv4,malicious-ip,medium,WHITE,ziyadnz/hourly-ipv4,ziyadnz|hourly,2026-08-17T18:48:05Z,2026-08-17T18:48:05Z,
157.22.205.179,ipv4,malicious-ip,medium,WHITE,ziyadnz/hourly-ipv4,ziyadnz|hourly,2026-08-17T18:48:05Z,2026-08-17T18:48:05Z,
157.22.44.37,ipv4,malicious-ip,medium,WHITE,ziyadnz/hourly-ipv4,ziyadnz|hourly,2026-08-17T18:48:05Z,2026-08-17T18:48:05Z,
157.228.136.65,ipv4,malicious-ip,medium,WHITE,ziyadnz/hourly-ipv4,ziyadnz|hourly,2026-08-17T18:48:05Z,2026-08-17T18:48:05Z,
157.230.102.97,ipv4,malicious-ip,medium,WHITE,ziyadnz/hourly-ipv4,ziyadnz|hourly,2026-08-17T18:48:05Z,2026-08-17T18:48:05Z,
157.230.11.234,ipv4,malicious-ip,medium,WHITE,ziyadnz/hourly-ipv4,ziyadnz|hourly,2026-08-17T18:48:05Z,2026-08-17T18:48:05Z,
157.230.115.122,ipv4,malicious-ip,medium,WHITE,ziyadnz/hourly-ipv4,ziyadnz|hourly,2026-08-17T18:48:05Z,2026-08-17T18:48:05Z,
157.230.115.73,ipv4,malicious-ip,medium,WHITE,ziyadnz/hourly-ipv4,ziyadnz|hourly,2026-08-17T18:48:05Z,2026-08-17T18:48:05Z,
157.230.119.211,ipv4,malicious-ip,medium,WHITE,ziyadnz/hourly-ipv4,ziyadnz|hourly,2026-08-17T18:48:05Z,2026-08-17T18:48:05Z,
157.230.123.106,ipv4,malicious-ip,medium,WHITE,ziyadnz/hourly-ipv4,ziyadnz|hourly,2026-08-17T18:48:05Z,2026-08-17T18:48:05Z,
157.230.126.147,ipv4,malicious-ip,medium,WHITE,ziyadnz/hourly-ipv4,ziyadnz|hourly,2026-08-17T18:48:05Z,2026-08-17T18:48:05Z,
157.230.129.55,ipv4,malicious-ip,medium,WHITE,ziyadnz/hourly-ipv4,ziyadnz|hourly,2026-08-17T18:48:05Z,2026-08-17T18:48:05Z,
157.230.13.137,ipv4,malicious-ip,medium,WHITE,ziyadnz/hourly-ipv4,ziyadnz|hourly,2026-08-17T18:48:05Z,2026-08-17T18:48:05Z,
157.230.132.168,ipv4,malicious-ip,medium,WHITE,ziyadnz/hourly-ipv4,ziyadnz|hourly,2026-08-17T18:48:05Z,2026-08-17T18:48:05Z,
157.230.133.189,ipv4,malicious-ip,medium,WHITE,ziyadnz/hourly-ipv4,ziyadnz|hourly,2026-08-17T18:48:05Z,2026-08-17T18:48:05Z,
157.230.139.45,ipv4,malicious-ip,medium,WHITE,ziyadnz/hourly-ipv4,ziyadnz|hourly,2026-08-17T18:48:05Z,2026-08-17T18:48:05Z,
157.230.141.197,ipv4,malicious-ip,medium,WHITE,ziyadnz/hourly-ipv4,ziyadnz|hourly,2026-08-17T18:48:05Z,2026-08-17T18:48:05Z,
157.230.142.126,ipv4,malicious-ip,medium,WHITE,ziyadnz/hourly-ipv4,ziyadnz|hourly,2026-08-17T18:48:05Z,2026-08-17T18:48:05Z,
157.230.142.72,ipv4,malicious-ip,medium,WHITE,ziyadnz/hourly-ipv4,ziyadnz|hourly,2026-08-17T18:48:05Z,2026-08-17T18:48:05Z,
157.230.142.96,ipv4,malicious-ip,medium,WHITE,ziyadnz/hourly-ipv4,ziyadnz|hourly,2026-08-17T18:48:05Z,2026-08-17T18:48:05Z,
157.230.146.104,ipv4,malicious-ip,medium,WHITE,ziyadnz/hourly-ipv4,ziyadnz|hourly,2026-08-17T18:48:05Z,2026-08-17T18:48:05Z,
157.230.147.197,ipv4,malicious-ip,medium,WHITE,ziyadnz/hourly-ipv4,ziyadnz|hourly,2026-08-17T18:48:05Z,2026-08-17T18:48:05Z,
157.230.148.134,ipv4,malicious-ip,medium,WHITE,ziyadnz/hourly-ipv4,ziyadnz|hourly,2026-08-17T18:48:05Z,2026-08-17T18:48:05Z,
157.230.149.167,ipv4,malicious-ip,medium,WHITE,ziyadnz/hourly-ipv4,ziyadnz|hourly,2026-08-17T18:48:05Z,2026-08-17T18:48:05Z,
157.230.154.114,ipv4,malicious-ip,medium,WHITE,ziyadnz/hourly-ipv4,ziyadnz|hourly,2026-08-17T18:48:05Z,2026-08-17T18:48:05Z,
157.230.154.90,ipv4,malicious-ip,medium,WHITE,ziyadnz/hourly-ipv4,ziyadnz|hourly,2026-08-17T18:48:05Z,2026-08-17T18:48:05Z,
157.230.156.212,ipv4,malicious-ip,medium,WHITE,ziyadnz/hourly-ipv4,ziyadnz|hourly,2026-08-17T18:48:05Z,2026-08-17T18:48:05Z,
157.230.156.216,ipv4,malicious-ip,medium,WHITE,ziyadnz/hourly-ipv4,ziyadnz|hourly,2026-08-17T18:48:05Z,2026-08-17T18:48:05Z,
157.230.157.187,ipv4,malicious-ip,medium,WHITE,ziyadnz/hourly-ipv4,ziyadnz|hourly,2026-08-17T18:48:05Z,2026-08-17T18:48:05Z,
157.230.160.171,ipv4,malicious-ip,medium,WHITE,ziyadnz/hourly-ipv4,ziyadnz|hourly,2026-08-17T18:48:05Z,2026-08-17T18:48:05Z,
157.230.161.27,ipv4,malicious-ip,medium,WHITE,ziyadnz/hourly-ipv4,ziyadnz|hourly,2026-08-17T18:48:05Z,2026-08-17T18:48:05Z,
157.230.163.234,ipv4,malicious-ip,medium,WHITE,ziyadnz/hourly-ipv4,ziyadnz|hourly,2026-08-17T18:48:05Z,2026-08-17T18:48:05Z,
157.230.165.211,ipv4,malicious-ip,medium,WHITE,ziyadnz/hourly-ipv4,ziyadnz|hourly,2026-08-17T18:48:05Z,2026-08-17T18:48:05Z,
157.230.165.230,ipv4,malicious-ip,medium,WHITE,ziyadnz/hourly-ipv4,ziyadnz|hourly,2026-08-17T18:48:05Z,2026-08-17T18:48:05Z,
157.230.167.185,ipv4,malicious-ip,medium,WHITE,ziyadnz/hourly-ipv4,ziyadnz|hourly,2026-08-17T18:48:05Z,2026-08-17T18:48:05Z,
157.230.167.26,ipv4,malicious-ip,medium,WHITE,ziyadnz/hourly-ipv4,ziyadnz|hourly,2026-08-17T18:48:05Z,2026-08-17T18:48:05Z,
157.230.168.145,ipv4,malicious-ip,medium,WHITE,ziyadnz/hourly-ipv4,ziyadnz|hourly,2026-08-17T18:48:05Z,2026-08-17T18:48:05Z,
157.230.171.79,ipv4,malicious-ip,medium,WHITE,ziyadnz/hourly-ipv4,ziyadnz|hourly,2026-08-17T18:48:05Z,2026-08-17T18:48:05Z,
157.230.175.179,ipv4,malicious-ip,medium,WHITE,ziyadnz/hourly-ipv4,ziyadnz|hourly,2026-08-17T18:48:05Z,2026-08-17T18:48:05Z,
157.230.175.56,ipv4,malicious-ip,medium,WHITE,ziyadnz/hourly-ipv4,ziyadnz|hourly,2026-08-17T18:48:05Z,2026-08-17T18:48:05Z,
157.230.176.56,ipv4,malicious-ip,medium,WHITE,ziyadnz/hourly-ipv4,ziyadnz|hourly,2026-08-17T18:48:05Z,2026-08-17T18:48:05Z,
157.230.178.208,ipv4,malicious-ip,medium,WHITE,ziyadnz/hourly-ipv4,ziyadnz|hourly,2026-08-17T18:48:05Z,2026-08-17T18:48:05Z,
157.230.178.216,ipv4,malicious-ip,medium,WHITE,ziyadnz/hourly-ipv4,ziyadnz|hourly,2026-08-17T18:48:05Z,2026-08-17T18:48:05Z,
157.230.180.226,ipv4,malicious-ip,medium,WHITE,ziyadnz/hourly-ipv4,ziyadnz|hourly,2026-08-17T18:48:05Z,2026-08-17T18:48:05Z,
157.230.183.1,ipv4,malicious-ip,medium,WHITE,ziyadnz/hourly-ipv4,ziyadnz|hourly,2026-08-17T18:48:05Z,2026-08-17T18:48:05Z,
157.230.184.110,ipv4,malicious-ip,medium,WHITE,ziyadnz/hourly-ipv4,ziyadnz|hourly,2026-08-17T18:48:05Z,2026-08-17T18:48:05Z,
157.230.184.82,ipv4,malicious-ip,medium,WHITE,ziyadnz/hourly-ipv4,ziyadnz|hourly,2026-08-17T18:48:05Z,2026-08-17T18:48:05Z,
157.230.187.82,ipv4,malicious-ip,medium,WHITE,ziyadnz/hourly-ipv4,ziyadnz|hourly,2026-08-17T18:48:05Z,2026-08-17T18:48:05Z,
157.230.188.141,ipv4,malicious-ip,medium,WHITE,ziyadnz/hourly-ipv4,ziyadnz|hourly,2026-08-17T18:48:05Z,2026-08-17T18:48:05Z,
157.230.188.164,ipv4,malicious-ip,medium,WHITE,ziyadnz/hourly-ipv4,ziyadnz|hourly,2026-08-17T18:48:05Z,2026-08-17T18:48:05Z,
157.230.19.140,ipv4,malicious-ip,medium,WHITE,ziyadnz/hourly-ipv4,ziyadnz|hourly,2026-08-17T18:48:05Z,2026-08-17T18:48:05Z,
157.230.190.155,ipv4,malicious-ip,medium,WHITE,ziyadnz/hourly-ipv4,ziyadnz|hourly,2026-08-17T18:48:05Z,2026-08-17T18:48:05Z,
157.230.191.249,ipv4,malicious-ip,medium,WHITE,ziyadnz/hourly-ipv4,ziyadnz|hourly,2026-08-17T18:48:05Z,2026-08-17T18:48:05Z,
157.230.191.59,ipv4,malicious-ip,medium,WHITE,ziyadnz/hourly-ipv4,ziyadnz|hourly,2026-08-17T18:48:05Z,2026-08-17T18:48:05Z,
157.230.208.239,ipv4,malicious-ip,medium,WHITE,ziyadnz/hourly-ipv4,ziyadnz|hourly,2026-08-17T18:48:05Z,2026-08-17T18:48:05Z,
157.230.208.70,ipv4,malicious-ip,medium,WHITE,ziyadnz/hourly-ipv4,ziyadnz|hourly,2026-08-17T18:48:05Z,2026-08-17T18:48:05Z,
157.230.209.117,ipv4,malicious-ip,medium,WHITE,ziyadnz/hourly-ipv4,ziyadnz|hourly,2026-08-17T18:48:05Z,2026-08-17T18:48:05Z,
157.230.21.37,ipv4,malicious-ip,medium,WHITE,ziyadnz/hourly-ipv4,ziyadnz|hourly,2026-08-17T18:48:05Z,2026-08-17T18:48:05Z,
157.230.211.11,ipv4,malicious-ip,medium,WHITE,ziyadnz/hourly-ipv4,ziyadnz|hourly,2026-08-17T18:48:05Z,2026-08-17T18:48:05Z,
157.230.212.54,ipv4,malicious-ip,medium,WHITE,ziyadnz/hourly-ipv4,ziyadnz|hourly,2026-08-17T18:48:05Z,2026-08-17T18:48:05Z,
157.230.223.165,ipv4,malicious-ip,medium,WHITE,ziyadnz/hourly-ipv4,ziyadnz|hourly,2026-08-17T18:48:05Z,2026-08-17T18:48:05Z,
157.230.227.109,ipv4,malicious-ip,medium,WHITE,ziyadnz/hourly-ipv4,ziyadnz|hourly,2026-08-17T18:48:05Z,2026-08-17T18:48:05Z,
157.230.228.1,ipv4,malicious-ip,medium,WHITE,ziyadnz/hourly-ipv4,ziyadnz|hourly,2026-08-17T18:48:05Z,2026-08-17T18:48:05Z,
157.230.228.102,ipv4,malicious-ip,medium,WHITE,ziyadnz/hourly-ipv4,ziyadnz|hourly,2026-08-17T18:48:05Z,2026-08-17T18:48:05Z,
157.230.23.114,ipv4,malicious-ip,medium,WHITE,ziyadnz/hourly-ipv4,ziyadnz|hourly,2026-08-17T18:48:05Z,2026-08-17T18:48:05Z,
157.230.232.58,ipv4,malicious-ip,medium,WHITE,ziyadnz/hourly-ipv4,ziyadnz|hourly,2026-08-17T18:48:05Z,2026-08-17T18:48:05Z,
157.230.235.148,ipv4,malicious-ip,medium,WHITE,ziyadnz/hourly-ipv4,ziyadnz|hourly,2026-08-17T18:48:05Z,2026-08-17T18:48:05Z,
157.230.235.30,ipv4,malicious-ip,medium,WHITE,ziyadnz/hourly-ipv4,ziyadnz|hourly,2026-08-17T18:48:05Z,2026-08-17T18:48:05Z,
157.230.236.166,ipv4,malicious-ip,medium,WHITE,ziyadnz/hourly-ipv4,ziyadnz|hourly,2026-08-17T18:48:05Z,2026-08-17T18:48:05Z,
157.230.237.75,ipv4,malicious-ip,medium,WHITE,ziyadnz/hourly-ipv4,ziyadnz|hourly,2026-08-17T18:48:05Z,2026-08-17T18:48:05Z,
157.230.238.116,ipv4,malicious-ip,medium,WHITE,ziyadnz/hourly-ipv4,ziyadnz|hourly,2026-08-17T18:48:05Z,2026-08-17T18:48:05Z,
157.230.238.207,ipv4,malicious-ip,medium,WHITE,ziyadnz/hourly-ipv4,ziyadnz|hourly,2026-08-17T18:48:05Z,2026-08-17T18:48:05Z,
157.230.239.131,ipv4,malicious-ip,medium,WHITE,ziyadnz/hourly-ipv4,ziyadnz|hourly,2026-08-17T18:48:05Z,2026-08-17T18:48:05Z,
157.230.243.177,ipv4,malicious-ip,medium,WHITE,ziyadnz/hourly-ipv4,ziyadnz|hourly,2026-08-17T18:48:05Z,2026-08-17T18:48:05Z,
157.230.249.57,ipv4,malicious-ip,medium,WHITE,ziyadnz/hourly-ipv4,ziyadnz|hourly,2026-08-17T18:48:05Z,2026-08-17T18:48:05Z,
157.230.25.159,ipv4,malicious-ip,medium,WHITE,ziyadnz/hourly-ipv4,ziyadnz|hourly,2026-08-17T18:48:05Z,2026-08-17T18:48:05Z,
157.230.252.23,ipv4,malicious-ip,medium,WHITE,ziyadnz/hourly-ipv4,ziyadnz|hourly,2026-08-17T18:48:05Z,2026-08-17T18:48:05Z,
157.230.33.8,ipv4,malicious-ip,medium,WHITE,ziyadnz/hourly-ipv4,ziyadnz|hourly,2026-08-17T18:48:05Z,2026-08-17T18:48:05Z,
157.230.34.45,ipv4,malicious-ip,medium,WHITE,ziyadnz/hourly-ipv4,ziyadnz|hourly,2026-08-17T18:48:05Z,2026-08-17T18:48:05Z,
157.230.35.80,ipv4,malicious-ip,medium,WHITE,ziyadnz/hourly-ipv4,ziyadnz|hourly,2026-08-17T18:48:05Z,2026-08-17T18:48:05Z,
157.230.36.61,ipv4,malicious-ip,medium,WHITE,ziyadnz/hourly-ipv4,ziyadnz|hourly,2026-08-17T18:48:05Z,2026-08-17T18:48:05Z,
157.230.37.97,ipv4,malicious-ip,medium,WHITE,ziyadnz/hourly-ipv4,ziyadnz|hourly,2026-08-17T18:48:05Z,2026-08-17T18:48:05Z,
157.230.42.248,ipv4,malicious-ip,medium,WHITE,ziyadnz/hourly-ipv4,ziyadnz|hourly,2026-08-17T18:48:05Z,2026-08-17T18:48:05Z,
157.230.47.32,ipv4,malicious-ip,medium,WHITE,ziyadnz/hourly-ipv4,ziyadnz|hourly,2026-08-17T18:48:05Z,2026-08-17T18:48:05Z,
157.230.49.33,ipv4,malicious-ip,medium,WHITE,ziyadnz/hourly-ipv4,ziyadnz|hourly,2026-08-17T18:48:05Z,2026-08-17T18:48:05Z,
157.230.52.160,ipv4,malicious-ip,medium,WHITE,ziyadnz/hourly-ipv4,ziyadnz|hourly,2026-08-17T18:48:05Z,2026-08-17T18:48:05Z,
157.230.55.3,ipv4,malicious-ip,medium,WHITE,ziyadnz/hourly-ipv4,ziyadnz|hourly,2026-08-17T18:48:05Z,2026-08-17T18:48:05Z,
157.230.58.230,ipv4,malicious-ip,medium,WHITE,ziyadnz/hourly-ipv4,ziyadnz|hourly,2026-08-17T18:48:05Z,2026-08-17T18:48:05Z,
157.230.60.143,ipv4,malicious-ip,medium,WHITE,ziyadnz/hourly-ipv4,ziyadnz|hourly,2026-08-17T18:48:05Z,2026-08-17T18:48:05Z,
157.230.62.47,ipv4,malicious-ip,medium,WHITE,ziyadnz/hourly-ipv4,ziyadnz|hourly,2026-08-17T18:48:05Z,2026-08-17T18:48:05Z,
157.230.63.195,ipv4,malicious-ip,medium,WHITE,ziyadnz/hourly-ipv4,ziyadnz|hourly,2026-08-17T18:48:05Z,2026-08-17T18:48:05Z,
157.230.8.75,ipv4,malicious-ip,medium,WHITE,ziyadnz/hourly-ipv4,ziyadnz|hourly,2026-08-17T18:48:05Z,2026-08-17T18:48:05Z,
157.230.81.57,ipv4,malicious-ip,medium,WHITE,ziyadnz/hourly-ipv4,ziyadnz|hourly,2026-08-17T18:48:05Z,2026-08-17T18:48:05Z,
157.230.82.131,ipv4,malicious-ip,medium,WHITE,ziyadnz/hourly-ipv4,ziyadnz|hourly,2026-08-17T18:48:05Z,2026-08-17T18:48:05Z,
157.230.82.202,ipv4,malicious-ip,medium,WHITE,ziyadnz/hourly-ipv4,ziyadnz|hourly,2026-08-17T18:48:05Z,2026-08-17T18:48:05Z,
157.230.89.54,ipv4,malicious-ip,medium,WHITE,ziyadnz/hourly-ipv4,ziyadnz|hourly,2026-08-17T18:48:05Z,2026-08-17T18:48:05Z,
157.230.9.244,ipv4,malicious-ip,medium,WHITE,ziyadnz/hourly-ipv4,ziyadnz|hourly,2026-08-17T18:48:05Z,2026-08-17T18:48:05Z,
157.230.9.65,ipv4,malicious-ip,medium,WHITE,ziyadnz/hourly-ipv4,ziyadnz|hourly,2026-08-17T18:48:05Z,2026-08-17T18:48:05Z,
157.230.91.249,ipv4,malicious-ip,medium,WHITE,ziyadnz/hourly-ipv4,ziyadnz|hourly,2026-08-17T18:48:05Z,2026-08-17T18:48:05Z,
157.230.95.119,ipv4,malicious-ip,medium,WHITE,ziyadnz/hourly-ipv4,ziyadnz|hourly,2026-08-17T18:48:05Z,2026-08-17T18:48:05Z,
157.230.98.178,ipv4,malicious-ip,medium,WHITE,ziyadnz/hourly-ipv4,ziyadnz|hourly,2026-08-17T18:48:05Z,2026-08-17T18:48:05Z,
157.230.99.188,ipv4,malicious-ip,medium,WHITE,ziyadnz/hourly-ipv4,ziyadnz|hourly,2026-08-17T18:48:05Z,2026-08-17T18:48:05Z,
157.231.42.190,ipv4,malicious-ip,medium,WHITE,ziyadnz/hourly-ipv4,ziyadnz|hourly,2026-08-17T18:48:05Z,2026-08-17T18:48:05Z,
157.245.1.7,ipv4,malicious-ip,medium,WHITE,ziyadnz/hourly-ipv4,ziyadnz|hourly,2026-08-17T18:48:05Z,2026-08-17T18:48:05Z,
157.245.100.177,ipv4,malicious-ip,medium,WHITE,ziyadnz/hourly-ipv4,ziyadnz|hourly,2026-08-17T18:48:05Z,2026-08-17T18:48:05Z,
157.245.113.227,ipv4,malicious-ip,medium,WHITE,ziyadnz/hourly-ipv4,ziyadnz|hourly,2026-08-17T18:48:05Z,2026-08-17T18:48:05Z,
157.245.125.199,ipv4,malicious-ip,medium,WHITE,ziyadnz/hourly-ipv4,ziyadnz|hourly,2026-08-17T18:48:05Z,2026-08-17T18:48:05Z,
157.245.126.134,ipv4,malicious-ip,medium,WHITE,ziyadnz/hourly-ipv4,ziyadnz|hourly,2026-08-17T18:48:05Z,2026-08-17T18:48:05Z,
157.245.135.137,ipv4,malicious-ip,medium,WHITE,ziyadnz/hourly-ipv4,ziyadnz|hourly,2026-08-17T18:48:05Z,2026-08-17T18:48:05Z,
157.245.136.169,ipv4,malicious-ip,medium,WHITE,ziyadnz/hourly-ipv4,ziyadnz|hourly,2026-08-17T18:48:05Z,2026-08-17T18:48:05Z,
157.245.136.246,ipv4,malicious-ip,medium,WHITE,ziyadnz/hourly-ipv4,ziyadnz|hourly,2026-08-17T18:48:05Z,2026-08-17T18:48:05Z,
157.245.138.167,ipv4,malicious-ip,medium,WHITE,ziyadnz/hourly-ipv4,ziyadnz|hourly,2026-08-17T18:48:05Z,2026-08-17T18:48:05Z,
157.245.14.196,ipv4,malicious-ip,medium,WHITE,ziyadnz/hourly-ipv4,ziyadnz|hourly,2026-08-17T18:48:05Z,2026-08-17T18:48:05Z,
157.245.147.189,ipv4,malicious-ip,medium,WHITE,ziyadnz/hourly-ipv4,ziyadnz|hourly,2026-08-17T18:48:05Z,2026-08-17T18:48:05Z,
157.245.150.175,ipv4,malicious-ip,medium,WHITE,ziyadnz/hourly-ipv4,ziyadnz|hourly,2026-08-17T18:48:05Z,2026-08-17T18:48:05Z,
157.245.161.223,ipv4,malicious-ip,medium,WHITE,ziyadnz/hourly-ipv4,ziyadnz|hourly,2026-08-17T18:48:05Z,2026-08-17T18:48:05Z,
157.245.163.64,ipv4,malicious-ip,medium,WHITE,ziyadnz/hourly-ipv4,ziyadnz|hourly,2026-08-17T18:48:05Z,2026-08-17T18:48:05Z,
157.245.167.36,ipv4,malicious-ip,medium,WHITE,ziyadnz/hourly-ipv4,ziyadnz|hourly,2026-08-17T18:48:05Z,2026-08-17T18:48:05Z,
157.245.169.157,ipv4,malicious-ip,medium,WHITE,ziyadnz/hourly-ipv4,ziyadnz|hourly,2026-08-17T18:48:05Z,2026-08-17T18:48:05Z,
157.245.175.135,ipv4,malicious-ip,medium,WHITE,ziyadnz/hourly-ipv4,ziyadnz|hourly,2026-08-17T18:48:05Z,2026-08-17T18:48:05Z,
157.245.176.143,ipv4,malicious-ip,medium,WHITE,ziyadnz/hourly-ipv4,ziyadnz|hourly,2026-08-17T18:48:05Z,2026-08-17T18:48:05Z,
157.245.178.100,ipv4,malicious-ip,medium,WHITE,ziyadnz/hourly-ipv4,ziyadnz|hourly,2026-08-17T18:48:05Z,2026-08-17T18:48:05Z,
157.245.181.97,ipv4,malicious-ip,medium,WHITE,ziyadnz/hourly-ipv4,ziyadnz|hourly,2026-08-17T18:48:05Z,2026-08-17T18:48:05Z,
157.245.183.182,ipv4,malicious-ip,medium,WHITE,ziyadnz/hourly-ipv4,ziyadnz|hourly,2026-08-17T18:48:05Z,2026-08-17T18:48:05Z,
157.245.183.202,ipv4,malicious-ip,medium,WHITE,ziyadnz/hourly-ipv4,ziyadnz|hourly,2026-08-17T18:48:05Z,2026-08-17T18:48:05Z,
157.245.184.18,ipv4,malicious-ip,medium,WHITE,ziyadnz/hourly-ipv4,ziyadnz|hourly,2026-08-17T18:48:05Z,2026-08-17T18:48:05Z,
157.245.191.249,ipv4,malicious-ip,medium,WHITE,ziyadnz/hourly-ipv4,ziyadnz|hourly,2026-08-17T18:48:05Z,2026-08-17T18:48:05Z,
157.245.194.54,ipv4,malicious-ip,medium,WHITE,ziyadnz/hourly-ipv4,ziyadnz|hourly,2026-08-17T18:48:05Z,2026-08-17T18:48:05Z,
157.245.197.39,ipv4,malicious-ip,medium,WHITE,ziyadnz/hourly-ipv4,ziyadnz|hourly,2026-08-17T18:48:05Z,2026-08-17T18:48:05Z,
157.245.199.198,ipv4,malicious-ip,medium,WHITE,ziyadnz/hourly-ipv4,ziyadnz|hourly,2026-08-17T18:48:05Z,2026-08-17T18:48:05Z,
157.245.202.255,ipv4,malicious-ip,medium,WHITE,ziyadnz/hourly-ipv4,ziyadnz|hourly,2026-08-17T18:48:05Z,2026-08-17T18:48:05Z,
157.245.213.135,ipv4,malicious-ip,medium,WHITE,ziyadnz/hourly-ipv4,ziyadnz|hourly,2026-08-17T18:48:05Z,2026-08-17T18:48:05Z,
157.245.220.50,ipv4,malicious-ip,medium,WHITE,ziyadnz/hourly-ipv4,ziyadnz|hourly,2026-08-17T18:48:05Z,2026-08-17T18:48:05Z,
157.245.222.108,ipv4,malicious-ip,medium,WHITE,ziyadnz/hourly-ipv4,ziyadnz|hourly,2026-08-17T18:48:05Z,2026-08-17T18:48:05Z,
157.245.229.117,ipv4,malicious-ip,medium,WHITE,ziyadnz/hourly-ipv4,ziyadnz|hourly,2026-08-17T18:48:05Z,2026-08-17T18:48:05Z,
157.245.233.240,ipv4,malicious-ip,medium,WHITE,ziyadnz/hourly-ipv4,ziyadnz|hourly,2026-08-17T18:48:05Z,2026-08-17T18:48:05Z,
157.245.234.89,ipv4,malicious-ip,medium,WHITE,ziyadnz/hourly-ipv4,ziyadnz|hourly,2026-08-17T18:48:05Z,2026-08-17T18:48:05Z,
157.245.239.39,ipv4,malicious-ip,medium,WHITE,ziyadnz/hourly-ipv4,ziyadnz|hourly,2026-08-17T18:48:05Z,2026-08-17T18:48:05Z,
157.245.246.54,ipv4,malicious-ip,medium,WHITE,ziyadnz/hourly-ipv4,ziyadnz|hourly,2026-08-17T18:48:05Z,2026-08-17T18:48:05Z,
157.245.247.222,ipv4,malicious-ip,medium,WHITE,ziyadnz/hourly-ipv4,ziyadnz|hourly,2026-08-17T18:48:05Z,2026-08-17T18:48:05Z,
157.245.251.104,ipv4,malicious-ip,medium,WHITE,ziyadnz/hourly-ipv4,ziyadnz|hourly,2026-08-17T18:48:05Z,2026-08-17T18:48:05Z,
157.245.251.13,ipv4,malicious-ip,medium,WHITE,ziyadnz/hourly-ipv4,ziyadnz|hourly,2026-08-17T18:48:05Z,2026-08-17T18:48:05Z,
157.245.251.151,ipv4,malicious-ip,medium,WHITE,ziyadnz/hourly-ipv4,ziyadnz|hourly,2026-08-17T18:48:05Z,2026-08-17T18:48:05Z,
157.245.251.20,ipv4,malicious-ip,medium,WHITE,ziyadnz/hourly-ipv4,ziyadnz|hourly,2026-08-17T18:48:05Z,2026-08-17T18:48:05Z,
157.245.252.5,ipv4,malicious-ip,medium,WHITE,ziyadnz/hourly-ipv4,ziyadnz|hourly,2026-08-17T18:48:05Z,2026-08-17T18:48:05Z,
157.245.252.81,ipv4,malicious-ip,medium,WHITE,ziyadnz/hourly-ipv4,ziyadnz|hourly,2026-08-17T18:48:05Z,2026-08-17T18:48:05Z,
157.245.253.169,ipv4,malicious-ip,medium,WHITE,ziyadnz/hourly-ipv4,ziyadnz|hourly,2026-08-17T18:48:05Z,2026-08-17T18:48:05Z,
157.245.255.173,ipv4,malicious-ip,medium,WHITE,ziyadnz/hourly-ipv4,ziyadnz|hourly,2026-08-17T18:48:05Z,2026-08-17T18:48:05Z,
157.245.3.251,ipv4,malicious-ip,medium,WHITE,ziyadnz/hourly-ipv4,ziyadnz|hourly,2026-08-17T18:48:05Z,2026-08-17T18:48:05Z,
157.245.35.164,ipv4,malicious-ip,medium,WHITE,ziyadnz/hourly-ipv4,ziyadnz|hourly,2026-08-17T18:48:05Z,2026-08-17T18:48:05Z,
157.245.36.108,ipv4,malicious-ip,medium,WHITE,ziyadnz/hourly-ipv4,ziyadnz|hourly,2026-08-17T18:48:05Z,2026-08-17T18:48:05Z,
157.245.37.206,ipv4,malicious-ip,medium,WHITE,ziyadnz/hourly-ipv4,ziyadnz|hourly,2026-08-17T18:48:05Z,2026-08-17T18:48:05Z,
157.245.39.69,ipv4,malicious-ip,medium,WHITE,ziyadnz/hourly-ipv4,ziyadnz|hourly,2026-08-17T18:48:05Z,2026-08-17T18:48:05Z,
157.245.4.113,ipv4,malicious-ip,medium,WHITE,ziyadnz/hourly-ipv4,ziyadnz|hourly,2026-08-17T18:48:05Z,2026-08-17T18:48:05Z,
157.245.4.122,ipv4,malicious-ip,medium,WHITE,ziyadnz/hourly-ipv4,ziyadnz|hourly,2026-08-17T18:48:05Z,2026-08-17T18:48:05Z,
157.245.44.57,ipv4,malicious-ip,medium,WHITE,ziyadnz/hourly-ipv4,ziyadnz|hourly,2026-08-17T18:48:05Z,2026-08-17T18:48:05Z,
157.245.45.96,ipv4,malicious-ip,medium,WHITE,ziyadnz/hourly-ipv4,ziyadnz|hourly,2026-08-17T18:48:05Z,2026-08-17T18:48:05Z,
157.245.49.123,ipv4,malicious-ip,medium,WHITE,ziyadnz/hourly-ipv4,ziyadnz|hourly,2026-08-17T18:48:05Z,2026-08-17T18:48:05Z,
157.245.50.190,ipv4,malicious-ip,medium,WHITE,ziyadnz/hourly-ipv4,ziyadnz|hourly,2026-08-17T18:48:05Z,2026-08-17T18:48:05Z,
157.245.54.65,ipv4,malicious-ip,medium,WHITE,ziyadnz/hourly-ipv4,ziyadnz|hourly,2026-08-17T18:48:05Z,2026-08-17T18:48:05Z,
157.245.56.194,ipv4,malicious-ip,medium,WHITE,ziyadnz/hourly-ipv4,ziyadnz|hourly,2026-08-17T18:48:05Z,2026-08-17T18:48:05Z,
157.245.57.157,ipv4,malicious-ip,medium,WHITE,ziyadnz/hourly-ipv4,ziyadnz|hourly,2026-08-17T18:48:05Z,2026-08-17T18:48:05Z,
157.245.58.59,ipv4,malicious-ip,medium,WHITE,ziyadnz/hourly-ipv4,ziyadnz|hourly,2026-08-17T18:48:05Z,2026-08-17T18:48:05Z,
157.245.61.236,ipv4,malicious-ip,medium,WHITE,ziyadnz/hourly-ipv4,ziyadnz|hourly,2026-08-17T18:48:05Z,2026-08-17T18:48:05Z,
157.245.63.148,ipv4,malicious-ip,medium,WHITE,ziyadnz/hourly-ipv4,ziyadnz|hourly,2026-08-17T18:48:05Z,2026-08-17T18:48:05Z,
157.245.63.62,ipv4,malicious-ip,medium,WHITE,ziyadnz/hourly-ipv4,ziyadnz|hourly,2026-08-17T18:48:05Z,2026-08-17T18:48:05Z,
157.245.67.21,ipv4,malicious-ip,medium,WHITE,ziyadnz/hourly-ipv4,ziyadnz|hourly,2026-08-17T18:48:05Z,2026-08-17T18:48:05Z,
157.245.69.32,ipv4,malicious-ip,medium,WHITE,ziyadnz/hourly-ipv4,ziyadnz|hourly,2026-08-17T18:48:05Z,2026-08-17T18:48:05Z,
157.245.69.67,ipv4,malicious-ip,medium,WHITE,ziyadnz/hourly-ipv4,ziyadnz|hourly,2026-08-17T18:48:05Z,2026-08-17T18:48:05Z,
157.245.75.15,ipv4,malicious-ip,medium,WHITE,ziyadnz/hourly-ipv4,ziyadnz|hourly,2026-08-17T18:48:05Z,2026-08-17T18:48:05Z,
157.245.77.56,ipv4,malicious-ip,medium,WHITE,ziyadnz/hourly-ipv4,ziyadnz|hourly,2026-08-17T18:48:05Z,2026-08-17T18:48:05Z,
157.245.8.79,ipv4,malicious-ip,medium,WHITE,ziyadnz/hourly-ipv4,ziyadnz|hourly,2026-08-17T18:48:05Z,2026-08-17T18:48:05Z,
157.245.80.247,ipv4,malicious-ip,medium,WHITE,ziyadnz/hourly-ipv4,ziyadnz|hourly,2026-08-17T18:48:05Z,2026-08-17T18:48:05Z,
157.245.80.73,ipv4,malicious-ip,medium,WHITE,ziyadnz/hourly-ipv4,ziyadnz|hourly,2026-08-17T18:48:05Z,2026-08-17T18:48:05Z,
157.245.82.168,ipv4,malicious-ip,medium,WHITE,ziyadnz/hourly-ipv4,ziyadnz|hourly,2026-08-17T18:48:05Z,2026-08-17T18:48:05Z,
157.245.82.43,ipv4,malicious-ip,medium,WHITE,ziyadnz/hourly-ipv4,ziyadnz|hourly,2026-08-17T18:48:05Z,2026-08-17T18:48:05Z,
157.245.84.17,ipv4,malicious-ip,medium,WHITE,ziyadnz/hourly-ipv4,ziyadnz|hourly,2026-08-17T18:48:05Z,2026-08-17T18:48:05Z,
157.245.84.64,ipv4,malicious-ip,medium,WHITE,ziyadnz/hourly-ipv4,ziyadnz|hourly,2026-08-17T18:48:05Z,2026-08-17T18:48:05Z,
157.245.9.86,ipv4,malicious-ip,medium,WHITE,ziyadnz/hourly-ipv4,ziyadnz|hourly,2026-08-17T18:48:05Z,2026-08-17T18:48:05Z,
157.245.91.125,ipv4,malicious-ip,medium,WHITE,ziyadnz/hourly-ipv4,ziyadnz|hourly,2026-08-17T18:48:05Z,2026-08-17T18:48:05Z,
157.245.94.116,ipv4,malicious-ip,medium,WHITE,ziyadnz/hourly-ipv4,ziyadnz|hourly,2026-08-17T18:48:05Z,2026-08-17T18:48:05Z,
157.245.95.92,ipv4,malicious-ip,medium,WHITE,ziyadnz/hourly-ipv4,ziyadnz|hourly,2026-08-17T18:48:05Z,2026-08-17T18:48:05Z,
157.250.205.35,ipv4,malicious-ip,medium,WHITE,ziyadnz/hourly-ipv4,ziyadnz|hourly,2026-08-17T18:48:05Z,2026-08-17T18:48:05Z,
157.250.205.38,ipv4,malicious-ip,medium,WHITE,ziyadnz/hourly-ipv4,ziyadnz|hourly,2026-08-17T18:48:05Z,2026-08-17T18:48:05Z,
157.254.167.144,ipv4,malicious-ip,medium,WHITE,ziyadnz/hourly-ipv4,ziyadnz|hourly,2026-08-17T18:48:05Z,2026-08-17T18:48:05Z,
157.254.192.33,ipv4,malicious-ip,medium,WHITE,ziyadnz/hourly-ipv4,ziyadnz|hourly,2026-08-17T18:48:05Z,2026-08-17T18:48:05Z,
157.254.194.225,ipv4,malicious-ip,medium,WHITE,ziyadnz/hourly-ipv4,ziyadnz|hourly,2026-08-17T18:48:05Z,2026-08-17T18:48:05Z,
157.254.194.238,ipv4,malicious-ip,medium,WHITE,ziyadnz/hourly-ipv4,ziyadnz|hourly,2026-08-17T18:48:05Z,2026-08-17T18:48:05Z,
157.254.223.141,ipv4,malicious-ip,medium,WHITE,ziyadnz/hourly-ipv4,ziyadnz|hourly,2026-08-17T18:48:05Z,2026-08-17T18:48:05Z,
157.254.223.15,ipv4,malicious-ip,medium,WHITE,ziyadnz/hourly-ipv4,ziyadnz|hourly,2026-08-17T18:48:05Z,2026-08-17T18:48:05Z,
157.254.54.246,ipv4,malicious-ip,medium,WHITE,ziyadnz/hourly-ipv4,ziyadnz|hourly,2026-08-17T18:48:05Z,2026-08-17T18:48:05Z,
157.255.159.227,ipv4,malicious-ip,medium,WHITE,ziyadnz/hourly-ipv4,ziyadnz|hourly,2026-08-17T18:48:05Z,2026-08-17T18:48:05Z,
157.255.22.42,ipv4,malicious-ip,medium,WHITE,ziyadnz/hourly-ipv4,ziyadnz|hourly,2026-08-17T18:48:05Z,2026-08-17T18:48:05Z,
157.255.22.43,ipv4,malicious-ip,medium,WHITE,ziyadnz/hourly-ipv4,ziyadnz|hourly,2026-08-17T18:48:05Z,2026-08-17T18:48:05Z,
157.33.57.25,ipv4,malicious-ip,medium,WHITE,ziyadnz/hourly-ipv4,ziyadnz|hourly,2026-08-17T18:48:05Z,2026-08-17T18:48:05Z,
157.34.217.158,ipv4,malicious-ip,medium,WHITE,ziyadnz/hourly-ipv4,ziyadnz|hourly,2026-08-17T18:48:05Z,2026-08-17T18:48:05Z,
157.35.70.209,ipv4,malicious-ip,medium,WHITE,ziyadnz/hourly-ipv4,ziyadnz|hourly,2026-08-17T18:48:05Z,2026-08-17T18:48:05Z,
157.40.91.196,ipv4,malicious-ip,medium,WHITE,ziyadnz/hourly-ipv4,ziyadnz|hourly,2026-08-17T18:48:05Z,2026-08-17T18:48:05Z,
157.45.230.83,ipv4,malicious-ip,medium,WHITE,ziyadnz/hourly-ipv4,ziyadnz|hourly,2026-08-17T18:48:05Z,2026-08-17T18:48:05Z,
157.45.250.43,ipv4,malicious-ip,medium,WHITE,ziyadnz/hourly-ipv4,ziyadnz|hourly,2026-08-17T18:48:05Z,2026-08-17T18:48:05Z,
157.48.110.233,ipv4,malicious-ip,medium,WHITE,ziyadnz/hourly-ipv4,ziyadnz|hourly,2026-08-17T18:48:05Z,2026-08-17T18:48:05Z,
157.48.110.77,ipv4,malicious-ip,medium,WHITE,ziyadnz/hourly-ipv4,ziyadnz|hourly,2026-08-17T18:48:05Z,2026-08-17T18:48:05Z,
157.48.205.29,ipv4,malicious-ip,medium,WHITE,ziyadnz/hourly-ipv4,ziyadnz|hourly,2026-08-17T18:48:05Z,2026-08-17T18:48:05Z,
157.48.229.131,ipv4,malicious-ip,medium,WHITE,ziyadnz/hourly-ipv4,ziyadnz|hourly,2026-08-17T18:48:05Z,2026-08-17T18:48:05Z,
157.48.233.156,ipv4,malicious-ip,medium,WHITE,ziyadnz/hourly-ipv4,ziyadnz|hourly,2026-08-17T18:48:05Z,2026-08-17T18:48:05Z,
157.48.70.0,ipv4,malicious-ip,medium,WHITE,ziyadnz/hourly-ipv4,ziyadnz|hourly,2026-08-17T18:48:05Z,2026-08-17T18:48:05Z,
157.48.70.143,ipv4,malicious-ip,medium,WHITE,ziyadnz/hourly-ipv4,ziyadnz|hourly,2026-08-17T18:48:05Z,2026-08-17T18:48:05Z,
157.48.79.54,ipv4,malicious-ip,medium,WHITE,ziyadnz/hourly-ipv4,ziyadnz|hourly,2026-08-17T18:48:05Z,2026-08-17T18:48:05Z,
157.48.95.196,ipv4,malicious-ip,medium,WHITE,ziyadnz/hourly-ipv4,ziyadnz|hourly,2026-08-17T18:48:05Z,2026-08-17T18:48:05Z,
157.49.161.147,ipv4,malicious-ip,medium,WHITE,ziyadnz/hourly-ipv4,ziyadnz|hourly,2026-08-17T18:48:05Z,2026-08-17T18:48:05Z,
157.49.170.134,ipv4,malicious-ip,medium,WHITE,ziyadnz/hourly-ipv4,ziyadnz|hourly,2026-08-17T18:48:05Z,2026-08-17T18:48:05Z,
157.50.170.82,ipv4,malicious-ip,medium,WHITE,ziyadnz/hourly-ipv4,ziyadnz|hourly,2026-08-17T18:48:05Z,2026-08-17T18:48:05Z,
157.50.175.254,ipv4,malicious-ip,medium,WHITE,ziyadnz/hourly-ipv4,ziyadnz|hourly,2026-08-17T18:48:05Z,2026-08-17T18:48:05Z,
157.50.179.218,ipv4,malicious-ip,medium,WHITE,ziyadnz/hourly-ipv4,ziyadnz|hourly,2026-08-17T18:48:05Z,2026-08-17T18:48:05Z,
157.50.203.178,ipv4,malicious-ip,medium,WHITE,ziyadnz/hourly-ipv4,ziyadnz|hourly,2026-08-17T18:48:05Z,2026-08-17T18:48:05Z,
157.51.13.176,ipv4,malicious-ip,medium,WHITE,ziyadnz/hourly-ipv4,ziyadnz|hourly,2026-08-17T18:48:05Z,2026-08-17T18:48:05Z,
157.51.14.156,ipv4,malicious-ip,medium,WHITE,ziyadnz/hourly-ipv4,ziyadnz|hourly,2026-08-17T18:48:05Z,2026-08-17T18:48:05Z,
157.51.181.247,ipv4,malicious-ip,medium,WHITE,ziyadnz/hourly-ipv4,ziyadnz|hourly,2026-08-17T18:48:05Z,2026-08-17T18:48:05Z,
157.55.39.14,ipv4,malicious-ip,medium,WHITE,ziyadnz/hourly-ipv4,ziyadnz|hourly,2026-08-17T18:48:05Z,2026-08-17T18:48:05Z,
157.55.39.201,ipv4,malicious-ip,medium,WHITE,ziyadnz/hourly-ipv4,ziyadnz|hourly,2026-08-17T18:48:05Z,2026-08-17T18:48:05Z,
157.55.39.223,ipv4,malicious-ip,medium,WHITE,ziyadnz/hourly-ipv4,ziyadnz|hourly,2026-08-17T18:48:05Z,2026-08-17T18:48:05Z,
157.55.39.49,ipv4,malicious-ip,medium,WHITE,ziyadnz/hourly-ipv4,ziyadnz|hourly,2026-08-17T18:48:05Z,2026-08-17T18:48:05Z,
157.65.113.61,ipv4,malicious-ip,medium,WHITE,ziyadnz/hourly-ipv4,ziyadnz|hourly,2026-08-17T18:48:05Z,2026-08-17T18:48:05Z,
157.66.101.175,ipv4,malicious-ip,medium,WHITE,ziyadnz/hourly-ipv4,ziyadnz|hourly,2026-08-17T18:48:05Z,2026-08-17T18:48:05Z,
157.66.144.16,ipv4,malicious-ip,medium,WHITE,ziyadnz/hourly-ipv4,ziyadnz|hourly,2026-08-17T18:48:05Z,2026-08-17T18:48:05Z,
157.66.146.183,ipv4,malicious-ip,medium,WHITE,ziyadnz/hourly-ipv4,ziyadnz|hourly,2026-08-17T18:48:05Z,2026-08-17T18:48:05Z,
157.66.146.184,ipv4,malicious-ip,medium,WHITE,ziyadnz/hourly-ipv4,ziyadnz|hourly,2026-08-17T18:48:05Z,2026-08-17T18:48:05Z,
157.66.16.39,ipv4,malicious-ip,medium,WHITE,ziyadnz/hourly-ipv4,ziyadnz|hourly,2026-08-17T18:48:05Z,2026-08-17T18:48:05Z,
157.66.191.204,ipv4,malicious-ip,medium,WHITE,ziyadnz/hourly-ipv4,ziyadnz|hourly,2026-08-17T18:48:05Z,2026-08-17T18:48:05Z,
157.66.2.9,ipv4,malicious-ip,medium,WHITE,ziyadnz/hourly-ipv4,ziyadnz|hourly,2026-08-17T18:48:05Z,2026-08-17T18:48:05Z,
157.66.219.245,ipv4,malicious-ip,medium,WHITE,ziyadnz/hourly-ipv4,ziyadnz|hourly,2026-08-17T18:48:05Z,2026-08-17T18:48:05Z,
157.66.22.11,ipv4,malicious-ip,medium,WHITE,ziyadnz/hourly-ipv4,ziyadnz|hourly,2026-08-17T18:48:05Z,2026-08-17T18:48:05Z,
157.66.224.129,ipv4,malicious-ip,medium,WHITE,ziyadnz/hourly-ipv4,ziyadnz|hourly,2026-08-17T18:48:05Z,2026-08-17T18:48:05Z,
157.66.225.11,ipv4,malicious-ip,medium,WHITE,ziyadnz/hourly-ipv4,ziyadnz|hourly,2026-08-17T18:48:05Z,2026-08-17T18:48:05Z,
157.66.26.151,ipv4,malicious-ip,medium,WHITE,ziyadnz/hourly-ipv4,ziyadnz|hourly,2026-08-17T18:48:05Z,2026-08-17T18:48:05Z,
157.66.26.209,ipv4,malicious-ip,medium,WHITE,ziyadnz/hourly-ipv4,ziyadnz|hourly,2026-08-17T18:48:05Z,2026-08-17T18:48:05Z,
157.66.27.11,ipv4,malicious-ip,medium,WHITE,ziyadnz/hourly-ipv4,ziyadnz|hourly,2026-08-17T18:48:05Z,2026-08-17T18:48:05Z,
157.66.3.38,ipv4,malicious-ip,medium,WHITE,ziyadnz/hourly-ipv4,ziyadnz|hourly,2026-08-17T18:48:05Z,2026-08-17T18:48:05Z,
157.66.34.121,ipv4,malicious-ip,medium,WHITE,ziyadnz/hourly-ipv4,ziyadnz|hourly,2026-08-17T18:48:05Z,2026-08-17T18:48:05Z,
157.66.47.83,ipv4,malicious-ip,medium,WHITE,ziyadnz/hourly-ipv4,ziyadnz|hourly,2026-08-17T18:48:05Z,2026-08-17T18:48:05Z,
157.66.56.165,ipv4,malicious-ip,medium,WHITE,ziyadnz/hourly-ipv4,ziyadnz|hourly,2026-08-17T18:48:05Z,2026-08-17T18:48:05Z,
157.66.56.167,ipv4,malicious-ip,medium,WHITE,ziyadnz/hourly-ipv4,ziyadnz|hourly,2026-08-17T18:48:05Z,2026-08-17T18:48:05Z,
157.66.56.77,ipv4,malicious-ip,medium,WHITE,ziyadnz/hourly-ipv4,ziyadnz|hourly,2026-08-17T18:48:05Z,2026-08-17T18:48:05Z,
157.66.80.124,ipv4,malicious-ip,medium,WHITE,ziyadnz/hourly-ipv4,ziyadnz|hourly,2026-08-17T18:48:05Z,2026-08-17T18:48:05Z,
157.66.80.97,ipv4,malicious-ip,medium,WHITE,ziyadnz/hourly-ipv4,ziyadnz|hourly,2026-08-17T18:48:05Z,2026-08-17T18:48:05Z,
157.7.104.75,ipv4,malicious-ip,medium,WHITE,ziyadnz/hourly-ipv4,ziyadnz|hourly,2026-08-17T18:48:05Z,2026-08-17T18:48:05Z,
157.7.113.83,ipv4,malicious-ip,medium,WHITE,ziyadnz/hourly-ipv4,ziyadnz|hourly,2026-08-17T18:48:05Z,2026-08-17T18:48:05Z,
157.7.190.240,ipv4,malicious-ip,medium,WHITE,ziyadnz/hourly-ipv4,ziyadnz|hourly,2026-08-17T18:48:05Z,2026-08-17T18:48:05Z,
157.85.108.49,ipv4,malicious-ip,medium,WHITE,ziyadnz/hourly-ipv4,ziyadnz|hourly,2026-08-17T18:48:05Z,2026-08-17T18:48:05Z,
157.85.17.58,ipv4,malicious-ip,medium,WHITE,ziyadnz/hourly-ipv4,ziyadnz|hourly,2026-08-17T18:48:05Z,2026-08-17T18:48:05Z,
157.85.208.148,ipv4,malicious-ip,medium,WHITE,ziyadnz/hourly-ipv4,ziyadnz|hourly,2026-08-17T18:48:05Z,2026-08-17T18:48:05Z,
157.85.211.26,ipv4,malicious-ip,medium,WHITE,ziyadnz/hourly-ipv4,ziyadnz|hourly,2026-08-17T18:48:05Z,2026-08-17T18:48:05Z,
157.90.134.221,ipv4,malicious-ip,medium,WHITE,ziyadnz/hourly-ipv4,ziyadnz|hourly,2026-08-17T18:48:05Z,2026-08-17T18:48:05Z,
157.90.152.26,ipv4,malicious-ip,medium,WHITE,ziyadnz/hourly-ipv4,ziyadnz|hourly,2026-08-17T18:48:05Z,2026-08-17T18:48:05Z,
157.90.153.60,ipv4,malicious-ip,medium,WHITE,ziyadnz/hourly-ipv4,ziyadnz|hourly,2026-08-17T18:48:05Z,2026-08-17T18:48:05Z,
157.90.166.88,ipv4,malicious-ip,medium,WHITE,ziyadnz/hourly-ipv4,ziyadnz|hourly,2026-08-17T18:48:05Z,2026-08-17T18:48:05Z,
157.90.212.53,ipv4,malicious-ip,medium,WHITE,ziyadnz/hourly-ipv4,ziyadnz|hourly,2026-08-17T18:48:05Z,2026-08-17T18:48:05Z,
157.90.250.90,ipv4,malicious-ip,medium,WHITE,ziyadnz/hourly-ipv4,ziyadnz|hourly,2026-08-17T18:48:05Z,2026-08-17T18:48:05Z,
157.90.84.32,ipv4,malicious-ip,medium,WHITE,ziyadnz/hourly-ipv4,ziyadnz|hourly,2026-08-17T18:48:05Z,2026-08-17T18:48:05Z,
158.101.125.109,ipv4,malicious-ip,medium,WHITE,ziyadnz/hourly-ipv4,ziyadnz|hourly,2026-08-17T18:48:05Z,2026-08-17T18:48:05Z,
158.101.14.120,ipv4,malicious-ip,medium,WHITE,ziyadnz/hourly-ipv4,ziyadnz|hourly,2026-08-17T18:48:05Z,2026-08-17T18:48:05Z,
158.101.161.27,ipv4,malicious-ip,medium,WHITE,ziyadnz/hourly-ipv4,ziyadnz|hourly,2026-08-17T18:48:05Z,2026-08-17T18:48:05Z,
158.101.198.217,ipv4,malicious-ip,medium,WHITE,ziyadnz/hourly-ipv4,ziyadnz|hourly,2026-08-17T18:48:05Z,2026-08-17T18:48:05Z,
158.101.5.31,ipv4,malicious-ip,medium,WHITE,ziyadnz/hourly-ipv4,ziyadnz|hourly,2026-08-17T18:48:05Z,2026-08-17T18:48:05Z,
158.118.218.193,ipv4,malicious-ip,medium,WHITE,ziyadnz/hourly-ipv4,ziyadnz|hourly,2026-08-17T18:48:05Z,2026-08-17T18:48:05Z,
158.120.201.98,ipv4,malicious-ip,medium,WHITE,ziyadnz/hourly-ipv4,ziyadnz|hourly,2026-08-17T18:48:05Z,2026-08-17T18:48:05Z,
158.140.162.140,ipv4,malicious-ip,medium,WHITE,ziyadnz/hourly-ipv4,ziyadnz|hourly,2026-08-17T18:48:05Z,2026-08-17T18:48:05Z,
158.140.162.158,ipv4,malicious-ip,medium,WHITE,ziyadnz/hourly-ipv4,ziyadnz|hourly,2026-08-17T18:48:05Z,2026-08-17T18:48:05Z,
158.140.162.204,ipv4,malicious-ip,medium,WHITE,ziyadnz/hourly-ipv4,ziyadnz|hourly,2026-08-17T18:48:05Z,2026-08-17T18:48:05Z,
158.140.165.19,ipv4,malicious-ip,medium,WHITE,ziyadnz/hourly-ipv4,ziyadnz|hourly,2026-08-17T18:48:05Z,2026-08-17T18:48:05Z,
158.140.166.24,ipv4,malicious-ip,medium,WHITE,ziyadnz/hourly-ipv4,ziyadnz|hourly,2026-08-17T18:48:05Z,2026-08-17T18:48:05Z,
158.140.166.52,ipv4,malicious-ip,medium,WHITE,ziyadnz/hourly-ipv4,ziyadnz|hourly,2026-08-17T18:48:05Z,2026-08-17T18:48:05Z,
158.140.167.24,ipv4,malicious-ip,medium,WHITE,ziyadnz/hourly-ipv4,ziyadnz|hourly,2026-08-17T18:48:05Z,2026-08-17T18:48:05Z,
158.140.170.1,ipv4,malicious-ip,medium,WHITE,ziyadnz/hourly-ipv4,ziyadnz|hourly,2026-08-17T18:48:05Z,2026-08-17T18:48:05Z,
158.140.171.15,ipv4,malicious-ip,medium,WHITE,ziyadnz/hourly-ipv4,ziyadnz|hourly,2026-08-17T18:48:05Z,2026-08-17T18:48:05Z,
158.140.180.30,ipv4,malicious-ip,medium,WHITE,ziyadnz/hourly-ipv4,ziyadnz|hourly,2026-08-17T18:48:05Z,2026-08-17T18:48:05Z,
158.158.105.106,ipv4,malicious-ip,medium,WHITE,ziyadnz/hourly-ipv4,ziyadnz|hourly,2026-08-17T18:48:05Z,2026-08-17T18:48:05Z,
158.158.97.50,ipv4,malicious-ip,medium,WHITE,ziyadnz/hourly-ipv4,ziyadnz|hourly,2026-08-17T18:48:05Z,2026-08-17T18:48:05Z,
158.160.123.117,ipv4,malicious-ip,medium,WHITE,ziyadnz/hourly-ipv4,ziyadnz|hourly,2026-08-17T18:48:05Z,2026-08-17T18:48:05Z,
158.160.143.11,ipv4,malicious-ip,medium,WHITE,ziyadnz/hourly-ipv4,ziyadnz|hourly,2026-08-17T18:48:05Z,2026-08-17T18:48:05Z,
158.160.189.233,ipv4,malicious-ip,medium,WHITE,ziyadnz/hourly-ipv4,ziyadnz|hourly,2026-08-17T18:48:05Z,2026-08-17T18:48:05Z,
158.160.81.26,ipv4,malicious-ip,medium,WHITE,ziyadnz/hourly-ipv4,ziyadnz|hourly,2026-08-17T18:48:05Z,2026-08-17T18:48:05Z,
158.160.97.137,ipv4,malicious-ip,medium,WHITE,ziyadnz/hourly-ipv4,ziyadnz|hourly,2026-08-17T18:48:05Z,2026-08-17T18:48:05Z,
158.173.101.4,ipv4,malicious-ip,medium,WHITE,ziyadnz/hourly-ipv4,ziyadnz|hourly,2026-08-17T18:48:05Z,2026-08-17T18:48:05Z,
158.173.101.49,ipv4,malicious-ip,medium,WHITE,ziyadnz/hourly-ipv4,ziyadnz|hourly,2026-08-17T18:48:05Z,2026-08-17T18:48:05Z,
158.173.158.118,ipv4,malicious-ip,medium,WHITE,ziyadnz/hourly-ipv4,ziyadnz|hourly,2026-08-17T18:48:05Z,2026-08-17T18:48:05Z,
158.173.166.79,ipv4,malicious-ip,medium,WHITE,ziyadnz/hourly-ipv4,ziyadnz|hourly,2026-08-17T18:48:05Z,2026-08-17T18:48:05Z,
158.173.20.109,ipv4,malicious-ip,medium,WHITE,ziyadnz/hourly-ipv4,ziyadnz|hourly,2026-08-17T18:48:05Z,2026-08-17T18:48:05Z,
158.173.21.98,ipv4,malicious-ip,medium,WHITE,ziyadnz/hourly-ipv4,ziyadnz|hourly,2026-08-17T18:48:05Z,2026-08-17T18:48:05Z,
158.173.240.178,ipv4,malicious-ip,medium,WHITE,ziyadnz/hourly-ipv4,ziyadnz|hourly,2026-08-17T18:48:05Z,2026-08-17T18:48:05Z,
158.173.241.108,ipv4,malicious-ip,medium,WHITE,ziyadnz/hourly-ipv4,ziyadnz|hourly,2026-08-17T18:48:05Z,2026-08-17T18:48:05Z,
158.173.242.219,ipv4,malicious-ip,medium,WHITE,ziyadnz/hourly-ipv4,ziyadnz|hourly,2026-08-17T18:48:05Z,2026-08-17T18:48:05Z,
158.173.242.246,ipv4,malicious-ip,medium,WHITE,ziyadnz/hourly-ipv4,ziyadnz|hourly,2026-08-17T18:48:05Z,2026-08-17T18:48:05Z,
158.173.244.184,ipv4,malicious-ip,medium,WHITE,ziyadnz/hourly-ipv4,ziyadnz|hourly,2026-08-17T18:48:05Z,2026-08-17T18:48:05Z,
158.173.244.213,ipv4,malicious-ip,medium,WHITE,ziyadnz/hourly-ipv4,ziyadnz|hourly,2026-08-17T18:48:05Z,2026-08-17T18:48:05Z,
158.173.25.141,ipv4,malicious-ip,medium,WHITE,ziyadnz/hourly-ipv4,ziyadnz|hourly,2026-08-17T18:48:05Z,2026-08-17T18:48:05Z,
158.173.3.209,ipv4,malicious-ip,medium,WHITE,ziyadnz/hourly-ipv4,ziyadnz|hourly,2026-08-17T18:48:05Z,2026-08-17T18:48:05Z,
158.173.67.195,ipv4,malicious-ip,medium,WHITE,ziyadnz/hourly-ipv4,ziyadnz|hourly,2026-08-17T18:48:05Z,2026-08-17T18:48:05Z,
158.173.67.99,ipv4,malicious-ip,medium,WHITE,ziyadnz/hourly-ipv4,ziyadnz|hourly,2026-08-17T18:48:05Z,2026-08-17T18:48:05Z,
158.173.74.216,ipv4,malicious-ip,medium,WHITE,ziyadnz/hourly-ipv4,ziyadnz|hourly,2026-08-17T18:48:05Z,2026-08-17T18:48:05Z,
158.173.75.107,ipv4,malicious-ip,medium,WHITE,ziyadnz/hourly-ipv4,ziyadnz|hourly,2026-08-17T18:48:05Z,2026-08-17T18:48:05Z,
158.173.77.134,ipv4,malicious-ip,medium,WHITE,ziyadnz/hourly-ipv4,ziyadnz|hourly,2026-08-17T18:48:05Z,2026-08-17T18:48:05Z,
158.173.77.174,ipv4,malicious-ip,medium,WHITE,ziyadnz/hourly-ipv4,ziyadnz|hourly,2026-08-17T18:48:05Z,2026-08-17T18:48:05Z,
158.173.77.183,ipv4,malicious-ip,medium,WHITE,ziyadnz/hourly-ipv4,ziyadnz|hourly,2026-08-17T18:48:05Z,2026-08-17T18:48:05Z,
158.173.77.186,ipv4,malicious-ip,medium,WHITE,ziyadnz/hourly-ipv4,ziyadnz|hourly,2026-08-17T18:48:05Z,2026-08-17T18:48:05Z,
158.173.77.231,ipv4,malicious-ip,medium,WHITE,ziyadnz/hourly-ipv4,ziyadnz|hourly,2026-08-17T18:48:05Z,2026-08-17T18:48:05Z,
158.173.77.241,ipv4,malicious-ip,medium,WHITE,ziyadnz/hourly-ipv4,ziyadnz|hourly,2026-08-17T18:48:05Z,2026-08-17T18:48:05Z,
158.173.79.231,ipv4,malicious-ip,medium,WHITE,ziyadnz/hourly-ipv4,ziyadnz|hourly,2026-08-17T18:48:05Z,2026-08-17T18:48:05Z,
158.173.89.219,ipv4,malicious-ip,medium,WHITE,ziyadnz/hourly-ipv4,ziyadnz|hourly,2026-08-17T18:48:05Z,2026-08-17T18:48:05Z,
158.173.89.226,ipv4,malicious-ip,medium,WHITE,ziyadnz/hourly-ipv4,ziyadnz|hourly,2026-08-17T18:48:05Z,2026-08-17T18:48:05Z,
158.173.89.61,ipv4,malicious-ip,medium,WHITE,ziyadnz/hourly-ipv4,ziyadnz|hourly,2026-08-17T18:48:05Z,2026-08-17T18:48:05Z,
158.173.89.72,ipv4,malicious-ip,medium,WHITE,ziyadnz/hourly-ipv4,ziyadnz|hourly,2026-08-17T18:48:05Z,2026-08-17T18:48:05Z,
158.174.210.97,ipv4,malicious-ip,medium,WHITE,ziyadnz/hourly-ipv4,ziyadnz|hourly,2026-08-17T18:48:05Z,2026-08-17T18:48:05Z,
158.178.138.152,ipv4,malicious-ip,medium,WHITE,ziyadnz/hourly-ipv4,ziyadnz|hourly,2026-08-17T18:48:05Z,2026-08-17T18:48:05Z,
158.178.140.2,ipv4,malicious-ip,medium,WHITE,ziyadnz/hourly-ipv4,ziyadnz|hourly,2026-08-17T18:48:05Z,2026-08-17T18:48:05Z,
158.178.142.174,ipv4,malicious-ip,medium,WHITE,ziyadnz/hourly-ipv4,ziyadnz|hourly,2026-08-17T18:48:05Z,2026-08-17T18:48:05Z,
158.178.228.74,ipv4,malicious-ip,medium,WHITE,ziyadnz/hourly-ipv4,ziyadnz|hourly,2026-08-17T18:48:05Z,2026-08-17T18:48:05Z,
158.181.14.218,ipv4,malicious-ip,medium,WHITE,ziyadnz/hourly-ipv4,ziyadnz|hourly,2026-08-17T18:48:05Z,2026-08-17T18:48:05Z,
158.181.17.239,ipv4,malicious-ip,medium,WHITE,ziyadnz/hourly-ipv4,ziyadnz|hourly,2026-08-17T18:48:05Z,2026-08-17T18:48:05Z,
158.181.36.103,ipv4,malicious-ip,medium,WHITE,ziyadnz/hourly-ipv4,ziyadnz|hourly,2026-08-17T18:48:05Z,2026-08-17T18:48:05Z,
158.181.40.116,ipv4,malicious-ip,medium,WHITE,ziyadnz/hourly-ipv4,ziyadnz|hourly,2026-08-17T18:48:05Z,2026-08-17T18:48:05Z,
158.181.40.37,ipv4,malicious-ip,medium,WHITE,ziyadnz/hourly-ipv4,ziyadnz|hourly,2026-08-17T18:48:05Z,2026-08-17T18:48:05Z,
158.181.41.127,ipv4,malicious-ip,medium,WHITE,ziyadnz/hourly-ipv4,ziyadnz|hourly,2026-08-17T18:48:05Z,2026-08-17T18:48:05Z,
158.181.44.116,ipv4,malicious-ip,medium,WHITE,ziyadnz/hourly-ipv4,ziyadnz|hourly,2026-08-17T18:48:05Z,2026-08-17T18:48:05Z,
158.181.44.239,ipv4,malicious-ip,medium,WHITE,ziyadnz/hourly-ipv4,ziyadnz|hourly,2026-08-17T18:48:05Z,2026-08-17T18:48:05Z,
158.181.44.37,ipv4,malicious-ip,medium,WHITE,ziyadnz/hourly-ipv4,ziyadnz|hourly,2026-08-17T18:48:05Z,2026-08-17T18:48:05Z,
158.181.45.158,ipv4,malicious-ip,medium,WHITE,ziyadnz/hourly-ipv4,ziyadnz|hourly,2026-08-17T18:48:05Z,2026-08-17T18:48:05Z,
158.181.47.47,ipv4,malicious-ip,medium,WHITE,ziyadnz/hourly-ipv4,ziyadnz|hourly,2026-08-17T18:48:05Z,2026-08-17T18:48:05Z,
158.220.109.38,ipv4,malicious-ip,medium,WHITE,ziyadnz/hourly-ipv4,ziyadnz|hourly,2026-08-17T18:48:05Z,2026-08-17T18:48:05Z,
158.220.111.161,ipv4,malicious-ip,medium,WHITE,ziyadnz/hourly-ipv4,ziyadnz|hourly,2026-08-17T18:48:05Z,2026-08-17T18:48:05Z,
158.220.115.54,ipv4,malicious-ip,medium,WHITE,ziyadnz/hourly-ipv4,ziyadnz|hourly,2026-08-17T18:48:05Z,2026-08-17T18:48:05Z,
158.220.80.157,ipv4,malicious-ip,medium,WHITE,ziyadnz/hourly-ipv4,ziyadnz|hourly,2026-08-17T18:48:05Z,2026-08-17T18:48:05Z,
158.220.80.167,ipv4,malicious-ip,medium,WHITE,ziyadnz/hourly-ipv4,ziyadnz|hourly,2026-08-17T18:48:05Z,2026-08-17T18:48:05Z,
158.220.81.115,ipv4,malicious-ip,medium,WHITE,ziyadnz/hourly-ipv4,ziyadnz|hourly,2026-08-17T18:48:05Z,2026-08-17T18:48:05Z,
158.220.85.104,ipv4,malicious-ip,medium,WHITE,ziyadnz/hourly-ipv4,ziyadnz|hourly,2026-08-17T18:48:05Z,2026-08-17T18:48:05Z,
158.220.86.73,ipv4,malicious-ip,medium,WHITE,ziyadnz/hourly-ipv4,ziyadnz|hourly,2026-08-17T18:48:05Z,2026-08-17T18:48:05Z,
158.222.119.88,ipv4,malicious-ip,medium,WHITE,ziyadnz/hourly-ipv4,ziyadnz|hourly,2026-08-17T18:48:05Z,2026-08-17T18:48:05Z,
158.23.146.113,ipv4,malicious-ip,medium,WHITE,ziyadnz/hourly-ipv4,ziyadnz|hourly,2026-08-17T18:48:05Z,2026-08-17T18:48:05Z,
158.23.60.168,ipv4,malicious-ip,medium,WHITE,ziyadnz/hourly-ipv4,ziyadnz|hourly,2026-08-17T18:48:05Z,2026-08-17T18:48:05Z,
158.247.195.147,ipv4,malicious-ip,medium,WHITE,ziyadnz/hourly-ipv4,ziyadnz|hourly,2026-08-17T18:48:05Z,2026-08-17T18:48:05Z,
158.247.199.185,ipv4,malicious-ip,medium,WHITE,ziyadnz/hourly-ipv4,ziyadnz|hourly,2026-08-17T18:48:05Z,2026-08-17T18:48:05Z,
158.247.199.37,ipv4,malicious-ip,medium,WHITE,ziyadnz/hourly-ipv4,ziyadnz|hourly,2026-08-17T18:48:05Z,2026-08-17T18:48:05Z,
158.247.201.36,ipv4,malicious-ip,medium,WHITE,ziyadnz/hourly-ipv4,ziyadnz|hourly,2026-08-17T18:48:05Z,2026-08-17T18:48:05Z,
158.247.208.113,ipv4,malicious-ip,medium,WHITE,ziyadnz/hourly-ipv4,ziyadnz|hourly,2026-08-17T18:48:05Z,2026-08-17T18:48:05Z,
158.247.211.51,ipv4,malicious-ip,medium,WHITE,ziyadnz/hourly-ipv4,ziyadnz|hourly,2026-08-17T18:48:05Z,2026-08-17T18:48:05Z,
158.247.214.28,ipv4,malicious-ip,medium,WHITE,ziyadnz/hourly-ipv4,ziyadnz|hourly,2026-08-17T18:48:05Z,2026-08-17T18:48:05Z,
158.247.216.244,ipv4,malicious-ip,medium,WHITE,ziyadnz/hourly-ipv4,ziyadnz|hourly,2026-08-17T18:48:05Z,2026-08-17T18:48:05Z,
158.247.217.90,ipv4,malicious-ip,medium,WHITE,ziyadnz/hourly-ipv4,ziyadnz|hourly,2026-08-17T18:48:05Z,2026-08-17T18:48:05Z,
158.247.221.101,ipv4,malicious-ip,medium,WHITE,ziyadnz/hourly-ipv4,ziyadnz|hourly,2026-08-17T18:48:05Z,2026-08-17T18:48:05Z,
158.247.222.165,ipv4,malicious-ip,medium,WHITE,ziyadnz/hourly-ipv4,ziyadnz|hourly,2026-08-17T18:48:05Z,2026-08-17T18:48:05Z,
158.247.222.6,ipv4,malicious-ip,medium,WHITE,ziyadnz/hourly-ipv4,ziyadnz|hourly,2026-08-17T18:48:05Z,2026-08-17T18:48:05Z,
158.247.224.100,ipv4,malicious-ip,medium,WHITE,ziyadnz/hourly-ipv4,ziyadnz|hourly,2026-08-17T18:48:05Z,2026-08-17T18:48:05Z,
158.247.232.56,ipv4,malicious-ip,medium,WHITE,ziyadnz/hourly-ipv4,ziyadnz|hourly,2026-08-17T18:48:05Z,2026-08-17T18:48:05Z,
158.247.238.240,ipv4,malicious-ip,medium,WHITE,ziyadnz/hourly-ipv4,ziyadnz|hourly,2026-08-17T18:48:05Z,2026-08-17T18:48:05Z,
158.247.244.8,ipv4,malicious-ip,medium,WHITE,ziyadnz/hourly-ipv4,ziyadnz|hourly,2026-08-17T18:48:05Z,2026-08-17T18:48:05Z,
158.247.250.190,ipv4,malicious-ip,medium,WHITE,ziyadnz/hourly-ipv4,ziyadnz|hourly,2026-08-17T18:48:05Z,2026-08-17T18:48:05Z,
158.247.252.178,ipv4,malicious-ip,medium,WHITE,ziyadnz/hourly-ipv4,ziyadnz|hourly,2026-08-17T18:48:05Z,2026-08-17T18:48:05Z,
158.247.253.155,ipv4,malicious-ip,medium,WHITE,ziyadnz/hourly-ipv4,ziyadnz|hourly,2026-08-17T18:48:05Z,2026-08-17T18:48:05Z,
158.251.246.25,ipv4,malicious-ip,medium,WHITE,ziyadnz/hourly-ipv4,ziyadnz|hourly,2026-08-17T18:48:05Z,2026-08-17T18:48:05Z,
158.252.65.28,ipv4,malicious-ip,medium,WHITE,ziyadnz/hourly-ipv4,ziyadnz|hourly,2026-08-17T18:48:05Z,2026-08-17T18:48:05Z,
158.255.2.244,ipv4,malicious-ip,medium,WHITE,ziyadnz/hourly-ipv4,ziyadnz|hourly,2026-08-17T18:48:05Z,2026-08-17T18:48:05Z,
158.255.2.245,ipv4,malicious-ip,medium,WHITE,ziyadnz/hourly-ipv4,ziyadnz|hourly,2026-08-17T18:48:05Z,2026-08-17T18:48:05Z,
158.255.2.252,ipv4,malicious-ip,medium,WHITE,ziyadnz/hourly-ipv4,ziyadnz|hourly,2026-08-17T18:48:05Z,2026-08-17T18:48:05Z,
158.255.2.63,ipv4,malicious-ip,medium,WHITE,ziyadnz/hourly-ipv4,ziyadnz|hourly,2026-08-17T18:48:05Z,2026-08-17T18:48:05Z,
158.255.7.153,ipv4,malicious-ip,medium,WHITE,ziyadnz/hourly-ipv4,ziyadnz|hourly,2026-08-17T18:48:05Z,2026-08-17T18:48:05Z,
158.46.17.30,ipv4,malicious-ip,medium,WHITE,ziyadnz/hourly-ipv4,ziyadnz|hourly,2026-08-17T18:48:05Z,2026-08-17T18:48:05Z,
158.47.207.248,ipv4,malicious-ip,medium,WHITE,ziyadnz/hourly-ipv4,ziyadnz|hourly,2026-08-17T18:48:05Z,2026-08-17T18:48:05Z,
158.47.224.114,ipv4,malicious-ip,medium,WHITE,ziyadnz/hourly-ipv4,ziyadnz|hourly,2026-08-17T18:48:05Z,2026-08-17T18:48:05Z,
158.49.70.49,ipv4,malicious-ip,medium,WHITE,ziyadnz/hourly-ipv4,ziyadnz|hourly,2026-08-17T18:48:05Z,2026-08-17T18:48:05Z,
158.51.108.97,ipv4,malicious-ip,medium,WHITE,ziyadnz/hourly-ipv4,ziyadnz|hourly,2026-08-17T18:48:05Z,2026-08-17T18:48:05Z,
158.51.126.144,ipv4,malicious-ip,medium,WHITE,ziyadnz/hourly-ipv4,ziyadnz|hourly,2026-08-17T18:48:05Z,2026-08-17T18:48:05Z,
158.51.78.16,ipv4,malicious-ip,medium,WHITE,ziyadnz/hourly-ipv4,ziyadnz|hourly,2026-08-17T18:48:05Z,2026-08-17T18:48:05Z,
158.51.78.235,ipv4,malicious-ip,medium,WHITE,ziyadnz/hourly-ipv4,ziyadnz|hourly,2026-08-17T18:48:05Z,2026-08-17T18:48:05Z,
158.51.78.7,ipv4,malicious-ip,medium,WHITE,ziyadnz/hourly-ipv4,ziyadnz|hourly,2026-08-17T18:48:05Z,2026-08-17T18:48:05Z,
158.58.172.3,ipv4,malicious-ip,medium,WHITE,ziyadnz/hourly-ipv4,ziyadnz|hourly,2026-08-17T18:48:05Z,2026-08-17T18:48:05Z,
158.62.198.177,ipv4,malicious-ip,medium,WHITE,ziyadnz/hourly-ipv4,ziyadnz|hourly,2026-08-17T18:48:05Z,2026-08-17T18:48:05Z,
158.62.198.182,ipv4,malicious-ip,medium,WHITE,ziyadnz/hourly-ipv4,ziyadnz|hourly,2026-08-17T18:48:05Z,2026-08-17T18:48:05Z,
158.69.194.208,ipv4,malicious-ip,medium,WHITE,ziyadnz/hourly-ipv4,ziyadnz|hourly,2026-08-17T18:48:05Z,2026-08-17T18:48:05Z,
158.69.197.98,ipv4,malicious-ip,medium,WHITE,ziyadnz/hourly-ipv4,ziyadnz|hourly,2026-08-17T18:48:05Z,2026-08-17T18:48:05Z,
158.69.222.101,ipv4,malicious-ip,medium,WHITE,ziyadnz/hourly-ipv4,ziyadnz|hourly,2026-08-17T18:48:05Z,2026-08-17T18:48:05Z,
158.94.208.104,ipv4,malicious-ip,medium,WHITE,ziyadnz/hourly-ipv4,ziyadnz|hourly,2026-08-17T18:48:05Z,2026-08-17T18:48:05Z,
158.94.208.131,ipv4,malicious-ip,medium,WHITE,ziyadnz/hourly-ipv4,ziyadnz|hourly,2026-08-17T18:48:05Z,2026-08-17T18:48:05Z,
158.94.208.135,ipv4,malicious-ip,medium,WHITE,ziyadnz/hourly-ipv4,ziyadnz|hourly,2026-08-17T18:48:05Z,2026-08-17T18:48:05Z,
158.94.208.205,ipv4,malicious-ip,medium,WHITE,ziyadnz/hourly-ipv4,ziyadnz|hourly,2026-08-17T18:48:05Z,2026-08-17T18:48:05Z,
158.94.208.221,ipv4,malicious-ip,medium,WHITE,ziyadnz/hourly-ipv4,ziyadnz|hourly,2026-08-17T18:48:05Z,2026-08-17T18:48:05Z,
158.94.208.27,ipv4,malicious-ip,medium,WHITE,ziyadnz/hourly-ipv4,ziyadnz|hourly,2026-08-17T18:48:05Z,2026-08-17T18:48:05Z,
158.94.208.36,ipv4,malicious-ip,medium,WHITE,ziyadnz/hourly-ipv4,ziyadnz|hourly,2026-08-17T18:48:05Z,2026-08-17T18:48:05Z,
158.94.208.48,ipv4,malicious-ip,medium,WHITE,ziyadnz/hourly-ipv4,ziyadnz|hourly,2026-08-17T18:48:05Z,2026-08-17T18:48:05Z,
158.94.208.56,ipv4,malicious-ip,medium,WHITE,ziyadnz/hourly-ipv4,ziyadnz|hourly,2026-08-17T18:48:05Z,2026-08-17T18:48:05Z,
158.94.208.66,ipv4,malicious-ip,medium,WHITE,ziyadnz/hourly-ipv4,ziyadnz|hourly,2026-08-17T18:48:05Z,2026-08-17T18:48:05Z,
158.94.209.107,ipv4,malicious-ip,medium,WHITE,ziyadnz/hourly-ipv4,ziyadnz|hourly,2026-08-17T18:48:05Z,2026-08-17T18:48:05Z,
158.94.209.132,ipv4,malicious-ip,medium,WHITE,ziyadnz/hourly-ipv4,ziyadnz|hourly,2026-08-17T18:48:05Z,2026-08-17T18:48:05Z,
158.94.209.146,ipv4,malicious-ip,medium,WHITE,ziyadnz/hourly-ipv4,ziyadnz|hourly,2026-08-17T18:48:05Z,2026-08-17T18:48:05Z,
158.94.209.180,ipv4,malicious-ip,medium,WHITE,ziyadnz/hourly-ipv4,ziyadnz|hourly,2026-08-17T18:48:05Z,2026-08-17T18:48:05Z,
158.94.209.193,ipv4,malicious-ip,medium,WHITE,ziyadnz/hourly-ipv4,ziyadnz|hourly,2026-08-17T18:48:05Z,2026-08-17T18:48:05Z,
158.94.209.22,ipv4,malicious-ip,medium,WHITE,ziyadnz/hourly-ipv4,ziyadnz|hourly,2026-08-17T18:48:05Z,2026-08-17T18:48:05Z,
158.94.209.23,ipv4,malicious-ip,medium,WHITE,ziyadnz/hourly-ipv4,ziyadnz|hourly,2026-08-17T18:48:05Z,2026-08-17T18:48:05Z,
158.94.209.3,ipv4,malicious-ip,medium,WHITE,ziyadnz/hourly-ipv4,ziyadnz|hourly,2026-08-17T18:48:05Z,2026-08-17T18:48:05Z,
158.94.209.33,ipv4,malicious-ip,medium,WHITE,ziyadnz/hourly-ipv4,ziyadnz|hourly,2026-08-17T18:48:05Z,2026-08-17T18:48:05Z,
158.94.210.133,ipv4,malicious-ip,medium,WHITE,ziyadnz/hourly-ipv4,ziyadnz|hourly,2026-08-17T18:48:05Z,2026-08-17T18:48:05Z,
158.94.210.16,ipv4,malicious-ip,medium,WHITE,ziyadnz/hourly-ipv4,ziyadnz|hourly,2026-08-17T18:48:05Z,2026-08-17T18:48:05Z,
158.94.210.160,ipv4,malicious-ip,medium,WHITE,ziyadnz/hourly-ipv4,ziyadnz|hourly,2026-08-17T18:48:05Z,2026-08-17T18:48:05Z,
158.94.210.166,ipv4,malicious-ip,medium,WHITE,ziyadnz/hourly-ipv4,ziyadnz|hourly,2026-08-17T18:48:05Z,2026-08-17T18:48:05Z,
158.94.210.18,ipv4,malicious-ip,medium,WHITE,ziyadnz/hourly-ipv4,ziyadnz|hourly,2026-08-17T18:48:05Z,2026-08-17T18:48:05Z,
158.94.210.190,ipv4,malicious-ip,medium,WHITE,ziyadnz/hourly-ipv4,ziyadnz|hourly,2026-08-17T18:48:05Z,2026-08-17T18:48:05Z,
158.94.210.203,ipv4,malicious-ip,medium,WHITE,ziyadnz/hourly-ipv4,ziyadnz|hourly,2026-08-17T18:48:05Z,2026-08-17T18:48:05Z,
158.94.210.224,ipv4,malicious-ip,medium,WHITE,ziyadnz/hourly-ipv4,ziyadnz|hourly,2026-08-17T18:48:05Z,2026-08-17T18:48:05Z,
158.94.210.227,ipv4,malicious-ip,medium,WHITE,ziyadnz/hourly-ipv4,ziyadnz|hourly,2026-08-17T18:48:05Z,2026-08-17T18:48:05Z,
158.94.210.228,ipv4,malicious-ip,medium,WHITE,ziyadnz/hourly-ipv4,ziyadnz|hourly,2026-08-17T18:48:05Z,2026-08-17T18:48:05Z,
158.94.210.38,ipv4,malicious-ip,medium,WHITE,ziyadnz/hourly-ipv4,ziyadnz|hourly,2026-08-17T18:48:05Z,2026-08-17T18:48:05Z,
158.94.210.4,ipv4,malicious-ip,medium,WHITE,ziyadnz/hourly-ipv4,ziyadnz|hourly,2026-08-17T18:48:05Z,2026-08-17T18:48:05Z,
158.94.210.42,ipv4,malicious-ip,medium,WHITE,ziyadnz/hourly-ipv4,ziyadnz|hourly,2026-08-17T18:48:05Z,2026-08-17T18:48:05Z,
158.94.210.72,ipv4,malicious-ip,medium,WHITE,ziyadnz/hourly-ipv4,ziyadnz|hourly,2026-08-17T18:48:05Z,2026-08-17T18:48:05Z,
158.94.210.8,ipv4,malicious-ip,medium,WHITE,ziyadnz/hourly-ipv4,ziyadnz|hourly,2026-08-17T18:48:05Z,2026-08-17T18:48:05Z,
158.94.211.0,ipv4,malicious-ip,medium,WHITE,ziyadnz/hourly-ipv4,ziyadnz|hourly,2026-08-17T18:48:05Z,2026-08-17T18:48:05Z,
158.94.211.101,ipv4,malicious-ip,medium,WHITE,ziyadnz/hourly-ipv4,ziyadnz|hourly,2026-08-17T18:48:05Z,2026-08-17T18:48:05Z,
158.94.211.105,ipv4,malicious-ip,medium,WHITE,ziyadnz/hourly-ipv4,ziyadnz|hourly,2026-08-17T18:48:05Z,2026-08-17T18:48:05Z,
158.94.211.16,ipv4,malicious-ip,medium,WHITE,ziyadnz/hourly-ipv4,ziyadnz|hourly,2026-08-17T18:48:05Z,2026-08-17T18:48:05Z,
158.94.211.17,ipv4,malicious-ip,medium,WHITE,ziyadnz/hourly-ipv4,ziyadnz|hourly,2026-08-17T18:48:05Z,2026-08-17T18:48:05Z,
158.94.211.198,ipv4,malicious-ip,medium,WHITE,ziyadnz/hourly-ipv4,ziyadnz|hourly,2026-08-17T18:48:05Z,2026-08-17T18:48:05Z,
158.94.211.213,ipv4,malicious-ip,medium,WHITE,ziyadnz/hourly-ipv4,ziyadnz|hourly,2026-08-17T18:48:05Z,2026-08-17T18:48:05Z,
158.94.211.230,ipv4,malicious-ip,medium,WHITE,ziyadnz/hourly-ipv4,ziyadnz|hourly,2026-08-17T18:48:05Z,2026-08-17T18:48:05Z,
158.94.211.236,ipv4,malicious-ip,medium,WHITE,ziyadnz/hourly-ipv4,ziyadnz|hourly,2026-08-17T18:48:05Z,2026-08-17T18:48:05Z,
158.94.211.32,ipv4,malicious-ip,medium,WHITE,ziyadnz/hourly-ipv4,ziyadnz|hourly,2026-08-17T18:48:05Z,2026-08-17T18:48:05Z,
158.94.211.49,ipv4,malicious-ip,medium,WHITE,ziyadnz/hourly-ipv4,ziyadnz|hourly,2026-08-17T18:48:05Z,2026-08-17T18:48:05Z,
158.94.211.59,ipv4,malicious-ip,medium,WHITE,ziyadnz/hourly-ipv4,ziyadnz|hourly,2026-08-17T18:48:05Z,2026-08-17T18:48:05Z,
158.94.211.60,ipv4,malicious-ip,medium,WHITE,ziyadnz/hourly-ipv4,ziyadnz|hourly,2026-08-17T18:48:05Z,2026-08-17T18:48:05Z,
159.100.13.216,ipv4,malicious-ip,medium,WHITE,ziyadnz/hourly-ipv4,ziyadnz|hourly,2026-08-17T18:48:05Z,2026-08-17T18:48:05Z,
159.100.13.22,ipv4,malicious-ip,medium,WHITE,ziyadnz/hourly-ipv4,ziyadnz|hourly,2026-08-17T18:48:05Z,2026-08-17T18:48:05Z,
159.100.17.240,ipv4,malicious-ip,medium,WHITE,ziyadnz/hourly-ipv4,ziyadnz|hourly,2026-08-17T18:48:05Z,2026-08-17T18:48:05Z,
159.100.18.123,ipv4,malicious-ip,medium,WHITE,ziyadnz/hourly-ipv4,ziyadnz|hourly,2026-08-17T18:48:05Z,2026-08-17T18:48:05Z,
159.100.18.129,ipv4,malicious-ip,medium,WHITE,ziyadnz/hourly-ipv4,ziyadnz|hourly,2026-08-17T18:48:05Z,2026-08-17T18:48:05Z,
159.100.18.23,ipv4,malicious-ip,medium,WHITE,ziyadnz/hourly-ipv4,ziyadnz|hourly,2026-08-17T18:48:05Z,2026-08-17T18:48:05Z,
159.100.19.157,ipv4,malicious-ip,medium,WHITE,ziyadnz/hourly-ipv4,ziyadnz|hourly,2026-08-17T18:48:05Z,2026-08-17T18:48:05Z,
159.100.22.12,ipv4,malicious-ip,medium,WHITE,ziyadnz/hourly-ipv4,ziyadnz|hourly,2026-08-17T18:48:05Z,2026-08-17T18:48:05Z,
159.100.22.58,ipv4,malicious-ip,medium,WHITE,ziyadnz/hourly-ipv4,ziyadnz|hourly,2026-08-17T18:48:05Z,2026-08-17T18:48:05Z,
159.100.29.122,ipv4,malicious-ip,medium,WHITE,ziyadnz/hourly-ipv4,ziyadnz|hourly,2026-08-17T18:48:05Z,2026-08-17T18:48:05Z,
159.100.6.5,ipv4,malicious-ip,medium,WHITE,ziyadnz/hourly-ipv4,ziyadnz|hourly,2026-08-17T18:48:05Z,2026-08-17T18:48:05Z,
159.100.6.69,ipv4,malicious-ip,medium,WHITE,ziyadnz/hourly-ipv4,ziyadnz|hourly,2026-08-17T18:48:05Z,2026-08-17T18:48:05Z,
159.100.9.252,ipv4,malicious-ip,medium,WHITE,ziyadnz/hourly-ipv4,ziyadnz|hourly,2026-08-17T18:48:05Z,2026-08-17T18:48:05Z,
159.118.39.184,ipv4,malicious-ip,medium,WHITE,ziyadnz/hourly-ipv4,ziyadnz|hourly,2026-08-17T18:48:05Z,2026-08-17T18:48:05Z,
159.146.21.251,ipv4,malicious-ip,medium,WHITE,ziyadnz/hourly-ipv4,ziyadnz|hourly,2026-08-17T18:48:05Z,2026-08-17T18:48:05Z,
159.146.40.246,ipv4,malicious-ip,medium,WHITE,ziyadnz/hourly-ipv4,ziyadnz|hourly,2026-08-17T18:48:05Z,2026-08-17T18:48:05Z,
159.146.52.77,ipv4,malicious-ip,medium,WHITE,ziyadnz/hourly-ipv4,ziyadnz|hourly,2026-08-17T18:48:05Z,2026-08-17T18:48:05Z,
159.146.54.173,ipv4,malicious-ip,medium,WHITE,ziyadnz/hourly-ipv4,ziyadnz|hourly,2026-08-17T18:48:05Z,2026-08-17T18:48:05Z,
159.146.86.4,ipv4,malicious-ip,medium,WHITE,ziyadnz/hourly-ipv4,ziyadnz|hourly,2026-08-17T18:48:05Z,2026-08-17T18:48:05Z,
159.192.123.159,ipv4,malicious-ip,medium,WHITE,ziyadnz/hourly-ipv4,ziyadnz|hourly,2026-08-17T18:48:05Z,2026-08-17T18:48:05Z,
159.194.206.5,ipv4,malicious-ip,medium,WHITE,ziyadnz/hourly-ipv4,ziyadnz|hourly,2026-08-17T18:48:05Z,2026-08-17T18:48:05Z,
159.195.112.189,ipv4,malicious-ip,medium,WHITE,ziyadnz/hourly-ipv4,ziyadnz|hourly,2026-08-17T18:48:05Z,2026-08-17T18:48:05Z,
159.195.137.114,ipv4,malicious-ip,medium,WHITE,ziyadnz/hourly-ipv4,ziyadnz|hourly,2026-08-17T18:48:05Z,2026-08-17T18:48:05Z,
159.195.16.11,ipv4,malicious-ip,medium,WHITE,ziyadnz/hourly-ipv4,ziyadnz|hourly,2026-08-17T18:48:05Z,2026-08-17T18:48:05Z,
159.195.200.51,ipv4,malicious-ip,medium,WHITE,ziyadnz/hourly-ipv4,ziyadnz|hourly,2026-08-17T18:48:05Z,2026-08-17T18:48:05Z,
159.195.201.212,ipv4,malicious-ip,medium,WHITE,ziyadnz/hourly-ipv4,ziyadnz|hourly,2026-08-17T18:48:05Z,2026-08-17T18:48:05Z,
159.195.30.42,ipv4,malicious-ip,medium,WHITE,ziyadnz/hourly-ipv4,ziyadnz|hourly,2026-08-17T18:48:05Z,2026-08-17T18:48:05Z,
159.195.38.88,ipv4,malicious-ip,medium,WHITE,ziyadnz/hourly-ipv4,ziyadnz|hourly,2026-08-17T18:48:05Z,2026-08-17T18:48:05Z,
159.195.45.118,ipv4,malicious-ip,medium,WHITE,ziyadnz/hourly-ipv4,ziyadnz|hourly,2026-08-17T18:48:05Z,2026-08-17T18:48:05Z,
159.195.60.71,ipv4,malicious-ip,medium,WHITE,ziyadnz/hourly-ipv4,ziyadnz|hourly,2026-08-17T18:48:05Z,2026-08-17T18:48:05Z,
159.195.67.136,ipv4,malicious-ip,medium,WHITE,ziyadnz/hourly-ipv4,ziyadnz|hourly,2026-08-17T18:48:05Z,2026-08-17T18:48:05Z,
159.195.67.193,ipv4,malicious-ip,medium,WHITE,ziyadnz/hourly-ipv4,ziyadnz|hourly,2026-08-17T18:48:05Z,2026-08-17T18:48:05Z,
159.195.72.86,ipv4,malicious-ip,medium,WHITE,ziyadnz/hourly-ipv4,ziyadnz|hourly,2026-08-17T18:48:05Z,2026-08-17T18:48:05Z,
159.195.79.219,ipv4,malicious-ip,medium,WHITE,ziyadnz/hourly-ipv4,ziyadnz|hourly,2026-08-17T18:48:05Z,2026-08-17T18:48:05Z,
159.195.80.22,ipv4,malicious-ip,medium,WHITE,ziyadnz/hourly-ipv4,ziyadnz|hourly,2026-08-17T18:48:05Z,2026-08-17T18:48:05Z,
159.196.114.241,ipv4,malicious-ip,medium,WHITE,ziyadnz/hourly-ipv4,ziyadnz|hourly,2026-08-17T18:48:05Z,2026-08-17T18:48:05Z,
159.196.128.120,ipv4,malicious-ip,medium,WHITE,ziyadnz/hourly-ipv4,ziyadnz|hourly,2026-08-17T18:48:05Z,2026-08-17T18:48:05Z,
159.196.13.154,ipv4,malicious-ip,medium,WHITE,ziyadnz/hourly-ipv4,ziyadnz|hourly,2026-08-17T18:48:05Z,2026-08-17T18:48:05Z,
159.196.160.196,ipv4,malicious-ip,medium,WHITE,ziyadnz/hourly-ipv4,ziyadnz|hourly,2026-08-17T18:48:05Z,2026-08-17T18:48:05Z,
159.198.32.222,ipv4,malicious-ip,medium,WHITE,ziyadnz/hourly-ipv4,ziyadnz|hourly,2026-08-17T18:48:05Z,2026-08-17T18:48:05Z,
159.198.36.115,ipv4,malicious-ip,medium,WHITE,ziyadnz/hourly-ipv4,ziyadnz|hourly,2026-08-17T18:48:05Z,2026-08-17T18:48:05Z,
159.198.37.74,ipv4,malicious-ip,medium,WHITE,ziyadnz/hourly-ipv4,ziyadnz|hourly,2026-08-17T18:48:05Z,2026-08-17T18:48:05Z,
159.198.47.207,ipv4,malicious-ip,medium,WHITE,ziyadnz/hourly-ipv4,ziyadnz|hourly,2026-08-17T18:48:05Z,2026-08-17T18:48:05Z,
159.198.74.199,ipv4,malicious-ip,medium,WHITE,ziyadnz/hourly-ipv4,ziyadnz|hourly,2026-08-17T18:48:05Z,2026-08-17T18:48:05Z,
159.20.106.86,ipv4,malicious-ip,medium,WHITE,ziyadnz/hourly-ipv4,ziyadnz|hourly,2026-08-17T18:48:05Z,2026-08-17T18:48:05Z,
159.203.10.168,ipv4,malicious-ip,medium,WHITE,ziyadnz/hourly-ipv4,ziyadnz|hourly,2026-08-17T18:48:05Z,2026-08-17T18:48:05Z,
159.203.10.63,ipv4,malicious-ip,medium,WHITE,ziyadnz/hourly-ipv4,ziyadnz|hourly,2026-08-17T18:48:05Z,2026-08-17T18:48:05Z,
159.203.103.200,ipv4,malicious-ip,medium,WHITE,ziyadnz/hourly-ipv4,ziyadnz|hourly,2026-08-17T18:48:05Z,2026-08-17T18:48:05Z,
159.203.109.230,ipv4,malicious-ip,medium,WHITE,ziyadnz/hourly-ipv4,ziyadnz|hourly,2026-08-17T18:48:05Z,2026-08-17T18:48:05Z,
159.203.111.12,ipv4,malicious-ip,medium,WHITE,ziyadnz/hourly-ipv4,ziyadnz|hourly,2026-08-17T18:48:05Z,2026-08-17T18:48:05Z,
159.203.113.25,ipv4,malicious-ip,medium,WHITE,ziyadnz/hourly-ipv4,ziyadnz|hourly,2026-08-17T18:48:05Z,2026-08-17T18:48:05Z,
159.203.12.122,ipv4,malicious-ip,medium,WHITE,ziyadnz/hourly-ipv4,ziyadnz|hourly,2026-08-17T18:48:05Z,2026-08-17T18:48:05Z,
159.203.120.106,ipv4,malicious-ip,medium,WHITE,ziyadnz/hourly-ipv4,ziyadnz|hourly,2026-08-17T18:48:05Z,2026-08-17T18:48:05Z,
159.203.120.114,ipv4,malicious-ip,medium,WHITE,ziyadnz/hourly-ipv4,ziyadnz|hourly,2026-08-17T18:48:05Z,2026-08-17T18:48:05Z,
159.203.120.122,ipv4,malicious-ip,medium,WHITE,ziyadnz/hourly-ipv4,ziyadnz|hourly,2026-08-17T18:48:05Z,2026-08-17T18:48:05Z,
159.203.13.64,ipv4,malicious-ip,medium,WHITE,ziyadnz/hourly-ipv4,ziyadnz|hourly,2026-08-17T18:48:05Z,2026-08-17T18:48:05Z,
159.203.136.205,ipv4,malicious-ip,medium,WHITE,ziyadnz/hourly-ipv4,ziyadnz|hourly,2026-08-17T18:48:05Z,2026-08-17T18:48:05Z,
159.203.143.205,ipv4,malicious-ip,medium,WHITE,ziyadnz/hourly-ipv4,ziyadnz|hourly,2026-08-17T18:48:05Z,2026-08-17T18:48:05Z,
159.203.164.101,ipv4,malicious-ip,medium,WHITE,ziyadnz/hourly-ipv4,ziyadnz|hourly,2026-08-17T18:48:05Z,2026-08-17T18:48:05Z,
159.203.176.237,ipv4,malicious-ip,medium,WHITE,ziyadnz/hourly-ipv4,ziyadnz|hourly,2026-08-17T18:48:05Z,2026-08-17T18:48:05Z,
159.203.182.122,ipv4,malicious-ip,medium,WHITE,ziyadnz/hourly-ipv4,ziyadnz|hourly,2026-08-17T18:48:05Z,2026-08-17T18:48:05Z,
159.203.184.22,ipv4,malicious-ip,medium,WHITE,ziyadnz/hourly-ipv4,ziyadnz|hourly,2026-08-17T18:48:05Z,2026-08-17T18:48:05Z,
159.203.184.49,ipv4,malicious-ip,medium,WHITE,ziyadnz/hourly-ipv4,ziyadnz|hourly,2026-08-17T18:48:05Z,2026-08-17T18:48:05Z,
159.203.184.6,ipv4,malicious-ip,medium,WHITE,ziyadnz/hourly-ipv4,ziyadnz|hourly,2026-08-17T18:48:05Z,2026-08-17T18:48:05Z,
159.203.187.143,ipv4,malicious-ip,medium,WHITE,ziyadnz/hourly-ipv4,ziyadnz|hourly,2026-08-17T18:48:05Z,2026-08-17T18:48:05Z,
159.203.188.243,ipv4,malicious-ip,medium,WHITE,ziyadnz/hourly-ipv4,ziyadnz|hourly,2026-08-17T18:48:05Z,2026-08-17T18:48:05Z,
159.203.19.253,ipv4,malicious-ip,medium,WHITE,ziyadnz/hourly-ipv4,ziyadnz|hourly,2026-08-17T18:48:05Z,2026-08-17T18:48:05Z,
159.203.19.255,ipv4,malicious-ip,medium,WHITE,ziyadnz/hourly-ipv4,ziyadnz|hourly,2026-08-17T18:48:05Z,2026-08-17T18:48:05Z,
159.203.190.171,ipv4,malicious-ip,medium,WHITE,ziyadnz/hourly-ipv4,ziyadnz|hourly,2026-08-17T18:48:05Z,2026-08-17T18:48:05Z,
159.203.20.239,ipv4,malicious-ip,medium,WHITE,ziyadnz/hourly-ipv4,ziyadnz|hourly,2026-08-17T18:48:05Z,2026-08-17T18:48:05Z,
159.203.21.205,ipv4,malicious-ip,medium,WHITE,ziyadnz/hourly-ipv4,ziyadnz|hourly,2026-08-17T18:48:05Z,2026-08-17T18:48:05Z,
159.203.28.102,ipv4,malicious-ip,medium,WHITE,ziyadnz/hourly-ipv4,ziyadnz|hourly,2026-08-17T18:48:05Z,2026-08-17T18:48:05Z,
159.203.34.23,ipv4,malicious-ip,medium,WHITE,ziyadnz/hourly-ipv4,ziyadnz|hourly,2026-08-17T18:48:05Z,2026-08-17T18:48:05Z,
159.203.35.6,ipv4,malicious-ip,medium,WHITE,ziyadnz/hourly-ipv4,ziyadnz|hourly,2026-08-17T18:48:05Z,2026-08-17T18:48:05Z,
159.203.36.128,ipv4,malicious-ip,medium,WHITE,ziyadnz/hourly-ipv4,ziyadnz|hourly,2026-08-17T18:48:05Z,2026-08-17T18:48:05Z,
159.203.40.210,ipv4,malicious-ip,medium,WHITE,ziyadnz/hourly-ipv4,ziyadnz|hourly,2026-08-17T18:48:05Z,2026-08-17T18:48:05Z,
159.203.44.105,ipv4,malicious-ip,medium,WHITE,ziyadnz/hourly-ipv4,ziyadnz|hourly,2026-08-17T18:48:05Z,2026-08-17T18:48:05Z,
159.203.44.169,ipv4,malicious-ip,medium,WHITE,ziyadnz/hourly-ipv4,ziyadnz|hourly,2026-08-17T18:48:05Z,2026-08-17T18:48:05Z,
159.203.46.119,ipv4,malicious-ip,medium,WHITE,ziyadnz/hourly-ipv4,ziyadnz|hourly,2026-08-17T18:48:05Z,2026-08-17T18:48:05Z,
159.203.5.86,ipv4,malicious-ip,medium,WHITE,ziyadnz/hourly-ipv4,ziyadnz|hourly,2026-08-17T18:48:05Z,2026-08-17T18:48:05Z,
159.203.56.216,ipv4,malicious-ip,medium,WHITE,ziyadnz/hourly-ipv4,ziyadnz|hourly,2026-08-17T18:48:05Z,2026-08-17T18:48:05Z,
159.203.58.238,ipv4,malicious-ip,medium,WHITE,ziyadnz/hourly-ipv4,ziyadnz|hourly,2026-08-17T18:48:05Z,2026-08-17T18:48:05Z,
159.203.59.47,ipv4,malicious-ip,medium,WHITE,ziyadnz/hourly-ipv4,ziyadnz|hourly,2026-08-17T18:48:05Z,2026-08-17T18:48:05Z,
159.203.62.207,ipv4,malicious-ip,medium,WHITE,ziyadnz/hourly-ipv4,ziyadnz|hourly,2026-08-17T18:48:05Z,2026-08-17T18:48:05Z,
159.203.62.65,ipv4,malicious-ip,medium,WHITE,ziyadnz/hourly-ipv4,ziyadnz|hourly,2026-08-17T18:48:05Z,2026-08-17T18:48:05Z,
159.203.63.174,ipv4,malicious-ip,medium,WHITE,ziyadnz/hourly-ipv4,ziyadnz|hourly,2026-08-17T18:48:05Z,2026-08-17T18:48:05Z,
159.203.67.164,ipv4,malicious-ip,medium,WHITE,ziyadnz/hourly-ipv4,ziyadnz|hourly,2026-08-17T18:48:05Z,2026-08-17T18:48:05Z,
159.203.7.254,ipv4,malicious-ip,medium,WHITE,ziyadnz/hourly-ipv4,ziyadnz|hourly,2026-08-17T18:48:05Z,2026-08-17T18:48:05Z,
159.203.72.166,ipv4,malicious-ip,medium,WHITE,ziyadnz/hourly-ipv4,ziyadnz|hourly,2026-08-17T18:48:05Z,2026-08-17T18:48:05Z,
159.203.9.58,ipv4,malicious-ip,medium,WHITE,ziyadnz/hourly-ipv4,ziyadnz|hourly,2026-08-17T18:48:05Z,2026-08-17T18:48:05Z,
159.203.95.193,ipv4,malicious-ip,medium,WHITE,ziyadnz/hourly-ipv4,ziyadnz|hourly,2026-08-17T18:48:05Z,2026-08-17T18:48:05Z,
159.220.78.113,ipv4,malicious-ip,medium,WHITE,ziyadnz/hourly-ipv4,ziyadnz|hourly,2026-08-17T18:48:05Z,2026-08-17T18:48:05Z,
159.223.0.20,ipv4,malicious-ip,medium,WHITE,ziyadnz/hourly-ipv4,ziyadnz|hourly,2026-08-17T18:48:05Z,2026-08-17T18:48:05Z,
159.223.100.14,ipv4,malicious-ip,medium,WHITE,ziyadnz/hourly-ipv4,ziyadnz|hourly,2026-08-17T18:48:05Z,2026-08-17T18:48:05Z,
159.223.101.229,ipv4,malicious-ip,medium,WHITE,ziyadnz/hourly-ipv4,ziyadnz|hourly,2026-08-17T18:48:05Z,2026-08-17T18:48:05Z,
159.223.103.30,ipv4,malicious-ip,medium,WHITE,ziyadnz/hourly-ipv4,ziyadnz|hourly,2026-08-17T18:48:05Z,2026-08-17T18:48:05Z,
159.223.106.21,ipv4,malicious-ip,medium,WHITE,ziyadnz/hourly-ipv4,ziyadnz|hourly,2026-08-17T18:48:05Z,2026-08-17T18:48:05Z,
159.223.106.64,ipv4,malicious-ip,medium,WHITE,ziyadnz/hourly-ipv4,ziyadnz|hourly,2026-08-17T18:48:05Z,2026-08-17T18:48:05Z,
159.223.109.29,ipv4,malicious-ip,medium,WHITE,ziyadnz/hourly-ipv4,ziyadnz|hourly,2026-08-17T18:48:05Z,2026-08-17T18:48:05Z,
159.223.109.45,ipv4,malicious-ip,medium,WHITE,ziyadnz/hourly-ipv4,ziyadnz|hourly,2026-08-17T18:48:05Z,2026-08-17T18:48:05Z,
159.223.111.52,ipv4,malicious-ip,medium,WHITE,ziyadnz/hourly-ipv4,ziyadnz|hourly,2026-08-17T18:48:05Z,2026-08-17T18:48:05Z,
159.223.112.120,ipv4,malicious-ip,medium,WHITE,ziyadnz/hourly-ipv4,ziyadnz|hourly,2026-08-17T18:48:05Z,2026-08-17T18:48:05Z,
159.223.112.80,ipv4,malicious-ip,medium,WHITE,ziyadnz/hourly-ipv4,ziyadnz|hourly,2026-08-17T18:48:05Z,2026-08-17T18:48:05Z,
159.223.114.22,ipv4,malicious-ip,medium,WHITE,ziyadnz/hourly-ipv4,ziyadnz|hourly,2026-08-17T18:48:05Z,2026-08-17T18:48:05Z,
159.223.119.13,ipv4,malicious-ip,medium,WHITE,ziyadnz/hourly-ipv4,ziyadnz|hourly,2026-08-17T18:48:05Z,2026-08-17T18:48:05Z,
159.223.119.46,ipv4,malicious-ip,medium,WHITE,ziyadnz/hourly-ipv4,ziyadnz|hourly,2026-08-17T18:48:05Z,2026-08-17T18:48:05Z,
159.223.121.79,ipv4,malicious-ip,medium,WHITE,ziyadnz/hourly-ipv4,ziyadnz|hourly,2026-08-17T18:48:05Z,2026-08-17T18:48:05Z,
159.223.123.181,ipv4,malicious-ip,medium,WHITE,ziyadnz/hourly-ipv4,ziyadnz|hourly,2026-08-17T18:48:05Z,2026-08-17T18:48:05Z,
159.223.133.138,ipv4,malicious-ip,medium,WHITE,ziyadnz/hourly-ipv4,ziyadnz|hourly,2026-08-17T18:48:05Z,2026-08-17T18:48:05Z,
159.223.133.32,ipv4,malicious-ip,medium,WHITE,ziyadnz/hourly-ipv4,ziyadnz|hourly,2026-08-17T18:48:05Z,2026-08-17T18:48:05Z,
159.223.14.97,ipv4,malicious-ip,medium,WHITE,ziyadnz/hourly-ipv4,ziyadnz|hourly,2026-08-17T18:48:05Z,2026-08-17T18:48:05Z,
159.223.145.89,ipv4,malicious-ip,medium,WHITE,ziyadnz/hourly-ipv4,ziyadnz|hourly,2026-08-17T18:48:05Z,2026-08-17T18:48:05Z,
159.223.149.131,ipv4,malicious-ip,medium,WHITE,ziyadnz/hourly-ipv4,ziyadnz|hourly,2026-08-17T18:48:05Z,2026-08-17T18:48:05Z,
159.223.149.179,ipv4,malicious-ip,medium,WHITE,ziyadnz/hourly-ipv4,ziyadnz|hourly,2026-08-17T18:48:05Z,2026-08-17T18:48:05Z,
159.223.150.171,ipv4,malicious-ip,medium,WHITE,ziyadnz/hourly-ipv4,ziyadnz|hourly,2026-08-17T18:48:05Z,2026-08-17T18:48:05Z,
159.223.152.15,ipv4,malicious-ip,medium,WHITE,ziyadnz/hourly-ipv4,ziyadnz|hourly,2026-08-17T18:48:05Z,2026-08-17T18:48:05Z,
159.223.152.188,ipv4,malicious-ip,medium,WHITE,ziyadnz/hourly-ipv4,ziyadnz|hourly,2026-08-17T18:48:05Z,2026-08-17T18:48:05Z,
159.223.153.45,ipv4,malicious-ip,medium,WHITE,ziyadnz/hourly-ipv4,ziyadnz|hourly,2026-08-17T18:48:05Z,2026-08-17T18:48:05Z,
159.223.156.159,ipv4,malicious-ip,medium,WHITE,ziyadnz/hourly-ipv4,ziyadnz|hourly,2026-08-17T18:48:05Z,2026-08-17T18:48:05Z,
159.223.156.29,ipv4,malicious-ip,medium,WHITE,ziyadnz/hourly-ipv4,ziyadnz|hourly,2026-08-17T18:48:05Z,2026-08-17T18:48:05Z,
159.223.159.12,ipv4,malicious-ip,medium,WHITE,ziyadnz/hourly-ipv4,ziyadnz|hourly,2026-08-17T18:48:05Z,2026-08-17T18:48:05Z,
159.223.159.88,ipv4,malicious-ip,medium,WHITE,ziyadnz/hourly-ipv4,ziyadnz|hourly,2026-08-17T18:48:05Z,2026-08-17T18:48:05Z,
159.223.168.233,ipv4,malicious-ip,medium,WHITE,ziyadnz/hourly-ipv4,ziyadnz|hourly,2026-08-17T18:48:05Z,2026-08-17T18:48:05Z,
159.223.169.117,ipv4,malicious-ip,medium,WHITE,ziyadnz/hourly-ipv4,ziyadnz|hourly,2026-08-17T18:48:05Z,2026-08-17T18:48:05Z,
159.223.170.77,ipv4,malicious-ip,medium,WHITE,ziyadnz/hourly-ipv4,ziyadnz|hourly,2026-08-17T18:48:05Z,2026-08-17T18:48:05Z,
159.223.171.169,ipv4,malicious-ip,medium,WHITE,ziyadnz/hourly-ipv4,ziyadnz|hourly,2026-08-17T18:48:05Z,2026-08-17T18:48:05Z,
159.223.173.157,ipv4,malicious-ip,medium,WHITE,ziyadnz/hourly-ipv4,ziyadnz|hourly,2026-08-17T18:48:05Z,2026-08-17T18:48:05Z,
159.223.175.198,ipv4,malicious-ip,medium,WHITE,ziyadnz/hourly-ipv4,ziyadnz|hourly,2026-08-17T18:48:05Z,2026-08-17T18:48:05Z,
159.223.178.234,ipv4,malicious-ip,medium,WHITE,ziyadnz/hourly-ipv4,ziyadnz|hourly,2026-08-17T18:48:05Z,2026-08-17T18:48:05Z,
159.223.179.163,ipv4,malicious-ip,medium,WHITE,ziyadnz/hourly-ipv4,ziyadnz|hourly,2026-08-17T18:48:05Z,2026-08-17T18:48:05Z,
159.223.18.78,ipv4,malicious-ip,medium,WHITE,ziyadnz/hourly-ipv4,ziyadnz|hourly,2026-08-17T18:48:05Z,2026-08-17T18:48:05Z,
159.223.180.112,ipv4,malicious-ip,medium,WHITE,ziyadnz/hourly-ipv4,ziyadnz|hourly,2026-08-17T18:48:05Z,2026-08-17T18:48:05Z,
159.223.180.56,ipv4,malicious-ip,medium,WHITE,ziyadnz/hourly-ipv4,ziyadnz|hourly,2026-08-17T18:48:05Z,2026-08-17T18:48:05Z,
159.223.184.166,ipv4,malicious-ip,medium,WHITE,ziyadnz/hourly-ipv4,ziyadnz|hourly,2026-08-17T18:48:05Z,2026-08-17T18:48:05Z,
159.223.185.22,ipv4,malicious-ip,medium,WHITE,ziyadnz/hourly-ipv4,ziyadnz|hourly,2026-08-17T18:48:05Z,2026-08-17T18:48:05Z,
159.223.186.175,ipv4,malicious-ip,medium,WHITE,ziyadnz/hourly-ipv4,ziyadnz|hourly,2026-08-17T18:48:05Z,2026-08-17T18:48:05Z,
159.223.187.66,ipv4,malicious-ip,medium,WHITE,ziyadnz/hourly-ipv4,ziyadnz|hourly,2026-08-17T18:48:05Z,2026-08-17T18:48:05Z,
159.223.189.144,ipv4,malicious-ip,medium,WHITE,ziyadnz/hourly-ipv4,ziyadnz|hourly,2026-08-17T18:48:05Z,2026-08-17T18:48:05Z,
159.223.194.222,ipv4,malicious-ip,medium,WHITE,ziyadnz/hourly-ipv4,ziyadnz|hourly,2026-08-17T18:48:05Z,2026-08-17T18:48:05Z,
159.223.197.155,ipv4,malicious-ip,medium,WHITE,ziyadnz/hourly-ipv4,ziyadnz|hourly,2026-08-17T18:48:05Z,2026-08-17T18:48:05Z,
159.223.199.181,ipv4,malicious-ip,medium,WHITE,ziyadnz/hourly-ipv4,ziyadnz|hourly,2026-08-17T18:48:05Z,2026-08-17T18:48:05Z,
159.223.20.73,ipv4,malicious-ip,medium,WHITE,ziyadnz/hourly-ipv4,ziyadnz|hourly,2026-08-17T18:48:05Z,2026-08-17T18:48:05Z,
159.223.201.180,ipv4,malicious-ip,medium,WHITE,ziyadnz/hourly-ipv4,ziyadnz|hourly,2026-08-17T18:48:05Z,2026-08-17T18:48:05Z,
159.223.203.63,ipv4,malicious-ip,medium,WHITE,ziyadnz/hourly-ipv4,ziyadnz|hourly,2026-08-17T18:48:05Z,2026-08-17T18:48:05Z,
159.223.203.97,ipv4,malicious-ip,medium,WHITE,ziyadnz/hourly-ipv4,ziyadnz|hourly,2026-08-17T18:48:05Z,2026-08-17T18:48:05Z,
159.223.205.192,ipv4,malicious-ip,medium,WHITE,ziyadnz/hourly-ipv4,ziyadnz|hourly,2026-08-17T18:48:05Z,2026-08-17T18:48:05Z,
159.223.208.47,ipv4,malicious-ip,medium,WHITE,ziyadnz/hourly-ipv4,ziyadnz|hourly,2026-08-17T18:48:05Z,2026-08-17T18:48:05Z,
159.223.21.245,ipv4,malicious-ip,medium,WHITE,ziyadnz/hourly-ipv4,ziyadnz|hourly,2026-08-17T18:48:05Z,2026-08-17T18:48:05Z,
159.223.213.49,ipv4,malicious-ip,medium,WHITE,ziyadnz/hourly-ipv4,ziyadnz|hourly,2026-08-17T18:48:05Z,2026-08-17T18:48:05Z,
159.223.216.48,ipv4,malicious-ip,medium,WHITE,ziyadnz/hourly-ipv4,ziyadnz|hourly,2026-08-17T18:48:05Z,2026-08-17T18:48:05Z,
159.223.217.240,ipv4,malicious-ip,medium,WHITE,ziyadnz/hourly-ipv4,ziyadnz|hourly,2026-08-17T18:48:05Z,2026-08-17T18:48:05Z,
159.223.217.49,ipv4,malicious-ip,medium,WHITE,ziyadnz/hourly-ipv4,ziyadnz|hourly,2026-08-17T18:48:05Z,2026-08-17T18:48:05Z,
159.223.22.139,ipv4,malicious-ip,medium,WHITE,ziyadnz/hourly-ipv4,ziyadnz|hourly,2026-08-17T18:48:05Z,2026-08-17T18:48:05Z,
159.223.226.149,ipv4,malicious-ip,medium,WHITE,ziyadnz/hourly-ipv4,ziyadnz|hourly,2026-08-17T18:48:05Z,2026-08-17T18:48:05Z,
159.223.238.0,ipv4,malicious-ip,medium,WHITE,ziyadnz/hourly-ipv4,ziyadnz|hourly,2026-08-17T18:48:05Z,2026-08-17T18:48:05Z,
159.223.29.109,ipv4,malicious-ip,medium,WHITE,ziyadnz/hourly-ipv4,ziyadnz|hourly,2026-08-17T18:48:05Z,2026-08-17T18:48:05Z,
159.223.32.146,ipv4,malicious-ip,medium,WHITE,ziyadnz/hourly-ipv4,ziyadnz|hourly,2026-08-17T18:48:05Z,2026-08-17T18:48:05Z,
159.223.32.6,ipv4,malicious-ip,medium,WHITE,ziyadnz/hourly-ipv4,ziyadnz|hourly,2026-08-17T18:48:05Z,2026-08-17T18:48:05Z,
159.223.38.159,ipv4,malicious-ip,medium,WHITE,ziyadnz/hourly-ipv4,ziyadnz|hourly,2026-08-17T18:48:05Z,2026-08-17T18:48:05Z,
159.223.38.187,ipv4,malicious-ip,medium,WHITE,ziyadnz/hourly-ipv4,ziyadnz|hourly,2026-08-17T18:48:05Z,2026-08-17T18:48:05Z,
159.223.38.253,ipv4,malicious-ip,medium,WHITE,ziyadnz/hourly-ipv4,ziyadnz|hourly,2026-08-17T18:48:05Z,2026-08-17T18:48:05Z,
159.223.40.78,ipv4,malicious-ip,medium,WHITE,ziyadnz/hourly-ipv4,ziyadnz|hourly,2026-08-17T18:48:05Z,2026-08-17T18:48:05Z,
159.223.42.21,ipv4,malicious-ip,medium,WHITE,ziyadnz/hourly-ipv4,ziyadnz|hourly,2026-08-17T18:48:05Z,2026-08-17T18:48:05Z,
159.223.42.63,ipv4,malicious-ip,medium,WHITE,ziyadnz/hourly-ipv4,ziyadnz|hourly,2026-08-17T18:48:05Z,2026-08-17T18:48:05Z,
159.223.44.60,ipv4,malicious-ip,medium,WHITE,ziyadnz/hourly-ipv4,ziyadnz|hourly,2026-08-17T18:48:05Z,2026-08-17T18:48:05Z,
159.223.45.59,ipv4,malicious-ip,medium,WHITE,ziyadnz/hourly-ipv4,ziyadnz|hourly,2026-08-17T18:48:05Z,2026-08-17T18:48:05Z,
159.223.48.98,ipv4,malicious-ip,medium,WHITE,ziyadnz/hourly-ipv4,ziyadnz|hourly,2026-08-17T18:48:05Z,2026-08-17T18:48:05Z,
159.223.49.12,ipv4,malicious-ip,medium,WHITE,ziyadnz/hourly-ipv4,ziyadnz|hourly,2026-08-17T18:48:05Z,2026-08-17T18:48:05Z,
159.223.50.123,ipv4,malicious-ip,medium,WHITE,ziyadnz/hourly-ipv4,ziyadnz|hourly,2026-08-17T18:48:05Z,2026-08-17T18:48:05Z,
159.223.53.113,ipv4,malicious-ip,medium,WHITE,ziyadnz/hourly-ipv4,ziyadnz|hourly,2026-08-17T18:48:05Z,2026-08-17T18:48:05Z,
159.223.56.88,ipv4,malicious-ip,medium,WHITE,ziyadnz/hourly-ipv4,ziyadnz|hourly,2026-08-17T18:48:05Z,2026-08-17T18:48:05Z,
159.223.59.82,ipv4,malicious-ip,medium,WHITE,ziyadnz/hourly-ipv4,ziyadnz|hourly,2026-08-17T18:48:05Z,2026-08-17T18:48:05Z,
159.223.6.189,ipv4,malicious-ip,medium,WHITE,ziyadnz/hourly-ipv4,ziyadnz|hourly,2026-08-17T18:48:05Z,2026-08-17T18:48:05Z,
159.223.6.196,ipv4,malicious-ip,medium,WHITE,ziyadnz/hourly-ipv4,ziyadnz|hourly,2026-08-17T18:48:05Z,2026-08-17T18:48:05Z,
159.223.61.130,ipv4,malicious-ip,medium,WHITE,ziyadnz/hourly-ipv4,ziyadnz|hourly,2026-08-17T18:48:05Z,2026-08-17T18:48:05Z,
159.223.61.182,ipv4,malicious-ip,medium,WHITE,ziyadnz/hourly-ipv4,ziyadnz|hourly,2026-08-17T18:48:05Z,2026-08-17T18:48:05Z,
159.223.61.250,ipv4,malicious-ip,medium,WHITE,ziyadnz/hourly-ipv4,ziyadnz|hourly,2026-08-17T18:48:05Z,2026-08-17T18:48:05Z,
159.223.66.90,ipv4,malicious-ip,medium,WHITE,ziyadnz/hourly-ipv4,ziyadnz|hourly,2026-08-17T18:48:05Z,2026-08-17T18:48:05Z,
159.223.67.192,ipv4,malicious-ip,medium,WHITE,ziyadnz/hourly-ipv4,ziyadnz|hourly,2026-08-17T18:48:05Z,2026-08-17T18:48:05Z,
159.223.74.121,ipv4,malicious-ip,medium,WHITE,ziyadnz/hourly-ipv4,ziyadnz|hourly,2026-08-17T18:48:05Z,2026-08-17T18:48:05Z,
159.223.75.226,ipv4,malicious-ip,medium,WHITE,ziyadnz/hourly-ipv4,ziyadnz|hourly,2026-08-17T18:48:05Z,2026-08-17T18:48:05Z,
159.223.76.133,ipv4,malicious-ip,medium,WHITE,ziyadnz/hourly-ipv4,ziyadnz|hourly,2026-08-17T18:48:05Z,2026-08-17T18:48:05Z,
159.223.78.36,ipv4,malicious-ip,medium,WHITE,ziyadnz/hourly-ipv4,ziyadnz|hourly,2026-08-17T18:48:05Z,2026-08-17T18:48:05Z,
159.223.80.246,ipv4,malicious-ip,medium,WHITE,ziyadnz/hourly-ipv4,ziyadnz|hourly,2026-08-17T18:48:05Z,2026-08-17T18:48:05Z,
159.223.82.74,ipv4,malicious-ip,medium,WHITE,ziyadnz/hourly-ipv4,ziyadnz|hourly,2026-08-17T18:48:05Z,2026-08-17T18:48:05Z,
159.223.84.229,ipv4,malicious-ip,medium,WHITE,ziyadnz/hourly-ipv4,ziyadnz|hourly,2026-08-17T18:48:05Z,2026-08-17T18:48:05Z,
159.223.85.210,ipv4,malicious-ip,medium,WHITE,ziyadnz/hourly-ipv4,ziyadnz|hourly,2026-08-17T18:48:05Z,2026-08-17T18:48:05Z,
159.223.91.211,ipv4,malicious-ip,medium,WHITE,ziyadnz/hourly-ipv4,ziyadnz|hourly,2026-08-17T18:48:05Z,2026-08-17T18:48:05Z,
159.223.92.200,ipv4,malicious-ip,medium,WHITE,ziyadnz/hourly-ipv4,ziyadnz|hourly,2026-08-17T18:48:05Z,2026-08-17T18:48:05Z,
159.223.93.19,ipv4,malicious-ip,medium,WHITE,ziyadnz/hourly-ipv4,ziyadnz|hourly,2026-08-17T18:48:05Z,2026-08-17T18:48:05Z,
159.223.94.24,ipv4,malicious-ip,medium,WHITE,ziyadnz/hourly-ipv4,ziyadnz|hourly,2026-08-17T18:48:05Z,2026-08-17T18:48:05Z,
159.223.96.160,ipv4,malicious-ip,medium,WHITE,ziyadnz/hourly-ipv4,ziyadnz|hourly,2026-08-17T18:48:05Z,2026-08-17T18:48:05Z,
159.223.99.71,ipv4,malicious-ip,medium,WHITE,ziyadnz/hourly-ipv4,ziyadnz|hourly,2026-08-17T18:48:05Z,2026-08-17T18:48:05Z,
159.224.180.40,ipv4,malicious-ip,medium,WHITE,ziyadnz/hourly-ipv4,ziyadnz|hourly,2026-08-17T18:48:05Z,2026-08-17T18:48:05Z,
159.224.181.71,ipv4,malicious-ip,medium,WHITE,ziyadnz/hourly-ipv4,ziyadnz|hourly,2026-08-17T18:48:05Z,2026-08-17T18:48:05Z,
159.224.181.73,ipv4,malicious-ip,medium,WHITE,ziyadnz/hourly-ipv4,ziyadnz|hourly,2026-08-17T18:48:05Z,2026-08-17T18:48:05Z,
159.224.215.25,ipv4,malicious-ip,medium,WHITE,ziyadnz/hourly-ipv4,ziyadnz|hourly,2026-08-17T18:48:05Z,2026-08-17T18:48:05Z,
159.224.215.55,ipv4,malicious-ip,medium,WHITE,ziyadnz/hourly-ipv4,ziyadnz|hourly,2026-08-17T18:48:05Z,2026-08-17T18:48:05Z,
159.224.216.38,ipv4,malicious-ip,medium,WHITE,ziyadnz/hourly-ipv4,ziyadnz|hourly,2026-08-17T18:48:05Z,2026-08-17T18:48:05Z,
159.224.216.41,ipv4,malicious-ip,medium,WHITE,ziyadnz/hourly-ipv4,ziyadnz|hourly,2026-08-17T18:48:05Z,2026-08-17T18:48:05Z,
159.224.229.33,ipv4,malicious-ip,medium,WHITE,ziyadnz/hourly-ipv4,ziyadnz|hourly,2026-08-17T18:48:05Z,2026-08-17T18:48:05Z,
159.224.229.5,ipv4,malicious-ip,medium,WHITE,ziyadnz/hourly-ipv4,ziyadnz|hourly,2026-08-17T18:48:05Z,2026-08-17T18:48:05Z,
159.224.64.19,ipv4,malicious-ip,medium,WHITE,ziyadnz/hourly-ipv4,ziyadnz|hourly,2026-08-17T18:48:05Z,2026-08-17T18:48:05Z,
159.224.64.194,ipv4,malicious-ip,medium,WHITE,ziyadnz/hourly-ipv4,ziyadnz|hourly,2026-08-17T18:48:05Z,2026-08-17T18:48:05Z,
159.242.42.20,ipv4,malicious-ip,medium,WHITE,ziyadnz/hourly-ipv4,ziyadnz|hourly,2026-08-17T18:48:05Z,2026-08-17T18:48:05Z,
159.253.33.220,ipv4,malicious-ip,medium,WHITE,ziyadnz/hourly-ipv4,ziyadnz|hourly,2026-08-17T18:48:05Z,2026-08-17T18:48:05Z,
159.26.110.31,ipv4,malicious-ip,medium,WHITE,ziyadnz/hourly-ipv4,ziyadnz|hourly,2026-08-17T18:48:05Z,2026-08-17T18:48:05Z,
159.26.120.21,ipv4,malicious-ip,medium,WHITE,ziyadnz/hourly-ipv4,ziyadnz|hourly,2026-08-17T18:48:05Z,2026-08-17T18:48:05Z,
159.26.120.29,ipv4,malicious-ip,medium,WHITE,ziyadnz/hourly-ipv4,ziyadnz|hourly,2026-08-17T18:48:05Z,2026-08-17T18:48:05Z,
159.26.120.39,ipv4,malicious-ip,medium,WHITE,ziyadnz/hourly-ipv4,ziyadnz|hourly,2026-08-17T18:48:05Z,2026-08-17T18:48:05Z,
159.26.120.49,ipv4,malicious-ip,medium,WHITE,ziyadnz/hourly-ipv4,ziyadnz|hourly,2026-08-17T18:48:05Z,2026-08-17T18:48:05Z,
159.28.70.186,ipv4,malicious-ip,medium,WHITE,ziyadnz/hourly-ipv4,ziyadnz|hourly,2026-08-17T18:48:05Z,2026-08-17T18:48:05Z,
159.33.75.250,ipv4,malicious-ip,medium,WHITE,ziyadnz/hourly-ipv4,ziyadnz|hourly,2026-08-17T18:48:05Z,2026-08-17T18:48:05Z,
159.65.1.75,ipv4,malicious-ip,medium,WHITE,ziyadnz/hourly-ipv4,ziyadnz|hourly,2026-08-17T18:48:05Z,2026-08-17T18:48:05Z,
159.65.105.204,ipv4,malicious-ip,medium,WHITE,ziyadnz/hourly-ipv4,ziyadnz|hourly,2026-08-17T18:48:05Z,2026-08-17T18:48:05Z,
159.65.112.146,ipv4,malicious-ip,medium,WHITE,ziyadnz/hourly-ipv4,ziyadnz|hourly,2026-08-17T18:48:05Z,2026-08-17T18:48:05Z,
159.65.117.91,ipv4,malicious-ip,medium,WHITE,ziyadnz/hourly-ipv4,ziyadnz|hourly,2026-08-17T18:48:05Z,2026-08-17T18:48:05Z,
159.65.120.213,ipv4,malicious-ip,medium,WHITE,ziyadnz/hourly-ipv4,ziyadnz|hourly,2026-08-17T18:48:05Z,2026-08-17T18:48:05Z,
159.65.121.169,ipv4,malicious-ip,medium,WHITE,ziyadnz/hourly-ipv4,ziyadnz|hourly,2026-08-17T18:48:05Z,2026-08-17T18:48:05Z,
159.65.123.122,ipv4,malicious-ip,medium,WHITE,ziyadnz/hourly-ipv4,ziyadnz|hourly,2026-08-17T18:48:05Z,2026-08-17T18:48:05Z,
159.65.124.254,ipv4,malicious-ip,medium,WHITE,ziyadnz/hourly-ipv4,ziyadnz|hourly,2026-08-17T18:48:05Z,2026-08-17T18:48:05Z,
159.65.126.187,ipv4,malicious-ip,medium,WHITE,ziyadnz/hourly-ipv4,ziyadnz|hourly,2026-08-17T18:48:05Z,2026-08-17T18:48:05Z,
159.65.126.60,ipv4,malicious-ip,medium,WHITE,ziyadnz/hourly-ipv4,ziyadnz|hourly,2026-08-17T18:48:05Z,2026-08-17T18:48:05Z,
159.65.128.12,ipv4,malicious-ip,medium,WHITE,ziyadnz/hourly-ipv4,ziyadnz|hourly,2026-08-17T18:48:05Z,2026-08-17T18:48:05Z,
159.65.13.11,ipv4,malicious-ip,medium,WHITE,ziyadnz/hourly-ipv4,ziyadnz|hourly,2026-08-17T18:48:05Z,2026-08-17T18:48:05Z,
159.65.130.146,ipv4,malicious-ip,medium,WHITE,ziyadnz/hourly-ipv4,ziyadnz|hourly,2026-08-17T18:48:05Z,2026-08-17T18:48:05Z,
159.65.133.67,ipv4,malicious-ip,medium,WHITE,ziyadnz/hourly-ipv4,ziyadnz|hourly,2026-08-17T18:48:05Z,2026-08-17T18:48:05Z,
159.65.138.39,ipv4,malicious-ip,medium,WHITE,ziyadnz/hourly-ipv4,ziyadnz|hourly,2026-08-17T18:48:05Z,2026-08-17T18:48:05Z,
159.65.143.47,ipv4,malicious-ip,medium,WHITE,ziyadnz/hourly-ipv4,ziyadnz|hourly,2026-08-17T18:48:05Z,2026-08-17T18:48:05Z,
159.65.144.72,ipv4,malicious-ip,medium,WHITE,ziyadnz/hourly-ipv4,ziyadnz|hourly,2026-08-17T18:48:05Z,2026-08-17T18:48:05Z,
159.65.146.80,ipv4,malicious-ip,medium,WHITE,ziyadnz/hourly-ipv4,ziyadnz|hourly,2026-08-17T18:48:05Z,2026-08-17T18:48:05Z,
159.65.148.75,ipv4,malicious-ip,medium,WHITE,ziyadnz/hourly-ipv4,ziyadnz|hourly,2026-08-17T18:48:05Z,2026-08-17T18:48:05Z,
159.65.149.131,ipv4,malicious-ip,medium,WHITE,ziyadnz/hourly-ipv4,ziyadnz|hourly,2026-08-17T18:48:05Z,2026-08-17T18:48:05Z,
159.65.153.141,ipv4,malicious-ip,medium,WHITE,ziyadnz/hourly-ipv4,ziyadnz|hourly,2026-08-17T18:48:05Z,2026-08-17T18:48:05Z,
159.65.153.68,ipv4,malicious-ip,medium,WHITE,ziyadnz/hourly-ipv4,ziyadnz|hourly,2026-08-17T18:48:05Z,2026-08-17T18:48:05Z,
159.65.156.200,ipv4,malicious-ip,medium,WHITE,ziyadnz/hourly-ipv4,ziyadnz|hourly,2026-08-17T18:48:05Z,2026-08-17T18:48:05Z,
159.65.162.113,ipv4,malicious-ip,medium,WHITE,ziyadnz/hourly-ipv4,ziyadnz|hourly,2026-08-17T18:48:05Z,2026-08-17T18:48:05Z,
159.65.168.103,ipv4,malicious-ip,medium,WHITE,ziyadnz/hourly-ipv4,ziyadnz|hourly,2026-08-17T18:48:05Z,2026-08-17T18:48:05Z,
159.65.169.156,ipv4,malicious-ip,medium,WHITE,ziyadnz/hourly-ipv4,ziyadnz|hourly,2026-08-17T18:48:05Z,2026-08-17T18:48:05Z,
159.65.17.13,ipv4,malicious-ip,medium,WHITE,ziyadnz/hourly-ipv4,ziyadnz|hourly,2026-08-17T18:48:05Z,2026-08-17T18:48:05Z,
159.65.17.223,ipv4,malicious-ip,medium,WHITE,ziyadnz/hourly-ipv4,ziyadnz|hourly,2026-08-17T18:48:05Z,2026-08-17T18:48:05Z,
159.65.173.138,ipv4,malicious-ip,medium,WHITE,ziyadnz/hourly-ipv4,ziyadnz|hourly,2026-08-17T18:48:05Z,2026-08-17T18:48:05Z,
159.65.18.187,ipv4,malicious-ip,medium,WHITE,ziyadnz/hourly-ipv4,ziyadnz|hourly,2026-08-17T18:48:05Z,2026-08-17T18:48:05Z,
159.65.18.197,ipv4,malicious-ip,medium,WHITE,ziyadnz/hourly-ipv4,ziyadnz|hourly,2026-08-17T18:48:05Z,2026-08-17T18:48:05Z,
159.65.182.236,ipv4,malicious-ip,medium,WHITE,ziyadnz/hourly-ipv4,ziyadnz|hourly,2026-08-17T18:48:05Z,2026-08-17T18:48:05Z,
159.65.191.148,ipv4,malicious-ip,medium,WHITE,ziyadnz/hourly-ipv4,ziyadnz|hourly,2026-08-17T18:48:05Z,2026-08-17T18:48:05Z,
159.65.191.190,ipv4,malicious-ip,medium,WHITE,ziyadnz/hourly-ipv4,ziyadnz|hourly,2026-08-17T18:48:05Z,2026-08-17T18:48:05Z,
159.65.193.17,ipv4,malicious-ip,medium,WHITE,ziyadnz/hourly-ipv4,ziyadnz|hourly,2026-08-17T18:48:05Z,2026-08-17T18:48:05Z,
159.65.201.63,ipv4,malicious-ip,medium,WHITE,ziyadnz/hourly-ipv4,ziyadnz|hourly,2026-08-17T18:48:05Z,2026-08-17T18:48:05Z,
159.65.202.204,ipv4,malicious-ip,medium,WHITE,ziyadnz/hourly-ipv4,ziyadnz|hourly,2026-08-17T18:48:05Z,2026-08-17T18:48:05Z,
159.65.203.76,ipv4,malicious-ip,medium,WHITE,ziyadnz/hourly-ipv4,ziyadnz|hourly,2026-08-17T18:48:05Z,2026-08-17T18:48:05Z,
159.65.205.30,ipv4,malicious-ip,medium,WHITE,ziyadnz/hourly-ipv4,ziyadnz|hourly,2026-08-17T18:48:05Z,2026-08-17T18:48:05Z,
159.65.219.189,ipv4,malicious-ip,medium,WHITE,ziyadnz/hourly-ipv4,ziyadnz|hourly,2026-08-17T18:48:05Z,2026-08-17T18:48:05Z,
159.65.222.122,ipv4,malicious-ip,medium,WHITE,ziyadnz/hourly-ipv4,ziyadnz|hourly,2026-08-17T18:48:05Z,2026-08-17T18:48:05Z,
159.65.222.96,ipv4,malicious-ip,medium,WHITE,ziyadnz/hourly-ipv4,ziyadnz|hourly,2026-08-17T18:48:05Z,2026-08-17T18:48:05Z,
159.65.223.126,ipv4,malicious-ip,medium,WHITE,ziyadnz/hourly-ipv4,ziyadnz|hourly,2026-08-17T18:48:05Z,2026-08-17T18:48:05Z,
159.65.228.159,ipv4,malicious-ip,medium,WHITE,ziyadnz/hourly-ipv4,ziyadnz|hourly,2026-08-17T18:48:05Z,2026-08-17T18:48:05Z,
159.65.229.137,ipv4,malicious-ip,medium,WHITE,ziyadnz/hourly-ipv4,ziyadnz|hourly,2026-08-17T18:48:05Z,2026-08-17T18:48:05Z,
159.65.229.44,ipv4,malicious-ip,medium,WHITE,ziyadnz/hourly-ipv4,ziyadnz|hourly,2026-08-17T18:48:05Z,2026-08-17T18:48:05Z,
159.65.23.84,ipv4,malicious-ip,medium,WHITE,ziyadnz/hourly-ipv4,ziyadnz|hourly,2026-08-17T18:48:05Z,2026-08-17T18:48:05Z,
159.65.232.134,ipv4,malicious-ip,medium,WHITE,ziyadnz/hourly-ipv4,ziyadnz|hourly,2026-08-17T18:48:05Z,2026-08-17T18:48:05Z,
159.65.232.184,ipv4,malicious-ip,medium,WHITE,ziyadnz/hourly-ipv4,ziyadnz|hourly,2026-08-17T18:48:05Z,2026-08-17T18:48:05Z,
159.65.233.253,ipv4,malicious-ip,medium,WHITE,ziyadnz/hourly-ipv4,ziyadnz|hourly,2026-08-17T18:48:05Z,2026-08-17T18:48:05Z,
159.65.236.178,ipv4,malicious-ip,medium,WHITE,ziyadnz/hourly-ipv4,ziyadnz|hourly,2026-08-17T18:48:05Z,2026-08-17T18:48:05Z,
159.65.239.11,ipv4,malicious-ip,medium,WHITE,ziyadnz/hourly-ipv4,ziyadnz|hourly,2026-08-17T18:48:05Z,2026-08-17T18:48:05Z,
159.65.246.188,ipv4,malicious-ip,medium,WHITE,ziyadnz/hourly-ipv4,ziyadnz|hourly,2026-08-17T18:48:05Z,2026-08-17T18:48:05Z,
159.65.247.214,ipv4,malicious-ip,medium,WHITE,ziyadnz/hourly-ipv4,ziyadnz|hourly,2026-08-17T18:48:05Z,2026-08-17T18:48:05Z,
159.65.25.205,ipv4,malicious-ip,medium,WHITE,ziyadnz/hourly-ipv4,ziyadnz|hourly,2026-08-17T18:48:05Z,2026-08-17T18:48:05Z,
159.65.29.204,ipv4,malicious-ip,medium,WHITE,ziyadnz/hourly-ipv4,ziyadnz|hourly,2026-08-17T18:48:05Z,2026-08-17T18:48:05Z,
159.65.35.156,ipv4,malicious-ip,medium,WHITE,ziyadnz/hourly-ipv4,ziyadnz|hourly,2026-08-17T18:48:05Z,2026-08-17T18:48:05Z,
159.65.36.255,ipv4,malicious-ip,medium,WHITE,ziyadnz/hourly-ipv4,ziyadnz|hourly,2026-08-17T18:48:05Z,2026-08-17T18:48:05Z,
159.65.38.225,ipv4,malicious-ip,medium,WHITE,ziyadnz/hourly-ipv4,ziyadnz|hourly,2026-08-17T18:48:05Z,2026-08-17T18:48:05Z,
159.65.39.122,ipv4,malicious-ip,medium,WHITE,ziyadnz/hourly-ipv4,ziyadnz|hourly,2026-08-17T18:48:05Z,2026-08-17T18:48:05Z,
159.65.46.108,ipv4,malicious-ip,medium,WHITE,ziyadnz/hourly-ipv4,ziyadnz|hourly,2026-08-17T18:48:05Z,2026-08-17T18:48:05Z,
159.65.47.179,ipv4,malicious-ip,medium,WHITE,ziyadnz/hourly-ipv4,ziyadnz|hourly,2026-08-17T18:48:05Z,2026-08-17T18:48:05Z,
159.65.49.75,ipv4,malicious-ip,medium,WHITE,ziyadnz/hourly-ipv4,ziyadnz|hourly,2026-08-17T18:48:05Z,2026-08-17T18:48:05Z,
159.65.5.48,ipv4,malicious-ip,medium,WHITE,ziyadnz/hourly-ipv4,ziyadnz|hourly,2026-08-17T18:48:05Z,2026-08-17T18:48:05Z,
159.65.5.91,ipv4,malicious-ip,medium,WHITE,ziyadnz/hourly-ipv4,ziyadnz|hourly,2026-08-17T18:48:05Z,2026-08-17T18:48:05Z,
159.65.54.130,ipv4,malicious-ip,medium,WHITE,ziyadnz/hourly-ipv4,ziyadnz|hourly,2026-08-17T18:48:05Z,2026-08-17T18:48:05Z,
159.65.55.228,ipv4,malicious-ip,medium,WHITE,ziyadnz/hourly-ipv4,ziyadnz|hourly,2026-08-17T18:48:05Z,2026-08-17T18:48:05Z,
159.65.60.87,ipv4,malicious-ip,medium,WHITE,ziyadnz/hourly-ipv4,ziyadnz|hourly,2026-08-17T18:48:05Z,2026-08-17T18:48:05Z,
159.65.63.162,ipv4,malicious-ip,medium,WHITE,ziyadnz/hourly-ipv4,ziyadnz|hourly,2026-08-17T18:48:05Z,2026-08-17T18:48:05Z,
159.65.65.228,ipv4,malicious-ip,medium,WHITE,ziyadnz/hourly-ipv4,ziyadnz|hourly,2026-08-17T18:48:05Z,2026-08-17T18:48:05Z,
159.65.68.128,ipv4,malicious-ip,medium,WHITE,ziyadnz/hourly-ipv4,ziyadnz|hourly,2026-08-17T18:48:05Z,2026-08-17T18:48:05Z,
159.65.69.149,ipv4,malicious-ip,medium,WHITE,ziyadnz/hourly-ipv4,ziyadnz|hourly,2026-08-17T18:48:05Z,2026-08-17T18:48:05Z,
159.65.8.117,ipv4,malicious-ip,medium,WHITE,ziyadnz/hourly-ipv4,ziyadnz|hourly,2026-08-17T18:48:05Z,2026-08-17T18:48:05Z,
159.65.8.42,ipv4,malicious-ip,medium,WHITE,ziyadnz/hourly-ipv4,ziyadnz|hourly,2026-08-17T18:48:05Z,2026-08-17T18:48:05Z,
159.65.8.74,ipv4,malicious-ip,medium,WHITE,ziyadnz/hourly-ipv4,ziyadnz|hourly,2026-08-17T18:48:05Z,2026-08-17T18:48:05Z,
159.65.88.10,ipv4,malicious-ip,medium,WHITE,ziyadnz/hourly-ipv4,ziyadnz|hourly,2026-08-17T18:48:05Z,2026-08-17T18:48:05Z,
159.69.115.161,ipv4,malicious-ip,medium,WHITE,ziyadnz/hourly-ipv4,ziyadnz|hourly,2026-08-17T18:48:05Z,2026-08-17T18:48:05Z,
159.69.119.8,ipv4,malicious-ip,medium,WHITE,ziyadnz/hourly-ipv4,ziyadnz|hourly,2026-08-17T18:48:05Z,2026-08-17T18:48:05Z,
159.69.126.211,ipv4,malicious-ip,medium,WHITE,ziyadnz/hourly-ipv4,ziyadnz|hourly,2026-08-17T18:48:05Z,2026-08-17T18:48:05Z,
159.69.127.108,ipv4,malicious-ip,medium,WHITE,ziyadnz/hourly-ipv4,ziyadnz|hourly,2026-08-17T18:48:05Z,2026-08-17T18:48:05Z,
159.69.141.98,ipv4,malicious-ip,medium,WHITE,ziyadnz/hourly-ipv4,ziyadnz|hourly,2026-08-17T18:48:05Z,2026-08-17T18:48:05Z,
159.69.183.152,ipv4,malicious-ip,medium,WHITE,ziyadnz/hourly-ipv4,ziyadnz|hourly,2026-08-17T18:48:05Z,2026-08-17T18:48:05Z,
159.69.246.128,ipv4,malicious-ip,medium,WHITE,ziyadnz/hourly-ipv4,ziyadnz|hourly,2026-08-17T18:48:05Z,2026-08-17T18:48:05Z,
159.69.3.151,ipv4,malicious-ip,medium,WHITE,ziyadnz/hourly-ipv4,ziyadnz|hourly,2026-08-17T18:48:05Z,2026-08-17T18:48:05Z,
159.69.84.11,ipv4,malicious-ip,medium,WHITE,ziyadnz/hourly-ipv4,ziyadnz|hourly,2026-08-17T18:48:05Z,2026-08-17T18:48:05Z,
159.75.0.61,ipv4,malicious-ip,medium,WHITE,ziyadnz/hourly-ipv4,ziyadnz|hourly,2026-08-17T18:48:05Z,2026-08-17T18:48:05Z,
159.75.115.184,ipv4,malicious-ip,medium,WHITE,ziyadnz/hourly-ipv4,ziyadnz|hourly,2026-08-17T18:48:05Z,2026-08-17T18:48:05Z,
159.75.119.142,ipv4,malicious-ip,medium,WHITE,ziyadnz/hourly-ipv4,ziyadnz|hourly,2026-08-17T18:48:05Z,2026-08-17T18:48:05Z,
159.75.172.124,ipv4,malicious-ip,medium,WHITE,ziyadnz/hourly-ipv4,ziyadnz|hourly,2026-08-17T18:48:05Z,2026-08-17T18:48:05Z,
159.75.180.90,ipv4,malicious-ip,medium,WHITE,ziyadnz/hourly-ipv4,ziyadnz|hourly,2026-08-17T18:48:05Z,2026-08-17T18:48:05Z,
159.75.245.35,ipv4,malicious-ip,medium,WHITE,ziyadnz/hourly-ipv4,ziyadnz|hourly,2026-08-17T18:48:05Z,2026-08-17T18:48:05Z,
159.75.81.121,ipv4,malicious-ip,medium,WHITE,ziyadnz/hourly-ipv4,ziyadnz|hourly,2026-08-17T18:48:05Z,2026-08-17T18:48:05Z,
159.75.86.23,ipv4,malicious-ip,medium,WHITE,ziyadnz/hourly-ipv4,ziyadnz|hourly,2026-08-17T18:48:05Z,2026-08-17T18:48:05Z,
159.75.88.82,ipv4,malicious-ip,medium,WHITE,ziyadnz/hourly-ipv4,ziyadnz|hourly,2026-08-17T18:48:05Z,2026-08-17T18:48:05Z,
159.8.59.82,ipv4,malicious-ip,medium,WHITE,ziyadnz/hourly-ipv4,ziyadnz|hourly,2026-08-17T18:48:05Z,2026-08-17T18:48:05Z,
159.89.109.165,ipv4,malicious-ip,medium,WHITE,ziyadnz/hourly-ipv4,ziyadnz|hourly,2026-08-17T18:48:05Z,2026-08-17T18:48:05Z,
159.89.117.122,ipv4,malicious-ip,medium,WHITE,ziyadnz/hourly-ipv4,ziyadnz|hourly,2026-08-17T18:48:05Z,2026-08-17T18:48:05Z,
159.89.118.41,ipv4,malicious-ip,medium,WHITE,ziyadnz/hourly-ipv4,ziyadnz|hourly,2026-08-17T18:48:05Z,2026-08-17T18:48:05Z,
159.89.12.166,ipv4,malicious-ip,medium,WHITE,ziyadnz/hourly-ipv4,ziyadnz|hourly,2026-08-17T18:48:05Z,2026-08-17T18:48:05Z,
159.89.120.191,ipv4,malicious-ip,medium,WHITE,ziyadnz/hourly-ipv4,ziyadnz|hourly,2026-08-17T18:48:05Z,2026-08-17T18:48:05Z,
159.89.120.28,ipv4,malicious-ip,medium,WHITE,ziyadnz/hourly-ipv4,ziyadnz|hourly,2026-08-17T18:48:05Z,2026-08-17T18:48:05Z,
159.89.123.178,ipv4,malicious-ip,medium,WHITE,ziyadnz/hourly-ipv4,ziyadnz|hourly,2026-08-17T18:48:05Z,2026-08-17T18:48:05Z,
159.89.124.112,ipv4,malicious-ip,medium,WHITE,ziyadnz/hourly-ipv4,ziyadnz|hourly,2026-08-17T18:48:05Z,2026-08-17T18:48:05Z,
159.89.126.252,ipv4,malicious-ip,medium,WHITE,ziyadnz/hourly-ipv4,ziyadnz|hourly,2026-08-17T18:48:05Z,2026-08-17T18:48:05Z,
159.89.127.165,ipv4,malicious-ip,medium,WHITE,ziyadnz/hourly-ipv4,ziyadnz|hourly,2026-08-17T18:48:05Z,2026-08-17T18:48:05Z,
159.89.127.190,ipv4,malicious-ip,medium,WHITE,ziyadnz/hourly-ipv4,ziyadnz|hourly,2026-08-17T18:48:05Z,2026-08-17T18:48:05Z,
159.89.132.71,ipv4,malicious-ip,medium,WHITE,ziyadnz/hourly-ipv4,ziyadnz|hourly,2026-08-17T18:48:05Z,2026-08-17T18:48:05Z,
159.89.133.107,ipv4,malicious-ip,medium,WHITE,ziyadnz/hourly-ipv4,ziyadnz|hourly,2026-08-17T18:48:05Z,2026-08-17T18:48:05Z,
159.89.133.65,ipv4,malicious-ip,medium,WHITE,ziyadnz/hourly-ipv4,ziyadnz|hourly,2026-08-17T18:48:05Z,2026-08-17T18:48:05Z,
159.89.135.245,ipv4,malicious-ip,medium,WHITE,ziyadnz/hourly-ipv4,ziyadnz|hourly,2026-08-17T18:48:05Z,2026-08-17T18:48:05Z,
159.89.136.115,ipv4,malicious-ip,medium,WHITE,ziyadnz/hourly-ipv4,ziyadnz|hourly,2026-08-17T18:48:05Z,2026-08-17T18:48:05Z,
159.89.138.244,ipv4,malicious-ip,medium,WHITE,ziyadnz/hourly-ipv4,ziyadnz|hourly,2026-08-17T18:48:05Z,2026-08-17T18:48:05Z,
159.89.140.183,ipv4,malicious-ip,medium,WHITE,ziyadnz/hourly-ipv4,ziyadnz|hourly,2026-08-17T18:48:05Z,2026-08-17T18:48:05Z,
159.89.141.114,ipv4,malicious-ip,medium,WHITE,ziyadnz/hourly-ipv4,ziyadnz|hourly,2026-08-17T18:48:05Z,2026-08-17T18:48:05Z,
159.89.146.102,ipv4,malicious-ip,medium,WHITE,ziyadnz/hourly-ipv4,ziyadnz|hourly,2026-08-17T18:48:05Z,2026-08-17T18:48:05Z,
159.89.153.50,ipv4,malicious-ip,medium,WHITE,ziyadnz/hourly-ipv4,ziyadnz|hourly,2026-08-17T18:48:05Z,2026-08-17T18:48:05Z,
159.89.154.198,ipv4,malicious-ip,medium,WHITE,ziyadnz/hourly-ipv4,ziyadnz|hourly,2026-08-17T18:48:05Z,2026-08-17T18:48:05Z,
159.89.155.166,ipv4,malicious-ip,medium,WHITE,ziyadnz/hourly-ipv4,ziyadnz|hourly,2026-08-17T18:48:05Z,2026-08-17T18:48:05Z,
159.89.156.116,ipv4,malicious-ip,medium,WHITE,ziyadnz/hourly-ipv4,ziyadnz|hourly,2026-08-17T18:48:05Z,2026-08-17T18:48:05Z,
159.89.158.247,ipv4,malicious-ip,medium,WHITE,ziyadnz/hourly-ipv4,ziyadnz|hourly,2026-08-17T18:48:05Z,2026-08-17T18:48:05Z,
159.89.171.139,ipv4,malicious-ip,medium,WHITE,ziyadnz/hourly-ipv4,ziyadnz|hourly,2026-08-17T18:48:05Z,2026-08-17T18:48:05Z,
159.89.173.223,ipv4,malicious-ip,medium,WHITE,ziyadnz/hourly-ipv4,ziyadnz|hourly,2026-08-17T18:48:05Z,2026-08-17T18:48:05Z,
159.89.173.30,ipv4,malicious-ip,medium,WHITE,ziyadnz/hourly-ipv4,ziyadnz|hourly,2026-08-17T18:48:05Z,2026-08-17T18:48:05Z,
159.89.174.119,ipv4,malicious-ip,medium,WHITE,ziyadnz/hourly-ipv4,ziyadnz|hourly,2026-08-17T18:48:05Z,2026-08-17T18:48:05Z,
159.89.174.87,ipv4,malicious-ip,medium,WHITE,ziyadnz/hourly-ipv4,ziyadnz|hourly,2026-08-17T18:48:05Z,2026-08-17T18:48:05Z,
159.89.181.216,ipv4,malicious-ip,medium,WHITE,ziyadnz/hourly-ipv4,ziyadnz|hourly,2026-08-17T18:48:05Z,2026-08-17T18:48:05Z,
159.89.182.110,ipv4,malicious-ip,medium,WHITE,ziyadnz/hourly-ipv4,ziyadnz|hourly,2026-08-17T18:48:05Z,2026-08-17T18:48:05Z,
159.89.182.141,ipv4,malicious-ip,medium,WHITE,ziyadnz/hourly-ipv4,ziyadnz|hourly,2026-08-17T18:48:05Z,2026-08-17T18:48:05Z,
159.89.188.79,ipv4,malicious-ip,medium,WHITE,ziyadnz/hourly-ipv4,ziyadnz|hourly,2026-08-17T18:48:05Z,2026-08-17T18:48:05Z,
159.89.190.217,ipv4,malicious-ip,medium,WHITE,ziyadnz/hourly-ipv4,ziyadnz|hourly,2026-08-17T18:48:05Z,2026-08-17T18:48:05Z,
159.89.192.239,ipv4,malicious-ip,medium,WHITE,ziyadnz/hourly-ipv4,ziyadnz|hourly,2026-08-17T18:48:05Z,2026-08-17T18:48:05Z,
159.89.192.85,ipv4,malicious-ip,medium,WHITE,ziyadnz/hourly-ipv4,ziyadnz|hourly,2026-08-17T18:48:05Z,2026-08-17T18:48:05Z,
159.89.196.141,ipv4,malicious-ip,medium,WHITE,ziyadnz/hourly-ipv4,ziyadnz|hourly,2026-08-17T18:48:05Z,2026-08-17T18:48:05Z,
159.89.196.62,ipv4,malicious-ip,medium,WHITE,ziyadnz/hourly-ipv4,ziyadnz|hourly,2026-08-17T18:48:05Z,2026-08-17T18:48:05Z,
159.89.20.134,ipv4,malicious-ip,medium,WHITE,ziyadnz/hourly-ipv4,ziyadnz|hourly,2026-08-17T18:48:05Z,2026-08-17T18:48:05Z,
159.89.20.162,ipv4,malicious-ip,medium,WHITE,ziyadnz/hourly-ipv4,ziyadnz|hourly,2026-08-17T18:48:05Z,2026-08-17T18:48:05Z,
159.89.202.177,ipv4,malicious-ip,medium,WHITE,ziyadnz/hourly-ipv4,ziyadnz|hourly,2026-08-17T18:48:05Z,2026-08-17T18:48:05Z,
159.89.206.171,ipv4,malicious-ip,medium,WHITE,ziyadnz/hourly-ipv4,ziyadnz|hourly,2026-08-17T18:48:05Z,2026-08-17T18:48:05Z,
159.89.207.161,ipv4,malicious-ip,medium,WHITE,ziyadnz/hourly-ipv4,ziyadnz|hourly,2026-08-17T18:48:05Z,2026-08-17T18:48:05Z,
159.89.225.170,ipv4,malicious-ip,medium,WHITE,ziyadnz/hourly-ipv4,ziyadnz|hourly,2026-08-17T18:48:05Z,2026-08-17T18:48:05Z,
159.89.226.127,ipv4,malicious-ip,medium,WHITE,ziyadnz/hourly-ipv4,ziyadnz|hourly,2026-08-17T18:48:05Z,2026-08-17T18:48:05Z,
159.89.228.57,ipv4,malicious-ip,medium,WHITE,ziyadnz/hourly-ipv4,ziyadnz|hourly,2026-08-17T18:48:05Z,2026-08-17T18:48:05Z,
159.89.229.96,ipv4,malicious-ip,medium,WHITE,ziyadnz/hourly-ipv4,ziyadnz|hourly,2026-08-17T18:48:05Z,2026-08-17T18:48:05Z,
159.89.231.111,ipv4,malicious-ip,medium,WHITE,ziyadnz/hourly-ipv4,ziyadnz|hourly,2026-08-17T18:48:05Z,2026-08-17T18:48:05Z,
159.89.232.249,ipv4,malicious-ip,medium,WHITE,ziyadnz/hourly-ipv4,ziyadnz|hourly,2026-08-17T18:48:05Z,2026-08-17T18:48:05Z,
159.89.233.140,ipv4,malicious-ip,medium,WHITE,ziyadnz/hourly-ipv4,ziyadnz|hourly,2026-08-17T18:48:05Z,2026-08-17T18:48:05Z,
159.89.237.100,ipv4,malicious-ip,medium,WHITE,ziyadnz/hourly-ipv4,ziyadnz|hourly,2026-08-17T18:48:05Z,2026-08-17T18:48:05Z,
159.89.32.115,ipv4,malicious-ip,medium,WHITE,ziyadnz/hourly-ipv4,ziyadnz|hourly,2026-08-17T18:48:05Z,2026-08-17T18:48:05Z,
159.89.35.7,ipv4,malicious-ip,medium,WHITE,ziyadnz/hourly-ipv4,ziyadnz|hourly,2026-08-17T18:48:05Z,2026-08-17T18:48:05Z,
159.89.39.48,ipv4,malicious-ip,medium,WHITE,ziyadnz/hourly-ipv4,ziyadnz|hourly,2026-08-17T18:48:05Z,2026-08-17T18:48:05Z,
159.89.4.92,ipv4,malicious-ip,medium,WHITE,ziyadnz/hourly-ipv4,ziyadnz|hourly,2026-08-17T18:48:05Z,2026-08-17T18:48:05Z,
159.89.47.41,ipv4,malicious-ip,medium,WHITE,ziyadnz/hourly-ipv4,ziyadnz|hourly,2026-08-17T18:48:05Z,2026-08-17T18:48:05Z,
159.89.48.83,ipv4,malicious-ip,medium,WHITE,ziyadnz/hourly-ipv4,ziyadnz|hourly,2026-08-17T18:48:05Z,2026-08-17T18:48:05Z,
159.89.50.141,ipv4,malicious-ip,medium,WHITE,ziyadnz/hourly-ipv4,ziyadnz|hourly,2026-08-17T18:48:05Z,2026-08-17T18:48:05Z,
159.89.50.225,ipv4,malicious-ip,medium,WHITE,ziyadnz/hourly-ipv4,ziyadnz|hourly,2026-08-17T18:48:05Z,2026-08-17T18:48:05Z,
159.89.54.180,ipv4,malicious-ip,medium,WHITE,ziyadnz/hourly-ipv4,ziyadnz|hourly,2026-08-17T18:48:05Z,2026-08-17T18:48:05Z,
159.89.6.79,ipv4,malicious-ip,medium,WHITE,ziyadnz/hourly-ipv4,ziyadnz|hourly,2026-08-17T18:48:05Z,2026-08-17T18:48:05Z,
159.89.7.242,ipv4,malicious-ip,medium,WHITE,ziyadnz/hourly-ipv4,ziyadnz|hourly,2026-08-17T18:48:05Z,2026-08-17T18:48:05Z,
159.89.80.50,ipv4,malicious-ip,medium,WHITE,ziyadnz/hourly-ipv4,ziyadnz|hourly,2026-08-17T18:48:05Z,2026-08-17T18:48:05Z,
159.89.84.136,ipv4,malicious-ip,medium,WHITE,ziyadnz/hourly-ipv4,ziyadnz|hourly,2026-08-17T18:48:05Z,2026-08-17T18:48:05Z,
159.89.86.64,ipv4,malicious-ip,medium,WHITE,ziyadnz/hourly-ipv4,ziyadnz|hourly,2026-08-17T18:48:05Z,2026-08-17T18:48:05Z,
159.89.90.0,ipv4,malicious-ip,medium,WHITE,ziyadnz/hourly-ipv4,ziyadnz|hourly,2026-08-17T18:48:05Z,2026-08-17T18:48:05Z,
159.89.90.109,ipv4,malicious-ip,medium,WHITE,ziyadnz/hourly-ipv4,ziyadnz|hourly,2026-08-17T18:48:05Z,2026-08-17T18:48:05Z,
159.89.90.118,ipv4,malicious-ip,medium,WHITE,ziyadnz/hourly-ipv4,ziyadnz|hourly,2026-08-17T18:48:05Z,2026-08-17T18:48:05Z,
159.89.91.71,ipv4,malicious-ip,medium,WHITE,ziyadnz/hourly-ipv4,ziyadnz|hourly,2026-08-17T18:48:05Z,2026-08-17T18:48:05Z,
159.89.95.214,ipv4,malicious-ip,medium,WHITE,ziyadnz/hourly-ipv4,ziyadnz|hourly,2026-08-17T18:48:05Z,2026-08-17T18:48:05Z,
159.89.98.241,ipv4,malicious-ip,medium,WHITE,ziyadnz/hourly-ipv4,ziyadnz|hourly,2026-08-17T18:48:05Z,2026-08-17T18:48:05Z,
159.89.99.16,ipv4,malicious-ip,medium,WHITE,ziyadnz/hourly-ipv4,ziyadnz|hourly,2026-08-17T18:48:05Z,2026-08-17T18:48:05Z,
16.146.94.35,ipv4,malicious-ip,medium,WHITE,ziyadnz/hourly-ipv4,ziyadnz|hourly,2026-08-17T18:48:05Z,2026-08-17T18:48:05Z,
16.170.114.19,ipv4,malicious-ip,medium,WHITE,ziyadnz/hourly-ipv4,ziyadnz|hourly,2026-08-17T18:48:05Z,2026-08-17T18:48:05Z,
16.170.240.99,ipv4,malicious-ip,medium,WHITE,ziyadnz/hourly-ipv4,ziyadnz|hourly,2026-08-17T18:48:05Z,2026-08-17T18:48:05Z,
16.171.1.42,ipv4,malicious-ip,medium,WHITE,ziyadnz/hourly-ipv4,ziyadnz|hourly,2026-08-17T18:48:05Z,2026-08-17T18:48:05Z,
16.171.13.232,ipv4,malicious-ip,medium,WHITE,ziyadnz/hourly-ipv4,ziyadnz|hourly,2026-08-17T18:48:05Z,2026-08-17T18:48:05Z,
16.171.197.182,ipv4,malicious-ip,medium,WHITE,ziyadnz/hourly-ipv4,ziyadnz|hourly,2026-08-17T18:48:05Z,2026-08-17T18:48:05Z,
16.171.200.141,ipv4,malicious-ip,medium,WHITE,ziyadnz/hourly-ipv4,ziyadnz|hourly,2026-08-17T18:48:05Z,2026-08-17T18:48:05Z,
16.171.66.197,ipv4,malicious-ip,medium,WHITE,ziyadnz/hourly-ipv4,ziyadnz|hourly,2026-08-17T18:48:05Z,2026-08-17T18:48:05Z,
16.176.125.156,ipv4,malicious-ip,medium,WHITE,ziyadnz/hourly-ipv4,ziyadnz|hourly,2026-08-17T18:48:05Z,2026-08-17T18:48:05Z,
16.176.125.169,ipv4,malicious-ip,medium,WHITE,ziyadnz/hourly-ipv4,ziyadnz|hourly,2026-08-17T18:48:05Z,2026-08-17T18:48:05Z,
16.176.125.201,ipv4,malicious-ip,medium,WHITE,ziyadnz/hourly-ipv4,ziyadnz|hourly,2026-08-17T18:48:05Z,2026-08-17T18:48:05Z,
16.208.77.45,ipv4,malicious-ip,medium,WHITE,ziyadnz/hourly-ipv4,ziyadnz|hourly,2026-08-17T18:48:05Z,2026-08-17T18:48:05Z,
16.58.56.214,ipv4,malicious-ip,medium,WHITE,ziyadnz/hourly-ipv4,ziyadnz|hourly,2026-08-17T18:48:05Z,2026-08-17T18:48:05Z,
16.98.68.148,ipv4,malicious-ip,medium,WHITE,ziyadnz/hourly-ipv4,ziyadnz|hourly,2026-08-17T18:48:05Z,2026-08-17T18:48:05Z,
16.98.95.16,ipv4,malicious-ip,medium,WHITE,ziyadnz/hourly-ipv4,ziyadnz|hourly,2026-08-17T18:48:05Z,2026-08-17T18:48:05Z,
160.119.130.26,ipv4,malicious-ip,medium,WHITE,ziyadnz/hourly-ipv4,ziyadnz|hourly,2026-08-17T18:48:05Z,2026-08-17T18:48:05Z,
160.119.153.28,ipv4,malicious-ip,medium,WHITE,ziyadnz/hourly-ipv4,ziyadnz|hourly,2026-08-17T18:48:05Z,2026-08-17T18:48:05Z,
160.119.192.161,ipv4,malicious-ip,medium,WHITE,ziyadnz/hourly-ipv4,ziyadnz|hourly,2026-08-17T18:48:05Z,2026-08-17T18:48:05Z,
160.119.236.81,ipv4,malicious-ip,medium,WHITE,ziyadnz/hourly-ipv4,ziyadnz|hourly,2026-08-17T18:48:05Z,2026-08-17T18:48:05Z,
160.119.249.235,ipv4,malicious-ip,medium,WHITE,ziyadnz/hourly-ipv4,ziyadnz|hourly,2026-08-17T18:48:05Z,2026-08-17T18:48:05Z,
160.119.249.240,ipv4,malicious-ip,medium,WHITE,ziyadnz/hourly-ipv4,ziyadnz|hourly,2026-08-17T18:48:05Z,2026-08-17T18:48:05Z,
160.119.250.96,ipv4,malicious-ip,medium,WHITE,ziyadnz/hourly-ipv4,ziyadnz|hourly,2026-08-17T18:48:05Z,2026-08-17T18:48:05Z,
160.119.253.242,ipv4,malicious-ip,medium,WHITE,ziyadnz/hourly-ipv4,ziyadnz|hourly,2026-08-17T18:48:05Z,2026-08-17T18:48:05Z,
160.119.253.36,ipv4,malicious-ip,medium,WHITE,ziyadnz/hourly-ipv4,ziyadnz|hourly,2026-08-17T18:48:05Z,2026-08-17T18:48:05Z,
160.119.62.132,ipv4,malicious-ip,medium,WHITE,ziyadnz/hourly-ipv4,ziyadnz|hourly,2026-08-17T18:48:05Z,2026-08-17T18:48:05Z,
160.119.64.3,ipv4,malicious-ip,medium,WHITE,ziyadnz/hourly-ipv4,ziyadnz|hourly,2026-08-17T18:48:05Z,2026-08-17T18:48:05Z,
160.119.66.11,ipv4,malicious-ip,medium,WHITE,ziyadnz/hourly-ipv4,ziyadnz|hourly,2026-08-17T18:48:05Z,2026-08-17T18:48:05Z,
160.119.66.167,ipv4,malicious-ip,medium,WHITE,ziyadnz/hourly-ipv4,ziyadnz|hourly,2026-08-17T18:48:05Z,2026-08-17T18:48:05Z,
160.119.66.41,ipv4,malicious-ip,medium,WHITE,ziyadnz/hourly-ipv4,ziyadnz|hourly,2026-08-17T18:48:05Z,2026-08-17T18:48:05Z,
160.119.66.48,ipv4,malicious-ip,medium,WHITE,ziyadnz/hourly-ipv4,ziyadnz|hourly,2026-08-17T18:48:05Z,2026-08-17T18:48:05Z,
160.119.66.49,ipv4,malicious-ip,medium,WHITE,ziyadnz/hourly-ipv4,ziyadnz|hourly,2026-08-17T18:48:05Z,2026-08-17T18:48:05Z,
160.119.66.50,ipv4,malicious-ip,medium,WHITE,ziyadnz/hourly-ipv4,ziyadnz|hourly,2026-08-17T18:48:05Z,2026-08-17T18:48:05Z,
160.119.66.51,ipv4,malicious-ip,medium,WHITE,ziyadnz/hourly-ipv4,ziyadnz|hourly,2026-08-17T18:48:05Z,2026-08-17T18:48:05Z,
160.119.66.52,ipv4,malicious-ip,medium,WHITE,ziyadnz/hourly-ipv4,ziyadnz|hourly,2026-08-17T18:48:05Z,2026-08-17T18:48:05Z,
160.119.66.53,ipv4,malicious-ip,medium,WHITE,ziyadnz/hourly-ipv4,ziyadnz|hourly,2026-08-17T18:48:05Z,2026-08-17T18:48:05Z,
160.119.69.16,ipv4,malicious-ip,medium,WHITE,ziyadnz/hourly-ipv4,ziyadnz|hourly,2026-08-17T18:48:05Z,2026-08-17T18:48:05Z,
160.119.71.121,ipv4,malicious-ip,medium,WHITE,ziyadnz/hourly-ipv4,ziyadnz|hourly,2026-08-17T18:48:05Z,2026-08-17T18:48:05Z,
160.119.71.135,ipv4,malicious-ip,medium,WHITE,ziyadnz/hourly-ipv4,ziyadnz|hourly,2026-08-17T18:48:05Z,2026-08-17T18:48:05Z,
160.119.71.211,ipv4,malicious-ip,medium,WHITE,ziyadnz/hourly-ipv4,ziyadnz|hourly,2026-08-17T18:48:05Z,2026-08-17T18:48:05Z,
160.119.71.9,ipv4,malicious-ip,medium,WHITE,ziyadnz/hourly-ipv4,ziyadnz|hourly,2026-08-17T18:48:05Z,2026-08-17T18:48:05Z,
160.119.71.92,ipv4,malicious-ip,medium,WHITE,ziyadnz/hourly-ipv4,ziyadnz|hourly,2026-08-17T18:48:05Z,2026-08-17T18:48:05Z,
160.119.76.0,ipv4,malicious-ip,medium,WHITE,ziyadnz/hourly-ipv4,ziyadnz|hourly,2026-08-17T18:48:05Z,2026-08-17T18:48:05Z,
160.119.76.118,ipv4,malicious-ip,medium,WHITE,ziyadnz/hourly-ipv4,ziyadnz|hourly,2026-08-17T18:48:05Z,2026-08-17T18:48:05Z,
160.119.76.119,ipv4,malicious-ip,medium,WHITE,ziyadnz/hourly-ipv4,ziyadnz|hourly,2026-08-17T18:48:05Z,2026-08-17T18:48:05Z,
160.119.76.15,ipv4,malicious-ip,medium,WHITE,ziyadnz/hourly-ipv4,ziyadnz|hourly,2026-08-17T18:48:05Z,2026-08-17T18:48:05Z,
160.119.76.18,ipv4,malicious-ip,medium,WHITE,ziyadnz/hourly-ipv4,ziyadnz|hourly,2026-08-17T18:48:05Z,2026-08-17T18:48:05Z,
160.119.76.24,ipv4,malicious-ip,medium,WHITE,ziyadnz/hourly-ipv4,ziyadnz|hourly,2026-08-17T18:48:05Z,2026-08-17T18:48:05Z,
160.119.76.27,ipv4,malicious-ip,medium,WHITE,ziyadnz/hourly-ipv4,ziyadnz|hourly,2026-08-17T18:48:05Z,2026-08-17T18:48:05Z,
160.119.76.33,ipv4,malicious-ip,medium,WHITE,ziyadnz/hourly-ipv4,ziyadnz|hourly,2026-08-17T18:48:05Z,2026-08-17T18:48:05Z,
160.119.76.42,ipv4,malicious-ip,medium,WHITE,ziyadnz/hourly-ipv4,ziyadnz|hourly,2026-08-17T18:48:05Z,2026-08-17T18:48:05Z,
160.119.76.46,ipv4,malicious-ip,medium,WHITE,ziyadnz/hourly-ipv4,ziyadnz|hourly,2026-08-17T18:48:05Z,2026-08-17T18:48:05Z,
160.119.76.5,ipv4,malicious-ip,medium,WHITE,ziyadnz/hourly-ipv4,ziyadnz|hourly,2026-08-17T18:48:05Z,2026-08-17T18:48:05Z,
160.119.76.54,ipv4,malicious-ip,medium,WHITE,ziyadnz/hourly-ipv4,ziyadnz|hourly,2026-08-17T18:48:05Z,2026-08-17T18:48:05Z,
160.119.76.64,ipv4,malicious-ip,medium,WHITE,ziyadnz/hourly-ipv4,ziyadnz|hourly,2026-08-17T18:48:05Z,2026-08-17T18:48:05Z,
160.119.76.7,ipv4,malicious-ip,medium,WHITE,ziyadnz/hourly-ipv4,ziyadnz|hourly,2026-08-17T18:48:05Z,2026-08-17T18:48:05Z,
160.120.140.123,ipv4,malicious-ip,medium,WHITE,ziyadnz/hourly-ipv4,ziyadnz|hourly,2026-08-17T18:48:05Z,2026-08-17T18:48:05Z,
160.120.147.184,ipv4,malicious-ip,medium,WHITE,ziyadnz/hourly-ipv4,ziyadnz|hourly,2026-08-17T18:48:05Z,2026-08-17T18:48:05Z,
160.120.191.213,ipv4,malicious-ip,medium,WHITE,ziyadnz/hourly-ipv4,ziyadnz|hourly,2026-08-17T18:48:05Z,2026-08-17T18:48:05Z,
160.120.226.63,ipv4,malicious-ip,medium,WHITE,ziyadnz/hourly-ipv4,ziyadnz|hourly,2026-08-17T18:48:05Z,2026-08-17T18:48:05Z,
160.120.235.232,ipv4,malicious-ip,medium,WHITE,ziyadnz/hourly-ipv4,ziyadnz|hourly,2026-08-17T18:48:05Z,2026-08-17T18:48:05Z,
160.153.175.11,ipv4,malicious-ip,medium,WHITE,ziyadnz/hourly-ipv4,ziyadnz|hourly,2026-08-17T18:48:05Z,2026-08-17T18:48:05Z,
160.153.182.242,ipv4,malicious-ip,medium,WHITE,ziyadnz/hourly-ipv4,ziyadnz|hourly,2026-08-17T18:48:05Z,2026-08-17T18:48:05Z,
160.153.184.24,ipv4,malicious-ip,medium,WHITE,ziyadnz/hourly-ipv4,ziyadnz|hourly,2026-08-17T18:48:05Z,2026-08-17T18:48:05Z,
160.153.187.122,ipv4,malicious-ip,medium,WHITE,ziyadnz/hourly-ipv4,ziyadnz|hourly,2026-08-17T18:48:05Z,2026-08-17T18:48:05Z,
160.153.187.97,ipv4,malicious-ip,medium,WHITE,ziyadnz/hourly-ipv4,ziyadnz|hourly,2026-08-17T18:48:05Z,2026-08-17T18:48:05Z,
160.153.246.243,ipv4,malicious-ip,medium,WHITE,ziyadnz/hourly-ipv4,ziyadnz|hourly,2026-08-17T18:48:05Z,2026-08-17T18:48:05Z,
160.153.252.100,ipv4,malicious-ip,medium,WHITE,ziyadnz/hourly-ipv4,ziyadnz|hourly,2026-08-17T18:48:05Z,2026-08-17T18:48:05Z,
160.153.33.195,ipv4,malicious-ip,medium,WHITE,ziyadnz/hourly-ipv4,ziyadnz|hourly,2026-08-17T18:48:05Z,2026-08-17T18:48:05Z,
160.154.111.178,ipv4,malicious-ip,medium,WHITE,ziyadnz/hourly-ipv4,ziyadnz|hourly,2026-08-17T18:48:05Z,2026-08-17T18:48:05Z,
160.154.30.168,ipv4,malicious-ip,medium,WHITE,ziyadnz/hourly-ipv4,ziyadnz|hourly,2026-08-17T18:48:05Z,2026-08-17T18:48:05Z,
160.154.31.234,ipv4,malicious-ip,medium,WHITE,ziyadnz/hourly-ipv4,ziyadnz|hourly,2026-08-17T18:48:05Z,2026-08-17T18:48:05Z,
160.155.179.165,ipv4,malicious-ip,medium,WHITE,ziyadnz/hourly-ipv4,ziyadnz|hourly,2026-08-17T18:48:05Z,2026-08-17T18:48:05Z,
160.155.191.164,ipv4,malicious-ip,medium,WHITE,ziyadnz/hourly-ipv4,ziyadnz|hourly,2026-08-17T18:48:05Z,2026-08-17T18:48:05Z,
160.155.34.160,ipv4,malicious-ip,medium,WHITE,ziyadnz/hourly-ipv4,ziyadnz|hourly,2026-08-17T18:48:05Z,2026-08-17T18:48:05Z,
160.155.41.194,ipv4,malicious-ip,medium,WHITE,ziyadnz/hourly-ipv4,ziyadnz|hourly,2026-08-17T18:48:05Z,2026-08-17T18:48:05Z,
160.155.68.8,ipv4,malicious-ip,medium,WHITE,ziyadnz/hourly-ipv4,ziyadnz|hourly,2026-08-17T18:48:05Z,2026-08-17T18:48:05Z,
160.155.92.226,ipv4,malicious-ip,medium,WHITE,ziyadnz/hourly-ipv4,ziyadnz|hourly,2026-08-17T18:48:05Z,2026-08-17T18:48:05Z,
160.16.221.64,ipv4,malicious-ip,medium,WHITE,ziyadnz/hourly-ipv4,ziyadnz|hourly,2026-08-17T18:48:05Z,2026-08-17T18:48:05Z,
160.174.130.48,ipv4,malicious-ip,medium,WHITE,ziyadnz/hourly-ipv4,ziyadnz|hourly,2026-08-17T18:48:05Z,2026-08-17T18:48:05Z,
160.176.143.23,ipv4,malicious-ip,medium,WHITE,ziyadnz/hourly-ipv4,ziyadnz|hourly,2026-08-17T18:48:05Z,2026-08-17T18:48:05Z,
160.176.205.64,ipv4,malicious-ip,medium,WHITE,ziyadnz/hourly-ipv4,ziyadnz|hourly,2026-08-17T18:48:05Z,2026-08-17T18:48:05Z,
160.187.146.170,ipv4,malicious-ip,medium,WHITE,ziyadnz/hourly-ipv4,ziyadnz|hourly,2026-08-17T18:48:05Z,2026-08-17T18:48:05Z,
160.187.147.124,ipv4,malicious-ip,medium,WHITE,ziyadnz/hourly-ipv4,ziyadnz|hourly,2026-08-17T18:48:05Z,2026-08-17T18:48:05Z,
160.187.147.5,ipv4,malicious-ip,medium,WHITE,ziyadnz/hourly-ipv4,ziyadnz|hourly,2026-08-17T18:48:05Z,2026-08-17T18:48:05Z,
160.187.148.71,ipv4,malicious-ip,medium,WHITE,ziyadnz/hourly-ipv4,ziyadnz|hourly,2026-08-17T18:48:05Z,2026-08-17T18:48:05Z,
160.187.169.4,ipv4,malicious-ip,medium,WHITE,ziyadnz/hourly-ipv4,ziyadnz|hourly,2026-08-17T18:48:05Z,2026-08-17T18:48:05Z,
160.187.180.146,ipv4,malicious-ip,medium,WHITE,ziyadnz/hourly-ipv4,ziyadnz|hourly,2026-08-17T18:48:05Z,2026-08-17T18:48:05Z,
160.187.180.173,ipv4,malicious-ip,medium,WHITE,ziyadnz/hourly-ipv4,ziyadnz|hourly,2026-08-17T18:48:05Z,2026-08-17T18:48:05Z,
160.187.180.175,ipv4,malicious-ip,medium,WHITE,ziyadnz/hourly-ipv4,ziyadnz|hourly,2026-08-17T18:48:05Z,2026-08-17T18:48:05Z,
160.187.191.255,ipv4,malicious-ip,medium,WHITE,ziyadnz/hourly-ipv4,ziyadnz|hourly,2026-08-17T18:48:05Z,2026-08-17T18:48:05Z,
160.187.211.134,ipv4,malicious-ip,medium,WHITE,ziyadnz/hourly-ipv4,ziyadnz|hourly,2026-08-17T18:48:05Z,2026-08-17T18:48:05Z,
160.187.221.29,ipv4,malicious-ip,medium,WHITE,ziyadnz/hourly-ipv4,ziyadnz|hourly,2026-08-17T18:48:05Z,2026-08-17T18:48:05Z,
160.187.240.90,ipv4,malicious-ip,medium,WHITE,ziyadnz/hourly-ipv4,ziyadnz|hourly,2026-08-17T18:48:05Z,2026-08-17T18:48:05Z,
160.187.246.100,ipv4,malicious-ip,medium,WHITE,ziyadnz/hourly-ipv4,ziyadnz|hourly,2026-08-17T18:48:05Z,2026-08-17T18:48:05Z,
160.187.246.111,ipv4,malicious-ip,medium,WHITE,ziyadnz/hourly-ipv4,ziyadnz|hourly,2026-08-17T18:48:05Z,2026-08-17T18:48:05Z,
160.187.246.125,ipv4,malicious-ip,medium,WHITE,ziyadnz/hourly-ipv4,ziyadnz|hourly,2026-08-17T18:48:05Z,2026-08-17T18:48:05Z,
160.187.246.150,ipv4,malicious-ip,medium,WHITE,ziyadnz/hourly-ipv4,ziyadnz|hourly,2026-08-17T18:48:05Z,2026-08-17T18:48:05Z,
160.187.54.87,ipv4,malicious-ip,medium,WHITE,ziyadnz/hourly-ipv4,ziyadnz|hourly,2026-08-17T18:48:05Z,2026-08-17T18:48:05Z,
160.19.156.35,ipv4,malicious-ip,medium,WHITE,ziyadnz/hourly-ipv4,ziyadnz|hourly,2026-08-17T18:48:05Z,2026-08-17T18:48:05Z,
160.191.12.212,ipv4,malicious-ip,medium,WHITE,ziyadnz/hourly-ipv4,ziyadnz|hourly,2026-08-17T18:48:05Z,2026-08-17T18:48:05Z,
160.191.163.94,ipv4,malicious-ip,medium,WHITE,ziyadnz/hourly-ipv4,ziyadnz|hourly,2026-08-17T18:48:05Z,2026-08-17T18:48:05Z,
160.191.242.222,ipv4,malicious-ip,medium,WHITE,ziyadnz/hourly-ipv4,ziyadnz|hourly,2026-08-17T18:48:05Z,2026-08-17T18:48:05Z,
160.191.243.188,ipv4,malicious-ip,medium,WHITE,ziyadnz/hourly-ipv4,ziyadnz|hourly,2026-08-17T18:48:05Z,2026-08-17T18:48:05Z,
160.191.243.204,ipv4,malicious-ip,medium,WHITE,ziyadnz/hourly-ipv4,ziyadnz|hourly,2026-08-17T18:48:05Z,2026-08-17T18:48:05Z,
160.191.243.85,ipv4,malicious-ip,medium,WHITE,ziyadnz/hourly-ipv4,ziyadnz|hourly,2026-08-17T18:48:05Z,2026-08-17T18:48:05Z,
160.191.244.158,ipv4,malicious-ip,medium,WHITE,ziyadnz/hourly-ipv4,ziyadnz|hourly,2026-08-17T18:48:05Z,2026-08-17T18:48:05Z,
160.191.51.49,ipv4,malicious-ip,medium,WHITE,ziyadnz/hourly-ipv4,ziyadnz|hourly,2026-08-17T18:48:05Z,2026-08-17T18:48:05Z,
160.191.54.193,ipv4,malicious-ip,medium,WHITE,ziyadnz/hourly-ipv4,ziyadnz|hourly,2026-08-17T18:48:05Z,2026-08-17T18:48:05Z,
160.191.55.2,ipv4,malicious-ip,medium,WHITE,ziyadnz/hourly-ipv4,ziyadnz|hourly,2026-08-17T18:48:05Z,2026-08-17T18:48:05Z,
160.191.86.208,ipv4,malicious-ip,medium,WHITE,ziyadnz/hourly-ipv4,ziyadnz|hourly,2026-08-17T18:48:05Z,2026-08-17T18:48:05Z,
160.191.86.209,ipv4,malicious-ip,medium,WHITE,ziyadnz/hourly-ipv4,ziyadnz|hourly,2026-08-17T18:48:05Z,2026-08-17T18:48:05Z,
160.191.89.47,ipv4,malicious-ip,medium,WHITE,ziyadnz/hourly-ipv4,ziyadnz|hourly,2026-08-17T18:48:05Z,2026-08-17T18:48:05Z,
160.191.89.7,ipv4,malicious-ip,medium,WHITE,ziyadnz/hourly-ipv4,ziyadnz|hourly,2026-08-17T18:48:05Z,2026-08-17T18:48:05Z,
160.20.147.67,ipv4,malicious-ip,medium,WHITE,ziyadnz/hourly-ipv4,ziyadnz|hourly,2026-08-17T18:48:05Z,2026-08-17T18:48:05Z,
160.20.160.172,ipv4,malicious-ip,medium,WHITE,ziyadnz/hourly-ipv4,ziyadnz|hourly,2026-08-17T18:48:05Z,2026-08-17T18:48:05Z,
160.20.165.196,ipv4,malicious-ip,medium,WHITE,ziyadnz/hourly-ipv4,ziyadnz|hourly,2026-08-17T18:48:05Z,2026-08-17T18:48:05Z,
160.20.204.213,ipv4,malicious-ip,medium,WHITE,ziyadnz/hourly-ipv4,ziyadnz|hourly,2026-08-17T18:48:05Z,2026-08-17T18:48:05Z,
160.20.40.146,ipv4,malicious-ip,medium,WHITE,ziyadnz/hourly-ipv4,ziyadnz|hourly,2026-08-17T18:48:05Z,2026-08-17T18:48:05Z,
160.20.85.118,ipv4,malicious-ip,medium,WHITE,ziyadnz/hourly-ipv4,ziyadnz|hourly,2026-08-17T18:48:05Z,2026-08-17T18:48:05Z,
160.20.92.21,ipv4,malicious-ip,medium,WHITE,ziyadnz/hourly-ipv4,ziyadnz|hourly,2026-08-17T18:48:05Z,2026-08-17T18:48:05Z,
160.202.239.20,ipv4,malicious-ip,medium,WHITE,ziyadnz/hourly-ipv4,ziyadnz|hourly,2026-08-17T18:48:05Z,2026-08-17T18:48:05Z,
160.202.245.232,ipv4,malicious-ip,medium,WHITE,ziyadnz/hourly-ipv4,ziyadnz|hourly,2026-08-17T18:48:05Z,2026-08-17T18:48:05Z,
160.202.41.186,ipv4,malicious-ip,medium,WHITE,ziyadnz/hourly-ipv4,ziyadnz|hourly,2026-08-17T18:48:05Z,2026-08-17T18:48:05Z,
160.202.47.107,ipv4,malicious-ip,medium,WHITE,ziyadnz/hourly-ipv4,ziyadnz|hourly,2026-08-17T18:48:05Z,2026-08-17T18:48:05Z,
160.22.131.196,ipv4,malicious-ip,medium,WHITE,ziyadnz/hourly-ipv4,ziyadnz|hourly,2026-08-17T18:48:05Z,2026-08-17T18:48:05Z,
160.22.131.9,ipv4,malicious-ip,medium,WHITE,ziyadnz/hourly-ipv4,ziyadnz|hourly,2026-08-17T18:48:05Z,2026-08-17T18:48:05Z,
160.22.170.237,ipv4,malicious-ip,medium,WHITE,ziyadnz/hourly-ipv4,ziyadnz|hourly,2026-08-17T18:48:05Z,2026-08-17T18:48:05Z,
160.22.170.38,ipv4,malicious-ip,medium,WHITE,ziyadnz/hourly-ipv4,ziyadnz|hourly,2026-08-17T18:48:05Z,2026-08-17T18:48:05Z,
160.22.171.141,ipv4,malicious-ip,medium,WHITE,ziyadnz/hourly-ipv4,ziyadnz|hourly,2026-08-17T18:48:05Z,2026-08-17T18:48:05Z,
160.22.18.220,ipv4,malicious-ip,medium,WHITE,ziyadnz/hourly-ipv4,ziyadnz|hourly,2026-08-17T18:48:05Z,2026-08-17T18:48:05Z,
160.22.206.102,ipv4,malicious-ip,medium,WHITE,ziyadnz/hourly-ipv4,ziyadnz|hourly,2026-08-17T18:48:05Z,2026-08-17T18:48:05Z,
160.223.188.228,ipv4,malicious-ip,medium,WHITE,ziyadnz/hourly-ipv4,ziyadnz|hourly,2026-08-17T18:48:05Z,2026-08-17T18:48:05Z,
160.226.132.158,ipv4,malicious-ip,medium,WHITE,ziyadnz/hourly-ipv4,ziyadnz|hourly,2026-08-17T18:48:05Z,2026-08-17T18:48:05Z,
160.226.132.69,ipv4,malicious-ip,medium,WHITE,ziyadnz/hourly-ipv4,ziyadnz|hourly,2026-08-17T18:48:05Z,2026-08-17T18:48:05Z,
160.226.142.162,ipv4,malicious-ip,medium,WHITE,ziyadnz/hourly-ipv4,ziyadnz|hourly,2026-08-17T18:48:05Z,2026-08-17T18:48:05Z,
160.236.188.195,ipv4,malicious-ip,medium,WHITE,ziyadnz/hourly-ipv4,ziyadnz|hourly,2026-08-17T18:48:05Z,2026-08-17T18:48:05Z,
160.238.108.255,ipv4,malicious-ip,medium,WHITE,ziyadnz/hourly-ipv4,ziyadnz|hourly,2026-08-17T18:48:05Z,2026-08-17T18:48:05Z,
160.238.111.250,ipv4,malicious-ip,medium,WHITE,ziyadnz/hourly-ipv4,ziyadnz|hourly,2026-08-17T18:48:05Z,2026-08-17T18:48:05Z,
160.238.124.103,ipv4,malicious-ip,medium,WHITE,ziyadnz/hourly-ipv4,ziyadnz|hourly,2026-08-17T18:48:05Z,2026-08-17T18:48:05Z,
160.238.124.194,ipv4,malicious-ip,medium,WHITE,ziyadnz/hourly-ipv4,ziyadnz|hourly,2026-08-17T18:48:05Z,2026-08-17T18:48:05Z,
160.238.124.203,ipv4,malicious-ip,medium,WHITE,ziyadnz/hourly-ipv4,ziyadnz|hourly,2026-08-17T18:48:05Z,2026-08-17T18:48:05Z,
160.238.124.234,ipv4,malicious-ip,medium,WHITE,ziyadnz/hourly-ipv4,ziyadnz|hourly,2026-08-17T18:48:05Z,2026-08-17T18:48:05Z,
160.238.124.90,ipv4,malicious-ip,medium,WHITE,ziyadnz/hourly-ipv4,ziyadnz|hourly,2026-08-17T18:48:05Z,2026-08-17T18:48:05Z,
160.238.125.201,ipv4,malicious-ip,medium,WHITE,ziyadnz/hourly-ipv4,ziyadnz|hourly,2026-08-17T18:48:05Z,2026-08-17T18:48:05Z,
160.238.125.28,ipv4,malicious-ip,medium,WHITE,ziyadnz/hourly-ipv4,ziyadnz|hourly,2026-08-17T18:48:05Z,2026-08-17T18:48:05Z,
160.238.135.209,ipv4,malicious-ip,medium,WHITE,ziyadnz/hourly-ipv4,ziyadnz|hourly,2026-08-17T18:48:05Z,2026-08-17T18:48:05Z,
160.238.144.224,ipv4,malicious-ip,medium,WHITE,ziyadnz/hourly-ipv4,ziyadnz|hourly,2026-08-17T18:48:05Z,2026-08-17T18:48:05Z,
160.238.144.252,ipv4,malicious-ip,medium,WHITE,ziyadnz/hourly-ipv4,ziyadnz|hourly,2026-08-17T18:48:05Z,2026-08-17T18:48:05Z,
160.238.190.255,ipv4,malicious-ip,medium,WHITE,ziyadnz/hourly-ipv4,ziyadnz|hourly,2026-08-17T18:48:05Z,2026-08-17T18:48:05Z,
160.238.219.26,ipv4,malicious-ip,medium,WHITE,ziyadnz/hourly-ipv4,ziyadnz|hourly,2026-08-17T18:48:05Z,2026-08-17T18:48:05Z,
160.238.25.173,ipv4,malicious-ip,medium,WHITE,ziyadnz/hourly-ipv4,ziyadnz|hourly,2026-08-17T18:48:05Z,2026-08-17T18:48:05Z,
160.238.25.204,ipv4,malicious-ip,medium,WHITE,ziyadnz/hourly-ipv4,ziyadnz|hourly,2026-08-17T18:48:05Z,2026-08-17T18:48:05Z,
160.238.38.187,ipv4,malicious-ip,medium,WHITE,ziyadnz/hourly-ipv4,ziyadnz|hourly,2026-08-17T18:48:05Z,2026-08-17T18:48:05Z,
160.238.72.129,ipv4,malicious-ip,medium,WHITE,ziyadnz/hourly-ipv4,ziyadnz|hourly,2026-08-17T18:48:05Z,2026-08-17T18:48:05Z,
160.238.93.108,ipv4,malicious-ip,medium,WHITE,ziyadnz/hourly-ipv4,ziyadnz|hourly,2026-08-17T18:48:05Z,2026-08-17T18:48:05Z,
160.248.75.84,ipv4,malicious-ip,medium,WHITE,ziyadnz/hourly-ipv4,ziyadnz|hourly,2026-08-17T18:48:05Z,2026-08-17T18:48:05Z,
160.25.166.44,ipv4,malicious-ip,medium,WHITE,ziyadnz/hourly-ipv4,ziyadnz|hourly,2026-08-17T18:48:05Z,2026-08-17T18:48:05Z,
160.25.186.194,ipv4,malicious-ip,medium,WHITE,ziyadnz/hourly-ipv4,ziyadnz|hourly,2026-08-17T18:48:05Z,2026-08-17T18:48:05Z,
160.25.20.186,ipv4,malicious-ip,medium,WHITE,ziyadnz/hourly-ipv4,ziyadnz|hourly,2026-08-17T18:48:05Z,2026-08-17T18:48:05Z,
160.25.226.149,ipv4,malicious-ip,medium,WHITE,ziyadnz/hourly-ipv4,ziyadnz|hourly,2026-08-17T18:48:05Z,2026-08-17T18:48:05Z,
160.25.232.62,ipv4,malicious-ip,medium,WHITE,ziyadnz/hourly-ipv4,ziyadnz|hourly,2026-08-17T18:48:05Z,2026-08-17T18:48:05Z,
160.25.237.99,ipv4,malicious-ip,medium,WHITE,ziyadnz/hourly-ipv4,ziyadnz|hourly,2026-08-17T18:48:05Z,2026-08-17T18:48:05Z,
160.25.81.227,ipv4,malicious-ip,medium,WHITE,ziyadnz/hourly-ipv4,ziyadnz|hourly,2026-08-17T18:48:05Z,2026-08-17T18:48:05Z,
160.25.81.6,ipv4,malicious-ip,medium,WHITE,ziyadnz/hourly-ipv4,ziyadnz|hourly,2026-08-17T18:48:05Z,2026-08-17T18:48:05Z,
160.25.88.246,ipv4,malicious-ip,medium,WHITE,ziyadnz/hourly-ipv4,ziyadnz|hourly,2026-08-17T18:48:05Z,2026-08-17T18:48:05Z,
160.25.89.220,ipv4,malicious-ip,medium,WHITE,ziyadnz/hourly-ipv4,ziyadnz|hourly,2026-08-17T18:48:05Z,2026-08-17T18:48:05Z,
160.25.89.25,ipv4,malicious-ip,medium,WHITE,ziyadnz/hourly-ipv4,ziyadnz|hourly,2026-08-17T18:48:05Z,2026-08-17T18:48:05Z,
160.25.89.96,ipv4,malicious-ip,medium,WHITE,ziyadnz/hourly-ipv4,ziyadnz|hourly,2026-08-17T18:48:05Z,2026-08-17T18:48:05Z,
160.250.122.105,ipv4,malicious-ip,medium,WHITE,ziyadnz/hourly-ipv4,ziyadnz|hourly,2026-08-17T18:48:05Z,2026-08-17T18:48:05Z,
160.250.122.160,ipv4,malicious-ip,medium,WHITE,ziyadnz/hourly-ipv4,ziyadnz|hourly,2026-08-17T18:48:05Z,2026-08-17T18:48:05Z,
160.250.128.154,ipv4,malicious-ip,medium,WHITE,ziyadnz/hourly-ipv4,ziyadnz|hourly,2026-08-17T18:48:05Z,2026-08-17T18:48:05Z,
160.250.129.0,ipv4,malicious-ip,medium,WHITE,ziyadnz/hourly-ipv4,ziyadnz|hourly,2026-08-17T18:48:05Z,2026-08-17T18:48:05Z,
160.250.129.31,ipv4,malicious-ip,medium,WHITE,ziyadnz/hourly-ipv4,ziyadnz|hourly,2026-08-17T18:48:05Z,2026-08-17T18:48:05Z,
160.250.129.36,ipv4,malicious-ip,medium,WHITE,ziyadnz/hourly-ipv4,ziyadnz|hourly,2026-08-17T18:48:05Z,2026-08-17T18:48:05Z,
160.250.129.37,ipv4,malicious-ip,medium,WHITE,ziyadnz/hourly-ipv4,ziyadnz|hourly,2026-08-17T18:48:05Z,2026-08-17T18:48:05Z,
160.250.129.41,ipv4,malicious-ip,medium,WHITE,ziyadnz/hourly-ipv4,ziyadnz|hourly,2026-08-17T18:48:05Z,2026-08-17T18:48:05Z,
160.250.129.42,ipv4,malicious-ip,medium,WHITE,ziyadnz/hourly-ipv4,ziyadnz|hourly,2026-08-17T18:48:05Z,2026-08-17T18:48:05Z,
160.250.129.45,ipv4,malicious-ip,medium,WHITE,ziyadnz/hourly-ipv4,ziyadnz|hourly,2026-08-17T18:48:05Z,2026-08-17T18:48:05Z,
160.250.129.46,ipv4,malicious-ip,medium,WHITE,ziyadnz/hourly-ipv4,ziyadnz|hourly,2026-08-17T18:48:05Z,2026-08-17T18:48:05Z,
160.250.129.47,ipv4,malicious-ip,medium,WHITE,ziyadnz/hourly-ipv4,ziyadnz|hourly,2026-08-17T18:48:05Z,2026-08-17T18:48:05Z,
160.250.129.49,ipv4,malicious-ip,medium,WHITE,ziyadnz/hourly-ipv4,ziyadnz|hourly,2026-08-17T18:48:05Z,2026-08-17T18:48:05Z,
160.250.129.50,ipv4,malicious-ip,medium,WHITE,ziyadnz/hourly-ipv4,ziyadnz|hourly,2026-08-17T18:48:05Z,2026-08-17T18:48:05Z,
160.250.129.53,ipv4,malicious-ip,medium,WHITE,ziyadnz/hourly-ipv4,ziyadnz|hourly,2026-08-17T18:48:05Z,2026-08-17T18:48:05Z,
160.250.130.168,ipv4,malicious-ip,medium,WHITE,ziyadnz/hourly-ipv4,ziyadnz|hourly,2026-08-17T18:48:05Z,2026-08-17T18:48:05Z,
160.250.131.203,ipv4,malicious-ip,medium,WHITE,ziyadnz/hourly-ipv4,ziyadnz|hourly,2026-08-17T18:48:05Z,2026-08-17T18:48:05Z,
160.250.132.238,ipv4,malicious-ip,medium,WHITE,ziyadnz/hourly-ipv4,ziyadnz|hourly,2026-08-17T18:48:05Z,2026-08-17T18:48:05Z,
160.250.133.175,ipv4,malicious-ip,medium,WHITE,ziyadnz/hourly-ipv4,ziyadnz|hourly,2026-08-17T18:48:05Z,2026-08-17T18:48:05Z,
160.250.133.240,ipv4,malicious-ip,medium,WHITE,ziyadnz/hourly-ipv4,ziyadnz|hourly,2026-08-17T18:48:05Z,2026-08-17T18:48:05Z,
160.250.134.51,ipv4,malicious-ip,medium,WHITE,ziyadnz/hourly-ipv4,ziyadnz|hourly,2026-08-17T18:48:05Z,2026-08-17T18:48:05Z,
160.250.180.208,ipv4,malicious-ip,medium,WHITE,ziyadnz/hourly-ipv4,ziyadnz|hourly,2026-08-17T18:48:05Z,2026-08-17T18:48:05Z,
160.250.181.54,ipv4,malicious-ip,medium,WHITE,ziyadnz/hourly-ipv4,ziyadnz|hourly,2026-08-17T18:48:05Z,2026-08-17T18:48:05Z,
160.250.186.97,ipv4,malicious-ip,medium,WHITE,ziyadnz/hourly-ipv4,ziyadnz|hourly,2026-08-17T18:48:05Z,2026-08-17T18:48:05Z,
160.250.203.75,ipv4,malicious-ip,medium,WHITE,ziyadnz/hourly-ipv4,ziyadnz|hourly,2026-08-17T18:48:05Z,2026-08-17T18:48:05Z,
160.250.204.237,ipv4,malicious-ip,medium,WHITE,ziyadnz/hourly-ipv4,ziyadnz|hourly,2026-08-17T18:48:05Z,2026-08-17T18:48:05Z,
160.250.254.157,ipv4,malicious-ip,medium,WHITE,ziyadnz/hourly-ipv4,ziyadnz|hourly,2026-08-17T18:48:05Z,2026-08-17T18:48:05Z,
160.250.255.67,ipv4,malicious-ip,medium,WHITE,ziyadnz/hourly-ipv4,ziyadnz|hourly,2026-08-17T18:48:05Z,2026-08-17T18:48:05Z,
160.250.4.228,ipv4,malicious-ip,medium,WHITE,ziyadnz/hourly-ipv4,ziyadnz|hourly,2026-08-17T18:48:05Z,2026-08-17T18:48:05Z,
160.250.44.54,ipv4,malicious-ip,medium,WHITE,ziyadnz/hourly-ipv4,ziyadnz|hourly,2026-08-17T18:48:05Z,2026-08-17T18:48:05Z,
160.250.5.205,ipv4,malicious-ip,medium,WHITE,ziyadnz/hourly-ipv4,ziyadnz|hourly,2026-08-17T18:48:05Z,2026-08-17T18:48:05Z,
160.250.51.185,ipv4,malicious-ip,medium,WHITE,ziyadnz/hourly-ipv4,ziyadnz|hourly,2026-08-17T18:48:05Z,2026-08-17T18:48:05Z,
160.250.51.62,ipv4,malicious-ip,medium,WHITE,ziyadnz/hourly-ipv4,ziyadnz|hourly,2026-08-17T18:48:05Z,2026-08-17T18:48:05Z,
160.250.80.197,ipv4,malicious-ip,medium,WHITE,ziyadnz/hourly-ipv4,ziyadnz|hourly,2026-08-17T18:48:05Z,2026-08-17T18:48:05Z,
160.251.169.213,ipv4,malicious-ip,medium,WHITE,ziyadnz/hourly-ipv4,ziyadnz|hourly,2026-08-17T18:48:05Z,2026-08-17T18:48:05Z,
160.251.173.161,ipv4,malicious-ip,medium,WHITE,ziyadnz/hourly-ipv4,ziyadnz|hourly,2026-08-17T18:48:05Z,2026-08-17T18:48:05Z,
160.251.182.78,ipv4,malicious-ip,medium,WHITE,ziyadnz/hourly-ipv4,ziyadnz|hourly,2026-08-17T18:48:05Z,2026-08-17T18:48:05Z,
160.251.185.39,ipv4,malicious-ip,medium,WHITE,ziyadnz/hourly-ipv4,ziyadnz|hourly,2026-08-17T18:48:05Z,2026-08-17T18:48:05Z,
160.251.185.41,ipv4,malicious-ip,medium,WHITE,ziyadnz/hourly-ipv4,ziyadnz|hourly,2026-08-17T18:48:05Z,2026-08-17T18:48:05Z,
160.251.197.41,ipv4,malicious-ip,medium,WHITE,ziyadnz/hourly-ipv4,ziyadnz|hourly,2026-08-17T18:48:05Z,2026-08-17T18:48:05Z,
160.251.206.106,ipv4,malicious-ip,medium,WHITE,ziyadnz/hourly-ipv4,ziyadnz|hourly,2026-08-17T18:48:05Z,2026-08-17T18:48:05Z,
160.251.216.209,ipv4,malicious-ip,medium,WHITE,ziyadnz/hourly-ipv4,ziyadnz|hourly,2026-08-17T18:48:05Z,2026-08-17T18:48:05Z,
160.251.222.145,ipv4,malicious-ip,medium,WHITE,ziyadnz/hourly-ipv4,ziyadnz|hourly,2026-08-17T18:48:05Z,2026-08-17T18:48:05Z,
160.251.233.37,ipv4,malicious-ip,medium,WHITE,ziyadnz/hourly-ipv4,ziyadnz|hourly,2026-08-17T18:48:05Z,2026-08-17T18:48:05Z,
160.3.210.204,ipv4,malicious-ip,medium,WHITE,ziyadnz/hourly-ipv4,ziyadnz|hourly,2026-08-17T18:48:05Z,2026-08-17T18:48:05Z,
160.30.104.229,ipv4,malicious-ip,medium,WHITE,ziyadnz/hourly-ipv4,ziyadnz|hourly,2026-08-17T18:48:05Z,2026-08-17T18:48:05Z,
160.30.104.96,ipv4,malicious-ip,medium,WHITE,ziyadnz/hourly-ipv4,ziyadnz|hourly,2026-08-17T18:48:05Z,2026-08-17T18:48:05Z,
160.30.113.59,ipv4,malicious-ip,medium,WHITE,ziyadnz/hourly-ipv4,ziyadnz|hourly,2026-08-17T18:48:05Z,2026-08-17T18:48:05Z,
160.30.136.51,ipv4,malicious-ip,medium,WHITE,ziyadnz/hourly-ipv4,ziyadnz|hourly,2026-08-17T18:48:05Z,2026-08-17T18:48:05Z,
160.30.136.84,ipv4,malicious-ip,medium,WHITE,ziyadnz/hourly-ipv4,ziyadnz|hourly,2026-08-17T18:48:05Z,2026-08-17T18:48:05Z,
160.30.141.131,ipv4,malicious-ip,medium,WHITE,ziyadnz/hourly-ipv4,ziyadnz|hourly,2026-08-17T18:48:05Z,2026-08-17T18:48:05Z,
160.30.142.0,ipv4,malicious-ip,medium,WHITE,ziyadnz/hourly-ipv4,ziyadnz|hourly,2026-08-17T18:48:05Z,2026-08-17T18:48:05Z,
160.30.142.208,ipv4,malicious-ip,medium,WHITE,ziyadnz/hourly-ipv4,ziyadnz|hourly,2026-08-17T18:48:05Z,2026-08-17T18:48:05Z,
160.30.142.209,ipv4,malicious-ip,medium,WHITE,ziyadnz/hourly-ipv4,ziyadnz|hourly,2026-08-17T18:48:05Z,2026-08-17T18:48:05Z,
160.30.142.210,ipv4,malicious-ip,medium,WHITE,ziyadnz/hourly-ipv4,ziyadnz|hourly,2026-08-17T18:48:05Z,2026-08-17T18:48:05Z,
160.30.142.211,ipv4,malicious-ip,medium,WHITE,ziyadnz/hourly-ipv4,ziyadnz|hourly,2026-08-17T18:48:05Z,2026-08-17T18:48:05Z,
160.30.142.212,ipv4,malicious-ip,medium,WHITE,ziyadnz/hourly-ipv4,ziyadnz|hourly,2026-08-17T18:48:05Z,2026-08-17T18:48:05Z,
160.30.142.213,ipv4,malicious-ip,medium,WHITE,ziyadnz/hourly-ipv4,ziyadnz|hourly,2026-08-17T18:48:05Z,2026-08-17T18:48:05Z,
160.30.142.214,ipv4,malicious-ip,medium,WHITE,ziyadnz/hourly-ipv4,ziyadnz|hourly,2026-08-17T18:48:05Z,2026-08-17T18:48:05Z,
160.30.142.220,ipv4,malicious-ip,medium,WHITE,ziyadnz/hourly-ipv4,ziyadnz|hourly,2026-08-17T18:48:05Z,2026-08-17T18:48:05Z,
160.30.142.221,ipv4,malicious-ip,medium,WHITE,ziyadnz/hourly-ipv4,ziyadnz|hourly,2026-08-17T18:48:05Z,2026-08-17T18:48:05Z,
160.30.142.222,ipv4,malicious-ip,medium,WHITE,ziyadnz/hourly-ipv4,ziyadnz|hourly,2026-08-17T18:48:05Z,2026-08-17T18:48:05Z,
160.30.173.87,ipv4,malicious-ip,medium,WHITE,ziyadnz/hourly-ipv4,ziyadnz|hourly,2026-08-17T18:48:05Z,2026-08-17T18:48:05Z,
160.30.20.178,ipv4,malicious-ip,medium,WHITE,ziyadnz/hourly-ipv4,ziyadnz|hourly,2026-08-17T18:48:05Z,2026-08-17T18:48:05Z,
160.30.20.67,ipv4,malicious-ip,medium,WHITE,ziyadnz/hourly-ipv4,ziyadnz|hourly,2026-08-17T18:48:05Z,2026-08-17T18:48:05Z,
160.30.27.106,ipv4,malicious-ip,medium,WHITE,ziyadnz/hourly-ipv4,ziyadnz|hourly,2026-08-17T18:48:05Z,2026-08-17T18:48:05Z,
160.30.39.36,ipv4,malicious-ip,medium,WHITE,ziyadnz/hourly-ipv4,ziyadnz|hourly,2026-08-17T18:48:05Z,2026-08-17T18:48:05Z,
160.30.78.31,ipv4,malicious-ip,medium,WHITE,ziyadnz/hourly-ipv4,ziyadnz|hourly,2026-08-17T18:48:05Z,2026-08-17T18:48:05Z,
161.0.186.190,ipv4,malicious-ip,medium,WHITE,ziyadnz/hourly-ipv4,ziyadnz|hourly,2026-08-17T18:48:05Z,2026-08-17T18:48:05Z,
161.0.236.139,ipv4,malicious-ip,medium,WHITE,ziyadnz/hourly-ipv4,ziyadnz|hourly,2026-08-17T18:48:05Z,2026-08-17T18:48:05Z,
161.0.60.2,ipv4,malicious-ip,medium,WHITE,ziyadnz/hourly-ipv4,ziyadnz|hourly,2026-08-17T18:48:05Z,2026-08-17T18:48:05Z,
161.10.39.179,ipv4,malicious-ip,medium,WHITE,ziyadnz/hourly-ipv4,ziyadnz|hourly,2026-08-17T18:48:05Z,2026-08-17T18:48:05Z,
161.10.64.101,ipv4,malicious-ip,medium,WHITE,ziyadnz/hourly-ipv4,ziyadnz|hourly,2026-08-17T18:48:05Z,2026-08-17T18:48:05Z,
161.10.68.198,ipv4,malicious-ip,medium,WHITE,ziyadnz/hourly-ipv4,ziyadnz|hourly,2026-08-17T18:48:05Z,2026-08-17T18:48:05Z,
161.10.69.215,ipv4,malicious-ip,medium,WHITE,ziyadnz/hourly-ipv4,ziyadnz|hourly,2026-08-17T18:48:05Z,2026-08-17T18:48:05Z,
161.10.76.153,ipv4,malicious-ip,medium,WHITE,ziyadnz/hourly-ipv4,ziyadnz|hourly,2026-08-17T18:48:05Z,2026-08-17T18:48:05Z,
161.117.126.100,ipv4,malicious-ip,medium,WHITE,ziyadnz/hourly-ipv4,ziyadnz|hourly,2026-08-17T18:48:05Z,2026-08-17T18:48:05Z,
161.117.127.100,ipv4,malicious-ip,medium,WHITE,ziyadnz/hourly-ipv4,ziyadnz|hourly,2026-08-17T18:48:05Z,2026-08-17T18:48:05Z,
161.117.128.100,ipv4,malicious-ip,medium,WHITE,ziyadnz/hourly-ipv4,ziyadnz|hourly,2026-08-17T18:48:05Z,2026-08-17T18:48:05Z,
161.117.129.100,ipv4,malicious-ip,medium,WHITE,ziyadnz/hourly-ipv4,ziyadnz|hourly,2026-08-17T18:48:05Z,2026-08-17T18:48:05Z,
161.117.138.100,ipv4,malicious-ip,medium,WHITE,ziyadnz/hourly-ipv4,ziyadnz|hourly,2026-08-17T18:48:05Z,2026-08-17T18:48:05Z,
161.117.192.8,ipv4,malicious-ip,medium,WHITE,ziyadnz/hourly-ipv4,ziyadnz|hourly,2026-08-17T18:48:05Z,2026-08-17T18:48:05Z,
161.118.192.206,ipv4,malicious-ip,medium,WHITE,ziyadnz/hourly-ipv4,ziyadnz|hourly,2026-08-17T18:48:05Z,2026-08-17T18:48:05Z,
161.118.197.103,ipv4,malicious-ip,medium,WHITE,ziyadnz/hourly-ipv4,ziyadnz|hourly,2026-08-17T18:48:05Z,2026-08-17T18:48:05Z,
161.118.200.156,ipv4,malicious-ip,medium,WHITE,ziyadnz/hourly-ipv4,ziyadnz|hourly,2026-08-17T18:48:05Z,2026-08-17T18:48:05Z,
161.118.218.103,ipv4,malicious-ip,medium,WHITE,ziyadnz/hourly-ipv4,ziyadnz|hourly,2026-08-17T18:48:05Z,2026-08-17T18:48:05Z,
161.118.221.78,ipv4,malicious-ip,medium,WHITE,ziyadnz/hourly-ipv4,ziyadnz|hourly,2026-08-17T18:48:05Z,2026-08-17T18:48:05Z,
161.118.238.173,ipv4,malicious-ip,medium,WHITE,ziyadnz/hourly-ipv4,ziyadnz|hourly,2026-08-17T18:48:05Z,2026-08-17T18:48:05Z,
161.118.240.3,ipv4,malicious-ip,medium,WHITE,ziyadnz/hourly-ipv4,ziyadnz|hourly,2026-08-17T18:48:05Z,2026-08-17T18:48:05Z,
161.118.241.216,ipv4,malicious-ip,medium,WHITE,ziyadnz/hourly-ipv4,ziyadnz|hourly,2026-08-17T18:48:05Z,2026-08-17T18:48:05Z,
161.118.242.19,ipv4,malicious-ip,medium,WHITE,ziyadnz/hourly-ipv4,ziyadnz|hourly,2026-08-17T18:48:05Z,2026-08-17T18:48:05Z,
161.123.204.88,ipv4,malicious-ip,medium,WHITE,ziyadnz/hourly-ipv4,ziyadnz|hourly,2026-08-17T18:48:05Z,2026-08-17T18:48:05Z,
161.129.211.63,ipv4,malicious-ip,medium,WHITE,ziyadnz/hourly-ipv4,ziyadnz|hourly,2026-08-17T18:48:05Z,2026-08-17T18:48:05Z,
161.129.68.162,ipv4,malicious-ip,medium,WHITE,ziyadnz/hourly-ipv4,ziyadnz|hourly,2026-08-17T18:48:05Z,2026-08-17T18:48:05Z,
161.132.125.161,ipv4,malicious-ip,medium,WHITE,ziyadnz/hourly-ipv4,ziyadnz|hourly,2026-08-17T18:48:05Z,2026-08-17T18:48:05Z,
161.132.159.2,ipv4,malicious-ip,medium,WHITE,ziyadnz/hourly-ipv4,ziyadnz|hourly,2026-08-17T18:48:05Z,2026-08-17T18:48:05Z,
161.132.180.118,ipv4,malicious-ip,medium,WHITE,ziyadnz/hourly-ipv4,ziyadnz|hourly,2026-08-17T18:48:05Z,2026-08-17T18:48:05Z,
161.132.206.148,ipv4,malicious-ip,medium,WHITE,ziyadnz/hourly-ipv4,ziyadnz|hourly,2026-08-17T18:48:05Z,2026-08-17T18:48:05Z,
161.132.37.31,ipv4,malicious-ip,medium,WHITE,ziyadnz/hourly-ipv4,ziyadnz|hourly,2026-08-17T18:48:05Z,2026-08-17T18:48:05Z,
161.132.38.234,ipv4,malicious-ip,medium,WHITE,ziyadnz/hourly-ipv4,ziyadnz|hourly,2026-08-17T18:48:05Z,2026-08-17T18:48:05Z,
161.132.38.88,ipv4,malicious-ip,medium,WHITE,ziyadnz/hourly-ipv4,ziyadnz|hourly,2026-08-17T18:48:05Z,2026-08-17T18:48:05Z,
161.132.39.242,ipv4,malicious-ip,medium,WHITE,ziyadnz/hourly-ipv4,ziyadnz|hourly,2026-08-17T18:48:05Z,2026-08-17T18:48:05Z,
161.132.4.167,ipv4,malicious-ip,medium,WHITE,ziyadnz/hourly-ipv4,ziyadnz|hourly,2026-08-17T18:48:05Z,2026-08-17T18:48:05Z,
161.132.4.32,ipv4,malicious-ip,medium,WHITE,ziyadnz/hourly-ipv4,ziyadnz|hourly,2026-08-17T18:48:05Z,2026-08-17T18:48:05Z,
161.132.42.84,ipv4,malicious-ip,medium,WHITE,ziyadnz/hourly-ipv4,ziyadnz|hourly,2026-08-17T18:48:05Z,2026-08-17T18:48:05Z,
161.132.45.92,ipv4,malicious-ip,medium,WHITE,ziyadnz/hourly-ipv4,ziyadnz|hourly,2026-08-17T18:48:05Z,2026-08-17T18:48:05Z,
161.132.48.211,ipv4,malicious-ip,medium,WHITE,ziyadnz/hourly-ipv4,ziyadnz|hourly,2026-08-17T18:48:05Z,2026-08-17T18:48:05Z,
161.132.50.236,ipv4,malicious-ip,medium,WHITE,ziyadnz/hourly-ipv4,ziyadnz|hourly,2026-08-17T18:48:05Z,2026-08-17T18:48:05Z,
161.132.50.40,ipv4,malicious-ip,medium,WHITE,ziyadnz/hourly-ipv4,ziyadnz|hourly,2026-08-17T18:48:05Z,2026-08-17T18:48:05Z,
161.132.53.68,ipv4,malicious-ip,medium,WHITE,ziyadnz/hourly-ipv4,ziyadnz|hourly,2026-08-17T18:48:05Z,2026-08-17T18:48:05Z,
161.132.89.53,ipv4,malicious-ip,medium,WHITE,ziyadnz/hourly-ipv4,ziyadnz|hourly,2026-08-17T18:48:05Z,2026-08-17T18:48:05Z,
161.142.164.67,ipv4,malicious-ip,medium,WHITE,ziyadnz/hourly-ipv4,ziyadnz|hourly,2026-08-17T18:48:05Z,2026-08-17T18:48:05Z,
161.142.56.8,ipv4,malicious-ip,medium,WHITE,ziyadnz/hourly-ipv4,ziyadnz|hourly,2026-08-17T18:48:05Z,2026-08-17T18:48:05Z,
161.153.121.253,ipv4,malicious-ip,medium,WHITE,ziyadnz/hourly-ipv4,ziyadnz|hourly,2026-08-17T18:48:05Z,2026-08-17T18:48:05Z,
161.18.201.126,ipv4,malicious-ip,medium,WHITE,ziyadnz/hourly-ipv4,ziyadnz|hourly,2026-08-17T18:48:05Z,2026-08-17T18:48:05Z,
161.18.228.63,ipv4,malicious-ip,medium,WHITE,ziyadnz/hourly-ipv4,ziyadnz|hourly,2026-08-17T18:48:05Z,2026-08-17T18:48:05Z,
161.18.234.168,ipv4,malicious-ip,medium,WHITE,ziyadnz/hourly-ipv4,ziyadnz|hourly,2026-08-17T18:48:05Z,2026-08-17T18:48:05Z,
161.18.250.157,ipv4,malicious-ip,medium,WHITE,ziyadnz/hourly-ipv4,ziyadnz|hourly,2026-08-17T18:48:05Z,2026-08-17T18:48:05Z,
161.189.202.80,ipv4,malicious-ip,medium,WHITE,ziyadnz/hourly-ipv4,ziyadnz|hourly,2026-08-17T18:48:05Z,2026-08-17T18:48:05Z,
161.22.43.159,ipv4,malicious-ip,medium,WHITE,ziyadnz/hourly-ipv4,ziyadnz|hourly,2026-08-17T18:48:05Z,2026-08-17T18:48:05Z,
161.22.58.134,ipv4,malicious-ip,medium,WHITE,ziyadnz/hourly-ipv4,ziyadnz|hourly,2026-08-17T18:48:05Z,2026-08-17T18:48:05Z,
161.22.58.170,ipv4,malicious-ip,medium,WHITE,ziyadnz/hourly-ipv4,ziyadnz|hourly,2026-08-17T18:48:05Z,2026-08-17T18:48:05Z,
161.22.58.212,ipv4,malicious-ip,medium,WHITE,ziyadnz/hourly-ipv4,ziyadnz|hourly,2026-08-17T18:48:05Z,2026-08-17T18:48:05Z,
161.248.147.157,ipv4,malicious-ip,medium,WHITE,ziyadnz/hourly-ipv4,ziyadnz|hourly,2026-08-17T18:48:05Z,2026-08-17T18:48:05Z,
161.248.147.250,ipv4,malicious-ip,medium,WHITE,ziyadnz/hourly-ipv4,ziyadnz|hourly,2026-08-17T18:48:05Z,2026-08-17T18:48:05Z,
161.248.163.107,ipv4,malicious-ip,medium,WHITE,ziyadnz/hourly-ipv4,ziyadnz|hourly,2026-08-17T18:48:05Z,2026-08-17T18:48:05Z,
161.248.178.212,ipv4,malicious-ip,medium,WHITE,ziyadnz/hourly-ipv4,ziyadnz|hourly,2026-08-17T18:48:05Z,2026-08-17T18:48:05Z,
161.248.179.25,ipv4,malicious-ip,medium,WHITE,ziyadnz/hourly-ipv4,ziyadnz|hourly,2026-08-17T18:48:05Z,2026-08-17T18:48:05Z,
161.248.189.83,ipv4,malicious-ip,medium,WHITE,ziyadnz/hourly-ipv4,ziyadnz|hourly,2026-08-17T18:48:05Z,2026-08-17T18:48:05Z,
161.248.201.12,ipv4,malicious-ip,medium,WHITE,ziyadnz/hourly-ipv4,ziyadnz|hourly,2026-08-17T18:48:05Z,2026-08-17T18:48:05Z,
161.248.201.171,ipv4,malicious-ip,medium,WHITE,ziyadnz/hourly-ipv4,ziyadnz|hourly,2026-08-17T18:48:05Z,2026-08-17T18:48:05Z,
161.248.217.23,ipv4,malicious-ip,medium,WHITE,ziyadnz/hourly-ipv4,ziyadnz|hourly,2026-08-17T18:48:05Z,2026-08-17T18:48:05Z,
161.248.244.167,ipv4,malicious-ip,medium,WHITE,ziyadnz/hourly-ipv4,ziyadnz|hourly,2026-08-17T18:48:05Z,2026-08-17T18:48:05Z,
161.248.4.55,ipv4,malicious-ip,medium,WHITE,ziyadnz/hourly-ipv4,ziyadnz|hourly,2026-08-17T18:48:05Z,2026-08-17T18:48:05Z,
161.248.46.149,ipv4,malicious-ip,medium,WHITE,ziyadnz/hourly-ipv4,ziyadnz|hourly,2026-08-17T18:48:05Z,2026-08-17T18:48:05Z,
161.30.4.84,ipv4,malicious-ip,medium,WHITE,ziyadnz/hourly-ipv4,ziyadnz|hourly,2026-08-17T18:48:05Z,2026-08-17T18:48:05Z,
161.33.146.127,ipv4,malicious-ip,medium,WHITE,ziyadnz/hourly-ipv4,ziyadnz|hourly,2026-08-17T18:48:05Z,2026-08-17T18:48:05Z,
161.33.217.60,ipv4,malicious-ip,medium,WHITE,ziyadnz/hourly-ipv4,ziyadnz|hourly,2026-08-17T18:48:05Z,2026-08-17T18:48:05Z,
161.35.10.20,ipv4,malicious-ip,medium,WHITE,ziyadnz/hourly-ipv4,ziyadnz|hourly,2026-08-17T18:48:05Z,2026-08-17T18:48:05Z,
161.35.10.22,ipv4,malicious-ip,medium,WHITE,ziyadnz/hourly-ipv4,ziyadnz|hourly,2026-08-17T18:48:05Z,2026-08-17T18:48:05Z,
161.35.101.178,ipv4,malicious-ip,medium,WHITE,ziyadnz/hourly-ipv4,ziyadnz|hourly,2026-08-17T18:48:05Z,2026-08-17T18:48:05Z,
161.35.102.133,ipv4,malicious-ip,medium,WHITE,ziyadnz/hourly-ipv4,ziyadnz|hourly,2026-08-17T18:48:05Z,2026-08-17T18:48:05Z,
161.35.104.178,ipv4,malicious-ip,medium,WHITE,ziyadnz/hourly-ipv4,ziyadnz|hourly,2026-08-17T18:48:05Z,2026-08-17T18:48:05Z,
161.35.108.63,ipv4,malicious-ip,medium,WHITE,ziyadnz/hourly-ipv4,ziyadnz|hourly,2026-08-17T18:48:05Z,2026-08-17T18:48:05Z,
161.35.109.141,ipv4,malicious-ip,medium,WHITE,ziyadnz/hourly-ipv4,ziyadnz|hourly,2026-08-17T18:48:05Z,2026-08-17T18:48:05Z,
161.35.110.1,ipv4,malicious-ip,medium,WHITE,ziyadnz/hourly-ipv4,ziyadnz|hourly,2026-08-17T18:48:05Z,2026-08-17T18:48:05Z,
161.35.111.220,ipv4,malicious-ip,medium,WHITE,ziyadnz/hourly-ipv4,ziyadnz|hourly,2026-08-17T18:48:05Z,2026-08-17T18:48:05Z,
161.35.113.108,ipv4,malicious-ip,medium,WHITE,ziyadnz/hourly-ipv4,ziyadnz|hourly,2026-08-17T18:48:05Z,2026-08-17T18:48:05Z,
161.35.113.190,ipv4,malicious-ip,medium,WHITE,ziyadnz/hourly-ipv4,ziyadnz|hourly,2026-08-17T18:48:05Z,2026-08-17T18:48:05Z,
161.35.116.167,ipv4,malicious-ip,medium,WHITE,ziyadnz/hourly-ipv4,ziyadnz|hourly,2026-08-17T18:48:05Z,2026-08-17T18:48:05Z,
161.35.117.55,ipv4,malicious-ip,medium,WHITE,ziyadnz/hourly-ipv4,ziyadnz|hourly,2026-08-17T18:48:05Z,2026-08-17T18:48:05Z,
161.35.119.170,ipv4,malicious-ip,medium,WHITE,ziyadnz/hourly-ipv4,ziyadnz|hourly,2026-08-17T18:48:05Z,2026-08-17T18:48:05Z,
161.35.120.3,ipv4,malicious-ip,medium,WHITE,ziyadnz/hourly-ipv4,ziyadnz|hourly,2026-08-17T18:48:05Z,2026-08-17T18:48:05Z,
161.35.120.4,ipv4,malicious-ip,medium,WHITE,ziyadnz/hourly-ipv4,ziyadnz|hourly,2026-08-17T18:48:05Z,2026-08-17T18:48:05Z,
161.35.126.245,ipv4,malicious-ip,medium,WHITE,ziyadnz/hourly-ipv4,ziyadnz|hourly,2026-08-17T18:48:05Z,2026-08-17T18:48:05Z,
161.35.13.92,ipv4,malicious-ip,medium,WHITE,ziyadnz/hourly-ipv4,ziyadnz|hourly,2026-08-17T18:48:05Z,2026-08-17T18:48:05Z,
161.35.137.163,ipv4,malicious-ip,medium,WHITE,ziyadnz/hourly-ipv4,ziyadnz|hourly,2026-08-17T18:48:05Z,2026-08-17T18:48:05Z,
161.35.139.3,ipv4,malicious-ip,medium,WHITE,ziyadnz/hourly-ipv4,ziyadnz|hourly,2026-08-17T18:48:05Z,2026-08-17T18:48:05Z,
161.35.14.178,ipv4,malicious-ip,medium,WHITE,ziyadnz/hourly-ipv4,ziyadnz|hourly,2026-08-17T18:48:05Z,2026-08-17T18:48:05Z,
161.35.141.232,ipv4,malicious-ip,medium,WHITE,ziyadnz/hourly-ipv4,ziyadnz|hourly,2026-08-17T18:48:05Z,2026-08-17T18:48:05Z,
161.35.145.35,ipv4,malicious-ip,medium,WHITE,ziyadnz/hourly-ipv4,ziyadnz|hourly,2026-08-17T18:48:05Z,2026-08-17T18:48:05Z,
161.35.147.82,ipv4,malicious-ip,medium,WHITE,ziyadnz/hourly-ipv4,ziyadnz|hourly,2026-08-17T18:48:05Z,2026-08-17T18:48:05Z,
161.35.15.14,ipv4,malicious-ip,medium,WHITE,ziyadnz/hourly-ipv4,ziyadnz|hourly,2026-08-17T18:48:05Z,2026-08-17T18:48:05Z,
161.35.150.172,ipv4,malicious-ip,medium,WHITE,ziyadnz/hourly-ipv4,ziyadnz|hourly,2026-08-17T18:48:05Z,2026-08-17T18:48:05Z,
161.35.155.10,ipv4,malicious-ip,medium,WHITE,ziyadnz/hourly-ipv4,ziyadnz|hourly,2026-08-17T18:48:05Z,2026-08-17T18:48:05Z,
161.35.162.136,ipv4,malicious-ip,medium,WHITE,ziyadnz/hourly-ipv4,ziyadnz|hourly,2026-08-17T18:48:05Z,2026-08-17T18:48:05Z,
161.35.165.167,ipv4,malicious-ip,medium,WHITE,ziyadnz/hourly-ipv4,ziyadnz|hourly,2026-08-17T18:48:05Z,2026-08-17T18:48:05Z,
161.35.169.21,ipv4,malicious-ip,medium,WHITE,ziyadnz/hourly-ipv4,ziyadnz|hourly,2026-08-17T18:48:05Z,2026-08-17T18:48:05Z,
161.35.172.206,ipv4,malicious-ip,medium,WHITE,ziyadnz/hourly-ipv4,ziyadnz|hourly,2026-08-17T18:48:05Z,2026-08-17T18:48:05Z,
161.35.173.173,ipv4,malicious-ip,medium,WHITE,ziyadnz/hourly-ipv4,ziyadnz|hourly,2026-08-17T18:48:05Z,2026-08-17T18:48:05Z,
161.35.173.190,ipv4,malicious-ip,medium,WHITE,ziyadnz/hourly-ipv4,ziyadnz|hourly,2026-08-17T18:48:05Z,2026-08-17T18:48:05Z,
161.35.174.82,ipv4,malicious-ip,medium,WHITE,ziyadnz/hourly-ipv4,ziyadnz|hourly,2026-08-17T18:48:05Z,2026-08-17T18:48:05Z,
161.35.174.96,ipv4,malicious-ip,medium,WHITE,ziyadnz/hourly-ipv4,ziyadnz|hourly,2026-08-17T18:48:05Z,2026-08-17T18:48:05Z,
161.35.177.203,ipv4,malicious-ip,medium,WHITE,ziyadnz/hourly-ipv4,ziyadnz|hourly,2026-08-17T18:48:05Z,2026-08-17T18:48:05Z,
161.35.190.246,ipv4,malicious-ip,medium,WHITE,ziyadnz/hourly-ipv4,ziyadnz|hourly,2026-08-17T18:48:05Z,2026-08-17T18:48:05Z,
161.35.198.1,ipv4,malicious-ip,medium,WHITE,ziyadnz/hourly-ipv4,ziyadnz|hourly,2026-08-17T18:48:05Z,2026-08-17T18:48:05Z,
161.35.201.29,ipv4,malicious-ip,medium,WHITE,ziyadnz/hourly-ipv4,ziyadnz|hourly,2026-08-17T18:48:05Z,2026-08-17T18:48:05Z,
161.35.204.161,ipv4,malicious-ip,medium,WHITE,ziyadnz/hourly-ipv4,ziyadnz|hourly,2026-08-17T18:48:05Z,2026-08-17T18:48:05Z,
161.35.207.209,ipv4,malicious-ip,medium,WHITE,ziyadnz/hourly-ipv4,ziyadnz|hourly,2026-08-17T18:48:05Z,2026-08-17T18:48:05Z,
161.35.219.147,ipv4,malicious-ip,medium,WHITE,ziyadnz/hourly-ipv4,ziyadnz|hourly,2026-08-17T18:48:05Z,2026-08-17T18:48:05Z,
161.35.219.184,ipv4,malicious-ip,medium,WHITE,ziyadnz/hourly-ipv4,ziyadnz|hourly,2026-08-17T18:48:05Z,2026-08-17T18:48:05Z,
161.35.224.234,ipv4,malicious-ip,medium,WHITE,ziyadnz/hourly-ipv4,ziyadnz|hourly,2026-08-17T18:48:05Z,2026-08-17T18:48:05Z,
161.35.227.2,ipv4,malicious-ip,medium,WHITE,ziyadnz/hourly-ipv4,ziyadnz|hourly,2026-08-17T18:48:05Z,2026-08-17T18:48:05Z,
161.35.229.60,ipv4,malicious-ip,medium,WHITE,ziyadnz/hourly-ipv4,ziyadnz|hourly,2026-08-17T18:48:05Z,2026-08-17T18:48:05Z,
161.35.230.13,ipv4,malicious-ip,medium,WHITE,ziyadnz/hourly-ipv4,ziyadnz|hourly,2026-08-17T18:48:05Z,2026-08-17T18:48:05Z,
161.35.230.183,ipv4,malicious-ip,medium,WHITE,ziyadnz/hourly-ipv4,ziyadnz|hourly,2026-08-17T18:48:05Z,2026-08-17T18:48:05Z,
161.35.230.3,ipv4,malicious-ip,medium,WHITE,ziyadnz/hourly-ipv4,ziyadnz|hourly,2026-08-17T18:48:05Z,2026-08-17T18:48:05Z,
161.35.230.36,ipv4,malicious-ip,medium,WHITE,ziyadnz/hourly-ipv4,ziyadnz|hourly,2026-08-17T18:48:05Z,2026-08-17T18:48:05Z,
161.35.232.153,ipv4,malicious-ip,medium,WHITE,ziyadnz/hourly-ipv4,ziyadnz|hourly,2026-08-17T18:48:05Z,2026-08-17T18:48:05Z,
161.35.235.188,ipv4,malicious-ip,medium,WHITE,ziyadnz/hourly-ipv4,ziyadnz|hourly,2026-08-17T18:48:05Z,2026-08-17T18:48:05Z,
161.35.236.116,ipv4,malicious-ip,medium,WHITE,ziyadnz/hourly-ipv4,ziyadnz|hourly,2026-08-17T18:48:05Z,2026-08-17T18:48:05Z,
161.35.236.158,ipv4,malicious-ip,medium,WHITE,ziyadnz/hourly-ipv4,ziyadnz|hourly,2026-08-17T18:48:05Z,2026-08-17T18:48:05Z,
161.35.236.226,ipv4,malicious-ip,medium,WHITE,ziyadnz/hourly-ipv4,ziyadnz|hourly,2026-08-17T18:48:05Z,2026-08-17T18:48:05Z,
161.35.238.241,ipv4,malicious-ip,medium,WHITE,ziyadnz/hourly-ipv4,ziyadnz|hourly,2026-08-17T18:48:05Z,2026-08-17T18:48:05Z,
161.35.26.123,ipv4,malicious-ip,medium,WHITE,ziyadnz/hourly-ipv4,ziyadnz|hourly,2026-08-17T18:48:05Z,2026-08-17T18:48:05Z,
161.35.36.57,ipv4,malicious-ip,medium,WHITE,ziyadnz/hourly-ipv4,ziyadnz|hourly,2026-08-17T18:48:05Z,2026-08-17T18:48:05Z,
161.35.37.156,ipv4,malicious-ip,medium,WHITE,ziyadnz/hourly-ipv4,ziyadnz|hourly,2026-08-17T18:48:05Z,2026-08-17T18:48:05Z,
161.35.37.246,ipv4,malicious-ip,medium,WHITE,ziyadnz/hourly-ipv4,ziyadnz|hourly,2026-08-17T18:48:05Z,2026-08-17T18:48:05Z,
161.35.4.161,ipv4,malicious-ip,medium,WHITE,ziyadnz/hourly-ipv4,ziyadnz|hourly,2026-08-17T18:48:05Z,2026-08-17T18:48:05Z,
161.35.45.184,ipv4,malicious-ip,medium,WHITE,ziyadnz/hourly-ipv4,ziyadnz|hourly,2026-08-17T18:48:05Z,2026-08-17T18:48:05Z,
161.35.46.137,ipv4,malicious-ip,medium,WHITE,ziyadnz/hourly-ipv4,ziyadnz|hourly,2026-08-17T18:48:05Z,2026-08-17T18:48:05Z,
161.35.46.38,ipv4,malicious-ip,medium,WHITE,ziyadnz/hourly-ipv4,ziyadnz|hourly,2026-08-17T18:48:05Z,2026-08-17T18:48:05Z,
161.35.5.73,ipv4,malicious-ip,medium,WHITE,ziyadnz/hourly-ipv4,ziyadnz|hourly,2026-08-17T18:48:05Z,2026-08-17T18:48:05Z,
161.35.53.219,ipv4,malicious-ip,medium,WHITE,ziyadnz/hourly-ipv4,ziyadnz|hourly,2026-08-17T18:48:05Z,2026-08-17T18:48:05Z,
161.35.54.153,ipv4,malicious-ip,medium,WHITE,ziyadnz/hourly-ipv4,ziyadnz|hourly,2026-08-17T18:48:05Z,2026-08-17T18:48:05Z,
161.35.55.174,ipv4,malicious-ip,medium,WHITE,ziyadnz/hourly-ipv4,ziyadnz|hourly,2026-08-17T18:48:05Z,2026-08-17T18:48:05Z,
161.35.55.223,ipv4,malicious-ip,medium,WHITE,ziyadnz/hourly-ipv4,ziyadnz|hourly,2026-08-17T18:48:05Z,2026-08-17T18:48:05Z,
161.35.56.10,ipv4,malicious-ip,medium,WHITE,ziyadnz/hourly-ipv4,ziyadnz|hourly,2026-08-17T18:48:05Z,2026-08-17T18:48:05Z,
161.35.56.30,ipv4,malicious-ip,medium,WHITE,ziyadnz/hourly-ipv4,ziyadnz|hourly,2026-08-17T18:48:05Z,2026-08-17T18:48:05Z,
161.35.59.180,ipv4,malicious-ip,medium,WHITE,ziyadnz/hourly-ipv4,ziyadnz|hourly,2026-08-17T18:48:05Z,2026-08-17T18:48:05Z,
161.35.60.146,ipv4,malicious-ip,medium,WHITE,ziyadnz/hourly-ipv4,ziyadnz|hourly,2026-08-17T18:48:05Z,2026-08-17T18:48:05Z,
161.35.61.64,ipv4,malicious-ip,medium,WHITE,ziyadnz/hourly-ipv4,ziyadnz|hourly,2026-08-17T18:48:05Z,2026-08-17T18:48:05Z,
161.35.65.86,ipv4,malicious-ip,medium,WHITE,ziyadnz/hourly-ipv4,ziyadnz|hourly,2026-08-17T18:48:05Z,2026-08-17T18:48:05Z,
161.35.67.236,ipv4,malicious-ip,medium,WHITE,ziyadnz/hourly-ipv4,ziyadnz|hourly,2026-08-17T18:48:05Z,2026-08-17T18:48:05Z,
161.35.70.45,ipv4,malicious-ip,medium,WHITE,ziyadnz/hourly-ipv4,ziyadnz|hourly,2026-08-17T18:48:05Z,2026-08-17T18:48:05Z,
161.35.74.235,ipv4,malicious-ip,medium,WHITE,ziyadnz/hourly-ipv4,ziyadnz|hourly,2026-08-17T18:48:05Z,2026-08-17T18:48:05Z,
161.35.74.94,ipv4,malicious-ip,medium,WHITE,ziyadnz/hourly-ipv4,ziyadnz|hourly,2026-08-17T18:48:05Z,2026-08-17T18:48:05Z,
161.35.78.215,ipv4,malicious-ip,medium,WHITE,ziyadnz/hourly-ipv4,ziyadnz|hourly,2026-08-17T18:48:05Z,2026-08-17T18:48:05Z,
161.35.8.0,ipv4,malicious-ip,medium,WHITE,ziyadnz/hourly-ipv4,ziyadnz|hourly,2026-08-17T18:48:05Z,2026-08-17T18:48:05Z,
161.35.8.199,ipv4,malicious-ip,medium,WHITE,ziyadnz/hourly-ipv4,ziyadnz|hourly,2026-08-17T18:48:05Z,2026-08-17T18:48:05Z,
161.35.9.47,ipv4,malicious-ip,medium,WHITE,ziyadnz/hourly-ipv4,ziyadnz|hourly,2026-08-17T18:48:05Z,2026-08-17T18:48:05Z,
161.35.93.124,ipv4,malicious-ip,medium,WHITE,ziyadnz/hourly-ipv4,ziyadnz|hourly,2026-08-17T18:48:05Z,2026-08-17T18:48:05Z,
161.35.93.254,ipv4,malicious-ip,medium,WHITE,ziyadnz/hourly-ipv4,ziyadnz|hourly,2026-08-17T18:48:05Z,2026-08-17T18:48:05Z,
161.35.95.109,ipv4,malicious-ip,medium,WHITE,ziyadnz/hourly-ipv4,ziyadnz|hourly,2026-08-17T18:48:05Z,2026-08-17T18:48:05Z,
161.35.98.162,ipv4,malicious-ip,medium,WHITE,ziyadnz/hourly-ipv4,ziyadnz|hourly,2026-08-17T18:48:05Z,2026-08-17T18:48:05Z,
161.43.85.22,ipv4,malicious-ip,medium,WHITE,ziyadnz/hourly-ipv4,ziyadnz|hourly,2026-08-17T18:48:05Z,2026-08-17T18:48:05Z,
161.49.217.58,ipv4,malicious-ip,medium,WHITE,ziyadnz/hourly-ipv4,ziyadnz|hourly,2026-08-17T18:48:05Z,2026-08-17T18:48:05Z,
161.49.225.169,ipv4,malicious-ip,medium,WHITE,ziyadnz/hourly-ipv4,ziyadnz|hourly,2026-08-17T18:48:05Z,2026-08-17T18:48:05Z,
161.49.231.6,ipv4,malicious-ip,medium,WHITE,ziyadnz/hourly-ipv4,ziyadnz|hourly,2026-08-17T18:48:05Z,2026-08-17T18:48:05Z,
161.56.2.183,ipv4,malicious-ip,medium,WHITE,ziyadnz/hourly-ipv4,ziyadnz|hourly,2026-08-17T18:48:05Z,2026-08-17T18:48:05Z,
161.65.158.29,ipv4,malicious-ip,medium,WHITE,ziyadnz/hourly-ipv4,ziyadnz|hourly,2026-08-17T18:48:05Z,2026-08-17T18:48:05Z,
161.65.64.215,ipv4,malicious-ip,medium,WHITE,ziyadnz/hourly-ipv4,ziyadnz|hourly,2026-08-17T18:48:05Z,2026-08-17T18:48:05Z,
161.77.43.145,ipv4,malicious-ip,medium,WHITE,ziyadnz/hourly-ipv4,ziyadnz|hourly,2026-08-17T18:48:05Z,2026-08-17T18:48:05Z,
161.8.64.158,ipv4,malicious-ip,medium,WHITE,ziyadnz/hourly-ipv4,ziyadnz|hourly,2026-08-17T18:48:05Z,2026-08-17T18:48:05Z,
161.8.67.57,ipv4,malicious-ip,medium,WHITE,ziyadnz/hourly-ipv4,ziyadnz|hourly,2026-08-17T18:48:05Z,2026-08-17T18:48:05Z,
161.81.120.22,ipv4,malicious-ip,medium,WHITE,ziyadnz/hourly-ipv4,ziyadnz|hourly,2026-08-17T18:48:05Z,2026-08-17T18:48:05Z,
161.81.121.120,ipv4,malicious-ip,medium,WHITE,ziyadnz/hourly-ipv4,ziyadnz|hourly,2026-08-17T18:48:05Z,2026-08-17T18:48:05Z,
161.81.122.102,ipv4,malicious-ip,medium,WHITE,ziyadnz/hourly-ipv4,ziyadnz|hourly,2026-08-17T18:48:05Z,2026-08-17T18:48:05Z,
161.81.122.14,ipv4,malicious-ip,medium,WHITE,ziyadnz/hourly-ipv4,ziyadnz|hourly,2026-08-17T18:48:05Z,2026-08-17T18:48:05Z,
161.81.122.194,ipv4,malicious-ip,medium,WHITE,ziyadnz/hourly-ipv4,ziyadnz|hourly,2026-08-17T18:48:05Z,2026-08-17T18:48:05Z,
161.81.248.213,ipv4,malicious-ip,medium,WHITE,ziyadnz/hourly-ipv4,ziyadnz|hourly,2026-08-17T18:48:05Z,2026-08-17T18:48:05Z,
161.81.252.39,ipv4,malicious-ip,medium,WHITE,ziyadnz/hourly-ipv4,ziyadnz|hourly,2026-08-17T18:48:05Z,2026-08-17T18:48:05Z,
161.97.102.113,ipv4,malicious-ip,medium,WHITE,ziyadnz/hourly-ipv4,ziyadnz|hourly,2026-08-17T18:48:05Z,2026-08-17T18:48:05Z,
161.97.102.228,ipv4,malicious-ip,medium,WHITE,ziyadnz/hourly-ipv4,ziyadnz|hourly,2026-08-17T18:48:05Z,2026-08-17T18:48:05Z,
161.97.103.127,ipv4,malicious-ip,medium,WHITE,ziyadnz/hourly-ipv4,ziyadnz|hourly,2026-08-17T18:48:05Z,2026-08-17T18:48:05Z,
161.97.109.57,ipv4,malicious-ip,medium,WHITE,ziyadnz/hourly-ipv4,ziyadnz|hourly,2026-08-17T18:48:05Z,2026-08-17T18:48:05Z,
161.97.110.110,ipv4,malicious-ip,medium,WHITE,ziyadnz/hourly-ipv4,ziyadnz|hourly,2026-08-17T18:48:05Z,2026-08-17T18:48:05Z,
161.97.117.233,ipv4,malicious-ip,medium,WHITE,ziyadnz/hourly-ipv4,ziyadnz|hourly,2026-08-17T18:48:05Z,2026-08-17T18:48:05Z,
161.97.124.236,ipv4,malicious-ip,medium,WHITE,ziyadnz/hourly-ipv4,ziyadnz|hourly,2026-08-17T18:48:05Z,2026-08-17T18:48:05Z,
161.97.132.208,ipv4,malicious-ip,medium,WHITE,ziyadnz/hourly-ipv4,ziyadnz|hourly,2026-08-17T18:48:05Z,2026-08-17T18:48:05Z,
161.97.134.71,ipv4,malicious-ip,medium,WHITE,ziyadnz/hourly-ipv4,ziyadnz|hourly,2026-08-17T18:48:05Z,2026-08-17T18:48:05Z,
161.97.138.122,ipv4,malicious-ip,medium,WHITE,ziyadnz/hourly-ipv4,ziyadnz|hourly,2026-08-17T18:48:05Z,2026-08-17T18:48:05Z,
161.97.138.152,ipv4,malicious-ip,medium,WHITE,ziyadnz/hourly-ipv4,ziyadnz|hourly,2026-08-17T18:48:05Z,2026-08-17T18:48:05Z,
161.97.140.246,ipv4,malicious-ip,medium,WHITE,ziyadnz/hourly-ipv4,ziyadnz|hourly,2026-08-17T18:48:05Z,2026-08-17T18:48:05Z,
161.97.148.30,ipv4,malicious-ip,medium,WHITE,ziyadnz/hourly-ipv4,ziyadnz|hourly,2026-08-17T18:48:05Z,2026-08-17T18:48:05Z,
161.97.151.220,ipv4,malicious-ip,medium,WHITE,ziyadnz/hourly-ipv4,ziyadnz|hourly,2026-08-17T18:48:05Z,2026-08-17T18:48:05Z,
161.97.158.77,ipv4,malicious-ip,medium,WHITE,ziyadnz/hourly-ipv4,ziyadnz|hourly,2026-08-17T18:48:05Z,2026-08-17T18:48:05Z,
161.97.160.86,ipv4,malicious-ip,medium,WHITE,ziyadnz/hourly-ipv4,ziyadnz|hourly,2026-08-17T18:48:05Z,2026-08-17T18:48:05Z,
161.97.170.81,ipv4,malicious-ip,medium,WHITE,ziyadnz/hourly-ipv4,ziyadnz|hourly,2026-08-17T18:48:05Z,2026-08-17T18:48:05Z,
161.97.179.49,ipv4,malicious-ip,medium,WHITE,ziyadnz/hourly-ipv4,ziyadnz|hourly,2026-08-17T18:48:05Z,2026-08-17T18:48:05Z,
161.97.180.57,ipv4,malicious-ip,medium,WHITE,ziyadnz/hourly-ipv4,ziyadnz|hourly,2026-08-17T18:48:05Z,2026-08-17T18:48:05Z,
161.97.181.232,ipv4,malicious-ip,medium,WHITE,ziyadnz/hourly-ipv4,ziyadnz|hourly,2026-08-17T18:48:05Z,2026-08-17T18:48:05Z,
161.97.184.127,ipv4,malicious-ip,medium,WHITE,ziyadnz/hourly-ipv4,ziyadnz|hourly,2026-08-17T18:48:05Z,2026-08-17T18:48:05Z,
161.97.187.218,ipv4,malicious-ip,medium,WHITE,ziyadnz/hourly-ipv4,ziyadnz|hourly,2026-08-17T18:48:05Z,2026-08-17T18:48:05Z,
161.97.219.84,ipv4,malicious-ip,medium,WHITE,ziyadnz/hourly-ipv4,ziyadnz|hourly,2026-08-17T18:48:05Z,2026-08-17T18:48:05Z,
161.97.68.161,ipv4,malicious-ip,medium,WHITE,ziyadnz/hourly-ipv4,ziyadnz|hourly,2026-08-17T18:48:05Z,2026-08-17T18:48:05Z,
161.97.72.101,ipv4,malicious-ip,medium,WHITE,ziyadnz/hourly-ipv4,ziyadnz|hourly,2026-08-17T18:48:05Z,2026-08-17T18:48:05Z,
161.97.79.114,ipv4,malicious-ip,medium,WHITE,ziyadnz/hourly-ipv4,ziyadnz|hourly,2026-08-17T18:48:05Z,2026-08-17T18:48:05Z,
161.97.82.97,ipv4,malicious-ip,medium,WHITE,ziyadnz/hourly-ipv4,ziyadnz|hourly,2026-08-17T18:48:05Z,2026-08-17T18:48:05Z,
161.97.88.134,ipv4,malicious-ip,medium,WHITE,ziyadnz/hourly-ipv4,ziyadnz|hourly,2026-08-17T18:48:05Z,2026-08-17T18:48:05Z,
161.97.90.214,ipv4,malicious-ip,medium,WHITE,ziyadnz/hourly-ipv4,ziyadnz|hourly,2026-08-17T18:48:05Z,2026-08-17T18:48:05Z,
161.97.94.173,ipv4,malicious-ip,medium,WHITE,ziyadnz/hourly-ipv4,ziyadnz|hourly,2026-08-17T18:48:05Z,2026-08-17T18:48:05Z,
161.97.98.104,ipv4,malicious-ip,medium,WHITE,ziyadnz/hourly-ipv4,ziyadnz|hourly,2026-08-17T18:48:05Z,2026-08-17T18:48:05Z,
161.97.99.230,ipv4,malicious-ip,medium,WHITE,ziyadnz/hourly-ipv4,ziyadnz|hourly,2026-08-17T18:48:05Z,2026-08-17T18:48:05Z,
161.97.99.49,ipv4,malicious-ip,medium,WHITE,ziyadnz/hourly-ipv4,ziyadnz|hourly,2026-08-17T18:48:05Z,2026-08-17T18:48:05Z,
162.0.208.45,ipv4,malicious-ip,medium,WHITE,ziyadnz/hourly-ipv4,ziyadnz|hourly,2026-08-17T18:48:05Z,2026-08-17T18:48:05Z,
162.0.211.124,ipv4,malicious-ip,medium,WHITE,ziyadnz/hourly-ipv4,ziyadnz|hourly,2026-08-17T18:48:05Z,2026-08-17T18:48:05Z,
162.0.225.82,ipv4,malicious-ip,medium,WHITE,ziyadnz/hourly-ipv4,ziyadnz|hourly,2026-08-17T18:48:05Z,2026-08-17T18:48:05Z,
162.0.238.10,ipv4,malicious-ip,medium,WHITE,ziyadnz/hourly-ipv4,ziyadnz|hourly,2026-08-17T18:48:05Z,2026-08-17T18:48:05Z,
162.0.247.102,ipv4,malicious-ip,medium,WHITE,ziyadnz/hourly-ipv4,ziyadnz|hourly,2026-08-17T18:48:05Z,2026-08-17T18:48:05Z,
162.12.197.17,ipv4,malicious-ip,medium,WHITE,ziyadnz/hourly-ipv4,ziyadnz|hourly,2026-08-17T18:48:05Z,2026-08-17T18:48:05Z,
162.120.115.237,ipv4,malicious-ip,medium,WHITE,ziyadnz/hourly-ipv4,ziyadnz|hourly,2026-08-17T18:48:05Z,2026-08-17T18:48:05Z,
162.128.185.98,ipv4,malicious-ip,medium,WHITE,ziyadnz/hourly-ipv4,ziyadnz|hourly,2026-08-17T18:48:05Z,2026-08-17T18:48:05Z,
162.14.106.101,ipv4,malicious-ip,medium,WHITE,ziyadnz/hourly-ipv4,ziyadnz|hourly,2026-08-17T18:48:05Z,2026-08-17T18:48:05Z,
162.14.109.170,ipv4,malicious-ip,medium,WHITE,ziyadnz/hourly-ipv4,ziyadnz|hourly,2026-08-17T18:48:05Z,2026-08-17T18:48:05Z,
162.14.66.219,ipv4,malicious-ip,medium,WHITE,ziyadnz/hourly-ipv4,ziyadnz|hourly,2026-08-17T18:48:05Z,2026-08-17T18:48:05Z,
162.14.81.106,ipv4,malicious-ip,medium,WHITE,ziyadnz/hourly-ipv4,ziyadnz|hourly,2026-08-17T18:48:05Z,2026-08-17T18:48:05Z,
162.141.0.211,ipv4,malicious-ip,medium,WHITE,ziyadnz/hourly-ipv4,ziyadnz|hourly,2026-08-17T18:48:05Z,2026-08-17T18:48:05Z,
162.141.111.227,ipv4,malicious-ip,medium,WHITE,ziyadnz/hourly-ipv4,ziyadnz|hourly,2026-08-17T18:48:05Z,2026-08-17T18:48:05Z,
162.141.167.80,ipv4,malicious-ip,medium,WHITE,ziyadnz/hourly-ipv4,ziyadnz|hourly,2026-08-17T18:48:05Z,2026-08-17T18:48:05Z,
162.141.92.173,ipv4,malicious-ip,medium,WHITE,ziyadnz/hourly-ipv4,ziyadnz|hourly,2026-08-17T18:48:05Z,2026-08-17T18:48:05Z,
162.141.92.192,ipv4,malicious-ip,medium,WHITE,ziyadnz/hourly-ipv4,ziyadnz|hourly,2026-08-17T18:48:05Z,2026-08-17T18:48:05Z,
162.141.92.3,ipv4,malicious-ip,medium,WHITE,ziyadnz/hourly-ipv4,ziyadnz|hourly,2026-08-17T18:48:05Z,2026-08-17T18:48:05Z,
162.142.125.37,ipv4,malicious-ip,medium,WHITE,ziyadnz/hourly-ipv4,ziyadnz|hourly,2026-08-17T18:48:05Z,2026-08-17T18:48:05Z,
162.144.108.27,ipv4,malicious-ip,medium,WHITE,ziyadnz/hourly-ipv4,ziyadnz|hourly,2026-08-17T18:48:05Z,2026-08-17T18:48:05Z,
162.144.21.160,ipv4,malicious-ip,medium,WHITE,ziyadnz/hourly-ipv4,ziyadnz|hourly,2026-08-17T18:48:05Z,2026-08-17T18:48:05Z,
162.144.213.198,ipv4,malicious-ip,medium,WHITE,ziyadnz/hourly-ipv4,ziyadnz|hourly,2026-08-17T18:48:05Z,2026-08-17T18:48:05Z,
162.144.34.123,ipv4,malicious-ip,medium,WHITE,ziyadnz/hourly-ipv4,ziyadnz|hourly,2026-08-17T18:48:05Z,2026-08-17T18:48:05Z,
162.144.58.21,ipv4,malicious-ip,medium,WHITE,ziyadnz/hourly-ipv4,ziyadnz|hourly,2026-08-17T18:48:05Z,2026-08-17T18:48:05Z,
162.144.61.95,ipv4,malicious-ip,medium,WHITE,ziyadnz/hourly-ipv4,ziyadnz|hourly,2026-08-17T18:48:05Z,2026-08-17T18:48:05Z,
162.155.21.148,ipv4,malicious-ip,medium,WHITE,ziyadnz/hourly-ipv4,ziyadnz|hourly,2026-08-17T18:48:05Z,2026-08-17T18:48:05Z,
162.17.163.226,ipv4,malicious-ip,medium,WHITE,ziyadnz/hourly-ipv4,ziyadnz|hourly,2026-08-17T18:48:05Z,2026-08-17T18:48:05Z,
162.19.135.215,ipv4,malicious-ip,medium,WHITE,ziyadnz/hourly-ipv4,ziyadnz|hourly,2026-08-17T18:48:05Z,2026-08-17T18:48:05Z,
162.19.175.44,ipv4,malicious-ip,medium,WHITE,ziyadnz/hourly-ipv4,ziyadnz|hourly,2026-08-17T18:48:05Z,2026-08-17T18:48:05Z,
162.19.196.13,ipv4,malicious-ip,medium,WHITE,ziyadnz/hourly-ipv4,ziyadnz|hourly,2026-08-17T18:48:05Z,2026-08-17T18:48:05Z,
162.19.224.214,ipv4,malicious-ip,medium,WHITE,ziyadnz/hourly-ipv4,ziyadnz|hourly,2026-08-17T18:48:05Z,2026-08-17T18:48:05Z,
162.19.230.21,ipv4,malicious-ip,medium,WHITE,ziyadnz/hourly-ipv4,ziyadnz|hourly,2026-08-17T18:48:05Z,2026-08-17T18:48:05Z,
162.19.237.181,ipv4,malicious-ip,medium,WHITE,ziyadnz/hourly-ipv4,ziyadnz|hourly,2026-08-17T18:48:05Z,2026-08-17T18:48:05Z,
162.19.243.145,ipv4,malicious-ip,medium,WHITE,ziyadnz/hourly-ipv4,ziyadnz|hourly,2026-08-17T18:48:05Z,2026-08-17T18:48:05Z,
162.19.250.18,ipv4,malicious-ip,medium,WHITE,ziyadnz/hourly-ipv4,ziyadnz|hourly,2026-08-17T18:48:05Z,2026-08-17T18:48:05Z,
162.19.252.77,ipv4,malicious-ip,medium,WHITE,ziyadnz/hourly-ipv4,ziyadnz|hourly,2026-08-17T18:48:05Z,2026-08-17T18:48:05Z,
162.19.7.11,ipv4,malicious-ip,medium,WHITE,ziyadnz/hourly-ipv4,ziyadnz|hourly,2026-08-17T18:48:05Z,2026-08-17T18:48:05Z,
162.203.178.253,ipv4,malicious-ip,medium,WHITE,ziyadnz/hourly-ipv4,ziyadnz|hourly,2026-08-17T18:48:05Z,2026-08-17T18:48:05Z,
162.206.193.23,ipv4,malicious-ip,medium,WHITE,ziyadnz/hourly-ipv4,ziyadnz|hourly,2026-08-17T18:48:05Z,2026-08-17T18:48:05Z,
162.207.243.74,ipv4,malicious-ip,medium,WHITE,ziyadnz/hourly-ipv4,ziyadnz|hourly,2026-08-17T18:48:05Z,2026-08-17T18:48:05Z,
162.208.135.33,ipv4,malicious-ip,medium,WHITE,ziyadnz/hourly-ipv4,ziyadnz|hourly,2026-08-17T18:48:05Z,2026-08-17T18:48:05Z,
162.210.194.2,ipv4,malicious-ip,medium,WHITE,ziyadnz/hourly-ipv4,ziyadnz|hourly,2026-08-17T18:48:05Z,2026-08-17T18:48:05Z,
162.210.196.101,ipv4,malicious-ip,medium,WHITE,ziyadnz/hourly-ipv4,ziyadnz|hourly,2026-08-17T18:48:05Z,2026-08-17T18:48:05Z,
162.210.245.77,ipv4,malicious-ip,medium,WHITE,ziyadnz/hourly-ipv4,ziyadnz|hourly,2026-08-17T18:48:05Z,2026-08-17T18:48:05Z,
162.211.230.239,ipv4,malicious-ip,medium,WHITE,ziyadnz/hourly-ipv4,ziyadnz|hourly,2026-08-17T18:48:05Z,2026-08-17T18:48:05Z,
162.212.158.60,ipv4,malicious-ip,medium,WHITE,ziyadnz/hourly-ipv4,ziyadnz|hourly,2026-08-17T18:48:05Z,2026-08-17T18:48:05Z,
162.213.194.186,ipv4,malicious-ip,medium,WHITE,ziyadnz/hourly-ipv4,ziyadnz|hourly,2026-08-17T18:48:05Z,2026-08-17T18:48:05Z,
162.213.226.29,ipv4,malicious-ip,medium,WHITE,ziyadnz/hourly-ipv4,ziyadnz|hourly,2026-08-17T18:48:05Z,2026-08-17T18:48:05Z,
162.214.121.181,ipv4,malicious-ip,medium,WHITE,ziyadnz/hourly-ipv4,ziyadnz|hourly,2026-08-17T18:48:05Z,2026-08-17T18:48:05Z,
162.214.184.71,ipv4,malicious-ip,medium,WHITE,ziyadnz/hourly-ipv4,ziyadnz|hourly,2026-08-17T18:48:05Z,2026-08-17T18:48:05Z,
162.214.22.174,ipv4,malicious-ip,medium,WHITE,ziyadnz/hourly-ipv4,ziyadnz|hourly,2026-08-17T18:48:05Z,2026-08-17T18:48:05Z,
162.214.5.224,ipv4,malicious-ip,medium,WHITE,ziyadnz/hourly-ipv4,ziyadnz|hourly,2026-08-17T18:48:05Z,2026-08-17T18:48:05Z,
162.214.96.231,ipv4,malicious-ip,medium,WHITE,ziyadnz/hourly-ipv4,ziyadnz|hourly,2026-08-17T18:48:05Z,2026-08-17T18:48:05Z,
162.214.98.181,ipv4,malicious-ip,medium,WHITE,ziyadnz/hourly-ipv4,ziyadnz|hourly,2026-08-17T18:48:05Z,2026-08-17T18:48:05Z,
162.215.135.80,ipv4,malicious-ip,medium,WHITE,ziyadnz/hourly-ipv4,ziyadnz|hourly,2026-08-17T18:48:05Z,2026-08-17T18:48:05Z,
162.215.170.26,ipv4,malicious-ip,medium,WHITE,ziyadnz/hourly-ipv4,ziyadnz|hourly,2026-08-17T18:48:05Z,2026-08-17T18:48:05Z,
162.216.142.81,ipv4,malicious-ip,medium,WHITE,ziyadnz/hourly-ipv4,ziyadnz|hourly,2026-08-17T18:48:05Z,2026-08-17T18:48:05Z,
162.216.149.0,ipv4,malicious-ip,medium,WHITE,ziyadnz/hourly-ipv4,ziyadnz|hourly,2026-08-17T18:48:05Z,2026-08-17T18:48:05Z,
162.216.149.100,ipv4,malicious-ip,medium,WHITE,ziyadnz/hourly-ipv4,ziyadnz|hourly,2026-08-17T18:48:05Z,2026-08-17T18:48:05Z,
162.216.149.101,ipv4,malicious-ip,medium,WHITE,ziyadnz/hourly-ipv4,ziyadnz|hourly,2026-08-17T18:48:05Z,2026-08-17T18:48:05Z,
162.216.149.102,ipv4,malicious-ip,medium,WHITE,ziyadnz/hourly-ipv4,ziyadnz|hourly,2026-08-17T18:48:05Z,2026-08-17T18:48:05Z,
162.216.149.103,ipv4,malicious-ip,medium,WHITE,ziyadnz/hourly-ipv4,ziyadnz|hourly,2026-08-17T18:48:05Z,2026-08-17T18:48:05Z,
162.216.149.104,ipv4,malicious-ip,medium,WHITE,ziyadnz/hourly-ipv4,ziyadnz|hourly,2026-08-17T18:48:05Z,2026-08-17T18:48:05Z,
162.216.149.105,ipv4,malicious-ip,medium,WHITE,ziyadnz/hourly-ipv4,ziyadnz|hourly,2026-08-17T18:48:05Z,2026-08-17T18:48:05Z,
162.216.149.106,ipv4,malicious-ip,medium,WHITE,ziyadnz/hourly-ipv4,ziyadnz|hourly,2026-08-17T18:48:05Z,2026-08-17T18:48:05Z,
162.216.149.107,ipv4,malicious-ip,medium,WHITE,ziyadnz/hourly-ipv4,ziyadnz|hourly,2026-08-17T18:48:05Z,2026-08-17T18:48:05Z,
162.216.149.108,ipv4,malicious-ip,medium,WHITE,ziyadnz/hourly-ipv4,ziyadnz|hourly,2026-08-17T18:48:05Z,2026-08-17T18:48:05Z,
162.216.149.109,ipv4,malicious-ip,medium,WHITE,ziyadnz/hourly-ipv4,ziyadnz|hourly,2026-08-17T18:48:05Z,2026-08-17T18:48:05Z,
162.216.149.11,ipv4,malicious-ip,medium,WHITE,ziyadnz/hourly-ipv4,ziyadnz|hourly,2026-08-17T18:48:05Z,2026-08-17T18:48:05Z,
162.216.149.110,ipv4,malicious-ip,medium,WHITE,ziyadnz/hourly-ipv4,ziyadnz|hourly,2026-08-17T18:48:05Z,2026-08-17T18:48:05Z,
162.216.149.111,ipv4,malicious-ip,medium,WHITE,ziyadnz/hourly-ipv4,ziyadnz|hourly,2026-08-17T18:48:05Z,2026-08-17T18:48:05Z,
162.216.149.112,ipv4,malicious-ip,medium,WHITE,ziyadnz/hourly-ipv4,ziyadnz|hourly,2026-08-17T18:48:05Z,2026-08-17T18:48:05Z,
162.216.149.113,ipv4,malicious-ip,medium,WHITE,ziyadnz/hourly-ipv4,ziyadnz|hourly,2026-08-17T18:48:05Z,2026-08-17T18:48:05Z,
162.216.149.114,ipv4,malicious-ip,medium,WHITE,ziyadnz/hourly-ipv4,ziyadnz|hourly,2026-08-17T18:48:05Z,2026-08-17T18:48:05Z,
162.216.149.115,ipv4,malicious-ip,medium,WHITE,ziyadnz/hourly-ipv4,ziyadnz|hourly,2026-08-17T18:48:05Z,2026-08-17T18:48:05Z,
162.216.149.117,ipv4,malicious-ip,medium,WHITE,ziyadnz/hourly-ipv4,ziyadnz|hourly,2026-08-17T18:48:05Z,2026-08-17T18:48:05Z,
162.216.149.118,ipv4,malicious-ip,medium,WHITE,ziyadnz/hourly-ipv4,ziyadnz|hourly,2026-08-17T18:48:05Z,2026-08-17T18:48:05Z,
162.216.149.119,ipv4,malicious-ip,medium,WHITE,ziyadnz/hourly-ipv4,ziyadnz|hourly,2026-08-17T18:48:05Z,2026-08-17T18:48:05Z,
162.216.149.12,ipv4,malicious-ip,medium,WHITE,ziyadnz/hourly-ipv4,ziyadnz|hourly,2026-08-17T18:48:05Z,2026-08-17T18:48:05Z,
162.216.149.120,ipv4,malicious-ip,medium,WHITE,ziyadnz/hourly-ipv4,ziyadnz|hourly,2026-08-17T18:48:05Z,2026-08-17T18:48:05Z,
162.216.149.121,ipv4,malicious-ip,medium,WHITE,ziyadnz/hourly-ipv4,ziyadnz|hourly,2026-08-17T18:48:05Z,2026-08-17T18:48:05Z,
162.216.149.122,ipv4,malicious-ip,medium,WHITE,ziyadnz/hourly-ipv4,ziyadnz|hourly,2026-08-17T18:48:05Z,2026-08-17T18:48:05Z,
162.216.149.123,ipv4,malicious-ip,medium,WHITE,ziyadnz/hourly-ipv4,ziyadnz|hourly,2026-08-17T18:48:05Z,2026-08-17T18:48:05Z,
162.216.149.124,ipv4,malicious-ip,medium,WHITE,ziyadnz/hourly-ipv4,ziyadnz|hourly,2026-08-17T18:48:05Z,2026-08-17T18:48:05Z,
162.216.149.125,ipv4,malicious-ip,medium,WHITE,ziyadnz/hourly-ipv4,ziyadnz|hourly,2026-08-17T18:48:05Z,2026-08-17T18:48:05Z,
162.216.149.126,ipv4,malicious-ip,medium,WHITE,ziyadnz/hourly-ipv4,ziyadnz|hourly,2026-08-17T18:48:05Z,2026-08-17T18:48:05Z,
162.216.149.127,ipv4,malicious-ip,medium,WHITE,ziyadnz/hourly-ipv4,ziyadnz|hourly,2026-08-17T18:48:05Z,2026-08-17T18:48:05Z,
162.216.149.129,ipv4,malicious-ip,medium,WHITE,ziyadnz/hourly-ipv4,ziyadnz|hourly,2026-08-17T18:48:05Z,2026-08-17T18:48:05Z,
162.216.149.13,ipv4,malicious-ip,medium,WHITE,ziyadnz/hourly-ipv4,ziyadnz|hourly,2026-08-17T18:48:05Z,2026-08-17T18:48:05Z,
162.216.149.130,ipv4,malicious-ip,medium,WHITE,ziyadnz/hourly-ipv4,ziyadnz|hourly,2026-08-17T18:48:05Z,2026-08-17T18:48:05Z,
162.216.149.131,ipv4,malicious-ip,medium,WHITE,ziyadnz/hourly-ipv4,ziyadnz|hourly,2026-08-17T18:48:05Z,2026-08-17T18:48:05Z,
162.216.149.132,ipv4,malicious-ip,medium,WHITE,ziyadnz/hourly-ipv4,ziyadnz|hourly,2026-08-17T18:48:05Z,2026-08-17T18:48:05Z,
162.216.149.133,ipv4,malicious-ip,medium,WHITE,ziyadnz/hourly-ipv4,ziyadnz|hourly,2026-08-17T18:48:05Z,2026-08-17T18:48:05Z,
162.216.149.134,ipv4,malicious-ip,medium,WHITE,ziyadnz/hourly-ipv4,ziyadnz|hourly,2026-08-17T18:48:05Z,2026-08-17T18:48:05Z,
162.216.149.135,ipv4,malicious-ip,medium,WHITE,ziyadnz/hourly-ipv4,ziyadnz|hourly,2026-08-17T18:48:05Z,2026-08-17T18:48:05Z,
162.216.149.136,ipv4,malicious-ip,medium,WHITE,ziyadnz/hourly-ipv4,ziyadnz|hourly,2026-08-17T18:48:05Z,2026-08-17T18:48:05Z,
162.216.149.137,ipv4,malicious-ip,medium,WHITE,ziyadnz/hourly-ipv4,ziyadnz|hourly,2026-08-17T18:48:05Z,2026-08-17T18:48:05Z,
162.216.149.138,ipv4,malicious-ip,medium,WHITE,ziyadnz/hourly-ipv4,ziyadnz|hourly,2026-08-17T18:48:05Z,2026-08-17T18:48:05Z,
162.216.149.139,ipv4,malicious-ip,medium,WHITE,ziyadnz/hourly-ipv4,ziyadnz|hourly,2026-08-17T18:48:05Z,2026-08-17T18:48:05Z,
162.216.149.14,ipv4,malicious-ip,medium,WHITE,ziyadnz/hourly-ipv4,ziyadnz|hourly,2026-08-17T18:48:05Z,2026-08-17T18:48:05Z,
162.216.149.140,ipv4,malicious-ip,medium,WHITE,ziyadnz/hourly-ipv4,ziyadnz|hourly,2026-08-17T18:48:05Z,2026-08-17T18:48:05Z,
162.216.149.142,ipv4,malicious-ip,medium,WHITE,ziyadnz/hourly-ipv4,ziyadnz|hourly,2026-08-17T18:48:05Z,2026-08-17T18:48:05Z,
162.216.149.143,ipv4,malicious-ip,medium,WHITE,ziyadnz/hourly-ipv4,ziyadnz|hourly,2026-08-17T18:48:05Z,2026-08-17T18:48:05Z,
162.216.149.144,ipv4,malicious-ip,medium,WHITE,ziyadnz/hourly-ipv4,ziyadnz|hourly,2026-08-17T18:48:05Z,2026-08-17T18:48:05Z,
162.216.149.145,ipv4,malicious-ip,medium,WHITE,ziyadnz/hourly-ipv4,ziyadnz|hourly,2026-08-17T18:48:05Z,2026-08-17T18:48:05Z,
162.216.149.146,ipv4,malicious-ip,medium,WHITE,ziyadnz/hourly-ipv4,ziyadnz|hourly,2026-08-17T18:48:05Z,2026-08-17T18:48:05Z,
162.216.149.147,ipv4,malicious-ip,medium,WHITE,ziyadnz/hourly-ipv4,ziyadnz|hourly,2026-08-17T18:48:05Z,2026-08-17T18:48:05Z,
162.216.149.148,ipv4,malicious-ip,medium,WHITE,ziyadnz/hourly-ipv4,ziyadnz|hourly,2026-08-17T18:48:05Z,2026-08-17T18:48:05Z,
162.216.149.149,ipv4,malicious-ip,medium,WHITE,ziyadnz/hourly-ipv4,ziyadnz|hourly,2026-08-17T18:48:05Z,2026-08-17T18:48:05Z,
162.216.149.15,ipv4,malicious-ip,medium,WHITE,ziyadnz/hourly-ipv4,ziyadnz|hourly,2026-08-17T18:48:05Z,2026-08-17T18:48:05Z,
162.216.149.150,ipv4,malicious-ip,medium,WHITE,ziyadnz/hourly-ipv4,ziyadnz|hourly,2026-08-17T18:48:05Z,2026-08-17T18:48:05Z,
162.216.149.151,ipv4,malicious-ip,medium,WHITE,ziyadnz/hourly-ipv4,ziyadnz|hourly,2026-08-17T18:48:05Z,2026-08-17T18:48:05Z,
162.216.149.152,ipv4,malicious-ip,medium,WHITE,ziyadnz/hourly-ipv4,ziyadnz|hourly,2026-08-17T18:48:05Z,2026-08-17T18:48:05Z,
162.216.149.153,ipv4,malicious-ip,medium,WHITE,ziyadnz/hourly-ipv4,ziyadnz|hourly,2026-08-17T18:48:05Z,2026-08-17T18:48:05Z,
162.216.149.154,ipv4,malicious-ip,medium,WHITE,ziyadnz/hourly-ipv4,ziyadnz|hourly,2026-08-17T18:48:05Z,2026-08-17T18:48:05Z,
162.216.149.155,ipv4,malicious-ip,medium,WHITE,ziyadnz/hourly-ipv4,ziyadnz|hourly,2026-08-17T18:48:05Z,2026-08-17T18:48:05Z,
162.216.149.156,ipv4,malicious-ip,medium,WHITE,ziyadnz/hourly-ipv4,ziyadnz|hourly,2026-08-17T18:48:05Z,2026-08-17T18:48:05Z,
162.216.149.158,ipv4,malicious-ip,medium,WHITE,ziyadnz/hourly-ipv4,ziyadnz|hourly,2026-08-17T18:48:05Z,2026-08-17T18:48:05Z,
162.216.149.159,ipv4,malicious-ip,medium,WHITE,ziyadnz/hourly-ipv4,ziyadnz|hourly,2026-08-17T18:48:05Z,2026-08-17T18:48:05Z,
162.216.149.16,ipv4,malicious-ip,medium,WHITE,ziyadnz/hourly-ipv4,ziyadnz|hourly,2026-08-17T18:48:05Z,2026-08-17T18:48:05Z,
162.216.149.160,ipv4,malicious-ip,medium,WHITE,ziyadnz/hourly-ipv4,ziyadnz|hourly,2026-08-17T18:48:05Z,2026-08-17T18:48:05Z,
162.216.149.161,ipv4,malicious-ip,medium,WHITE,ziyadnz/hourly-ipv4,ziyadnz|hourly,2026-08-17T18:48:05Z,2026-08-17T18:48:05Z,
162.216.149.162,ipv4,malicious-ip,medium,WHITE,ziyadnz/hourly-ipv4,ziyadnz|hourly,2026-08-17T18:48:05Z,2026-08-17T18:48:05Z,
162.216.149.163,ipv4,malicious-ip,medium,WHITE,ziyadnz/hourly-ipv4,ziyadnz|hourly,2026-08-17T18:48:05Z,2026-08-17T18:48:05Z,
162.216.149.164,ipv4,malicious-ip,medium,WHITE,ziyadnz/hourly-ipv4,ziyadnz|hourly,2026-08-17T18:48:05Z,2026-08-17T18:48:05Z,
162.216.149.165,ipv4,malicious-ip,medium,WHITE,ziyadnz/hourly-ipv4,ziyadnz|hourly,2026-08-17T18:48:05Z,2026-08-17T18:48:05Z,
162.216.149.166,ipv4,malicious-ip,medium,WHITE,ziyadnz/hourly-ipv4,ziyadnz|hourly,2026-08-17T18:48:05Z,2026-08-17T18:48:05Z,
162.216.149.167,ipv4,malicious-ip,medium,WHITE,ziyadnz/hourly-ipv4,ziyadnz|hourly,2026-08-17T18:48:05Z,2026-08-17T18:48:05Z,
162.216.149.168,ipv4,malicious-ip,medium,WHITE,ziyadnz/hourly-ipv4,ziyadnz|hourly,2026-08-17T18:48:05Z,2026-08-17T18:48:05Z,
162.216.149.169,ipv4,malicious-ip,medium,WHITE,ziyadnz/hourly-ipv4,ziyadnz|hourly,2026-08-17T18:48:05Z,2026-08-17T18:48:05Z,
162.216.149.17,ipv4,malicious-ip,medium,WHITE,ziyadnz/hourly-ipv4,ziyadnz|hourly,2026-08-17T18:48:05Z,2026-08-17T18:48:05Z,
162.216.149.170,ipv4,malicious-ip,medium,WHITE,ziyadnz/hourly-ipv4,ziyadnz|hourly,2026-08-17T18:48:05Z,2026-08-17T18:48:05Z,
162.216.149.171,ipv4,malicious-ip,medium,WHITE,ziyadnz/hourly-ipv4,ziyadnz|hourly,2026-08-17T18:48:05Z,2026-08-17T18:48:05Z,
162.216.149.172,ipv4,malicious-ip,medium,WHITE,ziyadnz/hourly-ipv4,ziyadnz|hourly,2026-08-17T18:48:05Z,2026-08-17T18:48:05Z,
162.216.149.173,ipv4,malicious-ip,medium,WHITE,ziyadnz/hourly-ipv4,ziyadnz|hourly,2026-08-17T18:48:05Z,2026-08-17T18:48:05Z,
162.216.149.174,ipv4,malicious-ip,medium,WHITE,ziyadnz/hourly-ipv4,ziyadnz|hourly,2026-08-17T18:48:05Z,2026-08-17T18:48:05Z,
162.216.149.176,ipv4,malicious-ip,medium,WHITE,ziyadnz/hourly-ipv4,ziyadnz|hourly,2026-08-17T18:48:05Z,2026-08-17T18:48:05Z,
162.216.149.177,ipv4,malicious-ip,medium,WHITE,ziyadnz/hourly-ipv4,ziyadnz|hourly,2026-08-17T18:48:05Z,2026-08-17T18:48:05Z,
162.216.149.178,ipv4,malicious-ip,medium,WHITE,ziyadnz/hourly-ipv4,ziyadnz|hourly,2026-08-17T18:48:05Z,2026-08-17T18:48:05Z,
162.216.149.179,ipv4,malicious-ip,medium,WHITE,ziyadnz/hourly-ipv4,ziyadnz|hourly,2026-08-17T18:48:05Z,2026-08-17T18:48:05Z,
162.216.149.18,ipv4,malicious-ip,medium,WHITE,ziyadnz/hourly-ipv4,ziyadnz|hourly,2026-08-17T18:48:05Z,2026-08-17T18:48:05Z,
162.216.149.180,ipv4,malicious-ip,medium,WHITE,ziyadnz/hourly-ipv4,ziyadnz|hourly,2026-08-17T18:48:05Z,2026-08-17T18:48:05Z,
162.216.149.181,ipv4,malicious-ip,medium,WHITE,ziyadnz/hourly-ipv4,ziyadnz|hourly,2026-08-17T18:48:05Z,2026-08-17T18:48:05Z,
162.216.149.182,ipv4,malicious-ip,medium,WHITE,ziyadnz/hourly-ipv4,ziyadnz|hourly,2026-08-17T18:48:05Z,2026-08-17T18:48:05Z,
162.216.149.183,ipv4,malicious-ip,medium,WHITE,ziyadnz/hourly-ipv4,ziyadnz|hourly,2026-08-17T18:48:05Z,2026-08-17T18:48:05Z,
162.216.149.184,ipv4,malicious-ip,medium,WHITE,ziyadnz/hourly-ipv4,ziyadnz|hourly,2026-08-17T18:48:05Z,2026-08-17T18:48:05Z,
162.216.149.185,ipv4,malicious-ip,medium,WHITE,ziyadnz/hourly-ipv4,ziyadnz|hourly,2026-08-17T18:48:05Z,2026-08-17T18:48:05Z,
162.216.149.186,ipv4,malicious-ip,medium,WHITE,ziyadnz/hourly-ipv4,ziyadnz|hourly,2026-08-17T18:48:05Z,2026-08-17T18:48:05Z,
162.216.149.187,ipv4,malicious-ip,medium,WHITE,ziyadnz/hourly-ipv4,ziyadnz|hourly,2026-08-17T18:48:05Z,2026-08-17T18:48:05Z,
162.216.149.188,ipv4,malicious-ip,medium,WHITE,ziyadnz/hourly-ipv4,ziyadnz|hourly,2026-08-17T18:48:05Z,2026-08-17T18:48:05Z,
162.216.149.189,ipv4,malicious-ip,medium,WHITE,ziyadnz/hourly-ipv4,ziyadnz|hourly,2026-08-17T18:48:05Z,2026-08-17T18:48:05Z,
162.216.149.19,ipv4,malicious-ip,medium,WHITE,ziyadnz/hourly-ipv4,ziyadnz|hourly,2026-08-17T18:48:05Z,2026-08-17T18:48:05Z,
162.216.149.190,ipv4,malicious-ip,medium,WHITE,ziyadnz/hourly-ipv4,ziyadnz|hourly,2026-08-17T18:48:05Z,2026-08-17T18:48:05Z,
162.216.149.191,ipv4,malicious-ip,medium,WHITE,ziyadnz/hourly-ipv4,ziyadnz|hourly,2026-08-17T18:48:05Z,2026-08-17T18:48:05Z,
162.216.149.192,ipv4,malicious-ip,medium,WHITE,ziyadnz/hourly-ipv4,ziyadnz|hourly,2026-08-17T18:48:05Z,2026-08-17T18:48:05Z,
162.216.149.193,ipv4,malicious-ip,medium,WHITE,ziyadnz/hourly-ipv4,ziyadnz|hourly,2026-08-17T18:48:05Z,2026-08-17T18:48:05Z,
162.216.149.194,ipv4,malicious-ip,medium,WHITE,ziyadnz/hourly-ipv4,ziyadnz|hourly,2026-08-17T18:48:05Z,2026-08-17T18:48:05Z,
162.216.149.196,ipv4,malicious-ip,medium,WHITE,ziyadnz/hourly-ipv4,ziyadnz|hourly,2026-08-17T18:48:05Z,2026-08-17T18:48:05Z,
162.216.149.197,ipv4,malicious-ip,medium,WHITE,ziyadnz/hourly-ipv4,ziyadnz|hourly,2026-08-17T18:48:05Z,2026-08-17T18:48:05Z,
162.216.149.198,ipv4,malicious-ip,medium,WHITE,ziyadnz/hourly-ipv4,ziyadnz|hourly,2026-08-17T18:48:05Z,2026-08-17T18:48:05Z,
162.216.149.199,ipv4,malicious-ip,medium,WHITE,ziyadnz/hourly-ipv4,ziyadnz|hourly,2026-08-17T18:48:05Z,2026-08-17T18:48:05Z,
162.216.149.20,ipv4,malicious-ip,medium,WHITE,ziyadnz/hourly-ipv4,ziyadnz|hourly,2026-08-17T18:48:05Z,2026-08-17T18:48:05Z,
162.216.149.200,ipv4,malicious-ip,medium,WHITE,ziyadnz/hourly-ipv4,ziyadnz|hourly,2026-08-17T18:48:05Z,2026-08-17T18:48:05Z,
162.216.149.201,ipv4,malicious-ip,medium,WHITE,ziyadnz/hourly-ipv4,ziyadnz|hourly,2026-08-17T18:48:05Z,2026-08-17T18:48:05Z,
162.216.149.202,ipv4,malicious-ip,medium,WHITE,ziyadnz/hourly-ipv4,ziyadnz|hourly,2026-08-17T18:48:05Z,2026-08-17T18:48:05Z,
162.216.149.203,ipv4,malicious-ip,medium,WHITE,ziyadnz/hourly-ipv4,ziyadnz|hourly,2026-08-17T18:48:05Z,2026-08-17T18:48:05Z,
162.216.149.205,ipv4,malicious-ip,medium,WHITE,ziyadnz/hourly-ipv4,ziyadnz|hourly,2026-08-17T18:48:05Z,2026-08-17T18:48:05Z,
162.216.149.206,ipv4,malicious-ip,medium,WHITE,ziyadnz/hourly-ipv4,ziyadnz|hourly,2026-08-17T18:48:05Z,2026-08-17T18:48:05Z,
162.216.149.207,ipv4,malicious-ip,medium,WHITE,ziyadnz/hourly-ipv4,ziyadnz|hourly,2026-08-17T18:48:05Z,2026-08-17T18:48:05Z,
162.216.149.208,ipv4,malicious-ip,medium,WHITE,ziyadnz/hourly-ipv4,ziyadnz|hourly,2026-08-17T18:48:05Z,2026-08-17T18:48:05Z,
162.216.149.209,ipv4,malicious-ip,medium,WHITE,ziyadnz/hourly-ipv4,ziyadnz|hourly,2026-08-17T18:48:05Z,2026-08-17T18:48:05Z,
162.216.149.21,ipv4,malicious-ip,medium,WHITE,ziyadnz/hourly-ipv4,ziyadnz|hourly,2026-08-17T18:48:05Z,2026-08-17T18:48:05Z,
162.216.149.210,ipv4,malicious-ip,medium,WHITE,ziyadnz/hourly-ipv4,ziyadnz|hourly,2026-08-17T18:48:05Z,2026-08-17T18:48:05Z,
162.216.149.211,ipv4,malicious-ip,medium,WHITE,ziyadnz/hourly-ipv4,ziyadnz|hourly,2026-08-17T18:48:05Z,2026-08-17T18:48:05Z,
162.216.149.212,ipv4,malicious-ip,medium,WHITE,ziyadnz/hourly-ipv4,ziyadnz|hourly,2026-08-17T18:48:05Z,2026-08-17T18:48:05Z,
162.216.149.213,ipv4,malicious-ip,medium,WHITE,ziyadnz/hourly-ipv4,ziyadnz|hourly,2026-08-17T18:48:05Z,2026-08-17T18:48:05Z,
162.216.149.214,ipv4,malicious-ip,medium,WHITE,ziyadnz/hourly-ipv4,ziyadnz|hourly,2026-08-17T18:48:05Z,2026-08-17T18:48:05Z,
162.216.149.217,ipv4,malicious-ip,medium,WHITE,ziyadnz/hourly-ipv4,ziyadnz|hourly,2026-08-17T18:48:05Z,2026-08-17T18:48:05Z,
162.216.149.218,ipv4,malicious-ip,medium,WHITE,ziyadnz/hourly-ipv4,ziyadnz|hourly,2026-08-17T18:48:05Z,2026-08-17T18:48:05Z,
162.216.149.219,ipv4,malicious-ip,medium,WHITE,ziyadnz/hourly-ipv4,ziyadnz|hourly,2026-08-17T18:48:05Z,2026-08-17T18:48:05Z,
162.216.149.22,ipv4,malicious-ip,medium,WHITE,ziyadnz/hourly-ipv4,ziyadnz|hourly,2026-08-17T18:48:05Z,2026-08-17T18:48:05Z,
162.216.149.220,ipv4,malicious-ip,medium,WHITE,ziyadnz/hourly-ipv4,ziyadnz|hourly,2026-08-17T18:48:05Z,2026-08-17T18:48:05Z,
162.216.149.221,ipv4,malicious-ip,medium,WHITE,ziyadnz/hourly-ipv4,ziyadnz|hourly,2026-08-17T18:48:05Z,2026-08-17T18:48:05Z,
162.216.149.222,ipv4,malicious-ip,medium,WHITE,ziyadnz/hourly-ipv4,ziyadnz|hourly,2026-08-17T18:48:05Z,2026-08-17T18:48:05Z,
162.216.149.223,ipv4,malicious-ip,medium,WHITE,ziyadnz/hourly-ipv4,ziyadnz|hourly,2026-08-17T18:48:05Z,2026-08-17T18:48:05Z,
162.216.149.224,ipv4,malicious-ip,medium,WHITE,ziyadnz/hourly-ipv4,ziyadnz|hourly,2026-08-17T18:48:05Z,2026-08-17T18:48:05Z,
162.216.149.225,ipv4,malicious-ip,medium,WHITE,ziyadnz/hourly-ipv4,ziyadnz|hourly,2026-08-17T18:48:05Z,2026-08-17T18:48:05Z,
162.216.149.226,ipv4,malicious-ip,medium,WHITE,ziyadnz/hourly-ipv4,ziyadnz|hourly,2026-08-17T18:48:05Z,2026-08-17T18:48:05Z,
162.216.149.227,ipv4,malicious-ip,medium,WHITE,ziyadnz/hourly-ipv4,ziyadnz|hourly,2026-08-17T18:48:05Z,2026-08-17T18:48:05Z,
162.216.149.228,ipv4,malicious-ip,medium,WHITE,ziyadnz/hourly-ipv4,ziyadnz|hourly,2026-08-17T18:48:05Z,2026-08-17T18:48:05Z,
162.216.149.229,ipv4,malicious-ip,medium,WHITE,ziyadnz/hourly-ipv4,ziyadnz|hourly,2026-08-17T18:48:05Z,2026-08-17T18:48:05Z,
162.216.149.23,ipv4,malicious-ip,medium,WHITE,ziyadnz/hourly-ipv4,ziyadnz|hourly,2026-08-17T18:48:05Z,2026-08-17T18:48:05Z,
162.216.149.230,ipv4,malicious-ip,medium,WHITE,ziyadnz/hourly-ipv4,ziyadnz|hourly,2026-08-17T18:48:05Z,2026-08-17T18:48:05Z,
162.216.149.231,ipv4,malicious-ip,medium,WHITE,ziyadnz/hourly-ipv4,ziyadnz|hourly,2026-08-17T18:48:05Z,2026-08-17T18:48:05Z,
162.216.149.232,ipv4,malicious-ip,medium,WHITE,ziyadnz/hourly-ipv4,ziyadnz|hourly,2026-08-17T18:48:05Z,2026-08-17T18:48:05Z,
162.216.149.233,ipv4,malicious-ip,medium,WHITE,ziyadnz/hourly-ipv4,ziyadnz|hourly,2026-08-17T18:48:05Z,2026-08-17T18:48:05Z,
162.216.149.234,ipv4,malicious-ip,medium,WHITE,ziyadnz/hourly-ipv4,ziyadnz|hourly,2026-08-17T18:48:05Z,2026-08-17T18:48:05Z,
162.216.149.235,ipv4,malicious-ip,medium,WHITE,ziyadnz/hourly-ipv4,ziyadnz|hourly,2026-08-17T18:48:05Z,2026-08-17T18:48:05Z,
162.216.149.236,ipv4,malicious-ip,medium,WHITE,ziyadnz/hourly-ipv4,ziyadnz|hourly,2026-08-17T18:48:05Z,2026-08-17T18:48:05Z,
162.216.149.237,ipv4,malicious-ip,medium,WHITE,ziyadnz/hourly-ipv4,ziyadnz|hourly,2026-08-17T18:48:05Z,2026-08-17T18:48:05Z,
162.216.149.238,ipv4,malicious-ip,medium,WHITE,ziyadnz/hourly-ipv4,ziyadnz|hourly,2026-08-17T18:48:05Z,2026-08-17T18:48:05Z,
162.216.149.239,ipv4,malicious-ip,medium,WHITE,ziyadnz/hourly-ipv4,ziyadnz|hourly,2026-08-17T18:48:05Z,2026-08-17T18:48:05Z,
162.216.149.24,ipv4,malicious-ip,medium,WHITE,ziyadnz/hourly-ipv4,ziyadnz|hourly,2026-08-17T18:48:05Z,2026-08-17T18:48:05Z,
162.216.149.240,ipv4,malicious-ip,medium,WHITE,ziyadnz/hourly-ipv4,ziyadnz|hourly,2026-08-17T18:48:05Z,2026-08-17T18:48:05Z,
162.216.149.241,ipv4,malicious-ip,medium,WHITE,ziyadnz/hourly-ipv4,ziyadnz|hourly,2026-08-17T18:48:05Z,2026-08-17T18:48:05Z,
162.216.149.242,ipv4,malicious-ip,medium,WHITE,ziyadnz/hourly-ipv4,ziyadnz|hourly,2026-08-17T18:48:05Z,2026-08-17T18:48:05Z,
162.216.149.243,ipv4,malicious-ip,medium,WHITE,ziyadnz/hourly-ipv4,ziyadnz|hourly,2026-08-17T18:48:05Z,2026-08-17T18:48:05Z,
162.216.149.244,ipv4,malicious-ip,medium,WHITE,ziyadnz/hourly-ipv4,ziyadnz|hourly,2026-08-17T18:48:05Z,2026-08-17T18:48:05Z,
162.216.149.245,ipv4,malicious-ip,medium,WHITE,ziyadnz/hourly-ipv4,ziyadnz|hourly,2026-08-17T18:48:05Z,2026-08-17T18:48:05Z,
162.216.149.246,ipv4,malicious-ip,medium,WHITE,ziyadnz/hourly-ipv4,ziyadnz|hourly,2026-08-17T18:48:05Z,2026-08-17T18:48:05Z,
162.216.149.247,ipv4,malicious-ip,medium,WHITE,ziyadnz/hourly-ipv4,ziyadnz|hourly,2026-08-17T18:48:05Z,2026-08-17T18:48:05Z,
162.216.149.248,ipv4,malicious-ip,medium,WHITE,ziyadnz/hourly-ipv4,ziyadnz|hourly,2026-08-17T18:48:05Z,2026-08-17T18:48:05Z,
162.216.149.25,ipv4,malicious-ip,medium,WHITE,ziyadnz/hourly-ipv4,ziyadnz|hourly,2026-08-17T18:48:05Z,2026-08-17T18:48:05Z,
162.216.149.250,ipv4,malicious-ip,medium,WHITE,ziyadnz/hourly-ipv4,ziyadnz|hourly,2026-08-17T18:48:05Z,2026-08-17T18:48:05Z,
162.216.149.252,ipv4,malicious-ip,medium,WHITE,ziyadnz/hourly-ipv4,ziyadnz|hourly,2026-08-17T18:48:05Z,2026-08-17T18:48:05Z,
162.216.149.253,ipv4,malicious-ip,medium,WHITE,ziyadnz/hourly-ipv4,ziyadnz|hourly,2026-08-17T18:48:05Z,2026-08-17T18:48:05Z,
162.216.149.254,ipv4,malicious-ip,medium,WHITE,ziyadnz/hourly-ipv4,ziyadnz|hourly,2026-08-17T18:48:05Z,2026-08-17T18:48:05Z,
162.216.149.26,ipv4,malicious-ip,medium,WHITE,ziyadnz/hourly-ipv4,ziyadnz|hourly,2026-08-17T18:48:05Z,2026-08-17T18:48:05Z,
162.216.149.28,ipv4,malicious-ip,medium,WHITE,ziyadnz/hourly-ipv4,ziyadnz|hourly,2026-08-17T18:48:05Z,2026-08-17T18:48:05Z,
162.216.149.29,ipv4,malicious-ip,medium,WHITE,ziyadnz/hourly-ipv4,ziyadnz|hourly,2026-08-17T18:48:05Z,2026-08-17T18:48:05Z,
162.216.149.3,ipv4,malicious-ip,medium,WHITE,ziyadnz/hourly-ipv4,ziyadnz|hourly,2026-08-17T18:48:05Z,2026-08-17T18:48:05Z,
162.216.149.30,ipv4,malicious-ip,medium,WHITE,ziyadnz/hourly-ipv4,ziyadnz|hourly,2026-08-17T18:48:05Z,2026-08-17T18:48:05Z,
162.216.149.31,ipv4,malicious-ip,medium,WHITE,ziyadnz/hourly-ipv4,ziyadnz|hourly,2026-08-17T18:48:05Z,2026-08-17T18:48:05Z,
162.216.149.32,ipv4,malicious-ip,medium,WHITE,ziyadnz/hourly-ipv4,ziyadnz|hourly,2026-08-17T18:48:05Z,2026-08-17T18:48:05Z,
162.216.149.33,ipv4,malicious-ip,medium,WHITE,ziyadnz/hourly-ipv4,ziyadnz|hourly,2026-08-17T18:48:05Z,2026-08-17T18:48:05Z,
162.216.149.35,ipv4,malicious-ip,medium,WHITE,ziyadnz/hourly-ipv4,ziyadnz|hourly,2026-08-17T18:48:05Z,2026-08-17T18:48:05Z,
162.216.149.36,ipv4,malicious-ip,medium,WHITE,ziyadnz/hourly-ipv4,ziyadnz|hourly,2026-08-17T18:48:05Z,2026-08-17T18:48:05Z,
162.216.149.37,ipv4,malicious-ip,medium,WHITE,ziyadnz/hourly-ipv4,ziyadnz|hourly,2026-08-17T18:48:05Z,2026-08-17T18:48:05Z,
162.216.149.38,ipv4,malicious-ip,medium,WHITE,ziyadnz/hourly-ipv4,ziyadnz|hourly,2026-08-17T18:48:05Z,2026-08-17T18:48:05Z,
162.216.149.39,ipv4,malicious-ip,medium,WHITE,ziyadnz/hourly-ipv4,ziyadnz|hourly,2026-08-17T18:48:05Z,2026-08-17T18:48:05Z,
162.216.149.40,ipv4,malicious-ip,medium,WHITE,ziyadnz/hourly-ipv4,ziyadnz|hourly,2026-08-17T18:48:05Z,2026-08-17T18:48:05Z,
162.216.149.41,ipv4,malicious-ip,medium,WHITE,ziyadnz/hourly-ipv4,ziyadnz|hourly,2026-08-17T18:48:05Z,2026-08-17T18:48:05Z,
162.216.149.42,ipv4,malicious-ip,medium,WHITE,ziyadnz/hourly-ipv4,ziyadnz|hourly,2026-08-17T18:48:05Z,2026-08-17T18:48:05Z,
162.216.149.43,ipv4,malicious-ip,medium,WHITE,ziyadnz/hourly-ipv4,ziyadnz|hourly,2026-08-17T18:48:05Z,2026-08-17T18:48:05Z,
162.216.149.46,ipv4,malicious-ip,medium,WHITE,ziyadnz/hourly-ipv4,ziyadnz|hourly,2026-08-17T18:48:05Z,2026-08-17T18:48:05Z,
162.216.149.47,ipv4,malicious-ip,medium,WHITE,ziyadnz/hourly-ipv4,ziyadnz|hourly,2026-08-17T18:48:05Z,2026-08-17T18:48:05Z,
162.216.149.49,ipv4,malicious-ip,medium,WHITE,ziyadnz/hourly-ipv4,ziyadnz|hourly,2026-08-17T18:48:05Z,2026-08-17T18:48:05Z,
162.216.149.5,ipv4,malicious-ip,medium,WHITE,ziyadnz/hourly-ipv4,ziyadnz|hourly,2026-08-17T18:48:05Z,2026-08-17T18:48:05Z,
162.216.149.50,ipv4,malicious-ip,medium,WHITE,ziyadnz/hourly-ipv4,ziyadnz|hourly,2026-08-17T18:48:05Z,2026-08-17T18:48:05Z,
162.216.149.51,ipv4,malicious-ip,medium,WHITE,ziyadnz/hourly-ipv4,ziyadnz|hourly,2026-08-17T18:48:05Z,2026-08-17T18:48:05Z,
162.216.149.52,ipv4,malicious-ip,medium,WHITE,ziyadnz/hourly-ipv4,ziyadnz|hourly,2026-08-17T18:48:05Z,2026-08-17T18:48:05Z,
162.216.149.53,ipv4,malicious-ip,medium,WHITE,ziyadnz/hourly-ipv4,ziyadnz|hourly,2026-08-17T18:48:05Z,2026-08-17T18:48:05Z,
162.216.149.54,ipv4,malicious-ip,medium,WHITE,ziyadnz/hourly-ipv4,ziyadnz|hourly,2026-08-17T18:48:05Z,2026-08-17T18:48:05Z,
162.216.149.55,ipv4,malicious-ip,medium,WHITE,ziyadnz/hourly-ipv4,ziyadnz|hourly,2026-08-17T18:48:05Z,2026-08-17T18:48:05Z,
162.216.149.56,ipv4,malicious-ip,medium,WHITE,ziyadnz/hourly-ipv4,ziyadnz|hourly,2026-08-17T18:48:05Z,2026-08-17T18:48:05Z,
162.216.149.57,ipv4,malicious-ip,medium,WHITE,ziyadnz/hourly-ipv4,ziyadnz|hourly,2026-08-17T18:48:05Z,2026-08-17T18:48:05Z,
162.216.149.58,ipv4,malicious-ip,medium,WHITE,ziyadnz/hourly-ipv4,ziyadnz|hourly,2026-08-17T18:48:05Z,2026-08-17T18:48:05Z,
162.216.149.59,ipv4,malicious-ip,medium,WHITE,ziyadnz/hourly-ipv4,ziyadnz|hourly,2026-08-17T18:48:05Z,2026-08-17T18:48:05Z,
162.216.149.6,ipv4,malicious-ip,medium,WHITE,ziyadnz/hourly-ipv4,ziyadnz|hourly,2026-08-17T18:48:05Z,2026-08-17T18:48:05Z,
162.216.149.60,ipv4,malicious-ip,medium,WHITE,ziyadnz/hourly-ipv4,ziyadnz|hourly,2026-08-17T18:48:05Z,2026-08-17T18:48:05Z,
162.216.149.61,ipv4,malicious-ip,medium,WHITE,ziyadnz/hourly-ipv4,ziyadnz|hourly,2026-08-17T18:48:05Z,2026-08-17T18:48:05Z,
162.216.149.62,ipv4,malicious-ip,medium,WHITE,ziyadnz/hourly-ipv4,ziyadnz|hourly,2026-08-17T18:48:05Z,2026-08-17T18:48:05Z,
162.216.149.63,ipv4,malicious-ip,medium,WHITE,ziyadnz/hourly-ipv4,ziyadnz|hourly,2026-08-17T18:48:05Z,2026-08-17T18:48:05Z,
162.216.149.64,ipv4,malicious-ip,medium,WHITE,ziyadnz/hourly-ipv4,ziyadnz|hourly,2026-08-17T18:48:05Z,2026-08-17T18:48:05Z,
162.216.149.65,ipv4,malicious-ip,medium,WHITE,ziyadnz/hourly-ipv4,ziyadnz|hourly,2026-08-17T18:48:05Z,2026-08-17T18:48:05Z,
162.216.149.66,ipv4,malicious-ip,medium,WHITE,ziyadnz/hourly-ipv4,ziyadnz|hourly,2026-08-17T18:48:05Z,2026-08-17T18:48:05Z,
162.216.149.67,ipv4,malicious-ip,medium,WHITE,ziyadnz/hourly-ipv4,ziyadnz|hourly,2026-08-17T18:48:05Z,2026-08-17T18:48:05Z,
162.216.149.68,ipv4,malicious-ip,medium,WHITE,ziyadnz/hourly-ipv4,ziyadnz|hourly,2026-08-17T18:48:05Z,2026-08-17T18:48:05Z,
162.216.149.69,ipv4,malicious-ip,medium,WHITE,ziyadnz/hourly-ipv4,ziyadnz|hourly,2026-08-17T18:48:05Z,2026-08-17T18:48:05Z,
162.216.149.7,ipv4,malicious-ip,medium,WHITE,ziyadnz/hourly-ipv4,ziyadnz|hourly,2026-08-17T18:48:05Z,2026-08-17T18:48:05Z,
162.216.149.70,ipv4,malicious-ip,medium,WHITE,ziyadnz/hourly-ipv4,ziyadnz|hourly,2026-08-17T18:48:05Z,2026-08-17T18:48:05Z,
162.216.149.71,ipv4,malicious-ip,medium,WHITE,ziyadnz/hourly-ipv4,ziyadnz|hourly,2026-08-17T18:48:05Z,2026-08-17T18:48:05Z,
162.216.149.72,ipv4,malicious-ip,medium,WHITE,ziyadnz/hourly-ipv4,ziyadnz|hourly,2026-08-17T18:48:05Z,2026-08-17T18:48:05Z,
162.216.149.73,ipv4,malicious-ip,medium,WHITE,ziyadnz/hourly-ipv4,ziyadnz|hourly,2026-08-17T18:48:05Z,2026-08-17T18:48:05Z,
162.216.149.74,ipv4,malicious-ip,medium,WHITE,ziyadnz/hourly-ipv4,ziyadnz|hourly,2026-08-17T18:48:05Z,2026-08-17T18:48:05Z,
162.216.149.75,ipv4,malicious-ip,medium,WHITE,ziyadnz/hourly-ipv4,ziyadnz|hourly,2026-08-17T18:48:05Z,2026-08-17T18:48:05Z,
162.216.149.76,ipv4,malicious-ip,medium,WHITE,ziyadnz/hourly-ipv4,ziyadnz|hourly,2026-08-17T18:48:05Z,2026-08-17T18:48:05Z,
162.216.149.77,ipv4,malicious-ip,medium,WHITE,ziyadnz/hourly-ipv4,ziyadnz|hourly,2026-08-17T18:48:05Z,2026-08-17T18:48:05Z,
162.216.149.78,ipv4,malicious-ip,medium,WHITE,ziyadnz/hourly-ipv4,ziyadnz|hourly,2026-08-17T18:48:05Z,2026-08-17T18:48:05Z,
162.216.149.79,ipv4,malicious-ip,medium,WHITE,ziyadnz/hourly-ipv4,ziyadnz|hourly,2026-08-17T18:48:05Z,2026-08-17T18:48:05Z,
162.216.149.8,ipv4,malicious-ip,medium,WHITE,ziyadnz/hourly-ipv4,ziyadnz|hourly,2026-08-17T18:48:05Z,2026-08-17T18:48:05Z,
162.216.149.80,ipv4,malicious-ip,medium,WHITE,ziyadnz/hourly-ipv4,ziyadnz|hourly,2026-08-17T18:48:05Z,2026-08-17T18:48:05Z,
162.216.149.81,ipv4,malicious-ip,medium,WHITE,ziyadnz/hourly-ipv4,ziyadnz|hourly,2026-08-17T18:48:05Z,2026-08-17T18:48:05Z,
162.216.149.82,ipv4,malicious-ip,medium,WHITE,ziyadnz/hourly-ipv4,ziyadnz|hourly,2026-08-17T18:48:05Z,2026-08-17T18:48:05Z,
162.216.149.83,ipv4,malicious-ip,medium,WHITE,ziyadnz/hourly-ipv4,ziyadnz|hourly,2026-08-17T18:48:05Z,2026-08-17T18:48:05Z,
162.216.149.84,ipv4,malicious-ip,medium,WHITE,ziyadnz/hourly-ipv4,ziyadnz|hourly,2026-08-17T18:48:05Z,2026-08-17T18:48:05Z,
162.216.149.85,ipv4,malicious-ip,medium,WHITE,ziyadnz/hourly-ipv4,ziyadnz|hourly,2026-08-17T18:48:05Z,2026-08-17T18:48:05Z,
162.216.149.86,ipv4,malicious-ip,medium,WHITE,ziyadnz/hourly-ipv4,ziyadnz|hourly,2026-08-17T18:48:05Z,2026-08-17T18:48:05Z,
162.216.149.87,ipv4,malicious-ip,medium,WHITE,ziyadnz/hourly-ipv4,ziyadnz|hourly,2026-08-17T18:48:05Z,2026-08-17T18:48:05Z,
162.216.149.88,ipv4,malicious-ip,medium,WHITE,ziyadnz/hourly-ipv4,ziyadnz|hourly,2026-08-17T18:48:05Z,2026-08-17T18:48:05Z,
162.216.149.89,ipv4,malicious-ip,medium,WHITE,ziyadnz/hourly-ipv4,ziyadnz|hourly,2026-08-17T18:48:05Z,2026-08-17T18:48:05Z,
162.216.149.9,ipv4,malicious-ip,medium,WHITE,ziyadnz/hourly-ipv4,ziyadnz|hourly,2026-08-17T18:48:05Z,2026-08-17T18:48:05Z,
162.216.149.90,ipv4,malicious-ip,medium,WHITE,ziyadnz/hourly-ipv4,ziyadnz|hourly,2026-08-17T18:48:05Z,2026-08-17T18:48:05Z,
162.216.149.91,ipv4,malicious-ip,medium,WHITE,ziyadnz/hourly-ipv4,ziyadnz|hourly,2026-08-17T18:48:05Z,2026-08-17T18:48:05Z,
162.216.149.93,ipv4,malicious-ip,medium,WHITE,ziyadnz/hourly-ipv4,ziyadnz|hourly,2026-08-17T18:48:05Z,2026-08-17T18:48:05Z,
162.216.149.94,ipv4,malicious-ip,medium,WHITE,ziyadnz/hourly-ipv4,ziyadnz|hourly,2026-08-17T18:48:05Z,2026-08-17T18:48:05Z,
162.216.149.96,ipv4,malicious-ip,medium,WHITE,ziyadnz/hourly-ipv4,ziyadnz|hourly,2026-08-17T18:48:05Z,2026-08-17T18:48:05Z,
162.216.149.97,ipv4,malicious-ip,medium,WHITE,ziyadnz/hourly-ipv4,ziyadnz|hourly,2026-08-17T18:48:05Z,2026-08-17T18:48:05Z,
162.216.149.99,ipv4,malicious-ip,medium,WHITE,ziyadnz/hourly-ipv4,ziyadnz|hourly,2026-08-17T18:48:05Z,2026-08-17T18:48:05Z,
162.216.150.0,ipv4,malicious-ip,medium,WHITE,ziyadnz/hourly-ipv4,ziyadnz|hourly,2026-08-17T18:48:05Z,2026-08-17T18:48:05Z,
162.216.150.10,ipv4,malicious-ip,medium,WHITE,ziyadnz/hourly-ipv4,ziyadnz|hourly,2026-08-17T18:48:05Z,2026-08-17T18:48:05Z,
162.216.150.100,ipv4,malicious-ip,medium,WHITE,ziyadnz/hourly-ipv4,ziyadnz|hourly,2026-08-17T18:48:05Z,2026-08-17T18:48:05Z,
162.216.150.101,ipv4,malicious-ip,medium,WHITE,ziyadnz/hourly-ipv4,ziyadnz|hourly,2026-08-17T18:48:05Z,2026-08-17T18:48:05Z,
162.216.150.102,ipv4,malicious-ip,medium,WHITE,ziyadnz/hourly-ipv4,ziyadnz|hourly,2026-08-17T18:48:05Z,2026-08-17T18:48:05Z,
162.216.150.103,ipv4,malicious-ip,medium,WHITE,ziyadnz/hourly-ipv4,ziyadnz|hourly,2026-08-17T18:48:05Z,2026-08-17T18:48:05Z,
162.216.150.104,ipv4,malicious-ip,medium,WHITE,ziyadnz/hourly-ipv4,ziyadnz|hourly,2026-08-17T18:48:05Z,2026-08-17T18:48:05Z,
162.216.150.105,ipv4,malicious-ip,medium,WHITE,ziyadnz/hourly-ipv4,ziyadnz|hourly,2026-08-17T18:48:05Z,2026-08-17T18:48:05Z,
162.216.150.106,ipv4,malicious-ip,medium,WHITE,ziyadnz/hourly-ipv4,ziyadnz|hourly,2026-08-17T18:48:05Z,2026-08-17T18:48:05Z,
162.216.150.107,ipv4,malicious-ip,medium,WHITE,ziyadnz/hourly-ipv4,ziyadnz|hourly,2026-08-17T18:48:05Z,2026-08-17T18:48:05Z,
162.216.150.108,ipv4,malicious-ip,medium,WHITE,ziyadnz/hourly-ipv4,ziyadnz|hourly,2026-08-17T18:48:05Z,2026-08-17T18:48:05Z,
162.216.150.109,ipv4,malicious-ip,medium,WHITE,ziyadnz/hourly-ipv4,ziyadnz|hourly,2026-08-17T18:48:05Z,2026-08-17T18:48:05Z,
162.216.150.11,ipv4,malicious-ip,medium,WHITE,ziyadnz/hourly-ipv4,ziyadnz|hourly,2026-08-17T18:48:05Z,2026-08-17T18:48:05Z,
162.216.150.110,ipv4,malicious-ip,medium,WHITE,ziyadnz/hourly-ipv4,ziyadnz|hourly,2026-08-17T18:48:05Z,2026-08-17T18:48:05Z,
162.216.150.111,ipv4,malicious-ip,medium,WHITE,ziyadnz/hourly-ipv4,ziyadnz|hourly,2026-08-17T18:48:05Z,2026-08-17T18:48:05Z,
162.216.150.112,ipv4,malicious-ip,medium,WHITE,ziyadnz/hourly-ipv4,ziyadnz|hourly,2026-08-17T18:48:05Z,2026-08-17T18:48:05Z,
162.216.150.113,ipv4,malicious-ip,medium,WHITE,ziyadnz/hourly-ipv4,ziyadnz|hourly,2026-08-17T18:48:05Z,2026-08-17T18:48:05Z,
162.216.150.114,ipv4,malicious-ip,medium,WHITE,ziyadnz/hourly-ipv4,ziyadnz|hourly,2026-08-17T18:48:05Z,2026-08-17T18:48:05Z,
162.216.150.115,ipv4,malicious-ip,medium,WHITE,ziyadnz/hourly-ipv4,ziyadnz|hourly,2026-08-17T18:48:05Z,2026-08-17T18:48:05Z,
162.216.150.116,ipv4,malicious-ip,medium,WHITE,ziyadnz/hourly-ipv4,ziyadnz|hourly,2026-08-17T18:48:05Z,2026-08-17T18:48:05Z,
162.216.150.117,ipv4,malicious-ip,medium,WHITE,ziyadnz/hourly-ipv4,ziyadnz|hourly,2026-08-17T18:48:05Z,2026-08-17T18:48:05Z,
162.216.150.119,ipv4,malicious-ip,medium,WHITE,ziyadnz/hourly-ipv4,ziyadnz|hourly,2026-08-17T18:48:05Z,2026-08-17T18:48:05Z,
162.216.150.12,ipv4,malicious-ip,medium,WHITE,ziyadnz/hourly-ipv4,ziyadnz|hourly,2026-08-17T18:48:05Z,2026-08-17T18:48:05Z,
162.216.150.120,ipv4,malicious-ip,medium,WHITE,ziyadnz/hourly-ipv4,ziyadnz|hourly,2026-08-17T18:48:05Z,2026-08-17T18:48:05Z,
162.216.150.121,ipv4,malicious-ip,medium,WHITE,ziyadnz/hourly-ipv4,ziyadnz|hourly,2026-08-17T18:48:05Z,2026-08-17T18:48:05Z,
162.216.150.122,ipv4,malicious-ip,medium,WHITE,ziyadnz/hourly-ipv4,ziyadnz|hourly,2026-08-17T18:48:05Z,2026-08-17T18:48:05Z,
162.216.150.124,ipv4,malicious-ip,medium,WHITE,ziyadnz/hourly-ipv4,ziyadnz|hourly,2026-08-17T18:48:05Z,2026-08-17T18:48:05Z,
162.216.150.125,ipv4,malicious-ip,medium,WHITE,ziyadnz/hourly-ipv4,ziyadnz|hourly,2026-08-17T18:48:05Z,2026-08-17T18:48:05Z,
162.216.150.126,ipv4,malicious-ip,medium,WHITE,ziyadnz/hourly-ipv4,ziyadnz|hourly,2026-08-17T18:48:05Z,2026-08-17T18:48:05Z,
162.216.150.127,ipv4,malicious-ip,medium,WHITE,ziyadnz/hourly-ipv4,ziyadnz|hourly,2026-08-17T18:48:05Z,2026-08-17T18:48:05Z,
162.216.150.128,ipv4,malicious-ip,medium,WHITE,ziyadnz/hourly-ipv4,ziyadnz|hourly,2026-08-17T18:48:05Z,2026-08-17T18:48:05Z,
162.216.150.129,ipv4,malicious-ip,medium,WHITE,ziyadnz/hourly-ipv4,ziyadnz|hourly,2026-08-17T18:48:05Z,2026-08-17T18:48:05Z,
162.216.150.13,ipv4,malicious-ip,medium,WHITE,ziyadnz/hourly-ipv4,ziyadnz|hourly,2026-08-17T18:48:05Z,2026-08-17T18:48:05Z,
162.216.150.130,ipv4,malicious-ip,medium,WHITE,ziyadnz/hourly-ipv4,ziyadnz|hourly,2026-08-17T18:48:05Z,2026-08-17T18:48:05Z,
162.216.150.131,ipv4,malicious-ip,medium,WHITE,ziyadnz/hourly-ipv4,ziyadnz|hourly,2026-08-17T18:48:05Z,2026-08-17T18:48:05Z,
162.216.150.132,ipv4,malicious-ip,medium,WHITE,ziyadnz/hourly-ipv4,ziyadnz|hourly,2026-08-17T18:48:05Z,2026-08-17T18:48:05Z,
162.216.150.133,ipv4,malicious-ip,medium,WHITE,ziyadnz/hourly-ipv4,ziyadnz|hourly,2026-08-17T18:48:05Z,2026-08-17T18:48:05Z,
162.216.150.134,ipv4,malicious-ip,medium,WHITE,ziyadnz/hourly-ipv4,ziyadnz|hourly,2026-08-17T18:48:05Z,2026-08-17T18:48:05Z,
162.216.150.136,ipv4,malicious-ip,medium,WHITE,ziyadnz/hourly-ipv4,ziyadnz|hourly,2026-08-17T18:48:05Z,2026-08-17T18:48:05Z,
162.216.150.137,ipv4,malicious-ip,medium,WHITE,ziyadnz/hourly-ipv4,ziyadnz|hourly,2026-08-17T18:48:05Z,2026-08-17T18:48:05Z,
162.216.150.138,ipv4,malicious-ip,medium,WHITE,ziyadnz/hourly-ipv4,ziyadnz|hourly,2026-08-17T18:48:05Z,2026-08-17T18:48:05Z,
162.216.150.139,ipv4,malicious-ip,medium,WHITE,ziyadnz/hourly-ipv4,ziyadnz|hourly,2026-08-17T18:48:05Z,2026-08-17T18:48:05Z,
162.216.150.14,ipv4,malicious-ip,medium,WHITE,ziyadnz/hourly-ipv4,ziyadnz|hourly,2026-08-17T18:48:05Z,2026-08-17T18:48:05Z,
162.216.150.140,ipv4,malicious-ip,medium,WHITE,ziyadnz/hourly-ipv4,ziyadnz|hourly,2026-08-17T18:48:05Z,2026-08-17T18:48:05Z,
162.216.150.141,ipv4,malicious-ip,medium,WHITE,ziyadnz/hourly-ipv4,ziyadnz|hourly,2026-08-17T18:48:05Z,2026-08-17T18:48:05Z,
162.216.150.142,ipv4,malicious-ip,medium,WHITE,ziyadnz/hourly-ipv4,ziyadnz|hourly,2026-08-17T18:48:05Z,2026-08-17T18:48:05Z,
162.216.150.143,ipv4,malicious-ip,medium,WHITE,ziyadnz/hourly-ipv4,ziyadnz|hourly,2026-08-17T18:48:05Z,2026-08-17T18:48:05Z,
162.216.150.144,ipv4,malicious-ip,medium,WHITE,ziyadnz/hourly-ipv4,ziyadnz|hourly,2026-08-17T18:48:05Z,2026-08-17T18:48:05Z,
162.216.150.145,ipv4,malicious-ip,medium,WHITE,ziyadnz/hourly-ipv4,ziyadnz|hourly,2026-08-17T18:48:05Z,2026-08-17T18:48:05Z,
162.216.150.146,ipv4,malicious-ip,medium,WHITE,ziyadnz/hourly-ipv4,ziyadnz|hourly,2026-08-17T18:48:05Z,2026-08-17T18:48:05Z,
162.216.150.147,ipv4,malicious-ip,medium,WHITE,ziyadnz/hourly-ipv4,ziyadnz|hourly,2026-08-17T18:48:05Z,2026-08-17T18:48:05Z,
162.216.150.148,ipv4,malicious-ip,medium,WHITE,ziyadnz/hourly-ipv4,ziyadnz|hourly,2026-08-17T18:48:05Z,2026-08-17T18:48:05Z,
162.216.150.149,ipv4,malicious-ip,medium,WHITE,ziyadnz/hourly-ipv4,ziyadnz|hourly,2026-08-17T18:48:05Z,2026-08-17T18:48:05Z,
162.216.150.15,ipv4,malicious-ip,medium,WHITE,ziyadnz/hourly-ipv4,ziyadnz|hourly,2026-08-17T18:48:05Z,2026-08-17T18:48:05Z,
162.216.150.150,ipv4,malicious-ip,medium,WHITE,ziyadnz/hourly-ipv4,ziyadnz|hourly,2026-08-17T18:48:05Z,2026-08-17T18:48:05Z,
162.216.150.151,ipv4,malicious-ip,medium,WHITE,ziyadnz/hourly-ipv4,ziyadnz|hourly,2026-08-17T18:48:05Z,2026-08-17T18:48:05Z,
162.216.150.152,ipv4,malicious-ip,medium,WHITE,ziyadnz/hourly-ipv4,ziyadnz|hourly,2026-08-17T18:48:05Z,2026-08-17T18:48:05Z,
162.216.150.154,ipv4,malicious-ip,medium,WHITE,ziyadnz/hourly-ipv4,ziyadnz|hourly,2026-08-17T18:48:05Z,2026-08-17T18:48:05Z,
162.216.150.155,ipv4,malicious-ip,medium,WHITE,ziyadnz/hourly-ipv4,ziyadnz|hourly,2026-08-17T18:48:05Z,2026-08-17T18:48:05Z,
162.216.150.156,ipv4,malicious-ip,medium,WHITE,ziyadnz/hourly-ipv4,ziyadnz|hourly,2026-08-17T18:48:05Z,2026-08-17T18:48:05Z,
162.216.150.157,ipv4,malicious-ip,medium,WHITE,ziyadnz/hourly-ipv4,ziyadnz|hourly,2026-08-17T18:48:05Z,2026-08-17T18:48:05Z,
162.216.150.158,ipv4,malicious-ip,medium,WHITE,ziyadnz/hourly-ipv4,ziyadnz|hourly,2026-08-17T18:48:05Z,2026-08-17T18:48:05Z,
162.216.150.159,ipv4,malicious-ip,medium,WHITE,ziyadnz/hourly-ipv4,ziyadnz|hourly,2026-08-17T18:48:05Z,2026-08-17T18:48:05Z,
162.216.150.16,ipv4,malicious-ip,medium,WHITE,ziyadnz/hourly-ipv4,ziyadnz|hourly,2026-08-17T18:48:05Z,2026-08-17T18:48:05Z,
162.216.150.160,ipv4,malicious-ip,medium,WHITE,ziyadnz/hourly-ipv4,ziyadnz|hourly,2026-08-17T18:48:05Z,2026-08-17T18:48:05Z,
162.216.150.161,ipv4,malicious-ip,medium,WHITE,ziyadnz/hourly-ipv4,ziyadnz|hourly,2026-08-17T18:48:05Z,2026-08-17T18:48:05Z,
162.216.150.162,ipv4,malicious-ip,medium,WHITE,ziyadnz/hourly-ipv4,ziyadnz|hourly,2026-08-17T18:48:05Z,2026-08-17T18:48:05Z,
162.216.150.163,ipv4,malicious-ip,medium,WHITE,ziyadnz/hourly-ipv4,ziyadnz|hourly,2026-08-17T18:48:05Z,2026-08-17T18:48:05Z,
162.216.150.164,ipv4,malicious-ip,medium,WHITE,ziyadnz/hourly-ipv4,ziyadnz|hourly,2026-08-17T18:48:05Z,2026-08-17T18:48:05Z,
162.216.150.166,ipv4,malicious-ip,medium,WHITE,ziyadnz/hourly-ipv4,ziyadnz|hourly,2026-08-17T18:48:05Z,2026-08-17T18:48:05Z,
162.216.150.167,ipv4,malicious-ip,medium,WHITE,ziyadnz/hourly-ipv4,ziyadnz|hourly,2026-08-17T18:48:05Z,2026-08-17T18:48:05Z,
162.216.150.168,ipv4,malicious-ip,medium,WHITE,ziyadnz/hourly-ipv4,ziyadnz|hourly,2026-08-17T18:48:05Z,2026-08-17T18:48:05Z,
162.216.150.169,ipv4,malicious-ip,medium,WHITE,ziyadnz/hourly-ipv4,ziyadnz|hourly,2026-08-17T18:48:05Z,2026-08-17T18:48:05Z,
162.216.150.17,ipv4,malicious-ip,medium,WHITE,ziyadnz/hourly-ipv4,ziyadnz|hourly,2026-08-17T18:48:05Z,2026-08-17T18:48:05Z,
162.216.150.170,ipv4,malicious-ip,medium,WHITE,ziyadnz/hourly-ipv4,ziyadnz|hourly,2026-08-17T18:48:05Z,2026-08-17T18:48:05Z,
162.216.150.171,ipv4,malicious-ip,medium,WHITE,ziyadnz/hourly-ipv4,ziyadnz|hourly,2026-08-17T18:48:05Z,2026-08-17T18:48:05Z,
162.216.150.172,ipv4,malicious-ip,medium,WHITE,ziyadnz/hourly-ipv4,ziyadnz|hourly,2026-08-17T18:48:05Z,2026-08-17T18:48:05Z,
162.216.150.173,ipv4,malicious-ip,medium,WHITE,ziyadnz/hourly-ipv4,ziyadnz|hourly,2026-08-17T18:48:05Z,2026-08-17T18:48:05Z,
162.216.150.174,ipv4,malicious-ip,medium,WHITE,ziyadnz/hourly-ipv4,ziyadnz|hourly,2026-08-17T18:48:05Z,2026-08-17T18:48:05Z,
162.216.150.175,ipv4,malicious-ip,medium,WHITE,ziyadnz/hourly-ipv4,ziyadnz|hourly,2026-08-17T18:48:05Z,2026-08-17T18:48:05Z,
162.216.150.176,ipv4,malicious-ip,medium,WHITE,ziyadnz/hourly-ipv4,ziyadnz|hourly,2026-08-17T18:48:05Z,2026-08-17T18:48:05Z,
162.216.150.177,ipv4,malicious-ip,medium,WHITE,ziyadnz/hourly-ipv4,ziyadnz|hourly,2026-08-17T18:48:05Z,2026-08-17T18:48:05Z,
162.216.150.178,ipv4,malicious-ip,medium,WHITE,ziyadnz/hourly-ipv4,ziyadnz|hourly,2026-08-17T18:48:05Z,2026-08-17T18:48:05Z,
162.216.150.179,ipv4,malicious-ip,medium,WHITE,ziyadnz/hourly-ipv4,ziyadnz|hourly,2026-08-17T18:48:05Z,2026-08-17T18:48:05Z,
162.216.150.18,ipv4,malicious-ip,medium,WHITE,ziyadnz/hourly-ipv4,ziyadnz|hourly,2026-08-17T18:48:05Z,2026-08-17T18:48:05Z,
162.216.150.180,ipv4,malicious-ip,medium,WHITE,ziyadnz/hourly-ipv4,ziyadnz|hourly,2026-08-17T18:48:05Z,2026-08-17T18:48:05Z,
162.216.150.181,ipv4,malicious-ip,medium,WHITE,ziyadnz/hourly-ipv4,ziyadnz|hourly,2026-08-17T18:48:05Z,2026-08-17T18:48:05Z,
162.216.150.182,ipv4,malicious-ip,medium,WHITE,ziyadnz/hourly-ipv4,ziyadnz|hourly,2026-08-17T18:48:05Z,2026-08-17T18:48:05Z,
162.216.150.183,ipv4,malicious-ip,medium,WHITE,ziyadnz/hourly-ipv4,ziyadnz|hourly,2026-08-17T18:48:05Z,2026-08-17T18:48:05Z,
162.216.150.184,ipv4,malicious-ip,medium,WHITE,ziyadnz/hourly-ipv4,ziyadnz|hourly,2026-08-17T18:48:05Z,2026-08-17T18:48:05Z,
162.216.150.185,ipv4,malicious-ip,medium,WHITE,ziyadnz/hourly-ipv4,ziyadnz|hourly,2026-08-17T18:48:05Z,2026-08-17T18:48:05Z,
162.216.150.186,ipv4,malicious-ip,medium,WHITE,ziyadnz/hourly-ipv4,ziyadnz|hourly,2026-08-17T18:48:05Z,2026-08-17T18:48:05Z,
162.216.150.187,ipv4,malicious-ip,medium,WHITE,ziyadnz/hourly-ipv4,ziyadnz|hourly,2026-08-17T18:48:05Z,2026-08-17T18:48:05Z,
162.216.150.188,ipv4,malicious-ip,medium,WHITE,ziyadnz/hourly-ipv4,ziyadnz|hourly,2026-08-17T18:48:05Z,2026-08-17T18:48:05Z,
162.216.150.189,ipv4,malicious-ip,medium,WHITE,ziyadnz/hourly-ipv4,ziyadnz|hourly,2026-08-17T18:48:05Z,2026-08-17T18:48:05Z,
162.216.150.19,ipv4,malicious-ip,medium,WHITE,ziyadnz/hourly-ipv4,ziyadnz|hourly,2026-08-17T18:48:05Z,2026-08-17T18:48:05Z,
162.216.150.190,ipv4,malicious-ip,medium,WHITE,ziyadnz/hourly-ipv4,ziyadnz|hourly,2026-08-17T18:48:05Z,2026-08-17T18:48:05Z,
162.216.150.191,ipv4,malicious-ip,medium,WHITE,ziyadnz/hourly-ipv4,ziyadnz|hourly,2026-08-17T18:48:05Z,2026-08-17T18:48:05Z,
162.216.150.192,ipv4,malicious-ip,medium,WHITE,ziyadnz/hourly-ipv4,ziyadnz|hourly,2026-08-17T18:48:05Z,2026-08-17T18:48:05Z,
162.216.150.194,ipv4,malicious-ip,medium,WHITE,ziyadnz/hourly-ipv4,ziyadnz|hourly,2026-08-17T18:48:05Z,2026-08-17T18:48:05Z,
162.216.150.195,ipv4,malicious-ip,medium,WHITE,ziyadnz/hourly-ipv4,ziyadnz|hourly,2026-08-17T18:48:05Z,2026-08-17T18:48:05Z,
162.216.150.196,ipv4,malicious-ip,medium,WHITE,ziyadnz/hourly-ipv4,ziyadnz|hourly,2026-08-17T18:48:05Z,2026-08-17T18:48:05Z,
162.216.150.197,ipv4,malicious-ip,medium,WHITE,ziyadnz/hourly-ipv4,ziyadnz|hourly,2026-08-17T18:48:05Z,2026-08-17T18:48:05Z,
162.216.150.198,ipv4,malicious-ip,medium,WHITE,ziyadnz/hourly-ipv4,ziyadnz|hourly,2026-08-17T18:48:05Z,2026-08-17T18:48:05Z,
162.216.150.199,ipv4,malicious-ip,medium,WHITE,ziyadnz/hourly-ipv4,ziyadnz|hourly,2026-08-17T18:48:05Z,2026-08-17T18:48:05Z,
162.216.150.200,ipv4,malicious-ip,medium,WHITE,ziyadnz/hourly-ipv4,ziyadnz|hourly,2026-08-17T18:48:05Z,2026-08-17T18:48:05Z,
162.216.150.201,ipv4,malicious-ip,medium,WHITE,ziyadnz/hourly-ipv4,ziyadnz|hourly,2026-08-17T18:48:05Z,2026-08-17T18:48:05Z,
162.216.150.202,ipv4,malicious-ip,medium,WHITE,ziyadnz/hourly-ipv4,ziyadnz|hourly,2026-08-17T18:48:05Z,2026-08-17T18:48:05Z,
162.216.150.203,ipv4,malicious-ip,medium,WHITE,ziyadnz/hourly-ipv4,ziyadnz|hourly,2026-08-17T18:48:05Z,2026-08-17T18:48:05Z,
162.216.150.204,ipv4,malicious-ip,medium,WHITE,ziyadnz/hourly-ipv4,ziyadnz|hourly,2026-08-17T18:48:05Z,2026-08-17T18:48:05Z,
162.216.150.206,ipv4,malicious-ip,medium,WHITE,ziyadnz/hourly-ipv4,ziyadnz|hourly,2026-08-17T18:48:05Z,2026-08-17T18:48:05Z,
162.216.150.207,ipv4,malicious-ip,medium,WHITE,ziyadnz/hourly-ipv4,ziyadnz|hourly,2026-08-17T18:48:05Z,2026-08-17T18:48:05Z,
162.216.150.208,ipv4,malicious-ip,medium,WHITE,ziyadnz/hourly-ipv4,ziyadnz|hourly,2026-08-17T18:48:05Z,2026-08-17T18:48:05Z,
162.216.150.209,ipv4,malicious-ip,medium,WHITE,ziyadnz/hourly-ipv4,ziyadnz|hourly,2026-08-17T18:48:05Z,2026-08-17T18:48:05Z,
162.216.150.21,ipv4,malicious-ip,medium,WHITE,ziyadnz/hourly-ipv4,ziyadnz|hourly,2026-08-17T18:48:05Z,2026-08-17T18:48:05Z,
162.216.150.210,ipv4,malicious-ip,medium,WHITE,ziyadnz/hourly-ipv4,ziyadnz|hourly,2026-08-17T18:48:05Z,2026-08-17T18:48:05Z,
162.216.150.211,ipv4,malicious-ip,medium,WHITE,ziyadnz/hourly-ipv4,ziyadnz|hourly,2026-08-17T18:48:05Z,2026-08-17T18:48:05Z,
162.216.150.212,ipv4,malicious-ip,medium,WHITE,ziyadnz/hourly-ipv4,ziyadnz|hourly,2026-08-17T18:48:05Z,2026-08-17T18:48:05Z,
162.216.150.213,ipv4,malicious-ip,medium,WHITE,ziyadnz/hourly-ipv4,ziyadnz|hourly,2026-08-17T18:48:05Z,2026-08-17T18:48:05Z,
162.216.150.214,ipv4,malicious-ip,medium,WHITE,ziyadnz/hourly-ipv4,ziyadnz|hourly,2026-08-17T18:48:05Z,2026-08-17T18:48:05Z,
162.216.150.215,ipv4,malicious-ip,medium,WHITE,ziyadnz/hourly-ipv4,ziyadnz|hourly,2026-08-17T18:48:05Z,2026-08-17T18:48:05Z,
162.216.150.216,ipv4,malicious-ip,medium,WHITE,ziyadnz/hourly-ipv4,ziyadnz|hourly,2026-08-17T18:48:05Z,2026-08-17T18:48:05Z,
162.216.150.217,ipv4,malicious-ip,medium,WHITE,ziyadnz/hourly-ipv4,ziyadnz|hourly,2026-08-17T18:48:05Z,2026-08-17T18:48:05Z,
162.216.150.218,ipv4,malicious-ip,medium,WHITE,ziyadnz/hourly-ipv4,ziyadnz|hourly,2026-08-17T18:48:05Z,2026-08-17T18:48:05Z,
162.216.150.219,ipv4,malicious-ip,medium,WHITE,ziyadnz/hourly-ipv4,ziyadnz|hourly,2026-08-17T18:48:05Z,2026-08-17T18:48:05Z,
162.216.150.22,ipv4,malicious-ip,medium,WHITE,ziyadnz/hourly-ipv4,ziyadnz|hourly,2026-08-17T18:48:05Z,2026-08-17T18:48:05Z,
162.216.150.220,ipv4,malicious-ip,medium,WHITE,ziyadnz/hourly-ipv4,ziyadnz|hourly,2026-08-17T18:48:05Z,2026-08-17T18:48:05Z,
162.216.150.221,ipv4,malicious-ip,medium,WHITE,ziyadnz/hourly-ipv4,ziyadnz|hourly,2026-08-17T18:48:05Z,2026-08-17T18:48:05Z,
162.216.150.222,ipv4,malicious-ip,medium,WHITE,ziyadnz/hourly-ipv4,ziyadnz|hourly,2026-08-17T18:48:05Z,2026-08-17T18:48:05Z,
162.216.150.223,ipv4,malicious-ip,medium,WHITE,ziyadnz/hourly-ipv4,ziyadnz|hourly,2026-08-17T18:48:05Z,2026-08-17T18:48:05Z,
162.216.150.224,ipv4,malicious-ip,medium,WHITE,ziyadnz/hourly-ipv4,ziyadnz|hourly,2026-08-17T18:48:05Z,2026-08-17T18:48:05Z,
162.216.150.225,ipv4,malicious-ip,medium,WHITE,ziyadnz/hourly-ipv4,ziyadnz|hourly,2026-08-17T18:48:05Z,2026-08-17T18:48:05Z,
162.216.150.226,ipv4,malicious-ip,medium,WHITE,ziyadnz/hourly-ipv4,ziyadnz|hourly,2026-08-17T18:48:05Z,2026-08-17T18:48:05Z,
162.216.150.227,ipv4,malicious-ip,medium,WHITE,ziyadnz/hourly-ipv4,ziyadnz|hourly,2026-08-17T18:48:05Z,2026-08-17T18:48:05Z,
162.216.150.228,ipv4,malicious-ip,medium,WHITE,ziyadnz/hourly-ipv4,ziyadnz|hourly,2026-08-17T18:48:05Z,2026-08-17T18:48:05Z,
162.216.150.229,ipv4,malicious-ip,medium,WHITE,ziyadnz/hourly-ipv4,ziyadnz|hourly,2026-08-17T18:48:05Z,2026-08-17T18:48:05Z,
162.216.150.23,ipv4,malicious-ip,medium,WHITE,ziyadnz/hourly-ipv4,ziyadnz|hourly,2026-08-17T18:48:05Z,2026-08-17T18:48:05Z,
162.216.150.230,ipv4,malicious-ip,medium,WHITE,ziyadnz/hourly-ipv4,ziyadnz|hourly,2026-08-17T18:48:05Z,2026-08-17T18:48:05Z,
162.216.150.231,ipv4,malicious-ip,medium,WHITE,ziyadnz/hourly-ipv4,ziyadnz|hourly,2026-08-17T18:48:05Z,2026-08-17T18:48:05Z,
162.216.150.232,ipv4,malicious-ip,medium,WHITE,ziyadnz/hourly-ipv4,ziyadnz|hourly,2026-08-17T18:48:05Z,2026-08-17T18:48:05Z,
162.216.150.233,ipv4,malicious-ip,medium,WHITE,ziyadnz/hourly-ipv4,ziyadnz|hourly,2026-08-17T18:48:05Z,2026-08-17T18:48:05Z,
162.216.150.234,ipv4,malicious-ip,medium,WHITE,ziyadnz/hourly-ipv4,ziyadnz|hourly,2026-08-17T18:48:05Z,2026-08-17T18:48:05Z,
162.216.150.235,ipv4,malicious-ip,medium,WHITE,ziyadnz/hourly-ipv4,ziyadnz|hourly,2026-08-17T18:48:05Z,2026-08-17T18:48:05Z,
162.216.150.236,ipv4,malicious-ip,medium,WHITE,ziyadnz/hourly-ipv4,ziyadnz|hourly,2026-08-17T18:48:05Z,2026-08-17T18:48:05Z,
162.216.150.237,ipv4,malicious-ip,medium,WHITE,ziyadnz/hourly-ipv4,ziyadnz|hourly,2026-08-17T18:48:05Z,2026-08-17T18:48:05Z,
162.216.150.238,ipv4,malicious-ip,medium,WHITE,ziyadnz/hourly-ipv4,ziyadnz|hourly,2026-08-17T18:48:05Z,2026-08-17T18:48:05Z,
162.216.150.239,ipv4,malicious-ip,medium,WHITE,ziyadnz/hourly-ipv4,ziyadnz|hourly,2026-08-17T18:48:05Z,2026-08-17T18:48:05Z,
162.216.150.24,ipv4,malicious-ip,medium,WHITE,ziyadnz/hourly-ipv4,ziyadnz|hourly,2026-08-17T18:48:05Z,2026-08-17T18:48:05Z,
162.216.150.240,ipv4,malicious-ip,medium,WHITE,ziyadnz/hourly-ipv4,ziyadnz|hourly,2026-08-17T18:48:05Z,2026-08-17T18:48:05Z,
162.216.150.241,ipv4,malicious-ip,medium,WHITE,ziyadnz/hourly-ipv4,ziyadnz|hourly,2026-08-17T18:48:05Z,2026-08-17T18:48:05Z,
162.216.150.242,ipv4,malicious-ip,medium,WHITE,ziyadnz/hourly-ipv4,ziyadnz|hourly,2026-08-17T18:48:05Z,2026-08-17T18:48:05Z,
162.216.150.243,ipv4,malicious-ip,medium,WHITE,ziyadnz/hourly-ipv4,ziyadnz|hourly,2026-08-17T18:48:05Z,2026-08-17T18:48:05Z,
162.216.150.244,ipv4,malicious-ip,medium,WHITE,ziyadnz/hourly-ipv4,ziyadnz|hourly,2026-08-17T18:48:05Z,2026-08-17T18:48:05Z,
162.216.150.245,ipv4,malicious-ip,medium,WHITE,ziyadnz/hourly-ipv4,ziyadnz|hourly,2026-08-17T18:48:05Z,2026-08-17T18:48:05Z,
162.216.150.246,ipv4,malicious-ip,medium,WHITE,ziyadnz/hourly-ipv4,ziyadnz|hourly,2026-08-17T18:48:05Z,2026-08-17T18:48:05Z,
162.216.150.248,ipv4,malicious-ip,medium,WHITE,ziyadnz/hourly-ipv4,ziyadnz|hourly,2026-08-17T18:48:05Z,2026-08-17T18:48:05Z,
162.216.150.249,ipv4,malicious-ip,medium,WHITE,ziyadnz/hourly-ipv4,ziyadnz|hourly,2026-08-17T18:48:05Z,2026-08-17T18:48:05Z,
162.216.150.25,ipv4,malicious-ip,medium,WHITE,ziyadnz/hourly-ipv4,ziyadnz|hourly,2026-08-17T18:48:05Z,2026-08-17T18:48:05Z,
162.216.150.251,ipv4,malicious-ip,medium,WHITE,ziyadnz/hourly-ipv4,ziyadnz|hourly,2026-08-17T18:48:05Z,2026-08-17T18:48:05Z,
162.216.150.252,ipv4,malicious-ip,medium,WHITE,ziyadnz/hourly-ipv4,ziyadnz|hourly,2026-08-17T18:48:05Z,2026-08-17T18:48:05Z,
162.216.150.253,ipv4,malicious-ip,medium,WHITE,ziyadnz/hourly-ipv4,ziyadnz|hourly,2026-08-17T18:48:05Z,2026-08-17T18:48:05Z,
162.216.150.254,ipv4,malicious-ip,medium,WHITE,ziyadnz/hourly-ipv4,ziyadnz|hourly,2026-08-17T18:48:05Z,2026-08-17T18:48:05Z,
162.216.150.26,ipv4,malicious-ip,medium,WHITE,ziyadnz/hourly-ipv4,ziyadnz|hourly,2026-08-17T18:48:05Z,2026-08-17T18:48:05Z,
162.216.150.27,ipv4,malicious-ip,medium,WHITE,ziyadnz/hourly-ipv4,ziyadnz|hourly,2026-08-17T18:48:05Z,2026-08-17T18:48:05Z,
162.216.150.28,ipv4,malicious-ip,medium,WHITE,ziyadnz/hourly-ipv4,ziyadnz|hourly,2026-08-17T18:48:05Z,2026-08-17T18:48:05Z,
162.216.150.29,ipv4,malicious-ip,medium,WHITE,ziyadnz/hourly-ipv4,ziyadnz|hourly,2026-08-17T18:48:05Z,2026-08-17T18:48:05Z,
162.216.150.3,ipv4,malicious-ip,medium,WHITE,ziyadnz/hourly-ipv4,ziyadnz|hourly,2026-08-17T18:48:05Z,2026-08-17T18:48:05Z,
162.216.150.30,ipv4,malicious-ip,medium,WHITE,ziyadnz/hourly-ipv4,ziyadnz|hourly,2026-08-17T18:48:05Z,2026-08-17T18:48:05Z,
162.216.150.31,ipv4,malicious-ip,medium,WHITE,ziyadnz/hourly-ipv4,ziyadnz|hourly,2026-08-17T18:48:05Z,2026-08-17T18:48:05Z,
162.216.150.32,ipv4,malicious-ip,medium,WHITE,ziyadnz/hourly-ipv4,ziyadnz|hourly,2026-08-17T18:48:05Z,2026-08-17T18:48:05Z,
162.216.150.33,ipv4,malicious-ip,medium,WHITE,ziyadnz/hourly-ipv4,ziyadnz|hourly,2026-08-17T18:48:05Z,2026-08-17T18:48:05Z,
162.216.150.34,ipv4,malicious-ip,medium,WHITE,ziyadnz/hourly-ipv4,ziyadnz|hourly,2026-08-17T18:48:05Z,2026-08-17T18:48:05Z,
162.216.150.36,ipv4,malicious-ip,medium,WHITE,ziyadnz/hourly-ipv4,ziyadnz|hourly,2026-08-17T18:48:05Z,2026-08-17T18:48:05Z,
162.216.150.37,ipv4,malicious-ip,medium,WHITE,ziyadnz/hourly-ipv4,ziyadnz|hourly,2026-08-17T18:48:05Z,2026-08-17T18:48:05Z,
162.216.150.38,ipv4,malicious-ip,medium,WHITE,ziyadnz/hourly-ipv4,ziyadnz|hourly,2026-08-17T18:48:05Z,2026-08-17T18:48:05Z,
162.216.150.39,ipv4,malicious-ip,medium,WHITE,ziyadnz/hourly-ipv4,ziyadnz|hourly,2026-08-17T18:48:05Z,2026-08-17T18:48:05Z,
162.216.150.4,ipv4,malicious-ip,medium,WHITE,ziyadnz/hourly-ipv4,ziyadnz|hourly,2026-08-17T18:48:05Z,2026-08-17T18:48:05Z,
162.216.150.40,ipv4,malicious-ip,medium,WHITE,ziyadnz/hourly-ipv4,ziyadnz|hourly,2026-08-17T18:48:05Z,2026-08-17T18:48:05Z,
162.216.150.41,ipv4,malicious-ip,medium,WHITE,ziyadnz/hourly-ipv4,ziyadnz|hourly,2026-08-17T18:48:05Z,2026-08-17T18:48:05Z,
162.216.150.42,ipv4,malicious-ip,medium,WHITE,ziyadnz/hourly-ipv4,ziyadnz|hourly,2026-08-17T18:48:05Z,2026-08-17T18:48:05Z,
162.216.150.44,ipv4,malicious-ip,medium,WHITE,ziyadnz/hourly-ipv4,ziyadnz|hourly,2026-08-17T18:48:05Z,2026-08-17T18:48:05Z,
162.216.150.45,ipv4,malicious-ip,medium,WHITE,ziyadnz/hourly-ipv4,ziyadnz|hourly,2026-08-17T18:48:05Z,2026-08-17T18:48:05Z,
162.216.150.46,ipv4,malicious-ip,medium,WHITE,ziyadnz/hourly-ipv4,ziyadnz|hourly,2026-08-17T18:48:05Z,2026-08-17T18:48:05Z,
162.216.150.47,ipv4,malicious-ip,medium,WHITE,ziyadnz/hourly-ipv4,ziyadnz|hourly,2026-08-17T18:48:05Z,2026-08-17T18:48:05Z,
162.216.150.48,ipv4,malicious-ip,medium,WHITE,ziyadnz/hourly-ipv4,ziyadnz|hourly,2026-08-17T18:48:05Z,2026-08-17T18:48:05Z,
162.216.150.49,ipv4,malicious-ip,medium,WHITE,ziyadnz/hourly-ipv4,ziyadnz|hourly,2026-08-17T18:48:05Z,2026-08-17T18:48:05Z,
162.216.150.5,ipv4,malicious-ip,medium,WHITE,ziyadnz/hourly-ipv4,ziyadnz|hourly,2026-08-17T18:48:05Z,2026-08-17T18:48:05Z,
162.216.150.50,ipv4,malicious-ip,medium,WHITE,ziyadnz/hourly-ipv4,ziyadnz|hourly,2026-08-17T18:48:05Z,2026-08-17T18:48:05Z,
162.216.150.51,ipv4,malicious-ip,medium,WHITE,ziyadnz/hourly-ipv4,ziyadnz|hourly,2026-08-17T18:48:05Z,2026-08-17T18:48:05Z,
162.216.150.52,ipv4,malicious-ip,medium,WHITE,ziyadnz/hourly-ipv4,ziyadnz|hourly,2026-08-17T18:48:05Z,2026-08-17T18:48:05Z,
162.216.150.53,ipv4,malicious-ip,medium,WHITE,ziyadnz/hourly-ipv4,ziyadnz|hourly,2026-08-17T18:48:05Z,2026-08-17T18:48:05Z,
162.216.150.54,ipv4,malicious-ip,medium,WHITE,ziyadnz/hourly-ipv4,ziyadnz|hourly,2026-08-17T18:48:05Z,2026-08-17T18:48:05Z,
162.216.150.55,ipv4,malicious-ip,medium,WHITE,ziyadnz/hourly-ipv4,ziyadnz|hourly,2026-08-17T18:48:05Z,2026-08-17T18:48:05Z,
162.216.150.56,ipv4,malicious-ip,medium,WHITE,ziyadnz/hourly-ipv4,ziyadnz|hourly,2026-08-17T18:48:05Z,2026-08-17T18:48:05Z,
162.216.150.57,ipv4,malicious-ip,medium,WHITE,ziyadnz/hourly-ipv4,ziyadnz|hourly,2026-08-17T18:48:05Z,2026-08-17T18:48:05Z,
162.216.150.58,ipv4,malicious-ip,medium,WHITE,ziyadnz/hourly-ipv4,ziyadnz|hourly,2026-08-17T18:48:05Z,2026-08-17T18:48:05Z,
162.216.150.59,ipv4,malicious-ip,medium,WHITE,ziyadnz/hourly-ipv4,ziyadnz|hourly,2026-08-17T18:48:05Z,2026-08-17T18:48:05Z,
162.216.150.6,ipv4,malicious-ip,medium,WHITE,ziyadnz/hourly-ipv4,ziyadnz|hourly,2026-08-17T18:48:05Z,2026-08-17T18:48:05Z,
162.216.150.60,ipv4,malicious-ip,medium,WHITE,ziyadnz/hourly-ipv4,ziyadnz|hourly,2026-08-17T18:48:05Z,2026-08-17T18:48:05Z,
162.216.150.61,ipv4,malicious-ip,medium,WHITE,ziyadnz/hourly-ipv4,ziyadnz|hourly,2026-08-17T18:48:05Z,2026-08-17T18:48:05Z,
162.216.150.63,ipv4,malicious-ip,medium,WHITE,ziyadnz/hourly-ipv4,ziyadnz|hourly,2026-08-17T18:48:05Z,2026-08-17T18:48:05Z,
162.216.150.64,ipv4,malicious-ip,medium,WHITE,ziyadnz/hourly-ipv4,ziyadnz|hourly,2026-08-17T18:48:05Z,2026-08-17T18:48:05Z,
162.216.150.65,ipv4,malicious-ip,medium,WHITE,ziyadnz/hourly-ipv4,ziyadnz|hourly,2026-08-17T18:48:05Z,2026-08-17T18:48:05Z,
162.216.150.66,ipv4,malicious-ip,medium,WHITE,ziyadnz/hourly-ipv4,ziyadnz|hourly,2026-08-17T18:48:05Z,2026-08-17T18:48:05Z,
162.216.150.67,ipv4,malicious-ip,medium,WHITE,ziyadnz/hourly-ipv4,ziyadnz|hourly,2026-08-17T18:48:05Z,2026-08-17T18:48:05Z,
162.216.150.68,ipv4,malicious-ip,medium,WHITE,ziyadnz/hourly-ipv4,ziyadnz|hourly,2026-08-17T18:48:05Z,2026-08-17T18:48:05Z,
162.216.150.69,ipv4,malicious-ip,medium,WHITE,ziyadnz/hourly-ipv4,ziyadnz|hourly,2026-08-17T18:48:05Z,2026-08-17T18:48:05Z,
162.216.150.7,ipv4,malicious-ip,medium,WHITE,ziyadnz/hourly-ipv4,ziyadnz|hourly,2026-08-17T18:48:05Z,2026-08-17T18:48:05Z,
162.216.150.71,ipv4,malicious-ip,medium,WHITE,ziyadnz/hourly-ipv4,ziyadnz|hourly,2026-08-17T18:48:05Z,2026-08-17T18:48:05Z,
162.216.150.72,ipv4,malicious-ip,medium,WHITE,ziyadnz/hourly-ipv4,ziyadnz|hourly,2026-08-17T18:48:05Z,2026-08-17T18:48:05Z,
162.216.150.73,ipv4,malicious-ip,medium,WHITE,ziyadnz/hourly-ipv4,ziyadnz|hourly,2026-08-17T18:48:05Z,2026-08-17T18:48:05Z,
162.216.150.74,ipv4,malicious-ip,medium,WHITE,ziyadnz/hourly-ipv4,ziyadnz|hourly,2026-08-17T18:48:05Z,2026-08-17T18:48:05Z,
162.216.150.75,ipv4,malicious-ip,medium,WHITE,ziyadnz/hourly-ipv4,ziyadnz|hourly,2026-08-17T18:48:05Z,2026-08-17T18:48:05Z,
162.216.150.76,ipv4,malicious-ip,medium,WHITE,ziyadnz/hourly-ipv4,ziyadnz|hourly,2026-08-17T18:48:05Z,2026-08-17T18:48:05Z,
162.216.150.77,ipv4,malicious-ip,medium,WHITE,ziyadnz/hourly-ipv4,ziyadnz|hourly,2026-08-17T18:48:05Z,2026-08-17T18:48:05Z,
162.216.150.78,ipv4,malicious-ip,medium,WHITE,ziyadnz/hourly-ipv4,ziyadnz|hourly,2026-08-17T18:48:05Z,2026-08-17T18:48:05Z,
162.216.150.81,ipv4,malicious-ip,medium,WHITE,ziyadnz/hourly-ipv4,ziyadnz|hourly,2026-08-17T18:48:05Z,2026-08-17T18:48:05Z,
162.216.150.82,ipv4,malicious-ip,medium,WHITE,ziyadnz/hourly-ipv4,ziyadnz|hourly,2026-08-17T18:48:05Z,2026-08-17T18:48:05Z,
162.216.150.83,ipv4,malicious-ip,medium,WHITE,ziyadnz/hourly-ipv4,ziyadnz|hourly,2026-08-17T18:48:05Z,2026-08-17T18:48:05Z,
162.216.150.84,ipv4,malicious-ip,medium,WHITE,ziyadnz/hourly-ipv4,ziyadnz|hourly,2026-08-17T18:48:05Z,2026-08-17T18:48:05Z,
162.216.150.86,ipv4,malicious-ip,medium,WHITE,ziyadnz/hourly-ipv4,ziyadnz|hourly,2026-08-17T18:48:05Z,2026-08-17T18:48:05Z,
162.216.150.87,ipv4,malicious-ip,medium,WHITE,ziyadnz/hourly-ipv4,ziyadnz|hourly,2026-08-17T18:48:05Z,2026-08-17T18:48:05Z,
162.216.150.88,ipv4,malicious-ip,medium,WHITE,ziyadnz/hourly-ipv4,ziyadnz|hourly,2026-08-17T18:48:05Z,2026-08-17T18:48:05Z,
162.216.150.89,ipv4,malicious-ip,medium,WHITE,ziyadnz/hourly-ipv4,ziyadnz|hourly,2026-08-17T18:48:05Z,2026-08-17T18:48:05Z,
162.216.150.9,ipv4,malicious-ip,medium,WHITE,ziyadnz/hourly-ipv4,ziyadnz|hourly,2026-08-17T18:48:05Z,2026-08-17T18:48:05Z,
162.216.150.90,ipv4,malicious-ip,medium,WHITE,ziyadnz/hourly-ipv4,ziyadnz|hourly,2026-08-17T18:48:05Z,2026-08-17T18:48:05Z,
162.216.150.91,ipv4,malicious-ip,medium,WHITE,ziyadnz/hourly-ipv4,ziyadnz|hourly,2026-08-17T18:48:05Z,2026-08-17T18:48:05Z,
162.216.150.92,ipv4,malicious-ip,medium,WHITE,ziyadnz/hourly-ipv4,ziyadnz|hourly,2026-08-17T18:48:05Z,2026-08-17T18:48:05Z,
162.216.150.93,ipv4,malicious-ip,medium,WHITE,ziyadnz/hourly-ipv4,ziyadnz|hourly,2026-08-17T18:48:05Z,2026-08-17T18:48:05Z,
162.216.150.94,ipv4,malicious-ip,medium,WHITE,ziyadnz/hourly-ipv4,ziyadnz|hourly,2026-08-17T18:48:05Z,2026-08-17T18:48:05Z,
162.216.150.95,ipv4,malicious-ip,medium,WHITE,ziyadnz/hourly-ipv4,ziyadnz|hourly,2026-08-17T18:48:05Z,2026-08-17T18:48:05Z,
162.216.150.96,ipv4,malicious-ip,medium,WHITE,ziyadnz/hourly-ipv4,ziyadnz|hourly,2026-08-17T18:48:05Z,2026-08-17T18:48:05Z,
162.216.150.97,ipv4,malicious-ip,medium,WHITE,ziyadnz/hourly-ipv4,ziyadnz|hourly,2026-08-17T18:48:05Z,2026-08-17T18:48:05Z,
162.216.150.99,ipv4,malicious-ip,medium,WHITE,ziyadnz/hourly-ipv4,ziyadnz|hourly,2026-08-17T18:48:05Z,2026-08-17T18:48:05Z,
162.216.16.86,ipv4,malicious-ip,medium,WHITE,ziyadnz/hourly-ipv4,ziyadnz|hourly,2026-08-17T18:48:05Z,2026-08-17T18:48:05Z,
162.216.18.113,ipv4,malicious-ip,medium,WHITE,ziyadnz/hourly-ipv4,ziyadnz|hourly,2026-08-17T18:48:05Z,2026-08-17T18:48:05Z,
162.216.18.178,ipv4,malicious-ip,medium,WHITE,ziyadnz/hourly-ipv4,ziyadnz|hourly,2026-08-17T18:48:05Z,2026-08-17T18:48:05Z,
162.216.18.241,ipv4,malicious-ip,medium,WHITE,ziyadnz/hourly-ipv4,ziyadnz|hourly,2026-08-17T18:48:05Z,2026-08-17T18:48:05Z,
162.216.18.62,ipv4,malicious-ip,medium,WHITE,ziyadnz/hourly-ipv4,ziyadnz|hourly,2026-08-17T18:48:05Z,2026-08-17T18:48:05Z,
162.216.5.130,ipv4,malicious-ip,medium,WHITE,ziyadnz/hourly-ipv4,ziyadnz|hourly,2026-08-17T18:48:05Z,2026-08-17T18:48:05Z,
162.217.103.70,ipv4,malicious-ip,medium,WHITE,ziyadnz/hourly-ipv4,ziyadnz|hourly,2026-08-17T18:48:05Z,2026-08-17T18:48:05Z,
162.218.114.83,ipv4,malicious-ip,medium,WHITE,ziyadnz/hourly-ipv4,ziyadnz|hourly,2026-08-17T18:48:05Z,2026-08-17T18:48:05Z,
162.218.95.2,ipv4,malicious-ip,medium,WHITE,ziyadnz/hourly-ipv4,ziyadnz|hourly,2026-08-17T18:48:05Z,2026-08-17T18:48:05Z,
162.219.178.250,ipv4,malicious-ip,medium,WHITE,ziyadnz/hourly-ipv4,ziyadnz|hourly,2026-08-17T18:48:05Z,2026-08-17T18:48:05Z,
162.219.30.227,ipv4,malicious-ip,medium,WHITE,ziyadnz/hourly-ipv4,ziyadnz|hourly,2026-08-17T18:48:05Z,2026-08-17T18:48:05Z,
162.219.39.218,ipv4,malicious-ip,medium,WHITE,ziyadnz/hourly-ipv4,ziyadnz|hourly,2026-08-17T18:48:05Z,2026-08-17T18:48:05Z,
162.220.11.34,ipv4,malicious-ip,medium,WHITE,ziyadnz/hourly-ipv4,ziyadnz|hourly,2026-08-17T18:48:05Z,2026-08-17T18:48:05Z,
162.220.166.114,ipv4,malicious-ip,medium,WHITE,ziyadnz/hourly-ipv4,ziyadnz|hourly,2026-08-17T18:48:05Z,2026-08-17T18:48:05Z,
162.222.214.48,ipv4,malicious-ip,medium,WHITE,ziyadnz/hourly-ipv4,ziyadnz|hourly,2026-08-17T18:48:05Z,2026-08-17T18:48:05Z,
162.224.171.215,ipv4,malicious-ip,medium,WHITE,ziyadnz/hourly-ipv4,ziyadnz|hourly,2026-08-17T18:48:05Z,2026-08-17T18:48:05Z,
162.224.63.129,ipv4,malicious-ip,medium,WHITE,ziyadnz/hourly-ipv4,ziyadnz|hourly,2026-08-17T18:48:05Z,2026-08-17T18:48:05Z,
162.225.142.1,ipv4,malicious-ip,medium,WHITE,ziyadnz/hourly-ipv4,ziyadnz|hourly,2026-08-17T18:48:05Z,2026-08-17T18:48:05Z,
162.226.45.254,ipv4,malicious-ip,medium,WHITE,ziyadnz/hourly-ipv4,ziyadnz|hourly,2026-08-17T18:48:05Z,2026-08-17T18:48:05Z,
162.229.126.110,ipv4,malicious-ip,medium,WHITE,ziyadnz/hourly-ipv4,ziyadnz|hourly,2026-08-17T18:48:05Z,2026-08-17T18:48:05Z,
162.230.109.142,ipv4,malicious-ip,medium,WHITE,ziyadnz/hourly-ipv4,ziyadnz|hourly,2026-08-17T18:48:05Z,2026-08-17T18:48:05Z,
162.233.67.122,ipv4,malicious-ip,medium,WHITE,ziyadnz/hourly-ipv4,ziyadnz|hourly,2026-08-17T18:48:05Z,2026-08-17T18:48:05Z,
162.239.167.237,ipv4,malicious-ip,medium,WHITE,ziyadnz/hourly-ipv4,ziyadnz|hourly,2026-08-17T18:48:05Z,2026-08-17T18:48:05Z,
162.240.102.228,ipv4,malicious-ip,medium,WHITE,ziyadnz/hourly-ipv4,ziyadnz|hourly,2026-08-17T18:48:05Z,2026-08-17T18:48:05Z,
162.240.102.68,ipv4,malicious-ip,medium,WHITE,ziyadnz/hourly-ipv4,ziyadnz|hourly,2026-08-17T18:48:05Z,2026-08-17T18:48:05Z,
162.240.105.54,ipv4,malicious-ip,medium,WHITE,ziyadnz/hourly-ipv4,ziyadnz|hourly,2026-08-17T18:48:05Z,2026-08-17T18:48:05Z,
162.240.148.40,ipv4,malicious-ip,medium,WHITE,ziyadnz/hourly-ipv4,ziyadnz|hourly,2026-08-17T18:48:05Z,2026-08-17T18:48:05Z,
162.240.163.65,ipv4,malicious-ip,medium,WHITE,ziyadnz/hourly-ipv4,ziyadnz|hourly,2026-08-17T18:48:05Z,2026-08-17T18:48:05Z,
162.240.179.173,ipv4,malicious-ip,medium,WHITE,ziyadnz/hourly-ipv4,ziyadnz|hourly,2026-08-17T18:48:05Z,2026-08-17T18:48:05Z,
162.240.211.126,ipv4,malicious-ip,medium,WHITE,ziyadnz/hourly-ipv4,ziyadnz|hourly,2026-08-17T18:48:05Z,2026-08-17T18:48:05Z,
162.240.222.44,ipv4,malicious-ip,medium,WHITE,ziyadnz/hourly-ipv4,ziyadnz|hourly,2026-08-17T18:48:05Z,2026-08-17T18:48:05Z,
162.240.237.81,ipv4,malicious-ip,medium,WHITE,ziyadnz/hourly-ipv4,ziyadnz|hourly,2026-08-17T18:48:05Z,2026-08-17T18:48:05Z,
162.240.39.144,ipv4,malicious-ip,medium,WHITE,ziyadnz/hourly-ipv4,ziyadnz|hourly,2026-08-17T18:48:05Z,2026-08-17T18:48:05Z,
162.240.44.39,ipv4,malicious-ip,medium,WHITE,ziyadnz/hourly-ipv4,ziyadnz|hourly,2026-08-17T18:48:05Z,2026-08-17T18:48:05Z,
162.241.121.156,ipv4,malicious-ip,medium,WHITE,ziyadnz/hourly-ipv4,ziyadnz|hourly,2026-08-17T18:48:05Z,2026-08-17T18:48:05Z,
162.241.126.57,ipv4,malicious-ip,medium,WHITE,ziyadnz/hourly-ipv4,ziyadnz|hourly,2026-08-17T18:48:05Z,2026-08-17T18:48:05Z,
162.241.152.27,ipv4,malicious-ip,medium,WHITE,ziyadnz/hourly-ipv4,ziyadnz|hourly,2026-08-17T18:48:05Z,2026-08-17T18:48:05Z,
162.241.153.188,ipv4,malicious-ip,medium,WHITE,ziyadnz/hourly-ipv4,ziyadnz|hourly,2026-08-17T18:48:05Z,2026-08-17T18:48:05Z,
162.241.177.22,ipv4,malicious-ip,medium,WHITE,ziyadnz/hourly-ipv4,ziyadnz|hourly,2026-08-17T18:48:05Z,2026-08-17T18:48:05Z,
162.241.226.64,ipv4,malicious-ip,medium,WHITE,ziyadnz/hourly-ipv4,ziyadnz|hourly,2026-08-17T18:48:05Z,2026-08-17T18:48:05Z,
162.241.235.142,ipv4,malicious-ip,medium,WHITE,ziyadnz/hourly-ipv4,ziyadnz|hourly,2026-08-17T18:48:05Z,2026-08-17T18:48:05Z,
162.241.4.116,ipv4,malicious-ip,medium,WHITE,ziyadnz/hourly-ipv4,ziyadnz|hourly,2026-08-17T18:48:05Z,2026-08-17T18:48:05Z,
162.241.60.11,ipv4,malicious-ip,medium,WHITE,ziyadnz/hourly-ipv4,ziyadnz|hourly,2026-08-17T18:48:05Z,2026-08-17T18:48:05Z,
162.241.80.6,ipv4,malicious-ip,medium,WHITE,ziyadnz/hourly-ipv4,ziyadnz|hourly,2026-08-17T18:48:05Z,2026-08-17T18:48:05Z,
162.241.85.104,ipv4,malicious-ip,medium,WHITE,ziyadnz/hourly-ipv4,ziyadnz|hourly,2026-08-17T18:48:05Z,2026-08-17T18:48:05Z,
162.241.85.73,ipv4,malicious-ip,medium,WHITE,ziyadnz/hourly-ipv4,ziyadnz|hourly,2026-08-17T18:48:05Z,2026-08-17T18:48:05Z,
162.243.10.123,ipv4,malicious-ip,medium,WHITE,ziyadnz/hourly-ipv4,ziyadnz|hourly,2026-08-17T18:48:05Z,2026-08-17T18:48:05Z,
162.243.108.94,ipv4,malicious-ip,medium,WHITE,ziyadnz/hourly-ipv4,ziyadnz|hourly,2026-08-17T18:48:05Z,2026-08-17T18:48:05Z,
162.243.112.151,ipv4,malicious-ip,medium,WHITE,ziyadnz/hourly-ipv4,ziyadnz|hourly,2026-08-17T18:48:05Z,2026-08-17T18:48:05Z,
162.243.115.131,ipv4,malicious-ip,medium,WHITE,ziyadnz/hourly-ipv4,ziyadnz|hourly,2026-08-17T18:48:05Z,2026-08-17T18:48:05Z,
162.243.123.121,ipv4,malicious-ip,medium,WHITE,ziyadnz/hourly-ipv4,ziyadnz|hourly,2026-08-17T18:48:05Z,2026-08-17T18:48:05Z,
162.243.138.30,ipv4,malicious-ip,medium,WHITE,ziyadnz/hourly-ipv4,ziyadnz|hourly,2026-08-17T18:48:05Z,2026-08-17T18:48:05Z,
162.243.160.109,ipv4,malicious-ip,medium,WHITE,ziyadnz/hourly-ipv4,ziyadnz|hourly,2026-08-17T18:48:05Z,2026-08-17T18:48:05Z,
162.243.163.216,ipv4,malicious-ip,medium,WHITE,ziyadnz/hourly-ipv4,ziyadnz|hourly,2026-08-17T18:48:05Z,2026-08-17T18:48:05Z,
162.243.166.119,ipv4,malicious-ip,medium,WHITE,ziyadnz/hourly-ipv4,ziyadnz|hourly,2026-08-17T18:48:05Z,2026-08-17T18:48:05Z,
162.243.171.207,ipv4,malicious-ip,medium,WHITE,ziyadnz/hourly-ipv4,ziyadnz|hourly,2026-08-17T18:48:05Z,2026-08-17T18:48:05Z,
162.243.173.34,ipv4,malicious-ip,medium,WHITE,ziyadnz/hourly-ipv4,ziyadnz|hourly,2026-08-17T18:48:05Z,2026-08-17T18:48:05Z,
162.243.19.47,ipv4,malicious-ip,medium,WHITE,ziyadnz/hourly-ipv4,ziyadnz|hourly,2026-08-17T18:48:05Z,2026-08-17T18:48:05Z,
162.243.199.58,ipv4,malicious-ip,medium,WHITE,ziyadnz/hourly-ipv4,ziyadnz|hourly,2026-08-17T18:48:05Z,2026-08-17T18:48:05Z,
162.243.2.202,ipv4,malicious-ip,medium,WHITE,ziyadnz/hourly-ipv4,ziyadnz|hourly,2026-08-17T18:48:05Z,2026-08-17T18:48:05Z,
162.243.209.31,ipv4,malicious-ip,medium,WHITE,ziyadnz/hourly-ipv4,ziyadnz|hourly,2026-08-17T18:48:05Z,2026-08-17T18:48:05Z,
162.243.214.55,ipv4,malicious-ip,medium,WHITE,ziyadnz/hourly-ipv4,ziyadnz|hourly,2026-08-17T18:48:05Z,2026-08-17T18:48:05Z,
162.243.215.47,ipv4,malicious-ip,medium,WHITE,ziyadnz/hourly-ipv4,ziyadnz|hourly,2026-08-17T18:48:05Z,2026-08-17T18:48:05Z,
162.243.216.40,ipv4,malicious-ip,medium,WHITE,ziyadnz/hourly-ipv4,ziyadnz|hourly,2026-08-17T18:48:05Z,2026-08-17T18:48:05Z,
162.243.230.177,ipv4,malicious-ip,medium,WHITE,ziyadnz/hourly-ipv4,ziyadnz|hourly,2026-08-17T18:48:05Z,2026-08-17T18:48:05Z,
162.243.247.194,ipv4,malicious-ip,medium,WHITE,ziyadnz/hourly-ipv4,ziyadnz|hourly,2026-08-17T18:48:05Z,2026-08-17T18:48:05Z,
162.243.25.161,ipv4,malicious-ip,medium,WHITE,ziyadnz/hourly-ipv4,ziyadnz|hourly,2026-08-17T18:48:05Z,2026-08-17T18:48:05Z,
162.243.32.234,ipv4,malicious-ip,medium,WHITE,ziyadnz/hourly-ipv4,ziyadnz|hourly,2026-08-17T18:48:05Z,2026-08-17T18:48:05Z,
162.243.33.134,ipv4,malicious-ip,medium,WHITE,ziyadnz/hourly-ipv4,ziyadnz|hourly,2026-08-17T18:48:05Z,2026-08-17T18:48:05Z,
162.243.34.95,ipv4,malicious-ip,medium,WHITE,ziyadnz/hourly-ipv4,ziyadnz|hourly,2026-08-17T18:48:05Z,2026-08-17T18:48:05Z,
162.243.4.4,ipv4,malicious-ip,medium,WHITE,ziyadnz/hourly-ipv4,ziyadnz|hourly,2026-08-17T18:48:05Z,2026-08-17T18:48:05Z,
162.243.41.75,ipv4,malicious-ip,medium,WHITE,ziyadnz/hourly-ipv4,ziyadnz|hourly,2026-08-17T18:48:05Z,2026-08-17T18:48:05Z,
162.243.44.103,ipv4,malicious-ip,medium,WHITE,ziyadnz/hourly-ipv4,ziyadnz|hourly,2026-08-17T18:48:05Z,2026-08-17T18:48:05Z,
162.243.47.18,ipv4,malicious-ip,medium,WHITE,ziyadnz/hourly-ipv4,ziyadnz|hourly,2026-08-17T18:48:05Z,2026-08-17T18:48:05Z,
162.243.47.181,ipv4,malicious-ip,medium,WHITE,ziyadnz/hourly-ipv4,ziyadnz|hourly,2026-08-17T18:48:05Z,2026-08-17T18:48:05Z,
162.243.49.232,ipv4,malicious-ip,medium,WHITE,ziyadnz/hourly-ipv4,ziyadnz|hourly,2026-08-17T18:48:05Z,2026-08-17T18:48:05Z,
162.243.64.70,ipv4,malicious-ip,medium,WHITE,ziyadnz/hourly-ipv4,ziyadnz|hourly,2026-08-17T18:48:05Z,2026-08-17T18:48:05Z,
162.243.71.6,ipv4,malicious-ip,medium,WHITE,ziyadnz/hourly-ipv4,ziyadnz|hourly,2026-08-17T18:48:05Z,2026-08-17T18:48:05Z,
162.243.8.173,ipv4,malicious-ip,medium,WHITE,ziyadnz/hourly-ipv4,ziyadnz|hourly,2026-08-17T18:48:05Z,2026-08-17T18:48:05Z,
162.243.95.38,ipv4,malicious-ip,medium,WHITE,ziyadnz/hourly-ipv4,ziyadnz|hourly,2026-08-17T18:48:05Z,2026-08-17T18:48:05Z,
162.244.24.55,ipv4,malicious-ip,medium,WHITE,ziyadnz/hourly-ipv4,ziyadnz|hourly,2026-08-17T18:48:05Z,2026-08-17T18:48:05Z,
162.244.29.69,ipv4,malicious-ip,medium,WHITE,ziyadnz/hourly-ipv4,ziyadnz|hourly,2026-08-17T18:48:05Z,2026-08-17T18:48:05Z,
162.244.34.26,ipv4,malicious-ip,medium,WHITE,ziyadnz/hourly-ipv4,ziyadnz|hourly,2026-08-17T18:48:05Z,2026-08-17T18:48:05Z,
162.244.35.6,ipv4,malicious-ip,medium,WHITE,ziyadnz/hourly-ipv4,ziyadnz|hourly,2026-08-17T18:48:05Z,2026-08-17T18:48:05Z,
162.246.17.57,ipv4,malicious-ip,medium,WHITE,ziyadnz/hourly-ipv4,ziyadnz|hourly,2026-08-17T18:48:05Z,2026-08-17T18:48:05Z,
162.246.20.236,ipv4,malicious-ip,medium,WHITE,ziyadnz/hourly-ipv4,ziyadnz|hourly,2026-08-17T18:48:05Z,2026-08-17T18:48:05Z,
162.247.23.26,ipv4,malicious-ip,medium,WHITE,ziyadnz/hourly-ipv4,ziyadnz|hourly,2026-08-17T18:48:05Z,2026-08-17T18:48:05Z,
162.247.54.85,ipv4,malicious-ip,medium,WHITE,ziyadnz/hourly-ipv4,ziyadnz|hourly,2026-08-17T18:48:05Z,2026-08-17T18:48:05Z,
162.247.72.199,ipv4,malicious-ip,medium,WHITE,ziyadnz/hourly-ipv4,ziyadnz|hourly,2026-08-17T18:48:05Z,2026-08-17T18:48:05Z,
162.247.73.192,ipv4,malicious-ip,medium,WHITE,ziyadnz/hourly-ipv4,ziyadnz|hourly,2026-08-17T18:48:05Z,2026-08-17T18:48:05Z,
162.247.74.201,ipv4,malicious-ip,medium,WHITE,ziyadnz/hourly-ipv4,ziyadnz|hourly,2026-08-17T18:48:05Z,2026-08-17T18:48:05Z,
162.247.74.206,ipv4,malicious-ip,medium,WHITE,ziyadnz/hourly-ipv4,ziyadnz|hourly,2026-08-17T18:48:05Z,2026-08-17T18:48:05Z,
162.247.74.216,ipv4,malicious-ip,medium,WHITE,ziyadnz/hourly-ipv4,ziyadnz|hourly,2026-08-17T18:48:05Z,2026-08-17T18:48:05Z,
162.247.74.27,ipv4,malicious-ip,medium,WHITE,ziyadnz/hourly-ipv4,ziyadnz|hourly,2026-08-17T18:48:05Z,2026-08-17T18:48:05Z,
162.247.74.74,ipv4,malicious-ip,medium,WHITE,ziyadnz/hourly-ipv4,ziyadnz|hourly,2026-08-17T18:48:05Z,2026-08-17T18:48:05Z,
162.248.100.117,ipv4,malicious-ip,medium,WHITE,ziyadnz/hourly-ipv4,ziyadnz|hourly,2026-08-17T18:48:05Z,2026-08-17T18:48:05Z,
162.248.100.217,ipv4,malicious-ip,medium,WHITE,ziyadnz/hourly-ipv4,ziyadnz|hourly,2026-08-17T18:48:05Z,2026-08-17T18:48:05Z,
162.248.101.215,ipv4,malicious-ip,medium,WHITE,ziyadnz/hourly-ipv4,ziyadnz|hourly,2026-08-17T18:48:05Z,2026-08-17T18:48:05Z,
162.248.101.69,ipv4,malicious-ip,medium,WHITE,ziyadnz/hourly-ipv4,ziyadnz|hourly,2026-08-17T18:48:05Z,2026-08-17T18:48:05Z,
162.248.102.93,ipv4,malicious-ip,medium,WHITE,ziyadnz/hourly-ipv4,ziyadnz|hourly,2026-08-17T18:48:05Z,2026-08-17T18:48:05Z,
162.248.103.32,ipv4,malicious-ip,medium,WHITE,ziyadnz/hourly-ipv4,ziyadnz|hourly,2026-08-17T18:48:05Z,2026-08-17T18:48:05Z,
162.248.224.222,ipv4,malicious-ip,medium,WHITE,ziyadnz/hourly-ipv4,ziyadnz|hourly,2026-08-17T18:48:05Z,2026-08-17T18:48:05Z,
162.248.225.159,ipv4,malicious-ip,medium,WHITE,ziyadnz/hourly-ipv4,ziyadnz|hourly,2026-08-17T18:48:05Z,2026-08-17T18:48:05Z,
162.248.53.119,ipv4,malicious-ip,medium,WHITE,ziyadnz/hourly-ipv4,ziyadnz|hourly,2026-08-17T18:48:05Z,2026-08-17T18:48:05Z,
162.248.74.92,ipv4,malicious-ip,medium,WHITE,ziyadnz/hourly-ipv4,ziyadnz|hourly,2026-08-17T18:48:05Z,2026-08-17T18:48:05Z,
162.249.125.150,ipv4,malicious-ip,medium,WHITE,ziyadnz/hourly-ipv4,ziyadnz|hourly,2026-08-17T18:48:05Z,2026-08-17T18:48:05Z,
162.251.5.152,ipv4,malicious-ip,medium,WHITE,ziyadnz/hourly-ipv4,ziyadnz|hourly,2026-08-17T18:48:05Z,2026-08-17T18:48:05Z,
162.251.62.82,ipv4,malicious-ip,medium,WHITE,ziyadnz/hourly-ipv4,ziyadnz|hourly,2026-08-17T18:48:05Z,2026-08-17T18:48:05Z,
162.251.95.209,ipv4,malicious-ip,medium,WHITE,ziyadnz/hourly-ipv4,ziyadnz|hourly,2026-08-17T18:48:05Z,2026-08-17T18:48:05Z,
162.252.173.12,ipv4,malicious-ip,medium,WHITE,ziyadnz/hourly-ipv4,ziyadnz|hourly,2026-08-17T18:48:05Z,2026-08-17T18:48:05Z,
162.252.173.37,ipv4,malicious-ip,medium,WHITE,ziyadnz/hourly-ipv4,ziyadnz|hourly,2026-08-17T18:48:05Z,2026-08-17T18:48:05Z,
162.252.175.142,ipv4,malicious-ip,medium,WHITE,ziyadnz/hourly-ipv4,ziyadnz|hourly,2026-08-17T18:48:05Z,2026-08-17T18:48:05Z,
162.252.198.212,ipv4,malicious-ip,medium,WHITE,ziyadnz/hourly-ipv4,ziyadnz|hourly,2026-08-17T18:48:05Z,2026-08-17T18:48:05Z,
162.252.199.70,ipv4,malicious-ip,medium,WHITE,ziyadnz/hourly-ipv4,ziyadnz|hourly,2026-08-17T18:48:05Z,2026-08-17T18:48:05Z,
162.252.83.250,ipv4,malicious-ip,medium,WHITE,ziyadnz/hourly-ipv4,ziyadnz|hourly,2026-08-17T18:48:05Z,2026-08-17T18:48:05Z,
162.253.42.116,ipv4,malicious-ip,medium,WHITE,ziyadnz/hourly-ipv4,ziyadnz|hourly,2026-08-17T18:48:05Z,2026-08-17T18:48:05Z,
162.254.38.226,ipv4,malicious-ip,medium,WHITE,ziyadnz/hourly-ipv4,ziyadnz|hourly,2026-08-17T18:48:05Z,2026-08-17T18:48:05Z,
162.255.112.183,ipv4,malicious-ip,medium,WHITE,ziyadnz/hourly-ipv4,ziyadnz|hourly,2026-08-17T18:48:05Z,2026-08-17T18:48:05Z,
162.255.119.139,ipv4,malicious-ip,medium,WHITE,ziyadnz/hourly-ipv4,ziyadnz|hourly,2026-08-17T18:48:05Z,2026-08-17T18:48:05Z,
162.33.177.101,ipv4,malicious-ip,medium,WHITE,ziyadnz/hourly-ipv4,ziyadnz|hourly,2026-08-17T18:48:05Z,2026-08-17T18:48:05Z,
162.33.177.27,ipv4,malicious-ip,medium,WHITE,ziyadnz/hourly-ipv4,ziyadnz|hourly,2026-08-17T18:48:05Z,2026-08-17T18:48:05Z,
162.33.177.46,ipv4,malicious-ip,medium,WHITE,ziyadnz/hourly-ipv4,ziyadnz|hourly,2026-08-17T18:48:05Z,2026-08-17T18:48:05Z,
162.33.177.56,ipv4,malicious-ip,medium,WHITE,ziyadnz/hourly-ipv4,ziyadnz|hourly,2026-08-17T18:48:05Z,2026-08-17T18:48:05Z,
162.33.178.129,ipv4,malicious-ip,medium,WHITE,ziyadnz/hourly-ipv4,ziyadnz|hourly,2026-08-17T18:48:05Z,2026-08-17T18:48:05Z,
162.33.178.164,ipv4,malicious-ip,medium,WHITE,ziyadnz/hourly-ipv4,ziyadnz|hourly,2026-08-17T18:48:05Z,2026-08-17T18:48:05Z,
162.33.178.196,ipv4,malicious-ip,medium,WHITE,ziyadnz/hourly-ipv4,ziyadnz|hourly,2026-08-17T18:48:05Z,2026-08-17T18:48:05Z,
162.33.178.201,ipv4,malicious-ip,medium,WHITE,ziyadnz/hourly-ipv4,ziyadnz|hourly,2026-08-17T18:48:05Z,2026-08-17T18:48:05Z,
162.33.178.210,ipv4,malicious-ip,medium,WHITE,ziyadnz/hourly-ipv4,ziyadnz|hourly,2026-08-17T18:48:05Z,2026-08-17T18:48:05Z,
162.33.178.22,ipv4,malicious-ip,medium,WHITE,ziyadnz/hourly-ipv4,ziyadnz|hourly,2026-08-17T18:48:05Z,2026-08-17T18:48:05Z,
162.33.178.225,ipv4,malicious-ip,medium,WHITE,ziyadnz/hourly-ipv4,ziyadnz|hourly,2026-08-17T18:48:05Z,2026-08-17T18:48:05Z,
162.33.178.23,ipv4,malicious-ip,medium,WHITE,ziyadnz/hourly-ipv4,ziyadnz|hourly,2026-08-17T18:48:05Z,2026-08-17T18:48:05Z,
162.33.178.231,ipv4,malicious-ip,medium,WHITE,ziyadnz/hourly-ipv4,ziyadnz|hourly,2026-08-17T18:48:05Z,2026-08-17T18:48:05Z,
162.33.178.244,ipv4,malicious-ip,medium,WHITE,ziyadnz/hourly-ipv4,ziyadnz|hourly,2026-08-17T18:48:05Z,2026-08-17T18:48:05Z,
162.33.178.61,ipv4,malicious-ip,medium,WHITE,ziyadnz/hourly-ipv4,ziyadnz|hourly,2026-08-17T18:48:05Z,2026-08-17T18:48:05Z,
162.33.179.100,ipv4,malicious-ip,medium,WHITE,ziyadnz/hourly-ipv4,ziyadnz|hourly,2026-08-17T18:48:05Z,2026-08-17T18:48:05Z,
162.33.179.140,ipv4,malicious-ip,medium,WHITE,ziyadnz/hourly-ipv4,ziyadnz|hourly,2026-08-17T18:48:05Z,2026-08-17T18:48:05Z,
162.33.179.149,ipv4,malicious-ip,medium,WHITE,ziyadnz/hourly-ipv4,ziyadnz|hourly,2026-08-17T18:48:05Z,2026-08-17T18:48:05Z,
162.33.179.17,ipv4,malicious-ip,medium,WHITE,ziyadnz/hourly-ipv4,ziyadnz|hourly,2026-08-17T18:48:05Z,2026-08-17T18:48:05Z,
162.33.179.72,ipv4,malicious-ip,medium,WHITE,ziyadnz/hourly-ipv4,ziyadnz|hourly,2026-08-17T18:48:05Z,2026-08-17T18:48:05Z,
162.35.161.101,ipv4,malicious-ip,medium,WHITE,ziyadnz/hourly-ipv4,ziyadnz|hourly,2026-08-17T18:48:05Z,2026-08-17T18:48:05Z,
162.35.167.138,ipv4,malicious-ip,medium,WHITE,ziyadnz/hourly-ipv4,ziyadnz|hourly,2026-08-17T18:48:05Z,2026-08-17T18:48:05Z,
162.35.175.181,ipv4,malicious-ip,medium,WHITE,ziyadnz/hourly-ipv4,ziyadnz|hourly,2026-08-17T18:48:05Z,2026-08-17T18:48:05Z,
162.4.81.4,ipv4,malicious-ip,medium,WHITE,ziyadnz/hourly-ipv4,ziyadnz|hourly,2026-08-17T18:48:05Z,2026-08-17T18:48:05Z,
162.55.132.212,ipv4,malicious-ip,medium,WHITE,ziyadnz/hourly-ipv4,ziyadnz|hourly,2026-08-17T18:48:05Z,2026-08-17T18:48:05Z,
162.55.17.215,ipv4,malicious-ip,medium,WHITE,ziyadnz/hourly-ipv4,ziyadnz|hourly,2026-08-17T18:48:05Z,2026-08-17T18:48:05Z,
162.55.179.90,ipv4,malicious-ip,medium,WHITE,ziyadnz/hourly-ipv4,ziyadnz|hourly,2026-08-17T18:48:05Z,2026-08-17T18:48:05Z,
162.55.210.40,ipv4,malicious-ip,medium,WHITE,ziyadnz/hourly-ipv4,ziyadnz|hourly,2026-08-17T18:48:05Z,2026-08-17T18:48:05Z,
162.55.217.30,ipv4,malicious-ip,medium,WHITE,ziyadnz/hourly-ipv4,ziyadnz|hourly,2026-08-17T18:48:05Z,2026-08-17T18:48:05Z,
162.55.241.4,ipv4,malicious-ip,medium,WHITE,ziyadnz/hourly-ipv4,ziyadnz|hourly,2026-08-17T18:48:05Z,2026-08-17T18:48:05Z,
162.55.47.21,ipv4,malicious-ip,medium,WHITE,ziyadnz/hourly-ipv4,ziyadnz|hourly,2026-08-17T18:48:05Z,2026-08-17T18:48:05Z,
162.55.95.169,ipv4,malicious-ip,medium,WHITE,ziyadnz/hourly-ipv4,ziyadnz|hourly,2026-08-17T18:48:05Z,2026-08-17T18:48:05Z,
162.62.121.154,ipv4,malicious-ip,medium,WHITE,ziyadnz/hourly-ipv4,ziyadnz|hourly,2026-08-17T18:48:05Z,2026-08-17T18:48:05Z,
162.62.132.25,ipv4,malicious-ip,medium,WHITE,ziyadnz/hourly-ipv4,ziyadnz|hourly,2026-08-17T18:48:05Z,2026-08-17T18:48:05Z,
162.62.213.165,ipv4,malicious-ip,medium,WHITE,ziyadnz/hourly-ipv4,ziyadnz|hourly,2026-08-17T18:48:05Z,2026-08-17T18:48:05Z,
162.62.213.187,ipv4,malicious-ip,medium,WHITE,ziyadnz/hourly-ipv4,ziyadnz|hourly,2026-08-17T18:48:05Z,2026-08-17T18:48:05Z,
162.84.169.19,ipv4,malicious-ip,medium,WHITE,ziyadnz/hourly-ipv4,ziyadnz|hourly,2026-08-17T18:48:05Z,2026-08-17T18:48:05Z,
163.0.236.162,ipv4,malicious-ip,medium,WHITE,ziyadnz/hourly-ipv4,ziyadnz|hourly,2026-08-17T18:48:05Z,2026-08-17T18:48:05Z,
163.123.142.146,ipv4,malicious-ip,medium,WHITE,ziyadnz/hourly-ipv4,ziyadnz|hourly,2026-08-17T18:48:05Z,2026-08-17T18:48:05Z,
163.123.143.126,ipv4,malicious-ip,medium,WHITE,ziyadnz/hourly-ipv4,ziyadnz|hourly,2026-08-17T18:48:05Z,2026-08-17T18:48:05Z,
163.123.143.204,ipv4,malicious-ip,medium,WHITE,ziyadnz/hourly-ipv4,ziyadnz|hourly,2026-08-17T18:48:05Z,2026-08-17T18:48:05Z,
163.123.143.56,ipv4,malicious-ip,medium,WHITE,ziyadnz/hourly-ipv4,ziyadnz|hourly,2026-08-17T18:48:05Z,2026-08-17T18:48:05Z,
163.125.125.57,ipv4,malicious-ip,medium,WHITE,ziyadnz/hourly-ipv4,ziyadnz|hourly,2026-08-17T18:48:05Z,2026-08-17T18:48:05Z,
163.128.163.7,ipv4,malicious-ip,medium,WHITE,ziyadnz/hourly-ipv4,ziyadnz|hourly,2026-08-17T18:48:05Z,2026-08-17T18:48:05Z,
163.128.165.32,ipv4,malicious-ip,medium,WHITE,ziyadnz/hourly-ipv4,ziyadnz|hourly,2026-08-17T18:48:05Z,2026-08-17T18:48:05Z,
163.128.36.112,ipv4,malicious-ip,medium,WHITE,ziyadnz/hourly-ipv4,ziyadnz|hourly,2026-08-17T18:48:05Z,2026-08-17T18:48:05Z,
163.128.8.22,ipv4,malicious-ip,medium,WHITE,ziyadnz/hourly-ipv4,ziyadnz|hourly,2026-08-17T18:48:05Z,2026-08-17T18:48:05Z,
163.142.100.65,ipv4,malicious-ip,medium,WHITE,ziyadnz/hourly-ipv4,ziyadnz|hourly,2026-08-17T18:48:05Z,2026-08-17T18:48:05Z,
163.142.61.63,ipv4,malicious-ip,medium,WHITE,ziyadnz/hourly-ipv4,ziyadnz|hourly,2026-08-17T18:48:05Z,2026-08-17T18:48:05Z,
163.172.112.2,ipv4,malicious-ip,medium,WHITE,ziyadnz/hourly-ipv4,ziyadnz|hourly,2026-08-17T18:48:05Z,2026-08-17T18:48:05Z,
163.172.132.157,ipv4,malicious-ip,medium,WHITE,ziyadnz/hourly-ipv4,ziyadnz|hourly,2026-08-17T18:48:05Z,2026-08-17T18:48:05Z,
163.172.143.194,ipv4,malicious-ip,medium,WHITE,ziyadnz/hourly-ipv4,ziyadnz|hourly,2026-08-17T18:48:05Z,2026-08-17T18:48:05Z,
163.172.160.252,ipv4,malicious-ip,medium,WHITE,ziyadnz/hourly-ipv4,ziyadnz|hourly,2026-08-17T18:48:05Z,2026-08-17T18:48:05Z,
163.172.172.163,ipv4,malicious-ip,medium,WHITE,ziyadnz/hourly-ipv4,ziyadnz|hourly,2026-08-17T18:48:05Z,2026-08-17T18:48:05Z,
163.172.178.115,ipv4,malicious-ip,medium,WHITE,ziyadnz/hourly-ipv4,ziyadnz|hourly,2026-08-17T18:48:05Z,2026-08-17T18:48:05Z,
163.172.221.175,ipv4,malicious-ip,medium,WHITE,ziyadnz/hourly-ipv4,ziyadnz|hourly,2026-08-17T18:48:05Z,2026-08-17T18:48:05Z,
163.172.231.202,ipv4,malicious-ip,medium,WHITE,ziyadnz/hourly-ipv4,ziyadnz|hourly,2026-08-17T18:48:05Z,2026-08-17T18:48:05Z,
163.172.255.181,ipv4,malicious-ip,medium,WHITE,ziyadnz/hourly-ipv4,ziyadnz|hourly,2026-08-17T18:48:05Z,2026-08-17T18:48:05Z,
163.172.60.23,ipv4,malicious-ip,medium,WHITE,ziyadnz/hourly-ipv4,ziyadnz|hourly,2026-08-17T18:48:05Z,2026-08-17T18:48:05Z,
163.172.84.90,ipv4,malicious-ip,medium,WHITE,ziyadnz/hourly-ipv4,ziyadnz|hourly,2026-08-17T18:48:05Z,2026-08-17T18:48:05Z,
163.176.147.68,ipv4,malicious-ip,medium,WHITE,ziyadnz/hourly-ipv4,ziyadnz|hourly,2026-08-17T18:48:05Z,2026-08-17T18:48:05Z,
163.177.76.83,ipv4,malicious-ip,medium,WHITE,ziyadnz/hourly-ipv4,ziyadnz|hourly,2026-08-17T18:48:05Z,2026-08-17T18:48:05Z,
163.177.76.85,ipv4,malicious-ip,medium,WHITE,ziyadnz/hourly-ipv4,ziyadnz|hourly,2026-08-17T18:48:05Z,2026-08-17T18:48:05Z,
163.179.126.244,ipv4,malicious-ip,medium,WHITE,ziyadnz/hourly-ipv4,ziyadnz|hourly,2026-08-17T18:48:05Z,2026-08-17T18:48:05Z,
163.179.39.100,ipv4,malicious-ip,medium,WHITE,ziyadnz/hourly-ipv4,ziyadnz|hourly,2026-08-17T18:48:05Z,2026-08-17T18:48:05Z,
163.179.50.101,ipv4,malicious-ip,medium,WHITE,ziyadnz/hourly-ipv4,ziyadnz|hourly,2026-08-17T18:48:05Z,2026-08-17T18:48:05Z,
163.192.108.95,ipv4,malicious-ip,medium,WHITE,ziyadnz/hourly-ipv4,ziyadnz|hourly,2026-08-17T18:48:05Z,2026-08-17T18:48:05Z,
163.192.217.140,ipv4,malicious-ip,medium,WHITE,ziyadnz/hourly-ipv4,ziyadnz|hourly,2026-08-17T18:48:05Z,2026-08-17T18:48:05Z,
163.192.48.255,ipv4,malicious-ip,medium,WHITE,ziyadnz/hourly-ipv4,ziyadnz|hourly,2026-08-17T18:48:05Z,2026-08-17T18:48:05Z,
163.223.105.175,ipv4,malicious-ip,medium,WHITE,ziyadnz/hourly-ipv4,ziyadnz|hourly,2026-08-17T18:48:05Z,2026-08-17T18:48:05Z,
163.223.166.5,ipv4,malicious-ip,medium,WHITE,ziyadnz/hourly-ipv4,ziyadnz|hourly,2026-08-17T18:48:05Z,2026-08-17T18:48:05Z,
163.223.210.119,ipv4,malicious-ip,medium,WHITE,ziyadnz/hourly-ipv4,ziyadnz|hourly,2026-08-17T18:48:05Z,2026-08-17T18:48:05Z,
163.223.210.8,ipv4,malicious-ip,medium,WHITE,ziyadnz/hourly-ipv4,ziyadnz|hourly,2026-08-17T18:48:05Z,2026-08-17T18:48:05Z,
163.223.211.173,ipv4,malicious-ip,medium,WHITE,ziyadnz/hourly-ipv4,ziyadnz|hourly,2026-08-17T18:48:05Z,2026-08-17T18:48:05Z,
163.223.244.3,ipv4,malicious-ip,medium,WHITE,ziyadnz/hourly-ipv4,ziyadnz|hourly,2026-08-17T18:48:05Z,2026-08-17T18:48:05Z,
163.223.65.137,ipv4,malicious-ip,medium,WHITE,ziyadnz/hourly-ipv4,ziyadnz|hourly,2026-08-17T18:48:05Z,2026-08-17T18:48:05Z,
163.227.14.68,ipv4,malicious-ip,medium,WHITE,ziyadnz/hourly-ipv4,ziyadnz|hourly,2026-08-17T18:48:05Z,2026-08-17T18:48:05Z,
163.227.188.65,ipv4,malicious-ip,medium,WHITE,ziyadnz/hourly-ipv4,ziyadnz|hourly,2026-08-17T18:48:05Z,2026-08-17T18:48:05Z,
163.227.230.54,ipv4,malicious-ip,medium,WHITE,ziyadnz/hourly-ipv4,ziyadnz|hourly,2026-08-17T18:48:05Z,2026-08-17T18:48:05Z,
163.245.194.216,ipv4,malicious-ip,medium,WHITE,ziyadnz/hourly-ipv4,ziyadnz|hourly,2026-08-17T18:48:05Z,2026-08-17T18:48:05Z,
163.245.195.172,ipv4,malicious-ip,medium,WHITE,ziyadnz/hourly-ipv4,ziyadnz|hourly,2026-08-17T18:48:05Z,2026-08-17T18:48:05Z,
163.245.208.50,ipv4,malicious-ip,medium,WHITE,ziyadnz/hourly-ipv4,ziyadnz|hourly,2026-08-17T18:48:05Z,2026-08-17T18:48:05Z,
163.245.209.157,ipv4,malicious-ip,medium,WHITE,ziyadnz/hourly-ipv4,ziyadnz|hourly,2026-08-17T18:48:05Z,2026-08-17T18:48:05Z,
163.245.211.149,ipv4,malicious-ip,medium,WHITE,ziyadnz/hourly-ipv4,ziyadnz|hourly,2026-08-17T18:48:05Z,2026-08-17T18:48:05Z,
163.245.213.120,ipv4,malicious-ip,medium,WHITE,ziyadnz/hourly-ipv4,ziyadnz|hourly,2026-08-17T18:48:05Z,2026-08-17T18:48:05Z,
163.245.213.245,ipv4,malicious-ip,medium,WHITE,ziyadnz/hourly-ipv4,ziyadnz|hourly,2026-08-17T18:48:05Z,2026-08-17T18:48:05Z,
163.245.217.104,ipv4,malicious-ip,medium,WHITE,ziyadnz/hourly-ipv4,ziyadnz|hourly,2026-08-17T18:48:05Z,2026-08-17T18:48:05Z,
163.245.217.198,ipv4,malicious-ip,medium,WHITE,ziyadnz/hourly-ipv4,ziyadnz|hourly,2026-08-17T18:48:05Z,2026-08-17T18:48:05Z,
163.245.217.48,ipv4,malicious-ip,medium,WHITE,ziyadnz/hourly-ipv4,ziyadnz|hourly,2026-08-17T18:48:05Z,2026-08-17T18:48:05Z,
163.245.221.126,ipv4,malicious-ip,medium,WHITE,ziyadnz/hourly-ipv4,ziyadnz|hourly,2026-08-17T18:48:05Z,2026-08-17T18:48:05Z,
163.245.221.162,ipv4,malicious-ip,medium,WHITE,ziyadnz/hourly-ipv4,ziyadnz|hourly,2026-08-17T18:48:05Z,2026-08-17T18:48:05Z,
163.245.222.0,ipv4,malicious-ip,medium,WHITE,ziyadnz/hourly-ipv4,ziyadnz|hourly,2026-08-17T18:48:05Z,2026-08-17T18:48:05Z,
163.245.222.111,ipv4,malicious-ip,medium,WHITE,ziyadnz/hourly-ipv4,ziyadnz|hourly,2026-08-17T18:48:05Z,2026-08-17T18:48:05Z,
163.245.222.162,ipv4,malicious-ip,medium,WHITE,ziyadnz/hourly-ipv4,ziyadnz|hourly,2026-08-17T18:48:05Z,2026-08-17T18:48:05Z,
163.245.222.170,ipv4,malicious-ip,medium,WHITE,ziyadnz/hourly-ipv4,ziyadnz|hourly,2026-08-17T18:48:05Z,2026-08-17T18:48:05Z,
163.245.222.253,ipv4,malicious-ip,medium,WHITE,ziyadnz/hourly-ipv4,ziyadnz|hourly,2026-08-17T18:48:05Z,2026-08-17T18:48:05Z,
163.245.222.254,ipv4,malicious-ip,medium,WHITE,ziyadnz/hourly-ipv4,ziyadnz|hourly,2026-08-17T18:48:05Z,2026-08-17T18:48:05Z,
163.245.222.37,ipv4,malicious-ip,medium,WHITE,ziyadnz/hourly-ipv4,ziyadnz|hourly,2026-08-17T18:48:05Z,2026-08-17T18:48:05Z,
163.44.101.215,ipv4,malicious-ip,medium,WHITE,ziyadnz/hourly-ipv4,ziyadnz|hourly,2026-08-17T18:48:05Z,2026-08-17T18:48:05Z,
163.44.121.226,ipv4,malicious-ip,medium,WHITE,ziyadnz/hourly-ipv4,ziyadnz|hourly,2026-08-17T18:48:05Z,2026-08-17T18:48:05Z,
163.47.134.124,ipv4,malicious-ip,medium,WHITE,ziyadnz/hourly-ipv4,ziyadnz|hourly,2026-08-17T18:48:05Z,2026-08-17T18:48:05Z,
163.47.33.67,ipv4,malicious-ip,medium,WHITE,ziyadnz/hourly-ipv4,ziyadnz|hourly,2026-08-17T18:48:05Z,2026-08-17T18:48:05Z,
163.5.102.95,ipv4,malicious-ip,medium,WHITE,ziyadnz/hourly-ipv4,ziyadnz|hourly,2026-08-17T18:48:05Z,2026-08-17T18:48:05Z,
163.5.13.87,ipv4,malicious-ip,medium,WHITE,ziyadnz/hourly-ipv4,ziyadnz|hourly,2026-08-17T18:48:05Z,2026-08-17T18:48:05Z,
163.5.149.152,ipv4,malicious-ip,medium,WHITE,ziyadnz/hourly-ipv4,ziyadnz|hourly,2026-08-17T18:48:05Z,2026-08-17T18:48:05Z,
163.5.169.142,ipv4,malicious-ip,medium,WHITE,ziyadnz/hourly-ipv4,ziyadnz|hourly,2026-08-17T18:48:05Z,2026-08-17T18:48:05Z,
163.5.210.204,ipv4,malicious-ip,medium,WHITE,ziyadnz/hourly-ipv4,ziyadnz|hourly,2026-08-17T18:48:05Z,2026-08-17T18:48:05Z,
163.5.210.210,ipv4,malicious-ip,medium,WHITE,ziyadnz/hourly-ipv4,ziyadnz|hourly,2026-08-17T18:48:05Z,2026-08-17T18:48:05Z,
163.5.214.40,ipv4,malicious-ip,medium,WHITE,ziyadnz/hourly-ipv4,ziyadnz|hourly,2026-08-17T18:48:05Z,2026-08-17T18:48:05Z,
163.5.221.110,ipv4,malicious-ip,medium,WHITE,ziyadnz/hourly-ipv4,ziyadnz|hourly,2026-08-17T18:48:05Z,2026-08-17T18:48:05Z,
163.5.59.20,ipv4,malicious-ip,medium,WHITE,ziyadnz/hourly-ipv4,ziyadnz|hourly,2026-08-17T18:48:05Z,2026-08-17T18:48:05Z,
163.5.94.126,ipv4,malicious-ip,medium,WHITE,ziyadnz/hourly-ipv4,ziyadnz|hourly,2026-08-17T18:48:05Z,2026-08-17T18:48:05Z,
163.53.146.134,ipv4,malicious-ip,medium,WHITE,ziyadnz/hourly-ipv4,ziyadnz|hourly,2026-08-17T18:48:05Z,2026-08-17T18:48:05Z,
163.53.168.23,ipv4,malicious-ip,medium,WHITE,ziyadnz/hourly-ipv4,ziyadnz|hourly,2026-08-17T18:48:05Z,2026-08-17T18:48:05Z,
163.53.179.21,ipv4,malicious-ip,medium,WHITE,ziyadnz/hourly-ipv4,ziyadnz|hourly,2026-08-17T18:48:05Z,2026-08-17T18:48:05Z,
163.53.201.45,ipv4,malicious-ip,medium,WHITE,ziyadnz/hourly-ipv4,ziyadnz|hourly,2026-08-17T18:48:05Z,2026-08-17T18:48:05Z,
163.53.206.55,ipv4,malicious-ip,medium,WHITE,ziyadnz/hourly-ipv4,ziyadnz|hourly,2026-08-17T18:48:05Z,2026-08-17T18:48:05Z,
163.53.25.129,ipv4,malicious-ip,medium,WHITE,ziyadnz/hourly-ipv4,ziyadnz|hourly,2026-08-17T18:48:05Z,2026-08-17T18:48:05Z,
163.58.67.162,ipv4,malicious-ip,medium,WHITE,ziyadnz/hourly-ipv4,ziyadnz|hourly,2026-08-17T18:48:05Z,2026-08-17T18:48:05Z,
163.61.1.16,ipv4,malicious-ip,medium,WHITE,ziyadnz/hourly-ipv4,ziyadnz|hourly,2026-08-17T18:48:05Z,2026-08-17T18:48:05Z,
163.61.1.175,ipv4,malicious-ip,medium,WHITE,ziyadnz/hourly-ipv4,ziyadnz|hourly,2026-08-17T18:48:05Z,2026-08-17T18:48:05Z,
163.61.1.205,ipv4,malicious-ip,medium,WHITE,ziyadnz/hourly-ipv4,ziyadnz|hourly,2026-08-17T18:48:05Z,2026-08-17T18:48:05Z,
163.61.1.6,ipv4,malicious-ip,medium,WHITE,ziyadnz/hourly-ipv4,ziyadnz|hourly,2026-08-17T18:48:05Z,2026-08-17T18:48:05Z,
163.61.102.245,ipv4,malicious-ip,medium,WHITE,ziyadnz/hourly-ipv4,ziyadnz|hourly,2026-08-17T18:48:05Z,2026-08-17T18:48:05Z,
163.61.110.175,ipv4,malicious-ip,medium,WHITE,ziyadnz/hourly-ipv4,ziyadnz|hourly,2026-08-17T18:48:05Z,2026-08-17T18:48:05Z,
163.61.110.77,ipv4,malicious-ip,medium,WHITE,ziyadnz/hourly-ipv4,ziyadnz|hourly,2026-08-17T18:48:05Z,2026-08-17T18:48:05Z,
163.61.129.226,ipv4,malicious-ip,medium,WHITE,ziyadnz/hourly-ipv4,ziyadnz|hourly,2026-08-17T18:48:05Z,2026-08-17T18:48:05Z,
163.61.225.171,ipv4,malicious-ip,medium,WHITE,ziyadnz/hourly-ipv4,ziyadnz|hourly,2026-08-17T18:48:05Z,2026-08-17T18:48:05Z,
163.61.233.194,ipv4,malicious-ip,medium,WHITE,ziyadnz/hourly-ipv4,ziyadnz|hourly,2026-08-17T18:48:05Z,2026-08-17T18:48:05Z,
163.61.236.118,ipv4,malicious-ip,medium,WHITE,ziyadnz/hourly-ipv4,ziyadnz|hourly,2026-08-17T18:48:05Z,2026-08-17T18:48:05Z,
163.61.38.142,ipv4,malicious-ip,medium,WHITE,ziyadnz/hourly-ipv4,ziyadnz|hourly,2026-08-17T18:48:05Z,2026-08-17T18:48:05Z,
163.61.39.40,ipv4,malicious-ip,medium,WHITE,ziyadnz/hourly-ipv4,ziyadnz|hourly,2026-08-17T18:48:05Z,2026-08-17T18:48:05Z,
163.61.58.240,ipv4,malicious-ip,medium,WHITE,ziyadnz/hourly-ipv4,ziyadnz|hourly,2026-08-17T18:48:05Z,2026-08-17T18:48:05Z,
163.61.66.30,ipv4,malicious-ip,medium,WHITE,ziyadnz/hourly-ipv4,ziyadnz|hourly,2026-08-17T18:48:05Z,2026-08-17T18:48:05Z,
163.61.91.163,ipv4,malicious-ip,medium,WHITE,ziyadnz/hourly-ipv4,ziyadnz|hourly,2026-08-17T18:48:05Z,2026-08-17T18:48:05Z,
163.7.0.179,ipv4,malicious-ip,medium,WHITE,ziyadnz/hourly-ipv4,ziyadnz|hourly,2026-08-17T18:48:05Z,2026-08-17T18:48:05Z,
163.7.10.112,ipv4,malicious-ip,medium,WHITE,ziyadnz/hourly-ipv4,ziyadnz|hourly,2026-08-17T18:48:05Z,2026-08-17T18:48:05Z,
163.7.11.230,ipv4,malicious-ip,medium,WHITE,ziyadnz/hourly-ipv4,ziyadnz|hourly,2026-08-17T18:48:05Z,2026-08-17T18:48:05Z,
163.7.12.183,ipv4,malicious-ip,medium,WHITE,ziyadnz/hourly-ipv4,ziyadnz|hourly,2026-08-17T18:48:05Z,2026-08-17T18:48:05Z,
163.7.3.26,ipv4,malicious-ip,medium,WHITE,ziyadnz/hourly-ipv4,ziyadnz|hourly,2026-08-17T18:48:05Z,2026-08-17T18:48:05Z,
163.7.4.20,ipv4,malicious-ip,medium,WHITE,ziyadnz/hourly-ipv4,ziyadnz|hourly,2026-08-17T18:48:05Z,2026-08-17T18:48:05Z,
163.7.5.231,ipv4,malicious-ip,medium,WHITE,ziyadnz/hourly-ipv4,ziyadnz|hourly,2026-08-17T18:48:05Z,2026-08-17T18:48:05Z,
163.7.9.82,ipv4,malicious-ip,medium,WHITE,ziyadnz/hourly-ipv4,ziyadnz|hourly,2026-08-17T18:48:05Z,2026-08-17T18:48:05Z,
164.100.146.59,ipv4,malicious-ip,medium,WHITE,ziyadnz/hourly-ipv4,ziyadnz|hourly,2026-08-17T18:48:05Z,2026-08-17T18:48:05Z,
164.100.149.249,ipv4,malicious-ip,medium,WHITE,ziyadnz/hourly-ipv4,ziyadnz|hourly,2026-08-17T18:48:05Z,2026-08-17T18:48:05Z,
164.100.153.202,ipv4,malicious-ip,medium,WHITE,ziyadnz/hourly-ipv4,ziyadnz|hourly,2026-08-17T18:48:05Z,2026-08-17T18:48:05Z,
164.100.212.15,ipv4,malicious-ip,medium,WHITE,ziyadnz/hourly-ipv4,ziyadnz|hourly,2026-08-17T18:48:05Z,2026-08-17T18:48:05Z,
164.100.212.184,ipv4,malicious-ip,medium,WHITE,ziyadnz/hourly-ipv4,ziyadnz|hourly,2026-08-17T18:48:05Z,2026-08-17T18:48:05Z,
164.100.212.37,ipv4,malicious-ip,medium,WHITE,ziyadnz/hourly-ipv4,ziyadnz|hourly,2026-08-17T18:48:05Z,2026-08-17T18:48:05Z,
164.100.212.64,ipv4,malicious-ip,medium,WHITE,ziyadnz/hourly-ipv4,ziyadnz|hourly,2026-08-17T18:48:05Z,2026-08-17T18:48:05Z,
164.100.39.102,ipv4,malicious-ip,medium,WHITE,ziyadnz/hourly-ipv4,ziyadnz|hourly,2026-08-17T18:48:05Z,2026-08-17T18:48:05Z,
164.132.112.87,ipv4,malicious-ip,medium,WHITE,ziyadnz/hourly-ipv4,ziyadnz|hourly,2026-08-17T18:48:05Z,2026-08-17T18:48:05Z,
164.132.237.64,ipv4,malicious-ip,medium,WHITE,ziyadnz/hourly-ipv4,ziyadnz|hourly,2026-08-17T18:48:05Z,2026-08-17T18:48:05Z,
164.132.237.67,ipv4,malicious-ip,medium,WHITE,ziyadnz/hourly-ipv4,ziyadnz|hourly,2026-08-17T18:48:05Z,2026-08-17T18:48:05Z,
164.132.237.79,ipv4,malicious-ip,medium,WHITE,ziyadnz/hourly-ipv4,ziyadnz|hourly,2026-08-17T18:48:05Z,2026-08-17T18:48:05Z,
164.132.240.169,ipv4,malicious-ip,medium,WHITE,ziyadnz/hourly-ipv4,ziyadnz|hourly,2026-08-17T18:48:05Z,2026-08-17T18:48:05Z,
164.132.42.208,ipv4,malicious-ip,medium,WHITE,ziyadnz/hourly-ipv4,ziyadnz|hourly,2026-08-17T18:48:05Z,2026-08-17T18:48:05Z,
164.132.76.23,ipv4,malicious-ip,medium,WHITE,ziyadnz/hourly-ipv4,ziyadnz|hourly,2026-08-17T18:48:05Z,2026-08-17T18:48:05Z,
164.132.97.24,ipv4,malicious-ip,medium,WHITE,ziyadnz/hourly-ipv4,ziyadnz|hourly,2026-08-17T18:48:05Z,2026-08-17T18:48:05Z,
164.138.220.142,ipv4,malicious-ip,medium,WHITE,ziyadnz/hourly-ipv4,ziyadnz|hourly,2026-08-17T18:48:05Z,2026-08-17T18:48:05Z,
164.151.136.50,ipv4,malicious-ip,medium,WHITE,ziyadnz/hourly-ipv4,ziyadnz|hourly,2026-08-17T18:48:05Z,2026-08-17T18:48:05Z,
164.151.138.226,ipv4,malicious-ip,medium,WHITE,ziyadnz/hourly-ipv4,ziyadnz|hourly,2026-08-17T18:48:05Z,2026-08-17T18:48:05Z,
164.152.123.245,ipv4,malicious-ip,medium,WHITE,ziyadnz/hourly-ipv4,ziyadnz|hourly,2026-08-17T18:48:05Z,2026-08-17T18:48:05Z,
164.152.250.192,ipv4,malicious-ip,medium,WHITE,ziyadnz/hourly-ipv4,ziyadnz|hourly,2026-08-17T18:48:05Z,2026-08-17T18:48:05Z,
164.155.205.99,ipv4,malicious-ip,medium,WHITE,ziyadnz/hourly-ipv4,ziyadnz|hourly,2026-08-17T18:48:05Z,2026-08-17T18:48:05Z,
164.160.33.119,ipv4,malicious-ip,medium,WHITE,ziyadnz/hourly-ipv4,ziyadnz|hourly,2026-08-17T18:48:05Z,2026-08-17T18:48:05Z,
164.160.89.209,ipv4,malicious-ip,medium,WHITE,ziyadnz/hourly-ipv4,ziyadnz|hourly,2026-08-17T18:48:05Z,2026-08-17T18:48:05Z,
164.163.100.251,ipv4,malicious-ip,medium,WHITE,ziyadnz/hourly-ipv4,ziyadnz|hourly,2026-08-17T18:48:05Z,2026-08-17T18:48:05Z,
164.163.14.54,ipv4,malicious-ip,medium,WHITE,ziyadnz/hourly-ipv4,ziyadnz|hourly,2026-08-17T18:48:05Z,2026-08-17T18:48:05Z,
164.163.150.83,ipv4,malicious-ip,medium,WHITE,ziyadnz/hourly-ipv4,ziyadnz|hourly,2026-08-17T18:48:05Z,2026-08-17T18:48:05Z,
164.163.195.84,ipv4,malicious-ip,medium,WHITE,ziyadnz/hourly-ipv4,ziyadnz|hourly,2026-08-17T18:48:05Z,2026-08-17T18:48:05Z,
164.163.215.203,ipv4,malicious-ip,medium,WHITE,ziyadnz/hourly-ipv4,ziyadnz|hourly,2026-08-17T18:48:05Z,2026-08-17T18:48:05Z,
164.163.24.11,ipv4,malicious-ip,medium,WHITE,ziyadnz/hourly-ipv4,ziyadnz|hourly,2026-08-17T18:48:05Z,2026-08-17T18:48:05Z,
164.163.25.149,ipv4,malicious-ip,medium,WHITE,ziyadnz/hourly-ipv4,ziyadnz|hourly,2026-08-17T18:48:05Z,2026-08-17T18:48:05Z,
164.163.253.11,ipv4,malicious-ip,medium,WHITE,ziyadnz/hourly-ipv4,ziyadnz|hourly,2026-08-17T18:48:05Z,2026-08-17T18:48:05Z,
164.163.44.183,ipv4,malicious-ip,medium,WHITE,ziyadnz/hourly-ipv4,ziyadnz|hourly,2026-08-17T18:48:05Z,2026-08-17T18:48:05Z,
164.164.197.148,ipv4,malicious-ip,medium,WHITE,ziyadnz/hourly-ipv4,ziyadnz|hourly,2026-08-17T18:48:05Z,2026-08-17T18:48:05Z,
164.215.103.143,ipv4,malicious-ip,medium,WHITE,ziyadnz/hourly-ipv4,ziyadnz|hourly,2026-08-17T18:48:05Z,2026-08-17T18:48:05Z,
164.215.103.20,ipv4,malicious-ip,medium,WHITE,ziyadnz/hourly-ipv4,ziyadnz|hourly,2026-08-17T18:48:05Z,2026-08-17T18:48:05Z,
164.215.103.55,ipv4,malicious-ip,medium,WHITE,ziyadnz/hourly-ipv4,ziyadnz|hourly,2026-08-17T18:48:05Z,2026-08-17T18:48:05Z,
164.215.59.62,ipv4,malicious-ip,medium,WHITE,ziyadnz/hourly-ipv4,ziyadnz|hourly,2026-08-17T18:48:05Z,2026-08-17T18:48:05Z,
164.46.115.98,ipv4,malicious-ip,medium,WHITE,ziyadnz/hourly-ipv4,ziyadnz|hourly,2026-08-17T18:48:05Z,2026-08-17T18:48:05Z,
164.52.218.210,ipv4,malicious-ip,medium,WHITE,ziyadnz/hourly-ipv4,ziyadnz|hourly,2026-08-17T18:48:05Z,2026-08-17T18:48:05Z,
164.52.219.11,ipv4,malicious-ip,medium,WHITE,ziyadnz/hourly-ipv4,ziyadnz|hourly,2026-08-17T18:48:05Z,2026-08-17T18:48:05Z,
164.52.24.180,ipv4,malicious-ip,medium,WHITE,ziyadnz/hourly-ipv4,ziyadnz|hourly,2026-08-17T18:48:05Z,2026-08-17T18:48:05Z,
164.52.24.181,ipv4,malicious-ip,medium,WHITE,ziyadnz/hourly-ipv4,ziyadnz|hourly,2026-08-17T18:48:05Z,2026-08-17T18:48:05Z,
164.52.24.182,ipv4,malicious-ip,medium,WHITE,ziyadnz/hourly-ipv4,ziyadnz|hourly,2026-08-17T18:48:05Z,2026-08-17T18:48:05Z,
164.52.24.184,ipv4,malicious-ip,medium,WHITE,ziyadnz/hourly-ipv4,ziyadnz|hourly,2026-08-17T18:48:05Z,2026-08-17T18:48:05Z,
164.52.24.186,ipv4,malicious-ip,medium,WHITE,ziyadnz/hourly-ipv4,ziyadnz|hourly,2026-08-17T18:48:05Z,2026-08-17T18:48:05Z,
164.52.24.190,ipv4,malicious-ip,medium,WHITE,ziyadnz/hourly-ipv4,ziyadnz|hourly,2026-08-17T18:48:05Z,2026-08-17T18:48:05Z,
164.68.105.207,ipv4,malicious-ip,medium,WHITE,ziyadnz/hourly-ipv4,ziyadnz|hourly,2026-08-17T18:48:05Z,2026-08-17T18:48:05Z,
164.68.107.238,ipv4,malicious-ip,medium,WHITE,ziyadnz/hourly-ipv4,ziyadnz|hourly,2026-08-17T18:48:05Z,2026-08-17T18:48:05Z,
164.68.113.117,ipv4,malicious-ip,medium,WHITE,ziyadnz/hourly-ipv4,ziyadnz|hourly,2026-08-17T18:48:05Z,2026-08-17T18:48:05Z,
164.68.116.122,ipv4,malicious-ip,medium,WHITE,ziyadnz/hourly-ipv4,ziyadnz|hourly,2026-08-17T18:48:05Z,2026-08-17T18:48:05Z,
164.68.125.2,ipv4,malicious-ip,medium,WHITE,ziyadnz/hourly-ipv4,ziyadnz|hourly,2026-08-17T18:48:05Z,2026-08-17T18:48:05Z,
164.68.126.145,ipv4,malicious-ip,medium,WHITE,ziyadnz/hourly-ipv4,ziyadnz|hourly,2026-08-17T18:48:05Z,2026-08-17T18:48:05Z,
164.68.127.126,ipv4,malicious-ip,medium,WHITE,ziyadnz/hourly-ipv4,ziyadnz|hourly,2026-08-17T18:48:05Z,2026-08-17T18:48:05Z,
164.68.138.245,ipv4,malicious-ip,medium,WHITE,ziyadnz/hourly-ipv4,ziyadnz|hourly,2026-08-17T18:48:05Z,2026-08-17T18:48:05Z,
164.68.97.42,ipv4,malicious-ip,medium,WHITE,ziyadnz/hourly-ipv4,ziyadnz|hourly,2026-08-17T18:48:05Z,2026-08-17T18:48:05Z,
164.90.129.82,ipv4,malicious-ip,medium,WHITE,ziyadnz/hourly-ipv4,ziyadnz|hourly,2026-08-17T18:48:05Z,2026-08-17T18:48:05Z,
164.90.135.205,ipv4,malicious-ip,medium,WHITE,ziyadnz/hourly-ipv4,ziyadnz|hourly,2026-08-17T18:48:05Z,2026-08-17T18:48:05Z,
164.90.138.136,ipv4,malicious-ip,medium,WHITE,ziyadnz/hourly-ipv4,ziyadnz|hourly,2026-08-17T18:48:05Z,2026-08-17T18:48:05Z,
164.90.146.151,ipv4,malicious-ip,medium,WHITE,ziyadnz/hourly-ipv4,ziyadnz|hourly,2026-08-17T18:48:05Z,2026-08-17T18:48:05Z,
164.90.146.29,ipv4,malicious-ip,medium,WHITE,ziyadnz/hourly-ipv4,ziyadnz|hourly,2026-08-17T18:48:05Z,2026-08-17T18:48:05Z,
164.90.147.124,ipv4,malicious-ip,medium,WHITE,ziyadnz/hourly-ipv4,ziyadnz|hourly,2026-08-17T18:48:05Z,2026-08-17T18:48:05Z,
164.90.149.46,ipv4,malicious-ip,medium,WHITE,ziyadnz/hourly-ipv4,ziyadnz|hourly,2026-08-17T18:48:05Z,2026-08-17T18:48:05Z,
164.90.150.76,ipv4,malicious-ip,medium,WHITE,ziyadnz/hourly-ipv4,ziyadnz|hourly,2026-08-17T18:48:05Z,2026-08-17T18:48:05Z,
164.90.151.212,ipv4,malicious-ip,medium,WHITE,ziyadnz/hourly-ipv4,ziyadnz|hourly,2026-08-17T18:48:05Z,2026-08-17T18:48:05Z,
164.90.152.0,ipv4,malicious-ip,medium,WHITE,ziyadnz/hourly-ipv4,ziyadnz|hourly,2026-08-17T18:48:05Z,2026-08-17T18:48:05Z,
164.90.152.103,ipv4,malicious-ip,medium,WHITE,ziyadnz/hourly-ipv4,ziyadnz|hourly,2026-08-17T18:48:05Z,2026-08-17T18:48:05Z,
164.90.152.139,ipv4,malicious-ip,medium,WHITE,ziyadnz/hourly-ipv4,ziyadnz|hourly,2026-08-17T18:48:05Z,2026-08-17T18:48:05Z,
164.90.152.188,ipv4,malicious-ip,medium,WHITE,ziyadnz/hourly-ipv4,ziyadnz|hourly,2026-08-17T18:48:05Z,2026-08-17T18:48:05Z,
164.90.152.218,ipv4,malicious-ip,medium,WHITE,ziyadnz/hourly-ipv4,ziyadnz|hourly,2026-08-17T18:48:05Z,2026-08-17T18:48:05Z,
164.90.154.212,ipv4,malicious-ip,medium,WHITE,ziyadnz/hourly-ipv4,ziyadnz|hourly,2026-08-17T18:48:05Z,2026-08-17T18:48:05Z,
164.90.156.130,ipv4,malicious-ip,medium,WHITE,ziyadnz/hourly-ipv4,ziyadnz|hourly,2026-08-17T18:48:05Z,2026-08-17T18:48:05Z,
164.90.159.244,ipv4,malicious-ip,medium,WHITE,ziyadnz/hourly-ipv4,ziyadnz|hourly,2026-08-17T18:48:05Z,2026-08-17T18:48:05Z,
164.90.159.250,ipv4,malicious-ip,medium,WHITE,ziyadnz/hourly-ipv4,ziyadnz|hourly,2026-08-17T18:48:05Z,2026-08-17T18:48:05Z,
164.90.165.33,ipv4,malicious-ip,medium,WHITE,ziyadnz/hourly-ipv4,ziyadnz|hourly,2026-08-17T18:48:05Z,2026-08-17T18:48:05Z,
164.90.176.216,ipv4,malicious-ip,medium,WHITE,ziyadnz/hourly-ipv4,ziyadnz|hourly,2026-08-17T18:48:05Z,2026-08-17T18:48:05Z,
164.90.184.58,ipv4,malicious-ip,medium,WHITE,ziyadnz/hourly-ipv4,ziyadnz|hourly,2026-08-17T18:48:05Z,2026-08-17T18:48:05Z,
164.90.201.138,ipv4,malicious-ip,medium,WHITE,ziyadnz/hourly-ipv4,ziyadnz|hourly,2026-08-17T18:48:05Z,2026-08-17T18:48:05Z,
164.90.211.12,ipv4,malicious-ip,medium,WHITE,ziyadnz/hourly-ipv4,ziyadnz|hourly,2026-08-17T18:48:05Z,2026-08-17T18:48:05Z,
164.90.216.53,ipv4,malicious-ip,medium,WHITE,ziyadnz/hourly-ipv4,ziyadnz|hourly,2026-08-17T18:48:05Z,2026-08-17T18:48:05Z,
164.90.234.216,ipv4,malicious-ip,medium,WHITE,ziyadnz/hourly-ipv4,ziyadnz|hourly,2026-08-17T18:48:05Z,2026-08-17T18:48:05Z,
164.90.235.128,ipv4,malicious-ip,medium,WHITE,ziyadnz/hourly-ipv4,ziyadnz|hourly,2026-08-17T18:48:05Z,2026-08-17T18:48:05Z,
164.90.235.215,ipv4,malicious-ip,medium,WHITE,ziyadnz/hourly-ipv4,ziyadnz|hourly,2026-08-17T18:48:05Z,2026-08-17T18:48:05Z,
164.90.236.107,ipv4,malicious-ip,medium,WHITE,ziyadnz/hourly-ipv4,ziyadnz|hourly,2026-08-17T18:48:05Z,2026-08-17T18:48:05Z,
164.92.106.15,ipv4,malicious-ip,medium,WHITE,ziyadnz/hourly-ipv4,ziyadnz|hourly,2026-08-17T18:48:05Z,2026-08-17T18:48:05Z,
164.92.107.174,ipv4,malicious-ip,medium,WHITE,ziyadnz/hourly-ipv4,ziyadnz|hourly,2026-08-17T18:48:05Z,2026-08-17T18:48:05Z,
164.92.108.219,ipv4,malicious-ip,medium,WHITE,ziyadnz/hourly-ipv4,ziyadnz|hourly,2026-08-17T18:48:05Z,2026-08-17T18:48:05Z,
164.92.110.47,ipv4,malicious-ip,medium,WHITE,ziyadnz/hourly-ipv4,ziyadnz|hourly,2026-08-17T18:48:05Z,2026-08-17T18:48:05Z,
164.92.114.247,ipv4,malicious-ip,medium,WHITE,ziyadnz/hourly-ipv4,ziyadnz|hourly,2026-08-17T18:48:05Z,2026-08-17T18:48:05Z,
164.92.115.22,ipv4,malicious-ip,medium,WHITE,ziyadnz/hourly-ipv4,ziyadnz|hourly,2026-08-17T18:48:05Z,2026-08-17T18:48:05Z,
164.92.117.229,ipv4,malicious-ip,medium,WHITE,ziyadnz/hourly-ipv4,ziyadnz|hourly,2026-08-17T18:48:05Z,2026-08-17T18:48:05Z,
164.92.119.173,ipv4,malicious-ip,medium,WHITE,ziyadnz/hourly-ipv4,ziyadnz|hourly,2026-08-17T18:48:05Z,2026-08-17T18:48:05Z,
164.92.129.176,ipv4,malicious-ip,medium,WHITE,ziyadnz/hourly-ipv4,ziyadnz|hourly,2026-08-17T18:48:05Z,2026-08-17T18:48:05Z,
164.92.133.57,ipv4,malicious-ip,medium,WHITE,ziyadnz/hourly-ipv4,ziyadnz|hourly,2026-08-17T18:48:05Z,2026-08-17T18:48:05Z,
164.92.135.223,ipv4,malicious-ip,medium,WHITE,ziyadnz/hourly-ipv4,ziyadnz|hourly,2026-08-17T18:48:05Z,2026-08-17T18:48:05Z,
164.92.138.14,ipv4,malicious-ip,medium,WHITE,ziyadnz/hourly-ipv4,ziyadnz|hourly,2026-08-17T18:48:05Z,2026-08-17T18:48:05Z,
164.92.140.160,ipv4,malicious-ip,medium,WHITE,ziyadnz/hourly-ipv4,ziyadnz|hourly,2026-08-17T18:48:05Z,2026-08-17T18:48:05Z,
164.92.141.187,ipv4,malicious-ip,medium,WHITE,ziyadnz/hourly-ipv4,ziyadnz|hourly,2026-08-17T18:48:05Z,2026-08-17T18:48:05Z,
164.92.148.118,ipv4,malicious-ip,medium,WHITE,ziyadnz/hourly-ipv4,ziyadnz|hourly,2026-08-17T18:48:05Z,2026-08-17T18:48:05Z,
164.92.148.49,ipv4,malicious-ip,medium,WHITE,ziyadnz/hourly-ipv4,ziyadnz|hourly,2026-08-17T18:48:05Z,2026-08-17T18:48:05Z,
164.92.151.116,ipv4,malicious-ip,medium,WHITE,ziyadnz/hourly-ipv4,ziyadnz|hourly,2026-08-17T18:48:05Z,2026-08-17T18:48:05Z,
164.92.154.70,ipv4,malicious-ip,medium,WHITE,ziyadnz/hourly-ipv4,ziyadnz|hourly,2026-08-17T18:48:05Z,2026-08-17T18:48:05Z,
164.92.159.100,ipv4,malicious-ip,medium,WHITE,ziyadnz/hourly-ipv4,ziyadnz|hourly,2026-08-17T18:48:05Z,2026-08-17T18:48:05Z,
164.92.163.194,ipv4,malicious-ip,medium,WHITE,ziyadnz/hourly-ipv4,ziyadnz|hourly,2026-08-17T18:48:05Z,2026-08-17T18:48:05Z,
164.92.182.200,ipv4,malicious-ip,medium,WHITE,ziyadnz/hourly-ipv4,ziyadnz|hourly,2026-08-17T18:48:05Z,2026-08-17T18:48:05Z,
164.92.189.151,ipv4,malicious-ip,medium,WHITE,ziyadnz/hourly-ipv4,ziyadnz|hourly,2026-08-17T18:48:05Z,2026-08-17T18:48:05Z,
164.92.189.163,ipv4,malicious-ip,medium,WHITE,ziyadnz/hourly-ipv4,ziyadnz|hourly,2026-08-17T18:48:05Z,2026-08-17T18:48:05Z,
164.92.192.110,ipv4,malicious-ip,medium,WHITE,ziyadnz/hourly-ipv4,ziyadnz|hourly,2026-08-17T18:48:05Z,2026-08-17T18:48:05Z,
164.92.193.231,ipv4,malicious-ip,medium,WHITE,ziyadnz/hourly-ipv4,ziyadnz|hourly,2026-08-17T18:48:05Z,2026-08-17T18:48:05Z,
164.92.201.104,ipv4,malicious-ip,medium,WHITE,ziyadnz/hourly-ipv4,ziyadnz|hourly,2026-08-17T18:48:05Z,2026-08-17T18:48:05Z,
164.92.215.202,ipv4,malicious-ip,medium,WHITE,ziyadnz/hourly-ipv4,ziyadnz|hourly,2026-08-17T18:48:05Z,2026-08-17T18:48:05Z,
164.92.223.38,ipv4,malicious-ip,medium,WHITE,ziyadnz/hourly-ipv4,ziyadnz|hourly,2026-08-17T18:48:05Z,2026-08-17T18:48:05Z,
164.92.225.204,ipv4,malicious-ip,medium,WHITE,ziyadnz/hourly-ipv4,ziyadnz|hourly,2026-08-17T18:48:05Z,2026-08-17T18:48:05Z,
164.92.232.89,ipv4,malicious-ip,medium,WHITE,ziyadnz/hourly-ipv4,ziyadnz|hourly,2026-08-17T18:48:05Z,2026-08-17T18:48:05Z,
164.92.234.104,ipv4,malicious-ip,medium,WHITE,ziyadnz/hourly-ipv4,ziyadnz|hourly,2026-08-17T18:48:05Z,2026-08-17T18:48:05Z,
164.92.237.25,ipv4,malicious-ip,medium,WHITE,ziyadnz/hourly-ipv4,ziyadnz|hourly,2026-08-17T18:48:05Z,2026-08-17T18:48:05Z,
164.92.238.143,ipv4,malicious-ip,medium,WHITE,ziyadnz/hourly-ipv4,ziyadnz|hourly,2026-08-17T18:48:05Z,2026-08-17T18:48:05Z,
164.92.243.252,ipv4,malicious-ip,medium,WHITE,ziyadnz/hourly-ipv4,ziyadnz|hourly,2026-08-17T18:48:05Z,2026-08-17T18:48:05Z,
164.92.243.50,ipv4,malicious-ip,medium,WHITE,ziyadnz/hourly-ipv4,ziyadnz|hourly,2026-08-17T18:48:05Z,2026-08-17T18:48:05Z,
164.92.244.132,ipv4,malicious-ip,medium,WHITE,ziyadnz/hourly-ipv4,ziyadnz|hourly,2026-08-17T18:48:05Z,2026-08-17T18:48:05Z,
164.92.244.211,ipv4,malicious-ip,medium,WHITE,ziyadnz/hourly-ipv4,ziyadnz|hourly,2026-08-17T18:48:05Z,2026-08-17T18:48:05Z,
164.92.249.182,ipv4,malicious-ip,medium,WHITE,ziyadnz/hourly-ipv4,ziyadnz|hourly,2026-08-17T18:48:05Z,2026-08-17T18:48:05Z,
164.92.251.25,ipv4,malicious-ip,medium,WHITE,ziyadnz/hourly-ipv4,ziyadnz|hourly,2026-08-17T18:48:05Z,2026-08-17T18:48:05Z,
164.92.65.13,ipv4,malicious-ip,medium,WHITE,ziyadnz/hourly-ipv4,ziyadnz|hourly,2026-08-17T18:48:05Z,2026-08-17T18:48:05Z,
164.92.66.32,ipv4,malicious-ip,medium,WHITE,ziyadnz/hourly-ipv4,ziyadnz|hourly,2026-08-17T18:48:05Z,2026-08-17T18:48:05Z,
164.92.67.172,ipv4,malicious-ip,medium,WHITE,ziyadnz/hourly-ipv4,ziyadnz|hourly,2026-08-17T18:48:05Z,2026-08-17T18:48:05Z,
164.92.67.210,ipv4,malicious-ip,medium,WHITE,ziyadnz/hourly-ipv4,ziyadnz|hourly,2026-08-17T18:48:05Z,2026-08-17T18:48:05Z,
164.92.71.163,ipv4,malicious-ip,medium,WHITE,ziyadnz/hourly-ipv4,ziyadnz|hourly,2026-08-17T18:48:05Z,2026-08-17T18:48:05Z,
164.92.71.202,ipv4,malicious-ip,medium,WHITE,ziyadnz/hourly-ipv4,ziyadnz|hourly,2026-08-17T18:48:05Z,2026-08-17T18:48:05Z,
164.92.71.217,ipv4,malicious-ip,medium,WHITE,ziyadnz/hourly-ipv4,ziyadnz|hourly,2026-08-17T18:48:05Z,2026-08-17T18:48:05Z,
164.92.72.100,ipv4,malicious-ip,medium,WHITE,ziyadnz/hourly-ipv4,ziyadnz|hourly,2026-08-17T18:48:05Z,2026-08-17T18:48:05Z,
164.92.73.20,ipv4,malicious-ip,medium,WHITE,ziyadnz/hourly-ipv4,ziyadnz|hourly,2026-08-17T18:48:05Z,2026-08-17T18:48:05Z,
164.92.74.212,ipv4,malicious-ip,medium,WHITE,ziyadnz/hourly-ipv4,ziyadnz|hourly,2026-08-17T18:48:05Z,2026-08-17T18:48:05Z,
164.92.74.39,ipv4,malicious-ip,medium,WHITE,ziyadnz/hourly-ipv4,ziyadnz|hourly,2026-08-17T18:48:05Z,2026-08-17T18:48:05Z,
164.92.74.89,ipv4,malicious-ip,medium,WHITE,ziyadnz/hourly-ipv4,ziyadnz|hourly,2026-08-17T18:48:05Z,2026-08-17T18:48:05Z,
164.92.78.51,ipv4,malicious-ip,medium,WHITE,ziyadnz/hourly-ipv4,ziyadnz|hourly,2026-08-17T18:48:05Z,2026-08-17T18:48:05Z,
164.92.81.209,ipv4,malicious-ip,medium,WHITE,ziyadnz/hourly-ipv4,ziyadnz|hourly,2026-08-17T18:48:05Z,2026-08-17T18:48:05Z,
164.92.82.162,ipv4,malicious-ip,medium,WHITE,ziyadnz/hourly-ipv4,ziyadnz|hourly,2026-08-17T18:48:05Z,2026-08-17T18:48:05Z,
164.92.82.244,ipv4,malicious-ip,medium,WHITE,ziyadnz/hourly-ipv4,ziyadnz|hourly,2026-08-17T18:48:05Z,2026-08-17T18:48:05Z,
164.92.82.91,ipv4,malicious-ip,medium,WHITE,ziyadnz/hourly-ipv4,ziyadnz|hourly,2026-08-17T18:48:05Z,2026-08-17T18:48:05Z,
164.92.84.66,ipv4,malicious-ip,medium,WHITE,ziyadnz/hourly-ipv4,ziyadnz|hourly,2026-08-17T18:48:05Z,2026-08-17T18:48:05Z,
164.92.88.210,ipv4,malicious-ip,medium,WHITE,ziyadnz/hourly-ipv4,ziyadnz|hourly,2026-08-17T18:48:05Z,2026-08-17T18:48:05Z,
164.92.88.250,ipv4,malicious-ip,medium,WHITE,ziyadnz/hourly-ipv4,ziyadnz|hourly,2026-08-17T18:48:05Z,2026-08-17T18:48:05Z,
164.92.89.180,ipv4,malicious-ip,medium,WHITE,ziyadnz/hourly-ipv4,ziyadnz|hourly,2026-08-17T18:48:05Z,2026-08-17T18:48:05Z,
164.92.91.46,ipv4,malicious-ip,medium,WHITE,ziyadnz/hourly-ipv4,ziyadnz|hourly,2026-08-17T18:48:05Z,2026-08-17T18:48:05Z,
164.92.93.200,ipv4,malicious-ip,medium,WHITE,ziyadnz/hourly-ipv4,ziyadnz|hourly,2026-08-17T18:48:05Z,2026-08-17T18:48:05Z,
164.92.96.91,ipv4,malicious-ip,medium,WHITE,ziyadnz/hourly-ipv4,ziyadnz|hourly,2026-08-17T18:48:05Z,2026-08-17T18:48:05Z,
164.92.98.142,ipv4,malicious-ip,medium,WHITE,ziyadnz/hourly-ipv4,ziyadnz|hourly,2026-08-17T18:48:05Z,2026-08-17T18:48:05Z,
164.92.99.132,ipv4,malicious-ip,medium,WHITE,ziyadnz/hourly-ipv4,ziyadnz|hourly,2026-08-17T18:48:05Z,2026-08-17T18:48:05Z,
165.0.138.15,ipv4,malicious-ip,medium,WHITE,ziyadnz/hourly-ipv4,ziyadnz|hourly,2026-08-17T18:48:05Z,2026-08-17T18:48:05Z,
165.0.17.195,ipv4,malicious-ip,medium,WHITE,ziyadnz/hourly-ipv4,ziyadnz|hourly,2026-08-17T18:48:05Z,2026-08-17T18:48:05Z,
165.0.33.253,ipv4,malicious-ip,medium,WHITE,ziyadnz/hourly-ipv4,ziyadnz|hourly,2026-08-17T18:48:05Z,2026-08-17T18:48:05Z,
165.0.78.217,ipv4,malicious-ip,medium,WHITE,ziyadnz/hourly-ipv4,ziyadnz|hourly,2026-08-17T18:48:05Z,2026-08-17T18:48:05Z,
165.1.64.191,ipv4,malicious-ip,medium,WHITE,ziyadnz/hourly-ipv4,ziyadnz|hourly,2026-08-17T18:48:05Z,2026-08-17T18:48:05Z,
165.1.73.238,ipv4,malicious-ip,medium,WHITE,ziyadnz/hourly-ipv4,ziyadnz|hourly,2026-08-17T18:48:05Z,2026-08-17T18:48:05Z,
165.1.78.209,ipv4,malicious-ip,medium,WHITE,ziyadnz/hourly-ipv4,ziyadnz|hourly,2026-08-17T18:48:05Z,2026-08-17T18:48:05Z,
165.101.126.88,ipv4,malicious-ip,medium,WHITE,ziyadnz/hourly-ipv4,ziyadnz|hourly,2026-08-17T18:48:05Z,2026-08-17T18:48:05Z,
165.101.132.64,ipv4,malicious-ip,medium,WHITE,ziyadnz/hourly-ipv4,ziyadnz|hourly,2026-08-17T18:48:05Z,2026-08-17T18:48:05Z,
165.101.250.39,ipv4,malicious-ip,medium,WHITE,ziyadnz/hourly-ipv4,ziyadnz|hourly,2026-08-17T18:48:05Z,2026-08-17T18:48:05Z,
165.101.42.135,ipv4,malicious-ip,medium,WHITE,ziyadnz/hourly-ipv4,ziyadnz|hourly,2026-08-17T18:48:05Z,2026-08-17T18:48:05Z,
165.101.42.25,ipv4,malicious-ip,medium,WHITE,ziyadnz/hourly-ipv4,ziyadnz|hourly,2026-08-17T18:48:05Z,2026-08-17T18:48:05Z,
165.101.46.133,ipv4,malicious-ip,medium,WHITE,ziyadnz/hourly-ipv4,ziyadnz|hourly,2026-08-17T18:48:05Z,2026-08-17T18:48:05Z,
165.101.75.111,ipv4,malicious-ip,medium,WHITE,ziyadnz/hourly-ipv4,ziyadnz|hourly,2026-08-17T18:48:05Z,2026-08-17T18:48:05Z,
165.140.164.99,ipv4,malicious-ip,medium,WHITE,ziyadnz/hourly-ipv4,ziyadnz|hourly,2026-08-17T18:48:05Z,2026-08-17T18:48:05Z,
165.140.216.140,ipv4,malicious-ip,medium,WHITE,ziyadnz/hourly-ipv4,ziyadnz|hourly,2026-08-17T18:48:05Z,2026-08-17T18:48:05Z,
165.140.238.98,ipv4,malicious-ip,medium,WHITE,ziyadnz/hourly-ipv4,ziyadnz|hourly,2026-08-17T18:48:05Z,2026-08-17T18:48:05Z,
165.140.86.227,ipv4,malicious-ip,medium,WHITE,ziyadnz/hourly-ipv4,ziyadnz|hourly,2026-08-17T18:48:05Z,2026-08-17T18:48:05Z,
165.154.1.18,ipv4,malicious-ip,medium,WHITE,ziyadnz/hourly-ipv4,ziyadnz|hourly,2026-08-17T18:48:05Z,2026-08-17T18:48:05Z,
165.154.10.165,ipv4,malicious-ip,medium,WHITE,ziyadnz/hourly-ipv4,ziyadnz|hourly,2026-08-17T18:48:05Z,2026-08-17T18:48:05Z,
165.154.10.187,ipv4,malicious-ip,medium,WHITE,ziyadnz/hourly-ipv4,ziyadnz|hourly,2026-08-17T18:48:05Z,2026-08-17T18:48:05Z,
165.154.10.201,ipv4,malicious-ip,medium,WHITE,ziyadnz/hourly-ipv4,ziyadnz|hourly,2026-08-17T18:48:05Z,2026-08-17T18:48:05Z,
165.154.10.250,ipv4,malicious-ip,medium,WHITE,ziyadnz/hourly-ipv4,ziyadnz|hourly,2026-08-17T18:48:05Z,2026-08-17T18:48:05Z,
165.154.100.252,ipv4,malicious-ip,medium,WHITE,ziyadnz/hourly-ipv4,ziyadnz|hourly,2026-08-17T18:48:05Z,2026-08-17T18:48:05Z,
165.154.100.56,ipv4,malicious-ip,medium,WHITE,ziyadnz/hourly-ipv4,ziyadnz|hourly,2026-08-17T18:48:05Z,2026-08-17T18:48:05Z,
165.154.100.58,ipv4,malicious-ip,medium,WHITE,ziyadnz/hourly-ipv4,ziyadnz|hourly,2026-08-17T18:48:05Z,2026-08-17T18:48:05Z,
165.154.104.162,ipv4,malicious-ip,medium,WHITE,ziyadnz/hourly-ipv4,ziyadnz|hourly,2026-08-17T18:48:05Z,2026-08-17T18:48:05Z,
165.154.104.235,ipv4,malicious-ip,medium,WHITE,ziyadnz/hourly-ipv4,ziyadnz|hourly,2026-08-17T18:48:05Z,2026-08-17T18:48:05Z,
165.154.104.88,ipv4,malicious-ip,medium,WHITE,ziyadnz/hourly-ipv4,ziyadnz|hourly,2026-08-17T18:48:05Z,2026-08-17T18:48:05Z,
165.154.105.128,ipv4,malicious-ip,medium,WHITE,ziyadnz/hourly-ipv4,ziyadnz|hourly,2026-08-17T18:48:05Z,2026-08-17T18:48:05Z,
165.154.11.0,ipv4,malicious-ip,medium,WHITE,ziyadnz/hourly-ipv4,ziyadnz|hourly,2026-08-17T18:48:05Z,2026-08-17T18:48:05Z,
165.154.11.121,ipv4,malicious-ip,medium,WHITE,ziyadnz/hourly-ipv4,ziyadnz|hourly,2026-08-17T18:48:05Z,2026-08-17T18:48:05Z,
165.154.11.125,ipv4,malicious-ip,medium,WHITE,ziyadnz/hourly-ipv4,ziyadnz|hourly,2026-08-17T18:48:05Z,2026-08-17T18:48:05Z,
165.154.11.140,ipv4,malicious-ip,medium,WHITE,ziyadnz/hourly-ipv4,ziyadnz|hourly,2026-08-17T18:48:05Z,2026-08-17T18:48:05Z,
165.154.11.149,ipv4,malicious-ip,medium,WHITE,ziyadnz/hourly-ipv4,ziyadnz|hourly,2026-08-17T18:48:05Z,2026-08-17T18:48:05Z,
165.154.11.170,ipv4,malicious-ip,medium,WHITE,ziyadnz/hourly-ipv4,ziyadnz|hourly,2026-08-17T18:48:05Z,2026-08-17T18:48:05Z,
165.154.11.172,ipv4,malicious-ip,medium,WHITE,ziyadnz/hourly-ipv4,ziyadnz|hourly,2026-08-17T18:48:05Z,2026-08-17T18:48:05Z,
165.154.11.202,ipv4,malicious-ip,medium,WHITE,ziyadnz/hourly-ipv4,ziyadnz|hourly,2026-08-17T18:48:05Z,2026-08-17T18:48:05Z,
165.154.11.206,ipv4,malicious-ip,medium,WHITE,ziyadnz/hourly-ipv4,ziyadnz|hourly,2026-08-17T18:48:05Z,2026-08-17T18:48:05Z,
165.154.11.210,ipv4,malicious-ip,medium,WHITE,ziyadnz/hourly-ipv4,ziyadnz|hourly,2026-08-17T18:48:05Z,2026-08-17T18:48:05Z,
165.154.11.225,ipv4,malicious-ip,medium,WHITE,ziyadnz/hourly-ipv4,ziyadnz|hourly,2026-08-17T18:48:05Z,2026-08-17T18:48:05Z,
165.154.11.247,ipv4,malicious-ip,medium,WHITE,ziyadnz/hourly-ipv4,ziyadnz|hourly,2026-08-17T18:48:05Z,2026-08-17T18:48:05Z,
165.154.11.37,ipv4,malicious-ip,medium,WHITE,ziyadnz/hourly-ipv4,ziyadnz|hourly,2026-08-17T18:48:05Z,2026-08-17T18:48:05Z,
165.154.11.48,ipv4,malicious-ip,medium,WHITE,ziyadnz/hourly-ipv4,ziyadnz|hourly,2026-08-17T18:48:05Z,2026-08-17T18:48:05Z,
165.154.11.52,ipv4,malicious-ip,medium,WHITE,ziyadnz/hourly-ipv4,ziyadnz|hourly,2026-08-17T18:48:05Z,2026-08-17T18:48:05Z,
165.154.118.215,ipv4,malicious-ip,medium,WHITE,ziyadnz/hourly-ipv4,ziyadnz|hourly,2026-08-17T18:48:05Z,2026-08-17T18:48:05Z,
165.154.119.158,ipv4,malicious-ip,medium,WHITE,ziyadnz/hourly-ipv4,ziyadnz|hourly,2026-08-17T18:48:05Z,2026-08-17T18:48:05Z,
165.154.119.20,ipv4,malicious-ip,medium,WHITE,ziyadnz/hourly-ipv4,ziyadnz|hourly,2026-08-17T18:48:05Z,2026-08-17T18:48:05Z,
165.154.119.217,ipv4,malicious-ip,medium,WHITE,ziyadnz/hourly-ipv4,ziyadnz|hourly,2026-08-17T18:48:05Z,2026-08-17T18:48:05Z,
165.154.12.0,ipv4,malicious-ip,medium,WHITE,ziyadnz/hourly-ipv4,ziyadnz|hourly,2026-08-17T18:48:05Z,2026-08-17T18:48:05Z,
165.154.12.127,ipv4,malicious-ip,medium,WHITE,ziyadnz/hourly-ipv4,ziyadnz|hourly,2026-08-17T18:48:05Z,2026-08-17T18:48:05Z,
165.154.12.139,ipv4,malicious-ip,medium,WHITE,ziyadnz/hourly-ipv4,ziyadnz|hourly,2026-08-17T18:48:05Z,2026-08-17T18:48:05Z,
165.154.12.38,ipv4,malicious-ip,medium,WHITE,ziyadnz/hourly-ipv4,ziyadnz|hourly,2026-08-17T18:48:05Z,2026-08-17T18:48:05Z,
165.154.12.9,ipv4,malicious-ip,medium,WHITE,ziyadnz/hourly-ipv4,ziyadnz|hourly,2026-08-17T18:48:05Z,2026-08-17T18:48:05Z,
165.154.120.0,ipv4,malicious-ip,medium,WHITE,ziyadnz/hourly-ipv4,ziyadnz|hourly,2026-08-17T18:48:05Z,2026-08-17T18:48:05Z,
165.154.120.13,ipv4,malicious-ip,medium,WHITE,ziyadnz/hourly-ipv4,ziyadnz|hourly,2026-08-17T18:48:05Z,2026-08-17T18:48:05Z,
165.154.120.223,ipv4,malicious-ip,medium,WHITE,ziyadnz/hourly-ipv4,ziyadnz|hourly,2026-08-17T18:48:05Z,2026-08-17T18:48:05Z,
165.154.120.226,ipv4,malicious-ip,medium,WHITE,ziyadnz/hourly-ipv4,ziyadnz|hourly,2026-08-17T18:48:05Z,2026-08-17T18:48:05Z,
165.154.120.253,ipv4,malicious-ip,medium,WHITE,ziyadnz/hourly-ipv4,ziyadnz|hourly,2026-08-17T18:48:05Z,2026-08-17T18:48:05Z,
165.154.120.29,ipv4,malicious-ip,medium,WHITE,ziyadnz/hourly-ipv4,ziyadnz|hourly,2026-08-17T18:48:05Z,2026-08-17T18:48:05Z,
165.154.120.30,ipv4,malicious-ip,medium,WHITE,ziyadnz/hourly-ipv4,ziyadnz|hourly,2026-08-17T18:48:05Z,2026-08-17T18:48:05Z,
165.154.120.89,ipv4,malicious-ip,medium,WHITE,ziyadnz/hourly-ipv4,ziyadnz|hourly,2026-08-17T18:48:05Z,2026-08-17T18:48:05Z,
165.154.128.17,ipv4,malicious-ip,medium,WHITE,ziyadnz/hourly-ipv4,ziyadnz|hourly,2026-08-17T18:48:05Z,2026-08-17T18:48:05Z,
165.154.128.199,ipv4,malicious-ip,medium,WHITE,ziyadnz/hourly-ipv4,ziyadnz|hourly,2026-08-17T18:48:05Z,2026-08-17T18:48:05Z,
165.154.129.0,ipv4,malicious-ip,medium,WHITE,ziyadnz/hourly-ipv4,ziyadnz|hourly,2026-08-17T18:48:05Z,2026-08-17T18:48:05Z,
165.154.129.130,ipv4,malicious-ip,medium,WHITE,ziyadnz/hourly-ipv4,ziyadnz|hourly,2026-08-17T18:48:05Z,2026-08-17T18:48:05Z,
165.154.129.151,ipv4,malicious-ip,medium,WHITE,ziyadnz/hourly-ipv4,ziyadnz|hourly,2026-08-17T18:48:05Z,2026-08-17T18:48:05Z,
165.154.129.188,ipv4,malicious-ip,medium,WHITE,ziyadnz/hourly-ipv4,ziyadnz|hourly,2026-08-17T18:48:05Z,2026-08-17T18:48:05Z,
165.154.129.201,ipv4,malicious-ip,medium,WHITE,ziyadnz/hourly-ipv4,ziyadnz|hourly,2026-08-17T18:48:05Z,2026-08-17T18:48:05Z,
165.154.129.220,ipv4,malicious-ip,medium,WHITE,ziyadnz/hourly-ipv4,ziyadnz|hourly,2026-08-17T18:48:05Z,2026-08-17T18:48:05Z,
165.154.129.43,ipv4,malicious-ip,medium,WHITE,ziyadnz/hourly-ipv4,ziyadnz|hourly,2026-08-17T18:48:05Z,2026-08-17T18:48:05Z,
165.154.129.74,ipv4,malicious-ip,medium,WHITE,ziyadnz/hourly-ipv4,ziyadnz|hourly,2026-08-17T18:48:05Z,2026-08-17T18:48:05Z,
165.154.134.117,ipv4,malicious-ip,medium,WHITE,ziyadnz/hourly-ipv4,ziyadnz|hourly,2026-08-17T18:48:05Z,2026-08-17T18:48:05Z,
165.154.134.120,ipv4,malicious-ip,medium,WHITE,ziyadnz/hourly-ipv4,ziyadnz|hourly,2026-08-17T18:48:05Z,2026-08-17T18:48:05Z,
165.154.134.130,ipv4,malicious-ip,medium,WHITE,ziyadnz/hourly-ipv4,ziyadnz|hourly,2026-08-17T18:48:05Z,2026-08-17T18:48:05Z,
165.154.134.138,ipv4,malicious-ip,medium,WHITE,ziyadnz/hourly-ipv4,ziyadnz|hourly,2026-08-17T18:48:05Z,2026-08-17T18:48:05Z,
165.154.134.152,ipv4,malicious-ip,medium,WHITE,ziyadnz/hourly-ipv4,ziyadnz|hourly,2026-08-17T18:48:05Z,2026-08-17T18:48:05Z,
165.154.134.156,ipv4,malicious-ip,medium,WHITE,ziyadnz/hourly-ipv4,ziyadnz|hourly,2026-08-17T18:48:05Z,2026-08-17T18:48:05Z,
165.154.134.163,ipv4,malicious-ip,medium,WHITE,ziyadnz/hourly-ipv4,ziyadnz|hourly,2026-08-17T18:48:05Z,2026-08-17T18:48:05Z,
165.154.134.166,ipv4,malicious-ip,medium,WHITE,ziyadnz/hourly-ipv4,ziyadnz|hourly,2026-08-17T18:48:05Z,2026-08-17T18:48:05Z,
165.154.134.19,ipv4,malicious-ip,medium,WHITE,ziyadnz/hourly-ipv4,ziyadnz|hourly,2026-08-17T18:48:05Z,2026-08-17T18:48:05Z,
165.154.134.195,ipv4,malicious-ip,medium,WHITE,ziyadnz/hourly-ipv4,ziyadnz|hourly,2026-08-17T18:48:05Z,2026-08-17T18:48:05Z,
165.154.134.203,ipv4,malicious-ip,medium,WHITE,ziyadnz/hourly-ipv4,ziyadnz|hourly,2026-08-17T18:48:05Z,2026-08-17T18:48:05Z,
165.154.134.217,ipv4,malicious-ip,medium,WHITE,ziyadnz/hourly-ipv4,ziyadnz|hourly,2026-08-17T18:48:05Z,2026-08-17T18:48:05Z,
165.154.134.219,ipv4,malicious-ip,medium,WHITE,ziyadnz/hourly-ipv4,ziyadnz|hourly,2026-08-17T18:48:05Z,2026-08-17T18:48:05Z,
165.154.134.24,ipv4,malicious-ip,medium,WHITE,ziyadnz/hourly-ipv4,ziyadnz|hourly,2026-08-17T18:48:05Z,2026-08-17T18:48:05Z,
165.154.134.246,ipv4,malicious-ip,medium,WHITE,ziyadnz/hourly-ipv4,ziyadnz|hourly,2026-08-17T18:48:05Z,2026-08-17T18:48:05Z,
165.154.134.252,ipv4,malicious-ip,medium,WHITE,ziyadnz/hourly-ipv4,ziyadnz|hourly,2026-08-17T18:48:05Z,2026-08-17T18:48:05Z,
165.154.134.80,ipv4,malicious-ip,medium,WHITE,ziyadnz/hourly-ipv4,ziyadnz|hourly,2026-08-17T18:48:05Z,2026-08-17T18:48:05Z,
165.154.134.84,ipv4,malicious-ip,medium,WHITE,ziyadnz/hourly-ipv4,ziyadnz|hourly,2026-08-17T18:48:05Z,2026-08-17T18:48:05Z,
165.154.135.109,ipv4,malicious-ip,medium,WHITE,ziyadnz/hourly-ipv4,ziyadnz|hourly,2026-08-17T18:48:05Z,2026-08-17T18:48:05Z,
165.154.135.119,ipv4,malicious-ip,medium,WHITE,ziyadnz/hourly-ipv4,ziyadnz|hourly,2026-08-17T18:48:05Z,2026-08-17T18:48:05Z,
165.154.135.141,ipv4,malicious-ip,medium,WHITE,ziyadnz/hourly-ipv4,ziyadnz|hourly,2026-08-17T18:48:05Z,2026-08-17T18:48:05Z,
165.154.135.144,ipv4,malicious-ip,medium,WHITE,ziyadnz/hourly-ipv4,ziyadnz|hourly,2026-08-17T18:48:05Z,2026-08-17T18:48:05Z,
165.154.135.161,ipv4,malicious-ip,medium,WHITE,ziyadnz/hourly-ipv4,ziyadnz|hourly,2026-08-17T18:48:05Z,2026-08-17T18:48:05Z,
165.154.135.165,ipv4,malicious-ip,medium,WHITE,ziyadnz/hourly-ipv4,ziyadnz|hourly,2026-08-17T18:48:05Z,2026-08-17T18:48:05Z,
165.154.135.200,ipv4,malicious-ip,medium,WHITE,ziyadnz/hourly-ipv4,ziyadnz|hourly,2026-08-17T18:48:05Z,2026-08-17T18:48:05Z,
165.154.135.208,ipv4,malicious-ip,medium,WHITE,ziyadnz/hourly-ipv4,ziyadnz|hourly,2026-08-17T18:48:05Z,2026-08-17T18:48:05Z,
165.154.135.210,ipv4,malicious-ip,medium,WHITE,ziyadnz/hourly-ipv4,ziyadnz|hourly,2026-08-17T18:48:05Z,2026-08-17T18:48:05Z,
165.154.135.211,ipv4,malicious-ip,medium,WHITE,ziyadnz/hourly-ipv4,ziyadnz|hourly,2026-08-17T18:48:05Z,2026-08-17T18:48:05Z,
165.154.135.215,ipv4,malicious-ip,medium,WHITE,ziyadnz/hourly-ipv4,ziyadnz|hourly,2026-08-17T18:48:05Z,2026-08-17T18:48:05Z,
165.154.135.222,ipv4,malicious-ip,medium,WHITE,ziyadnz/hourly-ipv4,ziyadnz|hourly,2026-08-17T18:48:05Z,2026-08-17T18:48:05Z,
165.154.135.27,ipv4,malicious-ip,medium,WHITE,ziyadnz/hourly-ipv4,ziyadnz|hourly,2026-08-17T18:48:05Z,2026-08-17T18:48:05Z,
165.154.135.73,ipv4,malicious-ip,medium,WHITE,ziyadnz/hourly-ipv4,ziyadnz|hourly,2026-08-17T18:48:05Z,2026-08-17T18:48:05Z,
165.154.138.0,ipv4,malicious-ip,medium,WHITE,ziyadnz/hourly-ipv4,ziyadnz|hourly,2026-08-17T18:48:05Z,2026-08-17T18:48:05Z,
165.154.138.107,ipv4,malicious-ip,medium,WHITE,ziyadnz/hourly-ipv4,ziyadnz|hourly,2026-08-17T18:48:05Z,2026-08-17T18:48:05Z,
165.154.138.123,ipv4,malicious-ip,medium,WHITE,ziyadnz/hourly-ipv4,ziyadnz|hourly,2026-08-17T18:48:05Z,2026-08-17T18:48:05Z,
165.154.138.151,ipv4,malicious-ip,medium,WHITE,ziyadnz/hourly-ipv4,ziyadnz|hourly,2026-08-17T18:48:05Z,2026-08-17T18:48:05Z,
165.154.138.165,ipv4,malicious-ip,medium,WHITE,ziyadnz/hourly-ipv4,ziyadnz|hourly,2026-08-17T18:48:05Z,2026-08-17T18:48:05Z,
165.154.138.3,ipv4,malicious-ip,medium,WHITE,ziyadnz/hourly-ipv4,ziyadnz|hourly,2026-08-17T18:48:05Z,2026-08-17T18:48:05Z,
165.154.138.33,ipv4,malicious-ip,medium,WHITE,ziyadnz/hourly-ipv4,ziyadnz|hourly,2026-08-17T18:48:05Z,2026-08-17T18:48:05Z,
165.154.138.34,ipv4,malicious-ip,medium,WHITE,ziyadnz/hourly-ipv4,ziyadnz|hourly,2026-08-17T18:48:05Z,2026-08-17T18:48:05Z,
165.154.138.57,ipv4,malicious-ip,medium,WHITE,ziyadnz/hourly-ipv4,ziyadnz|hourly,2026-08-17T18:48:05Z,2026-08-17T18:48:05Z,
165.154.138.79,ipv4,malicious-ip,medium,WHITE,ziyadnz/hourly-ipv4,ziyadnz|hourly,2026-08-17T18:48:05Z,2026-08-17T18:48:05Z,
165.154.138.85,ipv4,malicious-ip,medium,WHITE,ziyadnz/hourly-ipv4,ziyadnz|hourly,2026-08-17T18:48:05Z,2026-08-17T18:48:05Z,
165.154.14.96,ipv4,malicious-ip,medium,WHITE,ziyadnz/hourly-ipv4,ziyadnz|hourly,2026-08-17T18:48:05Z,2026-08-17T18:48:05Z,
165.154.147.164,ipv4,malicious-ip,medium,WHITE,ziyadnz/hourly-ipv4,ziyadnz|hourly,2026-08-17T18:48:05Z,2026-08-17T18:48:05Z,
165.154.150.65,ipv4,malicious-ip,medium,WHITE,ziyadnz/hourly-ipv4,ziyadnz|hourly,2026-08-17T18:48:05Z,2026-08-17T18:48:05Z,
165.154.151.176,ipv4,malicious-ip,medium,WHITE,ziyadnz/hourly-ipv4,ziyadnz|hourly,2026-08-17T18:48:05Z,2026-08-17T18:48:05Z,
165.154.151.207,ipv4,malicious-ip,medium,WHITE,ziyadnz/hourly-ipv4,ziyadnz|hourly,2026-08-17T18:48:05Z,2026-08-17T18:48:05Z,
165.154.162.0,ipv4,malicious-ip,medium,WHITE,ziyadnz/hourly-ipv4,ziyadnz|hourly,2026-08-17T18:48:05Z,2026-08-17T18:48:05Z,
165.154.162.102,ipv4,malicious-ip,medium,WHITE,ziyadnz/hourly-ipv4,ziyadnz|hourly,2026-08-17T18:48:05Z,2026-08-17T18:48:05Z,
165.154.162.104,ipv4,malicious-ip,medium,WHITE,ziyadnz/hourly-ipv4,ziyadnz|hourly,2026-08-17T18:48:05Z,2026-08-17T18:48:05Z,
165.154.162.111,ipv4,malicious-ip,medium,WHITE,ziyadnz/hourly-ipv4,ziyadnz|hourly,2026-08-17T18:48:05Z,2026-08-17T18:48:05Z,
165.154.162.126,ipv4,malicious-ip,medium,WHITE,ziyadnz/hourly-ipv4,ziyadnz|hourly,2026-08-17T18:48:05Z,2026-08-17T18:48:05Z,
165.154.162.128,ipv4,malicious-ip,medium,WHITE,ziyadnz/hourly-ipv4,ziyadnz|hourly,2026-08-17T18:48:05Z,2026-08-17T18:48:05Z,
165.154.162.131,ipv4,malicious-ip,medium,WHITE,ziyadnz/hourly-ipv4,ziyadnz|hourly,2026-08-17T18:48:05Z,2026-08-17T18:48:05Z,
165.154.162.142,ipv4,malicious-ip,medium,WHITE,ziyadnz/hourly-ipv4,ziyadnz|hourly,2026-08-17T18:48:05Z,2026-08-17T18:48:05Z,
165.154.162.163,ipv4,malicious-ip,medium,WHITE,ziyadnz/hourly-ipv4,ziyadnz|hourly,2026-08-17T18:48:05Z,2026-08-17T18:48:05Z,
165.154.162.168,ipv4,malicious-ip,medium,WHITE,ziyadnz/hourly-ipv4,ziyadnz|hourly,2026-08-17T18:48:05Z,2026-08-17T18:48:05Z,
165.154.162.175,ipv4,malicious-ip,medium,WHITE,ziyadnz/hourly-ipv4,ziyadnz|hourly,2026-08-17T18:48:05Z,2026-08-17T18:48:05Z,
165.154.162.176,ipv4,malicious-ip,medium,WHITE,ziyadnz/hourly-ipv4,ziyadnz|hourly,2026-08-17T18:48:05Z,2026-08-17T18:48:05Z,
165.154.162.19,ipv4,malicious-ip,medium,WHITE,ziyadnz/hourly-ipv4,ziyadnz|hourly,2026-08-17T18:48:05Z,2026-08-17T18:48:05Z,
165.154.162.191,ipv4,malicious-ip,medium,WHITE,ziyadnz/hourly-ipv4,ziyadnz|hourly,2026-08-17T18:48:05Z,2026-08-17T18:48:05Z,
165.154.162.193,ipv4,malicious-ip,medium,WHITE,ziyadnz/hourly-ipv4,ziyadnz|hourly,2026-08-17T18:48:05Z,2026-08-17T18:48:05Z,
165.154.162.202,ipv4,malicious-ip,medium,WHITE,ziyadnz/hourly-ipv4,ziyadnz|hourly,2026-08-17T18:48:05Z,2026-08-17T18:48:05Z,
165.154.162.203,ipv4,malicious-ip,medium,WHITE,ziyadnz/hourly-ipv4,ziyadnz|hourly,2026-08-17T18:48:05Z,2026-08-17T18:48:05Z,
165.154.162.204,ipv4,malicious-ip,medium,WHITE,ziyadnz/hourly-ipv4,ziyadnz|hourly,2026-08-17T18:48:05Z,2026-08-17T18:48:05Z,
165.154.162.208,ipv4,malicious-ip,medium,WHITE,ziyadnz/hourly-ipv4,ziyadnz|hourly,2026-08-17T18:48:05Z,2026-08-17T18:48:05Z,
165.154.162.212,ipv4,malicious-ip,medium,WHITE,ziyadnz/hourly-ipv4,ziyadnz|hourly,2026-08-17T18:48:05Z,2026-08-17T18:48:05Z,
165.154.162.217,ipv4,malicious-ip,medium,WHITE,ziyadnz/hourly-ipv4,ziyadnz|hourly,2026-08-17T18:48:05Z,2026-08-17T18:48:05Z,
165.154.162.222,ipv4,malicious-ip,medium,WHITE,ziyadnz/hourly-ipv4,ziyadnz|hourly,2026-08-17T18:48:05Z,2026-08-17T18:48:05Z,
165.154.162.237,ipv4,malicious-ip,medium,WHITE,ziyadnz/hourly-ipv4,ziyadnz|hourly,2026-08-17T18:48:05Z,2026-08-17T18:48:05Z,
165.154.162.239,ipv4,malicious-ip,medium,WHITE,ziyadnz/hourly-ipv4,ziyadnz|hourly,2026-08-17T18:48:05Z,2026-08-17T18:48:05Z,
165.154.162.246,ipv4,malicious-ip,medium,WHITE,ziyadnz/hourly-ipv4,ziyadnz|hourly,2026-08-17T18:48:05Z,2026-08-17T18:48:05Z,
165.154.162.250,ipv4,malicious-ip,medium,WHITE,ziyadnz/hourly-ipv4,ziyadnz|hourly,2026-08-17T18:48:05Z,2026-08-17T18:48:05Z,
165.154.162.254,ipv4,malicious-ip,medium,WHITE,ziyadnz/hourly-ipv4,ziyadnz|hourly,2026-08-17T18:48:05Z,2026-08-17T18:48:05Z,
165.154.162.3,ipv4,malicious-ip,medium,WHITE,ziyadnz/hourly-ipv4,ziyadnz|hourly,2026-08-17T18:48:05Z,2026-08-17T18:48:05Z,
165.154.162.38,ipv4,malicious-ip,medium,WHITE,ziyadnz/hourly-ipv4,ziyadnz|hourly,2026-08-17T18:48:05Z,2026-08-17T18:48:05Z,
165.154.162.45,ipv4,malicious-ip,medium,WHITE,ziyadnz/hourly-ipv4,ziyadnz|hourly,2026-08-17T18:48:05Z,2026-08-17T18:48:05Z,
165.154.162.54,ipv4,malicious-ip,medium,WHITE,ziyadnz/hourly-ipv4,ziyadnz|hourly,2026-08-17T18:48:05Z,2026-08-17T18:48:05Z,
165.154.162.57,ipv4,malicious-ip,medium,WHITE,ziyadnz/hourly-ipv4,ziyadnz|hourly,2026-08-17T18:48:05Z,2026-08-17T18:48:05Z,
165.154.162.69,ipv4,malicious-ip,medium,WHITE,ziyadnz/hourly-ipv4,ziyadnz|hourly,2026-08-17T18:48:05Z,2026-08-17T18:48:05Z,
165.154.162.71,ipv4,malicious-ip,medium,WHITE,ziyadnz/hourly-ipv4,ziyadnz|hourly,2026-08-17T18:48:05Z,2026-08-17T18:48:05Z,
165.154.162.73,ipv4,malicious-ip,medium,WHITE,ziyadnz/hourly-ipv4,ziyadnz|hourly,2026-08-17T18:48:05Z,2026-08-17T18:48:05Z,
165.154.162.80,ipv4,malicious-ip,medium,WHITE,ziyadnz/hourly-ipv4,ziyadnz|hourly,2026-08-17T18:48:05Z,2026-08-17T18:48:05Z,
165.154.162.81,ipv4,malicious-ip,medium,WHITE,ziyadnz/hourly-ipv4,ziyadnz|hourly,2026-08-17T18:48:05Z,2026-08-17T18:48:05Z,
165.154.162.82,ipv4,malicious-ip,medium,WHITE,ziyadnz/hourly-ipv4,ziyadnz|hourly,2026-08-17T18:48:05Z,2026-08-17T18:48:05Z,
165.154.162.98,ipv4,malicious-ip,medium,WHITE,ziyadnz/hourly-ipv4,ziyadnz|hourly,2026-08-17T18:48:05Z,2026-08-17T18:48:05Z,
165.154.163.0,ipv4,malicious-ip,medium,WHITE,ziyadnz/hourly-ipv4,ziyadnz|hourly,2026-08-17T18:48:05Z,2026-08-17T18:48:05Z,
165.154.163.10,ipv4,malicious-ip,medium,WHITE,ziyadnz/hourly-ipv4,ziyadnz|hourly,2026-08-17T18:48:05Z,2026-08-17T18:48:05Z,
165.154.163.103,ipv4,malicious-ip,medium,WHITE,ziyadnz/hourly-ipv4,ziyadnz|hourly,2026-08-17T18:48:05Z,2026-08-17T18:48:05Z,
165.154.163.107,ipv4,malicious-ip,medium,WHITE,ziyadnz/hourly-ipv4,ziyadnz|hourly,2026-08-17T18:48:05Z,2026-08-17T18:48:05Z,
165.154.163.109,ipv4,malicious-ip,medium,WHITE,ziyadnz/hourly-ipv4,ziyadnz|hourly,2026-08-17T18:48:05Z,2026-08-17T18:48:05Z,
165.154.163.110,ipv4,malicious-ip,medium,WHITE,ziyadnz/hourly-ipv4,ziyadnz|hourly,2026-08-17T18:48:05Z,2026-08-17T18:48:05Z,
165.154.163.112,ipv4,malicious-ip,medium,WHITE,ziyadnz/hourly-ipv4,ziyadnz|hourly,2026-08-17T18:48:05Z,2026-08-17T18:48:05Z,
165.154.163.113,ipv4,malicious-ip,medium,WHITE,ziyadnz/hourly-ipv4,ziyadnz|hourly,2026-08-17T18:48:05Z,2026-08-17T18:48:05Z,
165.154.163.115,ipv4,malicious-ip,medium,WHITE,ziyadnz/hourly-ipv4,ziyadnz|hourly,2026-08-17T18:48:05Z,2026-08-17T18:48:05Z,
165.154.163.125,ipv4,malicious-ip,medium,WHITE,ziyadnz/hourly-ipv4,ziyadnz|hourly,2026-08-17T18:48:05Z,2026-08-17T18:48:05Z,
165.154.163.133,ipv4,malicious-ip,medium,WHITE,ziyadnz/hourly-ipv4,ziyadnz|hourly,2026-08-17T18:48:05Z,2026-08-17T18:48:05Z,
165.154.163.134,ipv4,malicious-ip,medium,WHITE,ziyadnz/hourly-ipv4,ziyadnz|hourly,2026-08-17T18:48:05Z,2026-08-17T18:48:05Z,
165.154.163.136,ipv4,malicious-ip,medium,WHITE,ziyadnz/hourly-ipv4,ziyadnz|hourly,2026-08-17T18:48:05Z,2026-08-17T18:48:05Z,
165.154.163.138,ipv4,malicious-ip,medium,WHITE,ziyadnz/hourly-ipv4,ziyadnz|hourly,2026-08-17T18:48:05Z,2026-08-17T18:48:05Z,
165.154.163.139,ipv4,malicious-ip,medium,WHITE,ziyadnz/hourly-ipv4,ziyadnz|hourly,2026-08-17T18:48:05Z,2026-08-17T18:48:05Z,
165.154.163.148,ipv4,malicious-ip,medium,WHITE,ziyadnz/hourly-ipv4,ziyadnz|hourly,2026-08-17T18:48:05Z,2026-08-17T18:48:05Z,
165.154.163.160,ipv4,malicious-ip,medium,WHITE,ziyadnz/hourly-ipv4,ziyadnz|hourly,2026-08-17T18:48:05Z,2026-08-17T18:48:05Z,
165.154.163.172,ipv4,malicious-ip,medium,WHITE,ziyadnz/hourly-ipv4,ziyadnz|hourly,2026-08-17T18:48:05Z,2026-08-17T18:48:05Z,
165.154.163.173,ipv4,malicious-ip,medium,WHITE,ziyadnz/hourly-ipv4,ziyadnz|hourly,2026-08-17T18:48:05Z,2026-08-17T18:48:05Z,
165.154.163.174,ipv4,malicious-ip,medium,WHITE,ziyadnz/hourly-ipv4,ziyadnz|hourly,2026-08-17T18:48:05Z,2026-08-17T18:48:05Z,
165.154.163.178,ipv4,malicious-ip,medium,WHITE,ziyadnz/hourly-ipv4,ziyadnz|hourly,2026-08-17T18:48:05Z,2026-08-17T18:48:05Z,
165.154.163.182,ipv4,malicious-ip,medium,WHITE,ziyadnz/hourly-ipv4,ziyadnz|hourly,2026-08-17T18:48:05Z,2026-08-17T18:48:05Z,
165.154.163.187,ipv4,malicious-ip,medium,WHITE,ziyadnz/hourly-ipv4,ziyadnz|hourly,2026-08-17T18:48:05Z,2026-08-17T18:48:05Z,
165.154.163.20,ipv4,malicious-ip,medium,WHITE,ziyadnz/hourly-ipv4,ziyadnz|hourly,2026-08-17T18:48:05Z,2026-08-17T18:48:05Z,
165.154.163.215,ipv4,malicious-ip,medium,WHITE,ziyadnz/hourly-ipv4,ziyadnz|hourly,2026-08-17T18:48:05Z,2026-08-17T18:48:05Z,
165.154.163.219,ipv4,malicious-ip,medium,WHITE,ziyadnz/hourly-ipv4,ziyadnz|hourly,2026-08-17T18:48:05Z,2026-08-17T18:48:05Z,
165.154.163.240,ipv4,malicious-ip,medium,WHITE,ziyadnz/hourly-ipv4,ziyadnz|hourly,2026-08-17T18:48:05Z,2026-08-17T18:48:05Z,
165.154.163.244,ipv4,malicious-ip,medium,WHITE,ziyadnz/hourly-ipv4,ziyadnz|hourly,2026-08-17T18:48:05Z,2026-08-17T18:48:05Z,
165.154.163.29,ipv4,malicious-ip,medium,WHITE,ziyadnz/hourly-ipv4,ziyadnz|hourly,2026-08-17T18:48:05Z,2026-08-17T18:48:05Z,
165.154.163.3,ipv4,malicious-ip,medium,WHITE,ziyadnz/hourly-ipv4,ziyadnz|hourly,2026-08-17T18:48:05Z,2026-08-17T18:48:05Z,
165.154.163.33,ipv4,malicious-ip,medium,WHITE,ziyadnz/hourly-ipv4,ziyadnz|hourly,2026-08-17T18:48:05Z,2026-08-17T18:48:05Z,
165.154.163.34,ipv4,malicious-ip,medium,WHITE,ziyadnz/hourly-ipv4,ziyadnz|hourly,2026-08-17T18:48:05Z,2026-08-17T18:48:05Z,
165.154.163.37,ipv4,malicious-ip,medium,WHITE,ziyadnz/hourly-ipv4,ziyadnz|hourly,2026-08-17T18:48:05Z,2026-08-17T18:48:05Z,
165.154.163.39,ipv4,malicious-ip,medium,WHITE,ziyadnz/hourly-ipv4,ziyadnz|hourly,2026-08-17T18:48:05Z,2026-08-17T18:48:05Z,
165.154.163.44,ipv4,malicious-ip,medium,WHITE,ziyadnz/hourly-ipv4,ziyadnz|hourly,2026-08-17T18:48:05Z,2026-08-17T18:48:05Z,
165.154.163.52,ipv4,malicious-ip,medium,WHITE,ziyadnz/hourly-ipv4,ziyadnz|hourly,2026-08-17T18:48:05Z,2026-08-17T18:48:05Z,
165.154.163.53,ipv4,malicious-ip,medium,WHITE,ziyadnz/hourly-ipv4,ziyadnz|hourly,2026-08-17T18:48:05Z,2026-08-17T18:48:05Z,
165.154.163.59,ipv4,malicious-ip,medium,WHITE,ziyadnz/hourly-ipv4,ziyadnz|hourly,2026-08-17T18:48:05Z,2026-08-17T18:48:05Z,
165.154.163.67,ipv4,malicious-ip,medium,WHITE,ziyadnz/hourly-ipv4,ziyadnz|hourly,2026-08-17T18:48:05Z,2026-08-17T18:48:05Z,
165.154.163.89,ipv4,malicious-ip,medium,WHITE,ziyadnz/hourly-ipv4,ziyadnz|hourly,2026-08-17T18:48:05Z,2026-08-17T18:48:05Z,
165.154.163.99,ipv4,malicious-ip,medium,WHITE,ziyadnz/hourly-ipv4,ziyadnz|hourly,2026-08-17T18:48:05Z,2026-08-17T18:48:05Z,
165.154.164.0,ipv4,malicious-ip,medium,WHITE,ziyadnz/hourly-ipv4,ziyadnz|hourly,2026-08-17T18:48:05Z,2026-08-17T18:48:05Z,
165.154.164.112,ipv4,malicious-ip,medium,WHITE,ziyadnz/hourly-ipv4,ziyadnz|hourly,2026-08-17T18:48:05Z,2026-08-17T18:48:05Z,
165.154.164.114,ipv4,malicious-ip,medium,WHITE,ziyadnz/hourly-ipv4,ziyadnz|hourly,2026-08-17T18:48:05Z,2026-08-17T18:48:05Z,
165.154.164.21,ipv4,malicious-ip,medium,WHITE,ziyadnz/hourly-ipv4,ziyadnz|hourly,2026-08-17T18:48:05Z,2026-08-17T18:48:05Z,
165.154.164.24,ipv4,malicious-ip,medium,WHITE,ziyadnz/hourly-ipv4,ziyadnz|hourly,2026-08-17T18:48:05Z,2026-08-17T18:48:05Z,
165.154.164.57,ipv4,malicious-ip,medium,WHITE,ziyadnz/hourly-ipv4,ziyadnz|hourly,2026-08-17T18:48:05Z,2026-08-17T18:48:05Z,
165.154.164.79,ipv4,malicious-ip,medium,WHITE,ziyadnz/hourly-ipv4,ziyadnz|hourly,2026-08-17T18:48:05Z,2026-08-17T18:48:05Z,
165.154.164.92,ipv4,malicious-ip,medium,WHITE,ziyadnz/hourly-ipv4,ziyadnz|hourly,2026-08-17T18:48:05Z,2026-08-17T18:48:05Z,
165.154.172.0,ipv4,malicious-ip,medium,WHITE,ziyadnz/hourly-ipv4,ziyadnz|hourly,2026-08-17T18:48:05Z,2026-08-17T18:48:05Z,
165.154.172.10,ipv4,malicious-ip,medium,WHITE,ziyadnz/hourly-ipv4,ziyadnz|hourly,2026-08-17T18:48:05Z,2026-08-17T18:48:05Z,
165.154.172.108,ipv4,malicious-ip,medium,WHITE,ziyadnz/hourly-ipv4,ziyadnz|hourly,2026-08-17T18:48:05Z,2026-08-17T18:48:05Z,
165.154.172.111,ipv4,malicious-ip,medium,WHITE,ziyadnz/hourly-ipv4,ziyadnz|hourly,2026-08-17T18:48:05Z,2026-08-17T18:48:05Z,
165.154.172.115,ipv4,malicious-ip,medium,WHITE,ziyadnz/hourly-ipv4,ziyadnz|hourly,2026-08-17T18:48:05Z,2026-08-17T18:48:05Z,
165.154.172.116,ipv4,malicious-ip,medium,WHITE,ziyadnz/hourly-ipv4,ziyadnz|hourly,2026-08-17T18:48:05Z,2026-08-17T18:48:05Z,
165.154.172.129,ipv4,malicious-ip,medium,WHITE,ziyadnz/hourly-ipv4,ziyadnz|hourly,2026-08-17T18:48:05Z,2026-08-17T18:48:05Z,
165.154.172.146,ipv4,malicious-ip,medium,WHITE,ziyadnz/hourly-ipv4,ziyadnz|hourly,2026-08-17T18:48:05Z,2026-08-17T18:48:05Z,
165.154.172.149,ipv4,malicious-ip,medium,WHITE,ziyadnz/hourly-ipv4,ziyadnz|hourly,2026-08-17T18:48:05Z,2026-08-17T18:48:05Z,
165.154.172.151,ipv4,malicious-ip,medium,WHITE,ziyadnz/hourly-ipv4,ziyadnz|hourly,2026-08-17T18:48:05Z,2026-08-17T18:48:05Z,
165.154.172.152,ipv4,malicious-ip,medium,WHITE,ziyadnz/hourly-ipv4,ziyadnz|hourly,2026-08-17T18:48:05Z,2026-08-17T18:48:05Z,
165.154.172.163,ipv4,malicious-ip,medium,WHITE,ziyadnz/hourly-ipv4,ziyadnz|hourly,2026-08-17T18:48:05Z,2026-08-17T18:48:05Z,
165.154.172.179,ipv4,malicious-ip,medium,WHITE,ziyadnz/hourly-ipv4,ziyadnz|hourly,2026-08-17T18:48:05Z,2026-08-17T18:48:05Z,
165.154.172.181,ipv4,malicious-ip,medium,WHITE,ziyadnz/hourly-ipv4,ziyadnz|hourly,2026-08-17T18:48:05Z,2026-08-17T18:48:05Z,
165.154.172.190,ipv4,malicious-ip,medium,WHITE,ziyadnz/hourly-ipv4,ziyadnz|hourly,2026-08-17T18:48:05Z,2026-08-17T18:48:05Z,
165.154.172.191,ipv4,malicious-ip,medium,WHITE,ziyadnz/hourly-ipv4,ziyadnz|hourly,2026-08-17T18:48:05Z,2026-08-17T18:48:05Z,
165.154.172.194,ipv4,malicious-ip,medium,WHITE,ziyadnz/hourly-ipv4,ziyadnz|hourly,2026-08-17T18:48:05Z,2026-08-17T18:48:05Z,
165.154.172.20,ipv4,malicious-ip,medium,WHITE,ziyadnz/hourly-ipv4,ziyadnz|hourly,2026-08-17T18:48:05Z,2026-08-17T18:48:05Z,
165.154.172.200,ipv4,malicious-ip,medium,WHITE,ziyadnz/hourly-ipv4,ziyadnz|hourly,2026-08-17T18:48:05Z,2026-08-17T18:48:05Z,
165.154.172.204,ipv4,malicious-ip,medium,WHITE,ziyadnz/hourly-ipv4,ziyadnz|hourly,2026-08-17T18:48:05Z,2026-08-17T18:48:05Z,
165.154.172.213,ipv4,malicious-ip,medium,WHITE,ziyadnz/hourly-ipv4,ziyadnz|hourly,2026-08-17T18:48:05Z,2026-08-17T18:48:05Z,
165.154.172.224,ipv4,malicious-ip,medium,WHITE,ziyadnz/hourly-ipv4,ziyadnz|hourly,2026-08-17T18:48:05Z,2026-08-17T18:48:05Z,
165.154.172.231,ipv4,malicious-ip,medium,WHITE,ziyadnz/hourly-ipv4,ziyadnz|hourly,2026-08-17T18:48:05Z,2026-08-17T18:48:05Z,
165.154.172.232,ipv4,malicious-ip,medium,WHITE,ziyadnz/hourly-ipv4,ziyadnz|hourly,2026-08-17T18:48:05Z,2026-08-17T18:48:05Z,
165.154.172.234,ipv4,malicious-ip,medium,WHITE,ziyadnz/hourly-ipv4,ziyadnz|hourly,2026-08-17T18:48:05Z,2026-08-17T18:48:05Z,
165.154.172.239,ipv4,malicious-ip,medium,WHITE,ziyadnz/hourly-ipv4,ziyadnz|hourly,2026-08-17T18:48:05Z,2026-08-17T18:48:05Z,
165.154.172.244,ipv4,malicious-ip,medium,WHITE,ziyadnz/hourly-ipv4,ziyadnz|hourly,2026-08-17T18:48:05Z,2026-08-17T18:48:05Z,
165.154.172.249,ipv4,malicious-ip,medium,WHITE,ziyadnz/hourly-ipv4,ziyadnz|hourly,2026-08-17T18:48:05Z,2026-08-17T18:48:05Z,
165.154.172.253,ipv4,malicious-ip,medium,WHITE,ziyadnz/hourly-ipv4,ziyadnz|hourly,2026-08-17T18:48:05Z,2026-08-17T18:48:05Z,
165.154.172.36,ipv4,malicious-ip,medium,WHITE,ziyadnz/hourly-ipv4,ziyadnz|hourly,2026-08-17T18:48:05Z,2026-08-17T18:48:05Z,
165.154.172.37,ipv4,malicious-ip,medium,WHITE,ziyadnz/hourly-ipv4,ziyadnz|hourly,2026-08-17T18:48:05Z,2026-08-17T18:48:05Z,
165.154.172.39,ipv4,malicious-ip,medium,WHITE,ziyadnz/hourly-ipv4,ziyadnz|hourly,2026-08-17T18:48:05Z,2026-08-17T18:48:05Z,
165.154.172.42,ipv4,malicious-ip,medium,WHITE,ziyadnz/hourly-ipv4,ziyadnz|hourly,2026-08-17T18:48:05Z,2026-08-17T18:48:05Z,
165.154.172.53,ipv4,malicious-ip,medium,WHITE,ziyadnz/hourly-ipv4,ziyadnz|hourly,2026-08-17T18:48:05Z,2026-08-17T18:48:05Z,
165.154.172.57,ipv4,malicious-ip,medium,WHITE,ziyadnz/hourly-ipv4,ziyadnz|hourly,2026-08-17T18:48:05Z,2026-08-17T18:48:05Z,
165.154.172.60,ipv4,malicious-ip,medium,WHITE,ziyadnz/hourly-ipv4,ziyadnz|hourly,2026-08-17T18:48:05Z,2026-08-17T18:48:05Z,
165.154.172.61,ipv4,malicious-ip,medium,WHITE,ziyadnz/hourly-ipv4,ziyadnz|hourly,2026-08-17T18:48:05Z,2026-08-17T18:48:05Z,
165.154.172.68,ipv4,malicious-ip,medium,WHITE,ziyadnz/hourly-ipv4,ziyadnz|hourly,2026-08-17T18:48:05Z,2026-08-17T18:48:05Z,
165.154.172.72,ipv4,malicious-ip,medium,WHITE,ziyadnz/hourly-ipv4,ziyadnz|hourly,2026-08-17T18:48:05Z,2026-08-17T18:48:05Z,
165.154.172.73,ipv4,malicious-ip,medium,WHITE,ziyadnz/hourly-ipv4,ziyadnz|hourly,2026-08-17T18:48:05Z,2026-08-17T18:48:05Z,
165.154.172.77,ipv4,malicious-ip,medium,WHITE,ziyadnz/hourly-ipv4,ziyadnz|hourly,2026-08-17T18:48:05Z,2026-08-17T18:48:05Z,
165.154.172.79,ipv4,malicious-ip,medium,WHITE,ziyadnz/hourly-ipv4,ziyadnz|hourly,2026-08-17T18:48:05Z,2026-08-17T18:48:05Z,
165.154.172.8,ipv4,malicious-ip,medium,WHITE,ziyadnz/hourly-ipv4,ziyadnz|hourly,2026-08-17T18:48:05Z,2026-08-17T18:48:05Z,
165.154.172.86,ipv4,malicious-ip,medium,WHITE,ziyadnz/hourly-ipv4,ziyadnz|hourly,2026-08-17T18:48:05Z,2026-08-17T18:48:05Z,
165.154.172.87,ipv4,malicious-ip,medium,WHITE,ziyadnz/hourly-ipv4,ziyadnz|hourly,2026-08-17T18:48:05Z,2026-08-17T18:48:05Z,
165.154.172.88,ipv4,malicious-ip,medium,WHITE,ziyadnz/hourly-ipv4,ziyadnz|hourly,2026-08-17T18:48:05Z,2026-08-17T18:48:05Z,
165.154.172.92,ipv4,malicious-ip,medium,WHITE,ziyadnz/hourly-ipv4,ziyadnz|hourly,2026-08-17T18:48:05Z,2026-08-17T18:48:05Z,
165.154.172.94,ipv4,malicious-ip,medium,WHITE,ziyadnz/hourly-ipv4,ziyadnz|hourly,2026-08-17T18:48:05Z,2026-08-17T18:48:05Z,
165.154.172.97,ipv4,malicious-ip,medium,WHITE,ziyadnz/hourly-ipv4,ziyadnz|hourly,2026-08-17T18:48:05Z,2026-08-17T18:48:05Z,
165.154.173.0,ipv4,malicious-ip,medium,WHITE,ziyadnz/hourly-ipv4,ziyadnz|hourly,2026-08-17T18:48:05Z,2026-08-17T18:48:05Z,
165.154.173.104,ipv4,malicious-ip,medium,WHITE,ziyadnz/hourly-ipv4,ziyadnz|hourly,2026-08-17T18:48:05Z,2026-08-17T18:48:05Z,
165.154.173.105,ipv4,malicious-ip,medium,WHITE,ziyadnz/hourly-ipv4,ziyadnz|hourly,2026-08-17T18:48:05Z,2026-08-17T18:48:05Z,
165.154.173.115,ipv4,malicious-ip,medium,WHITE,ziyadnz/hourly-ipv4,ziyadnz|hourly,2026-08-17T18:48:05Z,2026-08-17T18:48:05Z,
165.154.173.120,ipv4,malicious-ip,medium,WHITE,ziyadnz/hourly-ipv4,ziyadnz|hourly,2026-08-17T18:48:05Z,2026-08-17T18:48:05Z,
165.154.173.141,ipv4,malicious-ip,medium,WHITE,ziyadnz/hourly-ipv4,ziyadnz|hourly,2026-08-17T18:48:05Z,2026-08-17T18:48:05Z,
165.154.173.143,ipv4,malicious-ip,medium,WHITE,ziyadnz/hourly-ipv4,ziyadnz|hourly,2026-08-17T18:48:05Z,2026-08-17T18:48:05Z,
165.154.173.157,ipv4,malicious-ip,medium,WHITE,ziyadnz/hourly-ipv4,ziyadnz|hourly,2026-08-17T18:48:05Z,2026-08-17T18:48:05Z,
165.154.173.169,ipv4,malicious-ip,medium,WHITE,ziyadnz/hourly-ipv4,ziyadnz|hourly,2026-08-17T18:48:05Z,2026-08-17T18:48:05Z,
165.154.173.17,ipv4,malicious-ip,medium,WHITE,ziyadnz/hourly-ipv4,ziyadnz|hourly,2026-08-17T18:48:05Z,2026-08-17T18:48:05Z,
165.154.173.182,ipv4,malicious-ip,medium,WHITE,ziyadnz/hourly-ipv4,ziyadnz|hourly,2026-08-17T18:48:05Z,2026-08-17T18:48:05Z,
165.154.173.196,ipv4,malicious-ip,medium,WHITE,ziyadnz/hourly-ipv4,ziyadnz|hourly,2026-08-17T18:48:05Z,2026-08-17T18:48:05Z,
165.154.173.20,ipv4,malicious-ip,medium,WHITE,ziyadnz/hourly-ipv4,ziyadnz|hourly,2026-08-17T18:48:05Z,2026-08-17T18:48:05Z,
165.154.173.204,ipv4,malicious-ip,medium,WHITE,ziyadnz/hourly-ipv4,ziyadnz|hourly,2026-08-17T18:48:05Z,2026-08-17T18:48:05Z,
165.154.173.21,ipv4,malicious-ip,medium,WHITE,ziyadnz/hourly-ipv4,ziyadnz|hourly,2026-08-17T18:48:05Z,2026-08-17T18:48:05Z,
165.154.173.211,ipv4,malicious-ip,medium,WHITE,ziyadnz/hourly-ipv4,ziyadnz|hourly,2026-08-17T18:48:05Z,2026-08-17T18:48:05Z,
165.154.173.215,ipv4,malicious-ip,medium,WHITE,ziyadnz/hourly-ipv4,ziyadnz|hourly,2026-08-17T18:48:05Z,2026-08-17T18:48:05Z,
165.154.173.218,ipv4,malicious-ip,medium,WHITE,ziyadnz/hourly-ipv4,ziyadnz|hourly,2026-08-17T18:48:05Z,2026-08-17T18:48:05Z,
165.154.173.226,ipv4,malicious-ip,medium,WHITE,ziyadnz/hourly-ipv4,ziyadnz|hourly,2026-08-17T18:48:05Z,2026-08-17T18:48:05Z,
165.154.173.236,ipv4,malicious-ip,medium,WHITE,ziyadnz/hourly-ipv4,ziyadnz|hourly,2026-08-17T18:48:05Z,2026-08-17T18:48:05Z,
165.154.173.239,ipv4,malicious-ip,medium,WHITE,ziyadnz/hourly-ipv4,ziyadnz|hourly,2026-08-17T18:48:05Z,2026-08-17T18:48:05Z,
165.154.173.242,ipv4,malicious-ip,medium,WHITE,ziyadnz/hourly-ipv4,ziyadnz|hourly,2026-08-17T18:48:05Z,2026-08-17T18:48:05Z,
165.154.173.246,ipv4,malicious-ip,medium,WHITE,ziyadnz/hourly-ipv4,ziyadnz|hourly,2026-08-17T18:48:05Z,2026-08-17T18:48:05Z,
165.154.173.35,ipv4,malicious-ip,medium,WHITE,ziyadnz/hourly-ipv4,ziyadnz|hourly,2026-08-17T18:48:05Z,2026-08-17T18:48:05Z,
165.154.173.39,ipv4,malicious-ip,medium,WHITE,ziyadnz/hourly-ipv4,ziyadnz|hourly,2026-08-17T18:48:05Z,2026-08-17T18:48:05Z,
165.154.173.60,ipv4,malicious-ip,medium,WHITE,ziyadnz/hourly-ipv4,ziyadnz|hourly,2026-08-17T18:48:05Z,2026-08-17T18:48:05Z,
165.154.173.71,ipv4,malicious-ip,medium,WHITE,ziyadnz/hourly-ipv4,ziyadnz|hourly,2026-08-17T18:48:05Z,2026-08-17T18:48:05Z,
165.154.173.74,ipv4,malicious-ip,medium,WHITE,ziyadnz/hourly-ipv4,ziyadnz|hourly,2026-08-17T18:48:05Z,2026-08-17T18:48:05Z,
165.154.173.83,ipv4,malicious-ip,medium,WHITE,ziyadnz/hourly-ipv4,ziyadnz|hourly,2026-08-17T18:48:05Z,2026-08-17T18:48:05Z,
165.154.173.9,ipv4,malicious-ip,medium,WHITE,ziyadnz/hourly-ipv4,ziyadnz|hourly,2026-08-17T18:48:05Z,2026-08-17T18:48:05Z,
165.154.173.97,ipv4,malicious-ip,medium,WHITE,ziyadnz/hourly-ipv4,ziyadnz|hourly,2026-08-17T18:48:05Z,2026-08-17T18:48:05Z,
165.154.174.108,ipv4,malicious-ip,medium,WHITE,ziyadnz/hourly-ipv4,ziyadnz|hourly,2026-08-17T18:48:05Z,2026-08-17T18:48:05Z,
165.154.174.206,ipv4,malicious-ip,medium,WHITE,ziyadnz/hourly-ipv4,ziyadnz|hourly,2026-08-17T18:48:05Z,2026-08-17T18:48:05Z,
165.154.174.27,ipv4,malicious-ip,medium,WHITE,ziyadnz/hourly-ipv4,ziyadnz|hourly,2026-08-17T18:48:05Z,2026-08-17T18:48:05Z,
165.154.176.251,ipv4,malicious-ip,medium,WHITE,ziyadnz/hourly-ipv4,ziyadnz|hourly,2026-08-17T18:48:05Z,2026-08-17T18:48:05Z,
165.154.179.204,ipv4,malicious-ip,medium,WHITE,ziyadnz/hourly-ipv4,ziyadnz|hourly,2026-08-17T18:48:05Z,2026-08-17T18:48:05Z,
165.154.179.62,ipv4,malicious-ip,medium,WHITE,ziyadnz/hourly-ipv4,ziyadnz|hourly,2026-08-17T18:48:05Z,2026-08-17T18:48:05Z,
165.154.182.0,ipv4,malicious-ip,medium,WHITE,ziyadnz/hourly-ipv4,ziyadnz|hourly,2026-08-17T18:48:05Z,2026-08-17T18:48:05Z,
165.154.182.12,ipv4,malicious-ip,medium,WHITE,ziyadnz/hourly-ipv4,ziyadnz|hourly,2026-08-17T18:48:05Z,2026-08-17T18:48:05Z,
165.154.182.124,ipv4,malicious-ip,medium,WHITE,ziyadnz/hourly-ipv4,ziyadnz|hourly,2026-08-17T18:48:05Z,2026-08-17T18:48:05Z,
165.154.182.148,ipv4,malicious-ip,medium,WHITE,ziyadnz/hourly-ipv4,ziyadnz|hourly,2026-08-17T18:48:05Z,2026-08-17T18:48:05Z,
165.154.182.154,ipv4,malicious-ip,medium,WHITE,ziyadnz/hourly-ipv4,ziyadnz|hourly,2026-08-17T18:48:05Z,2026-08-17T18:48:05Z,
165.154.182.168,ipv4,malicious-ip,medium,WHITE,ziyadnz/hourly-ipv4,ziyadnz|hourly,2026-08-17T18:48:05Z,2026-08-17T18:48:05Z,
165.154.182.174,ipv4,malicious-ip,medium,WHITE,ziyadnz/hourly-ipv4,ziyadnz|hourly,2026-08-17T18:48:05Z,2026-08-17T18:48:05Z,
165.154.182.179,ipv4,malicious-ip,medium,WHITE,ziyadnz/hourly-ipv4,ziyadnz|hourly,2026-08-17T18:48:05Z,2026-08-17T18:48:05Z,
165.154.182.182,ipv4,malicious-ip,medium,WHITE,ziyadnz/hourly-ipv4,ziyadnz|hourly,2026-08-17T18:48:05Z,2026-08-17T18:48:05Z,
165.154.182.187,ipv4,malicious-ip,medium,WHITE,ziyadnz/hourly-ipv4,ziyadnz|hourly,2026-08-17T18:48:05Z,2026-08-17T18:48:05Z,
165.154.182.204,ipv4,malicious-ip,medium,WHITE,ziyadnz/hourly-ipv4,ziyadnz|hourly,2026-08-17T18:48:05Z,2026-08-17T18:48:05Z,
165.154.182.207,ipv4,malicious-ip,medium,WHITE,ziyadnz/hourly-ipv4,ziyadnz|hourly,2026-08-17T18:48:05Z,2026-08-17T18:48:05Z,
165.154.182.209,ipv4,malicious-ip,medium,WHITE,ziyadnz/hourly-ipv4,ziyadnz|hourly,2026-08-17T18:48:05Z,2026-08-17T18:48:05Z,
165.154.182.212,ipv4,malicious-ip,medium,WHITE,ziyadnz/hourly-ipv4,ziyadnz|hourly,2026-08-17T18:48:05Z,2026-08-17T18:48:05Z,
165.154.182.213,ipv4,malicious-ip,medium,WHITE,ziyadnz/hourly-ipv4,ziyadnz|hourly,2026-08-17T18:48:05Z,2026-08-17T18:48:05Z,
165.154.182.219,ipv4,malicious-ip,medium,WHITE,ziyadnz/hourly-ipv4,ziyadnz|hourly,2026-08-17T18:48:05Z,2026-08-17T18:48:05Z,
165.154.182.221,ipv4,malicious-ip,medium,WHITE,ziyadnz/hourly-ipv4,ziyadnz|hourly,2026-08-17T18:48:05Z,2026-08-17T18:48:05Z,
165.154.182.223,ipv4,malicious-ip,medium,WHITE,ziyadnz/hourly-ipv4,ziyadnz|hourly,2026-08-17T18:48:05Z,2026-08-17T18:48:05Z,
165.154.182.230,ipv4,malicious-ip,medium,WHITE,ziyadnz/hourly-ipv4,ziyadnz|hourly,2026-08-17T18:48:05Z,2026-08-17T18:48:05Z,
165.154.182.30,ipv4,malicious-ip,medium,WHITE,ziyadnz/hourly-ipv4,ziyadnz|hourly,2026-08-17T18:48:05Z,2026-08-17T18:48:05Z,
165.154.182.53,ipv4,malicious-ip,medium,WHITE,ziyadnz/hourly-ipv4,ziyadnz|hourly,2026-08-17T18:48:05Z,2026-08-17T18:48:05Z,
165.154.182.6,ipv4,malicious-ip,medium,WHITE,ziyadnz/hourly-ipv4,ziyadnz|hourly,2026-08-17T18:48:05Z,2026-08-17T18:48:05Z,
165.154.182.60,ipv4,malicious-ip,medium,WHITE,ziyadnz/hourly-ipv4,ziyadnz|hourly,2026-08-17T18:48:05Z,2026-08-17T18:48:05Z,
165.154.182.72,ipv4,malicious-ip,medium,WHITE,ziyadnz/hourly-ipv4,ziyadnz|hourly,2026-08-17T18:48:05Z,2026-08-17T18:48:05Z,
165.154.182.85,ipv4,malicious-ip,medium,WHITE,ziyadnz/hourly-ipv4,ziyadnz|hourly,2026-08-17T18:48:05Z,2026-08-17T18:48:05Z,
165.154.182.92,ipv4,malicious-ip,medium,WHITE,ziyadnz/hourly-ipv4,ziyadnz|hourly,2026-08-17T18:48:05Z,2026-08-17T18:48:05Z,
165.154.187.159,ipv4,malicious-ip,medium,WHITE,ziyadnz/hourly-ipv4,ziyadnz|hourly,2026-08-17T18:48:05Z,2026-08-17T18:48:05Z,
165.154.199.120,ipv4,malicious-ip,medium,WHITE,ziyadnz/hourly-ipv4,ziyadnz|hourly,2026-08-17T18:48:05Z,2026-08-17T18:48:05Z,
165.154.20.187,ipv4,malicious-ip,medium,WHITE,ziyadnz/hourly-ipv4,ziyadnz|hourly,2026-08-17T18:48:05Z,2026-08-17T18:48:05Z,
165.154.20.214,ipv4,malicious-ip,medium,WHITE,ziyadnz/hourly-ipv4,ziyadnz|hourly,2026-08-17T18:48:05Z,2026-08-17T18:48:05Z,
165.154.20.228,ipv4,malicious-ip,medium,WHITE,ziyadnz/hourly-ipv4,ziyadnz|hourly,2026-08-17T18:48:05Z,2026-08-17T18:48:05Z,
165.154.200.185,ipv4,malicious-ip,medium,WHITE,ziyadnz/hourly-ipv4,ziyadnz|hourly,2026-08-17T18:48:05Z,2026-08-17T18:48:05Z,
165.154.200.214,ipv4,malicious-ip,medium,WHITE,ziyadnz/hourly-ipv4,ziyadnz|hourly,2026-08-17T18:48:05Z,2026-08-17T18:48:05Z,
165.154.202.116,ipv4,malicious-ip,medium,WHITE,ziyadnz/hourly-ipv4,ziyadnz|hourly,2026-08-17T18:48:05Z,2026-08-17T18:48:05Z,
165.154.202.142,ipv4,malicious-ip,medium,WHITE,ziyadnz/hourly-ipv4,ziyadnz|hourly,2026-08-17T18:48:05Z,2026-08-17T18:48:05Z,
165.154.202.145,ipv4,malicious-ip,medium,WHITE,ziyadnz/hourly-ipv4,ziyadnz|hourly,2026-08-17T18:48:05Z,2026-08-17T18:48:05Z,
165.154.202.173,ipv4,malicious-ip,medium,WHITE,ziyadnz/hourly-ipv4,ziyadnz|hourly,2026-08-17T18:48:05Z,2026-08-17T18:48:05Z,
165.154.202.174,ipv4,malicious-ip,medium,WHITE,ziyadnz/hourly-ipv4,ziyadnz|hourly,2026-08-17T18:48:05Z,2026-08-17T18:48:05Z,
165.154.202.189,ipv4,malicious-ip,medium,WHITE,ziyadnz/hourly-ipv4,ziyadnz|hourly,2026-08-17T18:48:05Z,2026-08-17T18:48:05Z,
165.154.202.23,ipv4,malicious-ip,medium,WHITE,ziyadnz/hourly-ipv4,ziyadnz|hourly,2026-08-17T18:48:05Z,2026-08-17T18:48:05Z,
165.154.202.244,ipv4,malicious-ip,medium,WHITE,ziyadnz/hourly-ipv4,ziyadnz|hourly,2026-08-17T18:48:05Z,2026-08-17T18:48:05Z,
165.154.202.251,ipv4,malicious-ip,medium,WHITE,ziyadnz/hourly-ipv4,ziyadnz|hourly,2026-08-17T18:48:05Z,2026-08-17T18:48:05Z,
165.154.202.95,ipv4,malicious-ip,medium,WHITE,ziyadnz/hourly-ipv4,ziyadnz|hourly,2026-08-17T18:48:05Z,2026-08-17T18:48:05Z,
165.154.204.19,ipv4,malicious-ip,medium,WHITE,ziyadnz/hourly-ipv4,ziyadnz|hourly,2026-08-17T18:48:05Z,2026-08-17T18:48:05Z,
165.154.205.63,ipv4,malicious-ip,medium,WHITE,ziyadnz/hourly-ipv4,ziyadnz|hourly,2026-08-17T18:48:05Z,2026-08-17T18:48:05Z,
165.154.205.91,ipv4,malicious-ip,medium,WHITE,ziyadnz/hourly-ipv4,ziyadnz|hourly,2026-08-17T18:48:05Z,2026-08-17T18:48:05Z,
165.154.206.0,ipv4,malicious-ip,medium,WHITE,ziyadnz/hourly-ipv4,ziyadnz|hourly,2026-08-17T18:48:05Z,2026-08-17T18:48:05Z,
165.154.206.124,ipv4,malicious-ip,medium,WHITE,ziyadnz/hourly-ipv4,ziyadnz|hourly,2026-08-17T18:48:05Z,2026-08-17T18:48:05Z,
165.154.206.139,ipv4,malicious-ip,medium,WHITE,ziyadnz/hourly-ipv4,ziyadnz|hourly,2026-08-17T18:48:05Z,2026-08-17T18:48:05Z,
165.154.206.150,ipv4,malicious-ip,medium,WHITE,ziyadnz/hourly-ipv4,ziyadnz|hourly,2026-08-17T18:48:05Z,2026-08-17T18:48:05Z,
165.154.206.151,ipv4,malicious-ip,medium,WHITE,ziyadnz/hourly-ipv4,ziyadnz|hourly,2026-08-17T18:48:05Z,2026-08-17T18:48:05Z,
165.154.206.157,ipv4,malicious-ip,medium,WHITE,ziyadnz/hourly-ipv4,ziyadnz|hourly,2026-08-17T18:48:05Z,2026-08-17T18:48:05Z,
165.154.206.174,ipv4,malicious-ip,medium,WHITE,ziyadnz/hourly-ipv4,ziyadnz|hourly,2026-08-17T18:48:05Z,2026-08-17T18:48:05Z,
165.154.206.204,ipv4,malicious-ip,medium,WHITE,ziyadnz/hourly-ipv4,ziyadnz|hourly,2026-08-17T18:48:05Z,2026-08-17T18:48:05Z,
165.154.206.210,ipv4,malicious-ip,medium,WHITE,ziyadnz/hourly-ipv4,ziyadnz|hourly,2026-08-17T18:48:05Z,2026-08-17T18:48:05Z,
165.154.206.222,ipv4,malicious-ip,medium,WHITE,ziyadnz/hourly-ipv4,ziyadnz|hourly,2026-08-17T18:48:05Z,2026-08-17T18:48:05Z,
165.154.206.223,ipv4,malicious-ip,medium,WHITE,ziyadnz/hourly-ipv4,ziyadnz|hourly,2026-08-17T18:48:05Z,2026-08-17T18:48:05Z,
165.154.206.242,ipv4,malicious-ip,medium,WHITE,ziyadnz/hourly-ipv4,ziyadnz|hourly,2026-08-17T18:48:05Z,2026-08-17T18:48:05Z,
165.154.206.246,ipv4,malicious-ip,medium,WHITE,ziyadnz/hourly-ipv4,ziyadnz|hourly,2026-08-17T18:48:05Z,2026-08-17T18:48:05Z,
165.154.206.30,ipv4,malicious-ip,medium,WHITE,ziyadnz/hourly-ipv4,ziyadnz|hourly,2026-08-17T18:48:05Z,2026-08-17T18:48:05Z,
165.154.206.33,ipv4,malicious-ip,medium,WHITE,ziyadnz/hourly-ipv4,ziyadnz|hourly,2026-08-17T18:48:05Z,2026-08-17T18:48:05Z,
165.154.206.34,ipv4,malicious-ip,medium,WHITE,ziyadnz/hourly-ipv4,ziyadnz|hourly,2026-08-17T18:48:05Z,2026-08-17T18:48:05Z,
165.154.206.35,ipv4,malicious-ip,medium,WHITE,ziyadnz/hourly-ipv4,ziyadnz|hourly,2026-08-17T18:48:05Z,2026-08-17T18:48:05Z,
165.154.206.40,ipv4,malicious-ip,medium,WHITE,ziyadnz/hourly-ipv4,ziyadnz|hourly,2026-08-17T18:48:05Z,2026-08-17T18:48:05Z,
165.154.206.71,ipv4,malicious-ip,medium,WHITE,ziyadnz/hourly-ipv4,ziyadnz|hourly,2026-08-17T18:48:05Z,2026-08-17T18:48:05Z,
165.154.218.101,ipv4,malicious-ip,medium,WHITE,ziyadnz/hourly-ipv4,ziyadnz|hourly,2026-08-17T18:48:05Z,2026-08-17T18:48:05Z,
165.154.218.137,ipv4,malicious-ip,medium,WHITE,ziyadnz/hourly-ipv4,ziyadnz|hourly,2026-08-17T18:48:05Z,2026-08-17T18:48:05Z,
165.154.218.153,ipv4,malicious-ip,medium,WHITE,ziyadnz/hourly-ipv4,ziyadnz|hourly,2026-08-17T18:48:05Z,2026-08-17T18:48:05Z,
165.154.218.158,ipv4,malicious-ip,medium,WHITE,ziyadnz/hourly-ipv4,ziyadnz|hourly,2026-08-17T18:48:05Z,2026-08-17T18:48:05Z,
165.154.218.169,ipv4,malicious-ip,medium,WHITE,ziyadnz/hourly-ipv4,ziyadnz|hourly,2026-08-17T18:48:05Z,2026-08-17T18:48:05Z,
165.154.218.184,ipv4,malicious-ip,medium,WHITE,ziyadnz/hourly-ipv4,ziyadnz|hourly,2026-08-17T18:48:05Z,2026-08-17T18:48:05Z,
165.154.218.201,ipv4,malicious-ip,medium,WHITE,ziyadnz/hourly-ipv4,ziyadnz|hourly,2026-08-17T18:48:05Z,2026-08-17T18:48:05Z,
165.154.22.149,ipv4,malicious-ip,medium,WHITE,ziyadnz/hourly-ipv4,ziyadnz|hourly,2026-08-17T18:48:05Z,2026-08-17T18:48:05Z,
165.154.22.228,ipv4,malicious-ip,medium,WHITE,ziyadnz/hourly-ipv4,ziyadnz|hourly,2026-08-17T18:48:05Z,2026-08-17T18:48:05Z,
165.154.22.233,ipv4,malicious-ip,medium,WHITE,ziyadnz/hourly-ipv4,ziyadnz|hourly,2026-08-17T18:48:05Z,2026-08-17T18:48:05Z,
165.154.221.151,ipv4,malicious-ip,medium,WHITE,ziyadnz/hourly-ipv4,ziyadnz|hourly,2026-08-17T18:48:05Z,2026-08-17T18:48:05Z,
165.154.221.175,ipv4,malicious-ip,medium,WHITE,ziyadnz/hourly-ipv4,ziyadnz|hourly,2026-08-17T18:48:05Z,2026-08-17T18:48:05Z,
165.154.224.129,ipv4,malicious-ip,medium,WHITE,ziyadnz/hourly-ipv4,ziyadnz|hourly,2026-08-17T18:48:05Z,2026-08-17T18:48:05Z,
165.154.224.51,ipv4,malicious-ip,medium,WHITE,ziyadnz/hourly-ipv4,ziyadnz|hourly,2026-08-17T18:48:05Z,2026-08-17T18:48:05Z,
165.154.225.47,ipv4,malicious-ip,medium,WHITE,ziyadnz/hourly-ipv4,ziyadnz|hourly,2026-08-17T18:48:05Z,2026-08-17T18:48:05Z,
165.154.227.162,ipv4,malicious-ip,medium,WHITE,ziyadnz/hourly-ipv4,ziyadnz|hourly,2026-08-17T18:48:05Z,2026-08-17T18:48:05Z,
165.154.227.192,ipv4,malicious-ip,medium,WHITE,ziyadnz/hourly-ipv4,ziyadnz|hourly,2026-08-17T18:48:05Z,2026-08-17T18:48:05Z,
165.154.229.58,ipv4,malicious-ip,medium,WHITE,ziyadnz/hourly-ipv4,ziyadnz|hourly,2026-08-17T18:48:05Z,2026-08-17T18:48:05Z,
165.154.23.0,ipv4,malicious-ip,medium,WHITE,ziyadnz/hourly-ipv4,ziyadnz|hourly,2026-08-17T18:48:05Z,2026-08-17T18:48:05Z,
165.154.23.10,ipv4,malicious-ip,medium,WHITE,ziyadnz/hourly-ipv4,ziyadnz|hourly,2026-08-17T18:48:05Z,2026-08-17T18:48:05Z,
165.154.23.177,ipv4,malicious-ip,medium,WHITE,ziyadnz/hourly-ipv4,ziyadnz|hourly,2026-08-17T18:48:05Z,2026-08-17T18:48:05Z,
165.154.23.26,ipv4,malicious-ip,medium,WHITE,ziyadnz/hourly-ipv4,ziyadnz|hourly,2026-08-17T18:48:05Z,2026-08-17T18:48:05Z,
165.154.23.29,ipv4,malicious-ip,medium,WHITE,ziyadnz/hourly-ipv4,ziyadnz|hourly,2026-08-17T18:48:05Z,2026-08-17T18:48:05Z,
165.154.23.36,ipv4,malicious-ip,medium,WHITE,ziyadnz/hourly-ipv4,ziyadnz|hourly,2026-08-17T18:48:05Z,2026-08-17T18:48:05Z,
165.154.23.9,ipv4,malicious-ip,medium,WHITE,ziyadnz/hourly-ipv4,ziyadnz|hourly,2026-08-17T18:48:05Z,2026-08-17T18:48:05Z,
165.154.231.236,ipv4,malicious-ip,medium,WHITE,ziyadnz/hourly-ipv4,ziyadnz|hourly,2026-08-17T18:48:05Z,2026-08-17T18:48:05Z,
165.154.231.46,ipv4,malicious-ip,medium,WHITE,ziyadnz/hourly-ipv4,ziyadnz|hourly,2026-08-17T18:48:05Z,2026-08-17T18:48:05Z,
165.154.233.2,ipv4,malicious-ip,medium,WHITE,ziyadnz/hourly-ipv4,ziyadnz|hourly,2026-08-17T18:48:05Z,2026-08-17T18:48:05Z,
165.154.236.240,ipv4,malicious-ip,medium,WHITE,ziyadnz/hourly-ipv4,ziyadnz|hourly,2026-08-17T18:48:05Z,2026-08-17T18:48:05Z,
165.154.236.29,ipv4,malicious-ip,medium,WHITE,ziyadnz/hourly-ipv4,ziyadnz|hourly,2026-08-17T18:48:05Z,2026-08-17T18:48:05Z,
165.154.239.209,ipv4,malicious-ip,medium,WHITE,ziyadnz/hourly-ipv4,ziyadnz|hourly,2026-08-17T18:48:05Z,2026-08-17T18:48:05Z,
165.154.24.24,ipv4,malicious-ip,medium,WHITE,ziyadnz/hourly-ipv4,ziyadnz|hourly,2026-08-17T18:48:05Z,2026-08-17T18:48:05Z,
165.154.241.28,ipv4,malicious-ip,medium,WHITE,ziyadnz/hourly-ipv4,ziyadnz|hourly,2026-08-17T18:48:05Z,2026-08-17T18:48:05Z,
165.154.244.122,ipv4,malicious-ip,medium,WHITE,ziyadnz/hourly-ipv4,ziyadnz|hourly,2026-08-17T18:48:05Z,2026-08-17T18:48:05Z,
165.154.245.169,ipv4,malicious-ip,medium,WHITE,ziyadnz/hourly-ipv4,ziyadnz|hourly,2026-08-17T18:48:05Z,2026-08-17T18:48:05Z,
165.154.245.190,ipv4,malicious-ip,medium,WHITE,ziyadnz/hourly-ipv4,ziyadnz|hourly,2026-08-17T18:48:05Z,2026-08-17T18:48:05Z,
165.154.245.69,ipv4,malicious-ip,medium,WHITE,ziyadnz/hourly-ipv4,ziyadnz|hourly,2026-08-17T18:48:05Z,2026-08-17T18:48:05Z,
165.154.254.11,ipv4,malicious-ip,medium,WHITE,ziyadnz/hourly-ipv4,ziyadnz|hourly,2026-08-17T18:48:05Z,2026-08-17T18:48:05Z,
165.154.255.26,ipv4,malicious-ip,medium,WHITE,ziyadnz/hourly-ipv4,ziyadnz|hourly,2026-08-17T18:48:05Z,2026-08-17T18:48:05Z,
165.154.29.144,ipv4,malicious-ip,medium,WHITE,ziyadnz/hourly-ipv4,ziyadnz|hourly,2026-08-17T18:48:05Z,2026-08-17T18:48:05Z,
165.154.29.202,ipv4,malicious-ip,medium,WHITE,ziyadnz/hourly-ipv4,ziyadnz|hourly,2026-08-17T18:48:05Z,2026-08-17T18:48:05Z,
165.154.29.93,ipv4,malicious-ip,medium,WHITE,ziyadnz/hourly-ipv4,ziyadnz|hourly,2026-08-17T18:48:05Z,2026-08-17T18:48:05Z,
165.154.32.235,ipv4,malicious-ip,medium,WHITE,ziyadnz/hourly-ipv4,ziyadnz|hourly,2026-08-17T18:48:05Z,2026-08-17T18:48:05Z,
165.154.33.72,ipv4,malicious-ip,medium,WHITE,ziyadnz/hourly-ipv4,ziyadnz|hourly,2026-08-17T18:48:05Z,2026-08-17T18:48:05Z,
165.154.33.91,ipv4,malicious-ip,medium,WHITE,ziyadnz/hourly-ipv4,ziyadnz|hourly,2026-08-17T18:48:05Z,2026-08-17T18:48:05Z,
165.154.36.0,ipv4,malicious-ip,medium,WHITE,ziyadnz/hourly-ipv4,ziyadnz|hourly,2026-08-17T18:48:05Z,2026-08-17T18:48:05Z,
165.154.36.102,ipv4,malicious-ip,medium,WHITE,ziyadnz/hourly-ipv4,ziyadnz|hourly,2026-08-17T18:48:05Z,2026-08-17T18:48:05Z,
165.154.36.105,ipv4,malicious-ip,medium,WHITE,ziyadnz/hourly-ipv4,ziyadnz|hourly,2026-08-17T18:48:05Z,2026-08-17T18:48:05Z,
165.154.36.107,ipv4,malicious-ip,medium,WHITE,ziyadnz/hourly-ipv4,ziyadnz|hourly,2026-08-17T18:48:05Z,2026-08-17T18:48:05Z,
165.154.36.113,ipv4,malicious-ip,medium,WHITE,ziyadnz/hourly-ipv4,ziyadnz|hourly,2026-08-17T18:48:05Z,2026-08-17T18:48:05Z,
165.154.36.130,ipv4,malicious-ip,medium,WHITE,ziyadnz/hourly-ipv4,ziyadnz|hourly,2026-08-17T18:48:05Z,2026-08-17T18:48:05Z,
165.154.36.150,ipv4,malicious-ip,medium,WHITE,ziyadnz/hourly-ipv4,ziyadnz|hourly,2026-08-17T18:48:05Z,2026-08-17T18:48:05Z,
165.154.36.151,ipv4,malicious-ip,medium,WHITE,ziyadnz/hourly-ipv4,ziyadnz|hourly,2026-08-17T18:48:05Z,2026-08-17T18:48:05Z,
165.154.36.177,ipv4,malicious-ip,medium,WHITE,ziyadnz/hourly-ipv4,ziyadnz|hourly,2026-08-17T18:48:05Z,2026-08-17T18:48:05Z,
165.154.36.192,ipv4,malicious-ip,medium,WHITE,ziyadnz/hourly-ipv4,ziyadnz|hourly,2026-08-17T18:48:05Z,2026-08-17T18:48:05Z,
165.154.36.204,ipv4,malicious-ip,medium,WHITE,ziyadnz/hourly-ipv4,ziyadnz|hourly,2026-08-17T18:48:05Z,2026-08-17T18:48:05Z,
165.154.36.215,ipv4,malicious-ip,medium,WHITE,ziyadnz/hourly-ipv4,ziyadnz|hourly,2026-08-17T18:48:05Z,2026-08-17T18:48:05Z,
165.154.36.218,ipv4,malicious-ip,medium,WHITE,ziyadnz/hourly-ipv4,ziyadnz|hourly,2026-08-17T18:48:05Z,2026-08-17T18:48:05Z,
165.154.36.229,ipv4,malicious-ip,medium,WHITE,ziyadnz/hourly-ipv4,ziyadnz|hourly,2026-08-17T18:48:05Z,2026-08-17T18:48:05Z,
165.154.36.243,ipv4,malicious-ip,medium,WHITE,ziyadnz/hourly-ipv4,ziyadnz|hourly,2026-08-17T18:48:05Z,2026-08-17T18:48:05Z,
165.154.36.245,ipv4,malicious-ip,medium,WHITE,ziyadnz/hourly-ipv4,ziyadnz|hourly,2026-08-17T18:48:05Z,2026-08-17T18:48:05Z,
165.154.36.250,ipv4,malicious-ip,medium,WHITE,ziyadnz/hourly-ipv4,ziyadnz|hourly,2026-08-17T18:48:05Z,2026-08-17T18:48:05Z,
165.154.36.43,ipv4,malicious-ip,medium,WHITE,ziyadnz/hourly-ipv4,ziyadnz|hourly,2026-08-17T18:48:05Z,2026-08-17T18:48:05Z,
165.154.36.62,ipv4,malicious-ip,medium,WHITE,ziyadnz/hourly-ipv4,ziyadnz|hourly,2026-08-17T18:48:05Z,2026-08-17T18:48:05Z,
165.154.36.79,ipv4,malicious-ip,medium,WHITE,ziyadnz/hourly-ipv4,ziyadnz|hourly,2026-08-17T18:48:05Z,2026-08-17T18:48:05Z,
165.154.36.89,ipv4,malicious-ip,medium,WHITE,ziyadnz/hourly-ipv4,ziyadnz|hourly,2026-08-17T18:48:05Z,2026-08-17T18:48:05Z,
165.154.36.9,ipv4,malicious-ip,medium,WHITE,ziyadnz/hourly-ipv4,ziyadnz|hourly,2026-08-17T18:48:05Z,2026-08-17T18:48:05Z,
165.154.40.10,ipv4,malicious-ip,medium,WHITE,ziyadnz/hourly-ipv4,ziyadnz|hourly,2026-08-17T18:48:05Z,2026-08-17T18:48:05Z,
165.154.40.205,ipv4,malicious-ip,medium,WHITE,ziyadnz/hourly-ipv4,ziyadnz|hourly,2026-08-17T18:48:05Z,2026-08-17T18:48:05Z,
165.154.40.244,ipv4,malicious-ip,medium,WHITE,ziyadnz/hourly-ipv4,ziyadnz|hourly,2026-08-17T18:48:05Z,2026-08-17T18:48:05Z,
165.154.40.42,ipv4,malicious-ip,medium,WHITE,ziyadnz/hourly-ipv4,ziyadnz|hourly,2026-08-17T18:48:05Z,2026-08-17T18:48:05Z,
165.154.40.97,ipv4,malicious-ip,medium,WHITE,ziyadnz/hourly-ipv4,ziyadnz|hourly,2026-08-17T18:48:05Z,2026-08-17T18:48:05Z,
165.154.41.0,ipv4,malicious-ip,medium,WHITE,ziyadnz/hourly-ipv4,ziyadnz|hourly,2026-08-17T18:48:05Z,2026-08-17T18:48:05Z,
165.154.41.115,ipv4,malicious-ip,medium,WHITE,ziyadnz/hourly-ipv4,ziyadnz|hourly,2026-08-17T18:48:05Z,2026-08-17T18:48:05Z,
165.154.41.13,ipv4,malicious-ip,medium,WHITE,ziyadnz/hourly-ipv4,ziyadnz|hourly,2026-08-17T18:48:05Z,2026-08-17T18:48:05Z,
165.154.41.152,ipv4,malicious-ip,medium,WHITE,ziyadnz/hourly-ipv4,ziyadnz|hourly,2026-08-17T18:48:05Z,2026-08-17T18:48:05Z,
165.154.41.182,ipv4,malicious-ip,medium,WHITE,ziyadnz/hourly-ipv4,ziyadnz|hourly,2026-08-17T18:48:05Z,2026-08-17T18:48:05Z,
165.154.41.201,ipv4,malicious-ip,medium,WHITE,ziyadnz/hourly-ipv4,ziyadnz|hourly,2026-08-17T18:48:05Z,2026-08-17T18:48:05Z,
165.154.41.205,ipv4,malicious-ip,medium,WHITE,ziyadnz/hourly-ipv4,ziyadnz|hourly,2026-08-17T18:48:05Z,2026-08-17T18:48:05Z,
165.154.41.213,ipv4,malicious-ip,medium,WHITE,ziyadnz/hourly-ipv4,ziyadnz|hourly,2026-08-17T18:48:05Z,2026-08-17T18:48:05Z,
165.154.41.232,ipv4,malicious-ip,medium,WHITE,ziyadnz/hourly-ipv4,ziyadnz|hourly,2026-08-17T18:48:05Z,2026-08-17T18:48:05Z,
165.154.41.47,ipv4,malicious-ip,medium,WHITE,ziyadnz/hourly-ipv4,ziyadnz|hourly,2026-08-17T18:48:05Z,2026-08-17T18:48:05Z,
165.154.41.50,ipv4,malicious-ip,medium,WHITE,ziyadnz/hourly-ipv4,ziyadnz|hourly,2026-08-17T18:48:05Z,2026-08-17T18:48:05Z,
165.154.41.6,ipv4,malicious-ip,medium,WHITE,ziyadnz/hourly-ipv4,ziyadnz|hourly,2026-08-17T18:48:05Z,2026-08-17T18:48:05Z,
165.154.41.97,ipv4,malicious-ip,medium,WHITE,ziyadnz/hourly-ipv4,ziyadnz|hourly,2026-08-17T18:48:05Z,2026-08-17T18:48:05Z,
165.154.42.209,ipv4,malicious-ip,medium,WHITE,ziyadnz/hourly-ipv4,ziyadnz|hourly,2026-08-17T18:48:05Z,2026-08-17T18:48:05Z,
165.154.43.179,ipv4,malicious-ip,medium,WHITE,ziyadnz/hourly-ipv4,ziyadnz|hourly,2026-08-17T18:48:05Z,2026-08-17T18:48:05Z,
165.154.45.135,ipv4,malicious-ip,medium,WHITE,ziyadnz/hourly-ipv4,ziyadnz|hourly,2026-08-17T18:48:05Z,2026-08-17T18:48:05Z,
165.154.48.160,ipv4,malicious-ip,medium,WHITE,ziyadnz/hourly-ipv4,ziyadnz|hourly,2026-08-17T18:48:05Z,2026-08-17T18:48:05Z,
165.154.48.24,ipv4,malicious-ip,medium,WHITE,ziyadnz/hourly-ipv4,ziyadnz|hourly,2026-08-17T18:48:05Z,2026-08-17T18:48:05Z,
165.154.5.148,ipv4,malicious-ip,medium,WHITE,ziyadnz/hourly-ipv4,ziyadnz|hourly,2026-08-17T18:48:05Z,2026-08-17T18:48:05Z,
165.154.5.173,ipv4,malicious-ip,medium,WHITE,ziyadnz/hourly-ipv4,ziyadnz|hourly,2026-08-17T18:48:05Z,2026-08-17T18:48:05Z,
165.154.5.249,ipv4,malicious-ip,medium,WHITE,ziyadnz/hourly-ipv4,ziyadnz|hourly,2026-08-17T18:48:05Z,2026-08-17T18:48:05Z,
165.154.5.3,ipv4,malicious-ip,medium,WHITE,ziyadnz/hourly-ipv4,ziyadnz|hourly,2026-08-17T18:48:05Z,2026-08-17T18:48:05Z,
165.154.51.193,ipv4,malicious-ip,medium,WHITE,ziyadnz/hourly-ipv4,ziyadnz|hourly,2026-08-17T18:48:05Z,2026-08-17T18:48:05Z,
165.154.51.225,ipv4,malicious-ip,medium,WHITE,ziyadnz/hourly-ipv4,ziyadnz|hourly,2026-08-17T18:48:05Z,2026-08-17T18:48:05Z,
165.154.51.243,ipv4,malicious-ip,medium,WHITE,ziyadnz/hourly-ipv4,ziyadnz|hourly,2026-08-17T18:48:05Z,2026-08-17T18:48:05Z,
165.154.51.27,ipv4,malicious-ip,medium,WHITE,ziyadnz/hourly-ipv4,ziyadnz|hourly,2026-08-17T18:48:05Z,2026-08-17T18:48:05Z,
165.154.52.132,ipv4,malicious-ip,medium,WHITE,ziyadnz/hourly-ipv4,ziyadnz|hourly,2026-08-17T18:48:05Z,2026-08-17T18:48:05Z,
165.154.58.108,ipv4,malicious-ip,medium,WHITE,ziyadnz/hourly-ipv4,ziyadnz|hourly,2026-08-17T18:48:05Z,2026-08-17T18:48:05Z,
165.154.58.251,ipv4,malicious-ip,medium,WHITE,ziyadnz/hourly-ipv4,ziyadnz|hourly,2026-08-17T18:48:05Z,2026-08-17T18:48:05Z,
165.154.59.168,ipv4,malicious-ip,medium,WHITE,ziyadnz/hourly-ipv4,ziyadnz|hourly,2026-08-17T18:48:05Z,2026-08-17T18:48:05Z,
165.154.59.90,ipv4,malicious-ip,medium,WHITE,ziyadnz/hourly-ipv4,ziyadnz|hourly,2026-08-17T18:48:05Z,2026-08-17T18:48:05Z,
165.154.6.0,ipv4,malicious-ip,medium,WHITE,ziyadnz/hourly-ipv4,ziyadnz|hourly,2026-08-17T18:48:05Z,2026-08-17T18:48:05Z,
165.154.6.102,ipv4,malicious-ip,medium,WHITE,ziyadnz/hourly-ipv4,ziyadnz|hourly,2026-08-17T18:48:05Z,2026-08-17T18:48:05Z,
165.154.6.104,ipv4,malicious-ip,medium,WHITE,ziyadnz/hourly-ipv4,ziyadnz|hourly,2026-08-17T18:48:05Z,2026-08-17T18:48:05Z,
165.154.6.112,ipv4,malicious-ip,medium,WHITE,ziyadnz/hourly-ipv4,ziyadnz|hourly,2026-08-17T18:48:05Z,2026-08-17T18:48:05Z,
165.154.6.116,ipv4,malicious-ip,medium,WHITE,ziyadnz/hourly-ipv4,ziyadnz|hourly,2026-08-17T18:48:05Z,2026-08-17T18:48:05Z,
165.154.6.119,ipv4,malicious-ip,medium,WHITE,ziyadnz/hourly-ipv4,ziyadnz|hourly,2026-08-17T18:48:05Z,2026-08-17T18:48:05Z,
165.154.6.138,ipv4,malicious-ip,medium,WHITE,ziyadnz/hourly-ipv4,ziyadnz|hourly,2026-08-17T18:48:05Z,2026-08-17T18:48:05Z,
165.154.6.144,ipv4,malicious-ip,medium,WHITE,ziyadnz/hourly-ipv4,ziyadnz|hourly,2026-08-17T18:48:05Z,2026-08-17T18:48:05Z,
165.154.6.18,ipv4,malicious-ip,medium,WHITE,ziyadnz/hourly-ipv4,ziyadnz|hourly,2026-08-17T18:48:05Z,2026-08-17T18:48:05Z,
165.154.6.224,ipv4,malicious-ip,medium,WHITE,ziyadnz/hourly-ipv4,ziyadnz|hourly,2026-08-17T18:48:05Z,2026-08-17T18:48:05Z,
165.154.6.26,ipv4,malicious-ip,medium,WHITE,ziyadnz/hourly-ipv4,ziyadnz|hourly,2026-08-17T18:48:05Z,2026-08-17T18:48:05Z,
165.154.6.34,ipv4,malicious-ip,medium,WHITE,ziyadnz/hourly-ipv4,ziyadnz|hourly,2026-08-17T18:48:05Z,2026-08-17T18:48:05Z,
165.154.6.37,ipv4,malicious-ip,medium,WHITE,ziyadnz/hourly-ipv4,ziyadnz|hourly,2026-08-17T18:48:05Z,2026-08-17T18:48:05Z,
165.154.6.49,ipv4,malicious-ip,medium,WHITE,ziyadnz/hourly-ipv4,ziyadnz|hourly,2026-08-17T18:48:05Z,2026-08-17T18:48:05Z,
165.154.6.56,ipv4,malicious-ip,medium,WHITE,ziyadnz/hourly-ipv4,ziyadnz|hourly,2026-08-17T18:48:05Z,2026-08-17T18:48:05Z,
165.154.6.66,ipv4,malicious-ip,medium,WHITE,ziyadnz/hourly-ipv4,ziyadnz|hourly,2026-08-17T18:48:05Z,2026-08-17T18:48:05Z,
165.154.6.69,ipv4,malicious-ip,medium,WHITE,ziyadnz/hourly-ipv4,ziyadnz|hourly,2026-08-17T18:48:05Z,2026-08-17T18:48:05Z,
165.154.6.86,ipv4,malicious-ip,medium,WHITE,ziyadnz/hourly-ipv4,ziyadnz|hourly,2026-08-17T18:48:05Z,2026-08-17T18:48:05Z,
165.154.60.76,ipv4,malicious-ip,medium,WHITE,ziyadnz/hourly-ipv4,ziyadnz|hourly,2026-08-17T18:48:05Z,2026-08-17T18:48:05Z,
165.154.7.25,ipv4,malicious-ip,medium,WHITE,ziyadnz/hourly-ipv4,ziyadnz|hourly,2026-08-17T18:48:05Z,2026-08-17T18:48:05Z,
165.154.70.162,ipv4,malicious-ip,medium,WHITE,ziyadnz/hourly-ipv4,ziyadnz|hourly,2026-08-17T18:48:05Z,2026-08-17T18:48:05Z,
165.16.105.4,ipv4,malicious-ip,medium,WHITE,ziyadnz/hourly-ipv4,ziyadnz|hourly,2026-08-17T18:48:05Z,2026-08-17T18:48:05Z,
165.16.160.51,ipv4,malicious-ip,medium,WHITE,ziyadnz/hourly-ipv4,ziyadnz|hourly,2026-08-17T18:48:05Z,2026-08-17T18:48:05Z,
165.16.170.135,ipv4,malicious-ip,medium,WHITE,ziyadnz/hourly-ipv4,ziyadnz|hourly,2026-08-17T18:48:05Z,2026-08-17T18:48:05Z,
165.16.170.254,ipv4,malicious-ip,medium,WHITE,ziyadnz/hourly-ipv4,ziyadnz|hourly,2026-08-17T18:48:05Z,2026-08-17T18:48:05Z,
165.16.180.104,ipv4,malicious-ip,medium,WHITE,ziyadnz/hourly-ipv4,ziyadnz|hourly,2026-08-17T18:48:05Z,2026-08-17T18:48:05Z,
165.16.180.249,ipv4,malicious-ip,medium,WHITE,ziyadnz/hourly-ipv4,ziyadnz|hourly,2026-08-17T18:48:05Z,2026-08-17T18:48:05Z,
165.16.181.249,ipv4,malicious-ip,medium,WHITE,ziyadnz/hourly-ipv4,ziyadnz|hourly,2026-08-17T18:48:05Z,2026-08-17T18:48:05Z,
165.16.182.39,ipv4,malicious-ip,medium,WHITE,ziyadnz/hourly-ipv4,ziyadnz|hourly,2026-08-17T18:48:05Z,2026-08-17T18:48:05Z,
165.16.183.216,ipv4,malicious-ip,medium,WHITE,ziyadnz/hourly-ipv4,ziyadnz|hourly,2026-08-17T18:48:05Z,2026-08-17T18:48:05Z,
165.16.185.3,ipv4,malicious-ip,medium,WHITE,ziyadnz/hourly-ipv4,ziyadnz|hourly,2026-08-17T18:48:05Z,2026-08-17T18:48:05Z,
165.16.186.252,ipv4,malicious-ip,medium,WHITE,ziyadnz/hourly-ipv4,ziyadnz|hourly,2026-08-17T18:48:05Z,2026-08-17T18:48:05Z,
165.16.186.87,ipv4,malicious-ip,medium,WHITE,ziyadnz/hourly-ipv4,ziyadnz|hourly,2026-08-17T18:48:05Z,2026-08-17T18:48:05Z,
165.16.188.82,ipv4,malicious-ip,medium,WHITE,ziyadnz/hourly-ipv4,ziyadnz|hourly,2026-08-17T18:48:05Z,2026-08-17T18:48:05Z,
165.16.189.80,ipv4,malicious-ip,medium,WHITE,ziyadnz/hourly-ipv4,ziyadnz|hourly,2026-08-17T18:48:05Z,2026-08-17T18:48:05Z,
165.16.189.82,ipv4,malicious-ip,medium,WHITE,ziyadnz/hourly-ipv4,ziyadnz|hourly,2026-08-17T18:48:05Z,2026-08-17T18:48:05Z,
165.16.33.228,ipv4,malicious-ip,medium,WHITE,ziyadnz/hourly-ipv4,ziyadnz|hourly,2026-08-17T18:48:05Z,2026-08-17T18:48:05Z,
165.16.48.80,ipv4,malicious-ip,medium,WHITE,ziyadnz/hourly-ipv4,ziyadnz|hourly,2026-08-17T18:48:05Z,2026-08-17T18:48:05Z,
165.16.65.185,ipv4,malicious-ip,medium,WHITE,ziyadnz/hourly-ipv4,ziyadnz|hourly,2026-08-17T18:48:05Z,2026-08-17T18:48:05Z,
165.16.76.105,ipv4,malicious-ip,medium,WHITE,ziyadnz/hourly-ipv4,ziyadnz|hourly,2026-08-17T18:48:05Z,2026-08-17T18:48:05Z,
165.162.133.67,ipv4,malicious-ip,medium,WHITE,ziyadnz/hourly-ipv4,ziyadnz|hourly,2026-08-17T18:48:05Z,2026-08-17T18:48:05Z,
165.162.39.4,ipv4,malicious-ip,medium,WHITE,ziyadnz/hourly-ipv4,ziyadnz|hourly,2026-08-17T18:48:05Z,2026-08-17T18:48:05Z,
165.162.41.36,ipv4,malicious-ip,medium,WHITE,ziyadnz/hourly-ipv4,ziyadnz|hourly,2026-08-17T18:48:05Z,2026-08-17T18:48:05Z,
165.162.43.246,ipv4,malicious-ip,medium,WHITE,ziyadnz/hourly-ipv4,ziyadnz|hourly,2026-08-17T18:48:05Z,2026-08-17T18:48:05Z,
165.162.57.131,ipv4,malicious-ip,medium,WHITE,ziyadnz/hourly-ipv4,ziyadnz|hourly,2026-08-17T18:48:05Z,2026-08-17T18:48:05Z,
165.165.118.199,ipv4,malicious-ip,medium,WHITE,ziyadnz/hourly-ipv4,ziyadnz|hourly,2026-08-17T18:48:05Z,2026-08-17T18:48:05Z,
165.165.119.102,ipv4,malicious-ip,medium,WHITE,ziyadnz/hourly-ipv4,ziyadnz|hourly,2026-08-17T18:48:05Z,2026-08-17T18:48:05Z,
165.165.119.176,ipv4,malicious-ip,medium,WHITE,ziyadnz/hourly-ipv4,ziyadnz|hourly,2026-08-17T18:48:05Z,2026-08-17T18:48:05Z,
165.169.101.69,ipv4,malicious-ip,medium,WHITE,ziyadnz/hourly-ipv4,ziyadnz|hourly,2026-08-17T18:48:05Z,2026-08-17T18:48:05Z,
165.169.129.166,ipv4,malicious-ip,medium,WHITE,ziyadnz/hourly-ipv4,ziyadnz|hourly,2026-08-17T18:48:05Z,2026-08-17T18:48:05Z,
165.210.32.1,ipv4,malicious-ip,medium,WHITE,ziyadnz/hourly-ipv4,ziyadnz|hourly,2026-08-17T18:48:05Z,2026-08-17T18:48:05Z,
165.22.105.175,ipv4,malicious-ip,medium,WHITE,ziyadnz/hourly-ipv4,ziyadnz|hourly,2026-08-17T18:48:05Z,2026-08-17T18:48:05Z,
165.22.106.206,ipv4,malicious-ip,medium,WHITE,ziyadnz/hourly-ipv4,ziyadnz|hourly,2026-08-17T18:48:05Z,2026-08-17T18:48:05Z,
165.22.114.246,ipv4,malicious-ip,medium,WHITE,ziyadnz/hourly-ipv4,ziyadnz|hourly,2026-08-17T18:48:05Z,2026-08-17T18:48:05Z,
165.22.115.79,ipv4,malicious-ip,medium,WHITE,ziyadnz/hourly-ipv4,ziyadnz|hourly,2026-08-17T18:48:05Z,2026-08-17T18:48:05Z,
165.22.12.86,ipv4,malicious-ip,medium,WHITE,ziyadnz/hourly-ipv4,ziyadnz|hourly,2026-08-17T18:48:05Z,2026-08-17T18:48:05Z,
165.22.125.53,ipv4,malicious-ip,medium,WHITE,ziyadnz/hourly-ipv4,ziyadnz|hourly,2026-08-17T18:48:05Z,2026-08-17T18:48:05Z,
165.22.125.76,ipv4,malicious-ip,medium,WHITE,ziyadnz/hourly-ipv4,ziyadnz|hourly,2026-08-17T18:48:05Z,2026-08-17T18:48:05Z,
165.22.13.26,ipv4,malicious-ip,medium,WHITE,ziyadnz/hourly-ipv4,ziyadnz|hourly,2026-08-17T18:48:05Z,2026-08-17T18:48:05Z,
165.22.130.106,ipv4,malicious-ip,medium,WHITE,ziyadnz/hourly-ipv4,ziyadnz|hourly,2026-08-17T18:48:05Z,2026-08-17T18:48:05Z,
165.22.131.64,ipv4,malicious-ip,medium,WHITE,ziyadnz/hourly-ipv4,ziyadnz|hourly,2026-08-17T18:48:05Z,2026-08-17T18:48:05Z,
165.22.134.29,ipv4,malicious-ip,medium,WHITE,ziyadnz/hourly-ipv4,ziyadnz|hourly,2026-08-17T18:48:05Z,2026-08-17T18:48:05Z,
165.22.134.78,ipv4,malicious-ip,medium,WHITE,ziyadnz/hourly-ipv4,ziyadnz|hourly,2026-08-17T18:48:05Z,2026-08-17T18:48:05Z,
165.22.136.30,ipv4,malicious-ip,medium,WHITE,ziyadnz/hourly-ipv4,ziyadnz|hourly,2026-08-17T18:48:05Z,2026-08-17T18:48:05Z,
165.22.142.98,ipv4,malicious-ip,medium,WHITE,ziyadnz/hourly-ipv4,ziyadnz|hourly,2026-08-17T18:48:05Z,2026-08-17T18:48:05Z,
165.22.146.165,ipv4,malicious-ip,medium,WHITE,ziyadnz/hourly-ipv4,ziyadnz|hourly,2026-08-17T18:48:05Z,2026-08-17T18:48:05Z,
165.22.146.54,ipv4,malicious-ip,medium,WHITE,ziyadnz/hourly-ipv4,ziyadnz|hourly,2026-08-17T18:48:05Z,2026-08-17T18:48:05Z,
165.22.150.172,ipv4,malicious-ip,medium,WHITE,ziyadnz/hourly-ipv4,ziyadnz|hourly,2026-08-17T18:48:05Z,2026-08-17T18:48:05Z,
165.22.158.38,ipv4,malicious-ip,medium,WHITE,ziyadnz/hourly-ipv4,ziyadnz|hourly,2026-08-17T18:48:05Z,2026-08-17T18:48:05Z,
165.22.16.79,ipv4,malicious-ip,medium,WHITE,ziyadnz/hourly-ipv4,ziyadnz|hourly,2026-08-17T18:48:05Z,2026-08-17T18:48:05Z,
165.22.164.40,ipv4,malicious-ip,medium,WHITE,ziyadnz/hourly-ipv4,ziyadnz|hourly,2026-08-17T18:48:05Z,2026-08-17T18:48:05Z,
165.22.166.128,ipv4,malicious-ip,medium,WHITE,ziyadnz/hourly-ipv4,ziyadnz|hourly,2026-08-17T18:48:05Z,2026-08-17T18:48:05Z,
165.22.168.64,ipv4,malicious-ip,medium,WHITE,ziyadnz/hourly-ipv4,ziyadnz|hourly,2026-08-17T18:48:05Z,2026-08-17T18:48:05Z,
165.22.170.72,ipv4,malicious-ip,medium,WHITE,ziyadnz/hourly-ipv4,ziyadnz|hourly,2026-08-17T18:48:05Z,2026-08-17T18:48:05Z,
165.22.176.111,ipv4,malicious-ip,medium,WHITE,ziyadnz/hourly-ipv4,ziyadnz|hourly,2026-08-17T18:48:05Z,2026-08-17T18:48:05Z,
165.22.177.234,ipv4,malicious-ip,medium,WHITE,ziyadnz/hourly-ipv4,ziyadnz|hourly,2026-08-17T18:48:05Z,2026-08-17T18:48:05Z,
165.22.179.141,ipv4,malicious-ip,medium,WHITE,ziyadnz/hourly-ipv4,ziyadnz|hourly,2026-08-17T18:48:05Z,2026-08-17T18:48:05Z,
165.22.18.23,ipv4,malicious-ip,medium,WHITE,ziyadnz/hourly-ipv4,ziyadnz|hourly,2026-08-17T18:48:05Z,2026-08-17T18:48:05Z,
165.22.18.253,ipv4,malicious-ip,medium,WHITE,ziyadnz/hourly-ipv4,ziyadnz|hourly,2026-08-17T18:48:05Z,2026-08-17T18:48:05Z,
165.22.181.105,ipv4,malicious-ip,medium,WHITE,ziyadnz/hourly-ipv4,ziyadnz|hourly,2026-08-17T18:48:05Z,2026-08-17T18:48:05Z,
165.22.184.26,ipv4,malicious-ip,medium,WHITE,ziyadnz/hourly-ipv4,ziyadnz|hourly,2026-08-17T18:48:05Z,2026-08-17T18:48:05Z,
165.22.185.115,ipv4,malicious-ip,medium,WHITE,ziyadnz/hourly-ipv4,ziyadnz|hourly,2026-08-17T18:48:05Z,2026-08-17T18:48:05Z,
165.22.187.92,ipv4,malicious-ip,medium,WHITE,ziyadnz/hourly-ipv4,ziyadnz|hourly,2026-08-17T18:48:05Z,2026-08-17T18:48:05Z,
165.22.189.163,ipv4,malicious-ip,medium,WHITE,ziyadnz/hourly-ipv4,ziyadnz|hourly,2026-08-17T18:48:05Z,2026-08-17T18:48:05Z,
165.22.189.177,ipv4,malicious-ip,medium,WHITE,ziyadnz/hourly-ipv4,ziyadnz|hourly,2026-08-17T18:48:05Z,2026-08-17T18:48:05Z,
165.22.190.149,ipv4,malicious-ip,medium,WHITE,ziyadnz/hourly-ipv4,ziyadnz|hourly,2026-08-17T18:48:05Z,2026-08-17T18:48:05Z,
165.22.190.47,ipv4,malicious-ip,medium,WHITE,ziyadnz/hourly-ipv4,ziyadnz|hourly,2026-08-17T18:48:05Z,2026-08-17T18:48:05Z,
165.22.192.250,ipv4,malicious-ip,medium,WHITE,ziyadnz/hourly-ipv4,ziyadnz|hourly,2026-08-17T18:48:05Z,2026-08-17T18:48:05Z,
165.22.194.104,ipv4,malicious-ip,medium,WHITE,ziyadnz/hourly-ipv4,ziyadnz|hourly,2026-08-17T18:48:05Z,2026-08-17T18:48:05Z,
165.22.201.77,ipv4,malicious-ip,medium,WHITE,ziyadnz/hourly-ipv4,ziyadnz|hourly,2026-08-17T18:48:05Z,2026-08-17T18:48:05Z,
165.22.214.142,ipv4,malicious-ip,medium,WHITE,ziyadnz/hourly-ipv4,ziyadnz|hourly,2026-08-17T18:48:05Z,2026-08-17T18:48:05Z,
165.22.217.106,ipv4,malicious-ip,medium,WHITE,ziyadnz/hourly-ipv4,ziyadnz|hourly,2026-08-17T18:48:05Z,2026-08-17T18:48:05Z,
165.22.221.71,ipv4,malicious-ip,medium,WHITE,ziyadnz/hourly-ipv4,ziyadnz|hourly,2026-08-17T18:48:05Z,2026-08-17T18:48:05Z,
165.22.223.183,ipv4,malicious-ip,medium,WHITE,ziyadnz/hourly-ipv4,ziyadnz|hourly,2026-08-17T18:48:05Z,2026-08-17T18:48:05Z,
165.22.224.92,ipv4,malicious-ip,medium,WHITE,ziyadnz/hourly-ipv4,ziyadnz|hourly,2026-08-17T18:48:05Z,2026-08-17T18:48:05Z,
165.22.225.218,ipv4,malicious-ip,medium,WHITE,ziyadnz/hourly-ipv4,ziyadnz|hourly,2026-08-17T18:48:05Z,2026-08-17T18:48:05Z,
165.22.228.144,ipv4,malicious-ip,medium,WHITE,ziyadnz/hourly-ipv4,ziyadnz|hourly,2026-08-17T18:48:05Z,2026-08-17T18:48:05Z,
165.22.229.92,ipv4,malicious-ip,medium,WHITE,ziyadnz/hourly-ipv4,ziyadnz|hourly,2026-08-17T18:48:05Z,2026-08-17T18:48:05Z,
165.22.233.128,ipv4,malicious-ip,medium,WHITE,ziyadnz/hourly-ipv4,ziyadnz|hourly,2026-08-17T18:48:05Z,2026-08-17T18:48:05Z,
165.22.234.143,ipv4,malicious-ip,medium,WHITE,ziyadnz/hourly-ipv4,ziyadnz|hourly,2026-08-17T18:48:05Z,2026-08-17T18:48:05Z,
165.22.235.3,ipv4,malicious-ip,medium,WHITE,ziyadnz/hourly-ipv4,ziyadnz|hourly,2026-08-17T18:48:05Z,2026-08-17T18:48:05Z,
165.22.238.155,ipv4,malicious-ip,medium,WHITE,ziyadnz/hourly-ipv4,ziyadnz|hourly,2026-08-17T18:48:05Z,2026-08-17T18:48:05Z,
165.22.242.221,ipv4,malicious-ip,medium,WHITE,ziyadnz/hourly-ipv4,ziyadnz|hourly,2026-08-17T18:48:05Z,2026-08-17T18:48:05Z,
165.22.247.34,ipv4,malicious-ip,medium,WHITE,ziyadnz/hourly-ipv4,ziyadnz|hourly,2026-08-17T18:48:05Z,2026-08-17T18:48:05Z,
165.22.248.213,ipv4,malicious-ip,medium,WHITE,ziyadnz/hourly-ipv4,ziyadnz|hourly,2026-08-17T18:48:05Z,2026-08-17T18:48:05Z,
165.22.248.57,ipv4,malicious-ip,medium,WHITE,ziyadnz/hourly-ipv4,ziyadnz|hourly,2026-08-17T18:48:05Z,2026-08-17T18:48:05Z,
165.22.248.68,ipv4,malicious-ip,medium,WHITE,ziyadnz/hourly-ipv4,ziyadnz|hourly,2026-08-17T18:48:05Z,2026-08-17T18:48:05Z,
165.22.249.230,ipv4,malicious-ip,medium,WHITE,ziyadnz/hourly-ipv4,ziyadnz|hourly,2026-08-17T18:48:05Z,2026-08-17T18:48:05Z,
165.22.253.34,ipv4,malicious-ip,medium,WHITE,ziyadnz/hourly-ipv4,ziyadnz|hourly,2026-08-17T18:48:05Z,2026-08-17T18:48:05Z,
165.22.28.112,ipv4,malicious-ip,medium,WHITE,ziyadnz/hourly-ipv4,ziyadnz|hourly,2026-08-17T18:48:05Z,2026-08-17T18:48:05Z,
165.22.28.245,ipv4,malicious-ip,medium,WHITE,ziyadnz/hourly-ipv4,ziyadnz|hourly,2026-08-17T18:48:05Z,2026-08-17T18:48:05Z,
165.22.34.189,ipv4,malicious-ip,medium,WHITE,ziyadnz/hourly-ipv4,ziyadnz|hourly,2026-08-17T18:48:05Z,2026-08-17T18:48:05Z,
165.22.34.238,ipv4,malicious-ip,medium,WHITE,ziyadnz/hourly-ipv4,ziyadnz|hourly,2026-08-17T18:48:05Z,2026-08-17T18:48:05Z,
165.22.41.116,ipv4,malicious-ip,medium,WHITE,ziyadnz/hourly-ipv4,ziyadnz|hourly,2026-08-17T18:48:05Z,2026-08-17T18:48:05Z,
165.22.47.52,ipv4,malicious-ip,medium,WHITE,ziyadnz/hourly-ipv4,ziyadnz|hourly,2026-08-17T18:48:05Z,2026-08-17T18:48:05Z,
165.22.48.163,ipv4,malicious-ip,medium,WHITE,ziyadnz/hourly-ipv4,ziyadnz|hourly,2026-08-17T18:48:05Z,2026-08-17T18:48:05Z,
165.22.49.138,ipv4,malicious-ip,medium,WHITE,ziyadnz/hourly-ipv4,ziyadnz|hourly,2026-08-17T18:48:05Z,2026-08-17T18:48:05Z,
165.22.52.238,ipv4,malicious-ip,medium,WHITE,ziyadnz/hourly-ipv4,ziyadnz|hourly,2026-08-17T18:48:05Z,2026-08-17T18:48:05Z,
165.22.58.68,ipv4,malicious-ip,medium,WHITE,ziyadnz/hourly-ipv4,ziyadnz|hourly,2026-08-17T18:48:05Z,2026-08-17T18:48:05Z,
165.22.60.26,ipv4,malicious-ip,medium,WHITE,ziyadnz/hourly-ipv4,ziyadnz|hourly,2026-08-17T18:48:05Z,2026-08-17T18:48:05Z,
165.22.61.208,ipv4,malicious-ip,medium,WHITE,ziyadnz/hourly-ipv4,ziyadnz|hourly,2026-08-17T18:48:05Z,2026-08-17T18:48:05Z,
165.22.66.238,ipv4,malicious-ip,medium,WHITE,ziyadnz/hourly-ipv4,ziyadnz|hourly,2026-08-17T18:48:05Z,2026-08-17T18:48:05Z,
165.22.68.62,ipv4,malicious-ip,medium,WHITE,ziyadnz/hourly-ipv4,ziyadnz|hourly,2026-08-17T18:48:05Z,2026-08-17T18:48:05Z,
165.22.71.233,ipv4,malicious-ip,medium,WHITE,ziyadnz/hourly-ipv4,ziyadnz|hourly,2026-08-17T18:48:05Z,2026-08-17T18:48:05Z,
165.22.73.114,ipv4,malicious-ip,medium,WHITE,ziyadnz/hourly-ipv4,ziyadnz|hourly,2026-08-17T18:48:05Z,2026-08-17T18:48:05Z,
165.22.74.170,ipv4,malicious-ip,medium,WHITE,ziyadnz/hourly-ipv4,ziyadnz|hourly,2026-08-17T18:48:05Z,2026-08-17T18:48:05Z,
165.22.82.165,ipv4,malicious-ip,medium,WHITE,ziyadnz/hourly-ipv4,ziyadnz|hourly,2026-08-17T18:48:05Z,2026-08-17T18:48:05Z,
165.22.9.166,ipv4,malicious-ip,medium,WHITE,ziyadnz/hourly-ipv4,ziyadnz|hourly,2026-08-17T18:48:05Z,2026-08-17T18:48:05Z,
165.22.91.167,ipv4,malicious-ip,medium,WHITE,ziyadnz/hourly-ipv4,ziyadnz|hourly,2026-08-17T18:48:05Z,2026-08-17T18:48:05Z,
165.22.93.203,ipv4,malicious-ip,medium,WHITE,ziyadnz/hourly-ipv4,ziyadnz|hourly,2026-08-17T18:48:05Z,2026-08-17T18:48:05Z,
165.220.188.52,ipv4,malicious-ip,medium,WHITE,ziyadnz/hourly-ipv4,ziyadnz|hourly,2026-08-17T18:48:05Z,2026-08-17T18:48:05Z,
165.227.105.246,ipv4,malicious-ip,medium,WHITE,ziyadnz/hourly-ipv4,ziyadnz|hourly,2026-08-17T18:48:05Z,2026-08-17T18:48:05Z,
165.227.106.31,ipv4,malicious-ip,medium,WHITE,ziyadnz/hourly-ipv4,ziyadnz|hourly,2026-08-17T18:48:05Z,2026-08-17T18:48:05Z,
165.227.110.45,ipv4,malicious-ip,medium,WHITE,ziyadnz/hourly-ipv4,ziyadnz|hourly,2026-08-17T18:48:05Z,2026-08-17T18:48:05Z,
165.227.111.23,ipv4,malicious-ip,medium,WHITE,ziyadnz/hourly-ipv4,ziyadnz|hourly,2026-08-17T18:48:05Z,2026-08-17T18:48:05Z,
165.227.113.107,ipv4,malicious-ip,medium,WHITE,ziyadnz/hourly-ipv4,ziyadnz|hourly,2026-08-17T18:48:05Z,2026-08-17T18:48:05Z,
165.227.124.44,ipv4,malicious-ip,medium,WHITE,ziyadnz/hourly-ipv4,ziyadnz|hourly,2026-08-17T18:48:05Z,2026-08-17T18:48:05Z,
165.227.129.203,ipv4,malicious-ip,medium,WHITE,ziyadnz/hourly-ipv4,ziyadnz|hourly,2026-08-17T18:48:05Z,2026-08-17T18:48:05Z,
165.227.13.4,ipv4,malicious-ip,medium,WHITE,ziyadnz/hourly-ipv4,ziyadnz|hourly,2026-08-17T18:48:05Z,2026-08-17T18:48:05Z,
165.227.131.156,ipv4,malicious-ip,medium,WHITE,ziyadnz/hourly-ipv4,ziyadnz|hourly,2026-08-17T18:48:05Z,2026-08-17T18:48:05Z,
165.227.131.176,ipv4,malicious-ip,medium,WHITE,ziyadnz/hourly-ipv4,ziyadnz|hourly,2026-08-17T18:48:05Z,2026-08-17T18:48:05Z,
165.227.132.137,ipv4,malicious-ip,medium,WHITE,ziyadnz/hourly-ipv4,ziyadnz|hourly,2026-08-17T18:48:05Z,2026-08-17T18:48:05Z,
165.227.132.17,ipv4,malicious-ip,medium,WHITE,ziyadnz/hourly-ipv4,ziyadnz|hourly,2026-08-17T18:48:05Z,2026-08-17T18:48:05Z,
165.227.139.79,ipv4,malicious-ip,medium,WHITE,ziyadnz/hourly-ipv4,ziyadnz|hourly,2026-08-17T18:48:05Z,2026-08-17T18:48:05Z,
165.227.14.202,ipv4,malicious-ip,medium,WHITE,ziyadnz/hourly-ipv4,ziyadnz|hourly,2026-08-17T18:48:05Z,2026-08-17T18:48:05Z,
165.227.147.215,ipv4,malicious-ip,medium,WHITE,ziyadnz/hourly-ipv4,ziyadnz|hourly,2026-08-17T18:48:05Z,2026-08-17T18:48:05Z,
165.227.147.92,ipv4,malicious-ip,medium,WHITE,ziyadnz/hourly-ipv4,ziyadnz|hourly,2026-08-17T18:48:05Z,2026-08-17T18:48:05Z,
165.227.148.68,ipv4,malicious-ip,medium,WHITE,ziyadnz/hourly-ipv4,ziyadnz|hourly,2026-08-17T18:48:05Z,2026-08-17T18:48:05Z,
165.227.150.194,ipv4,malicious-ip,medium,WHITE,ziyadnz/hourly-ipv4,ziyadnz|hourly,2026-08-17T18:48:05Z,2026-08-17T18:48:05Z,
165.227.151.123,ipv4,malicious-ip,medium,WHITE,ziyadnz/hourly-ipv4,ziyadnz|hourly,2026-08-17T18:48:05Z,2026-08-17T18:48:05Z,
165.227.153.126,ipv4,malicious-ip,medium,WHITE,ziyadnz/hourly-ipv4,ziyadnz|hourly,2026-08-17T18:48:05Z,2026-08-17T18:48:05Z,
165.227.153.206,ipv4,malicious-ip,medium,WHITE,ziyadnz/hourly-ipv4,ziyadnz|hourly,2026-08-17T18:48:05Z,2026-08-17T18:48:05Z,
165.227.157.81,ipv4,malicious-ip,medium,WHITE,ziyadnz/hourly-ipv4,ziyadnz|hourly,2026-08-17T18:48:05Z,2026-08-17T18:48:05Z,
165.227.159.13,ipv4,malicious-ip,medium,WHITE,ziyadnz/hourly-ipv4,ziyadnz|hourly,2026-08-17T18:48:05Z,2026-08-17T18:48:05Z,
165.227.16.208,ipv4,malicious-ip,medium,WHITE,ziyadnz/hourly-ipv4,ziyadnz|hourly,2026-08-17T18:48:05Z,2026-08-17T18:48:05Z,
165.227.163.170,ipv4,malicious-ip,medium,WHITE,ziyadnz/hourly-ipv4,ziyadnz|hourly,2026-08-17T18:48:05Z,2026-08-17T18:48:05Z,
165.227.170.113,ipv4,malicious-ip,medium,WHITE,ziyadnz/hourly-ipv4,ziyadnz|hourly,2026-08-17T18:48:05Z,2026-08-17T18:48:05Z,
165.227.170.158,ipv4,malicious-ip,medium,WHITE,ziyadnz/hourly-ipv4,ziyadnz|hourly,2026-08-17T18:48:05Z,2026-08-17T18:48:05Z,
165.227.172.206,ipv4,malicious-ip,medium,WHITE,ziyadnz/hourly-ipv4,ziyadnz|hourly,2026-08-17T18:48:05Z,2026-08-17T18:48:05Z,
165.227.173.41,ipv4,malicious-ip,medium,WHITE,ziyadnz/hourly-ipv4,ziyadnz|hourly,2026-08-17T18:48:05Z,2026-08-17T18:48:05Z,
165.227.188.247,ipv4,malicious-ip,medium,WHITE,ziyadnz/hourly-ipv4,ziyadnz|hourly,2026-08-17T18:48:05Z,2026-08-17T18:48:05Z,
165.227.188.34,ipv4,malicious-ip,medium,WHITE,ziyadnz/hourly-ipv4,ziyadnz|hourly,2026-08-17T18:48:05Z,2026-08-17T18:48:05Z,
165.227.188.42,ipv4,malicious-ip,medium,WHITE,ziyadnz/hourly-ipv4,ziyadnz|hourly,2026-08-17T18:48:05Z,2026-08-17T18:48:05Z,
165.227.19.139,ipv4,malicious-ip,medium,WHITE,ziyadnz/hourly-ipv4,ziyadnz|hourly,2026-08-17T18:48:05Z,2026-08-17T18:48:05Z,
165.227.192.90,ipv4,malicious-ip,medium,WHITE,ziyadnz/hourly-ipv4,ziyadnz|hourly,2026-08-17T18:48:05Z,2026-08-17T18:48:05Z,
165.227.193.76,ipv4,malicious-ip,medium,WHITE,ziyadnz/hourly-ipv4,ziyadnz|hourly,2026-08-17T18:48:05Z,2026-08-17T18:48:05Z,
165.227.195.126,ipv4,malicious-ip,medium,WHITE,ziyadnz/hourly-ipv4,ziyadnz|hourly,2026-08-17T18:48:05Z,2026-08-17T18:48:05Z,
165.227.196.81,ipv4,malicious-ip,medium,WHITE,ziyadnz/hourly-ipv4,ziyadnz|hourly,2026-08-17T18:48:05Z,2026-08-17T18:48:05Z,
165.227.2.252,ipv4,malicious-ip,medium,WHITE,ziyadnz/hourly-ipv4,ziyadnz|hourly,2026-08-17T18:48:05Z,2026-08-17T18:48:05Z,
165.227.20.212,ipv4,malicious-ip,medium,WHITE,ziyadnz/hourly-ipv4,ziyadnz|hourly,2026-08-17T18:48:05Z,2026-08-17T18:48:05Z,
165.227.200.229,ipv4,malicious-ip,medium,WHITE,ziyadnz/hourly-ipv4,ziyadnz|hourly,2026-08-17T18:48:05Z,2026-08-17T18:48:05Z,
165.227.204.236,ipv4,malicious-ip,medium,WHITE,ziyadnz/hourly-ipv4,ziyadnz|hourly,2026-08-17T18:48:05Z,2026-08-17T18:48:05Z,
165.227.205.223,ipv4,malicious-ip,medium,WHITE,ziyadnz/hourly-ipv4,ziyadnz|hourly,2026-08-17T18:48:05Z,2026-08-17T18:48:05Z,
165.227.209.27,ipv4,malicious-ip,medium,WHITE,ziyadnz/hourly-ipv4,ziyadnz|hourly,2026-08-17T18:48:05Z,2026-08-17T18:48:05Z,
165.227.21.160,ipv4,malicious-ip,medium,WHITE,ziyadnz/hourly-ipv4,ziyadnz|hourly,2026-08-17T18:48:05Z,2026-08-17T18:48:05Z,
165.227.21.39,ipv4,malicious-ip,medium,WHITE,ziyadnz/hourly-ipv4,ziyadnz|hourly,2026-08-17T18:48:05Z,2026-08-17T18:48:05Z,
165.227.21.75,ipv4,malicious-ip,medium,WHITE,ziyadnz/hourly-ipv4,ziyadnz|hourly,2026-08-17T18:48:05Z,2026-08-17T18:48:05Z,
165.227.214.240,ipv4,malicious-ip,medium,WHITE,ziyadnz/hourly-ipv4,ziyadnz|hourly,2026-08-17T18:48:05Z,2026-08-17T18:48:05Z,
165.227.216.172,ipv4,malicious-ip,medium,WHITE,ziyadnz/hourly-ipv4,ziyadnz|hourly,2026-08-17T18:48:05Z,2026-08-17T18:48:05Z,
165.227.219.211,ipv4,malicious-ip,medium,WHITE,ziyadnz/hourly-ipv4,ziyadnz|hourly,2026-08-17T18:48:05Z,2026-08-17T18:48:05Z,
165.227.22.224,ipv4,malicious-ip,medium,WHITE,ziyadnz/hourly-ipv4,ziyadnz|hourly,2026-08-17T18:48:05Z,2026-08-17T18:48:05Z,
165.227.22.66,ipv4,malicious-ip,medium,WHITE,ziyadnz/hourly-ipv4,ziyadnz|hourly,2026-08-17T18:48:05Z,2026-08-17T18:48:05Z,
165.227.222.87,ipv4,malicious-ip,medium,WHITE,ziyadnz/hourly-ipv4,ziyadnz|hourly,2026-08-17T18:48:05Z,2026-08-17T18:48:05Z,
165.227.227.152,ipv4,malicious-ip,medium,WHITE,ziyadnz/hourly-ipv4,ziyadnz|hourly,2026-08-17T18:48:05Z,2026-08-17T18:48:05Z,
165.227.227.17,ipv4,malicious-ip,medium,WHITE,ziyadnz/hourly-ipv4,ziyadnz|hourly,2026-08-17T18:48:05Z,2026-08-17T18:48:05Z,
165.227.23.218,ipv4,malicious-ip,medium,WHITE,ziyadnz/hourly-ipv4,ziyadnz|hourly,2026-08-17T18:48:05Z,2026-08-17T18:48:05Z,
165.227.232.193,ipv4,malicious-ip,medium,WHITE,ziyadnz/hourly-ipv4,ziyadnz|hourly,2026-08-17T18:48:05Z,2026-08-17T18:48:05Z,
165.227.234.194,ipv4,malicious-ip,medium,WHITE,ziyadnz/hourly-ipv4,ziyadnz|hourly,2026-08-17T18:48:05Z,2026-08-17T18:48:05Z,
165.227.238.106,ipv4,malicious-ip,medium,WHITE,ziyadnz/hourly-ipv4,ziyadnz|hourly,2026-08-17T18:48:05Z,2026-08-17T18:48:05Z,
165.227.238.180,ipv4,malicious-ip,medium,WHITE,ziyadnz/hourly-ipv4,ziyadnz|hourly,2026-08-17T18:48:05Z,2026-08-17T18:48:05Z,
165.227.238.235,ipv4,malicious-ip,medium,WHITE,ziyadnz/hourly-ipv4,ziyadnz|hourly,2026-08-17T18:48:05Z,2026-08-17T18:48:05Z,
165.227.26.149,ipv4,malicious-ip,medium,WHITE,ziyadnz/hourly-ipv4,ziyadnz|hourly,2026-08-17T18:48:05Z,2026-08-17T18:48:05Z,
165.227.34.141,ipv4,malicious-ip,medium,WHITE,ziyadnz/hourly-ipv4,ziyadnz|hourly,2026-08-17T18:48:05Z,2026-08-17T18:48:05Z,
165.227.35.164,ipv4,malicious-ip,medium,WHITE,ziyadnz/hourly-ipv4,ziyadnz|hourly,2026-08-17T18:48:05Z,2026-08-17T18:48:05Z,
165.227.36.72,ipv4,malicious-ip,medium,WHITE,ziyadnz/hourly-ipv4,ziyadnz|hourly,2026-08-17T18:48:05Z,2026-08-17T18:48:05Z,
165.227.38.26,ipv4,malicious-ip,medium,WHITE,ziyadnz/hourly-ipv4,ziyadnz|hourly,2026-08-17T18:48:05Z,2026-08-17T18:48:05Z,
165.227.39.166,ipv4,malicious-ip,medium,WHITE,ziyadnz/hourly-ipv4,ziyadnz|hourly,2026-08-17T18:48:05Z,2026-08-17T18:48:05Z,
165.227.39.235,ipv4,malicious-ip,medium,WHITE,ziyadnz/hourly-ipv4,ziyadnz|hourly,2026-08-17T18:48:05Z,2026-08-17T18:48:05Z,
165.227.42.212,ipv4,malicious-ip,medium,WHITE,ziyadnz/hourly-ipv4,ziyadnz|hourly,2026-08-17T18:48:05Z,2026-08-17T18:48:05Z,
165.227.47.198,ipv4,malicious-ip,medium,WHITE,ziyadnz/hourly-ipv4,ziyadnz|hourly,2026-08-17T18:48:05Z,2026-08-17T18:48:05Z,
165.227.47.218,ipv4,malicious-ip,medium,WHITE,ziyadnz/hourly-ipv4,ziyadnz|hourly,2026-08-17T18:48:05Z,2026-08-17T18:48:05Z,
165.227.55.4,ipv4,malicious-ip,medium,WHITE,ziyadnz/hourly-ipv4,ziyadnz|hourly,2026-08-17T18:48:05Z,2026-08-17T18:48:05Z,
165.227.57.18,ipv4,malicious-ip,medium,WHITE,ziyadnz/hourly-ipv4,ziyadnz|hourly,2026-08-17T18:48:05Z,2026-08-17T18:48:05Z,
165.227.58.88,ipv4,malicious-ip,medium,WHITE,ziyadnz/hourly-ipv4,ziyadnz|hourly,2026-08-17T18:48:05Z,2026-08-17T18:48:05Z,
165.227.62.15,ipv4,malicious-ip,medium,WHITE,ziyadnz/hourly-ipv4,ziyadnz|hourly,2026-08-17T18:48:05Z,2026-08-17T18:48:05Z,
165.227.62.206,ipv4,malicious-ip,medium,WHITE,ziyadnz/hourly-ipv4,ziyadnz|hourly,2026-08-17T18:48:05Z,2026-08-17T18:48:05Z,
165.227.62.247,ipv4,malicious-ip,medium,WHITE,ziyadnz/hourly-ipv4,ziyadnz|hourly,2026-08-17T18:48:05Z,2026-08-17T18:48:05Z,
165.227.8.95,ipv4,malicious-ip,medium,WHITE,ziyadnz/hourly-ipv4,ziyadnz|hourly,2026-08-17T18:48:05Z,2026-08-17T18:48:05Z,
165.227.84.170,ipv4,malicious-ip,medium,WHITE,ziyadnz/hourly-ipv4,ziyadnz|hourly,2026-08-17T18:48:05Z,2026-08-17T18:48:05Z,
165.227.85.153,ipv4,malicious-ip,medium,WHITE,ziyadnz/hourly-ipv4,ziyadnz|hourly,2026-08-17T18:48:05Z,2026-08-17T18:48:05Z,
165.227.88.85,ipv4,malicious-ip,medium,WHITE,ziyadnz/hourly-ipv4,ziyadnz|hourly,2026-08-17T18:48:05Z,2026-08-17T18:48:05Z,
165.227.89.3,ipv4,malicious-ip,medium,WHITE,ziyadnz/hourly-ipv4,ziyadnz|hourly,2026-08-17T18:48:05Z,2026-08-17T18:48:05Z,
165.227.93.100,ipv4,malicious-ip,medium,WHITE,ziyadnz/hourly-ipv4,ziyadnz|hourly,2026-08-17T18:48:05Z,2026-08-17T18:48:05Z,
165.227.94.84,ipv4,malicious-ip,medium,WHITE,ziyadnz/hourly-ipv4,ziyadnz|hourly,2026-08-17T18:48:05Z,2026-08-17T18:48:05Z,
165.227.96.148,ipv4,malicious-ip,medium,WHITE,ziyadnz/hourly-ipv4,ziyadnz|hourly,2026-08-17T18:48:05Z,2026-08-17T18:48:05Z,
165.23.64.76,ipv4,malicious-ip,medium,WHITE,ziyadnz/hourly-ipv4,ziyadnz|hourly,2026-08-17T18:48:05Z,2026-08-17T18:48:05Z,
165.23.65.5,ipv4,malicious-ip,medium,WHITE,ziyadnz/hourly-ipv4,ziyadnz|hourly,2026-08-17T18:48:05Z,2026-08-17T18:48:05Z,
165.231.182.148,ipv4,malicious-ip,medium,WHITE,ziyadnz/hourly-ipv4,ziyadnz|hourly,2026-08-17T18:48:05Z,2026-08-17T18:48:05Z,
165.231.182.98,ipv4,malicious-ip,medium,WHITE,ziyadnz/hourly-ipv4,ziyadnz|hourly,2026-08-17T18:48:05Z,2026-08-17T18:48:05Z,
165.232.110.197,ipv4,malicious-ip,medium,WHITE,ziyadnz/hourly-ipv4,ziyadnz|hourly,2026-08-17T18:48:05Z,2026-08-17T18:48:05Z,
165.232.114.165,ipv4,malicious-ip,medium,WHITE,ziyadnz/hourly-ipv4,ziyadnz|hourly,2026-08-17T18:48:05Z,2026-08-17T18:48:05Z,
165.232.114.242,ipv4,malicious-ip,medium,WHITE,ziyadnz/hourly-ipv4,ziyadnz|hourly,2026-08-17T18:48:05Z,2026-08-17T18:48:05Z,
165.232.117.238,ipv4,malicious-ip,medium,WHITE,ziyadnz/hourly-ipv4,ziyadnz|hourly,2026-08-17T18:48:05Z,2026-08-17T18:48:05Z,
165.232.118.119,ipv4,malicious-ip,medium,WHITE,ziyadnz/hourly-ipv4,ziyadnz|hourly,2026-08-17T18:48:05Z,2026-08-17T18:48:05Z,
165.232.118.73,ipv4,malicious-ip,medium,WHITE,ziyadnz/hourly-ipv4,ziyadnz|hourly,2026-08-17T18:48:05Z,2026-08-17T18:48:05Z,
165.232.128.24,ipv4,malicious-ip,medium,WHITE,ziyadnz/hourly-ipv4,ziyadnz|hourly,2026-08-17T18:48:05Z,2026-08-17T18:48:05Z,
165.232.129.58,ipv4,malicious-ip,medium,WHITE,ziyadnz/hourly-ipv4,ziyadnz|hourly,2026-08-17T18:48:05Z,2026-08-17T18:48:05Z,
165.232.131.181,ipv4,malicious-ip,medium,WHITE,ziyadnz/hourly-ipv4,ziyadnz|hourly,2026-08-17T18:48:05Z,2026-08-17T18:48:05Z,
165.232.133.51,ipv4,malicious-ip,medium,WHITE,ziyadnz/hourly-ipv4,ziyadnz|hourly,2026-08-17T18:48:05Z,2026-08-17T18:48:05Z,
165.232.133.78,ipv4,malicious-ip,medium,WHITE,ziyadnz/hourly-ipv4,ziyadnz|hourly,2026-08-17T18:48:05Z,2026-08-17T18:48:05Z,
165.232.134.95,ipv4,malicious-ip,medium,WHITE,ziyadnz/hourly-ipv4,ziyadnz|hourly,2026-08-17T18:48:05Z,2026-08-17T18:48:05Z,
165.232.137.180,ipv4,malicious-ip,medium,WHITE,ziyadnz/hourly-ipv4,ziyadnz|hourly,2026-08-17T18:48:05Z,2026-08-17T18:48:05Z,
165.232.143.119,ipv4,malicious-ip,medium,WHITE,ziyadnz/hourly-ipv4,ziyadnz|hourly,2026-08-17T18:48:05Z,2026-08-17T18:48:05Z,
165.232.147.124,ipv4,malicious-ip,medium,WHITE,ziyadnz/hourly-ipv4,ziyadnz|hourly,2026-08-17T18:48:05Z,2026-08-17T18:48:05Z,
165.232.150.240,ipv4,malicious-ip,medium,WHITE,ziyadnz/hourly-ipv4,ziyadnz|hourly,2026-08-17T18:48:05Z,2026-08-17T18:48:05Z,
165.232.151.198,ipv4,malicious-ip,medium,WHITE,ziyadnz/hourly-ipv4,ziyadnz|hourly,2026-08-17T18:48:05Z,2026-08-17T18:48:05Z,
165.232.153.101,ipv4,malicious-ip,medium,WHITE,ziyadnz/hourly-ipv4,ziyadnz|hourly,2026-08-17T18:48:05Z,2026-08-17T18:48:05Z,
165.232.153.54,ipv4,malicious-ip,medium,WHITE,ziyadnz/hourly-ipv4,ziyadnz|hourly,2026-08-17T18:48:05Z,2026-08-17T18:48:05Z,
165.232.154.73,ipv4,malicious-ip,medium,WHITE,ziyadnz/hourly-ipv4,ziyadnz|hourly,2026-08-17T18:48:05Z,2026-08-17T18:48:05Z,
165.232.156.139,ipv4,malicious-ip,medium,WHITE,ziyadnz/hourly-ipv4,ziyadnz|hourly,2026-08-17T18:48:05Z,2026-08-17T18:48:05Z,
165.232.156.152,ipv4,malicious-ip,medium,WHITE,ziyadnz/hourly-ipv4,ziyadnz|hourly,2026-08-17T18:48:05Z,2026-08-17T18:48:05Z,
165.232.159.168,ipv4,malicious-ip,medium,WHITE,ziyadnz/hourly-ipv4,ziyadnz|hourly,2026-08-17T18:48:05Z,2026-08-17T18:48:05Z,
165.232.159.98,ipv4,malicious-ip,medium,WHITE,ziyadnz/hourly-ipv4,ziyadnz|hourly,2026-08-17T18:48:05Z,2026-08-17T18:48:05Z,
165.232.161.173,ipv4,malicious-ip,medium,WHITE,ziyadnz/hourly-ipv4,ziyadnz|hourly,2026-08-17T18:48:05Z,2026-08-17T18:48:05Z,
165.232.163.192,ipv4,malicious-ip,medium,WHITE,ziyadnz/hourly-ipv4,ziyadnz|hourly,2026-08-17T18:48:05Z,2026-08-17T18:48:05Z,
165.232.167.128,ipv4,malicious-ip,medium,WHITE,ziyadnz/hourly-ipv4,ziyadnz|hourly,2026-08-17T18:48:05Z,2026-08-17T18:48:05Z,
165.232.167.235,ipv4,malicious-ip,medium,WHITE,ziyadnz/hourly-ipv4,ziyadnz|hourly,2026-08-17T18:48:05Z,2026-08-17T18:48:05Z,
165.232.167.241,ipv4,malicious-ip,medium,WHITE,ziyadnz/hourly-ipv4,ziyadnz|hourly,2026-08-17T18:48:05Z,2026-08-17T18:48:05Z,
165.232.169.124,ipv4,malicious-ip,medium,WHITE,ziyadnz/hourly-ipv4,ziyadnz|hourly,2026-08-17T18:48:05Z,2026-08-17T18:48:05Z,
165.232.172.250,ipv4,malicious-ip,medium,WHITE,ziyadnz/hourly-ipv4,ziyadnz|hourly,2026-08-17T18:48:05Z,2026-08-17T18:48:05Z,
165.232.174.146,ipv4,malicious-ip,medium,WHITE,ziyadnz/hourly-ipv4,ziyadnz|hourly,2026-08-17T18:48:05Z,2026-08-17T18:48:05Z,
165.232.175.194,ipv4,malicious-ip,medium,WHITE,ziyadnz/hourly-ipv4,ziyadnz|hourly,2026-08-17T18:48:05Z,2026-08-17T18:48:05Z,
165.232.177.49,ipv4,malicious-ip,medium,WHITE,ziyadnz/hourly-ipv4,ziyadnz|hourly,2026-08-17T18:48:05Z,2026-08-17T18:48:05Z,
165.232.179.192,ipv4,malicious-ip,medium,WHITE,ziyadnz/hourly-ipv4,ziyadnz|hourly,2026-08-17T18:48:05Z,2026-08-17T18:48:05Z,
165.232.179.250,ipv4,malicious-ip,medium,WHITE,ziyadnz/hourly-ipv4,ziyadnz|hourly,2026-08-17T18:48:05Z,2026-08-17T18:48:05Z,
165.232.181.126,ipv4,malicious-ip,medium,WHITE,ziyadnz/hourly-ipv4,ziyadnz|hourly,2026-08-17T18:48:05Z,2026-08-17T18:48:05Z,
165.232.181.233,ipv4,malicious-ip,medium,WHITE,ziyadnz/hourly-ipv4,ziyadnz|hourly,2026-08-17T18:48:05Z,2026-08-17T18:48:05Z,
165.232.182.138,ipv4,malicious-ip,medium,WHITE,ziyadnz/hourly-ipv4,ziyadnz|hourly,2026-08-17T18:48:05Z,2026-08-17T18:48:05Z,
165.232.191.199,ipv4,malicious-ip,medium,WHITE,ziyadnz/hourly-ipv4,ziyadnz|hourly,2026-08-17T18:48:05Z,2026-08-17T18:48:05Z,
165.232.33.177,ipv4,malicious-ip,medium,WHITE,ziyadnz/hourly-ipv4,ziyadnz|hourly,2026-08-17T18:48:05Z,2026-08-17T18:48:05Z,
165.232.33.216,ipv4,malicious-ip,medium,WHITE,ziyadnz/hourly-ipv4,ziyadnz|hourly,2026-08-17T18:48:05Z,2026-08-17T18:48:05Z,
165.232.38.41,ipv4,malicious-ip,medium,WHITE,ziyadnz/hourly-ipv4,ziyadnz|hourly,2026-08-17T18:48:05Z,2026-08-17T18:48:05Z,
165.232.52.201,ipv4,malicious-ip,medium,WHITE,ziyadnz/hourly-ipv4,ziyadnz|hourly,2026-08-17T18:48:05Z,2026-08-17T18:48:05Z,
165.232.53.74,ipv4,malicious-ip,medium,WHITE,ziyadnz/hourly-ipv4,ziyadnz|hourly,2026-08-17T18:48:05Z,2026-08-17T18:48:05Z,
165.232.55.221,ipv4,malicious-ip,medium,WHITE,ziyadnz/hourly-ipv4,ziyadnz|hourly,2026-08-17T18:48:05Z,2026-08-17T18:48:05Z,
165.232.64.6,ipv4,malicious-ip,medium,WHITE,ziyadnz/hourly-ipv4,ziyadnz|hourly,2026-08-17T18:48:05Z,2026-08-17T18:48:05Z,
165.232.67.35,ipv4,malicious-ip,medium,WHITE,ziyadnz/hourly-ipv4,ziyadnz|hourly,2026-08-17T18:48:05Z,2026-08-17T18:48:05Z,
165.232.71.112,ipv4,malicious-ip,medium,WHITE,ziyadnz/hourly-ipv4,ziyadnz|hourly,2026-08-17T18:48:05Z,2026-08-17T18:48:05Z,
165.232.71.249,ipv4,malicious-ip,medium,WHITE,ziyadnz/hourly-ipv4,ziyadnz|hourly,2026-08-17T18:48:05Z,2026-08-17T18:48:05Z,
165.232.71.83,ipv4,malicious-ip,medium,WHITE,ziyadnz/hourly-ipv4,ziyadnz|hourly,2026-08-17T18:48:05Z,2026-08-17T18:48:05Z,
165.232.72.89,ipv4,malicious-ip,medium,WHITE,ziyadnz/hourly-ipv4,ziyadnz|hourly,2026-08-17T18:48:05Z,2026-08-17T18:48:05Z,
165.232.73.237,ipv4,malicious-ip,medium,WHITE,ziyadnz/hourly-ipv4,ziyadnz|hourly,2026-08-17T18:48:05Z,2026-08-17T18:48:05Z,
165.232.73.39,ipv4,malicious-ip,medium,WHITE,ziyadnz/hourly-ipv4,ziyadnz|hourly,2026-08-17T18:48:05Z,2026-08-17T18:48:05Z,
165.232.80.238,ipv4,malicious-ip,medium,WHITE,ziyadnz/hourly-ipv4,ziyadnz|hourly,2026-08-17T18:48:05Z,2026-08-17T18:48:05Z,
165.232.85.81,ipv4,malicious-ip,medium,WHITE,ziyadnz/hourly-ipv4,ziyadnz|hourly,2026-08-17T18:48:05Z,2026-08-17T18:48:05Z,
165.232.91.237,ipv4,malicious-ip,medium,WHITE,ziyadnz/hourly-ipv4,ziyadnz|hourly,2026-08-17T18:48:05Z,2026-08-17T18:48:05Z,
165.232.98.193,ipv4,malicious-ip,medium,WHITE,ziyadnz/hourly-ipv4,ziyadnz|hourly,2026-08-17T18:48:05Z,2026-08-17T18:48:05Z,
165.233.254.1,ipv4,malicious-ip,medium,WHITE,ziyadnz/hourly-ipv4,ziyadnz|hourly,2026-08-17T18:48:05Z,2026-08-17T18:48:05Z,
165.245.138.247,ipv4,malicious-ip,medium,WHITE,ziyadnz/hourly-ipv4,ziyadnz|hourly,2026-08-17T18:48:05Z,2026-08-17T18:48:05Z,
165.245.142.191,ipv4,malicious-ip,medium,WHITE,ziyadnz/hourly-ipv4,ziyadnz|hourly,2026-08-17T18:48:05Z,2026-08-17T18:48:05Z,
165.245.144.171,ipv4,malicious-ip,medium,WHITE,ziyadnz/hourly-ipv4,ziyadnz|hourly,2026-08-17T18:48:05Z,2026-08-17T18:48:05Z,
165.245.162.18,ipv4,malicious-ip,medium,WHITE,ziyadnz/hourly-ipv4,ziyadnz|hourly,2026-08-17T18:48:05Z,2026-08-17T18:48:05Z,
165.245.181.178,ipv4,malicious-ip,medium,WHITE,ziyadnz/hourly-ipv4,ziyadnz|hourly,2026-08-17T18:48:05Z,2026-08-17T18:48:05Z,
165.245.184.50,ipv4,malicious-ip,medium,WHITE,ziyadnz/hourly-ipv4,ziyadnz|hourly,2026-08-17T18:48:05Z,2026-08-17T18:48:05Z,
165.245.185.38,ipv4,malicious-ip,medium,WHITE,ziyadnz/hourly-ipv4,ziyadnz|hourly,2026-08-17T18:48:05Z,2026-08-17T18:48:05Z,
165.245.188.153,ipv4,malicious-ip,medium,WHITE,ziyadnz/hourly-ipv4,ziyadnz|hourly,2026-08-17T18:48:05Z,2026-08-17T18:48:05Z,
165.245.212.191,ipv4,malicious-ip,medium,WHITE,ziyadnz/hourly-ipv4,ziyadnz|hourly,2026-08-17T18:48:05Z,2026-08-17T18:48:05Z,
165.245.212.223,ipv4,malicious-ip,medium,WHITE,ziyadnz/hourly-ipv4,ziyadnz|hourly,2026-08-17T18:48:05Z,2026-08-17T18:48:05Z,
165.245.216.74,ipv4,malicious-ip,medium,WHITE,ziyadnz/hourly-ipv4,ziyadnz|hourly,2026-08-17T18:48:05Z,2026-08-17T18:48:05Z,
165.245.217.78,ipv4,malicious-ip,medium,WHITE,ziyadnz/hourly-ipv4,ziyadnz|hourly,2026-08-17T18:48:05Z,2026-08-17T18:48:05Z,
165.245.219.128,ipv4,malicious-ip,medium,WHITE,ziyadnz/hourly-ipv4,ziyadnz|hourly,2026-08-17T18:48:05Z,2026-08-17T18:48:05Z,
165.245.222.250,ipv4,malicious-ip,medium,WHITE,ziyadnz/hourly-ipv4,ziyadnz|hourly,2026-08-17T18:48:05Z,2026-08-17T18:48:05Z,
165.245.230.18,ipv4,malicious-ip,medium,WHITE,ziyadnz/hourly-ipv4,ziyadnz|hourly,2026-08-17T18:48:05Z,2026-08-17T18:48:05Z,
165.245.236.185,ipv4,malicious-ip,medium,WHITE,ziyadnz/hourly-ipv4,ziyadnz|hourly,2026-08-17T18:48:05Z,2026-08-17T18:48:05Z,
165.245.249.180,ipv4,malicious-ip,medium,WHITE,ziyadnz/hourly-ipv4,ziyadnz|hourly,2026-08-17T18:48:05Z,2026-08-17T18:48:05Z,
165.245.250.228,ipv4,malicious-ip,medium,WHITE,ziyadnz/hourly-ipv4,ziyadnz|hourly,2026-08-17T18:48:05Z,2026-08-17T18:48:05Z,
165.245.253.121,ipv4,malicious-ip,medium,WHITE,ziyadnz/hourly-ipv4,ziyadnz|hourly,2026-08-17T18:48:05Z,2026-08-17T18:48:05Z,
165.255.13.83,ipv4,malicious-ip,medium,WHITE,ziyadnz/hourly-ipv4,ziyadnz|hourly,2026-08-17T18:48:05Z,2026-08-17T18:48:05Z,
165.49.21.23,ipv4,malicious-ip,medium,WHITE,ziyadnz/hourly-ipv4,ziyadnz|hourly,2026-08-17T18:48:05Z,2026-08-17T18:48:05Z,
165.50.111.136,ipv4,malicious-ip,medium,WHITE,ziyadnz/hourly-ipv4,ziyadnz|hourly,2026-08-17T18:48:05Z,2026-08-17T18:48:05Z,
165.50.2.188,ipv4,malicious-ip,medium,WHITE,ziyadnz/hourly-ipv4,ziyadnz|hourly,2026-08-17T18:48:05Z,2026-08-17T18:48:05Z,
165.50.55.29,ipv4,malicious-ip,medium,WHITE,ziyadnz/hourly-ipv4,ziyadnz|hourly,2026-08-17T18:48:05Z,2026-08-17T18:48:05Z,
165.51.179.120,ipv4,malicious-ip,medium,WHITE,ziyadnz/hourly-ipv4,ziyadnz|hourly,2026-08-17T18:48:05Z,2026-08-17T18:48:05Z,
165.56.14.41,ipv4,malicious-ip,medium,WHITE,ziyadnz/hourly-ipv4,ziyadnz|hourly,2026-08-17T18:48:05Z,2026-08-17T18:48:05Z,
165.56.9.114,ipv4,malicious-ip,medium,WHITE,ziyadnz/hourly-ipv4,ziyadnz|hourly,2026-08-17T18:48:05Z,2026-08-17T18:48:05Z,
165.73.137.0,ipv4,malicious-ip,medium,WHITE,ziyadnz/hourly-ipv4,ziyadnz|hourly,2026-08-17T18:48:05Z,2026-08-17T18:48:05Z,
165.73.137.116,ipv4,malicious-ip,medium,WHITE,ziyadnz/hourly-ipv4,ziyadnz|hourly,2026-08-17T18:48:05Z,2026-08-17T18:48:05Z,
165.73.137.134,ipv4,malicious-ip,medium,WHITE,ziyadnz/hourly-ipv4,ziyadnz|hourly,2026-08-17T18:48:05Z,2026-08-17T18:48:05Z,
165.73.137.207,ipv4,malicious-ip,medium,WHITE,ziyadnz/hourly-ipv4,ziyadnz|hourly,2026-08-17T18:48:05Z,2026-08-17T18:48:05Z,
165.73.137.208,ipv4,malicious-ip,medium,WHITE,ziyadnz/hourly-ipv4,ziyadnz|hourly,2026-08-17T18:48:05Z,2026-08-17T18:48:05Z,
165.73.137.21,ipv4,malicious-ip,medium,WHITE,ziyadnz/hourly-ipv4,ziyadnz|hourly,2026-08-17T18:48:05Z,2026-08-17T18:48:05Z,
165.73.137.213,ipv4,malicious-ip,medium,WHITE,ziyadnz/hourly-ipv4,ziyadnz|hourly,2026-08-17T18:48:05Z,2026-08-17T18:48:05Z,
165.73.137.60,ipv4,malicious-ip,medium,WHITE,ziyadnz/hourly-ipv4,ziyadnz|hourly,2026-08-17T18:48:05Z,2026-08-17T18:48:05Z,
165.73.137.83,ipv4,malicious-ip,medium,WHITE,ziyadnz/hourly-ipv4,ziyadnz|hourly,2026-08-17T18:48:05Z,2026-08-17T18:48:05Z,
165.73.138.0,ipv4,malicious-ip,medium,WHITE,ziyadnz/hourly-ipv4,ziyadnz|hourly,2026-08-17T18:48:05Z,2026-08-17T18:48:05Z,
165.73.138.122,ipv4,malicious-ip,medium,WHITE,ziyadnz/hourly-ipv4,ziyadnz|hourly,2026-08-17T18:48:05Z,2026-08-17T18:48:05Z,
165.73.138.147,ipv4,malicious-ip,medium,WHITE,ziyadnz/hourly-ipv4,ziyadnz|hourly,2026-08-17T18:48:05Z,2026-08-17T18:48:05Z,
165.73.138.152,ipv4,malicious-ip,medium,WHITE,ziyadnz/hourly-ipv4,ziyadnz|hourly,2026-08-17T18:48:05Z,2026-08-17T18:48:05Z,
165.73.138.27,ipv4,malicious-ip,medium,WHITE,ziyadnz/hourly-ipv4,ziyadnz|hourly,2026-08-17T18:48:05Z,2026-08-17T18:48:05Z,
165.73.139.160,ipv4,malicious-ip,medium,WHITE,ziyadnz/hourly-ipv4,ziyadnz|hourly,2026-08-17T18:48:05Z,2026-08-17T18:48:05Z,
165.73.139.65,ipv4,malicious-ip,medium,WHITE,ziyadnz/hourly-ipv4,ziyadnz|hourly,2026-08-17T18:48:05Z,2026-08-17T18:48:05Z,
165.73.163.180,ipv4,malicious-ip,medium,WHITE,ziyadnz/hourly-ipv4,ziyadnz|hourly,2026-08-17T18:48:05Z,2026-08-17T18:48:05Z,
165.73.163.238,ipv4,malicious-ip,medium,WHITE,ziyadnz/hourly-ipv4,ziyadnz|hourly,2026-08-17T18:48:05Z,2026-08-17T18:48:05Z,
165.73.180.61,ipv4,malicious-ip,medium,WHITE,ziyadnz/hourly-ipv4,ziyadnz|hourly,2026-08-17T18:48:05Z,2026-08-17T18:48:05Z,
165.73.182.193,ipv4,malicious-ip,medium,WHITE,ziyadnz/hourly-ipv4,ziyadnz|hourly,2026-08-17T18:48:05Z,2026-08-17T18:48:05Z,
165.73.182.49,ipv4,malicious-ip,medium,WHITE,ziyadnz/hourly-ipv4,ziyadnz|hourly,2026-08-17T18:48:05Z,2026-08-17T18:48:05Z,
165.73.182.87,ipv4,malicious-ip,medium,WHITE,ziyadnz/hourly-ipv4,ziyadnz|hourly,2026-08-17T18:48:05Z,2026-08-17T18:48:05Z,
165.73.183.103,ipv4,malicious-ip,medium,WHITE,ziyadnz/hourly-ipv4,ziyadnz|hourly,2026-08-17T18:48:05Z,2026-08-17T18:48:05Z,
165.73.183.35,ipv4,malicious-ip,medium,WHITE,ziyadnz/hourly-ipv4,ziyadnz|hourly,2026-08-17T18:48:05Z,2026-08-17T18:48:05Z,
165.73.201.216,ipv4,malicious-ip,medium,WHITE,ziyadnz/hourly-ipv4,ziyadnz|hourly,2026-08-17T18:48:05Z,2026-08-17T18:48:05Z,
165.73.242.163,ipv4,malicious-ip,medium,WHITE,ziyadnz/hourly-ipv4,ziyadnz|hourly,2026-08-17T18:48:05Z,2026-08-17T18:48:05Z,
165.73.28.200,ipv4,malicious-ip,medium,WHITE,ziyadnz/hourly-ipv4,ziyadnz|hourly,2026-08-17T18:48:05Z,2026-08-17T18:48:05Z,
165.98.12.67,ipv4,malicious-ip,medium,WHITE,ziyadnz/hourly-ipv4,ziyadnz|hourly,2026-08-17T18:48:05Z,2026-08-17T18:48:05Z,
165.98.134.62,ipv4,malicious-ip,medium,WHITE,ziyadnz/hourly-ipv4,ziyadnz|hourly,2026-08-17T18:48:05Z,2026-08-17T18:48:05Z,
165.99.114.146,ipv4,malicious-ip,medium,WHITE,ziyadnz/hourly-ipv4,ziyadnz|hourly,2026-08-17T18:48:05Z,2026-08-17T18:48:05Z,
165.99.136.18,ipv4,malicious-ip,medium,WHITE,ziyadnz/hourly-ipv4,ziyadnz|hourly,2026-08-17T18:48:05Z,2026-08-17T18:48:05Z,
165.99.151.255,ipv4,malicious-ip,medium,WHITE,ziyadnz/hourly-ipv4,ziyadnz|hourly,2026-08-17T18:48:05Z,2026-08-17T18:48:05Z,
165.99.16.135,ipv4,malicious-ip,medium,WHITE,ziyadnz/hourly-ipv4,ziyadnz|hourly,2026-08-17T18:48:05Z,2026-08-17T18:48:05Z,
165.99.250.210,ipv4,malicious-ip,medium,WHITE,ziyadnz/hourly-ipv4,ziyadnz|hourly,2026-08-17T18:48:05Z,2026-08-17T18:48:05Z,
165.99.41.145,ipv4,malicious-ip,medium,WHITE,ziyadnz/hourly-ipv4,ziyadnz|hourly,2026-08-17T18:48:05Z,2026-08-17T18:48:05Z,
165.99.41.156,ipv4,malicious-ip,medium,WHITE,ziyadnz/hourly-ipv4,ziyadnz|hourly,2026-08-17T18:48:05Z,2026-08-17T18:48:05Z,
165.99.42.47,ipv4,malicious-ip,medium,WHITE,ziyadnz/hourly-ipv4,ziyadnz|hourly,2026-08-17T18:48:05Z,2026-08-17T18:48:05Z,
165.99.63.35,ipv4,malicious-ip,medium,WHITE,ziyadnz/hourly-ipv4,ziyadnz|hourly,2026-08-17T18:48:05Z,2026-08-17T18:48:05Z,
165.99.99.41,ipv4,malicious-ip,medium,WHITE,ziyadnz/hourly-ipv4,ziyadnz|hourly,2026-08-17T18:48:05Z,2026-08-17T18:48:05Z,
166.0.132.237,ipv4,malicious-ip,medium,WHITE,ziyadnz/hourly-ipv4,ziyadnz|hourly,2026-08-17T18:48:05Z,2026-08-17T18:48:05Z,
166.0.184.127,ipv4,malicious-ip,medium,WHITE,ziyadnz/hourly-ipv4,ziyadnz|hourly,2026-08-17T18:48:05Z,2026-08-17T18:48:05Z,
166.0.192.89,ipv4,malicious-ip,medium,WHITE,ziyadnz/hourly-ipv4,ziyadnz|hourly,2026-08-17T18:48:05Z,2026-08-17T18:48:05Z,
166.0.94.216,ipv4,malicious-ip,medium,WHITE,ziyadnz/hourly-ipv4,ziyadnz|hourly,2026-08-17T18:48:05Z,2026-08-17T18:48:05Z,
166.1.144.134,ipv4,malicious-ip,medium,WHITE,ziyadnz/hourly-ipv4,ziyadnz|hourly,2026-08-17T18:48:05Z,2026-08-17T18:48:05Z,
166.1.160.24,ipv4,malicious-ip,medium,WHITE,ziyadnz/hourly-ipv4,ziyadnz|hourly,2026-08-17T18:48:05Z,2026-08-17T18:48:05Z,
166.1.160.69,ipv4,malicious-ip,medium,WHITE,ziyadnz/hourly-ipv4,ziyadnz|hourly,2026-08-17T18:48:05Z,2026-08-17T18:48:05Z,
166.1.221.219,ipv4,malicious-ip,medium,WHITE,ziyadnz/hourly-ipv4,ziyadnz|hourly,2026-08-17T18:48:05Z,2026-08-17T18:48:05Z,
166.1.255.233,ipv4,malicious-ip,medium,WHITE,ziyadnz/hourly-ipv4,ziyadnz|hourly,2026-08-17T18:48:05Z,2026-08-17T18:48:05Z,
166.1.60.230,ipv4,malicious-ip,medium,WHITE,ziyadnz/hourly-ipv4,ziyadnz|hourly,2026-08-17T18:48:05Z,2026-08-17T18:48:05Z,
166.108.233.84,ipv4,malicious-ip,medium,WHITE,ziyadnz/hourly-ipv4,ziyadnz|hourly,2026-08-17T18:48:05Z,2026-08-17T18:48:05Z,
166.113.33.131,ipv4,malicious-ip,medium,WHITE,ziyadnz/hourly-ipv4,ziyadnz|hourly,2026-08-17T18:48:05Z,2026-08-17T18:48:05Z,
166.114.133.131,ipv4,malicious-ip,medium,WHITE,ziyadnz/hourly-ipv4,ziyadnz|hourly,2026-08-17T18:48:05Z,2026-08-17T18:48:05Z,
166.114.133.37,ipv4,malicious-ip,medium,WHITE,ziyadnz/hourly-ipv4,ziyadnz|hourly,2026-08-17T18:48:05Z,2026-08-17T18:48:05Z,
166.114.135.134,ipv4,malicious-ip,medium,WHITE,ziyadnz/hourly-ipv4,ziyadnz|hourly,2026-08-17T18:48:05Z,2026-08-17T18:48:05Z,
166.114.138.78,ipv4,malicious-ip,medium,WHITE,ziyadnz/hourly-ipv4,ziyadnz|hourly,2026-08-17T18:48:05Z,2026-08-17T18:48:05Z,
166.114.139.75,ipv4,malicious-ip,medium,WHITE,ziyadnz/hourly-ipv4,ziyadnz|hourly,2026-08-17T18:48:05Z,2026-08-17T18:48:05Z,
166.114.163.78,ipv4,malicious-ip,medium,WHITE,ziyadnz/hourly-ipv4,ziyadnz|hourly,2026-08-17T18:48:05Z,2026-08-17T18:48:05Z,
166.139.150.2,ipv4,malicious-ip,medium,WHITE,ziyadnz/hourly-ipv4,ziyadnz|hourly,2026-08-17T18:48:05Z,2026-08-17T18:48:05Z,
166.142.197.35,ipv4,malicious-ip,medium,WHITE,ziyadnz/hourly-ipv4,ziyadnz|hourly,2026-08-17T18:48:05Z,2026-08-17T18:48:05Z,
166.149.16.62,ipv4,malicious-ip,medium,WHITE,ziyadnz/hourly-ipv4,ziyadnz|hourly,2026-08-17T18:48:05Z,2026-08-17T18:48:05Z,
166.156.11.17,ipv4,malicious-ip,medium,WHITE,ziyadnz/hourly-ipv4,ziyadnz|hourly,2026-08-17T18:48:05Z,2026-08-17T18:48:05Z,
166.186.196.251,ipv4,malicious-ip,medium,WHITE,ziyadnz/hourly-ipv4,ziyadnz|hourly,2026-08-17T18:48:05Z,2026-08-17T18:48:05Z,
166.205.190.23,ipv4,malicious-ip,medium,WHITE,ziyadnz/hourly-ipv4,ziyadnz|hourly,2026-08-17T18:48:05Z,2026-08-17T18:48:05Z,
166.239.184.117,ipv4,malicious-ip,medium,WHITE,ziyadnz/hourly-ipv4,ziyadnz|hourly,2026-08-17T18:48:05Z,2026-08-17T18:48:05Z,
166.248.3.175,ipv4,malicious-ip,medium,WHITE,ziyadnz/hourly-ipv4,ziyadnz|hourly,2026-08-17T18:48:05Z,2026-08-17T18:48:05Z,
166.48.224.81,ipv4,malicious-ip,medium,WHITE,ziyadnz/hourly-ipv4,ziyadnz|hourly,2026-08-17T18:48:05Z,2026-08-17T18:48:05Z,
166.62.102.109,ipv4,malicious-ip,medium,WHITE,ziyadnz/hourly-ipv4,ziyadnz|hourly,2026-08-17T18:48:05Z,2026-08-17T18:48:05Z,
166.62.30.147,ipv4,malicious-ip,medium,WHITE,ziyadnz/hourly-ipv4,ziyadnz|hourly,2026-08-17T18:48:05Z,2026-08-17T18:48:05Z,
166.62.35.226,ipv4,malicious-ip,medium,WHITE,ziyadnz/hourly-ipv4,ziyadnz|hourly,2026-08-17T18:48:05Z,2026-08-17T18:48:05Z,
166.62.41.26,ipv4,malicious-ip,medium,WHITE,ziyadnz/hourly-ipv4,ziyadnz|hourly,2026-08-17T18:48:05Z,2026-08-17T18:48:05Z,
166.62.41.96,ipv4,malicious-ip,medium,WHITE,ziyadnz/hourly-ipv4,ziyadnz|hourly,2026-08-17T18:48:05Z,2026-08-17T18:48:05Z,
166.62.42.127,ipv4,malicious-ip,medium,WHITE,ziyadnz/hourly-ipv4,ziyadnz|hourly,2026-08-17T18:48:05Z,2026-08-17T18:48:05Z,
166.62.44.37,ipv4,malicious-ip,medium,WHITE,ziyadnz/hourly-ipv4,ziyadnz|hourly,2026-08-17T18:48:05Z,2026-08-17T18:48:05Z,
166.62.80.68,ipv4,malicious-ip,medium,WHITE,ziyadnz/hourly-ipv4,ziyadnz|hourly,2026-08-17T18:48:05Z,2026-08-17T18:48:05Z,
166.62.89.133,ipv4,malicious-ip,medium,WHITE,ziyadnz/hourly-ipv4,ziyadnz|hourly,2026-08-17T18:48:05Z,2026-08-17T18:48:05Z,
166.70.207.2,ipv4,malicious-ip,medium,WHITE,ziyadnz/hourly-ipv4,ziyadnz|hourly,2026-08-17T18:48:05Z,2026-08-17T18:48:05Z,
166.88.11.10,ipv4,malicious-ip,medium,WHITE,ziyadnz/hourly-ipv4,ziyadnz|hourly,2026-08-17T18:48:05Z,2026-08-17T18:48:05Z,
166.88.134.62,ipv4,malicious-ip,medium,WHITE,ziyadnz/hourly-ipv4,ziyadnz|hourly,2026-08-17T18:48:05Z,2026-08-17T18:48:05Z,
166.88.142.157,ipv4,malicious-ip,medium,WHITE,ziyadnz/hourly-ipv4,ziyadnz|hourly,2026-08-17T18:48:05Z,2026-08-17T18:48:05Z,
166.88.164.249,ipv4,malicious-ip,medium,WHITE,ziyadnz/hourly-ipv4,ziyadnz|hourly,2026-08-17T18:48:05Z,2026-08-17T18:48:05Z,
166.88.197.178,ipv4,malicious-ip,medium,WHITE,ziyadnz/hourly-ipv4,ziyadnz|hourly,2026-08-17T18:48:05Z,2026-08-17T18:48:05Z,
166.88.2.90,ipv4,malicious-ip,medium,WHITE,ziyadnz/hourly-ipv4,ziyadnz|hourly,2026-08-17T18:48:05Z,2026-08-17T18:48:05Z,
166.88.225.219,ipv4,malicious-ip,medium,WHITE,ziyadnz/hourly-ipv4,ziyadnz|hourly,2026-08-17T18:48:05Z,2026-08-17T18:48:05Z,
166.88.225.255,ipv4,malicious-ip,medium,WHITE,ziyadnz/hourly-ipv4,ziyadnz|hourly,2026-08-17T18:48:05Z,2026-08-17T18:48:05Z,
166.88.231.5,ipv4,malicious-ip,medium,WHITE,ziyadnz/hourly-ipv4,ziyadnz|hourly,2026-08-17T18:48:05Z,2026-08-17T18:48:05Z,
166.88.4.2,ipv4,malicious-ip,medium,WHITE,ziyadnz/hourly-ipv4,ziyadnz|hourly,2026-08-17T18:48:05Z,2026-08-17T18:48:05Z,
166.88.61.35,ipv4,malicious-ip,medium,WHITE,ziyadnz/hourly-ipv4,ziyadnz|hourly,2026-08-17T18:48:05Z,2026-08-17T18:48:05Z,
166.88.77.186,ipv4,malicious-ip,medium,WHITE,ziyadnz/hourly-ipv4,ziyadnz|hourly,2026-08-17T18:48:05Z,2026-08-17T18:48:05Z,
167.0.223.197,ipv4,malicious-ip,medium,WHITE,ziyadnz/hourly-ipv4,ziyadnz|hourly,2026-08-17T18:48:05Z,2026-08-17T18:48:05Z,
167.0.92.20,ipv4,malicious-ip,medium,WHITE,ziyadnz/hourly-ipv4,ziyadnz|hourly,2026-08-17T18:48:05Z,2026-08-17T18:48:05Z,
167.100.152.47,ipv4,malicious-ip,medium,WHITE,ziyadnz/hourly-ipv4,ziyadnz|hourly,2026-08-17T18:48:05Z,2026-08-17T18:48:05Z,
167.100.46.242,ipv4,malicious-ip,medium,WHITE,ziyadnz/hourly-ipv4,ziyadnz|hourly,2026-08-17T18:48:05Z,2026-08-17T18:48:05Z,
167.114.115.77,ipv4,malicious-ip,medium,WHITE,ziyadnz/hourly-ipv4,ziyadnz|hourly,2026-08-17T18:48:05Z,2026-08-17T18:48:05Z,
167.114.139.0,ipv4,malicious-ip,medium,WHITE,ziyadnz/hourly-ipv4,ziyadnz|hourly,2026-08-17T18:48:05Z,2026-08-17T18:48:05Z,
167.114.139.1,ipv4,malicious-ip,medium,WHITE,ziyadnz/hourly-ipv4,ziyadnz|hourly,2026-08-17T18:48:05Z,2026-08-17T18:48:05Z,
167.114.139.109,ipv4,malicious-ip,medium,WHITE,ziyadnz/hourly-ipv4,ziyadnz|hourly,2026-08-17T18:48:05Z,2026-08-17T18:48:05Z,
167.114.139.115,ipv4,malicious-ip,medium,WHITE,ziyadnz/hourly-ipv4,ziyadnz|hourly,2026-08-17T18:48:05Z,2026-08-17T18:48:05Z,
167.114.139.117,ipv4,malicious-ip,medium,WHITE,ziyadnz/hourly-ipv4,ziyadnz|hourly,2026-08-17T18:48:05Z,2026-08-17T18:48:05Z,
167.114.139.124,ipv4,malicious-ip,medium,WHITE,ziyadnz/hourly-ipv4,ziyadnz|hourly,2026-08-17T18:48:05Z,2026-08-17T18:48:05Z,
167.114.139.125,ipv4,malicious-ip,medium,WHITE,ziyadnz/hourly-ipv4,ziyadnz|hourly,2026-08-17T18:48:05Z,2026-08-17T18:48:05Z,
167.114.139.144,ipv4,malicious-ip,medium,WHITE,ziyadnz/hourly-ipv4,ziyadnz|hourly,2026-08-17T18:48:05Z,2026-08-17T18:48:05Z,
167.114.139.147,ipv4,malicious-ip,medium,WHITE,ziyadnz/hourly-ipv4,ziyadnz|hourly,2026-08-17T18:48:05Z,2026-08-17T18:48:05Z,
167.114.139.150,ipv4,malicious-ip,medium,WHITE,ziyadnz/hourly-ipv4,ziyadnz|hourly,2026-08-17T18:48:05Z,2026-08-17T18:48:05Z,
167.114.139.155,ipv4,malicious-ip,medium,WHITE,ziyadnz/hourly-ipv4,ziyadnz|hourly,2026-08-17T18:48:05Z,2026-08-17T18:48:05Z,
167.114.139.158,ipv4,malicious-ip,medium,WHITE,ziyadnz/hourly-ipv4,ziyadnz|hourly,2026-08-17T18:48:05Z,2026-08-17T18:48:05Z,
167.114.139.16,ipv4,malicious-ip,medium,WHITE,ziyadnz/hourly-ipv4,ziyadnz|hourly,2026-08-17T18:48:05Z,2026-08-17T18:48:05Z,
167.114.139.163,ipv4,malicious-ip,medium,WHITE,ziyadnz/hourly-ipv4,ziyadnz|hourly,2026-08-17T18:48:05Z,2026-08-17T18:48:05Z,
167.114.139.186,ipv4,malicious-ip,medium,WHITE,ziyadnz/hourly-ipv4,ziyadnz|hourly,2026-08-17T18:48:05Z,2026-08-17T18:48:05Z,
167.114.139.188,ipv4,malicious-ip,medium,WHITE,ziyadnz/hourly-ipv4,ziyadnz|hourly,2026-08-17T18:48:05Z,2026-08-17T18:48:05Z,
167.114.139.19,ipv4,malicious-ip,medium,WHITE,ziyadnz/hourly-ipv4,ziyadnz|hourly,2026-08-17T18:48:05Z,2026-08-17T18:48:05Z,
167.114.139.195,ipv4,malicious-ip,medium,WHITE,ziyadnz/hourly-ipv4,ziyadnz|hourly,2026-08-17T18:48:05Z,2026-08-17T18:48:05Z,
167.114.139.197,ipv4,malicious-ip,medium,WHITE,ziyadnz/hourly-ipv4,ziyadnz|hourly,2026-08-17T18:48:05Z,2026-08-17T18:48:05Z,
167.114.139.2,ipv4,malicious-ip,medium,WHITE,ziyadnz/hourly-ipv4,ziyadnz|hourly,2026-08-17T18:48:05Z,2026-08-17T18:48:05Z,
167.114.139.200,ipv4,malicious-ip,medium,WHITE,ziyadnz/hourly-ipv4,ziyadnz|hourly,2026-08-17T18:48:05Z,2026-08-17T18:48:05Z,
167.114.139.201,ipv4,malicious-ip,medium,WHITE,ziyadnz/hourly-ipv4,ziyadnz|hourly,2026-08-17T18:48:05Z,2026-08-17T18:48:05Z,
167.114.139.202,ipv4,malicious-ip,medium,WHITE,ziyadnz/hourly-ipv4,ziyadnz|hourly,2026-08-17T18:48:05Z,2026-08-17T18:48:05Z,
167.114.139.204,ipv4,malicious-ip,medium,WHITE,ziyadnz/hourly-ipv4,ziyadnz|hourly,2026-08-17T18:48:05Z,2026-08-17T18:48:05Z,
167.114.139.206,ipv4,malicious-ip,medium,WHITE,ziyadnz/hourly-ipv4,ziyadnz|hourly,2026-08-17T18:48:05Z,2026-08-17T18:48:05Z,
167.114.139.21,ipv4,malicious-ip,medium,WHITE,ziyadnz/hourly-ipv4,ziyadnz|hourly,2026-08-17T18:48:05Z,2026-08-17T18:48:05Z,
167.114.139.213,ipv4,malicious-ip,medium,WHITE,ziyadnz/hourly-ipv4,ziyadnz|hourly,2026-08-17T18:48:05Z,2026-08-17T18:48:05Z,
167.114.139.215,ipv4,malicious-ip,medium,WHITE,ziyadnz/hourly-ipv4,ziyadnz|hourly,2026-08-17T18:48:05Z,2026-08-17T18:48:05Z,
167.114.139.220,ipv4,malicious-ip,medium,WHITE,ziyadnz/hourly-ipv4,ziyadnz|hourly,2026-08-17T18:48:05Z,2026-08-17T18:48:05Z,
167.114.139.245,ipv4,malicious-ip,medium,WHITE,ziyadnz/hourly-ipv4,ziyadnz|hourly,2026-08-17T18:48:05Z,2026-08-17T18:48:05Z,
167.114.139.249,ipv4,malicious-ip,medium,WHITE,ziyadnz/hourly-ipv4,ziyadnz|hourly,2026-08-17T18:48:05Z,2026-08-17T18:48:05Z,
167.114.139.28,ipv4,malicious-ip,medium,WHITE,ziyadnz/hourly-ipv4,ziyadnz|hourly,2026-08-17T18:48:05Z,2026-08-17T18:48:05Z,
167.114.139.3,ipv4,malicious-ip,medium,WHITE,ziyadnz/hourly-ipv4,ziyadnz|hourly,2026-08-17T18:48:05Z,2026-08-17T18:48:05Z,
167.114.139.30,ipv4,malicious-ip,medium,WHITE,ziyadnz/hourly-ipv4,ziyadnz|hourly,2026-08-17T18:48:05Z,2026-08-17T18:48:05Z,
167.114.139.47,ipv4,malicious-ip,medium,WHITE,ziyadnz/hourly-ipv4,ziyadnz|hourly,2026-08-17T18:48:05Z,2026-08-17T18:48:05Z,
167.114.139.49,ipv4,malicious-ip,medium,WHITE,ziyadnz/hourly-ipv4,ziyadnz|hourly,2026-08-17T18:48:05Z,2026-08-17T18:48:05Z,
167.114.139.5,ipv4,malicious-ip,medium,WHITE,ziyadnz/hourly-ipv4,ziyadnz|hourly,2026-08-17T18:48:05Z,2026-08-17T18:48:05Z,
167.114.139.53,ipv4,malicious-ip,medium,WHITE,ziyadnz/hourly-ipv4,ziyadnz|hourly,2026-08-17T18:48:05Z,2026-08-17T18:48:05Z,
167.114.139.54,ipv4,malicious-ip,medium,WHITE,ziyadnz/hourly-ipv4,ziyadnz|hourly,2026-08-17T18:48:05Z,2026-08-17T18:48:05Z,
167.114.139.61,ipv4,malicious-ip,medium,WHITE,ziyadnz/hourly-ipv4,ziyadnz|hourly,2026-08-17T18:48:05Z,2026-08-17T18:48:05Z,
167.114.139.66,ipv4,malicious-ip,medium,WHITE,ziyadnz/hourly-ipv4,ziyadnz|hourly,2026-08-17T18:48:05Z,2026-08-17T18:48:05Z,
167.114.139.84,ipv4,malicious-ip,medium,WHITE,ziyadnz/hourly-ipv4,ziyadnz|hourly,2026-08-17T18:48:05Z,2026-08-17T18:48:05Z,
167.114.139.86,ipv4,malicious-ip,medium,WHITE,ziyadnz/hourly-ipv4,ziyadnz|hourly,2026-08-17T18:48:05Z,2026-08-17T18:48:05Z,
167.114.139.90,ipv4,malicious-ip,medium,WHITE,ziyadnz/hourly-ipv4,ziyadnz|hourly,2026-08-17T18:48:05Z,2026-08-17T18:48:05Z,
167.114.139.93,ipv4,malicious-ip,medium,WHITE,ziyadnz/hourly-ipv4,ziyadnz|hourly,2026-08-17T18:48:05Z,2026-08-17T18:48:05Z,
167.114.139.99,ipv4,malicious-ip,medium,WHITE,ziyadnz/hourly-ipv4,ziyadnz|hourly,2026-08-17T18:48:05Z,2026-08-17T18:48:05Z,
167.114.191.237,ipv4,malicious-ip,medium,WHITE,ziyadnz/hourly-ipv4,ziyadnz|hourly,2026-08-17T18:48:05Z,2026-08-17T18:48:05Z,
167.114.199.65,ipv4,malicious-ip,medium,WHITE,ziyadnz/hourly-ipv4,ziyadnz|hourly,2026-08-17T18:48:05Z,2026-08-17T18:48:05Z,
167.114.96.241,ipv4,malicious-ip,medium,WHITE,ziyadnz/hourly-ipv4,ziyadnz|hourly,2026-08-17T18:48:05Z,2026-08-17T18:48:05Z,
167.114.98.48,ipv4,malicious-ip,medium,WHITE,ziyadnz/hourly-ipv4,ziyadnz|hourly,2026-08-17T18:48:05Z,2026-08-17T18:48:05Z,
167.142.18.6,ipv4,malicious-ip,medium,WHITE,ziyadnz/hourly-ipv4,ziyadnz|hourly,2026-08-17T18:48:05Z,2026-08-17T18:48:05Z,
167.148.201.131,ipv4,malicious-ip,medium,WHITE,ziyadnz/hourly-ipv4,ziyadnz|hourly,2026-08-17T18:48:05Z,2026-08-17T18:48:05Z,
167.160.161.96,ipv4,malicious-ip,medium,WHITE,ziyadnz/hourly-ipv4,ziyadnz|hourly,2026-08-17T18:48:05Z,2026-08-17T18:48:05Z,
167.160.188.166,ipv4,malicious-ip,medium,WHITE,ziyadnz/hourly-ipv4,ziyadnz|hourly,2026-08-17T18:48:05Z,2026-08-17T18:48:05Z,
167.17.188.244,ipv4,malicious-ip,medium,WHITE,ziyadnz/hourly-ipv4,ziyadnz|hourly,2026-08-17T18:48:05Z,2026-08-17T18:48:05Z,
167.172.103.83,ipv4,malicious-ip,medium,WHITE,ziyadnz/hourly-ipv4,ziyadnz|hourly,2026-08-17T18:48:05Z,2026-08-17T18:48:05Z,
167.172.106.117,ipv4,malicious-ip,medium,WHITE,ziyadnz/hourly-ipv4,ziyadnz|hourly,2026-08-17T18:48:05Z,2026-08-17T18:48:05Z,
167.172.107.137,ipv4,malicious-ip,medium,WHITE,ziyadnz/hourly-ipv4,ziyadnz|hourly,2026-08-17T18:48:05Z,2026-08-17T18:48:05Z,
167.172.110.102,ipv4,malicious-ip,medium,WHITE,ziyadnz/hourly-ipv4,ziyadnz|hourly,2026-08-17T18:48:05Z,2026-08-17T18:48:05Z,
167.172.111.99,ipv4,malicious-ip,medium,WHITE,ziyadnz/hourly-ipv4,ziyadnz|hourly,2026-08-17T18:48:05Z,2026-08-17T18:48:05Z,
167.172.122.153,ipv4,malicious-ip,medium,WHITE,ziyadnz/hourly-ipv4,ziyadnz|hourly,2026-08-17T18:48:05Z,2026-08-17T18:48:05Z,
167.172.128.222,ipv4,malicious-ip,medium,WHITE,ziyadnz/hourly-ipv4,ziyadnz|hourly,2026-08-17T18:48:05Z,2026-08-17T18:48:05Z,
167.172.129.130,ipv4,malicious-ip,medium,WHITE,ziyadnz/hourly-ipv4,ziyadnz|hourly,2026-08-17T18:48:05Z,2026-08-17T18:48:05Z,
167.172.130.235,ipv4,malicious-ip,medium,WHITE,ziyadnz/hourly-ipv4,ziyadnz|hourly,2026-08-17T18:48:05Z,2026-08-17T18:48:05Z,
167.172.131.176,ipv4,malicious-ip,medium,WHITE,ziyadnz/hourly-ipv4,ziyadnz|hourly,2026-08-17T18:48:05Z,2026-08-17T18:48:05Z,
167.172.133.85,ipv4,malicious-ip,medium,WHITE,ziyadnz/hourly-ipv4,ziyadnz|hourly,2026-08-17T18:48:05Z,2026-08-17T18:48:05Z,
167.172.134.147,ipv4,malicious-ip,medium,WHITE,ziyadnz/hourly-ipv4,ziyadnz|hourly,2026-08-17T18:48:05Z,2026-08-17T18:48:05Z,
167.172.134.192,ipv4,malicious-ip,medium,WHITE,ziyadnz/hourly-ipv4,ziyadnz|hourly,2026-08-17T18:48:05Z,2026-08-17T18:48:05Z,
167.172.134.198,ipv4,malicious-ip,medium,WHITE,ziyadnz/hourly-ipv4,ziyadnz|hourly,2026-08-17T18:48:05Z,2026-08-17T18:48:05Z,
167.172.136.219,ipv4,malicious-ip,medium,WHITE,ziyadnz/hourly-ipv4,ziyadnz|hourly,2026-08-17T18:48:05Z,2026-08-17T18:48:05Z,
167.172.138.147,ipv4,malicious-ip,medium,WHITE,ziyadnz/hourly-ipv4,ziyadnz|hourly,2026-08-17T18:48:05Z,2026-08-17T18:48:05Z,
167.172.138.229,ipv4,malicious-ip,medium,WHITE,ziyadnz/hourly-ipv4,ziyadnz|hourly,2026-08-17T18:48:05Z,2026-08-17T18:48:05Z,
167.172.141.95,ipv4,malicious-ip,medium,WHITE,ziyadnz/hourly-ipv4,ziyadnz|hourly,2026-08-17T18:48:05Z,2026-08-17T18:48:05Z,
167.172.142.173,ipv4,malicious-ip,medium,WHITE,ziyadnz/hourly-ipv4,ziyadnz|hourly,2026-08-17T18:48:05Z,2026-08-17T18:48:05Z,
167.172.146.41,ipv4,malicious-ip,medium,WHITE,ziyadnz/hourly-ipv4,ziyadnz|hourly,2026-08-17T18:48:05Z,2026-08-17T18:48:05Z,
167.172.148.206,ipv4,malicious-ip,medium,WHITE,ziyadnz/hourly-ipv4,ziyadnz|hourly,2026-08-17T18:48:05Z,2026-08-17T18:48:05Z,
167.172.149.160,ipv4,malicious-ip,medium,WHITE,ziyadnz/hourly-ipv4,ziyadnz|hourly,2026-08-17T18:48:05Z,2026-08-17T18:48:05Z,
167.172.150.90,ipv4,malicious-ip,medium,WHITE,ziyadnz/hourly-ipv4,ziyadnz|hourly,2026-08-17T18:48:05Z,2026-08-17T18:48:05Z,
167.172.152.94,ipv4,malicious-ip,medium,WHITE,ziyadnz/hourly-ipv4,ziyadnz|hourly,2026-08-17T18:48:05Z,2026-08-17T18:48:05Z,
167.172.156.10,ipv4,malicious-ip,medium,WHITE,ziyadnz/hourly-ipv4,ziyadnz|hourly,2026-08-17T18:48:05Z,2026-08-17T18:48:05Z,
167.172.157.155,ipv4,malicious-ip,medium,WHITE,ziyadnz/hourly-ipv4,ziyadnz|hourly,2026-08-17T18:48:05Z,2026-08-17T18:48:05Z,
167.172.171.218,ipv4,malicious-ip,medium,WHITE,ziyadnz/hourly-ipv4,ziyadnz|hourly,2026-08-17T18:48:05Z,2026-08-17T18:48:05Z,
167.172.171.54,ipv4,malicious-ip,medium,WHITE,ziyadnz/hourly-ipv4,ziyadnz|hourly,2026-08-17T18:48:05Z,2026-08-17T18:48:05Z,
167.172.172.211,ipv4,malicious-ip,medium,WHITE,ziyadnz/hourly-ipv4,ziyadnz|hourly,2026-08-17T18:48:05Z,2026-08-17T18:48:05Z,
167.172.173.7,ipv4,malicious-ip,medium,WHITE,ziyadnz/hourly-ipv4,ziyadnz|hourly,2026-08-17T18:48:05Z,2026-08-17T18:48:05Z,
167.172.174.185,ipv4,malicious-ip,medium,WHITE,ziyadnz/hourly-ipv4,ziyadnz|hourly,2026-08-17T18:48:05Z,2026-08-17T18:48:05Z,
167.172.175.240,ipv4,malicious-ip,medium,WHITE,ziyadnz/hourly-ipv4,ziyadnz|hourly,2026-08-17T18:48:05Z,2026-08-17T18:48:05Z,
167.172.18.255,ipv4,malicious-ip,medium,WHITE,ziyadnz/hourly-ipv4,ziyadnz|hourly,2026-08-17T18:48:05Z,2026-08-17T18:48:05Z,
167.172.207.27,ipv4,malicious-ip,medium,WHITE,ziyadnz/hourly-ipv4,ziyadnz|hourly,2026-08-17T18:48:05Z,2026-08-17T18:48:05Z,
167.172.207.59,ipv4,malicious-ip,medium,WHITE,ziyadnz/hourly-ipv4,ziyadnz|hourly,2026-08-17T18:48:05Z,2026-08-17T18:48:05Z,
167.172.208.8,ipv4,malicious-ip,medium,WHITE,ziyadnz/hourly-ipv4,ziyadnz|hourly,2026-08-17T18:48:05Z,2026-08-17T18:48:05Z,
167.172.212.27,ipv4,malicious-ip,medium,WHITE,ziyadnz/hourly-ipv4,ziyadnz|hourly,2026-08-17T18:48:05Z,2026-08-17T18:48:05Z,
167.172.223.244,ipv4,malicious-ip,medium,WHITE,ziyadnz/hourly-ipv4,ziyadnz|hourly,2026-08-17T18:48:05Z,2026-08-17T18:48:05Z,
167.172.223.46,ipv4,malicious-ip,medium,WHITE,ziyadnz/hourly-ipv4,ziyadnz|hourly,2026-08-17T18:48:05Z,2026-08-17T18:48:05Z,
167.172.231.6,ipv4,malicious-ip,medium,WHITE,ziyadnz/hourly-ipv4,ziyadnz|hourly,2026-08-17T18:48:05Z,2026-08-17T18:48:05Z,
167.172.232.142,ipv4,malicious-ip,medium,WHITE,ziyadnz/hourly-ipv4,ziyadnz|hourly,2026-08-17T18:48:05Z,2026-08-17T18:48:05Z,
167.172.29.75,ipv4,malicious-ip,medium,WHITE,ziyadnz/hourly-ipv4,ziyadnz|hourly,2026-08-17T18:48:05Z,2026-08-17T18:48:05Z,
167.172.30.13,ipv4,malicious-ip,medium,WHITE,ziyadnz/hourly-ipv4,ziyadnz|hourly,2026-08-17T18:48:05Z,2026-08-17T18:48:05Z,
167.172.32.217,ipv4,malicious-ip,medium,WHITE,ziyadnz/hourly-ipv4,ziyadnz|hourly,2026-08-17T18:48:05Z,2026-08-17T18:48:05Z,
167.172.34.157,ipv4,malicious-ip,medium,WHITE,ziyadnz/hourly-ipv4,ziyadnz|hourly,2026-08-17T18:48:05Z,2026-08-17T18:48:05Z,
167.172.38.123,ipv4,malicious-ip,medium,WHITE,ziyadnz/hourly-ipv4,ziyadnz|hourly,2026-08-17T18:48:05Z,2026-08-17T18:48:05Z,
167.172.38.192,ipv4,malicious-ip,medium,WHITE,ziyadnz/hourly-ipv4,ziyadnz|hourly,2026-08-17T18:48:05Z,2026-08-17T18:48:05Z,
167.172.41.236,ipv4,malicious-ip,medium,WHITE,ziyadnz/hourly-ipv4,ziyadnz|hourly,2026-08-17T18:48:05Z,2026-08-17T18:48:05Z,
167.172.42.106,ipv4,malicious-ip,medium,WHITE,ziyadnz/hourly-ipv4,ziyadnz|hourly,2026-08-17T18:48:05Z,2026-08-17T18:48:05Z,
167.172.42.135,ipv4,malicious-ip,medium,WHITE,ziyadnz/hourly-ipv4,ziyadnz|hourly,2026-08-17T18:48:05Z,2026-08-17T18:48:05Z,
167.172.46.213,ipv4,malicious-ip,medium,WHITE,ziyadnz/hourly-ipv4,ziyadnz|hourly,2026-08-17T18:48:05Z,2026-08-17T18:48:05Z,
167.172.47.74,ipv4,malicious-ip,medium,WHITE,ziyadnz/hourly-ipv4,ziyadnz|hourly,2026-08-17T18:48:05Z,2026-08-17T18:48:05Z,
167.172.48.204,ipv4,malicious-ip,medium,WHITE,ziyadnz/hourly-ipv4,ziyadnz|hourly,2026-08-17T18:48:05Z,2026-08-17T18:48:05Z,
167.172.57.253,ipv4,malicious-ip,medium,WHITE,ziyadnz/hourly-ipv4,ziyadnz|hourly,2026-08-17T18:48:05Z,2026-08-17T18:48:05Z,
167.172.64.83,ipv4,malicious-ip,medium,WHITE,ziyadnz/hourly-ipv4,ziyadnz|hourly,2026-08-17T18:48:05Z,2026-08-17T18:48:05Z,
167.172.66.121,ipv4,malicious-ip,medium,WHITE,ziyadnz/hourly-ipv4,ziyadnz|hourly,2026-08-17T18:48:05Z,2026-08-17T18:48:05Z,
167.172.66.238,ipv4,malicious-ip,medium,WHITE,ziyadnz/hourly-ipv4,ziyadnz|hourly,2026-08-17T18:48:05Z,2026-08-17T18:48:05Z,
167.172.66.42,ipv4,malicious-ip,medium,WHITE,ziyadnz/hourly-ipv4,ziyadnz|hourly,2026-08-17T18:48:05Z,2026-08-17T18:48:05Z,
167.172.67.75,ipv4,malicious-ip,medium,WHITE,ziyadnz/hourly-ipv4,ziyadnz|hourly,2026-08-17T18:48:05Z,2026-08-17T18:48:05Z,
167.172.71.29,ipv4,malicious-ip,medium,WHITE,ziyadnz/hourly-ipv4,ziyadnz|hourly,2026-08-17T18:48:05Z,2026-08-17T18:48:05Z,
167.172.73.118,ipv4,malicious-ip,medium,WHITE,ziyadnz/hourly-ipv4,ziyadnz|hourly,2026-08-17T18:48:05Z,2026-08-17T18:48:05Z,
167.172.73.202,ipv4,malicious-ip,medium,WHITE,ziyadnz/hourly-ipv4,ziyadnz|hourly,2026-08-17T18:48:05Z,2026-08-17T18:48:05Z,
167.172.73.9,ipv4,malicious-ip,medium,WHITE,ziyadnz/hourly-ipv4,ziyadnz|hourly,2026-08-17T18:48:05Z,2026-08-17T18:48:05Z,
167.172.73.95,ipv4,malicious-ip,medium,WHITE,ziyadnz/hourly-ipv4,ziyadnz|hourly,2026-08-17T18:48:05Z,2026-08-17T18:48:05Z,
167.172.79.176,ipv4,malicious-ip,medium,WHITE,ziyadnz/hourly-ipv4,ziyadnz|hourly,2026-08-17T18:48:05Z,2026-08-17T18:48:05Z,
167.172.81.21,ipv4,malicious-ip,medium,WHITE,ziyadnz/hourly-ipv4,ziyadnz|hourly,2026-08-17T18:48:05Z,2026-08-17T18:48:05Z,
167.172.89.195,ipv4,malicious-ip,medium,WHITE,ziyadnz/hourly-ipv4,ziyadnz|hourly,2026-08-17T18:48:05Z,2026-08-17T18:48:05Z,
167.172.89.248,ipv4,malicious-ip,medium,WHITE,ziyadnz/hourly-ipv4,ziyadnz|hourly,2026-08-17T18:48:05Z,2026-08-17T18:48:05Z,
167.172.93.203,ipv4,malicious-ip,medium,WHITE,ziyadnz/hourly-ipv4,ziyadnz|hourly,2026-08-17T18:48:05Z,2026-08-17T18:48:05Z,
167.172.98.182,ipv4,malicious-ip,medium,WHITE,ziyadnz/hourly-ipv4,ziyadnz|hourly,2026-08-17T18:48:05Z,2026-08-17T18:48:05Z,
167.179.117.50,ipv4,malicious-ip,medium,WHITE,ziyadnz/hourly-ipv4,ziyadnz|hourly,2026-08-17T18:48:05Z,2026-08-17T18:48:05Z,
167.179.76.111,ipv4,malicious-ip,medium,WHITE,ziyadnz/hourly-ipv4,ziyadnz|hourly,2026-08-17T18:48:05Z,2026-08-17T18:48:05Z,
167.179.91.150,ipv4,malicious-ip,medium,WHITE,ziyadnz/hourly-ipv4,ziyadnz|hourly,2026-08-17T18:48:05Z,2026-08-17T18:48:05Z,
167.205.0.252,ipv4,malicious-ip,medium,WHITE,ziyadnz/hourly-ipv4,ziyadnz|hourly,2026-08-17T18:48:05Z,2026-08-17T18:48:05Z,
167.233.163.237,ipv4,malicious-ip,medium,WHITE,ziyadnz/hourly-ipv4,ziyadnz|hourly,2026-08-17T18:48:05Z,2026-08-17T18:48:05Z,
167.233.196.110,ipv4,malicious-ip,medium,WHITE,ziyadnz/hourly-ipv4,ziyadnz|hourly,2026-08-17T18:48:05Z,2026-08-17T18:48:05Z,
167.233.201.232,ipv4,malicious-ip,medium,WHITE,ziyadnz/hourly-ipv4,ziyadnz|hourly,2026-08-17T18:48:05Z,2026-08-17T18:48:05Z,
167.233.208.216,ipv4,malicious-ip,medium,WHITE,ziyadnz/hourly-ipv4,ziyadnz|hourly,2026-08-17T18:48:05Z,2026-08-17T18:48:05Z,
167.233.225.221,ipv4,malicious-ip,medium,WHITE,ziyadnz/hourly-ipv4,ziyadnz|hourly,2026-08-17T18:48:05Z,2026-08-17T18:48:05Z,
167.233.253.96,ipv4,malicious-ip,medium,WHITE,ziyadnz/hourly-ipv4,ziyadnz|hourly,2026-08-17T18:48:05Z,2026-08-17T18:48:05Z,
167.233.32.147,ipv4,malicious-ip,medium,WHITE,ziyadnz/hourly-ipv4,ziyadnz|hourly,2026-08-17T18:48:05Z,2026-08-17T18:48:05Z,
167.235.135.104,ipv4,malicious-ip,medium,WHITE,ziyadnz/hourly-ipv4,ziyadnz|hourly,2026-08-17T18:48:05Z,2026-08-17T18:48:05Z,
167.235.135.122,ipv4,malicious-ip,medium,WHITE,ziyadnz/hourly-ipv4,ziyadnz|hourly,2026-08-17T18:48:05Z,2026-08-17T18:48:05Z,
167.235.20.126,ipv4,malicious-ip,medium,WHITE,ziyadnz/hourly-ipv4,ziyadnz|hourly,2026-08-17T18:48:05Z,2026-08-17T18:48:05Z,
167.235.233.95,ipv4,malicious-ip,medium,WHITE,ziyadnz/hourly-ipv4,ziyadnz|hourly,2026-08-17T18:48:05Z,2026-08-17T18:48:05Z,
167.235.235.151,ipv4,malicious-ip,medium,WHITE,ziyadnz/hourly-ipv4,ziyadnz|hourly,2026-08-17T18:48:05Z,2026-08-17T18:48:05Z,
167.235.236.131,ipv4,malicious-ip,medium,WHITE,ziyadnz/hourly-ipv4,ziyadnz|hourly,2026-08-17T18:48:05Z,2026-08-17T18:48:05Z,
167.235.241.120,ipv4,malicious-ip,medium,WHITE,ziyadnz/hourly-ipv4,ziyadnz|hourly,2026-08-17T18:48:05Z,2026-08-17T18:48:05Z,
167.235.245.116,ipv4,malicious-ip,medium,WHITE,ziyadnz/hourly-ipv4,ziyadnz|hourly,2026-08-17T18:48:05Z,2026-08-17T18:48:05Z,
167.235.34.144,ipv4,malicious-ip,medium,WHITE,ziyadnz/hourly-ipv4,ziyadnz|hourly,2026-08-17T18:48:05Z,2026-08-17T18:48:05Z,
167.235.53.255,ipv4,malicious-ip,medium,WHITE,ziyadnz/hourly-ipv4,ziyadnz|hourly,2026-08-17T18:48:05Z,2026-08-17T18:48:05Z,
167.235.62.105,ipv4,malicious-ip,medium,WHITE,ziyadnz/hourly-ipv4,ziyadnz|hourly,2026-08-17T18:48:05Z,2026-08-17T18:48:05Z,
167.235.66.90,ipv4,malicious-ip,medium,WHITE,ziyadnz/hourly-ipv4,ziyadnz|hourly,2026-08-17T18:48:05Z,2026-08-17T18:48:05Z,
167.235.9.100,ipv4,malicious-ip,medium,WHITE,ziyadnz/hourly-ipv4,ziyadnz|hourly,2026-08-17T18:48:05Z,2026-08-17T18:48:05Z,
167.249.108.179,ipv4,malicious-ip,medium,WHITE,ziyadnz/hourly-ipv4,ziyadnz|hourly,2026-08-17T18:48:05Z,2026-08-17T18:48:05Z,
167.249.121.13,ipv4,malicious-ip,medium,WHITE,ziyadnz/hourly-ipv4,ziyadnz|hourly,2026-08-17T18:48:05Z,2026-08-17T18:48:05Z,
167.249.190.126,ipv4,malicious-ip,medium,WHITE,ziyadnz/hourly-ipv4,ziyadnz|hourly,2026-08-17T18:48:05Z,2026-08-17T18:48:05Z,
167.249.227.120,ipv4,malicious-ip,medium,WHITE,ziyadnz/hourly-ipv4,ziyadnz|hourly,2026-08-17T18:48:05Z,2026-08-17T18:48:05Z,
167.249.242.154,ipv4,malicious-ip,medium,WHITE,ziyadnz/hourly-ipv4,ziyadnz|hourly,2026-08-17T18:48:05Z,2026-08-17T18:48:05Z,
167.249.242.157,ipv4,malicious-ip,medium,WHITE,ziyadnz/hourly-ipv4,ziyadnz|hourly,2026-08-17T18:48:05Z,2026-08-17T18:48:05Z,
167.249.242.8,ipv4,malicious-ip,medium,WHITE,ziyadnz/hourly-ipv4,ziyadnz|hourly,2026-08-17T18:48:05Z,2026-08-17T18:48:05Z,
167.249.245.4,ipv4,malicious-ip,medium,WHITE,ziyadnz/hourly-ipv4,ziyadnz|hourly,2026-08-17T18:48:05Z,2026-08-17T18:48:05Z,
167.249.27.220,ipv4,malicious-ip,medium,WHITE,ziyadnz/hourly-ipv4,ziyadnz|hourly,2026-08-17T18:48:05Z,2026-08-17T18:48:05Z,
167.249.32.108,ipv4,malicious-ip,medium,WHITE,ziyadnz/hourly-ipv4,ziyadnz|hourly,2026-08-17T18:48:05Z,2026-08-17T18:48:05Z,
167.249.32.109,ipv4,malicious-ip,medium,WHITE,ziyadnz/hourly-ipv4,ziyadnz|hourly,2026-08-17T18:48:05Z,2026-08-17T18:48:05Z,
167.249.49.154,ipv4,malicious-ip,medium,WHITE,ziyadnz/hourly-ipv4,ziyadnz|hourly,2026-08-17T18:48:05Z,2026-08-17T18:48:05Z,
167.249.55.187,ipv4,malicious-ip,medium,WHITE,ziyadnz/hourly-ipv4,ziyadnz|hourly,2026-08-17T18:48:05Z,2026-08-17T18:48:05Z,
167.249.94.149,ipv4,malicious-ip,medium,WHITE,ziyadnz/hourly-ipv4,ziyadnz|hourly,2026-08-17T18:48:05Z,2026-08-17T18:48:05Z,
167.249.94.243,ipv4,malicious-ip,medium,WHITE,ziyadnz/hourly-ipv4,ziyadnz|hourly,2026-08-17T18:48:05Z,2026-08-17T18:48:05Z,
167.250.103.184,ipv4,malicious-ip,medium,WHITE,ziyadnz/hourly-ipv4,ziyadnz|hourly,2026-08-17T18:48:05Z,2026-08-17T18:48:05Z,
167.250.118.3,ipv4,malicious-ip,medium,WHITE,ziyadnz/hourly-ipv4,ziyadnz|hourly,2026-08-17T18:48:05Z,2026-08-17T18:48:05Z,
167.250.118.53,ipv4,malicious-ip,medium,WHITE,ziyadnz/hourly-ipv4,ziyadnz|hourly,2026-08-17T18:48:05Z,2026-08-17T18:48:05Z,
167.250.126.216,ipv4,malicious-ip,medium,WHITE,ziyadnz/hourly-ipv4,ziyadnz|hourly,2026-08-17T18:48:05Z,2026-08-17T18:48:05Z,
167.250.133.65,ipv4,malicious-ip,medium,WHITE,ziyadnz/hourly-ipv4,ziyadnz|hourly,2026-08-17T18:48:05Z,2026-08-17T18:48:05Z,
167.250.142.10,ipv4,malicious-ip,medium,WHITE,ziyadnz/hourly-ipv4,ziyadnz|hourly,2026-08-17T18:48:05Z,2026-08-17T18:48:05Z,
167.250.160.139,ipv4,malicious-ip,medium,WHITE,ziyadnz/hourly-ipv4,ziyadnz|hourly,2026-08-17T18:48:05Z,2026-08-17T18:48:05Z,
167.250.229.97,ipv4,malicious-ip,medium,WHITE,ziyadnz/hourly-ipv4,ziyadnz|hourly,2026-08-17T18:48:05Z,2026-08-17T18:48:05Z,
167.250.254.244,ipv4,malicious-ip,medium,WHITE,ziyadnz/hourly-ipv4,ziyadnz|hourly,2026-08-17T18:48:05Z,2026-08-17T18:48:05Z,
167.250.51.166,ipv4,malicious-ip,medium,WHITE,ziyadnz/hourly-ipv4,ziyadnz|hourly,2026-08-17T18:48:05Z,2026-08-17T18:48:05Z,
167.250.51.188,ipv4,malicious-ip,medium,WHITE,ziyadnz/hourly-ipv4,ziyadnz|hourly,2026-08-17T18:48:05Z,2026-08-17T18:48:05Z,
167.250.66.28,ipv4,malicious-ip,medium,WHITE,ziyadnz/hourly-ipv4,ziyadnz|hourly,2026-08-17T18:48:05Z,2026-08-17T18:48:05Z,
167.253.80.18,ipv4,malicious-ip,medium,WHITE,ziyadnz/hourly-ipv4,ziyadnz|hourly,2026-08-17T18:48:05Z,2026-08-17T18:48:05Z,
167.57.166.150,ipv4,malicious-ip,medium,WHITE,ziyadnz/hourly-ipv4,ziyadnz|hourly,2026-08-17T18:48:05Z,2026-08-17T18:48:05Z,
167.57.176.15,ipv4,malicious-ip,medium,WHITE,ziyadnz/hourly-ipv4,ziyadnz|hourly,2026-08-17T18:48:05Z,2026-08-17T18:48:05Z,
167.57.228.141,ipv4,malicious-ip,medium,WHITE,ziyadnz/hourly-ipv4,ziyadnz|hourly,2026-08-17T18:48:05Z,2026-08-17T18:48:05Z,
167.57.59.140,ipv4,malicious-ip,medium,WHITE,ziyadnz/hourly-ipv4,ziyadnz|hourly,2026-08-17T18:48:05Z,2026-08-17T18:48:05Z,
167.57.73.194,ipv4,malicious-ip,medium,WHITE,ziyadnz/hourly-ipv4,ziyadnz|hourly,2026-08-17T18:48:05Z,2026-08-17T18:48:05Z,
167.58.175.188,ipv4,malicious-ip,medium,WHITE,ziyadnz/hourly-ipv4,ziyadnz|hourly,2026-08-17T18:48:05Z,2026-08-17T18:48:05Z,
167.60.231.206,ipv4,malicious-ip,medium,WHITE,ziyadnz/hourly-ipv4,ziyadnz|hourly,2026-08-17T18:48:05Z,2026-08-17T18:48:05Z,
167.60.64.80,ipv4,malicious-ip,medium,WHITE,ziyadnz/hourly-ipv4,ziyadnz|hourly,2026-08-17T18:48:05Z,2026-08-17T18:48:05Z,
167.61.250.197,ipv4,malicious-ip,medium,WHITE,ziyadnz/hourly-ipv4,ziyadnz|hourly,2026-08-17T18:48:05Z,2026-08-17T18:48:05Z,
167.62.68.63,ipv4,malicious-ip,medium,WHITE,ziyadnz/hourly-ipv4,ziyadnz|hourly,2026-08-17T18:48:05Z,2026-08-17T18:48:05Z,
167.63.127.4,ipv4,malicious-ip,medium,WHITE,ziyadnz/hourly-ipv4,ziyadnz|hourly,2026-08-17T18:48:05Z,2026-08-17T18:48:05Z,
167.63.191.215,ipv4,malicious-ip,medium,WHITE,ziyadnz/hourly-ipv4,ziyadnz|hourly,2026-08-17T18:48:05Z,2026-08-17T18:48:05Z,
167.71.102.181,ipv4,malicious-ip,medium,WHITE,ziyadnz/hourly-ipv4,ziyadnz|hourly,2026-08-17T18:48:05Z,2026-08-17T18:48:05Z,
167.71.102.95,ipv4,malicious-ip,medium,WHITE,ziyadnz/hourly-ipv4,ziyadnz|hourly,2026-08-17T18:48:05Z,2026-08-17T18:48:05Z,
167.71.110.14,ipv4,malicious-ip,medium,WHITE,ziyadnz/hourly-ipv4,ziyadnz|hourly,2026-08-17T18:48:05Z,2026-08-17T18:48:05Z,
167.71.120.150,ipv4,malicious-ip,medium,WHITE,ziyadnz/hourly-ipv4,ziyadnz|hourly,2026-08-17T18:48:05Z,2026-08-17T18:48:05Z,
167.71.123.76,ipv4,malicious-ip,medium,WHITE,ziyadnz/hourly-ipv4,ziyadnz|hourly,2026-08-17T18:48:05Z,2026-08-17T18:48:05Z,
167.71.130.99,ipv4,malicious-ip,medium,WHITE,ziyadnz/hourly-ipv4,ziyadnz|hourly,2026-08-17T18:48:05Z,2026-08-17T18:48:05Z,
167.71.132.111,ipv4,malicious-ip,medium,WHITE,ziyadnz/hourly-ipv4,ziyadnz|hourly,2026-08-17T18:48:05Z,2026-08-17T18:48:05Z,
167.71.132.86,ipv4,malicious-ip,medium,WHITE,ziyadnz/hourly-ipv4,ziyadnz|hourly,2026-08-17T18:48:05Z,2026-08-17T18:48:05Z,
167.71.133.68,ipv4,malicious-ip,medium,WHITE,ziyadnz/hourly-ipv4,ziyadnz|hourly,2026-08-17T18:48:05Z,2026-08-17T18:48:05Z,
167.71.152.64,ipv4,malicious-ip,medium,WHITE,ziyadnz/hourly-ipv4,ziyadnz|hourly,2026-08-17T18:48:05Z,2026-08-17T18:48:05Z,
167.71.153.165,ipv4,malicious-ip,medium,WHITE,ziyadnz/hourly-ipv4,ziyadnz|hourly,2026-08-17T18:48:05Z,2026-08-17T18:48:05Z,
167.71.156.63,ipv4,malicious-ip,medium,WHITE,ziyadnz/hourly-ipv4,ziyadnz|hourly,2026-08-17T18:48:05Z,2026-08-17T18:48:05Z,
167.71.159.227,ipv4,malicious-ip,medium,WHITE,ziyadnz/hourly-ipv4,ziyadnz|hourly,2026-08-17T18:48:05Z,2026-08-17T18:48:05Z,
167.71.169.243,ipv4,malicious-ip,medium,WHITE,ziyadnz/hourly-ipv4,ziyadnz|hourly,2026-08-17T18:48:05Z,2026-08-17T18:48:05Z,
167.71.17.22,ipv4,malicious-ip,medium,WHITE,ziyadnz/hourly-ipv4,ziyadnz|hourly,2026-08-17T18:48:05Z,2026-08-17T18:48:05Z,
167.71.18.93,ipv4,malicious-ip,medium,WHITE,ziyadnz/hourly-ipv4,ziyadnz|hourly,2026-08-17T18:48:05Z,2026-08-17T18:48:05Z,
167.71.182.218,ipv4,malicious-ip,medium,WHITE,ziyadnz/hourly-ipv4,ziyadnz|hourly,2026-08-17T18:48:05Z,2026-08-17T18:48:05Z,
167.71.185.202,ipv4,malicious-ip,medium,WHITE,ziyadnz/hourly-ipv4,ziyadnz|hourly,2026-08-17T18:48:05Z,2026-08-17T18:48:05Z,
167.71.192.149,ipv4,malicious-ip,medium,WHITE,ziyadnz/hourly-ipv4,ziyadnz|hourly,2026-08-17T18:48:05Z,2026-08-17T18:48:05Z,
167.71.194.227,ipv4,malicious-ip,medium,WHITE,ziyadnz/hourly-ipv4,ziyadnz|hourly,2026-08-17T18:48:05Z,2026-08-17T18:48:05Z,
167.71.198.28,ipv4,malicious-ip,medium,WHITE,ziyadnz/hourly-ipv4,ziyadnz|hourly,2026-08-17T18:48:05Z,2026-08-17T18:48:05Z,
167.71.2.93,ipv4,malicious-ip,medium,WHITE,ziyadnz/hourly-ipv4,ziyadnz|hourly,2026-08-17T18:48:05Z,2026-08-17T18:48:05Z,
167.71.204.120,ipv4,malicious-ip,medium,WHITE,ziyadnz/hourly-ipv4,ziyadnz|hourly,2026-08-17T18:48:05Z,2026-08-17T18:48:05Z,
167.71.210.152,ipv4,malicious-ip,medium,WHITE,ziyadnz/hourly-ipv4,ziyadnz|hourly,2026-08-17T18:48:05Z,2026-08-17T18:48:05Z,
167.71.214.181,ipv4,malicious-ip,medium,WHITE,ziyadnz/hourly-ipv4,ziyadnz|hourly,2026-08-17T18:48:05Z,2026-08-17T18:48:05Z,
167.71.218.184,ipv4,malicious-ip,medium,WHITE,ziyadnz/hourly-ipv4,ziyadnz|hourly,2026-08-17T18:48:05Z,2026-08-17T18:48:05Z,
167.71.218.3,ipv4,malicious-ip,medium,WHITE,ziyadnz/hourly-ipv4,ziyadnz|hourly,2026-08-17T18:48:05Z,2026-08-17T18:48:05Z,
167.71.222.163,ipv4,malicious-ip,medium,WHITE,ziyadnz/hourly-ipv4,ziyadnz|hourly,2026-08-17T18:48:05Z,2026-08-17T18:48:05Z,
167.71.222.32,ipv4,malicious-ip,medium,WHITE,ziyadnz/hourly-ipv4,ziyadnz|hourly,2026-08-17T18:48:05Z,2026-08-17T18:48:05Z,
167.71.225.225,ipv4,malicious-ip,medium,WHITE,ziyadnz/hourly-ipv4,ziyadnz|hourly,2026-08-17T18:48:05Z,2026-08-17T18:48:05Z,
167.71.228.11,ipv4,malicious-ip,medium,WHITE,ziyadnz/hourly-ipv4,ziyadnz|hourly,2026-08-17T18:48:05Z,2026-08-17T18:48:05Z,
167.71.228.234,ipv4,malicious-ip,medium,WHITE,ziyadnz/hourly-ipv4,ziyadnz|hourly,2026-08-17T18:48:05Z,2026-08-17T18:48:05Z,
167.71.229.198,ipv4,malicious-ip,medium,WHITE,ziyadnz/hourly-ipv4,ziyadnz|hourly,2026-08-17T18:48:05Z,2026-08-17T18:48:05Z,
167.71.237.44,ipv4,malicious-ip,medium,WHITE,ziyadnz/hourly-ipv4,ziyadnz|hourly,2026-08-17T18:48:05Z,2026-08-17T18:48:05Z,
167.71.238.175,ipv4,malicious-ip,medium,WHITE,ziyadnz/hourly-ipv4,ziyadnz|hourly,2026-08-17T18:48:05Z,2026-08-17T18:48:05Z,
167.71.24.13,ipv4,malicious-ip,medium,WHITE,ziyadnz/hourly-ipv4,ziyadnz|hourly,2026-08-17T18:48:05Z,2026-08-17T18:48:05Z,
167.71.24.181,ipv4,malicious-ip,medium,WHITE,ziyadnz/hourly-ipv4,ziyadnz|hourly,2026-08-17T18:48:05Z,2026-08-17T18:48:05Z,
167.71.240.77,ipv4,malicious-ip,medium,WHITE,ziyadnz/hourly-ipv4,ziyadnz|hourly,2026-08-17T18:48:05Z,2026-08-17T18:48:05Z,
167.71.245.175,ipv4,malicious-ip,medium,WHITE,ziyadnz/hourly-ipv4,ziyadnz|hourly,2026-08-17T18:48:05Z,2026-08-17T18:48:05Z,
167.71.246.120,ipv4,malicious-ip,medium,WHITE,ziyadnz/hourly-ipv4,ziyadnz|hourly,2026-08-17T18:48:05Z,2026-08-17T18:48:05Z,
167.71.253.235,ipv4,malicious-ip,medium,WHITE,ziyadnz/hourly-ipv4,ziyadnz|hourly,2026-08-17T18:48:05Z,2026-08-17T18:48:05Z,
167.71.27.184,ipv4,malicious-ip,medium,WHITE,ziyadnz/hourly-ipv4,ziyadnz|hourly,2026-08-17T18:48:05Z,2026-08-17T18:48:05Z,
167.71.29.57,ipv4,malicious-ip,medium,WHITE,ziyadnz/hourly-ipv4,ziyadnz|hourly,2026-08-17T18:48:05Z,2026-08-17T18:48:05Z,
167.71.30.25,ipv4,malicious-ip,medium,WHITE,ziyadnz/hourly-ipv4,ziyadnz|hourly,2026-08-17T18:48:05Z,2026-08-17T18:48:05Z,
167.71.38.247,ipv4,malicious-ip,medium,WHITE,ziyadnz/hourly-ipv4,ziyadnz|hourly,2026-08-17T18:48:05Z,2026-08-17T18:48:05Z,
167.71.4.209,ipv4,malicious-ip,medium,WHITE,ziyadnz/hourly-ipv4,ziyadnz|hourly,2026-08-17T18:48:05Z,2026-08-17T18:48:05Z,
167.71.44.99,ipv4,malicious-ip,medium,WHITE,ziyadnz/hourly-ipv4,ziyadnz|hourly,2026-08-17T18:48:05Z,2026-08-17T18:48:05Z,
167.71.54.24,ipv4,malicious-ip,medium,WHITE,ziyadnz/hourly-ipv4,ziyadnz|hourly,2026-08-17T18:48:05Z,2026-08-17T18:48:05Z,
167.71.63.176,ipv4,malicious-ip,medium,WHITE,ziyadnz/hourly-ipv4,ziyadnz|hourly,2026-08-17T18:48:05Z,2026-08-17T18:48:05Z,
167.71.70.130,ipv4,malicious-ip,medium,WHITE,ziyadnz/hourly-ipv4,ziyadnz|hourly,2026-08-17T18:48:05Z,2026-08-17T18:48:05Z,
167.71.70.246,ipv4,malicious-ip,medium,WHITE,ziyadnz/hourly-ipv4,ziyadnz|hourly,2026-08-17T18:48:05Z,2026-08-17T18:48:05Z,
167.71.70.30,ipv4,malicious-ip,medium,WHITE,ziyadnz/hourly-ipv4,ziyadnz|hourly,2026-08-17T18:48:05Z,2026-08-17T18:48:05Z,
167.71.70.88,ipv4,malicious-ip,medium,WHITE,ziyadnz/hourly-ipv4,ziyadnz|hourly,2026-08-17T18:48:05Z,2026-08-17T18:48:05Z,
167.71.76.97,ipv4,malicious-ip,medium,WHITE,ziyadnz/hourly-ipv4,ziyadnz|hourly,2026-08-17T18:48:05Z,2026-08-17T18:48:05Z,
167.71.81.114,ipv4,malicious-ip,medium,WHITE,ziyadnz/hourly-ipv4,ziyadnz|hourly,2026-08-17T18:48:05Z,2026-08-17T18:48:05Z,
167.71.81.88,ipv4,malicious-ip,medium,WHITE,ziyadnz/hourly-ipv4,ziyadnz|hourly,2026-08-17T18:48:05Z,2026-08-17T18:48:05Z,
167.71.95.169,ipv4,malicious-ip,medium,WHITE,ziyadnz/hourly-ipv4,ziyadnz|hourly,2026-08-17T18:48:05Z,2026-08-17T18:48:05Z,
167.86.101.194,ipv4,malicious-ip,medium,WHITE,ziyadnz/hourly-ipv4,ziyadnz|hourly,2026-08-17T18:48:05Z,2026-08-17T18:48:05Z,
167.86.106.65,ipv4,malicious-ip,medium,WHITE,ziyadnz/hourly-ipv4,ziyadnz|hourly,2026-08-17T18:48:05Z,2026-08-17T18:48:05Z,
167.86.108.35,ipv4,malicious-ip,medium,WHITE,ziyadnz/hourly-ipv4,ziyadnz|hourly,2026-08-17T18:48:05Z,2026-08-17T18:48:05Z,
167.86.108.36,ipv4,malicious-ip,medium,WHITE,ziyadnz/hourly-ipv4,ziyadnz|hourly,2026-08-17T18:48:05Z,2026-08-17T18:48:05Z,
167.86.110.121,ipv4,malicious-ip,medium,WHITE,ziyadnz/hourly-ipv4,ziyadnz|hourly,2026-08-17T18:48:05Z,2026-08-17T18:48:05Z,
167.86.119.113,ipv4,malicious-ip,medium,WHITE,ziyadnz/hourly-ipv4,ziyadnz|hourly,2026-08-17T18:48:05Z,2026-08-17T18:48:05Z,
167.86.120.35,ipv4,malicious-ip,medium,WHITE,ziyadnz/hourly-ipv4,ziyadnz|hourly,2026-08-17T18:48:05Z,2026-08-17T18:48:05Z,
167.86.121.13,ipv4,malicious-ip,medium,WHITE,ziyadnz/hourly-ipv4,ziyadnz|hourly,2026-08-17T18:48:05Z,2026-08-17T18:48:05Z,
167.86.126.155,ipv4,malicious-ip,medium,WHITE,ziyadnz/hourly-ipv4,ziyadnz|hourly,2026-08-17T18:48:05Z,2026-08-17T18:48:05Z,
167.86.147.45,ipv4,malicious-ip,medium,WHITE,ziyadnz/hourly-ipv4,ziyadnz|hourly,2026-08-17T18:48:05Z,2026-08-17T18:48:05Z,
167.86.67.121,ipv4,malicious-ip,medium,WHITE,ziyadnz/hourly-ipv4,ziyadnz|hourly,2026-08-17T18:48:05Z,2026-08-17T18:48:05Z,
167.86.68.223,ipv4,malicious-ip,medium,WHITE,ziyadnz/hourly-ipv4,ziyadnz|hourly,2026-08-17T18:48:05Z,2026-08-17T18:48:05Z,
167.86.72.220,ipv4,malicious-ip,medium,WHITE,ziyadnz/hourly-ipv4,ziyadnz|hourly,2026-08-17T18:48:05Z,2026-08-17T18:48:05Z,
167.86.73.76,ipv4,malicious-ip,medium,WHITE,ziyadnz/hourly-ipv4,ziyadnz|hourly,2026-08-17T18:48:05Z,2026-08-17T18:48:05Z,
167.86.94.107,ipv4,malicious-ip,medium,WHITE,ziyadnz/hourly-ipv4,ziyadnz|hourly,2026-08-17T18:48:05Z,2026-08-17T18:48:05Z,
167.86.94.215,ipv4,malicious-ip,medium,WHITE,ziyadnz/hourly-ipv4,ziyadnz|hourly,2026-08-17T18:48:05Z,2026-08-17T18:48:05Z,
167.86.95.8,ipv4,malicious-ip,medium,WHITE,ziyadnz/hourly-ipv4,ziyadnz|hourly,2026-08-17T18:48:05Z,2026-08-17T18:48:05Z,
167.86.96.232,ipv4,malicious-ip,medium,WHITE,ziyadnz/hourly-ipv4,ziyadnz|hourly,2026-08-17T18:48:05Z,2026-08-17T18:48:05Z,
167.88.164.141,ipv4,malicious-ip,medium,WHITE,ziyadnz/hourly-ipv4,ziyadnz|hourly,2026-08-17T18:48:05Z,2026-08-17T18:48:05Z,
167.88.168.121,ipv4,malicious-ip,medium,WHITE,ziyadnz/hourly-ipv4,ziyadnz|hourly,2026-08-17T18:48:05Z,2026-08-17T18:48:05Z,
167.88.168.132,ipv4,malicious-ip,medium,WHITE,ziyadnz/hourly-ipv4,ziyadnz|hourly,2026-08-17T18:48:05Z,2026-08-17T18:48:05Z,
167.88.168.152,ipv4,malicious-ip,medium,WHITE,ziyadnz/hourly-ipv4,ziyadnz|hourly,2026-08-17T18:48:05Z,2026-08-17T18:48:05Z,
167.88.168.24,ipv4,malicious-ip,medium,WHITE,ziyadnz/hourly-ipv4,ziyadnz|hourly,2026-08-17T18:48:05Z,2026-08-17T18:48:05Z,
167.88.173.252,ipv4,malicious-ip,medium,WHITE,ziyadnz/hourly-ipv4,ziyadnz|hourly,2026-08-17T18:48:05Z,2026-08-17T18:48:05Z,
167.88.173.58,ipv4,malicious-ip,medium,WHITE,ziyadnz/hourly-ipv4,ziyadnz|hourly,2026-08-17T18:48:05Z,2026-08-17T18:48:05Z,
167.88.175.175,ipv4,malicious-ip,medium,WHITE,ziyadnz/hourly-ipv4,ziyadnz|hourly,2026-08-17T18:48:05Z,2026-08-17T18:48:05Z,
167.88.175.231,ipv4,malicious-ip,medium,WHITE,ziyadnz/hourly-ipv4,ziyadnz|hourly,2026-08-17T18:48:05Z,2026-08-17T18:48:05Z,
167.88.36.13,ipv4,malicious-ip,medium,WHITE,ziyadnz/hourly-ipv4,ziyadnz|hourly,2026-08-17T18:48:05Z,2026-08-17T18:48:05Z,
167.94.145.0,ipv4,malicious-ip,medium,WHITE,ziyadnz/hourly-ipv4,ziyadnz|hourly,2026-08-17T18:48:05Z,2026-08-17T18:48:05Z,
167.94.145.16,ipv4,malicious-ip,medium,WHITE,ziyadnz/hourly-ipv4,ziyadnz|hourly,2026-08-17T18:48:05Z,2026-08-17T18:48:05Z,
167.94.145.17,ipv4,malicious-ip,medium,WHITE,ziyadnz/hourly-ipv4,ziyadnz|hourly,2026-08-17T18:48:05Z,2026-08-17T18:48:05Z,
167.94.145.18,ipv4,malicious-ip,medium,WHITE,ziyadnz/hourly-ipv4,ziyadnz|hourly,2026-08-17T18:48:05Z,2026-08-17T18:48:05Z,
167.94.145.19,ipv4,malicious-ip,medium,WHITE,ziyadnz/hourly-ipv4,ziyadnz|hourly,2026-08-17T18:48:05Z,2026-08-17T18:48:05Z,
167.94.145.20,ipv4,malicious-ip,medium,WHITE,ziyadnz/hourly-ipv4,ziyadnz|hourly,2026-08-17T18:48:05Z,2026-08-17T18:48:05Z,
167.94.145.21,ipv4,malicious-ip,medium,WHITE,ziyadnz/hourly-ipv4,ziyadnz|hourly,2026-08-17T18:48:05Z,2026-08-17T18:48:05Z,
167.94.145.22,ipv4,malicious-ip,medium,WHITE,ziyadnz/hourly-ipv4,ziyadnz|hourly,2026-08-17T18:48:05Z,2026-08-17T18:48:05Z,
167.94.145.23,ipv4,malicious-ip,medium,WHITE,ziyadnz/hourly-ipv4,ziyadnz|hourly,2026-08-17T18:48:05Z,2026-08-17T18:48:05Z,
167.94.145.24,ipv4,malicious-ip,medium,WHITE,ziyadnz/hourly-ipv4,ziyadnz|hourly,2026-08-17T18:48:05Z,2026-08-17T18:48:05Z,
167.94.145.25,ipv4,malicious-ip,medium,WHITE,ziyadnz/hourly-ipv4,ziyadnz|hourly,2026-08-17T18:48:05Z,2026-08-17T18:48:05Z,
167.94.145.26,ipv4,malicious-ip,medium,WHITE,ziyadnz/hourly-ipv4,ziyadnz|hourly,2026-08-17T18:48:05Z,2026-08-17T18:48:05Z,
167.94.145.27,ipv4,malicious-ip,medium,WHITE,ziyadnz/hourly-ipv4,ziyadnz|hourly,2026-08-17T18:48:05Z,2026-08-17T18:48:05Z,
167.94.145.28,ipv4,malicious-ip,medium,WHITE,ziyadnz/hourly-ipv4,ziyadnz|hourly,2026-08-17T18:48:05Z,2026-08-17T18:48:05Z,
167.94.145.29,ipv4,malicious-ip,medium,WHITE,ziyadnz/hourly-ipv4,ziyadnz|hourly,2026-08-17T18:48:05Z,2026-08-17T18:48:05Z,
167.94.145.30,ipv4,malicious-ip,medium,WHITE,ziyadnz/hourly-ipv4,ziyadnz|hourly,2026-08-17T18:48:05Z,2026-08-17T18:48:05Z,
167.94.145.31,ipv4,malicious-ip,medium,WHITE,ziyadnz/hourly-ipv4,ziyadnz|hourly,2026-08-17T18:48:05Z,2026-08-17T18:48:05Z,
167.94.146.0,ipv4,malicious-ip,medium,WHITE,ziyadnz/hourly-ipv4,ziyadnz|hourly,2026-08-17T18:48:05Z,2026-08-17T18:48:05Z,
167.94.146.32,ipv4,malicious-ip,medium,WHITE,ziyadnz/hourly-ipv4,ziyadnz|hourly,2026-08-17T18:48:05Z,2026-08-17T18:48:05Z,
167.94.146.33,ipv4,malicious-ip,medium,WHITE,ziyadnz/hourly-ipv4,ziyadnz|hourly,2026-08-17T18:48:05Z,2026-08-17T18:48:05Z,
167.94.146.35,ipv4,malicious-ip,medium,WHITE,ziyadnz/hourly-ipv4,ziyadnz|hourly,2026-08-17T18:48:05Z,2026-08-17T18:48:05Z,
167.94.146.36,ipv4,malicious-ip,medium,WHITE,ziyadnz/hourly-ipv4,ziyadnz|hourly,2026-08-17T18:48:05Z,2026-08-17T18:48:05Z,
167.94.146.37,ipv4,malicious-ip,medium,WHITE,ziyadnz/hourly-ipv4,ziyadnz|hourly,2026-08-17T18:48:05Z,2026-08-17T18:48:05Z,
167.94.146.39,ipv4,malicious-ip,medium,WHITE,ziyadnz/hourly-ipv4,ziyadnz|hourly,2026-08-17T18:48:05Z,2026-08-17T18:48:05Z,
167.94.146.40,ipv4,malicious-ip,medium,WHITE,ziyadnz/hourly-ipv4,ziyadnz|hourly,2026-08-17T18:48:05Z,2026-08-17T18:48:05Z,
167.94.146.41,ipv4,malicious-ip,medium,WHITE,ziyadnz/hourly-ipv4,ziyadnz|hourly,2026-08-17T18:48:05Z,2026-08-17T18:48:05Z,
167.94.146.42,ipv4,malicious-ip,medium,WHITE,ziyadnz/hourly-ipv4,ziyadnz|hourly,2026-08-17T18:48:05Z,2026-08-17T18:48:05Z,
167.94.146.43,ipv4,malicious-ip,medium,WHITE,ziyadnz/hourly-ipv4,ziyadnz|hourly,2026-08-17T18:48:05Z,2026-08-17T18:48:05Z,
167.94.146.44,ipv4,malicious-ip,medium,WHITE,ziyadnz/hourly-ipv4,ziyadnz|hourly,2026-08-17T18:48:05Z,2026-08-17T18:48:05Z,
167.94.146.45,ipv4,malicious-ip,medium,WHITE,ziyadnz/hourly-ipv4,ziyadnz|hourly,2026-08-17T18:48:05Z,2026-08-17T18:48:05Z,
167.94.146.46,ipv4,malicious-ip,medium,WHITE,ziyadnz/hourly-ipv4,ziyadnz|hourly,2026-08-17T18:48:05Z,2026-08-17T18:48:05Z,
167.94.146.47,ipv4,malicious-ip,medium,WHITE,ziyadnz/hourly-ipv4,ziyadnz|hourly,2026-08-17T18:48:05Z,2026-08-17T18:48:05Z,
167.94.146.48,ipv4,malicious-ip,medium,WHITE,ziyadnz/hourly-ipv4,ziyadnz|hourly,2026-08-17T18:48:05Z,2026-08-17T18:48:05Z,
167.94.146.50,ipv4,malicious-ip,medium,WHITE,ziyadnz/hourly-ipv4,ziyadnz|hourly,2026-08-17T18:48:05Z,2026-08-17T18:48:05Z,
167.94.146.52,ipv4,malicious-ip,medium,WHITE,ziyadnz/hourly-ipv4,ziyadnz|hourly,2026-08-17T18:48:05Z,2026-08-17T18:48:05Z,
167.94.146.60,ipv4,malicious-ip,medium,WHITE,ziyadnz/hourly-ipv4,ziyadnz|hourly,2026-08-17T18:48:05Z,2026-08-17T18:48:05Z,
167.94.146.61,ipv4,malicious-ip,medium,WHITE,ziyadnz/hourly-ipv4,ziyadnz|hourly,2026-08-17T18:48:05Z,2026-08-17T18:48:05Z,
167.94.146.63,ipv4,malicious-ip,medium,WHITE,ziyadnz/hourly-ipv4,ziyadnz|hourly,2026-08-17T18:48:05Z,2026-08-17T18:48:05Z,
167.94.146.65,ipv4,malicious-ip,medium,WHITE,ziyadnz/hourly-ipv4,ziyadnz|hourly,2026-08-17T18:48:05Z,2026-08-17T18:48:05Z,
167.94.146.66,ipv4,malicious-ip,medium,WHITE,ziyadnz/hourly-ipv4,ziyadnz|hourly,2026-08-17T18:48:05Z,2026-08-17T18:48:05Z,
167.94.146.68,ipv4,malicious-ip,medium,WHITE,ziyadnz/hourly-ipv4,ziyadnz|hourly,2026-08-17T18:48:05Z,2026-08-17T18:48:05Z,
167.94.146.69,ipv4,malicious-ip,medium,WHITE,ziyadnz/hourly-ipv4,ziyadnz|hourly,2026-08-17T18:48:05Z,2026-08-17T18:48:05Z,
167.94.146.70,ipv4,malicious-ip,medium,WHITE,ziyadnz/hourly-ipv4,ziyadnz|hourly,2026-08-17T18:48:05Z,2026-08-17T18:48:05Z,
167.94.146.72,ipv4,malicious-ip,medium,WHITE,ziyadnz/hourly-ipv4,ziyadnz|hourly,2026-08-17T18:48:05Z,2026-08-17T18:48:05Z,
167.94.146.73,ipv4,malicious-ip,medium,WHITE,ziyadnz/hourly-ipv4,ziyadnz|hourly,2026-08-17T18:48:05Z,2026-08-17T18:48:05Z,
167.94.146.74,ipv4,malicious-ip,medium,WHITE,ziyadnz/hourly-ipv4,ziyadnz|hourly,2026-08-17T18:48:05Z,2026-08-17T18:48:05Z,
167.94.146.75,ipv4,malicious-ip,medium,WHITE,ziyadnz/hourly-ipv4,ziyadnz|hourly,2026-08-17T18:48:05Z,2026-08-17T18:48:05Z,
167.94.146.76,ipv4,malicious-ip,medium,WHITE,ziyadnz/hourly-ipv4,ziyadnz|hourly,2026-08-17T18:48:05Z,2026-08-17T18:48:05Z,
167.94.146.78,ipv4,malicious-ip,medium,WHITE,ziyadnz/hourly-ipv4,ziyadnz|hourly,2026-08-17T18:48:05Z,2026-08-17T18:48:05Z,
167.94.146.79,ipv4,malicious-ip,medium,WHITE,ziyadnz/hourly-ipv4,ziyadnz|hourly,2026-08-17T18:48:05Z,2026-08-17T18:48:05Z,
167.99.1.98,ipv4,malicious-ip,medium,WHITE,ziyadnz/hourly-ipv4,ziyadnz|hourly,2026-08-17T18:48:05Z,2026-08-17T18:48:05Z,
167.99.10.111,ipv4,malicious-ip,medium,WHITE,ziyadnz/hourly-ipv4,ziyadnz|hourly,2026-08-17T18:48:05Z,2026-08-17T18:48:05Z,
167.99.101.214,ipv4,malicious-ip,medium,WHITE,ziyadnz/hourly-ipv4,ziyadnz|hourly,2026-08-17T18:48:05Z,2026-08-17T18:48:05Z,
167.99.101.91,ipv4,malicious-ip,medium,WHITE,ziyadnz/hourly-ipv4,ziyadnz|hourly,2026-08-17T18:48:05Z,2026-08-17T18:48:05Z,
167.99.102.237,ipv4,malicious-ip,medium,WHITE,ziyadnz/hourly-ipv4,ziyadnz|hourly,2026-08-17T18:48:05Z,2026-08-17T18:48:05Z,
167.99.107.205,ipv4,malicious-ip,medium,WHITE,ziyadnz/hourly-ipv4,ziyadnz|hourly,2026-08-17T18:48:05Z,2026-08-17T18:48:05Z,
167.99.107.57,ipv4,malicious-ip,medium,WHITE,ziyadnz/hourly-ipv4,ziyadnz|hourly,2026-08-17T18:48:05Z,2026-08-17T18:48:05Z,
167.99.109.32,ipv4,malicious-ip,medium,WHITE,ziyadnz/hourly-ipv4,ziyadnz|hourly,2026-08-17T18:48:05Z,2026-08-17T18:48:05Z,
167.99.112.235,ipv4,malicious-ip,medium,WHITE,ziyadnz/hourly-ipv4,ziyadnz|hourly,2026-08-17T18:48:05Z,2026-08-17T18:48:05Z,
167.99.115.33,ipv4,malicious-ip,medium,WHITE,ziyadnz/hourly-ipv4,ziyadnz|hourly,2026-08-17T18:48:05Z,2026-08-17T18:48:05Z,
167.99.115.35,ipv4,malicious-ip,medium,WHITE,ziyadnz/hourly-ipv4,ziyadnz|hourly,2026-08-17T18:48:05Z,2026-08-17T18:48:05Z,
167.99.117.2,ipv4,malicious-ip,medium,WHITE,ziyadnz/hourly-ipv4,ziyadnz|hourly,2026-08-17T18:48:05Z,2026-08-17T18:48:05Z,
167.99.119.168,ipv4,malicious-ip,medium,WHITE,ziyadnz/hourly-ipv4,ziyadnz|hourly,2026-08-17T18:48:05Z,2026-08-17T18:48:05Z,
167.99.12.188,ipv4,malicious-ip,medium,WHITE,ziyadnz/hourly-ipv4,ziyadnz|hourly,2026-08-17T18:48:05Z,2026-08-17T18:48:05Z,
167.99.12.43,ipv4,malicious-ip,medium,WHITE,ziyadnz/hourly-ipv4,ziyadnz|hourly,2026-08-17T18:48:05Z,2026-08-17T18:48:05Z,
167.99.121.139,ipv4,malicious-ip,medium,WHITE,ziyadnz/hourly-ipv4,ziyadnz|hourly,2026-08-17T18:48:05Z,2026-08-17T18:48:05Z,
167.99.13.19,ipv4,malicious-ip,medium,WHITE,ziyadnz/hourly-ipv4,ziyadnz|hourly,2026-08-17T18:48:05Z,2026-08-17T18:48:05Z,
167.99.130.73,ipv4,malicious-ip,medium,WHITE,ziyadnz/hourly-ipv4,ziyadnz|hourly,2026-08-17T18:48:05Z,2026-08-17T18:48:05Z,
167.99.134.101,ipv4,malicious-ip,medium,WHITE,ziyadnz/hourly-ipv4,ziyadnz|hourly,2026-08-17T18:48:05Z,2026-08-17T18:48:05Z,
167.99.136.60,ipv4,malicious-ip,medium,WHITE,ziyadnz/hourly-ipv4,ziyadnz|hourly,2026-08-17T18:48:05Z,2026-08-17T18:48:05Z,
167.99.137.226,ipv4,malicious-ip,medium,WHITE,ziyadnz/hourly-ipv4,ziyadnz|hourly,2026-08-17T18:48:05Z,2026-08-17T18:48:05Z,
167.99.144.159,ipv4,malicious-ip,medium,WHITE,ziyadnz/hourly-ipv4,ziyadnz|hourly,2026-08-17T18:48:05Z,2026-08-17T18:48:05Z,
167.99.146.144,ipv4,malicious-ip,medium,WHITE,ziyadnz/hourly-ipv4,ziyadnz|hourly,2026-08-17T18:48:05Z,2026-08-17T18:48:05Z,
167.99.148.102,ipv4,malicious-ip,medium,WHITE,ziyadnz/hourly-ipv4,ziyadnz|hourly,2026-08-17T18:48:05Z,2026-08-17T18:48:05Z,
167.99.152.205,ipv4,malicious-ip,medium,WHITE,ziyadnz/hourly-ipv4,ziyadnz|hourly,2026-08-17T18:48:05Z,2026-08-17T18:48:05Z,
167.99.153.4,ipv4,malicious-ip,medium,WHITE,ziyadnz/hourly-ipv4,ziyadnz|hourly,2026-08-17T18:48:05Z,2026-08-17T18:48:05Z,
167.99.154.15,ipv4,malicious-ip,medium,WHITE,ziyadnz/hourly-ipv4,ziyadnz|hourly,2026-08-17T18:48:05Z,2026-08-17T18:48:05Z,
167.99.154.99,ipv4,malicious-ip,medium,WHITE,ziyadnz/hourly-ipv4,ziyadnz|hourly,2026-08-17T18:48:05Z,2026-08-17T18:48:05Z,
167.99.159.52,ipv4,malicious-ip,medium,WHITE,ziyadnz/hourly-ipv4,ziyadnz|hourly,2026-08-17T18:48:05Z,2026-08-17T18:48:05Z,
167.99.160.208,ipv4,malicious-ip,medium,WHITE,ziyadnz/hourly-ipv4,ziyadnz|hourly,2026-08-17T18:48:05Z,2026-08-17T18:48:05Z,
167.99.160.91,ipv4,malicious-ip,medium,WHITE,ziyadnz/hourly-ipv4,ziyadnz|hourly,2026-08-17T18:48:05Z,2026-08-17T18:48:05Z,
167.99.164.231,ipv4,malicious-ip,medium,WHITE,ziyadnz/hourly-ipv4,ziyadnz|hourly,2026-08-17T18:48:05Z,2026-08-17T18:48:05Z,
167.99.168.90,ipv4,malicious-ip,medium,WHITE,ziyadnz/hourly-ipv4,ziyadnz|hourly,2026-08-17T18:48:05Z,2026-08-17T18:48:05Z,
167.99.169.232,ipv4,malicious-ip,medium,WHITE,ziyadnz/hourly-ipv4,ziyadnz|hourly,2026-08-17T18:48:05Z,2026-08-17T18:48:05Z,
167.99.172.211,ipv4,malicious-ip,medium,WHITE,ziyadnz/hourly-ipv4,ziyadnz|hourly,2026-08-17T18:48:05Z,2026-08-17T18:48:05Z,
167.99.172.66,ipv4,malicious-ip,medium,WHITE,ziyadnz/hourly-ipv4,ziyadnz|hourly,2026-08-17T18:48:05Z,2026-08-17T18:48:05Z,
167.99.175.224,ipv4,malicious-ip,medium,WHITE,ziyadnz/hourly-ipv4,ziyadnz|hourly,2026-08-17T18:48:05Z,2026-08-17T18:48:05Z,
167.99.181.249,ipv4,malicious-ip,medium,WHITE,ziyadnz/hourly-ipv4,ziyadnz|hourly,2026-08-17T18:48:05Z,2026-08-17T18:48:05Z,
167.99.185.110,ipv4,malicious-ip,medium,WHITE,ziyadnz/hourly-ipv4,ziyadnz|hourly,2026-08-17T18:48:05Z,2026-08-17T18:48:05Z,
167.99.187.123,ipv4,malicious-ip,medium,WHITE,ziyadnz/hourly-ipv4,ziyadnz|hourly,2026-08-17T18:48:05Z,2026-08-17T18:48:05Z,
167.99.188.254,ipv4,malicious-ip,medium,WHITE,ziyadnz/hourly-ipv4,ziyadnz|hourly,2026-08-17T18:48:05Z,2026-08-17T18:48:05Z,
167.99.189.72,ipv4,malicious-ip,medium,WHITE,ziyadnz/hourly-ipv4,ziyadnz|hourly,2026-08-17T18:48:05Z,2026-08-17T18:48:05Z,
167.99.190.3,ipv4,malicious-ip,medium,WHITE,ziyadnz/hourly-ipv4,ziyadnz|hourly,2026-08-17T18:48:05Z,2026-08-17T18:48:05Z,
167.99.194.100,ipv4,malicious-ip,medium,WHITE,ziyadnz/hourly-ipv4,ziyadnz|hourly,2026-08-17T18:48:05Z,2026-08-17T18:48:05Z,
167.99.199.1,ipv4,malicious-ip,medium,WHITE,ziyadnz/hourly-ipv4,ziyadnz|hourly,2026-08-17T18:48:05Z,2026-08-17T18:48:05Z,
167.99.208.224,ipv4,malicious-ip,medium,WHITE,ziyadnz/hourly-ipv4,ziyadnz|hourly,2026-08-17T18:48:05Z,2026-08-17T18:48:05Z,
167.99.209.51,ipv4,malicious-ip,medium,WHITE,ziyadnz/hourly-ipv4,ziyadnz|hourly,2026-08-17T18:48:05Z,2026-08-17T18:48:05Z,
167.99.210.137,ipv4,malicious-ip,medium,WHITE,ziyadnz/hourly-ipv4,ziyadnz|hourly,2026-08-17T18:48:05Z,2026-08-17T18:48:05Z,
167.99.211.88,ipv4,malicious-ip,medium,WHITE,ziyadnz/hourly-ipv4,ziyadnz|hourly,2026-08-17T18:48:05Z,2026-08-17T18:48:05Z,
167.99.221.10,ipv4,malicious-ip,medium,WHITE,ziyadnz/hourly-ipv4,ziyadnz|hourly,2026-08-17T18:48:05Z,2026-08-17T18:48:05Z,
167.99.224.187,ipv4,malicious-ip,medium,WHITE,ziyadnz/hourly-ipv4,ziyadnz|hourly,2026-08-17T18:48:05Z,2026-08-17T18:48:05Z,
167.99.225.143,ipv4,malicious-ip,medium,WHITE,ziyadnz/hourly-ipv4,ziyadnz|hourly,2026-08-17T18:48:05Z,2026-08-17T18:48:05Z,
167.99.227.26,ipv4,malicious-ip,medium,WHITE,ziyadnz/hourly-ipv4,ziyadnz|hourly,2026-08-17T18:48:05Z,2026-08-17T18:48:05Z,
167.99.229.36,ipv4,malicious-ip,medium,WHITE,ziyadnz/hourly-ipv4,ziyadnz|hourly,2026-08-17T18:48:05Z,2026-08-17T18:48:05Z,
167.99.236.217,ipv4,malicious-ip,medium,WHITE,ziyadnz/hourly-ipv4,ziyadnz|hourly,2026-08-17T18:48:05Z,2026-08-17T18:48:05Z,
167.99.238.31,ipv4,malicious-ip,medium,WHITE,ziyadnz/hourly-ipv4,ziyadnz|hourly,2026-08-17T18:48:05Z,2026-08-17T18:48:05Z,
167.99.239.241,ipv4,malicious-ip,medium,WHITE,ziyadnz/hourly-ipv4,ziyadnz|hourly,2026-08-17T18:48:05Z,2026-08-17T18:48:05Z,
167.99.240.181,ipv4,malicious-ip,medium,WHITE,ziyadnz/hourly-ipv4,ziyadnz|hourly,2026-08-17T18:48:05Z,2026-08-17T18:48:05Z,
167.99.241.150,ipv4,malicious-ip,medium,WHITE,ziyadnz/hourly-ipv4,ziyadnz|hourly,2026-08-17T18:48:05Z,2026-08-17T18:48:05Z,
167.99.245.255,ipv4,malicious-ip,medium,WHITE,ziyadnz/hourly-ipv4,ziyadnz|hourly,2026-08-17T18:48:05Z,2026-08-17T18:48:05Z,
167.99.248.28,ipv4,malicious-ip,medium,WHITE,ziyadnz/hourly-ipv4,ziyadnz|hourly,2026-08-17T18:48:05Z,2026-08-17T18:48:05Z,
167.99.28.222,ipv4,malicious-ip,medium,WHITE,ziyadnz/hourly-ipv4,ziyadnz|hourly,2026-08-17T18:48:05Z,2026-08-17T18:48:05Z,
167.99.28.88,ipv4,malicious-ip,medium,WHITE,ziyadnz/hourly-ipv4,ziyadnz|hourly,2026-08-17T18:48:05Z,2026-08-17T18:48:05Z,
167.99.33.129,ipv4,malicious-ip,medium,WHITE,ziyadnz/hourly-ipv4,ziyadnz|hourly,2026-08-17T18:48:05Z,2026-08-17T18:48:05Z,
167.99.36.158,ipv4,malicious-ip,medium,WHITE,ziyadnz/hourly-ipv4,ziyadnz|hourly,2026-08-17T18:48:05Z,2026-08-17T18:48:05Z,
167.99.38.55,ipv4,malicious-ip,medium,WHITE,ziyadnz/hourly-ipv4,ziyadnz|hourly,2026-08-17T18:48:05Z,2026-08-17T18:48:05Z,
167.99.39.65,ipv4,malicious-ip,medium,WHITE,ziyadnz/hourly-ipv4,ziyadnz|hourly,2026-08-17T18:48:05Z,2026-08-17T18:48:05Z,
167.99.4.153,ipv4,malicious-ip,medium,WHITE,ziyadnz/hourly-ipv4,ziyadnz|hourly,2026-08-17T18:48:05Z,2026-08-17T18:48:05Z,
167.99.4.252,ipv4,malicious-ip,medium,WHITE,ziyadnz/hourly-ipv4,ziyadnz|hourly,2026-08-17T18:48:05Z,2026-08-17T18:48:05Z,
167.99.54.222,ipv4,malicious-ip,medium,WHITE,ziyadnz/hourly-ipv4,ziyadnz|hourly,2026-08-17T18:48:05Z,2026-08-17T18:48:05Z,
167.99.70.121,ipv4,malicious-ip,medium,WHITE,ziyadnz/hourly-ipv4,ziyadnz|hourly,2026-08-17T18:48:05Z,2026-08-17T18:48:05Z,
167.99.71.20,ipv4,malicious-ip,medium,WHITE,ziyadnz/hourly-ipv4,ziyadnz|hourly,2026-08-17T18:48:05Z,2026-08-17T18:48:05Z,
167.99.71.47,ipv4,malicious-ip,medium,WHITE,ziyadnz/hourly-ipv4,ziyadnz|hourly,2026-08-17T18:48:05Z,2026-08-17T18:48:05Z,
167.99.75.138,ipv4,malicious-ip,medium,WHITE,ziyadnz/hourly-ipv4,ziyadnz|hourly,2026-08-17T18:48:05Z,2026-08-17T18:48:05Z,
167.99.80.4,ipv4,malicious-ip,medium,WHITE,ziyadnz/hourly-ipv4,ziyadnz|hourly,2026-08-17T18:48:05Z,2026-08-17T18:48:05Z,
167.99.82.123,ipv4,malicious-ip,medium,WHITE,ziyadnz/hourly-ipv4,ziyadnz|hourly,2026-08-17T18:48:05Z,2026-08-17T18:48:05Z,
167.99.82.253,ipv4,malicious-ip,medium,WHITE,ziyadnz/hourly-ipv4,ziyadnz|hourly,2026-08-17T18:48:05Z,2026-08-17T18:48:05Z,
167.99.86.175,ipv4,malicious-ip,medium,WHITE,ziyadnz/hourly-ipv4,ziyadnz|hourly,2026-08-17T18:48:05Z,2026-08-17T18:48:05Z,
167.99.87.54,ipv4,malicious-ip,medium,WHITE,ziyadnz/hourly-ipv4,ziyadnz|hourly,2026-08-17T18:48:05Z,2026-08-17T18:48:05Z,
167.99.88.94,ipv4,malicious-ip,medium,WHITE,ziyadnz/hourly-ipv4,ziyadnz|hourly,2026-08-17T18:48:05Z,2026-08-17T18:48:05Z,
167.99.91.159,ipv4,malicious-ip,medium,WHITE,ziyadnz/hourly-ipv4,ziyadnz|hourly,2026-08-17T18:48:05Z,2026-08-17T18:48:05Z,
167.99.93.212,ipv4,malicious-ip,medium,WHITE,ziyadnz/hourly-ipv4,ziyadnz|hourly,2026-08-17T18:48:05Z,2026-08-17T18:48:05Z,
167.99.97.26,ipv4,malicious-ip,medium,WHITE,ziyadnz/hourly-ipv4,ziyadnz|hourly,2026-08-17T18:48:05Z,2026-08-17T18:48:05Z,
168.0.112.217,ipv4,malicious-ip,medium,WHITE,ziyadnz/hourly-ipv4,ziyadnz|hourly,2026-08-17T18:48:05Z,2026-08-17T18:48:05Z,
168.0.137.201,ipv4,malicious-ip,medium,WHITE,ziyadnz/hourly-ipv4,ziyadnz|hourly,2026-08-17T18:48:05Z,2026-08-17T18:48:05Z,
168.0.166.14,ipv4,malicious-ip,medium,WHITE,ziyadnz/hourly-ipv4,ziyadnz|hourly,2026-08-17T18:48:05Z,2026-08-17T18:48:05Z,
168.0.17.160,ipv4,malicious-ip,medium,WHITE,ziyadnz/hourly-ipv4,ziyadnz|hourly,2026-08-17T18:48:05Z,2026-08-17T18:48:05Z,
168.0.224.0,ipv4,malicious-ip,medium,WHITE,ziyadnz/hourly-ipv4,ziyadnz|hourly,2026-08-17T18:48:05Z,2026-08-17T18:48:05Z,
168.0.224.101,ipv4,malicious-ip,medium,WHITE,ziyadnz/hourly-ipv4,ziyadnz|hourly,2026-08-17T18:48:05Z,2026-08-17T18:48:05Z,
168.0.224.102,ipv4,malicious-ip,medium,WHITE,ziyadnz/hourly-ipv4,ziyadnz|hourly,2026-08-17T18:48:05Z,2026-08-17T18:48:05Z,
168.0.224.106,ipv4,malicious-ip,medium,WHITE,ziyadnz/hourly-ipv4,ziyadnz|hourly,2026-08-17T18:48:05Z,2026-08-17T18:48:05Z,
168.0.224.107,ipv4,malicious-ip,medium,WHITE,ziyadnz/hourly-ipv4,ziyadnz|hourly,2026-08-17T18:48:05Z,2026-08-17T18:48:05Z,
168.0.224.110,ipv4,malicious-ip,medium,WHITE,ziyadnz/hourly-ipv4,ziyadnz|hourly,2026-08-17T18:48:05Z,2026-08-17T18:48:05Z,
168.0.224.115,ipv4,malicious-ip,medium,WHITE,ziyadnz/hourly-ipv4,ziyadnz|hourly,2026-08-17T18:48:05Z,2026-08-17T18:48:05Z,
168.0.224.118,ipv4,malicious-ip,medium,WHITE,ziyadnz/hourly-ipv4,ziyadnz|hourly,2026-08-17T18:48:05Z,2026-08-17T18:48:05Z,
168.0.224.85,ipv4,malicious-ip,medium,WHITE,ziyadnz/hourly-ipv4,ziyadnz|hourly,2026-08-17T18:48:05Z,2026-08-17T18:48:05Z,
168.0.224.87,ipv4,malicious-ip,medium,WHITE,ziyadnz/hourly-ipv4,ziyadnz|hourly,2026-08-17T18:48:05Z,2026-08-17T18:48:05Z,
168.0.224.94,ipv4,malicious-ip,medium,WHITE,ziyadnz/hourly-ipv4,ziyadnz|hourly,2026-08-17T18:48:05Z,2026-08-17T18:48:05Z,
168.0.224.96,ipv4,malicious-ip,medium,WHITE,ziyadnz/hourly-ipv4,ziyadnz|hourly,2026-08-17T18:48:05Z,2026-08-17T18:48:05Z,
168.0.225.8,ipv4,malicious-ip,medium,WHITE,ziyadnz/hourly-ipv4,ziyadnz|hourly,2026-08-17T18:48:05Z,2026-08-17T18:48:05Z,
168.0.226.0,ipv4,malicious-ip,medium,WHITE,ziyadnz/hourly-ipv4,ziyadnz|hourly,2026-08-17T18:48:05Z,2026-08-17T18:48:05Z,
168.0.226.147,ipv4,malicious-ip,medium,WHITE,ziyadnz/hourly-ipv4,ziyadnz|hourly,2026-08-17T18:48:05Z,2026-08-17T18:48:05Z,
168.0.226.173,ipv4,malicious-ip,medium,WHITE,ziyadnz/hourly-ipv4,ziyadnz|hourly,2026-08-17T18:48:05Z,2026-08-17T18:48:05Z,
168.0.226.255,ipv4,malicious-ip,medium,WHITE,ziyadnz/hourly-ipv4,ziyadnz|hourly,2026-08-17T18:48:05Z,2026-08-17T18:48:05Z,
168.0.226.44,ipv4,malicious-ip,medium,WHITE,ziyadnz/hourly-ipv4,ziyadnz|hourly,2026-08-17T18:48:05Z,2026-08-17T18:48:05Z,
168.0.226.62,ipv4,malicious-ip,medium,WHITE,ziyadnz/hourly-ipv4,ziyadnz|hourly,2026-08-17T18:48:05Z,2026-08-17T18:48:05Z,
168.0.27.203,ipv4,malicious-ip,medium,WHITE,ziyadnz/hourly-ipv4,ziyadnz|hourly,2026-08-17T18:48:05Z,2026-08-17T18:48:05Z,
168.0.55.41,ipv4,malicious-ip,medium,WHITE,ziyadnz/hourly-ipv4,ziyadnz|hourly,2026-08-17T18:48:05Z,2026-08-17T18:48:05Z,
168.0.94.215,ipv4,malicious-ip,medium,WHITE,ziyadnz/hourly-ipv4,ziyadnz|hourly,2026-08-17T18:48:05Z,2026-08-17T18:48:05Z,
168.0.99.157,ipv4,malicious-ip,medium,WHITE,ziyadnz/hourly-ipv4,ziyadnz|hourly,2026-08-17T18:48:05Z,2026-08-17T18:48:05Z,
168.0.99.204,ipv4,malicious-ip,medium,WHITE,ziyadnz/hourly-ipv4,ziyadnz|hourly,2026-08-17T18:48:05Z,2026-08-17T18:48:05Z,
168.100.10.112,ipv4,malicious-ip,medium,WHITE,ziyadnz/hourly-ipv4,ziyadnz|hourly,2026-08-17T18:48:05Z,2026-08-17T18:48:05Z,
168.100.10.136,ipv4,malicious-ip,medium,WHITE,ziyadnz/hourly-ipv4,ziyadnz|hourly,2026-08-17T18:48:05Z,2026-08-17T18:48:05Z,
168.100.10.137,ipv4,malicious-ip,medium,WHITE,ziyadnz/hourly-ipv4,ziyadnz|hourly,2026-08-17T18:48:05Z,2026-08-17T18:48:05Z,
168.100.10.152,ipv4,malicious-ip,medium,WHITE,ziyadnz/hourly-ipv4,ziyadnz|hourly,2026-08-17T18:48:05Z,2026-08-17T18:48:05Z,
168.100.10.160,ipv4,malicious-ip,medium,WHITE,ziyadnz/hourly-ipv4,ziyadnz|hourly,2026-08-17T18:48:05Z,2026-08-17T18:48:05Z,
168.100.10.234,ipv4,malicious-ip,medium,WHITE,ziyadnz/hourly-ipv4,ziyadnz|hourly,2026-08-17T18:48:05Z,2026-08-17T18:48:05Z,
168.100.10.242,ipv4,malicious-ip,medium,WHITE,ziyadnz/hourly-ipv4,ziyadnz|hourly,2026-08-17T18:48:05Z,2026-08-17T18:48:05Z,
168.100.10.46,ipv4,malicious-ip,medium,WHITE,ziyadnz/hourly-ipv4,ziyadnz|hourly,2026-08-17T18:48:05Z,2026-08-17T18:48:05Z,
168.100.10.69,ipv4,malicious-ip,medium,WHITE,ziyadnz/hourly-ipv4,ziyadnz|hourly,2026-08-17T18:48:05Z,2026-08-17T18:48:05Z,
168.100.11.169,ipv4,malicious-ip,medium,WHITE,ziyadnz/hourly-ipv4,ziyadnz|hourly,2026-08-17T18:48:05Z,2026-08-17T18:48:05Z,
168.100.11.204,ipv4,malicious-ip,medium,WHITE,ziyadnz/hourly-ipv4,ziyadnz|hourly,2026-08-17T18:48:05Z,2026-08-17T18:48:05Z,
168.100.11.28,ipv4,malicious-ip,medium,WHITE,ziyadnz/hourly-ipv4,ziyadnz|hourly,2026-08-17T18:48:05Z,2026-08-17T18:48:05Z,
168.100.11.68,ipv4,malicious-ip,medium,WHITE,ziyadnz/hourly-ipv4,ziyadnz|hourly,2026-08-17T18:48:05Z,2026-08-17T18:48:05Z,
168.100.11.72,ipv4,malicious-ip,medium,WHITE,ziyadnz/hourly-ipv4,ziyadnz|hourly,2026-08-17T18:48:05Z,2026-08-17T18:48:05Z,
168.100.149.11,ipv4,malicious-ip,medium,WHITE,ziyadnz/hourly-ipv4,ziyadnz|hourly,2026-08-17T18:48:05Z,2026-08-17T18:48:05Z,
168.100.149.111,ipv4,malicious-ip,medium,WHITE,ziyadnz/hourly-ipv4,ziyadnz|hourly,2026-08-17T18:48:05Z,2026-08-17T18:48:05Z,
168.100.149.113,ipv4,malicious-ip,medium,WHITE,ziyadnz/hourly-ipv4,ziyadnz|hourly,2026-08-17T18:48:05Z,2026-08-17T18:48:05Z,
168.100.149.114,ipv4,malicious-ip,medium,WHITE,ziyadnz/hourly-ipv4,ziyadnz|hourly,2026-08-17T18:48:05Z,2026-08-17T18:48:05Z,
168.100.149.116,ipv4,malicious-ip,medium,WHITE,ziyadnz/hourly-ipv4,ziyadnz|hourly,2026-08-17T18:48:05Z,2026-08-17T18:48:05Z,
168.100.149.125,ipv4,malicious-ip,medium,WHITE,ziyadnz/hourly-ipv4,ziyadnz|hourly,2026-08-17T18:48:05Z,2026-08-17T18:48:05Z,
168.100.149.129,ipv4,malicious-ip,medium,WHITE,ziyadnz/hourly-ipv4,ziyadnz|hourly,2026-08-17T18:48:05Z,2026-08-17T18:48:05Z,
168.100.149.136,ipv4,malicious-ip,medium,WHITE,ziyadnz/hourly-ipv4,ziyadnz|hourly,2026-08-17T18:48:05Z,2026-08-17T18:48:05Z,
168.100.149.141,ipv4,malicious-ip,medium,WHITE,ziyadnz/hourly-ipv4,ziyadnz|hourly,2026-08-17T18:48:05Z,2026-08-17T18:48:05Z,
168.100.149.150,ipv4,malicious-ip,medium,WHITE,ziyadnz/hourly-ipv4,ziyadnz|hourly,2026-08-17T18:48:05Z,2026-08-17T18:48:05Z,
168.100.149.159,ipv4,malicious-ip,medium,WHITE,ziyadnz/hourly-ipv4,ziyadnz|hourly,2026-08-17T18:48:05Z,2026-08-17T18:48:05Z,
168.100.149.160,ipv4,malicious-ip,medium,WHITE,ziyadnz/hourly-ipv4,ziyadnz|hourly,2026-08-17T18:48:05Z,2026-08-17T18:48:05Z,
168.100.149.166,ipv4,malicious-ip,medium,WHITE,ziyadnz/hourly-ipv4,ziyadnz|hourly,2026-08-17T18:48:05Z,2026-08-17T18:48:05Z,
168.100.149.180,ipv4,malicious-ip,medium,WHITE,ziyadnz/hourly-ipv4,ziyadnz|hourly,2026-08-17T18:48:05Z,2026-08-17T18:48:05Z,
168.100.149.183,ipv4,malicious-ip,medium,WHITE,ziyadnz/hourly-ipv4,ziyadnz|hourly,2026-08-17T18:48:05Z,2026-08-17T18:48:05Z,
168.100.149.189,ipv4,malicious-ip,medium,WHITE,ziyadnz/hourly-ipv4,ziyadnz|hourly,2026-08-17T18:48:05Z,2026-08-17T18:48:05Z,
168.100.149.193,ipv4,malicious-ip,medium,WHITE,ziyadnz/hourly-ipv4,ziyadnz|hourly,2026-08-17T18:48:05Z,2026-08-17T18:48:05Z,
168.100.149.2,ipv4,malicious-ip,medium,WHITE,ziyadnz/hourly-ipv4,ziyadnz|hourly,2026-08-17T18:48:05Z,2026-08-17T18:48:05Z,
168.100.149.202,ipv4,malicious-ip,medium,WHITE,ziyadnz/hourly-ipv4,ziyadnz|hourly,2026-08-17T18:48:05Z,2026-08-17T18:48:05Z,
168.100.149.21,ipv4,malicious-ip,medium,WHITE,ziyadnz/hourly-ipv4,ziyadnz|hourly,2026-08-17T18:48:05Z,2026-08-17T18:48:05Z,
168.100.149.211,ipv4,malicious-ip,medium,WHITE,ziyadnz/hourly-ipv4,ziyadnz|hourly,2026-08-17T18:48:05Z,2026-08-17T18:48:05Z,
168.100.149.212,ipv4,malicious-ip,medium,WHITE,ziyadnz/hourly-ipv4,ziyadnz|hourly,2026-08-17T18:48:05Z,2026-08-17T18:48:05Z,
168.100.149.219,ipv4,malicious-ip,medium,WHITE,ziyadnz/hourly-ipv4,ziyadnz|hourly,2026-08-17T18:48:05Z,2026-08-17T18:48:05Z,
168.100.149.230,ipv4,malicious-ip,medium,WHITE,ziyadnz/hourly-ipv4,ziyadnz|hourly,2026-08-17T18:48:05Z,2026-08-17T18:48:05Z,
168.100.149.241,ipv4,malicious-ip,medium,WHITE,ziyadnz/hourly-ipv4,ziyadnz|hourly,2026-08-17T18:48:05Z,2026-08-17T18:48:05Z,
168.100.149.27,ipv4,malicious-ip,medium,WHITE,ziyadnz/hourly-ipv4,ziyadnz|hourly,2026-08-17T18:48:05Z,2026-08-17T18:48:05Z,
168.100.149.29,ipv4,malicious-ip,medium,WHITE,ziyadnz/hourly-ipv4,ziyadnz|hourly,2026-08-17T18:48:05Z,2026-08-17T18:48:05Z,
168.100.149.3,ipv4,malicious-ip,medium,WHITE,ziyadnz/hourly-ipv4,ziyadnz|hourly,2026-08-17T18:48:05Z,2026-08-17T18:48:05Z,
168.100.149.30,ipv4,malicious-ip,medium,WHITE,ziyadnz/hourly-ipv4,ziyadnz|hourly,2026-08-17T18:48:05Z,2026-08-17T18:48:05Z,
168.100.149.33,ipv4,malicious-ip,medium,WHITE,ziyadnz/hourly-ipv4,ziyadnz|hourly,2026-08-17T18:48:05Z,2026-08-17T18:48:05Z,
168.100.149.42,ipv4,malicious-ip,medium,WHITE,ziyadnz/hourly-ipv4,ziyadnz|hourly,2026-08-17T18:48:05Z,2026-08-17T18:48:05Z,
168.100.149.44,ipv4,malicious-ip,medium,WHITE,ziyadnz/hourly-ipv4,ziyadnz|hourly,2026-08-17T18:48:05Z,2026-08-17T18:48:05Z,
168.100.149.46,ipv4,malicious-ip,medium,WHITE,ziyadnz/hourly-ipv4,ziyadnz|hourly,2026-08-17T18:48:05Z,2026-08-17T18:48:05Z,
168.100.149.49,ipv4,malicious-ip,medium,WHITE,ziyadnz/hourly-ipv4,ziyadnz|hourly,2026-08-17T18:48:05Z,2026-08-17T18:48:05Z,
168.100.149.50,ipv4,malicious-ip,medium,WHITE,ziyadnz/hourly-ipv4,ziyadnz|hourly,2026-08-17T18:48:05Z,2026-08-17T18:48:05Z,
168.100.149.52,ipv4,malicious-ip,medium,WHITE,ziyadnz/hourly-ipv4,ziyadnz|hourly,2026-08-17T18:48:05Z,2026-08-17T18:48:05Z,
168.100.149.56,ipv4,malicious-ip,medium,WHITE,ziyadnz/hourly-ipv4,ziyadnz|hourly,2026-08-17T18:48:05Z,2026-08-17T18:48:05Z,
168.100.149.62,ipv4,malicious-ip,medium,WHITE,ziyadnz/hourly-ipv4,ziyadnz|hourly,2026-08-17T18:48:05Z,2026-08-17T18:48:05Z,
168.100.149.63,ipv4,malicious-ip,medium,WHITE,ziyadnz/hourly-ipv4,ziyadnz|hourly,2026-08-17T18:48:05Z,2026-08-17T18:48:05Z,
168.100.149.66,ipv4,malicious-ip,medium,WHITE,ziyadnz/hourly-ipv4,ziyadnz|hourly,2026-08-17T18:48:05Z,2026-08-17T18:48:05Z,
168.100.149.71,ipv4,malicious-ip,medium,WHITE,ziyadnz/hourly-ipv4,ziyadnz|hourly,2026-08-17T18:48:05Z,2026-08-17T18:48:05Z,
168.100.149.79,ipv4,malicious-ip,medium,WHITE,ziyadnz/hourly-ipv4,ziyadnz|hourly,2026-08-17T18:48:05Z,2026-08-17T18:48:05Z,
168.100.149.81,ipv4,malicious-ip,medium,WHITE,ziyadnz/hourly-ipv4,ziyadnz|hourly,2026-08-17T18:48:05Z,2026-08-17T18:48:05Z,
168.100.149.83,ipv4,malicious-ip,medium,WHITE,ziyadnz/hourly-ipv4,ziyadnz|hourly,2026-08-17T18:48:05Z,2026-08-17T18:48:05Z,
168.100.149.91,ipv4,malicious-ip,medium,WHITE,ziyadnz/hourly-ipv4,ziyadnz|hourly,2026-08-17T18:48:05Z,2026-08-17T18:48:05Z,
168.100.149.92,ipv4,malicious-ip,medium,WHITE,ziyadnz/hourly-ipv4,ziyadnz|hourly,2026-08-17T18:48:05Z,2026-08-17T18:48:05Z,
168.100.161.249,ipv4,malicious-ip,medium,WHITE,ziyadnz/hourly-ipv4,ziyadnz|hourly,2026-08-17T18:48:05Z,2026-08-17T18:48:05Z,
168.100.8.101,ipv4,malicious-ip,medium,WHITE,ziyadnz/hourly-ipv4,ziyadnz|hourly,2026-08-17T18:48:05Z,2026-08-17T18:48:05Z,
168.100.8.129,ipv4,malicious-ip,medium,WHITE,ziyadnz/hourly-ipv4,ziyadnz|hourly,2026-08-17T18:48:05Z,2026-08-17T18:48:05Z,
168.100.8.21,ipv4,malicious-ip,medium,WHITE,ziyadnz/hourly-ipv4,ziyadnz|hourly,2026-08-17T18:48:05Z,2026-08-17T18:48:05Z,
168.100.8.242,ipv4,malicious-ip,medium,WHITE,ziyadnz/hourly-ipv4,ziyadnz|hourly,2026-08-17T18:48:05Z,2026-08-17T18:48:05Z,
168.100.8.36,ipv4,malicious-ip,medium,WHITE,ziyadnz/hourly-ipv4,ziyadnz|hourly,2026-08-17T18:48:05Z,2026-08-17T18:48:05Z,
168.100.8.44,ipv4,malicious-ip,medium,WHITE,ziyadnz/hourly-ipv4,ziyadnz|hourly,2026-08-17T18:48:05Z,2026-08-17T18:48:05Z,
168.100.8.70,ipv4,malicious-ip,medium,WHITE,ziyadnz/hourly-ipv4,ziyadnz|hourly,2026-08-17T18:48:05Z,2026-08-17T18:48:05Z,
168.100.8.96,ipv4,malicious-ip,medium,WHITE,ziyadnz/hourly-ipv4,ziyadnz|hourly,2026-08-17T18:48:05Z,2026-08-17T18:48:05Z,
168.100.9.109,ipv4,malicious-ip,medium,WHITE,ziyadnz/hourly-ipv4,ziyadnz|hourly,2026-08-17T18:48:05Z,2026-08-17T18:48:05Z,
168.100.9.122,ipv4,malicious-ip,medium,WHITE,ziyadnz/hourly-ipv4,ziyadnz|hourly,2026-08-17T18:48:05Z,2026-08-17T18:48:05Z,
168.100.9.137,ipv4,malicious-ip,medium,WHITE,ziyadnz/hourly-ipv4,ziyadnz|hourly,2026-08-17T18:48:05Z,2026-08-17T18:48:05Z,
168.100.9.176,ipv4,malicious-ip,medium,WHITE,ziyadnz/hourly-ipv4,ziyadnz|hourly,2026-08-17T18:48:05Z,2026-08-17T18:48:05Z,
168.100.9.179,ipv4,malicious-ip,medium,WHITE,ziyadnz/hourly-ipv4,ziyadnz|hourly,2026-08-17T18:48:05Z,2026-08-17T18:48:05Z,
168.100.9.207,ipv4,malicious-ip,medium,WHITE,ziyadnz/hourly-ipv4,ziyadnz|hourly,2026-08-17T18:48:05Z,2026-08-17T18:48:05Z,
168.100.9.216,ipv4,malicious-ip,medium,WHITE,ziyadnz/hourly-ipv4,ziyadnz|hourly,2026-08-17T18:48:05Z,2026-08-17T18:48:05Z,
168.100.9.218,ipv4,malicious-ip,medium,WHITE,ziyadnz/hourly-ipv4,ziyadnz|hourly,2026-08-17T18:48:05Z,2026-08-17T18:48:05Z,
168.100.9.253,ipv4,malicious-ip,medium,WHITE,ziyadnz/hourly-ipv4,ziyadnz|hourly,2026-08-17T18:48:05Z,2026-08-17T18:48:05Z,
168.100.9.5,ipv4,malicious-ip,medium,WHITE,ziyadnz/hourly-ipv4,ziyadnz|hourly,2026-08-17T18:48:05Z,2026-08-17T18:48:05Z,
168.100.9.61,ipv4,malicious-ip,medium,WHITE,ziyadnz/hourly-ipv4,ziyadnz|hourly,2026-08-17T18:48:05Z,2026-08-17T18:48:05Z,
168.100.9.67,ipv4,malicious-ip,medium,WHITE,ziyadnz/hourly-ipv4,ziyadnz|hourly,2026-08-17T18:48:05Z,2026-08-17T18:48:05Z,
168.100.9.75,ipv4,malicious-ip,medium,WHITE,ziyadnz/hourly-ipv4,ziyadnz|hourly,2026-08-17T18:48:05Z,2026-08-17T18:48:05Z,
168.107.1.198,ipv4,malicious-ip,medium,WHITE,ziyadnz/hourly-ipv4,ziyadnz|hourly,2026-08-17T18:48:05Z,2026-08-17T18:48:05Z,
168.107.74.170,ipv4,malicious-ip,medium,WHITE,ziyadnz/hourly-ipv4,ziyadnz|hourly,2026-08-17T18:48:05Z,2026-08-17T18:48:05Z,
168.110.195.99,ipv4,malicious-ip,medium,WHITE,ziyadnz/hourly-ipv4,ziyadnz|hourly,2026-08-17T18:48:05Z,2026-08-17T18:48:05Z,
168.110.63.243,ipv4,malicious-ip,medium,WHITE,ziyadnz/hourly-ipv4,ziyadnz|hourly,2026-08-17T18:48:05Z,2026-08-17T18:48:05Z,
168.119.126.255,ipv4,malicious-ip,medium,WHITE,ziyadnz/hourly-ipv4,ziyadnz|hourly,2026-08-17T18:48:05Z,2026-08-17T18:48:05Z,
168.119.166.209,ipv4,malicious-ip,medium,WHITE,ziyadnz/hourly-ipv4,ziyadnz|hourly,2026-08-17T18:48:05Z,2026-08-17T18:48:05Z,
168.119.179.204,ipv4,malicious-ip,medium,WHITE,ziyadnz/hourly-ipv4,ziyadnz|hourly,2026-08-17T18:48:05Z,2026-08-17T18:48:05Z,
168.119.243.238,ipv4,malicious-ip,medium,WHITE,ziyadnz/hourly-ipv4,ziyadnz|hourly,2026-08-17T18:48:05Z,2026-08-17T18:48:05Z,
168.119.82.89,ipv4,malicious-ip,medium,WHITE,ziyadnz/hourly-ipv4,ziyadnz|hourly,2026-08-17T18:48:05Z,2026-08-17T18:48:05Z,
168.119.91.14,ipv4,malicious-ip,medium,WHITE,ziyadnz/hourly-ipv4,ziyadnz|hourly,2026-08-17T18:48:05Z,2026-08-17T18:48:05Z,
168.119.96.41,ipv4,malicious-ip,medium,WHITE,ziyadnz/hourly-ipv4,ziyadnz|hourly,2026-08-17T18:48:05Z,2026-08-17T18:48:05Z,
168.121.12.233,ipv4,malicious-ip,medium,WHITE,ziyadnz/hourly-ipv4,ziyadnz|hourly,2026-08-17T18:48:05Z,2026-08-17T18:48:05Z,
168.121.201.251,ipv4,malicious-ip,medium,WHITE,ziyadnz/hourly-ipv4,ziyadnz|hourly,2026-08-17T18:48:05Z,2026-08-17T18:48:05Z,
168.121.206.143,ipv4,malicious-ip,medium,WHITE,ziyadnz/hourly-ipv4,ziyadnz|hourly,2026-08-17T18:48:05Z,2026-08-17T18:48:05Z,
168.121.242.172,ipv4,malicious-ip,medium,WHITE,ziyadnz/hourly-ipv4,ziyadnz|hourly,2026-08-17T18:48:05Z,2026-08-17T18:48:05Z,
168.121.46.24,ipv4,malicious-ip,medium,WHITE,ziyadnz/hourly-ipv4,ziyadnz|hourly,2026-08-17T18:48:05Z,2026-08-17T18:48:05Z,
168.121.99.241,ipv4,malicious-ip,medium,WHITE,ziyadnz/hourly-ipv4,ziyadnz|hourly,2026-08-17T18:48:05Z,2026-08-17T18:48:05Z,
168.126.36.209,ipv4,malicious-ip,medium,WHITE,ziyadnz/hourly-ipv4,ziyadnz|hourly,2026-08-17T18:48:05Z,2026-08-17T18:48:05Z,
168.129.177.35,ipv4,malicious-ip,medium,WHITE,ziyadnz/hourly-ipv4,ziyadnz|hourly,2026-08-17T18:48:05Z,2026-08-17T18:48:05Z,
168.138.213.115,ipv4,malicious-ip,medium,WHITE,ziyadnz/hourly-ipv4,ziyadnz|hourly,2026-08-17T18:48:05Z,2026-08-17T18:48:05Z,
168.138.213.229,ipv4,malicious-ip,medium,WHITE,ziyadnz/hourly-ipv4,ziyadnz|hourly,2026-08-17T18:48:05Z,2026-08-17T18:48:05Z,
168.138.215.193,ipv4,malicious-ip,medium,WHITE,ziyadnz/hourly-ipv4,ziyadnz|hourly,2026-08-17T18:48:05Z,2026-08-17T18:48:05Z,
168.138.232.38,ipv4,malicious-ip,medium,WHITE,ziyadnz/hourly-ipv4,ziyadnz|hourly,2026-08-17T18:48:05Z,2026-08-17T18:48:05Z,
168.138.90.7,ipv4,malicious-ip,medium,WHITE,ziyadnz/hourly-ipv4,ziyadnz|hourly,2026-08-17T18:48:05Z,2026-08-17T18:48:05Z,
168.144.103.222,ipv4,malicious-ip,medium,WHITE,ziyadnz/hourly-ipv4,ziyadnz|hourly,2026-08-17T18:48:05Z,2026-08-17T18:48:05Z,
168.144.104.139,ipv4,malicious-ip,medium,WHITE,ziyadnz/hourly-ipv4,ziyadnz|hourly,2026-08-17T18:48:05Z,2026-08-17T18:48:05Z,
168.144.105.20,ipv4,malicious-ip,medium,WHITE,ziyadnz/hourly-ipv4,ziyadnz|hourly,2026-08-17T18:48:05Z,2026-08-17T18:48:05Z,
168.144.106.188,ipv4,malicious-ip,medium,WHITE,ziyadnz/hourly-ipv4,ziyadnz|hourly,2026-08-17T18:48:05Z,2026-08-17T18:48:05Z,
168.144.113.21,ipv4,malicious-ip,medium,WHITE,ziyadnz/hourly-ipv4,ziyadnz|hourly,2026-08-17T18:48:05Z,2026-08-17T18:48:05Z,
168.144.118.176,ipv4,malicious-ip,medium,WHITE,ziyadnz/hourly-ipv4,ziyadnz|hourly,2026-08-17T18:48:05Z,2026-08-17T18:48:05Z,
168.144.118.213,ipv4,malicious-ip,medium,WHITE,ziyadnz/hourly-ipv4,ziyadnz|hourly,2026-08-17T18:48:05Z,2026-08-17T18:48:05Z,
168.144.130.140,ipv4,malicious-ip,medium,WHITE,ziyadnz/hourly-ipv4,ziyadnz|hourly,2026-08-17T18:48:05Z,2026-08-17T18:48:05Z,
168.144.134.32,ipv4,malicious-ip,medium,WHITE,ziyadnz/hourly-ipv4,ziyadnz|hourly,2026-08-17T18:48:05Z,2026-08-17T18:48:05Z,
168.144.137.91,ipv4,malicious-ip,medium,WHITE,ziyadnz/hourly-ipv4,ziyadnz|hourly,2026-08-17T18:48:05Z,2026-08-17T18:48:05Z,
168.144.138.17,ipv4,malicious-ip,medium,WHITE,ziyadnz/hourly-ipv4,ziyadnz|hourly,2026-08-17T18:48:05Z,2026-08-17T18:48:05Z,
168.144.145.17,ipv4,malicious-ip,medium,WHITE,ziyadnz/hourly-ipv4,ziyadnz|hourly,2026-08-17T18:48:05Z,2026-08-17T18:48:05Z,
168.144.160.16,ipv4,malicious-ip,medium,WHITE,ziyadnz/hourly-ipv4,ziyadnz|hourly,2026-08-17T18:48:05Z,2026-08-17T18:48:05Z,
168.144.162.70,ipv4,malicious-ip,medium,WHITE,ziyadnz/hourly-ipv4,ziyadnz|hourly,2026-08-17T18:48:05Z,2026-08-17T18:48:05Z,
168.144.163.250,ipv4,malicious-ip,medium,WHITE,ziyadnz/hourly-ipv4,ziyadnz|hourly,2026-08-17T18:48:05Z,2026-08-17T18:48:05Z,
168.144.169.240,ipv4,malicious-ip,medium,WHITE,ziyadnz/hourly-ipv4,ziyadnz|hourly,2026-08-17T18:48:05Z,2026-08-17T18:48:05Z,
168.144.174.250,ipv4,malicious-ip,medium,WHITE,ziyadnz/hourly-ipv4,ziyadnz|hourly,2026-08-17T18:48:05Z,2026-08-17T18:48:05Z,
168.144.179.201,ipv4,malicious-ip,medium,WHITE,ziyadnz/hourly-ipv4,ziyadnz|hourly,2026-08-17T18:48:05Z,2026-08-17T18:48:05Z,
168.144.182.229,ipv4,malicious-ip,medium,WHITE,ziyadnz/hourly-ipv4,ziyadnz|hourly,2026-08-17T18:48:05Z,2026-08-17T18:48:05Z,
168.144.183.27,ipv4,malicious-ip,medium,WHITE,ziyadnz/hourly-ipv4,ziyadnz|hourly,2026-08-17T18:48:05Z,2026-08-17T18:48:05Z,
168.144.189.140,ipv4,malicious-ip,medium,WHITE,ziyadnz/hourly-ipv4,ziyadnz|hourly,2026-08-17T18:48:05Z,2026-08-17T18:48:05Z,
168.144.242.95,ipv4,malicious-ip,medium,WHITE,ziyadnz/hourly-ipv4,ziyadnz|hourly,2026-08-17T18:48:05Z,2026-08-17T18:48:05Z,
168.144.247.60,ipv4,malicious-ip,medium,WHITE,ziyadnz/hourly-ipv4,ziyadnz|hourly,2026-08-17T18:48:05Z,2026-08-17T18:48:05Z,
168.144.255.34,ipv4,malicious-ip,medium,WHITE,ziyadnz/hourly-ipv4,ziyadnz|hourly,2026-08-17T18:48:05Z,2026-08-17T18:48:05Z,
168.144.36.141,ipv4,malicious-ip,medium,WHITE,ziyadnz/hourly-ipv4,ziyadnz|hourly,2026-08-17T18:48:05Z,2026-08-17T18:48:05Z,
168.144.41.188,ipv4,malicious-ip,medium,WHITE,ziyadnz/hourly-ipv4,ziyadnz|hourly,2026-08-17T18:48:05Z,2026-08-17T18:48:05Z,
168.144.41.229,ipv4,malicious-ip,medium,WHITE,ziyadnz/hourly-ipv4,ziyadnz|hourly,2026-08-17T18:48:05Z,2026-08-17T18:48:05Z,
168.144.42.119,ipv4,malicious-ip,medium,WHITE,ziyadnz/hourly-ipv4,ziyadnz|hourly,2026-08-17T18:48:05Z,2026-08-17T18:48:05Z,
168.144.45.139,ipv4,malicious-ip,medium,WHITE,ziyadnz/hourly-ipv4,ziyadnz|hourly,2026-08-17T18:48:05Z,2026-08-17T18:48:05Z,
168.144.68.2,ipv4,malicious-ip,medium,WHITE,ziyadnz/hourly-ipv4,ziyadnz|hourly,2026-08-17T18:48:05Z,2026-08-17T18:48:05Z,
168.144.72.230,ipv4,malicious-ip,medium,WHITE,ziyadnz/hourly-ipv4,ziyadnz|hourly,2026-08-17T18:48:05Z,2026-08-17T18:48:05Z,
168.144.72.53,ipv4,malicious-ip,medium,WHITE,ziyadnz/hourly-ipv4,ziyadnz|hourly,2026-08-17T18:48:05Z,2026-08-17T18:48:05Z,
168.144.72.7,ipv4,malicious-ip,medium,WHITE,ziyadnz/hourly-ipv4,ziyadnz|hourly,2026-08-17T18:48:05Z,2026-08-17T18:48:05Z,
168.144.76.1,ipv4,malicious-ip,medium,WHITE,ziyadnz/hourly-ipv4,ziyadnz|hourly,2026-08-17T18:48:05Z,2026-08-17T18:48:05Z,
168.144.77.55,ipv4,malicious-ip,medium,WHITE,ziyadnz/hourly-ipv4,ziyadnz|hourly,2026-08-17T18:48:05Z,2026-08-17T18:48:05Z,
168.144.78.207,ipv4,malicious-ip,medium,WHITE,ziyadnz/hourly-ipv4,ziyadnz|hourly,2026-08-17T18:48:05Z,2026-08-17T18:48:05Z,
168.144.79.199,ipv4,malicious-ip,medium,WHITE,ziyadnz/hourly-ipv4,ziyadnz|hourly,2026-08-17T18:48:05Z,2026-08-17T18:48:05Z,
168.144.83.141,ipv4,malicious-ip,medium,WHITE,ziyadnz/hourly-ipv4,ziyadnz|hourly,2026-08-17T18:48:05Z,2026-08-17T18:48:05Z,
168.144.85.122,ipv4,malicious-ip,medium,WHITE,ziyadnz/hourly-ipv4,ziyadnz|hourly,2026-08-17T18:48:05Z,2026-08-17T18:48:05Z,
168.144.87.93,ipv4,malicious-ip,medium,WHITE,ziyadnz/hourly-ipv4,ziyadnz|hourly,2026-08-17T18:48:05Z,2026-08-17T18:48:05Z,
168.144.89.239,ipv4,malicious-ip,medium,WHITE,ziyadnz/hourly-ipv4,ziyadnz|hourly,2026-08-17T18:48:05Z,2026-08-17T18:48:05Z,
168.144.92.125,ipv4,malicious-ip,medium,WHITE,ziyadnz/hourly-ipv4,ziyadnz|hourly,2026-08-17T18:48:05Z,2026-08-17T18:48:05Z,
168.144.95.137,ipv4,malicious-ip,medium,WHITE,ziyadnz/hourly-ipv4,ziyadnz|hourly,2026-08-17T18:48:05Z,2026-08-17T18:48:05Z,
168.144.95.207,ipv4,malicious-ip,medium,WHITE,ziyadnz/hourly-ipv4,ziyadnz|hourly,2026-08-17T18:48:05Z,2026-08-17T18:48:05Z,
168.144.98.128,ipv4,malicious-ip,medium,WHITE,ziyadnz/hourly-ipv4,ziyadnz|hourly,2026-08-17T18:48:05Z,2026-08-17T18:48:05Z,
168.167.228.74,ipv4,malicious-ip,medium,WHITE,ziyadnz/hourly-ipv4,ziyadnz|hourly,2026-08-17T18:48:05Z,2026-08-17T18:48:05Z,
168.167.39.10,ipv4,malicious-ip,medium,WHITE,ziyadnz/hourly-ipv4,ziyadnz|hourly,2026-08-17T18:48:05Z,2026-08-17T18:48:05Z,
168.167.72.132,ipv4,malicious-ip,medium,WHITE,ziyadnz/hourly-ipv4,ziyadnz|hourly,2026-08-17T18:48:05Z,2026-08-17T18:48:05Z,
168.167.81.163,ipv4,malicious-ip,medium,WHITE,ziyadnz/hourly-ipv4,ziyadnz|hourly,2026-08-17T18:48:05Z,2026-08-17T18:48:05Z,
168.167.81.171,ipv4,malicious-ip,medium,WHITE,ziyadnz/hourly-ipv4,ziyadnz|hourly,2026-08-17T18:48:05Z,2026-08-17T18:48:05Z,
168.167.81.186,ipv4,malicious-ip,medium,WHITE,ziyadnz/hourly-ipv4,ziyadnz|hourly,2026-08-17T18:48:05Z,2026-08-17T18:48:05Z,
168.181.113.10,ipv4,malicious-ip,medium,WHITE,ziyadnz/hourly-ipv4,ziyadnz|hourly,2026-08-17T18:48:05Z,2026-08-17T18:48:05Z,
168.181.142.104,ipv4,malicious-ip,medium,WHITE,ziyadnz/hourly-ipv4,ziyadnz|hourly,2026-08-17T18:48:05Z,2026-08-17T18:48:05Z,
168.181.161.66,ipv4,malicious-ip,medium,WHITE,ziyadnz/hourly-ipv4,ziyadnz|hourly,2026-08-17T18:48:05Z,2026-08-17T18:48:05Z,
168.181.179.151,ipv4,malicious-ip,medium,WHITE,ziyadnz/hourly-ipv4,ziyadnz|hourly,2026-08-17T18:48:05Z,2026-08-17T18:48:05Z,
168.181.197.179,ipv4,malicious-ip,medium,WHITE,ziyadnz/hourly-ipv4,ziyadnz|hourly,2026-08-17T18:48:05Z,2026-08-17T18:48:05Z,
168.181.217.249,ipv4,malicious-ip,medium,WHITE,ziyadnz/hourly-ipv4,ziyadnz|hourly,2026-08-17T18:48:05Z,2026-08-17T18:48:05Z,
168.181.245.51,ipv4,malicious-ip,medium,WHITE,ziyadnz/hourly-ipv4,ziyadnz|hourly,2026-08-17T18:48:05Z,2026-08-17T18:48:05Z,
168.181.245.86,ipv4,malicious-ip,medium,WHITE,ziyadnz/hourly-ipv4,ziyadnz|hourly,2026-08-17T18:48:05Z,2026-08-17T18:48:05Z,
168.181.29.215,ipv4,malicious-ip,medium,WHITE,ziyadnz/hourly-ipv4,ziyadnz|hourly,2026-08-17T18:48:05Z,2026-08-17T18:48:05Z,
168.181.31.54,ipv4,malicious-ip,medium,WHITE,ziyadnz/hourly-ipv4,ziyadnz|hourly,2026-08-17T18:48:05Z,2026-08-17T18:48:05Z,
168.181.88.69,ipv4,malicious-ip,medium,WHITE,ziyadnz/hourly-ipv4,ziyadnz|hourly,2026-08-17T18:48:05Z,2026-08-17T18:48:05Z,
168.194.102.105,ipv4,malicious-ip,medium,WHITE,ziyadnz/hourly-ipv4,ziyadnz|hourly,2026-08-17T18:48:05Z,2026-08-17T18:48:05Z,
168.194.116.109,ipv4,malicious-ip,medium,WHITE,ziyadnz/hourly-ipv4,ziyadnz|hourly,2026-08-17T18:48:05Z,2026-08-17T18:48:05Z,
168.194.117.168,ipv4,malicious-ip,medium,WHITE,ziyadnz/hourly-ipv4,ziyadnz|hourly,2026-08-17T18:48:05Z,2026-08-17T18:48:05Z,
168.194.140.208,ipv4,malicious-ip,medium,WHITE,ziyadnz/hourly-ipv4,ziyadnz|hourly,2026-08-17T18:48:05Z,2026-08-17T18:48:05Z,
168.194.142.204,ipv4,malicious-ip,medium,WHITE,ziyadnz/hourly-ipv4,ziyadnz|hourly,2026-08-17T18:48:05Z,2026-08-17T18:48:05Z,
168.194.154.141,ipv4,malicious-ip,medium,WHITE,ziyadnz/hourly-ipv4,ziyadnz|hourly,2026-08-17T18:48:05Z,2026-08-17T18:48:05Z,
168.194.154.162,ipv4,malicious-ip,medium,WHITE,ziyadnz/hourly-ipv4,ziyadnz|hourly,2026-08-17T18:48:05Z,2026-08-17T18:48:05Z,
168.194.154.191,ipv4,malicious-ip,medium,WHITE,ziyadnz/hourly-ipv4,ziyadnz|hourly,2026-08-17T18:48:05Z,2026-08-17T18:48:05Z,
168.194.160.225,ipv4,malicious-ip,medium,WHITE,ziyadnz/hourly-ipv4,ziyadnz|hourly,2026-08-17T18:48:05Z,2026-08-17T18:48:05Z,
168.194.164.3,ipv4,malicious-ip,medium,WHITE,ziyadnz/hourly-ipv4,ziyadnz|hourly,2026-08-17T18:48:05Z,2026-08-17T18:48:05Z,
168.194.167.169,ipv4,malicious-ip,medium,WHITE,ziyadnz/hourly-ipv4,ziyadnz|hourly,2026-08-17T18:48:05Z,2026-08-17T18:48:05Z,
168.194.25.219,ipv4,malicious-ip,medium,WHITE,ziyadnz/hourly-ipv4,ziyadnz|hourly,2026-08-17T18:48:05Z,2026-08-17T18:48:05Z,
168.194.38.101,ipv4,malicious-ip,medium,WHITE,ziyadnz/hourly-ipv4,ziyadnz|hourly,2026-08-17T18:48:05Z,2026-08-17T18:48:05Z,
168.194.59.18,ipv4,malicious-ip,medium,WHITE,ziyadnz/hourly-ipv4,ziyadnz|hourly,2026-08-17T18:48:05Z,2026-08-17T18:48:05Z,
168.194.8.205,ipv4,malicious-ip,medium,WHITE,ziyadnz/hourly-ipv4,ziyadnz|hourly,2026-08-17T18:48:05Z,2026-08-17T18:48:05Z,
168.194.9.0,ipv4,malicious-ip,medium,WHITE,ziyadnz/hourly-ipv4,ziyadnz|hourly,2026-08-17T18:48:05Z,2026-08-17T18:48:05Z,
168.195.178.254,ipv4,malicious-ip,medium,WHITE,ziyadnz/hourly-ipv4,ziyadnz|hourly,2026-08-17T18:48:05Z,2026-08-17T18:48:05Z,
168.195.24.106,ipv4,malicious-ip,medium,WHITE,ziyadnz/hourly-ipv4,ziyadnz|hourly,2026-08-17T18:48:05Z,2026-08-17T18:48:05Z,
168.196.132.34,ipv4,malicious-ip,medium,WHITE,ziyadnz/hourly-ipv4,ziyadnz|hourly,2026-08-17T18:48:05Z,2026-08-17T18:48:05Z,
168.196.138.21,ipv4,malicious-ip,medium,WHITE,ziyadnz/hourly-ipv4,ziyadnz|hourly,2026-08-17T18:48:05Z,2026-08-17T18:48:05Z,
168.196.141.60,ipv4,malicious-ip,medium,WHITE,ziyadnz/hourly-ipv4,ziyadnz|hourly,2026-08-17T18:48:05Z,2026-08-17T18:48:05Z,
168.196.152.138,ipv4,malicious-ip,medium,WHITE,ziyadnz/hourly-ipv4,ziyadnz|hourly,2026-08-17T18:48:05Z,2026-08-17T18:48:05Z,
168.196.18.135,ipv4,malicious-ip,medium,WHITE,ziyadnz/hourly-ipv4,ziyadnz|hourly,2026-08-17T18:48:05Z,2026-08-17T18:48:05Z,
168.196.206.14,ipv4,malicious-ip,medium,WHITE,ziyadnz/hourly-ipv4,ziyadnz|hourly,2026-08-17T18:48:05Z,2026-08-17T18:48:05Z,
168.196.232.29,ipv4,malicious-ip,medium,WHITE,ziyadnz/hourly-ipv4,ziyadnz|hourly,2026-08-17T18:48:05Z,2026-08-17T18:48:05Z,
168.196.246.118,ipv4,malicious-ip,medium,WHITE,ziyadnz/hourly-ipv4,ziyadnz|hourly,2026-08-17T18:48:05Z,2026-08-17T18:48:05Z,
168.196.33.216,ipv4,malicious-ip,medium,WHITE,ziyadnz/hourly-ipv4,ziyadnz|hourly,2026-08-17T18:48:05Z,2026-08-17T18:48:05Z,
168.196.35.138,ipv4,malicious-ip,medium,WHITE,ziyadnz/hourly-ipv4,ziyadnz|hourly,2026-08-17T18:48:05Z,2026-08-17T18:48:05Z,
168.196.40.217,ipv4,malicious-ip,medium,WHITE,ziyadnz/hourly-ipv4,ziyadnz|hourly,2026-08-17T18:48:05Z,2026-08-17T18:48:05Z,
168.196.40.246,ipv4,malicious-ip,medium,WHITE,ziyadnz/hourly-ipv4,ziyadnz|hourly,2026-08-17T18:48:05Z,2026-08-17T18:48:05Z,
168.196.49.235,ipv4,malicious-ip,medium,WHITE,ziyadnz/hourly-ipv4,ziyadnz|hourly,2026-08-17T18:48:05Z,2026-08-17T18:48:05Z,
168.196.58.251,ipv4,malicious-ip,medium,WHITE,ziyadnz/hourly-ipv4,ziyadnz|hourly,2026-08-17T18:48:05Z,2026-08-17T18:48:05Z,
168.196.88.40,ipv4,malicious-ip,medium,WHITE,ziyadnz/hourly-ipv4,ziyadnz|hourly,2026-08-17T18:48:05Z,2026-08-17T18:48:05Z,
168.197.105.179,ipv4,malicious-ip,medium,WHITE,ziyadnz/hourly-ipv4,ziyadnz|hourly,2026-08-17T18:48:05Z,2026-08-17T18:48:05Z,
168.197.106.252,ipv4,malicious-ip,medium,WHITE,ziyadnz/hourly-ipv4,ziyadnz|hourly,2026-08-17T18:48:05Z,2026-08-17T18:48:05Z,
168.197.107.103,ipv4,malicious-ip,medium,WHITE,ziyadnz/hourly-ipv4,ziyadnz|hourly,2026-08-17T18:48:05Z,2026-08-17T18:48:05Z,
168.197.131.33,ipv4,malicious-ip,medium,WHITE,ziyadnz/hourly-ipv4,ziyadnz|hourly,2026-08-17T18:48:05Z,2026-08-17T18:48:05Z,
168.197.216.56,ipv4,malicious-ip,medium,WHITE,ziyadnz/hourly-ipv4,ziyadnz|hourly,2026-08-17T18:48:05Z,2026-08-17T18:48:05Z,
168.197.221.240,ipv4,malicious-ip,medium,WHITE,ziyadnz/hourly-ipv4,ziyadnz|hourly,2026-08-17T18:48:05Z,2026-08-17T18:48:05Z,
168.197.25.86,ipv4,malicious-ip,medium,WHITE,ziyadnz/hourly-ipv4,ziyadnz|hourly,2026-08-17T18:48:05Z,2026-08-17T18:48:05Z,
168.205.101.90,ipv4,malicious-ip,medium,WHITE,ziyadnz/hourly-ipv4,ziyadnz|hourly,2026-08-17T18:48:05Z,2026-08-17T18:48:05Z,
168.205.143.142,ipv4,malicious-ip,medium,WHITE,ziyadnz/hourly-ipv4,ziyadnz|hourly,2026-08-17T18:48:05Z,2026-08-17T18:48:05Z,
168.205.176.202,ipv4,malicious-ip,medium,WHITE,ziyadnz/hourly-ipv4,ziyadnz|hourly,2026-08-17T18:48:05Z,2026-08-17T18:48:05Z,
168.205.200.55,ipv4,malicious-ip,medium,WHITE,ziyadnz/hourly-ipv4,ziyadnz|hourly,2026-08-17T18:48:05Z,2026-08-17T18:48:05Z,
168.205.205.249,ipv4,malicious-ip,medium,WHITE,ziyadnz/hourly-ipv4,ziyadnz|hourly,2026-08-17T18:48:05Z,2026-08-17T18:48:05Z,
168.205.221.203,ipv4,malicious-ip,medium,WHITE,ziyadnz/hourly-ipv4,ziyadnz|hourly,2026-08-17T18:48:05Z,2026-08-17T18:48:05Z,
168.205.223.249,ipv4,malicious-ip,medium,WHITE,ziyadnz/hourly-ipv4,ziyadnz|hourly,2026-08-17T18:48:05Z,2026-08-17T18:48:05Z,
168.205.42.57,ipv4,malicious-ip,medium,WHITE,ziyadnz/hourly-ipv4,ziyadnz|hourly,2026-08-17T18:48:05Z,2026-08-17T18:48:05Z,
168.205.69.205,ipv4,malicious-ip,medium,WHITE,ziyadnz/hourly-ipv4,ziyadnz|hourly,2026-08-17T18:48:05Z,2026-08-17T18:48:05Z,
168.205.81.235,ipv4,malicious-ip,medium,WHITE,ziyadnz/hourly-ipv4,ziyadnz|hourly,2026-08-17T18:48:05Z,2026-08-17T18:48:05Z,
168.210.177.38,ipv4,malicious-ip,medium,WHITE,ziyadnz/hourly-ipv4,ziyadnz|hourly,2026-08-17T18:48:05Z,2026-08-17T18:48:05Z,
168.210.207.100,ipv4,malicious-ip,medium,WHITE,ziyadnz/hourly-ipv4,ziyadnz|hourly,2026-08-17T18:48:05Z,2026-08-17T18:48:05Z,
168.210.50.153,ipv4,malicious-ip,medium,WHITE,ziyadnz/hourly-ipv4,ziyadnz|hourly,2026-08-17T18:48:05Z,2026-08-17T18:48:05Z,
168.210.92.53,ipv4,malicious-ip,medium,WHITE,ziyadnz/hourly-ipv4,ziyadnz|hourly,2026-08-17T18:48:05Z,2026-08-17T18:48:05Z,
168.220.177.215,ipv4,malicious-ip,medium,WHITE,ziyadnz/hourly-ipv4,ziyadnz|hourly,2026-08-17T18:48:05Z,2026-08-17T18:48:05Z,
168.220.184.39,ipv4,malicious-ip,medium,WHITE,ziyadnz/hourly-ipv4,ziyadnz|hourly,2026-08-17T18:48:05Z,2026-08-17T18:48:05Z,
168.220.234.210,ipv4,malicious-ip,medium,WHITE,ziyadnz/hourly-ipv4,ziyadnz|hourly,2026-08-17T18:48:05Z,2026-08-17T18:48:05Z,
168.220.237.171,ipv4,malicious-ip,medium,WHITE,ziyadnz/hourly-ipv4,ziyadnz|hourly,2026-08-17T18:48:05Z,2026-08-17T18:48:05Z,
168.222.140.218,ipv4,malicious-ip,medium,WHITE,ziyadnz/hourly-ipv4,ziyadnz|hourly,2026-08-17T18:48:05Z,2026-08-17T18:48:05Z,
168.227.155.115,ipv4,malicious-ip,medium,WHITE,ziyadnz/hourly-ipv4,ziyadnz|hourly,2026-08-17T18:48:05Z,2026-08-17T18:48:05Z,
168.227.17.108,ipv4,malicious-ip,medium,WHITE,ziyadnz/hourly-ipv4,ziyadnz|hourly,2026-08-17T18:48:05Z,2026-08-17T18:48:05Z,
168.227.181.64,ipv4,malicious-ip,medium,WHITE,ziyadnz/hourly-ipv4,ziyadnz|hourly,2026-08-17T18:48:05Z,2026-08-17T18:48:05Z,
168.227.200.165,ipv4,malicious-ip,medium,WHITE,ziyadnz/hourly-ipv4,ziyadnz|hourly,2026-08-17T18:48:05Z,2026-08-17T18:48:05Z,
168.227.223.199,ipv4,malicious-ip,medium,WHITE,ziyadnz/hourly-ipv4,ziyadnz|hourly,2026-08-17T18:48:05Z,2026-08-17T18:48:05Z,
168.227.225.13,ipv4,malicious-ip,medium,WHITE,ziyadnz/hourly-ipv4,ziyadnz|hourly,2026-08-17T18:48:05Z,2026-08-17T18:48:05Z,
168.227.228.109,ipv4,malicious-ip,medium,WHITE,ziyadnz/hourly-ipv4,ziyadnz|hourly,2026-08-17T18:48:05Z,2026-08-17T18:48:05Z,
168.228.153.196,ipv4,malicious-ip,medium,WHITE,ziyadnz/hourly-ipv4,ziyadnz|hourly,2026-08-17T18:48:05Z,2026-08-17T18:48:05Z,
168.228.157.191,ipv4,malicious-ip,medium,WHITE,ziyadnz/hourly-ipv4,ziyadnz|hourly,2026-08-17T18:48:05Z,2026-08-17T18:48:05Z,
168.228.194.242,ipv4,malicious-ip,medium,WHITE,ziyadnz/hourly-ipv4,ziyadnz|hourly,2026-08-17T18:48:05Z,2026-08-17T18:48:05Z,
168.228.20.197,ipv4,malicious-ip,medium,WHITE,ziyadnz/hourly-ipv4,ziyadnz|hourly,2026-08-17T18:48:05Z,2026-08-17T18:48:05Z,
168.228.200.52,ipv4,malicious-ip,medium,WHITE,ziyadnz/hourly-ipv4,ziyadnz|hourly,2026-08-17T18:48:05Z,2026-08-17T18:48:05Z,
168.228.202.19,ipv4,malicious-ip,medium,WHITE,ziyadnz/hourly-ipv4,ziyadnz|hourly,2026-08-17T18:48:05Z,2026-08-17T18:48:05Z,
168.228.216.116,ipv4,malicious-ip,medium,WHITE,ziyadnz/hourly-ipv4,ziyadnz|hourly,2026-08-17T18:48:05Z,2026-08-17T18:48:05Z,
168.228.221.66,ipv4,malicious-ip,medium,WHITE,ziyadnz/hourly-ipv4,ziyadnz|hourly,2026-08-17T18:48:05Z,2026-08-17T18:48:05Z,
168.228.39.17,ipv4,malicious-ip,medium,WHITE,ziyadnz/hourly-ipv4,ziyadnz|hourly,2026-08-17T18:48:05Z,2026-08-17T18:48:05Z,
168.231.69.12,ipv4,malicious-ip,medium,WHITE,ziyadnz/hourly-ipv4,ziyadnz|hourly,2026-08-17T18:48:05Z,2026-08-17T18:48:05Z,
168.232.144.128,ipv4,malicious-ip,medium,WHITE,ziyadnz/hourly-ipv4,ziyadnz|hourly,2026-08-17T18:48:05Z,2026-08-17T18:48:05Z,
168.232.150.252,ipv4,malicious-ip,medium,WHITE,ziyadnz/hourly-ipv4,ziyadnz|hourly,2026-08-17T18:48:05Z,2026-08-17T18:48:05Z,
168.232.152.106,ipv4,malicious-ip,medium,WHITE,ziyadnz/hourly-ipv4,ziyadnz|hourly,2026-08-17T18:48:05Z,2026-08-17T18:48:05Z,
168.232.160.11,ipv4,malicious-ip,medium,WHITE,ziyadnz/hourly-ipv4,ziyadnz|hourly,2026-08-17T18:48:05Z,2026-08-17T18:48:05Z,
168.232.160.168,ipv4,malicious-ip,medium,WHITE,ziyadnz/hourly-ipv4,ziyadnz|hourly,2026-08-17T18:48:05Z,2026-08-17T18:48:05Z,
168.232.162.96,ipv4,malicious-ip,medium,WHITE,ziyadnz/hourly-ipv4,ziyadnz|hourly,2026-08-17T18:48:05Z,2026-08-17T18:48:05Z,
168.232.212.215,ipv4,malicious-ip,medium,WHITE,ziyadnz/hourly-ipv4,ziyadnz|hourly,2026-08-17T18:48:05Z,2026-08-17T18:48:05Z,
168.232.62.176,ipv4,malicious-ip,medium,WHITE,ziyadnz/hourly-ipv4,ziyadnz|hourly,2026-08-17T18:48:05Z,2026-08-17T18:48:05Z,
168.235.108.172,ipv4,malicious-ip,medium,WHITE,ziyadnz/hourly-ipv4,ziyadnz|hourly,2026-08-17T18:48:05Z,2026-08-17T18:48:05Z,
168.245.203.112,ipv4,malicious-ip,medium,WHITE,ziyadnz/hourly-ipv4,ziyadnz|hourly,2026-08-17T18:48:05Z,2026-08-17T18:48:05Z,
168.245.238.195,ipv4,malicious-ip,medium,WHITE,ziyadnz/hourly-ipv4,ziyadnz|hourly,2026-08-17T18:48:05Z,2026-08-17T18:48:05Z,
168.62.199.219,ipv4,malicious-ip,medium,WHITE,ziyadnz/hourly-ipv4,ziyadnz|hourly,2026-08-17T18:48:05Z,2026-08-17T18:48:05Z,
168.70.34.57,ipv4,malicious-ip,medium,WHITE,ziyadnz/hourly-ipv4,ziyadnz|hourly,2026-08-17T18:48:05Z,2026-08-17T18:48:05Z,
168.76.20.229,ipv4,malicious-ip,medium,WHITE,ziyadnz/hourly-ipv4,ziyadnz|hourly,2026-08-17T18:48:05Z,2026-08-17T18:48:05Z,
168.77.212.241,ipv4,malicious-ip,medium,WHITE,ziyadnz/hourly-ipv4,ziyadnz|hourly,2026-08-17T18:48:05Z,2026-08-17T18:48:05Z,
168.90.103.5,ipv4,malicious-ip,medium,WHITE,ziyadnz/hourly-ipv4,ziyadnz|hourly,2026-08-17T18:48:05Z,2026-08-17T18:48:05Z,
168.90.13.95,ipv4,malicious-ip,medium,WHITE,ziyadnz/hourly-ipv4,ziyadnz|hourly,2026-08-17T18:48:05Z,2026-08-17T18:48:05Z,
168.90.143.0,ipv4,malicious-ip,medium,WHITE,ziyadnz/hourly-ipv4,ziyadnz|hourly,2026-08-17T18:48:05Z,2026-08-17T18:48:05Z,
168.90.147.66,ipv4,malicious-ip,medium,WHITE,ziyadnz/hourly-ipv4,ziyadnz|hourly,2026-08-17T18:48:05Z,2026-08-17T18:48:05Z,
168.90.161.0,ipv4,malicious-ip,medium,WHITE,ziyadnz/hourly-ipv4,ziyadnz|hourly,2026-08-17T18:48:05Z,2026-08-17T18:48:05Z,
168.90.18.131,ipv4,malicious-ip,medium,WHITE,ziyadnz/hourly-ipv4,ziyadnz|hourly,2026-08-17T18:48:05Z,2026-08-17T18:48:05Z,
168.90.50.122,ipv4,malicious-ip,medium,WHITE,ziyadnz/hourly-ipv4,ziyadnz|hourly,2026-08-17T18:48:05Z,2026-08-17T18:48:05Z,
169.0.30.202,ipv4,malicious-ip,medium,WHITE,ziyadnz/hourly-ipv4,ziyadnz|hourly,2026-08-17T18:48:05Z,2026-08-17T18:48:05Z,
169.1.12.161,ipv4,malicious-ip,medium,WHITE,ziyadnz/hourly-ipv4,ziyadnz|hourly,2026-08-17T18:48:05Z,2026-08-17T18:48:05Z,
169.1.153.134,ipv4,malicious-ip,medium,WHITE,ziyadnz/hourly-ipv4,ziyadnz|hourly,2026-08-17T18:48:05Z,2026-08-17T18:48:05Z,
169.1.242.179,ipv4,malicious-ip,medium,WHITE,ziyadnz/hourly-ipv4,ziyadnz|hourly,2026-08-17T18:48:05Z,2026-08-17T18:48:05Z,
169.1.243.4,ipv4,malicious-ip,medium,WHITE,ziyadnz/hourly-ipv4,ziyadnz|hourly,2026-08-17T18:48:05Z,2026-08-17T18:48:05Z,
169.150.196.19,ipv4,malicious-ip,medium,WHITE,ziyadnz/hourly-ipv4,ziyadnz|hourly,2026-08-17T18:48:05Z,2026-08-17T18:48:05Z,
169.150.196.36,ipv4,malicious-ip,medium,WHITE,ziyadnz/hourly-ipv4,ziyadnz|hourly,2026-08-17T18:48:05Z,2026-08-17T18:48:05Z,
169.150.197.10,ipv4,malicious-ip,medium,WHITE,ziyadnz/hourly-ipv4,ziyadnz|hourly,2026-08-17T18:48:05Z,2026-08-17T18:48:05Z,
169.150.197.18,ipv4,malicious-ip,medium,WHITE,ziyadnz/hourly-ipv4,ziyadnz|hourly,2026-08-17T18:48:05Z,2026-08-17T18:48:05Z,
169.150.201.11,ipv4,malicious-ip,medium,WHITE,ziyadnz/hourly-ipv4,ziyadnz|hourly,2026-08-17T18:48:05Z,2026-08-17T18:48:05Z,
169.150.201.132,ipv4,malicious-ip,medium,WHITE,ziyadnz/hourly-ipv4,ziyadnz|hourly,2026-08-17T18:48:05Z,2026-08-17T18:48:05Z,
169.150.201.135,ipv4,malicious-ip,medium,WHITE,ziyadnz/hourly-ipv4,ziyadnz|hourly,2026-08-17T18:48:05Z,2026-08-17T18:48:05Z,
169.150.201.21,ipv4,malicious-ip,medium,WHITE,ziyadnz/hourly-ipv4,ziyadnz|hourly,2026-08-17T18:48:05Z,2026-08-17T18:48:05Z,
169.150.201.4,ipv4,malicious-ip,medium,WHITE,ziyadnz/hourly-ipv4,ziyadnz|hourly,2026-08-17T18:48:05Z,2026-08-17T18:48:05Z,
169.150.205.98,ipv4,malicious-ip,medium,WHITE,ziyadnz/hourly-ipv4,ziyadnz|hourly,2026-08-17T18:48:05Z,2026-08-17T18:48:05Z,
169.150.208.211,ipv4,malicious-ip,medium,WHITE,ziyadnz/hourly-ipv4,ziyadnz|hourly,2026-08-17T18:48:05Z,2026-08-17T18:48:05Z,
169.155.239.142,ipv4,malicious-ip,medium,WHITE,ziyadnz/hourly-ipv4,ziyadnz|hourly,2026-08-17T18:48:05Z,2026-08-17T18:48:05Z,
169.155.251.214,ipv4,malicious-ip,medium,WHITE,ziyadnz/hourly-ipv4,ziyadnz|hourly,2026-08-17T18:48:05Z,2026-08-17T18:48:05Z,
169.197.113.175,ipv4,malicious-ip,medium,WHITE,ziyadnz/hourly-ipv4,ziyadnz|hourly,2026-08-17T18:48:05Z,2026-08-17T18:48:05Z,
169.197.141.206,ipv4,malicious-ip,medium,WHITE,ziyadnz/hourly-ipv4,ziyadnz|hourly,2026-08-17T18:48:05Z,2026-08-17T18:48:05Z,
169.197.142.119,ipv4,malicious-ip,medium,WHITE,ziyadnz/hourly-ipv4,ziyadnz|hourly,2026-08-17T18:48:05Z,2026-08-17T18:48:05Z,
169.197.89.9,ipv4,malicious-ip,medium,WHITE,ziyadnz/hourly-ipv4,ziyadnz|hourly,2026-08-17T18:48:05Z,2026-08-17T18:48:05Z,
169.204.230.166,ipv4,malicious-ip,medium,WHITE,ziyadnz/hourly-ipv4,ziyadnz|hourly,2026-08-17T18:48:05Z,2026-08-17T18:48:05Z,
169.211.128.234,ipv4,malicious-ip,medium,WHITE,ziyadnz/hourly-ipv4,ziyadnz|hourly,2026-08-17T18:48:05Z,2026-08-17T18:48:05Z,
169.212.149.252,ipv4,malicious-ip,medium,WHITE,ziyadnz/hourly-ipv4,ziyadnz|hourly,2026-08-17T18:48:05Z,2026-08-17T18:48:05Z,
169.213.58.63,ipv4,malicious-ip,medium,WHITE,ziyadnz/hourly-ipv4,ziyadnz|hourly,2026-08-17T18:48:05Z,2026-08-17T18:48:05Z,
169.224.124.41,ipv4,malicious-ip,medium,WHITE,ziyadnz/hourly-ipv4,ziyadnz|hourly,2026-08-17T18:48:05Z,2026-08-17T18:48:05Z,
169.224.126.92,ipv4,malicious-ip,medium,WHITE,ziyadnz/hourly-ipv4,ziyadnz|hourly,2026-08-17T18:48:05Z,2026-08-17T18:48:05Z,
169.224.28.8,ipv4,malicious-ip,medium,WHITE,ziyadnz/hourly-ipv4,ziyadnz|hourly,2026-08-17T18:48:05Z,2026-08-17T18:48:05Z,
169.224.36.85,ipv4,malicious-ip,medium,WHITE,ziyadnz/hourly-ipv4,ziyadnz|hourly,2026-08-17T18:48:05Z,2026-08-17T18:48:05Z,
169.224.5.177,ipv4,malicious-ip,medium,WHITE,ziyadnz/hourly-ipv4,ziyadnz|hourly,2026-08-17T18:48:05Z,2026-08-17T18:48:05Z,
169.224.7.64,ipv4,malicious-ip,medium,WHITE,ziyadnz/hourly-ipv4,ziyadnz|hourly,2026-08-17T18:48:05Z,2026-08-17T18:48:05Z,
169.224.88.85,ipv4,malicious-ip,medium,WHITE,ziyadnz/hourly-ipv4,ziyadnz|hourly,2026-08-17T18:48:05Z,2026-08-17T18:48:05Z,
169.224.89.141,ipv4,malicious-ip,medium,WHITE,ziyadnz/hourly-ipv4,ziyadnz|hourly,2026-08-17T18:48:05Z,2026-08-17T18:48:05Z,
169.224.91.49,ipv4,malicious-ip,medium,WHITE,ziyadnz/hourly-ipv4,ziyadnz|hourly,2026-08-17T18:48:05Z,2026-08-17T18:48:05Z,
169.224.96.146,ipv4,malicious-ip,medium,WHITE,ziyadnz/hourly-ipv4,ziyadnz|hourly,2026-08-17T18:48:05Z,2026-08-17T18:48:05Z,
169.228.66.212,ipv4,malicious-ip,medium,WHITE,ziyadnz/hourly-ipv4,ziyadnz|hourly,2026-08-17T18:48:05Z,2026-08-17T18:48:05Z,
169.239.120.11,ipv4,malicious-ip,medium,WHITE,ziyadnz/hourly-ipv4,ziyadnz|hourly,2026-08-17T18:48:05Z,2026-08-17T18:48:05Z,
169.239.128.137,ipv4,malicious-ip,medium,WHITE,ziyadnz/hourly-ipv4,ziyadnz|hourly,2026-08-17T18:48:05Z,2026-08-17T18:48:05Z,
169.239.129.108,ipv4,malicious-ip,medium,WHITE,ziyadnz/hourly-ipv4,ziyadnz|hourly,2026-08-17T18:48:05Z,2026-08-17T18:48:05Z,
169.239.129.48,ipv4,malicious-ip,medium,WHITE,ziyadnz/hourly-ipv4,ziyadnz|hourly,2026-08-17T18:48:05Z,2026-08-17T18:48:05Z,
169.239.129.63,ipv4,malicious-ip,medium,WHITE,ziyadnz/hourly-ipv4,ziyadnz|hourly,2026-08-17T18:48:05Z,2026-08-17T18:48:05Z,
169.239.129.76,ipv4,malicious-ip,medium,WHITE,ziyadnz/hourly-ipv4,ziyadnz|hourly,2026-08-17T18:48:05Z,2026-08-17T18:48:05Z,
169.239.158.229,ipv4,malicious-ip,medium,WHITE,ziyadnz/hourly-ipv4,ziyadnz|hourly,2026-08-17T18:48:05Z,2026-08-17T18:48:05Z,
169.239.158.230,ipv4,malicious-ip,medium,WHITE,ziyadnz/hourly-ipv4,ziyadnz|hourly,2026-08-17T18:48:05Z,2026-08-17T18:48:05Z,
169.239.183.232,ipv4,malicious-ip,medium,WHITE,ziyadnz/hourly-ipv4,ziyadnz|hourly,2026-08-17T18:48:05Z,2026-08-17T18:48:05Z,
169.239.197.68,ipv4,malicious-ip,medium,WHITE,ziyadnz/hourly-ipv4,ziyadnz|hourly,2026-08-17T18:48:05Z,2026-08-17T18:48:05Z,
169.239.209.12,ipv4,malicious-ip,medium,WHITE,ziyadnz/hourly-ipv4,ziyadnz|hourly,2026-08-17T18:48:05Z,2026-08-17T18:48:05Z,
169.239.247.131,ipv4,malicious-ip,medium,WHITE,ziyadnz/hourly-ipv4,ziyadnz|hourly,2026-08-17T18:48:05Z,2026-08-17T18:48:05Z,
169.255.161.243,ipv4,malicious-ip,medium,WHITE,ziyadnz/hourly-ipv4,ziyadnz|hourly,2026-08-17T18:48:05Z,2026-08-17T18:48:05Z,
169.255.187.234,ipv4,malicious-ip,medium,WHITE,ziyadnz/hourly-ipv4,ziyadnz|hourly,2026-08-17T18:48:05Z,2026-08-17T18:48:05Z,
169.255.198.193,ipv4,malicious-ip,medium,WHITE,ziyadnz/hourly-ipv4,ziyadnz|hourly,2026-08-17T18:48:05Z,2026-08-17T18:48:05Z,
169.255.236.74,ipv4,malicious-ip,medium,WHITE,ziyadnz/hourly-ipv4,ziyadnz|hourly,2026-08-17T18:48:05Z,2026-08-17T18:48:05Z,
169.255.59.98,ipv4,malicious-ip,medium,WHITE,ziyadnz/hourly-ipv4,ziyadnz|hourly,2026-08-17T18:48:05Z,2026-08-17T18:48:05Z,
169.255.72.169,ipv4,malicious-ip,medium,WHITE,ziyadnz/hourly-ipv4,ziyadnz|hourly,2026-08-17T18:48:05Z,2026-08-17T18:48:05Z,
169.40.15.121,ipv4,malicious-ip,medium,WHITE,ziyadnz/hourly-ipv4,ziyadnz|hourly,2026-08-17T18:48:05Z,2026-08-17T18:48:05Z,
169.40.2.68,ipv4,malicious-ip,medium,WHITE,ziyadnz/hourly-ipv4,ziyadnz|hourly,2026-08-17T18:48:05Z,2026-08-17T18:48:05Z,
169.55.70.53,ipv4,malicious-ip,medium,WHITE,ziyadnz/hourly-ipv4,ziyadnz|hourly,2026-08-17T18:48:05Z,2026-08-17T18:48:05Z,
169.55.70.54,ipv4,malicious-ip,medium,WHITE,ziyadnz/hourly-ipv4,ziyadnz|hourly,2026-08-17T18:48:05Z,2026-08-17T18:48:05Z,
169.58.107.230,ipv4,malicious-ip,medium,WHITE,ziyadnz/hourly-ipv4,ziyadnz|hourly,2026-08-17T18:48:05Z,2026-08-17T18:48:05Z,
169.58.11.62,ipv4,malicious-ip,medium,WHITE,ziyadnz/hourly-ipv4,ziyadnz|hourly,2026-08-17T18:48:05Z,2026-08-17T18:48:05Z,
169.58.120.95,ipv4,malicious-ip,medium,WHITE,ziyadnz/hourly-ipv4,ziyadnz|hourly,2026-08-17T18:48:05Z,2026-08-17T18:48:05Z,
169.58.126.123,ipv4,malicious-ip,medium,WHITE,ziyadnz/hourly-ipv4,ziyadnz|hourly,2026-08-17T18:48:05Z,2026-08-17T18:48:05Z,
169.58.129.25,ipv4,malicious-ip,medium,WHITE,ziyadnz/hourly-ipv4,ziyadnz|hourly,2026-08-17T18:48:05Z,2026-08-17T18:48:05Z,
169.58.137.184,ipv4,malicious-ip,medium,WHITE,ziyadnz/hourly-ipv4,ziyadnz|hourly,2026-08-17T18:48:05Z,2026-08-17T18:48:05Z,
169.58.138.170,ipv4,malicious-ip,medium,WHITE,ziyadnz/hourly-ipv4,ziyadnz|hourly,2026-08-17T18:48:05Z,2026-08-17T18:48:05Z,
169.58.145.59,ipv4,malicious-ip,medium,WHITE,ziyadnz/hourly-ipv4,ziyadnz|hourly,2026-08-17T18:48:05Z,2026-08-17T18:48:05Z,
169.58.146.40,ipv4,malicious-ip,medium,WHITE,ziyadnz/hourly-ipv4,ziyadnz|hourly,2026-08-17T18:48:05Z,2026-08-17T18:48:05Z,
169.58.147.142,ipv4,malicious-ip,medium,WHITE,ziyadnz/hourly-ipv4,ziyadnz|hourly,2026-08-17T18:48:05Z,2026-08-17T18:48:05Z,
169.58.152.0,ipv4,malicious-ip,medium,WHITE,ziyadnz/hourly-ipv4,ziyadnz|hourly,2026-08-17T18:48:05Z,2026-08-17T18:48:05Z,
169.58.152.72,ipv4,malicious-ip,medium,WHITE,ziyadnz/hourly-ipv4,ziyadnz|hourly,2026-08-17T18:48:05Z,2026-08-17T18:48:05Z,
169.58.152.74,ipv4,malicious-ip,medium,WHITE,ziyadnz/hourly-ipv4,ziyadnz|hourly,2026-08-17T18:48:05Z,2026-08-17T18:48:05Z,
169.58.152.76,ipv4,malicious-ip,medium,WHITE,ziyadnz/hourly-ipv4,ziyadnz|hourly,2026-08-17T18:48:05Z,2026-08-17T18:48:05Z,
169.58.152.77,ipv4,malicious-ip,medium,WHITE,ziyadnz/hourly-ipv4,ziyadnz|hourly,2026-08-17T18:48:05Z,2026-08-17T18:48:05Z,
169.58.152.81,ipv4,malicious-ip,medium,WHITE,ziyadnz/hourly-ipv4,ziyadnz|hourly,2026-08-17T18:48:05Z,2026-08-17T18:48:05Z,
169.58.152.83,ipv4,malicious-ip,medium,WHITE,ziyadnz/hourly-ipv4,ziyadnz|hourly,2026-08-17T18:48:05Z,2026-08-17T18:48:05Z,
169.58.152.84,ipv4,malicious-ip,medium,WHITE,ziyadnz/hourly-ipv4,ziyadnz|hourly,2026-08-17T18:48:05Z,2026-08-17T18:48:05Z,
169.58.152.86,ipv4,malicious-ip,medium,WHITE,ziyadnz/hourly-ipv4,ziyadnz|hourly,2026-08-17T18:48:05Z,2026-08-17T18:48:05Z,
169.58.161.169,ipv4,malicious-ip,medium,WHITE,ziyadnz/hourly-ipv4,ziyadnz|hourly,2026-08-17T18:48:05Z,2026-08-17T18:48:05Z,
169.58.165.161,ipv4,malicious-ip,medium,WHITE,ziyadnz/hourly-ipv4,ziyadnz|hourly,2026-08-17T18:48:05Z,2026-08-17T18:48:05Z,
169.58.170.93,ipv4,malicious-ip,medium,WHITE,ziyadnz/hourly-ipv4,ziyadnz|hourly,2026-08-17T18:48:05Z,2026-08-17T18:48:05Z,
169.58.170.97,ipv4,malicious-ip,medium,WHITE,ziyadnz/hourly-ipv4,ziyadnz|hourly,2026-08-17T18:48:05Z,2026-08-17T18:48:05Z,
169.58.170.98,ipv4,malicious-ip,medium,WHITE,ziyadnz/hourly-ipv4,ziyadnz|hourly,2026-08-17T18:48:05Z,2026-08-17T18:48:05Z,
169.58.172.195,ipv4,malicious-ip,medium,WHITE,ziyadnz/hourly-ipv4,ziyadnz|hourly,2026-08-17T18:48:05Z,2026-08-17T18:48:05Z,
169.58.188.91,ipv4,malicious-ip,medium,WHITE,ziyadnz/hourly-ipv4,ziyadnz|hourly,2026-08-17T18:48:05Z,2026-08-17T18:48:05Z,
169.58.28.205,ipv4,malicious-ip,medium,WHITE,ziyadnz/hourly-ipv4,ziyadnz|hourly,2026-08-17T18:48:05Z,2026-08-17T18:48:05Z,
169.58.39.116,ipv4,malicious-ip,medium,WHITE,ziyadnz/hourly-ipv4,ziyadnz|hourly,2026-08-17T18:48:05Z,2026-08-17T18:48:05Z,
169.58.39.117,ipv4,malicious-ip,medium,WHITE,ziyadnz/hourly-ipv4,ziyadnz|hourly,2026-08-17T18:48:05Z,2026-08-17T18:48:05Z,
169.58.42.240,ipv4,malicious-ip,medium,WHITE,ziyadnz/hourly-ipv4,ziyadnz|hourly,2026-08-17T18:48:05Z,2026-08-17T18:48:05Z,
169.58.49.65,ipv4,malicious-ip,medium,WHITE,ziyadnz/hourly-ipv4,ziyadnz|hourly,2026-08-17T18:48:05Z,2026-08-17T18:48:05Z,
169.58.54.255,ipv4,malicious-ip,medium,WHITE,ziyadnz/hourly-ipv4,ziyadnz|hourly,2026-08-17T18:48:05Z,2026-08-17T18:48:05Z,
169.58.68.50,ipv4,malicious-ip,medium,WHITE,ziyadnz/hourly-ipv4,ziyadnz|hourly,2026-08-17T18:48:05Z,2026-08-17T18:48:05Z,
169.58.69.2,ipv4,malicious-ip,medium,WHITE,ziyadnz/hourly-ipv4,ziyadnz|hourly,2026-08-17T18:48:05Z,2026-08-17T18:48:05Z,
169.58.74.63,ipv4,malicious-ip,medium,WHITE,ziyadnz/hourly-ipv4,ziyadnz|hourly,2026-08-17T18:48:05Z,2026-08-17T18:48:05Z,
169.58.76.65,ipv4,malicious-ip,medium,WHITE,ziyadnz/hourly-ipv4,ziyadnz|hourly,2026-08-17T18:48:05Z,2026-08-17T18:48:05Z,
169.58.76.7,ipv4,malicious-ip,medium,WHITE,ziyadnz/hourly-ipv4,ziyadnz|hourly,2026-08-17T18:48:05Z,2026-08-17T18:48:05Z,
169.58.80.213,ipv4,malicious-ip,medium,WHITE,ziyadnz/hourly-ipv4,ziyadnz|hourly,2026-08-17T18:48:05Z,2026-08-17T18:48:05Z,
169.58.80.61,ipv4,malicious-ip,medium,WHITE,ziyadnz/hourly-ipv4,ziyadnz|hourly,2026-08-17T18:48:05Z,2026-08-17T18:48:05Z,
169.58.98.0,ipv4,malicious-ip,medium,WHITE,ziyadnz/hourly-ipv4,ziyadnz|hourly,2026-08-17T18:48:05Z,2026-08-17T18:48:05Z,
170.0.11.183,ipv4,malicious-ip,medium,WHITE,ziyadnz/hourly-ipv4,ziyadnz|hourly,2026-08-17T18:48:05Z,2026-08-17T18:48:05Z,
170.0.124.218,ipv4,malicious-ip,medium,WHITE,ziyadnz/hourly-ipv4,ziyadnz|hourly,2026-08-17T18:48:05Z,2026-08-17T18:48:05Z,
170.0.132.226,ipv4,malicious-ip,medium,WHITE,ziyadnz/hourly-ipv4,ziyadnz|hourly,2026-08-17T18:48:05Z,2026-08-17T18:48:05Z,
170.0.143.192,ipv4,malicious-ip,medium,WHITE,ziyadnz/hourly-ipv4,ziyadnz|hourly,2026-08-17T18:48:05Z,2026-08-17T18:48:05Z,
170.0.222.182,ipv4,malicious-ip,medium,WHITE,ziyadnz/hourly-ipv4,ziyadnz|hourly,2026-08-17T18:48:05Z,2026-08-17T18:48:05Z,
170.0.25.90,ipv4,malicious-ip,medium,WHITE,ziyadnz/hourly-ipv4,ziyadnz|hourly,2026-08-17T18:48:05Z,2026-08-17T18:48:05Z,
170.0.56.208,ipv4,malicious-ip,medium,WHITE,ziyadnz/hourly-ipv4,ziyadnz|hourly,2026-08-17T18:48:05Z,2026-08-17T18:48:05Z,
170.0.62.165,ipv4,malicious-ip,medium,WHITE,ziyadnz/hourly-ipv4,ziyadnz|hourly,2026-08-17T18:48:05Z,2026-08-17T18:48:05Z,
170.103.81.14,ipv4,malicious-ip,medium,WHITE,ziyadnz/hourly-ipv4,ziyadnz|hourly,2026-08-17T18:48:05Z,2026-08-17T18:48:05Z,
170.106.100.195,ipv4,malicious-ip,medium,WHITE,ziyadnz/hourly-ipv4,ziyadnz|hourly,2026-08-17T18:48:05Z,2026-08-17T18:48:05Z,
170.106.101.241,ipv4,malicious-ip,medium,WHITE,ziyadnz/hourly-ipv4,ziyadnz|hourly,2026-08-17T18:48:05Z,2026-08-17T18:48:05Z,
170.106.104.232,ipv4,malicious-ip,medium,WHITE,ziyadnz/hourly-ipv4,ziyadnz|hourly,2026-08-17T18:48:05Z,2026-08-17T18:48:05Z,
170.106.105.170,ipv4,malicious-ip,medium,WHITE,ziyadnz/hourly-ipv4,ziyadnz|hourly,2026-08-17T18:48:05Z,2026-08-17T18:48:05Z,
170.106.105.73,ipv4,malicious-ip,medium,WHITE,ziyadnz/hourly-ipv4,ziyadnz|hourly,2026-08-17T18:48:05Z,2026-08-17T18:48:05Z,
170.106.106.16,ipv4,malicious-ip,medium,WHITE,ziyadnz/hourly-ipv4,ziyadnz|hourly,2026-08-17T18:48:05Z,2026-08-17T18:48:05Z,
170.106.11.141,ipv4,malicious-ip,medium,WHITE,ziyadnz/hourly-ipv4,ziyadnz|hourly,2026-08-17T18:48:05Z,2026-08-17T18:48:05Z,
170.106.11.6,ipv4,malicious-ip,medium,WHITE,ziyadnz/hourly-ipv4,ziyadnz|hourly,2026-08-17T18:48:05Z,2026-08-17T18:48:05Z,
170.106.113.159,ipv4,malicious-ip,medium,WHITE,ziyadnz/hourly-ipv4,ziyadnz|hourly,2026-08-17T18:48:05Z,2026-08-17T18:48:05Z,
170.106.113.235,ipv4,malicious-ip,medium,WHITE,ziyadnz/hourly-ipv4,ziyadnz|hourly,2026-08-17T18:48:05Z,2026-08-17T18:48:05Z,
170.106.115.142,ipv4,malicious-ip,medium,WHITE,ziyadnz/hourly-ipv4,ziyadnz|hourly,2026-08-17T18:48:05Z,2026-08-17T18:48:05Z,
170.106.115.251,ipv4,malicious-ip,medium,WHITE,ziyadnz/hourly-ipv4,ziyadnz|hourly,2026-08-17T18:48:05Z,2026-08-17T18:48:05Z,
170.106.115.61,ipv4,malicious-ip,medium,WHITE,ziyadnz/hourly-ipv4,ziyadnz|hourly,2026-08-17T18:48:05Z,2026-08-17T18:48:05Z,
170.106.116.129,ipv4,malicious-ip,medium,WHITE,ziyadnz/hourly-ipv4,ziyadnz|hourly,2026-08-17T18:48:05Z,2026-08-17T18:48:05Z,
170.106.116.183,ipv4,malicious-ip,medium,WHITE,ziyadnz/hourly-ipv4,ziyadnz|hourly,2026-08-17T18:48:05Z,2026-08-17T18:48:05Z,
170.106.117.148,ipv4,malicious-ip,medium,WHITE,ziyadnz/hourly-ipv4,ziyadnz|hourly,2026-08-17T18:48:05Z,2026-08-17T18:48:05Z,
170.106.117.181,ipv4,malicious-ip,medium,WHITE,ziyadnz/hourly-ipv4,ziyadnz|hourly,2026-08-17T18:48:05Z,2026-08-17T18:48:05Z,
170.106.119.118,ipv4,malicious-ip,medium,WHITE,ziyadnz/hourly-ipv4,ziyadnz|hourly,2026-08-17T18:48:05Z,2026-08-17T18:48:05Z,
170.106.119.148,ipv4,malicious-ip,medium,WHITE,ziyadnz/hourly-ipv4,ziyadnz|hourly,2026-08-17T18:48:05Z,2026-08-17T18:48:05Z,
170.106.120.156,ipv4,malicious-ip,medium,WHITE,ziyadnz/hourly-ipv4,ziyadnz|hourly,2026-08-17T18:48:05Z,2026-08-17T18:48:05Z,
170.106.141.184,ipv4,malicious-ip,medium,WHITE,ziyadnz/hourly-ipv4,ziyadnz|hourly,2026-08-17T18:48:05Z,2026-08-17T18:48:05Z,
170.106.143.246,ipv4,malicious-ip,medium,WHITE,ziyadnz/hourly-ipv4,ziyadnz|hourly,2026-08-17T18:48:05Z,2026-08-17T18:48:05Z,
170.106.143.6,ipv4,malicious-ip,medium,WHITE,ziyadnz/hourly-ipv4,ziyadnz|hourly,2026-08-17T18:48:05Z,2026-08-17T18:48:05Z,
170.106.147.35,ipv4,malicious-ip,medium,WHITE,ziyadnz/hourly-ipv4,ziyadnz|hourly,2026-08-17T18:48:05Z,2026-08-17T18:48:05Z,
170.106.147.63,ipv4,malicious-ip,medium,WHITE,ziyadnz/hourly-ipv4,ziyadnz|hourly,2026-08-17T18:48:05Z,2026-08-17T18:48:05Z,
170.106.148.137,ipv4,malicious-ip,medium,WHITE,ziyadnz/hourly-ipv4,ziyadnz|hourly,2026-08-17T18:48:05Z,2026-08-17T18:48:05Z,
170.106.15.3,ipv4,malicious-ip,medium,WHITE,ziyadnz/hourly-ipv4,ziyadnz|hourly,2026-08-17T18:48:05Z,2026-08-17T18:48:05Z,
170.106.150.113,ipv4,malicious-ip,medium,WHITE,ziyadnz/hourly-ipv4,ziyadnz|hourly,2026-08-17T18:48:05Z,2026-08-17T18:48:05Z,
170.106.151.211,ipv4,malicious-ip,medium,WHITE,ziyadnz/hourly-ipv4,ziyadnz|hourly,2026-08-17T18:48:05Z,2026-08-17T18:48:05Z,
170.106.151.236,ipv4,malicious-ip,medium,WHITE,ziyadnz/hourly-ipv4,ziyadnz|hourly,2026-08-17T18:48:05Z,2026-08-17T18:48:05Z,
170.106.152.158,ipv4,malicious-ip,medium,WHITE,ziyadnz/hourly-ipv4,ziyadnz|hourly,2026-08-17T18:48:05Z,2026-08-17T18:48:05Z,
170.106.152.217,ipv4,malicious-ip,medium,WHITE,ziyadnz/hourly-ipv4,ziyadnz|hourly,2026-08-17T18:48:05Z,2026-08-17T18:48:05Z,
170.106.152.218,ipv4,malicious-ip,medium,WHITE,ziyadnz/hourly-ipv4,ziyadnz|hourly,2026-08-17T18:48:05Z,2026-08-17T18:48:05Z,
170.106.154.212,ipv4,malicious-ip,medium,WHITE,ziyadnz/hourly-ipv4,ziyadnz|hourly,2026-08-17T18:48:05Z,2026-08-17T18:48:05Z,
170.106.154.59,ipv4,malicious-ip,medium,WHITE,ziyadnz/hourly-ipv4,ziyadnz|hourly,2026-08-17T18:48:05Z,2026-08-17T18:48:05Z,
170.106.158.170,ipv4,malicious-ip,medium,WHITE,ziyadnz/hourly-ipv4,ziyadnz|hourly,2026-08-17T18:48:05Z,2026-08-17T18:48:05Z,
170.106.158.48,ipv4,malicious-ip,medium,WHITE,ziyadnz/hourly-ipv4,ziyadnz|hourly,2026-08-17T18:48:05Z,2026-08-17T18:48:05Z,
170.106.159.183,ipv4,malicious-ip,medium,WHITE,ziyadnz/hourly-ipv4,ziyadnz|hourly,2026-08-17T18:48:05Z,2026-08-17T18:48:05Z,
170.106.159.59,ipv4,malicious-ip,medium,WHITE,ziyadnz/hourly-ipv4,ziyadnz|hourly,2026-08-17T18:48:05Z,2026-08-17T18:48:05Z,
170.106.160.90,ipv4,malicious-ip,medium,WHITE,ziyadnz/hourly-ipv4,ziyadnz|hourly,2026-08-17T18:48:05Z,2026-08-17T18:48:05Z,
170.106.163.48,ipv4,malicious-ip,medium,WHITE,ziyadnz/hourly-ipv4,ziyadnz|hourly,2026-08-17T18:48:05Z,2026-08-17T18:48:05Z,
170.106.163.84,ipv4,malicious-ip,medium,WHITE,ziyadnz/hourly-ipv4,ziyadnz|hourly,2026-08-17T18:48:05Z,2026-08-17T18:48:05Z,
170.106.165.186,ipv4,malicious-ip,medium,WHITE,ziyadnz/hourly-ipv4,ziyadnz|hourly,2026-08-17T18:48:05Z,2026-08-17T18:48:05Z,
170.106.165.76,ipv4,malicious-ip,medium,WHITE,ziyadnz/hourly-ipv4,ziyadnz|hourly,2026-08-17T18:48:05Z,2026-08-17T18:48:05Z,
170.106.167.133,ipv4,malicious-ip,medium,WHITE,ziyadnz/hourly-ipv4,ziyadnz|hourly,2026-08-17T18:48:05Z,2026-08-17T18:48:05Z,
170.106.167.214,ipv4,malicious-ip,medium,WHITE,ziyadnz/hourly-ipv4,ziyadnz|hourly,2026-08-17T18:48:05Z,2026-08-17T18:48:05Z,
170.106.168.20,ipv4,malicious-ip,medium,WHITE,ziyadnz/hourly-ipv4,ziyadnz|hourly,2026-08-17T18:48:05Z,2026-08-17T18:48:05Z,
170.106.170.173,ipv4,malicious-ip,medium,WHITE,ziyadnz/hourly-ipv4,ziyadnz|hourly,2026-08-17T18:48:05Z,2026-08-17T18:48:05Z,
170.106.174.205,ipv4,malicious-ip,medium,WHITE,ziyadnz/hourly-ipv4,ziyadnz|hourly,2026-08-17T18:48:05Z,2026-08-17T18:48:05Z,
170.106.175.163,ipv4,malicious-ip,medium,WHITE,ziyadnz/hourly-ipv4,ziyadnz|hourly,2026-08-17T18:48:05Z,2026-08-17T18:48:05Z,
170.106.176.235,ipv4,malicious-ip,medium,WHITE,ziyadnz/hourly-ipv4,ziyadnz|hourly,2026-08-17T18:48:05Z,2026-08-17T18:48:05Z,
170.106.177.3,ipv4,malicious-ip,medium,WHITE,ziyadnz/hourly-ipv4,ziyadnz|hourly,2026-08-17T18:48:05Z,2026-08-17T18:48:05Z,
170.106.179.118,ipv4,malicious-ip,medium,WHITE,ziyadnz/hourly-ipv4,ziyadnz|hourly,2026-08-17T18:48:05Z,2026-08-17T18:48:05Z,
170.106.179.68,ipv4,malicious-ip,medium,WHITE,ziyadnz/hourly-ipv4,ziyadnz|hourly,2026-08-17T18:48:05Z,2026-08-17T18:48:05Z,
170.106.180.153,ipv4,malicious-ip,medium,WHITE,ziyadnz/hourly-ipv4,ziyadnz|hourly,2026-08-17T18:48:05Z,2026-08-17T18:48:05Z,
170.106.181.163,ipv4,malicious-ip,medium,WHITE,ziyadnz/hourly-ipv4,ziyadnz|hourly,2026-08-17T18:48:05Z,2026-08-17T18:48:05Z,
170.106.181.179,ipv4,malicious-ip,medium,WHITE,ziyadnz/hourly-ipv4,ziyadnz|hourly,2026-08-17T18:48:05Z,2026-08-17T18:48:05Z,
170.106.186.193,ipv4,malicious-ip,medium,WHITE,ziyadnz/hourly-ipv4,ziyadnz|hourly,2026-08-17T18:48:05Z,2026-08-17T18:48:05Z,
170.106.187.106,ipv4,malicious-ip,medium,WHITE,ziyadnz/hourly-ipv4,ziyadnz|hourly,2026-08-17T18:48:05Z,2026-08-17T18:48:05Z,
170.106.188.200,ipv4,malicious-ip,medium,WHITE,ziyadnz/hourly-ipv4,ziyadnz|hourly,2026-08-17T18:48:05Z,2026-08-17T18:48:05Z,
170.106.191.31,ipv4,malicious-ip,medium,WHITE,ziyadnz/hourly-ipv4,ziyadnz|hourly,2026-08-17T18:48:05Z,2026-08-17T18:48:05Z,
170.106.193.108,ipv4,malicious-ip,medium,WHITE,ziyadnz/hourly-ipv4,ziyadnz|hourly,2026-08-17T18:48:05Z,2026-08-17T18:48:05Z,
170.106.193.78,ipv4,malicious-ip,medium,WHITE,ziyadnz/hourly-ipv4,ziyadnz|hourly,2026-08-17T18:48:05Z,2026-08-17T18:48:05Z,
170.106.197.91,ipv4,malicious-ip,medium,WHITE,ziyadnz/hourly-ipv4,ziyadnz|hourly,2026-08-17T18:48:05Z,2026-08-17T18:48:05Z,
170.106.198.14,ipv4,malicious-ip,medium,WHITE,ziyadnz/hourly-ipv4,ziyadnz|hourly,2026-08-17T18:48:05Z,2026-08-17T18:48:05Z,
170.106.198.141,ipv4,malicious-ip,medium,WHITE,ziyadnz/hourly-ipv4,ziyadnz|hourly,2026-08-17T18:48:05Z,2026-08-17T18:48:05Z,
170.106.198.227,ipv4,malicious-ip,medium,WHITE,ziyadnz/hourly-ipv4,ziyadnz|hourly,2026-08-17T18:48:05Z,2026-08-17T18:48:05Z,
170.106.198.238,ipv4,malicious-ip,medium,WHITE,ziyadnz/hourly-ipv4,ziyadnz|hourly,2026-08-17T18:48:05Z,2026-08-17T18:48:05Z,
170.106.199.33,ipv4,malicious-ip,medium,WHITE,ziyadnz/hourly-ipv4,ziyadnz|hourly,2026-08-17T18:48:05Z,2026-08-17T18:48:05Z,
170.106.35.153,ipv4,malicious-ip,medium,WHITE,ziyadnz/hourly-ipv4,ziyadnz|hourly,2026-08-17T18:48:05Z,2026-08-17T18:48:05Z,
170.106.37.134,ipv4,malicious-ip,medium,WHITE,ziyadnz/hourly-ipv4,ziyadnz|hourly,2026-08-17T18:48:05Z,2026-08-17T18:48:05Z,
170.106.65.131,ipv4,malicious-ip,medium,WHITE,ziyadnz/hourly-ipv4,ziyadnz|hourly,2026-08-17T18:48:05Z,2026-08-17T18:48:05Z,
170.106.65.190,ipv4,malicious-ip,medium,WHITE,ziyadnz/hourly-ipv4,ziyadnz|hourly,2026-08-17T18:48:05Z,2026-08-17T18:48:05Z,
170.106.65.93,ipv4,malicious-ip,medium,WHITE,ziyadnz/hourly-ipv4,ziyadnz|hourly,2026-08-17T18:48:05Z,2026-08-17T18:48:05Z,
170.106.67.57,ipv4,malicious-ip,medium,WHITE,ziyadnz/hourly-ipv4,ziyadnz|hourly,2026-08-17T18:48:05Z,2026-08-17T18:48:05Z,
170.106.67.90,ipv4,malicious-ip,medium,WHITE,ziyadnz/hourly-ipv4,ziyadnz|hourly,2026-08-17T18:48:05Z,2026-08-17T18:48:05Z,
170.106.72.127,ipv4,malicious-ip,medium,WHITE,ziyadnz/hourly-ipv4,ziyadnz|hourly,2026-08-17T18:48:05Z,2026-08-17T18:48:05Z,
170.106.72.130,ipv4,malicious-ip,medium,WHITE,ziyadnz/hourly-ipv4,ziyadnz|hourly,2026-08-17T18:48:05Z,2026-08-17T18:48:05Z,
170.106.73.216,ipv4,malicious-ip,medium,WHITE,ziyadnz/hourly-ipv4,ziyadnz|hourly,2026-08-17T18:48:05Z,2026-08-17T18:48:05Z,
170.106.74.121,ipv4,malicious-ip,medium,WHITE,ziyadnz/hourly-ipv4,ziyadnz|hourly,2026-08-17T18:48:05Z,2026-08-17T18:48:05Z,
170.106.74.215,ipv4,malicious-ip,medium,WHITE,ziyadnz/hourly-ipv4,ziyadnz|hourly,2026-08-17T18:48:05Z,2026-08-17T18:48:05Z,
170.106.76.70,ipv4,malicious-ip,medium,WHITE,ziyadnz/hourly-ipv4,ziyadnz|hourly,2026-08-17T18:48:05Z,2026-08-17T18:48:05Z,
170.106.81.208,ipv4,malicious-ip,medium,WHITE,ziyadnz/hourly-ipv4,ziyadnz|hourly,2026-08-17T18:48:05Z,2026-08-17T18:48:05Z,
170.106.81.52,ipv4,malicious-ip,medium,WHITE,ziyadnz/hourly-ipv4,ziyadnz|hourly,2026-08-17T18:48:05Z,2026-08-17T18:48:05Z,
170.106.82.124,ipv4,malicious-ip,medium,WHITE,ziyadnz/hourly-ipv4,ziyadnz|hourly,2026-08-17T18:48:05Z,2026-08-17T18:48:05Z,
170.106.82.79,ipv4,malicious-ip,medium,WHITE,ziyadnz/hourly-ipv4,ziyadnz|hourly,2026-08-17T18:48:05Z,2026-08-17T18:48:05Z,
170.106.83.106,ipv4,malicious-ip,medium,WHITE,ziyadnz/hourly-ipv4,ziyadnz|hourly,2026-08-17T18:48:05Z,2026-08-17T18:48:05Z,
170.106.84.129,ipv4,malicious-ip,medium,WHITE,ziyadnz/hourly-ipv4,ziyadnz|hourly,2026-08-17T18:48:05Z,2026-08-17T18:48:05Z,
170.106.84.21,ipv4,malicious-ip,medium,WHITE,ziyadnz/hourly-ipv4,ziyadnz|hourly,2026-08-17T18:48:05Z,2026-08-17T18:48:05Z,
170.106.98.66,ipv4,malicious-ip,medium,WHITE,ziyadnz/hourly-ipv4,ziyadnz|hourly,2026-08-17T18:48:05Z,2026-08-17T18:48:05Z,
170.130.165.112,ipv4,malicious-ip,medium,WHITE,ziyadnz/hourly-ipv4,ziyadnz|hourly,2026-08-17T18:48:05Z,2026-08-17T18:48:05Z,
170.130.165.28,ipv4,malicious-ip,medium,WHITE,ziyadnz/hourly-ipv4,ziyadnz|hourly,2026-08-17T18:48:05Z,2026-08-17T18:48:05Z,
170.130.165.37,ipv4,malicious-ip,medium,WHITE,ziyadnz/hourly-ipv4,ziyadnz|hourly,2026-08-17T18:48:05Z,2026-08-17T18:48:05Z,
170.130.165.42,ipv4,malicious-ip,medium,WHITE,ziyadnz/hourly-ipv4,ziyadnz|hourly,2026-08-17T18:48:05Z,2026-08-17T18:48:05Z,
170.130.201.42,ipv4,malicious-ip,medium,WHITE,ziyadnz/hourly-ipv4,ziyadnz|hourly,2026-08-17T18:48:05Z,2026-08-17T18:48:05Z,
170.130.204.0,ipv4,malicious-ip,medium,WHITE,ziyadnz/hourly-ipv4,ziyadnz|hourly,2026-08-17T18:48:05Z,2026-08-17T18:48:05Z,
170.130.204.106,ipv4,malicious-ip,medium,WHITE,ziyadnz/hourly-ipv4,ziyadnz|hourly,2026-08-17T18:48:05Z,2026-08-17T18:48:05Z,
170.130.204.114,ipv4,malicious-ip,medium,WHITE,ziyadnz/hourly-ipv4,ziyadnz|hourly,2026-08-17T18:48:05Z,2026-08-17T18:48:05Z,
170.130.204.18,ipv4,malicious-ip,medium,WHITE,ziyadnz/hourly-ipv4,ziyadnz|hourly,2026-08-17T18:48:05Z,2026-08-17T18:48:05Z,
170.130.204.2,ipv4,malicious-ip,medium,WHITE,ziyadnz/hourly-ipv4,ziyadnz|hourly,2026-08-17T18:48:05Z,2026-08-17T18:48:05Z,
170.130.204.26,ipv4,malicious-ip,medium,WHITE,ziyadnz/hourly-ipv4,ziyadnz|hourly,2026-08-17T18:48:05Z,2026-08-17T18:48:05Z,
170.130.204.34,ipv4,malicious-ip,medium,WHITE,ziyadnz/hourly-ipv4,ziyadnz|hourly,2026-08-17T18:48:05Z,2026-08-17T18:48:05Z,
170.130.204.42,ipv4,malicious-ip,medium,WHITE,ziyadnz/hourly-ipv4,ziyadnz|hourly,2026-08-17T18:48:05Z,2026-08-17T18:48:05Z,
170.130.204.50,ipv4,malicious-ip,medium,WHITE,ziyadnz/hourly-ipv4,ziyadnz|hourly,2026-08-17T18:48:05Z,2026-08-17T18:48:05Z,
170.130.204.74,ipv4,malicious-ip,medium,WHITE,ziyadnz/hourly-ipv4,ziyadnz|hourly,2026-08-17T18:48:05Z,2026-08-17T18:48:05Z,
170.130.204.82,ipv4,malicious-ip,medium,WHITE,ziyadnz/hourly-ipv4,ziyadnz|hourly,2026-08-17T18:48:05Z,2026-08-17T18:48:05Z,
170.130.204.90,ipv4,malicious-ip,medium,WHITE,ziyadnz/hourly-ipv4,ziyadnz|hourly,2026-08-17T18:48:05Z,2026-08-17T18:48:05Z,
170.130.204.98,ipv4,malicious-ip,medium,WHITE,ziyadnz/hourly-ipv4,ziyadnz|hourly,2026-08-17T18:48:05Z,2026-08-17T18:48:05Z,
170.130.55.130,ipv4,malicious-ip,medium,WHITE,ziyadnz/hourly-ipv4,ziyadnz|hourly,2026-08-17T18:48:05Z,2026-08-17T18:48:05Z,
170.130.55.164,ipv4,malicious-ip,medium,WHITE,ziyadnz/hourly-ipv4,ziyadnz|hourly,2026-08-17T18:48:05Z,2026-08-17T18:48:05Z,
170.130.55.203,ipv4,malicious-ip,medium,WHITE,ziyadnz/hourly-ipv4,ziyadnz|hourly,2026-08-17T18:48:05Z,2026-08-17T18:48:05Z,
170.130.55.223,ipv4,malicious-ip,medium,WHITE,ziyadnz/hourly-ipv4,ziyadnz|hourly,2026-08-17T18:48:05Z,2026-08-17T18:48:05Z,
170.130.55.55,ipv4,malicious-ip,medium,WHITE,ziyadnz/hourly-ipv4,ziyadnz|hourly,2026-08-17T18:48:05Z,2026-08-17T18:48:05Z,
170.150.101.92,ipv4,malicious-ip,medium,WHITE,ziyadnz/hourly-ipv4,ziyadnz|hourly,2026-08-17T18:48:05Z,2026-08-17T18:48:05Z,
170.150.146.100,ipv4,malicious-ip,medium,WHITE,ziyadnz/hourly-ipv4,ziyadnz|hourly,2026-08-17T18:48:05Z,2026-08-17T18:48:05Z,
170.150.152.247,ipv4,malicious-ip,medium,WHITE,ziyadnz/hourly-ipv4,ziyadnz|hourly,2026-08-17T18:48:05Z,2026-08-17T18:48:05Z,
170.150.170.122,ipv4,malicious-ip,medium,WHITE,ziyadnz/hourly-ipv4,ziyadnz|hourly,2026-08-17T18:48:05Z,2026-08-17T18:48:05Z,
170.150.202.92,ipv4,malicious-ip,medium,WHITE,ziyadnz/hourly-ipv4,ziyadnz|hourly,2026-08-17T18:48:05Z,2026-08-17T18:48:05Z,
170.150.236.103,ipv4,malicious-ip,medium,WHITE,ziyadnz/hourly-ipv4,ziyadnz|hourly,2026-08-17T18:48:05Z,2026-08-17T18:48:05Z,
170.150.239.148,ipv4,malicious-ip,medium,WHITE,ziyadnz/hourly-ipv4,ziyadnz|hourly,2026-08-17T18:48:05Z,2026-08-17T18:48:05Z,
170.150.239.149,ipv4,malicious-ip,medium,WHITE,ziyadnz/hourly-ipv4,ziyadnz|hourly,2026-08-17T18:48:05Z,2026-08-17T18:48:05Z,
170.150.255.26,ipv4,malicious-ip,medium,WHITE,ziyadnz/hourly-ipv4,ziyadnz|hourly,2026-08-17T18:48:05Z,2026-08-17T18:48:05Z,
170.150.84.121,ipv4,malicious-ip,medium,WHITE,ziyadnz/hourly-ipv4,ziyadnz|hourly,2026-08-17T18:48:05Z,2026-08-17T18:48:05Z,
170.150.84.32,ipv4,malicious-ip,medium,WHITE,ziyadnz/hourly-ipv4,ziyadnz|hourly,2026-08-17T18:48:05Z,2026-08-17T18:48:05Z,
170.150.99.6,ipv4,malicious-ip,medium,WHITE,ziyadnz/hourly-ipv4,ziyadnz|hourly,2026-08-17T18:48:05Z,2026-08-17T18:48:05Z,
170.155.12.0,ipv4,malicious-ip,medium,WHITE,ziyadnz/hourly-ipv4,ziyadnz|hourly,2026-08-17T18:48:05Z,2026-08-17T18:48:05Z,
170.155.12.11,ipv4,malicious-ip,medium,WHITE,ziyadnz/hourly-ipv4,ziyadnz|hourly,2026-08-17T18:48:05Z,2026-08-17T18:48:05Z,
170.155.12.12,ipv4,malicious-ip,medium,WHITE,ziyadnz/hourly-ipv4,ziyadnz|hourly,2026-08-17T18:48:05Z,2026-08-17T18:48:05Z,
170.155.12.13,ipv4,malicious-ip,medium,WHITE,ziyadnz/hourly-ipv4,ziyadnz|hourly,2026-08-17T18:48:05Z,2026-08-17T18:48:05Z,
170.155.12.17,ipv4,malicious-ip,medium,WHITE,ziyadnz/hourly-ipv4,ziyadnz|hourly,2026-08-17T18:48:05Z,2026-08-17T18:48:05Z,
170.155.12.18,ipv4,malicious-ip,medium,WHITE,ziyadnz/hourly-ipv4,ziyadnz|hourly,2026-08-17T18:48:05Z,2026-08-17T18:48:05Z,
170.155.12.21,ipv4,malicious-ip,medium,WHITE,ziyadnz/hourly-ipv4,ziyadnz|hourly,2026-08-17T18:48:05Z,2026-08-17T18:48:05Z,
170.155.12.24,ipv4,malicious-ip,medium,WHITE,ziyadnz/hourly-ipv4,ziyadnz|hourly,2026-08-17T18:48:05Z,2026-08-17T18:48:05Z,
170.155.12.4,ipv4,malicious-ip,medium,WHITE,ziyadnz/hourly-ipv4,ziyadnz|hourly,2026-08-17T18:48:05Z,2026-08-17T18:48:05Z,
170.155.12.5,ipv4,malicious-ip,medium,WHITE,ziyadnz/hourly-ipv4,ziyadnz|hourly,2026-08-17T18:48:05Z,2026-08-17T18:48:05Z,
170.155.12.7,ipv4,malicious-ip,medium,WHITE,ziyadnz/hourly-ipv4,ziyadnz|hourly,2026-08-17T18:48:05Z,2026-08-17T18:48:05Z,
170.155.2.13,ipv4,malicious-ip,medium,WHITE,ziyadnz/hourly-ipv4,ziyadnz|hourly,2026-08-17T18:48:05Z,2026-08-17T18:48:05Z,
170.168.103.208,ipv4,malicious-ip,medium,WHITE,ziyadnz/hourly-ipv4,ziyadnz|hourly,2026-08-17T18:48:05Z,2026-08-17T18:48:05Z,
170.168.6.72,ipv4,malicious-ip,medium,WHITE,ziyadnz/hourly-ipv4,ziyadnz|hourly,2026-08-17T18:48:05Z,2026-08-17T18:48:05Z,
170.168.73.95,ipv4,malicious-ip,medium,WHITE,ziyadnz/hourly-ipv4,ziyadnz|hourly,2026-08-17T18:48:05Z,2026-08-17T18:48:05Z,
170.187.142.63,ipv4,malicious-ip,medium,WHITE,ziyadnz/hourly-ipv4,ziyadnz|hourly,2026-08-17T18:48:05Z,2026-08-17T18:48:05Z,
170.187.145.131,ipv4,malicious-ip,medium,WHITE,ziyadnz/hourly-ipv4,ziyadnz|hourly,2026-08-17T18:48:05Z,2026-08-17T18:48:05Z,
170.187.145.169,ipv4,malicious-ip,medium,WHITE,ziyadnz/hourly-ipv4,ziyadnz|hourly,2026-08-17T18:48:05Z,2026-08-17T18:48:05Z,
170.187.145.203,ipv4,malicious-ip,medium,WHITE,ziyadnz/hourly-ipv4,ziyadnz|hourly,2026-08-17T18:48:05Z,2026-08-17T18:48:05Z,
170.187.145.209,ipv4,malicious-ip,medium,WHITE,ziyadnz/hourly-ipv4,ziyadnz|hourly,2026-08-17T18:48:05Z,2026-08-17T18:48:05Z,
170.187.145.229,ipv4,malicious-ip,medium,WHITE,ziyadnz/hourly-ipv4,ziyadnz|hourly,2026-08-17T18:48:05Z,2026-08-17T18:48:05Z,
170.187.145.24,ipv4,malicious-ip,medium,WHITE,ziyadnz/hourly-ipv4,ziyadnz|hourly,2026-08-17T18:48:05Z,2026-08-17T18:48:05Z,
170.187.147.114,ipv4,malicious-ip,medium,WHITE,ziyadnz/hourly-ipv4,ziyadnz|hourly,2026-08-17T18:48:05Z,2026-08-17T18:48:05Z,
170.187.147.234,ipv4,malicious-ip,medium,WHITE,ziyadnz/hourly-ipv4,ziyadnz|hourly,2026-08-17T18:48:05Z,2026-08-17T18:48:05Z,
170.187.147.24,ipv4,malicious-ip,medium,WHITE,ziyadnz/hourly-ipv4,ziyadnz|hourly,2026-08-17T18:48:05Z,2026-08-17T18:48:05Z,
170.187.147.63,ipv4,malicious-ip,medium,WHITE,ziyadnz/hourly-ipv4,ziyadnz|hourly,2026-08-17T18:48:05Z,2026-08-17T18:48:05Z,
170.187.163.117,ipv4,malicious-ip,medium,WHITE,ziyadnz/hourly-ipv4,ziyadnz|hourly,2026-08-17T18:48:05Z,2026-08-17T18:48:05Z,
170.187.163.133,ipv4,malicious-ip,medium,WHITE,ziyadnz/hourly-ipv4,ziyadnz|hourly,2026-08-17T18:48:05Z,2026-08-17T18:48:05Z,
170.187.165.130,ipv4,malicious-ip,medium,WHITE,ziyadnz/hourly-ipv4,ziyadnz|hourly,2026-08-17T18:48:05Z,2026-08-17T18:48:05Z,
170.187.165.134,ipv4,malicious-ip,medium,WHITE,ziyadnz/hourly-ipv4,ziyadnz|hourly,2026-08-17T18:48:05Z,2026-08-17T18:48:05Z,
170.187.165.139,ipv4,malicious-ip,medium,WHITE,ziyadnz/hourly-ipv4,ziyadnz|hourly,2026-08-17T18:48:05Z,2026-08-17T18:48:05Z,
170.187.165.218,ipv4,malicious-ip,medium,WHITE,ziyadnz/hourly-ipv4,ziyadnz|hourly,2026-08-17T18:48:05Z,2026-08-17T18:48:05Z,
170.187.165.219,ipv4,malicious-ip,medium,WHITE,ziyadnz/hourly-ipv4,ziyadnz|hourly,2026-08-17T18:48:05Z,2026-08-17T18:48:05Z,
170.187.165.242,ipv4,malicious-ip,medium,WHITE,ziyadnz/hourly-ipv4,ziyadnz|hourly,2026-08-17T18:48:05Z,2026-08-17T18:48:05Z,
170.199.130.118,ipv4,malicious-ip,medium,WHITE,ziyadnz/hourly-ipv4,ziyadnz|hourly,2026-08-17T18:48:05Z,2026-08-17T18:48:05Z,
170.199.135.106,ipv4,malicious-ip,medium,WHITE,ziyadnz/hourly-ipv4,ziyadnz|hourly,2026-08-17T18:48:05Z,2026-08-17T18:48:05Z,
170.203.199.159,ipv4,malicious-ip,medium,WHITE,ziyadnz/hourly-ipv4,ziyadnz|hourly,2026-08-17T18:48:05Z,2026-08-17T18:48:05Z,
170.203.207.192,ipv4,malicious-ip,medium,WHITE,ziyadnz/hourly-ipv4,ziyadnz|hourly,2026-08-17T18:48:05Z,2026-08-17T18:48:05Z,
170.205.28.204,ipv4,malicious-ip,medium,WHITE,ziyadnz/hourly-ipv4,ziyadnz|hourly,2026-08-17T18:48:05Z,2026-08-17T18:48:05Z,
170.205.29.83,ipv4,malicious-ip,medium,WHITE,ziyadnz/hourly-ipv4,ziyadnz|hourly,2026-08-17T18:48:05Z,2026-08-17T18:48:05Z,
170.205.30.222,ipv4,malicious-ip,medium,WHITE,ziyadnz/hourly-ipv4,ziyadnz|hourly,2026-08-17T18:48:05Z,2026-08-17T18:48:05Z,
170.205.30.227,ipv4,malicious-ip,medium,WHITE,ziyadnz/hourly-ipv4,ziyadnz|hourly,2026-08-17T18:48:05Z,2026-08-17T18:48:05Z,
170.205.30.78,ipv4,malicious-ip,medium,WHITE,ziyadnz/hourly-ipv4,ziyadnz|hourly,2026-08-17T18:48:05Z,2026-08-17T18:48:05Z,
170.205.31.243,ipv4,malicious-ip,medium,WHITE,ziyadnz/hourly-ipv4,ziyadnz|hourly,2026-08-17T18:48:05Z,2026-08-17T18:48:05Z,
170.205.31.25,ipv4,malicious-ip,medium,WHITE,ziyadnz/hourly-ipv4,ziyadnz|hourly,2026-08-17T18:48:05Z,2026-08-17T18:48:05Z,
170.205.31.85,ipv4,malicious-ip,medium,WHITE,ziyadnz/hourly-ipv4,ziyadnz|hourly,2026-08-17T18:48:05Z,2026-08-17T18:48:05Z,
170.210.136.58,ipv4,malicious-ip,medium,WHITE,ziyadnz/hourly-ipv4,ziyadnz|hourly,2026-08-17T18:48:05Z,2026-08-17T18:48:05Z,
170.231.120.36,ipv4,malicious-ip,medium,WHITE,ziyadnz/hourly-ipv4,ziyadnz|hourly,2026-08-17T18:48:05Z,2026-08-17T18:48:05Z,
170.231.134.210,ipv4,malicious-ip,medium,WHITE,ziyadnz/hourly-ipv4,ziyadnz|hourly,2026-08-17T18:48:05Z,2026-08-17T18:48:05Z,
170.231.134.29,ipv4,malicious-ip,medium,WHITE,ziyadnz/hourly-ipv4,ziyadnz|hourly,2026-08-17T18:48:05Z,2026-08-17T18:48:05Z,
170.231.142.130,ipv4,malicious-ip,medium,WHITE,ziyadnz/hourly-ipv4,ziyadnz|hourly,2026-08-17T18:48:05Z,2026-08-17T18:48:05Z,
170.231.148.152,ipv4,malicious-ip,medium,WHITE,ziyadnz/hourly-ipv4,ziyadnz|hourly,2026-08-17T18:48:05Z,2026-08-17T18:48:05Z,
170.231.165.13,ipv4,malicious-ip,medium,WHITE,ziyadnz/hourly-ipv4,ziyadnz|hourly,2026-08-17T18:48:05Z,2026-08-17T18:48:05Z,
170.231.165.228,ipv4,malicious-ip,medium,WHITE,ziyadnz/hourly-ipv4,ziyadnz|hourly,2026-08-17T18:48:05Z,2026-08-17T18:48:05Z,
170.231.185.175,ipv4,malicious-ip,medium,WHITE,ziyadnz/hourly-ipv4,ziyadnz|hourly,2026-08-17T18:48:05Z,2026-08-17T18:48:05Z,
170.231.197.26,ipv4,malicious-ip,medium,WHITE,ziyadnz/hourly-ipv4,ziyadnz|hourly,2026-08-17T18:48:05Z,2026-08-17T18:48:05Z,
170.231.224.44,ipv4,malicious-ip,medium,WHITE,ziyadnz/hourly-ipv4,ziyadnz|hourly,2026-08-17T18:48:05Z,2026-08-17T18:48:05Z,
170.231.234.170,ipv4,malicious-ip,medium,WHITE,ziyadnz/hourly-ipv4,ziyadnz|hourly,2026-08-17T18:48:05Z,2026-08-17T18:48:05Z,
170.231.235.27,ipv4,malicious-ip,medium,WHITE,ziyadnz/hourly-ipv4,ziyadnz|hourly,2026-08-17T18:48:05Z,2026-08-17T18:48:05Z,
170.231.235.3,ipv4,malicious-ip,medium,WHITE,ziyadnz/hourly-ipv4,ziyadnz|hourly,2026-08-17T18:48:05Z,2026-08-17T18:48:05Z,
170.231.235.75,ipv4,malicious-ip,medium,WHITE,ziyadnz/hourly-ipv4,ziyadnz|hourly,2026-08-17T18:48:05Z,2026-08-17T18:48:05Z,
170.231.25.47,ipv4,malicious-ip,medium,WHITE,ziyadnz/hourly-ipv4,ziyadnz|hourly,2026-08-17T18:48:05Z,2026-08-17T18:48:05Z,
170.231.85.22,ipv4,malicious-ip,medium,WHITE,ziyadnz/hourly-ipv4,ziyadnz|hourly,2026-08-17T18:48:05Z,2026-08-17T18:48:05Z,
170.233.119.100,ipv4,malicious-ip,medium,WHITE,ziyadnz/hourly-ipv4,ziyadnz|hourly,2026-08-17T18:48:05Z,2026-08-17T18:48:05Z,
170.233.177.88,ipv4,malicious-ip,medium,WHITE,ziyadnz/hourly-ipv4,ziyadnz|hourly,2026-08-17T18:48:05Z,2026-08-17T18:48:05Z,
170.233.180.152,ipv4,malicious-ip,medium,WHITE,ziyadnz/hourly-ipv4,ziyadnz|hourly,2026-08-17T18:48:05Z,2026-08-17T18:48:05Z,
170.233.188.241,ipv4,malicious-ip,medium,WHITE,ziyadnz/hourly-ipv4,ziyadnz|hourly,2026-08-17T18:48:05Z,2026-08-17T18:48:05Z,
170.233.250.10,ipv4,malicious-ip,medium,WHITE,ziyadnz/hourly-ipv4,ziyadnz|hourly,2026-08-17T18:48:05Z,2026-08-17T18:48:05Z,
170.233.34.150,ipv4,malicious-ip,medium,WHITE,ziyadnz/hourly-ipv4,ziyadnz|hourly,2026-08-17T18:48:05Z,2026-08-17T18:48:05Z,
170.233.34.250,ipv4,malicious-ip,medium,WHITE,ziyadnz/hourly-ipv4,ziyadnz|hourly,2026-08-17T18:48:05Z,2026-08-17T18:48:05Z,
170.233.57.178,ipv4,malicious-ip,medium,WHITE,ziyadnz/hourly-ipv4,ziyadnz|hourly,2026-08-17T18:48:05Z,2026-08-17T18:48:05Z,
170.233.6.82,ipv4,malicious-ip,medium,WHITE,ziyadnz/hourly-ipv4,ziyadnz|hourly,2026-08-17T18:48:05Z,2026-08-17T18:48:05Z,
170.233.6.86,ipv4,malicious-ip,medium,WHITE,ziyadnz/hourly-ipv4,ziyadnz|hourly,2026-08-17T18:48:05Z,2026-08-17T18:48:05Z,
170.233.68.132,ipv4,malicious-ip,medium,WHITE,ziyadnz/hourly-ipv4,ziyadnz|hourly,2026-08-17T18:48:05Z,2026-08-17T18:48:05Z,
170.233.68.217,ipv4,malicious-ip,medium,WHITE,ziyadnz/hourly-ipv4,ziyadnz|hourly,2026-08-17T18:48:05Z,2026-08-17T18:48:05Z,
170.233.68.86,ipv4,malicious-ip,medium,WHITE,ziyadnz/hourly-ipv4,ziyadnz|hourly,2026-08-17T18:48:05Z,2026-08-17T18:48:05Z,
170.233.71.232,ipv4,malicious-ip,medium,WHITE,ziyadnz/hourly-ipv4,ziyadnz|hourly,2026-08-17T18:48:05Z,2026-08-17T18:48:05Z,
170.233.71.234,ipv4,malicious-ip,medium,WHITE,ziyadnz/hourly-ipv4,ziyadnz|hourly,2026-08-17T18:48:05Z,2026-08-17T18:48:05Z,
170.233.71.238,ipv4,malicious-ip,medium,WHITE,ziyadnz/hourly-ipv4,ziyadnz|hourly,2026-08-17T18:48:05Z,2026-08-17T18:48:05Z,
170.233.71.239,ipv4,malicious-ip,medium,WHITE,ziyadnz/hourly-ipv4,ziyadnz|hourly,2026-08-17T18:48:05Z,2026-08-17T18:48:05Z,
170.233.71.35,ipv4,malicious-ip,medium,WHITE,ziyadnz/hourly-ipv4,ziyadnz|hourly,2026-08-17T18:48:05Z,2026-08-17T18:48:05Z,
170.233.81.36,ipv4,malicious-ip,medium,WHITE,ziyadnz/hourly-ipv4,ziyadnz|hourly,2026-08-17T18:48:05Z,2026-08-17T18:48:05Z,
170.233.97.85,ipv4,malicious-ip,medium,WHITE,ziyadnz/hourly-ipv4,ziyadnz|hourly,2026-08-17T18:48:05Z,2026-08-17T18:48:05Z,
170.238.105.196,ipv4,malicious-ip,medium,WHITE,ziyadnz/hourly-ipv4,ziyadnz|hourly,2026-08-17T18:48:05Z,2026-08-17T18:48:05Z,
170.238.128.215,ipv4,malicious-ip,medium,WHITE,ziyadnz/hourly-ipv4,ziyadnz|hourly,2026-08-17T18:48:05Z,2026-08-17T18:48:05Z,
170.238.130.223,ipv4,malicious-ip,medium,WHITE,ziyadnz/hourly-ipv4,ziyadnz|hourly,2026-08-17T18:48:05Z,2026-08-17T18:48:05Z,
170.238.138.0,ipv4,malicious-ip,medium,WHITE,ziyadnz/hourly-ipv4,ziyadnz|hourly,2026-08-17T18:48:05Z,2026-08-17T18:48:05Z,
170.238.165.156,ipv4,malicious-ip,medium,WHITE,ziyadnz/hourly-ipv4,ziyadnz|hourly,2026-08-17T18:48:05Z,2026-08-17T18:48:05Z,
170.238.178.7,ipv4,malicious-ip,medium,WHITE,ziyadnz/hourly-ipv4,ziyadnz|hourly,2026-08-17T18:48:05Z,2026-08-17T18:48:05Z,
170.238.191.248,ipv4,malicious-ip,medium,WHITE,ziyadnz/hourly-ipv4,ziyadnz|hourly,2026-08-17T18:48:05Z,2026-08-17T18:48:05Z,
170.238.36.248,ipv4,malicious-ip,medium,WHITE,ziyadnz/hourly-ipv4,ziyadnz|hourly,2026-08-17T18:48:05Z,2026-08-17T18:48:05Z,
170.238.80.214,ipv4,malicious-ip,medium,WHITE,ziyadnz/hourly-ipv4,ziyadnz|hourly,2026-08-17T18:48:05Z,2026-08-17T18:48:05Z,
170.238.81.48,ipv4,malicious-ip,medium,WHITE,ziyadnz/hourly-ipv4,ziyadnz|hourly,2026-08-17T18:48:05Z,2026-08-17T18:48:05Z,
170.239.111.6,ipv4,malicious-ip,medium,WHITE,ziyadnz/hourly-ipv4,ziyadnz|hourly,2026-08-17T18:48:05Z,2026-08-17T18:48:05Z,
170.239.140.114,ipv4,malicious-ip,medium,WHITE,ziyadnz/hourly-ipv4,ziyadnz|hourly,2026-08-17T18:48:05Z,2026-08-17T18:48:05Z,
170.239.143.15,ipv4,malicious-ip,medium,WHITE,ziyadnz/hourly-ipv4,ziyadnz|hourly,2026-08-17T18:48:05Z,2026-08-17T18:48:05Z,
170.239.148.92,ipv4,malicious-ip,medium,WHITE,ziyadnz/hourly-ipv4,ziyadnz|hourly,2026-08-17T18:48:05Z,2026-08-17T18:48:05Z,
170.239.151.94,ipv4,malicious-ip,medium,WHITE,ziyadnz/hourly-ipv4,ziyadnz|hourly,2026-08-17T18:48:05Z,2026-08-17T18:48:05Z,
170.239.190.28,ipv4,malicious-ip,medium,WHITE,ziyadnz/hourly-ipv4,ziyadnz|hourly,2026-08-17T18:48:05Z,2026-08-17T18:48:05Z,
170.239.205.117,ipv4,malicious-ip,medium,WHITE,ziyadnz/hourly-ipv4,ziyadnz|hourly,2026-08-17T18:48:05Z,2026-08-17T18:48:05Z,
170.239.205.222,ipv4,malicious-ip,medium,WHITE,ziyadnz/hourly-ipv4,ziyadnz|hourly,2026-08-17T18:48:05Z,2026-08-17T18:48:05Z,
170.239.207.36,ipv4,malicious-ip,medium,WHITE,ziyadnz/hourly-ipv4,ziyadnz|hourly,2026-08-17T18:48:05Z,2026-08-17T18:48:05Z,
170.239.207.37,ipv4,malicious-ip,medium,WHITE,ziyadnz/hourly-ipv4,ziyadnz|hourly,2026-08-17T18:48:05Z,2026-08-17T18:48:05Z,
170.239.255.181,ipv4,malicious-ip,medium,WHITE,ziyadnz/hourly-ipv4,ziyadnz|hourly,2026-08-17T18:48:05Z,2026-08-17T18:48:05Z,
170.239.72.153,ipv4,malicious-ip,medium,WHITE,ziyadnz/hourly-ipv4,ziyadnz|hourly,2026-08-17T18:48:05Z,2026-08-17T18:48:05Z,
170.244.188.47,ipv4,malicious-ip,medium,WHITE,ziyadnz/hourly-ipv4,ziyadnz|hourly,2026-08-17T18:48:05Z,2026-08-17T18:48:05Z,
170.244.188.56,ipv4,malicious-ip,medium,WHITE,ziyadnz/hourly-ipv4,ziyadnz|hourly,2026-08-17T18:48:05Z,2026-08-17T18:48:05Z,
170.244.203.96,ipv4,malicious-ip,medium,WHITE,ziyadnz/hourly-ipv4,ziyadnz|hourly,2026-08-17T18:48:05Z,2026-08-17T18:48:05Z,
170.244.210.26,ipv4,malicious-ip,medium,WHITE,ziyadnz/hourly-ipv4,ziyadnz|hourly,2026-08-17T18:48:05Z,2026-08-17T18:48:05Z,
170.244.215.59,ipv4,malicious-ip,medium,WHITE,ziyadnz/hourly-ipv4,ziyadnz|hourly,2026-08-17T18:48:05Z,2026-08-17T18:48:05Z,
170.244.233.65,ipv4,malicious-ip,medium,WHITE,ziyadnz/hourly-ipv4,ziyadnz|hourly,2026-08-17T18:48:05Z,2026-08-17T18:48:05Z,
170.244.233.70,ipv4,malicious-ip,medium,WHITE,ziyadnz/hourly-ipv4,ziyadnz|hourly,2026-08-17T18:48:05Z,2026-08-17T18:48:05Z,
170.244.233.71,ipv4,malicious-ip,medium,WHITE,ziyadnz/hourly-ipv4,ziyadnz|hourly,2026-08-17T18:48:05Z,2026-08-17T18:48:05Z,
170.244.246.17,ipv4,malicious-ip,medium,WHITE,ziyadnz/hourly-ipv4,ziyadnz|hourly,2026-08-17T18:48:05Z,2026-08-17T18:48:05Z,
170.244.29.124,ipv4,malicious-ip,medium,WHITE,ziyadnz/hourly-ipv4,ziyadnz|hourly,2026-08-17T18:48:05Z,2026-08-17T18:48:05Z,
170.244.29.203,ipv4,malicious-ip,medium,WHITE,ziyadnz/hourly-ipv4,ziyadnz|hourly,2026-08-17T18:48:05Z,2026-08-17T18:48:05Z,
170.244.58.137,ipv4,malicious-ip,medium,WHITE,ziyadnz/hourly-ipv4,ziyadnz|hourly,2026-08-17T18:48:05Z,2026-08-17T18:48:05Z,
170.244.66.207,ipv4,malicious-ip,medium,WHITE,ziyadnz/hourly-ipv4,ziyadnz|hourly,2026-08-17T18:48:05Z,2026-08-17T18:48:05Z,
170.244.70.169,ipv4,malicious-ip,medium,WHITE,ziyadnz/hourly-ipv4,ziyadnz|hourly,2026-08-17T18:48:05Z,2026-08-17T18:48:05Z,
170.245.120.186,ipv4,malicious-ip,medium,WHITE,ziyadnz/hourly-ipv4,ziyadnz|hourly,2026-08-17T18:48:05Z,2026-08-17T18:48:05Z,
170.245.120.41,ipv4,malicious-ip,medium,WHITE,ziyadnz/hourly-ipv4,ziyadnz|hourly,2026-08-17T18:48:05Z,2026-08-17T18:48:05Z,
170.245.122.160,ipv4,malicious-ip,medium,WHITE,ziyadnz/hourly-ipv4,ziyadnz|hourly,2026-08-17T18:48:05Z,2026-08-17T18:48:05Z,
170.245.123.20,ipv4,malicious-ip,medium,WHITE,ziyadnz/hourly-ipv4,ziyadnz|hourly,2026-08-17T18:48:05Z,2026-08-17T18:48:05Z,
170.245.137.248,ipv4,malicious-ip,medium,WHITE,ziyadnz/hourly-ipv4,ziyadnz|hourly,2026-08-17T18:48:05Z,2026-08-17T18:48:05Z,
170.245.144.77,ipv4,malicious-ip,medium,WHITE,ziyadnz/hourly-ipv4,ziyadnz|hourly,2026-08-17T18:48:05Z,2026-08-17T18:48:05Z,
170.245.16.133,ipv4,malicious-ip,medium,WHITE,ziyadnz/hourly-ipv4,ziyadnz|hourly,2026-08-17T18:48:05Z,2026-08-17T18:48:05Z,
170.245.203.46,ipv4,malicious-ip,medium,WHITE,ziyadnz/hourly-ipv4,ziyadnz|hourly,2026-08-17T18:48:05Z,2026-08-17T18:48:05Z,
170.245.245.252,ipv4,malicious-ip,medium,WHITE,ziyadnz/hourly-ipv4,ziyadnz|hourly,2026-08-17T18:48:05Z,2026-08-17T18:48:05Z,
170.245.249.5,ipv4,malicious-ip,medium,WHITE,ziyadnz/hourly-ipv4,ziyadnz|hourly,2026-08-17T18:48:05Z,2026-08-17T18:48:05Z,
170.245.250.143,ipv4,malicious-ip,medium,WHITE,ziyadnz/hourly-ipv4,ziyadnz|hourly,2026-08-17T18:48:05Z,2026-08-17T18:48:05Z,
170.245.250.151,ipv4,malicious-ip,medium,WHITE,ziyadnz/hourly-ipv4,ziyadnz|hourly,2026-08-17T18:48:05Z,2026-08-17T18:48:05Z,
170.245.250.178,ipv4,malicious-ip,medium,WHITE,ziyadnz/hourly-ipv4,ziyadnz|hourly,2026-08-17T18:48:05Z,2026-08-17T18:48:05Z,
170.245.251.182,ipv4,malicious-ip,medium,WHITE,ziyadnz/hourly-ipv4,ziyadnz|hourly,2026-08-17T18:48:05Z,2026-08-17T18:48:05Z,
170.245.29.45,ipv4,malicious-ip,medium,WHITE,ziyadnz/hourly-ipv4,ziyadnz|hourly,2026-08-17T18:48:05Z,2026-08-17T18:48:05Z,
170.245.95.146,ipv4,malicious-ip,medium,WHITE,ziyadnz/hourly-ipv4,ziyadnz|hourly,2026-08-17T18:48:05Z,2026-08-17T18:48:05Z,
170.245.98.33,ipv4,malicious-ip,medium,WHITE,ziyadnz/hourly-ipv4,ziyadnz|hourly,2026-08-17T18:48:05Z,2026-08-17T18:48:05Z,
170.246.108.145,ipv4,malicious-ip,medium,WHITE,ziyadnz/hourly-ipv4,ziyadnz|hourly,2026-08-17T18:48:05Z,2026-08-17T18:48:05Z,
170.246.112.210,ipv4,malicious-ip,medium,WHITE,ziyadnz/hourly-ipv4,ziyadnz|hourly,2026-08-17T18:48:05Z,2026-08-17T18:48:05Z,
170.246.208.115,ipv4,malicious-ip,medium,WHITE,ziyadnz/hourly-ipv4,ziyadnz|hourly,2026-08-17T18:48:05Z,2026-08-17T18:48:05Z,
170.246.208.46,ipv4,malicious-ip,medium,WHITE,ziyadnz/hourly-ipv4,ziyadnz|hourly,2026-08-17T18:48:05Z,2026-08-17T18:48:05Z,
170.246.208.58,ipv4,malicious-ip,medium,WHITE,ziyadnz/hourly-ipv4,ziyadnz|hourly,2026-08-17T18:48:05Z,2026-08-17T18:48:05Z,
170.246.211.155,ipv4,malicious-ip,medium,WHITE,ziyadnz/hourly-ipv4,ziyadnz|hourly,2026-08-17T18:48:05Z,2026-08-17T18:48:05Z,
170.246.211.210,ipv4,malicious-ip,medium,WHITE,ziyadnz/hourly-ipv4,ziyadnz|hourly,2026-08-17T18:48:05Z,2026-08-17T18:48:05Z,
170.246.235.255,ipv4,malicious-ip,medium,WHITE,ziyadnz/hourly-ipv4,ziyadnz|hourly,2026-08-17T18:48:05Z,2026-08-17T18:48:05Z,
170.246.24.51,ipv4,malicious-ip,medium,WHITE,ziyadnz/hourly-ipv4,ziyadnz|hourly,2026-08-17T18:48:05Z,2026-08-17T18:48:05Z,
170.246.43.225,ipv4,malicious-ip,medium,WHITE,ziyadnz/hourly-ipv4,ziyadnz|hourly,2026-08-17T18:48:05Z,2026-08-17T18:48:05Z,
170.246.62.45,ipv4,malicious-ip,medium,WHITE,ziyadnz/hourly-ipv4,ziyadnz|hourly,2026-08-17T18:48:05Z,2026-08-17T18:48:05Z,
170.246.77.74,ipv4,malicious-ip,medium,WHITE,ziyadnz/hourly-ipv4,ziyadnz|hourly,2026-08-17T18:48:05Z,2026-08-17T18:48:05Z,
170.246.80.215,ipv4,malicious-ip,medium,WHITE,ziyadnz/hourly-ipv4,ziyadnz|hourly,2026-08-17T18:48:05Z,2026-08-17T18:48:05Z,
170.247.102.14,ipv4,malicious-ip,medium,WHITE,ziyadnz/hourly-ipv4,ziyadnz|hourly,2026-08-17T18:48:05Z,2026-08-17T18:48:05Z,
170.247.192.1,ipv4,malicious-ip,medium,WHITE,ziyadnz/hourly-ipv4,ziyadnz|hourly,2026-08-17T18:48:05Z,2026-08-17T18:48:05Z,
170.247.235.23,ipv4,malicious-ip,medium,WHITE,ziyadnz/hourly-ipv4,ziyadnz|hourly,2026-08-17T18:48:05Z,2026-08-17T18:48:05Z,
170.247.3.11,ipv4,malicious-ip,medium,WHITE,ziyadnz/hourly-ipv4,ziyadnz|hourly,2026-08-17T18:48:05Z,2026-08-17T18:48:05Z,
170.247.3.8,ipv4,malicious-ip,medium,WHITE,ziyadnz/hourly-ipv4,ziyadnz|hourly,2026-08-17T18:48:05Z,2026-08-17T18:48:05Z,
170.247.37.168,ipv4,malicious-ip,medium,WHITE,ziyadnz/hourly-ipv4,ziyadnz|hourly,2026-08-17T18:48:05Z,2026-08-17T18:48:05Z,
170.247.6.180,ipv4,malicious-ip,medium,WHITE,ziyadnz/hourly-ipv4,ziyadnz|hourly,2026-08-17T18:48:05Z,2026-08-17T18:48:05Z,
170.247.69.154,ipv4,malicious-ip,medium,WHITE,ziyadnz/hourly-ipv4,ziyadnz|hourly,2026-08-17T18:48:05Z,2026-08-17T18:48:05Z,
170.247.76.41,ipv4,malicious-ip,medium,WHITE,ziyadnz/hourly-ipv4,ziyadnz|hourly,2026-08-17T18:48:05Z,2026-08-17T18:48:05Z,
170.247.9.61,ipv4,malicious-ip,medium,WHITE,ziyadnz/hourly-ipv4,ziyadnz|hourly,2026-08-17T18:48:05Z,2026-08-17T18:48:05Z,
170.253.147.12,ipv4,malicious-ip,medium,WHITE,ziyadnz/hourly-ipv4,ziyadnz|hourly,2026-08-17T18:48:05Z,2026-08-17T18:48:05Z,
170.253.16.124,ipv4,malicious-ip,medium,WHITE,ziyadnz/hourly-ipv4,ziyadnz|hourly,2026-08-17T18:48:05Z,2026-08-17T18:48:05Z,
170.253.206.5,ipv4,malicious-ip,medium,WHITE,ziyadnz/hourly-ipv4,ziyadnz|hourly,2026-08-17T18:48:05Z,2026-08-17T18:48:05Z,
170.253.25.35,ipv4,malicious-ip,medium,WHITE,ziyadnz/hourly-ipv4,ziyadnz|hourly,2026-08-17T18:48:05Z,2026-08-17T18:48:05Z,
170.253.35.26,ipv4,malicious-ip,medium,WHITE,ziyadnz/hourly-ipv4,ziyadnz|hourly,2026-08-17T18:48:05Z,2026-08-17T18:48:05Z,
170.253.44.29,ipv4,malicious-ip,medium,WHITE,ziyadnz/hourly-ipv4,ziyadnz|hourly,2026-08-17T18:48:05Z,2026-08-17T18:48:05Z,
170.254.10.212,ipv4,malicious-ip,medium,WHITE,ziyadnz/hourly-ipv4,ziyadnz|hourly,2026-08-17T18:48:05Z,2026-08-17T18:48:05Z,
170.254.118.178,ipv4,malicious-ip,medium,WHITE,ziyadnz/hourly-ipv4,ziyadnz|hourly,2026-08-17T18:48:05Z,2026-08-17T18:48:05Z,
170.254.118.58,ipv4,malicious-ip,medium,WHITE,ziyadnz/hourly-ipv4,ziyadnz|hourly,2026-08-17T18:48:05Z,2026-08-17T18:48:05Z,
170.254.194.7,ipv4,malicious-ip,medium,WHITE,ziyadnz/hourly-ipv4,ziyadnz|hourly,2026-08-17T18:48:05Z,2026-08-17T18:48:05Z,
170.254.20.116,ipv4,malicious-ip,medium,WHITE,ziyadnz/hourly-ipv4,ziyadnz|hourly,2026-08-17T18:48:05Z,2026-08-17T18:48:05Z,
170.254.20.36,ipv4,malicious-ip,medium,WHITE,ziyadnz/hourly-ipv4,ziyadnz|hourly,2026-08-17T18:48:05Z,2026-08-17T18:48:05Z,
170.254.215.57,ipv4,malicious-ip,medium,WHITE,ziyadnz/hourly-ipv4,ziyadnz|hourly,2026-08-17T18:48:05Z,2026-08-17T18:48:05Z,
170.254.229.191,ipv4,malicious-ip,medium,WHITE,ziyadnz/hourly-ipv4,ziyadnz|hourly,2026-08-17T18:48:05Z,2026-08-17T18:48:05Z,
170.254.73.151,ipv4,malicious-ip,medium,WHITE,ziyadnz/hourly-ipv4,ziyadnz|hourly,2026-08-17T18:48:05Z,2026-08-17T18:48:05Z,
170.33.128.5,ipv4,malicious-ip,medium,WHITE,ziyadnz/hourly-ipv4,ziyadnz|hourly,2026-08-17T18:48:05Z,2026-08-17T18:48:05Z,
170.39.193.232,ipv4,malicious-ip,medium,WHITE,ziyadnz/hourly-ipv4,ziyadnz|hourly,2026-08-17T18:48:05Z,2026-08-17T18:48:05Z,
170.39.218.32,ipv4,malicious-ip,medium,WHITE,ziyadnz/hourly-ipv4,ziyadnz|hourly,2026-08-17T18:48:05Z,2026-08-17T18:48:05Z,
170.51.98.210,ipv4,malicious-ip,medium,WHITE,ziyadnz/hourly-ipv4,ziyadnz|hourly,2026-08-17T18:48:05Z,2026-08-17T18:48:05Z,
170.52.128.50,ipv4,malicious-ip,medium,WHITE,ziyadnz/hourly-ipv4,ziyadnz|hourly,2026-08-17T18:48:05Z,2026-08-17T18:48:05Z,
170.64.130.197,ipv4,malicious-ip,medium,WHITE,ziyadnz/hourly-ipv4,ziyadnz|hourly,2026-08-17T18:48:05Z,2026-08-17T18:48:05Z,
170.64.132.106,ipv4,malicious-ip,medium,WHITE,ziyadnz/hourly-ipv4,ziyadnz|hourly,2026-08-17T18:48:05Z,2026-08-17T18:48:05Z,
170.64.134.120,ipv4,malicious-ip,medium,WHITE,ziyadnz/hourly-ipv4,ziyadnz|hourly,2026-08-17T18:48:05Z,2026-08-17T18:48:05Z,
170.64.134.89,ipv4,malicious-ip,medium,WHITE,ziyadnz/hourly-ipv4,ziyadnz|hourly,2026-08-17T18:48:05Z,2026-08-17T18:48:05Z,
170.64.140.137,ipv4,malicious-ip,medium,WHITE,ziyadnz/hourly-ipv4,ziyadnz|hourly,2026-08-17T18:48:05Z,2026-08-17T18:48:05Z,
170.64.143.246,ipv4,malicious-ip,medium,WHITE,ziyadnz/hourly-ipv4,ziyadnz|hourly,2026-08-17T18:48:05Z,2026-08-17T18:48:05Z,
170.64.147.115,ipv4,malicious-ip,medium,WHITE,ziyadnz/hourly-ipv4,ziyadnz|hourly,2026-08-17T18:48:05Z,2026-08-17T18:48:05Z,
170.64.151.211,ipv4,malicious-ip,medium,WHITE,ziyadnz/hourly-ipv4,ziyadnz|hourly,2026-08-17T18:48:05Z,2026-08-17T18:48:05Z,
170.64.154.131,ipv4,malicious-ip,medium,WHITE,ziyadnz/hourly-ipv4,ziyadnz|hourly,2026-08-17T18:48:05Z,2026-08-17T18:48:05Z,
170.64.154.53,ipv4,malicious-ip,medium,WHITE,ziyadnz/hourly-ipv4,ziyadnz|hourly,2026-08-17T18:48:05Z,2026-08-17T18:48:05Z,
170.64.165.135,ipv4,malicious-ip,medium,WHITE,ziyadnz/hourly-ipv4,ziyadnz|hourly,2026-08-17T18:48:05Z,2026-08-17T18:48:05Z,
170.64.166.144,ipv4,malicious-ip,medium,WHITE,ziyadnz/hourly-ipv4,ziyadnz|hourly,2026-08-17T18:48:05Z,2026-08-17T18:48:05Z,
170.64.177.80,ipv4,malicious-ip,medium,WHITE,ziyadnz/hourly-ipv4,ziyadnz|hourly,2026-08-17T18:48:05Z,2026-08-17T18:48:05Z,
170.64.187.18,ipv4,malicious-ip,medium,WHITE,ziyadnz/hourly-ipv4,ziyadnz|hourly,2026-08-17T18:48:05Z,2026-08-17T18:48:05Z,
170.64.191.88,ipv4,malicious-ip,medium,WHITE,ziyadnz/hourly-ipv4,ziyadnz|hourly,2026-08-17T18:48:05Z,2026-08-17T18:48:05Z,
170.64.210.127,ipv4,malicious-ip,medium,WHITE,ziyadnz/hourly-ipv4,ziyadnz|hourly,2026-08-17T18:48:05Z,2026-08-17T18:48:05Z,
170.64.210.244,ipv4,malicious-ip,medium,WHITE,ziyadnz/hourly-ipv4,ziyadnz|hourly,2026-08-17T18:48:05Z,2026-08-17T18:48:05Z,
170.64.217.86,ipv4,malicious-ip,medium,WHITE,ziyadnz/hourly-ipv4,ziyadnz|hourly,2026-08-17T18:48:05Z,2026-08-17T18:48:05Z,
170.64.218.50,ipv4,malicious-ip,medium,WHITE,ziyadnz/hourly-ipv4,ziyadnz|hourly,2026-08-17T18:48:05Z,2026-08-17T18:48:05Z,
170.64.233.147,ipv4,malicious-ip,medium,WHITE,ziyadnz/hourly-ipv4,ziyadnz|hourly,2026-08-17T18:48:05Z,2026-08-17T18:48:05Z,
170.64.233.163,ipv4,malicious-ip,medium,WHITE,ziyadnz/hourly-ipv4,ziyadnz|hourly,2026-08-17T18:48:05Z,2026-08-17T18:48:05Z,
170.64.236.42,ipv4,malicious-ip,medium,WHITE,ziyadnz/hourly-ipv4,ziyadnz|hourly,2026-08-17T18:48:05Z,2026-08-17T18:48:05Z,
170.75.164.137,ipv4,malicious-ip,medium,WHITE,ziyadnz/hourly-ipv4,ziyadnz|hourly,2026-08-17T18:48:05Z,2026-08-17T18:48:05Z,
170.75.168.151,ipv4,malicious-ip,medium,WHITE,ziyadnz/hourly-ipv4,ziyadnz|hourly,2026-08-17T18:48:05Z,2026-08-17T18:48:05Z,
170.75.174.113,ipv4,malicious-ip,medium,WHITE,ziyadnz/hourly-ipv4,ziyadnz|hourly,2026-08-17T18:48:05Z,2026-08-17T18:48:05Z,
170.75.242.105,ipv4,malicious-ip,medium,WHITE,ziyadnz/hourly-ipv4,ziyadnz|hourly,2026-08-17T18:48:05Z,2026-08-17T18:48:05Z,
170.78.118.126,ipv4,malicious-ip,medium,WHITE,ziyadnz/hourly-ipv4,ziyadnz|hourly,2026-08-17T18:48:05Z,2026-08-17T18:48:05Z,
170.78.118.173,ipv4,malicious-ip,medium,WHITE,ziyadnz/hourly-ipv4,ziyadnz|hourly,2026-08-17T18:48:05Z,2026-08-17T18:48:05Z,
170.78.118.76,ipv4,malicious-ip,medium,WHITE,ziyadnz/hourly-ipv4,ziyadnz|hourly,2026-08-17T18:48:05Z,2026-08-17T18:48:05Z,
170.78.118.78,ipv4,malicious-ip,medium,WHITE,ziyadnz/hourly-ipv4,ziyadnz|hourly,2026-08-17T18:48:05Z,2026-08-17T18:48:05Z,
170.78.119.117,ipv4,malicious-ip,medium,WHITE,ziyadnz/hourly-ipv4,ziyadnz|hourly,2026-08-17T18:48:05Z,2026-08-17T18:48:05Z,
170.78.149.169,ipv4,malicious-ip,medium,WHITE,ziyadnz/hourly-ipv4,ziyadnz|hourly,2026-08-17T18:48:05Z,2026-08-17T18:48:05Z,
170.78.31.255,ipv4,malicious-ip,medium,WHITE,ziyadnz/hourly-ipv4,ziyadnz|hourly,2026-08-17T18:48:05Z,2026-08-17T18:48:05Z,
170.79.133.30,ipv4,malicious-ip,medium,WHITE,ziyadnz/hourly-ipv4,ziyadnz|hourly,2026-08-17T18:48:05Z,2026-08-17T18:48:05Z,
170.79.164.142,ipv4,malicious-ip,medium,WHITE,ziyadnz/hourly-ipv4,ziyadnz|hourly,2026-08-17T18:48:05Z,2026-08-17T18:48:05Z,
170.79.222.241,ipv4,malicious-ip,medium,WHITE,ziyadnz/hourly-ipv4,ziyadnz|hourly,2026-08-17T18:48:05Z,2026-08-17T18:48:05Z,
170.79.25.253,ipv4,malicious-ip,medium,WHITE,ziyadnz/hourly-ipv4,ziyadnz|hourly,2026-08-17T18:48:05Z,2026-08-17T18:48:05Z,
170.79.37.82,ipv4,malicious-ip,medium,WHITE,ziyadnz/hourly-ipv4,ziyadnz|hourly,2026-08-17T18:48:05Z,2026-08-17T18:48:05Z,
170.79.37.84,ipv4,malicious-ip,medium,WHITE,ziyadnz/hourly-ipv4,ziyadnz|hourly,2026-08-17T18:48:05Z,2026-08-17T18:48:05Z,
170.79.77.68,ipv4,malicious-ip,medium,WHITE,ziyadnz/hourly-ipv4,ziyadnz|hourly,2026-08-17T18:48:05Z,2026-08-17T18:48:05Z,
170.79.87.131,ipv4,malicious-ip,medium,WHITE,ziyadnz/hourly-ipv4,ziyadnz|hourly,2026-08-17T18:48:05Z,2026-08-17T18:48:05Z,
170.80.137.7,ipv4,malicious-ip,medium,WHITE,ziyadnz/hourly-ipv4,ziyadnz|hourly,2026-08-17T18:48:05Z,2026-08-17T18:48:05Z,
170.80.15.123,ipv4,malicious-ip,medium,WHITE,ziyadnz/hourly-ipv4,ziyadnz|hourly,2026-08-17T18:48:05Z,2026-08-17T18:48:05Z,
170.80.226.240,ipv4,malicious-ip,medium,WHITE,ziyadnz/hourly-ipv4,ziyadnz|hourly,2026-08-17T18:48:05Z,2026-08-17T18:48:05Z,
170.80.226.248,ipv4,malicious-ip,medium,WHITE,ziyadnz/hourly-ipv4,ziyadnz|hourly,2026-08-17T18:48:05Z,2026-08-17T18:48:05Z,
170.80.37.106,ipv4,malicious-ip,medium,WHITE,ziyadnz/hourly-ipv4,ziyadnz|hourly,2026-08-17T18:48:05Z,2026-08-17T18:48:05Z,
170.80.37.116,ipv4,malicious-ip,medium,WHITE,ziyadnz/hourly-ipv4,ziyadnz|hourly,2026-08-17T18:48:05Z,2026-08-17T18:48:05Z,
170.80.39.16,ipv4,malicious-ip,medium,WHITE,ziyadnz/hourly-ipv4,ziyadnz|hourly,2026-08-17T18:48:05Z,2026-08-17T18:48:05Z,
170.80.41.83,ipv4,malicious-ip,medium,WHITE,ziyadnz/hourly-ipv4,ziyadnz|hourly,2026-08-17T18:48:05Z,2026-08-17T18:48:05Z,
170.80.41.90,ipv4,malicious-ip,medium,WHITE,ziyadnz/hourly-ipv4,ziyadnz|hourly,2026-08-17T18:48:05Z,2026-08-17T18:48:05Z,
170.80.41.92,ipv4,malicious-ip,medium,WHITE,ziyadnz/hourly-ipv4,ziyadnz|hourly,2026-08-17T18:48:05Z,2026-08-17T18:48:05Z,
170.80.42.126,ipv4,malicious-ip,medium,WHITE,ziyadnz/hourly-ipv4,ziyadnz|hourly,2026-08-17T18:48:05Z,2026-08-17T18:48:05Z,
170.80.42.27,ipv4,malicious-ip,medium,WHITE,ziyadnz/hourly-ipv4,ziyadnz|hourly,2026-08-17T18:48:05Z,2026-08-17T18:48:05Z,
170.80.42.62,ipv4,malicious-ip,medium,WHITE,ziyadnz/hourly-ipv4,ziyadnz|hourly,2026-08-17T18:48:05Z,2026-08-17T18:48:05Z,
170.80.48.27,ipv4,malicious-ip,medium,WHITE,ziyadnz/hourly-ipv4,ziyadnz|hourly,2026-08-17T18:48:05Z,2026-08-17T18:48:05Z,
170.80.65.140,ipv4,malicious-ip,medium,WHITE,ziyadnz/hourly-ipv4,ziyadnz|hourly,2026-08-17T18:48:05Z,2026-08-17T18:48:05Z,
170.81.101.106,ipv4,malicious-ip,medium,WHITE,ziyadnz/hourly-ipv4,ziyadnz|hourly,2026-08-17T18:48:05Z,2026-08-17T18:48:05Z,
170.81.145.185,ipv4,malicious-ip,medium,WHITE,ziyadnz/hourly-ipv4,ziyadnz|hourly,2026-08-17T18:48:05Z,2026-08-17T18:48:05Z,
170.81.152.67,ipv4,malicious-ip,medium,WHITE,ziyadnz/hourly-ipv4,ziyadnz|hourly,2026-08-17T18:48:05Z,2026-08-17T18:48:05Z,
170.81.154.213,ipv4,malicious-ip,medium,WHITE,ziyadnz/hourly-ipv4,ziyadnz|hourly,2026-08-17T18:48:05Z,2026-08-17T18:48:05Z,
170.81.166.169,ipv4,malicious-ip,medium,WHITE,ziyadnz/hourly-ipv4,ziyadnz|hourly,2026-08-17T18:48:05Z,2026-08-17T18:48:05Z,
170.81.177.106,ipv4,malicious-ip,medium,WHITE,ziyadnz/hourly-ipv4,ziyadnz|hourly,2026-08-17T18:48:05Z,2026-08-17T18:48:05Z,
170.81.203.151,ipv4,malicious-ip,medium,WHITE,ziyadnz/hourly-ipv4,ziyadnz|hourly,2026-08-17T18:48:05Z,2026-08-17T18:48:05Z,
170.81.211.241,ipv4,malicious-ip,medium,WHITE,ziyadnz/hourly-ipv4,ziyadnz|hourly,2026-08-17T18:48:05Z,2026-08-17T18:48:05Z,
170.81.226.5,ipv4,malicious-ip,medium,WHITE,ziyadnz/hourly-ipv4,ziyadnz|hourly,2026-08-17T18:48:05Z,2026-08-17T18:48:05Z,
170.81.233.101,ipv4,malicious-ip,medium,WHITE,ziyadnz/hourly-ipv4,ziyadnz|hourly,2026-08-17T18:48:05Z,2026-08-17T18:48:05Z,
170.81.233.76,ipv4,malicious-ip,medium,WHITE,ziyadnz/hourly-ipv4,ziyadnz|hourly,2026-08-17T18:48:05Z,2026-08-17T18:48:05Z,
170.81.67.229,ipv4,malicious-ip,medium,WHITE,ziyadnz/hourly-ipv4,ziyadnz|hourly,2026-08-17T18:48:05Z,2026-08-17T18:48:05Z,
170.81.69.53,ipv4,malicious-ip,medium,WHITE,ziyadnz/hourly-ipv4,ziyadnz|hourly,2026-08-17T18:48:05Z,2026-08-17T18:48:05Z,
170.81.84.14,ipv4,malicious-ip,medium,WHITE,ziyadnz/hourly-ipv4,ziyadnz|hourly,2026-08-17T18:48:05Z,2026-08-17T18:48:05Z,
170.82.135.140,ipv4,malicious-ip,medium,WHITE,ziyadnz/hourly-ipv4,ziyadnz|hourly,2026-08-17T18:48:05Z,2026-08-17T18:48:05Z,
170.82.14.1,ipv4,malicious-ip,medium,WHITE,ziyadnz/hourly-ipv4,ziyadnz|hourly,2026-08-17T18:48:05Z,2026-08-17T18:48:05Z,
170.82.145.196,ipv4,malicious-ip,medium,WHITE,ziyadnz/hourly-ipv4,ziyadnz|hourly,2026-08-17T18:48:05Z,2026-08-17T18:48:05Z,
170.82.178.43,ipv4,malicious-ip,medium,WHITE,ziyadnz/hourly-ipv4,ziyadnz|hourly,2026-08-17T18:48:05Z,2026-08-17T18:48:05Z,
170.82.182.184,ipv4,malicious-ip,medium,WHITE,ziyadnz/hourly-ipv4,ziyadnz|hourly,2026-08-17T18:48:05Z,2026-08-17T18:48:05Z,
170.82.229.27,ipv4,malicious-ip,medium,WHITE,ziyadnz/hourly-ipv4,ziyadnz|hourly,2026-08-17T18:48:05Z,2026-08-17T18:48:05Z,
170.82.253.72,ipv4,malicious-ip,medium,WHITE,ziyadnz/hourly-ipv4,ziyadnz|hourly,2026-08-17T18:48:05Z,2026-08-17T18:48:05Z,
170.82.254.2,ipv4,malicious-ip,medium,WHITE,ziyadnz/hourly-ipv4,ziyadnz|hourly,2026-08-17T18:48:05Z,2026-08-17T18:48:05Z,
170.82.48.234,ipv4,malicious-ip,medium,WHITE,ziyadnz/hourly-ipv4,ziyadnz|hourly,2026-08-17T18:48:05Z,2026-08-17T18:48:05Z,
170.82.48.59,ipv4,malicious-ip,medium,WHITE,ziyadnz/hourly-ipv4,ziyadnz|hourly,2026-08-17T18:48:05Z,2026-08-17T18:48:05Z,
170.82.52.175,ipv4,malicious-ip,medium,WHITE,ziyadnz/hourly-ipv4,ziyadnz|hourly,2026-08-17T18:48:05Z,2026-08-17T18:48:05Z,
170.82.52.225,ipv4,malicious-ip,medium,WHITE,ziyadnz/hourly-ipv4,ziyadnz|hourly,2026-08-17T18:48:05Z,2026-08-17T18:48:05Z,
170.83.126.55,ipv4,malicious-ip,medium,WHITE,ziyadnz/hourly-ipv4,ziyadnz|hourly,2026-08-17T18:48:05Z,2026-08-17T18:48:05Z,
170.83.174.134,ipv4,malicious-ip,medium,WHITE,ziyadnz/hourly-ipv4,ziyadnz|hourly,2026-08-17T18:48:05Z,2026-08-17T18:48:05Z,
170.83.204.162,ipv4,malicious-ip,medium,WHITE,ziyadnz/hourly-ipv4,ziyadnz|hourly,2026-08-17T18:48:05Z,2026-08-17T18:48:05Z,
170.83.205.75,ipv4,malicious-ip,medium,WHITE,ziyadnz/hourly-ipv4,ziyadnz|hourly,2026-08-17T18:48:05Z,2026-08-17T18:48:05Z,
170.83.226.227,ipv4,malicious-ip,medium,WHITE,ziyadnz/hourly-ipv4,ziyadnz|hourly,2026-08-17T18:48:05Z,2026-08-17T18:48:05Z,
170.83.44.90,ipv4,malicious-ip,medium,WHITE,ziyadnz/hourly-ipv4,ziyadnz|hourly,2026-08-17T18:48:05Z,2026-08-17T18:48:05Z,
170.83.51.76,ipv4,malicious-ip,medium,WHITE,ziyadnz/hourly-ipv4,ziyadnz|hourly,2026-08-17T18:48:05Z,2026-08-17T18:48:05Z,
170.83.71.181,ipv4,malicious-ip,medium,WHITE,ziyadnz/hourly-ipv4,ziyadnz|hourly,2026-08-17T18:48:05Z,2026-08-17T18:48:05Z,
170.83.72.228,ipv4,malicious-ip,medium,WHITE,ziyadnz/hourly-ipv4,ziyadnz|hourly,2026-08-17T18:48:05Z,2026-08-17T18:48:05Z,
170.84.122.9,ipv4,malicious-ip,medium,WHITE,ziyadnz/hourly-ipv4,ziyadnz|hourly,2026-08-17T18:48:05Z,2026-08-17T18:48:05Z,
170.84.165.66,ipv4,malicious-ip,medium,WHITE,ziyadnz/hourly-ipv4,ziyadnz|hourly,2026-08-17T18:48:05Z,2026-08-17T18:48:05Z,
170.84.173.2,ipv4,malicious-ip,medium,WHITE,ziyadnz/hourly-ipv4,ziyadnz|hourly,2026-08-17T18:48:05Z,2026-08-17T18:48:05Z,
170.84.225.2,ipv4,malicious-ip,medium,WHITE,ziyadnz/hourly-ipv4,ziyadnz|hourly,2026-08-17T18:48:05Z,2026-08-17T18:48:05Z,
170.84.248.35,ipv4,malicious-ip,medium,WHITE,ziyadnz/hourly-ipv4,ziyadnz|hourly,2026-08-17T18:48:05Z,2026-08-17T18:48:05Z,
170.84.56.187,ipv4,malicious-ip,medium,WHITE,ziyadnz/hourly-ipv4,ziyadnz|hourly,2026-08-17T18:48:05Z,2026-08-17T18:48:05Z,
170.84.58.38,ipv4,malicious-ip,medium,WHITE,ziyadnz/hourly-ipv4,ziyadnz|hourly,2026-08-17T18:48:05Z,2026-08-17T18:48:05Z,
170.84.69.184,ipv4,malicious-ip,medium,WHITE,ziyadnz/hourly-ipv4,ziyadnz|hourly,2026-08-17T18:48:05Z,2026-08-17T18:48:05Z,
170.9.16.186,ipv4,malicious-ip,medium,WHITE,ziyadnz/hourly-ipv4,ziyadnz|hourly,2026-08-17T18:48:05Z,2026-08-17T18:48:05Z,
170.9.40.164,ipv4,malicious-ip,medium,WHITE,ziyadnz/hourly-ipv4,ziyadnz|hourly,2026-08-17T18:48:05Z,2026-08-17T18:48:05Z,
171.101.39.80,ipv4,malicious-ip,medium,WHITE,ziyadnz/hourly-ipv4,ziyadnz|hourly,2026-08-17T18:48:05Z,2026-08-17T18:48:05Z,
171.104.127.82,ipv4,malicious-ip,medium,WHITE,ziyadnz/hourly-ipv4,ziyadnz|hourly,2026-08-17T18:48:05Z,2026-08-17T18:48:05Z,
171.104.81.193,ipv4,malicious-ip,medium,WHITE,ziyadnz/hourly-ipv4,ziyadnz|hourly,2026-08-17T18:48:05Z,2026-08-17T18:48:05Z,
171.104.81.196,ipv4,malicious-ip,medium,WHITE,ziyadnz/hourly-ipv4,ziyadnz|hourly,2026-08-17T18:48:05Z,2026-08-17T18:48:05Z,
171.104.81.198,ipv4,malicious-ip,medium,WHITE,ziyadnz/hourly-ipv4,ziyadnz|hourly,2026-08-17T18:48:05Z,2026-08-17T18:48:05Z,
171.104.81.204,ipv4,malicious-ip,medium,WHITE,ziyadnz/hourly-ipv4,ziyadnz|hourly,2026-08-17T18:48:05Z,2026-08-17T18:48:05Z,
171.104.81.205,ipv4,malicious-ip,medium,WHITE,ziyadnz/hourly-ipv4,ziyadnz|hourly,2026-08-17T18:48:05Z,2026-08-17T18:48:05Z,
171.104.81.207,ipv4,malicious-ip,medium,WHITE,ziyadnz/hourly-ipv4,ziyadnz|hourly,2026-08-17T18:48:05Z,2026-08-17T18:48:05Z,
171.104.81.211,ipv4,malicious-ip,medium,WHITE,ziyadnz/hourly-ipv4,ziyadnz|hourly,2026-08-17T18:48:05Z,2026-08-17T18:48:05Z,
171.104.81.213,ipv4,malicious-ip,medium,WHITE,ziyadnz/hourly-ipv4,ziyadnz|hourly,2026-08-17T18:48:05Z,2026-08-17T18:48:05Z,
171.104.81.215,ipv4,malicious-ip,medium,WHITE,ziyadnz/hourly-ipv4,ziyadnz|hourly,2026-08-17T18:48:05Z,2026-08-17T18:48:05Z,
171.104.81.217,ipv4,malicious-ip,medium,WHITE,ziyadnz/hourly-ipv4,ziyadnz|hourly,2026-08-17T18:48:05Z,2026-08-17T18:48:05Z,
171.104.81.218,ipv4,malicious-ip,medium,WHITE,ziyadnz/hourly-ipv4,ziyadnz|hourly,2026-08-17T18:48:05Z,2026-08-17T18:48:05Z,
171.104.81.219,ipv4,malicious-ip,medium,WHITE,ziyadnz/hourly-ipv4,ziyadnz|hourly,2026-08-17T18:48:05Z,2026-08-17T18:48:05Z,
171.104.81.222,ipv4,malicious-ip,medium,WHITE,ziyadnz/hourly-ipv4,ziyadnz|hourly,2026-08-17T18:48:05Z,2026-08-17T18:48:05Z,
171.104.81.226,ipv4,malicious-ip,medium,WHITE,ziyadnz/hourly-ipv4,ziyadnz|hourly,2026-08-17T18:48:05Z,2026-08-17T18:48:05Z,
171.104.81.228,ipv4,malicious-ip,medium,WHITE,ziyadnz/hourly-ipv4,ziyadnz|hourly,2026-08-17T18:48:05Z,2026-08-17T18:48:05Z,
171.104.81.232,ipv4,malicious-ip,medium,WHITE,ziyadnz/hourly-ipv4,ziyadnz|hourly,2026-08-17T18:48:05Z,2026-08-17T18:48:05Z,
171.104.81.233,ipv4,malicious-ip,medium,WHITE,ziyadnz/hourly-ipv4,ziyadnz|hourly,2026-08-17T18:48:05Z,2026-08-17T18:48:05Z,
171.104.81.238,ipv4,malicious-ip,medium,WHITE,ziyadnz/hourly-ipv4,ziyadnz|hourly,2026-08-17T18:48:05Z,2026-08-17T18:48:05Z,
171.104.81.244,ipv4,malicious-ip,medium,WHITE,ziyadnz/hourly-ipv4,ziyadnz|hourly,2026-08-17T18:48:05Z,2026-08-17T18:48:05Z,
171.104.81.248,ipv4,malicious-ip,medium,WHITE,ziyadnz/hourly-ipv4,ziyadnz|hourly,2026-08-17T18:48:05Z,2026-08-17T18:48:05Z,
171.104.81.250,ipv4,malicious-ip,medium,WHITE,ziyadnz/hourly-ipv4,ziyadnz|hourly,2026-08-17T18:48:05Z,2026-08-17T18:48:05Z,
171.104.83.128,ipv4,malicious-ip,medium,WHITE,ziyadnz/hourly-ipv4,ziyadnz|hourly,2026-08-17T18:48:05Z,2026-08-17T18:48:05Z,
171.104.83.133,ipv4,malicious-ip,medium,WHITE,ziyadnz/hourly-ipv4,ziyadnz|hourly,2026-08-17T18:48:05Z,2026-08-17T18:48:05Z,
171.104.83.134,ipv4,malicious-ip,medium,WHITE,ziyadnz/hourly-ipv4,ziyadnz|hourly,2026-08-17T18:48:05Z,2026-08-17T18:48:05Z,
171.104.83.136,ipv4,malicious-ip,medium,WHITE,ziyadnz/hourly-ipv4,ziyadnz|hourly,2026-08-17T18:48:05Z,2026-08-17T18:48:05Z,
171.104.83.138,ipv4,malicious-ip,medium,WHITE,ziyadnz/hourly-ipv4,ziyadnz|hourly,2026-08-17T18:48:05Z,2026-08-17T18:48:05Z,
171.104.83.143,ipv4,malicious-ip,medium,WHITE,ziyadnz/hourly-ipv4,ziyadnz|hourly,2026-08-17T18:48:05Z,2026-08-17T18:48:05Z,
171.104.83.145,ipv4,malicious-ip,medium,WHITE,ziyadnz/hourly-ipv4,ziyadnz|hourly,2026-08-17T18:48:05Z,2026-08-17T18:48:05Z,
171.104.83.149,ipv4,malicious-ip,medium,WHITE,ziyadnz/hourly-ipv4,ziyadnz|hourly,2026-08-17T18:48:05Z,2026-08-17T18:48:05Z,
171.104.83.151,ipv4,malicious-ip,medium,WHITE,ziyadnz/hourly-ipv4,ziyadnz|hourly,2026-08-17T18:48:05Z,2026-08-17T18:48:05Z,
171.104.83.154,ipv4,malicious-ip,medium,WHITE,ziyadnz/hourly-ipv4,ziyadnz|hourly,2026-08-17T18:48:05Z,2026-08-17T18:48:05Z,
171.104.83.162,ipv4,malicious-ip,medium,WHITE,ziyadnz/hourly-ipv4,ziyadnz|hourly,2026-08-17T18:48:05Z,2026-08-17T18:48:05Z,
171.104.83.163,ipv4,malicious-ip,medium,WHITE,ziyadnz/hourly-ipv4,ziyadnz|hourly,2026-08-17T18:48:05Z,2026-08-17T18:48:05Z,
171.104.83.170,ipv4,malicious-ip,medium,WHITE,ziyadnz/hourly-ipv4,ziyadnz|hourly,2026-08-17T18:48:05Z,2026-08-17T18:48:05Z,
171.104.83.171,ipv4,malicious-ip,medium,WHITE,ziyadnz/hourly-ipv4,ziyadnz|hourly,2026-08-17T18:48:05Z,2026-08-17T18:48:05Z,
171.104.83.176,ipv4,malicious-ip,medium,WHITE,ziyadnz/hourly-ipv4,ziyadnz|hourly,2026-08-17T18:48:05Z,2026-08-17T18:48:05Z,
171.104.83.177,ipv4,malicious-ip,medium,WHITE,ziyadnz/hourly-ipv4,ziyadnz|hourly,2026-08-17T18:48:05Z,2026-08-17T18:48:05Z,
171.104.83.179,ipv4,malicious-ip,medium,WHITE,ziyadnz/hourly-ipv4,ziyadnz|hourly,2026-08-17T18:48:05Z,2026-08-17T18:48:05Z,
171.104.83.185,ipv4,malicious-ip,medium,WHITE,ziyadnz/hourly-ipv4,ziyadnz|hourly,2026-08-17T18:48:05Z,2026-08-17T18:48:05Z,
171.106.206.62,ipv4,malicious-ip,medium,WHITE,ziyadnz/hourly-ipv4,ziyadnz|hourly,2026-08-17T18:48:05Z,2026-08-17T18:48:05Z,
171.106.44.123,ipv4,malicious-ip,medium,WHITE,ziyadnz/hourly-ipv4,ziyadnz|hourly,2026-08-17T18:48:05Z,2026-08-17T18:48:05Z,
171.107.118.197,ipv4,malicious-ip,medium,WHITE,ziyadnz/hourly-ipv4,ziyadnz|hourly,2026-08-17T18:48:05Z,2026-08-17T18:48:05Z,
171.107.138.180,ipv4,malicious-ip,medium,WHITE,ziyadnz/hourly-ipv4,ziyadnz|hourly,2026-08-17T18:48:05Z,2026-08-17T18:48:05Z,
171.108.182.209,ipv4,malicious-ip,medium,WHITE,ziyadnz/hourly-ipv4,ziyadnz|hourly,2026-08-17T18:48:05Z,2026-08-17T18:48:05Z,
171.108.182.218,ipv4,malicious-ip,medium,WHITE,ziyadnz/hourly-ipv4,ziyadnz|hourly,2026-08-17T18:48:05Z,2026-08-17T18:48:05Z,
171.108.182.224,ipv4,malicious-ip,medium,WHITE,ziyadnz/hourly-ipv4,ziyadnz|hourly,2026-08-17T18:48:05Z,2026-08-17T18:48:05Z,
171.108.182.229,ipv4,malicious-ip,medium,WHITE,ziyadnz/hourly-ipv4,ziyadnz|hourly,2026-08-17T18:48:05Z,2026-08-17T18:48:05Z,
171.108.182.235,ipv4,malicious-ip,medium,WHITE,ziyadnz/hourly-ipv4,ziyadnz|hourly,2026-08-17T18:48:05Z,2026-08-17T18:48:05Z,
171.108.182.243,ipv4,malicious-ip,medium,WHITE,ziyadnz/hourly-ipv4,ziyadnz|hourly,2026-08-17T18:48:05Z,2026-08-17T18:48:05Z,
171.108.182.246,ipv4,malicious-ip,medium,WHITE,ziyadnz/hourly-ipv4,ziyadnz|hourly,2026-08-17T18:48:05Z,2026-08-17T18:48:05Z,
171.108.182.253,ipv4,malicious-ip,medium,WHITE,ziyadnz/hourly-ipv4,ziyadnz|hourly,2026-08-17T18:48:05Z,2026-08-17T18:48:05Z,
171.108.183.137,ipv4,malicious-ip,medium,WHITE,ziyadnz/hourly-ipv4,ziyadnz|hourly,2026-08-17T18:48:05Z,2026-08-17T18:48:05Z,
171.11.197.250,ipv4,malicious-ip,medium,WHITE,ziyadnz/hourly-ipv4,ziyadnz|hourly,2026-08-17T18:48:05Z,2026-08-17T18:48:05Z,
171.110.58.73,ipv4,malicious-ip,medium,WHITE,ziyadnz/hourly-ipv4,ziyadnz|hourly,2026-08-17T18:48:05Z,2026-08-17T18:48:05Z,
171.111.196.251,ipv4,malicious-ip,medium,WHITE,ziyadnz/hourly-ipv4,ziyadnz|hourly,2026-08-17T18:48:05Z,2026-08-17T18:48:05Z,
171.112.93.216,ipv4,malicious-ip,medium,WHITE,ziyadnz/hourly-ipv4,ziyadnz|hourly,2026-08-17T18:48:05Z,2026-08-17T18:48:05Z,
171.113.129.166,ipv4,malicious-ip,medium,WHITE,ziyadnz/hourly-ipv4,ziyadnz|hourly,2026-08-17T18:48:05Z,2026-08-17T18:48:05Z,
171.113.142.182,ipv4,malicious-ip,medium,WHITE,ziyadnz/hourly-ipv4,ziyadnz|hourly,2026-08-17T18:48:05Z,2026-08-17T18:48:05Z,
171.113.149.136,ipv4,malicious-ip,medium,WHITE,ziyadnz/hourly-ipv4,ziyadnz|hourly,2026-08-17T18:48:05Z,2026-08-17T18:48:05Z,
171.113.150.21,ipv4,malicious-ip,medium,WHITE,ziyadnz/hourly-ipv4,ziyadnz|hourly,2026-08-17T18:48:05Z,2026-08-17T18:48:05Z,
171.113.200.120,ipv4,malicious-ip,medium,WHITE,ziyadnz/hourly-ipv4,ziyadnz|hourly,2026-08-17T18:48:05Z,2026-08-17T18:48:05Z,
171.113.209.65,ipv4,malicious-ip,medium,WHITE,ziyadnz/hourly-ipv4,ziyadnz|hourly,2026-08-17T18:48:05Z,2026-08-17T18:48:05Z,
171.113.225.195,ipv4,malicious-ip,medium,WHITE,ziyadnz/hourly-ipv4,ziyadnz|hourly,2026-08-17T18:48:05Z,2026-08-17T18:48:05Z,
171.113.226.56,ipv4,malicious-ip,medium,WHITE,ziyadnz/hourly-ipv4,ziyadnz|hourly,2026-08-17T18:48:05Z,2026-08-17T18:48:05Z,
171.113.227.20,ipv4,malicious-ip,medium,WHITE,ziyadnz/hourly-ipv4,ziyadnz|hourly,2026-08-17T18:48:05Z,2026-08-17T18:48:05Z,
171.113.243.99,ipv4,malicious-ip,medium,WHITE,ziyadnz/hourly-ipv4,ziyadnz|hourly,2026-08-17T18:48:05Z,2026-08-17T18:48:05Z,
171.113.247.218,ipv4,malicious-ip,medium,WHITE,ziyadnz/hourly-ipv4,ziyadnz|hourly,2026-08-17T18:48:05Z,2026-08-17T18:48:05Z,
171.113.83.60,ipv4,malicious-ip,medium,WHITE,ziyadnz/hourly-ipv4,ziyadnz|hourly,2026-08-17T18:48:05Z,2026-08-17T18:48:05Z,
171.114.224.101,ipv4,malicious-ip,medium,WHITE,ziyadnz/hourly-ipv4,ziyadnz|hourly,2026-08-17T18:48:05Z,2026-08-17T18:48:05Z,
171.114.224.135,ipv4,malicious-ip,medium,WHITE,ziyadnz/hourly-ipv4,ziyadnz|hourly,2026-08-17T18:48:05Z,2026-08-17T18:48:05Z,
171.114.224.224,ipv4,malicious-ip,medium,WHITE,ziyadnz/hourly-ipv4,ziyadnz|hourly,2026-08-17T18:48:05Z,2026-08-17T18:48:05Z,
171.114.224.250,ipv4,malicious-ip,medium,WHITE,ziyadnz/hourly-ipv4,ziyadnz|hourly,2026-08-17T18:48:05Z,2026-08-17T18:48:05Z,
171.114.224.89,ipv4,malicious-ip,medium,WHITE,ziyadnz/hourly-ipv4,ziyadnz|hourly,2026-08-17T18:48:05Z,2026-08-17T18:48:05Z,
171.114.225.0,ipv4,malicious-ip,medium,WHITE,ziyadnz/hourly-ipv4,ziyadnz|hourly,2026-08-17T18:48:05Z,2026-08-17T18:48:05Z,
171.114.225.116,ipv4,malicious-ip,medium,WHITE,ziyadnz/hourly-ipv4,ziyadnz|hourly,2026-08-17T18:48:05Z,2026-08-17T18:48:05Z,
171.114.225.142,ipv4,malicious-ip,medium,WHITE,ziyadnz/hourly-ipv4,ziyadnz|hourly,2026-08-17T18:48:05Z,2026-08-17T18:48:05Z,
171.114.225.168,ipv4,malicious-ip,medium,WHITE,ziyadnz/hourly-ipv4,ziyadnz|hourly,2026-08-17T18:48:05Z,2026-08-17T18:48:05Z,
171.114.225.178,ipv4,malicious-ip,medium,WHITE,ziyadnz/hourly-ipv4,ziyadnz|hourly,2026-08-17T18:48:05Z,2026-08-17T18:48:05Z,
171.114.225.225,ipv4,malicious-ip,medium,WHITE,ziyadnz/hourly-ipv4,ziyadnz|hourly,2026-08-17T18:48:05Z,2026-08-17T18:48:05Z,
171.114.225.242,ipv4,malicious-ip,medium,WHITE,ziyadnz/hourly-ipv4,ziyadnz|hourly,2026-08-17T18:48:05Z,2026-08-17T18:48:05Z,
171.114.225.36,ipv4,malicious-ip,medium,WHITE,ziyadnz/hourly-ipv4,ziyadnz|hourly,2026-08-17T18:48:05Z,2026-08-17T18:48:05Z,
171.114.225.43,ipv4,malicious-ip,medium,WHITE,ziyadnz/hourly-ipv4,ziyadnz|hourly,2026-08-17T18:48:05Z,2026-08-17T18:48:05Z,
171.114.226.0,ipv4,malicious-ip,medium,WHITE,ziyadnz/hourly-ipv4,ziyadnz|hourly,2026-08-17T18:48:05Z,2026-08-17T18:48:05Z,
171.114.226.106,ipv4,malicious-ip,medium,WHITE,ziyadnz/hourly-ipv4,ziyadnz|hourly,2026-08-17T18:48:05Z,2026-08-17T18:48:05Z,
171.114.226.120,ipv4,malicious-ip,medium,WHITE,ziyadnz/hourly-ipv4,ziyadnz|hourly,2026-08-17T18:48:05Z,2026-08-17T18:48:05Z,
171.114.226.124,ipv4,malicious-ip,medium,WHITE,ziyadnz/hourly-ipv4,ziyadnz|hourly,2026-08-17T18:48:05Z,2026-08-17T18:48:05Z,
171.114.226.131,ipv4,malicious-ip,medium,WHITE,ziyadnz/hourly-ipv4,ziyadnz|hourly,2026-08-17T18:48:05Z,2026-08-17T18:48:05Z,
171.114.226.133,ipv4,malicious-ip,medium,WHITE,ziyadnz/hourly-ipv4,ziyadnz|hourly,2026-08-17T18:48:05Z,2026-08-17T18:48:05Z,
171.114.226.156,ipv4,malicious-ip,medium,WHITE,ziyadnz/hourly-ipv4,ziyadnz|hourly,2026-08-17T18:48:05Z,2026-08-17T18:48:05Z,
171.114.226.209,ipv4,malicious-ip,medium,WHITE,ziyadnz/hourly-ipv4,ziyadnz|hourly,2026-08-17T18:48:05Z,2026-08-17T18:48:05Z,
171.114.226.23,ipv4,malicious-ip,medium,WHITE,ziyadnz/hourly-ipv4,ziyadnz|hourly,2026-08-17T18:48:05Z,2026-08-17T18:48:05Z,
171.114.227.0,ipv4,malicious-ip,medium,WHITE,ziyadnz/hourly-ipv4,ziyadnz|hourly,2026-08-17T18:48:05Z,2026-08-17T18:48:05Z,
171.114.227.102,ipv4,malicious-ip,medium,WHITE,ziyadnz/hourly-ipv4,ziyadnz|hourly,2026-08-17T18:48:05Z,2026-08-17T18:48:05Z,
171.114.227.193,ipv4,malicious-ip,medium,WHITE,ziyadnz/hourly-ipv4,ziyadnz|hourly,2026-08-17T18:48:05Z,2026-08-17T18:48:05Z,
171.114.227.194,ipv4,malicious-ip,medium,WHITE,ziyadnz/hourly-ipv4,ziyadnz|hourly,2026-08-17T18:48:05Z,2026-08-17T18:48:05Z,
171.114.227.209,ipv4,malicious-ip,medium,WHITE,ziyadnz/hourly-ipv4,ziyadnz|hourly,2026-08-17T18:48:05Z,2026-08-17T18:48:05Z,
171.114.227.210,ipv4,malicious-ip,medium,WHITE,ziyadnz/hourly-ipv4,ziyadnz|hourly,2026-08-17T18:48:05Z,2026-08-17T18:48:05Z,
171.114.227.235,ipv4,malicious-ip,medium,WHITE,ziyadnz/hourly-ipv4,ziyadnz|hourly,2026-08-17T18:48:05Z,2026-08-17T18:48:05Z,
171.114.227.242,ipv4,malicious-ip,medium,WHITE,ziyadnz/hourly-ipv4,ziyadnz|hourly,2026-08-17T18:48:05Z,2026-08-17T18:48:05Z,
171.114.228.0,ipv4,malicious-ip,medium,WHITE,ziyadnz/hourly-ipv4,ziyadnz|hourly,2026-08-17T18:48:05Z,2026-08-17T18:48:05Z,
171.114.228.102,ipv4,malicious-ip,medium,WHITE,ziyadnz/hourly-ipv4,ziyadnz|hourly,2026-08-17T18:48:05Z,2026-08-17T18:48:05Z,
171.114.228.126,ipv4,malicious-ip,medium,WHITE,ziyadnz/hourly-ipv4,ziyadnz|hourly,2026-08-17T18:48:05Z,2026-08-17T18:48:05Z,
171.114.228.147,ipv4,malicious-ip,medium,WHITE,ziyadnz/hourly-ipv4,ziyadnz|hourly,2026-08-17T18:48:05Z,2026-08-17T18:48:05Z,
171.114.228.154,ipv4,malicious-ip,medium,WHITE,ziyadnz/hourly-ipv4,ziyadnz|hourly,2026-08-17T18:48:05Z,2026-08-17T18:48:05Z,
171.114.228.212,ipv4,malicious-ip,medium,WHITE,ziyadnz/hourly-ipv4,ziyadnz|hourly,2026-08-17T18:48:05Z,2026-08-17T18:48:05Z,
171.114.228.222,ipv4,malicious-ip,medium,WHITE,ziyadnz/hourly-ipv4,ziyadnz|hourly,2026-08-17T18:48:05Z,2026-08-17T18:48:05Z,
171.114.228.231,ipv4,malicious-ip,medium,WHITE,ziyadnz/hourly-ipv4,ziyadnz|hourly,2026-08-17T18:48:05Z,2026-08-17T18:48:05Z,
171.114.228.4,ipv4,malicious-ip,medium,WHITE,ziyadnz/hourly-ipv4,ziyadnz|hourly,2026-08-17T18:48:05Z,2026-08-17T18:48:05Z,
171.114.228.53,ipv4,malicious-ip,medium,WHITE,ziyadnz/hourly-ipv4,ziyadnz|hourly,2026-08-17T18:48:05Z,2026-08-17T18:48:05Z,
171.114.228.9,ipv4,malicious-ip,medium,WHITE,ziyadnz/hourly-ipv4,ziyadnz|hourly,2026-08-17T18:48:05Z,2026-08-17T18:48:05Z,
171.114.229.106,ipv4,malicious-ip,medium,WHITE,ziyadnz/hourly-ipv4,ziyadnz|hourly,2026-08-17T18:48:05Z,2026-08-17T18:48:05Z,
171.114.229.11,ipv4,malicious-ip,medium,WHITE,ziyadnz/hourly-ipv4,ziyadnz|hourly,2026-08-17T18:48:05Z,2026-08-17T18:48:05Z,
171.114.229.223,ipv4,malicious-ip,medium,WHITE,ziyadnz/hourly-ipv4,ziyadnz|hourly,2026-08-17T18:48:05Z,2026-08-17T18:48:05Z,
171.114.229.59,ipv4,malicious-ip,medium,WHITE,ziyadnz/hourly-ipv4,ziyadnz|hourly,2026-08-17T18:48:05Z,2026-08-17T18:48:05Z,
171.114.229.66,ipv4,malicious-ip,medium,WHITE,ziyadnz/hourly-ipv4,ziyadnz|hourly,2026-08-17T18:48:05Z,2026-08-17T18:48:05Z,
171.114.229.76,ipv4,malicious-ip,medium,WHITE,ziyadnz/hourly-ipv4,ziyadnz|hourly,2026-08-17T18:48:05Z,2026-08-17T18:48:05Z,
171.114.230.0,ipv4,malicious-ip,medium,WHITE,ziyadnz/hourly-ipv4,ziyadnz|hourly,2026-08-17T18:48:05Z,2026-08-17T18:48:05Z,
171.114.230.100,ipv4,malicious-ip,medium,WHITE,ziyadnz/hourly-ipv4,ziyadnz|hourly,2026-08-17T18:48:05Z,2026-08-17T18:48:05Z,
171.114.230.108,ipv4,malicious-ip,medium,WHITE,ziyadnz/hourly-ipv4,ziyadnz|hourly,2026-08-17T18:48:05Z,2026-08-17T18:48:05Z,
171.114.230.109,ipv4,malicious-ip,medium,WHITE,ziyadnz/hourly-ipv4,ziyadnz|hourly,2026-08-17T18:48:05Z,2026-08-17T18:48:05Z,
171.114.230.177,ipv4,malicious-ip,medium,WHITE,ziyadnz/hourly-ipv4,ziyadnz|hourly,2026-08-17T18:48:05Z,2026-08-17T18:48:05Z,
171.114.230.202,ipv4,malicious-ip,medium,WHITE,ziyadnz/hourly-ipv4,ziyadnz|hourly,2026-08-17T18:48:05Z,2026-08-17T18:48:05Z,
171.114.230.219,ipv4,malicious-ip,medium,WHITE,ziyadnz/hourly-ipv4,ziyadnz|hourly,2026-08-17T18:48:05Z,2026-08-17T18:48:05Z,
171.114.230.233,ipv4,malicious-ip,medium,WHITE,ziyadnz/hourly-ipv4,ziyadnz|hourly,2026-08-17T18:48:05Z,2026-08-17T18:48:05Z,
171.114.230.237,ipv4,malicious-ip,medium,WHITE,ziyadnz/hourly-ipv4,ziyadnz|hourly,2026-08-17T18:48:05Z,2026-08-17T18:48:05Z,
171.114.230.243,ipv4,malicious-ip,medium,WHITE,ziyadnz/hourly-ipv4,ziyadnz|hourly,2026-08-17T18:48:05Z,2026-08-17T18:48:05Z,
171.114.230.30,ipv4,malicious-ip,medium,WHITE,ziyadnz/hourly-ipv4,ziyadnz|hourly,2026-08-17T18:48:05Z,2026-08-17T18:48:05Z,
171.114.230.43,ipv4,malicious-ip,medium,WHITE,ziyadnz/hourly-ipv4,ziyadnz|hourly,2026-08-17T18:48:05Z,2026-08-17T18:48:05Z,
171.114.230.72,ipv4,malicious-ip,medium,WHITE,ziyadnz/hourly-ipv4,ziyadnz|hourly,2026-08-17T18:48:05Z,2026-08-17T18:48:05Z,
171.114.231.0,ipv4,malicious-ip,medium,WHITE,ziyadnz/hourly-ipv4,ziyadnz|hourly,2026-08-17T18:48:05Z,2026-08-17T18:48:05Z,
171.114.231.101,ipv4,malicious-ip,medium,WHITE,ziyadnz/hourly-ipv4,ziyadnz|hourly,2026-08-17T18:48:05Z,2026-08-17T18:48:05Z,
171.114.231.170,ipv4,malicious-ip,medium,WHITE,ziyadnz/hourly-ipv4,ziyadnz|hourly,2026-08-17T18:48:05Z,2026-08-17T18:48:05Z,
171.114.231.182,ipv4,malicious-ip,medium,WHITE,ziyadnz/hourly-ipv4,ziyadnz|hourly,2026-08-17T18:48:05Z,2026-08-17T18:48:05Z,
171.114.231.205,ipv4,malicious-ip,medium,WHITE,ziyadnz/hourly-ipv4,ziyadnz|hourly,2026-08-17T18:48:05Z,2026-08-17T18:48:05Z,
171.114.231.225,ipv4,malicious-ip,medium,WHITE,ziyadnz/hourly-ipv4,ziyadnz|hourly,2026-08-17T18:48:05Z,2026-08-17T18:48:05Z,
171.114.231.228,ipv4,malicious-ip,medium,WHITE,ziyadnz/hourly-ipv4,ziyadnz|hourly,2026-08-17T18:48:05Z,2026-08-17T18:48:05Z,
171.114.231.236,ipv4,malicious-ip,medium,WHITE,ziyadnz/hourly-ipv4,ziyadnz|hourly,2026-08-17T18:48:05Z,2026-08-17T18:48:05Z,
171.114.231.240,ipv4,malicious-ip,medium,WHITE,ziyadnz/hourly-ipv4,ziyadnz|hourly,2026-08-17T18:48:05Z,2026-08-17T18:48:05Z,
171.114.231.35,ipv4,malicious-ip,medium,WHITE,ziyadnz/hourly-ipv4,ziyadnz|hourly,2026-08-17T18:48:05Z,2026-08-17T18:48:05Z,
171.114.231.46,ipv4,malicious-ip,medium,WHITE,ziyadnz/hourly-ipv4,ziyadnz|hourly,2026-08-17T18:48:05Z,2026-08-17T18:48:05Z,
171.114.231.92,ipv4,malicious-ip,medium,WHITE,ziyadnz/hourly-ipv4,ziyadnz|hourly,2026-08-17T18:48:05Z,2026-08-17T18:48:05Z,
171.114.56.197,ipv4,malicious-ip,medium,WHITE,ziyadnz/hourly-ipv4,ziyadnz|hourly,2026-08-17T18:48:05Z,2026-08-17T18:48:05Z,
171.116.119.150,ipv4,malicious-ip,medium,WHITE,ziyadnz/hourly-ipv4,ziyadnz|hourly,2026-08-17T18:48:05Z,2026-08-17T18:48:05Z,
171.116.49.127,ipv4,malicious-ip,medium,WHITE,ziyadnz/hourly-ipv4,ziyadnz|hourly,2026-08-17T18:48:05Z,2026-08-17T18:48:05Z,
171.12.10.195,ipv4,malicious-ip,medium,WHITE,ziyadnz/hourly-ipv4,ziyadnz|hourly,2026-08-17T18:48:05Z,2026-08-17T18:48:05Z,
171.12.244.104,ipv4,malicious-ip,medium,WHITE,ziyadnz/hourly-ipv4,ziyadnz|hourly,2026-08-17T18:48:05Z,2026-08-17T18:48:05Z,
171.120.226.55,ipv4,malicious-ip,medium,WHITE,ziyadnz/hourly-ipv4,ziyadnz|hourly,2026-08-17T18:48:05Z,2026-08-17T18:48:05Z,
171.120.70.134,ipv4,malicious-ip,medium,WHITE,ziyadnz/hourly-ipv4,ziyadnz|hourly,2026-08-17T18:48:05Z,2026-08-17T18:48:05Z,
171.122.158.225,ipv4,malicious-ip,medium,WHITE,ziyadnz/hourly-ipv4,ziyadnz|hourly,2026-08-17T18:48:05Z,2026-08-17T18:48:05Z,
171.122.222.244,ipv4,malicious-ip,medium,WHITE,ziyadnz/hourly-ipv4,ziyadnz|hourly,2026-08-17T18:48:05Z,2026-08-17T18:48:05Z,
171.123.180.246,ipv4,malicious-ip,medium,WHITE,ziyadnz/hourly-ipv4,ziyadnz|hourly,2026-08-17T18:48:05Z,2026-08-17T18:48:05Z,
171.125.168.60,ipv4,malicious-ip,medium,WHITE,ziyadnz/hourly-ipv4,ziyadnz|hourly,2026-08-17T18:48:05Z,2026-08-17T18:48:05Z,
171.125.6.189,ipv4,malicious-ip,medium,WHITE,ziyadnz/hourly-ipv4,ziyadnz|hourly,2026-08-17T18:48:05Z,2026-08-17T18:48:05Z,
171.126.20.175,ipv4,malicious-ip,medium,WHITE,ziyadnz/hourly-ipv4,ziyadnz|hourly,2026-08-17T18:48:05Z,2026-08-17T18:48:05Z,
171.126.23.157,ipv4,malicious-ip,medium,WHITE,ziyadnz/hourly-ipv4,ziyadnz|hourly,2026-08-17T18:48:05Z,2026-08-17T18:48:05Z,
171.13.38.54,ipv4,malicious-ip,medium,WHITE,ziyadnz/hourly-ipv4,ziyadnz|hourly,2026-08-17T18:48:05Z,2026-08-17T18:48:05Z,
171.14.129.134,ipv4,malicious-ip,medium,WHITE,ziyadnz/hourly-ipv4,ziyadnz|hourly,2026-08-17T18:48:05Z,2026-08-17T18:48:05Z,
171.14.141.209,ipv4,malicious-ip,medium,WHITE,ziyadnz/hourly-ipv4,ziyadnz|hourly,2026-08-17T18:48:05Z,2026-08-17T18:48:05Z,
171.15.131.165,ipv4,malicious-ip,medium,WHITE,ziyadnz/hourly-ipv4,ziyadnz|hourly,2026-08-17T18:48:05Z,2026-08-17T18:48:05Z,
171.15.54.253,ipv4,malicious-ip,medium,WHITE,ziyadnz/hourly-ipv4,ziyadnz|hourly,2026-08-17T18:48:05Z,2026-08-17T18:48:05Z,
171.208.45.24,ipv4,malicious-ip,medium,WHITE,ziyadnz/hourly-ipv4,ziyadnz|hourly,2026-08-17T18:48:05Z,2026-08-17T18:48:05Z,
171.212.195.164,ipv4,malicious-ip,medium,WHITE,ziyadnz/hourly-ipv4,ziyadnz|hourly,2026-08-17T18:48:05Z,2026-08-17T18:48:05Z,
171.213.128.228,ipv4,malicious-ip,medium,WHITE,ziyadnz/hourly-ipv4,ziyadnz|hourly,2026-08-17T18:48:05Z,2026-08-17T18:48:05Z,
171.213.158.57,ipv4,malicious-ip,medium,WHITE,ziyadnz/hourly-ipv4,ziyadnz|hourly,2026-08-17T18:48:05Z,2026-08-17T18:48:05Z,
171.213.189.54,ipv4,malicious-ip,medium,WHITE,ziyadnz/hourly-ipv4,ziyadnz|hourly,2026-08-17T18:48:05Z,2026-08-17T18:48:05Z,
171.213.211.203,ipv4,malicious-ip,medium,WHITE,ziyadnz/hourly-ipv4,ziyadnz|hourly,2026-08-17T18:48:05Z,2026-08-17T18:48:05Z,
171.213.46.17,ipv4,malicious-ip,medium,WHITE,ziyadnz/hourly-ipv4,ziyadnz|hourly,2026-08-17T18:48:05Z,2026-08-17T18:48:05Z,
171.214.45.4,ipv4,malicious-ip,medium,WHITE,ziyadnz/hourly-ipv4,ziyadnz|hourly,2026-08-17T18:48:05Z,2026-08-17T18:48:05Z,
171.216.138.233,ipv4,malicious-ip,medium,WHITE,ziyadnz/hourly-ipv4,ziyadnz|hourly,2026-08-17T18:48:05Z,2026-08-17T18:48:05Z,
171.216.78.113,ipv4,malicious-ip,medium,WHITE,ziyadnz/hourly-ipv4,ziyadnz|hourly,2026-08-17T18:48:05Z,2026-08-17T18:48:05Z,
171.217.126.183,ipv4,malicious-ip,medium,WHITE,ziyadnz/hourly-ipv4,ziyadnz|hourly,2026-08-17T18:48:05Z,2026-08-17T18:48:05Z,
171.217.254.120,ipv4,malicious-ip,medium,WHITE,ziyadnz/hourly-ipv4,ziyadnz|hourly,2026-08-17T18:48:05Z,2026-08-17T18:48:05Z,
171.217.254.133,ipv4,malicious-ip,medium,WHITE,ziyadnz/hourly-ipv4,ziyadnz|hourly,2026-08-17T18:48:05Z,2026-08-17T18:48:05Z,
171.217.254.59,ipv4,malicious-ip,medium,WHITE,ziyadnz/hourly-ipv4,ziyadnz|hourly,2026-08-17T18:48:05Z,2026-08-17T18:48:05Z,
171.217.92.33,ipv4,malicious-ip,medium,WHITE,ziyadnz/hourly-ipv4,ziyadnz|hourly,2026-08-17T18:48:05Z,2026-08-17T18:48:05Z,
171.22.108.234,ipv4,malicious-ip,medium,WHITE,ziyadnz/hourly-ipv4,ziyadnz|hourly,2026-08-17T18:48:05Z,2026-08-17T18:48:05Z,
171.22.135.229,ipv4,malicious-ip,medium,WHITE,ziyadnz/hourly-ipv4,ziyadnz|hourly,2026-08-17T18:48:05Z,2026-08-17T18:48:05Z,
171.22.136.15,ipv4,malicious-ip,medium,WHITE,ziyadnz/hourly-ipv4,ziyadnz|hourly,2026-08-17T18:48:05Z,2026-08-17T18:48:05Z,
171.22.183.246,ipv4,malicious-ip,medium,WHITE,ziyadnz/hourly-ipv4,ziyadnz|hourly,2026-08-17T18:48:05Z,2026-08-17T18:48:05Z,
171.22.217.18,ipv4,malicious-ip,medium,WHITE,ziyadnz/hourly-ipv4,ziyadnz|hourly,2026-08-17T18:48:05Z,2026-08-17T18:48:05Z,
171.22.28.213,ipv4,malicious-ip,medium,WHITE,ziyadnz/hourly-ipv4,ziyadnz|hourly,2026-08-17T18:48:05Z,2026-08-17T18:48:05Z,
171.22.28.216,ipv4,malicious-ip,medium,WHITE,ziyadnz/hourly-ipv4,ziyadnz|hourly,2026-08-17T18:48:05Z,2026-08-17T18:48:05Z,
171.22.28.221,ipv4,malicious-ip,medium,WHITE,ziyadnz/hourly-ipv4,ziyadnz|hourly,2026-08-17T18:48:05Z,2026-08-17T18:48:05Z,
171.22.28.226,ipv4,malicious-ip,medium,WHITE,ziyadnz/hourly-ipv4,ziyadnz|hourly,2026-08-17T18:48:05Z,2026-08-17T18:48:05Z,
171.22.28.239,ipv4,malicious-ip,medium,WHITE,ziyadnz/hourly-ipv4,ziyadnz|hourly,2026-08-17T18:48:05Z,2026-08-17T18:48:05Z,
171.22.30.147,ipv4,malicious-ip,medium,WHITE,ziyadnz/hourly-ipv4,ziyadnz|hourly,2026-08-17T18:48:05Z,2026-08-17T18:48:05Z,
171.22.30.164,ipv4,malicious-ip,medium,WHITE,ziyadnz/hourly-ipv4,ziyadnz|hourly,2026-08-17T18:48:05Z,2026-08-17T18:48:05Z,
171.222.185.245,ipv4,malicious-ip,medium,WHITE,ziyadnz/hourly-ipv4,ziyadnz|hourly,2026-08-17T18:48:05Z,2026-08-17T18:48:05Z,
171.222.248.238,ipv4,malicious-ip,medium,WHITE,ziyadnz/hourly-ipv4,ziyadnz|hourly,2026-08-17T18:48:05Z,2026-08-17T18:48:05Z,
171.223.14.141,ipv4,malicious-ip,medium,WHITE,ziyadnz/hourly-ipv4,ziyadnz|hourly,2026-08-17T18:48:05Z,2026-08-17T18:48:05Z,
171.224.179.227,ipv4,malicious-ip,medium,WHITE,ziyadnz/hourly-ipv4,ziyadnz|hourly,2026-08-17T18:48:05Z,2026-08-17T18:48:05Z,
171.224.240.122,ipv4,malicious-ip,medium,WHITE,ziyadnz/hourly-ipv4,ziyadnz|hourly,2026-08-17T18:48:05Z,2026-08-17T18:48:05Z,
171.225.201.102,ipv4,malicious-ip,medium,WHITE,ziyadnz/hourly-ipv4,ziyadnz|hourly,2026-08-17T18:48:05Z,2026-08-17T18:48:05Z,
171.225.216.46,ipv4,malicious-ip,medium,WHITE,ziyadnz/hourly-ipv4,ziyadnz|hourly,2026-08-17T18:48:05Z,2026-08-17T18:48:05Z,
171.225.249.3,ipv4,malicious-ip,medium,WHITE,ziyadnz/hourly-ipv4,ziyadnz|hourly,2026-08-17T18:48:05Z,2026-08-17T18:48:05Z,
171.227.250.249,ipv4,malicious-ip,medium,WHITE,ziyadnz/hourly-ipv4,ziyadnz|hourly,2026-08-17T18:48:05Z,2026-08-17T18:48:05Z,
171.229.15.236,ipv4,malicious-ip,medium,WHITE,ziyadnz/hourly-ipv4,ziyadnz|hourly,2026-08-17T18:48:05Z,2026-08-17T18:48:05Z,
171.231.153.86,ipv4,malicious-ip,medium,WHITE,ziyadnz/hourly-ipv4,ziyadnz|hourly,2026-08-17T18:48:05Z,2026-08-17T18:48:05Z,
171.231.176.110,ipv4,malicious-ip,medium,WHITE,ziyadnz/hourly-ipv4,ziyadnz|hourly,2026-08-17T18:48:05Z,2026-08-17T18:48:05Z,
171.231.176.44,ipv4,malicious-ip,medium,WHITE,ziyadnz/hourly-ipv4,ziyadnz|hourly,2026-08-17T18:48:05Z,2026-08-17T18:48:05Z,
171.231.176.86,ipv4,malicious-ip,medium,WHITE,ziyadnz/hourly-ipv4,ziyadnz|hourly,2026-08-17T18:48:05Z,2026-08-17T18:48:05Z,
171.231.177.131,ipv4,malicious-ip,medium,WHITE,ziyadnz/hourly-ipv4,ziyadnz|hourly,2026-08-17T18:48:05Z,2026-08-17T18:48:05Z,
171.231.178.29,ipv4,malicious-ip,medium,WHITE,ziyadnz/hourly-ipv4,ziyadnz|hourly,2026-08-17T18:48:05Z,2026-08-17T18:48:05Z,
171.231.178.54,ipv4,malicious-ip,medium,WHITE,ziyadnz/hourly-ipv4,ziyadnz|hourly,2026-08-17T18:48:05Z,2026-08-17T18:48:05Z,
171.231.179.148,ipv4,malicious-ip,medium,WHITE,ziyadnz/hourly-ipv4,ziyadnz|hourly,2026-08-17T18:48:05Z,2026-08-17T18:48:05Z,
171.231.179.191,ipv4,malicious-ip,medium,WHITE,ziyadnz/hourly-ipv4,ziyadnz|hourly,2026-08-17T18:48:05Z,2026-08-17T18:48:05Z,
171.231.180.11,ipv4,malicious-ip,medium,WHITE,ziyadnz/hourly-ipv4,ziyadnz|hourly,2026-08-17T18:48:05Z,2026-08-17T18:48:05Z,
171.231.180.206,ipv4,malicious-ip,medium,WHITE,ziyadnz/hourly-ipv4,ziyadnz|hourly,2026-08-17T18:48:05Z,2026-08-17T18:48:05Z,
171.231.181.110,ipv4,malicious-ip,medium,WHITE,ziyadnz/hourly-ipv4,ziyadnz|hourly,2026-08-17T18:48:05Z,2026-08-17T18:48:05Z,
171.231.181.144,ipv4,malicious-ip,medium,WHITE,ziyadnz/hourly-ipv4,ziyadnz|hourly,2026-08-17T18:48:05Z,2026-08-17T18:48:05Z,
171.231.181.56,ipv4,malicious-ip,medium,WHITE,ziyadnz/hourly-ipv4,ziyadnz|hourly,2026-08-17T18:48:05Z,2026-08-17T18:48:05Z,
171.231.181.87,ipv4,malicious-ip,medium,WHITE,ziyadnz/hourly-ipv4,ziyadnz|hourly,2026-08-17T18:48:05Z,2026-08-17T18:48:05Z,
171.231.181.97,ipv4,malicious-ip,medium,WHITE,ziyadnz/hourly-ipv4,ziyadnz|hourly,2026-08-17T18:48:05Z,2026-08-17T18:48:05Z,
171.231.182.206,ipv4,malicious-ip,medium,WHITE,ziyadnz/hourly-ipv4,ziyadnz|hourly,2026-08-17T18:48:05Z,2026-08-17T18:48:05Z,
171.231.182.211,ipv4,malicious-ip,medium,WHITE,ziyadnz/hourly-ipv4,ziyadnz|hourly,2026-08-17T18:48:05Z,2026-08-17T18:48:05Z,
171.231.183.72,ipv4,malicious-ip,medium,WHITE,ziyadnz/hourly-ipv4,ziyadnz|hourly,2026-08-17T18:48:05Z,2026-08-17T18:48:05Z,
171.231.184.170,ipv4,malicious-ip,medium,WHITE,ziyadnz/hourly-ipv4,ziyadnz|hourly,2026-08-17T18:48:05Z,2026-08-17T18:48:05Z,
171.231.184.185,ipv4,malicious-ip,medium,WHITE,ziyadnz/hourly-ipv4,ziyadnz|hourly,2026-08-17T18:48:05Z,2026-08-17T18:48:05Z,
171.231.184.209,ipv4,malicious-ip,medium,WHITE,ziyadnz/hourly-ipv4,ziyadnz|hourly,2026-08-17T18:48:05Z,2026-08-17T18:48:05Z,
171.231.184.214,ipv4,malicious-ip,medium,WHITE,ziyadnz/hourly-ipv4,ziyadnz|hourly,2026-08-17T18:48:05Z,2026-08-17T18:48:05Z,
171.231.185.170,ipv4,malicious-ip,medium,WHITE,ziyadnz/hourly-ipv4,ziyadnz|hourly,2026-08-17T18:48:05Z,2026-08-17T18:48:05Z,
171.231.185.251,ipv4,malicious-ip,medium,WHITE,ziyadnz/hourly-ipv4,ziyadnz|hourly,2026-08-17T18:48:05Z,2026-08-17T18:48:05Z,
171.231.185.56,ipv4,malicious-ip,medium,WHITE,ziyadnz/hourly-ipv4,ziyadnz|hourly,2026-08-17T18:48:05Z,2026-08-17T18:48:05Z,
171.231.185.64,ipv4,malicious-ip,medium,WHITE,ziyadnz/hourly-ipv4,ziyadnz|hourly,2026-08-17T18:48:05Z,2026-08-17T18:48:05Z,
171.231.185.85,ipv4,malicious-ip,medium,WHITE,ziyadnz/hourly-ipv4,ziyadnz|hourly,2026-08-17T18:48:05Z,2026-08-17T18:48:05Z,
171.231.186.237,ipv4,malicious-ip,medium,WHITE,ziyadnz/hourly-ipv4,ziyadnz|hourly,2026-08-17T18:48:05Z,2026-08-17T18:48:05Z,
171.231.187.95,ipv4,malicious-ip,medium,WHITE,ziyadnz/hourly-ipv4,ziyadnz|hourly,2026-08-17T18:48:05Z,2026-08-17T18:48:05Z,
171.231.188.0,ipv4,malicious-ip,medium,WHITE,ziyadnz/hourly-ipv4,ziyadnz|hourly,2026-08-17T18:48:05Z,2026-08-17T18:48:05Z,
171.231.188.105,ipv4,malicious-ip,medium,WHITE,ziyadnz/hourly-ipv4,ziyadnz|hourly,2026-08-17T18:48:05Z,2026-08-17T18:48:05Z,
171.231.188.141,ipv4,malicious-ip,medium,WHITE,ziyadnz/hourly-ipv4,ziyadnz|hourly,2026-08-17T18:48:05Z,2026-08-17T18:48:05Z,
171.231.188.149,ipv4,malicious-ip,medium,WHITE,ziyadnz/hourly-ipv4,ziyadnz|hourly,2026-08-17T18:48:05Z,2026-08-17T18:48:05Z,
171.231.188.193,ipv4,malicious-ip,medium,WHITE,ziyadnz/hourly-ipv4,ziyadnz|hourly,2026-08-17T18:48:05Z,2026-08-17T18:48:05Z,
171.231.188.39,ipv4,malicious-ip,medium,WHITE,ziyadnz/hourly-ipv4,ziyadnz|hourly,2026-08-17T18:48:05Z,2026-08-17T18:48:05Z,
171.231.188.44,ipv4,malicious-ip,medium,WHITE,ziyadnz/hourly-ipv4,ziyadnz|hourly,2026-08-17T18:48:05Z,2026-08-17T18:48:05Z,
171.231.189.157,ipv4,malicious-ip,medium,WHITE,ziyadnz/hourly-ipv4,ziyadnz|hourly,2026-08-17T18:48:05Z,2026-08-17T18:48:05Z,
171.231.189.206,ipv4,malicious-ip,medium,WHITE,ziyadnz/hourly-ipv4,ziyadnz|hourly,2026-08-17T18:48:05Z,2026-08-17T18:48:05Z,
171.231.189.238,ipv4,malicious-ip,medium,WHITE,ziyadnz/hourly-ipv4,ziyadnz|hourly,2026-08-17T18:48:05Z,2026-08-17T18:48:05Z,
171.231.189.73,ipv4,malicious-ip,medium,WHITE,ziyadnz/hourly-ipv4,ziyadnz|hourly,2026-08-17T18:48:05Z,2026-08-17T18:48:05Z,
171.231.190.0,ipv4,malicious-ip,medium,WHITE,ziyadnz/hourly-ipv4,ziyadnz|hourly,2026-08-17T18:48:05Z,2026-08-17T18:48:05Z,
171.231.190.66,ipv4,malicious-ip,medium,WHITE,ziyadnz/hourly-ipv4,ziyadnz|hourly,2026-08-17T18:48:05Z,2026-08-17T18:48:05Z,
171.231.190.89,ipv4,malicious-ip,medium,WHITE,ziyadnz/hourly-ipv4,ziyadnz|hourly,2026-08-17T18:48:05Z,2026-08-17T18:48:05Z,
171.231.191.67,ipv4,malicious-ip,medium,WHITE,ziyadnz/hourly-ipv4,ziyadnz|hourly,2026-08-17T18:48:05Z,2026-08-17T18:48:05Z,
171.231.192.10,ipv4,malicious-ip,medium,WHITE,ziyadnz/hourly-ipv4,ziyadnz|hourly,2026-08-17T18:48:05Z,2026-08-17T18:48:05Z,
171.231.192.192,ipv4,malicious-ip,medium,WHITE,ziyadnz/hourly-ipv4,ziyadnz|hourly,2026-08-17T18:48:05Z,2026-08-17T18:48:05Z,
171.231.192.232,ipv4,malicious-ip,medium,WHITE,ziyadnz/hourly-ipv4,ziyadnz|hourly,2026-08-17T18:48:05Z,2026-08-17T18:48:05Z,
171.231.192.48,ipv4,malicious-ip,medium,WHITE,ziyadnz/hourly-ipv4,ziyadnz|hourly,2026-08-17T18:48:05Z,2026-08-17T18:48:05Z,
171.231.193.102,ipv4,malicious-ip,medium,WHITE,ziyadnz/hourly-ipv4,ziyadnz|hourly,2026-08-17T18:48:05Z,2026-08-17T18:48:05Z,
171.231.193.134,ipv4,malicious-ip,medium,WHITE,ziyadnz/hourly-ipv4,ziyadnz|hourly,2026-08-17T18:48:05Z,2026-08-17T18:48:05Z,
171.231.193.186,ipv4,malicious-ip,medium,WHITE,ziyadnz/hourly-ipv4,ziyadnz|hourly,2026-08-17T18:48:05Z,2026-08-17T18:48:05Z,
171.231.193.23,ipv4,malicious-ip,medium,WHITE,ziyadnz/hourly-ipv4,ziyadnz|hourly,2026-08-17T18:48:05Z,2026-08-17T18:48:05Z,
171.231.193.230,ipv4,malicious-ip,medium,WHITE,ziyadnz/hourly-ipv4,ziyadnz|hourly,2026-08-17T18:48:05Z,2026-08-17T18:48:05Z,
171.231.193.85,ipv4,malicious-ip,medium,WHITE,ziyadnz/hourly-ipv4,ziyadnz|hourly,2026-08-17T18:48:05Z,2026-08-17T18:48:05Z,
171.231.194.183,ipv4,malicious-ip,medium,WHITE,ziyadnz/hourly-ipv4,ziyadnz|hourly,2026-08-17T18:48:05Z,2026-08-17T18:48:05Z,
171.231.194.243,ipv4,malicious-ip,medium,WHITE,ziyadnz/hourly-ipv4,ziyadnz|hourly,2026-08-17T18:48:05Z,2026-08-17T18:48:05Z,
171.231.195.144,ipv4,malicious-ip,medium,WHITE,ziyadnz/hourly-ipv4,ziyadnz|hourly,2026-08-17T18:48:05Z,2026-08-17T18:48:05Z,
171.231.195.54,ipv4,malicious-ip,medium,WHITE,ziyadnz/hourly-ipv4,ziyadnz|hourly,2026-08-17T18:48:05Z,2026-08-17T18:48:05Z,
171.231.195.56,ipv4,malicious-ip,medium,WHITE,ziyadnz/hourly-ipv4,ziyadnz|hourly,2026-08-17T18:48:05Z,2026-08-17T18:48:05Z,
171.231.196.113,ipv4,malicious-ip,medium,WHITE,ziyadnz/hourly-ipv4,ziyadnz|hourly,2026-08-17T18:48:05Z,2026-08-17T18:48:05Z,
171.231.196.16,ipv4,malicious-ip,medium,WHITE,ziyadnz/hourly-ipv4,ziyadnz|hourly,2026-08-17T18:48:05Z,2026-08-17T18:48:05Z,
171.231.196.225,ipv4,malicious-ip,medium,WHITE,ziyadnz/hourly-ipv4,ziyadnz|hourly,2026-08-17T18:48:05Z,2026-08-17T18:48:05Z,
171.231.196.229,ipv4,malicious-ip,medium,WHITE,ziyadnz/hourly-ipv4,ziyadnz|hourly,2026-08-17T18:48:05Z,2026-08-17T18:48:05Z,
171.231.196.232,ipv4,malicious-ip,medium,WHITE,ziyadnz/hourly-ipv4,ziyadnz|hourly,2026-08-17T18:48:05Z,2026-08-17T18:48:05Z,
171.231.196.32,ipv4,malicious-ip,medium,WHITE,ziyadnz/hourly-ipv4,ziyadnz|hourly,2026-08-17T18:48:05Z,2026-08-17T18:48:05Z,
171.231.196.46,ipv4,malicious-ip,medium,WHITE,ziyadnz/hourly-ipv4,ziyadnz|hourly,2026-08-17T18:48:05Z,2026-08-17T18:48:05Z,
171.231.197.135,ipv4,malicious-ip,medium,WHITE,ziyadnz/hourly-ipv4,ziyadnz|hourly,2026-08-17T18:48:05Z,2026-08-17T18:48:05Z,
171.231.197.164,ipv4,malicious-ip,medium,WHITE,ziyadnz/hourly-ipv4,ziyadnz|hourly,2026-08-17T18:48:05Z,2026-08-17T18:48:05Z,
171.231.197.53,ipv4,malicious-ip,medium,WHITE,ziyadnz/hourly-ipv4,ziyadnz|hourly,2026-08-17T18:48:05Z,2026-08-17T18:48:05Z,
171.231.197.61,ipv4,malicious-ip,medium,WHITE,ziyadnz/hourly-ipv4,ziyadnz|hourly,2026-08-17T18:48:05Z,2026-08-17T18:48:05Z,
171.231.198.103,ipv4,malicious-ip,medium,WHITE,ziyadnz/hourly-ipv4,ziyadnz|hourly,2026-08-17T18:48:05Z,2026-08-17T18:48:05Z,
171.231.198.128,ipv4,malicious-ip,medium,WHITE,ziyadnz/hourly-ipv4,ziyadnz|hourly,2026-08-17T18:48:05Z,2026-08-17T18:48:05Z,
171.231.198.233,ipv4,malicious-ip,medium,WHITE,ziyadnz/hourly-ipv4,ziyadnz|hourly,2026-08-17T18:48:05Z,2026-08-17T18:48:05Z,
171.231.199.147,ipv4,malicious-ip,medium,WHITE,ziyadnz/hourly-ipv4,ziyadnz|hourly,2026-08-17T18:48:05Z,2026-08-17T18:48:05Z,
171.231.199.155,ipv4,malicious-ip,medium,WHITE,ziyadnz/hourly-ipv4,ziyadnz|hourly,2026-08-17T18:48:05Z,2026-08-17T18:48:05Z,
171.231.199.200,ipv4,malicious-ip,medium,WHITE,ziyadnz/hourly-ipv4,ziyadnz|hourly,2026-08-17T18:48:05Z,2026-08-17T18:48:05Z,
171.231.199.23,ipv4,malicious-ip,medium,WHITE,ziyadnz/hourly-ipv4,ziyadnz|hourly,2026-08-17T18:48:05Z,2026-08-17T18:48:05Z,
171.231.199.35,ipv4,malicious-ip,medium,WHITE,ziyadnz/hourly-ipv4,ziyadnz|hourly,2026-08-17T18:48:05Z,2026-08-17T18:48:05Z,
171.231.199.78,ipv4,malicious-ip,medium,WHITE,ziyadnz/hourly-ipv4,ziyadnz|hourly,2026-08-17T18:48:05Z,2026-08-17T18:48:05Z,
171.231.207.92,ipv4,malicious-ip,medium,WHITE,ziyadnz/hourly-ipv4,ziyadnz|hourly,2026-08-17T18:48:05Z,2026-08-17T18:48:05Z,
171.232.87.181,ipv4,malicious-ip,medium,WHITE,ziyadnz/hourly-ipv4,ziyadnz|hourly,2026-08-17T18:48:05Z,2026-08-17T18:48:05Z,
171.233.85.27,ipv4,malicious-ip,medium,WHITE,ziyadnz/hourly-ipv4,ziyadnz|hourly,2026-08-17T18:48:05Z,2026-08-17T18:48:05Z,
171.235.75.39,ipv4,malicious-ip,medium,WHITE,ziyadnz/hourly-ipv4,ziyadnz|hourly,2026-08-17T18:48:05Z,2026-08-17T18:48:05Z,
171.235.78.216,ipv4,malicious-ip,medium,WHITE,ziyadnz/hourly-ipv4,ziyadnz|hourly,2026-08-17T18:48:05Z,2026-08-17T18:48:05Z,
171.236.124.47,ipv4,malicious-ip,medium,WHITE,ziyadnz/hourly-ipv4,ziyadnz|hourly,2026-08-17T18:48:05Z,2026-08-17T18:48:05Z,
171.237.176.65,ipv4,malicious-ip,medium,WHITE,ziyadnz/hourly-ipv4,ziyadnz|hourly,2026-08-17T18:48:05Z,2026-08-17T18:48:05Z,
171.243.148.208,ipv4,malicious-ip,medium,WHITE,ziyadnz/hourly-ipv4,ziyadnz|hourly,2026-08-17T18:48:05Z,2026-08-17T18:48:05Z,
171.243.148.248,ipv4,malicious-ip,medium,WHITE,ziyadnz/hourly-ipv4,ziyadnz|hourly,2026-08-17T18:48:05Z,2026-08-17T18:48:05Z,
171.243.148.63,ipv4,malicious-ip,medium,WHITE,ziyadnz/hourly-ipv4,ziyadnz|hourly,2026-08-17T18:48:05Z,2026-08-17T18:48:05Z,
171.243.148.70,ipv4,malicious-ip,medium,WHITE,ziyadnz/hourly-ipv4,ziyadnz|hourly,2026-08-17T18:48:05Z,2026-08-17T18:48:05Z,
171.243.148.88,ipv4,malicious-ip,medium,WHITE,ziyadnz/hourly-ipv4,ziyadnz|hourly,2026-08-17T18:48:05Z,2026-08-17T18:48:05Z,
171.243.148.97,ipv4,malicious-ip,medium,WHITE,ziyadnz/hourly-ipv4,ziyadnz|hourly,2026-08-17T18:48:05Z,2026-08-17T18:48:05Z,
171.243.149.139,ipv4,malicious-ip,medium,WHITE,ziyadnz/hourly-ipv4,ziyadnz|hourly,2026-08-17T18:48:05Z,2026-08-17T18:48:05Z,
171.243.149.206,ipv4,malicious-ip,medium,WHITE,ziyadnz/hourly-ipv4,ziyadnz|hourly,2026-08-17T18:48:05Z,2026-08-17T18:48:05Z,
171.243.149.218,ipv4,malicious-ip,medium,WHITE,ziyadnz/hourly-ipv4,ziyadnz|hourly,2026-08-17T18:48:05Z,2026-08-17T18:48:05Z,
171.243.149.220,ipv4,malicious-ip,medium,WHITE,ziyadnz/hourly-ipv4,ziyadnz|hourly,2026-08-17T18:48:05Z,2026-08-17T18:48:05Z,
171.243.149.240,ipv4,malicious-ip,medium,WHITE,ziyadnz/hourly-ipv4,ziyadnz|hourly,2026-08-17T18:48:05Z,2026-08-17T18:48:05Z,
171.243.150.0,ipv4,malicious-ip,medium,WHITE,ziyadnz/hourly-ipv4,ziyadnz|hourly,2026-08-17T18:48:05Z,2026-08-17T18:48:05Z,
171.243.150.125,ipv4,malicious-ip,medium,WHITE,ziyadnz/hourly-ipv4,ziyadnz|hourly,2026-08-17T18:48:05Z,2026-08-17T18:48:05Z,
171.243.150.146,ipv4,malicious-ip,medium,WHITE,ziyadnz/hourly-ipv4,ziyadnz|hourly,2026-08-17T18:48:05Z,2026-08-17T18:48:05Z,
171.243.150.62,ipv4,malicious-ip,medium,WHITE,ziyadnz/hourly-ipv4,ziyadnz|hourly,2026-08-17T18:48:05Z,2026-08-17T18:48:05Z,
171.243.150.90,ipv4,malicious-ip,medium,WHITE,ziyadnz/hourly-ipv4,ziyadnz|hourly,2026-08-17T18:48:05Z,2026-08-17T18:48:05Z,
171.243.151.143,ipv4,malicious-ip,medium,WHITE,ziyadnz/hourly-ipv4,ziyadnz|hourly,2026-08-17T18:48:05Z,2026-08-17T18:48:05Z,
171.243.151.172,ipv4,malicious-ip,medium,WHITE,ziyadnz/hourly-ipv4,ziyadnz|hourly,2026-08-17T18:48:05Z,2026-08-17T18:48:05Z,
171.243.151.185,ipv4,malicious-ip,medium,WHITE,ziyadnz/hourly-ipv4,ziyadnz|hourly,2026-08-17T18:48:05Z,2026-08-17T18:48:05Z,
171.243.151.49,ipv4,malicious-ip,medium,WHITE,ziyadnz/hourly-ipv4,ziyadnz|hourly,2026-08-17T18:48:05Z,2026-08-17T18:48:05Z,
171.243.151.86,ipv4,malicious-ip,medium,WHITE,ziyadnz/hourly-ipv4,ziyadnz|hourly,2026-08-17T18:48:05Z,2026-08-17T18:48:05Z,
171.244.129.76,ipv4,malicious-ip,medium,WHITE,ziyadnz/hourly-ipv4,ziyadnz|hourly,2026-08-17T18:48:05Z,2026-08-17T18:48:05Z,
171.244.142.205,ipv4,malicious-ip,medium,WHITE,ziyadnz/hourly-ipv4,ziyadnz|hourly,2026-08-17T18:48:05Z,2026-08-17T18:48:05Z,
171.244.143.209,ipv4,malicious-ip,medium,WHITE,ziyadnz/hourly-ipv4,ziyadnz|hourly,2026-08-17T18:48:05Z,2026-08-17T18:48:05Z,
171.244.38.3,ipv4,malicious-ip,medium,WHITE,ziyadnz/hourly-ipv4,ziyadnz|hourly,2026-08-17T18:48:05Z,2026-08-17T18:48:05Z,
171.244.40.165,ipv4,malicious-ip,medium,WHITE,ziyadnz/hourly-ipv4,ziyadnz|hourly,2026-08-17T18:48:05Z,2026-08-17T18:48:05Z,
171.244.48.137,ipv4,malicious-ip,medium,WHITE,ziyadnz/hourly-ipv4,ziyadnz|hourly,2026-08-17T18:48:05Z,2026-08-17T18:48:05Z,
171.244.62.209,ipv4,malicious-ip,medium,WHITE,ziyadnz/hourly-ipv4,ziyadnz|hourly,2026-08-17T18:48:05Z,2026-08-17T18:48:05Z,
171.245.241.130,ipv4,malicious-ip,medium,WHITE,ziyadnz/hourly-ipv4,ziyadnz|hourly,2026-08-17T18:48:05Z,2026-08-17T18:48:05Z,
171.247.156.154,ipv4,malicious-ip,medium,WHITE,ziyadnz/hourly-ipv4,ziyadnz|hourly,2026-08-17T18:48:05Z,2026-08-17T18:48:05Z,
171.247.33.141,ipv4,malicious-ip,medium,WHITE,ziyadnz/hourly-ipv4,ziyadnz|hourly,2026-08-17T18:48:05Z,2026-08-17T18:48:05Z,
171.25.158.0,ipv4,malicious-ip,medium,WHITE,ziyadnz/hourly-ipv4,ziyadnz|hourly,2026-08-17T18:48:05Z,2026-08-17T18:48:05Z,
171.25.158.113,ipv4,malicious-ip,medium,WHITE,ziyadnz/hourly-ipv4,ziyadnz|hourly,2026-08-17T18:48:05Z,2026-08-17T18:48:05Z,
171.25.158.50,ipv4,malicious-ip,medium,WHITE,ziyadnz/hourly-ipv4,ziyadnz|hourly,2026-08-17T18:48:05Z,2026-08-17T18:48:05Z,
171.25.158.54,ipv4,malicious-ip,medium,WHITE,ziyadnz/hourly-ipv4,ziyadnz|hourly,2026-08-17T18:48:05Z,2026-08-17T18:48:05Z,
171.25.158.58,ipv4,malicious-ip,medium,WHITE,ziyadnz/hourly-ipv4,ziyadnz|hourly,2026-08-17T18:48:05Z,2026-08-17T18:48:05Z,
171.25.158.77,ipv4,malicious-ip,medium,WHITE,ziyadnz/hourly-ipv4,ziyadnz|hourly,2026-08-17T18:48:05Z,2026-08-17T18:48:05Z,
171.25.158.95,ipv4,malicious-ip,medium,WHITE,ziyadnz/hourly-ipv4,ziyadnz|hourly,2026-08-17T18:48:05Z,2026-08-17T18:48:05Z,
171.25.158.97,ipv4,malicious-ip,medium,WHITE,ziyadnz/hourly-ipv4,ziyadnz|hourly,2026-08-17T18:48:05Z,2026-08-17T18:48:05Z,
171.25.193.0,ipv4,malicious-ip,medium,WHITE,ziyadnz/hourly-ipv4,ziyadnz|hourly,2026-08-17T18:48:05Z,2026-08-17T18:48:05Z,
171.25.193.131,ipv4,malicious-ip,medium,WHITE,ziyadnz/hourly-ipv4,ziyadnz|hourly,2026-08-17T18:48:05Z,2026-08-17T18:48:05Z,
171.25.193.132,ipv4,malicious-ip,medium,WHITE,ziyadnz/hourly-ipv4,ziyadnz|hourly,2026-08-17T18:48:05Z,2026-08-17T18:48:05Z,
171.25.193.20,ipv4,malicious-ip,medium,WHITE,ziyadnz/hourly-ipv4,ziyadnz|hourly,2026-08-17T18:48:05Z,2026-08-17T18:48:05Z,
171.25.193.234,ipv4,malicious-ip,medium,WHITE,ziyadnz/hourly-ipv4,ziyadnz|hourly,2026-08-17T18:48:05Z,2026-08-17T18:48:05Z,
171.25.193.235,ipv4,malicious-ip,medium,WHITE,ziyadnz/hourly-ipv4,ziyadnz|hourly,2026-08-17T18:48:05Z,2026-08-17T18:48:05Z,
171.25.193.25,ipv4,malicious-ip,medium,WHITE,ziyadnz/hourly-ipv4,ziyadnz|hourly,2026-08-17T18:48:05Z,2026-08-17T18:48:05Z,
171.25.193.35,ipv4,malicious-ip,medium,WHITE,ziyadnz/hourly-ipv4,ziyadnz|hourly,2026-08-17T18:48:05Z,2026-08-17T18:48:05Z,
171.25.193.36,ipv4,malicious-ip,medium,WHITE,ziyadnz/hourly-ipv4,ziyadnz|hourly,2026-08-17T18:48:05Z,2026-08-17T18:48:05Z,
171.25.193.37,ipv4,malicious-ip,medium,WHITE,ziyadnz/hourly-ipv4,ziyadnz|hourly,2026-08-17T18:48:05Z,2026-08-17T18:48:05Z,
171.25.193.38,ipv4,malicious-ip,medium,WHITE,ziyadnz/hourly-ipv4,ziyadnz|hourly,2026-08-17T18:48:05Z,2026-08-17T18:48:05Z,
171.25.193.40,ipv4,malicious-ip,medium,WHITE,ziyadnz/hourly-ipv4,ziyadnz|hourly,2026-08-17T18:48:05Z,2026-08-17T18:48:05Z,
171.25.193.45,ipv4,malicious-ip,medium,WHITE,ziyadnz/hourly-ipv4,ziyadnz|hourly,2026-08-17T18:48:05Z,2026-08-17T18:48:05Z,
171.25.193.46,ipv4,malicious-ip,medium,WHITE,ziyadnz/hourly-ipv4,ziyadnz|hourly,2026-08-17T18:48:05Z,2026-08-17T18:48:05Z,
171.25.193.77,ipv4,malicious-ip,medium,WHITE,ziyadnz/hourly-ipv4,ziyadnz|hourly,2026-08-17T18:48:05Z,2026-08-17T18:48:05Z,
171.25.193.78,ipv4,malicious-ip,medium,WHITE,ziyadnz/hourly-ipv4,ziyadnz|hourly,2026-08-17T18:48:05Z,2026-08-17T18:48:05Z,
171.25.193.79,ipv4,malicious-ip,medium,WHITE,ziyadnz/hourly-ipv4,ziyadnz|hourly,2026-08-17T18:48:05Z,2026-08-17T18:48:05Z,
171.25.193.80,ipv4,malicious-ip,medium,WHITE,ziyadnz/hourly-ipv4,ziyadnz|hourly,2026-08-17T18:48:05Z,2026-08-17T18:48:05Z,
171.25.193.81,ipv4,malicious-ip,medium,WHITE,ziyadnz/hourly-ipv4,ziyadnz|hourly,2026-08-17T18:48:05Z,2026-08-17T18:48:05Z,
171.25.193.82,ipv4,malicious-ip,medium,WHITE,ziyadnz/hourly-ipv4,ziyadnz|hourly,2026-08-17T18:48:05Z,2026-08-17T18:48:05Z,
171.250.165.207,ipv4,malicious-ip,medium,WHITE,ziyadnz/hourly-ipv4,ziyadnz|hourly,2026-08-17T18:48:05Z,2026-08-17T18:48:05Z,
171.250.167.175,ipv4,malicious-ip,medium,WHITE,ziyadnz/hourly-ipv4,ziyadnz|hourly,2026-08-17T18:48:05Z,2026-08-17T18:48:05Z,
171.252.153.73,ipv4,malicious-ip,medium,WHITE,ziyadnz/hourly-ipv4,ziyadnz|hourly,2026-08-17T18:48:05Z,2026-08-17T18:48:05Z,
171.252.32.135,ipv4,malicious-ip,medium,WHITE,ziyadnz/hourly-ipv4,ziyadnz|hourly,2026-08-17T18:48:05Z,2026-08-17T18:48:05Z,
171.253.92.42,ipv4,malicious-ip,medium,WHITE,ziyadnz/hourly-ipv4,ziyadnz|hourly,2026-08-17T18:48:05Z,2026-08-17T18:48:05Z,
171.253.95.28,ipv4,malicious-ip,medium,WHITE,ziyadnz/hourly-ipv4,ziyadnz|hourly,2026-08-17T18:48:05Z,2026-08-17T18:48:05Z,
171.254.94.73,ipv4,malicious-ip,medium,WHITE,ziyadnz/hourly-ipv4,ziyadnz|hourly,2026-08-17T18:48:05Z,2026-08-17T18:48:05Z,
171.34.207.117,ipv4,malicious-ip,medium,WHITE,ziyadnz/hourly-ipv4,ziyadnz|hourly,2026-08-17T18:48:05Z,2026-08-17T18:48:05Z,
171.34.222.172,ipv4,malicious-ip,medium,WHITE,ziyadnz/hourly-ipv4,ziyadnz|hourly,2026-08-17T18:48:05Z,2026-08-17T18:48:05Z,
171.35.116.116,ipv4,malicious-ip,medium,WHITE,ziyadnz/hourly-ipv4,ziyadnz|hourly,2026-08-17T18:48:05Z,2026-08-17T18:48:05Z,
171.35.137.182,ipv4,malicious-ip,medium,WHITE,ziyadnz/hourly-ipv4,ziyadnz|hourly,2026-08-17T18:48:05Z,2026-08-17T18:48:05Z,
171.35.237.171,ipv4,malicious-ip,medium,WHITE,ziyadnz/hourly-ipv4,ziyadnz|hourly,2026-08-17T18:48:05Z,2026-08-17T18:48:05Z,
171.36.77.215,ipv4,malicious-ip,medium,WHITE,ziyadnz/hourly-ipv4,ziyadnz|hourly,2026-08-17T18:48:05Z,2026-08-17T18:48:05Z,
171.37.140.44,ipv4,malicious-ip,medium,WHITE,ziyadnz/hourly-ipv4,ziyadnz|hourly,2026-08-17T18:48:05Z,2026-08-17T18:48:05Z,
171.37.165.230,ipv4,malicious-ip,medium,WHITE,ziyadnz/hourly-ipv4,ziyadnz|hourly,2026-08-17T18:48:05Z,2026-08-17T18:48:05Z,
171.37.18.108,ipv4,malicious-ip,medium,WHITE,ziyadnz/hourly-ipv4,ziyadnz|hourly,2026-08-17T18:48:05Z,2026-08-17T18:48:05Z,
171.37.193.205,ipv4,malicious-ip,medium,WHITE,ziyadnz/hourly-ipv4,ziyadnz|hourly,2026-08-17T18:48:05Z,2026-08-17T18:48:05Z,
171.37.193.73,ipv4,malicious-ip,medium,WHITE,ziyadnz/hourly-ipv4,ziyadnz|hourly,2026-08-17T18:48:05Z,2026-08-17T18:48:05Z,
171.37.195.98,ipv4,malicious-ip,medium,WHITE,ziyadnz/hourly-ipv4,ziyadnz|hourly,2026-08-17T18:48:05Z,2026-08-17T18:48:05Z,
171.38.138.199,ipv4,malicious-ip,medium,WHITE,ziyadnz/hourly-ipv4,ziyadnz|hourly,2026-08-17T18:48:05Z,2026-08-17T18:48:05Z,
171.38.144.57,ipv4,malicious-ip,medium,WHITE,ziyadnz/hourly-ipv4,ziyadnz|hourly,2026-08-17T18:48:05Z,2026-08-17T18:48:05Z,
171.38.216.188,ipv4,malicious-ip,medium,WHITE,ziyadnz/hourly-ipv4,ziyadnz|hourly,2026-08-17T18:48:05Z,2026-08-17T18:48:05Z,
171.38.220.86,ipv4,malicious-ip,medium,WHITE,ziyadnz/hourly-ipv4,ziyadnz|hourly,2026-08-17T18:48:05Z,2026-08-17T18:48:05Z,
171.4.81.105,ipv4,malicious-ip,medium,WHITE,ziyadnz/hourly-ipv4,ziyadnz|hourly,2026-08-17T18:48:05Z,2026-08-17T18:48:05Z,
171.40.100.23,ipv4,malicious-ip,medium,WHITE,ziyadnz/hourly-ipv4,ziyadnz|hourly,2026-08-17T18:48:05Z,2026-08-17T18:48:05Z,
171.40.220.179,ipv4,malicious-ip,medium,WHITE,ziyadnz/hourly-ipv4,ziyadnz|hourly,2026-08-17T18:48:05Z,2026-08-17T18:48:05Z,
171.40.233.105,ipv4,malicious-ip,medium,WHITE,ziyadnz/hourly-ipv4,ziyadnz|hourly,2026-08-17T18:48:05Z,2026-08-17T18:48:05Z,
171.41.128.237,ipv4,malicious-ip,medium,WHITE,ziyadnz/hourly-ipv4,ziyadnz|hourly,2026-08-17T18:48:05Z,2026-08-17T18:48:05Z,
171.41.130.157,ipv4,malicious-ip,medium,WHITE,ziyadnz/hourly-ipv4,ziyadnz|hourly,2026-08-17T18:48:05Z,2026-08-17T18:48:05Z,
171.41.154.126,ipv4,malicious-ip,medium,WHITE,ziyadnz/hourly-ipv4,ziyadnz|hourly,2026-08-17T18:48:05Z,2026-08-17T18:48:05Z,
171.41.155.228,ipv4,malicious-ip,medium,WHITE,ziyadnz/hourly-ipv4,ziyadnz|hourly,2026-08-17T18:48:05Z,2026-08-17T18:48:05Z,
171.41.196.74,ipv4,malicious-ip,medium,WHITE,ziyadnz/hourly-ipv4,ziyadnz|hourly,2026-08-17T18:48:05Z,2026-08-17T18:48:05Z,
171.42.124.7,ipv4,malicious-ip,medium,WHITE,ziyadnz/hourly-ipv4,ziyadnz|hourly,2026-08-17T18:48:05Z,2026-08-17T18:48:05Z,
171.42.30.96,ipv4,malicious-ip,medium,WHITE,ziyadnz/hourly-ipv4,ziyadnz|hourly,2026-08-17T18:48:05Z,2026-08-17T18:48:05Z,
171.49.143.5,ipv4,malicious-ip,medium,WHITE,ziyadnz/hourly-ipv4,ziyadnz|hourly,2026-08-17T18:48:05Z,2026-08-17T18:48:05Z,
171.49.153.29,ipv4,malicious-ip,medium,WHITE,ziyadnz/hourly-ipv4,ziyadnz|hourly,2026-08-17T18:48:05Z,2026-08-17T18:48:05Z,
171.49.170.141,ipv4,malicious-ip,medium,WHITE,ziyadnz/hourly-ipv4,ziyadnz|hourly,2026-08-17T18:48:05Z,2026-08-17T18:48:05Z,
171.50.178.24,ipv4,malicious-ip,medium,WHITE,ziyadnz/hourly-ipv4,ziyadnz|hourly,2026-08-17T18:48:05Z,2026-08-17T18:48:05Z,
171.50.219.33,ipv4,malicious-ip,medium,WHITE,ziyadnz/hourly-ipv4,ziyadnz|hourly,2026-08-17T18:48:05Z,2026-08-17T18:48:05Z,
171.6.149.201,ipv4,malicious-ip,medium,WHITE,ziyadnz/hourly-ipv4,ziyadnz|hourly,2026-08-17T18:48:05Z,2026-08-17T18:48:05Z,
171.6.242.75,ipv4,malicious-ip,medium,WHITE,ziyadnz/hourly-ipv4,ziyadnz|hourly,2026-08-17T18:48:05Z,2026-08-17T18:48:05Z,
171.6.54.254,ipv4,malicious-ip,medium,WHITE,ziyadnz/hourly-ipv4,ziyadnz|hourly,2026-08-17T18:48:05Z,2026-08-17T18:48:05Z,
171.61.16.82,ipv4,malicious-ip,medium,WHITE,ziyadnz/hourly-ipv4,ziyadnz|hourly,2026-08-17T18:48:05Z,2026-08-17T18:48:05Z,
171.61.161.224,ipv4,malicious-ip,medium,WHITE,ziyadnz/hourly-ipv4,ziyadnz|hourly,2026-08-17T18:48:05Z,2026-08-17T18:48:05Z,
171.61.163.101,ipv4,malicious-ip,medium,WHITE,ziyadnz/hourly-ipv4,ziyadnz|hourly,2026-08-17T18:48:05Z,2026-08-17T18:48:05Z,
171.61.164.132,ipv4,malicious-ip,medium,WHITE,ziyadnz/hourly-ipv4,ziyadnz|hourly,2026-08-17T18:48:05Z,2026-08-17T18:48:05Z,
171.61.171.90,ipv4,malicious-ip,medium,WHITE,ziyadnz/hourly-ipv4,ziyadnz|hourly,2026-08-17T18:48:05Z,2026-08-17T18:48:05Z,
171.61.173.152,ipv4,malicious-ip,medium,WHITE,ziyadnz/hourly-ipv4,ziyadnz|hourly,2026-08-17T18:48:05Z,2026-08-17T18:48:05Z,
171.61.18.197,ipv4,malicious-ip,medium,WHITE,ziyadnz/hourly-ipv4,ziyadnz|hourly,2026-08-17T18:48:05Z,2026-08-17T18:48:05Z,
171.61.19.182,ipv4,malicious-ip,medium,WHITE,ziyadnz/hourly-ipv4,ziyadnz|hourly,2026-08-17T18:48:05Z,2026-08-17T18:48:05Z,
171.61.19.252,ipv4,malicious-ip,medium,WHITE,ziyadnz/hourly-ipv4,ziyadnz|hourly,2026-08-17T18:48:05Z,2026-08-17T18:48:05Z,
171.61.20.97,ipv4,malicious-ip,medium,WHITE,ziyadnz/hourly-ipv4,ziyadnz|hourly,2026-08-17T18:48:05Z,2026-08-17T18:48:05Z,
171.61.22.205,ipv4,malicious-ip,medium,WHITE,ziyadnz/hourly-ipv4,ziyadnz|hourly,2026-08-17T18:48:05Z,2026-08-17T18:48:05Z,
171.61.22.38,ipv4,malicious-ip,medium,WHITE,ziyadnz/hourly-ipv4,ziyadnz|hourly,2026-08-17T18:48:05Z,2026-08-17T18:48:05Z,
171.61.27.18,ipv4,malicious-ip,medium,WHITE,ziyadnz/hourly-ipv4,ziyadnz|hourly,2026-08-17T18:48:05Z,2026-08-17T18:48:05Z,
171.67.71.223,ipv4,malicious-ip,medium,WHITE,ziyadnz/hourly-ipv4,ziyadnz|hourly,2026-08-17T18:48:05Z,2026-08-17T18:48:05Z,
171.76.82.66,ipv4,malicious-ip,medium,WHITE,ziyadnz/hourly-ipv4,ziyadnz|hourly,2026-08-17T18:48:05Z,2026-08-17T18:48:05Z,
171.78.154.58,ipv4,malicious-ip,medium,WHITE,ziyadnz/hourly-ipv4,ziyadnz|hourly,2026-08-17T18:48:05Z,2026-08-17T18:48:05Z,
171.79.76.115,ipv4,malicious-ip,medium,WHITE,ziyadnz/hourly-ipv4,ziyadnz|hourly,2026-08-17T18:48:05Z,2026-08-17T18:48:05Z,
171.8.138.163,ipv4,malicious-ip,medium,WHITE,ziyadnz/hourly-ipv4,ziyadnz|hourly,2026-08-17T18:48:05Z,2026-08-17T18:48:05Z,
171.8.138.166,ipv4,malicious-ip,medium,WHITE,ziyadnz/hourly-ipv4,ziyadnz|hourly,2026-08-17T18:48:05Z,2026-08-17T18:48:05Z,
171.8.138.238,ipv4,malicious-ip,medium,WHITE,ziyadnz/hourly-ipv4,ziyadnz|hourly,2026-08-17T18:48:05Z,2026-08-17T18:48:05Z,
171.8.138.60,ipv4,malicious-ip,medium,WHITE,ziyadnz/hourly-ipv4,ziyadnz|hourly,2026-08-17T18:48:05Z,2026-08-17T18:48:05Z,
171.8.38.45,ipv4,malicious-ip,medium,WHITE,ziyadnz/hourly-ipv4,ziyadnz|hourly,2026-08-17T18:48:05Z,2026-08-17T18:48:05Z,
171.8.87.155,ipv4,malicious-ip,medium,WHITE,ziyadnz/hourly-ipv4,ziyadnz|hourly,2026-08-17T18:48:05Z,2026-08-17T18:48:05Z,
171.8.87.253,ipv4,malicious-ip,medium,WHITE,ziyadnz/hourly-ipv4,ziyadnz|hourly,2026-08-17T18:48:05Z,2026-08-17T18:48:05Z,
171.80.139.88,ipv4,malicious-ip,medium,WHITE,ziyadnz/hourly-ipv4,ziyadnz|hourly,2026-08-17T18:48:05Z,2026-08-17T18:48:05Z,
171.80.152.110,ipv4,malicious-ip,medium,WHITE,ziyadnz/hourly-ipv4,ziyadnz|hourly,2026-08-17T18:48:05Z,2026-08-17T18:48:05Z,
171.80.154.114,ipv4,malicious-ip,medium,WHITE,ziyadnz/hourly-ipv4,ziyadnz|hourly,2026-08-17T18:48:05Z,2026-08-17T18:48:05Z,
171.80.187.7,ipv4,malicious-ip,medium,WHITE,ziyadnz/hourly-ipv4,ziyadnz|hourly,2026-08-17T18:48:05Z,2026-08-17T18:48:05Z,
171.80.230.167,ipv4,malicious-ip,medium,WHITE,ziyadnz/hourly-ipv4,ziyadnz|hourly,2026-08-17T18:48:05Z,2026-08-17T18:48:05Z,
171.80.236.17,ipv4,malicious-ip,medium,WHITE,ziyadnz/hourly-ipv4,ziyadnz|hourly,2026-08-17T18:48:05Z,2026-08-17T18:48:05Z,
171.81.103.8,ipv4,malicious-ip,medium,WHITE,ziyadnz/hourly-ipv4,ziyadnz|hourly,2026-08-17T18:48:05Z,2026-08-17T18:48:05Z,
171.81.24.173,ipv4,malicious-ip,medium,WHITE,ziyadnz/hourly-ipv4,ziyadnz|hourly,2026-08-17T18:48:05Z,2026-08-17T18:48:05Z,
171.81.97.130,ipv4,malicious-ip,medium,WHITE,ziyadnz/hourly-ipv4,ziyadnz|hourly,2026-08-17T18:48:05Z,2026-08-17T18:48:05Z,
171.81.99.42,ipv4,malicious-ip,medium,WHITE,ziyadnz/hourly-ipv4,ziyadnz|hourly,2026-08-17T18:48:05Z,2026-08-17T18:48:05Z,
171.83.125.219,ipv4,malicious-ip,medium,WHITE,ziyadnz/hourly-ipv4,ziyadnz|hourly,2026-08-17T18:48:05Z,2026-08-17T18:48:05Z,
171.83.142.246,ipv4,malicious-ip,medium,WHITE,ziyadnz/hourly-ipv4,ziyadnz|hourly,2026-08-17T18:48:05Z,2026-08-17T18:48:05Z,
171.83.165.147,ipv4,malicious-ip,medium,WHITE,ziyadnz/hourly-ipv4,ziyadnz|hourly,2026-08-17T18:48:05Z,2026-08-17T18:48:05Z,
171.83.20.188,ipv4,malicious-ip,medium,WHITE,ziyadnz/hourly-ipv4,ziyadnz|hourly,2026-08-17T18:48:05Z,2026-08-17T18:48:05Z,
171.83.236.10,ipv4,malicious-ip,medium,WHITE,ziyadnz/hourly-ipv4,ziyadnz|hourly,2026-08-17T18:48:05Z,2026-08-17T18:48:05Z,
171.83.236.130,ipv4,malicious-ip,medium,WHITE,ziyadnz/hourly-ipv4,ziyadnz|hourly,2026-08-17T18:48:05Z,2026-08-17T18:48:05Z,
171.83.245.50,ipv4,malicious-ip,medium,WHITE,ziyadnz/hourly-ipv4,ziyadnz|hourly,2026-08-17T18:48:05Z,2026-08-17T18:48:05Z,
171.83.49.242,ipv4,malicious-ip,medium,WHITE,ziyadnz/hourly-ipv4,ziyadnz|hourly,2026-08-17T18:48:05Z,2026-08-17T18:48:05Z,
171.83.57.231,ipv4,malicious-ip,medium,WHITE,ziyadnz/hourly-ipv4,ziyadnz|hourly,2026-08-17T18:48:05Z,2026-08-17T18:48:05Z,
171.83.78.196,ipv4,malicious-ip,medium,WHITE,ziyadnz/hourly-ipv4,ziyadnz|hourly,2026-08-17T18:48:05Z,2026-08-17T18:48:05Z,
171.9.39.53,ipv4,malicious-ip,medium,WHITE,ziyadnz/hourly-ipv4,ziyadnz|hourly,2026-08-17T18:48:05Z,2026-08-17T18:48:05Z,
171.90.174.3,ipv4,malicious-ip,medium,WHITE,ziyadnz/hourly-ipv4,ziyadnz|hourly,2026-08-17T18:48:05Z,2026-08-17T18:48:05Z,
171.90.255.154,ipv4,malicious-ip,medium,WHITE,ziyadnz/hourly-ipv4,ziyadnz|hourly,2026-08-17T18:48:05Z,2026-08-17T18:48:05Z,
171.91.124.249,ipv4,malicious-ip,medium,WHITE,ziyadnz/hourly-ipv4,ziyadnz|hourly,2026-08-17T18:48:05Z,2026-08-17T18:48:05Z,
171.91.90.189,ipv4,malicious-ip,medium,WHITE,ziyadnz/hourly-ipv4,ziyadnz|hourly,2026-08-17T18:48:05Z,2026-08-17T18:48:05Z,
171.96.136.212,ipv4,malicious-ip,medium,WHITE,ziyadnz/hourly-ipv4,ziyadnz|hourly,2026-08-17T18:48:05Z,2026-08-17T18:48:05Z,
171.97.249.249,ipv4,malicious-ip,medium,WHITE,ziyadnz/hourly-ipv4,ziyadnz|hourly,2026-08-17T18:48:05Z,2026-08-17T18:48:05Z,
171.97.72.31,ipv4,malicious-ip,medium,WHITE,ziyadnz/hourly-ipv4,ziyadnz|hourly,2026-08-17T18:48:05Z,2026-08-17T18:48:05Z,
172.0.22.9,ipv4,malicious-ip,medium,WHITE,ziyadnz/hourly-ipv4,ziyadnz|hourly,2026-08-17T18:48:05Z,2026-08-17T18:48:05Z,
172.104.100.117,ipv4,malicious-ip,medium,WHITE,ziyadnz/hourly-ipv4,ziyadnz|hourly,2026-08-17T18:48:05Z,2026-08-17T18:48:05Z,
172.104.105.194,ipv4,malicious-ip,medium,WHITE,ziyadnz/hourly-ipv4,ziyadnz|hourly,2026-08-17T18:48:05Z,2026-08-17T18:48:05Z,
172.104.11.34,ipv4,malicious-ip,medium,WHITE,ziyadnz/hourly-ipv4,ziyadnz|hourly,2026-08-17T18:48:05Z,2026-08-17T18:48:05Z,
172.104.11.51,ipv4,malicious-ip,medium,WHITE,ziyadnz/hourly-ipv4,ziyadnz|hourly,2026-08-17T18:48:05Z,2026-08-17T18:48:05Z,
172.104.124.74,ipv4,malicious-ip,medium,WHITE,ziyadnz/hourly-ipv4,ziyadnz|hourly,2026-08-17T18:48:05Z,2026-08-17T18:48:05Z,
172.104.131.24,ipv4,malicious-ip,medium,WHITE,ziyadnz/hourly-ipv4,ziyadnz|hourly,2026-08-17T18:48:05Z,2026-08-17T18:48:05Z,
172.104.133.212,ipv4,malicious-ip,medium,WHITE,ziyadnz/hourly-ipv4,ziyadnz|hourly,2026-08-17T18:48:05Z,2026-08-17T18:48:05Z,
172.104.141.138,ipv4,malicious-ip,medium,WHITE,ziyadnz/hourly-ipv4,ziyadnz|hourly,2026-08-17T18:48:05Z,2026-08-17T18:48:05Z,
172.104.141.5,ipv4,malicious-ip,medium,WHITE,ziyadnz/hourly-ipv4,ziyadnz|hourly,2026-08-17T18:48:05Z,2026-08-17T18:48:05Z,
172.104.146.120,ipv4,malicious-ip,medium,WHITE,ziyadnz/hourly-ipv4,ziyadnz|hourly,2026-08-17T18:48:05Z,2026-08-17T18:48:05Z,
172.104.146.127,ipv4,malicious-ip,medium,WHITE,ziyadnz/hourly-ipv4,ziyadnz|hourly,2026-08-17T18:48:05Z,2026-08-17T18:48:05Z,
172.104.160.126,ipv4,malicious-ip,medium,WHITE,ziyadnz/hourly-ipv4,ziyadnz|hourly,2026-08-17T18:48:05Z,2026-08-17T18:48:05Z,
172.104.169.32,ipv4,malicious-ip,medium,WHITE,ziyadnz/hourly-ipv4,ziyadnz|hourly,2026-08-17T18:48:05Z,2026-08-17T18:48:05Z,
172.104.17.51,ipv4,malicious-ip,medium,WHITE,ziyadnz/hourly-ipv4,ziyadnz|hourly,2026-08-17T18:48:05Z,2026-08-17T18:48:05Z,
172.104.178.140,ipv4,malicious-ip,medium,WHITE,ziyadnz/hourly-ipv4,ziyadnz|hourly,2026-08-17T18:48:05Z,2026-08-17T18:48:05Z,
172.104.182.203,ipv4,malicious-ip,medium,WHITE,ziyadnz/hourly-ipv4,ziyadnz|hourly,2026-08-17T18:48:05Z,2026-08-17T18:48:05Z,
172.104.182.84,ipv4,malicious-ip,medium,WHITE,ziyadnz/hourly-ipv4,ziyadnz|hourly,2026-08-17T18:48:05Z,2026-08-17T18:48:05Z,
172.104.186.73,ipv4,malicious-ip,medium,WHITE,ziyadnz/hourly-ipv4,ziyadnz|hourly,2026-08-17T18:48:05Z,2026-08-17T18:48:05Z,
172.104.189.110,ipv4,malicious-ip,medium,WHITE,ziyadnz/hourly-ipv4,ziyadnz|hourly,2026-08-17T18:48:05Z,2026-08-17T18:48:05Z,
172.104.19.160,ipv4,malicious-ip,medium,WHITE,ziyadnz/hourly-ipv4,ziyadnz|hourly,2026-08-17T18:48:05Z,2026-08-17T18:48:05Z,
172.104.215.178,ipv4,malicious-ip,medium,WHITE,ziyadnz/hourly-ipv4,ziyadnz|hourly,2026-08-17T18:48:05Z,2026-08-17T18:48:05Z,
172.104.240.26,ipv4,malicious-ip,medium,WHITE,ziyadnz/hourly-ipv4,ziyadnz|hourly,2026-08-17T18:48:05Z,2026-08-17T18:48:05Z,
172.104.241.92,ipv4,malicious-ip,medium,WHITE,ziyadnz/hourly-ipv4,ziyadnz|hourly,2026-08-17T18:48:05Z,2026-08-17T18:48:05Z,
172.104.244.187,ipv4,malicious-ip,medium,WHITE,ziyadnz/hourly-ipv4,ziyadnz|hourly,2026-08-17T18:48:05Z,2026-08-17T18:48:05Z,
172.104.30.66,ipv4,malicious-ip,medium,WHITE,ziyadnz/hourly-ipv4,ziyadnz|hourly,2026-08-17T18:48:05Z,2026-08-17T18:48:05Z,
172.104.31.30,ipv4,malicious-ip,medium,WHITE,ziyadnz/hourly-ipv4,ziyadnz|hourly,2026-08-17T18:48:05Z,2026-08-17T18:48:05Z,
172.104.42.133,ipv4,malicious-ip,medium,WHITE,ziyadnz/hourly-ipv4,ziyadnz|hourly,2026-08-17T18:48:05Z,2026-08-17T18:48:05Z,
172.104.42.77,ipv4,malicious-ip,medium,WHITE,ziyadnz/hourly-ipv4,ziyadnz|hourly,2026-08-17T18:48:05Z,2026-08-17T18:48:05Z,
172.104.46.94,ipv4,malicious-ip,medium,WHITE,ziyadnz/hourly-ipv4,ziyadnz|hourly,2026-08-17T18:48:05Z,2026-08-17T18:48:05Z,
172.104.5.74,ipv4,malicious-ip,medium,WHITE,ziyadnz/hourly-ipv4,ziyadnz|hourly,2026-08-17T18:48:05Z,2026-08-17T18:48:05Z,
172.104.55.192,ipv4,malicious-ip,medium,WHITE,ziyadnz/hourly-ipv4,ziyadnz|hourly,2026-08-17T18:48:05Z,2026-08-17T18:48:05Z,
172.104.58.37,ipv4,malicious-ip,medium,WHITE,ziyadnz/hourly-ipv4,ziyadnz|hourly,2026-08-17T18:48:05Z,2026-08-17T18:48:05Z,
172.104.59.199,ipv4,malicious-ip,medium,WHITE,ziyadnz/hourly-ipv4,ziyadnz|hourly,2026-08-17T18:48:05Z,2026-08-17T18:48:05Z,
172.104.62.156,ipv4,malicious-ip,medium,WHITE,ziyadnz/hourly-ipv4,ziyadnz|hourly,2026-08-17T18:48:05Z,2026-08-17T18:48:05Z,
172.104.72.4,ipv4,malicious-ip,medium,WHITE,ziyadnz/hourly-ipv4,ziyadnz|hourly,2026-08-17T18:48:05Z,2026-08-17T18:48:05Z,
172.104.91.217,ipv4,malicious-ip,medium,WHITE,ziyadnz/hourly-ipv4,ziyadnz|hourly,2026-08-17T18:48:05Z,2026-08-17T18:48:05Z,
172.104.94.104,ipv4,malicious-ip,medium,WHITE,ziyadnz/hourly-ipv4,ziyadnz|hourly,2026-08-17T18:48:05Z,2026-08-17T18:48:05Z,
172.105.102.10,ipv4,malicious-ip,medium,WHITE,ziyadnz/hourly-ipv4,ziyadnz|hourly,2026-08-17T18:48:05Z,2026-08-17T18:48:05Z,
172.105.102.42,ipv4,malicious-ip,medium,WHITE,ziyadnz/hourly-ipv4,ziyadnz|hourly,2026-08-17T18:48:05Z,2026-08-17T18:48:05Z,
172.105.124.34,ipv4,malicious-ip,medium,WHITE,ziyadnz/hourly-ipv4,ziyadnz|hourly,2026-08-17T18:48:05Z,2026-08-17T18:48:05Z,
172.105.128.12,ipv4,malicious-ip,medium,WHITE,ziyadnz/hourly-ipv4,ziyadnz|hourly,2026-08-17T18:48:05Z,2026-08-17T18:48:05Z,
172.105.128.13,ipv4,malicious-ip,medium,WHITE,ziyadnz/hourly-ipv4,ziyadnz|hourly,2026-08-17T18:48:05Z,2026-08-17T18:48:05Z,
172.105.147.101,ipv4,malicious-ip,medium,WHITE,ziyadnz/hourly-ipv4,ziyadnz|hourly,2026-08-17T18:48:05Z,2026-08-17T18:48:05Z,
172.105.147.103,ipv4,malicious-ip,medium,WHITE,ziyadnz/hourly-ipv4,ziyadnz|hourly,2026-08-17T18:48:05Z,2026-08-17T18:48:05Z,
172.105.147.107,ipv4,malicious-ip,medium,WHITE,ziyadnz/hourly-ipv4,ziyadnz|hourly,2026-08-17T18:48:05Z,2026-08-17T18:48:05Z,
172.105.147.108,ipv4,malicious-ip,medium,WHITE,ziyadnz/hourly-ipv4,ziyadnz|hourly,2026-08-17T18:48:05Z,2026-08-17T18:48:05Z,
172.105.147.112,ipv4,malicious-ip,medium,WHITE,ziyadnz/hourly-ipv4,ziyadnz|hourly,2026-08-17T18:48:05Z,2026-08-17T18:48:05Z,
172.105.147.114,ipv4,malicious-ip,medium,WHITE,ziyadnz/hourly-ipv4,ziyadnz|hourly,2026-08-17T18:48:05Z,2026-08-17T18:48:05Z,
172.105.147.116,ipv4,malicious-ip,medium,WHITE,ziyadnz/hourly-ipv4,ziyadnz|hourly,2026-08-17T18:48:05Z,2026-08-17T18:48:05Z,
172.105.147.12,ipv4,malicious-ip,medium,WHITE,ziyadnz/hourly-ipv4,ziyadnz|hourly,2026-08-17T18:48:05Z,2026-08-17T18:48:05Z,
172.105.147.121,ipv4,malicious-ip,medium,WHITE,ziyadnz/hourly-ipv4,ziyadnz|hourly,2026-08-17T18:48:05Z,2026-08-17T18:48:05Z,
172.105.147.124,ipv4,malicious-ip,medium,WHITE,ziyadnz/hourly-ipv4,ziyadnz|hourly,2026-08-17T18:48:05Z,2026-08-17T18:48:05Z,
172.105.147.125,ipv4,malicious-ip,medium,WHITE,ziyadnz/hourly-ipv4,ziyadnz|hourly,2026-08-17T18:48:05Z,2026-08-17T18:48:05Z,
172.105.147.126,ipv4,malicious-ip,medium,WHITE,ziyadnz/hourly-ipv4,ziyadnz|hourly,2026-08-17T18:48:05Z,2026-08-17T18:48:05Z,
172.105.147.127,ipv4,malicious-ip,medium,WHITE,ziyadnz/hourly-ipv4,ziyadnz|hourly,2026-08-17T18:48:05Z,2026-08-17T18:48:05Z,
172.105.147.128,ipv4,malicious-ip,medium,WHITE,ziyadnz/hourly-ipv4,ziyadnz|hourly,2026-08-17T18:48:05Z,2026-08-17T18:48:05Z,
172.105.147.13,ipv4,malicious-ip,medium,WHITE,ziyadnz/hourly-ipv4,ziyadnz|hourly,2026-08-17T18:48:05Z,2026-08-17T18:48:05Z,
172.105.147.132,ipv4,malicious-ip,medium,WHITE,ziyadnz/hourly-ipv4,ziyadnz|hourly,2026-08-17T18:48:05Z,2026-08-17T18:48:05Z,
172.105.147.133,ipv4,malicious-ip,medium,WHITE,ziyadnz/hourly-ipv4,ziyadnz|hourly,2026-08-17T18:48:05Z,2026-08-17T18:48:05Z,
172.105.147.134,ipv4,malicious-ip,medium,WHITE,ziyadnz/hourly-ipv4,ziyadnz|hourly,2026-08-17T18:48:05Z,2026-08-17T18:48:05Z,
172.105.147.136,ipv4,malicious-ip,medium,WHITE,ziyadnz/hourly-ipv4,ziyadnz|hourly,2026-08-17T18:48:05Z,2026-08-17T18:48:05Z,
172.105.147.138,ipv4,malicious-ip,medium,WHITE,ziyadnz/hourly-ipv4,ziyadnz|hourly,2026-08-17T18:48:05Z,2026-08-17T18:48:05Z,
172.105.147.139,ipv4,malicious-ip,medium,WHITE,ziyadnz/hourly-ipv4,ziyadnz|hourly,2026-08-17T18:48:05Z,2026-08-17T18:48:05Z,
172.105.147.14,ipv4,malicious-ip,medium,WHITE,ziyadnz/hourly-ipv4,ziyadnz|hourly,2026-08-17T18:48:05Z,2026-08-17T18:48:05Z,
172.105.147.141,ipv4,malicious-ip,medium,WHITE,ziyadnz/hourly-ipv4,ziyadnz|hourly,2026-08-17T18:48:05Z,2026-08-17T18:48:05Z,
172.105.147.144,ipv4,malicious-ip,medium,WHITE,ziyadnz/hourly-ipv4,ziyadnz|hourly,2026-08-17T18:48:05Z,2026-08-17T18:48:05Z,
172.105.147.146,ipv4,malicious-ip,medium,WHITE,ziyadnz/hourly-ipv4,ziyadnz|hourly,2026-08-17T18:48:05Z,2026-08-17T18:48:05Z,
172.105.147.147,ipv4,malicious-ip,medium,WHITE,ziyadnz/hourly-ipv4,ziyadnz|hourly,2026-08-17T18:48:05Z,2026-08-17T18:48:05Z,
172.105.147.149,ipv4,malicious-ip,medium,WHITE,ziyadnz/hourly-ipv4,ziyadnz|hourly,2026-08-17T18:48:05Z,2026-08-17T18:48:05Z,
172.105.147.15,ipv4,malicious-ip,medium,WHITE,ziyadnz/hourly-ipv4,ziyadnz|hourly,2026-08-17T18:48:05Z,2026-08-17T18:48:05Z,
172.105.147.151,ipv4,malicious-ip,medium,WHITE,ziyadnz/hourly-ipv4,ziyadnz|hourly,2026-08-17T18:48:05Z,2026-08-17T18:48:05Z,
172.105.147.152,ipv4,malicious-ip,medium,WHITE,ziyadnz/hourly-ipv4,ziyadnz|hourly,2026-08-17T18:48:05Z,2026-08-17T18:48:05Z,
172.105.147.153,ipv4,malicious-ip,medium,WHITE,ziyadnz/hourly-ipv4,ziyadnz|hourly,2026-08-17T18:48:05Z,2026-08-17T18:48:05Z,
172.105.147.158,ipv4,malicious-ip,medium,WHITE,ziyadnz/hourly-ipv4,ziyadnz|hourly,2026-08-17T18:48:05Z,2026-08-17T18:48:05Z,
172.105.147.159,ipv4,malicious-ip,medium,WHITE,ziyadnz/hourly-ipv4,ziyadnz|hourly,2026-08-17T18:48:05Z,2026-08-17T18:48:05Z,
172.105.147.161,ipv4,malicious-ip,medium,WHITE,ziyadnz/hourly-ipv4,ziyadnz|hourly,2026-08-17T18:48:05Z,2026-08-17T18:48:05Z,
172.105.147.163,ipv4,malicious-ip,medium,WHITE,ziyadnz/hourly-ipv4,ziyadnz|hourly,2026-08-17T18:48:05Z,2026-08-17T18:48:05Z,
172.105.147.166,ipv4,malicious-ip,medium,WHITE,ziyadnz/hourly-ipv4,ziyadnz|hourly,2026-08-17T18:48:05Z,2026-08-17T18:48:05Z,
172.105.147.167,ipv4,malicious-ip,medium,WHITE,ziyadnz/hourly-ipv4,ziyadnz|hourly,2026-08-17T18:48:05Z,2026-08-17T18:48:05Z,
172.105.147.169,ipv4,malicious-ip,medium,WHITE,ziyadnz/hourly-ipv4,ziyadnz|hourly,2026-08-17T18:48:05Z,2026-08-17T18:48:05Z,
172.105.147.170,ipv4,malicious-ip,medium,WHITE,ziyadnz/hourly-ipv4,ziyadnz|hourly,2026-08-17T18:48:05Z,2026-08-17T18:48:05Z,
172.105.147.172,ipv4,malicious-ip,medium,WHITE,ziyadnz/hourly-ipv4,ziyadnz|hourly,2026-08-17T18:48:05Z,2026-08-17T18:48:05Z,
172.105.147.174,ipv4,malicious-ip,medium,WHITE,ziyadnz/hourly-ipv4,ziyadnz|hourly,2026-08-17T18:48:05Z,2026-08-17T18:48:05Z,
172.105.147.175,ipv4,malicious-ip,medium,WHITE,ziyadnz/hourly-ipv4,ziyadnz|hourly,2026-08-17T18:48:05Z,2026-08-17T18:48:05Z,
172.105.147.176,ipv4,malicious-ip,medium,WHITE,ziyadnz/hourly-ipv4,ziyadnz|hourly,2026-08-17T18:48:05Z,2026-08-17T18:48:05Z,
172.105.147.177,ipv4,malicious-ip,medium,WHITE,ziyadnz/hourly-ipv4,ziyadnz|hourly,2026-08-17T18:48:05Z,2026-08-17T18:48:05Z,
172.105.147.18,ipv4,malicious-ip,medium,WHITE,ziyadnz/hourly-ipv4,ziyadnz|hourly,2026-08-17T18:48:05Z,2026-08-17T18:48:05Z,
172.105.147.180,ipv4,malicious-ip,medium,WHITE,ziyadnz/hourly-ipv4,ziyadnz|hourly,2026-08-17T18:48:05Z,2026-08-17T18:48:05Z,
172.105.147.181,ipv4,malicious-ip,medium,WHITE,ziyadnz/hourly-ipv4,ziyadnz|hourly,2026-08-17T18:48:05Z,2026-08-17T18:48:05Z,
172.105.147.182,ipv4,malicious-ip,medium,WHITE,ziyadnz/hourly-ipv4,ziyadnz|hourly,2026-08-17T18:48:05Z,2026-08-17T18:48:05Z,
172.105.147.183,ipv4,malicious-ip,medium,WHITE,ziyadnz/hourly-ipv4,ziyadnz|hourly,2026-08-17T18:48:05Z,2026-08-17T18:48:05Z,
172.105.147.184,ipv4,malicious-ip,medium,WHITE,ziyadnz/hourly-ipv4,ziyadnz|hourly,2026-08-17T18:48:05Z,2026-08-17T18:48:05Z,
172.105.147.185,ipv4,malicious-ip,medium,WHITE,ziyadnz/hourly-ipv4,ziyadnz|hourly,2026-08-17T18:48:05Z,2026-08-17T18:48:05Z,
172.105.147.186,ipv4,malicious-ip,medium,WHITE,ziyadnz/hourly-ipv4,ziyadnz|hourly,2026-08-17T18:48:05Z,2026-08-17T18:48:05Z,
172.105.147.187,ipv4,malicious-ip,medium,WHITE,ziyadnz/hourly-ipv4,ziyadnz|hourly,2026-08-17T18:48:05Z,2026-08-17T18:48:05Z,
172.105.147.188,ipv4,malicious-ip,medium,WHITE,ziyadnz/hourly-ipv4,ziyadnz|hourly,2026-08-17T18:48:05Z,2026-08-17T18:48:05Z,
172.105.147.191,ipv4,malicious-ip,medium,WHITE,ziyadnz/hourly-ipv4,ziyadnz|hourly,2026-08-17T18:48:05Z,2026-08-17T18:48:05Z,
172.105.147.193,ipv4,malicious-ip,medium,WHITE,ziyadnz/hourly-ipv4,ziyadnz|hourly,2026-08-17T18:48:05Z,2026-08-17T18:48:05Z,
172.105.147.195,ipv4,malicious-ip,medium,WHITE,ziyadnz/hourly-ipv4,ziyadnz|hourly,2026-08-17T18:48:05Z,2026-08-17T18:48:05Z,
172.105.147.198,ipv4,malicious-ip,medium,WHITE,ziyadnz/hourly-ipv4,ziyadnz|hourly,2026-08-17T18:48:05Z,2026-08-17T18:48:05Z,
172.105.147.200,ipv4,malicious-ip,medium,WHITE,ziyadnz/hourly-ipv4,ziyadnz|hourly,2026-08-17T18:48:05Z,2026-08-17T18:48:05Z,
172.105.147.201,ipv4,malicious-ip,medium,WHITE,ziyadnz/hourly-ipv4,ziyadnz|hourly,2026-08-17T18:48:05Z,2026-08-17T18:48:05Z,
172.105.147.202,ipv4,malicious-ip,medium,WHITE,ziyadnz/hourly-ipv4,ziyadnz|hourly,2026-08-17T18:48:05Z,2026-08-17T18:48:05Z,
172.105.147.204,ipv4,malicious-ip,medium,WHITE,ziyadnz/hourly-ipv4,ziyadnz|hourly,2026-08-17T18:48:05Z,2026-08-17T18:48:05Z,
172.105.147.206,ipv4,malicious-ip,medium,WHITE,ziyadnz/hourly-ipv4,ziyadnz|hourly,2026-08-17T18:48:05Z,2026-08-17T18:48:05Z,
172.105.147.208,ipv4,malicious-ip,medium,WHITE,ziyadnz/hourly-ipv4,ziyadnz|hourly,2026-08-17T18:48:05Z,2026-08-17T18:48:05Z,
172.105.147.209,ipv4,malicious-ip,medium,WHITE,ziyadnz/hourly-ipv4,ziyadnz|hourly,2026-08-17T18:48:05Z,2026-08-17T18:48:05Z,
172.105.147.21,ipv4,malicious-ip,medium,WHITE,ziyadnz/hourly-ipv4,ziyadnz|hourly,2026-08-17T18:48:05Z,2026-08-17T18:48:05Z,
172.105.147.210,ipv4,malicious-ip,medium,WHITE,ziyadnz/hourly-ipv4,ziyadnz|hourly,2026-08-17T18:48:05Z,2026-08-17T18:48:05Z,
172.105.147.211,ipv4,malicious-ip,medium,WHITE,ziyadnz/hourly-ipv4,ziyadnz|hourly,2026-08-17T18:48:05Z,2026-08-17T18:48:05Z,
172.105.147.212,ipv4,malicious-ip,medium,WHITE,ziyadnz/hourly-ipv4,ziyadnz|hourly,2026-08-17T18:48:05Z,2026-08-17T18:48:05Z,
172.105.147.214,ipv4,malicious-ip,medium,WHITE,ziyadnz/hourly-ipv4,ziyadnz|hourly,2026-08-17T18:48:05Z,2026-08-17T18:48:05Z,
172.105.147.216,ipv4,malicious-ip,medium,WHITE,ziyadnz/hourly-ipv4,ziyadnz|hourly,2026-08-17T18:48:05Z,2026-08-17T18:48:05Z,
172.105.147.218,ipv4,malicious-ip,medium,WHITE,ziyadnz/hourly-ipv4,ziyadnz|hourly,2026-08-17T18:48:05Z,2026-08-17T18:48:05Z,
172.105.147.219,ipv4,malicious-ip,medium,WHITE,ziyadnz/hourly-ipv4,ziyadnz|hourly,2026-08-17T18:48:05Z,2026-08-17T18:48:05Z,
172.105.147.221,ipv4,malicious-ip,medium,WHITE,ziyadnz/hourly-ipv4,ziyadnz|hourly,2026-08-17T18:48:05Z,2026-08-17T18:48:05Z,
172.105.147.222,ipv4,malicious-ip,medium,WHITE,ziyadnz/hourly-ipv4,ziyadnz|hourly,2026-08-17T18:48:05Z,2026-08-17T18:48:05Z,
172.105.147.223,ipv4,malicious-ip,medium,WHITE,ziyadnz/hourly-ipv4,ziyadnz|hourly,2026-08-17T18:48:05Z,2026-08-17T18:48:05Z,
172.105.147.224,ipv4,malicious-ip,medium,WHITE,ziyadnz/hourly-ipv4,ziyadnz|hourly,2026-08-17T18:48:05Z,2026-08-17T18:48:05Z,
172.105.147.225,ipv4,malicious-ip,medium,WHITE,ziyadnz/hourly-ipv4,ziyadnz|hourly,2026-08-17T18:48:05Z,2026-08-17T18:48:05Z,
172.105.147.228,ipv4,malicious-ip,medium,WHITE,ziyadnz/hourly-ipv4,ziyadnz|hourly,2026-08-17T18:48:05Z,2026-08-17T18:48:05Z,
172.105.147.229,ipv4,malicious-ip,medium,WHITE,ziyadnz/hourly-ipv4,ziyadnz|hourly,2026-08-17T18:48:05Z,2026-08-17T18:48:05Z,
172.105.147.23,ipv4,malicious-ip,medium,WHITE,ziyadnz/hourly-ipv4,ziyadnz|hourly,2026-08-17T18:48:05Z,2026-08-17T18:48:05Z,
172.105.147.230,ipv4,malicious-ip,medium,WHITE,ziyadnz/hourly-ipv4,ziyadnz|hourly,2026-08-17T18:48:05Z,2026-08-17T18:48:05Z,
172.105.147.231,ipv4,malicious-ip,medium,WHITE,ziyadnz/hourly-ipv4,ziyadnz|hourly,2026-08-17T18:48:05Z,2026-08-17T18:48:05Z,
172.105.147.232,ipv4,malicious-ip,medium,WHITE,ziyadnz/hourly-ipv4,ziyadnz|hourly,2026-08-17T18:48:05Z,2026-08-17T18:48:05Z,
172.105.147.233,ipv4,malicious-ip,medium,WHITE,ziyadnz/hourly-ipv4,ziyadnz|hourly,2026-08-17T18:48:05Z,2026-08-17T18:48:05Z,
172.105.147.234,ipv4,malicious-ip,medium,WHITE,ziyadnz/hourly-ipv4,ziyadnz|hourly,2026-08-17T18:48:05Z,2026-08-17T18:48:05Z,
172.105.147.235,ipv4,malicious-ip,medium,WHITE,ziyadnz/hourly-ipv4,ziyadnz|hourly,2026-08-17T18:48:05Z,2026-08-17T18:48:05Z,
172.105.147.236,ipv4,malicious-ip,medium,WHITE,ziyadnz/hourly-ipv4,ziyadnz|hourly,2026-08-17T18:48:05Z,2026-08-17T18:48:05Z,
172.105.147.238,ipv4,malicious-ip,medium,WHITE,ziyadnz/hourly-ipv4,ziyadnz|hourly,2026-08-17T18:48:05Z,2026-08-17T18:48:05Z,
172.105.147.24,ipv4,malicious-ip,medium,WHITE,ziyadnz/hourly-ipv4,ziyadnz|hourly,2026-08-17T18:48:05Z,2026-08-17T18:48:05Z,
172.105.147.242,ipv4,malicious-ip,medium,WHITE,ziyadnz/hourly-ipv4,ziyadnz|hourly,2026-08-17T18:48:05Z,2026-08-17T18:48:05Z,
172.105.147.244,ipv4,malicious-ip,medium,WHITE,ziyadnz/hourly-ipv4,ziyadnz|hourly,2026-08-17T18:48:05Z,2026-08-17T18:48:05Z,
172.105.147.245,ipv4,malicious-ip,medium,WHITE,ziyadnz/hourly-ipv4,ziyadnz|hourly,2026-08-17T18:48:05Z,2026-08-17T18:48:05Z,
172.105.147.247,ipv4,malicious-ip,medium,WHITE,ziyadnz/hourly-ipv4,ziyadnz|hourly,2026-08-17T18:48:05Z,2026-08-17T18:48:05Z,
172.105.147.248,ipv4,malicious-ip,medium,WHITE,ziyadnz/hourly-ipv4,ziyadnz|hourly,2026-08-17T18:48:05Z,2026-08-17T18:48:05Z,
172.105.147.25,ipv4,malicious-ip,medium,WHITE,ziyadnz/hourly-ipv4,ziyadnz|hourly,2026-08-17T18:48:05Z,2026-08-17T18:48:05Z,
172.105.147.250,ipv4,malicious-ip,medium,WHITE,ziyadnz/hourly-ipv4,ziyadnz|hourly,2026-08-17T18:48:05Z,2026-08-17T18:48:05Z,
172.105.147.254,ipv4,malicious-ip,medium,WHITE,ziyadnz/hourly-ipv4,ziyadnz|hourly,2026-08-17T18:48:05Z,2026-08-17T18:48:05Z,
172.105.147.26,ipv4,malicious-ip,medium,WHITE,ziyadnz/hourly-ipv4,ziyadnz|hourly,2026-08-17T18:48:05Z,2026-08-17T18:48:05Z,
172.105.147.28,ipv4,malicious-ip,medium,WHITE,ziyadnz/hourly-ipv4,ziyadnz|hourly,2026-08-17T18:48:05Z,2026-08-17T18:48:05Z,
172.105.147.29,ipv4,malicious-ip,medium,WHITE,ziyadnz/hourly-ipv4,ziyadnz|hourly,2026-08-17T18:48:05Z,2026-08-17T18:48:05Z,
172.105.147.31,ipv4,malicious-ip,medium,WHITE,ziyadnz/hourly-ipv4,ziyadnz|hourly,2026-08-17T18:48:05Z,2026-08-17T18:48:05Z,
172.105.147.33,ipv4,malicious-ip,medium,WHITE,ziyadnz/hourly-ipv4,ziyadnz|hourly,2026-08-17T18:48:05Z,2026-08-17T18:48:05Z,
172.105.147.36,ipv4,malicious-ip,medium,WHITE,ziyadnz/hourly-ipv4,ziyadnz|hourly,2026-08-17T18:48:05Z,2026-08-17T18:48:05Z,
172.105.147.40,ipv4,malicious-ip,medium,WHITE,ziyadnz/hourly-ipv4,ziyadnz|hourly,2026-08-17T18:48:05Z,2026-08-17T18:48:05Z,
172.105.147.41,ipv4,malicious-ip,medium,WHITE,ziyadnz/hourly-ipv4,ziyadnz|hourly,2026-08-17T18:48:05Z,2026-08-17T18:48:05Z,
172.105.147.43,ipv4,malicious-ip,medium,WHITE,ziyadnz/hourly-ipv4,ziyadnz|hourly,2026-08-17T18:48:05Z,2026-08-17T18:48:05Z,
172.105.147.44,ipv4,malicious-ip,medium,WHITE,ziyadnz/hourly-ipv4,ziyadnz|hourly,2026-08-17T18:48:05Z,2026-08-17T18:48:05Z,
172.105.147.45,ipv4,malicious-ip,medium,WHITE,ziyadnz/hourly-ipv4,ziyadnz|hourly,2026-08-17T18:48:05Z,2026-08-17T18:48:05Z,
172.105.147.46,ipv4,malicious-ip,medium,WHITE,ziyadnz/hourly-ipv4,ziyadnz|hourly,2026-08-17T18:48:05Z,2026-08-17T18:48:05Z,
172.105.147.50,ipv4,malicious-ip,medium,WHITE,ziyadnz/hourly-ipv4,ziyadnz|hourly,2026-08-17T18:48:05Z,2026-08-17T18:48:05Z,
172.105.147.52,ipv4,malicious-ip,medium,WHITE,ziyadnz/hourly-ipv4,ziyadnz|hourly,2026-08-17T18:48:05Z,2026-08-17T18:48:05Z,
172.105.147.53,ipv4,malicious-ip,medium,WHITE,ziyadnz/hourly-ipv4,ziyadnz|hourly,2026-08-17T18:48:05Z,2026-08-17T18:48:05Z,
172.105.147.54,ipv4,malicious-ip,medium,WHITE,ziyadnz/hourly-ipv4,ziyadnz|hourly,2026-08-17T18:48:05Z,2026-08-17T18:48:05Z,
172.105.147.56,ipv4,malicious-ip,medium,WHITE,ziyadnz/hourly-ipv4,ziyadnz|hourly,2026-08-17T18:48:05Z,2026-08-17T18:48:05Z,
172.105.147.59,ipv4,malicious-ip,medium,WHITE,ziyadnz/hourly-ipv4,ziyadnz|hourly,2026-08-17T18:48:05Z,2026-08-17T18:48:05Z,
172.105.147.6,ipv4,malicious-ip,medium,WHITE,ziyadnz/hourly-ipv4,ziyadnz|hourly,2026-08-17T18:48:05Z,2026-08-17T18:48:05Z,
172.105.147.60,ipv4,malicious-ip,medium,WHITE,ziyadnz/hourly-ipv4,ziyadnz|hourly,2026-08-17T18:48:05Z,2026-08-17T18:48:05Z,
172.105.147.61,ipv4,malicious-ip,medium,WHITE,ziyadnz/hourly-ipv4,ziyadnz|hourly,2026-08-17T18:48:05Z,2026-08-17T18:48:05Z,
172.105.147.62,ipv4,malicious-ip,medium,WHITE,ziyadnz/hourly-ipv4,ziyadnz|hourly,2026-08-17T18:48:05Z,2026-08-17T18:48:05Z,
172.105.147.64,ipv4,malicious-ip,medium,WHITE,ziyadnz/hourly-ipv4,ziyadnz|hourly,2026-08-17T18:48:05Z,2026-08-17T18:48:05Z,
172.105.147.65,ipv4,malicious-ip,medium,WHITE,ziyadnz/hourly-ipv4,ziyadnz|hourly,2026-08-17T18:48:05Z,2026-08-17T18:48:05Z,
172.105.147.70,ipv4,malicious-ip,medium,WHITE,ziyadnz/hourly-ipv4,ziyadnz|hourly,2026-08-17T18:48:05Z,2026-08-17T18:48:05Z,
172.105.147.72,ipv4,malicious-ip,medium,WHITE,ziyadnz/hourly-ipv4,ziyadnz|hourly,2026-08-17T18:48:05Z,2026-08-17T18:48:05Z,
172.105.147.73,ipv4,malicious-ip,medium,WHITE,ziyadnz/hourly-ipv4,ziyadnz|hourly,2026-08-17T18:48:05Z,2026-08-17T18:48:05Z,
172.105.147.74,ipv4,malicious-ip,medium,WHITE,ziyadnz/hourly-ipv4,ziyadnz|hourly,2026-08-17T18:48:05Z,2026-08-17T18:48:05Z,
172.105.147.75,ipv4,malicious-ip,medium,WHITE,ziyadnz/hourly-ipv4,ziyadnz|hourly,2026-08-17T18:48:05Z,2026-08-17T18:48:05Z,
172.105.147.79,ipv4,malicious-ip,medium,WHITE,ziyadnz/hourly-ipv4,ziyadnz|hourly,2026-08-17T18:48:05Z,2026-08-17T18:48:05Z,
172.105.147.8,ipv4,malicious-ip,medium,WHITE,ziyadnz/hourly-ipv4,ziyadnz|hourly,2026-08-17T18:48:05Z,2026-08-17T18:48:05Z,
172.105.147.82,ipv4,malicious-ip,medium,WHITE,ziyadnz/hourly-ipv4,ziyadnz|hourly,2026-08-17T18:48:05Z,2026-08-17T18:48:05Z,
172.105.147.84,ipv4,malicious-ip,medium,WHITE,ziyadnz/hourly-ipv4,ziyadnz|hourly,2026-08-17T18:48:05Z,2026-08-17T18:48:05Z,
172.105.147.86,ipv4,malicious-ip,medium,WHITE,ziyadnz/hourly-ipv4,ziyadnz|hourly,2026-08-17T18:48:05Z,2026-08-17T18:48:05Z,
172.105.147.87,ipv4,malicious-ip,medium,WHITE,ziyadnz/hourly-ipv4,ziyadnz|hourly,2026-08-17T18:48:05Z,2026-08-17T18:48:05Z,
172.105.147.89,ipv4,malicious-ip,medium,WHITE,ziyadnz/hourly-ipv4,ziyadnz|hourly,2026-08-17T18:48:05Z,2026-08-17T18:48:05Z,
172.105.147.9,ipv4,malicious-ip,medium,WHITE,ziyadnz/hourly-ipv4,ziyadnz|hourly,2026-08-17T18:48:05Z,2026-08-17T18:48:05Z,
172.105.147.91,ipv4,malicious-ip,medium,WHITE,ziyadnz/hourly-ipv4,ziyadnz|hourly,2026-08-17T18:48:05Z,2026-08-17T18:48:05Z,
172.105.147.92,ipv4,malicious-ip,medium,WHITE,ziyadnz/hourly-ipv4,ziyadnz|hourly,2026-08-17T18:48:05Z,2026-08-17T18:48:05Z,
172.105.147.93,ipv4,malicious-ip,medium,WHITE,ziyadnz/hourly-ipv4,ziyadnz|hourly,2026-08-17T18:48:05Z,2026-08-17T18:48:05Z,
172.105.147.94,ipv4,malicious-ip,medium,WHITE,ziyadnz/hourly-ipv4,ziyadnz|hourly,2026-08-17T18:48:05Z,2026-08-17T18:48:05Z,
172.105.147.95,ipv4,malicious-ip,medium,WHITE,ziyadnz/hourly-ipv4,ziyadnz|hourly,2026-08-17T18:48:05Z,2026-08-17T18:48:05Z,
172.105.147.96,ipv4,malicious-ip,medium,WHITE,ziyadnz/hourly-ipv4,ziyadnz|hourly,2026-08-17T18:48:05Z,2026-08-17T18:48:05Z,
172.105.147.97,ipv4,malicious-ip,medium,WHITE,ziyadnz/hourly-ipv4,ziyadnz|hourly,2026-08-17T18:48:05Z,2026-08-17T18:48:05Z,
172.105.147.98,ipv4,malicious-ip,medium,WHITE,ziyadnz/hourly-ipv4,ziyadnz|hourly,2026-08-17T18:48:05Z,2026-08-17T18:48:05Z,
172.105.157.220,ipv4,malicious-ip,medium,WHITE,ziyadnz/hourly-ipv4,ziyadnz|hourly,2026-08-17T18:48:05Z,2026-08-17T18:48:05Z,
172.105.157.44,ipv4,malicious-ip,medium,WHITE,ziyadnz/hourly-ipv4,ziyadnz|hourly,2026-08-17T18:48:05Z,2026-08-17T18:48:05Z,
172.105.158.15,ipv4,malicious-ip,medium,WHITE,ziyadnz/hourly-ipv4,ziyadnz|hourly,2026-08-17T18:48:05Z,2026-08-17T18:48:05Z,
172.105.175.215,ipv4,malicious-ip,medium,WHITE,ziyadnz/hourly-ipv4,ziyadnz|hourly,2026-08-17T18:48:05Z,2026-08-17T18:48:05Z,
172.105.177.106,ipv4,malicious-ip,medium,WHITE,ziyadnz/hourly-ipv4,ziyadnz|hourly,2026-08-17T18:48:05Z,2026-08-17T18:48:05Z,
172.105.181.141,ipv4,malicious-ip,medium,WHITE,ziyadnz/hourly-ipv4,ziyadnz|hourly,2026-08-17T18:48:05Z,2026-08-17T18:48:05Z,
172.105.184.56,ipv4,malicious-ip,medium,WHITE,ziyadnz/hourly-ipv4,ziyadnz|hourly,2026-08-17T18:48:05Z,2026-08-17T18:48:05Z,
172.105.184.62,ipv4,malicious-ip,medium,WHITE,ziyadnz/hourly-ipv4,ziyadnz|hourly,2026-08-17T18:48:05Z,2026-08-17T18:48:05Z,
172.105.184.93,ipv4,malicious-ip,medium,WHITE,ziyadnz/hourly-ipv4,ziyadnz|hourly,2026-08-17T18:48:05Z,2026-08-17T18:48:05Z,
172.105.185.199,ipv4,malicious-ip,medium,WHITE,ziyadnz/hourly-ipv4,ziyadnz|hourly,2026-08-17T18:48:05Z,2026-08-17T18:48:05Z,
172.105.191.25,ipv4,malicious-ip,medium,WHITE,ziyadnz/hourly-ipv4,ziyadnz|hourly,2026-08-17T18:48:05Z,2026-08-17T18:48:05Z,
172.105.196.91,ipv4,malicious-ip,medium,WHITE,ziyadnz/hourly-ipv4,ziyadnz|hourly,2026-08-17T18:48:05Z,2026-08-17T18:48:05Z,
172.105.199.92,ipv4,malicious-ip,medium,WHITE,ziyadnz/hourly-ipv4,ziyadnz|hourly,2026-08-17T18:48:05Z,2026-08-17T18:48:05Z,
172.105.20.12,ipv4,malicious-ip,medium,WHITE,ziyadnz/hourly-ipv4,ziyadnz|hourly,2026-08-17T18:48:05Z,2026-08-17T18:48:05Z,
172.105.208.132,ipv4,malicious-ip,medium,WHITE,ziyadnz/hourly-ipv4,ziyadnz|hourly,2026-08-17T18:48:05Z,2026-08-17T18:48:05Z,
172.105.223.216,ipv4,malicious-ip,medium,WHITE,ziyadnz/hourly-ipv4,ziyadnz|hourly,2026-08-17T18:48:05Z,2026-08-17T18:48:05Z,
172.105.224.72,ipv4,malicious-ip,medium,WHITE,ziyadnz/hourly-ipv4,ziyadnz|hourly,2026-08-17T18:48:05Z,2026-08-17T18:48:05Z,
172.105.229.30,ipv4,malicious-ip,medium,WHITE,ziyadnz/hourly-ipv4,ziyadnz|hourly,2026-08-17T18:48:05Z,2026-08-17T18:48:05Z,
172.105.23.152,ipv4,malicious-ip,medium,WHITE,ziyadnz/hourly-ipv4,ziyadnz|hourly,2026-08-17T18:48:05Z,2026-08-17T18:48:05Z,
172.105.23.157,ipv4,malicious-ip,medium,WHITE,ziyadnz/hourly-ipv4,ziyadnz|hourly,2026-08-17T18:48:05Z,2026-08-17T18:48:05Z,
172.105.23.180,ipv4,malicious-ip,medium,WHITE,ziyadnz/hourly-ipv4,ziyadnz|hourly,2026-08-17T18:48:05Z,2026-08-17T18:48:05Z,
172.105.23.187,ipv4,malicious-ip,medium,WHITE,ziyadnz/hourly-ipv4,ziyadnz|hourly,2026-08-17T18:48:05Z,2026-08-17T18:48:05Z,
172.105.23.195,ipv4,malicious-ip,medium,WHITE,ziyadnz/hourly-ipv4,ziyadnz|hourly,2026-08-17T18:48:05Z,2026-08-17T18:48:05Z,
172.105.23.218,ipv4,malicious-ip,medium,WHITE,ziyadnz/hourly-ipv4,ziyadnz|hourly,2026-08-17T18:48:05Z,2026-08-17T18:48:05Z,
172.105.23.239,ipv4,malicious-ip,medium,WHITE,ziyadnz/hourly-ipv4,ziyadnz|hourly,2026-08-17T18:48:05Z,2026-08-17T18:48:05Z,
172.105.235.94,ipv4,malicious-ip,medium,WHITE,ziyadnz/hourly-ipv4,ziyadnz|hourly,2026-08-17T18:48:05Z,2026-08-17T18:48:05Z,
172.105.24.10,ipv4,malicious-ip,medium,WHITE,ziyadnz/hourly-ipv4,ziyadnz|hourly,2026-08-17T18:48:05Z,2026-08-17T18:48:05Z,
172.105.253.139,ipv4,malicious-ip,medium,WHITE,ziyadnz/hourly-ipv4,ziyadnz|hourly,2026-08-17T18:48:05Z,2026-08-17T18:48:05Z,
172.105.29.165,ipv4,malicious-ip,medium,WHITE,ziyadnz/hourly-ipv4,ziyadnz|hourly,2026-08-17T18:48:05Z,2026-08-17T18:48:05Z,
172.105.56.8,ipv4,malicious-ip,medium,WHITE,ziyadnz/hourly-ipv4,ziyadnz|hourly,2026-08-17T18:48:05Z,2026-08-17T18:48:05Z,
172.105.57.190,ipv4,malicious-ip,medium,WHITE,ziyadnz/hourly-ipv4,ziyadnz|hourly,2026-08-17T18:48:05Z,2026-08-17T18:48:05Z,
172.105.57.24,ipv4,malicious-ip,medium,WHITE,ziyadnz/hourly-ipv4,ziyadnz|hourly,2026-08-17T18:48:05Z,2026-08-17T18:48:05Z,
172.105.58.98,ipv4,malicious-ip,medium,WHITE,ziyadnz/hourly-ipv4,ziyadnz|hourly,2026-08-17T18:48:05Z,2026-08-17T18:48:05Z,
172.105.69.26,ipv4,malicious-ip,medium,WHITE,ziyadnz/hourly-ipv4,ziyadnz|hourly,2026-08-17T18:48:05Z,2026-08-17T18:48:05Z,
172.105.92.211,ipv4,malicious-ip,medium,WHITE,ziyadnz/hourly-ipv4,ziyadnz|hourly,2026-08-17T18:48:05Z,2026-08-17T18:48:05Z,
172.110.219.251,ipv4,malicious-ip,medium,WHITE,ziyadnz/hourly-ipv4,ziyadnz|hourly,2026-08-17T18:48:05Z,2026-08-17T18:48:05Z,
172.110.220.36,ipv4,malicious-ip,medium,WHITE,ziyadnz/hourly-ipv4,ziyadnz|hourly,2026-08-17T18:48:05Z,2026-08-17T18:48:05Z,
172.110.223.0,ipv4,malicious-ip,medium,WHITE,ziyadnz/hourly-ipv4,ziyadnz|hourly,2026-08-17T18:48:05Z,2026-08-17T18:48:05Z,
172.110.223.108,ipv4,malicious-ip,medium,WHITE,ziyadnz/hourly-ipv4,ziyadnz|hourly,2026-08-17T18:48:05Z,2026-08-17T18:48:05Z,
172.110.223.121,ipv4,malicious-ip,medium,WHITE,ziyadnz/hourly-ipv4,ziyadnz|hourly,2026-08-17T18:48:05Z,2026-08-17T18:48:05Z,
172.110.223.127,ipv4,malicious-ip,medium,WHITE,ziyadnz/hourly-ipv4,ziyadnz|hourly,2026-08-17T18:48:05Z,2026-08-17T18:48:05Z,
172.110.223.132,ipv4,malicious-ip,medium,WHITE,ziyadnz/hourly-ipv4,ziyadnz|hourly,2026-08-17T18:48:05Z,2026-08-17T18:48:05Z,
172.110.223.134,ipv4,malicious-ip,medium,WHITE,ziyadnz/hourly-ipv4,ziyadnz|hourly,2026-08-17T18:48:05Z,2026-08-17T18:48:05Z,
172.110.223.141,ipv4,malicious-ip,medium,WHITE,ziyadnz/hourly-ipv4,ziyadnz|hourly,2026-08-17T18:48:05Z,2026-08-17T18:48:05Z,
172.110.223.142,ipv4,malicious-ip,medium,WHITE,ziyadnz/hourly-ipv4,ziyadnz|hourly,2026-08-17T18:48:05Z,2026-08-17T18:48:05Z,
172.110.223.149,ipv4,malicious-ip,medium,WHITE,ziyadnz/hourly-ipv4,ziyadnz|hourly,2026-08-17T18:48:05Z,2026-08-17T18:48:05Z,
172.110.223.150,ipv4,malicious-ip,medium,WHITE,ziyadnz/hourly-ipv4,ziyadnz|hourly,2026-08-17T18:48:05Z,2026-08-17T18:48:05Z,
172.110.223.154,ipv4,malicious-ip,medium,WHITE,ziyadnz/hourly-ipv4,ziyadnz|hourly,2026-08-17T18:48:05Z,2026-08-17T18:48:05Z,
172.110.223.159,ipv4,malicious-ip,medium,WHITE,ziyadnz/hourly-ipv4,ziyadnz|hourly,2026-08-17T18:48:05Z,2026-08-17T18:48:05Z,
172.110.223.162,ipv4,malicious-ip,medium,WHITE,ziyadnz/hourly-ipv4,ziyadnz|hourly,2026-08-17T18:48:05Z,2026-08-17T18:48:05Z,
172.110.223.163,ipv4,malicious-ip,medium,WHITE,ziyadnz/hourly-ipv4,ziyadnz|hourly,2026-08-17T18:48:05Z,2026-08-17T18:48:05Z,
172.110.223.164,ipv4,malicious-ip,medium,WHITE,ziyadnz/hourly-ipv4,ziyadnz|hourly,2026-08-17T18:48:05Z,2026-08-17T18:48:05Z,
172.110.223.17,ipv4,malicious-ip,medium,WHITE,ziyadnz/hourly-ipv4,ziyadnz|hourly,2026-08-17T18:48:05Z,2026-08-17T18:48:05Z,
172.110.223.179,ipv4,malicious-ip,medium,WHITE,ziyadnz/hourly-ipv4,ziyadnz|hourly,2026-08-17T18:48:05Z,2026-08-17T18:48:05Z,
172.110.223.193,ipv4,malicious-ip,medium,WHITE,ziyadnz/hourly-ipv4,ziyadnz|hourly,2026-08-17T18:48:05Z,2026-08-17T18:48:05Z,
172.110.223.207,ipv4,malicious-ip,medium,WHITE,ziyadnz/hourly-ipv4,ziyadnz|hourly,2026-08-17T18:48:05Z,2026-08-17T18:48:05Z,
172.110.223.233,ipv4,malicious-ip,medium,WHITE,ziyadnz/hourly-ipv4,ziyadnz|hourly,2026-08-17T18:48:05Z,2026-08-17T18:48:05Z,
172.110.223.73,ipv4,malicious-ip,medium,WHITE,ziyadnz/hourly-ipv4,ziyadnz|hourly,2026-08-17T18:48:05Z,2026-08-17T18:48:05Z,
172.110.223.92,ipv4,malicious-ip,medium,WHITE,ziyadnz/hourly-ipv4,ziyadnz|hourly,2026-08-17T18:48:05Z,2026-08-17T18:48:05Z,
172.111.192.233,ipv4,malicious-ip,medium,WHITE,ziyadnz/hourly-ipv4,ziyadnz|hourly,2026-08-17T18:48:05Z,2026-08-17T18:48:05Z,
172.111.200.133,ipv4,malicious-ip,medium,WHITE,ziyadnz/hourly-ipv4,ziyadnz|hourly,2026-08-17T18:48:05Z,2026-08-17T18:48:05Z,
172.111.38.48,ipv4,malicious-ip,medium,WHITE,ziyadnz/hourly-ipv4,ziyadnz|hourly,2026-08-17T18:48:05Z,2026-08-17T18:48:05Z,
172.111.48.101,ipv4,malicious-ip,medium,WHITE,ziyadnz/hourly-ipv4,ziyadnz|hourly,2026-08-17T18:48:05Z,2026-08-17T18:48:05Z,
172.112.191.160,ipv4,malicious-ip,medium,WHITE,ziyadnz/hourly-ipv4,ziyadnz|hourly,2026-08-17T18:48:05Z,2026-08-17T18:48:05Z,
172.112.208.51,ipv4,malicious-ip,medium,WHITE,ziyadnz/hourly-ipv4,ziyadnz|hourly,2026-08-17T18:48:05Z,2026-08-17T18:48:05Z,
172.114.160.81,ipv4,malicious-ip,medium,WHITE,ziyadnz/hourly-ipv4,ziyadnz|hourly,2026-08-17T18:48:05Z,2026-08-17T18:48:05Z,
172.114.170.18,ipv4,malicious-ip,medium,WHITE,ziyadnz/hourly-ipv4,ziyadnz|hourly,2026-08-17T18:48:05Z,2026-08-17T18:48:05Z,
172.115.177.204,ipv4,malicious-ip,medium,WHITE,ziyadnz/hourly-ipv4,ziyadnz|hourly,2026-08-17T18:48:05Z,2026-08-17T18:48:05Z,
172.121.164.0,ipv4,malicious-ip,medium,WHITE,ziyadnz/hourly-ipv4,ziyadnz|hourly,2026-08-17T18:48:05Z,2026-08-17T18:48:05Z,
172.121.164.113,ipv4,malicious-ip,medium,WHITE,ziyadnz/hourly-ipv4,ziyadnz|hourly,2026-08-17T18:48:05Z,2026-08-17T18:48:05Z,
172.121.164.114,ipv4,malicious-ip,medium,WHITE,ziyadnz/hourly-ipv4,ziyadnz|hourly,2026-08-17T18:48:05Z,2026-08-17T18:48:05Z,
172.121.164.116,ipv4,malicious-ip,medium,WHITE,ziyadnz/hourly-ipv4,ziyadnz|hourly,2026-08-17T18:48:05Z,2026-08-17T18:48:05Z,
172.121.164.131,ipv4,malicious-ip,medium,WHITE,ziyadnz/hourly-ipv4,ziyadnz|hourly,2026-08-17T18:48:05Z,2026-08-17T18:48:05Z,
172.121.164.139,ipv4,malicious-ip,medium,WHITE,ziyadnz/hourly-ipv4,ziyadnz|hourly,2026-08-17T18:48:05Z,2026-08-17T18:48:05Z,
172.121.164.144,ipv4,malicious-ip,medium,WHITE,ziyadnz/hourly-ipv4,ziyadnz|hourly,2026-08-17T18:48:05Z,2026-08-17T18:48:05Z,
172.121.164.159,ipv4,malicious-ip,medium,WHITE,ziyadnz/hourly-ipv4,ziyadnz|hourly,2026-08-17T18:48:05Z,2026-08-17T18:48:05Z,
172.121.164.163,ipv4,malicious-ip,medium,WHITE,ziyadnz/hourly-ipv4,ziyadnz|hourly,2026-08-17T18:48:05Z,2026-08-17T18:48:05Z,
172.121.164.189,ipv4,malicious-ip,medium,WHITE,ziyadnz/hourly-ipv4,ziyadnz|hourly,2026-08-17T18:48:05Z,2026-08-17T18:48:05Z,
172.121.164.20,ipv4,malicious-ip,medium,WHITE,ziyadnz/hourly-ipv4,ziyadnz|hourly,2026-08-17T18:48:05Z,2026-08-17T18:48:05Z,
172.121.164.222,ipv4,malicious-ip,medium,WHITE,ziyadnz/hourly-ipv4,ziyadnz|hourly,2026-08-17T18:48:05Z,2026-08-17T18:48:05Z,
172.121.164.227,ipv4,malicious-ip,medium,WHITE,ziyadnz/hourly-ipv4,ziyadnz|hourly,2026-08-17T18:48:05Z,2026-08-17T18:48:05Z,
172.121.164.234,ipv4,malicious-ip,medium,WHITE,ziyadnz/hourly-ipv4,ziyadnz|hourly,2026-08-17T18:48:05Z,2026-08-17T18:48:05Z,
172.121.164.248,ipv4,malicious-ip,medium,WHITE,ziyadnz/hourly-ipv4,ziyadnz|hourly,2026-08-17T18:48:05Z,2026-08-17T18:48:05Z,
172.121.164.33,ipv4,malicious-ip,medium,WHITE,ziyadnz/hourly-ipv4,ziyadnz|hourly,2026-08-17T18:48:05Z,2026-08-17T18:48:05Z,
172.121.164.46,ipv4,malicious-ip,medium,WHITE,ziyadnz/hourly-ipv4,ziyadnz|hourly,2026-08-17T18:48:05Z,2026-08-17T18:48:05Z,
172.121.164.48,ipv4,malicious-ip,medium,WHITE,ziyadnz/hourly-ipv4,ziyadnz|hourly,2026-08-17T18:48:05Z,2026-08-17T18:48:05Z,
172.121.164.70,ipv4,malicious-ip,medium,WHITE,ziyadnz/hourly-ipv4,ziyadnz|hourly,2026-08-17T18:48:05Z,2026-08-17T18:48:05Z,
172.121.164.79,ipv4,malicious-ip,medium,WHITE,ziyadnz/hourly-ipv4,ziyadnz|hourly,2026-08-17T18:48:05Z,2026-08-17T18:48:05Z,
172.121.164.86,ipv4,malicious-ip,medium,WHITE,ziyadnz/hourly-ipv4,ziyadnz|hourly,2026-08-17T18:48:05Z,2026-08-17T18:48:05Z,
172.121.164.93,ipv4,malicious-ip,medium,WHITE,ziyadnz/hourly-ipv4,ziyadnz|hourly,2026-08-17T18:48:05Z,2026-08-17T18:48:05Z,
172.124.174.222,ipv4,malicious-ip,medium,WHITE,ziyadnz/hourly-ipv4,ziyadnz|hourly,2026-08-17T18:48:05Z,2026-08-17T18:48:05Z,
172.125.52.71,ipv4,malicious-ip,medium,WHITE,ziyadnz/hourly-ipv4,ziyadnz|hourly,2026-08-17T18:48:05Z,2026-08-17T18:48:05Z,
172.127.181.140,ipv4,malicious-ip,medium,WHITE,ziyadnz/hourly-ipv4,ziyadnz|hourly,2026-08-17T18:48:05Z,2026-08-17T18:48:05Z,
172.160.241.154,ipv4,malicious-ip,medium,WHITE,ziyadnz/hourly-ipv4,ziyadnz|hourly,2026-08-17T18:48:05Z,2026-08-17T18:48:05Z,
172.160.248.186,ipv4,malicious-ip,medium,WHITE,ziyadnz/hourly-ipv4,ziyadnz|hourly,2026-08-17T18:48:05Z,2026-08-17T18:48:05Z,
172.161.1.105,ipv4,malicious-ip,medium,WHITE,ziyadnz/hourly-ipv4,ziyadnz|hourly,2026-08-17T18:48:05Z,2026-08-17T18:48:05Z,
172.162.242.56,ipv4,malicious-ip,medium,WHITE,ziyadnz/hourly-ipv4,ziyadnz|hourly,2026-08-17T18:48:05Z,2026-08-17T18:48:05Z,
172.171.241.192,ipv4,malicious-ip,medium,WHITE,ziyadnz/hourly-ipv4,ziyadnz|hourly,2026-08-17T18:48:05Z,2026-08-17T18:48:05Z,
172.171.243.12,ipv4,malicious-ip,medium,WHITE,ziyadnz/hourly-ipv4,ziyadnz|hourly,2026-08-17T18:48:05Z,2026-08-17T18:48:05Z,
172.171.254.156,ipv4,malicious-ip,medium,WHITE,ziyadnz/hourly-ipv4,ziyadnz|hourly,2026-08-17T18:48:05Z,2026-08-17T18:48:05Z,
172.172.123.243,ipv4,malicious-ip,medium,WHITE,ziyadnz/hourly-ipv4,ziyadnz|hourly,2026-08-17T18:48:05Z,2026-08-17T18:48:05Z,
172.172.186.3,ipv4,malicious-ip,medium,WHITE,ziyadnz/hourly-ipv4,ziyadnz|hourly,2026-08-17T18:48:05Z,2026-08-17T18:48:05Z,
172.172.23.203,ipv4,malicious-ip,medium,WHITE,ziyadnz/hourly-ipv4,ziyadnz|hourly,2026-08-17T18:48:05Z,2026-08-17T18:48:05Z,
172.172.23.207,ipv4,malicious-ip,medium,WHITE,ziyadnz/hourly-ipv4,ziyadnz|hourly,2026-08-17T18:48:05Z,2026-08-17T18:48:05Z,
172.172.23.216,ipv4,malicious-ip,medium,WHITE,ziyadnz/hourly-ipv4,ziyadnz|hourly,2026-08-17T18:48:05Z,2026-08-17T18:48:05Z,
172.172.26.0,ipv4,malicious-ip,medium,WHITE,ziyadnz/hourly-ipv4,ziyadnz|hourly,2026-08-17T18:48:05Z,2026-08-17T18:48:05Z,
172.172.26.136,ipv4,malicious-ip,medium,WHITE,ziyadnz/hourly-ipv4,ziyadnz|hourly,2026-08-17T18:48:05Z,2026-08-17T18:48:05Z,
172.172.26.137,ipv4,malicious-ip,medium,WHITE,ziyadnz/hourly-ipv4,ziyadnz|hourly,2026-08-17T18:48:05Z,2026-08-17T18:48:05Z,
172.172.26.138,ipv4,malicious-ip,medium,WHITE,ziyadnz/hourly-ipv4,ziyadnz|hourly,2026-08-17T18:48:05Z,2026-08-17T18:48:05Z,
172.172.26.139,ipv4,malicious-ip,medium,WHITE,ziyadnz/hourly-ipv4,ziyadnz|hourly,2026-08-17T18:48:05Z,2026-08-17T18:48:05Z,
172.172.26.150,ipv4,malicious-ip,medium,WHITE,ziyadnz/hourly-ipv4,ziyadnz|hourly,2026-08-17T18:48:05Z,2026-08-17T18:48:05Z,
172.172.26.153,ipv4,malicious-ip,medium,WHITE,ziyadnz/hourly-ipv4,ziyadnz|hourly,2026-08-17T18:48:05Z,2026-08-17T18:48:05Z,
172.172.26.157,ipv4,malicious-ip,medium,WHITE,ziyadnz/hourly-ipv4,ziyadnz|hourly,2026-08-17T18:48:05Z,2026-08-17T18:48:05Z,
172.172.30.0,ipv4,malicious-ip,medium,WHITE,ziyadnz/hourly-ipv4,ziyadnz|hourly,2026-08-17T18:48:05Z,2026-08-17T18:48:05Z,
172.172.30.141,ipv4,malicious-ip,medium,WHITE,ziyadnz/hourly-ipv4,ziyadnz|hourly,2026-08-17T18:48:05Z,2026-08-17T18:48:05Z,
172.172.30.143,ipv4,malicious-ip,medium,WHITE,ziyadnz/hourly-ipv4,ziyadnz|hourly,2026-08-17T18:48:05Z,2026-08-17T18:48:05Z,
172.172.30.148,ipv4,malicious-ip,medium,WHITE,ziyadnz/hourly-ipv4,ziyadnz|hourly,2026-08-17T18:48:05Z,2026-08-17T18:48:05Z,
172.172.30.150,ipv4,malicious-ip,medium,WHITE,ziyadnz/hourly-ipv4,ziyadnz|hourly,2026-08-17T18:48:05Z,2026-08-17T18:48:05Z,
172.172.30.151,ipv4,malicious-ip,medium,WHITE,ziyadnz/hourly-ipv4,ziyadnz|hourly,2026-08-17T18:48:05Z,2026-08-17T18:48:05Z,
172.172.30.158,ipv4,malicious-ip,medium,WHITE,ziyadnz/hourly-ipv4,ziyadnz|hourly,2026-08-17T18:48:05Z,2026-08-17T18:48:05Z,
172.172.30.197,ipv4,malicious-ip,medium,WHITE,ziyadnz/hourly-ipv4,ziyadnz|hourly,2026-08-17T18:48:05Z,2026-08-17T18:48:05Z,
172.172.30.198,ipv4,malicious-ip,medium,WHITE,ziyadnz/hourly-ipv4,ziyadnz|hourly,2026-08-17T18:48:05Z,2026-08-17T18:48:05Z,
172.172.30.2,ipv4,malicious-ip,medium,WHITE,ziyadnz/hourly-ipv4,ziyadnz|hourly,2026-08-17T18:48:05Z,2026-08-17T18:48:05Z,
172.172.30.201,ipv4,malicious-ip,medium,WHITE,ziyadnz/hourly-ipv4,ziyadnz|hourly,2026-08-17T18:48:05Z,2026-08-17T18:48:05Z,
172.172.30.207,ipv4,malicious-ip,medium,WHITE,ziyadnz/hourly-ipv4,ziyadnz|hourly,2026-08-17T18:48:05Z,2026-08-17T18:48:05Z,
172.172.30.208,ipv4,malicious-ip,medium,WHITE,ziyadnz/hourly-ipv4,ziyadnz|hourly,2026-08-17T18:48:05Z,2026-08-17T18:48:05Z,
172.172.30.216,ipv4,malicious-ip,medium,WHITE,ziyadnz/hourly-ipv4,ziyadnz|hourly,2026-08-17T18:48:05Z,2026-08-17T18:48:05Z,
172.172.30.22,ipv4,malicious-ip,medium,WHITE,ziyadnz/hourly-ipv4,ziyadnz|hourly,2026-08-17T18:48:05Z,2026-08-17T18:48:05Z,
172.172.30.73,ipv4,malicious-ip,medium,WHITE,ziyadnz/hourly-ipv4,ziyadnz|hourly,2026-08-17T18:48:05Z,2026-08-17T18:48:05Z,
172.172.30.83,ipv4,malicious-ip,medium,WHITE,ziyadnz/hourly-ipv4,ziyadnz|hourly,2026-08-17T18:48:05Z,2026-08-17T18:48:05Z,
172.173.116.202,ipv4,malicious-ip,medium,WHITE,ziyadnz/hourly-ipv4,ziyadnz|hourly,2026-08-17T18:48:05Z,2026-08-17T18:48:05Z,
172.173.117.246,ipv4,malicious-ip,medium,WHITE,ziyadnz/hourly-ipv4,ziyadnz|hourly,2026-08-17T18:48:05Z,2026-08-17T18:48:05Z,
172.174.132.252,ipv4,malicious-ip,medium,WHITE,ziyadnz/hourly-ipv4,ziyadnz|hourly,2026-08-17T18:48:05Z,2026-08-17T18:48:05Z,
172.174.200.225,ipv4,malicious-ip,medium,WHITE,ziyadnz/hourly-ipv4,ziyadnz|hourly,2026-08-17T18:48:05Z,2026-08-17T18:48:05Z,
172.174.211.117,ipv4,malicious-ip,medium,WHITE,ziyadnz/hourly-ipv4,ziyadnz|hourly,2026-08-17T18:48:05Z,2026-08-17T18:48:05Z,
172.174.211.122,ipv4,malicious-ip,medium,WHITE,ziyadnz/hourly-ipv4,ziyadnz|hourly,2026-08-17T18:48:05Z,2026-08-17T18:48:05Z,
172.174.211.225,ipv4,malicious-ip,medium,WHITE,ziyadnz/hourly-ipv4,ziyadnz|hourly,2026-08-17T18:48:05Z,2026-08-17T18:48:05Z,
172.174.225.60,ipv4,malicious-ip,medium,WHITE,ziyadnz/hourly-ipv4,ziyadnz|hourly,2026-08-17T18:48:05Z,2026-08-17T18:48:05Z,
172.174.234.168,ipv4,malicious-ip,medium,WHITE,ziyadnz/hourly-ipv4,ziyadnz|hourly,2026-08-17T18:48:05Z,2026-08-17T18:48:05Z,
172.174.235.159,ipv4,malicious-ip,medium,WHITE,ziyadnz/hourly-ipv4,ziyadnz|hourly,2026-08-17T18:48:05Z,2026-08-17T18:48:05Z,
172.174.236.56,ipv4,malicious-ip,medium,WHITE,ziyadnz/hourly-ipv4,ziyadnz|hourly,2026-08-17T18:48:05Z,2026-08-17T18:48:05Z,
172.174.236.9,ipv4,malicious-ip,medium,WHITE,ziyadnz/hourly-ipv4,ziyadnz|hourly,2026-08-17T18:48:05Z,2026-08-17T18:48:05Z,
172.174.244.189,ipv4,malicious-ip,medium,WHITE,ziyadnz/hourly-ipv4,ziyadnz|hourly,2026-08-17T18:48:05Z,2026-08-17T18:48:05Z,
172.174.244.235,ipv4,malicious-ip,medium,WHITE,ziyadnz/hourly-ipv4,ziyadnz|hourly,2026-08-17T18:48:05Z,2026-08-17T18:48:05Z,
172.174.248.115,ipv4,malicious-ip,medium,WHITE,ziyadnz/hourly-ipv4,ziyadnz|hourly,2026-08-17T18:48:05Z,2026-08-17T18:48:05Z,
172.174.250.151,ipv4,malicious-ip,medium,WHITE,ziyadnz/hourly-ipv4,ziyadnz|hourly,2026-08-17T18:48:05Z,2026-08-17T18:48:05Z,
172.177.96.252,ipv4,malicious-ip,medium,WHITE,ziyadnz/hourly-ipv4,ziyadnz|hourly,2026-08-17T18:48:05Z,2026-08-17T18:48:05Z,
172.178.115.138,ipv4,malicious-ip,medium,WHITE,ziyadnz/hourly-ipv4,ziyadnz|hourly,2026-08-17T18:48:05Z,2026-08-17T18:48:05Z,
172.178.115.16,ipv4,malicious-ip,medium,WHITE,ziyadnz/hourly-ipv4,ziyadnz|hourly,2026-08-17T18:48:05Z,2026-08-17T18:48:05Z,
172.178.115.83,ipv4,malicious-ip,medium,WHITE,ziyadnz/hourly-ipv4,ziyadnz|hourly,2026-08-17T18:48:05Z,2026-08-17T18:48:05Z,
172.178.81.49,ipv4,malicious-ip,medium,WHITE,ziyadnz/hourly-ipv4,ziyadnz|hourly,2026-08-17T18:48:05Z,2026-08-17T18:48:05Z,
172.178.82.191,ipv4,malicious-ip,medium,WHITE,ziyadnz/hourly-ipv4,ziyadnz|hourly,2026-08-17T18:48:05Z,2026-08-17T18:48:05Z,
172.178.83.104,ipv4,malicious-ip,medium,WHITE,ziyadnz/hourly-ipv4,ziyadnz|hourly,2026-08-17T18:48:05Z,2026-08-17T18:48:05Z,
172.178.83.182,ipv4,malicious-ip,medium,WHITE,ziyadnz/hourly-ipv4,ziyadnz|hourly,2026-08-17T18:48:05Z,2026-08-17T18:48:05Z,
172.178.83.199,ipv4,malicious-ip,medium,WHITE,ziyadnz/hourly-ipv4,ziyadnz|hourly,2026-08-17T18:48:05Z,2026-08-17T18:48:05Z,
172.183.135.243,ipv4,malicious-ip,medium,WHITE,ziyadnz/hourly-ipv4,ziyadnz|hourly,2026-08-17T18:48:05Z,2026-08-17T18:48:05Z,
172.185.40.47,ipv4,malicious-ip,medium,WHITE,ziyadnz/hourly-ipv4,ziyadnz|hourly,2026-08-17T18:48:05Z,2026-08-17T18:48:05Z,
172.188.218.162,ipv4,malicious-ip,medium,WHITE,ziyadnz/hourly-ipv4,ziyadnz|hourly,2026-08-17T18:48:05Z,2026-08-17T18:48:05Z,
172.188.89.41,ipv4,malicious-ip,medium,WHITE,ziyadnz/hourly-ipv4,ziyadnz|hourly,2026-08-17T18:48:05Z,2026-08-17T18:48:05Z,
172.190.112.206,ipv4,malicious-ip,medium,WHITE,ziyadnz/hourly-ipv4,ziyadnz|hourly,2026-08-17T18:48:05Z,2026-08-17T18:48:05Z,
172.190.142.151,ipv4,malicious-ip,medium,WHITE,ziyadnz/hourly-ipv4,ziyadnz|hourly,2026-08-17T18:48:05Z,2026-08-17T18:48:05Z,
172.191.151.49,ipv4,malicious-ip,medium,WHITE,ziyadnz/hourly-ipv4,ziyadnz|hourly,2026-08-17T18:48:05Z,2026-08-17T18:48:05Z,
172.191.157.64,ipv4,malicious-ip,medium,WHITE,ziyadnz/hourly-ipv4,ziyadnz|hourly,2026-08-17T18:48:05Z,2026-08-17T18:48:05Z,
172.191.171.80,ipv4,malicious-ip,medium,WHITE,ziyadnz/hourly-ipv4,ziyadnz|hourly,2026-08-17T18:48:05Z,2026-08-17T18:48:05Z,
172.191.74.151,ipv4,malicious-ip,medium,WHITE,ziyadnz/hourly-ipv4,ziyadnz|hourly,2026-08-17T18:48:05Z,2026-08-17T18:48:05Z,
172.197.168.125,ipv4,malicious-ip,medium,WHITE,ziyadnz/hourly-ipv4,ziyadnz|hourly,2026-08-17T18:48:05Z,2026-08-17T18:48:05Z,
172.197.176.230,ipv4,malicious-ip,medium,WHITE,ziyadnz/hourly-ipv4,ziyadnz|hourly,2026-08-17T18:48:05Z,2026-08-17T18:48:05Z,
172.200.210.124,ipv4,malicious-ip,medium,WHITE,ziyadnz/hourly-ipv4,ziyadnz|hourly,2026-08-17T18:48:05Z,2026-08-17T18:48:05Z,
172.200.228.35,ipv4,malicious-ip,medium,WHITE,ziyadnz/hourly-ipv4,ziyadnz|hourly,2026-08-17T18:48:05Z,2026-08-17T18:48:05Z,
172.202.105.96,ipv4,malicious-ip,medium,WHITE,ziyadnz/hourly-ipv4,ziyadnz|hourly,2026-08-17T18:48:05Z,2026-08-17T18:48:05Z,
172.202.11.206,ipv4,malicious-ip,medium,WHITE,ziyadnz/hourly-ipv4,ziyadnz|hourly,2026-08-17T18:48:05Z,2026-08-17T18:48:05Z,
172.202.113.3,ipv4,malicious-ip,medium,WHITE,ziyadnz/hourly-ipv4,ziyadnz|hourly,2026-08-17T18:48:05Z,2026-08-17T18:48:05Z,
172.202.117.0,ipv4,malicious-ip,medium,WHITE,ziyadnz/hourly-ipv4,ziyadnz|hourly,2026-08-17T18:48:05Z,2026-08-17T18:48:05Z,
172.202.117.170,ipv4,malicious-ip,medium,WHITE,ziyadnz/hourly-ipv4,ziyadnz|hourly,2026-08-17T18:48:05Z,2026-08-17T18:48:05Z,
172.202.117.171,ipv4,malicious-ip,medium,WHITE,ziyadnz/hourly-ipv4,ziyadnz|hourly,2026-08-17T18:48:05Z,2026-08-17T18:48:05Z,
172.202.117.177,ipv4,malicious-ip,medium,WHITE,ziyadnz/hourly-ipv4,ziyadnz|hourly,2026-08-17T18:48:05Z,2026-08-17T18:48:05Z,
172.202.117.213,ipv4,malicious-ip,medium,WHITE,ziyadnz/hourly-ipv4,ziyadnz|hourly,2026-08-17T18:48:05Z,2026-08-17T18:48:05Z,
172.202.117.221,ipv4,malicious-ip,medium,WHITE,ziyadnz/hourly-ipv4,ziyadnz|hourly,2026-08-17T18:48:05Z,2026-08-17T18:48:05Z,
172.202.117.222,ipv4,malicious-ip,medium,WHITE,ziyadnz/hourly-ipv4,ziyadnz|hourly,2026-08-17T18:48:05Z,2026-08-17T18:48:05Z,
172.202.117.223,ipv4,malicious-ip,medium,WHITE,ziyadnz/hourly-ipv4,ziyadnz|hourly,2026-08-17T18:48:05Z,2026-08-17T18:48:05Z,
172.202.118.0,ipv4,malicious-ip,medium,WHITE,ziyadnz/hourly-ipv4,ziyadnz|hourly,2026-08-17T18:48:05Z,2026-08-17T18:48:05Z,
172.202.118.10,ipv4,malicious-ip,medium,WHITE,ziyadnz/hourly-ipv4,ziyadnz|hourly,2026-08-17T18:48:05Z,2026-08-17T18:48:05Z,
172.202.118.119,ipv4,malicious-ip,medium,WHITE,ziyadnz/hourly-ipv4,ziyadnz|hourly,2026-08-17T18:48:05Z,2026-08-17T18:48:05Z,
172.202.118.16,ipv4,malicious-ip,medium,WHITE,ziyadnz/hourly-ipv4,ziyadnz|hourly,2026-08-17T18:48:05Z,2026-08-17T18:48:05Z,
172.202.118.17,ipv4,malicious-ip,medium,WHITE,ziyadnz/hourly-ipv4,ziyadnz|hourly,2026-08-17T18:48:05Z,2026-08-17T18:48:05Z,
172.202.118.18,ipv4,malicious-ip,medium,WHITE,ziyadnz/hourly-ipv4,ziyadnz|hourly,2026-08-17T18:48:05Z,2026-08-17T18:48:05Z,
172.202.118.20,ipv4,malicious-ip,medium,WHITE,ziyadnz/hourly-ipv4,ziyadnz|hourly,2026-08-17T18:48:05Z,2026-08-17T18:48:05Z,
172.202.118.22,ipv4,malicious-ip,medium,WHITE,ziyadnz/hourly-ipv4,ziyadnz|hourly,2026-08-17T18:48:05Z,2026-08-17T18:48:05Z,
172.202.118.23,ipv4,malicious-ip,medium,WHITE,ziyadnz/hourly-ipv4,ziyadnz|hourly,2026-08-17T18:48:05Z,2026-08-17T18:48:05Z,
172.202.118.40,ipv4,malicious-ip,medium,WHITE,ziyadnz/hourly-ipv4,ziyadnz|hourly,2026-08-17T18:48:05Z,2026-08-17T18:48:05Z,
172.202.118.46,ipv4,malicious-ip,medium,WHITE,ziyadnz/hourly-ipv4,ziyadnz|hourly,2026-08-17T18:48:05Z,2026-08-17T18:48:05Z,
172.202.118.67,ipv4,malicious-ip,medium,WHITE,ziyadnz/hourly-ipv4,ziyadnz|hourly,2026-08-17T18:48:05Z,2026-08-17T18:48:05Z,
172.202.118.82,ipv4,malicious-ip,medium,WHITE,ziyadnz/hourly-ipv4,ziyadnz|hourly,2026-08-17T18:48:05Z,2026-08-17T18:48:05Z,
172.202.122.207,ipv4,malicious-ip,medium,WHITE,ziyadnz/hourly-ipv4,ziyadnz|hourly,2026-08-17T18:48:05Z,2026-08-17T18:48:05Z,
172.202.49.190,ipv4,malicious-ip,medium,WHITE,ziyadnz/hourly-ipv4,ziyadnz|hourly,2026-08-17T18:48:05Z,2026-08-17T18:48:05Z,
172.202.49.251,ipv4,malicious-ip,medium,WHITE,ziyadnz/hourly-ipv4,ziyadnz|hourly,2026-08-17T18:48:05Z,2026-08-17T18:48:05Z,
172.202.50.78,ipv4,malicious-ip,medium,WHITE,ziyadnz/hourly-ipv4,ziyadnz|hourly,2026-08-17T18:48:05Z,2026-08-17T18:48:05Z,
172.203.216.28,ipv4,malicious-ip,medium,WHITE,ziyadnz/hourly-ipv4,ziyadnz|hourly,2026-08-17T18:48:05Z,2026-08-17T18:48:05Z,
172.203.224.88,ipv4,malicious-ip,medium,WHITE,ziyadnz/hourly-ipv4,ziyadnz|hourly,2026-08-17T18:48:05Z,2026-08-17T18:48:05Z,
172.203.225.221,ipv4,malicious-ip,medium,WHITE,ziyadnz/hourly-ipv4,ziyadnz|hourly,2026-08-17T18:48:05Z,2026-08-17T18:48:05Z,
172.203.234.251,ipv4,malicious-ip,medium,WHITE,ziyadnz/hourly-ipv4,ziyadnz|hourly,2026-08-17T18:48:05Z,2026-08-17T18:48:05Z,
172.203.241.222,ipv4,malicious-ip,medium,WHITE,ziyadnz/hourly-ipv4,ziyadnz|hourly,2026-08-17T18:48:05Z,2026-08-17T18:48:05Z,
172.203.242.24,ipv4,malicious-ip,medium,WHITE,ziyadnz/hourly-ipv4,ziyadnz|hourly,2026-08-17T18:48:05Z,2026-08-17T18:48:05Z,
172.203.244.252,ipv4,malicious-ip,medium,WHITE,ziyadnz/hourly-ipv4,ziyadnz|hourly,2026-08-17T18:48:05Z,2026-08-17T18:48:05Z,
172.203.245.156,ipv4,malicious-ip,medium,WHITE,ziyadnz/hourly-ipv4,ziyadnz|hourly,2026-08-17T18:48:05Z,2026-08-17T18:48:05Z,
172.203.245.192,ipv4,malicious-ip,medium,WHITE,ziyadnz/hourly-ipv4,ziyadnz|hourly,2026-08-17T18:48:05Z,2026-08-17T18:48:05Z,
172.203.245.49,ipv4,malicious-ip,medium,WHITE,ziyadnz/hourly-ipv4,ziyadnz|hourly,2026-08-17T18:48:05Z,2026-08-17T18:48:05Z,
172.203.245.82,ipv4,malicious-ip,medium,WHITE,ziyadnz/hourly-ipv4,ziyadnz|hourly,2026-08-17T18:48:05Z,2026-08-17T18:48:05Z,
172.203.251.111,ipv4,malicious-ip,medium,WHITE,ziyadnz/hourly-ipv4,ziyadnz|hourly,2026-08-17T18:48:05Z,2026-08-17T18:48:05Z,
172.203.252.36,ipv4,malicious-ip,medium,WHITE,ziyadnz/hourly-ipv4,ziyadnz|hourly,2026-08-17T18:48:05Z,2026-08-17T18:48:05Z,
172.206.224.165,ipv4,malicious-ip,medium,WHITE,ziyadnz/hourly-ipv4,ziyadnz|hourly,2026-08-17T18:48:05Z,2026-08-17T18:48:05Z,
172.206.225.242,ipv4,malicious-ip,medium,WHITE,ziyadnz/hourly-ipv4,ziyadnz|hourly,2026-08-17T18:48:05Z,2026-08-17T18:48:05Z,
172.206.225.82,ipv4,malicious-ip,medium,WHITE,ziyadnz/hourly-ipv4,ziyadnz|hourly,2026-08-17T18:48:05Z,2026-08-17T18:48:05Z,
172.206.226.233,ipv4,malicious-ip,medium,WHITE,ziyadnz/hourly-ipv4,ziyadnz|hourly,2026-08-17T18:48:05Z,2026-08-17T18:48:05Z,
172.206.227.110,ipv4,malicious-ip,medium,WHITE,ziyadnz/hourly-ipv4,ziyadnz|hourly,2026-08-17T18:48:05Z,2026-08-17T18:48:05Z,
172.206.32.4,ipv4,malicious-ip,medium,WHITE,ziyadnz/hourly-ipv4,ziyadnz|hourly,2026-08-17T18:48:05Z,2026-08-17T18:48:05Z,
172.208.125.192,ipv4,malicious-ip,medium,WHITE,ziyadnz/hourly-ipv4,ziyadnz|hourly,2026-08-17T18:48:05Z,2026-08-17T18:48:05Z,
172.208.24.40,ipv4,malicious-ip,medium,WHITE,ziyadnz/hourly-ipv4,ziyadnz|hourly,2026-08-17T18:48:05Z,2026-08-17T18:48:05Z,
172.208.25.111,ipv4,malicious-ip,medium,WHITE,ziyadnz/hourly-ipv4,ziyadnz|hourly,2026-08-17T18:48:05Z,2026-08-17T18:48:05Z,
172.208.49.189,ipv4,malicious-ip,medium,WHITE,ziyadnz/hourly-ipv4,ziyadnz|hourly,2026-08-17T18:48:05Z,2026-08-17T18:48:05Z,
172.208.49.78,ipv4,malicious-ip,medium,WHITE,ziyadnz/hourly-ipv4,ziyadnz|hourly,2026-08-17T18:48:05Z,2026-08-17T18:48:05Z,
172.208.52.218,ipv4,malicious-ip,medium,WHITE,ziyadnz/hourly-ipv4,ziyadnz|hourly,2026-08-17T18:48:05Z,2026-08-17T18:48:05Z,
172.208.62.162,ipv4,malicious-ip,medium,WHITE,ziyadnz/hourly-ipv4,ziyadnz|hourly,2026-08-17T18:48:05Z,2026-08-17T18:48:05Z,
172.208.65.126,ipv4,malicious-ip,medium,WHITE,ziyadnz/hourly-ipv4,ziyadnz|hourly,2026-08-17T18:48:05Z,2026-08-17T18:48:05Z,
172.208.89.105,ipv4,malicious-ip,medium,WHITE,ziyadnz/hourly-ipv4,ziyadnz|hourly,2026-08-17T18:48:05Z,2026-08-17T18:48:05Z,
172.210.249.152,ipv4,malicious-ip,medium,WHITE,ziyadnz/hourly-ipv4,ziyadnz|hourly,2026-08-17T18:48:05Z,2026-08-17T18:48:05Z,
172.210.53.193,ipv4,malicious-ip,medium,WHITE,ziyadnz/hourly-ipv4,ziyadnz|hourly,2026-08-17T18:48:05Z,2026-08-17T18:48:05Z,
172.210.53.195,ipv4,malicious-ip,medium,WHITE,ziyadnz/hourly-ipv4,ziyadnz|hourly,2026-08-17T18:48:05Z,2026-08-17T18:48:05Z,
172.210.58.69,ipv4,malicious-ip,medium,WHITE,ziyadnz/hourly-ipv4,ziyadnz|hourly,2026-08-17T18:48:05Z,2026-08-17T18:48:05Z,
172.210.65.47,ipv4,malicious-ip,medium,WHITE,ziyadnz/hourly-ipv4,ziyadnz|hourly,2026-08-17T18:48:05Z,2026-08-17T18:48:05Z,
172.210.67.69,ipv4,malicious-ip,medium,WHITE,ziyadnz/hourly-ipv4,ziyadnz|hourly,2026-08-17T18:48:05Z,2026-08-17T18:48:05Z,
172.210.68.13,ipv4,malicious-ip,medium,WHITE,ziyadnz/hourly-ipv4,ziyadnz|hourly,2026-08-17T18:48:05Z,2026-08-17T18:48:05Z,
172.210.68.2,ipv4,malicious-ip,medium,WHITE,ziyadnz/hourly-ipv4,ziyadnz|hourly,2026-08-17T18:48:05Z,2026-08-17T18:48:05Z,
172.210.81.91,ipv4,malicious-ip,medium,WHITE,ziyadnz/hourly-ipv4,ziyadnz|hourly,2026-08-17T18:48:05Z,2026-08-17T18:48:05Z,
172.210.9.131,ipv4,malicious-ip,medium,WHITE,ziyadnz/hourly-ipv4,ziyadnz|hourly,2026-08-17T18:48:05Z,2026-08-17T18:48:05Z,
172.210.9.172,ipv4,malicious-ip,medium,WHITE,ziyadnz/hourly-ipv4,ziyadnz|hourly,2026-08-17T18:48:05Z,2026-08-17T18:48:05Z,
172.210.9.231,ipv4,malicious-ip,medium,WHITE,ziyadnz/hourly-ipv4,ziyadnz|hourly,2026-08-17T18:48:05Z,2026-08-17T18:48:05Z,
172.212.106.157,ipv4,malicious-ip,medium,WHITE,ziyadnz/hourly-ipv4,ziyadnz|hourly,2026-08-17T18:48:05Z,2026-08-17T18:48:05Z,
172.212.163.226,ipv4,malicious-ip,medium,WHITE,ziyadnz/hourly-ipv4,ziyadnz|hourly,2026-08-17T18:48:05Z,2026-08-17T18:48:05Z,
172.212.200.188,ipv4,malicious-ip,medium,WHITE,ziyadnz/hourly-ipv4,ziyadnz|hourly,2026-08-17T18:48:05Z,2026-08-17T18:48:05Z,
172.212.200.195,ipv4,malicious-ip,medium,WHITE,ziyadnz/hourly-ipv4,ziyadnz|hourly,2026-08-17T18:48:05Z,2026-08-17T18:48:05Z,
172.212.200.29,ipv4,malicious-ip,medium,WHITE,ziyadnz/hourly-ipv4,ziyadnz|hourly,2026-08-17T18:48:05Z,2026-08-17T18:48:05Z,
172.212.200.96,ipv4,malicious-ip,medium,WHITE,ziyadnz/hourly-ipv4,ziyadnz|hourly,2026-08-17T18:48:05Z,2026-08-17T18:48:05Z,
172.212.201.77,ipv4,malicious-ip,medium,WHITE,ziyadnz/hourly-ipv4,ziyadnz|hourly,2026-08-17T18:48:05Z,2026-08-17T18:48:05Z,
172.212.224.104,ipv4,malicious-ip,medium,WHITE,ziyadnz/hourly-ipv4,ziyadnz|hourly,2026-08-17T18:48:05Z,2026-08-17T18:48:05Z,
172.212.224.40,ipv4,malicious-ip,medium,WHITE,ziyadnz/hourly-ipv4,ziyadnz|hourly,2026-08-17T18:48:05Z,2026-08-17T18:48:05Z,
172.212.224.44,ipv4,malicious-ip,medium,WHITE,ziyadnz/hourly-ipv4,ziyadnz|hourly,2026-08-17T18:48:05Z,2026-08-17T18:48:05Z,
172.213.18.162,ipv4,malicious-ip,medium,WHITE,ziyadnz/hourly-ipv4,ziyadnz|hourly,2026-08-17T18:48:05Z,2026-08-17T18:48:05Z,
172.213.208.13,ipv4,malicious-ip,medium,WHITE,ziyadnz/hourly-ipv4,ziyadnz|hourly,2026-08-17T18:48:05Z,2026-08-17T18:48:05Z,
172.214.155.177,ipv4,malicious-ip,medium,WHITE,ziyadnz/hourly-ipv4,ziyadnz|hourly,2026-08-17T18:48:05Z,2026-08-17T18:48:05Z,
172.214.5.176,ipv4,malicious-ip,medium,WHITE,ziyadnz/hourly-ipv4,ziyadnz|hourly,2026-08-17T18:48:05Z,2026-08-17T18:48:05Z,
172.215.144.32,ipv4,malicious-ip,medium,WHITE,ziyadnz/hourly-ipv4,ziyadnz|hourly,2026-08-17T18:48:05Z,2026-08-17T18:48:05Z,
172.215.145.162,ipv4,malicious-ip,medium,WHITE,ziyadnz/hourly-ipv4,ziyadnz|hourly,2026-08-17T18:48:05Z,2026-08-17T18:48:05Z,
172.215.145.207,ipv4,malicious-ip,medium,WHITE,ziyadnz/hourly-ipv4,ziyadnz|hourly,2026-08-17T18:48:05Z,2026-08-17T18:48:05Z,
172.215.217.104,ipv4,malicious-ip,medium,WHITE,ziyadnz/hourly-ipv4,ziyadnz|hourly,2026-08-17T18:48:05Z,2026-08-17T18:48:05Z,
172.215.239.210,ipv4,malicious-ip,medium,WHITE,ziyadnz/hourly-ipv4,ziyadnz|hourly,2026-08-17T18:48:05Z,2026-08-17T18:48:05Z,
172.216.11.41,ipv4,malicious-ip,medium,WHITE,ziyadnz/hourly-ipv4,ziyadnz|hourly,2026-08-17T18:48:05Z,2026-08-17T18:48:05Z,
172.216.250.30,ipv4,malicious-ip,medium,WHITE,ziyadnz/hourly-ipv4,ziyadnz|hourly,2026-08-17T18:48:05Z,2026-08-17T18:48:05Z,
172.216.8.13,ipv4,malicious-ip,medium,WHITE,ziyadnz/hourly-ipv4,ziyadnz|hourly,2026-08-17T18:48:05Z,2026-08-17T18:48:05Z,
172.216.8.21,ipv4,malicious-ip,medium,WHITE,ziyadnz/hourly-ipv4,ziyadnz|hourly,2026-08-17T18:48:05Z,2026-08-17T18:48:05Z,
172.216.8.33,ipv4,malicious-ip,medium,WHITE,ziyadnz/hourly-ipv4,ziyadnz|hourly,2026-08-17T18:48:05Z,2026-08-17T18:48:05Z,
172.216.8.8,ipv4,malicious-ip,medium,WHITE,ziyadnz/hourly-ipv4,ziyadnz|hourly,2026-08-17T18:48:05Z,2026-08-17T18:48:05Z,
172.218.156.119,ipv4,malicious-ip,medium,WHITE,ziyadnz/hourly-ipv4,ziyadnz|hourly,2026-08-17T18:48:05Z,2026-08-17T18:48:05Z,
172.218.26.215,ipv4,malicious-ip,medium,WHITE,ziyadnz/hourly-ipv4,ziyadnz|hourly,2026-08-17T18:48:05Z,2026-08-17T18:48:05Z,
172.221.140.155,ipv4,malicious-ip,medium,WHITE,ziyadnz/hourly-ipv4,ziyadnz|hourly,2026-08-17T18:48:05Z,2026-08-17T18:48:05Z,
172.225.120.98,ipv4,malicious-ip,medium,WHITE,ziyadnz/hourly-ipv4,ziyadnz|hourly,2026-08-17T18:48:05Z,2026-08-17T18:48:05Z,
172.232.108.36,ipv4,malicious-ip,medium,WHITE,ziyadnz/hourly-ipv4,ziyadnz|hourly,2026-08-17T18:48:05Z,2026-08-17T18:48:05Z,
172.232.112.41,ipv4,malicious-ip,medium,WHITE,ziyadnz/hourly-ipv4,ziyadnz|hourly,2026-08-17T18:48:05Z,2026-08-17T18:48:05Z,
172.232.119.236,ipv4,malicious-ip,medium,WHITE,ziyadnz/hourly-ipv4,ziyadnz|hourly,2026-08-17T18:48:05Z,2026-08-17T18:48:05Z,
172.232.15.250,ipv4,malicious-ip,medium,WHITE,ziyadnz/hourly-ipv4,ziyadnz|hourly,2026-08-17T18:48:05Z,2026-08-17T18:48:05Z,
172.232.160.26,ipv4,malicious-ip,medium,WHITE,ziyadnz/hourly-ipv4,ziyadnz|hourly,2026-08-17T18:48:05Z,2026-08-17T18:48:05Z,
172.232.162.143,ipv4,malicious-ip,medium,WHITE,ziyadnz/hourly-ipv4,ziyadnz|hourly,2026-08-17T18:48:05Z,2026-08-17T18:48:05Z,
172.232.167.68,ipv4,malicious-ip,medium,WHITE,ziyadnz/hourly-ipv4,ziyadnz|hourly,2026-08-17T18:48:05Z,2026-08-17T18:48:05Z,
172.232.170.154,ipv4,malicious-ip,medium,WHITE,ziyadnz/hourly-ipv4,ziyadnz|hourly,2026-08-17T18:48:05Z,2026-08-17T18:48:05Z,
172.232.170.18,ipv4,malicious-ip,medium,WHITE,ziyadnz/hourly-ipv4,ziyadnz|hourly,2026-08-17T18:48:05Z,2026-08-17T18:48:05Z,
172.232.209.198,ipv4,malicious-ip,medium,WHITE,ziyadnz/hourly-ipv4,ziyadnz|hourly,2026-08-17T18:48:05Z,2026-08-17T18:48:05Z,
172.232.209.254,ipv4,malicious-ip,medium,WHITE,ziyadnz/hourly-ipv4,ziyadnz|hourly,2026-08-17T18:48:05Z,2026-08-17T18:48:05Z,
172.232.219.78,ipv4,malicious-ip,medium,WHITE,ziyadnz/hourly-ipv4,ziyadnz|hourly,2026-08-17T18:48:05Z,2026-08-17T18:48:05Z,
172.232.221.148,ipv4,malicious-ip,medium,WHITE,ziyadnz/hourly-ipv4,ziyadnz|hourly,2026-08-17T18:48:05Z,2026-08-17T18:48:05Z,
172.232.232.179,ipv4,malicious-ip,medium,WHITE,ziyadnz/hourly-ipv4,ziyadnz|hourly,2026-08-17T18:48:05Z,2026-08-17T18:48:05Z,
172.232.232.48,ipv4,malicious-ip,medium,WHITE,ziyadnz/hourly-ipv4,ziyadnz|hourly,2026-08-17T18:48:05Z,2026-08-17T18:48:05Z,
172.232.253.221,ipv4,malicious-ip,medium,WHITE,ziyadnz/hourly-ipv4,ziyadnz|hourly,2026-08-17T18:48:05Z,2026-08-17T18:48:05Z,
172.232.27.232,ipv4,malicious-ip,medium,WHITE,ziyadnz/hourly-ipv4,ziyadnz|hourly,2026-08-17T18:48:05Z,2026-08-17T18:48:05Z,
172.232.3.17,ipv4,malicious-ip,medium,WHITE,ziyadnz/hourly-ipv4,ziyadnz|hourly,2026-08-17T18:48:05Z,2026-08-17T18:48:05Z,
172.232.38.103,ipv4,malicious-ip,medium,WHITE,ziyadnz/hourly-ipv4,ziyadnz|hourly,2026-08-17T18:48:05Z,2026-08-17T18:48:05Z,
172.232.38.224,ipv4,malicious-ip,medium,WHITE,ziyadnz/hourly-ipv4,ziyadnz|hourly,2026-08-17T18:48:05Z,2026-08-17T18:48:05Z,
172.232.41.14,ipv4,malicious-ip,medium,WHITE,ziyadnz/hourly-ipv4,ziyadnz|hourly,2026-08-17T18:48:05Z,2026-08-17T18:48:05Z,
172.232.65.177,ipv4,malicious-ip,medium,WHITE,ziyadnz/hourly-ipv4,ziyadnz|hourly,2026-08-17T18:48:05Z,2026-08-17T18:48:05Z,
172.232.8.247,ipv4,malicious-ip,medium,WHITE,ziyadnz/hourly-ipv4,ziyadnz|hourly,2026-08-17T18:48:05Z,2026-08-17T18:48:05Z,
172.233.111.227,ipv4,malicious-ip,medium,WHITE,ziyadnz/hourly-ipv4,ziyadnz|hourly,2026-08-17T18:48:05Z,2026-08-17T18:48:05Z,
172.233.117.214,ipv4,malicious-ip,medium,WHITE,ziyadnz/hourly-ipv4,ziyadnz|hourly,2026-08-17T18:48:05Z,2026-08-17T18:48:05Z,
172.233.136.194,ipv4,malicious-ip,medium,WHITE,ziyadnz/hourly-ipv4,ziyadnz|hourly,2026-08-17T18:48:05Z,2026-08-17T18:48:05Z,
172.233.147.105,ipv4,malicious-ip,medium,WHITE,ziyadnz/hourly-ipv4,ziyadnz|hourly,2026-08-17T18:48:05Z,2026-08-17T18:48:05Z,
172.233.156.100,ipv4,malicious-ip,medium,WHITE,ziyadnz/hourly-ipv4,ziyadnz|hourly,2026-08-17T18:48:05Z,2026-08-17T18:48:05Z,
172.233.161.245,ipv4,malicious-ip,medium,WHITE,ziyadnz/hourly-ipv4,ziyadnz|hourly,2026-08-17T18:48:05Z,2026-08-17T18:48:05Z,
172.233.178.66,ipv4,malicious-ip,medium,WHITE,ziyadnz/hourly-ipv4,ziyadnz|hourly,2026-08-17T18:48:05Z,2026-08-17T18:48:05Z,
172.233.183.40,ipv4,malicious-ip,medium,WHITE,ziyadnz/hourly-ipv4,ziyadnz|hourly,2026-08-17T18:48:05Z,2026-08-17T18:48:05Z,
172.233.185.97,ipv4,malicious-ip,medium,WHITE,ziyadnz/hourly-ipv4,ziyadnz|hourly,2026-08-17T18:48:05Z,2026-08-17T18:48:05Z,
172.233.190.104,ipv4,malicious-ip,medium,WHITE,ziyadnz/hourly-ipv4,ziyadnz|hourly,2026-08-17T18:48:05Z,2026-08-17T18:48:05Z,
172.233.190.182,ipv4,malicious-ip,medium,WHITE,ziyadnz/hourly-ipv4,ziyadnz|hourly,2026-08-17T18:48:05Z,2026-08-17T18:48:05Z,
172.233.219.44,ipv4,malicious-ip,medium,WHITE,ziyadnz/hourly-ipv4,ziyadnz|hourly,2026-08-17T18:48:05Z,2026-08-17T18:48:05Z,
172.233.221.115,ipv4,malicious-ip,medium,WHITE,ziyadnz/hourly-ipv4,ziyadnz|hourly,2026-08-17T18:48:05Z,2026-08-17T18:48:05Z,
172.233.222.87,ipv4,malicious-ip,medium,WHITE,ziyadnz/hourly-ipv4,ziyadnz|hourly,2026-08-17T18:48:05Z,2026-08-17T18:48:05Z,
172.233.228.93,ipv4,malicious-ip,medium,WHITE,ziyadnz/hourly-ipv4,ziyadnz|hourly,2026-08-17T18:48:05Z,2026-08-17T18:48:05Z,
172.233.62.80,ipv4,malicious-ip,medium,WHITE,ziyadnz/hourly-ipv4,ziyadnz|hourly,2026-08-17T18:48:05Z,2026-08-17T18:48:05Z,
172.234.124.169,ipv4,malicious-ip,medium,WHITE,ziyadnz/hourly-ipv4,ziyadnz|hourly,2026-08-17T18:48:05Z,2026-08-17T18:48:05Z,
172.234.162.31,ipv4,malicious-ip,medium,WHITE,ziyadnz/hourly-ipv4,ziyadnz|hourly,2026-08-17T18:48:05Z,2026-08-17T18:48:05Z,
172.234.192.95,ipv4,malicious-ip,medium,WHITE,ziyadnz/hourly-ipv4,ziyadnz|hourly,2026-08-17T18:48:05Z,2026-08-17T18:48:05Z,
172.234.199.190,ipv4,malicious-ip,medium,WHITE,ziyadnz/hourly-ipv4,ziyadnz|hourly,2026-08-17T18:48:05Z,2026-08-17T18:48:05Z,
172.234.199.75,ipv4,malicious-ip,medium,WHITE,ziyadnz/hourly-ipv4,ziyadnz|hourly,2026-08-17T18:48:05Z,2026-08-17T18:48:05Z,
172.234.199.8,ipv4,malicious-ip,medium,WHITE,ziyadnz/hourly-ipv4,ziyadnz|hourly,2026-08-17T18:48:05Z,2026-08-17T18:48:05Z,
172.234.199.93,ipv4,malicious-ip,medium,WHITE,ziyadnz/hourly-ipv4,ziyadnz|hourly,2026-08-17T18:48:05Z,2026-08-17T18:48:05Z,
172.234.21.101,ipv4,malicious-ip,medium,WHITE,ziyadnz/hourly-ipv4,ziyadnz|hourly,2026-08-17T18:48:05Z,2026-08-17T18:48:05Z,
172.234.217.192,ipv4,malicious-ip,medium,WHITE,ziyadnz/hourly-ipv4,ziyadnz|hourly,2026-08-17T18:48:05Z,2026-08-17T18:48:05Z,
172.234.218.210,ipv4,malicious-ip,medium,WHITE,ziyadnz/hourly-ipv4,ziyadnz|hourly,2026-08-17T18:48:05Z,2026-08-17T18:48:05Z,
172.234.218.22,ipv4,malicious-ip,medium,WHITE,ziyadnz/hourly-ipv4,ziyadnz|hourly,2026-08-17T18:48:05Z,2026-08-17T18:48:05Z,
172.234.218.245,ipv4,malicious-ip,medium,WHITE,ziyadnz/hourly-ipv4,ziyadnz|hourly,2026-08-17T18:48:05Z,2026-08-17T18:48:05Z,
172.234.218.34,ipv4,malicious-ip,medium,WHITE,ziyadnz/hourly-ipv4,ziyadnz|hourly,2026-08-17T18:48:05Z,2026-08-17T18:48:05Z,
172.234.218.87,ipv4,malicious-ip,medium,WHITE,ziyadnz/hourly-ipv4,ziyadnz|hourly,2026-08-17T18:48:05Z,2026-08-17T18:48:05Z,
172.234.219.231,ipv4,malicious-ip,medium,WHITE,ziyadnz/hourly-ipv4,ziyadnz|hourly,2026-08-17T18:48:05Z,2026-08-17T18:48:05Z,
172.234.221.84,ipv4,malicious-ip,medium,WHITE,ziyadnz/hourly-ipv4,ziyadnz|hourly,2026-08-17T18:48:05Z,2026-08-17T18:48:05Z,
172.234.228.172,ipv4,malicious-ip,medium,WHITE,ziyadnz/hourly-ipv4,ziyadnz|hourly,2026-08-17T18:48:05Z,2026-08-17T18:48:05Z,
172.234.228.174,ipv4,malicious-ip,medium,WHITE,ziyadnz/hourly-ipv4,ziyadnz|hourly,2026-08-17T18:48:05Z,2026-08-17T18:48:05Z,
172.234.231.96,ipv4,malicious-ip,medium,WHITE,ziyadnz/hourly-ipv4,ziyadnz|hourly,2026-08-17T18:48:05Z,2026-08-17T18:48:05Z,
172.234.25.150,ipv4,malicious-ip,medium,WHITE,ziyadnz/hourly-ipv4,ziyadnz|hourly,2026-08-17T18:48:05Z,2026-08-17T18:48:05Z,
172.234.25.151,ipv4,malicious-ip,medium,WHITE,ziyadnz/hourly-ipv4,ziyadnz|hourly,2026-08-17T18:48:05Z,2026-08-17T18:48:05Z,
172.234.25.187,ipv4,malicious-ip,medium,WHITE,ziyadnz/hourly-ipv4,ziyadnz|hourly,2026-08-17T18:48:05Z,2026-08-17T18:48:05Z,
172.234.25.243,ipv4,malicious-ip,medium,WHITE,ziyadnz/hourly-ipv4,ziyadnz|hourly,2026-08-17T18:48:05Z,2026-08-17T18:48:05Z,
172.234.25.61,ipv4,malicious-ip,medium,WHITE,ziyadnz/hourly-ipv4,ziyadnz|hourly,2026-08-17T18:48:05Z,2026-08-17T18:48:05Z,
172.234.92.148,ipv4,malicious-ip,medium,WHITE,ziyadnz/hourly-ipv4,ziyadnz|hourly,2026-08-17T18:48:05Z,2026-08-17T18:48:05Z,
172.235.128.52,ipv4,malicious-ip,medium,WHITE,ziyadnz/hourly-ipv4,ziyadnz|hourly,2026-08-17T18:48:05Z,2026-08-17T18:48:05Z,
172.235.166.10,ipv4,malicious-ip,medium,WHITE,ziyadnz/hourly-ipv4,ziyadnz|hourly,2026-08-17T18:48:05Z,2026-08-17T18:48:05Z,
172.235.166.240,ipv4,malicious-ip,medium,WHITE,ziyadnz/hourly-ipv4,ziyadnz|hourly,2026-08-17T18:48:05Z,2026-08-17T18:48:05Z,
172.235.168.35,ipv4,malicious-ip,medium,WHITE,ziyadnz/hourly-ipv4,ziyadnz|hourly,2026-08-17T18:48:05Z,2026-08-17T18:48:05Z,
172.235.173.150,ipv4,malicious-ip,medium,WHITE,ziyadnz/hourly-ipv4,ziyadnz|hourly,2026-08-17T18:48:05Z,2026-08-17T18:48:05Z,
172.235.235.248,ipv4,malicious-ip,medium,WHITE,ziyadnz/hourly-ipv4,ziyadnz|hourly,2026-08-17T18:48:05Z,2026-08-17T18:48:05Z,
172.235.26.56,ipv4,malicious-ip,medium,WHITE,ziyadnz/hourly-ipv4,ziyadnz|hourly,2026-08-17T18:48:05Z,2026-08-17T18:48:05Z,
172.235.41.110,ipv4,malicious-ip,medium,WHITE,ziyadnz/hourly-ipv4,ziyadnz|hourly,2026-08-17T18:48:05Z,2026-08-17T18:48:05Z,
172.235.41.203,ipv4,malicious-ip,medium,WHITE,ziyadnz/hourly-ipv4,ziyadnz|hourly,2026-08-17T18:48:05Z,2026-08-17T18:48:05Z,
172.235.41.245,ipv4,malicious-ip,medium,WHITE,ziyadnz/hourly-ipv4,ziyadnz|hourly,2026-08-17T18:48:05Z,2026-08-17T18:48:05Z,
172.235.41.44,ipv4,malicious-ip,medium,WHITE,ziyadnz/hourly-ipv4,ziyadnz|hourly,2026-08-17T18:48:05Z,2026-08-17T18:48:05Z,
172.236.101.249,ipv4,malicious-ip,medium,WHITE,ziyadnz/hourly-ipv4,ziyadnz|hourly,2026-08-17T18:48:05Z,2026-08-17T18:48:05Z,
172.236.111.128,ipv4,malicious-ip,medium,WHITE,ziyadnz/hourly-ipv4,ziyadnz|hourly,2026-08-17T18:48:05Z,2026-08-17T18:48:05Z,
172.236.111.98,ipv4,malicious-ip,medium,WHITE,ziyadnz/hourly-ipv4,ziyadnz|hourly,2026-08-17T18:48:05Z,2026-08-17T18:48:05Z,
172.236.117.243,ipv4,malicious-ip,medium,WHITE,ziyadnz/hourly-ipv4,ziyadnz|hourly,2026-08-17T18:48:05Z,2026-08-17T18:48:05Z,
172.236.119.165,ipv4,malicious-ip,medium,WHITE,ziyadnz/hourly-ipv4,ziyadnz|hourly,2026-08-17T18:48:05Z,2026-08-17T18:48:05Z,
172.236.123.208,ipv4,malicious-ip,medium,WHITE,ziyadnz/hourly-ipv4,ziyadnz|hourly,2026-08-17T18:48:05Z,2026-08-17T18:48:05Z,
172.236.126.127,ipv4,malicious-ip,medium,WHITE,ziyadnz/hourly-ipv4,ziyadnz|hourly,2026-08-17T18:48:05Z,2026-08-17T18:48:05Z,
172.236.126.175,ipv4,malicious-ip,medium,WHITE,ziyadnz/hourly-ipv4,ziyadnz|hourly,2026-08-17T18:48:05Z,2026-08-17T18:48:05Z,
172.236.127.133,ipv4,malicious-ip,medium,WHITE,ziyadnz/hourly-ipv4,ziyadnz|hourly,2026-08-17T18:48:05Z,2026-08-17T18:48:05Z,
172.236.135.106,ipv4,malicious-ip,medium,WHITE,ziyadnz/hourly-ipv4,ziyadnz|hourly,2026-08-17T18:48:05Z,2026-08-17T18:48:05Z,
172.236.141.130,ipv4,malicious-ip,medium,WHITE,ziyadnz/hourly-ipv4,ziyadnz|hourly,2026-08-17T18:48:05Z,2026-08-17T18:48:05Z,
172.236.185.58,ipv4,malicious-ip,medium,WHITE,ziyadnz/hourly-ipv4,ziyadnz|hourly,2026-08-17T18:48:05Z,2026-08-17T18:48:05Z,
172.236.228.0,ipv4,malicious-ip,medium,WHITE,ziyadnz/hourly-ipv4,ziyadnz|hourly,2026-08-17T18:48:05Z,2026-08-17T18:48:05Z,
172.236.228.111,ipv4,malicious-ip,medium,WHITE,ziyadnz/hourly-ipv4,ziyadnz|hourly,2026-08-17T18:48:05Z,2026-08-17T18:48:05Z,
172.236.228.193,ipv4,malicious-ip,medium,WHITE,ziyadnz/hourly-ipv4,ziyadnz|hourly,2026-08-17T18:48:05Z,2026-08-17T18:48:05Z,
172.236.228.197,ipv4,malicious-ip,medium,WHITE,ziyadnz/hourly-ipv4,ziyadnz|hourly,2026-08-17T18:48:05Z,2026-08-17T18:48:05Z,
172.236.228.218,ipv4,malicious-ip,medium,WHITE,ziyadnz/hourly-ipv4,ziyadnz|hourly,2026-08-17T18:48:05Z,2026-08-17T18:48:05Z,
172.236.228.220,ipv4,malicious-ip,medium,WHITE,ziyadnz/hourly-ipv4,ziyadnz|hourly,2026-08-17T18:48:05Z,2026-08-17T18:48:05Z,
172.236.228.227,ipv4,malicious-ip,medium,WHITE,ziyadnz/hourly-ipv4,ziyadnz|hourly,2026-08-17T18:48:05Z,2026-08-17T18:48:05Z,
172.236.228.245,ipv4,malicious-ip,medium,WHITE,ziyadnz/hourly-ipv4,ziyadnz|hourly,2026-08-17T18:48:05Z,2026-08-17T18:48:05Z,
172.236.228.38,ipv4,malicious-ip,medium,WHITE,ziyadnz/hourly-ipv4,ziyadnz|hourly,2026-08-17T18:48:05Z,2026-08-17T18:48:05Z,
172.236.228.39,ipv4,malicious-ip,medium,WHITE,ziyadnz/hourly-ipv4,ziyadnz|hourly,2026-08-17T18:48:05Z,2026-08-17T18:48:05Z,
172.236.228.86,ipv4,malicious-ip,medium,WHITE,ziyadnz/hourly-ipv4,ziyadnz|hourly,2026-08-17T18:48:05Z,2026-08-17T18:48:05Z,
172.236.233.217,ipv4,malicious-ip,medium,WHITE,ziyadnz/hourly-ipv4,ziyadnz|hourly,2026-08-17T18:48:05Z,2026-08-17T18:48:05Z,
172.236.233.65,ipv4,malicious-ip,medium,WHITE,ziyadnz/hourly-ipv4,ziyadnz|hourly,2026-08-17T18:48:05Z,2026-08-17T18:48:05Z,
172.236.239.55,ipv4,malicious-ip,medium,WHITE,ziyadnz/hourly-ipv4,ziyadnz|hourly,2026-08-17T18:48:05Z,2026-08-17T18:48:05Z,
172.236.254.181,ipv4,malicious-ip,medium,WHITE,ziyadnz/hourly-ipv4,ziyadnz|hourly,2026-08-17T18:48:05Z,2026-08-17T18:48:05Z,
172.236.31.242,ipv4,malicious-ip,medium,WHITE,ziyadnz/hourly-ipv4,ziyadnz|hourly,2026-08-17T18:48:05Z,2026-08-17T18:48:05Z,
172.236.96.130,ipv4,malicious-ip,medium,WHITE,ziyadnz/hourly-ipv4,ziyadnz|hourly,2026-08-17T18:48:05Z,2026-08-17T18:48:05Z,
172.237.136.213,ipv4,malicious-ip,medium,WHITE,ziyadnz/hourly-ipv4,ziyadnz|hourly,2026-08-17T18:48:05Z,2026-08-17T18:48:05Z,
172.237.136.85,ipv4,malicious-ip,medium,WHITE,ziyadnz/hourly-ipv4,ziyadnz|hourly,2026-08-17T18:48:05Z,2026-08-17T18:48:05Z,
172.237.150.127,ipv4,malicious-ip,medium,WHITE,ziyadnz/hourly-ipv4,ziyadnz|hourly,2026-08-17T18:48:05Z,2026-08-17T18:48:05Z,
172.237.150.22,ipv4,malicious-ip,medium,WHITE,ziyadnz/hourly-ipv4,ziyadnz|hourly,2026-08-17T18:48:05Z,2026-08-17T18:48:05Z,
172.237.155.240,ipv4,malicious-ip,medium,WHITE,ziyadnz/hourly-ipv4,ziyadnz|hourly,2026-08-17T18:48:05Z,2026-08-17T18:48:05Z,
172.237.155.29,ipv4,malicious-ip,medium,WHITE,ziyadnz/hourly-ipv4,ziyadnz|hourly,2026-08-17T18:48:05Z,2026-08-17T18:48:05Z,
172.237.156.201,ipv4,malicious-ip,medium,WHITE,ziyadnz/hourly-ipv4,ziyadnz|hourly,2026-08-17T18:48:05Z,2026-08-17T18:48:05Z,
172.237.156.206,ipv4,malicious-ip,medium,WHITE,ziyadnz/hourly-ipv4,ziyadnz|hourly,2026-08-17T18:48:05Z,2026-08-17T18:48:05Z,
172.237.27.147,ipv4,malicious-ip,medium,WHITE,ziyadnz/hourly-ipv4,ziyadnz|hourly,2026-08-17T18:48:05Z,2026-08-17T18:48:05Z,
172.237.54.196,ipv4,malicious-ip,medium,WHITE,ziyadnz/hourly-ipv4,ziyadnz|hourly,2026-08-17T18:48:05Z,2026-08-17T18:48:05Z,
172.237.55.180,ipv4,malicious-ip,medium,WHITE,ziyadnz/hourly-ipv4,ziyadnz|hourly,2026-08-17T18:48:05Z,2026-08-17T18:48:05Z,
172.237.6.207,ipv4,malicious-ip,medium,WHITE,ziyadnz/hourly-ipv4,ziyadnz|hourly,2026-08-17T18:48:05Z,2026-08-17T18:48:05Z,
172.238.160.104,ipv4,malicious-ip,medium,WHITE,ziyadnz/hourly-ipv4,ziyadnz|hourly,2026-08-17T18:48:05Z,2026-08-17T18:48:05Z,
172.238.171.10,ipv4,malicious-ip,medium,WHITE,ziyadnz/hourly-ipv4,ziyadnz|hourly,2026-08-17T18:48:05Z,2026-08-17T18:48:05Z,
172.238.182.104,ipv4,malicious-ip,medium,WHITE,ziyadnz/hourly-ipv4,ziyadnz|hourly,2026-08-17T18:48:05Z,2026-08-17T18:48:05Z,
172.238.188.122,ipv4,malicious-ip,medium,WHITE,ziyadnz/hourly-ipv4,ziyadnz|hourly,2026-08-17T18:48:05Z,2026-08-17T18:48:05Z,
172.238.31.175,ipv4,malicious-ip,medium,WHITE,ziyadnz/hourly-ipv4,ziyadnz|hourly,2026-08-17T18:48:05Z,2026-08-17T18:48:05Z,
172.238.6.228,ipv4,malicious-ip,medium,WHITE,ziyadnz/hourly-ipv4,ziyadnz|hourly,2026-08-17T18:48:05Z,2026-08-17T18:48:05Z,
172.239.103.227,ipv4,malicious-ip,medium,WHITE,ziyadnz/hourly-ipv4,ziyadnz|hourly,2026-08-17T18:48:05Z,2026-08-17T18:48:05Z,
172.239.18.161,ipv4,malicious-ip,medium,WHITE,ziyadnz/hourly-ipv4,ziyadnz|hourly,2026-08-17T18:48:05Z,2026-08-17T18:48:05Z,
172.239.51.96,ipv4,malicious-ip,medium,WHITE,ziyadnz/hourly-ipv4,ziyadnz|hourly,2026-08-17T18:48:05Z,2026-08-17T18:48:05Z,
172.239.62.109,ipv4,malicious-ip,medium,WHITE,ziyadnz/hourly-ipv4,ziyadnz|hourly,2026-08-17T18:48:05Z,2026-08-17T18:48:05Z,
172.239.64.155,ipv4,malicious-ip,medium,WHITE,ziyadnz/hourly-ipv4,ziyadnz|hourly,2026-08-17T18:48:05Z,2026-08-17T18:48:05Z,
172.239.64.84,ipv4,malicious-ip,medium,WHITE,ziyadnz/hourly-ipv4,ziyadnz|hourly,2026-08-17T18:48:05Z,2026-08-17T18:48:05Z,
172.239.64.86,ipv4,malicious-ip,medium,WHITE,ziyadnz/hourly-ipv4,ziyadnz|hourly,2026-08-17T18:48:05Z,2026-08-17T18:48:05Z,
172.239.71.239,ipv4,malicious-ip,medium,WHITE,ziyadnz/hourly-ipv4,ziyadnz|hourly,2026-08-17T18:48:05Z,2026-08-17T18:48:05Z,
172.239.71.244,ipv4,malicious-ip,medium,WHITE,ziyadnz/hourly-ipv4,ziyadnz|hourly,2026-08-17T18:48:05Z,2026-08-17T18:48:05Z,
172.239.71.245,ipv4,malicious-ip,medium,WHITE,ziyadnz/hourly-ipv4,ziyadnz|hourly,2026-08-17T18:48:05Z,2026-08-17T18:48:05Z,
172.245.102.63,ipv4,malicious-ip,medium,WHITE,ziyadnz/hourly-ipv4,ziyadnz|hourly,2026-08-17T18:48:05Z,2026-08-17T18:48:05Z,
172.245.102.64,ipv4,malicious-ip,medium,WHITE,ziyadnz/hourly-ipv4,ziyadnz|hourly,2026-08-17T18:48:05Z,2026-08-17T18:48:05Z,
172.245.106.112,ipv4,malicious-ip,medium,WHITE,ziyadnz/hourly-ipv4,ziyadnz|hourly,2026-08-17T18:48:05Z,2026-08-17T18:48:05Z,
172.245.11.20,ipv4,malicious-ip,medium,WHITE,ziyadnz/hourly-ipv4,ziyadnz|hourly,2026-08-17T18:48:05Z,2026-08-17T18:48:05Z,
172.245.11.238,ipv4,malicious-ip,medium,WHITE,ziyadnz/hourly-ipv4,ziyadnz|hourly,2026-08-17T18:48:05Z,2026-08-17T18:48:05Z,
172.245.112.202,ipv4,malicious-ip,medium,WHITE,ziyadnz/hourly-ipv4,ziyadnz|hourly,2026-08-17T18:48:05Z,2026-08-17T18:48:05Z,
172.245.112.205,ipv4,malicious-ip,medium,WHITE,ziyadnz/hourly-ipv4,ziyadnz|hourly,2026-08-17T18:48:05Z,2026-08-17T18:48:05Z,
172.245.118.81,ipv4,malicious-ip,medium,WHITE,ziyadnz/hourly-ipv4,ziyadnz|hourly,2026-08-17T18:48:05Z,2026-08-17T18:48:05Z,
172.245.120.8,ipv4,malicious-ip,medium,WHITE,ziyadnz/hourly-ipv4,ziyadnz|hourly,2026-08-17T18:48:05Z,2026-08-17T18:48:05Z,
172.245.123.11,ipv4,malicious-ip,medium,WHITE,ziyadnz/hourly-ipv4,ziyadnz|hourly,2026-08-17T18:48:05Z,2026-08-17T18:48:05Z,
172.245.128.35,ipv4,malicious-ip,medium,WHITE,ziyadnz/hourly-ipv4,ziyadnz|hourly,2026-08-17T18:48:05Z,2026-08-17T18:48:05Z,
172.245.16.101,ipv4,malicious-ip,medium,WHITE,ziyadnz/hourly-ipv4,ziyadnz|hourly,2026-08-17T18:48:05Z,2026-08-17T18:48:05Z,
172.245.16.125,ipv4,malicious-ip,medium,WHITE,ziyadnz/hourly-ipv4,ziyadnz|hourly,2026-08-17T18:48:05Z,2026-08-17T18:48:05Z,
172.245.16.13,ipv4,malicious-ip,medium,WHITE,ziyadnz/hourly-ipv4,ziyadnz|hourly,2026-08-17T18:48:05Z,2026-08-17T18:48:05Z,
172.245.178.122,ipv4,malicious-ip,medium,WHITE,ziyadnz/hourly-ipv4,ziyadnz|hourly,2026-08-17T18:48:05Z,2026-08-17T18:48:05Z,
172.245.18.243,ipv4,malicious-ip,medium,WHITE,ziyadnz/hourly-ipv4,ziyadnz|hourly,2026-08-17T18:48:05Z,2026-08-17T18:48:05Z,
172.245.197.64,ipv4,malicious-ip,medium,WHITE,ziyadnz/hourly-ipv4,ziyadnz|hourly,2026-08-17T18:48:05Z,2026-08-17T18:48:05Z,
172.245.213.201,ipv4,malicious-ip,medium,WHITE,ziyadnz/hourly-ipv4,ziyadnz|hourly,2026-08-17T18:48:05Z,2026-08-17T18:48:05Z,
172.245.225.106,ipv4,malicious-ip,medium,WHITE,ziyadnz/hourly-ipv4,ziyadnz|hourly,2026-08-17T18:48:05Z,2026-08-17T18:48:05Z,
172.245.23.133,ipv4,malicious-ip,medium,WHITE,ziyadnz/hourly-ipv4,ziyadnz|hourly,2026-08-17T18:48:05Z,2026-08-17T18:48:05Z,
172.245.23.152,ipv4,malicious-ip,medium,WHITE,ziyadnz/hourly-ipv4,ziyadnz|hourly,2026-08-17T18:48:05Z,2026-08-17T18:48:05Z,
172.245.23.165,ipv4,malicious-ip,medium,WHITE,ziyadnz/hourly-ipv4,ziyadnz|hourly,2026-08-17T18:48:05Z,2026-08-17T18:48:05Z,
172.245.244.113,ipv4,malicious-ip,medium,WHITE,ziyadnz/hourly-ipv4,ziyadnz|hourly,2026-08-17T18:48:05Z,2026-08-17T18:48:05Z,
172.245.25.166,ipv4,malicious-ip,medium,WHITE,ziyadnz/hourly-ipv4,ziyadnz|hourly,2026-08-17T18:48:05Z,2026-08-17T18:48:05Z,
172.245.25.181,ipv4,malicious-ip,medium,WHITE,ziyadnz/hourly-ipv4,ziyadnz|hourly,2026-08-17T18:48:05Z,2026-08-17T18:48:05Z,
172.245.252.130,ipv4,malicious-ip,medium,WHITE,ziyadnz/hourly-ipv4,ziyadnz|hourly,2026-08-17T18:48:05Z,2026-08-17T18:48:05Z,
172.245.33.174,ipv4,malicious-ip,medium,WHITE,ziyadnz/hourly-ipv4,ziyadnz|hourly,2026-08-17T18:48:05Z,2026-08-17T18:48:05Z,
172.245.4.27,ipv4,malicious-ip,medium,WHITE,ziyadnz/hourly-ipv4,ziyadnz|hourly,2026-08-17T18:48:05Z,2026-08-17T18:48:05Z,
172.245.43.228,ipv4,malicious-ip,medium,WHITE,ziyadnz/hourly-ipv4,ziyadnz|hourly,2026-08-17T18:48:05Z,2026-08-17T18:48:05Z,
172.245.5.123,ipv4,malicious-ip,medium,WHITE,ziyadnz/hourly-ipv4,ziyadnz|hourly,2026-08-17T18:48:05Z,2026-08-17T18:48:05Z,
172.245.52.169,ipv4,malicious-ip,medium,WHITE,ziyadnz/hourly-ipv4,ziyadnz|hourly,2026-08-17T18:48:05Z,2026-08-17T18:48:05Z,
172.245.68.110,ipv4,malicious-ip,medium,WHITE,ziyadnz/hourly-ipv4,ziyadnz|hourly,2026-08-17T18:48:05Z,2026-08-17T18:48:05Z,
172.245.79.16,ipv4,malicious-ip,medium,WHITE,ziyadnz/hourly-ipv4,ziyadnz|hourly,2026-08-17T18:48:05Z,2026-08-17T18:48:05Z,
172.245.91.4,ipv4,malicious-ip,medium,WHITE,ziyadnz/hourly-ipv4,ziyadnz|hourly,2026-08-17T18:48:05Z,2026-08-17T18:48:05Z,
172.245.95.146,ipv4,malicious-ip,medium,WHITE,ziyadnz/hourly-ipv4,ziyadnz|hourly,2026-08-17T18:48:05Z,2026-08-17T18:48:05Z,
172.247.127.210,ipv4,malicious-ip,medium,WHITE,ziyadnz/hourly-ipv4,ziyadnz|hourly,2026-08-17T18:48:05Z,2026-08-17T18:48:05Z,
172.247.168.153,ipv4,malicious-ip,medium,WHITE,ziyadnz/hourly-ipv4,ziyadnz|hourly,2026-08-17T18:48:05Z,2026-08-17T18:48:05Z,
172.247.32.222,ipv4,malicious-ip,medium,WHITE,ziyadnz/hourly-ipv4,ziyadnz|hourly,2026-08-17T18:48:05Z,2026-08-17T18:48:05Z,
172.247.38.252,ipv4,malicious-ip,medium,WHITE,ziyadnz/hourly-ipv4,ziyadnz|hourly,2026-08-17T18:48:05Z,2026-08-17T18:48:05Z,
172.247.7.34,ipv4,malicious-ip,medium,WHITE,ziyadnz/hourly-ipv4,ziyadnz|hourly,2026-08-17T18:48:05Z,2026-08-17T18:48:05Z,
172.251.64.20,ipv4,malicious-ip,medium,WHITE,ziyadnz/hourly-ipv4,ziyadnz|hourly,2026-08-17T18:48:05Z,2026-08-17T18:48:05Z,
172.252.120.0,ipv4,malicious-ip,medium,WHITE,ziyadnz/hourly-ipv4,ziyadnz|hourly,2026-08-17T18:48:05Z,2026-08-17T18:48:05Z,
172.252.120.112,ipv4,malicious-ip,medium,WHITE,ziyadnz/hourly-ipv4,ziyadnz|hourly,2026-08-17T18:48:05Z,2026-08-17T18:48:05Z,
172.252.120.115,ipv4,malicious-ip,medium,WHITE,ziyadnz/hourly-ipv4,ziyadnz|hourly,2026-08-17T18:48:05Z,2026-08-17T18:48:05Z,
172.252.120.144,ipv4,malicious-ip,medium,WHITE,ziyadnz/hourly-ipv4,ziyadnz|hourly,2026-08-17T18:48:05Z,2026-08-17T18:48:05Z,
172.252.120.147,ipv4,malicious-ip,medium,WHITE,ziyadnz/hourly-ipv4,ziyadnz|hourly,2026-08-17T18:48:05Z,2026-08-17T18:48:05Z,
172.252.120.151,ipv4,malicious-ip,medium,WHITE,ziyadnz/hourly-ipv4,ziyadnz|hourly,2026-08-17T18:48:05Z,2026-08-17T18:48:05Z,
172.252.120.199,ipv4,malicious-ip,medium,WHITE,ziyadnz/hourly-ipv4,ziyadnz|hourly,2026-08-17T18:48:05Z,2026-08-17T18:48:05Z,
172.252.120.2,ipv4,malicious-ip,medium,WHITE,ziyadnz/hourly-ipv4,ziyadnz|hourly,2026-08-17T18:48:05Z,2026-08-17T18:48:05Z,
172.252.120.200,ipv4,malicious-ip,medium,WHITE,ziyadnz/hourly-ipv4,ziyadnz|hourly,2026-08-17T18:48:05Z,2026-08-17T18:48:05Z,
172.252.120.202,ipv4,malicious-ip,medium,WHITE,ziyadnz/hourly-ipv4,ziyadnz|hourly,2026-08-17T18:48:05Z,2026-08-17T18:48:05Z,
172.252.120.205,ipv4,malicious-ip,medium,WHITE,ziyadnz/hourly-ipv4,ziyadnz|hourly,2026-08-17T18:48:05Z,2026-08-17T18:48:05Z,
172.252.120.228,ipv4,malicious-ip,medium,WHITE,ziyadnz/hourly-ipv4,ziyadnz|hourly,2026-08-17T18:48:05Z,2026-08-17T18:48:05Z,
172.252.120.235,ipv4,malicious-ip,medium,WHITE,ziyadnz/hourly-ipv4,ziyadnz|hourly,2026-08-17T18:48:05Z,2026-08-17T18:48:05Z,
172.252.120.237,ipv4,malicious-ip,medium,WHITE,ziyadnz/hourly-ipv4,ziyadnz|hourly,2026-08-17T18:48:05Z,2026-08-17T18:48:05Z,
172.252.120.242,ipv4,malicious-ip,medium,WHITE,ziyadnz/hourly-ipv4,ziyadnz|hourly,2026-08-17T18:48:05Z,2026-08-17T18:48:05Z,
172.252.120.27,ipv4,malicious-ip,medium,WHITE,ziyadnz/hourly-ipv4,ziyadnz|hourly,2026-08-17T18:48:05Z,2026-08-17T18:48:05Z,
172.252.120.35,ipv4,malicious-ip,medium,WHITE,ziyadnz/hourly-ipv4,ziyadnz|hourly,2026-08-17T18:48:05Z,2026-08-17T18:48:05Z,
172.252.120.72,ipv4,malicious-ip,medium,WHITE,ziyadnz/hourly-ipv4,ziyadnz|hourly,2026-08-17T18:48:05Z,2026-08-17T18:48:05Z,
172.252.120.78,ipv4,malicious-ip,medium,WHITE,ziyadnz/hourly-ipv4,ziyadnz|hourly,2026-08-17T18:48:05Z,2026-08-17T18:48:05Z,
172.252.120.90,ipv4,malicious-ip,medium,WHITE,ziyadnz/hourly-ipv4,ziyadnz|hourly,2026-08-17T18:48:05Z,2026-08-17T18:48:05Z,
172.252.120.92,ipv4,malicious-ip,medium,WHITE,ziyadnz/hourly-ipv4,ziyadnz|hourly,2026-08-17T18:48:05Z,2026-08-17T18:48:05Z,
172.252.129.0,ipv4,malicious-ip,medium,WHITE,ziyadnz/hourly-ipv4,ziyadnz|hourly,2026-08-17T18:48:05Z,2026-08-17T18:48:05Z,
172.252.129.10,ipv4,malicious-ip,medium,WHITE,ziyadnz/hourly-ipv4,ziyadnz|hourly,2026-08-17T18:48:05Z,2026-08-17T18:48:05Z,
172.252.129.115,ipv4,malicious-ip,medium,WHITE,ziyadnz/hourly-ipv4,ziyadnz|hourly,2026-08-17T18:48:05Z,2026-08-17T18:48:05Z,
172.252.129.121,ipv4,malicious-ip,medium,WHITE,ziyadnz/hourly-ipv4,ziyadnz|hourly,2026-08-17T18:48:05Z,2026-08-17T18:48:05Z,
172.252.129.131,ipv4,malicious-ip,medium,WHITE,ziyadnz/hourly-ipv4,ziyadnz|hourly,2026-08-17T18:48:05Z,2026-08-17T18:48:05Z,
172.252.129.132,ipv4,malicious-ip,medium,WHITE,ziyadnz/hourly-ipv4,ziyadnz|hourly,2026-08-17T18:48:05Z,2026-08-17T18:48:05Z,
172.252.129.140,ipv4,malicious-ip,medium,WHITE,ziyadnz/hourly-ipv4,ziyadnz|hourly,2026-08-17T18:48:05Z,2026-08-17T18:48:05Z,
172.252.129.163,ipv4,malicious-ip,medium,WHITE,ziyadnz/hourly-ipv4,ziyadnz|hourly,2026-08-17T18:48:05Z,2026-08-17T18:48:05Z,
172.252.129.173,ipv4,malicious-ip,medium,WHITE,ziyadnz/hourly-ipv4,ziyadnz|hourly,2026-08-17T18:48:05Z,2026-08-17T18:48:05Z,
172.252.129.19,ipv4,malicious-ip,medium,WHITE,ziyadnz/hourly-ipv4,ziyadnz|hourly,2026-08-17T18:48:05Z,2026-08-17T18:48:05Z,
172.252.129.212,ipv4,malicious-ip,medium,WHITE,ziyadnz/hourly-ipv4,ziyadnz|hourly,2026-08-17T18:48:05Z,2026-08-17T18:48:05Z,
172.252.129.218,ipv4,malicious-ip,medium,WHITE,ziyadnz/hourly-ipv4,ziyadnz|hourly,2026-08-17T18:48:05Z,2026-08-17T18:48:05Z,
172.252.129.233,ipv4,malicious-ip,medium,WHITE,ziyadnz/hourly-ipv4,ziyadnz|hourly,2026-08-17T18:48:05Z,2026-08-17T18:48:05Z,
172.252.129.240,ipv4,malicious-ip,medium,WHITE,ziyadnz/hourly-ipv4,ziyadnz|hourly,2026-08-17T18:48:05Z,2026-08-17T18:48:05Z,
172.252.129.244,ipv4,malicious-ip,medium,WHITE,ziyadnz/hourly-ipv4,ziyadnz|hourly,2026-08-17T18:48:05Z,2026-08-17T18:48:05Z,
172.252.129.30,ipv4,malicious-ip,medium,WHITE,ziyadnz/hourly-ipv4,ziyadnz|hourly,2026-08-17T18:48:05Z,2026-08-17T18:48:05Z,
172.252.129.46,ipv4,malicious-ip,medium,WHITE,ziyadnz/hourly-ipv4,ziyadnz|hourly,2026-08-17T18:48:05Z,2026-08-17T18:48:05Z,
172.252.129.64,ipv4,malicious-ip,medium,WHITE,ziyadnz/hourly-ipv4,ziyadnz|hourly,2026-08-17T18:48:05Z,2026-08-17T18:48:05Z,
172.252.129.7,ipv4,malicious-ip,medium,WHITE,ziyadnz/hourly-ipv4,ziyadnz|hourly,2026-08-17T18:48:05Z,2026-08-17T18:48:05Z,
172.252.129.73,ipv4,malicious-ip,medium,WHITE,ziyadnz/hourly-ipv4,ziyadnz|hourly,2026-08-17T18:48:05Z,2026-08-17T18:48:05Z,
172.252.129.75,ipv4,malicious-ip,medium,WHITE,ziyadnz/hourly-ipv4,ziyadnz|hourly,2026-08-17T18:48:05Z,2026-08-17T18:48:05Z,
172.252.129.90,ipv4,malicious-ip,medium,WHITE,ziyadnz/hourly-ipv4,ziyadnz|hourly,2026-08-17T18:48:05Z,2026-08-17T18:48:05Z,
172.252.129.92,ipv4,malicious-ip,medium,WHITE,ziyadnz/hourly-ipv4,ziyadnz|hourly,2026-08-17T18:48:05Z,2026-08-17T18:48:05Z,
172.252.13.101,ipv4,malicious-ip,medium,WHITE,ziyadnz/hourly-ipv4,ziyadnz|hourly,2026-08-17T18:48:05Z,2026-08-17T18:48:05Z,
172.56.112.54,ipv4,malicious-ip,medium,WHITE,ziyadnz/hourly-ipv4,ziyadnz|hourly,2026-08-17T18:48:05Z,2026-08-17T18:48:05Z,
172.56.124.196,ipv4,malicious-ip,medium,WHITE,ziyadnz/hourly-ipv4,ziyadnz|hourly,2026-08-17T18:48:05Z,2026-08-17T18:48:05Z,
172.56.144.20,ipv4,malicious-ip,medium,WHITE,ziyadnz/hourly-ipv4,ziyadnz|hourly,2026-08-17T18:48:05Z,2026-08-17T18:48:05Z,
172.56.170.30,ipv4,malicious-ip,medium,WHITE,ziyadnz/hourly-ipv4,ziyadnz|hourly,2026-08-17T18:48:05Z,2026-08-17T18:48:05Z,
172.56.178.220,ipv4,malicious-ip,medium,WHITE,ziyadnz/hourly-ipv4,ziyadnz|hourly,2026-08-17T18:48:05Z,2026-08-17T18:48:05Z,
172.56.179.210,ipv4,malicious-ip,medium,WHITE,ziyadnz/hourly-ipv4,ziyadnz|hourly,2026-08-17T18:48:05Z,2026-08-17T18:48:05Z,
172.56.42.39,ipv4,malicious-ip,medium,WHITE,ziyadnz/hourly-ipv4,ziyadnz|hourly,2026-08-17T18:48:05Z,2026-08-17T18:48:05Z,
172.58.212.206,ipv4,malicious-ip,medium,WHITE,ziyadnz/hourly-ipv4,ziyadnz|hourly,2026-08-17T18:48:05Z,2026-08-17T18:48:05Z,
172.58.220.52,ipv4,malicious-ip,medium,WHITE,ziyadnz/hourly-ipv4,ziyadnz|hourly,2026-08-17T18:48:05Z,2026-08-17T18:48:05Z,
172.58.239.34,ipv4,malicious-ip,medium,WHITE,ziyadnz/hourly-ipv4,ziyadnz|hourly,2026-08-17T18:48:05Z,2026-08-17T18:48:05Z,
172.58.250.32,ipv4,malicious-ip,medium,WHITE,ziyadnz/hourly-ipv4,ziyadnz|hourly,2026-08-17T18:48:05Z,2026-08-17T18:48:05Z,
172.58.253.10,ipv4,malicious-ip,medium,WHITE,ziyadnz/hourly-ipv4,ziyadnz|hourly,2026-08-17T18:48:05Z,2026-08-17T18:48:05Z,
172.59.106.182,ipv4,malicious-ip,medium,WHITE,ziyadnz/hourly-ipv4,ziyadnz|hourly,2026-08-17T18:48:05Z,2026-08-17T18:48:05Z,
172.59.113.166,ipv4,malicious-ip,medium,WHITE,ziyadnz/hourly-ipv4,ziyadnz|hourly,2026-08-17T18:48:05Z,2026-08-17T18:48:05Z,
172.59.116.19,ipv4,malicious-ip,medium,WHITE,ziyadnz/hourly-ipv4,ziyadnz|hourly,2026-08-17T18:48:05Z,2026-08-17T18:48:05Z,
172.59.117.81,ipv4,malicious-ip,medium,WHITE,ziyadnz/hourly-ipv4,ziyadnz|hourly,2026-08-17T18:48:05Z,2026-08-17T18:48:05Z,
172.59.138.206,ipv4,malicious-ip,medium,WHITE,ziyadnz/hourly-ipv4,ziyadnz|hourly,2026-08-17T18:48:05Z,2026-08-17T18:48:05Z,
172.59.169.149,ipv4,malicious-ip,medium,WHITE,ziyadnz/hourly-ipv4,ziyadnz|hourly,2026-08-17T18:48:05Z,2026-08-17T18:48:05Z,
172.59.190.39,ipv4,malicious-ip,medium,WHITE,ziyadnz/hourly-ipv4,ziyadnz|hourly,2026-08-17T18:48:05Z,2026-08-17T18:48:05Z,
172.59.211.249,ipv4,malicious-ip,medium,WHITE,ziyadnz/hourly-ipv4,ziyadnz|hourly,2026-08-17T18:48:05Z,2026-08-17T18:48:05Z,
172.59.229.75,ipv4,malicious-ip,medium,WHITE,ziyadnz/hourly-ipv4,ziyadnz|hourly,2026-08-17T18:48:05Z,2026-08-17T18:48:05Z,
172.59.27.128,ipv4,malicious-ip,medium,WHITE,ziyadnz/hourly-ipv4,ziyadnz|hourly,2026-08-17T18:48:05Z,2026-08-17T18:48:05Z,
172.59.81.61,ipv4,malicious-ip,medium,WHITE,ziyadnz/hourly-ipv4,ziyadnz|hourly,2026-08-17T18:48:05Z,2026-08-17T18:48:05Z,
172.59.92.158,ipv4,malicious-ip,medium,WHITE,ziyadnz/hourly-ipv4,ziyadnz|hourly,2026-08-17T18:48:05Z,2026-08-17T18:48:05Z,
172.81.105.229,ipv4,malicious-ip,medium,WHITE,ziyadnz/hourly-ipv4,ziyadnz|hourly,2026-08-17T18:48:05Z,2026-08-17T18:48:05Z,
172.81.131.156,ipv4,malicious-ip,medium,WHITE,ziyadnz/hourly-ipv4,ziyadnz|hourly,2026-08-17T18:48:05Z,2026-08-17T18:48:05Z,
172.81.132.94,ipv4,malicious-ip,medium,WHITE,ziyadnz/hourly-ipv4,ziyadnz|hourly,2026-08-17T18:48:05Z,2026-08-17T18:48:05Z,
172.81.132.99,ipv4,malicious-ip,medium,WHITE,ziyadnz/hourly-ipv4,ziyadnz|hourly,2026-08-17T18:48:05Z,2026-08-17T18:48:05Z,
172.81.133.27,ipv4,malicious-ip,medium,WHITE,ziyadnz/hourly-ipv4,ziyadnz|hourly,2026-08-17T18:48:05Z,2026-08-17T18:48:05Z,
172.81.134.161,ipv4,malicious-ip,medium,WHITE,ziyadnz/hourly-ipv4,ziyadnz|hourly,2026-08-17T18:48:05Z,2026-08-17T18:48:05Z,
172.81.177.173,ipv4,malicious-ip,medium,WHITE,ziyadnz/hourly-ipv4,ziyadnz|hourly,2026-08-17T18:48:05Z,2026-08-17T18:48:05Z,
172.81.60.122,ipv4,malicious-ip,medium,WHITE,ziyadnz/hourly-ipv4,ziyadnz|hourly,2026-08-17T18:48:05Z,2026-08-17T18:48:05Z,
172.81.60.206,ipv4,malicious-ip,medium,WHITE,ziyadnz/hourly-ipv4,ziyadnz|hourly,2026-08-17T18:48:05Z,2026-08-17T18:48:05Z,
172.81.61.126,ipv4,malicious-ip,medium,WHITE,ziyadnz/hourly-ipv4,ziyadnz|hourly,2026-08-17T18:48:05Z,2026-08-17T18:48:05Z,
172.81.62.123,ipv4,malicious-ip,medium,WHITE,ziyadnz/hourly-ipv4,ziyadnz|hourly,2026-08-17T18:48:05Z,2026-08-17T18:48:05Z,
172.81.62.90,ipv4,malicious-ip,medium,WHITE,ziyadnz/hourly-ipv4,ziyadnz|hourly,2026-08-17T18:48:05Z,2026-08-17T18:48:05Z,
172.86.101.123,ipv4,malicious-ip,medium,WHITE,ziyadnz/hourly-ipv4,ziyadnz|hourly,2026-08-17T18:48:05Z,2026-08-17T18:48:05Z,
172.86.102.83,ipv4,malicious-ip,medium,WHITE,ziyadnz/hourly-ipv4,ziyadnz|hourly,2026-08-17T18:48:05Z,2026-08-17T18:48:05Z,
172.86.104.178,ipv4,malicious-ip,medium,WHITE,ziyadnz/hourly-ipv4,ziyadnz|hourly,2026-08-17T18:48:05Z,2026-08-17T18:48:05Z,
172.86.104.33,ipv4,malicious-ip,medium,WHITE,ziyadnz/hourly-ipv4,ziyadnz|hourly,2026-08-17T18:48:05Z,2026-08-17T18:48:05Z,
172.86.104.64,ipv4,malicious-ip,medium,WHITE,ziyadnz/hourly-ipv4,ziyadnz|hourly,2026-08-17T18:48:05Z,2026-08-17T18:48:05Z,
172.86.105.59,ipv4,malicious-ip,medium,WHITE,ziyadnz/hourly-ipv4,ziyadnz|hourly,2026-08-17T18:48:05Z,2026-08-17T18:48:05Z,
172.86.105.72,ipv4,malicious-ip,medium,WHITE,ziyadnz/hourly-ipv4,ziyadnz|hourly,2026-08-17T18:48:05Z,2026-08-17T18:48:05Z,
172.86.106.15,ipv4,malicious-ip,medium,WHITE,ziyadnz/hourly-ipv4,ziyadnz|hourly,2026-08-17T18:48:05Z,2026-08-17T18:48:05Z,
172.86.106.234,ipv4,malicious-ip,medium,WHITE,ziyadnz/hourly-ipv4,ziyadnz|hourly,2026-08-17T18:48:05Z,2026-08-17T18:48:05Z,
172.86.106.39,ipv4,malicious-ip,medium,WHITE,ziyadnz/hourly-ipv4,ziyadnz|hourly,2026-08-17T18:48:05Z,2026-08-17T18:48:05Z,
172.86.106.94,ipv4,malicious-ip,medium,WHITE,ziyadnz/hourly-ipv4,ziyadnz|hourly,2026-08-17T18:48:05Z,2026-08-17T18:48:05Z,
172.86.108.11,ipv4,malicious-ip,medium,WHITE,ziyadnz/hourly-ipv4,ziyadnz|hourly,2026-08-17T18:48:05Z,2026-08-17T18:48:05Z,
172.86.110.11,ipv4,malicious-ip,medium,WHITE,ziyadnz/hourly-ipv4,ziyadnz|hourly,2026-08-17T18:48:05Z,2026-08-17T18:48:05Z,
172.86.113.102,ipv4,malicious-ip,medium,WHITE,ziyadnz/hourly-ipv4,ziyadnz|hourly,2026-08-17T18:48:05Z,2026-08-17T18:48:05Z,
172.86.113.12,ipv4,malicious-ip,medium,WHITE,ziyadnz/hourly-ipv4,ziyadnz|hourly,2026-08-17T18:48:05Z,2026-08-17T18:48:05Z,
172.86.114.31,ipv4,malicious-ip,medium,WHITE,ziyadnz/hourly-ipv4,ziyadnz|hourly,2026-08-17T18:48:05Z,2026-08-17T18:48:05Z,
172.86.114.38,ipv4,malicious-ip,medium,WHITE,ziyadnz/hourly-ipv4,ziyadnz|hourly,2026-08-17T18:48:05Z,2026-08-17T18:48:05Z,
172.86.115.125,ipv4,malicious-ip,medium,WHITE,ziyadnz/hourly-ipv4,ziyadnz|hourly,2026-08-17T18:48:05Z,2026-08-17T18:48:05Z,
172.86.115.43,ipv4,malicious-ip,medium,WHITE,ziyadnz/hourly-ipv4,ziyadnz|hourly,2026-08-17T18:48:05Z,2026-08-17T18:48:05Z,
172.86.117.230,ipv4,malicious-ip,medium,WHITE,ziyadnz/hourly-ipv4,ziyadnz|hourly,2026-08-17T18:48:05Z,2026-08-17T18:48:05Z,
172.86.121.196,ipv4,malicious-ip,medium,WHITE,ziyadnz/hourly-ipv4,ziyadnz|hourly,2026-08-17T18:48:05Z,2026-08-17T18:48:05Z,
172.86.122.106,ipv4,malicious-ip,medium,WHITE,ziyadnz/hourly-ipv4,ziyadnz|hourly,2026-08-17T18:48:05Z,2026-08-17T18:48:05Z,
172.86.122.183,ipv4,malicious-ip,medium,WHITE,ziyadnz/hourly-ipv4,ziyadnz|hourly,2026-08-17T18:48:05Z,2026-08-17T18:48:05Z,
172.86.123.222,ipv4,malicious-ip,medium,WHITE,ziyadnz/hourly-ipv4,ziyadnz|hourly,2026-08-17T18:48:05Z,2026-08-17T18:48:05Z,
172.86.123.35,ipv4,malicious-ip,medium,WHITE,ziyadnz/hourly-ipv4,ziyadnz|hourly,2026-08-17T18:48:05Z,2026-08-17T18:48:05Z,
172.86.124.235,ipv4,malicious-ip,medium,WHITE,ziyadnz/hourly-ipv4,ziyadnz|hourly,2026-08-17T18:48:05Z,2026-08-17T18:48:05Z,
172.86.126.18,ipv4,malicious-ip,medium,WHITE,ziyadnz/hourly-ipv4,ziyadnz|hourly,2026-08-17T18:48:05Z,2026-08-17T18:48:05Z,
172.86.127.128,ipv4,malicious-ip,medium,WHITE,ziyadnz/hourly-ipv4,ziyadnz|hourly,2026-08-17T18:48:05Z,2026-08-17T18:48:05Z,
172.86.64.212,ipv4,malicious-ip,medium,WHITE,ziyadnz/hourly-ipv4,ziyadnz|hourly,2026-08-17T18:48:05Z,2026-08-17T18:48:05Z,
172.86.64.67,ipv4,malicious-ip,medium,WHITE,ziyadnz/hourly-ipv4,ziyadnz|hourly,2026-08-17T18:48:05Z,2026-08-17T18:48:05Z,
172.86.65.145,ipv4,malicious-ip,medium,WHITE,ziyadnz/hourly-ipv4,ziyadnz|hourly,2026-08-17T18:48:05Z,2026-08-17T18:48:05Z,
172.86.66.165,ipv4,malicious-ip,medium,WHITE,ziyadnz/hourly-ipv4,ziyadnz|hourly,2026-08-17T18:48:05Z,2026-08-17T18:48:05Z,
172.86.66.40,ipv4,malicious-ip,medium,WHITE,ziyadnz/hourly-ipv4,ziyadnz|hourly,2026-08-17T18:48:05Z,2026-08-17T18:48:05Z,
172.86.66.43,ipv4,malicious-ip,medium,WHITE,ziyadnz/hourly-ipv4,ziyadnz|hourly,2026-08-17T18:48:05Z,2026-08-17T18:48:05Z,
172.86.68.64,ipv4,malicious-ip,medium,WHITE,ziyadnz/hourly-ipv4,ziyadnz|hourly,2026-08-17T18:48:05Z,2026-08-17T18:48:05Z,
172.86.70.73,ipv4,malicious-ip,medium,WHITE,ziyadnz/hourly-ipv4,ziyadnz|hourly,2026-08-17T18:48:05Z,2026-08-17T18:48:05Z,
172.86.72.193,ipv4,malicious-ip,medium,WHITE,ziyadnz/hourly-ipv4,ziyadnz|hourly,2026-08-17T18:48:05Z,2026-08-17T18:48:05Z,
172.86.72.240,ipv4,malicious-ip,medium,WHITE,ziyadnz/hourly-ipv4,ziyadnz|hourly,2026-08-17T18:48:05Z,2026-08-17T18:48:05Z,
172.86.73.139,ipv4,malicious-ip,medium,WHITE,ziyadnz/hourly-ipv4,ziyadnz|hourly,2026-08-17T18:48:05Z,2026-08-17T18:48:05Z,
172.86.73.202,ipv4,malicious-ip,medium,WHITE,ziyadnz/hourly-ipv4,ziyadnz|hourly,2026-08-17T18:48:05Z,2026-08-17T18:48:05Z,
172.86.73.46,ipv4,malicious-ip,medium,WHITE,ziyadnz/hourly-ipv4,ziyadnz|hourly,2026-08-17T18:48:05Z,2026-08-17T18:48:05Z,
172.86.73.48,ipv4,malicious-ip,medium,WHITE,ziyadnz/hourly-ipv4,ziyadnz|hourly,2026-08-17T18:48:05Z,2026-08-17T18:48:05Z,
172.86.75.13,ipv4,malicious-ip,medium,WHITE,ziyadnz/hourly-ipv4,ziyadnz|hourly,2026-08-17T18:48:05Z,2026-08-17T18:48:05Z,
172.86.75.130,ipv4,malicious-ip,medium,WHITE,ziyadnz/hourly-ipv4,ziyadnz|hourly,2026-08-17T18:48:05Z,2026-08-17T18:48:05Z,
172.86.75.159,ipv4,malicious-ip,medium,WHITE,ziyadnz/hourly-ipv4,ziyadnz|hourly,2026-08-17T18:48:05Z,2026-08-17T18:48:05Z,
172.86.75.220,ipv4,malicious-ip,medium,WHITE,ziyadnz/hourly-ipv4,ziyadnz|hourly,2026-08-17T18:48:05Z,2026-08-17T18:48:05Z,
172.86.75.49,ipv4,malicious-ip,medium,WHITE,ziyadnz/hourly-ipv4,ziyadnz|hourly,2026-08-17T18:48:05Z,2026-08-17T18:48:05Z,
172.86.75.94,ipv4,malicious-ip,medium,WHITE,ziyadnz/hourly-ipv4,ziyadnz|hourly,2026-08-17T18:48:05Z,2026-08-17T18:48:05Z,
172.86.76.101,ipv4,malicious-ip,medium,WHITE,ziyadnz/hourly-ipv4,ziyadnz|hourly,2026-08-17T18:48:05Z,2026-08-17T18:48:05Z,
172.86.76.108,ipv4,malicious-ip,medium,WHITE,ziyadnz/hourly-ipv4,ziyadnz|hourly,2026-08-17T18:48:05Z,2026-08-17T18:48:05Z,
172.86.76.112,ipv4,malicious-ip,medium,WHITE,ziyadnz/hourly-ipv4,ziyadnz|hourly,2026-08-17T18:48:05Z,2026-08-17T18:48:05Z,
172.86.76.120,ipv4,malicious-ip,medium,WHITE,ziyadnz/hourly-ipv4,ziyadnz|hourly,2026-08-17T18:48:05Z,2026-08-17T18:48:05Z,
172.86.76.121,ipv4,malicious-ip,medium,WHITE,ziyadnz/hourly-ipv4,ziyadnz|hourly,2026-08-17T18:48:05Z,2026-08-17T18:48:05Z,
172.86.76.124,ipv4,malicious-ip,medium,WHITE,ziyadnz/hourly-ipv4,ziyadnz|hourly,2026-08-17T18:48:05Z,2026-08-17T18:48:05Z,
172.86.76.129,ipv4,malicious-ip,medium,WHITE,ziyadnz/hourly-ipv4,ziyadnz|hourly,2026-08-17T18:48:05Z,2026-08-17T18:48:05Z,
172.86.76.130,ipv4,malicious-ip,medium,WHITE,ziyadnz/hourly-ipv4,ziyadnz|hourly,2026-08-17T18:48:05Z,2026-08-17T18:48:05Z,
172.86.76.132,ipv4,malicious-ip,medium,WHITE,ziyadnz/hourly-ipv4,ziyadnz|hourly,2026-08-17T18:48:05Z,2026-08-17T18:48:05Z,
172.86.76.154,ipv4,malicious-ip,medium,WHITE,ziyadnz/hourly-ipv4,ziyadnz|hourly,2026-08-17T18:48:05Z,2026-08-17T18:48:05Z,
172.86.76.94,ipv4,malicious-ip,medium,WHITE,ziyadnz/hourly-ipv4,ziyadnz|hourly,2026-08-17T18:48:05Z,2026-08-17T18:48:05Z,
172.86.80.15,ipv4,malicious-ip,medium,WHITE,ziyadnz/hourly-ipv4,ziyadnz|hourly,2026-08-17T18:48:05Z,2026-08-17T18:48:05Z,
172.86.84.38,ipv4,malicious-ip,medium,WHITE,ziyadnz/hourly-ipv4,ziyadnz|hourly,2026-08-17T18:48:05Z,2026-08-17T18:48:05Z,
172.86.88.188,ipv4,malicious-ip,medium,WHITE,ziyadnz/hourly-ipv4,ziyadnz|hourly,2026-08-17T18:48:05Z,2026-08-17T18:48:05Z,
172.86.89.51,ipv4,malicious-ip,medium,WHITE,ziyadnz/hourly-ipv4,ziyadnz|hourly,2026-08-17T18:48:05Z,2026-08-17T18:48:05Z,
172.86.91.90,ipv4,malicious-ip,medium,WHITE,ziyadnz/hourly-ipv4,ziyadnz|hourly,2026-08-17T18:48:05Z,2026-08-17T18:48:05Z,
172.86.94.82,ipv4,malicious-ip,medium,WHITE,ziyadnz/hourly-ipv4,ziyadnz|hourly,2026-08-17T18:48:05Z,2026-08-17T18:48:05Z,
172.86.95.26,ipv4,malicious-ip,medium,WHITE,ziyadnz/hourly-ipv4,ziyadnz|hourly,2026-08-17T18:48:05Z,2026-08-17T18:48:05Z,
172.86.96.128,ipv4,malicious-ip,medium,WHITE,ziyadnz/hourly-ipv4,ziyadnz|hourly,2026-08-17T18:48:05Z,2026-08-17T18:48:05Z,
172.86.96.84,ipv4,malicious-ip,medium,WHITE,ziyadnz/hourly-ipv4,ziyadnz|hourly,2026-08-17T18:48:05Z,2026-08-17T18:48:05Z,
172.86.97.165,ipv4,malicious-ip,medium,WHITE,ziyadnz/hourly-ipv4,ziyadnz|hourly,2026-08-17T18:48:05Z,2026-08-17T18:48:05Z,
172.86.97.78,ipv4,malicious-ip,medium,WHITE,ziyadnz/hourly-ipv4,ziyadnz|hourly,2026-08-17T18:48:05Z,2026-08-17T18:48:05Z,
172.86.97.80,ipv4,malicious-ip,medium,WHITE,ziyadnz/hourly-ipv4,ziyadnz|hourly,2026-08-17T18:48:05Z,2026-08-17T18:48:05Z,
172.86.98.143,ipv4,malicious-ip,medium,WHITE,ziyadnz/hourly-ipv4,ziyadnz|hourly,2026-08-17T18:48:05Z,2026-08-17T18:48:05Z,
172.86.98.240,ipv4,malicious-ip,medium,WHITE,ziyadnz/hourly-ipv4,ziyadnz|hourly,2026-08-17T18:48:05Z,2026-08-17T18:48:05Z,
172.90.139.138,ipv4,malicious-ip,medium,WHITE,ziyadnz/hourly-ipv4,ziyadnz|hourly,2026-08-17T18:48:05Z,2026-08-17T18:48:05Z,
172.93.100.166,ipv4,malicious-ip,medium,WHITE,ziyadnz/hourly-ipv4,ziyadnz|hourly,2026-08-17T18:48:05Z,2026-08-17T18:48:05Z,
172.93.101.254,ipv4,malicious-ip,medium,WHITE,ziyadnz/hourly-ipv4,ziyadnz|hourly,2026-08-17T18:48:05Z,2026-08-17T18:48:05Z,
172.93.102.236,ipv4,malicious-ip,medium,WHITE,ziyadnz/hourly-ipv4,ziyadnz|hourly,2026-08-17T18:48:05Z,2026-08-17T18:48:05Z,
172.93.107.67,ipv4,malicious-ip,medium,WHITE,ziyadnz/hourly-ipv4,ziyadnz|hourly,2026-08-17T18:48:05Z,2026-08-17T18:48:05Z,
172.93.148.174,ipv4,malicious-ip,medium,WHITE,ziyadnz/hourly-ipv4,ziyadnz|hourly,2026-08-17T18:48:05Z,2026-08-17T18:48:05Z,
172.93.148.188,ipv4,malicious-ip,medium,WHITE,ziyadnz/hourly-ipv4,ziyadnz|hourly,2026-08-17T18:48:05Z,2026-08-17T18:48:05Z,
172.93.160.149,ipv4,malicious-ip,medium,WHITE,ziyadnz/hourly-ipv4,ziyadnz|hourly,2026-08-17T18:48:05Z,2026-08-17T18:48:05Z,
172.93.165.10,ipv4,malicious-ip,medium,WHITE,ziyadnz/hourly-ipv4,ziyadnz|hourly,2026-08-17T18:48:05Z,2026-08-17T18:48:05Z,
172.93.165.14,ipv4,malicious-ip,medium,WHITE,ziyadnz/hourly-ipv4,ziyadnz|hourly,2026-08-17T18:48:05Z,2026-08-17T18:48:05Z,
172.93.181.249,ipv4,malicious-ip,medium,WHITE,ziyadnz/hourly-ipv4,ziyadnz|hourly,2026-08-17T18:48:05Z,2026-08-17T18:48:05Z,
172.93.201.120,ipv4,malicious-ip,medium,WHITE,ziyadnz/hourly-ipv4,ziyadnz|hourly,2026-08-17T18:48:05Z,2026-08-17T18:48:05Z,
172.93.212.182,ipv4,malicious-ip,medium,WHITE,ziyadnz/hourly-ipv4,ziyadnz|hourly,2026-08-17T18:48:05Z,2026-08-17T18:48:05Z,
172.93.215.245,ipv4,malicious-ip,medium,WHITE,ziyadnz/hourly-ipv4,ziyadnz|hourly,2026-08-17T18:48:05Z,2026-08-17T18:48:05Z,
172.93.220.176,ipv4,malicious-ip,medium,WHITE,ziyadnz/hourly-ipv4,ziyadnz|hourly,2026-08-17T18:48:05Z,2026-08-17T18:48:05Z,
172.93.222.102,ipv4,malicious-ip,medium,WHITE,ziyadnz/hourly-ipv4,ziyadnz|hourly,2026-08-17T18:48:05Z,2026-08-17T18:48:05Z,
172.93.51.223,ipv4,malicious-ip,medium,WHITE,ziyadnz/hourly-ipv4,ziyadnz|hourly,2026-08-17T18:48:05Z,2026-08-17T18:48:05Z,
172.94.111.194,ipv4,malicious-ip,medium,WHITE,ziyadnz/hourly-ipv4,ziyadnz|hourly,2026-08-17T18:48:05Z,2026-08-17T18:48:05Z,
172.94.9.0,ipv4,malicious-ip,medium,WHITE,ziyadnz/hourly-ipv4,ziyadnz|hourly,2026-08-17T18:48:05Z,2026-08-17T18:48:05Z,
172.94.9.113,ipv4,malicious-ip,medium,WHITE,ziyadnz/hourly-ipv4,ziyadnz|hourly,2026-08-17T18:48:05Z,2026-08-17T18:48:05Z,
172.94.9.118,ipv4,malicious-ip,medium,WHITE,ziyadnz/hourly-ipv4,ziyadnz|hourly,2026-08-17T18:48:05Z,2026-08-17T18:48:05Z,
172.94.9.122,ipv4,malicious-ip,medium,WHITE,ziyadnz/hourly-ipv4,ziyadnz|hourly,2026-08-17T18:48:05Z,2026-08-17T18:48:05Z,
172.94.9.133,ipv4,malicious-ip,medium,WHITE,ziyadnz/hourly-ipv4,ziyadnz|hourly,2026-08-17T18:48:05Z,2026-08-17T18:48:05Z,
172.94.9.138,ipv4,malicious-ip,medium,WHITE,ziyadnz/hourly-ipv4,ziyadnz|hourly,2026-08-17T18:48:05Z,2026-08-17T18:48:05Z,
172.94.9.154,ipv4,malicious-ip,medium,WHITE,ziyadnz/hourly-ipv4,ziyadnz|hourly,2026-08-17T18:48:05Z,2026-08-17T18:48:05Z,
172.94.9.167,ipv4,malicious-ip,medium,WHITE,ziyadnz/hourly-ipv4,ziyadnz|hourly,2026-08-17T18:48:05Z,2026-08-17T18:48:05Z,
172.94.9.186,ipv4,malicious-ip,medium,WHITE,ziyadnz/hourly-ipv4,ziyadnz|hourly,2026-08-17T18:48:05Z,2026-08-17T18:48:05Z,
172.94.9.187,ipv4,malicious-ip,medium,WHITE,ziyadnz/hourly-ipv4,ziyadnz|hourly,2026-08-17T18:48:05Z,2026-08-17T18:48:05Z,
172.94.9.193,ipv4,malicious-ip,medium,WHITE,ziyadnz/hourly-ipv4,ziyadnz|hourly,2026-08-17T18:48:05Z,2026-08-17T18:48:05Z,
172.94.9.198,ipv4,malicious-ip,medium,WHITE,ziyadnz/hourly-ipv4,ziyadnz|hourly,2026-08-17T18:48:05Z,2026-08-17T18:48:05Z,
172.94.9.229,ipv4,malicious-ip,medium,WHITE,ziyadnz/hourly-ipv4,ziyadnz|hourly,2026-08-17T18:48:05Z,2026-08-17T18:48:05Z,
172.94.9.250,ipv4,malicious-ip,medium,WHITE,ziyadnz/hourly-ipv4,ziyadnz|hourly,2026-08-17T18:48:05Z,2026-08-17T18:48:05Z,
172.94.9.29,ipv4,malicious-ip,medium,WHITE,ziyadnz/hourly-ipv4,ziyadnz|hourly,2026-08-17T18:48:05Z,2026-08-17T18:48:05Z,
172.94.9.37,ipv4,malicious-ip,medium,WHITE,ziyadnz/hourly-ipv4,ziyadnz|hourly,2026-08-17T18:48:05Z,2026-08-17T18:48:05Z,
172.94.9.43,ipv4,malicious-ip,medium,WHITE,ziyadnz/hourly-ipv4,ziyadnz|hourly,2026-08-17T18:48:05Z,2026-08-17T18:48:05Z,
172.94.9.49,ipv4,malicious-ip,medium,WHITE,ziyadnz/hourly-ipv4,ziyadnz|hourly,2026-08-17T18:48:05Z,2026-08-17T18:48:05Z,
172.94.9.51,ipv4,malicious-ip,medium,WHITE,ziyadnz/hourly-ipv4,ziyadnz|hourly,2026-08-17T18:48:05Z,2026-08-17T18:48:05Z,
172.94.9.53,ipv4,malicious-ip,medium,WHITE,ziyadnz/hourly-ipv4,ziyadnz|hourly,2026-08-17T18:48:05Z,2026-08-17T18:48:05Z,
172.94.9.89,ipv4,malicious-ip,medium,WHITE,ziyadnz/hourly-ipv4,ziyadnz|hourly,2026-08-17T18:48:05Z,2026-08-17T18:48:05Z,
172.96.11.245,ipv4,malicious-ip,medium,WHITE,ziyadnz/hourly-ipv4,ziyadnz|hourly,2026-08-17T18:48:05Z,2026-08-17T18:48:05Z,
172.96.137.159,ipv4,malicious-ip,medium,WHITE,ziyadnz/hourly-ipv4,ziyadnz|hourly,2026-08-17T18:48:05Z,2026-08-17T18:48:05Z,
172.96.137.224,ipv4,malicious-ip,medium,WHITE,ziyadnz/hourly-ipv4,ziyadnz|hourly,2026-08-17T18:48:05Z,2026-08-17T18:48:05Z,
172.96.137.249,ipv4,malicious-ip,medium,WHITE,ziyadnz/hourly-ipv4,ziyadnz|hourly,2026-08-17T18:48:05Z,2026-08-17T18:48:05Z,
172.96.14.100,ipv4,malicious-ip,medium,WHITE,ziyadnz/hourly-ipv4,ziyadnz|hourly,2026-08-17T18:48:05Z,2026-08-17T18:48:05Z,
172.96.14.116,ipv4,malicious-ip,medium,WHITE,ziyadnz/hourly-ipv4,ziyadnz|hourly,2026-08-17T18:48:05Z,2026-08-17T18:48:05Z,
172.96.140.163,ipv4,malicious-ip,medium,WHITE,ziyadnz/hourly-ipv4,ziyadnz|hourly,2026-08-17T18:48:05Z,2026-08-17T18:48:05Z,
172.96.142.21,ipv4,malicious-ip,medium,WHITE,ziyadnz/hourly-ipv4,ziyadnz|hourly,2026-08-17T18:48:05Z,2026-08-17T18:48:05Z,
172.96.161.165,ipv4,malicious-ip,medium,WHITE,ziyadnz/hourly-ipv4,ziyadnz|hourly,2026-08-17T18:48:05Z,2026-08-17T18:48:05Z,
172.96.172.197,ipv4,malicious-ip,medium,WHITE,ziyadnz/hourly-ipv4,ziyadnz|hourly,2026-08-17T18:48:05Z,2026-08-17T18:48:05Z,
172.96.172.91,ipv4,malicious-ip,medium,WHITE,ziyadnz/hourly-ipv4,ziyadnz|hourly,2026-08-17T18:48:05Z,2026-08-17T18:48:05Z,
172.96.179.9,ipv4,malicious-ip,medium,WHITE,ziyadnz/hourly-ipv4,ziyadnz|hourly,2026-08-17T18:48:05Z,2026-08-17T18:48:05Z,
172.96.182.111,ipv4,malicious-ip,medium,WHITE,ziyadnz/hourly-ipv4,ziyadnz|hourly,2026-08-17T18:48:05Z,2026-08-17T18:48:05Z,
172.98.32.186,ipv4,malicious-ip,medium,WHITE,ziyadnz/hourly-ipv4,ziyadnz|hourly,2026-08-17T18:48:05Z,2026-08-17T18:48:05Z,
172.98.32.189,ipv4,malicious-ip,medium,WHITE,ziyadnz/hourly-ipv4,ziyadnz|hourly,2026-08-17T18:48:05Z,2026-08-17T18:48:05Z,
172.98.32.200,ipv4,malicious-ip,medium,WHITE,ziyadnz/hourly-ipv4,ziyadnz|hourly,2026-08-17T18:48:05Z,2026-08-17T18:48:05Z,
172.98.32.204,ipv4,malicious-ip,medium,WHITE,ziyadnz/hourly-ipv4,ziyadnz|hourly,2026-08-17T18:48:05Z,2026-08-17T18:48:05Z,
172.98.33.109,ipv4,malicious-ip,medium,WHITE,ziyadnz/hourly-ipv4,ziyadnz|hourly,2026-08-17T18:48:05Z,2026-08-17T18:48:05Z,
172.98.33.125,ipv4,malicious-ip,medium,WHITE,ziyadnz/hourly-ipv4,ziyadnz|hourly,2026-08-17T18:48:05Z,2026-08-17T18:48:05Z,
172.98.33.129,ipv4,malicious-ip,medium,WHITE,ziyadnz/hourly-ipv4,ziyadnz|hourly,2026-08-17T18:48:05Z,2026-08-17T18:48:05Z,
172.98.33.71,ipv4,malicious-ip,medium,WHITE,ziyadnz/hourly-ipv4,ziyadnz|hourly,2026-08-17T18:48:05Z,2026-08-17T18:48:05Z,
173.10.13.18,ipv4,malicious-ip,medium,WHITE,ziyadnz/hourly-ipv4,ziyadnz|hourly,2026-08-17T18:48:05Z,2026-08-17T18:48:05Z,
173.10.13.21,ipv4,malicious-ip,medium,WHITE,ziyadnz/hourly-ipv4,ziyadnz|hourly,2026-08-17T18:48:05Z,2026-08-17T18:48:05Z,
173.10.2.113,ipv4,malicious-ip,medium,WHITE,ziyadnz/hourly-ipv4,ziyadnz|hourly,2026-08-17T18:48:05Z,2026-08-17T18:48:05Z,
173.13.13.5,ipv4,malicious-ip,medium,WHITE,ziyadnz/hourly-ipv4,ziyadnz|hourly,2026-08-17T18:48:05Z,2026-08-17T18:48:05Z,
173.16.110.171,ipv4,malicious-ip,medium,WHITE,ziyadnz/hourly-ipv4,ziyadnz|hourly,2026-08-17T18:48:05Z,2026-08-17T18:48:05Z,
173.16.157.210,ipv4,malicious-ip,medium,WHITE,ziyadnz/hourly-ipv4,ziyadnz|hourly,2026-08-17T18:48:05Z,2026-08-17T18:48:05Z,
173.168.117.109,ipv4,malicious-ip,medium,WHITE,ziyadnz/hourly-ipv4,ziyadnz|hourly,2026-08-17T18:48:05Z,2026-08-17T18:48:05Z,
173.17.184.244,ipv4,malicious-ip,medium,WHITE,ziyadnz/hourly-ipv4,ziyadnz|hourly,2026-08-17T18:48:05Z,2026-08-17T18:48:05Z,
173.171.16.233,ipv4,malicious-ip,medium,WHITE,ziyadnz/hourly-ipv4,ziyadnz|hourly,2026-08-17T18:48:05Z,2026-08-17T18:48:05Z,
173.171.206.29,ipv4,malicious-ip,medium,WHITE,ziyadnz/hourly-ipv4,ziyadnz|hourly,2026-08-17T18:48:05Z,2026-08-17T18:48:05Z,
173.179.132.36,ipv4,malicious-ip,medium,WHITE,ziyadnz/hourly-ipv4,ziyadnz|hourly,2026-08-17T18:48:05Z,2026-08-17T18:48:05Z,
173.18.182.237,ipv4,malicious-ip,medium,WHITE,ziyadnz/hourly-ipv4,ziyadnz|hourly,2026-08-17T18:48:05Z,2026-08-17T18:48:05Z,
173.181.131.247,ipv4,malicious-ip,medium,WHITE,ziyadnz/hourly-ipv4,ziyadnz|hourly,2026-08-17T18:48:05Z,2026-08-17T18:48:05Z,
173.181.70.239,ipv4,malicious-ip,medium,WHITE,ziyadnz/hourly-ipv4,ziyadnz|hourly,2026-08-17T18:48:05Z,2026-08-17T18:48:05Z,
173.185.34.195,ipv4,malicious-ip,medium,WHITE,ziyadnz/hourly-ipv4,ziyadnz|hourly,2026-08-17T18:48:05Z,2026-08-17T18:48:05Z,
173.185.74.18,ipv4,malicious-ip,medium,WHITE,ziyadnz/hourly-ipv4,ziyadnz|hourly,2026-08-17T18:48:05Z,2026-08-17T18:48:05Z,
173.19.168.227,ipv4,malicious-ip,medium,WHITE,ziyadnz/hourly-ipv4,ziyadnz|hourly,2026-08-17T18:48:05Z,2026-08-17T18:48:05Z,
173.19.19.38,ipv4,malicious-ip,medium,WHITE,ziyadnz/hourly-ipv4,ziyadnz|hourly,2026-08-17T18:48:05Z,2026-08-17T18:48:05Z,
173.190.155.10,ipv4,malicious-ip,medium,WHITE,ziyadnz/hourly-ipv4,ziyadnz|hourly,2026-08-17T18:48:05Z,2026-08-17T18:48:05Z,
173.191.35.151,ipv4,malicious-ip,medium,WHITE,ziyadnz/hourly-ipv4,ziyadnz|hourly,2026-08-17T18:48:05Z,2026-08-17T18:48:05Z,
173.197.14.231,ipv4,malicious-ip,medium,WHITE,ziyadnz/hourly-ipv4,ziyadnz|hourly,2026-08-17T18:48:05Z,2026-08-17T18:48:05Z,
173.198.33.50,ipv4,malicious-ip,medium,WHITE,ziyadnz/hourly-ipv4,ziyadnz|hourly,2026-08-17T18:48:05Z,2026-08-17T18:48:05Z,
173.199.122.65,ipv4,malicious-ip,medium,WHITE,ziyadnz/hourly-ipv4,ziyadnz|hourly,2026-08-17T18:48:05Z,2026-08-17T18:48:05Z,
173.201.45.116,ipv4,malicious-ip,medium,WHITE,ziyadnz/hourly-ipv4,ziyadnz|hourly,2026-08-17T18:48:05Z,2026-08-17T18:48:05Z,
173.203.196.118,ipv4,malicious-ip,medium,WHITE,ziyadnz/hourly-ipv4,ziyadnz|hourly,2026-08-17T18:48:05Z,2026-08-17T18:48:05Z,
173.206.148.241,ipv4,malicious-ip,medium,WHITE,ziyadnz/hourly-ipv4,ziyadnz|hourly,2026-08-17T18:48:05Z,2026-08-17T18:48:05Z,
173.208.249.234,ipv4,malicious-ip,medium,WHITE,ziyadnz/hourly-ipv4,ziyadnz|hourly,2026-08-17T18:48:05Z,2026-08-17T18:48:05Z,
173.209.51.54,ipv4,malicious-ip,medium,WHITE,ziyadnz/hourly-ipv4,ziyadnz|hourly,2026-08-17T18:48:05Z,2026-08-17T18:48:05Z,
173.209.62.186,ipv4,malicious-ip,medium,WHITE,ziyadnz/hourly-ipv4,ziyadnz|hourly,2026-08-17T18:48:05Z,2026-08-17T18:48:05Z,
173.209.62.187,ipv4,malicious-ip,medium,WHITE,ziyadnz/hourly-ipv4,ziyadnz|hourly,2026-08-17T18:48:05Z,2026-08-17T18:48:05Z,
173.209.62.188,ipv4,malicious-ip,medium,WHITE,ziyadnz/hourly-ipv4,ziyadnz|hourly,2026-08-17T18:48:05Z,2026-08-17T18:48:05Z,
173.209.62.189,ipv4,malicious-ip,medium,WHITE,ziyadnz/hourly-ipv4,ziyadnz|hourly,2026-08-17T18:48:05Z,2026-08-17T18:48:05Z,
173.209.62.190,ipv4,malicious-ip,medium,WHITE,ziyadnz/hourly-ipv4,ziyadnz|hourly,2026-08-17T18:48:05Z,2026-08-17T18:48:05Z,
173.211.106.101,ipv4,malicious-ip,medium,WHITE,ziyadnz/hourly-ipv4,ziyadnz|hourly,2026-08-17T18:48:05Z,2026-08-17T18:48:05Z,
173.212.192.6,ipv4,malicious-ip,medium,WHITE,ziyadnz/hourly-ipv4,ziyadnz|hourly,2026-08-17T18:48:05Z,2026-08-17T18:48:05Z,
173.212.193.249,ipv4,malicious-ip,medium,WHITE,ziyadnz/hourly-ipv4,ziyadnz|hourly,2026-08-17T18:48:05Z,2026-08-17T18:48:05Z,
173.212.195.79,ipv4,malicious-ip,medium,WHITE,ziyadnz/hourly-ipv4,ziyadnz|hourly,2026-08-17T18:48:05Z,2026-08-17T18:48:05Z,
173.212.204.69,ipv4,malicious-ip,medium,WHITE,ziyadnz/hourly-ipv4,ziyadnz|hourly,2026-08-17T18:48:05Z,2026-08-17T18:48:05Z,
173.212.205.251,ipv4,malicious-ip,medium,WHITE,ziyadnz/hourly-ipv4,ziyadnz|hourly,2026-08-17T18:48:05Z,2026-08-17T18:48:05Z,
173.212.207.178,ipv4,malicious-ip,medium,WHITE,ziyadnz/hourly-ipv4,ziyadnz|hourly,2026-08-17T18:48:05Z,2026-08-17T18:48:05Z,
173.212.212.105,ipv4,malicious-ip,medium,WHITE,ziyadnz/hourly-ipv4,ziyadnz|hourly,2026-08-17T18:48:05Z,2026-08-17T18:48:05Z,
173.212.223.149,ipv4,malicious-ip,medium,WHITE,ziyadnz/hourly-ipv4,ziyadnz|hourly,2026-08-17T18:48:05Z,2026-08-17T18:48:05Z,
173.212.224.107,ipv4,malicious-ip,medium,WHITE,ziyadnz/hourly-ipv4,ziyadnz|hourly,2026-08-17T18:48:05Z,2026-08-17T18:48:05Z,
173.212.227.180,ipv4,malicious-ip,medium,WHITE,ziyadnz/hourly-ipv4,ziyadnz|hourly,2026-08-17T18:48:05Z,2026-08-17T18:48:05Z,
173.212.228.191,ipv4,malicious-ip,medium,WHITE,ziyadnz/hourly-ipv4,ziyadnz|hourly,2026-08-17T18:48:05Z,2026-08-17T18:48:05Z,
173.212.230.208,ipv4,malicious-ip,medium,WHITE,ziyadnz/hourly-ipv4,ziyadnz|hourly,2026-08-17T18:48:05Z,2026-08-17T18:48:05Z,
173.212.231.232,ipv4,malicious-ip,medium,WHITE,ziyadnz/hourly-ipv4,ziyadnz|hourly,2026-08-17T18:48:05Z,2026-08-17T18:48:05Z,
173.212.232.236,ipv4,malicious-ip,medium,WHITE,ziyadnz/hourly-ipv4,ziyadnz|hourly,2026-08-17T18:48:05Z,2026-08-17T18:48:05Z,
173.212.236.145,ipv4,malicious-ip,medium,WHITE,ziyadnz/hourly-ipv4,ziyadnz|hourly,2026-08-17T18:48:05Z,2026-08-17T18:48:05Z,
173.212.238.152,ipv4,malicious-ip,medium,WHITE,ziyadnz/hourly-ipv4,ziyadnz|hourly,2026-08-17T18:48:05Z,2026-08-17T18:48:05Z,
173.212.246.144,ipv4,malicious-ip,medium,WHITE,ziyadnz/hourly-ipv4,ziyadnz|hourly,2026-08-17T18:48:05Z,2026-08-17T18:48:05Z,
173.212.249.43,ipv4,malicious-ip,medium,WHITE,ziyadnz/hourly-ipv4,ziyadnz|hourly,2026-08-17T18:48:05Z,2026-08-17T18:48:05Z,
173.212.250.243,ipv4,malicious-ip,medium,WHITE,ziyadnz/hourly-ipv4,ziyadnz|hourly,2026-08-17T18:48:05Z,2026-08-17T18:48:05Z,
173.212.252.54,ipv4,malicious-ip,medium,WHITE,ziyadnz/hourly-ipv4,ziyadnz|hourly,2026-08-17T18:48:05Z,2026-08-17T18:48:05Z,
173.214.167.155,ipv4,malicious-ip,medium,WHITE,ziyadnz/hourly-ipv4,ziyadnz|hourly,2026-08-17T18:48:05Z,2026-08-17T18:48:05Z,
173.214.169.88,ipv4,malicious-ip,medium,WHITE,ziyadnz/hourly-ipv4,ziyadnz|hourly,2026-08-17T18:48:05Z,2026-08-17T18:48:05Z,
173.216.12.238,ipv4,malicious-ip,medium,WHITE,ziyadnz/hourly-ipv4,ziyadnz|hourly,2026-08-17T18:48:05Z,2026-08-17T18:48:05Z,
173.217.255.44,ipv4,malicious-ip,medium,WHITE,ziyadnz/hourly-ipv4,ziyadnz|hourly,2026-08-17T18:48:05Z,2026-08-17T18:48:05Z,
173.218.180.91,ipv4,malicious-ip,medium,WHITE,ziyadnz/hourly-ipv4,ziyadnz|hourly,2026-08-17T18:48:05Z,2026-08-17T18:48:05Z,
173.225.111.78,ipv4,malicious-ip,medium,WHITE,ziyadnz/hourly-ipv4,ziyadnz|hourly,2026-08-17T18:48:05Z,2026-08-17T18:48:05Z,
173.230.130.107,ipv4,malicious-ip,medium,WHITE,ziyadnz/hourly-ipv4,ziyadnz|hourly,2026-08-17T18:48:05Z,2026-08-17T18:48:05Z,
173.230.142.212,ipv4,malicious-ip,medium,WHITE,ziyadnz/hourly-ipv4,ziyadnz|hourly,2026-08-17T18:48:05Z,2026-08-17T18:48:05Z,
173.230.145.110,ipv4,malicious-ip,medium,WHITE,ziyadnz/hourly-ipv4,ziyadnz|hourly,2026-08-17T18:48:05Z,2026-08-17T18:48:05Z,
173.230.145.182,ipv4,malicious-ip,medium,WHITE,ziyadnz/hourly-ipv4,ziyadnz|hourly,2026-08-17T18:48:05Z,2026-08-17T18:48:05Z,
173.230.150.73,ipv4,malicious-ip,medium,WHITE,ziyadnz/hourly-ipv4,ziyadnz|hourly,2026-08-17T18:48:05Z,2026-08-17T18:48:05Z,
173.230.155.151,ipv4,malicious-ip,medium,WHITE,ziyadnz/hourly-ipv4,ziyadnz|hourly,2026-08-17T18:48:05Z,2026-08-17T18:48:05Z,
173.230.155.26,ipv4,malicious-ip,medium,WHITE,ziyadnz/hourly-ipv4,ziyadnz|hourly,2026-08-17T18:48:05Z,2026-08-17T18:48:05Z,
173.231.196.26,ipv4,malicious-ip,medium,WHITE,ziyadnz/hourly-ipv4,ziyadnz|hourly,2026-08-17T18:48:05Z,2026-08-17T18:48:05Z,
173.231.200.81,ipv4,malicious-ip,medium,WHITE,ziyadnz/hourly-ipv4,ziyadnz|hourly,2026-08-17T18:48:05Z,2026-08-17T18:48:05Z,
173.232.146.62,ipv4,malicious-ip,medium,WHITE,ziyadnz/hourly-ipv4,ziyadnz|hourly,2026-08-17T18:48:05Z,2026-08-17T18:48:05Z,
173.232.146.90,ipv4,malicious-ip,medium,WHITE,ziyadnz/hourly-ipv4,ziyadnz|hourly,2026-08-17T18:48:05Z,2026-08-17T18:48:05Z,
173.234.155.20,ipv4,malicious-ip,medium,WHITE,ziyadnz/hourly-ipv4,ziyadnz|hourly,2026-08-17T18:48:05Z,2026-08-17T18:48:05Z,
173.236.110.198,ipv4,malicious-ip,medium,WHITE,ziyadnz/hourly-ipv4,ziyadnz|hourly,2026-08-17T18:48:05Z,2026-08-17T18:48:05Z,
173.236.113.132,ipv4,malicious-ip,medium,WHITE,ziyadnz/hourly-ipv4,ziyadnz|hourly,2026-08-17T18:48:05Z,2026-08-17T18:48:05Z,
173.236.193.46,ipv4,malicious-ip,medium,WHITE,ziyadnz/hourly-ipv4,ziyadnz|hourly,2026-08-17T18:48:05Z,2026-08-17T18:48:05Z,
173.236.210.94,ipv4,malicious-ip,medium,WHITE,ziyadnz/hourly-ipv4,ziyadnz|hourly,2026-08-17T18:48:05Z,2026-08-17T18:48:05Z,
173.236.254.75,ipv4,malicious-ip,medium,WHITE,ziyadnz/hourly-ipv4,ziyadnz|hourly,2026-08-17T18:48:05Z,2026-08-17T18:48:05Z,
173.237.206.68,ipv4,malicious-ip,medium,WHITE,ziyadnz/hourly-ipv4,ziyadnz|hourly,2026-08-17T18:48:05Z,2026-08-17T18:48:05Z,
173.238.216.139,ipv4,malicious-ip,medium,WHITE,ziyadnz/hourly-ipv4,ziyadnz|hourly,2026-08-17T18:48:05Z,2026-08-17T18:48:05Z,
173.239.201.135,ipv4,malicious-ip,medium,WHITE,ziyadnz/hourly-ipv4,ziyadnz|hourly,2026-08-17T18:48:05Z,2026-08-17T18:48:05Z,
173.239.211.0,ipv4,malicious-ip,medium,WHITE,ziyadnz/hourly-ipv4,ziyadnz|hourly,2026-08-17T18:48:05Z,2026-08-17T18:48:05Z,
173.239.211.118,ipv4,malicious-ip,medium,WHITE,ziyadnz/hourly-ipv4,ziyadnz|hourly,2026-08-17T18:48:05Z,2026-08-17T18:48:05Z,
173.239.211.121,ipv4,malicious-ip,medium,WHITE,ziyadnz/hourly-ipv4,ziyadnz|hourly,2026-08-17T18:48:05Z,2026-08-17T18:48:05Z,
173.239.211.123,ipv4,malicious-ip,medium,WHITE,ziyadnz/hourly-ipv4,ziyadnz|hourly,2026-08-17T18:48:05Z,2026-08-17T18:48:05Z,
173.239.211.136,ipv4,malicious-ip,medium,WHITE,ziyadnz/hourly-ipv4,ziyadnz|hourly,2026-08-17T18:48:05Z,2026-08-17T18:48:05Z,
173.239.211.235,ipv4,malicious-ip,medium,WHITE,ziyadnz/hourly-ipv4,ziyadnz|hourly,2026-08-17T18:48:05Z,2026-08-17T18:48:05Z,
173.239.211.60,ipv4,malicious-ip,medium,WHITE,ziyadnz/hourly-ipv4,ziyadnz|hourly,2026-08-17T18:48:05Z,2026-08-17T18:48:05Z,
173.239.211.68,ipv4,malicious-ip,medium,WHITE,ziyadnz/hourly-ipv4,ziyadnz|hourly,2026-08-17T18:48:05Z,2026-08-17T18:48:05Z,
173.239.214.39,ipv4,malicious-ip,medium,WHITE,ziyadnz/hourly-ipv4,ziyadnz|hourly,2026-08-17T18:48:05Z,2026-08-17T18:48:05Z,
173.239.214.53,ipv4,malicious-ip,medium,WHITE,ziyadnz/hourly-ipv4,ziyadnz|hourly,2026-08-17T18:48:05Z,2026-08-17T18:48:05Z,
173.239.214.57,ipv4,malicious-ip,medium,WHITE,ziyadnz/hourly-ipv4,ziyadnz|hourly,2026-08-17T18:48:05Z,2026-08-17T18:48:05Z,
173.239.216.0,ipv4,malicious-ip,medium,WHITE,ziyadnz/hourly-ipv4,ziyadnz|hourly,2026-08-17T18:48:05Z,2026-08-17T18:48:05Z,
173.239.216.1,ipv4,malicious-ip,medium,WHITE,ziyadnz/hourly-ipv4,ziyadnz|hourly,2026-08-17T18:48:05Z,2026-08-17T18:48:05Z,
173.239.216.13,ipv4,malicious-ip,medium,WHITE,ziyadnz/hourly-ipv4,ziyadnz|hourly,2026-08-17T18:48:05Z,2026-08-17T18:48:05Z,
173.239.216.14,ipv4,malicious-ip,medium,WHITE,ziyadnz/hourly-ipv4,ziyadnz|hourly,2026-08-17T18:48:05Z,2026-08-17T18:48:05Z,
173.239.216.17,ipv4,malicious-ip,medium,WHITE,ziyadnz/hourly-ipv4,ziyadnz|hourly,2026-08-17T18:48:05Z,2026-08-17T18:48:05Z,
173.239.216.19,ipv4,malicious-ip,medium,WHITE,ziyadnz/hourly-ipv4,ziyadnz|hourly,2026-08-17T18:48:05Z,2026-08-17T18:48:05Z,
173.239.216.20,ipv4,malicious-ip,medium,WHITE,ziyadnz/hourly-ipv4,ziyadnz|hourly,2026-08-17T18:48:05Z,2026-08-17T18:48:05Z,
173.239.216.28,ipv4,malicious-ip,medium,WHITE,ziyadnz/hourly-ipv4,ziyadnz|hourly,2026-08-17T18:48:05Z,2026-08-17T18:48:05Z,
173.239.216.32,ipv4,malicious-ip,medium,WHITE,ziyadnz/hourly-ipv4,ziyadnz|hourly,2026-08-17T18:48:05Z,2026-08-17T18:48:05Z,
173.239.216.41,ipv4,malicious-ip,medium,WHITE,ziyadnz/hourly-ipv4,ziyadnz|hourly,2026-08-17T18:48:05Z,2026-08-17T18:48:05Z,
173.239.216.47,ipv4,malicious-ip,medium,WHITE,ziyadnz/hourly-ipv4,ziyadnz|hourly,2026-08-17T18:48:05Z,2026-08-17T18:48:05Z,
173.239.216.52,ipv4,malicious-ip,medium,WHITE,ziyadnz/hourly-ipv4,ziyadnz|hourly,2026-08-17T18:48:05Z,2026-08-17T18:48:05Z,
173.239.217.145,ipv4,malicious-ip,medium,WHITE,ziyadnz/hourly-ipv4,ziyadnz|hourly,2026-08-17T18:48:05Z,2026-08-17T18:48:05Z,
173.239.217.183,ipv4,malicious-ip,medium,WHITE,ziyadnz/hourly-ipv4,ziyadnz|hourly,2026-08-17T18:48:05Z,2026-08-17T18:48:05Z,
173.239.218.182,ipv4,malicious-ip,medium,WHITE,ziyadnz/hourly-ipv4,ziyadnz|hourly,2026-08-17T18:48:05Z,2026-08-17T18:48:05Z,
173.239.218.248,ipv4,malicious-ip,medium,WHITE,ziyadnz/hourly-ipv4,ziyadnz|hourly,2026-08-17T18:48:05Z,2026-08-17T18:48:05Z,
173.239.218.251,ipv4,malicious-ip,medium,WHITE,ziyadnz/hourly-ipv4,ziyadnz|hourly,2026-08-17T18:48:05Z,2026-08-17T18:48:05Z,
173.239.220.11,ipv4,malicious-ip,medium,WHITE,ziyadnz/hourly-ipv4,ziyadnz|hourly,2026-08-17T18:48:05Z,2026-08-17T18:48:05Z,
173.239.220.8,ipv4,malicious-ip,medium,WHITE,ziyadnz/hourly-ipv4,ziyadnz|hourly,2026-08-17T18:48:05Z,2026-08-17T18:48:05Z,
173.239.240.0,ipv4,malicious-ip,medium,WHITE,ziyadnz/hourly-ipv4,ziyadnz|hourly,2026-08-17T18:48:05Z,2026-08-17T18:48:05Z,
173.239.240.11,ipv4,malicious-ip,medium,WHITE,ziyadnz/hourly-ipv4,ziyadnz|hourly,2026-08-17T18:48:05Z,2026-08-17T18:48:05Z,
173.239.240.13,ipv4,malicious-ip,medium,WHITE,ziyadnz/hourly-ipv4,ziyadnz|hourly,2026-08-17T18:48:05Z,2026-08-17T18:48:05Z,
173.239.240.14,ipv4,malicious-ip,medium,WHITE,ziyadnz/hourly-ipv4,ziyadnz|hourly,2026-08-17T18:48:05Z,2026-08-17T18:48:05Z,
173.239.240.141,ipv4,malicious-ip,medium,WHITE,ziyadnz/hourly-ipv4,ziyadnz|hourly,2026-08-17T18:48:05Z,2026-08-17T18:48:05Z,
173.239.240.146,ipv4,malicious-ip,medium,WHITE,ziyadnz/hourly-ipv4,ziyadnz|hourly,2026-08-17T18:48:05Z,2026-08-17T18:48:05Z,
173.239.240.154,ipv4,malicious-ip,medium,WHITE,ziyadnz/hourly-ipv4,ziyadnz|hourly,2026-08-17T18:48:05Z,2026-08-17T18:48:05Z,
173.239.240.157,ipv4,malicious-ip,medium,WHITE,ziyadnz/hourly-ipv4,ziyadnz|hourly,2026-08-17T18:48:05Z,2026-08-17T18:48:05Z,
173.239.240.18,ipv4,malicious-ip,medium,WHITE,ziyadnz/hourly-ipv4,ziyadnz|hourly,2026-08-17T18:48:05Z,2026-08-17T18:48:05Z,
173.239.240.19,ipv4,malicious-ip,medium,WHITE,ziyadnz/hourly-ipv4,ziyadnz|hourly,2026-08-17T18:48:05Z,2026-08-17T18:48:05Z,
173.239.240.20,ipv4,malicious-ip,medium,WHITE,ziyadnz/hourly-ipv4,ziyadnz|hourly,2026-08-17T18:48:05Z,2026-08-17T18:48:05Z,
173.239.240.23,ipv4,malicious-ip,medium,WHITE,ziyadnz/hourly-ipv4,ziyadnz|hourly,2026-08-17T18:48:05Z,2026-08-17T18:48:05Z,
173.239.240.231,ipv4,malicious-ip,medium,WHITE,ziyadnz/hourly-ipv4,ziyadnz|hourly,2026-08-17T18:48:05Z,2026-08-17T18:48:05Z,
173.239.240.233,ipv4,malicious-ip,medium,WHITE,ziyadnz/hourly-ipv4,ziyadnz|hourly,2026-08-17T18:48:05Z,2026-08-17T18:48:05Z,
173.239.240.234,ipv4,malicious-ip,medium,WHITE,ziyadnz/hourly-ipv4,ziyadnz|hourly,2026-08-17T18:48:05Z,2026-08-17T18:48:05Z,
173.239.240.242,ipv4,malicious-ip,medium,WHITE,ziyadnz/hourly-ipv4,ziyadnz|hourly,2026-08-17T18:48:05Z,2026-08-17T18:48:05Z,
173.239.240.25,ipv4,malicious-ip,medium,WHITE,ziyadnz/hourly-ipv4,ziyadnz|hourly,2026-08-17T18:48:05Z,2026-08-17T18:48:05Z,
173.239.240.250,ipv4,malicious-ip,medium,WHITE,ziyadnz/hourly-ipv4,ziyadnz|hourly,2026-08-17T18:48:05Z,2026-08-17T18:48:05Z,
173.239.240.252,ipv4,malicious-ip,medium,WHITE,ziyadnz/hourly-ipv4,ziyadnz|hourly,2026-08-17T18:48:05Z,2026-08-17T18:48:05Z,
173.239.240.26,ipv4,malicious-ip,medium,WHITE,ziyadnz/hourly-ipv4,ziyadnz|hourly,2026-08-17T18:48:05Z,2026-08-17T18:48:05Z,
173.239.240.5,ipv4,malicious-ip,medium,WHITE,ziyadnz/hourly-ipv4,ziyadnz|hourly,2026-08-17T18:48:05Z,2026-08-17T18:48:05Z,
173.239.240.7,ipv4,malicious-ip,medium,WHITE,ziyadnz/hourly-ipv4,ziyadnz|hourly,2026-08-17T18:48:05Z,2026-08-17T18:48:05Z,
173.239.240.8,ipv4,malicious-ip,medium,WHITE,ziyadnz/hourly-ipv4,ziyadnz|hourly,2026-08-17T18:48:05Z,2026-08-17T18:48:05Z,
173.239.254.219,ipv4,malicious-ip,medium,WHITE,ziyadnz/hourly-ipv4,ziyadnz|hourly,2026-08-17T18:48:05Z,2026-08-17T18:48:05Z,
173.239.254.225,ipv4,malicious-ip,medium,WHITE,ziyadnz/hourly-ipv4,ziyadnz|hourly,2026-08-17T18:48:05Z,2026-08-17T18:48:05Z,
173.239.254.233,ipv4,malicious-ip,medium,WHITE,ziyadnz/hourly-ipv4,ziyadnz|hourly,2026-08-17T18:48:05Z,2026-08-17T18:48:05Z,
173.239.254.237,ipv4,malicious-ip,medium,WHITE,ziyadnz/hourly-ipv4,ziyadnz|hourly,2026-08-17T18:48:05Z,2026-08-17T18:48:05Z,
173.24.255.38,ipv4,malicious-ip,medium,WHITE,ziyadnz/hourly-ipv4,ziyadnz|hourly,2026-08-17T18:48:05Z,2026-08-17T18:48:05Z,
173.244.49.34,ipv4,malicious-ip,medium,WHITE,ziyadnz/hourly-ipv4,ziyadnz|hourly,2026-08-17T18:48:05Z,2026-08-17T18:48:05Z,
173.244.56.190,ipv4,malicious-ip,medium,WHITE,ziyadnz/hourly-ipv4,ziyadnz|hourly,2026-08-17T18:48:05Z,2026-08-17T18:48:05Z,
173.244.58.6,ipv4,malicious-ip,medium,WHITE,ziyadnz/hourly-ipv4,ziyadnz|hourly,2026-08-17T18:48:05Z,2026-08-17T18:48:05Z,
173.244.60.155,ipv4,malicious-ip,medium,WHITE,ziyadnz/hourly-ipv4,ziyadnz|hourly,2026-08-17T18:48:05Z,2026-08-17T18:48:05Z,
173.244.60.241,ipv4,malicious-ip,medium,WHITE,ziyadnz/hourly-ipv4,ziyadnz|hourly,2026-08-17T18:48:05Z,2026-08-17T18:48:05Z,
173.248.225.175,ipv4,malicious-ip,medium,WHITE,ziyadnz/hourly-ipv4,ziyadnz|hourly,2026-08-17T18:48:05Z,2026-08-17T18:48:05Z,
173.249.195.174,ipv4,malicious-ip,medium,WHITE,ziyadnz/hourly-ipv4,ziyadnz|hourly,2026-08-17T18:48:05Z,2026-08-17T18:48:05Z,
173.249.209.193,ipv4,malicious-ip,medium,WHITE,ziyadnz/hourly-ipv4,ziyadnz|hourly,2026-08-17T18:48:05Z,2026-08-17T18:48:05Z,
173.249.23.186,ipv4,malicious-ip,medium,WHITE,ziyadnz/hourly-ipv4,ziyadnz|hourly,2026-08-17T18:48:05Z,2026-08-17T18:48:05Z,
173.249.26.93,ipv4,malicious-ip,medium,WHITE,ziyadnz/hourly-ipv4,ziyadnz|hourly,2026-08-17T18:48:05Z,2026-08-17T18:48:05Z,
173.249.31.159,ipv4,malicious-ip,medium,WHITE,ziyadnz/hourly-ipv4,ziyadnz|hourly,2026-08-17T18:48:05Z,2026-08-17T18:48:05Z,
173.249.38.96,ipv4,malicious-ip,medium,WHITE,ziyadnz/hourly-ipv4,ziyadnz|hourly,2026-08-17T18:48:05Z,2026-08-17T18:48:05Z,
173.249.41.141,ipv4,malicious-ip,medium,WHITE,ziyadnz/hourly-ipv4,ziyadnz|hourly,2026-08-17T18:48:05Z,2026-08-17T18:48:05Z,
173.249.41.171,ipv4,malicious-ip,medium,WHITE,ziyadnz/hourly-ipv4,ziyadnz|hourly,2026-08-17T18:48:05Z,2026-08-17T18:48:05Z,
173.249.44.74,ipv4,malicious-ip,medium,WHITE,ziyadnz/hourly-ipv4,ziyadnz|hourly,2026-08-17T18:48:05Z,2026-08-17T18:48:05Z,
173.249.49.39,ipv4,malicious-ip,medium,WHITE,ziyadnz/hourly-ipv4,ziyadnz|hourly,2026-08-17T18:48:05Z,2026-08-17T18:48:05Z,
173.249.50.38,ipv4,malicious-ip,medium,WHITE,ziyadnz/hourly-ipv4,ziyadnz|hourly,2026-08-17T18:48:05Z,2026-08-17T18:48:05Z,
173.249.59.206,ipv4,malicious-ip,medium,WHITE,ziyadnz/hourly-ipv4,ziyadnz|hourly,2026-08-17T18:48:05Z,2026-08-17T18:48:05Z,
173.249.9.111,ipv4,malicious-ip,medium,WHITE,ziyadnz/hourly-ipv4,ziyadnz|hourly,2026-08-17T18:48:05Z,2026-08-17T18:48:05Z,
173.25.75.150,ipv4,malicious-ip,medium,WHITE,ziyadnz/hourly-ipv4,ziyadnz|hourly,2026-08-17T18:48:05Z,2026-08-17T18:48:05Z,
173.254.104.138,ipv4,malicious-ip,medium,WHITE,ziyadnz/hourly-ipv4,ziyadnz|hourly,2026-08-17T18:48:05Z,2026-08-17T18:48:05Z,
173.254.204.78,ipv4,malicious-ip,medium,WHITE,ziyadnz/hourly-ipv4,ziyadnz|hourly,2026-08-17T18:48:05Z,2026-08-17T18:48:05Z,
173.254.207.117,ipv4,malicious-ip,medium,WHITE,ziyadnz/hourly-ipv4,ziyadnz|hourly,2026-08-17T18:48:05Z,2026-08-17T18:48:05Z,
173.255.192.158,ipv4,malicious-ip,medium,WHITE,ziyadnz/hourly-ipv4,ziyadnz|hourly,2026-08-17T18:48:05Z,2026-08-17T18:48:05Z,
173.255.192.234,ipv4,malicious-ip,medium,WHITE,ziyadnz/hourly-ipv4,ziyadnz|hourly,2026-08-17T18:48:05Z,2026-08-17T18:48:05Z,
173.255.192.244,ipv4,malicious-ip,medium,WHITE,ziyadnz/hourly-ipv4,ziyadnz|hourly,2026-08-17T18:48:05Z,2026-08-17T18:48:05Z,
173.255.197.36,ipv4,malicious-ip,medium,WHITE,ziyadnz/hourly-ipv4,ziyadnz|hourly,2026-08-17T18:48:05Z,2026-08-17T18:48:05Z,
173.255.198.243,ipv4,malicious-ip,medium,WHITE,ziyadnz/hourly-ipv4,ziyadnz|hourly,2026-08-17T18:48:05Z,2026-08-17T18:48:05Z,
173.255.210.89,ipv4,malicious-ip,medium,WHITE,ziyadnz/hourly-ipv4,ziyadnz|hourly,2026-08-17T18:48:05Z,2026-08-17T18:48:05Z,
173.255.212.137,ipv4,malicious-ip,medium,WHITE,ziyadnz/hourly-ipv4,ziyadnz|hourly,2026-08-17T18:48:05Z,2026-08-17T18:48:05Z,
173.255.214.230,ipv4,malicious-ip,medium,WHITE,ziyadnz/hourly-ipv4,ziyadnz|hourly,2026-08-17T18:48:05Z,2026-08-17T18:48:05Z,
173.255.214.44,ipv4,malicious-ip,medium,WHITE,ziyadnz/hourly-ipv4,ziyadnz|hourly,2026-08-17T18:48:05Z,2026-08-17T18:48:05Z,
173.255.214.52,ipv4,malicious-ip,medium,WHITE,ziyadnz/hourly-ipv4,ziyadnz|hourly,2026-08-17T18:48:05Z,2026-08-17T18:48:05Z,
173.255.214.62,ipv4,malicious-ip,medium,WHITE,ziyadnz/hourly-ipv4,ziyadnz|hourly,2026-08-17T18:48:05Z,2026-08-17T18:48:05Z,
173.255.214.88,ipv4,malicious-ip,medium,WHITE,ziyadnz/hourly-ipv4,ziyadnz|hourly,2026-08-17T18:48:05Z,2026-08-17T18:48:05Z,
173.255.215.183,ipv4,malicious-ip,medium,WHITE,ziyadnz/hourly-ipv4,ziyadnz|hourly,2026-08-17T18:48:05Z,2026-08-17T18:48:05Z,
173.255.221.136,ipv4,malicious-ip,medium,WHITE,ziyadnz/hourly-ipv4,ziyadnz|hourly,2026-08-17T18:48:05Z,2026-08-17T18:48:05Z,
173.255.221.139,ipv4,malicious-ip,medium,WHITE,ziyadnz/hourly-ipv4,ziyadnz|hourly,2026-08-17T18:48:05Z,2026-08-17T18:48:05Z,
173.255.221.151,ipv4,malicious-ip,medium,WHITE,ziyadnz/hourly-ipv4,ziyadnz|hourly,2026-08-17T18:48:05Z,2026-08-17T18:48:05Z,
173.255.221.224,ipv4,malicious-ip,medium,WHITE,ziyadnz/hourly-ipv4,ziyadnz|hourly,2026-08-17T18:48:05Z,2026-08-17T18:48:05Z,
173.255.221.254,ipv4,malicious-ip,medium,WHITE,ziyadnz/hourly-ipv4,ziyadnz|hourly,2026-08-17T18:48:05Z,2026-08-17T18:48:05Z,
173.255.221.52,ipv4,malicious-ip,medium,WHITE,ziyadnz/hourly-ipv4,ziyadnz|hourly,2026-08-17T18:48:05Z,2026-08-17T18:48:05Z,
173.255.223.124,ipv4,malicious-ip,medium,WHITE,ziyadnz/hourly-ipv4,ziyadnz|hourly,2026-08-17T18:48:05Z,2026-08-17T18:48:05Z,
173.255.223.143,ipv4,malicious-ip,medium,WHITE,ziyadnz/hourly-ipv4,ziyadnz|hourly,2026-08-17T18:48:05Z,2026-08-17T18:48:05Z,
173.255.223.149,ipv4,malicious-ip,medium,WHITE,ziyadnz/hourly-ipv4,ziyadnz|hourly,2026-08-17T18:48:05Z,2026-08-17T18:48:05Z,
173.255.223.32,ipv4,malicious-ip,medium,WHITE,ziyadnz/hourly-ipv4,ziyadnz|hourly,2026-08-17T18:48:05Z,2026-08-17T18:48:05Z,
173.255.223.49,ipv4,malicious-ip,medium,WHITE,ziyadnz/hourly-ipv4,ziyadnz|hourly,2026-08-17T18:48:05Z,2026-08-17T18:48:05Z,
173.255.223.89,ipv4,malicious-ip,medium,WHITE,ziyadnz/hourly-ipv4,ziyadnz|hourly,2026-08-17T18:48:05Z,2026-08-17T18:48:05Z,
173.255.225.15,ipv4,malicious-ip,medium,WHITE,ziyadnz/hourly-ipv4,ziyadnz|hourly,2026-08-17T18:48:05Z,2026-08-17T18:48:05Z,
173.255.225.25,ipv4,malicious-ip,medium,WHITE,ziyadnz/hourly-ipv4,ziyadnz|hourly,2026-08-17T18:48:05Z,2026-08-17T18:48:05Z,
173.255.226.194,ipv4,malicious-ip,medium,WHITE,ziyadnz/hourly-ipv4,ziyadnz|hourly,2026-08-17T18:48:05Z,2026-08-17T18:48:05Z,
173.255.226.210,ipv4,malicious-ip,medium,WHITE,ziyadnz/hourly-ipv4,ziyadnz|hourly,2026-08-17T18:48:05Z,2026-08-17T18:48:05Z,
173.255.227.196,ipv4,malicious-ip,medium,WHITE,ziyadnz/hourly-ipv4,ziyadnz|hourly,2026-08-17T18:48:05Z,2026-08-17T18:48:05Z,
173.255.233.65,ipv4,malicious-ip,medium,WHITE,ziyadnz/hourly-ipv4,ziyadnz|hourly,2026-08-17T18:48:05Z,2026-08-17T18:48:05Z,
173.255.237.49,ipv4,malicious-ip,medium,WHITE,ziyadnz/hourly-ipv4,ziyadnz|hourly,2026-08-17T18:48:05Z,2026-08-17T18:48:05Z,
173.255.238.109,ipv4,malicious-ip,medium,WHITE,ziyadnz/hourly-ipv4,ziyadnz|hourly,2026-08-17T18:48:05Z,2026-08-17T18:48:05Z,
173.255.241.162,ipv4,malicious-ip,medium,WHITE,ziyadnz/hourly-ipv4,ziyadnz|hourly,2026-08-17T18:48:05Z,2026-08-17T18:48:05Z,
173.255.243.63,ipv4,malicious-ip,medium,WHITE,ziyadnz/hourly-ipv4,ziyadnz|hourly,2026-08-17T18:48:05Z,2026-08-17T18:48:05Z,
173.255.247.156,ipv4,malicious-ip,medium,WHITE,ziyadnz/hourly-ipv4,ziyadnz|hourly,2026-08-17T18:48:05Z,2026-08-17T18:48:05Z,
173.255.247.171,ipv4,malicious-ip,medium,WHITE,ziyadnz/hourly-ipv4,ziyadnz|hourly,2026-08-17T18:48:05Z,2026-08-17T18:48:05Z,
173.255.248.25,ipv4,malicious-ip,medium,WHITE,ziyadnz/hourly-ipv4,ziyadnz|hourly,2026-08-17T18:48:05Z,2026-08-17T18:48:05Z,
173.30.111.133,ipv4,malicious-ip,medium,WHITE,ziyadnz/hourly-ipv4,ziyadnz|hourly,2026-08-17T18:48:05Z,2026-08-17T18:48:05Z,
173.31.249.114,ipv4,malicious-ip,medium,WHITE,ziyadnz/hourly-ipv4,ziyadnz|hourly,2026-08-17T18:48:05Z,2026-08-17T18:48:05Z,
173.33.232.9,ipv4,malicious-ip,medium,WHITE,ziyadnz/hourly-ipv4,ziyadnz|hourly,2026-08-17T18:48:05Z,2026-08-17T18:48:05Z,
173.34.16.102,ipv4,malicious-ip,medium,WHITE,ziyadnz/hourly-ipv4,ziyadnz|hourly,2026-08-17T18:48:05Z,2026-08-17T18:48:05Z,
173.34.17.177,ipv4,malicious-ip,medium,WHITE,ziyadnz/hourly-ipv4,ziyadnz|hourly,2026-08-17T18:48:05Z,2026-08-17T18:48:05Z,
173.35.207.30,ipv4,malicious-ip,medium,WHITE,ziyadnz/hourly-ipv4,ziyadnz|hourly,2026-08-17T18:48:05Z,2026-08-17T18:48:05Z,
173.40.231.110,ipv4,malicious-ip,medium,WHITE,ziyadnz/hourly-ipv4,ziyadnz|hourly,2026-08-17T18:48:05Z,2026-08-17T18:48:05Z,
173.40.32.211,ipv4,malicious-ip,medium,WHITE,ziyadnz/hourly-ipv4,ziyadnz|hourly,2026-08-17T18:48:05Z,2026-08-17T18:48:05Z,
173.40.49.130,ipv4,malicious-ip,medium,WHITE,ziyadnz/hourly-ipv4,ziyadnz|hourly,2026-08-17T18:48:05Z,2026-08-17T18:48:05Z,
173.40.53.43,ipv4,malicious-ip,medium,WHITE,ziyadnz/hourly-ipv4,ziyadnz|hourly,2026-08-17T18:48:05Z,2026-08-17T18:48:05Z,
173.44.141.226,ipv4,malicious-ip,medium,WHITE,ziyadnz/hourly-ipv4,ziyadnz|hourly,2026-08-17T18:48:05Z,2026-08-17T18:48:05Z,
173.44.141.89,ipv4,malicious-ip,medium,WHITE,ziyadnz/hourly-ipv4,ziyadnz|hourly,2026-08-17T18:48:05Z,2026-08-17T18:48:05Z,
173.44.224.54,ipv4,malicious-ip,medium,WHITE,ziyadnz/hourly-ipv4,ziyadnz|hourly,2026-08-17T18:48:05Z,2026-08-17T18:48:05Z,
173.44.42.155,ipv4,malicious-ip,medium,WHITE,ziyadnz/hourly-ipv4,ziyadnz|hourly,2026-08-17T18:48:05Z,2026-08-17T18:48:05Z,
173.46.80.206,ipv4,malicious-ip,medium,WHITE,ziyadnz/hourly-ipv4,ziyadnz|hourly,2026-08-17T18:48:05Z,2026-08-17T18:48:05Z,
173.47.152.246,ipv4,malicious-ip,medium,WHITE,ziyadnz/hourly-ipv4,ziyadnz|hourly,2026-08-17T18:48:05Z,2026-08-17T18:48:05Z,
173.53.43.7,ipv4,malicious-ip,medium,WHITE,ziyadnz/hourly-ipv4,ziyadnz|hourly,2026-08-17T18:48:05Z,2026-08-17T18:48:05Z,
173.54.68.205,ipv4,malicious-ip,medium,WHITE,ziyadnz/hourly-ipv4,ziyadnz|hourly,2026-08-17T18:48:05Z,2026-08-17T18:48:05Z,
173.59.41.93,ipv4,malicious-ip,medium,WHITE,ziyadnz/hourly-ipv4,ziyadnz|hourly,2026-08-17T18:48:05Z,2026-08-17T18:48:05Z,
173.66.136.27,ipv4,malicious-ip,medium,WHITE,ziyadnz/hourly-ipv4,ziyadnz|hourly,2026-08-17T18:48:05Z,2026-08-17T18:48:05Z,
173.66.151.165,ipv4,malicious-ip,medium,WHITE,ziyadnz/hourly-ipv4,ziyadnz|hourly,2026-08-17T18:48:05Z,2026-08-17T18:48:05Z,
173.66.194.194,ipv4,malicious-ip,medium,WHITE,ziyadnz/hourly-ipv4,ziyadnz|hourly,2026-08-17T18:48:05Z,2026-08-17T18:48:05Z,
173.66.33.119,ipv4,malicious-ip,medium,WHITE,ziyadnz/hourly-ipv4,ziyadnz|hourly,2026-08-17T18:48:05Z,2026-08-17T18:48:05Z,
173.68.194.68,ipv4,malicious-ip,medium,WHITE,ziyadnz/hourly-ipv4,ziyadnz|hourly,2026-08-17T18:48:05Z,2026-08-17T18:48:05Z,
173.69.149.214,ipv4,malicious-ip,medium,WHITE,ziyadnz/hourly-ipv4,ziyadnz|hourly,2026-08-17T18:48:05Z,2026-08-17T18:48:05Z,
173.69.38.74,ipv4,malicious-ip,medium,WHITE,ziyadnz/hourly-ipv4,ziyadnz|hourly,2026-08-17T18:48:05Z,2026-08-17T18:48:05Z,
173.70.228.198,ipv4,malicious-ip,medium,WHITE,ziyadnz/hourly-ipv4,ziyadnz|hourly,2026-08-17T18:48:05Z,2026-08-17T18:48:05Z,
173.81.66.39,ipv4,malicious-ip,medium,WHITE,ziyadnz/hourly-ipv4,ziyadnz|hourly,2026-08-17T18:48:05Z,2026-08-17T18:48:05Z,
173.88.123.174,ipv4,malicious-ip,medium,WHITE,ziyadnz/hourly-ipv4,ziyadnz|hourly,2026-08-17T18:48:05Z,2026-08-17T18:48:05Z,
173.88.177.12,ipv4,malicious-ip,medium,WHITE,ziyadnz/hourly-ipv4,ziyadnz|hourly,2026-08-17T18:48:05Z,2026-08-17T18:48:05Z,
173.91.12.183,ipv4,malicious-ip,medium,WHITE,ziyadnz/hourly-ipv4,ziyadnz|hourly,2026-08-17T18:48:05Z,2026-08-17T18:48:05Z,
173.91.178.1,ipv4,malicious-ip,medium,WHITE,ziyadnz/hourly-ipv4,ziyadnz|hourly,2026-08-17T18:48:05Z,2026-08-17T18:48:05Z,
173.91.46.151,ipv4,malicious-ip,medium,WHITE,ziyadnz/hourly-ipv4,ziyadnz|hourly,2026-08-17T18:48:05Z,2026-08-17T18:48:05Z,
173.94.109.122,ipv4,malicious-ip,medium,WHITE,ziyadnz/hourly-ipv4,ziyadnz|hourly,2026-08-17T18:48:05Z,2026-08-17T18:48:05Z,
173.94.166.46,ipv4,malicious-ip,medium,WHITE,ziyadnz/hourly-ipv4,ziyadnz|hourly,2026-08-17T18:48:05Z,2026-08-17T18:48:05Z,
173.94.6.137,ipv4,malicious-ip,medium,WHITE,ziyadnz/hourly-ipv4,ziyadnz|hourly,2026-08-17T18:48:05Z,2026-08-17T18:48:05Z,
174.0.25.226,ipv4,malicious-ip,medium,WHITE,ziyadnz/hourly-ipv4,ziyadnz|hourly,2026-08-17T18:48:05Z,2026-08-17T18:48:05Z,
174.105.15.219,ipv4,malicious-ip,medium,WHITE,ziyadnz/hourly-ipv4,ziyadnz|hourly,2026-08-17T18:48:05Z,2026-08-17T18:48:05Z,
174.106.33.121,ipv4,malicious-ip,medium,WHITE,ziyadnz/hourly-ipv4,ziyadnz|hourly,2026-08-17T18:48:05Z,2026-08-17T18:48:05Z,
174.110.140.146,ipv4,malicious-ip,medium,WHITE,ziyadnz/hourly-ipv4,ziyadnz|hourly,2026-08-17T18:48:05Z,2026-08-17T18:48:05Z,
174.110.90.134,ipv4,malicious-ip,medium,WHITE,ziyadnz/hourly-ipv4,ziyadnz|hourly,2026-08-17T18:48:05Z,2026-08-17T18:48:05Z,
174.111.48.145,ipv4,malicious-ip,medium,WHITE,ziyadnz/hourly-ipv4,ziyadnz|hourly,2026-08-17T18:48:05Z,2026-08-17T18:48:05Z,
174.115.146.36,ipv4,malicious-ip,medium,WHITE,ziyadnz/hourly-ipv4,ziyadnz|hourly,2026-08-17T18:48:05Z,2026-08-17T18:48:05Z,
174.115.87.57,ipv4,malicious-ip,medium,WHITE,ziyadnz/hourly-ipv4,ziyadnz|hourly,2026-08-17T18:48:05Z,2026-08-17T18:48:05Z,
174.129.56.240,ipv4,malicious-ip,medium,WHITE,ziyadnz/hourly-ipv4,ziyadnz|hourly,2026-08-17T18:48:05Z,2026-08-17T18:48:05Z,
174.129.58.61,ipv4,malicious-ip,medium,WHITE,ziyadnz/hourly-ipv4,ziyadnz|hourly,2026-08-17T18:48:05Z,2026-08-17T18:48:05Z,
174.129.71.237,ipv4,malicious-ip,medium,WHITE,ziyadnz/hourly-ipv4,ziyadnz|hourly,2026-08-17T18:48:05Z,2026-08-17T18:48:05Z,
174.136.206.6,ipv4,malicious-ip,medium,WHITE,ziyadnz/hourly-ipv4,ziyadnz|hourly,2026-08-17T18:48:05Z,2026-08-17T18:48:05Z,
174.137.29.175,ipv4,malicious-ip,medium,WHITE,ziyadnz/hourly-ipv4,ziyadnz|hourly,2026-08-17T18:48:05Z,2026-08-17T18:48:05Z,
174.138.10.26,ipv4,malicious-ip,medium,WHITE,ziyadnz/hourly-ipv4,ziyadnz|hourly,2026-08-17T18:48:05Z,2026-08-17T18:48:05Z,
174.138.25.184,ipv4,malicious-ip,medium,WHITE,ziyadnz/hourly-ipv4,ziyadnz|hourly,2026-08-17T18:48:05Z,2026-08-17T18:48:05Z,
174.138.25.190,ipv4,malicious-ip,medium,WHITE,ziyadnz/hourly-ipv4,ziyadnz|hourly,2026-08-17T18:48:05Z,2026-08-17T18:48:05Z,
174.138.32.218,ipv4,malicious-ip,medium,WHITE,ziyadnz/hourly-ipv4,ziyadnz|hourly,2026-08-17T18:48:05Z,2026-08-17T18:48:05Z,
174.138.33.89,ipv4,malicious-ip,medium,WHITE,ziyadnz/hourly-ipv4,ziyadnz|hourly,2026-08-17T18:48:05Z,2026-08-17T18:48:05Z,
174.138.34.89,ipv4,malicious-ip,medium,WHITE,ziyadnz/hourly-ipv4,ziyadnz|hourly,2026-08-17T18:48:05Z,2026-08-17T18:48:05Z,
174.138.40.30,ipv4,malicious-ip,medium,WHITE,ziyadnz/hourly-ipv4,ziyadnz|hourly,2026-08-17T18:48:05Z,2026-08-17T18:48:05Z,
174.138.42.196,ipv4,malicious-ip,medium,WHITE,ziyadnz/hourly-ipv4,ziyadnz|hourly,2026-08-17T18:48:05Z,2026-08-17T18:48:05Z,
174.138.45.187,ipv4,malicious-ip,medium,WHITE,ziyadnz/hourly-ipv4,ziyadnz|hourly,2026-08-17T18:48:05Z,2026-08-17T18:48:05Z,
174.138.54.50,ipv4,malicious-ip,medium,WHITE,ziyadnz/hourly-ipv4,ziyadnz|hourly,2026-08-17T18:48:05Z,2026-08-17T18:48:05Z,
174.138.56.21,ipv4,malicious-ip,medium,WHITE,ziyadnz/hourly-ipv4,ziyadnz|hourly,2026-08-17T18:48:05Z,2026-08-17T18:48:05Z,
174.138.62.216,ipv4,malicious-ip,medium,WHITE,ziyadnz/hourly-ipv4,ziyadnz|hourly,2026-08-17T18:48:05Z,2026-08-17T18:48:05Z,
174.138.87.36,ipv4,malicious-ip,medium,WHITE,ziyadnz/hourly-ipv4,ziyadnz|hourly,2026-08-17T18:48:05Z,2026-08-17T18:48:05Z,
174.138.9.59,ipv4,malicious-ip,medium,WHITE,ziyadnz/hourly-ipv4,ziyadnz|hourly,2026-08-17T18:48:05Z,2026-08-17T18:48:05Z,
174.138.93.203,ipv4,malicious-ip,medium,WHITE,ziyadnz/hourly-ipv4,ziyadnz|hourly,2026-08-17T18:48:05Z,2026-08-17T18:48:05Z,
174.139.150.224,ipv4,malicious-ip,medium,WHITE,ziyadnz/hourly-ipv4,ziyadnz|hourly,2026-08-17T18:48:05Z,2026-08-17T18:48:05Z,
174.139.217.145,ipv4,malicious-ip,medium,WHITE,ziyadnz/hourly-ipv4,ziyadnz|hourly,2026-08-17T18:48:05Z,2026-08-17T18:48:05Z,
174.140.218.0,ipv4,malicious-ip,medium,WHITE,ziyadnz/hourly-ipv4,ziyadnz|hourly,2026-08-17T18:48:05Z,2026-08-17T18:48:05Z,
174.140.218.128,ipv4,malicious-ip,medium,WHITE,ziyadnz/hourly-ipv4,ziyadnz|hourly,2026-08-17T18:48:05Z,2026-08-17T18:48:05Z,
174.140.218.132,ipv4,malicious-ip,medium,WHITE,ziyadnz/hourly-ipv4,ziyadnz|hourly,2026-08-17T18:48:05Z,2026-08-17T18:48:05Z,
174.140.218.136,ipv4,malicious-ip,medium,WHITE,ziyadnz/hourly-ipv4,ziyadnz|hourly,2026-08-17T18:48:05Z,2026-08-17T18:48:05Z,
174.140.218.145,ipv4,malicious-ip,medium,WHITE,ziyadnz/hourly-ipv4,ziyadnz|hourly,2026-08-17T18:48:05Z,2026-08-17T18:48:05Z,
174.140.218.153,ipv4,malicious-ip,medium,WHITE,ziyadnz/hourly-ipv4,ziyadnz|hourly,2026-08-17T18:48:05Z,2026-08-17T18:48:05Z,
174.140.218.181,ipv4,malicious-ip,medium,WHITE,ziyadnz/hourly-ipv4,ziyadnz|hourly,2026-08-17T18:48:05Z,2026-08-17T18:48:05Z,
174.140.218.184,ipv4,malicious-ip,medium,WHITE,ziyadnz/hourly-ipv4,ziyadnz|hourly,2026-08-17T18:48:05Z,2026-08-17T18:48:05Z,
174.140.218.185,ipv4,malicious-ip,medium,WHITE,ziyadnz/hourly-ipv4,ziyadnz|hourly,2026-08-17T18:48:05Z,2026-08-17T18:48:05Z,
174.140.218.187,ipv4,malicious-ip,medium,WHITE,ziyadnz/hourly-ipv4,ziyadnz|hourly,2026-08-17T18:48:05Z,2026-08-17T18:48:05Z,
174.140.218.189,ipv4,malicious-ip,medium,WHITE,ziyadnz/hourly-ipv4,ziyadnz|hourly,2026-08-17T18:48:05Z,2026-08-17T18:48:05Z,
174.140.218.19,ipv4,malicious-ip,medium,WHITE,ziyadnz/hourly-ipv4,ziyadnz|hourly,2026-08-17T18:48:05Z,2026-08-17T18:48:05Z,
174.140.218.194,ipv4,malicious-ip,medium,WHITE,ziyadnz/hourly-ipv4,ziyadnz|hourly,2026-08-17T18:48:05Z,2026-08-17T18:48:05Z,
174.140.218.206,ipv4,malicious-ip,medium,WHITE,ziyadnz/hourly-ipv4,ziyadnz|hourly,2026-08-17T18:48:05Z,2026-08-17T18:48:05Z,
174.140.218.211,ipv4,malicious-ip,medium,WHITE,ziyadnz/hourly-ipv4,ziyadnz|hourly,2026-08-17T18:48:05Z,2026-08-17T18:48:05Z,
174.140.218.218,ipv4,malicious-ip,medium,WHITE,ziyadnz/hourly-ipv4,ziyadnz|hourly,2026-08-17T18:48:05Z,2026-08-17T18:48:05Z,
174.140.218.223,ipv4,malicious-ip,medium,WHITE,ziyadnz/hourly-ipv4,ziyadnz|hourly,2026-08-17T18:48:05Z,2026-08-17T18:48:05Z,
174.140.218.24,ipv4,malicious-ip,medium,WHITE,ziyadnz/hourly-ipv4,ziyadnz|hourly,2026-08-17T18:48:05Z,2026-08-17T18:48:05Z,
174.140.218.242,ipv4,malicious-ip,medium,WHITE,ziyadnz/hourly-ipv4,ziyadnz|hourly,2026-08-17T18:48:05Z,2026-08-17T18:48:05Z,
174.140.218.38,ipv4,malicious-ip,medium,WHITE,ziyadnz/hourly-ipv4,ziyadnz|hourly,2026-08-17T18:48:05Z,2026-08-17T18:48:05Z,
174.140.218.4,ipv4,malicious-ip,medium,WHITE,ziyadnz/hourly-ipv4,ziyadnz|hourly,2026-08-17T18:48:05Z,2026-08-17T18:48:05Z,
174.140.218.49,ipv4,malicious-ip,medium,WHITE,ziyadnz/hourly-ipv4,ziyadnz|hourly,2026-08-17T18:48:05Z,2026-08-17T18:48:05Z,
174.140.218.51,ipv4,malicious-ip,medium,WHITE,ziyadnz/hourly-ipv4,ziyadnz|hourly,2026-08-17T18:48:05Z,2026-08-17T18:48:05Z,
174.140.218.67,ipv4,malicious-ip,medium,WHITE,ziyadnz/hourly-ipv4,ziyadnz|hourly,2026-08-17T18:48:05Z,2026-08-17T18:48:05Z,
174.140.218.74,ipv4,malicious-ip,medium,WHITE,ziyadnz/hourly-ipv4,ziyadnz|hourly,2026-08-17T18:48:05Z,2026-08-17T18:48:05Z,
174.140.218.83,ipv4,malicious-ip,medium,WHITE,ziyadnz/hourly-ipv4,ziyadnz|hourly,2026-08-17T18:48:05Z,2026-08-17T18:48:05Z,
174.141.188.212,ipv4,malicious-ip,medium,WHITE,ziyadnz/hourly-ipv4,ziyadnz|hourly,2026-08-17T18:48:05Z,2026-08-17T18:48:05Z,
174.16.149.111,ipv4,malicious-ip,medium,WHITE,ziyadnz/hourly-ipv4,ziyadnz|hourly,2026-08-17T18:48:05Z,2026-08-17T18:48:05Z,
174.160.112.156,ipv4,malicious-ip,medium,WHITE,ziyadnz/hourly-ipv4,ziyadnz|hourly,2026-08-17T18:48:05Z,2026-08-17T18:48:05Z,
174.164.111.251,ipv4,malicious-ip,medium,WHITE,ziyadnz/hourly-ipv4,ziyadnz|hourly,2026-08-17T18:48:05Z,2026-08-17T18:48:05Z,
174.164.204.40,ipv4,malicious-ip,medium,WHITE,ziyadnz/hourly-ipv4,ziyadnz|hourly,2026-08-17T18:48:05Z,2026-08-17T18:48:05Z,
174.166.161.138,ipv4,malicious-ip,medium,WHITE,ziyadnz/hourly-ipv4,ziyadnz|hourly,2026-08-17T18:48:05Z,2026-08-17T18:48:05Z,
174.168.146.152,ipv4,malicious-ip,medium,WHITE,ziyadnz/hourly-ipv4,ziyadnz|hourly,2026-08-17T18:48:05Z,2026-08-17T18:48:05Z,
174.169.139.85,ipv4,malicious-ip,medium,WHITE,ziyadnz/hourly-ipv4,ziyadnz|hourly,2026-08-17T18:48:05Z,2026-08-17T18:48:05Z,
174.175.58.106,ipv4,malicious-ip,medium,WHITE,ziyadnz/hourly-ipv4,ziyadnz|hourly,2026-08-17T18:48:05Z,2026-08-17T18:48:05Z,
174.179.100.65,ipv4,malicious-ip,medium,WHITE,ziyadnz/hourly-ipv4,ziyadnz|hourly,2026-08-17T18:48:05Z,2026-08-17T18:48:05Z,
174.179.237.141,ipv4,malicious-ip,medium,WHITE,ziyadnz/hourly-ipv4,ziyadnz|hourly,2026-08-17T18:48:05Z,2026-08-17T18:48:05Z,
174.179.50.115,ipv4,malicious-ip,medium,WHITE,ziyadnz/hourly-ipv4,ziyadnz|hourly,2026-08-17T18:48:05Z,2026-08-17T18:48:05Z,
174.182.48.172,ipv4,malicious-ip,medium,WHITE,ziyadnz/hourly-ipv4,ziyadnz|hourly,2026-08-17T18:48:05Z,2026-08-17T18:48:05Z,
174.182.83.141,ipv4,malicious-ip,medium,WHITE,ziyadnz/hourly-ipv4,ziyadnz|hourly,2026-08-17T18:48:05Z,2026-08-17T18:48:05Z,
174.183.197.32,ipv4,malicious-ip,medium,WHITE,ziyadnz/hourly-ipv4,ziyadnz|hourly,2026-08-17T18:48:05Z,2026-08-17T18:48:05Z,
174.189.6.211,ipv4,malicious-ip,medium,WHITE,ziyadnz/hourly-ipv4,ziyadnz|hourly,2026-08-17T18:48:05Z,2026-08-17T18:48:05Z,
174.205.239.164,ipv4,malicious-ip,medium,WHITE,ziyadnz/hourly-ipv4,ziyadnz|hourly,2026-08-17T18:48:05Z,2026-08-17T18:48:05Z,
174.227.183.34,ipv4,malicious-ip,medium,WHITE,ziyadnz/hourly-ipv4,ziyadnz|hourly,2026-08-17T18:48:05Z,2026-08-17T18:48:05Z,
174.250.50.250,ipv4,malicious-ip,medium,WHITE,ziyadnz/hourly-ipv4,ziyadnz|hourly,2026-08-17T18:48:05Z,2026-08-17T18:48:05Z,
174.27.131.214,ipv4,malicious-ip,medium,WHITE,ziyadnz/hourly-ipv4,ziyadnz|hourly,2026-08-17T18:48:05Z,2026-08-17T18:48:05Z,
174.31.60.25,ipv4,malicious-ip,medium,WHITE,ziyadnz/hourly-ipv4,ziyadnz|hourly,2026-08-17T18:48:05Z,2026-08-17T18:48:05Z,
174.35.25.177,ipv4,malicious-ip,medium,WHITE,ziyadnz/hourly-ipv4,ziyadnz|hourly,2026-08-17T18:48:05Z,2026-08-17T18:48:05Z,
174.44.164.70,ipv4,malicious-ip,medium,WHITE,ziyadnz/hourly-ipv4,ziyadnz|hourly,2026-08-17T18:48:05Z,2026-08-17T18:48:05Z,
174.45.195.60,ipv4,malicious-ip,medium,WHITE,ziyadnz/hourly-ipv4,ziyadnz|hourly,2026-08-17T18:48:05Z,2026-08-17T18:48:05Z,
174.51.90.219,ipv4,malicious-ip,medium,WHITE,ziyadnz/hourly-ipv4,ziyadnz|hourly,2026-08-17T18:48:05Z,2026-08-17T18:48:05Z,
174.53.120.112,ipv4,malicious-ip,medium,WHITE,ziyadnz/hourly-ipv4,ziyadnz|hourly,2026-08-17T18:48:05Z,2026-08-17T18:48:05Z,
174.54.15.149,ipv4,malicious-ip,medium,WHITE,ziyadnz/hourly-ipv4,ziyadnz|hourly,2026-08-17T18:48:05Z,2026-08-17T18:48:05Z,
174.56.25.179,ipv4,malicious-ip,medium,WHITE,ziyadnz/hourly-ipv4,ziyadnz|hourly,2026-08-17T18:48:05Z,2026-08-17T18:48:05Z,
174.58.5.27,ipv4,malicious-ip,medium,WHITE,ziyadnz/hourly-ipv4,ziyadnz|hourly,2026-08-17T18:48:05Z,2026-08-17T18:48:05Z,
174.59.132.129,ipv4,malicious-ip,medium,WHITE,ziyadnz/hourly-ipv4,ziyadnz|hourly,2026-08-17T18:48:05Z,2026-08-17T18:48:05Z,
174.60.254.248,ipv4,malicious-ip,medium,WHITE,ziyadnz/hourly-ipv4,ziyadnz|hourly,2026-08-17T18:48:05Z,2026-08-17T18:48:05Z,
174.64.199.82,ipv4,malicious-ip,medium,WHITE,ziyadnz/hourly-ipv4,ziyadnz|hourly,2026-08-17T18:48:05Z,2026-08-17T18:48:05Z,
174.65.57.163,ipv4,malicious-ip,medium,WHITE,ziyadnz/hourly-ipv4,ziyadnz|hourly,2026-08-17T18:48:05Z,2026-08-17T18:48:05Z,
174.66.113.103,ipv4,malicious-ip,medium,WHITE,ziyadnz/hourly-ipv4,ziyadnz|hourly,2026-08-17T18:48:05Z,2026-08-17T18:48:05Z,
174.68.176.96,ipv4,malicious-ip,medium,WHITE,ziyadnz/hourly-ipv4,ziyadnz|hourly,2026-08-17T18:48:05Z,2026-08-17T18:48:05Z,
174.68.44.241,ipv4,malicious-ip,medium,WHITE,ziyadnz/hourly-ipv4,ziyadnz|hourly,2026-08-17T18:48:05Z,2026-08-17T18:48:05Z,
174.68.47.176,ipv4,malicious-ip,medium,WHITE,ziyadnz/hourly-ipv4,ziyadnz|hourly,2026-08-17T18:48:05Z,2026-08-17T18:48:05Z,
174.7.32.199,ipv4,malicious-ip,medium,WHITE,ziyadnz/hourly-ipv4,ziyadnz|hourly,2026-08-17T18:48:05Z,2026-08-17T18:48:05Z,
174.71.214.155,ipv4,malicious-ip,medium,WHITE,ziyadnz/hourly-ipv4,ziyadnz|hourly,2026-08-17T18:48:05Z,2026-08-17T18:48:05Z,
174.74.175.13,ipv4,malicious-ip,medium,WHITE,ziyadnz/hourly-ipv4,ziyadnz|hourly,2026-08-17T18:48:05Z,2026-08-17T18:48:05Z,
174.75.211.198,ipv4,malicious-ip,medium,WHITE,ziyadnz/hourly-ipv4,ziyadnz|hourly,2026-08-17T18:48:05Z,2026-08-17T18:48:05Z,
174.75.211.222,ipv4,malicious-ip,medium,WHITE,ziyadnz/hourly-ipv4,ziyadnz|hourly,2026-08-17T18:48:05Z,2026-08-17T18:48:05Z,
174.77.111.197,ipv4,malicious-ip,medium,WHITE,ziyadnz/hourly-ipv4,ziyadnz|hourly,2026-08-17T18:48:05Z,2026-08-17T18:48:05Z,
174.80.15.101,ipv4,malicious-ip,medium,WHITE,ziyadnz/hourly-ipv4,ziyadnz|hourly,2026-08-17T18:48:05Z,2026-08-17T18:48:05Z,
174.81.163.240,ipv4,malicious-ip,medium,WHITE,ziyadnz/hourly-ipv4,ziyadnz|hourly,2026-08-17T18:48:05Z,2026-08-17T18:48:05Z,
174.83.9.76,ipv4,malicious-ip,medium,WHITE,ziyadnz/hourly-ipv4,ziyadnz|hourly,2026-08-17T18:48:05Z,2026-08-17T18:48:05Z,
174.85.247.115,ipv4,malicious-ip,medium,WHITE,ziyadnz/hourly-ipv4,ziyadnz|hourly,2026-08-17T18:48:05Z,2026-08-17T18:48:05Z,
174.85.94.192,ipv4,malicious-ip,medium,WHITE,ziyadnz/hourly-ipv4,ziyadnz|hourly,2026-08-17T18:48:05Z,2026-08-17T18:48:05Z,
174.88.3.223,ipv4,malicious-ip,medium,WHITE,ziyadnz/hourly-ipv4,ziyadnz|hourly,2026-08-17T18:48:05Z,2026-08-17T18:48:05Z,
174.88.86.93,ipv4,malicious-ip,medium,WHITE,ziyadnz/hourly-ipv4,ziyadnz|hourly,2026-08-17T18:48:05Z,2026-08-17T18:48:05Z,
174.95.235.124,ipv4,malicious-ip,medium,WHITE,ziyadnz/hourly-ipv4,ziyadnz|hourly,2026-08-17T18:48:05Z,2026-08-17T18:48:05Z,
174.96.178.218,ipv4,malicious-ip,medium,WHITE,ziyadnz/hourly-ipv4,ziyadnz|hourly,2026-08-17T18:48:05Z,2026-08-17T18:48:05Z,
174.96.218.56,ipv4,malicious-ip,medium,WHITE,ziyadnz/hourly-ipv4,ziyadnz|hourly,2026-08-17T18:48:05Z,2026-08-17T18:48:05Z,
175.0.101.117,ipv4,malicious-ip,medium,WHITE,ziyadnz/hourly-ipv4,ziyadnz|hourly,2026-08-17T18:48:05Z,2026-08-17T18:48:05Z,
175.0.105.4,ipv4,malicious-ip,medium,WHITE,ziyadnz/hourly-ipv4,ziyadnz|hourly,2026-08-17T18:48:05Z,2026-08-17T18:48:05Z,
175.0.110.16,ipv4,malicious-ip,medium,WHITE,ziyadnz/hourly-ipv4,ziyadnz|hourly,2026-08-17T18:48:05Z,2026-08-17T18:48:05Z,
175.0.164.20,ipv4,malicious-ip,medium,WHITE,ziyadnz/hourly-ipv4,ziyadnz|hourly,2026-08-17T18:48:05Z,2026-08-17T18:48:05Z,
175.0.176.209,ipv4,malicious-ip,medium,WHITE,ziyadnz/hourly-ipv4,ziyadnz|hourly,2026-08-17T18:48:05Z,2026-08-17T18:48:05Z,
175.0.195.198,ipv4,malicious-ip,medium,WHITE,ziyadnz/hourly-ipv4,ziyadnz|hourly,2026-08-17T18:48:05Z,2026-08-17T18:48:05Z,
175.0.222.112,ipv4,malicious-ip,medium,WHITE,ziyadnz/hourly-ipv4,ziyadnz|hourly,2026-08-17T18:48:05Z,2026-08-17T18:48:05Z,
175.0.222.123,ipv4,malicious-ip,medium,WHITE,ziyadnz/hourly-ipv4,ziyadnz|hourly,2026-08-17T18:48:05Z,2026-08-17T18:48:05Z,
175.0.60.56,ipv4,malicious-ip,medium,WHITE,ziyadnz/hourly-ipv4,ziyadnz|hourly,2026-08-17T18:48:05Z,2026-08-17T18:48:05Z,
175.0.61.100,ipv4,malicious-ip,medium,WHITE,ziyadnz/hourly-ipv4,ziyadnz|hourly,2026-08-17T18:48:05Z,2026-08-17T18:48:05Z,
175.0.63.34,ipv4,malicious-ip,medium,WHITE,ziyadnz/hourly-ipv4,ziyadnz|hourly,2026-08-17T18:48:05Z,2026-08-17T18:48:05Z,
175.0.67.121,ipv4,malicious-ip,medium,WHITE,ziyadnz/hourly-ipv4,ziyadnz|hourly,2026-08-17T18:48:05Z,2026-08-17T18:48:05Z,
175.0.67.249,ipv4,malicious-ip,medium,WHITE,ziyadnz/hourly-ipv4,ziyadnz|hourly,2026-08-17T18:48:05Z,2026-08-17T18:48:05Z,
175.0.76.228,ipv4,malicious-ip,medium,WHITE,ziyadnz/hourly-ipv4,ziyadnz|hourly,2026-08-17T18:48:05Z,2026-08-17T18:48:05Z,
175.0.78.159,ipv4,malicious-ip,medium,WHITE,ziyadnz/hourly-ipv4,ziyadnz|hourly,2026-08-17T18:48:05Z,2026-08-17T18:48:05Z,
175.0.79.185,ipv4,malicious-ip,medium,WHITE,ziyadnz/hourly-ipv4,ziyadnz|hourly,2026-08-17T18:48:05Z,2026-08-17T18:48:05Z,
175.0.82.61,ipv4,malicious-ip,medium,WHITE,ziyadnz/hourly-ipv4,ziyadnz|hourly,2026-08-17T18:48:05Z,2026-08-17T18:48:05Z,
175.10.101.230,ipv4,malicious-ip,medium,WHITE,ziyadnz/hourly-ipv4,ziyadnz|hourly,2026-08-17T18:48:05Z,2026-08-17T18:48:05Z,
175.10.101.80,ipv4,malicious-ip,medium,WHITE,ziyadnz/hourly-ipv4,ziyadnz|hourly,2026-08-17T18:48:05Z,2026-08-17T18:48:05Z,
175.10.110.175,ipv4,malicious-ip,medium,WHITE,ziyadnz/hourly-ipv4,ziyadnz|hourly,2026-08-17T18:48:05Z,2026-08-17T18:48:05Z,
175.10.141.67,ipv4,malicious-ip,medium,WHITE,ziyadnz/hourly-ipv4,ziyadnz|hourly,2026-08-17T18:48:05Z,2026-08-17T18:48:05Z,
175.10.18.250,ipv4,malicious-ip,medium,WHITE,ziyadnz/hourly-ipv4,ziyadnz|hourly,2026-08-17T18:48:05Z,2026-08-17T18:48:05Z,
175.10.19.83,ipv4,malicious-ip,medium,WHITE,ziyadnz/hourly-ipv4,ziyadnz|hourly,2026-08-17T18:48:05Z,2026-08-17T18:48:05Z,
175.10.20.38,ipv4,malicious-ip,medium,WHITE,ziyadnz/hourly-ipv4,ziyadnz|hourly,2026-08-17T18:48:05Z,2026-08-17T18:48:05Z,
175.10.221.206,ipv4,malicious-ip,medium,WHITE,ziyadnz/hourly-ipv4,ziyadnz|hourly,2026-08-17T18:48:05Z,2026-08-17T18:48:05Z,
175.10.222.221,ipv4,malicious-ip,medium,WHITE,ziyadnz/hourly-ipv4,ziyadnz|hourly,2026-08-17T18:48:05Z,2026-08-17T18:48:05Z,
175.10.232.244,ipv4,malicious-ip,medium,WHITE,ziyadnz/hourly-ipv4,ziyadnz|hourly,2026-08-17T18:48:05Z,2026-08-17T18:48:05Z,
175.10.24.49,ipv4,malicious-ip,medium,WHITE,ziyadnz/hourly-ipv4,ziyadnz|hourly,2026-08-17T18:48:05Z,2026-08-17T18:48:05Z,
175.10.45.111,ipv4,malicious-ip,medium,WHITE,ziyadnz/hourly-ipv4,ziyadnz|hourly,2026-08-17T18:48:05Z,2026-08-17T18:48:05Z,
175.10.75.63,ipv4,malicious-ip,medium,WHITE,ziyadnz/hourly-ipv4,ziyadnz|hourly,2026-08-17T18:48:05Z,2026-08-17T18:48:05Z,
175.10.89.76,ipv4,malicious-ip,medium,WHITE,ziyadnz/hourly-ipv4,ziyadnz|hourly,2026-08-17T18:48:05Z,2026-08-17T18:48:05Z,
175.10.90.13,ipv4,malicious-ip,medium,WHITE,ziyadnz/hourly-ipv4,ziyadnz|hourly,2026-08-17T18:48:05Z,2026-08-17T18:48:05Z,
175.100.0.6,ipv4,malicious-ip,medium,WHITE,ziyadnz/hourly-ipv4,ziyadnz|hourly,2026-08-17T18:48:05Z,2026-08-17T18:48:05Z,
175.100.126.138,ipv4,malicious-ip,medium,WHITE,ziyadnz/hourly-ipv4,ziyadnz|hourly,2026-08-17T18:48:05Z,2026-08-17T18:48:05Z,
175.100.177.195,ipv4,malicious-ip,medium,WHITE,ziyadnz/hourly-ipv4,ziyadnz|hourly,2026-08-17T18:48:05Z,2026-08-17T18:48:05Z,
175.100.21.20,ipv4,malicious-ip,medium,WHITE,ziyadnz/hourly-ipv4,ziyadnz|hourly,2026-08-17T18:48:05Z,2026-08-17T18:48:05Z,
175.100.39.14,ipv4,malicious-ip,medium,WHITE,ziyadnz/hourly-ipv4,ziyadnz|hourly,2026-08-17T18:48:05Z,2026-08-17T18:48:05Z,
175.100.42.36,ipv4,malicious-ip,medium,WHITE,ziyadnz/hourly-ipv4,ziyadnz|hourly,2026-08-17T18:48:05Z,2026-08-17T18:48:05Z,
175.100.48.132,ipv4,malicious-ip,medium,WHITE,ziyadnz/hourly-ipv4,ziyadnz|hourly,2026-08-17T18:48:05Z,2026-08-17T18:48:05Z,
175.100.52.205,ipv4,malicious-ip,medium,WHITE,ziyadnz/hourly-ipv4,ziyadnz|hourly,2026-08-17T18:48:05Z,2026-08-17T18:48:05Z,
175.100.83.42,ipv4,malicious-ip,medium,WHITE,ziyadnz/hourly-ipv4,ziyadnz|hourly,2026-08-17T18:48:05Z,2026-08-17T18:48:05Z,
175.100.86.133,ipv4,malicious-ip,medium,WHITE,ziyadnz/hourly-ipv4,ziyadnz|hourly,2026-08-17T18:48:05Z,2026-08-17T18:48:05Z,
175.101.16.201,ipv4,malicious-ip,medium,WHITE,ziyadnz/hourly-ipv4,ziyadnz|hourly,2026-08-17T18:48:05Z,2026-08-17T18:48:05Z,
175.101.16.62,ipv4,malicious-ip,medium,WHITE,ziyadnz/hourly-ipv4,ziyadnz|hourly,2026-08-17T18:48:05Z,2026-08-17T18:48:05Z,
175.101.46.86,ipv4,malicious-ip,medium,WHITE,ziyadnz/hourly-ipv4,ziyadnz|hourly,2026-08-17T18:48:05Z,2026-08-17T18:48:05Z,
175.101.99.32,ipv4,malicious-ip,medium,WHITE,ziyadnz/hourly-ipv4,ziyadnz|hourly,2026-08-17T18:48:05Z,2026-08-17T18:48:05Z,
175.106.11.242,ipv4,malicious-ip,medium,WHITE,ziyadnz/hourly-ipv4,ziyadnz|hourly,2026-08-17T18:48:05Z,2026-08-17T18:48:05Z,
175.107.0.0,ipv4,malicious-ip,medium,WHITE,ziyadnz/hourly-ipv4,ziyadnz|hourly,2026-08-17T18:48:05Z,2026-08-17T18:48:05Z,
175.107.0.136,ipv4,malicious-ip,medium,WHITE,ziyadnz/hourly-ipv4,ziyadnz|hourly,2026-08-17T18:48:05Z,2026-08-17T18:48:05Z,
175.107.0.141,ipv4,malicious-ip,medium,WHITE,ziyadnz/hourly-ipv4,ziyadnz|hourly,2026-08-17T18:48:05Z,2026-08-17T18:48:05Z,
175.107.0.162,ipv4,malicious-ip,medium,WHITE,ziyadnz/hourly-ipv4,ziyadnz|hourly,2026-08-17T18:48:05Z,2026-08-17T18:48:05Z,
175.107.0.246,ipv4,malicious-ip,medium,WHITE,ziyadnz/hourly-ipv4,ziyadnz|hourly,2026-08-17T18:48:05Z,2026-08-17T18:48:05Z,
175.107.0.78,ipv4,malicious-ip,medium,WHITE,ziyadnz/hourly-ipv4,ziyadnz|hourly,2026-08-17T18:48:05Z,2026-08-17T18:48:05Z,
175.107.0.94,ipv4,malicious-ip,medium,WHITE,ziyadnz/hourly-ipv4,ziyadnz|hourly,2026-08-17T18:48:05Z,2026-08-17T18:48:05Z,
175.107.1.18,ipv4,malicious-ip,medium,WHITE,ziyadnz/hourly-ipv4,ziyadnz|hourly,2026-08-17T18:48:05Z,2026-08-17T18:48:05Z,
175.107.1.20,ipv4,malicious-ip,medium,WHITE,ziyadnz/hourly-ipv4,ziyadnz|hourly,2026-08-17T18:48:05Z,2026-08-17T18:48:05Z,
175.107.1.39,ipv4,malicious-ip,medium,WHITE,ziyadnz/hourly-ipv4,ziyadnz|hourly,2026-08-17T18:48:05Z,2026-08-17T18:48:05Z,
175.107.196.29,ipv4,malicious-ip,medium,WHITE,ziyadnz/hourly-ipv4,ziyadnz|hourly,2026-08-17T18:48:05Z,2026-08-17T18:48:05Z,
175.107.2.0,ipv4,malicious-ip,medium,WHITE,ziyadnz/hourly-ipv4,ziyadnz|hourly,2026-08-17T18:48:05Z,2026-08-17T18:48:05Z,
175.107.2.141,ipv4,malicious-ip,medium,WHITE,ziyadnz/hourly-ipv4,ziyadnz|hourly,2026-08-17T18:48:05Z,2026-08-17T18:48:05Z,
175.107.2.164,ipv4,malicious-ip,medium,WHITE,ziyadnz/hourly-ipv4,ziyadnz|hourly,2026-08-17T18:48:05Z,2026-08-17T18:48:05Z,
175.107.2.178,ipv4,malicious-ip,medium,WHITE,ziyadnz/hourly-ipv4,ziyadnz|hourly,2026-08-17T18:48:05Z,2026-08-17T18:48:05Z,
175.107.2.179,ipv4,malicious-ip,medium,WHITE,ziyadnz/hourly-ipv4,ziyadnz|hourly,2026-08-17T18:48:05Z,2026-08-17T18:48:05Z,
175.107.2.22,ipv4,malicious-ip,medium,WHITE,ziyadnz/hourly-ipv4,ziyadnz|hourly,2026-08-17T18:48:05Z,2026-08-17T18:48:05Z,
175.107.2.87,ipv4,malicious-ip,medium,WHITE,ziyadnz/hourly-ipv4,ziyadnz|hourly,2026-08-17T18:48:05Z,2026-08-17T18:48:05Z,
175.107.201.149,ipv4,malicious-ip,medium,WHITE,ziyadnz/hourly-ipv4,ziyadnz|hourly,2026-08-17T18:48:05Z,2026-08-17T18:48:05Z,
175.107.204.37,ipv4,malicious-ip,medium,WHITE,ziyadnz/hourly-ipv4,ziyadnz|hourly,2026-08-17T18:48:05Z,2026-08-17T18:48:05Z,
175.107.205.1,ipv4,malicious-ip,medium,WHITE,ziyadnz/hourly-ipv4,ziyadnz|hourly,2026-08-17T18:48:05Z,2026-08-17T18:48:05Z,
175.107.205.168,ipv4,malicious-ip,medium,WHITE,ziyadnz/hourly-ipv4,ziyadnz|hourly,2026-08-17T18:48:05Z,2026-08-17T18:48:05Z,
175.107.205.199,ipv4,malicious-ip,medium,WHITE,ziyadnz/hourly-ipv4,ziyadnz|hourly,2026-08-17T18:48:05Z,2026-08-17T18:48:05Z,
175.107.205.205,ipv4,malicious-ip,medium,WHITE,ziyadnz/hourly-ipv4,ziyadnz|hourly,2026-08-17T18:48:05Z,2026-08-17T18:48:05Z,
175.107.205.26,ipv4,malicious-ip,medium,WHITE,ziyadnz/hourly-ipv4,ziyadnz|hourly,2026-08-17T18:48:05Z,2026-08-17T18:48:05Z,
175.107.205.42,ipv4,malicious-ip,medium,WHITE,ziyadnz/hourly-ipv4,ziyadnz|hourly,2026-08-17T18:48:05Z,2026-08-17T18:48:05Z,
175.107.208.0,ipv4,malicious-ip,medium,WHITE,ziyadnz/hourly-ipv4,ziyadnz|hourly,2026-08-17T18:48:05Z,2026-08-17T18:48:05Z,
175.107.208.132,ipv4,malicious-ip,medium,WHITE,ziyadnz/hourly-ipv4,ziyadnz|hourly,2026-08-17T18:48:05Z,2026-08-17T18:48:05Z,
175.107.208.163,ipv4,malicious-ip,medium,WHITE,ziyadnz/hourly-ipv4,ziyadnz|hourly,2026-08-17T18:48:05Z,2026-08-17T18:48:05Z,
175.107.208.21,ipv4,malicious-ip,medium,WHITE,ziyadnz/hourly-ipv4,ziyadnz|hourly,2026-08-17T18:48:05Z,2026-08-17T18:48:05Z,
175.107.208.218,ipv4,malicious-ip,medium,WHITE,ziyadnz/hourly-ipv4,ziyadnz|hourly,2026-08-17T18:48:05Z,2026-08-17T18:48:05Z,
175.107.208.60,ipv4,malicious-ip,medium,WHITE,ziyadnz/hourly-ipv4,ziyadnz|hourly,2026-08-17T18:48:05Z,2026-08-17T18:48:05Z,
175.107.208.73,ipv4,malicious-ip,medium,WHITE,ziyadnz/hourly-ipv4,ziyadnz|hourly,2026-08-17T18:48:05Z,2026-08-17T18:48:05Z,
175.107.208.97,ipv4,malicious-ip,medium,WHITE,ziyadnz/hourly-ipv4,ziyadnz|hourly,2026-08-17T18:48:05Z,2026-08-17T18:48:05Z,
175.107.211.3,ipv4,malicious-ip,medium,WHITE,ziyadnz/hourly-ipv4,ziyadnz|hourly,2026-08-17T18:48:05Z,2026-08-17T18:48:05Z,
175.107.211.99,ipv4,malicious-ip,medium,WHITE,ziyadnz/hourly-ipv4,ziyadnz|hourly,2026-08-17T18:48:05Z,2026-08-17T18:48:05Z,
175.107.215.211,ipv4,malicious-ip,medium,WHITE,ziyadnz/hourly-ipv4,ziyadnz|hourly,2026-08-17T18:48:05Z,2026-08-17T18:48:05Z,
175.107.217.14,ipv4,malicious-ip,medium,WHITE,ziyadnz/hourly-ipv4,ziyadnz|hourly,2026-08-17T18:48:05Z,2026-08-17T18:48:05Z,
175.107.217.181,ipv4,malicious-ip,medium,WHITE,ziyadnz/hourly-ipv4,ziyadnz|hourly,2026-08-17T18:48:05Z,2026-08-17T18:48:05Z,
175.107.217.3,ipv4,malicious-ip,medium,WHITE,ziyadnz/hourly-ipv4,ziyadnz|hourly,2026-08-17T18:48:05Z,2026-08-17T18:48:05Z,
175.107.217.82,ipv4,malicious-ip,medium,WHITE,ziyadnz/hourly-ipv4,ziyadnz|hourly,2026-08-17T18:48:05Z,2026-08-17T18:48:05Z,
175.107.218.16,ipv4,malicious-ip,medium,WHITE,ziyadnz/hourly-ipv4,ziyadnz|hourly,2026-08-17T18:48:05Z,2026-08-17T18:48:05Z,
175.107.222.148,ipv4,malicious-ip,medium,WHITE,ziyadnz/hourly-ipv4,ziyadnz|hourly,2026-08-17T18:48:05Z,2026-08-17T18:48:05Z,
175.107.224.0,ipv4,malicious-ip,medium,WHITE,ziyadnz/hourly-ipv4,ziyadnz|hourly,2026-08-17T18:48:05Z,2026-08-17T18:48:05Z,
175.107.224.151,ipv4,malicious-ip,medium,WHITE,ziyadnz/hourly-ipv4,ziyadnz|hourly,2026-08-17T18:48:05Z,2026-08-17T18:48:05Z,
175.107.224.165,ipv4,malicious-ip,medium,WHITE,ziyadnz/hourly-ipv4,ziyadnz|hourly,2026-08-17T18:48:05Z,2026-08-17T18:48:05Z,
175.107.228.132,ipv4,malicious-ip,medium,WHITE,ziyadnz/hourly-ipv4,ziyadnz|hourly,2026-08-17T18:48:05Z,2026-08-17T18:48:05Z,
175.107.228.160,ipv4,malicious-ip,medium,WHITE,ziyadnz/hourly-ipv4,ziyadnz|hourly,2026-08-17T18:48:05Z,2026-08-17T18:48:05Z,
175.107.228.166,ipv4,malicious-ip,medium,WHITE,ziyadnz/hourly-ipv4,ziyadnz|hourly,2026-08-17T18:48:05Z,2026-08-17T18:48:05Z,
175.107.228.60,ipv4,malicious-ip,medium,WHITE,ziyadnz/hourly-ipv4,ziyadnz|hourly,2026-08-17T18:48:05Z,2026-08-17T18:48:05Z,
175.107.228.81,ipv4,malicious-ip,medium,WHITE,ziyadnz/hourly-ipv4,ziyadnz|hourly,2026-08-17T18:48:05Z,2026-08-17T18:48:05Z,
175.107.233.0,ipv4,malicious-ip,medium,WHITE,ziyadnz/hourly-ipv4,ziyadnz|hourly,2026-08-17T18:48:05Z,2026-08-17T18:48:05Z,
175.107.233.162,ipv4,malicious-ip,medium,WHITE,ziyadnz/hourly-ipv4,ziyadnz|hourly,2026-08-17T18:48:05Z,2026-08-17T18:48:05Z,
175.107.233.218,ipv4,malicious-ip,medium,WHITE,ziyadnz/hourly-ipv4,ziyadnz|hourly,2026-08-17T18:48:05Z,2026-08-17T18:48:05Z,
175.107.233.235,ipv4,malicious-ip,medium,WHITE,ziyadnz/hourly-ipv4,ziyadnz|hourly,2026-08-17T18:48:05Z,2026-08-17T18:48:05Z,
175.107.233.44,ipv4,malicious-ip,medium,WHITE,ziyadnz/hourly-ipv4,ziyadnz|hourly,2026-08-17T18:48:05Z,2026-08-17T18:48:05Z,
175.107.233.7,ipv4,malicious-ip,medium,WHITE,ziyadnz/hourly-ipv4,ziyadnz|hourly,2026-08-17T18:48:05Z,2026-08-17T18:48:05Z,
175.107.233.80,ipv4,malicious-ip,medium,WHITE,ziyadnz/hourly-ipv4,ziyadnz|hourly,2026-08-17T18:48:05Z,2026-08-17T18:48:05Z,
175.107.233.84,ipv4,malicious-ip,medium,WHITE,ziyadnz/hourly-ipv4,ziyadnz|hourly,2026-08-17T18:48:05Z,2026-08-17T18:48:05Z,
175.107.237.140,ipv4,malicious-ip,medium,WHITE,ziyadnz/hourly-ipv4,ziyadnz|hourly,2026-08-17T18:48:05Z,2026-08-17T18:48:05Z,
175.107.237.170,ipv4,malicious-ip,medium,WHITE,ziyadnz/hourly-ipv4,ziyadnz|hourly,2026-08-17T18:48:05Z,2026-08-17T18:48:05Z,
175.107.237.191,ipv4,malicious-ip,medium,WHITE,ziyadnz/hourly-ipv4,ziyadnz|hourly,2026-08-17T18:48:05Z,2026-08-17T18:48:05Z,
175.107.237.80,ipv4,malicious-ip,medium,WHITE,ziyadnz/hourly-ipv4,ziyadnz|hourly,2026-08-17T18:48:05Z,2026-08-17T18:48:05Z,
175.107.239.219,ipv4,malicious-ip,medium,WHITE,ziyadnz/hourly-ipv4,ziyadnz|hourly,2026-08-17T18:48:05Z,2026-08-17T18:48:05Z,
175.107.239.251,ipv4,malicious-ip,medium,WHITE,ziyadnz/hourly-ipv4,ziyadnz|hourly,2026-08-17T18:48:05Z,2026-08-17T18:48:05Z,
175.107.244.17,ipv4,malicious-ip,medium,WHITE,ziyadnz/hourly-ipv4,ziyadnz|hourly,2026-08-17T18:48:05Z,2026-08-17T18:48:05Z,
175.107.247.13,ipv4,malicious-ip,medium,WHITE,ziyadnz/hourly-ipv4,ziyadnz|hourly,2026-08-17T18:48:05Z,2026-08-17T18:48:05Z,
175.107.3.0,ipv4,malicious-ip,medium,WHITE,ziyadnz/hourly-ipv4,ziyadnz|hourly,2026-08-17T18:48:05Z,2026-08-17T18:48:05Z,
175.107.3.115,ipv4,malicious-ip,medium,WHITE,ziyadnz/hourly-ipv4,ziyadnz|hourly,2026-08-17T18:48:05Z,2026-08-17T18:48:05Z,
175.107.3.221,ipv4,malicious-ip,medium,WHITE,ziyadnz/hourly-ipv4,ziyadnz|hourly,2026-08-17T18:48:05Z,2026-08-17T18:48:05Z,
175.107.3.223,ipv4,malicious-ip,medium,WHITE,ziyadnz/hourly-ipv4,ziyadnz|hourly,2026-08-17T18:48:05Z,2026-08-17T18:48:05Z,
175.107.3.23,ipv4,malicious-ip,medium,WHITE,ziyadnz/hourly-ipv4,ziyadnz|hourly,2026-08-17T18:48:05Z,2026-08-17T18:48:05Z,
175.107.3.42,ipv4,malicious-ip,medium,WHITE,ziyadnz/hourly-ipv4,ziyadnz|hourly,2026-08-17T18:48:05Z,2026-08-17T18:48:05Z,
175.107.3.56,ipv4,malicious-ip,medium,WHITE,ziyadnz/hourly-ipv4,ziyadnz|hourly,2026-08-17T18:48:05Z,2026-08-17T18:48:05Z,
175.107.3.87,ipv4,malicious-ip,medium,WHITE,ziyadnz/hourly-ipv4,ziyadnz|hourly,2026-08-17T18:48:05Z,2026-08-17T18:48:05Z,
175.107.32.186,ipv4,malicious-ip,medium,WHITE,ziyadnz/hourly-ipv4,ziyadnz|hourly,2026-08-17T18:48:05Z,2026-08-17T18:48:05Z,
175.107.37.147,ipv4,malicious-ip,medium,WHITE,ziyadnz/hourly-ipv4,ziyadnz|hourly,2026-08-17T18:48:05Z,2026-08-17T18:48:05Z,
175.107.37.44,ipv4,malicious-ip,medium,WHITE,ziyadnz/hourly-ipv4,ziyadnz|hourly,2026-08-17T18:48:05Z,2026-08-17T18:48:05Z,
175.11.107.217,ipv4,malicious-ip,medium,WHITE,ziyadnz/hourly-ipv4,ziyadnz|hourly,2026-08-17T18:48:05Z,2026-08-17T18:48:05Z,
175.11.132.140,ipv4,malicious-ip,medium,WHITE,ziyadnz/hourly-ipv4,ziyadnz|hourly,2026-08-17T18:48:05Z,2026-08-17T18:48:05Z,
175.11.133.33,ipv4,malicious-ip,medium,WHITE,ziyadnz/hourly-ipv4,ziyadnz|hourly,2026-08-17T18:48:05Z,2026-08-17T18:48:05Z,
175.11.134.15,ipv4,malicious-ip,medium,WHITE,ziyadnz/hourly-ipv4,ziyadnz|hourly,2026-08-17T18:48:05Z,2026-08-17T18:48:05Z,
175.11.170.112,ipv4,malicious-ip,medium,WHITE,ziyadnz/hourly-ipv4,ziyadnz|hourly,2026-08-17T18:48:05Z,2026-08-17T18:48:05Z,
175.11.170.246,ipv4,malicious-ip,medium,WHITE,ziyadnz/hourly-ipv4,ziyadnz|hourly,2026-08-17T18:48:05Z,2026-08-17T18:48:05Z,
175.11.171.117,ipv4,malicious-ip,medium,WHITE,ziyadnz/hourly-ipv4,ziyadnz|hourly,2026-08-17T18:48:05Z,2026-08-17T18:48:05Z,
175.11.189.34,ipv4,malicious-ip,medium,WHITE,ziyadnz/hourly-ipv4,ziyadnz|hourly,2026-08-17T18:48:05Z,2026-08-17T18:48:05Z,
175.11.190.204,ipv4,malicious-ip,medium,WHITE,ziyadnz/hourly-ipv4,ziyadnz|hourly,2026-08-17T18:48:05Z,2026-08-17T18:48:05Z,
175.11.215.65,ipv4,malicious-ip,medium,WHITE,ziyadnz/hourly-ipv4,ziyadnz|hourly,2026-08-17T18:48:05Z,2026-08-17T18:48:05Z,
175.11.230.37,ipv4,malicious-ip,medium,WHITE,ziyadnz/hourly-ipv4,ziyadnz|hourly,2026-08-17T18:48:05Z,2026-08-17T18:48:05Z,
175.11.240.162,ipv4,malicious-ip,medium,WHITE,ziyadnz/hourly-ipv4,ziyadnz|hourly,2026-08-17T18:48:05Z,2026-08-17T18:48:05Z,
175.11.240.221,ipv4,malicious-ip,medium,WHITE,ziyadnz/hourly-ipv4,ziyadnz|hourly,2026-08-17T18:48:05Z,2026-08-17T18:48:05Z,
175.11.240.4,ipv4,malicious-ip,medium,WHITE,ziyadnz/hourly-ipv4,ziyadnz|hourly,2026-08-17T18:48:05Z,2026-08-17T18:48:05Z,
175.11.240.41,ipv4,malicious-ip,medium,WHITE,ziyadnz/hourly-ipv4,ziyadnz|hourly,2026-08-17T18:48:05Z,2026-08-17T18:48:05Z,
175.11.240.80,ipv4,malicious-ip,medium,WHITE,ziyadnz/hourly-ipv4,ziyadnz|hourly,2026-08-17T18:48:05Z,2026-08-17T18:48:05Z,
175.11.241.197,ipv4,malicious-ip,medium,WHITE,ziyadnz/hourly-ipv4,ziyadnz|hourly,2026-08-17T18:48:05Z,2026-08-17T18:48:05Z,
175.11.241.81,ipv4,malicious-ip,medium,WHITE,ziyadnz/hourly-ipv4,ziyadnz|hourly,2026-08-17T18:48:05Z,2026-08-17T18:48:05Z,
175.11.242.191,ipv4,malicious-ip,medium,WHITE,ziyadnz/hourly-ipv4,ziyadnz|hourly,2026-08-17T18:48:05Z,2026-08-17T18:48:05Z,
175.11.242.40,ipv4,malicious-ip,medium,WHITE,ziyadnz/hourly-ipv4,ziyadnz|hourly,2026-08-17T18:48:05Z,2026-08-17T18:48:05Z,
175.11.242.87,ipv4,malicious-ip,medium,WHITE,ziyadnz/hourly-ipv4,ziyadnz|hourly,2026-08-17T18:48:05Z,2026-08-17T18:48:05Z,
175.11.243.28,ipv4,malicious-ip,medium,WHITE,ziyadnz/hourly-ipv4,ziyadnz|hourly,2026-08-17T18:48:05Z,2026-08-17T18:48:05Z,
175.11.245.41,ipv4,malicious-ip,medium,WHITE,ziyadnz/hourly-ipv4,ziyadnz|hourly,2026-08-17T18:48:05Z,2026-08-17T18:48:05Z,
175.11.245.49,ipv4,malicious-ip,medium,WHITE,ziyadnz/hourly-ipv4,ziyadnz|hourly,2026-08-17T18:48:05Z,2026-08-17T18:48:05Z,
175.11.52.116,ipv4,malicious-ip,medium,WHITE,ziyadnz/hourly-ipv4,ziyadnz|hourly,2026-08-17T18:48:05Z,2026-08-17T18:48:05Z,
175.11.71.240,ipv4,malicious-ip,medium,WHITE,ziyadnz/hourly-ipv4,ziyadnz|hourly,2026-08-17T18:48:05Z,2026-08-17T18:48:05Z,
175.11.72.130,ipv4,malicious-ip,medium,WHITE,ziyadnz/hourly-ipv4,ziyadnz|hourly,2026-08-17T18:48:05Z,2026-08-17T18:48:05Z,
175.11.72.99,ipv4,malicious-ip,medium,WHITE,ziyadnz/hourly-ipv4,ziyadnz|hourly,2026-08-17T18:48:05Z,2026-08-17T18:48:05Z,
175.110.114.156,ipv4,malicious-ip,medium,WHITE,ziyadnz/hourly-ipv4,ziyadnz|hourly,2026-08-17T18:48:05Z,2026-08-17T18:48:05Z,
175.110.121.107,ipv4,malicious-ip,medium,WHITE,ziyadnz/hourly-ipv4,ziyadnz|hourly,2026-08-17T18:48:05Z,2026-08-17T18:48:05Z,
175.110.121.39,ipv4,malicious-ip,medium,WHITE,ziyadnz/hourly-ipv4,ziyadnz|hourly,2026-08-17T18:48:05Z,2026-08-17T18:48:05Z,
175.110.121.42,ipv4,malicious-ip,medium,WHITE,ziyadnz/hourly-ipv4,ziyadnz|hourly,2026-08-17T18:48:05Z,2026-08-17T18:48:05Z,
175.110.217.199,ipv4,malicious-ip,medium,WHITE,ziyadnz/hourly-ipv4,ziyadnz|hourly,2026-08-17T18:48:05Z,2026-08-17T18:48:05Z,
175.111.117.22,ipv4,malicious-ip,medium,WHITE,ziyadnz/hourly-ipv4,ziyadnz|hourly,2026-08-17T18:48:05Z,2026-08-17T18:48:05Z,
175.118.126.185,ipv4,malicious-ip,medium,WHITE,ziyadnz/hourly-ipv4,ziyadnz|hourly,2026-08-17T18:48:05Z,2026-08-17T18:48:05Z,
175.118.126.65,ipv4,malicious-ip,medium,WHITE,ziyadnz/hourly-ipv4,ziyadnz|hourly,2026-08-17T18:48:05Z,2026-08-17T18:48:05Z,
175.118.127.138,ipv4,malicious-ip,medium,WHITE,ziyadnz/hourly-ipv4,ziyadnz|hourly,2026-08-17T18:48:05Z,2026-08-17T18:48:05Z,
175.118.37.244,ipv4,malicious-ip,medium,WHITE,ziyadnz/hourly-ipv4,ziyadnz|hourly,2026-08-17T18:48:05Z,2026-08-17T18:48:05Z,
175.119.225.68,ipv4,malicious-ip,medium,WHITE,ziyadnz/hourly-ipv4,ziyadnz|hourly,2026-08-17T18:48:05Z,2026-08-17T18:48:05Z,
175.119.225.92,ipv4,malicious-ip,medium,WHITE,ziyadnz/hourly-ipv4,ziyadnz|hourly,2026-08-17T18:48:05Z,2026-08-17T18:48:05Z,
175.120.9.210,ipv4,malicious-ip,medium,WHITE,ziyadnz/hourly-ipv4,ziyadnz|hourly,2026-08-17T18:48:05Z,2026-08-17T18:48:05Z,
175.123.187.78,ipv4,malicious-ip,medium,WHITE,ziyadnz/hourly-ipv4,ziyadnz|hourly,2026-08-17T18:48:05Z,2026-08-17T18:48:05Z,
175.126.37.156,ipv4,malicious-ip,medium,WHITE,ziyadnz/hourly-ipv4,ziyadnz|hourly,2026-08-17T18:48:05Z,2026-08-17T18:48:05Z,
175.13.0.95,ipv4,malicious-ip,medium,WHITE,ziyadnz/hourly-ipv4,ziyadnz|hourly,2026-08-17T18:48:05Z,2026-08-17T18:48:05Z,
175.13.200.40,ipv4,malicious-ip,medium,WHITE,ziyadnz/hourly-ipv4,ziyadnz|hourly,2026-08-17T18:48:05Z,2026-08-17T18:48:05Z,
175.13.201.221,ipv4,malicious-ip,medium,WHITE,ziyadnz/hourly-ipv4,ziyadnz|hourly,2026-08-17T18:48:05Z,2026-08-17T18:48:05Z,
175.13.201.231,ipv4,malicious-ip,medium,WHITE,ziyadnz/hourly-ipv4,ziyadnz|hourly,2026-08-17T18:48:05Z,2026-08-17T18:48:05Z,
175.13.201.34,ipv4,malicious-ip,medium,WHITE,ziyadnz/hourly-ipv4,ziyadnz|hourly,2026-08-17T18:48:05Z,2026-08-17T18:48:05Z,
175.13.33.183,ipv4,malicious-ip,medium,WHITE,ziyadnz/hourly-ipv4,ziyadnz|hourly,2026-08-17T18:48:05Z,2026-08-17T18:48:05Z,
175.13.33.7,ipv4,malicious-ip,medium,WHITE,ziyadnz/hourly-ipv4,ziyadnz|hourly,2026-08-17T18:48:05Z,2026-08-17T18:48:05Z,
175.136.172.167,ipv4,malicious-ip,medium,WHITE,ziyadnz/hourly-ipv4,ziyadnz|hourly,2026-08-17T18:48:05Z,2026-08-17T18:48:05Z,
175.136.173.40,ipv4,malicious-ip,medium,WHITE,ziyadnz/hourly-ipv4,ziyadnz|hourly,2026-08-17T18:48:05Z,2026-08-17T18:48:05Z,
175.136.173.92,ipv4,malicious-ip,medium,WHITE,ziyadnz/hourly-ipv4,ziyadnz|hourly,2026-08-17T18:48:05Z,2026-08-17T18:48:05Z,
175.136.175.94,ipv4,malicious-ip,medium,WHITE,ziyadnz/hourly-ipv4,ziyadnz|hourly,2026-08-17T18:48:05Z,2026-08-17T18:48:05Z,
175.136.81.99,ipv4,malicious-ip,medium,WHITE,ziyadnz/hourly-ipv4,ziyadnz|hourly,2026-08-17T18:48:05Z,2026-08-17T18:48:05Z,
175.137.192.83,ipv4,malicious-ip,medium,WHITE,ziyadnz/hourly-ipv4,ziyadnz|hourly,2026-08-17T18:48:05Z,2026-08-17T18:48:05Z,
175.137.226.124,ipv4,malicious-ip,medium,WHITE,ziyadnz/hourly-ipv4,ziyadnz|hourly,2026-08-17T18:48:05Z,2026-08-17T18:48:05Z,
175.137.4.25,ipv4,malicious-ip,medium,WHITE,ziyadnz/hourly-ipv4,ziyadnz|hourly,2026-08-17T18:48:05Z,2026-08-17T18:48:05Z,
175.137.62.253,ipv4,malicious-ip,medium,WHITE,ziyadnz/hourly-ipv4,ziyadnz|hourly,2026-08-17T18:48:05Z,2026-08-17T18:48:05Z,
175.137.68.248,ipv4,malicious-ip,medium,WHITE,ziyadnz/hourly-ipv4,ziyadnz|hourly,2026-08-17T18:48:05Z,2026-08-17T18:48:05Z,
175.137.70.16,ipv4,malicious-ip,medium,WHITE,ziyadnz/hourly-ipv4,ziyadnz|hourly,2026-08-17T18:48:05Z,2026-08-17T18:48:05Z,
175.137.71.126,ipv4,malicious-ip,medium,WHITE,ziyadnz/hourly-ipv4,ziyadnz|hourly,2026-08-17T18:48:05Z,2026-08-17T18:48:05Z,
175.137.71.245,ipv4,malicious-ip,medium,WHITE,ziyadnz/hourly-ipv4,ziyadnz|hourly,2026-08-17T18:48:05Z,2026-08-17T18:48:05Z,
175.139.215.59,ipv4,malicious-ip,medium,WHITE,ziyadnz/hourly-ipv4,ziyadnz|hourly,2026-08-17T18:48:05Z,2026-08-17T18:48:05Z,
175.140.216.66,ipv4,malicious-ip,medium,WHITE,ziyadnz/hourly-ipv4,ziyadnz|hourly,2026-08-17T18:48:05Z,2026-08-17T18:48:05Z,
175.141.176.231,ipv4,malicious-ip,medium,WHITE,ziyadnz/hourly-ipv4,ziyadnz|hourly,2026-08-17T18:48:05Z,2026-08-17T18:48:05Z,
175.142.0.220,ipv4,malicious-ip,medium,WHITE,ziyadnz/hourly-ipv4,ziyadnz|hourly,2026-08-17T18:48:05Z,2026-08-17T18:48:05Z,
175.143.40.126,ipv4,malicious-ip,medium,WHITE,ziyadnz/hourly-ipv4,ziyadnz|hourly,2026-08-17T18:48:05Z,2026-08-17T18:48:05Z,
175.143.64.241,ipv4,malicious-ip,medium,WHITE,ziyadnz/hourly-ipv4,ziyadnz|hourly,2026-08-17T18:48:05Z,2026-08-17T18:48:05Z,
175.144.16.1,ipv4,malicious-ip,medium,WHITE,ziyadnz/hourly-ipv4,ziyadnz|hourly,2026-08-17T18:48:05Z,2026-08-17T18:48:05Z,
175.144.16.85,ipv4,malicious-ip,medium,WHITE,ziyadnz/hourly-ipv4,ziyadnz|hourly,2026-08-17T18:48:05Z,2026-08-17T18:48:05Z,
175.145.51.135,ipv4,malicious-ip,medium,WHITE,ziyadnz/hourly-ipv4,ziyadnz|hourly,2026-08-17T18:48:05Z,2026-08-17T18:48:05Z,
175.146.225.76,ipv4,malicious-ip,medium,WHITE,ziyadnz/hourly-ipv4,ziyadnz|hourly,2026-08-17T18:48:05Z,2026-08-17T18:48:05Z,
175.147.107.201,ipv4,malicious-ip,medium,WHITE,ziyadnz/hourly-ipv4,ziyadnz|hourly,2026-08-17T18:48:05Z,2026-08-17T18:48:05Z,
175.147.159.41,ipv4,malicious-ip,medium,WHITE,ziyadnz/hourly-ipv4,ziyadnz|hourly,2026-08-17T18:48:05Z,2026-08-17T18:48:05Z,
175.147.215.175,ipv4,malicious-ip,medium,WHITE,ziyadnz/hourly-ipv4,ziyadnz|hourly,2026-08-17T18:48:05Z,2026-08-17T18:48:05Z,
175.147.224.81,ipv4,malicious-ip,medium,WHITE,ziyadnz/hourly-ipv4,ziyadnz|hourly,2026-08-17T18:48:05Z,2026-08-17T18:48:05Z,
175.148.103.72,ipv4,malicious-ip,medium,WHITE,ziyadnz/hourly-ipv4,ziyadnz|hourly,2026-08-17T18:48:05Z,2026-08-17T18:48:05Z,
175.148.212.180,ipv4,malicious-ip,medium,WHITE,ziyadnz/hourly-ipv4,ziyadnz|hourly,2026-08-17T18:48:05Z,2026-08-17T18:48:05Z,
175.149.97.178,ipv4,malicious-ip,medium,WHITE,ziyadnz/hourly-ipv4,ziyadnz|hourly,2026-08-17T18:48:05Z,2026-08-17T18:48:05Z,
175.150.1.125,ipv4,malicious-ip,medium,WHITE,ziyadnz/hourly-ipv4,ziyadnz|hourly,2026-08-17T18:48:05Z,2026-08-17T18:48:05Z,
175.150.103.229,ipv4,malicious-ip,medium,WHITE,ziyadnz/hourly-ipv4,ziyadnz|hourly,2026-08-17T18:48:05Z,2026-08-17T18:48:05Z,
175.150.142.220,ipv4,malicious-ip,medium,WHITE,ziyadnz/hourly-ipv4,ziyadnz|hourly,2026-08-17T18:48:05Z,2026-08-17T18:48:05Z,
175.151.117.175,ipv4,malicious-ip,medium,WHITE,ziyadnz/hourly-ipv4,ziyadnz|hourly,2026-08-17T18:48:05Z,2026-08-17T18:48:05Z,
175.151.4.227,ipv4,malicious-ip,medium,WHITE,ziyadnz/hourly-ipv4,ziyadnz|hourly,2026-08-17T18:48:05Z,2026-08-17T18:48:05Z,
175.154.35.169,ipv4,malicious-ip,medium,WHITE,ziyadnz/hourly-ipv4,ziyadnz|hourly,2026-08-17T18:48:05Z,2026-08-17T18:48:05Z,
175.155.122.208,ipv4,malicious-ip,medium,WHITE,ziyadnz/hourly-ipv4,ziyadnz|hourly,2026-08-17T18:48:05Z,2026-08-17T18:48:05Z,
175.155.243.7,ipv4,malicious-ip,medium,WHITE,ziyadnz/hourly-ipv4,ziyadnz|hourly,2026-08-17T18:48:05Z,2026-08-17T18:48:05Z,
175.156.127.127,ipv4,malicious-ip,medium,WHITE,ziyadnz/hourly-ipv4,ziyadnz|hourly,2026-08-17T18:48:05Z,2026-08-17T18:48:05Z,
175.156.75.126,ipv4,malicious-ip,medium,WHITE,ziyadnz/hourly-ipv4,ziyadnz|hourly,2026-08-17T18:48:05Z,2026-08-17T18:48:05Z,
175.157.10.29,ipv4,malicious-ip,medium,WHITE,ziyadnz/hourly-ipv4,ziyadnz|hourly,2026-08-17T18:48:05Z,2026-08-17T18:48:05Z,
175.157.11.80,ipv4,malicious-ip,medium,WHITE,ziyadnz/hourly-ipv4,ziyadnz|hourly,2026-08-17T18:48:05Z,2026-08-17T18:48:05Z,
175.157.16.120,ipv4,malicious-ip,medium,WHITE,ziyadnz/hourly-ipv4,ziyadnz|hourly,2026-08-17T18:48:05Z,2026-08-17T18:48:05Z,
175.157.24.98,ipv4,malicious-ip,medium,WHITE,ziyadnz/hourly-ipv4,ziyadnz|hourly,2026-08-17T18:48:05Z,2026-08-17T18:48:05Z,
175.157.27.210,ipv4,malicious-ip,medium,WHITE,ziyadnz/hourly-ipv4,ziyadnz|hourly,2026-08-17T18:48:05Z,2026-08-17T18:48:05Z,
175.157.42.223,ipv4,malicious-ip,medium,WHITE,ziyadnz/hourly-ipv4,ziyadnz|hourly,2026-08-17T18:48:05Z,2026-08-17T18:48:05Z,
175.157.95.157,ipv4,malicious-ip,medium,WHITE,ziyadnz/hourly-ipv4,ziyadnz|hourly,2026-08-17T18:48:05Z,2026-08-17T18:48:05Z,
175.158.43.36,ipv4,malicious-ip,medium,WHITE,ziyadnz/hourly-ipv4,ziyadnz|hourly,2026-08-17T18:48:05Z,2026-08-17T18:48:05Z,
175.160.147.69,ipv4,malicious-ip,medium,WHITE,ziyadnz/hourly-ipv4,ziyadnz|hourly,2026-08-17T18:48:05Z,2026-08-17T18:48:05Z,
175.161.178.58,ipv4,malicious-ip,medium,WHITE,ziyadnz/hourly-ipv4,ziyadnz|hourly,2026-08-17T18:48:05Z,2026-08-17T18:48:05Z,
175.161.72.119,ipv4,malicious-ip,medium,WHITE,ziyadnz/hourly-ipv4,ziyadnz|hourly,2026-08-17T18:48:05Z,2026-08-17T18:48:05Z,
175.162.127.189,ipv4,malicious-ip,medium,WHITE,ziyadnz/hourly-ipv4,ziyadnz|hourly,2026-08-17T18:48:05Z,2026-08-17T18:48:05Z,
175.162.220.83,ipv4,malicious-ip,medium,WHITE,ziyadnz/hourly-ipv4,ziyadnz|hourly,2026-08-17T18:48:05Z,2026-08-17T18:48:05Z,
175.162.40.89,ipv4,malicious-ip,medium,WHITE,ziyadnz/hourly-ipv4,ziyadnz|hourly,2026-08-17T18:48:05Z,2026-08-17T18:48:05Z,
175.163.128.218,ipv4,malicious-ip,medium,WHITE,ziyadnz/hourly-ipv4,ziyadnz|hourly,2026-08-17T18:48:05Z,2026-08-17T18:48:05Z,
175.163.228.196,ipv4,malicious-ip,medium,WHITE,ziyadnz/hourly-ipv4,ziyadnz|hourly,2026-08-17T18:48:05Z,2026-08-17T18:48:05Z,
175.163.33.254,ipv4,malicious-ip,medium,WHITE,ziyadnz/hourly-ipv4,ziyadnz|hourly,2026-08-17T18:48:05Z,2026-08-17T18:48:05Z,
175.164.101.79,ipv4,malicious-ip,medium,WHITE,ziyadnz/hourly-ipv4,ziyadnz|hourly,2026-08-17T18:48:05Z,2026-08-17T18:48:05Z,
175.165.73.34,ipv4,malicious-ip,medium,WHITE,ziyadnz/hourly-ipv4,ziyadnz|hourly,2026-08-17T18:48:05Z,2026-08-17T18:48:05Z,
175.167.96.95,ipv4,malicious-ip,medium,WHITE,ziyadnz/hourly-ipv4,ziyadnz|hourly,2026-08-17T18:48:05Z,2026-08-17T18:48:05Z,
175.168.198.118,ipv4,malicious-ip,medium,WHITE,ziyadnz/hourly-ipv4,ziyadnz|hourly,2026-08-17T18:48:05Z,2026-08-17T18:48:05Z,
175.168.61.43,ipv4,malicious-ip,medium,WHITE,ziyadnz/hourly-ipv4,ziyadnz|hourly,2026-08-17T18:48:05Z,2026-08-17T18:48:05Z,
175.169.118.138,ipv4,malicious-ip,medium,WHITE,ziyadnz/hourly-ipv4,ziyadnz|hourly,2026-08-17T18:48:05Z,2026-08-17T18:48:05Z,
175.169.141.176,ipv4,malicious-ip,medium,WHITE,ziyadnz/hourly-ipv4,ziyadnz|hourly,2026-08-17T18:48:05Z,2026-08-17T18:48:05Z,
175.169.225.57,ipv4,malicious-ip,medium,WHITE,ziyadnz/hourly-ipv4,ziyadnz|hourly,2026-08-17T18:48:05Z,2026-08-17T18:48:05Z,
175.169.241.36,ipv4,malicious-ip,medium,WHITE,ziyadnz/hourly-ipv4,ziyadnz|hourly,2026-08-17T18:48:05Z,2026-08-17T18:48:05Z,
175.169.4.233,ipv4,malicious-ip,medium,WHITE,ziyadnz/hourly-ipv4,ziyadnz|hourly,2026-08-17T18:48:05Z,2026-08-17T18:48:05Z,
175.170.144.16,ipv4,malicious-ip,medium,WHITE,ziyadnz/hourly-ipv4,ziyadnz|hourly,2026-08-17T18:48:05Z,2026-08-17T18:48:05Z,
175.170.144.18,ipv4,malicious-ip,medium,WHITE,ziyadnz/hourly-ipv4,ziyadnz|hourly,2026-08-17T18:48:05Z,2026-08-17T18:48:05Z,
175.170.144.19,ipv4,malicious-ip,medium,WHITE,ziyadnz/hourly-ipv4,ziyadnz|hourly,2026-08-17T18:48:05Z,2026-08-17T18:48:05Z,
175.171.206.167,ipv4,malicious-ip,medium,WHITE,ziyadnz/hourly-ipv4,ziyadnz|hourly,2026-08-17T18:48:05Z,2026-08-17T18:48:05Z,
175.171.7.221,ipv4,malicious-ip,medium,WHITE,ziyadnz/hourly-ipv4,ziyadnz|hourly,2026-08-17T18:48:05Z,2026-08-17T18:48:05Z,
175.172.18.80,ipv4,malicious-ip,medium,WHITE,ziyadnz/hourly-ipv4,ziyadnz|hourly,2026-08-17T18:48:05Z,2026-08-17T18:48:05Z,
175.172.66.77,ipv4,malicious-ip,medium,WHITE,ziyadnz/hourly-ipv4,ziyadnz|hourly,2026-08-17T18:48:05Z,2026-08-17T18:48:05Z,
175.172.91.121,ipv4,malicious-ip,medium,WHITE,ziyadnz/hourly-ipv4,ziyadnz|hourly,2026-08-17T18:48:05Z,2026-08-17T18:48:05Z,
175.173.145.36,ipv4,malicious-ip,medium,WHITE,ziyadnz/hourly-ipv4,ziyadnz|hourly,2026-08-17T18:48:05Z,2026-08-17T18:48:05Z,
175.173.203.136,ipv4,malicious-ip,medium,WHITE,ziyadnz/hourly-ipv4,ziyadnz|hourly,2026-08-17T18:48:05Z,2026-08-17T18:48:05Z,
175.174.68.59,ipv4,malicious-ip,medium,WHITE,ziyadnz/hourly-ipv4,ziyadnz|hourly,2026-08-17T18:48:05Z,2026-08-17T18:48:05Z,
175.178.110.121,ipv4,malicious-ip,medium,WHITE,ziyadnz/hourly-ipv4,ziyadnz|hourly,2026-08-17T18:48:05Z,2026-08-17T18:48:05Z,
175.178.122.80,ipv4,malicious-ip,medium,WHITE,ziyadnz/hourly-ipv4,ziyadnz|hourly,2026-08-17T18:48:05Z,2026-08-17T18:48:05Z,
175.178.163.18,ipv4,malicious-ip,medium,WHITE,ziyadnz/hourly-ipv4,ziyadnz|hourly,2026-08-17T18:48:05Z,2026-08-17T18:48:05Z,
175.178.166.216,ipv4,malicious-ip,medium,WHITE,ziyadnz/hourly-ipv4,ziyadnz|hourly,2026-08-17T18:48:05Z,2026-08-17T18:48:05Z,
175.178.184.121,ipv4,malicious-ip,medium,WHITE,ziyadnz/hourly-ipv4,ziyadnz|hourly,2026-08-17T18:48:05Z,2026-08-17T18:48:05Z,
175.178.188.146,ipv4,malicious-ip,medium,WHITE,ziyadnz/hourly-ipv4,ziyadnz|hourly,2026-08-17T18:48:05Z,2026-08-17T18:48:05Z,
175.178.247.91,ipv4,malicious-ip,medium,WHITE,ziyadnz/hourly-ipv4,ziyadnz|hourly,2026-08-17T18:48:05Z,2026-08-17T18:48:05Z,
175.178.253.5,ipv4,malicious-ip,medium,WHITE,ziyadnz/hourly-ipv4,ziyadnz|hourly,2026-08-17T18:48:05Z,2026-08-17T18:48:05Z,
175.178.29.107,ipv4,malicious-ip,medium,WHITE,ziyadnz/hourly-ipv4,ziyadnz|hourly,2026-08-17T18:48:05Z,2026-08-17T18:48:05Z,
175.178.44.98,ipv4,malicious-ip,medium,WHITE,ziyadnz/hourly-ipv4,ziyadnz|hourly,2026-08-17T18:48:05Z,2026-08-17T18:48:05Z,
175.178.62.40,ipv4,malicious-ip,medium,WHITE,ziyadnz/hourly-ipv4,ziyadnz|hourly,2026-08-17T18:48:05Z,2026-08-17T18:48:05Z,
175.178.89.24,ipv4,malicious-ip,medium,WHITE,ziyadnz/hourly-ipv4,ziyadnz|hourly,2026-08-17T18:48:05Z,2026-08-17T18:48:05Z,
175.178.96.9,ipv4,malicious-ip,medium,WHITE,ziyadnz/hourly-ipv4,ziyadnz|hourly,2026-08-17T18:48:05Z,2026-08-17T18:48:05Z,
175.182.37.66,ipv4,malicious-ip,medium,WHITE,ziyadnz/hourly-ipv4,ziyadnz|hourly,2026-08-17T18:48:05Z,2026-08-17T18:48:05Z,
175.182.39.145,ipv4,malicious-ip,medium,WHITE,ziyadnz/hourly-ipv4,ziyadnz|hourly,2026-08-17T18:48:05Z,2026-08-17T18:48:05Z,
175.183.87.10,ipv4,malicious-ip,medium,WHITE,ziyadnz/hourly-ipv4,ziyadnz|hourly,2026-08-17T18:48:05Z,2026-08-17T18:48:05Z,
175.184.231.30,ipv4,malicious-ip,medium,WHITE,ziyadnz/hourly-ipv4,ziyadnz|hourly,2026-08-17T18:48:05Z,2026-08-17T18:48:05Z,
175.19.22.164,ipv4,malicious-ip,medium,WHITE,ziyadnz/hourly-ipv4,ziyadnz|hourly,2026-08-17T18:48:05Z,2026-08-17T18:48:05Z,
175.19.52.137,ipv4,malicious-ip,medium,WHITE,ziyadnz/hourly-ipv4,ziyadnz|hourly,2026-08-17T18:48:05Z,2026-08-17T18:48:05Z,
175.19.55.124,ipv4,malicious-ip,medium,WHITE,ziyadnz/hourly-ipv4,ziyadnz|hourly,2026-08-17T18:48:05Z,2026-08-17T18:48:05Z,
175.193.246.24,ipv4,malicious-ip,medium,WHITE,ziyadnz/hourly-ipv4,ziyadnz|hourly,2026-08-17T18:48:05Z,2026-08-17T18:48:05Z,
175.195.231.106,ipv4,malicious-ip,medium,WHITE,ziyadnz/hourly-ipv4,ziyadnz|hourly,2026-08-17T18:48:05Z,2026-08-17T18:48:05Z,
175.195.238.137,ipv4,malicious-ip,medium,WHITE,ziyadnz/hourly-ipv4,ziyadnz|hourly,2026-08-17T18:48:05Z,2026-08-17T18:48:05Z,
175.195.73.38,ipv4,malicious-ip,medium,WHITE,ziyadnz/hourly-ipv4,ziyadnz|hourly,2026-08-17T18:48:05Z,2026-08-17T18:48:05Z,
175.196.135.148,ipv4,malicious-ip,medium,WHITE,ziyadnz/hourly-ipv4,ziyadnz|hourly,2026-08-17T18:48:05Z,2026-08-17T18:48:05Z,
175.196.135.77,ipv4,malicious-ip,medium,WHITE,ziyadnz/hourly-ipv4,ziyadnz|hourly,2026-08-17T18:48:05Z,2026-08-17T18:48:05Z,
175.196.136.18,ipv4,malicious-ip,medium,WHITE,ziyadnz/hourly-ipv4,ziyadnz|hourly,2026-08-17T18:48:05Z,2026-08-17T18:48:05Z,
175.196.234.226,ipv4,malicious-ip,medium,WHITE,ziyadnz/hourly-ipv4,ziyadnz|hourly,2026-08-17T18:48:05Z,2026-08-17T18:48:05Z,
175.197.113.74,ipv4,malicious-ip,medium,WHITE,ziyadnz/hourly-ipv4,ziyadnz|hourly,2026-08-17T18:48:05Z,2026-08-17T18:48:05Z,
175.197.56.103,ipv4,malicious-ip,medium,WHITE,ziyadnz/hourly-ipv4,ziyadnz|hourly,2026-08-17T18:48:05Z,2026-08-17T18:48:05Z,
175.197.79.34,ipv4,malicious-ip,medium,WHITE,ziyadnz/hourly-ipv4,ziyadnz|hourly,2026-08-17T18:48:05Z,2026-08-17T18:48:05Z,
175.198.110.15,ipv4,malicious-ip,medium,WHITE,ziyadnz/hourly-ipv4,ziyadnz|hourly,2026-08-17T18:48:05Z,2026-08-17T18:48:05Z,
175.198.180.129,ipv4,malicious-ip,medium,WHITE,ziyadnz/hourly-ipv4,ziyadnz|hourly,2026-08-17T18:48:05Z,2026-08-17T18:48:05Z,
175.198.28.246,ipv4,malicious-ip,medium,WHITE,ziyadnz/hourly-ipv4,ziyadnz|hourly,2026-08-17T18:48:05Z,2026-08-17T18:48:05Z,
175.199.7.55,ipv4,malicious-ip,medium,WHITE,ziyadnz/hourly-ipv4,ziyadnz|hourly,2026-08-17T18:48:05Z,2026-08-17T18:48:05Z,
175.20.103.204,ipv4,malicious-ip,medium,WHITE,ziyadnz/hourly-ipv4,ziyadnz|hourly,2026-08-17T18:48:05Z,2026-08-17T18:48:05Z,
175.20.99.85,ipv4,malicious-ip,medium,WHITE,ziyadnz/hourly-ipv4,ziyadnz|hourly,2026-08-17T18:48:05Z,2026-08-17T18:48:05Z,
175.200.104.40,ipv4,malicious-ip,medium,WHITE,ziyadnz/hourly-ipv4,ziyadnz|hourly,2026-08-17T18:48:05Z,2026-08-17T18:48:05Z,
175.203.168.36,ipv4,malicious-ip,medium,WHITE,ziyadnz/hourly-ipv4,ziyadnz|hourly,2026-08-17T18:48:05Z,2026-08-17T18:48:05Z,
175.203.61.49,ipv4,malicious-ip,medium,WHITE,ziyadnz/hourly-ipv4,ziyadnz|hourly,2026-08-17T18:48:05Z,2026-08-17T18:48:05Z,
175.204.255.108,ipv4,malicious-ip,medium,WHITE,ziyadnz/hourly-ipv4,ziyadnz|hourly,2026-08-17T18:48:05Z,2026-08-17T18:48:05Z,
175.205.128.209,ipv4,malicious-ip,medium,WHITE,ziyadnz/hourly-ipv4,ziyadnz|hourly,2026-08-17T18:48:05Z,2026-08-17T18:48:05Z,
175.205.151.177,ipv4,malicious-ip,medium,WHITE,ziyadnz/hourly-ipv4,ziyadnz|hourly,2026-08-17T18:48:05Z,2026-08-17T18:48:05Z,
175.205.194.189,ipv4,malicious-ip,medium,WHITE,ziyadnz/hourly-ipv4,ziyadnz|hourly,2026-08-17T18:48:05Z,2026-08-17T18:48:05Z,
175.205.195.27,ipv4,malicious-ip,medium,WHITE,ziyadnz/hourly-ipv4,ziyadnz|hourly,2026-08-17T18:48:05Z,2026-08-17T18:48:05Z,
175.205.37.98,ipv4,malicious-ip,medium,WHITE,ziyadnz/hourly-ipv4,ziyadnz|hourly,2026-08-17T18:48:05Z,2026-08-17T18:48:05Z,
175.207.13.231,ipv4,malicious-ip,medium,WHITE,ziyadnz/hourly-ipv4,ziyadnz|hourly,2026-08-17T18:48:05Z,2026-08-17T18:48:05Z,
175.207.208.96,ipv4,malicious-ip,medium,WHITE,ziyadnz/hourly-ipv4,ziyadnz|hourly,2026-08-17T18:48:05Z,2026-08-17T18:48:05Z,
175.207.209.8,ipv4,malicious-ip,medium,WHITE,ziyadnz/hourly-ipv4,ziyadnz|hourly,2026-08-17T18:48:05Z,2026-08-17T18:48:05Z,
175.207.215.60,ipv4,malicious-ip,medium,WHITE,ziyadnz/hourly-ipv4,ziyadnz|hourly,2026-08-17T18:48:05Z,2026-08-17T18:48:05Z,
175.207.233.24,ipv4,malicious-ip,medium,WHITE,ziyadnz/hourly-ipv4,ziyadnz|hourly,2026-08-17T18:48:05Z,2026-08-17T18:48:05Z,
175.207.239.76,ipv4,malicious-ip,medium,WHITE,ziyadnz/hourly-ipv4,ziyadnz|hourly,2026-08-17T18:48:05Z,2026-08-17T18:48:05Z,
175.207.250.116,ipv4,malicious-ip,medium,WHITE,ziyadnz/hourly-ipv4,ziyadnz|hourly,2026-08-17T18:48:05Z,2026-08-17T18:48:05Z,
175.207.254.233,ipv4,malicious-ip,medium,WHITE,ziyadnz/hourly-ipv4,ziyadnz|hourly,2026-08-17T18:48:05Z,2026-08-17T18:48:05Z,
175.207.255.130,ipv4,malicious-ip,medium,WHITE,ziyadnz/hourly-ipv4,ziyadnz|hourly,2026-08-17T18:48:05Z,2026-08-17T18:48:05Z,
175.208.164.118,ipv4,malicious-ip,medium,WHITE,ziyadnz/hourly-ipv4,ziyadnz|hourly,2026-08-17T18:48:05Z,2026-08-17T18:48:05Z,
175.208.192.186,ipv4,malicious-ip,medium,WHITE,ziyadnz/hourly-ipv4,ziyadnz|hourly,2026-08-17T18:48:05Z,2026-08-17T18:48:05Z,
175.209.23.156,ipv4,malicious-ip,medium,WHITE,ziyadnz/hourly-ipv4,ziyadnz|hourly,2026-08-17T18:48:05Z,2026-08-17T18:48:05Z,
175.209.246.38,ipv4,malicious-ip,medium,WHITE,ziyadnz/hourly-ipv4,ziyadnz|hourly,2026-08-17T18:48:05Z,2026-08-17T18:48:05Z,
175.209.38.130,ipv4,malicious-ip,medium,WHITE,ziyadnz/hourly-ipv4,ziyadnz|hourly,2026-08-17T18:48:05Z,2026-08-17T18:48:05Z,
175.21.254.111,ipv4,malicious-ip,medium,WHITE,ziyadnz/hourly-ipv4,ziyadnz|hourly,2026-08-17T18:48:05Z,2026-08-17T18:48:05Z,
175.212.173.17,ipv4,malicious-ip,medium,WHITE,ziyadnz/hourly-ipv4,ziyadnz|hourly,2026-08-17T18:48:05Z,2026-08-17T18:48:05Z,
175.212.92.43,ipv4,malicious-ip,medium,WHITE,ziyadnz/hourly-ipv4,ziyadnz|hourly,2026-08-17T18:48:05Z,2026-08-17T18:48:05Z,
175.213.223.121,ipv4,malicious-ip,medium,WHITE,ziyadnz/hourly-ipv4,ziyadnz|hourly,2026-08-17T18:48:05Z,2026-08-17T18:48:05Z,
175.214.123.177,ipv4,malicious-ip,medium,WHITE,ziyadnz/hourly-ipv4,ziyadnz|hourly,2026-08-17T18:48:05Z,2026-08-17T18:48:05Z,
175.214.123.79,ipv4,malicious-ip,medium,WHITE,ziyadnz/hourly-ipv4,ziyadnz|hourly,2026-08-17T18:48:05Z,2026-08-17T18:48:05Z,
175.22.113.97,ipv4,malicious-ip,medium,WHITE,ziyadnz/hourly-ipv4,ziyadnz|hourly,2026-08-17T18:48:05Z,2026-08-17T18:48:05Z,
175.22.114.97,ipv4,malicious-ip,medium,WHITE,ziyadnz/hourly-ipv4,ziyadnz|hourly,2026-08-17T18:48:05Z,2026-08-17T18:48:05Z,
175.22.218.255,ipv4,malicious-ip,medium,WHITE,ziyadnz/hourly-ipv4,ziyadnz|hourly,2026-08-17T18:48:05Z,2026-08-17T18:48:05Z,
175.22.81.156,ipv4,malicious-ip,medium,WHITE,ziyadnz/hourly-ipv4,ziyadnz|hourly,2026-08-17T18:48:05Z,2026-08-17T18:48:05Z,
175.24.175.213,ipv4,malicious-ip,medium,WHITE,ziyadnz/hourly-ipv4,ziyadnz|hourly,2026-08-17T18:48:05Z,2026-08-17T18:48:05Z,
175.24.179.93,ipv4,malicious-ip,medium,WHITE,ziyadnz/hourly-ipv4,ziyadnz|hourly,2026-08-17T18:48:05Z,2026-08-17T18:48:05Z,
175.24.232.83,ipv4,malicious-ip,medium,WHITE,ziyadnz/hourly-ipv4,ziyadnz|hourly,2026-08-17T18:48:05Z,2026-08-17T18:48:05Z,
175.27.138.5,ipv4,malicious-ip,medium,WHITE,ziyadnz/hourly-ipv4,ziyadnz|hourly,2026-08-17T18:48:05Z,2026-08-17T18:48:05Z,
175.27.165.51,ipv4,malicious-ip,medium,WHITE,ziyadnz/hourly-ipv4,ziyadnz|hourly,2026-08-17T18:48:05Z,2026-08-17T18:48:05Z,
175.27.241.235,ipv4,malicious-ip,medium,WHITE,ziyadnz/hourly-ipv4,ziyadnz|hourly,2026-08-17T18:48:05Z,2026-08-17T18:48:05Z,
175.27.251.122,ipv4,malicious-ip,medium,WHITE,ziyadnz/hourly-ipv4,ziyadnz|hourly,2026-08-17T18:48:05Z,2026-08-17T18:48:05Z,
175.30.48.101,ipv4,malicious-ip,medium,WHITE,ziyadnz/hourly-ipv4,ziyadnz|hourly,2026-08-17T18:48:05Z,2026-08-17T18:48:05Z,
175.30.48.105,ipv4,malicious-ip,medium,WHITE,ziyadnz/hourly-ipv4,ziyadnz|hourly,2026-08-17T18:48:05Z,2026-08-17T18:48:05Z,
175.30.48.107,ipv4,malicious-ip,medium,WHITE,ziyadnz/hourly-ipv4,ziyadnz|hourly,2026-08-17T18:48:05Z,2026-08-17T18:48:05Z,
175.30.48.11,ipv4,malicious-ip,medium,WHITE,ziyadnz/hourly-ipv4,ziyadnz|hourly,2026-08-17T18:48:05Z,2026-08-17T18:48:05Z,
175.30.48.112,ipv4,malicious-ip,medium,WHITE,ziyadnz/hourly-ipv4,ziyadnz|hourly,2026-08-17T18:48:05Z,2026-08-17T18:48:05Z,
175.30.48.114,ipv4,malicious-ip,medium,WHITE,ziyadnz/hourly-ipv4,ziyadnz|hourly,2026-08-17T18:48:05Z,2026-08-17T18:48:05Z,
175.30.48.115,ipv4,malicious-ip,medium,WHITE,ziyadnz/hourly-ipv4,ziyadnz|hourly,2026-08-17T18:48:05Z,2026-08-17T18:48:05Z,
175.30.48.12,ipv4,malicious-ip,medium,WHITE,ziyadnz/hourly-ipv4,ziyadnz|hourly,2026-08-17T18:48:05Z,2026-08-17T18:48:05Z,
175.30.48.120,ipv4,malicious-ip,medium,WHITE,ziyadnz/hourly-ipv4,ziyadnz|hourly,2026-08-17T18:48:05Z,2026-08-17T18:48:05Z,
175.30.48.124,ipv4,malicious-ip,medium,WHITE,ziyadnz/hourly-ipv4,ziyadnz|hourly,2026-08-17T18:48:05Z,2026-08-17T18:48:05Z,
175.30.48.127,ipv4,malicious-ip,medium,WHITE,ziyadnz/hourly-ipv4,ziyadnz|hourly,2026-08-17T18:48:05Z,2026-08-17T18:48:05Z,
175.30.48.128,ipv4,malicious-ip,medium,WHITE,ziyadnz/hourly-ipv4,ziyadnz|hourly,2026-08-17T18:48:05Z,2026-08-17T18:48:05Z,
175.30.48.13,ipv4,malicious-ip,medium,WHITE,ziyadnz/hourly-ipv4,ziyadnz|hourly,2026-08-17T18:48:05Z,2026-08-17T18:48:05Z,
175.30.48.130,ipv4,malicious-ip,medium,WHITE,ziyadnz/hourly-ipv4,ziyadnz|hourly,2026-08-17T18:48:05Z,2026-08-17T18:48:05Z,
175.30.48.138,ipv4,malicious-ip,medium,WHITE,ziyadnz/hourly-ipv4,ziyadnz|hourly,2026-08-17T18:48:05Z,2026-08-17T18:48:05Z,
175.30.48.139,ipv4,malicious-ip,medium,WHITE,ziyadnz/hourly-ipv4,ziyadnz|hourly,2026-08-17T18:48:05Z,2026-08-17T18:48:05Z,
175.30.48.14,ipv4,malicious-ip,medium,WHITE,ziyadnz/hourly-ipv4,ziyadnz|hourly,2026-08-17T18:48:05Z,2026-08-17T18:48:05Z,
175.30.48.143,ipv4,malicious-ip,medium,WHITE,ziyadnz/hourly-ipv4,ziyadnz|hourly,2026-08-17T18:48:05Z,2026-08-17T18:48:05Z,
175.30.48.146,ipv4,malicious-ip,medium,WHITE,ziyadnz/hourly-ipv4,ziyadnz|hourly,2026-08-17T18:48:05Z,2026-08-17T18:48:05Z,
175.30.48.154,ipv4,malicious-ip,medium,WHITE,ziyadnz/hourly-ipv4,ziyadnz|hourly,2026-08-17T18:48:05Z,2026-08-17T18:48:05Z,
175.30.48.155,ipv4,malicious-ip,medium,WHITE,ziyadnz/hourly-ipv4,ziyadnz|hourly,2026-08-17T18:48:05Z,2026-08-17T18:48:05Z,
175.30.48.166,ipv4,malicious-ip,medium,WHITE,ziyadnz/hourly-ipv4,ziyadnz|hourly,2026-08-17T18:48:05Z,2026-08-17T18:48:05Z,
175.30.48.168,ipv4,malicious-ip,medium,WHITE,ziyadnz/hourly-ipv4,ziyadnz|hourly,2026-08-17T18:48:05Z,2026-08-17T18:48:05Z,
175.30.48.174,ipv4,malicious-ip,medium,WHITE,ziyadnz/hourly-ipv4,ziyadnz|hourly,2026-08-17T18:48:05Z,2026-08-17T18:48:05Z,
175.30.48.180,ipv4,malicious-ip,medium,WHITE,ziyadnz/hourly-ipv4,ziyadnz|hourly,2026-08-17T18:48:05Z,2026-08-17T18:48:05Z,
175.30.48.181,ipv4,malicious-ip,medium,WHITE,ziyadnz/hourly-ipv4,ziyadnz|hourly,2026-08-17T18:48:05Z,2026-08-17T18:48:05Z,
175.30.48.182,ipv4,malicious-ip,medium,WHITE,ziyadnz/hourly-ipv4,ziyadnz|hourly,2026-08-17T18:48:05Z,2026-08-17T18:48:05Z,
175.30.48.184,ipv4,malicious-ip,medium,WHITE,ziyadnz/hourly-ipv4,ziyadnz|hourly,2026-08-17T18:48:05Z,2026-08-17T18:48:05Z,
175.30.48.187,ipv4,malicious-ip,medium,WHITE,ziyadnz/hourly-ipv4,ziyadnz|hourly,2026-08-17T18:48:05Z,2026-08-17T18:48:05Z,
175.30.48.191,ipv4,malicious-ip,medium,WHITE,ziyadnz/hourly-ipv4,ziyadnz|hourly,2026-08-17T18:48:05Z,2026-08-17T18:48:05Z,
175.30.48.193,ipv4,malicious-ip,medium,WHITE,ziyadnz/hourly-ipv4,ziyadnz|hourly,2026-08-17T18:48:05Z,2026-08-17T18:48:05Z,
175.30.48.194,ipv4,malicious-ip,medium,WHITE,ziyadnz/hourly-ipv4,ziyadnz|hourly,2026-08-17T18:48:05Z,2026-08-17T18:48:05Z,
175.30.48.196,ipv4,malicious-ip,medium,WHITE,ziyadnz/hourly-ipv4,ziyadnz|hourly,2026-08-17T18:48:05Z,2026-08-17T18:48:05Z,
175.30.48.203,ipv4,malicious-ip,medium,WHITE,ziyadnz/hourly-ipv4,ziyadnz|hourly,2026-08-17T18:48:05Z,2026-08-17T18:48:05Z,
175.30.48.204,ipv4,malicious-ip,medium,WHITE,ziyadnz/hourly-ipv4,ziyadnz|hourly,2026-08-17T18:48:05Z,2026-08-17T18:48:05Z,
175.30.48.211,ipv4,malicious-ip,medium,WHITE,ziyadnz/hourly-ipv4,ziyadnz|hourly,2026-08-17T18:48:05Z,2026-08-17T18:48:05Z,
175.30.48.214,ipv4,malicious-ip,medium,WHITE,ziyadnz/hourly-ipv4,ziyadnz|hourly,2026-08-17T18:48:05Z,2026-08-17T18:48:05Z,
175.30.48.215,ipv4,malicious-ip,medium,WHITE,ziyadnz/hourly-ipv4,ziyadnz|hourly,2026-08-17T18:48:05Z,2026-08-17T18:48:05Z,
175.30.48.224,ipv4,malicious-ip,medium,WHITE,ziyadnz/hourly-ipv4,ziyadnz|hourly,2026-08-17T18:48:05Z,2026-08-17T18:48:05Z,
175.30.48.226,ipv4,malicious-ip,medium,WHITE,ziyadnz/hourly-ipv4,ziyadnz|hourly,2026-08-17T18:48:05Z,2026-08-17T18:48:05Z,
175.30.48.236,ipv4,malicious-ip,medium,WHITE,ziyadnz/hourly-ipv4,ziyadnz|hourly,2026-08-17T18:48:05Z,2026-08-17T18:48:05Z,
175.30.48.244,ipv4,malicious-ip,medium,WHITE,ziyadnz/hourly-ipv4,ziyadnz|hourly,2026-08-17T18:48:05Z,2026-08-17T18:48:05Z,
175.30.48.26,ipv4,malicious-ip,medium,WHITE,ziyadnz/hourly-ipv4,ziyadnz|hourly,2026-08-17T18:48:05Z,2026-08-17T18:48:05Z,
175.30.48.27,ipv4,malicious-ip,medium,WHITE,ziyadnz/hourly-ipv4,ziyadnz|hourly,2026-08-17T18:48:05Z,2026-08-17T18:48:05Z,
175.30.48.3,ipv4,malicious-ip,medium,WHITE,ziyadnz/hourly-ipv4,ziyadnz|hourly,2026-08-17T18:48:05Z,2026-08-17T18:48:05Z,
175.30.48.31,ipv4,malicious-ip,medium,WHITE,ziyadnz/hourly-ipv4,ziyadnz|hourly,2026-08-17T18:48:05Z,2026-08-17T18:48:05Z,
175.30.48.32,ipv4,malicious-ip,medium,WHITE,ziyadnz/hourly-ipv4,ziyadnz|hourly,2026-08-17T18:48:05Z,2026-08-17T18:48:05Z,
175.30.48.35,ipv4,malicious-ip,medium,WHITE,ziyadnz/hourly-ipv4,ziyadnz|hourly,2026-08-17T18:48:05Z,2026-08-17T18:48:05Z,
175.30.48.43,ipv4,malicious-ip,medium,WHITE,ziyadnz/hourly-ipv4,ziyadnz|hourly,2026-08-17T18:48:05Z,2026-08-17T18:48:05Z,
175.30.48.44,ipv4,malicious-ip,medium,WHITE,ziyadnz/hourly-ipv4,ziyadnz|hourly,2026-08-17T18:48:05Z,2026-08-17T18:48:05Z,
175.30.48.5,ipv4,malicious-ip,medium,WHITE,ziyadnz/hourly-ipv4,ziyadnz|hourly,2026-08-17T18:48:05Z,2026-08-17T18:48:05Z,
175.30.48.51,ipv4,malicious-ip,medium,WHITE,ziyadnz/hourly-ipv4,ziyadnz|hourly,2026-08-17T18:48:05Z,2026-08-17T18:48:05Z,
175.30.48.54,ipv4,malicious-ip,medium,WHITE,ziyadnz/hourly-ipv4,ziyadnz|hourly,2026-08-17T18:48:05Z,2026-08-17T18:48:05Z,
175.30.48.57,ipv4,malicious-ip,medium,WHITE,ziyadnz/hourly-ipv4,ziyadnz|hourly,2026-08-17T18:48:05Z,2026-08-17T18:48:05Z,
175.30.48.59,ipv4,malicious-ip,medium,WHITE,ziyadnz/hourly-ipv4,ziyadnz|hourly,2026-08-17T18:48:05Z,2026-08-17T18:48:05Z,
175.30.48.62,ipv4,malicious-ip,medium,WHITE,ziyadnz/hourly-ipv4,ziyadnz|hourly,2026-08-17T18:48:05Z,2026-08-17T18:48:05Z,
175.30.48.63,ipv4,malicious-ip,medium,WHITE,ziyadnz/hourly-ipv4,ziyadnz|hourly,2026-08-17T18:48:05Z,2026-08-17T18:48:05Z,
175.30.48.69,ipv4,malicious-ip,medium,WHITE,ziyadnz/hourly-ipv4,ziyadnz|hourly,2026-08-17T18:48:05Z,2026-08-17T18:48:05Z,
175.30.48.77,ipv4,malicious-ip,medium,WHITE,ziyadnz/hourly-ipv4,ziyadnz|hourly,2026-08-17T18:48:05Z,2026-08-17T18:48:05Z,
175.30.48.79,ipv4,malicious-ip,medium,WHITE,ziyadnz/hourly-ipv4,ziyadnz|hourly,2026-08-17T18:48:05Z,2026-08-17T18:48:05Z,
175.30.48.9,ipv4,malicious-ip,medium,WHITE,ziyadnz/hourly-ipv4,ziyadnz|hourly,2026-08-17T18:48:05Z,2026-08-17T18:48:05Z,
175.30.48.91,ipv4,malicious-ip,medium,WHITE,ziyadnz/hourly-ipv4,ziyadnz|hourly,2026-08-17T18:48:05Z,2026-08-17T18:48:05Z,
175.30.48.96,ipv4,malicious-ip,medium,WHITE,ziyadnz/hourly-ipv4,ziyadnz|hourly,2026-08-17T18:48:05Z,2026-08-17T18:48:05Z,
175.30.48.99,ipv4,malicious-ip,medium,WHITE,ziyadnz/hourly-ipv4,ziyadnz|hourly,2026-08-17T18:48:05Z,2026-08-17T18:48:05Z,
175.31.191.216,ipv4,malicious-ip,medium,WHITE,ziyadnz/hourly-ipv4,ziyadnz|hourly,2026-08-17T18:48:05Z,2026-08-17T18:48:05Z,
175.33.92.169,ipv4,malicious-ip,medium,WHITE,ziyadnz/hourly-ipv4,ziyadnz|hourly,2026-08-17T18:48:05Z,2026-08-17T18:48:05Z,
175.4.52.243,ipv4,malicious-ip,medium,WHITE,ziyadnz/hourly-ipv4,ziyadnz|hourly,2026-08-17T18:48:05Z,2026-08-17T18:48:05Z,
175.41.131.194,ipv4,malicious-ip,medium,WHITE,ziyadnz/hourly-ipv4,ziyadnz|hourly,2026-08-17T18:48:05Z,2026-08-17T18:48:05Z,
175.43.163.227,ipv4,malicious-ip,medium,WHITE,ziyadnz/hourly-ipv4,ziyadnz|hourly,2026-08-17T18:48:05Z,2026-08-17T18:48:05Z,
175.43.167.196,ipv4,malicious-ip,medium,WHITE,ziyadnz/hourly-ipv4,ziyadnz|hourly,2026-08-17T18:48:05Z,2026-08-17T18:48:05Z,
175.43.184.195,ipv4,malicious-ip,medium,WHITE,ziyadnz/hourly-ipv4,ziyadnz|hourly,2026-08-17T18:48:05Z,2026-08-17T18:48:05Z,
175.43.184.206,ipv4,malicious-ip,medium,WHITE,ziyadnz/hourly-ipv4,ziyadnz|hourly,2026-08-17T18:48:05Z,2026-08-17T18:48:05Z,
175.43.252.75,ipv4,malicious-ip,medium,WHITE,ziyadnz/hourly-ipv4,ziyadnz|hourly,2026-08-17T18:48:05Z,2026-08-17T18:48:05Z,
175.44.159.37,ipv4,malicious-ip,medium,WHITE,ziyadnz/hourly-ipv4,ziyadnz|hourly,2026-08-17T18:48:05Z,2026-08-17T18:48:05Z,
175.44.217.4,ipv4,malicious-ip,medium,WHITE,ziyadnz/hourly-ipv4,ziyadnz|hourly,2026-08-17T18:48:05Z,2026-08-17T18:48:05Z,
175.45.200.78,ipv4,malicious-ip,medium,WHITE,ziyadnz/hourly-ipv4,ziyadnz|hourly,2026-08-17T18:48:05Z,2026-08-17T18:48:05Z,
175.45.204.121,ipv4,malicious-ip,medium,WHITE,ziyadnz/hourly-ipv4,ziyadnz|hourly,2026-08-17T18:48:05Z,2026-08-17T18:48:05Z,
175.45.29.5,ipv4,malicious-ip,medium,WHITE,ziyadnz/hourly-ipv4,ziyadnz|hourly,2026-08-17T18:48:05Z,2026-08-17T18:48:05Z,
175.45.54.138,ipv4,malicious-ip,medium,WHITE,ziyadnz/hourly-ipv4,ziyadnz|hourly,2026-08-17T18:48:05Z,2026-08-17T18:48:05Z,
175.45.70.82,ipv4,malicious-ip,medium,WHITE,ziyadnz/hourly-ipv4,ziyadnz|hourly,2026-08-17T18:48:05Z,2026-08-17T18:48:05Z,
175.6.109.238,ipv4,malicious-ip,medium,WHITE,ziyadnz/hourly-ipv4,ziyadnz|hourly,2026-08-17T18:48:05Z,2026-08-17T18:48:05Z,
175.6.146.164,ipv4,malicious-ip,medium,WHITE,ziyadnz/hourly-ipv4,ziyadnz|hourly,2026-08-17T18:48:05Z,2026-08-17T18:48:05Z,
175.6.179.51,ipv4,malicious-ip,medium,WHITE,ziyadnz/hourly-ipv4,ziyadnz|hourly,2026-08-17T18:48:05Z,2026-08-17T18:48:05Z,
175.8.114.240,ipv4,malicious-ip,medium,WHITE,ziyadnz/hourly-ipv4,ziyadnz|hourly,2026-08-17T18:48:05Z,2026-08-17T18:48:05Z,
175.8.115.8,ipv4,malicious-ip,medium,WHITE,ziyadnz/hourly-ipv4,ziyadnz|hourly,2026-08-17T18:48:05Z,2026-08-17T18:48:05Z,
175.8.215.83,ipv4,malicious-ip,medium,WHITE,ziyadnz/hourly-ipv4,ziyadnz|hourly,2026-08-17T18:48:05Z,2026-08-17T18:48:05Z,
175.8.60.101,ipv4,malicious-ip,medium,WHITE,ziyadnz/hourly-ipv4,ziyadnz|hourly,2026-08-17T18:48:05Z,2026-08-17T18:48:05Z,
175.8.61.177,ipv4,malicious-ip,medium,WHITE,ziyadnz/hourly-ipv4,ziyadnz|hourly,2026-08-17T18:48:05Z,2026-08-17T18:48:05Z,
175.9.188.35,ipv4,malicious-ip,medium,WHITE,ziyadnz/hourly-ipv4,ziyadnz|hourly,2026-08-17T18:48:05Z,2026-08-17T18:48:05Z,
175.9.189.79,ipv4,malicious-ip,medium,WHITE,ziyadnz/hourly-ipv4,ziyadnz|hourly,2026-08-17T18:48:05Z,2026-08-17T18:48:05Z,
175.9.245.176,ipv4,malicious-ip,medium,WHITE,ziyadnz/hourly-ipv4,ziyadnz|hourly,2026-08-17T18:48:05Z,2026-08-17T18:48:05Z,
175.9.247.195,ipv4,malicious-ip,medium,WHITE,ziyadnz/hourly-ipv4,ziyadnz|hourly,2026-08-17T18:48:05Z,2026-08-17T18:48:05Z,
175.9.252.130,ipv4,malicious-ip,medium,WHITE,ziyadnz/hourly-ipv4,ziyadnz|hourly,2026-08-17T18:48:05Z,2026-08-17T18:48:05Z,
175.9.252.145,ipv4,malicious-ip,medium,WHITE,ziyadnz/hourly-ipv4,ziyadnz|hourly,2026-08-17T18:48:05Z,2026-08-17T18:48:05Z,
175.9.54.154,ipv4,malicious-ip,medium,WHITE,ziyadnz/hourly-ipv4,ziyadnz|hourly,2026-08-17T18:48:05Z,2026-08-17T18:48:05Z,
176.10.0.153,ipv4,malicious-ip,medium,WHITE,ziyadnz/hourly-ipv4,ziyadnz|hourly,2026-08-17T18:48:05Z,2026-08-17T18:48:05Z,
176.10.104.240,ipv4,malicious-ip,medium,WHITE,ziyadnz/hourly-ipv4,ziyadnz|hourly,2026-08-17T18:48:05Z,2026-08-17T18:48:05Z,
176.10.107.180,ipv4,malicious-ip,medium,WHITE,ziyadnz/hourly-ipv4,ziyadnz|hourly,2026-08-17T18:48:05Z,2026-08-17T18:48:05Z,
176.10.111.126,ipv4,malicious-ip,medium,WHITE,ziyadnz/hourly-ipv4,ziyadnz|hourly,2026-08-17T18:48:05Z,2026-08-17T18:48:05Z,
176.10.99.200,ipv4,malicious-ip,medium,WHITE,ziyadnz/hourly-ipv4,ziyadnz|hourly,2026-08-17T18:48:05Z,2026-08-17T18:48:05Z,
176.100.241.130,ipv4,malicious-ip,medium,WHITE,ziyadnz/hourly-ipv4,ziyadnz|hourly,2026-08-17T18:48:05Z,2026-08-17T18:48:05Z,
176.100.243.133,ipv4,malicious-ip,medium,WHITE,ziyadnz/hourly-ipv4,ziyadnz|hourly,2026-08-17T18:48:05Z,2026-08-17T18:48:05Z,
176.100.39.221,ipv4,malicious-ip,medium,WHITE,ziyadnz/hourly-ipv4,ziyadnz|hourly,2026-08-17T18:48:05Z,2026-08-17T18:48:05Z,
176.100.57.201,ipv4,malicious-ip,medium,WHITE,ziyadnz/hourly-ipv4,ziyadnz|hourly,2026-08-17T18:48:05Z,2026-08-17T18:48:05Z,
176.100.58.189,ipv4,malicious-ip,medium,WHITE,ziyadnz/hourly-ipv4,ziyadnz|hourly,2026-08-17T18:48:05Z,2026-08-17T18:48:05Z,
176.101.194.122,ipv4,malicious-ip,medium,WHITE,ziyadnz/hourly-ipv4,ziyadnz|hourly,2026-08-17T18:48:05Z,2026-08-17T18:48:05Z,
176.101.194.200,ipv4,malicious-ip,medium,WHITE,ziyadnz/hourly-ipv4,ziyadnz|hourly,2026-08-17T18:48:05Z,2026-08-17T18:48:05Z,
176.101.247.170,ipv4,malicious-ip,medium,WHITE,ziyadnz/hourly-ipv4,ziyadnz|hourly,2026-08-17T18:48:05Z,2026-08-17T18:48:05Z,
176.101.56.126,ipv4,malicious-ip,medium,WHITE,ziyadnz/hourly-ipv4,ziyadnz|hourly,2026-08-17T18:48:05Z,2026-08-17T18:48:05Z,
176.101.56.244,ipv4,malicious-ip,medium,WHITE,ziyadnz/hourly-ipv4,ziyadnz|hourly,2026-08-17T18:48:05Z,2026-08-17T18:48:05Z,
176.101.56.66,ipv4,malicious-ip,medium,WHITE,ziyadnz/hourly-ipv4,ziyadnz|hourly,2026-08-17T18:48:05Z,2026-08-17T18:48:05Z,
176.102.192.245,ipv4,malicious-ip,medium,WHITE,ziyadnz/hourly-ipv4,ziyadnz|hourly,2026-08-17T18:48:05Z,2026-08-17T18:48:05Z,
176.102.35.175,ipv4,malicious-ip,medium,WHITE,ziyadnz/hourly-ipv4,ziyadnz|hourly,2026-08-17T18:48:05Z,2026-08-17T18:48:05Z,
176.103.0.0,ipv4,malicious-ip,medium,WHITE,ziyadnz/hourly-ipv4,ziyadnz|hourly,2026-08-17T18:48:05Z,2026-08-17T18:48:05Z,
176.103.0.160,ipv4,malicious-ip,medium,WHITE,ziyadnz/hourly-ipv4,ziyadnz|hourly,2026-08-17T18:48:05Z,2026-08-17T18:48:05Z,
176.103.0.168,ipv4,malicious-ip,medium,WHITE,ziyadnz/hourly-ipv4,ziyadnz|hourly,2026-08-17T18:48:05Z,2026-08-17T18:48:05Z,
176.103.0.176,ipv4,malicious-ip,medium,WHITE,ziyadnz/hourly-ipv4,ziyadnz|hourly,2026-08-17T18:48:05Z,2026-08-17T18:48:05Z,
176.103.0.182,ipv4,malicious-ip,medium,WHITE,ziyadnz/hourly-ipv4,ziyadnz|hourly,2026-08-17T18:48:05Z,2026-08-17T18:48:05Z,
176.103.0.21,ipv4,malicious-ip,medium,WHITE,ziyadnz/hourly-ipv4,ziyadnz|hourly,2026-08-17T18:48:05Z,2026-08-17T18:48:05Z,
176.103.0.240,ipv4,malicious-ip,medium,WHITE,ziyadnz/hourly-ipv4,ziyadnz|hourly,2026-08-17T18:48:05Z,2026-08-17T18:48:05Z,
176.103.1.0,ipv4,malicious-ip,medium,WHITE,ziyadnz/hourly-ipv4,ziyadnz|hourly,2026-08-17T18:48:05Z,2026-08-17T18:48:05Z,
176.103.1.115,ipv4,malicious-ip,medium,WHITE,ziyadnz/hourly-ipv4,ziyadnz|hourly,2026-08-17T18:48:05Z,2026-08-17T18:48:05Z,
176.103.1.170,ipv4,malicious-ip,medium,WHITE,ziyadnz/hourly-ipv4,ziyadnz|hourly,2026-08-17T18:48:05Z,2026-08-17T18:48:05Z,
176.103.1.42,ipv4,malicious-ip,medium,WHITE,ziyadnz/hourly-ipv4,ziyadnz|hourly,2026-08-17T18:48:05Z,2026-08-17T18:48:05Z,
176.103.1.46,ipv4,malicious-ip,medium,WHITE,ziyadnz/hourly-ipv4,ziyadnz|hourly,2026-08-17T18:48:05Z,2026-08-17T18:48:05Z,
176.103.1.71,ipv4,malicious-ip,medium,WHITE,ziyadnz/hourly-ipv4,ziyadnz|hourly,2026-08-17T18:48:05Z,2026-08-17T18:48:05Z,
176.103.11.0,ipv4,malicious-ip,medium,WHITE,ziyadnz/hourly-ipv4,ziyadnz|hourly,2026-08-17T18:48:05Z,2026-08-17T18:48:05Z,
176.103.11.11,ipv4,malicious-ip,medium,WHITE,ziyadnz/hourly-ipv4,ziyadnz|hourly,2026-08-17T18:48:05Z,2026-08-17T18:48:05Z,
176.103.11.134,ipv4,malicious-ip,medium,WHITE,ziyadnz/hourly-ipv4,ziyadnz|hourly,2026-08-17T18:48:05Z,2026-08-17T18:48:05Z,
176.103.11.16,ipv4,malicious-ip,medium,WHITE,ziyadnz/hourly-ipv4,ziyadnz|hourly,2026-08-17T18:48:05Z,2026-08-17T18:48:05Z,
176.103.11.221,ipv4,malicious-ip,medium,WHITE,ziyadnz/hourly-ipv4,ziyadnz|hourly,2026-08-17T18:48:05Z,2026-08-17T18:48:05Z,
176.103.11.247,ipv4,malicious-ip,medium,WHITE,ziyadnz/hourly-ipv4,ziyadnz|hourly,2026-08-17T18:48:05Z,2026-08-17T18:48:05Z,
176.103.11.41,ipv4,malicious-ip,medium,WHITE,ziyadnz/hourly-ipv4,ziyadnz|hourly,2026-08-17T18:48:05Z,2026-08-17T18:48:05Z,
176.103.11.76,ipv4,malicious-ip,medium,WHITE,ziyadnz/hourly-ipv4,ziyadnz|hourly,2026-08-17T18:48:05Z,2026-08-17T18:48:05Z,
176.103.13.219,ipv4,malicious-ip,medium,WHITE,ziyadnz/hourly-ipv4,ziyadnz|hourly,2026-08-17T18:48:05Z,2026-08-17T18:48:05Z,
176.103.14.124,ipv4,malicious-ip,medium,WHITE,ziyadnz/hourly-ipv4,ziyadnz|hourly,2026-08-17T18:48:05Z,2026-08-17T18:48:05Z,
176.103.16.52,ipv4,malicious-ip,medium,WHITE,ziyadnz/hourly-ipv4,ziyadnz|hourly,2026-08-17T18:48:05Z,2026-08-17T18:48:05Z,
176.103.17.170,ipv4,malicious-ip,medium,WHITE,ziyadnz/hourly-ipv4,ziyadnz|hourly,2026-08-17T18:48:05Z,2026-08-17T18:48:05Z,
176.103.2.0,ipv4,malicious-ip,medium,WHITE,ziyadnz/hourly-ipv4,ziyadnz|hourly,2026-08-17T18:48:05Z,2026-08-17T18:48:05Z,
176.103.2.172,ipv4,malicious-ip,medium,WHITE,ziyadnz/hourly-ipv4,ziyadnz|hourly,2026-08-17T18:48:05Z,2026-08-17T18:48:05Z,
176.103.2.19,ipv4,malicious-ip,medium,WHITE,ziyadnz/hourly-ipv4,ziyadnz|hourly,2026-08-17T18:48:05Z,2026-08-17T18:48:05Z,
176.103.2.204,ipv4,malicious-ip,medium,WHITE,ziyadnz/hourly-ipv4,ziyadnz|hourly,2026-08-17T18:48:05Z,2026-08-17T18:48:05Z,
176.103.2.231,ipv4,malicious-ip,medium,WHITE,ziyadnz/hourly-ipv4,ziyadnz|hourly,2026-08-17T18:48:05Z,2026-08-17T18:48:05Z,
176.103.2.54,ipv4,malicious-ip,medium,WHITE,ziyadnz/hourly-ipv4,ziyadnz|hourly,2026-08-17T18:48:05Z,2026-08-17T18:48:05Z,
176.103.2.80,ipv4,malicious-ip,medium,WHITE,ziyadnz/hourly-ipv4,ziyadnz|hourly,2026-08-17T18:48:05Z,2026-08-17T18:48:05Z,
176.103.2.84,ipv4,malicious-ip,medium,WHITE,ziyadnz/hourly-ipv4,ziyadnz|hourly,2026-08-17T18:48:05Z,2026-08-17T18:48:05Z,
176.103.2.87,ipv4,malicious-ip,medium,WHITE,ziyadnz/hourly-ipv4,ziyadnz|hourly,2026-08-17T18:48:05Z,2026-08-17T18:48:05Z,
176.103.22.38,ipv4,malicious-ip,medium,WHITE,ziyadnz/hourly-ipv4,ziyadnz|hourly,2026-08-17T18:48:05Z,2026-08-17T18:48:05Z,
176.103.22.69,ipv4,malicious-ip,medium,WHITE,ziyadnz/hourly-ipv4,ziyadnz|hourly,2026-08-17T18:48:05Z,2026-08-17T18:48:05Z,
176.103.25.146,ipv4,malicious-ip,medium,WHITE,ziyadnz/hourly-ipv4,ziyadnz|hourly,2026-08-17T18:48:05Z,2026-08-17T18:48:05Z,
176.103.25.227,ipv4,malicious-ip,medium,WHITE,ziyadnz/hourly-ipv4,ziyadnz|hourly,2026-08-17T18:48:05Z,2026-08-17T18:48:05Z,
176.103.25.254,ipv4,malicious-ip,medium,WHITE,ziyadnz/hourly-ipv4,ziyadnz|hourly,2026-08-17T18:48:05Z,2026-08-17T18:48:05Z,
176.103.26.152,ipv4,malicious-ip,medium,WHITE,ziyadnz/hourly-ipv4,ziyadnz|hourly,2026-08-17T18:48:05Z,2026-08-17T18:48:05Z,
176.103.27.20,ipv4,malicious-ip,medium,WHITE,ziyadnz/hourly-ipv4,ziyadnz|hourly,2026-08-17T18:48:05Z,2026-08-17T18:48:05Z,
176.103.3.0,ipv4,malicious-ip,medium,WHITE,ziyadnz/hourly-ipv4,ziyadnz|hourly,2026-08-17T18:48:05Z,2026-08-17T18:48:05Z,
176.103.3.102,ipv4,malicious-ip,medium,WHITE,ziyadnz/hourly-ipv4,ziyadnz|hourly,2026-08-17T18:48:05Z,2026-08-17T18:48:05Z,
176.103.3.113,ipv4,malicious-ip,medium,WHITE,ziyadnz/hourly-ipv4,ziyadnz|hourly,2026-08-17T18:48:05Z,2026-08-17T18:48:05Z,
176.103.3.191,ipv4,malicious-ip,medium,WHITE,ziyadnz/hourly-ipv4,ziyadnz|hourly,2026-08-17T18:48:05Z,2026-08-17T18:48:05Z,
176.103.3.3,ipv4,malicious-ip,medium,WHITE,ziyadnz/hourly-ipv4,ziyadnz|hourly,2026-08-17T18:48:05Z,2026-08-17T18:48:05Z,
176.103.3.82,ipv4,malicious-ip,medium,WHITE,ziyadnz/hourly-ipv4,ziyadnz|hourly,2026-08-17T18:48:05Z,2026-08-17T18:48:05Z,
176.103.3.93,ipv4,malicious-ip,medium,WHITE,ziyadnz/hourly-ipv4,ziyadnz|hourly,2026-08-17T18:48:05Z,2026-08-17T18:48:05Z,
176.103.4.0,ipv4,malicious-ip,medium,WHITE,ziyadnz/hourly-ipv4,ziyadnz|hourly,2026-08-17T18:48:05Z,2026-08-17T18:48:05Z,
176.103.4.103,ipv4,malicious-ip,medium,WHITE,ziyadnz/hourly-ipv4,ziyadnz|hourly,2026-08-17T18:48:05Z,2026-08-17T18:48:05Z,
176.103.4.126,ipv4,malicious-ip,medium,WHITE,ziyadnz/hourly-ipv4,ziyadnz|hourly,2026-08-17T18:48:05Z,2026-08-17T18:48:05Z,
176.103.4.169,ipv4,malicious-ip,medium,WHITE,ziyadnz/hourly-ipv4,ziyadnz|hourly,2026-08-17T18:48:05Z,2026-08-17T18:48:05Z,
176.103.4.212,ipv4,malicious-ip,medium,WHITE,ziyadnz/hourly-ipv4,ziyadnz|hourly,2026-08-17T18:48:05Z,2026-08-17T18:48:05Z,
176.103.4.221,ipv4,malicious-ip,medium,WHITE,ziyadnz/hourly-ipv4,ziyadnz|hourly,2026-08-17T18:48:05Z,2026-08-17T18:48:05Z,
176.103.4.239,ipv4,malicious-ip,medium,WHITE,ziyadnz/hourly-ipv4,ziyadnz|hourly,2026-08-17T18:48:05Z,2026-08-17T18:48:05Z,
176.103.4.24,ipv4,malicious-ip,medium,WHITE,ziyadnz/hourly-ipv4,ziyadnz|hourly,2026-08-17T18:48:05Z,2026-08-17T18:48:05Z,
176.103.4.28,ipv4,malicious-ip,medium,WHITE,ziyadnz/hourly-ipv4,ziyadnz|hourly,2026-08-17T18:48:05Z,2026-08-17T18:48:05Z,
176.103.5.0,ipv4,malicious-ip,medium,WHITE,ziyadnz/hourly-ipv4,ziyadnz|hourly,2026-08-17T18:48:05Z,2026-08-17T18:48:05Z,
176.103.5.164,ipv4,malicious-ip,medium,WHITE,ziyadnz/hourly-ipv4,ziyadnz|hourly,2026-08-17T18:48:05Z,2026-08-17T18:48:05Z,
176.103.5.181,ipv4,malicious-ip,medium,WHITE,ziyadnz/hourly-ipv4,ziyadnz|hourly,2026-08-17T18:48:05Z,2026-08-17T18:48:05Z,
176.103.5.217,ipv4,malicious-ip,medium,WHITE,ziyadnz/hourly-ipv4,ziyadnz|hourly,2026-08-17T18:48:05Z,2026-08-17T18:48:05Z,
176.103.5.26,ipv4,malicious-ip,medium,WHITE,ziyadnz/hourly-ipv4,ziyadnz|hourly,2026-08-17T18:48:05Z,2026-08-17T18:48:05Z,
176.103.5.30,ipv4,malicious-ip,medium,WHITE,ziyadnz/hourly-ipv4,ziyadnz|hourly,2026-08-17T18:48:05Z,2026-08-17T18:48:05Z,
176.103.5.70,ipv4,malicious-ip,medium,WHITE,ziyadnz/hourly-ipv4,ziyadnz|hourly,2026-08-17T18:48:05Z,2026-08-17T18:48:05Z,
176.103.5.73,ipv4,malicious-ip,medium,WHITE,ziyadnz/hourly-ipv4,ziyadnz|hourly,2026-08-17T18:48:05Z,2026-08-17T18:48:05Z,
176.103.5.81,ipv4,malicious-ip,medium,WHITE,ziyadnz/hourly-ipv4,ziyadnz|hourly,2026-08-17T18:48:05Z,2026-08-17T18:48:05Z,
176.103.5.86,ipv4,malicious-ip,medium,WHITE,ziyadnz/hourly-ipv4,ziyadnz|hourly,2026-08-17T18:48:05Z,2026-08-17T18:48:05Z,
176.103.5.89,ipv4,malicious-ip,medium,WHITE,ziyadnz/hourly-ipv4,ziyadnz|hourly,2026-08-17T18:48:05Z,2026-08-17T18:48:05Z,
176.103.6.0,ipv4,malicious-ip,medium,WHITE,ziyadnz/hourly-ipv4,ziyadnz|hourly,2026-08-17T18:48:05Z,2026-08-17T18:48:05Z,
176.103.6.11,ipv4,malicious-ip,medium,WHITE,ziyadnz/hourly-ipv4,ziyadnz|hourly,2026-08-17T18:48:05Z,2026-08-17T18:48:05Z,
176.103.6.122,ipv4,malicious-ip,medium,WHITE,ziyadnz/hourly-ipv4,ziyadnz|hourly,2026-08-17T18:48:05Z,2026-08-17T18:48:05Z,
176.103.6.150,ipv4,malicious-ip,medium,WHITE,ziyadnz/hourly-ipv4,ziyadnz|hourly,2026-08-17T18:48:05Z,2026-08-17T18:48:05Z,
176.103.6.170,ipv4,malicious-ip,medium,WHITE,ziyadnz/hourly-ipv4,ziyadnz|hourly,2026-08-17T18:48:05Z,2026-08-17T18:48:05Z,
176.103.6.180,ipv4,malicious-ip,medium,WHITE,ziyadnz/hourly-ipv4,ziyadnz|hourly,2026-08-17T18:48:05Z,2026-08-17T18:48:05Z,
176.103.6.184,ipv4,malicious-ip,medium,WHITE,ziyadnz/hourly-ipv4,ziyadnz|hourly,2026-08-17T18:48:05Z,2026-08-17T18:48:05Z,
176.103.6.191,ipv4,malicious-ip,medium,WHITE,ziyadnz/hourly-ipv4,ziyadnz|hourly,2026-08-17T18:48:05Z,2026-08-17T18:48:05Z,
176.103.6.211,ipv4,malicious-ip,medium,WHITE,ziyadnz/hourly-ipv4,ziyadnz|hourly,2026-08-17T18:48:05Z,2026-08-17T18:48:05Z,
176.103.6.222,ipv4,malicious-ip,medium,WHITE,ziyadnz/hourly-ipv4,ziyadnz|hourly,2026-08-17T18:48:05Z,2026-08-17T18:48:05Z,
176.103.6.223,ipv4,malicious-ip,medium,WHITE,ziyadnz/hourly-ipv4,ziyadnz|hourly,2026-08-17T18:48:05Z,2026-08-17T18:48:05Z,
176.103.6.24,ipv4,malicious-ip,medium,WHITE,ziyadnz/hourly-ipv4,ziyadnz|hourly,2026-08-17T18:48:05Z,2026-08-17T18:48:05Z,
176.103.6.5,ipv4,malicious-ip,medium,WHITE,ziyadnz/hourly-ipv4,ziyadnz|hourly,2026-08-17T18:48:05Z,2026-08-17T18:48:05Z,
176.103.6.75,ipv4,malicious-ip,medium,WHITE,ziyadnz/hourly-ipv4,ziyadnz|hourly,2026-08-17T18:48:05Z,2026-08-17T18:48:05Z,
176.103.6.84,ipv4,malicious-ip,medium,WHITE,ziyadnz/hourly-ipv4,ziyadnz|hourly,2026-08-17T18:48:05Z,2026-08-17T18:48:05Z,
176.103.7.117,ipv4,malicious-ip,medium,WHITE,ziyadnz/hourly-ipv4,ziyadnz|hourly,2026-08-17T18:48:05Z,2026-08-17T18:48:05Z,
176.103.7.125,ipv4,malicious-ip,medium,WHITE,ziyadnz/hourly-ipv4,ziyadnz|hourly,2026-08-17T18:48:05Z,2026-08-17T18:48:05Z,
176.103.7.133,ipv4,malicious-ip,medium,WHITE,ziyadnz/hourly-ipv4,ziyadnz|hourly,2026-08-17T18:48:05Z,2026-08-17T18:48:05Z,
176.103.7.151,ipv4,malicious-ip,medium,WHITE,ziyadnz/hourly-ipv4,ziyadnz|hourly,2026-08-17T18:48:05Z,2026-08-17T18:48:05Z,
176.103.7.164,ipv4,malicious-ip,medium,WHITE,ziyadnz/hourly-ipv4,ziyadnz|hourly,2026-08-17T18:48:05Z,2026-08-17T18:48:05Z,
176.103.7.172,ipv4,malicious-ip,medium,WHITE,ziyadnz/hourly-ipv4,ziyadnz|hourly,2026-08-17T18:48:05Z,2026-08-17T18:48:05Z,
176.103.7.181,ipv4,malicious-ip,medium,WHITE,ziyadnz/hourly-ipv4,ziyadnz|hourly,2026-08-17T18:48:05Z,2026-08-17T18:48:05Z,
176.103.7.194,ipv4,malicious-ip,medium,WHITE,ziyadnz/hourly-ipv4,ziyadnz|hourly,2026-08-17T18:48:05Z,2026-08-17T18:48:05Z,
176.103.7.211,ipv4,malicious-ip,medium,WHITE,ziyadnz/hourly-ipv4,ziyadnz|hourly,2026-08-17T18:48:05Z,2026-08-17T18:48:05Z,
176.103.7.229,ipv4,malicious-ip,medium,WHITE,ziyadnz/hourly-ipv4,ziyadnz|hourly,2026-08-17T18:48:05Z,2026-08-17T18:48:05Z,
176.103.7.243,ipv4,malicious-ip,medium,WHITE,ziyadnz/hourly-ipv4,ziyadnz|hourly,2026-08-17T18:48:05Z,2026-08-17T18:48:05Z,
176.103.7.34,ipv4,malicious-ip,medium,WHITE,ziyadnz/hourly-ipv4,ziyadnz|hourly,2026-08-17T18:48:05Z,2026-08-17T18:48:05Z,
176.103.7.91,ipv4,malicious-ip,medium,WHITE,ziyadnz/hourly-ipv4,ziyadnz|hourly,2026-08-17T18:48:05Z,2026-08-17T18:48:05Z,
176.104.106.96,ipv4,malicious-ip,medium,WHITE,ziyadnz/hourly-ipv4,ziyadnz|hourly,2026-08-17T18:48:05Z,2026-08-17T18:48:05Z,
176.104.184.17,ipv4,malicious-ip,medium,WHITE,ziyadnz/hourly-ipv4,ziyadnz|hourly,2026-08-17T18:48:05Z,2026-08-17T18:48:05Z,
176.104.49.24,ipv4,malicious-ip,medium,WHITE,ziyadnz/hourly-ipv4,ziyadnz|hourly,2026-08-17T18:48:05Z,2026-08-17T18:48:05Z,
176.104.7.125,ipv4,malicious-ip,medium,WHITE,ziyadnz/hourly-ipv4,ziyadnz|hourly,2026-08-17T18:48:05Z,2026-08-17T18:48:05Z,
176.105.107.78,ipv4,malicious-ip,medium,WHITE,ziyadnz/hourly-ipv4,ziyadnz|hourly,2026-08-17T18:48:05Z,2026-08-17T18:48:05Z,
176.105.196.109,ipv4,malicious-ip,medium,WHITE,ziyadnz/hourly-ipv4,ziyadnz|hourly,2026-08-17T18:48:05Z,2026-08-17T18:48:05Z,
176.105.197.216,ipv4,malicious-ip,medium,WHITE,ziyadnz/hourly-ipv4,ziyadnz|hourly,2026-08-17T18:48:05Z,2026-08-17T18:48:05Z,
176.105.200.225,ipv4,malicious-ip,medium,WHITE,ziyadnz/hourly-ipv4,ziyadnz|hourly,2026-08-17T18:48:05Z,2026-08-17T18:48:05Z,
176.105.202.212,ipv4,malicious-ip,medium,WHITE,ziyadnz/hourly-ipv4,ziyadnz|hourly,2026-08-17T18:48:05Z,2026-08-17T18:48:05Z,
176.105.217.20,ipv4,malicious-ip,medium,WHITE,ziyadnz/hourly-ipv4,ziyadnz|hourly,2026-08-17T18:48:05Z,2026-08-17T18:48:05Z,
176.105.36.187,ipv4,malicious-ip,medium,WHITE,ziyadnz/hourly-ipv4,ziyadnz|hourly,2026-08-17T18:48:05Z,2026-08-17T18:48:05Z,
176.106.225.32,ipv4,malicious-ip,medium,WHITE,ziyadnz/hourly-ipv4,ziyadnz|hourly,2026-08-17T18:48:05Z,2026-08-17T18:48:05Z,
176.107.160.53,ipv4,malicious-ip,medium,WHITE,ziyadnz/hourly-ipv4,ziyadnz|hourly,2026-08-17T18:48:05Z,2026-08-17T18:48:05Z,
176.107.160.57,ipv4,malicious-ip,medium,WHITE,ziyadnz/hourly-ipv4,ziyadnz|hourly,2026-08-17T18:48:05Z,2026-08-17T18:48:05Z,
176.107.252.96,ipv4,malicious-ip,medium,WHITE,ziyadnz/hourly-ipv4,ziyadnz|hourly,2026-08-17T18:48:05Z,2026-08-17T18:48:05Z,
176.108.106.49,ipv4,malicious-ip,medium,WHITE,ziyadnz/hourly-ipv4,ziyadnz|hourly,2026-08-17T18:48:05Z,2026-08-17T18:48:05Z,
176.108.106.68,ipv4,malicious-ip,medium,WHITE,ziyadnz/hourly-ipv4,ziyadnz|hourly,2026-08-17T18:48:05Z,2026-08-17T18:48:05Z,
176.108.106.7,ipv4,malicious-ip,medium,WHITE,ziyadnz/hourly-ipv4,ziyadnz|hourly,2026-08-17T18:48:05Z,2026-08-17T18:48:05Z,
176.108.248.184,ipv4,malicious-ip,medium,WHITE,ziyadnz/hourly-ipv4,ziyadnz|hourly,2026-08-17T18:48:05Z,2026-08-17T18:48:05Z,
176.108.31.143,ipv4,malicious-ip,medium,WHITE,ziyadnz/hourly-ipv4,ziyadnz|hourly,2026-08-17T18:48:05Z,2026-08-17T18:48:05Z,
176.109.10.49,ipv4,malicious-ip,medium,WHITE,ziyadnz/hourly-ipv4,ziyadnz|hourly,2026-08-17T18:48:05Z,2026-08-17T18:48:05Z,
176.109.74.61,ipv4,malicious-ip,medium,WHITE,ziyadnz/hourly-ipv4,ziyadnz|hourly,2026-08-17T18:48:05Z,2026-08-17T18:48:05Z,
176.109.85.70,ipv4,malicious-ip,medium,WHITE,ziyadnz/hourly-ipv4,ziyadnz|hourly,2026-08-17T18:48:05Z,2026-08-17T18:48:05Z,
176.109.97.11,ipv4,malicious-ip,medium,WHITE,ziyadnz/hourly-ipv4,ziyadnz|hourly,2026-08-17T18:48:05Z,2026-08-17T18:48:05Z,
176.110.134.69,ipv4,malicious-ip,medium,WHITE,ziyadnz/hourly-ipv4,ziyadnz|hourly,2026-08-17T18:48:05Z,2026-08-17T18:48:05Z,
176.111.152.79,ipv4,malicious-ip,medium,WHITE,ziyadnz/hourly-ipv4,ziyadnz|hourly,2026-08-17T18:48:05Z,2026-08-17T18:48:05Z,
176.111.174.109,ipv4,malicious-ip,medium,WHITE,ziyadnz/hourly-ipv4,ziyadnz|hourly,2026-08-17T18:48:05Z,2026-08-17T18:48:05Z,
176.111.174.114,ipv4,malicious-ip,medium,WHITE,ziyadnz/hourly-ipv4,ziyadnz|hourly,2026-08-17T18:48:05Z,2026-08-17T18:48:05Z,
176.111.218.190,ipv4,malicious-ip,medium,WHITE,ziyadnz/hourly-ipv4,ziyadnz|hourly,2026-08-17T18:48:05Z,2026-08-17T18:48:05Z,
176.111.61.115,ipv4,malicious-ip,medium,WHITE,ziyadnz/hourly-ipv4,ziyadnz|hourly,2026-08-17T18:48:05Z,2026-08-17T18:48:05Z,
176.111.64.19,ipv4,malicious-ip,medium,WHITE,ziyadnz/hourly-ipv4,ziyadnz|hourly,2026-08-17T18:48:05Z,2026-08-17T18:48:05Z,
176.111.79.210,ipv4,malicious-ip,medium,WHITE,ziyadnz/hourly-ipv4,ziyadnz|hourly,2026-08-17T18:48:05Z,2026-08-17T18:48:05Z,
176.112.105.100,ipv4,malicious-ip,medium,WHITE,ziyadnz/hourly-ipv4,ziyadnz|hourly,2026-08-17T18:48:05Z,2026-08-17T18:48:05Z,
176.112.105.77,ipv4,malicious-ip,medium,WHITE,ziyadnz/hourly-ipv4,ziyadnz|hourly,2026-08-17T18:48:05Z,2026-08-17T18:48:05Z,
176.112.109.188,ipv4,malicious-ip,medium,WHITE,ziyadnz/hourly-ipv4,ziyadnz|hourly,2026-08-17T18:48:05Z,2026-08-17T18:48:05Z,
176.112.111.10,ipv4,malicious-ip,medium,WHITE,ziyadnz/hourly-ipv4,ziyadnz|hourly,2026-08-17T18:48:05Z,2026-08-17T18:48:05Z,
176.112.111.30,ipv4,malicious-ip,medium,WHITE,ziyadnz/hourly-ipv4,ziyadnz|hourly,2026-08-17T18:48:05Z,2026-08-17T18:48:05Z,
176.112.111.40,ipv4,malicious-ip,medium,WHITE,ziyadnz/hourly-ipv4,ziyadnz|hourly,2026-08-17T18:48:05Z,2026-08-17T18:48:05Z,
176.112.111.46,ipv4,malicious-ip,medium,WHITE,ziyadnz/hourly-ipv4,ziyadnz|hourly,2026-08-17T18:48:05Z,2026-08-17T18:48:05Z,
176.112.111.47,ipv4,malicious-ip,medium,WHITE,ziyadnz/hourly-ipv4,ziyadnz|hourly,2026-08-17T18:48:05Z,2026-08-17T18:48:05Z,
176.112.78.151,ipv4,malicious-ip,medium,WHITE,ziyadnz/hourly-ipv4,ziyadnz|hourly,2026-08-17T18:48:05Z,2026-08-17T18:48:05Z,
176.113.115.107,ipv4,malicious-ip,medium,WHITE,ziyadnz/hourly-ipv4,ziyadnz|hourly,2026-08-17T18:48:05Z,2026-08-17T18:48:05Z,
176.113.115.17,ipv4,malicious-ip,medium,WHITE,ziyadnz/hourly-ipv4,ziyadnz|hourly,2026-08-17T18:48:05Z,2026-08-17T18:48:05Z,
176.113.115.170,ipv4,malicious-ip,medium,WHITE,ziyadnz/hourly-ipv4,ziyadnz|hourly,2026-08-17T18:48:05Z,2026-08-17T18:48:05Z,
176.113.115.203,ipv4,malicious-ip,medium,WHITE,ziyadnz/hourly-ipv4,ziyadnz|hourly,2026-08-17T18:48:05Z,2026-08-17T18:48:05Z,
176.113.115.224,ipv4,malicious-ip,medium,WHITE,ziyadnz/hourly-ipv4,ziyadnz|hourly,2026-08-17T18:48:05Z,2026-08-17T18:48:05Z,
176.113.115.225,ipv4,malicious-ip,medium,WHITE,ziyadnz/hourly-ipv4,ziyadnz|hourly,2026-08-17T18:48:05Z,2026-08-17T18:48:05Z,
176.113.115.226,ipv4,malicious-ip,medium,WHITE,ziyadnz/hourly-ipv4,ziyadnz|hourly,2026-08-17T18:48:05Z,2026-08-17T18:48:05Z,
176.113.115.227,ipv4,malicious-ip,medium,WHITE,ziyadnz/hourly-ipv4,ziyadnz|hourly,2026-08-17T18:48:05Z,2026-08-17T18:48:05Z,
176.113.115.229,ipv4,malicious-ip,medium,WHITE,ziyadnz/hourly-ipv4,ziyadnz|hourly,2026-08-17T18:48:05Z,2026-08-17T18:48:05Z,
176.113.115.232,ipv4,malicious-ip,medium,WHITE,ziyadnz/hourly-ipv4,ziyadnz|hourly,2026-08-17T18:48:05Z,2026-08-17T18:48:05Z,
176.113.115.253,ipv4,malicious-ip,medium,WHITE,ziyadnz/hourly-ipv4,ziyadnz|hourly,2026-08-17T18:48:05Z,2026-08-17T18:48:05Z,
176.113.115.81,ipv4,malicious-ip,medium,WHITE,ziyadnz/hourly-ipv4,ziyadnz|hourly,2026-08-17T18:48:05Z,2026-08-17T18:48:05Z,
176.113.115.84,ipv4,malicious-ip,medium,WHITE,ziyadnz/hourly-ipv4,ziyadnz|hourly,2026-08-17T18:48:05Z,2026-08-17T18:48:05Z,
176.113.145.160,ipv4,malicious-ip,medium,WHITE,ziyadnz/hourly-ipv4,ziyadnz|hourly,2026-08-17T18:48:05Z,2026-08-17T18:48:05Z,
176.113.148.11,ipv4,malicious-ip,medium,WHITE,ziyadnz/hourly-ipv4,ziyadnz|hourly,2026-08-17T18:48:05Z,2026-08-17T18:48:05Z,
176.113.208.183,ipv4,malicious-ip,medium,WHITE,ziyadnz/hourly-ipv4,ziyadnz|hourly,2026-08-17T18:48:05Z,2026-08-17T18:48:05Z,
176.113.208.184,ipv4,malicious-ip,medium,WHITE,ziyadnz/hourly-ipv4,ziyadnz|hourly,2026-08-17T18:48:05Z,2026-08-17T18:48:05Z,
176.113.82.163,ipv4,malicious-ip,medium,WHITE,ziyadnz/hourly-ipv4,ziyadnz|hourly,2026-08-17T18:48:05Z,2026-08-17T18:48:05Z,
176.114.9.192,ipv4,malicious-ip,medium,WHITE,ziyadnz/hourly-ipv4,ziyadnz|hourly,2026-08-17T18:48:05Z,2026-08-17T18:48:05Z,
176.115.139.53,ipv4,malicious-ip,medium,WHITE,ziyadnz/hourly-ipv4,ziyadnz|hourly,2026-08-17T18:48:05Z,2026-08-17T18:48:05Z,
176.115.142.81,ipv4,malicious-ip,medium,WHITE,ziyadnz/hourly-ipv4,ziyadnz|hourly,2026-08-17T18:48:05Z,2026-08-17T18:48:05Z,
176.115.146.244,ipv4,malicious-ip,medium,WHITE,ziyadnz/hourly-ipv4,ziyadnz|hourly,2026-08-17T18:48:05Z,2026-08-17T18:48:05Z,
176.115.152.1,ipv4,malicious-ip,medium,WHITE,ziyadnz/hourly-ipv4,ziyadnz|hourly,2026-08-17T18:48:05Z,2026-08-17T18:48:05Z,
176.115.152.4,ipv4,malicious-ip,medium,WHITE,ziyadnz/hourly-ipv4,ziyadnz|hourly,2026-08-17T18:48:05Z,2026-08-17T18:48:05Z,
176.115.195.34,ipv4,malicious-ip,medium,WHITE,ziyadnz/hourly-ipv4,ziyadnz|hourly,2026-08-17T18:48:05Z,2026-08-17T18:48:05Z,
176.115.199.254,ipv4,malicious-ip,medium,WHITE,ziyadnz/hourly-ipv4,ziyadnz|hourly,2026-08-17T18:48:05Z,2026-08-17T18:48:05Z,
176.115.207.82,ipv4,malicious-ip,medium,WHITE,ziyadnz/hourly-ipv4,ziyadnz|hourly,2026-08-17T18:48:05Z,2026-08-17T18:48:05Z,
176.115.248.168,ipv4,malicious-ip,medium,WHITE,ziyadnz/hourly-ipv4,ziyadnz|hourly,2026-08-17T18:48:05Z,2026-08-17T18:48:05Z,
176.115.255.196,ipv4,malicious-ip,medium,WHITE,ziyadnz/hourly-ipv4,ziyadnz|hourly,2026-08-17T18:48:05Z,2026-08-17T18:48:05Z,
176.116.167.164,ipv4,malicious-ip,medium,WHITE,ziyadnz/hourly-ipv4,ziyadnz|hourly,2026-08-17T18:48:05Z,2026-08-17T18:48:05Z,
176.116.178.171,ipv4,malicious-ip,medium,WHITE,ziyadnz/hourly-ipv4,ziyadnz|hourly,2026-08-17T18:48:05Z,2026-08-17T18:48:05Z,
176.116.178.191,ipv4,malicious-ip,medium,WHITE,ziyadnz/hourly-ipv4,ziyadnz|hourly,2026-08-17T18:48:05Z,2026-08-17T18:48:05Z,
176.116.179.213,ipv4,malicious-ip,medium,WHITE,ziyadnz/hourly-ipv4,ziyadnz|hourly,2026-08-17T18:48:05Z,2026-08-17T18:48:05Z,
176.117.107.154,ipv4,malicious-ip,medium,WHITE,ziyadnz/hourly-ipv4,ziyadnz|hourly,2026-08-17T18:48:05Z,2026-08-17T18:48:05Z,
176.117.167.144,ipv4,malicious-ip,medium,WHITE,ziyadnz/hourly-ipv4,ziyadnz|hourly,2026-08-17T18:48:05Z,2026-08-17T18:48:05Z,
176.117.184.152,ipv4,malicious-ip,medium,WHITE,ziyadnz/hourly-ipv4,ziyadnz|hourly,2026-08-17T18:48:05Z,2026-08-17T18:48:05Z,
176.117.185.62,ipv4,malicious-ip,medium,WHITE,ziyadnz/hourly-ipv4,ziyadnz|hourly,2026-08-17T18:48:05Z,2026-08-17T18:48:05Z,
176.118.193.33,ipv4,malicious-ip,medium,WHITE,ziyadnz/hourly-ipv4,ziyadnz|hourly,2026-08-17T18:48:05Z,2026-08-17T18:48:05Z,
176.118.197.17,ipv4,malicious-ip,medium,WHITE,ziyadnz/hourly-ipv4,ziyadnz|hourly,2026-08-17T18:48:05Z,2026-08-17T18:48:05Z,
176.118.217.122,ipv4,malicious-ip,medium,WHITE,ziyadnz/hourly-ipv4,ziyadnz|hourly,2026-08-17T18:48:05Z,2026-08-17T18:48:05Z,
176.118.43.171,ipv4,malicious-ip,medium,WHITE,ziyadnz/hourly-ipv4,ziyadnz|hourly,2026-08-17T18:48:05Z,2026-08-17T18:48:05Z,
176.118.43.225,ipv4,malicious-ip,medium,WHITE,ziyadnz/hourly-ipv4,ziyadnz|hourly,2026-08-17T18:48:05Z,2026-08-17T18:48:05Z,
176.118.9.43,ipv4,malicious-ip,medium,WHITE,ziyadnz/hourly-ipv4,ziyadnz|hourly,2026-08-17T18:48:05Z,2026-08-17T18:48:05Z,
176.119.185.210,ipv4,malicious-ip,medium,WHITE,ziyadnz/hourly-ipv4,ziyadnz|hourly,2026-08-17T18:48:05Z,2026-08-17T18:48:05Z,
176.119.198.190,ipv4,malicious-ip,medium,WHITE,ziyadnz/hourly-ipv4,ziyadnz|hourly,2026-08-17T18:48:05Z,2026-08-17T18:48:05Z,
176.12.132.63,ipv4,malicious-ip,medium,WHITE,ziyadnz/hourly-ipv4,ziyadnz|hourly,2026-08-17T18:48:05Z,2026-08-17T18:48:05Z,
176.12.37.188,ipv4,malicious-ip,medium,WHITE,ziyadnz/hourly-ipv4,ziyadnz|hourly,2026-08-17T18:48:05Z,2026-08-17T18:48:05Z,
176.120.100.196,ipv4,malicious-ip,medium,WHITE,ziyadnz/hourly-ipv4,ziyadnz|hourly,2026-08-17T18:48:05Z,2026-08-17T18:48:05Z,
176.120.100.206,ipv4,malicious-ip,medium,WHITE,ziyadnz/hourly-ipv4,ziyadnz|hourly,2026-08-17T18:48:05Z,2026-08-17T18:48:05Z,
176.120.101.250,ipv4,malicious-ip,medium,WHITE,ziyadnz/hourly-ipv4,ziyadnz|hourly,2026-08-17T18:48:05Z,2026-08-17T18:48:05Z,
176.120.101.254,ipv4,malicious-ip,medium,WHITE,ziyadnz/hourly-ipv4,ziyadnz|hourly,2026-08-17T18:48:05Z,2026-08-17T18:48:05Z,
176.120.110.0,ipv4,malicious-ip,medium,WHITE,ziyadnz/hourly-ipv4,ziyadnz|hourly,2026-08-17T18:48:05Z,2026-08-17T18:48:05Z,
176.120.110.188,ipv4,malicious-ip,medium,WHITE,ziyadnz/hourly-ipv4,ziyadnz|hourly,2026-08-17T18:48:05Z,2026-08-17T18:48:05Z,
176.120.110.6,ipv4,malicious-ip,medium,WHITE,ziyadnz/hourly-ipv4,ziyadnz|hourly,2026-08-17T18:48:05Z,2026-08-17T18:48:05Z,
176.120.110.87,ipv4,malicious-ip,medium,WHITE,ziyadnz/hourly-ipv4,ziyadnz|hourly,2026-08-17T18:48:05Z,2026-08-17T18:48:05Z,
176.120.111.223,ipv4,malicious-ip,medium,WHITE,ziyadnz/hourly-ipv4,ziyadnz|hourly,2026-08-17T18:48:05Z,2026-08-17T18:48:05Z,
176.120.118.153,ipv4,malicious-ip,medium,WHITE,ziyadnz/hourly-ipv4,ziyadnz|hourly,2026-08-17T18:48:05Z,2026-08-17T18:48:05Z,
176.120.22.240,ipv4,malicious-ip,medium,WHITE,ziyadnz/hourly-ipv4,ziyadnz|hourly,2026-08-17T18:48:05Z,2026-08-17T18:48:05Z,
176.120.22.61,ipv4,malicious-ip,medium,WHITE,ziyadnz/hourly-ipv4,ziyadnz|hourly,2026-08-17T18:48:05Z,2026-08-17T18:48:05Z,
176.120.39.69,ipv4,malicious-ip,medium,WHITE,ziyadnz/hourly-ipv4,ziyadnz|hourly,2026-08-17T18:48:05Z,2026-08-17T18:48:05Z,
176.120.96.24,ipv4,malicious-ip,medium,WHITE,ziyadnz/hourly-ipv4,ziyadnz|hourly,2026-08-17T18:48:05Z,2026-08-17T18:48:05Z,
176.121.12.224,ipv4,malicious-ip,medium,WHITE,ziyadnz/hourly-ipv4,ziyadnz|hourly,2026-08-17T18:48:05Z,2026-08-17T18:48:05Z,
176.121.4.12,ipv4,malicious-ip,medium,WHITE,ziyadnz/hourly-ipv4,ziyadnz|hourly,2026-08-17T18:48:05Z,2026-08-17T18:48:05Z,
176.121.4.28,ipv4,malicious-ip,medium,WHITE,ziyadnz/hourly-ipv4,ziyadnz|hourly,2026-08-17T18:48:05Z,2026-08-17T18:48:05Z,
176.121.5.114,ipv4,malicious-ip,medium,WHITE,ziyadnz/hourly-ipv4,ziyadnz|hourly,2026-08-17T18:48:05Z,2026-08-17T18:48:05Z,
176.121.5.226,ipv4,malicious-ip,medium,WHITE,ziyadnz/hourly-ipv4,ziyadnz|hourly,2026-08-17T18:48:05Z,2026-08-17T18:48:05Z,
176.121.5.38,ipv4,malicious-ip,medium,WHITE,ziyadnz/hourly-ipv4,ziyadnz|hourly,2026-08-17T18:48:05Z,2026-08-17T18:48:05Z,
176.121.5.39,ipv4,malicious-ip,medium,WHITE,ziyadnz/hourly-ipv4,ziyadnz|hourly,2026-08-17T18:48:05Z,2026-08-17T18:48:05Z,
176.121.6.94,ipv4,malicious-ip,medium,WHITE,ziyadnz/hourly-ipv4,ziyadnz|hourly,2026-08-17T18:48:05Z,2026-08-17T18:48:05Z,
176.121.81.51,ipv4,malicious-ip,medium,WHITE,ziyadnz/hourly-ipv4,ziyadnz|hourly,2026-08-17T18:48:05Z,2026-08-17T18:48:05Z,
176.122.109.0,ipv4,malicious-ip,medium,WHITE,ziyadnz/hourly-ipv4,ziyadnz|hourly,2026-08-17T18:48:05Z,2026-08-17T18:48:05Z,
176.122.109.152,ipv4,malicious-ip,medium,WHITE,ziyadnz/hourly-ipv4,ziyadnz|hourly,2026-08-17T18:48:05Z,2026-08-17T18:48:05Z,
176.122.109.174,ipv4,malicious-ip,medium,WHITE,ziyadnz/hourly-ipv4,ziyadnz|hourly,2026-08-17T18:48:05Z,2026-08-17T18:48:05Z,
176.122.109.182,ipv4,malicious-ip,medium,WHITE,ziyadnz/hourly-ipv4,ziyadnz|hourly,2026-08-17T18:48:05Z,2026-08-17T18:48:05Z,
176.122.109.224,ipv4,malicious-ip,medium,WHITE,ziyadnz/hourly-ipv4,ziyadnz|hourly,2026-08-17T18:48:05Z,2026-08-17T18:48:05Z,
176.122.109.240,ipv4,malicious-ip,medium,WHITE,ziyadnz/hourly-ipv4,ziyadnz|hourly,2026-08-17T18:48:05Z,2026-08-17T18:48:05Z,
176.122.109.243,ipv4,malicious-ip,medium,WHITE,ziyadnz/hourly-ipv4,ziyadnz|hourly,2026-08-17T18:48:05Z,2026-08-17T18:48:05Z,
176.122.112.197,ipv4,malicious-ip,medium,WHITE,ziyadnz/hourly-ipv4,ziyadnz|hourly,2026-08-17T18:48:05Z,2026-08-17T18:48:05Z,
176.122.118.193,ipv4,malicious-ip,medium,WHITE,ziyadnz/hourly-ipv4,ziyadnz|hourly,2026-08-17T18:48:05Z,2026-08-17T18:48:05Z,
176.122.119.2,ipv4,malicious-ip,medium,WHITE,ziyadnz/hourly-ipv4,ziyadnz|hourly,2026-08-17T18:48:05Z,2026-08-17T18:48:05Z,
176.122.120.177,ipv4,malicious-ip,medium,WHITE,ziyadnz/hourly-ipv4,ziyadnz|hourly,2026-08-17T18:48:05Z,2026-08-17T18:48:05Z,
176.122.120.71,ipv4,malicious-ip,medium,WHITE,ziyadnz/hourly-ipv4,ziyadnz|hourly,2026-08-17T18:48:05Z,2026-08-17T18:48:05Z,
176.122.120.84,ipv4,malicious-ip,medium,WHITE,ziyadnz/hourly-ipv4,ziyadnz|hourly,2026-08-17T18:48:05Z,2026-08-17T18:48:05Z,
176.122.121.220,ipv4,malicious-ip,medium,WHITE,ziyadnz/hourly-ipv4,ziyadnz|hourly,2026-08-17T18:48:05Z,2026-08-17T18:48:05Z,
176.122.121.228,ipv4,malicious-ip,medium,WHITE,ziyadnz/hourly-ipv4,ziyadnz|hourly,2026-08-17T18:48:05Z,2026-08-17T18:48:05Z,
176.122.121.230,ipv4,malicious-ip,medium,WHITE,ziyadnz/hourly-ipv4,ziyadnz|hourly,2026-08-17T18:48:05Z,2026-08-17T18:48:05Z,
176.122.121.243,ipv4,malicious-ip,medium,WHITE,ziyadnz/hourly-ipv4,ziyadnz|hourly,2026-08-17T18:48:05Z,2026-08-17T18:48:05Z,
176.122.15.130,ipv4,malicious-ip,medium,WHITE,ziyadnz/hourly-ipv4,ziyadnz|hourly,2026-08-17T18:48:05Z,2026-08-17T18:48:05Z,
176.122.98.174,ipv4,malicious-ip,medium,WHITE,ziyadnz/hourly-ipv4,ziyadnz|hourly,2026-08-17T18:48:05Z,2026-08-17T18:48:05Z,
176.122.98.180,ipv4,malicious-ip,medium,WHITE,ziyadnz/hourly-ipv4,ziyadnz|hourly,2026-08-17T18:48:05Z,2026-08-17T18:48:05Z,
176.123.1.163,ipv4,malicious-ip,medium,WHITE,ziyadnz/hourly-ipv4,ziyadnz|hourly,2026-08-17T18:48:05Z,2026-08-17T18:48:05Z,
176.123.10.115,ipv4,malicious-ip,medium,WHITE,ziyadnz/hourly-ipv4,ziyadnz|hourly,2026-08-17T18:48:05Z,2026-08-17T18:48:05Z,
176.123.168.160,ipv4,malicious-ip,medium,WHITE,ziyadnz/hourly-ipv4,ziyadnz|hourly,2026-08-17T18:48:05Z,2026-08-17T18:48:05Z,
176.123.2.146,ipv4,malicious-ip,medium,WHITE,ziyadnz/hourly-ipv4,ziyadnz|hourly,2026-08-17T18:48:05Z,2026-08-17T18:48:05Z,
176.123.2.173,ipv4,malicious-ip,medium,WHITE,ziyadnz/hourly-ipv4,ziyadnz|hourly,2026-08-17T18:48:05Z,2026-08-17T18:48:05Z,
176.123.5.126,ipv4,malicious-ip,medium,WHITE,ziyadnz/hourly-ipv4,ziyadnz|hourly,2026-08-17T18:48:05Z,2026-08-17T18:48:05Z,
176.123.5.9,ipv4,malicious-ip,medium,WHITE,ziyadnz/hourly-ipv4,ziyadnz|hourly,2026-08-17T18:48:05Z,2026-08-17T18:48:05Z,
176.123.6.135,ipv4,malicious-ip,medium,WHITE,ziyadnz/hourly-ipv4,ziyadnz|hourly,2026-08-17T18:48:05Z,2026-08-17T18:48:05Z,
176.123.6.139,ipv4,malicious-ip,medium,WHITE,ziyadnz/hourly-ipv4,ziyadnz|hourly,2026-08-17T18:48:05Z,2026-08-17T18:48:05Z,
176.123.6.140,ipv4,malicious-ip,medium,WHITE,ziyadnz/hourly-ipv4,ziyadnz|hourly,2026-08-17T18:48:05Z,2026-08-17T18:48:05Z,
176.123.6.143,ipv4,malicious-ip,medium,WHITE,ziyadnz/hourly-ipv4,ziyadnz|hourly,2026-08-17T18:48:05Z,2026-08-17T18:48:05Z,
176.123.6.78,ipv4,malicious-ip,medium,WHITE,ziyadnz/hourly-ipv4,ziyadnz|hourly,2026-08-17T18:48:05Z,2026-08-17T18:48:05Z,
176.123.7.190,ipv4,malicious-ip,medium,WHITE,ziyadnz/hourly-ipv4,ziyadnz|hourly,2026-08-17T18:48:05Z,2026-08-17T18:48:05Z,
176.123.7.83,ipv4,malicious-ip,medium,WHITE,ziyadnz/hourly-ipv4,ziyadnz|hourly,2026-08-17T18:48:05Z,2026-08-17T18:48:05Z,
176.123.9.142,ipv4,malicious-ip,medium,WHITE,ziyadnz/hourly-ipv4,ziyadnz|hourly,2026-08-17T18:48:05Z,2026-08-17T18:48:05Z,
176.123.9.238,ipv4,malicious-ip,medium,WHITE,ziyadnz/hourly-ipv4,ziyadnz|hourly,2026-08-17T18:48:05Z,2026-08-17T18:48:05Z,
176.123.9.27,ipv4,malicious-ip,medium,WHITE,ziyadnz/hourly-ipv4,ziyadnz|hourly,2026-08-17T18:48:05Z,2026-08-17T18:48:05Z,
176.124.133.53,ipv4,malicious-ip,medium,WHITE,ziyadnz/hourly-ipv4,ziyadnz|hourly,2026-08-17T18:48:05Z,2026-08-17T18:48:05Z,
176.124.134.188,ipv4,malicious-ip,medium,WHITE,ziyadnz/hourly-ipv4,ziyadnz|hourly,2026-08-17T18:48:05Z,2026-08-17T18:48:05Z,
176.124.134.236,ipv4,malicious-ip,medium,WHITE,ziyadnz/hourly-ipv4,ziyadnz|hourly,2026-08-17T18:48:05Z,2026-08-17T18:48:05Z,
176.124.134.86,ipv4,malicious-ip,medium,WHITE,ziyadnz/hourly-ipv4,ziyadnz|hourly,2026-08-17T18:48:05Z,2026-08-17T18:48:05Z,
176.124.198.52,ipv4,malicious-ip,medium,WHITE,ziyadnz/hourly-ipv4,ziyadnz|hourly,2026-08-17T18:48:05Z,2026-08-17T18:48:05Z,
176.124.198.55,ipv4,malicious-ip,medium,WHITE,ziyadnz/hourly-ipv4,ziyadnz|hourly,2026-08-17T18:48:05Z,2026-08-17T18:48:05Z,
176.124.199.207,ipv4,malicious-ip,medium,WHITE,ziyadnz/hourly-ipv4,ziyadnz|hourly,2026-08-17T18:48:05Z,2026-08-17T18:48:05Z,
176.124.201.230,ipv4,malicious-ip,medium,WHITE,ziyadnz/hourly-ipv4,ziyadnz|hourly,2026-08-17T18:48:05Z,2026-08-17T18:48:05Z,
176.124.206.88,ipv4,malicious-ip,medium,WHITE,ziyadnz/hourly-ipv4,ziyadnz|hourly,2026-08-17T18:48:05Z,2026-08-17T18:48:05Z,
176.124.214.229,ipv4,malicious-ip,medium,WHITE,ziyadnz/hourly-ipv4,ziyadnz|hourly,2026-08-17T18:48:05Z,2026-08-17T18:48:05Z,
176.124.217.20,ipv4,malicious-ip,medium,WHITE,ziyadnz/hourly-ipv4,ziyadnz|hourly,2026-08-17T18:48:05Z,2026-08-17T18:48:05Z,
176.124.234.149,ipv4,malicious-ip,medium,WHITE,ziyadnz/hourly-ipv4,ziyadnz|hourly,2026-08-17T18:48:05Z,2026-08-17T18:48:05Z,
176.124.237.190,ipv4,malicious-ip,medium,WHITE,ziyadnz/hourly-ipv4,ziyadnz|hourly,2026-08-17T18:48:05Z,2026-08-17T18:48:05Z,
176.124.32.84,ipv4,malicious-ip,medium,WHITE,ziyadnz/hourly-ipv4,ziyadnz|hourly,2026-08-17T18:48:05Z,2026-08-17T18:48:05Z,
176.124.88.29,ipv4,malicious-ip,medium,WHITE,ziyadnz/hourly-ipv4,ziyadnz|hourly,2026-08-17T18:48:05Z,2026-08-17T18:48:05Z,
176.125.155.238,ipv4,malicious-ip,medium,WHITE,ziyadnz/hourly-ipv4,ziyadnz|hourly,2026-08-17T18:48:05Z,2026-08-17T18:48:05Z,
176.125.243.98,ipv4,malicious-ip,medium,WHITE,ziyadnz/hourly-ipv4,ziyadnz|hourly,2026-08-17T18:48:05Z,2026-08-17T18:48:05Z,
176.125.74.118,ipv4,malicious-ip,medium,WHITE,ziyadnz/hourly-ipv4,ziyadnz|hourly,2026-08-17T18:48:05Z,2026-08-17T18:48:05Z,
176.126.103.54,ipv4,malicious-ip,medium,WHITE,ziyadnz/hourly-ipv4,ziyadnz|hourly,2026-08-17T18:48:05Z,2026-08-17T18:48:05Z,
176.126.130.253,ipv4,malicious-ip,medium,WHITE,ziyadnz/hourly-ipv4,ziyadnz|hourly,2026-08-17T18:48:05Z,2026-08-17T18:48:05Z,
176.126.130.50,ipv4,malicious-ip,medium,WHITE,ziyadnz/hourly-ipv4,ziyadnz|hourly,2026-08-17T18:48:05Z,2026-08-17T18:48:05Z,
176.126.159.5,ipv4,malicious-ip,medium,WHITE,ziyadnz/hourly-ipv4,ziyadnz|hourly,2026-08-17T18:48:05Z,2026-08-17T18:48:05Z,
176.126.163.56,ipv4,malicious-ip,medium,WHITE,ziyadnz/hourly-ipv4,ziyadnz|hourly,2026-08-17T18:48:05Z,2026-08-17T18:48:05Z,
176.126.45.106,ipv4,malicious-ip,medium,WHITE,ziyadnz/hourly-ipv4,ziyadnz|hourly,2026-08-17T18:48:05Z,2026-08-17T18:48:05Z,
176.126.86.11,ipv4,malicious-ip,medium,WHITE,ziyadnz/hourly-ipv4,ziyadnz|hourly,2026-08-17T18:48:05Z,2026-08-17T18:48:05Z,
176.128.145.28,ipv4,malicious-ip,medium,WHITE,ziyadnz/hourly-ipv4,ziyadnz|hourly,2026-08-17T18:48:05Z,2026-08-17T18:48:05Z,
176.129.180.111,ipv4,malicious-ip,medium,WHITE,ziyadnz/hourly-ipv4,ziyadnz|hourly,2026-08-17T18:48:05Z,2026-08-17T18:48:05Z,
176.131.10.237,ipv4,malicious-ip,medium,WHITE,ziyadnz/hourly-ipv4,ziyadnz|hourly,2026-08-17T18:48:05Z,2026-08-17T18:48:05Z,
176.133.113.141,ipv4,malicious-ip,medium,WHITE,ziyadnz/hourly-ipv4,ziyadnz|hourly,2026-08-17T18:48:05Z,2026-08-17T18:48:05Z,
176.137.123.117,ipv4,malicious-ip,medium,WHITE,ziyadnz/hourly-ipv4,ziyadnz|hourly,2026-08-17T18:48:05Z,2026-08-17T18:48:05Z,
176.137.236.64,ipv4,malicious-ip,medium,WHITE,ziyadnz/hourly-ipv4,ziyadnz|hourly,2026-08-17T18:48:05Z,2026-08-17T18:48:05Z,
176.137.79.210,ipv4,malicious-ip,medium,WHITE,ziyadnz/hourly-ipv4,ziyadnz|hourly,2026-08-17T18:48:05Z,2026-08-17T18:48:05Z,
176.138.149.66,ipv4,malicious-ip,medium,WHITE,ziyadnz/hourly-ipv4,ziyadnz|hourly,2026-08-17T18:48:05Z,2026-08-17T18:48:05Z,
176.139.65.219,ipv4,malicious-ip,medium,WHITE,ziyadnz/hourly-ipv4,ziyadnz|hourly,2026-08-17T18:48:05Z,2026-08-17T18:48:05Z,
176.140.144.83,ipv4,malicious-ip,medium,WHITE,ziyadnz/hourly-ipv4,ziyadnz|hourly,2026-08-17T18:48:05Z,2026-08-17T18:48:05Z,
176.144.187.204,ipv4,malicious-ip,medium,WHITE,ziyadnz/hourly-ipv4,ziyadnz|hourly,2026-08-17T18:48:05Z,2026-08-17T18:48:05Z,
176.146.56.178,ipv4,malicious-ip,medium,WHITE,ziyadnz/hourly-ipv4,ziyadnz|hourly,2026-08-17T18:48:05Z,2026-08-17T18:48:05Z,
176.147.144.172,ipv4,malicious-ip,medium,WHITE,ziyadnz/hourly-ipv4,ziyadnz|hourly,2026-08-17T18:48:05Z,2026-08-17T18:48:05Z,
176.147.160.240,ipv4,malicious-ip,medium,WHITE,ziyadnz/hourly-ipv4,ziyadnz|hourly,2026-08-17T18:48:05Z,2026-08-17T18:48:05Z,
176.149.123.111,ipv4,malicious-ip,medium,WHITE,ziyadnz/hourly-ipv4,ziyadnz|hourly,2026-08-17T18:48:05Z,2026-08-17T18:48:05Z,
176.16.221.76,ipv4,malicious-ip,medium,WHITE,ziyadnz/hourly-ipv4,ziyadnz|hourly,2026-08-17T18:48:05Z,2026-08-17T18:48:05Z,
176.162.240.186,ipv4,malicious-ip,medium,WHITE,ziyadnz/hourly-ipv4,ziyadnz|hourly,2026-08-17T18:48:05Z,2026-08-17T18:48:05Z,
176.166.191.201,ipv4,malicious-ip,medium,WHITE,ziyadnz/hourly-ipv4,ziyadnz|hourly,2026-08-17T18:48:05Z,2026-08-17T18:48:05Z,
176.170.1.244,ipv4,malicious-ip,medium,WHITE,ziyadnz/hourly-ipv4,ziyadnz|hourly,2026-08-17T18:48:05Z,2026-08-17T18:48:05Z,
176.174.58.95,ipv4,malicious-ip,medium,WHITE,ziyadnz/hourly-ipv4,ziyadnz|hourly,2026-08-17T18:48:05Z,2026-08-17T18:48:05Z,
176.176.81.250,ipv4,malicious-ip,medium,WHITE,ziyadnz/hourly-ipv4,ziyadnz|hourly,2026-08-17T18:48:05Z,2026-08-17T18:48:05Z,
176.186.168.221,ipv4,malicious-ip,medium,WHITE,ziyadnz/hourly-ipv4,ziyadnz|hourly,2026-08-17T18:48:05Z,2026-08-17T18:48:05Z,
176.186.35.136,ipv4,malicious-ip,medium,WHITE,ziyadnz/hourly-ipv4,ziyadnz|hourly,2026-08-17T18:48:05Z,2026-08-17T18:48:05Z,
176.186.72.117,ipv4,malicious-ip,medium,WHITE,ziyadnz/hourly-ipv4,ziyadnz|hourly,2026-08-17T18:48:05Z,2026-08-17T18:48:05Z,
176.187.123.123,ipv4,malicious-ip,medium,WHITE,ziyadnz/hourly-ipv4,ziyadnz|hourly,2026-08-17T18:48:05Z,2026-08-17T18:48:05Z,
176.187.28.8,ipv4,malicious-ip,medium,WHITE,ziyadnz/hourly-ipv4,ziyadnz|hourly,2026-08-17T18:48:05Z,2026-08-17T18:48:05Z,
176.188.114.123,ipv4,malicious-ip,medium,WHITE,ziyadnz/hourly-ipv4,ziyadnz|hourly,2026-08-17T18:48:05Z,2026-08-17T18:48:05Z,
176.191.43.176,ipv4,malicious-ip,medium,WHITE,ziyadnz/hourly-ipv4,ziyadnz|hourly,2026-08-17T18:48:05Z,2026-08-17T18:48:05Z,
176.192.198.233,ipv4,malicious-ip,medium,WHITE,ziyadnz/hourly-ipv4,ziyadnz|hourly,2026-08-17T18:48:05Z,2026-08-17T18:48:05Z,
176.192.215.206,ipv4,malicious-ip,medium,WHITE,ziyadnz/hourly-ipv4,ziyadnz|hourly,2026-08-17T18:48:05Z,2026-08-17T18:48:05Z,
176.192.235.102,ipv4,malicious-ip,medium,WHITE,ziyadnz/hourly-ipv4,ziyadnz|hourly,2026-08-17T18:48:05Z,2026-08-17T18:48:05Z,
176.192.242.186,ipv4,malicious-ip,medium,WHITE,ziyadnz/hourly-ipv4,ziyadnz|hourly,2026-08-17T18:48:05Z,2026-08-17T18:48:05Z,
176.192.40.102,ipv4,malicious-ip,medium,WHITE,ziyadnz/hourly-ipv4,ziyadnz|hourly,2026-08-17T18:48:05Z,2026-08-17T18:48:05Z,
176.193.227.51,ipv4,malicious-ip,medium,WHITE,ziyadnz/hourly-ipv4,ziyadnz|hourly,2026-08-17T18:48:05Z,2026-08-17T18:48:05Z,
176.193.230.37,ipv4,malicious-ip,medium,WHITE,ziyadnz/hourly-ipv4,ziyadnz|hourly,2026-08-17T18:48:05Z,2026-08-17T18:48:05Z,
176.194.197.153,ipv4,malicious-ip,medium,WHITE,ziyadnz/hourly-ipv4,ziyadnz|hourly,2026-08-17T18:48:05Z,2026-08-17T18:48:05Z,
176.194.42.222,ipv4,malicious-ip,medium,WHITE,ziyadnz/hourly-ipv4,ziyadnz|hourly,2026-08-17T18:48:05Z,2026-08-17T18:48:05Z,
176.195.31.118,ipv4,malicious-ip,medium,WHITE,ziyadnz/hourly-ipv4,ziyadnz|hourly,2026-08-17T18:48:05Z,2026-08-17T18:48:05Z,
176.196.176.122,ipv4,malicious-ip,medium,WHITE,ziyadnz/hourly-ipv4,ziyadnz|hourly,2026-08-17T18:48:05Z,2026-08-17T18:48:05Z,
176.197.148.58,ipv4,malicious-ip,medium,WHITE,ziyadnz/hourly-ipv4,ziyadnz|hourly,2026-08-17T18:48:05Z,2026-08-17T18:48:05Z,
176.201.37.3,ipv4,malicious-ip,medium,WHITE,ziyadnz/hourly-ipv4,ziyadnz|hourly,2026-08-17T18:48:05Z,2026-08-17T18:48:05Z,
176.202.24.145,ipv4,malicious-ip,medium,WHITE,ziyadnz/hourly-ipv4,ziyadnz|hourly,2026-08-17T18:48:05Z,2026-08-17T18:48:05Z,
176.202.27.216,ipv4,malicious-ip,medium,WHITE,ziyadnz/hourly-ipv4,ziyadnz|hourly,2026-08-17T18:48:05Z,2026-08-17T18:48:05Z,
176.202.31.31,ipv4,malicious-ip,medium,WHITE,ziyadnz/hourly-ipv4,ziyadnz|hourly,2026-08-17T18:48:05Z,2026-08-17T18:48:05Z,
176.202.37.57,ipv4,malicious-ip,medium,WHITE,ziyadnz/hourly-ipv4,ziyadnz|hourly,2026-08-17T18:48:05Z,2026-08-17T18:48:05Z,
176.202.81.222,ipv4,malicious-ip,medium,WHITE,ziyadnz/hourly-ipv4,ziyadnz|hourly,2026-08-17T18:48:05Z,2026-08-17T18:48:05Z,
176.202.87.194,ipv4,malicious-ip,medium,WHITE,ziyadnz/hourly-ipv4,ziyadnz|hourly,2026-08-17T18:48:05Z,2026-08-17T18:48:05Z,
176.202.87.38,ipv4,malicious-ip,medium,WHITE,ziyadnz/hourly-ipv4,ziyadnz|hourly,2026-08-17T18:48:05Z,2026-08-17T18:48:05Z,
176.202.90.179,ipv4,malicious-ip,medium,WHITE,ziyadnz/hourly-ipv4,ziyadnz|hourly,2026-08-17T18:48:05Z,2026-08-17T18:48:05Z,
176.203.218.12,ipv4,malicious-ip,medium,WHITE,ziyadnz/hourly-ipv4,ziyadnz|hourly,2026-08-17T18:48:05Z,2026-08-17T18:48:05Z,
176.203.39.36,ipv4,malicious-ip,medium,WHITE,ziyadnz/hourly-ipv4,ziyadnz|hourly,2026-08-17T18:48:05Z,2026-08-17T18:48:05Z,
176.204.4.206,ipv4,malicious-ip,medium,WHITE,ziyadnz/hourly-ipv4,ziyadnz|hourly,2026-08-17T18:48:05Z,2026-08-17T18:48:05Z,
176.205.219.22,ipv4,malicious-ip,medium,WHITE,ziyadnz/hourly-ipv4,ziyadnz|hourly,2026-08-17T18:48:05Z,2026-08-17T18:48:05Z,
176.205.46.79,ipv4,malicious-ip,medium,WHITE,ziyadnz/hourly-ipv4,ziyadnz|hourly,2026-08-17T18:48:05Z,2026-08-17T18:48:05Z,
176.205.51.162,ipv4,malicious-ip,medium,WHITE,ziyadnz/hourly-ipv4,ziyadnz|hourly,2026-08-17T18:48:05Z,2026-08-17T18:48:05Z,
176.205.73.28,ipv4,malicious-ip,medium,WHITE,ziyadnz/hourly-ipv4,ziyadnz|hourly,2026-08-17T18:48:05Z,2026-08-17T18:48:05Z,
176.208.53.183,ipv4,malicious-ip,medium,WHITE,ziyadnz/hourly-ipv4,ziyadnz|hourly,2026-08-17T18:48:05Z,2026-08-17T18:48:05Z,
176.208.56.132,ipv4,malicious-ip,medium,WHITE,ziyadnz/hourly-ipv4,ziyadnz|hourly,2026-08-17T18:48:05Z,2026-08-17T18:48:05Z,
176.210.121.154,ipv4,malicious-ip,medium,WHITE,ziyadnz/hourly-ipv4,ziyadnz|hourly,2026-08-17T18:48:05Z,2026-08-17T18:48:05Z,
176.210.122.102,ipv4,malicious-ip,medium,WHITE,ziyadnz/hourly-ipv4,ziyadnz|hourly,2026-08-17T18:48:05Z,2026-08-17T18:48:05Z,
176.210.66.138,ipv4,malicious-ip,medium,WHITE,ziyadnz/hourly-ipv4,ziyadnz|hourly,2026-08-17T18:48:05Z,2026-08-17T18:48:05Z,
176.211.13.15,ipv4,malicious-ip,medium,WHITE,ziyadnz/hourly-ipv4,ziyadnz|hourly,2026-08-17T18:48:05Z,2026-08-17T18:48:05Z,
176.211.16.198,ipv4,malicious-ip,medium,WHITE,ziyadnz/hourly-ipv4,ziyadnz|hourly,2026-08-17T18:48:05Z,2026-08-17T18:48:05Z,
176.211.16.231,ipv4,malicious-ip,medium,WHITE,ziyadnz/hourly-ipv4,ziyadnz|hourly,2026-08-17T18:48:05Z,2026-08-17T18:48:05Z,
176.211.19.39,ipv4,malicious-ip,medium,WHITE,ziyadnz/hourly-ipv4,ziyadnz|hourly,2026-08-17T18:48:05Z,2026-08-17T18:48:05Z,
176.211.30.69,ipv4,malicious-ip,medium,WHITE,ziyadnz/hourly-ipv4,ziyadnz|hourly,2026-08-17T18:48:05Z,2026-08-17T18:48:05Z,
176.211.42.202,ipv4,malicious-ip,medium,WHITE,ziyadnz/hourly-ipv4,ziyadnz|hourly,2026-08-17T18:48:05Z,2026-08-17T18:48:05Z,
176.211.9.226,ipv4,malicious-ip,medium,WHITE,ziyadnz/hourly-ipv4,ziyadnz|hourly,2026-08-17T18:48:05Z,2026-08-17T18:48:05Z,
176.212.199.77,ipv4,malicious-ip,medium,WHITE,ziyadnz/hourly-ipv4,ziyadnz|hourly,2026-08-17T18:48:05Z,2026-08-17T18:48:05Z,
176.213.138.221,ipv4,malicious-ip,medium,WHITE,ziyadnz/hourly-ipv4,ziyadnz|hourly,2026-08-17T18:48:05Z,2026-08-17T18:48:05Z,
176.214.46.23,ipv4,malicious-ip,medium,WHITE,ziyadnz/hourly-ipv4,ziyadnz|hourly,2026-08-17T18:48:05Z,2026-08-17T18:48:05Z,
176.215.19.8,ipv4,malicious-ip,medium,WHITE,ziyadnz/hourly-ipv4,ziyadnz|hourly,2026-08-17T18:48:05Z,2026-08-17T18:48:05Z,
176.215.199.70,ipv4,malicious-ip,medium,WHITE,ziyadnz/hourly-ipv4,ziyadnz|hourly,2026-08-17T18:48:05Z,2026-08-17T18:48:05Z,
176.215.224.66,ipv4,malicious-ip,medium,WHITE,ziyadnz/hourly-ipv4,ziyadnz|hourly,2026-08-17T18:48:05Z,2026-08-17T18:48:05Z,
176.221.38.117,ipv4,malicious-ip,medium,WHITE,ziyadnz/hourly-ipv4,ziyadnz|hourly,2026-08-17T18:48:05Z,2026-08-17T18:48:05Z,
176.223.16.26,ipv4,malicious-ip,medium,WHITE,ziyadnz/hourly-ipv4,ziyadnz|hourly,2026-08-17T18:48:05Z,2026-08-17T18:48:05Z,
176.223.65.15,ipv4,malicious-ip,medium,WHITE,ziyadnz/hourly-ipv4,ziyadnz|hourly,2026-08-17T18:48:05Z,2026-08-17T18:48:05Z,
176.224.205.244,ipv4,malicious-ip,medium,WHITE,ziyadnz/hourly-ipv4,ziyadnz|hourly,2026-08-17T18:48:05Z,2026-08-17T18:48:05Z,
176.224.44.80,ipv4,malicious-ip,medium,WHITE,ziyadnz/hourly-ipv4,ziyadnz|hourly,2026-08-17T18:48:05Z,2026-08-17T18:48:05Z,
176.227.153.166,ipv4,malicious-ip,medium,WHITE,ziyadnz/hourly-ipv4,ziyadnz|hourly,2026-08-17T18:48:05Z,2026-08-17T18:48:05Z,
176.227.153.238,ipv4,malicious-ip,medium,WHITE,ziyadnz/hourly-ipv4,ziyadnz|hourly,2026-08-17T18:48:05Z,2026-08-17T18:48:05Z,
176.227.153.76,ipv4,malicious-ip,medium,WHITE,ziyadnz/hourly-ipv4,ziyadnz|hourly,2026-08-17T18:48:05Z,2026-08-17T18:48:05Z,
176.227.245.103,ipv4,malicious-ip,medium,WHITE,ziyadnz/hourly-ipv4,ziyadnz|hourly,2026-08-17T18:48:05Z,2026-08-17T18:48:05Z,
176.227.245.107,ipv4,malicious-ip,medium,WHITE,ziyadnz/hourly-ipv4,ziyadnz|hourly,2026-08-17T18:48:05Z,2026-08-17T18:48:05Z,
176.227.245.121,ipv4,malicious-ip,medium,WHITE,ziyadnz/hourly-ipv4,ziyadnz|hourly,2026-08-17T18:48:05Z,2026-08-17T18:48:05Z,
176.227.245.39,ipv4,malicious-ip,medium,WHITE,ziyadnz/hourly-ipv4,ziyadnz|hourly,2026-08-17T18:48:05Z,2026-08-17T18:48:05Z,
176.227.245.76,ipv4,malicious-ip,medium,WHITE,ziyadnz/hourly-ipv4,ziyadnz|hourly,2026-08-17T18:48:05Z,2026-08-17T18:48:05Z,
176.228.37.74,ipv4,malicious-ip,medium,WHITE,ziyadnz/hourly-ipv4,ziyadnz|hourly,2026-08-17T18:48:05Z,2026-08-17T18:48:05Z,
176.229.8.78,ipv4,malicious-ip,medium,WHITE,ziyadnz/hourly-ipv4,ziyadnz|hourly,2026-08-17T18:48:05Z,2026-08-17T18:48:05Z,
176.235.100.189,ipv4,malicious-ip,medium,WHITE,ziyadnz/hourly-ipv4,ziyadnz|hourly,2026-08-17T18:48:05Z,2026-08-17T18:48:05Z,
176.235.123.20,ipv4,malicious-ip,medium,WHITE,ziyadnz/hourly-ipv4,ziyadnz|hourly,2026-08-17T18:48:05Z,2026-08-17T18:48:05Z,
176.235.123.22,ipv4,malicious-ip,medium,WHITE,ziyadnz/hourly-ipv4,ziyadnz|hourly,2026-08-17T18:48:05Z,2026-08-17T18:48:05Z,
176.235.182.78,ipv4,malicious-ip,medium,WHITE,ziyadnz/hourly-ipv4,ziyadnz|hourly,2026-08-17T18:48:05Z,2026-08-17T18:48:05Z,
176.236.119.93,ipv4,malicious-ip,medium,WHITE,ziyadnz/hourly-ipv4,ziyadnz|hourly,2026-08-17T18:48:05Z,2026-08-17T18:48:05Z,
176.236.157.149,ipv4,malicious-ip,medium,WHITE,ziyadnz/hourly-ipv4,ziyadnz|hourly,2026-08-17T18:48:05Z,2026-08-17T18:48:05Z,
176.236.192.34,ipv4,malicious-ip,medium,WHITE,ziyadnz/hourly-ipv4,ziyadnz|hourly,2026-08-17T18:48:05Z,2026-08-17T18:48:05Z,
176.236.197.34,ipv4,malicious-ip,medium,WHITE,ziyadnz/hourly-ipv4,ziyadnz|hourly,2026-08-17T18:48:05Z,2026-08-17T18:48:05Z,
176.236.29.147,ipv4,malicious-ip,medium,WHITE,ziyadnz/hourly-ipv4,ziyadnz|hourly,2026-08-17T18:48:05Z,2026-08-17T18:48:05Z,
176.236.7.228,ipv4,malicious-ip,medium,WHITE,ziyadnz/hourly-ipv4,ziyadnz|hourly,2026-08-17T18:48:05Z,2026-08-17T18:48:05Z,
176.24.125.3,ipv4,malicious-ip,medium,WHITE,ziyadnz/hourly-ipv4,ziyadnz|hourly,2026-08-17T18:48:05Z,2026-08-17T18:48:05Z,
176.240.124.100,ipv4,malicious-ip,medium,WHITE,ziyadnz/hourly-ipv4,ziyadnz|hourly,2026-08-17T18:48:05Z,2026-08-17T18:48:05Z,
176.240.166.135,ipv4,malicious-ip,medium,WHITE,ziyadnz/hourly-ipv4,ziyadnz|hourly,2026-08-17T18:48:05Z,2026-08-17T18:48:05Z,
176.240.217.212,ipv4,malicious-ip,medium,WHITE,ziyadnz/hourly-ipv4,ziyadnz|hourly,2026-08-17T18:48:05Z,2026-08-17T18:48:05Z,
176.241.136.54,ipv4,malicious-ip,medium,WHITE,ziyadnz/hourly-ipv4,ziyadnz|hourly,2026-08-17T18:48:05Z,2026-08-17T18:48:05Z,
176.241.136.91,ipv4,malicious-ip,medium,WHITE,ziyadnz/hourly-ipv4,ziyadnz|hourly,2026-08-17T18:48:05Z,2026-08-17T18:48:05Z,
176.241.66.87,ipv4,malicious-ip,medium,WHITE,ziyadnz/hourly-ipv4,ziyadnz|hourly,2026-08-17T18:48:05Z,2026-08-17T18:48:05Z,
176.241.71.127,ipv4,malicious-ip,medium,WHITE,ziyadnz/hourly-ipv4,ziyadnz|hourly,2026-08-17T18:48:05Z,2026-08-17T18:48:05Z,
176.241.83.222,ipv4,malicious-ip,medium,WHITE,ziyadnz/hourly-ipv4,ziyadnz|hourly,2026-08-17T18:48:05Z,2026-08-17T18:48:05Z,
176.248.170.165,ipv4,malicious-ip,medium,WHITE,ziyadnz/hourly-ipv4,ziyadnz|hourly,2026-08-17T18:48:05Z,2026-08-17T18:48:05Z,
176.248.232.35,ipv4,malicious-ip,medium,WHITE,ziyadnz/hourly-ipv4,ziyadnz|hourly,2026-08-17T18:48:05Z,2026-08-17T18:48:05Z,
176.253.95.93,ipv4,malicious-ip,medium,WHITE,ziyadnz/hourly-ipv4,ziyadnz|hourly,2026-08-17T18:48:05Z,2026-08-17T18:48:05Z,
176.254.40.202,ipv4,malicious-ip,medium,WHITE,ziyadnz/hourly-ipv4,ziyadnz|hourly,2026-08-17T18:48:05Z,2026-08-17T18:48:05Z,
176.28.12.21,ipv4,malicious-ip,medium,WHITE,ziyadnz/hourly-ipv4,ziyadnz|hourly,2026-08-17T18:48:05Z,2026-08-17T18:48:05Z,
176.28.148.228,ipv4,malicious-ip,medium,WHITE,ziyadnz/hourly-ipv4,ziyadnz|hourly,2026-08-17T18:48:05Z,2026-08-17T18:48:05Z,
176.28.158.114,ipv4,malicious-ip,medium,WHITE,ziyadnz/hourly-ipv4,ziyadnz|hourly,2026-08-17T18:48:05Z,2026-08-17T18:48:05Z,
176.28.176.58,ipv4,malicious-ip,medium,WHITE,ziyadnz/hourly-ipv4,ziyadnz|hourly,2026-08-17T18:48:05Z,2026-08-17T18:48:05Z,
176.28.255.150,ipv4,malicious-ip,medium,WHITE,ziyadnz/hourly-ipv4,ziyadnz|hourly,2026-08-17T18:48:05Z,2026-08-17T18:48:05Z,
176.29.163.146,ipv4,malicious-ip,medium,WHITE,ziyadnz/hourly-ipv4,ziyadnz|hourly,2026-08-17T18:48:05Z,2026-08-17T18:48:05Z,
176.29.169.55,ipv4,malicious-ip,medium,WHITE,ziyadnz/hourly-ipv4,ziyadnz|hourly,2026-08-17T18:48:05Z,2026-08-17T18:48:05Z,
176.29.20.241,ipv4,malicious-ip,medium,WHITE,ziyadnz/hourly-ipv4,ziyadnz|hourly,2026-08-17T18:48:05Z,2026-08-17T18:48:05Z,
176.29.205.219,ipv4,malicious-ip,medium,WHITE,ziyadnz/hourly-ipv4,ziyadnz|hourly,2026-08-17T18:48:05Z,2026-08-17T18:48:05Z,
176.3.61.73,ipv4,malicious-ip,medium,WHITE,ziyadnz/hourly-ipv4,ziyadnz|hourly,2026-08-17T18:48:05Z,2026-08-17T18:48:05Z,
176.31.117.82,ipv4,malicious-ip,medium,WHITE,ziyadnz/hourly-ipv4,ziyadnz|hourly,2026-08-17T18:48:05Z,2026-08-17T18:48:05Z,
176.31.139.0,ipv4,malicious-ip,medium,WHITE,ziyadnz/hourly-ipv4,ziyadnz|hourly,2026-08-17T18:48:05Z,2026-08-17T18:48:05Z,
176.31.139.1,ipv4,malicious-ip,medium,WHITE,ziyadnz/hourly-ipv4,ziyadnz|hourly,2026-08-17T18:48:05Z,2026-08-17T18:48:05Z,
176.31.139.13,ipv4,malicious-ip,medium,WHITE,ziyadnz/hourly-ipv4,ziyadnz|hourly,2026-08-17T18:48:05Z,2026-08-17T18:48:05Z,
176.31.139.17,ipv4,malicious-ip,medium,WHITE,ziyadnz/hourly-ipv4,ziyadnz|hourly,2026-08-17T18:48:05Z,2026-08-17T18:48:05Z,
176.31.139.2,ipv4,malicious-ip,medium,WHITE,ziyadnz/hourly-ipv4,ziyadnz|hourly,2026-08-17T18:48:05Z,2026-08-17T18:48:05Z,
176.31.139.23,ipv4,malicious-ip,medium,WHITE,ziyadnz/hourly-ipv4,ziyadnz|hourly,2026-08-17T18:48:05Z,2026-08-17T18:48:05Z,
176.31.139.27,ipv4,malicious-ip,medium,WHITE,ziyadnz/hourly-ipv4,ziyadnz|hourly,2026-08-17T18:48:05Z,2026-08-17T18:48:05Z,
176.31.139.4,ipv4,malicious-ip,medium,WHITE,ziyadnz/hourly-ipv4,ziyadnz|hourly,2026-08-17T18:48:05Z,2026-08-17T18:48:05Z,
176.31.139.5,ipv4,malicious-ip,medium,WHITE,ziyadnz/hourly-ipv4,ziyadnz|hourly,2026-08-17T18:48:05Z,2026-08-17T18:48:05Z,
176.31.139.6,ipv4,malicious-ip,medium,WHITE,ziyadnz/hourly-ipv4,ziyadnz|hourly,2026-08-17T18:48:05Z,2026-08-17T18:48:05Z,
176.31.254.229,ipv4,malicious-ip,medium,WHITE,ziyadnz/hourly-ipv4,ziyadnz|hourly,2026-08-17T18:48:05Z,2026-08-17T18:48:05Z,
176.32.230.52,ipv4,malicious-ip,medium,WHITE,ziyadnz/hourly-ipv4,ziyadnz|hourly,2026-08-17T18:48:05Z,2026-08-17T18:48:05Z,
176.33.102.146,ipv4,malicious-ip,medium,WHITE,ziyadnz/hourly-ipv4,ziyadnz|hourly,2026-08-17T18:48:05Z,2026-08-17T18:48:05Z,
176.33.95.16,ipv4,malicious-ip,medium,WHITE,ziyadnz/hourly-ipv4,ziyadnz|hourly,2026-08-17T18:48:05Z,2026-08-17T18:48:05Z,
176.34.168.4,ipv4,malicious-ip,medium,WHITE,ziyadnz/hourly-ipv4,ziyadnz|hourly,2026-08-17T18:48:05Z,2026-08-17T18:48:05Z,
176.34.176.73,ipv4,malicious-ip,medium,WHITE,ziyadnz/hourly-ipv4,ziyadnz|hourly,2026-08-17T18:48:05Z,2026-08-17T18:48:05Z,
176.34.85.71,ipv4,malicious-ip,medium,WHITE,ziyadnz/hourly-ipv4,ziyadnz|hourly,2026-08-17T18:48:05Z,2026-08-17T18:48:05Z,
176.36.100.118,ipv4,malicious-ip,medium,WHITE,ziyadnz/hourly-ipv4,ziyadnz|hourly,2026-08-17T18:48:05Z,2026-08-17T18:48:05Z,
176.36.14.31,ipv4,malicious-ip,medium,WHITE,ziyadnz/hourly-ipv4,ziyadnz|hourly,2026-08-17T18:48:05Z,2026-08-17T18:48:05Z,
176.36.146.80,ipv4,malicious-ip,medium,WHITE,ziyadnz/hourly-ipv4,ziyadnz|hourly,2026-08-17T18:48:05Z,2026-08-17T18:48:05Z,
176.36.148.174,ipv4,malicious-ip,medium,WHITE,ziyadnz/hourly-ipv4,ziyadnz|hourly,2026-08-17T18:48:05Z,2026-08-17T18:48:05Z,
176.36.163.43,ipv4,malicious-ip,medium,WHITE,ziyadnz/hourly-ipv4,ziyadnz|hourly,2026-08-17T18:48:05Z,2026-08-17T18:48:05Z,
176.36.176.47,ipv4,malicious-ip,medium,WHITE,ziyadnz/hourly-ipv4,ziyadnz|hourly,2026-08-17T18:48:05Z,2026-08-17T18:48:05Z,
176.36.180.125,ipv4,malicious-ip,medium,WHITE,ziyadnz/hourly-ipv4,ziyadnz|hourly,2026-08-17T18:48:05Z,2026-08-17T18:48:05Z,
176.36.203.87,ipv4,malicious-ip,medium,WHITE,ziyadnz/hourly-ipv4,ziyadnz|hourly,2026-08-17T18:48:05Z,2026-08-17T18:48:05Z,
176.36.21.144,ipv4,malicious-ip,medium,WHITE,ziyadnz/hourly-ipv4,ziyadnz|hourly,2026-08-17T18:48:05Z,2026-08-17T18:48:05Z,
176.36.223.157,ipv4,malicious-ip,medium,WHITE,ziyadnz/hourly-ipv4,ziyadnz|hourly,2026-08-17T18:48:05Z,2026-08-17T18:48:05Z,
176.36.252.218,ipv4,malicious-ip,medium,WHITE,ziyadnz/hourly-ipv4,ziyadnz|hourly,2026-08-17T18:48:05Z,2026-08-17T18:48:05Z,
176.36.32.23,ipv4,malicious-ip,medium,WHITE,ziyadnz/hourly-ipv4,ziyadnz|hourly,2026-08-17T18:48:05Z,2026-08-17T18:48:05Z,
176.36.39.116,ipv4,malicious-ip,medium,WHITE,ziyadnz/hourly-ipv4,ziyadnz|hourly,2026-08-17T18:48:05Z,2026-08-17T18:48:05Z,
176.36.95.233,ipv4,malicious-ip,medium,WHITE,ziyadnz/hourly-ipv4,ziyadnz|hourly,2026-08-17T18:48:05Z,2026-08-17T18:48:05Z,
176.37.168.225,ipv4,malicious-ip,medium,WHITE,ziyadnz/hourly-ipv4,ziyadnz|hourly,2026-08-17T18:48:05Z,2026-08-17T18:48:05Z,
176.37.17.3,ipv4,malicious-ip,medium,WHITE,ziyadnz/hourly-ipv4,ziyadnz|hourly,2026-08-17T18:48:05Z,2026-08-17T18:48:05Z,
176.37.210.83,ipv4,malicious-ip,medium,WHITE,ziyadnz/hourly-ipv4,ziyadnz|hourly,2026-08-17T18:48:05Z,2026-08-17T18:48:05Z,
176.37.52.117,ipv4,malicious-ip,medium,WHITE,ziyadnz/hourly-ipv4,ziyadnz|hourly,2026-08-17T18:48:05Z,2026-08-17T18:48:05Z,
176.37.78.126,ipv4,malicious-ip,medium,WHITE,ziyadnz/hourly-ipv4,ziyadnz|hourly,2026-08-17T18:48:05Z,2026-08-17T18:48:05Z,
176.39.114.88,ipv4,malicious-ip,medium,WHITE,ziyadnz/hourly-ipv4,ziyadnz|hourly,2026-08-17T18:48:05Z,2026-08-17T18:48:05Z,
176.39.12.44,ipv4,malicious-ip,medium,WHITE,ziyadnz/hourly-ipv4,ziyadnz|hourly,2026-08-17T18:48:05Z,2026-08-17T18:48:05Z,
176.39.15.143,ipv4,malicious-ip,medium,WHITE,ziyadnz/hourly-ipv4,ziyadnz|hourly,2026-08-17T18:48:05Z,2026-08-17T18:48:05Z,
176.39.16.29,ipv4,malicious-ip,medium,WHITE,ziyadnz/hourly-ipv4,ziyadnz|hourly,2026-08-17T18:48:05Z,2026-08-17T18:48:05Z,
176.39.19.11,ipv4,malicious-ip,medium,WHITE,ziyadnz/hourly-ipv4,ziyadnz|hourly,2026-08-17T18:48:05Z,2026-08-17T18:48:05Z,
176.39.57.48,ipv4,malicious-ip,medium,WHITE,ziyadnz/hourly-ipv4,ziyadnz|hourly,2026-08-17T18:48:05Z,2026-08-17T18:48:05Z,
176.39.90.180,ipv4,malicious-ip,medium,WHITE,ziyadnz/hourly-ipv4,ziyadnz|hourly,2026-08-17T18:48:05Z,2026-08-17T18:48:05Z,
176.40.242.27,ipv4,malicious-ip,medium,WHITE,ziyadnz/hourly-ipv4,ziyadnz|hourly,2026-08-17T18:48:05Z,2026-08-17T18:48:05Z,
176.40.243.209,ipv4,malicious-ip,medium,WHITE,ziyadnz/hourly-ipv4,ziyadnz|hourly,2026-08-17T18:48:05Z,2026-08-17T18:48:05Z,
176.41.224.80,ipv4,malicious-ip,medium,WHITE,ziyadnz/hourly-ipv4,ziyadnz|hourly,2026-08-17T18:48:05Z,2026-08-17T18:48:05Z,
176.41.25.57,ipv4,malicious-ip,medium,WHITE,ziyadnz/hourly-ipv4,ziyadnz|hourly,2026-08-17T18:48:05Z,2026-08-17T18:48:05Z,
176.42.232.37,ipv4,malicious-ip,medium,WHITE,ziyadnz/hourly-ipv4,ziyadnz|hourly,2026-08-17T18:48:05Z,2026-08-17T18:48:05Z,
176.43.141.45,ipv4,malicious-ip,medium,WHITE,ziyadnz/hourly-ipv4,ziyadnz|hourly,2026-08-17T18:48:05Z,2026-08-17T18:48:05Z,
176.45.218.138,ipv4,malicious-ip,medium,WHITE,ziyadnz/hourly-ipv4,ziyadnz|hourly,2026-08-17T18:48:05Z,2026-08-17T18:48:05Z,
176.45.69.190,ipv4,malicious-ip,medium,WHITE,ziyadnz/hourly-ipv4,ziyadnz|hourly,2026-08-17T18:48:05Z,2026-08-17T18:48:05Z,
176.46.138.207,ipv4,malicious-ip,medium,WHITE,ziyadnz/hourly-ipv4,ziyadnz|hourly,2026-08-17T18:48:05Z,2026-08-17T18:48:05Z,
176.46.138.208,ipv4,malicious-ip,medium,WHITE,ziyadnz/hourly-ipv4,ziyadnz|hourly,2026-08-17T18:48:05Z,2026-08-17T18:48:05Z,
176.46.138.209,ipv4,malicious-ip,medium,WHITE,ziyadnz/hourly-ipv4,ziyadnz|hourly,2026-08-17T18:48:05Z,2026-08-17T18:48:05Z,
176.46.138.210,ipv4,malicious-ip,medium,WHITE,ziyadnz/hourly-ipv4,ziyadnz|hourly,2026-08-17T18:48:05Z,2026-08-17T18:48:05Z,
176.46.138.211,ipv4,malicious-ip,medium,WHITE,ziyadnz/hourly-ipv4,ziyadnz|hourly,2026-08-17T18:48:05Z,2026-08-17T18:48:05Z,
176.46.138.213,ipv4,malicious-ip,medium,WHITE,ziyadnz/hourly-ipv4,ziyadnz|hourly,2026-08-17T18:48:05Z,2026-08-17T18:48:05Z,
176.46.138.215,ipv4,malicious-ip,medium,WHITE,ziyadnz/hourly-ipv4,ziyadnz|hourly,2026-08-17T18:48:05Z,2026-08-17T18:48:05Z,
176.46.138.216,ipv4,malicious-ip,medium,WHITE,ziyadnz/hourly-ipv4,ziyadnz|hourly,2026-08-17T18:48:05Z,2026-08-17T18:48:05Z,
176.46.138.217,ipv4,malicious-ip,medium,WHITE,ziyadnz/hourly-ipv4,ziyadnz|hourly,2026-08-17T18:48:05Z,2026-08-17T18:48:05Z,
176.46.138.219,ipv4,malicious-ip,medium,WHITE,ziyadnz/hourly-ipv4,ziyadnz|hourly,2026-08-17T18:48:05Z,2026-08-17T18:48:05Z,
176.46.138.220,ipv4,malicious-ip,medium,WHITE,ziyadnz/hourly-ipv4,ziyadnz|hourly,2026-08-17T18:48:05Z,2026-08-17T18:48:05Z,
176.46.138.221,ipv4,malicious-ip,medium,WHITE,ziyadnz/hourly-ipv4,ziyadnz|hourly,2026-08-17T18:48:05Z,2026-08-17T18:48:05Z,
176.46.138.222,ipv4,malicious-ip,medium,WHITE,ziyadnz/hourly-ipv4,ziyadnz|hourly,2026-08-17T18:48:05Z,2026-08-17T18:48:05Z,
176.46.138.223,ipv4,malicious-ip,medium,WHITE,ziyadnz/hourly-ipv4,ziyadnz|hourly,2026-08-17T18:48:05Z,2026-08-17T18:48:05Z,
176.46.138.225,ipv4,malicious-ip,medium,WHITE,ziyadnz/hourly-ipv4,ziyadnz|hourly,2026-08-17T18:48:05Z,2026-08-17T18:48:05Z,
176.46.138.226,ipv4,malicious-ip,medium,WHITE,ziyadnz/hourly-ipv4,ziyadnz|hourly,2026-08-17T18:48:05Z,2026-08-17T18:48:05Z,
176.46.138.227,ipv4,malicious-ip,medium,WHITE,ziyadnz/hourly-ipv4,ziyadnz|hourly,2026-08-17T18:48:05Z,2026-08-17T18:48:05Z,
176.46.138.228,ipv4,malicious-ip,medium,WHITE,ziyadnz/hourly-ipv4,ziyadnz|hourly,2026-08-17T18:48:05Z,2026-08-17T18:48:05Z,
176.46.138.229,ipv4,malicious-ip,medium,WHITE,ziyadnz/hourly-ipv4,ziyadnz|hourly,2026-08-17T18:48:05Z,2026-08-17T18:48:05Z,
176.46.138.232,ipv4,malicious-ip,medium,WHITE,ziyadnz/hourly-ipv4,ziyadnz|hourly,2026-08-17T18:48:05Z,2026-08-17T18:48:05Z,
176.46.138.233,ipv4,malicious-ip,medium,WHITE,ziyadnz/hourly-ipv4,ziyadnz|hourly,2026-08-17T18:48:05Z,2026-08-17T18:48:05Z,
176.46.138.234,ipv4,malicious-ip,medium,WHITE,ziyadnz/hourly-ipv4,ziyadnz|hourly,2026-08-17T18:48:05Z,2026-08-17T18:48:05Z,
176.46.138.235,ipv4,malicious-ip,medium,WHITE,ziyadnz/hourly-ipv4,ziyadnz|hourly,2026-08-17T18:48:05Z,2026-08-17T18:48:05Z,
176.46.138.237,ipv4,malicious-ip,medium,WHITE,ziyadnz/hourly-ipv4,ziyadnz|hourly,2026-08-17T18:48:05Z,2026-08-17T18:48:05Z,
176.46.138.239,ipv4,malicious-ip,medium,WHITE,ziyadnz/hourly-ipv4,ziyadnz|hourly,2026-08-17T18:48:05Z,2026-08-17T18:48:05Z,
176.46.138.240,ipv4,malicious-ip,medium,WHITE,ziyadnz/hourly-ipv4,ziyadnz|hourly,2026-08-17T18:48:05Z,2026-08-17T18:48:05Z,
176.46.138.241,ipv4,malicious-ip,medium,WHITE,ziyadnz/hourly-ipv4,ziyadnz|hourly,2026-08-17T18:48:05Z,2026-08-17T18:48:05Z,
176.46.152.18,ipv4,malicious-ip,medium,WHITE,ziyadnz/hourly-ipv4,ziyadnz|hourly,2026-08-17T18:48:05Z,2026-08-17T18:48:05Z,
176.46.152.46,ipv4,malicious-ip,medium,WHITE,ziyadnz/hourly-ipv4,ziyadnz|hourly,2026-08-17T18:48:05Z,2026-08-17T18:48:05Z,
176.46.152.47,ipv4,malicious-ip,medium,WHITE,ziyadnz/hourly-ipv4,ziyadnz|hourly,2026-08-17T18:48:05Z,2026-08-17T18:48:05Z,
176.52.30.229,ipv4,malicious-ip,medium,WHITE,ziyadnz/hourly-ipv4,ziyadnz|hourly,2026-08-17T18:48:05Z,2026-08-17T18:48:05Z,
176.53.146.125,ipv4,malicious-ip,medium,WHITE,ziyadnz/hourly-ipv4,ziyadnz|hourly,2026-08-17T18:48:05Z,2026-08-17T18:48:05Z,
176.53.147.5,ipv4,malicious-ip,medium,WHITE,ziyadnz/hourly-ipv4,ziyadnz|hourly,2026-08-17T18:48:05Z,2026-08-17T18:48:05Z,
176.53.159.16,ipv4,malicious-ip,medium,WHITE,ziyadnz/hourly-ipv4,ziyadnz|hourly,2026-08-17T18:48:05Z,2026-08-17T18:48:05Z,
176.53.159.196,ipv4,malicious-ip,medium,WHITE,ziyadnz/hourly-ipv4,ziyadnz|hourly,2026-08-17T18:48:05Z,2026-08-17T18:48:05Z,
176.53.159.199,ipv4,malicious-ip,medium,WHITE,ziyadnz/hourly-ipv4,ziyadnz|hourly,2026-08-17T18:48:05Z,2026-08-17T18:48:05Z,
176.53.182.170,ipv4,malicious-ip,medium,WHITE,ziyadnz/hourly-ipv4,ziyadnz|hourly,2026-08-17T18:48:05Z,2026-08-17T18:48:05Z,
176.53.197.186,ipv4,malicious-ip,medium,WHITE,ziyadnz/hourly-ipv4,ziyadnz|hourly,2026-08-17T18:48:05Z,2026-08-17T18:48:05Z,
176.53.20.42,ipv4,malicious-ip,medium,WHITE,ziyadnz/hourly-ipv4,ziyadnz|hourly,2026-08-17T18:48:05Z,2026-08-17T18:48:05Z,
176.53.20.43,ipv4,malicious-ip,medium,WHITE,ziyadnz/hourly-ipv4,ziyadnz|hourly,2026-08-17T18:48:05Z,2026-08-17T18:48:05Z,
176.53.20.44,ipv4,malicious-ip,medium,WHITE,ziyadnz/hourly-ipv4,ziyadnz|hourly,2026-08-17T18:48:05Z,2026-08-17T18:48:05Z,
176.53.20.45,ipv4,malicious-ip,medium,WHITE,ziyadnz/hourly-ipv4,ziyadnz|hourly,2026-08-17T18:48:05Z,2026-08-17T18:48:05Z,
176.53.20.46,ipv4,malicious-ip,medium,WHITE,ziyadnz/hourly-ipv4,ziyadnz|hourly,2026-08-17T18:48:05Z,2026-08-17T18:48:05Z,
176.53.96.208,ipv4,malicious-ip,medium,WHITE,ziyadnz/hourly-ipv4,ziyadnz|hourly,2026-08-17T18:48:05Z,2026-08-17T18:48:05Z,
176.56.128.118,ipv4,malicious-ip,medium,WHITE,ziyadnz/hourly-ipv4,ziyadnz|hourly,2026-08-17T18:48:05Z,2026-08-17T18:48:05Z,
176.57.150.156,ipv4,malicious-ip,medium,WHITE,ziyadnz/hourly-ipv4,ziyadnz|hourly,2026-08-17T18:48:05Z,2026-08-17T18:48:05Z,
176.57.207.106,ipv4,malicious-ip,medium,WHITE,ziyadnz/hourly-ipv4,ziyadnz|hourly,2026-08-17T18:48:05Z,2026-08-17T18:48:05Z,
176.57.207.170,ipv4,malicious-ip,medium,WHITE,ziyadnz/hourly-ipv4,ziyadnz|hourly,2026-08-17T18:48:05Z,2026-08-17T18:48:05Z,
176.57.76.206,ipv4,malicious-ip,medium,WHITE,ziyadnz/hourly-ipv4,ziyadnz|hourly,2026-08-17T18:48:05Z,2026-08-17T18:48:05Z,
176.58.106.231,ipv4,malicious-ip,medium,WHITE,ziyadnz/hourly-ipv4,ziyadnz|hourly,2026-08-17T18:48:05Z,2026-08-17T18:48:05Z,
176.59.109.115,ipv4,malicious-ip,medium,WHITE,ziyadnz/hourly-ipv4,ziyadnz|hourly,2026-08-17T18:48:05Z,2026-08-17T18:48:05Z,
176.61.146.250,ipv4,malicious-ip,medium,WHITE,ziyadnz/hourly-ipv4,ziyadnz|hourly,2026-08-17T18:48:05Z,2026-08-17T18:48:05Z,
176.61.152.50,ipv4,malicious-ip,medium,WHITE,ziyadnz/hourly-ipv4,ziyadnz|hourly,2026-08-17T18:48:05Z,2026-08-17T18:48:05Z,
176.61.154.219,ipv4,malicious-ip,medium,WHITE,ziyadnz/hourly-ipv4,ziyadnz|hourly,2026-08-17T18:48:05Z,2026-08-17T18:48:05Z,
176.61.50.14,ipv4,malicious-ip,medium,WHITE,ziyadnz/hourly-ipv4,ziyadnz|hourly,2026-08-17T18:48:05Z,2026-08-17T18:48:05Z,
176.62.72.214,ipv4,malicious-ip,medium,WHITE,ziyadnz/hourly-ipv4,ziyadnz|hourly,2026-08-17T18:48:05Z,2026-08-17T18:48:05Z,
176.62.76.12,ipv4,malicious-ip,medium,WHITE,ziyadnz/hourly-ipv4,ziyadnz|hourly,2026-08-17T18:48:05Z,2026-08-17T18:48:05Z,
176.62.84.105,ipv4,malicious-ip,medium,WHITE,ziyadnz/hourly-ipv4,ziyadnz|hourly,2026-08-17T18:48:05Z,2026-08-17T18:48:05Z,
176.63.26.118,ipv4,malicious-ip,medium,WHITE,ziyadnz/hourly-ipv4,ziyadnz|hourly,2026-08-17T18:48:05Z,2026-08-17T18:48:05Z,
176.65.131.192,ipv4,malicious-ip,medium,WHITE,ziyadnz/hourly-ipv4,ziyadnz|hourly,2026-08-17T18:48:05Z,2026-08-17T18:48:05Z,
176.65.132.0,ipv4,malicious-ip,medium,WHITE,ziyadnz/hourly-ipv4,ziyadnz|hourly,2026-08-17T18:48:05Z,2026-08-17T18:48:05Z,
176.65.132.123,ipv4,malicious-ip,medium,WHITE,ziyadnz/hourly-ipv4,ziyadnz|hourly,2026-08-17T18:48:05Z,2026-08-17T18:48:05Z,
176.65.132.131,ipv4,malicious-ip,medium,WHITE,ziyadnz/hourly-ipv4,ziyadnz|hourly,2026-08-17T18:48:05Z,2026-08-17T18:48:05Z,
176.65.132.162,ipv4,malicious-ip,medium,WHITE,ziyadnz/hourly-ipv4,ziyadnz|hourly,2026-08-17T18:48:05Z,2026-08-17T18:48:05Z,
176.65.132.17,ipv4,malicious-ip,medium,WHITE,ziyadnz/hourly-ipv4,ziyadnz|hourly,2026-08-17T18:48:05Z,2026-08-17T18:48:05Z,
176.65.132.224,ipv4,malicious-ip,medium,WHITE,ziyadnz/hourly-ipv4,ziyadnz|hourly,2026-08-17T18:48:05Z,2026-08-17T18:48:05Z,
176.65.132.38,ipv4,malicious-ip,medium,WHITE,ziyadnz/hourly-ipv4,ziyadnz|hourly,2026-08-17T18:48:05Z,2026-08-17T18:48:05Z,
176.65.132.39,ipv4,malicious-ip,medium,WHITE,ziyadnz/hourly-ipv4,ziyadnz|hourly,2026-08-17T18:48:05Z,2026-08-17T18:48:05Z,
176.65.132.43,ipv4,malicious-ip,medium,WHITE,ziyadnz/hourly-ipv4,ziyadnz|hourly,2026-08-17T18:48:05Z,2026-08-17T18:48:05Z,
176.65.132.53,ipv4,malicious-ip,medium,WHITE,ziyadnz/hourly-ipv4,ziyadnz|hourly,2026-08-17T18:48:05Z,2026-08-17T18:48:05Z,
176.65.132.57,ipv4,malicious-ip,medium,WHITE,ziyadnz/hourly-ipv4,ziyadnz|hourly,2026-08-17T18:48:05Z,2026-08-17T18:48:05Z,
176.65.132.93,ipv4,malicious-ip,medium,WHITE,ziyadnz/hourly-ipv4,ziyadnz|hourly,2026-08-17T18:48:05Z,2026-08-17T18:48:05Z,
176.65.134.16,ipv4,malicious-ip,medium,WHITE,ziyadnz/hourly-ipv4,ziyadnz|hourly,2026-08-17T18:48:05Z,2026-08-17T18:48:05Z,
176.65.134.201,ipv4,malicious-ip,medium,WHITE,ziyadnz/hourly-ipv4,ziyadnz|hourly,2026-08-17T18:48:05Z,2026-08-17T18:48:05Z,
176.65.134.62,ipv4,malicious-ip,medium,WHITE,ziyadnz/hourly-ipv4,ziyadnz|hourly,2026-08-17T18:48:05Z,2026-08-17T18:48:05Z,
176.65.134.8,ipv4,malicious-ip,medium,WHITE,ziyadnz/hourly-ipv4,ziyadnz|hourly,2026-08-17T18:48:05Z,2026-08-17T18:48:05Z,
176.65.137.13,ipv4,malicious-ip,medium,WHITE,ziyadnz/hourly-ipv4,ziyadnz|hourly,2026-08-17T18:48:05Z,2026-08-17T18:48:05Z,
176.65.137.188,ipv4,malicious-ip,medium,WHITE,ziyadnz/hourly-ipv4,ziyadnz|hourly,2026-08-17T18:48:05Z,2026-08-17T18:48:05Z,
176.65.137.203,ipv4,malicious-ip,medium,WHITE,ziyadnz/hourly-ipv4,ziyadnz|hourly,2026-08-17T18:48:05Z,2026-08-17T18:48:05Z,
176.65.137.5,ipv4,malicious-ip,medium,WHITE,ziyadnz/hourly-ipv4,ziyadnz|hourly,2026-08-17T18:48:05Z,2026-08-17T18:48:05Z,
176.65.137.6,ipv4,malicious-ip,medium,WHITE,ziyadnz/hourly-ipv4,ziyadnz|hourly,2026-08-17T18:48:05Z,2026-08-17T18:48:05Z,
176.65.138.152,ipv4,malicious-ip,medium,WHITE,ziyadnz/hourly-ipv4,ziyadnz|hourly,2026-08-17T18:48:05Z,2026-08-17T18:48:05Z,
176.65.138.3,ipv4,malicious-ip,medium,WHITE,ziyadnz/hourly-ipv4,ziyadnz|hourly,2026-08-17T18:48:05Z,2026-08-17T18:48:05Z,
176.65.139.0,ipv4,malicious-ip,medium,WHITE,ziyadnz/hourly-ipv4,ziyadnz|hourly,2026-08-17T18:48:05Z,2026-08-17T18:48:05Z,
176.65.139.102,ipv4,malicious-ip,medium,WHITE,ziyadnz/hourly-ipv4,ziyadnz|hourly,2026-08-17T18:48:05Z,2026-08-17T18:48:05Z,
176.65.139.115,ipv4,malicious-ip,medium,WHITE,ziyadnz/hourly-ipv4,ziyadnz|hourly,2026-08-17T18:48:05Z,2026-08-17T18:48:05Z,
176.65.139.121,ipv4,malicious-ip,medium,WHITE,ziyadnz/hourly-ipv4,ziyadnz|hourly,2026-08-17T18:48:05Z,2026-08-17T18:48:05Z,
176.65.139.126,ipv4,malicious-ip,medium,WHITE,ziyadnz/hourly-ipv4,ziyadnz|hourly,2026-08-17T18:48:05Z,2026-08-17T18:48:05Z,
176.65.139.134,ipv4,malicious-ip,medium,WHITE,ziyadnz/hourly-ipv4,ziyadnz|hourly,2026-08-17T18:48:05Z,2026-08-17T18:48:05Z,
176.65.139.141,ipv4,malicious-ip,medium,WHITE,ziyadnz/hourly-ipv4,ziyadnz|hourly,2026-08-17T18:48:05Z,2026-08-17T18:48:05Z,
176.65.139.143,ipv4,malicious-ip,medium,WHITE,ziyadnz/hourly-ipv4,ziyadnz|hourly,2026-08-17T18:48:05Z,2026-08-17T18:48:05Z,
176.65.139.151,ipv4,malicious-ip,medium,WHITE,ziyadnz/hourly-ipv4,ziyadnz|hourly,2026-08-17T18:48:05Z,2026-08-17T18:48:05Z,
176.65.139.153,ipv4,malicious-ip,medium,WHITE,ziyadnz/hourly-ipv4,ziyadnz|hourly,2026-08-17T18:48:05Z,2026-08-17T18:48:05Z,
176.65.139.155,ipv4,malicious-ip,medium,WHITE,ziyadnz/hourly-ipv4,ziyadnz|hourly,2026-08-17T18:48:05Z,2026-08-17T18:48:05Z,
176.65.139.158,ipv4,malicious-ip,medium,WHITE,ziyadnz/hourly-ipv4,ziyadnz|hourly,2026-08-17T18:48:05Z,2026-08-17T18:48:05Z,
176.65.139.163,ipv4,malicious-ip,medium,WHITE,ziyadnz/hourly-ipv4,ziyadnz|hourly,2026-08-17T18:48:05Z,2026-08-17T18:48:05Z,
176.65.139.166,ipv4,malicious-ip,medium,WHITE,ziyadnz/hourly-ipv4,ziyadnz|hourly,2026-08-17T18:48:05Z,2026-08-17T18:48:05Z,
176.65.139.170,ipv4,malicious-ip,medium,WHITE,ziyadnz/hourly-ipv4,ziyadnz|hourly,2026-08-17T18:48:05Z,2026-08-17T18:48:05Z,
176.65.139.173,ipv4,malicious-ip,medium,WHITE,ziyadnz/hourly-ipv4,ziyadnz|hourly,2026-08-17T18:48:05Z,2026-08-17T18:48:05Z,
176.65.139.177,ipv4,malicious-ip,medium,WHITE,ziyadnz/hourly-ipv4,ziyadnz|hourly,2026-08-17T18:48:05Z,2026-08-17T18:48:05Z,
176.65.139.181,ipv4,malicious-ip,medium,WHITE,ziyadnz/hourly-ipv4,ziyadnz|hourly,2026-08-17T18:48:05Z,2026-08-17T18:48:05Z,
176.65.139.182,ipv4,malicious-ip,medium,WHITE,ziyadnz/hourly-ipv4,ziyadnz|hourly,2026-08-17T18:48:05Z,2026-08-17T18:48:05Z,
176.65.139.188,ipv4,malicious-ip,medium,WHITE,ziyadnz/hourly-ipv4,ziyadnz|hourly,2026-08-17T18:48:05Z,2026-08-17T18:48:05Z,
176.65.139.203,ipv4,malicious-ip,medium,WHITE,ziyadnz/hourly-ipv4,ziyadnz|hourly,2026-08-17T18:48:05Z,2026-08-17T18:48:05Z,
176.65.139.215,ipv4,malicious-ip,medium,WHITE,ziyadnz/hourly-ipv4,ziyadnz|hourly,2026-08-17T18:48:05Z,2026-08-17T18:48:05Z,
176.65.139.22,ipv4,malicious-ip,medium,WHITE,ziyadnz/hourly-ipv4,ziyadnz|hourly,2026-08-17T18:48:05Z,2026-08-17T18:48:05Z,
176.65.139.225,ipv4,malicious-ip,medium,WHITE,ziyadnz/hourly-ipv4,ziyadnz|hourly,2026-08-17T18:48:05Z,2026-08-17T18:48:05Z,
176.65.139.226,ipv4,malicious-ip,medium,WHITE,ziyadnz/hourly-ipv4,ziyadnz|hourly,2026-08-17T18:48:05Z,2026-08-17T18:48:05Z,
176.65.139.233,ipv4,malicious-ip,medium,WHITE,ziyadnz/hourly-ipv4,ziyadnz|hourly,2026-08-17T18:48:05Z,2026-08-17T18:48:05Z,
176.65.139.236,ipv4,malicious-ip,medium,WHITE,ziyadnz/hourly-ipv4,ziyadnz|hourly,2026-08-17T18:48:05Z,2026-08-17T18:48:05Z,
176.65.139.246,ipv4,malicious-ip,medium,WHITE,ziyadnz/hourly-ipv4,ziyadnz|hourly,2026-08-17T18:48:05Z,2026-08-17T18:48:05Z,
176.65.139.247,ipv4,malicious-ip,medium,WHITE,ziyadnz/hourly-ipv4,ziyadnz|hourly,2026-08-17T18:48:05Z,2026-08-17T18:48:05Z,
176.65.139.248,ipv4,malicious-ip,medium,WHITE,ziyadnz/hourly-ipv4,ziyadnz|hourly,2026-08-17T18:48:05Z,2026-08-17T18:48:05Z,
176.65.139.25,ipv4,malicious-ip,medium,WHITE,ziyadnz/hourly-ipv4,ziyadnz|hourly,2026-08-17T18:48:05Z,2026-08-17T18:48:05Z,
176.65.139.253,ipv4,malicious-ip,medium,WHITE,ziyadnz/hourly-ipv4,ziyadnz|hourly,2026-08-17T18:48:05Z,2026-08-17T18:48:05Z,
176.65.139.254,ipv4,malicious-ip,medium,WHITE,ziyadnz/hourly-ipv4,ziyadnz|hourly,2026-08-17T18:48:05Z,2026-08-17T18:48:05Z,
176.65.139.26,ipv4,malicious-ip,medium,WHITE,ziyadnz/hourly-ipv4,ziyadnz|hourly,2026-08-17T18:48:05Z,2026-08-17T18:48:05Z,
176.65.139.31,ipv4,malicious-ip,medium,WHITE,ziyadnz/hourly-ipv4,ziyadnz|hourly,2026-08-17T18:48:05Z,2026-08-17T18:48:05Z,
176.65.139.54,ipv4,malicious-ip,medium,WHITE,ziyadnz/hourly-ipv4,ziyadnz|hourly,2026-08-17T18:48:05Z,2026-08-17T18:48:05Z,
176.65.139.59,ipv4,malicious-ip,medium,WHITE,ziyadnz/hourly-ipv4,ziyadnz|hourly,2026-08-17T18:48:05Z,2026-08-17T18:48:05Z,
176.65.139.60,ipv4,malicious-ip,medium,WHITE,ziyadnz/hourly-ipv4,ziyadnz|hourly,2026-08-17T18:48:05Z,2026-08-17T18:48:05Z,
176.65.139.66,ipv4,malicious-ip,medium,WHITE,ziyadnz/hourly-ipv4,ziyadnz|hourly,2026-08-17T18:48:05Z,2026-08-17T18:48:05Z,
176.65.139.7,ipv4,malicious-ip,medium,WHITE,ziyadnz/hourly-ipv4,ziyadnz|hourly,2026-08-17T18:48:05Z,2026-08-17T18:48:05Z,
176.65.139.79,ipv4,malicious-ip,medium,WHITE,ziyadnz/hourly-ipv4,ziyadnz|hourly,2026-08-17T18:48:05Z,2026-08-17T18:48:05Z,
176.65.139.8,ipv4,malicious-ip,medium,WHITE,ziyadnz/hourly-ipv4,ziyadnz|hourly,2026-08-17T18:48:05Z,2026-08-17T18:48:05Z,
176.65.139.81,ipv4,malicious-ip,medium,WHITE,ziyadnz/hourly-ipv4,ziyadnz|hourly,2026-08-17T18:48:05Z,2026-08-17T18:48:05Z,
176.65.139.89,ipv4,malicious-ip,medium,WHITE,ziyadnz/hourly-ipv4,ziyadnz|hourly,2026-08-17T18:48:05Z,2026-08-17T18:48:05Z,
176.65.139.90,ipv4,malicious-ip,medium,WHITE,ziyadnz/hourly-ipv4,ziyadnz|hourly,2026-08-17T18:48:05Z,2026-08-17T18:48:05Z,
176.65.139.96,ipv4,malicious-ip,medium,WHITE,ziyadnz/hourly-ipv4,ziyadnz|hourly,2026-08-17T18:48:05Z,2026-08-17T18:48:05Z,
176.65.139.99,ipv4,malicious-ip,medium,WHITE,ziyadnz/hourly-ipv4,ziyadnz|hourly,2026-08-17T18:48:05Z,2026-08-17T18:48:05Z,
176.65.140.132,ipv4,malicious-ip,medium,WHITE,ziyadnz/hourly-ipv4,ziyadnz|hourly,2026-08-17T18:48:05Z,2026-08-17T18:48:05Z,
176.65.140.160,ipv4,malicious-ip,medium,WHITE,ziyadnz/hourly-ipv4,ziyadnz|hourly,2026-08-17T18:48:05Z,2026-08-17T18:48:05Z,
176.65.140.201,ipv4,malicious-ip,medium,WHITE,ziyadnz/hourly-ipv4,ziyadnz|hourly,2026-08-17T18:48:05Z,2026-08-17T18:48:05Z,
176.65.141.165,ipv4,malicious-ip,medium,WHITE,ziyadnz/hourly-ipv4,ziyadnz|hourly,2026-08-17T18:48:05Z,2026-08-17T18:48:05Z,
176.65.142.100,ipv4,malicious-ip,medium,WHITE,ziyadnz/hourly-ipv4,ziyadnz|hourly,2026-08-17T18:48:05Z,2026-08-17T18:48:05Z,
176.65.142.122,ipv4,malicious-ip,medium,WHITE,ziyadnz/hourly-ipv4,ziyadnz|hourly,2026-08-17T18:48:05Z,2026-08-17T18:48:05Z,
176.65.142.137,ipv4,malicious-ip,medium,WHITE,ziyadnz/hourly-ipv4,ziyadnz|hourly,2026-08-17T18:48:05Z,2026-08-17T18:48:05Z,
176.65.142.252,ipv4,malicious-ip,medium,WHITE,ziyadnz/hourly-ipv4,ziyadnz|hourly,2026-08-17T18:48:05Z,2026-08-17T18:48:05Z,
176.65.144.154,ipv4,malicious-ip,medium,WHITE,ziyadnz/hourly-ipv4,ziyadnz|hourly,2026-08-17T18:48:05Z,2026-08-17T18:48:05Z,
176.65.144.22,ipv4,malicious-ip,medium,WHITE,ziyadnz/hourly-ipv4,ziyadnz|hourly,2026-08-17T18:48:05Z,2026-08-17T18:48:05Z,
176.65.144.220,ipv4,malicious-ip,medium,WHITE,ziyadnz/hourly-ipv4,ziyadnz|hourly,2026-08-17T18:48:05Z,2026-08-17T18:48:05Z,
176.65.144.232,ipv4,malicious-ip,medium,WHITE,ziyadnz/hourly-ipv4,ziyadnz|hourly,2026-08-17T18:48:05Z,2026-08-17T18:48:05Z,
176.65.144.253,ipv4,malicious-ip,medium,WHITE,ziyadnz/hourly-ipv4,ziyadnz|hourly,2026-08-17T18:48:05Z,2026-08-17T18:48:05Z,
176.65.144.49,ipv4,malicious-ip,medium,WHITE,ziyadnz/hourly-ipv4,ziyadnz|hourly,2026-08-17T18:48:05Z,2026-08-17T18:48:05Z,
176.65.144.64,ipv4,malicious-ip,medium,WHITE,ziyadnz/hourly-ipv4,ziyadnz|hourly,2026-08-17T18:48:05Z,2026-08-17T18:48:05Z,
176.65.144.72,ipv4,malicious-ip,medium,WHITE,ziyadnz/hourly-ipv4,ziyadnz|hourly,2026-08-17T18:48:05Z,2026-08-17T18:48:05Z,
176.65.148.0,ipv4,malicious-ip,medium,WHITE,ziyadnz/hourly-ipv4,ziyadnz|hourly,2026-08-17T18:48:05Z,2026-08-17T18:48:05Z,
176.65.148.107,ipv4,malicious-ip,medium,WHITE,ziyadnz/hourly-ipv4,ziyadnz|hourly,2026-08-17T18:48:05Z,2026-08-17T18:48:05Z,
176.65.148.120,ipv4,malicious-ip,medium,WHITE,ziyadnz/hourly-ipv4,ziyadnz|hourly,2026-08-17T18:48:05Z,2026-08-17T18:48:05Z,
176.65.148.133,ipv4,malicious-ip,medium,WHITE,ziyadnz/hourly-ipv4,ziyadnz|hourly,2026-08-17T18:48:05Z,2026-08-17T18:48:05Z,
176.65.148.150,ipv4,malicious-ip,medium,WHITE,ziyadnz/hourly-ipv4,ziyadnz|hourly,2026-08-17T18:48:05Z,2026-08-17T18:48:05Z,
176.65.148.153,ipv4,malicious-ip,medium,WHITE,ziyadnz/hourly-ipv4,ziyadnz|hourly,2026-08-17T18:48:05Z,2026-08-17T18:48:05Z,
176.65.148.160,ipv4,malicious-ip,medium,WHITE,ziyadnz/hourly-ipv4,ziyadnz|hourly,2026-08-17T18:48:05Z,2026-08-17T18:48:05Z,
176.65.148.173,ipv4,malicious-ip,medium,WHITE,ziyadnz/hourly-ipv4,ziyadnz|hourly,2026-08-17T18:48:05Z,2026-08-17T18:48:05Z,
176.65.148.177,ipv4,malicious-ip,medium,WHITE,ziyadnz/hourly-ipv4,ziyadnz|hourly,2026-08-17T18:48:05Z,2026-08-17T18:48:05Z,
176.65.148.183,ipv4,malicious-ip,medium,WHITE,ziyadnz/hourly-ipv4,ziyadnz|hourly,2026-08-17T18:48:05Z,2026-08-17T18:48:05Z,
176.65.148.184,ipv4,malicious-ip,medium,WHITE,ziyadnz/hourly-ipv4,ziyadnz|hourly,2026-08-17T18:48:05Z,2026-08-17T18:48:05Z,
176.65.148.185,ipv4,malicious-ip,medium,WHITE,ziyadnz/hourly-ipv4,ziyadnz|hourly,2026-08-17T18:48:05Z,2026-08-17T18:48:05Z,
176.65.148.189,ipv4,malicious-ip,medium,WHITE,ziyadnz/hourly-ipv4,ziyadnz|hourly,2026-08-17T18:48:05Z,2026-08-17T18:48:05Z,
176.65.148.212,ipv4,malicious-ip,medium,WHITE,ziyadnz/hourly-ipv4,ziyadnz|hourly,2026-08-17T18:48:05Z,2026-08-17T18:48:05Z,
176.65.148.216,ipv4,malicious-ip,medium,WHITE,ziyadnz/hourly-ipv4,ziyadnz|hourly,2026-08-17T18:48:05Z,2026-08-17T18:48:05Z,
176.65.148.217,ipv4,malicious-ip,medium,WHITE,ziyadnz/hourly-ipv4,ziyadnz|hourly,2026-08-17T18:48:05Z,2026-08-17T18:48:05Z,
176.65.148.226,ipv4,malicious-ip,medium,WHITE,ziyadnz/hourly-ipv4,ziyadnz|hourly,2026-08-17T18:48:05Z,2026-08-17T18:48:05Z,
176.65.148.234,ipv4,malicious-ip,medium,WHITE,ziyadnz/hourly-ipv4,ziyadnz|hourly,2026-08-17T18:48:05Z,2026-08-17T18:48:05Z,
176.65.148.236,ipv4,malicious-ip,medium,WHITE,ziyadnz/hourly-ipv4,ziyadnz|hourly,2026-08-17T18:48:05Z,2026-08-17T18:48:05Z,
176.65.148.24,ipv4,malicious-ip,medium,WHITE,ziyadnz/hourly-ipv4,ziyadnz|hourly,2026-08-17T18:48:05Z,2026-08-17T18:48:05Z,
176.65.148.244,ipv4,malicious-ip,medium,WHITE,ziyadnz/hourly-ipv4,ziyadnz|hourly,2026-08-17T18:48:05Z,2026-08-17T18:48:05Z,
176.65.148.252,ipv4,malicious-ip,medium,WHITE,ziyadnz/hourly-ipv4,ziyadnz|hourly,2026-08-17T18:48:05Z,2026-08-17T18:48:05Z,
176.65.148.3,ipv4,malicious-ip,medium,WHITE,ziyadnz/hourly-ipv4,ziyadnz|hourly,2026-08-17T18:48:05Z,2026-08-17T18:48:05Z,
176.65.148.37,ipv4,malicious-ip,medium,WHITE,ziyadnz/hourly-ipv4,ziyadnz|hourly,2026-08-17T18:48:05Z,2026-08-17T18:48:05Z,
176.65.148.55,ipv4,malicious-ip,medium,WHITE,ziyadnz/hourly-ipv4,ziyadnz|hourly,2026-08-17T18:48:05Z,2026-08-17T18:48:05Z,
176.65.148.58,ipv4,malicious-ip,medium,WHITE,ziyadnz/hourly-ipv4,ziyadnz|hourly,2026-08-17T18:48:05Z,2026-08-17T18:48:05Z,
176.65.148.79,ipv4,malicious-ip,medium,WHITE,ziyadnz/hourly-ipv4,ziyadnz|hourly,2026-08-17T18:48:05Z,2026-08-17T18:48:05Z,
176.65.148.84,ipv4,malicious-ip,medium,WHITE,ziyadnz/hourly-ipv4,ziyadnz|hourly,2026-08-17T18:48:05Z,2026-08-17T18:48:05Z,
176.65.148.96,ipv4,malicious-ip,medium,WHITE,ziyadnz/hourly-ipv4,ziyadnz|hourly,2026-08-17T18:48:05Z,2026-08-17T18:48:05Z,
176.65.149.0,ipv4,malicious-ip,medium,WHITE,ziyadnz/hourly-ipv4,ziyadnz|hourly,2026-08-17T18:48:05Z,2026-08-17T18:48:05Z,
176.65.149.159,ipv4,malicious-ip,medium,WHITE,ziyadnz/hourly-ipv4,ziyadnz|hourly,2026-08-17T18:48:05Z,2026-08-17T18:48:05Z,
176.65.149.163,ipv4,malicious-ip,medium,WHITE,ziyadnz/hourly-ipv4,ziyadnz|hourly,2026-08-17T18:48:05Z,2026-08-17T18:48:05Z,
176.65.149.168,ipv4,malicious-ip,medium,WHITE,ziyadnz/hourly-ipv4,ziyadnz|hourly,2026-08-17T18:48:05Z,2026-08-17T18:48:05Z,
176.65.149.182,ipv4,malicious-ip,medium,WHITE,ziyadnz/hourly-ipv4,ziyadnz|hourly,2026-08-17T18:48:05Z,2026-08-17T18:48:05Z,
176.65.149.19,ipv4,malicious-ip,medium,WHITE,ziyadnz/hourly-ipv4,ziyadnz|hourly,2026-08-17T18:48:05Z,2026-08-17T18:48:05Z,
176.65.149.200,ipv4,malicious-ip,medium,WHITE,ziyadnz/hourly-ipv4,ziyadnz|hourly,2026-08-17T18:48:05Z,2026-08-17T18:48:05Z,
176.65.149.209,ipv4,malicious-ip,medium,WHITE,ziyadnz/hourly-ipv4,ziyadnz|hourly,2026-08-17T18:48:05Z,2026-08-17T18:48:05Z,
176.65.149.212,ipv4,malicious-ip,medium,WHITE,ziyadnz/hourly-ipv4,ziyadnz|hourly,2026-08-17T18:48:05Z,2026-08-17T18:48:05Z,
176.65.149.220,ipv4,malicious-ip,medium,WHITE,ziyadnz/hourly-ipv4,ziyadnz|hourly,2026-08-17T18:48:05Z,2026-08-17T18:48:05Z,
176.65.149.225,ipv4,malicious-ip,medium,WHITE,ziyadnz/hourly-ipv4,ziyadnz|hourly,2026-08-17T18:48:05Z,2026-08-17T18:48:05Z,
176.65.149.226,ipv4,malicious-ip,medium,WHITE,ziyadnz/hourly-ipv4,ziyadnz|hourly,2026-08-17T18:48:05Z,2026-08-17T18:48:05Z,
176.65.149.230,ipv4,malicious-ip,medium,WHITE,ziyadnz/hourly-ipv4,ziyadnz|hourly,2026-08-17T18:48:05Z,2026-08-17T18:48:05Z,
176.65.149.236,ipv4,malicious-ip,medium,WHITE,ziyadnz/hourly-ipv4,ziyadnz|hourly,2026-08-17T18:48:05Z,2026-08-17T18:48:05Z,
176.65.149.27,ipv4,malicious-ip,medium,WHITE,ziyadnz/hourly-ipv4,ziyadnz|hourly,2026-08-17T18:48:05Z,2026-08-17T18:48:05Z,
176.65.149.30,ipv4,malicious-ip,medium,WHITE,ziyadnz/hourly-ipv4,ziyadnz|hourly,2026-08-17T18:48:05Z,2026-08-17T18:48:05Z,
176.65.149.31,ipv4,malicious-ip,medium,WHITE,ziyadnz/hourly-ipv4,ziyadnz|hourly,2026-08-17T18:48:05Z,2026-08-17T18:48:05Z,
176.65.149.32,ipv4,malicious-ip,medium,WHITE,ziyadnz/hourly-ipv4,ziyadnz|hourly,2026-08-17T18:48:05Z,2026-08-17T18:48:05Z,
176.65.149.55,ipv4,malicious-ip,medium,WHITE,ziyadnz/hourly-ipv4,ziyadnz|hourly,2026-08-17T18:48:05Z,2026-08-17T18:48:05Z,
176.65.149.64,ipv4,malicious-ip,medium,WHITE,ziyadnz/hourly-ipv4,ziyadnz|hourly,2026-08-17T18:48:05Z,2026-08-17T18:48:05Z,
176.65.149.67,ipv4,malicious-ip,medium,WHITE,ziyadnz/hourly-ipv4,ziyadnz|hourly,2026-08-17T18:48:05Z,2026-08-17T18:48:05Z,
176.65.149.86,ipv4,malicious-ip,medium,WHITE,ziyadnz/hourly-ipv4,ziyadnz|hourly,2026-08-17T18:48:05Z,2026-08-17T18:48:05Z,
176.65.149.96,ipv4,malicious-ip,medium,WHITE,ziyadnz/hourly-ipv4,ziyadnz|hourly,2026-08-17T18:48:05Z,2026-08-17T18:48:05Z,
176.65.240.242,ipv4,malicious-ip,medium,WHITE,ziyadnz/hourly-ipv4,ziyadnz|hourly,2026-08-17T18:48:05Z,2026-08-17T18:48:05Z,
176.67.18.19,ipv4,malicious-ip,medium,WHITE,ziyadnz/hourly-ipv4,ziyadnz|hourly,2026-08-17T18:48:05Z,2026-08-17T18:48:05Z,
176.72.142.189,ipv4,malicious-ip,medium,WHITE,ziyadnz/hourly-ipv4,ziyadnz|hourly,2026-08-17T18:48:05Z,2026-08-17T18:48:05Z,
176.77.8.190,ipv4,malicious-ip,medium,WHITE,ziyadnz/hourly-ipv4,ziyadnz|hourly,2026-08-17T18:48:05Z,2026-08-17T18:48:05Z,
176.78.12.109,ipv4,malicious-ip,medium,WHITE,ziyadnz/hourly-ipv4,ziyadnz|hourly,2026-08-17T18:48:05Z,2026-08-17T18:48:05Z,
176.79.166.252,ipv4,malicious-ip,medium,WHITE,ziyadnz/hourly-ipv4,ziyadnz|hourly,2026-08-17T18:48:05Z,2026-08-17T18:48:05Z,
176.79.8.133,ipv4,malicious-ip,medium,WHITE,ziyadnz/hourly-ipv4,ziyadnz|hourly,2026-08-17T18:48:05Z,2026-08-17T18:48:05Z,
176.79.84.193,ipv4,malicious-ip,medium,WHITE,ziyadnz/hourly-ipv4,ziyadnz|hourly,2026-08-17T18:48:05Z,2026-08-17T18:48:05Z,
176.79.87.45,ipv4,malicious-ip,medium,WHITE,ziyadnz/hourly-ipv4,ziyadnz|hourly,2026-08-17T18:48:05Z,2026-08-17T18:48:05Z,
176.84.74.74,ipv4,malicious-ip,medium,WHITE,ziyadnz/hourly-ipv4,ziyadnz|hourly,2026-08-17T18:48:05Z,2026-08-17T18:48:05Z,
176.88.100.205,ipv4,malicious-ip,medium,WHITE,ziyadnz/hourly-ipv4,ziyadnz|hourly,2026-08-17T18:48:05Z,2026-08-17T18:48:05Z,
176.88.138.240,ipv4,malicious-ip,medium,WHITE,ziyadnz/hourly-ipv4,ziyadnz|hourly,2026-08-17T18:48:05Z,2026-08-17T18:48:05Z,
176.88.158.162,ipv4,malicious-ip,medium,WHITE,ziyadnz/hourly-ipv4,ziyadnz|hourly,2026-08-17T18:48:05Z,2026-08-17T18:48:05Z,
176.88.191.229,ipv4,malicious-ip,medium,WHITE,ziyadnz/hourly-ipv4,ziyadnz|hourly,2026-08-17T18:48:05Z,2026-08-17T18:48:05Z,
176.9.2.144,ipv4,malicious-ip,medium,WHITE,ziyadnz/hourly-ipv4,ziyadnz|hourly,2026-08-17T18:48:05Z,2026-08-17T18:48:05Z,
176.9.232.214,ipv4,malicious-ip,medium,WHITE,ziyadnz/hourly-ipv4,ziyadnz|hourly,2026-08-17T18:48:05Z,2026-08-17T18:48:05Z,
176.9.4.26,ipv4,malicious-ip,medium,WHITE,ziyadnz/hourly-ipv4,ziyadnz|hourly,2026-08-17T18:48:05Z,2026-08-17T18:48:05Z,
176.9.45.29,ipv4,malicious-ip,medium,WHITE,ziyadnz/hourly-ipv4,ziyadnz|hourly,2026-08-17T18:48:05Z,2026-08-17T18:48:05Z,
176.9.53.68,ipv4,malicious-ip,medium,WHITE,ziyadnz/hourly-ipv4,ziyadnz|hourly,2026-08-17T18:48:05Z,2026-08-17T18:48:05Z,
176.9.63.166,ipv4,malicious-ip,medium,WHITE,ziyadnz/hourly-ipv4,ziyadnz|hourly,2026-08-17T18:48:05Z,2026-08-17T18:48:05Z,
176.9.7.101,ipv4,malicious-ip,medium,WHITE,ziyadnz/hourly-ipv4,ziyadnz|hourly,2026-08-17T18:48:05Z,2026-08-17T18:48:05Z,
176.96.191.181,ipv4,malicious-ip,medium,WHITE,ziyadnz/hourly-ipv4,ziyadnz|hourly,2026-08-17T18:48:05Z,2026-08-17T18:48:05Z,
176.96.240.2,ipv4,malicious-ip,medium,WHITE,ziyadnz/hourly-ipv4,ziyadnz|hourly,2026-08-17T18:48:05Z,2026-08-17T18:48:05Z,
176.96.249.104,ipv4,malicious-ip,medium,WHITE,ziyadnz/hourly-ipv4,ziyadnz|hourly,2026-08-17T18:48:05Z,2026-08-17T18:48:05Z,
176.97.114.8,ipv4,malicious-ip,medium,WHITE,ziyadnz/hourly-ipv4,ziyadnz|hourly,2026-08-17T18:48:05Z,2026-08-17T18:48:05Z,
176.97.124.44,ipv4,malicious-ip,medium,WHITE,ziyadnz/hourly-ipv4,ziyadnz|hourly,2026-08-17T18:48:05Z,2026-08-17T18:48:05Z,
176.97.210.211,ipv4,malicious-ip,medium,WHITE,ziyadnz/hourly-ipv4,ziyadnz|hourly,2026-08-17T18:48:05Z,2026-08-17T18:48:05Z,
176.97.251.240,ipv4,malicious-ip,medium,WHITE,ziyadnz/hourly-ipv4,ziyadnz|hourly,2026-08-17T18:48:05Z,2026-08-17T18:48:05Z,
176.97.63.218,ipv4,malicious-ip,medium,WHITE,ziyadnz/hourly-ipv4,ziyadnz|hourly,2026-08-17T18:48:05Z,2026-08-17T18:48:05Z,
176.97.67.81,ipv4,malicious-ip,medium,WHITE,ziyadnz/hourly-ipv4,ziyadnz|hourly,2026-08-17T18:48:05Z,2026-08-17T18:48:05Z,
176.98.11.29,ipv4,malicious-ip,medium,WHITE,ziyadnz/hourly-ipv4,ziyadnz|hourly,2026-08-17T18:48:05Z,2026-08-17T18:48:05Z,
176.98.11.85,ipv4,malicious-ip,medium,WHITE,ziyadnz/hourly-ipv4,ziyadnz|hourly,2026-08-17T18:48:05Z,2026-08-17T18:48:05Z,
176.98.13.44,ipv4,malicious-ip,medium,WHITE,ziyadnz/hourly-ipv4,ziyadnz|hourly,2026-08-17T18:48:05Z,2026-08-17T18:48:05Z,
176.98.155.63,ipv4,malicious-ip,medium,WHITE,ziyadnz/hourly-ipv4,ziyadnz|hourly,2026-08-17T18:48:05Z,2026-08-17T18:48:05Z,
176.98.189.18,ipv4,malicious-ip,medium,WHITE,ziyadnz/hourly-ipv4,ziyadnz|hourly,2026-08-17T18:48:05Z,2026-08-17T18:48:05Z,
176.98.21.102,ipv4,malicious-ip,medium,WHITE,ziyadnz/hourly-ipv4,ziyadnz|hourly,2026-08-17T18:48:05Z,2026-08-17T18:48:05Z,
176.98.21.185,ipv4,malicious-ip,medium,WHITE,ziyadnz/hourly-ipv4,ziyadnz|hourly,2026-08-17T18:48:05Z,2026-08-17T18:48:05Z,
176.98.21.246,ipv4,malicious-ip,medium,WHITE,ziyadnz/hourly-ipv4,ziyadnz|hourly,2026-08-17T18:48:05Z,2026-08-17T18:48:05Z,
176.98.23.160,ipv4,malicious-ip,medium,WHITE,ziyadnz/hourly-ipv4,ziyadnz|hourly,2026-08-17T18:48:05Z,2026-08-17T18:48:05Z,
176.98.25.154,ipv4,malicious-ip,medium,WHITE,ziyadnz/hourly-ipv4,ziyadnz|hourly,2026-08-17T18:48:05Z,2026-08-17T18:48:05Z,
176.98.31.206,ipv4,malicious-ip,medium,WHITE,ziyadnz/hourly-ipv4,ziyadnz|hourly,2026-08-17T18:48:05Z,2026-08-17T18:48:05Z,
176.98.41.211,ipv4,malicious-ip,medium,WHITE,ziyadnz/hourly-ipv4,ziyadnz|hourly,2026-08-17T18:48:05Z,2026-08-17T18:48:05Z,
176.98.8.196,ipv4,malicious-ip,medium,WHITE,ziyadnz/hourly-ipv4,ziyadnz|hourly,2026-08-17T18:48:05Z,2026-08-17T18:48:05Z,
176.98.8.71,ipv4,malicious-ip,medium,WHITE,ziyadnz/hourly-ipv4,ziyadnz|hourly,2026-08-17T18:48:05Z,2026-08-17T18:48:05Z,
176.99.138.210,ipv4,malicious-ip,medium,WHITE,ziyadnz/hourly-ipv4,ziyadnz|hourly,2026-08-17T18:48:05Z,2026-08-17T18:48:05Z,
176.99.182.226,ipv4,malicious-ip,medium,WHITE,ziyadnz/hourly-ipv4,ziyadnz|hourly,2026-08-17T18:48:05Z,2026-08-17T18:48:05Z,
176.99.98.20,ipv4,malicious-ip,medium,WHITE,ziyadnz/hourly-ipv4,ziyadnz|hourly,2026-08-17T18:48:05Z,2026-08-17T18:48:05Z,
177.0.155.88,ipv4,malicious-ip,medium,WHITE,ziyadnz/hourly-ipv4,ziyadnz|hourly,2026-08-17T18:48:05Z,2026-08-17T18:48:05Z,
177.0.236.145,ipv4,malicious-ip,medium,WHITE,ziyadnz/hourly-ipv4,ziyadnz|hourly,2026-08-17T18:48:05Z,2026-08-17T18:48:05Z,
177.0.3.39,ipv4,malicious-ip,medium,WHITE,ziyadnz/hourly-ipv4,ziyadnz|hourly,2026-08-17T18:48:05Z,2026-08-17T18:48:05Z,
177.10.10.250,ipv4,malicious-ip,medium,WHITE,ziyadnz/hourly-ipv4,ziyadnz|hourly,2026-08-17T18:48:05Z,2026-08-17T18:48:05Z,
177.10.108.233,ipv4,malicious-ip,medium,WHITE,ziyadnz/hourly-ipv4,ziyadnz|hourly,2026-08-17T18:48:05Z,2026-08-17T18:48:05Z,
177.10.117.164,ipv4,malicious-ip,medium,WHITE,ziyadnz/hourly-ipv4,ziyadnz|hourly,2026-08-17T18:48:05Z,2026-08-17T18:48:05Z,
177.10.13.234,ipv4,malicious-ip,medium,WHITE,ziyadnz/hourly-ipv4,ziyadnz|hourly,2026-08-17T18:48:05Z,2026-08-17T18:48:05Z,
177.10.136.32,ipv4,malicious-ip,medium,WHITE,ziyadnz/hourly-ipv4,ziyadnz|hourly,2026-08-17T18:48:05Z,2026-08-17T18:48:05Z,
177.10.139.2,ipv4,malicious-ip,medium,WHITE,ziyadnz/hourly-ipv4,ziyadnz|hourly,2026-08-17T18:48:05Z,2026-08-17T18:48:05Z,
177.10.139.32,ipv4,malicious-ip,medium,WHITE,ziyadnz/hourly-ipv4,ziyadnz|hourly,2026-08-17T18:48:05Z,2026-08-17T18:48:05Z,
177.10.139.50,ipv4,malicious-ip,medium,WHITE,ziyadnz/hourly-ipv4,ziyadnz|hourly,2026-08-17T18:48:05Z,2026-08-17T18:48:05Z,
177.10.161.241,ipv4,malicious-ip,medium,WHITE,ziyadnz/hourly-ipv4,ziyadnz|hourly,2026-08-17T18:48:05Z,2026-08-17T18:48:05Z,
177.10.192.197,ipv4,malicious-ip,medium,WHITE,ziyadnz/hourly-ipv4,ziyadnz|hourly,2026-08-17T18:48:05Z,2026-08-17T18:48:05Z,
177.10.201.11,ipv4,malicious-ip,medium,WHITE,ziyadnz/hourly-ipv4,ziyadnz|hourly,2026-08-17T18:48:05Z,2026-08-17T18:48:05Z,
177.10.203.106,ipv4,malicious-ip,medium,WHITE,ziyadnz/hourly-ipv4,ziyadnz|hourly,2026-08-17T18:48:05Z,2026-08-17T18:48:05Z,
177.10.214.72,ipv4,malicious-ip,medium,WHITE,ziyadnz/hourly-ipv4,ziyadnz|hourly,2026-08-17T18:48:05Z,2026-08-17T18:48:05Z,
177.10.215.132,ipv4,malicious-ip,medium,WHITE,ziyadnz/hourly-ipv4,ziyadnz|hourly,2026-08-17T18:48:05Z,2026-08-17T18:48:05Z,
177.10.47.142,ipv4,malicious-ip,medium,WHITE,ziyadnz/hourly-ipv4,ziyadnz|hourly,2026-08-17T18:48:05Z,2026-08-17T18:48:05Z,
177.10.59.208,ipv4,malicious-ip,medium,WHITE,ziyadnz/hourly-ipv4,ziyadnz|hourly,2026-08-17T18:48:05Z,2026-08-17T18:48:05Z,
177.10.73.149,ipv4,malicious-ip,medium,WHITE,ziyadnz/hourly-ipv4,ziyadnz|hourly,2026-08-17T18:48:05Z,2026-08-17T18:48:05Z,
177.100.174.51,ipv4,malicious-ip,medium,WHITE,ziyadnz/hourly-ipv4,ziyadnz|hourly,2026-08-17T18:48:05Z,2026-08-17T18:48:05Z,
177.101.148.194,ipv4,malicious-ip,medium,WHITE,ziyadnz/hourly-ipv4,ziyadnz|hourly,2026-08-17T18:48:05Z,2026-08-17T18:48:05Z,
177.101.43.211,ipv4,malicious-ip,medium,WHITE,ziyadnz/hourly-ipv4,ziyadnz|hourly,2026-08-17T18:48:05Z,2026-08-17T18:48:05Z,
177.102.135.73,ipv4,malicious-ip,medium,WHITE,ziyadnz/hourly-ipv4,ziyadnz|hourly,2026-08-17T18:48:05Z,2026-08-17T18:48:05Z,
177.102.231.11,ipv4,malicious-ip,medium,WHITE,ziyadnz/hourly-ipv4,ziyadnz|hourly,2026-08-17T18:48:05Z,2026-08-17T18:48:05Z,
177.102.81.198,ipv4,malicious-ip,medium,WHITE,ziyadnz/hourly-ipv4,ziyadnz|hourly,2026-08-17T18:48:05Z,2026-08-17T18:48:05Z,
177.103.120.97,ipv4,malicious-ip,medium,WHITE,ziyadnz/hourly-ipv4,ziyadnz|hourly,2026-08-17T18:48:05Z,2026-08-17T18:48:05Z,
177.103.49.206,ipv4,malicious-ip,medium,WHITE,ziyadnz/hourly-ipv4,ziyadnz|hourly,2026-08-17T18:48:05Z,2026-08-17T18:48:05Z,
177.104.174.71,ipv4,malicious-ip,medium,WHITE,ziyadnz/hourly-ipv4,ziyadnz|hourly,2026-08-17T18:48:05Z,2026-08-17T18:48:05Z,
177.104.180.43,ipv4,malicious-ip,medium,WHITE,ziyadnz/hourly-ipv4,ziyadnz|hourly,2026-08-17T18:48:05Z,2026-08-17T18:48:05Z,
177.104.199.78,ipv4,malicious-ip,medium,WHITE,ziyadnz/hourly-ipv4,ziyadnz|hourly,2026-08-17T18:48:05Z,2026-08-17T18:48:05Z,
177.104.242.120,ipv4,malicious-ip,medium,WHITE,ziyadnz/hourly-ipv4,ziyadnz|hourly,2026-08-17T18:48:05Z,2026-08-17T18:48:05Z,
177.104.29.42,ipv4,malicious-ip,medium,WHITE,ziyadnz/hourly-ipv4,ziyadnz|hourly,2026-08-17T18:48:05Z,2026-08-17T18:48:05Z,
177.105.113.143,ipv4,malicious-ip,medium,WHITE,ziyadnz/hourly-ipv4,ziyadnz|hourly,2026-08-17T18:48:05Z,2026-08-17T18:48:05Z,
177.105.119.190,ipv4,malicious-ip,medium,WHITE,ziyadnz/hourly-ipv4,ziyadnz|hourly,2026-08-17T18:48:05Z,2026-08-17T18:48:05Z,
177.105.216.202,ipv4,malicious-ip,medium,WHITE,ziyadnz/hourly-ipv4,ziyadnz|hourly,2026-08-17T18:48:05Z,2026-08-17T18:48:05Z,
177.106.188.244,ipv4,malicious-ip,medium,WHITE,ziyadnz/hourly-ipv4,ziyadnz|hourly,2026-08-17T18:48:05Z,2026-08-17T18:48:05Z,
177.106.63.30,ipv4,malicious-ip,medium,WHITE,ziyadnz/hourly-ipv4,ziyadnz|hourly,2026-08-17T18:48:05Z,2026-08-17T18:48:05Z,
177.106.63.82,ipv4,malicious-ip,medium,WHITE,ziyadnz/hourly-ipv4,ziyadnz|hourly,2026-08-17T18:48:05Z,2026-08-17T18:48:05Z,
177.106.91.17,ipv4,malicious-ip,medium,WHITE,ziyadnz/hourly-ipv4,ziyadnz|hourly,2026-08-17T18:48:05Z,2026-08-17T18:48:05Z,
177.107.123.154,ipv4,malicious-ip,medium,WHITE,ziyadnz/hourly-ipv4,ziyadnz|hourly,2026-08-17T18:48:05Z,2026-08-17T18:48:05Z,
177.107.123.78,ipv4,malicious-ip,medium,WHITE,ziyadnz/hourly-ipv4,ziyadnz|hourly,2026-08-17T18:48:05Z,2026-08-17T18:48:05Z,
177.107.183.109,ipv4,malicious-ip,medium,WHITE,ziyadnz/hourly-ipv4,ziyadnz|hourly,2026-08-17T18:48:05Z,2026-08-17T18:48:05Z,
177.107.233.74,ipv4,malicious-ip,medium,WHITE,ziyadnz/hourly-ipv4,ziyadnz|hourly,2026-08-17T18:48:05Z,2026-08-17T18:48:05Z,
177.107.236.1,ipv4,malicious-ip,medium,WHITE,ziyadnz/hourly-ipv4,ziyadnz|hourly,2026-08-17T18:48:05Z,2026-08-17T18:48:05Z,
177.107.39.139,ipv4,malicious-ip,medium,WHITE,ziyadnz/hourly-ipv4,ziyadnz|hourly,2026-08-17T18:48:05Z,2026-08-17T18:48:05Z,
177.107.97.181,ipv4,malicious-ip,medium,WHITE,ziyadnz/hourly-ipv4,ziyadnz|hourly,2026-08-17T18:48:05Z,2026-08-17T18:48:05Z,
177.11.191.244,ipv4,malicious-ip,medium,WHITE,ziyadnz/hourly-ipv4,ziyadnz|hourly,2026-08-17T18:48:05Z,2026-08-17T18:48:05Z,
177.11.191.248,ipv4,malicious-ip,medium,WHITE,ziyadnz/hourly-ipv4,ziyadnz|hourly,2026-08-17T18:48:05Z,2026-08-17T18:48:05Z,
177.11.196.79,ipv4,malicious-ip,medium,WHITE,ziyadnz/hourly-ipv4,ziyadnz|hourly,2026-08-17T18:48:05Z,2026-08-17T18:48:05Z,
177.11.196.84,ipv4,malicious-ip,medium,WHITE,ziyadnz/hourly-ipv4,ziyadnz|hourly,2026-08-17T18:48:05Z,2026-08-17T18:48:05Z,
177.11.203.9,ipv4,malicious-ip,medium,WHITE,ziyadnz/hourly-ipv4,ziyadnz|hourly,2026-08-17T18:48:05Z,2026-08-17T18:48:05Z,
177.11.251.22,ipv4,malicious-ip,medium,WHITE,ziyadnz/hourly-ipv4,ziyadnz|hourly,2026-08-17T18:48:05Z,2026-08-17T18:48:05Z,
177.11.251.54,ipv4,malicious-ip,medium,WHITE,ziyadnz/hourly-ipv4,ziyadnz|hourly,2026-08-17T18:48:05Z,2026-08-17T18:48:05Z,
177.11.251.78,ipv4,malicious-ip,medium,WHITE,ziyadnz/hourly-ipv4,ziyadnz|hourly,2026-08-17T18:48:05Z,2026-08-17T18:48:05Z,
177.11.32.252,ipv4,malicious-ip,medium,WHITE,ziyadnz/hourly-ipv4,ziyadnz|hourly,2026-08-17T18:48:05Z,2026-08-17T18:48:05Z,
177.11.48.227,ipv4,malicious-ip,medium,WHITE,ziyadnz/hourly-ipv4,ziyadnz|hourly,2026-08-17T18:48:05Z,2026-08-17T18:48:05Z,
177.11.5.18,ipv4,malicious-ip,medium,WHITE,ziyadnz/hourly-ipv4,ziyadnz|hourly,2026-08-17T18:48:05Z,2026-08-17T18:48:05Z,
177.11.55.250,ipv4,malicious-ip,medium,WHITE,ziyadnz/hourly-ipv4,ziyadnz|hourly,2026-08-17T18:48:05Z,2026-08-17T18:48:05Z,
177.112.179.142,ipv4,malicious-ip,medium,WHITE,ziyadnz/hourly-ipv4,ziyadnz|hourly,2026-08-17T18:48:05Z,2026-08-17T18:48:05Z,
177.112.187.216,ipv4,malicious-ip,medium,WHITE,ziyadnz/hourly-ipv4,ziyadnz|hourly,2026-08-17T18:48:05Z,2026-08-17T18:48:05Z,
177.118.158.14,ipv4,malicious-ip,medium,WHITE,ziyadnz/hourly-ipv4,ziyadnz|hourly,2026-08-17T18:48:05Z,2026-08-17T18:48:05Z,
177.12.116.171,ipv4,malicious-ip,medium,WHITE,ziyadnz/hourly-ipv4,ziyadnz|hourly,2026-08-17T18:48:05Z,2026-08-17T18:48:05Z,
177.12.182.214,ipv4,malicious-ip,medium,WHITE,ziyadnz/hourly-ipv4,ziyadnz|hourly,2026-08-17T18:48:05Z,2026-08-17T18:48:05Z,
177.12.198.5,ipv4,malicious-ip,medium,WHITE,ziyadnz/hourly-ipv4,ziyadnz|hourly,2026-08-17T18:48:05Z,2026-08-17T18:48:05Z,
177.12.98.124,ipv4,malicious-ip,medium,WHITE,ziyadnz/hourly-ipv4,ziyadnz|hourly,2026-08-17T18:48:05Z,2026-08-17T18:48:05Z,
177.12.98.20,ipv4,malicious-ip,medium,WHITE,ziyadnz/hourly-ipv4,ziyadnz|hourly,2026-08-17T18:48:05Z,2026-08-17T18:48:05Z,
177.124.11.132,ipv4,malicious-ip,medium,WHITE,ziyadnz/hourly-ipv4,ziyadnz|hourly,2026-08-17T18:48:05Z,2026-08-17T18:48:05Z,
177.124.11.63,ipv4,malicious-ip,medium,WHITE,ziyadnz/hourly-ipv4,ziyadnz|hourly,2026-08-17T18:48:05Z,2026-08-17T18:48:05Z,
177.124.11.92,ipv4,malicious-ip,medium,WHITE,ziyadnz/hourly-ipv4,ziyadnz|hourly,2026-08-17T18:48:05Z,2026-08-17T18:48:05Z,
177.124.14.196,ipv4,malicious-ip,medium,WHITE,ziyadnz/hourly-ipv4,ziyadnz|hourly,2026-08-17T18:48:05Z,2026-08-17T18:48:05Z,
177.124.14.210,ipv4,malicious-ip,medium,WHITE,ziyadnz/hourly-ipv4,ziyadnz|hourly,2026-08-17T18:48:05Z,2026-08-17T18:48:05Z,
177.124.14.223,ipv4,malicious-ip,medium,WHITE,ziyadnz/hourly-ipv4,ziyadnz|hourly,2026-08-17T18:48:05Z,2026-08-17T18:48:05Z,
177.124.14.237,ipv4,malicious-ip,medium,WHITE,ziyadnz/hourly-ipv4,ziyadnz|hourly,2026-08-17T18:48:05Z,2026-08-17T18:48:05Z,
177.124.14.5,ipv4,malicious-ip,medium,WHITE,ziyadnz/hourly-ipv4,ziyadnz|hourly,2026-08-17T18:48:05Z,2026-08-17T18:48:05Z,
177.124.14.72,ipv4,malicious-ip,medium,WHITE,ziyadnz/hourly-ipv4,ziyadnz|hourly,2026-08-17T18:48:05Z,2026-08-17T18:48:05Z,
177.124.149.11,ipv4,malicious-ip,medium,WHITE,ziyadnz/hourly-ipv4,ziyadnz|hourly,2026-08-17T18:48:05Z,2026-08-17T18:48:05Z,
177.124.15.130,ipv4,malicious-ip,medium,WHITE,ziyadnz/hourly-ipv4,ziyadnz|hourly,2026-08-17T18:48:05Z,2026-08-17T18:48:05Z,
177.124.15.55,ipv4,malicious-ip,medium,WHITE,ziyadnz/hourly-ipv4,ziyadnz|hourly,2026-08-17T18:48:05Z,2026-08-17T18:48:05Z,
177.124.154.15,ipv4,malicious-ip,medium,WHITE,ziyadnz/hourly-ipv4,ziyadnz|hourly,2026-08-17T18:48:05Z,2026-08-17T18:48:05Z,
177.124.21.131,ipv4,malicious-ip,medium,WHITE,ziyadnz/hourly-ipv4,ziyadnz|hourly,2026-08-17T18:48:05Z,2026-08-17T18:48:05Z,
177.124.3.106,ipv4,malicious-ip,medium,WHITE,ziyadnz/hourly-ipv4,ziyadnz|hourly,2026-08-17T18:48:05Z,2026-08-17T18:48:05Z,
177.124.34.99,ipv4,malicious-ip,medium,WHITE,ziyadnz/hourly-ipv4,ziyadnz|hourly,2026-08-17T18:48:05Z,2026-08-17T18:48:05Z,
177.124.74.27,ipv4,malicious-ip,medium,WHITE,ziyadnz/hourly-ipv4,ziyadnz|hourly,2026-08-17T18:48:05Z,2026-08-17T18:48:05Z,
177.125.105.240,ipv4,malicious-ip,medium,WHITE,ziyadnz/hourly-ipv4,ziyadnz|hourly,2026-08-17T18:48:05Z,2026-08-17T18:48:05Z,
177.125.172.182,ipv4,malicious-ip,medium,WHITE,ziyadnz/hourly-ipv4,ziyadnz|hourly,2026-08-17T18:48:05Z,2026-08-17T18:48:05Z,
177.125.173.110,ipv4,malicious-ip,medium,WHITE,ziyadnz/hourly-ipv4,ziyadnz|hourly,2026-08-17T18:48:05Z,2026-08-17T18:48:05Z,
177.125.247.95,ipv4,malicious-ip,medium,WHITE,ziyadnz/hourly-ipv4,ziyadnz|hourly,2026-08-17T18:48:05Z,2026-08-17T18:48:05Z,
177.126.10.220,ipv4,malicious-ip,medium,WHITE,ziyadnz/hourly-ipv4,ziyadnz|hourly,2026-08-17T18:48:05Z,2026-08-17T18:48:05Z,
177.126.17.199,ipv4,malicious-ip,medium,WHITE,ziyadnz/hourly-ipv4,ziyadnz|hourly,2026-08-17T18:48:05Z,2026-08-17T18:48:05Z,
177.126.18.18,ipv4,malicious-ip,medium,WHITE,ziyadnz/hourly-ipv4,ziyadnz|hourly,2026-08-17T18:48:05Z,2026-08-17T18:48:05Z,
177.126.18.197,ipv4,malicious-ip,medium,WHITE,ziyadnz/hourly-ipv4,ziyadnz|hourly,2026-08-17T18:48:05Z,2026-08-17T18:48:05Z,
177.126.21.172,ipv4,malicious-ip,medium,WHITE,ziyadnz/hourly-ipv4,ziyadnz|hourly,2026-08-17T18:48:05Z,2026-08-17T18:48:05Z,
177.126.221.2,ipv4,malicious-ip,medium,WHITE,ziyadnz/hourly-ipv4,ziyadnz|hourly,2026-08-17T18:48:05Z,2026-08-17T18:48:05Z,
177.126.221.7,ipv4,malicious-ip,medium,WHITE,ziyadnz/hourly-ipv4,ziyadnz|hourly,2026-08-17T18:48:05Z,2026-08-17T18:48:05Z,
177.126.222.97,ipv4,malicious-ip,medium,WHITE,ziyadnz/hourly-ipv4,ziyadnz|hourly,2026-08-17T18:48:05Z,2026-08-17T18:48:05Z,
177.126.223.26,ipv4,malicious-ip,medium,WHITE,ziyadnz/hourly-ipv4,ziyadnz|hourly,2026-08-17T18:48:05Z,2026-08-17T18:48:05Z,
177.126.84.211,ipv4,malicious-ip,medium,WHITE,ziyadnz/hourly-ipv4,ziyadnz|hourly,2026-08-17T18:48:05Z,2026-08-17T18:48:05Z,
177.127.118.62,ipv4,malicious-ip,medium,WHITE,ziyadnz/hourly-ipv4,ziyadnz|hourly,2026-08-17T18:48:05Z,2026-08-17T18:48:05Z,
177.127.8.100,ipv4,malicious-ip,medium,WHITE,ziyadnz/hourly-ipv4,ziyadnz|hourly,2026-08-17T18:48:05Z,2026-08-17T18:48:05Z,
177.128.109.205,ipv4,malicious-ip,medium,WHITE,ziyadnz/hourly-ipv4,ziyadnz|hourly,2026-08-17T18:48:05Z,2026-08-17T18:48:05Z,
177.128.176.237,ipv4,malicious-ip,medium,WHITE,ziyadnz/hourly-ipv4,ziyadnz|hourly,2026-08-17T18:48:05Z,2026-08-17T18:48:05Z,
177.128.212.60,ipv4,malicious-ip,medium,WHITE,ziyadnz/hourly-ipv4,ziyadnz|hourly,2026-08-17T18:48:05Z,2026-08-17T18:48:05Z,
177.128.224.122,ipv4,malicious-ip,medium,WHITE,ziyadnz/hourly-ipv4,ziyadnz|hourly,2026-08-17T18:48:05Z,2026-08-17T18:48:05Z,
177.128.5.52,ipv4,malicious-ip,medium,WHITE,ziyadnz/hourly-ipv4,ziyadnz|hourly,2026-08-17T18:48:05Z,2026-08-17T18:48:05Z,
177.128.66.15,ipv4,malicious-ip,medium,WHITE,ziyadnz/hourly-ipv4,ziyadnz|hourly,2026-08-17T18:48:05Z,2026-08-17T18:48:05Z,
177.128.81.65,ipv4,malicious-ip,medium,WHITE,ziyadnz/hourly-ipv4,ziyadnz|hourly,2026-08-17T18:48:05Z,2026-08-17T18:48:05Z,
177.129.131.231,ipv4,malicious-ip,medium,WHITE,ziyadnz/hourly-ipv4,ziyadnz|hourly,2026-08-17T18:48:05Z,2026-08-17T18:48:05Z,
177.129.206.7,ipv4,malicious-ip,medium,WHITE,ziyadnz/hourly-ipv4,ziyadnz|hourly,2026-08-17T18:48:05Z,2026-08-17T18:48:05Z,
177.129.209.233,ipv4,malicious-ip,medium,WHITE,ziyadnz/hourly-ipv4,ziyadnz|hourly,2026-08-17T18:48:05Z,2026-08-17T18:48:05Z,
177.129.25.252,ipv4,malicious-ip,medium,WHITE,ziyadnz/hourly-ipv4,ziyadnz|hourly,2026-08-17T18:48:05Z,2026-08-17T18:48:05Z,
177.130.118.41,ipv4,malicious-ip,medium,WHITE,ziyadnz/hourly-ipv4,ziyadnz|hourly,2026-08-17T18:48:05Z,2026-08-17T18:48:05Z,
177.130.118.50,ipv4,malicious-ip,medium,WHITE,ziyadnz/hourly-ipv4,ziyadnz|hourly,2026-08-17T18:48:05Z,2026-08-17T18:48:05Z,
177.130.118.51,ipv4,malicious-ip,medium,WHITE,ziyadnz/hourly-ipv4,ziyadnz|hourly,2026-08-17T18:48:05Z,2026-08-17T18:48:05Z,
177.130.136.35,ipv4,malicious-ip,medium,WHITE,ziyadnz/hourly-ipv4,ziyadnz|hourly,2026-08-17T18:48:05Z,2026-08-17T18:48:05Z,
177.130.168.0,ipv4,malicious-ip,medium,WHITE,ziyadnz/hourly-ipv4,ziyadnz|hourly,2026-08-17T18:48:05Z,2026-08-17T18:48:05Z,
177.130.168.14,ipv4,malicious-ip,medium,WHITE,ziyadnz/hourly-ipv4,ziyadnz|hourly,2026-08-17T18:48:05Z,2026-08-17T18:48:05Z,
177.130.168.24,ipv4,malicious-ip,medium,WHITE,ziyadnz/hourly-ipv4,ziyadnz|hourly,2026-08-17T18:48:05Z,2026-08-17T18:48:05Z,
177.130.169.199,ipv4,malicious-ip,medium,WHITE,ziyadnz/hourly-ipv4,ziyadnz|hourly,2026-08-17T18:48:05Z,2026-08-17T18:48:05Z,
177.130.170.176,ipv4,malicious-ip,medium,WHITE,ziyadnz/hourly-ipv4,ziyadnz|hourly,2026-08-17T18:48:05Z,2026-08-17T18:48:05Z,
177.130.171.4,ipv4,malicious-ip,medium,WHITE,ziyadnz/hourly-ipv4,ziyadnz|hourly,2026-08-17T18:48:05Z,2026-08-17T18:48:05Z,
177.130.171.57,ipv4,malicious-ip,medium,WHITE,ziyadnz/hourly-ipv4,ziyadnz|hourly,2026-08-17T18:48:05Z,2026-08-17T18:48:05Z,
177.130.171.87,ipv4,malicious-ip,medium,WHITE,ziyadnz/hourly-ipv4,ziyadnz|hourly,2026-08-17T18:48:05Z,2026-08-17T18:48:05Z,
177.130.180.170,ipv4,malicious-ip,medium,WHITE,ziyadnz/hourly-ipv4,ziyadnz|hourly,2026-08-17T18:48:05Z,2026-08-17T18:48:05Z,
177.130.182.203,ipv4,malicious-ip,medium,WHITE,ziyadnz/hourly-ipv4,ziyadnz|hourly,2026-08-17T18:48:05Z,2026-08-17T18:48:05Z,
177.131.164.163,ipv4,malicious-ip,medium,WHITE,ziyadnz/hourly-ipv4,ziyadnz|hourly,2026-08-17T18:48:05Z,2026-08-17T18:48:05Z,
177.131.164.251,ipv4,malicious-ip,medium,WHITE,ziyadnz/hourly-ipv4,ziyadnz|hourly,2026-08-17T18:48:05Z,2026-08-17T18:48:05Z,
177.131.164.74,ipv4,malicious-ip,medium,WHITE,ziyadnz/hourly-ipv4,ziyadnz|hourly,2026-08-17T18:48:05Z,2026-08-17T18:48:05Z,
177.131.175.125,ipv4,malicious-ip,medium,WHITE,ziyadnz/hourly-ipv4,ziyadnz|hourly,2026-08-17T18:48:05Z,2026-08-17T18:48:05Z,
177.131.175.29,ipv4,malicious-ip,medium,WHITE,ziyadnz/hourly-ipv4,ziyadnz|hourly,2026-08-17T18:48:05Z,2026-08-17T18:48:05Z,
177.131.19.199,ipv4,malicious-ip,medium,WHITE,ziyadnz/hourly-ipv4,ziyadnz|hourly,2026-08-17T18:48:05Z,2026-08-17T18:48:05Z,
177.131.19.48,ipv4,malicious-ip,medium,WHITE,ziyadnz/hourly-ipv4,ziyadnz|hourly,2026-08-17T18:48:05Z,2026-08-17T18:48:05Z,
177.131.64.201,ipv4,malicious-ip,medium,WHITE,ziyadnz/hourly-ipv4,ziyadnz|hourly,2026-08-17T18:48:05Z,2026-08-17T18:48:05Z,
177.131.67.249,ipv4,malicious-ip,medium,WHITE,ziyadnz/hourly-ipv4,ziyadnz|hourly,2026-08-17T18:48:05Z,2026-08-17T18:48:05Z,
177.131.79.232,ipv4,malicious-ip,medium,WHITE,ziyadnz/hourly-ipv4,ziyadnz|hourly,2026-08-17T18:48:05Z,2026-08-17T18:48:05Z,
177.131.93.92,ipv4,malicious-ip,medium,WHITE,ziyadnz/hourly-ipv4,ziyadnz|hourly,2026-08-17T18:48:05Z,2026-08-17T18:48:05Z,
177.135.13.140,ipv4,malicious-ip,medium,WHITE,ziyadnz/hourly-ipv4,ziyadnz|hourly,2026-08-17T18:48:05Z,2026-08-17T18:48:05Z,
177.136.168.41,ipv4,malicious-ip,medium,WHITE,ziyadnz/hourly-ipv4,ziyadnz|hourly,2026-08-17T18:48:05Z,2026-08-17T18:48:05Z,
177.136.206.71,ipv4,malicious-ip,medium,WHITE,ziyadnz/hourly-ipv4,ziyadnz|hourly,2026-08-17T18:48:05Z,2026-08-17T18:48:05Z,
177.136.225.135,ipv4,malicious-ip,medium,WHITE,ziyadnz/hourly-ipv4,ziyadnz|hourly,2026-08-17T18:48:05Z,2026-08-17T18:48:05Z,
177.136.228.100,ipv4,malicious-ip,medium,WHITE,ziyadnz/hourly-ipv4,ziyadnz|hourly,2026-08-17T18:48:05Z,2026-08-17T18:48:05Z,
177.136.34.21,ipv4,malicious-ip,medium,WHITE,ziyadnz/hourly-ipv4,ziyadnz|hourly,2026-08-17T18:48:05Z,2026-08-17T18:48:05Z,
177.136.41.100,ipv4,malicious-ip,medium,WHITE,ziyadnz/hourly-ipv4,ziyadnz|hourly,2026-08-17T18:48:05Z,2026-08-17T18:48:05Z,
177.137.0.50,ipv4,malicious-ip,medium,WHITE,ziyadnz/hourly-ipv4,ziyadnz|hourly,2026-08-17T18:48:05Z,2026-08-17T18:48:05Z,
177.137.1.101,ipv4,malicious-ip,medium,WHITE,ziyadnz/hourly-ipv4,ziyadnz|hourly,2026-08-17T18:48:05Z,2026-08-17T18:48:05Z,
177.137.102.141,ipv4,malicious-ip,medium,WHITE,ziyadnz/hourly-ipv4,ziyadnz|hourly,2026-08-17T18:48:05Z,2026-08-17T18:48:05Z,
177.137.118.70,ipv4,malicious-ip,medium,WHITE,ziyadnz/hourly-ipv4,ziyadnz|hourly,2026-08-17T18:48:05Z,2026-08-17T18:48:05Z,
177.137.144.204,ipv4,malicious-ip,medium,WHITE,ziyadnz/hourly-ipv4,ziyadnz|hourly,2026-08-17T18:48:05Z,2026-08-17T18:48:05Z,
177.137.16.37,ipv4,malicious-ip,medium,WHITE,ziyadnz/hourly-ipv4,ziyadnz|hourly,2026-08-17T18:48:05Z,2026-08-17T18:48:05Z,
177.137.204.245,ipv4,malicious-ip,medium,WHITE,ziyadnz/hourly-ipv4,ziyadnz|hourly,2026-08-17T18:48:05Z,2026-08-17T18:48:05Z,
177.137.254.108,ipv4,malicious-ip,medium,WHITE,ziyadnz/hourly-ipv4,ziyadnz|hourly,2026-08-17T18:48:05Z,2026-08-17T18:48:05Z,
177.137.4.165,ipv4,malicious-ip,medium,WHITE,ziyadnz/hourly-ipv4,ziyadnz|hourly,2026-08-17T18:48:05Z,2026-08-17T18:48:05Z,
177.137.47.119,ipv4,malicious-ip,medium,WHITE,ziyadnz/hourly-ipv4,ziyadnz|hourly,2026-08-17T18:48:05Z,2026-08-17T18:48:05Z,
177.137.5.34,ipv4,malicious-ip,medium,WHITE,ziyadnz/hourly-ipv4,ziyadnz|hourly,2026-08-17T18:48:05Z,2026-08-17T18:48:05Z,
177.137.5.49,ipv4,malicious-ip,medium,WHITE,ziyadnz/hourly-ipv4,ziyadnz|hourly,2026-08-17T18:48:05Z,2026-08-17T18:48:05Z,
177.137.82.96,ipv4,malicious-ip,medium,WHITE,ziyadnz/hourly-ipv4,ziyadnz|hourly,2026-08-17T18:48:05Z,2026-08-17T18:48:05Z,
177.139.103.118,ipv4,malicious-ip,medium,WHITE,ziyadnz/hourly-ipv4,ziyadnz|hourly,2026-08-17T18:48:05Z,2026-08-17T18:48:05Z,
177.139.25.231,ipv4,malicious-ip,medium,WHITE,ziyadnz/hourly-ipv4,ziyadnz|hourly,2026-08-17T18:48:05Z,2026-08-17T18:48:05Z,
177.139.44.38,ipv4,malicious-ip,medium,WHITE,ziyadnz/hourly-ipv4,ziyadnz|hourly,2026-08-17T18:48:05Z,2026-08-17T18:48:05Z,
177.140.105.183,ipv4,malicious-ip,medium,WHITE,ziyadnz/hourly-ipv4,ziyadnz|hourly,2026-08-17T18:48:05Z,2026-08-17T18:48:05Z,
177.140.107.28,ipv4,malicious-ip,medium,WHITE,ziyadnz/hourly-ipv4,ziyadnz|hourly,2026-08-17T18:48:05Z,2026-08-17T18:48:05Z,
177.140.12.56,ipv4,malicious-ip,medium,WHITE,ziyadnz/hourly-ipv4,ziyadnz|hourly,2026-08-17T18:48:05Z,2026-08-17T18:48:05Z,
177.140.13.23,ipv4,malicious-ip,medium,WHITE,ziyadnz/hourly-ipv4,ziyadnz|hourly,2026-08-17T18:48:05Z,2026-08-17T18:48:05Z,
177.140.13.84,ipv4,malicious-ip,medium,WHITE,ziyadnz/hourly-ipv4,ziyadnz|hourly,2026-08-17T18:48:05Z,2026-08-17T18:48:05Z,
177.141.165.64,ipv4,malicious-ip,medium,WHITE,ziyadnz/hourly-ipv4,ziyadnz|hourly,2026-08-17T18:48:05Z,2026-08-17T18:48:05Z,
177.141.167.170,ipv4,malicious-ip,medium,WHITE,ziyadnz/hourly-ipv4,ziyadnz|hourly,2026-08-17T18:48:05Z,2026-08-17T18:48:05Z,
177.141.174.196,ipv4,malicious-ip,medium,WHITE,ziyadnz/hourly-ipv4,ziyadnz|hourly,2026-08-17T18:48:05Z,2026-08-17T18:48:05Z,
177.141.8.174,ipv4,malicious-ip,medium,WHITE,ziyadnz/hourly-ipv4,ziyadnz|hourly,2026-08-17T18:48:05Z,2026-08-17T18:48:05Z,
177.142.42.19,ipv4,malicious-ip,medium,WHITE,ziyadnz/hourly-ipv4,ziyadnz|hourly,2026-08-17T18:48:05Z,2026-08-17T18:48:05Z,
177.142.73.177,ipv4,malicious-ip,medium,WHITE,ziyadnz/hourly-ipv4,ziyadnz|hourly,2026-08-17T18:48:05Z,2026-08-17T18:48:05Z,
177.143.11.77,ipv4,malicious-ip,medium,WHITE,ziyadnz/hourly-ipv4,ziyadnz|hourly,2026-08-17T18:48:05Z,2026-08-17T18:48:05Z,
177.143.208.174,ipv4,malicious-ip,medium,WHITE,ziyadnz/hourly-ipv4,ziyadnz|hourly,2026-08-17T18:48:05Z,2026-08-17T18:48:05Z,
177.143.40.98,ipv4,malicious-ip,medium,WHITE,ziyadnz/hourly-ipv4,ziyadnz|hourly,2026-08-17T18:48:05Z,2026-08-17T18:48:05Z,
177.144.97.199,ipv4,malicious-ip,medium,WHITE,ziyadnz/hourly-ipv4,ziyadnz|hourly,2026-08-17T18:48:05Z,2026-08-17T18:48:05Z,
177.145.202.219,ipv4,malicious-ip,medium,WHITE,ziyadnz/hourly-ipv4,ziyadnz|hourly,2026-08-17T18:48:05Z,2026-08-17T18:48:05Z,
177.148.175.229,ipv4,malicious-ip,medium,WHITE,ziyadnz/hourly-ipv4,ziyadnz|hourly,2026-08-17T18:48:05Z,2026-08-17T18:48:05Z,
177.148.216.19,ipv4,malicious-ip,medium,WHITE,ziyadnz/hourly-ipv4,ziyadnz|hourly,2026-08-17T18:48:05Z,2026-08-17T18:48:05Z,
177.148.255.217,ipv4,malicious-ip,medium,WHITE,ziyadnz/hourly-ipv4,ziyadnz|hourly,2026-08-17T18:48:05Z,2026-08-17T18:48:05Z,
177.152.114.174,ipv4,malicious-ip,medium,WHITE,ziyadnz/hourly-ipv4,ziyadnz|hourly,2026-08-17T18:48:05Z,2026-08-17T18:48:05Z,
177.152.114.190,ipv4,malicious-ip,medium,WHITE,ziyadnz/hourly-ipv4,ziyadnz|hourly,2026-08-17T18:48:05Z,2026-08-17T18:48:05Z,
177.152.143.101,ipv4,malicious-ip,medium,WHITE,ziyadnz/hourly-ipv4,ziyadnz|hourly,2026-08-17T18:48:05Z,2026-08-17T18:48:05Z,
177.152.154.243,ipv4,malicious-ip,medium,WHITE,ziyadnz/hourly-ipv4,ziyadnz|hourly,2026-08-17T18:48:05Z,2026-08-17T18:48:05Z,
177.152.20.146,ipv4,malicious-ip,medium,WHITE,ziyadnz/hourly-ipv4,ziyadnz|hourly,2026-08-17T18:48:05Z,2026-08-17T18:48:05Z,
177.152.20.205,ipv4,malicious-ip,medium,WHITE,ziyadnz/hourly-ipv4,ziyadnz|hourly,2026-08-17T18:48:05Z,2026-08-17T18:48:05Z,
177.152.23.126,ipv4,malicious-ip,medium,WHITE,ziyadnz/hourly-ipv4,ziyadnz|hourly,2026-08-17T18:48:05Z,2026-08-17T18:48:05Z,
177.152.30.108,ipv4,malicious-ip,medium,WHITE,ziyadnz/hourly-ipv4,ziyadnz|hourly,2026-08-17T18:48:05Z,2026-08-17T18:48:05Z,
177.152.30.163,ipv4,malicious-ip,medium,WHITE,ziyadnz/hourly-ipv4,ziyadnz|hourly,2026-08-17T18:48:05Z,2026-08-17T18:48:05Z,
177.152.42.12,ipv4,malicious-ip,medium,WHITE,ziyadnz/hourly-ipv4,ziyadnz|hourly,2026-08-17T18:48:05Z,2026-08-17T18:48:05Z,
177.152.82.196,ipv4,malicious-ip,medium,WHITE,ziyadnz/hourly-ipv4,ziyadnz|hourly,2026-08-17T18:48:05Z,2026-08-17T18:48:05Z,
177.152.82.213,ipv4,malicious-ip,medium,WHITE,ziyadnz/hourly-ipv4,ziyadnz|hourly,2026-08-17T18:48:05Z,2026-08-17T18:48:05Z,
177.152.82.73,ipv4,malicious-ip,medium,WHITE,ziyadnz/hourly-ipv4,ziyadnz|hourly,2026-08-17T18:48:05Z,2026-08-17T18:48:05Z,
177.152.87.56,ipv4,malicious-ip,medium,WHITE,ziyadnz/hourly-ipv4,ziyadnz|hourly,2026-08-17T18:48:05Z,2026-08-17T18:48:05Z,
177.153.194.58,ipv4,malicious-ip,medium,WHITE,ziyadnz/hourly-ipv4,ziyadnz|hourly,2026-08-17T18:48:05Z,2026-08-17T18:48:05Z,
177.153.69.126,ipv4,malicious-ip,medium,WHITE,ziyadnz/hourly-ipv4,ziyadnz|hourly,2026-08-17T18:48:05Z,2026-08-17T18:48:05Z,
177.154.172.19,ipv4,malicious-ip,medium,WHITE,ziyadnz/hourly-ipv4,ziyadnz|hourly,2026-08-17T18:48:05Z,2026-08-17T18:48:05Z,
177.154.172.20,ipv4,malicious-ip,medium,WHITE,ziyadnz/hourly-ipv4,ziyadnz|hourly,2026-08-17T18:48:05Z,2026-08-17T18:48:05Z,
177.154.231.246,ipv4,malicious-ip,medium,WHITE,ziyadnz/hourly-ipv4,ziyadnz|hourly,2026-08-17T18:48:05Z,2026-08-17T18:48:05Z,
177.155.135.23,ipv4,malicious-ip,medium,WHITE,ziyadnz/hourly-ipv4,ziyadnz|hourly,2026-08-17T18:48:05Z,2026-08-17T18:48:05Z,
177.155.151.77,ipv4,malicious-ip,medium,WHITE,ziyadnz/hourly-ipv4,ziyadnz|hourly,2026-08-17T18:48:05Z,2026-08-17T18:48:05Z,
177.155.186.129,ipv4,malicious-ip,medium,WHITE,ziyadnz/hourly-ipv4,ziyadnz|hourly,2026-08-17T18:48:05Z,2026-08-17T18:48:05Z,
177.155.227.20,ipv4,malicious-ip,medium,WHITE,ziyadnz/hourly-ipv4,ziyadnz|hourly,2026-08-17T18:48:05Z,2026-08-17T18:48:05Z,
177.156.57.132,ipv4,malicious-ip,medium,WHITE,ziyadnz/hourly-ipv4,ziyadnz|hourly,2026-08-17T18:48:05Z,2026-08-17T18:48:05Z,
177.156.60.27,ipv4,malicious-ip,medium,WHITE,ziyadnz/hourly-ipv4,ziyadnz|hourly,2026-08-17T18:48:05Z,2026-08-17T18:48:05Z,
177.156.83.240,ipv4,malicious-ip,medium,WHITE,ziyadnz/hourly-ipv4,ziyadnz|hourly,2026-08-17T18:48:05Z,2026-08-17T18:48:05Z,
177.157.128.147,ipv4,malicious-ip,medium,WHITE,ziyadnz/hourly-ipv4,ziyadnz|hourly,2026-08-17T18:48:05Z,2026-08-17T18:48:05Z,
177.157.201.238,ipv4,malicious-ip,medium,WHITE,ziyadnz/hourly-ipv4,ziyadnz|hourly,2026-08-17T18:48:05Z,2026-08-17T18:48:05Z,
177.158.54.178,ipv4,malicious-ip,medium,WHITE,ziyadnz/hourly-ipv4,ziyadnz|hourly,2026-08-17T18:48:05Z,2026-08-17T18:48:05Z,
177.159.146.6,ipv4,malicious-ip,medium,WHITE,ziyadnz/hourly-ipv4,ziyadnz|hourly,2026-08-17T18:48:05Z,2026-08-17T18:48:05Z,
177.159.79.150,ipv4,malicious-ip,medium,WHITE,ziyadnz/hourly-ipv4,ziyadnz|hourly,2026-08-17T18:48:05Z,2026-08-17T18:48:05Z,
177.16.244.39,ipv4,malicious-ip,medium,WHITE,ziyadnz/hourly-ipv4,ziyadnz|hourly,2026-08-17T18:48:05Z,2026-08-17T18:48:05Z,
177.16.33.62,ipv4,malicious-ip,medium,WHITE,ziyadnz/hourly-ipv4,ziyadnz|hourly,2026-08-17T18:48:05Z,2026-08-17T18:48:05Z,
177.16.33.86,ipv4,malicious-ip,medium,WHITE,ziyadnz/hourly-ipv4,ziyadnz|hourly,2026-08-17T18:48:05Z,2026-08-17T18:48:05Z,
177.16.36.151,ipv4,malicious-ip,medium,WHITE,ziyadnz/hourly-ipv4,ziyadnz|hourly,2026-08-17T18:48:05Z,2026-08-17T18:48:05Z,
177.161.129.168,ipv4,malicious-ip,medium,WHITE,ziyadnz/hourly-ipv4,ziyadnz|hourly,2026-08-17T18:48:05Z,2026-08-17T18:48:05Z,
177.17.19.117,ipv4,malicious-ip,medium,WHITE,ziyadnz/hourly-ipv4,ziyadnz|hourly,2026-08-17T18:48:05Z,2026-08-17T18:48:05Z,
177.17.92.158,ipv4,malicious-ip,medium,WHITE,ziyadnz/hourly-ipv4,ziyadnz|hourly,2026-08-17T18:48:05Z,2026-08-17T18:48:05Z,
177.170.10.109,ipv4,malicious-ip,medium,WHITE,ziyadnz/hourly-ipv4,ziyadnz|hourly,2026-08-17T18:48:05Z,2026-08-17T18:48:05Z,
177.170.183.148,ipv4,malicious-ip,medium,WHITE,ziyadnz/hourly-ipv4,ziyadnz|hourly,2026-08-17T18:48:05Z,2026-08-17T18:48:05Z,
177.170.200.112,ipv4,malicious-ip,medium,WHITE,ziyadnz/hourly-ipv4,ziyadnz|hourly,2026-08-17T18:48:05Z,2026-08-17T18:48:05Z,
177.170.74.191,ipv4,malicious-ip,medium,WHITE,ziyadnz/hourly-ipv4,ziyadnz|hourly,2026-08-17T18:48:05Z,2026-08-17T18:48:05Z,
177.171.65.9,ipv4,malicious-ip,medium,WHITE,ziyadnz/hourly-ipv4,ziyadnz|hourly,2026-08-17T18:48:05Z,2026-08-17T18:48:05Z,
177.172.144.34,ipv4,malicious-ip,medium,WHITE,ziyadnz/hourly-ipv4,ziyadnz|hourly,2026-08-17T18:48:05Z,2026-08-17T18:48:05Z,
177.172.215.20,ipv4,malicious-ip,medium,WHITE,ziyadnz/hourly-ipv4,ziyadnz|hourly,2026-08-17T18:48:05Z,2026-08-17T18:48:05Z,
177.172.26.188,ipv4,malicious-ip,medium,WHITE,ziyadnz/hourly-ipv4,ziyadnz|hourly,2026-08-17T18:48:05Z,2026-08-17T18:48:05Z,
177.172.67.233,ipv4,malicious-ip,medium,WHITE,ziyadnz/hourly-ipv4,ziyadnz|hourly,2026-08-17T18:48:05Z,2026-08-17T18:48:05Z,
177.174.125.183,ipv4,malicious-ip,medium,WHITE,ziyadnz/hourly-ipv4,ziyadnz|hourly,2026-08-17T18:48:05Z,2026-08-17T18:48:05Z,
177.177.116.102,ipv4,malicious-ip,medium,WHITE,ziyadnz/hourly-ipv4,ziyadnz|hourly,2026-08-17T18:48:05Z,2026-08-17T18:48:05Z,
177.18.141.111,ipv4,malicious-ip,medium,WHITE,ziyadnz/hourly-ipv4,ziyadnz|hourly,2026-08-17T18:48:05Z,2026-08-17T18:48:05Z,
177.181.0.125,ipv4,malicious-ip,medium,WHITE,ziyadnz/hourly-ipv4,ziyadnz|hourly,2026-08-17T18:48:05Z,2026-08-17T18:48:05Z,
177.181.1.123,ipv4,malicious-ip,medium,WHITE,ziyadnz/hourly-ipv4,ziyadnz|hourly,2026-08-17T18:48:05Z,2026-08-17T18:48:05Z,
177.181.1.53,ipv4,malicious-ip,medium,WHITE,ziyadnz/hourly-ipv4,ziyadnz|hourly,2026-08-17T18:48:05Z,2026-08-17T18:48:05Z,
177.181.236.139,ipv4,malicious-ip,medium,WHITE,ziyadnz/hourly-ipv4,ziyadnz|hourly,2026-08-17T18:48:05Z,2026-08-17T18:48:05Z,
177.181.238.85,ipv4,malicious-ip,medium,WHITE,ziyadnz/hourly-ipv4,ziyadnz|hourly,2026-08-17T18:48:05Z,2026-08-17T18:48:05Z,
177.181.5.146,ipv4,malicious-ip,medium,WHITE,ziyadnz/hourly-ipv4,ziyadnz|hourly,2026-08-17T18:48:05Z,2026-08-17T18:48:05Z,
177.181.6.35,ipv4,malicious-ip,medium,WHITE,ziyadnz/hourly-ipv4,ziyadnz|hourly,2026-08-17T18:48:05Z,2026-08-17T18:48:05Z,
177.182.0.60,ipv4,malicious-ip,medium,WHITE,ziyadnz/hourly-ipv4,ziyadnz|hourly,2026-08-17T18:48:05Z,2026-08-17T18:48:05Z,
177.182.102.118,ipv4,malicious-ip,medium,WHITE,ziyadnz/hourly-ipv4,ziyadnz|hourly,2026-08-17T18:48:05Z,2026-08-17T18:48:05Z,
177.182.129.140,ipv4,malicious-ip,medium,WHITE,ziyadnz/hourly-ipv4,ziyadnz|hourly,2026-08-17T18:48:05Z,2026-08-17T18:48:05Z,
177.182.13.47,ipv4,malicious-ip,medium,WHITE,ziyadnz/hourly-ipv4,ziyadnz|hourly,2026-08-17T18:48:05Z,2026-08-17T18:48:05Z,
177.182.222.175,ipv4,malicious-ip,medium,WHITE,ziyadnz/hourly-ipv4,ziyadnz|hourly,2026-08-17T18:48:05Z,2026-08-17T18:48:05Z,
177.182.7.54,ipv4,malicious-ip,medium,WHITE,ziyadnz/hourly-ipv4,ziyadnz|hourly,2026-08-17T18:48:05Z,2026-08-17T18:48:05Z,
177.183.215.82,ipv4,malicious-ip,medium,WHITE,ziyadnz/hourly-ipv4,ziyadnz|hourly,2026-08-17T18:48:05Z,2026-08-17T18:48:05Z,
177.183.238.229,ipv4,malicious-ip,medium,WHITE,ziyadnz/hourly-ipv4,ziyadnz|hourly,2026-08-17T18:48:05Z,2026-08-17T18:48:05Z,
177.184.101.138,ipv4,malicious-ip,medium,WHITE,ziyadnz/hourly-ipv4,ziyadnz|hourly,2026-08-17T18:48:05Z,2026-08-17T18:48:05Z,
177.184.104.88,ipv4,malicious-ip,medium,WHITE,ziyadnz/hourly-ipv4,ziyadnz|hourly,2026-08-17T18:48:05Z,2026-08-17T18:48:05Z,
177.184.148.21,ipv4,malicious-ip,medium,WHITE,ziyadnz/hourly-ipv4,ziyadnz|hourly,2026-08-17T18:48:05Z,2026-08-17T18:48:05Z,
177.184.152.236,ipv4,malicious-ip,medium,WHITE,ziyadnz/hourly-ipv4,ziyadnz|hourly,2026-08-17T18:48:05Z,2026-08-17T18:48:05Z,
177.184.223.84,ipv4,malicious-ip,medium,WHITE,ziyadnz/hourly-ipv4,ziyadnz|hourly,2026-08-17T18:48:05Z,2026-08-17T18:48:05Z,
177.184.225.49,ipv4,malicious-ip,medium,WHITE,ziyadnz/hourly-ipv4,ziyadnz|hourly,2026-08-17T18:48:05Z,2026-08-17T18:48:05Z,
177.184.239.252,ipv4,malicious-ip,medium,WHITE,ziyadnz/hourly-ipv4,ziyadnz|hourly,2026-08-17T18:48:05Z,2026-08-17T18:48:05Z,
177.184.74.113,ipv4,malicious-ip,medium,WHITE,ziyadnz/hourly-ipv4,ziyadnz|hourly,2026-08-17T18:48:05Z,2026-08-17T18:48:05Z,
177.185.116.106,ipv4,malicious-ip,medium,WHITE,ziyadnz/hourly-ipv4,ziyadnz|hourly,2026-08-17T18:48:05Z,2026-08-17T18:48:05Z,
177.185.141.93,ipv4,malicious-ip,medium,WHITE,ziyadnz/hourly-ipv4,ziyadnz|hourly,2026-08-17T18:48:05Z,2026-08-17T18:48:05Z,
177.185.158.109,ipv4,malicious-ip,medium,WHITE,ziyadnz/hourly-ipv4,ziyadnz|hourly,2026-08-17T18:48:05Z,2026-08-17T18:48:05Z,
177.185.21.198,ipv4,malicious-ip,medium,WHITE,ziyadnz/hourly-ipv4,ziyadnz|hourly,2026-08-17T18:48:05Z,2026-08-17T18:48:05Z,
177.185.220.43,ipv4,malicious-ip,medium,WHITE,ziyadnz/hourly-ipv4,ziyadnz|hourly,2026-08-17T18:48:05Z,2026-08-17T18:48:05Z,
177.185.242.27,ipv4,malicious-ip,medium,WHITE,ziyadnz/hourly-ipv4,ziyadnz|hourly,2026-08-17T18:48:05Z,2026-08-17T18:48:05Z,
177.185.44.39,ipv4,malicious-ip,medium,WHITE,ziyadnz/hourly-ipv4,ziyadnz|hourly,2026-08-17T18:48:05Z,2026-08-17T18:48:05Z,
177.185.45.134,ipv4,malicious-ip,medium,WHITE,ziyadnz/hourly-ipv4,ziyadnz|hourly,2026-08-17T18:48:05Z,2026-08-17T18:48:05Z,
177.185.49.35,ipv4,malicious-ip,medium,WHITE,ziyadnz/hourly-ipv4,ziyadnz|hourly,2026-08-17T18:48:05Z,2026-08-17T18:48:05Z,
177.185.92.214,ipv4,malicious-ip,medium,WHITE,ziyadnz/hourly-ipv4,ziyadnz|hourly,2026-08-17T18:48:05Z,2026-08-17T18:48:05Z,
177.188.145.42,ipv4,malicious-ip,medium,WHITE,ziyadnz/hourly-ipv4,ziyadnz|hourly,2026-08-17T18:48:05Z,2026-08-17T18:48:05Z,
177.189.116.89,ipv4,malicious-ip,medium,WHITE,ziyadnz/hourly-ipv4,ziyadnz|hourly,2026-08-17T18:48:05Z,2026-08-17T18:48:05Z,
177.189.161.194,ipv4,malicious-ip,medium,WHITE,ziyadnz/hourly-ipv4,ziyadnz|hourly,2026-08-17T18:48:05Z,2026-08-17T18:48:05Z,
177.189.2.242,ipv4,malicious-ip,medium,WHITE,ziyadnz/hourly-ipv4,ziyadnz|hourly,2026-08-17T18:48:05Z,2026-08-17T18:48:05Z,
177.189.23.212,ipv4,malicious-ip,medium,WHITE,ziyadnz/hourly-ipv4,ziyadnz|hourly,2026-08-17T18:48:05Z,2026-08-17T18:48:05Z,
177.189.240.127,ipv4,malicious-ip,medium,WHITE,ziyadnz/hourly-ipv4,ziyadnz|hourly,2026-08-17T18:48:05Z,2026-08-17T18:48:05Z,
177.19.210.244,ipv4,malicious-ip,medium,WHITE,ziyadnz/hourly-ipv4,ziyadnz|hourly,2026-08-17T18:48:05Z,2026-08-17T18:48:05Z,
177.19.245.77,ipv4,malicious-ip,medium,WHITE,ziyadnz/hourly-ipv4,ziyadnz|hourly,2026-08-17T18:48:05Z,2026-08-17T18:48:05Z,
177.190.153.25,ipv4,malicious-ip,medium,WHITE,ziyadnz/hourly-ipv4,ziyadnz|hourly,2026-08-17T18:48:05Z,2026-08-17T18:48:05Z,
177.190.153.252,ipv4,malicious-ip,medium,WHITE,ziyadnz/hourly-ipv4,ziyadnz|hourly,2026-08-17T18:48:05Z,2026-08-17T18:48:05Z,
177.190.156.31,ipv4,malicious-ip,medium,WHITE,ziyadnz/hourly-ipv4,ziyadnz|hourly,2026-08-17T18:48:05Z,2026-08-17T18:48:05Z,
177.190.188.166,ipv4,malicious-ip,medium,WHITE,ziyadnz/hourly-ipv4,ziyadnz|hourly,2026-08-17T18:48:05Z,2026-08-17T18:48:05Z,
177.190.216.202,ipv4,malicious-ip,medium,WHITE,ziyadnz/hourly-ipv4,ziyadnz|hourly,2026-08-17T18:48:05Z,2026-08-17T18:48:05Z,
177.190.68.49,ipv4,malicious-ip,medium,WHITE,ziyadnz/hourly-ipv4,ziyadnz|hourly,2026-08-17T18:48:05Z,2026-08-17T18:48:05Z,
177.191.129.238,ipv4,malicious-ip,medium,WHITE,ziyadnz/hourly-ipv4,ziyadnz|hourly,2026-08-17T18:48:05Z,2026-08-17T18:48:05Z,
177.191.140.86,ipv4,malicious-ip,medium,WHITE,ziyadnz/hourly-ipv4,ziyadnz|hourly,2026-08-17T18:48:05Z,2026-08-17T18:48:05Z,
177.192.0.175,ipv4,malicious-ip,medium,WHITE,ziyadnz/hourly-ipv4,ziyadnz|hourly,2026-08-17T18:48:05Z,2026-08-17T18:48:05Z,
177.192.123.86,ipv4,malicious-ip,medium,WHITE,ziyadnz/hourly-ipv4,ziyadnz|hourly,2026-08-17T18:48:05Z,2026-08-17T18:48:05Z,
177.192.16.200,ipv4,malicious-ip,medium,WHITE,ziyadnz/hourly-ipv4,ziyadnz|hourly,2026-08-17T18:48:05Z,2026-08-17T18:48:05Z,
177.192.21.57,ipv4,malicious-ip,medium,WHITE,ziyadnz/hourly-ipv4,ziyadnz|hourly,2026-08-17T18:48:05Z,2026-08-17T18:48:05Z,
177.192.244.109,ipv4,malicious-ip,medium,WHITE,ziyadnz/hourly-ipv4,ziyadnz|hourly,2026-08-17T18:48:05Z,2026-08-17T18:48:05Z,
177.192.252.78,ipv4,malicious-ip,medium,WHITE,ziyadnz/hourly-ipv4,ziyadnz|hourly,2026-08-17T18:48:05Z,2026-08-17T18:48:05Z,
177.193.236.159,ipv4,malicious-ip,medium,WHITE,ziyadnz/hourly-ipv4,ziyadnz|hourly,2026-08-17T18:48:05Z,2026-08-17T18:48:05Z,
177.194.80.14,ipv4,malicious-ip,medium,WHITE,ziyadnz/hourly-ipv4,ziyadnz|hourly,2026-08-17T18:48:05Z,2026-08-17T18:48:05Z,
177.194.82.39,ipv4,malicious-ip,medium,WHITE,ziyadnz/hourly-ipv4,ziyadnz|hourly,2026-08-17T18:48:05Z,2026-08-17T18:48:05Z,
177.195.0.243,ipv4,malicious-ip,medium,WHITE,ziyadnz/hourly-ipv4,ziyadnz|hourly,2026-08-17T18:48:05Z,2026-08-17T18:48:05Z,
177.195.29.34,ipv4,malicious-ip,medium,WHITE,ziyadnz/hourly-ipv4,ziyadnz|hourly,2026-08-17T18:48:05Z,2026-08-17T18:48:05Z,
177.197.199.181,ipv4,malicious-ip,medium,WHITE,ziyadnz/hourly-ipv4,ziyadnz|hourly,2026-08-17T18:48:05Z,2026-08-17T18:48:05Z,
177.197.82.157,ipv4,malicious-ip,medium,WHITE,ziyadnz/hourly-ipv4,ziyadnz|hourly,2026-08-17T18:48:05Z,2026-08-17T18:48:05Z,
177.198.131.209,ipv4,malicious-ip,medium,WHITE,ziyadnz/hourly-ipv4,ziyadnz|hourly,2026-08-17T18:48:05Z,2026-08-17T18:48:05Z,
177.199.193.173,ipv4,malicious-ip,medium,WHITE,ziyadnz/hourly-ipv4,ziyadnz|hourly,2026-08-17T18:48:05Z,2026-08-17T18:48:05Z,
177.2.10.128,ipv4,malicious-ip,medium,WHITE,ziyadnz/hourly-ipv4,ziyadnz|hourly,2026-08-17T18:48:05Z,2026-08-17T18:48:05Z,
177.2.169.237,ipv4,malicious-ip,medium,WHITE,ziyadnz/hourly-ipv4,ziyadnz|hourly,2026-08-17T18:48:05Z,2026-08-17T18:48:05Z,
177.2.7.116,ipv4,malicious-ip,medium,WHITE,ziyadnz/hourly-ipv4,ziyadnz|hourly,2026-08-17T18:48:05Z,2026-08-17T18:48:05Z,
177.20.167.48,ipv4,malicious-ip,medium,WHITE,ziyadnz/hourly-ipv4,ziyadnz|hourly,2026-08-17T18:48:05Z,2026-08-17T18:48:05Z,
177.20.174.79,ipv4,malicious-ip,medium,WHITE,ziyadnz/hourly-ipv4,ziyadnz|hourly,2026-08-17T18:48:05Z,2026-08-17T18:48:05Z,
177.20.182.202,ipv4,malicious-ip,medium,WHITE,ziyadnz/hourly-ipv4,ziyadnz|hourly,2026-08-17T18:48:05Z,2026-08-17T18:48:05Z,
177.20.230.23,ipv4,malicious-ip,medium,WHITE,ziyadnz/hourly-ipv4,ziyadnz|hourly,2026-08-17T18:48:05Z,2026-08-17T18:48:05Z,
177.20.230.7,ipv4,malicious-ip,medium,WHITE,ziyadnz/hourly-ipv4,ziyadnz|hourly,2026-08-17T18:48:05Z,2026-08-17T18:48:05Z,
177.200.124.78,ipv4,malicious-ip,medium,WHITE,ziyadnz/hourly-ipv4,ziyadnz|hourly,2026-08-17T18:48:05Z,2026-08-17T18:48:05Z,
177.200.64.141,ipv4,malicious-ip,medium,WHITE,ziyadnz/hourly-ipv4,ziyadnz|hourly,2026-08-17T18:48:05Z,2026-08-17T18:48:05Z,
177.200.64.149,ipv4,malicious-ip,medium,WHITE,ziyadnz/hourly-ipv4,ziyadnz|hourly,2026-08-17T18:48:05Z,2026-08-17T18:48:05Z,
177.200.65.195,ipv4,malicious-ip,medium,WHITE,ziyadnz/hourly-ipv4,ziyadnz|hourly,2026-08-17T18:48:05Z,2026-08-17T18:48:05Z,
177.200.65.214,ipv4,malicious-ip,medium,WHITE,ziyadnz/hourly-ipv4,ziyadnz|hourly,2026-08-17T18:48:05Z,2026-08-17T18:48:05Z,
177.200.66.204,ipv4,malicious-ip,medium,WHITE,ziyadnz/hourly-ipv4,ziyadnz|hourly,2026-08-17T18:48:05Z,2026-08-17T18:48:05Z,
177.201.24.166,ipv4,malicious-ip,medium,WHITE,ziyadnz/hourly-ipv4,ziyadnz|hourly,2026-08-17T18:48:05Z,2026-08-17T18:48:05Z,
177.202.187.229,ipv4,malicious-ip,medium,WHITE,ziyadnz/hourly-ipv4,ziyadnz|hourly,2026-08-17T18:48:05Z,2026-08-17T18:48:05Z,
177.202.187.240,ipv4,malicious-ip,medium,WHITE,ziyadnz/hourly-ipv4,ziyadnz|hourly,2026-08-17T18:48:05Z,2026-08-17T18:48:05Z,
177.202.3.245,ipv4,malicious-ip,medium,WHITE,ziyadnz/hourly-ipv4,ziyadnz|hourly,2026-08-17T18:48:05Z,2026-08-17T18:48:05Z,
177.202.30.244,ipv4,malicious-ip,medium,WHITE,ziyadnz/hourly-ipv4,ziyadnz|hourly,2026-08-17T18:48:05Z,2026-08-17T18:48:05Z,
177.202.55.161,ipv4,malicious-ip,medium,WHITE,ziyadnz/hourly-ipv4,ziyadnz|hourly,2026-08-17T18:48:05Z,2026-08-17T18:48:05Z,
177.203.203.44,ipv4,malicious-ip,medium,WHITE,ziyadnz/hourly-ipv4,ziyadnz|hourly,2026-08-17T18:48:05Z,2026-08-17T18:48:05Z,
177.203.7.39,ipv4,malicious-ip,medium,WHITE,ziyadnz/hourly-ipv4,ziyadnz|hourly,2026-08-17T18:48:05Z,2026-08-17T18:48:05Z,
177.207.253.22,ipv4,malicious-ip,medium,WHITE,ziyadnz/hourly-ipv4,ziyadnz|hourly,2026-08-17T18:48:05Z,2026-08-17T18:48:05Z,
177.207.99.15,ipv4,malicious-ip,medium,WHITE,ziyadnz/hourly-ipv4,ziyadnz|hourly,2026-08-17T18:48:05Z,2026-08-17T18:48:05Z,
177.21.137.200,ipv4,malicious-ip,medium,WHITE,ziyadnz/hourly-ipv4,ziyadnz|hourly,2026-08-17T18:48:05Z,2026-08-17T18:48:05Z,
177.212.147.128,ipv4,malicious-ip,medium,WHITE,ziyadnz/hourly-ipv4,ziyadnz|hourly,2026-08-17T18:48:05Z,2026-08-17T18:48:05Z,
177.212.152.123,ipv4,malicious-ip,medium,WHITE,ziyadnz/hourly-ipv4,ziyadnz|hourly,2026-08-17T18:48:05Z,2026-08-17T18:48:05Z,
177.212.84.220,ipv4,malicious-ip,medium,WHITE,ziyadnz/hourly-ipv4,ziyadnz|hourly,2026-08-17T18:48:05Z,2026-08-17T18:48:05Z,
177.214.67.188,ipv4,malicious-ip,medium,WHITE,ziyadnz/hourly-ipv4,ziyadnz|hourly,2026-08-17T18:48:05Z,2026-08-17T18:48:05Z,
177.215.116.214,ipv4,malicious-ip,medium,WHITE,ziyadnz/hourly-ipv4,ziyadnz|hourly,2026-08-17T18:48:05Z,2026-08-17T18:48:05Z,
177.215.66.183,ipv4,malicious-ip,medium,WHITE,ziyadnz/hourly-ipv4,ziyadnz|hourly,2026-08-17T18:48:05Z,2026-08-17T18:48:05Z,
177.22.160.58,ipv4,malicious-ip,medium,WHITE,ziyadnz/hourly-ipv4,ziyadnz|hourly,2026-08-17T18:48:05Z,2026-08-17T18:48:05Z,
177.22.160.61,ipv4,malicious-ip,medium,WHITE,ziyadnz/hourly-ipv4,ziyadnz|hourly,2026-08-17T18:48:05Z,2026-08-17T18:48:05Z,
177.22.162.17,ipv4,malicious-ip,medium,WHITE,ziyadnz/hourly-ipv4,ziyadnz|hourly,2026-08-17T18:48:05Z,2026-08-17T18:48:05Z,
177.22.163.104,ipv4,malicious-ip,medium,WHITE,ziyadnz/hourly-ipv4,ziyadnz|hourly,2026-08-17T18:48:05Z,2026-08-17T18:48:05Z,
177.22.163.63,ipv4,malicious-ip,medium,WHITE,ziyadnz/hourly-ipv4,ziyadnz|hourly,2026-08-17T18:48:05Z,2026-08-17T18:48:05Z,
177.22.166.106,ipv4,malicious-ip,medium,WHITE,ziyadnz/hourly-ipv4,ziyadnz|hourly,2026-08-17T18:48:05Z,2026-08-17T18:48:05Z,
177.22.170.23,ipv4,malicious-ip,medium,WHITE,ziyadnz/hourly-ipv4,ziyadnz|hourly,2026-08-17T18:48:05Z,2026-08-17T18:48:05Z,
177.22.171.38,ipv4,malicious-ip,medium,WHITE,ziyadnz/hourly-ipv4,ziyadnz|hourly,2026-08-17T18:48:05Z,2026-08-17T18:48:05Z,
177.22.174.48,ipv4,malicious-ip,medium,WHITE,ziyadnz/hourly-ipv4,ziyadnz|hourly,2026-08-17T18:48:05Z,2026-08-17T18:48:05Z,
177.22.181.139,ipv4,malicious-ip,medium,WHITE,ziyadnz/hourly-ipv4,ziyadnz|hourly,2026-08-17T18:48:05Z,2026-08-17T18:48:05Z,
177.22.207.29,ipv4,malicious-ip,medium,WHITE,ziyadnz/hourly-ipv4,ziyadnz|hourly,2026-08-17T18:48:05Z,2026-08-17T18:48:05Z,
177.22.220.100,ipv4,malicious-ip,medium,WHITE,ziyadnz/hourly-ipv4,ziyadnz|hourly,2026-08-17T18:48:05Z,2026-08-17T18:48:05Z,
177.22.44.30,ipv4,malicious-ip,medium,WHITE,ziyadnz/hourly-ipv4,ziyadnz|hourly,2026-08-17T18:48:05Z,2026-08-17T18:48:05Z,
177.22.87.128,ipv4,malicious-ip,medium,WHITE,ziyadnz/hourly-ipv4,ziyadnz|hourly,2026-08-17T18:48:05Z,2026-08-17T18:48:05Z,
177.22.90.150,ipv4,malicious-ip,medium,WHITE,ziyadnz/hourly-ipv4,ziyadnz|hourly,2026-08-17T18:48:05Z,2026-08-17T18:48:05Z,
177.22.91.42,ipv4,malicious-ip,medium,WHITE,ziyadnz/hourly-ipv4,ziyadnz|hourly,2026-08-17T18:48:05Z,2026-08-17T18:48:05Z,
177.220.149.86,ipv4,malicious-ip,medium,WHITE,ziyadnz/hourly-ipv4,ziyadnz|hourly,2026-08-17T18:48:05Z,2026-08-17T18:48:05Z,
177.220.176.133,ipv4,malicious-ip,medium,WHITE,ziyadnz/hourly-ipv4,ziyadnz|hourly,2026-08-17T18:48:05Z,2026-08-17T18:48:05Z,
177.220.182.245,ipv4,malicious-ip,medium,WHITE,ziyadnz/hourly-ipv4,ziyadnz|hourly,2026-08-17T18:48:05Z,2026-08-17T18:48:05Z,
177.220.183.185,ipv4,malicious-ip,medium,WHITE,ziyadnz/hourly-ipv4,ziyadnz|hourly,2026-08-17T18:48:05Z,2026-08-17T18:48:05Z,
177.220.190.171,ipv4,malicious-ip,medium,WHITE,ziyadnz/hourly-ipv4,ziyadnz|hourly,2026-08-17T18:48:05Z,2026-08-17T18:48:05Z,
177.221.12.178,ipv4,malicious-ip,medium,WHITE,ziyadnz/hourly-ipv4,ziyadnz|hourly,2026-08-17T18:48:05Z,2026-08-17T18:48:05Z,
177.221.121.26,ipv4,malicious-ip,medium,WHITE,ziyadnz/hourly-ipv4,ziyadnz|hourly,2026-08-17T18:48:05Z,2026-08-17T18:48:05Z,
177.221.165.247,ipv4,malicious-ip,medium,WHITE,ziyadnz/hourly-ipv4,ziyadnz|hourly,2026-08-17T18:48:05Z,2026-08-17T18:48:05Z,
177.221.169.23,ipv4,malicious-ip,medium,WHITE,ziyadnz/hourly-ipv4,ziyadnz|hourly,2026-08-17T18:48:05Z,2026-08-17T18:48:05Z,
177.221.175.51,ipv4,malicious-ip,medium,WHITE,ziyadnz/hourly-ipv4,ziyadnz|hourly,2026-08-17T18:48:05Z,2026-08-17T18:48:05Z,
177.221.182.76,ipv4,malicious-ip,medium,WHITE,ziyadnz/hourly-ipv4,ziyadnz|hourly,2026-08-17T18:48:05Z,2026-08-17T18:48:05Z,
177.221.184.53,ipv4,malicious-ip,medium,WHITE,ziyadnz/hourly-ipv4,ziyadnz|hourly,2026-08-17T18:48:05Z,2026-08-17T18:48:05Z,
177.221.205.218,ipv4,malicious-ip,medium,WHITE,ziyadnz/hourly-ipv4,ziyadnz|hourly,2026-08-17T18:48:05Z,2026-08-17T18:48:05Z,
177.221.231.118,ipv4,malicious-ip,medium,WHITE,ziyadnz/hourly-ipv4,ziyadnz|hourly,2026-08-17T18:48:05Z,2026-08-17T18:48:05Z,
177.222.16.156,ipv4,malicious-ip,medium,WHITE,ziyadnz/hourly-ipv4,ziyadnz|hourly,2026-08-17T18:48:05Z,2026-08-17T18:48:05Z,
177.222.229.46,ipv4,malicious-ip,medium,WHITE,ziyadnz/hourly-ipv4,ziyadnz|hourly,2026-08-17T18:48:05Z,2026-08-17T18:48:05Z,
177.222.37.137,ipv4,malicious-ip,medium,WHITE,ziyadnz/hourly-ipv4,ziyadnz|hourly,2026-08-17T18:48:05Z,2026-08-17T18:48:05Z,
177.223.114.12,ipv4,malicious-ip,medium,WHITE,ziyadnz/hourly-ipv4,ziyadnz|hourly,2026-08-17T18:48:05Z,2026-08-17T18:48:05Z,
177.223.233.127,ipv4,malicious-ip,medium,WHITE,ziyadnz/hourly-ipv4,ziyadnz|hourly,2026-08-17T18:48:05Z,2026-08-17T18:48:05Z,
177.223.241.39,ipv4,malicious-ip,medium,WHITE,ziyadnz/hourly-ipv4,ziyadnz|hourly,2026-08-17T18:48:05Z,2026-08-17T18:48:05Z,
177.223.3.141,ipv4,malicious-ip,medium,WHITE,ziyadnz/hourly-ipv4,ziyadnz|hourly,2026-08-17T18:48:05Z,2026-08-17T18:48:05Z,
177.223.35.171,ipv4,malicious-ip,medium,WHITE,ziyadnz/hourly-ipv4,ziyadnz|hourly,2026-08-17T18:48:05Z,2026-08-17T18:48:05Z,
177.223.38.155,ipv4,malicious-ip,medium,WHITE,ziyadnz/hourly-ipv4,ziyadnz|hourly,2026-08-17T18:48:05Z,2026-08-17T18:48:05Z,
177.223.39.145,ipv4,malicious-ip,medium,WHITE,ziyadnz/hourly-ipv4,ziyadnz|hourly,2026-08-17T18:48:05Z,2026-08-17T18:48:05Z,
177.223.46.226,ipv4,malicious-ip,medium,WHITE,ziyadnz/hourly-ipv4,ziyadnz|hourly,2026-08-17T18:48:05Z,2026-08-17T18:48:05Z,
177.223.49.171,ipv4,malicious-ip,medium,WHITE,ziyadnz/hourly-ipv4,ziyadnz|hourly,2026-08-17T18:48:05Z,2026-08-17T18:48:05Z,
177.224.37.107,ipv4,malicious-ip,medium,WHITE,ziyadnz/hourly-ipv4,ziyadnz|hourly,2026-08-17T18:48:05Z,2026-08-17T18:48:05Z,
177.224.40.180,ipv4,malicious-ip,medium,WHITE,ziyadnz/hourly-ipv4,ziyadnz|hourly,2026-08-17T18:48:05Z,2026-08-17T18:48:05Z,
177.225.176.102,ipv4,malicious-ip,medium,WHITE,ziyadnz/hourly-ipv4,ziyadnz|hourly,2026-08-17T18:48:05Z,2026-08-17T18:48:05Z,
177.225.80.93,ipv4,malicious-ip,medium,WHITE,ziyadnz/hourly-ipv4,ziyadnz|hourly,2026-08-17T18:48:05Z,2026-08-17T18:48:05Z,
177.225.84.153,ipv4,malicious-ip,medium,WHITE,ziyadnz/hourly-ipv4,ziyadnz|hourly,2026-08-17T18:48:05Z,2026-08-17T18:48:05Z,
177.226.138.28,ipv4,malicious-ip,medium,WHITE,ziyadnz/hourly-ipv4,ziyadnz|hourly,2026-08-17T18:48:05Z,2026-08-17T18:48:05Z,
177.226.161.143,ipv4,malicious-ip,medium,WHITE,ziyadnz/hourly-ipv4,ziyadnz|hourly,2026-08-17T18:48:05Z,2026-08-17T18:48:05Z,
177.226.170.86,ipv4,malicious-ip,medium,WHITE,ziyadnz/hourly-ipv4,ziyadnz|hourly,2026-08-17T18:48:05Z,2026-08-17T18:48:05Z,
177.226.177.248,ipv4,malicious-ip,medium,WHITE,ziyadnz/hourly-ipv4,ziyadnz|hourly,2026-08-17T18:48:05Z,2026-08-17T18:48:05Z,
177.226.180.127,ipv4,malicious-ip,medium,WHITE,ziyadnz/hourly-ipv4,ziyadnz|hourly,2026-08-17T18:48:05Z,2026-08-17T18:48:05Z,
177.227.60.202,ipv4,malicious-ip,medium,WHITE,ziyadnz/hourly-ipv4,ziyadnz|hourly,2026-08-17T18:48:05Z,2026-08-17T18:48:05Z,
177.227.68.24,ipv4,malicious-ip,medium,WHITE,ziyadnz/hourly-ipv4,ziyadnz|hourly,2026-08-17T18:48:05Z,2026-08-17T18:48:05Z,
177.227.76.134,ipv4,malicious-ip,medium,WHITE,ziyadnz/hourly-ipv4,ziyadnz|hourly,2026-08-17T18:48:05Z,2026-08-17T18:48:05Z,
177.228.192.122,ipv4,malicious-ip,medium,WHITE,ziyadnz/hourly-ipv4,ziyadnz|hourly,2026-08-17T18:48:05Z,2026-08-17T18:48:05Z,
177.23.107.102,ipv4,malicious-ip,medium,WHITE,ziyadnz/hourly-ipv4,ziyadnz|hourly,2026-08-17T18:48:05Z,2026-08-17T18:48:05Z,
177.23.116.193,ipv4,malicious-ip,medium,WHITE,ziyadnz/hourly-ipv4,ziyadnz|hourly,2026-08-17T18:48:05Z,2026-08-17T18:48:05Z,
177.23.116.196,ipv4,malicious-ip,medium,WHITE,ziyadnz/hourly-ipv4,ziyadnz|hourly,2026-08-17T18:48:05Z,2026-08-17T18:48:05Z,
177.23.136.82,ipv4,malicious-ip,medium,WHITE,ziyadnz/hourly-ipv4,ziyadnz|hourly,2026-08-17T18:48:05Z,2026-08-17T18:48:05Z,
177.23.180.105,ipv4,malicious-ip,medium,WHITE,ziyadnz/hourly-ipv4,ziyadnz|hourly,2026-08-17T18:48:05Z,2026-08-17T18:48:05Z,
177.23.196.150,ipv4,malicious-ip,medium,WHITE,ziyadnz/hourly-ipv4,ziyadnz|hourly,2026-08-17T18:48:05Z,2026-08-17T18:48:05Z,
177.23.2.15,ipv4,malicious-ip,medium,WHITE,ziyadnz/hourly-ipv4,ziyadnz|hourly,2026-08-17T18:48:05Z,2026-08-17T18:48:05Z,
177.23.208.235,ipv4,malicious-ip,medium,WHITE,ziyadnz/hourly-ipv4,ziyadnz|hourly,2026-08-17T18:48:05Z,2026-08-17T18:48:05Z,
177.23.209.191,ipv4,malicious-ip,medium,WHITE,ziyadnz/hourly-ipv4,ziyadnz|hourly,2026-08-17T18:48:05Z,2026-08-17T18:48:05Z,
177.23.43.209,ipv4,malicious-ip,medium,WHITE,ziyadnz/hourly-ipv4,ziyadnz|hourly,2026-08-17T18:48:05Z,2026-08-17T18:48:05Z,
177.23.45.172,ipv4,malicious-ip,medium,WHITE,ziyadnz/hourly-ipv4,ziyadnz|hourly,2026-08-17T18:48:05Z,2026-08-17T18:48:05Z,
177.23.48.163,ipv4,malicious-ip,medium,WHITE,ziyadnz/hourly-ipv4,ziyadnz|hourly,2026-08-17T18:48:05Z,2026-08-17T18:48:05Z,
177.23.50.0,ipv4,malicious-ip,medium,WHITE,ziyadnz/hourly-ipv4,ziyadnz|hourly,2026-08-17T18:48:05Z,2026-08-17T18:48:05Z,
177.23.98.82,ipv4,malicious-ip,medium,WHITE,ziyadnz/hourly-ipv4,ziyadnz|hourly,2026-08-17T18:48:05Z,2026-08-17T18:48:05Z,
177.234.138.141,ipv4,malicious-ip,medium,WHITE,ziyadnz/hourly-ipv4,ziyadnz|hourly,2026-08-17T18:48:05Z,2026-08-17T18:48:05Z,
177.234.138.155,ipv4,malicious-ip,medium,WHITE,ziyadnz/hourly-ipv4,ziyadnz|hourly,2026-08-17T18:48:05Z,2026-08-17T18:48:05Z,
177.234.143.121,ipv4,malicious-ip,medium,WHITE,ziyadnz/hourly-ipv4,ziyadnz|hourly,2026-08-17T18:48:05Z,2026-08-17T18:48:05Z,
177.234.161.78,ipv4,malicious-ip,medium,WHITE,ziyadnz/hourly-ipv4,ziyadnz|hourly,2026-08-17T18:48:05Z,2026-08-17T18:48:05Z,
177.234.174.18,ipv4,malicious-ip,medium,WHITE,ziyadnz/hourly-ipv4,ziyadnz|hourly,2026-08-17T18:48:05Z,2026-08-17T18:48:05Z,
177.234.178.190,ipv4,malicious-ip,medium,WHITE,ziyadnz/hourly-ipv4,ziyadnz|hourly,2026-08-17T18:48:05Z,2026-08-17T18:48:05Z,
177.234.193.112,ipv4,malicious-ip,medium,WHITE,ziyadnz/hourly-ipv4,ziyadnz|hourly,2026-08-17T18:48:05Z,2026-08-17T18:48:05Z,
177.234.194.117,ipv4,malicious-ip,medium,WHITE,ziyadnz/hourly-ipv4,ziyadnz|hourly,2026-08-17T18:48:05Z,2026-08-17T18:48:05Z,
177.234.194.204,ipv4,malicious-ip,medium,WHITE,ziyadnz/hourly-ipv4,ziyadnz|hourly,2026-08-17T18:48:05Z,2026-08-17T18:48:05Z,
177.234.195.153,ipv4,malicious-ip,medium,WHITE,ziyadnz/hourly-ipv4,ziyadnz|hourly,2026-08-17T18:48:05Z,2026-08-17T18:48:05Z,
177.234.195.249,ipv4,malicious-ip,medium,WHITE,ziyadnz/hourly-ipv4,ziyadnz|hourly,2026-08-17T18:48:05Z,2026-08-17T18:48:05Z,
177.234.197.225,ipv4,malicious-ip,medium,WHITE,ziyadnz/hourly-ipv4,ziyadnz|hourly,2026-08-17T18:48:05Z,2026-08-17T18:48:05Z,
177.234.209.102,ipv4,malicious-ip,medium,WHITE,ziyadnz/hourly-ipv4,ziyadnz|hourly,2026-08-17T18:48:05Z,2026-08-17T18:48:05Z,
177.234.213.67,ipv4,malicious-ip,medium,WHITE,ziyadnz/hourly-ipv4,ziyadnz|hourly,2026-08-17T18:48:05Z,2026-08-17T18:48:05Z,
177.234.229.220,ipv4,malicious-ip,medium,WHITE,ziyadnz/hourly-ipv4,ziyadnz|hourly,2026-08-17T18:48:05Z,2026-08-17T18:48:05Z,
177.234.247.101,ipv4,malicious-ip,medium,WHITE,ziyadnz/hourly-ipv4,ziyadnz|hourly,2026-08-17T18:48:05Z,2026-08-17T18:48:05Z,
177.234.247.172,ipv4,malicious-ip,medium,WHITE,ziyadnz/hourly-ipv4,ziyadnz|hourly,2026-08-17T18:48:05Z,2026-08-17T18:48:05Z,
177.235.161.86,ipv4,malicious-ip,medium,WHITE,ziyadnz/hourly-ipv4,ziyadnz|hourly,2026-08-17T18:48:05Z,2026-08-17T18:48:05Z,
177.235.182.188,ipv4,malicious-ip,medium,WHITE,ziyadnz/hourly-ipv4,ziyadnz|hourly,2026-08-17T18:48:05Z,2026-08-17T18:48:05Z,
177.235.68.30,ipv4,malicious-ip,medium,WHITE,ziyadnz/hourly-ipv4,ziyadnz|hourly,2026-08-17T18:48:05Z,2026-08-17T18:48:05Z,
177.238.21.89,ipv4,malicious-ip,medium,WHITE,ziyadnz/hourly-ipv4,ziyadnz|hourly,2026-08-17T18:48:05Z,2026-08-17T18:48:05Z,
177.24.50.223,ipv4,malicious-ip,medium,WHITE,ziyadnz/hourly-ipv4,ziyadnz|hourly,2026-08-17T18:48:05Z,2026-08-17T18:48:05Z,
177.240.108.40,ipv4,malicious-ip,medium,WHITE,ziyadnz/hourly-ipv4,ziyadnz|hourly,2026-08-17T18:48:05Z,2026-08-17T18:48:05Z,
177.240.110.51,ipv4,malicious-ip,medium,WHITE,ziyadnz/hourly-ipv4,ziyadnz|hourly,2026-08-17T18:48:05Z,2026-08-17T18:48:05Z,
177.240.120.254,ipv4,malicious-ip,medium,WHITE,ziyadnz/hourly-ipv4,ziyadnz|hourly,2026-08-17T18:48:05Z,2026-08-17T18:48:05Z,
177.241.176.162,ipv4,malicious-ip,medium,WHITE,ziyadnz/hourly-ipv4,ziyadnz|hourly,2026-08-17T18:48:05Z,2026-08-17T18:48:05Z,
177.241.52.32,ipv4,malicious-ip,medium,WHITE,ziyadnz/hourly-ipv4,ziyadnz|hourly,2026-08-17T18:48:05Z,2026-08-17T18:48:05Z,
177.241.58.84,ipv4,malicious-ip,medium,WHITE,ziyadnz/hourly-ipv4,ziyadnz|hourly,2026-08-17T18:48:05Z,2026-08-17T18:48:05Z,
177.242.159.99,ipv4,malicious-ip,medium,WHITE,ziyadnz/hourly-ipv4,ziyadnz|hourly,2026-08-17T18:48:05Z,2026-08-17T18:48:05Z,
177.242.7.52,ipv4,malicious-ip,medium,WHITE,ziyadnz/hourly-ipv4,ziyadnz|hourly,2026-08-17T18:48:05Z,2026-08-17T18:48:05Z,
177.243.216.132,ipv4,malicious-ip,medium,WHITE,ziyadnz/hourly-ipv4,ziyadnz|hourly,2026-08-17T18:48:05Z,2026-08-17T18:48:05Z,
177.244.169.74,ipv4,malicious-ip,medium,WHITE,ziyadnz/hourly-ipv4,ziyadnz|hourly,2026-08-17T18:48:05Z,2026-08-17T18:48:05Z,
177.244.61.218,ipv4,malicious-ip,medium,WHITE,ziyadnz/hourly-ipv4,ziyadnz|hourly,2026-08-17T18:48:05Z,2026-08-17T18:48:05Z,
177.245.105.145,ipv4,malicious-ip,medium,WHITE,ziyadnz/hourly-ipv4,ziyadnz|hourly,2026-08-17T18:48:05Z,2026-08-17T18:48:05Z,
177.245.148.74,ipv4,malicious-ip,medium,WHITE,ziyadnz/hourly-ipv4,ziyadnz|hourly,2026-08-17T18:48:05Z,2026-08-17T18:48:05Z,
177.245.151.21,ipv4,malicious-ip,medium,WHITE,ziyadnz/hourly-ipv4,ziyadnz|hourly,2026-08-17T18:48:05Z,2026-08-17T18:48:05Z,
177.245.154.25,ipv4,malicious-ip,medium,WHITE,ziyadnz/hourly-ipv4,ziyadnz|hourly,2026-08-17T18:48:05Z,2026-08-17T18:48:05Z,
177.245.166.130,ipv4,malicious-ip,medium,WHITE,ziyadnz/hourly-ipv4,ziyadnz|hourly,2026-08-17T18:48:05Z,2026-08-17T18:48:05Z,
177.245.196.249,ipv4,malicious-ip,medium,WHITE,ziyadnz/hourly-ipv4,ziyadnz|hourly,2026-08-17T18:48:05Z,2026-08-17T18:48:05Z,
177.245.224.120,ipv4,malicious-ip,medium,WHITE,ziyadnz/hourly-ipv4,ziyadnz|hourly,2026-08-17T18:48:05Z,2026-08-17T18:48:05Z,
177.245.224.16,ipv4,malicious-ip,medium,WHITE,ziyadnz/hourly-ipv4,ziyadnz|hourly,2026-08-17T18:48:05Z,2026-08-17T18:48:05Z,
177.245.226.171,ipv4,malicious-ip,medium,WHITE,ziyadnz/hourly-ipv4,ziyadnz|hourly,2026-08-17T18:48:05Z,2026-08-17T18:48:05Z,
177.245.226.172,ipv4,malicious-ip,medium,WHITE,ziyadnz/hourly-ipv4,ziyadnz|hourly,2026-08-17T18:48:05Z,2026-08-17T18:48:05Z,
177.245.226.198,ipv4,malicious-ip,medium,WHITE,ziyadnz/hourly-ipv4,ziyadnz|hourly,2026-08-17T18:48:05Z,2026-08-17T18:48:05Z,
177.245.233.79,ipv4,malicious-ip,medium,WHITE,ziyadnz/hourly-ipv4,ziyadnz|hourly,2026-08-17T18:48:05Z,2026-08-17T18:48:05Z,
177.245.236.17,ipv4,malicious-ip,medium,WHITE,ziyadnz/hourly-ipv4,ziyadnz|hourly,2026-08-17T18:48:05Z,2026-08-17T18:48:05Z,
177.245.237.8,ipv4,malicious-ip,medium,WHITE,ziyadnz/hourly-ipv4,ziyadnz|hourly,2026-08-17T18:48:05Z,2026-08-17T18:48:05Z,
177.245.241.178,ipv4,malicious-ip,medium,WHITE,ziyadnz/hourly-ipv4,ziyadnz|hourly,2026-08-17T18:48:05Z,2026-08-17T18:48:05Z,
177.245.241.76,ipv4,malicious-ip,medium,WHITE,ziyadnz/hourly-ipv4,ziyadnz|hourly,2026-08-17T18:48:05Z,2026-08-17T18:48:05Z,
177.245.247.183,ipv4,malicious-ip,medium,WHITE,ziyadnz/hourly-ipv4,ziyadnz|hourly,2026-08-17T18:48:05Z,2026-08-17T18:48:05Z,
177.245.252.235,ipv4,malicious-ip,medium,WHITE,ziyadnz/hourly-ipv4,ziyadnz|hourly,2026-08-17T18:48:05Z,2026-08-17T18:48:05Z,
177.245.252.54,ipv4,malicious-ip,medium,WHITE,ziyadnz/hourly-ipv4,ziyadnz|hourly,2026-08-17T18:48:05Z,2026-08-17T18:48:05Z,
177.245.254.27,ipv4,malicious-ip,medium,WHITE,ziyadnz/hourly-ipv4,ziyadnz|hourly,2026-08-17T18:48:05Z,2026-08-17T18:48:05Z,
177.245.254.30,ipv4,malicious-ip,medium,WHITE,ziyadnz/hourly-ipv4,ziyadnz|hourly,2026-08-17T18:48:05Z,2026-08-17T18:48:05Z,
177.245.49.167,ipv4,malicious-ip,medium,WHITE,ziyadnz/hourly-ipv4,ziyadnz|hourly,2026-08-17T18:48:05Z,2026-08-17T18:48:05Z,
177.245.67.216,ipv4,malicious-ip,medium,WHITE,ziyadnz/hourly-ipv4,ziyadnz|hourly,2026-08-17T18:48:05Z,2026-08-17T18:48:05Z,
177.246.43.216,ipv4,malicious-ip,medium,WHITE,ziyadnz/hourly-ipv4,ziyadnz|hourly,2026-08-17T18:48:05Z,2026-08-17T18:48:05Z,
177.246.49.82,ipv4,malicious-ip,medium,WHITE,ziyadnz/hourly-ipv4,ziyadnz|hourly,2026-08-17T18:48:05Z,2026-08-17T18:48:05Z,
177.249.169.58,ipv4,malicious-ip,medium,WHITE,ziyadnz/hourly-ipv4,ziyadnz|hourly,2026-08-17T18:48:05Z,2026-08-17T18:48:05Z,
177.249.172.151,ipv4,malicious-ip,medium,WHITE,ziyadnz/hourly-ipv4,ziyadnz|hourly,2026-08-17T18:48:05Z,2026-08-17T18:48:05Z,
177.249.173.95,ipv4,malicious-ip,medium,WHITE,ziyadnz/hourly-ipv4,ziyadnz|hourly,2026-08-17T18:48:05Z,2026-08-17T18:48:05Z,
177.249.174.47,ipv4,malicious-ip,medium,WHITE,ziyadnz/hourly-ipv4,ziyadnz|hourly,2026-08-17T18:48:05Z,2026-08-17T18:48:05Z,
177.249.174.74,ipv4,malicious-ip,medium,WHITE,ziyadnz/hourly-ipv4,ziyadnz|hourly,2026-08-17T18:48:05Z,2026-08-17T18:48:05Z,
177.249.175.137,ipv4,malicious-ip,medium,WHITE,ziyadnz/hourly-ipv4,ziyadnz|hourly,2026-08-17T18:48:05Z,2026-08-17T18:48:05Z,
177.249.175.197,ipv4,malicious-ip,medium,WHITE,ziyadnz/hourly-ipv4,ziyadnz|hourly,2026-08-17T18:48:05Z,2026-08-17T18:48:05Z,
177.253.100.41,ipv4,malicious-ip,medium,WHITE,ziyadnz/hourly-ipv4,ziyadnz|hourly,2026-08-17T18:48:05Z,2026-08-17T18:48:05Z,
177.253.168.2,ipv4,malicious-ip,medium,WHITE,ziyadnz/hourly-ipv4,ziyadnz|hourly,2026-08-17T18:48:05Z,2026-08-17T18:48:05Z,
177.255.85.101,ipv4,malicious-ip,medium,WHITE,ziyadnz/hourly-ipv4,ziyadnz|hourly,2026-08-17T18:48:05Z,2026-08-17T18:48:05Z,
177.255.91.167,ipv4,malicious-ip,medium,WHITE,ziyadnz/hourly-ipv4,ziyadnz|hourly,2026-08-17T18:48:05Z,2026-08-17T18:48:05Z,
177.27.242.76,ipv4,malicious-ip,medium,WHITE,ziyadnz/hourly-ipv4,ziyadnz|hourly,2026-08-17T18:48:05Z,2026-08-17T18:48:05Z,
177.3.116.27,ipv4,malicious-ip,medium,WHITE,ziyadnz/hourly-ipv4,ziyadnz|hourly,2026-08-17T18:48:05Z,2026-08-17T18:48:05Z,
177.3.166.198,ipv4,malicious-ip,medium,WHITE,ziyadnz/hourly-ipv4,ziyadnz|hourly,2026-08-17T18:48:05Z,2026-08-17T18:48:05Z,
177.3.32.127,ipv4,malicious-ip,medium,WHITE,ziyadnz/hourly-ipv4,ziyadnz|hourly,2026-08-17T18:48:05Z,2026-08-17T18:48:05Z,
177.3.32.158,ipv4,malicious-ip,medium,WHITE,ziyadnz/hourly-ipv4,ziyadnz|hourly,2026-08-17T18:48:05Z,2026-08-17T18:48:05Z,
177.30.64.65,ipv4,malicious-ip,medium,WHITE,ziyadnz/hourly-ipv4,ziyadnz|hourly,2026-08-17T18:48:05Z,2026-08-17T18:48:05Z,
177.30.72.71,ipv4,malicious-ip,medium,WHITE,ziyadnz/hourly-ipv4,ziyadnz|hourly,2026-08-17T18:48:05Z,2026-08-17T18:48:05Z,
177.30.78.51,ipv4,malicious-ip,medium,WHITE,ziyadnz/hourly-ipv4,ziyadnz|hourly,2026-08-17T18:48:05Z,2026-08-17T18:48:05Z,
177.32.179.54,ipv4,malicious-ip,medium,WHITE,ziyadnz/hourly-ipv4,ziyadnz|hourly,2026-08-17T18:48:05Z,2026-08-17T18:48:05Z,
177.33.137.245,ipv4,malicious-ip,medium,WHITE,ziyadnz/hourly-ipv4,ziyadnz|hourly,2026-08-17T18:48:05Z,2026-08-17T18:48:05Z,
177.33.139.183,ipv4,malicious-ip,medium,WHITE,ziyadnz/hourly-ipv4,ziyadnz|hourly,2026-08-17T18:48:05Z,2026-08-17T18:48:05Z,
177.33.141.145,ipv4,malicious-ip,medium,WHITE,ziyadnz/hourly-ipv4,ziyadnz|hourly,2026-08-17T18:48:05Z,2026-08-17T18:48:05Z,
177.33.168.16,ipv4,malicious-ip,medium,WHITE,ziyadnz/hourly-ipv4,ziyadnz|hourly,2026-08-17T18:48:05Z,2026-08-17T18:48:05Z,
177.33.177.49,ipv4,malicious-ip,medium,WHITE,ziyadnz/hourly-ipv4,ziyadnz|hourly,2026-08-17T18:48:05Z,2026-08-17T18:48:05Z,
177.33.22.12,ipv4,malicious-ip,medium,WHITE,ziyadnz/hourly-ipv4,ziyadnz|hourly,2026-08-17T18:48:05Z,2026-08-17T18:48:05Z,
177.33.235.106,ipv4,malicious-ip,medium,WHITE,ziyadnz/hourly-ipv4,ziyadnz|hourly,2026-08-17T18:48:05Z,2026-08-17T18:48:05Z,
177.34.156.1,ipv4,malicious-ip,medium,WHITE,ziyadnz/hourly-ipv4,ziyadnz|hourly,2026-08-17T18:48:05Z,2026-08-17T18:48:05Z,
177.34.168.6,ipv4,malicious-ip,medium,WHITE,ziyadnz/hourly-ipv4,ziyadnz|hourly,2026-08-17T18:48:05Z,2026-08-17T18:48:05Z,
177.34.168.80,ipv4,malicious-ip,medium,WHITE,ziyadnz/hourly-ipv4,ziyadnz|hourly,2026-08-17T18:48:05Z,2026-08-17T18:48:05Z,
177.34.169.198,ipv4,malicious-ip,medium,WHITE,ziyadnz/hourly-ipv4,ziyadnz|hourly,2026-08-17T18:48:05Z,2026-08-17T18:48:05Z,
177.34.44.237,ipv4,malicious-ip,medium,WHITE,ziyadnz/hourly-ipv4,ziyadnz|hourly,2026-08-17T18:48:05Z,2026-08-17T18:48:05Z,
177.35.188.115,ipv4,malicious-ip,medium,WHITE,ziyadnz/hourly-ipv4,ziyadnz|hourly,2026-08-17T18:48:05Z,2026-08-17T18:48:05Z,
177.35.192.111,ipv4,malicious-ip,medium,WHITE,ziyadnz/hourly-ipv4,ziyadnz|hourly,2026-08-17T18:48:05Z,2026-08-17T18:48:05Z,
177.35.241.251,ipv4,malicious-ip,medium,WHITE,ziyadnz/hourly-ipv4,ziyadnz|hourly,2026-08-17T18:48:05Z,2026-08-17T18:48:05Z,
177.36.12.83,ipv4,malicious-ip,medium,WHITE,ziyadnz/hourly-ipv4,ziyadnz|hourly,2026-08-17T18:48:05Z,2026-08-17T18:48:05Z,
177.36.187.95,ipv4,malicious-ip,medium,WHITE,ziyadnz/hourly-ipv4,ziyadnz|hourly,2026-08-17T18:48:05Z,2026-08-17T18:48:05Z,
177.36.190.30,ipv4,malicious-ip,medium,WHITE,ziyadnz/hourly-ipv4,ziyadnz|hourly,2026-08-17T18:48:05Z,2026-08-17T18:48:05Z,
177.36.197.239,ipv4,malicious-ip,medium,WHITE,ziyadnz/hourly-ipv4,ziyadnz|hourly,2026-08-17T18:48:05Z,2026-08-17T18:48:05Z,
177.36.214.46,ipv4,malicious-ip,medium,WHITE,ziyadnz/hourly-ipv4,ziyadnz|hourly,2026-08-17T18:48:05Z,2026-08-17T18:48:05Z,
177.36.220.22,ipv4,malicious-ip,medium,WHITE,ziyadnz/hourly-ipv4,ziyadnz|hourly,2026-08-17T18:48:05Z,2026-08-17T18:48:05Z,
177.36.62.238,ipv4,malicious-ip,medium,WHITE,ziyadnz/hourly-ipv4,ziyadnz|hourly,2026-08-17T18:48:05Z,2026-08-17T18:48:05Z,
177.36.76.15,ipv4,malicious-ip,medium,WHITE,ziyadnz/hourly-ipv4,ziyadnz|hourly,2026-08-17T18:48:05Z,2026-08-17T18:48:05Z,
177.37.104.64,ipv4,malicious-ip,medium,WHITE,ziyadnz/hourly-ipv4,ziyadnz|hourly,2026-08-17T18:48:05Z,2026-08-17T18:48:05Z,
177.37.118.137,ipv4,malicious-ip,medium,WHITE,ziyadnz/hourly-ipv4,ziyadnz|hourly,2026-08-17T18:48:05Z,2026-08-17T18:48:05Z,
177.37.138.130,ipv4,malicious-ip,medium,WHITE,ziyadnz/hourly-ipv4,ziyadnz|hourly,2026-08-17T18:48:05Z,2026-08-17T18:48:05Z,
177.37.22.70,ipv4,malicious-ip,medium,WHITE,ziyadnz/hourly-ipv4,ziyadnz|hourly,2026-08-17T18:48:05Z,2026-08-17T18:48:05Z,
177.37.84.162,ipv4,malicious-ip,medium,WHITE,ziyadnz/hourly-ipv4,ziyadnz|hourly,2026-08-17T18:48:05Z,2026-08-17T18:48:05Z,
177.37.87.42,ipv4,malicious-ip,medium,WHITE,ziyadnz/hourly-ipv4,ziyadnz|hourly,2026-08-17T18:48:05Z,2026-08-17T18:48:05Z,
177.37.88.169,ipv4,malicious-ip,medium,WHITE,ziyadnz/hourly-ipv4,ziyadnz|hourly,2026-08-17T18:48:05Z,2026-08-17T18:48:05Z,
177.37.98.163,ipv4,malicious-ip,medium,WHITE,ziyadnz/hourly-ipv4,ziyadnz|hourly,2026-08-17T18:48:05Z,2026-08-17T18:48:05Z,
177.38.15.68,ipv4,malicious-ip,medium,WHITE,ziyadnz/hourly-ipv4,ziyadnz|hourly,2026-08-17T18:48:05Z,2026-08-17T18:48:05Z,
177.38.153.223,ipv4,malicious-ip,medium,WHITE,ziyadnz/hourly-ipv4,ziyadnz|hourly,2026-08-17T18:48:05Z,2026-08-17T18:48:05Z,
177.38.153.35,ipv4,malicious-ip,medium,WHITE,ziyadnz/hourly-ipv4,ziyadnz|hourly,2026-08-17T18:48:05Z,2026-08-17T18:48:05Z,
177.38.154.20,ipv4,malicious-ip,medium,WHITE,ziyadnz/hourly-ipv4,ziyadnz|hourly,2026-08-17T18:48:05Z,2026-08-17T18:48:05Z,
177.38.18.196,ipv4,malicious-ip,medium,WHITE,ziyadnz/hourly-ipv4,ziyadnz|hourly,2026-08-17T18:48:05Z,2026-08-17T18:48:05Z,
177.38.18.245,ipv4,malicious-ip,medium,WHITE,ziyadnz/hourly-ipv4,ziyadnz|hourly,2026-08-17T18:48:05Z,2026-08-17T18:48:05Z,
177.38.187.62,ipv4,malicious-ip,medium,WHITE,ziyadnz/hourly-ipv4,ziyadnz|hourly,2026-08-17T18:48:05Z,2026-08-17T18:48:05Z,
177.38.242.118,ipv4,malicious-ip,medium,WHITE,ziyadnz/hourly-ipv4,ziyadnz|hourly,2026-08-17T18:48:05Z,2026-08-17T18:48:05Z,
177.38.71.226,ipv4,malicious-ip,medium,WHITE,ziyadnz/hourly-ipv4,ziyadnz|hourly,2026-08-17T18:48:05Z,2026-08-17T18:48:05Z,
177.38.98.86,ipv4,malicious-ip,medium,WHITE,ziyadnz/hourly-ipv4,ziyadnz|hourly,2026-08-17T18:48:05Z,2026-08-17T18:48:05Z,
177.39.112.9,ipv4,malicious-ip,medium,WHITE,ziyadnz/hourly-ipv4,ziyadnz|hourly,2026-08-17T18:48:05Z,2026-08-17T18:48:05Z,
177.39.130.195,ipv4,malicious-ip,medium,WHITE,ziyadnz/hourly-ipv4,ziyadnz|hourly,2026-08-17T18:48:05Z,2026-08-17T18:48:05Z,
177.39.142.50,ipv4,malicious-ip,medium,WHITE,ziyadnz/hourly-ipv4,ziyadnz|hourly,2026-08-17T18:48:05Z,2026-08-17T18:48:05Z,
177.39.142.51,ipv4,malicious-ip,medium,WHITE,ziyadnz/hourly-ipv4,ziyadnz|hourly,2026-08-17T18:48:05Z,2026-08-17T18:48:05Z,
177.39.142.9,ipv4,malicious-ip,medium,WHITE,ziyadnz/hourly-ipv4,ziyadnz|hourly,2026-08-17T18:48:05Z,2026-08-17T18:48:05Z,
177.39.149.172,ipv4,malicious-ip,medium,WHITE,ziyadnz/hourly-ipv4,ziyadnz|hourly,2026-08-17T18:48:05Z,2026-08-17T18:48:05Z,
177.39.15.203,ipv4,malicious-ip,medium,WHITE,ziyadnz/hourly-ipv4,ziyadnz|hourly,2026-08-17T18:48:05Z,2026-08-17T18:48:05Z,
177.39.20.60,ipv4,malicious-ip,medium,WHITE,ziyadnz/hourly-ipv4,ziyadnz|hourly,2026-08-17T18:48:05Z,2026-08-17T18:48:05Z,
177.39.204.34,ipv4,malicious-ip,medium,WHITE,ziyadnz/hourly-ipv4,ziyadnz|hourly,2026-08-17T18:48:05Z,2026-08-17T18:48:05Z,
177.39.91.12,ipv4,malicious-ip,medium,WHITE,ziyadnz/hourly-ipv4,ziyadnz|hourly,2026-08-17T18:48:05Z,2026-08-17T18:48:05Z,
177.39.91.68,ipv4,malicious-ip,medium,WHITE,ziyadnz/hourly-ipv4,ziyadnz|hourly,2026-08-17T18:48:05Z,2026-08-17T18:48:05Z,
177.39.97.3,ipv4,malicious-ip,medium,WHITE,ziyadnz/hourly-ipv4,ziyadnz|hourly,2026-08-17T18:48:05Z,2026-08-17T18:48:05Z,
177.4.0.120,ipv4,malicious-ip,medium,WHITE,ziyadnz/hourly-ipv4,ziyadnz|hourly,2026-08-17T18:48:05Z,2026-08-17T18:48:05Z,
177.4.249.140,ipv4,malicious-ip,medium,WHITE,ziyadnz/hourly-ipv4,ziyadnz|hourly,2026-08-17T18:48:05Z,2026-08-17T18:48:05Z,
177.4.28.179,ipv4,malicious-ip,medium,WHITE,ziyadnz/hourly-ipv4,ziyadnz|hourly,2026-08-17T18:48:05Z,2026-08-17T18:48:05Z,
177.43.123.194,ipv4,malicious-ip,medium,WHITE,ziyadnz/hourly-ipv4,ziyadnz|hourly,2026-08-17T18:48:05Z,2026-08-17T18:48:05Z,
177.43.90.107,ipv4,malicious-ip,medium,WHITE,ziyadnz/hourly-ipv4,ziyadnz|hourly,2026-08-17T18:48:05Z,2026-08-17T18:48:05Z,
177.44.112.103,ipv4,malicious-ip,medium,WHITE,ziyadnz/hourly-ipv4,ziyadnz|hourly,2026-08-17T18:48:05Z,2026-08-17T18:48:05Z,
177.44.112.67,ipv4,malicious-ip,medium,WHITE,ziyadnz/hourly-ipv4,ziyadnz|hourly,2026-08-17T18:48:05Z,2026-08-17T18:48:05Z,
177.44.133.72,ipv4,malicious-ip,medium,WHITE,ziyadnz/hourly-ipv4,ziyadnz|hourly,2026-08-17T18:48:05Z,2026-08-17T18:48:05Z,
177.44.137.90,ipv4,malicious-ip,medium,WHITE,ziyadnz/hourly-ipv4,ziyadnz|hourly,2026-08-17T18:48:05Z,2026-08-17T18:48:05Z,
177.44.202.11,ipv4,malicious-ip,medium,WHITE,ziyadnz/hourly-ipv4,ziyadnz|hourly,2026-08-17T18:48:05Z,2026-08-17T18:48:05Z,
177.44.211.16,ipv4,malicious-ip,medium,WHITE,ziyadnz/hourly-ipv4,ziyadnz|hourly,2026-08-17T18:48:05Z,2026-08-17T18:48:05Z,
177.44.28.169,ipv4,malicious-ip,medium,WHITE,ziyadnz/hourly-ipv4,ziyadnz|hourly,2026-08-17T18:48:05Z,2026-08-17T18:48:05Z,
177.44.4.203,ipv4,malicious-ip,medium,WHITE,ziyadnz/hourly-ipv4,ziyadnz|hourly,2026-08-17T18:48:05Z,2026-08-17T18:48:05Z,
177.44.61.14,ipv4,malicious-ip,medium,WHITE,ziyadnz/hourly-ipv4,ziyadnz|hourly,2026-08-17T18:48:05Z,2026-08-17T18:48:05Z,
177.44.71.0,ipv4,malicious-ip,medium,WHITE,ziyadnz/hourly-ipv4,ziyadnz|hourly,2026-08-17T18:48:05Z,2026-08-17T18:48:05Z,
177.44.71.10,ipv4,malicious-ip,medium,WHITE,ziyadnz/hourly-ipv4,ziyadnz|hourly,2026-08-17T18:48:05Z,2026-08-17T18:48:05Z,
177.44.71.100,ipv4,malicious-ip,medium,WHITE,ziyadnz/hourly-ipv4,ziyadnz|hourly,2026-08-17T18:48:05Z,2026-08-17T18:48:05Z,
177.44.71.11,ipv4,malicious-ip,medium,WHITE,ziyadnz/hourly-ipv4,ziyadnz|hourly,2026-08-17T18:48:05Z,2026-08-17T18:48:05Z,
177.44.71.12,ipv4,malicious-ip,medium,WHITE,ziyadnz/hourly-ipv4,ziyadnz|hourly,2026-08-17T18:48:05Z,2026-08-17T18:48:05Z,
177.44.71.121,ipv4,malicious-ip,medium,WHITE,ziyadnz/hourly-ipv4,ziyadnz|hourly,2026-08-17T18:48:05Z,2026-08-17T18:48:05Z,
177.44.71.13,ipv4,malicious-ip,medium,WHITE,ziyadnz/hourly-ipv4,ziyadnz|hourly,2026-08-17T18:48:05Z,2026-08-17T18:48:05Z,
177.44.71.134,ipv4,malicious-ip,medium,WHITE,ziyadnz/hourly-ipv4,ziyadnz|hourly,2026-08-17T18:48:05Z,2026-08-17T18:48:05Z,
177.44.71.143,ipv4,malicious-ip,medium,WHITE,ziyadnz/hourly-ipv4,ziyadnz|hourly,2026-08-17T18:48:05Z,2026-08-17T18:48:05Z,
177.44.71.15,ipv4,malicious-ip,medium,WHITE,ziyadnz/hourly-ipv4,ziyadnz|hourly,2026-08-17T18:48:05Z,2026-08-17T18:48:05Z,
177.44.71.16,ipv4,malicious-ip,medium,WHITE,ziyadnz/hourly-ipv4,ziyadnz|hourly,2026-08-17T18:48:05Z,2026-08-17T18:48:05Z,
177.44.71.17,ipv4,malicious-ip,medium,WHITE,ziyadnz/hourly-ipv4,ziyadnz|hourly,2026-08-17T18:48:05Z,2026-08-17T18:48:05Z,
177.44.71.18,ipv4,malicious-ip,medium,WHITE,ziyadnz/hourly-ipv4,ziyadnz|hourly,2026-08-17T18:48:05Z,2026-08-17T18:48:05Z,
177.44.71.210,ipv4,malicious-ip,medium,WHITE,ziyadnz/hourly-ipv4,ziyadnz|hourly,2026-08-17T18:48:05Z,2026-08-17T18:48:05Z,
177.44.71.22,ipv4,malicious-ip,medium,WHITE,ziyadnz/hourly-ipv4,ziyadnz|hourly,2026-08-17T18:48:05Z,2026-08-17T18:48:05Z,
177.44.71.23,ipv4,malicious-ip,medium,WHITE,ziyadnz/hourly-ipv4,ziyadnz|hourly,2026-08-17T18:48:05Z,2026-08-17T18:48:05Z,
177.44.71.25,ipv4,malicious-ip,medium,WHITE,ziyadnz/hourly-ipv4,ziyadnz|hourly,2026-08-17T18:48:05Z,2026-08-17T18:48:05Z,
177.44.71.29,ipv4,malicious-ip,medium,WHITE,ziyadnz/hourly-ipv4,ziyadnz|hourly,2026-08-17T18:48:05Z,2026-08-17T18:48:05Z,
177.44.71.33,ipv4,malicious-ip,medium,WHITE,ziyadnz/hourly-ipv4,ziyadnz|hourly,2026-08-17T18:48:05Z,2026-08-17T18:48:05Z,
177.44.71.42,ipv4,malicious-ip,medium,WHITE,ziyadnz/hourly-ipv4,ziyadnz|hourly,2026-08-17T18:48:05Z,2026-08-17T18:48:05Z,
177.44.71.46,ipv4,malicious-ip,medium,WHITE,ziyadnz/hourly-ipv4,ziyadnz|hourly,2026-08-17T18:48:05Z,2026-08-17T18:48:05Z,
177.44.71.51,ipv4,malicious-ip,medium,WHITE,ziyadnz/hourly-ipv4,ziyadnz|hourly,2026-08-17T18:48:05Z,2026-08-17T18:48:05Z,
177.44.71.58,ipv4,malicious-ip,medium,WHITE,ziyadnz/hourly-ipv4,ziyadnz|hourly,2026-08-17T18:48:05Z,2026-08-17T18:48:05Z,
177.44.71.6,ipv4,malicious-ip,medium,WHITE,ziyadnz/hourly-ipv4,ziyadnz|hourly,2026-08-17T18:48:05Z,2026-08-17T18:48:05Z,
177.44.71.61,ipv4,malicious-ip,medium,WHITE,ziyadnz/hourly-ipv4,ziyadnz|hourly,2026-08-17T18:48:05Z,2026-08-17T18:48:05Z,
177.44.71.63,ipv4,malicious-ip,medium,WHITE,ziyadnz/hourly-ipv4,ziyadnz|hourly,2026-08-17T18:48:05Z,2026-08-17T18:48:05Z,
177.44.71.65,ipv4,malicious-ip,medium,WHITE,ziyadnz/hourly-ipv4,ziyadnz|hourly,2026-08-17T18:48:05Z,2026-08-17T18:48:05Z,
177.44.71.67,ipv4,malicious-ip,medium,WHITE,ziyadnz/hourly-ipv4,ziyadnz|hourly,2026-08-17T18:48:05Z,2026-08-17T18:48:05Z,
177.44.71.68,ipv4,malicious-ip,medium,WHITE,ziyadnz/hourly-ipv4,ziyadnz|hourly,2026-08-17T18:48:05Z,2026-08-17T18:48:05Z,
177.44.71.7,ipv4,malicious-ip,medium,WHITE,ziyadnz/hourly-ipv4,ziyadnz|hourly,2026-08-17T18:48:05Z,2026-08-17T18:48:05Z,
177.44.71.70,ipv4,malicious-ip,medium,WHITE,ziyadnz/hourly-ipv4,ziyadnz|hourly,2026-08-17T18:48:05Z,2026-08-17T18:48:05Z,
177.44.71.71,ipv4,malicious-ip,medium,WHITE,ziyadnz/hourly-ipv4,ziyadnz|hourly,2026-08-17T18:48:05Z,2026-08-17T18:48:05Z,
177.44.71.77,ipv4,malicious-ip,medium,WHITE,ziyadnz/hourly-ipv4,ziyadnz|hourly,2026-08-17T18:48:05Z,2026-08-17T18:48:05Z,
177.44.71.78,ipv4,malicious-ip,medium,WHITE,ziyadnz/hourly-ipv4,ziyadnz|hourly,2026-08-17T18:48:05Z,2026-08-17T18:48:05Z,
177.44.71.79,ipv4,malicious-ip,medium,WHITE,ziyadnz/hourly-ipv4,ziyadnz|hourly,2026-08-17T18:48:05Z,2026-08-17T18:48:05Z,
177.44.71.81,ipv4,malicious-ip,medium,WHITE,ziyadnz/hourly-ipv4,ziyadnz|hourly,2026-08-17T18:48:05Z,2026-08-17T18:48:05Z,
177.44.71.83,ipv4,malicious-ip,medium,WHITE,ziyadnz/hourly-ipv4,ziyadnz|hourly,2026-08-17T18:48:05Z,2026-08-17T18:48:05Z,
177.44.71.85,ipv4,malicious-ip,medium,WHITE,ziyadnz/hourly-ipv4,ziyadnz|hourly,2026-08-17T18:48:05Z,2026-08-17T18:48:05Z,
177.44.71.90,ipv4,malicious-ip,medium,WHITE,ziyadnz/hourly-ipv4,ziyadnz|hourly,2026-08-17T18:48:05Z,2026-08-17T18:48:05Z,
177.44.71.93,ipv4,malicious-ip,medium,WHITE,ziyadnz/hourly-ipv4,ziyadnz|hourly,2026-08-17T18:48:05Z,2026-08-17T18:48:05Z,
177.44.71.98,ipv4,malicious-ip,medium,WHITE,ziyadnz/hourly-ipv4,ziyadnz|hourly,2026-08-17T18:48:05Z,2026-08-17T18:48:05Z,
177.44.82.151,ipv4,malicious-ip,medium,WHITE,ziyadnz/hourly-ipv4,ziyadnz|hourly,2026-08-17T18:48:05Z,2026-08-17T18:48:05Z,
177.44.82.233,ipv4,malicious-ip,medium,WHITE,ziyadnz/hourly-ipv4,ziyadnz|hourly,2026-08-17T18:48:05Z,2026-08-17T18:48:05Z,
177.44.94.208,ipv4,malicious-ip,medium,WHITE,ziyadnz/hourly-ipv4,ziyadnz|hourly,2026-08-17T18:48:05Z,2026-08-17T18:48:05Z,
177.44.96.0,ipv4,malicious-ip,medium,WHITE,ziyadnz/hourly-ipv4,ziyadnz|hourly,2026-08-17T18:48:05Z,2026-08-17T18:48:05Z,
177.44.96.100,ipv4,malicious-ip,medium,WHITE,ziyadnz/hourly-ipv4,ziyadnz|hourly,2026-08-17T18:48:05Z,2026-08-17T18:48:05Z,
177.44.96.103,ipv4,malicious-ip,medium,WHITE,ziyadnz/hourly-ipv4,ziyadnz|hourly,2026-08-17T18:48:05Z,2026-08-17T18:48:05Z,
177.44.96.105,ipv4,malicious-ip,medium,WHITE,ziyadnz/hourly-ipv4,ziyadnz|hourly,2026-08-17T18:48:05Z,2026-08-17T18:48:05Z,
177.44.96.107,ipv4,malicious-ip,medium,WHITE,ziyadnz/hourly-ipv4,ziyadnz|hourly,2026-08-17T18:48:05Z,2026-08-17T18:48:05Z,
177.44.96.108,ipv4,malicious-ip,medium,WHITE,ziyadnz/hourly-ipv4,ziyadnz|hourly,2026-08-17T18:48:05Z,2026-08-17T18:48:05Z,
177.44.96.109,ipv4,malicious-ip,medium,WHITE,ziyadnz/hourly-ipv4,ziyadnz|hourly,2026-08-17T18:48:05Z,2026-08-17T18:48:05Z,
177.44.96.112,ipv4,malicious-ip,medium,WHITE,ziyadnz/hourly-ipv4,ziyadnz|hourly,2026-08-17T18:48:05Z,2026-08-17T18:48:05Z,
177.44.96.114,ipv4,malicious-ip,medium,WHITE,ziyadnz/hourly-ipv4,ziyadnz|hourly,2026-08-17T18:48:05Z,2026-08-17T18:48:05Z,
177.44.96.115,ipv4,malicious-ip,medium,WHITE,ziyadnz/hourly-ipv4,ziyadnz|hourly,2026-08-17T18:48:05Z,2026-08-17T18:48:05Z,
177.44.96.118,ipv4,malicious-ip,medium,WHITE,ziyadnz/hourly-ipv4,ziyadnz|hourly,2026-08-17T18:48:05Z,2026-08-17T18:48:05Z,
177.44.96.123,ipv4,malicious-ip,medium,WHITE,ziyadnz/hourly-ipv4,ziyadnz|hourly,2026-08-17T18:48:05Z,2026-08-17T18:48:05Z,
177.44.96.126,ipv4,malicious-ip,medium,WHITE,ziyadnz/hourly-ipv4,ziyadnz|hourly,2026-08-17T18:48:05Z,2026-08-17T18:48:05Z,
177.44.96.132,ipv4,malicious-ip,medium,WHITE,ziyadnz/hourly-ipv4,ziyadnz|hourly,2026-08-17T18:48:05Z,2026-08-17T18:48:05Z,
177.44.96.135,ipv4,malicious-ip,medium,WHITE,ziyadnz/hourly-ipv4,ziyadnz|hourly,2026-08-17T18:48:05Z,2026-08-17T18:48:05Z,
177.44.96.138,ipv4,malicious-ip,medium,WHITE,ziyadnz/hourly-ipv4,ziyadnz|hourly,2026-08-17T18:48:05Z,2026-08-17T18:48:05Z,
177.44.96.144,ipv4,malicious-ip,medium,WHITE,ziyadnz/hourly-ipv4,ziyadnz|hourly,2026-08-17T18:48:05Z,2026-08-17T18:48:05Z,
177.44.96.146,ipv4,malicious-ip,medium,WHITE,ziyadnz/hourly-ipv4,ziyadnz|hourly,2026-08-17T18:48:05Z,2026-08-17T18:48:05Z,
177.44.96.148,ipv4,malicious-ip,medium,WHITE,ziyadnz/hourly-ipv4,ziyadnz|hourly,2026-08-17T18:48:05Z,2026-08-17T18:48:05Z,
177.44.96.151,ipv4,malicious-ip,medium,WHITE,ziyadnz/hourly-ipv4,ziyadnz|hourly,2026-08-17T18:48:05Z,2026-08-17T18:48:05Z,
177.44.96.153,ipv4,malicious-ip,medium,WHITE,ziyadnz/hourly-ipv4,ziyadnz|hourly,2026-08-17T18:48:05Z,2026-08-17T18:48:05Z,
177.44.96.159,ipv4,malicious-ip,medium,WHITE,ziyadnz/hourly-ipv4,ziyadnz|hourly,2026-08-17T18:48:05Z,2026-08-17T18:48:05Z,
177.44.96.16,ipv4,malicious-ip,medium,WHITE,ziyadnz/hourly-ipv4,ziyadnz|hourly,2026-08-17T18:48:05Z,2026-08-17T18:48:05Z,
177.44.96.170,ipv4,malicious-ip,medium,WHITE,ziyadnz/hourly-ipv4,ziyadnz|hourly,2026-08-17T18:48:05Z,2026-08-17T18:48:05Z,
177.44.96.172,ipv4,malicious-ip,medium,WHITE,ziyadnz/hourly-ipv4,ziyadnz|hourly,2026-08-17T18:48:05Z,2026-08-17T18:48:05Z,
177.44.96.189,ipv4,malicious-ip,medium,WHITE,ziyadnz/hourly-ipv4,ziyadnz|hourly,2026-08-17T18:48:05Z,2026-08-17T18:48:05Z,
177.44.96.197,ipv4,malicious-ip,medium,WHITE,ziyadnz/hourly-ipv4,ziyadnz|hourly,2026-08-17T18:48:05Z,2026-08-17T18:48:05Z,
177.44.96.199,ipv4,malicious-ip,medium,WHITE,ziyadnz/hourly-ipv4,ziyadnz|hourly,2026-08-17T18:48:05Z,2026-08-17T18:48:05Z,
177.44.96.219,ipv4,malicious-ip,medium,WHITE,ziyadnz/hourly-ipv4,ziyadnz|hourly,2026-08-17T18:48:05Z,2026-08-17T18:48:05Z,
177.44.97.0,ipv4,malicious-ip,medium,WHITE,ziyadnz/hourly-ipv4,ziyadnz|hourly,2026-08-17T18:48:05Z,2026-08-17T18:48:05Z,
177.44.97.103,ipv4,malicious-ip,medium,WHITE,ziyadnz/hourly-ipv4,ziyadnz|hourly,2026-08-17T18:48:05Z,2026-08-17T18:48:05Z,
177.44.97.22,ipv4,malicious-ip,medium,WHITE,ziyadnz/hourly-ipv4,ziyadnz|hourly,2026-08-17T18:48:05Z,2026-08-17T18:48:05Z,
177.44.97.46,ipv4,malicious-ip,medium,WHITE,ziyadnz/hourly-ipv4,ziyadnz|hourly,2026-08-17T18:48:05Z,2026-08-17T18:48:05Z,
177.45.150.236,ipv4,malicious-ip,medium,WHITE,ziyadnz/hourly-ipv4,ziyadnz|hourly,2026-08-17T18:48:05Z,2026-08-17T18:48:05Z,
177.47.162.144,ipv4,malicious-ip,medium,WHITE,ziyadnz/hourly-ipv4,ziyadnz|hourly,2026-08-17T18:48:05Z,2026-08-17T18:48:05Z,
177.47.162.170,ipv4,malicious-ip,medium,WHITE,ziyadnz/hourly-ipv4,ziyadnz|hourly,2026-08-17T18:48:05Z,2026-08-17T18:48:05Z,
177.47.162.241,ipv4,malicious-ip,medium,WHITE,ziyadnz/hourly-ipv4,ziyadnz|hourly,2026-08-17T18:48:05Z,2026-08-17T18:48:05Z,
177.47.163.1,ipv4,malicious-ip,medium,WHITE,ziyadnz/hourly-ipv4,ziyadnz|hourly,2026-08-17T18:48:05Z,2026-08-17T18:48:05Z,
177.5.200.30,ipv4,malicious-ip,medium,WHITE,ziyadnz/hourly-ipv4,ziyadnz|hourly,2026-08-17T18:48:05Z,2026-08-17T18:48:05Z,
177.5.233.179,ipv4,malicious-ip,medium,WHITE,ziyadnz/hourly-ipv4,ziyadnz|hourly,2026-08-17T18:48:05Z,2026-08-17T18:48:05Z,
177.5.255.13,ipv4,malicious-ip,medium,WHITE,ziyadnz/hourly-ipv4,ziyadnz|hourly,2026-08-17T18:48:05Z,2026-08-17T18:48:05Z,
177.52.118.204,ipv4,malicious-ip,medium,WHITE,ziyadnz/hourly-ipv4,ziyadnz|hourly,2026-08-17T18:48:05Z,2026-08-17T18:48:05Z,
177.52.149.32,ipv4,malicious-ip,medium,WHITE,ziyadnz/hourly-ipv4,ziyadnz|hourly,2026-08-17T18:48:05Z,2026-08-17T18:48:05Z,
177.52.214.205,ipv4,malicious-ip,medium,WHITE,ziyadnz/hourly-ipv4,ziyadnz|hourly,2026-08-17T18:48:05Z,2026-08-17T18:48:05Z,
177.52.82.218,ipv4,malicious-ip,medium,WHITE,ziyadnz/hourly-ipv4,ziyadnz|hourly,2026-08-17T18:48:05Z,2026-08-17T18:48:05Z,
177.52.82.23,ipv4,malicious-ip,medium,WHITE,ziyadnz/hourly-ipv4,ziyadnz|hourly,2026-08-17T18:48:05Z,2026-08-17T18:48:05Z,
177.52.83.229,ipv4,malicious-ip,medium,WHITE,ziyadnz/hourly-ipv4,ziyadnz|hourly,2026-08-17T18:48:05Z,2026-08-17T18:48:05Z,
177.53.165.214,ipv4,malicious-ip,medium,WHITE,ziyadnz/hourly-ipv4,ziyadnz|hourly,2026-08-17T18:48:05Z,2026-08-17T18:48:05Z,
177.53.165.215,ipv4,malicious-ip,medium,WHITE,ziyadnz/hourly-ipv4,ziyadnz|hourly,2026-08-17T18:48:05Z,2026-08-17T18:48:05Z,
177.53.165.216,ipv4,malicious-ip,medium,WHITE,ziyadnz/hourly-ipv4,ziyadnz|hourly,2026-08-17T18:48:05Z,2026-08-17T18:48:05Z,
177.53.165.218,ipv4,malicious-ip,medium,WHITE,ziyadnz/hourly-ipv4,ziyadnz|hourly,2026-08-17T18:48:05Z,2026-08-17T18:48:05Z,
177.53.247.76,ipv4,malicious-ip,medium,WHITE,ziyadnz/hourly-ipv4,ziyadnz|hourly,2026-08-17T18:48:05Z,2026-08-17T18:48:05Z,
177.53.29.183,ipv4,malicious-ip,medium,WHITE,ziyadnz/hourly-ipv4,ziyadnz|hourly,2026-08-17T18:48:05Z,2026-08-17T18:48:05Z,
177.53.29.47,ipv4,malicious-ip,medium,WHITE,ziyadnz/hourly-ipv4,ziyadnz|hourly,2026-08-17T18:48:05Z,2026-08-17T18:48:05Z,
177.53.39.39,ipv4,malicious-ip,medium,WHITE,ziyadnz/hourly-ipv4,ziyadnz|hourly,2026-08-17T18:48:05Z,2026-08-17T18:48:05Z,
177.53.42.101,ipv4,malicious-ip,medium,WHITE,ziyadnz/hourly-ipv4,ziyadnz|hourly,2026-08-17T18:48:05Z,2026-08-17T18:48:05Z,
177.53.77.168,ipv4,malicious-ip,medium,WHITE,ziyadnz/hourly-ipv4,ziyadnz|hourly,2026-08-17T18:48:05Z,2026-08-17T18:48:05Z,
177.53.87.161,ipv4,malicious-ip,medium,WHITE,ziyadnz/hourly-ipv4,ziyadnz|hourly,2026-08-17T18:48:05Z,2026-08-17T18:48:05Z,
177.54.136.162,ipv4,malicious-ip,medium,WHITE,ziyadnz/hourly-ipv4,ziyadnz|hourly,2026-08-17T18:48:05Z,2026-08-17T18:48:05Z,
177.54.205.115,ipv4,malicious-ip,medium,WHITE,ziyadnz/hourly-ipv4,ziyadnz|hourly,2026-08-17T18:48:05Z,2026-08-17T18:48:05Z,
177.54.205.33,ipv4,malicious-ip,medium,WHITE,ziyadnz/hourly-ipv4,ziyadnz|hourly,2026-08-17T18:48:05Z,2026-08-17T18:48:05Z,
177.54.230.183,ipv4,malicious-ip,medium,WHITE,ziyadnz/hourly-ipv4,ziyadnz|hourly,2026-08-17T18:48:05Z,2026-08-17T18:48:05Z,
177.54.53.255,ipv4,malicious-ip,medium,WHITE,ziyadnz/hourly-ipv4,ziyadnz|hourly,2026-08-17T18:48:05Z,2026-08-17T18:48:05Z,
177.54.62.68,ipv4,malicious-ip,medium,WHITE,ziyadnz/hourly-ipv4,ziyadnz|hourly,2026-08-17T18:48:05Z,2026-08-17T18:48:05Z,
177.55.195.76,ipv4,malicious-ip,medium,WHITE,ziyadnz/hourly-ipv4,ziyadnz|hourly,2026-08-17T18:48:05Z,2026-08-17T18:48:05Z,
177.55.52.73,ipv4,malicious-ip,medium,WHITE,ziyadnz/hourly-ipv4,ziyadnz|hourly,2026-08-17T18:48:05Z,2026-08-17T18:48:05Z,
177.55.92.139,ipv4,malicious-ip,medium,WHITE,ziyadnz/hourly-ipv4,ziyadnz|hourly,2026-08-17T18:48:05Z,2026-08-17T18:48:05Z,
177.55.93.239,ipv4,malicious-ip,medium,WHITE,ziyadnz/hourly-ipv4,ziyadnz|hourly,2026-08-17T18:48:05Z,2026-08-17T18:48:05Z,
177.55.93.85,ipv4,malicious-ip,medium,WHITE,ziyadnz/hourly-ipv4,ziyadnz|hourly,2026-08-17T18:48:05Z,2026-08-17T18:48:05Z,
177.6.160.168,ipv4,malicious-ip,medium,WHITE,ziyadnz/hourly-ipv4,ziyadnz|hourly,2026-08-17T18:48:05Z,2026-08-17T18:48:05Z,
177.6.162.182,ipv4,malicious-ip,medium,WHITE,ziyadnz/hourly-ipv4,ziyadnz|hourly,2026-08-17T18:48:05Z,2026-08-17T18:48:05Z,
177.6.197.241,ipv4,malicious-ip,medium,WHITE,ziyadnz/hourly-ipv4,ziyadnz|hourly,2026-08-17T18:48:05Z,2026-08-17T18:48:05Z,
177.6.219.176,ipv4,malicious-ip,medium,WHITE,ziyadnz/hourly-ipv4,ziyadnz|hourly,2026-08-17T18:48:05Z,2026-08-17T18:48:05Z,
177.60.77.0,ipv4,malicious-ip,medium,WHITE,ziyadnz/hourly-ipv4,ziyadnz|hourly,2026-08-17T18:48:05Z,2026-08-17T18:48:05Z,
177.62.100.33,ipv4,malicious-ip,medium,WHITE,ziyadnz/hourly-ipv4,ziyadnz|hourly,2026-08-17T18:48:05Z,2026-08-17T18:48:05Z,
177.62.174.196,ipv4,malicious-ip,medium,WHITE,ziyadnz/hourly-ipv4,ziyadnz|hourly,2026-08-17T18:48:05Z,2026-08-17T18:48:05Z,
177.62.198.157,ipv4,malicious-ip,medium,WHITE,ziyadnz/hourly-ipv4,ziyadnz|hourly,2026-08-17T18:48:05Z,2026-08-17T18:48:05Z,
177.63.207.109,ipv4,malicious-ip,medium,WHITE,ziyadnz/hourly-ipv4,ziyadnz|hourly,2026-08-17T18:48:05Z,2026-08-17T18:48:05Z,
177.63.238.77,ipv4,malicious-ip,medium,WHITE,ziyadnz/hourly-ipv4,ziyadnz|hourly,2026-08-17T18:48:05Z,2026-08-17T18:48:05Z,
177.63.36.38,ipv4,malicious-ip,medium,WHITE,ziyadnz/hourly-ipv4,ziyadnz|hourly,2026-08-17T18:48:05Z,2026-08-17T18:48:05Z,
177.63.39.209,ipv4,malicious-ip,medium,WHITE,ziyadnz/hourly-ipv4,ziyadnz|hourly,2026-08-17T18:48:05Z,2026-08-17T18:48:05Z,
177.64.213.19,ipv4,malicious-ip,medium,WHITE,ziyadnz/hourly-ipv4,ziyadnz|hourly,2026-08-17T18:48:05Z,2026-08-17T18:48:05Z,
177.65.107.71,ipv4,malicious-ip,medium,WHITE,ziyadnz/hourly-ipv4,ziyadnz|hourly,2026-08-17T18:48:05Z,2026-08-17T18:48:05Z,
177.65.152.107,ipv4,malicious-ip,medium,WHITE,ziyadnz/hourly-ipv4,ziyadnz|hourly,2026-08-17T18:48:05Z,2026-08-17T18:48:05Z,
177.65.252.127,ipv4,malicious-ip,medium,WHITE,ziyadnz/hourly-ipv4,ziyadnz|hourly,2026-08-17T18:48:05Z,2026-08-17T18:48:05Z,
177.66.101.22,ipv4,malicious-ip,medium,WHITE,ziyadnz/hourly-ipv4,ziyadnz|hourly,2026-08-17T18:48:05Z,2026-08-17T18:48:05Z,
177.66.137.114,ipv4,malicious-ip,medium,WHITE,ziyadnz/hourly-ipv4,ziyadnz|hourly,2026-08-17T18:48:05Z,2026-08-17T18:48:05Z,
177.66.211.63,ipv4,malicious-ip,medium,WHITE,ziyadnz/hourly-ipv4,ziyadnz|hourly,2026-08-17T18:48:05Z,2026-08-17T18:48:05Z,
177.66.45.170,ipv4,malicious-ip,medium,WHITE,ziyadnz/hourly-ipv4,ziyadnz|hourly,2026-08-17T18:48:05Z,2026-08-17T18:48:05Z,
177.66.49.126,ipv4,malicious-ip,medium,WHITE,ziyadnz/hourly-ipv4,ziyadnz|hourly,2026-08-17T18:48:05Z,2026-08-17T18:48:05Z,
177.66.65.3,ipv4,malicious-ip,medium,WHITE,ziyadnz/hourly-ipv4,ziyadnz|hourly,2026-08-17T18:48:05Z,2026-08-17T18:48:05Z,
177.67.105.11,ipv4,malicious-ip,medium,WHITE,ziyadnz/hourly-ipv4,ziyadnz|hourly,2026-08-17T18:48:05Z,2026-08-17T18:48:05Z,
177.67.107.136,ipv4,malicious-ip,medium,WHITE,ziyadnz/hourly-ipv4,ziyadnz|hourly,2026-08-17T18:48:05Z,2026-08-17T18:48:05Z,
177.67.110.193,ipv4,malicious-ip,medium,WHITE,ziyadnz/hourly-ipv4,ziyadnz|hourly,2026-08-17T18:48:05Z,2026-08-17T18:48:05Z,
177.67.110.73,ipv4,malicious-ip,medium,WHITE,ziyadnz/hourly-ipv4,ziyadnz|hourly,2026-08-17T18:48:05Z,2026-08-17T18:48:05Z,
177.67.140.125,ipv4,malicious-ip,medium,WHITE,ziyadnz/hourly-ipv4,ziyadnz|hourly,2026-08-17T18:48:05Z,2026-08-17T18:48:05Z,
177.67.144.237,ipv4,malicious-ip,medium,WHITE,ziyadnz/hourly-ipv4,ziyadnz|hourly,2026-08-17T18:48:05Z,2026-08-17T18:48:05Z,
177.67.156.50,ipv4,malicious-ip,medium,WHITE,ziyadnz/hourly-ipv4,ziyadnz|hourly,2026-08-17T18:48:05Z,2026-08-17T18:48:05Z,
177.67.73.214,ipv4,malicious-ip,medium,WHITE,ziyadnz/hourly-ipv4,ziyadnz|hourly,2026-08-17T18:48:05Z,2026-08-17T18:48:05Z,
177.68.125.158,ipv4,malicious-ip,medium,WHITE,ziyadnz/hourly-ipv4,ziyadnz|hourly,2026-08-17T18:48:05Z,2026-08-17T18:48:05Z,
177.68.214.66,ipv4,malicious-ip,medium,WHITE,ziyadnz/hourly-ipv4,ziyadnz|hourly,2026-08-17T18:48:05Z,2026-08-17T18:48:05Z,
177.68.25.139,ipv4,malicious-ip,medium,WHITE,ziyadnz/hourly-ipv4,ziyadnz|hourly,2026-08-17T18:48:05Z,2026-08-17T18:48:05Z,
177.68.67.136,ipv4,malicious-ip,medium,WHITE,ziyadnz/hourly-ipv4,ziyadnz|hourly,2026-08-17T18:48:05Z,2026-08-17T18:48:05Z,
177.69.18.9,ipv4,malicious-ip,medium,WHITE,ziyadnz/hourly-ipv4,ziyadnz|hourly,2026-08-17T18:48:05Z,2026-08-17T18:48:05Z,
177.69.236.58,ipv4,malicious-ip,medium,WHITE,ziyadnz/hourly-ipv4,ziyadnz|hourly,2026-08-17T18:48:05Z,2026-08-17T18:48:05Z,
177.69.250.91,ipv4,malicious-ip,medium,WHITE,ziyadnz/hourly-ipv4,ziyadnz|hourly,2026-08-17T18:48:05Z,2026-08-17T18:48:05Z,
177.69.250.94,ipv4,malicious-ip,medium,WHITE,ziyadnz/hourly-ipv4,ziyadnz|hourly,2026-08-17T18:48:05Z,2026-08-17T18:48:05Z,
177.7.182.18,ipv4,malicious-ip,medium,WHITE,ziyadnz/hourly-ipv4,ziyadnz|hourly,2026-08-17T18:48:05Z,2026-08-17T18:48:05Z,
177.7.187.133,ipv4,malicious-ip,medium,WHITE,ziyadnz/hourly-ipv4,ziyadnz|hourly,2026-08-17T18:48:05Z,2026-08-17T18:48:05Z,
177.70.165.152,ipv4,malicious-ip,medium,WHITE,ziyadnz/hourly-ipv4,ziyadnz|hourly,2026-08-17T18:48:05Z,2026-08-17T18:48:05Z,
177.70.165.244,ipv4,malicious-ip,medium,WHITE,ziyadnz/hourly-ipv4,ziyadnz|hourly,2026-08-17T18:48:05Z,2026-08-17T18:48:05Z,
177.70.195.124,ipv4,malicious-ip,medium,WHITE,ziyadnz/hourly-ipv4,ziyadnz|hourly,2026-08-17T18:48:05Z,2026-08-17T18:48:05Z,
177.70.197.133,ipv4,malicious-ip,medium,WHITE,ziyadnz/hourly-ipv4,ziyadnz|hourly,2026-08-17T18:48:05Z,2026-08-17T18:48:05Z,
177.70.197.74,ipv4,malicious-ip,medium,WHITE,ziyadnz/hourly-ipv4,ziyadnz|hourly,2026-08-17T18:48:05Z,2026-08-17T18:48:05Z,
177.70.93.85,ipv4,malicious-ip,medium,WHITE,ziyadnz/hourly-ipv4,ziyadnz|hourly,2026-08-17T18:48:05Z,2026-08-17T18:48:05Z,
177.71.31.18,ipv4,malicious-ip,medium,WHITE,ziyadnz/hourly-ipv4,ziyadnz|hourly,2026-08-17T18:48:05Z,2026-08-17T18:48:05Z,
177.71.31.67,ipv4,malicious-ip,medium,WHITE,ziyadnz/hourly-ipv4,ziyadnz|hourly,2026-08-17T18:48:05Z,2026-08-17T18:48:05Z,
177.71.43.246,ipv4,malicious-ip,medium,WHITE,ziyadnz/hourly-ipv4,ziyadnz|hourly,2026-08-17T18:48:05Z,2026-08-17T18:48:05Z,
177.71.43.57,ipv4,malicious-ip,medium,WHITE,ziyadnz/hourly-ipv4,ziyadnz|hourly,2026-08-17T18:48:05Z,2026-08-17T18:48:05Z,
177.71.45.255,ipv4,malicious-ip,medium,WHITE,ziyadnz/hourly-ipv4,ziyadnz|hourly,2026-08-17T18:48:05Z,2026-08-17T18:48:05Z,
177.71.54.213,ipv4,malicious-ip,medium,WHITE,ziyadnz/hourly-ipv4,ziyadnz|hourly,2026-08-17T18:48:05Z,2026-08-17T18:48:05Z,
177.71.89.208,ipv4,malicious-ip,medium,WHITE,ziyadnz/hourly-ipv4,ziyadnz|hourly,2026-08-17T18:48:05Z,2026-08-17T18:48:05Z,
177.71.93.117,ipv4,malicious-ip,medium,WHITE,ziyadnz/hourly-ipv4,ziyadnz|hourly,2026-08-17T18:48:05Z,2026-08-17T18:48:05Z,
177.72.195.114,ipv4,malicious-ip,medium,WHITE,ziyadnz/hourly-ipv4,ziyadnz|hourly,2026-08-17T18:48:05Z,2026-08-17T18:48:05Z,
177.72.195.164,ipv4,malicious-ip,medium,WHITE,ziyadnz/hourly-ipv4,ziyadnz|hourly,2026-08-17T18:48:05Z,2026-08-17T18:48:05Z,
177.72.224.113,ipv4,malicious-ip,medium,WHITE,ziyadnz/hourly-ipv4,ziyadnz|hourly,2026-08-17T18:48:05Z,2026-08-17T18:48:05Z,
177.72.224.250,ipv4,malicious-ip,medium,WHITE,ziyadnz/hourly-ipv4,ziyadnz|hourly,2026-08-17T18:48:05Z,2026-08-17T18:48:05Z,
177.72.46.225,ipv4,malicious-ip,medium,WHITE,ziyadnz/hourly-ipv4,ziyadnz|hourly,2026-08-17T18:48:05Z,2026-08-17T18:48:05Z,
177.72.47.68,ipv4,malicious-ip,medium,WHITE,ziyadnz/hourly-ipv4,ziyadnz|hourly,2026-08-17T18:48:05Z,2026-08-17T18:48:05Z,
177.72.67.48,ipv4,malicious-ip,medium,WHITE,ziyadnz/hourly-ipv4,ziyadnz|hourly,2026-08-17T18:48:05Z,2026-08-17T18:48:05Z,
177.72.68.71,ipv4,malicious-ip,medium,WHITE,ziyadnz/hourly-ipv4,ziyadnz|hourly,2026-08-17T18:48:05Z,2026-08-17T18:48:05Z,
177.72.78.148,ipv4,malicious-ip,medium,WHITE,ziyadnz/hourly-ipv4,ziyadnz|hourly,2026-08-17T18:48:05Z,2026-08-17T18:48:05Z,
177.72.78.152,ipv4,malicious-ip,medium,WHITE,ziyadnz/hourly-ipv4,ziyadnz|hourly,2026-08-17T18:48:05Z,2026-08-17T18:48:05Z,
177.73.150.1,ipv4,malicious-ip,medium,WHITE,ziyadnz/hourly-ipv4,ziyadnz|hourly,2026-08-17T18:48:05Z,2026-08-17T18:48:05Z,
177.73.195.54,ipv4,malicious-ip,medium,WHITE,ziyadnz/hourly-ipv4,ziyadnz|hourly,2026-08-17T18:48:05Z,2026-08-17T18:48:05Z,
177.73.28.84,ipv4,malicious-ip,medium,WHITE,ziyadnz/hourly-ipv4,ziyadnz|hourly,2026-08-17T18:48:05Z,2026-08-17T18:48:05Z,
177.74.109.178,ipv4,malicious-ip,medium,WHITE,ziyadnz/hourly-ipv4,ziyadnz|hourly,2026-08-17T18:48:05Z,2026-08-17T18:48:05Z,
177.74.188.179,ipv4,malicious-ip,medium,WHITE,ziyadnz/hourly-ipv4,ziyadnz|hourly,2026-08-17T18:48:05Z,2026-08-17T18:48:05Z,
177.74.222.185,ipv4,malicious-ip,medium,WHITE,ziyadnz/hourly-ipv4,ziyadnz|hourly,2026-08-17T18:48:05Z,2026-08-17T18:48:05Z,
177.75.107.237,ipv4,malicious-ip,medium,WHITE,ziyadnz/hourly-ipv4,ziyadnz|hourly,2026-08-17T18:48:05Z,2026-08-17T18:48:05Z,
177.75.110.180,ipv4,malicious-ip,medium,WHITE,ziyadnz/hourly-ipv4,ziyadnz|hourly,2026-08-17T18:48:05Z,2026-08-17T18:48:05Z,
177.75.111.41,ipv4,malicious-ip,medium,WHITE,ziyadnz/hourly-ipv4,ziyadnz|hourly,2026-08-17T18:48:05Z,2026-08-17T18:48:05Z,
177.75.135.77,ipv4,malicious-ip,medium,WHITE,ziyadnz/hourly-ipv4,ziyadnz|hourly,2026-08-17T18:48:05Z,2026-08-17T18:48:05Z,
177.75.158.72,ipv4,malicious-ip,medium,WHITE,ziyadnz/hourly-ipv4,ziyadnz|hourly,2026-08-17T18:48:05Z,2026-08-17T18:48:05Z,
177.75.158.9,ipv4,malicious-ip,medium,WHITE,ziyadnz/hourly-ipv4,ziyadnz|hourly,2026-08-17T18:48:05Z,2026-08-17T18:48:05Z,
177.75.81.13,ipv4,malicious-ip,medium,WHITE,ziyadnz/hourly-ipv4,ziyadnz|hourly,2026-08-17T18:48:05Z,2026-08-17T18:48:05Z,
177.76.134.52,ipv4,malicious-ip,medium,WHITE,ziyadnz/hourly-ipv4,ziyadnz|hourly,2026-08-17T18:48:05Z,2026-08-17T18:48:05Z,
177.76.152.193,ipv4,malicious-ip,medium,WHITE,ziyadnz/hourly-ipv4,ziyadnz|hourly,2026-08-17T18:48:05Z,2026-08-17T18:48:05Z,
177.76.42.78,ipv4,malicious-ip,medium,WHITE,ziyadnz/hourly-ipv4,ziyadnz|hourly,2026-08-17T18:48:05Z,2026-08-17T18:48:05Z,
177.8.166.2,ipv4,malicious-ip,medium,WHITE,ziyadnz/hourly-ipv4,ziyadnz|hourly,2026-08-17T18:48:05Z,2026-08-17T18:48:05Z,
177.8.212.239,ipv4,malicious-ip,medium,WHITE,ziyadnz/hourly-ipv4,ziyadnz|hourly,2026-08-17T18:48:05Z,2026-08-17T18:48:05Z,
177.8.248.223,ipv4,malicious-ip,medium,WHITE,ziyadnz/hourly-ipv4,ziyadnz|hourly,2026-08-17T18:48:05Z,2026-08-17T18:48:05Z,
177.8.251.0,ipv4,malicious-ip,medium,WHITE,ziyadnz/hourly-ipv4,ziyadnz|hourly,2026-08-17T18:48:05Z,2026-08-17T18:48:05Z,
177.8.251.101,ipv4,malicious-ip,medium,WHITE,ziyadnz/hourly-ipv4,ziyadnz|hourly,2026-08-17T18:48:05Z,2026-08-17T18:48:05Z,
177.8.251.103,ipv4,malicious-ip,medium,WHITE,ziyadnz/hourly-ipv4,ziyadnz|hourly,2026-08-17T18:48:05Z,2026-08-17T18:48:05Z,
177.8.251.130,ipv4,malicious-ip,medium,WHITE,ziyadnz/hourly-ipv4,ziyadnz|hourly,2026-08-17T18:48:05Z,2026-08-17T18:48:05Z,
177.8.251.177,ipv4,malicious-ip,medium,WHITE,ziyadnz/hourly-ipv4,ziyadnz|hourly,2026-08-17T18:48:05Z,2026-08-17T18:48:05Z,
177.8.251.223,ipv4,malicious-ip,medium,WHITE,ziyadnz/hourly-ipv4,ziyadnz|hourly,2026-08-17T18:48:05Z,2026-08-17T18:48:05Z,
177.8.251.225,ipv4,malicious-ip,medium,WHITE,ziyadnz/hourly-ipv4,ziyadnz|hourly,2026-08-17T18:48:05Z,2026-08-17T18:48:05Z,
177.8.251.239,ipv4,malicious-ip,medium,WHITE,ziyadnz/hourly-ipv4,ziyadnz|hourly,2026-08-17T18:48:05Z,2026-08-17T18:48:05Z,
177.8.251.42,ipv4,malicious-ip,medium,WHITE,ziyadnz/hourly-ipv4,ziyadnz|hourly,2026-08-17T18:48:05Z,2026-08-17T18:48:05Z,
177.8.251.60,ipv4,malicious-ip,medium,WHITE,ziyadnz/hourly-ipv4,ziyadnz|hourly,2026-08-17T18:48:05Z,2026-08-17T18:48:05Z,
177.8.252.89,ipv4,malicious-ip,medium,WHITE,ziyadnz/hourly-ipv4,ziyadnz|hourly,2026-08-17T18:48:05Z,2026-08-17T18:48:05Z,
177.8.254.134,ipv4,malicious-ip,medium,WHITE,ziyadnz/hourly-ipv4,ziyadnz|hourly,2026-08-17T18:48:05Z,2026-08-17T18:48:05Z,
177.8.254.22,ipv4,malicious-ip,medium,WHITE,ziyadnz/hourly-ipv4,ziyadnz|hourly,2026-08-17T18:48:05Z,2026-08-17T18:48:05Z,
177.8.70.176,ipv4,malicious-ip,medium,WHITE,ziyadnz/hourly-ipv4,ziyadnz|hourly,2026-08-17T18:48:05Z,2026-08-17T18:48:05Z,
177.80.187.6,ipv4,malicious-ip,medium,WHITE,ziyadnz/hourly-ipv4,ziyadnz|hourly,2026-08-17T18:48:05Z,2026-08-17T18:48:05Z,
177.81.251.39,ipv4,malicious-ip,medium,WHITE,ziyadnz/hourly-ipv4,ziyadnz|hourly,2026-08-17T18:48:05Z,2026-08-17T18:48:05Z,
177.81.73.166,ipv4,malicious-ip,medium,WHITE,ziyadnz/hourly-ipv4,ziyadnz|hourly,2026-08-17T18:48:05Z,2026-08-17T18:48:05Z,
177.81.76.250,ipv4,malicious-ip,medium,WHITE,ziyadnz/hourly-ipv4,ziyadnz|hourly,2026-08-17T18:48:05Z,2026-08-17T18:48:05Z,
177.81.77.166,ipv4,malicious-ip,medium,WHITE,ziyadnz/hourly-ipv4,ziyadnz|hourly,2026-08-17T18:48:05Z,2026-08-17T18:48:05Z,
177.81.84.78,ipv4,malicious-ip,medium,WHITE,ziyadnz/hourly-ipv4,ziyadnz|hourly,2026-08-17T18:48:05Z,2026-08-17T18:48:05Z,
177.81.86.5,ipv4,malicious-ip,medium,WHITE,ziyadnz/hourly-ipv4,ziyadnz|hourly,2026-08-17T18:48:05Z,2026-08-17T18:48:05Z,
177.82.131.17,ipv4,malicious-ip,medium,WHITE,ziyadnz/hourly-ipv4,ziyadnz|hourly,2026-08-17T18:48:05Z,2026-08-17T18:48:05Z,
177.82.135.17,ipv4,malicious-ip,medium,WHITE,ziyadnz/hourly-ipv4,ziyadnz|hourly,2026-08-17T18:48:05Z,2026-08-17T18:48:05Z,
177.82.187.246,ipv4,malicious-ip,medium,WHITE,ziyadnz/hourly-ipv4,ziyadnz|hourly,2026-08-17T18:48:05Z,2026-08-17T18:48:05Z,
177.83.149.114,ipv4,malicious-ip,medium,WHITE,ziyadnz/hourly-ipv4,ziyadnz|hourly,2026-08-17T18:48:05Z,2026-08-17T18:48:05Z,
177.83.168.181,ipv4,malicious-ip,medium,WHITE,ziyadnz/hourly-ipv4,ziyadnz|hourly,2026-08-17T18:48:05Z,2026-08-17T18:48:05Z,
177.83.213.41,ipv4,malicious-ip,medium,WHITE,ziyadnz/hourly-ipv4,ziyadnz|hourly,2026-08-17T18:48:05Z,2026-08-17T18:48:05Z,
177.83.35.147,ipv4,malicious-ip,medium,WHITE,ziyadnz/hourly-ipv4,ziyadnz|hourly,2026-08-17T18:48:05Z,2026-08-17T18:48:05Z,
177.84.11.162,ipv4,malicious-ip,medium,WHITE,ziyadnz/hourly-ipv4,ziyadnz|hourly,2026-08-17T18:48:05Z,2026-08-17T18:48:05Z,
177.84.111.26,ipv4,malicious-ip,medium,WHITE,ziyadnz/hourly-ipv4,ziyadnz|hourly,2026-08-17T18:48:05Z,2026-08-17T18:48:05Z,
177.84.130.195,ipv4,malicious-ip,medium,WHITE,ziyadnz/hourly-ipv4,ziyadnz|hourly,2026-08-17T18:48:05Z,2026-08-17T18:48:05Z,
177.84.150.15,ipv4,malicious-ip,medium,WHITE,ziyadnz/hourly-ipv4,ziyadnz|hourly,2026-08-17T18:48:05Z,2026-08-17T18:48:05Z,
177.84.208.194,ipv4,malicious-ip,medium,WHITE,ziyadnz/hourly-ipv4,ziyadnz|hourly,2026-08-17T18:48:05Z,2026-08-17T18:48:05Z,
177.84.235.218,ipv4,malicious-ip,medium,WHITE,ziyadnz/hourly-ipv4,ziyadnz|hourly,2026-08-17T18:48:05Z,2026-08-17T18:48:05Z,
177.84.245.166,ipv4,malicious-ip,medium,WHITE,ziyadnz/hourly-ipv4,ziyadnz|hourly,2026-08-17T18:48:05Z,2026-08-17T18:48:05Z,
177.84.28.107,ipv4,malicious-ip,medium,WHITE,ziyadnz/hourly-ipv4,ziyadnz|hourly,2026-08-17T18:48:05Z,2026-08-17T18:48:05Z,
177.84.36.175,ipv4,malicious-ip,medium,WHITE,ziyadnz/hourly-ipv4,ziyadnz|hourly,2026-08-17T18:48:05Z,2026-08-17T18:48:05Z,
177.84.44.14,ipv4,malicious-ip,medium,WHITE,ziyadnz/hourly-ipv4,ziyadnz|hourly,2026-08-17T18:48:05Z,2026-08-17T18:48:05Z,
177.84.58.110,ipv4,malicious-ip,medium,WHITE,ziyadnz/hourly-ipv4,ziyadnz|hourly,2026-08-17T18:48:05Z,2026-08-17T18:48:05Z,
177.84.75.214,ipv4,malicious-ip,medium,WHITE,ziyadnz/hourly-ipv4,ziyadnz|hourly,2026-08-17T18:48:05Z,2026-08-17T18:48:05Z,
177.85.113.156,ipv4,malicious-ip,medium,WHITE,ziyadnz/hourly-ipv4,ziyadnz|hourly,2026-08-17T18:48:05Z,2026-08-17T18:48:05Z,
177.85.129.129,ipv4,malicious-ip,medium,WHITE,ziyadnz/hourly-ipv4,ziyadnz|hourly,2026-08-17T18:48:05Z,2026-08-17T18:48:05Z,
177.85.138.195,ipv4,malicious-ip,medium,WHITE,ziyadnz/hourly-ipv4,ziyadnz|hourly,2026-08-17T18:48:05Z,2026-08-17T18:48:05Z,
177.85.156.214,ipv4,malicious-ip,medium,WHITE,ziyadnz/hourly-ipv4,ziyadnz|hourly,2026-08-17T18:48:05Z,2026-08-17T18:48:05Z,
177.85.17.21,ipv4,malicious-ip,medium,WHITE,ziyadnz/hourly-ipv4,ziyadnz|hourly,2026-08-17T18:48:05Z,2026-08-17T18:48:05Z,
177.85.190.60,ipv4,malicious-ip,medium,WHITE,ziyadnz/hourly-ipv4,ziyadnz|hourly,2026-08-17T18:48:05Z,2026-08-17T18:48:05Z,
177.85.61.168,ipv4,malicious-ip,medium,WHITE,ziyadnz/hourly-ipv4,ziyadnz|hourly,2026-08-17T18:48:05Z,2026-08-17T18:48:05Z,
177.85.61.206,ipv4,malicious-ip,medium,WHITE,ziyadnz/hourly-ipv4,ziyadnz|hourly,2026-08-17T18:48:05Z,2026-08-17T18:48:05Z,
177.85.63.28,ipv4,malicious-ip,medium,WHITE,ziyadnz/hourly-ipv4,ziyadnz|hourly,2026-08-17T18:48:05Z,2026-08-17T18:48:05Z,
177.85.63.58,ipv4,malicious-ip,medium,WHITE,ziyadnz/hourly-ipv4,ziyadnz|hourly,2026-08-17T18:48:05Z,2026-08-17T18:48:05Z,
177.85.63.62,ipv4,malicious-ip,medium,WHITE,ziyadnz/hourly-ipv4,ziyadnz|hourly,2026-08-17T18:48:05Z,2026-08-17T18:48:05Z,
177.86.100.98,ipv4,malicious-ip,medium,WHITE,ziyadnz/hourly-ipv4,ziyadnz|hourly,2026-08-17T18:48:05Z,2026-08-17T18:48:05Z,
177.86.103.67,ipv4,malicious-ip,medium,WHITE,ziyadnz/hourly-ipv4,ziyadnz|hourly,2026-08-17T18:48:05Z,2026-08-17T18:48:05Z,
177.86.107.140,ipv4,malicious-ip,medium,WHITE,ziyadnz/hourly-ipv4,ziyadnz|hourly,2026-08-17T18:48:05Z,2026-08-17T18:48:05Z,
177.86.111.184,ipv4,malicious-ip,medium,WHITE,ziyadnz/hourly-ipv4,ziyadnz|hourly,2026-08-17T18:48:05Z,2026-08-17T18:48:05Z,
177.86.217.195,ipv4,malicious-ip,medium,WHITE,ziyadnz/hourly-ipv4,ziyadnz|hourly,2026-08-17T18:48:05Z,2026-08-17T18:48:05Z,
177.86.229.12,ipv4,malicious-ip,medium,WHITE,ziyadnz/hourly-ipv4,ziyadnz|hourly,2026-08-17T18:48:05Z,2026-08-17T18:48:05Z,
177.86.6.115,ipv4,malicious-ip,medium,WHITE,ziyadnz/hourly-ipv4,ziyadnz|hourly,2026-08-17T18:48:05Z,2026-08-17T18:48:05Z,
177.87.110.111,ipv4,malicious-ip,medium,WHITE,ziyadnz/hourly-ipv4,ziyadnz|hourly,2026-08-17T18:48:05Z,2026-08-17T18:48:05Z,
177.87.110.141,ipv4,malicious-ip,medium,WHITE,ziyadnz/hourly-ipv4,ziyadnz|hourly,2026-08-17T18:48:05Z,2026-08-17T18:48:05Z,
177.87.110.232,ipv4,malicious-ip,medium,WHITE,ziyadnz/hourly-ipv4,ziyadnz|hourly,2026-08-17T18:48:05Z,2026-08-17T18:48:05Z,
177.87.2.103,ipv4,malicious-ip,medium,WHITE,ziyadnz/hourly-ipv4,ziyadnz|hourly,2026-08-17T18:48:05Z,2026-08-17T18:48:05Z,
177.87.201.135,ipv4,malicious-ip,medium,WHITE,ziyadnz/hourly-ipv4,ziyadnz|hourly,2026-08-17T18:48:05Z,2026-08-17T18:48:05Z,
177.87.203.155,ipv4,malicious-ip,medium,WHITE,ziyadnz/hourly-ipv4,ziyadnz|hourly,2026-08-17T18:48:05Z,2026-08-17T18:48:05Z,
177.87.212.240,ipv4,malicious-ip,medium,WHITE,ziyadnz/hourly-ipv4,ziyadnz|hourly,2026-08-17T18:48:05Z,2026-08-17T18:48:05Z,
177.87.32.211,ipv4,malicious-ip,medium,WHITE,ziyadnz/hourly-ipv4,ziyadnz|hourly,2026-08-17T18:48:05Z,2026-08-17T18:48:05Z,
177.87.32.9,ipv4,malicious-ip,medium,WHITE,ziyadnz/hourly-ipv4,ziyadnz|hourly,2026-08-17T18:48:05Z,2026-08-17T18:48:05Z,
177.87.45.11,ipv4,malicious-ip,medium,WHITE,ziyadnz/hourly-ipv4,ziyadnz|hourly,2026-08-17T18:48:05Z,2026-08-17T18:48:05Z,
177.9.162.132,ipv4,malicious-ip,medium,WHITE,ziyadnz/hourly-ipv4,ziyadnz|hourly,2026-08-17T18:48:05Z,2026-08-17T18:48:05Z,
177.9.202.210,ipv4,malicious-ip,medium,WHITE,ziyadnz/hourly-ipv4,ziyadnz|hourly,2026-08-17T18:48:05Z,2026-08-17T18:48:05Z,
177.9.240.55,ipv4,malicious-ip,medium,WHITE,ziyadnz/hourly-ipv4,ziyadnz|hourly,2026-08-17T18:48:05Z,2026-08-17T18:48:05Z,
177.9.65.127,ipv4,malicious-ip,medium,WHITE,ziyadnz/hourly-ipv4,ziyadnz|hourly,2026-08-17T18:48:05Z,2026-08-17T18:48:05Z,
177.91.104.249,ipv4,malicious-ip,medium,WHITE,ziyadnz/hourly-ipv4,ziyadnz|hourly,2026-08-17T18:48:05Z,2026-08-17T18:48:05Z,
177.91.113.30,ipv4,malicious-ip,medium,WHITE,ziyadnz/hourly-ipv4,ziyadnz|hourly,2026-08-17T18:48:05Z,2026-08-17T18:48:05Z,
177.91.23.189,ipv4,malicious-ip,medium,WHITE,ziyadnz/hourly-ipv4,ziyadnz|hourly,2026-08-17T18:48:05Z,2026-08-17T18:48:05Z,
177.91.56.157,ipv4,malicious-ip,medium,WHITE,ziyadnz/hourly-ipv4,ziyadnz|hourly,2026-08-17T18:48:05Z,2026-08-17T18:48:05Z,
177.91.77.0,ipv4,malicious-ip,medium,WHITE,ziyadnz/hourly-ipv4,ziyadnz|hourly,2026-08-17T18:48:05Z,2026-08-17T18:48:05Z,
177.91.77.12,ipv4,malicious-ip,medium,WHITE,ziyadnz/hourly-ipv4,ziyadnz|hourly,2026-08-17T18:48:05Z,2026-08-17T18:48:05Z,
177.92.128.32,ipv4,malicious-ip,medium,WHITE,ziyadnz/hourly-ipv4,ziyadnz|hourly,2026-08-17T18:48:05Z,2026-08-17T18:48:05Z,
177.92.132.83,ipv4,malicious-ip,medium,WHITE,ziyadnz/hourly-ipv4,ziyadnz|hourly,2026-08-17T18:48:05Z,2026-08-17T18:48:05Z,
177.92.134.6,ipv4,malicious-ip,medium,WHITE,ziyadnz/hourly-ipv4,ziyadnz|hourly,2026-08-17T18:48:05Z,2026-08-17T18:48:05Z,
177.92.160.70,ipv4,malicious-ip,medium,WHITE,ziyadnz/hourly-ipv4,ziyadnz|hourly,2026-08-17T18:48:05Z,2026-08-17T18:48:05Z,
177.92.162.240,ipv4,malicious-ip,medium,WHITE,ziyadnz/hourly-ipv4,ziyadnz|hourly,2026-08-17T18:48:05Z,2026-08-17T18:48:05Z,
177.92.162.241,ipv4,malicious-ip,medium,WHITE,ziyadnz/hourly-ipv4,ziyadnz|hourly,2026-08-17T18:48:05Z,2026-08-17T18:48:05Z,
177.92.162.244,ipv4,malicious-ip,medium,WHITE,ziyadnz/hourly-ipv4,ziyadnz|hourly,2026-08-17T18:48:05Z,2026-08-17T18:48:05Z,
177.92.162.245,ipv4,malicious-ip,medium,WHITE,ziyadnz/hourly-ipv4,ziyadnz|hourly,2026-08-17T18:48:05Z,2026-08-17T18:48:05Z,
177.92.162.246,ipv4,malicious-ip,medium,WHITE,ziyadnz/hourly-ipv4,ziyadnz|hourly,2026-08-17T18:48:05Z,2026-08-17T18:48:05Z,
177.92.240.107,ipv4,malicious-ip,medium,WHITE,ziyadnz/hourly-ipv4,ziyadnz|hourly,2026-08-17T18:48:05Z,2026-08-17T18:48:05Z,
177.92.240.112,ipv4,malicious-ip,medium,WHITE,ziyadnz/hourly-ipv4,ziyadnz|hourly,2026-08-17T18:48:05Z,2026-08-17T18:48:05Z,
177.92.240.150,ipv4,malicious-ip,medium,WHITE,ziyadnz/hourly-ipv4,ziyadnz|hourly,2026-08-17T18:48:05Z,2026-08-17T18:48:05Z,
177.92.240.162,ipv4,malicious-ip,medium,WHITE,ziyadnz/hourly-ipv4,ziyadnz|hourly,2026-08-17T18:48:05Z,2026-08-17T18:48:05Z,
177.92.243.59,ipv4,malicious-ip,medium,WHITE,ziyadnz/hourly-ipv4,ziyadnz|hourly,2026-08-17T18:48:05Z,2026-08-17T18:48:05Z,
177.92.243.71,ipv4,malicious-ip,medium,WHITE,ziyadnz/hourly-ipv4,ziyadnz|hourly,2026-08-17T18:48:05Z,2026-08-17T18:48:05Z,
177.92.247.0,ipv4,malicious-ip,medium,WHITE,ziyadnz/hourly-ipv4,ziyadnz|hourly,2026-08-17T18:48:05Z,2026-08-17T18:48:05Z,
177.92.247.113,ipv4,malicious-ip,medium,WHITE,ziyadnz/hourly-ipv4,ziyadnz|hourly,2026-08-17T18:48:05Z,2026-08-17T18:48:05Z,
177.92.247.126,ipv4,malicious-ip,medium,WHITE,ziyadnz/hourly-ipv4,ziyadnz|hourly,2026-08-17T18:48:05Z,2026-08-17T18:48:05Z,
177.92.247.166,ipv4,malicious-ip,medium,WHITE,ziyadnz/hourly-ipv4,ziyadnz|hourly,2026-08-17T18:48:05Z,2026-08-17T18:48:05Z,
177.92.247.172,ipv4,malicious-ip,medium,WHITE,ziyadnz/hourly-ipv4,ziyadnz|hourly,2026-08-17T18:48:05Z,2026-08-17T18:48:05Z,
177.92.247.183,ipv4,malicious-ip,medium,WHITE,ziyadnz/hourly-ipv4,ziyadnz|hourly,2026-08-17T18:48:05Z,2026-08-17T18:48:05Z,
177.92.247.47,ipv4,malicious-ip,medium,WHITE,ziyadnz/hourly-ipv4,ziyadnz|hourly,2026-08-17T18:48:05Z,2026-08-17T18:48:05Z,
177.92.247.73,ipv4,malicious-ip,medium,WHITE,ziyadnz/hourly-ipv4,ziyadnz|hourly,2026-08-17T18:48:05Z,2026-08-17T18:48:05Z,
177.92.247.81,ipv4,malicious-ip,medium,WHITE,ziyadnz/hourly-ipv4,ziyadnz|hourly,2026-08-17T18:48:05Z,2026-08-17T18:48:05Z,
177.92.253.129,ipv4,malicious-ip,medium,WHITE,ziyadnz/hourly-ipv4,ziyadnz|hourly,2026-08-17T18:48:05Z,2026-08-17T18:48:05Z,
177.92.253.145,ipv4,malicious-ip,medium,WHITE,ziyadnz/hourly-ipv4,ziyadnz|hourly,2026-08-17T18:48:05Z,2026-08-17T18:48:05Z,
177.92.53.120,ipv4,malicious-ip,medium,WHITE,ziyadnz/hourly-ipv4,ziyadnz|hourly,2026-08-17T18:48:05Z,2026-08-17T18:48:05Z,
177.93.165.176,ipv4,malicious-ip,medium,WHITE,ziyadnz/hourly-ipv4,ziyadnz|hourly,2026-08-17T18:48:05Z,2026-08-17T18:48:05Z,
177.93.165.5,ipv4,malicious-ip,medium,WHITE,ziyadnz/hourly-ipv4,ziyadnz|hourly,2026-08-17T18:48:05Z,2026-08-17T18:48:05Z,
177.93.203.92,ipv4,malicious-ip,medium,WHITE,ziyadnz/hourly-ipv4,ziyadnz|hourly,2026-08-17T18:48:05Z,2026-08-17T18:48:05Z,
177.93.205.153,ipv4,malicious-ip,medium,WHITE,ziyadnz/hourly-ipv4,ziyadnz|hourly,2026-08-17T18:48:05Z,2026-08-17T18:48:05Z,
177.93.207.204,ipv4,malicious-ip,medium,WHITE,ziyadnz/hourly-ipv4,ziyadnz|hourly,2026-08-17T18:48:05Z,2026-08-17T18:48:05Z,
177.93.33.93,ipv4,malicious-ip,medium,WHITE,ziyadnz/hourly-ipv4,ziyadnz|hourly,2026-08-17T18:48:05Z,2026-08-17T18:48:05Z,
177.93.40.69,ipv4,malicious-ip,medium,WHITE,ziyadnz/hourly-ipv4,ziyadnz|hourly,2026-08-17T18:48:05Z,2026-08-17T18:48:05Z,
177.93.41.180,ipv4,malicious-ip,medium,WHITE,ziyadnz/hourly-ipv4,ziyadnz|hourly,2026-08-17T18:48:05Z,2026-08-17T18:48:05Z,
177.93.45.247,ipv4,malicious-ip,medium,WHITE,ziyadnz/hourly-ipv4,ziyadnz|hourly,2026-08-17T18:48:05Z,2026-08-17T18:48:05Z,
177.93.57.38,ipv4,malicious-ip,medium,WHITE,ziyadnz/hourly-ipv4,ziyadnz|hourly,2026-08-17T18:48:05Z,2026-08-17T18:48:05Z,
177.93.64.5,ipv4,malicious-ip,medium,WHITE,ziyadnz/hourly-ipv4,ziyadnz|hourly,2026-08-17T18:48:05Z,2026-08-17T18:48:05Z,
177.94.0.60,ipv4,malicious-ip,medium,WHITE,ziyadnz/hourly-ipv4,ziyadnz|hourly,2026-08-17T18:48:05Z,2026-08-17T18:48:05Z,
177.94.194.237,ipv4,malicious-ip,medium,WHITE,ziyadnz/hourly-ipv4,ziyadnz|hourly,2026-08-17T18:48:05Z,2026-08-17T18:48:05Z,
177.94.33.238,ipv4,malicious-ip,medium,WHITE,ziyadnz/hourly-ipv4,ziyadnz|hourly,2026-08-17T18:48:05Z,2026-08-17T18:48:05Z,
177.95.126.103,ipv4,malicious-ip,medium,WHITE,ziyadnz/hourly-ipv4,ziyadnz|hourly,2026-08-17T18:48:05Z,2026-08-17T18:48:05Z,
177.96.0.209,ipv4,malicious-ip,medium,WHITE,ziyadnz/hourly-ipv4,ziyadnz|hourly,2026-08-17T18:48:05Z,2026-08-17T18:48:05Z,
177.96.145.17,ipv4,malicious-ip,medium,WHITE,ziyadnz/hourly-ipv4,ziyadnz|hourly,2026-08-17T18:48:05Z,2026-08-17T18:48:05Z,
177.97.222.169,ipv4,malicious-ip,medium,WHITE,ziyadnz/hourly-ipv4,ziyadnz|hourly,2026-08-17T18:48:05Z,2026-08-17T18:48:05Z,
177.98.121.248,ipv4,malicious-ip,medium,WHITE,ziyadnz/hourly-ipv4,ziyadnz|hourly,2026-08-17T18:48:05Z,2026-08-17T18:48:05Z,
177.98.179.36,ipv4,malicious-ip,medium,WHITE,ziyadnz/hourly-ipv4,ziyadnz|hourly,2026-08-17T18:48:05Z,2026-08-17T18:48:05Z,
177.98.197.159,ipv4,malicious-ip,medium,WHITE,ziyadnz/hourly-ipv4,ziyadnz|hourly,2026-08-17T18:48:05Z,2026-08-17T18:48:05Z,
177.99.161.122,ipv4,malicious-ip,medium,WHITE,ziyadnz/hourly-ipv4,ziyadnz|hourly,2026-08-17T18:48:05Z,2026-08-17T18:48:05Z,
177.99.193.135,ipv4,malicious-ip,medium,WHITE,ziyadnz/hourly-ipv4,ziyadnz|hourly,2026-08-17T18:48:05Z,2026-08-17T18:48:05Z,
177.99.78.100,ipv4,malicious-ip,medium,WHITE,ziyadnz/hourly-ipv4,ziyadnz|hourly,2026-08-17T18:48:05Z,2026-08-17T18:48:05Z,
178.104.102.138,ipv4,malicious-ip,medium,WHITE,ziyadnz/hourly-ipv4,ziyadnz|hourly,2026-08-17T18:48:05Z,2026-08-17T18:48:05Z,
178.104.119.114,ipv4,malicious-ip,medium,WHITE,ziyadnz/hourly-ipv4,ziyadnz|hourly,2026-08-17T18:48:05Z,2026-08-17T18:48:05Z,
178.104.12.0,ipv4,malicious-ip,medium,WHITE,ziyadnz/hourly-ipv4,ziyadnz|hourly,2026-08-17T18:48:05Z,2026-08-17T18:48:05Z,
178.104.121.73,ipv4,malicious-ip,medium,WHITE,ziyadnz/hourly-ipv4,ziyadnz|hourly,2026-08-17T18:48:05Z,2026-08-17T18:48:05Z,
178.104.126.223,ipv4,malicious-ip,medium,WHITE,ziyadnz/hourly-ipv4,ziyadnz|hourly,2026-08-17T18:48:05Z,2026-08-17T18:48:05Z,
178.104.133.1,ipv4,malicious-ip,medium,WHITE,ziyadnz/hourly-ipv4,ziyadnz|hourly,2026-08-17T18:48:05Z,2026-08-17T18:48:05Z,
178.104.137.189,ipv4,malicious-ip,medium,WHITE,ziyadnz/hourly-ipv4,ziyadnz|hourly,2026-08-17T18:48:05Z,2026-08-17T18:48:05Z,
178.104.143.20,ipv4,malicious-ip,medium,WHITE,ziyadnz/hourly-ipv4,ziyadnz|hourly,2026-08-17T18:48:05Z,2026-08-17T18:48:05Z,
178.104.143.3,ipv4,malicious-ip,medium,WHITE,ziyadnz/hourly-ipv4,ziyadnz|hourly,2026-08-17T18:48:05Z,2026-08-17T18:48:05Z,
178.104.145.136,ipv4,malicious-ip,medium,WHITE,ziyadnz/hourly-ipv4,ziyadnz|hourly,2026-08-17T18:48:05Z,2026-08-17T18:48:05Z,
178.104.157.53,ipv4,malicious-ip,medium,WHITE,ziyadnz/hourly-ipv4,ziyadnz|hourly,2026-08-17T18:48:05Z,2026-08-17T18:48:05Z,
178.104.179.251,ipv4,malicious-ip,medium,WHITE,ziyadnz/hourly-ipv4,ziyadnz|hourly,2026-08-17T18:48:05Z,2026-08-17T18:48:05Z,
178.104.190.54,ipv4,malicious-ip,medium,WHITE,ziyadnz/hourly-ipv4,ziyadnz|hourly,2026-08-17T18:48:05Z,2026-08-17T18:48:05Z,
178.104.212.18,ipv4,malicious-ip,medium,WHITE,ziyadnz/hourly-ipv4,ziyadnz|hourly,2026-08-17T18:48:05Z,2026-08-17T18:48:05Z,
178.104.22.197,ipv4,malicious-ip,medium,WHITE,ziyadnz/hourly-ipv4,ziyadnz|hourly,2026-08-17T18:48:05Z,2026-08-17T18:48:05Z,
178.104.232.14,ipv4,malicious-ip,medium,WHITE,ziyadnz/hourly-ipv4,ziyadnz|hourly,2026-08-17T18:48:05Z,2026-08-17T18:48:05Z,
178.104.243.214,ipv4,malicious-ip,medium,WHITE,ziyadnz/hourly-ipv4,ziyadnz|hourly,2026-08-17T18:48:05Z,2026-08-17T18:48:05Z,
178.104.247.113,ipv4,malicious-ip,medium,WHITE,ziyadnz/hourly-ipv4,ziyadnz|hourly,2026-08-17T18:48:05Z,2026-08-17T18:48:05Z,
178.104.252.101,ipv4,malicious-ip,medium,WHITE,ziyadnz/hourly-ipv4,ziyadnz|hourly,2026-08-17T18:48:05Z,2026-08-17T18:48:05Z,
178.104.255.217,ipv4,malicious-ip,medium,WHITE,ziyadnz/hourly-ipv4,ziyadnz|hourly,2026-08-17T18:48:05Z,2026-08-17T18:48:05Z,
178.104.29.116,ipv4,malicious-ip,medium,WHITE,ziyadnz/hourly-ipv4,ziyadnz|hourly,2026-08-17T18:48:05Z,2026-08-17T18:48:05Z,
178.104.41.130,ipv4,malicious-ip,medium,WHITE,ziyadnz/hourly-ipv4,ziyadnz|hourly,2026-08-17T18:48:05Z,2026-08-17T18:48:05Z,
178.104.53.168,ipv4,malicious-ip,medium,WHITE,ziyadnz/hourly-ipv4,ziyadnz|hourly,2026-08-17T18:48:05Z,2026-08-17T18:48:05Z,
178.104.61.52,ipv4,malicious-ip,medium,WHITE,ziyadnz/hourly-ipv4,ziyadnz|hourly,2026-08-17T18:48:05Z,2026-08-17T18:48:05Z,
178.104.75.140,ipv4,malicious-ip,medium,WHITE,ziyadnz/hourly-ipv4,ziyadnz|hourly,2026-08-17T18:48:05Z,2026-08-17T18:48:05Z,
178.104.78.139,ipv4,malicious-ip,medium,WHITE,ziyadnz/hourly-ipv4,ziyadnz|hourly,2026-08-17T18:48:05Z,2026-08-17T18:48:05Z,
178.104.8.155,ipv4,malicious-ip,medium,WHITE,ziyadnz/hourly-ipv4,ziyadnz|hourly,2026-08-17T18:48:05Z,2026-08-17T18:48:05Z,
178.105.103.89,ipv4,malicious-ip,medium,WHITE,ziyadnz/hourly-ipv4,ziyadnz|hourly,2026-08-17T18:48:05Z,2026-08-17T18:48:05Z,
178.105.136.0,ipv4,malicious-ip,medium,WHITE,ziyadnz/hourly-ipv4,ziyadnz|hourly,2026-08-17T18:48:05Z,2026-08-17T18:48:05Z,
178.105.144.53,ipv4,malicious-ip,medium,WHITE,ziyadnz/hourly-ipv4,ziyadnz|hourly,2026-08-17T18:48:05Z,2026-08-17T18:48:05Z,
178.105.163.37,ipv4,malicious-ip,medium,WHITE,ziyadnz/hourly-ipv4,ziyadnz|hourly,2026-08-17T18:48:05Z,2026-08-17T18:48:05Z,
178.105.165.145,ipv4,malicious-ip,medium,WHITE,ziyadnz/hourly-ipv4,ziyadnz|hourly,2026-08-17T18:48:05Z,2026-08-17T18:48:05Z,
178.105.173.224,ipv4,malicious-ip,medium,WHITE,ziyadnz/hourly-ipv4,ziyadnz|hourly,2026-08-17T18:48:05Z,2026-08-17T18:48:05Z,
178.105.179.241,ipv4,malicious-ip,medium,WHITE,ziyadnz/hourly-ipv4,ziyadnz|hourly,2026-08-17T18:48:05Z,2026-08-17T18:48:05Z,
178.105.182.138,ipv4,malicious-ip,medium,WHITE,ziyadnz/hourly-ipv4,ziyadnz|hourly,2026-08-17T18:48:05Z,2026-08-17T18:48:05Z,
178.105.200.202,ipv4,malicious-ip,medium,WHITE,ziyadnz/hourly-ipv4,ziyadnz|hourly,2026-08-17T18:48:05Z,2026-08-17T18:48:05Z,
178.105.251.55,ipv4,malicious-ip,medium,WHITE,ziyadnz/hourly-ipv4,ziyadnz|hourly,2026-08-17T18:48:05Z,2026-08-17T18:48:05Z,
178.105.41.176,ipv4,malicious-ip,medium,WHITE,ziyadnz/hourly-ipv4,ziyadnz|hourly,2026-08-17T18:48:05Z,2026-08-17T18:48:05Z,
178.105.43.250,ipv4,malicious-ip,medium,WHITE,ziyadnz/hourly-ipv4,ziyadnz|hourly,2026-08-17T18:48:05Z,2026-08-17T18:48:05Z,
178.105.63.99,ipv4,malicious-ip,medium,WHITE,ziyadnz/hourly-ipv4,ziyadnz|hourly,2026-08-17T18:48:05Z,2026-08-17T18:48:05Z,
178.105.68.57,ipv4,malicious-ip,medium,WHITE,ziyadnz/hourly-ipv4,ziyadnz|hourly,2026-08-17T18:48:05Z,2026-08-17T18:48:05Z,
178.105.89.58,ipv4,malicious-ip,medium,WHITE,ziyadnz/hourly-ipv4,ziyadnz|hourly,2026-08-17T18:48:05Z,2026-08-17T18:48:05Z,
178.118.214.229,ipv4,malicious-ip,medium,WHITE,ziyadnz/hourly-ipv4,ziyadnz|hourly,2026-08-17T18:48:05Z,2026-08-17T18:48:05Z,
178.119.96.31,ipv4,malicious-ip,medium,WHITE,ziyadnz/hourly-ipv4,ziyadnz|hourly,2026-08-17T18:48:05Z,2026-08-17T18:48:05Z,
178.120.163.60,ipv4,malicious-ip,medium,WHITE,ziyadnz/hourly-ipv4,ziyadnz|hourly,2026-08-17T18:48:05Z,2026-08-17T18:48:05Z,
178.120.54.105,ipv4,malicious-ip,medium,WHITE,ziyadnz/hourly-ipv4,ziyadnz|hourly,2026-08-17T18:48:05Z,2026-08-17T18:48:05Z,
178.124.179.252,ipv4,malicious-ip,medium,WHITE,ziyadnz/hourly-ipv4,ziyadnz|hourly,2026-08-17T18:48:05Z,2026-08-17T18:48:05Z,
178.124.201.4,ipv4,malicious-ip,medium,WHITE,ziyadnz/hourly-ipv4,ziyadnz|hourly,2026-08-17T18:48:05Z,2026-08-17T18:48:05Z,
178.125.204.198,ipv4,malicious-ip,medium,WHITE,ziyadnz/hourly-ipv4,ziyadnz|hourly,2026-08-17T18:48:05Z,2026-08-17T18:48:05Z,
178.128.0.186,ipv4,malicious-ip,medium,WHITE,ziyadnz/hourly-ipv4,ziyadnz|hourly,2026-08-17T18:48:05Z,2026-08-17T18:48:05Z,
178.128.1.119,ipv4,malicious-ip,medium,WHITE,ziyadnz/hourly-ipv4,ziyadnz|hourly,2026-08-17T18:48:05Z,2026-08-17T18:48:05Z,
178.128.102.108,ipv4,malicious-ip,medium,WHITE,ziyadnz/hourly-ipv4,ziyadnz|hourly,2026-08-17T18:48:05Z,2026-08-17T18:48:05Z,
178.128.104.127,ipv4,malicious-ip,medium,WHITE,ziyadnz/hourly-ipv4,ziyadnz|hourly,2026-08-17T18:48:05Z,2026-08-17T18:48:05Z,
178.128.107.204,ipv4,malicious-ip,medium,WHITE,ziyadnz/hourly-ipv4,ziyadnz|hourly,2026-08-17T18:48:05Z,2026-08-17T18:48:05Z,
178.128.108.209,ipv4,malicious-ip,medium,WHITE,ziyadnz/hourly-ipv4,ziyadnz|hourly,2026-08-17T18:48:05Z,2026-08-17T18:48:05Z,
178.128.109.37,ipv4,malicious-ip,medium,WHITE,ziyadnz/hourly-ipv4,ziyadnz|hourly,2026-08-17T18:48:05Z,2026-08-17T18:48:05Z,
178.128.116.3,ipv4,malicious-ip,medium,WHITE,ziyadnz/hourly-ipv4,ziyadnz|hourly,2026-08-17T18:48:05Z,2026-08-17T18:48:05Z,
178.128.119.178,ipv4,malicious-ip,medium,WHITE,ziyadnz/hourly-ipv4,ziyadnz|hourly,2026-08-17T18:48:05Z,2026-08-17T18:48:05Z,
178.128.119.93,ipv4,malicious-ip,medium,WHITE,ziyadnz/hourly-ipv4,ziyadnz|hourly,2026-08-17T18:48:05Z,2026-08-17T18:48:05Z,
178.128.12.117,ipv4,malicious-ip,medium,WHITE,ziyadnz/hourly-ipv4,ziyadnz|hourly,2026-08-17T18:48:05Z,2026-08-17T18:48:05Z,
178.128.13.184,ipv4,malicious-ip,medium,WHITE,ziyadnz/hourly-ipv4,ziyadnz|hourly,2026-08-17T18:48:05Z,2026-08-17T18:48:05Z,
178.128.14.220,ipv4,malicious-ip,medium,WHITE,ziyadnz/hourly-ipv4,ziyadnz|hourly,2026-08-17T18:48:05Z,2026-08-17T18:48:05Z,
178.128.144.61,ipv4,malicious-ip,medium,WHITE,ziyadnz/hourly-ipv4,ziyadnz|hourly,2026-08-17T18:48:05Z,2026-08-17T18:48:05Z,
178.128.147.121,ipv4,malicious-ip,medium,WHITE,ziyadnz/hourly-ipv4,ziyadnz|hourly,2026-08-17T18:48:05Z,2026-08-17T18:48:05Z,
178.128.148.166,ipv4,malicious-ip,medium,WHITE,ziyadnz/hourly-ipv4,ziyadnz|hourly,2026-08-17T18:48:05Z,2026-08-17T18:48:05Z,
178.128.151.209,ipv4,malicious-ip,medium,WHITE,ziyadnz/hourly-ipv4,ziyadnz|hourly,2026-08-17T18:48:05Z,2026-08-17T18:48:05Z,
178.128.155.56,ipv4,malicious-ip,medium,WHITE,ziyadnz/hourly-ipv4,ziyadnz|hourly,2026-08-17T18:48:05Z,2026-08-17T18:48:05Z,
178.128.157.54,ipv4,malicious-ip,medium,WHITE,ziyadnz/hourly-ipv4,ziyadnz|hourly,2026-08-17T18:48:05Z,2026-08-17T18:48:05Z,
178.128.158.216,ipv4,malicious-ip,medium,WHITE,ziyadnz/hourly-ipv4,ziyadnz|hourly,2026-08-17T18:48:05Z,2026-08-17T18:48:05Z,
178.128.158.73,ipv4,malicious-ip,medium,WHITE,ziyadnz/hourly-ipv4,ziyadnz|hourly,2026-08-17T18:48:05Z,2026-08-17T18:48:05Z,
178.128.159.24,ipv4,malicious-ip,medium,WHITE,ziyadnz/hourly-ipv4,ziyadnz|hourly,2026-08-17T18:48:05Z,2026-08-17T18:48:05Z,
178.128.171.206,ipv4,malicious-ip,medium,WHITE,ziyadnz/hourly-ipv4,ziyadnz|hourly,2026-08-17T18:48:05Z,2026-08-17T18:48:05Z,
178.128.172.49,ipv4,malicious-ip,medium,WHITE,ziyadnz/hourly-ipv4,ziyadnz|hourly,2026-08-17T18:48:05Z,2026-08-17T18:48:05Z,
178.128.178.209,ipv4,malicious-ip,medium,WHITE,ziyadnz/hourly-ipv4,ziyadnz|hourly,2026-08-17T18:48:05Z,2026-08-17T18:48:05Z,
178.128.179.107,ipv4,malicious-ip,medium,WHITE,ziyadnz/hourly-ipv4,ziyadnz|hourly,2026-08-17T18:48:05Z,2026-08-17T18:48:05Z,
178.128.18.100,ipv4,malicious-ip,medium,WHITE,ziyadnz/hourly-ipv4,ziyadnz|hourly,2026-08-17T18:48:05Z,2026-08-17T18:48:05Z,
178.128.183.16,ipv4,malicious-ip,medium,WHITE,ziyadnz/hourly-ipv4,ziyadnz|hourly,2026-08-17T18:48:05Z,2026-08-17T18:48:05Z,
178.128.185.29,ipv4,malicious-ip,medium,WHITE,ziyadnz/hourly-ipv4,ziyadnz|hourly,2026-08-17T18:48:05Z,2026-08-17T18:48:05Z,
178.128.193.58,ipv4,malicious-ip,medium,WHITE,ziyadnz/hourly-ipv4,ziyadnz|hourly,2026-08-17T18:48:05Z,2026-08-17T18:48:05Z,
178.128.198.12,ipv4,malicious-ip,medium,WHITE,ziyadnz/hourly-ipv4,ziyadnz|hourly,2026-08-17T18:48:05Z,2026-08-17T18:48:05Z,
178.128.2.28,ipv4,malicious-ip,medium,WHITE,ziyadnz/hourly-ipv4,ziyadnz|hourly,2026-08-17T18:48:05Z,2026-08-17T18:48:05Z,
178.128.204.108,ipv4,malicious-ip,medium,WHITE,ziyadnz/hourly-ipv4,ziyadnz|hourly,2026-08-17T18:48:05Z,2026-08-17T18:48:05Z,
178.128.204.138,ipv4,malicious-ip,medium,WHITE,ziyadnz/hourly-ipv4,ziyadnz|hourly,2026-08-17T18:48:05Z,2026-08-17T18:48:05Z,
178.128.207.138,ipv4,malicious-ip,medium,WHITE,ziyadnz/hourly-ipv4,ziyadnz|hourly,2026-08-17T18:48:05Z,2026-08-17T18:48:05Z,
178.128.207.189,ipv4,malicious-ip,medium,WHITE,ziyadnz/hourly-ipv4,ziyadnz|hourly,2026-08-17T18:48:05Z,2026-08-17T18:48:05Z,
178.128.214.243,ipv4,malicious-ip,medium,WHITE,ziyadnz/hourly-ipv4,ziyadnz|hourly,2026-08-17T18:48:05Z,2026-08-17T18:48:05Z,
178.128.224.184,ipv4,malicious-ip,medium,WHITE,ziyadnz/hourly-ipv4,ziyadnz|hourly,2026-08-17T18:48:05Z,2026-08-17T18:48:05Z,
178.128.225.122,ipv4,malicious-ip,medium,WHITE,ziyadnz/hourly-ipv4,ziyadnz|hourly,2026-08-17T18:48:05Z,2026-08-17T18:48:05Z,
178.128.226.81,ipv4,malicious-ip,medium,WHITE,ziyadnz/hourly-ipv4,ziyadnz|hourly,2026-08-17T18:48:05Z,2026-08-17T18:48:05Z,
178.128.233.150,ipv4,malicious-ip,medium,WHITE,ziyadnz/hourly-ipv4,ziyadnz|hourly,2026-08-17T18:48:05Z,2026-08-17T18:48:05Z,
178.128.235.192,ipv4,malicious-ip,medium,WHITE,ziyadnz/hourly-ipv4,ziyadnz|hourly,2026-08-17T18:48:05Z,2026-08-17T18:48:05Z,
178.128.236.42,ipv4,malicious-ip,medium,WHITE,ziyadnz/hourly-ipv4,ziyadnz|hourly,2026-08-17T18:48:05Z,2026-08-17T18:48:05Z,
178.128.237.178,ipv4,malicious-ip,medium,WHITE,ziyadnz/hourly-ipv4,ziyadnz|hourly,2026-08-17T18:48:05Z,2026-08-17T18:48:05Z,
178.128.237.213,ipv4,malicious-ip,medium,WHITE,ziyadnz/hourly-ipv4,ziyadnz|hourly,2026-08-17T18:48:05Z,2026-08-17T18:48:05Z,
178.128.24.248,ipv4,malicious-ip,medium,WHITE,ziyadnz/hourly-ipv4,ziyadnz|hourly,2026-08-17T18:48:05Z,2026-08-17T18:48:05Z,
178.128.24.4,ipv4,malicious-ip,medium,WHITE,ziyadnz/hourly-ipv4,ziyadnz|hourly,2026-08-17T18:48:05Z,2026-08-17T18:48:05Z,
178.128.242.238,ipv4,malicious-ip,medium,WHITE,ziyadnz/hourly-ipv4,ziyadnz|hourly,2026-08-17T18:48:05Z,2026-08-17T18:48:05Z,
178.128.248.249,ipv4,malicious-ip,medium,WHITE,ziyadnz/hourly-ipv4,ziyadnz|hourly,2026-08-17T18:48:05Z,2026-08-17T18:48:05Z,
178.128.255.96,ipv4,malicious-ip,medium,WHITE,ziyadnz/hourly-ipv4,ziyadnz|hourly,2026-08-17T18:48:05Z,2026-08-17T18:48:05Z,
178.128.26.220,ipv4,malicious-ip,medium,WHITE,ziyadnz/hourly-ipv4,ziyadnz|hourly,2026-08-17T18:48:05Z,2026-08-17T18:48:05Z,
178.128.27.205,ipv4,malicious-ip,medium,WHITE,ziyadnz/hourly-ipv4,ziyadnz|hourly,2026-08-17T18:48:05Z,2026-08-17T18:48:05Z,
178.128.3.195,ipv4,malicious-ip,medium,WHITE,ziyadnz/hourly-ipv4,ziyadnz|hourly,2026-08-17T18:48:05Z,2026-08-17T18:48:05Z,
178.128.32.203,ipv4,malicious-ip,medium,WHITE,ziyadnz/hourly-ipv4,ziyadnz|hourly,2026-08-17T18:48:05Z,2026-08-17T18:48:05Z,
178.128.33.44,ipv4,malicious-ip,medium,WHITE,ziyadnz/hourly-ipv4,ziyadnz|hourly,2026-08-17T18:48:05Z,2026-08-17T18:48:05Z,
178.128.38.38,ipv4,malicious-ip,medium,WHITE,ziyadnz/hourly-ipv4,ziyadnz|hourly,2026-08-17T18:48:05Z,2026-08-17T18:48:05Z,
178.128.50.119,ipv4,malicious-ip,medium,WHITE,ziyadnz/hourly-ipv4,ziyadnz|hourly,2026-08-17T18:48:05Z,2026-08-17T18:48:05Z,
178.128.51.42,ipv4,malicious-ip,medium,WHITE,ziyadnz/hourly-ipv4,ziyadnz|hourly,2026-08-17T18:48:05Z,2026-08-17T18:48:05Z,
178.128.51.84,ipv4,malicious-ip,medium,WHITE,ziyadnz/hourly-ipv4,ziyadnz|hourly,2026-08-17T18:48:05Z,2026-08-17T18:48:05Z,
178.128.60.22,ipv4,malicious-ip,medium,WHITE,ziyadnz/hourly-ipv4,ziyadnz|hourly,2026-08-17T18:48:05Z,2026-08-17T18:48:05Z,
178.128.60.34,ipv4,malicious-ip,medium,WHITE,ziyadnz/hourly-ipv4,ziyadnz|hourly,2026-08-17T18:48:05Z,2026-08-17T18:48:05Z,
178.128.66.109,ipv4,malicious-ip,medium,WHITE,ziyadnz/hourly-ipv4,ziyadnz|hourly,2026-08-17T18:48:05Z,2026-08-17T18:48:05Z,
178.128.66.56,ipv4,malicious-ip,medium,WHITE,ziyadnz/hourly-ipv4,ziyadnz|hourly,2026-08-17T18:48:05Z,2026-08-17T18:48:05Z,
178.128.68.212,ipv4,malicious-ip,medium,WHITE,ziyadnz/hourly-ipv4,ziyadnz|hourly,2026-08-17T18:48:05Z,2026-08-17T18:48:05Z,
178.128.69.245,ipv4,malicious-ip,medium,WHITE,ziyadnz/hourly-ipv4,ziyadnz|hourly,2026-08-17T18:48:05Z,2026-08-17T18:48:05Z,
178.128.69.88,ipv4,malicious-ip,medium,WHITE,ziyadnz/hourly-ipv4,ziyadnz|hourly,2026-08-17T18:48:05Z,2026-08-17T18:48:05Z,
178.128.72.83,ipv4,malicious-ip,medium,WHITE,ziyadnz/hourly-ipv4,ziyadnz|hourly,2026-08-17T18:48:05Z,2026-08-17T18:48:05Z,
178.128.76.6,ipv4,malicious-ip,medium,WHITE,ziyadnz/hourly-ipv4,ziyadnz|hourly,2026-08-17T18:48:05Z,2026-08-17T18:48:05Z,
178.128.77.155,ipv4,malicious-ip,medium,WHITE,ziyadnz/hourly-ipv4,ziyadnz|hourly,2026-08-17T18:48:05Z,2026-08-17T18:48:05Z,
178.128.83.165,ipv4,malicious-ip,medium,WHITE,ziyadnz/hourly-ipv4,ziyadnz|hourly,2026-08-17T18:48:05Z,2026-08-17T18:48:05Z,
178.128.84.112,ipv4,malicious-ip,medium,WHITE,ziyadnz/hourly-ipv4,ziyadnz|hourly,2026-08-17T18:48:05Z,2026-08-17T18:48:05Z,
178.128.84.187,ipv4,malicious-ip,medium,WHITE,ziyadnz/hourly-ipv4,ziyadnz|hourly,2026-08-17T18:48:05Z,2026-08-17T18:48:05Z,
178.128.92.52,ipv4,malicious-ip,medium,WHITE,ziyadnz/hourly-ipv4,ziyadnz|hourly,2026-08-17T18:48:05Z,2026-08-17T18:48:05Z,
178.128.95.222,ipv4,malicious-ip,medium,WHITE,ziyadnz/hourly-ipv4,ziyadnz|hourly,2026-08-17T18:48:05Z,2026-08-17T18:48:05Z,
178.128.95.99,ipv4,malicious-ip,medium,WHITE,ziyadnz/hourly-ipv4,ziyadnz|hourly,2026-08-17T18:48:05Z,2026-08-17T18:48:05Z,
178.130.42.94,ipv4,malicious-ip,medium,WHITE,ziyadnz/hourly-ipv4,ziyadnz|hourly,2026-08-17T18:48:05Z,2026-08-17T18:48:05Z,
178.130.46.28,ipv4,malicious-ip,medium,WHITE,ziyadnz/hourly-ipv4,ziyadnz|hourly,2026-08-17T18:48:05Z,2026-08-17T18:48:05Z,
178.130.46.8,ipv4,malicious-ip,medium,WHITE,ziyadnz/hourly-ipv4,ziyadnz|hourly,2026-08-17T18:48:05Z,2026-08-17T18:48:05Z,
178.130.47.129,ipv4,malicious-ip,medium,WHITE,ziyadnz/hourly-ipv4,ziyadnz|hourly,2026-08-17T18:48:05Z,2026-08-17T18:48:05Z,
178.130.47.44,ipv4,malicious-ip,medium,WHITE,ziyadnz/hourly-ipv4,ziyadnz|hourly,2026-08-17T18:48:05Z,2026-08-17T18:48:05Z,
178.132.144.161,ipv4,malicious-ip,medium,WHITE,ziyadnz/hourly-ipv4,ziyadnz|hourly,2026-08-17T18:48:05Z,2026-08-17T18:48:05Z,
178.132.198.200,ipv4,malicious-ip,medium,WHITE,ziyadnz/hourly-ipv4,ziyadnz|hourly,2026-08-17T18:48:05Z,2026-08-17T18:48:05Z,
178.134.12.221,ipv4,malicious-ip,medium,WHITE,ziyadnz/hourly-ipv4,ziyadnz|hourly,2026-08-17T18:48:05Z,2026-08-17T18:48:05Z,
178.134.132.10,ipv4,malicious-ip,medium,WHITE,ziyadnz/hourly-ipv4,ziyadnz|hourly,2026-08-17T18:48:05Z,2026-08-17T18:48:05Z,
178.134.185.82,ipv4,malicious-ip,medium,WHITE,ziyadnz/hourly-ipv4,ziyadnz|hourly,2026-08-17T18:48:05Z,2026-08-17T18:48:05Z,
178.134.214.198,ipv4,malicious-ip,medium,WHITE,ziyadnz/hourly-ipv4,ziyadnz|hourly,2026-08-17T18:48:05Z,2026-08-17T18:48:05Z,
178.134.234.5,ipv4,malicious-ip,medium,WHITE,ziyadnz/hourly-ipv4,ziyadnz|hourly,2026-08-17T18:48:05Z,2026-08-17T18:48:05Z,
178.134.24.213,ipv4,malicious-ip,medium,WHITE,ziyadnz/hourly-ipv4,ziyadnz|hourly,2026-08-17T18:48:05Z,2026-08-17T18:48:05Z,
178.134.39.10,ipv4,malicious-ip,medium,WHITE,ziyadnz/hourly-ipv4,ziyadnz|hourly,2026-08-17T18:48:05Z,2026-08-17T18:48:05Z,
178.135.49.180,ipv4,malicious-ip,medium,WHITE,ziyadnz/hourly-ipv4,ziyadnz|hourly,2026-08-17T18:48:05Z,2026-08-17T18:48:05Z,
178.135.49.183,ipv4,malicious-ip,medium,WHITE,ziyadnz/hourly-ipv4,ziyadnz|hourly,2026-08-17T18:48:05Z,2026-08-17T18:48:05Z,
178.136.108.28,ipv4,malicious-ip,medium,WHITE,ziyadnz/hourly-ipv4,ziyadnz|hourly,2026-08-17T18:48:05Z,2026-08-17T18:48:05Z,
178.136.37.133,ipv4,malicious-ip,medium,WHITE,ziyadnz/hourly-ipv4,ziyadnz|hourly,2026-08-17T18:48:05Z,2026-08-17T18:48:05Z,
178.136.38.51,ipv4,malicious-ip,medium,WHITE,ziyadnz/hourly-ipv4,ziyadnz|hourly,2026-08-17T18:48:05Z,2026-08-17T18:48:05Z,
178.136.43.241,ipv4,malicious-ip,medium,WHITE,ziyadnz/hourly-ipv4,ziyadnz|hourly,2026-08-17T18:48:05Z,2026-08-17T18:48:05Z,
178.136.96.249,ipv4,malicious-ip,medium,WHITE,ziyadnz/hourly-ipv4,ziyadnz|hourly,2026-08-17T18:48:05Z,2026-08-17T18:48:05Z,
178.140.105.80,ipv4,malicious-ip,medium,WHITE,ziyadnz/hourly-ipv4,ziyadnz|hourly,2026-08-17T18:48:05Z,2026-08-17T18:48:05Z,
178.140.129.139,ipv4,malicious-ip,medium,WHITE,ziyadnz/hourly-ipv4,ziyadnz|hourly,2026-08-17T18:48:05Z,2026-08-17T18:48:05Z,
178.142.100.28,ipv4,malicious-ip,medium,WHITE,ziyadnz/hourly-ipv4,ziyadnz|hourly,2026-08-17T18:48:05Z,2026-08-17T18:48:05Z,
178.15.234.66,ipv4,malicious-ip,medium,WHITE,ziyadnz/hourly-ipv4,ziyadnz|hourly,2026-08-17T18:48:05Z,2026-08-17T18:48:05Z,
178.150.113.113,ipv4,malicious-ip,medium,WHITE,ziyadnz/hourly-ipv4,ziyadnz|hourly,2026-08-17T18:48:05Z,2026-08-17T18:48:05Z,
178.150.149.118,ipv4,malicious-ip,medium,WHITE,ziyadnz/hourly-ipv4,ziyadnz|hourly,2026-08-17T18:48:05Z,2026-08-17T18:48:05Z,
178.150.3.128,ipv4,malicious-ip,medium,WHITE,ziyadnz/hourly-ipv4,ziyadnz|hourly,2026-08-17T18:48:05Z,2026-08-17T18:48:05Z,
178.150.85.205,ipv4,malicious-ip,medium,WHITE,ziyadnz/hourly-ipv4,ziyadnz|hourly,2026-08-17T18:48:05Z,2026-08-17T18:48:05Z,
178.151.100.194,ipv4,malicious-ip,medium,WHITE,ziyadnz/hourly-ipv4,ziyadnz|hourly,2026-08-17T18:48:05Z,2026-08-17T18:48:05Z,
178.151.100.234,ipv4,malicious-ip,medium,WHITE,ziyadnz/hourly-ipv4,ziyadnz|hourly,2026-08-17T18:48:05Z,2026-08-17T18:48:05Z,
178.151.100.240,ipv4,malicious-ip,medium,WHITE,ziyadnz/hourly-ipv4,ziyadnz|hourly,2026-08-17T18:48:05Z,2026-08-17T18:48:05Z,
178.151.109.192,ipv4,malicious-ip,medium,WHITE,ziyadnz/hourly-ipv4,ziyadnz|hourly,2026-08-17T18:48:05Z,2026-08-17T18:48:05Z,
178.151.136.246,ipv4,malicious-ip,medium,WHITE,ziyadnz/hourly-ipv4,ziyadnz|hourly,2026-08-17T18:48:05Z,2026-08-17T18:48:05Z,
178.151.139.88,ipv4,malicious-ip,medium,WHITE,ziyadnz/hourly-ipv4,ziyadnz|hourly,2026-08-17T18:48:05Z,2026-08-17T18:48:05Z,
178.151.142.109,ipv4,malicious-ip,medium,WHITE,ziyadnz/hourly-ipv4,ziyadnz|hourly,2026-08-17T18:48:05Z,2026-08-17T18:48:05Z,
178.151.150.12,ipv4,malicious-ip,medium,WHITE,ziyadnz/hourly-ipv4,ziyadnz|hourly,2026-08-17T18:48:05Z,2026-08-17T18:48:05Z,
178.151.150.17,ipv4,malicious-ip,medium,WHITE,ziyadnz/hourly-ipv4,ziyadnz|hourly,2026-08-17T18:48:05Z,2026-08-17T18:48:05Z,
178.151.245.162,ipv4,malicious-ip,medium,WHITE,ziyadnz/hourly-ipv4,ziyadnz|hourly,2026-08-17T18:48:05Z,2026-08-17T18:48:05Z,
178.151.253.39,ipv4,malicious-ip,medium,WHITE,ziyadnz/hourly-ipv4,ziyadnz|hourly,2026-08-17T18:48:05Z,2026-08-17T18:48:05Z,
178.151.254.36,ipv4,malicious-ip,medium,WHITE,ziyadnz/hourly-ipv4,ziyadnz|hourly,2026-08-17T18:48:05Z,2026-08-17T18:48:05Z,
178.151.254.40,ipv4,malicious-ip,medium,WHITE,ziyadnz/hourly-ipv4,ziyadnz|hourly,2026-08-17T18:48:05Z,2026-08-17T18:48:05Z,
178.151.35.189,ipv4,malicious-ip,medium,WHITE,ziyadnz/hourly-ipv4,ziyadnz|hourly,2026-08-17T18:48:05Z,2026-08-17T18:48:05Z,
178.151.54.253,ipv4,malicious-ip,medium,WHITE,ziyadnz/hourly-ipv4,ziyadnz|hourly,2026-08-17T18:48:05Z,2026-08-17T18:48:05Z,
178.151.71.42,ipv4,malicious-ip,medium,WHITE,ziyadnz/hourly-ipv4,ziyadnz|hourly,2026-08-17T18:48:05Z,2026-08-17T18:48:05Z,
178.151.92.87,ipv4,malicious-ip,medium,WHITE,ziyadnz/hourly-ipv4,ziyadnz|hourly,2026-08-17T18:48:05Z,2026-08-17T18:48:05Z,
178.152.84.193,ipv4,malicious-ip,medium,WHITE,ziyadnz/hourly-ipv4,ziyadnz|hourly,2026-08-17T18:48:05Z,2026-08-17T18:48:05Z,
178.153.15.7,ipv4,malicious-ip,medium,WHITE,ziyadnz/hourly-ipv4,ziyadnz|hourly,2026-08-17T18:48:05Z,2026-08-17T18:48:05Z,
178.153.171.161,ipv4,malicious-ip,medium,WHITE,ziyadnz/hourly-ipv4,ziyadnz|hourly,2026-08-17T18:48:05Z,2026-08-17T18:48:05Z,
178.153.192.172,ipv4,malicious-ip,medium,WHITE,ziyadnz/hourly-ipv4,ziyadnz|hourly,2026-08-17T18:48:05Z,2026-08-17T18:48:05Z,
178.153.255.225,ipv4,malicious-ip,medium,WHITE,ziyadnz/hourly-ipv4,ziyadnz|hourly,2026-08-17T18:48:05Z,2026-08-17T18:48:05Z,
178.156.149.109,ipv4,malicious-ip,medium,WHITE,ziyadnz/hourly-ipv4,ziyadnz|hourly,2026-08-17T18:48:05Z,2026-08-17T18:48:05Z,
178.156.151.53,ipv4,malicious-ip,medium,WHITE,ziyadnz/hourly-ipv4,ziyadnz|hourly,2026-08-17T18:48:05Z,2026-08-17T18:48:05Z,
178.156.155.199,ipv4,malicious-ip,medium,WHITE,ziyadnz/hourly-ipv4,ziyadnz|hourly,2026-08-17T18:48:05Z,2026-08-17T18:48:05Z,
178.156.170.61,ipv4,malicious-ip,medium,WHITE,ziyadnz/hourly-ipv4,ziyadnz|hourly,2026-08-17T18:48:05Z,2026-08-17T18:48:05Z,
178.156.172.64,ipv4,malicious-ip,medium,WHITE,ziyadnz/hourly-ipv4,ziyadnz|hourly,2026-08-17T18:48:05Z,2026-08-17T18:48:05Z,
178.156.176.74,ipv4,malicious-ip,medium,WHITE,ziyadnz/hourly-ipv4,ziyadnz|hourly,2026-08-17T18:48:05Z,2026-08-17T18:48:05Z,
178.156.181.41,ipv4,malicious-ip,medium,WHITE,ziyadnz/hourly-ipv4,ziyadnz|hourly,2026-08-17T18:48:05Z,2026-08-17T18:48:05Z,
178.156.230.175,ipv4,malicious-ip,medium,WHITE,ziyadnz/hourly-ipv4,ziyadnz|hourly,2026-08-17T18:48:05Z,2026-08-17T18:48:05Z,
178.156.255.0,ipv4,malicious-ip,medium,WHITE,ziyadnz/hourly-ipv4,ziyadnz|hourly,2026-08-17T18:48:05Z,2026-08-17T18:48:05Z,
178.158.194.4,ipv4,malicious-ip,medium,WHITE,ziyadnz/hourly-ipv4,ziyadnz|hourly,2026-08-17T18:48:05Z,2026-08-17T18:48:05Z,
178.158.210.159,ipv4,malicious-ip,medium,WHITE,ziyadnz/hourly-ipv4,ziyadnz|hourly,2026-08-17T18:48:05Z,2026-08-17T18:48:05Z,
178.158.227.187,ipv4,malicious-ip,medium,WHITE,ziyadnz/hourly-ipv4,ziyadnz|hourly,2026-08-17T18:48:05Z,2026-08-17T18:48:05Z,
178.159.142.11,ipv4,malicious-ip,medium,WHITE,ziyadnz/hourly-ipv4,ziyadnz|hourly,2026-08-17T18:48:05Z,2026-08-17T18:48:05Z,
178.159.219.175,ipv4,malicious-ip,medium,WHITE,ziyadnz/hourly-ipv4,ziyadnz|hourly,2026-08-17T18:48:05Z,2026-08-17T18:48:05Z,
178.159.37.25,ipv4,malicious-ip,medium,WHITE,ziyadnz/hourly-ipv4,ziyadnz|hourly,2026-08-17T18:48:05Z,2026-08-17T18:48:05Z,
178.159.37.73,ipv4,malicious-ip,medium,WHITE,ziyadnz/hourly-ipv4,ziyadnz|hourly,2026-08-17T18:48:05Z,2026-08-17T18:48:05Z,
178.159.41.95,ipv4,malicious-ip,medium,WHITE,ziyadnz/hourly-ipv4,ziyadnz|hourly,2026-08-17T18:48:05Z,2026-08-17T18:48:05Z,
178.16.139.77,ipv4,malicious-ip,medium,WHITE,ziyadnz/hourly-ipv4,ziyadnz|hourly,2026-08-17T18:48:05Z,2026-08-17T18:48:05Z,
178.16.52.101,ipv4,malicious-ip,medium,WHITE,ziyadnz/hourly-ipv4,ziyadnz|hourly,2026-08-17T18:48:05Z,2026-08-17T18:48:05Z,
178.16.52.113,ipv4,malicious-ip,medium,WHITE,ziyadnz/hourly-ipv4,ziyadnz|hourly,2026-08-17T18:48:05Z,2026-08-17T18:48:05Z,
178.16.52.132,ipv4,malicious-ip,medium,WHITE,ziyadnz/hourly-ipv4,ziyadnz|hourly,2026-08-17T18:48:05Z,2026-08-17T18:48:05Z,
178.16.52.139,ipv4,malicious-ip,medium,WHITE,ziyadnz/hourly-ipv4,ziyadnz|hourly,2026-08-17T18:48:05Z,2026-08-17T18:48:05Z,
178.16.52.145,ipv4,malicious-ip,medium,WHITE,ziyadnz/hourly-ipv4,ziyadnz|hourly,2026-08-17T18:48:05Z,2026-08-17T18:48:05Z,
178.16.52.168,ipv4,malicious-ip,medium,WHITE,ziyadnz/hourly-ipv4,ziyadnz|hourly,2026-08-17T18:48:05Z,2026-08-17T18:48:05Z,
178.16.52.231,ipv4,malicious-ip,medium,WHITE,ziyadnz/hourly-ipv4,ziyadnz|hourly,2026-08-17T18:48:05Z,2026-08-17T18:48:05Z,
178.16.52.242,ipv4,malicious-ip,medium,WHITE,ziyadnz/hourly-ipv4,ziyadnz|hourly,2026-08-17T18:48:05Z,2026-08-17T18:48:05Z,
178.16.52.62,ipv4,malicious-ip,medium,WHITE,ziyadnz/hourly-ipv4,ziyadnz|hourly,2026-08-17T18:48:05Z,2026-08-17T18:48:05Z,
178.16.52.71,ipv4,malicious-ip,medium,WHITE,ziyadnz/hourly-ipv4,ziyadnz|hourly,2026-08-17T18:48:05Z,2026-08-17T18:48:05Z,
178.16.53.101,ipv4,malicious-ip,medium,WHITE,ziyadnz/hourly-ipv4,ziyadnz|hourly,2026-08-17T18:48:05Z,2026-08-17T18:48:05Z,
178.16.53.108,ipv4,malicious-ip,medium,WHITE,ziyadnz/hourly-ipv4,ziyadnz|hourly,2026-08-17T18:48:05Z,2026-08-17T18:48:05Z,
178.16.53.139,ipv4,malicious-ip,medium,WHITE,ziyadnz/hourly-ipv4,ziyadnz|hourly,2026-08-17T18:48:05Z,2026-08-17T18:48:05Z,
178.16.53.14,ipv4,malicious-ip,medium,WHITE,ziyadnz/hourly-ipv4,ziyadnz|hourly,2026-08-17T18:48:05Z,2026-08-17T18:48:05Z,
178.16.53.144,ipv4,malicious-ip,medium,WHITE,ziyadnz/hourly-ipv4,ziyadnz|hourly,2026-08-17T18:48:05Z,2026-08-17T18:48:05Z,
178.16.53.167,ipv4,malicious-ip,medium,WHITE,ziyadnz/hourly-ipv4,ziyadnz|hourly,2026-08-17T18:48:05Z,2026-08-17T18:48:05Z,
178.16.53.193,ipv4,malicious-ip,medium,WHITE,ziyadnz/hourly-ipv4,ziyadnz|hourly,2026-08-17T18:48:05Z,2026-08-17T18:48:05Z,
178.16.53.230,ipv4,malicious-ip,medium,WHITE,ziyadnz/hourly-ipv4,ziyadnz|hourly,2026-08-17T18:48:05Z,2026-08-17T18:48:05Z,
178.16.53.236,ipv4,malicious-ip,medium,WHITE,ziyadnz/hourly-ipv4,ziyadnz|hourly,2026-08-17T18:48:05Z,2026-08-17T18:48:05Z,
178.16.53.24,ipv4,malicious-ip,medium,WHITE,ziyadnz/hourly-ipv4,ziyadnz|hourly,2026-08-17T18:48:05Z,2026-08-17T18:48:05Z,
178.16.53.6,ipv4,malicious-ip,medium,WHITE,ziyadnz/hourly-ipv4,ziyadnz|hourly,2026-08-17T18:48:05Z,2026-08-17T18:48:05Z,
178.16.53.64,ipv4,malicious-ip,medium,WHITE,ziyadnz/hourly-ipv4,ziyadnz|hourly,2026-08-17T18:48:05Z,2026-08-17T18:48:05Z,
178.16.53.70,ipv4,malicious-ip,medium,WHITE,ziyadnz/hourly-ipv4,ziyadnz|hourly,2026-08-17T18:48:05Z,2026-08-17T18:48:05Z,
178.16.53.75,ipv4,malicious-ip,medium,WHITE,ziyadnz/hourly-ipv4,ziyadnz|hourly,2026-08-17T18:48:05Z,2026-08-17T18:48:05Z,
178.16.53.82,ipv4,malicious-ip,medium,WHITE,ziyadnz/hourly-ipv4,ziyadnz|hourly,2026-08-17T18:48:05Z,2026-08-17T18:48:05Z,
178.16.54.0,ipv4,malicious-ip,medium,WHITE,ziyadnz/hourly-ipv4,ziyadnz|hourly,2026-08-17T18:48:05Z,2026-08-17T18:48:05Z,
178.16.54.109,ipv4,malicious-ip,medium,WHITE,ziyadnz/hourly-ipv4,ziyadnz|hourly,2026-08-17T18:48:05Z,2026-08-17T18:48:05Z,
178.16.54.149,ipv4,malicious-ip,medium,WHITE,ziyadnz/hourly-ipv4,ziyadnz|hourly,2026-08-17T18:48:05Z,2026-08-17T18:48:05Z,
178.16.54.239,ipv4,malicious-ip,medium,WHITE,ziyadnz/hourly-ipv4,ziyadnz|hourly,2026-08-17T18:48:05Z,2026-08-17T18:48:05Z,
178.16.54.246,ipv4,malicious-ip,medium,WHITE,ziyadnz/hourly-ipv4,ziyadnz|hourly,2026-08-17T18:48:05Z,2026-08-17T18:48:05Z,
178.16.54.253,ipv4,malicious-ip,medium,WHITE,ziyadnz/hourly-ipv4,ziyadnz|hourly,2026-08-17T18:48:05Z,2026-08-17T18:48:05Z,
178.16.54.31,ipv4,malicious-ip,medium,WHITE,ziyadnz/hourly-ipv4,ziyadnz|hourly,2026-08-17T18:48:05Z,2026-08-17T18:48:05Z,
178.16.54.33,ipv4,malicious-ip,medium,WHITE,ziyadnz/hourly-ipv4,ziyadnz|hourly,2026-08-17T18:48:05Z,2026-08-17T18:48:05Z,
178.16.54.6,ipv4,malicious-ip,medium,WHITE,ziyadnz/hourly-ipv4,ziyadnz|hourly,2026-08-17T18:48:05Z,2026-08-17T18:48:05Z,
178.16.54.69,ipv4,malicious-ip,medium,WHITE,ziyadnz/hourly-ipv4,ziyadnz|hourly,2026-08-17T18:48:05Z,2026-08-17T18:48:05Z,
178.16.54.73,ipv4,malicious-ip,medium,WHITE,ziyadnz/hourly-ipv4,ziyadnz|hourly,2026-08-17T18:48:05Z,2026-08-17T18:48:05Z,
178.16.54.78,ipv4,malicious-ip,medium,WHITE,ziyadnz/hourly-ipv4,ziyadnz|hourly,2026-08-17T18:48:05Z,2026-08-17T18:48:05Z,
178.16.54.87,ipv4,malicious-ip,medium,WHITE,ziyadnz/hourly-ipv4,ziyadnz|hourly,2026-08-17T18:48:05Z,2026-08-17T18:48:05Z,
178.16.54.95,ipv4,malicious-ip,medium,WHITE,ziyadnz/hourly-ipv4,ziyadnz|hourly,2026-08-17T18:48:05Z,2026-08-17T18:48:05Z,
178.16.54.99,ipv4,malicious-ip,medium,WHITE,ziyadnz/hourly-ipv4,ziyadnz|hourly,2026-08-17T18:48:05Z,2026-08-17T18:48:05Z,
178.16.55.103,ipv4,malicious-ip,medium,WHITE,ziyadnz/hourly-ipv4,ziyadnz|hourly,2026-08-17T18:48:05Z,2026-08-17T18:48:05Z,
178.16.55.109,ipv4,malicious-ip,medium,WHITE,ziyadnz/hourly-ipv4,ziyadnz|hourly,2026-08-17T18:48:05Z,2026-08-17T18:48:05Z,
178.16.55.171,ipv4,malicious-ip,medium,WHITE,ziyadnz/hourly-ipv4,ziyadnz|hourly,2026-08-17T18:48:05Z,2026-08-17T18:48:05Z,
178.16.55.172,ipv4,malicious-ip,medium,WHITE,ziyadnz/hourly-ipv4,ziyadnz|hourly,2026-08-17T18:48:05Z,2026-08-17T18:48:05Z,
178.16.55.189,ipv4,malicious-ip,medium,WHITE,ziyadnz/hourly-ipv4,ziyadnz|hourly,2026-08-17T18:48:05Z,2026-08-17T18:48:05Z,
178.16.55.192,ipv4,malicious-ip,medium,WHITE,ziyadnz/hourly-ipv4,ziyadnz|hourly,2026-08-17T18:48:05Z,2026-08-17T18:48:05Z,
178.16.55.208,ipv4,malicious-ip,medium,WHITE,ziyadnz/hourly-ipv4,ziyadnz|hourly,2026-08-17T18:48:05Z,2026-08-17T18:48:05Z,
178.16.55.21,ipv4,malicious-ip,medium,WHITE,ziyadnz/hourly-ipv4,ziyadnz|hourly,2026-08-17T18:48:05Z,2026-08-17T18:48:05Z,
178.16.55.224,ipv4,malicious-ip,medium,WHITE,ziyadnz/hourly-ipv4,ziyadnz|hourly,2026-08-17T18:48:05Z,2026-08-17T18:48:05Z,
178.16.55.234,ipv4,malicious-ip,medium,WHITE,ziyadnz/hourly-ipv4,ziyadnz|hourly,2026-08-17T18:48:05Z,2026-08-17T18:48:05Z,
178.16.55.40,ipv4,malicious-ip,medium,WHITE,ziyadnz/hourly-ipv4,ziyadnz|hourly,2026-08-17T18:48:05Z,2026-08-17T18:48:05Z,
178.16.55.41,ipv4,malicious-ip,medium,WHITE,ziyadnz/hourly-ipv4,ziyadnz|hourly,2026-08-17T18:48:05Z,2026-08-17T18:48:05Z,
178.16.55.50,ipv4,malicious-ip,medium,WHITE,ziyadnz/hourly-ipv4,ziyadnz|hourly,2026-08-17T18:48:05Z,2026-08-17T18:48:05Z,
178.16.55.58,ipv4,malicious-ip,medium,WHITE,ziyadnz/hourly-ipv4,ziyadnz|hourly,2026-08-17T18:48:05Z,2026-08-17T18:48:05Z,
178.16.55.7,ipv4,malicious-ip,medium,WHITE,ziyadnz/hourly-ipv4,ziyadnz|hourly,2026-08-17T18:48:05Z,2026-08-17T18:48:05Z,
178.16.55.76,ipv4,malicious-ip,medium,WHITE,ziyadnz/hourly-ipv4,ziyadnz|hourly,2026-08-17T18:48:05Z,2026-08-17T18:48:05Z,
178.16.55.82,ipv4,malicious-ip,medium,WHITE,ziyadnz/hourly-ipv4,ziyadnz|hourly,2026-08-17T18:48:05Z,2026-08-17T18:48:05Z,
178.16.55.92,ipv4,malicious-ip,medium,WHITE,ziyadnz/hourly-ipv4,ziyadnz|hourly,2026-08-17T18:48:05Z,2026-08-17T18:48:05Z,
178.160.211.25,ipv4,malicious-ip,medium,WHITE,ziyadnz/hourly-ipv4,ziyadnz|hourly,2026-08-17T18:48:05Z,2026-08-17T18:48:05Z,
178.160.228.254,ipv4,malicious-ip,medium,WHITE,ziyadnz/hourly-ipv4,ziyadnz|hourly,2026-08-17T18:48:05Z,2026-08-17T18:48:05Z,
178.161.150.57,ipv4,malicious-ip,medium,WHITE,ziyadnz/hourly-ipv4,ziyadnz|hourly,2026-08-17T18:48:05Z,2026-08-17T18:48:05Z,
178.161.200.136,ipv4,malicious-ip,medium,WHITE,ziyadnz/hourly-ipv4,ziyadnz|hourly,2026-08-17T18:48:05Z,2026-08-17T18:48:05Z,
178.162.175.5,ipv4,malicious-ip,medium,WHITE,ziyadnz/hourly-ipv4,ziyadnz|hourly,2026-08-17T18:48:05Z,2026-08-17T18:48:05Z,
178.162.227.180,ipv4,malicious-ip,medium,WHITE,ziyadnz/hourly-ipv4,ziyadnz|hourly,2026-08-17T18:48:05Z,2026-08-17T18:48:05Z,
178.163.7.166,ipv4,malicious-ip,medium,WHITE,ziyadnz/hourly-ipv4,ziyadnz|hourly,2026-08-17T18:48:05Z,2026-08-17T18:48:05Z,
178.165.1.111,ipv4,malicious-ip,medium,WHITE,ziyadnz/hourly-ipv4,ziyadnz|hourly,2026-08-17T18:48:05Z,2026-08-17T18:48:05Z,
178.165.32.121,ipv4,malicious-ip,medium,WHITE,ziyadnz/hourly-ipv4,ziyadnz|hourly,2026-08-17T18:48:05Z,2026-08-17T18:48:05Z,
178.165.33.101,ipv4,malicious-ip,medium,WHITE,ziyadnz/hourly-ipv4,ziyadnz|hourly,2026-08-17T18:48:05Z,2026-08-17T18:48:05Z,
178.165.45.94,ipv4,malicious-ip,medium,WHITE,ziyadnz/hourly-ipv4,ziyadnz|hourly,2026-08-17T18:48:05Z,2026-08-17T18:48:05Z,
178.168.117.187,ipv4,malicious-ip,medium,WHITE,ziyadnz/hourly-ipv4,ziyadnz|hourly,2026-08-17T18:48:05Z,2026-08-17T18:48:05Z,
178.169.88.88,ipv4,malicious-ip,medium,WHITE,ziyadnz/hourly-ipv4,ziyadnz|hourly,2026-08-17T18:48:05Z,2026-08-17T18:48:05Z,
178.17.170.225,ipv4,malicious-ip,medium,WHITE,ziyadnz/hourly-ipv4,ziyadnz|hourly,2026-08-17T18:48:05Z,2026-08-17T18:48:05Z,
178.17.171.102,ipv4,malicious-ip,medium,WHITE,ziyadnz/hourly-ipv4,ziyadnz|hourly,2026-08-17T18:48:05Z,2026-08-17T18:48:05Z,
178.17.174.164,ipv4,malicious-ip,medium,WHITE,ziyadnz/hourly-ipv4,ziyadnz|hourly,2026-08-17T18:48:05Z,2026-08-17T18:48:05Z,
178.17.48.177,ipv4,malicious-ip,medium,WHITE,ziyadnz/hourly-ipv4,ziyadnz|hourly,2026-08-17T18:48:05Z,2026-08-17T18:48:05Z,
178.17.53.215,ipv4,malicious-ip,medium,WHITE,ziyadnz/hourly-ipv4,ziyadnz|hourly,2026-08-17T18:48:05Z,2026-08-17T18:48:05Z,
178.17.57.102,ipv4,malicious-ip,medium,WHITE,ziyadnz/hourly-ipv4,ziyadnz|hourly,2026-08-17T18:48:05Z,2026-08-17T18:48:05Z,
178.17.60.210,ipv4,malicious-ip,medium,WHITE,ziyadnz/hourly-ipv4,ziyadnz|hourly,2026-08-17T18:48:05Z,2026-08-17T18:48:05Z,
178.170.114.117,ipv4,malicious-ip,medium,WHITE,ziyadnz/hourly-ipv4,ziyadnz|hourly,2026-08-17T18:48:05Z,2026-08-17T18:48:05Z,
178.170.25.112,ipv4,malicious-ip,medium,WHITE,ziyadnz/hourly-ipv4,ziyadnz|hourly,2026-08-17T18:48:05Z,2026-08-17T18:48:05Z,
178.171.114.50,ipv4,malicious-ip,medium,WHITE,ziyadnz/hourly-ipv4,ziyadnz|hourly,2026-08-17T18:48:05Z,2026-08-17T18:48:05Z,
178.171.123.80,ipv4,malicious-ip,medium,WHITE,ziyadnz/hourly-ipv4,ziyadnz|hourly,2026-08-17T18:48:05Z,2026-08-17T18:48:05Z,
178.173.184.154,ipv4,malicious-ip,medium,WHITE,ziyadnz/hourly-ipv4,ziyadnz|hourly,2026-08-17T18:48:05Z,2026-08-17T18:48:05Z,
178.173.39.201,ipv4,malicious-ip,medium,WHITE,ziyadnz/hourly-ipv4,ziyadnz|hourly,2026-08-17T18:48:05Z,2026-08-17T18:48:05Z,
178.175.128.45,ipv4,malicious-ip,medium,WHITE,ziyadnz/hourly-ipv4,ziyadnz|hourly,2026-08-17T18:48:05Z,2026-08-17T18:48:05Z,
178.175.129.41,ipv4,malicious-ip,medium,WHITE,ziyadnz/hourly-ipv4,ziyadnz|hourly,2026-08-17T18:48:05Z,2026-08-17T18:48:05Z,
178.175.134.52,ipv4,malicious-ip,medium,WHITE,ziyadnz/hourly-ipv4,ziyadnz|hourly,2026-08-17T18:48:05Z,2026-08-17T18:48:05Z,
178.175.148.155,ipv4,malicious-ip,medium,WHITE,ziyadnz/hourly-ipv4,ziyadnz|hourly,2026-08-17T18:48:05Z,2026-08-17T18:48:05Z,
178.175.167.17,ipv4,malicious-ip,medium,WHITE,ziyadnz/hourly-ipv4,ziyadnz|hourly,2026-08-17T18:48:05Z,2026-08-17T18:48:05Z,
178.175.167.40,ipv4,malicious-ip,medium,WHITE,ziyadnz/hourly-ipv4,ziyadnz|hourly,2026-08-17T18:48:05Z,2026-08-17T18:48:05Z,
178.175.74.144,ipv4,malicious-ip,medium,WHITE,ziyadnz/hourly-ipv4,ziyadnz|hourly,2026-08-17T18:48:05Z,2026-08-17T18:48:05Z,
178.176.139.27,ipv4,malicious-ip,medium,WHITE,ziyadnz/hourly-ipv4,ziyadnz|hourly,2026-08-17T18:48:05Z,2026-08-17T18:48:05Z,
178.176.229.202,ipv4,malicious-ip,medium,WHITE,ziyadnz/hourly-ipv4,ziyadnz|hourly,2026-08-17T18:48:05Z,2026-08-17T18:48:05Z,
178.176.229.36,ipv4,malicious-ip,medium,WHITE,ziyadnz/hourly-ipv4,ziyadnz|hourly,2026-08-17T18:48:05Z,2026-08-17T18:48:05Z,
178.176.250.149,ipv4,malicious-ip,medium,WHITE,ziyadnz/hourly-ipv4,ziyadnz|hourly,2026-08-17T18:48:05Z,2026-08-17T18:48:05Z,
178.176.50.111,ipv4,malicious-ip,medium,WHITE,ziyadnz/hourly-ipv4,ziyadnz|hourly,2026-08-17T18:48:05Z,2026-08-17T18:48:05Z,
178.176.87.236,ipv4,malicious-ip,medium,WHITE,ziyadnz/hourly-ipv4,ziyadnz|hourly,2026-08-17T18:48:05Z,2026-08-17T18:48:05Z,
178.177.40.47,ipv4,malicious-ip,medium,WHITE,ziyadnz/hourly-ipv4,ziyadnz|hourly,2026-08-17T18:48:05Z,2026-08-17T18:48:05Z,
178.178.120.138,ipv4,malicious-ip,medium,WHITE,ziyadnz/hourly-ipv4,ziyadnz|hourly,2026-08-17T18:48:05Z,2026-08-17T18:48:05Z,
178.178.194.0,ipv4,malicious-ip,medium,WHITE,ziyadnz/hourly-ipv4,ziyadnz|hourly,2026-08-17T18:48:05Z,2026-08-17T18:48:05Z,
178.178.194.123,ipv4,malicious-ip,medium,WHITE,ziyadnz/hourly-ipv4,ziyadnz|hourly,2026-08-17T18:48:05Z,2026-08-17T18:48:05Z,
178.178.194.131,ipv4,malicious-ip,medium,WHITE,ziyadnz/hourly-ipv4,ziyadnz|hourly,2026-08-17T18:48:05Z,2026-08-17T18:48:05Z,
178.178.194.137,ipv4,malicious-ip,medium,WHITE,ziyadnz/hourly-ipv4,ziyadnz|hourly,2026-08-17T18:48:05Z,2026-08-17T18:48:05Z,
178.178.222.0,ipv4,malicious-ip,medium,WHITE,ziyadnz/hourly-ipv4,ziyadnz|hourly,2026-08-17T18:48:05Z,2026-08-17T18:48:05Z,
178.178.222.49,ipv4,malicious-ip,medium,WHITE,ziyadnz/hourly-ipv4,ziyadnz|hourly,2026-08-17T18:48:05Z,2026-08-17T18:48:05Z,
178.178.222.53,ipv4,malicious-ip,medium,WHITE,ziyadnz/hourly-ipv4,ziyadnz|hourly,2026-08-17T18:48:05Z,2026-08-17T18:48:05Z,
178.178.222.57,ipv4,malicious-ip,medium,WHITE,ziyadnz/hourly-ipv4,ziyadnz|hourly,2026-08-17T18:48:05Z,2026-08-17T18:48:05Z,
178.178.222.58,ipv4,malicious-ip,medium,WHITE,ziyadnz/hourly-ipv4,ziyadnz|hourly,2026-08-17T18:48:05Z,2026-08-17T18:48:05Z,
178.178.222.59,ipv4,malicious-ip,medium,WHITE,ziyadnz/hourly-ipv4,ziyadnz|hourly,2026-08-17T18:48:05Z,2026-08-17T18:48:05Z,
178.178.222.60,ipv4,malicious-ip,medium,WHITE,ziyadnz/hourly-ipv4,ziyadnz|hourly,2026-08-17T18:48:05Z,2026-08-17T18:48:05Z,
178.18.147.96,ipv4,malicious-ip,medium,WHITE,ziyadnz/hourly-ipv4,ziyadnz|hourly,2026-08-17T18:48:05Z,2026-08-17T18:48:05Z,
178.18.207.85,ipv4,malicious-ip,medium,WHITE,ziyadnz/hourly-ipv4,ziyadnz|hourly,2026-08-17T18:48:05Z,2026-08-17T18:48:05Z,
178.18.207.97,ipv4,malicious-ip,medium,WHITE,ziyadnz/hourly-ipv4,ziyadnz|hourly,2026-08-17T18:48:05Z,2026-08-17T18:48:05Z,
178.18.240.155,ipv4,malicious-ip,medium,WHITE,ziyadnz/hourly-ipv4,ziyadnz|hourly,2026-08-17T18:48:05Z,2026-08-17T18:48:05Z,
178.18.246.136,ipv4,malicious-ip,medium,WHITE,ziyadnz/hourly-ipv4,ziyadnz|hourly,2026-08-17T18:48:05Z,2026-08-17T18:48:05Z,
178.18.247.5,ipv4,malicious-ip,medium,WHITE,ziyadnz/hourly-ipv4,ziyadnz|hourly,2026-08-17T18:48:05Z,2026-08-17T18:48:05Z,
178.18.247.91,ipv4,malicious-ip,medium,WHITE,ziyadnz/hourly-ipv4,ziyadnz|hourly,2026-08-17T18:48:05Z,2026-08-17T18:48:05Z,
178.18.248.36,ipv4,malicious-ip,medium,WHITE,ziyadnz/hourly-ipv4,ziyadnz|hourly,2026-08-17T18:48:05Z,2026-08-17T18:48:05Z,
178.18.254.57,ipv4,malicious-ip,medium,WHITE,ziyadnz/hourly-ipv4,ziyadnz|hourly,2026-08-17T18:48:05Z,2026-08-17T18:48:05Z,
178.185.129.2,ipv4,malicious-ip,medium,WHITE,ziyadnz/hourly-ipv4,ziyadnz|hourly,2026-08-17T18:48:05Z,2026-08-17T18:48:05Z,
178.185.136.57,ipv4,malicious-ip,medium,WHITE,ziyadnz/hourly-ipv4,ziyadnz|hourly,2026-08-17T18:48:05Z,2026-08-17T18:48:05Z,
178.185.223.124,ipv4,malicious-ip,medium,WHITE,ziyadnz/hourly-ipv4,ziyadnz|hourly,2026-08-17T18:48:05Z,2026-08-17T18:48:05Z,
178.20.158.28,ipv4,malicious-ip,medium,WHITE,ziyadnz/hourly-ipv4,ziyadnz|hourly,2026-08-17T18:48:05Z,2026-08-17T18:48:05Z,
178.20.202.17,ipv4,malicious-ip,medium,WHITE,ziyadnz/hourly-ipv4,ziyadnz|hourly,2026-08-17T18:48:05Z,2026-08-17T18:48:05Z,
178.20.210.148,ipv4,malicious-ip,medium,WHITE,ziyadnz/hourly-ipv4,ziyadnz|hourly,2026-08-17T18:48:05Z,2026-08-17T18:48:05Z,
178.20.210.197,ipv4,malicious-ip,medium,WHITE,ziyadnz/hourly-ipv4,ziyadnz|hourly,2026-08-17T18:48:05Z,2026-08-17T18:48:05Z,
178.20.210.63,ipv4,malicious-ip,medium,WHITE,ziyadnz/hourly-ipv4,ziyadnz|hourly,2026-08-17T18:48:05Z,2026-08-17T18:48:05Z,
178.20.43.173,ipv4,malicious-ip,medium,WHITE,ziyadnz/hourly-ipv4,ziyadnz|hourly,2026-08-17T18:48:05Z,2026-08-17T18:48:05Z,
178.20.43.58,ipv4,malicious-ip,medium,WHITE,ziyadnz/hourly-ipv4,ziyadnz|hourly,2026-08-17T18:48:05Z,2026-08-17T18:48:05Z,
178.20.44.140,ipv4,malicious-ip,medium,WHITE,ziyadnz/hourly-ipv4,ziyadnz|hourly,2026-08-17T18:48:05Z,2026-08-17T18:48:05Z,
178.20.44.82,ipv4,malicious-ip,medium,WHITE,ziyadnz/hourly-ipv4,ziyadnz|hourly,2026-08-17T18:48:05Z,2026-08-17T18:48:05Z,
178.20.45.128,ipv4,malicious-ip,medium,WHITE,ziyadnz/hourly-ipv4,ziyadnz|hourly,2026-08-17T18:48:05Z,2026-08-17T18:48:05Z,
178.20.45.159,ipv4,malicious-ip,medium,WHITE,ziyadnz/hourly-ipv4,ziyadnz|hourly,2026-08-17T18:48:05Z,2026-08-17T18:48:05Z,
178.20.45.182,ipv4,malicious-ip,medium,WHITE,ziyadnz/hourly-ipv4,ziyadnz|hourly,2026-08-17T18:48:05Z,2026-08-17T18:48:05Z,
178.20.47.114,ipv4,malicious-ip,medium,WHITE,ziyadnz/hourly-ipv4,ziyadnz|hourly,2026-08-17T18:48:05Z,2026-08-17T18:48:05Z,
178.20.55.16,ipv4,malicious-ip,medium,WHITE,ziyadnz/hourly-ipv4,ziyadnz|hourly,2026-08-17T18:48:05Z,2026-08-17T18:48:05Z,
178.20.55.182,ipv4,malicious-ip,medium,WHITE,ziyadnz/hourly-ipv4,ziyadnz|hourly,2026-08-17T18:48:05Z,2026-08-17T18:48:05Z,
178.205.77.38,ipv4,malicious-ip,medium,WHITE,ziyadnz/hourly-ipv4,ziyadnz|hourly,2026-08-17T18:48:05Z,2026-08-17T18:48:05Z,
178.206.101.215,ipv4,malicious-ip,medium,WHITE,ziyadnz/hourly-ipv4,ziyadnz|hourly,2026-08-17T18:48:05Z,2026-08-17T18:48:05Z,
178.206.232.165,ipv4,malicious-ip,medium,WHITE,ziyadnz/hourly-ipv4,ziyadnz|hourly,2026-08-17T18:48:05Z,2026-08-17T18:48:05Z,
178.208.91.38,ipv4,malicious-ip,medium,WHITE,ziyadnz/hourly-ipv4,ziyadnz|hourly,2026-08-17T18:48:05Z,2026-08-17T18:48:05Z,
178.208.92.129,ipv4,malicious-ip,medium,WHITE,ziyadnz/hourly-ipv4,ziyadnz|hourly,2026-08-17T18:48:05Z,2026-08-17T18:48:05Z,
178.208.92.168,ipv4,malicious-ip,medium,WHITE,ziyadnz/hourly-ipv4,ziyadnz|hourly,2026-08-17T18:48:05Z,2026-08-17T18:48:05Z,
178.209.127.114,ipv4,malicious-ip,medium,WHITE,ziyadnz/hourly-ipv4,ziyadnz|hourly,2026-08-17T18:48:05Z,2026-08-17T18:48:05Z,
178.209.51.61,ipv4,malicious-ip,medium,WHITE,ziyadnz/hourly-ipv4,ziyadnz|hourly,2026-08-17T18:48:05Z,2026-08-17T18:48:05Z,
178.210.214.48,ipv4,malicious-ip,medium,WHITE,ziyadnz/hourly-ipv4,ziyadnz|hourly,2026-08-17T18:48:05Z,2026-08-17T18:48:05Z,
178.211.133.28,ipv4,malicious-ip,medium,WHITE,ziyadnz/hourly-ipv4,ziyadnz|hourly,2026-08-17T18:48:05Z,2026-08-17T18:48:05Z,
178.211.139.105,ipv4,malicious-ip,medium,WHITE,ziyadnz/hourly-ipv4,ziyadnz|hourly,2026-08-17T18:48:05Z,2026-08-17T18:48:05Z,
178.211.139.240,ipv4,malicious-ip,medium,WHITE,ziyadnz/hourly-ipv4,ziyadnz|hourly,2026-08-17T18:48:05Z,2026-08-17T18:48:05Z,
178.211.155.65,ipv4,malicious-ip,medium,WHITE,ziyadnz/hourly-ipv4,ziyadnz|hourly,2026-08-17T18:48:05Z,2026-08-17T18:48:05Z,
178.212.102.78,ipv4,malicious-ip,medium,WHITE,ziyadnz/hourly-ipv4,ziyadnz|hourly,2026-08-17T18:48:05Z,2026-08-17T18:48:05Z,
178.212.167.152,ipv4,malicious-ip,medium,WHITE,ziyadnz/hourly-ipv4,ziyadnz|hourly,2026-08-17T18:48:05Z,2026-08-17T18:48:05Z,
178.212.167.184,ipv4,malicious-ip,medium,WHITE,ziyadnz/hourly-ipv4,ziyadnz|hourly,2026-08-17T18:48:05Z,2026-08-17T18:48:05Z,
178.212.194.201,ipv4,malicious-ip,medium,WHITE,ziyadnz/hourly-ipv4,ziyadnz|hourly,2026-08-17T18:48:05Z,2026-08-17T18:48:05Z,
178.212.96.109,ipv4,malicious-ip,medium,WHITE,ziyadnz/hourly-ipv4,ziyadnz|hourly,2026-08-17T18:48:05Z,2026-08-17T18:48:05Z,
178.212.96.36,ipv4,malicious-ip,medium,WHITE,ziyadnz/hourly-ipv4,ziyadnz|hourly,2026-08-17T18:48:05Z,2026-08-17T18:48:05Z,
178.212.98.189,ipv4,malicious-ip,medium,WHITE,ziyadnz/hourly-ipv4,ziyadnz|hourly,2026-08-17T18:48:05Z,2026-08-17T18:48:05Z,
178.213.114.194,ipv4,malicious-ip,medium,WHITE,ziyadnz/hourly-ipv4,ziyadnz|hourly,2026-08-17T18:48:05Z,2026-08-17T18:48:05Z,
178.213.121.123,ipv4,malicious-ip,medium,WHITE,ziyadnz/hourly-ipv4,ziyadnz|hourly,2026-08-17T18:48:05Z,2026-08-17T18:48:05Z,
178.214.160.4,ipv4,malicious-ip,medium,WHITE,ziyadnz/hourly-ipv4,ziyadnz|hourly,2026-08-17T18:48:05Z,2026-08-17T18:48:05Z,
178.214.224.145,ipv4,malicious-ip,medium,WHITE,ziyadnz/hourly-ipv4,ziyadnz|hourly,2026-08-17T18:48:05Z,2026-08-17T18:48:05Z,
178.215.158.249,ipv4,malicious-ip,medium,WHITE,ziyadnz/hourly-ipv4,ziyadnz|hourly,2026-08-17T18:48:05Z,2026-08-17T18:48:05Z,
178.215.224.252,ipv4,malicious-ip,medium,WHITE,ziyadnz/hourly-ipv4,ziyadnz|hourly,2026-08-17T18:48:05Z,2026-08-17T18:48:05Z,
178.215.238.24,ipv4,malicious-ip,medium,WHITE,ziyadnz/hourly-ipv4,ziyadnz|hourly,2026-08-17T18:48:05Z,2026-08-17T18:48:05Z,
178.215.238.31,ipv4,malicious-ip,medium,WHITE,ziyadnz/hourly-ipv4,ziyadnz|hourly,2026-08-17T18:48:05Z,2026-08-17T18:48:05Z,
178.215.238.91,ipv4,malicious-ip,medium,WHITE,ziyadnz/hourly-ipv4,ziyadnz|hourly,2026-08-17T18:48:05Z,2026-08-17T18:48:05Z,
178.216.13.222,ipv4,malicious-ip,medium,WHITE,ziyadnz/hourly-ipv4,ziyadnz|hourly,2026-08-17T18:48:05Z,2026-08-17T18:48:05Z,
178.216.224.22,ipv4,malicious-ip,medium,WHITE,ziyadnz/hourly-ipv4,ziyadnz|hourly,2026-08-17T18:48:05Z,2026-08-17T18:48:05Z,
178.216.224.3,ipv4,malicious-ip,medium,WHITE,ziyadnz/hourly-ipv4,ziyadnz|hourly,2026-08-17T18:48:05Z,2026-08-17T18:48:05Z,
178.216.251.232,ipv4,malicious-ip,medium,WHITE,ziyadnz/hourly-ipv4,ziyadnz|hourly,2026-08-17T18:48:05Z,2026-08-17T18:48:05Z,
178.217.11.6,ipv4,malicious-ip,medium,WHITE,ziyadnz/hourly-ipv4,ziyadnz|hourly,2026-08-17T18:48:05Z,2026-08-17T18:48:05Z,
178.217.117.207,ipv4,malicious-ip,medium,WHITE,ziyadnz/hourly-ipv4,ziyadnz|hourly,2026-08-17T18:48:05Z,2026-08-17T18:48:05Z,
178.217.173.50,ipv4,malicious-ip,medium,WHITE,ziyadnz/hourly-ipv4,ziyadnz|hourly,2026-08-17T18:48:05Z,2026-08-17T18:48:05Z,
178.217.231.161,ipv4,malicious-ip,medium,WHITE,ziyadnz/hourly-ipv4,ziyadnz|hourly,2026-08-17T18:48:05Z,2026-08-17T18:48:05Z,
178.217.74.104,ipv4,malicious-ip,medium,WHITE,ziyadnz/hourly-ipv4,ziyadnz|hourly,2026-08-17T18:48:05Z,2026-08-17T18:48:05Z,
178.217.77.50,ipv4,malicious-ip,medium,WHITE,ziyadnz/hourly-ipv4,ziyadnz|hourly,2026-08-17T18:48:05Z,2026-08-17T18:48:05Z,
178.218.116.45,ipv4,malicious-ip,medium,WHITE,ziyadnz/hourly-ipv4,ziyadnz|hourly,2026-08-17T18:48:05Z,2026-08-17T18:48:05Z,
178.218.117.179,ipv4,malicious-ip,medium,WHITE,ziyadnz/hourly-ipv4,ziyadnz|hourly,2026-08-17T18:48:05Z,2026-08-17T18:48:05Z,
178.218.144.18,ipv4,malicious-ip,medium,WHITE,ziyadnz/hourly-ipv4,ziyadnz|hourly,2026-08-17T18:48:05Z,2026-08-17T18:48:05Z,
178.218.144.64,ipv4,malicious-ip,medium,WHITE,ziyadnz/hourly-ipv4,ziyadnz|hourly,2026-08-17T18:48:05Z,2026-08-17T18:48:05Z,
178.218.144.96,ipv4,malicious-ip,medium,WHITE,ziyadnz/hourly-ipv4,ziyadnz|hourly,2026-08-17T18:48:05Z,2026-08-17T18:48:05Z,
178.218.201.153,ipv4,malicious-ip,medium,WHITE,ziyadnz/hourly-ipv4,ziyadnz|hourly,2026-08-17T18:48:05Z,2026-08-17T18:48:05Z,
178.219.100.180,ipv4,malicious-ip,medium,WHITE,ziyadnz/hourly-ipv4,ziyadnz|hourly,2026-08-17T18:48:05Z,2026-08-17T18:48:05Z,
178.219.101.23,ipv4,malicious-ip,medium,WHITE,ziyadnz/hourly-ipv4,ziyadnz|hourly,2026-08-17T18:48:05Z,2026-08-17T18:48:05Z,
178.219.178.219,ipv4,malicious-ip,medium,WHITE,ziyadnz/hourly-ipv4,ziyadnz|hourly,2026-08-17T18:48:05Z,2026-08-17T18:48:05Z,
178.219.56.117,ipv4,malicious-ip,medium,WHITE,ziyadnz/hourly-ipv4,ziyadnz|hourly,2026-08-17T18:48:05Z,2026-08-17T18:48:05Z,
178.219.97.151,ipv4,malicious-ip,medium,WHITE,ziyadnz/hourly-ipv4,ziyadnz|hourly,2026-08-17T18:48:05Z,2026-08-17T18:48:05Z,
178.220.111.19,ipv4,malicious-ip,medium,WHITE,ziyadnz/hourly-ipv4,ziyadnz|hourly,2026-08-17T18:48:05Z,2026-08-17T18:48:05Z,
178.220.112.53,ipv4,malicious-ip,medium,WHITE,ziyadnz/hourly-ipv4,ziyadnz|hourly,2026-08-17T18:48:05Z,2026-08-17T18:48:05Z,
178.220.114.231,ipv4,malicious-ip,medium,WHITE,ziyadnz/hourly-ipv4,ziyadnz|hourly,2026-08-17T18:48:05Z,2026-08-17T18:48:05Z,
178.221.10.6,ipv4,malicious-ip,medium,WHITE,ziyadnz/hourly-ipv4,ziyadnz|hourly,2026-08-17T18:48:05Z,2026-08-17T18:48:05Z,
178.222.208.109,ipv4,malicious-ip,medium,WHITE,ziyadnz/hourly-ipv4,ziyadnz|hourly,2026-08-17T18:48:05Z,2026-08-17T18:48:05Z,
178.225.153.212,ipv4,malicious-ip,medium,WHITE,ziyadnz/hourly-ipv4,ziyadnz|hourly,2026-08-17T18:48:05Z,2026-08-17T18:48:05Z,
178.228.235.22,ipv4,malicious-ip,medium,WHITE,ziyadnz/hourly-ipv4,ziyadnz|hourly,2026-08-17T18:48:05Z,2026-08-17T18:48:05Z,
178.23.190.199,ipv4,malicious-ip,medium,WHITE,ziyadnz/hourly-ipv4,ziyadnz|hourly,2026-08-17T18:48:05Z,2026-08-17T18:48:05Z,
178.23.190.206,ipv4,malicious-ip,medium,WHITE,ziyadnz/hourly-ipv4,ziyadnz|hourly,2026-08-17T18:48:05Z,2026-08-17T18:48:05Z,
178.23.190.74,ipv4,malicious-ip,medium,WHITE,ziyadnz/hourly-ipv4,ziyadnz|hourly,2026-08-17T18:48:05Z,2026-08-17T18:48:05Z,
178.230.60.90,ipv4,malicious-ip,medium,WHITE,ziyadnz/hourly-ipv4,ziyadnz|hourly,2026-08-17T18:48:05Z,2026-08-17T18:48:05Z,
178.230.62.75,ipv4,malicious-ip,medium,WHITE,ziyadnz/hourly-ipv4,ziyadnz|hourly,2026-08-17T18:48:05Z,2026-08-17T18:48:05Z,
178.231.127.120,ipv4,malicious-ip,medium,WHITE,ziyadnz/hourly-ipv4,ziyadnz|hourly,2026-08-17T18:48:05Z,2026-08-17T18:48:05Z,
178.232.3.250,ipv4,malicious-ip,medium,WHITE,ziyadnz/hourly-ipv4,ziyadnz|hourly,2026-08-17T18:48:05Z,2026-08-17T18:48:05Z,
178.233.67.164,ipv4,malicious-ip,medium,WHITE,ziyadnz/hourly-ipv4,ziyadnz|hourly,2026-08-17T18:48:05Z,2026-08-17T18:48:05Z,
178.233.69.211,ipv4,malicious-ip,medium,WHITE,ziyadnz/hourly-ipv4,ziyadnz|hourly,2026-08-17T18:48:05Z,2026-08-17T18:48:05Z,
178.234.43.185,ipv4,malicious-ip,medium,WHITE,ziyadnz/hourly-ipv4,ziyadnz|hourly,2026-08-17T18:48:05Z,2026-08-17T18:48:05Z,
178.235.191.182,ipv4,malicious-ip,medium,WHITE,ziyadnz/hourly-ipv4,ziyadnz|hourly,2026-08-17T18:48:05Z,2026-08-17T18:48:05Z,
178.236.246.241,ipv4,malicious-ip,medium,WHITE,ziyadnz/hourly-ipv4,ziyadnz|hourly,2026-08-17T18:48:05Z,2026-08-17T18:48:05Z,
178.236.246.254,ipv4,malicious-ip,medium,WHITE,ziyadnz/hourly-ipv4,ziyadnz|hourly,2026-08-17T18:48:05Z,2026-08-17T18:48:05Z,
178.236.247.113,ipv4,malicious-ip,medium,WHITE,ziyadnz/hourly-ipv4,ziyadnz|hourly,2026-08-17T18:48:05Z,2026-08-17T18:48:05Z,
178.236.247.7,ipv4,malicious-ip,medium,WHITE,ziyadnz/hourly-ipv4,ziyadnz|hourly,2026-08-17T18:48:05Z,2026-08-17T18:48:05Z,
178.236.79.49,ipv4,malicious-ip,medium,WHITE,ziyadnz/hourly-ipv4,ziyadnz|hourly,2026-08-17T18:48:05Z,2026-08-17T18:48:05Z,
178.237.39.204,ipv4,malicious-ip,medium,WHITE,ziyadnz/hourly-ipv4,ziyadnz|hourly,2026-08-17T18:48:05Z,2026-08-17T18:48:05Z,
178.238.10.225,ipv4,malicious-ip,medium,WHITE,ziyadnz/hourly-ipv4,ziyadnz|hourly,2026-08-17T18:48:05Z,2026-08-17T18:48:05Z,
178.238.120.60,ipv4,malicious-ip,medium,WHITE,ziyadnz/hourly-ipv4,ziyadnz|hourly,2026-08-17T18:48:05Z,2026-08-17T18:48:05Z,
178.238.225.185,ipv4,malicious-ip,medium,WHITE,ziyadnz/hourly-ipv4,ziyadnz|hourly,2026-08-17T18:48:05Z,2026-08-17T18:48:05Z,
178.238.226.181,ipv4,malicious-ip,medium,WHITE,ziyadnz/hourly-ipv4,ziyadnz|hourly,2026-08-17T18:48:05Z,2026-08-17T18:48:05Z,
178.238.231.185,ipv4,malicious-ip,medium,WHITE,ziyadnz/hourly-ipv4,ziyadnz|hourly,2026-08-17T18:48:05Z,2026-08-17T18:48:05Z,
178.238.235.121,ipv4,malicious-ip,medium,WHITE,ziyadnz/hourly-ipv4,ziyadnz|hourly,2026-08-17T18:48:05Z,2026-08-17T18:48:05Z,
178.238.236.80,ipv4,malicious-ip,medium,WHITE,ziyadnz/hourly-ipv4,ziyadnz|hourly,2026-08-17T18:48:05Z,2026-08-17T18:48:05Z,
178.238.238.120,ipv4,malicious-ip,medium,WHITE,ziyadnz/hourly-ipv4,ziyadnz|hourly,2026-08-17T18:48:05Z,2026-08-17T18:48:05Z,
178.239.180.109,ipv4,malicious-ip,medium,WHITE,ziyadnz/hourly-ipv4,ziyadnz|hourly,2026-08-17T18:48:05Z,2026-08-17T18:48:05Z,
178.239.233.154,ipv4,malicious-ip,medium,WHITE,ziyadnz/hourly-ipv4,ziyadnz|hourly,2026-08-17T18:48:05Z,2026-08-17T18:48:05Z,
178.244.192.189,ipv4,malicious-ip,medium,WHITE,ziyadnz/hourly-ipv4,ziyadnz|hourly,2026-08-17T18:48:05Z,2026-08-17T18:48:05Z,
178.244.227.89,ipv4,malicious-ip,medium,WHITE,ziyadnz/hourly-ipv4,ziyadnz|hourly,2026-08-17T18:48:05Z,2026-08-17T18:48:05Z,
178.248.146.156,ipv4,malicious-ip,medium,WHITE,ziyadnz/hourly-ipv4,ziyadnz|hourly,2026-08-17T18:48:05Z,2026-08-17T18:48:05Z,
178.248.149.21,ipv4,malicious-ip,medium,WHITE,ziyadnz/hourly-ipv4,ziyadnz|hourly,2026-08-17T18:48:05Z,2026-08-17T18:48:05Z,
178.248.251.7,ipv4,malicious-ip,medium,WHITE,ziyadnz/hourly-ipv4,ziyadnz|hourly,2026-08-17T18:48:05Z,2026-08-17T18:48:05Z,
178.249.242.178,ipv4,malicious-ip,medium,WHITE,ziyadnz/hourly-ipv4,ziyadnz|hourly,2026-08-17T18:48:05Z,2026-08-17T18:48:05Z,
178.249.244.158,ipv4,malicious-ip,medium,WHITE,ziyadnz/hourly-ipv4,ziyadnz|hourly,2026-08-17T18:48:05Z,2026-08-17T18:48:05Z,
178.251.110.153,ipv4,malicious-ip,medium,WHITE,ziyadnz/hourly-ipv4,ziyadnz|hourly,2026-08-17T18:48:05Z,2026-08-17T18:48:05Z,
178.251.110.155,ipv4,malicious-ip,medium,WHITE,ziyadnz/hourly-ipv4,ziyadnz|hourly,2026-08-17T18:48:05Z,2026-08-17T18:48:05Z,
178.251.26.65,ipv4,malicious-ip,medium,WHITE,ziyadnz/hourly-ipv4,ziyadnz|hourly,2026-08-17T18:48:05Z,2026-08-17T18:48:05Z,
178.252.180.59,ipv4,malicious-ip,medium,WHITE,ziyadnz/hourly-ipv4,ziyadnz|hourly,2026-08-17T18:48:05Z,2026-08-17T18:48:05Z,
178.253.95.228,ipv4,malicious-ip,medium,WHITE,ziyadnz/hourly-ipv4,ziyadnz|hourly,2026-08-17T18:48:05Z,2026-08-17T18:48:05Z,
178.254.22.224,ipv4,malicious-ip,medium,WHITE,ziyadnz/hourly-ipv4,ziyadnz|hourly,2026-08-17T18:48:05Z,2026-08-17T18:48:05Z,
178.255.127.26,ipv4,malicious-ip,medium,WHITE,ziyadnz/hourly-ipv4,ziyadnz|hourly,2026-08-17T18:48:05Z,2026-08-17T18:48:05Z,
178.255.162.219,ipv4,malicious-ip,medium,WHITE,ziyadnz/hourly-ipv4,ziyadnz|hourly,2026-08-17T18:48:05Z,2026-08-17T18:48:05Z,
178.255.93.39,ipv4,malicious-ip,medium,WHITE,ziyadnz/hourly-ipv4,ziyadnz|hourly,2026-08-17T18:48:05Z,2026-08-17T18:48:05Z,
178.27.61.137,ipv4,malicious-ip,medium,WHITE,ziyadnz/hourly-ipv4,ziyadnz|hourly,2026-08-17T18:48:05Z,2026-08-17T18:48:05Z,
178.31.161.35,ipv4,malicious-ip,medium,WHITE,ziyadnz/hourly-ipv4,ziyadnz|hourly,2026-08-17T18:48:05Z,2026-08-17T18:48:05Z,
178.32.138.54,ipv4,malicious-ip,medium,WHITE,ziyadnz/hourly-ipv4,ziyadnz|hourly,2026-08-17T18:48:05Z,2026-08-17T18:48:05Z,
178.32.172.14,ipv4,malicious-ip,medium,WHITE,ziyadnz/hourly-ipv4,ziyadnz|hourly,2026-08-17T18:48:05Z,2026-08-17T18:48:05Z,
178.32.172.15,ipv4,malicious-ip,medium,WHITE,ziyadnz/hourly-ipv4,ziyadnz|hourly,2026-08-17T18:48:05Z,2026-08-17T18:48:05Z,
178.33.12.170,ipv4,malicious-ip,medium,WHITE,ziyadnz/hourly-ipv4,ziyadnz|hourly,2026-08-17T18:48:05Z,2026-08-17T18:48:05Z,
178.33.72.144,ipv4,malicious-ip,medium,WHITE,ziyadnz/hourly-ipv4,ziyadnz|hourly,2026-08-17T18:48:05Z,2026-08-17T18:48:05Z,
178.33.94.35,ipv4,malicious-ip,medium,WHITE,ziyadnz/hourly-ipv4,ziyadnz|hourly,2026-08-17T18:48:05Z,2026-08-17T18:48:05Z,
178.35.152.250,ipv4,malicious-ip,medium,WHITE,ziyadnz/hourly-ipv4,ziyadnz|hourly,2026-08-17T18:48:05Z,2026-08-17T18:48:05Z,
178.37.97.243,ipv4,malicious-ip,medium,WHITE,ziyadnz/hourly-ipv4,ziyadnz|hourly,2026-08-17T18:48:05Z,2026-08-17T18:48:05Z,
178.38.203.75,ipv4,malicious-ip,medium,WHITE,ziyadnz/hourly-ipv4,ziyadnz|hourly,2026-08-17T18:48:05Z,2026-08-17T18:48:05Z,
178.45.124.48,ipv4,malicious-ip,medium,WHITE,ziyadnz/hourly-ipv4,ziyadnz|hourly,2026-08-17T18:48:05Z,2026-08-17T18:48:05Z,
178.45.132.85,ipv4,malicious-ip,medium,WHITE,ziyadnz/hourly-ipv4,ziyadnz|hourly,2026-08-17T18:48:05Z,2026-08-17T18:48:05Z,
178.46.128.225,ipv4,malicious-ip,medium,WHITE,ziyadnz/hourly-ipv4,ziyadnz|hourly,2026-08-17T18:48:05Z,2026-08-17T18:48:05Z,
178.46.160.148,ipv4,malicious-ip,medium,WHITE,ziyadnz/hourly-ipv4,ziyadnz|hourly,2026-08-17T18:48:05Z,2026-08-17T18:48:05Z,
178.46.180.13,ipv4,malicious-ip,medium,WHITE,ziyadnz/hourly-ipv4,ziyadnz|hourly,2026-08-17T18:48:05Z,2026-08-17T18:48:05Z,
178.47.132.168,ipv4,malicious-ip,medium,WHITE,ziyadnz/hourly-ipv4,ziyadnz|hourly,2026-08-17T18:48:05Z,2026-08-17T18:48:05Z,
178.48.181.39,ipv4,malicious-ip,medium,WHITE,ziyadnz/hourly-ipv4,ziyadnz|hourly,2026-08-17T18:48:05Z,2026-08-17T18:48:05Z,
178.48.181.53,ipv4,malicious-ip,medium,WHITE,ziyadnz/hourly-ipv4,ziyadnz|hourly,2026-08-17T18:48:05Z,2026-08-17T18:48:05Z,
178.48.181.63,ipv4,malicious-ip,medium,WHITE,ziyadnz/hourly-ipv4,ziyadnz|hourly,2026-08-17T18:48:05Z,2026-08-17T18:48:05Z,
178.49.252.47,ipv4,malicious-ip,medium,WHITE,ziyadnz/hourly-ipv4,ziyadnz|hourly,2026-08-17T18:48:05Z,2026-08-17T18:48:05Z,
178.49.5.49,ipv4,malicious-ip,medium,WHITE,ziyadnz/hourly-ipv4,ziyadnz|hourly,2026-08-17T18:48:05Z,2026-08-17T18:48:05Z,
178.53.102.104,ipv4,malicious-ip,medium,WHITE,ziyadnz/hourly-ipv4,ziyadnz|hourly,2026-08-17T18:48:05Z,2026-08-17T18:48:05Z,
178.54.176.170,ipv4,malicious-ip,medium,WHITE,ziyadnz/hourly-ipv4,ziyadnz|hourly,2026-08-17T18:48:05Z,2026-08-17T18:48:05Z,
178.54.78.190,ipv4,malicious-ip,medium,WHITE,ziyadnz/hourly-ipv4,ziyadnz|hourly,2026-08-17T18:48:05Z,2026-08-17T18:48:05Z,
178.57.100.38,ipv4,malicious-ip,medium,WHITE,ziyadnz/hourly-ipv4,ziyadnz|hourly,2026-08-17T18:48:05Z,2026-08-17T18:48:05Z,
178.57.116.183,ipv4,malicious-ip,medium,WHITE,ziyadnz/hourly-ipv4,ziyadnz|hourly,2026-08-17T18:48:05Z,2026-08-17T18:48:05Z,
178.57.124.142,ipv4,malicious-ip,medium,WHITE,ziyadnz/hourly-ipv4,ziyadnz|hourly,2026-08-17T18:48:05Z,2026-08-17T18:48:05Z,
178.62.11.159,ipv4,malicious-ip,medium,WHITE,ziyadnz/hourly-ipv4,ziyadnz|hourly,2026-08-17T18:48:05Z,2026-08-17T18:48:05Z,
178.62.118.213,ipv4,malicious-ip,medium,WHITE,ziyadnz/hourly-ipv4,ziyadnz|hourly,2026-08-17T18:48:05Z,2026-08-17T18:48:05Z,
178.62.121.150,ipv4,malicious-ip,medium,WHITE,ziyadnz/hourly-ipv4,ziyadnz|hourly,2026-08-17T18:48:05Z,2026-08-17T18:48:05Z,
178.62.18.67,ipv4,malicious-ip,medium,WHITE,ziyadnz/hourly-ipv4,ziyadnz|hourly,2026-08-17T18:48:05Z,2026-08-17T18:48:05Z,
178.62.196.61,ipv4,malicious-ip,medium,WHITE,ziyadnz/hourly-ipv4,ziyadnz|hourly,2026-08-17T18:48:05Z,2026-08-17T18:48:05Z,
178.62.198.23,ipv4,malicious-ip,medium,WHITE,ziyadnz/hourly-ipv4,ziyadnz|hourly,2026-08-17T18:48:05Z,2026-08-17T18:48:05Z,
178.62.216.118,ipv4,malicious-ip,medium,WHITE,ziyadnz/hourly-ipv4,ziyadnz|hourly,2026-08-17T18:48:05Z,2026-08-17T18:48:05Z,
178.62.222.242,ipv4,malicious-ip,medium,WHITE,ziyadnz/hourly-ipv4,ziyadnz|hourly,2026-08-17T18:48:05Z,2026-08-17T18:48:05Z,
178.62.233.160,ipv4,malicious-ip,medium,WHITE,ziyadnz/hourly-ipv4,ziyadnz|hourly,2026-08-17T18:48:05Z,2026-08-17T18:48:05Z,
178.62.234.229,ipv4,malicious-ip,medium,WHITE,ziyadnz/hourly-ipv4,ziyadnz|hourly,2026-08-17T18:48:05Z,2026-08-17T18:48:05Z,
178.62.250.64,ipv4,malicious-ip,medium,WHITE,ziyadnz/hourly-ipv4,ziyadnz|hourly,2026-08-17T18:48:05Z,2026-08-17T18:48:05Z,
178.62.31.155,ipv4,malicious-ip,medium,WHITE,ziyadnz/hourly-ipv4,ziyadnz|hourly,2026-08-17T18:48:05Z,2026-08-17T18:48:05Z,
178.62.33.244,ipv4,malicious-ip,medium,WHITE,ziyadnz/hourly-ipv4,ziyadnz|hourly,2026-08-17T18:48:05Z,2026-08-17T18:48:05Z,
178.62.42.136,ipv4,malicious-ip,medium,WHITE,ziyadnz/hourly-ipv4,ziyadnz|hourly,2026-08-17T18:48:05Z,2026-08-17T18:48:05Z,
178.62.72.77,ipv4,malicious-ip,medium,WHITE,ziyadnz/hourly-ipv4,ziyadnz|hourly,2026-08-17T18:48:05Z,2026-08-17T18:48:05Z,
178.62.80.244,ipv4,malicious-ip,medium,WHITE,ziyadnz/hourly-ipv4,ziyadnz|hourly,2026-08-17T18:48:05Z,2026-08-17T18:48:05Z,
178.63.100.197,ipv4,malicious-ip,medium,WHITE,ziyadnz/hourly-ipv4,ziyadnz|hourly,2026-08-17T18:48:05Z,2026-08-17T18:48:05Z,
178.63.197.181,ipv4,malicious-ip,medium,WHITE,ziyadnz/hourly-ipv4,ziyadnz|hourly,2026-08-17T18:48:05Z,2026-08-17T18:48:05Z,
178.63.213.250,ipv4,malicious-ip,medium,WHITE,ziyadnz/hourly-ipv4,ziyadnz|hourly,2026-08-17T18:48:05Z,2026-08-17T18:48:05Z,
178.63.228.220,ipv4,malicious-ip,medium,WHITE,ziyadnz/hourly-ipv4,ziyadnz|hourly,2026-08-17T18:48:05Z,2026-08-17T18:48:05Z,
178.63.40.216,ipv4,malicious-ip,medium,WHITE,ziyadnz/hourly-ipv4,ziyadnz|hourly,2026-08-17T18:48:05Z,2026-08-17T18:48:05Z,
178.63.48.196,ipv4,malicious-ip,medium,WHITE,ziyadnz/hourly-ipv4,ziyadnz|hourly,2026-08-17T18:48:05Z,2026-08-17T18:48:05Z,
178.65.221.141,ipv4,malicious-ip,medium,WHITE,ziyadnz/hourly-ipv4,ziyadnz|hourly,2026-08-17T18:48:05Z,2026-08-17T18:48:05Z,
178.66.70.14,ipv4,malicious-ip,medium,WHITE,ziyadnz/hourly-ipv4,ziyadnz|hourly,2026-08-17T18:48:05Z,2026-08-17T18:48:05Z,
178.67.124.3,ipv4,malicious-ip,medium,WHITE,ziyadnz/hourly-ipv4,ziyadnz|hourly,2026-08-17T18:48:05Z,2026-08-17T18:48:05Z,
178.68.124.4,ipv4,malicious-ip,medium,WHITE,ziyadnz/hourly-ipv4,ziyadnz|hourly,2026-08-17T18:48:05Z,2026-08-17T18:48:05Z,
178.69.224.233,ipv4,malicious-ip,medium,WHITE,ziyadnz/hourly-ipv4,ziyadnz|hourly,2026-08-17T18:48:05Z,2026-08-17T18:48:05Z,
178.72.200.48,ipv4,malicious-ip,medium,WHITE,ziyadnz/hourly-ipv4,ziyadnz|hourly,2026-08-17T18:48:05Z,2026-08-17T18:48:05Z,
178.72.83.86,ipv4,malicious-ip,medium,WHITE,ziyadnz/hourly-ipv4,ziyadnz|hourly,2026-08-17T18:48:05Z,2026-08-17T18:48:05Z,
178.74.109.143,ipv4,malicious-ip,medium,WHITE,ziyadnz/hourly-ipv4,ziyadnz|hourly,2026-08-17T18:48:05Z,2026-08-17T18:48:05Z,
178.74.109.166,ipv4,malicious-ip,medium,WHITE,ziyadnz/hourly-ipv4,ziyadnz|hourly,2026-08-17T18:48:05Z,2026-08-17T18:48:05Z,
178.74.109.178,ipv4,malicious-ip,medium,WHITE,ziyadnz/hourly-ipv4,ziyadnz|hourly,2026-08-17T18:48:05Z,2026-08-17T18:48:05Z,
178.74.110.94,ipv4,malicious-ip,medium,WHITE,ziyadnz/hourly-ipv4,ziyadnz|hourly,2026-08-17T18:48:05Z,2026-08-17T18:48:05Z,
178.79.132.58,ipv4,malicious-ip,medium,WHITE,ziyadnz/hourly-ipv4,ziyadnz|hourly,2026-08-17T18:48:05Z,2026-08-17T18:48:05Z,
178.79.133.79,ipv4,malicious-ip,medium,WHITE,ziyadnz/hourly-ipv4,ziyadnz|hourly,2026-08-17T18:48:05Z,2026-08-17T18:48:05Z,
178.79.144.158,ipv4,malicious-ip,medium,WHITE,ziyadnz/hourly-ipv4,ziyadnz|hourly,2026-08-17T18:48:05Z,2026-08-17T18:48:05Z,
178.79.147.66,ipv4,malicious-ip,medium,WHITE,ziyadnz/hourly-ipv4,ziyadnz|hourly,2026-08-17T18:48:05Z,2026-08-17T18:48:05Z,
178.79.154.219,ipv4,malicious-ip,medium,WHITE,ziyadnz/hourly-ipv4,ziyadnz|hourly,2026-08-17T18:48:05Z,2026-08-17T18:48:05Z,
178.79.183.69,ipv4,malicious-ip,medium,WHITE,ziyadnz/hourly-ipv4,ziyadnz|hourly,2026-08-17T18:48:05Z,2026-08-17T18:48:05Z,
178.79.184.64,ipv4,malicious-ip,medium,WHITE,ziyadnz/hourly-ipv4,ziyadnz|hourly,2026-08-17T18:48:05Z,2026-08-17T18:48:05Z,
178.79.188.181,ipv4,malicious-ip,medium,WHITE,ziyadnz/hourly-ipv4,ziyadnz|hourly,2026-08-17T18:48:05Z,2026-08-17T18:48:05Z,
178.88.112.170,ipv4,malicious-ip,medium,WHITE,ziyadnz/hourly-ipv4,ziyadnz|hourly,2026-08-17T18:48:05Z,2026-08-17T18:48:05Z,
178.88.167.38,ipv4,malicious-ip,medium,WHITE,ziyadnz/hourly-ipv4,ziyadnz|hourly,2026-08-17T18:48:05Z,2026-08-17T18:48:05Z,
178.89.246.26,ipv4,malicious-ip,medium,WHITE,ziyadnz/hourly-ipv4,ziyadnz|hourly,2026-08-17T18:48:05Z,2026-08-17T18:48:05Z,
178.89.74.78,ipv4,malicious-ip,medium,WHITE,ziyadnz/hourly-ipv4,ziyadnz|hourly,2026-08-17T18:48:05Z,2026-08-17T18:48:05Z,
178.90.159.95,ipv4,malicious-ip,medium,WHITE,ziyadnz/hourly-ipv4,ziyadnz|hourly,2026-08-17T18:48:05Z,2026-08-17T18:48:05Z,
178.90.75.142,ipv4,malicious-ip,medium,WHITE,ziyadnz/hourly-ipv4,ziyadnz|hourly,2026-08-17T18:48:05Z,2026-08-17T18:48:05Z,
178.91.229.153,ipv4,malicious-ip,medium,WHITE,ziyadnz/hourly-ipv4,ziyadnz|hourly,2026-08-17T18:48:05Z,2026-08-17T18:48:05Z,
178.91.94.146,ipv4,malicious-ip,medium,WHITE,ziyadnz/hourly-ipv4,ziyadnz|hourly,2026-08-17T18:48:05Z,2026-08-17T18:48:05Z,
178.92.162.109,ipv4,malicious-ip,medium,WHITE,ziyadnz/hourly-ipv4,ziyadnz|hourly,2026-08-17T18:48:05Z,2026-08-17T18:48:05Z,
178.92.162.94,ipv4,malicious-ip,medium,WHITE,ziyadnz/hourly-ipv4,ziyadnz|hourly,2026-08-17T18:48:05Z,2026-08-17T18:48:05Z,
178.93.200.29,ipv4,malicious-ip,medium,WHITE,ziyadnz/hourly-ipv4,ziyadnz|hourly,2026-08-17T18:48:05Z,2026-08-17T18:48:05Z,
178.93.200.5,ipv4,malicious-ip,medium,WHITE,ziyadnz/hourly-ipv4,ziyadnz|hourly,2026-08-17T18:48:05Z,2026-08-17T18:48:05Z,
178.95.1.223,ipv4,malicious-ip,medium,WHITE,ziyadnz/hourly-ipv4,ziyadnz|hourly,2026-08-17T18:48:05Z,2026-08-17T18:48:05Z,
179.0.112.22,ipv4,malicious-ip,medium,WHITE,ziyadnz/hourly-ipv4,ziyadnz|hourly,2026-08-17T18:48:05Z,2026-08-17T18:48:05Z,
179.0.122.108,ipv4,malicious-ip,medium,WHITE,ziyadnz/hourly-ipv4,ziyadnz|hourly,2026-08-17T18:48:05Z,2026-08-17T18:48:05Z,
179.0.179.179,ipv4,malicious-ip,medium,WHITE,ziyadnz/hourly-ipv4,ziyadnz|hourly,2026-08-17T18:48:05Z,2026-08-17T18:48:05Z,
179.0.183.182,ipv4,malicious-ip,medium,WHITE,ziyadnz/hourly-ipv4,ziyadnz|hourly,2026-08-17T18:48:05Z,2026-08-17T18:48:05Z,
179.0.254.3,ipv4,malicious-ip,medium,WHITE,ziyadnz/hourly-ipv4,ziyadnz|hourly,2026-08-17T18:48:05Z,2026-08-17T18:48:05Z,
179.0.41.10,ipv4,malicious-ip,medium,WHITE,ziyadnz/hourly-ipv4,ziyadnz|hourly,2026-08-17T18:48:05Z,2026-08-17T18:48:05Z,
179.0.58.155,ipv4,malicious-ip,medium,WHITE,ziyadnz/hourly-ipv4,ziyadnz|hourly,2026-08-17T18:48:05Z,2026-08-17T18:48:05Z,
179.0.58.180,ipv4,malicious-ip,medium,WHITE,ziyadnz/hourly-ipv4,ziyadnz|hourly,2026-08-17T18:48:05Z,2026-08-17T18:48:05Z,
179.0.72.198,ipv4,malicious-ip,medium,WHITE,ziyadnz/hourly-ipv4,ziyadnz|hourly,2026-08-17T18:48:05Z,2026-08-17T18:48:05Z,
179.1.110.66,ipv4,malicious-ip,medium,WHITE,ziyadnz/hourly-ipv4,ziyadnz|hourly,2026-08-17T18:48:05Z,2026-08-17T18:48:05Z,
179.1.145.176,ipv4,malicious-ip,medium,WHITE,ziyadnz/hourly-ipv4,ziyadnz|hourly,2026-08-17T18:48:05Z,2026-08-17T18:48:05Z,
179.1.181.220,ipv4,malicious-ip,medium,WHITE,ziyadnz/hourly-ipv4,ziyadnz|hourly,2026-08-17T18:48:05Z,2026-08-17T18:48:05Z,
179.1.190.9,ipv4,malicious-ip,medium,WHITE,ziyadnz/hourly-ipv4,ziyadnz|hourly,2026-08-17T18:48:05Z,2026-08-17T18:48:05Z,
179.1.199.168,ipv4,malicious-ip,medium,WHITE,ziyadnz/hourly-ipv4,ziyadnz|hourly,2026-08-17T18:48:05Z,2026-08-17T18:48:05Z,
179.1.199.50,ipv4,malicious-ip,medium,WHITE,ziyadnz/hourly-ipv4,ziyadnz|hourly,2026-08-17T18:48:05Z,2026-08-17T18:48:05Z,
179.1.203.241,ipv4,malicious-ip,medium,WHITE,ziyadnz/hourly-ipv4,ziyadnz|hourly,2026-08-17T18:48:05Z,2026-08-17T18:48:05Z,
179.1.203.243,ipv4,malicious-ip,medium,WHITE,ziyadnz/hourly-ipv4,ziyadnz|hourly,2026-08-17T18:48:05Z,2026-08-17T18:48:05Z,
179.1.228.73,ipv4,malicious-ip,medium,WHITE,ziyadnz/hourly-ipv4,ziyadnz|hourly,2026-08-17T18:48:05Z,2026-08-17T18:48:05Z,
179.1.234.59,ipv4,malicious-ip,medium,WHITE,ziyadnz/hourly-ipv4,ziyadnz|hourly,2026-08-17T18:48:05Z,2026-08-17T18:48:05Z,
179.1.240.13,ipv4,malicious-ip,medium,WHITE,ziyadnz/hourly-ipv4,ziyadnz|hourly,2026-08-17T18:48:05Z,2026-08-17T18:48:05Z,
179.1.240.5,ipv4,malicious-ip,medium,WHITE,ziyadnz/hourly-ipv4,ziyadnz|hourly,2026-08-17T18:48:05Z,2026-08-17T18:48:05Z,
179.1.48.47,ipv4,malicious-ip,medium,WHITE,ziyadnz/hourly-ipv4,ziyadnz|hourly,2026-08-17T18:48:05Z,2026-08-17T18:48:05Z,
179.1.87.78,ipv4,malicious-ip,medium,WHITE,ziyadnz/hourly-ipv4,ziyadnz|hourly,2026-08-17T18:48:05Z,2026-08-17T18:48:05Z,
179.100.100.49,ipv4,malicious-ip,medium,WHITE,ziyadnz/hourly-ipv4,ziyadnz|hourly,2026-08-17T18:48:05Z,2026-08-17T18:48:05Z,
179.104.184.121,ipv4,malicious-ip,medium,WHITE,ziyadnz/hourly-ipv4,ziyadnz|hourly,2026-08-17T18:48:05Z,2026-08-17T18:48:05Z,
179.104.48.170,ipv4,malicious-ip,medium,WHITE,ziyadnz/hourly-ipv4,ziyadnz|hourly,2026-08-17T18:48:05Z,2026-08-17T18:48:05Z,
179.105.131.85,ipv4,malicious-ip,medium,WHITE,ziyadnz/hourly-ipv4,ziyadnz|hourly,2026-08-17T18:48:05Z,2026-08-17T18:48:05Z,
179.105.30.163,ipv4,malicious-ip,medium,WHITE,ziyadnz/hourly-ipv4,ziyadnz|hourly,2026-08-17T18:48:05Z,2026-08-17T18:48:05Z,
179.106.165.20,ipv4,malicious-ip,medium,WHITE,ziyadnz/hourly-ipv4,ziyadnz|hourly,2026-08-17T18:48:05Z,2026-08-17T18:48:05Z,
179.106.174.131,ipv4,malicious-ip,medium,WHITE,ziyadnz/hourly-ipv4,ziyadnz|hourly,2026-08-17T18:48:05Z,2026-08-17T18:48:05Z,
179.106.174.195,ipv4,malicious-ip,medium,WHITE,ziyadnz/hourly-ipv4,ziyadnz|hourly,2026-08-17T18:48:05Z,2026-08-17T18:48:05Z,
179.106.178.62,ipv4,malicious-ip,medium,WHITE,ziyadnz/hourly-ipv4,ziyadnz|hourly,2026-08-17T18:48:05Z,2026-08-17T18:48:05Z,
179.106.178.65,ipv4,malicious-ip,medium,WHITE,ziyadnz/hourly-ipv4,ziyadnz|hourly,2026-08-17T18:48:05Z,2026-08-17T18:48:05Z,
179.106.62.165,ipv4,malicious-ip,medium,WHITE,ziyadnz/hourly-ipv4,ziyadnz|hourly,2026-08-17T18:48:05Z,2026-08-17T18:48:05Z,
179.107.105.94,ipv4,malicious-ip,medium,WHITE,ziyadnz/hourly-ipv4,ziyadnz|hourly,2026-08-17T18:48:05Z,2026-08-17T18:48:05Z,
179.107.215.161,ipv4,malicious-ip,medium,WHITE,ziyadnz/hourly-ipv4,ziyadnz|hourly,2026-08-17T18:48:05Z,2026-08-17T18:48:05Z,
179.107.50.89,ipv4,malicious-ip,medium,WHITE,ziyadnz/hourly-ipv4,ziyadnz|hourly,2026-08-17T18:48:05Z,2026-08-17T18:48:05Z,
179.108.119.30,ipv4,malicious-ip,medium,WHITE,ziyadnz/hourly-ipv4,ziyadnz|hourly,2026-08-17T18:48:05Z,2026-08-17T18:48:05Z,
179.108.246.164,ipv4,malicious-ip,medium,WHITE,ziyadnz/hourly-ipv4,ziyadnz|hourly,2026-08-17T18:48:05Z,2026-08-17T18:48:05Z,
179.108.83.130,ipv4,malicious-ip,medium,WHITE,ziyadnz/hourly-ipv4,ziyadnz|hourly,2026-08-17T18:48:05Z,2026-08-17T18:48:05Z,
179.108.91.180,ipv4,malicious-ip,medium,WHITE,ziyadnz/hourly-ipv4,ziyadnz|hourly,2026-08-17T18:48:05Z,2026-08-17T18:48:05Z,
179.108.94.136,ipv4,malicious-ip,medium,WHITE,ziyadnz/hourly-ipv4,ziyadnz|hourly,2026-08-17T18:48:05Z,2026-08-17T18:48:05Z,
179.109.1.11,ipv4,malicious-ip,medium,WHITE,ziyadnz/hourly-ipv4,ziyadnz|hourly,2026-08-17T18:48:05Z,2026-08-17T18:48:05Z,
179.109.56.74,ipv4,malicious-ip,medium,WHITE,ziyadnz/hourly-ipv4,ziyadnz|hourly,2026-08-17T18:48:05Z,2026-08-17T18:48:05Z,
179.109.83.102,ipv4,malicious-ip,medium,WHITE,ziyadnz/hourly-ipv4,ziyadnz|hourly,2026-08-17T18:48:05Z,2026-08-17T18:48:05Z,
179.109.96.253,ipv4,malicious-ip,medium,WHITE,ziyadnz/hourly-ipv4,ziyadnz|hourly,2026-08-17T18:48:05Z,2026-08-17T18:48:05Z,
179.109.97.229,ipv4,malicious-ip,medium,WHITE,ziyadnz/hourly-ipv4,ziyadnz|hourly,2026-08-17T18:48:05Z,2026-08-17T18:48:05Z,
179.110.174.181,ipv4,malicious-ip,medium,WHITE,ziyadnz/hourly-ipv4,ziyadnz|hourly,2026-08-17T18:48:05Z,2026-08-17T18:48:05Z,
179.110.196.42,ipv4,malicious-ip,medium,WHITE,ziyadnz/hourly-ipv4,ziyadnz|hourly,2026-08-17T18:48:05Z,2026-08-17T18:48:05Z,
179.110.52.8,ipv4,malicious-ip,medium,WHITE,ziyadnz/hourly-ipv4,ziyadnz|hourly,2026-08-17T18:48:05Z,2026-08-17T18:48:05Z,
179.111.8.52,ipv4,malicious-ip,medium,WHITE,ziyadnz/hourly-ipv4,ziyadnz|hourly,2026-08-17T18:48:05Z,2026-08-17T18:48:05Z,
179.113.79.200,ipv4,malicious-ip,medium,WHITE,ziyadnz/hourly-ipv4,ziyadnz|hourly,2026-08-17T18:48:05Z,2026-08-17T18:48:05Z,
179.115.36.9,ipv4,malicious-ip,medium,WHITE,ziyadnz/hourly-ipv4,ziyadnz|hourly,2026-08-17T18:48:05Z,2026-08-17T18:48:05Z,
179.116.114.246,ipv4,malicious-ip,medium,WHITE,ziyadnz/hourly-ipv4,ziyadnz|hourly,2026-08-17T18:48:05Z,2026-08-17T18:48:05Z,
179.117.87.23,ipv4,malicious-ip,medium,WHITE,ziyadnz/hourly-ipv4,ziyadnz|hourly,2026-08-17T18:48:05Z,2026-08-17T18:48:05Z,
179.118.151.93,ipv4,malicious-ip,medium,WHITE,ziyadnz/hourly-ipv4,ziyadnz|hourly,2026-08-17T18:48:05Z,2026-08-17T18:48:05Z,
179.124.129.242,ipv4,malicious-ip,medium,WHITE,ziyadnz/hourly-ipv4,ziyadnz|hourly,2026-08-17T18:48:05Z,2026-08-17T18:48:05Z,
179.124.16.90,ipv4,malicious-ip,medium,WHITE,ziyadnz/hourly-ipv4,ziyadnz|hourly,2026-08-17T18:48:05Z,2026-08-17T18:48:05Z,
179.124.29.29,ipv4,malicious-ip,medium,WHITE,ziyadnz/hourly-ipv4,ziyadnz|hourly,2026-08-17T18:48:05Z,2026-08-17T18:48:05Z,
179.125.127.183,ipv4,malicious-ip,medium,WHITE,ziyadnz/hourly-ipv4,ziyadnz|hourly,2026-08-17T18:48:05Z,2026-08-17T18:48:05Z,
179.125.129.205,ipv4,malicious-ip,medium,WHITE,ziyadnz/hourly-ipv4,ziyadnz|hourly,2026-08-17T18:48:05Z,2026-08-17T18:48:05Z,
179.125.130.175,ipv4,malicious-ip,medium,WHITE,ziyadnz/hourly-ipv4,ziyadnz|hourly,2026-08-17T18:48:05Z,2026-08-17T18:48:05Z,
179.125.136.240,ipv4,malicious-ip,medium,WHITE,ziyadnz/hourly-ipv4,ziyadnz|hourly,2026-08-17T18:48:05Z,2026-08-17T18:48:05Z,
179.125.137.145,ipv4,malicious-ip,medium,WHITE,ziyadnz/hourly-ipv4,ziyadnz|hourly,2026-08-17T18:48:05Z,2026-08-17T18:48:05Z,
179.125.137.161,ipv4,malicious-ip,medium,WHITE,ziyadnz/hourly-ipv4,ziyadnz|hourly,2026-08-17T18:48:05Z,2026-08-17T18:48:05Z,
179.125.137.173,ipv4,malicious-ip,medium,WHITE,ziyadnz/hourly-ipv4,ziyadnz|hourly,2026-08-17T18:48:05Z,2026-08-17T18:48:05Z,
179.125.137.19,ipv4,malicious-ip,medium,WHITE,ziyadnz/hourly-ipv4,ziyadnz|hourly,2026-08-17T18:48:05Z,2026-08-17T18:48:05Z,
179.125.138.173,ipv4,malicious-ip,medium,WHITE,ziyadnz/hourly-ipv4,ziyadnz|hourly,2026-08-17T18:48:05Z,2026-08-17T18:48:05Z,
179.125.141.254,ipv4,malicious-ip,medium,WHITE,ziyadnz/hourly-ipv4,ziyadnz|hourly,2026-08-17T18:48:05Z,2026-08-17T18:48:05Z,
179.125.149.120,ipv4,malicious-ip,medium,WHITE,ziyadnz/hourly-ipv4,ziyadnz|hourly,2026-08-17T18:48:05Z,2026-08-17T18:48:05Z,
179.125.150.212,ipv4,malicious-ip,medium,WHITE,ziyadnz/hourly-ipv4,ziyadnz|hourly,2026-08-17T18:48:05Z,2026-08-17T18:48:05Z,
179.125.153.79,ipv4,malicious-ip,medium,WHITE,ziyadnz/hourly-ipv4,ziyadnz|hourly,2026-08-17T18:48:05Z,2026-08-17T18:48:05Z,
179.125.158.5,ipv4,malicious-ip,medium,WHITE,ziyadnz/hourly-ipv4,ziyadnz|hourly,2026-08-17T18:48:05Z,2026-08-17T18:48:05Z,
179.125.180.236,ipv4,malicious-ip,medium,WHITE,ziyadnz/hourly-ipv4,ziyadnz|hourly,2026-08-17T18:48:05Z,2026-08-17T18:48:05Z,
179.125.200.28,ipv4,malicious-ip,medium,WHITE,ziyadnz/hourly-ipv4,ziyadnz|hourly,2026-08-17T18:48:05Z,2026-08-17T18:48:05Z,
179.125.205.141,ipv4,malicious-ip,medium,WHITE,ziyadnz/hourly-ipv4,ziyadnz|hourly,2026-08-17T18:48:05Z,2026-08-17T18:48:05Z,
179.125.206.26,ipv4,malicious-ip,medium,WHITE,ziyadnz/hourly-ipv4,ziyadnz|hourly,2026-08-17T18:48:05Z,2026-08-17T18:48:05Z,
179.125.247.22,ipv4,malicious-ip,medium,WHITE,ziyadnz/hourly-ipv4,ziyadnz|hourly,2026-08-17T18:48:05Z,2026-08-17T18:48:05Z,
179.125.255.133,ipv4,malicious-ip,medium,WHITE,ziyadnz/hourly-ipv4,ziyadnz|hourly,2026-08-17T18:48:05Z,2026-08-17T18:48:05Z,
179.125.42.2,ipv4,malicious-ip,medium,WHITE,ziyadnz/hourly-ipv4,ziyadnz|hourly,2026-08-17T18:48:05Z,2026-08-17T18:48:05Z,
179.125.60.239,ipv4,malicious-ip,medium,WHITE,ziyadnz/hourly-ipv4,ziyadnz|hourly,2026-08-17T18:48:05Z,2026-08-17T18:48:05Z,
179.126.169.148,ipv4,malicious-ip,medium,WHITE,ziyadnz/hourly-ipv4,ziyadnz|hourly,2026-08-17T18:48:05Z,2026-08-17T18:48:05Z,
179.126.171.219,ipv4,malicious-ip,medium,WHITE,ziyadnz/hourly-ipv4,ziyadnz|hourly,2026-08-17T18:48:05Z,2026-08-17T18:48:05Z,
179.126.175.143,ipv4,malicious-ip,medium,WHITE,ziyadnz/hourly-ipv4,ziyadnz|hourly,2026-08-17T18:48:05Z,2026-08-17T18:48:05Z,
179.126.187.216,ipv4,malicious-ip,medium,WHITE,ziyadnz/hourly-ipv4,ziyadnz|hourly,2026-08-17T18:48:05Z,2026-08-17T18:48:05Z,
179.127.104.119,ipv4,malicious-ip,medium,WHITE,ziyadnz/hourly-ipv4,ziyadnz|hourly,2026-08-17T18:48:05Z,2026-08-17T18:48:05Z,
179.127.104.67,ipv4,malicious-ip,medium,WHITE,ziyadnz/hourly-ipv4,ziyadnz|hourly,2026-08-17T18:48:05Z,2026-08-17T18:48:05Z,
179.127.130.31,ipv4,malicious-ip,medium,WHITE,ziyadnz/hourly-ipv4,ziyadnz|hourly,2026-08-17T18:48:05Z,2026-08-17T18:48:05Z,
179.127.170.25,ipv4,malicious-ip,medium,WHITE,ziyadnz/hourly-ipv4,ziyadnz|hourly,2026-08-17T18:48:05Z,2026-08-17T18:48:05Z,
179.127.249.231,ipv4,malicious-ip,medium,WHITE,ziyadnz/hourly-ipv4,ziyadnz|hourly,2026-08-17T18:48:05Z,2026-08-17T18:48:05Z,
179.127.251.159,ipv4,malicious-ip,medium,WHITE,ziyadnz/hourly-ipv4,ziyadnz|hourly,2026-08-17T18:48:05Z,2026-08-17T18:48:05Z,
179.127.30.77,ipv4,malicious-ip,medium,WHITE,ziyadnz/hourly-ipv4,ziyadnz|hourly,2026-08-17T18:48:05Z,2026-08-17T18:48:05Z,
179.127.34.165,ipv4,malicious-ip,medium,WHITE,ziyadnz/hourly-ipv4,ziyadnz|hourly,2026-08-17T18:48:05Z,2026-08-17T18:48:05Z,
179.127.39.129,ipv4,malicious-ip,medium,WHITE,ziyadnz/hourly-ipv4,ziyadnz|hourly,2026-08-17T18:48:05Z,2026-08-17T18:48:05Z,
179.127.68.151,ipv4,malicious-ip,medium,WHITE,ziyadnz/hourly-ipv4,ziyadnz|hourly,2026-08-17T18:48:05Z,2026-08-17T18:48:05Z,
179.127.84.22,ipv4,malicious-ip,medium,WHITE,ziyadnz/hourly-ipv4,ziyadnz|hourly,2026-08-17T18:48:05Z,2026-08-17T18:48:05Z,
179.127.91.177,ipv4,malicious-ip,medium,WHITE,ziyadnz/hourly-ipv4,ziyadnz|hourly,2026-08-17T18:48:05Z,2026-08-17T18:48:05Z,
179.127.99.42,ipv4,malicious-ip,medium,WHITE,ziyadnz/hourly-ipv4,ziyadnz|hourly,2026-08-17T18:48:05Z,2026-08-17T18:48:05Z,
179.13.3.110,ipv4,malicious-ip,medium,WHITE,ziyadnz/hourly-ipv4,ziyadnz|hourly,2026-08-17T18:48:05Z,2026-08-17T18:48:05Z,
179.13.43.80,ipv4,malicious-ip,medium,WHITE,ziyadnz/hourly-ipv4,ziyadnz|hourly,2026-08-17T18:48:05Z,2026-08-17T18:48:05Z,
179.13.5.158,ipv4,malicious-ip,medium,WHITE,ziyadnz/hourly-ipv4,ziyadnz|hourly,2026-08-17T18:48:05Z,2026-08-17T18:48:05Z,
179.132.128.189,ipv4,malicious-ip,medium,WHITE,ziyadnz/hourly-ipv4,ziyadnz|hourly,2026-08-17T18:48:05Z,2026-08-17T18:48:05Z,
179.133.61.148,ipv4,malicious-ip,medium,WHITE,ziyadnz/hourly-ipv4,ziyadnz|hourly,2026-08-17T18:48:05Z,2026-08-17T18:48:05Z,
179.135.15.104,ipv4,malicious-ip,medium,WHITE,ziyadnz/hourly-ipv4,ziyadnz|hourly,2026-08-17T18:48:05Z,2026-08-17T18:48:05Z,
179.135.59.105,ipv4,malicious-ip,medium,WHITE,ziyadnz/hourly-ipv4,ziyadnz|hourly,2026-08-17T18:48:05Z,2026-08-17T18:48:05Z,
179.135.93.134,ipv4,malicious-ip,medium,WHITE,ziyadnz/hourly-ipv4,ziyadnz|hourly,2026-08-17T18:48:05Z,2026-08-17T18:48:05Z,
179.137.126.198,ipv4,malicious-ip,medium,WHITE,ziyadnz/hourly-ipv4,ziyadnz|hourly,2026-08-17T18:48:05Z,2026-08-17T18:48:05Z,
179.137.136.149,ipv4,malicious-ip,medium,WHITE,ziyadnz/hourly-ipv4,ziyadnz|hourly,2026-08-17T18:48:05Z,2026-08-17T18:48:05Z,
179.137.69.141,ipv4,malicious-ip,medium,WHITE,ziyadnz/hourly-ipv4,ziyadnz|hourly,2026-08-17T18:48:05Z,2026-08-17T18:48:05Z,
179.146.95.98,ipv4,malicious-ip,medium,WHITE,ziyadnz/hourly-ipv4,ziyadnz|hourly,2026-08-17T18:48:05Z,2026-08-17T18:48:05Z,
179.151.236.82,ipv4,malicious-ip,medium,WHITE,ziyadnz/hourly-ipv4,ziyadnz|hourly,2026-08-17T18:48:05Z,2026-08-17T18:48:05Z,
179.152.169.44,ipv4,malicious-ip,medium,WHITE,ziyadnz/hourly-ipv4,ziyadnz|hourly,2026-08-17T18:48:05Z,2026-08-17T18:48:05Z,
179.152.173.52,ipv4,malicious-ip,medium,WHITE,ziyadnz/hourly-ipv4,ziyadnz|hourly,2026-08-17T18:48:05Z,2026-08-17T18:48:05Z,
179.152.35.213,ipv4,malicious-ip,medium,WHITE,ziyadnz/hourly-ipv4,ziyadnz|hourly,2026-08-17T18:48:05Z,2026-08-17T18:48:05Z,
179.153.15.133,ipv4,malicious-ip,medium,WHITE,ziyadnz/hourly-ipv4,ziyadnz|hourly,2026-08-17T18:48:05Z,2026-08-17T18:48:05Z,
179.154.172.46,ipv4,malicious-ip,medium,WHITE,ziyadnz/hourly-ipv4,ziyadnz|hourly,2026-08-17T18:48:05Z,2026-08-17T18:48:05Z,
179.154.225.26,ipv4,malicious-ip,medium,WHITE,ziyadnz/hourly-ipv4,ziyadnz|hourly,2026-08-17T18:48:05Z,2026-08-17T18:48:05Z,
179.154.97.18,ipv4,malicious-ip,medium,WHITE,ziyadnz/hourly-ipv4,ziyadnz|hourly,2026-08-17T18:48:05Z,2026-08-17T18:48:05Z,
179.155.101.57,ipv4,malicious-ip,medium,WHITE,ziyadnz/hourly-ipv4,ziyadnz|hourly,2026-08-17T18:48:05Z,2026-08-17T18:48:05Z,
179.155.133.249,ipv4,malicious-ip,medium,WHITE,ziyadnz/hourly-ipv4,ziyadnz|hourly,2026-08-17T18:48:05Z,2026-08-17T18:48:05Z,
179.155.139.69,ipv4,malicious-ip,medium,WHITE,ziyadnz/hourly-ipv4,ziyadnz|hourly,2026-08-17T18:48:05Z,2026-08-17T18:48:05Z,
179.156.106.151,ipv4,malicious-ip,medium,WHITE,ziyadnz/hourly-ipv4,ziyadnz|hourly,2026-08-17T18:48:05Z,2026-08-17T18:48:05Z,
179.156.106.6,ipv4,malicious-ip,medium,WHITE,ziyadnz/hourly-ipv4,ziyadnz|hourly,2026-08-17T18:48:05Z,2026-08-17T18:48:05Z,
179.156.120.12,ipv4,malicious-ip,medium,WHITE,ziyadnz/hourly-ipv4,ziyadnz|hourly,2026-08-17T18:48:05Z,2026-08-17T18:48:05Z,
179.156.231.23,ipv4,malicious-ip,medium,WHITE,ziyadnz/hourly-ipv4,ziyadnz|hourly,2026-08-17T18:48:05Z,2026-08-17T18:48:05Z,
179.157.127.125,ipv4,malicious-ip,medium,WHITE,ziyadnz/hourly-ipv4,ziyadnz|hourly,2026-08-17T18:48:05Z,2026-08-17T18:48:05Z,
179.157.23.48,ipv4,malicious-ip,medium,WHITE,ziyadnz/hourly-ipv4,ziyadnz|hourly,2026-08-17T18:48:05Z,2026-08-17T18:48:05Z,
179.159.118.127,ipv4,malicious-ip,medium,WHITE,ziyadnz/hourly-ipv4,ziyadnz|hourly,2026-08-17T18:48:05Z,2026-08-17T18:48:05Z,
179.159.208.168,ipv4,malicious-ip,medium,WHITE,ziyadnz/hourly-ipv4,ziyadnz|hourly,2026-08-17T18:48:05Z,2026-08-17T18:48:05Z,
179.159.35.47,ipv4,malicious-ip,medium,WHITE,ziyadnz/hourly-ipv4,ziyadnz|hourly,2026-08-17T18:48:05Z,2026-08-17T18:48:05Z,
179.160.73.8,ipv4,malicious-ip,medium,WHITE,ziyadnz/hourly-ipv4,ziyadnz|hourly,2026-08-17T18:48:05Z,2026-08-17T18:48:05Z,
179.167.12.104,ipv4,malicious-ip,medium,WHITE,ziyadnz/hourly-ipv4,ziyadnz|hourly,2026-08-17T18:48:05Z,2026-08-17T18:48:05Z,
179.167.56.41,ipv4,malicious-ip,medium,WHITE,ziyadnz/hourly-ipv4,ziyadnz|hourly,2026-08-17T18:48:05Z,2026-08-17T18:48:05Z,
179.168.128.17,ipv4,malicious-ip,medium,WHITE,ziyadnz/hourly-ipv4,ziyadnz|hourly,2026-08-17T18:48:05Z,2026-08-17T18:48:05Z,
179.172.134.11,ipv4,malicious-ip,medium,WHITE,ziyadnz/hourly-ipv4,ziyadnz|hourly,2026-08-17T18:48:05Z,2026-08-17T18:48:05Z,
179.173.67.105,ipv4,malicious-ip,medium,WHITE,ziyadnz/hourly-ipv4,ziyadnz|hourly,2026-08-17T18:48:05Z,2026-08-17T18:48:05Z,
179.174.175.160,ipv4,malicious-ip,medium,WHITE,ziyadnz/hourly-ipv4,ziyadnz|hourly,2026-08-17T18:48:05Z,2026-08-17T18:48:05Z,
179.176.103.231,ipv4,malicious-ip,medium,WHITE,ziyadnz/hourly-ipv4,ziyadnz|hourly,2026-08-17T18:48:05Z,2026-08-17T18:48:05Z,
179.178.137.206,ipv4,malicious-ip,medium,WHITE,ziyadnz/hourly-ipv4,ziyadnz|hourly,2026-08-17T18:48:05Z,2026-08-17T18:48:05Z,
179.179.133.94,ipv4,malicious-ip,medium,WHITE,ziyadnz/hourly-ipv4,ziyadnz|hourly,2026-08-17T18:48:05Z,2026-08-17T18:48:05Z,
179.179.192.113,ipv4,malicious-ip,medium,WHITE,ziyadnz/hourly-ipv4,ziyadnz|hourly,2026-08-17T18:48:05Z,2026-08-17T18:48:05Z,
179.179.192.172,ipv4,malicious-ip,medium,WHITE,ziyadnz/hourly-ipv4,ziyadnz|hourly,2026-08-17T18:48:05Z,2026-08-17T18:48:05Z,
179.179.192.19,ipv4,malicious-ip,medium,WHITE,ziyadnz/hourly-ipv4,ziyadnz|hourly,2026-08-17T18:48:05Z,2026-08-17T18:48:05Z,
179.179.192.200,ipv4,malicious-ip,medium,WHITE,ziyadnz/hourly-ipv4,ziyadnz|hourly,2026-08-17T18:48:05Z,2026-08-17T18:48:05Z,
179.179.194.192,ipv4,malicious-ip,medium,WHITE,ziyadnz/hourly-ipv4,ziyadnz|hourly,2026-08-17T18:48:05Z,2026-08-17T18:48:05Z,
179.179.197.196,ipv4,malicious-ip,medium,WHITE,ziyadnz/hourly-ipv4,ziyadnz|hourly,2026-08-17T18:48:05Z,2026-08-17T18:48:05Z,
179.179.199.67,ipv4,malicious-ip,medium,WHITE,ziyadnz/hourly-ipv4,ziyadnz|hourly,2026-08-17T18:48:05Z,2026-08-17T18:48:05Z,
179.180.195.206,ipv4,malicious-ip,medium,WHITE,ziyadnz/hourly-ipv4,ziyadnz|hourly,2026-08-17T18:48:05Z,2026-08-17T18:48:05Z,
179.180.50.249,ipv4,malicious-ip,medium,WHITE,ziyadnz/hourly-ipv4,ziyadnz|hourly,2026-08-17T18:48:05Z,2026-08-17T18:48:05Z,
179.180.50.85,ipv4,malicious-ip,medium,WHITE,ziyadnz/hourly-ipv4,ziyadnz|hourly,2026-08-17T18:48:05Z,2026-08-17T18:48:05Z,
179.182.178.32,ipv4,malicious-ip,medium,WHITE,ziyadnz/hourly-ipv4,ziyadnz|hourly,2026-08-17T18:48:05Z,2026-08-17T18:48:05Z,
179.183.149.37,ipv4,malicious-ip,medium,WHITE,ziyadnz/hourly-ipv4,ziyadnz|hourly,2026-08-17T18:48:05Z,2026-08-17T18:48:05Z,
179.184.0.32,ipv4,malicious-ip,medium,WHITE,ziyadnz/hourly-ipv4,ziyadnz|hourly,2026-08-17T18:48:05Z,2026-08-17T18:48:05Z,
179.184.216.38,ipv4,malicious-ip,medium,WHITE,ziyadnz/hourly-ipv4,ziyadnz|hourly,2026-08-17T18:48:05Z,2026-08-17T18:48:05Z,
179.184.31.74,ipv4,malicious-ip,medium,WHITE,ziyadnz/hourly-ipv4,ziyadnz|hourly,2026-08-17T18:48:05Z,2026-08-17T18:48:05Z,
179.185.69.43,ipv4,malicious-ip,medium,WHITE,ziyadnz/hourly-ipv4,ziyadnz|hourly,2026-08-17T18:48:05Z,2026-08-17T18:48:05Z,
179.189.153.149,ipv4,malicious-ip,medium,WHITE,ziyadnz/hourly-ipv4,ziyadnz|hourly,2026-08-17T18:48:05Z,2026-08-17T18:48:05Z,
179.189.155.119,ipv4,malicious-ip,medium,WHITE,ziyadnz/hourly-ipv4,ziyadnz|hourly,2026-08-17T18:48:05Z,2026-08-17T18:48:05Z,
179.189.196.0,ipv4,malicious-ip,medium,WHITE,ziyadnz/hourly-ipv4,ziyadnz|hourly,2026-08-17T18:48:05Z,2026-08-17T18:48:05Z,
179.189.196.119,ipv4,malicious-ip,medium,WHITE,ziyadnz/hourly-ipv4,ziyadnz|hourly,2026-08-17T18:48:05Z,2026-08-17T18:48:05Z,
179.189.196.210,ipv4,malicious-ip,medium,WHITE,ziyadnz/hourly-ipv4,ziyadnz|hourly,2026-08-17T18:48:05Z,2026-08-17T18:48:05Z,
179.189.196.41,ipv4,malicious-ip,medium,WHITE,ziyadnz/hourly-ipv4,ziyadnz|hourly,2026-08-17T18:48:05Z,2026-08-17T18:48:05Z,
179.189.196.74,ipv4,malicious-ip,medium,WHITE,ziyadnz/hourly-ipv4,ziyadnz|hourly,2026-08-17T18:48:05Z,2026-08-17T18:48:05Z,
179.189.196.91,ipv4,malicious-ip,medium,WHITE,ziyadnz/hourly-ipv4,ziyadnz|hourly,2026-08-17T18:48:05Z,2026-08-17T18:48:05Z,
179.189.199.0,ipv4,malicious-ip,medium,WHITE,ziyadnz/hourly-ipv4,ziyadnz|hourly,2026-08-17T18:48:05Z,2026-08-17T18:48:05Z,
179.189.199.121,ipv4,malicious-ip,medium,WHITE,ziyadnz/hourly-ipv4,ziyadnz|hourly,2026-08-17T18:48:05Z,2026-08-17T18:48:05Z,
179.189.199.133,ipv4,malicious-ip,medium,WHITE,ziyadnz/hourly-ipv4,ziyadnz|hourly,2026-08-17T18:48:05Z,2026-08-17T18:48:05Z,
179.189.199.154,ipv4,malicious-ip,medium,WHITE,ziyadnz/hourly-ipv4,ziyadnz|hourly,2026-08-17T18:48:05Z,2026-08-17T18:48:05Z,
179.189.199.186,ipv4,malicious-ip,medium,WHITE,ziyadnz/hourly-ipv4,ziyadnz|hourly,2026-08-17T18:48:05Z,2026-08-17T18:48:05Z,
179.189.199.209,ipv4,malicious-ip,medium,WHITE,ziyadnz/hourly-ipv4,ziyadnz|hourly,2026-08-17T18:48:05Z,2026-08-17T18:48:05Z,
179.189.199.210,ipv4,malicious-ip,medium,WHITE,ziyadnz/hourly-ipv4,ziyadnz|hourly,2026-08-17T18:48:05Z,2026-08-17T18:48:05Z,
179.189.199.37,ipv4,malicious-ip,medium,WHITE,ziyadnz/hourly-ipv4,ziyadnz|hourly,2026-08-17T18:48:05Z,2026-08-17T18:48:05Z,
179.189.199.47,ipv4,malicious-ip,medium,WHITE,ziyadnz/hourly-ipv4,ziyadnz|hourly,2026-08-17T18:48:05Z,2026-08-17T18:48:05Z,
179.189.199.50,ipv4,malicious-ip,medium,WHITE,ziyadnz/hourly-ipv4,ziyadnz|hourly,2026-08-17T18:48:05Z,2026-08-17T18:48:05Z,
179.189.199.51,ipv4,malicious-ip,medium,WHITE,ziyadnz/hourly-ipv4,ziyadnz|hourly,2026-08-17T18:48:05Z,2026-08-17T18:48:05Z,
179.189.199.62,ipv4,malicious-ip,medium,WHITE,ziyadnz/hourly-ipv4,ziyadnz|hourly,2026-08-17T18:48:05Z,2026-08-17T18:48:05Z,
179.189.199.76,ipv4,malicious-ip,medium,WHITE,ziyadnz/hourly-ipv4,ziyadnz|hourly,2026-08-17T18:48:05Z,2026-08-17T18:48:05Z,
179.189.199.95,ipv4,malicious-ip,medium,WHITE,ziyadnz/hourly-ipv4,ziyadnz|hourly,2026-08-17T18:48:05Z,2026-08-17T18:48:05Z,
179.189.201.226,ipv4,malicious-ip,medium,WHITE,ziyadnz/hourly-ipv4,ziyadnz|hourly,2026-08-17T18:48:05Z,2026-08-17T18:48:05Z,
179.189.201.231,ipv4,malicious-ip,medium,WHITE,ziyadnz/hourly-ipv4,ziyadnz|hourly,2026-08-17T18:48:05Z,2026-08-17T18:48:05Z,
179.189.205.227,ipv4,malicious-ip,medium,WHITE,ziyadnz/hourly-ipv4,ziyadnz|hourly,2026-08-17T18:48:05Z,2026-08-17T18:48:05Z,
179.189.205.229,ipv4,malicious-ip,medium,WHITE,ziyadnz/hourly-ipv4,ziyadnz|hourly,2026-08-17T18:48:05Z,2026-08-17T18:48:05Z,
179.189.205.235,ipv4,malicious-ip,medium,WHITE,ziyadnz/hourly-ipv4,ziyadnz|hourly,2026-08-17T18:48:05Z,2026-08-17T18:48:05Z,
179.189.77.140,ipv4,malicious-ip,medium,WHITE,ziyadnz/hourly-ipv4,ziyadnz|hourly,2026-08-17T18:48:05Z,2026-08-17T18:48:05Z,
179.189.89.22,ipv4,malicious-ip,medium,WHITE,ziyadnz/hourly-ipv4,ziyadnz|hourly,2026-08-17T18:48:05Z,2026-08-17T18:48:05Z,
179.190.100.71,ipv4,malicious-ip,medium,WHITE,ziyadnz/hourly-ipv4,ziyadnz|hourly,2026-08-17T18:48:05Z,2026-08-17T18:48:05Z,
179.190.96.234,ipv4,malicious-ip,medium,WHITE,ziyadnz/hourly-ipv4,ziyadnz|hourly,2026-08-17T18:48:05Z,2026-08-17T18:48:05Z,
179.191.11.19,ipv4,malicious-ip,medium,WHITE,ziyadnz/hourly-ipv4,ziyadnz|hourly,2026-08-17T18:48:05Z,2026-08-17T18:48:05Z,
179.191.18.6,ipv4,malicious-ip,medium,WHITE,ziyadnz/hourly-ipv4,ziyadnz|hourly,2026-08-17T18:48:05Z,2026-08-17T18:48:05Z,
179.191.220.108,ipv4,malicious-ip,medium,WHITE,ziyadnz/hourly-ipv4,ziyadnz|hourly,2026-08-17T18:48:05Z,2026-08-17T18:48:05Z,
179.191.222.102,ipv4,malicious-ip,medium,WHITE,ziyadnz/hourly-ipv4,ziyadnz|hourly,2026-08-17T18:48:05Z,2026-08-17T18:48:05Z,
179.191.222.172,ipv4,malicious-ip,medium,WHITE,ziyadnz/hourly-ipv4,ziyadnz|hourly,2026-08-17T18:48:05Z,2026-08-17T18:48:05Z,
179.191.225.140,ipv4,malicious-ip,medium,WHITE,ziyadnz/hourly-ipv4,ziyadnz|hourly,2026-08-17T18:48:05Z,2026-08-17T18:48:05Z,
179.191.41.130,ipv4,malicious-ip,medium,WHITE,ziyadnz/hourly-ipv4,ziyadnz|hourly,2026-08-17T18:48:05Z,2026-08-17T18:48:05Z,
179.191.82.115,ipv4,malicious-ip,medium,WHITE,ziyadnz/hourly-ipv4,ziyadnz|hourly,2026-08-17T18:48:05Z,2026-08-17T18:48:05Z,
179.193.27.83,ipv4,malicious-ip,medium,WHITE,ziyadnz/hourly-ipv4,ziyadnz|hourly,2026-08-17T18:48:05Z,2026-08-17T18:48:05Z,
179.193.76.189,ipv4,malicious-ip,medium,WHITE,ziyadnz/hourly-ipv4,ziyadnz|hourly,2026-08-17T18:48:05Z,2026-08-17T18:48:05Z,
179.197.158.97,ipv4,malicious-ip,medium,WHITE,ziyadnz/hourly-ipv4,ziyadnz|hourly,2026-08-17T18:48:05Z,2026-08-17T18:48:05Z,
179.198.78.205,ipv4,malicious-ip,medium,WHITE,ziyadnz/hourly-ipv4,ziyadnz|hourly,2026-08-17T18:48:05Z,2026-08-17T18:48:05Z,
179.199.176.90,ipv4,malicious-ip,medium,WHITE,ziyadnz/hourly-ipv4,ziyadnz|hourly,2026-08-17T18:48:05Z,2026-08-17T18:48:05Z,
179.2.208.87,ipv4,malicious-ip,medium,WHITE,ziyadnz/hourly-ipv4,ziyadnz|hourly,2026-08-17T18:48:05Z,2026-08-17T18:48:05Z,
179.2.230.108,ipv4,malicious-ip,medium,WHITE,ziyadnz/hourly-ipv4,ziyadnz|hourly,2026-08-17T18:48:05Z,2026-08-17T18:48:05Z,
179.2.236.148,ipv4,malicious-ip,medium,WHITE,ziyadnz/hourly-ipv4,ziyadnz|hourly,2026-08-17T18:48:05Z,2026-08-17T18:48:05Z,
179.208.18.15,ipv4,malicious-ip,medium,WHITE,ziyadnz/hourly-ipv4,ziyadnz|hourly,2026-08-17T18:48:05Z,2026-08-17T18:48:05Z,
179.209.109.176,ipv4,malicious-ip,medium,WHITE,ziyadnz/hourly-ipv4,ziyadnz|hourly,2026-08-17T18:48:05Z,2026-08-17T18:48:05Z,
179.209.143.202,ipv4,malicious-ip,medium,WHITE,ziyadnz/hourly-ipv4,ziyadnz|hourly,2026-08-17T18:48:05Z,2026-08-17T18:48:05Z,
179.209.45.108,ipv4,malicious-ip,medium,WHITE,ziyadnz/hourly-ipv4,ziyadnz|hourly,2026-08-17T18:48:05Z,2026-08-17T18:48:05Z,
179.209.45.211,ipv4,malicious-ip,medium,WHITE,ziyadnz/hourly-ipv4,ziyadnz|hourly,2026-08-17T18:48:05Z,2026-08-17T18:48:05Z,
179.209.46.136,ipv4,malicious-ip,medium,WHITE,ziyadnz/hourly-ipv4,ziyadnz|hourly,2026-08-17T18:48:05Z,2026-08-17T18:48:05Z,
179.209.47.92,ipv4,malicious-ip,medium,WHITE,ziyadnz/hourly-ipv4,ziyadnz|hourly,2026-08-17T18:48:05Z,2026-08-17T18:48:05Z,
179.211.105.1,ipv4,malicious-ip,medium,WHITE,ziyadnz/hourly-ipv4,ziyadnz|hourly,2026-08-17T18:48:05Z,2026-08-17T18:48:05Z,
179.211.12.76,ipv4,malicious-ip,medium,WHITE,ziyadnz/hourly-ipv4,ziyadnz|hourly,2026-08-17T18:48:05Z,2026-08-17T18:48:05Z,
179.212.211.76,ipv4,malicious-ip,medium,WHITE,ziyadnz/hourly-ipv4,ziyadnz|hourly,2026-08-17T18:48:05Z,2026-08-17T18:48:05Z,
179.213.188.44,ipv4,malicious-ip,medium,WHITE,ziyadnz/hourly-ipv4,ziyadnz|hourly,2026-08-17T18:48:05Z,2026-08-17T18:48:05Z,
179.214.126.156,ipv4,malicious-ip,medium,WHITE,ziyadnz/hourly-ipv4,ziyadnz|hourly,2026-08-17T18:48:05Z,2026-08-17T18:48:05Z,
179.214.126.158,ipv4,malicious-ip,medium,WHITE,ziyadnz/hourly-ipv4,ziyadnz|hourly,2026-08-17T18:48:05Z,2026-08-17T18:48:05Z,
179.214.126.193,ipv4,malicious-ip,medium,WHITE,ziyadnz/hourly-ipv4,ziyadnz|hourly,2026-08-17T18:48:05Z,2026-08-17T18:48:05Z,
179.214.97.214,ipv4,malicious-ip,medium,WHITE,ziyadnz/hourly-ipv4,ziyadnz|hourly,2026-08-17T18:48:05Z,2026-08-17T18:48:05Z,
179.215.121.165,ipv4,malicious-ip,medium,WHITE,ziyadnz/hourly-ipv4,ziyadnz|hourly,2026-08-17T18:48:05Z,2026-08-17T18:48:05Z,
179.215.122.210,ipv4,malicious-ip,medium,WHITE,ziyadnz/hourly-ipv4,ziyadnz|hourly,2026-08-17T18:48:05Z,2026-08-17T18:48:05Z,
179.215.122.219,ipv4,malicious-ip,medium,WHITE,ziyadnz/hourly-ipv4,ziyadnz|hourly,2026-08-17T18:48:05Z,2026-08-17T18:48:05Z,
179.215.122.86,ipv4,malicious-ip,medium,WHITE,ziyadnz/hourly-ipv4,ziyadnz|hourly,2026-08-17T18:48:05Z,2026-08-17T18:48:05Z,
179.215.145.32,ipv4,malicious-ip,medium,WHITE,ziyadnz/hourly-ipv4,ziyadnz|hourly,2026-08-17T18:48:05Z,2026-08-17T18:48:05Z,
179.216.16.184,ipv4,malicious-ip,medium,WHITE,ziyadnz/hourly-ipv4,ziyadnz|hourly,2026-08-17T18:48:05Z,2026-08-17T18:48:05Z,
179.216.168.216,ipv4,malicious-ip,medium,WHITE,ziyadnz/hourly-ipv4,ziyadnz|hourly,2026-08-17T18:48:05Z,2026-08-17T18:48:05Z,
179.216.23.203,ipv4,malicious-ip,medium,WHITE,ziyadnz/hourly-ipv4,ziyadnz|hourly,2026-08-17T18:48:05Z,2026-08-17T18:48:05Z,
179.216.23.225,ipv4,malicious-ip,medium,WHITE,ziyadnz/hourly-ipv4,ziyadnz|hourly,2026-08-17T18:48:05Z,2026-08-17T18:48:05Z,
179.216.46.121,ipv4,malicious-ip,medium,WHITE,ziyadnz/hourly-ipv4,ziyadnz|hourly,2026-08-17T18:48:05Z,2026-08-17T18:48:05Z,
179.217.135.180,ipv4,malicious-ip,medium,WHITE,ziyadnz/hourly-ipv4,ziyadnz|hourly,2026-08-17T18:48:05Z,2026-08-17T18:48:05Z,
179.217.153.132,ipv4,malicious-ip,medium,WHITE,ziyadnz/hourly-ipv4,ziyadnz|hourly,2026-08-17T18:48:05Z,2026-08-17T18:48:05Z,
179.217.178.86,ipv4,malicious-ip,medium,WHITE,ziyadnz/hourly-ipv4,ziyadnz|hourly,2026-08-17T18:48:05Z,2026-08-17T18:48:05Z,
179.217.243.124,ipv4,malicious-ip,medium,WHITE,ziyadnz/hourly-ipv4,ziyadnz|hourly,2026-08-17T18:48:05Z,2026-08-17T18:48:05Z,
179.217.255.91,ipv4,malicious-ip,medium,WHITE,ziyadnz/hourly-ipv4,ziyadnz|hourly,2026-08-17T18:48:05Z,2026-08-17T18:48:05Z,
179.217.33.132,ipv4,malicious-ip,medium,WHITE,ziyadnz/hourly-ipv4,ziyadnz|hourly,2026-08-17T18:48:05Z,2026-08-17T18:48:05Z,
179.218.10.0,ipv4,malicious-ip,medium,WHITE,ziyadnz/hourly-ipv4,ziyadnz|hourly,2026-08-17T18:48:05Z,2026-08-17T18:48:05Z,
179.218.11.135,ipv4,malicious-ip,medium,WHITE,ziyadnz/hourly-ipv4,ziyadnz|hourly,2026-08-17T18:48:05Z,2026-08-17T18:48:05Z,
179.218.15.40,ipv4,malicious-ip,medium,WHITE,ziyadnz/hourly-ipv4,ziyadnz|hourly,2026-08-17T18:48:05Z,2026-08-17T18:48:05Z,
179.218.40.77,ipv4,malicious-ip,medium,WHITE,ziyadnz/hourly-ipv4,ziyadnz|hourly,2026-08-17T18:48:05Z,2026-08-17T18:48:05Z,
179.218.63.2,ipv4,malicious-ip,medium,WHITE,ziyadnz/hourly-ipv4,ziyadnz|hourly,2026-08-17T18:48:05Z,2026-08-17T18:48:05Z,
179.219.20.39,ipv4,malicious-ip,medium,WHITE,ziyadnz/hourly-ipv4,ziyadnz|hourly,2026-08-17T18:48:05Z,2026-08-17T18:48:05Z,
179.219.7.5,ipv4,malicious-ip,medium,WHITE,ziyadnz/hourly-ipv4,ziyadnz|hourly,2026-08-17T18:48:05Z,2026-08-17T18:48:05Z,
179.220.80.219,ipv4,malicious-ip,medium,WHITE,ziyadnz/hourly-ipv4,ziyadnz|hourly,2026-08-17T18:48:05Z,2026-08-17T18:48:05Z,
179.221.132.6,ipv4,malicious-ip,medium,WHITE,ziyadnz/hourly-ipv4,ziyadnz|hourly,2026-08-17T18:48:05Z,2026-08-17T18:48:05Z,
179.221.200.13,ipv4,malicious-ip,medium,WHITE,ziyadnz/hourly-ipv4,ziyadnz|hourly,2026-08-17T18:48:05Z,2026-08-17T18:48:05Z,
179.221.221.87,ipv4,malicious-ip,medium,WHITE,ziyadnz/hourly-ipv4,ziyadnz|hourly,2026-08-17T18:48:05Z,2026-08-17T18:48:05Z,
179.221.223.85,ipv4,malicious-ip,medium,WHITE,ziyadnz/hourly-ipv4,ziyadnz|hourly,2026-08-17T18:48:05Z,2026-08-17T18:48:05Z,
179.221.50.166,ipv4,malicious-ip,medium,WHITE,ziyadnz/hourly-ipv4,ziyadnz|hourly,2026-08-17T18:48:05Z,2026-08-17T18:48:05Z,
179.221.50.242,ipv4,malicious-ip,medium,WHITE,ziyadnz/hourly-ipv4,ziyadnz|hourly,2026-08-17T18:48:05Z,2026-08-17T18:48:05Z,
179.221.50.28,ipv4,malicious-ip,medium,WHITE,ziyadnz/hourly-ipv4,ziyadnz|hourly,2026-08-17T18:48:05Z,2026-08-17T18:48:05Z,
179.222.188.69,ipv4,malicious-ip,medium,WHITE,ziyadnz/hourly-ipv4,ziyadnz|hourly,2026-08-17T18:48:05Z,2026-08-17T18:48:05Z,
179.222.191.112,ipv4,malicious-ip,medium,WHITE,ziyadnz/hourly-ipv4,ziyadnz|hourly,2026-08-17T18:48:05Z,2026-08-17T18:48:05Z,
179.222.191.185,ipv4,malicious-ip,medium,WHITE,ziyadnz/hourly-ipv4,ziyadnz|hourly,2026-08-17T18:48:05Z,2026-08-17T18:48:05Z,
179.222.191.217,ipv4,malicious-ip,medium,WHITE,ziyadnz/hourly-ipv4,ziyadnz|hourly,2026-08-17T18:48:05Z,2026-08-17T18:48:05Z,
179.222.237.101,ipv4,malicious-ip,medium,WHITE,ziyadnz/hourly-ipv4,ziyadnz|hourly,2026-08-17T18:48:05Z,2026-08-17T18:48:05Z,
179.222.237.168,ipv4,malicious-ip,medium,WHITE,ziyadnz/hourly-ipv4,ziyadnz|hourly,2026-08-17T18:48:05Z,2026-08-17T18:48:05Z,
179.222.237.25,ipv4,malicious-ip,medium,WHITE,ziyadnz/hourly-ipv4,ziyadnz|hourly,2026-08-17T18:48:05Z,2026-08-17T18:48:05Z,
179.222.237.30,ipv4,malicious-ip,medium,WHITE,ziyadnz/hourly-ipv4,ziyadnz|hourly,2026-08-17T18:48:05Z,2026-08-17T18:48:05Z,
179.222.237.57,ipv4,malicious-ip,medium,WHITE,ziyadnz/hourly-ipv4,ziyadnz|hourly,2026-08-17T18:48:05Z,2026-08-17T18:48:05Z,
179.222.237.64,ipv4,malicious-ip,medium,WHITE,ziyadnz/hourly-ipv4,ziyadnz|hourly,2026-08-17T18:48:05Z,2026-08-17T18:48:05Z,
179.222.237.77,ipv4,malicious-ip,medium,WHITE,ziyadnz/hourly-ipv4,ziyadnz|hourly,2026-08-17T18:48:05Z,2026-08-17T18:48:05Z,
179.222.238.208,ipv4,malicious-ip,medium,WHITE,ziyadnz/hourly-ipv4,ziyadnz|hourly,2026-08-17T18:48:05Z,2026-08-17T18:48:05Z,
179.223.12.62,ipv4,malicious-ip,medium,WHITE,ziyadnz/hourly-ipv4,ziyadnz|hourly,2026-08-17T18:48:05Z,2026-08-17T18:48:05Z,
179.223.202.1,ipv4,malicious-ip,medium,WHITE,ziyadnz/hourly-ipv4,ziyadnz|hourly,2026-08-17T18:48:05Z,2026-08-17T18:48:05Z,
179.223.202.170,ipv4,malicious-ip,medium,WHITE,ziyadnz/hourly-ipv4,ziyadnz|hourly,2026-08-17T18:48:05Z,2026-08-17T18:48:05Z,
179.223.203.100,ipv4,malicious-ip,medium,WHITE,ziyadnz/hourly-ipv4,ziyadnz|hourly,2026-08-17T18:48:05Z,2026-08-17T18:48:05Z,
179.223.203.44,ipv4,malicious-ip,medium,WHITE,ziyadnz/hourly-ipv4,ziyadnz|hourly,2026-08-17T18:48:05Z,2026-08-17T18:48:05Z,
179.223.203.66,ipv4,malicious-ip,medium,WHITE,ziyadnz/hourly-ipv4,ziyadnz|hourly,2026-08-17T18:48:05Z,2026-08-17T18:48:05Z,
179.223.204.104,ipv4,malicious-ip,medium,WHITE,ziyadnz/hourly-ipv4,ziyadnz|hourly,2026-08-17T18:48:05Z,2026-08-17T18:48:05Z,
179.223.212.44,ipv4,malicious-ip,medium,WHITE,ziyadnz/hourly-ipv4,ziyadnz|hourly,2026-08-17T18:48:05Z,2026-08-17T18:48:05Z,
179.223.24.65,ipv4,malicious-ip,medium,WHITE,ziyadnz/hourly-ipv4,ziyadnz|hourly,2026-08-17T18:48:05Z,2026-08-17T18:48:05Z,
179.223.87.30,ipv4,malicious-ip,medium,WHITE,ziyadnz/hourly-ipv4,ziyadnz|hourly,2026-08-17T18:48:05Z,2026-08-17T18:48:05Z,
179.225.167.46,ipv4,malicious-ip,medium,WHITE,ziyadnz/hourly-ipv4,ziyadnz|hourly,2026-08-17T18:48:05Z,2026-08-17T18:48:05Z,
179.225.184.143,ipv4,malicious-ip,medium,WHITE,ziyadnz/hourly-ipv4,ziyadnz|hourly,2026-08-17T18:48:05Z,2026-08-17T18:48:05Z,
179.225.46.25,ipv4,malicious-ip,medium,WHITE,ziyadnz/hourly-ipv4,ziyadnz|hourly,2026-08-17T18:48:05Z,2026-08-17T18:48:05Z,
179.228.151.14,ipv4,malicious-ip,medium,WHITE,ziyadnz/hourly-ipv4,ziyadnz|hourly,2026-08-17T18:48:05Z,2026-08-17T18:48:05Z,
179.228.152.18,ipv4,malicious-ip,medium,WHITE,ziyadnz/hourly-ipv4,ziyadnz|hourly,2026-08-17T18:48:05Z,2026-08-17T18:48:05Z,
179.228.181.231,ipv4,malicious-ip,medium,WHITE,ziyadnz/hourly-ipv4,ziyadnz|hourly,2026-08-17T18:48:05Z,2026-08-17T18:48:05Z,
179.228.233.117,ipv4,malicious-ip,medium,WHITE,ziyadnz/hourly-ipv4,ziyadnz|hourly,2026-08-17T18:48:05Z,2026-08-17T18:48:05Z,
179.228.54.137,ipv4,malicious-ip,medium,WHITE,ziyadnz/hourly-ipv4,ziyadnz|hourly,2026-08-17T18:48:05Z,2026-08-17T18:48:05Z,
179.232.105.23,ipv4,malicious-ip,medium,WHITE,ziyadnz/hourly-ipv4,ziyadnz|hourly,2026-08-17T18:48:05Z,2026-08-17T18:48:05Z,
179.232.217.41,ipv4,malicious-ip,medium,WHITE,ziyadnz/hourly-ipv4,ziyadnz|hourly,2026-08-17T18:48:05Z,2026-08-17T18:48:05Z,
179.232.217.50,ipv4,malicious-ip,medium,WHITE,ziyadnz/hourly-ipv4,ziyadnz|hourly,2026-08-17T18:48:05Z,2026-08-17T18:48:05Z,
179.233.183.104,ipv4,malicious-ip,medium,WHITE,ziyadnz/hourly-ipv4,ziyadnz|hourly,2026-08-17T18:48:05Z,2026-08-17T18:48:05Z,
179.233.183.5,ipv4,malicious-ip,medium,WHITE,ziyadnz/hourly-ipv4,ziyadnz|hourly,2026-08-17T18:48:05Z,2026-08-17T18:48:05Z,
179.233.214.13,ipv4,malicious-ip,medium,WHITE,ziyadnz/hourly-ipv4,ziyadnz|hourly,2026-08-17T18:48:05Z,2026-08-17T18:48:05Z,
179.236.125.187,ipv4,malicious-ip,medium,WHITE,ziyadnz/hourly-ipv4,ziyadnz|hourly,2026-08-17T18:48:05Z,2026-08-17T18:48:05Z,
179.237.227.50,ipv4,malicious-ip,medium,WHITE,ziyadnz/hourly-ipv4,ziyadnz|hourly,2026-08-17T18:48:05Z,2026-08-17T18:48:05Z,
179.237.79.25,ipv4,malicious-ip,medium,WHITE,ziyadnz/hourly-ipv4,ziyadnz|hourly,2026-08-17T18:48:05Z,2026-08-17T18:48:05Z,
179.237.82.223,ipv4,malicious-ip,medium,WHITE,ziyadnz/hourly-ipv4,ziyadnz|hourly,2026-08-17T18:48:05Z,2026-08-17T18:48:05Z,
179.237.87.194,ipv4,malicious-ip,medium,WHITE,ziyadnz/hourly-ipv4,ziyadnz|hourly,2026-08-17T18:48:05Z,2026-08-17T18:48:05Z,
179.238.15.19,ipv4,malicious-ip,medium,WHITE,ziyadnz/hourly-ipv4,ziyadnz|hourly,2026-08-17T18:48:05Z,2026-08-17T18:48:05Z,
179.238.17.187,ipv4,malicious-ip,medium,WHITE,ziyadnz/hourly-ipv4,ziyadnz|hourly,2026-08-17T18:48:05Z,2026-08-17T18:48:05Z,
179.238.23.116,ipv4,malicious-ip,medium,WHITE,ziyadnz/hourly-ipv4,ziyadnz|hourly,2026-08-17T18:48:05Z,2026-08-17T18:48:05Z,
179.238.25.195,ipv4,malicious-ip,medium,WHITE,ziyadnz/hourly-ipv4,ziyadnz|hourly,2026-08-17T18:48:05Z,2026-08-17T18:48:05Z,
179.238.29.96,ipv4,malicious-ip,medium,WHITE,ziyadnz/hourly-ipv4,ziyadnz|hourly,2026-08-17T18:48:05Z,2026-08-17T18:48:05Z,
179.238.43.197,ipv4,malicious-ip,medium,WHITE,ziyadnz/hourly-ipv4,ziyadnz|hourly,2026-08-17T18:48:05Z,2026-08-17T18:48:05Z,
179.238.43.230,ipv4,malicious-ip,medium,WHITE,ziyadnz/hourly-ipv4,ziyadnz|hourly,2026-08-17T18:48:05Z,2026-08-17T18:48:05Z,
179.238.43.88,ipv4,malicious-ip,medium,WHITE,ziyadnz/hourly-ipv4,ziyadnz|hourly,2026-08-17T18:48:05Z,2026-08-17T18:48:05Z,
179.238.47.146,ipv4,malicious-ip,medium,WHITE,ziyadnz/hourly-ipv4,ziyadnz|hourly,2026-08-17T18:48:05Z,2026-08-17T18:48:05Z,
179.238.47.44,ipv4,malicious-ip,medium,WHITE,ziyadnz/hourly-ipv4,ziyadnz|hourly,2026-08-17T18:48:05Z,2026-08-17T18:48:05Z,
179.238.47.66,ipv4,malicious-ip,medium,WHITE,ziyadnz/hourly-ipv4,ziyadnz|hourly,2026-08-17T18:48:05Z,2026-08-17T18:48:05Z,
179.24.78.79,ipv4,malicious-ip,medium,WHITE,ziyadnz/hourly-ipv4,ziyadnz|hourly,2026-08-17T18:48:05Z,2026-08-17T18:48:05Z,
179.245.203.185,ipv4,malicious-ip,medium,WHITE,ziyadnz/hourly-ipv4,ziyadnz|hourly,2026-08-17T18:48:05Z,2026-08-17T18:48:05Z,
179.247.130.17,ipv4,malicious-ip,medium,WHITE,ziyadnz/hourly-ipv4,ziyadnz|hourly,2026-08-17T18:48:05Z,2026-08-17T18:48:05Z,
179.248.105.155,ipv4,malicious-ip,medium,WHITE,ziyadnz/hourly-ipv4,ziyadnz|hourly,2026-08-17T18:48:05Z,2026-08-17T18:48:05Z,
179.248.119.205,ipv4,malicious-ip,medium,WHITE,ziyadnz/hourly-ipv4,ziyadnz|hourly,2026-08-17T18:48:05Z,2026-08-17T18:48:05Z,
179.248.170.115,ipv4,malicious-ip,medium,WHITE,ziyadnz/hourly-ipv4,ziyadnz|hourly,2026-08-17T18:48:05Z,2026-08-17T18:48:05Z,
179.248.3.119,ipv4,malicious-ip,medium,WHITE,ziyadnz/hourly-ipv4,ziyadnz|hourly,2026-08-17T18:48:05Z,2026-08-17T18:48:05Z,
179.25.200.186,ipv4,malicious-ip,medium,WHITE,ziyadnz/hourly-ipv4,ziyadnz|hourly,2026-08-17T18:48:05Z,2026-08-17T18:48:05Z,
179.25.24.250,ipv4,malicious-ip,medium,WHITE,ziyadnz/hourly-ipv4,ziyadnz|hourly,2026-08-17T18:48:05Z,2026-08-17T18:48:05Z,
179.250.27.138,ipv4,malicious-ip,medium,WHITE,ziyadnz/hourly-ipv4,ziyadnz|hourly,2026-08-17T18:48:05Z,2026-08-17T18:48:05Z,
179.251.174.84,ipv4,malicious-ip,medium,WHITE,ziyadnz/hourly-ipv4,ziyadnz|hourly,2026-08-17T18:48:05Z,2026-08-17T18:48:05Z,
179.252.40.116,ipv4,malicious-ip,medium,WHITE,ziyadnz/hourly-ipv4,ziyadnz|hourly,2026-08-17T18:48:05Z,2026-08-17T18:48:05Z,
179.255.70.234,ipv4,malicious-ip,medium,WHITE,ziyadnz/hourly-ipv4,ziyadnz|hourly,2026-08-17T18:48:05Z,2026-08-17T18:48:05Z,
179.32.218.90,ipv4,malicious-ip,medium,WHITE,ziyadnz/hourly-ipv4,ziyadnz|hourly,2026-08-17T18:48:05Z,2026-08-17T18:48:05Z,
179.32.223.249,ipv4,malicious-ip,medium,WHITE,ziyadnz/hourly-ipv4,ziyadnz|hourly,2026-08-17T18:48:05Z,2026-08-17T18:48:05Z,
179.32.33.161,ipv4,malicious-ip,medium,WHITE,ziyadnz/hourly-ipv4,ziyadnz|hourly,2026-08-17T18:48:05Z,2026-08-17T18:48:05Z,
179.32.53.148,ipv4,malicious-ip,medium,WHITE,ziyadnz/hourly-ipv4,ziyadnz|hourly,2026-08-17T18:48:05Z,2026-08-17T18:48:05Z,
179.32.58.255,ipv4,malicious-ip,medium,WHITE,ziyadnz/hourly-ipv4,ziyadnz|hourly,2026-08-17T18:48:05Z,2026-08-17T18:48:05Z,
179.33.186.150,ipv4,malicious-ip,medium,WHITE,ziyadnz/hourly-ipv4,ziyadnz|hourly,2026-08-17T18:48:05Z,2026-08-17T18:48:05Z,
179.33.210.213,ipv4,malicious-ip,medium,WHITE,ziyadnz/hourly-ipv4,ziyadnz|hourly,2026-08-17T18:48:05Z,2026-08-17T18:48:05Z,
179.34.84.189,ipv4,malicious-ip,medium,WHITE,ziyadnz/hourly-ipv4,ziyadnz|hourly,2026-08-17T18:48:05Z,2026-08-17T18:48:05Z,
179.36.254.82,ipv4,malicious-ip,medium,WHITE,ziyadnz/hourly-ipv4,ziyadnz|hourly,2026-08-17T18:48:05Z,2026-08-17T18:48:05Z,
179.37.70.124,ipv4,malicious-ip,medium,WHITE,ziyadnz/hourly-ipv4,ziyadnz|hourly,2026-08-17T18:48:05Z,2026-08-17T18:48:05Z,
179.37.77.245,ipv4,malicious-ip,medium,WHITE,ziyadnz/hourly-ipv4,ziyadnz|hourly,2026-08-17T18:48:05Z,2026-08-17T18:48:05Z,
179.38.175.186,ipv4,malicious-ip,medium,WHITE,ziyadnz/hourly-ipv4,ziyadnz|hourly,2026-08-17T18:48:05Z,2026-08-17T18:48:05Z,
179.4.42.253,ipv4,malicious-ip,medium,WHITE,ziyadnz/hourly-ipv4,ziyadnz|hourly,2026-08-17T18:48:05Z,2026-08-17T18:48:05Z,
179.40.112.73,ipv4,malicious-ip,medium,WHITE,ziyadnz/hourly-ipv4,ziyadnz|hourly,2026-08-17T18:48:05Z,2026-08-17T18:48:05Z,
179.40.31.154,ipv4,malicious-ip,medium,WHITE,ziyadnz/hourly-ipv4,ziyadnz|hourly,2026-08-17T18:48:05Z,2026-08-17T18:48:05Z,
179.40.47.205,ipv4,malicious-ip,medium,WHITE,ziyadnz/hourly-ipv4,ziyadnz|hourly,2026-08-17T18:48:05Z,2026-08-17T18:48:05Z,
179.41.128.142,ipv4,malicious-ip,medium,WHITE,ziyadnz/hourly-ipv4,ziyadnz|hourly,2026-08-17T18:48:05Z,2026-08-17T18:48:05Z,
179.41.34.9,ipv4,malicious-ip,medium,WHITE,ziyadnz/hourly-ipv4,ziyadnz|hourly,2026-08-17T18:48:05Z,2026-08-17T18:48:05Z,
179.41.4.19,ipv4,malicious-ip,medium,WHITE,ziyadnz/hourly-ipv4,ziyadnz|hourly,2026-08-17T18:48:05Z,2026-08-17T18:48:05Z,
179.42.127.131,ipv4,malicious-ip,medium,WHITE,ziyadnz/hourly-ipv4,ziyadnz|hourly,2026-08-17T18:48:05Z,2026-08-17T18:48:05Z,
179.42.157.11,ipv4,malicious-ip,medium,WHITE,ziyadnz/hourly-ipv4,ziyadnz|hourly,2026-08-17T18:48:05Z,2026-08-17T18:48:05Z,
179.42.192.148,ipv4,malicious-ip,medium,WHITE,ziyadnz/hourly-ipv4,ziyadnz|hourly,2026-08-17T18:48:05Z,2026-08-17T18:48:05Z,
179.42.37.155,ipv4,malicious-ip,medium,WHITE,ziyadnz/hourly-ipv4,ziyadnz|hourly,2026-08-17T18:48:05Z,2026-08-17T18:48:05Z,
179.42.57.132,ipv4,malicious-ip,medium,WHITE,ziyadnz/hourly-ipv4,ziyadnz|hourly,2026-08-17T18:48:05Z,2026-08-17T18:48:05Z,
179.42.57.248,ipv4,malicious-ip,medium,WHITE,ziyadnz/hourly-ipv4,ziyadnz|hourly,2026-08-17T18:48:05Z,2026-08-17T18:48:05Z,
179.42.96.103,ipv4,malicious-ip,medium,WHITE,ziyadnz/hourly-ipv4,ziyadnz|hourly,2026-08-17T18:48:05Z,2026-08-17T18:48:05Z,
179.43.100.172,ipv4,malicious-ip,medium,WHITE,ziyadnz/hourly-ipv4,ziyadnz|hourly,2026-08-17T18:48:05Z,2026-08-17T18:48:05Z,
179.43.100.209,ipv4,malicious-ip,medium,WHITE,ziyadnz/hourly-ipv4,ziyadnz|hourly,2026-08-17T18:48:05Z,2026-08-17T18:48:05Z,
179.43.100.211,ipv4,malicious-ip,medium,WHITE,ziyadnz/hourly-ipv4,ziyadnz|hourly,2026-08-17T18:48:05Z,2026-08-17T18:48:05Z,
179.43.109.64,ipv4,malicious-ip,medium,WHITE,ziyadnz/hourly-ipv4,ziyadnz|hourly,2026-08-17T18:48:05Z,2026-08-17T18:48:05Z,
179.43.109.76,ipv4,malicious-ip,medium,WHITE,ziyadnz/hourly-ipv4,ziyadnz|hourly,2026-08-17T18:48:05Z,2026-08-17T18:48:05Z,
179.43.128.16,ipv4,malicious-ip,medium,WHITE,ziyadnz/hourly-ipv4,ziyadnz|hourly,2026-08-17T18:48:05Z,2026-08-17T18:48:05Z,
179.43.133.50,ipv4,malicious-ip,medium,WHITE,ziyadnz/hourly-ipv4,ziyadnz|hourly,2026-08-17T18:48:05Z,2026-08-17T18:48:05Z,
179.43.140.210,ipv4,malicious-ip,medium,WHITE,ziyadnz/hourly-ipv4,ziyadnz|hourly,2026-08-17T18:48:05Z,2026-08-17T18:48:05Z,
179.43.146.227,ipv4,malicious-ip,medium,WHITE,ziyadnz/hourly-ipv4,ziyadnz|hourly,2026-08-17T18:48:05Z,2026-08-17T18:48:05Z,
179.43.146.27,ipv4,malicious-ip,medium,WHITE,ziyadnz/hourly-ipv4,ziyadnz|hourly,2026-08-17T18:48:05Z,2026-08-17T18:48:05Z,
179.43.150.26,ipv4,malicious-ip,medium,WHITE,ziyadnz/hourly-ipv4,ziyadnz|hourly,2026-08-17T18:48:05Z,2026-08-17T18:48:05Z,
179.43.154.137,ipv4,malicious-ip,medium,WHITE,ziyadnz/hourly-ipv4,ziyadnz|hourly,2026-08-17T18:48:05Z,2026-08-17T18:48:05Z,
179.43.155.202,ipv4,malicious-ip,medium,WHITE,ziyadnz/hourly-ipv4,ziyadnz|hourly,2026-08-17T18:48:05Z,2026-08-17T18:48:05Z,
179.43.155.209,ipv4,malicious-ip,medium,WHITE,ziyadnz/hourly-ipv4,ziyadnz|hourly,2026-08-17T18:48:05Z,2026-08-17T18:48:05Z,
179.43.155.231,ipv4,malicious-ip,medium,WHITE,ziyadnz/hourly-ipv4,ziyadnz|hourly,2026-08-17T18:48:05Z,2026-08-17T18:48:05Z,
179.43.159.195,ipv4,malicious-ip,medium,WHITE,ziyadnz/hourly-ipv4,ziyadnz|hourly,2026-08-17T18:48:05Z,2026-08-17T18:48:05Z,
179.43.159.198,ipv4,malicious-ip,medium,WHITE,ziyadnz/hourly-ipv4,ziyadnz|hourly,2026-08-17T18:48:05Z,2026-08-17T18:48:05Z,
179.43.159.78,ipv4,malicious-ip,medium,WHITE,ziyadnz/hourly-ipv4,ziyadnz|hourly,2026-08-17T18:48:05Z,2026-08-17T18:48:05Z,
179.43.162.94,ipv4,malicious-ip,medium,WHITE,ziyadnz/hourly-ipv4,ziyadnz|hourly,2026-08-17T18:48:05Z,2026-08-17T18:48:05Z,
179.43.163.26,ipv4,malicious-ip,medium,WHITE,ziyadnz/hourly-ipv4,ziyadnz|hourly,2026-08-17T18:48:05Z,2026-08-17T18:48:05Z,
179.43.166.170,ipv4,malicious-ip,medium,WHITE,ziyadnz/hourly-ipv4,ziyadnz|hourly,2026-08-17T18:48:05Z,2026-08-17T18:48:05Z,
179.43.167.2,ipv4,malicious-ip,medium,WHITE,ziyadnz/hourly-ipv4,ziyadnz|hourly,2026-08-17T18:48:05Z,2026-08-17T18:48:05Z,
179.43.167.210,ipv4,malicious-ip,medium,WHITE,ziyadnz/hourly-ipv4,ziyadnz|hourly,2026-08-17T18:48:05Z,2026-08-17T18:48:05Z,
179.43.171.42,ipv4,malicious-ip,medium,WHITE,ziyadnz/hourly-ipv4,ziyadnz|hourly,2026-08-17T18:48:05Z,2026-08-17T18:48:05Z,
179.43.172.109,ipv4,malicious-ip,medium,WHITE,ziyadnz/hourly-ipv4,ziyadnz|hourly,2026-08-17T18:48:05Z,2026-08-17T18:48:05Z,
179.43.172.127,ipv4,malicious-ip,medium,WHITE,ziyadnz/hourly-ipv4,ziyadnz|hourly,2026-08-17T18:48:05Z,2026-08-17T18:48:05Z,
179.43.172.131,ipv4,malicious-ip,medium,WHITE,ziyadnz/hourly-ipv4,ziyadnz|hourly,2026-08-17T18:48:05Z,2026-08-17T18:48:05Z,
179.43.172.191,ipv4,malicious-ip,medium,WHITE,ziyadnz/hourly-ipv4,ziyadnz|hourly,2026-08-17T18:48:05Z,2026-08-17T18:48:05Z,
179.43.175.108,ipv4,malicious-ip,medium,WHITE,ziyadnz/hourly-ipv4,ziyadnz|hourly,2026-08-17T18:48:05Z,2026-08-17T18:48:05Z,
179.43.176.60,ipv4,malicious-ip,medium,WHITE,ziyadnz/hourly-ipv4,ziyadnz|hourly,2026-08-17T18:48:05Z,2026-08-17T18:48:05Z,
179.43.182.232,ipv4,malicious-ip,medium,WHITE,ziyadnz/hourly-ipv4,ziyadnz|hourly,2026-08-17T18:48:05Z,2026-08-17T18:48:05Z,
179.43.182.58,ipv4,malicious-ip,medium,WHITE,ziyadnz/hourly-ipv4,ziyadnz|hourly,2026-08-17T18:48:05Z,2026-08-17T18:48:05Z,
179.43.185.226,ipv4,malicious-ip,medium,WHITE,ziyadnz/hourly-ipv4,ziyadnz|hourly,2026-08-17T18:48:05Z,2026-08-17T18:48:05Z,
179.43.185.230,ipv4,malicious-ip,medium,WHITE,ziyadnz/hourly-ipv4,ziyadnz|hourly,2026-08-17T18:48:05Z,2026-08-17T18:48:05Z,
179.43.186.214,ipv4,malicious-ip,medium,WHITE,ziyadnz/hourly-ipv4,ziyadnz|hourly,2026-08-17T18:48:05Z,2026-08-17T18:48:05Z,
179.43.186.231,ipv4,malicious-ip,medium,WHITE,ziyadnz/hourly-ipv4,ziyadnz|hourly,2026-08-17T18:48:05Z,2026-08-17T18:48:05Z,
179.43.187.84,ipv4,malicious-ip,medium,WHITE,ziyadnz/hourly-ipv4,ziyadnz|hourly,2026-08-17T18:48:05Z,2026-08-17T18:48:05Z,
179.43.36.78,ipv4,malicious-ip,medium,WHITE,ziyadnz/hourly-ipv4,ziyadnz|hourly,2026-08-17T18:48:05Z,2026-08-17T18:48:05Z,
179.43.72.182,ipv4,malicious-ip,medium,WHITE,ziyadnz/hourly-ipv4,ziyadnz|hourly,2026-08-17T18:48:05Z,2026-08-17T18:48:05Z,
179.43.86.6,ipv4,malicious-ip,medium,WHITE,ziyadnz/hourly-ipv4,ziyadnz|hourly,2026-08-17T18:48:05Z,2026-08-17T18:48:05Z,
179.43.9.2,ipv4,malicious-ip,medium,WHITE,ziyadnz/hourly-ipv4,ziyadnz|hourly,2026-08-17T18:48:05Z,2026-08-17T18:48:05Z,
179.48.102.14,ipv4,malicious-ip,medium,WHITE,ziyadnz/hourly-ipv4,ziyadnz|hourly,2026-08-17T18:48:05Z,2026-08-17T18:48:05Z,
179.48.110.121,ipv4,malicious-ip,medium,WHITE,ziyadnz/hourly-ipv4,ziyadnz|hourly,2026-08-17T18:48:05Z,2026-08-17T18:48:05Z,
179.48.110.140,ipv4,malicious-ip,medium,WHITE,ziyadnz/hourly-ipv4,ziyadnz|hourly,2026-08-17T18:48:05Z,2026-08-17T18:48:05Z,
179.48.110.194,ipv4,malicious-ip,medium,WHITE,ziyadnz/hourly-ipv4,ziyadnz|hourly,2026-08-17T18:48:05Z,2026-08-17T18:48:05Z,
179.48.110.90,ipv4,malicious-ip,medium,WHITE,ziyadnz/hourly-ipv4,ziyadnz|hourly,2026-08-17T18:48:05Z,2026-08-17T18:48:05Z,
179.48.110.93,ipv4,malicious-ip,medium,WHITE,ziyadnz/hourly-ipv4,ziyadnz|hourly,2026-08-17T18:48:05Z,2026-08-17T18:48:05Z,
179.48.111.126,ipv4,malicious-ip,medium,WHITE,ziyadnz/hourly-ipv4,ziyadnz|hourly,2026-08-17T18:48:05Z,2026-08-17T18:48:05Z,
179.48.139.89,ipv4,malicious-ip,medium,WHITE,ziyadnz/hourly-ipv4,ziyadnz|hourly,2026-08-17T18:48:05Z,2026-08-17T18:48:05Z,
179.48.17.254,ipv4,malicious-ip,medium,WHITE,ziyadnz/hourly-ipv4,ziyadnz|hourly,2026-08-17T18:48:05Z,2026-08-17T18:48:05Z,
179.48.186.252,ipv4,malicious-ip,medium,WHITE,ziyadnz/hourly-ipv4,ziyadnz|hourly,2026-08-17T18:48:05Z,2026-08-17T18:48:05Z,
179.48.195.238,ipv4,malicious-ip,medium,WHITE,ziyadnz/hourly-ipv4,ziyadnz|hourly,2026-08-17T18:48:05Z,2026-08-17T18:48:05Z,
179.48.238.14,ipv4,malicious-ip,medium,WHITE,ziyadnz/hourly-ipv4,ziyadnz|hourly,2026-08-17T18:48:05Z,2026-08-17T18:48:05Z,
179.48.248.245,ipv4,malicious-ip,medium,WHITE,ziyadnz/hourly-ipv4,ziyadnz|hourly,2026-08-17T18:48:05Z,2026-08-17T18:48:05Z,
179.48.4.14,ipv4,malicious-ip,medium,WHITE,ziyadnz/hourly-ipv4,ziyadnz|hourly,2026-08-17T18:48:05Z,2026-08-17T18:48:05Z,
179.48.54.162,ipv4,malicious-ip,medium,WHITE,ziyadnz/hourly-ipv4,ziyadnz|hourly,2026-08-17T18:48:05Z,2026-08-17T18:48:05Z,
179.48.74.213,ipv4,malicious-ip,medium,WHITE,ziyadnz/hourly-ipv4,ziyadnz|hourly,2026-08-17T18:48:05Z,2026-08-17T18:48:05Z,
179.48.94.105,ipv4,malicious-ip,medium,WHITE,ziyadnz/hourly-ipv4,ziyadnz|hourly,2026-08-17T18:48:05Z,2026-08-17T18:48:05Z,
179.49.107.223,ipv4,malicious-ip,medium,WHITE,ziyadnz/hourly-ipv4,ziyadnz|hourly,2026-08-17T18:48:05Z,2026-08-17T18:48:05Z,
179.49.120.22,ipv4,malicious-ip,medium,WHITE,ziyadnz/hourly-ipv4,ziyadnz|hourly,2026-08-17T18:48:05Z,2026-08-17T18:48:05Z,
179.49.14.76,ipv4,malicious-ip,medium,WHITE,ziyadnz/hourly-ipv4,ziyadnz|hourly,2026-08-17T18:48:05Z,2026-08-17T18:48:05Z,
179.49.191.104,ipv4,malicious-ip,medium,WHITE,ziyadnz/hourly-ipv4,ziyadnz|hourly,2026-08-17T18:48:05Z,2026-08-17T18:48:05Z,
179.49.196.45,ipv4,malicious-ip,medium,WHITE,ziyadnz/hourly-ipv4,ziyadnz|hourly,2026-08-17T18:48:05Z,2026-08-17T18:48:05Z,
179.49.213.85,ipv4,malicious-ip,medium,WHITE,ziyadnz/hourly-ipv4,ziyadnz|hourly,2026-08-17T18:48:05Z,2026-08-17T18:48:05Z,
179.49.247.85,ipv4,malicious-ip,medium,WHITE,ziyadnz/hourly-ipv4,ziyadnz|hourly,2026-08-17T18:48:05Z,2026-08-17T18:48:05Z,
179.49.81.205,ipv4,malicious-ip,medium,WHITE,ziyadnz/hourly-ipv4,ziyadnz|hourly,2026-08-17T18:48:05Z,2026-08-17T18:48:05Z,
179.49.88.33,ipv4,malicious-ip,medium,WHITE,ziyadnz/hourly-ipv4,ziyadnz|hourly,2026-08-17T18:48:05Z,2026-08-17T18:48:05Z,
179.49.95.30,ipv4,malicious-ip,medium,WHITE,ziyadnz/hourly-ipv4,ziyadnz|hourly,2026-08-17T18:48:05Z,2026-08-17T18:48:05Z,
179.51.111.69,ipv4,malicious-ip,medium,WHITE,ziyadnz/hourly-ipv4,ziyadnz|hourly,2026-08-17T18:48:05Z,2026-08-17T18:48:05Z,
179.51.113.3,ipv4,malicious-ip,medium,WHITE,ziyadnz/hourly-ipv4,ziyadnz|hourly,2026-08-17T18:48:05Z,2026-08-17T18:48:05Z,
179.51.113.93,ipv4,malicious-ip,medium,WHITE,ziyadnz/hourly-ipv4,ziyadnz|hourly,2026-08-17T18:48:05Z,2026-08-17T18:48:05Z,
179.51.118.242,ipv4,malicious-ip,medium,WHITE,ziyadnz/hourly-ipv4,ziyadnz|hourly,2026-08-17T18:48:05Z,2026-08-17T18:48:05Z,
179.51.118.247,ipv4,malicious-ip,medium,WHITE,ziyadnz/hourly-ipv4,ziyadnz|hourly,2026-08-17T18:48:05Z,2026-08-17T18:48:05Z,
179.51.119.170,ipv4,malicious-ip,medium,WHITE,ziyadnz/hourly-ipv4,ziyadnz|hourly,2026-08-17T18:48:05Z,2026-08-17T18:48:05Z,
179.51.119.172,ipv4,malicious-ip,medium,WHITE,ziyadnz/hourly-ipv4,ziyadnz|hourly,2026-08-17T18:48:05Z,2026-08-17T18:48:05Z,
179.51.133.169,ipv4,malicious-ip,medium,WHITE,ziyadnz/hourly-ipv4,ziyadnz|hourly,2026-08-17T18:48:05Z,2026-08-17T18:48:05Z,
179.51.143.117,ipv4,malicious-ip,medium,WHITE,ziyadnz/hourly-ipv4,ziyadnz|hourly,2026-08-17T18:48:05Z,2026-08-17T18:48:05Z,
179.51.143.197,ipv4,malicious-ip,medium,WHITE,ziyadnz/hourly-ipv4,ziyadnz|hourly,2026-08-17T18:48:05Z,2026-08-17T18:48:05Z,
179.51.151.188,ipv4,malicious-ip,medium,WHITE,ziyadnz/hourly-ipv4,ziyadnz|hourly,2026-08-17T18:48:05Z,2026-08-17T18:48:05Z,
179.51.151.190,ipv4,malicious-ip,medium,WHITE,ziyadnz/hourly-ipv4,ziyadnz|hourly,2026-08-17T18:48:05Z,2026-08-17T18:48:05Z,
179.51.151.191,ipv4,malicious-ip,medium,WHITE,ziyadnz/hourly-ipv4,ziyadnz|hourly,2026-08-17T18:48:05Z,2026-08-17T18:48:05Z,
179.51.153.130,ipv4,malicious-ip,medium,WHITE,ziyadnz/hourly-ipv4,ziyadnz|hourly,2026-08-17T18:48:05Z,2026-08-17T18:48:05Z,
179.51.239.35,ipv4,malicious-ip,medium,WHITE,ziyadnz/hourly-ipv4,ziyadnz|hourly,2026-08-17T18:48:05Z,2026-08-17T18:48:05Z,
179.51.240.40,ipv4,malicious-ip,medium,WHITE,ziyadnz/hourly-ipv4,ziyadnz|hourly,2026-08-17T18:48:05Z,2026-08-17T18:48:05Z,
179.51.60.129,ipv4,malicious-ip,medium,WHITE,ziyadnz/hourly-ipv4,ziyadnz|hourly,2026-08-17T18:48:05Z,2026-08-17T18:48:05Z,
179.51.87.216,ipv4,malicious-ip,medium,WHITE,ziyadnz/hourly-ipv4,ziyadnz|hourly,2026-08-17T18:48:05Z,2026-08-17T18:48:05Z,
179.53.192.84,ipv4,malicious-ip,medium,WHITE,ziyadnz/hourly-ipv4,ziyadnz|hourly,2026-08-17T18:48:05Z,2026-08-17T18:48:05Z,
179.53.218.85,ipv4,malicious-ip,medium,WHITE,ziyadnz/hourly-ipv4,ziyadnz|hourly,2026-08-17T18:48:05Z,2026-08-17T18:48:05Z,
179.54.98.153,ipv4,malicious-ip,medium,WHITE,ziyadnz/hourly-ipv4,ziyadnz|hourly,2026-08-17T18:48:05Z,2026-08-17T18:48:05Z,
179.56.150.198,ipv4,malicious-ip,medium,WHITE,ziyadnz/hourly-ipv4,ziyadnz|hourly,2026-08-17T18:48:05Z,2026-08-17T18:48:05Z,
179.57.164.242,ipv4,malicious-ip,medium,WHITE,ziyadnz/hourly-ipv4,ziyadnz|hourly,2026-08-17T18:48:05Z,2026-08-17T18:48:05Z,
179.57.170.131,ipv4,malicious-ip,medium,WHITE,ziyadnz/hourly-ipv4,ziyadnz|hourly,2026-08-17T18:48:05Z,2026-08-17T18:48:05Z,
179.6.24.115,ipv4,malicious-ip,medium,WHITE,ziyadnz/hourly-ipv4,ziyadnz|hourly,2026-08-17T18:48:05Z,2026-08-17T18:48:05Z,
179.6.28.121,ipv4,malicious-ip,medium,WHITE,ziyadnz/hourly-ipv4,ziyadnz|hourly,2026-08-17T18:48:05Z,2026-08-17T18:48:05Z,
179.6.3.201,ipv4,malicious-ip,medium,WHITE,ziyadnz/hourly-ipv4,ziyadnz|hourly,2026-08-17T18:48:05Z,2026-08-17T18:48:05Z,
179.6.45.47,ipv4,malicious-ip,medium,WHITE,ziyadnz/hourly-ipv4,ziyadnz|hourly,2026-08-17T18:48:05Z,2026-08-17T18:48:05Z,
179.6.6.141,ipv4,malicious-ip,medium,WHITE,ziyadnz/hourly-ipv4,ziyadnz|hourly,2026-08-17T18:48:05Z,2026-08-17T18:48:05Z,
179.6.6.213,ipv4,malicious-ip,medium,WHITE,ziyadnz/hourly-ipv4,ziyadnz|hourly,2026-08-17T18:48:05Z,2026-08-17T18:48:05Z,
179.6.7.226,ipv4,malicious-ip,medium,WHITE,ziyadnz/hourly-ipv4,ziyadnz|hourly,2026-08-17T18:48:05Z,2026-08-17T18:48:05Z,
179.6.7.255,ipv4,malicious-ip,medium,WHITE,ziyadnz/hourly-ipv4,ziyadnz|hourly,2026-08-17T18:48:05Z,2026-08-17T18:48:05Z,
179.60.115.168,ipv4,malicious-ip,medium,WHITE,ziyadnz/hourly-ipv4,ziyadnz|hourly,2026-08-17T18:48:05Z,2026-08-17T18:48:05Z,
179.60.146.10,ipv4,malicious-ip,medium,WHITE,ziyadnz/hourly-ipv4,ziyadnz|hourly,2026-08-17T18:48:05Z,2026-08-17T18:48:05Z,
179.60.146.11,ipv4,malicious-ip,medium,WHITE,ziyadnz/hourly-ipv4,ziyadnz|hourly,2026-08-17T18:48:05Z,2026-08-17T18:48:05Z,
179.60.146.25,ipv4,malicious-ip,medium,WHITE,ziyadnz/hourly-ipv4,ziyadnz|hourly,2026-08-17T18:48:05Z,2026-08-17T18:48:05Z,
179.60.146.5,ipv4,malicious-ip,medium,WHITE,ziyadnz/hourly-ipv4,ziyadnz|hourly,2026-08-17T18:48:05Z,2026-08-17T18:48:05Z,
179.60.146.51,ipv4,malicious-ip,medium,WHITE,ziyadnz/hourly-ipv4,ziyadnz|hourly,2026-08-17T18:48:05Z,2026-08-17T18:48:05Z,
179.60.146.52,ipv4,malicious-ip,medium,WHITE,ziyadnz/hourly-ipv4,ziyadnz|hourly,2026-08-17T18:48:05Z,2026-08-17T18:48:05Z,
179.60.146.6,ipv4,malicious-ip,medium,WHITE,ziyadnz/hourly-ipv4,ziyadnz|hourly,2026-08-17T18:48:05Z,2026-08-17T18:48:05Z,
179.60.149.194,ipv4,malicious-ip,medium,WHITE,ziyadnz/hourly-ipv4,ziyadnz|hourly,2026-08-17T18:48:05Z,2026-08-17T18:48:05Z,
179.60.149.3,ipv4,malicious-ip,medium,WHITE,ziyadnz/hourly-ipv4,ziyadnz|hourly,2026-08-17T18:48:05Z,2026-08-17T18:48:05Z,
179.60.150.117,ipv4,malicious-ip,medium,WHITE,ziyadnz/hourly-ipv4,ziyadnz|hourly,2026-08-17T18:48:05Z,2026-08-17T18:48:05Z,
179.60.150.121,ipv4,malicious-ip,medium,WHITE,ziyadnz/hourly-ipv4,ziyadnz|hourly,2026-08-17T18:48:05Z,2026-08-17T18:48:05Z,
179.60.150.125,ipv4,malicious-ip,medium,WHITE,ziyadnz/hourly-ipv4,ziyadnz|hourly,2026-08-17T18:48:05Z,2026-08-17T18:48:05Z,
179.60.150.132,ipv4,malicious-ip,medium,WHITE,ziyadnz/hourly-ipv4,ziyadnz|hourly,2026-08-17T18:48:05Z,2026-08-17T18:48:05Z,
179.60.150.139,ipv4,malicious-ip,medium,WHITE,ziyadnz/hourly-ipv4,ziyadnz|hourly,2026-08-17T18:48:05Z,2026-08-17T18:48:05Z,
179.60.150.143,ipv4,malicious-ip,medium,WHITE,ziyadnz/hourly-ipv4,ziyadnz|hourly,2026-08-17T18:48:05Z,2026-08-17T18:48:05Z,
179.60.150.151,ipv4,malicious-ip,medium,WHITE,ziyadnz/hourly-ipv4,ziyadnz|hourly,2026-08-17T18:48:05Z,2026-08-17T18:48:05Z,
179.60.150.34,ipv4,malicious-ip,medium,WHITE,ziyadnz/hourly-ipv4,ziyadnz|hourly,2026-08-17T18:48:05Z,2026-08-17T18:48:05Z,
179.60.168.191,ipv4,malicious-ip,medium,WHITE,ziyadnz/hourly-ipv4,ziyadnz|hourly,2026-08-17T18:48:05Z,2026-08-17T18:48:05Z,
179.60.168.224,ipv4,malicious-ip,medium,WHITE,ziyadnz/hourly-ipv4,ziyadnz|hourly,2026-08-17T18:48:05Z,2026-08-17T18:48:05Z,
179.60.168.59,ipv4,malicious-ip,medium,WHITE,ziyadnz/hourly-ipv4,ziyadnz|hourly,2026-08-17T18:48:05Z,2026-08-17T18:48:05Z,
179.60.169.102,ipv4,malicious-ip,medium,WHITE,ziyadnz/hourly-ipv4,ziyadnz|hourly,2026-08-17T18:48:05Z,2026-08-17T18:48:05Z,
179.60.188.118,ipv4,malicious-ip,medium,WHITE,ziyadnz/hourly-ipv4,ziyadnz|hourly,2026-08-17T18:48:05Z,2026-08-17T18:48:05Z,
179.60.197.231,ipv4,malicious-ip,medium,WHITE,ziyadnz/hourly-ipv4,ziyadnz|hourly,2026-08-17T18:48:05Z,2026-08-17T18:48:05Z,
179.60.225.67,ipv4,malicious-ip,medium,WHITE,ziyadnz/hourly-ipv4,ziyadnz|hourly,2026-08-17T18:48:05Z,2026-08-17T18:48:05Z,
179.60.235.188,ipv4,malicious-ip,medium,WHITE,ziyadnz/hourly-ipv4,ziyadnz|hourly,2026-08-17T18:48:05Z,2026-08-17T18:48:05Z,
179.60.252.248,ipv4,malicious-ip,medium,WHITE,ziyadnz/hourly-ipv4,ziyadnz|hourly,2026-08-17T18:48:05Z,2026-08-17T18:48:05Z,
179.60.253.252,ipv4,malicious-ip,medium,WHITE,ziyadnz/hourly-ipv4,ziyadnz|hourly,2026-08-17T18:48:05Z,2026-08-17T18:48:05Z,
179.60.253.254,ipv4,malicious-ip,medium,WHITE,ziyadnz/hourly-ipv4,ziyadnz|hourly,2026-08-17T18:48:05Z,2026-08-17T18:48:05Z,
179.60.52.81,ipv4,malicious-ip,medium,WHITE,ziyadnz/hourly-ipv4,ziyadnz|hourly,2026-08-17T18:48:05Z,2026-08-17T18:48:05Z,
179.60.56.229,ipv4,malicious-ip,medium,WHITE,ziyadnz/hourly-ipv4,ziyadnz|hourly,2026-08-17T18:48:05Z,2026-08-17T18:48:05Z,
179.60.64.159,ipv4,malicious-ip,medium,WHITE,ziyadnz/hourly-ipv4,ziyadnz|hourly,2026-08-17T18:48:05Z,2026-08-17T18:48:05Z,
179.60.74.147,ipv4,malicious-ip,medium,WHITE,ziyadnz/hourly-ipv4,ziyadnz|hourly,2026-08-17T18:48:05Z,2026-08-17T18:48:05Z,
179.60.78.25,ipv4,malicious-ip,medium,WHITE,ziyadnz/hourly-ipv4,ziyadnz|hourly,2026-08-17T18:48:05Z,2026-08-17T18:48:05Z,
179.61.10.0,ipv4,malicious-ip,medium,WHITE,ziyadnz/hourly-ipv4,ziyadnz|hourly,2026-08-17T18:48:05Z,2026-08-17T18:48:05Z,
179.61.10.156,ipv4,malicious-ip,medium,WHITE,ziyadnz/hourly-ipv4,ziyadnz|hourly,2026-08-17T18:48:05Z,2026-08-17T18:48:05Z,
179.61.10.203,ipv4,malicious-ip,medium,WHITE,ziyadnz/hourly-ipv4,ziyadnz|hourly,2026-08-17T18:48:05Z,2026-08-17T18:48:05Z,
179.61.10.49,ipv4,malicious-ip,medium,WHITE,ziyadnz/hourly-ipv4,ziyadnz|hourly,2026-08-17T18:48:05Z,2026-08-17T18:48:05Z,
179.61.129.179,ipv4,malicious-ip,medium,WHITE,ziyadnz/hourly-ipv4,ziyadnz|hourly,2026-08-17T18:48:05Z,2026-08-17T18:48:05Z,
179.61.147.218,ipv4,malicious-ip,medium,WHITE,ziyadnz/hourly-ipv4,ziyadnz|hourly,2026-08-17T18:48:05Z,2026-08-17T18:48:05Z,
179.61.154.179,ipv4,malicious-ip,medium,WHITE,ziyadnz/hourly-ipv4,ziyadnz|hourly,2026-08-17T18:48:05Z,2026-08-17T18:48:05Z,
179.61.227.46,ipv4,malicious-ip,medium,WHITE,ziyadnz/hourly-ipv4,ziyadnz|hourly,2026-08-17T18:48:05Z,2026-08-17T18:48:05Z,
179.61.227.59,ipv4,malicious-ip,medium,WHITE,ziyadnz/hourly-ipv4,ziyadnz|hourly,2026-08-17T18:48:05Z,2026-08-17T18:48:05Z,
179.61.232.244,ipv4,malicious-ip,medium,WHITE,ziyadnz/hourly-ipv4,ziyadnz|hourly,2026-08-17T18:48:05Z,2026-08-17T18:48:05Z,
179.61.240.3,ipv4,malicious-ip,medium,WHITE,ziyadnz/hourly-ipv4,ziyadnz|hourly,2026-08-17T18:48:05Z,2026-08-17T18:48:05Z,
179.61.30.12,ipv4,malicious-ip,medium,WHITE,ziyadnz/hourly-ipv4,ziyadnz|hourly,2026-08-17T18:48:05Z,2026-08-17T18:48:05Z,
179.62.185.244,ipv4,malicious-ip,medium,WHITE,ziyadnz/hourly-ipv4,ziyadnz|hourly,2026-08-17T18:48:05Z,2026-08-17T18:48:05Z,
179.62.185.251,ipv4,malicious-ip,medium,WHITE,ziyadnz/hourly-ipv4,ziyadnz|hourly,2026-08-17T18:48:05Z,2026-08-17T18:48:05Z,
179.62.216.38,ipv4,malicious-ip,medium,WHITE,ziyadnz/hourly-ipv4,ziyadnz|hourly,2026-08-17T18:48:05Z,2026-08-17T18:48:05Z,
179.62.87.195,ipv4,malicious-ip,medium,WHITE,ziyadnz/hourly-ipv4,ziyadnz|hourly,2026-08-17T18:48:05Z,2026-08-17T18:48:05Z,
179.63.113.160,ipv4,malicious-ip,medium,WHITE,ziyadnz/hourly-ipv4,ziyadnz|hourly,2026-08-17T18:48:05Z,2026-08-17T18:48:05Z,
179.63.113.208,ipv4,malicious-ip,medium,WHITE,ziyadnz/hourly-ipv4,ziyadnz|hourly,2026-08-17T18:48:05Z,2026-08-17T18:48:05Z,
179.63.13.244,ipv4,malicious-ip,medium,WHITE,ziyadnz/hourly-ipv4,ziyadnz|hourly,2026-08-17T18:48:05Z,2026-08-17T18:48:05Z,
179.63.136.61,ipv4,malicious-ip,medium,WHITE,ziyadnz/hourly-ipv4,ziyadnz|hourly,2026-08-17T18:48:05Z,2026-08-17T18:48:05Z,
179.63.159.134,ipv4,malicious-ip,medium,WHITE,ziyadnz/hourly-ipv4,ziyadnz|hourly,2026-08-17T18:48:05Z,2026-08-17T18:48:05Z,
179.63.159.205,ipv4,malicious-ip,medium,WHITE,ziyadnz/hourly-ipv4,ziyadnz|hourly,2026-08-17T18:48:05Z,2026-08-17T18:48:05Z,
179.63.190.228,ipv4,malicious-ip,medium,WHITE,ziyadnz/hourly-ipv4,ziyadnz|hourly,2026-08-17T18:48:05Z,2026-08-17T18:48:05Z,
179.63.242.101,ipv4,malicious-ip,medium,WHITE,ziyadnz/hourly-ipv4,ziyadnz|hourly,2026-08-17T18:48:05Z,2026-08-17T18:48:05Z,
179.63.242.171,ipv4,malicious-ip,medium,WHITE,ziyadnz/hourly-ipv4,ziyadnz|hourly,2026-08-17T18:48:05Z,2026-08-17T18:48:05Z,
179.63.44.144,ipv4,malicious-ip,medium,WHITE,ziyadnz/hourly-ipv4,ziyadnz|hourly,2026-08-17T18:48:05Z,2026-08-17T18:48:05Z,
179.63.55.179,ipv4,malicious-ip,medium,WHITE,ziyadnz/hourly-ipv4,ziyadnz|hourly,2026-08-17T18:48:05Z,2026-08-17T18:48:05Z,
179.63.55.181,ipv4,malicious-ip,medium,WHITE,ziyadnz/hourly-ipv4,ziyadnz|hourly,2026-08-17T18:48:05Z,2026-08-17T18:48:05Z,
179.63.55.182,ipv4,malicious-ip,medium,WHITE,ziyadnz/hourly-ipv4,ziyadnz|hourly,2026-08-17T18:48:05Z,2026-08-17T18:48:05Z,
179.63.57.253,ipv4,malicious-ip,medium,WHITE,ziyadnz/hourly-ipv4,ziyadnz|hourly,2026-08-17T18:48:05Z,2026-08-17T18:48:05Z,
179.64.37.219,ipv4,malicious-ip,medium,WHITE,ziyadnz/hourly-ipv4,ziyadnz|hourly,2026-08-17T18:48:05Z,2026-08-17T18:48:05Z,
179.64.47.252,ipv4,malicious-ip,medium,WHITE,ziyadnz/hourly-ipv4,ziyadnz|hourly,2026-08-17T18:48:05Z,2026-08-17T18:48:05Z,
179.64.71.132,ipv4,malicious-ip,medium,WHITE,ziyadnz/hourly-ipv4,ziyadnz|hourly,2026-08-17T18:48:05Z,2026-08-17T18:48:05Z,
179.64.71.171,ipv4,malicious-ip,medium,WHITE,ziyadnz/hourly-ipv4,ziyadnz|hourly,2026-08-17T18:48:05Z,2026-08-17T18:48:05Z,
179.64.71.243,ipv4,malicious-ip,medium,WHITE,ziyadnz/hourly-ipv4,ziyadnz|hourly,2026-08-17T18:48:05Z,2026-08-17T18:48:05Z,
179.64.71.4,ipv4,malicious-ip,medium,WHITE,ziyadnz/hourly-ipv4,ziyadnz|hourly,2026-08-17T18:48:05Z,2026-08-17T18:48:05Z,
179.65.125.247,ipv4,malicious-ip,medium,WHITE,ziyadnz/hourly-ipv4,ziyadnz|hourly,2026-08-17T18:48:05Z,2026-08-17T18:48:05Z,
179.65.125.85,ipv4,malicious-ip,medium,WHITE,ziyadnz/hourly-ipv4,ziyadnz|hourly,2026-08-17T18:48:05Z,2026-08-17T18:48:05Z,
179.7.16.117,ipv4,malicious-ip,medium,WHITE,ziyadnz/hourly-ipv4,ziyadnz|hourly,2026-08-17T18:48:05Z,2026-08-17T18:48:05Z,
179.73.152.1,ipv4,malicious-ip,medium,WHITE,ziyadnz/hourly-ipv4,ziyadnz|hourly,2026-08-17T18:48:05Z,2026-08-17T18:48:05Z,
179.73.164.74,ipv4,malicious-ip,medium,WHITE,ziyadnz/hourly-ipv4,ziyadnz|hourly,2026-08-17T18:48:05Z,2026-08-17T18:48:05Z,
179.76.52.20,ipv4,malicious-ip,medium,WHITE,ziyadnz/hourly-ipv4,ziyadnz|hourly,2026-08-17T18:48:05Z,2026-08-17T18:48:05Z,
179.8.27.163,ipv4,malicious-ip,medium,WHITE,ziyadnz/hourly-ipv4,ziyadnz|hourly,2026-08-17T18:48:05Z,2026-08-17T18:48:05Z,
179.8.7.98,ipv4,malicious-ip,medium,WHITE,ziyadnz/hourly-ipv4,ziyadnz|hourly,2026-08-17T18:48:05Z,2026-08-17T18:48:05Z,
179.80.68.139,ipv4,malicious-ip,medium,WHITE,ziyadnz/hourly-ipv4,ziyadnz|hourly,2026-08-17T18:48:05Z,2026-08-17T18:48:05Z,
179.84.123.216,ipv4,malicious-ip,medium,WHITE,ziyadnz/hourly-ipv4,ziyadnz|hourly,2026-08-17T18:48:05Z,2026-08-17T18:48:05Z,
179.84.165.242,ipv4,malicious-ip,medium,WHITE,ziyadnz/hourly-ipv4,ziyadnz|hourly,2026-08-17T18:48:05Z,2026-08-17T18:48:05Z,
179.89.205.2,ipv4,malicious-ip,medium,WHITE,ziyadnz/hourly-ipv4,ziyadnz|hourly,2026-08-17T18:48:05Z,2026-08-17T18:48:05Z,
179.93.122.160,ipv4,malicious-ip,medium,WHITE,ziyadnz/hourly-ipv4,ziyadnz|hourly,2026-08-17T18:48:05Z,2026-08-17T18:48:05Z,
179.93.231.126,ipv4,malicious-ip,medium,WHITE,ziyadnz/hourly-ipv4,ziyadnz|hourly,2026-08-17T18:48:05Z,2026-08-17T18:48:05Z,
179.94.229.128,ipv4,malicious-ip,medium,WHITE,ziyadnz/hourly-ipv4,ziyadnz|hourly,2026-08-17T18:48:05Z,2026-08-17T18:48:05Z,
179.96.150.175,ipv4,malicious-ip,medium,WHITE,ziyadnz/hourly-ipv4,ziyadnz|hourly,2026-08-17T18:48:05Z,2026-08-17T18:48:05Z,
179.97.1.72,ipv4,malicious-ip,medium,WHITE,ziyadnz/hourly-ipv4,ziyadnz|hourly,2026-08-17T18:48:05Z,2026-08-17T18:48:05Z,
179.97.139.122,ipv4,malicious-ip,medium,WHITE,ziyadnz/hourly-ipv4,ziyadnz|hourly,2026-08-17T18:48:05Z,2026-08-17T18:48:05Z,
179.97.24.138,ipv4,malicious-ip,medium,WHITE,ziyadnz/hourly-ipv4,ziyadnz|hourly,2026-08-17T18:48:05Z,2026-08-17T18:48:05Z,
179.97.25.12,ipv4,malicious-ip,medium,WHITE,ziyadnz/hourly-ipv4,ziyadnz|hourly,2026-08-17T18:48:05Z,2026-08-17T18:48:05Z,
179.97.29.232,ipv4,malicious-ip,medium,WHITE,ziyadnz/hourly-ipv4,ziyadnz|hourly,2026-08-17T18:48:05Z,2026-08-17T18:48:05Z,
179.97.83.251,ipv4,malicious-ip,medium,WHITE,ziyadnz/hourly-ipv4,ziyadnz|hourly,2026-08-17T18:48:05Z,2026-08-17T18:48:05Z,
179.98.129.113,ipv4,malicious-ip,medium,WHITE,ziyadnz/hourly-ipv4,ziyadnz|hourly,2026-08-17T18:48:05Z,2026-08-17T18:48:05Z,
179.98.141.23,ipv4,malicious-ip,medium,WHITE,ziyadnz/hourly-ipv4,ziyadnz|hourly,2026-08-17T18:48:05Z,2026-08-17T18:48:05Z,
179.98.179.55,ipv4,malicious-ip,medium,WHITE,ziyadnz/hourly-ipv4,ziyadnz|hourly,2026-08-17T18:48:05Z,2026-08-17T18:48:05Z,
179.99.125.31,ipv4,malicious-ip,medium,WHITE,ziyadnz/hourly-ipv4,ziyadnz|hourly,2026-08-17T18:48:05Z,2026-08-17T18:48:05Z,
179.99.131.129,ipv4,malicious-ip,medium,WHITE,ziyadnz/hourly-ipv4,ziyadnz|hourly,2026-08-17T18:48:05Z,2026-08-17T18:48:05Z,
179.99.185.182,ipv4,malicious-ip,medium,WHITE,ziyadnz/hourly-ipv4,ziyadnz|hourly,2026-08-17T18:48:05Z,2026-08-17T18:48:05Z,
179.99.42.204,ipv4,malicious-ip,medium,WHITE,ziyadnz/hourly-ipv4,ziyadnz|hourly,2026-08-17T18:48:05Z,2026-08-17T18:48:05Z,
179.99.49.141,ipv4,malicious-ip,medium,WHITE,ziyadnz/hourly-ipv4,ziyadnz|hourly,2026-08-17T18:48:05Z,2026-08-17T18:48:05Z,
18.116.101.220,ipv4,malicious-ip,medium,WHITE,ziyadnz/hourly-ipv4,ziyadnz|hourly,2026-08-17T18:48:05Z,2026-08-17T18:48:05Z,
18.119.209.50,ipv4,malicious-ip,medium,WHITE,ziyadnz/hourly-ipv4,ziyadnz|hourly,2026-08-17T18:48:05Z,2026-08-17T18:48:05Z,
18.130.89.206,ipv4,malicious-ip,medium,WHITE,ziyadnz/hourly-ipv4,ziyadnz|hourly,2026-08-17T18:48:05Z,2026-08-17T18:48:05Z,
18.133.199.181,ipv4,malicious-ip,medium,WHITE,ziyadnz/hourly-ipv4,ziyadnz|hourly,2026-08-17T18:48:05Z,2026-08-17T18:48:05Z,
18.134.0.66,ipv4,malicious-ip,medium,WHITE,ziyadnz/hourly-ipv4,ziyadnz|hourly,2026-08-17T18:48:05Z,2026-08-17T18:48:05Z,
18.135.29.139,ipv4,malicious-ip,medium,WHITE,ziyadnz/hourly-ipv4,ziyadnz|hourly,2026-08-17T18:48:05Z,2026-08-17T18:48:05Z,
18.138.91.172,ipv4,malicious-ip,medium,WHITE,ziyadnz/hourly-ipv4,ziyadnz|hourly,2026-08-17T18:48:05Z,2026-08-17T18:48:05Z,
18.141.70.147,ipv4,malicious-ip,medium,WHITE,ziyadnz/hourly-ipv4,ziyadnz|hourly,2026-08-17T18:48:05Z,2026-08-17T18:48:05Z,
18.142.223.148,ipv4,malicious-ip,medium,WHITE,ziyadnz/hourly-ipv4,ziyadnz|hourly,2026-08-17T18:48:05Z,2026-08-17T18:48:05Z,
18.143.235.216,ipv4,malicious-ip,medium,WHITE,ziyadnz/hourly-ipv4,ziyadnz|hourly,2026-08-17T18:48:05Z,2026-08-17T18:48:05Z,
18.153.66.219,ipv4,malicious-ip,medium,WHITE,ziyadnz/hourly-ipv4,ziyadnz|hourly,2026-08-17T18:48:05Z,2026-08-17T18:48:05Z,
18.157.157.157,ipv4,malicious-ip,medium,WHITE,ziyadnz/hourly-ipv4,ziyadnz|hourly,2026-08-17T18:48:05Z,2026-08-17T18:48:05Z,
18.159.216.101,ipv4,malicious-ip,medium,WHITE,ziyadnz/hourly-ipv4,ziyadnz|hourly,2026-08-17T18:48:05Z,2026-08-17T18:48:05Z,
18.163.215.70,ipv4,malicious-ip,medium,WHITE,ziyadnz/hourly-ipv4,ziyadnz|hourly,2026-08-17T18:48:05Z,2026-08-17T18:48:05Z,
18.166.32.248,ipv4,malicious-ip,medium,WHITE,ziyadnz/hourly-ipv4,ziyadnz|hourly,2026-08-17T18:48:05Z,2026-08-17T18:48:05Z,
18.170.227.9,ipv4,malicious-ip,medium,WHITE,ziyadnz/hourly-ipv4,ziyadnz|hourly,2026-08-17T18:48:05Z,2026-08-17T18:48:05Z,
18.188.4.41,ipv4,malicious-ip,medium,WHITE,ziyadnz/hourly-ipv4,ziyadnz|hourly,2026-08-17T18:48:05Z,2026-08-17T18:48:05Z,
18.190.15.50,ipv4,malicious-ip,medium,WHITE,ziyadnz/hourly-ipv4,ziyadnz|hourly,2026-08-17T18:48:05Z,2026-08-17T18:48:05Z,
18.199.101.111,ipv4,malicious-ip,medium,WHITE,ziyadnz/hourly-ipv4,ziyadnz|hourly,2026-08-17T18:48:05Z,2026-08-17T18:48:05Z,
18.201.167.255,ipv4,malicious-ip,medium,WHITE,ziyadnz/hourly-ipv4,ziyadnz|hourly,2026-08-17T18:48:05Z,2026-08-17T18:48:05Z,
18.205.245.90,ipv4,malicious-ip,medium,WHITE,ziyadnz/hourly-ipv4,ziyadnz|hourly,2026-08-17T18:48:05Z,2026-08-17T18:48:05Z,
18.205.91.101,ipv4,malicious-ip,medium,WHITE,ziyadnz/hourly-ipv4,ziyadnz|hourly,2026-08-17T18:48:05Z,2026-08-17T18:48:05Z,
18.206.124.95,ipv4,malicious-ip,medium,WHITE,ziyadnz/hourly-ipv4,ziyadnz|hourly,2026-08-17T18:48:05Z,2026-08-17T18:48:05Z,
18.206.157.75,ipv4,malicious-ip,medium,WHITE,ziyadnz/hourly-ipv4,ziyadnz|hourly,2026-08-17T18:48:05Z,2026-08-17T18:48:05Z,
18.206.211.59,ipv4,malicious-ip,medium,WHITE,ziyadnz/hourly-ipv4,ziyadnz|hourly,2026-08-17T18:48:05Z,2026-08-17T18:48:05Z,
18.206.38.153,ipv4,malicious-ip,medium,WHITE,ziyadnz/hourly-ipv4,ziyadnz|hourly,2026-08-17T18:48:05Z,2026-08-17T18:48:05Z,
18.206.47.187,ipv4,malicious-ip,medium,WHITE,ziyadnz/hourly-ipv4,ziyadnz|hourly,2026-08-17T18:48:05Z,2026-08-17T18:48:05Z,
18.207.206.162,ipv4,malicious-ip,medium,WHITE,ziyadnz/hourly-ipv4,ziyadnz|hourly,2026-08-17T18:48:05Z,2026-08-17T18:48:05Z,
18.207.79.144,ipv4,malicious-ip,medium,WHITE,ziyadnz/hourly-ipv4,ziyadnz|hourly,2026-08-17T18:48:05Z,2026-08-17T18:48:05Z,
18.208.11.93,ipv4,malicious-ip,medium,WHITE,ziyadnz/hourly-ipv4,ziyadnz|hourly,2026-08-17T18:48:05Z,2026-08-17T18:48:05Z,
18.208.214.137,ipv4,malicious-ip,medium,WHITE,ziyadnz/hourly-ipv4,ziyadnz|hourly,2026-08-17T18:48:05Z,2026-08-17T18:48:05Z,
18.208.230.174,ipv4,malicious-ip,medium,WHITE,ziyadnz/hourly-ipv4,ziyadnz|hourly,2026-08-17T18:48:05Z,2026-08-17T18:48:05Z,
18.209.137.234,ipv4,malicious-ip,medium,WHITE,ziyadnz/hourly-ipv4,ziyadnz|hourly,2026-08-17T18:48:05Z,2026-08-17T18:48:05Z,
18.209.213.178,ipv4,malicious-ip,medium,WHITE,ziyadnz/hourly-ipv4,ziyadnz|hourly,2026-08-17T18:48:05Z,2026-08-17T18:48:05Z,
18.210.122.170,ipv4,malicious-ip,medium,WHITE,ziyadnz/hourly-ipv4,ziyadnz|hourly,2026-08-17T18:48:05Z,2026-08-17T18:48:05Z,
18.210.58.238,ipv4,malicious-ip,medium,WHITE,ziyadnz/hourly-ipv4,ziyadnz|hourly,2026-08-17T18:48:05Z,2026-08-17T18:48:05Z,
18.211.39.188,ipv4,malicious-ip,medium,WHITE,ziyadnz/hourly-ipv4,ziyadnz|hourly,2026-08-17T18:48:05Z,2026-08-17T18:48:05Z,
18.212.208.154,ipv4,malicious-ip,medium,WHITE,ziyadnz/hourly-ipv4,ziyadnz|hourly,2026-08-17T18:48:05Z,2026-08-17T18:48:05Z,
18.212.216.95,ipv4,malicious-ip,medium,WHITE,ziyadnz/hourly-ipv4,ziyadnz|hourly,2026-08-17T18:48:05Z,2026-08-17T18:48:05Z,
18.212.229.32,ipv4,malicious-ip,medium,WHITE,ziyadnz/hourly-ipv4,ziyadnz|hourly,2026-08-17T18:48:05Z,2026-08-17T18:48:05Z,
18.212.90.9,ipv4,malicious-ip,medium,WHITE,ziyadnz/hourly-ipv4,ziyadnz|hourly,2026-08-17T18:48:05Z,2026-08-17T18:48:05Z,
18.213.102.186,ipv4,malicious-ip,medium,WHITE,ziyadnz/hourly-ipv4,ziyadnz|hourly,2026-08-17T18:48:05Z,2026-08-17T18:48:05Z,
18.213.240.226,ipv4,malicious-ip,medium,WHITE,ziyadnz/hourly-ipv4,ziyadnz|hourly,2026-08-17T18:48:05Z,2026-08-17T18:48:05Z,
18.213.27.222,ipv4,malicious-ip,medium,WHITE,ziyadnz/hourly-ipv4,ziyadnz|hourly,2026-08-17T18:48:05Z,2026-08-17T18:48:05Z,
18.214.124.6,ipv4,malicious-ip,medium,WHITE,ziyadnz/hourly-ipv4,ziyadnz|hourly,2026-08-17T18:48:05Z,2026-08-17T18:48:05Z,
18.215.151.183,ipv4,malicious-ip,medium,WHITE,ziyadnz/hourly-ipv4,ziyadnz|hourly,2026-08-17T18:48:05Z,2026-08-17T18:48:05Z,
18.215.152.242,ipv4,malicious-ip,medium,WHITE,ziyadnz/hourly-ipv4,ziyadnz|hourly,2026-08-17T18:48:05Z,2026-08-17T18:48:05Z,
18.215.153.3,ipv4,malicious-ip,medium,WHITE,ziyadnz/hourly-ipv4,ziyadnz|hourly,2026-08-17T18:48:05Z,2026-08-17T18:48:05Z,
18.215.183.116,ipv4,malicious-ip,medium,WHITE,ziyadnz/hourly-ipv4,ziyadnz|hourly,2026-08-17T18:48:05Z,2026-08-17T18:48:05Z,
18.215.24.66,ipv4,malicious-ip,medium,WHITE,ziyadnz/hourly-ipv4,ziyadnz|hourly,2026-08-17T18:48:05Z,2026-08-17T18:48:05Z,
18.215.49.176,ipv4,malicious-ip,medium,WHITE,ziyadnz/hourly-ipv4,ziyadnz|hourly,2026-08-17T18:48:05Z,2026-08-17T18:48:05Z,
18.215.77.19,ipv4,malicious-ip,medium,WHITE,ziyadnz/hourly-ipv4,ziyadnz|hourly,2026-08-17T18:48:05Z,2026-08-17T18:48:05Z,
18.216.229.242,ipv4,malicious-ip,medium,WHITE,ziyadnz/hourly-ipv4,ziyadnz|hourly,2026-08-17T18:48:05Z,2026-08-17T18:48:05Z,
18.217.208.51,ipv4,malicious-ip,medium,WHITE,ziyadnz/hourly-ipv4,ziyadnz|hourly,2026-08-17T18:48:05Z,2026-08-17T18:48:05Z,
18.218.118.203,ipv4,malicious-ip,medium,WHITE,ziyadnz/hourly-ipv4,ziyadnz|hourly,2026-08-17T18:48:05Z,2026-08-17T18:48:05Z,
18.218.14.246,ipv4,malicious-ip,medium,WHITE,ziyadnz/hourly-ipv4,ziyadnz|hourly,2026-08-17T18:48:05Z,2026-08-17T18:48:05Z,
18.218.188.104,ipv4,malicious-ip,medium,WHITE,ziyadnz/hourly-ipv4,ziyadnz|hourly,2026-08-17T18:48:05Z,2026-08-17T18:48:05Z,
18.221.179.104,ipv4,malicious-ip,medium,WHITE,ziyadnz/hourly-ipv4,ziyadnz|hourly,2026-08-17T18:48:05Z,2026-08-17T18:48:05Z,
18.221.237.59,ipv4,malicious-ip,medium,WHITE,ziyadnz/hourly-ipv4,ziyadnz|hourly,2026-08-17T18:48:05Z,2026-08-17T18:48:05Z,
18.221.6.211,ipv4,malicious-ip,medium,WHITE,ziyadnz/hourly-ipv4,ziyadnz|hourly,2026-08-17T18:48:05Z,2026-08-17T18:48:05Z,
18.223.29.55,ipv4,malicious-ip,medium,WHITE,ziyadnz/hourly-ipv4,ziyadnz|hourly,2026-08-17T18:48:05Z,2026-08-17T18:48:05Z,
18.228.190.26,ipv4,malicious-ip,medium,WHITE,ziyadnz/hourly-ipv4,ziyadnz|hourly,2026-08-17T18:48:05Z,2026-08-17T18:48:05Z,
18.229.14.82,ipv4,malicious-ip,medium,WHITE,ziyadnz/hourly-ipv4,ziyadnz|hourly,2026-08-17T18:48:05Z,2026-08-17T18:48:05Z,
18.230.81.40,ipv4,malicious-ip,medium,WHITE,ziyadnz/hourly-ipv4,ziyadnz|hourly,2026-08-17T18:48:05Z,2026-08-17T18:48:05Z,
18.232.12.157,ipv4,malicious-ip,medium,WHITE,ziyadnz/hourly-ipv4,ziyadnz|hourly,2026-08-17T18:48:05Z,2026-08-17T18:48:05Z,
18.233.24.238,ipv4,malicious-ip,medium,WHITE,ziyadnz/hourly-ipv4,ziyadnz|hourly,2026-08-17T18:48:05Z,2026-08-17T18:48:05Z,
18.234.140.213,ipv4,malicious-ip,medium,WHITE,ziyadnz/hourly-ipv4,ziyadnz|hourly,2026-08-17T18:48:05Z,2026-08-17T18:48:05Z,
18.234.52.162,ipv4,malicious-ip,medium,WHITE,ziyadnz/hourly-ipv4,ziyadnz|hourly,2026-08-17T18:48:05Z,2026-08-17T18:48:05Z,
18.234.77.126,ipv4,malicious-ip,medium,WHITE,ziyadnz/hourly-ipv4,ziyadnz|hourly,2026-08-17T18:48:05Z,2026-08-17T18:48:05Z,
18.235.158.19,ipv4,malicious-ip,medium,WHITE,ziyadnz/hourly-ipv4,ziyadnz|hourly,2026-08-17T18:48:05Z,2026-08-17T18:48:05Z,
18.235.81.246,ipv4,malicious-ip,medium,WHITE,ziyadnz/hourly-ipv4,ziyadnz|hourly,2026-08-17T18:48:05Z,2026-08-17T18:48:05Z,
18.236.148.84,ipv4,malicious-ip,medium,WHITE,ziyadnz/hourly-ipv4,ziyadnz|hourly,2026-08-17T18:48:05Z,2026-08-17T18:48:05Z,
18.236.93.111,ipv4,malicious-ip,medium,WHITE,ziyadnz/hourly-ipv4,ziyadnz|hourly,2026-08-17T18:48:05Z,2026-08-17T18:48:05Z,
18.97.19.135,ipv4,malicious-ip,medium,WHITE,ziyadnz/hourly-ipv4,ziyadnz|hourly,2026-08-17T18:48:05Z,2026-08-17T18:48:05Z,
18.97.19.143,ipv4,malicious-ip,medium,WHITE,ziyadnz/hourly-ipv4,ziyadnz|hourly,2026-08-17T18:48:05Z,2026-08-17T18:48:05Z,
18.97.19.154,ipv4,malicious-ip,medium,WHITE,ziyadnz/hourly-ipv4,ziyadnz|hourly,2026-08-17T18:48:05Z,2026-08-17T18:48:05Z,
18.97.19.182,ipv4,malicious-ip,medium,WHITE,ziyadnz/hourly-ipv4,ziyadnz|hourly,2026-08-17T18:48:05Z,2026-08-17T18:48:05Z,
18.97.19.194,ipv4,malicious-ip,medium,WHITE,ziyadnz/hourly-ipv4,ziyadnz|hourly,2026-08-17T18:48:05Z,2026-08-17T18:48:05Z,
18.97.26.113,ipv4,malicious-ip,medium,WHITE,ziyadnz/hourly-ipv4,ziyadnz|hourly,2026-08-17T18:48:05Z,2026-08-17T18:48:05Z,
18.97.26.14,ipv4,malicious-ip,medium,WHITE,ziyadnz/hourly-ipv4,ziyadnz|hourly,2026-08-17T18:48:05Z,2026-08-17T18:48:05Z,
18.97.26.47,ipv4,malicious-ip,medium,WHITE,ziyadnz/hourly-ipv4,ziyadnz|hourly,2026-08-17T18:48:05Z,2026-08-17T18:48:05Z,
18.97.26.49,ipv4,malicious-ip,medium,WHITE,ziyadnz/hourly-ipv4,ziyadnz|hourly,2026-08-17T18:48:05Z,2026-08-17T18:48:05Z,
18.97.26.6,ipv4,malicious-ip,medium,WHITE,ziyadnz/hourly-ipv4,ziyadnz|hourly,2026-08-17T18:48:05Z,2026-08-17T18:48:05Z,
18.97.26.89,ipv4,malicious-ip,medium,WHITE,ziyadnz/hourly-ipv4,ziyadnz|hourly,2026-08-17T18:48:05Z,2026-08-17T18:48:05Z,
18.97.5.0,ipv4,malicious-ip,medium,WHITE,ziyadnz/hourly-ipv4,ziyadnz|hourly,2026-08-17T18:48:05Z,2026-08-17T18:48:05Z,
18.97.5.104,ipv4,malicious-ip,medium,WHITE,ziyadnz/hourly-ipv4,ziyadnz|hourly,2026-08-17T18:48:05Z,2026-08-17T18:48:05Z,
18.97.5.123,ipv4,malicious-ip,medium,WHITE,ziyadnz/hourly-ipv4,ziyadnz|hourly,2026-08-17T18:48:05Z,2026-08-17T18:48:05Z,
18.97.5.20,ipv4,malicious-ip,medium,WHITE,ziyadnz/hourly-ipv4,ziyadnz|hourly,2026-08-17T18:48:05Z,2026-08-17T18:48:05Z,
18.97.5.5,ipv4,malicious-ip,medium,WHITE,ziyadnz/hourly-ipv4,ziyadnz|hourly,2026-08-17T18:48:05Z,2026-08-17T18:48:05Z,
18.97.5.63,ipv4,malicious-ip,medium,WHITE,ziyadnz/hourly-ipv4,ziyadnz|hourly,2026-08-17T18:48:05Z,2026-08-17T18:48:05Z,
18.97.5.68,ipv4,malicious-ip,medium,WHITE,ziyadnz/hourly-ipv4,ziyadnz|hourly,2026-08-17T18:48:05Z,2026-08-17T18:48:05Z,
18.97.5.76,ipv4,malicious-ip,medium,WHITE,ziyadnz/hourly-ipv4,ziyadnz|hourly,2026-08-17T18:48:05Z,2026-08-17T18:48:05Z,
18.97.9.100,ipv4,malicious-ip,medium,WHITE,ziyadnz/hourly-ipv4,ziyadnz|hourly,2026-08-17T18:48:05Z,2026-08-17T18:48:05Z,
18.97.9.101,ipv4,malicious-ip,medium,WHITE,ziyadnz/hourly-ipv4,ziyadnz|hourly,2026-08-17T18:48:05Z,2026-08-17T18:48:05Z,
18.97.9.102,ipv4,malicious-ip,medium,WHITE,ziyadnz/hourly-ipv4,ziyadnz|hourly,2026-08-17T18:48:05Z,2026-08-17T18:48:05Z,
18.97.9.103,ipv4,malicious-ip,medium,WHITE,ziyadnz/hourly-ipv4,ziyadnz|hourly,2026-08-17T18:48:05Z,2026-08-17T18:48:05Z,
18.97.9.97,ipv4,malicious-ip,medium,WHITE,ziyadnz/hourly-ipv4,ziyadnz|hourly,2026-08-17T18:48:05Z,2026-08-17T18:48:05Z,
18.97.9.99,ipv4,malicious-ip,medium,WHITE,ziyadnz/hourly-ipv4,ziyadnz|hourly,2026-08-17T18:48:05Z,2026-08-17T18:48:05Z,
18.99.5.185,ipv4,malicious-ip,medium,WHITE,ziyadnz/hourly-ipv4,ziyadnz|hourly,2026-08-17T18:48:05Z,2026-08-17T18:48:05Z,
18.99.5.187,ipv4,malicious-ip,medium,WHITE,ziyadnz/hourly-ipv4,ziyadnz|hourly,2026-08-17T18:48:05Z,2026-08-17T18:48:05Z,
18.99.5.188,ipv4,malicious-ip,medium,WHITE,ziyadnz/hourly-ipv4,ziyadnz|hourly,2026-08-17T18:48:05Z,2026-08-17T18:48:05Z,
18.99.5.190,ipv4,malicious-ip,medium,WHITE,ziyadnz/hourly-ipv4,ziyadnz|hourly,2026-08-17T18:48:05Z,2026-08-17T18:48:05Z,
18.99.5.191,ipv4,malicious-ip,medium,WHITE,ziyadnz/hourly-ipv4,ziyadnz|hourly,2026-08-17T18:48:05Z,2026-08-17T18:48:05Z,
180.100.198.68,ipv4,malicious-ip,medium,WHITE,ziyadnz/hourly-ipv4,ziyadnz|hourly,2026-08-17T18:48:05Z,2026-08-17T18:48:05Z,
180.100.207.169,ipv4,malicious-ip,medium,WHITE,ziyadnz/hourly-ipv4,ziyadnz|hourly,2026-08-17T18:48:05Z,2026-08-17T18:48:05Z,
180.100.217.164,ipv4,malicious-ip,medium,WHITE,ziyadnz/hourly-ipv4,ziyadnz|hourly,2026-08-17T18:48:05Z,2026-08-17T18:48:05Z,
180.101.149.231,ipv4,malicious-ip,medium,WHITE,ziyadnz/hourly-ipv4,ziyadnz|hourly,2026-08-17T18:48:05Z,2026-08-17T18:48:05Z,
180.103.117.65,ipv4,malicious-ip,medium,WHITE,ziyadnz/hourly-ipv4,ziyadnz|hourly,2026-08-17T18:48:05Z,2026-08-17T18:48:05Z,
180.103.140.238,ipv4,malicious-ip,medium,WHITE,ziyadnz/hourly-ipv4,ziyadnz|hourly,2026-08-17T18:48:05Z,2026-08-17T18:48:05Z,
180.103.241.119,ipv4,malicious-ip,medium,WHITE,ziyadnz/hourly-ipv4,ziyadnz|hourly,2026-08-17T18:48:05Z,2026-08-17T18:48:05Z,
180.103.41.127,ipv4,malicious-ip,medium,WHITE,ziyadnz/hourly-ipv4,ziyadnz|hourly,2026-08-17T18:48:05Z,2026-08-17T18:48:05Z,
180.103.41.144,ipv4,malicious-ip,medium,WHITE,ziyadnz/hourly-ipv4,ziyadnz|hourly,2026-08-17T18:48:05Z,2026-08-17T18:48:05Z,
180.103.41.211,ipv4,malicious-ip,medium,WHITE,ziyadnz/hourly-ipv4,ziyadnz|hourly,2026-08-17T18:48:05Z,2026-08-17T18:48:05Z,
180.103.41.41,ipv4,malicious-ip,medium,WHITE,ziyadnz/hourly-ipv4,ziyadnz|hourly,2026-08-17T18:48:05Z,2026-08-17T18:48:05Z,
180.103.41.57,ipv4,malicious-ip,medium,WHITE,ziyadnz/hourly-ipv4,ziyadnz|hourly,2026-08-17T18:48:05Z,2026-08-17T18:48:05Z,
180.103.50.11,ipv4,malicious-ip,medium,WHITE,ziyadnz/hourly-ipv4,ziyadnz|hourly,2026-08-17T18:48:05Z,2026-08-17T18:48:05Z,
180.103.50.176,ipv4,malicious-ip,medium,WHITE,ziyadnz/hourly-ipv4,ziyadnz|hourly,2026-08-17T18:48:05Z,2026-08-17T18:48:05Z,
180.103.50.184,ipv4,malicious-ip,medium,WHITE,ziyadnz/hourly-ipv4,ziyadnz|hourly,2026-08-17T18:48:05Z,2026-08-17T18:48:05Z,
180.103.59.128,ipv4,malicious-ip,medium,WHITE,ziyadnz/hourly-ipv4,ziyadnz|hourly,2026-08-17T18:48:05Z,2026-08-17T18:48:05Z,
180.103.59.167,ipv4,malicious-ip,medium,WHITE,ziyadnz/hourly-ipv4,ziyadnz|hourly,2026-08-17T18:48:05Z,2026-08-17T18:48:05Z,
180.103.59.187,ipv4,malicious-ip,medium,WHITE,ziyadnz/hourly-ipv4,ziyadnz|hourly,2026-08-17T18:48:05Z,2026-08-17T18:48:05Z,
180.103.59.212,ipv4,malicious-ip,medium,WHITE,ziyadnz/hourly-ipv4,ziyadnz|hourly,2026-08-17T18:48:05Z,2026-08-17T18:48:05Z,
180.103.59.25,ipv4,malicious-ip,medium,WHITE,ziyadnz/hourly-ipv4,ziyadnz|hourly,2026-08-17T18:48:05Z,2026-08-17T18:48:05Z,
180.106.120.50,ipv4,malicious-ip,medium,WHITE,ziyadnz/hourly-ipv4,ziyadnz|hourly,2026-08-17T18:48:05Z,2026-08-17T18:48:05Z,
180.106.205.83,ipv4,malicious-ip,medium,WHITE,ziyadnz/hourly-ipv4,ziyadnz|hourly,2026-08-17T18:48:05Z,2026-08-17T18:48:05Z,
180.106.83.59,ipv4,malicious-ip,medium,WHITE,ziyadnz/hourly-ipv4,ziyadnz|hourly,2026-08-17T18:48:05Z,2026-08-17T18:48:05Z,
180.107.109.76,ipv4,malicious-ip,medium,WHITE,ziyadnz/hourly-ipv4,ziyadnz|hourly,2026-08-17T18:48:05Z,2026-08-17T18:48:05Z,
180.107.174.217,ipv4,malicious-ip,medium,WHITE,ziyadnz/hourly-ipv4,ziyadnz|hourly,2026-08-17T18:48:05Z,2026-08-17T18:48:05Z,
180.107.244.233,ipv4,malicious-ip,medium,WHITE,ziyadnz/hourly-ipv4,ziyadnz|hourly,2026-08-17T18:48:05Z,2026-08-17T18:48:05Z,
180.108.36.23,ipv4,malicious-ip,medium,WHITE,ziyadnz/hourly-ipv4,ziyadnz|hourly,2026-08-17T18:48:05Z,2026-08-17T18:48:05Z,
180.108.46.6,ipv4,malicious-ip,medium,WHITE,ziyadnz/hourly-ipv4,ziyadnz|hourly,2026-08-17T18:48:05Z,2026-08-17T18:48:05Z,
180.108.64.6,ipv4,malicious-ip,medium,WHITE,ziyadnz/hourly-ipv4,ziyadnz|hourly,2026-08-17T18:48:05Z,2026-08-17T18:48:05Z,
180.109.96.72,ipv4,malicious-ip,medium,WHITE,ziyadnz/hourly-ipv4,ziyadnz|hourly,2026-08-17T18:48:05Z,2026-08-17T18:48:05Z,
180.110.149.157,ipv4,malicious-ip,medium,WHITE,ziyadnz/hourly-ipv4,ziyadnz|hourly,2026-08-17T18:48:05Z,2026-08-17T18:48:05Z,
180.110.47.18,ipv4,malicious-ip,medium,WHITE,ziyadnz/hourly-ipv4,ziyadnz|hourly,2026-08-17T18:48:05Z,2026-08-17T18:48:05Z,
180.111.0.21,ipv4,malicious-ip,medium,WHITE,ziyadnz/hourly-ipv4,ziyadnz|hourly,2026-08-17T18:48:05Z,2026-08-17T18:48:05Z,
180.111.177.45,ipv4,malicious-ip,medium,WHITE,ziyadnz/hourly-ipv4,ziyadnz|hourly,2026-08-17T18:48:05Z,2026-08-17T18:48:05Z,
180.112.88.154,ipv4,malicious-ip,medium,WHITE,ziyadnz/hourly-ipv4,ziyadnz|hourly,2026-08-17T18:48:05Z,2026-08-17T18:48:05Z,
180.113.105.167,ipv4,malicious-ip,medium,WHITE,ziyadnz/hourly-ipv4,ziyadnz|hourly,2026-08-17T18:48:05Z,2026-08-17T18:48:05Z,
180.113.131.23,ipv4,malicious-ip,medium,WHITE,ziyadnz/hourly-ipv4,ziyadnz|hourly,2026-08-17T18:48:05Z,2026-08-17T18:48:05Z,
180.114.127.164,ipv4,malicious-ip,medium,WHITE,ziyadnz/hourly-ipv4,ziyadnz|hourly,2026-08-17T18:48:05Z,2026-08-17T18:48:05Z,
180.114.188.63,ipv4,malicious-ip,medium,WHITE,ziyadnz/hourly-ipv4,ziyadnz|hourly,2026-08-17T18:48:05Z,2026-08-17T18:48:05Z,
180.115.165.158,ipv4,malicious-ip,medium,WHITE,ziyadnz/hourly-ipv4,ziyadnz|hourly,2026-08-17T18:48:05Z,2026-08-17T18:48:05Z,
180.115.65.118,ipv4,malicious-ip,medium,WHITE,ziyadnz/hourly-ipv4,ziyadnz|hourly,2026-08-17T18:48:05Z,2026-08-17T18:48:05Z,
180.116.162.10,ipv4,malicious-ip,medium,WHITE,ziyadnz/hourly-ipv4,ziyadnz|hourly,2026-08-17T18:48:05Z,2026-08-17T18:48:05Z,
180.116.255.195,ipv4,malicious-ip,medium,WHITE,ziyadnz/hourly-ipv4,ziyadnz|hourly,2026-08-17T18:48:05Z,2026-08-17T18:48:05Z,
180.119.102.0,ipv4,malicious-ip,medium,WHITE,ziyadnz/hourly-ipv4,ziyadnz|hourly,2026-08-17T18:48:05Z,2026-08-17T18:48:05Z,
180.119.102.108,ipv4,malicious-ip,medium,WHITE,ziyadnz/hourly-ipv4,ziyadnz|hourly,2026-08-17T18:48:05Z,2026-08-17T18:48:05Z,
180.119.102.150,ipv4,malicious-ip,medium,WHITE,ziyadnz/hourly-ipv4,ziyadnz|hourly,2026-08-17T18:48:05Z,2026-08-17T18:48:05Z,
180.119.102.196,ipv4,malicious-ip,medium,WHITE,ziyadnz/hourly-ipv4,ziyadnz|hourly,2026-08-17T18:48:05Z,2026-08-17T18:48:05Z,
180.119.102.206,ipv4,malicious-ip,medium,WHITE,ziyadnz/hourly-ipv4,ziyadnz|hourly,2026-08-17T18:48:05Z,2026-08-17T18:48:05Z,
180.119.102.33,ipv4,malicious-ip,medium,WHITE,ziyadnz/hourly-ipv4,ziyadnz|hourly,2026-08-17T18:48:05Z,2026-08-17T18:48:05Z,
180.119.102.54,ipv4,malicious-ip,medium,WHITE,ziyadnz/hourly-ipv4,ziyadnz|hourly,2026-08-17T18:48:05Z,2026-08-17T18:48:05Z,
180.119.102.82,ipv4,malicious-ip,medium,WHITE,ziyadnz/hourly-ipv4,ziyadnz|hourly,2026-08-17T18:48:05Z,2026-08-17T18:48:05Z,
180.119.156.0,ipv4,malicious-ip,medium,WHITE,ziyadnz/hourly-ipv4,ziyadnz|hourly,2026-08-17T18:48:05Z,2026-08-17T18:48:05Z,
180.119.156.131,ipv4,malicious-ip,medium,WHITE,ziyadnz/hourly-ipv4,ziyadnz|hourly,2026-08-17T18:48:05Z,2026-08-17T18:48:05Z,
180.119.156.14,ipv4,malicious-ip,medium,WHITE,ziyadnz/hourly-ipv4,ziyadnz|hourly,2026-08-17T18:48:05Z,2026-08-17T18:48:05Z,
180.119.156.151,ipv4,malicious-ip,medium,WHITE,ziyadnz/hourly-ipv4,ziyadnz|hourly,2026-08-17T18:48:05Z,2026-08-17T18:48:05Z,
180.119.156.164,ipv4,malicious-ip,medium,WHITE,ziyadnz/hourly-ipv4,ziyadnz|hourly,2026-08-17T18:48:05Z,2026-08-17T18:48:05Z,
180.119.156.189,ipv4,malicious-ip,medium,WHITE,ziyadnz/hourly-ipv4,ziyadnz|hourly,2026-08-17T18:48:05Z,2026-08-17T18:48:05Z,
180.119.156.48,ipv4,malicious-ip,medium,WHITE,ziyadnz/hourly-ipv4,ziyadnz|hourly,2026-08-17T18:48:05Z,2026-08-17T18:48:05Z,
180.119.156.71,ipv4,malicious-ip,medium,WHITE,ziyadnz/hourly-ipv4,ziyadnz|hourly,2026-08-17T18:48:05Z,2026-08-17T18:48:05Z,
180.119.157.101,ipv4,malicious-ip,medium,WHITE,ziyadnz/hourly-ipv4,ziyadnz|hourly,2026-08-17T18:48:05Z,2026-08-17T18:48:05Z,
180.119.157.233,ipv4,malicious-ip,medium,WHITE,ziyadnz/hourly-ipv4,ziyadnz|hourly,2026-08-17T18:48:05Z,2026-08-17T18:48:05Z,
180.119.157.3,ipv4,malicious-ip,medium,WHITE,ziyadnz/hourly-ipv4,ziyadnz|hourly,2026-08-17T18:48:05Z,2026-08-17T18:48:05Z,
180.119.157.97,ipv4,malicious-ip,medium,WHITE,ziyadnz/hourly-ipv4,ziyadnz|hourly,2026-08-17T18:48:05Z,2026-08-17T18:48:05Z,
180.119.80.209,ipv4,malicious-ip,medium,WHITE,ziyadnz/hourly-ipv4,ziyadnz|hourly,2026-08-17T18:48:05Z,2026-08-17T18:48:05Z,
180.119.80.251,ipv4,malicious-ip,medium,WHITE,ziyadnz/hourly-ipv4,ziyadnz|hourly,2026-08-17T18:48:05Z,2026-08-17T18:48:05Z,
180.119.80.4,ipv4,malicious-ip,medium,WHITE,ziyadnz/hourly-ipv4,ziyadnz|hourly,2026-08-17T18:48:05Z,2026-08-17T18:48:05Z,
180.119.80.62,ipv4,malicious-ip,medium,WHITE,ziyadnz/hourly-ipv4,ziyadnz|hourly,2026-08-17T18:48:05Z,2026-08-17T18:48:05Z,
180.121.146.47,ipv4,malicious-ip,medium,WHITE,ziyadnz/hourly-ipv4,ziyadnz|hourly,2026-08-17T18:48:05Z,2026-08-17T18:48:05Z,
180.121.211.55,ipv4,malicious-ip,medium,WHITE,ziyadnz/hourly-ipv4,ziyadnz|hourly,2026-08-17T18:48:05Z,2026-08-17T18:48:05Z,
180.123.40.174,ipv4,malicious-ip,medium,WHITE,ziyadnz/hourly-ipv4,ziyadnz|hourly,2026-08-17T18:48:05Z,2026-08-17T18:48:05Z,
180.125.10.193,ipv4,malicious-ip,medium,WHITE,ziyadnz/hourly-ipv4,ziyadnz|hourly,2026-08-17T18:48:05Z,2026-08-17T18:48:05Z,
180.125.215.216,ipv4,malicious-ip,medium,WHITE,ziyadnz/hourly-ipv4,ziyadnz|hourly,2026-08-17T18:48:05Z,2026-08-17T18:48:05Z,
180.126.143.97,ipv4,malicious-ip,medium,WHITE,ziyadnz/hourly-ipv4,ziyadnz|hourly,2026-08-17T18:48:05Z,2026-08-17T18:48:05Z,
180.126.67.223,ipv4,malicious-ip,medium,WHITE,ziyadnz/hourly-ipv4,ziyadnz|hourly,2026-08-17T18:48:05Z,2026-08-17T18:48:05Z,
180.130.103.216,ipv4,malicious-ip,medium,WHITE,ziyadnz/hourly-ipv4,ziyadnz|hourly,2026-08-17T18:48:05Z,2026-08-17T18:48:05Z,
180.130.156.89,ipv4,malicious-ip,medium,WHITE,ziyadnz/hourly-ipv4,ziyadnz|hourly,2026-08-17T18:48:05Z,2026-08-17T18:48:05Z,
180.131.131.167,ipv4,malicious-ip,medium,WHITE,ziyadnz/hourly-ipv4,ziyadnz|hourly,2026-08-17T18:48:05Z,2026-08-17T18:48:05Z,
180.131.131.169,ipv4,malicious-ip,medium,WHITE,ziyadnz/hourly-ipv4,ziyadnz|hourly,2026-08-17T18:48:05Z,2026-08-17T18:48:05Z,
180.131.145.85,ipv4,malicious-ip,medium,WHITE,ziyadnz/hourly-ipv4,ziyadnz|hourly,2026-08-17T18:48:05Z,2026-08-17T18:48:05Z,
180.131.145.93,ipv4,malicious-ip,medium,WHITE,ziyadnz/hourly-ipv4,ziyadnz|hourly,2026-08-17T18:48:05Z,2026-08-17T18:48:05Z,
180.137.87.78,ipv4,malicious-ip,medium,WHITE,ziyadnz/hourly-ipv4,ziyadnz|hourly,2026-08-17T18:48:05Z,2026-08-17T18:48:05Z,
180.138.122.3,ipv4,malicious-ip,medium,WHITE,ziyadnz/hourly-ipv4,ziyadnz|hourly,2026-08-17T18:48:05Z,2026-08-17T18:48:05Z,
180.140.129.14,ipv4,malicious-ip,medium,WHITE,ziyadnz/hourly-ipv4,ziyadnz|hourly,2026-08-17T18:48:05Z,2026-08-17T18:48:05Z,
180.140.129.16,ipv4,malicious-ip,medium,WHITE,ziyadnz/hourly-ipv4,ziyadnz|hourly,2026-08-17T18:48:05Z,2026-08-17T18:48:05Z,
180.140.129.17,ipv4,malicious-ip,medium,WHITE,ziyadnz/hourly-ipv4,ziyadnz|hourly,2026-08-17T18:48:05Z,2026-08-17T18:48:05Z,
180.140.129.2,ipv4,malicious-ip,medium,WHITE,ziyadnz/hourly-ipv4,ziyadnz|hourly,2026-08-17T18:48:05Z,2026-08-17T18:48:05Z,
180.140.129.21,ipv4,malicious-ip,medium,WHITE,ziyadnz/hourly-ipv4,ziyadnz|hourly,2026-08-17T18:48:05Z,2026-08-17T18:48:05Z,
180.140.129.23,ipv4,malicious-ip,medium,WHITE,ziyadnz/hourly-ipv4,ziyadnz|hourly,2026-08-17T18:48:05Z,2026-08-17T18:48:05Z,
180.140.129.35,ipv4,malicious-ip,medium,WHITE,ziyadnz/hourly-ipv4,ziyadnz|hourly,2026-08-17T18:48:05Z,2026-08-17T18:48:05Z,
180.143.228.3,ipv4,malicious-ip,medium,WHITE,ziyadnz/hourly-ipv4,ziyadnz|hourly,2026-08-17T18:48:05Z,2026-08-17T18:48:05Z,
180.148.2.92,ipv4,malicious-ip,medium,WHITE,ziyadnz/hourly-ipv4,ziyadnz|hourly,2026-08-17T18:48:05Z,2026-08-17T18:48:05Z,
180.148.213.125,ipv4,malicious-ip,medium,WHITE,ziyadnz/hourly-ipv4,ziyadnz|hourly,2026-08-17T18:48:05Z,2026-08-17T18:48:05Z,
180.148.4.252,ipv4,malicious-ip,medium,WHITE,ziyadnz/hourly-ipv4,ziyadnz|hourly,2026-08-17T18:48:05Z,2026-08-17T18:48:05Z,
180.148.5.61,ipv4,malicious-ip,medium,WHITE,ziyadnz/hourly-ipv4,ziyadnz|hourly,2026-08-17T18:48:05Z,2026-08-17T18:48:05Z,
180.149.125.227,ipv4,malicious-ip,medium,WHITE,ziyadnz/hourly-ipv4,ziyadnz|hourly,2026-08-17T18:48:05Z,2026-08-17T18:48:05Z,
180.149.197.44,ipv4,malicious-ip,medium,WHITE,ziyadnz/hourly-ipv4,ziyadnz|hourly,2026-08-17T18:48:05Z,2026-08-17T18:48:05Z,
180.149.208.47,ipv4,malicious-ip,medium,WHITE,ziyadnz/hourly-ipv4,ziyadnz|hourly,2026-08-17T18:48:05Z,2026-08-17T18:48:05Z,
180.149.208.88,ipv4,malicious-ip,medium,WHITE,ziyadnz/hourly-ipv4,ziyadnz|hourly,2026-08-17T18:48:05Z,2026-08-17T18:48:05Z,
180.149.210.10,ipv4,malicious-ip,medium,WHITE,ziyadnz/hourly-ipv4,ziyadnz|hourly,2026-08-17T18:48:05Z,2026-08-17T18:48:05Z,
180.149.210.11,ipv4,malicious-ip,medium,WHITE,ziyadnz/hourly-ipv4,ziyadnz|hourly,2026-08-17T18:48:05Z,2026-08-17T18:48:05Z,
180.149.210.39,ipv4,malicious-ip,medium,WHITE,ziyadnz/hourly-ipv4,ziyadnz|hourly,2026-08-17T18:48:05Z,2026-08-17T18:48:05Z,
180.149.210.41,ipv4,malicious-ip,medium,WHITE,ziyadnz/hourly-ipv4,ziyadnz|hourly,2026-08-17T18:48:05Z,2026-08-17T18:48:05Z,
180.149.212.146,ipv4,malicious-ip,medium,WHITE,ziyadnz/hourly-ipv4,ziyadnz|hourly,2026-08-17T18:48:05Z,2026-08-17T18:48:05Z,
180.149.212.224,ipv4,malicious-ip,medium,WHITE,ziyadnz/hourly-ipv4,ziyadnz|hourly,2026-08-17T18:48:05Z,2026-08-17T18:48:05Z,
180.149.44.117,ipv4,malicious-ip,medium,WHITE,ziyadnz/hourly-ipv4,ziyadnz|hourly,2026-08-17T18:48:05Z,2026-08-17T18:48:05Z,
180.150.104.65,ipv4,malicious-ip,medium,WHITE,ziyadnz/hourly-ipv4,ziyadnz|hourly,2026-08-17T18:48:05Z,2026-08-17T18:48:05Z,
180.150.226.99,ipv4,malicious-ip,medium,WHITE,ziyadnz/hourly-ipv4,ziyadnz|hourly,2026-08-17T18:48:05Z,2026-08-17T18:48:05Z,
180.150.243.123,ipv4,malicious-ip,medium,WHITE,ziyadnz/hourly-ipv4,ziyadnz|hourly,2026-08-17T18:48:05Z,2026-08-17T18:48:05Z,
180.150.243.74,ipv4,malicious-ip,medium,WHITE,ziyadnz/hourly-ipv4,ziyadnz|hourly,2026-08-17T18:48:05Z,2026-08-17T18:48:05Z,
180.151.104.143,ipv4,malicious-ip,medium,WHITE,ziyadnz/hourly-ipv4,ziyadnz|hourly,2026-08-17T18:48:05Z,2026-08-17T18:48:05Z,
180.151.16.132,ipv4,malicious-ip,medium,WHITE,ziyadnz/hourly-ipv4,ziyadnz|hourly,2026-08-17T18:48:05Z,2026-08-17T18:48:05Z,
180.151.2.28,ipv4,malicious-ip,medium,WHITE,ziyadnz/hourly-ipv4,ziyadnz|hourly,2026-08-17T18:48:05Z,2026-08-17T18:48:05Z,
180.151.244.108,ipv4,malicious-ip,medium,WHITE,ziyadnz/hourly-ipv4,ziyadnz|hourly,2026-08-17T18:48:05Z,2026-08-17T18:48:05Z,
180.151.84.50,ipv4,malicious-ip,medium,WHITE,ziyadnz/hourly-ipv4,ziyadnz|hourly,2026-08-17T18:48:05Z,2026-08-17T18:48:05Z,
180.154.85.72,ipv4,malicious-ip,medium,WHITE,ziyadnz/hourly-ipv4,ziyadnz|hourly,2026-08-17T18:48:05Z,2026-08-17T18:48:05Z,
180.158.88.164,ipv4,malicious-ip,medium,WHITE,ziyadnz/hourly-ipv4,ziyadnz|hourly,2026-08-17T18:48:05Z,2026-08-17T18:48:05Z,
180.164.143.31,ipv4,malicious-ip,medium,WHITE,ziyadnz/hourly-ipv4,ziyadnz|hourly,2026-08-17T18:48:05Z,2026-08-17T18:48:05Z,
180.164.195.227,ipv4,malicious-ip,medium,WHITE,ziyadnz/hourly-ipv4,ziyadnz|hourly,2026-08-17T18:48:05Z,2026-08-17T18:48:05Z,
180.164.62.254,ipv4,malicious-ip,medium,WHITE,ziyadnz/hourly-ipv4,ziyadnz|hourly,2026-08-17T18:48:05Z,2026-08-17T18:48:05Z,
180.165.11.113,ipv4,malicious-ip,medium,WHITE,ziyadnz/hourly-ipv4,ziyadnz|hourly,2026-08-17T18:48:05Z,2026-08-17T18:48:05Z,
180.165.11.30,ipv4,malicious-ip,medium,WHITE,ziyadnz/hourly-ipv4,ziyadnz|hourly,2026-08-17T18:48:05Z,2026-08-17T18:48:05Z,
180.165.18.12,ipv4,malicious-ip,medium,WHITE,ziyadnz/hourly-ipv4,ziyadnz|hourly,2026-08-17T18:48:05Z,2026-08-17T18:48:05Z,
180.165.18.144,ipv4,malicious-ip,medium,WHITE,ziyadnz/hourly-ipv4,ziyadnz|hourly,2026-08-17T18:48:05Z,2026-08-17T18:48:05Z,
180.165.21.35,ipv4,malicious-ip,medium,WHITE,ziyadnz/hourly-ipv4,ziyadnz|hourly,2026-08-17T18:48:05Z,2026-08-17T18:48:05Z,
180.165.24.134,ipv4,malicious-ip,medium,WHITE,ziyadnz/hourly-ipv4,ziyadnz|hourly,2026-08-17T18:48:05Z,2026-08-17T18:48:05Z,
180.165.29.129,ipv4,malicious-ip,medium,WHITE,ziyadnz/hourly-ipv4,ziyadnz|hourly,2026-08-17T18:48:05Z,2026-08-17T18:48:05Z,
180.165.4.72,ipv4,malicious-ip,medium,WHITE,ziyadnz/hourly-ipv4,ziyadnz|hourly,2026-08-17T18:48:05Z,2026-08-17T18:48:05Z,
180.165.42.213,ipv4,malicious-ip,medium,WHITE,ziyadnz/hourly-ipv4,ziyadnz|hourly,2026-08-17T18:48:05Z,2026-08-17T18:48:05Z,
180.165.54.95,ipv4,malicious-ip,medium,WHITE,ziyadnz/hourly-ipv4,ziyadnz|hourly,2026-08-17T18:48:05Z,2026-08-17T18:48:05Z,
180.165.58.189,ipv4,malicious-ip,medium,WHITE,ziyadnz/hourly-ipv4,ziyadnz|hourly,2026-08-17T18:48:05Z,2026-08-17T18:48:05Z,
180.166.193.6,ipv4,malicious-ip,medium,WHITE,ziyadnz/hourly-ipv4,ziyadnz|hourly,2026-08-17T18:48:05Z,2026-08-17T18:48:05Z,
180.167.46.167,ipv4,malicious-ip,medium,WHITE,ziyadnz/hourly-ipv4,ziyadnz|hourly,2026-08-17T18:48:05Z,2026-08-17T18:48:05Z,
180.169.100.182,ipv4,malicious-ip,medium,WHITE,ziyadnz/hourly-ipv4,ziyadnz|hourly,2026-08-17T18:48:05Z,2026-08-17T18:48:05Z,
180.172.152.17,ipv4,malicious-ip,medium,WHITE,ziyadnz/hourly-ipv4,ziyadnz|hourly,2026-08-17T18:48:05Z,2026-08-17T18:48:05Z,
180.175.162.130,ipv4,malicious-ip,medium,WHITE,ziyadnz/hourly-ipv4,ziyadnz|hourly,2026-08-17T18:48:05Z,2026-08-17T18:48:05Z,
180.176.176.196,ipv4,malicious-ip,medium,WHITE,ziyadnz/hourly-ipv4,ziyadnz|hourly,2026-08-17T18:48:05Z,2026-08-17T18:48:05Z,
180.176.85.84,ipv4,malicious-ip,medium,WHITE,ziyadnz/hourly-ipv4,ziyadnz|hourly,2026-08-17T18:48:05Z,2026-08-17T18:48:05Z,
180.177.212.225,ipv4,malicious-ip,medium,WHITE,ziyadnz/hourly-ipv4,ziyadnz|hourly,2026-08-17T18:48:05Z,2026-08-17T18:48:05Z,
180.177.241.145,ipv4,malicious-ip,medium,WHITE,ziyadnz/hourly-ipv4,ziyadnz|hourly,2026-08-17T18:48:05Z,2026-08-17T18:48:05Z,
180.177.53.61,ipv4,malicious-ip,medium,WHITE,ziyadnz/hourly-ipv4,ziyadnz|hourly,2026-08-17T18:48:05Z,2026-08-17T18:48:05Z,
180.178.107.218,ipv4,malicious-ip,medium,WHITE,ziyadnz/hourly-ipv4,ziyadnz|hourly,2026-08-17T18:48:05Z,2026-08-17T18:48:05Z,
180.178.122.131,ipv4,malicious-ip,medium,WHITE,ziyadnz/hourly-ipv4,ziyadnz|hourly,2026-08-17T18:48:05Z,2026-08-17T18:48:05Z,
180.178.129.42,ipv4,malicious-ip,medium,WHITE,ziyadnz/hourly-ipv4,ziyadnz|hourly,2026-08-17T18:48:05Z,2026-08-17T18:48:05Z,
180.178.138.214,ipv4,malicious-ip,medium,WHITE,ziyadnz/hourly-ipv4,ziyadnz|hourly,2026-08-17T18:48:05Z,2026-08-17T18:48:05Z,
180.178.189.17,ipv4,malicious-ip,medium,WHITE,ziyadnz/hourly-ipv4,ziyadnz|hourly,2026-08-17T18:48:05Z,2026-08-17T18:48:05Z,
180.178.189.34,ipv4,malicious-ip,medium,WHITE,ziyadnz/hourly-ipv4,ziyadnz|hourly,2026-08-17T18:48:05Z,2026-08-17T18:48:05Z,
180.178.189.7,ipv4,malicious-ip,medium,WHITE,ziyadnz/hourly-ipv4,ziyadnz|hourly,2026-08-17T18:48:05Z,2026-08-17T18:48:05Z,
180.178.32.214,ipv4,malicious-ip,medium,WHITE,ziyadnz/hourly-ipv4,ziyadnz|hourly,2026-08-17T18:48:05Z,2026-08-17T18:48:05Z,
180.178.58.83,ipv4,malicious-ip,medium,WHITE,ziyadnz/hourly-ipv4,ziyadnz|hourly,2026-08-17T18:48:05Z,2026-08-17T18:48:05Z,
180.178.94.0,ipv4,malicious-ip,medium,WHITE,ziyadnz/hourly-ipv4,ziyadnz|hourly,2026-08-17T18:48:05Z,2026-08-17T18:48:05Z,
180.178.94.209,ipv4,malicious-ip,medium,WHITE,ziyadnz/hourly-ipv4,ziyadnz|hourly,2026-08-17T18:48:05Z,2026-08-17T18:48:05Z,
180.178.94.210,ipv4,malicious-ip,medium,WHITE,ziyadnz/hourly-ipv4,ziyadnz|hourly,2026-08-17T18:48:05Z,2026-08-17T18:48:05Z,
180.178.94.211,ipv4,malicious-ip,medium,WHITE,ziyadnz/hourly-ipv4,ziyadnz|hourly,2026-08-17T18:48:05Z,2026-08-17T18:48:05Z,
180.178.94.214,ipv4,malicious-ip,medium,WHITE,ziyadnz/hourly-ipv4,ziyadnz|hourly,2026-08-17T18:48:05Z,2026-08-17T18:48:05Z,
180.178.94.215,ipv4,malicious-ip,medium,WHITE,ziyadnz/hourly-ipv4,ziyadnz|hourly,2026-08-17T18:48:05Z,2026-08-17T18:48:05Z,
180.178.94.217,ipv4,malicious-ip,medium,WHITE,ziyadnz/hourly-ipv4,ziyadnz|hourly,2026-08-17T18:48:05Z,2026-08-17T18:48:05Z,
180.178.94.219,ipv4,malicious-ip,medium,WHITE,ziyadnz/hourly-ipv4,ziyadnz|hourly,2026-08-17T18:48:05Z,2026-08-17T18:48:05Z,
180.178.94.221,ipv4,malicious-ip,medium,WHITE,ziyadnz/hourly-ipv4,ziyadnz|hourly,2026-08-17T18:48:05Z,2026-08-17T18:48:05Z,
180.178.94.223,ipv4,malicious-ip,medium,WHITE,ziyadnz/hourly-ipv4,ziyadnz|hourly,2026-08-17T18:48:05Z,2026-08-17T18:48:05Z,
180.180.122.54,ipv4,malicious-ip,medium,WHITE,ziyadnz/hourly-ipv4,ziyadnz|hourly,2026-08-17T18:48:05Z,2026-08-17T18:48:05Z,
180.180.156.13,ipv4,malicious-ip,medium,WHITE,ziyadnz/hourly-ipv4,ziyadnz|hourly,2026-08-17T18:48:05Z,2026-08-17T18:48:05Z,
180.180.218.74,ipv4,malicious-ip,medium,WHITE,ziyadnz/hourly-ipv4,ziyadnz|hourly,2026-08-17T18:48:05Z,2026-08-17T18:48:05Z,
180.181.248.83,ipv4,malicious-ip,medium,WHITE,ziyadnz/hourly-ipv4,ziyadnz|hourly,2026-08-17T18:48:05Z,2026-08-17T18:48:05Z,
180.181.251.198,ipv4,malicious-ip,medium,WHITE,ziyadnz/hourly-ipv4,ziyadnz|hourly,2026-08-17T18:48:05Z,2026-08-17T18:48:05Z,
180.181.252.251,ipv4,malicious-ip,medium,WHITE,ziyadnz/hourly-ipv4,ziyadnz|hourly,2026-08-17T18:48:05Z,2026-08-17T18:48:05Z,
180.182.228.194,ipv4,malicious-ip,medium,WHITE,ziyadnz/hourly-ipv4,ziyadnz|hourly,2026-08-17T18:48:05Z,2026-08-17T18:48:05Z,
180.182.228.201,ipv4,malicious-ip,medium,WHITE,ziyadnz/hourly-ipv4,ziyadnz|hourly,2026-08-17T18:48:05Z,2026-08-17T18:48:05Z,
180.182.245.135,ipv4,malicious-ip,medium,WHITE,ziyadnz/hourly-ipv4,ziyadnz|hourly,2026-08-17T18:48:05Z,2026-08-17T18:48:05Z,
180.182.245.136,ipv4,malicious-ip,medium,WHITE,ziyadnz/hourly-ipv4,ziyadnz|hourly,2026-08-17T18:48:05Z,2026-08-17T18:48:05Z,
180.182.245.144,ipv4,malicious-ip,medium,WHITE,ziyadnz/hourly-ipv4,ziyadnz|hourly,2026-08-17T18:48:05Z,2026-08-17T18:48:05Z,
180.182.245.79,ipv4,malicious-ip,medium,WHITE,ziyadnz/hourly-ipv4,ziyadnz|hourly,2026-08-17T18:48:05Z,2026-08-17T18:48:05Z,
180.182.245.88,ipv4,malicious-ip,medium,WHITE,ziyadnz/hourly-ipv4,ziyadnz|hourly,2026-08-17T18:48:05Z,2026-08-17T18:48:05Z,
180.183.246.225,ipv4,malicious-ip,medium,WHITE,ziyadnz/hourly-ipv4,ziyadnz|hourly,2026-08-17T18:48:05Z,2026-08-17T18:48:05Z,
180.184.134.158,ipv4,malicious-ip,medium,WHITE,ziyadnz/hourly-ipv4,ziyadnz|hourly,2026-08-17T18:48:05Z,2026-08-17T18:48:05Z,
180.184.139.111,ipv4,malicious-ip,medium,WHITE,ziyadnz/hourly-ipv4,ziyadnz|hourly,2026-08-17T18:48:05Z,2026-08-17T18:48:05Z,
180.184.142.135,ipv4,malicious-ip,medium,WHITE,ziyadnz/hourly-ipv4,ziyadnz|hourly,2026-08-17T18:48:05Z,2026-08-17T18:48:05Z,
180.184.160.119,ipv4,malicious-ip,medium,WHITE,ziyadnz/hourly-ipv4,ziyadnz|hourly,2026-08-17T18:48:05Z,2026-08-17T18:48:05Z,
180.184.160.202,ipv4,malicious-ip,medium,WHITE,ziyadnz/hourly-ipv4,ziyadnz|hourly,2026-08-17T18:48:05Z,2026-08-17T18:48:05Z,
180.184.160.246,ipv4,malicious-ip,medium,WHITE,ziyadnz/hourly-ipv4,ziyadnz|hourly,2026-08-17T18:48:05Z,2026-08-17T18:48:05Z,
180.184.176.74,ipv4,malicious-ip,medium,WHITE,ziyadnz/hourly-ipv4,ziyadnz|hourly,2026-08-17T18:48:05Z,2026-08-17T18:48:05Z,
180.184.29.15,ipv4,malicious-ip,medium,WHITE,ziyadnz/hourly-ipv4,ziyadnz|hourly,2026-08-17T18:48:05Z,2026-08-17T18:48:05Z,
180.184.29.232,ipv4,malicious-ip,medium,WHITE,ziyadnz/hourly-ipv4,ziyadnz|hourly,2026-08-17T18:48:05Z,2026-08-17T18:48:05Z,
180.184.30.99,ipv4,malicious-ip,medium,WHITE,ziyadnz/hourly-ipv4,ziyadnz|hourly,2026-08-17T18:48:05Z,2026-08-17T18:48:05Z,
180.184.31.6,ipv4,malicious-ip,medium,WHITE,ziyadnz/hourly-ipv4,ziyadnz|hourly,2026-08-17T18:48:05Z,2026-08-17T18:48:05Z,
180.184.36.192,ipv4,malicious-ip,medium,WHITE,ziyadnz/hourly-ipv4,ziyadnz|hourly,2026-08-17T18:48:05Z,2026-08-17T18:48:05Z,
180.184.38.93,ipv4,malicious-ip,medium,WHITE,ziyadnz/hourly-ipv4,ziyadnz|hourly,2026-08-17T18:48:05Z,2026-08-17T18:48:05Z,
180.184.43.90,ipv4,malicious-ip,medium,WHITE,ziyadnz/hourly-ipv4,ziyadnz|hourly,2026-08-17T18:48:05Z,2026-08-17T18:48:05Z,
180.184.51.110,ipv4,malicious-ip,medium,WHITE,ziyadnz/hourly-ipv4,ziyadnz|hourly,2026-08-17T18:48:05Z,2026-08-17T18:48:05Z,
180.184.52.206,ipv4,malicious-ip,medium,WHITE,ziyadnz/hourly-ipv4,ziyadnz|hourly,2026-08-17T18:48:05Z,2026-08-17T18:48:05Z,
180.184.67.161,ipv4,malicious-ip,medium,WHITE,ziyadnz/hourly-ipv4,ziyadnz|hourly,2026-08-17T18:48:05Z,2026-08-17T18:48:05Z,
180.184.84.77,ipv4,malicious-ip,medium,WHITE,ziyadnz/hourly-ipv4,ziyadnz|hourly,2026-08-17T18:48:05Z,2026-08-17T18:48:05Z,
180.184.86.82,ipv4,malicious-ip,medium,WHITE,ziyadnz/hourly-ipv4,ziyadnz|hourly,2026-08-17T18:48:05Z,2026-08-17T18:48:05Z,
180.184.98.12,ipv4,malicious-ip,medium,WHITE,ziyadnz/hourly-ipv4,ziyadnz|hourly,2026-08-17T18:48:05Z,2026-08-17T18:48:05Z,
180.188.24.155,ipv4,malicious-ip,medium,WHITE,ziyadnz/hourly-ipv4,ziyadnz|hourly,2026-08-17T18:48:05Z,2026-08-17T18:48:05Z,
180.190.124.244,ipv4,malicious-ip,medium,WHITE,ziyadnz/hourly-ipv4,ziyadnz|hourly,2026-08-17T18:48:05Z,2026-08-17T18:48:05Z,
180.190.132.242,ipv4,malicious-ip,medium,WHITE,ziyadnz/hourly-ipv4,ziyadnz|hourly,2026-08-17T18:48:05Z,2026-08-17T18:48:05Z,
180.190.170.215,ipv4,malicious-ip,medium,WHITE,ziyadnz/hourly-ipv4,ziyadnz|hourly,2026-08-17T18:48:05Z,2026-08-17T18:48:05Z,
180.190.171.45,ipv4,malicious-ip,medium,WHITE,ziyadnz/hourly-ipv4,ziyadnz|hourly,2026-08-17T18:48:05Z,2026-08-17T18:48:05Z,
180.190.188.121,ipv4,malicious-ip,medium,WHITE,ziyadnz/hourly-ipv4,ziyadnz|hourly,2026-08-17T18:48:05Z,2026-08-17T18:48:05Z,
180.190.191.209,ipv4,malicious-ip,medium,WHITE,ziyadnz/hourly-ipv4,ziyadnz|hourly,2026-08-17T18:48:05Z,2026-08-17T18:48:05Z,
180.190.5.29,ipv4,malicious-ip,medium,WHITE,ziyadnz/hourly-ipv4,ziyadnz|hourly,2026-08-17T18:48:05Z,2026-08-17T18:48:05Z,
180.190.50.158,ipv4,malicious-ip,medium,WHITE,ziyadnz/hourly-ipv4,ziyadnz|hourly,2026-08-17T18:48:05Z,2026-08-17T18:48:05Z,
180.191.121.142,ipv4,malicious-ip,medium,WHITE,ziyadnz/hourly-ipv4,ziyadnz|hourly,2026-08-17T18:48:05Z,2026-08-17T18:48:05Z,
180.191.124.238,ipv4,malicious-ip,medium,WHITE,ziyadnz/hourly-ipv4,ziyadnz|hourly,2026-08-17T18:48:05Z,2026-08-17T18:48:05Z,
180.191.138.74,ipv4,malicious-ip,medium,WHITE,ziyadnz/hourly-ipv4,ziyadnz|hourly,2026-08-17T18:48:05Z,2026-08-17T18:48:05Z,
180.191.14.211,ipv4,malicious-ip,medium,WHITE,ziyadnz/hourly-ipv4,ziyadnz|hourly,2026-08-17T18:48:05Z,2026-08-17T18:48:05Z,
180.191.167.209,ipv4,malicious-ip,medium,WHITE,ziyadnz/hourly-ipv4,ziyadnz|hourly,2026-08-17T18:48:05Z,2026-08-17T18:48:05Z,
180.191.232.53,ipv4,malicious-ip,medium,WHITE,ziyadnz/hourly-ipv4,ziyadnz|hourly,2026-08-17T18:48:05Z,2026-08-17T18:48:05Z,
180.191.233.114,ipv4,malicious-ip,medium,WHITE,ziyadnz/hourly-ipv4,ziyadnz|hourly,2026-08-17T18:48:05Z,2026-08-17T18:48:05Z,
180.191.233.143,ipv4,malicious-ip,medium,WHITE,ziyadnz/hourly-ipv4,ziyadnz|hourly,2026-08-17T18:48:05Z,2026-08-17T18:48:05Z,
180.191.233.176,ipv4,malicious-ip,medium,WHITE,ziyadnz/hourly-ipv4,ziyadnz|hourly,2026-08-17T18:48:05Z,2026-08-17T18:48:05Z,
180.191.233.196,ipv4,malicious-ip,medium,WHITE,ziyadnz/hourly-ipv4,ziyadnz|hourly,2026-08-17T18:48:05Z,2026-08-17T18:48:05Z,
180.191.234.196,ipv4,malicious-ip,medium,WHITE,ziyadnz/hourly-ipv4,ziyadnz|hourly,2026-08-17T18:48:05Z,2026-08-17T18:48:05Z,
180.191.239.127,ipv4,malicious-ip,medium,WHITE,ziyadnz/hourly-ipv4,ziyadnz|hourly,2026-08-17T18:48:05Z,2026-08-17T18:48:05Z,
180.191.36.227,ipv4,malicious-ip,medium,WHITE,ziyadnz/hourly-ipv4,ziyadnz|hourly,2026-08-17T18:48:05Z,2026-08-17T18:48:05Z,
180.191.42.42,ipv4,malicious-ip,medium,WHITE,ziyadnz/hourly-ipv4,ziyadnz|hourly,2026-08-17T18:48:05Z,2026-08-17T18:48:05Z,
180.191.98.236,ipv4,malicious-ip,medium,WHITE,ziyadnz/hourly-ipv4,ziyadnz|hourly,2026-08-17T18:48:05Z,2026-08-17T18:48:05Z,
180.193.219.133,ipv4,malicious-ip,medium,WHITE,ziyadnz/hourly-ipv4,ziyadnz|hourly,2026-08-17T18:48:05Z,2026-08-17T18:48:05Z,
180.194.103.26,ipv4,malicious-ip,medium,WHITE,ziyadnz/hourly-ipv4,ziyadnz|hourly,2026-08-17T18:48:05Z,2026-08-17T18:48:05Z,
180.194.130.195,ipv4,malicious-ip,medium,WHITE,ziyadnz/hourly-ipv4,ziyadnz|hourly,2026-08-17T18:48:05Z,2026-08-17T18:48:05Z,
180.194.16.147,ipv4,malicious-ip,medium,WHITE,ziyadnz/hourly-ipv4,ziyadnz|hourly,2026-08-17T18:48:05Z,2026-08-17T18:48:05Z,
180.194.17.188,ipv4,malicious-ip,medium,WHITE,ziyadnz/hourly-ipv4,ziyadnz|hourly,2026-08-17T18:48:05Z,2026-08-17T18:48:05Z,
180.194.195.184,ipv4,malicious-ip,medium,WHITE,ziyadnz/hourly-ipv4,ziyadnz|hourly,2026-08-17T18:48:05Z,2026-08-17T18:48:05Z,
180.195.76.148,ipv4,malicious-ip,medium,WHITE,ziyadnz/hourly-ipv4,ziyadnz|hourly,2026-08-17T18:48:05Z,2026-08-17T18:48:05Z,
180.210.128.83,ipv4,malicious-ip,medium,WHITE,ziyadnz/hourly-ipv4,ziyadnz|hourly,2026-08-17T18:48:05Z,2026-08-17T18:48:05Z,
180.210.165.154,ipv4,malicious-ip,medium,WHITE,ziyadnz/hourly-ipv4,ziyadnz|hourly,2026-08-17T18:48:05Z,2026-08-17T18:48:05Z,
180.210.206.32,ipv4,malicious-ip,medium,WHITE,ziyadnz/hourly-ipv4,ziyadnz|hourly,2026-08-17T18:48:05Z,2026-08-17T18:48:05Z,
180.210.220.139,ipv4,malicious-ip,medium,WHITE,ziyadnz/hourly-ipv4,ziyadnz|hourly,2026-08-17T18:48:05Z,2026-08-17T18:48:05Z,
180.210.220.148,ipv4,malicious-ip,medium,WHITE,ziyadnz/hourly-ipv4,ziyadnz|hourly,2026-08-17T18:48:05Z,2026-08-17T18:48:05Z,
180.210.220.54,ipv4,malicious-ip,medium,WHITE,ziyadnz/hourly-ipv4,ziyadnz|hourly,2026-08-17T18:48:05Z,2026-08-17T18:48:05Z,
180.211.112.194,ipv4,malicious-ip,medium,WHITE,ziyadnz/hourly-ipv4,ziyadnz|hourly,2026-08-17T18:48:05Z,2026-08-17T18:48:05Z,
180.211.113.2,ipv4,malicious-ip,medium,WHITE,ziyadnz/hourly-ipv4,ziyadnz|hourly,2026-08-17T18:48:05Z,2026-08-17T18:48:05Z,
180.211.113.210,ipv4,malicious-ip,medium,WHITE,ziyadnz/hourly-ipv4,ziyadnz|hourly,2026-08-17T18:48:05Z,2026-08-17T18:48:05Z,
180.211.134.30,ipv4,malicious-ip,medium,WHITE,ziyadnz/hourly-ipv4,ziyadnz|hourly,2026-08-17T18:48:05Z,2026-08-17T18:48:05Z,
180.211.183.238,ipv4,malicious-ip,medium,WHITE,ziyadnz/hourly-ipv4,ziyadnz|hourly,2026-08-17T18:48:05Z,2026-08-17T18:48:05Z,
180.212.160.66,ipv4,malicious-ip,medium,WHITE,ziyadnz/hourly-ipv4,ziyadnz|hourly,2026-08-17T18:48:05Z,2026-08-17T18:48:05Z,
180.213.10.130,ipv4,malicious-ip,medium,WHITE,ziyadnz/hourly-ipv4,ziyadnz|hourly,2026-08-17T18:48:05Z,2026-08-17T18:48:05Z,
180.215.194.24,ipv4,malicious-ip,medium,WHITE,ziyadnz/hourly-ipv4,ziyadnz|hourly,2026-08-17T18:48:05Z,2026-08-17T18:48:05Z,
180.218.110.248,ipv4,malicious-ip,medium,WHITE,ziyadnz/hourly-ipv4,ziyadnz|hourly,2026-08-17T18:48:05Z,2026-08-17T18:48:05Z,
180.218.231.36,ipv4,malicious-ip,medium,WHITE,ziyadnz/hourly-ipv4,ziyadnz|hourly,2026-08-17T18:48:05Z,2026-08-17T18:48:05Z,
180.218.252.224,ipv4,malicious-ip,medium,WHITE,ziyadnz/hourly-ipv4,ziyadnz|hourly,2026-08-17T18:48:05Z,2026-08-17T18:48:05Z,
180.22.32.126,ipv4,malicious-ip,medium,WHITE,ziyadnz/hourly-ipv4,ziyadnz|hourly,2026-08-17T18:48:05Z,2026-08-17T18:48:05Z,
180.232.162.18,ipv4,malicious-ip,medium,WHITE,ziyadnz/hourly-ipv4,ziyadnz|hourly,2026-08-17T18:48:05Z,2026-08-17T18:48:05Z,
180.232.163.170,ipv4,malicious-ip,medium,WHITE,ziyadnz/hourly-ipv4,ziyadnz|hourly,2026-08-17T18:48:05Z,2026-08-17T18:48:05Z,
180.232.181.87,ipv4,malicious-ip,medium,WHITE,ziyadnz/hourly-ipv4,ziyadnz|hourly,2026-08-17T18:48:05Z,2026-08-17T18:48:05Z,
180.232.31.158,ipv4,malicious-ip,medium,WHITE,ziyadnz/hourly-ipv4,ziyadnz|hourly,2026-08-17T18:48:05Z,2026-08-17T18:48:05Z,
180.235.120.26,ipv4,malicious-ip,medium,WHITE,ziyadnz/hourly-ipv4,ziyadnz|hourly,2026-08-17T18:48:05Z,2026-08-17T18:48:05Z,
180.240.181.38,ipv4,malicious-ip,medium,WHITE,ziyadnz/hourly-ipv4,ziyadnz|hourly,2026-08-17T18:48:05Z,2026-08-17T18:48:05Z,
180.242.100.94,ipv4,malicious-ip,medium,WHITE,ziyadnz/hourly-ipv4,ziyadnz|hourly,2026-08-17T18:48:05Z,2026-08-17T18:48:05Z,
180.242.111.71,ipv4,malicious-ip,medium,WHITE,ziyadnz/hourly-ipv4,ziyadnz|hourly,2026-08-17T18:48:05Z,2026-08-17T18:48:05Z,
180.242.128.224,ipv4,malicious-ip,medium,WHITE,ziyadnz/hourly-ipv4,ziyadnz|hourly,2026-08-17T18:48:05Z,2026-08-17T18:48:05Z,
180.242.129.180,ipv4,malicious-ip,medium,WHITE,ziyadnz/hourly-ipv4,ziyadnz|hourly,2026-08-17T18:48:05Z,2026-08-17T18:48:05Z,
180.242.203.249,ipv4,malicious-ip,medium,WHITE,ziyadnz/hourly-ipv4,ziyadnz|hourly,2026-08-17T18:48:05Z,2026-08-17T18:48:05Z,
180.242.59.48,ipv4,malicious-ip,medium,WHITE,ziyadnz/hourly-ipv4,ziyadnz|hourly,2026-08-17T18:48:05Z,2026-08-17T18:48:05Z,
180.243.12.57,ipv4,malicious-ip,medium,WHITE,ziyadnz/hourly-ipv4,ziyadnz|hourly,2026-08-17T18:48:05Z,2026-08-17T18:48:05Z,
180.243.190.211,ipv4,malicious-ip,medium,WHITE,ziyadnz/hourly-ipv4,ziyadnz|hourly,2026-08-17T18:48:05Z,2026-08-17T18:48:05Z,
180.243.191.141,ipv4,malicious-ip,medium,WHITE,ziyadnz/hourly-ipv4,ziyadnz|hourly,2026-08-17T18:48:05Z,2026-08-17T18:48:05Z,
180.243.253.57,ipv4,malicious-ip,medium,WHITE,ziyadnz/hourly-ipv4,ziyadnz|hourly,2026-08-17T18:48:05Z,2026-08-17T18:48:05Z,
180.243.254.143,ipv4,malicious-ip,medium,WHITE,ziyadnz/hourly-ipv4,ziyadnz|hourly,2026-08-17T18:48:05Z,2026-08-17T18:48:05Z,
180.243.254.4,ipv4,malicious-ip,medium,WHITE,ziyadnz/hourly-ipv4,ziyadnz|hourly,2026-08-17T18:48:05Z,2026-08-17T18:48:05Z,
180.243.59.178,ipv4,malicious-ip,medium,WHITE,ziyadnz/hourly-ipv4,ziyadnz|hourly,2026-08-17T18:48:05Z,2026-08-17T18:48:05Z,
180.243.7.63,ipv4,malicious-ip,medium,WHITE,ziyadnz/hourly-ipv4,ziyadnz|hourly,2026-08-17T18:48:05Z,2026-08-17T18:48:05Z,
180.243.8.252,ipv4,malicious-ip,medium,WHITE,ziyadnz/hourly-ipv4,ziyadnz|hourly,2026-08-17T18:48:05Z,2026-08-17T18:48:05Z,
180.244.187.79,ipv4,malicious-ip,medium,WHITE,ziyadnz/hourly-ipv4,ziyadnz|hourly,2026-08-17T18:48:05Z,2026-08-17T18:48:05Z,
180.245.172.248,ipv4,malicious-ip,medium,WHITE,ziyadnz/hourly-ipv4,ziyadnz|hourly,2026-08-17T18:48:05Z,2026-08-17T18:48:05Z,
180.245.47.144,ipv4,malicious-ip,medium,WHITE,ziyadnz/hourly-ipv4,ziyadnz|hourly,2026-08-17T18:48:05Z,2026-08-17T18:48:05Z,
180.245.98.207,ipv4,malicious-ip,medium,WHITE,ziyadnz/hourly-ipv4,ziyadnz|hourly,2026-08-17T18:48:05Z,2026-08-17T18:48:05Z,
180.246.171.139,ipv4,malicious-ip,medium,WHITE,ziyadnz/hourly-ipv4,ziyadnz|hourly,2026-08-17T18:48:05Z,2026-08-17T18:48:05Z,
180.247.58.240,ipv4,malicious-ip,medium,WHITE,ziyadnz/hourly-ipv4,ziyadnz|hourly,2026-08-17T18:48:05Z,2026-08-17T18:48:05Z,
180.247.60.40,ipv4,malicious-ip,medium,WHITE,ziyadnz/hourly-ipv4,ziyadnz|hourly,2026-08-17T18:48:05Z,2026-08-17T18:48:05Z,
180.247.63.92,ipv4,malicious-ip,medium,WHITE,ziyadnz/hourly-ipv4,ziyadnz|hourly,2026-08-17T18:48:05Z,2026-08-17T18:48:05Z,
180.248.40.14,ipv4,malicious-ip,medium,WHITE,ziyadnz/hourly-ipv4,ziyadnz|hourly,2026-08-17T18:48:05Z,2026-08-17T18:48:05Z,
180.248.60.47,ipv4,malicious-ip,medium,WHITE,ziyadnz/hourly-ipv4,ziyadnz|hourly,2026-08-17T18:48:05Z,2026-08-17T18:48:05Z,
180.249.186.104,ipv4,malicious-ip,medium,WHITE,ziyadnz/hourly-ipv4,ziyadnz|hourly,2026-08-17T18:48:05Z,2026-08-17T18:48:05Z,
180.249.210.108,ipv4,malicious-ip,medium,WHITE,ziyadnz/hourly-ipv4,ziyadnz|hourly,2026-08-17T18:48:05Z,2026-08-17T18:48:05Z,
180.249.210.218,ipv4,malicious-ip,medium,WHITE,ziyadnz/hourly-ipv4,ziyadnz|hourly,2026-08-17T18:48:05Z,2026-08-17T18:48:05Z,
180.249.211.139,ipv4,malicious-ip,medium,WHITE,ziyadnz/hourly-ipv4,ziyadnz|hourly,2026-08-17T18:48:05Z,2026-08-17T18:48:05Z,
180.249.36.46,ipv4,malicious-ip,medium,WHITE,ziyadnz/hourly-ipv4,ziyadnz|hourly,2026-08-17T18:48:05Z,2026-08-17T18:48:05Z,
180.249.99.67,ipv4,malicious-ip,medium,WHITE,ziyadnz/hourly-ipv4,ziyadnz|hourly,2026-08-17T18:48:05Z,2026-08-17T18:48:05Z,
180.250.168.247,ipv4,malicious-ip,medium,WHITE,ziyadnz/hourly-ipv4,ziyadnz|hourly,2026-08-17T18:48:05Z,2026-08-17T18:48:05Z,
180.250.196.141,ipv4,malicious-ip,medium,WHITE,ziyadnz/hourly-ipv4,ziyadnz|hourly,2026-08-17T18:48:05Z,2026-08-17T18:48:05Z,
180.250.33.132,ipv4,malicious-ip,medium,WHITE,ziyadnz/hourly-ipv4,ziyadnz|hourly,2026-08-17T18:48:05Z,2026-08-17T18:48:05Z,
180.251.150.50,ipv4,malicious-ip,medium,WHITE,ziyadnz/hourly-ipv4,ziyadnz|hourly,2026-08-17T18:48:05Z,2026-08-17T18:48:05Z,
180.251.159.64,ipv4,malicious-ip,medium,WHITE,ziyadnz/hourly-ipv4,ziyadnz|hourly,2026-08-17T18:48:05Z,2026-08-17T18:48:05Z,
180.251.182.54,ipv4,malicious-ip,medium,WHITE,ziyadnz/hourly-ipv4,ziyadnz|hourly,2026-08-17T18:48:05Z,2026-08-17T18:48:05Z,
180.252.145.84,ipv4,malicious-ip,medium,WHITE,ziyadnz/hourly-ipv4,ziyadnz|hourly,2026-08-17T18:48:05Z,2026-08-17T18:48:05Z,
180.252.147.44,ipv4,malicious-ip,medium,WHITE,ziyadnz/hourly-ipv4,ziyadnz|hourly,2026-08-17T18:48:05Z,2026-08-17T18:48:05Z,
180.252.150.60,ipv4,malicious-ip,medium,WHITE,ziyadnz/hourly-ipv4,ziyadnz|hourly,2026-08-17T18:48:05Z,2026-08-17T18:48:05Z,
180.252.151.254,ipv4,malicious-ip,medium,WHITE,ziyadnz/hourly-ipv4,ziyadnz|hourly,2026-08-17T18:48:05Z,2026-08-17T18:48:05Z,
180.252.153.195,ipv4,malicious-ip,medium,WHITE,ziyadnz/hourly-ipv4,ziyadnz|hourly,2026-08-17T18:48:05Z,2026-08-17T18:48:05Z,
180.252.159.12,ipv4,malicious-ip,medium,WHITE,ziyadnz/hourly-ipv4,ziyadnz|hourly,2026-08-17T18:48:05Z,2026-08-17T18:48:05Z,
180.252.162.210,ipv4,malicious-ip,medium,WHITE,ziyadnz/hourly-ipv4,ziyadnz|hourly,2026-08-17T18:48:05Z,2026-08-17T18:48:05Z,
180.252.172.46,ipv4,malicious-ip,medium,WHITE,ziyadnz/hourly-ipv4,ziyadnz|hourly,2026-08-17T18:48:05Z,2026-08-17T18:48:05Z,
180.252.200.223,ipv4,malicious-ip,medium,WHITE,ziyadnz/hourly-ipv4,ziyadnz|hourly,2026-08-17T18:48:05Z,2026-08-17T18:48:05Z,
180.252.50.248,ipv4,malicious-ip,medium,WHITE,ziyadnz/hourly-ipv4,ziyadnz|hourly,2026-08-17T18:48:05Z,2026-08-17T18:48:05Z,
180.252.73.78,ipv4,malicious-ip,medium,WHITE,ziyadnz/hourly-ipv4,ziyadnz|hourly,2026-08-17T18:48:05Z,2026-08-17T18:48:05Z,
180.252.87.128,ipv4,malicious-ip,medium,WHITE,ziyadnz/hourly-ipv4,ziyadnz|hourly,2026-08-17T18:48:05Z,2026-08-17T18:48:05Z,
180.252.88.139,ipv4,malicious-ip,medium,WHITE,ziyadnz/hourly-ipv4,ziyadnz|hourly,2026-08-17T18:48:05Z,2026-08-17T18:48:05Z,
180.253.161.150,ipv4,malicious-ip,medium,WHITE,ziyadnz/hourly-ipv4,ziyadnz|hourly,2026-08-17T18:48:05Z,2026-08-17T18:48:05Z,
180.253.255.211,ipv4,malicious-ip,medium,WHITE,ziyadnz/hourly-ipv4,ziyadnz|hourly,2026-08-17T18:48:05Z,2026-08-17T18:48:05Z,
180.253.55.192,ipv4,malicious-ip,medium,WHITE,ziyadnz/hourly-ipv4,ziyadnz|hourly,2026-08-17T18:48:05Z,2026-08-17T18:48:05Z,
180.254.224.252,ipv4,malicious-ip,medium,WHITE,ziyadnz/hourly-ipv4,ziyadnz|hourly,2026-08-17T18:48:05Z,2026-08-17T18:48:05Z,
180.28.112.157,ipv4,malicious-ip,medium,WHITE,ziyadnz/hourly-ipv4,ziyadnz|hourly,2026-08-17T18:48:05Z,2026-08-17T18:48:05Z,
180.39.72.15,ipv4,malicious-ip,medium,WHITE,ziyadnz/hourly-ipv4,ziyadnz|hourly,2026-08-17T18:48:05Z,2026-08-17T18:48:05Z,
180.47.94.129,ipv4,malicious-ip,medium,WHITE,ziyadnz/hourly-ipv4,ziyadnz|hourly,2026-08-17T18:48:05Z,2026-08-17T18:48:05Z,
180.57.180.48,ipv4,malicious-ip,medium,WHITE,ziyadnz/hourly-ipv4,ziyadnz|hourly,2026-08-17T18:48:05Z,2026-08-17T18:48:05Z,
180.7.128.48,ipv4,malicious-ip,medium,WHITE,ziyadnz/hourly-ipv4,ziyadnz|hourly,2026-08-17T18:48:05Z,2026-08-17T18:48:05Z,
180.70.38.202,ipv4,malicious-ip,medium,WHITE,ziyadnz/hourly-ipv4,ziyadnz|hourly,2026-08-17T18:48:05Z,2026-08-17T18:48:05Z,
180.71.100.131,ipv4,malicious-ip,medium,WHITE,ziyadnz/hourly-ipv4,ziyadnz|hourly,2026-08-17T18:48:05Z,2026-08-17T18:48:05Z,
180.71.9.31,ipv4,malicious-ip,medium,WHITE,ziyadnz/hourly-ipv4,ziyadnz|hourly,2026-08-17T18:48:05Z,2026-08-17T18:48:05Z,
180.72.224.215,ipv4,malicious-ip,medium,WHITE,ziyadnz/hourly-ipv4,ziyadnz|hourly,2026-08-17T18:48:05Z,2026-08-17T18:48:05Z,
180.73.199.229,ipv4,malicious-ip,medium,WHITE,ziyadnz/hourly-ipv4,ziyadnz|hourly,2026-08-17T18:48:05Z,2026-08-17T18:48:05Z,
180.73.204.210,ipv4,malicious-ip,medium,WHITE,ziyadnz/hourly-ipv4,ziyadnz|hourly,2026-08-17T18:48:05Z,2026-08-17T18:48:05Z,
180.73.232.13,ipv4,malicious-ip,medium,WHITE,ziyadnz/hourly-ipv4,ziyadnz|hourly,2026-08-17T18:48:05Z,2026-08-17T18:48:05Z,
180.74.186.176,ipv4,malicious-ip,medium,WHITE,ziyadnz/hourly-ipv4,ziyadnz|hourly,2026-08-17T18:48:05Z,2026-08-17T18:48:05Z,
180.74.31.149,ipv4,malicious-ip,medium,WHITE,ziyadnz/hourly-ipv4,ziyadnz|hourly,2026-08-17T18:48:05Z,2026-08-17T18:48:05Z,
180.74.32.81,ipv4,malicious-ip,medium,WHITE,ziyadnz/hourly-ipv4,ziyadnz|hourly,2026-08-17T18:48:05Z,2026-08-17T18:48:05Z,
180.74.83.219,ipv4,malicious-ip,medium,WHITE,ziyadnz/hourly-ipv4,ziyadnz|hourly,2026-08-17T18:48:05Z,2026-08-17T18:48:05Z,
180.74.84.64,ipv4,malicious-ip,medium,WHITE,ziyadnz/hourly-ipv4,ziyadnz|hourly,2026-08-17T18:48:05Z,2026-08-17T18:48:05Z,
180.74.90.215,ipv4,malicious-ip,medium,WHITE,ziyadnz/hourly-ipv4,ziyadnz|hourly,2026-08-17T18:48:05Z,2026-08-17T18:48:05Z,
180.74.96.110,ipv4,malicious-ip,medium,WHITE,ziyadnz/hourly-ipv4,ziyadnz|hourly,2026-08-17T18:48:05Z,2026-08-17T18:48:05Z,
180.75.123.179,ipv4,malicious-ip,medium,WHITE,ziyadnz/hourly-ipv4,ziyadnz|hourly,2026-08-17T18:48:05Z,2026-08-17T18:48:05Z,
180.75.123.50,ipv4,malicious-ip,medium,WHITE,ziyadnz/hourly-ipv4,ziyadnz|hourly,2026-08-17T18:48:05Z,2026-08-17T18:48:05Z,
180.75.235.199,ipv4,malicious-ip,medium,WHITE,ziyadnz/hourly-ipv4,ziyadnz|hourly,2026-08-17T18:48:05Z,2026-08-17T18:48:05Z,
180.75.238.19,ipv4,malicious-ip,medium,WHITE,ziyadnz/hourly-ipv4,ziyadnz|hourly,2026-08-17T18:48:05Z,2026-08-17T18:48:05Z,
180.75.45.104,ipv4,malicious-ip,medium,WHITE,ziyadnz/hourly-ipv4,ziyadnz|hourly,2026-08-17T18:48:05Z,2026-08-17T18:48:05Z,
180.76.103.111,ipv4,malicious-ip,medium,WHITE,ziyadnz/hourly-ipv4,ziyadnz|hourly,2026-08-17T18:48:05Z,2026-08-17T18:48:05Z,
180.76.104.44,ipv4,malicious-ip,medium,WHITE,ziyadnz/hourly-ipv4,ziyadnz|hourly,2026-08-17T18:48:05Z,2026-08-17T18:48:05Z,
180.76.105.16,ipv4,malicious-ip,medium,WHITE,ziyadnz/hourly-ipv4,ziyadnz|hourly,2026-08-17T18:48:05Z,2026-08-17T18:48:05Z,
180.76.105.69,ipv4,malicious-ip,medium,WHITE,ziyadnz/hourly-ipv4,ziyadnz|hourly,2026-08-17T18:48:05Z,2026-08-17T18:48:05Z,
180.76.108.172,ipv4,malicious-ip,medium,WHITE,ziyadnz/hourly-ipv4,ziyadnz|hourly,2026-08-17T18:48:05Z,2026-08-17T18:48:05Z,
180.76.112.121,ipv4,malicious-ip,medium,WHITE,ziyadnz/hourly-ipv4,ziyadnz|hourly,2026-08-17T18:48:05Z,2026-08-17T18:48:05Z,
180.76.115.202,ipv4,malicious-ip,medium,WHITE,ziyadnz/hourly-ipv4,ziyadnz|hourly,2026-08-17T18:48:05Z,2026-08-17T18:48:05Z,
180.76.120.89,ipv4,malicious-ip,medium,WHITE,ziyadnz/hourly-ipv4,ziyadnz|hourly,2026-08-17T18:48:05Z,2026-08-17T18:48:05Z,
180.76.134.6,ipv4,malicious-ip,medium,WHITE,ziyadnz/hourly-ipv4,ziyadnz|hourly,2026-08-17T18:48:05Z,2026-08-17T18:48:05Z,
180.76.137.24,ipv4,malicious-ip,medium,WHITE,ziyadnz/hourly-ipv4,ziyadnz|hourly,2026-08-17T18:48:05Z,2026-08-17T18:48:05Z,
180.76.137.29,ipv4,malicious-ip,medium,WHITE,ziyadnz/hourly-ipv4,ziyadnz|hourly,2026-08-17T18:48:05Z,2026-08-17T18:48:05Z,
180.76.137.37,ipv4,malicious-ip,medium,WHITE,ziyadnz/hourly-ipv4,ziyadnz|hourly,2026-08-17T18:48:05Z,2026-08-17T18:48:05Z,
180.76.141.1,ipv4,malicious-ip,medium,WHITE,ziyadnz/hourly-ipv4,ziyadnz|hourly,2026-08-17T18:48:05Z,2026-08-17T18:48:05Z,
180.76.141.121,ipv4,malicious-ip,medium,WHITE,ziyadnz/hourly-ipv4,ziyadnz|hourly,2026-08-17T18:48:05Z,2026-08-17T18:48:05Z,
180.76.143.203,ipv4,malicious-ip,medium,WHITE,ziyadnz/hourly-ipv4,ziyadnz|hourly,2026-08-17T18:48:05Z,2026-08-17T18:48:05Z,
180.76.143.27,ipv4,malicious-ip,medium,WHITE,ziyadnz/hourly-ipv4,ziyadnz|hourly,2026-08-17T18:48:05Z,2026-08-17T18:48:05Z,
180.76.146.159,ipv4,malicious-ip,medium,WHITE,ziyadnz/hourly-ipv4,ziyadnz|hourly,2026-08-17T18:48:05Z,2026-08-17T18:48:05Z,
180.76.146.178,ipv4,malicious-ip,medium,WHITE,ziyadnz/hourly-ipv4,ziyadnz|hourly,2026-08-17T18:48:05Z,2026-08-17T18:48:05Z,
180.76.147.226,ipv4,malicious-ip,medium,WHITE,ziyadnz/hourly-ipv4,ziyadnz|hourly,2026-08-17T18:48:05Z,2026-08-17T18:48:05Z,
180.76.148.232,ipv4,malicious-ip,medium,WHITE,ziyadnz/hourly-ipv4,ziyadnz|hourly,2026-08-17T18:48:05Z,2026-08-17T18:48:05Z,
180.76.167.235,ipv4,malicious-ip,medium,WHITE,ziyadnz/hourly-ipv4,ziyadnz|hourly,2026-08-17T18:48:05Z,2026-08-17T18:48:05Z,
180.76.168.116,ipv4,malicious-ip,medium,WHITE,ziyadnz/hourly-ipv4,ziyadnz|hourly,2026-08-17T18:48:05Z,2026-08-17T18:48:05Z,
180.76.168.83,ipv4,malicious-ip,medium,WHITE,ziyadnz/hourly-ipv4,ziyadnz|hourly,2026-08-17T18:48:05Z,2026-08-17T18:48:05Z,
180.76.170.111,ipv4,malicious-ip,medium,WHITE,ziyadnz/hourly-ipv4,ziyadnz|hourly,2026-08-17T18:48:05Z,2026-08-17T18:48:05Z,
180.76.172.156,ipv4,malicious-ip,medium,WHITE,ziyadnz/hourly-ipv4,ziyadnz|hourly,2026-08-17T18:48:05Z,2026-08-17T18:48:05Z,
180.76.176.49,ipv4,malicious-ip,medium,WHITE,ziyadnz/hourly-ipv4,ziyadnz|hourly,2026-08-17T18:48:05Z,2026-08-17T18:48:05Z,
180.76.179.77,ipv4,malicious-ip,medium,WHITE,ziyadnz/hourly-ipv4,ziyadnz|hourly,2026-08-17T18:48:05Z,2026-08-17T18:48:05Z,
180.76.183.185,ipv4,malicious-ip,medium,WHITE,ziyadnz/hourly-ipv4,ziyadnz|hourly,2026-08-17T18:48:05Z,2026-08-17T18:48:05Z,
180.76.185.216,ipv4,malicious-ip,medium,WHITE,ziyadnz/hourly-ipv4,ziyadnz|hourly,2026-08-17T18:48:05Z,2026-08-17T18:48:05Z,
180.76.185.72,ipv4,malicious-ip,medium,WHITE,ziyadnz/hourly-ipv4,ziyadnz|hourly,2026-08-17T18:48:05Z,2026-08-17T18:48:05Z,
180.76.194.91,ipv4,malicious-ip,medium,WHITE,ziyadnz/hourly-ipv4,ziyadnz|hourly,2026-08-17T18:48:05Z,2026-08-17T18:48:05Z,
180.76.195.169,ipv4,malicious-ip,medium,WHITE,ziyadnz/hourly-ipv4,ziyadnz|hourly,2026-08-17T18:48:05Z,2026-08-17T18:48:05Z,
180.76.225.175,ipv4,malicious-ip,medium,WHITE,ziyadnz/hourly-ipv4,ziyadnz|hourly,2026-08-17T18:48:05Z,2026-08-17T18:48:05Z,
180.76.226.129,ipv4,malicious-ip,medium,WHITE,ziyadnz/hourly-ipv4,ziyadnz|hourly,2026-08-17T18:48:05Z,2026-08-17T18:48:05Z,
180.76.232.26,ipv4,malicious-ip,medium,WHITE,ziyadnz/hourly-ipv4,ziyadnz|hourly,2026-08-17T18:48:05Z,2026-08-17T18:48:05Z,
180.76.234.93,ipv4,malicious-ip,medium,WHITE,ziyadnz/hourly-ipv4,ziyadnz|hourly,2026-08-17T18:48:05Z,2026-08-17T18:48:05Z,
180.76.236.214,ipv4,malicious-ip,medium,WHITE,ziyadnz/hourly-ipv4,ziyadnz|hourly,2026-08-17T18:48:05Z,2026-08-17T18:48:05Z,
180.76.236.71,ipv4,malicious-ip,medium,WHITE,ziyadnz/hourly-ipv4,ziyadnz|hourly,2026-08-17T18:48:05Z,2026-08-17T18:48:05Z,
180.76.237.47,ipv4,malicious-ip,medium,WHITE,ziyadnz/hourly-ipv4,ziyadnz|hourly,2026-08-17T18:48:05Z,2026-08-17T18:48:05Z,
180.76.243.197,ipv4,malicious-ip,medium,WHITE,ziyadnz/hourly-ipv4,ziyadnz|hourly,2026-08-17T18:48:05Z,2026-08-17T18:48:05Z,
180.76.244.13,ipv4,malicious-ip,medium,WHITE,ziyadnz/hourly-ipv4,ziyadnz|hourly,2026-08-17T18:48:05Z,2026-08-17T18:48:05Z,
180.76.245.60,ipv4,malicious-ip,medium,WHITE,ziyadnz/hourly-ipv4,ziyadnz|hourly,2026-08-17T18:48:05Z,2026-08-17T18:48:05Z,
180.76.248.242,ipv4,malicious-ip,medium,WHITE,ziyadnz/hourly-ipv4,ziyadnz|hourly,2026-08-17T18:48:05Z,2026-08-17T18:48:05Z,
180.76.52.146,ipv4,malicious-ip,medium,WHITE,ziyadnz/hourly-ipv4,ziyadnz|hourly,2026-08-17T18:48:05Z,2026-08-17T18:48:05Z,
180.76.53.39,ipv4,malicious-ip,medium,WHITE,ziyadnz/hourly-ipv4,ziyadnz|hourly,2026-08-17T18:48:05Z,2026-08-17T18:48:05Z,
180.76.54.197,ipv4,malicious-ip,medium,WHITE,ziyadnz/hourly-ipv4,ziyadnz|hourly,2026-08-17T18:48:05Z,2026-08-17T18:48:05Z,
180.76.55.21,ipv4,malicious-ip,medium,WHITE,ziyadnz/hourly-ipv4,ziyadnz|hourly,2026-08-17T18:48:05Z,2026-08-17T18:48:05Z,
180.76.55.7,ipv4,malicious-ip,medium,WHITE,ziyadnz/hourly-ipv4,ziyadnz|hourly,2026-08-17T18:48:05Z,2026-08-17T18:48:05Z,
180.76.57.208,ipv4,malicious-ip,medium,WHITE,ziyadnz/hourly-ipv4,ziyadnz|hourly,2026-08-17T18:48:05Z,2026-08-17T18:48:05Z,
180.76.61.133,ipv4,malicious-ip,medium,WHITE,ziyadnz/hourly-ipv4,ziyadnz|hourly,2026-08-17T18:48:05Z,2026-08-17T18:48:05Z,
180.76.61.232,ipv4,malicious-ip,medium,WHITE,ziyadnz/hourly-ipv4,ziyadnz|hourly,2026-08-17T18:48:05Z,2026-08-17T18:48:05Z,
180.76.96.235,ipv4,malicious-ip,medium,WHITE,ziyadnz/hourly-ipv4,ziyadnz|hourly,2026-08-17T18:48:05Z,2026-08-17T18:48:05Z,
180.76.98.164,ipv4,malicious-ip,medium,WHITE,ziyadnz/hourly-ipv4,ziyadnz|hourly,2026-08-17T18:48:05Z,2026-08-17T18:48:05Z,
180.76.98.88,ipv4,malicious-ip,medium,WHITE,ziyadnz/hourly-ipv4,ziyadnz|hourly,2026-08-17T18:48:05Z,2026-08-17T18:48:05Z,
180.83.155.240,ipv4,malicious-ip,medium,WHITE,ziyadnz/hourly-ipv4,ziyadnz|hourly,2026-08-17T18:48:05Z,2026-08-17T18:48:05Z,
180.92.231.10,ipv4,malicious-ip,medium,WHITE,ziyadnz/hourly-ipv4,ziyadnz|hourly,2026-08-17T18:48:05Z,2026-08-17T18:48:05Z,
180.93.0.112,ipv4,malicious-ip,medium,WHITE,ziyadnz/hourly-ipv4,ziyadnz|hourly,2026-08-17T18:48:05Z,2026-08-17T18:48:05Z,
180.93.113.76,ipv4,malicious-ip,medium,WHITE,ziyadnz/hourly-ipv4,ziyadnz|hourly,2026-08-17T18:48:05Z,2026-08-17T18:48:05Z,
180.93.113.86,ipv4,malicious-ip,medium,WHITE,ziyadnz/hourly-ipv4,ziyadnz|hourly,2026-08-17T18:48:05Z,2026-08-17T18:48:05Z,
180.93.227.34,ipv4,malicious-ip,medium,WHITE,ziyadnz/hourly-ipv4,ziyadnz|hourly,2026-08-17T18:48:05Z,2026-08-17T18:48:05Z,
180.93.238.225,ipv4,malicious-ip,medium,WHITE,ziyadnz/hourly-ipv4,ziyadnz|hourly,2026-08-17T18:48:05Z,2026-08-17T18:48:05Z,
180.93.243.20,ipv4,malicious-ip,medium,WHITE,ziyadnz/hourly-ipv4,ziyadnz|hourly,2026-08-17T18:48:05Z,2026-08-17T18:48:05Z,
180.93.243.218,ipv4,malicious-ip,medium,WHITE,ziyadnz/hourly-ipv4,ziyadnz|hourly,2026-08-17T18:48:05Z,2026-08-17T18:48:05Z,
180.93.245.203,ipv4,malicious-ip,medium,WHITE,ziyadnz/hourly-ipv4,ziyadnz|hourly,2026-08-17T18:48:05Z,2026-08-17T18:48:05Z,
180.93.247.219,ipv4,malicious-ip,medium,WHITE,ziyadnz/hourly-ipv4,ziyadnz|hourly,2026-08-17T18:48:05Z,2026-08-17T18:48:05Z,
180.93.250.24,ipv4,malicious-ip,medium,WHITE,ziyadnz/hourly-ipv4,ziyadnz|hourly,2026-08-17T18:48:05Z,2026-08-17T18:48:05Z,
180.93.3.33,ipv4,malicious-ip,medium,WHITE,ziyadnz/hourly-ipv4,ziyadnz|hourly,2026-08-17T18:48:05Z,2026-08-17T18:48:05Z,
180.93.32.181,ipv4,malicious-ip,medium,WHITE,ziyadnz/hourly-ipv4,ziyadnz|hourly,2026-08-17T18:48:05Z,2026-08-17T18:48:05Z,
180.93.32.67,ipv4,malicious-ip,medium,WHITE,ziyadnz/hourly-ipv4,ziyadnz|hourly,2026-08-17T18:48:05Z,2026-08-17T18:48:05Z,
180.93.32.76,ipv4,malicious-ip,medium,WHITE,ziyadnz/hourly-ipv4,ziyadnz|hourly,2026-08-17T18:48:05Z,2026-08-17T18:48:05Z,
180.93.43.146,ipv4,malicious-ip,medium,WHITE,ziyadnz/hourly-ipv4,ziyadnz|hourly,2026-08-17T18:48:05Z,2026-08-17T18:48:05Z,
180.93.43.225,ipv4,malicious-ip,medium,WHITE,ziyadnz/hourly-ipv4,ziyadnz|hourly,2026-08-17T18:48:05Z,2026-08-17T18:48:05Z,
180.93.64.134,ipv4,malicious-ip,medium,WHITE,ziyadnz/hourly-ipv4,ziyadnz|hourly,2026-08-17T18:48:05Z,2026-08-17T18:48:05Z,
180.94.155.108,ipv4,malicious-ip,medium,WHITE,ziyadnz/hourly-ipv4,ziyadnz|hourly,2026-08-17T18:48:05Z,2026-08-17T18:48:05Z,
180.94.74.82,ipv4,malicious-ip,medium,WHITE,ziyadnz/hourly-ipv4,ziyadnz|hourly,2026-08-17T18:48:05Z,2026-08-17T18:48:05Z,
180.94.74.94,ipv4,malicious-ip,medium,WHITE,ziyadnz/hourly-ipv4,ziyadnz|hourly,2026-08-17T18:48:05Z,2026-08-17T18:48:05Z,
180.94.75.0,ipv4,malicious-ip,medium,WHITE,ziyadnz/hourly-ipv4,ziyadnz|hourly,2026-08-17T18:48:05Z,2026-08-17T18:48:05Z,
180.94.75.102,ipv4,malicious-ip,medium,WHITE,ziyadnz/hourly-ipv4,ziyadnz|hourly,2026-08-17T18:48:05Z,2026-08-17T18:48:05Z,
180.94.75.114,ipv4,malicious-ip,medium,WHITE,ziyadnz/hourly-ipv4,ziyadnz|hourly,2026-08-17T18:48:05Z,2026-08-17T18:48:05Z,
180.94.75.122,ipv4,malicious-ip,medium,WHITE,ziyadnz/hourly-ipv4,ziyadnz|hourly,2026-08-17T18:48:05Z,2026-08-17T18:48:05Z,
180.94.75.146,ipv4,malicious-ip,medium,WHITE,ziyadnz/hourly-ipv4,ziyadnz|hourly,2026-08-17T18:48:05Z,2026-08-17T18:48:05Z,
180.94.75.90,ipv4,malicious-ip,medium,WHITE,ziyadnz/hourly-ipv4,ziyadnz|hourly,2026-08-17T18:48:05Z,2026-08-17T18:48:05Z,
180.94.76.126,ipv4,malicious-ip,medium,WHITE,ziyadnz/hourly-ipv4,ziyadnz|hourly,2026-08-17T18:48:05Z,2026-08-17T18:48:05Z,
181.0.198.196,ipv4,malicious-ip,medium,WHITE,ziyadnz/hourly-ipv4,ziyadnz|hourly,2026-08-17T18:48:05Z,2026-08-17T18:48:05Z,
181.0.214.136,ipv4,malicious-ip,medium,WHITE,ziyadnz/hourly-ipv4,ziyadnz|hourly,2026-08-17T18:48:05Z,2026-08-17T18:48:05Z,
181.1.124.117,ipv4,malicious-ip,medium,WHITE,ziyadnz/hourly-ipv4,ziyadnz|hourly,2026-08-17T18:48:05Z,2026-08-17T18:48:05Z,
181.1.153.76,ipv4,malicious-ip,medium,WHITE,ziyadnz/hourly-ipv4,ziyadnz|hourly,2026-08-17T18:48:05Z,2026-08-17T18:48:05Z,
181.1.158.162,ipv4,malicious-ip,medium,WHITE,ziyadnz/hourly-ipv4,ziyadnz|hourly,2026-08-17T18:48:05Z,2026-08-17T18:48:05Z,
181.1.184.136,ipv4,malicious-ip,medium,WHITE,ziyadnz/hourly-ipv4,ziyadnz|hourly,2026-08-17T18:48:05Z,2026-08-17T18:48:05Z,
181.10.144.116,ipv4,malicious-ip,medium,WHITE,ziyadnz/hourly-ipv4,ziyadnz|hourly,2026-08-17T18:48:05Z,2026-08-17T18:48:05Z,
181.10.145.231,ipv4,malicious-ip,medium,WHITE,ziyadnz/hourly-ipv4,ziyadnz|hourly,2026-08-17T18:48:05Z,2026-08-17T18:48:05Z,
181.10.163.133,ipv4,malicious-ip,medium,WHITE,ziyadnz/hourly-ipv4,ziyadnz|hourly,2026-08-17T18:48:05Z,2026-08-17T18:48:05Z,
181.10.59.189,ipv4,malicious-ip,medium,WHITE,ziyadnz/hourly-ipv4,ziyadnz|hourly,2026-08-17T18:48:05Z,2026-08-17T18:48:05Z,
181.10.78.45,ipv4,malicious-ip,medium,WHITE,ziyadnz/hourly-ipv4,ziyadnz|hourly,2026-08-17T18:48:05Z,2026-08-17T18:48:05Z,
181.103.1.110,ipv4,malicious-ip,medium,WHITE,ziyadnz/hourly-ipv4,ziyadnz|hourly,2026-08-17T18:48:05Z,2026-08-17T18:48:05Z,
181.104.16.101,ipv4,malicious-ip,medium,WHITE,ziyadnz/hourly-ipv4,ziyadnz|hourly,2026-08-17T18:48:05Z,2026-08-17T18:48:05Z,
181.104.43.225,ipv4,malicious-ip,medium,WHITE,ziyadnz/hourly-ipv4,ziyadnz|hourly,2026-08-17T18:48:05Z,2026-08-17T18:48:05Z,
181.104.58.195,ipv4,malicious-ip,medium,WHITE,ziyadnz/hourly-ipv4,ziyadnz|hourly,2026-08-17T18:48:05Z,2026-08-17T18:48:05Z,
181.105.135.89,ipv4,malicious-ip,medium,WHITE,ziyadnz/hourly-ipv4,ziyadnz|hourly,2026-08-17T18:48:05Z,2026-08-17T18:48:05Z,
181.105.44.12,ipv4,malicious-ip,medium,WHITE,ziyadnz/hourly-ipv4,ziyadnz|hourly,2026-08-17T18:48:05Z,2026-08-17T18:48:05Z,
181.110.98.40,ipv4,malicious-ip,medium,WHITE,ziyadnz/hourly-ipv4,ziyadnz|hourly,2026-08-17T18:48:05Z,2026-08-17T18:48:05Z,
181.112.146.18,ipv4,malicious-ip,medium,WHITE,ziyadnz/hourly-ipv4,ziyadnz|hourly,2026-08-17T18:48:05Z,2026-08-17T18:48:05Z,
181.113.100.2,ipv4,malicious-ip,medium,WHITE,ziyadnz/hourly-ipv4,ziyadnz|hourly,2026-08-17T18:48:05Z,2026-08-17T18:48:05Z,
181.113.57.155,ipv4,malicious-ip,medium,WHITE,ziyadnz/hourly-ipv4,ziyadnz|hourly,2026-08-17T18:48:05Z,2026-08-17T18:48:05Z,
181.115.120.56,ipv4,malicious-ip,medium,WHITE,ziyadnz/hourly-ipv4,ziyadnz|hourly,2026-08-17T18:48:05Z,2026-08-17T18:48:05Z,
181.115.146.26,ipv4,malicious-ip,medium,WHITE,ziyadnz/hourly-ipv4,ziyadnz|hourly,2026-08-17T18:48:05Z,2026-08-17T18:48:05Z,
181.115.147.163,ipv4,malicious-ip,medium,WHITE,ziyadnz/hourly-ipv4,ziyadnz|hourly,2026-08-17T18:48:05Z,2026-08-17T18:48:05Z,
181.115.147.5,ipv4,malicious-ip,medium,WHITE,ziyadnz/hourly-ipv4,ziyadnz|hourly,2026-08-17T18:48:05Z,2026-08-17T18:48:05Z,
181.115.171.104,ipv4,malicious-ip,medium,WHITE,ziyadnz/hourly-ipv4,ziyadnz|hourly,2026-08-17T18:48:05Z,2026-08-17T18:48:05Z,
181.115.171.114,ipv4,malicious-ip,medium,WHITE,ziyadnz/hourly-ipv4,ziyadnz|hourly,2026-08-17T18:48:05Z,2026-08-17T18:48:05Z,
181.115.171.216,ipv4,malicious-ip,medium,WHITE,ziyadnz/hourly-ipv4,ziyadnz|hourly,2026-08-17T18:48:05Z,2026-08-17T18:48:05Z,
181.115.171.221,ipv4,malicious-ip,medium,WHITE,ziyadnz/hourly-ipv4,ziyadnz|hourly,2026-08-17T18:48:05Z,2026-08-17T18:48:05Z,
181.115.172.157,ipv4,malicious-ip,medium,WHITE,ziyadnz/hourly-ipv4,ziyadnz|hourly,2026-08-17T18:48:05Z,2026-08-17T18:48:05Z,
181.115.175.78,ipv4,malicious-ip,medium,WHITE,ziyadnz/hourly-ipv4,ziyadnz|hourly,2026-08-17T18:48:05Z,2026-08-17T18:48:05Z,
181.115.187.42,ipv4,malicious-ip,medium,WHITE,ziyadnz/hourly-ipv4,ziyadnz|hourly,2026-08-17T18:48:05Z,2026-08-17T18:48:05Z,
181.115.192.10,ipv4,malicious-ip,medium,WHITE,ziyadnz/hourly-ipv4,ziyadnz|hourly,2026-08-17T18:48:05Z,2026-08-17T18:48:05Z,
181.115.196.162,ipv4,malicious-ip,medium,WHITE,ziyadnz/hourly-ipv4,ziyadnz|hourly,2026-08-17T18:48:05Z,2026-08-17T18:48:05Z,
181.115.206.242,ipv4,malicious-ip,medium,WHITE,ziyadnz/hourly-ipv4,ziyadnz|hourly,2026-08-17T18:48:05Z,2026-08-17T18:48:05Z,
181.115.233.106,ipv4,malicious-ip,medium,WHITE,ziyadnz/hourly-ipv4,ziyadnz|hourly,2026-08-17T18:48:05Z,2026-08-17T18:48:05Z,
181.115.237.59,ipv4,malicious-ip,medium,WHITE,ziyadnz/hourly-ipv4,ziyadnz|hourly,2026-08-17T18:48:05Z,2026-08-17T18:48:05Z,
181.115.60.206,ipv4,malicious-ip,medium,WHITE,ziyadnz/hourly-ipv4,ziyadnz|hourly,2026-08-17T18:48:05Z,2026-08-17T18:48:05Z,
181.116.179.44,ipv4,malicious-ip,medium,WHITE,ziyadnz/hourly-ipv4,ziyadnz|hourly,2026-08-17T18:48:05Z,2026-08-17T18:48:05Z,
181.116.200.247,ipv4,malicious-ip,medium,WHITE,ziyadnz/hourly-ipv4,ziyadnz|hourly,2026-08-17T18:48:05Z,2026-08-17T18:48:05Z,
181.116.220.251,ipv4,malicious-ip,medium,WHITE,ziyadnz/hourly-ipv4,ziyadnz|hourly,2026-08-17T18:48:05Z,2026-08-17T18:48:05Z,
181.116.220.27,ipv4,malicious-ip,medium,WHITE,ziyadnz/hourly-ipv4,ziyadnz|hourly,2026-08-17T18:48:05Z,2026-08-17T18:48:05Z,
181.116.222.84,ipv4,malicious-ip,medium,WHITE,ziyadnz/hourly-ipv4,ziyadnz|hourly,2026-08-17T18:48:05Z,2026-08-17T18:48:05Z,
181.116.253.84,ipv4,malicious-ip,medium,WHITE,ziyadnz/hourly-ipv4,ziyadnz|hourly,2026-08-17T18:48:05Z,2026-08-17T18:48:05Z,
181.116.40.120,ipv4,malicious-ip,medium,WHITE,ziyadnz/hourly-ipv4,ziyadnz|hourly,2026-08-17T18:48:05Z,2026-08-17T18:48:05Z,
181.116.43.36,ipv4,malicious-ip,medium,WHITE,ziyadnz/hourly-ipv4,ziyadnz|hourly,2026-08-17T18:48:05Z,2026-08-17T18:48:05Z,
181.117.10.198,ipv4,malicious-ip,medium,WHITE,ziyadnz/hourly-ipv4,ziyadnz|hourly,2026-08-17T18:48:05Z,2026-08-17T18:48:05Z,
181.117.10.8,ipv4,malicious-ip,medium,WHITE,ziyadnz/hourly-ipv4,ziyadnz|hourly,2026-08-17T18:48:05Z,2026-08-17T18:48:05Z,
181.117.136.163,ipv4,malicious-ip,medium,WHITE,ziyadnz/hourly-ipv4,ziyadnz|hourly,2026-08-17T18:48:05Z,2026-08-17T18:48:05Z,
181.117.136.170,ipv4,malicious-ip,medium,WHITE,ziyadnz/hourly-ipv4,ziyadnz|hourly,2026-08-17T18:48:05Z,2026-08-17T18:48:05Z,
181.117.136.90,ipv4,malicious-ip,medium,WHITE,ziyadnz/hourly-ipv4,ziyadnz|hourly,2026-08-17T18:48:05Z,2026-08-17T18:48:05Z,
181.117.165.100,ipv4,malicious-ip,medium,WHITE,ziyadnz/hourly-ipv4,ziyadnz|hourly,2026-08-17T18:48:05Z,2026-08-17T18:48:05Z,
181.117.240.65,ipv4,malicious-ip,medium,WHITE,ziyadnz/hourly-ipv4,ziyadnz|hourly,2026-08-17T18:48:05Z,2026-08-17T18:48:05Z,
181.117.72.70,ipv4,malicious-ip,medium,WHITE,ziyadnz/hourly-ipv4,ziyadnz|hourly,2026-08-17T18:48:05Z,2026-08-17T18:48:05Z,
181.117.73.92,ipv4,malicious-ip,medium,WHITE,ziyadnz/hourly-ipv4,ziyadnz|hourly,2026-08-17T18:48:05Z,2026-08-17T18:48:05Z,
181.117.8.242,ipv4,malicious-ip,medium,WHITE,ziyadnz/hourly-ipv4,ziyadnz|hourly,2026-08-17T18:48:05Z,2026-08-17T18:48:05Z,
181.118.147.2,ipv4,malicious-ip,medium,WHITE,ziyadnz/hourly-ipv4,ziyadnz|hourly,2026-08-17T18:48:05Z,2026-08-17T18:48:05Z,
181.118.153.183,ipv4,malicious-ip,medium,WHITE,ziyadnz/hourly-ipv4,ziyadnz|hourly,2026-08-17T18:48:05Z,2026-08-17T18:48:05Z,
181.118.183.157,ipv4,malicious-ip,medium,WHITE,ziyadnz/hourly-ipv4,ziyadnz|hourly,2026-08-17T18:48:05Z,2026-08-17T18:48:05Z,
181.118.183.168,ipv4,malicious-ip,medium,WHITE,ziyadnz/hourly-ipv4,ziyadnz|hourly,2026-08-17T18:48:05Z,2026-08-17T18:48:05Z,
181.118.47.66,ipv4,malicious-ip,medium,WHITE,ziyadnz/hourly-ipv4,ziyadnz|hourly,2026-08-17T18:48:05Z,2026-08-17T18:48:05Z,
181.118.80.238,ipv4,malicious-ip,medium,WHITE,ziyadnz/hourly-ipv4,ziyadnz|hourly,2026-08-17T18:48:05Z,2026-08-17T18:48:05Z,
181.118.80.59,ipv4,malicious-ip,medium,WHITE,ziyadnz/hourly-ipv4,ziyadnz|hourly,2026-08-17T18:48:05Z,2026-08-17T18:48:05Z,
181.118.83.56,ipv4,malicious-ip,medium,WHITE,ziyadnz/hourly-ipv4,ziyadnz|hourly,2026-08-17T18:48:05Z,2026-08-17T18:48:05Z,
181.119.103.103,ipv4,malicious-ip,medium,WHITE,ziyadnz/hourly-ipv4,ziyadnz|hourly,2026-08-17T18:48:05Z,2026-08-17T18:48:05Z,
181.119.108.193,ipv4,malicious-ip,medium,WHITE,ziyadnz/hourly-ipv4,ziyadnz|hourly,2026-08-17T18:48:05Z,2026-08-17T18:48:05Z,
181.119.185.176,ipv4,malicious-ip,medium,WHITE,ziyadnz/hourly-ipv4,ziyadnz|hourly,2026-08-17T18:48:05Z,2026-08-17T18:48:05Z,
181.119.193.65,ipv4,malicious-ip,medium,WHITE,ziyadnz/hourly-ipv4,ziyadnz|hourly,2026-08-17T18:48:05Z,2026-08-17T18:48:05Z,
181.119.227.10,ipv4,malicious-ip,medium,WHITE,ziyadnz/hourly-ipv4,ziyadnz|hourly,2026-08-17T18:48:05Z,2026-08-17T18:48:05Z,
181.119.84.25,ipv4,malicious-ip,medium,WHITE,ziyadnz/hourly-ipv4,ziyadnz|hourly,2026-08-17T18:48:05Z,2026-08-17T18:48:05Z,
181.12.11.151,ipv4,malicious-ip,medium,WHITE,ziyadnz/hourly-ipv4,ziyadnz|hourly,2026-08-17T18:48:05Z,2026-08-17T18:48:05Z,
181.12.148.18,ipv4,malicious-ip,medium,WHITE,ziyadnz/hourly-ipv4,ziyadnz|hourly,2026-08-17T18:48:05Z,2026-08-17T18:48:05Z,
181.12.172.162,ipv4,malicious-ip,medium,WHITE,ziyadnz/hourly-ipv4,ziyadnz|hourly,2026-08-17T18:48:05Z,2026-08-17T18:48:05Z,
181.12.173.76,ipv4,malicious-ip,medium,WHITE,ziyadnz/hourly-ipv4,ziyadnz|hourly,2026-08-17T18:48:05Z,2026-08-17T18:48:05Z,
181.12.216.7,ipv4,malicious-ip,medium,WHITE,ziyadnz/hourly-ipv4,ziyadnz|hourly,2026-08-17T18:48:05Z,2026-08-17T18:48:05Z,
181.12.222.126,ipv4,malicious-ip,medium,WHITE,ziyadnz/hourly-ipv4,ziyadnz|hourly,2026-08-17T18:48:05Z,2026-08-17T18:48:05Z,
181.120.226.49,ipv4,malicious-ip,medium,WHITE,ziyadnz/hourly-ipv4,ziyadnz|hourly,2026-08-17T18:48:05Z,2026-08-17T18:48:05Z,
181.121.37.173,ipv4,malicious-ip,medium,WHITE,ziyadnz/hourly-ipv4,ziyadnz|hourly,2026-08-17T18:48:05Z,2026-08-17T18:48:05Z,
181.122.71.139,ipv4,malicious-ip,medium,WHITE,ziyadnz/hourly-ipv4,ziyadnz|hourly,2026-08-17T18:48:05Z,2026-08-17T18:48:05Z,
181.123.62.210,ipv4,malicious-ip,medium,WHITE,ziyadnz/hourly-ipv4,ziyadnz|hourly,2026-08-17T18:48:05Z,2026-08-17T18:48:05Z,
181.124.161.30,ipv4,malicious-ip,medium,WHITE,ziyadnz/hourly-ipv4,ziyadnz|hourly,2026-08-17T18:48:05Z,2026-08-17T18:48:05Z,
181.124.60.21,ipv4,malicious-ip,medium,WHITE,ziyadnz/hourly-ipv4,ziyadnz|hourly,2026-08-17T18:48:05Z,2026-08-17T18:48:05Z,
181.126.111.184,ipv4,malicious-ip,medium,WHITE,ziyadnz/hourly-ipv4,ziyadnz|hourly,2026-08-17T18:48:05Z,2026-08-17T18:48:05Z,
181.126.153.167,ipv4,malicious-ip,medium,WHITE,ziyadnz/hourly-ipv4,ziyadnz|hourly,2026-08-17T18:48:05Z,2026-08-17T18:48:05Z,
181.126.169.191,ipv4,malicious-ip,medium,WHITE,ziyadnz/hourly-ipv4,ziyadnz|hourly,2026-08-17T18:48:05Z,2026-08-17T18:48:05Z,
181.127.122.38,ipv4,malicious-ip,medium,WHITE,ziyadnz/hourly-ipv4,ziyadnz|hourly,2026-08-17T18:48:05Z,2026-08-17T18:48:05Z,
181.128.106.46,ipv4,malicious-ip,medium,WHITE,ziyadnz/hourly-ipv4,ziyadnz|hourly,2026-08-17T18:48:05Z,2026-08-17T18:48:05Z,
181.128.121.96,ipv4,malicious-ip,medium,WHITE,ziyadnz/hourly-ipv4,ziyadnz|hourly,2026-08-17T18:48:05Z,2026-08-17T18:48:05Z,
181.129.217.51,ipv4,malicious-ip,medium,WHITE,ziyadnz/hourly-ipv4,ziyadnz|hourly,2026-08-17T18:48:05Z,2026-08-17T18:48:05Z,
181.129.255.227,ipv4,malicious-ip,medium,WHITE,ziyadnz/hourly-ipv4,ziyadnz|hourly,2026-08-17T18:48:05Z,2026-08-17T18:48:05Z,
181.129.31.42,ipv4,malicious-ip,medium,WHITE,ziyadnz/hourly-ipv4,ziyadnz|hourly,2026-08-17T18:48:05Z,2026-08-17T18:48:05Z,
181.129.48.163,ipv4,malicious-ip,medium,WHITE,ziyadnz/hourly-ipv4,ziyadnz|hourly,2026-08-17T18:48:05Z,2026-08-17T18:48:05Z,
181.13.173.86,ipv4,malicious-ip,medium,WHITE,ziyadnz/hourly-ipv4,ziyadnz|hourly,2026-08-17T18:48:05Z,2026-08-17T18:48:05Z,
181.13.190.38,ipv4,malicious-ip,medium,WHITE,ziyadnz/hourly-ipv4,ziyadnz|hourly,2026-08-17T18:48:05Z,2026-08-17T18:48:05Z,
181.134.19.246,ipv4,malicious-ip,medium,WHITE,ziyadnz/hourly-ipv4,ziyadnz|hourly,2026-08-17T18:48:05Z,2026-08-17T18:48:05Z,
181.135.102.120,ipv4,malicious-ip,medium,WHITE,ziyadnz/hourly-ipv4,ziyadnz|hourly,2026-08-17T18:48:05Z,2026-08-17T18:48:05Z,
181.138.49.185,ipv4,malicious-ip,medium,WHITE,ziyadnz/hourly-ipv4,ziyadnz|hourly,2026-08-17T18:48:05Z,2026-08-17T18:48:05Z,
181.140.202.66,ipv4,malicious-ip,medium,WHITE,ziyadnz/hourly-ipv4,ziyadnz|hourly,2026-08-17T18:48:05Z,2026-08-17T18:48:05Z,
181.141.4.153,ipv4,malicious-ip,medium,WHITE,ziyadnz/hourly-ipv4,ziyadnz|hourly,2026-08-17T18:48:05Z,2026-08-17T18:48:05Z,
181.15.102.100,ipv4,malicious-ip,medium,WHITE,ziyadnz/hourly-ipv4,ziyadnz|hourly,2026-08-17T18:48:05Z,2026-08-17T18:48:05Z,
181.16.129.45,ipv4,malicious-ip,medium,WHITE,ziyadnz/hourly-ipv4,ziyadnz|hourly,2026-08-17T18:48:05Z,2026-08-17T18:48:05Z,
181.16.209.124,ipv4,malicious-ip,medium,WHITE,ziyadnz/hourly-ipv4,ziyadnz|hourly,2026-08-17T18:48:05Z,2026-08-17T18:48:05Z,
181.16.212.149,ipv4,malicious-ip,medium,WHITE,ziyadnz/hourly-ipv4,ziyadnz|hourly,2026-08-17T18:48:05Z,2026-08-17T18:48:05Z,
181.16.212.41,ipv4,malicious-ip,medium,WHITE,ziyadnz/hourly-ipv4,ziyadnz|hourly,2026-08-17T18:48:05Z,2026-08-17T18:48:05Z,
181.16.212.50,ipv4,malicious-ip,medium,WHITE,ziyadnz/hourly-ipv4,ziyadnz|hourly,2026-08-17T18:48:05Z,2026-08-17T18:48:05Z,
181.16.212.53,ipv4,malicious-ip,medium,WHITE,ziyadnz/hourly-ipv4,ziyadnz|hourly,2026-08-17T18:48:05Z,2026-08-17T18:48:05Z,
181.160.100.160,ipv4,malicious-ip,medium,WHITE,ziyadnz/hourly-ipv4,ziyadnz|hourly,2026-08-17T18:48:05Z,2026-08-17T18:48:05Z,
181.160.100.90,ipv4,malicious-ip,medium,WHITE,ziyadnz/hourly-ipv4,ziyadnz|hourly,2026-08-17T18:48:05Z,2026-08-17T18:48:05Z,
181.160.239.44,ipv4,malicious-ip,medium,WHITE,ziyadnz/hourly-ipv4,ziyadnz|hourly,2026-08-17T18:48:05Z,2026-08-17T18:48:05Z,
181.160.91.151,ipv4,malicious-ip,medium,WHITE,ziyadnz/hourly-ipv4,ziyadnz|hourly,2026-08-17T18:48:05Z,2026-08-17T18:48:05Z,
181.161.84.216,ipv4,malicious-ip,medium,WHITE,ziyadnz/hourly-ipv4,ziyadnz|hourly,2026-08-17T18:48:05Z,2026-08-17T18:48:05Z,
181.161.92.237,ipv4,malicious-ip,medium,WHITE,ziyadnz/hourly-ipv4,ziyadnz|hourly,2026-08-17T18:48:05Z,2026-08-17T18:48:05Z,
181.162.157.20,ipv4,malicious-ip,medium,WHITE,ziyadnz/hourly-ipv4,ziyadnz|hourly,2026-08-17T18:48:05Z,2026-08-17T18:48:05Z,
181.164.139.227,ipv4,malicious-ip,medium,WHITE,ziyadnz/hourly-ipv4,ziyadnz|hourly,2026-08-17T18:48:05Z,2026-08-17T18:48:05Z,
181.165.115.128,ipv4,malicious-ip,medium,WHITE,ziyadnz/hourly-ipv4,ziyadnz|hourly,2026-08-17T18:48:05Z,2026-08-17T18:48:05Z,
181.165.222.135,ipv4,malicious-ip,medium,WHITE,ziyadnz/hourly-ipv4,ziyadnz|hourly,2026-08-17T18:48:05Z,2026-08-17T18:48:05Z,
181.165.74.81,ipv4,malicious-ip,medium,WHITE,ziyadnz/hourly-ipv4,ziyadnz|hourly,2026-08-17T18:48:05Z,2026-08-17T18:48:05Z,
181.166.119.228,ipv4,malicious-ip,medium,WHITE,ziyadnz/hourly-ipv4,ziyadnz|hourly,2026-08-17T18:48:05Z,2026-08-17T18:48:05Z,
181.166.184.30,ipv4,malicious-ip,medium,WHITE,ziyadnz/hourly-ipv4,ziyadnz|hourly,2026-08-17T18:48:05Z,2026-08-17T18:48:05Z,
181.166.192.131,ipv4,malicious-ip,medium,WHITE,ziyadnz/hourly-ipv4,ziyadnz|hourly,2026-08-17T18:48:05Z,2026-08-17T18:48:05Z,
181.166.207.166,ipv4,malicious-ip,medium,WHITE,ziyadnz/hourly-ipv4,ziyadnz|hourly,2026-08-17T18:48:05Z,2026-08-17T18:48:05Z,
181.166.208.69,ipv4,malicious-ip,medium,WHITE,ziyadnz/hourly-ipv4,ziyadnz|hourly,2026-08-17T18:48:05Z,2026-08-17T18:48:05Z,
181.167.106.40,ipv4,malicious-ip,medium,WHITE,ziyadnz/hourly-ipv4,ziyadnz|hourly,2026-08-17T18:48:05Z,2026-08-17T18:48:05Z,
181.167.144.229,ipv4,malicious-ip,medium,WHITE,ziyadnz/hourly-ipv4,ziyadnz|hourly,2026-08-17T18:48:05Z,2026-08-17T18:48:05Z,
181.167.5.13,ipv4,malicious-ip,medium,WHITE,ziyadnz/hourly-ipv4,ziyadnz|hourly,2026-08-17T18:48:05Z,2026-08-17T18:48:05Z,
181.167.54.6,ipv4,malicious-ip,medium,WHITE,ziyadnz/hourly-ipv4,ziyadnz|hourly,2026-08-17T18:48:05Z,2026-08-17T18:48:05Z,
181.168.11.129,ipv4,malicious-ip,medium,WHITE,ziyadnz/hourly-ipv4,ziyadnz|hourly,2026-08-17T18:48:05Z,2026-08-17T18:48:05Z,
181.168.28.8,ipv4,malicious-ip,medium,WHITE,ziyadnz/hourly-ipv4,ziyadnz|hourly,2026-08-17T18:48:05Z,2026-08-17T18:48:05Z,
181.169.169.60,ipv4,malicious-ip,medium,WHITE,ziyadnz/hourly-ipv4,ziyadnz|hourly,2026-08-17T18:48:05Z,2026-08-17T18:48:05Z,
181.169.231.190,ipv4,malicious-ip,medium,WHITE,ziyadnz/hourly-ipv4,ziyadnz|hourly,2026-08-17T18:48:05Z,2026-08-17T18:48:05Z,
181.170.160.46,ipv4,malicious-ip,medium,WHITE,ziyadnz/hourly-ipv4,ziyadnz|hourly,2026-08-17T18:48:05Z,2026-08-17T18:48:05Z,
181.170.4.200,ipv4,malicious-ip,medium,WHITE,ziyadnz/hourly-ipv4,ziyadnz|hourly,2026-08-17T18:48:05Z,2026-08-17T18:48:05Z,
181.172.50.228,ipv4,malicious-ip,medium,WHITE,ziyadnz/hourly-ipv4,ziyadnz|hourly,2026-08-17T18:48:05Z,2026-08-17T18:48:05Z,
181.173.139.104,ipv4,malicious-ip,medium,WHITE,ziyadnz/hourly-ipv4,ziyadnz|hourly,2026-08-17T18:48:05Z,2026-08-17T18:48:05Z,
181.173.151.89,ipv4,malicious-ip,medium,WHITE,ziyadnz/hourly-ipv4,ziyadnz|hourly,2026-08-17T18:48:05Z,2026-08-17T18:48:05Z,
181.173.242.27,ipv4,malicious-ip,medium,WHITE,ziyadnz/hourly-ipv4,ziyadnz|hourly,2026-08-17T18:48:05Z,2026-08-17T18:48:05Z,
181.173.243.254,ipv4,malicious-ip,medium,WHITE,ziyadnz/hourly-ipv4,ziyadnz|hourly,2026-08-17T18:48:05Z,2026-08-17T18:48:05Z,
181.174.102.170,ipv4,malicious-ip,medium,WHITE,ziyadnz/hourly-ipv4,ziyadnz|hourly,2026-08-17T18:48:05Z,2026-08-17T18:48:05Z,
181.174.142.232,ipv4,malicious-ip,medium,WHITE,ziyadnz/hourly-ipv4,ziyadnz|hourly,2026-08-17T18:48:05Z,2026-08-17T18:48:05Z,
181.174.142.253,ipv4,malicious-ip,medium,WHITE,ziyadnz/hourly-ipv4,ziyadnz|hourly,2026-08-17T18:48:05Z,2026-08-17T18:48:05Z,
181.174.164.107,ipv4,malicious-ip,medium,WHITE,ziyadnz/hourly-ipv4,ziyadnz|hourly,2026-08-17T18:48:05Z,2026-08-17T18:48:05Z,
181.174.164.111,ipv4,malicious-ip,medium,WHITE,ziyadnz/hourly-ipv4,ziyadnz|hourly,2026-08-17T18:48:05Z,2026-08-17T18:48:05Z,
181.174.164.116,ipv4,malicious-ip,medium,WHITE,ziyadnz/hourly-ipv4,ziyadnz|hourly,2026-08-17T18:48:05Z,2026-08-17T18:48:05Z,
181.174.164.117,ipv4,malicious-ip,medium,WHITE,ziyadnz/hourly-ipv4,ziyadnz|hourly,2026-08-17T18:48:05Z,2026-08-17T18:48:05Z,
181.174.164.12,ipv4,malicious-ip,medium,WHITE,ziyadnz/hourly-ipv4,ziyadnz|hourly,2026-08-17T18:48:05Z,2026-08-17T18:48:05Z,
181.174.164.140,ipv4,malicious-ip,medium,WHITE,ziyadnz/hourly-ipv4,ziyadnz|hourly,2026-08-17T18:48:05Z,2026-08-17T18:48:05Z,
181.174.164.161,ipv4,malicious-ip,medium,WHITE,ziyadnz/hourly-ipv4,ziyadnz|hourly,2026-08-17T18:48:05Z,2026-08-17T18:48:05Z,
181.174.164.180,ipv4,malicious-ip,medium,WHITE,ziyadnz/hourly-ipv4,ziyadnz|hourly,2026-08-17T18:48:05Z,2026-08-17T18:48:05Z,
181.174.164.193,ipv4,malicious-ip,medium,WHITE,ziyadnz/hourly-ipv4,ziyadnz|hourly,2026-08-17T18:48:05Z,2026-08-17T18:48:05Z,
181.174.164.2,ipv4,malicious-ip,medium,WHITE,ziyadnz/hourly-ipv4,ziyadnz|hourly,2026-08-17T18:48:05Z,2026-08-17T18:48:05Z,
181.174.164.201,ipv4,malicious-ip,medium,WHITE,ziyadnz/hourly-ipv4,ziyadnz|hourly,2026-08-17T18:48:05Z,2026-08-17T18:48:05Z,
181.174.164.238,ipv4,malicious-ip,medium,WHITE,ziyadnz/hourly-ipv4,ziyadnz|hourly,2026-08-17T18:48:05Z,2026-08-17T18:48:05Z,
181.174.164.4,ipv4,malicious-ip,medium,WHITE,ziyadnz/hourly-ipv4,ziyadnz|hourly,2026-08-17T18:48:05Z,2026-08-17T18:48:05Z,
181.174.164.41,ipv4,malicious-ip,medium,WHITE,ziyadnz/hourly-ipv4,ziyadnz|hourly,2026-08-17T18:48:05Z,2026-08-17T18:48:05Z,
181.174.164.47,ipv4,malicious-ip,medium,WHITE,ziyadnz/hourly-ipv4,ziyadnz|hourly,2026-08-17T18:48:05Z,2026-08-17T18:48:05Z,
181.174.164.55,ipv4,malicious-ip,medium,WHITE,ziyadnz/hourly-ipv4,ziyadnz|hourly,2026-08-17T18:48:05Z,2026-08-17T18:48:05Z,
181.174.228.82,ipv4,malicious-ip,medium,WHITE,ziyadnz/hourly-ipv4,ziyadnz|hourly,2026-08-17T18:48:05Z,2026-08-17T18:48:05Z,
181.174.230.93,ipv4,malicious-ip,medium,WHITE,ziyadnz/hourly-ipv4,ziyadnz|hourly,2026-08-17T18:48:05Z,2026-08-17T18:48:05Z,
181.174.253.69,ipv4,malicious-ip,medium,WHITE,ziyadnz/hourly-ipv4,ziyadnz|hourly,2026-08-17T18:48:05Z,2026-08-17T18:48:05Z,
181.174.254.190,ipv4,malicious-ip,medium,WHITE,ziyadnz/hourly-ipv4,ziyadnz|hourly,2026-08-17T18:48:05Z,2026-08-17T18:48:05Z,
181.175.199.22,ipv4,malicious-ip,medium,WHITE,ziyadnz/hourly-ipv4,ziyadnz|hourly,2026-08-17T18:48:05Z,2026-08-17T18:48:05Z,
181.175.220.83,ipv4,malicious-ip,medium,WHITE,ziyadnz/hourly-ipv4,ziyadnz|hourly,2026-08-17T18:48:05Z,2026-08-17T18:48:05Z,
181.175.224.204,ipv4,malicious-ip,medium,WHITE,ziyadnz/hourly-ipv4,ziyadnz|hourly,2026-08-17T18:48:05Z,2026-08-17T18:48:05Z,
181.176.136.65,ipv4,malicious-ip,medium,WHITE,ziyadnz/hourly-ipv4,ziyadnz|hourly,2026-08-17T18:48:05Z,2026-08-17T18:48:05Z,
181.176.18.75,ipv4,malicious-ip,medium,WHITE,ziyadnz/hourly-ipv4,ziyadnz|hourly,2026-08-17T18:48:05Z,2026-08-17T18:48:05Z,
181.176.231.77,ipv4,malicious-ip,medium,WHITE,ziyadnz/hourly-ipv4,ziyadnz|hourly,2026-08-17T18:48:05Z,2026-08-17T18:48:05Z,
181.176.231.94,ipv4,malicious-ip,medium,WHITE,ziyadnz/hourly-ipv4,ziyadnz|hourly,2026-08-17T18:48:05Z,2026-08-17T18:48:05Z,
181.176.5.38,ipv4,malicious-ip,medium,WHITE,ziyadnz/hourly-ipv4,ziyadnz|hourly,2026-08-17T18:48:05Z,2026-08-17T18:48:05Z,
181.177.102.240,ipv4,malicious-ip,medium,WHITE,ziyadnz/hourly-ipv4,ziyadnz|hourly,2026-08-17T18:48:05Z,2026-08-17T18:48:05Z,
181.177.141.232,ipv4,malicious-ip,medium,WHITE,ziyadnz/hourly-ipv4,ziyadnz|hourly,2026-08-17T18:48:05Z,2026-08-17T18:48:05Z,
181.177.166.26,ipv4,malicious-ip,medium,WHITE,ziyadnz/hourly-ipv4,ziyadnz|hourly,2026-08-17T18:48:05Z,2026-08-17T18:48:05Z,
181.177.196.78,ipv4,malicious-ip,medium,WHITE,ziyadnz/hourly-ipv4,ziyadnz|hourly,2026-08-17T18:48:05Z,2026-08-17T18:48:05Z,
181.177.49.155,ipv4,malicious-ip,medium,WHITE,ziyadnz/hourly-ipv4,ziyadnz|hourly,2026-08-17T18:48:05Z,2026-08-17T18:48:05Z,
181.188.172.6,ipv4,malicious-ip,medium,WHITE,ziyadnz/hourly-ipv4,ziyadnz|hourly,2026-08-17T18:48:05Z,2026-08-17T18:48:05Z,
181.188.176.242,ipv4,malicious-ip,medium,WHITE,ziyadnz/hourly-ipv4,ziyadnz|hourly,2026-08-17T18:48:05Z,2026-08-17T18:48:05Z,
181.188.176.245,ipv4,malicious-ip,medium,WHITE,ziyadnz/hourly-ipv4,ziyadnz|hourly,2026-08-17T18:48:05Z,2026-08-17T18:48:05Z,
181.188.225.74,ipv4,malicious-ip,medium,WHITE,ziyadnz/hourly-ipv4,ziyadnz|hourly,2026-08-17T18:48:05Z,2026-08-17T18:48:05Z,
181.188.53.212,ipv4,malicious-ip,medium,WHITE,ziyadnz/hourly-ipv4,ziyadnz|hourly,2026-08-17T18:48:05Z,2026-08-17T18:48:05Z,
181.189.127.11,ipv4,malicious-ip,medium,WHITE,ziyadnz/hourly-ipv4,ziyadnz|hourly,2026-08-17T18:48:05Z,2026-08-17T18:48:05Z,
181.189.33.17,ipv4,malicious-ip,medium,WHITE,ziyadnz/hourly-ipv4,ziyadnz|hourly,2026-08-17T18:48:05Z,2026-08-17T18:48:05Z,
181.189.37.83,ipv4,malicious-ip,medium,WHITE,ziyadnz/hourly-ipv4,ziyadnz|hourly,2026-08-17T18:48:05Z,2026-08-17T18:48:05Z,
181.189.94.22,ipv4,malicious-ip,medium,WHITE,ziyadnz/hourly-ipv4,ziyadnz|hourly,2026-08-17T18:48:05Z,2026-08-17T18:48:05Z,
181.191.109.49,ipv4,malicious-ip,medium,WHITE,ziyadnz/hourly-ipv4,ziyadnz|hourly,2026-08-17T18:48:05Z,2026-08-17T18:48:05Z,
181.191.140.28,ipv4,malicious-ip,medium,WHITE,ziyadnz/hourly-ipv4,ziyadnz|hourly,2026-08-17T18:48:05Z,2026-08-17T18:48:05Z,
181.191.144.207,ipv4,malicious-ip,medium,WHITE,ziyadnz/hourly-ipv4,ziyadnz|hourly,2026-08-17T18:48:05Z,2026-08-17T18:48:05Z,
181.191.148.30,ipv4,malicious-ip,medium,WHITE,ziyadnz/hourly-ipv4,ziyadnz|hourly,2026-08-17T18:48:05Z,2026-08-17T18:48:05Z,
181.191.189.79,ipv4,malicious-ip,medium,WHITE,ziyadnz/hourly-ipv4,ziyadnz|hourly,2026-08-17T18:48:05Z,2026-08-17T18:48:05Z,
181.191.192.86,ipv4,malicious-ip,medium,WHITE,ziyadnz/hourly-ipv4,ziyadnz|hourly,2026-08-17T18:48:05Z,2026-08-17T18:48:05Z,
181.191.194.175,ipv4,malicious-ip,medium,WHITE,ziyadnz/hourly-ipv4,ziyadnz|hourly,2026-08-17T18:48:05Z,2026-08-17T18:48:05Z,
181.191.220.202,ipv4,malicious-ip,medium,WHITE,ziyadnz/hourly-ipv4,ziyadnz|hourly,2026-08-17T18:48:05Z,2026-08-17T18:48:05Z,
181.191.220.203,ipv4,malicious-ip,medium,WHITE,ziyadnz/hourly-ipv4,ziyadnz|hourly,2026-08-17T18:48:05Z,2026-08-17T18:48:05Z,
181.191.220.204,ipv4,malicious-ip,medium,WHITE,ziyadnz/hourly-ipv4,ziyadnz|hourly,2026-08-17T18:48:05Z,2026-08-17T18:48:05Z,
181.191.223.0,ipv4,malicious-ip,medium,WHITE,ziyadnz/hourly-ipv4,ziyadnz|hourly,2026-08-17T18:48:05Z,2026-08-17T18:48:05Z,
181.191.223.182,ipv4,malicious-ip,medium,WHITE,ziyadnz/hourly-ipv4,ziyadnz|hourly,2026-08-17T18:48:05Z,2026-08-17T18:48:05Z,
181.191.223.212,ipv4,malicious-ip,medium,WHITE,ziyadnz/hourly-ipv4,ziyadnz|hourly,2026-08-17T18:48:05Z,2026-08-17T18:48:05Z,
181.191.223.217,ipv4,malicious-ip,medium,WHITE,ziyadnz/hourly-ipv4,ziyadnz|hourly,2026-08-17T18:48:05Z,2026-08-17T18:48:05Z,
181.191.223.34,ipv4,malicious-ip,medium,WHITE,ziyadnz/hourly-ipv4,ziyadnz|hourly,2026-08-17T18:48:05Z,2026-08-17T18:48:05Z,
181.191.225.152,ipv4,malicious-ip,medium,WHITE,ziyadnz/hourly-ipv4,ziyadnz|hourly,2026-08-17T18:48:05Z,2026-08-17T18:48:05Z,
181.191.241.210,ipv4,malicious-ip,medium,WHITE,ziyadnz/hourly-ipv4,ziyadnz|hourly,2026-08-17T18:48:05Z,2026-08-17T18:48:05Z,
181.191.243.137,ipv4,malicious-ip,medium,WHITE,ziyadnz/hourly-ipv4,ziyadnz|hourly,2026-08-17T18:48:05Z,2026-08-17T18:48:05Z,
181.191.37.2,ipv4,malicious-ip,medium,WHITE,ziyadnz/hourly-ipv4,ziyadnz|hourly,2026-08-17T18:48:05Z,2026-08-17T18:48:05Z,
181.191.65.117,ipv4,malicious-ip,medium,WHITE,ziyadnz/hourly-ipv4,ziyadnz|hourly,2026-08-17T18:48:05Z,2026-08-17T18:48:05Z,
181.191.65.147,ipv4,malicious-ip,medium,WHITE,ziyadnz/hourly-ipv4,ziyadnz|hourly,2026-08-17T18:48:05Z,2026-08-17T18:48:05Z,
181.191.65.167,ipv4,malicious-ip,medium,WHITE,ziyadnz/hourly-ipv4,ziyadnz|hourly,2026-08-17T18:48:05Z,2026-08-17T18:48:05Z,
181.191.65.211,ipv4,malicious-ip,medium,WHITE,ziyadnz/hourly-ipv4,ziyadnz|hourly,2026-08-17T18:48:05Z,2026-08-17T18:48:05Z,
181.191.66.0,ipv4,malicious-ip,medium,WHITE,ziyadnz/hourly-ipv4,ziyadnz|hourly,2026-08-17T18:48:05Z,2026-08-17T18:48:05Z,
181.191.66.162,ipv4,malicious-ip,medium,WHITE,ziyadnz/hourly-ipv4,ziyadnz|hourly,2026-08-17T18:48:05Z,2026-08-17T18:48:05Z,
181.191.66.183,ipv4,malicious-ip,medium,WHITE,ziyadnz/hourly-ipv4,ziyadnz|hourly,2026-08-17T18:48:05Z,2026-08-17T18:48:05Z,
181.191.66.185,ipv4,malicious-ip,medium,WHITE,ziyadnz/hourly-ipv4,ziyadnz|hourly,2026-08-17T18:48:05Z,2026-08-17T18:48:05Z,
181.191.66.199,ipv4,malicious-ip,medium,WHITE,ziyadnz/hourly-ipv4,ziyadnz|hourly,2026-08-17T18:48:05Z,2026-08-17T18:48:05Z,
181.191.66.240,ipv4,malicious-ip,medium,WHITE,ziyadnz/hourly-ipv4,ziyadnz|hourly,2026-08-17T18:48:05Z,2026-08-17T18:48:05Z,
181.191.66.35,ipv4,malicious-ip,medium,WHITE,ziyadnz/hourly-ipv4,ziyadnz|hourly,2026-08-17T18:48:05Z,2026-08-17T18:48:05Z,
181.191.66.52,ipv4,malicious-ip,medium,WHITE,ziyadnz/hourly-ipv4,ziyadnz|hourly,2026-08-17T18:48:05Z,2026-08-17T18:48:05Z,
181.192.106.226,ipv4,malicious-ip,medium,WHITE,ziyadnz/hourly-ipv4,ziyadnz|hourly,2026-08-17T18:48:05Z,2026-08-17T18:48:05Z,
181.192.106.240,ipv4,malicious-ip,medium,WHITE,ziyadnz/hourly-ipv4,ziyadnz|hourly,2026-08-17T18:48:05Z,2026-08-17T18:48:05Z,
181.192.106.249,ipv4,malicious-ip,medium,WHITE,ziyadnz/hourly-ipv4,ziyadnz|hourly,2026-08-17T18:48:05Z,2026-08-17T18:48:05Z,
181.192.121.113,ipv4,malicious-ip,medium,WHITE,ziyadnz/hourly-ipv4,ziyadnz|hourly,2026-08-17T18:48:05Z,2026-08-17T18:48:05Z,
181.192.123.100,ipv4,malicious-ip,medium,WHITE,ziyadnz/hourly-ipv4,ziyadnz|hourly,2026-08-17T18:48:05Z,2026-08-17T18:48:05Z,
181.192.2.225,ipv4,malicious-ip,medium,WHITE,ziyadnz/hourly-ipv4,ziyadnz|hourly,2026-08-17T18:48:05Z,2026-08-17T18:48:05Z,
181.192.79.179,ipv4,malicious-ip,medium,WHITE,ziyadnz/hourly-ipv4,ziyadnz|hourly,2026-08-17T18:48:05Z,2026-08-17T18:48:05Z,
181.197.159.183,ipv4,malicious-ip,medium,WHITE,ziyadnz/hourly-ipv4,ziyadnz|hourly,2026-08-17T18:48:05Z,2026-08-17T18:48:05Z,
181.198.97.178,ipv4,malicious-ip,medium,WHITE,ziyadnz/hourly-ipv4,ziyadnz|hourly,2026-08-17T18:48:05Z,2026-08-17T18:48:05Z,
181.199.38.109,ipv4,malicious-ip,medium,WHITE,ziyadnz/hourly-ipv4,ziyadnz|hourly,2026-08-17T18:48:05Z,2026-08-17T18:48:05Z,
181.199.54.12,ipv4,malicious-ip,medium,WHITE,ziyadnz/hourly-ipv4,ziyadnz|hourly,2026-08-17T18:48:05Z,2026-08-17T18:48:05Z,
181.199.59.77,ipv4,malicious-ip,medium,WHITE,ziyadnz/hourly-ipv4,ziyadnz|hourly,2026-08-17T18:48:05Z,2026-08-17T18:48:05Z,
181.199.62.163,ipv4,malicious-ip,medium,WHITE,ziyadnz/hourly-ipv4,ziyadnz|hourly,2026-08-17T18:48:05Z,2026-08-17T18:48:05Z,
181.199.86.74,ipv4,malicious-ip,medium,WHITE,ziyadnz/hourly-ipv4,ziyadnz|hourly,2026-08-17T18:48:05Z,2026-08-17T18:48:05Z,
181.20.10.131,ipv4,malicious-ip,medium,WHITE,ziyadnz/hourly-ipv4,ziyadnz|hourly,2026-08-17T18:48:05Z,2026-08-17T18:48:05Z,
181.20.10.69,ipv4,malicious-ip,medium,WHITE,ziyadnz/hourly-ipv4,ziyadnz|hourly,2026-08-17T18:48:05Z,2026-08-17T18:48:05Z,
181.20.172.121,ipv4,malicious-ip,medium,WHITE,ziyadnz/hourly-ipv4,ziyadnz|hourly,2026-08-17T18:48:05Z,2026-08-17T18:48:05Z,
181.20.202.5,ipv4,malicious-ip,medium,WHITE,ziyadnz/hourly-ipv4,ziyadnz|hourly,2026-08-17T18:48:05Z,2026-08-17T18:48:05Z,
181.20.8.170,ipv4,malicious-ip,medium,WHITE,ziyadnz/hourly-ipv4,ziyadnz|hourly,2026-08-17T18:48:05Z,2026-08-17T18:48:05Z,
181.20.96.68,ipv4,malicious-ip,medium,WHITE,ziyadnz/hourly-ipv4,ziyadnz|hourly,2026-08-17T18:48:05Z,2026-08-17T18:48:05Z,
181.204.208.4,ipv4,malicious-ip,medium,WHITE,ziyadnz/hourly-ipv4,ziyadnz|hourly,2026-08-17T18:48:05Z,2026-08-17T18:48:05Z,
181.205.152.226,ipv4,malicious-ip,medium,WHITE,ziyadnz/hourly-ipv4,ziyadnz|hourly,2026-08-17T18:48:05Z,2026-08-17T18:48:05Z,
181.205.21.50,ipv4,malicious-ip,medium,WHITE,ziyadnz/hourly-ipv4,ziyadnz|hourly,2026-08-17T18:48:05Z,2026-08-17T18:48:05Z,
181.206.158.190,ipv4,malicious-ip,medium,WHITE,ziyadnz/hourly-ipv4,ziyadnz|hourly,2026-08-17T18:48:05Z,2026-08-17T18:48:05Z,
181.208.80.43,ipv4,malicious-ip,medium,WHITE,ziyadnz/hourly-ipv4,ziyadnz|hourly,2026-08-17T18:48:05Z,2026-08-17T18:48:05Z,
181.209.105.107,ipv4,malicious-ip,medium,WHITE,ziyadnz/hourly-ipv4,ziyadnz|hourly,2026-08-17T18:48:05Z,2026-08-17T18:48:05Z,
181.209.105.162,ipv4,malicious-ip,medium,WHITE,ziyadnz/hourly-ipv4,ziyadnz|hourly,2026-08-17T18:48:05Z,2026-08-17T18:48:05Z,
181.209.105.173,ipv4,malicious-ip,medium,WHITE,ziyadnz/hourly-ipv4,ziyadnz|hourly,2026-08-17T18:48:05Z,2026-08-17T18:48:05Z,
181.209.105.202,ipv4,malicious-ip,medium,WHITE,ziyadnz/hourly-ipv4,ziyadnz|hourly,2026-08-17T18:48:05Z,2026-08-17T18:48:05Z,
181.209.107.195,ipv4,malicious-ip,medium,WHITE,ziyadnz/hourly-ipv4,ziyadnz|hourly,2026-08-17T18:48:05Z,2026-08-17T18:48:05Z,
181.209.108.38,ipv4,malicious-ip,medium,WHITE,ziyadnz/hourly-ipv4,ziyadnz|hourly,2026-08-17T18:48:05Z,2026-08-17T18:48:05Z,
181.209.111.68,ipv4,malicious-ip,medium,WHITE,ziyadnz/hourly-ipv4,ziyadnz|hourly,2026-08-17T18:48:05Z,2026-08-17T18:48:05Z,
181.209.111.69,ipv4,malicious-ip,medium,WHITE,ziyadnz/hourly-ipv4,ziyadnz|hourly,2026-08-17T18:48:05Z,2026-08-17T18:48:05Z,
181.209.112.205,ipv4,malicious-ip,medium,WHITE,ziyadnz/hourly-ipv4,ziyadnz|hourly,2026-08-17T18:48:05Z,2026-08-17T18:48:05Z,
181.209.113.234,ipv4,malicious-ip,medium,WHITE,ziyadnz/hourly-ipv4,ziyadnz|hourly,2026-08-17T18:48:05Z,2026-08-17T18:48:05Z,
181.209.115.202,ipv4,malicious-ip,medium,WHITE,ziyadnz/hourly-ipv4,ziyadnz|hourly,2026-08-17T18:48:05Z,2026-08-17T18:48:05Z,
181.209.117.50,ipv4,malicious-ip,medium,WHITE,ziyadnz/hourly-ipv4,ziyadnz|hourly,2026-08-17T18:48:05Z,2026-08-17T18:48:05Z,
181.209.118.28,ipv4,malicious-ip,medium,WHITE,ziyadnz/hourly-ipv4,ziyadnz|hourly,2026-08-17T18:48:05Z,2026-08-17T18:48:05Z,
181.209.58.58,ipv4,malicious-ip,medium,WHITE,ziyadnz/hourly-ipv4,ziyadnz|hourly,2026-08-17T18:48:05Z,2026-08-17T18:48:05Z,
181.209.64.158,ipv4,malicious-ip,medium,WHITE,ziyadnz/hourly-ipv4,ziyadnz|hourly,2026-08-17T18:48:05Z,2026-08-17T18:48:05Z,
181.209.69.236,ipv4,malicious-ip,medium,WHITE,ziyadnz/hourly-ipv4,ziyadnz|hourly,2026-08-17T18:48:05Z,2026-08-17T18:48:05Z,
181.209.72.75,ipv4,malicious-ip,medium,WHITE,ziyadnz/hourly-ipv4,ziyadnz|hourly,2026-08-17T18:48:05Z,2026-08-17T18:48:05Z,
181.209.73.166,ipv4,malicious-ip,medium,WHITE,ziyadnz/hourly-ipv4,ziyadnz|hourly,2026-08-17T18:48:05Z,2026-08-17T18:48:05Z,
181.209.75.90,ipv4,malicious-ip,medium,WHITE,ziyadnz/hourly-ipv4,ziyadnz|hourly,2026-08-17T18:48:05Z,2026-08-17T18:48:05Z,
181.209.78.212,ipv4,malicious-ip,medium,WHITE,ziyadnz/hourly-ipv4,ziyadnz|hourly,2026-08-17T18:48:05Z,2026-08-17T18:48:05Z,
181.209.78.67,ipv4,malicious-ip,medium,WHITE,ziyadnz/hourly-ipv4,ziyadnz|hourly,2026-08-17T18:48:05Z,2026-08-17T18:48:05Z,
181.209.79.67,ipv4,malicious-ip,medium,WHITE,ziyadnz/hourly-ipv4,ziyadnz|hourly,2026-08-17T18:48:05Z,2026-08-17T18:48:05Z,
181.209.81.82,ipv4,malicious-ip,medium,WHITE,ziyadnz/hourly-ipv4,ziyadnz|hourly,2026-08-17T18:48:05Z,2026-08-17T18:48:05Z,
181.209.83.130,ipv4,malicious-ip,medium,WHITE,ziyadnz/hourly-ipv4,ziyadnz|hourly,2026-08-17T18:48:05Z,2026-08-17T18:48:05Z,
181.209.88.226,ipv4,malicious-ip,medium,WHITE,ziyadnz/hourly-ipv4,ziyadnz|hourly,2026-08-17T18:48:05Z,2026-08-17T18:48:05Z,
181.209.89.251,ipv4,malicious-ip,medium,WHITE,ziyadnz/hourly-ipv4,ziyadnz|hourly,2026-08-17T18:48:05Z,2026-08-17T18:48:05Z,
181.209.91.90,ipv4,malicious-ip,medium,WHITE,ziyadnz/hourly-ipv4,ziyadnz|hourly,2026-08-17T18:48:05Z,2026-08-17T18:48:05Z,
181.209.96.163,ipv4,malicious-ip,medium,WHITE,ziyadnz/hourly-ipv4,ziyadnz|hourly,2026-08-17T18:48:05Z,2026-08-17T18:48:05Z,
181.209.97.170,ipv4,malicious-ip,medium,WHITE,ziyadnz/hourly-ipv4,ziyadnz|hourly,2026-08-17T18:48:05Z,2026-08-17T18:48:05Z,
181.209.99.204,ipv4,malicious-ip,medium,WHITE,ziyadnz/hourly-ipv4,ziyadnz|hourly,2026-08-17T18:48:05Z,2026-08-17T18:48:05Z,
181.211.244.250,ipv4,malicious-ip,medium,WHITE,ziyadnz/hourly-ipv4,ziyadnz|hourly,2026-08-17T18:48:05Z,2026-08-17T18:48:05Z,
181.211.250.118,ipv4,malicious-ip,medium,WHITE,ziyadnz/hourly-ipv4,ziyadnz|hourly,2026-08-17T18:48:05Z,2026-08-17T18:48:05Z,
181.212.0.26,ipv4,malicious-ip,medium,WHITE,ziyadnz/hourly-ipv4,ziyadnz|hourly,2026-08-17T18:48:05Z,2026-08-17T18:48:05Z,
181.212.174.164,ipv4,malicious-ip,medium,WHITE,ziyadnz/hourly-ipv4,ziyadnz|hourly,2026-08-17T18:48:05Z,2026-08-17T18:48:05Z,
181.212.174.166,ipv4,malicious-ip,medium,WHITE,ziyadnz/hourly-ipv4,ziyadnz|hourly,2026-08-17T18:48:05Z,2026-08-17T18:48:05Z,
181.213.70.62,ipv4,malicious-ip,medium,WHITE,ziyadnz/hourly-ipv4,ziyadnz|hourly,2026-08-17T18:48:05Z,2026-08-17T18:48:05Z,
181.214.140.97,ipv4,malicious-ip,medium,WHITE,ziyadnz/hourly-ipv4,ziyadnz|hourly,2026-08-17T18:48:05Z,2026-08-17T18:48:05Z,
181.214.223.126,ipv4,malicious-ip,medium,WHITE,ziyadnz/hourly-ipv4,ziyadnz|hourly,2026-08-17T18:48:05Z,2026-08-17T18:48:05Z,
181.214.223.187,ipv4,malicious-ip,medium,WHITE,ziyadnz/hourly-ipv4,ziyadnz|hourly,2026-08-17T18:48:05Z,2026-08-17T18:48:05Z,
181.214.223.214,ipv4,malicious-ip,medium,WHITE,ziyadnz/hourly-ipv4,ziyadnz|hourly,2026-08-17T18:48:05Z,2026-08-17T18:48:05Z,
181.214.223.8,ipv4,malicious-ip,medium,WHITE,ziyadnz/hourly-ipv4,ziyadnz|hourly,2026-08-17T18:48:05Z,2026-08-17T18:48:05Z,
181.214.223.96,ipv4,malicious-ip,medium,WHITE,ziyadnz/hourly-ipv4,ziyadnz|hourly,2026-08-17T18:48:05Z,2026-08-17T18:48:05Z,
181.214.226.109,ipv4,malicious-ip,medium,WHITE,ziyadnz/hourly-ipv4,ziyadnz|hourly,2026-08-17T18:48:05Z,2026-08-17T18:48:05Z,
181.214.58.14,ipv4,malicious-ip,medium,WHITE,ziyadnz/hourly-ipv4,ziyadnz|hourly,2026-08-17T18:48:05Z,2026-08-17T18:48:05Z,
181.215.16.116,ipv4,malicious-ip,medium,WHITE,ziyadnz/hourly-ipv4,ziyadnz|hourly,2026-08-17T18:48:05Z,2026-08-17T18:48:05Z,
181.215.182.64,ipv4,malicious-ip,medium,WHITE,ziyadnz/hourly-ipv4,ziyadnz|hourly,2026-08-17T18:48:05Z,2026-08-17T18:48:05Z,
181.215.226.168,ipv4,malicious-ip,medium,WHITE,ziyadnz/hourly-ipv4,ziyadnz|hourly,2026-08-17T18:48:05Z,2026-08-17T18:48:05Z,
181.215.246.155,ipv4,malicious-ip,medium,WHITE,ziyadnz/hourly-ipv4,ziyadnz|hourly,2026-08-17T18:48:05Z,2026-08-17T18:48:05Z,
181.215.47.98,ipv4,malicious-ip,medium,WHITE,ziyadnz/hourly-ipv4,ziyadnz|hourly,2026-08-17T18:48:05Z,2026-08-17T18:48:05Z,
181.215.65.0,ipv4,malicious-ip,medium,WHITE,ziyadnz/hourly-ipv4,ziyadnz|hourly,2026-08-17T18:48:05Z,2026-08-17T18:48:05Z,
181.215.65.103,ipv4,malicious-ip,medium,WHITE,ziyadnz/hourly-ipv4,ziyadnz|hourly,2026-08-17T18:48:05Z,2026-08-17T18:48:05Z,
181.215.65.105,ipv4,malicious-ip,medium,WHITE,ziyadnz/hourly-ipv4,ziyadnz|hourly,2026-08-17T18:48:05Z,2026-08-17T18:48:05Z,
181.215.65.106,ipv4,malicious-ip,medium,WHITE,ziyadnz/hourly-ipv4,ziyadnz|hourly,2026-08-17T18:48:05Z,2026-08-17T18:48:05Z,
181.215.65.109,ipv4,malicious-ip,medium,WHITE,ziyadnz/hourly-ipv4,ziyadnz|hourly,2026-08-17T18:48:05Z,2026-08-17T18:48:05Z,
181.215.65.144,ipv4,malicious-ip,medium,WHITE,ziyadnz/hourly-ipv4,ziyadnz|hourly,2026-08-17T18:48:05Z,2026-08-17T18:48:05Z,
181.215.65.95,ipv4,malicious-ip,medium,WHITE,ziyadnz/hourly-ipv4,ziyadnz|hourly,2026-08-17T18:48:05Z,2026-08-17T18:48:05Z,
181.215.9.29,ipv4,malicious-ip,medium,WHITE,ziyadnz/hourly-ipv4,ziyadnz|hourly,2026-08-17T18:48:05Z,2026-08-17T18:48:05Z,
181.216.62.185,ipv4,malicious-ip,medium,WHITE,ziyadnz/hourly-ipv4,ziyadnz|hourly,2026-08-17T18:48:05Z,2026-08-17T18:48:05Z,
181.216.63.5,ipv4,malicious-ip,medium,WHITE,ziyadnz/hourly-ipv4,ziyadnz|hourly,2026-08-17T18:48:05Z,2026-08-17T18:48:05Z,
181.217.162.32,ipv4,malicious-ip,medium,WHITE,ziyadnz/hourly-ipv4,ziyadnz|hourly,2026-08-17T18:48:05Z,2026-08-17T18:48:05Z,
181.217.43.39,ipv4,malicious-ip,medium,WHITE,ziyadnz/hourly-ipv4,ziyadnz|hourly,2026-08-17T18:48:05Z,2026-08-17T18:48:05Z,
181.218.9.86,ipv4,malicious-ip,medium,WHITE,ziyadnz/hourly-ipv4,ziyadnz|hourly,2026-08-17T18:48:05Z,2026-08-17T18:48:05Z,
181.219.217.24,ipv4,malicious-ip,medium,WHITE,ziyadnz/hourly-ipv4,ziyadnz|hourly,2026-08-17T18:48:05Z,2026-08-17T18:48:05Z,
181.220.176.117,ipv4,malicious-ip,medium,WHITE,ziyadnz/hourly-ipv4,ziyadnz|hourly,2026-08-17T18:48:05Z,2026-08-17T18:48:05Z,
181.220.4.146,ipv4,malicious-ip,medium,WHITE,ziyadnz/hourly-ipv4,ziyadnz|hourly,2026-08-17T18:48:05Z,2026-08-17T18:48:05Z,
181.221.221.4,ipv4,malicious-ip,medium,WHITE,ziyadnz/hourly-ipv4,ziyadnz|hourly,2026-08-17T18:48:05Z,2026-08-17T18:48:05Z,
181.221.247.97,ipv4,malicious-ip,medium,WHITE,ziyadnz/hourly-ipv4,ziyadnz|hourly,2026-08-17T18:48:05Z,2026-08-17T18:48:05Z,
181.221.47.149,ipv4,malicious-ip,medium,WHITE,ziyadnz/hourly-ipv4,ziyadnz|hourly,2026-08-17T18:48:05Z,2026-08-17T18:48:05Z,
181.222.102.52,ipv4,malicious-ip,medium,WHITE,ziyadnz/hourly-ipv4,ziyadnz|hourly,2026-08-17T18:48:05Z,2026-08-17T18:48:05Z,
181.223.110.203,ipv4,malicious-ip,medium,WHITE,ziyadnz/hourly-ipv4,ziyadnz|hourly,2026-08-17T18:48:05Z,2026-08-17T18:48:05Z,
181.223.111.130,ipv4,malicious-ip,medium,WHITE,ziyadnz/hourly-ipv4,ziyadnz|hourly,2026-08-17T18:48:05Z,2026-08-17T18:48:05Z,
181.224.10.111,ipv4,malicious-ip,medium,WHITE,ziyadnz/hourly-ipv4,ziyadnz|hourly,2026-08-17T18:48:05Z,2026-08-17T18:48:05Z,
181.224.223.0,ipv4,malicious-ip,medium,WHITE,ziyadnz/hourly-ipv4,ziyadnz|hourly,2026-08-17T18:48:05Z,2026-08-17T18:48:05Z,
181.224.223.106,ipv4,malicious-ip,medium,WHITE,ziyadnz/hourly-ipv4,ziyadnz|hourly,2026-08-17T18:48:05Z,2026-08-17T18:48:05Z,
181.224.223.107,ipv4,malicious-ip,medium,WHITE,ziyadnz/hourly-ipv4,ziyadnz|hourly,2026-08-17T18:48:05Z,2026-08-17T18:48:05Z,
181.224.223.108,ipv4,malicious-ip,medium,WHITE,ziyadnz/hourly-ipv4,ziyadnz|hourly,2026-08-17T18:48:05Z,2026-08-17T18:48:05Z,
181.224.223.109,ipv4,malicious-ip,medium,WHITE,ziyadnz/hourly-ipv4,ziyadnz|hourly,2026-08-17T18:48:05Z,2026-08-17T18:48:05Z,
181.224.223.110,ipv4,malicious-ip,medium,WHITE,ziyadnz/hourly-ipv4,ziyadnz|hourly,2026-08-17T18:48:05Z,2026-08-17T18:48:05Z,
181.224.223.120,ipv4,malicious-ip,medium,WHITE,ziyadnz/hourly-ipv4,ziyadnz|hourly,2026-08-17T18:48:05Z,2026-08-17T18:48:05Z,
181.224.223.146,ipv4,malicious-ip,medium,WHITE,ziyadnz/hourly-ipv4,ziyadnz|hourly,2026-08-17T18:48:05Z,2026-08-17T18:48:05Z,
181.224.223.149,ipv4,malicious-ip,medium,WHITE,ziyadnz/hourly-ipv4,ziyadnz|hourly,2026-08-17T18:48:05Z,2026-08-17T18:48:05Z,
181.224.223.15,ipv4,malicious-ip,medium,WHITE,ziyadnz/hourly-ipv4,ziyadnz|hourly,2026-08-17T18:48:05Z,2026-08-17T18:48:05Z,
181.224.223.16,ipv4,malicious-ip,medium,WHITE,ziyadnz/hourly-ipv4,ziyadnz|hourly,2026-08-17T18:48:05Z,2026-08-17T18:48:05Z,
181.224.223.212,ipv4,malicious-ip,medium,WHITE,ziyadnz/hourly-ipv4,ziyadnz|hourly,2026-08-17T18:48:05Z,2026-08-17T18:48:05Z,
181.224.223.58,ipv4,malicious-ip,medium,WHITE,ziyadnz/hourly-ipv4,ziyadnz|hourly,2026-08-17T18:48:05Z,2026-08-17T18:48:05Z,
181.224.223.70,ipv4,malicious-ip,medium,WHITE,ziyadnz/hourly-ipv4,ziyadnz|hourly,2026-08-17T18:48:05Z,2026-08-17T18:48:05Z,
181.224.223.94,ipv4,malicious-ip,medium,WHITE,ziyadnz/hourly-ipv4,ziyadnz|hourly,2026-08-17T18:48:05Z,2026-08-17T18:48:05Z,
181.224.3.187,ipv4,malicious-ip,medium,WHITE,ziyadnz/hourly-ipv4,ziyadnz|hourly,2026-08-17T18:48:05Z,2026-08-17T18:48:05Z,
181.224.66.22,ipv4,malicious-ip,medium,WHITE,ziyadnz/hourly-ipv4,ziyadnz|hourly,2026-08-17T18:48:05Z,2026-08-17T18:48:05Z,
181.224.66.228,ipv4,malicious-ip,medium,WHITE,ziyadnz/hourly-ipv4,ziyadnz|hourly,2026-08-17T18:48:05Z,2026-08-17T18:48:05Z,
181.224.66.251,ipv4,malicious-ip,medium,WHITE,ziyadnz/hourly-ipv4,ziyadnz|hourly,2026-08-17T18:48:05Z,2026-08-17T18:48:05Z,
181.224.94.124,ipv4,malicious-ip,medium,WHITE,ziyadnz/hourly-ipv4,ziyadnz|hourly,2026-08-17T18:48:05Z,2026-08-17T18:48:05Z,
181.225.101.130,ipv4,malicious-ip,medium,WHITE,ziyadnz/hourly-ipv4,ziyadnz|hourly,2026-08-17T18:48:05Z,2026-08-17T18:48:05Z,
181.225.154.7,ipv4,malicious-ip,medium,WHITE,ziyadnz/hourly-ipv4,ziyadnz|hourly,2026-08-17T18:48:05Z,2026-08-17T18:48:05Z,
181.225.170.143,ipv4,malicious-ip,medium,WHITE,ziyadnz/hourly-ipv4,ziyadnz|hourly,2026-08-17T18:48:05Z,2026-08-17T18:48:05Z,
181.225.190.253,ipv4,malicious-ip,medium,WHITE,ziyadnz/hourly-ipv4,ziyadnz|hourly,2026-08-17T18:48:05Z,2026-08-17T18:48:05Z,
181.225.198.242,ipv4,malicious-ip,medium,WHITE,ziyadnz/hourly-ipv4,ziyadnz|hourly,2026-08-17T18:48:05Z,2026-08-17T18:48:05Z,
181.225.198.254,ipv4,malicious-ip,medium,WHITE,ziyadnz/hourly-ipv4,ziyadnz|hourly,2026-08-17T18:48:05Z,2026-08-17T18:48:05Z,
181.225.206.160,ipv4,malicious-ip,medium,WHITE,ziyadnz/hourly-ipv4,ziyadnz|hourly,2026-08-17T18:48:05Z,2026-08-17T18:48:05Z,
181.225.32.48,ipv4,malicious-ip,medium,WHITE,ziyadnz/hourly-ipv4,ziyadnz|hourly,2026-08-17T18:48:05Z,2026-08-17T18:48:05Z,
181.225.32.49,ipv4,malicious-ip,medium,WHITE,ziyadnz/hourly-ipv4,ziyadnz|hourly,2026-08-17T18:48:05Z,2026-08-17T18:48:05Z,
181.225.32.50,ipv4,malicious-ip,medium,WHITE,ziyadnz/hourly-ipv4,ziyadnz|hourly,2026-08-17T18:48:05Z,2026-08-17T18:48:05Z,
181.225.32.51,ipv4,malicious-ip,medium,WHITE,ziyadnz/hourly-ipv4,ziyadnz|hourly,2026-08-17T18:48:05Z,2026-08-17T18:48:05Z,
181.225.50.2,ipv4,malicious-ip,medium,WHITE,ziyadnz/hourly-ipv4,ziyadnz|hourly,2026-08-17T18:48:05Z,2026-08-17T18:48:05Z,
181.226.21.119,ipv4,malicious-ip,medium,WHITE,ziyadnz/hourly-ipv4,ziyadnz|hourly,2026-08-17T18:48:05Z,2026-08-17T18:48:05Z,
181.226.217.113,ipv4,malicious-ip,medium,WHITE,ziyadnz/hourly-ipv4,ziyadnz|hourly,2026-08-17T18:48:05Z,2026-08-17T18:48:05Z,
181.226.57.244,ipv4,malicious-ip,medium,WHITE,ziyadnz/hourly-ipv4,ziyadnz|hourly,2026-08-17T18:48:05Z,2026-08-17T18:48:05Z,
181.23.113.121,ipv4,malicious-ip,medium,WHITE,ziyadnz/hourly-ipv4,ziyadnz|hourly,2026-08-17T18:48:05Z,2026-08-17T18:48:05Z,
181.23.125.122,ipv4,malicious-ip,medium,WHITE,ziyadnz/hourly-ipv4,ziyadnz|hourly,2026-08-17T18:48:05Z,2026-08-17T18:48:05Z,
181.23.148.248,ipv4,malicious-ip,medium,WHITE,ziyadnz/hourly-ipv4,ziyadnz|hourly,2026-08-17T18:48:05Z,2026-08-17T18:48:05Z,
181.23.153.108,ipv4,malicious-ip,medium,WHITE,ziyadnz/hourly-ipv4,ziyadnz|hourly,2026-08-17T18:48:05Z,2026-08-17T18:48:05Z,
181.23.32.135,ipv4,malicious-ip,medium,WHITE,ziyadnz/hourly-ipv4,ziyadnz|hourly,2026-08-17T18:48:05Z,2026-08-17T18:48:05Z,
181.23.38.75,ipv4,malicious-ip,medium,WHITE,ziyadnz/hourly-ipv4,ziyadnz|hourly,2026-08-17T18:48:05Z,2026-08-17T18:48:05Z,
181.23.45.241,ipv4,malicious-ip,medium,WHITE,ziyadnz/hourly-ipv4,ziyadnz|hourly,2026-08-17T18:48:05Z,2026-08-17T18:48:05Z,
181.23.85.233,ipv4,malicious-ip,medium,WHITE,ziyadnz/hourly-ipv4,ziyadnz|hourly,2026-08-17T18:48:05Z,2026-08-17T18:48:05Z,
181.230.155.239,ipv4,malicious-ip,medium,WHITE,ziyadnz/hourly-ipv4,ziyadnz|hourly,2026-08-17T18:48:05Z,2026-08-17T18:48:05Z,
181.230.217.117,ipv4,malicious-ip,medium,WHITE,ziyadnz/hourly-ipv4,ziyadnz|hourly,2026-08-17T18:48:05Z,2026-08-17T18:48:05Z,
181.230.234.235,ipv4,malicious-ip,medium,WHITE,ziyadnz/hourly-ipv4,ziyadnz|hourly,2026-08-17T18:48:05Z,2026-08-17T18:48:05Z,
181.231.175.239,ipv4,malicious-ip,medium,WHITE,ziyadnz/hourly-ipv4,ziyadnz|hourly,2026-08-17T18:48:05Z,2026-08-17T18:48:05Z,
181.231.196.74,ipv4,malicious-ip,medium,WHITE,ziyadnz/hourly-ipv4,ziyadnz|hourly,2026-08-17T18:48:05Z,2026-08-17T18:48:05Z,
181.231.249.45,ipv4,malicious-ip,medium,WHITE,ziyadnz/hourly-ipv4,ziyadnz|hourly,2026-08-17T18:48:05Z,2026-08-17T18:48:05Z,
181.231.253.69,ipv4,malicious-ip,medium,WHITE,ziyadnz/hourly-ipv4,ziyadnz|hourly,2026-08-17T18:48:05Z,2026-08-17T18:48:05Z,
181.232.220.151,ipv4,malicious-ip,medium,WHITE,ziyadnz/hourly-ipv4,ziyadnz|hourly,2026-08-17T18:48:05Z,2026-08-17T18:48:05Z,
181.232.239.30,ipv4,malicious-ip,medium,WHITE,ziyadnz/hourly-ipv4,ziyadnz|hourly,2026-08-17T18:48:05Z,2026-08-17T18:48:05Z,
181.232.242.106,ipv4,malicious-ip,medium,WHITE,ziyadnz/hourly-ipv4,ziyadnz|hourly,2026-08-17T18:48:05Z,2026-08-17T18:48:05Z,
181.232.252.95,ipv4,malicious-ip,medium,WHITE,ziyadnz/hourly-ipv4,ziyadnz|hourly,2026-08-17T18:48:05Z,2026-08-17T18:48:05Z,
181.232.255.243,ipv4,malicious-ip,medium,WHITE,ziyadnz/hourly-ipv4,ziyadnz|hourly,2026-08-17T18:48:05Z,2026-08-17T18:48:05Z,
181.233.109.104,ipv4,malicious-ip,medium,WHITE,ziyadnz/hourly-ipv4,ziyadnz|hourly,2026-08-17T18:48:05Z,2026-08-17T18:48:05Z,
181.233.152.49,ipv4,malicious-ip,medium,WHITE,ziyadnz/hourly-ipv4,ziyadnz|hourly,2026-08-17T18:48:05Z,2026-08-17T18:48:05Z,
181.233.164.169,ipv4,malicious-ip,medium,WHITE,ziyadnz/hourly-ipv4,ziyadnz|hourly,2026-08-17T18:48:05Z,2026-08-17T18:48:05Z,
181.233.191.41,ipv4,malicious-ip,medium,WHITE,ziyadnz/hourly-ipv4,ziyadnz|hourly,2026-08-17T18:48:05Z,2026-08-17T18:48:05Z,
181.233.91.168,ipv4,malicious-ip,medium,WHITE,ziyadnz/hourly-ipv4,ziyadnz|hourly,2026-08-17T18:48:05Z,2026-08-17T18:48:05Z,
181.234.16.21,ipv4,malicious-ip,medium,WHITE,ziyadnz/hourly-ipv4,ziyadnz|hourly,2026-08-17T18:48:05Z,2026-08-17T18:48:05Z,
181.234.3.60,ipv4,malicious-ip,medium,WHITE,ziyadnz/hourly-ipv4,ziyadnz|hourly,2026-08-17T18:48:05Z,2026-08-17T18:48:05Z,
181.234.40.34,ipv4,malicious-ip,medium,WHITE,ziyadnz/hourly-ipv4,ziyadnz|hourly,2026-08-17T18:48:05Z,2026-08-17T18:48:05Z,
181.234.47.214,ipv4,malicious-ip,medium,WHITE,ziyadnz/hourly-ipv4,ziyadnz|hourly,2026-08-17T18:48:05Z,2026-08-17T18:48:05Z,
181.237.101.142,ipv4,malicious-ip,medium,WHITE,ziyadnz/hourly-ipv4,ziyadnz|hourly,2026-08-17T18:48:05Z,2026-08-17T18:48:05Z,
181.237.104.185,ipv4,malicious-ip,medium,WHITE,ziyadnz/hourly-ipv4,ziyadnz|hourly,2026-08-17T18:48:05Z,2026-08-17T18:48:05Z,
181.237.105.164,ipv4,malicious-ip,medium,WHITE,ziyadnz/hourly-ipv4,ziyadnz|hourly,2026-08-17T18:48:05Z,2026-08-17T18:48:05Z,
181.237.198.33,ipv4,malicious-ip,medium,WHITE,ziyadnz/hourly-ipv4,ziyadnz|hourly,2026-08-17T18:48:05Z,2026-08-17T18:48:05Z,
181.237.96.68,ipv4,malicious-ip,medium,WHITE,ziyadnz/hourly-ipv4,ziyadnz|hourly,2026-08-17T18:48:05Z,2026-08-17T18:48:05Z,
181.24.8.96,ipv4,malicious-ip,medium,WHITE,ziyadnz/hourly-ipv4,ziyadnz|hourly,2026-08-17T18:48:05Z,2026-08-17T18:48:05Z,
181.25.1.78,ipv4,malicious-ip,medium,WHITE,ziyadnz/hourly-ipv4,ziyadnz|hourly,2026-08-17T18:48:05Z,2026-08-17T18:48:05Z,
181.25.14.127,ipv4,malicious-ip,medium,WHITE,ziyadnz/hourly-ipv4,ziyadnz|hourly,2026-08-17T18:48:05Z,2026-08-17T18:48:05Z,
181.25.192.215,ipv4,malicious-ip,medium,WHITE,ziyadnz/hourly-ipv4,ziyadnz|hourly,2026-08-17T18:48:05Z,2026-08-17T18:48:05Z,
181.25.211.144,ipv4,malicious-ip,medium,WHITE,ziyadnz/hourly-ipv4,ziyadnz|hourly,2026-08-17T18:48:05Z,2026-08-17T18:48:05Z,
181.25.52.58,ipv4,malicious-ip,medium,WHITE,ziyadnz/hourly-ipv4,ziyadnz|hourly,2026-08-17T18:48:05Z,2026-08-17T18:48:05Z,
181.26.155.166,ipv4,malicious-ip,medium,WHITE,ziyadnz/hourly-ipv4,ziyadnz|hourly,2026-08-17T18:48:05Z,2026-08-17T18:48:05Z,
181.26.164.109,ipv4,malicious-ip,medium,WHITE,ziyadnz/hourly-ipv4,ziyadnz|hourly,2026-08-17T18:48:05Z,2026-08-17T18:48:05Z,
181.26.173.241,ipv4,malicious-ip,medium,WHITE,ziyadnz/hourly-ipv4,ziyadnz|hourly,2026-08-17T18:48:05Z,2026-08-17T18:48:05Z,
181.26.175.54,ipv4,malicious-ip,medium,WHITE,ziyadnz/hourly-ipv4,ziyadnz|hourly,2026-08-17T18:48:05Z,2026-08-17T18:48:05Z,
181.26.196.126,ipv4,malicious-ip,medium,WHITE,ziyadnz/hourly-ipv4,ziyadnz|hourly,2026-08-17T18:48:05Z,2026-08-17T18:48:05Z,
181.26.199.29,ipv4,malicious-ip,medium,WHITE,ziyadnz/hourly-ipv4,ziyadnz|hourly,2026-08-17T18:48:05Z,2026-08-17T18:48:05Z,
181.26.99.104,ipv4,malicious-ip,medium,WHITE,ziyadnz/hourly-ipv4,ziyadnz|hourly,2026-08-17T18:48:05Z,2026-08-17T18:48:05Z,
181.28.163.241,ipv4,malicious-ip,medium,WHITE,ziyadnz/hourly-ipv4,ziyadnz|hourly,2026-08-17T18:48:05Z,2026-08-17T18:48:05Z,
181.31.152.43,ipv4,malicious-ip,medium,WHITE,ziyadnz/hourly-ipv4,ziyadnz|hourly,2026-08-17T18:48:05Z,2026-08-17T18:48:05Z,
181.31.159.199,ipv4,malicious-ip,medium,WHITE,ziyadnz/hourly-ipv4,ziyadnz|hourly,2026-08-17T18:48:05Z,2026-08-17T18:48:05Z,
181.31.32.28,ipv4,malicious-ip,medium,WHITE,ziyadnz/hourly-ipv4,ziyadnz|hourly,2026-08-17T18:48:05Z,2026-08-17T18:48:05Z,
181.31.45.2,ipv4,malicious-ip,medium,WHITE,ziyadnz/hourly-ipv4,ziyadnz|hourly,2026-08-17T18:48:05Z,2026-08-17T18:48:05Z,
181.31.60.139,ipv4,malicious-ip,medium,WHITE,ziyadnz/hourly-ipv4,ziyadnz|hourly,2026-08-17T18:48:05Z,2026-08-17T18:48:05Z,
181.32.239.221,ipv4,malicious-ip,medium,WHITE,ziyadnz/hourly-ipv4,ziyadnz|hourly,2026-08-17T18:48:05Z,2026-08-17T18:48:05Z,
181.33.170.175,ipv4,malicious-ip,medium,WHITE,ziyadnz/hourly-ipv4,ziyadnz|hourly,2026-08-17T18:48:05Z,2026-08-17T18:48:05Z,
181.33.206.194,ipv4,malicious-ip,medium,WHITE,ziyadnz/hourly-ipv4,ziyadnz|hourly,2026-08-17T18:48:05Z,2026-08-17T18:48:05Z,
181.37.218.7,ipv4,malicious-ip,medium,WHITE,ziyadnz/hourly-ipv4,ziyadnz|hourly,2026-08-17T18:48:05Z,2026-08-17T18:48:05Z,
181.39.125.152,ipv4,malicious-ip,medium,WHITE,ziyadnz/hourly-ipv4,ziyadnz|hourly,2026-08-17T18:48:05Z,2026-08-17T18:48:05Z,
181.39.158.30,ipv4,malicious-ip,medium,WHITE,ziyadnz/hourly-ipv4,ziyadnz|hourly,2026-08-17T18:48:05Z,2026-08-17T18:48:05Z,
181.39.25.196,ipv4,malicious-ip,medium,WHITE,ziyadnz/hourly-ipv4,ziyadnz|hourly,2026-08-17T18:48:05Z,2026-08-17T18:48:05Z,
181.40.19.203,ipv4,malicious-ip,medium,WHITE,ziyadnz/hourly-ipv4,ziyadnz|hourly,2026-08-17T18:48:05Z,2026-08-17T18:48:05Z,
181.41.206.158,ipv4,malicious-ip,medium,WHITE,ziyadnz/hourly-ipv4,ziyadnz|hourly,2026-08-17T18:48:05Z,2026-08-17T18:48:05Z,
181.41.206.220,ipv4,malicious-ip,medium,WHITE,ziyadnz/hourly-ipv4,ziyadnz|hourly,2026-08-17T18:48:05Z,2026-08-17T18:48:05Z,
181.41.225.125,ipv4,malicious-ip,medium,WHITE,ziyadnz/hourly-ipv4,ziyadnz|hourly,2026-08-17T18:48:05Z,2026-08-17T18:48:05Z,
181.41.235.111,ipv4,malicious-ip,medium,WHITE,ziyadnz/hourly-ipv4,ziyadnz|hourly,2026-08-17T18:48:05Z,2026-08-17T18:48:05Z,
181.41.235.125,ipv4,malicious-ip,medium,WHITE,ziyadnz/hourly-ipv4,ziyadnz|hourly,2026-08-17T18:48:05Z,2026-08-17T18:48:05Z,
181.41.236.164,ipv4,malicious-ip,medium,WHITE,ziyadnz/hourly-ipv4,ziyadnz|hourly,2026-08-17T18:48:05Z,2026-08-17T18:48:05Z,
181.41.242.205,ipv4,malicious-ip,medium,WHITE,ziyadnz/hourly-ipv4,ziyadnz|hourly,2026-08-17T18:48:05Z,2026-08-17T18:48:05Z,
181.41.245.12,ipv4,malicious-ip,medium,WHITE,ziyadnz/hourly-ipv4,ziyadnz|hourly,2026-08-17T18:48:05Z,2026-08-17T18:48:05Z,
181.41.245.139,ipv4,malicious-ip,medium,WHITE,ziyadnz/hourly-ipv4,ziyadnz|hourly,2026-08-17T18:48:05Z,2026-08-17T18:48:05Z,
181.41.245.141,ipv4,malicious-ip,medium,WHITE,ziyadnz/hourly-ipv4,ziyadnz|hourly,2026-08-17T18:48:05Z,2026-08-17T18:48:05Z,
181.42.132.240,ipv4,malicious-ip,medium,WHITE,ziyadnz/hourly-ipv4,ziyadnz|hourly,2026-08-17T18:48:05Z,2026-08-17T18:48:05Z,
181.42.142.52,ipv4,malicious-ip,medium,WHITE,ziyadnz/hourly-ipv4,ziyadnz|hourly,2026-08-17T18:48:05Z,2026-08-17T18:48:05Z,
181.42.16.13,ipv4,malicious-ip,medium,WHITE,ziyadnz/hourly-ipv4,ziyadnz|hourly,2026-08-17T18:48:05Z,2026-08-17T18:48:05Z,
181.42.177.223,ipv4,malicious-ip,medium,WHITE,ziyadnz/hourly-ipv4,ziyadnz|hourly,2026-08-17T18:48:05Z,2026-08-17T18:48:05Z,
181.42.187.130,ipv4,malicious-ip,medium,WHITE,ziyadnz/hourly-ipv4,ziyadnz|hourly,2026-08-17T18:48:05Z,2026-08-17T18:48:05Z,
181.42.19.159,ipv4,malicious-ip,medium,WHITE,ziyadnz/hourly-ipv4,ziyadnz|hourly,2026-08-17T18:48:05Z,2026-08-17T18:48:05Z,
181.43.209.136,ipv4,malicious-ip,medium,WHITE,ziyadnz/hourly-ipv4,ziyadnz|hourly,2026-08-17T18:48:05Z,2026-08-17T18:48:05Z,
181.43.211.210,ipv4,malicious-ip,medium,WHITE,ziyadnz/hourly-ipv4,ziyadnz|hourly,2026-08-17T18:48:05Z,2026-08-17T18:48:05Z,
181.43.215.197,ipv4,malicious-ip,medium,WHITE,ziyadnz/hourly-ipv4,ziyadnz|hourly,2026-08-17T18:48:05Z,2026-08-17T18:48:05Z,
181.43.243.157,ipv4,malicious-ip,medium,WHITE,ziyadnz/hourly-ipv4,ziyadnz|hourly,2026-08-17T18:48:05Z,2026-08-17T18:48:05Z,
181.43.37.120,ipv4,malicious-ip,medium,WHITE,ziyadnz/hourly-ipv4,ziyadnz|hourly,2026-08-17T18:48:05Z,2026-08-17T18:48:05Z,
181.44.116.45,ipv4,malicious-ip,medium,WHITE,ziyadnz/hourly-ipv4,ziyadnz|hourly,2026-08-17T18:48:05Z,2026-08-17T18:48:05Z,
181.44.130.176,ipv4,malicious-ip,medium,WHITE,ziyadnz/hourly-ipv4,ziyadnz|hourly,2026-08-17T18:48:05Z,2026-08-17T18:48:05Z,
181.44.141.102,ipv4,malicious-ip,medium,WHITE,ziyadnz/hourly-ipv4,ziyadnz|hourly,2026-08-17T18:48:05Z,2026-08-17T18:48:05Z,
181.44.170.243,ipv4,malicious-ip,medium,WHITE,ziyadnz/hourly-ipv4,ziyadnz|hourly,2026-08-17T18:48:05Z,2026-08-17T18:48:05Z,
181.44.184.104,ipv4,malicious-ip,medium,WHITE,ziyadnz/hourly-ipv4,ziyadnz|hourly,2026-08-17T18:48:05Z,2026-08-17T18:48:05Z,
181.44.184.132,ipv4,malicious-ip,medium,WHITE,ziyadnz/hourly-ipv4,ziyadnz|hourly,2026-08-17T18:48:05Z,2026-08-17T18:48:05Z,
181.44.184.237,ipv4,malicious-ip,medium,WHITE,ziyadnz/hourly-ipv4,ziyadnz|hourly,2026-08-17T18:48:05Z,2026-08-17T18:48:05Z,
181.44.189.13,ipv4,malicious-ip,medium,WHITE,ziyadnz/hourly-ipv4,ziyadnz|hourly,2026-08-17T18:48:05Z,2026-08-17T18:48:05Z,
181.44.194.54,ipv4,malicious-ip,medium,WHITE,ziyadnz/hourly-ipv4,ziyadnz|hourly,2026-08-17T18:48:05Z,2026-08-17T18:48:05Z,
181.45.117.127,ipv4,malicious-ip,medium,WHITE,ziyadnz/hourly-ipv4,ziyadnz|hourly,2026-08-17T18:48:05Z,2026-08-17T18:48:05Z,
181.45.117.14,ipv4,malicious-ip,medium,WHITE,ziyadnz/hourly-ipv4,ziyadnz|hourly,2026-08-17T18:48:05Z,2026-08-17T18:48:05Z,
181.45.117.156,ipv4,malicious-ip,medium,WHITE,ziyadnz/hourly-ipv4,ziyadnz|hourly,2026-08-17T18:48:05Z,2026-08-17T18:48:05Z,
181.45.132.109,ipv4,malicious-ip,medium,WHITE,ziyadnz/hourly-ipv4,ziyadnz|hourly,2026-08-17T18:48:05Z,2026-08-17T18:48:05Z,
181.45.132.214,ipv4,malicious-ip,medium,WHITE,ziyadnz/hourly-ipv4,ziyadnz|hourly,2026-08-17T18:48:05Z,2026-08-17T18:48:05Z,
181.45.132.54,ipv4,malicious-ip,medium,WHITE,ziyadnz/hourly-ipv4,ziyadnz|hourly,2026-08-17T18:48:05Z,2026-08-17T18:48:05Z,
181.45.132.97,ipv4,malicious-ip,medium,WHITE,ziyadnz/hourly-ipv4,ziyadnz|hourly,2026-08-17T18:48:05Z,2026-08-17T18:48:05Z,
181.45.133.183,ipv4,malicious-ip,medium,WHITE,ziyadnz/hourly-ipv4,ziyadnz|hourly,2026-08-17T18:48:05Z,2026-08-17T18:48:05Z,
181.45.135.50,ipv4,malicious-ip,medium,WHITE,ziyadnz/hourly-ipv4,ziyadnz|hourly,2026-08-17T18:48:05Z,2026-08-17T18:48:05Z,
181.45.135.97,ipv4,malicious-ip,medium,WHITE,ziyadnz/hourly-ipv4,ziyadnz|hourly,2026-08-17T18:48:05Z,2026-08-17T18:48:05Z,
181.45.140.70,ipv4,malicious-ip,medium,WHITE,ziyadnz/hourly-ipv4,ziyadnz|hourly,2026-08-17T18:48:05Z,2026-08-17T18:48:05Z,
181.45.153.163,ipv4,malicious-ip,medium,WHITE,ziyadnz/hourly-ipv4,ziyadnz|hourly,2026-08-17T18:48:05Z,2026-08-17T18:48:05Z,
181.45.177.46,ipv4,malicious-ip,medium,WHITE,ziyadnz/hourly-ipv4,ziyadnz|hourly,2026-08-17T18:48:05Z,2026-08-17T18:48:05Z,
181.45.193.122,ipv4,malicious-ip,medium,WHITE,ziyadnz/hourly-ipv4,ziyadnz|hourly,2026-08-17T18:48:05Z,2026-08-17T18:48:05Z,
181.45.22.180,ipv4,malicious-ip,medium,WHITE,ziyadnz/hourly-ipv4,ziyadnz|hourly,2026-08-17T18:48:05Z,2026-08-17T18:48:05Z,
181.45.52.129,ipv4,malicious-ip,medium,WHITE,ziyadnz/hourly-ipv4,ziyadnz|hourly,2026-08-17T18:48:05Z,2026-08-17T18:48:05Z,
181.46.132.188,ipv4,malicious-ip,medium,WHITE,ziyadnz/hourly-ipv4,ziyadnz|hourly,2026-08-17T18:48:05Z,2026-08-17T18:48:05Z,
181.46.136.143,ipv4,malicious-ip,medium,WHITE,ziyadnz/hourly-ipv4,ziyadnz|hourly,2026-08-17T18:48:05Z,2026-08-17T18:48:05Z,
181.46.136.158,ipv4,malicious-ip,medium,WHITE,ziyadnz/hourly-ipv4,ziyadnz|hourly,2026-08-17T18:48:05Z,2026-08-17T18:48:05Z,
181.46.136.47,ipv4,malicious-ip,medium,WHITE,ziyadnz/hourly-ipv4,ziyadnz|hourly,2026-08-17T18:48:05Z,2026-08-17T18:48:05Z,
181.46.136.6,ipv4,malicious-ip,medium,WHITE,ziyadnz/hourly-ipv4,ziyadnz|hourly,2026-08-17T18:48:05Z,2026-08-17T18:48:05Z,
181.46.137.159,ipv4,malicious-ip,medium,WHITE,ziyadnz/hourly-ipv4,ziyadnz|hourly,2026-08-17T18:48:05Z,2026-08-17T18:48:05Z,
181.46.137.163,ipv4,malicious-ip,medium,WHITE,ziyadnz/hourly-ipv4,ziyadnz|hourly,2026-08-17T18:48:05Z,2026-08-17T18:48:05Z,
181.46.137.178,ipv4,malicious-ip,medium,WHITE,ziyadnz/hourly-ipv4,ziyadnz|hourly,2026-08-17T18:48:05Z,2026-08-17T18:48:05Z,
181.46.16.183,ipv4,malicious-ip,medium,WHITE,ziyadnz/hourly-ipv4,ziyadnz|hourly,2026-08-17T18:48:05Z,2026-08-17T18:48:05Z,
181.46.160.11,ipv4,malicious-ip,medium,WHITE,ziyadnz/hourly-ipv4,ziyadnz|hourly,2026-08-17T18:48:05Z,2026-08-17T18:48:05Z,
181.46.163.126,ipv4,malicious-ip,medium,WHITE,ziyadnz/hourly-ipv4,ziyadnz|hourly,2026-08-17T18:48:05Z,2026-08-17T18:48:05Z,
181.46.164.23,ipv4,malicious-ip,medium,WHITE,ziyadnz/hourly-ipv4,ziyadnz|hourly,2026-08-17T18:48:05Z,2026-08-17T18:48:05Z,
181.46.164.85,ipv4,malicious-ip,medium,WHITE,ziyadnz/hourly-ipv4,ziyadnz|hourly,2026-08-17T18:48:05Z,2026-08-17T18:48:05Z,
181.46.164.97,ipv4,malicious-ip,medium,WHITE,ziyadnz/hourly-ipv4,ziyadnz|hourly,2026-08-17T18:48:05Z,2026-08-17T18:48:05Z,
181.46.166.0,ipv4,malicious-ip,medium,WHITE,ziyadnz/hourly-ipv4,ziyadnz|hourly,2026-08-17T18:48:05Z,2026-08-17T18:48:05Z,
181.46.166.108,ipv4,malicious-ip,medium,WHITE,ziyadnz/hourly-ipv4,ziyadnz|hourly,2026-08-17T18:48:05Z,2026-08-17T18:48:05Z,
181.46.166.110,ipv4,malicious-ip,medium,WHITE,ziyadnz/hourly-ipv4,ziyadnz|hourly,2026-08-17T18:48:05Z,2026-08-17T18:48:05Z,
181.46.166.124,ipv4,malicious-ip,medium,WHITE,ziyadnz/hourly-ipv4,ziyadnz|hourly,2026-08-17T18:48:05Z,2026-08-17T18:48:05Z,
181.46.166.166,ipv4,malicious-ip,medium,WHITE,ziyadnz/hourly-ipv4,ziyadnz|hourly,2026-08-17T18:48:05Z,2026-08-17T18:48:05Z,
181.46.166.181,ipv4,malicious-ip,medium,WHITE,ziyadnz/hourly-ipv4,ziyadnz|hourly,2026-08-17T18:48:05Z,2026-08-17T18:48:05Z,
181.46.166.202,ipv4,malicious-ip,medium,WHITE,ziyadnz/hourly-ipv4,ziyadnz|hourly,2026-08-17T18:48:05Z,2026-08-17T18:48:05Z,
181.46.185.151,ipv4,malicious-ip,medium,WHITE,ziyadnz/hourly-ipv4,ziyadnz|hourly,2026-08-17T18:48:05Z,2026-08-17T18:48:05Z,
181.46.185.212,ipv4,malicious-ip,medium,WHITE,ziyadnz/hourly-ipv4,ziyadnz|hourly,2026-08-17T18:48:05Z,2026-08-17T18:48:05Z,
181.46.185.99,ipv4,malicious-ip,medium,WHITE,ziyadnz/hourly-ipv4,ziyadnz|hourly,2026-08-17T18:48:05Z,2026-08-17T18:48:05Z,
181.46.187.13,ipv4,malicious-ip,medium,WHITE,ziyadnz/hourly-ipv4,ziyadnz|hourly,2026-08-17T18:48:05Z,2026-08-17T18:48:05Z,
181.46.35.234,ipv4,malicious-ip,medium,WHITE,ziyadnz/hourly-ipv4,ziyadnz|hourly,2026-08-17T18:48:05Z,2026-08-17T18:48:05Z,
181.46.57.0,ipv4,malicious-ip,medium,WHITE,ziyadnz/hourly-ipv4,ziyadnz|hourly,2026-08-17T18:48:05Z,2026-08-17T18:48:05Z,
181.46.57.141,ipv4,malicious-ip,medium,WHITE,ziyadnz/hourly-ipv4,ziyadnz|hourly,2026-08-17T18:48:05Z,2026-08-17T18:48:05Z,
181.46.57.211,ipv4,malicious-ip,medium,WHITE,ziyadnz/hourly-ipv4,ziyadnz|hourly,2026-08-17T18:48:05Z,2026-08-17T18:48:05Z,
181.46.57.213,ipv4,malicious-ip,medium,WHITE,ziyadnz/hourly-ipv4,ziyadnz|hourly,2026-08-17T18:48:05Z,2026-08-17T18:48:05Z,
181.46.57.221,ipv4,malicious-ip,medium,WHITE,ziyadnz/hourly-ipv4,ziyadnz|hourly,2026-08-17T18:48:05Z,2026-08-17T18:48:05Z,
181.46.57.23,ipv4,malicious-ip,medium,WHITE,ziyadnz/hourly-ipv4,ziyadnz|hourly,2026-08-17T18:48:05Z,2026-08-17T18:48:05Z,
181.46.57.238,ipv4,malicious-ip,medium,WHITE,ziyadnz/hourly-ipv4,ziyadnz|hourly,2026-08-17T18:48:05Z,2026-08-17T18:48:05Z,
181.46.57.249,ipv4,malicious-ip,medium,WHITE,ziyadnz/hourly-ipv4,ziyadnz|hourly,2026-08-17T18:48:05Z,2026-08-17T18:48:05Z,
181.46.66.0,ipv4,malicious-ip,medium,WHITE,ziyadnz/hourly-ipv4,ziyadnz|hourly,2026-08-17T18:48:05Z,2026-08-17T18:48:05Z,
181.46.66.152,ipv4,malicious-ip,medium,WHITE,ziyadnz/hourly-ipv4,ziyadnz|hourly,2026-08-17T18:48:05Z,2026-08-17T18:48:05Z,
181.46.66.197,ipv4,malicious-ip,medium,WHITE,ziyadnz/hourly-ipv4,ziyadnz|hourly,2026-08-17T18:48:05Z,2026-08-17T18:48:05Z,
181.46.66.204,ipv4,malicious-ip,medium,WHITE,ziyadnz/hourly-ipv4,ziyadnz|hourly,2026-08-17T18:48:05Z,2026-08-17T18:48:05Z,
181.46.66.55,ipv4,malicious-ip,medium,WHITE,ziyadnz/hourly-ipv4,ziyadnz|hourly,2026-08-17T18:48:05Z,2026-08-17T18:48:05Z,
181.46.66.81,ipv4,malicious-ip,medium,WHITE,ziyadnz/hourly-ipv4,ziyadnz|hourly,2026-08-17T18:48:05Z,2026-08-17T18:48:05Z,
181.46.69.205,ipv4,malicious-ip,medium,WHITE,ziyadnz/hourly-ipv4,ziyadnz|hourly,2026-08-17T18:48:05Z,2026-08-17T18:48:05Z,
181.46.69.228,ipv4,malicious-ip,medium,WHITE,ziyadnz/hourly-ipv4,ziyadnz|hourly,2026-08-17T18:48:05Z,2026-08-17T18:48:05Z,
181.46.71.11,ipv4,malicious-ip,medium,WHITE,ziyadnz/hourly-ipv4,ziyadnz|hourly,2026-08-17T18:48:05Z,2026-08-17T18:48:05Z,
181.46.71.228,ipv4,malicious-ip,medium,WHITE,ziyadnz/hourly-ipv4,ziyadnz|hourly,2026-08-17T18:48:05Z,2026-08-17T18:48:05Z,
181.46.71.230,ipv4,malicious-ip,medium,WHITE,ziyadnz/hourly-ipv4,ziyadnz|hourly,2026-08-17T18:48:05Z,2026-08-17T18:48:05Z,
181.46.71.68,ipv4,malicious-ip,medium,WHITE,ziyadnz/hourly-ipv4,ziyadnz|hourly,2026-08-17T18:48:05Z,2026-08-17T18:48:05Z,
181.46.9.0,ipv4,malicious-ip,medium,WHITE,ziyadnz/hourly-ipv4,ziyadnz|hourly,2026-08-17T18:48:05Z,2026-08-17T18:48:05Z,
181.46.9.142,ipv4,malicious-ip,medium,WHITE,ziyadnz/hourly-ipv4,ziyadnz|hourly,2026-08-17T18:48:05Z,2026-08-17T18:48:05Z,
181.46.9.170,ipv4,malicious-ip,medium,WHITE,ziyadnz/hourly-ipv4,ziyadnz|hourly,2026-08-17T18:48:05Z,2026-08-17T18:48:05Z,
181.46.9.173,ipv4,malicious-ip,medium,WHITE,ziyadnz/hourly-ipv4,ziyadnz|hourly,2026-08-17T18:48:05Z,2026-08-17T18:48:05Z,
181.46.9.202,ipv4,malicious-ip,medium,WHITE,ziyadnz/hourly-ipv4,ziyadnz|hourly,2026-08-17T18:48:05Z,2026-08-17T18:48:05Z,
181.46.9.21,ipv4,malicious-ip,medium,WHITE,ziyadnz/hourly-ipv4,ziyadnz|hourly,2026-08-17T18:48:05Z,2026-08-17T18:48:05Z,
181.46.9.211,ipv4,malicious-ip,medium,WHITE,ziyadnz/hourly-ipv4,ziyadnz|hourly,2026-08-17T18:48:05Z,2026-08-17T18:48:05Z,
181.46.9.217,ipv4,malicious-ip,medium,WHITE,ziyadnz/hourly-ipv4,ziyadnz|hourly,2026-08-17T18:48:05Z,2026-08-17T18:48:05Z,
181.46.9.22,ipv4,malicious-ip,medium,WHITE,ziyadnz/hourly-ipv4,ziyadnz|hourly,2026-08-17T18:48:05Z,2026-08-17T18:48:05Z,
181.46.9.232,ipv4,malicious-ip,medium,WHITE,ziyadnz/hourly-ipv4,ziyadnz|hourly,2026-08-17T18:48:05Z,2026-08-17T18:48:05Z,
181.46.9.238,ipv4,malicious-ip,medium,WHITE,ziyadnz/hourly-ipv4,ziyadnz|hourly,2026-08-17T18:48:05Z,2026-08-17T18:48:05Z,
181.46.9.26,ipv4,malicious-ip,medium,WHITE,ziyadnz/hourly-ipv4,ziyadnz|hourly,2026-08-17T18:48:05Z,2026-08-17T18:48:05Z,
181.46.9.39,ipv4,malicious-ip,medium,WHITE,ziyadnz/hourly-ipv4,ziyadnz|hourly,2026-08-17T18:48:05Z,2026-08-17T18:48:05Z,
181.47.124.59,ipv4,malicious-ip,medium,WHITE,ziyadnz/hourly-ipv4,ziyadnz|hourly,2026-08-17T18:48:05Z,2026-08-17T18:48:05Z,
181.47.126.184,ipv4,malicious-ip,medium,WHITE,ziyadnz/hourly-ipv4,ziyadnz|hourly,2026-08-17T18:48:05Z,2026-08-17T18:48:05Z,
181.47.190.150,ipv4,malicious-ip,medium,WHITE,ziyadnz/hourly-ipv4,ziyadnz|hourly,2026-08-17T18:48:05Z,2026-08-17T18:48:05Z,
181.47.253.171,ipv4,malicious-ip,medium,WHITE,ziyadnz/hourly-ipv4,ziyadnz|hourly,2026-08-17T18:48:05Z,2026-08-17T18:48:05Z,
181.47.77.72,ipv4,malicious-ip,medium,WHITE,ziyadnz/hourly-ipv4,ziyadnz|hourly,2026-08-17T18:48:05Z,2026-08-17T18:48:05Z,
181.47.9.103,ipv4,malicious-ip,medium,WHITE,ziyadnz/hourly-ipv4,ziyadnz|hourly,2026-08-17T18:48:05Z,2026-08-17T18:48:05Z,
181.48.104.130,ipv4,malicious-ip,medium,WHITE,ziyadnz/hourly-ipv4,ziyadnz|hourly,2026-08-17T18:48:05Z,2026-08-17T18:48:05Z,
181.48.116.118,ipv4,malicious-ip,medium,WHITE,ziyadnz/hourly-ipv4,ziyadnz|hourly,2026-08-17T18:48:05Z,2026-08-17T18:48:05Z,
181.48.154.156,ipv4,malicious-ip,medium,WHITE,ziyadnz/hourly-ipv4,ziyadnz|hourly,2026-08-17T18:48:05Z,2026-08-17T18:48:05Z,
181.48.155.98,ipv4,malicious-ip,medium,WHITE,ziyadnz/hourly-ipv4,ziyadnz|hourly,2026-08-17T18:48:05Z,2026-08-17T18:48:05Z,
181.48.176.139,ipv4,malicious-ip,medium,WHITE,ziyadnz/hourly-ipv4,ziyadnz|hourly,2026-08-17T18:48:05Z,2026-08-17T18:48:05Z,
181.48.179.82,ipv4,malicious-ip,medium,WHITE,ziyadnz/hourly-ipv4,ziyadnz|hourly,2026-08-17T18:48:05Z,2026-08-17T18:48:05Z,
181.48.91.126,ipv4,malicious-ip,medium,WHITE,ziyadnz/hourly-ipv4,ziyadnz|hourly,2026-08-17T18:48:05Z,2026-08-17T18:48:05Z,
181.49.105.59,ipv4,malicious-ip,medium,WHITE,ziyadnz/hourly-ipv4,ziyadnz|hourly,2026-08-17T18:48:05Z,2026-08-17T18:48:05Z,
181.49.111.90,ipv4,malicious-ip,medium,WHITE,ziyadnz/hourly-ipv4,ziyadnz|hourly,2026-08-17T18:48:05Z,2026-08-17T18:48:05Z,
181.49.176.37,ipv4,malicious-ip,medium,WHITE,ziyadnz/hourly-ipv4,ziyadnz|hourly,2026-08-17T18:48:05Z,2026-08-17T18:48:05Z,
181.51.34.223,ipv4,malicious-ip,medium,WHITE,ziyadnz/hourly-ipv4,ziyadnz|hourly,2026-08-17T18:48:05Z,2026-08-17T18:48:05Z,
181.52.113.170,ipv4,malicious-ip,medium,WHITE,ziyadnz/hourly-ipv4,ziyadnz|hourly,2026-08-17T18:48:05Z,2026-08-17T18:48:05Z,
181.53.13.189,ipv4,malicious-ip,medium,WHITE,ziyadnz/hourly-ipv4,ziyadnz|hourly,2026-08-17T18:48:05Z,2026-08-17T18:48:05Z,
181.53.144.203,ipv4,malicious-ip,medium,WHITE,ziyadnz/hourly-ipv4,ziyadnz|hourly,2026-08-17T18:48:05Z,2026-08-17T18:48:05Z,
181.54.0.91,ipv4,malicious-ip,medium,WHITE,ziyadnz/hourly-ipv4,ziyadnz|hourly,2026-08-17T18:48:05Z,2026-08-17T18:48:05Z,
181.54.70.40,ipv4,malicious-ip,medium,WHITE,ziyadnz/hourly-ipv4,ziyadnz|hourly,2026-08-17T18:48:05Z,2026-08-17T18:48:05Z,
181.55.20.120,ipv4,malicious-ip,medium,WHITE,ziyadnz/hourly-ipv4,ziyadnz|hourly,2026-08-17T18:48:05Z,2026-08-17T18:48:05Z,
181.55.22.191,ipv4,malicious-ip,medium,WHITE,ziyadnz/hourly-ipv4,ziyadnz|hourly,2026-08-17T18:48:05Z,2026-08-17T18:48:05Z,
181.55.23.249,ipv4,malicious-ip,medium,WHITE,ziyadnz/hourly-ipv4,ziyadnz|hourly,2026-08-17T18:48:05Z,2026-08-17T18:48:05Z,
181.55.68.76,ipv4,malicious-ip,medium,WHITE,ziyadnz/hourly-ipv4,ziyadnz|hourly,2026-08-17T18:48:05Z,2026-08-17T18:48:05Z,
181.57.153.93,ipv4,malicious-ip,medium,WHITE,ziyadnz/hourly-ipv4,ziyadnz|hourly,2026-08-17T18:48:05Z,2026-08-17T18:48:05Z,
181.57.188.197,ipv4,malicious-ip,medium,WHITE,ziyadnz/hourly-ipv4,ziyadnz|hourly,2026-08-17T18:48:05Z,2026-08-17T18:48:05Z,
181.57.198.116,ipv4,malicious-ip,medium,WHITE,ziyadnz/hourly-ipv4,ziyadnz|hourly,2026-08-17T18:48:05Z,2026-08-17T18:48:05Z,
181.58.154.33,ipv4,malicious-ip,medium,WHITE,ziyadnz/hourly-ipv4,ziyadnz|hourly,2026-08-17T18:48:05Z,2026-08-17T18:48:05Z,
181.58.155.117,ipv4,malicious-ip,medium,WHITE,ziyadnz/hourly-ipv4,ziyadnz|hourly,2026-08-17T18:48:05Z,2026-08-17T18:48:05Z,
181.58.39.67,ipv4,malicious-ip,medium,WHITE,ziyadnz/hourly-ipv4,ziyadnz|hourly,2026-08-17T18:48:05Z,2026-08-17T18:48:05Z,
181.59.180.84,ipv4,malicious-ip,medium,WHITE,ziyadnz/hourly-ipv4,ziyadnz|hourly,2026-08-17T18:48:05Z,2026-08-17T18:48:05Z,
181.59.2.122,ipv4,malicious-ip,medium,WHITE,ziyadnz/hourly-ipv4,ziyadnz|hourly,2026-08-17T18:48:05Z,2026-08-17T18:48:05Z,
181.59.3.67,ipv4,malicious-ip,medium,WHITE,ziyadnz/hourly-ipv4,ziyadnz|hourly,2026-08-17T18:48:05Z,2026-08-17T18:48:05Z,
181.60.197.210,ipv4,malicious-ip,medium,WHITE,ziyadnz/hourly-ipv4,ziyadnz|hourly,2026-08-17T18:48:05Z,2026-08-17T18:48:05Z,
181.61.245.4,ipv4,malicious-ip,medium,WHITE,ziyadnz/hourly-ipv4,ziyadnz|hourly,2026-08-17T18:48:05Z,2026-08-17T18:48:05Z,
181.61.246.165,ipv4,malicious-ip,medium,WHITE,ziyadnz/hourly-ipv4,ziyadnz|hourly,2026-08-17T18:48:05Z,2026-08-17T18:48:05Z,
181.61.246.218,ipv4,malicious-ip,medium,WHITE,ziyadnz/hourly-ipv4,ziyadnz|hourly,2026-08-17T18:48:05Z,2026-08-17T18:48:05Z,
181.62.56.35,ipv4,malicious-ip,medium,WHITE,ziyadnz/hourly-ipv4,ziyadnz|hourly,2026-08-17T18:48:05Z,2026-08-17T18:48:05Z,
181.62.56.55,ipv4,malicious-ip,medium,WHITE,ziyadnz/hourly-ipv4,ziyadnz|hourly,2026-08-17T18:48:05Z,2026-08-17T18:48:05Z,
181.63.178.31,ipv4,malicious-ip,medium,WHITE,ziyadnz/hourly-ipv4,ziyadnz|hourly,2026-08-17T18:48:05Z,2026-08-17T18:48:05Z,
181.63.25.118,ipv4,malicious-ip,medium,WHITE,ziyadnz/hourly-ipv4,ziyadnz|hourly,2026-08-17T18:48:05Z,2026-08-17T18:48:05Z,
181.65.191.218,ipv4,malicious-ip,medium,WHITE,ziyadnz/hourly-ipv4,ziyadnz|hourly,2026-08-17T18:48:05Z,2026-08-17T18:48:05Z,
181.65.253.34,ipv4,malicious-ip,medium,WHITE,ziyadnz/hourly-ipv4,ziyadnz|hourly,2026-08-17T18:48:05Z,2026-08-17T18:48:05Z,
181.66.138.20,ipv4,malicious-ip,medium,WHITE,ziyadnz/hourly-ipv4,ziyadnz|hourly,2026-08-17T18:48:05Z,2026-08-17T18:48:05Z,
181.66.139.207,ipv4,malicious-ip,medium,WHITE,ziyadnz/hourly-ipv4,ziyadnz|hourly,2026-08-17T18:48:05Z,2026-08-17T18:48:05Z,
181.66.156.95,ipv4,malicious-ip,medium,WHITE,ziyadnz/hourly-ipv4,ziyadnz|hourly,2026-08-17T18:48:05Z,2026-08-17T18:48:05Z,
181.66.157.250,ipv4,malicious-ip,medium,WHITE,ziyadnz/hourly-ipv4,ziyadnz|hourly,2026-08-17T18:48:05Z,2026-08-17T18:48:05Z,
181.67.238.97,ipv4,malicious-ip,medium,WHITE,ziyadnz/hourly-ipv4,ziyadnz|hourly,2026-08-17T18:48:05Z,2026-08-17T18:48:05Z,
181.69.14.204,ipv4,malicious-ip,medium,WHITE,ziyadnz/hourly-ipv4,ziyadnz|hourly,2026-08-17T18:48:05Z,2026-08-17T18:48:05Z,
181.78.0.82,ipv4,malicious-ip,medium,WHITE,ziyadnz/hourly-ipv4,ziyadnz|hourly,2026-08-17T18:48:05Z,2026-08-17T18:48:05Z,
181.78.10.5,ipv4,malicious-ip,medium,WHITE,ziyadnz/hourly-ipv4,ziyadnz|hourly,2026-08-17T18:48:05Z,2026-08-17T18:48:05Z,
181.78.12.170,ipv4,malicious-ip,medium,WHITE,ziyadnz/hourly-ipv4,ziyadnz|hourly,2026-08-17T18:48:05Z,2026-08-17T18:48:05Z,
181.78.121.148,ipv4,malicious-ip,medium,WHITE,ziyadnz/hourly-ipv4,ziyadnz|hourly,2026-08-17T18:48:05Z,2026-08-17T18:48:05Z,
181.78.13.127,ipv4,malicious-ip,medium,WHITE,ziyadnz/hourly-ipv4,ziyadnz|hourly,2026-08-17T18:48:05Z,2026-08-17T18:48:05Z,
181.78.15.171,ipv4,malicious-ip,medium,WHITE,ziyadnz/hourly-ipv4,ziyadnz|hourly,2026-08-17T18:48:05Z,2026-08-17T18:48:05Z,
181.78.18.194,ipv4,malicious-ip,medium,WHITE,ziyadnz/hourly-ipv4,ziyadnz|hourly,2026-08-17T18:48:05Z,2026-08-17T18:48:05Z,
181.78.18.74,ipv4,malicious-ip,medium,WHITE,ziyadnz/hourly-ipv4,ziyadnz|hourly,2026-08-17T18:48:05Z,2026-08-17T18:48:05Z,
181.78.19.180,ipv4,malicious-ip,medium,WHITE,ziyadnz/hourly-ipv4,ziyadnz|hourly,2026-08-17T18:48:05Z,2026-08-17T18:48:05Z,
181.78.203.227,ipv4,malicious-ip,medium,WHITE,ziyadnz/hourly-ipv4,ziyadnz|hourly,2026-08-17T18:48:05Z,2026-08-17T18:48:05Z,
181.78.211.244,ipv4,malicious-ip,medium,WHITE,ziyadnz/hourly-ipv4,ziyadnz|hourly,2026-08-17T18:48:05Z,2026-08-17T18:48:05Z,
181.78.22.252,ipv4,malicious-ip,medium,WHITE,ziyadnz/hourly-ipv4,ziyadnz|hourly,2026-08-17T18:48:05Z,2026-08-17T18:48:05Z,
181.78.22.253,ipv4,malicious-ip,medium,WHITE,ziyadnz/hourly-ipv4,ziyadnz|hourly,2026-08-17T18:48:05Z,2026-08-17T18:48:05Z,
181.78.234.68,ipv4,malicious-ip,medium,WHITE,ziyadnz/hourly-ipv4,ziyadnz|hourly,2026-08-17T18:48:05Z,2026-08-17T18:48:05Z,
181.78.238.219,ipv4,malicious-ip,medium,WHITE,ziyadnz/hourly-ipv4,ziyadnz|hourly,2026-08-17T18:48:05Z,2026-08-17T18:48:05Z,
181.78.3.227,ipv4,malicious-ip,medium,WHITE,ziyadnz/hourly-ipv4,ziyadnz|hourly,2026-08-17T18:48:05Z,2026-08-17T18:48:05Z,
181.78.4.253,ipv4,malicious-ip,medium,WHITE,ziyadnz/hourly-ipv4,ziyadnz|hourly,2026-08-17T18:48:05Z,2026-08-17T18:48:05Z,
181.78.48.183,ipv4,malicious-ip,medium,WHITE,ziyadnz/hourly-ipv4,ziyadnz|hourly,2026-08-17T18:48:05Z,2026-08-17T18:48:05Z,
181.78.65.186,ipv4,malicious-ip,medium,WHITE,ziyadnz/hourly-ipv4,ziyadnz|hourly,2026-08-17T18:48:05Z,2026-08-17T18:48:05Z,
181.78.79.57,ipv4,malicious-ip,medium,WHITE,ziyadnz/hourly-ipv4,ziyadnz|hourly,2026-08-17T18:48:05Z,2026-08-17T18:48:05Z,
181.78.81.18,ipv4,malicious-ip,medium,WHITE,ziyadnz/hourly-ipv4,ziyadnz|hourly,2026-08-17T18:48:05Z,2026-08-17T18:48:05Z,
181.78.84.4,ipv4,malicious-ip,medium,WHITE,ziyadnz/hourly-ipv4,ziyadnz|hourly,2026-08-17T18:48:05Z,2026-08-17T18:48:05Z,
181.78.9.196,ipv4,malicious-ip,medium,WHITE,ziyadnz/hourly-ipv4,ziyadnz|hourly,2026-08-17T18:48:05Z,2026-08-17T18:48:05Z,
181.78.94.98,ipv4,malicious-ip,medium,WHITE,ziyadnz/hourly-ipv4,ziyadnz|hourly,2026-08-17T18:48:05Z,2026-08-17T18:48:05Z,
181.78.95.20,ipv4,malicious-ip,medium,WHITE,ziyadnz/hourly-ipv4,ziyadnz|hourly,2026-08-17T18:48:05Z,2026-08-17T18:48:05Z,
181.79.0.25,ipv4,malicious-ip,medium,WHITE,ziyadnz/hourly-ipv4,ziyadnz|hourly,2026-08-17T18:48:05Z,2026-08-17T18:48:05Z,
181.79.14.90,ipv4,malicious-ip,medium,WHITE,ziyadnz/hourly-ipv4,ziyadnz|hourly,2026-08-17T18:48:05Z,2026-08-17T18:48:05Z,
181.79.81.31,ipv4,malicious-ip,medium,WHITE,ziyadnz/hourly-ipv4,ziyadnz|hourly,2026-08-17T18:48:05Z,2026-08-17T18:48:05Z,
181.79.86.179,ipv4,malicious-ip,medium,WHITE,ziyadnz/hourly-ipv4,ziyadnz|hourly,2026-08-17T18:48:05Z,2026-08-17T18:48:05Z,
181.79.90.130,ipv4,malicious-ip,medium,WHITE,ziyadnz/hourly-ipv4,ziyadnz|hourly,2026-08-17T18:48:05Z,2026-08-17T18:48:05Z,
181.79.90.34,ipv4,malicious-ip,medium,WHITE,ziyadnz/hourly-ipv4,ziyadnz|hourly,2026-08-17T18:48:05Z,2026-08-17T18:48:05Z,
181.79.90.83,ipv4,malicious-ip,medium,WHITE,ziyadnz/hourly-ipv4,ziyadnz|hourly,2026-08-17T18:48:05Z,2026-08-17T18:48:05Z,
181.80.15.123,ipv4,malicious-ip,medium,WHITE,ziyadnz/hourly-ipv4,ziyadnz|hourly,2026-08-17T18:48:05Z,2026-08-17T18:48:05Z,
181.80.15.126,ipv4,malicious-ip,medium,WHITE,ziyadnz/hourly-ipv4,ziyadnz|hourly,2026-08-17T18:48:05Z,2026-08-17T18:48:05Z,
181.80.196.10,ipv4,malicious-ip,medium,WHITE,ziyadnz/hourly-ipv4,ziyadnz|hourly,2026-08-17T18:48:05Z,2026-08-17T18:48:05Z,
181.80.214.81,ipv4,malicious-ip,medium,WHITE,ziyadnz/hourly-ipv4,ziyadnz|hourly,2026-08-17T18:48:05Z,2026-08-17T18:48:05Z,
181.80.47.154,ipv4,malicious-ip,medium,WHITE,ziyadnz/hourly-ipv4,ziyadnz|hourly,2026-08-17T18:48:05Z,2026-08-17T18:48:05Z,
181.81.77.6,ipv4,malicious-ip,medium,WHITE,ziyadnz/hourly-ipv4,ziyadnz|hourly,2026-08-17T18:48:05Z,2026-08-17T18:48:05Z,
181.84.118.139,ipv4,malicious-ip,medium,WHITE,ziyadnz/hourly-ipv4,ziyadnz|hourly,2026-08-17T18:48:05Z,2026-08-17T18:48:05Z,
181.84.203.217,ipv4,malicious-ip,medium,WHITE,ziyadnz/hourly-ipv4,ziyadnz|hourly,2026-08-17T18:48:05Z,2026-08-17T18:48:05Z,
181.85.193.221,ipv4,malicious-ip,medium,WHITE,ziyadnz/hourly-ipv4,ziyadnz|hourly,2026-08-17T18:48:05Z,2026-08-17T18:48:05Z,
181.85.208.205,ipv4,malicious-ip,medium,WHITE,ziyadnz/hourly-ipv4,ziyadnz|hourly,2026-08-17T18:48:05Z,2026-08-17T18:48:05Z,
181.85.209.119,ipv4,malicious-ip,medium,WHITE,ziyadnz/hourly-ipv4,ziyadnz|hourly,2026-08-17T18:48:05Z,2026-08-17T18:48:05Z,
181.85.209.81,ipv4,malicious-ip,medium,WHITE,ziyadnz/hourly-ipv4,ziyadnz|hourly,2026-08-17T18:48:05Z,2026-08-17T18:48:05Z,
181.85.210.24,ipv4,malicious-ip,medium,WHITE,ziyadnz/hourly-ipv4,ziyadnz|hourly,2026-08-17T18:48:05Z,2026-08-17T18:48:05Z,
181.87.56.209,ipv4,malicious-ip,medium,WHITE,ziyadnz/hourly-ipv4,ziyadnz|hourly,2026-08-17T18:48:05Z,2026-08-17T18:48:05Z,
181.87.59.140,ipv4,malicious-ip,medium,WHITE,ziyadnz/hourly-ipv4,ziyadnz|hourly,2026-08-17T18:48:05Z,2026-08-17T18:48:05Z,
181.87.83.148,ipv4,malicious-ip,medium,WHITE,ziyadnz/hourly-ipv4,ziyadnz|hourly,2026-08-17T18:48:05Z,2026-08-17T18:48:05Z,
181.88.209.27,ipv4,malicious-ip,medium,WHITE,ziyadnz/hourly-ipv4,ziyadnz|hourly,2026-08-17T18:48:05Z,2026-08-17T18:48:05Z,
181.89.242.65,ipv4,malicious-ip,medium,WHITE,ziyadnz/hourly-ipv4,ziyadnz|hourly,2026-08-17T18:48:05Z,2026-08-17T18:48:05Z,
181.89.48.171,ipv4,malicious-ip,medium,WHITE,ziyadnz/hourly-ipv4,ziyadnz|hourly,2026-08-17T18:48:05Z,2026-08-17T18:48:05Z,
181.91.173.245,ipv4,malicious-ip,medium,WHITE,ziyadnz/hourly-ipv4,ziyadnz|hourly,2026-08-17T18:48:05Z,2026-08-17T18:48:05Z,
181.91.37.152,ipv4,malicious-ip,medium,WHITE,ziyadnz/hourly-ipv4,ziyadnz|hourly,2026-08-17T18:48:05Z,2026-08-17T18:48:05Z,
181.91.78.39,ipv4,malicious-ip,medium,WHITE,ziyadnz/hourly-ipv4,ziyadnz|hourly,2026-08-17T18:48:05Z,2026-08-17T18:48:05Z,
181.91.85.184,ipv4,malicious-ip,medium,WHITE,ziyadnz/hourly-ipv4,ziyadnz|hourly,2026-08-17T18:48:05Z,2026-08-17T18:48:05Z,
181.91.86.89,ipv4,malicious-ip,medium,WHITE,ziyadnz/hourly-ipv4,ziyadnz|hourly,2026-08-17T18:48:05Z,2026-08-17T18:48:05Z,
181.91.87.125,ipv4,malicious-ip,medium,WHITE,ziyadnz/hourly-ipv4,ziyadnz|hourly,2026-08-17T18:48:05Z,2026-08-17T18:48:05Z,
181.91.87.53,ipv4,malicious-ip,medium,WHITE,ziyadnz/hourly-ipv4,ziyadnz|hourly,2026-08-17T18:48:05Z,2026-08-17T18:48:05Z,
181.92.235.221,ipv4,malicious-ip,medium,WHITE,ziyadnz/hourly-ipv4,ziyadnz|hourly,2026-08-17T18:48:05Z,2026-08-17T18:48:05Z,
181.92.4.82,ipv4,malicious-ip,medium,WHITE,ziyadnz/hourly-ipv4,ziyadnz|hourly,2026-08-17T18:48:05Z,2026-08-17T18:48:05Z,
181.94.195.150,ipv4,malicious-ip,medium,WHITE,ziyadnz/hourly-ipv4,ziyadnz|hourly,2026-08-17T18:48:05Z,2026-08-17T18:48:05Z,
181.94.226.224,ipv4,malicious-ip,medium,WHITE,ziyadnz/hourly-ipv4,ziyadnz|hourly,2026-08-17T18:48:05Z,2026-08-17T18:48:05Z,
181.94.233.25,ipv4,malicious-ip,medium,WHITE,ziyadnz/hourly-ipv4,ziyadnz|hourly,2026-08-17T18:48:05Z,2026-08-17T18:48:05Z,
181.94.250.73,ipv4,malicious-ip,medium,WHITE,ziyadnz/hourly-ipv4,ziyadnz|hourly,2026-08-17T18:48:05Z,2026-08-17T18:48:05Z,
181.95.22.200,ipv4,malicious-ip,medium,WHITE,ziyadnz/hourly-ipv4,ziyadnz|hourly,2026-08-17T18:48:05Z,2026-08-17T18:48:05Z,
181.95.230.143,ipv4,malicious-ip,medium,WHITE,ziyadnz/hourly-ipv4,ziyadnz|hourly,2026-08-17T18:48:05Z,2026-08-17T18:48:05Z,
181.95.245.120,ipv4,malicious-ip,medium,WHITE,ziyadnz/hourly-ipv4,ziyadnz|hourly,2026-08-17T18:48:05Z,2026-08-17T18:48:05Z,
181.95.35.168,ipv4,malicious-ip,medium,WHITE,ziyadnz/hourly-ipv4,ziyadnz|hourly,2026-08-17T18:48:05Z,2026-08-17T18:48:05Z,
181.96.11.38,ipv4,malicious-ip,medium,WHITE,ziyadnz/hourly-ipv4,ziyadnz|hourly,2026-08-17T18:48:05Z,2026-08-17T18:48:05Z,
181.97.227.163,ipv4,malicious-ip,medium,WHITE,ziyadnz/hourly-ipv4,ziyadnz|hourly,2026-08-17T18:48:05Z,2026-08-17T18:48:05Z,
181.98.110.185,ipv4,malicious-ip,medium,WHITE,ziyadnz/hourly-ipv4,ziyadnz|hourly,2026-08-17T18:48:05Z,2026-08-17T18:48:05Z,
181.98.148.211,ipv4,malicious-ip,medium,WHITE,ziyadnz/hourly-ipv4,ziyadnz|hourly,2026-08-17T18:48:05Z,2026-08-17T18:48:05Z,
181.98.152.152,ipv4,malicious-ip,medium,WHITE,ziyadnz/hourly-ipv4,ziyadnz|hourly,2026-08-17T18:48:05Z,2026-08-17T18:48:05Z,
181.98.238.66,ipv4,malicious-ip,medium,WHITE,ziyadnz/hourly-ipv4,ziyadnz|hourly,2026-08-17T18:48:05Z,2026-08-17T18:48:05Z,
182.1.132.73,ipv4,malicious-ip,medium,WHITE,ziyadnz/hourly-ipv4,ziyadnz|hourly,2026-08-17T18:48:05Z,2026-08-17T18:48:05Z,
182.1.229.252,ipv4,malicious-ip,medium,WHITE,ziyadnz/hourly-ipv4,ziyadnz|hourly,2026-08-17T18:48:05Z,2026-08-17T18:48:05Z,
182.10.101.253,ipv4,malicious-ip,medium,WHITE,ziyadnz/hourly-ipv4,ziyadnz|hourly,2026-08-17T18:48:05Z,2026-08-17T18:48:05Z,
182.10.129.97,ipv4,malicious-ip,medium,WHITE,ziyadnz/hourly-ipv4,ziyadnz|hourly,2026-08-17T18:48:05Z,2026-08-17T18:48:05Z,
182.10.130.125,ipv4,malicious-ip,medium,WHITE,ziyadnz/hourly-ipv4,ziyadnz|hourly,2026-08-17T18:48:05Z,2026-08-17T18:48:05Z,
182.10.131.51,ipv4,malicious-ip,medium,WHITE,ziyadnz/hourly-ipv4,ziyadnz|hourly,2026-08-17T18:48:05Z,2026-08-17T18:48:05Z,
182.10.183.20,ipv4,malicious-ip,medium,WHITE,ziyadnz/hourly-ipv4,ziyadnz|hourly,2026-08-17T18:48:05Z,2026-08-17T18:48:05Z,
182.10.225.146,ipv4,malicious-ip,medium,WHITE,ziyadnz/hourly-ipv4,ziyadnz|hourly,2026-08-17T18:48:05Z,2026-08-17T18:48:05Z,
182.10.97.37,ipv4,malicious-ip,medium,WHITE,ziyadnz/hourly-ipv4,ziyadnz|hourly,2026-08-17T18:48:05Z,2026-08-17T18:48:05Z,
182.10.98.132,ipv4,malicious-ip,medium,WHITE,ziyadnz/hourly-ipv4,ziyadnz|hourly,2026-08-17T18:48:05Z,2026-08-17T18:48:05Z,
182.10.98.94,ipv4,malicious-ip,medium,WHITE,ziyadnz/hourly-ipv4,ziyadnz|hourly,2026-08-17T18:48:05Z,2026-08-17T18:48:05Z,
182.100.119.4,ipv4,malicious-ip,medium,WHITE,ziyadnz/hourly-ipv4,ziyadnz|hourly,2026-08-17T18:48:05Z,2026-08-17T18:48:05Z,
182.101.22.81,ipv4,malicious-ip,medium,WHITE,ziyadnz/hourly-ipv4,ziyadnz|hourly,2026-08-17T18:48:05Z,2026-08-17T18:48:05Z,
182.105.11.225,ipv4,malicious-ip,medium,WHITE,ziyadnz/hourly-ipv4,ziyadnz|hourly,2026-08-17T18:48:05Z,2026-08-17T18:48:05Z,
182.105.123.10,ipv4,malicious-ip,medium,WHITE,ziyadnz/hourly-ipv4,ziyadnz|hourly,2026-08-17T18:48:05Z,2026-08-17T18:48:05Z,
182.105.8.42,ipv4,malicious-ip,medium,WHITE,ziyadnz/hourly-ipv4,ziyadnz|hourly,2026-08-17T18:48:05Z,2026-08-17T18:48:05Z,
182.106.69.143,ipv4,malicious-ip,medium,WHITE,ziyadnz/hourly-ipv4,ziyadnz|hourly,2026-08-17T18:48:05Z,2026-08-17T18:48:05Z,
182.107.109.243,ipv4,malicious-ip,medium,WHITE,ziyadnz/hourly-ipv4,ziyadnz|hourly,2026-08-17T18:48:05Z,2026-08-17T18:48:05Z,
182.108.145.166,ipv4,malicious-ip,medium,WHITE,ziyadnz/hourly-ipv4,ziyadnz|hourly,2026-08-17T18:48:05Z,2026-08-17T18:48:05Z,
182.109.155.229,ipv4,malicious-ip,medium,WHITE,ziyadnz/hourly-ipv4,ziyadnz|hourly,2026-08-17T18:48:05Z,2026-08-17T18:48:05Z,
182.109.240.62,ipv4,malicious-ip,medium,WHITE,ziyadnz/hourly-ipv4,ziyadnz|hourly,2026-08-17T18:48:05Z,2026-08-17T18:48:05Z,
182.11.152.31,ipv4,malicious-ip,medium,WHITE,ziyadnz/hourly-ipv4,ziyadnz|hourly,2026-08-17T18:48:05Z,2026-08-17T18:48:05Z,
182.11.183.92,ipv4,malicious-ip,medium,WHITE,ziyadnz/hourly-ipv4,ziyadnz|hourly,2026-08-17T18:48:05Z,2026-08-17T18:48:05Z,
182.110.130.164,ipv4,malicious-ip,medium,WHITE,ziyadnz/hourly-ipv4,ziyadnz|hourly,2026-08-17T18:48:05Z,2026-08-17T18:48:05Z,
182.112.177.94,ipv4,malicious-ip,medium,WHITE,ziyadnz/hourly-ipv4,ziyadnz|hourly,2026-08-17T18:48:05Z,2026-08-17T18:48:05Z,
182.112.213.120,ipv4,malicious-ip,medium,WHITE,ziyadnz/hourly-ipv4,ziyadnz|hourly,2026-08-17T18:48:05Z,2026-08-17T18:48:05Z,
182.112.226.40,ipv4,malicious-ip,medium,WHITE,ziyadnz/hourly-ipv4,ziyadnz|hourly,2026-08-17T18:48:05Z,2026-08-17T18:48:05Z,
182.112.92.26,ipv4,malicious-ip,medium,WHITE,ziyadnz/hourly-ipv4,ziyadnz|hourly,2026-08-17T18:48:05Z,2026-08-17T18:48:05Z,
182.113.0.51,ipv4,malicious-ip,medium,WHITE,ziyadnz/hourly-ipv4,ziyadnz|hourly,2026-08-17T18:48:05Z,2026-08-17T18:48:05Z,
182.113.14.18,ipv4,malicious-ip,medium,WHITE,ziyadnz/hourly-ipv4,ziyadnz|hourly,2026-08-17T18:48:05Z,2026-08-17T18:48:05Z,
182.113.198.87,ipv4,malicious-ip,medium,WHITE,ziyadnz/hourly-ipv4,ziyadnz|hourly,2026-08-17T18:48:05Z,2026-08-17T18:48:05Z,
182.113.208.131,ipv4,malicious-ip,medium,WHITE,ziyadnz/hourly-ipv4,ziyadnz|hourly,2026-08-17T18:48:05Z,2026-08-17T18:48:05Z,
182.113.218.204,ipv4,malicious-ip,medium,WHITE,ziyadnz/hourly-ipv4,ziyadnz|hourly,2026-08-17T18:48:05Z,2026-08-17T18:48:05Z,
182.113.223.142,ipv4,malicious-ip,medium,WHITE,ziyadnz/hourly-ipv4,ziyadnz|hourly,2026-08-17T18:48:05Z,2026-08-17T18:48:05Z,
182.113.27.126,ipv4,malicious-ip,medium,WHITE,ziyadnz/hourly-ipv4,ziyadnz|hourly,2026-08-17T18:48:05Z,2026-08-17T18:48:05Z,
182.114.165.143,ipv4,malicious-ip,medium,WHITE,ziyadnz/hourly-ipv4,ziyadnz|hourly,2026-08-17T18:48:05Z,2026-08-17T18:48:05Z,
182.114.241.91,ipv4,malicious-ip,medium,WHITE,ziyadnz/hourly-ipv4,ziyadnz|hourly,2026-08-17T18:48:05Z,2026-08-17T18:48:05Z,
182.115.16.22,ipv4,malicious-ip,medium,WHITE,ziyadnz/hourly-ipv4,ziyadnz|hourly,2026-08-17T18:48:05Z,2026-08-17T18:48:05Z,
182.115.166.27,ipv4,malicious-ip,medium,WHITE,ziyadnz/hourly-ipv4,ziyadnz|hourly,2026-08-17T18:48:05Z,2026-08-17T18:48:05Z,
182.115.170.47,ipv4,malicious-ip,medium,WHITE,ziyadnz/hourly-ipv4,ziyadnz|hourly,2026-08-17T18:48:05Z,2026-08-17T18:48:05Z,
182.115.176.106,ipv4,malicious-ip,medium,WHITE,ziyadnz/hourly-ipv4,ziyadnz|hourly,2026-08-17T18:48:05Z,2026-08-17T18:48:05Z,
182.116.145.14,ipv4,malicious-ip,medium,WHITE,ziyadnz/hourly-ipv4,ziyadnz|hourly,2026-08-17T18:48:05Z,2026-08-17T18:48:05Z,
182.116.36.146,ipv4,malicious-ip,medium,WHITE,ziyadnz/hourly-ipv4,ziyadnz|hourly,2026-08-17T18:48:05Z,2026-08-17T18:48:05Z,
182.117.147.34,ipv4,malicious-ip,medium,WHITE,ziyadnz/hourly-ipv4,ziyadnz|hourly,2026-08-17T18:48:05Z,2026-08-17T18:48:05Z,
182.117.224.229,ipv4,malicious-ip,medium,WHITE,ziyadnz/hourly-ipv4,ziyadnz|hourly,2026-08-17T18:48:05Z,2026-08-17T18:48:05Z,
182.117.231.248,ipv4,malicious-ip,medium,WHITE,ziyadnz/hourly-ipv4,ziyadnz|hourly,2026-08-17T18:48:05Z,2026-08-17T18:48:05Z,
182.117.30.230,ipv4,malicious-ip,medium,WHITE,ziyadnz/hourly-ipv4,ziyadnz|hourly,2026-08-17T18:48:05Z,2026-08-17T18:48:05Z,
182.117.4.33,ipv4,malicious-ip,medium,WHITE,ziyadnz/hourly-ipv4,ziyadnz|hourly,2026-08-17T18:48:05Z,2026-08-17T18:48:05Z,
182.117.70.179,ipv4,malicious-ip,medium,WHITE,ziyadnz/hourly-ipv4,ziyadnz|hourly,2026-08-17T18:48:05Z,2026-08-17T18:48:05Z,
182.117.78.139,ipv4,malicious-ip,medium,WHITE,ziyadnz/hourly-ipv4,ziyadnz|hourly,2026-08-17T18:48:05Z,2026-08-17T18:48:05Z,
182.118.218.193,ipv4,malicious-ip,medium,WHITE,ziyadnz/hourly-ipv4,ziyadnz|hourly,2026-08-17T18:48:05Z,2026-08-17T18:48:05Z,
182.119.191.71,ipv4,malicious-ip,medium,WHITE,ziyadnz/hourly-ipv4,ziyadnz|hourly,2026-08-17T18:48:05Z,2026-08-17T18:48:05Z,
182.119.199.149,ipv4,malicious-ip,medium,WHITE,ziyadnz/hourly-ipv4,ziyadnz|hourly,2026-08-17T18:48:05Z,2026-08-17T18:48:05Z,
182.119.224.25,ipv4,malicious-ip,medium,WHITE,ziyadnz/hourly-ipv4,ziyadnz|hourly,2026-08-17T18:48:05Z,2026-08-17T18:48:05Z,
182.119.224.61,ipv4,malicious-ip,medium,WHITE,ziyadnz/hourly-ipv4,ziyadnz|hourly,2026-08-17T18:48:05Z,2026-08-17T18:48:05Z,
182.119.226.218,ipv4,malicious-ip,medium,WHITE,ziyadnz/hourly-ipv4,ziyadnz|hourly,2026-08-17T18:48:05Z,2026-08-17T18:48:05Z,
182.119.226.247,ipv4,malicious-ip,medium,WHITE,ziyadnz/hourly-ipv4,ziyadnz|hourly,2026-08-17T18:48:05Z,2026-08-17T18:48:05Z,
182.119.230.170,ipv4,malicious-ip,medium,WHITE,ziyadnz/hourly-ipv4,ziyadnz|hourly,2026-08-17T18:48:05Z,2026-08-17T18:48:05Z,
182.119.230.38,ipv4,malicious-ip,medium,WHITE,ziyadnz/hourly-ipv4,ziyadnz|hourly,2026-08-17T18:48:05Z,2026-08-17T18:48:05Z,
182.119.231.101,ipv4,malicious-ip,medium,WHITE,ziyadnz/hourly-ipv4,ziyadnz|hourly,2026-08-17T18:48:05Z,2026-08-17T18:48:05Z,
182.119.231.119,ipv4,malicious-ip,medium,WHITE,ziyadnz/hourly-ipv4,ziyadnz|hourly,2026-08-17T18:48:05Z,2026-08-17T18:48:05Z,
182.119.231.4,ipv4,malicious-ip,medium,WHITE,ziyadnz/hourly-ipv4,ziyadnz|hourly,2026-08-17T18:48:05Z,2026-08-17T18:48:05Z,
182.120.156.8,ipv4,malicious-ip,medium,WHITE,ziyadnz/hourly-ipv4,ziyadnz|hourly,2026-08-17T18:48:05Z,2026-08-17T18:48:05Z,
182.121.138.178,ipv4,malicious-ip,medium,WHITE,ziyadnz/hourly-ipv4,ziyadnz|hourly,2026-08-17T18:48:05Z,2026-08-17T18:48:05Z,
182.121.219.0,ipv4,malicious-ip,medium,WHITE,ziyadnz/hourly-ipv4,ziyadnz|hourly,2026-08-17T18:48:05Z,2026-08-17T18:48:05Z,
182.121.57.63,ipv4,malicious-ip,medium,WHITE,ziyadnz/hourly-ipv4,ziyadnz|hourly,2026-08-17T18:48:05Z,2026-08-17T18:48:05Z,
182.121.8.18,ipv4,malicious-ip,medium,WHITE,ziyadnz/hourly-ipv4,ziyadnz|hourly,2026-08-17T18:48:05Z,2026-08-17T18:48:05Z,
182.122.25.199,ipv4,malicious-ip,medium,WHITE,ziyadnz/hourly-ipv4,ziyadnz|hourly,2026-08-17T18:48:05Z,2026-08-17T18:48:05Z,
182.123.110.183,ipv4,malicious-ip,medium,WHITE,ziyadnz/hourly-ipv4,ziyadnz|hourly,2026-08-17T18:48:05Z,2026-08-17T18:48:05Z,
182.123.76.210,ipv4,malicious-ip,medium,WHITE,ziyadnz/hourly-ipv4,ziyadnz|hourly,2026-08-17T18:48:05Z,2026-08-17T18:48:05Z,
182.124.249.61,ipv4,malicious-ip,medium,WHITE,ziyadnz/hourly-ipv4,ziyadnz|hourly,2026-08-17T18:48:05Z,2026-08-17T18:48:05Z,
182.125.246.235,ipv4,malicious-ip,medium,WHITE,ziyadnz/hourly-ipv4,ziyadnz|hourly,2026-08-17T18:48:05Z,2026-08-17T18:48:05Z,
182.126.104.69,ipv4,malicious-ip,medium,WHITE,ziyadnz/hourly-ipv4,ziyadnz|hourly,2026-08-17T18:48:05Z,2026-08-17T18:48:05Z,
182.126.211.58,ipv4,malicious-ip,medium,WHITE,ziyadnz/hourly-ipv4,ziyadnz|hourly,2026-08-17T18:48:05Z,2026-08-17T18:48:05Z,
182.126.57.239,ipv4,malicious-ip,medium,WHITE,ziyadnz/hourly-ipv4,ziyadnz|hourly,2026-08-17T18:48:05Z,2026-08-17T18:48:05Z,
182.127.100.135,ipv4,malicious-ip,medium,WHITE,ziyadnz/hourly-ipv4,ziyadnz|hourly,2026-08-17T18:48:05Z,2026-08-17T18:48:05Z,
182.127.43.69,ipv4,malicious-ip,medium,WHITE,ziyadnz/hourly-ipv4,ziyadnz|hourly,2026-08-17T18:48:05Z,2026-08-17T18:48:05Z,
182.129.53.181,ipv4,malicious-ip,medium,WHITE,ziyadnz/hourly-ipv4,ziyadnz|hourly,2026-08-17T18:48:05Z,2026-08-17T18:48:05Z,
182.13.96.107,ipv4,malicious-ip,medium,WHITE,ziyadnz/hourly-ipv4,ziyadnz|hourly,2026-08-17T18:48:05Z,2026-08-17T18:48:05Z,
182.130.255.10,ipv4,malicious-ip,medium,WHITE,ziyadnz/hourly-ipv4,ziyadnz|hourly,2026-08-17T18:48:05Z,2026-08-17T18:48:05Z,
182.132.216.244,ipv4,malicious-ip,medium,WHITE,ziyadnz/hourly-ipv4,ziyadnz|hourly,2026-08-17T18:48:05Z,2026-08-17T18:48:05Z,
182.132.76.10,ipv4,malicious-ip,medium,WHITE,ziyadnz/hourly-ipv4,ziyadnz|hourly,2026-08-17T18:48:05Z,2026-08-17T18:48:05Z,
182.133.150.197,ipv4,malicious-ip,medium,WHITE,ziyadnz/hourly-ipv4,ziyadnz|hourly,2026-08-17T18:48:05Z,2026-08-17T18:48:05Z,
182.133.173.77,ipv4,malicious-ip,medium,WHITE,ziyadnz/hourly-ipv4,ziyadnz|hourly,2026-08-17T18:48:05Z,2026-08-17T18:48:05Z,
182.136.189.79,ipv4,malicious-ip,medium,WHITE,ziyadnz/hourly-ipv4,ziyadnz|hourly,2026-08-17T18:48:05Z,2026-08-17T18:48:05Z,
182.136.93.202,ipv4,malicious-ip,medium,WHITE,ziyadnz/hourly-ipv4,ziyadnz|hourly,2026-08-17T18:48:05Z,2026-08-17T18:48:05Z,
182.136.94.154,ipv4,malicious-ip,medium,WHITE,ziyadnz/hourly-ipv4,ziyadnz|hourly,2026-08-17T18:48:05Z,2026-08-17T18:48:05Z,
182.137.119.29,ipv4,malicious-ip,medium,WHITE,ziyadnz/hourly-ipv4,ziyadnz|hourly,2026-08-17T18:48:05Z,2026-08-17T18:48:05Z,
182.137.210.4,ipv4,malicious-ip,medium,WHITE,ziyadnz/hourly-ipv4,ziyadnz|hourly,2026-08-17T18:48:05Z,2026-08-17T18:48:05Z,
182.138.158.100,ipv4,malicious-ip,medium,WHITE,ziyadnz/hourly-ipv4,ziyadnz|hourly,2026-08-17T18:48:05Z,2026-08-17T18:48:05Z,
182.138.158.102,ipv4,malicious-ip,medium,WHITE,ziyadnz/hourly-ipv4,ziyadnz|hourly,2026-08-17T18:48:05Z,2026-08-17T18:48:05Z,
182.138.158.107,ipv4,malicious-ip,medium,WHITE,ziyadnz/hourly-ipv4,ziyadnz|hourly,2026-08-17T18:48:05Z,2026-08-17T18:48:05Z,
182.138.158.109,ipv4,malicious-ip,medium,WHITE,ziyadnz/hourly-ipv4,ziyadnz|hourly,2026-08-17T18:48:05Z,2026-08-17T18:48:05Z,
182.138.158.110,ipv4,malicious-ip,medium,WHITE,ziyadnz/hourly-ipv4,ziyadnz|hourly,2026-08-17T18:48:05Z,2026-08-17T18:48:05Z,
182.138.158.112,ipv4,malicious-ip,medium,WHITE,ziyadnz/hourly-ipv4,ziyadnz|hourly,2026-08-17T18:48:05Z,2026-08-17T18:48:05Z,
182.138.158.113,ipv4,malicious-ip,medium,WHITE,ziyadnz/hourly-ipv4,ziyadnz|hourly,2026-08-17T18:48:05Z,2026-08-17T18:48:05Z,
182.138.158.114,ipv4,malicious-ip,medium,WHITE,ziyadnz/hourly-ipv4,ziyadnz|hourly,2026-08-17T18:48:05Z,2026-08-17T18:48:05Z,
182.138.158.12,ipv4,malicious-ip,medium,WHITE,ziyadnz/hourly-ipv4,ziyadnz|hourly,2026-08-17T18:48:05Z,2026-08-17T18:48:05Z,
182.138.158.120,ipv4,malicious-ip,medium,WHITE,ziyadnz/hourly-ipv4,ziyadnz|hourly,2026-08-17T18:48:05Z,2026-08-17T18:48:05Z,
182.138.158.121,ipv4,malicious-ip,medium,WHITE,ziyadnz/hourly-ipv4,ziyadnz|hourly,2026-08-17T18:48:05Z,2026-08-17T18:48:05Z,
182.138.158.128,ipv4,malicious-ip,medium,WHITE,ziyadnz/hourly-ipv4,ziyadnz|hourly,2026-08-17T18:48:05Z,2026-08-17T18:48:05Z,
182.138.158.131,ipv4,malicious-ip,medium,WHITE,ziyadnz/hourly-ipv4,ziyadnz|hourly,2026-08-17T18:48:05Z,2026-08-17T18:48:05Z,
182.138.158.136,ipv4,malicious-ip,medium,WHITE,ziyadnz/hourly-ipv4,ziyadnz|hourly,2026-08-17T18:48:05Z,2026-08-17T18:48:05Z,
182.138.158.141,ipv4,malicious-ip,medium,WHITE,ziyadnz/hourly-ipv4,ziyadnz|hourly,2026-08-17T18:48:05Z,2026-08-17T18:48:05Z,
182.138.158.145,ipv4,malicious-ip,medium,WHITE,ziyadnz/hourly-ipv4,ziyadnz|hourly,2026-08-17T18:48:05Z,2026-08-17T18:48:05Z,
182.138.158.147,ipv4,malicious-ip,medium,WHITE,ziyadnz/hourly-ipv4,ziyadnz|hourly,2026-08-17T18:48:05Z,2026-08-17T18:48:05Z,
182.138.158.149,ipv4,malicious-ip,medium,WHITE,ziyadnz/hourly-ipv4,ziyadnz|hourly,2026-08-17T18:48:05Z,2026-08-17T18:48:05Z,
182.138.158.155,ipv4,malicious-ip,medium,WHITE,ziyadnz/hourly-ipv4,ziyadnz|hourly,2026-08-17T18:48:05Z,2026-08-17T18:48:05Z,
182.138.158.156,ipv4,malicious-ip,medium,WHITE,ziyadnz/hourly-ipv4,ziyadnz|hourly,2026-08-17T18:48:05Z,2026-08-17T18:48:05Z,
182.138.158.158,ipv4,malicious-ip,medium,WHITE,ziyadnz/hourly-ipv4,ziyadnz|hourly,2026-08-17T18:48:05Z,2026-08-17T18:48:05Z,
182.138.158.16,ipv4,malicious-ip,medium,WHITE,ziyadnz/hourly-ipv4,ziyadnz|hourly,2026-08-17T18:48:05Z,2026-08-17T18:48:05Z,
182.138.158.163,ipv4,malicious-ip,medium,WHITE,ziyadnz/hourly-ipv4,ziyadnz|hourly,2026-08-17T18:48:05Z,2026-08-17T18:48:05Z,
182.138.158.167,ipv4,malicious-ip,medium,WHITE,ziyadnz/hourly-ipv4,ziyadnz|hourly,2026-08-17T18:48:05Z,2026-08-17T18:48:05Z,
182.138.158.171,ipv4,malicious-ip,medium,WHITE,ziyadnz/hourly-ipv4,ziyadnz|hourly,2026-08-17T18:48:05Z,2026-08-17T18:48:05Z,
182.138.158.173,ipv4,malicious-ip,medium,WHITE,ziyadnz/hourly-ipv4,ziyadnz|hourly,2026-08-17T18:48:05Z,2026-08-17T18:48:05Z,
182.138.158.174,ipv4,malicious-ip,medium,WHITE,ziyadnz/hourly-ipv4,ziyadnz|hourly,2026-08-17T18:48:05Z,2026-08-17T18:48:05Z,
182.138.158.178,ipv4,malicious-ip,medium,WHITE,ziyadnz/hourly-ipv4,ziyadnz|hourly,2026-08-17T18:48:05Z,2026-08-17T18:48:05Z,
182.138.158.179,ipv4,malicious-ip,medium,WHITE,ziyadnz/hourly-ipv4,ziyadnz|hourly,2026-08-17T18:48:05Z,2026-08-17T18:48:05Z,
182.138.158.183,ipv4,malicious-ip,medium,WHITE,ziyadnz/hourly-ipv4,ziyadnz|hourly,2026-08-17T18:48:05Z,2026-08-17T18:48:05Z,
182.138.158.185,ipv4,malicious-ip,medium,WHITE,ziyadnz/hourly-ipv4,ziyadnz|hourly,2026-08-17T18:48:05Z,2026-08-17T18:48:05Z,
182.138.158.187,ipv4,malicious-ip,medium,WHITE,ziyadnz/hourly-ipv4,ziyadnz|hourly,2026-08-17T18:48:05Z,2026-08-17T18:48:05Z,
182.138.158.189,ipv4,malicious-ip,medium,WHITE,ziyadnz/hourly-ipv4,ziyadnz|hourly,2026-08-17T18:48:05Z,2026-08-17T18:48:05Z,
182.138.158.191,ipv4,malicious-ip,medium,WHITE,ziyadnz/hourly-ipv4,ziyadnz|hourly,2026-08-17T18:48:05Z,2026-08-17T18:48:05Z,
182.138.158.199,ipv4,malicious-ip,medium,WHITE,ziyadnz/hourly-ipv4,ziyadnz|hourly,2026-08-17T18:48:05Z,2026-08-17T18:48:05Z,
182.138.158.200,ipv4,malicious-ip,medium,WHITE,ziyadnz/hourly-ipv4,ziyadnz|hourly,2026-08-17T18:48:05Z,2026-08-17T18:48:05Z,
182.138.158.215,ipv4,malicious-ip,medium,WHITE,ziyadnz/hourly-ipv4,ziyadnz|hourly,2026-08-17T18:48:05Z,2026-08-17T18:48:05Z,
182.138.158.216,ipv4,malicious-ip,medium,WHITE,ziyadnz/hourly-ipv4,ziyadnz|hourly,2026-08-17T18:48:05Z,2026-08-17T18:48:05Z,
182.138.158.222,ipv4,malicious-ip,medium,WHITE,ziyadnz/hourly-ipv4,ziyadnz|hourly,2026-08-17T18:48:05Z,2026-08-17T18:48:05Z,
182.138.158.227,ipv4,malicious-ip,medium,WHITE,ziyadnz/hourly-ipv4,ziyadnz|hourly,2026-08-17T18:48:05Z,2026-08-17T18:48:05Z,
182.138.158.23,ipv4,malicious-ip,medium,WHITE,ziyadnz/hourly-ipv4,ziyadnz|hourly,2026-08-17T18:48:05Z,2026-08-17T18:48:05Z,
182.138.158.232,ipv4,malicious-ip,medium,WHITE,ziyadnz/hourly-ipv4,ziyadnz|hourly,2026-08-17T18:48:05Z,2026-08-17T18:48:05Z,
182.138.158.235,ipv4,malicious-ip,medium,WHITE,ziyadnz/hourly-ipv4,ziyadnz|hourly,2026-08-17T18:48:05Z,2026-08-17T18:48:05Z,
182.138.158.237,ipv4,malicious-ip,medium,WHITE,ziyadnz/hourly-ipv4,ziyadnz|hourly,2026-08-17T18:48:05Z,2026-08-17T18:48:05Z,
182.138.158.239,ipv4,malicious-ip,medium,WHITE,ziyadnz/hourly-ipv4,ziyadnz|hourly,2026-08-17T18:48:05Z,2026-08-17T18:48:05Z,
182.138.158.241,ipv4,malicious-ip,medium,WHITE,ziyadnz/hourly-ipv4,ziyadnz|hourly,2026-08-17T18:48:05Z,2026-08-17T18:48:05Z,
182.138.158.243,ipv4,malicious-ip,medium,WHITE,ziyadnz/hourly-ipv4,ziyadnz|hourly,2026-08-17T18:48:05Z,2026-08-17T18:48:05Z,
182.138.158.245,ipv4,malicious-ip,medium,WHITE,ziyadnz/hourly-ipv4,ziyadnz|hourly,2026-08-17T18:48:05Z,2026-08-17T18:48:05Z,
182.138.158.25,ipv4,malicious-ip,medium,WHITE,ziyadnz/hourly-ipv4,ziyadnz|hourly,2026-08-17T18:48:05Z,2026-08-17T18:48:05Z,
182.138.158.250,ipv4,malicious-ip,medium,WHITE,ziyadnz/hourly-ipv4,ziyadnz|hourly,2026-08-17T18:48:05Z,2026-08-17T18:48:05Z,
182.138.158.253,ipv4,malicious-ip,medium,WHITE,ziyadnz/hourly-ipv4,ziyadnz|hourly,2026-08-17T18:48:05Z,2026-08-17T18:48:05Z,
182.138.158.30,ipv4,malicious-ip,medium,WHITE,ziyadnz/hourly-ipv4,ziyadnz|hourly,2026-08-17T18:48:05Z,2026-08-17T18:48:05Z,
182.138.158.32,ipv4,malicious-ip,medium,WHITE,ziyadnz/hourly-ipv4,ziyadnz|hourly,2026-08-17T18:48:05Z,2026-08-17T18:48:05Z,
182.138.158.38,ipv4,malicious-ip,medium,WHITE,ziyadnz/hourly-ipv4,ziyadnz|hourly,2026-08-17T18:48:05Z,2026-08-17T18:48:05Z,
182.138.158.40,ipv4,malicious-ip,medium,WHITE,ziyadnz/hourly-ipv4,ziyadnz|hourly,2026-08-17T18:48:05Z,2026-08-17T18:48:05Z,
182.138.158.48,ipv4,malicious-ip,medium,WHITE,ziyadnz/hourly-ipv4,ziyadnz|hourly,2026-08-17T18:48:05Z,2026-08-17T18:48:05Z,
182.138.158.65,ipv4,malicious-ip,medium,WHITE,ziyadnz/hourly-ipv4,ziyadnz|hourly,2026-08-17T18:48:05Z,2026-08-17T18:48:05Z,
182.138.158.67,ipv4,malicious-ip,medium,WHITE,ziyadnz/hourly-ipv4,ziyadnz|hourly,2026-08-17T18:48:05Z,2026-08-17T18:48:05Z,
182.138.158.7,ipv4,malicious-ip,medium,WHITE,ziyadnz/hourly-ipv4,ziyadnz|hourly,2026-08-17T18:48:05Z,2026-08-17T18:48:05Z,
182.138.158.70,ipv4,malicious-ip,medium,WHITE,ziyadnz/hourly-ipv4,ziyadnz|hourly,2026-08-17T18:48:05Z,2026-08-17T18:48:05Z,
182.138.158.79,ipv4,malicious-ip,medium,WHITE,ziyadnz/hourly-ipv4,ziyadnz|hourly,2026-08-17T18:48:05Z,2026-08-17T18:48:05Z,
182.138.158.8,ipv4,malicious-ip,medium,WHITE,ziyadnz/hourly-ipv4,ziyadnz|hourly,2026-08-17T18:48:05Z,2026-08-17T18:48:05Z,
182.138.158.82,ipv4,malicious-ip,medium,WHITE,ziyadnz/hourly-ipv4,ziyadnz|hourly,2026-08-17T18:48:05Z,2026-08-17T18:48:05Z,
182.138.158.84,ipv4,malicious-ip,medium,WHITE,ziyadnz/hourly-ipv4,ziyadnz|hourly,2026-08-17T18:48:05Z,2026-08-17T18:48:05Z,
182.138.158.85,ipv4,malicious-ip,medium,WHITE,ziyadnz/hourly-ipv4,ziyadnz|hourly,2026-08-17T18:48:05Z,2026-08-17T18:48:05Z,
182.138.158.9,ipv4,malicious-ip,medium,WHITE,ziyadnz/hourly-ipv4,ziyadnz|hourly,2026-08-17T18:48:05Z,2026-08-17T18:48:05Z,
182.138.158.90,ipv4,malicious-ip,medium,WHITE,ziyadnz/hourly-ipv4,ziyadnz|hourly,2026-08-17T18:48:05Z,2026-08-17T18:48:05Z,
182.138.158.93,ipv4,malicious-ip,medium,WHITE,ziyadnz/hourly-ipv4,ziyadnz|hourly,2026-08-17T18:48:05Z,2026-08-17T18:48:05Z,
182.138.158.97,ipv4,malicious-ip,medium,WHITE,ziyadnz/hourly-ipv4,ziyadnz|hourly,2026-08-17T18:48:05Z,2026-08-17T18:48:05Z,
182.138.158.98,ipv4,malicious-ip,medium,WHITE,ziyadnz/hourly-ipv4,ziyadnz|hourly,2026-08-17T18:48:05Z,2026-08-17T18:48:05Z,
182.145.12.29,ipv4,malicious-ip,medium,WHITE,ziyadnz/hourly-ipv4,ziyadnz|hourly,2026-08-17T18:48:05Z,2026-08-17T18:48:05Z,
182.147.126.12,ipv4,malicious-ip,medium,WHITE,ziyadnz/hourly-ipv4,ziyadnz|hourly,2026-08-17T18:48:05Z,2026-08-17T18:48:05Z,
182.150.115.56,ipv4,malicious-ip,medium,WHITE,ziyadnz/hourly-ipv4,ziyadnz|hourly,2026-08-17T18:48:05Z,2026-08-17T18:48:05Z,
182.150.57.157,ipv4,malicious-ip,medium,WHITE,ziyadnz/hourly-ipv4,ziyadnz|hourly,2026-08-17T18:48:05Z,2026-08-17T18:48:05Z,
182.151.52.134,ipv4,malicious-ip,medium,WHITE,ziyadnz/hourly-ipv4,ziyadnz|hourly,2026-08-17T18:48:05Z,2026-08-17T18:48:05Z,
182.151.61.36,ipv4,malicious-ip,medium,WHITE,ziyadnz/hourly-ipv4,ziyadnz|hourly,2026-08-17T18:48:05Z,2026-08-17T18:48:05Z,
182.155.250.21,ipv4,malicious-ip,medium,WHITE,ziyadnz/hourly-ipv4,ziyadnz|hourly,2026-08-17T18:48:05Z,2026-08-17T18:48:05Z,
182.156.19.46,ipv4,malicious-ip,medium,WHITE,ziyadnz/hourly-ipv4,ziyadnz|hourly,2026-08-17T18:48:05Z,2026-08-17T18:48:05Z,
182.156.35.238,ipv4,malicious-ip,medium,WHITE,ziyadnz/hourly-ipv4,ziyadnz|hourly,2026-08-17T18:48:05Z,2026-08-17T18:48:05Z,
182.156.6.210,ipv4,malicious-ip,medium,WHITE,ziyadnz/hourly-ipv4,ziyadnz|hourly,2026-08-17T18:48:05Z,2026-08-17T18:48:05Z,
182.156.80.11,ipv4,malicious-ip,medium,WHITE,ziyadnz/hourly-ipv4,ziyadnz|hourly,2026-08-17T18:48:05Z,2026-08-17T18:48:05Z,
182.16.101.120,ipv4,malicious-ip,medium,WHITE,ziyadnz/hourly-ipv4,ziyadnz|hourly,2026-08-17T18:48:05Z,2026-08-17T18:48:05Z,
182.16.101.6,ipv4,malicious-ip,medium,WHITE,ziyadnz/hourly-ipv4,ziyadnz|hourly,2026-08-17T18:48:05Z,2026-08-17T18:48:05Z,
182.16.3.122,ipv4,malicious-ip,medium,WHITE,ziyadnz/hourly-ipv4,ziyadnz|hourly,2026-08-17T18:48:05Z,2026-08-17T18:48:05Z,
182.16.42.18,ipv4,malicious-ip,medium,WHITE,ziyadnz/hourly-ipv4,ziyadnz|hourly,2026-08-17T18:48:05Z,2026-08-17T18:48:05Z,
182.160.103.146,ipv4,malicious-ip,medium,WHITE,ziyadnz/hourly-ipv4,ziyadnz|hourly,2026-08-17T18:48:05Z,2026-08-17T18:48:05Z,
182.160.125.243,ipv4,malicious-ip,medium,WHITE,ziyadnz/hourly-ipv4,ziyadnz|hourly,2026-08-17T18:48:05Z,2026-08-17T18:48:05Z,
182.160.125.57,ipv4,malicious-ip,medium,WHITE,ziyadnz/hourly-ipv4,ziyadnz|hourly,2026-08-17T18:48:05Z,2026-08-17T18:48:05Z,
182.169.65.62,ipv4,malicious-ip,medium,WHITE,ziyadnz/hourly-ipv4,ziyadnz|hourly,2026-08-17T18:48:05Z,2026-08-17T18:48:05Z,
182.176.159.72,ipv4,malicious-ip,medium,WHITE,ziyadnz/hourly-ipv4,ziyadnz|hourly,2026-08-17T18:48:05Z,2026-08-17T18:48:05Z,
182.176.169.50,ipv4,malicious-ip,medium,WHITE,ziyadnz/hourly-ipv4,ziyadnz|hourly,2026-08-17T18:48:05Z,2026-08-17T18:48:05Z,
182.176.180.88,ipv4,malicious-ip,medium,WHITE,ziyadnz/hourly-ipv4,ziyadnz|hourly,2026-08-17T18:48:05Z,2026-08-17T18:48:05Z,
182.176.89.236,ipv4,malicious-ip,medium,WHITE,ziyadnz/hourly-ipv4,ziyadnz|hourly,2026-08-17T18:48:05Z,2026-08-17T18:48:05Z,
182.176.91.41,ipv4,malicious-ip,medium,WHITE,ziyadnz/hourly-ipv4,ziyadnz|hourly,2026-08-17T18:48:05Z,2026-08-17T18:48:05Z,
182.176.92.143,ipv4,malicious-ip,medium,WHITE,ziyadnz/hourly-ipv4,ziyadnz|hourly,2026-08-17T18:48:05Z,2026-08-17T18:48:05Z,
182.177.127.70,ipv4,malicious-ip,medium,WHITE,ziyadnz/hourly-ipv4,ziyadnz|hourly,2026-08-17T18:48:05Z,2026-08-17T18:48:05Z,
182.177.134.75,ipv4,malicious-ip,medium,WHITE,ziyadnz/hourly-ipv4,ziyadnz|hourly,2026-08-17T18:48:05Z,2026-08-17T18:48:05Z,
182.177.169.199,ipv4,malicious-ip,medium,WHITE,ziyadnz/hourly-ipv4,ziyadnz|hourly,2026-08-17T18:48:05Z,2026-08-17T18:48:05Z,
182.178.43.38,ipv4,malicious-ip,medium,WHITE,ziyadnz/hourly-ipv4,ziyadnz|hourly,2026-08-17T18:48:05Z,2026-08-17T18:48:05Z,
182.180.109.36,ipv4,malicious-ip,medium,WHITE,ziyadnz/hourly-ipv4,ziyadnz|hourly,2026-08-17T18:48:05Z,2026-08-17T18:48:05Z,
182.180.112.112,ipv4,malicious-ip,medium,WHITE,ziyadnz/hourly-ipv4,ziyadnz|hourly,2026-08-17T18:48:05Z,2026-08-17T18:48:05Z,
182.180.121.196,ipv4,malicious-ip,medium,WHITE,ziyadnz/hourly-ipv4,ziyadnz|hourly,2026-08-17T18:48:05Z,2026-08-17T18:48:05Z,
182.180.147.190,ipv4,malicious-ip,medium,WHITE,ziyadnz/hourly-ipv4,ziyadnz|hourly,2026-08-17T18:48:05Z,2026-08-17T18:48:05Z,
182.180.153.19,ipv4,malicious-ip,medium,WHITE,ziyadnz/hourly-ipv4,ziyadnz|hourly,2026-08-17T18:48:05Z,2026-08-17T18:48:05Z,
182.180.154.234,ipv4,malicious-ip,medium,WHITE,ziyadnz/hourly-ipv4,ziyadnz|hourly,2026-08-17T18:48:05Z,2026-08-17T18:48:05Z,
182.180.167.238,ipv4,malicious-ip,medium,WHITE,ziyadnz/hourly-ipv4,ziyadnz|hourly,2026-08-17T18:48:05Z,2026-08-17T18:48:05Z,
182.180.56.69,ipv4,malicious-ip,medium,WHITE,ziyadnz/hourly-ipv4,ziyadnz|hourly,2026-08-17T18:48:05Z,2026-08-17T18:48:05Z,
182.180.57.212,ipv4,malicious-ip,medium,WHITE,ziyadnz/hourly-ipv4,ziyadnz|hourly,2026-08-17T18:48:05Z,2026-08-17T18:48:05Z,
182.180.57.72,ipv4,malicious-ip,medium,WHITE,ziyadnz/hourly-ipv4,ziyadnz|hourly,2026-08-17T18:48:05Z,2026-08-17T18:48:05Z,
182.180.59.208,ipv4,malicious-ip,medium,WHITE,ziyadnz/hourly-ipv4,ziyadnz|hourly,2026-08-17T18:48:05Z,2026-08-17T18:48:05Z,
182.180.61.85,ipv4,malicious-ip,medium,WHITE,ziyadnz/hourly-ipv4,ziyadnz|hourly,2026-08-17T18:48:05Z,2026-08-17T18:48:05Z,
182.180.91.158,ipv4,malicious-ip,medium,WHITE,ziyadnz/hourly-ipv4,ziyadnz|hourly,2026-08-17T18:48:05Z,2026-08-17T18:48:05Z,
182.181.191.26,ipv4,malicious-ip,medium,WHITE,ziyadnz/hourly-ipv4,ziyadnz|hourly,2026-08-17T18:48:05Z,2026-08-17T18:48:05Z,
182.182.184.162,ipv4,malicious-ip,medium,WHITE,ziyadnz/hourly-ipv4,ziyadnz|hourly,2026-08-17T18:48:05Z,2026-08-17T18:48:05Z,
182.183.31.232,ipv4,malicious-ip,medium,WHITE,ziyadnz/hourly-ipv4,ziyadnz|hourly,2026-08-17T18:48:05Z,2026-08-17T18:48:05Z,
182.184.116.119,ipv4,malicious-ip,medium,WHITE,ziyadnz/hourly-ipv4,ziyadnz|hourly,2026-08-17T18:48:05Z,2026-08-17T18:48:05Z,
182.184.232.131,ipv4,malicious-ip,medium,WHITE,ziyadnz/hourly-ipv4,ziyadnz|hourly,2026-08-17T18:48:05Z,2026-08-17T18:48:05Z,
182.184.238.145,ipv4,malicious-ip,medium,WHITE,ziyadnz/hourly-ipv4,ziyadnz|hourly,2026-08-17T18:48:05Z,2026-08-17T18:48:05Z,
182.184.239.22,ipv4,malicious-ip,medium,WHITE,ziyadnz/hourly-ipv4,ziyadnz|hourly,2026-08-17T18:48:05Z,2026-08-17T18:48:05Z,
182.184.51.177,ipv4,malicious-ip,medium,WHITE,ziyadnz/hourly-ipv4,ziyadnz|hourly,2026-08-17T18:48:05Z,2026-08-17T18:48:05Z,
182.184.74.158,ipv4,malicious-ip,medium,WHITE,ziyadnz/hourly-ipv4,ziyadnz|hourly,2026-08-17T18:48:05Z,2026-08-17T18:48:05Z,
182.185.153.172,ipv4,malicious-ip,medium,WHITE,ziyadnz/hourly-ipv4,ziyadnz|hourly,2026-08-17T18:48:05Z,2026-08-17T18:48:05Z,
182.185.219.247,ipv4,malicious-ip,medium,WHITE,ziyadnz/hourly-ipv4,ziyadnz|hourly,2026-08-17T18:48:05Z,2026-08-17T18:48:05Z,
182.186.82.170,ipv4,malicious-ip,medium,WHITE,ziyadnz/hourly-ipv4,ziyadnz|hourly,2026-08-17T18:48:05Z,2026-08-17T18:48:05Z,
182.186.85.71,ipv4,malicious-ip,medium,WHITE,ziyadnz/hourly-ipv4,ziyadnz|hourly,2026-08-17T18:48:05Z,2026-08-17T18:48:05Z,
182.187.140.93,ipv4,malicious-ip,medium,WHITE,ziyadnz/hourly-ipv4,ziyadnz|hourly,2026-08-17T18:48:05Z,2026-08-17T18:48:05Z,
182.187.166.51,ipv4,malicious-ip,medium,WHITE,ziyadnz/hourly-ipv4,ziyadnz|hourly,2026-08-17T18:48:05Z,2026-08-17T18:48:05Z,
182.188.28.217,ipv4,malicious-ip,medium,WHITE,ziyadnz/hourly-ipv4,ziyadnz|hourly,2026-08-17T18:48:05Z,2026-08-17T18:48:05Z,
182.189.10.14,ipv4,malicious-ip,medium,WHITE,ziyadnz/hourly-ipv4,ziyadnz|hourly,2026-08-17T18:48:05Z,2026-08-17T18:48:05Z,
182.189.52.39,ipv4,malicious-ip,medium,WHITE,ziyadnz/hourly-ipv4,ziyadnz|hourly,2026-08-17T18:48:05Z,2026-08-17T18:48:05Z,
182.189.94.193,ipv4,malicious-ip,medium,WHITE,ziyadnz/hourly-ipv4,ziyadnz|hourly,2026-08-17T18:48:05Z,2026-08-17T18:48:05Z,
182.19.35.57,ipv4,malicious-ip,medium,WHITE,ziyadnz/hourly-ipv4,ziyadnz|hourly,2026-08-17T18:48:05Z,2026-08-17T18:48:05Z,
182.19.42.50,ipv4,malicious-ip,medium,WHITE,ziyadnz/hourly-ipv4,ziyadnz|hourly,2026-08-17T18:48:05Z,2026-08-17T18:48:05Z,
182.190.209.227,ipv4,malicious-ip,medium,WHITE,ziyadnz/hourly-ipv4,ziyadnz|hourly,2026-08-17T18:48:05Z,2026-08-17T18:48:05Z,
182.191.108.187,ipv4,malicious-ip,medium,WHITE,ziyadnz/hourly-ipv4,ziyadnz|hourly,2026-08-17T18:48:05Z,2026-08-17T18:48:05Z,
182.191.122.219,ipv4,malicious-ip,medium,WHITE,ziyadnz/hourly-ipv4,ziyadnz|hourly,2026-08-17T18:48:05Z,2026-08-17T18:48:05Z,
182.191.72.77,ipv4,malicious-ip,medium,WHITE,ziyadnz/hourly-ipv4,ziyadnz|hourly,2026-08-17T18:48:05Z,2026-08-17T18:48:05Z,
182.191.75.117,ipv4,malicious-ip,medium,WHITE,ziyadnz/hourly-ipv4,ziyadnz|hourly,2026-08-17T18:48:05Z,2026-08-17T18:48:05Z,
182.191.77.164,ipv4,malicious-ip,medium,WHITE,ziyadnz/hourly-ipv4,ziyadnz|hourly,2026-08-17T18:48:05Z,2026-08-17T18:48:05Z,
182.191.78.9,ipv4,malicious-ip,medium,WHITE,ziyadnz/hourly-ipv4,ziyadnz|hourly,2026-08-17T18:48:05Z,2026-08-17T18:48:05Z,
182.191.83.123,ipv4,malicious-ip,medium,WHITE,ziyadnz/hourly-ipv4,ziyadnz|hourly,2026-08-17T18:48:05Z,2026-08-17T18:48:05Z,
182.191.94.208,ipv4,malicious-ip,medium,WHITE,ziyadnz/hourly-ipv4,ziyadnz|hourly,2026-08-17T18:48:05Z,2026-08-17T18:48:05Z,
182.202.14.22,ipv4,malicious-ip,medium,WHITE,ziyadnz/hourly-ipv4,ziyadnz|hourly,2026-08-17T18:48:05Z,2026-08-17T18:48:05Z,
182.202.9.160,ipv4,malicious-ip,medium,WHITE,ziyadnz/hourly-ipv4,ziyadnz|hourly,2026-08-17T18:48:05Z,2026-08-17T18:48:05Z,
182.207.179.146,ipv4,malicious-ip,medium,WHITE,ziyadnz/hourly-ipv4,ziyadnz|hourly,2026-08-17T18:48:05Z,2026-08-17T18:48:05Z,
182.209.73.34,ipv4,malicious-ip,medium,WHITE,ziyadnz/hourly-ipv4,ziyadnz|hourly,2026-08-17T18:48:05Z,2026-08-17T18:48:05Z,
182.210.238.49,ipv4,malicious-ip,medium,WHITE,ziyadnz/hourly-ipv4,ziyadnz|hourly,2026-08-17T18:48:05Z,2026-08-17T18:48:05Z,
182.213.11.161,ipv4,malicious-ip,medium,WHITE,ziyadnz/hourly-ipv4,ziyadnz|hourly,2026-08-17T18:48:05Z,2026-08-17T18:48:05Z,
182.214.68.232,ipv4,malicious-ip,medium,WHITE,ziyadnz/hourly-ipv4,ziyadnz|hourly,2026-08-17T18:48:05Z,2026-08-17T18:48:05Z,
182.216.31.124,ipv4,malicious-ip,medium,WHITE,ziyadnz/hourly-ipv4,ziyadnz|hourly,2026-08-17T18:48:05Z,2026-08-17T18:48:05Z,
182.217.16.126,ipv4,malicious-ip,medium,WHITE,ziyadnz/hourly-ipv4,ziyadnz|hourly,2026-08-17T18:48:05Z,2026-08-17T18:48:05Z,
182.218.116.96,ipv4,malicious-ip,medium,WHITE,ziyadnz/hourly-ipv4,ziyadnz|hourly,2026-08-17T18:48:05Z,2026-08-17T18:48:05Z,
182.218.191.57,ipv4,malicious-ip,medium,WHITE,ziyadnz/hourly-ipv4,ziyadnz|hourly,2026-08-17T18:48:05Z,2026-08-17T18:48:05Z,
182.222.1.141,ipv4,malicious-ip,medium,WHITE,ziyadnz/hourly-ipv4,ziyadnz|hourly,2026-08-17T18:48:05Z,2026-08-17T18:48:05Z,
182.223.190.12,ipv4,malicious-ip,medium,WHITE,ziyadnz/hourly-ipv4,ziyadnz|hourly,2026-08-17T18:48:05Z,2026-08-17T18:48:05Z,
182.224.177.46,ipv4,malicious-ip,medium,WHITE,ziyadnz/hourly-ipv4,ziyadnz|hourly,2026-08-17T18:48:05Z,2026-08-17T18:48:05Z,
182.225.134.13,ipv4,malicious-ip,medium,WHITE,ziyadnz/hourly-ipv4,ziyadnz|hourly,2026-08-17T18:48:05Z,2026-08-17T18:48:05Z,
182.23.54.125,ipv4,malicious-ip,medium,WHITE,ziyadnz/hourly-ipv4,ziyadnz|hourly,2026-08-17T18:48:05Z,2026-08-17T18:48:05Z,
182.23.82.202,ipv4,malicious-ip,medium,WHITE,ziyadnz/hourly-ipv4,ziyadnz|hourly,2026-08-17T18:48:05Z,2026-08-17T18:48:05Z,
182.230.104.254,ipv4,malicious-ip,medium,WHITE,ziyadnz/hourly-ipv4,ziyadnz|hourly,2026-08-17T18:48:05Z,2026-08-17T18:48:05Z,
182.230.149.135,ipv4,malicious-ip,medium,WHITE,ziyadnz/hourly-ipv4,ziyadnz|hourly,2026-08-17T18:48:05Z,2026-08-17T18:48:05Z,
182.234.183.31,ipv4,malicious-ip,medium,WHITE,ziyadnz/hourly-ipv4,ziyadnz|hourly,2026-08-17T18:48:05Z,2026-08-17T18:48:05Z,
182.234.23.20,ipv4,malicious-ip,medium,WHITE,ziyadnz/hourly-ipv4,ziyadnz|hourly,2026-08-17T18:48:05Z,2026-08-17T18:48:05Z,
182.237.11.82,ipv4,malicious-ip,medium,WHITE,ziyadnz/hourly-ipv4,ziyadnz|hourly,2026-08-17T18:48:05Z,2026-08-17T18:48:05Z,
182.237.12.66,ipv4,malicious-ip,medium,WHITE,ziyadnz/hourly-ipv4,ziyadnz|hourly,2026-08-17T18:48:05Z,2026-08-17T18:48:05Z,
182.239.112.170,ipv4,malicious-ip,medium,WHITE,ziyadnz/hourly-ipv4,ziyadnz|hourly,2026-08-17T18:48:05Z,2026-08-17T18:48:05Z,
182.239.131.5,ipv4,malicious-ip,medium,WHITE,ziyadnz/hourly-ipv4,ziyadnz|hourly,2026-08-17T18:48:05Z,2026-08-17T18:48:05Z,
182.240.112.178,ipv4,malicious-ip,medium,WHITE,ziyadnz/hourly-ipv4,ziyadnz|hourly,2026-08-17T18:48:05Z,2026-08-17T18:48:05Z,
182.240.70.163,ipv4,malicious-ip,medium,WHITE,ziyadnz/hourly-ipv4,ziyadnz|hourly,2026-08-17T18:48:05Z,2026-08-17T18:48:05Z,
182.242.168.108,ipv4,malicious-ip,medium,WHITE,ziyadnz/hourly-ipv4,ziyadnz|hourly,2026-08-17T18:48:05Z,2026-08-17T18:48:05Z,
182.242.168.109,ipv4,malicious-ip,medium,WHITE,ziyadnz/hourly-ipv4,ziyadnz|hourly,2026-08-17T18:48:05Z,2026-08-17T18:48:05Z,
182.242.168.112,ipv4,malicious-ip,medium,WHITE,ziyadnz/hourly-ipv4,ziyadnz|hourly,2026-08-17T18:48:05Z,2026-08-17T18:48:05Z,
182.242.168.115,ipv4,malicious-ip,medium,WHITE,ziyadnz/hourly-ipv4,ziyadnz|hourly,2026-08-17T18:48:05Z,2026-08-17T18:48:05Z,
182.242.168.116,ipv4,malicious-ip,medium,WHITE,ziyadnz/hourly-ipv4,ziyadnz|hourly,2026-08-17T18:48:05Z,2026-08-17T18:48:05Z,
182.242.168.124,ipv4,malicious-ip,medium,WHITE,ziyadnz/hourly-ipv4,ziyadnz|hourly,2026-08-17T18:48:05Z,2026-08-17T18:48:05Z,
182.242.168.128,ipv4,malicious-ip,medium,WHITE,ziyadnz/hourly-ipv4,ziyadnz|hourly,2026-08-17T18:48:05Z,2026-08-17T18:48:05Z,
182.242.168.130,ipv4,malicious-ip,medium,WHITE,ziyadnz/hourly-ipv4,ziyadnz|hourly,2026-08-17T18:48:05Z,2026-08-17T18:48:05Z,
182.242.168.134,ipv4,malicious-ip,medium,WHITE,ziyadnz/hourly-ipv4,ziyadnz|hourly,2026-08-17T18:48:05Z,2026-08-17T18:48:05Z,
182.242.168.149,ipv4,malicious-ip,medium,WHITE,ziyadnz/hourly-ipv4,ziyadnz|hourly,2026-08-17T18:48:05Z,2026-08-17T18:48:05Z,
182.242.168.150,ipv4,malicious-ip,medium,WHITE,ziyadnz/hourly-ipv4,ziyadnz|hourly,2026-08-17T18:48:05Z,2026-08-17T18:48:05Z,
182.242.168.165,ipv4,malicious-ip,medium,WHITE,ziyadnz/hourly-ipv4,ziyadnz|hourly,2026-08-17T18:48:05Z,2026-08-17T18:48:05Z,
182.242.168.176,ipv4,malicious-ip,medium,WHITE,ziyadnz/hourly-ipv4,ziyadnz|hourly,2026-08-17T18:48:05Z,2026-08-17T18:48:05Z,
182.242.168.188,ipv4,malicious-ip,medium,WHITE,ziyadnz/hourly-ipv4,ziyadnz|hourly,2026-08-17T18:48:05Z,2026-08-17T18:48:05Z,
182.242.168.190,ipv4,malicious-ip,medium,WHITE,ziyadnz/hourly-ipv4,ziyadnz|hourly,2026-08-17T18:48:05Z,2026-08-17T18:48:05Z,
182.242.168.191,ipv4,malicious-ip,medium,WHITE,ziyadnz/hourly-ipv4,ziyadnz|hourly,2026-08-17T18:48:05Z,2026-08-17T18:48:05Z,
182.242.168.201,ipv4,malicious-ip,medium,WHITE,ziyadnz/hourly-ipv4,ziyadnz|hourly,2026-08-17T18:48:05Z,2026-08-17T18:48:05Z,
182.242.168.202,ipv4,malicious-ip,medium,WHITE,ziyadnz/hourly-ipv4,ziyadnz|hourly,2026-08-17T18:48:05Z,2026-08-17T18:48:05Z,
182.242.168.209,ipv4,malicious-ip,medium,WHITE,ziyadnz/hourly-ipv4,ziyadnz|hourly,2026-08-17T18:48:05Z,2026-08-17T18:48:05Z,
182.242.168.210,ipv4,malicious-ip,medium,WHITE,ziyadnz/hourly-ipv4,ziyadnz|hourly,2026-08-17T18:48:05Z,2026-08-17T18:48:05Z,
182.242.168.211,ipv4,malicious-ip,medium,WHITE,ziyadnz/hourly-ipv4,ziyadnz|hourly,2026-08-17T18:48:05Z,2026-08-17T18:48:05Z,
182.242.168.217,ipv4,malicious-ip,medium,WHITE,ziyadnz/hourly-ipv4,ziyadnz|hourly,2026-08-17T18:48:05Z,2026-08-17T18:48:05Z,
182.242.168.219,ipv4,malicious-ip,medium,WHITE,ziyadnz/hourly-ipv4,ziyadnz|hourly,2026-08-17T18:48:05Z,2026-08-17T18:48:05Z,
182.242.168.222,ipv4,malicious-ip,medium,WHITE,ziyadnz/hourly-ipv4,ziyadnz|hourly,2026-08-17T18:48:05Z,2026-08-17T18:48:05Z,
182.242.168.226,ipv4,malicious-ip,medium,WHITE,ziyadnz/hourly-ipv4,ziyadnz|hourly,2026-08-17T18:48:05Z,2026-08-17T18:48:05Z,
182.242.168.229,ipv4,malicious-ip,medium,WHITE,ziyadnz/hourly-ipv4,ziyadnz|hourly,2026-08-17T18:48:05Z,2026-08-17T18:48:05Z,
182.242.168.230,ipv4,malicious-ip,medium,WHITE,ziyadnz/hourly-ipv4,ziyadnz|hourly,2026-08-17T18:48:05Z,2026-08-17T18:48:05Z,
182.242.168.236,ipv4,malicious-ip,medium,WHITE,ziyadnz/hourly-ipv4,ziyadnz|hourly,2026-08-17T18:48:05Z,2026-08-17T18:48:05Z,
182.242.168.241,ipv4,malicious-ip,medium,WHITE,ziyadnz/hourly-ipv4,ziyadnz|hourly,2026-08-17T18:48:05Z,2026-08-17T18:48:05Z,
182.242.168.242,ipv4,malicious-ip,medium,WHITE,ziyadnz/hourly-ipv4,ziyadnz|hourly,2026-08-17T18:48:05Z,2026-08-17T18:48:05Z,
182.242.168.255,ipv4,malicious-ip,medium,WHITE,ziyadnz/hourly-ipv4,ziyadnz|hourly,2026-08-17T18:48:05Z,2026-08-17T18:48:05Z,
182.242.168.44,ipv4,malicious-ip,medium,WHITE,ziyadnz/hourly-ipv4,ziyadnz|hourly,2026-08-17T18:48:05Z,2026-08-17T18:48:05Z,
182.242.168.69,ipv4,malicious-ip,medium,WHITE,ziyadnz/hourly-ipv4,ziyadnz|hourly,2026-08-17T18:48:05Z,2026-08-17T18:48:05Z,
182.242.168.82,ipv4,malicious-ip,medium,WHITE,ziyadnz/hourly-ipv4,ziyadnz|hourly,2026-08-17T18:48:05Z,2026-08-17T18:48:05Z,
182.242.169.0,ipv4,malicious-ip,medium,WHITE,ziyadnz/hourly-ipv4,ziyadnz|hourly,2026-08-17T18:48:05Z,2026-08-17T18:48:05Z,
182.242.169.1,ipv4,malicious-ip,medium,WHITE,ziyadnz/hourly-ipv4,ziyadnz|hourly,2026-08-17T18:48:05Z,2026-08-17T18:48:05Z,
182.242.169.102,ipv4,malicious-ip,medium,WHITE,ziyadnz/hourly-ipv4,ziyadnz|hourly,2026-08-17T18:48:05Z,2026-08-17T18:48:05Z,
182.242.169.11,ipv4,malicious-ip,medium,WHITE,ziyadnz/hourly-ipv4,ziyadnz|hourly,2026-08-17T18:48:05Z,2026-08-17T18:48:05Z,
182.242.169.112,ipv4,malicious-ip,medium,WHITE,ziyadnz/hourly-ipv4,ziyadnz|hourly,2026-08-17T18:48:05Z,2026-08-17T18:48:05Z,
182.242.169.148,ipv4,malicious-ip,medium,WHITE,ziyadnz/hourly-ipv4,ziyadnz|hourly,2026-08-17T18:48:05Z,2026-08-17T18:48:05Z,
182.242.169.24,ipv4,malicious-ip,medium,WHITE,ziyadnz/hourly-ipv4,ziyadnz|hourly,2026-08-17T18:48:05Z,2026-08-17T18:48:05Z,
182.242.169.35,ipv4,malicious-ip,medium,WHITE,ziyadnz/hourly-ipv4,ziyadnz|hourly,2026-08-17T18:48:05Z,2026-08-17T18:48:05Z,
182.242.169.39,ipv4,malicious-ip,medium,WHITE,ziyadnz/hourly-ipv4,ziyadnz|hourly,2026-08-17T18:48:05Z,2026-08-17T18:48:05Z,
182.242.169.4,ipv4,malicious-ip,medium,WHITE,ziyadnz/hourly-ipv4,ziyadnz|hourly,2026-08-17T18:48:05Z,2026-08-17T18:48:05Z,
182.242.169.43,ipv4,malicious-ip,medium,WHITE,ziyadnz/hourly-ipv4,ziyadnz|hourly,2026-08-17T18:48:05Z,2026-08-17T18:48:05Z,
182.242.169.54,ipv4,malicious-ip,medium,WHITE,ziyadnz/hourly-ipv4,ziyadnz|hourly,2026-08-17T18:48:05Z,2026-08-17T18:48:05Z,
182.242.169.58,ipv4,malicious-ip,medium,WHITE,ziyadnz/hourly-ipv4,ziyadnz|hourly,2026-08-17T18:48:05Z,2026-08-17T18:48:05Z,
182.242.169.67,ipv4,malicious-ip,medium,WHITE,ziyadnz/hourly-ipv4,ziyadnz|hourly,2026-08-17T18:48:05Z,2026-08-17T18:48:05Z,
182.242.169.7,ipv4,malicious-ip,medium,WHITE,ziyadnz/hourly-ipv4,ziyadnz|hourly,2026-08-17T18:48:05Z,2026-08-17T18:48:05Z,
182.242.169.73,ipv4,malicious-ip,medium,WHITE,ziyadnz/hourly-ipv4,ziyadnz|hourly,2026-08-17T18:48:05Z,2026-08-17T18:48:05Z,
182.242.169.99,ipv4,malicious-ip,medium,WHITE,ziyadnz/hourly-ipv4,ziyadnz|hourly,2026-08-17T18:48:05Z,2026-08-17T18:48:05Z,
182.243.178.219,ipv4,malicious-ip,medium,WHITE,ziyadnz/hourly-ipv4,ziyadnz|hourly,2026-08-17T18:48:05Z,2026-08-17T18:48:05Z,
182.244.0.150,ipv4,malicious-ip,medium,WHITE,ziyadnz/hourly-ipv4,ziyadnz|hourly,2026-08-17T18:48:05Z,2026-08-17T18:48:05Z,
182.244.188.116,ipv4,malicious-ip,medium,WHITE,ziyadnz/hourly-ipv4,ziyadnz|hourly,2026-08-17T18:48:05Z,2026-08-17T18:48:05Z,
182.245.225.25,ipv4,malicious-ip,medium,WHITE,ziyadnz/hourly-ipv4,ziyadnz|hourly,2026-08-17T18:48:05Z,2026-08-17T18:48:05Z,
182.249.23.210,ipv4,malicious-ip,medium,WHITE,ziyadnz/hourly-ipv4,ziyadnz|hourly,2026-08-17T18:48:05Z,2026-08-17T18:48:05Z,
182.249.24.110,ipv4,malicious-ip,medium,WHITE,ziyadnz/hourly-ipv4,ziyadnz|hourly,2026-08-17T18:48:05Z,2026-08-17T18:48:05Z,
182.252.140.114,ipv4,malicious-ip,medium,WHITE,ziyadnz/hourly-ipv4,ziyadnz|hourly,2026-08-17T18:48:05Z,2026-08-17T18:48:05Z,
182.252.81.38,ipv4,malicious-ip,medium,WHITE,ziyadnz/hourly-ipv4,ziyadnz|hourly,2026-08-17T18:48:05Z,2026-08-17T18:48:05Z,
182.252.94.208,ipv4,malicious-ip,medium,WHITE,ziyadnz/hourly-ipv4,ziyadnz|hourly,2026-08-17T18:48:05Z,2026-08-17T18:48:05Z,
182.252.94.211,ipv4,malicious-ip,medium,WHITE,ziyadnz/hourly-ipv4,ziyadnz|hourly,2026-08-17T18:48:05Z,2026-08-17T18:48:05Z,
182.252.95.84,ipv4,malicious-ip,medium,WHITE,ziyadnz/hourly-ipv4,ziyadnz|hourly,2026-08-17T18:48:05Z,2026-08-17T18:48:05Z,
182.253.112.36,ipv4,malicious-ip,medium,WHITE,ziyadnz/hourly-ipv4,ziyadnz|hourly,2026-08-17T18:48:05Z,2026-08-17T18:48:05Z,
182.253.116.18,ipv4,malicious-ip,medium,WHITE,ziyadnz/hourly-ipv4,ziyadnz|hourly,2026-08-17T18:48:05Z,2026-08-17T18:48:05Z,
182.253.116.213,ipv4,malicious-ip,medium,WHITE,ziyadnz/hourly-ipv4,ziyadnz|hourly,2026-08-17T18:48:05Z,2026-08-17T18:48:05Z,
182.253.126.4,ipv4,malicious-ip,medium,WHITE,ziyadnz/hourly-ipv4,ziyadnz|hourly,2026-08-17T18:48:05Z,2026-08-17T18:48:05Z,
182.253.128.35,ipv4,malicious-ip,medium,WHITE,ziyadnz/hourly-ipv4,ziyadnz|hourly,2026-08-17T18:48:05Z,2026-08-17T18:48:05Z,
182.253.129.7,ipv4,malicious-ip,medium,WHITE,ziyadnz/hourly-ipv4,ziyadnz|hourly,2026-08-17T18:48:05Z,2026-08-17T18:48:05Z,
182.253.139.220,ipv4,malicious-ip,medium,WHITE,ziyadnz/hourly-ipv4,ziyadnz|hourly,2026-08-17T18:48:05Z,2026-08-17T18:48:05Z,
182.253.143.144,ipv4,malicious-ip,medium,WHITE,ziyadnz/hourly-ipv4,ziyadnz|hourly,2026-08-17T18:48:05Z,2026-08-17T18:48:05Z,
182.253.143.29,ipv4,malicious-ip,medium,WHITE,ziyadnz/hourly-ipv4,ziyadnz|hourly,2026-08-17T18:48:05Z,2026-08-17T18:48:05Z,
182.253.156.173,ipv4,malicious-ip,medium,WHITE,ziyadnz/hourly-ipv4,ziyadnz|hourly,2026-08-17T18:48:05Z,2026-08-17T18:48:05Z,
182.253.188.155,ipv4,malicious-ip,medium,WHITE,ziyadnz/hourly-ipv4,ziyadnz|hourly,2026-08-17T18:48:05Z,2026-08-17T18:48:05Z,
182.253.193.130,ipv4,malicious-ip,medium,WHITE,ziyadnz/hourly-ipv4,ziyadnz|hourly,2026-08-17T18:48:05Z,2026-08-17T18:48:05Z,
182.253.209.189,ipv4,malicious-ip,medium,WHITE,ziyadnz/hourly-ipv4,ziyadnz|hourly,2026-08-17T18:48:05Z,2026-08-17T18:48:05Z,
182.253.31.67,ipv4,malicious-ip,medium,WHITE,ziyadnz/hourly-ipv4,ziyadnz|hourly,2026-08-17T18:48:05Z,2026-08-17T18:48:05Z,
182.253.38.73,ipv4,malicious-ip,medium,WHITE,ziyadnz/hourly-ipv4,ziyadnz|hourly,2026-08-17T18:48:05Z,2026-08-17T18:48:05Z,
182.253.42.213,ipv4,malicious-ip,medium,WHITE,ziyadnz/hourly-ipv4,ziyadnz|hourly,2026-08-17T18:48:05Z,2026-08-17T18:48:05Z,
182.253.50.142,ipv4,malicious-ip,medium,WHITE,ziyadnz/hourly-ipv4,ziyadnz|hourly,2026-08-17T18:48:05Z,2026-08-17T18:48:05Z,
182.253.58.2,ipv4,malicious-ip,medium,WHITE,ziyadnz/hourly-ipv4,ziyadnz|hourly,2026-08-17T18:48:05Z,2026-08-17T18:48:05Z,
182.253.61.173,ipv4,malicious-ip,medium,WHITE,ziyadnz/hourly-ipv4,ziyadnz|hourly,2026-08-17T18:48:05Z,2026-08-17T18:48:05Z,
182.253.64.224,ipv4,malicious-ip,medium,WHITE,ziyadnz/hourly-ipv4,ziyadnz|hourly,2026-08-17T18:48:05Z,2026-08-17T18:48:05Z,
182.253.8.130,ipv4,malicious-ip,medium,WHITE,ziyadnz/hourly-ipv4,ziyadnz|hourly,2026-08-17T18:48:05Z,2026-08-17T18:48:05Z,
182.253.89.116,ipv4,malicious-ip,medium,WHITE,ziyadnz/hourly-ipv4,ziyadnz|hourly,2026-08-17T18:48:05Z,2026-08-17T18:48:05Z,
182.253.89.117,ipv4,malicious-ip,medium,WHITE,ziyadnz/hourly-ipv4,ziyadnz|hourly,2026-08-17T18:48:05Z,2026-08-17T18:48:05Z,
182.253.89.118,ipv4,malicious-ip,medium,WHITE,ziyadnz/hourly-ipv4,ziyadnz|hourly,2026-08-17T18:48:05Z,2026-08-17T18:48:05Z,
182.253.89.119,ipv4,malicious-ip,medium,WHITE,ziyadnz/hourly-ipv4,ziyadnz|hourly,2026-08-17T18:48:05Z,2026-08-17T18:48:05Z,
182.253.90.79,ipv4,malicious-ip,medium,WHITE,ziyadnz/hourly-ipv4,ziyadnz|hourly,2026-08-17T18:48:05Z,2026-08-17T18:48:05Z,
182.254.157.231,ipv4,malicious-ip,medium,WHITE,ziyadnz/hourly-ipv4,ziyadnz|hourly,2026-08-17T18:48:05Z,2026-08-17T18:48:05Z,
182.254.194.144,ipv4,malicious-ip,medium,WHITE,ziyadnz/hourly-ipv4,ziyadnz|hourly,2026-08-17T18:48:05Z,2026-08-17T18:48:05Z,
182.254.194.182,ipv4,malicious-ip,medium,WHITE,ziyadnz/hourly-ipv4,ziyadnz|hourly,2026-08-17T18:48:05Z,2026-08-17T18:48:05Z,
182.254.243.157,ipv4,malicious-ip,medium,WHITE,ziyadnz/hourly-ipv4,ziyadnz|hourly,2026-08-17T18:48:05Z,2026-08-17T18:48:05Z,
182.255.90.215,ipv4,malicious-ip,medium,WHITE,ziyadnz/hourly-ipv4,ziyadnz|hourly,2026-08-17T18:48:05Z,2026-08-17T18:48:05Z,
182.31.197.71,ipv4,malicious-ip,medium,WHITE,ziyadnz/hourly-ipv4,ziyadnz|hourly,2026-08-17T18:48:05Z,2026-08-17T18:48:05Z,
182.31.35.187,ipv4,malicious-ip,medium,WHITE,ziyadnz/hourly-ipv4,ziyadnz|hourly,2026-08-17T18:48:05Z,2026-08-17T18:48:05Z,
182.32.195.128,ipv4,malicious-ip,medium,WHITE,ziyadnz/hourly-ipv4,ziyadnz|hourly,2026-08-17T18:48:05Z,2026-08-17T18:48:05Z,
182.32.204.209,ipv4,malicious-ip,medium,WHITE,ziyadnz/hourly-ipv4,ziyadnz|hourly,2026-08-17T18:48:05Z,2026-08-17T18:48:05Z,
182.32.209.169,ipv4,malicious-ip,medium,WHITE,ziyadnz/hourly-ipv4,ziyadnz|hourly,2026-08-17T18:48:05Z,2026-08-17T18:48:05Z,
182.32.214.5,ipv4,malicious-ip,medium,WHITE,ziyadnz/hourly-ipv4,ziyadnz|hourly,2026-08-17T18:48:05Z,2026-08-17T18:48:05Z,
182.32.254.42,ipv4,malicious-ip,medium,WHITE,ziyadnz/hourly-ipv4,ziyadnz|hourly,2026-08-17T18:48:05Z,2026-08-17T18:48:05Z,
182.34.12.227,ipv4,malicious-ip,medium,WHITE,ziyadnz/hourly-ipv4,ziyadnz|hourly,2026-08-17T18:48:05Z,2026-08-17T18:48:05Z,
182.34.148.61,ipv4,malicious-ip,medium,WHITE,ziyadnz/hourly-ipv4,ziyadnz|hourly,2026-08-17T18:48:05Z,2026-08-17T18:48:05Z,
182.34.179.52,ipv4,malicious-ip,medium,WHITE,ziyadnz/hourly-ipv4,ziyadnz|hourly,2026-08-17T18:48:05Z,2026-08-17T18:48:05Z,
182.34.182.122,ipv4,malicious-ip,medium,WHITE,ziyadnz/hourly-ipv4,ziyadnz|hourly,2026-08-17T18:48:05Z,2026-08-17T18:48:05Z,
182.34.190.78,ipv4,malicious-ip,medium,WHITE,ziyadnz/hourly-ipv4,ziyadnz|hourly,2026-08-17T18:48:05Z,2026-08-17T18:48:05Z,
182.34.193.182,ipv4,malicious-ip,medium,WHITE,ziyadnz/hourly-ipv4,ziyadnz|hourly,2026-08-17T18:48:05Z,2026-08-17T18:48:05Z,
182.34.194.36,ipv4,malicious-ip,medium,WHITE,ziyadnz/hourly-ipv4,ziyadnz|hourly,2026-08-17T18:48:05Z,2026-08-17T18:48:05Z,
182.34.195.238,ipv4,malicious-ip,medium,WHITE,ziyadnz/hourly-ipv4,ziyadnz|hourly,2026-08-17T18:48:05Z,2026-08-17T18:48:05Z,
182.34.198.4,ipv4,malicious-ip,medium,WHITE,ziyadnz/hourly-ipv4,ziyadnz|hourly,2026-08-17T18:48:05Z,2026-08-17T18:48:05Z,
182.34.198.48,ipv4,malicious-ip,medium,WHITE,ziyadnz/hourly-ipv4,ziyadnz|hourly,2026-08-17T18:48:05Z,2026-08-17T18:48:05Z,
182.34.200.152,ipv4,malicious-ip,medium,WHITE,ziyadnz/hourly-ipv4,ziyadnz|hourly,2026-08-17T18:48:05Z,2026-08-17T18:48:05Z,
182.34.200.59,ipv4,malicious-ip,medium,WHITE,ziyadnz/hourly-ipv4,ziyadnz|hourly,2026-08-17T18:48:05Z,2026-08-17T18:48:05Z,
182.34.202.10,ipv4,malicious-ip,medium,WHITE,ziyadnz/hourly-ipv4,ziyadnz|hourly,2026-08-17T18:48:05Z,2026-08-17T18:48:05Z,
182.34.55.92,ipv4,malicious-ip,medium,WHITE,ziyadnz/hourly-ipv4,ziyadnz|hourly,2026-08-17T18:48:05Z,2026-08-17T18:48:05Z,
182.35.230.224,ipv4,malicious-ip,medium,WHITE,ziyadnz/hourly-ipv4,ziyadnz|hourly,2026-08-17T18:48:05Z,2026-08-17T18:48:05Z,
182.37.82.34,ipv4,malicious-ip,medium,WHITE,ziyadnz/hourly-ipv4,ziyadnz|hourly,2026-08-17T18:48:05Z,2026-08-17T18:48:05Z,
182.37.91.0,ipv4,malicious-ip,medium,WHITE,ziyadnz/hourly-ipv4,ziyadnz|hourly,2026-08-17T18:48:05Z,2026-08-17T18:48:05Z,
182.37.91.128,ipv4,malicious-ip,medium,WHITE,ziyadnz/hourly-ipv4,ziyadnz|hourly,2026-08-17T18:48:05Z,2026-08-17T18:48:05Z,
182.37.91.130,ipv4,malicious-ip,medium,WHITE,ziyadnz/hourly-ipv4,ziyadnz|hourly,2026-08-17T18:48:05Z,2026-08-17T18:48:05Z,
182.37.91.131,ipv4,malicious-ip,medium,WHITE,ziyadnz/hourly-ipv4,ziyadnz|hourly,2026-08-17T18:48:05Z,2026-08-17T18:48:05Z,
182.37.91.133,ipv4,malicious-ip,medium,WHITE,ziyadnz/hourly-ipv4,ziyadnz|hourly,2026-08-17T18:48:05Z,2026-08-17T18:48:05Z,
182.37.91.134,ipv4,malicious-ip,medium,WHITE,ziyadnz/hourly-ipv4,ziyadnz|hourly,2026-08-17T18:48:05Z,2026-08-17T18:48:05Z,
182.37.91.136,ipv4,malicious-ip,medium,WHITE,ziyadnz/hourly-ipv4,ziyadnz|hourly,2026-08-17T18:48:05Z,2026-08-17T18:48:05Z,
182.37.91.137,ipv4,malicious-ip,medium,WHITE,ziyadnz/hourly-ipv4,ziyadnz|hourly,2026-08-17T18:48:05Z,2026-08-17T18:48:05Z,
182.37.91.138,ipv4,malicious-ip,medium,WHITE,ziyadnz/hourly-ipv4,ziyadnz|hourly,2026-08-17T18:48:05Z,2026-08-17T18:48:05Z,
182.37.91.139,ipv4,malicious-ip,medium,WHITE,ziyadnz/hourly-ipv4,ziyadnz|hourly,2026-08-17T18:48:05Z,2026-08-17T18:48:05Z,
182.37.91.144,ipv4,malicious-ip,medium,WHITE,ziyadnz/hourly-ipv4,ziyadnz|hourly,2026-08-17T18:48:05Z,2026-08-17T18:48:05Z,
182.37.91.146,ipv4,malicious-ip,medium,WHITE,ziyadnz/hourly-ipv4,ziyadnz|hourly,2026-08-17T18:48:05Z,2026-08-17T18:48:05Z,
182.37.91.147,ipv4,malicious-ip,medium,WHITE,ziyadnz/hourly-ipv4,ziyadnz|hourly,2026-08-17T18:48:05Z,2026-08-17T18:48:05Z,
182.37.91.149,ipv4,malicious-ip,medium,WHITE,ziyadnz/hourly-ipv4,ziyadnz|hourly,2026-08-17T18:48:05Z,2026-08-17T18:48:05Z,
182.37.91.150,ipv4,malicious-ip,medium,WHITE,ziyadnz/hourly-ipv4,ziyadnz|hourly,2026-08-17T18:48:05Z,2026-08-17T18:48:05Z,
182.37.91.159,ipv4,malicious-ip,medium,WHITE,ziyadnz/hourly-ipv4,ziyadnz|hourly,2026-08-17T18:48:05Z,2026-08-17T18:48:05Z,
182.37.91.160,ipv4,malicious-ip,medium,WHITE,ziyadnz/hourly-ipv4,ziyadnz|hourly,2026-08-17T18:48:05Z,2026-08-17T18:48:05Z,
182.37.91.162,ipv4,malicious-ip,medium,WHITE,ziyadnz/hourly-ipv4,ziyadnz|hourly,2026-08-17T18:48:05Z,2026-08-17T18:48:05Z,
182.37.91.169,ipv4,malicious-ip,medium,WHITE,ziyadnz/hourly-ipv4,ziyadnz|hourly,2026-08-17T18:48:05Z,2026-08-17T18:48:05Z,
182.37.91.175,ipv4,malicious-ip,medium,WHITE,ziyadnz/hourly-ipv4,ziyadnz|hourly,2026-08-17T18:48:05Z,2026-08-17T18:48:05Z,
182.37.91.176,ipv4,malicious-ip,medium,WHITE,ziyadnz/hourly-ipv4,ziyadnz|hourly,2026-08-17T18:48:05Z,2026-08-17T18:48:05Z,
182.37.91.182,ipv4,malicious-ip,medium,WHITE,ziyadnz/hourly-ipv4,ziyadnz|hourly,2026-08-17T18:48:05Z,2026-08-17T18:48:05Z,
182.37.91.191,ipv4,malicious-ip,medium,WHITE,ziyadnz/hourly-ipv4,ziyadnz|hourly,2026-08-17T18:48:05Z,2026-08-17T18:48:05Z,
182.37.91.192,ipv4,malicious-ip,medium,WHITE,ziyadnz/hourly-ipv4,ziyadnz|hourly,2026-08-17T18:48:05Z,2026-08-17T18:48:05Z,
182.37.91.194,ipv4,malicious-ip,medium,WHITE,ziyadnz/hourly-ipv4,ziyadnz|hourly,2026-08-17T18:48:05Z,2026-08-17T18:48:05Z,
182.37.91.195,ipv4,malicious-ip,medium,WHITE,ziyadnz/hourly-ipv4,ziyadnz|hourly,2026-08-17T18:48:05Z,2026-08-17T18:48:05Z,
182.37.91.196,ipv4,malicious-ip,medium,WHITE,ziyadnz/hourly-ipv4,ziyadnz|hourly,2026-08-17T18:48:05Z,2026-08-17T18:48:05Z,
182.37.91.205,ipv4,malicious-ip,medium,WHITE,ziyadnz/hourly-ipv4,ziyadnz|hourly,2026-08-17T18:48:05Z,2026-08-17T18:48:05Z,
182.37.91.211,ipv4,malicious-ip,medium,WHITE,ziyadnz/hourly-ipv4,ziyadnz|hourly,2026-08-17T18:48:05Z,2026-08-17T18:48:05Z,
182.37.91.212,ipv4,malicious-ip,medium,WHITE,ziyadnz/hourly-ipv4,ziyadnz|hourly,2026-08-17T18:48:05Z,2026-08-17T18:48:05Z,
182.37.91.215,ipv4,malicious-ip,medium,WHITE,ziyadnz/hourly-ipv4,ziyadnz|hourly,2026-08-17T18:48:05Z,2026-08-17T18:48:05Z,
182.37.91.222,ipv4,malicious-ip,medium,WHITE,ziyadnz/hourly-ipv4,ziyadnz|hourly,2026-08-17T18:48:05Z,2026-08-17T18:48:05Z,
182.40.103.253,ipv4,malicious-ip,medium,WHITE,ziyadnz/hourly-ipv4,ziyadnz|hourly,2026-08-17T18:48:05Z,2026-08-17T18:48:05Z,
182.40.104.132,ipv4,malicious-ip,medium,WHITE,ziyadnz/hourly-ipv4,ziyadnz|hourly,2026-08-17T18:48:05Z,2026-08-17T18:48:05Z,
182.40.104.74,ipv4,malicious-ip,medium,WHITE,ziyadnz/hourly-ipv4,ziyadnz|hourly,2026-08-17T18:48:05Z,2026-08-17T18:48:05Z,
182.40.195.233,ipv4,malicious-ip,medium,WHITE,ziyadnz/hourly-ipv4,ziyadnz|hourly,2026-08-17T18:48:05Z,2026-08-17T18:48:05Z,
182.42.93.139,ipv4,malicious-ip,medium,WHITE,ziyadnz/hourly-ipv4,ziyadnz|hourly,2026-08-17T18:48:05Z,2026-08-17T18:48:05Z,
182.43.104.151,ipv4,malicious-ip,medium,WHITE,ziyadnz/hourly-ipv4,ziyadnz|hourly,2026-08-17T18:48:05Z,2026-08-17T18:48:05Z,
182.43.184.15,ipv4,malicious-ip,medium,WHITE,ziyadnz/hourly-ipv4,ziyadnz|hourly,2026-08-17T18:48:05Z,2026-08-17T18:48:05Z,
182.43.22.64,ipv4,malicious-ip,medium,WHITE,ziyadnz/hourly-ipv4,ziyadnz|hourly,2026-08-17T18:48:05Z,2026-08-17T18:48:05Z,
182.43.56.139,ipv4,malicious-ip,medium,WHITE,ziyadnz/hourly-ipv4,ziyadnz|hourly,2026-08-17T18:48:05Z,2026-08-17T18:48:05Z,
182.43.76.120,ipv4,malicious-ip,medium,WHITE,ziyadnz/hourly-ipv4,ziyadnz|hourly,2026-08-17T18:48:05Z,2026-08-17T18:48:05Z,
182.44.116.87,ipv4,malicious-ip,medium,WHITE,ziyadnz/hourly-ipv4,ziyadnz|hourly,2026-08-17T18:48:05Z,2026-08-17T18:48:05Z,
182.44.12.249,ipv4,malicious-ip,medium,WHITE,ziyadnz/hourly-ipv4,ziyadnz|hourly,2026-08-17T18:48:05Z,2026-08-17T18:48:05Z,
182.44.38.181,ipv4,malicious-ip,medium,WHITE,ziyadnz/hourly-ipv4,ziyadnz|hourly,2026-08-17T18:48:05Z,2026-08-17T18:48:05Z,
182.44.4.202,ipv4,malicious-ip,medium,WHITE,ziyadnz/hourly-ipv4,ziyadnz|hourly,2026-08-17T18:48:05Z,2026-08-17T18:48:05Z,
182.44.68.137,ipv4,malicious-ip,medium,WHITE,ziyadnz/hourly-ipv4,ziyadnz|hourly,2026-08-17T18:48:05Z,2026-08-17T18:48:05Z,
182.44.72.56,ipv4,malicious-ip,medium,WHITE,ziyadnz/hourly-ipv4,ziyadnz|hourly,2026-08-17T18:48:05Z,2026-08-17T18:48:05Z,
182.44.73.149,ipv4,malicious-ip,medium,WHITE,ziyadnz/hourly-ipv4,ziyadnz|hourly,2026-08-17T18:48:05Z,2026-08-17T18:48:05Z,
182.44.82.212,ipv4,malicious-ip,medium,WHITE,ziyadnz/hourly-ipv4,ziyadnz|hourly,2026-08-17T18:48:05Z,2026-08-17T18:48:05Z,
182.44.9.102,ipv4,malicious-ip,medium,WHITE,ziyadnz/hourly-ipv4,ziyadnz|hourly,2026-08-17T18:48:05Z,2026-08-17T18:48:05Z,
182.45.194.134,ipv4,malicious-ip,medium,WHITE,ziyadnz/hourly-ipv4,ziyadnz|hourly,2026-08-17T18:48:05Z,2026-08-17T18:48:05Z,
182.46.1.5,ipv4,malicious-ip,medium,WHITE,ziyadnz/hourly-ipv4,ziyadnz|hourly,2026-08-17T18:48:05Z,2026-08-17T18:48:05Z,
182.46.108.112,ipv4,malicious-ip,medium,WHITE,ziyadnz/hourly-ipv4,ziyadnz|hourly,2026-08-17T18:48:05Z,2026-08-17T18:48:05Z,
182.46.108.188,ipv4,malicious-ip,medium,WHITE,ziyadnz/hourly-ipv4,ziyadnz|hourly,2026-08-17T18:48:05Z,2026-08-17T18:48:05Z,
182.46.139.160,ipv4,malicious-ip,medium,WHITE,ziyadnz/hourly-ipv4,ziyadnz|hourly,2026-08-17T18:48:05Z,2026-08-17T18:48:05Z,
182.46.189.56,ipv4,malicious-ip,medium,WHITE,ziyadnz/hourly-ipv4,ziyadnz|hourly,2026-08-17T18:48:05Z,2026-08-17T18:48:05Z,
182.46.196.157,ipv4,malicious-ip,medium,WHITE,ziyadnz/hourly-ipv4,ziyadnz|hourly,2026-08-17T18:48:05Z,2026-08-17T18:48:05Z,
182.46.199.184,ipv4,malicious-ip,medium,WHITE,ziyadnz/hourly-ipv4,ziyadnz|hourly,2026-08-17T18:48:05Z,2026-08-17T18:48:05Z,
182.46.203.210,ipv4,malicious-ip,medium,WHITE,ziyadnz/hourly-ipv4,ziyadnz|hourly,2026-08-17T18:48:05Z,2026-08-17T18:48:05Z,
182.46.203.30,ipv4,malicious-ip,medium,WHITE,ziyadnz/hourly-ipv4,ziyadnz|hourly,2026-08-17T18:48:05Z,2026-08-17T18:48:05Z,
182.46.3.210,ipv4,malicious-ip,medium,WHITE,ziyadnz/hourly-ipv4,ziyadnz|hourly,2026-08-17T18:48:05Z,2026-08-17T18:48:05Z,
182.46.59.249,ipv4,malicious-ip,medium,WHITE,ziyadnz/hourly-ipv4,ziyadnz|hourly,2026-08-17T18:48:05Z,2026-08-17T18:48:05Z,
182.47.243.91,ipv4,malicious-ip,medium,WHITE,ziyadnz/hourly-ipv4,ziyadnz|hourly,2026-08-17T18:48:05Z,2026-08-17T18:48:05Z,
182.48.211.110,ipv4,malicious-ip,medium,WHITE,ziyadnz/hourly-ipv4,ziyadnz|hourly,2026-08-17T18:48:05Z,2026-08-17T18:48:05Z,
182.48.212.230,ipv4,malicious-ip,medium,WHITE,ziyadnz/hourly-ipv4,ziyadnz|hourly,2026-08-17T18:48:05Z,2026-08-17T18:48:05Z,
182.48.212.40,ipv4,malicious-ip,medium,WHITE,ziyadnz/hourly-ipv4,ziyadnz|hourly,2026-08-17T18:48:05Z,2026-08-17T18:48:05Z,
182.48.68.82,ipv4,malicious-ip,medium,WHITE,ziyadnz/hourly-ipv4,ziyadnz|hourly,2026-08-17T18:48:05Z,2026-08-17T18:48:05Z,
182.48.69.165,ipv4,malicious-ip,medium,WHITE,ziyadnz/hourly-ipv4,ziyadnz|hourly,2026-08-17T18:48:05Z,2026-08-17T18:48:05Z,
182.48.82.232,ipv4,malicious-ip,medium,WHITE,ziyadnz/hourly-ipv4,ziyadnz|hourly,2026-08-17T18:48:05Z,2026-08-17T18:48:05Z,
182.48.93.56,ipv4,malicious-ip,medium,WHITE,ziyadnz/hourly-ipv4,ziyadnz|hourly,2026-08-17T18:48:05Z,2026-08-17T18:48:05Z,
182.50.249.59,ipv4,malicious-ip,medium,WHITE,ziyadnz/hourly-ipv4,ziyadnz|hourly,2026-08-17T18:48:05Z,2026-08-17T18:48:05Z,
182.50.66.204,ipv4,malicious-ip,medium,WHITE,ziyadnz/hourly-ipv4,ziyadnz|hourly,2026-08-17T18:48:05Z,2026-08-17T18:48:05Z,
182.52.109.76,ipv4,malicious-ip,medium,WHITE,ziyadnz/hourly-ipv4,ziyadnz|hourly,2026-08-17T18:48:05Z,2026-08-17T18:48:05Z,
182.52.134.58,ipv4,malicious-ip,medium,WHITE,ziyadnz/hourly-ipv4,ziyadnz|hourly,2026-08-17T18:48:05Z,2026-08-17T18:48:05Z,
182.52.137.25,ipv4,malicious-ip,medium,WHITE,ziyadnz/hourly-ipv4,ziyadnz|hourly,2026-08-17T18:48:05Z,2026-08-17T18:48:05Z,
182.52.159.24,ipv4,malicious-ip,medium,WHITE,ziyadnz/hourly-ipv4,ziyadnz|hourly,2026-08-17T18:48:05Z,2026-08-17T18:48:05Z,
182.52.236.235,ipv4,malicious-ip,medium,WHITE,ziyadnz/hourly-ipv4,ziyadnz|hourly,2026-08-17T18:48:05Z,2026-08-17T18:48:05Z,
182.52.236.80,ipv4,malicious-ip,medium,WHITE,ziyadnz/hourly-ipv4,ziyadnz|hourly,2026-08-17T18:48:05Z,2026-08-17T18:48:05Z,
182.52.51.215,ipv4,malicious-ip,medium,WHITE,ziyadnz/hourly-ipv4,ziyadnz|hourly,2026-08-17T18:48:05Z,2026-08-17T18:48:05Z,
182.52.51.245,ipv4,malicious-ip,medium,WHITE,ziyadnz/hourly-ipv4,ziyadnz|hourly,2026-08-17T18:48:05Z,2026-08-17T18:48:05Z,
182.52.90.106,ipv4,malicious-ip,medium,WHITE,ziyadnz/hourly-ipv4,ziyadnz|hourly,2026-08-17T18:48:05Z,2026-08-17T18:48:05Z,
182.53.137.97,ipv4,malicious-ip,medium,WHITE,ziyadnz/hourly-ipv4,ziyadnz|hourly,2026-08-17T18:48:05Z,2026-08-17T18:48:05Z,
182.53.201.74,ipv4,malicious-ip,medium,WHITE,ziyadnz/hourly-ipv4,ziyadnz|hourly,2026-08-17T18:48:05Z,2026-08-17T18:48:05Z,
182.53.232.113,ipv4,malicious-ip,medium,WHITE,ziyadnz/hourly-ipv4,ziyadnz|hourly,2026-08-17T18:48:05Z,2026-08-17T18:48:05Z,
182.53.52.68,ipv4,malicious-ip,medium,WHITE,ziyadnz/hourly-ipv4,ziyadnz|hourly,2026-08-17T18:48:05Z,2026-08-17T18:48:05Z,
182.53.55.252,ipv4,malicious-ip,medium,WHITE,ziyadnz/hourly-ipv4,ziyadnz|hourly,2026-08-17T18:48:05Z,2026-08-17T18:48:05Z,
182.53.66.144,ipv4,malicious-ip,medium,WHITE,ziyadnz/hourly-ipv4,ziyadnz|hourly,2026-08-17T18:48:05Z,2026-08-17T18:48:05Z,
182.54.159.190,ipv4,malicious-ip,medium,WHITE,ziyadnz/hourly-ipv4,ziyadnz|hourly,2026-08-17T18:48:05Z,2026-08-17T18:48:05Z,
182.54.23.100,ipv4,malicious-ip,medium,WHITE,ziyadnz/hourly-ipv4,ziyadnz|hourly,2026-08-17T18:48:05Z,2026-08-17T18:48:05Z,
182.54.23.109,ipv4,malicious-ip,medium,WHITE,ziyadnz/hourly-ipv4,ziyadnz|hourly,2026-08-17T18:48:05Z,2026-08-17T18:48:05Z,
182.54.23.110,ipv4,malicious-ip,medium,WHITE,ziyadnz/hourly-ipv4,ziyadnz|hourly,2026-08-17T18:48:05Z,2026-08-17T18:48:05Z,
182.54.23.112,ipv4,malicious-ip,medium,WHITE,ziyadnz/hourly-ipv4,ziyadnz|hourly,2026-08-17T18:48:05Z,2026-08-17T18:48:05Z,
182.54.23.12,ipv4,malicious-ip,medium,WHITE,ziyadnz/hourly-ipv4,ziyadnz|hourly,2026-08-17T18:48:05Z,2026-08-17T18:48:05Z,
182.54.23.123,ipv4,malicious-ip,medium,WHITE,ziyadnz/hourly-ipv4,ziyadnz|hourly,2026-08-17T18:48:05Z,2026-08-17T18:48:05Z,
182.54.23.127,ipv4,malicious-ip,medium,WHITE,ziyadnz/hourly-ipv4,ziyadnz|hourly,2026-08-17T18:48:05Z,2026-08-17T18:48:05Z,
182.54.23.128,ipv4,malicious-ip,medium,WHITE,ziyadnz/hourly-ipv4,ziyadnz|hourly,2026-08-17T18:48:05Z,2026-08-17T18:48:05Z,
182.54.23.134,ipv4,malicious-ip,medium,WHITE,ziyadnz/hourly-ipv4,ziyadnz|hourly,2026-08-17T18:48:05Z,2026-08-17T18:48:05Z,
182.54.23.157,ipv4,malicious-ip,medium,WHITE,ziyadnz/hourly-ipv4,ziyadnz|hourly,2026-08-17T18:48:05Z,2026-08-17T18:48:05Z,
182.54.23.167,ipv4,malicious-ip,medium,WHITE,ziyadnz/hourly-ipv4,ziyadnz|hourly,2026-08-17T18:48:05Z,2026-08-17T18:48:05Z,
182.54.23.169,ipv4,malicious-ip,medium,WHITE,ziyadnz/hourly-ipv4,ziyadnz|hourly,2026-08-17T18:48:05Z,2026-08-17T18:48:05Z,
182.54.23.171,ipv4,malicious-ip,medium,WHITE,ziyadnz/hourly-ipv4,ziyadnz|hourly,2026-08-17T18:48:05Z,2026-08-17T18:48:05Z,
182.54.23.173,ipv4,malicious-ip,medium,WHITE,ziyadnz/hourly-ipv4,ziyadnz|hourly,2026-08-17T18:48:05Z,2026-08-17T18:48:05Z,
182.54.23.175,ipv4,malicious-ip,medium,WHITE,ziyadnz/hourly-ipv4,ziyadnz|hourly,2026-08-17T18:48:05Z,2026-08-17T18:48:05Z,
182.54.23.18,ipv4,malicious-ip,medium,WHITE,ziyadnz/hourly-ipv4,ziyadnz|hourly,2026-08-17T18:48:05Z,2026-08-17T18:48:05Z,
182.54.23.195,ipv4,malicious-ip,medium,WHITE,ziyadnz/hourly-ipv4,ziyadnz|hourly,2026-08-17T18:48:05Z,2026-08-17T18:48:05Z,
182.54.23.197,ipv4,malicious-ip,medium,WHITE,ziyadnz/hourly-ipv4,ziyadnz|hourly,2026-08-17T18:48:05Z,2026-08-17T18:48:05Z,
182.54.23.20,ipv4,malicious-ip,medium,WHITE,ziyadnz/hourly-ipv4,ziyadnz|hourly,2026-08-17T18:48:05Z,2026-08-17T18:48:05Z,
182.54.23.210,ipv4,malicious-ip,medium,WHITE,ziyadnz/hourly-ipv4,ziyadnz|hourly,2026-08-17T18:48:05Z,2026-08-17T18:48:05Z,
182.54.23.212,ipv4,malicious-ip,medium,WHITE,ziyadnz/hourly-ipv4,ziyadnz|hourly,2026-08-17T18:48:05Z,2026-08-17T18:48:05Z,
182.54.23.217,ipv4,malicious-ip,medium,WHITE,ziyadnz/hourly-ipv4,ziyadnz|hourly,2026-08-17T18:48:05Z,2026-08-17T18:48:05Z,
182.54.23.222,ipv4,malicious-ip,medium,WHITE,ziyadnz/hourly-ipv4,ziyadnz|hourly,2026-08-17T18:48:05Z,2026-08-17T18:48:05Z,
182.54.23.33,ipv4,malicious-ip,medium,WHITE,ziyadnz/hourly-ipv4,ziyadnz|hourly,2026-08-17T18:48:05Z,2026-08-17T18:48:05Z,
182.54.23.36,ipv4,malicious-ip,medium,WHITE,ziyadnz/hourly-ipv4,ziyadnz|hourly,2026-08-17T18:48:05Z,2026-08-17T18:48:05Z,
182.54.23.40,ipv4,malicious-ip,medium,WHITE,ziyadnz/hourly-ipv4,ziyadnz|hourly,2026-08-17T18:48:05Z,2026-08-17T18:48:05Z,
182.54.23.43,ipv4,malicious-ip,medium,WHITE,ziyadnz/hourly-ipv4,ziyadnz|hourly,2026-08-17T18:48:05Z,2026-08-17T18:48:05Z,
182.54.23.59,ipv4,malicious-ip,medium,WHITE,ziyadnz/hourly-ipv4,ziyadnz|hourly,2026-08-17T18:48:05Z,2026-08-17T18:48:05Z,
182.54.23.6,ipv4,malicious-ip,medium,WHITE,ziyadnz/hourly-ipv4,ziyadnz|hourly,2026-08-17T18:48:05Z,2026-08-17T18:48:05Z,
182.54.23.61,ipv4,malicious-ip,medium,WHITE,ziyadnz/hourly-ipv4,ziyadnz|hourly,2026-08-17T18:48:05Z,2026-08-17T18:48:05Z,
182.54.23.65,ipv4,malicious-ip,medium,WHITE,ziyadnz/hourly-ipv4,ziyadnz|hourly,2026-08-17T18:48:05Z,2026-08-17T18:48:05Z,
182.54.23.72,ipv4,malicious-ip,medium,WHITE,ziyadnz/hourly-ipv4,ziyadnz|hourly,2026-08-17T18:48:05Z,2026-08-17T18:48:05Z,
182.54.23.81,ipv4,malicious-ip,medium,WHITE,ziyadnz/hourly-ipv4,ziyadnz|hourly,2026-08-17T18:48:05Z,2026-08-17T18:48:05Z,
182.54.23.85,ipv4,malicious-ip,medium,WHITE,ziyadnz/hourly-ipv4,ziyadnz|hourly,2026-08-17T18:48:05Z,2026-08-17T18:48:05Z,
182.54.23.86,ipv4,malicious-ip,medium,WHITE,ziyadnz/hourly-ipv4,ziyadnz|hourly,2026-08-17T18:48:05Z,2026-08-17T18:48:05Z,
182.54.23.93,ipv4,malicious-ip,medium,WHITE,ziyadnz/hourly-ipv4,ziyadnz|hourly,2026-08-17T18:48:05Z,2026-08-17T18:48:05Z,
182.54.23.94,ipv4,malicious-ip,medium,WHITE,ziyadnz/hourly-ipv4,ziyadnz|hourly,2026-08-17T18:48:05Z,2026-08-17T18:48:05Z,
182.59.206.88,ipv4,malicious-ip,medium,WHITE,ziyadnz/hourly-ipv4,ziyadnz|hourly,2026-08-17T18:48:05Z,2026-08-17T18:48:05Z,
182.60.128.245,ipv4,malicious-ip,medium,WHITE,ziyadnz/hourly-ipv4,ziyadnz|hourly,2026-08-17T18:48:05Z,2026-08-17T18:48:05Z,
182.60.25.169,ipv4,malicious-ip,medium,WHITE,ziyadnz/hourly-ipv4,ziyadnz|hourly,2026-08-17T18:48:05Z,2026-08-17T18:48:05Z,
182.60.35.19,ipv4,malicious-ip,medium,WHITE,ziyadnz/hourly-ipv4,ziyadnz|hourly,2026-08-17T18:48:05Z,2026-08-17T18:48:05Z,
182.60.5.225,ipv4,malicious-ip,medium,WHITE,ziyadnz/hourly-ipv4,ziyadnz|hourly,2026-08-17T18:48:05Z,2026-08-17T18:48:05Z,
182.60.64.181,ipv4,malicious-ip,medium,WHITE,ziyadnz/hourly-ipv4,ziyadnz|hourly,2026-08-17T18:48:05Z,2026-08-17T18:48:05Z,
182.61.14.89,ipv4,malicious-ip,medium,WHITE,ziyadnz/hourly-ipv4,ziyadnz|hourly,2026-08-17T18:48:05Z,2026-08-17T18:48:05Z,
182.61.22.188,ipv4,malicious-ip,medium,WHITE,ziyadnz/hourly-ipv4,ziyadnz|hourly,2026-08-17T18:48:05Z,2026-08-17T18:48:05Z,
182.61.51.103,ipv4,malicious-ip,medium,WHITE,ziyadnz/hourly-ipv4,ziyadnz|hourly,2026-08-17T18:48:05Z,2026-08-17T18:48:05Z,
182.61.54.90,ipv4,malicious-ip,medium,WHITE,ziyadnz/hourly-ipv4,ziyadnz|hourly,2026-08-17T18:48:05Z,2026-08-17T18:48:05Z,
182.64.92.61,ipv4,malicious-ip,medium,WHITE,ziyadnz/hourly-ipv4,ziyadnz|hourly,2026-08-17T18:48:05Z,2026-08-17T18:48:05Z,
182.66.193.170,ipv4,malicious-ip,medium,WHITE,ziyadnz/hourly-ipv4,ziyadnz|hourly,2026-08-17T18:48:05Z,2026-08-17T18:48:05Z,
182.66.193.212,ipv4,malicious-ip,medium,WHITE,ziyadnz/hourly-ipv4,ziyadnz|hourly,2026-08-17T18:48:05Z,2026-08-17T18:48:05Z,
182.66.96.106,ipv4,malicious-ip,medium,WHITE,ziyadnz/hourly-ipv4,ziyadnz|hourly,2026-08-17T18:48:05Z,2026-08-17T18:48:05Z,
182.69.176.179,ipv4,malicious-ip,medium,WHITE,ziyadnz/hourly-ipv4,ziyadnz|hourly,2026-08-17T18:48:05Z,2026-08-17T18:48:05Z,
182.69.178.11,ipv4,malicious-ip,medium,WHITE,ziyadnz/hourly-ipv4,ziyadnz|hourly,2026-08-17T18:48:05Z,2026-08-17T18:48:05Z,
182.69.181.216,ipv4,malicious-ip,medium,WHITE,ziyadnz/hourly-ipv4,ziyadnz|hourly,2026-08-17T18:48:05Z,2026-08-17T18:48:05Z,
182.69.186.21,ipv4,malicious-ip,medium,WHITE,ziyadnz/hourly-ipv4,ziyadnz|hourly,2026-08-17T18:48:05Z,2026-08-17T18:48:05Z,
182.70.118.145,ipv4,malicious-ip,medium,WHITE,ziyadnz/hourly-ipv4,ziyadnz|hourly,2026-08-17T18:48:05Z,2026-08-17T18:48:05Z,
182.70.121.64,ipv4,malicious-ip,medium,WHITE,ziyadnz/hourly-ipv4,ziyadnz|hourly,2026-08-17T18:48:05Z,2026-08-17T18:48:05Z,
182.70.183.147,ipv4,malicious-ip,medium,WHITE,ziyadnz/hourly-ipv4,ziyadnz|hourly,2026-08-17T18:48:05Z,2026-08-17T18:48:05Z,
182.70.243.207,ipv4,malicious-ip,medium,WHITE,ziyadnz/hourly-ipv4,ziyadnz|hourly,2026-08-17T18:48:05Z,2026-08-17T18:48:05Z,
182.70.255.242,ipv4,malicious-ip,medium,WHITE,ziyadnz/hourly-ipv4,ziyadnz|hourly,2026-08-17T18:48:05Z,2026-08-17T18:48:05Z,
182.71.137.158,ipv4,malicious-ip,medium,WHITE,ziyadnz/hourly-ipv4,ziyadnz|hourly,2026-08-17T18:48:05Z,2026-08-17T18:48:05Z,
182.71.161.131,ipv4,malicious-ip,medium,WHITE,ziyadnz/hourly-ipv4,ziyadnz|hourly,2026-08-17T18:48:05Z,2026-08-17T18:48:05Z,
182.71.94.250,ipv4,malicious-ip,medium,WHITE,ziyadnz/hourly-ipv4,ziyadnz|hourly,2026-08-17T18:48:05Z,2026-08-17T18:48:05Z,
182.72.33.205,ipv4,malicious-ip,medium,WHITE,ziyadnz/hourly-ipv4,ziyadnz|hourly,2026-08-17T18:48:05Z,2026-08-17T18:48:05Z,
182.73.222.82,ipv4,malicious-ip,medium,WHITE,ziyadnz/hourly-ipv4,ziyadnz|hourly,2026-08-17T18:48:05Z,2026-08-17T18:48:05Z,
182.74.3.250,ipv4,malicious-ip,medium,WHITE,ziyadnz/hourly-ipv4,ziyadnz|hourly,2026-08-17T18:48:05Z,2026-08-17T18:48:05Z,
182.75.13.154,ipv4,malicious-ip,medium,WHITE,ziyadnz/hourly-ipv4,ziyadnz|hourly,2026-08-17T18:48:05Z,2026-08-17T18:48:05Z,
182.75.14.50,ipv4,malicious-ip,medium,WHITE,ziyadnz/hourly-ipv4,ziyadnz|hourly,2026-08-17T18:48:05Z,2026-08-17T18:48:05Z,
182.75.197.174,ipv4,malicious-ip,medium,WHITE,ziyadnz/hourly-ipv4,ziyadnz|hourly,2026-08-17T18:48:05Z,2026-08-17T18:48:05Z,
182.75.227.178,ipv4,malicious-ip,medium,WHITE,ziyadnz/hourly-ipv4,ziyadnz|hourly,2026-08-17T18:48:05Z,2026-08-17T18:48:05Z,
182.76.176.68,ipv4,malicious-ip,medium,WHITE,ziyadnz/hourly-ipv4,ziyadnz|hourly,2026-08-17T18:48:05Z,2026-08-17T18:48:05Z,
182.76.32.75,ipv4,malicious-ip,medium,WHITE,ziyadnz/hourly-ipv4,ziyadnz|hourly,2026-08-17T18:48:05Z,2026-08-17T18:48:05Z,
182.76.36.62,ipv4,malicious-ip,medium,WHITE,ziyadnz/hourly-ipv4,ziyadnz|hourly,2026-08-17T18:48:05Z,2026-08-17T18:48:05Z,
182.76.43.169,ipv4,malicious-ip,medium,WHITE,ziyadnz/hourly-ipv4,ziyadnz|hourly,2026-08-17T18:48:05Z,2026-08-17T18:48:05Z,
182.76.66.186,ipv4,malicious-ip,medium,WHITE,ziyadnz/hourly-ipv4,ziyadnz|hourly,2026-08-17T18:48:05Z,2026-08-17T18:48:05Z,
182.77.58.11,ipv4,malicious-ip,medium,WHITE,ziyadnz/hourly-ipv4,ziyadnz|hourly,2026-08-17T18:48:05Z,2026-08-17T18:48:05Z,
182.77.59.25,ipv4,malicious-ip,medium,WHITE,ziyadnz/hourly-ipv4,ziyadnz|hourly,2026-08-17T18:48:05Z,2026-08-17T18:48:05Z,
182.77.75.254,ipv4,malicious-ip,medium,WHITE,ziyadnz/hourly-ipv4,ziyadnz|hourly,2026-08-17T18:48:05Z,2026-08-17T18:48:05Z,
182.77.77.111,ipv4,malicious-ip,medium,WHITE,ziyadnz/hourly-ipv4,ziyadnz|hourly,2026-08-17T18:48:05Z,2026-08-17T18:48:05Z,
182.78.108.126,ipv4,malicious-ip,medium,WHITE,ziyadnz/hourly-ipv4,ziyadnz|hourly,2026-08-17T18:48:05Z,2026-08-17T18:48:05Z,
182.78.11.10,ipv4,malicious-ip,medium,WHITE,ziyadnz/hourly-ipv4,ziyadnz|hourly,2026-08-17T18:48:05Z,2026-08-17T18:48:05Z,
182.78.135.74,ipv4,malicious-ip,medium,WHITE,ziyadnz/hourly-ipv4,ziyadnz|hourly,2026-08-17T18:48:05Z,2026-08-17T18:48:05Z,
182.78.168.194,ipv4,malicious-ip,medium,WHITE,ziyadnz/hourly-ipv4,ziyadnz|hourly,2026-08-17T18:48:05Z,2026-08-17T18:48:05Z,
182.78.17.137,ipv4,malicious-ip,medium,WHITE,ziyadnz/hourly-ipv4,ziyadnz|hourly,2026-08-17T18:48:05Z,2026-08-17T18:48:05Z,
182.78.197.66,ipv4,malicious-ip,medium,WHITE,ziyadnz/hourly-ipv4,ziyadnz|hourly,2026-08-17T18:48:05Z,2026-08-17T18:48:05Z,
182.78.234.106,ipv4,malicious-ip,medium,WHITE,ziyadnz/hourly-ipv4,ziyadnz|hourly,2026-08-17T18:48:05Z,2026-08-17T18:48:05Z,
182.78.253.134,ipv4,malicious-ip,medium,WHITE,ziyadnz/hourly-ipv4,ziyadnz|hourly,2026-08-17T18:48:05Z,2026-08-17T18:48:05Z,
182.79.102.10,ipv4,malicious-ip,medium,WHITE,ziyadnz/hourly-ipv4,ziyadnz|hourly,2026-08-17T18:48:05Z,2026-08-17T18:48:05Z,
182.79.111.78,ipv4,malicious-ip,medium,WHITE,ziyadnz/hourly-ipv4,ziyadnz|hourly,2026-08-17T18:48:05Z,2026-08-17T18:48:05Z,
182.79.13.2,ipv4,malicious-ip,medium,WHITE,ziyadnz/hourly-ipv4,ziyadnz|hourly,2026-08-17T18:48:05Z,2026-08-17T18:48:05Z,
182.79.216.226,ipv4,malicious-ip,medium,WHITE,ziyadnz/hourly-ipv4,ziyadnz|hourly,2026-08-17T18:48:05Z,2026-08-17T18:48:05Z,
182.79.24.206,ipv4,malicious-ip,medium,WHITE,ziyadnz/hourly-ipv4,ziyadnz|hourly,2026-08-17T18:48:05Z,2026-08-17T18:48:05Z,
182.8.100.205,ipv4,malicious-ip,medium,WHITE,ziyadnz/hourly-ipv4,ziyadnz|hourly,2026-08-17T18:48:05Z,2026-08-17T18:48:05Z,
182.8.129.145,ipv4,malicious-ip,medium,WHITE,ziyadnz/hourly-ipv4,ziyadnz|hourly,2026-08-17T18:48:05Z,2026-08-17T18:48:05Z,
182.8.161.201,ipv4,malicious-ip,medium,WHITE,ziyadnz/hourly-ipv4,ziyadnz|hourly,2026-08-17T18:48:05Z,2026-08-17T18:48:05Z,
182.8.161.203,ipv4,malicious-ip,medium,WHITE,ziyadnz/hourly-ipv4,ziyadnz|hourly,2026-08-17T18:48:05Z,2026-08-17T18:48:05Z,
182.8.178.178,ipv4,malicious-ip,medium,WHITE,ziyadnz/hourly-ipv4,ziyadnz|hourly,2026-08-17T18:48:05Z,2026-08-17T18:48:05Z,
182.8.179.80,ipv4,malicious-ip,medium,WHITE,ziyadnz/hourly-ipv4,ziyadnz|hourly,2026-08-17T18:48:05Z,2026-08-17T18:48:05Z,
182.8.182.155,ipv4,malicious-ip,medium,WHITE,ziyadnz/hourly-ipv4,ziyadnz|hourly,2026-08-17T18:48:05Z,2026-08-17T18:48:05Z,
182.8.182.158,ipv4,malicious-ip,medium,WHITE,ziyadnz/hourly-ipv4,ziyadnz|hourly,2026-08-17T18:48:05Z,2026-08-17T18:48:05Z,
182.8.182.230,ipv4,malicious-ip,medium,WHITE,ziyadnz/hourly-ipv4,ziyadnz|hourly,2026-08-17T18:48:05Z,2026-08-17T18:48:05Z,
182.8.183.103,ipv4,malicious-ip,medium,WHITE,ziyadnz/hourly-ipv4,ziyadnz|hourly,2026-08-17T18:48:05Z,2026-08-17T18:48:05Z,
182.8.195.187,ipv4,malicious-ip,medium,WHITE,ziyadnz/hourly-ipv4,ziyadnz|hourly,2026-08-17T18:48:05Z,2026-08-17T18:48:05Z,
182.8.211.174,ipv4,malicious-ip,medium,WHITE,ziyadnz/hourly-ipv4,ziyadnz|hourly,2026-08-17T18:48:05Z,2026-08-17T18:48:05Z,
182.8.226.228,ipv4,malicious-ip,medium,WHITE,ziyadnz/hourly-ipv4,ziyadnz|hourly,2026-08-17T18:48:05Z,2026-08-17T18:48:05Z,
182.8.226.51,ipv4,malicious-ip,medium,WHITE,ziyadnz/hourly-ipv4,ziyadnz|hourly,2026-08-17T18:48:05Z,2026-08-17T18:48:05Z,
182.8.229.178,ipv4,malicious-ip,medium,WHITE,ziyadnz/hourly-ipv4,ziyadnz|hourly,2026-08-17T18:48:05Z,2026-08-17T18:48:05Z,
182.8.229.43,ipv4,malicious-ip,medium,WHITE,ziyadnz/hourly-ipv4,ziyadnz|hourly,2026-08-17T18:48:05Z,2026-08-17T18:48:05Z,
182.8.249.119,ipv4,malicious-ip,medium,WHITE,ziyadnz/hourly-ipv4,ziyadnz|hourly,2026-08-17T18:48:05Z,2026-08-17T18:48:05Z,
182.8.249.41,ipv4,malicious-ip,medium,WHITE,ziyadnz/hourly-ipv4,ziyadnz|hourly,2026-08-17T18:48:05Z,2026-08-17T18:48:05Z,
182.8.255.129,ipv4,malicious-ip,medium,WHITE,ziyadnz/hourly-ipv4,ziyadnz|hourly,2026-08-17T18:48:05Z,2026-08-17T18:48:05Z,
182.8.255.146,ipv4,malicious-ip,medium,WHITE,ziyadnz/hourly-ipv4,ziyadnz|hourly,2026-08-17T18:48:05Z,2026-08-17T18:48:05Z,
182.8.255.190,ipv4,malicious-ip,medium,WHITE,ziyadnz/hourly-ipv4,ziyadnz|hourly,2026-08-17T18:48:05Z,2026-08-17T18:48:05Z,
182.8.66.33,ipv4,malicious-ip,medium,WHITE,ziyadnz/hourly-ipv4,ziyadnz|hourly,2026-08-17T18:48:05Z,2026-08-17T18:48:05Z,
182.8.68.23,ipv4,malicious-ip,medium,WHITE,ziyadnz/hourly-ipv4,ziyadnz|hourly,2026-08-17T18:48:05Z,2026-08-17T18:48:05Z,
182.8.97.136,ipv4,malicious-ip,medium,WHITE,ziyadnz/hourly-ipv4,ziyadnz|hourly,2026-08-17T18:48:05Z,2026-08-17T18:48:05Z,
182.8.98.121,ipv4,malicious-ip,medium,WHITE,ziyadnz/hourly-ipv4,ziyadnz|hourly,2026-08-17T18:48:05Z,2026-08-17T18:48:05Z,
182.84.110.41,ipv4,malicious-ip,medium,WHITE,ziyadnz/hourly-ipv4,ziyadnz|hourly,2026-08-17T18:48:05Z,2026-08-17T18:48:05Z,
182.84.165.221,ipv4,malicious-ip,medium,WHITE,ziyadnz/hourly-ipv4,ziyadnz|hourly,2026-08-17T18:48:05Z,2026-08-17T18:48:05Z,
182.88.26.170,ipv4,malicious-ip,medium,WHITE,ziyadnz/hourly-ipv4,ziyadnz|hourly,2026-08-17T18:48:05Z,2026-08-17T18:48:05Z,
182.88.26.228,ipv4,malicious-ip,medium,WHITE,ziyadnz/hourly-ipv4,ziyadnz|hourly,2026-08-17T18:48:05Z,2026-08-17T18:48:05Z,
182.88.94.163,ipv4,malicious-ip,medium,WHITE,ziyadnz/hourly-ipv4,ziyadnz|hourly,2026-08-17T18:48:05Z,2026-08-17T18:48:05Z,
182.9.200.14,ipv4,malicious-ip,medium,WHITE,ziyadnz/hourly-ipv4,ziyadnz|hourly,2026-08-17T18:48:05Z,2026-08-17T18:48:05Z,
182.9.34.210,ipv4,malicious-ip,medium,WHITE,ziyadnz/hourly-ipv4,ziyadnz|hourly,2026-08-17T18:48:05Z,2026-08-17T18:48:05Z,
182.9.36.253,ipv4,malicious-ip,medium,WHITE,ziyadnz/hourly-ipv4,ziyadnz|hourly,2026-08-17T18:48:05Z,2026-08-17T18:48:05Z,
182.9.49.225,ipv4,malicious-ip,medium,WHITE,ziyadnz/hourly-ipv4,ziyadnz|hourly,2026-08-17T18:48:05Z,2026-08-17T18:48:05Z,
182.90.166.11,ipv4,malicious-ip,medium,WHITE,ziyadnz/hourly-ipv4,ziyadnz|hourly,2026-08-17T18:48:05Z,2026-08-17T18:48:05Z,
182.90.206.180,ipv4,malicious-ip,medium,WHITE,ziyadnz/hourly-ipv4,ziyadnz|hourly,2026-08-17T18:48:05Z,2026-08-17T18:48:05Z,
182.90.206.195,ipv4,malicious-ip,medium,WHITE,ziyadnz/hourly-ipv4,ziyadnz|hourly,2026-08-17T18:48:05Z,2026-08-17T18:48:05Z,
182.90.206.70,ipv4,malicious-ip,medium,WHITE,ziyadnz/hourly-ipv4,ziyadnz|hourly,2026-08-17T18:48:05Z,2026-08-17T18:48:05Z,
182.90.229.95,ipv4,malicious-ip,medium,WHITE,ziyadnz/hourly-ipv4,ziyadnz|hourly,2026-08-17T18:48:05Z,2026-08-17T18:48:05Z,
182.90.248.108,ipv4,malicious-ip,medium,WHITE,ziyadnz/hourly-ipv4,ziyadnz|hourly,2026-08-17T18:48:05Z,2026-08-17T18:48:05Z,
182.92.117.168,ipv4,malicious-ip,medium,WHITE,ziyadnz/hourly-ipv4,ziyadnz|hourly,2026-08-17T18:48:05Z,2026-08-17T18:48:05Z,
182.92.119.182,ipv4,malicious-ip,medium,WHITE,ziyadnz/hourly-ipv4,ziyadnz|hourly,2026-08-17T18:48:05Z,2026-08-17T18:48:05Z,
182.92.133.114,ipv4,malicious-ip,medium,WHITE,ziyadnz/hourly-ipv4,ziyadnz|hourly,2026-08-17T18:48:05Z,2026-08-17T18:48:05Z,
182.92.158.141,ipv4,malicious-ip,medium,WHITE,ziyadnz/hourly-ipv4,ziyadnz|hourly,2026-08-17T18:48:05Z,2026-08-17T18:48:05Z,
182.92.158.201,ipv4,malicious-ip,medium,WHITE,ziyadnz/hourly-ipv4,ziyadnz|hourly,2026-08-17T18:48:05Z,2026-08-17T18:48:05Z,
182.92.181.218,ipv4,malicious-ip,medium,WHITE,ziyadnz/hourly-ipv4,ziyadnz|hourly,2026-08-17T18:48:05Z,2026-08-17T18:48:05Z,
182.92.190.234,ipv4,malicious-ip,medium,WHITE,ziyadnz/hourly-ipv4,ziyadnz|hourly,2026-08-17T18:48:05Z,2026-08-17T18:48:05Z,
182.92.194.238,ipv4,malicious-ip,medium,WHITE,ziyadnz/hourly-ipv4,ziyadnz|hourly,2026-08-17T18:48:05Z,2026-08-17T18:48:05Z,
182.92.200.98,ipv4,malicious-ip,medium,WHITE,ziyadnz/hourly-ipv4,ziyadnz|hourly,2026-08-17T18:48:05Z,2026-08-17T18:48:05Z,
182.92.201.119,ipv4,malicious-ip,medium,WHITE,ziyadnz/hourly-ipv4,ziyadnz|hourly,2026-08-17T18:48:05Z,2026-08-17T18:48:05Z,
182.92.202.149,ipv4,malicious-ip,medium,WHITE,ziyadnz/hourly-ipv4,ziyadnz|hourly,2026-08-17T18:48:05Z,2026-08-17T18:48:05Z,
182.92.204.91,ipv4,malicious-ip,medium,WHITE,ziyadnz/hourly-ipv4,ziyadnz|hourly,2026-08-17T18:48:05Z,2026-08-17T18:48:05Z,
182.92.215.108,ipv4,malicious-ip,medium,WHITE,ziyadnz/hourly-ipv4,ziyadnz|hourly,2026-08-17T18:48:05Z,2026-08-17T18:48:05Z,
182.92.215.81,ipv4,malicious-ip,medium,WHITE,ziyadnz/hourly-ipv4,ziyadnz|hourly,2026-08-17T18:48:05Z,2026-08-17T18:48:05Z,
182.92.217.225,ipv4,malicious-ip,medium,WHITE,ziyadnz/hourly-ipv4,ziyadnz|hourly,2026-08-17T18:48:05Z,2026-08-17T18:48:05Z,
182.92.71.6,ipv4,malicious-ip,medium,WHITE,ziyadnz/hourly-ipv4,ziyadnz|hourly,2026-08-17T18:48:05Z,2026-08-17T18:48:05Z,
182.92.92.149,ipv4,malicious-ip,medium,WHITE,ziyadnz/hourly-ipv4,ziyadnz|hourly,2026-08-17T18:48:05Z,2026-08-17T18:48:05Z,
182.92.94.183,ipv4,malicious-ip,medium,WHITE,ziyadnz/hourly-ipv4,ziyadnz|hourly,2026-08-17T18:48:05Z,2026-08-17T18:48:05Z,
182.93.89.122,ipv4,malicious-ip,medium,WHITE,ziyadnz/hourly-ipv4,ziyadnz|hourly,2026-08-17T18:48:05Z,2026-08-17T18:48:05Z,
182.95.116.66,ipv4,malicious-ip,medium,WHITE,ziyadnz/hourly-ipv4,ziyadnz|hourly,2026-08-17T18:48:05Z,2026-08-17T18:48:05Z,
182.95.122.110,ipv4,malicious-ip,medium,WHITE,ziyadnz/hourly-ipv4,ziyadnz|hourly,2026-08-17T18:48:05Z,2026-08-17T18:48:05Z,
182.95.146.90,ipv4,malicious-ip,medium,WHITE,ziyadnz/hourly-ipv4,ziyadnz|hourly,2026-08-17T18:48:05Z,2026-08-17T18:48:05Z,
182.95.153.122,ipv4,malicious-ip,medium,WHITE,ziyadnz/hourly-ipv4,ziyadnz|hourly,2026-08-17T18:48:05Z,2026-08-17T18:48:05Z,
182.95.156.2,ipv4,malicious-ip,medium,WHITE,ziyadnz/hourly-ipv4,ziyadnz|hourly,2026-08-17T18:48:05Z,2026-08-17T18:48:05Z,
182.95.181.138,ipv4,malicious-ip,medium,WHITE,ziyadnz/hourly-ipv4,ziyadnz|hourly,2026-08-17T18:48:05Z,2026-08-17T18:48:05Z,
182.95.181.166,ipv4,malicious-ip,medium,WHITE,ziyadnz/hourly-ipv4,ziyadnz|hourly,2026-08-17T18:48:05Z,2026-08-17T18:48:05Z,
182.95.185.142,ipv4,malicious-ip,medium,WHITE,ziyadnz/hourly-ipv4,ziyadnz|hourly,2026-08-17T18:48:05Z,2026-08-17T18:48:05Z,
182.95.189.66,ipv4,malicious-ip,medium,WHITE,ziyadnz/hourly-ipv4,ziyadnz|hourly,2026-08-17T18:48:05Z,2026-08-17T18:48:05Z,
182.95.190.150,ipv4,malicious-ip,medium,WHITE,ziyadnz/hourly-ipv4,ziyadnz|hourly,2026-08-17T18:48:05Z,2026-08-17T18:48:05Z,
182.95.217.182,ipv4,malicious-ip,medium,WHITE,ziyadnz/hourly-ipv4,ziyadnz|hourly,2026-08-17T18:48:05Z,2026-08-17T18:48:05Z,
182.95.223.50,ipv4,malicious-ip,medium,WHITE,ziyadnz/hourly-ipv4,ziyadnz|hourly,2026-08-17T18:48:05Z,2026-08-17T18:48:05Z,
182.95.228.194,ipv4,malicious-ip,medium,WHITE,ziyadnz/hourly-ipv4,ziyadnz|hourly,2026-08-17T18:48:05Z,2026-08-17T18:48:05Z,
182.95.230.206,ipv4,malicious-ip,medium,WHITE,ziyadnz/hourly-ipv4,ziyadnz|hourly,2026-08-17T18:48:05Z,2026-08-17T18:48:05Z,
182.95.47.2,ipv4,malicious-ip,medium,WHITE,ziyadnz/hourly-ipv4,ziyadnz|hourly,2026-08-17T18:48:05Z,2026-08-17T18:48:05Z,
182.95.61.82,ipv4,malicious-ip,medium,WHITE,ziyadnz/hourly-ipv4,ziyadnz|hourly,2026-08-17T18:48:05Z,2026-08-17T18:48:05Z,
182.95.62.22,ipv4,malicious-ip,medium,WHITE,ziyadnz/hourly-ipv4,ziyadnz|hourly,2026-08-17T18:48:05Z,2026-08-17T18:48:05Z,
182.96.1.9,ipv4,malicious-ip,medium,WHITE,ziyadnz/hourly-ipv4,ziyadnz|hourly,2026-08-17T18:48:05Z,2026-08-17T18:48:05Z,
182.96.95.66,ipv4,malicious-ip,medium,WHITE,ziyadnz/hourly-ipv4,ziyadnz|hourly,2026-08-17T18:48:05Z,2026-08-17T18:48:05Z,
182.98.255.33,ipv4,malicious-ip,medium,WHITE,ziyadnz/hourly-ipv4,ziyadnz|hourly,2026-08-17T18:48:05Z,2026-08-17T18:48:05Z,
182.99.17.190,ipv4,malicious-ip,medium,WHITE,ziyadnz/hourly-ipv4,ziyadnz|hourly,2026-08-17T18:48:05Z,2026-08-17T18:48:05Z,
182.99.242.84,ipv4,malicious-ip,medium,WHITE,ziyadnz/hourly-ipv4,ziyadnz|hourly,2026-08-17T18:48:05Z,2026-08-17T18:48:05Z,
183.10.4.140,ipv4,malicious-ip,medium,WHITE,ziyadnz/hourly-ipv4,ziyadnz|hourly,2026-08-17T18:48:05Z,2026-08-17T18:48:05Z,
183.102.210.40,ipv4,malicious-ip,medium,WHITE,ziyadnz/hourly-ipv4,ziyadnz|hourly,2026-08-17T18:48:05Z,2026-08-17T18:48:05Z,
183.103.217.221,ipv4,malicious-ip,medium,WHITE,ziyadnz/hourly-ipv4,ziyadnz|hourly,2026-08-17T18:48:05Z,2026-08-17T18:48:05Z,
183.103.217.251,ipv4,malicious-ip,medium,WHITE,ziyadnz/hourly-ipv4,ziyadnz|hourly,2026-08-17T18:48:05Z,2026-08-17T18:48:05Z,
183.104.211.192,ipv4,malicious-ip,medium,WHITE,ziyadnz/hourly-ipv4,ziyadnz|hourly,2026-08-17T18:48:05Z,2026-08-17T18:48:05Z,
183.104.220.152,ipv4,malicious-ip,medium,WHITE,ziyadnz/hourly-ipv4,ziyadnz|hourly,2026-08-17T18:48:05Z,2026-08-17T18:48:05Z,
183.104.220.195,ipv4,malicious-ip,medium,WHITE,ziyadnz/hourly-ipv4,ziyadnz|hourly,2026-08-17T18:48:05Z,2026-08-17T18:48:05Z,
183.104.26.197,ipv4,malicious-ip,medium,WHITE,ziyadnz/hourly-ipv4,ziyadnz|hourly,2026-08-17T18:48:05Z,2026-08-17T18:48:05Z,
183.105.74.96,ipv4,malicious-ip,medium,WHITE,ziyadnz/hourly-ipv4,ziyadnz|hourly,2026-08-17T18:48:05Z,2026-08-17T18:48:05Z,
183.106.105.125,ipv4,malicious-ip,medium,WHITE,ziyadnz/hourly-ipv4,ziyadnz|hourly,2026-08-17T18:48:05Z,2026-08-17T18:48:05Z,
183.106.20.121,ipv4,malicious-ip,medium,WHITE,ziyadnz/hourly-ipv4,ziyadnz|hourly,2026-08-17T18:48:05Z,2026-08-17T18:48:05Z,
183.106.214.150,ipv4,malicious-ip,medium,WHITE,ziyadnz/hourly-ipv4,ziyadnz|hourly,2026-08-17T18:48:05Z,2026-08-17T18:48:05Z,
183.107.80.90,ipv4,malicious-ip,medium,WHITE,ziyadnz/hourly-ipv4,ziyadnz|hourly,2026-08-17T18:48:05Z,2026-08-17T18:48:05Z,
183.108.171.134,ipv4,malicious-ip,medium,WHITE,ziyadnz/hourly-ipv4,ziyadnz|hourly,2026-08-17T18:48:05Z,2026-08-17T18:48:05Z,
183.108.233.190,ipv4,malicious-ip,medium,WHITE,ziyadnz/hourly-ipv4,ziyadnz|hourly,2026-08-17T18:48:05Z,2026-08-17T18:48:05Z,
183.109.153.173,ipv4,malicious-ip,medium,WHITE,ziyadnz/hourly-ipv4,ziyadnz|hourly,2026-08-17T18:48:05Z,2026-08-17T18:48:05Z,
183.109.153.175,ipv4,malicious-ip,medium,WHITE,ziyadnz/hourly-ipv4,ziyadnz|hourly,2026-08-17T18:48:05Z,2026-08-17T18:48:05Z,
183.109.153.176,ipv4,malicious-ip,medium,WHITE,ziyadnz/hourly-ipv4,ziyadnz|hourly,2026-08-17T18:48:05Z,2026-08-17T18:48:05Z,
183.109.196.114,ipv4,malicious-ip,medium,WHITE,ziyadnz/hourly-ipv4,ziyadnz|hourly,2026-08-17T18:48:05Z,2026-08-17T18:48:05Z,
183.109.199.222,ipv4,malicious-ip,medium,WHITE,ziyadnz/hourly-ipv4,ziyadnz|hourly,2026-08-17T18:48:05Z,2026-08-17T18:48:05Z,
183.11.226.207,ipv4,malicious-ip,medium,WHITE,ziyadnz/hourly-ipv4,ziyadnz|hourly,2026-08-17T18:48:05Z,2026-08-17T18:48:05Z,
183.11.229.111,ipv4,malicious-ip,medium,WHITE,ziyadnz/hourly-ipv4,ziyadnz|hourly,2026-08-17T18:48:05Z,2026-08-17T18:48:05Z,
183.110.116.65,ipv4,malicious-ip,medium,WHITE,ziyadnz/hourly-ipv4,ziyadnz|hourly,2026-08-17T18:48:05Z,2026-08-17T18:48:05Z,
183.110.63.196,ipv4,malicious-ip,medium,WHITE,ziyadnz/hourly-ipv4,ziyadnz|hourly,2026-08-17T18:48:05Z,2026-08-17T18:48:05Z,
183.111.125.26,ipv4,malicious-ip,medium,WHITE,ziyadnz/hourly-ipv4,ziyadnz|hourly,2026-08-17T18:48:05Z,2026-08-17T18:48:05Z,
183.111.148.147,ipv4,malicious-ip,medium,WHITE,ziyadnz/hourly-ipv4,ziyadnz|hourly,2026-08-17T18:48:05Z,2026-08-17T18:48:05Z,
183.111.166.18,ipv4,malicious-ip,medium,WHITE,ziyadnz/hourly-ipv4,ziyadnz|hourly,2026-08-17T18:48:05Z,2026-08-17T18:48:05Z,
183.12.165.63,ipv4,malicious-ip,medium,WHITE,ziyadnz/hourly-ipv4,ziyadnz|hourly,2026-08-17T18:48:05Z,2026-08-17T18:48:05Z,
183.12.170.255,ipv4,malicious-ip,medium,WHITE,ziyadnz/hourly-ipv4,ziyadnz|hourly,2026-08-17T18:48:05Z,2026-08-17T18:48:05Z,
183.12.171.236,ipv4,malicious-ip,medium,WHITE,ziyadnz/hourly-ipv4,ziyadnz|hourly,2026-08-17T18:48:05Z,2026-08-17T18:48:05Z,
183.128.113.104,ipv4,malicious-ip,medium,WHITE,ziyadnz/hourly-ipv4,ziyadnz|hourly,2026-08-17T18:48:05Z,2026-08-17T18:48:05Z,
183.128.136.121,ipv4,malicious-ip,medium,WHITE,ziyadnz/hourly-ipv4,ziyadnz|hourly,2026-08-17T18:48:05Z,2026-08-17T18:48:05Z,
183.128.198.19,ipv4,malicious-ip,medium,WHITE,ziyadnz/hourly-ipv4,ziyadnz|hourly,2026-08-17T18:48:05Z,2026-08-17T18:48:05Z,
183.128.47.203,ipv4,malicious-ip,medium,WHITE,ziyadnz/hourly-ipv4,ziyadnz|hourly,2026-08-17T18:48:05Z,2026-08-17T18:48:05Z,
183.129.148.70,ipv4,malicious-ip,medium,WHITE,ziyadnz/hourly-ipv4,ziyadnz|hourly,2026-08-17T18:48:05Z,2026-08-17T18:48:05Z,
183.129.185.116,ipv4,malicious-ip,medium,WHITE,ziyadnz/hourly-ipv4,ziyadnz|hourly,2026-08-17T18:48:05Z,2026-08-17T18:48:05Z,
183.129.191.100,ipv4,malicious-ip,medium,WHITE,ziyadnz/hourly-ipv4,ziyadnz|hourly,2026-08-17T18:48:05Z,2026-08-17T18:48:05Z,
183.129.249.4,ipv4,malicious-ip,medium,WHITE,ziyadnz/hourly-ipv4,ziyadnz|hourly,2026-08-17T18:48:05Z,2026-08-17T18:48:05Z,
183.130.224.165,ipv4,malicious-ip,medium,WHITE,ziyadnz/hourly-ipv4,ziyadnz|hourly,2026-08-17T18:48:05Z,2026-08-17T18:48:05Z,
183.131.109.163,ipv4,malicious-ip,medium,WHITE,ziyadnz/hourly-ipv4,ziyadnz|hourly,2026-08-17T18:48:05Z,2026-08-17T18:48:05Z,
183.131.109.164,ipv4,malicious-ip,medium,WHITE,ziyadnz/hourly-ipv4,ziyadnz|hourly,2026-08-17T18:48:05Z,2026-08-17T18:48:05Z,
183.132.152.231,ipv4,malicious-ip,medium,WHITE,ziyadnz/hourly-ipv4,ziyadnz|hourly,2026-08-17T18:48:05Z,2026-08-17T18:48:05Z,
183.132.154.78,ipv4,malicious-ip,medium,WHITE,ziyadnz/hourly-ipv4,ziyadnz|hourly,2026-08-17T18:48:05Z,2026-08-17T18:48:05Z,
183.132.69.39,ipv4,malicious-ip,medium,WHITE,ziyadnz/hourly-ipv4,ziyadnz|hourly,2026-08-17T18:48:05Z,2026-08-17T18:48:05Z,
183.132.94.176,ipv4,malicious-ip,medium,WHITE,ziyadnz/hourly-ipv4,ziyadnz|hourly,2026-08-17T18:48:05Z,2026-08-17T18:48:05Z,
183.134.15.84,ipv4,malicious-ip,medium,WHITE,ziyadnz/hourly-ipv4,ziyadnz|hourly,2026-08-17T18:48:05Z,2026-08-17T18:48:05Z,
183.134.217.11,ipv4,malicious-ip,medium,WHITE,ziyadnz/hourly-ipv4,ziyadnz|hourly,2026-08-17T18:48:05Z,2026-08-17T18:48:05Z,
183.134.217.20,ipv4,malicious-ip,medium,WHITE,ziyadnz/hourly-ipv4,ziyadnz|hourly,2026-08-17T18:48:05Z,2026-08-17T18:48:05Z,
183.134.230.162,ipv4,malicious-ip,medium,WHITE,ziyadnz/hourly-ipv4,ziyadnz|hourly,2026-08-17T18:48:05Z,2026-08-17T18:48:05Z,
183.134.235.154,ipv4,malicious-ip,medium,WHITE,ziyadnz/hourly-ipv4,ziyadnz|hourly,2026-08-17T18:48:05Z,2026-08-17T18:48:05Z,
183.134.40.82,ipv4,malicious-ip,medium,WHITE,ziyadnz/hourly-ipv4,ziyadnz|hourly,2026-08-17T18:48:05Z,2026-08-17T18:48:05Z,
183.134.40.84,ipv4,malicious-ip,medium,WHITE,ziyadnz/hourly-ipv4,ziyadnz|hourly,2026-08-17T18:48:05Z,2026-08-17T18:48:05Z,
183.134.89.220,ipv4,malicious-ip,medium,WHITE,ziyadnz/hourly-ipv4,ziyadnz|hourly,2026-08-17T18:48:05Z,2026-08-17T18:48:05Z,
183.134.93.171,ipv4,malicious-ip,medium,WHITE,ziyadnz/hourly-ipv4,ziyadnz|hourly,2026-08-17T18:48:05Z,2026-08-17T18:48:05Z,
183.135.11.85,ipv4,malicious-ip,medium,WHITE,ziyadnz/hourly-ipv4,ziyadnz|hourly,2026-08-17T18:48:05Z,2026-08-17T18:48:05Z,
183.136.170.167,ipv4,malicious-ip,medium,WHITE,ziyadnz/hourly-ipv4,ziyadnz|hourly,2026-08-17T18:48:05Z,2026-08-17T18:48:05Z,
183.136.213.96,ipv4,malicious-ip,medium,WHITE,ziyadnz/hourly-ipv4,ziyadnz|hourly,2026-08-17T18:48:05Z,2026-08-17T18:48:05Z,
183.136.225.14,ipv4,malicious-ip,medium,WHITE,ziyadnz/hourly-ipv4,ziyadnz|hourly,2026-08-17T18:48:05Z,2026-08-17T18:48:05Z,
183.136.225.45,ipv4,malicious-ip,medium,WHITE,ziyadnz/hourly-ipv4,ziyadnz|hourly,2026-08-17T18:48:05Z,2026-08-17T18:48:05Z,
183.138.25.222,ipv4,malicious-ip,medium,WHITE,ziyadnz/hourly-ipv4,ziyadnz|hourly,2026-08-17T18:48:05Z,2026-08-17T18:48:05Z,
183.14.212.233,ipv4,malicious-ip,medium,WHITE,ziyadnz/hourly-ipv4,ziyadnz|hourly,2026-08-17T18:48:05Z,2026-08-17T18:48:05Z,
183.14.212.237,ipv4,malicious-ip,medium,WHITE,ziyadnz/hourly-ipv4,ziyadnz|hourly,2026-08-17T18:48:05Z,2026-08-17T18:48:05Z,
183.14.213.137,ipv4,malicious-ip,medium,WHITE,ziyadnz/hourly-ipv4,ziyadnz|hourly,2026-08-17T18:48:05Z,2026-08-17T18:48:05Z,
183.14.215.133,ipv4,malicious-ip,medium,WHITE,ziyadnz/hourly-ipv4,ziyadnz|hourly,2026-08-17T18:48:05Z,2026-08-17T18:48:05Z,
183.14.215.2,ipv4,malicious-ip,medium,WHITE,ziyadnz/hourly-ipv4,ziyadnz|hourly,2026-08-17T18:48:05Z,2026-08-17T18:48:05Z,
183.145.73.103,ipv4,malicious-ip,medium,WHITE,ziyadnz/hourly-ipv4,ziyadnz|hourly,2026-08-17T18:48:05Z,2026-08-17T18:48:05Z,
183.146.117.80,ipv4,malicious-ip,medium,WHITE,ziyadnz/hourly-ipv4,ziyadnz|hourly,2026-08-17T18:48:05Z,2026-08-17T18:48:05Z,
183.147.200.77,ipv4,malicious-ip,medium,WHITE,ziyadnz/hourly-ipv4,ziyadnz|hourly,2026-08-17T18:48:05Z,2026-08-17T18:48:05Z,
183.147.205.8,ipv4,malicious-ip,medium,WHITE,ziyadnz/hourly-ipv4,ziyadnz|hourly,2026-08-17T18:48:05Z,2026-08-17T18:48:05Z,
183.147.206.136,ipv4,malicious-ip,medium,WHITE,ziyadnz/hourly-ipv4,ziyadnz|hourly,2026-08-17T18:48:05Z,2026-08-17T18:48:05Z,
183.147.33.85,ipv4,malicious-ip,medium,WHITE,ziyadnz/hourly-ipv4,ziyadnz|hourly,2026-08-17T18:48:05Z,2026-08-17T18:48:05Z,
183.147.35.209,ipv4,malicious-ip,medium,WHITE,ziyadnz/hourly-ipv4,ziyadnz|hourly,2026-08-17T18:48:05Z,2026-08-17T18:48:05Z,
183.147.37.206,ipv4,malicious-ip,medium,WHITE,ziyadnz/hourly-ipv4,ziyadnz|hourly,2026-08-17T18:48:05Z,2026-08-17T18:48:05Z,
183.148.30.123,ipv4,malicious-ip,medium,WHITE,ziyadnz/hourly-ipv4,ziyadnz|hourly,2026-08-17T18:48:05Z,2026-08-17T18:48:05Z,
183.149.172.149,ipv4,malicious-ip,medium,WHITE,ziyadnz/hourly-ipv4,ziyadnz|hourly,2026-08-17T18:48:05Z,2026-08-17T18:48:05Z,
183.150.182.159,ipv4,malicious-ip,medium,WHITE,ziyadnz/hourly-ipv4,ziyadnz|hourly,2026-08-17T18:48:05Z,2026-08-17T18:48:05Z,
183.150.182.3,ipv4,malicious-ip,medium,WHITE,ziyadnz/hourly-ipv4,ziyadnz|hourly,2026-08-17T18:48:05Z,2026-08-17T18:48:05Z,
183.150.183.44,ipv4,malicious-ip,medium,WHITE,ziyadnz/hourly-ipv4,ziyadnz|hourly,2026-08-17T18:48:05Z,2026-08-17T18:48:05Z,
183.150.63.111,ipv4,malicious-ip,medium,WHITE,ziyadnz/hourly-ipv4,ziyadnz|hourly,2026-08-17T18:48:05Z,2026-08-17T18:48:05Z,
183.151.170.182,ipv4,malicious-ip,medium,WHITE,ziyadnz/hourly-ipv4,ziyadnz|hourly,2026-08-17T18:48:05Z,2026-08-17T18:48:05Z,
183.154.168.85,ipv4,malicious-ip,medium,WHITE,ziyadnz/hourly-ipv4,ziyadnz|hourly,2026-08-17T18:48:05Z,2026-08-17T18:48:05Z,
183.154.98.75,ipv4,malicious-ip,medium,WHITE,ziyadnz/hourly-ipv4,ziyadnz|hourly,2026-08-17T18:48:05Z,2026-08-17T18:48:05Z,
183.155.100.4,ipv4,malicious-ip,medium,WHITE,ziyadnz/hourly-ipv4,ziyadnz|hourly,2026-08-17T18:48:05Z,2026-08-17T18:48:05Z,
183.155.203.206,ipv4,malicious-ip,medium,WHITE,ziyadnz/hourly-ipv4,ziyadnz|hourly,2026-08-17T18:48:05Z,2026-08-17T18:48:05Z,
183.155.36.39,ipv4,malicious-ip,medium,WHITE,ziyadnz/hourly-ipv4,ziyadnz|hourly,2026-08-17T18:48:05Z,2026-08-17T18:48:05Z,
183.155.8.66,ipv4,malicious-ip,medium,WHITE,ziyadnz/hourly-ipv4,ziyadnz|hourly,2026-08-17T18:48:05Z,2026-08-17T18:48:05Z,
183.157.202.83,ipv4,malicious-ip,medium,WHITE,ziyadnz/hourly-ipv4,ziyadnz|hourly,2026-08-17T18:48:05Z,2026-08-17T18:48:05Z,
183.157.48.127,ipv4,malicious-ip,medium,WHITE,ziyadnz/hourly-ipv4,ziyadnz|hourly,2026-08-17T18:48:05Z,2026-08-17T18:48:05Z,
183.157.86.165,ipv4,malicious-ip,medium,WHITE,ziyadnz/hourly-ipv4,ziyadnz|hourly,2026-08-17T18:48:05Z,2026-08-17T18:48:05Z,
183.158.67.17,ipv4,malicious-ip,medium,WHITE,ziyadnz/hourly-ipv4,ziyadnz|hourly,2026-08-17T18:48:05Z,2026-08-17T18:48:05Z,
183.159.168.117,ipv4,malicious-ip,medium,WHITE,ziyadnz/hourly-ipv4,ziyadnz|hourly,2026-08-17T18:48:05Z,2026-08-17T18:48:05Z,
183.159.204.234,ipv4,malicious-ip,medium,WHITE,ziyadnz/hourly-ipv4,ziyadnz|hourly,2026-08-17T18:48:05Z,2026-08-17T18:48:05Z,
183.162.107.237,ipv4,malicious-ip,medium,WHITE,ziyadnz/hourly-ipv4,ziyadnz|hourly,2026-08-17T18:48:05Z,2026-08-17T18:48:05Z,
183.162.110.4,ipv4,malicious-ip,medium,WHITE,ziyadnz/hourly-ipv4,ziyadnz|hourly,2026-08-17T18:48:05Z,2026-08-17T18:48:05Z,
183.162.113.157,ipv4,malicious-ip,medium,WHITE,ziyadnz/hourly-ipv4,ziyadnz|hourly,2026-08-17T18:48:05Z,2026-08-17T18:48:05Z,
183.162.118.109,ipv4,malicious-ip,medium,WHITE,ziyadnz/hourly-ipv4,ziyadnz|hourly,2026-08-17T18:48:05Z,2026-08-17T18:48:05Z,
183.162.215.193,ipv4,malicious-ip,medium,WHITE,ziyadnz/hourly-ipv4,ziyadnz|hourly,2026-08-17T18:48:05Z,2026-08-17T18:48:05Z,
183.162.216.232,ipv4,malicious-ip,medium,WHITE,ziyadnz/hourly-ipv4,ziyadnz|hourly,2026-08-17T18:48:05Z,2026-08-17T18:48:05Z,
183.162.79.39,ipv4,malicious-ip,medium,WHITE,ziyadnz/hourly-ipv4,ziyadnz|hourly,2026-08-17T18:48:05Z,2026-08-17T18:48:05Z,
183.162.93.6,ipv4,malicious-ip,medium,WHITE,ziyadnz/hourly-ipv4,ziyadnz|hourly,2026-08-17T18:48:05Z,2026-08-17T18:48:05Z,
183.166.94.133,ipv4,malicious-ip,medium,WHITE,ziyadnz/hourly-ipv4,ziyadnz|hourly,2026-08-17T18:48:05Z,2026-08-17T18:48:05Z,
183.167.122.13,ipv4,malicious-ip,medium,WHITE,ziyadnz/hourly-ipv4,ziyadnz|hourly,2026-08-17T18:48:05Z,2026-08-17T18:48:05Z,
183.167.194.106,ipv4,malicious-ip,medium,WHITE,ziyadnz/hourly-ipv4,ziyadnz|hourly,2026-08-17T18:48:05Z,2026-08-17T18:48:05Z,
183.167.208.43,ipv4,malicious-ip,medium,WHITE,ziyadnz/hourly-ipv4,ziyadnz|hourly,2026-08-17T18:48:05Z,2026-08-17T18:48:05Z,
183.167.57.165,ipv4,malicious-ip,medium,WHITE,ziyadnz/hourly-ipv4,ziyadnz|hourly,2026-08-17T18:48:05Z,2026-08-17T18:48:05Z,
183.167.99.250,ipv4,malicious-ip,medium,WHITE,ziyadnz/hourly-ipv4,ziyadnz|hourly,2026-08-17T18:48:05Z,2026-08-17T18:48:05Z,
183.17.224.107,ipv4,malicious-ip,medium,WHITE,ziyadnz/hourly-ipv4,ziyadnz|hourly,2026-08-17T18:48:05Z,2026-08-17T18:48:05Z,
183.171.12.224,ipv4,malicious-ip,medium,WHITE,ziyadnz/hourly-ipv4,ziyadnz|hourly,2026-08-17T18:48:05Z,2026-08-17T18:48:05Z,
183.171.148.163,ipv4,malicious-ip,medium,WHITE,ziyadnz/hourly-ipv4,ziyadnz|hourly,2026-08-17T18:48:05Z,2026-08-17T18:48:05Z,
183.171.148.171,ipv4,malicious-ip,medium,WHITE,ziyadnz/hourly-ipv4,ziyadnz|hourly,2026-08-17T18:48:05Z,2026-08-17T18:48:05Z,
183.171.15.149,ipv4,malicious-ip,medium,WHITE,ziyadnz/hourly-ipv4,ziyadnz|hourly,2026-08-17T18:48:05Z,2026-08-17T18:48:05Z,
183.171.236.103,ipv4,malicious-ip,medium,WHITE,ziyadnz/hourly-ipv4,ziyadnz|hourly,2026-08-17T18:48:05Z,2026-08-17T18:48:05Z,
183.171.242.16,ipv4,malicious-ip,medium,WHITE,ziyadnz/hourly-ipv4,ziyadnz|hourly,2026-08-17T18:48:05Z,2026-08-17T18:48:05Z,
183.171.249.221,ipv4,malicious-ip,medium,WHITE,ziyadnz/hourly-ipv4,ziyadnz|hourly,2026-08-17T18:48:05Z,2026-08-17T18:48:05Z,
183.171.41.0,ipv4,malicious-ip,medium,WHITE,ziyadnz/hourly-ipv4,ziyadnz|hourly,2026-08-17T18:48:05Z,2026-08-17T18:48:05Z,
183.171.41.105,ipv4,malicious-ip,medium,WHITE,ziyadnz/hourly-ipv4,ziyadnz|hourly,2026-08-17T18:48:05Z,2026-08-17T18:48:05Z,
183.171.41.120,ipv4,malicious-ip,medium,WHITE,ziyadnz/hourly-ipv4,ziyadnz|hourly,2026-08-17T18:48:05Z,2026-08-17T18:48:05Z,
183.171.41.126,ipv4,malicious-ip,medium,WHITE,ziyadnz/hourly-ipv4,ziyadnz|hourly,2026-08-17T18:48:05Z,2026-08-17T18:48:05Z,
183.171.41.134,ipv4,malicious-ip,medium,WHITE,ziyadnz/hourly-ipv4,ziyadnz|hourly,2026-08-17T18:48:05Z,2026-08-17T18:48:05Z,
183.171.41.89,ipv4,malicious-ip,medium,WHITE,ziyadnz/hourly-ipv4,ziyadnz|hourly,2026-08-17T18:48:05Z,2026-08-17T18:48:05Z,
183.171.47.32,ipv4,malicious-ip,medium,WHITE,ziyadnz/hourly-ipv4,ziyadnz|hourly,2026-08-17T18:48:05Z,2026-08-17T18:48:05Z,
183.171.49.144,ipv4,malicious-ip,medium,WHITE,ziyadnz/hourly-ipv4,ziyadnz|hourly,2026-08-17T18:48:05Z,2026-08-17T18:48:05Z,
183.171.49.152,ipv4,malicious-ip,medium,WHITE,ziyadnz/hourly-ipv4,ziyadnz|hourly,2026-08-17T18:48:05Z,2026-08-17T18:48:05Z,
183.171.56.123,ipv4,malicious-ip,medium,WHITE,ziyadnz/hourly-ipv4,ziyadnz|hourly,2026-08-17T18:48:05Z,2026-08-17T18:48:05Z,
183.171.57.77,ipv4,malicious-ip,medium,WHITE,ziyadnz/hourly-ipv4,ziyadnz|hourly,2026-08-17T18:48:05Z,2026-08-17T18:48:05Z,
183.171.7.162,ipv4,malicious-ip,medium,WHITE,ziyadnz/hourly-ipv4,ziyadnz|hourly,2026-08-17T18:48:05Z,2026-08-17T18:48:05Z,
183.171.7.171,ipv4,malicious-ip,medium,WHITE,ziyadnz/hourly-ipv4,ziyadnz|hourly,2026-08-17T18:48:05Z,2026-08-17T18:48:05Z,
183.177.105.156,ipv4,malicious-ip,medium,WHITE,ziyadnz/hourly-ipv4,ziyadnz|hourly,2026-08-17T18:48:05Z,2026-08-17T18:48:05Z,
183.178.98.246,ipv4,malicious-ip,medium,WHITE,ziyadnz/hourly-ipv4,ziyadnz|hourly,2026-08-17T18:48:05Z,2026-08-17T18:48:05Z,
183.179.11.238,ipv4,malicious-ip,medium,WHITE,ziyadnz/hourly-ipv4,ziyadnz|hourly,2026-08-17T18:48:05Z,2026-08-17T18:48:05Z,
183.179.14.60,ipv4,malicious-ip,medium,WHITE,ziyadnz/hourly-ipv4,ziyadnz|hourly,2026-08-17T18:48:05Z,2026-08-17T18:48:05Z,
183.180.12.55,ipv4,malicious-ip,medium,WHITE,ziyadnz/hourly-ipv4,ziyadnz|hourly,2026-08-17T18:48:05Z,2026-08-17T18:48:05Z,
183.181.96.121,ipv4,malicious-ip,medium,WHITE,ziyadnz/hourly-ipv4,ziyadnz|hourly,2026-08-17T18:48:05Z,2026-08-17T18:48:05Z,
183.182.101.173,ipv4,malicious-ip,medium,WHITE,ziyadnz/hourly-ipv4,ziyadnz|hourly,2026-08-17T18:48:05Z,2026-08-17T18:48:05Z,
183.182.110.180,ipv4,malicious-ip,medium,WHITE,ziyadnz/hourly-ipv4,ziyadnz|hourly,2026-08-17T18:48:05Z,2026-08-17T18:48:05Z,
183.182.114.75,ipv4,malicious-ip,medium,WHITE,ziyadnz/hourly-ipv4,ziyadnz|hourly,2026-08-17T18:48:05Z,2026-08-17T18:48:05Z,
183.182.115.28,ipv4,malicious-ip,medium,WHITE,ziyadnz/hourly-ipv4,ziyadnz|hourly,2026-08-17T18:48:05Z,2026-08-17T18:48:05Z,
183.182.120.227,ipv4,malicious-ip,medium,WHITE,ziyadnz/hourly-ipv4,ziyadnz|hourly,2026-08-17T18:48:05Z,2026-08-17T18:48:05Z,
183.182.125.142,ipv4,malicious-ip,medium,WHITE,ziyadnz/hourly-ipv4,ziyadnz|hourly,2026-08-17T18:48:05Z,2026-08-17T18:48:05Z,
183.182.86.238,ipv4,malicious-ip,medium,WHITE,ziyadnz/hourly-ipv4,ziyadnz|hourly,2026-08-17T18:48:05Z,2026-08-17T18:48:05Z,
183.182.99.107,ipv4,malicious-ip,medium,WHITE,ziyadnz/hourly-ipv4,ziyadnz|hourly,2026-08-17T18:48:05Z,2026-08-17T18:48:05Z,
183.182.99.92,ipv4,malicious-ip,medium,WHITE,ziyadnz/hourly-ipv4,ziyadnz|hourly,2026-08-17T18:48:05Z,2026-08-17T18:48:05Z,
183.184.193.192,ipv4,malicious-ip,medium,WHITE,ziyadnz/hourly-ipv4,ziyadnz|hourly,2026-08-17T18:48:05Z,2026-08-17T18:48:05Z,
183.184.52.130,ipv4,malicious-ip,medium,WHITE,ziyadnz/hourly-ipv4,ziyadnz|hourly,2026-08-17T18:48:05Z,2026-08-17T18:48:05Z,
183.184.52.202,ipv4,malicious-ip,medium,WHITE,ziyadnz/hourly-ipv4,ziyadnz|hourly,2026-08-17T18:48:05Z,2026-08-17T18:48:05Z,
183.187.78.6,ipv4,malicious-ip,medium,WHITE,ziyadnz/hourly-ipv4,ziyadnz|hourly,2026-08-17T18:48:05Z,2026-08-17T18:48:05Z,
183.189.253.251,ipv4,malicious-ip,medium,WHITE,ziyadnz/hourly-ipv4,ziyadnz|hourly,2026-08-17T18:48:05Z,2026-08-17T18:48:05Z,
183.194.80.146,ipv4,malicious-ip,medium,WHITE,ziyadnz/hourly-ipv4,ziyadnz|hourly,2026-08-17T18:48:05Z,2026-08-17T18:48:05Z,
183.195.123.194,ipv4,malicious-ip,medium,WHITE,ziyadnz/hourly-ipv4,ziyadnz|hourly,2026-08-17T18:48:05Z,2026-08-17T18:48:05Z,
183.195.227.162,ipv4,malicious-ip,medium,WHITE,ziyadnz/hourly-ipv4,ziyadnz|hourly,2026-08-17T18:48:05Z,2026-08-17T18:48:05Z,
183.195.81.21,ipv4,malicious-ip,medium,WHITE,ziyadnz/hourly-ipv4,ziyadnz|hourly,2026-08-17T18:48:05Z,2026-08-17T18:48:05Z,
183.195.90.219,ipv4,malicious-ip,medium,WHITE,ziyadnz/hourly-ipv4,ziyadnz|hourly,2026-08-17T18:48:05Z,2026-08-17T18:48:05Z,
183.196.127.122,ipv4,malicious-ip,medium,WHITE,ziyadnz/hourly-ipv4,ziyadnz|hourly,2026-08-17T18:48:05Z,2026-08-17T18:48:05Z,
183.196.144.45,ipv4,malicious-ip,medium,WHITE,ziyadnz/hourly-ipv4,ziyadnz|hourly,2026-08-17T18:48:05Z,2026-08-17T18:48:05Z,
183.196.161.167,ipv4,malicious-ip,medium,WHITE,ziyadnz/hourly-ipv4,ziyadnz|hourly,2026-08-17T18:48:05Z,2026-08-17T18:48:05Z,
183.196.166.186,ipv4,malicious-ip,medium,WHITE,ziyadnz/hourly-ipv4,ziyadnz|hourly,2026-08-17T18:48:05Z,2026-08-17T18:48:05Z,
183.196.26.102,ipv4,malicious-ip,medium,WHITE,ziyadnz/hourly-ipv4,ziyadnz|hourly,2026-08-17T18:48:05Z,2026-08-17T18:48:05Z,
183.196.29.73,ipv4,malicious-ip,medium,WHITE,ziyadnz/hourly-ipv4,ziyadnz|hourly,2026-08-17T18:48:05Z,2026-08-17T18:48:05Z,
183.196.52.82,ipv4,malicious-ip,medium,WHITE,ziyadnz/hourly-ipv4,ziyadnz|hourly,2026-08-17T18:48:05Z,2026-08-17T18:48:05Z,
183.196.76.121,ipv4,malicious-ip,medium,WHITE,ziyadnz/hourly-ipv4,ziyadnz|hourly,2026-08-17T18:48:05Z,2026-08-17T18:48:05Z,
183.197.229.49,ipv4,malicious-ip,medium,WHITE,ziyadnz/hourly-ipv4,ziyadnz|hourly,2026-08-17T18:48:05Z,2026-08-17T18:48:05Z,
183.197.244.178,ipv4,malicious-ip,medium,WHITE,ziyadnz/hourly-ipv4,ziyadnz|hourly,2026-08-17T18:48:05Z,2026-08-17T18:48:05Z,
183.197.86.162,ipv4,malicious-ip,medium,WHITE,ziyadnz/hourly-ipv4,ziyadnz|hourly,2026-08-17T18:48:05Z,2026-08-17T18:48:05Z,
183.197.91.206,ipv4,malicious-ip,medium,WHITE,ziyadnz/hourly-ipv4,ziyadnz|hourly,2026-08-17T18:48:05Z,2026-08-17T18:48:05Z,
183.198.130.135,ipv4,malicious-ip,medium,WHITE,ziyadnz/hourly-ipv4,ziyadnz|hourly,2026-08-17T18:48:05Z,2026-08-17T18:48:05Z,
183.198.132.153,ipv4,malicious-ip,medium,WHITE,ziyadnz/hourly-ipv4,ziyadnz|hourly,2026-08-17T18:48:05Z,2026-08-17T18:48:05Z,
183.198.148.115,ipv4,malicious-ip,medium,WHITE,ziyadnz/hourly-ipv4,ziyadnz|hourly,2026-08-17T18:48:05Z,2026-08-17T18:48:05Z,
183.198.81.99,ipv4,malicious-ip,medium,WHITE,ziyadnz/hourly-ipv4,ziyadnz|hourly,2026-08-17T18:48:05Z,2026-08-17T18:48:05Z,
183.199.151.4,ipv4,malicious-ip,medium,WHITE,ziyadnz/hourly-ipv4,ziyadnz|hourly,2026-08-17T18:48:05Z,2026-08-17T18:48:05Z,
183.199.214.76,ipv4,malicious-ip,medium,WHITE,ziyadnz/hourly-ipv4,ziyadnz|hourly,2026-08-17T18:48:05Z,2026-08-17T18:48:05Z,
183.199.231.152,ipv4,malicious-ip,medium,WHITE,ziyadnz/hourly-ipv4,ziyadnz|hourly,2026-08-17T18:48:05Z,2026-08-17T18:48:05Z,
183.199.28.49,ipv4,malicious-ip,medium,WHITE,ziyadnz/hourly-ipv4,ziyadnz|hourly,2026-08-17T18:48:05Z,2026-08-17T18:48:05Z,
183.2.62.199,ipv4,malicious-ip,medium,WHITE,ziyadnz/hourly-ipv4,ziyadnz|hourly,2026-08-17T18:48:05Z,2026-08-17T18:48:05Z,
183.201.229.131,ipv4,malicious-ip,medium,WHITE,ziyadnz/hourly-ipv4,ziyadnz|hourly,2026-08-17T18:48:05Z,2026-08-17T18:48:05Z,
183.203.157.77,ipv4,malicious-ip,medium,WHITE,ziyadnz/hourly-ipv4,ziyadnz|hourly,2026-08-17T18:48:05Z,2026-08-17T18:48:05Z,
183.203.166.119,ipv4,malicious-ip,medium,WHITE,ziyadnz/hourly-ipv4,ziyadnz|hourly,2026-08-17T18:48:05Z,2026-08-17T18:48:05Z,
183.203.179.134,ipv4,malicious-ip,medium,WHITE,ziyadnz/hourly-ipv4,ziyadnz|hourly,2026-08-17T18:48:05Z,2026-08-17T18:48:05Z,
183.203.200.197,ipv4,malicious-ip,medium,WHITE,ziyadnz/hourly-ipv4,ziyadnz|hourly,2026-08-17T18:48:05Z,2026-08-17T18:48:05Z,
183.204.155.52,ipv4,malicious-ip,medium,WHITE,ziyadnz/hourly-ipv4,ziyadnz|hourly,2026-08-17T18:48:05Z,2026-08-17T18:48:05Z,
183.205.179.135,ipv4,malicious-ip,medium,WHITE,ziyadnz/hourly-ipv4,ziyadnz|hourly,2026-08-17T18:48:05Z,2026-08-17T18:48:05Z,
183.206.45.224,ipv4,malicious-ip,medium,WHITE,ziyadnz/hourly-ipv4,ziyadnz|hourly,2026-08-17T18:48:05Z,2026-08-17T18:48:05Z,
183.206.6.139,ipv4,malicious-ip,medium,WHITE,ziyadnz/hourly-ipv4,ziyadnz|hourly,2026-08-17T18:48:05Z,2026-08-17T18:48:05Z,
183.207.45.113,ipv4,malicious-ip,medium,WHITE,ziyadnz/hourly-ipv4,ziyadnz|hourly,2026-08-17T18:48:05Z,2026-08-17T18:48:05Z,
183.208.50.216,ipv4,malicious-ip,medium,WHITE,ziyadnz/hourly-ipv4,ziyadnz|hourly,2026-08-17T18:48:05Z,2026-08-17T18:48:05Z,
183.212.235.208,ipv4,malicious-ip,medium,WHITE,ziyadnz/hourly-ipv4,ziyadnz|hourly,2026-08-17T18:48:05Z,2026-08-17T18:48:05Z,
183.212.239.217,ipv4,malicious-ip,medium,WHITE,ziyadnz/hourly-ipv4,ziyadnz|hourly,2026-08-17T18:48:05Z,2026-08-17T18:48:05Z,
183.213.61.114,ipv4,malicious-ip,medium,WHITE,ziyadnz/hourly-ipv4,ziyadnz|hourly,2026-08-17T18:48:05Z,2026-08-17T18:48:05Z,
183.215.215.35,ipv4,malicious-ip,medium,WHITE,ziyadnz/hourly-ipv4,ziyadnz|hourly,2026-08-17T18:48:05Z,2026-08-17T18:48:05Z,
183.216.145.10,ipv4,malicious-ip,medium,WHITE,ziyadnz/hourly-ipv4,ziyadnz|hourly,2026-08-17T18:48:05Z,2026-08-17T18:48:05Z,
183.216.160.7,ipv4,malicious-ip,medium,WHITE,ziyadnz/hourly-ipv4,ziyadnz|hourly,2026-08-17T18:48:05Z,2026-08-17T18:48:05Z,
183.217.178.102,ipv4,malicious-ip,medium,WHITE,ziyadnz/hourly-ipv4,ziyadnz|hourly,2026-08-17T18:48:05Z,2026-08-17T18:48:05Z,
183.219.52.38,ipv4,malicious-ip,medium,WHITE,ziyadnz/hourly-ipv4,ziyadnz|hourly,2026-08-17T18:48:05Z,2026-08-17T18:48:05Z,
183.220.1.115,ipv4,malicious-ip,medium,WHITE,ziyadnz/hourly-ipv4,ziyadnz|hourly,2026-08-17T18:48:05Z,2026-08-17T18:48:05Z,
183.220.227.82,ipv4,malicious-ip,medium,WHITE,ziyadnz/hourly-ipv4,ziyadnz|hourly,2026-08-17T18:48:05Z,2026-08-17T18:48:05Z,
183.220.235.98,ipv4,malicious-ip,medium,WHITE,ziyadnz/hourly-ipv4,ziyadnz|hourly,2026-08-17T18:48:05Z,2026-08-17T18:48:05Z,
183.221.148.55,ipv4,malicious-ip,medium,WHITE,ziyadnz/hourly-ipv4,ziyadnz|hourly,2026-08-17T18:48:05Z,2026-08-17T18:48:05Z,
183.221.20.144,ipv4,malicious-ip,medium,WHITE,ziyadnz/hourly-ipv4,ziyadnz|hourly,2026-08-17T18:48:05Z,2026-08-17T18:48:05Z,
183.221.97.223,ipv4,malicious-ip,medium,WHITE,ziyadnz/hourly-ipv4,ziyadnz|hourly,2026-08-17T18:48:05Z,2026-08-17T18:48:05Z,
183.222.14.9,ipv4,malicious-ip,medium,WHITE,ziyadnz/hourly-ipv4,ziyadnz|hourly,2026-08-17T18:48:05Z,2026-08-17T18:48:05Z,
183.222.230.188,ipv4,malicious-ip,medium,WHITE,ziyadnz/hourly-ipv4,ziyadnz|hourly,2026-08-17T18:48:05Z,2026-08-17T18:48:05Z,
183.222.240.122,ipv4,malicious-ip,medium,WHITE,ziyadnz/hourly-ipv4,ziyadnz|hourly,2026-08-17T18:48:05Z,2026-08-17T18:48:05Z,
183.222.40.183,ipv4,malicious-ip,medium,WHITE,ziyadnz/hourly-ipv4,ziyadnz|hourly,2026-08-17T18:48:05Z,2026-08-17T18:48:05Z,
183.223.95.71,ipv4,malicious-ip,medium,WHITE,ziyadnz/hourly-ipv4,ziyadnz|hourly,2026-08-17T18:48:05Z,2026-08-17T18:48:05Z,
183.224.237.233,ipv4,malicious-ip,medium,WHITE,ziyadnz/hourly-ipv4,ziyadnz|hourly,2026-08-17T18:48:05Z,2026-08-17T18:48:05Z,
183.224.79.111,ipv4,malicious-ip,medium,WHITE,ziyadnz/hourly-ipv4,ziyadnz|hourly,2026-08-17T18:48:05Z,2026-08-17T18:48:05Z,
183.226.34.185,ipv4,malicious-ip,medium,WHITE,ziyadnz/hourly-ipv4,ziyadnz|hourly,2026-08-17T18:48:05Z,2026-08-17T18:48:05Z,
183.227.125.25,ipv4,malicious-ip,medium,WHITE,ziyadnz/hourly-ipv4,ziyadnz|hourly,2026-08-17T18:48:05Z,2026-08-17T18:48:05Z,
183.227.170.179,ipv4,malicious-ip,medium,WHITE,ziyadnz/hourly-ipv4,ziyadnz|hourly,2026-08-17T18:48:05Z,2026-08-17T18:48:05Z,
183.228.125.246,ipv4,malicious-ip,medium,WHITE,ziyadnz/hourly-ipv4,ziyadnz|hourly,2026-08-17T18:48:05Z,2026-08-17T18:48:05Z,
183.229.128.115,ipv4,malicious-ip,medium,WHITE,ziyadnz/hourly-ipv4,ziyadnz|hourly,2026-08-17T18:48:05Z,2026-08-17T18:48:05Z,
183.229.250.100,ipv4,malicious-ip,medium,WHITE,ziyadnz/hourly-ipv4,ziyadnz|hourly,2026-08-17T18:48:05Z,2026-08-17T18:48:05Z,
183.229.81.40,ipv4,malicious-ip,medium,WHITE,ziyadnz/hourly-ipv4,ziyadnz|hourly,2026-08-17T18:48:05Z,2026-08-17T18:48:05Z,
183.23.131.31,ipv4,malicious-ip,medium,WHITE,ziyadnz/hourly-ipv4,ziyadnz|hourly,2026-08-17T18:48:05Z,2026-08-17T18:48:05Z,
183.23.147.221,ipv4,malicious-ip,medium,WHITE,ziyadnz/hourly-ipv4,ziyadnz|hourly,2026-08-17T18:48:05Z,2026-08-17T18:48:05Z,
183.23.53.252,ipv4,malicious-ip,medium,WHITE,ziyadnz/hourly-ipv4,ziyadnz|hourly,2026-08-17T18:48:05Z,2026-08-17T18:48:05Z,
183.23.61.70,ipv4,malicious-ip,medium,WHITE,ziyadnz/hourly-ipv4,ziyadnz|hourly,2026-08-17T18:48:05Z,2026-08-17T18:48:05Z,
183.230.106.27,ipv4,malicious-ip,medium,WHITE,ziyadnz/hourly-ipv4,ziyadnz|hourly,2026-08-17T18:48:05Z,2026-08-17T18:48:05Z,
183.230.204.245,ipv4,malicious-ip,medium,WHITE,ziyadnz/hourly-ipv4,ziyadnz|hourly,2026-08-17T18:48:05Z,2026-08-17T18:48:05Z,
183.230.204.246,ipv4,malicious-ip,medium,WHITE,ziyadnz/hourly-ipv4,ziyadnz|hourly,2026-08-17T18:48:05Z,2026-08-17T18:48:05Z,
183.232.212.193,ipv4,malicious-ip,medium,WHITE,ziyadnz/hourly-ipv4,ziyadnz|hourly,2026-08-17T18:48:05Z,2026-08-17T18:48:05Z,
183.232.212.194,ipv4,malicious-ip,medium,WHITE,ziyadnz/hourly-ipv4,ziyadnz|hourly,2026-08-17T18:48:05Z,2026-08-17T18:48:05Z,
183.232.212.197,ipv4,malicious-ip,medium,WHITE,ziyadnz/hourly-ipv4,ziyadnz|hourly,2026-08-17T18:48:05Z,2026-08-17T18:48:05Z,
183.233.145.75,ipv4,malicious-ip,medium,WHITE,ziyadnz/hourly-ipv4,ziyadnz|hourly,2026-08-17T18:48:05Z,2026-08-17T18:48:05Z,
183.233.148.168,ipv4,malicious-ip,medium,WHITE,ziyadnz/hourly-ipv4,ziyadnz|hourly,2026-08-17T18:48:05Z,2026-08-17T18:48:05Z,
183.234.16.26,ipv4,malicious-ip,medium,WHITE,ziyadnz/hourly-ipv4,ziyadnz|hourly,2026-08-17T18:48:05Z,2026-08-17T18:48:05Z,
183.234.189.5,ipv4,malicious-ip,medium,WHITE,ziyadnz/hourly-ipv4,ziyadnz|hourly,2026-08-17T18:48:05Z,2026-08-17T18:48:05Z,
183.234.72.66,ipv4,malicious-ip,medium,WHITE,ziyadnz/hourly-ipv4,ziyadnz|hourly,2026-08-17T18:48:05Z,2026-08-17T18:48:05Z,
183.236.121.4,ipv4,malicious-ip,medium,WHITE,ziyadnz/hourly-ipv4,ziyadnz|hourly,2026-08-17T18:48:05Z,2026-08-17T18:48:05Z,
183.236.172.89,ipv4,malicious-ip,medium,WHITE,ziyadnz/hourly-ipv4,ziyadnz|hourly,2026-08-17T18:48:05Z,2026-08-17T18:48:05Z,
183.236.182.5,ipv4,malicious-ip,medium,WHITE,ziyadnz/hourly-ipv4,ziyadnz|hourly,2026-08-17T18:48:05Z,2026-08-17T18:48:05Z,
183.236.7.193,ipv4,malicious-ip,medium,WHITE,ziyadnz/hourly-ipv4,ziyadnz|hourly,2026-08-17T18:48:05Z,2026-08-17T18:48:05Z,
183.236.7.198,ipv4,malicious-ip,medium,WHITE,ziyadnz/hourly-ipv4,ziyadnz|hourly,2026-08-17T18:48:05Z,2026-08-17T18:48:05Z,
183.237.20.118,ipv4,malicious-ip,medium,WHITE,ziyadnz/hourly-ipv4,ziyadnz|hourly,2026-08-17T18:48:05Z,2026-08-17T18:48:05Z,
183.237.81.181,ipv4,malicious-ip,medium,WHITE,ziyadnz/hourly-ipv4,ziyadnz|hourly,2026-08-17T18:48:05Z,2026-08-17T18:48:05Z,
183.237.84.107,ipv4,malicious-ip,medium,WHITE,ziyadnz/hourly-ipv4,ziyadnz|hourly,2026-08-17T18:48:05Z,2026-08-17T18:48:05Z,
183.239.25.115,ipv4,malicious-ip,medium,WHITE,ziyadnz/hourly-ipv4,ziyadnz|hourly,2026-08-17T18:48:05Z,2026-08-17T18:48:05Z,
183.239.58.25,ipv4,malicious-ip,medium,WHITE,ziyadnz/hourly-ipv4,ziyadnz|hourly,2026-08-17T18:48:05Z,2026-08-17T18:48:05Z,
183.24.164.73,ipv4,malicious-ip,medium,WHITE,ziyadnz/hourly-ipv4,ziyadnz|hourly,2026-08-17T18:48:05Z,2026-08-17T18:48:05Z,
183.241.255.201,ipv4,malicious-ip,medium,WHITE,ziyadnz/hourly-ipv4,ziyadnz|hourly,2026-08-17T18:48:05Z,2026-08-17T18:48:05Z,
183.242.200.142,ipv4,malicious-ip,medium,WHITE,ziyadnz/hourly-ipv4,ziyadnz|hourly,2026-08-17T18:48:05Z,2026-08-17T18:48:05Z,
183.242.64.111,ipv4,malicious-ip,medium,WHITE,ziyadnz/hourly-ipv4,ziyadnz|hourly,2026-08-17T18:48:05Z,2026-08-17T18:48:05Z,
183.243.126.46,ipv4,malicious-ip,medium,WHITE,ziyadnz/hourly-ipv4,ziyadnz|hourly,2026-08-17T18:48:05Z,2026-08-17T18:48:05Z,
183.245.232.19,ipv4,malicious-ip,medium,WHITE,ziyadnz/hourly-ipv4,ziyadnz|hourly,2026-08-17T18:48:05Z,2026-08-17T18:48:05Z,
183.245.31.72,ipv4,malicious-ip,medium,WHITE,ziyadnz/hourly-ipv4,ziyadnz|hourly,2026-08-17T18:48:05Z,2026-08-17T18:48:05Z,
183.245.35.18,ipv4,malicious-ip,medium,WHITE,ziyadnz/hourly-ipv4,ziyadnz|hourly,2026-08-17T18:48:05Z,2026-08-17T18:48:05Z,
183.247.202.167,ipv4,malicious-ip,medium,WHITE,ziyadnz/hourly-ipv4,ziyadnz|hourly,2026-08-17T18:48:05Z,2026-08-17T18:48:05Z,
183.248.219.168,ipv4,malicious-ip,medium,WHITE,ziyadnz/hourly-ipv4,ziyadnz|hourly,2026-08-17T18:48:05Z,2026-08-17T18:48:05Z,
183.249.114.234,ipv4,malicious-ip,medium,WHITE,ziyadnz/hourly-ipv4,ziyadnz|hourly,2026-08-17T18:48:05Z,2026-08-17T18:48:05Z,
183.249.123.4,ipv4,malicious-ip,medium,WHITE,ziyadnz/hourly-ipv4,ziyadnz|hourly,2026-08-17T18:48:05Z,2026-08-17T18:48:05Z,
183.249.14.242,ipv4,malicious-ip,medium,WHITE,ziyadnz/hourly-ipv4,ziyadnz|hourly,2026-08-17T18:48:05Z,2026-08-17T18:48:05Z,
183.249.175.128,ipv4,malicious-ip,medium,WHITE,ziyadnz/hourly-ipv4,ziyadnz|hourly,2026-08-17T18:48:05Z,2026-08-17T18:48:05Z,
183.249.195.26,ipv4,malicious-ip,medium,WHITE,ziyadnz/hourly-ipv4,ziyadnz|hourly,2026-08-17T18:48:05Z,2026-08-17T18:48:05Z,
183.249.228.205,ipv4,malicious-ip,medium,WHITE,ziyadnz/hourly-ipv4,ziyadnz|hourly,2026-08-17T18:48:05Z,2026-08-17T18:48:05Z,
183.25.120.67,ipv4,malicious-ip,medium,WHITE,ziyadnz/hourly-ipv4,ziyadnz|hourly,2026-08-17T18:48:05Z,2026-08-17T18:48:05Z,
183.250.25.11,ipv4,malicious-ip,medium,WHITE,ziyadnz/hourly-ipv4,ziyadnz|hourly,2026-08-17T18:48:05Z,2026-08-17T18:48:05Z,
183.250.6.153,ipv4,malicious-ip,medium,WHITE,ziyadnz/hourly-ipv4,ziyadnz|hourly,2026-08-17T18:48:05Z,2026-08-17T18:48:05Z,
183.250.7.119,ipv4,malicious-ip,medium,WHITE,ziyadnz/hourly-ipv4,ziyadnz|hourly,2026-08-17T18:48:05Z,2026-08-17T18:48:05Z,
183.251.79.130,ipv4,malicious-ip,medium,WHITE,ziyadnz/hourly-ipv4,ziyadnz|hourly,2026-08-17T18:48:05Z,2026-08-17T18:48:05Z,
183.252.22.19,ipv4,malicious-ip,medium,WHITE,ziyadnz/hourly-ipv4,ziyadnz|hourly,2026-08-17T18:48:05Z,2026-08-17T18:48:05Z,
183.252.22.21,ipv4,malicious-ip,medium,WHITE,ziyadnz/hourly-ipv4,ziyadnz|hourly,2026-08-17T18:48:05Z,2026-08-17T18:48:05Z,
183.252.51.219,ipv4,malicious-ip,medium,WHITE,ziyadnz/hourly-ipv4,ziyadnz|hourly,2026-08-17T18:48:05Z,2026-08-17T18:48:05Z,
183.252.52.227,ipv4,malicious-ip,medium,WHITE,ziyadnz/hourly-ipv4,ziyadnz|hourly,2026-08-17T18:48:05Z,2026-08-17T18:48:05Z,
183.254.113.76,ipv4,malicious-ip,medium,WHITE,ziyadnz/hourly-ipv4,ziyadnz|hourly,2026-08-17T18:48:05Z,2026-08-17T18:48:05Z,
183.3.221.211,ipv4,malicious-ip,medium,WHITE,ziyadnz/hourly-ipv4,ziyadnz|hourly,2026-08-17T18:48:05Z,2026-08-17T18:48:05Z,
183.34.169.114,ipv4,malicious-ip,medium,WHITE,ziyadnz/hourly-ipv4,ziyadnz|hourly,2026-08-17T18:48:05Z,2026-08-17T18:48:05Z,
183.34.201.33,ipv4,malicious-ip,medium,WHITE,ziyadnz/hourly-ipv4,ziyadnz|hourly,2026-08-17T18:48:05Z,2026-08-17T18:48:05Z,
183.35.50.106,ipv4,malicious-ip,medium,WHITE,ziyadnz/hourly-ipv4,ziyadnz|hourly,2026-08-17T18:48:05Z,2026-08-17T18:48:05Z,
183.35.50.191,ipv4,malicious-ip,medium,WHITE,ziyadnz/hourly-ipv4,ziyadnz|hourly,2026-08-17T18:48:05Z,2026-08-17T18:48:05Z,
183.35.50.239,ipv4,malicious-ip,medium,WHITE,ziyadnz/hourly-ipv4,ziyadnz|hourly,2026-08-17T18:48:05Z,2026-08-17T18:48:05Z,
183.35.50.81,ipv4,malicious-ip,medium,WHITE,ziyadnz/hourly-ipv4,ziyadnz|hourly,2026-08-17T18:48:05Z,2026-08-17T18:48:05Z,
183.36.177.189,ipv4,malicious-ip,medium,WHITE,ziyadnz/hourly-ipv4,ziyadnz|hourly,2026-08-17T18:48:05Z,2026-08-17T18:48:05Z,
183.36.179.7,ipv4,malicious-ip,medium,WHITE,ziyadnz/hourly-ipv4,ziyadnz|hourly,2026-08-17T18:48:05Z,2026-08-17T18:48:05Z,
183.36.240.14,ipv4,malicious-ip,medium,WHITE,ziyadnz/hourly-ipv4,ziyadnz|hourly,2026-08-17T18:48:05Z,2026-08-17T18:48:05Z,
183.36.249.8,ipv4,malicious-ip,medium,WHITE,ziyadnz/hourly-ipv4,ziyadnz|hourly,2026-08-17T18:48:05Z,2026-08-17T18:48:05Z,
183.47.40.91,ipv4,malicious-ip,medium,WHITE,ziyadnz/hourly-ipv4,ziyadnz|hourly,2026-08-17T18:48:05Z,2026-08-17T18:48:05Z,
183.52.220.14,ipv4,malicious-ip,medium,WHITE,ziyadnz/hourly-ipv4,ziyadnz|hourly,2026-08-17T18:48:05Z,2026-08-17T18:48:05Z,
183.56.167.101,ipv4,malicious-ip,medium,WHITE,ziyadnz/hourly-ipv4,ziyadnz|hourly,2026-08-17T18:48:05Z,2026-08-17T18:48:05Z,
183.56.173.144,ipv4,malicious-ip,medium,WHITE,ziyadnz/hourly-ipv4,ziyadnz|hourly,2026-08-17T18:48:05Z,2026-08-17T18:48:05Z,
183.56.173.156,ipv4,malicious-ip,medium,WHITE,ziyadnz/hourly-ipv4,ziyadnz|hourly,2026-08-17T18:48:05Z,2026-08-17T18:48:05Z,
183.56.183.136,ipv4,malicious-ip,medium,WHITE,ziyadnz/hourly-ipv4,ziyadnz|hourly,2026-08-17T18:48:05Z,2026-08-17T18:48:05Z,
183.56.192.210,ipv4,malicious-ip,medium,WHITE,ziyadnz/hourly-ipv4,ziyadnz|hourly,2026-08-17T18:48:05Z,2026-08-17T18:48:05Z,
183.56.196.245,ipv4,malicious-ip,medium,WHITE,ziyadnz/hourly-ipv4,ziyadnz|hourly,2026-08-17T18:48:05Z,2026-08-17T18:48:05Z,
183.56.198.150,ipv4,malicious-ip,medium,WHITE,ziyadnz/hourly-ipv4,ziyadnz|hourly,2026-08-17T18:48:05Z,2026-08-17T18:48:05Z,
183.56.210.110,ipv4,malicious-ip,medium,WHITE,ziyadnz/hourly-ipv4,ziyadnz|hourly,2026-08-17T18:48:05Z,2026-08-17T18:48:05Z,
183.56.219.190,ipv4,malicious-ip,medium,WHITE,ziyadnz/hourly-ipv4,ziyadnz|hourly,2026-08-17T18:48:05Z,2026-08-17T18:48:05Z,
183.56.251.130,ipv4,malicious-ip,medium,WHITE,ziyadnz/hourly-ipv4,ziyadnz|hourly,2026-08-17T18:48:05Z,2026-08-17T18:48:05Z,
183.57.177.131,ipv4,malicious-ip,medium,WHITE,ziyadnz/hourly-ipv4,ziyadnz|hourly,2026-08-17T18:48:05Z,2026-08-17T18:48:05Z,
183.57.179.135,ipv4,malicious-ip,medium,WHITE,ziyadnz/hourly-ipv4,ziyadnz|hourly,2026-08-17T18:48:05Z,2026-08-17T18:48:05Z,
183.57.179.136,ipv4,malicious-ip,medium,WHITE,ziyadnz/hourly-ipv4,ziyadnz|hourly,2026-08-17T18:48:05Z,2026-08-17T18:48:05Z,
183.57.182.130,ipv4,malicious-ip,medium,WHITE,ziyadnz/hourly-ipv4,ziyadnz|hourly,2026-08-17T18:48:05Z,2026-08-17T18:48:05Z,
183.6.102.107,ipv4,malicious-ip,medium,WHITE,ziyadnz/hourly-ipv4,ziyadnz|hourly,2026-08-17T18:48:05Z,2026-08-17T18:48:05Z,
183.6.104.36,ipv4,malicious-ip,medium,WHITE,ziyadnz/hourly-ipv4,ziyadnz|hourly,2026-08-17T18:48:05Z,2026-08-17T18:48:05Z,
183.6.115.88,ipv4,malicious-ip,medium,WHITE,ziyadnz/hourly-ipv4,ziyadnz|hourly,2026-08-17T18:48:05Z,2026-08-17T18:48:05Z,
183.6.187.226,ipv4,malicious-ip,medium,WHITE,ziyadnz/hourly-ipv4,ziyadnz|hourly,2026-08-17T18:48:05Z,2026-08-17T18:48:05Z,
183.6.187.231,ipv4,malicious-ip,medium,WHITE,ziyadnz/hourly-ipv4,ziyadnz|hourly,2026-08-17T18:48:05Z,2026-08-17T18:48:05Z,
183.6.4.31,ipv4,malicious-ip,medium,WHITE,ziyadnz/hourly-ipv4,ziyadnz|hourly,2026-08-17T18:48:05Z,2026-08-17T18:48:05Z,
183.6.42.72,ipv4,malicious-ip,medium,WHITE,ziyadnz/hourly-ipv4,ziyadnz|hourly,2026-08-17T18:48:05Z,2026-08-17T18:48:05Z,
183.6.50.31,ipv4,malicious-ip,medium,WHITE,ziyadnz/hourly-ipv4,ziyadnz|hourly,2026-08-17T18:48:05Z,2026-08-17T18:48:05Z,
183.6.91.151,ipv4,malicious-ip,medium,WHITE,ziyadnz/hourly-ipv4,ziyadnz|hourly,2026-08-17T18:48:05Z,2026-08-17T18:48:05Z,
183.60.172.37,ipv4,malicious-ip,medium,WHITE,ziyadnz/hourly-ipv4,ziyadnz|hourly,2026-08-17T18:48:05Z,2026-08-17T18:48:05Z,
183.60.202.2,ipv4,malicious-ip,medium,WHITE,ziyadnz/hourly-ipv4,ziyadnz|hourly,2026-08-17T18:48:05Z,2026-08-17T18:48:05Z,
183.61.189.192,ipv4,malicious-ip,medium,WHITE,ziyadnz/hourly-ipv4,ziyadnz|hourly,2026-08-17T18:48:05Z,2026-08-17T18:48:05Z,
183.61.189.199,ipv4,malicious-ip,medium,WHITE,ziyadnz/hourly-ipv4,ziyadnz|hourly,2026-08-17T18:48:05Z,2026-08-17T18:48:05Z,
183.62.137.200,ipv4,malicious-ip,medium,WHITE,ziyadnz/hourly-ipv4,ziyadnz|hourly,2026-08-17T18:48:05Z,2026-08-17T18:48:05Z,
183.62.171.59,ipv4,malicious-ip,medium,WHITE,ziyadnz/hourly-ipv4,ziyadnz|hourly,2026-08-17T18:48:05Z,2026-08-17T18:48:05Z,
183.62.172.194,ipv4,malicious-ip,medium,WHITE,ziyadnz/hourly-ipv4,ziyadnz|hourly,2026-08-17T18:48:05Z,2026-08-17T18:48:05Z,
183.62.175.139,ipv4,malicious-ip,medium,WHITE,ziyadnz/hourly-ipv4,ziyadnz|hourly,2026-08-17T18:48:05Z,2026-08-17T18:48:05Z,
183.62.46.229,ipv4,malicious-ip,medium,WHITE,ziyadnz/hourly-ipv4,ziyadnz|hourly,2026-08-17T18:48:05Z,2026-08-17T18:48:05Z,
183.62.9.254,ipv4,malicious-ip,medium,WHITE,ziyadnz/hourly-ipv4,ziyadnz|hourly,2026-08-17T18:48:05Z,2026-08-17T18:48:05Z,
183.63.219.75,ipv4,malicious-ip,medium,WHITE,ziyadnz/hourly-ipv4,ziyadnz|hourly,2026-08-17T18:48:05Z,2026-08-17T18:48:05Z,
183.66.135.22,ipv4,malicious-ip,medium,WHITE,ziyadnz/hourly-ipv4,ziyadnz|hourly,2026-08-17T18:48:05Z,2026-08-17T18:48:05Z,
183.66.158.190,ipv4,malicious-ip,medium,WHITE,ziyadnz/hourly-ipv4,ziyadnz|hourly,2026-08-17T18:48:05Z,2026-08-17T18:48:05Z,
183.67.6.18,ipv4,malicious-ip,medium,WHITE,ziyadnz/hourly-ipv4,ziyadnz|hourly,2026-08-17T18:48:05Z,2026-08-17T18:48:05Z,
183.76.167.123,ipv4,malicious-ip,medium,WHITE,ziyadnz/hourly-ipv4,ziyadnz|hourly,2026-08-17T18:48:05Z,2026-08-17T18:48:05Z,
183.76.202.33,ipv4,malicious-ip,medium,WHITE,ziyadnz/hourly-ipv4,ziyadnz|hourly,2026-08-17T18:48:05Z,2026-08-17T18:48:05Z,
183.76.80.101,ipv4,malicious-ip,medium,WHITE,ziyadnz/hourly-ipv4,ziyadnz|hourly,2026-08-17T18:48:05Z,2026-08-17T18:48:05Z,
183.76.81.121,ipv4,malicious-ip,medium,WHITE,ziyadnz/hourly-ipv4,ziyadnz|hourly,2026-08-17T18:48:05Z,2026-08-17T18:48:05Z,
183.76.83.48,ipv4,malicious-ip,medium,WHITE,ziyadnz/hourly-ipv4,ziyadnz|hourly,2026-08-17T18:48:05Z,2026-08-17T18:48:05Z,
183.76.86.129,ipv4,malicious-ip,medium,WHITE,ziyadnz/hourly-ipv4,ziyadnz|hourly,2026-08-17T18:48:05Z,2026-08-17T18:48:05Z,
183.76.86.15,ipv4,malicious-ip,medium,WHITE,ziyadnz/hourly-ipv4,ziyadnz|hourly,2026-08-17T18:48:05Z,2026-08-17T18:48:05Z,
183.76.87.168,ipv4,malicious-ip,medium,WHITE,ziyadnz/hourly-ipv4,ziyadnz|hourly,2026-08-17T18:48:05Z,2026-08-17T18:48:05Z,
183.76.87.170,ipv4,malicious-ip,medium,WHITE,ziyadnz/hourly-ipv4,ziyadnz|hourly,2026-08-17T18:48:05Z,2026-08-17T18:48:05Z,
183.76.87.181,ipv4,malicious-ip,medium,WHITE,ziyadnz/hourly-ipv4,ziyadnz|hourly,2026-08-17T18:48:05Z,2026-08-17T18:48:05Z,
183.76.88.150,ipv4,malicious-ip,medium,WHITE,ziyadnz/hourly-ipv4,ziyadnz|hourly,2026-08-17T18:48:05Z,2026-08-17T18:48:05Z,
183.76.88.72,ipv4,malicious-ip,medium,WHITE,ziyadnz/hourly-ipv4,ziyadnz|hourly,2026-08-17T18:48:05Z,2026-08-17T18:48:05Z,
183.76.90.127,ipv4,malicious-ip,medium,WHITE,ziyadnz/hourly-ipv4,ziyadnz|hourly,2026-08-17T18:48:05Z,2026-08-17T18:48:05Z,
183.76.91.130,ipv4,malicious-ip,medium,WHITE,ziyadnz/hourly-ipv4,ziyadnz|hourly,2026-08-17T18:48:05Z,2026-08-17T18:48:05Z,
183.76.91.165,ipv4,malicious-ip,medium,WHITE,ziyadnz/hourly-ipv4,ziyadnz|hourly,2026-08-17T18:48:05Z,2026-08-17T18:48:05Z,
183.76.93.180,ipv4,malicious-ip,medium,WHITE,ziyadnz/hourly-ipv4,ziyadnz|hourly,2026-08-17T18:48:05Z,2026-08-17T18:48:05Z,
183.76.94.78,ipv4,malicious-ip,medium,WHITE,ziyadnz/hourly-ipv4,ziyadnz|hourly,2026-08-17T18:48:05Z,2026-08-17T18:48:05Z,
183.77.154.253,ipv4,malicious-ip,medium,WHITE,ziyadnz/hourly-ipv4,ziyadnz|hourly,2026-08-17T18:48:05Z,2026-08-17T18:48:05Z,
183.77.155.133,ipv4,malicious-ip,medium,WHITE,ziyadnz/hourly-ipv4,ziyadnz|hourly,2026-08-17T18:48:05Z,2026-08-17T18:48:05Z,
183.77.176.215,ipv4,malicious-ip,medium,WHITE,ziyadnz/hourly-ipv4,ziyadnz|hourly,2026-08-17T18:48:05Z,2026-08-17T18:48:05Z,
183.78.201.108,ipv4,malicious-ip,medium,WHITE,ziyadnz/hourly-ipv4,ziyadnz|hourly,2026-08-17T18:48:05Z,2026-08-17T18:48:05Z,
183.80.122.150,ipv4,malicious-ip,medium,WHITE,ziyadnz/hourly-ipv4,ziyadnz|hourly,2026-08-17T18:48:05Z,2026-08-17T18:48:05Z,
183.80.167.41,ipv4,malicious-ip,medium,WHITE,ziyadnz/hourly-ipv4,ziyadnz|hourly,2026-08-17T18:48:05Z,2026-08-17T18:48:05Z,
183.80.209.221,ipv4,malicious-ip,medium,WHITE,ziyadnz/hourly-ipv4,ziyadnz|hourly,2026-08-17T18:48:05Z,2026-08-17T18:48:05Z,
183.80.233.111,ipv4,malicious-ip,medium,WHITE,ziyadnz/hourly-ipv4,ziyadnz|hourly,2026-08-17T18:48:05Z,2026-08-17T18:48:05Z,
183.81.168.186,ipv4,malicious-ip,medium,WHITE,ziyadnz/hourly-ipv4,ziyadnz|hourly,2026-08-17T18:48:05Z,2026-08-17T18:48:05Z,
183.81.189.242,ipv4,malicious-ip,medium,WHITE,ziyadnz/hourly-ipv4,ziyadnz|hourly,2026-08-17T18:48:05Z,2026-08-17T18:48:05Z,
183.81.33.83,ipv4,malicious-ip,medium,WHITE,ziyadnz/hourly-ipv4,ziyadnz|hourly,2026-08-17T18:48:05Z,2026-08-17T18:48:05Z,
183.81.9.221,ipv4,malicious-ip,medium,WHITE,ziyadnz/hourly-ipv4,ziyadnz|hourly,2026-08-17T18:48:05Z,2026-08-17T18:48:05Z,
183.82.0.127,ipv4,malicious-ip,medium,WHITE,ziyadnz/hourly-ipv4,ziyadnz|hourly,2026-08-17T18:48:05Z,2026-08-17T18:48:05Z,
183.82.0.29,ipv4,malicious-ip,medium,WHITE,ziyadnz/hourly-ipv4,ziyadnz|hourly,2026-08-17T18:48:05Z,2026-08-17T18:48:05Z,
183.82.1.204,ipv4,malicious-ip,medium,WHITE,ziyadnz/hourly-ipv4,ziyadnz|hourly,2026-08-17T18:48:05Z,2026-08-17T18:48:05Z,
183.82.1.38,ipv4,malicious-ip,medium,WHITE,ziyadnz/hourly-ipv4,ziyadnz|hourly,2026-08-17T18:48:05Z,2026-08-17T18:48:05Z,
183.82.105.207,ipv4,malicious-ip,medium,WHITE,ziyadnz/hourly-ipv4,ziyadnz|hourly,2026-08-17T18:48:05Z,2026-08-17T18:48:05Z,
183.82.106.143,ipv4,malicious-ip,medium,WHITE,ziyadnz/hourly-ipv4,ziyadnz|hourly,2026-08-17T18:48:05Z,2026-08-17T18:48:05Z,
183.82.110.178,ipv4,malicious-ip,medium,WHITE,ziyadnz/hourly-ipv4,ziyadnz|hourly,2026-08-17T18:48:05Z,2026-08-17T18:48:05Z,
183.82.111.224,ipv4,malicious-ip,medium,WHITE,ziyadnz/hourly-ipv4,ziyadnz|hourly,2026-08-17T18:48:05Z,2026-08-17T18:48:05Z,
183.82.114.116,ipv4,malicious-ip,medium,WHITE,ziyadnz/hourly-ipv4,ziyadnz|hourly,2026-08-17T18:48:05Z,2026-08-17T18:48:05Z,
183.82.116.37,ipv4,malicious-ip,medium,WHITE,ziyadnz/hourly-ipv4,ziyadnz|hourly,2026-08-17T18:48:05Z,2026-08-17T18:48:05Z,
183.82.117.235,ipv4,malicious-ip,medium,WHITE,ziyadnz/hourly-ipv4,ziyadnz|hourly,2026-08-17T18:48:05Z,2026-08-17T18:48:05Z,
183.82.117.7,ipv4,malicious-ip,medium,WHITE,ziyadnz/hourly-ipv4,ziyadnz|hourly,2026-08-17T18:48:05Z,2026-08-17T18:48:05Z,
183.82.119.148,ipv4,malicious-ip,medium,WHITE,ziyadnz/hourly-ipv4,ziyadnz|hourly,2026-08-17T18:48:05Z,2026-08-17T18:48:05Z,
183.82.120.1,ipv4,malicious-ip,medium,WHITE,ziyadnz/hourly-ipv4,ziyadnz|hourly,2026-08-17T18:48:05Z,2026-08-17T18:48:05Z,
183.82.120.165,ipv4,malicious-ip,medium,WHITE,ziyadnz/hourly-ipv4,ziyadnz|hourly,2026-08-17T18:48:05Z,2026-08-17T18:48:05Z,
183.82.120.226,ipv4,malicious-ip,medium,WHITE,ziyadnz/hourly-ipv4,ziyadnz|hourly,2026-08-17T18:48:05Z,2026-08-17T18:48:05Z,
183.82.120.244,ipv4,malicious-ip,medium,WHITE,ziyadnz/hourly-ipv4,ziyadnz|hourly,2026-08-17T18:48:05Z,2026-08-17T18:48:05Z,
183.82.124.210,ipv4,malicious-ip,medium,WHITE,ziyadnz/hourly-ipv4,ziyadnz|hourly,2026-08-17T18:48:05Z,2026-08-17T18:48:05Z,
183.82.126.62,ipv4,malicious-ip,medium,WHITE,ziyadnz/hourly-ipv4,ziyadnz|hourly,2026-08-17T18:48:05Z,2026-08-17T18:48:05Z,
183.82.145.55,ipv4,malicious-ip,medium,WHITE,ziyadnz/hourly-ipv4,ziyadnz|hourly,2026-08-17T18:48:05Z,2026-08-17T18:48:05Z,
183.82.147.126,ipv4,malicious-ip,medium,WHITE,ziyadnz/hourly-ipv4,ziyadnz|hourly,2026-08-17T18:48:05Z,2026-08-17T18:48:05Z,
183.82.184.195,ipv4,malicious-ip,medium,WHITE,ziyadnz/hourly-ipv4,ziyadnz|hourly,2026-08-17T18:48:05Z,2026-08-17T18:48:05Z,
183.82.2.107,ipv4,malicious-ip,medium,WHITE,ziyadnz/hourly-ipv4,ziyadnz|hourly,2026-08-17T18:48:05Z,2026-08-17T18:48:05Z,
183.82.2.29,ipv4,malicious-ip,medium,WHITE,ziyadnz/hourly-ipv4,ziyadnz|hourly,2026-08-17T18:48:05Z,2026-08-17T18:48:05Z,
183.82.247.90,ipv4,malicious-ip,medium,WHITE,ziyadnz/hourly-ipv4,ziyadnz|hourly,2026-08-17T18:48:05Z,2026-08-17T18:48:05Z,
183.82.3.62,ipv4,malicious-ip,medium,WHITE,ziyadnz/hourly-ipv4,ziyadnz|hourly,2026-08-17T18:48:05Z,2026-08-17T18:48:05Z,
183.82.33.207,ipv4,malicious-ip,medium,WHITE,ziyadnz/hourly-ipv4,ziyadnz|hourly,2026-08-17T18:48:05Z,2026-08-17T18:48:05Z,
183.82.56.12,ipv4,malicious-ip,medium,WHITE,ziyadnz/hourly-ipv4,ziyadnz|hourly,2026-08-17T18:48:05Z,2026-08-17T18:48:05Z,
183.82.56.120,ipv4,malicious-ip,medium,WHITE,ziyadnz/hourly-ipv4,ziyadnz|hourly,2026-08-17T18:48:05Z,2026-08-17T18:48:05Z,
183.82.7.169,ipv4,malicious-ip,medium,WHITE,ziyadnz/hourly-ipv4,ziyadnz|hourly,2026-08-17T18:48:05Z,2026-08-17T18:48:05Z,
183.82.7.170,ipv4,malicious-ip,medium,WHITE,ziyadnz/hourly-ipv4,ziyadnz|hourly,2026-08-17T18:48:05Z,2026-08-17T18:48:05Z,
183.82.96.54,ipv4,malicious-ip,medium,WHITE,ziyadnz/hourly-ipv4,ziyadnz|hourly,2026-08-17T18:48:05Z,2026-08-17T18:48:05Z,
183.82.97.74,ipv4,malicious-ip,medium,WHITE,ziyadnz/hourly-ipv4,ziyadnz|hourly,2026-08-17T18:48:05Z,2026-08-17T18:48:05Z,
183.82.98.154,ipv4,malicious-ip,medium,WHITE,ziyadnz/hourly-ipv4,ziyadnz|hourly,2026-08-17T18:48:05Z,2026-08-17T18:48:05Z,
183.82.98.207,ipv4,malicious-ip,medium,WHITE,ziyadnz/hourly-ipv4,ziyadnz|hourly,2026-08-17T18:48:05Z,2026-08-17T18:48:05Z,
183.82.98.92,ipv4,malicious-ip,medium,WHITE,ziyadnz/hourly-ipv4,ziyadnz|hourly,2026-08-17T18:48:05Z,2026-08-17T18:48:05Z,
183.82.99.27,ipv4,malicious-ip,medium,WHITE,ziyadnz/hourly-ipv4,ziyadnz|hourly,2026-08-17T18:48:05Z,2026-08-17T18:48:05Z,
183.82.99.61,ipv4,malicious-ip,medium,WHITE,ziyadnz/hourly-ipv4,ziyadnz|hourly,2026-08-17T18:48:05Z,2026-08-17T18:48:05Z,
183.83.135.138,ipv4,malicious-ip,medium,WHITE,ziyadnz/hourly-ipv4,ziyadnz|hourly,2026-08-17T18:48:05Z,2026-08-17T18:48:05Z,
183.83.154.211,ipv4,malicious-ip,medium,WHITE,ziyadnz/hourly-ipv4,ziyadnz|hourly,2026-08-17T18:48:05Z,2026-08-17T18:48:05Z,
183.83.158.77,ipv4,malicious-ip,medium,WHITE,ziyadnz/hourly-ipv4,ziyadnz|hourly,2026-08-17T18:48:05Z,2026-08-17T18:48:05Z,
183.83.163.190,ipv4,malicious-ip,medium,WHITE,ziyadnz/hourly-ipv4,ziyadnz|hourly,2026-08-17T18:48:05Z,2026-08-17T18:48:05Z,
183.83.166.170,ipv4,malicious-ip,medium,WHITE,ziyadnz/hourly-ipv4,ziyadnz|hourly,2026-08-17T18:48:05Z,2026-08-17T18:48:05Z,
183.83.172.232,ipv4,malicious-ip,medium,WHITE,ziyadnz/hourly-ipv4,ziyadnz|hourly,2026-08-17T18:48:05Z,2026-08-17T18:48:05Z,
183.83.196.151,ipv4,malicious-ip,medium,WHITE,ziyadnz/hourly-ipv4,ziyadnz|hourly,2026-08-17T18:48:05Z,2026-08-17T18:48:05Z,
183.83.196.35,ipv4,malicious-ip,medium,WHITE,ziyadnz/hourly-ipv4,ziyadnz|hourly,2026-08-17T18:48:05Z,2026-08-17T18:48:05Z,
183.83.220.41,ipv4,malicious-ip,medium,WHITE,ziyadnz/hourly-ipv4,ziyadnz|hourly,2026-08-17T18:48:05Z,2026-08-17T18:48:05Z,
183.83.236.178,ipv4,malicious-ip,medium,WHITE,ziyadnz/hourly-ipv4,ziyadnz|hourly,2026-08-17T18:48:05Z,2026-08-17T18:48:05Z,
183.83.237.128,ipv4,malicious-ip,medium,WHITE,ziyadnz/hourly-ipv4,ziyadnz|hourly,2026-08-17T18:48:05Z,2026-08-17T18:48:05Z,
183.87.202.193,ipv4,malicious-ip,medium,WHITE,ziyadnz/hourly-ipv4,ziyadnz|hourly,2026-08-17T18:48:05Z,2026-08-17T18:48:05Z,
183.87.218.20,ipv4,malicious-ip,medium,WHITE,ziyadnz/hourly-ipv4,ziyadnz|hourly,2026-08-17T18:48:05Z,2026-08-17T18:48:05Z,
183.88.208.80,ipv4,malicious-ip,medium,WHITE,ziyadnz/hourly-ipv4,ziyadnz|hourly,2026-08-17T18:48:05Z,2026-08-17T18:48:05Z,
183.88.213.90,ipv4,malicious-ip,medium,WHITE,ziyadnz/hourly-ipv4,ziyadnz|hourly,2026-08-17T18:48:05Z,2026-08-17T18:48:05Z,
183.88.220.113,ipv4,malicious-ip,medium,WHITE,ziyadnz/hourly-ipv4,ziyadnz|hourly,2026-08-17T18:48:05Z,2026-08-17T18:48:05Z,
183.88.232.177,ipv4,malicious-ip,medium,WHITE,ziyadnz/hourly-ipv4,ziyadnz|hourly,2026-08-17T18:48:05Z,2026-08-17T18:48:05Z,
183.88.241.29,ipv4,malicious-ip,medium,WHITE,ziyadnz/hourly-ipv4,ziyadnz|hourly,2026-08-17T18:48:05Z,2026-08-17T18:48:05Z,
183.90.141.17,ipv4,malicious-ip,medium,WHITE,ziyadnz/hourly-ipv4,ziyadnz|hourly,2026-08-17T18:48:05Z,2026-08-17T18:48:05Z,
183.90.87.12,ipv4,malicious-ip,medium,WHITE,ziyadnz/hourly-ipv4,ziyadnz|hourly,2026-08-17T18:48:05Z,2026-08-17T18:48:05Z,
183.91.11.226,ipv4,malicious-ip,medium,WHITE,ziyadnz/hourly-ipv4,ziyadnz|hourly,2026-08-17T18:48:05Z,2026-08-17T18:48:05Z,
183.91.14.218,ipv4,malicious-ip,medium,WHITE,ziyadnz/hourly-ipv4,ziyadnz|hourly,2026-08-17T18:48:05Z,2026-08-17T18:48:05Z,
183.91.29.92,ipv4,malicious-ip,medium,WHITE,ziyadnz/hourly-ipv4,ziyadnz|hourly,2026-08-17T18:48:05Z,2026-08-17T18:48:05Z,
183.91.4.40,ipv4,malicious-ip,medium,WHITE,ziyadnz/hourly-ipv4,ziyadnz|hourly,2026-08-17T18:48:05Z,2026-08-17T18:48:05Z,
183.91.83.132,ipv4,malicious-ip,medium,WHITE,ziyadnz/hourly-ipv4,ziyadnz|hourly,2026-08-17T18:48:05Z,2026-08-17T18:48:05Z,
183.92.11.12,ipv4,malicious-ip,medium,WHITE,ziyadnz/hourly-ipv4,ziyadnz|hourly,2026-08-17T18:48:05Z,2026-08-17T18:48:05Z,
183.92.14.99,ipv4,malicious-ip,medium,WHITE,ziyadnz/hourly-ipv4,ziyadnz|hourly,2026-08-17T18:48:05Z,2026-08-17T18:48:05Z,
183.92.151.73,ipv4,malicious-ip,medium,WHITE,ziyadnz/hourly-ipv4,ziyadnz|hourly,2026-08-17T18:48:05Z,2026-08-17T18:48:05Z,
183.92.205.104,ipv4,malicious-ip,medium,WHITE,ziyadnz/hourly-ipv4,ziyadnz|hourly,2026-08-17T18:48:05Z,2026-08-17T18:48:05Z,
183.92.26.101,ipv4,malicious-ip,medium,WHITE,ziyadnz/hourly-ipv4,ziyadnz|hourly,2026-08-17T18:48:05Z,2026-08-17T18:48:05Z,
183.92.26.150,ipv4,malicious-ip,medium,WHITE,ziyadnz/hourly-ipv4,ziyadnz|hourly,2026-08-17T18:48:05Z,2026-08-17T18:48:05Z,
183.92.26.221,ipv4,malicious-ip,medium,WHITE,ziyadnz/hourly-ipv4,ziyadnz|hourly,2026-08-17T18:48:05Z,2026-08-17T18:48:05Z,
183.92.6.145,ipv4,malicious-ip,medium,WHITE,ziyadnz/hourly-ipv4,ziyadnz|hourly,2026-08-17T18:48:05Z,2026-08-17T18:48:05Z,
183.93.198.227,ipv4,malicious-ip,medium,WHITE,ziyadnz/hourly-ipv4,ziyadnz|hourly,2026-08-17T18:48:05Z,2026-08-17T18:48:05Z,
183.93.72.143,ipv4,malicious-ip,medium,WHITE,ziyadnz/hourly-ipv4,ziyadnz|hourly,2026-08-17T18:48:05Z,2026-08-17T18:48:05Z,
183.94.1.118,ipv4,malicious-ip,medium,WHITE,ziyadnz/hourly-ipv4,ziyadnz|hourly,2026-08-17T18:48:05Z,2026-08-17T18:48:05Z,
183.94.135.80,ipv4,malicious-ip,medium,WHITE,ziyadnz/hourly-ipv4,ziyadnz|hourly,2026-08-17T18:48:05Z,2026-08-17T18:48:05Z,
183.94.155.171,ipv4,malicious-ip,medium,WHITE,ziyadnz/hourly-ipv4,ziyadnz|hourly,2026-08-17T18:48:05Z,2026-08-17T18:48:05Z,
183.94.33.245,ipv4,malicious-ip,medium,WHITE,ziyadnz/hourly-ipv4,ziyadnz|hourly,2026-08-17T18:48:05Z,2026-08-17T18:48:05Z,
183.94.57.22,ipv4,malicious-ip,medium,WHITE,ziyadnz/hourly-ipv4,ziyadnz|hourly,2026-08-17T18:48:05Z,2026-08-17T18:48:05Z,
183.95.106.98,ipv4,malicious-ip,medium,WHITE,ziyadnz/hourly-ipv4,ziyadnz|hourly,2026-08-17T18:48:05Z,2026-08-17T18:48:05Z,
183.95.176.27,ipv4,malicious-ip,medium,WHITE,ziyadnz/hourly-ipv4,ziyadnz|hourly,2026-08-17T18:48:05Z,2026-08-17T18:48:05Z,
183.95.178.140,ipv4,malicious-ip,medium,WHITE,ziyadnz/hourly-ipv4,ziyadnz|hourly,2026-08-17T18:48:05Z,2026-08-17T18:48:05Z,
183.95.99.77,ipv4,malicious-ip,medium,WHITE,ziyadnz/hourly-ipv4,ziyadnz|hourly,2026-08-17T18:48:05Z,2026-08-17T18:48:05Z,
183.98.212.74,ipv4,malicious-ip,medium,WHITE,ziyadnz/hourly-ipv4,ziyadnz|hourly,2026-08-17T18:48:05Z,2026-08-17T18:48:05Z,
183.98.76.106,ipv4,malicious-ip,medium,WHITE,ziyadnz/hourly-ipv4,ziyadnz|hourly,2026-08-17T18:48:05Z,2026-08-17T18:48:05Z,
183.99.228.131,ipv4,malicious-ip,medium,WHITE,ziyadnz/hourly-ipv4,ziyadnz|hourly,2026-08-17T18:48:05Z,2026-08-17T18:48:05Z,
183.99.238.139,ipv4,malicious-ip,medium,WHITE,ziyadnz/hourly-ipv4,ziyadnz|hourly,2026-08-17T18:48:05Z,2026-08-17T18:48:05Z,
183.99.37.250,ipv4,malicious-ip,medium,WHITE,ziyadnz/hourly-ipv4,ziyadnz|hourly,2026-08-17T18:48:05Z,2026-08-17T18:48:05Z,
184.103.20.182,ipv4,malicious-ip,medium,WHITE,ziyadnz/hourly-ipv4,ziyadnz|hourly,2026-08-17T18:48:05Z,2026-08-17T18:48:05Z,
184.105.139.0,ipv4,malicious-ip,medium,WHITE,ziyadnz/hourly-ipv4,ziyadnz|hourly,2026-08-17T18:48:05Z,2026-08-17T18:48:05Z,
184.105.139.100,ipv4,malicious-ip,medium,WHITE,ziyadnz/hourly-ipv4,ziyadnz|hourly,2026-08-17T18:48:05Z,2026-08-17T18:48:05Z,
184.105.139.101,ipv4,malicious-ip,medium,WHITE,ziyadnz/hourly-ipv4,ziyadnz|hourly,2026-08-17T18:48:05Z,2026-08-17T18:48:05Z,
184.105.139.102,ipv4,malicious-ip,medium,WHITE,ziyadnz/hourly-ipv4,ziyadnz|hourly,2026-08-17T18:48:05Z,2026-08-17T18:48:05Z,
184.105.139.103,ipv4,malicious-ip,medium,WHITE,ziyadnz/hourly-ipv4,ziyadnz|hourly,2026-08-17T18:48:05Z,2026-08-17T18:48:05Z,
184.105.139.104,ipv4,malicious-ip,medium,WHITE,ziyadnz/hourly-ipv4,ziyadnz|hourly,2026-08-17T18:48:05Z,2026-08-17T18:48:05Z,
184.105.139.105,ipv4,malicious-ip,medium,WHITE,ziyadnz/hourly-ipv4,ziyadnz|hourly,2026-08-17T18:48:05Z,2026-08-17T18:48:05Z,
184.105.139.106,ipv4,malicious-ip,medium,WHITE,ziyadnz/hourly-ipv4,ziyadnz|hourly,2026-08-17T18:48:05Z,2026-08-17T18:48:05Z,
184.105.139.107,ipv4,malicious-ip,medium,WHITE,ziyadnz/hourly-ipv4,ziyadnz|hourly,2026-08-17T18:48:05Z,2026-08-17T18:48:05Z,
184.105.139.108,ipv4,malicious-ip,medium,WHITE,ziyadnz/hourly-ipv4,ziyadnz|hourly,2026-08-17T18:48:05Z,2026-08-17T18:48:05Z,
184.105.139.109,ipv4,malicious-ip,medium,WHITE,ziyadnz/hourly-ipv4,ziyadnz|hourly,2026-08-17T18:48:05Z,2026-08-17T18:48:05Z,
184.105.139.110,ipv4,malicious-ip,medium,WHITE,ziyadnz/hourly-ipv4,ziyadnz|hourly,2026-08-17T18:48:05Z,2026-08-17T18:48:05Z,
184.105.139.111,ipv4,malicious-ip,medium,WHITE,ziyadnz/hourly-ipv4,ziyadnz|hourly,2026-08-17T18:48:05Z,2026-08-17T18:48:05Z,
184.105.139.112,ipv4,malicious-ip,medium,WHITE,ziyadnz/hourly-ipv4,ziyadnz|hourly,2026-08-17T18:48:05Z,2026-08-17T18:48:05Z,
184.105.139.113,ipv4,malicious-ip,medium,WHITE,ziyadnz/hourly-ipv4,ziyadnz|hourly,2026-08-17T18:48:05Z,2026-08-17T18:48:05Z,
184.105.139.114,ipv4,malicious-ip,medium,WHITE,ziyadnz/hourly-ipv4,ziyadnz|hourly,2026-08-17T18:48:05Z,2026-08-17T18:48:05Z,
184.105.139.115,ipv4,malicious-ip,medium,WHITE,ziyadnz/hourly-ipv4,ziyadnz|hourly,2026-08-17T18:48:05Z,2026-08-17T18:48:05Z,
184.105.139.116,ipv4,malicious-ip,medium,WHITE,ziyadnz/hourly-ipv4,ziyadnz|hourly,2026-08-17T18:48:05Z,2026-08-17T18:48:05Z,
184.105.139.117,ipv4,malicious-ip,medium,WHITE,ziyadnz/hourly-ipv4,ziyadnz|hourly,2026-08-17T18:48:05Z,2026-08-17T18:48:05Z,
184.105.139.118,ipv4,malicious-ip,medium,WHITE,ziyadnz/hourly-ipv4,ziyadnz|hourly,2026-08-17T18:48:05Z,2026-08-17T18:48:05Z,
184.105.139.119,ipv4,malicious-ip,medium,WHITE,ziyadnz/hourly-ipv4,ziyadnz|hourly,2026-08-17T18:48:05Z,2026-08-17T18:48:05Z,
184.105.139.120,ipv4,malicious-ip,medium,WHITE,ziyadnz/hourly-ipv4,ziyadnz|hourly,2026-08-17T18:48:05Z,2026-08-17T18:48:05Z,
184.105.139.121,ipv4,malicious-ip,medium,WHITE,ziyadnz/hourly-ipv4,ziyadnz|hourly,2026-08-17T18:48:05Z,2026-08-17T18:48:05Z,
184.105.139.122,ipv4,malicious-ip,medium,WHITE,ziyadnz/hourly-ipv4,ziyadnz|hourly,2026-08-17T18:48:05Z,2026-08-17T18:48:05Z,
184.105.139.123,ipv4,malicious-ip,medium,WHITE,ziyadnz/hourly-ipv4,ziyadnz|hourly,2026-08-17T18:48:05Z,2026-08-17T18:48:05Z,
184.105.139.124,ipv4,malicious-ip,medium,WHITE,ziyadnz/hourly-ipv4,ziyadnz|hourly,2026-08-17T18:48:05Z,2026-08-17T18:48:05Z,
184.105.139.125,ipv4,malicious-ip,medium,WHITE,ziyadnz/hourly-ipv4,ziyadnz|hourly,2026-08-17T18:48:05Z,2026-08-17T18:48:05Z,
184.105.139.126,ipv4,malicious-ip,medium,WHITE,ziyadnz/hourly-ipv4,ziyadnz|hourly,2026-08-17T18:48:05Z,2026-08-17T18:48:05Z,
184.105.139.67,ipv4,malicious-ip,medium,WHITE,ziyadnz/hourly-ipv4,ziyadnz|hourly,2026-08-17T18:48:05Z,2026-08-17T18:48:05Z,
184.105.139.68,ipv4,malicious-ip,medium,WHITE,ziyadnz/hourly-ipv4,ziyadnz|hourly,2026-08-17T18:48:05Z,2026-08-17T18:48:05Z,
184.105.139.69,ipv4,malicious-ip,medium,WHITE,ziyadnz/hourly-ipv4,ziyadnz|hourly,2026-08-17T18:48:05Z,2026-08-17T18:48:05Z,
184.105.139.70,ipv4,malicious-ip,medium,WHITE,ziyadnz/hourly-ipv4,ziyadnz|hourly,2026-08-17T18:48:05Z,2026-08-17T18:48:05Z,
184.105.139.71,ipv4,malicious-ip,medium,WHITE,ziyadnz/hourly-ipv4,ziyadnz|hourly,2026-08-17T18:48:05Z,2026-08-17T18:48:05Z,
184.105.139.72,ipv4,malicious-ip,medium,WHITE,ziyadnz/hourly-ipv4,ziyadnz|hourly,2026-08-17T18:48:05Z,2026-08-17T18:48:05Z,
184.105.139.73,ipv4,malicious-ip,medium,WHITE,ziyadnz/hourly-ipv4,ziyadnz|hourly,2026-08-17T18:48:05Z,2026-08-17T18:48:05Z,
184.105.139.74,ipv4,malicious-ip,medium,WHITE,ziyadnz/hourly-ipv4,ziyadnz|hourly,2026-08-17T18:48:05Z,2026-08-17T18:48:05Z,
184.105.139.75,ipv4,malicious-ip,medium,WHITE,ziyadnz/hourly-ipv4,ziyadnz|hourly,2026-08-17T18:48:05Z,2026-08-17T18:48:05Z,
184.105.139.76,ipv4,malicious-ip,medium,WHITE,ziyadnz/hourly-ipv4,ziyadnz|hourly,2026-08-17T18:48:05Z,2026-08-17T18:48:05Z,
184.105.139.77,ipv4,malicious-ip,medium,WHITE,ziyadnz/hourly-ipv4,ziyadnz|hourly,2026-08-17T18:48:05Z,2026-08-17T18:48:05Z,
184.105.139.78,ipv4,malicious-ip,medium,WHITE,ziyadnz/hourly-ipv4,ziyadnz|hourly,2026-08-17T18:48:05Z,2026-08-17T18:48:05Z,
184.105.139.79,ipv4,malicious-ip,medium,WHITE,ziyadnz/hourly-ipv4,ziyadnz|hourly,2026-08-17T18:48:05Z,2026-08-17T18:48:05Z,
184.105.139.80,ipv4,malicious-ip,medium,WHITE,ziyadnz/hourly-ipv4,ziyadnz|hourly,2026-08-17T18:48:05Z,2026-08-17T18:48:05Z,
184.105.139.81,ipv4,malicious-ip,medium,WHITE,ziyadnz/hourly-ipv4,ziyadnz|hourly,2026-08-17T18:48:05Z,2026-08-17T18:48:05Z,
184.105.139.82,ipv4,malicious-ip,medium,WHITE,ziyadnz/hourly-ipv4,ziyadnz|hourly,2026-08-17T18:48:05Z,2026-08-17T18:48:05Z,
184.105.139.83,ipv4,malicious-ip,medium,WHITE,ziyadnz/hourly-ipv4,ziyadnz|hourly,2026-08-17T18:48:05Z,2026-08-17T18:48:05Z,
184.105.139.84,ipv4,malicious-ip,medium,WHITE,ziyadnz/hourly-ipv4,ziyadnz|hourly,2026-08-17T18:48:05Z,2026-08-17T18:48:05Z,
184.105.139.85,ipv4,malicious-ip,medium,WHITE,ziyadnz/hourly-ipv4,ziyadnz|hourly,2026-08-17T18:48:05Z,2026-08-17T18:48:05Z,
184.105.139.86,ipv4,malicious-ip,medium,WHITE,ziyadnz/hourly-ipv4,ziyadnz|hourly,2026-08-17T18:48:05Z,2026-08-17T18:48:05Z,
184.105.139.87,ipv4,malicious-ip,medium,WHITE,ziyadnz/hourly-ipv4,ziyadnz|hourly,2026-08-17T18:48:05Z,2026-08-17T18:48:05Z,
184.105.139.88,ipv4,malicious-ip,medium,WHITE,ziyadnz/hourly-ipv4,ziyadnz|hourly,2026-08-17T18:48:05Z,2026-08-17T18:48:05Z,
184.105.139.89,ipv4,malicious-ip,medium,WHITE,ziyadnz/hourly-ipv4,ziyadnz|hourly,2026-08-17T18:48:05Z,2026-08-17T18:48:05Z,
184.105.139.90,ipv4,malicious-ip,medium,WHITE,ziyadnz/hourly-ipv4,ziyadnz|hourly,2026-08-17T18:48:05Z,2026-08-17T18:48:05Z,
184.105.139.91,ipv4,malicious-ip,medium,WHITE,ziyadnz/hourly-ipv4,ziyadnz|hourly,2026-08-17T18:48:05Z,2026-08-17T18:48:05Z,
184.105.139.92,ipv4,malicious-ip,medium,WHITE,ziyadnz/hourly-ipv4,ziyadnz|hourly,2026-08-17T18:48:05Z,2026-08-17T18:48:05Z,
184.105.139.93,ipv4,malicious-ip,medium,WHITE,ziyadnz/hourly-ipv4,ziyadnz|hourly,2026-08-17T18:48:05Z,2026-08-17T18:48:05Z,
184.105.139.94,ipv4,malicious-ip,medium,WHITE,ziyadnz/hourly-ipv4,ziyadnz|hourly,2026-08-17T18:48:05Z,2026-08-17T18:48:05Z,
184.105.139.95,ipv4,malicious-ip,medium,WHITE,ziyadnz/hourly-ipv4,ziyadnz|hourly,2026-08-17T18:48:05Z,2026-08-17T18:48:05Z,
184.105.139.96,ipv4,malicious-ip,medium,WHITE,ziyadnz/hourly-ipv4,ziyadnz|hourly,2026-08-17T18:48:05Z,2026-08-17T18:48:05Z,
184.105.139.97,ipv4,malicious-ip,medium,WHITE,ziyadnz/hourly-ipv4,ziyadnz|hourly,2026-08-17T18:48:05Z,2026-08-17T18:48:05Z,
184.105.139.98,ipv4,malicious-ip,medium,WHITE,ziyadnz/hourly-ipv4,ziyadnz|hourly,2026-08-17T18:48:05Z,2026-08-17T18:48:05Z,
184.105.139.99,ipv4,malicious-ip,medium,WHITE,ziyadnz/hourly-ipv4,ziyadnz|hourly,2026-08-17T18:48:05Z,2026-08-17T18:48:05Z,
184.105.247.0,ipv4,malicious-ip,medium,WHITE,ziyadnz/hourly-ipv4,ziyadnz|hourly,2026-08-17T18:48:05Z,2026-08-17T18:48:05Z,
184.105.247.194,ipv4,malicious-ip,medium,WHITE,ziyadnz/hourly-ipv4,ziyadnz|hourly,2026-08-17T18:48:05Z,2026-08-17T18:48:05Z,
184.105.247.195,ipv4,malicious-ip,medium,WHITE,ziyadnz/hourly-ipv4,ziyadnz|hourly,2026-08-17T18:48:05Z,2026-08-17T18:48:05Z,
184.105.247.196,ipv4,malicious-ip,medium,WHITE,ziyadnz/hourly-ipv4,ziyadnz|hourly,2026-08-17T18:48:05Z,2026-08-17T18:48:05Z,
184.105.247.198,ipv4,malicious-ip,medium,WHITE,ziyadnz/hourly-ipv4,ziyadnz|hourly,2026-08-17T18:48:05Z,2026-08-17T18:48:05Z,
184.105.247.199,ipv4,malicious-ip,medium,WHITE,ziyadnz/hourly-ipv4,ziyadnz|hourly,2026-08-17T18:48:05Z,2026-08-17T18:48:05Z,
184.105.247.200,ipv4,malicious-ip,medium,WHITE,ziyadnz/hourly-ipv4,ziyadnz|hourly,2026-08-17T18:48:05Z,2026-08-17T18:48:05Z,
184.105.247.202,ipv4,malicious-ip,medium,WHITE,ziyadnz/hourly-ipv4,ziyadnz|hourly,2026-08-17T18:48:05Z,2026-08-17T18:48:05Z,
184.105.247.203,ipv4,malicious-ip,medium,WHITE,ziyadnz/hourly-ipv4,ziyadnz|hourly,2026-08-17T18:48:05Z,2026-08-17T18:48:05Z,
184.105.247.204,ipv4,malicious-ip,medium,WHITE,ziyadnz/hourly-ipv4,ziyadnz|hourly,2026-08-17T18:48:05Z,2026-08-17T18:48:05Z,
184.105.247.206,ipv4,malicious-ip,medium,WHITE,ziyadnz/hourly-ipv4,ziyadnz|hourly,2026-08-17T18:48:05Z,2026-08-17T18:48:05Z,
184.105.247.207,ipv4,malicious-ip,medium,WHITE,ziyadnz/hourly-ipv4,ziyadnz|hourly,2026-08-17T18:48:05Z,2026-08-17T18:48:05Z,
184.105.247.208,ipv4,malicious-ip,medium,WHITE,ziyadnz/hourly-ipv4,ziyadnz|hourly,2026-08-17T18:48:05Z,2026-08-17T18:48:05Z,
184.105.247.210,ipv4,malicious-ip,medium,WHITE,ziyadnz/hourly-ipv4,ziyadnz|hourly,2026-08-17T18:48:05Z,2026-08-17T18:48:05Z,
184.105.247.211,ipv4,malicious-ip,medium,WHITE,ziyadnz/hourly-ipv4,ziyadnz|hourly,2026-08-17T18:48:05Z,2026-08-17T18:48:05Z,
184.105.247.212,ipv4,malicious-ip,medium,WHITE,ziyadnz/hourly-ipv4,ziyadnz|hourly,2026-08-17T18:48:05Z,2026-08-17T18:48:05Z,
184.105.247.214,ipv4,malicious-ip,medium,WHITE,ziyadnz/hourly-ipv4,ziyadnz|hourly,2026-08-17T18:48:05Z,2026-08-17T18:48:05Z,
184.105.247.215,ipv4,malicious-ip,medium,WHITE,ziyadnz/hourly-ipv4,ziyadnz|hourly,2026-08-17T18:48:05Z,2026-08-17T18:48:05Z,
184.105.247.216,ipv4,malicious-ip,medium,WHITE,ziyadnz/hourly-ipv4,ziyadnz|hourly,2026-08-17T18:48:05Z,2026-08-17T18:48:05Z,
184.105.247.218,ipv4,malicious-ip,medium,WHITE,ziyadnz/hourly-ipv4,ziyadnz|hourly,2026-08-17T18:48:05Z,2026-08-17T18:48:05Z,
184.105.247.219,ipv4,malicious-ip,medium,WHITE,ziyadnz/hourly-ipv4,ziyadnz|hourly,2026-08-17T18:48:05Z,2026-08-17T18:48:05Z,
184.105.247.220,ipv4,malicious-ip,medium,WHITE,ziyadnz/hourly-ipv4,ziyadnz|hourly,2026-08-17T18:48:05Z,2026-08-17T18:48:05Z,
184.105.247.222,ipv4,malicious-ip,medium,WHITE,ziyadnz/hourly-ipv4,ziyadnz|hourly,2026-08-17T18:48:05Z,2026-08-17T18:48:05Z,
184.105.247.223,ipv4,malicious-ip,medium,WHITE,ziyadnz/hourly-ipv4,ziyadnz|hourly,2026-08-17T18:48:05Z,2026-08-17T18:48:05Z,
184.105.247.224,ipv4,malicious-ip,medium,WHITE,ziyadnz/hourly-ipv4,ziyadnz|hourly,2026-08-17T18:48:05Z,2026-08-17T18:48:05Z,
184.105.247.226,ipv4,malicious-ip,medium,WHITE,ziyadnz/hourly-ipv4,ziyadnz|hourly,2026-08-17T18:48:05Z,2026-08-17T18:48:05Z,
184.105.247.227,ipv4,malicious-ip,medium,WHITE,ziyadnz/hourly-ipv4,ziyadnz|hourly,2026-08-17T18:48:05Z,2026-08-17T18:48:05Z,
184.105.247.228,ipv4,malicious-ip,medium,WHITE,ziyadnz/hourly-ipv4,ziyadnz|hourly,2026-08-17T18:48:05Z,2026-08-17T18:48:05Z,
184.105.247.230,ipv4,malicious-ip,medium,WHITE,ziyadnz/hourly-ipv4,ziyadnz|hourly,2026-08-17T18:48:05Z,2026-08-17T18:48:05Z,
184.105.247.231,ipv4,malicious-ip,medium,WHITE,ziyadnz/hourly-ipv4,ziyadnz|hourly,2026-08-17T18:48:05Z,2026-08-17T18:48:05Z,
184.105.247.232,ipv4,malicious-ip,medium,WHITE,ziyadnz/hourly-ipv4,ziyadnz|hourly,2026-08-17T18:48:05Z,2026-08-17T18:48:05Z,
184.105.247.234,ipv4,malicious-ip,medium,WHITE,ziyadnz/hourly-ipv4,ziyadnz|hourly,2026-08-17T18:48:05Z,2026-08-17T18:48:05Z,
184.105.247.235,ipv4,malicious-ip,medium,WHITE,ziyadnz/hourly-ipv4,ziyadnz|hourly,2026-08-17T18:48:05Z,2026-08-17T18:48:05Z,
184.105.247.236,ipv4,malicious-ip,medium,WHITE,ziyadnz/hourly-ipv4,ziyadnz|hourly,2026-08-17T18:48:05Z,2026-08-17T18:48:05Z,
184.105.247.238,ipv4,malicious-ip,medium,WHITE,ziyadnz/hourly-ipv4,ziyadnz|hourly,2026-08-17T18:48:05Z,2026-08-17T18:48:05Z,
184.105.247.239,ipv4,malicious-ip,medium,WHITE,ziyadnz/hourly-ipv4,ziyadnz|hourly,2026-08-17T18:48:05Z,2026-08-17T18:48:05Z,
184.105.247.240,ipv4,malicious-ip,medium,WHITE,ziyadnz/hourly-ipv4,ziyadnz|hourly,2026-08-17T18:48:05Z,2026-08-17T18:48:05Z,
184.105.247.242,ipv4,malicious-ip,medium,WHITE,ziyadnz/hourly-ipv4,ziyadnz|hourly,2026-08-17T18:48:05Z,2026-08-17T18:48:05Z,
184.105.247.243,ipv4,malicious-ip,medium,WHITE,ziyadnz/hourly-ipv4,ziyadnz|hourly,2026-08-17T18:48:05Z,2026-08-17T18:48:05Z,
184.105.247.244,ipv4,malicious-ip,medium,WHITE,ziyadnz/hourly-ipv4,ziyadnz|hourly,2026-08-17T18:48:05Z,2026-08-17T18:48:05Z,
184.105.247.246,ipv4,malicious-ip,medium,WHITE,ziyadnz/hourly-ipv4,ziyadnz|hourly,2026-08-17T18:48:05Z,2026-08-17T18:48:05Z,
184.105.247.247,ipv4,malicious-ip,medium,WHITE,ziyadnz/hourly-ipv4,ziyadnz|hourly,2026-08-17T18:48:05Z,2026-08-17T18:48:05Z,
184.105.247.248,ipv4,malicious-ip,medium,WHITE,ziyadnz/hourly-ipv4,ziyadnz|hourly,2026-08-17T18:48:05Z,2026-08-17T18:48:05Z,
184.105.247.250,ipv4,malicious-ip,medium,WHITE,ziyadnz/hourly-ipv4,ziyadnz|hourly,2026-08-17T18:48:05Z,2026-08-17T18:48:05Z,
184.105.247.251,ipv4,malicious-ip,medium,WHITE,ziyadnz/hourly-ipv4,ziyadnz|hourly,2026-08-17T18:48:05Z,2026-08-17T18:48:05Z,
184.105.247.252,ipv4,malicious-ip,medium,WHITE,ziyadnz/hourly-ipv4,ziyadnz|hourly,2026-08-17T18:48:05Z,2026-08-17T18:48:05Z,
184.105.247.254,ipv4,malicious-ip,medium,WHITE,ziyadnz/hourly-ipv4,ziyadnz|hourly,2026-08-17T18:48:05Z,2026-08-17T18:48:05Z,
184.107.106.86,ipv4,malicious-ip,medium,WHITE,ziyadnz/hourly-ipv4,ziyadnz|hourly,2026-08-17T18:48:05Z,2026-08-17T18:48:05Z,
184.107.185.209,ipv4,malicious-ip,medium,WHITE,ziyadnz/hourly-ipv4,ziyadnz|hourly,2026-08-17T18:48:05Z,2026-08-17T18:48:05Z,
184.107.48.72,ipv4,malicious-ip,medium,WHITE,ziyadnz/hourly-ipv4,ziyadnz|hourly,2026-08-17T18:48:05Z,2026-08-17T18:48:05Z,
184.145.174.238,ipv4,malicious-ip,medium,WHITE,ziyadnz/hourly-ipv4,ziyadnz|hourly,2026-08-17T18:48:05Z,2026-08-17T18:48:05Z,
184.148.133.17,ipv4,malicious-ip,medium,WHITE,ziyadnz/hourly-ipv4,ziyadnz|hourly,2026-08-17T18:48:05Z,2026-08-17T18:48:05Z,
184.15.181.6,ipv4,malicious-ip,medium,WHITE,ziyadnz/hourly-ipv4,ziyadnz|hourly,2026-08-17T18:48:05Z,2026-08-17T18:48:05Z,
184.151.88.27,ipv4,malicious-ip,medium,WHITE,ziyadnz/hourly-ipv4,ziyadnz|hourly,2026-08-17T18:48:05Z,2026-08-17T18:48:05Z,
184.154.156.13,ipv4,malicious-ip,medium,WHITE,ziyadnz/hourly-ipv4,ziyadnz|hourly,2026-08-17T18:48:05Z,2026-08-17T18:48:05Z,
184.154.245.42,ipv4,malicious-ip,medium,WHITE,ziyadnz/hourly-ipv4,ziyadnz|hourly,2026-08-17T18:48:05Z,2026-08-17T18:48:05Z,
184.155.211.9,ipv4,malicious-ip,medium,WHITE,ziyadnz/hourly-ipv4,ziyadnz|hourly,2026-08-17T18:48:05Z,2026-08-17T18:48:05Z,
184.160.50.110,ipv4,malicious-ip,medium,WHITE,ziyadnz/hourly-ipv4,ziyadnz|hourly,2026-08-17T18:48:05Z,2026-08-17T18:48:05Z,
184.162.19.240,ipv4,malicious-ip,medium,WHITE,ziyadnz/hourly-ipv4,ziyadnz|hourly,2026-08-17T18:48:05Z,2026-08-17T18:48:05Z,
184.167.227.132,ipv4,malicious-ip,medium,WHITE,ziyadnz/hourly-ipv4,ziyadnz|hourly,2026-08-17T18:48:05Z,2026-08-17T18:48:05Z,
184.168.104.171,ipv4,malicious-ip,medium,WHITE,ziyadnz/hourly-ipv4,ziyadnz|hourly,2026-08-17T18:48:05Z,2026-08-17T18:48:05Z,
184.168.120.253,ipv4,malicious-ip,medium,WHITE,ziyadnz/hourly-ipv4,ziyadnz|hourly,2026-08-17T18:48:05Z,2026-08-17T18:48:05Z,
184.168.122.48,ipv4,malicious-ip,medium,WHITE,ziyadnz/hourly-ipv4,ziyadnz|hourly,2026-08-17T18:48:05Z,2026-08-17T18:48:05Z,
184.168.123.171,ipv4,malicious-ip,medium,WHITE,ziyadnz/hourly-ipv4,ziyadnz|hourly,2026-08-17T18:48:05Z,2026-08-17T18:48:05Z,
184.168.147.110,ipv4,malicious-ip,medium,WHITE,ziyadnz/hourly-ipv4,ziyadnz|hourly,2026-08-17T18:48:05Z,2026-08-17T18:48:05Z,
184.168.31.238,ipv4,malicious-ip,medium,WHITE,ziyadnz/hourly-ipv4,ziyadnz|hourly,2026-08-17T18:48:05Z,2026-08-17T18:48:05Z,
184.169.47.194,ipv4,malicious-ip,medium,WHITE,ziyadnz/hourly-ipv4,ziyadnz|hourly,2026-08-17T18:48:05Z,2026-08-17T18:48:05Z,
184.170.251.30,ipv4,malicious-ip,medium,WHITE,ziyadnz/hourly-ipv4,ziyadnz|hourly,2026-08-17T18:48:05Z,2026-08-17T18:48:05Z,
184.174.96.70,ipv4,malicious-ip,medium,WHITE,ziyadnz/hourly-ipv4,ziyadnz|hourly,2026-08-17T18:48:05Z,2026-08-17T18:48:05Z,
184.174.96.71,ipv4,malicious-ip,medium,WHITE,ziyadnz/hourly-ipv4,ziyadnz|hourly,2026-08-17T18:48:05Z,2026-08-17T18:48:05Z,
184.174.96.74,ipv4,malicious-ip,medium,WHITE,ziyadnz/hourly-ipv4,ziyadnz|hourly,2026-08-17T18:48:05Z,2026-08-17T18:48:05Z,
184.174.97.32,ipv4,malicious-ip,medium,WHITE,ziyadnz/hourly-ipv4,ziyadnz|hourly,2026-08-17T18:48:05Z,2026-08-17T18:48:05Z,
184.176.134.101,ipv4,malicious-ip,medium,WHITE,ziyadnz/hourly-ipv4,ziyadnz|hourly,2026-08-17T18:48:05Z,2026-08-17T18:48:05Z,
184.178.172.23,ipv4,malicious-ip,medium,WHITE,ziyadnz/hourly-ipv4,ziyadnz|hourly,2026-08-17T18:48:05Z,2026-08-17T18:48:05Z,
184.178.172.26,ipv4,malicious-ip,medium,WHITE,ziyadnz/hourly-ipv4,ziyadnz|hourly,2026-08-17T18:48:05Z,2026-08-17T18:48:05Z,
184.178.172.28,ipv4,malicious-ip,medium,WHITE,ziyadnz/hourly-ipv4,ziyadnz|hourly,2026-08-17T18:48:05Z,2026-08-17T18:48:05Z,
184.178.172.3,ipv4,malicious-ip,medium,WHITE,ziyadnz/hourly-ipv4,ziyadnz|hourly,2026-08-17T18:48:05Z,2026-08-17T18:48:05Z,
184.178.172.5,ipv4,malicious-ip,medium,WHITE,ziyadnz/hourly-ipv4,ziyadnz|hourly,2026-08-17T18:48:05Z,2026-08-17T18:48:05Z,
184.179.21.244,ipv4,malicious-ip,medium,WHITE,ziyadnz/hourly-ipv4,ziyadnz|hourly,2026-08-17T18:48:05Z,2026-08-17T18:48:05Z,
184.181.108.232,ipv4,malicious-ip,medium,WHITE,ziyadnz/hourly-ipv4,ziyadnz|hourly,2026-08-17T18:48:05Z,2026-08-17T18:48:05Z,
184.181.217.210,ipv4,malicious-ip,medium,WHITE,ziyadnz/hourly-ipv4,ziyadnz|hourly,2026-08-17T18:48:05Z,2026-08-17T18:48:05Z,
184.181.217.213,ipv4,malicious-ip,medium,WHITE,ziyadnz/hourly-ipv4,ziyadnz|hourly,2026-08-17T18:48:05Z,2026-08-17T18:48:05Z,
184.181.36.192,ipv4,malicious-ip,medium,WHITE,ziyadnz/hourly-ipv4,ziyadnz|hourly,2026-08-17T18:48:05Z,2026-08-17T18:48:05Z,
184.185.30.182,ipv4,malicious-ip,medium,WHITE,ziyadnz/hourly-ipv4,ziyadnz|hourly,2026-08-17T18:48:05Z,2026-08-17T18:48:05Z,
184.186.102.208,ipv4,malicious-ip,medium,WHITE,ziyadnz/hourly-ipv4,ziyadnz|hourly,2026-08-17T18:48:05Z,2026-08-17T18:48:05Z,
184.186.73.0,ipv4,malicious-ip,medium,WHITE,ziyadnz/hourly-ipv4,ziyadnz|hourly,2026-08-17T18:48:05Z,2026-08-17T18:48:05Z,
184.186.73.106,ipv4,malicious-ip,medium,WHITE,ziyadnz/hourly-ipv4,ziyadnz|hourly,2026-08-17T18:48:05Z,2026-08-17T18:48:05Z,
184.186.73.70,ipv4,malicious-ip,medium,WHITE,ziyadnz/hourly-ipv4,ziyadnz|hourly,2026-08-17T18:48:05Z,2026-08-17T18:48:05Z,
184.186.73.72,ipv4,malicious-ip,medium,WHITE,ziyadnz/hourly-ipv4,ziyadnz|hourly,2026-08-17T18:48:05Z,2026-08-17T18:48:05Z,
184.186.73.81,ipv4,malicious-ip,medium,WHITE,ziyadnz/hourly-ipv4,ziyadnz|hourly,2026-08-17T18:48:05Z,2026-08-17T18:48:05Z,
184.189.6.211,ipv4,malicious-ip,medium,WHITE,ziyadnz/hourly-ipv4,ziyadnz|hourly,2026-08-17T18:48:05Z,2026-08-17T18:48:05Z,
184.22.248.186,ipv4,malicious-ip,medium,WHITE,ziyadnz/hourly-ipv4,ziyadnz|hourly,2026-08-17T18:48:05Z,2026-08-17T18:48:05Z,
184.54.240.144,ipv4,malicious-ip,medium,WHITE,ziyadnz/hourly-ipv4,ziyadnz|hourly,2026-08-17T18:48:05Z,2026-08-17T18:48:05Z,
184.56.204.230,ipv4,malicious-ip,medium,WHITE,ziyadnz/hourly-ipv4,ziyadnz|hourly,2026-08-17T18:48:05Z,2026-08-17T18:48:05Z,
184.56.209.120,ipv4,malicious-ip,medium,WHITE,ziyadnz/hourly-ipv4,ziyadnz|hourly,2026-08-17T18:48:05Z,2026-08-17T18:48:05Z,
184.56.75.116,ipv4,malicious-ip,medium,WHITE,ziyadnz/hourly-ipv4,ziyadnz|hourly,2026-08-17T18:48:05Z,2026-08-17T18:48:05Z,
184.57.97.210,ipv4,malicious-ip,medium,WHITE,ziyadnz/hourly-ipv4,ziyadnz|hourly,2026-08-17T18:48:05Z,2026-08-17T18:48:05Z,
184.58.208.61,ipv4,malicious-ip,medium,WHITE,ziyadnz/hourly-ipv4,ziyadnz|hourly,2026-08-17T18:48:05Z,2026-08-17T18:48:05Z,
184.58.6.24,ipv4,malicious-ip,medium,WHITE,ziyadnz/hourly-ipv4,ziyadnz|hourly,2026-08-17T18:48:05Z,2026-08-17T18:48:05Z,
184.64.126.221,ipv4,malicious-ip,medium,WHITE,ziyadnz/hourly-ipv4,ziyadnz|hourly,2026-08-17T18:48:05Z,2026-08-17T18:48:05Z,
184.66.96.83,ipv4,malicious-ip,medium,WHITE,ziyadnz/hourly-ipv4,ziyadnz|hourly,2026-08-17T18:48:05Z,2026-08-17T18:48:05Z,
184.67.141.110,ipv4,malicious-ip,medium,WHITE,ziyadnz/hourly-ipv4,ziyadnz|hourly,2026-08-17T18:48:05Z,2026-08-17T18:48:05Z,
184.70.159.86,ipv4,malicious-ip,medium,WHITE,ziyadnz/hourly-ipv4,ziyadnz|hourly,2026-08-17T18:48:05Z,2026-08-17T18:48:05Z,
184.71.121.54,ipv4,malicious-ip,medium,WHITE,ziyadnz/hourly-ipv4,ziyadnz|hourly,2026-08-17T18:48:05Z,2026-08-17T18:48:05Z,
184.72.120.145,ipv4,malicious-ip,medium,WHITE,ziyadnz/hourly-ipv4,ziyadnz|hourly,2026-08-17T18:48:05Z,2026-08-17T18:48:05Z,
184.72.121.94,ipv4,malicious-ip,medium,WHITE,ziyadnz/hourly-ipv4,ziyadnz|hourly,2026-08-17T18:48:05Z,2026-08-17T18:48:05Z,
184.72.203.238,ipv4,malicious-ip,medium,WHITE,ziyadnz/hourly-ipv4,ziyadnz|hourly,2026-08-17T18:48:05Z,2026-08-17T18:48:05Z,
184.72.64.42,ipv4,malicious-ip,medium,WHITE,ziyadnz/hourly-ipv4,ziyadnz|hourly,2026-08-17T18:48:05Z,2026-08-17T18:48:05Z,
184.72.84.154,ipv4,malicious-ip,medium,WHITE,ziyadnz/hourly-ipv4,ziyadnz|hourly,2026-08-17T18:48:05Z,2026-08-17T18:48:05Z,
184.72.95.195,ipv4,malicious-ip,medium,WHITE,ziyadnz/hourly-ipv4,ziyadnz|hourly,2026-08-17T18:48:05Z,2026-08-17T18:48:05Z,
184.73.12.79,ipv4,malicious-ip,medium,WHITE,ziyadnz/hourly-ipv4,ziyadnz|hourly,2026-08-17T18:48:05Z,2026-08-17T18:48:05Z,
184.73.137.109,ipv4,malicious-ip,medium,WHITE,ziyadnz/hourly-ipv4,ziyadnz|hourly,2026-08-17T18:48:05Z,2026-08-17T18:48:05Z,
184.73.195.18,ipv4,malicious-ip,medium,WHITE,ziyadnz/hourly-ipv4,ziyadnz|hourly,2026-08-17T18:48:05Z,2026-08-17T18:48:05Z,
184.73.239.35,ipv4,malicious-ip,medium,WHITE,ziyadnz/hourly-ipv4,ziyadnz|hourly,2026-08-17T18:48:05Z,2026-08-17T18:48:05Z,
184.73.35.182,ipv4,malicious-ip,medium,WHITE,ziyadnz/hourly-ipv4,ziyadnz|hourly,2026-08-17T18:48:05Z,2026-08-17T18:48:05Z,
184.73.47.24,ipv4,malicious-ip,medium,WHITE,ziyadnz/hourly-ipv4,ziyadnz|hourly,2026-08-17T18:48:05Z,2026-08-17T18:48:05Z,
184.73.68.20,ipv4,malicious-ip,medium,WHITE,ziyadnz/hourly-ipv4,ziyadnz|hourly,2026-08-17T18:48:05Z,2026-08-17T18:48:05Z,
184.75.134.59,ipv4,malicious-ip,medium,WHITE,ziyadnz/hourly-ipv4,ziyadnz|hourly,2026-08-17T18:48:05Z,2026-08-17T18:48:05Z,
184.82.188.31,ipv4,malicious-ip,medium,WHITE,ziyadnz/hourly-ipv4,ziyadnz|hourly,2026-08-17T18:48:05Z,2026-08-17T18:48:05Z,
184.82.249.13,ipv4,malicious-ip,medium,WHITE,ziyadnz/hourly-ipv4,ziyadnz|hourly,2026-08-17T18:48:05Z,2026-08-17T18:48:05Z,
184.82.28.26,ipv4,malicious-ip,medium,WHITE,ziyadnz/hourly-ipv4,ziyadnz|hourly,2026-08-17T18:48:05Z,2026-08-17T18:48:05Z,
184.82.28.53,ipv4,malicious-ip,medium,WHITE,ziyadnz/hourly-ipv4,ziyadnz|hourly,2026-08-17T18:48:05Z,2026-08-17T18:48:05Z,
184.82.31.187,ipv4,malicious-ip,medium,WHITE,ziyadnz/hourly-ipv4,ziyadnz|hourly,2026-08-17T18:48:05Z,2026-08-17T18:48:05Z,
184.83.227.142,ipv4,malicious-ip,medium,WHITE,ziyadnz/hourly-ipv4,ziyadnz|hourly,2026-08-17T18:48:05Z,2026-08-17T18:48:05Z,
184.93.106.83,ipv4,malicious-ip,medium,WHITE,ziyadnz/hourly-ipv4,ziyadnz|hourly,2026-08-17T18:48:05Z,2026-08-17T18:48:05Z,
184.93.27.94,ipv4,malicious-ip,medium,WHITE,ziyadnz/hourly-ipv4,ziyadnz|hourly,2026-08-17T18:48:05Z,2026-08-17T18:48:05Z,
184.93.4.133,ipv4,malicious-ip,medium,WHITE,ziyadnz/hourly-ipv4,ziyadnz|hourly,2026-08-17T18:48:05Z,2026-08-17T18:48:05Z,
184.93.46.19,ipv4,malicious-ip,medium,WHITE,ziyadnz/hourly-ipv4,ziyadnz|hourly,2026-08-17T18:48:05Z,2026-08-17T18:48:05Z,
184.93.52.4,ipv4,malicious-ip,medium,WHITE,ziyadnz/hourly-ipv4,ziyadnz|hourly,2026-08-17T18:48:05Z,2026-08-17T18:48:05Z,
184.94.177.184,ipv4,malicious-ip,medium,WHITE,ziyadnz/hourly-ipv4,ziyadnz|hourly,2026-08-17T18:48:05Z,2026-08-17T18:48:05Z,
184.94.212.254,ipv4,malicious-ip,medium,WHITE,ziyadnz/hourly-ipv4,ziyadnz|hourly,2026-08-17T18:48:05Z,2026-08-17T18:48:05Z,
184.94.212.80,ipv4,malicious-ip,medium,WHITE,ziyadnz/hourly-ipv4,ziyadnz|hourly,2026-08-17T18:48:05Z,2026-08-17T18:48:05Z,
184.95.51.165,ipv4,malicious-ip,medium,WHITE,ziyadnz/hourly-ipv4,ziyadnz|hourly,2026-08-17T18:48:05Z,2026-08-17T18:48:05Z,
185.10.63.235,ipv4,malicious-ip,medium,WHITE,ziyadnz/hourly-ipv4,ziyadnz|hourly,2026-08-17T18:48:05Z,2026-08-17T18:48:05Z,
185.10.68.127,ipv4,malicious-ip,medium,WHITE,ziyadnz/hourly-ipv4,ziyadnz|hourly,2026-08-17T18:48:05Z,2026-08-17T18:48:05Z,
185.10.68.213,ipv4,malicious-ip,medium,WHITE,ziyadnz/hourly-ipv4,ziyadnz|hourly,2026-08-17T18:48:05Z,2026-08-17T18:48:05Z,
185.100.157.74,ipv4,malicious-ip,medium,WHITE,ziyadnz/hourly-ipv4,ziyadnz|hourly,2026-08-17T18:48:05Z,2026-08-17T18:48:05Z,
185.100.212.141,ipv4,malicious-ip,medium,WHITE,ziyadnz/hourly-ipv4,ziyadnz|hourly,2026-08-17T18:48:05Z,2026-08-17T18:48:05Z,
185.100.215.213,ipv4,malicious-ip,medium,WHITE,ziyadnz/hourly-ipv4,ziyadnz|hourly,2026-08-17T18:48:05Z,2026-08-17T18:48:05Z,
185.100.27.203,ipv4,malicious-ip,medium,WHITE,ziyadnz/hourly-ipv4,ziyadnz|hourly,2026-08-17T18:48:05Z,2026-08-17T18:48:05Z,
185.100.85.132,ipv4,malicious-ip,medium,WHITE,ziyadnz/hourly-ipv4,ziyadnz|hourly,2026-08-17T18:48:05Z,2026-08-17T18:48:05Z,
185.100.85.24,ipv4,malicious-ip,medium,WHITE,ziyadnz/hourly-ipv4,ziyadnz|hourly,2026-08-17T18:48:05Z,2026-08-17T18:48:05Z,
185.100.85.25,ipv4,malicious-ip,medium,WHITE,ziyadnz/hourly-ipv4,ziyadnz|hourly,2026-08-17T18:48:05Z,2026-08-17T18:48:05Z,
185.100.86.121,ipv4,malicious-ip,medium,WHITE,ziyadnz/hourly-ipv4,ziyadnz|hourly,2026-08-17T18:48:05Z,2026-08-17T18:48:05Z,
185.100.87.116,ipv4,malicious-ip,medium,WHITE,ziyadnz/hourly-ipv4,ziyadnz|hourly,2026-08-17T18:48:05Z,2026-08-17T18:48:05Z,
185.100.87.136,ipv4,malicious-ip,medium,WHITE,ziyadnz/hourly-ipv4,ziyadnz|hourly,2026-08-17T18:48:05Z,2026-08-17T18:48:05Z,
185.100.87.140,ipv4,malicious-ip,medium,WHITE,ziyadnz/hourly-ipv4,ziyadnz|hourly,2026-08-17T18:48:05Z,2026-08-17T18:48:05Z,
185.100.87.166,ipv4,malicious-ip,medium,WHITE,ziyadnz/hourly-ipv4,ziyadnz|hourly,2026-08-17T18:48:05Z,2026-08-17T18:48:05Z,
185.100.87.174,ipv4,malicious-ip,medium,WHITE,ziyadnz/hourly-ipv4,ziyadnz|hourly,2026-08-17T18:48:05Z,2026-08-17T18:48:05Z,
185.100.87.192,ipv4,malicious-ip,medium,WHITE,ziyadnz/hourly-ipv4,ziyadnz|hourly,2026-08-17T18:48:05Z,2026-08-17T18:48:05Z,
185.100.87.223,ipv4,malicious-ip,medium,WHITE,ziyadnz/hourly-ipv4,ziyadnz|hourly,2026-08-17T18:48:05Z,2026-08-17T18:48:05Z,
185.100.87.250,ipv4,malicious-ip,medium,WHITE,ziyadnz/hourly-ipv4,ziyadnz|hourly,2026-08-17T18:48:05Z,2026-08-17T18:48:05Z,
185.100.87.41,ipv4,malicious-ip,medium,WHITE,ziyadnz/hourly-ipv4,ziyadnz|hourly,2026-08-17T18:48:05Z,2026-08-17T18:48:05Z,
185.101.227.175,ipv4,malicious-ip,medium,WHITE,ziyadnz/hourly-ipv4,ziyadnz|hourly,2026-08-17T18:48:05Z,2026-08-17T18:48:05Z,
185.102.115.85,ipv4,malicious-ip,medium,WHITE,ziyadnz/hourly-ipv4,ziyadnz|hourly,2026-08-17T18:48:05Z,2026-08-17T18:48:05Z,
185.102.119.227,ipv4,malicious-ip,medium,WHITE,ziyadnz/hourly-ipv4,ziyadnz|hourly,2026-08-17T18:48:05Z,2026-08-17T18:48:05Z,
185.102.171.115,ipv4,malicious-ip,medium,WHITE,ziyadnz/hourly-ipv4,ziyadnz|hourly,2026-08-17T18:48:05Z,2026-08-17T18:48:05Z,
185.102.171.116,ipv4,malicious-ip,medium,WHITE,ziyadnz/hourly-ipv4,ziyadnz|hourly,2026-08-17T18:48:05Z,2026-08-17T18:48:05Z,
185.102.78.177,ipv4,malicious-ip,medium,WHITE,ziyadnz/hourly-ipv4,ziyadnz|hourly,2026-08-17T18:48:05Z,2026-08-17T18:48:05Z,
185.103.109.113,ipv4,malicious-ip,medium,WHITE,ziyadnz/hourly-ipv4,ziyadnz|hourly,2026-08-17T18:48:05Z,2026-08-17T18:48:05Z,
185.103.167.173,ipv4,malicious-ip,medium,WHITE,ziyadnz/hourly-ipv4,ziyadnz|hourly,2026-08-17T18:48:05Z,2026-08-17T18:48:05Z,
185.103.168.69,ipv4,malicious-ip,medium,WHITE,ziyadnz/hourly-ipv4,ziyadnz|hourly,2026-08-17T18:48:05Z,2026-08-17T18:48:05Z,
185.103.202.198,ipv4,malicious-ip,medium,WHITE,ziyadnz/hourly-ipv4,ziyadnz|hourly,2026-08-17T18:48:05Z,2026-08-17T18:48:05Z,
185.103.255.38,ipv4,malicious-ip,medium,WHITE,ziyadnz/hourly-ipv4,ziyadnz|hourly,2026-08-17T18:48:05Z,2026-08-17T18:48:05Z,
185.103.89.110,ipv4,malicious-ip,medium,WHITE,ziyadnz/hourly-ipv4,ziyadnz|hourly,2026-08-17T18:48:05Z,2026-08-17T18:48:05Z,
185.103.89.117,ipv4,malicious-ip,medium,WHITE,ziyadnz/hourly-ipv4,ziyadnz|hourly,2026-08-17T18:48:05Z,2026-08-17T18:48:05Z,
185.103.89.118,ipv4,malicious-ip,medium,WHITE,ziyadnz/hourly-ipv4,ziyadnz|hourly,2026-08-17T18:48:05Z,2026-08-17T18:48:05Z,
185.103.89.127,ipv4,malicious-ip,medium,WHITE,ziyadnz/hourly-ipv4,ziyadnz|hourly,2026-08-17T18:48:05Z,2026-08-17T18:48:05Z,
185.103.89.96,ipv4,malicious-ip,medium,WHITE,ziyadnz/hourly-ipv4,ziyadnz|hourly,2026-08-17T18:48:05Z,2026-08-17T18:48:05Z,
185.104.184.206,ipv4,malicious-ip,medium,WHITE,ziyadnz/hourly-ipv4,ziyadnz|hourly,2026-08-17T18:48:05Z,2026-08-17T18:48:05Z,
185.104.194.156,ipv4,malicious-ip,medium,WHITE,ziyadnz/hourly-ipv4,ziyadnz|hourly,2026-08-17T18:48:05Z,2026-08-17T18:48:05Z,
185.104.194.24,ipv4,malicious-ip,medium,WHITE,ziyadnz/hourly-ipv4,ziyadnz|hourly,2026-08-17T18:48:05Z,2026-08-17T18:48:05Z,
185.104.194.40,ipv4,malicious-ip,medium,WHITE,ziyadnz/hourly-ipv4,ziyadnz|hourly,2026-08-17T18:48:05Z,2026-08-17T18:48:05Z,
185.104.30.123,ipv4,malicious-ip,medium,WHITE,ziyadnz/hourly-ipv4,ziyadnz|hourly,2026-08-17T18:48:05Z,2026-08-17T18:48:05Z,
185.104.30.135,ipv4,malicious-ip,medium,WHITE,ziyadnz/hourly-ipv4,ziyadnz|hourly,2026-08-17T18:48:05Z,2026-08-17T18:48:05Z,
185.104.63.215,ipv4,malicious-ip,medium,WHITE,ziyadnz/hourly-ipv4,ziyadnz|hourly,2026-08-17T18:48:05Z,2026-08-17T18:48:05Z,
185.105.1.243,ipv4,malicious-ip,medium,WHITE,ziyadnz/hourly-ipv4,ziyadnz|hourly,2026-08-17T18:48:05Z,2026-08-17T18:48:05Z,
185.105.117.55,ipv4,malicious-ip,medium,WHITE,ziyadnz/hourly-ipv4,ziyadnz|hourly,2026-08-17T18:48:05Z,2026-08-17T18:48:05Z,
185.105.141.231,ipv4,malicious-ip,medium,WHITE,ziyadnz/hourly-ipv4,ziyadnz|hourly,2026-08-17T18:48:05Z,2026-08-17T18:48:05Z,
185.105.88.194,ipv4,malicious-ip,medium,WHITE,ziyadnz/hourly-ipv4,ziyadnz|hourly,2026-08-17T18:48:05Z,2026-08-17T18:48:05Z,
185.106.102.102,ipv4,malicious-ip,medium,WHITE,ziyadnz/hourly-ipv4,ziyadnz|hourly,2026-08-17T18:48:05Z,2026-08-17T18:48:05Z,
185.106.123.238,ipv4,malicious-ip,medium,WHITE,ziyadnz/hourly-ipv4,ziyadnz|hourly,2026-08-17T18:48:05Z,2026-08-17T18:48:05Z,
185.106.177.26,ipv4,malicious-ip,medium,WHITE,ziyadnz/hourly-ipv4,ziyadnz|hourly,2026-08-17T18:48:05Z,2026-08-17T18:48:05Z,
185.106.29.184,ipv4,malicious-ip,medium,WHITE,ziyadnz/hourly-ipv4,ziyadnz|hourly,2026-08-17T18:48:05Z,2026-08-17T18:48:05Z,
185.106.29.187,ipv4,malicious-ip,medium,WHITE,ziyadnz/hourly-ipv4,ziyadnz|hourly,2026-08-17T18:48:05Z,2026-08-17T18:48:05Z,
185.106.29.188,ipv4,malicious-ip,medium,WHITE,ziyadnz/hourly-ipv4,ziyadnz|hourly,2026-08-17T18:48:05Z,2026-08-17T18:48:05Z,
185.106.29.190,ipv4,malicious-ip,medium,WHITE,ziyadnz/hourly-ipv4,ziyadnz|hourly,2026-08-17T18:48:05Z,2026-08-17T18:48:05Z,
185.106.29.191,ipv4,malicious-ip,medium,WHITE,ziyadnz/hourly-ipv4,ziyadnz|hourly,2026-08-17T18:48:05Z,2026-08-17T18:48:05Z,
185.106.93.154,ipv4,malicious-ip,medium,WHITE,ziyadnz/hourly-ipv4,ziyadnz|hourly,2026-08-17T18:48:05Z,2026-08-17T18:48:05Z,
185.106.93.193,ipv4,malicious-ip,medium,WHITE,ziyadnz/hourly-ipv4,ziyadnz|hourly,2026-08-17T18:48:05Z,2026-08-17T18:48:05Z,
185.106.94.146,ipv4,malicious-ip,medium,WHITE,ziyadnz/hourly-ipv4,ziyadnz|hourly,2026-08-17T18:48:05Z,2026-08-17T18:48:05Z,
185.106.94.194,ipv4,malicious-ip,medium,WHITE,ziyadnz/hourly-ipv4,ziyadnz|hourly,2026-08-17T18:48:05Z,2026-08-17T18:48:05Z,
185.106.94.215,ipv4,malicious-ip,medium,WHITE,ziyadnz/hourly-ipv4,ziyadnz|hourly,2026-08-17T18:48:05Z,2026-08-17T18:48:05Z,
185.106.96.111,ipv4,malicious-ip,medium,WHITE,ziyadnz/hourly-ipv4,ziyadnz|hourly,2026-08-17T18:48:05Z,2026-08-17T18:48:05Z,
185.106.96.23,ipv4,malicious-ip,medium,WHITE,ziyadnz/hourly-ipv4,ziyadnz|hourly,2026-08-17T18:48:05Z,2026-08-17T18:48:05Z,
185.107.70.202,ipv4,malicious-ip,medium,WHITE,ziyadnz/hourly-ipv4,ziyadnz|hourly,2026-08-17T18:48:05Z,2026-08-17T18:48:05Z,
185.107.74.40,ipv4,malicious-ip,medium,WHITE,ziyadnz/hourly-ipv4,ziyadnz|hourly,2026-08-17T18:48:05Z,2026-08-17T18:48:05Z,
185.108.209.231,ipv4,malicious-ip,medium,WHITE,ziyadnz/hourly-ipv4,ziyadnz|hourly,2026-08-17T18:48:05Z,2026-08-17T18:48:05Z,
185.109.19.176,ipv4,malicious-ip,medium,WHITE,ziyadnz/hourly-ipv4,ziyadnz|hourly,2026-08-17T18:48:05Z,2026-08-17T18:48:05Z,
185.109.21.157,ipv4,malicious-ip,medium,WHITE,ziyadnz/hourly-ipv4,ziyadnz|hourly,2026-08-17T18:48:05Z,2026-08-17T18:48:05Z,
185.109.21.18,ipv4,malicious-ip,medium,WHITE,ziyadnz/hourly-ipv4,ziyadnz|hourly,2026-08-17T18:48:05Z,2026-08-17T18:48:05Z,
185.109.54.137,ipv4,malicious-ip,medium,WHITE,ziyadnz/hourly-ipv4,ziyadnz|hourly,2026-08-17T18:48:05Z,2026-08-17T18:48:05Z,
185.109.54.193,ipv4,malicious-ip,medium,WHITE,ziyadnz/hourly-ipv4,ziyadnz|hourly,2026-08-17T18:48:05Z,2026-08-17T18:48:05Z,
185.109.54.60,ipv4,malicious-ip,medium,WHITE,ziyadnz/hourly-ipv4,ziyadnz|hourly,2026-08-17T18:48:05Z,2026-08-17T18:48:05Z,
185.109.55.150,ipv4,malicious-ip,medium,WHITE,ziyadnz/hourly-ipv4,ziyadnz|hourly,2026-08-17T18:48:05Z,2026-08-17T18:48:05Z,
185.11.145.254,ipv4,malicious-ip,medium,WHITE,ziyadnz/hourly-ipv4,ziyadnz|hourly,2026-08-17T18:48:05Z,2026-08-17T18:48:05Z,
185.11.247.175,ipv4,malicious-ip,medium,WHITE,ziyadnz/hourly-ipv4,ziyadnz|hourly,2026-08-17T18:48:05Z,2026-08-17T18:48:05Z,
185.11.61.149,ipv4,malicious-ip,medium,WHITE,ziyadnz/hourly-ipv4,ziyadnz|hourly,2026-08-17T18:48:05Z,2026-08-17T18:48:05Z,
185.11.61.190,ipv4,malicious-ip,medium,WHITE,ziyadnz/hourly-ipv4,ziyadnz|hourly,2026-08-17T18:48:05Z,2026-08-17T18:48:05Z,
185.110.242.208,ipv4,malicious-ip,medium,WHITE,ziyadnz/hourly-ipv4,ziyadnz|hourly,2026-08-17T18:48:05Z,2026-08-17T18:48:05Z,
185.110.92.41,ipv4,malicious-ip,medium,WHITE,ziyadnz/hourly-ipv4,ziyadnz|hourly,2026-08-17T18:48:05Z,2026-08-17T18:48:05Z,
185.111.118.165,ipv4,malicious-ip,medium,WHITE,ziyadnz/hourly-ipv4,ziyadnz|hourly,2026-08-17T18:48:05Z,2026-08-17T18:48:05Z,
185.111.208.130,ipv4,malicious-ip,medium,WHITE,ziyadnz/hourly-ipv4,ziyadnz|hourly,2026-08-17T18:48:05Z,2026-08-17T18:48:05Z,
185.111.209.32,ipv4,malicious-ip,medium,WHITE,ziyadnz/hourly-ipv4,ziyadnz|hourly,2026-08-17T18:48:05Z,2026-08-17T18:48:05Z,
185.111.81.75,ipv4,malicious-ip,medium,WHITE,ziyadnz/hourly-ipv4,ziyadnz|hourly,2026-08-17T18:48:05Z,2026-08-17T18:48:05Z,
185.112.101.62,ipv4,malicious-ip,medium,WHITE,ziyadnz/hourly-ipv4,ziyadnz|hourly,2026-08-17T18:48:05Z,2026-08-17T18:48:05Z,
185.112.144.11,ipv4,malicious-ip,medium,WHITE,ziyadnz/hourly-ipv4,ziyadnz|hourly,2026-08-17T18:48:05Z,2026-08-17T18:48:05Z,
185.112.146.167,ipv4,malicious-ip,medium,WHITE,ziyadnz/hourly-ipv4,ziyadnz|hourly,2026-08-17T18:48:05Z,2026-08-17T18:48:05Z,
185.112.158.54,ipv4,malicious-ip,medium,WHITE,ziyadnz/hourly-ipv4,ziyadnz|hourly,2026-08-17T18:48:05Z,2026-08-17T18:48:05Z,
185.112.33.84,ipv4,malicious-ip,medium,WHITE,ziyadnz/hourly-ipv4,ziyadnz|hourly,2026-08-17T18:48:05Z,2026-08-17T18:48:05Z,
185.112.39.190,ipv4,malicious-ip,medium,WHITE,ziyadnz/hourly-ipv4,ziyadnz|hourly,2026-08-17T18:48:05Z,2026-08-17T18:48:05Z,
185.112.59.9,ipv4,malicious-ip,medium,WHITE,ziyadnz/hourly-ipv4,ziyadnz|hourly,2026-08-17T18:48:05Z,2026-08-17T18:48:05Z,
185.112.83.106,ipv4,malicious-ip,medium,WHITE,ziyadnz/hourly-ipv4,ziyadnz|hourly,2026-08-17T18:48:05Z,2026-08-17T18:48:05Z,
185.112.83.15,ipv4,malicious-ip,medium,WHITE,ziyadnz/hourly-ipv4,ziyadnz|hourly,2026-08-17T18:48:05Z,2026-08-17T18:48:05Z,
185.113.139.51,ipv4,malicious-ip,medium,WHITE,ziyadnz/hourly-ipv4,ziyadnz|hourly,2026-08-17T18:48:05Z,2026-08-17T18:48:05Z,
185.113.139.84,ipv4,malicious-ip,medium,WHITE,ziyadnz/hourly-ipv4,ziyadnz|hourly,2026-08-17T18:48:05Z,2026-08-17T18:48:05Z,
185.113.244.23,ipv4,malicious-ip,medium,WHITE,ziyadnz/hourly-ipv4,ziyadnz|hourly,2026-08-17T18:48:05Z,2026-08-17T18:48:05Z,
185.113.8.67,ipv4,malicious-ip,medium,WHITE,ziyadnz/hourly-ipv4,ziyadnz|hourly,2026-08-17T18:48:05Z,2026-08-17T18:48:05Z,
185.113.8.83,ipv4,malicious-ip,medium,WHITE,ziyadnz/hourly-ipv4,ziyadnz|hourly,2026-08-17T18:48:05Z,2026-08-17T18:48:05Z,
185.114.72.26,ipv4,malicious-ip,medium,WHITE,ziyadnz/hourly-ipv4,ziyadnz|hourly,2026-08-17T18:48:05Z,2026-08-17T18:48:05Z,
185.116.161.213,ipv4,malicious-ip,medium,WHITE,ziyadnz/hourly-ipv4,ziyadnz|hourly,2026-08-17T18:48:05Z,2026-08-17T18:48:05Z,
185.116.163.22,ipv4,malicious-ip,medium,WHITE,ziyadnz/hourly-ipv4,ziyadnz|hourly,2026-08-17T18:48:05Z,2026-08-17T18:48:05Z,
185.116.164.69,ipv4,malicious-ip,medium,WHITE,ziyadnz/hourly-ipv4,ziyadnz|hourly,2026-08-17T18:48:05Z,2026-08-17T18:48:05Z,
185.116.229.111,ipv4,malicious-ip,medium,WHITE,ziyadnz/hourly-ipv4,ziyadnz|hourly,2026-08-17T18:48:05Z,2026-08-17T18:48:05Z,
185.117.153.20,ipv4,malicious-ip,medium,WHITE,ziyadnz/hourly-ipv4,ziyadnz|hourly,2026-08-17T18:48:05Z,2026-08-17T18:48:05Z,
185.117.170.114,ipv4,malicious-ip,medium,WHITE,ziyadnz/hourly-ipv4,ziyadnz|hourly,2026-08-17T18:48:05Z,2026-08-17T18:48:05Z,
185.117.215.9,ipv4,malicious-ip,medium,WHITE,ziyadnz/hourly-ipv4,ziyadnz|hourly,2026-08-17T18:48:05Z,2026-08-17T18:48:05Z,
185.117.3.3,ipv4,malicious-ip,medium,WHITE,ziyadnz/hourly-ipv4,ziyadnz|hourly,2026-08-17T18:48:05Z,2026-08-17T18:48:05Z,
185.117.72.190,ipv4,malicious-ip,medium,WHITE,ziyadnz/hourly-ipv4,ziyadnz|hourly,2026-08-17T18:48:05Z,2026-08-17T18:48:05Z,
185.117.72.215,ipv4,malicious-ip,medium,WHITE,ziyadnz/hourly-ipv4,ziyadnz|hourly,2026-08-17T18:48:05Z,2026-08-17T18:48:05Z,
185.117.72.44,ipv4,malicious-ip,medium,WHITE,ziyadnz/hourly-ipv4,ziyadnz|hourly,2026-08-17T18:48:05Z,2026-08-17T18:48:05Z,
185.117.74.54,ipv4,malicious-ip,medium,WHITE,ziyadnz/hourly-ipv4,ziyadnz|hourly,2026-08-17T18:48:05Z,2026-08-17T18:48:05Z,
185.117.75.105,ipv4,malicious-ip,medium,WHITE,ziyadnz/hourly-ipv4,ziyadnz|hourly,2026-08-17T18:48:05Z,2026-08-17T18:48:05Z,
185.117.88.17,ipv4,malicious-ip,medium,WHITE,ziyadnz/hourly-ipv4,ziyadnz|hourly,2026-08-17T18:48:05Z,2026-08-17T18:48:05Z,
185.117.88.214,ipv4,malicious-ip,medium,WHITE,ziyadnz/hourly-ipv4,ziyadnz|hourly,2026-08-17T18:48:05Z,2026-08-17T18:48:05Z,
185.117.90.212,ipv4,malicious-ip,medium,WHITE,ziyadnz/hourly-ipv4,ziyadnz|hourly,2026-08-17T18:48:05Z,2026-08-17T18:48:05Z,
185.117.91.165,ipv4,malicious-ip,medium,WHITE,ziyadnz/hourly-ipv4,ziyadnz|hourly,2026-08-17T18:48:05Z,2026-08-17T18:48:05Z,
185.117.91.237,ipv4,malicious-ip,medium,WHITE,ziyadnz/hourly-ipv4,ziyadnz|hourly,2026-08-17T18:48:05Z,2026-08-17T18:48:05Z,
185.119.90.69,ipv4,malicious-ip,medium,WHITE,ziyadnz/hourly-ipv4,ziyadnz|hourly,2026-08-17T18:48:05Z,2026-08-17T18:48:05Z,
185.12.14.13,ipv4,malicious-ip,medium,WHITE,ziyadnz/hourly-ipv4,ziyadnz|hourly,2026-08-17T18:48:05Z,2026-08-17T18:48:05Z,
185.12.142.129,ipv4,malicious-ip,medium,WHITE,ziyadnz/hourly-ipv4,ziyadnz|hourly,2026-08-17T18:48:05Z,2026-08-17T18:48:05Z,
185.12.59.118,ipv4,malicious-ip,medium,WHITE,ziyadnz/hourly-ipv4,ziyadnz|hourly,2026-08-17T18:48:05Z,2026-08-17T18:48:05Z,
185.121.1.5,ipv4,malicious-ip,medium,WHITE,ziyadnz/hourly-ipv4,ziyadnz|hourly,2026-08-17T18:48:05Z,2026-08-17T18:48:05Z,
185.121.110.227,ipv4,malicious-ip,medium,WHITE,ziyadnz/hourly-ipv4,ziyadnz|hourly,2026-08-17T18:48:05Z,2026-08-17T18:48:05Z,
185.121.15.184,ipv4,malicious-ip,medium,WHITE,ziyadnz/hourly-ipv4,ziyadnz|hourly,2026-08-17T18:48:05Z,2026-08-17T18:48:05Z,
185.121.168.90,ipv4,malicious-ip,medium,WHITE,ziyadnz/hourly-ipv4,ziyadnz|hourly,2026-08-17T18:48:05Z,2026-08-17T18:48:05Z,
185.121.168.91,ipv4,malicious-ip,medium,WHITE,ziyadnz/hourly-ipv4,ziyadnz|hourly,2026-08-17T18:48:05Z,2026-08-17T18:48:05Z,
185.121.170.60,ipv4,malicious-ip,medium,WHITE,ziyadnz/hourly-ipv4,ziyadnz|hourly,2026-08-17T18:48:05Z,2026-08-17T18:48:05Z,
185.121.170.61,ipv4,malicious-ip,medium,WHITE,ziyadnz/hourly-ipv4,ziyadnz|hourly,2026-08-17T18:48:05Z,2026-08-17T18:48:05Z,
185.121.233.78,ipv4,malicious-ip,medium,WHITE,ziyadnz/hourly-ipv4,ziyadnz|hourly,2026-08-17T18:48:05Z,2026-08-17T18:48:05Z,
185.122.164.213,ipv4,malicious-ip,medium,WHITE,ziyadnz/hourly-ipv4,ziyadnz|hourly,2026-08-17T18:48:05Z,2026-08-17T18:48:05Z,
185.122.164.218,ipv4,malicious-ip,medium,WHITE,ziyadnz/hourly-ipv4,ziyadnz|hourly,2026-08-17T18:48:05Z,2026-08-17T18:48:05Z,
185.122.166.180,ipv4,malicious-ip,medium,WHITE,ziyadnz/hourly-ipv4,ziyadnz|hourly,2026-08-17T18:48:05Z,2026-08-17T18:48:05Z,
185.122.166.71,ipv4,malicious-ip,medium,WHITE,ziyadnz/hourly-ipv4,ziyadnz|hourly,2026-08-17T18:48:05Z,2026-08-17T18:48:05Z,
185.122.204.197,ipv4,malicious-ip,medium,WHITE,ziyadnz/hourly-ipv4,ziyadnz|hourly,2026-08-17T18:48:05Z,2026-08-17T18:48:05Z,
185.123.100.160,ipv4,malicious-ip,medium,WHITE,ziyadnz/hourly-ipv4,ziyadnz|hourly,2026-08-17T18:48:05Z,2026-08-17T18:48:05Z,
185.123.53.49,ipv4,malicious-ip,medium,WHITE,ziyadnz/hourly-ipv4,ziyadnz|hourly,2026-08-17T18:48:05Z,2026-08-17T18:48:05Z,
185.124.154.244,ipv4,malicious-ip,medium,WHITE,ziyadnz/hourly-ipv4,ziyadnz|hourly,2026-08-17T18:48:05Z,2026-08-17T18:48:05Z,
185.124.182.0,ipv4,malicious-ip,medium,WHITE,ziyadnz/hourly-ipv4,ziyadnz|hourly,2026-08-17T18:48:05Z,2026-08-17T18:48:05Z,
185.124.182.133,ipv4,malicious-ip,medium,WHITE,ziyadnz/hourly-ipv4,ziyadnz|hourly,2026-08-17T18:48:05Z,2026-08-17T18:48:05Z,
185.124.182.142,ipv4,malicious-ip,medium,WHITE,ziyadnz/hourly-ipv4,ziyadnz|hourly,2026-08-17T18:48:05Z,2026-08-17T18:48:05Z,
185.124.182.144,ipv4,malicious-ip,medium,WHITE,ziyadnz/hourly-ipv4,ziyadnz|hourly,2026-08-17T18:48:05Z,2026-08-17T18:48:05Z,
185.124.182.171,ipv4,malicious-ip,medium,WHITE,ziyadnz/hourly-ipv4,ziyadnz|hourly,2026-08-17T18:48:05Z,2026-08-17T18:48:05Z,
185.124.182.179,ipv4,malicious-ip,medium,WHITE,ziyadnz/hourly-ipv4,ziyadnz|hourly,2026-08-17T18:48:05Z,2026-08-17T18:48:05Z,
185.124.182.88,ipv4,malicious-ip,medium,WHITE,ziyadnz/hourly-ipv4,ziyadnz|hourly,2026-08-17T18:48:05Z,2026-08-17T18:48:05Z,
185.124.84.114,ipv4,malicious-ip,medium,WHITE,ziyadnz/hourly-ipv4,ziyadnz|hourly,2026-08-17T18:48:05Z,2026-08-17T18:48:05Z,
185.125.100.81,ipv4,malicious-ip,medium,WHITE,ziyadnz/hourly-ipv4,ziyadnz|hourly,2026-08-17T18:48:05Z,2026-08-17T18:48:05Z,
185.125.169.75,ipv4,malicious-ip,medium,WHITE,ziyadnz/hourly-ipv4,ziyadnz|hourly,2026-08-17T18:48:05Z,2026-08-17T18:48:05Z,
185.125.230.116,ipv4,malicious-ip,medium,WHITE,ziyadnz/hourly-ipv4,ziyadnz|hourly,2026-08-17T18:48:05Z,2026-08-17T18:48:05Z,
185.125.230.216,ipv4,malicious-ip,medium,WHITE,ziyadnz/hourly-ipv4,ziyadnz|hourly,2026-08-17T18:48:05Z,2026-08-17T18:48:05Z,
185.125.230.220,ipv4,malicious-ip,medium,WHITE,ziyadnz/hourly-ipv4,ziyadnz|hourly,2026-08-17T18:48:05Z,2026-08-17T18:48:05Z,
185.125.230.224,ipv4,malicious-ip,medium,WHITE,ziyadnz/hourly-ipv4,ziyadnz|hourly,2026-08-17T18:48:05Z,2026-08-17T18:48:05Z,
185.125.27.55,ipv4,malicious-ip,medium,WHITE,ziyadnz/hourly-ipv4,ziyadnz|hourly,2026-08-17T18:48:05Z,2026-08-17T18:48:05Z,
185.125.4.14,ipv4,malicious-ip,medium,WHITE,ziyadnz/hourly-ipv4,ziyadnz|hourly,2026-08-17T18:48:05Z,2026-08-17T18:48:05Z,
185.125.4.17,ipv4,malicious-ip,medium,WHITE,ziyadnz/hourly-ipv4,ziyadnz|hourly,2026-08-17T18:48:05Z,2026-08-17T18:48:05Z,
185.125.4.5,ipv4,malicious-ip,medium,WHITE,ziyadnz/hourly-ipv4,ziyadnz|hourly,2026-08-17T18:48:05Z,2026-08-17T18:48:05Z,
185.125.50.2,ipv4,malicious-ip,medium,WHITE,ziyadnz/hourly-ipv4,ziyadnz|hourly,2026-08-17T18:48:05Z,2026-08-17T18:48:05Z,
185.125.72.170,ipv4,malicious-ip,medium,WHITE,ziyadnz/hourly-ipv4,ziyadnz|hourly,2026-08-17T18:48:05Z,2026-08-17T18:48:05Z,
185.126.114.143,ipv4,malicious-ip,medium,WHITE,ziyadnz/hourly-ipv4,ziyadnz|hourly,2026-08-17T18:48:05Z,2026-08-17T18:48:05Z,
185.126.129.87,ipv4,malicious-ip,medium,WHITE,ziyadnz/hourly-ipv4,ziyadnz|hourly,2026-08-17T18:48:05Z,2026-08-17T18:48:05Z,
185.126.181.45,ipv4,malicious-ip,medium,WHITE,ziyadnz/hourly-ipv4,ziyadnz|hourly,2026-08-17T18:48:05Z,2026-08-17T18:48:05Z,
185.126.236.17,ipv4,malicious-ip,medium,WHITE,ziyadnz/hourly-ipv4,ziyadnz|hourly,2026-08-17T18:48:05Z,2026-08-17T18:48:05Z,
185.126.6.216,ipv4,malicious-ip,medium,WHITE,ziyadnz/hourly-ipv4,ziyadnz|hourly,2026-08-17T18:48:05Z,2026-08-17T18:48:05Z,
185.126.6.217,ipv4,malicious-ip,medium,WHITE,ziyadnz/hourly-ipv4,ziyadnz|hourly,2026-08-17T18:48:05Z,2026-08-17T18:48:05Z,
185.128.227.28,ipv4,malicious-ip,medium,WHITE,ziyadnz/hourly-ipv4,ziyadnz|hourly,2026-08-17T18:48:05Z,2026-08-17T18:48:05Z,
185.128.9.229,ipv4,malicious-ip,medium,WHITE,ziyadnz/hourly-ipv4,ziyadnz|hourly,2026-08-17T18:48:05Z,2026-08-17T18:48:05Z,
185.129.0.108,ipv4,malicious-ip,medium,WHITE,ziyadnz/hourly-ipv4,ziyadnz|hourly,2026-08-17T18:48:05Z,2026-08-17T18:48:05Z,
185.129.51.20,ipv4,malicious-ip,medium,WHITE,ziyadnz/hourly-ipv4,ziyadnz|hourly,2026-08-17T18:48:05Z,2026-08-17T18:48:05Z,
185.129.61.1,ipv4,malicious-ip,medium,WHITE,ziyadnz/hourly-ipv4,ziyadnz|hourly,2026-08-17T18:48:05Z,2026-08-17T18:48:05Z,
185.129.61.10,ipv4,malicious-ip,medium,WHITE,ziyadnz/hourly-ipv4,ziyadnz|hourly,2026-08-17T18:48:05Z,2026-08-17T18:48:05Z,
185.129.61.129,ipv4,malicious-ip,medium,WHITE,ziyadnz/hourly-ipv4,ziyadnz|hourly,2026-08-17T18:48:05Z,2026-08-17T18:48:05Z,
185.129.61.2,ipv4,malicious-ip,medium,WHITE,ziyadnz/hourly-ipv4,ziyadnz|hourly,2026-08-17T18:48:05Z,2026-08-17T18:48:05Z,
185.129.61.5,ipv4,malicious-ip,medium,WHITE,ziyadnz/hourly-ipv4,ziyadnz|hourly,2026-08-17T18:48:05Z,2026-08-17T18:48:05Z,
185.129.61.6,ipv4,malicious-ip,medium,WHITE,ziyadnz/hourly-ipv4,ziyadnz|hourly,2026-08-17T18:48:05Z,2026-08-17T18:48:05Z,
185.129.61.7,ipv4,malicious-ip,medium,WHITE,ziyadnz/hourly-ipv4,ziyadnz|hourly,2026-08-17T18:48:05Z,2026-08-17T18:48:05Z,
185.129.61.8,ipv4,malicious-ip,medium,WHITE,ziyadnz/hourly-ipv4,ziyadnz|hourly,2026-08-17T18:48:05Z,2026-08-17T18:48:05Z,
185.129.61.9,ipv4,malicious-ip,medium,WHITE,ziyadnz/hourly-ipv4,ziyadnz|hourly,2026-08-17T18:48:05Z,2026-08-17T18:48:05Z,
185.129.62.62,ipv4,malicious-ip,medium,WHITE,ziyadnz/hourly-ipv4,ziyadnz|hourly,2026-08-17T18:48:05Z,2026-08-17T18:48:05Z,
185.129.62.63,ipv4,malicious-ip,medium,WHITE,ziyadnz/hourly-ipv4,ziyadnz|hourly,2026-08-17T18:48:05Z,2026-08-17T18:48:05Z,
185.129.62.64,ipv4,malicious-ip,medium,WHITE,ziyadnz/hourly-ipv4,ziyadnz|hourly,2026-08-17T18:48:05Z,2026-08-17T18:48:05Z,
185.13.200.114,ipv4,malicious-ip,medium,WHITE,ziyadnz/hourly-ipv4,ziyadnz|hourly,2026-08-17T18:48:05Z,2026-08-17T18:48:05Z,
185.13.45.243,ipv4,malicious-ip,medium,WHITE,ziyadnz/hourly-ipv4,ziyadnz|hourly,2026-08-17T18:48:05Z,2026-08-17T18:48:05Z,
185.130.136.184,ipv4,malicious-ip,medium,WHITE,ziyadnz/hourly-ipv4,ziyadnz|hourly,2026-08-17T18:48:05Z,2026-08-17T18:48:05Z,
185.130.153.110,ipv4,malicious-ip,medium,WHITE,ziyadnz/hourly-ipv4,ziyadnz|hourly,2026-08-17T18:48:05Z,2026-08-17T18:48:05Z,
185.130.153.155,ipv4,malicious-ip,medium,WHITE,ziyadnz/hourly-ipv4,ziyadnz|hourly,2026-08-17T18:48:05Z,2026-08-17T18:48:05Z,
185.130.226.71,ipv4,malicious-ip,medium,WHITE,ziyadnz/hourly-ipv4,ziyadnz|hourly,2026-08-17T18:48:05Z,2026-08-17T18:48:05Z,
185.130.227.29,ipv4,malicious-ip,medium,WHITE,ziyadnz/hourly-ipv4,ziyadnz|hourly,2026-08-17T18:48:05Z,2026-08-17T18:48:05Z,
185.130.227.88,ipv4,malicious-ip,medium,WHITE,ziyadnz/hourly-ipv4,ziyadnz|hourly,2026-08-17T18:48:05Z,2026-08-17T18:48:05Z,
185.130.227.95,ipv4,malicious-ip,medium,WHITE,ziyadnz/hourly-ipv4,ziyadnz|hourly,2026-08-17T18:48:05Z,2026-08-17T18:48:05Z,
185.130.45.34,ipv4,malicious-ip,medium,WHITE,ziyadnz/hourly-ipv4,ziyadnz|hourly,2026-08-17T18:48:05Z,2026-08-17T18:48:05Z,
185.130.46.165,ipv4,malicious-ip,medium,WHITE,ziyadnz/hourly-ipv4,ziyadnz|hourly,2026-08-17T18:48:05Z,2026-08-17T18:48:05Z,
185.130.46.202,ipv4,malicious-ip,medium,WHITE,ziyadnz/hourly-ipv4,ziyadnz|hourly,2026-08-17T18:48:05Z,2026-08-17T18:48:05Z,
185.130.46.214,ipv4,malicious-ip,medium,WHITE,ziyadnz/hourly-ipv4,ziyadnz|hourly,2026-08-17T18:48:05Z,2026-08-17T18:48:05Z,
185.130.47.58,ipv4,malicious-ip,medium,WHITE,ziyadnz/hourly-ipv4,ziyadnz|hourly,2026-08-17T18:48:05Z,2026-08-17T18:48:05Z,
185.130.50.204,ipv4,malicious-ip,medium,WHITE,ziyadnz/hourly-ipv4,ziyadnz|hourly,2026-08-17T18:48:05Z,2026-08-17T18:48:05Z,
185.130.58.214,ipv4,malicious-ip,medium,WHITE,ziyadnz/hourly-ipv4,ziyadnz|hourly,2026-08-17T18:48:05Z,2026-08-17T18:48:05Z,
185.130.61.154,ipv4,malicious-ip,medium,WHITE,ziyadnz/hourly-ipv4,ziyadnz|hourly,2026-08-17T18:48:05Z,2026-08-17T18:48:05Z,
185.131.144.55,ipv4,malicious-ip,medium,WHITE,ziyadnz/hourly-ipv4,ziyadnz|hourly,2026-08-17T18:48:05Z,2026-08-17T18:48:05Z,
185.131.240.7,ipv4,malicious-ip,medium,WHITE,ziyadnz/hourly-ipv4,ziyadnz|hourly,2026-08-17T18:48:05Z,2026-08-17T18:48:05Z,
185.131.241.201,ipv4,malicious-ip,medium,WHITE,ziyadnz/hourly-ipv4,ziyadnz|hourly,2026-08-17T18:48:05Z,2026-08-17T18:48:05Z,
185.132.125.72,ipv4,malicious-ip,medium,WHITE,ziyadnz/hourly-ipv4,ziyadnz|hourly,2026-08-17T18:48:05Z,2026-08-17T18:48:05Z,
185.132.127.205,ipv4,malicious-ip,medium,WHITE,ziyadnz/hourly-ipv4,ziyadnz|hourly,2026-08-17T18:48:05Z,2026-08-17T18:48:05Z,
185.132.132.32,ipv4,malicious-ip,medium,WHITE,ziyadnz/hourly-ipv4,ziyadnz|hourly,2026-08-17T18:48:05Z,2026-08-17T18:48:05Z,
185.132.17.160,ipv4,malicious-ip,medium,WHITE,ziyadnz/hourly-ipv4,ziyadnz|hourly,2026-08-17T18:48:05Z,2026-08-17T18:48:05Z,
185.132.46.108,ipv4,malicious-ip,medium,WHITE,ziyadnz/hourly-ipv4,ziyadnz|hourly,2026-08-17T18:48:05Z,2026-08-17T18:48:05Z,
185.132.53.11,ipv4,malicious-ip,medium,WHITE,ziyadnz/hourly-ipv4,ziyadnz|hourly,2026-08-17T18:48:05Z,2026-08-17T18:48:05Z,
185.132.53.121,ipv4,malicious-ip,medium,WHITE,ziyadnz/hourly-ipv4,ziyadnz|hourly,2026-08-17T18:48:05Z,2026-08-17T18:48:05Z,
185.132.53.174,ipv4,malicious-ip,medium,WHITE,ziyadnz/hourly-ipv4,ziyadnz|hourly,2026-08-17T18:48:05Z,2026-08-17T18:48:05Z,
185.132.53.226,ipv4,malicious-ip,medium,WHITE,ziyadnz/hourly-ipv4,ziyadnz|hourly,2026-08-17T18:48:05Z,2026-08-17T18:48:05Z,
185.132.53.27,ipv4,malicious-ip,medium,WHITE,ziyadnz/hourly-ipv4,ziyadnz|hourly,2026-08-17T18:48:05Z,2026-08-17T18:48:05Z,
185.132.53.45,ipv4,malicious-ip,medium,WHITE,ziyadnz/hourly-ipv4,ziyadnz|hourly,2026-08-17T18:48:05Z,2026-08-17T18:48:05Z,
185.132.53.46,ipv4,malicious-ip,medium,WHITE,ziyadnz/hourly-ipv4,ziyadnz|hourly,2026-08-17T18:48:05Z,2026-08-17T18:48:05Z,
185.132.53.47,ipv4,malicious-ip,medium,WHITE,ziyadnz/hourly-ipv4,ziyadnz|hourly,2026-08-17T18:48:05Z,2026-08-17T18:48:05Z,
185.132.53.58,ipv4,malicious-ip,medium,WHITE,ziyadnz/hourly-ipv4,ziyadnz|hourly,2026-08-17T18:48:05Z,2026-08-17T18:48:05Z,
185.133.173.243,ipv4,malicious-ip,medium,WHITE,ziyadnz/hourly-ipv4,ziyadnz|hourly,2026-08-17T18:48:05Z,2026-08-17T18:48:05Z,
185.133.212.238,ipv4,malicious-ip,medium,WHITE,ziyadnz/hourly-ipv4,ziyadnz|hourly,2026-08-17T18:48:05Z,2026-08-17T18:48:05Z,
185.133.212.78,ipv4,malicious-ip,medium,WHITE,ziyadnz/hourly-ipv4,ziyadnz|hourly,2026-08-17T18:48:05Z,2026-08-17T18:48:05Z,
185.133.42.113,ipv4,malicious-ip,medium,WHITE,ziyadnz/hourly-ipv4,ziyadnz|hourly,2026-08-17T18:48:05Z,2026-08-17T18:48:05Z,
185.135.150.194,ipv4,malicious-ip,medium,WHITE,ziyadnz/hourly-ipv4,ziyadnz|hourly,2026-08-17T18:48:05Z,2026-08-17T18:48:05Z,
185.135.86.149,ipv4,malicious-ip,medium,WHITE,ziyadnz/hourly-ipv4,ziyadnz|hourly,2026-08-17T18:48:05Z,2026-08-17T18:48:05Z,
185.136.15.10,ipv4,malicious-ip,medium,WHITE,ziyadnz/hourly-ipv4,ziyadnz|hourly,2026-08-17T18:48:05Z,2026-08-17T18:48:05Z,
185.136.15.11,ipv4,malicious-ip,medium,WHITE,ziyadnz/hourly-ipv4,ziyadnz|hourly,2026-08-17T18:48:05Z,2026-08-17T18:48:05Z,
185.136.15.111,ipv4,malicious-ip,medium,WHITE,ziyadnz/hourly-ipv4,ziyadnz|hourly,2026-08-17T18:48:05Z,2026-08-17T18:48:05Z,
185.136.15.12,ipv4,malicious-ip,medium,WHITE,ziyadnz/hourly-ipv4,ziyadnz|hourly,2026-08-17T18:48:05Z,2026-08-17T18:48:05Z,
185.136.15.13,ipv4,malicious-ip,medium,WHITE,ziyadnz/hourly-ipv4,ziyadnz|hourly,2026-08-17T18:48:05Z,2026-08-17T18:48:05Z,
185.136.15.77,ipv4,malicious-ip,medium,WHITE,ziyadnz/hourly-ipv4,ziyadnz|hourly,2026-08-17T18:48:05Z,2026-08-17T18:48:05Z,
185.136.15.80,ipv4,malicious-ip,medium,WHITE,ziyadnz/hourly-ipv4,ziyadnz|hourly,2026-08-17T18:48:05Z,2026-08-17T18:48:05Z,
185.136.151.235,ipv4,malicious-ip,medium,WHITE,ziyadnz/hourly-ipv4,ziyadnz|hourly,2026-08-17T18:48:05Z,2026-08-17T18:48:05Z,
185.136.163.129,ipv4,malicious-ip,medium,WHITE,ziyadnz/hourly-ipv4,ziyadnz|hourly,2026-08-17T18:48:05Z,2026-08-17T18:48:05Z,
185.136.192.85,ipv4,malicious-ip,medium,WHITE,ziyadnz/hourly-ipv4,ziyadnz|hourly,2026-08-17T18:48:05Z,2026-08-17T18:48:05Z,
185.136.195.193,ipv4,malicious-ip,medium,WHITE,ziyadnz/hourly-ipv4,ziyadnz|hourly,2026-08-17T18:48:05Z,2026-08-17T18:48:05Z,
185.137.140.111,ipv4,malicious-ip,medium,WHITE,ziyadnz/hourly-ipv4,ziyadnz|hourly,2026-08-17T18:48:05Z,2026-08-17T18:48:05Z,
185.137.250.66,ipv4,malicious-ip,medium,WHITE,ziyadnz/hourly-ipv4,ziyadnz|hourly,2026-08-17T18:48:05Z,2026-08-17T18:48:05Z,
185.138.230.46,ipv4,malicious-ip,medium,WHITE,ziyadnz/hourly-ipv4,ziyadnz|hourly,2026-08-17T18:48:05Z,2026-08-17T18:48:05Z,
185.138.230.47,ipv4,malicious-ip,medium,WHITE,ziyadnz/hourly-ipv4,ziyadnz|hourly,2026-08-17T18:48:05Z,2026-08-17T18:48:05Z,
185.139.138.207,ipv4,malicious-ip,medium,WHITE,ziyadnz/hourly-ipv4,ziyadnz|hourly,2026-08-17T18:48:05Z,2026-08-17T18:48:05Z,
185.139.172.212,ipv4,malicious-ip,medium,WHITE,ziyadnz/hourly-ipv4,ziyadnz|hourly,2026-08-17T18:48:05Z,2026-08-17T18:48:05Z,
185.139.230.26,ipv4,malicious-ip,medium,WHITE,ziyadnz/hourly-ipv4,ziyadnz|hourly,2026-08-17T18:48:05Z,2026-08-17T18:48:05Z,
185.139.230.70,ipv4,malicious-ip,medium,WHITE,ziyadnz/hourly-ipv4,ziyadnz|hourly,2026-08-17T18:48:05Z,2026-08-17T18:48:05Z,
185.139.4.193,ipv4,malicious-ip,medium,WHITE,ziyadnz/hourly-ipv4,ziyadnz|hourly,2026-08-17T18:48:05Z,2026-08-17T18:48:05Z,
185.139.4.195,ipv4,malicious-ip,medium,WHITE,ziyadnz/hourly-ipv4,ziyadnz|hourly,2026-08-17T18:48:05Z,2026-08-17T18:48:05Z,
185.139.4.196,ipv4,malicious-ip,medium,WHITE,ziyadnz/hourly-ipv4,ziyadnz|hourly,2026-08-17T18:48:05Z,2026-08-17T18:48:05Z,
185.139.4.199,ipv4,malicious-ip,medium,WHITE,ziyadnz/hourly-ipv4,ziyadnz|hourly,2026-08-17T18:48:05Z,2026-08-17T18:48:05Z,
185.139.4.200,ipv4,malicious-ip,medium,WHITE,ziyadnz/hourly-ipv4,ziyadnz|hourly,2026-08-17T18:48:05Z,2026-08-17T18:48:05Z,
185.139.4.202,ipv4,malicious-ip,medium,WHITE,ziyadnz/hourly-ipv4,ziyadnz|hourly,2026-08-17T18:48:05Z,2026-08-17T18:48:05Z,
185.139.4.204,ipv4,malicious-ip,medium,WHITE,ziyadnz/hourly-ipv4,ziyadnz|hourly,2026-08-17T18:48:05Z,2026-08-17T18:48:05Z,
185.139.4.205,ipv4,malicious-ip,medium,WHITE,ziyadnz/hourly-ipv4,ziyadnz|hourly,2026-08-17T18:48:05Z,2026-08-17T18:48:05Z,
185.139.4.206,ipv4,malicious-ip,medium,WHITE,ziyadnz/hourly-ipv4,ziyadnz|hourly,2026-08-17T18:48:05Z,2026-08-17T18:48:05Z,
185.139.4.207,ipv4,malicious-ip,medium,WHITE,ziyadnz/hourly-ipv4,ziyadnz|hourly,2026-08-17T18:48:05Z,2026-08-17T18:48:05Z,
185.139.4.236,ipv4,malicious-ip,medium,WHITE,ziyadnz/hourly-ipv4,ziyadnz|hourly,2026-08-17T18:48:05Z,2026-08-17T18:48:05Z,
185.139.5.208,ipv4,malicious-ip,medium,WHITE,ziyadnz/hourly-ipv4,ziyadnz|hourly,2026-08-17T18:48:05Z,2026-08-17T18:48:05Z,
185.139.50.28,ipv4,malicious-ip,medium,WHITE,ziyadnz/hourly-ipv4,ziyadnz|hourly,2026-08-17T18:48:05Z,2026-08-17T18:48:05Z,
185.14.28.207,ipv4,malicious-ip,medium,WHITE,ziyadnz/hourly-ipv4,ziyadnz|hourly,2026-08-17T18:48:05Z,2026-08-17T18:48:05Z,
185.14.4.0,ipv4,malicious-ip,medium,WHITE,ziyadnz/hourly-ipv4,ziyadnz|hourly,2026-08-17T18:48:05Z,2026-08-17T18:48:05Z,
185.14.45.77,ipv4,malicious-ip,medium,WHITE,ziyadnz/hourly-ipv4,ziyadnz|hourly,2026-08-17T18:48:05Z,2026-08-17T18:48:05Z,
185.140.53.12,ipv4,malicious-ip,medium,WHITE,ziyadnz/hourly-ipv4,ziyadnz|hourly,2026-08-17T18:48:05Z,2026-08-17T18:48:05Z,
185.140.53.159,ipv4,malicious-ip,medium,WHITE,ziyadnz/hourly-ipv4,ziyadnz|hourly,2026-08-17T18:48:05Z,2026-08-17T18:48:05Z,
185.141.119.136,ipv4,malicious-ip,medium,WHITE,ziyadnz/hourly-ipv4,ziyadnz|hourly,2026-08-17T18:48:05Z,2026-08-17T18:48:05Z,
185.141.119.138,ipv4,malicious-ip,medium,WHITE,ziyadnz/hourly-ipv4,ziyadnz|hourly,2026-08-17T18:48:05Z,2026-08-17T18:48:05Z,
185.141.119.151,ipv4,malicious-ip,medium,WHITE,ziyadnz/hourly-ipv4,ziyadnz|hourly,2026-08-17T18:48:05Z,2026-08-17T18:48:05Z,
185.141.119.166,ipv4,malicious-ip,medium,WHITE,ziyadnz/hourly-ipv4,ziyadnz|hourly,2026-08-17T18:48:05Z,2026-08-17T18:48:05Z,
185.141.119.181,ipv4,malicious-ip,medium,WHITE,ziyadnz/hourly-ipv4,ziyadnz|hourly,2026-08-17T18:48:05Z,2026-08-17T18:48:05Z,
185.141.119.184,ipv4,malicious-ip,medium,WHITE,ziyadnz/hourly-ipv4,ziyadnz|hourly,2026-08-17T18:48:05Z,2026-08-17T18:48:05Z,
185.141.119.185,ipv4,malicious-ip,medium,WHITE,ziyadnz/hourly-ipv4,ziyadnz|hourly,2026-08-17T18:48:05Z,2026-08-17T18:48:05Z,
185.141.216.120,ipv4,malicious-ip,medium,WHITE,ziyadnz/hourly-ipv4,ziyadnz|hourly,2026-08-17T18:48:05Z,2026-08-17T18:48:05Z,
185.141.216.127,ipv4,malicious-ip,medium,WHITE,ziyadnz/hourly-ipv4,ziyadnz|hourly,2026-08-17T18:48:05Z,2026-08-17T18:48:05Z,
185.141.60.18,ipv4,malicious-ip,medium,WHITE,ziyadnz/hourly-ipv4,ziyadnz|hourly,2026-08-17T18:48:05Z,2026-08-17T18:48:05Z,
185.141.63.172,ipv4,malicious-ip,medium,WHITE,ziyadnz/hourly-ipv4,ziyadnz|hourly,2026-08-17T18:48:05Z,2026-08-17T18:48:05Z,
185.141.63.2,ipv4,malicious-ip,medium,WHITE,ziyadnz/hourly-ipv4,ziyadnz|hourly,2026-08-17T18:48:05Z,2026-08-17T18:48:05Z,
185.141.63.209,ipv4,malicious-ip,medium,WHITE,ziyadnz/hourly-ipv4,ziyadnz|hourly,2026-08-17T18:48:05Z,2026-08-17T18:48:05Z,
185.141.63.216,ipv4,malicious-ip,medium,WHITE,ziyadnz/hourly-ipv4,ziyadnz|hourly,2026-08-17T18:48:05Z,2026-08-17T18:48:05Z,
185.141.63.4,ipv4,malicious-ip,medium,WHITE,ziyadnz/hourly-ipv4,ziyadnz|hourly,2026-08-17T18:48:05Z,2026-08-17T18:48:05Z,
185.141.63.84,ipv4,malicious-ip,medium,WHITE,ziyadnz/hourly-ipv4,ziyadnz|hourly,2026-08-17T18:48:05Z,2026-08-17T18:48:05Z,
185.141.63.85,ipv4,malicious-ip,medium,WHITE,ziyadnz/hourly-ipv4,ziyadnz|hourly,2026-08-17T18:48:05Z,2026-08-17T18:48:05Z,
185.141.77.139,ipv4,malicious-ip,medium,WHITE,ziyadnz/hourly-ipv4,ziyadnz|hourly,2026-08-17T18:48:05Z,2026-08-17T18:48:05Z,
185.142.33.131,ipv4,malicious-ip,medium,WHITE,ziyadnz/hourly-ipv4,ziyadnz|hourly,2026-08-17T18:48:05Z,2026-08-17T18:48:05Z,
185.142.33.151,ipv4,malicious-ip,medium,WHITE,ziyadnz/hourly-ipv4,ziyadnz|hourly,2026-08-17T18:48:05Z,2026-08-17T18:48:05Z,
185.142.53.233,ipv4,malicious-ip,medium,WHITE,ziyadnz/hourly-ipv4,ziyadnz|hourly,2026-08-17T18:48:05Z,2026-08-17T18:48:05Z,
185.143.223.136,ipv4,malicious-ip,medium,WHITE,ziyadnz/hourly-ipv4,ziyadnz|hourly,2026-08-17T18:48:05Z,2026-08-17T18:48:05Z,
185.143.223.64,ipv4,malicious-ip,medium,WHITE,ziyadnz/hourly-ipv4,ziyadnz|hourly,2026-08-17T18:48:05Z,2026-08-17T18:48:05Z,
185.143.92.137,ipv4,malicious-ip,medium,WHITE,ziyadnz/hourly-ipv4,ziyadnz|hourly,2026-08-17T18:48:05Z,2026-08-17T18:48:05Z,
185.143.92.165,ipv4,malicious-ip,medium,WHITE,ziyadnz/hourly-ipv4,ziyadnz|hourly,2026-08-17T18:48:05Z,2026-08-17T18:48:05Z,
185.143.92.81,ipv4,malicious-ip,medium,WHITE,ziyadnz/hourly-ipv4,ziyadnz|hourly,2026-08-17T18:48:05Z,2026-08-17T18:48:05Z,
185.144.24.198,ipv4,malicious-ip,medium,WHITE,ziyadnz/hourly-ipv4,ziyadnz|hourly,2026-08-17T18:48:05Z,2026-08-17T18:48:05Z,
185.144.246.140,ipv4,malicious-ip,medium,WHITE,ziyadnz/hourly-ipv4,ziyadnz|hourly,2026-08-17T18:48:05Z,2026-08-17T18:48:05Z,
185.144.246.171,ipv4,malicious-ip,medium,WHITE,ziyadnz/hourly-ipv4,ziyadnz|hourly,2026-08-17T18:48:05Z,2026-08-17T18:48:05Z,
185.144.28.68,ipv4,malicious-ip,medium,WHITE,ziyadnz/hourly-ipv4,ziyadnz|hourly,2026-08-17T18:48:05Z,2026-08-17T18:48:05Z,
185.144.31.86,ipv4,malicious-ip,medium,WHITE,ziyadnz/hourly-ipv4,ziyadnz|hourly,2026-08-17T18:48:05Z,2026-08-17T18:48:05Z,
185.144.55.16,ipv4,malicious-ip,medium,WHITE,ziyadnz/hourly-ipv4,ziyadnz|hourly,2026-08-17T18:48:05Z,2026-08-17T18:48:05Z,
185.145.182.96,ipv4,malicious-ip,medium,WHITE,ziyadnz/hourly-ipv4,ziyadnz|hourly,2026-08-17T18:48:05Z,2026-08-17T18:48:05Z,
185.145.185.127,ipv4,malicious-ip,medium,WHITE,ziyadnz/hourly-ipv4,ziyadnz|hourly,2026-08-17T18:48:05Z,2026-08-17T18:48:05Z,
185.145.245.167,ipv4,malicious-ip,medium,WHITE,ziyadnz/hourly-ipv4,ziyadnz|hourly,2026-08-17T18:48:05Z,2026-08-17T18:48:05Z,
185.145.245.209,ipv4,malicious-ip,medium,WHITE,ziyadnz/hourly-ipv4,ziyadnz|hourly,2026-08-17T18:48:05Z,2026-08-17T18:48:05Z,
185.145.43.185,ipv4,malicious-ip,medium,WHITE,ziyadnz/hourly-ipv4,ziyadnz|hourly,2026-08-17T18:48:05Z,2026-08-17T18:48:05Z,
185.145.43.188,ipv4,malicious-ip,medium,WHITE,ziyadnz/hourly-ipv4,ziyadnz|hourly,2026-08-17T18:48:05Z,2026-08-17T18:48:05Z,
185.145.43.189,ipv4,malicious-ip,medium,WHITE,ziyadnz/hourly-ipv4,ziyadnz|hourly,2026-08-17T18:48:05Z,2026-08-17T18:48:05Z,
185.145.43.190,ipv4,malicious-ip,medium,WHITE,ziyadnz/hourly-ipv4,ziyadnz|hourly,2026-08-17T18:48:05Z,2026-08-17T18:48:05Z,
185.145.8.5,ipv4,malicious-ip,medium,WHITE,ziyadnz/hourly-ipv4,ziyadnz|hourly,2026-08-17T18:48:05Z,2026-08-17T18:48:05Z,
185.146.112.2,ipv4,malicious-ip,medium,WHITE,ziyadnz/hourly-ipv4,ziyadnz|hourly,2026-08-17T18:48:05Z,2026-08-17T18:48:05Z,
185.146.112.202,ipv4,malicious-ip,medium,WHITE,ziyadnz/hourly-ipv4,ziyadnz|hourly,2026-08-17T18:48:05Z,2026-08-17T18:48:05Z,
185.146.112.34,ipv4,malicious-ip,medium,WHITE,ziyadnz/hourly-ipv4,ziyadnz|hourly,2026-08-17T18:48:05Z,2026-08-17T18:48:05Z,
185.146.112.48,ipv4,malicious-ip,medium,WHITE,ziyadnz/hourly-ipv4,ziyadnz|hourly,2026-08-17T18:48:05Z,2026-08-17T18:48:05Z,
185.146.139.10,ipv4,malicious-ip,medium,WHITE,ziyadnz/hourly-ipv4,ziyadnz|hourly,2026-08-17T18:48:05Z,2026-08-17T18:48:05Z,
185.147.124.10,ipv4,malicious-ip,medium,WHITE,ziyadnz/hourly-ipv4,ziyadnz|hourly,2026-08-17T18:48:05Z,2026-08-17T18:48:05Z,
185.147.124.104,ipv4,malicious-ip,medium,WHITE,ziyadnz/hourly-ipv4,ziyadnz|hourly,2026-08-17T18:48:05Z,2026-08-17T18:48:05Z,
185.147.124.212,ipv4,malicious-ip,medium,WHITE,ziyadnz/hourly-ipv4,ziyadnz|hourly,2026-08-17T18:48:05Z,2026-08-17T18:48:05Z,
185.147.124.31,ipv4,malicious-ip,medium,WHITE,ziyadnz/hourly-ipv4,ziyadnz|hourly,2026-08-17T18:48:05Z,2026-08-17T18:48:05Z,
185.147.124.34,ipv4,malicious-ip,medium,WHITE,ziyadnz/hourly-ipv4,ziyadnz|hourly,2026-08-17T18:48:05Z,2026-08-17T18:48:05Z,
185.147.124.40,ipv4,malicious-ip,medium,WHITE,ziyadnz/hourly-ipv4,ziyadnz|hourly,2026-08-17T18:48:05Z,2026-08-17T18:48:05Z,
185.147.124.55,ipv4,malicious-ip,medium,WHITE,ziyadnz/hourly-ipv4,ziyadnz|hourly,2026-08-17T18:48:05Z,2026-08-17T18:48:05Z,
185.147.127.223,ipv4,malicious-ip,medium,WHITE,ziyadnz/hourly-ipv4,ziyadnz|hourly,2026-08-17T18:48:05Z,2026-08-17T18:48:05Z,
185.147.161.216,ipv4,malicious-ip,medium,WHITE,ziyadnz/hourly-ipv4,ziyadnz|hourly,2026-08-17T18:48:05Z,2026-08-17T18:48:05Z,
185.147.212.247,ipv4,malicious-ip,medium,WHITE,ziyadnz/hourly-ipv4,ziyadnz|hourly,2026-08-17T18:48:05Z,2026-08-17T18:48:05Z,
185.148.1.18,ipv4,malicious-ip,medium,WHITE,ziyadnz/hourly-ipv4,ziyadnz|hourly,2026-08-17T18:48:05Z,2026-08-17T18:48:05Z,
185.148.129.112,ipv4,malicious-ip,medium,WHITE,ziyadnz/hourly-ipv4,ziyadnz|hourly,2026-08-17T18:48:05Z,2026-08-17T18:48:05Z,
185.148.241.135,ipv4,malicious-ip,medium,WHITE,ziyadnz/hourly-ipv4,ziyadnz|hourly,2026-08-17T18:48:05Z,2026-08-17T18:48:05Z,
185.149.120.137,ipv4,malicious-ip,medium,WHITE,ziyadnz/hourly-ipv4,ziyadnz|hourly,2026-08-17T18:48:05Z,2026-08-17T18:48:05Z,
185.149.120.47,ipv4,malicious-ip,medium,WHITE,ziyadnz/hourly-ipv4,ziyadnz|hourly,2026-08-17T18:48:05Z,2026-08-17T18:48:05Z,
185.149.120.87,ipv4,malicious-ip,medium,WHITE,ziyadnz/hourly-ipv4,ziyadnz|hourly,2026-08-17T18:48:05Z,2026-08-17T18:48:05Z,
185.149.146.1,ipv4,malicious-ip,medium,WHITE,ziyadnz/hourly-ipv4,ziyadnz|hourly,2026-08-17T18:48:05Z,2026-08-17T18:48:05Z,
185.149.146.118,ipv4,malicious-ip,medium,WHITE,ziyadnz/hourly-ipv4,ziyadnz|hourly,2026-08-17T18:48:05Z,2026-08-17T18:48:05Z,
185.149.146.164,ipv4,malicious-ip,medium,WHITE,ziyadnz/hourly-ipv4,ziyadnz|hourly,2026-08-17T18:48:05Z,2026-08-17T18:48:05Z,
185.149.232.197,ipv4,malicious-ip,medium,WHITE,ziyadnz/hourly-ipv4,ziyadnz|hourly,2026-08-17T18:48:05Z,2026-08-17T18:48:05Z,
185.149.232.221,ipv4,malicious-ip,medium,WHITE,ziyadnz/hourly-ipv4,ziyadnz|hourly,2026-08-17T18:48:05Z,2026-08-17T18:48:05Z,
185.149.24.201,ipv4,malicious-ip,medium,WHITE,ziyadnz/hourly-ipv4,ziyadnz|hourly,2026-08-17T18:48:05Z,2026-08-17T18:48:05Z,
185.149.26.71,ipv4,malicious-ip,medium,WHITE,ziyadnz/hourly-ipv4,ziyadnz|hourly,2026-08-17T18:48:05Z,2026-08-17T18:48:05Z,
185.15.168.0,ipv4,malicious-ip,medium,WHITE,ziyadnz/hourly-ipv4,ziyadnz|hourly,2026-08-17T18:48:05Z,2026-08-17T18:48:05Z,
185.15.168.129,ipv4,malicious-ip,medium,WHITE,ziyadnz/hourly-ipv4,ziyadnz|hourly,2026-08-17T18:48:05Z,2026-08-17T18:48:05Z,
185.15.168.133,ipv4,malicious-ip,medium,WHITE,ziyadnz/hourly-ipv4,ziyadnz|hourly,2026-08-17T18:48:05Z,2026-08-17T18:48:05Z,
185.15.168.150,ipv4,malicious-ip,medium,WHITE,ziyadnz/hourly-ipv4,ziyadnz|hourly,2026-08-17T18:48:05Z,2026-08-17T18:48:05Z,
185.15.168.160,ipv4,malicious-ip,medium,WHITE,ziyadnz/hourly-ipv4,ziyadnz|hourly,2026-08-17T18:48:05Z,2026-08-17T18:48:05Z,
185.15.168.162,ipv4,malicious-ip,medium,WHITE,ziyadnz/hourly-ipv4,ziyadnz|hourly,2026-08-17T18:48:05Z,2026-08-17T18:48:05Z,
185.15.168.164,ipv4,malicious-ip,medium,WHITE,ziyadnz/hourly-ipv4,ziyadnz|hourly,2026-08-17T18:48:05Z,2026-08-17T18:48:05Z,
185.15.168.170,ipv4,malicious-ip,medium,WHITE,ziyadnz/hourly-ipv4,ziyadnz|hourly,2026-08-17T18:48:05Z,2026-08-17T18:48:05Z,
185.15.168.191,ipv4,malicious-ip,medium,WHITE,ziyadnz/hourly-ipv4,ziyadnz|hourly,2026-08-17T18:48:05Z,2026-08-17T18:48:05Z,
185.15.168.194,ipv4,malicious-ip,medium,WHITE,ziyadnz/hourly-ipv4,ziyadnz|hourly,2026-08-17T18:48:05Z,2026-08-17T18:48:05Z,
185.15.169.0,ipv4,malicious-ip,medium,WHITE,ziyadnz/hourly-ipv4,ziyadnz|hourly,2026-08-17T18:48:05Z,2026-08-17T18:48:05Z,
185.15.169.102,ipv4,malicious-ip,medium,WHITE,ziyadnz/hourly-ipv4,ziyadnz|hourly,2026-08-17T18:48:05Z,2026-08-17T18:48:05Z,
185.15.169.118,ipv4,malicious-ip,medium,WHITE,ziyadnz/hourly-ipv4,ziyadnz|hourly,2026-08-17T18:48:05Z,2026-08-17T18:48:05Z,
185.15.169.120,ipv4,malicious-ip,medium,WHITE,ziyadnz/hourly-ipv4,ziyadnz|hourly,2026-08-17T18:48:05Z,2026-08-17T18:48:05Z,
185.15.169.122,ipv4,malicious-ip,medium,WHITE,ziyadnz/hourly-ipv4,ziyadnz|hourly,2026-08-17T18:48:05Z,2026-08-17T18:48:05Z,
185.15.169.126,ipv4,malicious-ip,medium,WHITE,ziyadnz/hourly-ipv4,ziyadnz|hourly,2026-08-17T18:48:05Z,2026-08-17T18:48:05Z,
185.15.169.131,ipv4,malicious-ip,medium,WHITE,ziyadnz/hourly-ipv4,ziyadnz|hourly,2026-08-17T18:48:05Z,2026-08-17T18:48:05Z,
185.15.169.132,ipv4,malicious-ip,medium,WHITE,ziyadnz/hourly-ipv4,ziyadnz|hourly,2026-08-17T18:48:05Z,2026-08-17T18:48:05Z,
185.15.169.136,ipv4,malicious-ip,medium,WHITE,ziyadnz/hourly-ipv4,ziyadnz|hourly,2026-08-17T18:48:05Z,2026-08-17T18:48:05Z,
185.15.169.146,ipv4,malicious-ip,medium,WHITE,ziyadnz/hourly-ipv4,ziyadnz|hourly,2026-08-17T18:48:05Z,2026-08-17T18:48:05Z,
185.15.169.147,ipv4,malicious-ip,medium,WHITE,ziyadnz/hourly-ipv4,ziyadnz|hourly,2026-08-17T18:48:05Z,2026-08-17T18:48:05Z,
185.15.169.16,ipv4,malicious-ip,medium,WHITE,ziyadnz/hourly-ipv4,ziyadnz|hourly,2026-08-17T18:48:05Z,2026-08-17T18:48:05Z,
185.15.169.178,ipv4,malicious-ip,medium,WHITE,ziyadnz/hourly-ipv4,ziyadnz|hourly,2026-08-17T18:48:05Z,2026-08-17T18:48:05Z,
185.15.169.181,ipv4,malicious-ip,medium,WHITE,ziyadnz/hourly-ipv4,ziyadnz|hourly,2026-08-17T18:48:05Z,2026-08-17T18:48:05Z,
185.15.169.2,ipv4,malicious-ip,medium,WHITE,ziyadnz/hourly-ipv4,ziyadnz|hourly,2026-08-17T18:48:05Z,2026-08-17T18:48:05Z,
185.15.169.218,ipv4,malicious-ip,medium,WHITE,ziyadnz/hourly-ipv4,ziyadnz|hourly,2026-08-17T18:48:05Z,2026-08-17T18:48:05Z,
185.15.169.219,ipv4,malicious-ip,medium,WHITE,ziyadnz/hourly-ipv4,ziyadnz|hourly,2026-08-17T18:48:05Z,2026-08-17T18:48:05Z,
185.15.169.223,ipv4,malicious-ip,medium,WHITE,ziyadnz/hourly-ipv4,ziyadnz|hourly,2026-08-17T18:48:05Z,2026-08-17T18:48:05Z,
185.15.169.30,ipv4,malicious-ip,medium,WHITE,ziyadnz/hourly-ipv4,ziyadnz|hourly,2026-08-17T18:48:05Z,2026-08-17T18:48:05Z,
185.15.169.32,ipv4,malicious-ip,medium,WHITE,ziyadnz/hourly-ipv4,ziyadnz|hourly,2026-08-17T18:48:05Z,2026-08-17T18:48:05Z,
185.15.169.35,ipv4,malicious-ip,medium,WHITE,ziyadnz/hourly-ipv4,ziyadnz|hourly,2026-08-17T18:48:05Z,2026-08-17T18:48:05Z,
185.15.169.36,ipv4,malicious-ip,medium,WHITE,ziyadnz/hourly-ipv4,ziyadnz|hourly,2026-08-17T18:48:05Z,2026-08-17T18:48:05Z,
185.15.169.46,ipv4,malicious-ip,medium,WHITE,ziyadnz/hourly-ipv4,ziyadnz|hourly,2026-08-17T18:48:05Z,2026-08-17T18:48:05Z,
185.15.169.6,ipv4,malicious-ip,medium,WHITE,ziyadnz/hourly-ipv4,ziyadnz|hourly,2026-08-17T18:48:05Z,2026-08-17T18:48:05Z,
185.15.169.84,ipv4,malicious-ip,medium,WHITE,ziyadnz/hourly-ipv4,ziyadnz|hourly,2026-08-17T18:48:05Z,2026-08-17T18:48:05Z,
185.15.169.92,ipv4,malicious-ip,medium,WHITE,ziyadnz/hourly-ipv4,ziyadnz|hourly,2026-08-17T18:48:05Z,2026-08-17T18:48:05Z,
185.15.170.0,ipv4,malicious-ip,medium,WHITE,ziyadnz/hourly-ipv4,ziyadnz|hourly,2026-08-17T18:48:05Z,2026-08-17T18:48:05Z,
185.15.170.1,ipv4,malicious-ip,medium,WHITE,ziyadnz/hourly-ipv4,ziyadnz|hourly,2026-08-17T18:48:05Z,2026-08-17T18:48:05Z,
185.15.170.112,ipv4,malicious-ip,medium,WHITE,ziyadnz/hourly-ipv4,ziyadnz|hourly,2026-08-17T18:48:05Z,2026-08-17T18:48:05Z,
185.15.170.13,ipv4,malicious-ip,medium,WHITE,ziyadnz/hourly-ipv4,ziyadnz|hourly,2026-08-17T18:48:05Z,2026-08-17T18:48:05Z,
185.15.170.14,ipv4,malicious-ip,medium,WHITE,ziyadnz/hourly-ipv4,ziyadnz|hourly,2026-08-17T18:48:05Z,2026-08-17T18:48:05Z,
185.15.170.149,ipv4,malicious-ip,medium,WHITE,ziyadnz/hourly-ipv4,ziyadnz|hourly,2026-08-17T18:48:05Z,2026-08-17T18:48:05Z,
185.15.170.15,ipv4,malicious-ip,medium,WHITE,ziyadnz/hourly-ipv4,ziyadnz|hourly,2026-08-17T18:48:05Z,2026-08-17T18:48:05Z,
185.15.170.16,ipv4,malicious-ip,medium,WHITE,ziyadnz/hourly-ipv4,ziyadnz|hourly,2026-08-17T18:48:05Z,2026-08-17T18:48:05Z,
185.15.170.17,ipv4,malicious-ip,medium,WHITE,ziyadnz/hourly-ipv4,ziyadnz|hourly,2026-08-17T18:48:05Z,2026-08-17T18:48:05Z,
185.15.170.202,ipv4,malicious-ip,medium,WHITE,ziyadnz/hourly-ipv4,ziyadnz|hourly,2026-08-17T18:48:05Z,2026-08-17T18:48:05Z,
185.15.170.21,ipv4,malicious-ip,medium,WHITE,ziyadnz/hourly-ipv4,ziyadnz|hourly,2026-08-17T18:48:05Z,2026-08-17T18:48:05Z,
185.15.170.216,ipv4,malicious-ip,medium,WHITE,ziyadnz/hourly-ipv4,ziyadnz|hourly,2026-08-17T18:48:05Z,2026-08-17T18:48:05Z,
185.15.170.220,ipv4,malicious-ip,medium,WHITE,ziyadnz/hourly-ipv4,ziyadnz|hourly,2026-08-17T18:48:05Z,2026-08-17T18:48:05Z,
185.15.170.227,ipv4,malicious-ip,medium,WHITE,ziyadnz/hourly-ipv4,ziyadnz|hourly,2026-08-17T18:48:05Z,2026-08-17T18:48:05Z,
185.15.170.229,ipv4,malicious-ip,medium,WHITE,ziyadnz/hourly-ipv4,ziyadnz|hourly,2026-08-17T18:48:05Z,2026-08-17T18:48:05Z,
185.15.170.231,ipv4,malicious-ip,medium,WHITE,ziyadnz/hourly-ipv4,ziyadnz|hourly,2026-08-17T18:48:05Z,2026-08-17T18:48:05Z,
185.15.170.232,ipv4,malicious-ip,medium,WHITE,ziyadnz/hourly-ipv4,ziyadnz|hourly,2026-08-17T18:48:05Z,2026-08-17T18:48:05Z,
185.15.170.233,ipv4,malicious-ip,medium,WHITE,ziyadnz/hourly-ipv4,ziyadnz|hourly,2026-08-17T18:48:05Z,2026-08-17T18:48:05Z,
185.15.170.239,ipv4,malicious-ip,medium,WHITE,ziyadnz/hourly-ipv4,ziyadnz|hourly,2026-08-17T18:48:05Z,2026-08-17T18:48:05Z,
185.15.170.244,ipv4,malicious-ip,medium,WHITE,ziyadnz/hourly-ipv4,ziyadnz|hourly,2026-08-17T18:48:05Z,2026-08-17T18:48:05Z,
185.15.170.7,ipv4,malicious-ip,medium,WHITE,ziyadnz/hourly-ipv4,ziyadnz|hourly,2026-08-17T18:48:05Z,2026-08-17T18:48:05Z,
185.15.170.71,ipv4,malicious-ip,medium,WHITE,ziyadnz/hourly-ipv4,ziyadnz|hourly,2026-08-17T18:48:05Z,2026-08-17T18:48:05Z,
185.15.170.75,ipv4,malicious-ip,medium,WHITE,ziyadnz/hourly-ipv4,ziyadnz|hourly,2026-08-17T18:48:05Z,2026-08-17T18:48:05Z,
185.15.170.78,ipv4,malicious-ip,medium,WHITE,ziyadnz/hourly-ipv4,ziyadnz|hourly,2026-08-17T18:48:05Z,2026-08-17T18:48:05Z,
185.15.170.8,ipv4,malicious-ip,medium,WHITE,ziyadnz/hourly-ipv4,ziyadnz|hourly,2026-08-17T18:48:05Z,2026-08-17T18:48:05Z,
185.15.170.89,ipv4,malicious-ip,medium,WHITE,ziyadnz/hourly-ipv4,ziyadnz|hourly,2026-08-17T18:48:05Z,2026-08-17T18:48:05Z,
185.15.171.0,ipv4,malicious-ip,medium,WHITE,ziyadnz/hourly-ipv4,ziyadnz|hourly,2026-08-17T18:48:05Z,2026-08-17T18:48:05Z,
185.15.171.10,ipv4,malicious-ip,medium,WHITE,ziyadnz/hourly-ipv4,ziyadnz|hourly,2026-08-17T18:48:05Z,2026-08-17T18:48:05Z,
185.15.171.102,ipv4,malicious-ip,medium,WHITE,ziyadnz/hourly-ipv4,ziyadnz|hourly,2026-08-17T18:48:05Z,2026-08-17T18:48:05Z,
185.15.171.104,ipv4,malicious-ip,medium,WHITE,ziyadnz/hourly-ipv4,ziyadnz|hourly,2026-08-17T18:48:05Z,2026-08-17T18:48:05Z,
185.15.171.107,ipv4,malicious-ip,medium,WHITE,ziyadnz/hourly-ipv4,ziyadnz|hourly,2026-08-17T18:48:05Z,2026-08-17T18:48:05Z,
185.15.171.110,ipv4,malicious-ip,medium,WHITE,ziyadnz/hourly-ipv4,ziyadnz|hourly,2026-08-17T18:48:05Z,2026-08-17T18:48:05Z,
185.15.171.117,ipv4,malicious-ip,medium,WHITE,ziyadnz/hourly-ipv4,ziyadnz|hourly,2026-08-17T18:48:05Z,2026-08-17T18:48:05Z,
185.15.171.119,ipv4,malicious-ip,medium,WHITE,ziyadnz/hourly-ipv4,ziyadnz|hourly,2026-08-17T18:48:05Z,2026-08-17T18:48:05Z,
185.15.171.137,ipv4,malicious-ip,medium,WHITE,ziyadnz/hourly-ipv4,ziyadnz|hourly,2026-08-17T18:48:05Z,2026-08-17T18:48:05Z,
185.15.171.156,ipv4,malicious-ip,medium,WHITE,ziyadnz/hourly-ipv4,ziyadnz|hourly,2026-08-17T18:48:05Z,2026-08-17T18:48:05Z,
185.15.171.162,ipv4,malicious-ip,medium,WHITE,ziyadnz/hourly-ipv4,ziyadnz|hourly,2026-08-17T18:48:05Z,2026-08-17T18:48:05Z,
185.15.171.167,ipv4,malicious-ip,medium,WHITE,ziyadnz/hourly-ipv4,ziyadnz|hourly,2026-08-17T18:48:05Z,2026-08-17T18:48:05Z,
185.15.171.169,ipv4,malicious-ip,medium,WHITE,ziyadnz/hourly-ipv4,ziyadnz|hourly,2026-08-17T18:48:05Z,2026-08-17T18:48:05Z,
185.15.171.173,ipv4,malicious-ip,medium,WHITE,ziyadnz/hourly-ipv4,ziyadnz|hourly,2026-08-17T18:48:05Z,2026-08-17T18:48:05Z,
185.15.171.175,ipv4,malicious-ip,medium,WHITE,ziyadnz/hourly-ipv4,ziyadnz|hourly,2026-08-17T18:48:05Z,2026-08-17T18:48:05Z,
185.15.171.176,ipv4,malicious-ip,medium,WHITE,ziyadnz/hourly-ipv4,ziyadnz|hourly,2026-08-17T18:48:05Z,2026-08-17T18:48:05Z,
185.15.171.18,ipv4,malicious-ip,medium,WHITE,ziyadnz/hourly-ipv4,ziyadnz|hourly,2026-08-17T18:48:05Z,2026-08-17T18:48:05Z,
185.15.171.180,ipv4,malicious-ip,medium,WHITE,ziyadnz/hourly-ipv4,ziyadnz|hourly,2026-08-17T18:48:05Z,2026-08-17T18:48:05Z,
185.15.171.183,ipv4,malicious-ip,medium,WHITE,ziyadnz/hourly-ipv4,ziyadnz|hourly,2026-08-17T18:48:05Z,2026-08-17T18:48:05Z,
185.15.171.184,ipv4,malicious-ip,medium,WHITE,ziyadnz/hourly-ipv4,ziyadnz|hourly,2026-08-17T18:48:05Z,2026-08-17T18:48:05Z,
185.15.171.187,ipv4,malicious-ip,medium,WHITE,ziyadnz/hourly-ipv4,ziyadnz|hourly,2026-08-17T18:48:05Z,2026-08-17T18:48:05Z,
185.15.171.189,ipv4,malicious-ip,medium,WHITE,ziyadnz/hourly-ipv4,ziyadnz|hourly,2026-08-17T18:48:05Z,2026-08-17T18:48:05Z,
185.15.171.190,ipv4,malicious-ip,medium,WHITE,ziyadnz/hourly-ipv4,ziyadnz|hourly,2026-08-17T18:48:05Z,2026-08-17T18:48:05Z,
185.15.171.198,ipv4,malicious-ip,medium,WHITE,ziyadnz/hourly-ipv4,ziyadnz|hourly,2026-08-17T18:48:05Z,2026-08-17T18:48:05Z,
185.15.171.201,ipv4,malicious-ip,medium,WHITE,ziyadnz/hourly-ipv4,ziyadnz|hourly,2026-08-17T18:48:05Z,2026-08-17T18:48:05Z,
185.15.171.203,ipv4,malicious-ip,medium,WHITE,ziyadnz/hourly-ipv4,ziyadnz|hourly,2026-08-17T18:48:05Z,2026-08-17T18:48:05Z,
185.15.171.206,ipv4,malicious-ip,medium,WHITE,ziyadnz/hourly-ipv4,ziyadnz|hourly,2026-08-17T18:48:05Z,2026-08-17T18:48:05Z,
185.15.171.21,ipv4,malicious-ip,medium,WHITE,ziyadnz/hourly-ipv4,ziyadnz|hourly,2026-08-17T18:48:05Z,2026-08-17T18:48:05Z,
185.15.171.218,ipv4,malicious-ip,medium,WHITE,ziyadnz/hourly-ipv4,ziyadnz|hourly,2026-08-17T18:48:05Z,2026-08-17T18:48:05Z,
185.15.171.234,ipv4,malicious-ip,medium,WHITE,ziyadnz/hourly-ipv4,ziyadnz|hourly,2026-08-17T18:48:05Z,2026-08-17T18:48:05Z,
185.15.171.241,ipv4,malicious-ip,medium,WHITE,ziyadnz/hourly-ipv4,ziyadnz|hourly,2026-08-17T18:48:05Z,2026-08-17T18:48:05Z,
185.15.171.31,ipv4,malicious-ip,medium,WHITE,ziyadnz/hourly-ipv4,ziyadnz|hourly,2026-08-17T18:48:05Z,2026-08-17T18:48:05Z,
185.15.171.38,ipv4,malicious-ip,medium,WHITE,ziyadnz/hourly-ipv4,ziyadnz|hourly,2026-08-17T18:48:05Z,2026-08-17T18:48:05Z,
185.15.171.4,ipv4,malicious-ip,medium,WHITE,ziyadnz/hourly-ipv4,ziyadnz|hourly,2026-08-17T18:48:05Z,2026-08-17T18:48:05Z,
185.15.171.43,ipv4,malicious-ip,medium,WHITE,ziyadnz/hourly-ipv4,ziyadnz|hourly,2026-08-17T18:48:05Z,2026-08-17T18:48:05Z,
185.15.171.44,ipv4,malicious-ip,medium,WHITE,ziyadnz/hourly-ipv4,ziyadnz|hourly,2026-08-17T18:48:05Z,2026-08-17T18:48:05Z,
185.15.171.67,ipv4,malicious-ip,medium,WHITE,ziyadnz/hourly-ipv4,ziyadnz|hourly,2026-08-17T18:48:05Z,2026-08-17T18:48:05Z,
185.15.171.7,ipv4,malicious-ip,medium,WHITE,ziyadnz/hourly-ipv4,ziyadnz|hourly,2026-08-17T18:48:05Z,2026-08-17T18:48:05Z,
185.15.171.77,ipv4,malicious-ip,medium,WHITE,ziyadnz/hourly-ipv4,ziyadnz|hourly,2026-08-17T18:48:05Z,2026-08-17T18:48:05Z,
185.15.171.91,ipv4,malicious-ip,medium,WHITE,ziyadnz/hourly-ipv4,ziyadnz|hourly,2026-08-17T18:48:05Z,2026-08-17T18:48:05Z,
185.15.171.92,ipv4,malicious-ip,medium,WHITE,ziyadnz/hourly-ipv4,ziyadnz|hourly,2026-08-17T18:48:05Z,2026-08-17T18:48:05Z,
185.15.171.96,ipv4,malicious-ip,medium,WHITE,ziyadnz/hourly-ipv4,ziyadnz|hourly,2026-08-17T18:48:05Z,2026-08-17T18:48:05Z,
185.15.171.99,ipv4,malicious-ip,medium,WHITE,ziyadnz/hourly-ipv4,ziyadnz|hourly,2026-08-17T18:48:05Z,2026-08-17T18:48:05Z,
185.15.38.38,ipv4,malicious-ip,medium,WHITE,ziyadnz/hourly-ipv4,ziyadnz|hourly,2026-08-17T18:48:05Z,2026-08-17T18:48:05Z,
185.15.5.115,ipv4,malicious-ip,medium,WHITE,ziyadnz/hourly-ipv4,ziyadnz|hourly,2026-08-17T18:48:05Z,2026-08-17T18:48:05Z,
185.15.82.135,ipv4,malicious-ip,medium,WHITE,ziyadnz/hourly-ipv4,ziyadnz|hourly,2026-08-17T18:48:05Z,2026-08-17T18:48:05Z,
185.150.117.122,ipv4,malicious-ip,medium,WHITE,ziyadnz/hourly-ipv4,ziyadnz|hourly,2026-08-17T18:48:05Z,2026-08-17T18:48:05Z,
185.150.117.221,ipv4,malicious-ip,medium,WHITE,ziyadnz/hourly-ipv4,ziyadnz|hourly,2026-08-17T18:48:05Z,2026-08-17T18:48:05Z,
185.150.166.51,ipv4,malicious-ip,medium,WHITE,ziyadnz/hourly-ipv4,ziyadnz|hourly,2026-08-17T18:48:05Z,2026-08-17T18:48:05Z,
185.150.189.230,ipv4,malicious-ip,medium,WHITE,ziyadnz/hourly-ipv4,ziyadnz|hourly,2026-08-17T18:48:05Z,2026-08-17T18:48:05Z,
185.150.190.165,ipv4,malicious-ip,medium,WHITE,ziyadnz/hourly-ipv4,ziyadnz|hourly,2026-08-17T18:48:05Z,2026-08-17T18:48:05Z,
185.150.25.181,ipv4,malicious-ip,medium,WHITE,ziyadnz/hourly-ipv4,ziyadnz|hourly,2026-08-17T18:48:05Z,2026-08-17T18:48:05Z,
185.150.26.226,ipv4,malicious-ip,medium,WHITE,ziyadnz/hourly-ipv4,ziyadnz|hourly,2026-08-17T18:48:05Z,2026-08-17T18:48:05Z,
185.150.28.13,ipv4,malicious-ip,medium,WHITE,ziyadnz/hourly-ipv4,ziyadnz|hourly,2026-08-17T18:48:05Z,2026-08-17T18:48:05Z,
185.151.128.157,ipv4,malicious-ip,medium,WHITE,ziyadnz/hourly-ipv4,ziyadnz|hourly,2026-08-17T18:48:05Z,2026-08-17T18:48:05Z,
185.151.130.198,ipv4,malicious-ip,medium,WHITE,ziyadnz/hourly-ipv4,ziyadnz|hourly,2026-08-17T18:48:05Z,2026-08-17T18:48:05Z,
185.151.240.186,ipv4,malicious-ip,medium,WHITE,ziyadnz/hourly-ipv4,ziyadnz|hourly,2026-08-17T18:48:05Z,2026-08-17T18:48:05Z,
185.151.86.156,ipv4,malicious-ip,medium,WHITE,ziyadnz/hourly-ipv4,ziyadnz|hourly,2026-08-17T18:48:05Z,2026-08-17T18:48:05Z,
185.151.86.190,ipv4,malicious-ip,medium,WHITE,ziyadnz/hourly-ipv4,ziyadnz|hourly,2026-08-17T18:48:05Z,2026-08-17T18:48:05Z,
185.151.87.83,ipv4,malicious-ip,medium,WHITE,ziyadnz/hourly-ipv4,ziyadnz|hourly,2026-08-17T18:48:05Z,2026-08-17T18:48:05Z,
185.151.87.89,ipv4,malicious-ip,medium,WHITE,ziyadnz/hourly-ipv4,ziyadnz|hourly,2026-08-17T18:48:05Z,2026-08-17T18:48:05Z,
185.152.127.27,ipv4,malicious-ip,medium,WHITE,ziyadnz/hourly-ipv4,ziyadnz|hourly,2026-08-17T18:48:05Z,2026-08-17T18:48:05Z,
185.152.180.161,ipv4,malicious-ip,medium,WHITE,ziyadnz/hourly-ipv4,ziyadnz|hourly,2026-08-17T18:48:05Z,2026-08-17T18:48:05Z,
185.152.66.226,ipv4,malicious-ip,medium,WHITE,ziyadnz/hourly-ipv4,ziyadnz|hourly,2026-08-17T18:48:05Z,2026-08-17T18:48:05Z,
185.152.92.227,ipv4,malicious-ip,medium,WHITE,ziyadnz/hourly-ipv4,ziyadnz|hourly,2026-08-17T18:48:05Z,2026-08-17T18:48:05Z,
185.152.92.63,ipv4,malicious-ip,medium,WHITE,ziyadnz/hourly-ipv4,ziyadnz|hourly,2026-08-17T18:48:05Z,2026-08-17T18:48:05Z,
185.153.132.86,ipv4,malicious-ip,medium,WHITE,ziyadnz/hourly-ipv4,ziyadnz|hourly,2026-08-17T18:48:05Z,2026-08-17T18:48:05Z,
185.153.166.87,ipv4,malicious-ip,medium,WHITE,ziyadnz/hourly-ipv4,ziyadnz|hourly,2026-08-17T18:48:05Z,2026-08-17T18:48:05Z,
185.153.218.96,ipv4,malicious-ip,medium,WHITE,ziyadnz/hourly-ipv4,ziyadnz|hourly,2026-08-17T18:48:05Z,2026-08-17T18:48:05Z,
185.153.231.45,ipv4,malicious-ip,medium,WHITE,ziyadnz/hourly-ipv4,ziyadnz|hourly,2026-08-17T18:48:05Z,2026-08-17T18:48:05Z,
185.153.45.171,ipv4,malicious-ip,medium,WHITE,ziyadnz/hourly-ipv4,ziyadnz|hourly,2026-08-17T18:48:05Z,2026-08-17T18:48:05Z,
185.153.47.111,ipv4,malicious-ip,medium,WHITE,ziyadnz/hourly-ipv4,ziyadnz|hourly,2026-08-17T18:48:05Z,2026-08-17T18:48:05Z,
185.154.110.142,ipv4,malicious-ip,medium,WHITE,ziyadnz/hourly-ipv4,ziyadnz|hourly,2026-08-17T18:48:05Z,2026-08-17T18:48:05Z,
185.154.110.16,ipv4,malicious-ip,medium,WHITE,ziyadnz/hourly-ipv4,ziyadnz|hourly,2026-08-17T18:48:05Z,2026-08-17T18:48:05Z,
185.154.110.17,ipv4,malicious-ip,medium,WHITE,ziyadnz/hourly-ipv4,ziyadnz|hourly,2026-08-17T18:48:05Z,2026-08-17T18:48:05Z,
185.154.53.140,ipv4,malicious-ip,medium,WHITE,ziyadnz/hourly-ipv4,ziyadnz|hourly,2026-08-17T18:48:05Z,2026-08-17T18:48:05Z,
185.156.172.17,ipv4,malicious-ip,medium,WHITE,ziyadnz/hourly-ipv4,ziyadnz|hourly,2026-08-17T18:48:05Z,2026-08-17T18:48:05Z,
185.156.172.20,ipv4,malicious-ip,medium,WHITE,ziyadnz/hourly-ipv4,ziyadnz|hourly,2026-08-17T18:48:05Z,2026-08-17T18:48:05Z,
185.156.172.48,ipv4,malicious-ip,medium,WHITE,ziyadnz/hourly-ipv4,ziyadnz|hourly,2026-08-17T18:48:05Z,2026-08-17T18:48:05Z,
185.156.213.101,ipv4,malicious-ip,medium,WHITE,ziyadnz/hourly-ipv4,ziyadnz|hourly,2026-08-17T18:48:05Z,2026-08-17T18:48:05Z,
185.156.233.129,ipv4,malicious-ip,medium,WHITE,ziyadnz/hourly-ipv4,ziyadnz|hourly,2026-08-17T18:48:05Z,2026-08-17T18:48:05Z,
185.156.234.0,ipv4,malicious-ip,medium,WHITE,ziyadnz/hourly-ipv4,ziyadnz|hourly,2026-08-17T18:48:05Z,2026-08-17T18:48:05Z,
185.156.234.117,ipv4,malicious-ip,medium,WHITE,ziyadnz/hourly-ipv4,ziyadnz|hourly,2026-08-17T18:48:05Z,2026-08-17T18:48:05Z,
185.156.234.15,ipv4,malicious-ip,medium,WHITE,ziyadnz/hourly-ipv4,ziyadnz|hourly,2026-08-17T18:48:05Z,2026-08-17T18:48:05Z,
185.156.234.207,ipv4,malicious-ip,medium,WHITE,ziyadnz/hourly-ipv4,ziyadnz|hourly,2026-08-17T18:48:05Z,2026-08-17T18:48:05Z,
185.156.234.242,ipv4,malicious-ip,medium,WHITE,ziyadnz/hourly-ipv4,ziyadnz|hourly,2026-08-17T18:48:05Z,2026-08-17T18:48:05Z,
185.156.234.9,ipv4,malicious-ip,medium,WHITE,ziyadnz/hourly-ipv4,ziyadnz|hourly,2026-08-17T18:48:05Z,2026-08-17T18:48:05Z,
185.156.235.101,ipv4,malicious-ip,medium,WHITE,ziyadnz/hourly-ipv4,ziyadnz|hourly,2026-08-17T18:48:05Z,2026-08-17T18:48:05Z,
185.156.235.158,ipv4,malicious-ip,medium,WHITE,ziyadnz/hourly-ipv4,ziyadnz|hourly,2026-08-17T18:48:05Z,2026-08-17T18:48:05Z,
185.156.235.167,ipv4,malicious-ip,medium,WHITE,ziyadnz/hourly-ipv4,ziyadnz|hourly,2026-08-17T18:48:05Z,2026-08-17T18:48:05Z,
185.156.235.80,ipv4,malicious-ip,medium,WHITE,ziyadnz/hourly-ipv4,ziyadnz|hourly,2026-08-17T18:48:05Z,2026-08-17T18:48:05Z,
185.156.39.29,ipv4,malicious-ip,medium,WHITE,ziyadnz/hourly-ipv4,ziyadnz|hourly,2026-08-17T18:48:05Z,2026-08-17T18:48:05Z,
185.156.46.139,ipv4,malicious-ip,medium,WHITE,ziyadnz/hourly-ipv4,ziyadnz|hourly,2026-08-17T18:48:05Z,2026-08-17T18:48:05Z,
185.156.72.56,ipv4,malicious-ip,medium,WHITE,ziyadnz/hourly-ipv4,ziyadnz|hourly,2026-08-17T18:48:05Z,2026-08-17T18:48:05Z,
185.156.72.78,ipv4,malicious-ip,medium,WHITE,ziyadnz/hourly-ipv4,ziyadnz|hourly,2026-08-17T18:48:05Z,2026-08-17T18:48:05Z,
185.156.72.8,ipv4,malicious-ip,medium,WHITE,ziyadnz/hourly-ipv4,ziyadnz|hourly,2026-08-17T18:48:05Z,2026-08-17T18:48:05Z,
185.156.72.80,ipv4,malicious-ip,medium,WHITE,ziyadnz/hourly-ipv4,ziyadnz|hourly,2026-08-17T18:48:05Z,2026-08-17T18:48:05Z,
185.156.73.110,ipv4,malicious-ip,medium,WHITE,ziyadnz/hourly-ipv4,ziyadnz|hourly,2026-08-17T18:48:05Z,2026-08-17T18:48:05Z,
185.156.73.73,ipv4,malicious-ip,medium,WHITE,ziyadnz/hourly-ipv4,ziyadnz|hourly,2026-08-17T18:48:05Z,2026-08-17T18:48:05Z,
185.157.109.49,ipv4,malicious-ip,medium,WHITE,ziyadnz/hourly-ipv4,ziyadnz|hourly,2026-08-17T18:48:05Z,2026-08-17T18:48:05Z,
185.157.111.178,ipv4,malicious-ip,medium,WHITE,ziyadnz/hourly-ipv4,ziyadnz|hourly,2026-08-17T18:48:05Z,2026-08-17T18:48:05Z,
185.157.121.211,ipv4,malicious-ip,medium,WHITE,ziyadnz/hourly-ipv4,ziyadnz|hourly,2026-08-17T18:48:05Z,2026-08-17T18:48:05Z,
185.157.213.71,ipv4,malicious-ip,medium,WHITE,ziyadnz/hourly-ipv4,ziyadnz|hourly,2026-08-17T18:48:05Z,2026-08-17T18:48:05Z,
185.157.245.236,ipv4,malicious-ip,medium,WHITE,ziyadnz/hourly-ipv4,ziyadnz|hourly,2026-08-17T18:48:05Z,2026-08-17T18:48:05Z,
185.158.113.114,ipv4,malicious-ip,medium,WHITE,ziyadnz/hourly-ipv4,ziyadnz|hourly,2026-08-17T18:48:05Z,2026-08-17T18:48:05Z,
185.158.21.98,ipv4,malicious-ip,medium,WHITE,ziyadnz/hourly-ipv4,ziyadnz|hourly,2026-08-17T18:48:05Z,2026-08-17T18:48:05Z,
185.158.23.150,ipv4,malicious-ip,medium,WHITE,ziyadnz/hourly-ipv4,ziyadnz|hourly,2026-08-17T18:48:05Z,2026-08-17T18:48:05Z,
185.158.248.131,ipv4,malicious-ip,medium,WHITE,ziyadnz/hourly-ipv4,ziyadnz|hourly,2026-08-17T18:48:05Z,2026-08-17T18:48:05Z,
185.158.248.198,ipv4,malicious-ip,medium,WHITE,ziyadnz/hourly-ipv4,ziyadnz|hourly,2026-08-17T18:48:05Z,2026-08-17T18:48:05Z,
185.158.248.85,ipv4,malicious-ip,medium,WHITE,ziyadnz/hourly-ipv4,ziyadnz|hourly,2026-08-17T18:48:05Z,2026-08-17T18:48:05Z,
185.158.3.152,ipv4,malicious-ip,medium,WHITE,ziyadnz/hourly-ipv4,ziyadnz|hourly,2026-08-17T18:48:05Z,2026-08-17T18:48:05Z,
185.159.162.210,ipv4,malicious-ip,medium,WHITE,ziyadnz/hourly-ipv4,ziyadnz|hourly,2026-08-17T18:48:05Z,2026-08-17T18:48:05Z,
185.159.163.105,ipv4,malicious-ip,medium,WHITE,ziyadnz/hourly-ipv4,ziyadnz|hourly,2026-08-17T18:48:05Z,2026-08-17T18:48:05Z,
185.159.163.184,ipv4,malicious-ip,medium,WHITE,ziyadnz/hourly-ipv4,ziyadnz|hourly,2026-08-17T18:48:05Z,2026-08-17T18:48:05Z,
185.159.163.9,ipv4,malicious-ip,medium,WHITE,ziyadnz/hourly-ipv4,ziyadnz|hourly,2026-08-17T18:48:05Z,2026-08-17T18:48:05Z,
185.159.219.13,ipv4,malicious-ip,medium,WHITE,ziyadnz/hourly-ipv4,ziyadnz|hourly,2026-08-17T18:48:05Z,2026-08-17T18:48:05Z,
185.16.214.226,ipv4,malicious-ip,medium,WHITE,ziyadnz/hourly-ipv4,ziyadnz|hourly,2026-08-17T18:48:05Z,2026-08-17T18:48:05Z,
185.16.38.132,ipv4,malicious-ip,medium,WHITE,ziyadnz/hourly-ipv4,ziyadnz|hourly,2026-08-17T18:48:05Z,2026-08-17T18:48:05Z,
185.16.38.90,ipv4,malicious-ip,medium,WHITE,ziyadnz/hourly-ipv4,ziyadnz|hourly,2026-08-17T18:48:05Z,2026-08-17T18:48:05Z,
185.16.39.136,ipv4,malicious-ip,medium,WHITE,ziyadnz/hourly-ipv4,ziyadnz|hourly,2026-08-17T18:48:05Z,2026-08-17T18:48:05Z,
185.16.39.253,ipv4,malicious-ip,medium,WHITE,ziyadnz/hourly-ipv4,ziyadnz|hourly,2026-08-17T18:48:05Z,2026-08-17T18:48:05Z,
185.16.60.92,ipv4,malicious-ip,medium,WHITE,ziyadnz/hourly-ipv4,ziyadnz|hourly,2026-08-17T18:48:05Z,2026-08-17T18:48:05Z,
185.160.31.10,ipv4,malicious-ip,medium,WHITE,ziyadnz/hourly-ipv4,ziyadnz|hourly,2026-08-17T18:48:05Z,2026-08-17T18:48:05Z,
185.160.31.78,ipv4,malicious-ip,medium,WHITE,ziyadnz/hourly-ipv4,ziyadnz|hourly,2026-08-17T18:48:05Z,2026-08-17T18:48:05Z,
185.160.31.85,ipv4,malicious-ip,medium,WHITE,ziyadnz/hourly-ipv4,ziyadnz|hourly,2026-08-17T18:48:05Z,2026-08-17T18:48:05Z,
185.161.208.234,ipv4,malicious-ip,medium,WHITE,ziyadnz/hourly-ipv4,ziyadnz|hourly,2026-08-17T18:48:05Z,2026-08-17T18:48:05Z,
185.161.248.253,ipv4,malicious-ip,medium,WHITE,ziyadnz/hourly-ipv4,ziyadnz|hourly,2026-08-17T18:48:05Z,2026-08-17T18:48:05Z,
185.161.248.81,ipv4,malicious-ip,medium,WHITE,ziyadnz/hourly-ipv4,ziyadnz|hourly,2026-08-17T18:48:05Z,2026-08-17T18:48:05Z,
185.161.251.11,ipv4,malicious-ip,medium,WHITE,ziyadnz/hourly-ipv4,ziyadnz|hourly,2026-08-17T18:48:05Z,2026-08-17T18:48:05Z,
185.162.128.133,ipv4,malicious-ip,medium,WHITE,ziyadnz/hourly-ipv4,ziyadnz|hourly,2026-08-17T18:48:05Z,2026-08-17T18:48:05Z,
185.162.128.75,ipv4,malicious-ip,medium,WHITE,ziyadnz/hourly-ipv4,ziyadnz|hourly,2026-08-17T18:48:05Z,2026-08-17T18:48:05Z,
185.162.235.167,ipv4,malicious-ip,medium,WHITE,ziyadnz/hourly-ipv4,ziyadnz|hourly,2026-08-17T18:48:05Z,2026-08-17T18:48:05Z,
185.162.235.206,ipv4,malicious-ip,medium,WHITE,ziyadnz/hourly-ipv4,ziyadnz|hourly,2026-08-17T18:48:05Z,2026-08-17T18:48:05Z,
185.162.251.20,ipv4,malicious-ip,medium,WHITE,ziyadnz/hourly-ipv4,ziyadnz|hourly,2026-08-17T18:48:05Z,2026-08-17T18:48:05Z,
185.162.75.19,ipv4,malicious-ip,medium,WHITE,ziyadnz/hourly-ipv4,ziyadnz|hourly,2026-08-17T18:48:05Z,2026-08-17T18:48:05Z,
185.163.204.137,ipv4,malicious-ip,medium,WHITE,ziyadnz/hourly-ipv4,ziyadnz|hourly,2026-08-17T18:48:05Z,2026-08-17T18:48:05Z,
185.163.204.206,ipv4,malicious-ip,medium,WHITE,ziyadnz/hourly-ipv4,ziyadnz|hourly,2026-08-17T18:48:05Z,2026-08-17T18:48:05Z,
185.163.204.47,ipv4,malicious-ip,medium,WHITE,ziyadnz/hourly-ipv4,ziyadnz|hourly,2026-08-17T18:48:05Z,2026-08-17T18:48:05Z,
185.163.45.130,ipv4,malicious-ip,medium,WHITE,ziyadnz/hourly-ipv4,ziyadnz|hourly,2026-08-17T18:48:05Z,2026-08-17T18:48:05Z,
185.163.45.16,ipv4,malicious-ip,medium,WHITE,ziyadnz/hourly-ipv4,ziyadnz|hourly,2026-08-17T18:48:05Z,2026-08-17T18:48:05Z,
185.163.45.221,ipv4,malicious-ip,medium,WHITE,ziyadnz/hourly-ipv4,ziyadnz|hourly,2026-08-17T18:48:05Z,2026-08-17T18:48:05Z,
185.163.45.30,ipv4,malicious-ip,medium,WHITE,ziyadnz/hourly-ipv4,ziyadnz|hourly,2026-08-17T18:48:05Z,2026-08-17T18:48:05Z,
185.163.45.41,ipv4,malicious-ip,medium,WHITE,ziyadnz/hourly-ipv4,ziyadnz|hourly,2026-08-17T18:48:05Z,2026-08-17T18:48:05Z,
185.163.45.61,ipv4,malicious-ip,medium,WHITE,ziyadnz/hourly-ipv4,ziyadnz|hourly,2026-08-17T18:48:05Z,2026-08-17T18:48:05Z,
185.163.45.73,ipv4,malicious-ip,medium,WHITE,ziyadnz/hourly-ipv4,ziyadnz|hourly,2026-08-17T18:48:05Z,2026-08-17T18:48:05Z,
185.163.45.87,ipv4,malicious-ip,medium,WHITE,ziyadnz/hourly-ipv4,ziyadnz|hourly,2026-08-17T18:48:05Z,2026-08-17T18:48:05Z,
185.163.45.97,ipv4,malicious-ip,medium,WHITE,ziyadnz/hourly-ipv4,ziyadnz|hourly,2026-08-17T18:48:05Z,2026-08-17T18:48:05Z,
185.164.80.171,ipv4,malicious-ip,medium,WHITE,ziyadnz/hourly-ipv4,ziyadnz|hourly,2026-08-17T18:48:05Z,2026-08-17T18:48:05Z,
185.165.169.239,ipv4,malicious-ip,medium,WHITE,ziyadnz/hourly-ipv4,ziyadnz|hourly,2026-08-17T18:48:05Z,2026-08-17T18:48:05Z,
185.166.217.184,ipv4,malicious-ip,medium,WHITE,ziyadnz/hourly-ipv4,ziyadnz|hourly,2026-08-17T18:48:05Z,2026-08-17T18:48:05Z,
185.166.39.91,ipv4,malicious-ip,medium,WHITE,ziyadnz/hourly-ipv4,ziyadnz|hourly,2026-08-17T18:48:05Z,2026-08-17T18:48:05Z,
185.167.63.42,ipv4,malicious-ip,medium,WHITE,ziyadnz/hourly-ipv4,ziyadnz|hourly,2026-08-17T18:48:05Z,2026-08-17T18:48:05Z,
185.167.99.46,ipv4,malicious-ip,medium,WHITE,ziyadnz/hourly-ipv4,ziyadnz|hourly,2026-08-17T18:48:05Z,2026-08-17T18:48:05Z,
185.168.175.232,ipv4,malicious-ip,medium,WHITE,ziyadnz/hourly-ipv4,ziyadnz|hourly,2026-08-17T18:48:05Z,2026-08-17T18:48:05Z,
185.168.175.96,ipv4,malicious-ip,medium,WHITE,ziyadnz/hourly-ipv4,ziyadnz|hourly,2026-08-17T18:48:05Z,2026-08-17T18:48:05Z,
185.168.196.36,ipv4,malicious-ip,medium,WHITE,ziyadnz/hourly-ipv4,ziyadnz|hourly,2026-08-17T18:48:05Z,2026-08-17T18:48:05Z,
185.169.107.44,ipv4,malicious-ip,medium,WHITE,ziyadnz/hourly-ipv4,ziyadnz|hourly,2026-08-17T18:48:05Z,2026-08-17T18:48:05Z,
185.169.253.180,ipv4,malicious-ip,medium,WHITE,ziyadnz/hourly-ipv4,ziyadnz|hourly,2026-08-17T18:48:05Z,2026-08-17T18:48:05Z,
185.169.4.0,ipv4,malicious-ip,medium,WHITE,ziyadnz/hourly-ipv4,ziyadnz|hourly,2026-08-17T18:48:05Z,2026-08-17T18:48:05Z,
185.169.4.120,ipv4,malicious-ip,medium,WHITE,ziyadnz/hourly-ipv4,ziyadnz|hourly,2026-08-17T18:48:05Z,2026-08-17T18:48:05Z,
185.169.4.121,ipv4,malicious-ip,medium,WHITE,ziyadnz/hourly-ipv4,ziyadnz|hourly,2026-08-17T18:48:05Z,2026-08-17T18:48:05Z,
185.169.4.160,ipv4,malicious-ip,medium,WHITE,ziyadnz/hourly-ipv4,ziyadnz|hourly,2026-08-17T18:48:05Z,2026-08-17T18:48:05Z,
185.169.4.163,ipv4,malicious-ip,medium,WHITE,ziyadnz/hourly-ipv4,ziyadnz|hourly,2026-08-17T18:48:05Z,2026-08-17T18:48:05Z,
185.169.4.177,ipv4,malicious-ip,medium,WHITE,ziyadnz/hourly-ipv4,ziyadnz|hourly,2026-08-17T18:48:05Z,2026-08-17T18:48:05Z,
185.169.4.185,ipv4,malicious-ip,medium,WHITE,ziyadnz/hourly-ipv4,ziyadnz|hourly,2026-08-17T18:48:05Z,2026-08-17T18:48:05Z,
185.169.4.191,ipv4,malicious-ip,medium,WHITE,ziyadnz/hourly-ipv4,ziyadnz|hourly,2026-08-17T18:48:05Z,2026-08-17T18:48:05Z,
185.169.4.201,ipv4,malicious-ip,medium,WHITE,ziyadnz/hourly-ipv4,ziyadnz|hourly,2026-08-17T18:48:05Z,2026-08-17T18:48:05Z,
185.169.4.230,ipv4,malicious-ip,medium,WHITE,ziyadnz/hourly-ipv4,ziyadnz|hourly,2026-08-17T18:48:05Z,2026-08-17T18:48:05Z,
185.169.4.40,ipv4,malicious-ip,medium,WHITE,ziyadnz/hourly-ipv4,ziyadnz|hourly,2026-08-17T18:48:05Z,2026-08-17T18:48:05Z,
185.169.4.92,ipv4,malicious-ip,medium,WHITE,ziyadnz/hourly-ipv4,ziyadnz|hourly,2026-08-17T18:48:05Z,2026-08-17T18:48:05Z,
185.169.4.97,ipv4,malicious-ip,medium,WHITE,ziyadnz/hourly-ipv4,ziyadnz|hourly,2026-08-17T18:48:05Z,2026-08-17T18:48:05Z,
185.169.7.98,ipv4,malicious-ip,medium,WHITE,ziyadnz/hourly-ipv4,ziyadnz|hourly,2026-08-17T18:48:05Z,2026-08-17T18:48:05Z,
185.17.0.19,ipv4,malicious-ip,medium,WHITE,ziyadnz/hourly-ipv4,ziyadnz|hourly,2026-08-17T18:48:05Z,2026-08-17T18:48:05Z,
185.17.124.0,ipv4,malicious-ip,medium,WHITE,ziyadnz/hourly-ipv4,ziyadnz|hourly,2026-08-17T18:48:05Z,2026-08-17T18:48:05Z,
185.17.124.103,ipv4,malicious-ip,medium,WHITE,ziyadnz/hourly-ipv4,ziyadnz|hourly,2026-08-17T18:48:05Z,2026-08-17T18:48:05Z,
185.17.124.123,ipv4,malicious-ip,medium,WHITE,ziyadnz/hourly-ipv4,ziyadnz|hourly,2026-08-17T18:48:05Z,2026-08-17T18:48:05Z,
185.17.124.141,ipv4,malicious-ip,medium,WHITE,ziyadnz/hourly-ipv4,ziyadnz|hourly,2026-08-17T18:48:05Z,2026-08-17T18:48:05Z,
185.17.124.159,ipv4,malicious-ip,medium,WHITE,ziyadnz/hourly-ipv4,ziyadnz|hourly,2026-08-17T18:48:05Z,2026-08-17T18:48:05Z,
185.17.124.16,ipv4,malicious-ip,medium,WHITE,ziyadnz/hourly-ipv4,ziyadnz|hourly,2026-08-17T18:48:05Z,2026-08-17T18:48:05Z,
185.17.124.17,ipv4,malicious-ip,medium,WHITE,ziyadnz/hourly-ipv4,ziyadnz|hourly,2026-08-17T18:48:05Z,2026-08-17T18:48:05Z,
185.17.124.182,ipv4,malicious-ip,medium,WHITE,ziyadnz/hourly-ipv4,ziyadnz|hourly,2026-08-17T18:48:05Z,2026-08-17T18:48:05Z,
185.17.124.184,ipv4,malicious-ip,medium,WHITE,ziyadnz/hourly-ipv4,ziyadnz|hourly,2026-08-17T18:48:05Z,2026-08-17T18:48:05Z,
185.17.124.223,ipv4,malicious-ip,medium,WHITE,ziyadnz/hourly-ipv4,ziyadnz|hourly,2026-08-17T18:48:05Z,2026-08-17T18:48:05Z,
185.17.124.242,ipv4,malicious-ip,medium,WHITE,ziyadnz/hourly-ipv4,ziyadnz|hourly,2026-08-17T18:48:05Z,2026-08-17T18:48:05Z,
185.17.124.28,ipv4,malicious-ip,medium,WHITE,ziyadnz/hourly-ipv4,ziyadnz|hourly,2026-08-17T18:48:05Z,2026-08-17T18:48:05Z,
185.17.124.33,ipv4,malicious-ip,medium,WHITE,ziyadnz/hourly-ipv4,ziyadnz|hourly,2026-08-17T18:48:05Z,2026-08-17T18:48:05Z,
185.17.124.39,ipv4,malicious-ip,medium,WHITE,ziyadnz/hourly-ipv4,ziyadnz|hourly,2026-08-17T18:48:05Z,2026-08-17T18:48:05Z,
185.17.124.62,ipv4,malicious-ip,medium,WHITE,ziyadnz/hourly-ipv4,ziyadnz|hourly,2026-08-17T18:48:05Z,2026-08-17T18:48:05Z,
185.17.124.79,ipv4,malicious-ip,medium,WHITE,ziyadnz/hourly-ipv4,ziyadnz|hourly,2026-08-17T18:48:05Z,2026-08-17T18:48:05Z,
185.17.125.0,ipv4,malicious-ip,medium,WHITE,ziyadnz/hourly-ipv4,ziyadnz|hourly,2026-08-17T18:48:05Z,2026-08-17T18:48:05Z,
185.17.125.102,ipv4,malicious-ip,medium,WHITE,ziyadnz/hourly-ipv4,ziyadnz|hourly,2026-08-17T18:48:05Z,2026-08-17T18:48:05Z,
185.17.125.110,ipv4,malicious-ip,medium,WHITE,ziyadnz/hourly-ipv4,ziyadnz|hourly,2026-08-17T18:48:05Z,2026-08-17T18:48:05Z,
185.17.125.111,ipv4,malicious-ip,medium,WHITE,ziyadnz/hourly-ipv4,ziyadnz|hourly,2026-08-17T18:48:05Z,2026-08-17T18:48:05Z,
185.17.125.114,ipv4,malicious-ip,medium,WHITE,ziyadnz/hourly-ipv4,ziyadnz|hourly,2026-08-17T18:48:05Z,2026-08-17T18:48:05Z,
185.17.125.118,ipv4,malicious-ip,medium,WHITE,ziyadnz/hourly-ipv4,ziyadnz|hourly,2026-08-17T18:48:05Z,2026-08-17T18:48:05Z,
185.17.125.154,ipv4,malicious-ip,medium,WHITE,ziyadnz/hourly-ipv4,ziyadnz|hourly,2026-08-17T18:48:05Z,2026-08-17T18:48:05Z,
185.17.125.163,ipv4,malicious-ip,medium,WHITE,ziyadnz/hourly-ipv4,ziyadnz|hourly,2026-08-17T18:48:05Z,2026-08-17T18:48:05Z,
185.17.125.164,ipv4,malicious-ip,medium,WHITE,ziyadnz/hourly-ipv4,ziyadnz|hourly,2026-08-17T18:48:05Z,2026-08-17T18:48:05Z,
185.17.125.167,ipv4,malicious-ip,medium,WHITE,ziyadnz/hourly-ipv4,ziyadnz|hourly,2026-08-17T18:48:05Z,2026-08-17T18:48:05Z,
185.17.125.174,ipv4,malicious-ip,medium,WHITE,ziyadnz/hourly-ipv4,ziyadnz|hourly,2026-08-17T18:48:05Z,2026-08-17T18:48:05Z,
185.17.125.183,ipv4,malicious-ip,medium,WHITE,ziyadnz/hourly-ipv4,ziyadnz|hourly,2026-08-17T18:48:05Z,2026-08-17T18:48:05Z,
185.17.125.195,ipv4,malicious-ip,medium,WHITE,ziyadnz/hourly-ipv4,ziyadnz|hourly,2026-08-17T18:48:05Z,2026-08-17T18:48:05Z,
185.17.125.201,ipv4,malicious-ip,medium,WHITE,ziyadnz/hourly-ipv4,ziyadnz|hourly,2026-08-17T18:48:05Z,2026-08-17T18:48:05Z,
185.17.125.231,ipv4,malicious-ip,medium,WHITE,ziyadnz/hourly-ipv4,ziyadnz|hourly,2026-08-17T18:48:05Z,2026-08-17T18:48:05Z,
185.17.125.240,ipv4,malicious-ip,medium,WHITE,ziyadnz/hourly-ipv4,ziyadnz|hourly,2026-08-17T18:48:05Z,2026-08-17T18:48:05Z,
185.17.125.241,ipv4,malicious-ip,medium,WHITE,ziyadnz/hourly-ipv4,ziyadnz|hourly,2026-08-17T18:48:05Z,2026-08-17T18:48:05Z,
185.17.125.36,ipv4,malicious-ip,medium,WHITE,ziyadnz/hourly-ipv4,ziyadnz|hourly,2026-08-17T18:48:05Z,2026-08-17T18:48:05Z,
185.17.125.41,ipv4,malicious-ip,medium,WHITE,ziyadnz/hourly-ipv4,ziyadnz|hourly,2026-08-17T18:48:05Z,2026-08-17T18:48:05Z,
185.17.125.52,ipv4,malicious-ip,medium,WHITE,ziyadnz/hourly-ipv4,ziyadnz|hourly,2026-08-17T18:48:05Z,2026-08-17T18:48:05Z,
185.17.125.68,ipv4,malicious-ip,medium,WHITE,ziyadnz/hourly-ipv4,ziyadnz|hourly,2026-08-17T18:48:05Z,2026-08-17T18:48:05Z,
185.17.125.70,ipv4,malicious-ip,medium,WHITE,ziyadnz/hourly-ipv4,ziyadnz|hourly,2026-08-17T18:48:05Z,2026-08-17T18:48:05Z,
185.17.40.178,ipv4,malicious-ip,medium,WHITE,ziyadnz/hourly-ipv4,ziyadnz|hourly,2026-08-17T18:48:05Z,2026-08-17T18:48:05Z,
185.170.144.198,ipv4,malicious-ip,medium,WHITE,ziyadnz/hourly-ipv4,ziyadnz|hourly,2026-08-17T18:48:05Z,2026-08-17T18:48:05Z,
185.170.153.165,ipv4,malicious-ip,medium,WHITE,ziyadnz/hourly-ipv4,ziyadnz|hourly,2026-08-17T18:48:05Z,2026-08-17T18:48:05Z,
185.170.154.167,ipv4,malicious-ip,medium,WHITE,ziyadnz/hourly-ipv4,ziyadnz|hourly,2026-08-17T18:48:05Z,2026-08-17T18:48:05Z,
185.170.154.235,ipv4,malicious-ip,medium,WHITE,ziyadnz/hourly-ipv4,ziyadnz|hourly,2026-08-17T18:48:05Z,2026-08-17T18:48:05Z,
185.171.38.122,ipv4,malicious-ip,medium,WHITE,ziyadnz/hourly-ipv4,ziyadnz|hourly,2026-08-17T18:48:05Z,2026-08-17T18:48:05Z,
185.171.71.1,ipv4,malicious-ip,medium,WHITE,ziyadnz/hourly-ipv4,ziyadnz|hourly,2026-08-17T18:48:05Z,2026-08-17T18:48:05Z,
185.172.128.100,ipv4,malicious-ip,medium,WHITE,ziyadnz/hourly-ipv4,ziyadnz|hourly,2026-08-17T18:48:05Z,2026-08-17T18:48:05Z,
185.172.128.125,ipv4,malicious-ip,medium,WHITE,ziyadnz/hourly-ipv4,ziyadnz|hourly,2026-08-17T18:48:05Z,2026-08-17T18:48:05Z,
185.172.128.132,ipv4,malicious-ip,medium,WHITE,ziyadnz/hourly-ipv4,ziyadnz|hourly,2026-08-17T18:48:05Z,2026-08-17T18:48:05Z,
185.172.128.146,ipv4,malicious-ip,medium,WHITE,ziyadnz/hourly-ipv4,ziyadnz|hourly,2026-08-17T18:48:05Z,2026-08-17T18:48:05Z,
185.172.128.170,ipv4,malicious-ip,medium,WHITE,ziyadnz/hourly-ipv4,ziyadnz|hourly,2026-08-17T18:48:05Z,2026-08-17T18:48:05Z,
185.172.128.5,ipv4,malicious-ip,medium,WHITE,ziyadnz/hourly-ipv4,ziyadnz|hourly,2026-08-17T18:48:05Z,2026-08-17T18:48:05Z,
185.172.128.69,ipv4,malicious-ip,medium,WHITE,ziyadnz/hourly-ipv4,ziyadnz|hourly,2026-08-17T18:48:05Z,2026-08-17T18:48:05Z,
185.172.128.93,ipv4,malicious-ip,medium,WHITE,ziyadnz/hourly-ipv4,ziyadnz|hourly,2026-08-17T18:48:05Z,2026-08-17T18:48:05Z,
185.172.128.99,ipv4,malicious-ip,medium,WHITE,ziyadnz/hourly-ipv4,ziyadnz|hourly,2026-08-17T18:48:05Z,2026-08-17T18:48:05Z,
185.172.214.211,ipv4,malicious-ip,medium,WHITE,ziyadnz/hourly-ipv4,ziyadnz|hourly,2026-08-17T18:48:05Z,2026-08-17T18:48:05Z,
185.172.215.173,ipv4,malicious-ip,medium,WHITE,ziyadnz/hourly-ipv4,ziyadnz|hourly,2026-08-17T18:48:05Z,2026-08-17T18:48:05Z,
185.173.105.107,ipv4,malicious-ip,medium,WHITE,ziyadnz/hourly-ipv4,ziyadnz|hourly,2026-08-17T18:48:05Z,2026-08-17T18:48:05Z,
185.173.235.134,ipv4,malicious-ip,medium,WHITE,ziyadnz/hourly-ipv4,ziyadnz|hourly,2026-08-17T18:48:05Z,2026-08-17T18:48:05Z,
185.173.235.232,ipv4,malicious-ip,medium,WHITE,ziyadnz/hourly-ipv4,ziyadnz|hourly,2026-08-17T18:48:05Z,2026-08-17T18:48:05Z,
185.173.37.67,ipv4,malicious-ip,medium,WHITE,ziyadnz/hourly-ipv4,ziyadnz|hourly,2026-08-17T18:48:05Z,2026-08-17T18:48:05Z,
185.173.38.57,ipv4,malicious-ip,medium,WHITE,ziyadnz/hourly-ipv4,ziyadnz|hourly,2026-08-17T18:48:05Z,2026-08-17T18:48:05Z,
185.173.93.167,ipv4,malicious-ip,medium,WHITE,ziyadnz/hourly-ipv4,ziyadnz|hourly,2026-08-17T18:48:05Z,2026-08-17T18:48:05Z,
185.174.0.197,ipv4,malicious-ip,medium,WHITE,ziyadnz/hourly-ipv4,ziyadnz|hourly,2026-08-17T18:48:05Z,2026-08-17T18:48:05Z,
185.174.100.215,ipv4,malicious-ip,medium,WHITE,ziyadnz/hourly-ipv4,ziyadnz|hourly,2026-08-17T18:48:05Z,2026-08-17T18:48:05Z,
185.174.100.250,ipv4,malicious-ip,medium,WHITE,ziyadnz/hourly-ipv4,ziyadnz|hourly,2026-08-17T18:48:05Z,2026-08-17T18:48:05Z,
185.174.101.240,ipv4,malicious-ip,medium,WHITE,ziyadnz/hourly-ipv4,ziyadnz|hourly,2026-08-17T18:48:05Z,2026-08-17T18:48:05Z,
185.174.101.69,ipv4,malicious-ip,medium,WHITE,ziyadnz/hourly-ipv4,ziyadnz|hourly,2026-08-17T18:48:05Z,2026-08-17T18:48:05Z,
185.174.102.62,ipv4,malicious-ip,medium,WHITE,ziyadnz/hourly-ipv4,ziyadnz|hourly,2026-08-17T18:48:05Z,2026-08-17T18:48:05Z,
185.174.136.20,ipv4,malicious-ip,medium,WHITE,ziyadnz/hourly-ipv4,ziyadnz|hourly,2026-08-17T18:48:05Z,2026-08-17T18:48:05Z,
185.174.137.120,ipv4,malicious-ip,medium,WHITE,ziyadnz/hourly-ipv4,ziyadnz|hourly,2026-08-17T18:48:05Z,2026-08-17T18:48:05Z,
185.174.137.26,ipv4,malicious-ip,medium,WHITE,ziyadnz/hourly-ipv4,ziyadnz|hourly,2026-08-17T18:48:05Z,2026-08-17T18:48:05Z,
185.174.173.22,ipv4,malicious-ip,medium,WHITE,ziyadnz/hourly-ipv4,ziyadnz|hourly,2026-08-17T18:48:05Z,2026-08-17T18:48:05Z,
185.174.182.226,ipv4,malicious-ip,medium,WHITE,ziyadnz/hourly-ipv4,ziyadnz|hourly,2026-08-17T18:48:05Z,2026-08-17T18:48:05Z,
185.174.210.1,ipv4,malicious-ip,medium,WHITE,ziyadnz/hourly-ipv4,ziyadnz|hourly,2026-08-17T18:48:05Z,2026-08-17T18:48:05Z,
185.175.254.11,ipv4,malicious-ip,medium,WHITE,ziyadnz/hourly-ipv4,ziyadnz|hourly,2026-08-17T18:48:05Z,2026-08-17T18:48:05Z,
185.175.56.58,ipv4,malicious-ip,medium,WHITE,ziyadnz/hourly-ipv4,ziyadnz|hourly,2026-08-17T18:48:05Z,2026-08-17T18:48:05Z,
185.176.220.141,ipv4,malicious-ip,medium,WHITE,ziyadnz/hourly-ipv4,ziyadnz|hourly,2026-08-17T18:48:05Z,2026-08-17T18:48:05Z,
185.176.220.212,ipv4,malicious-ip,medium,WHITE,ziyadnz/hourly-ipv4,ziyadnz|hourly,2026-08-17T18:48:05Z,2026-08-17T18:48:05Z,
185.176.220.76,ipv4,malicious-ip,medium,WHITE,ziyadnz/hourly-ipv4,ziyadnz|hourly,2026-08-17T18:48:05Z,2026-08-17T18:48:05Z,
185.176.220.80,ipv4,malicious-ip,medium,WHITE,ziyadnz/hourly-ipv4,ziyadnz|hourly,2026-08-17T18:48:05Z,2026-08-17T18:48:05Z,
185.176.94.114,ipv4,malicious-ip,medium,WHITE,ziyadnz/hourly-ipv4,ziyadnz|hourly,2026-08-17T18:48:05Z,2026-08-17T18:48:05Z,
185.176.94.38,ipv4,malicious-ip,medium,WHITE,ziyadnz/hourly-ipv4,ziyadnz|hourly,2026-08-17T18:48:05Z,2026-08-17T18:48:05Z,
185.176.94.42,ipv4,malicious-ip,medium,WHITE,ziyadnz/hourly-ipv4,ziyadnz|hourly,2026-08-17T18:48:05Z,2026-08-17T18:48:05Z,
185.177.0.254,ipv4,malicious-ip,medium,WHITE,ziyadnz/hourly-ipv4,ziyadnz|hourly,2026-08-17T18:48:05Z,2026-08-17T18:48:05Z,
185.177.159.136,ipv4,malicious-ip,medium,WHITE,ziyadnz/hourly-ipv4,ziyadnz|hourly,2026-08-17T18:48:05Z,2026-08-17T18:48:05Z,
185.177.189.146,ipv4,malicious-ip,medium,WHITE,ziyadnz/hourly-ipv4,ziyadnz|hourly,2026-08-17T18:48:05Z,2026-08-17T18:48:05Z,
185.177.191.166,ipv4,malicious-ip,medium,WHITE,ziyadnz/hourly-ipv4,ziyadnz|hourly,2026-08-17T18:48:05Z,2026-08-17T18:48:05Z,
185.177.191.191,ipv4,malicious-ip,medium,WHITE,ziyadnz/hourly-ipv4,ziyadnz|hourly,2026-08-17T18:48:05Z,2026-08-17T18:48:05Z,
185.177.2.130,ipv4,malicious-ip,medium,WHITE,ziyadnz/hourly-ipv4,ziyadnz|hourly,2026-08-17T18:48:05Z,2026-08-17T18:48:05Z,
185.177.239.255,ipv4,malicious-ip,medium,WHITE,ziyadnz/hourly-ipv4,ziyadnz|hourly,2026-08-17T18:48:05Z,2026-08-17T18:48:05Z,
185.177.243.177,ipv4,malicious-ip,medium,WHITE,ziyadnz/hourly-ipv4,ziyadnz|hourly,2026-08-17T18:48:05Z,2026-08-17T18:48:05Z,
185.177.72.0,ipv4,malicious-ip,medium,WHITE,ziyadnz/hourly-ipv4,ziyadnz|hourly,2026-08-17T18:48:05Z,2026-08-17T18:48:05Z,
185.177.72.100,ipv4,malicious-ip,medium,WHITE,ziyadnz/hourly-ipv4,ziyadnz|hourly,2026-08-17T18:48:05Z,2026-08-17T18:48:05Z,
185.177.72.13,ipv4,malicious-ip,medium,WHITE,ziyadnz/hourly-ipv4,ziyadnz|hourly,2026-08-17T18:48:05Z,2026-08-17T18:48:05Z,
185.177.72.17,ipv4,malicious-ip,medium,WHITE,ziyadnz/hourly-ipv4,ziyadnz|hourly,2026-08-17T18:48:05Z,2026-08-17T18:48:05Z,
185.177.72.22,ipv4,malicious-ip,medium,WHITE,ziyadnz/hourly-ipv4,ziyadnz|hourly,2026-08-17T18:48:05Z,2026-08-17T18:48:05Z,
185.177.72.23,ipv4,malicious-ip,medium,WHITE,ziyadnz/hourly-ipv4,ziyadnz|hourly,2026-08-17T18:48:05Z,2026-08-17T18:48:05Z,
185.177.72.24,ipv4,malicious-ip,medium,WHITE,ziyadnz/hourly-ipv4,ziyadnz|hourly,2026-08-17T18:48:05Z,2026-08-17T18:48:05Z,
185.177.72.29,ipv4,malicious-ip,medium,WHITE,ziyadnz/hourly-ipv4,ziyadnz|hourly,2026-08-17T18:48:05Z,2026-08-17T18:48:05Z,
185.177.72.49,ipv4,malicious-ip,medium,WHITE,ziyadnz/hourly-ipv4,ziyadnz|hourly,2026-08-17T18:48:05Z,2026-08-17T18:48:05Z,
185.177.72.51,ipv4,malicious-ip,medium,WHITE,ziyadnz/hourly-ipv4,ziyadnz|hourly,2026-08-17T18:48:05Z,2026-08-17T18:48:05Z,
185.177.72.53,ipv4,malicious-ip,medium,WHITE,ziyadnz/hourly-ipv4,ziyadnz|hourly,2026-08-17T18:48:05Z,2026-08-17T18:48:05Z,
185.177.72.54,ipv4,malicious-ip,medium,WHITE,ziyadnz/hourly-ipv4,ziyadnz|hourly,2026-08-17T18:48:05Z,2026-08-17T18:48:05Z,
185.177.72.58,ipv4,malicious-ip,medium,WHITE,ziyadnz/hourly-ipv4,ziyadnz|hourly,2026-08-17T18:48:05Z,2026-08-17T18:48:05Z,
185.177.72.68,ipv4,malicious-ip,medium,WHITE,ziyadnz/hourly-ipv4,ziyadnz|hourly,2026-08-17T18:48:05Z,2026-08-17T18:48:05Z,
185.177.72.9,ipv4,malicious-ip,medium,WHITE,ziyadnz/hourly-ipv4,ziyadnz|hourly,2026-08-17T18:48:05Z,2026-08-17T18:48:05Z,
185.177.73.212,ipv4,malicious-ip,medium,WHITE,ziyadnz/hourly-ipv4,ziyadnz|hourly,2026-08-17T18:48:05Z,2026-08-17T18:48:05Z,
185.178.208.142,ipv4,malicious-ip,medium,WHITE,ziyadnz/hourly-ipv4,ziyadnz|hourly,2026-08-17T18:48:05Z,2026-08-17T18:48:05Z,
185.178.208.170,ipv4,malicious-ip,medium,WHITE,ziyadnz/hourly-ipv4,ziyadnz|hourly,2026-08-17T18:48:05Z,2026-08-17T18:48:05Z,
185.178.243.62,ipv4,malicious-ip,medium,WHITE,ziyadnz/hourly-ipv4,ziyadnz|hourly,2026-08-17T18:48:05Z,2026-08-17T18:48:05Z,
185.179.216.129,ipv4,malicious-ip,medium,WHITE,ziyadnz/hourly-ipv4,ziyadnz|hourly,2026-08-17T18:48:05Z,2026-08-17T18:48:05Z,
185.179.218.75,ipv4,malicious-ip,medium,WHITE,ziyadnz/hourly-ipv4,ziyadnz|hourly,2026-08-17T18:48:05Z,2026-08-17T18:48:05Z,
185.179.31.43,ipv4,malicious-ip,medium,WHITE,ziyadnz/hourly-ipv4,ziyadnz|hourly,2026-08-17T18:48:05Z,2026-08-17T18:48:05Z,
185.180.131.64,ipv4,malicious-ip,medium,WHITE,ziyadnz/hourly-ipv4,ziyadnz|hourly,2026-08-17T18:48:05Z,2026-08-17T18:48:05Z,
185.180.141.0,ipv4,malicious-ip,medium,WHITE,ziyadnz/hourly-ipv4,ziyadnz|hourly,2026-08-17T18:48:05Z,2026-08-17T18:48:05Z,
185.180.141.10,ipv4,malicious-ip,medium,WHITE,ziyadnz/hourly-ipv4,ziyadnz|hourly,2026-08-17T18:48:05Z,2026-08-17T18:48:05Z,
185.180.141.12,ipv4,malicious-ip,medium,WHITE,ziyadnz/hourly-ipv4,ziyadnz|hourly,2026-08-17T18:48:05Z,2026-08-17T18:48:05Z,
185.180.141.13,ipv4,malicious-ip,medium,WHITE,ziyadnz/hourly-ipv4,ziyadnz|hourly,2026-08-17T18:48:05Z,2026-08-17T18:48:05Z,
185.180.141.14,ipv4,malicious-ip,medium,WHITE,ziyadnz/hourly-ipv4,ziyadnz|hourly,2026-08-17T18:48:05Z,2026-08-17T18:48:05Z,
185.180.141.15,ipv4,malicious-ip,medium,WHITE,ziyadnz/hourly-ipv4,ziyadnz|hourly,2026-08-17T18:48:05Z,2026-08-17T18:48:05Z,
185.180.141.32,ipv4,malicious-ip,medium,WHITE,ziyadnz/hourly-ipv4,ziyadnz|hourly,2026-08-17T18:48:05Z,2026-08-17T18:48:05Z,
185.180.141.33,ipv4,malicious-ip,medium,WHITE,ziyadnz/hourly-ipv4,ziyadnz|hourly,2026-08-17T18:48:05Z,2026-08-17T18:48:05Z,
185.180.141.34,ipv4,malicious-ip,medium,WHITE,ziyadnz/hourly-ipv4,ziyadnz|hourly,2026-08-17T18:48:05Z,2026-08-17T18:48:05Z,
185.180.141.35,ipv4,malicious-ip,medium,WHITE,ziyadnz/hourly-ipv4,ziyadnz|hourly,2026-08-17T18:48:05Z,2026-08-17T18:48:05Z,
185.180.141.37,ipv4,malicious-ip,medium,WHITE,ziyadnz/hourly-ipv4,ziyadnz|hourly,2026-08-17T18:48:05Z,2026-08-17T18:48:05Z,
185.180.141.38,ipv4,malicious-ip,medium,WHITE,ziyadnz/hourly-ipv4,ziyadnz|hourly,2026-08-17T18:48:05Z,2026-08-17T18:48:05Z,
185.180.141.39,ipv4,malicious-ip,medium,WHITE,ziyadnz/hourly-ipv4,ziyadnz|hourly,2026-08-17T18:48:05Z,2026-08-17T18:48:05Z,
185.180.141.40,ipv4,malicious-ip,medium,WHITE,ziyadnz/hourly-ipv4,ziyadnz|hourly,2026-08-17T18:48:05Z,2026-08-17T18:48:05Z,
185.180.141.42,ipv4,malicious-ip,medium,WHITE,ziyadnz/hourly-ipv4,ziyadnz|hourly,2026-08-17T18:48:05Z,2026-08-17T18:48:05Z,
185.180.141.43,ipv4,malicious-ip,medium,WHITE,ziyadnz/hourly-ipv4,ziyadnz|hourly,2026-08-17T18:48:05Z,2026-08-17T18:48:05Z,
185.180.141.44,ipv4,malicious-ip,medium,WHITE,ziyadnz/hourly-ipv4,ziyadnz|hourly,2026-08-17T18:48:05Z,2026-08-17T18:48:05Z,
185.180.141.45,ipv4,malicious-ip,medium,WHITE,ziyadnz/hourly-ipv4,ziyadnz|hourly,2026-08-17T18:48:05Z,2026-08-17T18:48:05Z,
185.180.141.47,ipv4,malicious-ip,medium,WHITE,ziyadnz/hourly-ipv4,ziyadnz|hourly,2026-08-17T18:48:05Z,2026-08-17T18:48:05Z,
185.180.141.48,ipv4,malicious-ip,medium,WHITE,ziyadnz/hourly-ipv4,ziyadnz|hourly,2026-08-17T18:48:05Z,2026-08-17T18:48:05Z,
185.180.141.49,ipv4,malicious-ip,medium,WHITE,ziyadnz/hourly-ipv4,ziyadnz|hourly,2026-08-17T18:48:05Z,2026-08-17T18:48:05Z,
185.180.141.50,ipv4,malicious-ip,medium,WHITE,ziyadnz/hourly-ipv4,ziyadnz|hourly,2026-08-17T18:48:05Z,2026-08-17T18:48:05Z,
185.180.141.52,ipv4,malicious-ip,medium,WHITE,ziyadnz/hourly-ipv4,ziyadnz|hourly,2026-08-17T18:48:05Z,2026-08-17T18:48:05Z,
185.180.141.53,ipv4,malicious-ip,medium,WHITE,ziyadnz/hourly-ipv4,ziyadnz|hourly,2026-08-17T18:48:05Z,2026-08-17T18:48:05Z,
185.180.141.54,ipv4,malicious-ip,medium,WHITE,ziyadnz/hourly-ipv4,ziyadnz|hourly,2026-08-17T18:48:05Z,2026-08-17T18:48:05Z,
185.180.141.55,ipv4,malicious-ip,medium,WHITE,ziyadnz/hourly-ipv4,ziyadnz|hourly,2026-08-17T18:48:05Z,2026-08-17T18:48:05Z,
185.180.141.58,ipv4,malicious-ip,medium,WHITE,ziyadnz/hourly-ipv4,ziyadnz|hourly,2026-08-17T18:48:05Z,2026-08-17T18:48:05Z,
185.180.141.59,ipv4,malicious-ip,medium,WHITE,ziyadnz/hourly-ipv4,ziyadnz|hourly,2026-08-17T18:48:05Z,2026-08-17T18:48:05Z,
185.180.141.67,ipv4,malicious-ip,medium,WHITE,ziyadnz/hourly-ipv4,ziyadnz|hourly,2026-08-17T18:48:05Z,2026-08-17T18:48:05Z,
185.180.141.68,ipv4,malicious-ip,medium,WHITE,ziyadnz/hourly-ipv4,ziyadnz|hourly,2026-08-17T18:48:05Z,2026-08-17T18:48:05Z,
185.180.141.69,ipv4,malicious-ip,medium,WHITE,ziyadnz/hourly-ipv4,ziyadnz|hourly,2026-08-17T18:48:05Z,2026-08-17T18:48:05Z,
185.180.141.7,ipv4,malicious-ip,medium,WHITE,ziyadnz/hourly-ipv4,ziyadnz|hourly,2026-08-17T18:48:05Z,2026-08-17T18:48:05Z,
185.180.141.70,ipv4,malicious-ip,medium,WHITE,ziyadnz/hourly-ipv4,ziyadnz|hourly,2026-08-17T18:48:05Z,2026-08-17T18:48:05Z,
185.180.141.8,ipv4,malicious-ip,medium,WHITE,ziyadnz/hourly-ipv4,ziyadnz|hourly,2026-08-17T18:48:05Z,2026-08-17T18:48:05Z,
185.180.141.9,ipv4,malicious-ip,medium,WHITE,ziyadnz/hourly-ipv4,ziyadnz|hourly,2026-08-17T18:48:05Z,2026-08-17T18:48:05Z,
185.180.198.238,ipv4,malicious-ip,medium,WHITE,ziyadnz/hourly-ipv4,ziyadnz|hourly,2026-08-17T18:48:05Z,2026-08-17T18:48:05Z,
185.180.205.48,ipv4,malicious-ip,medium,WHITE,ziyadnz/hourly-ipv4,ziyadnz|hourly,2026-08-17T18:48:05Z,2026-08-17T18:48:05Z,
185.180.221.108,ipv4,malicious-ip,medium,WHITE,ziyadnz/hourly-ipv4,ziyadnz|hourly,2026-08-17T18:48:05Z,2026-08-17T18:48:05Z,
185.180.223.48,ipv4,malicious-ip,medium,WHITE,ziyadnz/hourly-ipv4,ziyadnz|hourly,2026-08-17T18:48:05Z,2026-08-17T18:48:05Z,
185.181.10.136,ipv4,malicious-ip,medium,WHITE,ziyadnz/hourly-ipv4,ziyadnz|hourly,2026-08-17T18:48:05Z,2026-08-17T18:48:05Z,
185.181.10.208,ipv4,malicious-ip,medium,WHITE,ziyadnz/hourly-ipv4,ziyadnz|hourly,2026-08-17T18:48:05Z,2026-08-17T18:48:05Z,
185.181.10.35,ipv4,malicious-ip,medium,WHITE,ziyadnz/hourly-ipv4,ziyadnz|hourly,2026-08-17T18:48:05Z,2026-08-17T18:48:05Z,
185.181.111.69,ipv4,malicious-ip,medium,WHITE,ziyadnz/hourly-ipv4,ziyadnz|hourly,2026-08-17T18:48:05Z,2026-08-17T18:48:05Z,
185.181.229.240,ipv4,malicious-ip,medium,WHITE,ziyadnz/hourly-ipv4,ziyadnz|hourly,2026-08-17T18:48:05Z,2026-08-17T18:48:05Z,
185.181.229.73,ipv4,malicious-ip,medium,WHITE,ziyadnz/hourly-ipv4,ziyadnz|hourly,2026-08-17T18:48:05Z,2026-08-17T18:48:05Z,
185.181.230.103,ipv4,malicious-ip,medium,WHITE,ziyadnz/hourly-ipv4,ziyadnz|hourly,2026-08-17T18:48:05Z,2026-08-17T18:48:05Z,
185.181.230.71,ipv4,malicious-ip,medium,WHITE,ziyadnz/hourly-ipv4,ziyadnz|hourly,2026-08-17T18:48:05Z,2026-08-17T18:48:05Z,
185.181.60.11,ipv4,malicious-ip,medium,WHITE,ziyadnz/hourly-ipv4,ziyadnz|hourly,2026-08-17T18:48:05Z,2026-08-17T18:48:05Z,
185.181.60.204,ipv4,malicious-ip,medium,WHITE,ziyadnz/hourly-ipv4,ziyadnz|hourly,2026-08-17T18:48:05Z,2026-08-17T18:48:05Z,
185.181.61.201,ipv4,malicious-ip,medium,WHITE,ziyadnz/hourly-ipv4,ziyadnz|hourly,2026-08-17T18:48:05Z,2026-08-17T18:48:05Z,
185.181.61.203,ipv4,malicious-ip,medium,WHITE,ziyadnz/hourly-ipv4,ziyadnz|hourly,2026-08-17T18:48:05Z,2026-08-17T18:48:05Z,
185.182.110.139,ipv4,malicious-ip,medium,WHITE,ziyadnz/hourly-ipv4,ziyadnz|hourly,2026-08-17T18:48:05Z,2026-08-17T18:48:05Z,
185.182.185.101,ipv4,malicious-ip,medium,WHITE,ziyadnz/hourly-ipv4,ziyadnz|hourly,2026-08-17T18:48:05Z,2026-08-17T18:48:05Z,
185.182.193.120,ipv4,malicious-ip,medium,WHITE,ziyadnz/hourly-ipv4,ziyadnz|hourly,2026-08-17T18:48:05Z,2026-08-17T18:48:05Z,
185.182.193.131,ipv4,malicious-ip,medium,WHITE,ziyadnz/hourly-ipv4,ziyadnz|hourly,2026-08-17T18:48:05Z,2026-08-17T18:48:05Z,
185.182.193.21,ipv4,malicious-ip,medium,WHITE,ziyadnz/hourly-ipv4,ziyadnz|hourly,2026-08-17T18:48:05Z,2026-08-17T18:48:05Z,
185.182.8.144,ipv4,malicious-ip,medium,WHITE,ziyadnz/hourly-ipv4,ziyadnz|hourly,2026-08-17T18:48:05Z,2026-08-17T18:48:05Z,
185.182.8.9,ipv4,malicious-ip,medium,WHITE,ziyadnz/hourly-ipv4,ziyadnz|hourly,2026-08-17T18:48:05Z,2026-08-17T18:48:05Z,
185.183.104.99,ipv4,malicious-ip,medium,WHITE,ziyadnz/hourly-ipv4,ziyadnz|hourly,2026-08-17T18:48:05Z,2026-08-17T18:48:05Z,
185.183.15.104,ipv4,malicious-ip,medium,WHITE,ziyadnz/hourly-ipv4,ziyadnz|hourly,2026-08-17T18:48:05Z,2026-08-17T18:48:05Z,
185.183.157.214,ipv4,malicious-ip,medium,WHITE,ziyadnz/hourly-ipv4,ziyadnz|hourly,2026-08-17T18:48:05Z,2026-08-17T18:48:05Z,
185.183.242.106,ipv4,malicious-ip,medium,WHITE,ziyadnz/hourly-ipv4,ziyadnz|hourly,2026-08-17T18:48:05Z,2026-08-17T18:48:05Z,
185.183.32.122,ipv4,malicious-ip,medium,WHITE,ziyadnz/hourly-ipv4,ziyadnz|hourly,2026-08-17T18:48:05Z,2026-08-17T18:48:05Z,
185.183.35.100,ipv4,malicious-ip,medium,WHITE,ziyadnz/hourly-ipv4,ziyadnz|hourly,2026-08-17T18:48:05Z,2026-08-17T18:48:05Z,
185.183.92.194,ipv4,malicious-ip,medium,WHITE,ziyadnz/hourly-ipv4,ziyadnz|hourly,2026-08-17T18:48:05Z,2026-08-17T18:48:05Z,
185.183.94.204,ipv4,malicious-ip,medium,WHITE,ziyadnz/hourly-ipv4,ziyadnz|hourly,2026-08-17T18:48:05Z,2026-08-17T18:48:05Z,
185.183.95.112,ipv4,malicious-ip,medium,WHITE,ziyadnz/hourly-ipv4,ziyadnz|hourly,2026-08-17T18:48:05Z,2026-08-17T18:48:05Z,
185.183.95.79,ipv4,malicious-ip,medium,WHITE,ziyadnz/hourly-ipv4,ziyadnz|hourly,2026-08-17T18:48:05Z,2026-08-17T18:48:05Z,
185.183.98.133,ipv4,malicious-ip,medium,WHITE,ziyadnz/hourly-ipv4,ziyadnz|hourly,2026-08-17T18:48:05Z,2026-08-17T18:48:05Z,
185.183.98.37,ipv4,malicious-ip,medium,WHITE,ziyadnz/hourly-ipv4,ziyadnz|hourly,2026-08-17T18:48:05Z,2026-08-17T18:48:05Z,
185.184.170.250,ipv4,malicious-ip,medium,WHITE,ziyadnz/hourly-ipv4,ziyadnz|hourly,2026-08-17T18:48:05Z,2026-08-17T18:48:05Z,
185.184.195.54,ipv4,malicious-ip,medium,WHITE,ziyadnz/hourly-ipv4,ziyadnz|hourly,2026-08-17T18:48:05Z,2026-08-17T18:48:05Z,
185.185.50.172,ipv4,malicious-ip,medium,WHITE,ziyadnz/hourly-ipv4,ziyadnz|hourly,2026-08-17T18:48:05Z,2026-08-17T18:48:05Z,
185.185.83.145,ipv4,malicious-ip,medium,WHITE,ziyadnz/hourly-ipv4,ziyadnz|hourly,2026-08-17T18:48:05Z,2026-08-17T18:48:05Z,
185.185.83.96,ipv4,malicious-ip,medium,WHITE,ziyadnz/hourly-ipv4,ziyadnz|hourly,2026-08-17T18:48:05Z,2026-08-17T18:48:05Z,
185.186.244.130,ipv4,malicious-ip,medium,WHITE,ziyadnz/hourly-ipv4,ziyadnz|hourly,2026-08-17T18:48:05Z,2026-08-17T18:48:05Z,
185.186.244.232,ipv4,malicious-ip,medium,WHITE,ziyadnz/hourly-ipv4,ziyadnz|hourly,2026-08-17T18:48:05Z,2026-08-17T18:48:05Z,
185.186.72.14,ipv4,malicious-ip,medium,WHITE,ziyadnz/hourly-ipv4,ziyadnz|hourly,2026-08-17T18:48:05Z,2026-08-17T18:48:05Z,
185.187.131.174,ipv4,malicious-ip,medium,WHITE,ziyadnz/hourly-ipv4,ziyadnz|hourly,2026-08-17T18:48:05Z,2026-08-17T18:48:05Z,
185.187.131.188,ipv4,malicious-ip,medium,WHITE,ziyadnz/hourly-ipv4,ziyadnz|hourly,2026-08-17T18:48:05Z,2026-08-17T18:48:05Z,
185.187.169.232,ipv4,malicious-ip,medium,WHITE,ziyadnz/hourly-ipv4,ziyadnz|hourly,2026-08-17T18:48:05Z,2026-08-17T18:48:05Z,
185.187.193.21,ipv4,malicious-ip,medium,WHITE,ziyadnz/hourly-ipv4,ziyadnz|hourly,2026-08-17T18:48:05Z,2026-08-17T18:48:05Z,
185.187.94.160,ipv4,malicious-ip,medium,WHITE,ziyadnz/hourly-ipv4,ziyadnz|hourly,2026-08-17T18:48:05Z,2026-08-17T18:48:05Z,
185.187.94.206,ipv4,malicious-ip,medium,WHITE,ziyadnz/hourly-ipv4,ziyadnz|hourly,2026-08-17T18:48:05Z,2026-08-17T18:48:05Z,
185.188.212.17,ipv4,malicious-ip,medium,WHITE,ziyadnz/hourly-ipv4,ziyadnz|hourly,2026-08-17T18:48:05Z,2026-08-17T18:48:05Z,
185.188.217.192,ipv4,malicious-ip,medium,WHITE,ziyadnz/hourly-ipv4,ziyadnz|hourly,2026-08-17T18:48:05Z,2026-08-17T18:48:05Z,
185.188.217.199,ipv4,malicious-ip,medium,WHITE,ziyadnz/hourly-ipv4,ziyadnz|hourly,2026-08-17T18:48:05Z,2026-08-17T18:48:05Z,
185.188.217.238,ipv4,malicious-ip,medium,WHITE,ziyadnz/hourly-ipv4,ziyadnz|hourly,2026-08-17T18:48:05Z,2026-08-17T18:48:05Z,
185.188.217.249,ipv4,malicious-ip,medium,WHITE,ziyadnz/hourly-ipv4,ziyadnz|hourly,2026-08-17T18:48:05Z,2026-08-17T18:48:05Z,
185.188.239.22,ipv4,malicious-ip,medium,WHITE,ziyadnz/hourly-ipv4,ziyadnz|hourly,2026-08-17T18:48:05Z,2026-08-17T18:48:05Z,
185.188.61.203,ipv4,malicious-ip,medium,WHITE,ziyadnz/hourly-ipv4,ziyadnz|hourly,2026-08-17T18:48:05Z,2026-08-17T18:48:05Z,
185.188.61.226,ipv4,malicious-ip,medium,WHITE,ziyadnz/hourly-ipv4,ziyadnz|hourly,2026-08-17T18:48:05Z,2026-08-17T18:48:05Z,
185.189.115.108,ipv4,malicious-ip,medium,WHITE,ziyadnz/hourly-ipv4,ziyadnz|hourly,2026-08-17T18:48:05Z,2026-08-17T18:48:05Z,
185.189.182.234,ipv4,malicious-ip,medium,WHITE,ziyadnz/hourly-ipv4,ziyadnz|hourly,2026-08-17T18:48:05Z,2026-08-17T18:48:05Z,
185.189.245.47,ipv4,malicious-ip,medium,WHITE,ziyadnz/hourly-ipv4,ziyadnz|hourly,2026-08-17T18:48:05Z,2026-08-17T18:48:05Z,
185.19.118.26,ipv4,malicious-ip,medium,WHITE,ziyadnz/hourly-ipv4,ziyadnz|hourly,2026-08-17T18:48:05Z,2026-08-17T18:48:05Z,
185.19.118.57,ipv4,malicious-ip,medium,WHITE,ziyadnz/hourly-ipv4,ziyadnz|hourly,2026-08-17T18:48:05Z,2026-08-17T18:48:05Z,
185.19.119.252,ipv4,malicious-ip,medium,WHITE,ziyadnz/hourly-ipv4,ziyadnz|hourly,2026-08-17T18:48:05Z,2026-08-17T18:48:05Z,
185.19.6.1,ipv4,malicious-ip,medium,WHITE,ziyadnz/hourly-ipv4,ziyadnz|hourly,2026-08-17T18:48:05Z,2026-08-17T18:48:05Z,
185.190.25.168,ipv4,malicious-ip,medium,WHITE,ziyadnz/hourly-ipv4,ziyadnz|hourly,2026-08-17T18:48:05Z,2026-08-17T18:48:05Z,
185.190.251.16,ipv4,malicious-ip,medium,WHITE,ziyadnz/hourly-ipv4,ziyadnz|hourly,2026-08-17T18:48:05Z,2026-08-17T18:48:05Z,
185.191.126.221,ipv4,malicious-ip,medium,WHITE,ziyadnz/hourly-ipv4,ziyadnz|hourly,2026-08-17T18:48:05Z,2026-08-17T18:48:05Z,
185.191.127.222,ipv4,malicious-ip,medium,WHITE,ziyadnz/hourly-ipv4,ziyadnz|hourly,2026-08-17T18:48:05Z,2026-08-17T18:48:05Z,
185.191.149.7,ipv4,malicious-ip,medium,WHITE,ziyadnz/hourly-ipv4,ziyadnz|hourly,2026-08-17T18:48:05Z,2026-08-17T18:48:05Z,
185.191.171.1,ipv4,malicious-ip,medium,WHITE,ziyadnz/hourly-ipv4,ziyadnz|hourly,2026-08-17T18:48:05Z,2026-08-17T18:48:05Z,
185.191.171.10,ipv4,malicious-ip,medium,WHITE,ziyadnz/hourly-ipv4,ziyadnz|hourly,2026-08-17T18:48:05Z,2026-08-17T18:48:05Z,
185.191.171.11,ipv4,malicious-ip,medium,WHITE,ziyadnz/hourly-ipv4,ziyadnz|hourly,2026-08-17T18:48:05Z,2026-08-17T18:48:05Z,
185.191.171.12,ipv4,malicious-ip,medium,WHITE,ziyadnz/hourly-ipv4,ziyadnz|hourly,2026-08-17T18:48:05Z,2026-08-17T18:48:05Z,
185.191.171.13,ipv4,malicious-ip,medium,WHITE,ziyadnz/hourly-ipv4,ziyadnz|hourly,2026-08-17T18:48:05Z,2026-08-17T18:48:05Z,
185.191.171.14,ipv4,malicious-ip,medium,WHITE,ziyadnz/hourly-ipv4,ziyadnz|hourly,2026-08-17T18:48:05Z,2026-08-17T18:48:05Z,
185.191.171.15,ipv4,malicious-ip,medium,WHITE,ziyadnz/hourly-ipv4,ziyadnz|hourly,2026-08-17T18:48:05Z,2026-08-17T18:48:05Z,
185.191.171.16,ipv4,malicious-ip,medium,WHITE,ziyadnz/hourly-ipv4,ziyadnz|hourly,2026-08-17T18:48:05Z,2026-08-17T18:48:05Z,
185.191.171.17,ipv4,malicious-ip,medium,WHITE,ziyadnz/hourly-ipv4,ziyadnz|hourly,2026-08-17T18:48:05Z,2026-08-17T18:48:05Z,
185.191.171.18,ipv4,malicious-ip,medium,WHITE,ziyadnz/hourly-ipv4,ziyadnz|hourly,2026-08-17T18:48:05Z,2026-08-17T18:48:05Z,
185.191.171.19,ipv4,malicious-ip,medium,WHITE,ziyadnz/hourly-ipv4,ziyadnz|hourly,2026-08-17T18:48:05Z,2026-08-17T18:48:05Z,
185.191.171.2,ipv4,malicious-ip,medium,WHITE,ziyadnz/hourly-ipv4,ziyadnz|hourly,2026-08-17T18:48:05Z,2026-08-17T18:48:05Z,
185.191.171.3,ipv4,malicious-ip,medium,WHITE,ziyadnz/hourly-ipv4,ziyadnz|hourly,2026-08-17T18:48:05Z,2026-08-17T18:48:05Z,
185.191.171.4,ipv4,malicious-ip,medium,WHITE,ziyadnz/hourly-ipv4,ziyadnz|hourly,2026-08-17T18:48:05Z,2026-08-17T18:48:05Z,
185.191.171.5,ipv4,malicious-ip,medium,WHITE,ziyadnz/hourly-ipv4,ziyadnz|hourly,2026-08-17T18:48:05Z,2026-08-17T18:48:05Z,
185.191.171.6,ipv4,malicious-ip,medium,WHITE,ziyadnz/hourly-ipv4,ziyadnz|hourly,2026-08-17T18:48:05Z,2026-08-17T18:48:05Z,
185.191.171.7,ipv4,malicious-ip,medium,WHITE,ziyadnz/hourly-ipv4,ziyadnz|hourly,2026-08-17T18:48:05Z,2026-08-17T18:48:05Z,
185.191.171.8,ipv4,malicious-ip,medium,WHITE,ziyadnz/hourly-ipv4,ziyadnz|hourly,2026-08-17T18:48:05Z,2026-08-17T18:48:05Z,
185.191.171.9,ipv4,malicious-ip,medium,WHITE,ziyadnz/hourly-ipv4,ziyadnz|hourly,2026-08-17T18:48:05Z,2026-08-17T18:48:05Z,
185.191.204.254,ipv4,malicious-ip,medium,WHITE,ziyadnz/hourly-ipv4,ziyadnz|hourly,2026-08-17T18:48:05Z,2026-08-17T18:48:05Z,
185.191.206.139,ipv4,malicious-ip,medium,WHITE,ziyadnz/hourly-ipv4,ziyadnz|hourly,2026-08-17T18:48:05Z,2026-08-17T18:48:05Z,
185.191.228.227,ipv4,malicious-ip,medium,WHITE,ziyadnz/hourly-ipv4,ziyadnz|hourly,2026-08-17T18:48:05Z,2026-08-17T18:48:05Z,
185.192.69.65,ipv4,malicious-ip,medium,WHITE,ziyadnz/hourly-ipv4,ziyadnz|hourly,2026-08-17T18:48:05Z,2026-08-17T18:48:05Z,
185.192.71.0,ipv4,malicious-ip,medium,WHITE,ziyadnz/hourly-ipv4,ziyadnz|hourly,2026-08-17T18:48:05Z,2026-08-17T18:48:05Z,
185.192.71.100,ipv4,malicious-ip,medium,WHITE,ziyadnz/hourly-ipv4,ziyadnz|hourly,2026-08-17T18:48:05Z,2026-08-17T18:48:05Z,
185.192.71.106,ipv4,malicious-ip,medium,WHITE,ziyadnz/hourly-ipv4,ziyadnz|hourly,2026-08-17T18:48:05Z,2026-08-17T18:48:05Z,
185.192.71.118,ipv4,malicious-ip,medium,WHITE,ziyadnz/hourly-ipv4,ziyadnz|hourly,2026-08-17T18:48:05Z,2026-08-17T18:48:05Z,
185.192.71.241,ipv4,malicious-ip,medium,WHITE,ziyadnz/hourly-ipv4,ziyadnz|hourly,2026-08-17T18:48:05Z,2026-08-17T18:48:05Z,
185.192.71.61,ipv4,malicious-ip,medium,WHITE,ziyadnz/hourly-ipv4,ziyadnz|hourly,2026-08-17T18:48:05Z,2026-08-17T18:48:05Z,
185.192.71.62,ipv4,malicious-ip,medium,WHITE,ziyadnz/hourly-ipv4,ziyadnz|hourly,2026-08-17T18:48:05Z,2026-08-17T18:48:05Z,
185.192.71.65,ipv4,malicious-ip,medium,WHITE,ziyadnz/hourly-ipv4,ziyadnz|hourly,2026-08-17T18:48:05Z,2026-08-17T18:48:05Z,
185.192.71.68,ipv4,malicious-ip,medium,WHITE,ziyadnz/hourly-ipv4,ziyadnz|hourly,2026-08-17T18:48:05Z,2026-08-17T18:48:05Z,
185.192.71.71,ipv4,malicious-ip,medium,WHITE,ziyadnz/hourly-ipv4,ziyadnz|hourly,2026-08-17T18:48:05Z,2026-08-17T18:48:05Z,
185.192.71.72,ipv4,malicious-ip,medium,WHITE,ziyadnz/hourly-ipv4,ziyadnz|hourly,2026-08-17T18:48:05Z,2026-08-17T18:48:05Z,
185.192.71.76,ipv4,malicious-ip,medium,WHITE,ziyadnz/hourly-ipv4,ziyadnz|hourly,2026-08-17T18:48:05Z,2026-08-17T18:48:05Z,
185.192.71.81,ipv4,malicious-ip,medium,WHITE,ziyadnz/hourly-ipv4,ziyadnz|hourly,2026-08-17T18:48:05Z,2026-08-17T18:48:05Z,
185.193.126.182,ipv4,malicious-ip,medium,WHITE,ziyadnz/hourly-ipv4,ziyadnz|hourly,2026-08-17T18:48:05Z,2026-08-17T18:48:05Z,
185.193.157.179,ipv4,malicious-ip,medium,WHITE,ziyadnz/hourly-ipv4,ziyadnz|hourly,2026-08-17T18:48:05Z,2026-08-17T18:48:05Z,
185.193.167.106,ipv4,malicious-ip,medium,WHITE,ziyadnz/hourly-ipv4,ziyadnz|hourly,2026-08-17T18:48:05Z,2026-08-17T18:48:05Z,
185.193.167.212,ipv4,malicious-ip,medium,WHITE,ziyadnz/hourly-ipv4,ziyadnz|hourly,2026-08-17T18:48:05Z,2026-08-17T18:48:05Z,
185.193.204.18,ipv4,malicious-ip,medium,WHITE,ziyadnz/hourly-ipv4,ziyadnz|hourly,2026-08-17T18:48:05Z,2026-08-17T18:48:05Z,
185.193.206.21,ipv4,malicious-ip,medium,WHITE,ziyadnz/hourly-ipv4,ziyadnz|hourly,2026-08-17T18:48:05Z,2026-08-17T18:48:05Z,
185.193.240.246,ipv4,malicious-ip,medium,WHITE,ziyadnz/hourly-ipv4,ziyadnz|hourly,2026-08-17T18:48:05Z,2026-08-17T18:48:05Z,
185.193.52.180,ipv4,malicious-ip,medium,WHITE,ziyadnz/hourly-ipv4,ziyadnz|hourly,2026-08-17T18:48:05Z,2026-08-17T18:48:05Z,
185.193.68.71,ipv4,malicious-ip,medium,WHITE,ziyadnz/hourly-ipv4,ziyadnz|hourly,2026-08-17T18:48:05Z,2026-08-17T18:48:05Z,
185.194.148.74,ipv4,malicious-ip,medium,WHITE,ziyadnz/hourly-ipv4,ziyadnz|hourly,2026-08-17T18:48:05Z,2026-08-17T18:48:05Z,
185.194.178.100,ipv4,malicious-ip,medium,WHITE,ziyadnz/hourly-ipv4,ziyadnz|hourly,2026-08-17T18:48:05Z,2026-08-17T18:48:05Z,
185.194.178.70,ipv4,malicious-ip,medium,WHITE,ziyadnz/hourly-ipv4,ziyadnz|hourly,2026-08-17T18:48:05Z,2026-08-17T18:48:05Z,
185.194.178.76,ipv4,malicious-ip,medium,WHITE,ziyadnz/hourly-ipv4,ziyadnz|hourly,2026-08-17T18:48:05Z,2026-08-17T18:48:05Z,
185.194.178.79,ipv4,malicious-ip,medium,WHITE,ziyadnz/hourly-ipv4,ziyadnz|hourly,2026-08-17T18:48:05Z,2026-08-17T18:48:05Z,
185.194.178.87,ipv4,malicious-ip,medium,WHITE,ziyadnz/hourly-ipv4,ziyadnz|hourly,2026-08-17T18:48:05Z,2026-08-17T18:48:05Z,
185.194.204.39,ipv4,malicious-ip,medium,WHITE,ziyadnz/hourly-ipv4,ziyadnz|hourly,2026-08-17T18:48:05Z,2026-08-17T18:48:05Z,
185.195.232.169,ipv4,malicious-ip,medium,WHITE,ziyadnz/hourly-ipv4,ziyadnz|hourly,2026-08-17T18:48:05Z,2026-08-17T18:48:05Z,
185.195.233.184,ipv4,malicious-ip,medium,WHITE,ziyadnz/hourly-ipv4,ziyadnz|hourly,2026-08-17T18:48:05Z,2026-08-17T18:48:05Z,
185.195.236.230,ipv4,malicious-ip,medium,WHITE,ziyadnz/hourly-ipv4,ziyadnz|hourly,2026-08-17T18:48:05Z,2026-08-17T18:48:05Z,
185.195.71.244,ipv4,malicious-ip,medium,WHITE,ziyadnz/hourly-ipv4,ziyadnz|hourly,2026-08-17T18:48:05Z,2026-08-17T18:48:05Z,
185.195.8.82,ipv4,malicious-ip,medium,WHITE,ziyadnz/hourly-ipv4,ziyadnz|hourly,2026-08-17T18:48:05Z,2026-08-17T18:48:05Z,
185.196.10.116,ipv4,malicious-ip,medium,WHITE,ziyadnz/hourly-ipv4,ziyadnz|hourly,2026-08-17T18:48:05Z,2026-08-17T18:48:05Z,
185.196.10.136,ipv4,malicious-ip,medium,WHITE,ziyadnz/hourly-ipv4,ziyadnz|hourly,2026-08-17T18:48:05Z,2026-08-17T18:48:05Z,
185.196.10.19,ipv4,malicious-ip,medium,WHITE,ziyadnz/hourly-ipv4,ziyadnz|hourly,2026-08-17T18:48:05Z,2026-08-17T18:48:05Z,
185.196.10.247,ipv4,malicious-ip,medium,WHITE,ziyadnz/hourly-ipv4,ziyadnz|hourly,2026-08-17T18:48:05Z,2026-08-17T18:48:05Z,
185.196.10.38,ipv4,malicious-ip,medium,WHITE,ziyadnz/hourly-ipv4,ziyadnz|hourly,2026-08-17T18:48:05Z,2026-08-17T18:48:05Z,
185.196.11.124,ipv4,malicious-ip,medium,WHITE,ziyadnz/hourly-ipv4,ziyadnz|hourly,2026-08-17T18:48:05Z,2026-08-17T18:48:05Z,
185.196.11.153,ipv4,malicious-ip,medium,WHITE,ziyadnz/hourly-ipv4,ziyadnz|hourly,2026-08-17T18:48:05Z,2026-08-17T18:48:05Z,
185.196.11.177,ipv4,malicious-ip,medium,WHITE,ziyadnz/hourly-ipv4,ziyadnz|hourly,2026-08-17T18:48:05Z,2026-08-17T18:48:05Z,
185.196.11.225,ipv4,malicious-ip,medium,WHITE,ziyadnz/hourly-ipv4,ziyadnz|hourly,2026-08-17T18:48:05Z,2026-08-17T18:48:05Z,
185.196.11.54,ipv4,malicious-ip,medium,WHITE,ziyadnz/hourly-ipv4,ziyadnz|hourly,2026-08-17T18:48:05Z,2026-08-17T18:48:05Z,
185.196.21.69,ipv4,malicious-ip,medium,WHITE,ziyadnz/hourly-ipv4,ziyadnz|hourly,2026-08-17T18:48:05Z,2026-08-17T18:48:05Z,
185.196.45.62,ipv4,malicious-ip,medium,WHITE,ziyadnz/hourly-ipv4,ziyadnz|hourly,2026-08-17T18:48:05Z,2026-08-17T18:48:05Z,
185.196.8.176,ipv4,malicious-ip,medium,WHITE,ziyadnz/hourly-ipv4,ziyadnz|hourly,2026-08-17T18:48:05Z,2026-08-17T18:48:05Z,
185.196.8.195,ipv4,malicious-ip,medium,WHITE,ziyadnz/hourly-ipv4,ziyadnz|hourly,2026-08-17T18:48:05Z,2026-08-17T18:48:05Z,
185.196.8.218,ipv4,malicious-ip,medium,WHITE,ziyadnz/hourly-ipv4,ziyadnz|hourly,2026-08-17T18:48:05Z,2026-08-17T18:48:05Z,
185.196.9.114,ipv4,malicious-ip,medium,WHITE,ziyadnz/hourly-ipv4,ziyadnz|hourly,2026-08-17T18:48:05Z,2026-08-17T18:48:05Z,
185.196.9.154,ipv4,malicious-ip,medium,WHITE,ziyadnz/hourly-ipv4,ziyadnz|hourly,2026-08-17T18:48:05Z,2026-08-17T18:48:05Z,
185.196.9.181,ipv4,malicious-ip,medium,WHITE,ziyadnz/hourly-ipv4,ziyadnz|hourly,2026-08-17T18:48:05Z,2026-08-17T18:48:05Z,
185.196.9.190,ipv4,malicious-ip,medium,WHITE,ziyadnz/hourly-ipv4,ziyadnz|hourly,2026-08-17T18:48:05Z,2026-08-17T18:48:05Z,
185.196.9.200,ipv4,malicious-ip,medium,WHITE,ziyadnz/hourly-ipv4,ziyadnz|hourly,2026-08-17T18:48:05Z,2026-08-17T18:48:05Z,
185.196.9.26,ipv4,malicious-ip,medium,WHITE,ziyadnz/hourly-ipv4,ziyadnz|hourly,2026-08-17T18:48:05Z,2026-08-17T18:48:05Z,
185.196.9.7,ipv4,malicious-ip,medium,WHITE,ziyadnz/hourly-ipv4,ziyadnz|hourly,2026-08-17T18:48:05Z,2026-08-17T18:48:05Z,
185.196.9.76,ipv4,malicious-ip,medium,WHITE,ziyadnz/hourly-ipv4,ziyadnz|hourly,2026-08-17T18:48:05Z,2026-08-17T18:48:05Z,
185.196.9.8,ipv4,malicious-ip,medium,WHITE,ziyadnz/hourly-ipv4,ziyadnz|hourly,2026-08-17T18:48:05Z,2026-08-17T18:48:05Z,
185.196.9.89,ipv4,malicious-ip,medium,WHITE,ziyadnz/hourly-ipv4,ziyadnz|hourly,2026-08-17T18:48:05Z,2026-08-17T18:48:05Z,
185.196.9.98,ipv4,malicious-ip,medium,WHITE,ziyadnz/hourly-ipv4,ziyadnz|hourly,2026-08-17T18:48:05Z,2026-08-17T18:48:05Z,
185.197.195.109,ipv4,malicious-ip,medium,WHITE,ziyadnz/hourly-ipv4,ziyadnz|hourly,2026-08-17T18:48:05Z,2026-08-17T18:48:05Z,
185.197.248.131,ipv4,malicious-ip,medium,WHITE,ziyadnz/hourly-ipv4,ziyadnz|hourly,2026-08-17T18:48:05Z,2026-08-17T18:48:05Z,
185.197.251.252,ipv4,malicious-ip,medium,WHITE,ziyadnz/hourly-ipv4,ziyadnz|hourly,2026-08-17T18:48:05Z,2026-08-17T18:48:05Z,
185.197.8.0,ipv4,malicious-ip,medium,WHITE,ziyadnz/hourly-ipv4,ziyadnz|hourly,2026-08-17T18:48:05Z,2026-08-17T18:48:05Z,
185.197.8.101,ipv4,malicious-ip,medium,WHITE,ziyadnz/hourly-ipv4,ziyadnz|hourly,2026-08-17T18:48:05Z,2026-08-17T18:48:05Z,
185.197.8.111,ipv4,malicious-ip,medium,WHITE,ziyadnz/hourly-ipv4,ziyadnz|hourly,2026-08-17T18:48:05Z,2026-08-17T18:48:05Z,
185.197.8.112,ipv4,malicious-ip,medium,WHITE,ziyadnz/hourly-ipv4,ziyadnz|hourly,2026-08-17T18:48:05Z,2026-08-17T18:48:05Z,
185.197.8.122,ipv4,malicious-ip,medium,WHITE,ziyadnz/hourly-ipv4,ziyadnz|hourly,2026-08-17T18:48:05Z,2026-08-17T18:48:05Z,
185.197.8.125,ipv4,malicious-ip,medium,WHITE,ziyadnz/hourly-ipv4,ziyadnz|hourly,2026-08-17T18:48:05Z,2026-08-17T18:48:05Z,
185.197.8.127,ipv4,malicious-ip,medium,WHITE,ziyadnz/hourly-ipv4,ziyadnz|hourly,2026-08-17T18:48:05Z,2026-08-17T18:48:05Z,
185.197.8.141,ipv4,malicious-ip,medium,WHITE,ziyadnz/hourly-ipv4,ziyadnz|hourly,2026-08-17T18:48:05Z,2026-08-17T18:48:05Z,
185.197.8.144,ipv4,malicious-ip,medium,WHITE,ziyadnz/hourly-ipv4,ziyadnz|hourly,2026-08-17T18:48:05Z,2026-08-17T18:48:05Z,
185.197.8.150,ipv4,malicious-ip,medium,WHITE,ziyadnz/hourly-ipv4,ziyadnz|hourly,2026-08-17T18:48:05Z,2026-08-17T18:48:05Z,
185.197.8.155,ipv4,malicious-ip,medium,WHITE,ziyadnz/hourly-ipv4,ziyadnz|hourly,2026-08-17T18:48:05Z,2026-08-17T18:48:05Z,
185.197.8.159,ipv4,malicious-ip,medium,WHITE,ziyadnz/hourly-ipv4,ziyadnz|hourly,2026-08-17T18:48:05Z,2026-08-17T18:48:05Z,
185.197.8.178,ipv4,malicious-ip,medium,WHITE,ziyadnz/hourly-ipv4,ziyadnz|hourly,2026-08-17T18:48:05Z,2026-08-17T18:48:05Z,
185.197.8.203,ipv4,malicious-ip,medium,WHITE,ziyadnz/hourly-ipv4,ziyadnz|hourly,2026-08-17T18:48:05Z,2026-08-17T18:48:05Z,
185.197.8.205,ipv4,malicious-ip,medium,WHITE,ziyadnz/hourly-ipv4,ziyadnz|hourly,2026-08-17T18:48:05Z,2026-08-17T18:48:05Z,
185.197.8.234,ipv4,malicious-ip,medium,WHITE,ziyadnz/hourly-ipv4,ziyadnz|hourly,2026-08-17T18:48:05Z,2026-08-17T18:48:05Z,
185.197.8.254,ipv4,malicious-ip,medium,WHITE,ziyadnz/hourly-ipv4,ziyadnz|hourly,2026-08-17T18:48:05Z,2026-08-17T18:48:05Z,
185.197.8.67,ipv4,malicious-ip,medium,WHITE,ziyadnz/hourly-ipv4,ziyadnz|hourly,2026-08-17T18:48:05Z,2026-08-17T18:48:05Z,
185.197.8.69,ipv4,malicious-ip,medium,WHITE,ziyadnz/hourly-ipv4,ziyadnz|hourly,2026-08-17T18:48:05Z,2026-08-17T18:48:05Z,
185.197.8.94,ipv4,malicious-ip,medium,WHITE,ziyadnz/hourly-ipv4,ziyadnz|hourly,2026-08-17T18:48:05Z,2026-08-17T18:48:05Z,
185.197.8.95,ipv4,malicious-ip,medium,WHITE,ziyadnz/hourly-ipv4,ziyadnz|hourly,2026-08-17T18:48:05Z,2026-08-17T18:48:05Z,
185.197.8.97,ipv4,malicious-ip,medium,WHITE,ziyadnz/hourly-ipv4,ziyadnz|hourly,2026-08-17T18:48:05Z,2026-08-17T18:48:05Z,
185.197.9.0,ipv4,malicious-ip,medium,WHITE,ziyadnz/hourly-ipv4,ziyadnz|hourly,2026-08-17T18:48:05Z,2026-08-17T18:48:05Z,
185.197.9.127,ipv4,malicious-ip,medium,WHITE,ziyadnz/hourly-ipv4,ziyadnz|hourly,2026-08-17T18:48:05Z,2026-08-17T18:48:05Z,
185.197.9.128,ipv4,malicious-ip,medium,WHITE,ziyadnz/hourly-ipv4,ziyadnz|hourly,2026-08-17T18:48:05Z,2026-08-17T18:48:05Z,
185.197.9.131,ipv4,malicious-ip,medium,WHITE,ziyadnz/hourly-ipv4,ziyadnz|hourly,2026-08-17T18:48:05Z,2026-08-17T18:48:05Z,
185.197.9.135,ipv4,malicious-ip,medium,WHITE,ziyadnz/hourly-ipv4,ziyadnz|hourly,2026-08-17T18:48:05Z,2026-08-17T18:48:05Z,
185.197.9.153,ipv4,malicious-ip,medium,WHITE,ziyadnz/hourly-ipv4,ziyadnz|hourly,2026-08-17T18:48:05Z,2026-08-17T18:48:05Z,
185.197.9.158,ipv4,malicious-ip,medium,WHITE,ziyadnz/hourly-ipv4,ziyadnz|hourly,2026-08-17T18:48:05Z,2026-08-17T18:48:05Z,
185.197.9.165,ipv4,malicious-ip,medium,WHITE,ziyadnz/hourly-ipv4,ziyadnz|hourly,2026-08-17T18:48:05Z,2026-08-17T18:48:05Z,
185.197.9.166,ipv4,malicious-ip,medium,WHITE,ziyadnz/hourly-ipv4,ziyadnz|hourly,2026-08-17T18:48:05Z,2026-08-17T18:48:05Z,
185.197.9.173,ipv4,malicious-ip,medium,WHITE,ziyadnz/hourly-ipv4,ziyadnz|hourly,2026-08-17T18:48:05Z,2026-08-17T18:48:05Z,
185.197.9.189,ipv4,malicious-ip,medium,WHITE,ziyadnz/hourly-ipv4,ziyadnz|hourly,2026-08-17T18:48:05Z,2026-08-17T18:48:05Z,
185.197.9.199,ipv4,malicious-ip,medium,WHITE,ziyadnz/hourly-ipv4,ziyadnz|hourly,2026-08-17T18:48:05Z,2026-08-17T18:48:05Z,
185.197.9.202,ipv4,malicious-ip,medium,WHITE,ziyadnz/hourly-ipv4,ziyadnz|hourly,2026-08-17T18:48:05Z,2026-08-17T18:48:05Z,
185.197.9.252,ipv4,malicious-ip,medium,WHITE,ziyadnz/hourly-ipv4,ziyadnz|hourly,2026-08-17T18:48:05Z,2026-08-17T18:48:05Z,
185.197.9.26,ipv4,malicious-ip,medium,WHITE,ziyadnz/hourly-ipv4,ziyadnz|hourly,2026-08-17T18:48:05Z,2026-08-17T18:48:05Z,
185.197.9.35,ipv4,malicious-ip,medium,WHITE,ziyadnz/hourly-ipv4,ziyadnz|hourly,2026-08-17T18:48:05Z,2026-08-17T18:48:05Z,
185.197.9.44,ipv4,malicious-ip,medium,WHITE,ziyadnz/hourly-ipv4,ziyadnz|hourly,2026-08-17T18:48:05Z,2026-08-17T18:48:05Z,
185.197.9.45,ipv4,malicious-ip,medium,WHITE,ziyadnz/hourly-ipv4,ziyadnz|hourly,2026-08-17T18:48:05Z,2026-08-17T18:48:05Z,
185.197.9.49,ipv4,malicious-ip,medium,WHITE,ziyadnz/hourly-ipv4,ziyadnz|hourly,2026-08-17T18:48:05Z,2026-08-17T18:48:05Z,
185.197.9.59,ipv4,malicious-ip,medium,WHITE,ziyadnz/hourly-ipv4,ziyadnz|hourly,2026-08-17T18:48:05Z,2026-08-17T18:48:05Z,
185.197.9.60,ipv4,malicious-ip,medium,WHITE,ziyadnz/hourly-ipv4,ziyadnz|hourly,2026-08-17T18:48:05Z,2026-08-17T18:48:05Z,
185.197.9.62,ipv4,malicious-ip,medium,WHITE,ziyadnz/hourly-ipv4,ziyadnz|hourly,2026-08-17T18:48:05Z,2026-08-17T18:48:05Z,
185.197.9.64,ipv4,malicious-ip,medium,WHITE,ziyadnz/hourly-ipv4,ziyadnz|hourly,2026-08-17T18:48:05Z,2026-08-17T18:48:05Z,
185.197.9.68,ipv4,malicious-ip,medium,WHITE,ziyadnz/hourly-ipv4,ziyadnz|hourly,2026-08-17T18:48:05Z,2026-08-17T18:48:05Z,
185.197.9.8,ipv4,malicious-ip,medium,WHITE,ziyadnz/hourly-ipv4,ziyadnz|hourly,2026-08-17T18:48:05Z,2026-08-17T18:48:05Z,
185.197.9.88,ipv4,malicious-ip,medium,WHITE,ziyadnz/hourly-ipv4,ziyadnz|hourly,2026-08-17T18:48:05Z,2026-08-17T18:48:05Z,
185.197.9.96,ipv4,malicious-ip,medium,WHITE,ziyadnz/hourly-ipv4,ziyadnz|hourly,2026-08-17T18:48:05Z,2026-08-17T18:48:05Z,
185.198.1.124,ipv4,malicious-ip,medium,WHITE,ziyadnz/hourly-ipv4,ziyadnz|hourly,2026-08-17T18:48:05Z,2026-08-17T18:48:05Z,
185.198.240.199,ipv4,malicious-ip,medium,WHITE,ziyadnz/hourly-ipv4,ziyadnz|hourly,2026-08-17T18:48:05Z,2026-08-17T18:48:05Z,
185.198.240.214,ipv4,malicious-ip,medium,WHITE,ziyadnz/hourly-ipv4,ziyadnz|hourly,2026-08-17T18:48:05Z,2026-08-17T18:48:05Z,
185.198.240.219,ipv4,malicious-ip,medium,WHITE,ziyadnz/hourly-ipv4,ziyadnz|hourly,2026-08-17T18:48:05Z,2026-08-17T18:48:05Z,
185.198.240.232,ipv4,malicious-ip,medium,WHITE,ziyadnz/hourly-ipv4,ziyadnz|hourly,2026-08-17T18:48:05Z,2026-08-17T18:48:05Z,
185.198.240.245,ipv4,malicious-ip,medium,WHITE,ziyadnz/hourly-ipv4,ziyadnz|hourly,2026-08-17T18:48:05Z,2026-08-17T18:48:05Z,
185.198.240.253,ipv4,malicious-ip,medium,WHITE,ziyadnz/hourly-ipv4,ziyadnz|hourly,2026-08-17T18:48:05Z,2026-08-17T18:48:05Z,
185.198.27.20,ipv4,malicious-ip,medium,WHITE,ziyadnz/hourly-ipv4,ziyadnz|hourly,2026-08-17T18:48:05Z,2026-08-17T18:48:05Z,
185.198.58.131,ipv4,malicious-ip,medium,WHITE,ziyadnz/hourly-ipv4,ziyadnz|hourly,2026-08-17T18:48:05Z,2026-08-17T18:48:05Z,
185.198.69.36,ipv4,malicious-ip,medium,WHITE,ziyadnz/hourly-ipv4,ziyadnz|hourly,2026-08-17T18:48:05Z,2026-08-17T18:48:05Z,
185.199.92.28,ipv4,malicious-ip,medium,WHITE,ziyadnz/hourly-ipv4,ziyadnz|hourly,2026-08-17T18:48:05Z,2026-08-17T18:48:05Z,
185.199.92.29,ipv4,malicious-ip,medium,WHITE,ziyadnz/hourly-ipv4,ziyadnz|hourly,2026-08-17T18:48:05Z,2026-08-17T18:48:05Z,
185.199.94.188,ipv4,malicious-ip,medium,WHITE,ziyadnz/hourly-ipv4,ziyadnz|hourly,2026-08-17T18:48:05Z,2026-08-17T18:48:05Z,
185.199.94.189,ipv4,malicious-ip,medium,WHITE,ziyadnz/hourly-ipv4,ziyadnz|hourly,2026-08-17T18:48:05Z,2026-08-17T18:48:05Z,
185.199.94.190,ipv4,malicious-ip,medium,WHITE,ziyadnz/hourly-ipv4,ziyadnz|hourly,2026-08-17T18:48:05Z,2026-08-17T18:48:05Z,
185.2.80.252,ipv4,malicious-ip,medium,WHITE,ziyadnz/hourly-ipv4,ziyadnz|hourly,2026-08-17T18:48:05Z,2026-08-17T18:48:05Z,
185.2.80.253,ipv4,malicious-ip,medium,WHITE,ziyadnz/hourly-ipv4,ziyadnz|hourly,2026-08-17T18:48:05Z,2026-08-17T18:48:05Z,
185.200.112.244,ipv4,malicious-ip,medium,WHITE,ziyadnz/hourly-ipv4,ziyadnz|hourly,2026-08-17T18:48:05Z,2026-08-17T18:48:05Z,
185.200.116.0,ipv4,malicious-ip,medium,WHITE,ziyadnz/hourly-ipv4,ziyadnz|hourly,2026-08-17T18:48:05Z,2026-08-17T18:48:05Z,
185.200.116.35,ipv4,malicious-ip,medium,WHITE,ziyadnz/hourly-ipv4,ziyadnz|hourly,2026-08-17T18:48:05Z,2026-08-17T18:48:05Z,
185.200.116.38,ipv4,malicious-ip,medium,WHITE,ziyadnz/hourly-ipv4,ziyadnz|hourly,2026-08-17T18:48:05Z,2026-08-17T18:48:05Z,
185.200.116.40,ipv4,malicious-ip,medium,WHITE,ziyadnz/hourly-ipv4,ziyadnz|hourly,2026-08-17T18:48:05Z,2026-08-17T18:48:05Z,
185.200.116.41,ipv4,malicious-ip,medium,WHITE,ziyadnz/hourly-ipv4,ziyadnz|hourly,2026-08-17T18:48:05Z,2026-08-17T18:48:05Z,
185.200.116.42,ipv4,malicious-ip,medium,WHITE,ziyadnz/hourly-ipv4,ziyadnz|hourly,2026-08-17T18:48:05Z,2026-08-17T18:48:05Z,
185.200.116.43,ipv4,malicious-ip,medium,WHITE,ziyadnz/hourly-ipv4,ziyadnz|hourly,2026-08-17T18:48:05Z,2026-08-17T18:48:05Z,
185.200.116.46,ipv4,malicious-ip,medium,WHITE,ziyadnz/hourly-ipv4,ziyadnz|hourly,2026-08-17T18:48:05Z,2026-08-17T18:48:05Z,
185.200.116.52,ipv4,malicious-ip,medium,WHITE,ziyadnz/hourly-ipv4,ziyadnz|hourly,2026-08-17T18:48:05Z,2026-08-17T18:48:05Z,
185.200.116.67,ipv4,malicious-ip,medium,WHITE,ziyadnz/hourly-ipv4,ziyadnz|hourly,2026-08-17T18:48:05Z,2026-08-17T18:48:05Z,
185.200.116.68,ipv4,malicious-ip,medium,WHITE,ziyadnz/hourly-ipv4,ziyadnz|hourly,2026-08-17T18:48:05Z,2026-08-17T18:48:05Z,
185.200.116.70,ipv4,malicious-ip,medium,WHITE,ziyadnz/hourly-ipv4,ziyadnz|hourly,2026-08-17T18:48:05Z,2026-08-17T18:48:05Z,
185.200.116.71,ipv4,malicious-ip,medium,WHITE,ziyadnz/hourly-ipv4,ziyadnz|hourly,2026-08-17T18:48:05Z,2026-08-17T18:48:05Z,
185.200.116.72,ipv4,malicious-ip,medium,WHITE,ziyadnz/hourly-ipv4,ziyadnz|hourly,2026-08-17T18:48:05Z,2026-08-17T18:48:05Z,
185.200.116.73,ipv4,malicious-ip,medium,WHITE,ziyadnz/hourly-ipv4,ziyadnz|hourly,2026-08-17T18:48:05Z,2026-08-17T18:48:05Z,
185.200.116.75,ipv4,malicious-ip,medium,WHITE,ziyadnz/hourly-ipv4,ziyadnz|hourly,2026-08-17T18:48:05Z,2026-08-17T18:48:05Z,
185.200.116.76,ipv4,malicious-ip,medium,WHITE,ziyadnz/hourly-ipv4,ziyadnz|hourly,2026-08-17T18:48:05Z,2026-08-17T18:48:05Z,
185.200.116.77,ipv4,malicious-ip,medium,WHITE,ziyadnz/hourly-ipv4,ziyadnz|hourly,2026-08-17T18:48:05Z,2026-08-17T18:48:05Z,
185.200.116.79,ipv4,malicious-ip,medium,WHITE,ziyadnz/hourly-ipv4,ziyadnz|hourly,2026-08-17T18:48:05Z,2026-08-17T18:48:05Z,
185.200.116.80,ipv4,malicious-ip,medium,WHITE,ziyadnz/hourly-ipv4,ziyadnz|hourly,2026-08-17T18:48:05Z,2026-08-17T18:48:05Z,
185.200.116.83,ipv4,malicious-ip,medium,WHITE,ziyadnz/hourly-ipv4,ziyadnz|hourly,2026-08-17T18:48:05Z,2026-08-17T18:48:05Z,
185.200.116.86,ipv4,malicious-ip,medium,WHITE,ziyadnz/hourly-ipv4,ziyadnz|hourly,2026-08-17T18:48:05Z,2026-08-17T18:48:05Z,
185.200.118.46,ipv4,malicious-ip,medium,WHITE,ziyadnz/hourly-ipv4,ziyadnz|hourly,2026-08-17T18:48:05Z,2026-08-17T18:48:05Z,
185.200.188.234,ipv4,malicious-ip,medium,WHITE,ziyadnz/hourly-ipv4,ziyadnz|hourly,2026-08-17T18:48:05Z,2026-08-17T18:48:05Z,
185.200.241.176,ipv4,malicious-ip,medium,WHITE,ziyadnz/hourly-ipv4,ziyadnz|hourly,2026-08-17T18:48:05Z,2026-08-17T18:48:05Z,
185.200.36.42,ipv4,malicious-ip,medium,WHITE,ziyadnz/hourly-ipv4,ziyadnz|hourly,2026-08-17T18:48:05Z,2026-08-17T18:48:05Z,
185.200.65.175,ipv4,malicious-ip,medium,WHITE,ziyadnz/hourly-ipv4,ziyadnz|hourly,2026-08-17T18:48:05Z,2026-08-17T18:48:05Z,
185.201.137.24,ipv4,malicious-ip,medium,WHITE,ziyadnz/hourly-ipv4,ziyadnz|hourly,2026-08-17T18:48:05Z,2026-08-17T18:48:05Z,
185.201.160.225,ipv4,malicious-ip,medium,WHITE,ziyadnz/hourly-ipv4,ziyadnz|hourly,2026-08-17T18:48:05Z,2026-08-17T18:48:05Z,
185.201.212.242,ipv4,malicious-ip,medium,WHITE,ziyadnz/hourly-ipv4,ziyadnz|hourly,2026-08-17T18:48:05Z,2026-08-17T18:48:05Z,
185.201.47.157,ipv4,malicious-ip,medium,WHITE,ziyadnz/hourly-ipv4,ziyadnz|hourly,2026-08-17T18:48:05Z,2026-08-17T18:48:05Z,
185.201.8.176,ipv4,malicious-ip,medium,WHITE,ziyadnz/hourly-ipv4,ziyadnz|hourly,2026-08-17T18:48:05Z,2026-08-17T18:48:05Z,
185.202.0.111,ipv4,malicious-ip,medium,WHITE,ziyadnz/hourly-ipv4,ziyadnz|hourly,2026-08-17T18:48:05Z,2026-08-17T18:48:05Z,
185.202.113.249,ipv4,malicious-ip,medium,WHITE,ziyadnz/hourly-ipv4,ziyadnz|hourly,2026-08-17T18:48:05Z,2026-08-17T18:48:05Z,
185.202.191.246,ipv4,malicious-ip,medium,WHITE,ziyadnz/hourly-ipv4,ziyadnz|hourly,2026-08-17T18:48:05Z,2026-08-17T18:48:05Z,
185.202.236.14,ipv4,malicious-ip,medium,WHITE,ziyadnz/hourly-ipv4,ziyadnz|hourly,2026-08-17T18:48:05Z,2026-08-17T18:48:05Z,
185.203.117.6,ipv4,malicious-ip,medium,WHITE,ziyadnz/hourly-ipv4,ziyadnz|hourly,2026-08-17T18:48:05Z,2026-08-17T18:48:05Z,
185.203.119.161,ipv4,malicious-ip,medium,WHITE,ziyadnz/hourly-ipv4,ziyadnz|hourly,2026-08-17T18:48:05Z,2026-08-17T18:48:05Z,
185.203.146.17,ipv4,malicious-ip,medium,WHITE,ziyadnz/hourly-ipv4,ziyadnz|hourly,2026-08-17T18:48:05Z,2026-08-17T18:48:05Z,
185.203.152.243,ipv4,malicious-ip,medium,WHITE,ziyadnz/hourly-ipv4,ziyadnz|hourly,2026-08-17T18:48:05Z,2026-08-17T18:48:05Z,
185.203.236.212,ipv4,malicious-ip,medium,WHITE,ziyadnz/hourly-ipv4,ziyadnz|hourly,2026-08-17T18:48:05Z,2026-08-17T18:48:05Z,
185.203.237.43,ipv4,malicious-ip,medium,WHITE,ziyadnz/hourly-ipv4,ziyadnz|hourly,2026-08-17T18:48:05Z,2026-08-17T18:48:05Z,
185.203.239.121,ipv4,malicious-ip,medium,WHITE,ziyadnz/hourly-ipv4,ziyadnz|hourly,2026-08-17T18:48:05Z,2026-08-17T18:48:05Z,
185.204.3.143,ipv4,malicious-ip,medium,WHITE,ziyadnz/hourly-ipv4,ziyadnz|hourly,2026-08-17T18:48:05Z,2026-08-17T18:48:05Z,
185.204.35.147,ipv4,malicious-ip,medium,WHITE,ziyadnz/hourly-ipv4,ziyadnz|hourly,2026-08-17T18:48:05Z,2026-08-17T18:48:05Z,
185.204.35.150,ipv4,malicious-ip,medium,WHITE,ziyadnz/hourly-ipv4,ziyadnz|hourly,2026-08-17T18:48:05Z,2026-08-17T18:48:05Z,
185.205.144.236,ipv4,malicious-ip,medium,WHITE,ziyadnz/hourly-ipv4,ziyadnz|hourly,2026-08-17T18:48:05Z,2026-08-17T18:48:05Z,
185.205.187.234,ipv4,malicious-ip,medium,WHITE,ziyadnz/hourly-ipv4,ziyadnz|hourly,2026-08-17T18:48:05Z,2026-08-17T18:48:05Z,
185.205.209.206,ipv4,malicious-ip,medium,WHITE,ziyadnz/hourly-ipv4,ziyadnz|hourly,2026-08-17T18:48:05Z,2026-08-17T18:48:05Z,
185.205.244.131,ipv4,malicious-ip,medium,WHITE,ziyadnz/hourly-ipv4,ziyadnz|hourly,2026-08-17T18:48:05Z,2026-08-17T18:48:05Z,
185.206.225.30,ipv4,malicious-ip,medium,WHITE,ziyadnz/hourly-ipv4,ziyadnz|hourly,2026-08-17T18:48:05Z,2026-08-17T18:48:05Z,
185.206.94.14,ipv4,malicious-ip,medium,WHITE,ziyadnz/hourly-ipv4,ziyadnz|hourly,2026-08-17T18:48:05Z,2026-08-17T18:48:05Z,
185.207.107.0,ipv4,malicious-ip,medium,WHITE,ziyadnz/hourly-ipv4,ziyadnz|hourly,2026-08-17T18:48:05Z,2026-08-17T18:48:05Z,
185.207.107.130,ipv4,malicious-ip,medium,WHITE,ziyadnz/hourly-ipv4,ziyadnz|hourly,2026-08-17T18:48:05Z,2026-08-17T18:48:05Z,
185.207.107.216,ipv4,malicious-ip,medium,WHITE,ziyadnz/hourly-ipv4,ziyadnz|hourly,2026-08-17T18:48:05Z,2026-08-17T18:48:05Z,
185.207.113.182,ipv4,malicious-ip,medium,WHITE,ziyadnz/hourly-ipv4,ziyadnz|hourly,2026-08-17T18:48:05Z,2026-08-17T18:48:05Z,
185.207.214.228,ipv4,malicious-ip,medium,WHITE,ziyadnz/hourly-ipv4,ziyadnz|hourly,2026-08-17T18:48:05Z,2026-08-17T18:48:05Z,
185.207.57.81,ipv4,malicious-ip,medium,WHITE,ziyadnz/hourly-ipv4,ziyadnz|hourly,2026-08-17T18:48:05Z,2026-08-17T18:48:05Z,
185.208.104.0,ipv4,malicious-ip,medium,WHITE,ziyadnz/hourly-ipv4,ziyadnz|hourly,2026-08-17T18:48:05Z,2026-08-17T18:48:05Z,
185.208.104.107,ipv4,malicious-ip,medium,WHITE,ziyadnz/hourly-ipv4,ziyadnz|hourly,2026-08-17T18:48:05Z,2026-08-17T18:48:05Z,
185.208.104.130,ipv4,malicious-ip,medium,WHITE,ziyadnz/hourly-ipv4,ziyadnz|hourly,2026-08-17T18:48:05Z,2026-08-17T18:48:05Z,
185.208.104.17,ipv4,malicious-ip,medium,WHITE,ziyadnz/hourly-ipv4,ziyadnz|hourly,2026-08-17T18:48:05Z,2026-08-17T18:48:05Z,
185.208.104.174,ipv4,malicious-ip,medium,WHITE,ziyadnz/hourly-ipv4,ziyadnz|hourly,2026-08-17T18:48:05Z,2026-08-17T18:48:05Z,
185.208.104.24,ipv4,malicious-ip,medium,WHITE,ziyadnz/hourly-ipv4,ziyadnz|hourly,2026-08-17T18:48:05Z,2026-08-17T18:48:05Z,
185.208.106.0,ipv4,malicious-ip,medium,WHITE,ziyadnz/hourly-ipv4,ziyadnz|hourly,2026-08-17T18:48:05Z,2026-08-17T18:48:05Z,
185.208.106.2,ipv4,malicious-ip,medium,WHITE,ziyadnz/hourly-ipv4,ziyadnz|hourly,2026-08-17T18:48:05Z,2026-08-17T18:48:05Z,
185.208.106.219,ipv4,malicious-ip,medium,WHITE,ziyadnz/hourly-ipv4,ziyadnz|hourly,2026-08-17T18:48:05Z,2026-08-17T18:48:05Z,
185.208.106.68,ipv4,malicious-ip,medium,WHITE,ziyadnz/hourly-ipv4,ziyadnz|hourly,2026-08-17T18:48:05Z,2026-08-17T18:48:05Z,
185.208.107.110,ipv4,malicious-ip,medium,WHITE,ziyadnz/hourly-ipv4,ziyadnz|hourly,2026-08-17T18:48:05Z,2026-08-17T18:48:05Z,
185.208.107.144,ipv4,malicious-ip,medium,WHITE,ziyadnz/hourly-ipv4,ziyadnz|hourly,2026-08-17T18:48:05Z,2026-08-17T18:48:05Z,
185.208.107.41,ipv4,malicious-ip,medium,WHITE,ziyadnz/hourly-ipv4,ziyadnz|hourly,2026-08-17T18:48:05Z,2026-08-17T18:48:05Z,
185.208.156.157,ipv4,malicious-ip,medium,WHITE,ziyadnz/hourly-ipv4,ziyadnz|hourly,2026-08-17T18:48:05Z,2026-08-17T18:48:05Z,
185.208.156.162,ipv4,malicious-ip,medium,WHITE,ziyadnz/hourly-ipv4,ziyadnz|hourly,2026-08-17T18:48:05Z,2026-08-17T18:48:05Z,
185.208.156.46,ipv4,malicious-ip,medium,WHITE,ziyadnz/hourly-ipv4,ziyadnz|hourly,2026-08-17T18:48:05Z,2026-08-17T18:48:05Z,
185.208.158.202,ipv4,malicious-ip,medium,WHITE,ziyadnz/hourly-ipv4,ziyadnz|hourly,2026-08-17T18:48:05Z,2026-08-17T18:48:05Z,
185.208.158.206,ipv4,malicious-ip,medium,WHITE,ziyadnz/hourly-ipv4,ziyadnz|hourly,2026-08-17T18:48:05Z,2026-08-17T18:48:05Z,
185.208.158.248,ipv4,malicious-ip,medium,WHITE,ziyadnz/hourly-ipv4,ziyadnz|hourly,2026-08-17T18:48:05Z,2026-08-17T18:48:05Z,
185.208.158.250,ipv4,malicious-ip,medium,WHITE,ziyadnz/hourly-ipv4,ziyadnz|hourly,2026-08-17T18:48:05Z,2026-08-17T18:48:05Z,
185.208.158.36,ipv4,malicious-ip,medium,WHITE,ziyadnz/hourly-ipv4,ziyadnz|hourly,2026-08-17T18:48:05Z,2026-08-17T18:48:05Z,
185.208.159.130,ipv4,malicious-ip,medium,WHITE,ziyadnz/hourly-ipv4,ziyadnz|hourly,2026-08-17T18:48:05Z,2026-08-17T18:48:05Z,
185.208.231.134,ipv4,malicious-ip,medium,WHITE,ziyadnz/hourly-ipv4,ziyadnz|hourly,2026-08-17T18:48:05Z,2026-08-17T18:48:05Z,
185.209.196.166,ipv4,malicious-ip,medium,WHITE,ziyadnz/hourly-ipv4,ziyadnz|hourly,2026-08-17T18:48:05Z,2026-08-17T18:48:05Z,
185.209.198.210,ipv4,malicious-ip,medium,WHITE,ziyadnz/hourly-ipv4,ziyadnz|hourly,2026-08-17T18:48:05Z,2026-08-17T18:48:05Z,
185.209.21.241,ipv4,malicious-ip,medium,WHITE,ziyadnz/hourly-ipv4,ziyadnz|hourly,2026-08-17T18:48:05Z,2026-08-17T18:48:05Z,
185.209.22.98,ipv4,malicious-ip,medium,WHITE,ziyadnz/hourly-ipv4,ziyadnz|hourly,2026-08-17T18:48:05Z,2026-08-17T18:48:05Z,
185.209.229.78,ipv4,malicious-ip,medium,WHITE,ziyadnz/hourly-ipv4,ziyadnz|hourly,2026-08-17T18:48:05Z,2026-08-17T18:48:05Z,
185.209.230.21,ipv4,malicious-ip,medium,WHITE,ziyadnz/hourly-ipv4,ziyadnz|hourly,2026-08-17T18:48:05Z,2026-08-17T18:48:05Z,
185.209.30.29,ipv4,malicious-ip,medium,WHITE,ziyadnz/hourly-ipv4,ziyadnz|hourly,2026-08-17T18:48:05Z,2026-08-17T18:48:05Z,
185.209.56.174,ipv4,malicious-ip,medium,WHITE,ziyadnz/hourly-ipv4,ziyadnz|hourly,2026-08-17T18:48:05Z,2026-08-17T18:48:05Z,
185.21.120.72,ipv4,malicious-ip,medium,WHITE,ziyadnz/hourly-ipv4,ziyadnz|hourly,2026-08-17T18:48:05Z,2026-08-17T18:48:05Z,
185.21.14.148,ipv4,malicious-ip,medium,WHITE,ziyadnz/hourly-ipv4,ziyadnz|hourly,2026-08-17T18:48:05Z,2026-08-17T18:48:05Z,
185.210.217.218,ipv4,malicious-ip,medium,WHITE,ziyadnz/hourly-ipv4,ziyadnz|hourly,2026-08-17T18:48:05Z,2026-08-17T18:48:05Z,
185.210.85.64,ipv4,malicious-ip,medium,WHITE,ziyadnz/hourly-ipv4,ziyadnz|hourly,2026-08-17T18:48:05Z,2026-08-17T18:48:05Z,
185.210.89.142,ipv4,malicious-ip,medium,WHITE,ziyadnz/hourly-ipv4,ziyadnz|hourly,2026-08-17T18:48:05Z,2026-08-17T18:48:05Z,
185.211.22.242,ipv4,malicious-ip,medium,WHITE,ziyadnz/hourly-ipv4,ziyadnz|hourly,2026-08-17T18:48:05Z,2026-08-17T18:48:05Z,
185.211.94.76,ipv4,malicious-ip,medium,WHITE,ziyadnz/hourly-ipv4,ziyadnz|hourly,2026-08-17T18:48:05Z,2026-08-17T18:48:05Z,
185.212.19.144,ipv4,malicious-ip,medium,WHITE,ziyadnz/hourly-ipv4,ziyadnz|hourly,2026-08-17T18:48:05Z,2026-08-17T18:48:05Z,
185.212.251.21,ipv4,malicious-ip,medium,WHITE,ziyadnz/hourly-ipv4,ziyadnz|hourly,2026-08-17T18:48:05Z,2026-08-17T18:48:05Z,
185.212.251.34,ipv4,malicious-ip,medium,WHITE,ziyadnz/hourly-ipv4,ziyadnz|hourly,2026-08-17T18:48:05Z,2026-08-17T18:48:05Z,
185.212.251.44,ipv4,malicious-ip,medium,WHITE,ziyadnz/hourly-ipv4,ziyadnz|hourly,2026-08-17T18:48:05Z,2026-08-17T18:48:05Z,
185.212.47.73,ipv4,malicious-ip,medium,WHITE,ziyadnz/hourly-ipv4,ziyadnz|hourly,2026-08-17T18:48:05Z,2026-08-17T18:48:05Z,
185.212.47.75,ipv4,malicious-ip,medium,WHITE,ziyadnz/hourly-ipv4,ziyadnz|hourly,2026-08-17T18:48:05Z,2026-08-17T18:48:05Z,
185.212.47.84,ipv4,malicious-ip,medium,WHITE,ziyadnz/hourly-ipv4,ziyadnz|hourly,2026-08-17T18:48:05Z,2026-08-17T18:48:05Z,
185.213.116.2,ipv4,malicious-ip,medium,WHITE,ziyadnz/hourly-ipv4,ziyadnz|hourly,2026-08-17T18:48:05Z,2026-08-17T18:48:05Z,
185.213.155.250,ipv4,malicious-ip,medium,WHITE,ziyadnz/hourly-ipv4,ziyadnz|hourly,2026-08-17T18:48:05Z,2026-08-17T18:48:05Z,
185.213.175.168,ipv4,malicious-ip,medium,WHITE,ziyadnz/hourly-ipv4,ziyadnz|hourly,2026-08-17T18:48:05Z,2026-08-17T18:48:05Z,
185.213.175.248,ipv4,malicious-ip,medium,WHITE,ziyadnz/hourly-ipv4,ziyadnz|hourly,2026-08-17T18:48:05Z,2026-08-17T18:48:05Z,
185.213.193.195,ipv4,malicious-ip,medium,WHITE,ziyadnz/hourly-ipv4,ziyadnz|hourly,2026-08-17T18:48:05Z,2026-08-17T18:48:05Z,
185.213.208.245,ipv4,malicious-ip,medium,WHITE,ziyadnz/hourly-ipv4,ziyadnz|hourly,2026-08-17T18:48:05Z,2026-08-17T18:48:05Z,
185.213.213.9,ipv4,malicious-ip,medium,WHITE,ziyadnz/hourly-ipv4,ziyadnz|hourly,2026-08-17T18:48:05Z,2026-08-17T18:48:05Z,
185.213.230.55,ipv4,malicious-ip,medium,WHITE,ziyadnz/hourly-ipv4,ziyadnz|hourly,2026-08-17T18:48:05Z,2026-08-17T18:48:05Z,
185.214.101.139,ipv4,malicious-ip,medium,WHITE,ziyadnz/hourly-ipv4,ziyadnz|hourly,2026-08-17T18:48:05Z,2026-08-17T18:48:05Z,
185.214.137.39,ipv4,malicious-ip,medium,WHITE,ziyadnz/hourly-ipv4,ziyadnz|hourly,2026-08-17T18:48:05Z,2026-08-17T18:48:05Z,
185.214.138.0,ipv4,malicious-ip,medium,WHITE,ziyadnz/hourly-ipv4,ziyadnz|hourly,2026-08-17T18:48:05Z,2026-08-17T18:48:05Z,
185.214.138.14,ipv4,malicious-ip,medium,WHITE,ziyadnz/hourly-ipv4,ziyadnz|hourly,2026-08-17T18:48:05Z,2026-08-17T18:48:05Z,
185.214.138.24,ipv4,malicious-ip,medium,WHITE,ziyadnz/hourly-ipv4,ziyadnz|hourly,2026-08-17T18:48:05Z,2026-08-17T18:48:05Z,
185.214.138.27,ipv4,malicious-ip,medium,WHITE,ziyadnz/hourly-ipv4,ziyadnz|hourly,2026-08-17T18:48:05Z,2026-08-17T18:48:05Z,
185.214.138.42,ipv4,malicious-ip,medium,WHITE,ziyadnz/hourly-ipv4,ziyadnz|hourly,2026-08-17T18:48:05Z,2026-08-17T18:48:05Z,
185.214.138.56,ipv4,malicious-ip,medium,WHITE,ziyadnz/hourly-ipv4,ziyadnz|hourly,2026-08-17T18:48:05Z,2026-08-17T18:48:05Z,
185.214.138.78,ipv4,malicious-ip,medium,WHITE,ziyadnz/hourly-ipv4,ziyadnz|hourly,2026-08-17T18:48:05Z,2026-08-17T18:48:05Z,
185.214.138.85,ipv4,malicious-ip,medium,WHITE,ziyadnz/hourly-ipv4,ziyadnz|hourly,2026-08-17T18:48:05Z,2026-08-17T18:48:05Z,
185.214.138.88,ipv4,malicious-ip,medium,WHITE,ziyadnz/hourly-ipv4,ziyadnz|hourly,2026-08-17T18:48:05Z,2026-08-17T18:48:05Z,
185.214.74.251,ipv4,malicious-ip,medium,WHITE,ziyadnz/hourly-ipv4,ziyadnz|hourly,2026-08-17T18:48:05Z,2026-08-17T18:48:05Z,
185.215.113.105,ipv4,malicious-ip,medium,WHITE,ziyadnz/hourly-ipv4,ziyadnz|hourly,2026-08-17T18:48:05Z,2026-08-17T18:48:05Z,
185.215.113.108,ipv4,malicious-ip,medium,WHITE,ziyadnz/hourly-ipv4,ziyadnz|hourly,2026-08-17T18:48:05Z,2026-08-17T18:48:05Z,
185.215.113.109,ipv4,malicious-ip,medium,WHITE,ziyadnz/hourly-ipv4,ziyadnz|hourly,2026-08-17T18:48:05Z,2026-08-17T18:48:05Z,
185.215.113.114,ipv4,malicious-ip,medium,WHITE,ziyadnz/hourly-ipv4,ziyadnz|hourly,2026-08-17T18:48:05Z,2026-08-17T18:48:05Z,
185.215.113.15,ipv4,malicious-ip,medium,WHITE,ziyadnz/hourly-ipv4,ziyadnz|hourly,2026-08-17T18:48:05Z,2026-08-17T18:48:05Z,
185.215.113.17,ipv4,malicious-ip,medium,WHITE,ziyadnz/hourly-ipv4,ziyadnz|hourly,2026-08-17T18:48:05Z,2026-08-17T18:48:05Z,
185.215.113.204,ipv4,malicious-ip,medium,WHITE,ziyadnz/hourly-ipv4,ziyadnz|hourly,2026-08-17T18:48:05Z,2026-08-17T18:48:05Z,
185.215.113.205,ipv4,malicious-ip,medium,WHITE,ziyadnz/hourly-ipv4,ziyadnz|hourly,2026-08-17T18:48:05Z,2026-08-17T18:48:05Z,
185.215.113.206,ipv4,malicious-ip,medium,WHITE,ziyadnz/hourly-ipv4,ziyadnz|hourly,2026-08-17T18:48:05Z,2026-08-17T18:48:05Z,
185.215.113.35,ipv4,malicious-ip,medium,WHITE,ziyadnz/hourly-ipv4,ziyadnz|hourly,2026-08-17T18:48:05Z,2026-08-17T18:48:05Z,
185.215.113.44,ipv4,malicious-ip,medium,WHITE,ziyadnz/hourly-ipv4,ziyadnz|hourly,2026-08-17T18:48:05Z,2026-08-17T18:48:05Z,
185.215.113.55,ipv4,malicious-ip,medium,WHITE,ziyadnz/hourly-ipv4,ziyadnz|hourly,2026-08-17T18:48:05Z,2026-08-17T18:48:05Z,
185.215.113.9,ipv4,malicious-ip,medium,WHITE,ziyadnz/hourly-ipv4,ziyadnz|hourly,2026-08-17T18:48:05Z,2026-08-17T18:48:05Z,
185.215.180.239,ipv4,malicious-ip,medium,WHITE,ziyadnz/hourly-ipv4,ziyadnz|hourly,2026-08-17T18:48:05Z,2026-08-17T18:48:05Z,
185.215.180.70,ipv4,malicious-ip,medium,WHITE,ziyadnz/hourly-ipv4,ziyadnz|hourly,2026-08-17T18:48:05Z,2026-08-17T18:48:05Z,
185.216.117.3,ipv4,malicious-ip,medium,WHITE,ziyadnz/hourly-ipv4,ziyadnz|hourly,2026-08-17T18:48:05Z,2026-08-17T18:48:05Z,
185.216.119.134,ipv4,malicious-ip,medium,WHITE,ziyadnz/hourly-ipv4,ziyadnz|hourly,2026-08-17T18:48:05Z,2026-08-17T18:48:05Z,
185.216.128.50,ipv4,malicious-ip,medium,WHITE,ziyadnz/hourly-ipv4,ziyadnz|hourly,2026-08-17T18:48:05Z,2026-08-17T18:48:05Z,
185.216.134.126,ipv4,malicious-ip,medium,WHITE,ziyadnz/hourly-ipv4,ziyadnz|hourly,2026-08-17T18:48:05Z,2026-08-17T18:48:05Z,
185.216.145.0,ipv4,malicious-ip,medium,WHITE,ziyadnz/hourly-ipv4,ziyadnz|hourly,2026-08-17T18:48:05Z,2026-08-17T18:48:05Z,
185.216.145.162,ipv4,malicious-ip,medium,WHITE,ziyadnz/hourly-ipv4,ziyadnz|hourly,2026-08-17T18:48:05Z,2026-08-17T18:48:05Z,
185.216.145.163,ipv4,malicious-ip,medium,WHITE,ziyadnz/hourly-ipv4,ziyadnz|hourly,2026-08-17T18:48:05Z,2026-08-17T18:48:05Z,
185.216.145.164,ipv4,malicious-ip,medium,WHITE,ziyadnz/hourly-ipv4,ziyadnz|hourly,2026-08-17T18:48:05Z,2026-08-17T18:48:05Z,
185.216.145.165,ipv4,malicious-ip,medium,WHITE,ziyadnz/hourly-ipv4,ziyadnz|hourly,2026-08-17T18:48:05Z,2026-08-17T18:48:05Z,
185.216.145.166,ipv4,malicious-ip,medium,WHITE,ziyadnz/hourly-ipv4,ziyadnz|hourly,2026-08-17T18:48:05Z,2026-08-17T18:48:05Z,
185.216.145.167,ipv4,malicious-ip,medium,WHITE,ziyadnz/hourly-ipv4,ziyadnz|hourly,2026-08-17T18:48:05Z,2026-08-17T18:48:05Z,
185.216.145.168,ipv4,malicious-ip,medium,WHITE,ziyadnz/hourly-ipv4,ziyadnz|hourly,2026-08-17T18:48:05Z,2026-08-17T18:48:05Z,
185.216.145.169,ipv4,malicious-ip,medium,WHITE,ziyadnz/hourly-ipv4,ziyadnz|hourly,2026-08-17T18:48:05Z,2026-08-17T18:48:05Z,
185.216.145.170,ipv4,malicious-ip,medium,WHITE,ziyadnz/hourly-ipv4,ziyadnz|hourly,2026-08-17T18:48:05Z,2026-08-17T18:48:05Z,
185.216.145.171,ipv4,malicious-ip,medium,WHITE,ziyadnz/hourly-ipv4,ziyadnz|hourly,2026-08-17T18:48:05Z,2026-08-17T18:48:05Z,
185.216.145.172,ipv4,malicious-ip,medium,WHITE,ziyadnz/hourly-ipv4,ziyadnz|hourly,2026-08-17T18:48:05Z,2026-08-17T18:48:05Z,
185.216.145.173,ipv4,malicious-ip,medium,WHITE,ziyadnz/hourly-ipv4,ziyadnz|hourly,2026-08-17T18:48:05Z,2026-08-17T18:48:05Z,
185.216.145.174,ipv4,malicious-ip,medium,WHITE,ziyadnz/hourly-ipv4,ziyadnz|hourly,2026-08-17T18:48:05Z,2026-08-17T18:48:05Z,
185.216.145.175,ipv4,malicious-ip,medium,WHITE,ziyadnz/hourly-ipv4,ziyadnz|hourly,2026-08-17T18:48:05Z,2026-08-17T18:48:05Z,
185.216.145.176,ipv4,malicious-ip,medium,WHITE,ziyadnz/hourly-ipv4,ziyadnz|hourly,2026-08-17T18:48:05Z,2026-08-17T18:48:05Z,
185.216.145.177,ipv4,malicious-ip,medium,WHITE,ziyadnz/hourly-ipv4,ziyadnz|hourly,2026-08-17T18:48:05Z,2026-08-17T18:48:05Z,
185.216.145.178,ipv4,malicious-ip,medium,WHITE,ziyadnz/hourly-ipv4,ziyadnz|hourly,2026-08-17T18:48:05Z,2026-08-17T18:48:05Z,
185.216.145.179,ipv4,malicious-ip,medium,WHITE,ziyadnz/hourly-ipv4,ziyadnz|hourly,2026-08-17T18:48:05Z,2026-08-17T18:48:05Z,
185.216.145.180,ipv4,malicious-ip,medium,WHITE,ziyadnz/hourly-ipv4,ziyadnz|hourly,2026-08-17T18:48:05Z,2026-08-17T18:48:05Z,
185.216.145.181,ipv4,malicious-ip,medium,WHITE,ziyadnz/hourly-ipv4,ziyadnz|hourly,2026-08-17T18:48:05Z,2026-08-17T18:48:05Z,
185.216.145.182,ipv4,malicious-ip,medium,WHITE,ziyadnz/hourly-ipv4,ziyadnz|hourly,2026-08-17T18:48:05Z,2026-08-17T18:48:05Z,
185.216.145.183,ipv4,malicious-ip,medium,WHITE,ziyadnz/hourly-ipv4,ziyadnz|hourly,2026-08-17T18:48:05Z,2026-08-17T18:48:05Z,
185.216.145.184,ipv4,malicious-ip,medium,WHITE,ziyadnz/hourly-ipv4,ziyadnz|hourly,2026-08-17T18:48:05Z,2026-08-17T18:48:05Z,
185.216.145.185,ipv4,malicious-ip,medium,WHITE,ziyadnz/hourly-ipv4,ziyadnz|hourly,2026-08-17T18:48:05Z,2026-08-17T18:48:05Z,
185.216.145.187,ipv4,malicious-ip,medium,WHITE,ziyadnz/hourly-ipv4,ziyadnz|hourly,2026-08-17T18:48:05Z,2026-08-17T18:48:05Z,
185.216.145.188,ipv4,malicious-ip,medium,WHITE,ziyadnz/hourly-ipv4,ziyadnz|hourly,2026-08-17T18:48:05Z,2026-08-17T18:48:05Z,
185.216.145.189,ipv4,malicious-ip,medium,WHITE,ziyadnz/hourly-ipv4,ziyadnz|hourly,2026-08-17T18:48:05Z,2026-08-17T18:48:05Z,
185.216.146.161,ipv4,malicious-ip,medium,WHITE,ziyadnz/hourly-ipv4,ziyadnz|hourly,2026-08-17T18:48:05Z,2026-08-17T18:48:05Z,
185.216.176.89,ipv4,malicious-ip,medium,WHITE,ziyadnz/hourly-ipv4,ziyadnz|hourly,2026-08-17T18:48:05Z,2026-08-17T18:48:05Z,
185.216.20.118,ipv4,malicious-ip,medium,WHITE,ziyadnz/hourly-ipv4,ziyadnz|hourly,2026-08-17T18:48:05Z,2026-08-17T18:48:05Z,
185.216.20.52,ipv4,malicious-ip,medium,WHITE,ziyadnz/hourly-ipv4,ziyadnz|hourly,2026-08-17T18:48:05Z,2026-08-17T18:48:05Z,
185.216.214.42,ipv4,malicious-ip,medium,WHITE,ziyadnz/hourly-ipv4,ziyadnz|hourly,2026-08-17T18:48:05Z,2026-08-17T18:48:05Z,
185.216.70.138,ipv4,malicious-ip,medium,WHITE,ziyadnz/hourly-ipv4,ziyadnz|hourly,2026-08-17T18:48:05Z,2026-08-17T18:48:05Z,
185.216.70.142,ipv4,malicious-ip,medium,WHITE,ziyadnz/hourly-ipv4,ziyadnz|hourly,2026-08-17T18:48:05Z,2026-08-17T18:48:05Z,
185.216.70.37,ipv4,malicious-ip,medium,WHITE,ziyadnz/hourly-ipv4,ziyadnz|hourly,2026-08-17T18:48:05Z,2026-08-17T18:48:05Z,
185.216.70.79,ipv4,malicious-ip,medium,WHITE,ziyadnz/hourly-ipv4,ziyadnz|hourly,2026-08-17T18:48:05Z,2026-08-17T18:48:05Z,
185.216.71.149,ipv4,malicious-ip,medium,WHITE,ziyadnz/hourly-ipv4,ziyadnz|hourly,2026-08-17T18:48:05Z,2026-08-17T18:48:05Z,
185.216.71.207,ipv4,malicious-ip,medium,WHITE,ziyadnz/hourly-ipv4,ziyadnz|hourly,2026-08-17T18:48:05Z,2026-08-17T18:48:05Z,
185.216.71.230,ipv4,malicious-ip,medium,WHITE,ziyadnz/hourly-ipv4,ziyadnz|hourly,2026-08-17T18:48:05Z,2026-08-17T18:48:05Z,
185.216.71.26,ipv4,malicious-ip,medium,WHITE,ziyadnz/hourly-ipv4,ziyadnz|hourly,2026-08-17T18:48:05Z,2026-08-17T18:48:05Z,
185.216.87.72,ipv4,malicious-ip,medium,WHITE,ziyadnz/hourly-ipv4,ziyadnz|hourly,2026-08-17T18:48:05Z,2026-08-17T18:48:05Z,
185.217.0.181,ipv4,malicious-ip,medium,WHITE,ziyadnz/hourly-ipv4,ziyadnz|hourly,2026-08-17T18:48:05Z,2026-08-17T18:48:05Z,
185.217.0.59,ipv4,malicious-ip,medium,WHITE,ziyadnz/hourly-ipv4,ziyadnz|hourly,2026-08-17T18:48:05Z,2026-08-17T18:48:05Z,
185.217.1.243,ipv4,malicious-ip,medium,WHITE,ziyadnz/hourly-ipv4,ziyadnz|hourly,2026-08-17T18:48:05Z,2026-08-17T18:48:05Z,
185.217.125.211,ipv4,malicious-ip,medium,WHITE,ziyadnz/hourly-ipv4,ziyadnz|hourly,2026-08-17T18:48:05Z,2026-08-17T18:48:05Z,
185.217.125.241,ipv4,malicious-ip,medium,WHITE,ziyadnz/hourly-ipv4,ziyadnz|hourly,2026-08-17T18:48:05Z,2026-08-17T18:48:05Z,
185.217.174.17,ipv4,malicious-ip,medium,WHITE,ziyadnz/hourly-ipv4,ziyadnz|hourly,2026-08-17T18:48:05Z,2026-08-17T18:48:05Z,
185.217.174.245,ipv4,malicious-ip,medium,WHITE,ziyadnz/hourly-ipv4,ziyadnz|hourly,2026-08-17T18:48:05Z,2026-08-17T18:48:05Z,
185.217.188.132,ipv4,malicious-ip,medium,WHITE,ziyadnz/hourly-ipv4,ziyadnz|hourly,2026-08-17T18:48:05Z,2026-08-17T18:48:05Z,
185.217.188.134,ipv4,malicious-ip,medium,WHITE,ziyadnz/hourly-ipv4,ziyadnz|hourly,2026-08-17T18:48:05Z,2026-08-17T18:48:05Z,
185.217.197.84,ipv4,malicious-ip,medium,WHITE,ziyadnz/hourly-ipv4,ziyadnz|hourly,2026-08-17T18:48:05Z,2026-08-17T18:48:05Z,
185.218.161.103,ipv4,malicious-ip,medium,WHITE,ziyadnz/hourly-ipv4,ziyadnz|hourly,2026-08-17T18:48:05Z,2026-08-17T18:48:05Z,
185.219.220.128,ipv4,malicious-ip,medium,WHITE,ziyadnz/hourly-ipv4,ziyadnz|hourly,2026-08-17T18:48:05Z,2026-08-17T18:48:05Z,
185.219.220.135,ipv4,malicious-ip,medium,WHITE,ziyadnz/hourly-ipv4,ziyadnz|hourly,2026-08-17T18:48:05Z,2026-08-17T18:48:05Z,
185.219.220.149,ipv4,malicious-ip,medium,WHITE,ziyadnz/hourly-ipv4,ziyadnz|hourly,2026-08-17T18:48:05Z,2026-08-17T18:48:05Z,
185.219.220.175,ipv4,malicious-ip,medium,WHITE,ziyadnz/hourly-ipv4,ziyadnz|hourly,2026-08-17T18:48:05Z,2026-08-17T18:48:05Z,
185.219.220.99,ipv4,malicious-ip,medium,WHITE,ziyadnz/hourly-ipv4,ziyadnz|hourly,2026-08-17T18:48:05Z,2026-08-17T18:48:05Z,
185.219.221.30,ipv4,malicious-ip,medium,WHITE,ziyadnz/hourly-ipv4,ziyadnz|hourly,2026-08-17T18:48:05Z,2026-08-17T18:48:05Z,
185.22.153.228,ipv4,malicious-ip,medium,WHITE,ziyadnz/hourly-ipv4,ziyadnz|hourly,2026-08-17T18:48:05Z,2026-08-17T18:48:05Z,
185.22.154.73,ipv4,malicious-ip,medium,WHITE,ziyadnz/hourly-ipv4,ziyadnz|hourly,2026-08-17T18:48:05Z,2026-08-17T18:48:05Z,
185.220.100.240,ipv4,malicious-ip,medium,WHITE,ziyadnz/hourly-ipv4,ziyadnz|hourly,2026-08-17T18:48:05Z,2026-08-17T18:48:05Z,
185.220.100.241,ipv4,malicious-ip,medium,WHITE,ziyadnz/hourly-ipv4,ziyadnz|hourly,2026-08-17T18:48:05Z,2026-08-17T18:48:05Z,
185.220.100.242,ipv4,malicious-ip,medium,WHITE,ziyadnz/hourly-ipv4,ziyadnz|hourly,2026-08-17T18:48:05Z,2026-08-17T18:48:05Z,
185.220.100.243,ipv4,malicious-ip,medium,WHITE,ziyadnz/hourly-ipv4,ziyadnz|hourly,2026-08-17T18:48:05Z,2026-08-17T18:48:05Z,
185.220.100.244,ipv4,malicious-ip,medium,WHITE,ziyadnz/hourly-ipv4,ziyadnz|hourly,2026-08-17T18:48:05Z,2026-08-17T18:48:05Z,
185.220.100.245,ipv4,malicious-ip,medium,WHITE,ziyadnz/hourly-ipv4,ziyadnz|hourly,2026-08-17T18:48:05Z,2026-08-17T18:48:05Z,
185.220.100.246,ipv4,malicious-ip,medium,WHITE,ziyadnz/hourly-ipv4,ziyadnz|hourly,2026-08-17T18:48:05Z,2026-08-17T18:48:05Z,
185.220.100.247,ipv4,malicious-ip,medium,WHITE,ziyadnz/hourly-ipv4,ziyadnz|hourly,2026-08-17T18:48:05Z,2026-08-17T18:48:05Z,
185.220.100.248,ipv4,malicious-ip,medium,WHITE,ziyadnz/hourly-ipv4,ziyadnz|hourly,2026-08-17T18:48:05Z,2026-08-17T18:48:05Z,
185.220.100.249,ipv4,malicious-ip,medium,WHITE,ziyadnz/hourly-ipv4,ziyadnz|hourly,2026-08-17T18:48:05Z,2026-08-17T18:48:05Z,
185.220.100.250,ipv4,malicious-ip,medium,WHITE,ziyadnz/hourly-ipv4,ziyadnz|hourly,2026-08-17T18:48:05Z,2026-08-17T18:48:05Z,
185.220.100.251,ipv4,malicious-ip,medium,WHITE,ziyadnz/hourly-ipv4,ziyadnz|hourly,2026-08-17T18:48:05Z,2026-08-17T18:48:05Z,
185.220.100.252,ipv4,malicious-ip,medium,WHITE,ziyadnz/hourly-ipv4,ziyadnz|hourly,2026-08-17T18:48:05Z,2026-08-17T18:48:05Z,
185.220.100.253,ipv4,malicious-ip,medium,WHITE,ziyadnz/hourly-ipv4,ziyadnz|hourly,2026-08-17T18:48:05Z,2026-08-17T18:48:05Z,
185.220.100.254,ipv4,malicious-ip,medium,WHITE,ziyadnz/hourly-ipv4,ziyadnz|hourly,2026-08-17T18:48:05Z,2026-08-17T18:48:05Z,
185.220.100.255,ipv4,malicious-ip,medium,WHITE,ziyadnz/hourly-ipv4,ziyadnz|hourly,2026-08-17T18:48:05Z,2026-08-17T18:48:05Z,
185.220.101.0,ipv4,malicious-ip,medium,WHITE,ziyadnz/hourly-ipv4,ziyadnz|hourly,2026-08-17T18:48:05Z,2026-08-17T18:48:05Z,
185.220.101.1,ipv4,malicious-ip,medium,WHITE,ziyadnz/hourly-ipv4,ziyadnz|hourly,2026-08-17T18:48:05Z,2026-08-17T18:48:05Z,
185.220.101.10,ipv4,malicious-ip,medium,WHITE,ziyadnz/hourly-ipv4,ziyadnz|hourly,2026-08-17T18:48:05Z,2026-08-17T18:48:05Z,
185.220.101.100,ipv4,malicious-ip,medium,WHITE,ziyadnz/hourly-ipv4,ziyadnz|hourly,2026-08-17T18:48:05Z,2026-08-17T18:48:05Z,
185.220.101.101,ipv4,malicious-ip,medium,WHITE,ziyadnz/hourly-ipv4,ziyadnz|hourly,2026-08-17T18:48:05Z,2026-08-17T18:48:05Z,
185.220.101.102,ipv4,malicious-ip,medium,WHITE,ziyadnz/hourly-ipv4,ziyadnz|hourly,2026-08-17T18:48:05Z,2026-08-17T18:48:05Z,
185.220.101.103,ipv4,malicious-ip,medium,WHITE,ziyadnz/hourly-ipv4,ziyadnz|hourly,2026-08-17T18:48:05Z,2026-08-17T18:48:05Z,
185.220.101.104,ipv4,malicious-ip,medium,WHITE,ziyadnz/hourly-ipv4,ziyadnz|hourly,2026-08-17T18:48:05Z,2026-08-17T18:48:05Z,
185.220.101.105,ipv4,malicious-ip,medium,WHITE,ziyadnz/hourly-ipv4,ziyadnz|hourly,2026-08-17T18:48:05Z,2026-08-17T18:48:05Z,
185.220.101.106,ipv4,malicious-ip,medium,WHITE,ziyadnz/hourly-ipv4,ziyadnz|hourly,2026-08-17T18:48:05Z,2026-08-17T18:48:05Z,
185.220.101.107,ipv4,malicious-ip,medium,WHITE,ziyadnz/hourly-ipv4,ziyadnz|hourly,2026-08-17T18:48:05Z,2026-08-17T18:48:05Z,
185.220.101.108,ipv4,malicious-ip,medium,WHITE,ziyadnz/hourly-ipv4,ziyadnz|hourly,2026-08-17T18:48:05Z,2026-08-17T18:48:05Z,
185.220.101.109,ipv4,malicious-ip,medium,WHITE,ziyadnz/hourly-ipv4,ziyadnz|hourly,2026-08-17T18:48:05Z,2026-08-17T18:48:05Z,
185.220.101.11,ipv4,malicious-ip,medium,WHITE,ziyadnz/hourly-ipv4,ziyadnz|hourly,2026-08-17T18:48:05Z,2026-08-17T18:48:05Z,
185.220.101.110,ipv4,malicious-ip,medium,WHITE,ziyadnz/hourly-ipv4,ziyadnz|hourly,2026-08-17T18:48:05Z,2026-08-17T18:48:05Z,
185.220.101.12,ipv4,malicious-ip,medium,WHITE,ziyadnz/hourly-ipv4,ziyadnz|hourly,2026-08-17T18:48:05Z,2026-08-17T18:48:05Z,
185.220.101.128,ipv4,malicious-ip,medium,WHITE,ziyadnz/hourly-ipv4,ziyadnz|hourly,2026-08-17T18:48:05Z,2026-08-17T18:48:05Z,
185.220.101.129,ipv4,malicious-ip,medium,WHITE,ziyadnz/hourly-ipv4,ziyadnz|hourly,2026-08-17T18:48:05Z,2026-08-17T18:48:05Z,
185.220.101.13,ipv4,malicious-ip,medium,WHITE,ziyadnz/hourly-ipv4,ziyadnz|hourly,2026-08-17T18:48:05Z,2026-08-17T18:48:05Z,
185.220.101.130,ipv4,malicious-ip,medium,WHITE,ziyadnz/hourly-ipv4,ziyadnz|hourly,2026-08-17T18:48:05Z,2026-08-17T18:48:05Z,
185.220.101.131,ipv4,malicious-ip,medium,WHITE,ziyadnz/hourly-ipv4,ziyadnz|hourly,2026-08-17T18:48:05Z,2026-08-17T18:48:05Z,
185.220.101.132,ipv4,malicious-ip,medium,WHITE,ziyadnz/hourly-ipv4,ziyadnz|hourly,2026-08-17T18:48:05Z,2026-08-17T18:48:05Z,
185.220.101.133,ipv4,malicious-ip,medium,WHITE,ziyadnz/hourly-ipv4,ziyadnz|hourly,2026-08-17T18:48:05Z,2026-08-17T18:48:05Z,
185.220.101.134,ipv4,malicious-ip,medium,WHITE,ziyadnz/hourly-ipv4,ziyadnz|hourly,2026-08-17T18:48:05Z,2026-08-17T18:48:05Z,
185.220.101.135,ipv4,malicious-ip,medium,WHITE,ziyadnz/hourly-ipv4,ziyadnz|hourly,2026-08-17T18:48:05Z,2026-08-17T18:48:05Z,
185.220.101.136,ipv4,malicious-ip,medium,WHITE,ziyadnz/hourly-ipv4,ziyadnz|hourly,2026-08-17T18:48:05Z,2026-08-17T18:48:05Z,
185.220.101.137,ipv4,malicious-ip,medium,WHITE,ziyadnz/hourly-ipv4,ziyadnz|hourly,2026-08-17T18:48:05Z,2026-08-17T18:48:05Z,
185.220.101.139,ipv4,malicious-ip,medium,WHITE,ziyadnz/hourly-ipv4,ziyadnz|hourly,2026-08-17T18:48:05Z,2026-08-17T18:48:05Z,
185.220.101.14,ipv4,malicious-ip,medium,WHITE,ziyadnz/hourly-ipv4,ziyadnz|hourly,2026-08-17T18:48:05Z,2026-08-17T18:48:05Z,
185.220.101.140,ipv4,malicious-ip,medium,WHITE,ziyadnz/hourly-ipv4,ziyadnz|hourly,2026-08-17T18:48:05Z,2026-08-17T18:48:05Z,
185.220.101.141,ipv4,malicious-ip,medium,WHITE,ziyadnz/hourly-ipv4,ziyadnz|hourly,2026-08-17T18:48:05Z,2026-08-17T18:48:05Z,
185.220.101.142,ipv4,malicious-ip,medium,WHITE,ziyadnz/hourly-ipv4,ziyadnz|hourly,2026-08-17T18:48:05Z,2026-08-17T18:48:05Z,
185.220.101.143,ipv4,malicious-ip,medium,WHITE,ziyadnz/hourly-ipv4,ziyadnz|hourly,2026-08-17T18:48:05Z,2026-08-17T18:48:05Z,
185.220.101.144,ipv4,malicious-ip,medium,WHITE,ziyadnz/hourly-ipv4,ziyadnz|hourly,2026-08-17T18:48:05Z,2026-08-17T18:48:05Z,
185.220.101.145,ipv4,malicious-ip,medium,WHITE,ziyadnz/hourly-ipv4,ziyadnz|hourly,2026-08-17T18:48:05Z,2026-08-17T18:48:05Z,
185.220.101.146,ipv4,malicious-ip,medium,WHITE,ziyadnz/hourly-ipv4,ziyadnz|hourly,2026-08-17T18:48:05Z,2026-08-17T18:48:05Z,
185.220.101.148,ipv4,malicious-ip,medium,WHITE,ziyadnz/hourly-ipv4,ziyadnz|hourly,2026-08-17T18:48:05Z,2026-08-17T18:48:05Z,
185.220.101.149,ipv4,malicious-ip,medium,WHITE,ziyadnz/hourly-ipv4,ziyadnz|hourly,2026-08-17T18:48:05Z,2026-08-17T18:48:05Z,
185.220.101.15,ipv4,malicious-ip,medium,WHITE,ziyadnz/hourly-ipv4,ziyadnz|hourly,2026-08-17T18:48:05Z,2026-08-17T18:48:05Z,
185.220.101.150,ipv4,malicious-ip,medium,WHITE,ziyadnz/hourly-ipv4,ziyadnz|hourly,2026-08-17T18:48:05Z,2026-08-17T18:48:05Z,
185.220.101.151,ipv4,malicious-ip,medium,WHITE,ziyadnz/hourly-ipv4,ziyadnz|hourly,2026-08-17T18:48:05Z,2026-08-17T18:48:05Z,
185.220.101.152,ipv4,malicious-ip,medium,WHITE,ziyadnz/hourly-ipv4,ziyadnz|hourly,2026-08-17T18:48:05Z,2026-08-17T18:48:05Z,
185.220.101.153,ipv4,malicious-ip,medium,WHITE,ziyadnz/hourly-ipv4,ziyadnz|hourly,2026-08-17T18:48:05Z,2026-08-17T18:48:05Z,
185.220.101.154,ipv4,malicious-ip,medium,WHITE,ziyadnz/hourly-ipv4,ziyadnz|hourly,2026-08-17T18:48:05Z,2026-08-17T18:48:05Z,
185.220.101.155,ipv4,malicious-ip,medium,WHITE,ziyadnz/hourly-ipv4,ziyadnz|hourly,2026-08-17T18:48:05Z,2026-08-17T18:48:05Z,
185.220.101.156,ipv4,malicious-ip,medium,WHITE,ziyadnz/hourly-ipv4,ziyadnz|hourly,2026-08-17T18:48:05Z,2026-08-17T18:48:05Z,
185.220.101.157,ipv4,malicious-ip,medium,WHITE,ziyadnz/hourly-ipv4,ziyadnz|hourly,2026-08-17T18:48:05Z,2026-08-17T18:48:05Z,
185.220.101.158,ipv4,malicious-ip,medium,WHITE,ziyadnz/hourly-ipv4,ziyadnz|hourly,2026-08-17T18:48:05Z,2026-08-17T18:48:05Z,
185.220.101.159,ipv4,malicious-ip,medium,WHITE,ziyadnz/hourly-ipv4,ziyadnz|hourly,2026-08-17T18:48:05Z,2026-08-17T18:48:05Z,
185.220.101.16,ipv4,malicious-ip,medium,WHITE,ziyadnz/hourly-ipv4,ziyadnz|hourly,2026-08-17T18:48:05Z,2026-08-17T18:48:05Z,
185.220.101.160,ipv4,malicious-ip,medium,WHITE,ziyadnz/hourly-ipv4,ziyadnz|hourly,2026-08-17T18:48:05Z,2026-08-17T18:48:05Z,
185.220.101.161,ipv4,malicious-ip,medium,WHITE,ziyadnz/hourly-ipv4,ziyadnz|hourly,2026-08-17T18:48:05Z,2026-08-17T18:48:05Z,
185.220.101.162,ipv4,malicious-ip,medium,WHITE,ziyadnz/hourly-ipv4,ziyadnz|hourly,2026-08-17T18:48:05Z,2026-08-17T18:48:05Z,
185.220.101.163,ipv4,malicious-ip,medium,WHITE,ziyadnz/hourly-ipv4,ziyadnz|hourly,2026-08-17T18:48:05Z,2026-08-17T18:48:05Z,
185.220.101.164,ipv4,malicious-ip,medium,WHITE,ziyadnz/hourly-ipv4,ziyadnz|hourly,2026-08-17T18:48:05Z,2026-08-17T18:48:05Z,
185.220.101.165,ipv4,malicious-ip,medium,WHITE,ziyadnz/hourly-ipv4,ziyadnz|hourly,2026-08-17T18:48:05Z,2026-08-17T18:48:05Z,
185.220.101.166,ipv4,malicious-ip,medium,WHITE,ziyadnz/hourly-ipv4,ziyadnz|hourly,2026-08-17T18:48:05Z,2026-08-17T18:48:05Z,
185.220.101.168,ipv4,malicious-ip,medium,WHITE,ziyadnz/hourly-ipv4,ziyadnz|hourly,2026-08-17T18:48:05Z,2026-08-17T18:48:05Z,
185.220.101.169,ipv4,malicious-ip,medium,WHITE,ziyadnz/hourly-ipv4,ziyadnz|hourly,2026-08-17T18:48:05Z,2026-08-17T18:48:05Z,
185.220.101.17,ipv4,malicious-ip,medium,WHITE,ziyadnz/hourly-ipv4,ziyadnz|hourly,2026-08-17T18:48:05Z,2026-08-17T18:48:05Z,
185.220.101.170,ipv4,malicious-ip,medium,WHITE,ziyadnz/hourly-ipv4,ziyadnz|hourly,2026-08-17T18:48:05Z,2026-08-17T18:48:05Z,
185.220.101.171,ipv4,malicious-ip,medium,WHITE,ziyadnz/hourly-ipv4,ziyadnz|hourly,2026-08-17T18:48:05Z,2026-08-17T18:48:05Z,
185.220.101.172,ipv4,malicious-ip,medium,WHITE,ziyadnz/hourly-ipv4,ziyadnz|hourly,2026-08-17T18:48:05Z,2026-08-17T18:48:05Z,
185.220.101.173,ipv4,malicious-ip,medium,WHITE,ziyadnz/hourly-ipv4,ziyadnz|hourly,2026-08-17T18:48:05Z,2026-08-17T18:48:05Z,
185.220.101.174,ipv4,malicious-ip,medium,WHITE,ziyadnz/hourly-ipv4,ziyadnz|hourly,2026-08-17T18:48:05Z,2026-08-17T18:48:05Z,
185.220.101.175,ipv4,malicious-ip,medium,WHITE,ziyadnz/hourly-ipv4,ziyadnz|hourly,2026-08-17T18:48:05Z,2026-08-17T18:48:05Z,
185.220.101.176,ipv4,malicious-ip,medium,WHITE,ziyadnz/hourly-ipv4,ziyadnz|hourly,2026-08-17T18:48:05Z,2026-08-17T18:48:05Z,
185.220.101.177,ipv4,malicious-ip,medium,WHITE,ziyadnz/hourly-ipv4,ziyadnz|hourly,2026-08-17T18:48:05Z,2026-08-17T18:48:05Z,
185.220.101.178,ipv4,malicious-ip,medium,WHITE,ziyadnz/hourly-ipv4,ziyadnz|hourly,2026-08-17T18:48:05Z,2026-08-17T18:48:05Z,
185.220.101.179,ipv4,malicious-ip,medium,WHITE,ziyadnz/hourly-ipv4,ziyadnz|hourly,2026-08-17T18:48:05Z,2026-08-17T18:48:05Z,
185.220.101.18,ipv4,malicious-ip,medium,WHITE,ziyadnz/hourly-ipv4,ziyadnz|hourly,2026-08-17T18:48:05Z,2026-08-17T18:48:05Z,
185.220.101.180,ipv4,malicious-ip,medium,WHITE,ziyadnz/hourly-ipv4,ziyadnz|hourly,2026-08-17T18:48:05Z,2026-08-17T18:48:05Z,
185.220.101.181,ipv4,malicious-ip,medium,WHITE,ziyadnz/hourly-ipv4,ziyadnz|hourly,2026-08-17T18:48:05Z,2026-08-17T18:48:05Z,
185.220.101.182,ipv4,malicious-ip,medium,WHITE,ziyadnz/hourly-ipv4,ziyadnz|hourly,2026-08-17T18:48:05Z,2026-08-17T18:48:05Z,
185.220.101.183,ipv4,malicious-ip,medium,WHITE,ziyadnz/hourly-ipv4,ziyadnz|hourly,2026-08-17T18:48:05Z,2026-08-17T18:48:05Z,
185.220.101.184,ipv4,malicious-ip,medium,WHITE,ziyadnz/hourly-ipv4,ziyadnz|hourly,2026-08-17T18:48:05Z,2026-08-17T18:48:05Z,
185.220.101.185,ipv4,malicious-ip,medium,WHITE,ziyadnz/hourly-ipv4,ziyadnz|hourly,2026-08-17T18:48:05Z,2026-08-17T18:48:05Z,
185.220.101.186,ipv4,malicious-ip,medium,WHITE,ziyadnz/hourly-ipv4,ziyadnz|hourly,2026-08-17T18:48:05Z,2026-08-17T18:48:05Z,
185.220.101.187,ipv4,malicious-ip,medium,WHITE,ziyadnz/hourly-ipv4,ziyadnz|hourly,2026-08-17T18:48:05Z,2026-08-17T18:48:05Z,
185.220.101.188,ipv4,malicious-ip,medium,WHITE,ziyadnz/hourly-ipv4,ziyadnz|hourly,2026-08-17T18:48:05Z,2026-08-17T18:48:05Z,
185.220.101.189,ipv4,malicious-ip,medium,WHITE,ziyadnz/hourly-ipv4,ziyadnz|hourly,2026-08-17T18:48:05Z,2026-08-17T18:48:05Z,
185.220.101.19,ipv4,malicious-ip,medium,WHITE,ziyadnz/hourly-ipv4,ziyadnz|hourly,2026-08-17T18:48:05Z,2026-08-17T18:48:05Z,
185.220.101.190,ipv4,malicious-ip,medium,WHITE,ziyadnz/hourly-ipv4,ziyadnz|hourly,2026-08-17T18:48:05Z,2026-08-17T18:48:05Z,
185.220.101.191,ipv4,malicious-ip,medium,WHITE,ziyadnz/hourly-ipv4,ziyadnz|hourly,2026-08-17T18:48:05Z,2026-08-17T18:48:05Z,
185.220.101.2,ipv4,malicious-ip,medium,WHITE,ziyadnz/hourly-ipv4,ziyadnz|hourly,2026-08-17T18:48:05Z,2026-08-17T18:48:05Z,
185.220.101.20,ipv4,malicious-ip,medium,WHITE,ziyadnz/hourly-ipv4,ziyadnz|hourly,2026-08-17T18:48:05Z,2026-08-17T18:48:05Z,
185.220.101.21,ipv4,malicious-ip,medium,WHITE,ziyadnz/hourly-ipv4,ziyadnz|hourly,2026-08-17T18:48:05Z,2026-08-17T18:48:05Z,
185.220.101.22,ipv4,malicious-ip,medium,WHITE,ziyadnz/hourly-ipv4,ziyadnz|hourly,2026-08-17T18:48:05Z,2026-08-17T18:48:05Z,
185.220.101.23,ipv4,malicious-ip,medium,WHITE,ziyadnz/hourly-ipv4,ziyadnz|hourly,2026-08-17T18:48:05Z,2026-08-17T18:48:05Z,
185.220.101.24,ipv4,malicious-ip,medium,WHITE,ziyadnz/hourly-ipv4,ziyadnz|hourly,2026-08-17T18:48:05Z,2026-08-17T18:48:05Z,
185.220.101.25,ipv4,malicious-ip,medium,WHITE,ziyadnz/hourly-ipv4,ziyadnz|hourly,2026-08-17T18:48:05Z,2026-08-17T18:48:05Z,
185.220.101.26,ipv4,malicious-ip,medium,WHITE,ziyadnz/hourly-ipv4,ziyadnz|hourly,2026-08-17T18:48:05Z,2026-08-17T18:48:05Z,
185.220.101.27,ipv4,malicious-ip,medium,WHITE,ziyadnz/hourly-ipv4,ziyadnz|hourly,2026-08-17T18:48:05Z,2026-08-17T18:48:05Z,
185.220.101.28,ipv4,malicious-ip,medium,WHITE,ziyadnz/hourly-ipv4,ziyadnz|hourly,2026-08-17T18:48:05Z,2026-08-17T18:48:05Z,
185.220.101.29,ipv4,malicious-ip,medium,WHITE,ziyadnz/hourly-ipv4,ziyadnz|hourly,2026-08-17T18:48:05Z,2026-08-17T18:48:05Z,
185.220.101.3,ipv4,malicious-ip,medium,WHITE,ziyadnz/hourly-ipv4,ziyadnz|hourly,2026-08-17T18:48:05Z,2026-08-17T18:48:05Z,
185.220.101.30,ipv4,malicious-ip,medium,WHITE,ziyadnz/hourly-ipv4,ziyadnz|hourly,2026-08-17T18:48:05Z,2026-08-17T18:48:05Z,
185.220.101.31,ipv4,malicious-ip,medium,WHITE,ziyadnz/hourly-ipv4,ziyadnz|hourly,2026-08-17T18:48:05Z,2026-08-17T18:48:05Z,
185.220.101.32,ipv4,malicious-ip,medium,WHITE,ziyadnz/hourly-ipv4,ziyadnz|hourly,2026-08-17T18:48:05Z,2026-08-17T18:48:05Z,
185.220.101.33,ipv4,malicious-ip,medium,WHITE,ziyadnz/hourly-ipv4,ziyadnz|hourly,2026-08-17T18:48:05Z,2026-08-17T18:48:05Z,
185.220.101.34,ipv4,malicious-ip,medium,WHITE,ziyadnz/hourly-ipv4,ziyadnz|hourly,2026-08-17T18:48:05Z,2026-08-17T18:48:05Z,
185.220.101.35,ipv4,malicious-ip,medium,WHITE,ziyadnz/hourly-ipv4,ziyadnz|hourly,2026-08-17T18:48:05Z,2026-08-17T18:48:05Z,
185.220.101.36,ipv4,malicious-ip,medium,WHITE,ziyadnz/hourly-ipv4,ziyadnz|hourly,2026-08-17T18:48:05Z,2026-08-17T18:48:05Z,
185.220.101.37,ipv4,malicious-ip,medium,WHITE,ziyadnz/hourly-ipv4,ziyadnz|hourly,2026-08-17T18:48:05Z,2026-08-17T18:48:05Z,
185.220.101.38,ipv4,malicious-ip,medium,WHITE,ziyadnz/hourly-ipv4,ziyadnz|hourly,2026-08-17T18:48:05Z,2026-08-17T18:48:05Z,
185.220.101.39,ipv4,malicious-ip,medium,WHITE,ziyadnz/hourly-ipv4,ziyadnz|hourly,2026-08-17T18:48:05Z,2026-08-17T18:48:05Z,
185.220.101.4,ipv4,malicious-ip,medium,WHITE,ziyadnz/hourly-ipv4,ziyadnz|hourly,2026-08-17T18:48:05Z,2026-08-17T18:48:05Z,
185.220.101.40,ipv4,malicious-ip,medium,WHITE,ziyadnz/hourly-ipv4,ziyadnz|hourly,2026-08-17T18:48:05Z,2026-08-17T18:48:05Z,
185.220.101.41,ipv4,malicious-ip,medium,WHITE,ziyadnz/hourly-ipv4,ziyadnz|hourly,2026-08-17T18:48:05Z,2026-08-17T18:48:05Z,
185.220.101.42,ipv4,malicious-ip,medium,WHITE,ziyadnz/hourly-ipv4,ziyadnz|hourly,2026-08-17T18:48:05Z,2026-08-17T18:48:05Z,
185.220.101.43,ipv4,malicious-ip,medium,WHITE,ziyadnz/hourly-ipv4,ziyadnz|hourly,2026-08-17T18:48:05Z,2026-08-17T18:48:05Z,
185.220.101.44,ipv4,malicious-ip,medium,WHITE,ziyadnz/hourly-ipv4,ziyadnz|hourly,2026-08-17T18:48:05Z,2026-08-17T18:48:05Z,
185.220.101.45,ipv4,malicious-ip,medium,WHITE,ziyadnz/hourly-ipv4,ziyadnz|hourly,2026-08-17T18:48:05Z,2026-08-17T18:48:05Z,
185.220.101.46,ipv4,malicious-ip,medium,WHITE,ziyadnz/hourly-ipv4,ziyadnz|hourly,2026-08-17T18:48:05Z,2026-08-17T18:48:05Z,
185.220.101.47,ipv4,malicious-ip,medium,WHITE,ziyadnz/hourly-ipv4,ziyadnz|hourly,2026-08-17T18:48:05Z,2026-08-17T18:48:05Z,
185.220.101.48,ipv4,malicious-ip,medium,WHITE,ziyadnz/hourly-ipv4,ziyadnz|hourly,2026-08-17T18:48:05Z,2026-08-17T18:48:05Z,
185.220.101.49,ipv4,malicious-ip,medium,WHITE,ziyadnz/hourly-ipv4,ziyadnz|hourly,2026-08-17T18:48:05Z,2026-08-17T18:48:05Z,
185.220.101.5,ipv4,malicious-ip,medium,WHITE,ziyadnz/hourly-ipv4,ziyadnz|hourly,2026-08-17T18:48:05Z,2026-08-17T18:48:05Z,
185.220.101.50,ipv4,malicious-ip,medium,WHITE,ziyadnz/hourly-ipv4,ziyadnz|hourly,2026-08-17T18:48:05Z,2026-08-17T18:48:05Z,
185.220.101.51,ipv4,malicious-ip,medium,WHITE,ziyadnz/hourly-ipv4,ziyadnz|hourly,2026-08-17T18:48:05Z,2026-08-17T18:48:05Z,
185.220.101.52,ipv4,malicious-ip,medium,WHITE,ziyadnz/hourly-ipv4,ziyadnz|hourly,2026-08-17T18:48:05Z,2026-08-17T18:48:05Z,
185.220.101.53,ipv4,malicious-ip,medium,WHITE,ziyadnz/hourly-ipv4,ziyadnz|hourly,2026-08-17T18:48:05Z,2026-08-17T18:48:05Z,
185.220.101.54,ipv4,malicious-ip,medium,WHITE,ziyadnz/hourly-ipv4,ziyadnz|hourly,2026-08-17T18:48:05Z,2026-08-17T18:48:05Z,
185.220.101.55,ipv4,malicious-ip,medium,WHITE,ziyadnz/hourly-ipv4,ziyadnz|hourly,2026-08-17T18:48:05Z,2026-08-17T18:48:05Z,
185.220.101.56,ipv4,malicious-ip,medium,WHITE,ziyadnz/hourly-ipv4,ziyadnz|hourly,2026-08-17T18:48:05Z,2026-08-17T18:48:05Z,
185.220.101.57,ipv4,malicious-ip,medium,WHITE,ziyadnz/hourly-ipv4,ziyadnz|hourly,2026-08-17T18:48:05Z,2026-08-17T18:48:05Z,
185.220.101.58,ipv4,malicious-ip,medium,WHITE,ziyadnz/hourly-ipv4,ziyadnz|hourly,2026-08-17T18:48:05Z,2026-08-17T18:48:05Z,
185.220.101.59,ipv4,malicious-ip,medium,WHITE,ziyadnz/hourly-ipv4,ziyadnz|hourly,2026-08-17T18:48:05Z,2026-08-17T18:48:05Z,
185.220.101.6,ipv4,malicious-ip,medium,WHITE,ziyadnz/hourly-ipv4,ziyadnz|hourly,2026-08-17T18:48:05Z,2026-08-17T18:48:05Z,
185.220.101.60,ipv4,malicious-ip,medium,WHITE,ziyadnz/hourly-ipv4,ziyadnz|hourly,2026-08-17T18:48:05Z,2026-08-17T18:48:05Z,
185.220.101.61,ipv4,malicious-ip,medium,WHITE,ziyadnz/hourly-ipv4,ziyadnz|hourly,2026-08-17T18:48:05Z,2026-08-17T18:48:05Z,
185.220.101.62,ipv4,malicious-ip,medium,WHITE,ziyadnz/hourly-ipv4,ziyadnz|hourly,2026-08-17T18:48:05Z,2026-08-17T18:48:05Z,
185.220.101.63,ipv4,malicious-ip,medium,WHITE,ziyadnz/hourly-ipv4,ziyadnz|hourly,2026-08-17T18:48:05Z,2026-08-17T18:48:05Z,
185.220.101.65,ipv4,malicious-ip,medium,WHITE,ziyadnz/hourly-ipv4,ziyadnz|hourly,2026-08-17T18:48:05Z,2026-08-17T18:48:05Z,
185.220.101.7,ipv4,malicious-ip,medium,WHITE,ziyadnz/hourly-ipv4,ziyadnz|hourly,2026-08-17T18:48:05Z,2026-08-17T18:48:05Z,
185.220.101.79,ipv4,malicious-ip,medium,WHITE,ziyadnz/hourly-ipv4,ziyadnz|hourly,2026-08-17T18:48:05Z,2026-08-17T18:48:05Z,
185.220.101.8,ipv4,malicious-ip,medium,WHITE,ziyadnz/hourly-ipv4,ziyadnz|hourly,2026-08-17T18:48:05Z,2026-08-17T18:48:05Z,
185.220.101.9,ipv4,malicious-ip,medium,WHITE,ziyadnz/hourly-ipv4,ziyadnz|hourly,2026-08-17T18:48:05Z,2026-08-17T18:48:05Z,
185.220.101.96,ipv4,malicious-ip,medium,WHITE,ziyadnz/hourly-ipv4,ziyadnz|hourly,2026-08-17T18:48:05Z,2026-08-17T18:48:05Z,
185.220.101.97,ipv4,malicious-ip,medium,WHITE,ziyadnz/hourly-ipv4,ziyadnz|hourly,2026-08-17T18:48:05Z,2026-08-17T18:48:05Z,
185.220.101.99,ipv4,malicious-ip,medium,WHITE,ziyadnz/hourly-ipv4,ziyadnz|hourly,2026-08-17T18:48:05Z,2026-08-17T18:48:05Z,
185.220.102.240,ipv4,malicious-ip,medium,WHITE,ziyadnz/hourly-ipv4,ziyadnz|hourly,2026-08-17T18:48:05Z,2026-08-17T18:48:05Z,
185.220.102.241,ipv4,malicious-ip,medium,WHITE,ziyadnz/hourly-ipv4,ziyadnz|hourly,2026-08-17T18:48:05Z,2026-08-17T18:48:05Z,
185.220.102.242,ipv4,malicious-ip,medium,WHITE,ziyadnz/hourly-ipv4,ziyadnz|hourly,2026-08-17T18:48:05Z,2026-08-17T18:48:05Z,
185.220.102.247,ipv4,malicious-ip,medium,WHITE,ziyadnz/hourly-ipv4,ziyadnz|hourly,2026-08-17T18:48:05Z,2026-08-17T18:48:05Z,
185.220.102.250,ipv4,malicious-ip,medium,WHITE,ziyadnz/hourly-ipv4,ziyadnz|hourly,2026-08-17T18:48:05Z,2026-08-17T18:48:05Z,
185.220.102.251,ipv4,malicious-ip,medium,WHITE,ziyadnz/hourly-ipv4,ziyadnz|hourly,2026-08-17T18:48:05Z,2026-08-17T18:48:05Z,
185.220.102.252,ipv4,malicious-ip,medium,WHITE,ziyadnz/hourly-ipv4,ziyadnz|hourly,2026-08-17T18:48:05Z,2026-08-17T18:48:05Z,
185.220.102.253,ipv4,malicious-ip,medium,WHITE,ziyadnz/hourly-ipv4,ziyadnz|hourly,2026-08-17T18:48:05Z,2026-08-17T18:48:05Z,
185.220.102.254,ipv4,malicious-ip,medium,WHITE,ziyadnz/hourly-ipv4,ziyadnz|hourly,2026-08-17T18:48:05Z,2026-08-17T18:48:05Z,
185.220.102.4,ipv4,malicious-ip,medium,WHITE,ziyadnz/hourly-ipv4,ziyadnz|hourly,2026-08-17T18:48:05Z,2026-08-17T18:48:05Z,
185.220.102.6,ipv4,malicious-ip,medium,WHITE,ziyadnz/hourly-ipv4,ziyadnz|hourly,2026-08-17T18:48:05Z,2026-08-17T18:48:05Z,
185.220.102.7,ipv4,malicious-ip,medium,WHITE,ziyadnz/hourly-ipv4,ziyadnz|hourly,2026-08-17T18:48:05Z,2026-08-17T18:48:05Z,
185.220.102.8,ipv4,malicious-ip,medium,WHITE,ziyadnz/hourly-ipv4,ziyadnz|hourly,2026-08-17T18:48:05Z,2026-08-17T18:48:05Z,
185.220.103.8,ipv4,malicious-ip,medium,WHITE,ziyadnz/hourly-ipv4,ziyadnz|hourly,2026-08-17T18:48:05Z,2026-08-17T18:48:05Z,
185.220.172.2,ipv4,malicious-ip,medium,WHITE,ziyadnz/hourly-ipv4,ziyadnz|hourly,2026-08-17T18:48:05Z,2026-08-17T18:48:05Z,
185.220.59.104,ipv4,malicious-ip,medium,WHITE,ziyadnz/hourly-ipv4,ziyadnz|hourly,2026-08-17T18:48:05Z,2026-08-17T18:48:05Z,
185.221.153.121,ipv4,malicious-ip,medium,WHITE,ziyadnz/hourly-ipv4,ziyadnz|hourly,2026-08-17T18:48:05Z,2026-08-17T18:48:05Z,
185.221.154.208,ipv4,malicious-ip,medium,WHITE,ziyadnz/hourly-ipv4,ziyadnz|hourly,2026-08-17T18:48:05Z,2026-08-17T18:48:05Z,
185.221.162.19,ipv4,malicious-ip,medium,WHITE,ziyadnz/hourly-ipv4,ziyadnz|hourly,2026-08-17T18:48:05Z,2026-08-17T18:48:05Z,
185.221.174.184,ipv4,malicious-ip,medium,WHITE,ziyadnz/hourly-ipv4,ziyadnz|hourly,2026-08-17T18:48:05Z,2026-08-17T18:48:05Z,
185.221.182.210,ipv4,malicious-ip,medium,WHITE,ziyadnz/hourly-ipv4,ziyadnz|hourly,2026-08-17T18:48:05Z,2026-08-17T18:48:05Z,
185.221.198.82,ipv4,malicious-ip,medium,WHITE,ziyadnz/hourly-ipv4,ziyadnz|hourly,2026-08-17T18:48:05Z,2026-08-17T18:48:05Z,
185.221.216.189,ipv4,malicious-ip,medium,WHITE,ziyadnz/hourly-ipv4,ziyadnz|hourly,2026-08-17T18:48:05Z,2026-08-17T18:48:05Z,
185.221.219.201,ipv4,malicious-ip,medium,WHITE,ziyadnz/hourly-ipv4,ziyadnz|hourly,2026-08-17T18:48:05Z,2026-08-17T18:48:05Z,
185.221.223.143,ipv4,malicious-ip,medium,WHITE,ziyadnz/hourly-ipv4,ziyadnz|hourly,2026-08-17T18:48:05Z,2026-08-17T18:48:05Z,
185.221.237.10,ipv4,malicious-ip,medium,WHITE,ziyadnz/hourly-ipv4,ziyadnz|hourly,2026-08-17T18:48:05Z,2026-08-17T18:48:05Z,
185.221.255.60,ipv4,malicious-ip,medium,WHITE,ziyadnz/hourly-ipv4,ziyadnz|hourly,2026-08-17T18:48:05Z,2026-08-17T18:48:05Z,
185.221.67.17,ipv4,malicious-ip,medium,WHITE,ziyadnz/hourly-ipv4,ziyadnz|hourly,2026-08-17T18:48:05Z,2026-08-17T18:48:05Z,
185.222.157.149,ipv4,malicious-ip,medium,WHITE,ziyadnz/hourly-ipv4,ziyadnz|hourly,2026-08-17T18:48:05Z,2026-08-17T18:48:05Z,
185.222.163.98,ipv4,malicious-ip,medium,WHITE,ziyadnz/hourly-ipv4,ziyadnz|hourly,2026-08-17T18:48:05Z,2026-08-17T18:48:05Z,
185.222.24.42,ipv4,malicious-ip,medium,WHITE,ziyadnz/hourly-ipv4,ziyadnz|hourly,2026-08-17T18:48:05Z,2026-08-17T18:48:05Z,
185.222.57.93,ipv4,malicious-ip,medium,WHITE,ziyadnz/hourly-ipv4,ziyadnz|hourly,2026-08-17T18:48:05Z,2026-08-17T18:48:05Z,
185.223.124.133,ipv4,malicious-ip,medium,WHITE,ziyadnz/hourly-ipv4,ziyadnz|hourly,2026-08-17T18:48:05Z,2026-08-17T18:48:05Z,
185.223.152.0,ipv4,malicious-ip,medium,WHITE,ziyadnz/hourly-ipv4,ziyadnz|hourly,2026-08-17T18:48:05Z,2026-08-17T18:48:05Z,
185.223.152.103,ipv4,malicious-ip,medium,WHITE,ziyadnz/hourly-ipv4,ziyadnz|hourly,2026-08-17T18:48:05Z,2026-08-17T18:48:05Z,
185.223.152.104,ipv4,malicious-ip,medium,WHITE,ziyadnz/hourly-ipv4,ziyadnz|hourly,2026-08-17T18:48:05Z,2026-08-17T18:48:05Z,
185.223.152.106,ipv4,malicious-ip,medium,WHITE,ziyadnz/hourly-ipv4,ziyadnz|hourly,2026-08-17T18:48:05Z,2026-08-17T18:48:05Z,
185.223.152.107,ipv4,malicious-ip,medium,WHITE,ziyadnz/hourly-ipv4,ziyadnz|hourly,2026-08-17T18:48:05Z,2026-08-17T18:48:05Z,
185.223.152.109,ipv4,malicious-ip,medium,WHITE,ziyadnz/hourly-ipv4,ziyadnz|hourly,2026-08-17T18:48:05Z,2026-08-17T18:48:05Z,
185.223.152.111,ipv4,malicious-ip,medium,WHITE,ziyadnz/hourly-ipv4,ziyadnz|hourly,2026-08-17T18:48:05Z,2026-08-17T18:48:05Z,
185.223.152.112,ipv4,malicious-ip,medium,WHITE,ziyadnz/hourly-ipv4,ziyadnz|hourly,2026-08-17T18:48:05Z,2026-08-17T18:48:05Z,
185.223.152.113,ipv4,malicious-ip,medium,WHITE,ziyadnz/hourly-ipv4,ziyadnz|hourly,2026-08-17T18:48:05Z,2026-08-17T18:48:05Z,
185.223.152.115,ipv4,malicious-ip,medium,WHITE,ziyadnz/hourly-ipv4,ziyadnz|hourly,2026-08-17T18:48:05Z,2026-08-17T18:48:05Z,
185.223.152.116,ipv4,malicious-ip,medium,WHITE,ziyadnz/hourly-ipv4,ziyadnz|hourly,2026-08-17T18:48:05Z,2026-08-17T18:48:05Z,
185.223.152.119,ipv4,malicious-ip,medium,WHITE,ziyadnz/hourly-ipv4,ziyadnz|hourly,2026-08-17T18:48:05Z,2026-08-17T18:48:05Z,
185.223.152.12,ipv4,malicious-ip,medium,WHITE,ziyadnz/hourly-ipv4,ziyadnz|hourly,2026-08-17T18:48:05Z,2026-08-17T18:48:05Z,
185.223.152.124,ipv4,malicious-ip,medium,WHITE,ziyadnz/hourly-ipv4,ziyadnz|hourly,2026-08-17T18:48:05Z,2026-08-17T18:48:05Z,
185.223.152.135,ipv4,malicious-ip,medium,WHITE,ziyadnz/hourly-ipv4,ziyadnz|hourly,2026-08-17T18:48:05Z,2026-08-17T18:48:05Z,
185.223.152.136,ipv4,malicious-ip,medium,WHITE,ziyadnz/hourly-ipv4,ziyadnz|hourly,2026-08-17T18:48:05Z,2026-08-17T18:48:05Z,
185.223.152.148,ipv4,malicious-ip,medium,WHITE,ziyadnz/hourly-ipv4,ziyadnz|hourly,2026-08-17T18:48:05Z,2026-08-17T18:48:05Z,
185.223.152.15,ipv4,malicious-ip,medium,WHITE,ziyadnz/hourly-ipv4,ziyadnz|hourly,2026-08-17T18:48:05Z,2026-08-17T18:48:05Z,
185.223.152.151,ipv4,malicious-ip,medium,WHITE,ziyadnz/hourly-ipv4,ziyadnz|hourly,2026-08-17T18:48:05Z,2026-08-17T18:48:05Z,
185.223.152.152,ipv4,malicious-ip,medium,WHITE,ziyadnz/hourly-ipv4,ziyadnz|hourly,2026-08-17T18:48:05Z,2026-08-17T18:48:05Z,
185.223.152.153,ipv4,malicious-ip,medium,WHITE,ziyadnz/hourly-ipv4,ziyadnz|hourly,2026-08-17T18:48:05Z,2026-08-17T18:48:05Z,
185.223.152.154,ipv4,malicious-ip,medium,WHITE,ziyadnz/hourly-ipv4,ziyadnz|hourly,2026-08-17T18:48:05Z,2026-08-17T18:48:05Z,
185.223.152.157,ipv4,malicious-ip,medium,WHITE,ziyadnz/hourly-ipv4,ziyadnz|hourly,2026-08-17T18:48:05Z,2026-08-17T18:48:05Z,
185.223.152.158,ipv4,malicious-ip,medium,WHITE,ziyadnz/hourly-ipv4,ziyadnz|hourly,2026-08-17T18:48:05Z,2026-08-17T18:48:05Z,
185.223.152.16,ipv4,malicious-ip,medium,WHITE,ziyadnz/hourly-ipv4,ziyadnz|hourly,2026-08-17T18:48:05Z,2026-08-17T18:48:05Z,
185.223.152.160,ipv4,malicious-ip,medium,WHITE,ziyadnz/hourly-ipv4,ziyadnz|hourly,2026-08-17T18:48:05Z,2026-08-17T18:48:05Z,
185.223.152.161,ipv4,malicious-ip,medium,WHITE,ziyadnz/hourly-ipv4,ziyadnz|hourly,2026-08-17T18:48:05Z,2026-08-17T18:48:05Z,
185.223.152.163,ipv4,malicious-ip,medium,WHITE,ziyadnz/hourly-ipv4,ziyadnz|hourly,2026-08-17T18:48:05Z,2026-08-17T18:48:05Z,
185.223.152.164,ipv4,malicious-ip,medium,WHITE,ziyadnz/hourly-ipv4,ziyadnz|hourly,2026-08-17T18:48:05Z,2026-08-17T18:48:05Z,
185.223.152.165,ipv4,malicious-ip,medium,WHITE,ziyadnz/hourly-ipv4,ziyadnz|hourly,2026-08-17T18:48:05Z,2026-08-17T18:48:05Z,
185.223.152.166,ipv4,malicious-ip,medium,WHITE,ziyadnz/hourly-ipv4,ziyadnz|hourly,2026-08-17T18:48:05Z,2026-08-17T18:48:05Z,
185.223.152.167,ipv4,malicious-ip,medium,WHITE,ziyadnz/hourly-ipv4,ziyadnz|hourly,2026-08-17T18:48:05Z,2026-08-17T18:48:05Z,
185.223.152.168,ipv4,malicious-ip,medium,WHITE,ziyadnz/hourly-ipv4,ziyadnz|hourly,2026-08-17T18:48:05Z,2026-08-17T18:48:05Z,
185.223.152.169,ipv4,malicious-ip,medium,WHITE,ziyadnz/hourly-ipv4,ziyadnz|hourly,2026-08-17T18:48:05Z,2026-08-17T18:48:05Z,
185.223.152.170,ipv4,malicious-ip,medium,WHITE,ziyadnz/hourly-ipv4,ziyadnz|hourly,2026-08-17T18:48:05Z,2026-08-17T18:48:05Z,
185.223.152.172,ipv4,malicious-ip,medium,WHITE,ziyadnz/hourly-ipv4,ziyadnz|hourly,2026-08-17T18:48:05Z,2026-08-17T18:48:05Z,
185.223.152.173,ipv4,malicious-ip,medium,WHITE,ziyadnz/hourly-ipv4,ziyadnz|hourly,2026-08-17T18:48:05Z,2026-08-17T18:48:05Z,
185.223.152.175,ipv4,malicious-ip,medium,WHITE,ziyadnz/hourly-ipv4,ziyadnz|hourly,2026-08-17T18:48:05Z,2026-08-17T18:48:05Z,
185.223.152.192,ipv4,malicious-ip,medium,WHITE,ziyadnz/hourly-ipv4,ziyadnz|hourly,2026-08-17T18:48:05Z,2026-08-17T18:48:05Z,
185.223.152.197,ipv4,malicious-ip,medium,WHITE,ziyadnz/hourly-ipv4,ziyadnz|hourly,2026-08-17T18:48:05Z,2026-08-17T18:48:05Z,
185.223.152.201,ipv4,malicious-ip,medium,WHITE,ziyadnz/hourly-ipv4,ziyadnz|hourly,2026-08-17T18:48:05Z,2026-08-17T18:48:05Z,
185.223.152.205,ipv4,malicious-ip,medium,WHITE,ziyadnz/hourly-ipv4,ziyadnz|hourly,2026-08-17T18:48:05Z,2026-08-17T18:48:05Z,
185.223.152.211,ipv4,malicious-ip,medium,WHITE,ziyadnz/hourly-ipv4,ziyadnz|hourly,2026-08-17T18:48:05Z,2026-08-17T18:48:05Z,
185.223.152.212,ipv4,malicious-ip,medium,WHITE,ziyadnz/hourly-ipv4,ziyadnz|hourly,2026-08-17T18:48:05Z,2026-08-17T18:48:05Z,
185.223.152.214,ipv4,malicious-ip,medium,WHITE,ziyadnz/hourly-ipv4,ziyadnz|hourly,2026-08-17T18:48:05Z,2026-08-17T18:48:05Z,
185.223.152.220,ipv4,malicious-ip,medium,WHITE,ziyadnz/hourly-ipv4,ziyadnz|hourly,2026-08-17T18:48:05Z,2026-08-17T18:48:05Z,
185.223.152.222,ipv4,malicious-ip,medium,WHITE,ziyadnz/hourly-ipv4,ziyadnz|hourly,2026-08-17T18:48:05Z,2026-08-17T18:48:05Z,
185.223.152.226,ipv4,malicious-ip,medium,WHITE,ziyadnz/hourly-ipv4,ziyadnz|hourly,2026-08-17T18:48:05Z,2026-08-17T18:48:05Z,
185.223.152.239,ipv4,malicious-ip,medium,WHITE,ziyadnz/hourly-ipv4,ziyadnz|hourly,2026-08-17T18:48:05Z,2026-08-17T18:48:05Z,
185.223.152.26,ipv4,malicious-ip,medium,WHITE,ziyadnz/hourly-ipv4,ziyadnz|hourly,2026-08-17T18:48:05Z,2026-08-17T18:48:05Z,
185.223.152.27,ipv4,malicious-ip,medium,WHITE,ziyadnz/hourly-ipv4,ziyadnz|hourly,2026-08-17T18:48:05Z,2026-08-17T18:48:05Z,
185.223.152.38,ipv4,malicious-ip,medium,WHITE,ziyadnz/hourly-ipv4,ziyadnz|hourly,2026-08-17T18:48:05Z,2026-08-17T18:48:05Z,
185.223.152.40,ipv4,malicious-ip,medium,WHITE,ziyadnz/hourly-ipv4,ziyadnz|hourly,2026-08-17T18:48:05Z,2026-08-17T18:48:05Z,
185.223.152.45,ipv4,malicious-ip,medium,WHITE,ziyadnz/hourly-ipv4,ziyadnz|hourly,2026-08-17T18:48:05Z,2026-08-17T18:48:05Z,
185.223.152.5,ipv4,malicious-ip,medium,WHITE,ziyadnz/hourly-ipv4,ziyadnz|hourly,2026-08-17T18:48:05Z,2026-08-17T18:48:05Z,
185.223.152.52,ipv4,malicious-ip,medium,WHITE,ziyadnz/hourly-ipv4,ziyadnz|hourly,2026-08-17T18:48:05Z,2026-08-17T18:48:05Z,
185.223.152.55,ipv4,malicious-ip,medium,WHITE,ziyadnz/hourly-ipv4,ziyadnz|hourly,2026-08-17T18:48:05Z,2026-08-17T18:48:05Z,
185.223.152.57,ipv4,malicious-ip,medium,WHITE,ziyadnz/hourly-ipv4,ziyadnz|hourly,2026-08-17T18:48:05Z,2026-08-17T18:48:05Z,
185.223.152.70,ipv4,malicious-ip,medium,WHITE,ziyadnz/hourly-ipv4,ziyadnz|hourly,2026-08-17T18:48:05Z,2026-08-17T18:48:05Z,
185.223.152.78,ipv4,malicious-ip,medium,WHITE,ziyadnz/hourly-ipv4,ziyadnz|hourly,2026-08-17T18:48:05Z,2026-08-17T18:48:05Z,
185.223.152.89,ipv4,malicious-ip,medium,WHITE,ziyadnz/hourly-ipv4,ziyadnz|hourly,2026-08-17T18:48:05Z,2026-08-17T18:48:05Z,
185.223.152.9,ipv4,malicious-ip,medium,WHITE,ziyadnz/hourly-ipv4,ziyadnz|hourly,2026-08-17T18:48:05Z,2026-08-17T18:48:05Z,
185.223.152.93,ipv4,malicious-ip,medium,WHITE,ziyadnz/hourly-ipv4,ziyadnz|hourly,2026-08-17T18:48:05Z,2026-08-17T18:48:05Z,
185.223.152.98,ipv4,malicious-ip,medium,WHITE,ziyadnz/hourly-ipv4,ziyadnz|hourly,2026-08-17T18:48:05Z,2026-08-17T18:48:05Z,
185.223.235.0,ipv4,malicious-ip,medium,WHITE,ziyadnz/hourly-ipv4,ziyadnz|hourly,2026-08-17T18:48:05Z,2026-08-17T18:48:05Z,
185.223.235.10,ipv4,malicious-ip,medium,WHITE,ziyadnz/hourly-ipv4,ziyadnz|hourly,2026-08-17T18:48:05Z,2026-08-17T18:48:05Z,
185.223.235.11,ipv4,malicious-ip,medium,WHITE,ziyadnz/hourly-ipv4,ziyadnz|hourly,2026-08-17T18:48:05Z,2026-08-17T18:48:05Z,
185.223.235.12,ipv4,malicious-ip,medium,WHITE,ziyadnz/hourly-ipv4,ziyadnz|hourly,2026-08-17T18:48:05Z,2026-08-17T18:48:05Z,
185.223.235.13,ipv4,malicious-ip,medium,WHITE,ziyadnz/hourly-ipv4,ziyadnz|hourly,2026-08-17T18:48:05Z,2026-08-17T18:48:05Z,
185.223.235.14,ipv4,malicious-ip,medium,WHITE,ziyadnz/hourly-ipv4,ziyadnz|hourly,2026-08-17T18:48:05Z,2026-08-17T18:48:05Z,
185.223.235.15,ipv4,malicious-ip,medium,WHITE,ziyadnz/hourly-ipv4,ziyadnz|hourly,2026-08-17T18:48:05Z,2026-08-17T18:48:05Z,
185.223.235.16,ipv4,malicious-ip,medium,WHITE,ziyadnz/hourly-ipv4,ziyadnz|hourly,2026-08-17T18:48:05Z,2026-08-17T18:48:05Z,
185.223.235.18,ipv4,malicious-ip,medium,WHITE,ziyadnz/hourly-ipv4,ziyadnz|hourly,2026-08-17T18:48:05Z,2026-08-17T18:48:05Z,
185.223.235.19,ipv4,malicious-ip,medium,WHITE,ziyadnz/hourly-ipv4,ziyadnz|hourly,2026-08-17T18:48:05Z,2026-08-17T18:48:05Z,
185.223.235.2,ipv4,malicious-ip,medium,WHITE,ziyadnz/hourly-ipv4,ziyadnz|hourly,2026-08-17T18:48:05Z,2026-08-17T18:48:05Z,
185.223.235.21,ipv4,malicious-ip,medium,WHITE,ziyadnz/hourly-ipv4,ziyadnz|hourly,2026-08-17T18:48:05Z,2026-08-17T18:48:05Z,
185.223.235.22,ipv4,malicious-ip,medium,WHITE,ziyadnz/hourly-ipv4,ziyadnz|hourly,2026-08-17T18:48:05Z,2026-08-17T18:48:05Z,
185.223.235.23,ipv4,malicious-ip,medium,WHITE,ziyadnz/hourly-ipv4,ziyadnz|hourly,2026-08-17T18:48:05Z,2026-08-17T18:48:05Z,
185.223.235.24,ipv4,malicious-ip,medium,WHITE,ziyadnz/hourly-ipv4,ziyadnz|hourly,2026-08-17T18:48:05Z,2026-08-17T18:48:05Z,
185.223.235.25,ipv4,malicious-ip,medium,WHITE,ziyadnz/hourly-ipv4,ziyadnz|hourly,2026-08-17T18:48:05Z,2026-08-17T18:48:05Z,
185.223.235.26,ipv4,malicious-ip,medium,WHITE,ziyadnz/hourly-ipv4,ziyadnz|hourly,2026-08-17T18:48:05Z,2026-08-17T18:48:05Z,
185.223.235.27,ipv4,malicious-ip,medium,WHITE,ziyadnz/hourly-ipv4,ziyadnz|hourly,2026-08-17T18:48:05Z,2026-08-17T18:48:05Z,
185.223.235.28,ipv4,malicious-ip,medium,WHITE,ziyadnz/hourly-ipv4,ziyadnz|hourly,2026-08-17T18:48:05Z,2026-08-17T18:48:05Z,
185.223.235.29,ipv4,malicious-ip,medium,WHITE,ziyadnz/hourly-ipv4,ziyadnz|hourly,2026-08-17T18:48:05Z,2026-08-17T18:48:05Z,
185.223.235.3,ipv4,malicious-ip,medium,WHITE,ziyadnz/hourly-ipv4,ziyadnz|hourly,2026-08-17T18:48:05Z,2026-08-17T18:48:05Z,
185.223.235.30,ipv4,malicious-ip,medium,WHITE,ziyadnz/hourly-ipv4,ziyadnz|hourly,2026-08-17T18:48:05Z,2026-08-17T18:48:05Z,
185.223.235.31,ipv4,malicious-ip,medium,WHITE,ziyadnz/hourly-ipv4,ziyadnz|hourly,2026-08-17T18:48:05Z,2026-08-17T18:48:05Z,
185.223.235.32,ipv4,malicious-ip,medium,WHITE,ziyadnz/hourly-ipv4,ziyadnz|hourly,2026-08-17T18:48:05Z,2026-08-17T18:48:05Z,
185.223.235.33,ipv4,malicious-ip,medium,WHITE,ziyadnz/hourly-ipv4,ziyadnz|hourly,2026-08-17T18:48:05Z,2026-08-17T18:48:05Z,
185.223.235.34,ipv4,malicious-ip,medium,WHITE,ziyadnz/hourly-ipv4,ziyadnz|hourly,2026-08-17T18:48:05Z,2026-08-17T18:48:05Z,
185.223.235.35,ipv4,malicious-ip,medium,WHITE,ziyadnz/hourly-ipv4,ziyadnz|hourly,2026-08-17T18:48:05Z,2026-08-17T18:48:05Z,
185.223.235.36,ipv4,malicious-ip,medium,WHITE,ziyadnz/hourly-ipv4,ziyadnz|hourly,2026-08-17T18:48:05Z,2026-08-17T18:48:05Z,
185.223.235.37,ipv4,malicious-ip,medium,WHITE,ziyadnz/hourly-ipv4,ziyadnz|hourly,2026-08-17T18:48:05Z,2026-08-17T18:48:05Z,
185.223.235.38,ipv4,malicious-ip,medium,WHITE,ziyadnz/hourly-ipv4,ziyadnz|hourly,2026-08-17T18:48:05Z,2026-08-17T18:48:05Z,
185.223.235.39,ipv4,malicious-ip,medium,WHITE,ziyadnz/hourly-ipv4,ziyadnz|hourly,2026-08-17T18:48:05Z,2026-08-17T18:48:05Z,
185.223.235.4,ipv4,malicious-ip,medium,WHITE,ziyadnz/hourly-ipv4,ziyadnz|hourly,2026-08-17T18:48:05Z,2026-08-17T18:48:05Z,
185.223.235.40,ipv4,malicious-ip,medium,WHITE,ziyadnz/hourly-ipv4,ziyadnz|hourly,2026-08-17T18:48:05Z,2026-08-17T18:48:05Z,
185.223.235.41,ipv4,malicious-ip,medium,WHITE,ziyadnz/hourly-ipv4,ziyadnz|hourly,2026-08-17T18:48:05Z,2026-08-17T18:48:05Z,
185.223.235.42,ipv4,malicious-ip,medium,WHITE,ziyadnz/hourly-ipv4,ziyadnz|hourly,2026-08-17T18:48:05Z,2026-08-17T18:48:05Z,
185.223.235.43,ipv4,malicious-ip,medium,WHITE,ziyadnz/hourly-ipv4,ziyadnz|hourly,2026-08-17T18:48:05Z,2026-08-17T18:48:05Z,
185.223.235.44,ipv4,malicious-ip,medium,WHITE,ziyadnz/hourly-ipv4,ziyadnz|hourly,2026-08-17T18:48:05Z,2026-08-17T18:48:05Z,
185.223.235.45,ipv4,malicious-ip,medium,WHITE,ziyadnz/hourly-ipv4,ziyadnz|hourly,2026-08-17T18:48:05Z,2026-08-17T18:48:05Z,
185.223.235.46,ipv4,malicious-ip,medium,WHITE,ziyadnz/hourly-ipv4,ziyadnz|hourly,2026-08-17T18:48:05Z,2026-08-17T18:48:05Z,
185.223.235.47,ipv4,malicious-ip,medium,WHITE,ziyadnz/hourly-ipv4,ziyadnz|hourly,2026-08-17T18:48:05Z,2026-08-17T18:48:05Z,
185.223.235.48,ipv4,malicious-ip,medium,WHITE,ziyadnz/hourly-ipv4,ziyadnz|hourly,2026-08-17T18:48:05Z,2026-08-17T18:48:05Z,
185.223.235.49,ipv4,malicious-ip,medium,WHITE,ziyadnz/hourly-ipv4,ziyadnz|hourly,2026-08-17T18:48:05Z,2026-08-17T18:48:05Z,
185.223.235.5,ipv4,malicious-ip,medium,WHITE,ziyadnz/hourly-ipv4,ziyadnz|hourly,2026-08-17T18:48:05Z,2026-08-17T18:48:05Z,
185.223.235.50,ipv4,malicious-ip,medium,WHITE,ziyadnz/hourly-ipv4,ziyadnz|hourly,2026-08-17T18:48:05Z,2026-08-17T18:48:05Z,
185.223.235.51,ipv4,malicious-ip,medium,WHITE,ziyadnz/hourly-ipv4,ziyadnz|hourly,2026-08-17T18:48:05Z,2026-08-17T18:48:05Z,
185.223.235.52,ipv4,malicious-ip,medium,WHITE,ziyadnz/hourly-ipv4,ziyadnz|hourly,2026-08-17T18:48:05Z,2026-08-17T18:48:05Z,
185.223.235.53,ipv4,malicious-ip,medium,WHITE,ziyadnz/hourly-ipv4,ziyadnz|hourly,2026-08-17T18:48:05Z,2026-08-17T18:48:05Z,
185.223.235.54,ipv4,malicious-ip,medium,WHITE,ziyadnz/hourly-ipv4,ziyadnz|hourly,2026-08-17T18:48:05Z,2026-08-17T18:48:05Z,
185.223.235.55,ipv4,malicious-ip,medium,WHITE,ziyadnz/hourly-ipv4,ziyadnz|hourly,2026-08-17T18:48:05Z,2026-08-17T18:48:05Z,
185.223.235.56,ipv4,malicious-ip,medium,WHITE,ziyadnz/hourly-ipv4,ziyadnz|hourly,2026-08-17T18:48:05Z,2026-08-17T18:48:05Z,
185.223.235.57,ipv4,malicious-ip,medium,WHITE,ziyadnz/hourly-ipv4,ziyadnz|hourly,2026-08-17T18:48:05Z,2026-08-17T18:48:05Z,
185.223.235.58,ipv4,malicious-ip,medium,WHITE,ziyadnz/hourly-ipv4,ziyadnz|hourly,2026-08-17T18:48:05Z,2026-08-17T18:48:05Z,
185.223.235.59,ipv4,malicious-ip,medium,WHITE,ziyadnz/hourly-ipv4,ziyadnz|hourly,2026-08-17T18:48:05Z,2026-08-17T18:48:05Z,
185.223.235.6,ipv4,malicious-ip,medium,WHITE,ziyadnz/hourly-ipv4,ziyadnz|hourly,2026-08-17T18:48:05Z,2026-08-17T18:48:05Z,
185.223.235.60,ipv4,malicious-ip,medium,WHITE,ziyadnz/hourly-ipv4,ziyadnz|hourly,2026-08-17T18:48:05Z,2026-08-17T18:48:05Z,
185.223.235.61,ipv4,malicious-ip,medium,WHITE,ziyadnz/hourly-ipv4,ziyadnz|hourly,2026-08-17T18:48:05Z,2026-08-17T18:48:05Z,
185.223.235.62,ipv4,malicious-ip,medium,WHITE,ziyadnz/hourly-ipv4,ziyadnz|hourly,2026-08-17T18:48:05Z,2026-08-17T18:48:05Z,
185.223.235.7,ipv4,malicious-ip,medium,WHITE,ziyadnz/hourly-ipv4,ziyadnz|hourly,2026-08-17T18:48:05Z,2026-08-17T18:48:05Z,
185.223.235.8,ipv4,malicious-ip,medium,WHITE,ziyadnz/hourly-ipv4,ziyadnz|hourly,2026-08-17T18:48:05Z,2026-08-17T18:48:05Z,
185.223.235.9,ipv4,malicious-ip,medium,WHITE,ziyadnz/hourly-ipv4,ziyadnz|hourly,2026-08-17T18:48:05Z,2026-08-17T18:48:05Z,
185.223.93.251,ipv4,malicious-ip,medium,WHITE,ziyadnz/hourly-ipv4,ziyadnz|hourly,2026-08-17T18:48:05Z,2026-08-17T18:48:05Z,
185.224.0.201,ipv4,malicious-ip,medium,WHITE,ziyadnz/hourly-ipv4,ziyadnz|hourly,2026-08-17T18:48:05Z,2026-08-17T18:48:05Z,
185.224.0.250,ipv4,malicious-ip,medium,WHITE,ziyadnz/hourly-ipv4,ziyadnz|hourly,2026-08-17T18:48:05Z,2026-08-17T18:48:05Z,
185.224.128.136,ipv4,malicious-ip,medium,WHITE,ziyadnz/hourly-ipv4,ziyadnz|hourly,2026-08-17T18:48:05Z,2026-08-17T18:48:05Z,
185.224.128.151,ipv4,malicious-ip,medium,WHITE,ziyadnz/hourly-ipv4,ziyadnz|hourly,2026-08-17T18:48:05Z,2026-08-17T18:48:05Z,
185.224.128.16,ipv4,malicious-ip,medium,WHITE,ziyadnz/hourly-ipv4,ziyadnz|hourly,2026-08-17T18:48:05Z,2026-08-17T18:48:05Z,
185.224.137.7,ipv4,malicious-ip,medium,WHITE,ziyadnz/hourly-ipv4,ziyadnz|hourly,2026-08-17T18:48:05Z,2026-08-17T18:48:05Z,
185.224.3.219,ipv4,malicious-ip,medium,WHITE,ziyadnz/hourly-ipv4,ziyadnz|hourly,2026-08-17T18:48:05Z,2026-08-17T18:48:05Z,
185.225.1.30,ipv4,malicious-ip,medium,WHITE,ziyadnz/hourly-ipv4,ziyadnz|hourly,2026-08-17T18:48:05Z,2026-08-17T18:48:05Z,
185.225.1.53,ipv4,malicious-ip,medium,WHITE,ziyadnz/hourly-ipv4,ziyadnz|hourly,2026-08-17T18:48:05Z,2026-08-17T18:48:05Z,
185.225.114.70,ipv4,malicious-ip,medium,WHITE,ziyadnz/hourly-ipv4,ziyadnz|hourly,2026-08-17T18:48:05Z,2026-08-17T18:48:05Z,
185.225.17.104,ipv4,malicious-ip,medium,WHITE,ziyadnz/hourly-ipv4,ziyadnz|hourly,2026-08-17T18:48:05Z,2026-08-17T18:48:05Z,
185.225.17.225,ipv4,malicious-ip,medium,WHITE,ziyadnz/hourly-ipv4,ziyadnz|hourly,2026-08-17T18:48:05Z,2026-08-17T18:48:05Z,
185.225.17.74,ipv4,malicious-ip,medium,WHITE,ziyadnz/hourly-ipv4,ziyadnz|hourly,2026-08-17T18:48:05Z,2026-08-17T18:48:05Z,
185.225.19.18,ipv4,malicious-ip,medium,WHITE,ziyadnz/hourly-ipv4,ziyadnz|hourly,2026-08-17T18:48:05Z,2026-08-17T18:48:05Z,
185.225.19.55,ipv4,malicious-ip,medium,WHITE,ziyadnz/hourly-ipv4,ziyadnz|hourly,2026-08-17T18:48:05Z,2026-08-17T18:48:05Z,
185.225.200.154,ipv4,malicious-ip,medium,WHITE,ziyadnz/hourly-ipv4,ziyadnz|hourly,2026-08-17T18:48:05Z,2026-08-17T18:48:05Z,
185.225.232.141,ipv4,malicious-ip,medium,WHITE,ziyadnz/hourly-ipv4,ziyadnz|hourly,2026-08-17T18:48:05Z,2026-08-17T18:48:05Z,
185.225.232.237,ipv4,malicious-ip,medium,WHITE,ziyadnz/hourly-ipv4,ziyadnz|hourly,2026-08-17T18:48:05Z,2026-08-17T18:48:05Z,
185.225.69.187,ipv4,malicious-ip,medium,WHITE,ziyadnz/hourly-ipv4,ziyadnz|hourly,2026-08-17T18:48:05Z,2026-08-17T18:48:05Z,
185.225.69.203,ipv4,malicious-ip,medium,WHITE,ziyadnz/hourly-ipv4,ziyadnz|hourly,2026-08-17T18:48:05Z,2026-08-17T18:48:05Z,
185.225.69.212,ipv4,malicious-ip,medium,WHITE,ziyadnz/hourly-ipv4,ziyadnz|hourly,2026-08-17T18:48:05Z,2026-08-17T18:48:05Z,
185.225.69.214,ipv4,malicious-ip,medium,WHITE,ziyadnz/hourly-ipv4,ziyadnz|hourly,2026-08-17T18:48:05Z,2026-08-17T18:48:05Z,
185.225.69.222,ipv4,malicious-ip,medium,WHITE,ziyadnz/hourly-ipv4,ziyadnz|hourly,2026-08-17T18:48:05Z,2026-08-17T18:48:05Z,
185.225.69.223,ipv4,malicious-ip,medium,WHITE,ziyadnz/hourly-ipv4,ziyadnz|hourly,2026-08-17T18:48:05Z,2026-08-17T18:48:05Z,
185.225.69.225,ipv4,malicious-ip,medium,WHITE,ziyadnz/hourly-ipv4,ziyadnz|hourly,2026-08-17T18:48:05Z,2026-08-17T18:48:05Z,
185.225.69.232,ipv4,malicious-ip,medium,WHITE,ziyadnz/hourly-ipv4,ziyadnz|hourly,2026-08-17T18:48:05Z,2026-08-17T18:48:05Z,
185.225.73.196,ipv4,malicious-ip,medium,WHITE,ziyadnz/hourly-ipv4,ziyadnz|hourly,2026-08-17T18:48:05Z,2026-08-17T18:48:05Z,
185.225.73.238,ipv4,malicious-ip,medium,WHITE,ziyadnz/hourly-ipv4,ziyadnz|hourly,2026-08-17T18:48:05Z,2026-08-17T18:48:05Z,
185.225.73.78,ipv4,malicious-ip,medium,WHITE,ziyadnz/hourly-ipv4,ziyadnz|hourly,2026-08-17T18:48:05Z,2026-08-17T18:48:05Z,
185.225.74.161,ipv4,malicious-ip,medium,WHITE,ziyadnz/hourly-ipv4,ziyadnz|hourly,2026-08-17T18:48:05Z,2026-08-17T18:48:05Z,
185.225.74.251,ipv4,malicious-ip,medium,WHITE,ziyadnz/hourly-ipv4,ziyadnz|hourly,2026-08-17T18:48:05Z,2026-08-17T18:48:05Z,
185.225.74.55,ipv4,malicious-ip,medium,WHITE,ziyadnz/hourly-ipv4,ziyadnz|hourly,2026-08-17T18:48:05Z,2026-08-17T18:48:05Z,
185.226.196.0,ipv4,malicious-ip,medium,WHITE,ziyadnz/hourly-ipv4,ziyadnz|hourly,2026-08-17T18:48:05Z,2026-08-17T18:48:05Z,
185.226.196.12,ipv4,malicious-ip,medium,WHITE,ziyadnz/hourly-ipv4,ziyadnz|hourly,2026-08-17T18:48:05Z,2026-08-17T18:48:05Z,
185.226.196.13,ipv4,malicious-ip,medium,WHITE,ziyadnz/hourly-ipv4,ziyadnz|hourly,2026-08-17T18:48:05Z,2026-08-17T18:48:05Z,
185.226.196.14,ipv4,malicious-ip,medium,WHITE,ziyadnz/hourly-ipv4,ziyadnz|hourly,2026-08-17T18:48:05Z,2026-08-17T18:48:05Z,
185.226.196.15,ipv4,malicious-ip,medium,WHITE,ziyadnz/hourly-ipv4,ziyadnz|hourly,2026-08-17T18:48:05Z,2026-08-17T18:48:05Z,
185.226.196.22,ipv4,malicious-ip,medium,WHITE,ziyadnz/hourly-ipv4,ziyadnz|hourly,2026-08-17T18:48:05Z,2026-08-17T18:48:05Z,
185.226.196.23,ipv4,malicious-ip,medium,WHITE,ziyadnz/hourly-ipv4,ziyadnz|hourly,2026-08-17T18:48:05Z,2026-08-17T18:48:05Z,
185.226.196.24,ipv4,malicious-ip,medium,WHITE,ziyadnz/hourly-ipv4,ziyadnz|hourly,2026-08-17T18:48:05Z,2026-08-17T18:48:05Z,
185.226.196.25,ipv4,malicious-ip,medium,WHITE,ziyadnz/hourly-ipv4,ziyadnz|hourly,2026-08-17T18:48:05Z,2026-08-17T18:48:05Z,
185.226.196.27,ipv4,malicious-ip,medium,WHITE,ziyadnz/hourly-ipv4,ziyadnz|hourly,2026-08-17T18:48:05Z,2026-08-17T18:48:05Z,
185.226.196.28,ipv4,malicious-ip,medium,WHITE,ziyadnz/hourly-ipv4,ziyadnz|hourly,2026-08-17T18:48:05Z,2026-08-17T18:48:05Z,
185.226.196.29,ipv4,malicious-ip,medium,WHITE,ziyadnz/hourly-ipv4,ziyadnz|hourly,2026-08-17T18:48:05Z,2026-08-17T18:48:05Z,
185.226.196.30,ipv4,malicious-ip,medium,WHITE,ziyadnz/hourly-ipv4,ziyadnz|hourly,2026-08-17T18:48:05Z,2026-08-17T18:48:05Z,
185.226.197.0,ipv4,malicious-ip,medium,WHITE,ziyadnz/hourly-ipv4,ziyadnz|hourly,2026-08-17T18:48:05Z,2026-08-17T18:48:05Z,
185.226.197.10,ipv4,malicious-ip,medium,WHITE,ziyadnz/hourly-ipv4,ziyadnz|hourly,2026-08-17T18:48:05Z,2026-08-17T18:48:05Z,
185.226.197.100,ipv4,malicious-ip,medium,WHITE,ziyadnz/hourly-ipv4,ziyadnz|hourly,2026-08-17T18:48:05Z,2026-08-17T18:48:05Z,
185.226.197.102,ipv4,malicious-ip,medium,WHITE,ziyadnz/hourly-ipv4,ziyadnz|hourly,2026-08-17T18:48:05Z,2026-08-17T18:48:05Z,
185.226.197.107,ipv4,malicious-ip,medium,WHITE,ziyadnz/hourly-ipv4,ziyadnz|hourly,2026-08-17T18:48:05Z,2026-08-17T18:48:05Z,
185.226.197.108,ipv4,malicious-ip,medium,WHITE,ziyadnz/hourly-ipv4,ziyadnz|hourly,2026-08-17T18:48:05Z,2026-08-17T18:48:05Z,
185.226.197.111,ipv4,malicious-ip,medium,WHITE,ziyadnz/hourly-ipv4,ziyadnz|hourly,2026-08-17T18:48:05Z,2026-08-17T18:48:05Z,
185.226.197.112,ipv4,malicious-ip,medium,WHITE,ziyadnz/hourly-ipv4,ziyadnz|hourly,2026-08-17T18:48:05Z,2026-08-17T18:48:05Z,
185.226.197.12,ipv4,malicious-ip,medium,WHITE,ziyadnz/hourly-ipv4,ziyadnz|hourly,2026-08-17T18:48:05Z,2026-08-17T18:48:05Z,
185.226.197.13,ipv4,malicious-ip,medium,WHITE,ziyadnz/hourly-ipv4,ziyadnz|hourly,2026-08-17T18:48:05Z,2026-08-17T18:48:05Z,
185.226.197.14,ipv4,malicious-ip,medium,WHITE,ziyadnz/hourly-ipv4,ziyadnz|hourly,2026-08-17T18:48:05Z,2026-08-17T18:48:05Z,
185.226.197.15,ipv4,malicious-ip,medium,WHITE,ziyadnz/hourly-ipv4,ziyadnz|hourly,2026-08-17T18:48:05Z,2026-08-17T18:48:05Z,
185.226.197.27,ipv4,malicious-ip,medium,WHITE,ziyadnz/hourly-ipv4,ziyadnz|hourly,2026-08-17T18:48:05Z,2026-08-17T18:48:05Z,
185.226.197.28,ipv4,malicious-ip,medium,WHITE,ziyadnz/hourly-ipv4,ziyadnz|hourly,2026-08-17T18:48:05Z,2026-08-17T18:48:05Z,
185.226.197.29,ipv4,malicious-ip,medium,WHITE,ziyadnz/hourly-ipv4,ziyadnz|hourly,2026-08-17T18:48:05Z,2026-08-17T18:48:05Z,
185.226.197.30,ipv4,malicious-ip,medium,WHITE,ziyadnz/hourly-ipv4,ziyadnz|hourly,2026-08-17T18:48:05Z,2026-08-17T18:48:05Z,
185.226.197.33,ipv4,malicious-ip,medium,WHITE,ziyadnz/hourly-ipv4,ziyadnz|hourly,2026-08-17T18:48:05Z,2026-08-17T18:48:05Z,
185.226.197.35,ipv4,malicious-ip,medium,WHITE,ziyadnz/hourly-ipv4,ziyadnz|hourly,2026-08-17T18:48:05Z,2026-08-17T18:48:05Z,
185.226.197.37,ipv4,malicious-ip,medium,WHITE,ziyadnz/hourly-ipv4,ziyadnz|hourly,2026-08-17T18:48:05Z,2026-08-17T18:48:05Z,
185.226.197.38,ipv4,malicious-ip,medium,WHITE,ziyadnz/hourly-ipv4,ziyadnz|hourly,2026-08-17T18:48:05Z,2026-08-17T18:48:05Z,
185.226.197.39,ipv4,malicious-ip,medium,WHITE,ziyadnz/hourly-ipv4,ziyadnz|hourly,2026-08-17T18:48:05Z,2026-08-17T18:48:05Z,
185.226.197.40,ipv4,malicious-ip,medium,WHITE,ziyadnz/hourly-ipv4,ziyadnz|hourly,2026-08-17T18:48:05Z,2026-08-17T18:48:05Z,
185.226.197.42,ipv4,malicious-ip,medium,WHITE,ziyadnz/hourly-ipv4,ziyadnz|hourly,2026-08-17T18:48:05Z,2026-08-17T18:48:05Z,
185.226.197.43,ipv4,malicious-ip,medium,WHITE,ziyadnz/hourly-ipv4,ziyadnz|hourly,2026-08-17T18:48:05Z,2026-08-17T18:48:05Z,
185.226.197.44,ipv4,malicious-ip,medium,WHITE,ziyadnz/hourly-ipv4,ziyadnz|hourly,2026-08-17T18:48:05Z,2026-08-17T18:48:05Z,
185.226.197.45,ipv4,malicious-ip,medium,WHITE,ziyadnz/hourly-ipv4,ziyadnz|hourly,2026-08-17T18:48:05Z,2026-08-17T18:48:05Z,
185.226.197.50,ipv4,malicious-ip,medium,WHITE,ziyadnz/hourly-ipv4,ziyadnz|hourly,2026-08-17T18:48:05Z,2026-08-17T18:48:05Z,
185.226.197.52,ipv4,malicious-ip,medium,WHITE,ziyadnz/hourly-ipv4,ziyadnz|hourly,2026-08-17T18:48:05Z,2026-08-17T18:48:05Z,
185.226.197.53,ipv4,malicious-ip,medium,WHITE,ziyadnz/hourly-ipv4,ziyadnz|hourly,2026-08-17T18:48:05Z,2026-08-17T18:48:05Z,
185.226.197.54,ipv4,malicious-ip,medium,WHITE,ziyadnz/hourly-ipv4,ziyadnz|hourly,2026-08-17T18:48:05Z,2026-08-17T18:48:05Z,
185.226.197.55,ipv4,malicious-ip,medium,WHITE,ziyadnz/hourly-ipv4,ziyadnz|hourly,2026-08-17T18:48:05Z,2026-08-17T18:48:05Z,
185.226.197.57,ipv4,malicious-ip,medium,WHITE,ziyadnz/hourly-ipv4,ziyadnz|hourly,2026-08-17T18:48:05Z,2026-08-17T18:48:05Z,
185.226.197.58,ipv4,malicious-ip,medium,WHITE,ziyadnz/hourly-ipv4,ziyadnz|hourly,2026-08-17T18:48:05Z,2026-08-17T18:48:05Z,
185.226.197.59,ipv4,malicious-ip,medium,WHITE,ziyadnz/hourly-ipv4,ziyadnz|hourly,2026-08-17T18:48:05Z,2026-08-17T18:48:05Z,
185.226.197.60,ipv4,malicious-ip,medium,WHITE,ziyadnz/hourly-ipv4,ziyadnz|hourly,2026-08-17T18:48:05Z,2026-08-17T18:48:05Z,
185.226.197.62,ipv4,malicious-ip,medium,WHITE,ziyadnz/hourly-ipv4,ziyadnz|hourly,2026-08-17T18:48:05Z,2026-08-17T18:48:05Z,
185.226.197.63,ipv4,malicious-ip,medium,WHITE,ziyadnz/hourly-ipv4,ziyadnz|hourly,2026-08-17T18:48:05Z,2026-08-17T18:48:05Z,
185.226.197.64,ipv4,malicious-ip,medium,WHITE,ziyadnz/hourly-ipv4,ziyadnz|hourly,2026-08-17T18:48:05Z,2026-08-17T18:48:05Z,
185.226.197.65,ipv4,malicious-ip,medium,WHITE,ziyadnz/hourly-ipv4,ziyadnz|hourly,2026-08-17T18:48:05Z,2026-08-17T18:48:05Z,
185.226.197.67,ipv4,malicious-ip,medium,WHITE,ziyadnz/hourly-ipv4,ziyadnz|hourly,2026-08-17T18:48:05Z,2026-08-17T18:48:05Z,
185.226.197.68,ipv4,malicious-ip,medium,WHITE,ziyadnz/hourly-ipv4,ziyadnz|hourly,2026-08-17T18:48:05Z,2026-08-17T18:48:05Z,
185.226.197.69,ipv4,malicious-ip,medium,WHITE,ziyadnz/hourly-ipv4,ziyadnz|hourly,2026-08-17T18:48:05Z,2026-08-17T18:48:05Z,
185.226.197.7,ipv4,malicious-ip,medium,WHITE,ziyadnz/hourly-ipv4,ziyadnz|hourly,2026-08-17T18:48:05Z,2026-08-17T18:48:05Z,
185.226.197.70,ipv4,malicious-ip,medium,WHITE,ziyadnz/hourly-ipv4,ziyadnz|hourly,2026-08-17T18:48:05Z,2026-08-17T18:48:05Z,
185.226.197.77,ipv4,malicious-ip,medium,WHITE,ziyadnz/hourly-ipv4,ziyadnz|hourly,2026-08-17T18:48:05Z,2026-08-17T18:48:05Z,
185.226.197.78,ipv4,malicious-ip,medium,WHITE,ziyadnz/hourly-ipv4,ziyadnz|hourly,2026-08-17T18:48:05Z,2026-08-17T18:48:05Z,
185.226.197.8,ipv4,malicious-ip,medium,WHITE,ziyadnz/hourly-ipv4,ziyadnz|hourly,2026-08-17T18:48:05Z,2026-08-17T18:48:05Z,
185.226.197.80,ipv4,malicious-ip,medium,WHITE,ziyadnz/hourly-ipv4,ziyadnz|hourly,2026-08-17T18:48:05Z,2026-08-17T18:48:05Z,
185.226.197.82,ipv4,malicious-ip,medium,WHITE,ziyadnz/hourly-ipv4,ziyadnz|hourly,2026-08-17T18:48:05Z,2026-08-17T18:48:05Z,
185.226.197.83,ipv4,malicious-ip,medium,WHITE,ziyadnz/hourly-ipv4,ziyadnz|hourly,2026-08-17T18:48:05Z,2026-08-17T18:48:05Z,
185.226.197.85,ipv4,malicious-ip,medium,WHITE,ziyadnz/hourly-ipv4,ziyadnz|hourly,2026-08-17T18:48:05Z,2026-08-17T18:48:05Z,
185.226.197.9,ipv4,malicious-ip,medium,WHITE,ziyadnz/hourly-ipv4,ziyadnz|hourly,2026-08-17T18:48:05Z,2026-08-17T18:48:05Z,
185.226.197.99,ipv4,malicious-ip,medium,WHITE,ziyadnz/hourly-ipv4,ziyadnz|hourly,2026-08-17T18:48:05Z,2026-08-17T18:48:05Z,
185.226.198.4,ipv4,malicious-ip,medium,WHITE,ziyadnz/hourly-ipv4,ziyadnz|hourly,2026-08-17T18:48:05Z,2026-08-17T18:48:05Z,
185.226.198.5,ipv4,malicious-ip,medium,WHITE,ziyadnz/hourly-ipv4,ziyadnz|hourly,2026-08-17T18:48:05Z,2026-08-17T18:48:05Z,
185.226.198.6,ipv4,malicious-ip,medium,WHITE,ziyadnz/hourly-ipv4,ziyadnz|hourly,2026-08-17T18:48:05Z,2026-08-17T18:48:05Z,
185.226.198.7,ipv4,malicious-ip,medium,WHITE,ziyadnz/hourly-ipv4,ziyadnz|hourly,2026-08-17T18:48:05Z,2026-08-17T18:48:05Z,
185.226.61.195,ipv4,malicious-ip,medium,WHITE,ziyadnz/hourly-ipv4,ziyadnz|hourly,2026-08-17T18:48:05Z,2026-08-17T18:48:05Z,
185.226.89.235,ipv4,malicious-ip,medium,WHITE,ziyadnz/hourly-ipv4,ziyadnz|hourly,2026-08-17T18:48:05Z,2026-08-17T18:48:05Z,
185.226.92.107,ipv4,malicious-ip,medium,WHITE,ziyadnz/hourly-ipv4,ziyadnz|hourly,2026-08-17T18:48:05Z,2026-08-17T18:48:05Z,
185.226.92.110,ipv4,malicious-ip,medium,WHITE,ziyadnz/hourly-ipv4,ziyadnz|hourly,2026-08-17T18:48:05Z,2026-08-17T18:48:05Z,
185.226.92.202,ipv4,malicious-ip,medium,WHITE,ziyadnz/hourly-ipv4,ziyadnz|hourly,2026-08-17T18:48:05Z,2026-08-17T18:48:05Z,
185.227.134.106,ipv4,malicious-ip,medium,WHITE,ziyadnz/hourly-ipv4,ziyadnz|hourly,2026-08-17T18:48:05Z,2026-08-17T18:48:05Z,
185.227.137.200,ipv4,malicious-ip,medium,WHITE,ziyadnz/hourly-ipv4,ziyadnz|hourly,2026-08-17T18:48:05Z,2026-08-17T18:48:05Z,
185.227.152.135,ipv4,malicious-ip,medium,WHITE,ziyadnz/hourly-ipv4,ziyadnz|hourly,2026-08-17T18:48:05Z,2026-08-17T18:48:05Z,
185.227.152.230,ipv4,malicious-ip,medium,WHITE,ziyadnz/hourly-ipv4,ziyadnz|hourly,2026-08-17T18:48:05Z,2026-08-17T18:48:05Z,
185.227.153.56,ipv4,malicious-ip,medium,WHITE,ziyadnz/hourly-ipv4,ziyadnz|hourly,2026-08-17T18:48:05Z,2026-08-17T18:48:05Z,
185.227.68.78,ipv4,malicious-ip,medium,WHITE,ziyadnz/hourly-ipv4,ziyadnz|hourly,2026-08-17T18:48:05Z,2026-08-17T18:48:05Z,
185.228.133.23,ipv4,malicious-ip,medium,WHITE,ziyadnz/hourly-ipv4,ziyadnz|hourly,2026-08-17T18:48:05Z,2026-08-17T18:48:05Z,
185.228.133.25,ipv4,malicious-ip,medium,WHITE,ziyadnz/hourly-ipv4,ziyadnz|hourly,2026-08-17T18:48:05Z,2026-08-17T18:48:05Z,
185.228.133.60,ipv4,malicious-ip,medium,WHITE,ziyadnz/hourly-ipv4,ziyadnz|hourly,2026-08-17T18:48:05Z,2026-08-17T18:48:05Z,
185.228.135.170,ipv4,malicious-ip,medium,WHITE,ziyadnz/hourly-ipv4,ziyadnz|hourly,2026-08-17T18:48:05Z,2026-08-17T18:48:05Z,
185.228.135.197,ipv4,malicious-ip,medium,WHITE,ziyadnz/hourly-ipv4,ziyadnz|hourly,2026-08-17T18:48:05Z,2026-08-17T18:48:05Z,
185.228.234.237,ipv4,malicious-ip,medium,WHITE,ziyadnz/hourly-ipv4,ziyadnz|hourly,2026-08-17T18:48:05Z,2026-08-17T18:48:05Z,
185.228.67.156,ipv4,malicious-ip,medium,WHITE,ziyadnz/hourly-ipv4,ziyadnz|hourly,2026-08-17T18:48:05Z,2026-08-17T18:48:05Z,
185.228.72.165,ipv4,malicious-ip,medium,WHITE,ziyadnz/hourly-ipv4,ziyadnz|hourly,2026-08-17T18:48:05Z,2026-08-17T18:48:05Z,
185.228.81.152,ipv4,malicious-ip,medium,WHITE,ziyadnz/hourly-ipv4,ziyadnz|hourly,2026-08-17T18:48:05Z,2026-08-17T18:48:05Z,
185.228.81.192,ipv4,malicious-ip,medium,WHITE,ziyadnz/hourly-ipv4,ziyadnz|hourly,2026-08-17T18:48:05Z,2026-08-17T18:48:05Z,
185.228.92.248,ipv4,malicious-ip,medium,WHITE,ziyadnz/hourly-ipv4,ziyadnz|hourly,2026-08-17T18:48:05Z,2026-08-17T18:48:05Z,
185.228.92.249,ipv4,malicious-ip,medium,WHITE,ziyadnz/hourly-ipv4,ziyadnz|hourly,2026-08-17T18:48:05Z,2026-08-17T18:48:05Z,
185.228.92.250,ipv4,malicious-ip,medium,WHITE,ziyadnz/hourly-ipv4,ziyadnz|hourly,2026-08-17T18:48:05Z,2026-08-17T18:48:05Z,
185.228.92.251,ipv4,malicious-ip,medium,WHITE,ziyadnz/hourly-ipv4,ziyadnz|hourly,2026-08-17T18:48:05Z,2026-08-17T18:48:05Z,
185.229.119.151,ipv4,malicious-ip,medium,WHITE,ziyadnz/hourly-ipv4,ziyadnz|hourly,2026-08-17T18:48:05Z,2026-08-17T18:48:05Z,
185.229.32.220,ipv4,malicious-ip,medium,WHITE,ziyadnz/hourly-ipv4,ziyadnz|hourly,2026-08-17T18:48:05Z,2026-08-17T18:48:05Z,
185.229.66.224,ipv4,malicious-ip,medium,WHITE,ziyadnz/hourly-ipv4,ziyadnz|hourly,2026-08-17T18:48:05Z,2026-08-17T18:48:05Z,
185.229.9.134,ipv4,malicious-ip,medium,WHITE,ziyadnz/hourly-ipv4,ziyadnz|hourly,2026-08-17T18:48:05Z,2026-08-17T18:48:05Z,
185.229.9.27,ipv4,malicious-ip,medium,WHITE,ziyadnz/hourly-ipv4,ziyadnz|hourly,2026-08-17T18:48:05Z,2026-08-17T18:48:05Z,
185.23.253.138,ipv4,malicious-ip,medium,WHITE,ziyadnz/hourly-ipv4,ziyadnz|hourly,2026-08-17T18:48:05Z,2026-08-17T18:48:05Z,
185.23.253.143,ipv4,malicious-ip,medium,WHITE,ziyadnz/hourly-ipv4,ziyadnz|hourly,2026-08-17T18:48:05Z,2026-08-17T18:48:05Z,
185.23.253.204,ipv4,malicious-ip,medium,WHITE,ziyadnz/hourly-ipv4,ziyadnz|hourly,2026-08-17T18:48:05Z,2026-08-17T18:48:05Z,
185.230.206.172,ipv4,malicious-ip,medium,WHITE,ziyadnz/hourly-ipv4,ziyadnz|hourly,2026-08-17T18:48:05Z,2026-08-17T18:48:05Z,
185.230.212.164,ipv4,malicious-ip,medium,WHITE,ziyadnz/hourly-ipv4,ziyadnz|hourly,2026-08-17T18:48:05Z,2026-08-17T18:48:05Z,
185.230.219.29,ipv4,malicious-ip,medium,WHITE,ziyadnz/hourly-ipv4,ziyadnz|hourly,2026-08-17T18:48:05Z,2026-08-17T18:48:05Z,
185.230.240.211,ipv4,malicious-ip,medium,WHITE,ziyadnz/hourly-ipv4,ziyadnz|hourly,2026-08-17T18:48:05Z,2026-08-17T18:48:05Z,
185.230.241.222,ipv4,malicious-ip,medium,WHITE,ziyadnz/hourly-ipv4,ziyadnz|hourly,2026-08-17T18:48:05Z,2026-08-17T18:48:05Z,
185.230.6.61,ipv4,malicious-ip,medium,WHITE,ziyadnz/hourly-ipv4,ziyadnz|hourly,2026-08-17T18:48:05Z,2026-08-17T18:48:05Z,
185.230.60.161,ipv4,malicious-ip,medium,WHITE,ziyadnz/hourly-ipv4,ziyadnz|hourly,2026-08-17T18:48:05Z,2026-08-17T18:48:05Z,
185.230.90.163,ipv4,malicious-ip,medium,WHITE,ziyadnz/hourly-ipv4,ziyadnz|hourly,2026-08-17T18:48:05Z,2026-08-17T18:48:05Z,
185.231.101.53,ipv4,malicious-ip,medium,WHITE,ziyadnz/hourly-ipv4,ziyadnz|hourly,2026-08-17T18:48:05Z,2026-08-17T18:48:05Z,
185.231.154.128,ipv4,malicious-ip,medium,WHITE,ziyadnz/hourly-ipv4,ziyadnz|hourly,2026-08-17T18:48:05Z,2026-08-17T18:48:05Z,
185.231.155.111,ipv4,malicious-ip,medium,WHITE,ziyadnz/hourly-ipv4,ziyadnz|hourly,2026-08-17T18:48:05Z,2026-08-17T18:48:05Z,
185.231.155.124,ipv4,malicious-ip,medium,WHITE,ziyadnz/hourly-ipv4,ziyadnz|hourly,2026-08-17T18:48:05Z,2026-08-17T18:48:05Z,
185.231.155.250,ipv4,malicious-ip,medium,WHITE,ziyadnz/hourly-ipv4,ziyadnz|hourly,2026-08-17T18:48:05Z,2026-08-17T18:48:05Z,
185.231.181.16,ipv4,malicious-ip,medium,WHITE,ziyadnz/hourly-ipv4,ziyadnz|hourly,2026-08-17T18:48:05Z,2026-08-17T18:48:05Z,
185.231.33.38,ipv4,malicious-ip,medium,WHITE,ziyadnz/hourly-ipv4,ziyadnz|hourly,2026-08-17T18:48:05Z,2026-08-17T18:48:05Z,
185.232.152.156,ipv4,malicious-ip,medium,WHITE,ziyadnz/hourly-ipv4,ziyadnz|hourly,2026-08-17T18:48:05Z,2026-08-17T18:48:05Z,
185.232.68.89,ipv4,malicious-ip,medium,WHITE,ziyadnz/hourly-ipv4,ziyadnz|hourly,2026-08-17T18:48:05Z,2026-08-17T18:48:05Z,
185.233.100.23,ipv4,malicious-ip,medium,WHITE,ziyadnz/hourly-ipv4,ziyadnz|hourly,2026-08-17T18:48:05Z,2026-08-17T18:48:05Z,
185.233.164.246,ipv4,malicious-ip,medium,WHITE,ziyadnz/hourly-ipv4,ziyadnz|hourly,2026-08-17T18:48:05Z,2026-08-17T18:48:05Z,
185.233.166.152,ipv4,malicious-ip,medium,WHITE,ziyadnz/hourly-ipv4,ziyadnz|hourly,2026-08-17T18:48:05Z,2026-08-17T18:48:05Z,
185.233.247.245,ipv4,malicious-ip,medium,WHITE,ziyadnz/hourly-ipv4,ziyadnz|hourly,2026-08-17T18:48:05Z,2026-08-17T18:48:05Z,
185.234.178.185,ipv4,malicious-ip,medium,WHITE,ziyadnz/hourly-ipv4,ziyadnz|hourly,2026-08-17T18:48:05Z,2026-08-17T18:48:05Z,
185.234.187.59,ipv4,malicious-ip,medium,WHITE,ziyadnz/hourly-ipv4,ziyadnz|hourly,2026-08-17T18:48:05Z,2026-08-17T18:48:05Z,
185.234.187.61,ipv4,malicious-ip,medium,WHITE,ziyadnz/hourly-ipv4,ziyadnz|hourly,2026-08-17T18:48:05Z,2026-08-17T18:48:05Z,
185.234.216.102,ipv4,malicious-ip,medium,WHITE,ziyadnz/hourly-ipv4,ziyadnz|hourly,2026-08-17T18:48:05Z,2026-08-17T18:48:05Z,
185.234.231.41,ipv4,malicious-ip,medium,WHITE,ziyadnz/hourly-ipv4,ziyadnz|hourly,2026-08-17T18:48:05Z,2026-08-17T18:48:05Z,
185.234.235.69,ipv4,malicious-ip,medium,WHITE,ziyadnz/hourly-ipv4,ziyadnz|hourly,2026-08-17T18:48:05Z,2026-08-17T18:48:05Z,
185.234.247.8,ipv4,malicious-ip,medium,WHITE,ziyadnz/hourly-ipv4,ziyadnz|hourly,2026-08-17T18:48:05Z,2026-08-17T18:48:05Z,
185.234.72.186,ipv4,malicious-ip,medium,WHITE,ziyadnz/hourly-ipv4,ziyadnz|hourly,2026-08-17T18:48:05Z,2026-08-17T18:48:05Z,
185.234.9.231,ipv4,malicious-ip,medium,WHITE,ziyadnz/hourly-ipv4,ziyadnz|hourly,2026-08-17T18:48:05Z,2026-08-17T18:48:05Z,
185.235.133.171,ipv4,malicious-ip,medium,WHITE,ziyadnz/hourly-ipv4,ziyadnz|hourly,2026-08-17T18:48:05Z,2026-08-17T18:48:05Z,
185.235.137.6,ipv4,malicious-ip,medium,WHITE,ziyadnz/hourly-ipv4,ziyadnz|hourly,2026-08-17T18:48:05Z,2026-08-17T18:48:05Z,
185.235.137.90,ipv4,malicious-ip,medium,WHITE,ziyadnz/hourly-ipv4,ziyadnz|hourly,2026-08-17T18:48:05Z,2026-08-17T18:48:05Z,
185.235.146.29,ipv4,malicious-ip,medium,WHITE,ziyadnz/hourly-ipv4,ziyadnz|hourly,2026-08-17T18:48:05Z,2026-08-17T18:48:05Z,
185.235.241.208,ipv4,malicious-ip,medium,WHITE,ziyadnz/hourly-ipv4,ziyadnz|hourly,2026-08-17T18:48:05Z,2026-08-17T18:48:05Z,
185.235.242.141,ipv4,malicious-ip,medium,WHITE,ziyadnz/hourly-ipv4,ziyadnz|hourly,2026-08-17T18:48:05Z,2026-08-17T18:48:05Z,
185.235.243.189,ipv4,malicious-ip,medium,WHITE,ziyadnz/hourly-ipv4,ziyadnz|hourly,2026-08-17T18:48:05Z,2026-08-17T18:48:05Z,
185.235.35.27,ipv4,malicious-ip,medium,WHITE,ziyadnz/hourly-ipv4,ziyadnz|hourly,2026-08-17T18:48:05Z,2026-08-17T18:48:05Z,
185.236.135.229,ipv4,malicious-ip,medium,WHITE,ziyadnz/hourly-ipv4,ziyadnz|hourly,2026-08-17T18:48:05Z,2026-08-17T18:48:05Z,
185.236.203.159,ipv4,malicious-ip,medium,WHITE,ziyadnz/hourly-ipv4,ziyadnz|hourly,2026-08-17T18:48:05Z,2026-08-17T18:48:05Z,
185.236.228.12,ipv4,malicious-ip,medium,WHITE,ziyadnz/hourly-ipv4,ziyadnz|hourly,2026-08-17T18:48:05Z,2026-08-17T18:48:05Z,
185.236.233.54,ipv4,malicious-ip,medium,WHITE,ziyadnz/hourly-ipv4,ziyadnz|hourly,2026-08-17T18:48:05Z,2026-08-17T18:48:05Z,
185.236.25.178,ipv4,malicious-ip,medium,WHITE,ziyadnz/hourly-ipv4,ziyadnz|hourly,2026-08-17T18:48:05Z,2026-08-17T18:48:05Z,
185.236.64.166,ipv4,malicious-ip,medium,WHITE,ziyadnz/hourly-ipv4,ziyadnz|hourly,2026-08-17T18:48:05Z,2026-08-17T18:48:05Z,
185.237.15.230,ipv4,malicious-ip,medium,WHITE,ziyadnz/hourly-ipv4,ziyadnz|hourly,2026-08-17T18:48:05Z,2026-08-17T18:48:05Z,
185.237.207.107,ipv4,malicious-ip,medium,WHITE,ziyadnz/hourly-ipv4,ziyadnz|hourly,2026-08-17T18:48:05Z,2026-08-17T18:48:05Z,
185.237.216.10,ipv4,malicious-ip,medium,WHITE,ziyadnz/hourly-ipv4,ziyadnz|hourly,2026-08-17T18:48:05Z,2026-08-17T18:48:05Z,
185.237.217.15,ipv4,malicious-ip,medium,WHITE,ziyadnz/hourly-ipv4,ziyadnz|hourly,2026-08-17T18:48:05Z,2026-08-17T18:48:05Z,
185.237.217.29,ipv4,malicious-ip,medium,WHITE,ziyadnz/hourly-ipv4,ziyadnz|hourly,2026-08-17T18:48:05Z,2026-08-17T18:48:05Z,
185.237.84.185,ipv4,malicious-ip,medium,WHITE,ziyadnz/hourly-ipv4,ziyadnz|hourly,2026-08-17T18:48:05Z,2026-08-17T18:48:05Z,
185.237.98.29,ipv4,malicious-ip,medium,WHITE,ziyadnz/hourly-ipv4,ziyadnz|hourly,2026-08-17T18:48:05Z,2026-08-17T18:48:05Z,
185.238.105.27,ipv4,malicious-ip,medium,WHITE,ziyadnz/hourly-ipv4,ziyadnz|hourly,2026-08-17T18:48:05Z,2026-08-17T18:48:05Z,
185.238.169.17,ipv4,malicious-ip,medium,WHITE,ziyadnz/hourly-ipv4,ziyadnz|hourly,2026-08-17T18:48:05Z,2026-08-17T18:48:05Z,
185.238.189.41,ipv4,malicious-ip,medium,WHITE,ziyadnz/hourly-ipv4,ziyadnz|hourly,2026-08-17T18:48:05Z,2026-08-17T18:48:05Z,
185.238.248.74,ipv4,malicious-ip,medium,WHITE,ziyadnz/hourly-ipv4,ziyadnz|hourly,2026-08-17T18:48:05Z,2026-08-17T18:48:05Z,
185.238.249.71,ipv4,malicious-ip,medium,WHITE,ziyadnz/hourly-ipv4,ziyadnz|hourly,2026-08-17T18:48:05Z,2026-08-17T18:48:05Z,
185.238.251.170,ipv4,malicious-ip,medium,WHITE,ziyadnz/hourly-ipv4,ziyadnz|hourly,2026-08-17T18:48:05Z,2026-08-17T18:48:05Z,
185.238.251.244,ipv4,malicious-ip,medium,WHITE,ziyadnz/hourly-ipv4,ziyadnz|hourly,2026-08-17T18:48:05Z,2026-08-17T18:48:05Z,
185.238.251.38,ipv4,malicious-ip,medium,WHITE,ziyadnz/hourly-ipv4,ziyadnz|hourly,2026-08-17T18:48:05Z,2026-08-17T18:48:05Z,
185.239.141.68,ipv4,malicious-ip,medium,WHITE,ziyadnz/hourly-ipv4,ziyadnz|hourly,2026-08-17T18:48:05Z,2026-08-17T18:48:05Z,
185.239.209.90,ipv4,malicious-ip,medium,WHITE,ziyadnz/hourly-ipv4,ziyadnz|hourly,2026-08-17T18:48:05Z,2026-08-17T18:48:05Z,
185.239.226.91,ipv4,malicious-ip,medium,WHITE,ziyadnz/hourly-ipv4,ziyadnz|hourly,2026-08-17T18:48:05Z,2026-08-17T18:48:05Z,
185.239.227.14,ipv4,malicious-ip,medium,WHITE,ziyadnz/hourly-ipv4,ziyadnz|hourly,2026-08-17T18:48:05Z,2026-08-17T18:48:05Z,
185.239.236.172,ipv4,malicious-ip,medium,WHITE,ziyadnz/hourly-ipv4,ziyadnz|hourly,2026-08-17T18:48:05Z,2026-08-17T18:48:05Z,
185.239.25.56,ipv4,malicious-ip,medium,WHITE,ziyadnz/hourly-ipv4,ziyadnz|hourly,2026-08-17T18:48:05Z,2026-08-17T18:48:05Z,
185.239.25.62,ipv4,malicious-ip,medium,WHITE,ziyadnz/hourly-ipv4,ziyadnz|hourly,2026-08-17T18:48:05Z,2026-08-17T18:48:05Z,
185.239.41.170,ipv4,malicious-ip,medium,WHITE,ziyadnz/hourly-ipv4,ziyadnz|hourly,2026-08-17T18:48:05Z,2026-08-17T18:48:05Z,
185.239.48.47,ipv4,malicious-ip,medium,WHITE,ziyadnz/hourly-ipv4,ziyadnz|hourly,2026-08-17T18:48:05Z,2026-08-17T18:48:05Z,
185.239.49.3,ipv4,malicious-ip,medium,WHITE,ziyadnz/hourly-ipv4,ziyadnz|hourly,2026-08-17T18:48:05Z,2026-08-17T18:48:05Z,
185.239.50.122,ipv4,malicious-ip,medium,WHITE,ziyadnz/hourly-ipv4,ziyadnz|hourly,2026-08-17T18:48:05Z,2026-08-17T18:48:05Z,
185.239.8.130,ipv4,malicious-ip,medium,WHITE,ziyadnz/hourly-ipv4,ziyadnz|hourly,2026-08-17T18:48:05Z,2026-08-17T18:48:05Z,
185.239.84.249,ipv4,malicious-ip,medium,WHITE,ziyadnz/hourly-ipv4,ziyadnz|hourly,2026-08-17T18:48:05Z,2026-08-17T18:48:05Z,
185.239.85.154,ipv4,malicious-ip,medium,WHITE,ziyadnz/hourly-ipv4,ziyadnz|hourly,2026-08-17T18:48:05Z,2026-08-17T18:48:05Z,
185.239.91.143,ipv4,malicious-ip,medium,WHITE,ziyadnz/hourly-ipv4,ziyadnz|hourly,2026-08-17T18:48:05Z,2026-08-17T18:48:05Z,
185.24.54.249,ipv4,malicious-ip,medium,WHITE,ziyadnz/hourly-ipv4,ziyadnz|hourly,2026-08-17T18:48:05Z,2026-08-17T18:48:05Z,
185.240.102.11,ipv4,malicious-ip,medium,WHITE,ziyadnz/hourly-ipv4,ziyadnz|hourly,2026-08-17T18:48:05Z,2026-08-17T18:48:05Z,
185.240.215.110,ipv4,malicious-ip,medium,WHITE,ziyadnz/hourly-ipv4,ziyadnz|hourly,2026-08-17T18:48:05Z,2026-08-17T18:48:05Z,
185.241.151.145,ipv4,malicious-ip,medium,WHITE,ziyadnz/hourly-ipv4,ziyadnz|hourly,2026-08-17T18:48:05Z,2026-08-17T18:48:05Z,
185.241.195.30,ipv4,malicious-ip,medium,WHITE,ziyadnz/hourly-ipv4,ziyadnz|hourly,2026-08-17T18:48:05Z,2026-08-17T18:48:05Z,
185.241.208.104,ipv4,malicious-ip,medium,WHITE,ziyadnz/hourly-ipv4,ziyadnz|hourly,2026-08-17T18:48:05Z,2026-08-17T18:48:05Z,
185.241.208.206,ipv4,malicious-ip,medium,WHITE,ziyadnz/hourly-ipv4,ziyadnz|hourly,2026-08-17T18:48:05Z,2026-08-17T18:48:05Z,
185.241.208.232,ipv4,malicious-ip,medium,WHITE,ziyadnz/hourly-ipv4,ziyadnz|hourly,2026-08-17T18:48:05Z,2026-08-17T18:48:05Z,
185.241.208.243,ipv4,malicious-ip,medium,WHITE,ziyadnz/hourly-ipv4,ziyadnz|hourly,2026-08-17T18:48:05Z,2026-08-17T18:48:05Z,
185.241.208.248,ipv4,malicious-ip,medium,WHITE,ziyadnz/hourly-ipv4,ziyadnz|hourly,2026-08-17T18:48:05Z,2026-08-17T18:48:05Z,
185.241.208.250,ipv4,malicious-ip,medium,WHITE,ziyadnz/hourly-ipv4,ziyadnz|hourly,2026-08-17T18:48:05Z,2026-08-17T18:48:05Z,
185.241.208.83,ipv4,malicious-ip,medium,WHITE,ziyadnz/hourly-ipv4,ziyadnz|hourly,2026-08-17T18:48:05Z,2026-08-17T18:48:05Z,
185.241.208.95,ipv4,malicious-ip,medium,WHITE,ziyadnz/hourly-ipv4,ziyadnz|hourly,2026-08-17T18:48:05Z,2026-08-17T18:48:05Z,
185.241.208.99,ipv4,malicious-ip,medium,WHITE,ziyadnz/hourly-ipv4,ziyadnz|hourly,2026-08-17T18:48:05Z,2026-08-17T18:48:05Z,
185.242.105.230,ipv4,malicious-ip,medium,WHITE,ziyadnz/hourly-ipv4,ziyadnz|hourly,2026-08-17T18:48:05Z,2026-08-17T18:48:05Z,
185.242.161.217,ipv4,malicious-ip,medium,WHITE,ziyadnz/hourly-ipv4,ziyadnz|hourly,2026-08-17T18:48:05Z,2026-08-17T18:48:05Z,
185.242.226.0,ipv4,malicious-ip,medium,WHITE,ziyadnz/hourly-ipv4,ziyadnz|hourly,2026-08-17T18:48:05Z,2026-08-17T18:48:05Z,
185.242.226.102,ipv4,malicious-ip,medium,WHITE,ziyadnz/hourly-ipv4,ziyadnz|hourly,2026-08-17T18:48:05Z,2026-08-17T18:48:05Z,
185.242.226.103,ipv4,malicious-ip,medium,WHITE,ziyadnz/hourly-ipv4,ziyadnz|hourly,2026-08-17T18:48:05Z,2026-08-17T18:48:05Z,
185.242.226.104,ipv4,malicious-ip,medium,WHITE,ziyadnz/hourly-ipv4,ziyadnz|hourly,2026-08-17T18:48:05Z,2026-08-17T18:48:05Z,
185.242.226.108,ipv4,malicious-ip,medium,WHITE,ziyadnz/hourly-ipv4,ziyadnz|hourly,2026-08-17T18:48:05Z,2026-08-17T18:48:05Z,
185.242.226.11,ipv4,malicious-ip,medium,WHITE,ziyadnz/hourly-ipv4,ziyadnz|hourly,2026-08-17T18:48:05Z,2026-08-17T18:48:05Z,
185.242.226.110,ipv4,malicious-ip,medium,WHITE,ziyadnz/hourly-ipv4,ziyadnz|hourly,2026-08-17T18:48:05Z,2026-08-17T18:48:05Z,
185.242.226.113,ipv4,malicious-ip,medium,WHITE,ziyadnz/hourly-ipv4,ziyadnz|hourly,2026-08-17T18:48:05Z,2026-08-17T18:48:05Z,
185.242.226.114,ipv4,malicious-ip,medium,WHITE,ziyadnz/hourly-ipv4,ziyadnz|hourly,2026-08-17T18:48:05Z,2026-08-17T18:48:05Z,
185.242.226.126,ipv4,malicious-ip,medium,WHITE,ziyadnz/hourly-ipv4,ziyadnz|hourly,2026-08-17T18:48:05Z,2026-08-17T18:48:05Z,
185.242.226.15,ipv4,malicious-ip,medium,WHITE,ziyadnz/hourly-ipv4,ziyadnz|hourly,2026-08-17T18:48:05Z,2026-08-17T18:48:05Z,
185.242.226.166,ipv4,malicious-ip,medium,WHITE,ziyadnz/hourly-ipv4,ziyadnz|hourly,2026-08-17T18:48:05Z,2026-08-17T18:48:05Z,
185.242.226.18,ipv4,malicious-ip,medium,WHITE,ziyadnz/hourly-ipv4,ziyadnz|hourly,2026-08-17T18:48:05Z,2026-08-17T18:48:05Z,
185.242.226.19,ipv4,malicious-ip,medium,WHITE,ziyadnz/hourly-ipv4,ziyadnz|hourly,2026-08-17T18:48:05Z,2026-08-17T18:48:05Z,
185.242.226.33,ipv4,malicious-ip,medium,WHITE,ziyadnz/hourly-ipv4,ziyadnz|hourly,2026-08-17T18:48:05Z,2026-08-17T18:48:05Z,
185.242.226.36,ipv4,malicious-ip,medium,WHITE,ziyadnz/hourly-ipv4,ziyadnz|hourly,2026-08-17T18:48:05Z,2026-08-17T18:48:05Z,
185.242.226.58,ipv4,malicious-ip,medium,WHITE,ziyadnz/hourly-ipv4,ziyadnz|hourly,2026-08-17T18:48:05Z,2026-08-17T18:48:05Z,
185.242.226.59,ipv4,malicious-ip,medium,WHITE,ziyadnz/hourly-ipv4,ziyadnz|hourly,2026-08-17T18:48:05Z,2026-08-17T18:48:05Z,
185.242.226.60,ipv4,malicious-ip,medium,WHITE,ziyadnz/hourly-ipv4,ziyadnz|hourly,2026-08-17T18:48:05Z,2026-08-17T18:48:05Z,
185.242.226.61,ipv4,malicious-ip,medium,WHITE,ziyadnz/hourly-ipv4,ziyadnz|hourly,2026-08-17T18:48:05Z,2026-08-17T18:48:05Z,
185.242.226.62,ipv4,malicious-ip,medium,WHITE,ziyadnz/hourly-ipv4,ziyadnz|hourly,2026-08-17T18:48:05Z,2026-08-17T18:48:05Z,
185.242.226.63,ipv4,malicious-ip,medium,WHITE,ziyadnz/hourly-ipv4,ziyadnz|hourly,2026-08-17T18:48:05Z,2026-08-17T18:48:05Z,
185.242.226.65,ipv4,malicious-ip,medium,WHITE,ziyadnz/hourly-ipv4,ziyadnz|hourly,2026-08-17T18:48:05Z,2026-08-17T18:48:05Z,
185.242.226.66,ipv4,malicious-ip,medium,WHITE,ziyadnz/hourly-ipv4,ziyadnz|hourly,2026-08-17T18:48:05Z,2026-08-17T18:48:05Z,
185.242.226.67,ipv4,malicious-ip,medium,WHITE,ziyadnz/hourly-ipv4,ziyadnz|hourly,2026-08-17T18:48:05Z,2026-08-17T18:48:05Z,
185.242.226.68,ipv4,malicious-ip,medium,WHITE,ziyadnz/hourly-ipv4,ziyadnz|hourly,2026-08-17T18:48:05Z,2026-08-17T18:48:05Z,
185.242.226.70,ipv4,malicious-ip,medium,WHITE,ziyadnz/hourly-ipv4,ziyadnz|hourly,2026-08-17T18:48:05Z,2026-08-17T18:48:05Z,
185.242.226.71,ipv4,malicious-ip,medium,WHITE,ziyadnz/hourly-ipv4,ziyadnz|hourly,2026-08-17T18:48:05Z,2026-08-17T18:48:05Z,
185.242.226.72,ipv4,malicious-ip,medium,WHITE,ziyadnz/hourly-ipv4,ziyadnz|hourly,2026-08-17T18:48:05Z,2026-08-17T18:48:05Z,
185.242.226.73,ipv4,malicious-ip,medium,WHITE,ziyadnz/hourly-ipv4,ziyadnz|hourly,2026-08-17T18:48:05Z,2026-08-17T18:48:05Z,
185.242.226.74,ipv4,malicious-ip,medium,WHITE,ziyadnz/hourly-ipv4,ziyadnz|hourly,2026-08-17T18:48:05Z,2026-08-17T18:48:05Z,
185.242.226.8,ipv4,malicious-ip,medium,WHITE,ziyadnz/hourly-ipv4,ziyadnz|hourly,2026-08-17T18:48:05Z,2026-08-17T18:48:05Z,
185.242.226.80,ipv4,malicious-ip,medium,WHITE,ziyadnz/hourly-ipv4,ziyadnz|hourly,2026-08-17T18:48:05Z,2026-08-17T18:48:05Z,
185.242.226.81,ipv4,malicious-ip,medium,WHITE,ziyadnz/hourly-ipv4,ziyadnz|hourly,2026-08-17T18:48:05Z,2026-08-17T18:48:05Z,
185.242.226.85,ipv4,malicious-ip,medium,WHITE,ziyadnz/hourly-ipv4,ziyadnz|hourly,2026-08-17T18:48:05Z,2026-08-17T18:48:05Z,
185.242.226.87,ipv4,malicious-ip,medium,WHITE,ziyadnz/hourly-ipv4,ziyadnz|hourly,2026-08-17T18:48:05Z,2026-08-17T18:48:05Z,
185.242.226.9,ipv4,malicious-ip,medium,WHITE,ziyadnz/hourly-ipv4,ziyadnz|hourly,2026-08-17T18:48:05Z,2026-08-17T18:48:05Z,
185.242.226.90,ipv4,malicious-ip,medium,WHITE,ziyadnz/hourly-ipv4,ziyadnz|hourly,2026-08-17T18:48:05Z,2026-08-17T18:48:05Z,
185.242.226.91,ipv4,malicious-ip,medium,WHITE,ziyadnz/hourly-ipv4,ziyadnz|hourly,2026-08-17T18:48:05Z,2026-08-17T18:48:05Z,
185.242.226.92,ipv4,malicious-ip,medium,WHITE,ziyadnz/hourly-ipv4,ziyadnz|hourly,2026-08-17T18:48:05Z,2026-08-17T18:48:05Z,
185.242.226.93,ipv4,malicious-ip,medium,WHITE,ziyadnz/hourly-ipv4,ziyadnz|hourly,2026-08-17T18:48:05Z,2026-08-17T18:48:05Z,
185.242.226.95,ipv4,malicious-ip,medium,WHITE,ziyadnz/hourly-ipv4,ziyadnz|hourly,2026-08-17T18:48:05Z,2026-08-17T18:48:05Z,
185.242.226.97,ipv4,malicious-ip,medium,WHITE,ziyadnz/hourly-ipv4,ziyadnz|hourly,2026-08-17T18:48:05Z,2026-08-17T18:48:05Z,
185.242.232.164,ipv4,malicious-ip,medium,WHITE,ziyadnz/hourly-ipv4,ziyadnz|hourly,2026-08-17T18:48:05Z,2026-08-17T18:48:05Z,
185.242.234.173,ipv4,malicious-ip,medium,WHITE,ziyadnz/hourly-ipv4,ziyadnz|hourly,2026-08-17T18:48:05Z,2026-08-17T18:48:05Z,
185.242.235.221,ipv4,malicious-ip,medium,WHITE,ziyadnz/hourly-ipv4,ziyadnz|hourly,2026-08-17T18:48:05Z,2026-08-17T18:48:05Z,
185.242.3.0,ipv4,malicious-ip,medium,WHITE,ziyadnz/hourly-ipv4,ziyadnz|hourly,2026-08-17T18:48:05Z,2026-08-17T18:48:05Z,
185.242.3.110,ipv4,malicious-ip,medium,WHITE,ziyadnz/hourly-ipv4,ziyadnz|hourly,2026-08-17T18:48:05Z,2026-08-17T18:48:05Z,
185.242.3.111,ipv4,malicious-ip,medium,WHITE,ziyadnz/hourly-ipv4,ziyadnz|hourly,2026-08-17T18:48:05Z,2026-08-17T18:48:05Z,
185.242.3.115,ipv4,malicious-ip,medium,WHITE,ziyadnz/hourly-ipv4,ziyadnz|hourly,2026-08-17T18:48:05Z,2026-08-17T18:48:05Z,
185.242.3.121,ipv4,malicious-ip,medium,WHITE,ziyadnz/hourly-ipv4,ziyadnz|hourly,2026-08-17T18:48:05Z,2026-08-17T18:48:05Z,
185.242.3.129,ipv4,malicious-ip,medium,WHITE,ziyadnz/hourly-ipv4,ziyadnz|hourly,2026-08-17T18:48:05Z,2026-08-17T18:48:05Z,
185.242.3.151,ipv4,malicious-ip,medium,WHITE,ziyadnz/hourly-ipv4,ziyadnz|hourly,2026-08-17T18:48:05Z,2026-08-17T18:48:05Z,
185.242.3.167,ipv4,malicious-ip,medium,WHITE,ziyadnz/hourly-ipv4,ziyadnz|hourly,2026-08-17T18:48:05Z,2026-08-17T18:48:05Z,
185.242.3.179,ipv4,malicious-ip,medium,WHITE,ziyadnz/hourly-ipv4,ziyadnz|hourly,2026-08-17T18:48:05Z,2026-08-17T18:48:05Z,
185.242.3.189,ipv4,malicious-ip,medium,WHITE,ziyadnz/hourly-ipv4,ziyadnz|hourly,2026-08-17T18:48:05Z,2026-08-17T18:48:05Z,
185.242.3.191,ipv4,malicious-ip,medium,WHITE,ziyadnz/hourly-ipv4,ziyadnz|hourly,2026-08-17T18:48:05Z,2026-08-17T18:48:05Z,
185.242.3.192,ipv4,malicious-ip,medium,WHITE,ziyadnz/hourly-ipv4,ziyadnz|hourly,2026-08-17T18:48:05Z,2026-08-17T18:48:05Z,
185.242.3.198,ipv4,malicious-ip,medium,WHITE,ziyadnz/hourly-ipv4,ziyadnz|hourly,2026-08-17T18:48:05Z,2026-08-17T18:48:05Z,
185.242.3.22,ipv4,malicious-ip,medium,WHITE,ziyadnz/hourly-ipv4,ziyadnz|hourly,2026-08-17T18:48:05Z,2026-08-17T18:48:05Z,
185.242.3.226,ipv4,malicious-ip,medium,WHITE,ziyadnz/hourly-ipv4,ziyadnz|hourly,2026-08-17T18:48:05Z,2026-08-17T18:48:05Z,
185.242.3.229,ipv4,malicious-ip,medium,WHITE,ziyadnz/hourly-ipv4,ziyadnz|hourly,2026-08-17T18:48:05Z,2026-08-17T18:48:05Z,
185.242.3.234,ipv4,malicious-ip,medium,WHITE,ziyadnz/hourly-ipv4,ziyadnz|hourly,2026-08-17T18:48:05Z,2026-08-17T18:48:05Z,
185.242.3.238,ipv4,malicious-ip,medium,WHITE,ziyadnz/hourly-ipv4,ziyadnz|hourly,2026-08-17T18:48:05Z,2026-08-17T18:48:05Z,
185.242.3.58,ipv4,malicious-ip,medium,WHITE,ziyadnz/hourly-ipv4,ziyadnz|hourly,2026-08-17T18:48:05Z,2026-08-17T18:48:05Z,
185.242.3.59,ipv4,malicious-ip,medium,WHITE,ziyadnz/hourly-ipv4,ziyadnz|hourly,2026-08-17T18:48:05Z,2026-08-17T18:48:05Z,
185.242.3.74,ipv4,malicious-ip,medium,WHITE,ziyadnz/hourly-ipv4,ziyadnz|hourly,2026-08-17T18:48:05Z,2026-08-17T18:48:05Z,
185.242.3.80,ipv4,malicious-ip,medium,WHITE,ziyadnz/hourly-ipv4,ziyadnz|hourly,2026-08-17T18:48:05Z,2026-08-17T18:48:05Z,
185.242.3.85,ipv4,malicious-ip,medium,WHITE,ziyadnz/hourly-ipv4,ziyadnz|hourly,2026-08-17T18:48:05Z,2026-08-17T18:48:05Z,
185.242.3.98,ipv4,malicious-ip,medium,WHITE,ziyadnz/hourly-ipv4,ziyadnz|hourly,2026-08-17T18:48:05Z,2026-08-17T18:48:05Z,
185.242.84.24,ipv4,malicious-ip,medium,WHITE,ziyadnz/hourly-ipv4,ziyadnz|hourly,2026-08-17T18:48:05Z,2026-08-17T18:48:05Z,
185.242.85.124,ipv4,malicious-ip,medium,WHITE,ziyadnz/hourly-ipv4,ziyadnz|hourly,2026-08-17T18:48:05Z,2026-08-17T18:48:05Z,
185.242.87.149,ipv4,malicious-ip,medium,WHITE,ziyadnz/hourly-ipv4,ziyadnz|hourly,2026-08-17T18:48:05Z,2026-08-17T18:48:05Z,
185.243.11.73,ipv4,malicious-ip,medium,WHITE,ziyadnz/hourly-ipv4,ziyadnz|hourly,2026-08-17T18:48:05Z,2026-08-17T18:48:05Z,
185.243.112.223,ipv4,malicious-ip,medium,WHITE,ziyadnz/hourly-ipv4,ziyadnz|hourly,2026-08-17T18:48:05Z,2026-08-17T18:48:05Z,
185.243.112.60,ipv4,malicious-ip,medium,WHITE,ziyadnz/hourly-ipv4,ziyadnz|hourly,2026-08-17T18:48:05Z,2026-08-17T18:48:05Z,
185.243.113.39,ipv4,malicious-ip,medium,WHITE,ziyadnz/hourly-ipv4,ziyadnz|hourly,2026-08-17T18:48:05Z,2026-08-17T18:48:05Z,
185.243.113.47,ipv4,malicious-ip,medium,WHITE,ziyadnz/hourly-ipv4,ziyadnz|hourly,2026-08-17T18:48:05Z,2026-08-17T18:48:05Z,
185.243.115.88,ipv4,malicious-ip,medium,WHITE,ziyadnz/hourly-ipv4,ziyadnz|hourly,2026-08-17T18:48:05Z,2026-08-17T18:48:05Z,
185.243.181.214,ipv4,malicious-ip,medium,WHITE,ziyadnz/hourly-ipv4,ziyadnz|hourly,2026-08-17T18:48:05Z,2026-08-17T18:48:05Z,
185.243.208.171,ipv4,malicious-ip,medium,WHITE,ziyadnz/hourly-ipv4,ziyadnz|hourly,2026-08-17T18:48:05Z,2026-08-17T18:48:05Z,
185.243.218.225,ipv4,malicious-ip,medium,WHITE,ziyadnz/hourly-ipv4,ziyadnz|hourly,2026-08-17T18:48:05Z,2026-08-17T18:48:05Z,
185.243.218.226,ipv4,malicious-ip,medium,WHITE,ziyadnz/hourly-ipv4,ziyadnz|hourly,2026-08-17T18:48:05Z,2026-08-17T18:48:05Z,
185.243.218.229,ipv4,malicious-ip,medium,WHITE,ziyadnz/hourly-ipv4,ziyadnz|hourly,2026-08-17T18:48:05Z,2026-08-17T18:48:05Z,
185.243.218.230,ipv4,malicious-ip,medium,WHITE,ziyadnz/hourly-ipv4,ziyadnz|hourly,2026-08-17T18:48:05Z,2026-08-17T18:48:05Z,
185.243.218.231,ipv4,malicious-ip,medium,WHITE,ziyadnz/hourly-ipv4,ziyadnz|hourly,2026-08-17T18:48:05Z,2026-08-17T18:48:05Z,
185.243.218.232,ipv4,malicious-ip,medium,WHITE,ziyadnz/hourly-ipv4,ziyadnz|hourly,2026-08-17T18:48:05Z,2026-08-17T18:48:05Z,
185.243.218.233,ipv4,malicious-ip,medium,WHITE,ziyadnz/hourly-ipv4,ziyadnz|hourly,2026-08-17T18:48:05Z,2026-08-17T18:48:05Z,
185.243.25.200,ipv4,malicious-ip,medium,WHITE,ziyadnz/hourly-ipv4,ziyadnz|hourly,2026-08-17T18:48:05Z,2026-08-17T18:48:05Z,
185.243.41.139,ipv4,malicious-ip,medium,WHITE,ziyadnz/hourly-ipv4,ziyadnz|hourly,2026-08-17T18:48:05Z,2026-08-17T18:48:05Z,
185.243.43.197,ipv4,malicious-ip,medium,WHITE,ziyadnz/hourly-ipv4,ziyadnz|hourly,2026-08-17T18:48:05Z,2026-08-17T18:48:05Z,
185.243.43.202,ipv4,malicious-ip,medium,WHITE,ziyadnz/hourly-ipv4,ziyadnz|hourly,2026-08-17T18:48:05Z,2026-08-17T18:48:05Z,
185.243.5.0,ipv4,malicious-ip,medium,WHITE,ziyadnz/hourly-ipv4,ziyadnz|hourly,2026-08-17T18:48:05Z,2026-08-17T18:48:05Z,
185.243.5.219,ipv4,malicious-ip,medium,WHITE,ziyadnz/hourly-ipv4,ziyadnz|hourly,2026-08-17T18:48:05Z,2026-08-17T18:48:05Z,
185.243.5.235,ipv4,malicious-ip,medium,WHITE,ziyadnz/hourly-ipv4,ziyadnz|hourly,2026-08-17T18:48:05Z,2026-08-17T18:48:05Z,
185.243.5.47,ipv4,malicious-ip,medium,WHITE,ziyadnz/hourly-ipv4,ziyadnz|hourly,2026-08-17T18:48:05Z,2026-08-17T18:48:05Z,
185.243.99.232,ipv4,malicious-ip,medium,WHITE,ziyadnz/hourly-ipv4,ziyadnz|hourly,2026-08-17T18:48:05Z,2026-08-17T18:48:05Z,
185.244.129.79,ipv4,malicious-ip,medium,WHITE,ziyadnz/hourly-ipv4,ziyadnz|hourly,2026-08-17T18:48:05Z,2026-08-17T18:48:05Z,
185.244.141.241,ipv4,malicious-ip,medium,WHITE,ziyadnz/hourly-ipv4,ziyadnz|hourly,2026-08-17T18:48:05Z,2026-08-17T18:48:05Z,
185.244.180.169,ipv4,malicious-ip,medium,WHITE,ziyadnz/hourly-ipv4,ziyadnz|hourly,2026-08-17T18:48:05Z,2026-08-17T18:48:05Z,
185.244.192.175,ipv4,malicious-ip,medium,WHITE,ziyadnz/hourly-ipv4,ziyadnz|hourly,2026-08-17T18:48:05Z,2026-08-17T18:48:05Z,
185.244.192.184,ipv4,malicious-ip,medium,WHITE,ziyadnz/hourly-ipv4,ziyadnz|hourly,2026-08-17T18:48:05Z,2026-08-17T18:48:05Z,
185.244.25.135,ipv4,malicious-ip,medium,WHITE,ziyadnz/hourly-ipv4,ziyadnz|hourly,2026-08-17T18:48:05Z,2026-08-17T18:48:05Z,
185.244.30.184,ipv4,malicious-ip,medium,WHITE,ziyadnz/hourly-ipv4,ziyadnz|hourly,2026-08-17T18:48:05Z,2026-08-17T18:48:05Z,
185.244.36.236,ipv4,malicious-ip,medium,WHITE,ziyadnz/hourly-ipv4,ziyadnz|hourly,2026-08-17T18:48:05Z,2026-08-17T18:48:05Z,
185.244.39.105,ipv4,malicious-ip,medium,WHITE,ziyadnz/hourly-ipv4,ziyadnz|hourly,2026-08-17T18:48:05Z,2026-08-17T18:48:05Z,
185.245.184.230,ipv4,malicious-ip,medium,WHITE,ziyadnz/hourly-ipv4,ziyadnz|hourly,2026-08-17T18:48:05Z,2026-08-17T18:48:05Z,
185.245.82.81,ipv4,malicious-ip,medium,WHITE,ziyadnz/hourly-ipv4,ziyadnz|hourly,2026-08-17T18:48:05Z,2026-08-17T18:48:05Z,
185.246.113.163,ipv4,malicious-ip,medium,WHITE,ziyadnz/hourly-ipv4,ziyadnz|hourly,2026-08-17T18:48:05Z,2026-08-17T18:48:05Z,
185.246.113.240,ipv4,malicious-ip,medium,WHITE,ziyadnz/hourly-ipv4,ziyadnz|hourly,2026-08-17T18:48:05Z,2026-08-17T18:48:05Z,
185.246.128.161,ipv4,malicious-ip,medium,WHITE,ziyadnz/hourly-ipv4,ziyadnz|hourly,2026-08-17T18:48:05Z,2026-08-17T18:48:05Z,
185.246.128.171,ipv4,malicious-ip,medium,WHITE,ziyadnz/hourly-ipv4,ziyadnz|hourly,2026-08-17T18:48:05Z,2026-08-17T18:48:05Z,
185.246.128.181,ipv4,malicious-ip,medium,WHITE,ziyadnz/hourly-ipv4,ziyadnz|hourly,2026-08-17T18:48:05Z,2026-08-17T18:48:05Z,
185.246.128.192,ipv4,malicious-ip,medium,WHITE,ziyadnz/hourly-ipv4,ziyadnz|hourly,2026-08-17T18:48:05Z,2026-08-17T18:48:05Z,
185.246.128.25,ipv4,malicious-ip,medium,WHITE,ziyadnz/hourly-ipv4,ziyadnz|hourly,2026-08-17T18:48:05Z,2026-08-17T18:48:05Z,
185.246.188.149,ipv4,malicious-ip,medium,WHITE,ziyadnz/hourly-ipv4,ziyadnz|hourly,2026-08-17T18:48:05Z,2026-08-17T18:48:05Z,
185.246.188.60,ipv4,malicious-ip,medium,WHITE,ziyadnz/hourly-ipv4,ziyadnz|hourly,2026-08-17T18:48:05Z,2026-08-17T18:48:05Z,
185.246.188.67,ipv4,malicious-ip,medium,WHITE,ziyadnz/hourly-ipv4,ziyadnz|hourly,2026-08-17T18:48:05Z,2026-08-17T18:48:05Z,
185.246.188.73,ipv4,malicious-ip,medium,WHITE,ziyadnz/hourly-ipv4,ziyadnz|hourly,2026-08-17T18:48:05Z,2026-08-17T18:48:05Z,
185.246.188.74,ipv4,malicious-ip,medium,WHITE,ziyadnz/hourly-ipv4,ziyadnz|hourly,2026-08-17T18:48:05Z,2026-08-17T18:48:05Z,
185.246.190.136,ipv4,malicious-ip,medium,WHITE,ziyadnz/hourly-ipv4,ziyadnz|hourly,2026-08-17T18:48:05Z,2026-08-17T18:48:05Z,
185.246.190.137,ipv4,malicious-ip,medium,WHITE,ziyadnz/hourly-ipv4,ziyadnz|hourly,2026-08-17T18:48:05Z,2026-08-17T18:48:05Z,
185.246.190.83,ipv4,malicious-ip,medium,WHITE,ziyadnz/hourly-ipv4,ziyadnz|hourly,2026-08-17T18:48:05Z,2026-08-17T18:48:05Z,
185.246.191.53,ipv4,malicious-ip,medium,WHITE,ziyadnz/hourly-ipv4,ziyadnz|hourly,2026-08-17T18:48:05Z,2026-08-17T18:48:05Z,
185.246.220.60,ipv4,malicious-ip,medium,WHITE,ziyadnz/hourly-ipv4,ziyadnz|hourly,2026-08-17T18:48:05Z,2026-08-17T18:48:05Z,
185.246.220.63,ipv4,malicious-ip,medium,WHITE,ziyadnz/hourly-ipv4,ziyadnz|hourly,2026-08-17T18:48:05Z,2026-08-17T18:48:05Z,
185.246.220.85,ipv4,malicious-ip,medium,WHITE,ziyadnz/hourly-ipv4,ziyadnz|hourly,2026-08-17T18:48:05Z,2026-08-17T18:48:05Z,
185.246.221.126,ipv4,malicious-ip,medium,WHITE,ziyadnz/hourly-ipv4,ziyadnz|hourly,2026-08-17T18:48:05Z,2026-08-17T18:48:05Z,
185.246.223.75,ipv4,malicious-ip,medium,WHITE,ziyadnz/hourly-ipv4,ziyadnz|hourly,2026-08-17T18:48:05Z,2026-08-17T18:48:05Z,
185.246.84.179,ipv4,malicious-ip,medium,WHITE,ziyadnz/hourly-ipv4,ziyadnz|hourly,2026-08-17T18:48:05Z,2026-08-17T18:48:05Z,
185.247.137.0,ipv4,malicious-ip,medium,WHITE,ziyadnz/hourly-ipv4,ziyadnz|hourly,2026-08-17T18:48:05Z,2026-08-17T18:48:05Z,
185.247.137.10,ipv4,malicious-ip,medium,WHITE,ziyadnz/hourly-ipv4,ziyadnz|hourly,2026-08-17T18:48:05Z,2026-08-17T18:48:05Z,
185.247.137.101,ipv4,malicious-ip,medium,WHITE,ziyadnz/hourly-ipv4,ziyadnz|hourly,2026-08-17T18:48:05Z,2026-08-17T18:48:05Z,
185.247.137.102,ipv4,malicious-ip,medium,WHITE,ziyadnz/hourly-ipv4,ziyadnz|hourly,2026-08-17T18:48:05Z,2026-08-17T18:48:05Z,
185.247.137.103,ipv4,malicious-ip,medium,WHITE,ziyadnz/hourly-ipv4,ziyadnz|hourly,2026-08-17T18:48:05Z,2026-08-17T18:48:05Z,
185.247.137.105,ipv4,malicious-ip,medium,WHITE,ziyadnz/hourly-ipv4,ziyadnz|hourly,2026-08-17T18:48:05Z,2026-08-17T18:48:05Z,
185.247.137.106,ipv4,malicious-ip,medium,WHITE,ziyadnz/hourly-ipv4,ziyadnz|hourly,2026-08-17T18:48:05Z,2026-08-17T18:48:05Z,
185.247.137.109,ipv4,malicious-ip,medium,WHITE,ziyadnz/hourly-ipv4,ziyadnz|hourly,2026-08-17T18:48:05Z,2026-08-17T18:48:05Z,
185.247.137.11,ipv4,malicious-ip,medium,WHITE,ziyadnz/hourly-ipv4,ziyadnz|hourly,2026-08-17T18:48:05Z,2026-08-17T18:48:05Z,
185.247.137.110,ipv4,malicious-ip,medium,WHITE,ziyadnz/hourly-ipv4,ziyadnz|hourly,2026-08-17T18:48:05Z,2026-08-17T18:48:05Z,
185.247.137.111,ipv4,malicious-ip,medium,WHITE,ziyadnz/hourly-ipv4,ziyadnz|hourly,2026-08-17T18:48:05Z,2026-08-17T18:48:05Z,
185.247.137.112,ipv4,malicious-ip,medium,WHITE,ziyadnz/hourly-ipv4,ziyadnz|hourly,2026-08-17T18:48:05Z,2026-08-17T18:48:05Z,
185.247.137.113,ipv4,malicious-ip,medium,WHITE,ziyadnz/hourly-ipv4,ziyadnz|hourly,2026-08-17T18:48:05Z,2026-08-17T18:48:05Z,
185.247.137.114,ipv4,malicious-ip,medium,WHITE,ziyadnz/hourly-ipv4,ziyadnz|hourly,2026-08-17T18:48:05Z,2026-08-17T18:48:05Z,
185.247.137.115,ipv4,malicious-ip,medium,WHITE,ziyadnz/hourly-ipv4,ziyadnz|hourly,2026-08-17T18:48:05Z,2026-08-17T18:48:05Z,
185.247.137.116,ipv4,malicious-ip,medium,WHITE,ziyadnz/hourly-ipv4,ziyadnz|hourly,2026-08-17T18:48:05Z,2026-08-17T18:48:05Z,
185.247.137.117,ipv4,malicious-ip,medium,WHITE,ziyadnz/hourly-ipv4,ziyadnz|hourly,2026-08-17T18:48:05Z,2026-08-17T18:48:05Z,
185.247.137.118,ipv4,malicious-ip,medium,WHITE,ziyadnz/hourly-ipv4,ziyadnz|hourly,2026-08-17T18:48:05Z,2026-08-17T18:48:05Z,
185.247.137.119,ipv4,malicious-ip,medium,WHITE,ziyadnz/hourly-ipv4,ziyadnz|hourly,2026-08-17T18:48:05Z,2026-08-17T18:48:05Z,
185.247.137.12,ipv4,malicious-ip,medium,WHITE,ziyadnz/hourly-ipv4,ziyadnz|hourly,2026-08-17T18:48:05Z,2026-08-17T18:48:05Z,
185.247.137.120,ipv4,malicious-ip,medium,WHITE,ziyadnz/hourly-ipv4,ziyadnz|hourly,2026-08-17T18:48:05Z,2026-08-17T18:48:05Z,
185.247.137.121,ipv4,malicious-ip,medium,WHITE,ziyadnz/hourly-ipv4,ziyadnz|hourly,2026-08-17T18:48:05Z,2026-08-17T18:48:05Z,
185.247.137.122,ipv4,malicious-ip,medium,WHITE,ziyadnz/hourly-ipv4,ziyadnz|hourly,2026-08-17T18:48:05Z,2026-08-17T18:48:05Z,
185.247.137.123,ipv4,malicious-ip,medium,WHITE,ziyadnz/hourly-ipv4,ziyadnz|hourly,2026-08-17T18:48:05Z,2026-08-17T18:48:05Z,
185.247.137.125,ipv4,malicious-ip,medium,WHITE,ziyadnz/hourly-ipv4,ziyadnz|hourly,2026-08-17T18:48:05Z,2026-08-17T18:48:05Z,
185.247.137.126,ipv4,malicious-ip,medium,WHITE,ziyadnz/hourly-ipv4,ziyadnz|hourly,2026-08-17T18:48:05Z,2026-08-17T18:48:05Z,
185.247.137.127,ipv4,malicious-ip,medium,WHITE,ziyadnz/hourly-ipv4,ziyadnz|hourly,2026-08-17T18:48:05Z,2026-08-17T18:48:05Z,
185.247.137.128,ipv4,malicious-ip,medium,WHITE,ziyadnz/hourly-ipv4,ziyadnz|hourly,2026-08-17T18:48:05Z,2026-08-17T18:48:05Z,
185.247.137.129,ipv4,malicious-ip,medium,WHITE,ziyadnz/hourly-ipv4,ziyadnz|hourly,2026-08-17T18:48:05Z,2026-08-17T18:48:05Z,
185.247.137.13,ipv4,malicious-ip,medium,WHITE,ziyadnz/hourly-ipv4,ziyadnz|hourly,2026-08-17T18:48:05Z,2026-08-17T18:48:05Z,
185.247.137.130,ipv4,malicious-ip,medium,WHITE,ziyadnz/hourly-ipv4,ziyadnz|hourly,2026-08-17T18:48:05Z,2026-08-17T18:48:05Z,
185.247.137.131,ipv4,malicious-ip,medium,WHITE,ziyadnz/hourly-ipv4,ziyadnz|hourly,2026-08-17T18:48:05Z,2026-08-17T18:48:05Z,
185.247.137.132,ipv4,malicious-ip,medium,WHITE,ziyadnz/hourly-ipv4,ziyadnz|hourly,2026-08-17T18:48:05Z,2026-08-17T18:48:05Z,
185.247.137.133,ipv4,malicious-ip,medium,WHITE,ziyadnz/hourly-ipv4,ziyadnz|hourly,2026-08-17T18:48:05Z,2026-08-17T18:48:05Z,
185.247.137.134,ipv4,malicious-ip,medium,WHITE,ziyadnz/hourly-ipv4,ziyadnz|hourly,2026-08-17T18:48:05Z,2026-08-17T18:48:05Z,
185.247.137.135,ipv4,malicious-ip,medium,WHITE,ziyadnz/hourly-ipv4,ziyadnz|hourly,2026-08-17T18:48:05Z,2026-08-17T18:48:05Z,
185.247.137.136,ipv4,malicious-ip,medium,WHITE,ziyadnz/hourly-ipv4,ziyadnz|hourly,2026-08-17T18:48:05Z,2026-08-17T18:48:05Z,
185.247.137.137,ipv4,malicious-ip,medium,WHITE,ziyadnz/hourly-ipv4,ziyadnz|hourly,2026-08-17T18:48:05Z,2026-08-17T18:48:05Z,
185.247.137.138,ipv4,malicious-ip,medium,WHITE,ziyadnz/hourly-ipv4,ziyadnz|hourly,2026-08-17T18:48:05Z,2026-08-17T18:48:05Z,
185.247.137.139,ipv4,malicious-ip,medium,WHITE,ziyadnz/hourly-ipv4,ziyadnz|hourly,2026-08-17T18:48:05Z,2026-08-17T18:48:05Z,
185.247.137.14,ipv4,malicious-ip,medium,WHITE,ziyadnz/hourly-ipv4,ziyadnz|hourly,2026-08-17T18:48:05Z,2026-08-17T18:48:05Z,
185.247.137.140,ipv4,malicious-ip,medium,WHITE,ziyadnz/hourly-ipv4,ziyadnz|hourly,2026-08-17T18:48:05Z,2026-08-17T18:48:05Z,
185.247.137.141,ipv4,malicious-ip,medium,WHITE,ziyadnz/hourly-ipv4,ziyadnz|hourly,2026-08-17T18:48:05Z,2026-08-17T18:48:05Z,
185.247.137.142,ipv4,malicious-ip,medium,WHITE,ziyadnz/hourly-ipv4,ziyadnz|hourly,2026-08-17T18:48:05Z,2026-08-17T18:48:05Z,
185.247.137.143,ipv4,malicious-ip,medium,WHITE,ziyadnz/hourly-ipv4,ziyadnz|hourly,2026-08-17T18:48:05Z,2026-08-17T18:48:05Z,
185.247.137.144,ipv4,malicious-ip,medium,WHITE,ziyadnz/hourly-ipv4,ziyadnz|hourly,2026-08-17T18:48:05Z,2026-08-17T18:48:05Z,
185.247.137.145,ipv4,malicious-ip,medium,WHITE,ziyadnz/hourly-ipv4,ziyadnz|hourly,2026-08-17T18:48:05Z,2026-08-17T18:48:05Z,
185.247.137.146,ipv4,malicious-ip,medium,WHITE,ziyadnz/hourly-ipv4,ziyadnz|hourly,2026-08-17T18:48:05Z,2026-08-17T18:48:05Z,
185.247.137.147,ipv4,malicious-ip,medium,WHITE,ziyadnz/hourly-ipv4,ziyadnz|hourly,2026-08-17T18:48:05Z,2026-08-17T18:48:05Z,
185.247.137.148,ipv4,malicious-ip,medium,WHITE,ziyadnz/hourly-ipv4,ziyadnz|hourly,2026-08-17T18:48:05Z,2026-08-17T18:48:05Z,
185.247.137.15,ipv4,malicious-ip,medium,WHITE,ziyadnz/hourly-ipv4,ziyadnz|hourly,2026-08-17T18:48:05Z,2026-08-17T18:48:05Z,
185.247.137.150,ipv4,malicious-ip,medium,WHITE,ziyadnz/hourly-ipv4,ziyadnz|hourly,2026-08-17T18:48:05Z,2026-08-17T18:48:05Z,
185.247.137.151,ipv4,malicious-ip,medium,WHITE,ziyadnz/hourly-ipv4,ziyadnz|hourly,2026-08-17T18:48:05Z,2026-08-17T18:48:05Z,
185.247.137.152,ipv4,malicious-ip,medium,WHITE,ziyadnz/hourly-ipv4,ziyadnz|hourly,2026-08-17T18:48:05Z,2026-08-17T18:48:05Z,
185.247.137.153,ipv4,malicious-ip,medium,WHITE,ziyadnz/hourly-ipv4,ziyadnz|hourly,2026-08-17T18:48:05Z,2026-08-17T18:48:05Z,
185.247.137.154,ipv4,malicious-ip,medium,WHITE,ziyadnz/hourly-ipv4,ziyadnz|hourly,2026-08-17T18:48:05Z,2026-08-17T18:48:05Z,
185.247.137.155,ipv4,malicious-ip,medium,WHITE,ziyadnz/hourly-ipv4,ziyadnz|hourly,2026-08-17T18:48:05Z,2026-08-17T18:48:05Z,
185.247.137.156,ipv4,malicious-ip,medium,WHITE,ziyadnz/hourly-ipv4,ziyadnz|hourly,2026-08-17T18:48:05Z,2026-08-17T18:48:05Z,
185.247.137.157,ipv4,malicious-ip,medium,WHITE,ziyadnz/hourly-ipv4,ziyadnz|hourly,2026-08-17T18:48:05Z,2026-08-17T18:48:05Z,
185.247.137.158,ipv4,malicious-ip,medium,WHITE,ziyadnz/hourly-ipv4,ziyadnz|hourly,2026-08-17T18:48:05Z,2026-08-17T18:48:05Z,
185.247.137.159,ipv4,malicious-ip,medium,WHITE,ziyadnz/hourly-ipv4,ziyadnz|hourly,2026-08-17T18:48:05Z,2026-08-17T18:48:05Z,
185.247.137.16,ipv4,malicious-ip,medium,WHITE,ziyadnz/hourly-ipv4,ziyadnz|hourly,2026-08-17T18:48:05Z,2026-08-17T18:48:05Z,
185.247.137.160,ipv4,malicious-ip,medium,WHITE,ziyadnz/hourly-ipv4,ziyadnz|hourly,2026-08-17T18:48:05Z,2026-08-17T18:48:05Z,
185.247.137.161,ipv4,malicious-ip,medium,WHITE,ziyadnz/hourly-ipv4,ziyadnz|hourly,2026-08-17T18:48:05Z,2026-08-17T18:48:05Z,
185.247.137.162,ipv4,malicious-ip,medium,WHITE,ziyadnz/hourly-ipv4,ziyadnz|hourly,2026-08-17T18:48:05Z,2026-08-17T18:48:05Z,
185.247.137.163,ipv4,malicious-ip,medium,WHITE,ziyadnz/hourly-ipv4,ziyadnz|hourly,2026-08-17T18:48:05Z,2026-08-17T18:48:05Z,
185.247.137.164,ipv4,malicious-ip,medium,WHITE,ziyadnz/hourly-ipv4,ziyadnz|hourly,2026-08-17T18:48:05Z,2026-08-17T18:48:05Z,
185.247.137.165,ipv4,malicious-ip,medium,WHITE,ziyadnz/hourly-ipv4,ziyadnz|hourly,2026-08-17T18:48:05Z,2026-08-17T18:48:05Z,
185.247.137.167,ipv4,malicious-ip,medium,WHITE,ziyadnz/hourly-ipv4,ziyadnz|hourly,2026-08-17T18:48:05Z,2026-08-17T18:48:05Z,
185.247.137.168,ipv4,malicious-ip,medium,WHITE,ziyadnz/hourly-ipv4,ziyadnz|hourly,2026-08-17T18:48:05Z,2026-08-17T18:48:05Z,
185.247.137.169,ipv4,malicious-ip,medium,WHITE,ziyadnz/hourly-ipv4,ziyadnz|hourly,2026-08-17T18:48:05Z,2026-08-17T18:48:05Z,
185.247.137.17,ipv4,malicious-ip,medium,WHITE,ziyadnz/hourly-ipv4,ziyadnz|hourly,2026-08-17T18:48:05Z,2026-08-17T18:48:05Z,
185.247.137.170,ipv4,malicious-ip,medium,WHITE,ziyadnz/hourly-ipv4,ziyadnz|hourly,2026-08-17T18:48:05Z,2026-08-17T18:48:05Z,
185.247.137.171,ipv4,malicious-ip,medium,WHITE,ziyadnz/hourly-ipv4,ziyadnz|hourly,2026-08-17T18:48:05Z,2026-08-17T18:48:05Z,
185.247.137.172,ipv4,malicious-ip,medium,WHITE,ziyadnz/hourly-ipv4,ziyadnz|hourly,2026-08-17T18:48:05Z,2026-08-17T18:48:05Z,
185.247.137.173,ipv4,malicious-ip,medium,WHITE,ziyadnz/hourly-ipv4,ziyadnz|hourly,2026-08-17T18:48:05Z,2026-08-17T18:48:05Z,
185.247.137.174,ipv4,malicious-ip,medium,WHITE,ziyadnz/hourly-ipv4,ziyadnz|hourly,2026-08-17T18:48:05Z,2026-08-17T18:48:05Z,
185.247.137.175,ipv4,malicious-ip,medium,WHITE,ziyadnz/hourly-ipv4,ziyadnz|hourly,2026-08-17T18:48:05Z,2026-08-17T18:48:05Z,
185.247.137.176,ipv4,malicious-ip,medium,WHITE,ziyadnz/hourly-ipv4,ziyadnz|hourly,2026-08-17T18:48:05Z,2026-08-17T18:48:05Z,
185.247.137.177,ipv4,malicious-ip,medium,WHITE,ziyadnz/hourly-ipv4,ziyadnz|hourly,2026-08-17T18:48:05Z,2026-08-17T18:48:05Z,
185.247.137.178,ipv4,malicious-ip,medium,WHITE,ziyadnz/hourly-ipv4,ziyadnz|hourly,2026-08-17T18:48:05Z,2026-08-17T18:48:05Z,
185.247.137.179,ipv4,malicious-ip,medium,WHITE,ziyadnz/hourly-ipv4,ziyadnz|hourly,2026-08-17T18:48:05Z,2026-08-17T18:48:05Z,
185.247.137.18,ipv4,malicious-ip,medium,WHITE,ziyadnz/hourly-ipv4,ziyadnz|hourly,2026-08-17T18:48:05Z,2026-08-17T18:48:05Z,
185.247.137.180,ipv4,malicious-ip,medium,WHITE,ziyadnz/hourly-ipv4,ziyadnz|hourly,2026-08-17T18:48:05Z,2026-08-17T18:48:05Z,
185.247.137.181,ipv4,malicious-ip,medium,WHITE,ziyadnz/hourly-ipv4,ziyadnz|hourly,2026-08-17T18:48:05Z,2026-08-17T18:48:05Z,
185.247.137.182,ipv4,malicious-ip,medium,WHITE,ziyadnz/hourly-ipv4,ziyadnz|hourly,2026-08-17T18:48:05Z,2026-08-17T18:48:05Z,
185.247.137.185,ipv4,malicious-ip,medium,WHITE,ziyadnz/hourly-ipv4,ziyadnz|hourly,2026-08-17T18:48:05Z,2026-08-17T18:48:05Z,
185.247.137.186,ipv4,malicious-ip,medium,WHITE,ziyadnz/hourly-ipv4,ziyadnz|hourly,2026-08-17T18:48:05Z,2026-08-17T18:48:05Z,
185.247.137.187,ipv4,malicious-ip,medium,WHITE,ziyadnz/hourly-ipv4,ziyadnz|hourly,2026-08-17T18:48:05Z,2026-08-17T18:48:05Z,
185.247.137.188,ipv4,malicious-ip,medium,WHITE,ziyadnz/hourly-ipv4,ziyadnz|hourly,2026-08-17T18:48:05Z,2026-08-17T18:48:05Z,
185.247.137.189,ipv4,malicious-ip,medium,WHITE,ziyadnz/hourly-ipv4,ziyadnz|hourly,2026-08-17T18:48:05Z,2026-08-17T18:48:05Z,
185.247.137.190,ipv4,malicious-ip,medium,WHITE,ziyadnz/hourly-ipv4,ziyadnz|hourly,2026-08-17T18:48:05Z,2026-08-17T18:48:05Z,
185.247.137.191,ipv4,malicious-ip,medium,WHITE,ziyadnz/hourly-ipv4,ziyadnz|hourly,2026-08-17T18:48:05Z,2026-08-17T18:48:05Z,
185.247.137.192,ipv4,malicious-ip,medium,WHITE,ziyadnz/hourly-ipv4,ziyadnz|hourly,2026-08-17T18:48:05Z,2026-08-17T18:48:05Z,
185.247.137.193,ipv4,malicious-ip,medium,WHITE,ziyadnz/hourly-ipv4,ziyadnz|hourly,2026-08-17T18:48:05Z,2026-08-17T18:48:05Z,
185.247.137.194,ipv4,malicious-ip,medium,WHITE,ziyadnz/hourly-ipv4,ziyadnz|hourly,2026-08-17T18:48:05Z,2026-08-17T18:48:05Z,
185.247.137.195,ipv4,malicious-ip,medium,WHITE,ziyadnz/hourly-ipv4,ziyadnz|hourly,2026-08-17T18:48:05Z,2026-08-17T18:48:05Z,
185.247.137.196,ipv4,malicious-ip,medium,WHITE,ziyadnz/hourly-ipv4,ziyadnz|hourly,2026-08-17T18:48:05Z,2026-08-17T18:48:05Z,
185.247.137.197,ipv4,malicious-ip,medium,WHITE,ziyadnz/hourly-ipv4,ziyadnz|hourly,2026-08-17T18:48:05Z,2026-08-17T18:48:05Z,
185.247.137.198,ipv4,malicious-ip,medium,WHITE,ziyadnz/hourly-ipv4,ziyadnz|hourly,2026-08-17T18:48:05Z,2026-08-17T18:48:05Z,
185.247.137.199,ipv4,malicious-ip,medium,WHITE,ziyadnz/hourly-ipv4,ziyadnz|hourly,2026-08-17T18:48:05Z,2026-08-17T18:48:05Z,
185.247.137.20,ipv4,malicious-ip,medium,WHITE,ziyadnz/hourly-ipv4,ziyadnz|hourly,2026-08-17T18:48:05Z,2026-08-17T18:48:05Z,
185.247.137.200,ipv4,malicious-ip,medium,WHITE,ziyadnz/hourly-ipv4,ziyadnz|hourly,2026-08-17T18:48:05Z,2026-08-17T18:48:05Z,
185.247.137.201,ipv4,malicious-ip,medium,WHITE,ziyadnz/hourly-ipv4,ziyadnz|hourly,2026-08-17T18:48:05Z,2026-08-17T18:48:05Z,
185.247.137.202,ipv4,malicious-ip,medium,WHITE,ziyadnz/hourly-ipv4,ziyadnz|hourly,2026-08-17T18:48:05Z,2026-08-17T18:48:05Z,
185.247.137.203,ipv4,malicious-ip,medium,WHITE,ziyadnz/hourly-ipv4,ziyadnz|hourly,2026-08-17T18:48:05Z,2026-08-17T18:48:05Z,
185.247.137.204,ipv4,malicious-ip,medium,WHITE,ziyadnz/hourly-ipv4,ziyadnz|hourly,2026-08-17T18:48:05Z,2026-08-17T18:48:05Z,
185.247.137.206,ipv4,malicious-ip,medium,WHITE,ziyadnz/hourly-ipv4,ziyadnz|hourly,2026-08-17T18:48:05Z,2026-08-17T18:48:05Z,
185.247.137.209,ipv4,malicious-ip,medium,WHITE,ziyadnz/hourly-ipv4,ziyadnz|hourly,2026-08-17T18:48:05Z,2026-08-17T18:48:05Z,
185.247.137.210,ipv4,malicious-ip,medium,WHITE,ziyadnz/hourly-ipv4,ziyadnz|hourly,2026-08-17T18:48:05Z,2026-08-17T18:48:05Z,
185.247.137.211,ipv4,malicious-ip,medium,WHITE,ziyadnz/hourly-ipv4,ziyadnz|hourly,2026-08-17T18:48:05Z,2026-08-17T18:48:05Z,
185.247.137.212,ipv4,malicious-ip,medium,WHITE,ziyadnz/hourly-ipv4,ziyadnz|hourly,2026-08-17T18:48:05Z,2026-08-17T18:48:05Z,
185.247.137.213,ipv4,malicious-ip,medium,WHITE,ziyadnz/hourly-ipv4,ziyadnz|hourly,2026-08-17T18:48:05Z,2026-08-17T18:48:05Z,
185.247.137.214,ipv4,malicious-ip,medium,WHITE,ziyadnz/hourly-ipv4,ziyadnz|hourly,2026-08-17T18:48:05Z,2026-08-17T18:48:05Z,
185.247.137.215,ipv4,malicious-ip,medium,WHITE,ziyadnz/hourly-ipv4,ziyadnz|hourly,2026-08-17T18:48:05Z,2026-08-17T18:48:05Z,
185.247.137.216,ipv4,malicious-ip,medium,WHITE,ziyadnz/hourly-ipv4,ziyadnz|hourly,2026-08-17T18:48:05Z,2026-08-17T18:48:05Z,
185.247.137.218,ipv4,malicious-ip,medium,WHITE,ziyadnz/hourly-ipv4,ziyadnz|hourly,2026-08-17T18:48:05Z,2026-08-17T18:48:05Z,
185.247.137.219,ipv4,malicious-ip,medium,WHITE,ziyadnz/hourly-ipv4,ziyadnz|hourly,2026-08-17T18:48:05Z,2026-08-17T18:48:05Z,
185.247.137.22,ipv4,malicious-ip,medium,WHITE,ziyadnz/hourly-ipv4,ziyadnz|hourly,2026-08-17T18:48:05Z,2026-08-17T18:48:05Z,
185.247.137.220,ipv4,malicious-ip,medium,WHITE,ziyadnz/hourly-ipv4,ziyadnz|hourly,2026-08-17T18:48:05Z,2026-08-17T18:48:05Z,
185.247.137.221,ipv4,malicious-ip,medium,WHITE,ziyadnz/hourly-ipv4,ziyadnz|hourly,2026-08-17T18:48:05Z,2026-08-17T18:48:05Z,
185.247.137.222,ipv4,malicious-ip,medium,WHITE,ziyadnz/hourly-ipv4,ziyadnz|hourly,2026-08-17T18:48:05Z,2026-08-17T18:48:05Z,
185.247.137.223,ipv4,malicious-ip,medium,WHITE,ziyadnz/hourly-ipv4,ziyadnz|hourly,2026-08-17T18:48:05Z,2026-08-17T18:48:05Z,
185.247.137.224,ipv4,malicious-ip,medium,WHITE,ziyadnz/hourly-ipv4,ziyadnz|hourly,2026-08-17T18:48:05Z,2026-08-17T18:48:05Z,
185.247.137.225,ipv4,malicious-ip,medium,WHITE,ziyadnz/hourly-ipv4,ziyadnz|hourly,2026-08-17T18:48:05Z,2026-08-17T18:48:05Z,
185.247.137.226,ipv4,malicious-ip,medium,WHITE,ziyadnz/hourly-ipv4,ziyadnz|hourly,2026-08-17T18:48:05Z,2026-08-17T18:48:05Z,
185.247.137.227,ipv4,malicious-ip,medium,WHITE,ziyadnz/hourly-ipv4,ziyadnz|hourly,2026-08-17T18:48:05Z,2026-08-17T18:48:05Z,
185.247.137.228,ipv4,malicious-ip,medium,WHITE,ziyadnz/hourly-ipv4,ziyadnz|hourly,2026-08-17T18:48:05Z,2026-08-17T18:48:05Z,
185.247.137.229,ipv4,malicious-ip,medium,WHITE,ziyadnz/hourly-ipv4,ziyadnz|hourly,2026-08-17T18:48:05Z,2026-08-17T18:48:05Z,
185.247.137.23,ipv4,malicious-ip,medium,WHITE,ziyadnz/hourly-ipv4,ziyadnz|hourly,2026-08-17T18:48:05Z,2026-08-17T18:48:05Z,
185.247.137.230,ipv4,malicious-ip,medium,WHITE,ziyadnz/hourly-ipv4,ziyadnz|hourly,2026-08-17T18:48:05Z,2026-08-17T18:48:05Z,
185.247.137.231,ipv4,malicious-ip,medium,WHITE,ziyadnz/hourly-ipv4,ziyadnz|hourly,2026-08-17T18:48:05Z,2026-08-17T18:48:05Z,
185.247.137.232,ipv4,malicious-ip,medium,WHITE,ziyadnz/hourly-ipv4,ziyadnz|hourly,2026-08-17T18:48:05Z,2026-08-17T18:48:05Z,
185.247.137.233,ipv4,malicious-ip,medium,WHITE,ziyadnz/hourly-ipv4,ziyadnz|hourly,2026-08-17T18:48:05Z,2026-08-17T18:48:05Z,
185.247.137.234,ipv4,malicious-ip,medium,WHITE,ziyadnz/hourly-ipv4,ziyadnz|hourly,2026-08-17T18:48:05Z,2026-08-17T18:48:05Z,
185.247.137.235,ipv4,malicious-ip,medium,WHITE,ziyadnz/hourly-ipv4,ziyadnz|hourly,2026-08-17T18:48:05Z,2026-08-17T18:48:05Z,
185.247.137.236,ipv4,malicious-ip,medium,WHITE,ziyadnz/hourly-ipv4,ziyadnz|hourly,2026-08-17T18:48:05Z,2026-08-17T18:48:05Z,
185.247.137.237,ipv4,malicious-ip,medium,WHITE,ziyadnz/hourly-ipv4,ziyadnz|hourly,2026-08-17T18:48:05Z,2026-08-17T18:48:05Z,
185.247.137.238,ipv4,malicious-ip,medium,WHITE,ziyadnz/hourly-ipv4,ziyadnz|hourly,2026-08-17T18:48:05Z,2026-08-17T18:48:05Z,
185.247.137.239,ipv4,malicious-ip,medium,WHITE,ziyadnz/hourly-ipv4,ziyadnz|hourly,2026-08-17T18:48:05Z,2026-08-17T18:48:05Z,
185.247.137.24,ipv4,malicious-ip,medium,WHITE,ziyadnz/hourly-ipv4,ziyadnz|hourly,2026-08-17T18:48:05Z,2026-08-17T18:48:05Z,
185.247.137.240,ipv4,malicious-ip,medium,WHITE,ziyadnz/hourly-ipv4,ziyadnz|hourly,2026-08-17T18:48:05Z,2026-08-17T18:48:05Z,
185.247.137.241,ipv4,malicious-ip,medium,WHITE,ziyadnz/hourly-ipv4,ziyadnz|hourly,2026-08-17T18:48:05Z,2026-08-17T18:48:05Z,
185.247.137.242,ipv4,malicious-ip,medium,WHITE,ziyadnz/hourly-ipv4,ziyadnz|hourly,2026-08-17T18:48:05Z,2026-08-17T18:48:05Z,
185.247.137.243,ipv4,malicious-ip,medium,WHITE,ziyadnz/hourly-ipv4,ziyadnz|hourly,2026-08-17T18:48:05Z,2026-08-17T18:48:05Z,
185.247.137.244,ipv4,malicious-ip,medium,WHITE,ziyadnz/hourly-ipv4,ziyadnz|hourly,2026-08-17T18:48:05Z,2026-08-17T18:48:05Z,
185.247.137.245,ipv4,malicious-ip,medium,WHITE,ziyadnz/hourly-ipv4,ziyadnz|hourly,2026-08-17T18:48:05Z,2026-08-17T18:48:05Z,
185.247.137.246,ipv4,malicious-ip,medium,WHITE,ziyadnz/hourly-ipv4,ziyadnz|hourly,2026-08-17T18:48:05Z,2026-08-17T18:48:05Z,
185.247.137.247,ipv4,malicious-ip,medium,WHITE,ziyadnz/hourly-ipv4,ziyadnz|hourly,2026-08-17T18:48:05Z,2026-08-17T18:48:05Z,
185.247.137.248,ipv4,malicious-ip,medium,WHITE,ziyadnz/hourly-ipv4,ziyadnz|hourly,2026-08-17T18:48:05Z,2026-08-17T18:48:05Z,
185.247.137.249,ipv4,malicious-ip,medium,WHITE,ziyadnz/hourly-ipv4,ziyadnz|hourly,2026-08-17T18:48:05Z,2026-08-17T18:48:05Z,
185.247.137.25,ipv4,malicious-ip,medium,WHITE,ziyadnz/hourly-ipv4,ziyadnz|hourly,2026-08-17T18:48:05Z,2026-08-17T18:48:05Z,
185.247.137.250,ipv4,malicious-ip,medium,WHITE,ziyadnz/hourly-ipv4,ziyadnz|hourly,2026-08-17T18:48:05Z,2026-08-17T18:48:05Z,
185.247.137.251,ipv4,malicious-ip,medium,WHITE,ziyadnz/hourly-ipv4,ziyadnz|hourly,2026-08-17T18:48:05Z,2026-08-17T18:48:05Z,
185.247.137.26,ipv4,malicious-ip,medium,WHITE,ziyadnz/hourly-ipv4,ziyadnz|hourly,2026-08-17T18:48:05Z,2026-08-17T18:48:05Z,
185.247.137.27,ipv4,malicious-ip,medium,WHITE,ziyadnz/hourly-ipv4,ziyadnz|hourly,2026-08-17T18:48:05Z,2026-08-17T18:48:05Z,
185.247.137.28,ipv4,malicious-ip,medium,WHITE,ziyadnz/hourly-ipv4,ziyadnz|hourly,2026-08-17T18:48:05Z,2026-08-17T18:48:05Z,
185.247.137.29,ipv4,malicious-ip,medium,WHITE,ziyadnz/hourly-ipv4,ziyadnz|hourly,2026-08-17T18:48:05Z,2026-08-17T18:48:05Z,
185.247.137.3,ipv4,malicious-ip,medium,WHITE,ziyadnz/hourly-ipv4,ziyadnz|hourly,2026-08-17T18:48:05Z,2026-08-17T18:48:05Z,
185.247.137.30,ipv4,malicious-ip,medium,WHITE,ziyadnz/hourly-ipv4,ziyadnz|hourly,2026-08-17T18:48:05Z,2026-08-17T18:48:05Z,
185.247.137.31,ipv4,malicious-ip,medium,WHITE,ziyadnz/hourly-ipv4,ziyadnz|hourly,2026-08-17T18:48:05Z,2026-08-17T18:48:05Z,
185.247.137.32,ipv4,malicious-ip,medium,WHITE,ziyadnz/hourly-ipv4,ziyadnz|hourly,2026-08-17T18:48:05Z,2026-08-17T18:48:05Z,
185.247.137.33,ipv4,malicious-ip,medium,WHITE,ziyadnz/hourly-ipv4,ziyadnz|hourly,2026-08-17T18:48:05Z,2026-08-17T18:48:05Z,
185.247.137.34,ipv4,malicious-ip,medium,WHITE,ziyadnz/hourly-ipv4,ziyadnz|hourly,2026-08-17T18:48:05Z,2026-08-17T18:48:05Z,
185.247.137.35,ipv4,malicious-ip,medium,WHITE,ziyadnz/hourly-ipv4,ziyadnz|hourly,2026-08-17T18:48:05Z,2026-08-17T18:48:05Z,
185.247.137.36,ipv4,malicious-ip,medium,WHITE,ziyadnz/hourly-ipv4,ziyadnz|hourly,2026-08-17T18:48:05Z,2026-08-17T18:48:05Z,
185.247.137.37,ipv4,malicious-ip,medium,WHITE,ziyadnz/hourly-ipv4,ziyadnz|hourly,2026-08-17T18:48:05Z,2026-08-17T18:48:05Z,
185.247.137.38,ipv4,malicious-ip,medium,WHITE,ziyadnz/hourly-ipv4,ziyadnz|hourly,2026-08-17T18:48:05Z,2026-08-17T18:48:05Z,
185.247.137.39,ipv4,malicious-ip,medium,WHITE,ziyadnz/hourly-ipv4,ziyadnz|hourly,2026-08-17T18:48:05Z,2026-08-17T18:48:05Z,
185.247.137.4,ipv4,malicious-ip,medium,WHITE,ziyadnz/hourly-ipv4,ziyadnz|hourly,2026-08-17T18:48:05Z,2026-08-17T18:48:05Z,
185.247.137.40,ipv4,malicious-ip,medium,WHITE,ziyadnz/hourly-ipv4,ziyadnz|hourly,2026-08-17T18:48:05Z,2026-08-17T18:48:05Z,
185.247.137.41,ipv4,malicious-ip,medium,WHITE,ziyadnz/hourly-ipv4,ziyadnz|hourly,2026-08-17T18:48:05Z,2026-08-17T18:48:05Z,
185.247.137.42,ipv4,malicious-ip,medium,WHITE,ziyadnz/hourly-ipv4,ziyadnz|hourly,2026-08-17T18:48:05Z,2026-08-17T18:48:05Z,
185.247.137.43,ipv4,malicious-ip,medium,WHITE,ziyadnz/hourly-ipv4,ziyadnz|hourly,2026-08-17T18:48:05Z,2026-08-17T18:48:05Z,
185.247.137.44,ipv4,malicious-ip,medium,WHITE,ziyadnz/hourly-ipv4,ziyadnz|hourly,2026-08-17T18:48:05Z,2026-08-17T18:48:05Z,
185.247.137.45,ipv4,malicious-ip,medium,WHITE,ziyadnz/hourly-ipv4,ziyadnz|hourly,2026-08-17T18:48:05Z,2026-08-17T18:48:05Z,
185.247.137.46,ipv4,malicious-ip,medium,WHITE,ziyadnz/hourly-ipv4,ziyadnz|hourly,2026-08-17T18:48:05Z,2026-08-17T18:48:05Z,
185.247.137.47,ipv4,malicious-ip,medium,WHITE,ziyadnz/hourly-ipv4,ziyadnz|hourly,2026-08-17T18:48:05Z,2026-08-17T18:48:05Z,
185.247.137.48,ipv4,malicious-ip,medium,WHITE,ziyadnz/hourly-ipv4,ziyadnz|hourly,2026-08-17T18:48:05Z,2026-08-17T18:48:05Z,
185.247.137.49,ipv4,malicious-ip,medium,WHITE,ziyadnz/hourly-ipv4,ziyadnz|hourly,2026-08-17T18:48:05Z,2026-08-17T18:48:05Z,
185.247.137.5,ipv4,malicious-ip,medium,WHITE,ziyadnz/hourly-ipv4,ziyadnz|hourly,2026-08-17T18:48:05Z,2026-08-17T18:48:05Z,
185.247.137.50,ipv4,malicious-ip,medium,WHITE,ziyadnz/hourly-ipv4,ziyadnz|hourly,2026-08-17T18:48:05Z,2026-08-17T18:48:05Z,
185.247.137.51,ipv4,malicious-ip,medium,WHITE,ziyadnz/hourly-ipv4,ziyadnz|hourly,2026-08-17T18:48:05Z,2026-08-17T18:48:05Z,
185.247.137.52,ipv4,malicious-ip,medium,WHITE,ziyadnz/hourly-ipv4,ziyadnz|hourly,2026-08-17T18:48:05Z,2026-08-17T18:48:05Z,
185.247.137.53,ipv4,malicious-ip,medium,WHITE,ziyadnz/hourly-ipv4,ziyadnz|hourly,2026-08-17T18:48:05Z,2026-08-17T18:48:05Z,
185.247.137.54,ipv4,malicious-ip,medium,WHITE,ziyadnz/hourly-ipv4,ziyadnz|hourly,2026-08-17T18:48:05Z,2026-08-17T18:48:05Z,
185.247.137.55,ipv4,malicious-ip,medium,WHITE,ziyadnz/hourly-ipv4,ziyadnz|hourly,2026-08-17T18:48:05Z,2026-08-17T18:48:05Z,
185.247.137.56,ipv4,malicious-ip,medium,WHITE,ziyadnz/hourly-ipv4,ziyadnz|hourly,2026-08-17T18:48:05Z,2026-08-17T18:48:05Z,
185.247.137.57,ipv4,malicious-ip,medium,WHITE,ziyadnz/hourly-ipv4,ziyadnz|hourly,2026-08-17T18:48:05Z,2026-08-17T18:48:05Z,
185.247.137.58,ipv4,malicious-ip,medium,WHITE,ziyadnz/hourly-ipv4,ziyadnz|hourly,2026-08-17T18:48:05Z,2026-08-17T18:48:05Z,
185.247.137.59,ipv4,malicious-ip,medium,WHITE,ziyadnz/hourly-ipv4,ziyadnz|hourly,2026-08-17T18:48:05Z,2026-08-17T18:48:05Z,
185.247.137.6,ipv4,malicious-ip,medium,WHITE,ziyadnz/hourly-ipv4,ziyadnz|hourly,2026-08-17T18:48:05Z,2026-08-17T18:48:05Z,
185.247.137.60,ipv4,malicious-ip,medium,WHITE,ziyadnz/hourly-ipv4,ziyadnz|hourly,2026-08-17T18:48:05Z,2026-08-17T18:48:05Z,
185.247.137.61,ipv4,malicious-ip,medium,WHITE,ziyadnz/hourly-ipv4,ziyadnz|hourly,2026-08-17T18:48:05Z,2026-08-17T18:48:05Z,
185.247.137.62,ipv4,malicious-ip,medium,WHITE,ziyadnz/hourly-ipv4,ziyadnz|hourly,2026-08-17T18:48:05Z,2026-08-17T18:48:05Z,
185.247.137.63,ipv4,malicious-ip,medium,WHITE,ziyadnz/hourly-ipv4,ziyadnz|hourly,2026-08-17T18:48:05Z,2026-08-17T18:48:05Z,
185.247.137.64,ipv4,malicious-ip,medium,WHITE,ziyadnz/hourly-ipv4,ziyadnz|hourly,2026-08-17T18:48:05Z,2026-08-17T18:48:05Z,
185.247.137.66,ipv4,malicious-ip,medium,WHITE,ziyadnz/hourly-ipv4,ziyadnz|hourly,2026-08-17T18:48:05Z,2026-08-17T18:48:05Z,
185.247.137.67,ipv4,malicious-ip,medium,WHITE,ziyadnz/hourly-ipv4,ziyadnz|hourly,2026-08-17T18:48:05Z,2026-08-17T18:48:05Z,
185.247.137.68,ipv4,malicious-ip,medium,WHITE,ziyadnz/hourly-ipv4,ziyadnz|hourly,2026-08-17T18:48:05Z,2026-08-17T18:48:05Z,
185.247.137.69,ipv4,malicious-ip,medium,WHITE,ziyadnz/hourly-ipv4,ziyadnz|hourly,2026-08-17T18:48:05Z,2026-08-17T18:48:05Z,
185.247.137.7,ipv4,malicious-ip,medium,WHITE,ziyadnz/hourly-ipv4,ziyadnz|hourly,2026-08-17T18:48:05Z,2026-08-17T18:48:05Z,
185.247.137.70,ipv4,malicious-ip,medium,WHITE,ziyadnz/hourly-ipv4,ziyadnz|hourly,2026-08-17T18:48:05Z,2026-08-17T18:48:05Z,
185.247.137.71,ipv4,malicious-ip,medium,WHITE,ziyadnz/hourly-ipv4,ziyadnz|hourly,2026-08-17T18:48:05Z,2026-08-17T18:48:05Z,
185.247.137.72,ipv4,malicious-ip,medium,WHITE,ziyadnz/hourly-ipv4,ziyadnz|hourly,2026-08-17T18:48:05Z,2026-08-17T18:48:05Z,
185.247.137.73,ipv4,malicious-ip,medium,WHITE,ziyadnz/hourly-ipv4,ziyadnz|hourly,2026-08-17T18:48:05Z,2026-08-17T18:48:05Z,
185.247.137.74,ipv4,malicious-ip,medium,WHITE,ziyadnz/hourly-ipv4,ziyadnz|hourly,2026-08-17T18:48:05Z,2026-08-17T18:48:05Z,
185.247.137.75,ipv4,malicious-ip,medium,WHITE,ziyadnz/hourly-ipv4,ziyadnz|hourly,2026-08-17T18:48:05Z,2026-08-17T18:48:05Z,
185.247.137.76,ipv4,malicious-ip,medium,WHITE,ziyadnz/hourly-ipv4,ziyadnz|hourly,2026-08-17T18:48:05Z,2026-08-17T18:48:05Z,
185.247.137.77,ipv4,malicious-ip,medium,WHITE,ziyadnz/hourly-ipv4,ziyadnz|hourly,2026-08-17T18:48:05Z,2026-08-17T18:48:05Z,
185.247.137.78,ipv4,malicious-ip,medium,WHITE,ziyadnz/hourly-ipv4,ziyadnz|hourly,2026-08-17T18:48:05Z,2026-08-17T18:48:05Z,
185.247.137.8,ipv4,malicious-ip,medium,WHITE,ziyadnz/hourly-ipv4,ziyadnz|hourly,2026-08-17T18:48:05Z,2026-08-17T18:48:05Z,
185.247.137.80,ipv4,malicious-ip,medium,WHITE,ziyadnz/hourly-ipv4,ziyadnz|hourly,2026-08-17T18:48:05Z,2026-08-17T18:48:05Z,
185.247.137.81,ipv4,malicious-ip,medium,WHITE,ziyadnz/hourly-ipv4,ziyadnz|hourly,2026-08-17T18:48:05Z,2026-08-17T18:48:05Z,
185.247.137.82,ipv4,malicious-ip,medium,WHITE,ziyadnz/hourly-ipv4,ziyadnz|hourly,2026-08-17T18:48:05Z,2026-08-17T18:48:05Z,
185.247.137.83,ipv4,malicious-ip,medium,WHITE,ziyadnz/hourly-ipv4,ziyadnz|hourly,2026-08-17T18:48:05Z,2026-08-17T18:48:05Z,
185.247.137.84,ipv4,malicious-ip,medium,WHITE,ziyadnz/hourly-ipv4,ziyadnz|hourly,2026-08-17T18:48:05Z,2026-08-17T18:48:05Z,
185.247.137.85,ipv4,malicious-ip,medium,WHITE,ziyadnz/hourly-ipv4,ziyadnz|hourly,2026-08-17T18:48:05Z,2026-08-17T18:48:05Z,
185.247.137.86,ipv4,malicious-ip,medium,WHITE,ziyadnz/hourly-ipv4,ziyadnz|hourly,2026-08-17T18:48:05Z,2026-08-17T18:48:05Z,
185.247.137.87,ipv4,malicious-ip,medium,WHITE,ziyadnz/hourly-ipv4,ziyadnz|hourly,2026-08-17T18:48:05Z,2026-08-17T18:48:05Z,
185.247.137.88,ipv4,malicious-ip,medium,WHITE,ziyadnz/hourly-ipv4,ziyadnz|hourly,2026-08-17T18:48:05Z,2026-08-17T18:48:05Z,
185.247.137.9,ipv4,malicious-ip,medium,WHITE,ziyadnz/hourly-ipv4,ziyadnz|hourly,2026-08-17T18:48:05Z,2026-08-17T18:48:05Z,
185.247.137.90,ipv4,malicious-ip,medium,WHITE,ziyadnz/hourly-ipv4,ziyadnz|hourly,2026-08-17T18:48:05Z,2026-08-17T18:48:05Z,
185.247.137.91,ipv4,malicious-ip,medium,WHITE,ziyadnz/hourly-ipv4,ziyadnz|hourly,2026-08-17T18:48:05Z,2026-08-17T18:48:05Z,
185.247.137.92,ipv4,malicious-ip,medium,WHITE,ziyadnz/hourly-ipv4,ziyadnz|hourly,2026-08-17T18:48:05Z,2026-08-17T18:48:05Z,
185.247.137.93,ipv4,malicious-ip,medium,WHITE,ziyadnz/hourly-ipv4,ziyadnz|hourly,2026-08-17T18:48:05Z,2026-08-17T18:48:05Z,
185.247.137.94,ipv4,malicious-ip,medium,WHITE,ziyadnz/hourly-ipv4,ziyadnz|hourly,2026-08-17T18:48:05Z,2026-08-17T18:48:05Z,
185.247.137.95,ipv4,malicious-ip,medium,WHITE,ziyadnz/hourly-ipv4,ziyadnz|hourly,2026-08-17T18:48:05Z,2026-08-17T18:48:05Z,
185.247.137.96,ipv4,malicious-ip,medium,WHITE,ziyadnz/hourly-ipv4,ziyadnz|hourly,2026-08-17T18:48:05Z,2026-08-17T18:48:05Z,
185.247.137.97,ipv4,malicious-ip,medium,WHITE,ziyadnz/hourly-ipv4,ziyadnz|hourly,2026-08-17T18:48:05Z,2026-08-17T18:48:05Z,
185.247.137.98,ipv4,malicious-ip,medium,WHITE,ziyadnz/hourly-ipv4,ziyadnz|hourly,2026-08-17T18:48:05Z,2026-08-17T18:48:05Z,
185.247.137.99,ipv4,malicious-ip,medium,WHITE,ziyadnz/hourly-ipv4,ziyadnz|hourly,2026-08-17T18:48:05Z,2026-08-17T18:48:05Z,
185.247.184.105,ipv4,malicious-ip,medium,WHITE,ziyadnz/hourly-ipv4,ziyadnz|hourly,2026-08-17T18:48:05Z,2026-08-17T18:48:05Z,
185.247.184.7,ipv4,malicious-ip,medium,WHITE,ziyadnz/hourly-ipv4,ziyadnz|hourly,2026-08-17T18:48:05Z,2026-08-17T18:48:05Z,
185.247.185.85,ipv4,malicious-ip,medium,WHITE,ziyadnz/hourly-ipv4,ziyadnz|hourly,2026-08-17T18:48:05Z,2026-08-17T18:48:05Z,
185.247.224.41,ipv4,malicious-ip,medium,WHITE,ziyadnz/hourly-ipv4,ziyadnz|hourly,2026-08-17T18:48:05Z,2026-08-17T18:48:05Z,
185.247.224.89,ipv4,malicious-ip,medium,WHITE,ziyadnz/hourly-ipv4,ziyadnz|hourly,2026-08-17T18:48:05Z,2026-08-17T18:48:05Z,
185.247.226.95,ipv4,malicious-ip,medium,WHITE,ziyadnz/hourly-ipv4,ziyadnz|hourly,2026-08-17T18:48:05Z,2026-08-17T18:48:05Z,
185.247.46.22,ipv4,malicious-ip,medium,WHITE,ziyadnz/hourly-ipv4,ziyadnz|hourly,2026-08-17T18:48:05Z,2026-08-17T18:48:05Z,
185.248.14.255,ipv4,malicious-ip,medium,WHITE,ziyadnz/hourly-ipv4,ziyadnz|hourly,2026-08-17T18:48:05Z,2026-08-17T18:48:05Z,
185.249.72.163,ipv4,malicious-ip,medium,WHITE,ziyadnz/hourly-ipv4,ziyadnz|hourly,2026-08-17T18:48:05Z,2026-08-17T18:48:05Z,
185.249.74.198,ipv4,malicious-ip,medium,WHITE,ziyadnz/hourly-ipv4,ziyadnz|hourly,2026-08-17T18:48:05Z,2026-08-17T18:48:05Z,
185.25.196.12,ipv4,malicious-ip,medium,WHITE,ziyadnz/hourly-ipv4,ziyadnz|hourly,2026-08-17T18:48:05Z,2026-08-17T18:48:05Z,
185.25.50.199,ipv4,malicious-ip,medium,WHITE,ziyadnz/hourly-ipv4,ziyadnz|hourly,2026-08-17T18:48:05Z,2026-08-17T18:48:05Z,
185.250.151.155,ipv4,malicious-ip,medium,WHITE,ziyadnz/hourly-ipv4,ziyadnz|hourly,2026-08-17T18:48:05Z,2026-08-17T18:48:05Z,
185.250.243.79,ipv4,malicious-ip,medium,WHITE,ziyadnz/hourly-ipv4,ziyadnz|hourly,2026-08-17T18:48:05Z,2026-08-17T18:48:05Z,
185.251.38.50,ipv4,malicious-ip,medium,WHITE,ziyadnz/hourly-ipv4,ziyadnz|hourly,2026-08-17T18:48:05Z,2026-08-17T18:48:05Z,
185.252.112.116,ipv4,malicious-ip,medium,WHITE,ziyadnz/hourly-ipv4,ziyadnz|hourly,2026-08-17T18:48:05Z,2026-08-17T18:48:05Z,
185.252.178.121,ipv4,malicious-ip,medium,WHITE,ziyadnz/hourly-ipv4,ziyadnz|hourly,2026-08-17T18:48:05Z,2026-08-17T18:48:05Z,
185.252.179.18,ipv4,malicious-ip,medium,WHITE,ziyadnz/hourly-ipv4,ziyadnz|hourly,2026-08-17T18:48:05Z,2026-08-17T18:48:05Z,
185.252.215.97,ipv4,malicious-ip,medium,WHITE,ziyadnz/hourly-ipv4,ziyadnz|hourly,2026-08-17T18:48:05Z,2026-08-17T18:48:05Z,
185.252.215.98,ipv4,malicious-ip,medium,WHITE,ziyadnz/hourly-ipv4,ziyadnz|hourly,2026-08-17T18:48:05Z,2026-08-17T18:48:05Z,
185.252.232.218,ipv4,malicious-ip,medium,WHITE,ziyadnz/hourly-ipv4,ziyadnz|hourly,2026-08-17T18:48:05Z,2026-08-17T18:48:05Z,
185.252.234.171,ipv4,malicious-ip,medium,WHITE,ziyadnz/hourly-ipv4,ziyadnz|hourly,2026-08-17T18:48:05Z,2026-08-17T18:48:05Z,
185.252.63.108,ipv4,malicious-ip,medium,WHITE,ziyadnz/hourly-ipv4,ziyadnz|hourly,2026-08-17T18:48:05Z,2026-08-17T18:48:05Z,
185.253.159.0,ipv4,malicious-ip,medium,WHITE,ziyadnz/hourly-ipv4,ziyadnz|hourly,2026-08-17T18:48:05Z,2026-08-17T18:48:05Z,
185.253.159.151,ipv4,malicious-ip,medium,WHITE,ziyadnz/hourly-ipv4,ziyadnz|hourly,2026-08-17T18:48:05Z,2026-08-17T18:48:05Z,
185.253.159.237,ipv4,malicious-ip,medium,WHITE,ziyadnz/hourly-ipv4,ziyadnz|hourly,2026-08-17T18:48:05Z,2026-08-17T18:48:05Z,
185.253.159.248,ipv4,malicious-ip,medium,WHITE,ziyadnz/hourly-ipv4,ziyadnz|hourly,2026-08-17T18:48:05Z,2026-08-17T18:48:05Z,
185.253.159.70,ipv4,malicious-ip,medium,WHITE,ziyadnz/hourly-ipv4,ziyadnz|hourly,2026-08-17T18:48:05Z,2026-08-17T18:48:05Z,
185.253.162.12,ipv4,malicious-ip,medium,WHITE,ziyadnz/hourly-ipv4,ziyadnz|hourly,2026-08-17T18:48:05Z,2026-08-17T18:48:05Z,
185.253.219.219,ipv4,malicious-ip,medium,WHITE,ziyadnz/hourly-ipv4,ziyadnz|hourly,2026-08-17T18:48:05Z,2026-08-17T18:48:05Z,
185.253.98.61,ipv4,malicious-ip,medium,WHITE,ziyadnz/hourly-ipv4,ziyadnz|hourly,2026-08-17T18:48:05Z,2026-08-17T18:48:05Z,
185.254.180.211,ipv4,malicious-ip,medium,WHITE,ziyadnz/hourly-ipv4,ziyadnz|hourly,2026-08-17T18:48:05Z,2026-08-17T18:48:05Z,
185.254.196.105,ipv4,malicious-ip,medium,WHITE,ziyadnz/hourly-ipv4,ziyadnz|hourly,2026-08-17T18:48:05Z,2026-08-17T18:48:05Z,
185.254.196.141,ipv4,malicious-ip,medium,WHITE,ziyadnz/hourly-ipv4,ziyadnz|hourly,2026-08-17T18:48:05Z,2026-08-17T18:48:05Z,
185.254.206.101,ipv4,malicious-ip,medium,WHITE,ziyadnz/hourly-ipv4,ziyadnz|hourly,2026-08-17T18:48:05Z,2026-08-17T18:48:05Z,
185.254.37.173,ipv4,malicious-ip,medium,WHITE,ziyadnz/hourly-ipv4,ziyadnz|hourly,2026-08-17T18:48:05Z,2026-08-17T18:48:05Z,
185.254.75.55,ipv4,malicious-ip,medium,WHITE,ziyadnz/hourly-ipv4,ziyadnz|hourly,2026-08-17T18:48:05Z,2026-08-17T18:48:05Z,
185.255.114.110,ipv4,malicious-ip,medium,WHITE,ziyadnz/hourly-ipv4,ziyadnz|hourly,2026-08-17T18:48:05Z,2026-08-17T18:48:05Z,
185.255.114.63,ipv4,malicious-ip,medium,WHITE,ziyadnz/hourly-ipv4,ziyadnz|hourly,2026-08-17T18:48:05Z,2026-08-17T18:48:05Z,
185.255.134.111,ipv4,malicious-ip,medium,WHITE,ziyadnz/hourly-ipv4,ziyadnz|hourly,2026-08-17T18:48:05Z,2026-08-17T18:48:05Z,
185.255.212.0,ipv4,malicious-ip,medium,WHITE,ziyadnz/hourly-ipv4,ziyadnz|hourly,2026-08-17T18:48:05Z,2026-08-17T18:48:05Z,
185.255.212.108,ipv4,malicious-ip,medium,WHITE,ziyadnz/hourly-ipv4,ziyadnz|hourly,2026-08-17T18:48:05Z,2026-08-17T18:48:05Z,
185.255.212.148,ipv4,malicious-ip,medium,WHITE,ziyadnz/hourly-ipv4,ziyadnz|hourly,2026-08-17T18:48:05Z,2026-08-17T18:48:05Z,
185.255.212.191,ipv4,malicious-ip,medium,WHITE,ziyadnz/hourly-ipv4,ziyadnz|hourly,2026-08-17T18:48:05Z,2026-08-17T18:48:05Z,
185.255.212.198,ipv4,malicious-ip,medium,WHITE,ziyadnz/hourly-ipv4,ziyadnz|hourly,2026-08-17T18:48:05Z,2026-08-17T18:48:05Z,
185.255.212.229,ipv4,malicious-ip,medium,WHITE,ziyadnz/hourly-ipv4,ziyadnz|hourly,2026-08-17T18:48:05Z,2026-08-17T18:48:05Z,
185.255.212.23,ipv4,malicious-ip,medium,WHITE,ziyadnz/hourly-ipv4,ziyadnz|hourly,2026-08-17T18:48:05Z,2026-08-17T18:48:05Z,
185.255.212.234,ipv4,malicious-ip,medium,WHITE,ziyadnz/hourly-ipv4,ziyadnz|hourly,2026-08-17T18:48:05Z,2026-08-17T18:48:05Z,
185.255.212.251,ipv4,malicious-ip,medium,WHITE,ziyadnz/hourly-ipv4,ziyadnz|hourly,2026-08-17T18:48:05Z,2026-08-17T18:48:05Z,
185.255.212.3,ipv4,malicious-ip,medium,WHITE,ziyadnz/hourly-ipv4,ziyadnz|hourly,2026-08-17T18:48:05Z,2026-08-17T18:48:05Z,
185.255.212.30,ipv4,malicious-ip,medium,WHITE,ziyadnz/hourly-ipv4,ziyadnz|hourly,2026-08-17T18:48:05Z,2026-08-17T18:48:05Z,
185.255.212.4,ipv4,malicious-ip,medium,WHITE,ziyadnz/hourly-ipv4,ziyadnz|hourly,2026-08-17T18:48:05Z,2026-08-17T18:48:05Z,
185.255.212.51,ipv4,malicious-ip,medium,WHITE,ziyadnz/hourly-ipv4,ziyadnz|hourly,2026-08-17T18:48:05Z,2026-08-17T18:48:05Z,
185.255.212.8,ipv4,malicious-ip,medium,WHITE,ziyadnz/hourly-ipv4,ziyadnz|hourly,2026-08-17T18:48:05Z,2026-08-17T18:48:05Z,
185.255.213.163,ipv4,malicious-ip,medium,WHITE,ziyadnz/hourly-ipv4,ziyadnz|hourly,2026-08-17T18:48:05Z,2026-08-17T18:48:05Z,
185.255.215.0,ipv4,malicious-ip,medium,WHITE,ziyadnz/hourly-ipv4,ziyadnz|hourly,2026-08-17T18:48:05Z,2026-08-17T18:48:05Z,
185.255.215.103,ipv4,malicious-ip,medium,WHITE,ziyadnz/hourly-ipv4,ziyadnz|hourly,2026-08-17T18:48:05Z,2026-08-17T18:48:05Z,
185.255.215.139,ipv4,malicious-ip,medium,WHITE,ziyadnz/hourly-ipv4,ziyadnz|hourly,2026-08-17T18:48:05Z,2026-08-17T18:48:05Z,
185.255.215.155,ipv4,malicious-ip,medium,WHITE,ziyadnz/hourly-ipv4,ziyadnz|hourly,2026-08-17T18:48:05Z,2026-08-17T18:48:05Z,
185.255.215.16,ipv4,malicious-ip,medium,WHITE,ziyadnz/hourly-ipv4,ziyadnz|hourly,2026-08-17T18:48:05Z,2026-08-17T18:48:05Z,
185.255.215.165,ipv4,malicious-ip,medium,WHITE,ziyadnz/hourly-ipv4,ziyadnz|hourly,2026-08-17T18:48:05Z,2026-08-17T18:48:05Z,
185.255.215.175,ipv4,malicious-ip,medium,WHITE,ziyadnz/hourly-ipv4,ziyadnz|hourly,2026-08-17T18:48:05Z,2026-08-17T18:48:05Z,
185.255.215.2,ipv4,malicious-ip,medium,WHITE,ziyadnz/hourly-ipv4,ziyadnz|hourly,2026-08-17T18:48:05Z,2026-08-17T18:48:05Z,
185.255.215.27,ipv4,malicious-ip,medium,WHITE,ziyadnz/hourly-ipv4,ziyadnz|hourly,2026-08-17T18:48:05Z,2026-08-17T18:48:05Z,
185.255.215.32,ipv4,malicious-ip,medium,WHITE,ziyadnz/hourly-ipv4,ziyadnz|hourly,2026-08-17T18:48:05Z,2026-08-17T18:48:05Z,
185.255.215.41,ipv4,malicious-ip,medium,WHITE,ziyadnz/hourly-ipv4,ziyadnz|hourly,2026-08-17T18:48:05Z,2026-08-17T18:48:05Z,
185.255.215.54,ipv4,malicious-ip,medium,WHITE,ziyadnz/hourly-ipv4,ziyadnz|hourly,2026-08-17T18:48:05Z,2026-08-17T18:48:05Z,
185.255.215.57,ipv4,malicious-ip,medium,WHITE,ziyadnz/hourly-ipv4,ziyadnz|hourly,2026-08-17T18:48:05Z,2026-08-17T18:48:05Z,
185.255.215.59,ipv4,malicious-ip,medium,WHITE,ziyadnz/hourly-ipv4,ziyadnz|hourly,2026-08-17T18:48:05Z,2026-08-17T18:48:05Z,
185.255.215.78,ipv4,malicious-ip,medium,WHITE,ziyadnz/hourly-ipv4,ziyadnz|hourly,2026-08-17T18:48:05Z,2026-08-17T18:48:05Z,
185.255.50.155,ipv4,malicious-ip,medium,WHITE,ziyadnz/hourly-ipv4,ziyadnz|hourly,2026-08-17T18:48:05Z,2026-08-17T18:48:05Z,
185.255.88.115,ipv4,malicious-ip,medium,WHITE,ziyadnz/hourly-ipv4,ziyadnz|hourly,2026-08-17T18:48:05Z,2026-08-17T18:48:05Z,
185.255.91.233,ipv4,malicious-ip,medium,WHITE,ziyadnz/hourly-ipv4,ziyadnz|hourly,2026-08-17T18:48:05Z,2026-08-17T18:48:05Z,
185.255.93.148,ipv4,malicious-ip,medium,WHITE,ziyadnz/hourly-ipv4,ziyadnz|hourly,2026-08-17T18:48:05Z,2026-08-17T18:48:05Z,
185.255.94.116,ipv4,malicious-ip,medium,WHITE,ziyadnz/hourly-ipv4,ziyadnz|hourly,2026-08-17T18:48:05Z,2026-08-17T18:48:05Z,
185.255.94.75,ipv4,malicious-ip,medium,WHITE,ziyadnz/hourly-ipv4,ziyadnz|hourly,2026-08-17T18:48:05Z,2026-08-17T18:48:05Z,
185.255.95.191,ipv4,malicious-ip,medium,WHITE,ziyadnz/hourly-ipv4,ziyadnz|hourly,2026-08-17T18:48:05Z,2026-08-17T18:48:05Z,
185.255.95.194,ipv4,malicious-ip,medium,WHITE,ziyadnz/hourly-ipv4,ziyadnz|hourly,2026-08-17T18:48:05Z,2026-08-17T18:48:05Z,
185.26.122.54,ipv4,malicious-ip,medium,WHITE,ziyadnz/hourly-ipv4,ziyadnz|hourly,2026-08-17T18:48:05Z,2026-08-17T18:48:05Z,
185.26.236.51,ipv4,malicious-ip,medium,WHITE,ziyadnz/hourly-ipv4,ziyadnz|hourly,2026-08-17T18:48:05Z,2026-08-17T18:48:05Z,
185.27.134.222,ipv4,malicious-ip,medium,WHITE,ziyadnz/hourly-ipv4,ziyadnz|hourly,2026-08-17T18:48:05Z,2026-08-17T18:48:05Z,
185.28.0.106,ipv4,malicious-ip,medium,WHITE,ziyadnz/hourly-ipv4,ziyadnz|hourly,2026-08-17T18:48:05Z,2026-08-17T18:48:05Z,
185.28.119.179,ipv4,malicious-ip,medium,WHITE,ziyadnz/hourly-ipv4,ziyadnz|hourly,2026-08-17T18:48:05Z,2026-08-17T18:48:05Z,
185.28.119.228,ipv4,malicious-ip,medium,WHITE,ziyadnz/hourly-ipv4,ziyadnz|hourly,2026-08-17T18:48:05Z,2026-08-17T18:48:05Z,
185.28.119.85,ipv4,malicious-ip,medium,WHITE,ziyadnz/hourly-ipv4,ziyadnz|hourly,2026-08-17T18:48:05Z,2026-08-17T18:48:05Z,
185.28.217.125,ipv4,malicious-ip,medium,WHITE,ziyadnz/hourly-ipv4,ziyadnz|hourly,2026-08-17T18:48:05Z,2026-08-17T18:48:05Z,
185.28.37.194,ipv4,malicious-ip,medium,WHITE,ziyadnz/hourly-ipv4,ziyadnz|hourly,2026-08-17T18:48:05Z,2026-08-17T18:48:05Z,
185.28.61.37,ipv4,malicious-ip,medium,WHITE,ziyadnz/hourly-ipv4,ziyadnz|hourly,2026-08-17T18:48:05Z,2026-08-17T18:48:05Z,
185.29.10.10,ipv4,malicious-ip,medium,WHITE,ziyadnz/hourly-ipv4,ziyadnz|hourly,2026-08-17T18:48:05Z,2026-08-17T18:48:05Z,
185.29.8.108,ipv4,malicious-ip,medium,WHITE,ziyadnz/hourly-ipv4,ziyadnz|hourly,2026-08-17T18:48:05Z,2026-08-17T18:48:05Z,
185.3.198.233,ipv4,malicious-ip,medium,WHITE,ziyadnz/hourly-ipv4,ziyadnz|hourly,2026-08-17T18:48:05Z,2026-08-17T18:48:05Z,
185.3.95.98,ipv4,malicious-ip,medium,WHITE,ziyadnz/hourly-ipv4,ziyadnz|hourly,2026-08-17T18:48:05Z,2026-08-17T18:48:05Z,
185.30.113.9,ipv4,malicious-ip,medium,WHITE,ziyadnz/hourly-ipv4,ziyadnz|hourly,2026-08-17T18:48:05Z,2026-08-17T18:48:05Z,
185.30.144.18,ipv4,malicious-ip,medium,WHITE,ziyadnz/hourly-ipv4,ziyadnz|hourly,2026-08-17T18:48:05Z,2026-08-17T18:48:05Z,
185.30.144.202,ipv4,malicious-ip,medium,WHITE,ziyadnz/hourly-ipv4,ziyadnz|hourly,2026-08-17T18:48:05Z,2026-08-17T18:48:05Z,
185.30.203.183,ipv4,malicious-ip,medium,WHITE,ziyadnz/hourly-ipv4,ziyadnz|hourly,2026-08-17T18:48:05Z,2026-08-17T18:48:05Z,
185.30.32.170,ipv4,malicious-ip,medium,WHITE,ziyadnz/hourly-ipv4,ziyadnz|hourly,2026-08-17T18:48:05Z,2026-08-17T18:48:05Z,
185.30.46.191,ipv4,malicious-ip,medium,WHITE,ziyadnz/hourly-ipv4,ziyadnz|hourly,2026-08-17T18:48:05Z,2026-08-17T18:48:05Z,
185.30.47.222,ipv4,malicious-ip,medium,WHITE,ziyadnz/hourly-ipv4,ziyadnz|hourly,2026-08-17T18:48:05Z,2026-08-17T18:48:05Z,
185.31.200.132,ipv4,malicious-ip,medium,WHITE,ziyadnz/hourly-ipv4,ziyadnz|hourly,2026-08-17T18:48:05Z,2026-08-17T18:48:05Z,
185.33.33.164,ipv4,malicious-ip,medium,WHITE,ziyadnz/hourly-ipv4,ziyadnz|hourly,2026-08-17T18:48:05Z,2026-08-17T18:48:05Z,
185.33.86.220,ipv4,malicious-ip,medium,WHITE,ziyadnz/hourly-ipv4,ziyadnz|hourly,2026-08-17T18:48:05Z,2026-08-17T18:48:05Z,
185.34.17.250,ipv4,malicious-ip,medium,WHITE,ziyadnz/hourly-ipv4,ziyadnz|hourly,2026-08-17T18:48:05Z,2026-08-17T18:48:05Z,
185.34.33.2,ipv4,malicious-ip,medium,WHITE,ziyadnz/hourly-ipv4,ziyadnz|hourly,2026-08-17T18:48:05Z,2026-08-17T18:48:05Z,
185.34.52.181,ipv4,malicious-ip,medium,WHITE,ziyadnz/hourly-ipv4,ziyadnz|hourly,2026-08-17T18:48:05Z,2026-08-17T18:48:05Z,
185.34.52.250,ipv4,malicious-ip,medium,WHITE,ziyadnz/hourly-ipv4,ziyadnz|hourly,2026-08-17T18:48:05Z,2026-08-17T18:48:05Z,
185.35.202.222,ipv4,malicious-ip,medium,WHITE,ziyadnz/hourly-ipv4,ziyadnz|hourly,2026-08-17T18:48:05Z,2026-08-17T18:48:05Z,
185.36.189.81,ipv4,malicious-ip,medium,WHITE,ziyadnz/hourly-ipv4,ziyadnz|hourly,2026-08-17T18:48:05Z,2026-08-17T18:48:05Z,
185.36.81.23,ipv4,malicious-ip,medium,WHITE,ziyadnz/hourly-ipv4,ziyadnz|hourly,2026-08-17T18:48:05Z,2026-08-17T18:48:05Z,
185.36.81.82,ipv4,malicious-ip,medium,WHITE,ziyadnz/hourly-ipv4,ziyadnz|hourly,2026-08-17T18:48:05Z,2026-08-17T18:48:05Z,
185.38.142.103,ipv4,malicious-ip,medium,WHITE,ziyadnz/hourly-ipv4,ziyadnz|hourly,2026-08-17T18:48:05Z,2026-08-17T18:48:05Z,
185.38.148.135,ipv4,malicious-ip,medium,WHITE,ziyadnz/hourly-ipv4,ziyadnz|hourly,2026-08-17T18:48:05Z,2026-08-17T18:48:05Z,
185.38.148.2,ipv4,malicious-ip,medium,WHITE,ziyadnz/hourly-ipv4,ziyadnz|hourly,2026-08-17T18:48:05Z,2026-08-17T18:48:05Z,
185.38.195.226,ipv4,malicious-ip,medium,WHITE,ziyadnz/hourly-ipv4,ziyadnz|hourly,2026-08-17T18:48:05Z,2026-08-17T18:48:05Z,
185.38.195.228,ipv4,malicious-ip,medium,WHITE,ziyadnz/hourly-ipv4,ziyadnz|hourly,2026-08-17T18:48:05Z,2026-08-17T18:48:05Z,
185.38.195.238,ipv4,malicious-ip,medium,WHITE,ziyadnz/hourly-ipv4,ziyadnz|hourly,2026-08-17T18:48:05Z,2026-08-17T18:48:05Z,
185.38.195.240,ipv4,malicious-ip,medium,WHITE,ziyadnz/hourly-ipv4,ziyadnz|hourly,2026-08-17T18:48:05Z,2026-08-17T18:48:05Z,
185.38.209.83,ipv4,malicious-ip,medium,WHITE,ziyadnz/hourly-ipv4,ziyadnz|hourly,2026-08-17T18:48:05Z,2026-08-17T18:48:05Z,
185.38.219.234,ipv4,malicious-ip,medium,WHITE,ziyadnz/hourly-ipv4,ziyadnz|hourly,2026-08-17T18:48:05Z,2026-08-17T18:48:05Z,
185.39.18.170,ipv4,malicious-ip,medium,WHITE,ziyadnz/hourly-ipv4,ziyadnz|hourly,2026-08-17T18:48:05Z,2026-08-17T18:48:05Z,
185.39.181.103,ipv4,malicious-ip,medium,WHITE,ziyadnz/hourly-ipv4,ziyadnz|hourly,2026-08-17T18:48:05Z,2026-08-17T18:48:05Z,
185.39.19.233,ipv4,malicious-ip,medium,WHITE,ziyadnz/hourly-ipv4,ziyadnz|hourly,2026-08-17T18:48:05Z,2026-08-17T18:48:05Z,
185.39.207.152,ipv4,malicious-ip,medium,WHITE,ziyadnz/hourly-ipv4,ziyadnz|hourly,2026-08-17T18:48:05Z,2026-08-17T18:48:05Z,
185.39.207.83,ipv4,malicious-ip,medium,WHITE,ziyadnz/hourly-ipv4,ziyadnz|hourly,2026-08-17T18:48:05Z,2026-08-17T18:48:05Z,
185.39.28.28,ipv4,malicious-ip,medium,WHITE,ziyadnz/hourly-ipv4,ziyadnz|hourly,2026-08-17T18:48:05Z,2026-08-17T18:48:05Z,
185.39.74.200,ipv4,malicious-ip,medium,WHITE,ziyadnz/hourly-ipv4,ziyadnz|hourly,2026-08-17T18:48:05Z,2026-08-17T18:48:05Z,
185.4.67.6,ipv4,malicious-ip,medium,WHITE,ziyadnz/hourly-ipv4,ziyadnz|hourly,2026-08-17T18:48:05Z,2026-08-17T18:48:05Z,
185.40.20.103,ipv4,malicious-ip,medium,WHITE,ziyadnz/hourly-ipv4,ziyadnz|hourly,2026-08-17T18:48:05Z,2026-08-17T18:48:05Z,
185.40.30.168,ipv4,malicious-ip,medium,WHITE,ziyadnz/hourly-ipv4,ziyadnz|hourly,2026-08-17T18:48:05Z,2026-08-17T18:48:05Z,
185.40.34.230,ipv4,malicious-ip,medium,WHITE,ziyadnz/hourly-ipv4,ziyadnz|hourly,2026-08-17T18:48:05Z,2026-08-17T18:48:05Z,
185.40.4.51,ipv4,malicious-ip,medium,WHITE,ziyadnz/hourly-ipv4,ziyadnz|hourly,2026-08-17T18:48:05Z,2026-08-17T18:48:05Z,
185.41.153.188,ipv4,malicious-ip,medium,WHITE,ziyadnz/hourly-ipv4,ziyadnz|hourly,2026-08-17T18:48:05Z,2026-08-17T18:48:05Z,
185.41.207.187,ipv4,malicious-ip,medium,WHITE,ziyadnz/hourly-ipv4,ziyadnz|hourly,2026-08-17T18:48:05Z,2026-08-17T18:48:05Z,
185.41.21.0,ipv4,malicious-ip,medium,WHITE,ziyadnz/hourly-ipv4,ziyadnz|hourly,2026-08-17T18:48:05Z,2026-08-17T18:48:05Z,
185.41.21.162,ipv4,malicious-ip,medium,WHITE,ziyadnz/hourly-ipv4,ziyadnz|hourly,2026-08-17T18:48:05Z,2026-08-17T18:48:05Z,
185.41.21.163,ipv4,malicious-ip,medium,WHITE,ziyadnz/hourly-ipv4,ziyadnz|hourly,2026-08-17T18:48:05Z,2026-08-17T18:48:05Z,
185.41.21.178,ipv4,malicious-ip,medium,WHITE,ziyadnz/hourly-ipv4,ziyadnz|hourly,2026-08-17T18:48:05Z,2026-08-17T18:48:05Z,
185.41.21.179,ipv4,malicious-ip,medium,WHITE,ziyadnz/hourly-ipv4,ziyadnz|hourly,2026-08-17T18:48:05Z,2026-08-17T18:48:05Z,
185.41.21.216,ipv4,malicious-ip,medium,WHITE,ziyadnz/hourly-ipv4,ziyadnz|hourly,2026-08-17T18:48:05Z,2026-08-17T18:48:05Z,
185.42.163.55,ipv4,malicious-ip,medium,WHITE,ziyadnz/hourly-ipv4,ziyadnz|hourly,2026-08-17T18:48:05Z,2026-08-17T18:48:05Z,
185.42.170.203,ipv4,malicious-ip,medium,WHITE,ziyadnz/hourly-ipv4,ziyadnz|hourly,2026-08-17T18:48:05Z,2026-08-17T18:48:05Z,
185.42.21.94,ipv4,malicious-ip,medium,WHITE,ziyadnz/hourly-ipv4,ziyadnz|hourly,2026-08-17T18:48:05Z,2026-08-17T18:48:05Z,
185.43.17.89,ipv4,malicious-ip,medium,WHITE,ziyadnz/hourly-ipv4,ziyadnz|hourly,2026-08-17T18:48:05Z,2026-08-17T18:48:05Z,
185.43.220.45,ipv4,malicious-ip,medium,WHITE,ziyadnz/hourly-ipv4,ziyadnz|hourly,2026-08-17T18:48:05Z,2026-08-17T18:48:05Z,
185.43.222.242,ipv4,malicious-ip,medium,WHITE,ziyadnz/hourly-ipv4,ziyadnz|hourly,2026-08-17T18:48:05Z,2026-08-17T18:48:05Z,
185.44.68.128,ipv4,malicious-ip,medium,WHITE,ziyadnz/hourly-ipv4,ziyadnz|hourly,2026-08-17T18:48:05Z,2026-08-17T18:48:05Z,
185.44.68.24,ipv4,malicious-ip,medium,WHITE,ziyadnz/hourly-ipv4,ziyadnz|hourly,2026-08-17T18:48:05Z,2026-08-17T18:48:05Z,
185.44.81.114,ipv4,malicious-ip,medium,WHITE,ziyadnz/hourly-ipv4,ziyadnz|hourly,2026-08-17T18:48:05Z,2026-08-17T18:48:05Z,
185.44.81.147,ipv4,malicious-ip,medium,WHITE,ziyadnz/hourly-ipv4,ziyadnz|hourly,2026-08-17T18:48:05Z,2026-08-17T18:48:05Z,
185.44.9.227,ipv4,malicious-ip,medium,WHITE,ziyadnz/hourly-ipv4,ziyadnz|hourly,2026-08-17T18:48:05Z,2026-08-17T18:48:05Z,
185.45.193.151,ipv4,malicious-ip,medium,WHITE,ziyadnz/hourly-ipv4,ziyadnz|hourly,2026-08-17T18:48:05Z,2026-08-17T18:48:05Z,
185.46.222.4,ipv4,malicious-ip,medium,WHITE,ziyadnz/hourly-ipv4,ziyadnz|hourly,2026-08-17T18:48:05Z,2026-08-17T18:48:05Z,
185.46.49.49,ipv4,malicious-ip,medium,WHITE,ziyadnz/hourly-ipv4,ziyadnz|hourly,2026-08-17T18:48:05Z,2026-08-17T18:48:05Z,
185.47.136.0,ipv4,malicious-ip,medium,WHITE,ziyadnz/hourly-ipv4,ziyadnz|hourly,2026-08-17T18:48:05Z,2026-08-17T18:48:05Z,
185.47.136.111,ipv4,malicious-ip,medium,WHITE,ziyadnz/hourly-ipv4,ziyadnz|hourly,2026-08-17T18:48:05Z,2026-08-17T18:48:05Z,
185.47.136.114,ipv4,malicious-ip,medium,WHITE,ziyadnz/hourly-ipv4,ziyadnz|hourly,2026-08-17T18:48:05Z,2026-08-17T18:48:05Z,
185.47.136.117,ipv4,malicious-ip,medium,WHITE,ziyadnz/hourly-ipv4,ziyadnz|hourly,2026-08-17T18:48:05Z,2026-08-17T18:48:05Z,
185.47.136.123,ipv4,malicious-ip,medium,WHITE,ziyadnz/hourly-ipv4,ziyadnz|hourly,2026-08-17T18:48:05Z,2026-08-17T18:48:05Z,
185.47.136.45,ipv4,malicious-ip,medium,WHITE,ziyadnz/hourly-ipv4,ziyadnz|hourly,2026-08-17T18:48:05Z,2026-08-17T18:48:05Z,
185.47.136.76,ipv4,malicious-ip,medium,WHITE,ziyadnz/hourly-ipv4,ziyadnz|hourly,2026-08-17T18:48:05Z,2026-08-17T18:48:05Z,
185.47.136.84,ipv4,malicious-ip,medium,WHITE,ziyadnz/hourly-ipv4,ziyadnz|hourly,2026-08-17T18:48:05Z,2026-08-17T18:48:05Z,
185.47.14.235,ipv4,malicious-ip,medium,WHITE,ziyadnz/hourly-ipv4,ziyadnz|hourly,2026-08-17T18:48:05Z,2026-08-17T18:48:05Z,
185.47.161.163,ipv4,malicious-ip,medium,WHITE,ziyadnz/hourly-ipv4,ziyadnz|hourly,2026-08-17T18:48:05Z,2026-08-17T18:48:05Z,
185.48.172.70,ipv4,malicious-ip,medium,WHITE,ziyadnz/hourly-ipv4,ziyadnz|hourly,2026-08-17T18:48:05Z,2026-08-17T18:48:05Z,
185.49.249.47,ipv4,malicious-ip,medium,WHITE,ziyadnz/hourly-ipv4,ziyadnz|hourly,2026-08-17T18:48:05Z,2026-08-17T18:48:05Z,
185.49.69.41,ipv4,malicious-ip,medium,WHITE,ziyadnz/hourly-ipv4,ziyadnz|hourly,2026-08-17T18:48:05Z,2026-08-17T18:48:05Z,
185.5.239.82,ipv4,malicious-ip,medium,WHITE,ziyadnz/hourly-ipv4,ziyadnz|hourly,2026-08-17T18:48:05Z,2026-08-17T18:48:05Z,
185.5.248.95,ipv4,malicious-ip,medium,WHITE,ziyadnz/hourly-ipv4,ziyadnz|hourly,2026-08-17T18:48:05Z,2026-08-17T18:48:05Z,
185.5.252.102,ipv4,malicious-ip,medium,WHITE,ziyadnz/hourly-ipv4,ziyadnz|hourly,2026-08-17T18:48:05Z,2026-08-17T18:48:05Z,
185.5.253.159,ipv4,malicious-ip,medium,WHITE,ziyadnz/hourly-ipv4,ziyadnz|hourly,2026-08-17T18:48:05Z,2026-08-17T18:48:05Z,
185.5.254.55,ipv4,malicious-ip,medium,WHITE,ziyadnz/hourly-ipv4,ziyadnz|hourly,2026-08-17T18:48:05Z,2026-08-17T18:48:05Z,
185.5.254.92,ipv4,malicious-ip,medium,WHITE,ziyadnz/hourly-ipv4,ziyadnz|hourly,2026-08-17T18:48:05Z,2026-08-17T18:48:05Z,
185.5.254.94,ipv4,malicious-ip,medium,WHITE,ziyadnz/hourly-ipv4,ziyadnz|hourly,2026-08-17T18:48:05Z,2026-08-17T18:48:05Z,
185.50.207.19,ipv4,malicious-ip,medium,WHITE,ziyadnz/hourly-ipv4,ziyadnz|hourly,2026-08-17T18:48:05Z,2026-08-17T18:48:05Z,
185.51.10.253,ipv4,malicious-ip,medium,WHITE,ziyadnz/hourly-ipv4,ziyadnz|hourly,2026-08-17T18:48:05Z,2026-08-17T18:48:05Z,
185.51.65.233,ipv4,malicious-ip,medium,WHITE,ziyadnz/hourly-ipv4,ziyadnz|hourly,2026-08-17T18:48:05Z,2026-08-17T18:48:05Z,
185.53.178.52,ipv4,malicious-ip,medium,WHITE,ziyadnz/hourly-ipv4,ziyadnz|hourly,2026-08-17T18:48:05Z,2026-08-17T18:48:05Z,
185.53.179.136,ipv4,malicious-ip,medium,WHITE,ziyadnz/hourly-ipv4,ziyadnz|hourly,2026-08-17T18:48:05Z,2026-08-17T18:48:05Z,
185.54.185.189,ipv4,malicious-ip,medium,WHITE,ziyadnz/hourly-ipv4,ziyadnz|hourly,2026-08-17T18:48:05Z,2026-08-17T18:48:05Z,
185.55.149.35,ipv4,malicious-ip,medium,WHITE,ziyadnz/hourly-ipv4,ziyadnz|hourly,2026-08-17T18:48:05Z,2026-08-17T18:48:05Z,
185.55.243.109,ipv4,malicious-ip,medium,WHITE,ziyadnz/hourly-ipv4,ziyadnz|hourly,2026-08-17T18:48:05Z,2026-08-17T18:48:05Z,
185.55.243.110,ipv4,malicious-ip,medium,WHITE,ziyadnz/hourly-ipv4,ziyadnz|hourly,2026-08-17T18:48:05Z,2026-08-17T18:48:05Z,
185.56.117.140,ipv4,malicious-ip,medium,WHITE,ziyadnz/hourly-ipv4,ziyadnz|hourly,2026-08-17T18:48:05Z,2026-08-17T18:48:05Z,
185.56.137.117,ipv4,malicious-ip,medium,WHITE,ziyadnz/hourly-ipv4,ziyadnz|hourly,2026-08-17T18:48:05Z,2026-08-17T18:48:05Z,
185.56.171.94,ipv4,malicious-ip,medium,WHITE,ziyadnz/hourly-ipv4,ziyadnz|hourly,2026-08-17T18:48:05Z,2026-08-17T18:48:05Z,
185.56.80.28,ipv4,malicious-ip,medium,WHITE,ziyadnz/hourly-ipv4,ziyadnz|hourly,2026-08-17T18:48:05Z,2026-08-17T18:48:05Z,
185.56.83.83,ipv4,malicious-ip,medium,WHITE,ziyadnz/hourly-ipv4,ziyadnz|hourly,2026-08-17T18:48:05Z,2026-08-17T18:48:05Z,
185.57.230.3,ipv4,malicious-ip,medium,WHITE,ziyadnz/hourly-ipv4,ziyadnz|hourly,2026-08-17T18:48:05Z,2026-08-17T18:48:05Z,
185.58.135.164,ipv4,malicious-ip,medium,WHITE,ziyadnz/hourly-ipv4,ziyadnz|hourly,2026-08-17T18:48:05Z,2026-08-17T18:48:05Z,
185.58.232.115,ipv4,malicious-ip,medium,WHITE,ziyadnz/hourly-ipv4,ziyadnz|hourly,2026-08-17T18:48:05Z,2026-08-17T18:48:05Z,
185.58.235.169,ipv4,malicious-ip,medium,WHITE,ziyadnz/hourly-ipv4,ziyadnz|hourly,2026-08-17T18:48:05Z,2026-08-17T18:48:05Z,
185.59.103.8,ipv4,malicious-ip,medium,WHITE,ziyadnz/hourly-ipv4,ziyadnz|hourly,2026-08-17T18:48:05Z,2026-08-17T18:48:05Z,
185.60.40.170,ipv4,malicious-ip,medium,WHITE,ziyadnz/hourly-ipv4,ziyadnz|hourly,2026-08-17T18:48:05Z,2026-08-17T18:48:05Z,
185.61.137.155,ipv4,malicious-ip,medium,WHITE,ziyadnz/hourly-ipv4,ziyadnz|hourly,2026-08-17T18:48:05Z,2026-08-17T18:48:05Z,
185.61.247.247,ipv4,malicious-ip,medium,WHITE,ziyadnz/hourly-ipv4,ziyadnz|hourly,2026-08-17T18:48:05Z,2026-08-17T18:48:05Z,
185.61.94.199,ipv4,malicious-ip,medium,WHITE,ziyadnz/hourly-ipv4,ziyadnz|hourly,2026-08-17T18:48:05Z,2026-08-17T18:48:05Z,
185.62.56.129,ipv4,malicious-ip,medium,WHITE,ziyadnz/hourly-ipv4,ziyadnz|hourly,2026-08-17T18:48:05Z,2026-08-17T18:48:05Z,
185.62.56.25,ipv4,malicious-ip,medium,WHITE,ziyadnz/hourly-ipv4,ziyadnz|hourly,2026-08-17T18:48:05Z,2026-08-17T18:48:05Z,
185.62.56.47,ipv4,malicious-ip,medium,WHITE,ziyadnz/hourly-ipv4,ziyadnz|hourly,2026-08-17T18:48:05Z,2026-08-17T18:48:05Z,
185.62.57.60,ipv4,malicious-ip,medium,WHITE,ziyadnz/hourly-ipv4,ziyadnz|hourly,2026-08-17T18:48:05Z,2026-08-17T18:48:05Z,
185.62.58.107,ipv4,malicious-ip,medium,WHITE,ziyadnz/hourly-ipv4,ziyadnz|hourly,2026-08-17T18:48:05Z,2026-08-17T18:48:05Z,
185.62.58.141,ipv4,malicious-ip,medium,WHITE,ziyadnz/hourly-ipv4,ziyadnz|hourly,2026-08-17T18:48:05Z,2026-08-17T18:48:05Z,
185.62.58.20,ipv4,malicious-ip,medium,WHITE,ziyadnz/hourly-ipv4,ziyadnz|hourly,2026-08-17T18:48:05Z,2026-08-17T18:48:05Z,
185.65.133.154,ipv4,malicious-ip,medium,WHITE,ziyadnz/hourly-ipv4,ziyadnz|hourly,2026-08-17T18:48:05Z,2026-08-17T18:48:05Z,
185.65.134.244,ipv4,malicious-ip,medium,WHITE,ziyadnz/hourly-ipv4,ziyadnz|hourly,2026-08-17T18:48:05Z,2026-08-17T18:48:05Z,
185.66.140.112,ipv4,malicious-ip,medium,WHITE,ziyadnz/hourly-ipv4,ziyadnz|hourly,2026-08-17T18:48:05Z,2026-08-17T18:48:05Z,
185.66.142.35,ipv4,malicious-ip,medium,WHITE,ziyadnz/hourly-ipv4,ziyadnz|hourly,2026-08-17T18:48:05Z,2026-08-17T18:48:05Z,
185.66.232.89,ipv4,malicious-ip,medium,WHITE,ziyadnz/hourly-ipv4,ziyadnz|hourly,2026-08-17T18:48:05Z,2026-08-17T18:48:05Z,
185.66.88.240,ipv4,malicious-ip,medium,WHITE,ziyadnz/hourly-ipv4,ziyadnz|hourly,2026-08-17T18:48:05Z,2026-08-17T18:48:05Z,
185.67.82.114,ipv4,malicious-ip,medium,WHITE,ziyadnz/hourly-ipv4,ziyadnz|hourly,2026-08-17T18:48:05Z,2026-08-17T18:48:05Z,
185.68.179.108,ipv4,malicious-ip,medium,WHITE,ziyadnz/hourly-ipv4,ziyadnz|hourly,2026-08-17T18:48:05Z,2026-08-17T18:48:05Z,
185.68.184.46,ipv4,malicious-ip,medium,WHITE,ziyadnz/hourly-ipv4,ziyadnz|hourly,2026-08-17T18:48:05Z,2026-08-17T18:48:05Z,
185.68.93.122,ipv4,malicious-ip,medium,WHITE,ziyadnz/hourly-ipv4,ziyadnz|hourly,2026-08-17T18:48:05Z,2026-08-17T18:48:05Z,
185.68.93.233,ipv4,malicious-ip,medium,WHITE,ziyadnz/hourly-ipv4,ziyadnz|hourly,2026-08-17T18:48:05Z,2026-08-17T18:48:05Z,
185.69.121.169,ipv4,malicious-ip,medium,WHITE,ziyadnz/hourly-ipv4,ziyadnz|hourly,2026-08-17T18:48:05Z,2026-08-17T18:48:05Z,
185.69.123.127,ipv4,malicious-ip,medium,WHITE,ziyadnz/hourly-ipv4,ziyadnz|hourly,2026-08-17T18:48:05Z,2026-08-17T18:48:05Z,
185.7.130.218,ipv4,malicious-ip,medium,WHITE,ziyadnz/hourly-ipv4,ziyadnz|hourly,2026-08-17T18:48:05Z,2026-08-17T18:48:05Z,
185.7.214.54,ipv4,malicious-ip,medium,WHITE,ziyadnz/hourly-ipv4,ziyadnz|hourly,2026-08-17T18:48:05Z,2026-08-17T18:48:05Z,
185.7.219.77,ipv4,malicious-ip,medium,WHITE,ziyadnz/hourly-ipv4,ziyadnz|hourly,2026-08-17T18:48:05Z,2026-08-17T18:48:05Z,
185.7.33.7,ipv4,malicious-ip,medium,WHITE,ziyadnz/hourly-ipv4,ziyadnz|hourly,2026-08-17T18:48:05Z,2026-08-17T18:48:05Z,
185.7.81.108,ipv4,malicious-ip,medium,WHITE,ziyadnz/hourly-ipv4,ziyadnz|hourly,2026-08-17T18:48:05Z,2026-08-17T18:48:05Z,
185.70.184.44,ipv4,malicious-ip,medium,WHITE,ziyadnz/hourly-ipv4,ziyadnz|hourly,2026-08-17T18:48:05Z,2026-08-17T18:48:05Z,
185.70.184.8,ipv4,malicious-ip,medium,WHITE,ziyadnz/hourly-ipv4,ziyadnz|hourly,2026-08-17T18:48:05Z,2026-08-17T18:48:05Z,
185.70.189.82,ipv4,malicious-ip,medium,WHITE,ziyadnz/hourly-ipv4,ziyadnz|hourly,2026-08-17T18:48:05Z,2026-08-17T18:48:05Z,
185.71.105.52,ipv4,malicious-ip,medium,WHITE,ziyadnz/hourly-ipv4,ziyadnz|hourly,2026-08-17T18:48:05Z,2026-08-17T18:48:05Z,
185.71.88.160,ipv4,malicious-ip,medium,WHITE,ziyadnz/hourly-ipv4,ziyadnz|hourly,2026-08-17T18:48:05Z,2026-08-17T18:48:05Z,
185.72.10.233,ipv4,malicious-ip,medium,WHITE,ziyadnz/hourly-ipv4,ziyadnz|hourly,2026-08-17T18:48:05Z,2026-08-17T18:48:05Z,
185.72.186.249,ipv4,malicious-ip,medium,WHITE,ziyadnz/hourly-ipv4,ziyadnz|hourly,2026-08-17T18:48:05Z,2026-08-17T18:48:05Z,
185.73.125.6,ipv4,malicious-ip,medium,WHITE,ziyadnz/hourly-ipv4,ziyadnz|hourly,2026-08-17T18:48:05Z,2026-08-17T18:48:05Z,
185.73.16.104,ipv4,malicious-ip,medium,WHITE,ziyadnz/hourly-ipv4,ziyadnz|hourly,2026-08-17T18:48:05Z,2026-08-17T18:48:05Z,
185.73.16.99,ipv4,malicious-ip,medium,WHITE,ziyadnz/hourly-ipv4,ziyadnz|hourly,2026-08-17T18:48:05Z,2026-08-17T18:48:05Z,
185.73.17.248,ipv4,malicious-ip,medium,WHITE,ziyadnz/hourly-ipv4,ziyadnz|hourly,2026-08-17T18:48:05Z,2026-08-17T18:48:05Z,
185.73.23.133,ipv4,malicious-ip,medium,WHITE,ziyadnz/hourly-ipv4,ziyadnz|hourly,2026-08-17T18:48:05Z,2026-08-17T18:48:05Z,
185.73.23.162,ipv4,malicious-ip,medium,WHITE,ziyadnz/hourly-ipv4,ziyadnz|hourly,2026-08-17T18:48:05Z,2026-08-17T18:48:05Z,
185.74.240.0,ipv4,malicious-ip,medium,WHITE,ziyadnz/hourly-ipv4,ziyadnz|hourly,2026-08-17T18:48:05Z,2026-08-17T18:48:05Z,
185.74.240.111,ipv4,malicious-ip,medium,WHITE,ziyadnz/hourly-ipv4,ziyadnz|hourly,2026-08-17T18:48:05Z,2026-08-17T18:48:05Z,
185.74.240.189,ipv4,malicious-ip,medium,WHITE,ziyadnz/hourly-ipv4,ziyadnz|hourly,2026-08-17T18:48:05Z,2026-08-17T18:48:05Z,
185.74.240.192,ipv4,malicious-ip,medium,WHITE,ziyadnz/hourly-ipv4,ziyadnz|hourly,2026-08-17T18:48:05Z,2026-08-17T18:48:05Z,
185.74.240.224,ipv4,malicious-ip,medium,WHITE,ziyadnz/hourly-ipv4,ziyadnz|hourly,2026-08-17T18:48:05Z,2026-08-17T18:48:05Z,
185.74.240.225,ipv4,malicious-ip,medium,WHITE,ziyadnz/hourly-ipv4,ziyadnz|hourly,2026-08-17T18:48:05Z,2026-08-17T18:48:05Z,
185.74.240.42,ipv4,malicious-ip,medium,WHITE,ziyadnz/hourly-ipv4,ziyadnz|hourly,2026-08-17T18:48:05Z,2026-08-17T18:48:05Z,
185.74.240.44,ipv4,malicious-ip,medium,WHITE,ziyadnz/hourly-ipv4,ziyadnz|hourly,2026-08-17T18:48:05Z,2026-08-17T18:48:05Z,
185.74.240.47,ipv4,malicious-ip,medium,WHITE,ziyadnz/hourly-ipv4,ziyadnz|hourly,2026-08-17T18:48:05Z,2026-08-17T18:48:05Z,
185.74.240.68,ipv4,malicious-ip,medium,WHITE,ziyadnz/hourly-ipv4,ziyadnz|hourly,2026-08-17T18:48:05Z,2026-08-17T18:48:05Z,
185.74.240.89,ipv4,malicious-ip,medium,WHITE,ziyadnz/hourly-ipv4,ziyadnz|hourly,2026-08-17T18:48:05Z,2026-08-17T18:48:05Z,
185.75.181.87,ipv4,malicious-ip,medium,WHITE,ziyadnz/hourly-ipv4,ziyadnz|hourly,2026-08-17T18:48:05Z,2026-08-17T18:48:05Z,
185.75.238.66,ipv4,malicious-ip,medium,WHITE,ziyadnz/hourly-ipv4,ziyadnz|hourly,2026-08-17T18:48:05Z,2026-08-17T18:48:05Z,
185.76.11.58,ipv4,malicious-ip,medium,WHITE,ziyadnz/hourly-ipv4,ziyadnz|hourly,2026-08-17T18:48:05Z,2026-08-17T18:48:05Z,
185.76.68.183,ipv4,malicious-ip,medium,WHITE,ziyadnz/hourly-ipv4,ziyadnz|hourly,2026-08-17T18:48:05Z,2026-08-17T18:48:05Z,
185.76.68.46,ipv4,malicious-ip,medium,WHITE,ziyadnz/hourly-ipv4,ziyadnz|hourly,2026-08-17T18:48:05Z,2026-08-17T18:48:05Z,
185.76.69.154,ipv4,malicious-ip,medium,WHITE,ziyadnz/hourly-ipv4,ziyadnz|hourly,2026-08-17T18:48:05Z,2026-08-17T18:48:05Z,
185.76.69.211,ipv4,malicious-ip,medium,WHITE,ziyadnz/hourly-ipv4,ziyadnz|hourly,2026-08-17T18:48:05Z,2026-08-17T18:48:05Z,
185.76.71.46,ipv4,malicious-ip,medium,WHITE,ziyadnz/hourly-ipv4,ziyadnz|hourly,2026-08-17T18:48:05Z,2026-08-17T18:48:05Z,
185.76.78.117,ipv4,malicious-ip,medium,WHITE,ziyadnz/hourly-ipv4,ziyadnz|hourly,2026-08-17T18:48:05Z,2026-08-17T18:48:05Z,
185.76.78.177,ipv4,malicious-ip,medium,WHITE,ziyadnz/hourly-ipv4,ziyadnz|hourly,2026-08-17T18:48:05Z,2026-08-17T18:48:05Z,
185.77.50.0,ipv4,malicious-ip,medium,WHITE,ziyadnz/hourly-ipv4,ziyadnz|hourly,2026-08-17T18:48:05Z,2026-08-17T18:48:05Z,
185.77.50.128,ipv4,malicious-ip,medium,WHITE,ziyadnz/hourly-ipv4,ziyadnz|hourly,2026-08-17T18:48:05Z,2026-08-17T18:48:05Z,
185.77.50.243,ipv4,malicious-ip,medium,WHITE,ziyadnz/hourly-ipv4,ziyadnz|hourly,2026-08-17T18:48:05Z,2026-08-17T18:48:05Z,
185.77.50.5,ipv4,malicious-ip,medium,WHITE,ziyadnz/hourly-ipv4,ziyadnz|hourly,2026-08-17T18:48:05Z,2026-08-17T18:48:05Z,
185.77.51.201,ipv4,malicious-ip,medium,WHITE,ziyadnz/hourly-ipv4,ziyadnz|hourly,2026-08-17T18:48:05Z,2026-08-17T18:48:05Z,
185.77.51.26,ipv4,malicious-ip,medium,WHITE,ziyadnz/hourly-ipv4,ziyadnz|hourly,2026-08-17T18:48:05Z,2026-08-17T18:48:05Z,
185.77.51.94,ipv4,malicious-ip,medium,WHITE,ziyadnz/hourly-ipv4,ziyadnz|hourly,2026-08-17T18:48:05Z,2026-08-17T18:48:05Z,
185.78.116.76,ipv4,malicious-ip,medium,WHITE,ziyadnz/hourly-ipv4,ziyadnz|hourly,2026-08-17T18:48:05Z,2026-08-17T18:48:05Z,
185.78.232.228,ipv4,malicious-ip,medium,WHITE,ziyadnz/hourly-ipv4,ziyadnz|hourly,2026-08-17T18:48:05Z,2026-08-17T18:48:05Z,
185.78.233.42,ipv4,malicious-ip,medium,WHITE,ziyadnz/hourly-ipv4,ziyadnz|hourly,2026-08-17T18:48:05Z,2026-08-17T18:48:05Z,
185.78.239.67,ipv4,malicious-ip,medium,WHITE,ziyadnz/hourly-ipv4,ziyadnz|hourly,2026-08-17T18:48:05Z,2026-08-17T18:48:05Z,
185.78.76.231,ipv4,malicious-ip,medium,WHITE,ziyadnz/hourly-ipv4,ziyadnz|hourly,2026-08-17T18:48:05Z,2026-08-17T18:48:05Z,
185.78.76.254,ipv4,malicious-ip,medium,WHITE,ziyadnz/hourly-ipv4,ziyadnz|hourly,2026-08-17T18:48:05Z,2026-08-17T18:48:05Z,
185.8.106.147,ipv4,malicious-ip,medium,WHITE,ziyadnz/hourly-ipv4,ziyadnz|hourly,2026-08-17T18:48:05Z,2026-08-17T18:48:05Z,
185.8.106.231,ipv4,malicious-ip,medium,WHITE,ziyadnz/hourly-ipv4,ziyadnz|hourly,2026-08-17T18:48:05Z,2026-08-17T18:48:05Z,
185.8.149.85,ipv4,malicious-ip,medium,WHITE,ziyadnz/hourly-ipv4,ziyadnz|hourly,2026-08-17T18:48:05Z,2026-08-17T18:48:05Z,
185.8.212.130,ipv4,malicious-ip,medium,WHITE,ziyadnz/hourly-ipv4,ziyadnz|hourly,2026-08-17T18:48:05Z,2026-08-17T18:48:05Z,
185.80.128.227,ipv4,malicious-ip,medium,WHITE,ziyadnz/hourly-ipv4,ziyadnz|hourly,2026-08-17T18:48:05Z,2026-08-17T18:48:05Z,
185.80.129.110,ipv4,malicious-ip,medium,WHITE,ziyadnz/hourly-ipv4,ziyadnz|hourly,2026-08-17T18:48:05Z,2026-08-17T18:48:05Z,
185.80.129.4,ipv4,malicious-ip,medium,WHITE,ziyadnz/hourly-ipv4,ziyadnz|hourly,2026-08-17T18:48:05Z,2026-08-17T18:48:05Z,
185.80.130.149,ipv4,malicious-ip,medium,WHITE,ziyadnz/hourly-ipv4,ziyadnz|hourly,2026-08-17T18:48:05Z,2026-08-17T18:48:05Z,
185.80.201.4,ipv4,malicious-ip,medium,WHITE,ziyadnz/hourly-ipv4,ziyadnz|hourly,2026-08-17T18:48:05Z,2026-08-17T18:48:05Z,
185.80.222.87,ipv4,malicious-ip,medium,WHITE,ziyadnz/hourly-ipv4,ziyadnz|hourly,2026-08-17T18:48:05Z,2026-08-17T18:48:05Z,
185.80.234.36,ipv4,malicious-ip,medium,WHITE,ziyadnz/hourly-ipv4,ziyadnz|hourly,2026-08-17T18:48:05Z,2026-08-17T18:48:05Z,
185.80.29.224,ipv4,malicious-ip,medium,WHITE,ziyadnz/hourly-ipv4,ziyadnz|hourly,2026-08-17T18:48:05Z,2026-08-17T18:48:05Z,
185.80.40.71,ipv4,malicious-ip,medium,WHITE,ziyadnz/hourly-ipv4,ziyadnz|hourly,2026-08-17T18:48:05Z,2026-08-17T18:48:05Z,
185.81.114.15,ipv4,malicious-ip,medium,WHITE,ziyadnz/hourly-ipv4,ziyadnz|hourly,2026-08-17T18:48:05Z,2026-08-17T18:48:05Z,
185.81.114.188,ipv4,malicious-ip,medium,WHITE,ziyadnz/hourly-ipv4,ziyadnz|hourly,2026-08-17T18:48:05Z,2026-08-17T18:48:05Z,
185.81.154.98,ipv4,malicious-ip,medium,WHITE,ziyadnz/hourly-ipv4,ziyadnz|hourly,2026-08-17T18:48:05Z,2026-08-17T18:48:05Z,
185.81.157.135,ipv4,malicious-ip,medium,WHITE,ziyadnz/hourly-ipv4,ziyadnz|hourly,2026-08-17T18:48:05Z,2026-08-17T18:48:05Z,
185.81.157.14,ipv4,malicious-ip,medium,WHITE,ziyadnz/hourly-ipv4,ziyadnz|hourly,2026-08-17T18:48:05Z,2026-08-17T18:48:05Z,
185.81.157.168,ipv4,malicious-ip,medium,WHITE,ziyadnz/hourly-ipv4,ziyadnz|hourly,2026-08-17T18:48:05Z,2026-08-17T18:48:05Z,
185.81.157.244,ipv4,malicious-ip,medium,WHITE,ziyadnz/hourly-ipv4,ziyadnz|hourly,2026-08-17T18:48:05Z,2026-08-17T18:48:05Z,
185.81.94.58,ipv4,malicious-ip,medium,WHITE,ziyadnz/hourly-ipv4,ziyadnz|hourly,2026-08-17T18:48:05Z,2026-08-17T18:48:05Z,
185.82.108.78,ipv4,malicious-ip,medium,WHITE,ziyadnz/hourly-ipv4,ziyadnz|hourly,2026-08-17T18:48:05Z,2026-08-17T18:48:05Z,
185.82.126.133,ipv4,malicious-ip,medium,WHITE,ziyadnz/hourly-ipv4,ziyadnz|hourly,2026-08-17T18:48:05Z,2026-08-17T18:48:05Z,
185.82.126.85,ipv4,malicious-ip,medium,WHITE,ziyadnz/hourly-ipv4,ziyadnz|hourly,2026-08-17T18:48:05Z,2026-08-17T18:48:05Z,
185.82.127.38,ipv4,malicious-ip,medium,WHITE,ziyadnz/hourly-ipv4,ziyadnz|hourly,2026-08-17T18:48:05Z,2026-08-17T18:48:05Z,
185.82.199.16,ipv4,malicious-ip,medium,WHITE,ziyadnz/hourly-ipv4,ziyadnz|hourly,2026-08-17T18:48:05Z,2026-08-17T18:48:05Z,
185.82.200.181,ipv4,malicious-ip,medium,WHITE,ziyadnz/hourly-ipv4,ziyadnz|hourly,2026-08-17T18:48:05Z,2026-08-17T18:48:05Z,
185.82.216.184,ipv4,malicious-ip,medium,WHITE,ziyadnz/hourly-ipv4,ziyadnz|hourly,2026-08-17T18:48:05Z,2026-08-17T18:48:05Z,
185.82.219.109,ipv4,malicious-ip,medium,WHITE,ziyadnz/hourly-ipv4,ziyadnz|hourly,2026-08-17T18:48:05Z,2026-08-17T18:48:05Z,
185.82.219.92,ipv4,malicious-ip,medium,WHITE,ziyadnz/hourly-ipv4,ziyadnz|hourly,2026-08-17T18:48:05Z,2026-08-17T18:48:05Z,
185.82.73.160,ipv4,malicious-ip,medium,WHITE,ziyadnz/hourly-ipv4,ziyadnz|hourly,2026-08-17T18:48:05Z,2026-08-17T18:48:05Z,
185.82.73.161,ipv4,malicious-ip,medium,WHITE,ziyadnz/hourly-ipv4,ziyadnz|hourly,2026-08-17T18:48:05Z,2026-08-17T18:48:05Z,
185.82.73.162,ipv4,malicious-ip,medium,WHITE,ziyadnz/hourly-ipv4,ziyadnz|hourly,2026-08-17T18:48:05Z,2026-08-17T18:48:05Z,
185.82.73.164,ipv4,malicious-ip,medium,WHITE,ziyadnz/hourly-ipv4,ziyadnz|hourly,2026-08-17T18:48:05Z,2026-08-17T18:48:05Z,
185.82.73.165,ipv4,malicious-ip,medium,WHITE,ziyadnz/hourly-ipv4,ziyadnz|hourly,2026-08-17T18:48:05Z,2026-08-17T18:48:05Z,
185.82.73.166,ipv4,malicious-ip,medium,WHITE,ziyadnz/hourly-ipv4,ziyadnz|hourly,2026-08-17T18:48:05Z,2026-08-17T18:48:05Z,
185.82.73.167,ipv4,malicious-ip,medium,WHITE,ziyadnz/hourly-ipv4,ziyadnz|hourly,2026-08-17T18:48:05Z,2026-08-17T18:48:05Z,
185.82.73.168,ipv4,malicious-ip,medium,WHITE,ziyadnz/hourly-ipv4,ziyadnz|hourly,2026-08-17T18:48:05Z,2026-08-17T18:48:05Z,
185.82.73.170,ipv4,malicious-ip,medium,WHITE,ziyadnz/hourly-ipv4,ziyadnz|hourly,2026-08-17T18:48:05Z,2026-08-17T18:48:05Z,
185.82.73.171,ipv4,malicious-ip,medium,WHITE,ziyadnz/hourly-ipv4,ziyadnz|hourly,2026-08-17T18:48:05Z,2026-08-17T18:48:05Z,
185.82.73.175,ipv4,malicious-ip,medium,WHITE,ziyadnz/hourly-ipv4,ziyadnz|hourly,2026-08-17T18:48:05Z,2026-08-17T18:48:05Z,
185.82.99.225,ipv4,malicious-ip,medium,WHITE,ziyadnz/hourly-ipv4,ziyadnz|hourly,2026-08-17T18:48:05Z,2026-08-17T18:48:05Z,
185.83.37.5,ipv4,malicious-ip,medium,WHITE,ziyadnz/hourly-ipv4,ziyadnz|hourly,2026-08-17T18:48:05Z,2026-08-17T18:48:05Z,
185.84.122.247,ipv4,malicious-ip,medium,WHITE,ziyadnz/hourly-ipv4,ziyadnz|hourly,2026-08-17T18:48:05Z,2026-08-17T18:48:05Z,
185.84.181.108,ipv4,malicious-ip,medium,WHITE,ziyadnz/hourly-ipv4,ziyadnz|hourly,2026-08-17T18:48:05Z,2026-08-17T18:48:05Z,
185.84.188.116,ipv4,malicious-ip,medium,WHITE,ziyadnz/hourly-ipv4,ziyadnz|hourly,2026-08-17T18:48:05Z,2026-08-17T18:48:05Z,
185.84.188.55,ipv4,malicious-ip,medium,WHITE,ziyadnz/hourly-ipv4,ziyadnz|hourly,2026-08-17T18:48:05Z,2026-08-17T18:48:05Z,
185.84.189.124,ipv4,malicious-ip,medium,WHITE,ziyadnz/hourly-ipv4,ziyadnz|hourly,2026-08-17T18:48:05Z,2026-08-17T18:48:05Z,
185.84.189.98,ipv4,malicious-ip,medium,WHITE,ziyadnz/hourly-ipv4,ziyadnz|hourly,2026-08-17T18:48:05Z,2026-08-17T18:48:05Z,
185.84.81.194,ipv4,malicious-ip,medium,WHITE,ziyadnz/hourly-ipv4,ziyadnz|hourly,2026-08-17T18:48:05Z,2026-08-17T18:48:05Z,
185.85.1.107,ipv4,malicious-ip,medium,WHITE,ziyadnz/hourly-ipv4,ziyadnz|hourly,2026-08-17T18:48:05Z,2026-08-17T18:48:05Z,
185.86.210.46,ipv4,malicious-ip,medium,WHITE,ziyadnz/hourly-ipv4,ziyadnz|hourly,2026-08-17T18:48:05Z,2026-08-17T18:48:05Z,
185.86.79.95,ipv4,malicious-ip,medium,WHITE,ziyadnz/hourly-ipv4,ziyadnz|hourly,2026-08-17T18:48:05Z,2026-08-17T18:48:05Z,
185.87.148.132,ipv4,malicious-ip,medium,WHITE,ziyadnz/hourly-ipv4,ziyadnz|hourly,2026-08-17T18:48:05Z,2026-08-17T18:48:05Z,
185.87.243.132,ipv4,malicious-ip,medium,WHITE,ziyadnz/hourly-ipv4,ziyadnz|hourly,2026-08-17T18:48:05Z,2026-08-17T18:48:05Z,
185.87.68.194,ipv4,malicious-ip,medium,WHITE,ziyadnz/hourly-ipv4,ziyadnz|hourly,2026-08-17T18:48:05Z,2026-08-17T18:48:05Z,
185.88.37.234,ipv4,malicious-ip,medium,WHITE,ziyadnz/hourly-ipv4,ziyadnz|hourly,2026-08-17T18:48:05Z,2026-08-17T18:48:05Z,
185.89.159.14,ipv4,malicious-ip,medium,WHITE,ziyadnz/hourly-ipv4,ziyadnz|hourly,2026-08-17T18:48:05Z,2026-08-17T18:48:05Z,
185.9.139.117,ipv4,malicious-ip,medium,WHITE,ziyadnz/hourly-ipv4,ziyadnz|hourly,2026-08-17T18:48:05Z,2026-08-17T18:48:05Z,
185.9.193.111,ipv4,malicious-ip,medium,WHITE,ziyadnz/hourly-ipv4,ziyadnz|hourly,2026-08-17T18:48:05Z,2026-08-17T18:48:05Z,
185.9.73.43,ipv4,malicious-ip,medium,WHITE,ziyadnz/hourly-ipv4,ziyadnz|hourly,2026-08-17T18:48:05Z,2026-08-17T18:48:05Z,
185.90.101.64,ipv4,malicious-ip,medium,WHITE,ziyadnz/hourly-ipv4,ziyadnz|hourly,2026-08-17T18:48:05Z,2026-08-17T18:48:05Z,
185.91.116.105,ipv4,malicious-ip,medium,WHITE,ziyadnz/hourly-ipv4,ziyadnz|hourly,2026-08-17T18:48:05Z,2026-08-17T18:48:05Z,
185.91.69.119,ipv4,malicious-ip,medium,WHITE,ziyadnz/hourly-ipv4,ziyadnz|hourly,2026-08-17T18:48:05Z,2026-08-17T18:48:05Z,
185.91.69.211,ipv4,malicious-ip,medium,WHITE,ziyadnz/hourly-ipv4,ziyadnz|hourly,2026-08-17T18:48:05Z,2026-08-17T18:48:05Z,
185.91.69.33,ipv4,malicious-ip,medium,WHITE,ziyadnz/hourly-ipv4,ziyadnz|hourly,2026-08-17T18:48:05Z,2026-08-17T18:48:05Z,
185.92.138.56,ipv4,malicious-ip,medium,WHITE,ziyadnz/hourly-ipv4,ziyadnz|hourly,2026-08-17T18:48:05Z,2026-08-17T18:48:05Z,
185.92.181.1,ipv4,malicious-ip,medium,WHITE,ziyadnz/hourly-ipv4,ziyadnz|hourly,2026-08-17T18:48:05Z,2026-08-17T18:48:05Z,
185.92.182.129,ipv4,malicious-ip,medium,WHITE,ziyadnz/hourly-ipv4,ziyadnz|hourly,2026-08-17T18:48:05Z,2026-08-17T18:48:05Z,
185.92.25.1,ipv4,malicious-ip,medium,WHITE,ziyadnz/hourly-ipv4,ziyadnz|hourly,2026-08-17T18:48:05Z,2026-08-17T18:48:05Z,
185.92.72.244,ipv4,malicious-ip,medium,WHITE,ziyadnz/hourly-ipv4,ziyadnz|hourly,2026-08-17T18:48:05Z,2026-08-17T18:48:05Z,
185.93.6.31,ipv4,malicious-ip,medium,WHITE,ziyadnz/hourly-ipv4,ziyadnz|hourly,2026-08-17T18:48:05Z,2026-08-17T18:48:05Z,
185.93.68.125,ipv4,malicious-ip,medium,WHITE,ziyadnz/hourly-ipv4,ziyadnz|hourly,2026-08-17T18:48:05Z,2026-08-17T18:48:05Z,
185.93.89.0,ipv4,malicious-ip,medium,WHITE,ziyadnz/hourly-ipv4,ziyadnz|hourly,2026-08-17T18:48:05Z,2026-08-17T18:48:05Z,
185.93.89.132,ipv4,malicious-ip,medium,WHITE,ziyadnz/hourly-ipv4,ziyadnz|hourly,2026-08-17T18:48:05Z,2026-08-17T18:48:05Z,
185.93.89.138,ipv4,malicious-ip,medium,WHITE,ziyadnz/hourly-ipv4,ziyadnz|hourly,2026-08-17T18:48:05Z,2026-08-17T18:48:05Z,
185.93.89.143,ipv4,malicious-ip,medium,WHITE,ziyadnz/hourly-ipv4,ziyadnz|hourly,2026-08-17T18:48:05Z,2026-08-17T18:48:05Z,
185.93.89.144,ipv4,malicious-ip,medium,WHITE,ziyadnz/hourly-ipv4,ziyadnz|hourly,2026-08-17T18:48:05Z,2026-08-17T18:48:05Z,
185.93.89.145,ipv4,malicious-ip,medium,WHITE,ziyadnz/hourly-ipv4,ziyadnz|hourly,2026-08-17T18:48:05Z,2026-08-17T18:48:05Z,
185.93.89.146,ipv4,malicious-ip,medium,WHITE,ziyadnz/hourly-ipv4,ziyadnz|hourly,2026-08-17T18:48:05Z,2026-08-17T18:48:05Z,
185.93.89.147,ipv4,malicious-ip,medium,WHITE,ziyadnz/hourly-ipv4,ziyadnz|hourly,2026-08-17T18:48:05Z,2026-08-17T18:48:05Z,
185.93.89.149,ipv4,malicious-ip,medium,WHITE,ziyadnz/hourly-ipv4,ziyadnz|hourly,2026-08-17T18:48:05Z,2026-08-17T18:48:05Z,
185.93.89.151,ipv4,malicious-ip,medium,WHITE,ziyadnz/hourly-ipv4,ziyadnz|hourly,2026-08-17T18:48:05Z,2026-08-17T18:48:05Z,
185.93.89.152,ipv4,malicious-ip,medium,WHITE,ziyadnz/hourly-ipv4,ziyadnz|hourly,2026-08-17T18:48:05Z,2026-08-17T18:48:05Z,
185.93.89.153,ipv4,malicious-ip,medium,WHITE,ziyadnz/hourly-ipv4,ziyadnz|hourly,2026-08-17T18:48:05Z,2026-08-17T18:48:05Z,
185.93.89.154,ipv4,malicious-ip,medium,WHITE,ziyadnz/hourly-ipv4,ziyadnz|hourly,2026-08-17T18:48:05Z,2026-08-17T18:48:05Z,
185.93.89.155,ipv4,malicious-ip,medium,WHITE,ziyadnz/hourly-ipv4,ziyadnz|hourly,2026-08-17T18:48:05Z,2026-08-17T18:48:05Z,
185.93.89.156,ipv4,malicious-ip,medium,WHITE,ziyadnz/hourly-ipv4,ziyadnz|hourly,2026-08-17T18:48:05Z,2026-08-17T18:48:05Z,
185.93.89.157,ipv4,malicious-ip,medium,WHITE,ziyadnz/hourly-ipv4,ziyadnz|hourly,2026-08-17T18:48:05Z,2026-08-17T18:48:05Z,
185.93.89.158,ipv4,malicious-ip,medium,WHITE,ziyadnz/hourly-ipv4,ziyadnz|hourly,2026-08-17T18:48:05Z,2026-08-17T18:48:05Z,
185.93.89.159,ipv4,malicious-ip,medium,WHITE,ziyadnz/hourly-ipv4,ziyadnz|hourly,2026-08-17T18:48:05Z,2026-08-17T18:48:05Z,
185.93.89.162,ipv4,malicious-ip,medium,WHITE,ziyadnz/hourly-ipv4,ziyadnz|hourly,2026-08-17T18:48:05Z,2026-08-17T18:48:05Z,
185.93.89.163,ipv4,malicious-ip,medium,WHITE,ziyadnz/hourly-ipv4,ziyadnz|hourly,2026-08-17T18:48:05Z,2026-08-17T18:48:05Z,
185.93.89.164,ipv4,malicious-ip,medium,WHITE,ziyadnz/hourly-ipv4,ziyadnz|hourly,2026-08-17T18:48:05Z,2026-08-17T18:48:05Z,
185.93.89.165,ipv4,malicious-ip,medium,WHITE,ziyadnz/hourly-ipv4,ziyadnz|hourly,2026-08-17T18:48:05Z,2026-08-17T18:48:05Z,
185.93.89.166,ipv4,malicious-ip,medium,WHITE,ziyadnz/hourly-ipv4,ziyadnz|hourly,2026-08-17T18:48:05Z,2026-08-17T18:48:05Z,
185.93.89.167,ipv4,malicious-ip,medium,WHITE,ziyadnz/hourly-ipv4,ziyadnz|hourly,2026-08-17T18:48:05Z,2026-08-17T18:48:05Z,
185.93.89.168,ipv4,malicious-ip,medium,WHITE,ziyadnz/hourly-ipv4,ziyadnz|hourly,2026-08-17T18:48:05Z,2026-08-17T18:48:05Z,
185.93.89.169,ipv4,malicious-ip,medium,WHITE,ziyadnz/hourly-ipv4,ziyadnz|hourly,2026-08-17T18:48:05Z,2026-08-17T18:48:05Z,
185.93.89.170,ipv4,malicious-ip,medium,WHITE,ziyadnz/hourly-ipv4,ziyadnz|hourly,2026-08-17T18:48:05Z,2026-08-17T18:48:05Z,
185.93.89.171,ipv4,malicious-ip,medium,WHITE,ziyadnz/hourly-ipv4,ziyadnz|hourly,2026-08-17T18:48:05Z,2026-08-17T18:48:05Z,
185.93.89.172,ipv4,malicious-ip,medium,WHITE,ziyadnz/hourly-ipv4,ziyadnz|hourly,2026-08-17T18:48:05Z,2026-08-17T18:48:05Z,
185.93.89.174,ipv4,malicious-ip,medium,WHITE,ziyadnz/hourly-ipv4,ziyadnz|hourly,2026-08-17T18:48:05Z,2026-08-17T18:48:05Z,
185.93.89.175,ipv4,malicious-ip,medium,WHITE,ziyadnz/hourly-ipv4,ziyadnz|hourly,2026-08-17T18:48:05Z,2026-08-17T18:48:05Z,
185.93.89.176,ipv4,malicious-ip,medium,WHITE,ziyadnz/hourly-ipv4,ziyadnz|hourly,2026-08-17T18:48:05Z,2026-08-17T18:48:05Z,
185.93.89.177,ipv4,malicious-ip,medium,WHITE,ziyadnz/hourly-ipv4,ziyadnz|hourly,2026-08-17T18:48:05Z,2026-08-17T18:48:05Z,
185.93.89.178,ipv4,malicious-ip,medium,WHITE,ziyadnz/hourly-ipv4,ziyadnz|hourly,2026-08-17T18:48:05Z,2026-08-17T18:48:05Z,
185.93.89.179,ipv4,malicious-ip,medium,WHITE,ziyadnz/hourly-ipv4,ziyadnz|hourly,2026-08-17T18:48:05Z,2026-08-17T18:48:05Z,
185.93.89.180,ipv4,malicious-ip,medium,WHITE,ziyadnz/hourly-ipv4,ziyadnz|hourly,2026-08-17T18:48:05Z,2026-08-17T18:48:05Z,
185.93.89.181,ipv4,malicious-ip,medium,WHITE,ziyadnz/hourly-ipv4,ziyadnz|hourly,2026-08-17T18:48:05Z,2026-08-17T18:48:05Z,
185.93.89.182,ipv4,malicious-ip,medium,WHITE,ziyadnz/hourly-ipv4,ziyadnz|hourly,2026-08-17T18:48:05Z,2026-08-17T18:48:05Z,
185.93.89.183,ipv4,malicious-ip,medium,WHITE,ziyadnz/hourly-ipv4,ziyadnz|hourly,2026-08-17T18:48:05Z,2026-08-17T18:48:05Z,
185.93.89.187,ipv4,malicious-ip,medium,WHITE,ziyadnz/hourly-ipv4,ziyadnz|hourly,2026-08-17T18:48:05Z,2026-08-17T18:48:05Z,
185.93.89.188,ipv4,malicious-ip,medium,WHITE,ziyadnz/hourly-ipv4,ziyadnz|hourly,2026-08-17T18:48:05Z,2026-08-17T18:48:05Z,
185.93.89.189,ipv4,malicious-ip,medium,WHITE,ziyadnz/hourly-ipv4,ziyadnz|hourly,2026-08-17T18:48:05Z,2026-08-17T18:48:05Z,
185.93.89.190,ipv4,malicious-ip,medium,WHITE,ziyadnz/hourly-ipv4,ziyadnz|hourly,2026-08-17T18:48:05Z,2026-08-17T18:48:05Z,
185.93.89.191,ipv4,malicious-ip,medium,WHITE,ziyadnz/hourly-ipv4,ziyadnz|hourly,2026-08-17T18:48:05Z,2026-08-17T18:48:05Z,
185.93.89.36,ipv4,malicious-ip,medium,WHITE,ziyadnz/hourly-ipv4,ziyadnz|hourly,2026-08-17T18:48:05Z,2026-08-17T18:48:05Z,
185.93.89.42,ipv4,malicious-ip,medium,WHITE,ziyadnz/hourly-ipv4,ziyadnz|hourly,2026-08-17T18:48:05Z,2026-08-17T18:48:05Z,
185.93.89.56,ipv4,malicious-ip,medium,WHITE,ziyadnz/hourly-ipv4,ziyadnz|hourly,2026-08-17T18:48:05Z,2026-08-17T18:48:05Z,
185.93.89.61,ipv4,malicious-ip,medium,WHITE,ziyadnz/hourly-ipv4,ziyadnz|hourly,2026-08-17T18:48:05Z,2026-08-17T18:48:05Z,
185.93.89.62,ipv4,malicious-ip,medium,WHITE,ziyadnz/hourly-ipv4,ziyadnz|hourly,2026-08-17T18:48:05Z,2026-08-17T18:48:05Z,
185.93.89.72,ipv4,malicious-ip,medium,WHITE,ziyadnz/hourly-ipv4,ziyadnz|hourly,2026-08-17T18:48:05Z,2026-08-17T18:48:05Z,
185.93.89.79,ipv4,malicious-ip,medium,WHITE,ziyadnz/hourly-ipv4,ziyadnz|hourly,2026-08-17T18:48:05Z,2026-08-17T18:48:05Z,
185.93.89.9,ipv4,malicious-ip,medium,WHITE,ziyadnz/hourly-ipv4,ziyadnz|hourly,2026-08-17T18:48:05Z,2026-08-17T18:48:05Z,
185.93.89.95,ipv4,malicious-ip,medium,WHITE,ziyadnz/hourly-ipv4,ziyadnz|hourly,2026-08-17T18:48:05Z,2026-08-17T18:48:05Z,
185.93.89.96,ipv4,malicious-ip,medium,WHITE,ziyadnz/hourly-ipv4,ziyadnz|hourly,2026-08-17T18:48:05Z,2026-08-17T18:48:05Z,
185.94.111.1,ipv4,malicious-ip,medium,WHITE,ziyadnz/hourly-ipv4,ziyadnz|hourly,2026-08-17T18:48:05Z,2026-08-17T18:48:05Z,
185.94.192.219,ipv4,malicious-ip,medium,WHITE,ziyadnz/hourly-ipv4,ziyadnz|hourly,2026-08-17T18:48:05Z,2026-08-17T18:48:05Z,
185.94.219.71,ipv4,malicious-ip,medium,WHITE,ziyadnz/hourly-ipv4,ziyadnz|hourly,2026-08-17T18:48:05Z,2026-08-17T18:48:05Z,
185.94.252.13,ipv4,malicious-ip,medium,WHITE,ziyadnz/hourly-ipv4,ziyadnz|hourly,2026-08-17T18:48:05Z,2026-08-17T18:48:05Z,
185.94.99.102,ipv4,malicious-ip,medium,WHITE,ziyadnz/hourly-ipv4,ziyadnz|hourly,2026-08-17T18:48:05Z,2026-08-17T18:48:05Z,
185.95.104.244,ipv4,malicious-ip,medium,WHITE,ziyadnz/hourly-ipv4,ziyadnz|hourly,2026-08-17T18:48:05Z,2026-08-17T18:48:05Z,
185.95.159.43,ipv4,malicious-ip,medium,WHITE,ziyadnz/hourly-ipv4,ziyadnz|hourly,2026-08-17T18:48:05Z,2026-08-17T18:48:05Z,
185.95.228.195,ipv4,malicious-ip,medium,WHITE,ziyadnz/hourly-ipv4,ziyadnz|hourly,2026-08-17T18:48:05Z,2026-08-17T18:48:05Z,
185.95.229.245,ipv4,malicious-ip,medium,WHITE,ziyadnz/hourly-ipv4,ziyadnz|hourly,2026-08-17T18:48:05Z,2026-08-17T18:48:05Z,
185.95.229.255,ipv4,malicious-ip,medium,WHITE,ziyadnz/hourly-ipv4,ziyadnz|hourly,2026-08-17T18:48:05Z,2026-08-17T18:48:05Z,
185.96.30.136,ipv4,malicious-ip,medium,WHITE,ziyadnz/hourly-ipv4,ziyadnz|hourly,2026-08-17T18:48:05Z,2026-08-17T18:48:05Z,
185.97.117.108,ipv4,malicious-ip,medium,WHITE,ziyadnz/hourly-ipv4,ziyadnz|hourly,2026-08-17T18:48:05Z,2026-08-17T18:48:05Z,
185.97.255.159,ipv4,malicious-ip,medium,WHITE,ziyadnz/hourly-ipv4,ziyadnz|hourly,2026-08-17T18:48:05Z,2026-08-17T18:48:05Z,
185.97.92.66,ipv4,malicious-ip,medium,WHITE,ziyadnz/hourly-ipv4,ziyadnz|hourly,2026-08-17T18:48:05Z,2026-08-17T18:48:05Z,
185.98.77.110,ipv4,malicious-ip,medium,WHITE,ziyadnz/hourly-ipv4,ziyadnz|hourly,2026-08-17T18:48:05Z,2026-08-17T18:48:05Z,
185.99.5.134,ipv4,malicious-ip,medium,WHITE,ziyadnz/hourly-ipv4,ziyadnz|hourly,2026-08-17T18:48:05Z,2026-08-17T18:48:05Z,
185.99.5.237,ipv4,malicious-ip,medium,WHITE,ziyadnz/hourly-ipv4,ziyadnz|hourly,2026-08-17T18:48:05Z,2026-08-17T18:48:05Z,
185.99.5.239,ipv4,malicious-ip,medium,WHITE,ziyadnz/hourly-ipv4,ziyadnz|hourly,2026-08-17T18:48:05Z,2026-08-17T18:48:05Z,
185.99.6.102,ipv4,malicious-ip,medium,WHITE,ziyadnz/hourly-ipv4,ziyadnz|hourly,2026-08-17T18:48:05Z,2026-08-17T18:48:05Z,
185.99.6.176,ipv4,malicious-ip,medium,WHITE,ziyadnz/hourly-ipv4,ziyadnz|hourly,2026-08-17T18:48:05Z,2026-08-17T18:48:05Z,
185.99.6.47,ipv4,malicious-ip,medium,WHITE,ziyadnz/hourly-ipv4,ziyadnz|hourly,2026-08-17T18:48:05Z,2026-08-17T18:48:05Z,
185.99.6.59,ipv4,malicious-ip,medium,WHITE,ziyadnz/hourly-ipv4,ziyadnz|hourly,2026-08-17T18:48:05Z,2026-08-17T18:48:05Z,
185.99.6.88,ipv4,malicious-ip,medium,WHITE,ziyadnz/hourly-ipv4,ziyadnz|hourly,2026-08-17T18:48:05Z,2026-08-17T18:48:05Z,
185.99.7.32,ipv4,malicious-ip,medium,WHITE,ziyadnz/hourly-ipv4,ziyadnz|hourly,2026-08-17T18:48:05Z,2026-08-17T18:48:05Z,
185.99.99.95,ipv4,malicious-ip,medium,WHITE,ziyadnz/hourly-ipv4,ziyadnz|hourly,2026-08-17T18:48:05Z,2026-08-17T18:48:05Z,
186.0.184.155,ipv4,malicious-ip,medium,WHITE,ziyadnz/hourly-ipv4,ziyadnz|hourly,2026-08-17T18:48:05Z,2026-08-17T18:48:05Z,
186.0.187.143,ipv4,malicious-ip,medium,WHITE,ziyadnz/hourly-ipv4,ziyadnz|hourly,2026-08-17T18:48:05Z,2026-08-17T18:48:05Z,
186.0.187.27,ipv4,malicious-ip,medium,WHITE,ziyadnz/hourly-ipv4,ziyadnz|hourly,2026-08-17T18:48:05Z,2026-08-17T18:48:05Z,
186.0.193.34,ipv4,malicious-ip,medium,WHITE,ziyadnz/hourly-ipv4,ziyadnz|hourly,2026-08-17T18:48:05Z,2026-08-17T18:48:05Z,
186.0.228.37,ipv4,malicious-ip,medium,WHITE,ziyadnz/hourly-ipv4,ziyadnz|hourly,2026-08-17T18:48:05Z,2026-08-17T18:48:05Z,
186.0.243.83,ipv4,malicious-ip,medium,WHITE,ziyadnz/hourly-ipv4,ziyadnz|hourly,2026-08-17T18:48:05Z,2026-08-17T18:48:05Z,
186.0.249.35,ipv4,malicious-ip,medium,WHITE,ziyadnz/hourly-ipv4,ziyadnz|hourly,2026-08-17T18:48:05Z,2026-08-17T18:48:05Z,
186.1.167.92,ipv4,malicious-ip,medium,WHITE,ziyadnz/hourly-ipv4,ziyadnz|hourly,2026-08-17T18:48:05Z,2026-08-17T18:48:05Z,
186.1.209.16,ipv4,malicious-ip,medium,WHITE,ziyadnz/hourly-ipv4,ziyadnz|hourly,2026-08-17T18:48:05Z,2026-08-17T18:48:05Z,
186.1.217.13,ipv4,malicious-ip,medium,WHITE,ziyadnz/hourly-ipv4,ziyadnz|hourly,2026-08-17T18:48:05Z,2026-08-17T18:48:05Z,
186.1.219.117,ipv4,malicious-ip,medium,WHITE,ziyadnz/hourly-ipv4,ziyadnz|hourly,2026-08-17T18:48:05Z,2026-08-17T18:48:05Z,
186.1.223.65,ipv4,malicious-ip,medium,WHITE,ziyadnz/hourly-ipv4,ziyadnz|hourly,2026-08-17T18:48:05Z,2026-08-17T18:48:05Z,
186.1.227.33,ipv4,malicious-ip,medium,WHITE,ziyadnz/hourly-ipv4,ziyadnz|hourly,2026-08-17T18:48:05Z,2026-08-17T18:48:05Z,
186.10.155.10,ipv4,malicious-ip,medium,WHITE,ziyadnz/hourly-ipv4,ziyadnz|hourly,2026-08-17T18:48:05Z,2026-08-17T18:48:05Z,
186.10.174.229,ipv4,malicious-ip,medium,WHITE,ziyadnz/hourly-ipv4,ziyadnz|hourly,2026-08-17T18:48:05Z,2026-08-17T18:48:05Z,
186.101.66.62,ipv4,malicious-ip,medium,WHITE,ziyadnz/hourly-ipv4,ziyadnz|hourly,2026-08-17T18:48:05Z,2026-08-17T18:48:05Z,
186.102.172.60,ipv4,malicious-ip,medium,WHITE,ziyadnz/hourly-ipv4,ziyadnz|hourly,2026-08-17T18:48:05Z,2026-08-17T18:48:05Z,
186.104.181.69,ipv4,malicious-ip,medium,WHITE,ziyadnz/hourly-ipv4,ziyadnz|hourly,2026-08-17T18:48:05Z,2026-08-17T18:48:05Z,
186.104.186.97,ipv4,malicious-ip,medium,WHITE,ziyadnz/hourly-ipv4,ziyadnz|hourly,2026-08-17T18:48:05Z,2026-08-17T18:48:05Z,
186.108.118.44,ipv4,malicious-ip,medium,WHITE,ziyadnz/hourly-ipv4,ziyadnz|hourly,2026-08-17T18:48:05Z,2026-08-17T18:48:05Z,
186.108.146.216,ipv4,malicious-ip,medium,WHITE,ziyadnz/hourly-ipv4,ziyadnz|hourly,2026-08-17T18:48:05Z,2026-08-17T18:48:05Z,
186.109.55.226,ipv4,malicious-ip,medium,WHITE,ziyadnz/hourly-ipv4,ziyadnz|hourly,2026-08-17T18:48:05Z,2026-08-17T18:48:05Z,
186.109.93.86,ipv4,malicious-ip,medium,WHITE,ziyadnz/hourly-ipv4,ziyadnz|hourly,2026-08-17T18:48:05Z,2026-08-17T18:48:05Z,
186.112.198.62,ipv4,malicious-ip,medium,WHITE,ziyadnz/hourly-ipv4,ziyadnz|hourly,2026-08-17T18:48:05Z,2026-08-17T18:48:05Z,
186.113.246.66,ipv4,malicious-ip,medium,WHITE,ziyadnz/hourly-ipv4,ziyadnz|hourly,2026-08-17T18:48:05Z,2026-08-17T18:48:05Z,
186.113.255.201,ipv4,malicious-ip,medium,WHITE,ziyadnz/hourly-ipv4,ziyadnz|hourly,2026-08-17T18:48:05Z,2026-08-17T18:48:05Z,
186.115.50.14,ipv4,malicious-ip,medium,WHITE,ziyadnz/hourly-ipv4,ziyadnz|hourly,2026-08-17T18:48:05Z,2026-08-17T18:48:05Z,
186.115.57.171,ipv4,malicious-ip,medium,WHITE,ziyadnz/hourly-ipv4,ziyadnz|hourly,2026-08-17T18:48:05Z,2026-08-17T18:48:05Z,
186.116.1.219,ipv4,malicious-ip,medium,WHITE,ziyadnz/hourly-ipv4,ziyadnz|hourly,2026-08-17T18:48:05Z,2026-08-17T18:48:05Z,
186.116.54.247,ipv4,malicious-ip,medium,WHITE,ziyadnz/hourly-ipv4,ziyadnz|hourly,2026-08-17T18:48:05Z,2026-08-17T18:48:05Z,
186.117.245.81,ipv4,malicious-ip,medium,WHITE,ziyadnz/hourly-ipv4,ziyadnz|hourly,2026-08-17T18:48:05Z,2026-08-17T18:48:05Z,
186.118.142.245,ipv4,malicious-ip,medium,WHITE,ziyadnz/hourly-ipv4,ziyadnz|hourly,2026-08-17T18:48:05Z,2026-08-17T18:48:05Z,
186.118.223.61,ipv4,malicious-ip,medium,WHITE,ziyadnz/hourly-ipv4,ziyadnz|hourly,2026-08-17T18:48:05Z,2026-08-17T18:48:05Z,
186.119.139.131,ipv4,malicious-ip,medium,WHITE,ziyadnz/hourly-ipv4,ziyadnz|hourly,2026-08-17T18:48:05Z,2026-08-17T18:48:05Z,
186.12.171.34,ipv4,malicious-ip,medium,WHITE,ziyadnz/hourly-ipv4,ziyadnz|hourly,2026-08-17T18:48:05Z,2026-08-17T18:48:05Z,
186.12.188.95,ipv4,malicious-ip,medium,WHITE,ziyadnz/hourly-ipv4,ziyadnz|hourly,2026-08-17T18:48:05Z,2026-08-17T18:48:05Z,
186.12.189.22,ipv4,malicious-ip,medium,WHITE,ziyadnz/hourly-ipv4,ziyadnz|hourly,2026-08-17T18:48:05Z,2026-08-17T18:48:05Z,
186.12.190.63,ipv4,malicious-ip,medium,WHITE,ziyadnz/hourly-ipv4,ziyadnz|hourly,2026-08-17T18:48:05Z,2026-08-17T18:48:05Z,
186.12.204.149,ipv4,malicious-ip,medium,WHITE,ziyadnz/hourly-ipv4,ziyadnz|hourly,2026-08-17T18:48:05Z,2026-08-17T18:48:05Z,
186.12.204.216,ipv4,malicious-ip,medium,WHITE,ziyadnz/hourly-ipv4,ziyadnz|hourly,2026-08-17T18:48:05Z,2026-08-17T18:48:05Z,
186.12.204.220,ipv4,malicious-ip,medium,WHITE,ziyadnz/hourly-ipv4,ziyadnz|hourly,2026-08-17T18:48:05Z,2026-08-17T18:48:05Z,
186.12.228.23,ipv4,malicious-ip,medium,WHITE,ziyadnz/hourly-ipv4,ziyadnz|hourly,2026-08-17T18:48:05Z,2026-08-17T18:48:05Z,
186.120.179.222,ipv4,malicious-ip,medium,WHITE,ziyadnz/hourly-ipv4,ziyadnz|hourly,2026-08-17T18:48:05Z,2026-08-17T18:48:05Z,
186.120.227.146,ipv4,malicious-ip,medium,WHITE,ziyadnz/hourly-ipv4,ziyadnz|hourly,2026-08-17T18:48:05Z,2026-08-17T18:48:05Z,
186.121.173.4,ipv4,malicious-ip,medium,WHITE,ziyadnz/hourly-ipv4,ziyadnz|hourly,2026-08-17T18:48:05Z,2026-08-17T18:48:05Z,
186.121.195.22,ipv4,malicious-ip,medium,WHITE,ziyadnz/hourly-ipv4,ziyadnz|hourly,2026-08-17T18:48:05Z,2026-08-17T18:48:05Z,
186.121.201.67,ipv4,malicious-ip,medium,WHITE,ziyadnz/hourly-ipv4,ziyadnz|hourly,2026-08-17T18:48:05Z,2026-08-17T18:48:05Z,
186.121.212.158,ipv4,malicious-ip,medium,WHITE,ziyadnz/hourly-ipv4,ziyadnz|hourly,2026-08-17T18:48:05Z,2026-08-17T18:48:05Z,
186.121.233.37,ipv4,malicious-ip,medium,WHITE,ziyadnz/hourly-ipv4,ziyadnz|hourly,2026-08-17T18:48:05Z,2026-08-17T18:48:05Z,
186.121.235.58,ipv4,malicious-ip,medium,WHITE,ziyadnz/hourly-ipv4,ziyadnz|hourly,2026-08-17T18:48:05Z,2026-08-17T18:48:05Z,
186.121.253.138,ipv4,malicious-ip,medium,WHITE,ziyadnz/hourly-ipv4,ziyadnz|hourly,2026-08-17T18:48:05Z,2026-08-17T18:48:05Z,
186.122.0.54,ipv4,malicious-ip,medium,WHITE,ziyadnz/hourly-ipv4,ziyadnz|hourly,2026-08-17T18:48:05Z,2026-08-17T18:48:05Z,
186.122.1.153,ipv4,malicious-ip,medium,WHITE,ziyadnz/hourly-ipv4,ziyadnz|hourly,2026-08-17T18:48:05Z,2026-08-17T18:48:05Z,
186.122.104.243,ipv4,malicious-ip,medium,WHITE,ziyadnz/hourly-ipv4,ziyadnz|hourly,2026-08-17T18:48:05Z,2026-08-17T18:48:05Z,
186.122.11.133,ipv4,malicious-ip,medium,WHITE,ziyadnz/hourly-ipv4,ziyadnz|hourly,2026-08-17T18:48:05Z,2026-08-17T18:48:05Z,
186.122.150.107,ipv4,malicious-ip,medium,WHITE,ziyadnz/hourly-ipv4,ziyadnz|hourly,2026-08-17T18:48:05Z,2026-08-17T18:48:05Z,
186.122.177.140,ipv4,malicious-ip,medium,WHITE,ziyadnz/hourly-ipv4,ziyadnz|hourly,2026-08-17T18:48:05Z,2026-08-17T18:48:05Z,
186.122.212.144,ipv4,malicious-ip,medium,WHITE,ziyadnz/hourly-ipv4,ziyadnz|hourly,2026-08-17T18:48:05Z,2026-08-17T18:48:05Z,
186.122.224.46,ipv4,malicious-ip,medium,WHITE,ziyadnz/hourly-ipv4,ziyadnz|hourly,2026-08-17T18:48:05Z,2026-08-17T18:48:05Z,
186.122.90.58,ipv4,malicious-ip,medium,WHITE,ziyadnz/hourly-ipv4,ziyadnz|hourly,2026-08-17T18:48:05Z,2026-08-17T18:48:05Z,
186.123.136.127,ipv4,malicious-ip,medium,WHITE,ziyadnz/hourly-ipv4,ziyadnz|hourly,2026-08-17T18:48:05Z,2026-08-17T18:48:05Z,
186.123.145.185,ipv4,malicious-ip,medium,WHITE,ziyadnz/hourly-ipv4,ziyadnz|hourly,2026-08-17T18:48:05Z,2026-08-17T18:48:05Z,
186.123.162.251,ipv4,malicious-ip,medium,WHITE,ziyadnz/hourly-ipv4,ziyadnz|hourly,2026-08-17T18:48:05Z,2026-08-17T18:48:05Z,
186.123.7.48,ipv4,malicious-ip,medium,WHITE,ziyadnz/hourly-ipv4,ziyadnz|hourly,2026-08-17T18:48:05Z,2026-08-17T18:48:05Z,
186.123.86.15,ipv4,malicious-ip,medium,WHITE,ziyadnz/hourly-ipv4,ziyadnz|hourly,2026-08-17T18:48:05Z,2026-08-17T18:48:05Z,
186.123.96.13,ipv4,malicious-ip,medium,WHITE,ziyadnz/hourly-ipv4,ziyadnz|hourly,2026-08-17T18:48:05Z,2026-08-17T18:48:05Z,
186.124.218.0,ipv4,malicious-ip,medium,WHITE,ziyadnz/hourly-ipv4,ziyadnz|hourly,2026-08-17T18:48:05Z,2026-08-17T18:48:05Z,
186.124.218.172,ipv4,malicious-ip,medium,WHITE,ziyadnz/hourly-ipv4,ziyadnz|hourly,2026-08-17T18:48:05Z,2026-08-17T18:48:05Z,
186.124.218.179,ipv4,malicious-ip,medium,WHITE,ziyadnz/hourly-ipv4,ziyadnz|hourly,2026-08-17T18:48:05Z,2026-08-17T18:48:05Z,
186.124.218.180,ipv4,malicious-ip,medium,WHITE,ziyadnz/hourly-ipv4,ziyadnz|hourly,2026-08-17T18:48:05Z,2026-08-17T18:48:05Z,
186.124.218.214,ipv4,malicious-ip,medium,WHITE,ziyadnz/hourly-ipv4,ziyadnz|hourly,2026-08-17T18:48:05Z,2026-08-17T18:48:05Z,
186.124.218.229,ipv4,malicious-ip,medium,WHITE,ziyadnz/hourly-ipv4,ziyadnz|hourly,2026-08-17T18:48:05Z,2026-08-17T18:48:05Z,
186.124.218.42,ipv4,malicious-ip,medium,WHITE,ziyadnz/hourly-ipv4,ziyadnz|hourly,2026-08-17T18:48:05Z,2026-08-17T18:48:05Z,
186.124.218.50,ipv4,malicious-ip,medium,WHITE,ziyadnz/hourly-ipv4,ziyadnz|hourly,2026-08-17T18:48:05Z,2026-08-17T18:48:05Z,
186.124.76.241,ipv4,malicious-ip,medium,WHITE,ziyadnz/hourly-ipv4,ziyadnz|hourly,2026-08-17T18:48:05Z,2026-08-17T18:48:05Z,
186.125.212.115,ipv4,malicious-ip,medium,WHITE,ziyadnz/hourly-ipv4,ziyadnz|hourly,2026-08-17T18:48:05Z,2026-08-17T18:48:05Z,
186.125.212.116,ipv4,malicious-ip,medium,WHITE,ziyadnz/hourly-ipv4,ziyadnz|hourly,2026-08-17T18:48:05Z,2026-08-17T18:48:05Z,
186.125.212.119,ipv4,malicious-ip,medium,WHITE,ziyadnz/hourly-ipv4,ziyadnz|hourly,2026-08-17T18:48:05Z,2026-08-17T18:48:05Z,
186.125.212.122,ipv4,malicious-ip,medium,WHITE,ziyadnz/hourly-ipv4,ziyadnz|hourly,2026-08-17T18:48:05Z,2026-08-17T18:48:05Z,
186.125.93.181,ipv4,malicious-ip,medium,WHITE,ziyadnz/hourly-ipv4,ziyadnz|hourly,2026-08-17T18:48:05Z,2026-08-17T18:48:05Z,
186.127.89.200,ipv4,malicious-ip,medium,WHITE,ziyadnz/hourly-ipv4,ziyadnz|hourly,2026-08-17T18:48:05Z,2026-08-17T18:48:05Z,
186.128.171.10,ipv4,malicious-ip,medium,WHITE,ziyadnz/hourly-ipv4,ziyadnz|hourly,2026-08-17T18:48:05Z,2026-08-17T18:48:05Z,
186.128.62.238,ipv4,malicious-ip,medium,WHITE,ziyadnz/hourly-ipv4,ziyadnz|hourly,2026-08-17T18:48:05Z,2026-08-17T18:48:05Z,
186.128.91.42,ipv4,malicious-ip,medium,WHITE,ziyadnz/hourly-ipv4,ziyadnz|hourly,2026-08-17T18:48:05Z,2026-08-17T18:48:05Z,
186.129.29.245,ipv4,malicious-ip,medium,WHITE,ziyadnz/hourly-ipv4,ziyadnz|hourly,2026-08-17T18:48:05Z,2026-08-17T18:48:05Z,
186.129.6.193,ipv4,malicious-ip,medium,WHITE,ziyadnz/hourly-ipv4,ziyadnz|hourly,2026-08-17T18:48:05Z,2026-08-17T18:48:05Z,
186.13.115.252,ipv4,malicious-ip,medium,WHITE,ziyadnz/hourly-ipv4,ziyadnz|hourly,2026-08-17T18:48:05Z,2026-08-17T18:48:05Z,
186.13.96.148,ipv4,malicious-ip,medium,WHITE,ziyadnz/hourly-ipv4,ziyadnz|hourly,2026-08-17T18:48:05Z,2026-08-17T18:48:05Z,
186.130.65.149,ipv4,malicious-ip,medium,WHITE,ziyadnz/hourly-ipv4,ziyadnz|hourly,2026-08-17T18:48:05Z,2026-08-17T18:48:05Z,
186.131.130.157,ipv4,malicious-ip,medium,WHITE,ziyadnz/hourly-ipv4,ziyadnz|hourly,2026-08-17T18:48:05Z,2026-08-17T18:48:05Z,
186.131.145.77,ipv4,malicious-ip,medium,WHITE,ziyadnz/hourly-ipv4,ziyadnz|hourly,2026-08-17T18:48:05Z,2026-08-17T18:48:05Z,
186.132.103.164,ipv4,malicious-ip,medium,WHITE,ziyadnz/hourly-ipv4,ziyadnz|hourly,2026-08-17T18:48:05Z,2026-08-17T18:48:05Z,
186.132.121.255,ipv4,malicious-ip,medium,WHITE,ziyadnz/hourly-ipv4,ziyadnz|hourly,2026-08-17T18:48:05Z,2026-08-17T18:48:05Z,
186.132.229.212,ipv4,malicious-ip,medium,WHITE,ziyadnz/hourly-ipv4,ziyadnz|hourly,2026-08-17T18:48:05Z,2026-08-17T18:48:05Z,
186.132.63.185,ipv4,malicious-ip,medium,WHITE,ziyadnz/hourly-ipv4,ziyadnz|hourly,2026-08-17T18:48:05Z,2026-08-17T18:48:05Z,
186.132.67.56,ipv4,malicious-ip,medium,WHITE,ziyadnz/hourly-ipv4,ziyadnz|hourly,2026-08-17T18:48:05Z,2026-08-17T18:48:05Z,
186.132.87.29,ipv4,malicious-ip,medium,WHITE,ziyadnz/hourly-ipv4,ziyadnz|hourly,2026-08-17T18:48:05Z,2026-08-17T18:48:05Z,
186.134.59.197,ipv4,malicious-ip,medium,WHITE,ziyadnz/hourly-ipv4,ziyadnz|hourly,2026-08-17T18:48:05Z,2026-08-17T18:48:05Z,
186.137.128.145,ipv4,malicious-ip,medium,WHITE,ziyadnz/hourly-ipv4,ziyadnz|hourly,2026-08-17T18:48:05Z,2026-08-17T18:48:05Z,
186.137.133.195,ipv4,malicious-ip,medium,WHITE,ziyadnz/hourly-ipv4,ziyadnz|hourly,2026-08-17T18:48:05Z,2026-08-17T18:48:05Z,
186.137.156.136,ipv4,malicious-ip,medium,WHITE,ziyadnz/hourly-ipv4,ziyadnz|hourly,2026-08-17T18:48:05Z,2026-08-17T18:48:05Z,
186.137.166.28,ipv4,malicious-ip,medium,WHITE,ziyadnz/hourly-ipv4,ziyadnz|hourly,2026-08-17T18:48:05Z,2026-08-17T18:48:05Z,
186.137.252.59,ipv4,malicious-ip,medium,WHITE,ziyadnz/hourly-ipv4,ziyadnz|hourly,2026-08-17T18:48:05Z,2026-08-17T18:48:05Z,
186.137.53.81,ipv4,malicious-ip,medium,WHITE,ziyadnz/hourly-ipv4,ziyadnz|hourly,2026-08-17T18:48:05Z,2026-08-17T18:48:05Z,
186.137.64.14,ipv4,malicious-ip,medium,WHITE,ziyadnz/hourly-ipv4,ziyadnz|hourly,2026-08-17T18:48:05Z,2026-08-17T18:48:05Z,
186.138.104.97,ipv4,malicious-ip,medium,WHITE,ziyadnz/hourly-ipv4,ziyadnz|hourly,2026-08-17T18:48:05Z,2026-08-17T18:48:05Z,
186.138.107.5,ipv4,malicious-ip,medium,WHITE,ziyadnz/hourly-ipv4,ziyadnz|hourly,2026-08-17T18:48:05Z,2026-08-17T18:48:05Z,
186.138.235.129,ipv4,malicious-ip,medium,WHITE,ziyadnz/hourly-ipv4,ziyadnz|hourly,2026-08-17T18:48:05Z,2026-08-17T18:48:05Z,
186.145.214.167,ipv4,malicious-ip,medium,WHITE,ziyadnz/hourly-ipv4,ziyadnz|hourly,2026-08-17T18:48:05Z,2026-08-17T18:48:05Z,
186.145.214.199,ipv4,malicious-ip,medium,WHITE,ziyadnz/hourly-ipv4,ziyadnz|hourly,2026-08-17T18:48:05Z,2026-08-17T18:48:05Z,
186.146.235.58,ipv4,malicious-ip,medium,WHITE,ziyadnz/hourly-ipv4,ziyadnz|hourly,2026-08-17T18:48:05Z,2026-08-17T18:48:05Z,
186.146.240.244,ipv4,malicious-ip,medium,WHITE,ziyadnz/hourly-ipv4,ziyadnz|hourly,2026-08-17T18:48:05Z,2026-08-17T18:48:05Z,
186.147.162.215,ipv4,malicious-ip,medium,WHITE,ziyadnz/hourly-ipv4,ziyadnz|hourly,2026-08-17T18:48:05Z,2026-08-17T18:48:05Z,
186.147.55.19,ipv4,malicious-ip,medium,WHITE,ziyadnz/hourly-ipv4,ziyadnz|hourly,2026-08-17T18:48:05Z,2026-08-17T18:48:05Z,
186.148.121.131,ipv4,malicious-ip,medium,WHITE,ziyadnz/hourly-ipv4,ziyadnz|hourly,2026-08-17T18:48:05Z,2026-08-17T18:48:05Z,
186.148.175.250,ipv4,malicious-ip,medium,WHITE,ziyadnz/hourly-ipv4,ziyadnz|hourly,2026-08-17T18:48:05Z,2026-08-17T18:48:05Z,
186.148.178.211,ipv4,malicious-ip,medium,WHITE,ziyadnz/hourly-ipv4,ziyadnz|hourly,2026-08-17T18:48:05Z,2026-08-17T18:48:05Z,
186.148.224.183,ipv4,malicious-ip,medium,WHITE,ziyadnz/hourly-ipv4,ziyadnz|hourly,2026-08-17T18:48:05Z,2026-08-17T18:48:05Z,
186.148.224.21,ipv4,malicious-ip,medium,WHITE,ziyadnz/hourly-ipv4,ziyadnz|hourly,2026-08-17T18:48:05Z,2026-08-17T18:48:05Z,
186.148.224.219,ipv4,malicious-ip,medium,WHITE,ziyadnz/hourly-ipv4,ziyadnz|hourly,2026-08-17T18:48:05Z,2026-08-17T18:48:05Z,
186.148.225.0,ipv4,malicious-ip,medium,WHITE,ziyadnz/hourly-ipv4,ziyadnz|hourly,2026-08-17T18:48:05Z,2026-08-17T18:48:05Z,
186.148.225.141,ipv4,malicious-ip,medium,WHITE,ziyadnz/hourly-ipv4,ziyadnz|hourly,2026-08-17T18:48:05Z,2026-08-17T18:48:05Z,
186.148.225.161,ipv4,malicious-ip,medium,WHITE,ziyadnz/hourly-ipv4,ziyadnz|hourly,2026-08-17T18:48:05Z,2026-08-17T18:48:05Z,
186.148.225.162,ipv4,malicious-ip,medium,WHITE,ziyadnz/hourly-ipv4,ziyadnz|hourly,2026-08-17T18:48:05Z,2026-08-17T18:48:05Z,
186.148.225.164,ipv4,malicious-ip,medium,WHITE,ziyadnz/hourly-ipv4,ziyadnz|hourly,2026-08-17T18:48:05Z,2026-08-17T18:48:05Z,
186.148.225.26,ipv4,malicious-ip,medium,WHITE,ziyadnz/hourly-ipv4,ziyadnz|hourly,2026-08-17T18:48:05Z,2026-08-17T18:48:05Z,
186.148.225.36,ipv4,malicious-ip,medium,WHITE,ziyadnz/hourly-ipv4,ziyadnz|hourly,2026-08-17T18:48:05Z,2026-08-17T18:48:05Z,
186.148.226.218,ipv4,malicious-ip,medium,WHITE,ziyadnz/hourly-ipv4,ziyadnz|hourly,2026-08-17T18:48:05Z,2026-08-17T18:48:05Z,
186.148.226.235,ipv4,malicious-ip,medium,WHITE,ziyadnz/hourly-ipv4,ziyadnz|hourly,2026-08-17T18:48:05Z,2026-08-17T18:48:05Z,
186.148.226.236,ipv4,malicious-ip,medium,WHITE,ziyadnz/hourly-ipv4,ziyadnz|hourly,2026-08-17T18:48:05Z,2026-08-17T18:48:05Z,
186.148.227.122,ipv4,malicious-ip,medium,WHITE,ziyadnz/hourly-ipv4,ziyadnz|hourly,2026-08-17T18:48:05Z,2026-08-17T18:48:05Z,
186.148.227.125,ipv4,malicious-ip,medium,WHITE,ziyadnz/hourly-ipv4,ziyadnz|hourly,2026-08-17T18:48:05Z,2026-08-17T18:48:05Z,
186.148.227.18,ipv4,malicious-ip,medium,WHITE,ziyadnz/hourly-ipv4,ziyadnz|hourly,2026-08-17T18:48:05Z,2026-08-17T18:48:05Z,
186.148.227.69,ipv4,malicious-ip,medium,WHITE,ziyadnz/hourly-ipv4,ziyadnz|hourly,2026-08-17T18:48:05Z,2026-08-17T18:48:05Z,
186.148.229.255,ipv4,malicious-ip,medium,WHITE,ziyadnz/hourly-ipv4,ziyadnz|hourly,2026-08-17T18:48:05Z,2026-08-17T18:48:05Z,
186.148.31.155,ipv4,malicious-ip,medium,WHITE,ziyadnz/hourly-ipv4,ziyadnz|hourly,2026-08-17T18:48:05Z,2026-08-17T18:48:05Z,
186.148.85.115,ipv4,malicious-ip,medium,WHITE,ziyadnz/hourly-ipv4,ziyadnz|hourly,2026-08-17T18:48:05Z,2026-08-17T18:48:05Z,
186.148.85.21,ipv4,malicious-ip,medium,WHITE,ziyadnz/hourly-ipv4,ziyadnz|hourly,2026-08-17T18:48:05Z,2026-08-17T18:48:05Z,
186.148.85.73,ipv4,malicious-ip,medium,WHITE,ziyadnz/hourly-ipv4,ziyadnz|hourly,2026-08-17T18:48:05Z,2026-08-17T18:48:05Z,
186.148.86.94,ipv4,malicious-ip,medium,WHITE,ziyadnz/hourly-ipv4,ziyadnz|hourly,2026-08-17T18:48:05Z,2026-08-17T18:48:05Z,
186.149.13.35,ipv4,malicious-ip,medium,WHITE,ziyadnz/hourly-ipv4,ziyadnz|hourly,2026-08-17T18:48:05Z,2026-08-17T18:48:05Z,
186.149.199.90,ipv4,malicious-ip,medium,WHITE,ziyadnz/hourly-ipv4,ziyadnz|hourly,2026-08-17T18:48:05Z,2026-08-17T18:48:05Z,
186.15.25.171,ipv4,malicious-ip,medium,WHITE,ziyadnz/hourly-ipv4,ziyadnz|hourly,2026-08-17T18:48:05Z,2026-08-17T18:48:05Z,
186.151.96.53,ipv4,malicious-ip,medium,WHITE,ziyadnz/hourly-ipv4,ziyadnz|hourly,2026-08-17T18:48:05Z,2026-08-17T18:48:05Z,
186.152.122.197,ipv4,malicious-ip,medium,WHITE,ziyadnz/hourly-ipv4,ziyadnz|hourly,2026-08-17T18:48:05Z,2026-08-17T18:48:05Z,
186.152.227.13,ipv4,malicious-ip,medium,WHITE,ziyadnz/hourly-ipv4,ziyadnz|hourly,2026-08-17T18:48:05Z,2026-08-17T18:48:05Z,
186.153.121.14,ipv4,malicious-ip,medium,WHITE,ziyadnz/hourly-ipv4,ziyadnz|hourly,2026-08-17T18:48:05Z,2026-08-17T18:48:05Z,
186.153.160.166,ipv4,malicious-ip,medium,WHITE,ziyadnz/hourly-ipv4,ziyadnz|hourly,2026-08-17T18:48:05Z,2026-08-17T18:48:05Z,
186.153.208.136,ipv4,malicious-ip,medium,WHITE,ziyadnz/hourly-ipv4,ziyadnz|hourly,2026-08-17T18:48:05Z,2026-08-17T18:48:05Z,
186.153.51.6,ipv4,malicious-ip,medium,WHITE,ziyadnz/hourly-ipv4,ziyadnz|hourly,2026-08-17T18:48:05Z,2026-08-17T18:48:05Z,
186.154.161.35,ipv4,malicious-ip,medium,WHITE,ziyadnz/hourly-ipv4,ziyadnz|hourly,2026-08-17T18:48:05Z,2026-08-17T18:48:05Z,
186.154.184.159,ipv4,malicious-ip,medium,WHITE,ziyadnz/hourly-ipv4,ziyadnz|hourly,2026-08-17T18:48:05Z,2026-08-17T18:48:05Z,
186.154.52.207,ipv4,malicious-ip,medium,WHITE,ziyadnz/hourly-ipv4,ziyadnz|hourly,2026-08-17T18:48:05Z,2026-08-17T18:48:05Z,
186.155.157.18,ipv4,malicious-ip,medium,WHITE,ziyadnz/hourly-ipv4,ziyadnz|hourly,2026-08-17T18:48:05Z,2026-08-17T18:48:05Z,
186.155.41.54,ipv4,malicious-ip,medium,WHITE,ziyadnz/hourly-ipv4,ziyadnz|hourly,2026-08-17T18:48:05Z,2026-08-17T18:48:05Z,
186.156.15.113,ipv4,malicious-ip,medium,WHITE,ziyadnz/hourly-ipv4,ziyadnz|hourly,2026-08-17T18:48:05Z,2026-08-17T18:48:05Z,
186.156.68.59,ipv4,malicious-ip,medium,WHITE,ziyadnz/hourly-ipv4,ziyadnz|hourly,2026-08-17T18:48:05Z,2026-08-17T18:48:05Z,
186.158.120.133,ipv4,malicious-ip,medium,WHITE,ziyadnz/hourly-ipv4,ziyadnz|hourly,2026-08-17T18:48:05Z,2026-08-17T18:48:05Z,
186.158.120.173,ipv4,malicious-ip,medium,WHITE,ziyadnz/hourly-ipv4,ziyadnz|hourly,2026-08-17T18:48:05Z,2026-08-17T18:48:05Z,
186.158.120.216,ipv4,malicious-ip,medium,WHITE,ziyadnz/hourly-ipv4,ziyadnz|hourly,2026-08-17T18:48:05Z,2026-08-17T18:48:05Z,
186.158.120.23,ipv4,malicious-ip,medium,WHITE,ziyadnz/hourly-ipv4,ziyadnz|hourly,2026-08-17T18:48:05Z,2026-08-17T18:48:05Z,
186.158.142.185,ipv4,malicious-ip,medium,WHITE,ziyadnz/hourly-ipv4,ziyadnz|hourly,2026-08-17T18:48:05Z,2026-08-17T18:48:05Z,
186.158.146.46,ipv4,malicious-ip,medium,WHITE,ziyadnz/hourly-ipv4,ziyadnz|hourly,2026-08-17T18:48:05Z,2026-08-17T18:48:05Z,
186.158.182.21,ipv4,malicious-ip,medium,WHITE,ziyadnz/hourly-ipv4,ziyadnz|hourly,2026-08-17T18:48:05Z,2026-08-17T18:48:05Z,
186.158.236.10,ipv4,malicious-ip,medium,WHITE,ziyadnz/hourly-ipv4,ziyadnz|hourly,2026-08-17T18:48:05Z,2026-08-17T18:48:05Z,
186.158.237.233,ipv4,malicious-ip,medium,WHITE,ziyadnz/hourly-ipv4,ziyadnz|hourly,2026-08-17T18:48:05Z,2026-08-17T18:48:05Z,
186.158.26.251,ipv4,malicious-ip,medium,WHITE,ziyadnz/hourly-ipv4,ziyadnz|hourly,2026-08-17T18:48:05Z,2026-08-17T18:48:05Z,
186.159.11.50,ipv4,malicious-ip,medium,WHITE,ziyadnz/hourly-ipv4,ziyadnz|hourly,2026-08-17T18:48:05Z,2026-08-17T18:48:05Z,
186.159.121.154,ipv4,malicious-ip,medium,WHITE,ziyadnz/hourly-ipv4,ziyadnz|hourly,2026-08-17T18:48:05Z,2026-08-17T18:48:05Z,
186.159.122.104,ipv4,malicious-ip,medium,WHITE,ziyadnz/hourly-ipv4,ziyadnz|hourly,2026-08-17T18:48:05Z,2026-08-17T18:48:05Z,
186.159.122.43,ipv4,malicious-ip,medium,WHITE,ziyadnz/hourly-ipv4,ziyadnz|hourly,2026-08-17T18:48:05Z,2026-08-17T18:48:05Z,
186.159.122.44,ipv4,malicious-ip,medium,WHITE,ziyadnz/hourly-ipv4,ziyadnz|hourly,2026-08-17T18:48:05Z,2026-08-17T18:48:05Z,
186.159.123.24,ipv4,malicious-ip,medium,WHITE,ziyadnz/hourly-ipv4,ziyadnz|hourly,2026-08-17T18:48:05Z,2026-08-17T18:48:05Z,
186.16.144.46,ipv4,malicious-ip,medium,WHITE,ziyadnz/hourly-ipv4,ziyadnz|hourly,2026-08-17T18:48:05Z,2026-08-17T18:48:05Z,
186.16.213.54,ipv4,malicious-ip,medium,WHITE,ziyadnz/hourly-ipv4,ziyadnz|hourly,2026-08-17T18:48:05Z,2026-08-17T18:48:05Z,
186.16.59.246,ipv4,malicious-ip,medium,WHITE,ziyadnz/hourly-ipv4,ziyadnz|hourly,2026-08-17T18:48:05Z,2026-08-17T18:48:05Z,
186.167.1.78,ipv4,malicious-ip,medium,WHITE,ziyadnz/hourly-ipv4,ziyadnz|hourly,2026-08-17T18:48:05Z,2026-08-17T18:48:05Z,
186.167.113.145,ipv4,malicious-ip,medium,WHITE,ziyadnz/hourly-ipv4,ziyadnz|hourly,2026-08-17T18:48:05Z,2026-08-17T18:48:05Z,
186.167.48.235,ipv4,malicious-ip,medium,WHITE,ziyadnz/hourly-ipv4,ziyadnz|hourly,2026-08-17T18:48:05Z,2026-08-17T18:48:05Z,
186.167.51.170,ipv4,malicious-ip,medium,WHITE,ziyadnz/hourly-ipv4,ziyadnz|hourly,2026-08-17T18:48:05Z,2026-08-17T18:48:05Z,
186.167.66.10,ipv4,malicious-ip,medium,WHITE,ziyadnz/hourly-ipv4,ziyadnz|hourly,2026-08-17T18:48:05Z,2026-08-17T18:48:05Z,
186.168.157.152,ipv4,malicious-ip,medium,WHITE,ziyadnz/hourly-ipv4,ziyadnz|hourly,2026-08-17T18:48:05Z,2026-08-17T18:48:05Z,
186.168.196.120,ipv4,malicious-ip,medium,WHITE,ziyadnz/hourly-ipv4,ziyadnz|hourly,2026-08-17T18:48:05Z,2026-08-17T18:48:05Z,
186.168.246.27,ipv4,malicious-ip,medium,WHITE,ziyadnz/hourly-ipv4,ziyadnz|hourly,2026-08-17T18:48:05Z,2026-08-17T18:48:05Z,
186.168.82.164,ipv4,malicious-ip,medium,WHITE,ziyadnz/hourly-ipv4,ziyadnz|hourly,2026-08-17T18:48:05Z,2026-08-17T18:48:05Z,
186.169.37.205,ipv4,malicious-ip,medium,WHITE,ziyadnz/hourly-ipv4,ziyadnz|hourly,2026-08-17T18:48:05Z,2026-08-17T18:48:05Z,
186.169.43.60,ipv4,malicious-ip,medium,WHITE,ziyadnz/hourly-ipv4,ziyadnz|hourly,2026-08-17T18:48:05Z,2026-08-17T18:48:05Z,
186.169.48.87,ipv4,malicious-ip,medium,WHITE,ziyadnz/hourly-ipv4,ziyadnz|hourly,2026-08-17T18:48:05Z,2026-08-17T18:48:05Z,
186.170.16.92,ipv4,malicious-ip,medium,WHITE,ziyadnz/hourly-ipv4,ziyadnz|hourly,2026-08-17T18:48:05Z,2026-08-17T18:48:05Z,
186.174.68.124,ipv4,malicious-ip,medium,WHITE,ziyadnz/hourly-ipv4,ziyadnz|hourly,2026-08-17T18:48:05Z,2026-08-17T18:48:05Z,
186.175.83.130,ipv4,malicious-ip,medium,WHITE,ziyadnz/hourly-ipv4,ziyadnz|hourly,2026-08-17T18:48:05Z,2026-08-17T18:48:05Z,
186.177.88.0,ipv4,malicious-ip,medium,WHITE,ziyadnz/hourly-ipv4,ziyadnz|hourly,2026-08-17T18:48:05Z,2026-08-17T18:48:05Z,
186.177.88.120,ipv4,malicious-ip,medium,WHITE,ziyadnz/hourly-ipv4,ziyadnz|hourly,2026-08-17T18:48:05Z,2026-08-17T18:48:05Z,
186.177.88.38,ipv4,malicious-ip,medium,WHITE,ziyadnz/hourly-ipv4,ziyadnz|hourly,2026-08-17T18:48:05Z,2026-08-17T18:48:05Z,
186.177.88.42,ipv4,malicious-ip,medium,WHITE,ziyadnz/hourly-ipv4,ziyadnz|hourly,2026-08-17T18:48:05Z,2026-08-17T18:48:05Z,
186.177.88.62,ipv4,malicious-ip,medium,WHITE,ziyadnz/hourly-ipv4,ziyadnz|hourly,2026-08-17T18:48:05Z,2026-08-17T18:48:05Z,
186.179.100.0,ipv4,malicious-ip,medium,WHITE,ziyadnz/hourly-ipv4,ziyadnz|hourly,2026-08-17T18:48:05Z,2026-08-17T18:48:05Z,
186.179.100.101,ipv4,malicious-ip,medium,WHITE,ziyadnz/hourly-ipv4,ziyadnz|hourly,2026-08-17T18:48:05Z,2026-08-17T18:48:05Z,
186.179.68.197,ipv4,malicious-ip,medium,WHITE,ziyadnz/hourly-ipv4,ziyadnz|hourly,2026-08-17T18:48:05Z,2026-08-17T18:48:05Z,
186.179.80.12,ipv4,malicious-ip,medium,WHITE,ziyadnz/hourly-ipv4,ziyadnz|hourly,2026-08-17T18:48:05Z,2026-08-17T18:48:05Z,
186.18.108.58,ipv4,malicious-ip,medium,WHITE,ziyadnz/hourly-ipv4,ziyadnz|hourly,2026-08-17T18:48:05Z,2026-08-17T18:48:05Z,
186.18.130.115,ipv4,malicious-ip,medium,WHITE,ziyadnz/hourly-ipv4,ziyadnz|hourly,2026-08-17T18:48:05Z,2026-08-17T18:48:05Z,
186.18.140.7,ipv4,malicious-ip,medium,WHITE,ziyadnz/hourly-ipv4,ziyadnz|hourly,2026-08-17T18:48:05Z,2026-08-17T18:48:05Z,
186.18.201.185,ipv4,malicious-ip,medium,WHITE,ziyadnz/hourly-ipv4,ziyadnz|hourly,2026-08-17T18:48:05Z,2026-08-17T18:48:05Z,
186.18.222.221,ipv4,malicious-ip,medium,WHITE,ziyadnz/hourly-ipv4,ziyadnz|hourly,2026-08-17T18:48:05Z,2026-08-17T18:48:05Z,
186.18.24.131,ipv4,malicious-ip,medium,WHITE,ziyadnz/hourly-ipv4,ziyadnz|hourly,2026-08-17T18:48:05Z,2026-08-17T18:48:05Z,
186.18.240.125,ipv4,malicious-ip,medium,WHITE,ziyadnz/hourly-ipv4,ziyadnz|hourly,2026-08-17T18:48:05Z,2026-08-17T18:48:05Z,
186.18.241.179,ipv4,malicious-ip,medium,WHITE,ziyadnz/hourly-ipv4,ziyadnz|hourly,2026-08-17T18:48:05Z,2026-08-17T18:48:05Z,
186.180.175.234,ipv4,malicious-ip,medium,WHITE,ziyadnz/hourly-ipv4,ziyadnz|hourly,2026-08-17T18:48:05Z,2026-08-17T18:48:05Z,
186.188.169.148,ipv4,malicious-ip,medium,WHITE,ziyadnz/hourly-ipv4,ziyadnz|hourly,2026-08-17T18:48:05Z,2026-08-17T18:48:05Z,
186.188.204.101,ipv4,malicious-ip,medium,WHITE,ziyadnz/hourly-ipv4,ziyadnz|hourly,2026-08-17T18:48:05Z,2026-08-17T18:48:05Z,
186.188.215.84,ipv4,malicious-ip,medium,WHITE,ziyadnz/hourly-ipv4,ziyadnz|hourly,2026-08-17T18:48:05Z,2026-08-17T18:48:05Z,
186.189.103.21,ipv4,malicious-ip,medium,WHITE,ziyadnz/hourly-ipv4,ziyadnz|hourly,2026-08-17T18:48:05Z,2026-08-17T18:48:05Z,
186.189.91.239,ipv4,malicious-ip,medium,WHITE,ziyadnz/hourly-ipv4,ziyadnz|hourly,2026-08-17T18:48:05Z,2026-08-17T18:48:05Z,
186.189.92.153,ipv4,malicious-ip,medium,WHITE,ziyadnz/hourly-ipv4,ziyadnz|hourly,2026-08-17T18:48:05Z,2026-08-17T18:48:05Z,
186.189.98.32,ipv4,malicious-ip,medium,WHITE,ziyadnz/hourly-ipv4,ziyadnz|hourly,2026-08-17T18:48:05Z,2026-08-17T18:48:05Z,
186.19.123.0,ipv4,malicious-ip,medium,WHITE,ziyadnz/hourly-ipv4,ziyadnz|hourly,2026-08-17T18:48:05Z,2026-08-17T18:48:05Z,
186.19.123.131,ipv4,malicious-ip,medium,WHITE,ziyadnz/hourly-ipv4,ziyadnz|hourly,2026-08-17T18:48:05Z,2026-08-17T18:48:05Z,
186.19.123.143,ipv4,malicious-ip,medium,WHITE,ziyadnz/hourly-ipv4,ziyadnz|hourly,2026-08-17T18:48:05Z,2026-08-17T18:48:05Z,
186.19.123.144,ipv4,malicious-ip,medium,WHITE,ziyadnz/hourly-ipv4,ziyadnz|hourly,2026-08-17T18:48:05Z,2026-08-17T18:48:05Z,
186.19.123.159,ipv4,malicious-ip,medium,WHITE,ziyadnz/hourly-ipv4,ziyadnz|hourly,2026-08-17T18:48:05Z,2026-08-17T18:48:05Z,
186.19.123.225,ipv4,malicious-ip,medium,WHITE,ziyadnz/hourly-ipv4,ziyadnz|hourly,2026-08-17T18:48:05Z,2026-08-17T18:48:05Z,
186.19.123.242,ipv4,malicious-ip,medium,WHITE,ziyadnz/hourly-ipv4,ziyadnz|hourly,2026-08-17T18:48:05Z,2026-08-17T18:48:05Z,
186.19.123.254,ipv4,malicious-ip,medium,WHITE,ziyadnz/hourly-ipv4,ziyadnz|hourly,2026-08-17T18:48:05Z,2026-08-17T18:48:05Z,
186.19.123.65,ipv4,malicious-ip,medium,WHITE,ziyadnz/hourly-ipv4,ziyadnz|hourly,2026-08-17T18:48:05Z,2026-08-17T18:48:05Z,
186.19.123.67,ipv4,malicious-ip,medium,WHITE,ziyadnz/hourly-ipv4,ziyadnz|hourly,2026-08-17T18:48:05Z,2026-08-17T18:48:05Z,
186.19.131.33,ipv4,malicious-ip,medium,WHITE,ziyadnz/hourly-ipv4,ziyadnz|hourly,2026-08-17T18:48:05Z,2026-08-17T18:48:05Z,
186.19.188.16,ipv4,malicious-ip,medium,WHITE,ziyadnz/hourly-ipv4,ziyadnz|hourly,2026-08-17T18:48:05Z,2026-08-17T18:48:05Z,
186.19.22.62,ipv4,malicious-ip,medium,WHITE,ziyadnz/hourly-ipv4,ziyadnz|hourly,2026-08-17T18:48:05Z,2026-08-17T18:48:05Z,
186.19.22.93,ipv4,malicious-ip,medium,WHITE,ziyadnz/hourly-ipv4,ziyadnz|hourly,2026-08-17T18:48:05Z,2026-08-17T18:48:05Z,
186.19.240.82,ipv4,malicious-ip,medium,WHITE,ziyadnz/hourly-ipv4,ziyadnz|hourly,2026-08-17T18:48:05Z,2026-08-17T18:48:05Z,
186.19.45.52,ipv4,malicious-ip,medium,WHITE,ziyadnz/hourly-ipv4,ziyadnz|hourly,2026-08-17T18:48:05Z,2026-08-17T18:48:05Z,
186.19.55.153,ipv4,malicious-ip,medium,WHITE,ziyadnz/hourly-ipv4,ziyadnz|hourly,2026-08-17T18:48:05Z,2026-08-17T18:48:05Z,
186.19.63.93,ipv4,malicious-ip,medium,WHITE,ziyadnz/hourly-ipv4,ziyadnz|hourly,2026-08-17T18:48:05Z,2026-08-17T18:48:05Z,
186.19.65.164,ipv4,malicious-ip,medium,WHITE,ziyadnz/hourly-ipv4,ziyadnz|hourly,2026-08-17T18:48:05Z,2026-08-17T18:48:05Z,
186.19.66.216,ipv4,malicious-ip,medium,WHITE,ziyadnz/hourly-ipv4,ziyadnz|hourly,2026-08-17T18:48:05Z,2026-08-17T18:48:05Z,
186.19.92.148,ipv4,malicious-ip,medium,WHITE,ziyadnz/hourly-ipv4,ziyadnz|hourly,2026-08-17T18:48:05Z,2026-08-17T18:48:05Z,
186.190.167.212,ipv4,malicious-ip,medium,WHITE,ziyadnz/hourly-ipv4,ziyadnz|hourly,2026-08-17T18:48:05Z,2026-08-17T18:48:05Z,
186.190.167.215,ipv4,malicious-ip,medium,WHITE,ziyadnz/hourly-ipv4,ziyadnz|hourly,2026-08-17T18:48:05Z,2026-08-17T18:48:05Z,
186.190.189.120,ipv4,malicious-ip,medium,WHITE,ziyadnz/hourly-ipv4,ziyadnz|hourly,2026-08-17T18:48:05Z,2026-08-17T18:48:05Z,
186.192.66.13,ipv4,malicious-ip,medium,WHITE,ziyadnz/hourly-ipv4,ziyadnz|hourly,2026-08-17T18:48:05Z,2026-08-17T18:48:05Z,
186.193.135.65,ipv4,malicious-ip,medium,WHITE,ziyadnz/hourly-ipv4,ziyadnz|hourly,2026-08-17T18:48:05Z,2026-08-17T18:48:05Z,
186.193.140.9,ipv4,malicious-ip,medium,WHITE,ziyadnz/hourly-ipv4,ziyadnz|hourly,2026-08-17T18:48:05Z,2026-08-17T18:48:05Z,
186.193.158.146,ipv4,malicious-ip,medium,WHITE,ziyadnz/hourly-ipv4,ziyadnz|hourly,2026-08-17T18:48:05Z,2026-08-17T18:48:05Z,
186.193.158.188,ipv4,malicious-ip,medium,WHITE,ziyadnz/hourly-ipv4,ziyadnz|hourly,2026-08-17T18:48:05Z,2026-08-17T18:48:05Z,
186.193.55.44,ipv4,malicious-ip,medium,WHITE,ziyadnz/hourly-ipv4,ziyadnz|hourly,2026-08-17T18:48:05Z,2026-08-17T18:48:05Z,
186.193.90.117,ipv4,malicious-ip,medium,WHITE,ziyadnz/hourly-ipv4,ziyadnz|hourly,2026-08-17T18:48:05Z,2026-08-17T18:48:05Z,
186.194.105.142,ipv4,malicious-ip,medium,WHITE,ziyadnz/hourly-ipv4,ziyadnz|hourly,2026-08-17T18:48:05Z,2026-08-17T18:48:05Z,
186.194.159.236,ipv4,malicious-ip,medium,WHITE,ziyadnz/hourly-ipv4,ziyadnz|hourly,2026-08-17T18:48:05Z,2026-08-17T18:48:05Z,
186.194.161.107,ipv4,malicious-ip,medium,WHITE,ziyadnz/hourly-ipv4,ziyadnz|hourly,2026-08-17T18:48:05Z,2026-08-17T18:48:05Z,
186.194.174.165,ipv4,malicious-ip,medium,WHITE,ziyadnz/hourly-ipv4,ziyadnz|hourly,2026-08-17T18:48:05Z,2026-08-17T18:48:05Z,
186.194.186.172,ipv4,malicious-ip,medium,WHITE,ziyadnz/hourly-ipv4,ziyadnz|hourly,2026-08-17T18:48:05Z,2026-08-17T18:48:05Z,
186.194.62.173,ipv4,malicious-ip,medium,WHITE,ziyadnz/hourly-ipv4,ziyadnz|hourly,2026-08-17T18:48:05Z,2026-08-17T18:48:05Z,
186.194.88.73,ipv4,malicious-ip,medium,WHITE,ziyadnz/hourly-ipv4,ziyadnz|hourly,2026-08-17T18:48:05Z,2026-08-17T18:48:05Z,
186.194.96.72,ipv4,malicious-ip,medium,WHITE,ziyadnz/hourly-ipv4,ziyadnz|hourly,2026-08-17T18:48:05Z,2026-08-17T18:48:05Z,
186.194.96.75,ipv4,malicious-ip,medium,WHITE,ziyadnz/hourly-ipv4,ziyadnz|hourly,2026-08-17T18:48:05Z,2026-08-17T18:48:05Z,
186.194.96.78,ipv4,malicious-ip,medium,WHITE,ziyadnz/hourly-ipv4,ziyadnz|hourly,2026-08-17T18:48:05Z,2026-08-17T18:48:05Z,
186.195.102.104,ipv4,malicious-ip,medium,WHITE,ziyadnz/hourly-ipv4,ziyadnz|hourly,2026-08-17T18:48:05Z,2026-08-17T18:48:05Z,
186.195.102.245,ipv4,malicious-ip,medium,WHITE,ziyadnz/hourly-ipv4,ziyadnz|hourly,2026-08-17T18:48:05Z,2026-08-17T18:48:05Z,
186.195.16.41,ipv4,malicious-ip,medium,WHITE,ziyadnz/hourly-ipv4,ziyadnz|hourly,2026-08-17T18:48:05Z,2026-08-17T18:48:05Z,
186.195.234.96,ipv4,malicious-ip,medium,WHITE,ziyadnz/hourly-ipv4,ziyadnz|hourly,2026-08-17T18:48:05Z,2026-08-17T18:48:05Z,
186.195.33.223,ipv4,malicious-ip,medium,WHITE,ziyadnz/hourly-ipv4,ziyadnz|hourly,2026-08-17T18:48:05Z,2026-08-17T18:48:05Z,
186.195.35.221,ipv4,malicious-ip,medium,WHITE,ziyadnz/hourly-ipv4,ziyadnz|hourly,2026-08-17T18:48:05Z,2026-08-17T18:48:05Z,
186.195.6.16,ipv4,malicious-ip,medium,WHITE,ziyadnz/hourly-ipv4,ziyadnz|hourly,2026-08-17T18:48:05Z,2026-08-17T18:48:05Z,
186.195.6.225,ipv4,malicious-ip,medium,WHITE,ziyadnz/hourly-ipv4,ziyadnz|hourly,2026-08-17T18:48:05Z,2026-08-17T18:48:05Z,
186.195.61.55,ipv4,malicious-ip,medium,WHITE,ziyadnz/hourly-ipv4,ziyadnz|hourly,2026-08-17T18:48:05Z,2026-08-17T18:48:05Z,
186.2.171.36,ipv4,malicious-ip,medium,WHITE,ziyadnz/hourly-ipv4,ziyadnz|hourly,2026-08-17T18:48:05Z,2026-08-17T18:48:05Z,
186.2.171.60,ipv4,malicious-ip,medium,WHITE,ziyadnz/hourly-ipv4,ziyadnz|hourly,2026-08-17T18:48:05Z,2026-08-17T18:48:05Z,
186.2.171.8,ipv4,malicious-ip,medium,WHITE,ziyadnz/hourly-ipv4,ziyadnz|hourly,2026-08-17T18:48:05Z,2026-08-17T18:48:05Z,
186.2.182.155,ipv4,malicious-ip,medium,WHITE,ziyadnz/hourly-ipv4,ziyadnz|hourly,2026-08-17T18:48:05Z,2026-08-17T18:48:05Z,
186.200.158.107,ipv4,malicious-ip,medium,WHITE,ziyadnz/hourly-ipv4,ziyadnz|hourly,2026-08-17T18:48:05Z,2026-08-17T18:48:05Z,
186.203.24.53,ipv4,malicious-ip,medium,WHITE,ziyadnz/hourly-ipv4,ziyadnz|hourly,2026-08-17T18:48:05Z,2026-08-17T18:48:05Z,
186.204.57.96,ipv4,malicious-ip,medium,WHITE,ziyadnz/hourly-ipv4,ziyadnz|hourly,2026-08-17T18:48:05Z,2026-08-17T18:48:05Z,
186.204.61.54,ipv4,malicious-ip,medium,WHITE,ziyadnz/hourly-ipv4,ziyadnz|hourly,2026-08-17T18:48:05Z,2026-08-17T18:48:05Z,
186.204.88.21,ipv4,malicious-ip,medium,WHITE,ziyadnz/hourly-ipv4,ziyadnz|hourly,2026-08-17T18:48:05Z,2026-08-17T18:48:05Z,
186.205.0.220,ipv4,malicious-ip,medium,WHITE,ziyadnz/hourly-ipv4,ziyadnz|hourly,2026-08-17T18:48:05Z,2026-08-17T18:48:05Z,
186.205.10.31,ipv4,malicious-ip,medium,WHITE,ziyadnz/hourly-ipv4,ziyadnz|hourly,2026-08-17T18:48:05Z,2026-08-17T18:48:05Z,
186.205.13.159,ipv4,malicious-ip,medium,WHITE,ziyadnz/hourly-ipv4,ziyadnz|hourly,2026-08-17T18:48:05Z,2026-08-17T18:48:05Z,
186.205.153.110,ipv4,malicious-ip,medium,WHITE,ziyadnz/hourly-ipv4,ziyadnz|hourly,2026-08-17T18:48:05Z,2026-08-17T18:48:05Z,
186.205.16.206,ipv4,malicious-ip,medium,WHITE,ziyadnz/hourly-ipv4,ziyadnz|hourly,2026-08-17T18:48:05Z,2026-08-17T18:48:05Z,
186.205.17.16,ipv4,malicious-ip,medium,WHITE,ziyadnz/hourly-ipv4,ziyadnz|hourly,2026-08-17T18:48:05Z,2026-08-17T18:48:05Z,
186.205.18.72,ipv4,malicious-ip,medium,WHITE,ziyadnz/hourly-ipv4,ziyadnz|hourly,2026-08-17T18:48:05Z,2026-08-17T18:48:05Z,
186.205.18.90,ipv4,malicious-ip,medium,WHITE,ziyadnz/hourly-ipv4,ziyadnz|hourly,2026-08-17T18:48:05Z,2026-08-17T18:48:05Z,
186.205.19.110,ipv4,malicious-ip,medium,WHITE,ziyadnz/hourly-ipv4,ziyadnz|hourly,2026-08-17T18:48:05Z,2026-08-17T18:48:05Z,
186.205.19.210,ipv4,malicious-ip,medium,WHITE,ziyadnz/hourly-ipv4,ziyadnz|hourly,2026-08-17T18:48:05Z,2026-08-17T18:48:05Z,
186.205.19.95,ipv4,malicious-ip,medium,WHITE,ziyadnz/hourly-ipv4,ziyadnz|hourly,2026-08-17T18:48:05Z,2026-08-17T18:48:05Z,
186.205.20.30,ipv4,malicious-ip,medium,WHITE,ziyadnz/hourly-ipv4,ziyadnz|hourly,2026-08-17T18:48:05Z,2026-08-17T18:48:05Z,
186.205.20.44,ipv4,malicious-ip,medium,WHITE,ziyadnz/hourly-ipv4,ziyadnz|hourly,2026-08-17T18:48:05Z,2026-08-17T18:48:05Z,
186.205.21.0,ipv4,malicious-ip,medium,WHITE,ziyadnz/hourly-ipv4,ziyadnz|hourly,2026-08-17T18:48:05Z,2026-08-17T18:48:05Z,
186.205.23.233,ipv4,malicious-ip,medium,WHITE,ziyadnz/hourly-ipv4,ziyadnz|hourly,2026-08-17T18:48:05Z,2026-08-17T18:48:05Z,
186.205.23.253,ipv4,malicious-ip,medium,WHITE,ziyadnz/hourly-ipv4,ziyadnz|hourly,2026-08-17T18:48:05Z,2026-08-17T18:48:05Z,
186.205.5.62,ipv4,malicious-ip,medium,WHITE,ziyadnz/hourly-ipv4,ziyadnz|hourly,2026-08-17T18:48:05Z,2026-08-17T18:48:05Z,
186.205.8.159,ipv4,malicious-ip,medium,WHITE,ziyadnz/hourly-ipv4,ziyadnz|hourly,2026-08-17T18:48:05Z,2026-08-17T18:48:05Z,
186.206.175.217,ipv4,malicious-ip,medium,WHITE,ziyadnz/hourly-ipv4,ziyadnz|hourly,2026-08-17T18:48:05Z,2026-08-17T18:48:05Z,
186.206.180.18,ipv4,malicious-ip,medium,WHITE,ziyadnz/hourly-ipv4,ziyadnz|hourly,2026-08-17T18:48:05Z,2026-08-17T18:48:05Z,
186.207.158.137,ipv4,malicious-ip,medium,WHITE,ziyadnz/hourly-ipv4,ziyadnz|hourly,2026-08-17T18:48:05Z,2026-08-17T18:48:05Z,
186.207.159.137,ipv4,malicious-ip,medium,WHITE,ziyadnz/hourly-ipv4,ziyadnz|hourly,2026-08-17T18:48:05Z,2026-08-17T18:48:05Z,
186.207.243.128,ipv4,malicious-ip,medium,WHITE,ziyadnz/hourly-ipv4,ziyadnz|hourly,2026-08-17T18:48:05Z,2026-08-17T18:48:05Z,
186.208.6.111,ipv4,malicious-ip,medium,WHITE,ziyadnz/hourly-ipv4,ziyadnz|hourly,2026-08-17T18:48:05Z,2026-08-17T18:48:05Z,
186.208.68.125,ipv4,malicious-ip,medium,WHITE,ziyadnz/hourly-ipv4,ziyadnz|hourly,2026-08-17T18:48:05Z,2026-08-17T18:48:05Z,
186.209.124.140,ipv4,malicious-ip,medium,WHITE,ziyadnz/hourly-ipv4,ziyadnz|hourly,2026-08-17T18:48:05Z,2026-08-17T18:48:05Z,
186.209.124.142,ipv4,malicious-ip,medium,WHITE,ziyadnz/hourly-ipv4,ziyadnz|hourly,2026-08-17T18:48:05Z,2026-08-17T18:48:05Z,
186.209.21.139,ipv4,malicious-ip,medium,WHITE,ziyadnz/hourly-ipv4,ziyadnz|hourly,2026-08-17T18:48:05Z,2026-08-17T18:48:05Z,
186.209.243.2,ipv4,malicious-ip,medium,WHITE,ziyadnz/hourly-ipv4,ziyadnz|hourly,2026-08-17T18:48:05Z,2026-08-17T18:48:05Z,
186.209.243.26,ipv4,malicious-ip,medium,WHITE,ziyadnz/hourly-ipv4,ziyadnz|hourly,2026-08-17T18:48:05Z,2026-08-17T18:48:05Z,
186.209.25.111,ipv4,malicious-ip,medium,WHITE,ziyadnz/hourly-ipv4,ziyadnz|hourly,2026-08-17T18:48:05Z,2026-08-17T18:48:05Z,
186.209.52.199,ipv4,malicious-ip,medium,WHITE,ziyadnz/hourly-ipv4,ziyadnz|hourly,2026-08-17T18:48:05Z,2026-08-17T18:48:05Z,
186.209.73.81,ipv4,malicious-ip,medium,WHITE,ziyadnz/hourly-ipv4,ziyadnz|hourly,2026-08-17T18:48:05Z,2026-08-17T18:48:05Z,
186.210.38.141,ipv4,malicious-ip,medium,WHITE,ziyadnz/hourly-ipv4,ziyadnz|hourly,2026-08-17T18:48:05Z,2026-08-17T18:48:05Z,
186.210.83.198,ipv4,malicious-ip,medium,WHITE,ziyadnz/hourly-ipv4,ziyadnz|hourly,2026-08-17T18:48:05Z,2026-08-17T18:48:05Z,
186.211.101.103,ipv4,malicious-ip,medium,WHITE,ziyadnz/hourly-ipv4,ziyadnz|hourly,2026-08-17T18:48:05Z,2026-08-17T18:48:05Z,
186.211.101.80,ipv4,malicious-ip,medium,WHITE,ziyadnz/hourly-ipv4,ziyadnz|hourly,2026-08-17T18:48:05Z,2026-08-17T18:48:05Z,
186.211.101.97,ipv4,malicious-ip,medium,WHITE,ziyadnz/hourly-ipv4,ziyadnz|hourly,2026-08-17T18:48:05Z,2026-08-17T18:48:05Z,
186.211.108.46,ipv4,malicious-ip,medium,WHITE,ziyadnz/hourly-ipv4,ziyadnz|hourly,2026-08-17T18:48:05Z,2026-08-17T18:48:05Z,
186.211.139.60,ipv4,malicious-ip,medium,WHITE,ziyadnz/hourly-ipv4,ziyadnz|hourly,2026-08-17T18:48:05Z,2026-08-17T18:48:05Z,
186.211.231.59,ipv4,malicious-ip,medium,WHITE,ziyadnz/hourly-ipv4,ziyadnz|hourly,2026-08-17T18:48:05Z,2026-08-17T18:48:05Z,
186.212.123.141,ipv4,malicious-ip,medium,WHITE,ziyadnz/hourly-ipv4,ziyadnz|hourly,2026-08-17T18:48:05Z,2026-08-17T18:48:05Z,
186.212.150.32,ipv4,malicious-ip,medium,WHITE,ziyadnz/hourly-ipv4,ziyadnz|hourly,2026-08-17T18:48:05Z,2026-08-17T18:48:05Z,
186.212.85.58,ipv4,malicious-ip,medium,WHITE,ziyadnz/hourly-ipv4,ziyadnz|hourly,2026-08-17T18:48:05Z,2026-08-17T18:48:05Z,
186.213.255.254,ipv4,malicious-ip,medium,WHITE,ziyadnz/hourly-ipv4,ziyadnz|hourly,2026-08-17T18:48:05Z,2026-08-17T18:48:05Z,
186.213.80.26,ipv4,malicious-ip,medium,WHITE,ziyadnz/hourly-ipv4,ziyadnz|hourly,2026-08-17T18:48:05Z,2026-08-17T18:48:05Z,
186.214.18.251,ipv4,malicious-ip,medium,WHITE,ziyadnz/hourly-ipv4,ziyadnz|hourly,2026-08-17T18:48:05Z,2026-08-17T18:48:05Z,
186.215.191.192,ipv4,malicious-ip,medium,WHITE,ziyadnz/hourly-ipv4,ziyadnz|hourly,2026-08-17T18:48:05Z,2026-08-17T18:48:05Z,
186.216.104.190,ipv4,malicious-ip,medium,WHITE,ziyadnz/hourly-ipv4,ziyadnz|hourly,2026-08-17T18:48:05Z,2026-08-17T18:48:05Z,
186.216.104.64,ipv4,malicious-ip,medium,WHITE,ziyadnz/hourly-ipv4,ziyadnz|hourly,2026-08-17T18:48:05Z,2026-08-17T18:48:05Z,
186.216.138.26,ipv4,malicious-ip,medium,WHITE,ziyadnz/hourly-ipv4,ziyadnz|hourly,2026-08-17T18:48:05Z,2026-08-17T18:48:05Z,
186.216.27.174,ipv4,malicious-ip,medium,WHITE,ziyadnz/hourly-ipv4,ziyadnz|hourly,2026-08-17T18:48:05Z,2026-08-17T18:48:05Z,
186.216.35.126,ipv4,malicious-ip,medium,WHITE,ziyadnz/hourly-ipv4,ziyadnz|hourly,2026-08-17T18:48:05Z,2026-08-17T18:48:05Z,
186.216.37.67,ipv4,malicious-ip,medium,WHITE,ziyadnz/hourly-ipv4,ziyadnz|hourly,2026-08-17T18:48:05Z,2026-08-17T18:48:05Z,
186.216.42.140,ipv4,malicious-ip,medium,WHITE,ziyadnz/hourly-ipv4,ziyadnz|hourly,2026-08-17T18:48:05Z,2026-08-17T18:48:05Z,
186.216.72.49,ipv4,malicious-ip,medium,WHITE,ziyadnz/hourly-ipv4,ziyadnz|hourly,2026-08-17T18:48:05Z,2026-08-17T18:48:05Z,
186.216.75.121,ipv4,malicious-ip,medium,WHITE,ziyadnz/hourly-ipv4,ziyadnz|hourly,2026-08-17T18:48:05Z,2026-08-17T18:48:05Z,
186.216.88.0,ipv4,malicious-ip,medium,WHITE,ziyadnz/hourly-ipv4,ziyadnz|hourly,2026-08-17T18:48:05Z,2026-08-17T18:48:05Z,
186.216.88.119,ipv4,malicious-ip,medium,WHITE,ziyadnz/hourly-ipv4,ziyadnz|hourly,2026-08-17T18:48:05Z,2026-08-17T18:48:05Z,
186.216.88.75,ipv4,malicious-ip,medium,WHITE,ziyadnz/hourly-ipv4,ziyadnz|hourly,2026-08-17T18:48:05Z,2026-08-17T18:48:05Z,
186.216.88.83,ipv4,malicious-ip,medium,WHITE,ziyadnz/hourly-ipv4,ziyadnz|hourly,2026-08-17T18:48:05Z,2026-08-17T18:48:05Z,
186.216.88.94,ipv4,malicious-ip,medium,WHITE,ziyadnz/hourly-ipv4,ziyadnz|hourly,2026-08-17T18:48:05Z,2026-08-17T18:48:05Z,
186.219.101.85,ipv4,malicious-ip,medium,WHITE,ziyadnz/hourly-ipv4,ziyadnz|hourly,2026-08-17T18:48:05Z,2026-08-17T18:48:05Z,
186.219.137.140,ipv4,malicious-ip,medium,WHITE,ziyadnz/hourly-ipv4,ziyadnz|hourly,2026-08-17T18:48:05Z,2026-08-17T18:48:05Z,
186.219.137.204,ipv4,malicious-ip,medium,WHITE,ziyadnz/hourly-ipv4,ziyadnz|hourly,2026-08-17T18:48:05Z,2026-08-17T18:48:05Z,
186.219.137.42,ipv4,malicious-ip,medium,WHITE,ziyadnz/hourly-ipv4,ziyadnz|hourly,2026-08-17T18:48:05Z,2026-08-17T18:48:05Z,
186.219.138.27,ipv4,malicious-ip,medium,WHITE,ziyadnz/hourly-ipv4,ziyadnz|hourly,2026-08-17T18:48:05Z,2026-08-17T18:48:05Z,
186.219.142.108,ipv4,malicious-ip,medium,WHITE,ziyadnz/hourly-ipv4,ziyadnz|hourly,2026-08-17T18:48:05Z,2026-08-17T18:48:05Z,
186.219.142.188,ipv4,malicious-ip,medium,WHITE,ziyadnz/hourly-ipv4,ziyadnz|hourly,2026-08-17T18:48:05Z,2026-08-17T18:48:05Z,
186.219.142.8,ipv4,malicious-ip,medium,WHITE,ziyadnz/hourly-ipv4,ziyadnz|hourly,2026-08-17T18:48:05Z,2026-08-17T18:48:05Z,
186.219.151.161,ipv4,malicious-ip,medium,WHITE,ziyadnz/hourly-ipv4,ziyadnz|hourly,2026-08-17T18:48:05Z,2026-08-17T18:48:05Z,
186.219.158.86,ipv4,malicious-ip,medium,WHITE,ziyadnz/hourly-ipv4,ziyadnz|hourly,2026-08-17T18:48:05Z,2026-08-17T18:48:05Z,
186.219.184.142,ipv4,malicious-ip,medium,WHITE,ziyadnz/hourly-ipv4,ziyadnz|hourly,2026-08-17T18:48:05Z,2026-08-17T18:48:05Z,
186.219.189.81,ipv4,malicious-ip,medium,WHITE,ziyadnz/hourly-ipv4,ziyadnz|hourly,2026-08-17T18:48:05Z,2026-08-17T18:48:05Z,
186.219.224.226,ipv4,malicious-ip,medium,WHITE,ziyadnz/hourly-ipv4,ziyadnz|hourly,2026-08-17T18:48:05Z,2026-08-17T18:48:05Z,
186.219.49.213,ipv4,malicious-ip,medium,WHITE,ziyadnz/hourly-ipv4,ziyadnz|hourly,2026-08-17T18:48:05Z,2026-08-17T18:48:05Z,
186.219.50.18,ipv4,malicious-ip,medium,WHITE,ziyadnz/hourly-ipv4,ziyadnz|hourly,2026-08-17T18:48:05Z,2026-08-17T18:48:05Z,
186.22.16.206,ipv4,malicious-ip,medium,WHITE,ziyadnz/hourly-ipv4,ziyadnz|hourly,2026-08-17T18:48:05Z,2026-08-17T18:48:05Z,
186.22.17.10,ipv4,malicious-ip,medium,WHITE,ziyadnz/hourly-ipv4,ziyadnz|hourly,2026-08-17T18:48:05Z,2026-08-17T18:48:05Z,
186.22.17.200,ipv4,malicious-ip,medium,WHITE,ziyadnz/hourly-ipv4,ziyadnz|hourly,2026-08-17T18:48:05Z,2026-08-17T18:48:05Z,
186.22.17.80,ipv4,malicious-ip,medium,WHITE,ziyadnz/hourly-ipv4,ziyadnz|hourly,2026-08-17T18:48:05Z,2026-08-17T18:48:05Z,
186.22.19.183,ipv4,malicious-ip,medium,WHITE,ziyadnz/hourly-ipv4,ziyadnz|hourly,2026-08-17T18:48:05Z,2026-08-17T18:48:05Z,
186.22.225.84,ipv4,malicious-ip,medium,WHITE,ziyadnz/hourly-ipv4,ziyadnz|hourly,2026-08-17T18:48:05Z,2026-08-17T18:48:05Z,
186.22.238.118,ipv4,malicious-ip,medium,WHITE,ziyadnz/hourly-ipv4,ziyadnz|hourly,2026-08-17T18:48:05Z,2026-08-17T18:48:05Z,
186.22.238.138,ipv4,malicious-ip,medium,WHITE,ziyadnz/hourly-ipv4,ziyadnz|hourly,2026-08-17T18:48:05Z,2026-08-17T18:48:05Z,
186.22.238.23,ipv4,malicious-ip,medium,WHITE,ziyadnz/hourly-ipv4,ziyadnz|hourly,2026-08-17T18:48:05Z,2026-08-17T18:48:05Z,
186.22.238.69,ipv4,malicious-ip,medium,WHITE,ziyadnz/hourly-ipv4,ziyadnz|hourly,2026-08-17T18:48:05Z,2026-08-17T18:48:05Z,
186.22.238.76,ipv4,malicious-ip,medium,WHITE,ziyadnz/hourly-ipv4,ziyadnz|hourly,2026-08-17T18:48:05Z,2026-08-17T18:48:05Z,
186.22.245.142,ipv4,malicious-ip,medium,WHITE,ziyadnz/hourly-ipv4,ziyadnz|hourly,2026-08-17T18:48:05Z,2026-08-17T18:48:05Z,
186.22.253.0,ipv4,malicious-ip,medium,WHITE,ziyadnz/hourly-ipv4,ziyadnz|hourly,2026-08-17T18:48:05Z,2026-08-17T18:48:05Z,
186.22.253.105,ipv4,malicious-ip,medium,WHITE,ziyadnz/hourly-ipv4,ziyadnz|hourly,2026-08-17T18:48:05Z,2026-08-17T18:48:05Z,
186.22.253.107,ipv4,malicious-ip,medium,WHITE,ziyadnz/hourly-ipv4,ziyadnz|hourly,2026-08-17T18:48:05Z,2026-08-17T18:48:05Z,
186.22.253.168,ipv4,malicious-ip,medium,WHITE,ziyadnz/hourly-ipv4,ziyadnz|hourly,2026-08-17T18:48:05Z,2026-08-17T18:48:05Z,
186.22.253.196,ipv4,malicious-ip,medium,WHITE,ziyadnz/hourly-ipv4,ziyadnz|hourly,2026-08-17T18:48:05Z,2026-08-17T18:48:05Z,
186.22.253.213,ipv4,malicious-ip,medium,WHITE,ziyadnz/hourly-ipv4,ziyadnz|hourly,2026-08-17T18:48:05Z,2026-08-17T18:48:05Z,
186.22.253.214,ipv4,malicious-ip,medium,WHITE,ziyadnz/hourly-ipv4,ziyadnz|hourly,2026-08-17T18:48:05Z,2026-08-17T18:48:05Z,
186.22.253.236,ipv4,malicious-ip,medium,WHITE,ziyadnz/hourly-ipv4,ziyadnz|hourly,2026-08-17T18:48:05Z,2026-08-17T18:48:05Z,
186.22.253.33,ipv4,malicious-ip,medium,WHITE,ziyadnz/hourly-ipv4,ziyadnz|hourly,2026-08-17T18:48:05Z,2026-08-17T18:48:05Z,
186.22.54.244,ipv4,malicious-ip,medium,WHITE,ziyadnz/hourly-ipv4,ziyadnz|hourly,2026-08-17T18:48:05Z,2026-08-17T18:48:05Z,
186.22.56.74,ipv4,malicious-ip,medium,WHITE,ziyadnz/hourly-ipv4,ziyadnz|hourly,2026-08-17T18:48:05Z,2026-08-17T18:48:05Z,
186.22.60.173,ipv4,malicious-ip,medium,WHITE,ziyadnz/hourly-ipv4,ziyadnz|hourly,2026-08-17T18:48:05Z,2026-08-17T18:48:05Z,
186.22.62.194,ipv4,malicious-ip,medium,WHITE,ziyadnz/hourly-ipv4,ziyadnz|hourly,2026-08-17T18:48:05Z,2026-08-17T18:48:05Z,
186.22.62.81,ipv4,malicious-ip,medium,WHITE,ziyadnz/hourly-ipv4,ziyadnz|hourly,2026-08-17T18:48:05Z,2026-08-17T18:48:05Z,
186.22.66.145,ipv4,malicious-ip,medium,WHITE,ziyadnz/hourly-ipv4,ziyadnz|hourly,2026-08-17T18:48:05Z,2026-08-17T18:48:05Z,
186.22.70.148,ipv4,malicious-ip,medium,WHITE,ziyadnz/hourly-ipv4,ziyadnz|hourly,2026-08-17T18:48:05Z,2026-08-17T18:48:05Z,
186.22.76.96,ipv4,malicious-ip,medium,WHITE,ziyadnz/hourly-ipv4,ziyadnz|hourly,2026-08-17T18:48:05Z,2026-08-17T18:48:05Z,
186.220.25.192,ipv4,malicious-ip,medium,WHITE,ziyadnz/hourly-ipv4,ziyadnz|hourly,2026-08-17T18:48:05Z,2026-08-17T18:48:05Z,
186.221.114.200,ipv4,malicious-ip,medium,WHITE,ziyadnz/hourly-ipv4,ziyadnz|hourly,2026-08-17T18:48:05Z,2026-08-17T18:48:05Z,
186.221.24.214,ipv4,malicious-ip,medium,WHITE,ziyadnz/hourly-ipv4,ziyadnz|hourly,2026-08-17T18:48:05Z,2026-08-17T18:48:05Z,
186.221.8.34,ipv4,malicious-ip,medium,WHITE,ziyadnz/hourly-ipv4,ziyadnz|hourly,2026-08-17T18:48:05Z,2026-08-17T18:48:05Z,
186.222.114.48,ipv4,malicious-ip,medium,WHITE,ziyadnz/hourly-ipv4,ziyadnz|hourly,2026-08-17T18:48:05Z,2026-08-17T18:48:05Z,
186.222.242.247,ipv4,malicious-ip,medium,WHITE,ziyadnz/hourly-ipv4,ziyadnz|hourly,2026-08-17T18:48:05Z,2026-08-17T18:48:05Z,
186.222.68.172,ipv4,malicious-ip,medium,WHITE,ziyadnz/hourly-ipv4,ziyadnz|hourly,2026-08-17T18:48:05Z,2026-08-17T18:48:05Z,
186.223.169.64,ipv4,malicious-ip,medium,WHITE,ziyadnz/hourly-ipv4,ziyadnz|hourly,2026-08-17T18:48:05Z,2026-08-17T18:48:05Z,
186.223.173.49,ipv4,malicious-ip,medium,WHITE,ziyadnz/hourly-ipv4,ziyadnz|hourly,2026-08-17T18:48:05Z,2026-08-17T18:48:05Z,
186.223.37.51,ipv4,malicious-ip,medium,WHITE,ziyadnz/hourly-ipv4,ziyadnz|hourly,2026-08-17T18:48:05Z,2026-08-17T18:48:05Z,
186.224.29.50,ipv4,malicious-ip,medium,WHITE,ziyadnz/hourly-ipv4,ziyadnz|hourly,2026-08-17T18:48:05Z,2026-08-17T18:48:05Z,
186.224.30.28,ipv4,malicious-ip,medium,WHITE,ziyadnz/hourly-ipv4,ziyadnz|hourly,2026-08-17T18:48:05Z,2026-08-17T18:48:05Z,
186.225.144.106,ipv4,malicious-ip,medium,WHITE,ziyadnz/hourly-ipv4,ziyadnz|hourly,2026-08-17T18:48:05Z,2026-08-17T18:48:05Z,
186.225.186.70,ipv4,malicious-ip,medium,WHITE,ziyadnz/hourly-ipv4,ziyadnz|hourly,2026-08-17T18:48:05Z,2026-08-17T18:48:05Z,
186.225.225.107,ipv4,malicious-ip,medium,WHITE,ziyadnz/hourly-ipv4,ziyadnz|hourly,2026-08-17T18:48:05Z,2026-08-17T18:48:05Z,
186.225.225.117,ipv4,malicious-ip,medium,WHITE,ziyadnz/hourly-ipv4,ziyadnz|hourly,2026-08-17T18:48:05Z,2026-08-17T18:48:05Z,
186.225.237.219,ipv4,malicious-ip,medium,WHITE,ziyadnz/hourly-ipv4,ziyadnz|hourly,2026-08-17T18:48:05Z,2026-08-17T18:48:05Z,
186.225.35.36,ipv4,malicious-ip,medium,WHITE,ziyadnz/hourly-ipv4,ziyadnz|hourly,2026-08-17T18:48:05Z,2026-08-17T18:48:05Z,
186.226.158.128,ipv4,malicious-ip,medium,WHITE,ziyadnz/hourly-ipv4,ziyadnz|hourly,2026-08-17T18:48:05Z,2026-08-17T18:48:05Z,
186.226.177.161,ipv4,malicious-ip,medium,WHITE,ziyadnz/hourly-ipv4,ziyadnz|hourly,2026-08-17T18:48:05Z,2026-08-17T18:48:05Z,
186.227.183.66,ipv4,malicious-ip,medium,WHITE,ziyadnz/hourly-ipv4,ziyadnz|hourly,2026-08-17T18:48:05Z,2026-08-17T18:48:05Z,
186.227.222.19,ipv4,malicious-ip,medium,WHITE,ziyadnz/hourly-ipv4,ziyadnz|hourly,2026-08-17T18:48:05Z,2026-08-17T18:48:05Z,
186.227.246.205,ipv4,malicious-ip,medium,WHITE,ziyadnz/hourly-ipv4,ziyadnz|hourly,2026-08-17T18:48:05Z,2026-08-17T18:48:05Z,
186.227.246.214,ipv4,malicious-ip,medium,WHITE,ziyadnz/hourly-ipv4,ziyadnz|hourly,2026-08-17T18:48:05Z,2026-08-17T18:48:05Z,
186.227.72.159,ipv4,malicious-ip,medium,WHITE,ziyadnz/hourly-ipv4,ziyadnz|hourly,2026-08-17T18:48:05Z,2026-08-17T18:48:05Z,
186.228.78.203,ipv4,malicious-ip,medium,WHITE,ziyadnz/hourly-ipv4,ziyadnz|hourly,2026-08-17T18:48:05Z,2026-08-17T18:48:05Z,
186.229.9.226,ipv4,malicious-ip,medium,WHITE,ziyadnz/hourly-ipv4,ziyadnz|hourly,2026-08-17T18:48:05Z,2026-08-17T18:48:05Z,
186.23.108.6,ipv4,malicious-ip,medium,WHITE,ziyadnz/hourly-ipv4,ziyadnz|hourly,2026-08-17T18:48:05Z,2026-08-17T18:48:05Z,
186.23.163.4,ipv4,malicious-ip,medium,WHITE,ziyadnz/hourly-ipv4,ziyadnz|hourly,2026-08-17T18:48:05Z,2026-08-17T18:48:05Z,
186.23.248.210,ipv4,malicious-ip,medium,WHITE,ziyadnz/hourly-ipv4,ziyadnz|hourly,2026-08-17T18:48:05Z,2026-08-17T18:48:05Z,
186.23.28.231,ipv4,malicious-ip,medium,WHITE,ziyadnz/hourly-ipv4,ziyadnz|hourly,2026-08-17T18:48:05Z,2026-08-17T18:48:05Z,
186.232.110.92,ipv4,malicious-ip,medium,WHITE,ziyadnz/hourly-ipv4,ziyadnz|hourly,2026-08-17T18:48:05Z,2026-08-17T18:48:05Z,
186.232.137.248,ipv4,malicious-ip,medium,WHITE,ziyadnz/hourly-ipv4,ziyadnz|hourly,2026-08-17T18:48:05Z,2026-08-17T18:48:05Z,
186.232.141.176,ipv4,malicious-ip,medium,WHITE,ziyadnz/hourly-ipv4,ziyadnz|hourly,2026-08-17T18:48:05Z,2026-08-17T18:48:05Z,
186.232.192.58,ipv4,malicious-ip,medium,WHITE,ziyadnz/hourly-ipv4,ziyadnz|hourly,2026-08-17T18:48:05Z,2026-08-17T18:48:05Z,
186.232.197.38,ipv4,malicious-ip,medium,WHITE,ziyadnz/hourly-ipv4,ziyadnz|hourly,2026-08-17T18:48:05Z,2026-08-17T18:48:05Z,
186.232.211.175,ipv4,malicious-ip,medium,WHITE,ziyadnz/hourly-ipv4,ziyadnz|hourly,2026-08-17T18:48:05Z,2026-08-17T18:48:05Z,
186.232.211.99,ipv4,malicious-ip,medium,WHITE,ziyadnz/hourly-ipv4,ziyadnz|hourly,2026-08-17T18:48:05Z,2026-08-17T18:48:05Z,
186.232.28.174,ipv4,malicious-ip,medium,WHITE,ziyadnz/hourly-ipv4,ziyadnz|hourly,2026-08-17T18:48:05Z,2026-08-17T18:48:05Z,
186.232.28.21,ipv4,malicious-ip,medium,WHITE,ziyadnz/hourly-ipv4,ziyadnz|hourly,2026-08-17T18:48:05Z,2026-08-17T18:48:05Z,
186.232.28.93,ipv4,malicious-ip,medium,WHITE,ziyadnz/hourly-ipv4,ziyadnz|hourly,2026-08-17T18:48:05Z,2026-08-17T18:48:05Z,
186.232.44.110,ipv4,malicious-ip,medium,WHITE,ziyadnz/hourly-ipv4,ziyadnz|hourly,2026-08-17T18:48:05Z,2026-08-17T18:48:05Z,
186.233.118.22,ipv4,malicious-ip,medium,WHITE,ziyadnz/hourly-ipv4,ziyadnz|hourly,2026-08-17T18:48:05Z,2026-08-17T18:48:05Z,
186.233.136.139,ipv4,malicious-ip,medium,WHITE,ziyadnz/hourly-ipv4,ziyadnz|hourly,2026-08-17T18:48:05Z,2026-08-17T18:48:05Z,
186.233.183.235,ipv4,malicious-ip,medium,WHITE,ziyadnz/hourly-ipv4,ziyadnz|hourly,2026-08-17T18:48:05Z,2026-08-17T18:48:05Z,
186.233.221.89,ipv4,malicious-ip,medium,WHITE,ziyadnz/hourly-ipv4,ziyadnz|hourly,2026-08-17T18:48:05Z,2026-08-17T18:48:05Z,
186.233.43.24,ipv4,malicious-ip,medium,WHITE,ziyadnz/hourly-ipv4,ziyadnz|hourly,2026-08-17T18:48:05Z,2026-08-17T18:48:05Z,
186.233.62.185,ipv4,malicious-ip,medium,WHITE,ziyadnz/hourly-ipv4,ziyadnz|hourly,2026-08-17T18:48:05Z,2026-08-17T18:48:05Z,
186.233.69.130,ipv4,malicious-ip,medium,WHITE,ziyadnz/hourly-ipv4,ziyadnz|hourly,2026-08-17T18:48:05Z,2026-08-17T18:48:05Z,
186.233.70.163,ipv4,malicious-ip,medium,WHITE,ziyadnz/hourly-ipv4,ziyadnz|hourly,2026-08-17T18:48:05Z,2026-08-17T18:48:05Z,
186.235.132.93,ipv4,malicious-ip,medium,WHITE,ziyadnz/hourly-ipv4,ziyadnz|hourly,2026-08-17T18:48:05Z,2026-08-17T18:48:05Z,
186.235.137.190,ipv4,malicious-ip,medium,WHITE,ziyadnz/hourly-ipv4,ziyadnz|hourly,2026-08-17T18:48:05Z,2026-08-17T18:48:05Z,
186.235.144.183,ipv4,malicious-ip,medium,WHITE,ziyadnz/hourly-ipv4,ziyadnz|hourly,2026-08-17T18:48:05Z,2026-08-17T18:48:05Z,
186.235.185.25,ipv4,malicious-ip,medium,WHITE,ziyadnz/hourly-ipv4,ziyadnz|hourly,2026-08-17T18:48:05Z,2026-08-17T18:48:05Z,
186.235.188.199,ipv4,malicious-ip,medium,WHITE,ziyadnz/hourly-ipv4,ziyadnz|hourly,2026-08-17T18:48:05Z,2026-08-17T18:48:05Z,
186.235.190.229,ipv4,malicious-ip,medium,WHITE,ziyadnz/hourly-ipv4,ziyadnz|hourly,2026-08-17T18:48:05Z,2026-08-17T18:48:05Z,
186.235.193.170,ipv4,malicious-ip,medium,WHITE,ziyadnz/hourly-ipv4,ziyadnz|hourly,2026-08-17T18:48:05Z,2026-08-17T18:48:05Z,
186.235.252.140,ipv4,malicious-ip,medium,WHITE,ziyadnz/hourly-ipv4,ziyadnz|hourly,2026-08-17T18:48:05Z,2026-08-17T18:48:05Z,
186.235.3.17,ipv4,malicious-ip,medium,WHITE,ziyadnz/hourly-ipv4,ziyadnz|hourly,2026-08-17T18:48:05Z,2026-08-17T18:48:05Z,
186.235.37.240,ipv4,malicious-ip,medium,WHITE,ziyadnz/hourly-ipv4,ziyadnz|hourly,2026-08-17T18:48:05Z,2026-08-17T18:48:05Z,
186.235.45.219,ipv4,malicious-ip,medium,WHITE,ziyadnz/hourly-ipv4,ziyadnz|hourly,2026-08-17T18:48:05Z,2026-08-17T18:48:05Z,
186.235.63.121,ipv4,malicious-ip,medium,WHITE,ziyadnz/hourly-ipv4,ziyadnz|hourly,2026-08-17T18:48:05Z,2026-08-17T18:48:05Z,
186.235.83.21,ipv4,malicious-ip,medium,WHITE,ziyadnz/hourly-ipv4,ziyadnz|hourly,2026-08-17T18:48:05Z,2026-08-17T18:48:05Z,
186.235.99.19,ipv4,malicious-ip,medium,WHITE,ziyadnz/hourly-ipv4,ziyadnz|hourly,2026-08-17T18:48:05Z,2026-08-17T18:48:05Z,
186.235.99.216,ipv4,malicious-ip,medium,WHITE,ziyadnz/hourly-ipv4,ziyadnz|hourly,2026-08-17T18:48:05Z,2026-08-17T18:48:05Z,
186.236.14.143,ipv4,malicious-ip,medium,WHITE,ziyadnz/hourly-ipv4,ziyadnz|hourly,2026-08-17T18:48:05Z,2026-08-17T18:48:05Z,
186.236.14.198,ipv4,malicious-ip,medium,WHITE,ziyadnz/hourly-ipv4,ziyadnz|hourly,2026-08-17T18:48:05Z,2026-08-17T18:48:05Z,
186.236.15.123,ipv4,malicious-ip,medium,WHITE,ziyadnz/hourly-ipv4,ziyadnz|hourly,2026-08-17T18:48:05Z,2026-08-17T18:48:05Z,
186.236.17.217,ipv4,malicious-ip,medium,WHITE,ziyadnz/hourly-ipv4,ziyadnz|hourly,2026-08-17T18:48:05Z,2026-08-17T18:48:05Z,
186.236.17.220,ipv4,malicious-ip,medium,WHITE,ziyadnz/hourly-ipv4,ziyadnz|hourly,2026-08-17T18:48:05Z,2026-08-17T18:48:05Z,
186.236.2.31,ipv4,malicious-ip,medium,WHITE,ziyadnz/hourly-ipv4,ziyadnz|hourly,2026-08-17T18:48:05Z,2026-08-17T18:48:05Z,
186.236.211.47,ipv4,malicious-ip,medium,WHITE,ziyadnz/hourly-ipv4,ziyadnz|hourly,2026-08-17T18:48:05Z,2026-08-17T18:48:05Z,
186.237.217.194,ipv4,malicious-ip,medium,WHITE,ziyadnz/hourly-ipv4,ziyadnz|hourly,2026-08-17T18:48:05Z,2026-08-17T18:48:05Z,
186.237.47.232,ipv4,malicious-ip,medium,WHITE,ziyadnz/hourly-ipv4,ziyadnz|hourly,2026-08-17T18:48:05Z,2026-08-17T18:48:05Z,
186.24.11.161,ipv4,malicious-ip,medium,WHITE,ziyadnz/hourly-ipv4,ziyadnz|hourly,2026-08-17T18:48:05Z,2026-08-17T18:48:05Z,
186.24.11.165,ipv4,malicious-ip,medium,WHITE,ziyadnz/hourly-ipv4,ziyadnz|hourly,2026-08-17T18:48:05Z,2026-08-17T18:48:05Z,
186.241.68.124,ipv4,malicious-ip,medium,WHITE,ziyadnz/hourly-ipv4,ziyadnz|hourly,2026-08-17T18:48:05Z,2026-08-17T18:48:05Z,
186.241.93.109,ipv4,malicious-ip,medium,WHITE,ziyadnz/hourly-ipv4,ziyadnz|hourly,2026-08-17T18:48:05Z,2026-08-17T18:48:05Z,
186.241.93.117,ipv4,malicious-ip,medium,WHITE,ziyadnz/hourly-ipv4,ziyadnz|hourly,2026-08-17T18:48:05Z,2026-08-17T18:48:05Z,
186.244.221.109,ipv4,malicious-ip,medium,WHITE,ziyadnz/hourly-ipv4,ziyadnz|hourly,2026-08-17T18:48:05Z,2026-08-17T18:48:05Z,
186.244.238.28,ipv4,malicious-ip,medium,WHITE,ziyadnz/hourly-ipv4,ziyadnz|hourly,2026-08-17T18:48:05Z,2026-08-17T18:48:05Z,
186.246.11.149,ipv4,malicious-ip,medium,WHITE,ziyadnz/hourly-ipv4,ziyadnz|hourly,2026-08-17T18:48:05Z,2026-08-17T18:48:05Z,
186.246.14.196,ipv4,malicious-ip,medium,WHITE,ziyadnz/hourly-ipv4,ziyadnz|hourly,2026-08-17T18:48:05Z,2026-08-17T18:48:05Z,
186.246.31.196,ipv4,malicious-ip,medium,WHITE,ziyadnz/hourly-ipv4,ziyadnz|hourly,2026-08-17T18:48:05Z,2026-08-17T18:48:05Z,
186.246.45.17,ipv4,malicious-ip,medium,WHITE,ziyadnz/hourly-ipv4,ziyadnz|hourly,2026-08-17T18:48:05Z,2026-08-17T18:48:05Z,
186.246.45.176,ipv4,malicious-ip,medium,WHITE,ziyadnz/hourly-ipv4,ziyadnz|hourly,2026-08-17T18:48:05Z,2026-08-17T18:48:05Z,
186.246.45.200,ipv4,malicious-ip,medium,WHITE,ziyadnz/hourly-ipv4,ziyadnz|hourly,2026-08-17T18:48:05Z,2026-08-17T18:48:05Z,
186.246.45.225,ipv4,malicious-ip,medium,WHITE,ziyadnz/hourly-ipv4,ziyadnz|hourly,2026-08-17T18:48:05Z,2026-08-17T18:48:05Z,
186.246.48.19,ipv4,malicious-ip,medium,WHITE,ziyadnz/hourly-ipv4,ziyadnz|hourly,2026-08-17T18:48:05Z,2026-08-17T18:48:05Z,
186.247.77.170,ipv4,malicious-ip,medium,WHITE,ziyadnz/hourly-ipv4,ziyadnz|hourly,2026-08-17T18:48:05Z,2026-08-17T18:48:05Z,
186.248.159.82,ipv4,malicious-ip,medium,WHITE,ziyadnz/hourly-ipv4,ziyadnz|hourly,2026-08-17T18:48:05Z,2026-08-17T18:48:05Z,
186.248.195.11,ipv4,malicious-ip,medium,WHITE,ziyadnz/hourly-ipv4,ziyadnz|hourly,2026-08-17T18:48:05Z,2026-08-17T18:48:05Z,
186.249.128.208,ipv4,malicious-ip,medium,WHITE,ziyadnz/hourly-ipv4,ziyadnz|hourly,2026-08-17T18:48:05Z,2026-08-17T18:48:05Z,
186.249.131.138,ipv4,malicious-ip,medium,WHITE,ziyadnz/hourly-ipv4,ziyadnz|hourly,2026-08-17T18:48:05Z,2026-08-17T18:48:05Z,
186.249.132.225,ipv4,malicious-ip,medium,WHITE,ziyadnz/hourly-ipv4,ziyadnz|hourly,2026-08-17T18:48:05Z,2026-08-17T18:48:05Z,
186.249.143.84,ipv4,malicious-ip,medium,WHITE,ziyadnz/hourly-ipv4,ziyadnz|hourly,2026-08-17T18:48:05Z,2026-08-17T18:48:05Z,
186.249.144.10,ipv4,malicious-ip,medium,WHITE,ziyadnz/hourly-ipv4,ziyadnz|hourly,2026-08-17T18:48:05Z,2026-08-17T18:48:05Z,
186.249.149.31,ipv4,malicious-ip,medium,WHITE,ziyadnz/hourly-ipv4,ziyadnz|hourly,2026-08-17T18:48:05Z,2026-08-17T18:48:05Z,
186.249.151.134,ipv4,malicious-ip,medium,WHITE,ziyadnz/hourly-ipv4,ziyadnz|hourly,2026-08-17T18:48:05Z,2026-08-17T18:48:05Z,
186.249.214.187,ipv4,malicious-ip,medium,WHITE,ziyadnz/hourly-ipv4,ziyadnz|hourly,2026-08-17T18:48:05Z,2026-08-17T18:48:05Z,
186.249.214.232,ipv4,malicious-ip,medium,WHITE,ziyadnz/hourly-ipv4,ziyadnz|hourly,2026-08-17T18:48:05Z,2026-08-17T18:48:05Z,
186.249.22.22,ipv4,malicious-ip,medium,WHITE,ziyadnz/hourly-ipv4,ziyadnz|hourly,2026-08-17T18:48:05Z,2026-08-17T18:48:05Z,
186.249.26.37,ipv4,malicious-ip,medium,WHITE,ziyadnz/hourly-ipv4,ziyadnz|hourly,2026-08-17T18:48:05Z,2026-08-17T18:48:05Z,
186.249.29.33,ipv4,malicious-ip,medium,WHITE,ziyadnz/hourly-ipv4,ziyadnz|hourly,2026-08-17T18:48:05Z,2026-08-17T18:48:05Z,
186.249.86.14,ipv4,malicious-ip,medium,WHITE,ziyadnz/hourly-ipv4,ziyadnz|hourly,2026-08-17T18:48:05Z,2026-08-17T18:48:05Z,
186.250.105.213,ipv4,malicious-ip,medium,WHITE,ziyadnz/hourly-ipv4,ziyadnz|hourly,2026-08-17T18:48:05Z,2026-08-17T18:48:05Z,
186.250.111.152,ipv4,malicious-ip,medium,WHITE,ziyadnz/hourly-ipv4,ziyadnz|hourly,2026-08-17T18:48:05Z,2026-08-17T18:48:05Z,
186.250.114.22,ipv4,malicious-ip,medium,WHITE,ziyadnz/hourly-ipv4,ziyadnz|hourly,2026-08-17T18:48:05Z,2026-08-17T18:48:05Z,
186.250.118.4,ipv4,malicious-ip,medium,WHITE,ziyadnz/hourly-ipv4,ziyadnz|hourly,2026-08-17T18:48:05Z,2026-08-17T18:48:05Z,
186.250.240.21,ipv4,malicious-ip,medium,WHITE,ziyadnz/hourly-ipv4,ziyadnz|hourly,2026-08-17T18:48:05Z,2026-08-17T18:48:05Z,
186.250.53.188,ipv4,malicious-ip,medium,WHITE,ziyadnz/hourly-ipv4,ziyadnz|hourly,2026-08-17T18:48:05Z,2026-08-17T18:48:05Z,
186.250.54.17,ipv4,malicious-ip,medium,WHITE,ziyadnz/hourly-ipv4,ziyadnz|hourly,2026-08-17T18:48:05Z,2026-08-17T18:48:05Z,
186.250.58.45,ipv4,malicious-ip,medium,WHITE,ziyadnz/hourly-ipv4,ziyadnz|hourly,2026-08-17T18:48:05Z,2026-08-17T18:48:05Z,
186.251.165.65,ipv4,malicious-ip,medium,WHITE,ziyadnz/hourly-ipv4,ziyadnz|hourly,2026-08-17T18:48:05Z,2026-08-17T18:48:05Z,
186.251.193.54,ipv4,malicious-ip,medium,WHITE,ziyadnz/hourly-ipv4,ziyadnz|hourly,2026-08-17T18:48:05Z,2026-08-17T18:48:05Z,
186.251.197.58,ipv4,malicious-ip,medium,WHITE,ziyadnz/hourly-ipv4,ziyadnz|hourly,2026-08-17T18:48:05Z,2026-08-17T18:48:05Z,
186.251.198.191,ipv4,malicious-ip,medium,WHITE,ziyadnz/hourly-ipv4,ziyadnz|hourly,2026-08-17T18:48:05Z,2026-08-17T18:48:05Z,
186.251.2.132,ipv4,malicious-ip,medium,WHITE,ziyadnz/hourly-ipv4,ziyadnz|hourly,2026-08-17T18:48:05Z,2026-08-17T18:48:05Z,
186.251.21.195,ipv4,malicious-ip,medium,WHITE,ziyadnz/hourly-ipv4,ziyadnz|hourly,2026-08-17T18:48:05Z,2026-08-17T18:48:05Z,
186.251.23.201,ipv4,malicious-ip,medium,WHITE,ziyadnz/hourly-ipv4,ziyadnz|hourly,2026-08-17T18:48:05Z,2026-08-17T18:48:05Z,
186.251.40.91,ipv4,malicious-ip,medium,WHITE,ziyadnz/hourly-ipv4,ziyadnz|hourly,2026-08-17T18:48:05Z,2026-08-17T18:48:05Z,
186.251.5.174,ipv4,malicious-ip,medium,WHITE,ziyadnz/hourly-ipv4,ziyadnz|hourly,2026-08-17T18:48:05Z,2026-08-17T18:48:05Z,
186.251.56.20,ipv4,malicious-ip,medium,WHITE,ziyadnz/hourly-ipv4,ziyadnz|hourly,2026-08-17T18:48:05Z,2026-08-17T18:48:05Z,
186.26.102.232,ipv4,malicious-ip,medium,WHITE,ziyadnz/hourly-ipv4,ziyadnz|hourly,2026-08-17T18:48:05Z,2026-08-17T18:48:05Z,
186.26.105.11,ipv4,malicious-ip,medium,WHITE,ziyadnz/hourly-ipv4,ziyadnz|hourly,2026-08-17T18:48:05Z,2026-08-17T18:48:05Z,
186.26.124.122,ipv4,malicious-ip,medium,WHITE,ziyadnz/hourly-ipv4,ziyadnz|hourly,2026-08-17T18:48:05Z,2026-08-17T18:48:05Z,
186.26.124.218,ipv4,malicious-ip,medium,WHITE,ziyadnz/hourly-ipv4,ziyadnz|hourly,2026-08-17T18:48:05Z,2026-08-17T18:48:05Z,
186.26.80.133,ipv4,malicious-ip,medium,WHITE,ziyadnz/hourly-ipv4,ziyadnz|hourly,2026-08-17T18:48:05Z,2026-08-17T18:48:05Z,
186.26.98.149,ipv4,malicious-ip,medium,WHITE,ziyadnz/hourly-ipv4,ziyadnz|hourly,2026-08-17T18:48:05Z,2026-08-17T18:48:05Z,
186.27.131.88,ipv4,malicious-ip,medium,WHITE,ziyadnz/hourly-ipv4,ziyadnz|hourly,2026-08-17T18:48:05Z,2026-08-17T18:48:05Z,
186.28.164.145,ipv4,malicious-ip,medium,WHITE,ziyadnz/hourly-ipv4,ziyadnz|hourly,2026-08-17T18:48:05Z,2026-08-17T18:48:05Z,
186.28.174.203,ipv4,malicious-ip,medium,WHITE,ziyadnz/hourly-ipv4,ziyadnz|hourly,2026-08-17T18:48:05Z,2026-08-17T18:48:05Z,
186.28.92.175,ipv4,malicious-ip,medium,WHITE,ziyadnz/hourly-ipv4,ziyadnz|hourly,2026-08-17T18:48:05Z,2026-08-17T18:48:05Z,
186.28.99.81,ipv4,malicious-ip,medium,WHITE,ziyadnz/hourly-ipv4,ziyadnz|hourly,2026-08-17T18:48:05Z,2026-08-17T18:48:05Z,
186.29.146.6,ipv4,malicious-ip,medium,WHITE,ziyadnz/hourly-ipv4,ziyadnz|hourly,2026-08-17T18:48:05Z,2026-08-17T18:48:05Z,
186.29.192.205,ipv4,malicious-ip,medium,WHITE,ziyadnz/hourly-ipv4,ziyadnz|hourly,2026-08-17T18:48:05Z,2026-08-17T18:48:05Z,
186.29.42.236,ipv4,malicious-ip,medium,WHITE,ziyadnz/hourly-ipv4,ziyadnz|hourly,2026-08-17T18:48:05Z,2026-08-17T18:48:05Z,
186.3.210.233,ipv4,malicious-ip,medium,WHITE,ziyadnz/hourly-ipv4,ziyadnz|hourly,2026-08-17T18:48:05Z,2026-08-17T18:48:05Z,
186.30.147.111,ipv4,malicious-ip,medium,WHITE,ziyadnz/hourly-ipv4,ziyadnz|hourly,2026-08-17T18:48:05Z,2026-08-17T18:48:05Z,
186.32.158.39,ipv4,malicious-ip,medium,WHITE,ziyadnz/hourly-ipv4,ziyadnz|hourly,2026-08-17T18:48:05Z,2026-08-17T18:48:05Z,
186.33.165.52,ipv4,malicious-ip,medium,WHITE,ziyadnz/hourly-ipv4,ziyadnz|hourly,2026-08-17T18:48:05Z,2026-08-17T18:48:05Z,
186.33.25.234,ipv4,malicious-ip,medium,WHITE,ziyadnz/hourly-ipv4,ziyadnz|hourly,2026-08-17T18:48:05Z,2026-08-17T18:48:05Z,
186.33.25.235,ipv4,malicious-ip,medium,WHITE,ziyadnz/hourly-ipv4,ziyadnz|hourly,2026-08-17T18:48:05Z,2026-08-17T18:48:05Z,
186.33.25.236,ipv4,malicious-ip,medium,WHITE,ziyadnz/hourly-ipv4,ziyadnz|hourly,2026-08-17T18:48:05Z,2026-08-17T18:48:05Z,
186.33.26.86,ipv4,malicious-ip,medium,WHITE,ziyadnz/hourly-ipv4,ziyadnz|hourly,2026-08-17T18:48:05Z,2026-08-17T18:48:05Z,
186.33.35.100,ipv4,malicious-ip,medium,WHITE,ziyadnz/hourly-ipv4,ziyadnz|hourly,2026-08-17T18:48:05Z,2026-08-17T18:48:05Z,
186.33.35.102,ipv4,malicious-ip,medium,WHITE,ziyadnz/hourly-ipv4,ziyadnz|hourly,2026-08-17T18:48:05Z,2026-08-17T18:48:05Z,
186.33.35.68,ipv4,malicious-ip,medium,WHITE,ziyadnz/hourly-ipv4,ziyadnz|hourly,2026-08-17T18:48:05Z,2026-08-17T18:48:05Z,
186.33.44.21,ipv4,malicious-ip,medium,WHITE,ziyadnz/hourly-ipv4,ziyadnz|hourly,2026-08-17T18:48:05Z,2026-08-17T18:48:05Z,
186.33.57.44,ipv4,malicious-ip,medium,WHITE,ziyadnz/hourly-ipv4,ziyadnz|hourly,2026-08-17T18:48:05Z,2026-08-17T18:48:05Z,
186.36.124.172,ipv4,malicious-ip,medium,WHITE,ziyadnz/hourly-ipv4,ziyadnz|hourly,2026-08-17T18:48:05Z,2026-08-17T18:48:05Z,
186.38.1.6,ipv4,malicious-ip,medium,WHITE,ziyadnz/hourly-ipv4,ziyadnz|hourly,2026-08-17T18:48:05Z,2026-08-17T18:48:05Z,
186.39.101.68,ipv4,malicious-ip,medium,WHITE,ziyadnz/hourly-ipv4,ziyadnz|hourly,2026-08-17T18:48:05Z,2026-08-17T18:48:05Z,
186.39.111.18,ipv4,malicious-ip,medium,WHITE,ziyadnz/hourly-ipv4,ziyadnz|hourly,2026-08-17T18:48:05Z,2026-08-17T18:48:05Z,
186.39.153.222,ipv4,malicious-ip,medium,WHITE,ziyadnz/hourly-ipv4,ziyadnz|hourly,2026-08-17T18:48:05Z,2026-08-17T18:48:05Z,
186.39.24.28,ipv4,malicious-ip,medium,WHITE,ziyadnz/hourly-ipv4,ziyadnz|hourly,2026-08-17T18:48:05Z,2026-08-17T18:48:05Z,
186.39.97.247,ipv4,malicious-ip,medium,WHITE,ziyadnz/hourly-ipv4,ziyadnz|hourly,2026-08-17T18:48:05Z,2026-08-17T18:48:05Z,
186.4.110.36,ipv4,malicious-ip,medium,WHITE,ziyadnz/hourly-ipv4,ziyadnz|hourly,2026-08-17T18:48:05Z,2026-08-17T18:48:05Z,
186.4.198.29,ipv4,malicious-ip,medium,WHITE,ziyadnz/hourly-ipv4,ziyadnz|hourly,2026-08-17T18:48:05Z,2026-08-17T18:48:05Z,
186.4.216.42,ipv4,malicious-ip,medium,WHITE,ziyadnz/hourly-ipv4,ziyadnz|hourly,2026-08-17T18:48:05Z,2026-08-17T18:48:05Z,
186.4.240.226,ipv4,malicious-ip,medium,WHITE,ziyadnz/hourly-ipv4,ziyadnz|hourly,2026-08-17T18:48:05Z,2026-08-17T18:48:05Z,
186.4.95.17,ipv4,malicious-ip,medium,WHITE,ziyadnz/hourly-ipv4,ziyadnz|hourly,2026-08-17T18:48:05Z,2026-08-17T18:48:05Z,
186.42.24.165,ipv4,malicious-ip,medium,WHITE,ziyadnz/hourly-ipv4,ziyadnz|hourly,2026-08-17T18:48:05Z,2026-08-17T18:48:05Z,
186.48.134.59,ipv4,malicious-ip,medium,WHITE,ziyadnz/hourly-ipv4,ziyadnz|hourly,2026-08-17T18:48:05Z,2026-08-17T18:48:05Z,
186.48.144.198,ipv4,malicious-ip,medium,WHITE,ziyadnz/hourly-ipv4,ziyadnz|hourly,2026-08-17T18:48:05Z,2026-08-17T18:48:05Z,
186.48.27.133,ipv4,malicious-ip,medium,WHITE,ziyadnz/hourly-ipv4,ziyadnz|hourly,2026-08-17T18:48:05Z,2026-08-17T18:48:05Z,
186.49.10.39,ipv4,malicious-ip,medium,WHITE,ziyadnz/hourly-ipv4,ziyadnz|hourly,2026-08-17T18:48:05Z,2026-08-17T18:48:05Z,
186.49.183.214,ipv4,malicious-ip,medium,WHITE,ziyadnz/hourly-ipv4,ziyadnz|hourly,2026-08-17T18:48:05Z,2026-08-17T18:48:05Z,
186.49.184.170,ipv4,malicious-ip,medium,WHITE,ziyadnz/hourly-ipv4,ziyadnz|hourly,2026-08-17T18:48:05Z,2026-08-17T18:48:05Z,
186.5.180.176,ipv4,malicious-ip,medium,WHITE,ziyadnz/hourly-ipv4,ziyadnz|hourly,2026-08-17T18:48:05Z,2026-08-17T18:48:05Z,
186.52.190.33,ipv4,malicious-ip,medium,WHITE,ziyadnz/hourly-ipv4,ziyadnz|hourly,2026-08-17T18:48:05Z,2026-08-17T18:48:05Z,
186.52.77.130,ipv4,malicious-ip,medium,WHITE,ziyadnz/hourly-ipv4,ziyadnz|hourly,2026-08-17T18:48:05Z,2026-08-17T18:48:05Z,
186.53.10.62,ipv4,malicious-ip,medium,WHITE,ziyadnz/hourly-ipv4,ziyadnz|hourly,2026-08-17T18:48:05Z,2026-08-17T18:48:05Z,
186.53.210.233,ipv4,malicious-ip,medium,WHITE,ziyadnz/hourly-ipv4,ziyadnz|hourly,2026-08-17T18:48:05Z,2026-08-17T18:48:05Z,
186.56.11.2,ipv4,malicious-ip,medium,WHITE,ziyadnz/hourly-ipv4,ziyadnz|hourly,2026-08-17T18:48:05Z,2026-08-17T18:48:05Z,
186.56.81.69,ipv4,malicious-ip,medium,WHITE,ziyadnz/hourly-ipv4,ziyadnz|hourly,2026-08-17T18:48:05Z,2026-08-17T18:48:05Z,
186.57.0.186,ipv4,malicious-ip,medium,WHITE,ziyadnz/hourly-ipv4,ziyadnz|hourly,2026-08-17T18:48:05Z,2026-08-17T18:48:05Z,
186.57.1.241,ipv4,malicious-ip,medium,WHITE,ziyadnz/hourly-ipv4,ziyadnz|hourly,2026-08-17T18:48:05Z,2026-08-17T18:48:05Z,
186.57.108.39,ipv4,malicious-ip,medium,WHITE,ziyadnz/hourly-ipv4,ziyadnz|hourly,2026-08-17T18:48:05Z,2026-08-17T18:48:05Z,
186.57.152.10,ipv4,malicious-ip,medium,WHITE,ziyadnz/hourly-ipv4,ziyadnz|hourly,2026-08-17T18:48:05Z,2026-08-17T18:48:05Z,
186.57.31.28,ipv4,malicious-ip,medium,WHITE,ziyadnz/hourly-ipv4,ziyadnz|hourly,2026-08-17T18:48:05Z,2026-08-17T18:48:05Z,
186.57.57.162,ipv4,malicious-ip,medium,WHITE,ziyadnz/hourly-ipv4,ziyadnz|hourly,2026-08-17T18:48:05Z,2026-08-17T18:48:05Z,
186.57.71.16,ipv4,malicious-ip,medium,WHITE,ziyadnz/hourly-ipv4,ziyadnz|hourly,2026-08-17T18:48:05Z,2026-08-17T18:48:05Z,
186.6.185.60,ipv4,malicious-ip,medium,WHITE,ziyadnz/hourly-ipv4,ziyadnz|hourly,2026-08-17T18:48:05Z,2026-08-17T18:48:05Z,
186.61.70.155,ipv4,malicious-ip,medium,WHITE,ziyadnz/hourly-ipv4,ziyadnz|hourly,2026-08-17T18:48:05Z,2026-08-17T18:48:05Z,
186.62.115.158,ipv4,malicious-ip,medium,WHITE,ziyadnz/hourly-ipv4,ziyadnz|hourly,2026-08-17T18:48:05Z,2026-08-17T18:48:05Z,
186.62.7.71,ipv4,malicious-ip,medium,WHITE,ziyadnz/hourly-ipv4,ziyadnz|hourly,2026-08-17T18:48:05Z,2026-08-17T18:48:05Z,
186.64.123.160,ipv4,malicious-ip,medium,WHITE,ziyadnz/hourly-ipv4,ziyadnz|hourly,2026-08-17T18:48:05Z,2026-08-17T18:48:05Z,
186.64.95.196,ipv4,malicious-ip,medium,WHITE,ziyadnz/hourly-ipv4,ziyadnz|hourly,2026-08-17T18:48:05Z,2026-08-17T18:48:05Z,
186.64.95.208,ipv4,malicious-ip,medium,WHITE,ziyadnz/hourly-ipv4,ziyadnz|hourly,2026-08-17T18:48:05Z,2026-08-17T18:48:05Z,
186.64.95.217,ipv4,malicious-ip,medium,WHITE,ziyadnz/hourly-ipv4,ziyadnz|hourly,2026-08-17T18:48:05Z,2026-08-17T18:48:05Z,
186.64.95.33,ipv4,malicious-ip,medium,WHITE,ziyadnz/hourly-ipv4,ziyadnz|hourly,2026-08-17T18:48:05Z,2026-08-17T18:48:05Z,
186.64.95.53,ipv4,malicious-ip,medium,WHITE,ziyadnz/hourly-ipv4,ziyadnz|hourly,2026-08-17T18:48:05Z,2026-08-17T18:48:05Z,
186.65.78.45,ipv4,malicious-ip,medium,WHITE,ziyadnz/hourly-ipv4,ziyadnz|hourly,2026-08-17T18:48:05Z,2026-08-17T18:48:05Z,
186.65.79.19,ipv4,malicious-ip,medium,WHITE,ziyadnz/hourly-ipv4,ziyadnz|hourly,2026-08-17T18:48:05Z,2026-08-17T18:48:05Z,
186.65.79.59,ipv4,malicious-ip,medium,WHITE,ziyadnz/hourly-ipv4,ziyadnz|hourly,2026-08-17T18:48:05Z,2026-08-17T18:48:05Z,
186.65.86.254,ipv4,malicious-ip,medium,WHITE,ziyadnz/hourly-ipv4,ziyadnz|hourly,2026-08-17T18:48:05Z,2026-08-17T18:48:05Z,
186.66.80.196,ipv4,malicious-ip,medium,WHITE,ziyadnz/hourly-ipv4,ziyadnz|hourly,2026-08-17T18:48:05Z,2026-08-17T18:48:05Z,
186.66.81.108,ipv4,malicious-ip,medium,WHITE,ziyadnz/hourly-ipv4,ziyadnz|hourly,2026-08-17T18:48:05Z,2026-08-17T18:48:05Z,
186.67.227.18,ipv4,malicious-ip,medium,WHITE,ziyadnz/hourly-ipv4,ziyadnz|hourly,2026-08-17T18:48:05Z,2026-08-17T18:48:05Z,
186.67.228.226,ipv4,malicious-ip,medium,WHITE,ziyadnz/hourly-ipv4,ziyadnz|hourly,2026-08-17T18:48:05Z,2026-08-17T18:48:05Z,
186.68.83.104,ipv4,malicious-ip,medium,WHITE,ziyadnz/hourly-ipv4,ziyadnz|hourly,2026-08-17T18:48:05Z,2026-08-17T18:48:05Z,
186.68.93.103,ipv4,malicious-ip,medium,WHITE,ziyadnz/hourly-ipv4,ziyadnz|hourly,2026-08-17T18:48:05Z,2026-08-17T18:48:05Z,
186.69.189.60,ipv4,malicious-ip,medium,WHITE,ziyadnz/hourly-ipv4,ziyadnz|hourly,2026-08-17T18:48:05Z,2026-08-17T18:48:05Z,
186.69.22.112,ipv4,malicious-ip,medium,WHITE,ziyadnz/hourly-ipv4,ziyadnz|hourly,2026-08-17T18:48:05Z,2026-08-17T18:48:05Z,
186.69.245.83,ipv4,malicious-ip,medium,WHITE,ziyadnz/hourly-ipv4,ziyadnz|hourly,2026-08-17T18:48:05Z,2026-08-17T18:48:05Z,
186.69.254.205,ipv4,malicious-ip,medium,WHITE,ziyadnz/hourly-ipv4,ziyadnz|hourly,2026-08-17T18:48:05Z,2026-08-17T18:48:05Z,
186.7.3.20,ipv4,malicious-ip,medium,WHITE,ziyadnz/hourly-ipv4,ziyadnz|hourly,2026-08-17T18:48:05Z,2026-08-17T18:48:05Z,
186.70.196.217,ipv4,malicious-ip,medium,WHITE,ziyadnz/hourly-ipv4,ziyadnz|hourly,2026-08-17T18:48:05Z,2026-08-17T18:48:05Z,
186.70.38.139,ipv4,malicious-ip,medium,WHITE,ziyadnz/hourly-ipv4,ziyadnz|hourly,2026-08-17T18:48:05Z,2026-08-17T18:48:05Z,
186.71.0.167,ipv4,malicious-ip,medium,WHITE,ziyadnz/hourly-ipv4,ziyadnz|hourly,2026-08-17T18:48:05Z,2026-08-17T18:48:05Z,
186.71.121.3,ipv4,malicious-ip,medium,WHITE,ziyadnz/hourly-ipv4,ziyadnz|hourly,2026-08-17T18:48:05Z,2026-08-17T18:48:05Z,
186.71.124.7,ipv4,malicious-ip,medium,WHITE,ziyadnz/hourly-ipv4,ziyadnz|hourly,2026-08-17T18:48:05Z,2026-08-17T18:48:05Z,
186.71.227.68,ipv4,malicious-ip,medium,WHITE,ziyadnz/hourly-ipv4,ziyadnz|hourly,2026-08-17T18:48:05Z,2026-08-17T18:48:05Z,
186.71.247.126,ipv4,malicious-ip,medium,WHITE,ziyadnz/hourly-ipv4,ziyadnz|hourly,2026-08-17T18:48:05Z,2026-08-17T18:48:05Z,
186.77.204.144,ipv4,malicious-ip,medium,WHITE,ziyadnz/hourly-ipv4,ziyadnz|hourly,2026-08-17T18:48:05Z,2026-08-17T18:48:05Z,
186.78.7.244,ipv4,malicious-ip,medium,WHITE,ziyadnz/hourly-ipv4,ziyadnz|hourly,2026-08-17T18:48:05Z,2026-08-17T18:48:05Z,
186.78.95.70,ipv4,malicious-ip,medium,WHITE,ziyadnz/hourly-ipv4,ziyadnz|hourly,2026-08-17T18:48:05Z,2026-08-17T18:48:05Z,
186.79.143.24,ipv4,malicious-ip,medium,WHITE,ziyadnz/hourly-ipv4,ziyadnz|hourly,2026-08-17T18:48:05Z,2026-08-17T18:48:05Z,
186.79.50.39,ipv4,malicious-ip,medium,WHITE,ziyadnz/hourly-ipv4,ziyadnz|hourly,2026-08-17T18:48:05Z,2026-08-17T18:48:05Z,
186.80.18.158,ipv4,malicious-ip,medium,WHITE,ziyadnz/hourly-ipv4,ziyadnz|hourly,2026-08-17T18:48:05Z,2026-08-17T18:48:05Z,
186.80.54.235,ipv4,malicious-ip,medium,WHITE,ziyadnz/hourly-ipv4,ziyadnz|hourly,2026-08-17T18:48:05Z,2026-08-17T18:48:05Z,
186.81.124.201,ipv4,malicious-ip,medium,WHITE,ziyadnz/hourly-ipv4,ziyadnz|hourly,2026-08-17T18:48:05Z,2026-08-17T18:48:05Z,
186.84.20.185,ipv4,malicious-ip,medium,WHITE,ziyadnz/hourly-ipv4,ziyadnz|hourly,2026-08-17T18:48:05Z,2026-08-17T18:48:05Z,
186.84.89.229,ipv4,malicious-ip,medium,WHITE,ziyadnz/hourly-ipv4,ziyadnz|hourly,2026-08-17T18:48:05Z,2026-08-17T18:48:05Z,
186.85.240.143,ipv4,malicious-ip,medium,WHITE,ziyadnz/hourly-ipv4,ziyadnz|hourly,2026-08-17T18:48:05Z,2026-08-17T18:48:05Z,
186.87.10.60,ipv4,malicious-ip,medium,WHITE,ziyadnz/hourly-ipv4,ziyadnz|hourly,2026-08-17T18:48:05Z,2026-08-17T18:48:05Z,
186.89.48.177,ipv4,malicious-ip,medium,WHITE,ziyadnz/hourly-ipv4,ziyadnz|hourly,2026-08-17T18:48:05Z,2026-08-17T18:48:05Z,
186.90.153.162,ipv4,malicious-ip,medium,WHITE,ziyadnz/hourly-ipv4,ziyadnz|hourly,2026-08-17T18:48:05Z,2026-08-17T18:48:05Z,
186.90.229.141,ipv4,malicious-ip,medium,WHITE,ziyadnz/hourly-ipv4,ziyadnz|hourly,2026-08-17T18:48:05Z,2026-08-17T18:48:05Z,
186.92.122.238,ipv4,malicious-ip,medium,WHITE,ziyadnz/hourly-ipv4,ziyadnz|hourly,2026-08-17T18:48:05Z,2026-08-17T18:48:05Z,
186.96.151.146,ipv4,malicious-ip,medium,WHITE,ziyadnz/hourly-ipv4,ziyadnz|hourly,2026-08-17T18:48:05Z,2026-08-17T18:48:05Z,
186.96.193.139,ipv4,malicious-ip,medium,WHITE,ziyadnz/hourly-ipv4,ziyadnz|hourly,2026-08-17T18:48:05Z,2026-08-17T18:48:05Z,
186.96.193.41,ipv4,malicious-ip,medium,WHITE,ziyadnz/hourly-ipv4,ziyadnz|hourly,2026-08-17T18:48:05Z,2026-08-17T18:48:05Z,
186.96.194.150,ipv4,malicious-ip,medium,WHITE,ziyadnz/hourly-ipv4,ziyadnz|hourly,2026-08-17T18:48:05Z,2026-08-17T18:48:05Z,
186.96.195.220,ipv4,malicious-ip,medium,WHITE,ziyadnz/hourly-ipv4,ziyadnz|hourly,2026-08-17T18:48:05Z,2026-08-17T18:48:05Z,
186.96.196.217,ipv4,malicious-ip,medium,WHITE,ziyadnz/hourly-ipv4,ziyadnz|hourly,2026-08-17T18:48:05Z,2026-08-17T18:48:05Z,
186.96.197.243,ipv4,malicious-ip,medium,WHITE,ziyadnz/hourly-ipv4,ziyadnz|hourly,2026-08-17T18:48:05Z,2026-08-17T18:48:05Z,
186.96.197.53,ipv4,malicious-ip,medium,WHITE,ziyadnz/hourly-ipv4,ziyadnz|hourly,2026-08-17T18:48:05Z,2026-08-17T18:48:05Z,
186.96.197.69,ipv4,malicious-ip,medium,WHITE,ziyadnz/hourly-ipv4,ziyadnz|hourly,2026-08-17T18:48:05Z,2026-08-17T18:48:05Z,
186.96.198.81,ipv4,malicious-ip,medium,WHITE,ziyadnz/hourly-ipv4,ziyadnz|hourly,2026-08-17T18:48:05Z,2026-08-17T18:48:05Z,
186.96.199.42,ipv4,malicious-ip,medium,WHITE,ziyadnz/hourly-ipv4,ziyadnz|hourly,2026-08-17T18:48:05Z,2026-08-17T18:48:05Z,
186.96.213.55,ipv4,malicious-ip,medium,WHITE,ziyadnz/hourly-ipv4,ziyadnz|hourly,2026-08-17T18:48:05Z,2026-08-17T18:48:05Z,
186.96.217.130,ipv4,malicious-ip,medium,WHITE,ziyadnz/hourly-ipv4,ziyadnz|hourly,2026-08-17T18:48:05Z,2026-08-17T18:48:05Z,
186.96.252.171,ipv4,malicious-ip,medium,WHITE,ziyadnz/hourly-ipv4,ziyadnz|hourly,2026-08-17T18:48:05Z,2026-08-17T18:48:05Z,
186.96.69.147,ipv4,malicious-ip,medium,WHITE,ziyadnz/hourly-ipv4,ziyadnz|hourly,2026-08-17T18:48:05Z,2026-08-17T18:48:05Z,
186.96.74.66,ipv4,malicious-ip,medium,WHITE,ziyadnz/hourly-ipv4,ziyadnz|hourly,2026-08-17T18:48:05Z,2026-08-17T18:48:05Z,
186.97.210.106,ipv4,malicious-ip,medium,WHITE,ziyadnz/hourly-ipv4,ziyadnz|hourly,2026-08-17T18:48:05Z,2026-08-17T18:48:05Z,
187.0.12.135,ipv4,malicious-ip,medium,WHITE,ziyadnz/hourly-ipv4,ziyadnz|hourly,2026-08-17T18:48:05Z,2026-08-17T18:48:05Z,
187.0.128.86,ipv4,malicious-ip,medium,WHITE,ziyadnz/hourly-ipv4,ziyadnz|hourly,2026-08-17T18:48:05Z,2026-08-17T18:48:05Z,
187.0.14.211,ipv4,malicious-ip,medium,WHITE,ziyadnz/hourly-ipv4,ziyadnz|hourly,2026-08-17T18:48:05Z,2026-08-17T18:48:05Z,
187.0.232.47,ipv4,malicious-ip,medium,WHITE,ziyadnz/hourly-ipv4,ziyadnz|hourly,2026-08-17T18:48:05Z,2026-08-17T18:48:05Z,
187.0.234.30,ipv4,malicious-ip,medium,WHITE,ziyadnz/hourly-ipv4,ziyadnz|hourly,2026-08-17T18:48:05Z,2026-08-17T18:48:05Z,
187.0.238.207,ipv4,malicious-ip,medium,WHITE,ziyadnz/hourly-ipv4,ziyadnz|hourly,2026-08-17T18:48:05Z,2026-08-17T18:48:05Z,
187.0.238.72,ipv4,malicious-ip,medium,WHITE,ziyadnz/hourly-ipv4,ziyadnz|hourly,2026-08-17T18:48:05Z,2026-08-17T18:48:05Z,
187.0.5.132,ipv4,malicious-ip,medium,WHITE,ziyadnz/hourly-ipv4,ziyadnz|hourly,2026-08-17T18:48:05Z,2026-08-17T18:48:05Z,
187.1.166.20,ipv4,malicious-ip,medium,WHITE,ziyadnz/hourly-ipv4,ziyadnz|hourly,2026-08-17T18:48:05Z,2026-08-17T18:48:05Z,
187.1.179.32,ipv4,malicious-ip,medium,WHITE,ziyadnz/hourly-ipv4,ziyadnz|hourly,2026-08-17T18:48:05Z,2026-08-17T18:48:05Z,
187.10.157.56,ipv4,malicious-ip,medium,WHITE,ziyadnz/hourly-ipv4,ziyadnz|hourly,2026-08-17T18:48:05Z,2026-08-17T18:48:05Z,
187.10.209.240,ipv4,malicious-ip,medium,WHITE,ziyadnz/hourly-ipv4,ziyadnz|hourly,2026-08-17T18:48:05Z,2026-08-17T18:48:05Z,
187.100.249.130,ipv4,malicious-ip,medium,WHITE,ziyadnz/hourly-ipv4,ziyadnz|hourly,2026-08-17T18:48:05Z,2026-08-17T18:48:05Z,
187.102.16.210,ipv4,malicious-ip,medium,WHITE,ziyadnz/hourly-ipv4,ziyadnz|hourly,2026-08-17T18:48:05Z,2026-08-17T18:48:05Z,
187.102.241.35,ipv4,malicious-ip,medium,WHITE,ziyadnz/hourly-ipv4,ziyadnz|hourly,2026-08-17T18:48:05Z,2026-08-17T18:48:05Z,
187.103.67.248,ipv4,malicious-ip,medium,WHITE,ziyadnz/hourly-ipv4,ziyadnz|hourly,2026-08-17T18:48:05Z,2026-08-17T18:48:05Z,
187.103.77.61,ipv4,malicious-ip,medium,WHITE,ziyadnz/hourly-ipv4,ziyadnz|hourly,2026-08-17T18:48:05Z,2026-08-17T18:48:05Z,
187.105.183.203,ipv4,malicious-ip,medium,WHITE,ziyadnz/hourly-ipv4,ziyadnz|hourly,2026-08-17T18:48:05Z,2026-08-17T18:48:05Z,
187.106.168.28,ipv4,malicious-ip,medium,WHITE,ziyadnz/hourly-ipv4,ziyadnz|hourly,2026-08-17T18:48:05Z,2026-08-17T18:48:05Z,
187.106.49.25,ipv4,malicious-ip,medium,WHITE,ziyadnz/hourly-ipv4,ziyadnz|hourly,2026-08-17T18:48:05Z,2026-08-17T18:48:05Z,
187.106.52.29,ipv4,malicious-ip,medium,WHITE,ziyadnz/hourly-ipv4,ziyadnz|hourly,2026-08-17T18:48:05Z,2026-08-17T18:48:05Z,
187.106.53.223,ipv4,malicious-ip,medium,WHITE,ziyadnz/hourly-ipv4,ziyadnz|hourly,2026-08-17T18:48:05Z,2026-08-17T18:48:05Z,
187.106.54.138,ipv4,malicious-ip,medium,WHITE,ziyadnz/hourly-ipv4,ziyadnz|hourly,2026-08-17T18:48:05Z,2026-08-17T18:48:05Z,
187.107.132.53,ipv4,malicious-ip,medium,WHITE,ziyadnz/hourly-ipv4,ziyadnz|hourly,2026-08-17T18:48:05Z,2026-08-17T18:48:05Z,
187.107.65.112,ipv4,malicious-ip,medium,WHITE,ziyadnz/hourly-ipv4,ziyadnz|hourly,2026-08-17T18:48:05Z,2026-08-17T18:48:05Z,
187.108.1.130,ipv4,malicious-ip,medium,WHITE,ziyadnz/hourly-ipv4,ziyadnz|hourly,2026-08-17T18:48:05Z,2026-08-17T18:48:05Z,
187.108.1.142,ipv4,malicious-ip,medium,WHITE,ziyadnz/hourly-ipv4,ziyadnz|hourly,2026-08-17T18:48:05Z,2026-08-17T18:48:05Z,
187.108.193.54,ipv4,malicious-ip,medium,WHITE,ziyadnz/hourly-ipv4,ziyadnz|hourly,2026-08-17T18:48:05Z,2026-08-17T18:48:05Z,
187.108.21.163,ipv4,malicious-ip,medium,WHITE,ziyadnz/hourly-ipv4,ziyadnz|hourly,2026-08-17T18:48:05Z,2026-08-17T18:48:05Z,
187.108.86.206,ipv4,malicious-ip,medium,WHITE,ziyadnz/hourly-ipv4,ziyadnz|hourly,2026-08-17T18:48:05Z,2026-08-17T18:48:05Z,
187.108.94.30,ipv4,malicious-ip,medium,WHITE,ziyadnz/hourly-ipv4,ziyadnz|hourly,2026-08-17T18:48:05Z,2026-08-17T18:48:05Z,
187.109.166.137,ipv4,malicious-ip,medium,WHITE,ziyadnz/hourly-ipv4,ziyadnz|hourly,2026-08-17T18:48:05Z,2026-08-17T18:48:05Z,
187.109.167.234,ipv4,malicious-ip,medium,WHITE,ziyadnz/hourly-ipv4,ziyadnz|hourly,2026-08-17T18:48:05Z,2026-08-17T18:48:05Z,
187.109.169.223,ipv4,malicious-ip,medium,WHITE,ziyadnz/hourly-ipv4,ziyadnz|hourly,2026-08-17T18:48:05Z,2026-08-17T18:48:05Z,
187.109.199.73,ipv4,malicious-ip,medium,WHITE,ziyadnz/hourly-ipv4,ziyadnz|hourly,2026-08-17T18:48:05Z,2026-08-17T18:48:05Z,
187.109.203.132,ipv4,malicious-ip,medium,WHITE,ziyadnz/hourly-ipv4,ziyadnz|hourly,2026-08-17T18:48:05Z,2026-08-17T18:48:05Z,
187.109.81.226,ipv4,malicious-ip,medium,WHITE,ziyadnz/hourly-ipv4,ziyadnz|hourly,2026-08-17T18:48:05Z,2026-08-17T18:48:05Z,
187.109.94.212,ipv4,malicious-ip,medium,WHITE,ziyadnz/hourly-ipv4,ziyadnz|hourly,2026-08-17T18:48:05Z,2026-08-17T18:48:05Z,
187.11.53.218,ipv4,malicious-ip,medium,WHITE,ziyadnz/hourly-ipv4,ziyadnz|hourly,2026-08-17T18:48:05Z,2026-08-17T18:48:05Z,
187.111.145.154,ipv4,malicious-ip,medium,WHITE,ziyadnz/hourly-ipv4,ziyadnz|hourly,2026-08-17T18:48:05Z,2026-08-17T18:48:05Z,
187.111.152.210,ipv4,malicious-ip,medium,WHITE,ziyadnz/hourly-ipv4,ziyadnz|hourly,2026-08-17T18:48:05Z,2026-08-17T18:48:05Z,
187.111.157.19,ipv4,malicious-ip,medium,WHITE,ziyadnz/hourly-ipv4,ziyadnz|hourly,2026-08-17T18:48:05Z,2026-08-17T18:48:05Z,
187.111.4.81,ipv4,malicious-ip,medium,WHITE,ziyadnz/hourly-ipv4,ziyadnz|hourly,2026-08-17T18:48:05Z,2026-08-17T18:48:05Z,
187.111.60.7,ipv4,malicious-ip,medium,WHITE,ziyadnz/hourly-ipv4,ziyadnz|hourly,2026-08-17T18:48:05Z,2026-08-17T18:48:05Z,
187.116.117.109,ipv4,malicious-ip,medium,WHITE,ziyadnz/hourly-ipv4,ziyadnz|hourly,2026-08-17T18:48:05Z,2026-08-17T18:48:05Z,
187.116.126.216,ipv4,malicious-ip,medium,WHITE,ziyadnz/hourly-ipv4,ziyadnz|hourly,2026-08-17T18:48:05Z,2026-08-17T18:48:05Z,
187.120.104.0,ipv4,malicious-ip,medium,WHITE,ziyadnz/hourly-ipv4,ziyadnz|hourly,2026-08-17T18:48:05Z,2026-08-17T18:48:05Z,
187.120.104.126,ipv4,malicious-ip,medium,WHITE,ziyadnz/hourly-ipv4,ziyadnz|hourly,2026-08-17T18:48:05Z,2026-08-17T18:48:05Z,
187.120.104.177,ipv4,malicious-ip,medium,WHITE,ziyadnz/hourly-ipv4,ziyadnz|hourly,2026-08-17T18:48:05Z,2026-08-17T18:48:05Z,
187.120.104.192,ipv4,malicious-ip,medium,WHITE,ziyadnz/hourly-ipv4,ziyadnz|hourly,2026-08-17T18:48:05Z,2026-08-17T18:48:05Z,
187.120.104.197,ipv4,malicious-ip,medium,WHITE,ziyadnz/hourly-ipv4,ziyadnz|hourly,2026-08-17T18:48:05Z,2026-08-17T18:48:05Z,
187.120.104.235,ipv4,malicious-ip,medium,WHITE,ziyadnz/hourly-ipv4,ziyadnz|hourly,2026-08-17T18:48:05Z,2026-08-17T18:48:05Z,
187.120.104.65,ipv4,malicious-ip,medium,WHITE,ziyadnz/hourly-ipv4,ziyadnz|hourly,2026-08-17T18:48:05Z,2026-08-17T18:48:05Z,
187.120.104.98,ipv4,malicious-ip,medium,WHITE,ziyadnz/hourly-ipv4,ziyadnz|hourly,2026-08-17T18:48:05Z,2026-08-17T18:48:05Z,
187.120.105.0,ipv4,malicious-ip,medium,WHITE,ziyadnz/hourly-ipv4,ziyadnz|hourly,2026-08-17T18:48:05Z,2026-08-17T18:48:05Z,
187.120.105.112,ipv4,malicious-ip,medium,WHITE,ziyadnz/hourly-ipv4,ziyadnz|hourly,2026-08-17T18:48:05Z,2026-08-17T18:48:05Z,
187.120.105.176,ipv4,malicious-ip,medium,WHITE,ziyadnz/hourly-ipv4,ziyadnz|hourly,2026-08-17T18:48:05Z,2026-08-17T18:48:05Z,
187.120.105.23,ipv4,malicious-ip,medium,WHITE,ziyadnz/hourly-ipv4,ziyadnz|hourly,2026-08-17T18:48:05Z,2026-08-17T18:48:05Z,
187.120.105.39,ipv4,malicious-ip,medium,WHITE,ziyadnz/hourly-ipv4,ziyadnz|hourly,2026-08-17T18:48:05Z,2026-08-17T18:48:05Z,
187.120.105.4,ipv4,malicious-ip,medium,WHITE,ziyadnz/hourly-ipv4,ziyadnz|hourly,2026-08-17T18:48:05Z,2026-08-17T18:48:05Z,
187.120.105.76,ipv4,malicious-ip,medium,WHITE,ziyadnz/hourly-ipv4,ziyadnz|hourly,2026-08-17T18:48:05Z,2026-08-17T18:48:05Z,
187.120.106.0,ipv4,malicious-ip,medium,WHITE,ziyadnz/hourly-ipv4,ziyadnz|hourly,2026-08-17T18:48:05Z,2026-08-17T18:48:05Z,
187.120.106.133,ipv4,malicious-ip,medium,WHITE,ziyadnz/hourly-ipv4,ziyadnz|hourly,2026-08-17T18:48:05Z,2026-08-17T18:48:05Z,
187.120.106.147,ipv4,malicious-ip,medium,WHITE,ziyadnz/hourly-ipv4,ziyadnz|hourly,2026-08-17T18:48:05Z,2026-08-17T18:48:05Z,
187.120.106.235,ipv4,malicious-ip,medium,WHITE,ziyadnz/hourly-ipv4,ziyadnz|hourly,2026-08-17T18:48:05Z,2026-08-17T18:48:05Z,
187.120.106.74,ipv4,malicious-ip,medium,WHITE,ziyadnz/hourly-ipv4,ziyadnz|hourly,2026-08-17T18:48:05Z,2026-08-17T18:48:05Z,
187.120.106.79,ipv4,malicious-ip,medium,WHITE,ziyadnz/hourly-ipv4,ziyadnz|hourly,2026-08-17T18:48:05Z,2026-08-17T18:48:05Z,
187.120.107.172,ipv4,malicious-ip,medium,WHITE,ziyadnz/hourly-ipv4,ziyadnz|hourly,2026-08-17T18:48:05Z,2026-08-17T18:48:05Z,
187.120.107.47,ipv4,malicious-ip,medium,WHITE,ziyadnz/hourly-ipv4,ziyadnz|hourly,2026-08-17T18:48:05Z,2026-08-17T18:48:05Z,
187.120.117.74,ipv4,malicious-ip,medium,WHITE,ziyadnz/hourly-ipv4,ziyadnz|hourly,2026-08-17T18:48:05Z,2026-08-17T18:48:05Z,
187.120.22.52,ipv4,malicious-ip,medium,WHITE,ziyadnz/hourly-ipv4,ziyadnz|hourly,2026-08-17T18:48:05Z,2026-08-17T18:48:05Z,
187.120.25.148,ipv4,malicious-ip,medium,WHITE,ziyadnz/hourly-ipv4,ziyadnz|hourly,2026-08-17T18:48:05Z,2026-08-17T18:48:05Z,
187.120.28.225,ipv4,malicious-ip,medium,WHITE,ziyadnz/hourly-ipv4,ziyadnz|hourly,2026-08-17T18:48:05Z,2026-08-17T18:48:05Z,
187.120.32.84,ipv4,malicious-ip,medium,WHITE,ziyadnz/hourly-ipv4,ziyadnz|hourly,2026-08-17T18:48:05Z,2026-08-17T18:48:05Z,
187.120.36.118,ipv4,malicious-ip,medium,WHITE,ziyadnz/hourly-ipv4,ziyadnz|hourly,2026-08-17T18:48:05Z,2026-08-17T18:48:05Z,
187.120.72.0,ipv4,malicious-ip,medium,WHITE,ziyadnz/hourly-ipv4,ziyadnz|hourly,2026-08-17T18:48:05Z,2026-08-17T18:48:05Z,
187.120.72.134,ipv4,malicious-ip,medium,WHITE,ziyadnz/hourly-ipv4,ziyadnz|hourly,2026-08-17T18:48:05Z,2026-08-17T18:48:05Z,
187.120.72.136,ipv4,malicious-ip,medium,WHITE,ziyadnz/hourly-ipv4,ziyadnz|hourly,2026-08-17T18:48:05Z,2026-08-17T18:48:05Z,
187.120.72.162,ipv4,malicious-ip,medium,WHITE,ziyadnz/hourly-ipv4,ziyadnz|hourly,2026-08-17T18:48:05Z,2026-08-17T18:48:05Z,
187.120.72.191,ipv4,malicious-ip,medium,WHITE,ziyadnz/hourly-ipv4,ziyadnz|hourly,2026-08-17T18:48:05Z,2026-08-17T18:48:05Z,
187.120.72.223,ipv4,malicious-ip,medium,WHITE,ziyadnz/hourly-ipv4,ziyadnz|hourly,2026-08-17T18:48:05Z,2026-08-17T18:48:05Z,
187.120.72.229,ipv4,malicious-ip,medium,WHITE,ziyadnz/hourly-ipv4,ziyadnz|hourly,2026-08-17T18:48:05Z,2026-08-17T18:48:05Z,
187.120.72.245,ipv4,malicious-ip,medium,WHITE,ziyadnz/hourly-ipv4,ziyadnz|hourly,2026-08-17T18:48:05Z,2026-08-17T18:48:05Z,
187.120.72.59,ipv4,malicious-ip,medium,WHITE,ziyadnz/hourly-ipv4,ziyadnz|hourly,2026-08-17T18:48:05Z,2026-08-17T18:48:05Z,
187.120.72.60,ipv4,malicious-ip,medium,WHITE,ziyadnz/hourly-ipv4,ziyadnz|hourly,2026-08-17T18:48:05Z,2026-08-17T18:48:05Z,
187.120.72.62,ipv4,malicious-ip,medium,WHITE,ziyadnz/hourly-ipv4,ziyadnz|hourly,2026-08-17T18:48:05Z,2026-08-17T18:48:05Z,
187.120.72.65,ipv4,malicious-ip,medium,WHITE,ziyadnz/hourly-ipv4,ziyadnz|hourly,2026-08-17T18:48:05Z,2026-08-17T18:48:05Z,
187.120.72.69,ipv4,malicious-ip,medium,WHITE,ziyadnz/hourly-ipv4,ziyadnz|hourly,2026-08-17T18:48:05Z,2026-08-17T18:48:05Z,
187.120.72.72,ipv4,malicious-ip,medium,WHITE,ziyadnz/hourly-ipv4,ziyadnz|hourly,2026-08-17T18:48:05Z,2026-08-17T18:48:05Z,
187.120.72.79,ipv4,malicious-ip,medium,WHITE,ziyadnz/hourly-ipv4,ziyadnz|hourly,2026-08-17T18:48:05Z,2026-08-17T18:48:05Z,
187.120.72.87,ipv4,malicious-ip,medium,WHITE,ziyadnz/hourly-ipv4,ziyadnz|hourly,2026-08-17T18:48:05Z,2026-08-17T18:48:05Z,
187.120.72.95,ipv4,malicious-ip,medium,WHITE,ziyadnz/hourly-ipv4,ziyadnz|hourly,2026-08-17T18:48:05Z,2026-08-17T18:48:05Z,
187.120.73.0,ipv4,malicious-ip,medium,WHITE,ziyadnz/hourly-ipv4,ziyadnz|hourly,2026-08-17T18:48:05Z,2026-08-17T18:48:05Z,
187.120.73.107,ipv4,malicious-ip,medium,WHITE,ziyadnz/hourly-ipv4,ziyadnz|hourly,2026-08-17T18:48:05Z,2026-08-17T18:48:05Z,
187.120.73.114,ipv4,malicious-ip,medium,WHITE,ziyadnz/hourly-ipv4,ziyadnz|hourly,2026-08-17T18:48:05Z,2026-08-17T18:48:05Z,
187.120.73.116,ipv4,malicious-ip,medium,WHITE,ziyadnz/hourly-ipv4,ziyadnz|hourly,2026-08-17T18:48:05Z,2026-08-17T18:48:05Z,
187.120.73.121,ipv4,malicious-ip,medium,WHITE,ziyadnz/hourly-ipv4,ziyadnz|hourly,2026-08-17T18:48:05Z,2026-08-17T18:48:05Z,
187.120.73.126,ipv4,malicious-ip,medium,WHITE,ziyadnz/hourly-ipv4,ziyadnz|hourly,2026-08-17T18:48:05Z,2026-08-17T18:48:05Z,
187.120.73.144,ipv4,malicious-ip,medium,WHITE,ziyadnz/hourly-ipv4,ziyadnz|hourly,2026-08-17T18:48:05Z,2026-08-17T18:48:05Z,
187.120.73.164,ipv4,malicious-ip,medium,WHITE,ziyadnz/hourly-ipv4,ziyadnz|hourly,2026-08-17T18:48:05Z,2026-08-17T18:48:05Z,
187.120.73.166,ipv4,malicious-ip,medium,WHITE,ziyadnz/hourly-ipv4,ziyadnz|hourly,2026-08-17T18:48:05Z,2026-08-17T18:48:05Z,
187.120.73.173,ipv4,malicious-ip,medium,WHITE,ziyadnz/hourly-ipv4,ziyadnz|hourly,2026-08-17T18:48:05Z,2026-08-17T18:48:05Z,
187.120.73.175,ipv4,malicious-ip,medium,WHITE,ziyadnz/hourly-ipv4,ziyadnz|hourly,2026-08-17T18:48:05Z,2026-08-17T18:48:05Z,
187.120.73.188,ipv4,malicious-ip,medium,WHITE,ziyadnz/hourly-ipv4,ziyadnz|hourly,2026-08-17T18:48:05Z,2026-08-17T18:48:05Z,
187.120.73.198,ipv4,malicious-ip,medium,WHITE,ziyadnz/hourly-ipv4,ziyadnz|hourly,2026-08-17T18:48:05Z,2026-08-17T18:48:05Z,
187.120.73.211,ipv4,malicious-ip,medium,WHITE,ziyadnz/hourly-ipv4,ziyadnz|hourly,2026-08-17T18:48:05Z,2026-08-17T18:48:05Z,
187.120.73.217,ipv4,malicious-ip,medium,WHITE,ziyadnz/hourly-ipv4,ziyadnz|hourly,2026-08-17T18:48:05Z,2026-08-17T18:48:05Z,
187.120.73.227,ipv4,malicious-ip,medium,WHITE,ziyadnz/hourly-ipv4,ziyadnz|hourly,2026-08-17T18:48:05Z,2026-08-17T18:48:05Z,
187.120.73.228,ipv4,malicious-ip,medium,WHITE,ziyadnz/hourly-ipv4,ziyadnz|hourly,2026-08-17T18:48:05Z,2026-08-17T18:48:05Z,
187.120.73.237,ipv4,malicious-ip,medium,WHITE,ziyadnz/hourly-ipv4,ziyadnz|hourly,2026-08-17T18:48:05Z,2026-08-17T18:48:05Z,
187.120.73.239,ipv4,malicious-ip,medium,WHITE,ziyadnz/hourly-ipv4,ziyadnz|hourly,2026-08-17T18:48:05Z,2026-08-17T18:48:05Z,
187.120.73.241,ipv4,malicious-ip,medium,WHITE,ziyadnz/hourly-ipv4,ziyadnz|hourly,2026-08-17T18:48:05Z,2026-08-17T18:48:05Z,
187.120.73.52,ipv4,malicious-ip,medium,WHITE,ziyadnz/hourly-ipv4,ziyadnz|hourly,2026-08-17T18:48:05Z,2026-08-17T18:48:05Z,
187.120.73.60,ipv4,malicious-ip,medium,WHITE,ziyadnz/hourly-ipv4,ziyadnz|hourly,2026-08-17T18:48:05Z,2026-08-17T18:48:05Z,
187.120.73.77,ipv4,malicious-ip,medium,WHITE,ziyadnz/hourly-ipv4,ziyadnz|hourly,2026-08-17T18:48:05Z,2026-08-17T18:48:05Z,
187.120.73.79,ipv4,malicious-ip,medium,WHITE,ziyadnz/hourly-ipv4,ziyadnz|hourly,2026-08-17T18:48:05Z,2026-08-17T18:48:05Z,
187.120.76.188,ipv4,malicious-ip,medium,WHITE,ziyadnz/hourly-ipv4,ziyadnz|hourly,2026-08-17T18:48:05Z,2026-08-17T18:48:05Z,
187.120.77.198,ipv4,malicious-ip,medium,WHITE,ziyadnz/hourly-ipv4,ziyadnz|hourly,2026-08-17T18:48:05Z,2026-08-17T18:48:05Z,
187.120.92.88,ipv4,malicious-ip,medium,WHITE,ziyadnz/hourly-ipv4,ziyadnz|hourly,2026-08-17T18:48:05Z,2026-08-17T18:48:05Z,
187.120.96.0,ipv4,malicious-ip,medium,WHITE,ziyadnz/hourly-ipv4,ziyadnz|hourly,2026-08-17T18:48:05Z,2026-08-17T18:48:05Z,
187.120.96.145,ipv4,malicious-ip,medium,WHITE,ziyadnz/hourly-ipv4,ziyadnz|hourly,2026-08-17T18:48:05Z,2026-08-17T18:48:05Z,
187.120.96.149,ipv4,malicious-ip,medium,WHITE,ziyadnz/hourly-ipv4,ziyadnz|hourly,2026-08-17T18:48:05Z,2026-08-17T18:48:05Z,
187.120.96.150,ipv4,malicious-ip,medium,WHITE,ziyadnz/hourly-ipv4,ziyadnz|hourly,2026-08-17T18:48:05Z,2026-08-17T18:48:05Z,
187.120.96.152,ipv4,malicious-ip,medium,WHITE,ziyadnz/hourly-ipv4,ziyadnz|hourly,2026-08-17T18:48:05Z,2026-08-17T18:48:05Z,
187.120.96.158,ipv4,malicious-ip,medium,WHITE,ziyadnz/hourly-ipv4,ziyadnz|hourly,2026-08-17T18:48:05Z,2026-08-17T18:48:05Z,
187.120.96.163,ipv4,malicious-ip,medium,WHITE,ziyadnz/hourly-ipv4,ziyadnz|hourly,2026-08-17T18:48:05Z,2026-08-17T18:48:05Z,
187.120.96.165,ipv4,malicious-ip,medium,WHITE,ziyadnz/hourly-ipv4,ziyadnz|hourly,2026-08-17T18:48:05Z,2026-08-17T18:48:05Z,
187.120.96.217,ipv4,malicious-ip,medium,WHITE,ziyadnz/hourly-ipv4,ziyadnz|hourly,2026-08-17T18:48:05Z,2026-08-17T18:48:05Z,
187.120.96.224,ipv4,malicious-ip,medium,WHITE,ziyadnz/hourly-ipv4,ziyadnz|hourly,2026-08-17T18:48:05Z,2026-08-17T18:48:05Z,
187.121.118.55,ipv4,malicious-ip,medium,WHITE,ziyadnz/hourly-ipv4,ziyadnz|hourly,2026-08-17T18:48:05Z,2026-08-17T18:48:05Z,
187.121.161.204,ipv4,malicious-ip,medium,WHITE,ziyadnz/hourly-ipv4,ziyadnz|hourly,2026-08-17T18:48:05Z,2026-08-17T18:48:05Z,
187.121.162.135,ipv4,malicious-ip,medium,WHITE,ziyadnz/hourly-ipv4,ziyadnz|hourly,2026-08-17T18:48:05Z,2026-08-17T18:48:05Z,
187.121.225.205,ipv4,malicious-ip,medium,WHITE,ziyadnz/hourly-ipv4,ziyadnz|hourly,2026-08-17T18:48:05Z,2026-08-17T18:48:05Z,
187.121.236.72,ipv4,malicious-ip,medium,WHITE,ziyadnz/hourly-ipv4,ziyadnz|hourly,2026-08-17T18:48:05Z,2026-08-17T18:48:05Z,
187.121.60.2,ipv4,malicious-ip,medium,WHITE,ziyadnz/hourly-ipv4,ziyadnz|hourly,2026-08-17T18:48:05Z,2026-08-17T18:48:05Z,
187.122.150.124,ipv4,malicious-ip,medium,WHITE,ziyadnz/hourly-ipv4,ziyadnz|hourly,2026-08-17T18:48:05Z,2026-08-17T18:48:05Z,
187.122.241.48,ipv4,malicious-ip,medium,WHITE,ziyadnz/hourly-ipv4,ziyadnz|hourly,2026-08-17T18:48:05Z,2026-08-17T18:48:05Z,
187.123.60.137,ipv4,malicious-ip,medium,WHITE,ziyadnz/hourly-ipv4,ziyadnz|hourly,2026-08-17T18:48:05Z,2026-08-17T18:48:05Z,
187.124.116.157,ipv4,malicious-ip,medium,WHITE,ziyadnz/hourly-ipv4,ziyadnz|hourly,2026-08-17T18:48:05Z,2026-08-17T18:48:05Z,
187.124.133.202,ipv4,malicious-ip,medium,WHITE,ziyadnz/hourly-ipv4,ziyadnz|hourly,2026-08-17T18:48:05Z,2026-08-17T18:48:05Z,
187.124.231.242,ipv4,malicious-ip,medium,WHITE,ziyadnz/hourly-ipv4,ziyadnz|hourly,2026-08-17T18:48:05Z,2026-08-17T18:48:05Z,
187.125.1.76,ipv4,malicious-ip,medium,WHITE,ziyadnz/hourly-ipv4,ziyadnz|hourly,2026-08-17T18:48:05Z,2026-08-17T18:48:05Z,
187.125.119.62,ipv4,malicious-ip,medium,WHITE,ziyadnz/hourly-ipv4,ziyadnz|hourly,2026-08-17T18:48:05Z,2026-08-17T18:48:05Z,
187.125.213.197,ipv4,malicious-ip,medium,WHITE,ziyadnz/hourly-ipv4,ziyadnz|hourly,2026-08-17T18:48:05Z,2026-08-17T18:48:05Z,
187.125.224.129,ipv4,malicious-ip,medium,WHITE,ziyadnz/hourly-ipv4,ziyadnz|hourly,2026-08-17T18:48:05Z,2026-08-17T18:48:05Z,
187.125.253.96,ipv4,malicious-ip,medium,WHITE,ziyadnz/hourly-ipv4,ziyadnz|hourly,2026-08-17T18:48:05Z,2026-08-17T18:48:05Z,
187.125.63.79,ipv4,malicious-ip,medium,WHITE,ziyadnz/hourly-ipv4,ziyadnz|hourly,2026-08-17T18:48:05Z,2026-08-17T18:48:05Z,
187.125.73.193,ipv4,malicious-ip,medium,WHITE,ziyadnz/hourly-ipv4,ziyadnz|hourly,2026-08-17T18:48:05Z,2026-08-17T18:48:05Z,
187.125.78.242,ipv4,malicious-ip,medium,WHITE,ziyadnz/hourly-ipv4,ziyadnz|hourly,2026-08-17T18:48:05Z,2026-08-17T18:48:05Z,
187.125.83.155,ipv4,malicious-ip,medium,WHITE,ziyadnz/hourly-ipv4,ziyadnz|hourly,2026-08-17T18:48:05Z,2026-08-17T18:48:05Z,
187.127.140.151,ipv4,malicious-ip,medium,WHITE,ziyadnz/hourly-ipv4,ziyadnz|hourly,2026-08-17T18:48:05Z,2026-08-17T18:48:05Z,
187.127.6.142,ipv4,malicious-ip,medium,WHITE,ziyadnz/hourly-ipv4,ziyadnz|hourly,2026-08-17T18:48:05Z,2026-08-17T18:48:05Z,
187.13.144.144,ipv4,malicious-ip,medium,WHITE,ziyadnz/hourly-ipv4,ziyadnz|hourly,2026-08-17T18:48:05Z,2026-08-17T18:48:05Z,
187.13.170.172,ipv4,malicious-ip,medium,WHITE,ziyadnz/hourly-ipv4,ziyadnz|hourly,2026-08-17T18:48:05Z,2026-08-17T18:48:05Z,
187.13.182.200,ipv4,malicious-ip,medium,WHITE,ziyadnz/hourly-ipv4,ziyadnz|hourly,2026-08-17T18:48:05Z,2026-08-17T18:48:05Z,
187.13.194.167,ipv4,malicious-ip,medium,WHITE,ziyadnz/hourly-ipv4,ziyadnz|hourly,2026-08-17T18:48:05Z,2026-08-17T18:48:05Z,
187.13.198.152,ipv4,malicious-ip,medium,WHITE,ziyadnz/hourly-ipv4,ziyadnz|hourly,2026-08-17T18:48:05Z,2026-08-17T18:48:05Z,
187.13.214.80,ipv4,malicious-ip,medium,WHITE,ziyadnz/hourly-ipv4,ziyadnz|hourly,2026-08-17T18:48:05Z,2026-08-17T18:48:05Z,
187.13.215.73,ipv4,malicious-ip,medium,WHITE,ziyadnz/hourly-ipv4,ziyadnz|hourly,2026-08-17T18:48:05Z,2026-08-17T18:48:05Z,
187.13.217.14,ipv4,malicious-ip,medium,WHITE,ziyadnz/hourly-ipv4,ziyadnz|hourly,2026-08-17T18:48:05Z,2026-08-17T18:48:05Z,
187.13.218.78,ipv4,malicious-ip,medium,WHITE,ziyadnz/hourly-ipv4,ziyadnz|hourly,2026-08-17T18:48:05Z,2026-08-17T18:48:05Z,
187.13.24.115,ipv4,malicious-ip,medium,WHITE,ziyadnz/hourly-ipv4,ziyadnz|hourly,2026-08-17T18:48:05Z,2026-08-17T18:48:05Z,
187.13.24.233,ipv4,malicious-ip,medium,WHITE,ziyadnz/hourly-ipv4,ziyadnz|hourly,2026-08-17T18:48:05Z,2026-08-17T18:48:05Z,
187.131.175.46,ipv4,malicious-ip,medium,WHITE,ziyadnz/hourly-ipv4,ziyadnz|hourly,2026-08-17T18:48:05Z,2026-08-17T18:48:05Z,
187.131.177.94,ipv4,malicious-ip,medium,WHITE,ziyadnz/hourly-ipv4,ziyadnz|hourly,2026-08-17T18:48:05Z,2026-08-17T18:48:05Z,
187.131.233.102,ipv4,malicious-ip,medium,WHITE,ziyadnz/hourly-ipv4,ziyadnz|hourly,2026-08-17T18:48:05Z,2026-08-17T18:48:05Z,
187.132.201.25,ipv4,malicious-ip,medium,WHITE,ziyadnz/hourly-ipv4,ziyadnz|hourly,2026-08-17T18:48:05Z,2026-08-17T18:48:05Z,
187.132.249.119,ipv4,malicious-ip,medium,WHITE,ziyadnz/hourly-ipv4,ziyadnz|hourly,2026-08-17T18:48:05Z,2026-08-17T18:48:05Z,
187.133.62.244,ipv4,malicious-ip,medium,WHITE,ziyadnz/hourly-ipv4,ziyadnz|hourly,2026-08-17T18:48:05Z,2026-08-17T18:48:05Z,
187.134.7.100,ipv4,malicious-ip,medium,WHITE,ziyadnz/hourly-ipv4,ziyadnz|hourly,2026-08-17T18:48:05Z,2026-08-17T18:48:05Z,
187.134.81.215,ipv4,malicious-ip,medium,WHITE,ziyadnz/hourly-ipv4,ziyadnz|hourly,2026-08-17T18:48:05Z,2026-08-17T18:48:05Z,
187.135.45.53,ipv4,malicious-ip,medium,WHITE,ziyadnz/hourly-ipv4,ziyadnz|hourly,2026-08-17T18:48:05Z,2026-08-17T18:48:05Z,
187.136.132.141,ipv4,malicious-ip,medium,WHITE,ziyadnz/hourly-ipv4,ziyadnz|hourly,2026-08-17T18:48:05Z,2026-08-17T18:48:05Z,
187.136.23.99,ipv4,malicious-ip,medium,WHITE,ziyadnz/hourly-ipv4,ziyadnz|hourly,2026-08-17T18:48:05Z,2026-08-17T18:48:05Z,
187.136.247.119,ipv4,malicious-ip,medium,WHITE,ziyadnz/hourly-ipv4,ziyadnz|hourly,2026-08-17T18:48:05Z,2026-08-17T18:48:05Z,
187.137.30.1,ipv4,malicious-ip,medium,WHITE,ziyadnz/hourly-ipv4,ziyadnz|hourly,2026-08-17T18:48:05Z,2026-08-17T18:48:05Z,
187.138.114.211,ipv4,malicious-ip,medium,WHITE,ziyadnz/hourly-ipv4,ziyadnz|hourly,2026-08-17T18:48:05Z,2026-08-17T18:48:05Z,
187.14.105.211,ipv4,malicious-ip,medium,WHITE,ziyadnz/hourly-ipv4,ziyadnz|hourly,2026-08-17T18:48:05Z,2026-08-17T18:48:05Z,
187.14.106.16,ipv4,malicious-ip,medium,WHITE,ziyadnz/hourly-ipv4,ziyadnz|hourly,2026-08-17T18:48:05Z,2026-08-17T18:48:05Z,
187.14.110.128,ipv4,malicious-ip,medium,WHITE,ziyadnz/hourly-ipv4,ziyadnz|hourly,2026-08-17T18:48:05Z,2026-08-17T18:48:05Z,
187.14.243.88,ipv4,malicious-ip,medium,WHITE,ziyadnz/hourly-ipv4,ziyadnz|hourly,2026-08-17T18:48:05Z,2026-08-17T18:48:05Z,
187.14.52.101,ipv4,malicious-ip,medium,WHITE,ziyadnz/hourly-ipv4,ziyadnz|hourly,2026-08-17T18:48:05Z,2026-08-17T18:48:05Z,
187.140.167.148,ipv4,malicious-ip,medium,WHITE,ziyadnz/hourly-ipv4,ziyadnz|hourly,2026-08-17T18:48:05Z,2026-08-17T18:48:05Z,
187.140.169.182,ipv4,malicious-ip,medium,WHITE,ziyadnz/hourly-ipv4,ziyadnz|hourly,2026-08-17T18:48:05Z,2026-08-17T18:48:05Z,
187.140.196.75,ipv4,malicious-ip,medium,WHITE,ziyadnz/hourly-ipv4,ziyadnz|hourly,2026-08-17T18:48:05Z,2026-08-17T18:48:05Z,
187.140.210.73,ipv4,malicious-ip,medium,WHITE,ziyadnz/hourly-ipv4,ziyadnz|hourly,2026-08-17T18:48:05Z,2026-08-17T18:48:05Z,
187.140.79.156,ipv4,malicious-ip,medium,WHITE,ziyadnz/hourly-ipv4,ziyadnz|hourly,2026-08-17T18:48:05Z,2026-08-17T18:48:05Z,
187.141.121.68,ipv4,malicious-ip,medium,WHITE,ziyadnz/hourly-ipv4,ziyadnz|hourly,2026-08-17T18:48:05Z,2026-08-17T18:48:05Z,
187.144.166.8,ipv4,malicious-ip,medium,WHITE,ziyadnz/hourly-ipv4,ziyadnz|hourly,2026-08-17T18:48:05Z,2026-08-17T18:48:05Z,
187.144.174.253,ipv4,malicious-ip,medium,WHITE,ziyadnz/hourly-ipv4,ziyadnz|hourly,2026-08-17T18:48:05Z,2026-08-17T18:48:05Z,
187.145.252.80,ipv4,malicious-ip,medium,WHITE,ziyadnz/hourly-ipv4,ziyadnz|hourly,2026-08-17T18:48:05Z,2026-08-17T18:48:05Z,
187.147.147.211,ipv4,malicious-ip,medium,WHITE,ziyadnz/hourly-ipv4,ziyadnz|hourly,2026-08-17T18:48:05Z,2026-08-17T18:48:05Z,
187.149.174.218,ipv4,malicious-ip,medium,WHITE,ziyadnz/hourly-ipv4,ziyadnz|hourly,2026-08-17T18:48:05Z,2026-08-17T18:48:05Z,
187.149.203.221,ipv4,malicious-ip,medium,WHITE,ziyadnz/hourly-ipv4,ziyadnz|hourly,2026-08-17T18:48:05Z,2026-08-17T18:48:05Z,
187.15.144.177,ipv4,malicious-ip,medium,WHITE,ziyadnz/hourly-ipv4,ziyadnz|hourly,2026-08-17T18:48:05Z,2026-08-17T18:48:05Z,
187.15.144.238,ipv4,malicious-ip,medium,WHITE,ziyadnz/hourly-ipv4,ziyadnz|hourly,2026-08-17T18:48:05Z,2026-08-17T18:48:05Z,
187.15.158.240,ipv4,malicious-ip,medium,WHITE,ziyadnz/hourly-ipv4,ziyadnz|hourly,2026-08-17T18:48:05Z,2026-08-17T18:48:05Z,
187.15.169.180,ipv4,malicious-ip,medium,WHITE,ziyadnz/hourly-ipv4,ziyadnz|hourly,2026-08-17T18:48:05Z,2026-08-17T18:48:05Z,
187.152.135.181,ipv4,malicious-ip,medium,WHITE,ziyadnz/hourly-ipv4,ziyadnz|hourly,2026-08-17T18:48:05Z,2026-08-17T18:48:05Z,
187.152.204.25,ipv4,malicious-ip,medium,WHITE,ziyadnz/hourly-ipv4,ziyadnz|hourly,2026-08-17T18:48:05Z,2026-08-17T18:48:05Z,
187.153.65.63,ipv4,malicious-ip,medium,WHITE,ziyadnz/hourly-ipv4,ziyadnz|hourly,2026-08-17T18:48:05Z,2026-08-17T18:48:05Z,
187.154.100.150,ipv4,malicious-ip,medium,WHITE,ziyadnz/hourly-ipv4,ziyadnz|hourly,2026-08-17T18:48:05Z,2026-08-17T18:48:05Z,
187.154.144.166,ipv4,malicious-ip,medium,WHITE,ziyadnz/hourly-ipv4,ziyadnz|hourly,2026-08-17T18:48:05Z,2026-08-17T18:48:05Z,
187.155.160.157,ipv4,malicious-ip,medium,WHITE,ziyadnz/hourly-ipv4,ziyadnz|hourly,2026-08-17T18:48:05Z,2026-08-17T18:48:05Z,
187.158.60.48,ipv4,malicious-ip,medium,WHITE,ziyadnz/hourly-ipv4,ziyadnz|hourly,2026-08-17T18:48:05Z,2026-08-17T18:48:05Z,
187.159.149.81,ipv4,malicious-ip,medium,WHITE,ziyadnz/hourly-ipv4,ziyadnz|hourly,2026-08-17T18:48:05Z,2026-08-17T18:48:05Z,
187.16.186.175,ipv4,malicious-ip,medium,WHITE,ziyadnz/hourly-ipv4,ziyadnz|hourly,2026-08-17T18:48:05Z,2026-08-17T18:48:05Z,
187.16.186.176,ipv4,malicious-ip,medium,WHITE,ziyadnz/hourly-ipv4,ziyadnz|hourly,2026-08-17T18:48:05Z,2026-08-17T18:48:05Z,
187.16.186.248,ipv4,malicious-ip,medium,WHITE,ziyadnz/hourly-ipv4,ziyadnz|hourly,2026-08-17T18:48:05Z,2026-08-17T18:48:05Z,
187.16.187.202,ipv4,malicious-ip,medium,WHITE,ziyadnz/hourly-ipv4,ziyadnz|hourly,2026-08-17T18:48:05Z,2026-08-17T18:48:05Z,
187.16.187.221,ipv4,malicious-ip,medium,WHITE,ziyadnz/hourly-ipv4,ziyadnz|hourly,2026-08-17T18:48:05Z,2026-08-17T18:48:05Z,
187.16.64.216,ipv4,malicious-ip,medium,WHITE,ziyadnz/hourly-ipv4,ziyadnz|hourly,2026-08-17T18:48:05Z,2026-08-17T18:48:05Z,
187.161.116.148,ipv4,malicious-ip,medium,WHITE,ziyadnz/hourly-ipv4,ziyadnz|hourly,2026-08-17T18:48:05Z,2026-08-17T18:48:05Z,
187.161.117.102,ipv4,malicious-ip,medium,WHITE,ziyadnz/hourly-ipv4,ziyadnz|hourly,2026-08-17T18:48:05Z,2026-08-17T18:48:05Z,
187.161.117.204,ipv4,malicious-ip,medium,WHITE,ziyadnz/hourly-ipv4,ziyadnz|hourly,2026-08-17T18:48:05Z,2026-08-17T18:48:05Z,
187.161.117.71,ipv4,malicious-ip,medium,WHITE,ziyadnz/hourly-ipv4,ziyadnz|hourly,2026-08-17T18:48:05Z,2026-08-17T18:48:05Z,
187.161.119.18,ipv4,malicious-ip,medium,WHITE,ziyadnz/hourly-ipv4,ziyadnz|hourly,2026-08-17T18:48:05Z,2026-08-17T18:48:05Z,
187.169.240.49,ipv4,malicious-ip,medium,WHITE,ziyadnz/hourly-ipv4,ziyadnz|hourly,2026-08-17T18:48:05Z,2026-08-17T18:48:05Z,
187.17.136.128,ipv4,malicious-ip,medium,WHITE,ziyadnz/hourly-ipv4,ziyadnz|hourly,2026-08-17T18:48:05Z,2026-08-17T18:48:05Z,
187.17.166.62,ipv4,malicious-ip,medium,WHITE,ziyadnz/hourly-ipv4,ziyadnz|hourly,2026-08-17T18:48:05Z,2026-08-17T18:48:05Z,
187.17.224.139,ipv4,malicious-ip,medium,WHITE,ziyadnz/hourly-ipv4,ziyadnz|hourly,2026-08-17T18:48:05Z,2026-08-17T18:48:05Z,
187.17.23.179,ipv4,malicious-ip,medium,WHITE,ziyadnz/hourly-ipv4,ziyadnz|hourly,2026-08-17T18:48:05Z,2026-08-17T18:48:05Z,
187.17.230.105,ipv4,malicious-ip,medium,WHITE,ziyadnz/hourly-ipv4,ziyadnz|hourly,2026-08-17T18:48:05Z,2026-08-17T18:48:05Z,
187.17.230.27,ipv4,malicious-ip,medium,WHITE,ziyadnz/hourly-ipv4,ziyadnz|hourly,2026-08-17T18:48:05Z,2026-08-17T18:48:05Z,
187.17.61.48,ipv4,malicious-ip,medium,WHITE,ziyadnz/hourly-ipv4,ziyadnz|hourly,2026-08-17T18:48:05Z,2026-08-17T18:48:05Z,
187.170.168.120,ipv4,malicious-ip,medium,WHITE,ziyadnz/hourly-ipv4,ziyadnz|hourly,2026-08-17T18:48:05Z,2026-08-17T18:48:05Z,
187.170.184.85,ipv4,malicious-ip,medium,WHITE,ziyadnz/hourly-ipv4,ziyadnz|hourly,2026-08-17T18:48:05Z,2026-08-17T18:48:05Z,
187.170.223.76,ipv4,malicious-ip,medium,WHITE,ziyadnz/hourly-ipv4,ziyadnz|hourly,2026-08-17T18:48:05Z,2026-08-17T18:48:05Z,
187.170.242.143,ipv4,malicious-ip,medium,WHITE,ziyadnz/hourly-ipv4,ziyadnz|hourly,2026-08-17T18:48:05Z,2026-08-17T18:48:05Z,
187.170.31.219,ipv4,malicious-ip,medium,WHITE,ziyadnz/hourly-ipv4,ziyadnz|hourly,2026-08-17T18:48:05Z,2026-08-17T18:48:05Z,
187.170.65.227,ipv4,malicious-ip,medium,WHITE,ziyadnz/hourly-ipv4,ziyadnz|hourly,2026-08-17T18:48:05Z,2026-08-17T18:48:05Z,
187.170.83.246,ipv4,malicious-ip,medium,WHITE,ziyadnz/hourly-ipv4,ziyadnz|hourly,2026-08-17T18:48:05Z,2026-08-17T18:48:05Z,
187.172.128.146,ipv4,malicious-ip,medium,WHITE,ziyadnz/hourly-ipv4,ziyadnz|hourly,2026-08-17T18:48:05Z,2026-08-17T18:48:05Z,
187.172.31.52,ipv4,malicious-ip,medium,WHITE,ziyadnz/hourly-ipv4,ziyadnz|hourly,2026-08-17T18:48:05Z,2026-08-17T18:48:05Z,
187.172.59.185,ipv4,malicious-ip,medium,WHITE,ziyadnz/hourly-ipv4,ziyadnz|hourly,2026-08-17T18:48:05Z,2026-08-17T18:48:05Z,
187.173.209.9,ipv4,malicious-ip,medium,WHITE,ziyadnz/hourly-ipv4,ziyadnz|hourly,2026-08-17T18:48:05Z,2026-08-17T18:48:05Z,
187.174.162.164,ipv4,malicious-ip,medium,WHITE,ziyadnz/hourly-ipv4,ziyadnz|hourly,2026-08-17T18:48:05Z,2026-08-17T18:48:05Z,
187.175.9.225,ipv4,malicious-ip,medium,WHITE,ziyadnz/hourly-ipv4,ziyadnz|hourly,2026-08-17T18:48:05Z,2026-08-17T18:48:05Z,
187.18.156.92,ipv4,malicious-ip,medium,WHITE,ziyadnz/hourly-ipv4,ziyadnz|hourly,2026-08-17T18:48:05Z,2026-08-17T18:48:05Z,
187.18.215.162,ipv4,malicious-ip,medium,WHITE,ziyadnz/hourly-ipv4,ziyadnz|hourly,2026-08-17T18:48:05Z,2026-08-17T18:48:05Z,
187.18.97.183,ipv4,malicious-ip,medium,WHITE,ziyadnz/hourly-ipv4,ziyadnz|hourly,2026-08-17T18:48:05Z,2026-08-17T18:48:05Z,
187.180.129.105,ipv4,malicious-ip,medium,WHITE,ziyadnz/hourly-ipv4,ziyadnz|hourly,2026-08-17T18:48:05Z,2026-08-17T18:48:05Z,
187.180.160.70,ipv4,malicious-ip,medium,WHITE,ziyadnz/hourly-ipv4,ziyadnz|hourly,2026-08-17T18:48:05Z,2026-08-17T18:48:05Z,
187.180.165.168,ipv4,malicious-ip,medium,WHITE,ziyadnz/hourly-ipv4,ziyadnz|hourly,2026-08-17T18:48:05Z,2026-08-17T18:48:05Z,
187.180.167.186,ipv4,malicious-ip,medium,WHITE,ziyadnz/hourly-ipv4,ziyadnz|hourly,2026-08-17T18:48:05Z,2026-08-17T18:48:05Z,
187.180.167.23,ipv4,malicious-ip,medium,WHITE,ziyadnz/hourly-ipv4,ziyadnz|hourly,2026-08-17T18:48:05Z,2026-08-17T18:48:05Z,
187.180.167.245,ipv4,malicious-ip,medium,WHITE,ziyadnz/hourly-ipv4,ziyadnz|hourly,2026-08-17T18:48:05Z,2026-08-17T18:48:05Z,
187.180.169.76,ipv4,malicious-ip,medium,WHITE,ziyadnz/hourly-ipv4,ziyadnz|hourly,2026-08-17T18:48:05Z,2026-08-17T18:48:05Z,
187.180.186.109,ipv4,malicious-ip,medium,WHITE,ziyadnz/hourly-ipv4,ziyadnz|hourly,2026-08-17T18:48:05Z,2026-08-17T18:48:05Z,
187.180.186.36,ipv4,malicious-ip,medium,WHITE,ziyadnz/hourly-ipv4,ziyadnz|hourly,2026-08-17T18:48:05Z,2026-08-17T18:48:05Z,
187.180.191.59,ipv4,malicious-ip,medium,WHITE,ziyadnz/hourly-ipv4,ziyadnz|hourly,2026-08-17T18:48:05Z,2026-08-17T18:48:05Z,
187.180.219.139,ipv4,malicious-ip,medium,WHITE,ziyadnz/hourly-ipv4,ziyadnz|hourly,2026-08-17T18:48:05Z,2026-08-17T18:48:05Z,
187.180.229.172,ipv4,malicious-ip,medium,WHITE,ziyadnz/hourly-ipv4,ziyadnz|hourly,2026-08-17T18:48:05Z,2026-08-17T18:48:05Z,
187.181.117.29,ipv4,malicious-ip,medium,WHITE,ziyadnz/hourly-ipv4,ziyadnz|hourly,2026-08-17T18:48:05Z,2026-08-17T18:48:05Z,
187.181.35.237,ipv4,malicious-ip,medium,WHITE,ziyadnz/hourly-ipv4,ziyadnz|hourly,2026-08-17T18:48:05Z,2026-08-17T18:48:05Z,
187.182.160.36,ipv4,malicious-ip,medium,WHITE,ziyadnz/hourly-ipv4,ziyadnz|hourly,2026-08-17T18:48:05Z,2026-08-17T18:48:05Z,
187.182.239.234,ipv4,malicious-ip,medium,WHITE,ziyadnz/hourly-ipv4,ziyadnz|hourly,2026-08-17T18:48:05Z,2026-08-17T18:48:05Z,
187.182.43.35,ipv4,malicious-ip,medium,WHITE,ziyadnz/hourly-ipv4,ziyadnz|hourly,2026-08-17T18:48:05Z,2026-08-17T18:48:05Z,
187.183.234.113,ipv4,malicious-ip,medium,WHITE,ziyadnz/hourly-ipv4,ziyadnz|hourly,2026-08-17T18:48:05Z,2026-08-17T18:48:05Z,
187.183.35.56,ipv4,malicious-ip,medium,WHITE,ziyadnz/hourly-ipv4,ziyadnz|hourly,2026-08-17T18:48:05Z,2026-08-17T18:48:05Z,
187.183.37.39,ipv4,malicious-ip,medium,WHITE,ziyadnz/hourly-ipv4,ziyadnz|hourly,2026-08-17T18:48:05Z,2026-08-17T18:48:05Z,
187.183.38.3,ipv4,malicious-ip,medium,WHITE,ziyadnz/hourly-ipv4,ziyadnz|hourly,2026-08-17T18:48:05Z,2026-08-17T18:48:05Z,
187.183.44.158,ipv4,malicious-ip,medium,WHITE,ziyadnz/hourly-ipv4,ziyadnz|hourly,2026-08-17T18:48:05Z,2026-08-17T18:48:05Z,
187.183.58.19,ipv4,malicious-ip,medium,WHITE,ziyadnz/hourly-ipv4,ziyadnz|hourly,2026-08-17T18:48:05Z,2026-08-17T18:48:05Z,
187.183.58.76,ipv4,malicious-ip,medium,WHITE,ziyadnz/hourly-ipv4,ziyadnz|hourly,2026-08-17T18:48:05Z,2026-08-17T18:48:05Z,
187.183.59.73,ipv4,malicious-ip,medium,WHITE,ziyadnz/hourly-ipv4,ziyadnz|hourly,2026-08-17T18:48:05Z,2026-08-17T18:48:05Z,
187.183.60.141,ipv4,malicious-ip,medium,WHITE,ziyadnz/hourly-ipv4,ziyadnz|hourly,2026-08-17T18:48:05Z,2026-08-17T18:48:05Z,
187.188.10.182,ipv4,malicious-ip,medium,WHITE,ziyadnz/hourly-ipv4,ziyadnz|hourly,2026-08-17T18:48:05Z,2026-08-17T18:48:05Z,
187.188.10.82,ipv4,malicious-ip,medium,WHITE,ziyadnz/hourly-ipv4,ziyadnz|hourly,2026-08-17T18:48:05Z,2026-08-17T18:48:05Z,
187.188.172.28,ipv4,malicious-ip,medium,WHITE,ziyadnz/hourly-ipv4,ziyadnz|hourly,2026-08-17T18:48:05Z,2026-08-17T18:48:05Z,
187.188.2.59,ipv4,malicious-ip,medium,WHITE,ziyadnz/hourly-ipv4,ziyadnz|hourly,2026-08-17T18:48:05Z,2026-08-17T18:48:05Z,
187.188.220.1,ipv4,malicious-ip,medium,WHITE,ziyadnz/hourly-ipv4,ziyadnz|hourly,2026-08-17T18:48:05Z,2026-08-17T18:48:05Z,
187.188.225.184,ipv4,malicious-ip,medium,WHITE,ziyadnz/hourly-ipv4,ziyadnz|hourly,2026-08-17T18:48:05Z,2026-08-17T18:48:05Z,
187.188.226.71,ipv4,malicious-ip,medium,WHITE,ziyadnz/hourly-ipv4,ziyadnz|hourly,2026-08-17T18:48:05Z,2026-08-17T18:48:05Z,
187.188.235.171,ipv4,malicious-ip,medium,WHITE,ziyadnz/hourly-ipv4,ziyadnz|hourly,2026-08-17T18:48:05Z,2026-08-17T18:48:05Z,
187.188.26.145,ipv4,malicious-ip,medium,WHITE,ziyadnz/hourly-ipv4,ziyadnz|hourly,2026-08-17T18:48:05Z,2026-08-17T18:48:05Z,
187.188.53.215,ipv4,malicious-ip,medium,WHITE,ziyadnz/hourly-ipv4,ziyadnz|hourly,2026-08-17T18:48:05Z,2026-08-17T18:48:05Z,
187.188.8.146,ipv4,malicious-ip,medium,WHITE,ziyadnz/hourly-ipv4,ziyadnz|hourly,2026-08-17T18:48:05Z,2026-08-17T18:48:05Z,
187.189.0.195,ipv4,malicious-ip,medium,WHITE,ziyadnz/hourly-ipv4,ziyadnz|hourly,2026-08-17T18:48:05Z,2026-08-17T18:48:05Z,
187.189.0.20,ipv4,malicious-ip,medium,WHITE,ziyadnz/hourly-ipv4,ziyadnz|hourly,2026-08-17T18:48:05Z,2026-08-17T18:48:05Z,
187.189.102.213,ipv4,malicious-ip,medium,WHITE,ziyadnz/hourly-ipv4,ziyadnz|hourly,2026-08-17T18:48:05Z,2026-08-17T18:48:05Z,
187.189.123.24,ipv4,malicious-ip,medium,WHITE,ziyadnz/hourly-ipv4,ziyadnz|hourly,2026-08-17T18:48:05Z,2026-08-17T18:48:05Z,
187.189.148.151,ipv4,malicious-ip,medium,WHITE,ziyadnz/hourly-ipv4,ziyadnz|hourly,2026-08-17T18:48:05Z,2026-08-17T18:48:05Z,
187.189.155.123,ipv4,malicious-ip,medium,WHITE,ziyadnz/hourly-ipv4,ziyadnz|hourly,2026-08-17T18:48:05Z,2026-08-17T18:48:05Z,
187.189.155.59,ipv4,malicious-ip,medium,WHITE,ziyadnz/hourly-ipv4,ziyadnz|hourly,2026-08-17T18:48:05Z,2026-08-17T18:48:05Z,
187.189.163.212,ipv4,malicious-ip,medium,WHITE,ziyadnz/hourly-ipv4,ziyadnz|hourly,2026-08-17T18:48:05Z,2026-08-17T18:48:05Z,
187.189.172.30,ipv4,malicious-ip,medium,WHITE,ziyadnz/hourly-ipv4,ziyadnz|hourly,2026-08-17T18:48:05Z,2026-08-17T18:48:05Z,
187.189.173.203,ipv4,malicious-ip,medium,WHITE,ziyadnz/hourly-ipv4,ziyadnz|hourly,2026-08-17T18:48:05Z,2026-08-17T18:48:05Z,
187.189.190.185,ipv4,malicious-ip,medium,WHITE,ziyadnz/hourly-ipv4,ziyadnz|hourly,2026-08-17T18:48:05Z,2026-08-17T18:48:05Z,
187.189.198.231,ipv4,malicious-ip,medium,WHITE,ziyadnz/hourly-ipv4,ziyadnz|hourly,2026-08-17T18:48:05Z,2026-08-17T18:48:05Z,
187.189.208.147,ipv4,malicious-ip,medium,WHITE,ziyadnz/hourly-ipv4,ziyadnz|hourly,2026-08-17T18:48:05Z,2026-08-17T18:48:05Z,
187.189.213.129,ipv4,malicious-ip,medium,WHITE,ziyadnz/hourly-ipv4,ziyadnz|hourly,2026-08-17T18:48:05Z,2026-08-17T18:48:05Z,
187.189.214.133,ipv4,malicious-ip,medium,WHITE,ziyadnz/hourly-ipv4,ziyadnz|hourly,2026-08-17T18:48:05Z,2026-08-17T18:48:05Z,
187.189.247.163,ipv4,malicious-ip,medium,WHITE,ziyadnz/hourly-ipv4,ziyadnz|hourly,2026-08-17T18:48:05Z,2026-08-17T18:48:05Z,
187.189.68.46,ipv4,malicious-ip,medium,WHITE,ziyadnz/hourly-ipv4,ziyadnz|hourly,2026-08-17T18:48:05Z,2026-08-17T18:48:05Z,
187.189.72.174,ipv4,malicious-ip,medium,WHITE,ziyadnz/hourly-ipv4,ziyadnz|hourly,2026-08-17T18:48:05Z,2026-08-17T18:48:05Z,
187.189.91.101,ipv4,malicious-ip,medium,WHITE,ziyadnz/hourly-ipv4,ziyadnz|hourly,2026-08-17T18:48:05Z,2026-08-17T18:48:05Z,
187.19.195.147,ipv4,malicious-ip,medium,WHITE,ziyadnz/hourly-ipv4,ziyadnz|hourly,2026-08-17T18:48:05Z,2026-08-17T18:48:05Z,
187.19.250.87,ipv4,malicious-ip,medium,WHITE,ziyadnz/hourly-ipv4,ziyadnz|hourly,2026-08-17T18:48:05Z,2026-08-17T18:48:05Z,
187.19.252.229,ipv4,malicious-ip,medium,WHITE,ziyadnz/hourly-ipv4,ziyadnz|hourly,2026-08-17T18:48:05Z,2026-08-17T18:48:05Z,
187.19.253.181,ipv4,malicious-ip,medium,WHITE,ziyadnz/hourly-ipv4,ziyadnz|hourly,2026-08-17T18:48:05Z,2026-08-17T18:48:05Z,
187.19.27.109,ipv4,malicious-ip,medium,WHITE,ziyadnz/hourly-ipv4,ziyadnz|hourly,2026-08-17T18:48:05Z,2026-08-17T18:48:05Z,
187.190.115.211,ipv4,malicious-ip,medium,WHITE,ziyadnz/hourly-ipv4,ziyadnz|hourly,2026-08-17T18:48:05Z,2026-08-17T18:48:05Z,
187.190.141.63,ipv4,malicious-ip,medium,WHITE,ziyadnz/hourly-ipv4,ziyadnz|hourly,2026-08-17T18:48:05Z,2026-08-17T18:48:05Z,
187.190.147.33,ipv4,malicious-ip,medium,WHITE,ziyadnz/hourly-ipv4,ziyadnz|hourly,2026-08-17T18:48:05Z,2026-08-17T18:48:05Z,
187.190.165.55,ipv4,malicious-ip,medium,WHITE,ziyadnz/hourly-ipv4,ziyadnz|hourly,2026-08-17T18:48:05Z,2026-08-17T18:48:05Z,
187.190.167.246,ipv4,malicious-ip,medium,WHITE,ziyadnz/hourly-ipv4,ziyadnz|hourly,2026-08-17T18:48:05Z,2026-08-17T18:48:05Z,
187.190.168.107,ipv4,malicious-ip,medium,WHITE,ziyadnz/hourly-ipv4,ziyadnz|hourly,2026-08-17T18:48:05Z,2026-08-17T18:48:05Z,
187.190.168.112,ipv4,malicious-ip,medium,WHITE,ziyadnz/hourly-ipv4,ziyadnz|hourly,2026-08-17T18:48:05Z,2026-08-17T18:48:05Z,
187.190.169.224,ipv4,malicious-ip,medium,WHITE,ziyadnz/hourly-ipv4,ziyadnz|hourly,2026-08-17T18:48:05Z,2026-08-17T18:48:05Z,
187.190.191.64,ipv4,malicious-ip,medium,WHITE,ziyadnz/hourly-ipv4,ziyadnz|hourly,2026-08-17T18:48:05Z,2026-08-17T18:48:05Z,
187.190.192.92,ipv4,malicious-ip,medium,WHITE,ziyadnz/hourly-ipv4,ziyadnz|hourly,2026-08-17T18:48:05Z,2026-08-17T18:48:05Z,
187.190.195.61,ipv4,malicious-ip,medium,WHITE,ziyadnz/hourly-ipv4,ziyadnz|hourly,2026-08-17T18:48:05Z,2026-08-17T18:48:05Z,
187.190.197.182,ipv4,malicious-ip,medium,WHITE,ziyadnz/hourly-ipv4,ziyadnz|hourly,2026-08-17T18:48:05Z,2026-08-17T18:48:05Z,
187.190.198.102,ipv4,malicious-ip,medium,WHITE,ziyadnz/hourly-ipv4,ziyadnz|hourly,2026-08-17T18:48:05Z,2026-08-17T18:48:05Z,
187.190.198.129,ipv4,malicious-ip,medium,WHITE,ziyadnz/hourly-ipv4,ziyadnz|hourly,2026-08-17T18:48:05Z,2026-08-17T18:48:05Z,
187.190.199.129,ipv4,malicious-ip,medium,WHITE,ziyadnz/hourly-ipv4,ziyadnz|hourly,2026-08-17T18:48:05Z,2026-08-17T18:48:05Z,
187.190.199.133,ipv4,malicious-ip,medium,WHITE,ziyadnz/hourly-ipv4,ziyadnz|hourly,2026-08-17T18:48:05Z,2026-08-17T18:48:05Z,
187.190.215.53,ipv4,malicious-ip,medium,WHITE,ziyadnz/hourly-ipv4,ziyadnz|hourly,2026-08-17T18:48:05Z,2026-08-17T18:48:05Z,
187.190.255.111,ipv4,malicious-ip,medium,WHITE,ziyadnz/hourly-ipv4,ziyadnz|hourly,2026-08-17T18:48:05Z,2026-08-17T18:48:05Z,
187.190.255.179,ipv4,malicious-ip,medium,WHITE,ziyadnz/hourly-ipv4,ziyadnz|hourly,2026-08-17T18:48:05Z,2026-08-17T18:48:05Z,
187.190.40.206,ipv4,malicious-ip,medium,WHITE,ziyadnz/hourly-ipv4,ziyadnz|hourly,2026-08-17T18:48:05Z,2026-08-17T18:48:05Z,
187.191.11.166,ipv4,malicious-ip,medium,WHITE,ziyadnz/hourly-ipv4,ziyadnz|hourly,2026-08-17T18:48:05Z,2026-08-17T18:48:05Z,
187.191.11.99,ipv4,malicious-ip,medium,WHITE,ziyadnz/hourly-ipv4,ziyadnz|hourly,2026-08-17T18:48:05Z,2026-08-17T18:48:05Z,
187.191.13.188,ipv4,malicious-ip,medium,WHITE,ziyadnz/hourly-ipv4,ziyadnz|hourly,2026-08-17T18:48:05Z,2026-08-17T18:48:05Z,
187.191.2.214,ipv4,malicious-ip,medium,WHITE,ziyadnz/hourly-ipv4,ziyadnz|hourly,2026-08-17T18:48:05Z,2026-08-17T18:48:05Z,
187.191.37.250,ipv4,malicious-ip,medium,WHITE,ziyadnz/hourly-ipv4,ziyadnz|hourly,2026-08-17T18:48:05Z,2026-08-17T18:48:05Z,
187.191.38.69,ipv4,malicious-ip,medium,WHITE,ziyadnz/hourly-ipv4,ziyadnz|hourly,2026-08-17T18:48:05Z,2026-08-17T18:48:05Z,
187.191.39.115,ipv4,malicious-ip,medium,WHITE,ziyadnz/hourly-ipv4,ziyadnz|hourly,2026-08-17T18:48:05Z,2026-08-17T18:48:05Z,
187.191.48.24,ipv4,malicious-ip,medium,WHITE,ziyadnz/hourly-ipv4,ziyadnz|hourly,2026-08-17T18:48:05Z,2026-08-17T18:48:05Z,
187.191.48.5,ipv4,malicious-ip,medium,WHITE,ziyadnz/hourly-ipv4,ziyadnz|hourly,2026-08-17T18:48:05Z,2026-08-17T18:48:05Z,
187.191.48.6,ipv4,malicious-ip,medium,WHITE,ziyadnz/hourly-ipv4,ziyadnz|hourly,2026-08-17T18:48:05Z,2026-08-17T18:48:05Z,
187.191.48.9,ipv4,malicious-ip,medium,WHITE,ziyadnz/hourly-ipv4,ziyadnz|hourly,2026-08-17T18:48:05Z,2026-08-17T18:48:05Z,
187.191.5.136,ipv4,malicious-ip,medium,WHITE,ziyadnz/hourly-ipv4,ziyadnz|hourly,2026-08-17T18:48:05Z,2026-08-17T18:48:05Z,
187.191.59.107,ipv4,malicious-ip,medium,WHITE,ziyadnz/hourly-ipv4,ziyadnz|hourly,2026-08-17T18:48:05Z,2026-08-17T18:48:05Z,
187.191.64.33,ipv4,malicious-ip,medium,WHITE,ziyadnz/hourly-ipv4,ziyadnz|hourly,2026-08-17T18:48:05Z,2026-08-17T18:48:05Z,
187.198.118.0,ipv4,malicious-ip,medium,WHITE,ziyadnz/hourly-ipv4,ziyadnz|hourly,2026-08-17T18:48:05Z,2026-08-17T18:48:05Z,
187.198.170.176,ipv4,malicious-ip,medium,WHITE,ziyadnz/hourly-ipv4,ziyadnz|hourly,2026-08-17T18:48:05Z,2026-08-17T18:48:05Z,
187.198.222.42,ipv4,malicious-ip,medium,WHITE,ziyadnz/hourly-ipv4,ziyadnz|hourly,2026-08-17T18:48:05Z,2026-08-17T18:48:05Z,
187.199.84.167,ipv4,malicious-ip,medium,WHITE,ziyadnz/hourly-ipv4,ziyadnz|hourly,2026-08-17T18:48:05Z,2026-08-17T18:48:05Z,
187.2.106.167,ipv4,malicious-ip,medium,WHITE,ziyadnz/hourly-ipv4,ziyadnz|hourly,2026-08-17T18:48:05Z,2026-08-17T18:48:05Z,
187.2.167.77,ipv4,malicious-ip,medium,WHITE,ziyadnz/hourly-ipv4,ziyadnz|hourly,2026-08-17T18:48:05Z,2026-08-17T18:48:05Z,
187.20.112.242,ipv4,malicious-ip,medium,WHITE,ziyadnz/hourly-ipv4,ziyadnz|hourly,2026-08-17T18:48:05Z,2026-08-17T18:48:05Z,
187.20.16.18,ipv4,malicious-ip,medium,WHITE,ziyadnz/hourly-ipv4,ziyadnz|hourly,2026-08-17T18:48:05Z,2026-08-17T18:48:05Z,
187.20.28.83,ipv4,malicious-ip,medium,WHITE,ziyadnz/hourly-ipv4,ziyadnz|hourly,2026-08-17T18:48:05Z,2026-08-17T18:48:05Z,
187.20.74.156,ipv4,malicious-ip,medium,WHITE,ziyadnz/hourly-ipv4,ziyadnz|hourly,2026-08-17T18:48:05Z,2026-08-17T18:48:05Z,
187.20.74.157,ipv4,malicious-ip,medium,WHITE,ziyadnz/hourly-ipv4,ziyadnz|hourly,2026-08-17T18:48:05Z,2026-08-17T18:48:05Z,
187.200.84.218,ipv4,malicious-ip,medium,WHITE,ziyadnz/hourly-ipv4,ziyadnz|hourly,2026-08-17T18:48:05Z,2026-08-17T18:48:05Z,
187.200.86.72,ipv4,malicious-ip,medium,WHITE,ziyadnz/hourly-ipv4,ziyadnz|hourly,2026-08-17T18:48:05Z,2026-08-17T18:48:05Z,
187.208.99.244,ipv4,malicious-ip,medium,WHITE,ziyadnz/hourly-ipv4,ziyadnz|hourly,2026-08-17T18:48:05Z,2026-08-17T18:48:05Z,
187.209.51.100,ipv4,malicious-ip,medium,WHITE,ziyadnz/hourly-ipv4,ziyadnz|hourly,2026-08-17T18:48:05Z,2026-08-17T18:48:05Z,
187.21.12.216,ipv4,malicious-ip,medium,WHITE,ziyadnz/hourly-ipv4,ziyadnz|hourly,2026-08-17T18:48:05Z,2026-08-17T18:48:05Z,
187.21.13.202,ipv4,malicious-ip,medium,WHITE,ziyadnz/hourly-ipv4,ziyadnz|hourly,2026-08-17T18:48:05Z,2026-08-17T18:48:05Z,
187.21.13.35,ipv4,malicious-ip,medium,WHITE,ziyadnz/hourly-ipv4,ziyadnz|hourly,2026-08-17T18:48:05Z,2026-08-17T18:48:05Z,
187.21.16.235,ipv4,malicious-ip,medium,WHITE,ziyadnz/hourly-ipv4,ziyadnz|hourly,2026-08-17T18:48:05Z,2026-08-17T18:48:05Z,
187.21.171.20,ipv4,malicious-ip,medium,WHITE,ziyadnz/hourly-ipv4,ziyadnz|hourly,2026-08-17T18:48:05Z,2026-08-17T18:48:05Z,
187.21.189.205,ipv4,malicious-ip,medium,WHITE,ziyadnz/hourly-ipv4,ziyadnz|hourly,2026-08-17T18:48:05Z,2026-08-17T18:48:05Z,
187.21.210.197,ipv4,malicious-ip,medium,WHITE,ziyadnz/hourly-ipv4,ziyadnz|hourly,2026-08-17T18:48:05Z,2026-08-17T18:48:05Z,
187.21.223.162,ipv4,malicious-ip,medium,WHITE,ziyadnz/hourly-ipv4,ziyadnz|hourly,2026-08-17T18:48:05Z,2026-08-17T18:48:05Z,
187.21.236.222,ipv4,malicious-ip,medium,WHITE,ziyadnz/hourly-ipv4,ziyadnz|hourly,2026-08-17T18:48:05Z,2026-08-17T18:48:05Z,
187.21.239.16,ipv4,malicious-ip,medium,WHITE,ziyadnz/hourly-ipv4,ziyadnz|hourly,2026-08-17T18:48:05Z,2026-08-17T18:48:05Z,
187.21.242.42,ipv4,malicious-ip,medium,WHITE,ziyadnz/hourly-ipv4,ziyadnz|hourly,2026-08-17T18:48:05Z,2026-08-17T18:48:05Z,
187.21.85.218,ipv4,malicious-ip,medium,WHITE,ziyadnz/hourly-ipv4,ziyadnz|hourly,2026-08-17T18:48:05Z,2026-08-17T18:48:05Z,
187.210.77.105,ipv4,malicious-ip,medium,WHITE,ziyadnz/hourly-ipv4,ziyadnz|hourly,2026-08-17T18:48:05Z,2026-08-17T18:48:05Z,
187.211.96.204,ipv4,malicious-ip,medium,WHITE,ziyadnz/hourly-ipv4,ziyadnz|hourly,2026-08-17T18:48:05Z,2026-08-17T18:48:05Z,
187.212.10.12,ipv4,malicious-ip,medium,WHITE,ziyadnz/hourly-ipv4,ziyadnz|hourly,2026-08-17T18:48:05Z,2026-08-17T18:48:05Z,
187.212.37.143,ipv4,malicious-ip,medium,WHITE,ziyadnz/hourly-ipv4,ziyadnz|hourly,2026-08-17T18:48:05Z,2026-08-17T18:48:05Z,
187.212.38.18,ipv4,malicious-ip,medium,WHITE,ziyadnz/hourly-ipv4,ziyadnz|hourly,2026-08-17T18:48:05Z,2026-08-17T18:48:05Z,
187.212.39.168,ipv4,malicious-ip,medium,WHITE,ziyadnz/hourly-ipv4,ziyadnz|hourly,2026-08-17T18:48:05Z,2026-08-17T18:48:05Z,
187.212.40.215,ipv4,malicious-ip,medium,WHITE,ziyadnz/hourly-ipv4,ziyadnz|hourly,2026-08-17T18:48:05Z,2026-08-17T18:48:05Z,
187.212.47.18,ipv4,malicious-ip,medium,WHITE,ziyadnz/hourly-ipv4,ziyadnz|hourly,2026-08-17T18:48:05Z,2026-08-17T18:48:05Z,
187.214.109.130,ipv4,malicious-ip,medium,WHITE,ziyadnz/hourly-ipv4,ziyadnz|hourly,2026-08-17T18:48:05Z,2026-08-17T18:48:05Z,
187.214.157.203,ipv4,malicious-ip,medium,WHITE,ziyadnz/hourly-ipv4,ziyadnz|hourly,2026-08-17T18:48:05Z,2026-08-17T18:48:05Z,
187.214.204.231,ipv4,malicious-ip,medium,WHITE,ziyadnz/hourly-ipv4,ziyadnz|hourly,2026-08-17T18:48:05Z,2026-08-17T18:48:05Z,
187.216.224.85,ipv4,malicious-ip,medium,WHITE,ziyadnz/hourly-ipv4,ziyadnz|hourly,2026-08-17T18:48:05Z,2026-08-17T18:48:05Z,
187.22.153.191,ipv4,malicious-ip,medium,WHITE,ziyadnz/hourly-ipv4,ziyadnz|hourly,2026-08-17T18:48:05Z,2026-08-17T18:48:05Z,
187.22.4.38,ipv4,malicious-ip,medium,WHITE,ziyadnz/hourly-ipv4,ziyadnz|hourly,2026-08-17T18:48:05Z,2026-08-17T18:48:05Z,
187.220.55.154,ipv4,malicious-ip,medium,WHITE,ziyadnz/hourly-ipv4,ziyadnz|hourly,2026-08-17T18:48:05Z,2026-08-17T18:48:05Z,
187.222.157.185,ipv4,malicious-ip,medium,WHITE,ziyadnz/hourly-ipv4,ziyadnz|hourly,2026-08-17T18:48:05Z,2026-08-17T18:48:05Z,
187.222.82.99,ipv4,malicious-ip,medium,WHITE,ziyadnz/hourly-ipv4,ziyadnz|hourly,2026-08-17T18:48:05Z,2026-08-17T18:48:05Z,
187.224.252.250,ipv4,malicious-ip,medium,WHITE,ziyadnz/hourly-ipv4,ziyadnz|hourly,2026-08-17T18:48:05Z,2026-08-17T18:48:05Z,
187.225.101.238,ipv4,malicious-ip,medium,WHITE,ziyadnz/hourly-ipv4,ziyadnz|hourly,2026-08-17T18:48:05Z,2026-08-17T18:48:05Z,
187.226.51.52,ipv4,malicious-ip,medium,WHITE,ziyadnz/hourly-ipv4,ziyadnz|hourly,2026-08-17T18:48:05Z,2026-08-17T18:48:05Z,
187.228.168.217,ipv4,malicious-ip,medium,WHITE,ziyadnz/hourly-ipv4,ziyadnz|hourly,2026-08-17T18:48:05Z,2026-08-17T18:48:05Z,
187.228.194.188,ipv4,malicious-ip,medium,WHITE,ziyadnz/hourly-ipv4,ziyadnz|hourly,2026-08-17T18:48:05Z,2026-08-17T18:48:05Z,
187.228.223.119,ipv4,malicious-ip,medium,WHITE,ziyadnz/hourly-ipv4,ziyadnz|hourly,2026-08-17T18:48:05Z,2026-08-17T18:48:05Z,
187.23.193.26,ipv4,malicious-ip,medium,WHITE,ziyadnz/hourly-ipv4,ziyadnz|hourly,2026-08-17T18:48:05Z,2026-08-17T18:48:05Z,
187.230.121.119,ipv4,malicious-ip,medium,WHITE,ziyadnz/hourly-ipv4,ziyadnz|hourly,2026-08-17T18:48:05Z,2026-08-17T18:48:05Z,
187.230.207.93,ipv4,malicious-ip,medium,WHITE,ziyadnz/hourly-ipv4,ziyadnz|hourly,2026-08-17T18:48:05Z,2026-08-17T18:48:05Z,
187.230.58.155,ipv4,malicious-ip,medium,WHITE,ziyadnz/hourly-ipv4,ziyadnz|hourly,2026-08-17T18:48:05Z,2026-08-17T18:48:05Z,
187.230.85.160,ipv4,malicious-ip,medium,WHITE,ziyadnz/hourly-ipv4,ziyadnz|hourly,2026-08-17T18:48:05Z,2026-08-17T18:48:05Z,
187.232.147.169,ipv4,malicious-ip,medium,WHITE,ziyadnz/hourly-ipv4,ziyadnz|hourly,2026-08-17T18:48:05Z,2026-08-17T18:48:05Z,
187.233.26.20,ipv4,malicious-ip,medium,WHITE,ziyadnz/hourly-ipv4,ziyadnz|hourly,2026-08-17T18:48:05Z,2026-08-17T18:48:05Z,
187.234.119.6,ipv4,malicious-ip,medium,WHITE,ziyadnz/hourly-ipv4,ziyadnz|hourly,2026-08-17T18:48:05Z,2026-08-17T18:48:05Z,
187.234.60.54,ipv4,malicious-ip,medium,WHITE,ziyadnz/hourly-ipv4,ziyadnz|hourly,2026-08-17T18:48:05Z,2026-08-17T18:48:05Z,
187.236.101.2,ipv4,malicious-ip,medium,WHITE,ziyadnz/hourly-ipv4,ziyadnz|hourly,2026-08-17T18:48:05Z,2026-08-17T18:48:05Z,
187.236.110.168,ipv4,malicious-ip,medium,WHITE,ziyadnz/hourly-ipv4,ziyadnz|hourly,2026-08-17T18:48:05Z,2026-08-17T18:48:05Z,
187.241.10.77,ipv4,malicious-ip,medium,WHITE,ziyadnz/hourly-ipv4,ziyadnz|hourly,2026-08-17T18:48:05Z,2026-08-17T18:48:05Z,
187.241.47.149,ipv4,malicious-ip,medium,WHITE,ziyadnz/hourly-ipv4,ziyadnz|hourly,2026-08-17T18:48:05Z,2026-08-17T18:48:05Z,
187.243.193.21,ipv4,malicious-ip,medium,WHITE,ziyadnz/hourly-ipv4,ziyadnz|hourly,2026-08-17T18:48:05Z,2026-08-17T18:48:05Z,
187.243.199.34,ipv4,malicious-ip,medium,WHITE,ziyadnz/hourly-ipv4,ziyadnz|hourly,2026-08-17T18:48:05Z,2026-08-17T18:48:05Z,
187.243.211.236,ipv4,malicious-ip,medium,WHITE,ziyadnz/hourly-ipv4,ziyadnz|hourly,2026-08-17T18:48:05Z,2026-08-17T18:48:05Z,
187.243.211.40,ipv4,malicious-ip,medium,WHITE,ziyadnz/hourly-ipv4,ziyadnz|hourly,2026-08-17T18:48:05Z,2026-08-17T18:48:05Z,
187.243.219.251,ipv4,malicious-ip,medium,WHITE,ziyadnz/hourly-ipv4,ziyadnz|hourly,2026-08-17T18:48:05Z,2026-08-17T18:48:05Z,
187.243.78.6,ipv4,malicious-ip,medium,WHITE,ziyadnz/hourly-ipv4,ziyadnz|hourly,2026-08-17T18:48:05Z,2026-08-17T18:48:05Z,
187.244.73.255,ipv4,malicious-ip,medium,WHITE,ziyadnz/hourly-ipv4,ziyadnz|hourly,2026-08-17T18:48:05Z,2026-08-17T18:48:05Z,
187.244.76.213,ipv4,malicious-ip,medium,WHITE,ziyadnz/hourly-ipv4,ziyadnz|hourly,2026-08-17T18:48:05Z,2026-08-17T18:48:05Z,
187.245.194.78,ipv4,malicious-ip,medium,WHITE,ziyadnz/hourly-ipv4,ziyadnz|hourly,2026-08-17T18:48:05Z,2026-08-17T18:48:05Z,
187.245.209.253,ipv4,malicious-ip,medium,WHITE,ziyadnz/hourly-ipv4,ziyadnz|hourly,2026-08-17T18:48:05Z,2026-08-17T18:48:05Z,
187.245.215.114,ipv4,malicious-ip,medium,WHITE,ziyadnz/hourly-ipv4,ziyadnz|hourly,2026-08-17T18:48:05Z,2026-08-17T18:48:05Z,
187.249.110.203,ipv4,malicious-ip,medium,WHITE,ziyadnz/hourly-ipv4,ziyadnz|hourly,2026-08-17T18:48:05Z,2026-08-17T18:48:05Z,
187.249.110.219,ipv4,malicious-ip,medium,WHITE,ziyadnz/hourly-ipv4,ziyadnz|hourly,2026-08-17T18:48:05Z,2026-08-17T18:48:05Z,
187.249.120.34,ipv4,malicious-ip,medium,WHITE,ziyadnz/hourly-ipv4,ziyadnz|hourly,2026-08-17T18:48:05Z,2026-08-17T18:48:05Z,
187.249.130.197,ipv4,malicious-ip,medium,WHITE,ziyadnz/hourly-ipv4,ziyadnz|hourly,2026-08-17T18:48:05Z,2026-08-17T18:48:05Z,
187.249.159.198,ipv4,malicious-ip,medium,WHITE,ziyadnz/hourly-ipv4,ziyadnz|hourly,2026-08-17T18:48:05Z,2026-08-17T18:48:05Z,
187.249.72.100,ipv4,malicious-ip,medium,WHITE,ziyadnz/hourly-ipv4,ziyadnz|hourly,2026-08-17T18:48:05Z,2026-08-17T18:48:05Z,
187.249.89.52,ipv4,malicious-ip,medium,WHITE,ziyadnz/hourly-ipv4,ziyadnz|hourly,2026-08-17T18:48:05Z,2026-08-17T18:48:05Z,
187.250.53.144,ipv4,malicious-ip,medium,WHITE,ziyadnz/hourly-ipv4,ziyadnz|hourly,2026-08-17T18:48:05Z,2026-08-17T18:48:05Z,
187.251.108.233,ipv4,malicious-ip,medium,WHITE,ziyadnz/hourly-ipv4,ziyadnz|hourly,2026-08-17T18:48:05Z,2026-08-17T18:48:05Z,
187.251.132.2,ipv4,malicious-ip,medium,WHITE,ziyadnz/hourly-ipv4,ziyadnz|hourly,2026-08-17T18:48:05Z,2026-08-17T18:48:05Z,
187.251.135.208,ipv4,malicious-ip,medium,WHITE,ziyadnz/hourly-ipv4,ziyadnz|hourly,2026-08-17T18:48:05Z,2026-08-17T18:48:05Z,
187.251.199.42,ipv4,malicious-ip,medium,WHITE,ziyadnz/hourly-ipv4,ziyadnz|hourly,2026-08-17T18:48:05Z,2026-08-17T18:48:05Z,
187.251.239.123,ipv4,malicious-ip,medium,WHITE,ziyadnz/hourly-ipv4,ziyadnz|hourly,2026-08-17T18:48:05Z,2026-08-17T18:48:05Z,
187.251.241.153,ipv4,malicious-ip,medium,WHITE,ziyadnz/hourly-ipv4,ziyadnz|hourly,2026-08-17T18:48:05Z,2026-08-17T18:48:05Z,
187.251.242.255,ipv4,malicious-ip,medium,WHITE,ziyadnz/hourly-ipv4,ziyadnz|hourly,2026-08-17T18:48:05Z,2026-08-17T18:48:05Z,
187.254.97.76,ipv4,malicious-ip,medium,WHITE,ziyadnz/hourly-ipv4,ziyadnz|hourly,2026-08-17T18:48:05Z,2026-08-17T18:48:05Z,
187.255.15.230,ipv4,malicious-ip,medium,WHITE,ziyadnz/hourly-ipv4,ziyadnz|hourly,2026-08-17T18:48:05Z,2026-08-17T18:48:05Z,
187.255.40.198,ipv4,malicious-ip,medium,WHITE,ziyadnz/hourly-ipv4,ziyadnz|hourly,2026-08-17T18:48:05Z,2026-08-17T18:48:05Z,
187.255.41.231,ipv4,malicious-ip,medium,WHITE,ziyadnz/hourly-ipv4,ziyadnz|hourly,2026-08-17T18:48:05Z,2026-08-17T18:48:05Z,
187.255.43.69,ipv4,malicious-ip,medium,WHITE,ziyadnz/hourly-ipv4,ziyadnz|hourly,2026-08-17T18:48:05Z,2026-08-17T18:48:05Z,
187.255.91.84,ipv4,malicious-ip,medium,WHITE,ziyadnz/hourly-ipv4,ziyadnz|hourly,2026-08-17T18:48:05Z,2026-08-17T18:48:05Z,
187.255.97.252,ipv4,malicious-ip,medium,WHITE,ziyadnz/hourly-ipv4,ziyadnz|hourly,2026-08-17T18:48:05Z,2026-08-17T18:48:05Z,
187.255.97.6,ipv4,malicious-ip,medium,WHITE,ziyadnz/hourly-ipv4,ziyadnz|hourly,2026-08-17T18:48:05Z,2026-08-17T18:48:05Z,
187.255.99.112,ipv4,malicious-ip,medium,WHITE,ziyadnz/hourly-ipv4,ziyadnz|hourly,2026-08-17T18:48:05Z,2026-08-17T18:48:05Z,
187.29.65.138,ipv4,malicious-ip,medium,WHITE,ziyadnz/hourly-ipv4,ziyadnz|hourly,2026-08-17T18:48:05Z,2026-08-17T18:48:05Z,
187.3.25.238,ipv4,malicious-ip,medium,WHITE,ziyadnz/hourly-ipv4,ziyadnz|hourly,2026-08-17T18:48:05Z,2026-08-17T18:48:05Z,
187.32.131.170,ipv4,malicious-ip,medium,WHITE,ziyadnz/hourly-ipv4,ziyadnz|hourly,2026-08-17T18:48:05Z,2026-08-17T18:48:05Z,
187.32.3.137,ipv4,malicious-ip,medium,WHITE,ziyadnz/hourly-ipv4,ziyadnz|hourly,2026-08-17T18:48:05Z,2026-08-17T18:48:05Z,
187.32.48.59,ipv4,malicious-ip,medium,WHITE,ziyadnz/hourly-ipv4,ziyadnz|hourly,2026-08-17T18:48:05Z,2026-08-17T18:48:05Z,
187.33.159.66,ipv4,malicious-ip,medium,WHITE,ziyadnz/hourly-ipv4,ziyadnz|hourly,2026-08-17T18:48:05Z,2026-08-17T18:48:05Z,
187.33.251.218,ipv4,malicious-ip,medium,WHITE,ziyadnz/hourly-ipv4,ziyadnz|hourly,2026-08-17T18:48:05Z,2026-08-17T18:48:05Z,
187.33.254.218,ipv4,malicious-ip,medium,WHITE,ziyadnz/hourly-ipv4,ziyadnz|hourly,2026-08-17T18:48:05Z,2026-08-17T18:48:05Z,
187.34.142.221,ipv4,malicious-ip,medium,WHITE,ziyadnz/hourly-ipv4,ziyadnz|hourly,2026-08-17T18:48:05Z,2026-08-17T18:48:05Z,
187.34.38.62,ipv4,malicious-ip,medium,WHITE,ziyadnz/hourly-ipv4,ziyadnz|hourly,2026-08-17T18:48:05Z,2026-08-17T18:48:05Z,
187.35.110.147,ipv4,malicious-ip,medium,WHITE,ziyadnz/hourly-ipv4,ziyadnz|hourly,2026-08-17T18:48:05Z,2026-08-17T18:48:05Z,
187.35.183.142,ipv4,malicious-ip,medium,WHITE,ziyadnz/hourly-ipv4,ziyadnz|hourly,2026-08-17T18:48:05Z,2026-08-17T18:48:05Z,
187.35.48.105,ipv4,malicious-ip,medium,WHITE,ziyadnz/hourly-ipv4,ziyadnz|hourly,2026-08-17T18:48:05Z,2026-08-17T18:48:05Z,
187.36.128.155,ipv4,malicious-ip,medium,WHITE,ziyadnz/hourly-ipv4,ziyadnz|hourly,2026-08-17T18:48:05Z,2026-08-17T18:48:05Z,
187.36.131.219,ipv4,malicious-ip,medium,WHITE,ziyadnz/hourly-ipv4,ziyadnz|hourly,2026-08-17T18:48:05Z,2026-08-17T18:48:05Z,
187.36.155.81,ipv4,malicious-ip,medium,WHITE,ziyadnz/hourly-ipv4,ziyadnz|hourly,2026-08-17T18:48:05Z,2026-08-17T18:48:05Z,
187.36.93.99,ipv4,malicious-ip,medium,WHITE,ziyadnz/hourly-ipv4,ziyadnz|hourly,2026-08-17T18:48:05Z,2026-08-17T18:48:05Z,
187.37.88.204,ipv4,malicious-ip,medium,WHITE,ziyadnz/hourly-ipv4,ziyadnz|hourly,2026-08-17T18:48:05Z,2026-08-17T18:48:05Z,
187.38.62.172,ipv4,malicious-ip,medium,WHITE,ziyadnz/hourly-ipv4,ziyadnz|hourly,2026-08-17T18:48:05Z,2026-08-17T18:48:05Z,
187.38.93.23,ipv4,malicious-ip,medium,WHITE,ziyadnz/hourly-ipv4,ziyadnz|hourly,2026-08-17T18:48:05Z,2026-08-17T18:48:05Z,
187.39.201.19,ipv4,malicious-ip,medium,WHITE,ziyadnz/hourly-ipv4,ziyadnz|hourly,2026-08-17T18:48:05Z,2026-08-17T18:48:05Z,
187.40.199.138,ipv4,malicious-ip,medium,WHITE,ziyadnz/hourly-ipv4,ziyadnz|hourly,2026-08-17T18:48:05Z,2026-08-17T18:48:05Z,
187.40.215.162,ipv4,malicious-ip,medium,WHITE,ziyadnz/hourly-ipv4,ziyadnz|hourly,2026-08-17T18:48:05Z,2026-08-17T18:48:05Z,
187.40.37.77,ipv4,malicious-ip,medium,WHITE,ziyadnz/hourly-ipv4,ziyadnz|hourly,2026-08-17T18:48:05Z,2026-08-17T18:48:05Z,
187.44.180.232,ipv4,malicious-ip,medium,WHITE,ziyadnz/hourly-ipv4,ziyadnz|hourly,2026-08-17T18:48:05Z,2026-08-17T18:48:05Z,
187.44.64.2,ipv4,malicious-ip,medium,WHITE,ziyadnz/hourly-ipv4,ziyadnz|hourly,2026-08-17T18:48:05Z,2026-08-17T18:48:05Z,
187.45.106.195,ipv4,malicious-ip,medium,WHITE,ziyadnz/hourly-ipv4,ziyadnz|hourly,2026-08-17T18:48:05Z,2026-08-17T18:48:05Z,
187.45.116.108,ipv4,malicious-ip,medium,WHITE,ziyadnz/hourly-ipv4,ziyadnz|hourly,2026-08-17T18:48:05Z,2026-08-17T18:48:05Z,
187.45.117.68,ipv4,malicious-ip,medium,WHITE,ziyadnz/hourly-ipv4,ziyadnz|hourly,2026-08-17T18:48:05Z,2026-08-17T18:48:05Z,
187.45.135.78,ipv4,malicious-ip,medium,WHITE,ziyadnz/hourly-ipv4,ziyadnz|hourly,2026-08-17T18:48:05Z,2026-08-17T18:48:05Z,
187.45.54.147,ipv4,malicious-ip,medium,WHITE,ziyadnz/hourly-ipv4,ziyadnz|hourly,2026-08-17T18:48:05Z,2026-08-17T18:48:05Z,
187.45.57.37,ipv4,malicious-ip,medium,WHITE,ziyadnz/hourly-ipv4,ziyadnz|hourly,2026-08-17T18:48:05Z,2026-08-17T18:48:05Z,
187.45.65.234,ipv4,malicious-ip,medium,WHITE,ziyadnz/hourly-ipv4,ziyadnz|hourly,2026-08-17T18:48:05Z,2026-08-17T18:48:05Z,
187.45.95.254,ipv4,malicious-ip,medium,WHITE,ziyadnz/hourly-ipv4,ziyadnz|hourly,2026-08-17T18:48:05Z,2026-08-17T18:48:05Z,
187.45.95.66,ipv4,malicious-ip,medium,WHITE,ziyadnz/hourly-ipv4,ziyadnz|hourly,2026-08-17T18:48:05Z,2026-08-17T18:48:05Z,
187.49.12.222,ipv4,malicious-ip,medium,WHITE,ziyadnz/hourly-ipv4,ziyadnz|hourly,2026-08-17T18:48:05Z,2026-08-17T18:48:05Z,
187.49.208.72,ipv4,malicious-ip,medium,WHITE,ziyadnz/hourly-ipv4,ziyadnz|hourly,2026-08-17T18:48:05Z,2026-08-17T18:48:05Z,
187.49.39.246,ipv4,malicious-ip,medium,WHITE,ziyadnz/hourly-ipv4,ziyadnz|hourly,2026-08-17T18:48:05Z,2026-08-17T18:48:05Z,
187.49.46.114,ipv4,malicious-ip,medium,WHITE,ziyadnz/hourly-ipv4,ziyadnz|hourly,2026-08-17T18:48:05Z,2026-08-17T18:48:05Z,
187.49.63.222,ipv4,malicious-ip,medium,WHITE,ziyadnz/hourly-ipv4,ziyadnz|hourly,2026-08-17T18:48:05Z,2026-08-17T18:48:05Z,
187.49.63.51,ipv4,malicious-ip,medium,WHITE,ziyadnz/hourly-ipv4,ziyadnz|hourly,2026-08-17T18:48:05Z,2026-08-17T18:48:05Z,
187.49.84.130,ipv4,malicious-ip,medium,WHITE,ziyadnz/hourly-ipv4,ziyadnz|hourly,2026-08-17T18:48:05Z,2026-08-17T18:48:05Z,
187.49.93.59,ipv4,malicious-ip,medium,WHITE,ziyadnz/hourly-ipv4,ziyadnz|hourly,2026-08-17T18:48:05Z,2026-08-17T18:48:05Z,
187.5.181.78,ipv4,malicious-ip,medium,WHITE,ziyadnz/hourly-ipv4,ziyadnz|hourly,2026-08-17T18:48:05Z,2026-08-17T18:48:05Z,
187.5.215.103,ipv4,malicious-ip,medium,WHITE,ziyadnz/hourly-ipv4,ziyadnz|hourly,2026-08-17T18:48:05Z,2026-08-17T18:48:05Z,
187.5.41.143,ipv4,malicious-ip,medium,WHITE,ziyadnz/hourly-ipv4,ziyadnz|hourly,2026-08-17T18:48:05Z,2026-08-17T18:48:05Z,
187.51.212.130,ipv4,malicious-ip,medium,WHITE,ziyadnz/hourly-ipv4,ziyadnz|hourly,2026-08-17T18:48:05Z,2026-08-17T18:48:05Z,
187.52.213.36,ipv4,malicious-ip,medium,WHITE,ziyadnz/hourly-ipv4,ziyadnz|hourly,2026-08-17T18:48:05Z,2026-08-17T18:48:05Z,
187.52.22.11,ipv4,malicious-ip,medium,WHITE,ziyadnz/hourly-ipv4,ziyadnz|hourly,2026-08-17T18:48:05Z,2026-08-17T18:48:05Z,
187.52.22.60,ipv4,malicious-ip,medium,WHITE,ziyadnz/hourly-ipv4,ziyadnz|hourly,2026-08-17T18:48:05Z,2026-08-17T18:48:05Z,
187.56.133.145,ipv4,malicious-ip,medium,WHITE,ziyadnz/hourly-ipv4,ziyadnz|hourly,2026-08-17T18:48:05Z,2026-08-17T18:48:05Z,
187.56.173.20,ipv4,malicious-ip,medium,WHITE,ziyadnz/hourly-ipv4,ziyadnz|hourly,2026-08-17T18:48:05Z,2026-08-17T18:48:05Z,
187.56.192.45,ipv4,malicious-ip,medium,WHITE,ziyadnz/hourly-ipv4,ziyadnz|hourly,2026-08-17T18:48:05Z,2026-08-17T18:48:05Z,
187.56.204.157,ipv4,malicious-ip,medium,WHITE,ziyadnz/hourly-ipv4,ziyadnz|hourly,2026-08-17T18:48:05Z,2026-08-17T18:48:05Z,
187.56.204.217,ipv4,malicious-ip,medium,WHITE,ziyadnz/hourly-ipv4,ziyadnz|hourly,2026-08-17T18:48:05Z,2026-08-17T18:48:05Z,
187.56.23.130,ipv4,malicious-ip,medium,WHITE,ziyadnz/hourly-ipv4,ziyadnz|hourly,2026-08-17T18:48:05Z,2026-08-17T18:48:05Z,
187.57.131.2,ipv4,malicious-ip,medium,WHITE,ziyadnz/hourly-ipv4,ziyadnz|hourly,2026-08-17T18:48:05Z,2026-08-17T18:48:05Z,
187.57.246.234,ipv4,malicious-ip,medium,WHITE,ziyadnz/hourly-ipv4,ziyadnz|hourly,2026-08-17T18:48:05Z,2026-08-17T18:48:05Z,
187.58.201.114,ipv4,malicious-ip,medium,WHITE,ziyadnz/hourly-ipv4,ziyadnz|hourly,2026-08-17T18:48:05Z,2026-08-17T18:48:05Z,
187.59.8.177,ipv4,malicious-ip,medium,WHITE,ziyadnz/hourly-ipv4,ziyadnz|hourly,2026-08-17T18:48:05Z,2026-08-17T18:48:05Z,
187.60.147.226,ipv4,malicious-ip,medium,WHITE,ziyadnz/hourly-ipv4,ziyadnz|hourly,2026-08-17T18:48:05Z,2026-08-17T18:48:05Z,
187.60.147.234,ipv4,malicious-ip,medium,WHITE,ziyadnz/hourly-ipv4,ziyadnz|hourly,2026-08-17T18:48:05Z,2026-08-17T18:48:05Z,
187.61.114.177,ipv4,malicious-ip,medium,WHITE,ziyadnz/hourly-ipv4,ziyadnz|hourly,2026-08-17T18:48:05Z,2026-08-17T18:48:05Z,
187.61.226.113,ipv4,malicious-ip,medium,WHITE,ziyadnz/hourly-ipv4,ziyadnz|hourly,2026-08-17T18:48:05Z,2026-08-17T18:48:05Z,
187.61.226.203,ipv4,malicious-ip,medium,WHITE,ziyadnz/hourly-ipv4,ziyadnz|hourly,2026-08-17T18:48:05Z,2026-08-17T18:48:05Z,
187.62.114.72,ipv4,malicious-ip,medium,WHITE,ziyadnz/hourly-ipv4,ziyadnz|hourly,2026-08-17T18:48:05Z,2026-08-17T18:48:05Z,
187.62.154.119,ipv4,malicious-ip,medium,WHITE,ziyadnz/hourly-ipv4,ziyadnz|hourly,2026-08-17T18:48:05Z,2026-08-17T18:48:05Z,
187.62.17.124,ipv4,malicious-ip,medium,WHITE,ziyadnz/hourly-ipv4,ziyadnz|hourly,2026-08-17T18:48:05Z,2026-08-17T18:48:05Z,
187.62.177.104,ipv4,malicious-ip,medium,WHITE,ziyadnz/hourly-ipv4,ziyadnz|hourly,2026-08-17T18:48:05Z,2026-08-17T18:48:05Z,
187.62.187.51,ipv4,malicious-ip,medium,WHITE,ziyadnz/hourly-ipv4,ziyadnz|hourly,2026-08-17T18:48:05Z,2026-08-17T18:48:05Z,
187.62.204.197,ipv4,malicious-ip,medium,WHITE,ziyadnz/hourly-ipv4,ziyadnz|hourly,2026-08-17T18:48:05Z,2026-08-17T18:48:05Z,
187.62.239.195,ipv4,malicious-ip,medium,WHITE,ziyadnz/hourly-ipv4,ziyadnz|hourly,2026-08-17T18:48:05Z,2026-08-17T18:48:05Z,
187.62.239.47,ipv4,malicious-ip,medium,WHITE,ziyadnz/hourly-ipv4,ziyadnz|hourly,2026-08-17T18:48:05Z,2026-08-17T18:48:05Z,
187.62.241.86,ipv4,malicious-ip,medium,WHITE,ziyadnz/hourly-ipv4,ziyadnz|hourly,2026-08-17T18:48:05Z,2026-08-17T18:48:05Z,
187.62.255.197,ipv4,malicious-ip,medium,WHITE,ziyadnz/hourly-ipv4,ziyadnz|hourly,2026-08-17T18:48:05Z,2026-08-17T18:48:05Z,
187.62.7.68,ipv4,malicious-ip,medium,WHITE,ziyadnz/hourly-ipv4,ziyadnz|hourly,2026-08-17T18:48:05Z,2026-08-17T18:48:05Z,
187.62.77.189,ipv4,malicious-ip,medium,WHITE,ziyadnz/hourly-ipv4,ziyadnz|hourly,2026-08-17T18:48:05Z,2026-08-17T18:48:05Z,
187.62.87.86,ipv4,malicious-ip,medium,WHITE,ziyadnz/hourly-ipv4,ziyadnz|hourly,2026-08-17T18:48:05Z,2026-08-17T18:48:05Z,
187.62.94.176,ipv4,malicious-ip,medium,WHITE,ziyadnz/hourly-ipv4,ziyadnz|hourly,2026-08-17T18:48:05Z,2026-08-17T18:48:05Z,
187.62.94.193,ipv4,malicious-ip,medium,WHITE,ziyadnz/hourly-ipv4,ziyadnz|hourly,2026-08-17T18:48:05Z,2026-08-17T18:48:05Z,
187.62.99.192,ipv4,malicious-ip,medium,WHITE,ziyadnz/hourly-ipv4,ziyadnz|hourly,2026-08-17T18:48:05Z,2026-08-17T18:48:05Z,
187.63.156.166,ipv4,malicious-ip,medium,WHITE,ziyadnz/hourly-ipv4,ziyadnz|hourly,2026-08-17T18:48:05Z,2026-08-17T18:48:05Z,
187.63.210.136,ipv4,malicious-ip,medium,WHITE,ziyadnz/hourly-ipv4,ziyadnz|hourly,2026-08-17T18:48:05Z,2026-08-17T18:48:05Z,
187.64.156.111,ipv4,malicious-ip,medium,WHITE,ziyadnz/hourly-ipv4,ziyadnz|hourly,2026-08-17T18:48:05Z,2026-08-17T18:48:05Z,
187.64.162.6,ipv4,malicious-ip,medium,WHITE,ziyadnz/hourly-ipv4,ziyadnz|hourly,2026-08-17T18:48:05Z,2026-08-17T18:48:05Z,
187.64.17.158,ipv4,malicious-ip,medium,WHITE,ziyadnz/hourly-ipv4,ziyadnz|hourly,2026-08-17T18:48:05Z,2026-08-17T18:48:05Z,
187.65.68.212,ipv4,malicious-ip,medium,WHITE,ziyadnz/hourly-ipv4,ziyadnz|hourly,2026-08-17T18:48:05Z,2026-08-17T18:48:05Z,
187.67.116.219,ipv4,malicious-ip,medium,WHITE,ziyadnz/hourly-ipv4,ziyadnz|hourly,2026-08-17T18:48:05Z,2026-08-17T18:48:05Z,
187.67.126.21,ipv4,malicious-ip,medium,WHITE,ziyadnz/hourly-ipv4,ziyadnz|hourly,2026-08-17T18:48:05Z,2026-08-17T18:48:05Z,
187.67.249.13,ipv4,malicious-ip,medium,WHITE,ziyadnz/hourly-ipv4,ziyadnz|hourly,2026-08-17T18:48:05Z,2026-08-17T18:48:05Z,
187.67.52.107,ipv4,malicious-ip,medium,WHITE,ziyadnz/hourly-ipv4,ziyadnz|hourly,2026-08-17T18:48:05Z,2026-08-17T18:48:05Z,
187.67.57.125,ipv4,malicious-ip,medium,WHITE,ziyadnz/hourly-ipv4,ziyadnz|hourly,2026-08-17T18:48:05Z,2026-08-17T18:48:05Z,
187.7.149.63,ipv4,malicious-ip,medium,WHITE,ziyadnz/hourly-ipv4,ziyadnz|hourly,2026-08-17T18:48:05Z,2026-08-17T18:48:05Z,
187.7.191.36,ipv4,malicious-ip,medium,WHITE,ziyadnz/hourly-ipv4,ziyadnz|hourly,2026-08-17T18:48:05Z,2026-08-17T18:48:05Z,
187.72.128.177,ipv4,malicious-ip,medium,WHITE,ziyadnz/hourly-ipv4,ziyadnz|hourly,2026-08-17T18:48:05Z,2026-08-17T18:48:05Z,
187.72.56.159,ipv4,malicious-ip,medium,WHITE,ziyadnz/hourly-ipv4,ziyadnz|hourly,2026-08-17T18:48:05Z,2026-08-17T18:48:05Z,
187.73.158.186,ipv4,malicious-ip,medium,WHITE,ziyadnz/hourly-ipv4,ziyadnz|hourly,2026-08-17T18:48:05Z,2026-08-17T18:48:05Z,
187.73.191.65,ipv4,malicious-ip,medium,WHITE,ziyadnz/hourly-ipv4,ziyadnz|hourly,2026-08-17T18:48:05Z,2026-08-17T18:48:05Z,
187.73.191.81,ipv4,malicious-ip,medium,WHITE,ziyadnz/hourly-ipv4,ziyadnz|hourly,2026-08-17T18:48:05Z,2026-08-17T18:48:05Z,
187.73.205.190,ipv4,malicious-ip,medium,WHITE,ziyadnz/hourly-ipv4,ziyadnz|hourly,2026-08-17T18:48:05Z,2026-08-17T18:48:05Z,
187.73.232.156,ipv4,malicious-ip,medium,WHITE,ziyadnz/hourly-ipv4,ziyadnz|hourly,2026-08-17T18:48:05Z,2026-08-17T18:48:05Z,
187.73.244.136,ipv4,malicious-ip,medium,WHITE,ziyadnz/hourly-ipv4,ziyadnz|hourly,2026-08-17T18:48:05Z,2026-08-17T18:48:05Z,
187.73.25.95,ipv4,malicious-ip,medium,WHITE,ziyadnz/hourly-ipv4,ziyadnz|hourly,2026-08-17T18:48:05Z,2026-08-17T18:48:05Z,
187.73.85.188,ipv4,malicious-ip,medium,WHITE,ziyadnz/hourly-ipv4,ziyadnz|hourly,2026-08-17T18:48:05Z,2026-08-17T18:48:05Z,
187.73.93.134,ipv4,malicious-ip,medium,WHITE,ziyadnz/hourly-ipv4,ziyadnz|hourly,2026-08-17T18:48:05Z,2026-08-17T18:48:05Z,
187.74.211.243,ipv4,malicious-ip,medium,WHITE,ziyadnz/hourly-ipv4,ziyadnz|hourly,2026-08-17T18:48:05Z,2026-08-17T18:48:05Z,
187.74.247.208,ipv4,malicious-ip,medium,WHITE,ziyadnz/hourly-ipv4,ziyadnz|hourly,2026-08-17T18:48:05Z,2026-08-17T18:48:05Z,
187.74.249.217,ipv4,malicious-ip,medium,WHITE,ziyadnz/hourly-ipv4,ziyadnz|hourly,2026-08-17T18:48:05Z,2026-08-17T18:48:05Z,
187.74.83.245,ipv4,malicious-ip,medium,WHITE,ziyadnz/hourly-ipv4,ziyadnz|hourly,2026-08-17T18:48:05Z,2026-08-17T18:48:05Z,
187.75.112.116,ipv4,malicious-ip,medium,WHITE,ziyadnz/hourly-ipv4,ziyadnz|hourly,2026-08-17T18:48:05Z,2026-08-17T18:48:05Z,
187.75.152.79,ipv4,malicious-ip,medium,WHITE,ziyadnz/hourly-ipv4,ziyadnz|hourly,2026-08-17T18:48:05Z,2026-08-17T18:48:05Z,
187.75.185.3,ipv4,malicious-ip,medium,WHITE,ziyadnz/hourly-ipv4,ziyadnz|hourly,2026-08-17T18:48:05Z,2026-08-17T18:48:05Z,
187.75.58.244,ipv4,malicious-ip,medium,WHITE,ziyadnz/hourly-ipv4,ziyadnz|hourly,2026-08-17T18:48:05Z,2026-08-17T18:48:05Z,
187.75.60.243,ipv4,malicious-ip,medium,WHITE,ziyadnz/hourly-ipv4,ziyadnz|hourly,2026-08-17T18:48:05Z,2026-08-17T18:48:05Z,
187.76.245.170,ipv4,malicious-ip,medium,WHITE,ziyadnz/hourly-ipv4,ziyadnz|hourly,2026-08-17T18:48:05Z,2026-08-17T18:48:05Z,
187.76.49.174,ipv4,malicious-ip,medium,WHITE,ziyadnz/hourly-ipv4,ziyadnz|hourly,2026-08-17T18:48:05Z,2026-08-17T18:48:05Z,
187.77.189.93,ipv4,malicious-ip,medium,WHITE,ziyadnz/hourly-ipv4,ziyadnz|hourly,2026-08-17T18:48:05Z,2026-08-17T18:48:05Z,
187.78.174.197,ipv4,malicious-ip,medium,WHITE,ziyadnz/hourly-ipv4,ziyadnz|hourly,2026-08-17T18:48:05Z,2026-08-17T18:48:05Z,
187.84.12.100,ipv4,malicious-ip,medium,WHITE,ziyadnz/hourly-ipv4,ziyadnz|hourly,2026-08-17T18:48:05Z,2026-08-17T18:48:05Z,
187.84.12.83,ipv4,malicious-ip,medium,WHITE,ziyadnz/hourly-ipv4,ziyadnz|hourly,2026-08-17T18:48:05Z,2026-08-17T18:48:05Z,
187.84.155.12,ipv4,malicious-ip,medium,WHITE,ziyadnz/hourly-ipv4,ziyadnz|hourly,2026-08-17T18:48:05Z,2026-08-17T18:48:05Z,
187.84.171.62,ipv4,malicious-ip,medium,WHITE,ziyadnz/hourly-ipv4,ziyadnz|hourly,2026-08-17T18:48:05Z,2026-08-17T18:48:05Z,
187.84.8.33,ipv4,malicious-ip,medium,WHITE,ziyadnz/hourly-ipv4,ziyadnz|hourly,2026-08-17T18:48:05Z,2026-08-17T18:48:05Z,
187.85.104.0,ipv4,malicious-ip,medium,WHITE,ziyadnz/hourly-ipv4,ziyadnz|hourly,2026-08-17T18:48:05Z,2026-08-17T18:48:05Z,
187.85.104.1,ipv4,malicious-ip,medium,WHITE,ziyadnz/hourly-ipv4,ziyadnz|hourly,2026-08-17T18:48:05Z,2026-08-17T18:48:05Z,
187.85.104.124,ipv4,malicious-ip,medium,WHITE,ziyadnz/hourly-ipv4,ziyadnz|hourly,2026-08-17T18:48:05Z,2026-08-17T18:48:05Z,
187.85.104.132,ipv4,malicious-ip,medium,WHITE,ziyadnz/hourly-ipv4,ziyadnz|hourly,2026-08-17T18:48:05Z,2026-08-17T18:48:05Z,
187.85.104.155,ipv4,malicious-ip,medium,WHITE,ziyadnz/hourly-ipv4,ziyadnz|hourly,2026-08-17T18:48:05Z,2026-08-17T18:48:05Z,
187.85.104.232,ipv4,malicious-ip,medium,WHITE,ziyadnz/hourly-ipv4,ziyadnz|hourly,2026-08-17T18:48:05Z,2026-08-17T18:48:05Z,
187.85.104.98,ipv4,malicious-ip,medium,WHITE,ziyadnz/hourly-ipv4,ziyadnz|hourly,2026-08-17T18:48:05Z,2026-08-17T18:48:05Z,
187.85.105.128,ipv4,malicious-ip,medium,WHITE,ziyadnz/hourly-ipv4,ziyadnz|hourly,2026-08-17T18:48:05Z,2026-08-17T18:48:05Z,
187.85.105.160,ipv4,malicious-ip,medium,WHITE,ziyadnz/hourly-ipv4,ziyadnz|hourly,2026-08-17T18:48:05Z,2026-08-17T18:48:05Z,
187.85.107.152,ipv4,malicious-ip,medium,WHITE,ziyadnz/hourly-ipv4,ziyadnz|hourly,2026-08-17T18:48:05Z,2026-08-17T18:48:05Z,
187.85.107.191,ipv4,malicious-ip,medium,WHITE,ziyadnz/hourly-ipv4,ziyadnz|hourly,2026-08-17T18:48:05Z,2026-08-17T18:48:05Z,
187.85.107.34,ipv4,malicious-ip,medium,WHITE,ziyadnz/hourly-ipv4,ziyadnz|hourly,2026-08-17T18:48:05Z,2026-08-17T18:48:05Z,
187.85.108.24,ipv4,malicious-ip,medium,WHITE,ziyadnz/hourly-ipv4,ziyadnz|hourly,2026-08-17T18:48:05Z,2026-08-17T18:48:05Z,
187.85.109.137,ipv4,malicious-ip,medium,WHITE,ziyadnz/hourly-ipv4,ziyadnz|hourly,2026-08-17T18:48:05Z,2026-08-17T18:48:05Z,
187.85.110.77,ipv4,malicious-ip,medium,WHITE,ziyadnz/hourly-ipv4,ziyadnz|hourly,2026-08-17T18:48:05Z,2026-08-17T18:48:05Z,
187.85.111.207,ipv4,malicious-ip,medium,WHITE,ziyadnz/hourly-ipv4,ziyadnz|hourly,2026-08-17T18:48:05Z,2026-08-17T18:48:05Z,
187.85.14.222,ipv4,malicious-ip,medium,WHITE,ziyadnz/hourly-ipv4,ziyadnz|hourly,2026-08-17T18:48:05Z,2026-08-17T18:48:05Z,
187.85.145.206,ipv4,malicious-ip,medium,WHITE,ziyadnz/hourly-ipv4,ziyadnz|hourly,2026-08-17T18:48:05Z,2026-08-17T18:48:05Z,
187.85.146.95,ipv4,malicious-ip,medium,WHITE,ziyadnz/hourly-ipv4,ziyadnz|hourly,2026-08-17T18:48:05Z,2026-08-17T18:48:05Z,
187.85.179.74,ipv4,malicious-ip,medium,WHITE,ziyadnz/hourly-ipv4,ziyadnz|hourly,2026-08-17T18:48:05Z,2026-08-17T18:48:05Z,
187.85.188.216,ipv4,malicious-ip,medium,WHITE,ziyadnz/hourly-ipv4,ziyadnz|hourly,2026-08-17T18:48:05Z,2026-08-17T18:48:05Z,
187.85.19.67,ipv4,malicious-ip,medium,WHITE,ziyadnz/hourly-ipv4,ziyadnz|hourly,2026-08-17T18:48:05Z,2026-08-17T18:48:05Z,
187.85.244.32,ipv4,malicious-ip,medium,WHITE,ziyadnz/hourly-ipv4,ziyadnz|hourly,2026-08-17T18:48:05Z,2026-08-17T18:48:05Z,
187.85.252.171,ipv4,malicious-ip,medium,WHITE,ziyadnz/hourly-ipv4,ziyadnz|hourly,2026-08-17T18:48:05Z,2026-08-17T18:48:05Z,
187.85.88.72,ipv4,malicious-ip,medium,WHITE,ziyadnz/hourly-ipv4,ziyadnz|hourly,2026-08-17T18:48:05Z,2026-08-17T18:48:05Z,
187.85.88.94,ipv4,malicious-ip,medium,WHITE,ziyadnz/hourly-ipv4,ziyadnz|hourly,2026-08-17T18:48:05Z,2026-08-17T18:48:05Z,
187.85.96.213,ipv4,malicious-ip,medium,WHITE,ziyadnz/hourly-ipv4,ziyadnz|hourly,2026-08-17T18:48:05Z,2026-08-17T18:48:05Z,
187.86.177.29,ipv4,malicious-ip,medium,WHITE,ziyadnz/hourly-ipv4,ziyadnz|hourly,2026-08-17T18:48:05Z,2026-08-17T18:48:05Z,
187.86.197.127,ipv4,malicious-ip,medium,WHITE,ziyadnz/hourly-ipv4,ziyadnz|hourly,2026-08-17T18:48:05Z,2026-08-17T18:48:05Z,
187.86.246.149,ipv4,malicious-ip,medium,WHITE,ziyadnz/hourly-ipv4,ziyadnz|hourly,2026-08-17T18:48:05Z,2026-08-17T18:48:05Z,
187.86.60.250,ipv4,malicious-ip,medium,WHITE,ziyadnz/hourly-ipv4,ziyadnz|hourly,2026-08-17T18:48:05Z,2026-08-17T18:48:05Z,
187.86.67.51,ipv4,malicious-ip,medium,WHITE,ziyadnz/hourly-ipv4,ziyadnz|hourly,2026-08-17T18:48:05Z,2026-08-17T18:48:05Z,
187.87.17.138,ipv4,malicious-ip,medium,WHITE,ziyadnz/hourly-ipv4,ziyadnz|hourly,2026-08-17T18:48:05Z,2026-08-17T18:48:05Z,
187.87.221.120,ipv4,malicious-ip,medium,WHITE,ziyadnz/hourly-ipv4,ziyadnz|hourly,2026-08-17T18:48:05Z,2026-08-17T18:48:05Z,
187.87.84.225,ipv4,malicious-ip,medium,WHITE,ziyadnz/hourly-ipv4,ziyadnz|hourly,2026-08-17T18:48:05Z,2026-08-17T18:48:05Z,
187.88.29.71,ipv4,malicious-ip,medium,WHITE,ziyadnz/hourly-ipv4,ziyadnz|hourly,2026-08-17T18:48:05Z,2026-08-17T18:48:05Z,
187.88.45.20,ipv4,malicious-ip,medium,WHITE,ziyadnz/hourly-ipv4,ziyadnz|hourly,2026-08-17T18:48:05Z,2026-08-17T18:48:05Z,
187.88.52.128,ipv4,malicious-ip,medium,WHITE,ziyadnz/hourly-ipv4,ziyadnz|hourly,2026-08-17T18:48:05Z,2026-08-17T18:48:05Z,
187.88.79.170,ipv4,malicious-ip,medium,WHITE,ziyadnz/hourly-ipv4,ziyadnz|hourly,2026-08-17T18:48:05Z,2026-08-17T18:48:05Z,
187.89.125.159,ipv4,malicious-ip,medium,WHITE,ziyadnz/hourly-ipv4,ziyadnz|hourly,2026-08-17T18:48:05Z,2026-08-17T18:48:05Z,
187.89.154.34,ipv4,malicious-ip,medium,WHITE,ziyadnz/hourly-ipv4,ziyadnz|hourly,2026-08-17T18:48:05Z,2026-08-17T18:48:05Z,
187.89.26.2,ipv4,malicious-ip,medium,WHITE,ziyadnz/hourly-ipv4,ziyadnz|hourly,2026-08-17T18:48:05Z,2026-08-17T18:48:05Z,
187.89.94.9,ipv4,malicious-ip,medium,WHITE,ziyadnz/hourly-ipv4,ziyadnz|hourly,2026-08-17T18:48:05Z,2026-08-17T18:48:05Z,
187.90.148.159,ipv4,malicious-ip,medium,WHITE,ziyadnz/hourly-ipv4,ziyadnz|hourly,2026-08-17T18:48:05Z,2026-08-17T18:48:05Z,
187.90.159.182,ipv4,malicious-ip,medium,WHITE,ziyadnz/hourly-ipv4,ziyadnz|hourly,2026-08-17T18:48:05Z,2026-08-17T18:48:05Z,
187.90.178.40,ipv4,malicious-ip,medium,WHITE,ziyadnz/hourly-ipv4,ziyadnz|hourly,2026-08-17T18:48:05Z,2026-08-17T18:48:05Z,
187.91.210.152,ipv4,malicious-ip,medium,WHITE,ziyadnz/hourly-ipv4,ziyadnz|hourly,2026-08-17T18:48:05Z,2026-08-17T18:48:05Z,
187.92.28.238,ipv4,malicious-ip,medium,WHITE,ziyadnz/hourly-ipv4,ziyadnz|hourly,2026-08-17T18:48:05Z,2026-08-17T18:48:05Z,
187.94.116.131,ipv4,malicious-ip,medium,WHITE,ziyadnz/hourly-ipv4,ziyadnz|hourly,2026-08-17T18:48:05Z,2026-08-17T18:48:05Z,
187.94.13.135,ipv4,malicious-ip,medium,WHITE,ziyadnz/hourly-ipv4,ziyadnz|hourly,2026-08-17T18:48:05Z,2026-08-17T18:48:05Z,
187.94.141.188,ipv4,malicious-ip,medium,WHITE,ziyadnz/hourly-ipv4,ziyadnz|hourly,2026-08-17T18:48:05Z,2026-08-17T18:48:05Z,
187.94.15.225,ipv4,malicious-ip,medium,WHITE,ziyadnz/hourly-ipv4,ziyadnz|hourly,2026-08-17T18:48:05Z,2026-08-17T18:48:05Z,
187.94.167.186,ipv4,malicious-ip,medium,WHITE,ziyadnz/hourly-ipv4,ziyadnz|hourly,2026-08-17T18:48:05Z,2026-08-17T18:48:05Z,
187.94.189.45,ipv4,malicious-ip,medium,WHITE,ziyadnz/hourly-ipv4,ziyadnz|hourly,2026-08-17T18:48:05Z,2026-08-17T18:48:05Z,
187.94.25.52,ipv4,malicious-ip,medium,WHITE,ziyadnz/hourly-ipv4,ziyadnz|hourly,2026-08-17T18:48:05Z,2026-08-17T18:48:05Z,
187.94.25.76,ipv4,malicious-ip,medium,WHITE,ziyadnz/hourly-ipv4,ziyadnz|hourly,2026-08-17T18:48:05Z,2026-08-17T18:48:05Z,
187.94.255.130,ipv4,malicious-ip,medium,WHITE,ziyadnz/hourly-ipv4,ziyadnz|hourly,2026-08-17T18:48:05Z,2026-08-17T18:48:05Z,
187.94.89.17,ipv4,malicious-ip,medium,WHITE,ziyadnz/hourly-ipv4,ziyadnz|hourly,2026-08-17T18:48:05Z,2026-08-17T18:48:05Z,
187.95.16.97,ipv4,malicious-ip,medium,WHITE,ziyadnz/hourly-ipv4,ziyadnz|hourly,2026-08-17T18:48:05Z,2026-08-17T18:48:05Z,
187.95.164.170,ipv4,malicious-ip,medium,WHITE,ziyadnz/hourly-ipv4,ziyadnz|hourly,2026-08-17T18:48:05Z,2026-08-17T18:48:05Z,
187.95.185.221,ipv4,malicious-ip,medium,WHITE,ziyadnz/hourly-ipv4,ziyadnz|hourly,2026-08-17T18:48:05Z,2026-08-17T18:48:05Z,
187.95.186.208,ipv4,malicious-ip,medium,WHITE,ziyadnz/hourly-ipv4,ziyadnz|hourly,2026-08-17T18:48:05Z,2026-08-17T18:48:05Z,
187.95.208.77,ipv4,malicious-ip,medium,WHITE,ziyadnz/hourly-ipv4,ziyadnz|hourly,2026-08-17T18:48:05Z,2026-08-17T18:48:05Z,
187.95.250.32,ipv4,malicious-ip,medium,WHITE,ziyadnz/hourly-ipv4,ziyadnz|hourly,2026-08-17T18:48:05Z,2026-08-17T18:48:05Z,
187.95.27.108,ipv4,malicious-ip,medium,WHITE,ziyadnz/hourly-ipv4,ziyadnz|hourly,2026-08-17T18:48:05Z,2026-08-17T18:48:05Z,
188.0.28.57,ipv4,malicious-ip,medium,WHITE,ziyadnz/hourly-ipv4,ziyadnz|hourly,2026-08-17T18:48:05Z,2026-08-17T18:48:05Z,
188.0.29.182,ipv4,malicious-ip,medium,WHITE,ziyadnz/hourly-ipv4,ziyadnz|hourly,2026-08-17T18:48:05Z,2026-08-17T18:48:05Z,
188.112.141.84,ipv4,malicious-ip,medium,WHITE,ziyadnz/hourly-ipv4,ziyadnz|hourly,2026-08-17T18:48:05Z,2026-08-17T18:48:05Z,
188.112.161.249,ipv4,malicious-ip,medium,WHITE,ziyadnz/hourly-ipv4,ziyadnz|hourly,2026-08-17T18:48:05Z,2026-08-17T18:48:05Z,
188.113.132.109,ipv4,malicious-ip,medium,WHITE,ziyadnz/hourly-ipv4,ziyadnz|hourly,2026-08-17T18:48:05Z,2026-08-17T18:48:05Z,
188.113.207.86,ipv4,malicious-ip,medium,WHITE,ziyadnz/hourly-ipv4,ziyadnz|hourly,2026-08-17T18:48:05Z,2026-08-17T18:48:05Z,
188.115.106.231,ipv4,malicious-ip,medium,WHITE,ziyadnz/hourly-ipv4,ziyadnz|hourly,2026-08-17T18:48:05Z,2026-08-17T18:48:05Z,
188.115.91.91,ipv4,malicious-ip,medium,WHITE,ziyadnz/hourly-ipv4,ziyadnz|hourly,2026-08-17T18:48:05Z,2026-08-17T18:48:05Z,
188.116.158.183,ipv4,malicious-ip,medium,WHITE,ziyadnz/hourly-ipv4,ziyadnz|hourly,2026-08-17T18:48:05Z,2026-08-17T18:48:05Z,
188.116.22.65,ipv4,malicious-ip,medium,WHITE,ziyadnz/hourly-ipv4,ziyadnz|hourly,2026-08-17T18:48:05Z,2026-08-17T18:48:05Z,
188.116.26.84,ipv4,malicious-ip,medium,WHITE,ziyadnz/hourly-ipv4,ziyadnz|hourly,2026-08-17T18:48:05Z,2026-08-17T18:48:05Z,
188.116.36.143,ipv4,malicious-ip,medium,WHITE,ziyadnz/hourly-ipv4,ziyadnz|hourly,2026-08-17T18:48:05Z,2026-08-17T18:48:05Z,
188.119.113.152,ipv4,malicious-ip,medium,WHITE,ziyadnz/hourly-ipv4,ziyadnz|hourly,2026-08-17T18:48:05Z,2026-08-17T18:48:05Z,
188.119.190.29,ipv4,malicious-ip,medium,WHITE,ziyadnz/hourly-ipv4,ziyadnz|hourly,2026-08-17T18:48:05Z,2026-08-17T18:48:05Z,
188.119.38.82,ipv4,malicious-ip,medium,WHITE,ziyadnz/hourly-ipv4,ziyadnz|hourly,2026-08-17T18:48:05Z,2026-08-17T18:48:05Z,
188.12.100.131,ipv4,malicious-ip,medium,WHITE,ziyadnz/hourly-ipv4,ziyadnz|hourly,2026-08-17T18:48:05Z,2026-08-17T18:48:05Z,
188.12.244.211,ipv4,malicious-ip,medium,WHITE,ziyadnz/hourly-ipv4,ziyadnz|hourly,2026-08-17T18:48:05Z,2026-08-17T18:48:05Z,
188.120.100.58,ipv4,malicious-ip,medium,WHITE,ziyadnz/hourly-ipv4,ziyadnz|hourly,2026-08-17T18:48:05Z,2026-08-17T18:48:05Z,
188.120.227.9,ipv4,malicious-ip,medium,WHITE,ziyadnz/hourly-ipv4,ziyadnz|hourly,2026-08-17T18:48:05Z,2026-08-17T18:48:05Z,
188.120.230.55,ipv4,malicious-ip,medium,WHITE,ziyadnz/hourly-ipv4,ziyadnz|hourly,2026-08-17T18:48:05Z,2026-08-17T18:48:05Z,
188.120.246.133,ipv4,malicious-ip,medium,WHITE,ziyadnz/hourly-ipv4,ziyadnz|hourly,2026-08-17T18:48:05Z,2026-08-17T18:48:05Z,
188.121.103.193,ipv4,malicious-ip,medium,WHITE,ziyadnz/hourly-ipv4,ziyadnz|hourly,2026-08-17T18:48:05Z,2026-08-17T18:48:05Z,
188.123.137.181,ipv4,malicious-ip,medium,WHITE,ziyadnz/hourly-ipv4,ziyadnz|hourly,2026-08-17T18:48:05Z,2026-08-17T18:48:05Z,
188.124.59.120,ipv4,malicious-ip,medium,WHITE,ziyadnz/hourly-ipv4,ziyadnz|hourly,2026-08-17T18:48:05Z,2026-08-17T18:48:05Z,
188.124.79.130,ipv4,malicious-ip,medium,WHITE,ziyadnz/hourly-ipv4,ziyadnz|hourly,2026-08-17T18:48:05Z,2026-08-17T18:48:05Z,
188.125.172.229,ipv4,malicious-ip,medium,WHITE,ziyadnz/hourly-ipv4,ziyadnz|hourly,2026-08-17T18:48:05Z,2026-08-17T18:48:05Z,
188.125.33.54,ipv4,malicious-ip,medium,WHITE,ziyadnz/hourly-ipv4,ziyadnz|hourly,2026-08-17T18:48:05Z,2026-08-17T18:48:05Z,
188.126.240.16,ipv4,malicious-ip,medium,WHITE,ziyadnz/hourly-ipv4,ziyadnz|hourly,2026-08-17T18:48:05Z,2026-08-17T18:48:05Z,
188.126.89.45,ipv4,malicious-ip,medium,WHITE,ziyadnz/hourly-ipv4,ziyadnz|hourly,2026-08-17T18:48:05Z,2026-08-17T18:48:05Z,
188.126.89.75,ipv4,malicious-ip,medium,WHITE,ziyadnz/hourly-ipv4,ziyadnz|hourly,2026-08-17T18:48:05Z,2026-08-17T18:48:05Z,
188.126.89.82,ipv4,malicious-ip,medium,WHITE,ziyadnz/hourly-ipv4,ziyadnz|hourly,2026-08-17T18:48:05Z,2026-08-17T18:48:05Z,
188.127.161.78,ipv4,malicious-ip,medium,WHITE,ziyadnz/hourly-ipv4,ziyadnz|hourly,2026-08-17T18:48:05Z,2026-08-17T18:48:05Z,
188.127.174.233,ipv4,malicious-ip,medium,WHITE,ziyadnz/hourly-ipv4,ziyadnz|hourly,2026-08-17T18:48:05Z,2026-08-17T18:48:05Z,
188.127.224.114,ipv4,malicious-ip,medium,WHITE,ziyadnz/hourly-ipv4,ziyadnz|hourly,2026-08-17T18:48:05Z,2026-08-17T18:48:05Z,
188.127.224.46,ipv4,malicious-ip,medium,WHITE,ziyadnz/hourly-ipv4,ziyadnz|hourly,2026-08-17T18:48:05Z,2026-08-17T18:48:05Z,
188.127.225.191,ipv4,malicious-ip,medium,WHITE,ziyadnz/hourly-ipv4,ziyadnz|hourly,2026-08-17T18:48:05Z,2026-08-17T18:48:05Z,
188.127.227.226,ipv4,malicious-ip,medium,WHITE,ziyadnz/hourly-ipv4,ziyadnz|hourly,2026-08-17T18:48:05Z,2026-08-17T18:48:05Z,
188.127.231.177,ipv4,malicious-ip,medium,WHITE,ziyadnz/hourly-ipv4,ziyadnz|hourly,2026-08-17T18:48:05Z,2026-08-17T18:48:05Z,
188.127.237.27,ipv4,malicious-ip,medium,WHITE,ziyadnz/hourly-ipv4,ziyadnz|hourly,2026-08-17T18:48:05Z,2026-08-17T18:48:05Z,
188.127.242.119,ipv4,malicious-ip,medium,WHITE,ziyadnz/hourly-ipv4,ziyadnz|hourly,2026-08-17T18:48:05Z,2026-08-17T18:48:05Z,
188.127.242.178,ipv4,malicious-ip,medium,WHITE,ziyadnz/hourly-ipv4,ziyadnz|hourly,2026-08-17T18:48:05Z,2026-08-17T18:48:05Z,
188.127.243.130,ipv4,malicious-ip,medium,WHITE,ziyadnz/hourly-ipv4,ziyadnz|hourly,2026-08-17T18:48:05Z,2026-08-17T18:48:05Z,
188.127.243.133,ipv4,malicious-ip,medium,WHITE,ziyadnz/hourly-ipv4,ziyadnz|hourly,2026-08-17T18:48:05Z,2026-08-17T18:48:05Z,
188.127.243.145,ipv4,malicious-ip,medium,WHITE,ziyadnz/hourly-ipv4,ziyadnz|hourly,2026-08-17T18:48:05Z,2026-08-17T18:48:05Z,
188.127.243.147,ipv4,malicious-ip,medium,WHITE,ziyadnz/hourly-ipv4,ziyadnz|hourly,2026-08-17T18:48:05Z,2026-08-17T18:48:05Z,
188.127.243.148,ipv4,malicious-ip,medium,WHITE,ziyadnz/hourly-ipv4,ziyadnz|hourly,2026-08-17T18:48:05Z,2026-08-17T18:48:05Z,
188.127.243.193,ipv4,malicious-ip,medium,WHITE,ziyadnz/hourly-ipv4,ziyadnz|hourly,2026-08-17T18:48:05Z,2026-08-17T18:48:05Z,
188.127.246.183,ipv4,malicious-ip,medium,WHITE,ziyadnz/hourly-ipv4,ziyadnz|hourly,2026-08-17T18:48:05Z,2026-08-17T18:48:05Z,
188.127.251.171,ipv4,malicious-ip,medium,WHITE,ziyadnz/hourly-ipv4,ziyadnz|hourly,2026-08-17T18:48:05Z,2026-08-17T18:48:05Z,
188.127.254.44,ipv4,malicious-ip,medium,WHITE,ziyadnz/hourly-ipv4,ziyadnz|hourly,2026-08-17T18:48:05Z,2026-08-17T18:48:05Z,
188.128.73.58,ipv4,malicious-ip,medium,WHITE,ziyadnz/hourly-ipv4,ziyadnz|hourly,2026-08-17T18:48:05Z,2026-08-17T18:48:05Z,
188.128.87.98,ipv4,malicious-ip,medium,WHITE,ziyadnz/hourly-ipv4,ziyadnz|hourly,2026-08-17T18:48:05Z,2026-08-17T18:48:05Z,
188.129.176.99,ipv4,malicious-ip,medium,WHITE,ziyadnz/hourly-ipv4,ziyadnz|hourly,2026-08-17T18:48:05Z,2026-08-17T18:48:05Z,
188.129.184.219,ipv4,malicious-ip,medium,WHITE,ziyadnz/hourly-ipv4,ziyadnz|hourly,2026-08-17T18:48:05Z,2026-08-17T18:48:05Z,
188.129.248.135,ipv4,malicious-ip,medium,WHITE,ziyadnz/hourly-ipv4,ziyadnz|hourly,2026-08-17T18:48:05Z,2026-08-17T18:48:05Z,
188.129.82.235,ipv4,malicious-ip,medium,WHITE,ziyadnz/hourly-ipv4,ziyadnz|hourly,2026-08-17T18:48:05Z,2026-08-17T18:48:05Z,
188.13.85.118,ipv4,malicious-ip,medium,WHITE,ziyadnz/hourly-ipv4,ziyadnz|hourly,2026-08-17T18:48:05Z,2026-08-17T18:48:05Z,
188.130.11.232,ipv4,malicious-ip,medium,WHITE,ziyadnz/hourly-ipv4,ziyadnz|hourly,2026-08-17T18:48:05Z,2026-08-17T18:48:05Z,
188.130.160.153,ipv4,malicious-ip,medium,WHITE,ziyadnz/hourly-ipv4,ziyadnz|hourly,2026-08-17T18:48:05Z,2026-08-17T18:48:05Z,
188.130.177.80,ipv4,malicious-ip,medium,WHITE,ziyadnz/hourly-ipv4,ziyadnz|hourly,2026-08-17T18:48:05Z,2026-08-17T18:48:05Z,
188.130.180.2,ipv4,malicious-ip,medium,WHITE,ziyadnz/hourly-ipv4,ziyadnz|hourly,2026-08-17T18:48:05Z,2026-08-17T18:48:05Z,
188.130.206.168,ipv4,malicious-ip,medium,WHITE,ziyadnz/hourly-ipv4,ziyadnz|hourly,2026-08-17T18:48:05Z,2026-08-17T18:48:05Z,
188.130.206.243,ipv4,malicious-ip,medium,WHITE,ziyadnz/hourly-ipv4,ziyadnz|hourly,2026-08-17T18:48:05Z,2026-08-17T18:48:05Z,
188.130.250.250,ipv4,malicious-ip,medium,WHITE,ziyadnz/hourly-ipv4,ziyadnz|hourly,2026-08-17T18:48:05Z,2026-08-17T18:48:05Z,
188.130.250.252,ipv4,malicious-ip,medium,WHITE,ziyadnz/hourly-ipv4,ziyadnz|hourly,2026-08-17T18:48:05Z,2026-08-17T18:48:05Z,
188.130.7.116,ipv4,malicious-ip,medium,WHITE,ziyadnz/hourly-ipv4,ziyadnz|hourly,2026-08-17T18:48:05Z,2026-08-17T18:48:05Z,
188.130.7.40,ipv4,malicious-ip,medium,WHITE,ziyadnz/hourly-ipv4,ziyadnz|hourly,2026-08-17T18:48:05Z,2026-08-17T18:48:05Z,
188.132.130.162,ipv4,malicious-ip,medium,WHITE,ziyadnz/hourly-ipv4,ziyadnz|hourly,2026-08-17T18:48:05Z,2026-08-17T18:48:05Z,
188.132.150.45,ipv4,malicious-ip,medium,WHITE,ziyadnz/hourly-ipv4,ziyadnz|hourly,2026-08-17T18:48:05Z,2026-08-17T18:48:05Z,
188.132.150.51,ipv4,malicious-ip,medium,WHITE,ziyadnz/hourly-ipv4,ziyadnz|hourly,2026-08-17T18:48:05Z,2026-08-17T18:48:05Z,
188.132.197.109,ipv4,malicious-ip,medium,WHITE,ziyadnz/hourly-ipv4,ziyadnz|hourly,2026-08-17T18:48:05Z,2026-08-17T18:48:05Z,
188.132.197.12,ipv4,malicious-ip,medium,WHITE,ziyadnz/hourly-ipv4,ziyadnz|hourly,2026-08-17T18:48:05Z,2026-08-17T18:48:05Z,
188.132.199.206,ipv4,malicious-ip,medium,WHITE,ziyadnz/hourly-ipv4,ziyadnz|hourly,2026-08-17T18:48:05Z,2026-08-17T18:48:05Z,
188.132.249.70,ipv4,malicious-ip,medium,WHITE,ziyadnz/hourly-ipv4,ziyadnz|hourly,2026-08-17T18:48:05Z,2026-08-17T18:48:05Z,
188.133.157.248,ipv4,malicious-ip,medium,WHITE,ziyadnz/hourly-ipv4,ziyadnz|hourly,2026-08-17T18:48:05Z,2026-08-17T18:48:05Z,
188.133.87.72,ipv4,malicious-ip,medium,WHITE,ziyadnz/hourly-ipv4,ziyadnz|hourly,2026-08-17T18:48:05Z,2026-08-17T18:48:05Z,
188.135.22.68,ipv4,malicious-ip,medium,WHITE,ziyadnz/hourly-ipv4,ziyadnz|hourly,2026-08-17T18:48:05Z,2026-08-17T18:48:05Z,
188.137.178.24,ipv4,malicious-ip,medium,WHITE,ziyadnz/hourly-ipv4,ziyadnz|hourly,2026-08-17T18:48:05Z,2026-08-17T18:48:05Z,
188.137.246.189,ipv4,malicious-ip,medium,WHITE,ziyadnz/hourly-ipv4,ziyadnz|hourly,2026-08-17T18:48:05Z,2026-08-17T18:48:05Z,
188.138.196.169,ipv4,malicious-ip,medium,WHITE,ziyadnz/hourly-ipv4,ziyadnz|hourly,2026-08-17T18:48:05Z,2026-08-17T18:48:05Z,
188.138.70.19,ipv4,malicious-ip,medium,WHITE,ziyadnz/hourly-ipv4,ziyadnz|hourly,2026-08-17T18:48:05Z,2026-08-17T18:48:05Z,
188.14.63.17,ipv4,malicious-ip,medium,WHITE,ziyadnz/hourly-ipv4,ziyadnz|hourly,2026-08-17T18:48:05Z,2026-08-17T18:48:05Z,
188.141.27.210,ipv4,malicious-ip,medium,WHITE,ziyadnz/hourly-ipv4,ziyadnz|hourly,2026-08-17T18:48:05Z,2026-08-17T18:48:05Z,
188.143.170.185,ipv4,malicious-ip,medium,WHITE,ziyadnz/hourly-ipv4,ziyadnz|hourly,2026-08-17T18:48:05Z,2026-08-17T18:48:05Z,
188.147.150.163,ipv4,malicious-ip,medium,WHITE,ziyadnz/hourly-ipv4,ziyadnz|hourly,2026-08-17T18:48:05Z,2026-08-17T18:48:05Z,
188.148.191.243,ipv4,malicious-ip,medium,WHITE,ziyadnz/hourly-ipv4,ziyadnz|hourly,2026-08-17T18:48:05Z,2026-08-17T18:48:05Z,
188.149.168.230,ipv4,malicious-ip,medium,WHITE,ziyadnz/hourly-ipv4,ziyadnz|hourly,2026-08-17T18:48:05Z,2026-08-17T18:48:05Z,
188.149.181.20,ipv4,malicious-ip,medium,WHITE,ziyadnz/hourly-ipv4,ziyadnz|hourly,2026-08-17T18:48:05Z,2026-08-17T18:48:05Z,
188.149.194.52,ipv4,malicious-ip,medium,WHITE,ziyadnz/hourly-ipv4,ziyadnz|hourly,2026-08-17T18:48:05Z,2026-08-17T18:48:05Z,
188.149.252.166,ipv4,malicious-ip,medium,WHITE,ziyadnz/hourly-ipv4,ziyadnz|hourly,2026-08-17T18:48:05Z,2026-08-17T18:48:05Z,
188.149.37.178,ipv4,malicious-ip,medium,WHITE,ziyadnz/hourly-ipv4,ziyadnz|hourly,2026-08-17T18:48:05Z,2026-08-17T18:48:05Z,
188.150.151.29,ipv4,malicious-ip,medium,WHITE,ziyadnz/hourly-ipv4,ziyadnz|hourly,2026-08-17T18:48:05Z,2026-08-17T18:48:05Z,
188.150.164.3,ipv4,malicious-ip,medium,WHITE,ziyadnz/hourly-ipv4,ziyadnz|hourly,2026-08-17T18:48:05Z,2026-08-17T18:48:05Z,
188.151.145.200,ipv4,malicious-ip,medium,WHITE,ziyadnz/hourly-ipv4,ziyadnz|hourly,2026-08-17T18:48:05Z,2026-08-17T18:48:05Z,
188.151.76.174,ipv4,malicious-ip,medium,WHITE,ziyadnz/hourly-ipv4,ziyadnz|hourly,2026-08-17T18:48:05Z,2026-08-17T18:48:05Z,
188.152.238.126,ipv4,malicious-ip,medium,WHITE,ziyadnz/hourly-ipv4,ziyadnz|hourly,2026-08-17T18:48:05Z,2026-08-17T18:48:05Z,
188.153.202.234,ipv4,malicious-ip,medium,WHITE,ziyadnz/hourly-ipv4,ziyadnz|hourly,2026-08-17T18:48:05Z,2026-08-17T18:48:05Z,
188.155.184.114,ipv4,malicious-ip,medium,WHITE,ziyadnz/hourly-ipv4,ziyadnz|hourly,2026-08-17T18:48:05Z,2026-08-17T18:48:05Z,
188.161.0.180,ipv4,malicious-ip,medium,WHITE,ziyadnz/hourly-ipv4,ziyadnz|hourly,2026-08-17T18:48:05Z,2026-08-17T18:48:05Z,
188.161.235.162,ipv4,malicious-ip,medium,WHITE,ziyadnz/hourly-ipv4,ziyadnz|hourly,2026-08-17T18:48:05Z,2026-08-17T18:48:05Z,
188.163.1.202,ipv4,malicious-ip,medium,WHITE,ziyadnz/hourly-ipv4,ziyadnz|hourly,2026-08-17T18:48:05Z,2026-08-17T18:48:05Z,
188.163.18.128,ipv4,malicious-ip,medium,WHITE,ziyadnz/hourly-ipv4,ziyadnz|hourly,2026-08-17T18:48:05Z,2026-08-17T18:48:05Z,
188.163.30.244,ipv4,malicious-ip,medium,WHITE,ziyadnz/hourly-ipv4,ziyadnz|hourly,2026-08-17T18:48:05Z,2026-08-17T18:48:05Z,
188.165.159.6,ipv4,malicious-ip,medium,WHITE,ziyadnz/hourly-ipv4,ziyadnz|hourly,2026-08-17T18:48:05Z,2026-08-17T18:48:05Z,
188.165.192.126,ipv4,malicious-ip,medium,WHITE,ziyadnz/hourly-ipv4,ziyadnz|hourly,2026-08-17T18:48:05Z,2026-08-17T18:48:05Z,
188.165.192.18,ipv4,malicious-ip,medium,WHITE,ziyadnz/hourly-ipv4,ziyadnz|hourly,2026-08-17T18:48:05Z,2026-08-17T18:48:05Z,
188.165.195.130,ipv4,malicious-ip,medium,WHITE,ziyadnz/hourly-ipv4,ziyadnz|hourly,2026-08-17T18:48:05Z,2026-08-17T18:48:05Z,
188.165.199.78,ipv4,malicious-ip,medium,WHITE,ziyadnz/hourly-ipv4,ziyadnz|hourly,2026-08-17T18:48:05Z,2026-08-17T18:48:05Z,
188.165.208.154,ipv4,malicious-ip,medium,WHITE,ziyadnz/hourly-ipv4,ziyadnz|hourly,2026-08-17T18:48:05Z,2026-08-17T18:48:05Z,
188.165.214.76,ipv4,malicious-ip,medium,WHITE,ziyadnz/hourly-ipv4,ziyadnz|hourly,2026-08-17T18:48:05Z,2026-08-17T18:48:05Z,
188.165.214.95,ipv4,malicious-ip,medium,WHITE,ziyadnz/hourly-ipv4,ziyadnz|hourly,2026-08-17T18:48:05Z,2026-08-17T18:48:05Z,
188.165.254.85,ipv4,malicious-ip,medium,WHITE,ziyadnz/hourly-ipv4,ziyadnz|hourly,2026-08-17T18:48:05Z,2026-08-17T18:48:05Z,
188.166.0.175,ipv4,malicious-ip,medium,WHITE,ziyadnz/hourly-ipv4,ziyadnz|hourly,2026-08-17T18:48:05Z,2026-08-17T18:48:05Z,
188.166.121.62,ipv4,malicious-ip,medium,WHITE,ziyadnz/hourly-ipv4,ziyadnz|hourly,2026-08-17T18:48:05Z,2026-08-17T18:48:05Z,
188.166.149.156,ipv4,malicious-ip,medium,WHITE,ziyadnz/hourly-ipv4,ziyadnz|hourly,2026-08-17T18:48:05Z,2026-08-17T18:48:05Z,
188.166.152.216,ipv4,malicious-ip,medium,WHITE,ziyadnz/hourly-ipv4,ziyadnz|hourly,2026-08-17T18:48:05Z,2026-08-17T18:48:05Z,
188.166.167.139,ipv4,malicious-ip,medium,WHITE,ziyadnz/hourly-ipv4,ziyadnz|hourly,2026-08-17T18:48:05Z,2026-08-17T18:48:05Z,
188.166.168.135,ipv4,malicious-ip,medium,WHITE,ziyadnz/hourly-ipv4,ziyadnz|hourly,2026-08-17T18:48:05Z,2026-08-17T18:48:05Z,
188.166.182.13,ipv4,malicious-ip,medium,WHITE,ziyadnz/hourly-ipv4,ziyadnz|hourly,2026-08-17T18:48:05Z,2026-08-17T18:48:05Z,
188.166.182.14,ipv4,malicious-ip,medium,WHITE,ziyadnz/hourly-ipv4,ziyadnz|hourly,2026-08-17T18:48:05Z,2026-08-17T18:48:05Z,
188.166.183.209,ipv4,malicious-ip,medium,WHITE,ziyadnz/hourly-ipv4,ziyadnz|hourly,2026-08-17T18:48:05Z,2026-08-17T18:48:05Z,
188.166.189.163,ipv4,malicious-ip,medium,WHITE,ziyadnz/hourly-ipv4,ziyadnz|hourly,2026-08-17T18:48:05Z,2026-08-17T18:48:05Z,
188.166.201.103,ipv4,malicious-ip,medium,WHITE,ziyadnz/hourly-ipv4,ziyadnz|hourly,2026-08-17T18:48:05Z,2026-08-17T18:48:05Z,
188.166.210.146,ipv4,malicious-ip,medium,WHITE,ziyadnz/hourly-ipv4,ziyadnz|hourly,2026-08-17T18:48:05Z,2026-08-17T18:48:05Z,
188.166.211.175,ipv4,malicious-ip,medium,WHITE,ziyadnz/hourly-ipv4,ziyadnz|hourly,2026-08-17T18:48:05Z,2026-08-17T18:48:05Z,
188.166.215.16,ipv4,malicious-ip,medium,WHITE,ziyadnz/hourly-ipv4,ziyadnz|hourly,2026-08-17T18:48:05Z,2026-08-17T18:48:05Z,
188.166.221.47,ipv4,malicious-ip,medium,WHITE,ziyadnz/hourly-ipv4,ziyadnz|hourly,2026-08-17T18:48:05Z,2026-08-17T18:48:05Z,
188.166.223.22,ipv4,malicious-ip,medium,WHITE,ziyadnz/hourly-ipv4,ziyadnz|hourly,2026-08-17T18:48:05Z,2026-08-17T18:48:05Z,
188.166.231.184,ipv4,malicious-ip,medium,WHITE,ziyadnz/hourly-ipv4,ziyadnz|hourly,2026-08-17T18:48:05Z,2026-08-17T18:48:05Z,
188.166.235.250,ipv4,malicious-ip,medium,WHITE,ziyadnz/hourly-ipv4,ziyadnz|hourly,2026-08-17T18:48:05Z,2026-08-17T18:48:05Z,
188.166.236.38,ipv4,malicious-ip,medium,WHITE,ziyadnz/hourly-ipv4,ziyadnz|hourly,2026-08-17T18:48:05Z,2026-08-17T18:48:05Z,
188.166.243.1,ipv4,malicious-ip,medium,WHITE,ziyadnz/hourly-ipv4,ziyadnz|hourly,2026-08-17T18:48:05Z,2026-08-17T18:48:05Z,
188.166.246.17,ipv4,malicious-ip,medium,WHITE,ziyadnz/hourly-ipv4,ziyadnz|hourly,2026-08-17T18:48:05Z,2026-08-17T18:48:05Z,
188.166.246.68,ipv4,malicious-ip,medium,WHITE,ziyadnz/hourly-ipv4,ziyadnz|hourly,2026-08-17T18:48:05Z,2026-08-17T18:48:05Z,
188.166.248.15,ipv4,malicious-ip,medium,WHITE,ziyadnz/hourly-ipv4,ziyadnz|hourly,2026-08-17T18:48:05Z,2026-08-17T18:48:05Z,
188.166.248.216,ipv4,malicious-ip,medium,WHITE,ziyadnz/hourly-ipv4,ziyadnz|hourly,2026-08-17T18:48:05Z,2026-08-17T18:48:05Z,
188.166.34.14,ipv4,malicious-ip,medium,WHITE,ziyadnz/hourly-ipv4,ziyadnz|hourly,2026-08-17T18:48:05Z,2026-08-17T18:48:05Z,
188.166.40.35,ipv4,malicious-ip,medium,WHITE,ziyadnz/hourly-ipv4,ziyadnz|hourly,2026-08-17T18:48:05Z,2026-08-17T18:48:05Z,
188.166.44.21,ipv4,malicious-ip,medium,WHITE,ziyadnz/hourly-ipv4,ziyadnz|hourly,2026-08-17T18:48:05Z,2026-08-17T18:48:05Z,
188.166.46.170,ipv4,malicious-ip,medium,WHITE,ziyadnz/hourly-ipv4,ziyadnz|hourly,2026-08-17T18:48:05Z,2026-08-17T18:48:05Z,
188.166.54.221,ipv4,malicious-ip,medium,WHITE,ziyadnz/hourly-ipv4,ziyadnz|hourly,2026-08-17T18:48:05Z,2026-08-17T18:48:05Z,
188.166.68.21,ipv4,malicious-ip,medium,WHITE,ziyadnz/hourly-ipv4,ziyadnz|hourly,2026-08-17T18:48:05Z,2026-08-17T18:48:05Z,
188.166.68.252,ipv4,malicious-ip,medium,WHITE,ziyadnz/hourly-ipv4,ziyadnz|hourly,2026-08-17T18:48:05Z,2026-08-17T18:48:05Z,
188.166.69.53,ipv4,malicious-ip,medium,WHITE,ziyadnz/hourly-ipv4,ziyadnz|hourly,2026-08-17T18:48:05Z,2026-08-17T18:48:05Z,
188.166.71.161,ipv4,malicious-ip,medium,WHITE,ziyadnz/hourly-ipv4,ziyadnz|hourly,2026-08-17T18:48:05Z,2026-08-17T18:48:05Z,
188.166.78.116,ipv4,malicious-ip,medium,WHITE,ziyadnz/hourly-ipv4,ziyadnz|hourly,2026-08-17T18:48:05Z,2026-08-17T18:48:05Z,
188.166.87.88,ipv4,malicious-ip,medium,WHITE,ziyadnz/hourly-ipv4,ziyadnz|hourly,2026-08-17T18:48:05Z,2026-08-17T18:48:05Z,
188.166.89.17,ipv4,malicious-ip,medium,WHITE,ziyadnz/hourly-ipv4,ziyadnz|hourly,2026-08-17T18:48:05Z,2026-08-17T18:48:05Z,
188.166.92.175,ipv4,malicious-ip,medium,WHITE,ziyadnz/hourly-ipv4,ziyadnz|hourly,2026-08-17T18:48:05Z,2026-08-17T18:48:05Z,
188.166.92.55,ipv4,malicious-ip,medium,WHITE,ziyadnz/hourly-ipv4,ziyadnz|hourly,2026-08-17T18:48:05Z,2026-08-17T18:48:05Z,
188.166.93.103,ipv4,malicious-ip,medium,WHITE,ziyadnz/hourly-ipv4,ziyadnz|hourly,2026-08-17T18:48:05Z,2026-08-17T18:48:05Z,
188.168.86.6,ipv4,malicious-ip,medium,WHITE,ziyadnz/hourly-ipv4,ziyadnz|hourly,2026-08-17T18:48:05Z,2026-08-17T18:48:05Z,
188.169.120.127,ipv4,malicious-ip,medium,WHITE,ziyadnz/hourly-ipv4,ziyadnz|hourly,2026-08-17T18:48:05Z,2026-08-17T18:48:05Z,
188.169.168.198,ipv4,malicious-ip,medium,WHITE,ziyadnz/hourly-ipv4,ziyadnz|hourly,2026-08-17T18:48:05Z,2026-08-17T18:48:05Z,
188.169.237.198,ipv4,malicious-ip,medium,WHITE,ziyadnz/hourly-ipv4,ziyadnz|hourly,2026-08-17T18:48:05Z,2026-08-17T18:48:05Z,
188.17.148.221,ipv4,malicious-ip,medium,WHITE,ziyadnz/hourly-ipv4,ziyadnz|hourly,2026-08-17T18:48:05Z,2026-08-17T18:48:05Z,
188.170.217.48,ipv4,malicious-ip,medium,WHITE,ziyadnz/hourly-ipv4,ziyadnz|hourly,2026-08-17T18:48:05Z,2026-08-17T18:48:05Z,
188.170.250.78,ipv4,malicious-ip,medium,WHITE,ziyadnz/hourly-ipv4,ziyadnz|hourly,2026-08-17T18:48:05Z,2026-08-17T18:48:05Z,
188.170.53.175,ipv4,malicious-ip,medium,WHITE,ziyadnz/hourly-ipv4,ziyadnz|hourly,2026-08-17T18:48:05Z,2026-08-17T18:48:05Z,
188.190.10.211,ipv4,malicious-ip,medium,WHITE,ziyadnz/hourly-ipv4,ziyadnz|hourly,2026-08-17T18:48:05Z,2026-08-17T18:48:05Z,
188.190.160.185,ipv4,malicious-ip,medium,WHITE,ziyadnz/hourly-ipv4,ziyadnz|hourly,2026-08-17T18:48:05Z,2026-08-17T18:48:05Z,
188.191.149.76,ipv4,malicious-ip,medium,WHITE,ziyadnz/hourly-ipv4,ziyadnz|hourly,2026-08-17T18:48:05Z,2026-08-17T18:48:05Z,
188.191.23.185,ipv4,malicious-ip,medium,WHITE,ziyadnz/hourly-ipv4,ziyadnz|hourly,2026-08-17T18:48:05Z,2026-08-17T18:48:05Z,
188.191.23.36,ipv4,malicious-ip,medium,WHITE,ziyadnz/hourly-ipv4,ziyadnz|hourly,2026-08-17T18:48:05Z,2026-08-17T18:48:05Z,
188.191.234.255,ipv4,malicious-ip,medium,WHITE,ziyadnz/hourly-ipv4,ziyadnz|hourly,2026-08-17T18:48:05Z,2026-08-17T18:48:05Z,
188.191.235.228,ipv4,malicious-ip,medium,WHITE,ziyadnz/hourly-ipv4,ziyadnz|hourly,2026-08-17T18:48:05Z,2026-08-17T18:48:05Z,
188.191.24.172,ipv4,malicious-ip,medium,WHITE,ziyadnz/hourly-ipv4,ziyadnz|hourly,2026-08-17T18:48:05Z,2026-08-17T18:48:05Z,
188.191.67.59,ipv4,malicious-ip,medium,WHITE,ziyadnz/hourly-ipv4,ziyadnz|hourly,2026-08-17T18:48:05Z,2026-08-17T18:48:05Z,
188.191.68.215,ipv4,malicious-ip,medium,WHITE,ziyadnz/hourly-ipv4,ziyadnz|hourly,2026-08-17T18:48:05Z,2026-08-17T18:48:05Z,
188.191.69.40,ipv4,malicious-ip,medium,WHITE,ziyadnz/hourly-ipv4,ziyadnz|hourly,2026-08-17T18:48:05Z,2026-08-17T18:48:05Z,
188.191.96.251,ipv4,malicious-ip,medium,WHITE,ziyadnz/hourly-ipv4,ziyadnz|hourly,2026-08-17T18:48:05Z,2026-08-17T18:48:05Z,
188.2.121.200,ipv4,malicious-ip,medium,WHITE,ziyadnz/hourly-ipv4,ziyadnz|hourly,2026-08-17T18:48:05Z,2026-08-17T18:48:05Z,
188.208.141.204,ipv4,malicious-ip,medium,WHITE,ziyadnz/hourly-ipv4,ziyadnz|hourly,2026-08-17T18:48:05Z,2026-08-17T18:48:05Z,
188.211.233.227,ipv4,malicious-ip,medium,WHITE,ziyadnz/hourly-ipv4,ziyadnz|hourly,2026-08-17T18:48:05Z,2026-08-17T18:48:05Z,
188.211.51.86,ipv4,malicious-ip,medium,WHITE,ziyadnz/hourly-ipv4,ziyadnz|hourly,2026-08-17T18:48:05Z,2026-08-17T18:48:05Z,
188.212.44.135,ipv4,malicious-ip,medium,WHITE,ziyadnz/hourly-ipv4,ziyadnz|hourly,2026-08-17T18:48:05Z,2026-08-17T18:48:05Z,
188.213.199.188,ipv4,malicious-ip,medium,WHITE,ziyadnz/hourly-ipv4,ziyadnz|hourly,2026-08-17T18:48:05Z,2026-08-17T18:48:05Z,
188.214.125.44,ipv4,malicious-ip,medium,WHITE,ziyadnz/hourly-ipv4,ziyadnz|hourly,2026-08-17T18:48:05Z,2026-08-17T18:48:05Z,
188.214.129.3,ipv4,malicious-ip,medium,WHITE,ziyadnz/hourly-ipv4,ziyadnz|hourly,2026-08-17T18:48:05Z,2026-08-17T18:48:05Z,
188.214.130.21,ipv4,malicious-ip,medium,WHITE,ziyadnz/hourly-ipv4,ziyadnz|hourly,2026-08-17T18:48:05Z,2026-08-17T18:48:05Z,
188.214.134.134,ipv4,malicious-ip,medium,WHITE,ziyadnz/hourly-ipv4,ziyadnz|hourly,2026-08-17T18:48:05Z,2026-08-17T18:48:05Z,
188.214.214.80,ipv4,malicious-ip,medium,WHITE,ziyadnz/hourly-ipv4,ziyadnz|hourly,2026-08-17T18:48:05Z,2026-08-17T18:48:05Z,
188.214.27.50,ipv4,malicious-ip,medium,WHITE,ziyadnz/hourly-ipv4,ziyadnz|hourly,2026-08-17T18:48:05Z,2026-08-17T18:48:05Z,
188.214.34.20,ipv4,malicious-ip,medium,WHITE,ziyadnz/hourly-ipv4,ziyadnz|hourly,2026-08-17T18:48:05Z,2026-08-17T18:48:05Z,
188.215.235.35,ipv4,malicious-ip,medium,WHITE,ziyadnz/hourly-ipv4,ziyadnz|hourly,2026-08-17T18:48:05Z,2026-08-17T18:48:05Z,
188.215.31.4,ipv4,malicious-ip,medium,WHITE,ziyadnz/hourly-ipv4,ziyadnz|hourly,2026-08-17T18:48:05Z,2026-08-17T18:48:05Z,
188.225.233.229,ipv4,malicious-ip,medium,WHITE,ziyadnz/hourly-ipv4,ziyadnz|hourly,2026-08-17T18:48:05Z,2026-08-17T18:48:05Z,
188.225.235.82,ipv4,malicious-ip,medium,WHITE,ziyadnz/hourly-ipv4,ziyadnz|hourly,2026-08-17T18:48:05Z,2026-08-17T18:48:05Z,
188.225.236.230,ipv4,malicious-ip,medium,WHITE,ziyadnz/hourly-ipv4,ziyadnz|hourly,2026-08-17T18:48:05Z,2026-08-17T18:48:05Z,
188.225.39.252,ipv4,malicious-ip,medium,WHITE,ziyadnz/hourly-ipv4,ziyadnz|hourly,2026-08-17T18:48:05Z,2026-08-17T18:48:05Z,
188.225.51.248,ipv4,malicious-ip,medium,WHITE,ziyadnz/hourly-ipv4,ziyadnz|hourly,2026-08-17T18:48:05Z,2026-08-17T18:48:05Z,
188.225.72.157,ipv4,malicious-ip,medium,WHITE,ziyadnz/hourly-ipv4,ziyadnz|hourly,2026-08-17T18:48:05Z,2026-08-17T18:48:05Z,
188.225.76.187,ipv4,malicious-ip,medium,WHITE,ziyadnz/hourly-ipv4,ziyadnz|hourly,2026-08-17T18:48:05Z,2026-08-17T18:48:05Z,
188.225.82.125,ipv4,malicious-ip,medium,WHITE,ziyadnz/hourly-ipv4,ziyadnz|hourly,2026-08-17T18:48:05Z,2026-08-17T18:48:05Z,
188.226.148.205,ipv4,malicious-ip,medium,WHITE,ziyadnz/hourly-ipv4,ziyadnz|hourly,2026-08-17T18:48:05Z,2026-08-17T18:48:05Z,
188.227.106.124,ipv4,malicious-ip,medium,WHITE,ziyadnz/hourly-ipv4,ziyadnz|hourly,2026-08-17T18:48:05Z,2026-08-17T18:48:05Z,
188.227.58.243,ipv4,malicious-ip,medium,WHITE,ziyadnz/hourly-ipv4,ziyadnz|hourly,2026-08-17T18:48:05Z,2026-08-17T18:48:05Z,
188.232.110.94,ipv4,malicious-ip,medium,WHITE,ziyadnz/hourly-ipv4,ziyadnz|hourly,2026-08-17T18:48:05Z,2026-08-17T18:48:05Z,
188.232.148.95,ipv4,malicious-ip,medium,WHITE,ziyadnz/hourly-ipv4,ziyadnz|hourly,2026-08-17T18:48:05Z,2026-08-17T18:48:05Z,
188.232.181.201,ipv4,malicious-ip,medium,WHITE,ziyadnz/hourly-ipv4,ziyadnz|hourly,2026-08-17T18:48:05Z,2026-08-17T18:48:05Z,
188.232.206.51,ipv4,malicious-ip,medium,WHITE,ziyadnz/hourly-ipv4,ziyadnz|hourly,2026-08-17T18:48:05Z,2026-08-17T18:48:05Z,
188.233.80.29,ipv4,malicious-ip,medium,WHITE,ziyadnz/hourly-ipv4,ziyadnz|hourly,2026-08-17T18:48:05Z,2026-08-17T18:48:05Z,
188.234.165.67,ipv4,malicious-ip,medium,WHITE,ziyadnz/hourly-ipv4,ziyadnz|hourly,2026-08-17T18:48:05Z,2026-08-17T18:48:05Z,
188.234.239.243,ipv4,malicious-ip,medium,WHITE,ziyadnz/hourly-ipv4,ziyadnz|hourly,2026-08-17T18:48:05Z,2026-08-17T18:48:05Z,
188.234.245.183,ipv4,malicious-ip,medium,WHITE,ziyadnz/hourly-ipv4,ziyadnz|hourly,2026-08-17T18:48:05Z,2026-08-17T18:48:05Z,
188.234.88.215,ipv4,malicious-ip,medium,WHITE,ziyadnz/hourly-ipv4,ziyadnz|hourly,2026-08-17T18:48:05Z,2026-08-17T18:48:05Z,
188.235.129.36,ipv4,malicious-ip,medium,WHITE,ziyadnz/hourly-ipv4,ziyadnz|hourly,2026-08-17T18:48:05Z,2026-08-17T18:48:05Z,
188.235.145.22,ipv4,malicious-ip,medium,WHITE,ziyadnz/hourly-ipv4,ziyadnz|hourly,2026-08-17T18:48:05Z,2026-08-17T18:48:05Z,
188.235.2.141,ipv4,malicious-ip,medium,WHITE,ziyadnz/hourly-ipv4,ziyadnz|hourly,2026-08-17T18:48:05Z,2026-08-17T18:48:05Z,
188.237.134.11,ipv4,malicious-ip,medium,WHITE,ziyadnz/hourly-ipv4,ziyadnz|hourly,2026-08-17T18:48:05Z,2026-08-17T18:48:05Z,
188.239.109.76,ipv4,malicious-ip,medium,WHITE,ziyadnz/hourly-ipv4,ziyadnz|hourly,2026-08-17T18:48:05Z,2026-08-17T18:48:05Z,
188.239.19.243,ipv4,malicious-ip,medium,WHITE,ziyadnz/hourly-ipv4,ziyadnz|hourly,2026-08-17T18:48:05Z,2026-08-17T18:48:05Z,
188.239.191.167,ipv4,malicious-ip,medium,WHITE,ziyadnz/hourly-ipv4,ziyadnz|hourly,2026-08-17T18:48:05Z,2026-08-17T18:48:05Z,
188.239.191.25,ipv4,malicious-ip,medium,WHITE,ziyadnz/hourly-ipv4,ziyadnz|hourly,2026-08-17T18:48:05Z,2026-08-17T18:48:05Z,
188.239.21.69,ipv4,malicious-ip,medium,WHITE,ziyadnz/hourly-ipv4,ziyadnz|hourly,2026-08-17T18:48:05Z,2026-08-17T18:48:05Z,
188.239.23.145,ipv4,malicious-ip,medium,WHITE,ziyadnz/hourly-ipv4,ziyadnz|hourly,2026-08-17T18:48:05Z,2026-08-17T18:48:05Z,
188.240.192.154,ipv4,malicious-ip,medium,WHITE,ziyadnz/hourly-ipv4,ziyadnz|hourly,2026-08-17T18:48:05Z,2026-08-17T18:48:05Z,
188.240.59.10,ipv4,malicious-ip,medium,WHITE,ziyadnz/hourly-ipv4,ziyadnz|hourly,2026-08-17T18:48:05Z,2026-08-17T18:48:05Z,
188.240.59.11,ipv4,malicious-ip,medium,WHITE,ziyadnz/hourly-ipv4,ziyadnz|hourly,2026-08-17T18:48:05Z,2026-08-17T18:48:05Z,
188.240.59.12,ipv4,malicious-ip,medium,WHITE,ziyadnz/hourly-ipv4,ziyadnz|hourly,2026-08-17T18:48:05Z,2026-08-17T18:48:05Z,
188.240.59.13,ipv4,malicious-ip,medium,WHITE,ziyadnz/hourly-ipv4,ziyadnz|hourly,2026-08-17T18:48:05Z,2026-08-17T18:48:05Z,
188.240.59.14,ipv4,malicious-ip,medium,WHITE,ziyadnz/hourly-ipv4,ziyadnz|hourly,2026-08-17T18:48:05Z,2026-08-17T18:48:05Z,
188.240.59.15,ipv4,malicious-ip,medium,WHITE,ziyadnz/hourly-ipv4,ziyadnz|hourly,2026-08-17T18:48:05Z,2026-08-17T18:48:05Z,
188.240.59.16,ipv4,malicious-ip,medium,WHITE,ziyadnz/hourly-ipv4,ziyadnz|hourly,2026-08-17T18:48:05Z,2026-08-17T18:48:05Z,
188.240.59.17,ipv4,malicious-ip,medium,WHITE,ziyadnz/hourly-ipv4,ziyadnz|hourly,2026-08-17T18:48:05Z,2026-08-17T18:48:05Z,
188.240.59.18,ipv4,malicious-ip,medium,WHITE,ziyadnz/hourly-ipv4,ziyadnz|hourly,2026-08-17T18:48:05Z,2026-08-17T18:48:05Z,
188.240.59.19,ipv4,malicious-ip,medium,WHITE,ziyadnz/hourly-ipv4,ziyadnz|hourly,2026-08-17T18:48:05Z,2026-08-17T18:48:05Z,
188.240.59.2,ipv4,malicious-ip,medium,WHITE,ziyadnz/hourly-ipv4,ziyadnz|hourly,2026-08-17T18:48:05Z,2026-08-17T18:48:05Z,
188.240.59.20,ipv4,malicious-ip,medium,WHITE,ziyadnz/hourly-ipv4,ziyadnz|hourly,2026-08-17T18:48:05Z,2026-08-17T18:48:05Z,
188.240.59.21,ipv4,malicious-ip,medium,WHITE,ziyadnz/hourly-ipv4,ziyadnz|hourly,2026-08-17T18:48:05Z,2026-08-17T18:48:05Z,
188.240.59.22,ipv4,malicious-ip,medium,WHITE,ziyadnz/hourly-ipv4,ziyadnz|hourly,2026-08-17T18:48:05Z,2026-08-17T18:48:05Z,
188.240.59.23,ipv4,malicious-ip,medium,WHITE,ziyadnz/hourly-ipv4,ziyadnz|hourly,2026-08-17T18:48:05Z,2026-08-17T18:48:05Z,
188.240.59.24,ipv4,malicious-ip,medium,WHITE,ziyadnz/hourly-ipv4,ziyadnz|hourly,2026-08-17T18:48:05Z,2026-08-17T18:48:05Z,
188.240.59.25,ipv4,malicious-ip,medium,WHITE,ziyadnz/hourly-ipv4,ziyadnz|hourly,2026-08-17T18:48:05Z,2026-08-17T18:48:05Z,
188.240.59.26,ipv4,malicious-ip,medium,WHITE,ziyadnz/hourly-ipv4,ziyadnz|hourly,2026-08-17T18:48:05Z,2026-08-17T18:48:05Z,
188.240.59.27,ipv4,malicious-ip,medium,WHITE,ziyadnz/hourly-ipv4,ziyadnz|hourly,2026-08-17T18:48:05Z,2026-08-17T18:48:05Z,
188.240.59.28,ipv4,malicious-ip,medium,WHITE,ziyadnz/hourly-ipv4,ziyadnz|hourly,2026-08-17T18:48:05Z,2026-08-17T18:48:05Z,
188.240.59.29,ipv4,malicious-ip,medium,WHITE,ziyadnz/hourly-ipv4,ziyadnz|hourly,2026-08-17T18:48:05Z,2026-08-17T18:48:05Z,
188.240.59.3,ipv4,malicious-ip,medium,WHITE,ziyadnz/hourly-ipv4,ziyadnz|hourly,2026-08-17T18:48:05Z,2026-08-17T18:48:05Z,
188.240.59.30,ipv4,malicious-ip,medium,WHITE,ziyadnz/hourly-ipv4,ziyadnz|hourly,2026-08-17T18:48:05Z,2026-08-17T18:48:05Z,
188.240.59.31,ipv4,malicious-ip,medium,WHITE,ziyadnz/hourly-ipv4,ziyadnz|hourly,2026-08-17T18:48:05Z,2026-08-17T18:48:05Z,
188.240.59.33,ipv4,malicious-ip,medium,WHITE,ziyadnz/hourly-ipv4,ziyadnz|hourly,2026-08-17T18:48:05Z,2026-08-17T18:48:05Z,
188.240.59.34,ipv4,malicious-ip,medium,WHITE,ziyadnz/hourly-ipv4,ziyadnz|hourly,2026-08-17T18:48:05Z,2026-08-17T18:48:05Z,
188.240.59.35,ipv4,malicious-ip,medium,WHITE,ziyadnz/hourly-ipv4,ziyadnz|hourly,2026-08-17T18:48:05Z,2026-08-17T18:48:05Z,
188.240.59.36,ipv4,malicious-ip,medium,WHITE,ziyadnz/hourly-ipv4,ziyadnz|hourly,2026-08-17T18:48:05Z,2026-08-17T18:48:05Z,
188.240.59.37,ipv4,malicious-ip,medium,WHITE,ziyadnz/hourly-ipv4,ziyadnz|hourly,2026-08-17T18:48:05Z,2026-08-17T18:48:05Z,
188.240.59.38,ipv4,malicious-ip,medium,WHITE,ziyadnz/hourly-ipv4,ziyadnz|hourly,2026-08-17T18:48:05Z,2026-08-17T18:48:05Z,
188.240.59.39,ipv4,malicious-ip,medium,WHITE,ziyadnz/hourly-ipv4,ziyadnz|hourly,2026-08-17T18:48:05Z,2026-08-17T18:48:05Z,
188.240.59.4,ipv4,malicious-ip,medium,WHITE,ziyadnz/hourly-ipv4,ziyadnz|hourly,2026-08-17T18:48:05Z,2026-08-17T18:48:05Z,
188.240.59.40,ipv4,malicious-ip,medium,WHITE,ziyadnz/hourly-ipv4,ziyadnz|hourly,2026-08-17T18:48:05Z,2026-08-17T18:48:05Z,
188.240.59.41,ipv4,malicious-ip,medium,WHITE,ziyadnz/hourly-ipv4,ziyadnz|hourly,2026-08-17T18:48:05Z,2026-08-17T18:48:05Z,
188.240.59.42,ipv4,malicious-ip,medium,WHITE,ziyadnz/hourly-ipv4,ziyadnz|hourly,2026-08-17T18:48:05Z,2026-08-17T18:48:05Z,
188.240.59.44,ipv4,malicious-ip,medium,WHITE,ziyadnz/hourly-ipv4,ziyadnz|hourly,2026-08-17T18:48:05Z,2026-08-17T18:48:05Z,
188.240.59.45,ipv4,malicious-ip,medium,WHITE,ziyadnz/hourly-ipv4,ziyadnz|hourly,2026-08-17T18:48:05Z,2026-08-17T18:48:05Z,
188.240.59.46,ipv4,malicious-ip,medium,WHITE,ziyadnz/hourly-ipv4,ziyadnz|hourly,2026-08-17T18:48:05Z,2026-08-17T18:48:05Z,
188.240.59.47,ipv4,malicious-ip,medium,WHITE,ziyadnz/hourly-ipv4,ziyadnz|hourly,2026-08-17T18:48:05Z,2026-08-17T18:48:05Z,
188.240.59.48,ipv4,malicious-ip,medium,WHITE,ziyadnz/hourly-ipv4,ziyadnz|hourly,2026-08-17T18:48:05Z,2026-08-17T18:48:05Z,
188.240.59.49,ipv4,malicious-ip,medium,WHITE,ziyadnz/hourly-ipv4,ziyadnz|hourly,2026-08-17T18:48:05Z,2026-08-17T18:48:05Z,
188.240.59.5,ipv4,malicious-ip,medium,WHITE,ziyadnz/hourly-ipv4,ziyadnz|hourly,2026-08-17T18:48:05Z,2026-08-17T18:48:05Z,
188.240.59.51,ipv4,malicious-ip,medium,WHITE,ziyadnz/hourly-ipv4,ziyadnz|hourly,2026-08-17T18:48:05Z,2026-08-17T18:48:05Z,
188.240.59.53,ipv4,malicious-ip,medium,WHITE,ziyadnz/hourly-ipv4,ziyadnz|hourly,2026-08-17T18:48:05Z,2026-08-17T18:48:05Z,
188.240.59.54,ipv4,malicious-ip,medium,WHITE,ziyadnz/hourly-ipv4,ziyadnz|hourly,2026-08-17T18:48:05Z,2026-08-17T18:48:05Z,
188.240.59.55,ipv4,malicious-ip,medium,WHITE,ziyadnz/hourly-ipv4,ziyadnz|hourly,2026-08-17T18:48:05Z,2026-08-17T18:48:05Z,
188.240.59.56,ipv4,malicious-ip,medium,WHITE,ziyadnz/hourly-ipv4,ziyadnz|hourly,2026-08-17T18:48:05Z,2026-08-17T18:48:05Z,
188.240.59.57,ipv4,malicious-ip,medium,WHITE,ziyadnz/hourly-ipv4,ziyadnz|hourly,2026-08-17T18:48:05Z,2026-08-17T18:48:05Z,
188.240.59.58,ipv4,malicious-ip,medium,WHITE,ziyadnz/hourly-ipv4,ziyadnz|hourly,2026-08-17T18:48:05Z,2026-08-17T18:48:05Z,
188.240.59.6,ipv4,malicious-ip,medium,WHITE,ziyadnz/hourly-ipv4,ziyadnz|hourly,2026-08-17T18:48:05Z,2026-08-17T18:48:05Z,
188.240.59.60,ipv4,malicious-ip,medium,WHITE,ziyadnz/hourly-ipv4,ziyadnz|hourly,2026-08-17T18:48:05Z,2026-08-17T18:48:05Z,
188.240.59.61,ipv4,malicious-ip,medium,WHITE,ziyadnz/hourly-ipv4,ziyadnz|hourly,2026-08-17T18:48:05Z,2026-08-17T18:48:05Z,
188.240.59.62,ipv4,malicious-ip,medium,WHITE,ziyadnz/hourly-ipv4,ziyadnz|hourly,2026-08-17T18:48:05Z,2026-08-17T18:48:05Z,
188.240.59.7,ipv4,malicious-ip,medium,WHITE,ziyadnz/hourly-ipv4,ziyadnz|hourly,2026-08-17T18:48:05Z,2026-08-17T18:48:05Z,
188.240.59.8,ipv4,malicious-ip,medium,WHITE,ziyadnz/hourly-ipv4,ziyadnz|hourly,2026-08-17T18:48:05Z,2026-08-17T18:48:05Z,
188.240.59.9,ipv4,malicious-ip,medium,WHITE,ziyadnz/hourly-ipv4,ziyadnz|hourly,2026-08-17T18:48:05Z,2026-08-17T18:48:05Z,
188.241.120.4,ipv4,malicious-ip,medium,WHITE,ziyadnz/hourly-ipv4,ziyadnz|hourly,2026-08-17T18:48:05Z,2026-08-17T18:48:05Z,
188.241.177.122,ipv4,malicious-ip,medium,WHITE,ziyadnz/hourly-ipv4,ziyadnz|hourly,2026-08-17T18:48:05Z,2026-08-17T18:48:05Z,
188.241.178.195,ipv4,malicious-ip,medium,WHITE,ziyadnz/hourly-ipv4,ziyadnz|hourly,2026-08-17T18:48:05Z,2026-08-17T18:48:05Z,
188.241.183.203,ipv4,malicious-ip,medium,WHITE,ziyadnz/hourly-ipv4,ziyadnz|hourly,2026-08-17T18:48:05Z,2026-08-17T18:48:05Z,
188.241.219.116,ipv4,malicious-ip,medium,WHITE,ziyadnz/hourly-ipv4,ziyadnz|hourly,2026-08-17T18:48:05Z,2026-08-17T18:48:05Z,
188.241.240.75,ipv4,malicious-ip,medium,WHITE,ziyadnz/hourly-ipv4,ziyadnz|hourly,2026-08-17T18:48:05Z,2026-08-17T18:48:05Z,
188.241.58.0,ipv4,malicious-ip,medium,WHITE,ziyadnz/hourly-ipv4,ziyadnz|hourly,2026-08-17T18:48:05Z,2026-08-17T18:48:05Z,
188.241.58.140,ipv4,malicious-ip,medium,WHITE,ziyadnz/hourly-ipv4,ziyadnz|hourly,2026-08-17T18:48:05Z,2026-08-17T18:48:05Z,
188.241.58.244,ipv4,malicious-ip,medium,WHITE,ziyadnz/hourly-ipv4,ziyadnz|hourly,2026-08-17T18:48:05Z,2026-08-17T18:48:05Z,
188.243.234.196,ipv4,malicious-ip,medium,WHITE,ziyadnz/hourly-ipv4,ziyadnz|hourly,2026-08-17T18:48:05Z,2026-08-17T18:48:05Z,
188.243.24.204,ipv4,malicious-ip,medium,WHITE,ziyadnz/hourly-ipv4,ziyadnz|hourly,2026-08-17T18:48:05Z,2026-08-17T18:48:05Z,
188.244.23.36,ipv4,malicious-ip,medium,WHITE,ziyadnz/hourly-ipv4,ziyadnz|hourly,2026-08-17T18:48:05Z,2026-08-17T18:48:05Z,
188.245.172.7,ipv4,malicious-ip,medium,WHITE,ziyadnz/hourly-ipv4,ziyadnz|hourly,2026-08-17T18:48:05Z,2026-08-17T18:48:05Z,
188.245.248.8,ipv4,malicious-ip,medium,WHITE,ziyadnz/hourly-ipv4,ziyadnz|hourly,2026-08-17T18:48:05Z,2026-08-17T18:48:05Z,
188.245.41.78,ipv4,malicious-ip,medium,WHITE,ziyadnz/hourly-ipv4,ziyadnz|hourly,2026-08-17T18:48:05Z,2026-08-17T18:48:05Z,
188.245.84.238,ipv4,malicious-ip,medium,WHITE,ziyadnz/hourly-ipv4,ziyadnz|hourly,2026-08-17T18:48:05Z,2026-08-17T18:48:05Z,
188.245.94.250,ipv4,malicious-ip,medium,WHITE,ziyadnz/hourly-ipv4,ziyadnz|hourly,2026-08-17T18:48:05Z,2026-08-17T18:48:05Z,
188.246.73.0,ipv4,malicious-ip,medium,WHITE,ziyadnz/hourly-ipv4,ziyadnz|hourly,2026-08-17T18:48:05Z,2026-08-17T18:48:05Z,
188.246.73.100,ipv4,malicious-ip,medium,WHITE,ziyadnz/hourly-ipv4,ziyadnz|hourly,2026-08-17T18:48:05Z,2026-08-17T18:48:05Z,
188.246.73.119,ipv4,malicious-ip,medium,WHITE,ziyadnz/hourly-ipv4,ziyadnz|hourly,2026-08-17T18:48:05Z,2026-08-17T18:48:05Z,
188.246.73.120,ipv4,malicious-ip,medium,WHITE,ziyadnz/hourly-ipv4,ziyadnz|hourly,2026-08-17T18:48:05Z,2026-08-17T18:48:05Z,
188.246.73.222,ipv4,malicious-ip,medium,WHITE,ziyadnz/hourly-ipv4,ziyadnz|hourly,2026-08-17T18:48:05Z,2026-08-17T18:48:05Z,
188.246.73.241,ipv4,malicious-ip,medium,WHITE,ziyadnz/hourly-ipv4,ziyadnz|hourly,2026-08-17T18:48:05Z,2026-08-17T18:48:05Z,
188.246.73.51,ipv4,malicious-ip,medium,WHITE,ziyadnz/hourly-ipv4,ziyadnz|hourly,2026-08-17T18:48:05Z,2026-08-17T18:48:05Z,
188.246.73.72,ipv4,malicious-ip,medium,WHITE,ziyadnz/hourly-ipv4,ziyadnz|hourly,2026-08-17T18:48:05Z,2026-08-17T18:48:05Z,
188.246.73.80,ipv4,malicious-ip,medium,WHITE,ziyadnz/hourly-ipv4,ziyadnz|hourly,2026-08-17T18:48:05Z,2026-08-17T18:48:05Z,
188.247.27.124,ipv4,malicious-ip,medium,WHITE,ziyadnz/hourly-ipv4,ziyadnz|hourly,2026-08-17T18:48:05Z,2026-08-17T18:48:05Z,
188.247.43.42,ipv4,malicious-ip,medium,WHITE,ziyadnz/hourly-ipv4,ziyadnz|hourly,2026-08-17T18:48:05Z,2026-08-17T18:48:05Z,
188.247.83.225,ipv4,malicious-ip,medium,WHITE,ziyadnz/hourly-ipv4,ziyadnz|hourly,2026-08-17T18:48:05Z,2026-08-17T18:48:05Z,
188.247.85.137,ipv4,malicious-ip,medium,WHITE,ziyadnz/hourly-ipv4,ziyadnz|hourly,2026-08-17T18:48:05Z,2026-08-17T18:48:05Z,
188.247.94.89,ipv4,malicious-ip,medium,WHITE,ziyadnz/hourly-ipv4,ziyadnz|hourly,2026-08-17T18:48:05Z,2026-08-17T18:48:05Z,
188.25.227.30,ipv4,malicious-ip,medium,WHITE,ziyadnz/hourly-ipv4,ziyadnz|hourly,2026-08-17T18:48:05Z,2026-08-17T18:48:05Z,
188.250.36.226,ipv4,malicious-ip,medium,WHITE,ziyadnz/hourly-ipv4,ziyadnz|hourly,2026-08-17T18:48:05Z,2026-08-17T18:48:05Z,
188.251.191.231,ipv4,malicious-ip,medium,WHITE,ziyadnz/hourly-ipv4,ziyadnz|hourly,2026-08-17T18:48:05Z,2026-08-17T18:48:05Z,
188.252.199.172,ipv4,malicious-ip,medium,WHITE,ziyadnz/hourly-ipv4,ziyadnz|hourly,2026-08-17T18:48:05Z,2026-08-17T18:48:05Z,
188.253.212.11,ipv4,malicious-ip,medium,WHITE,ziyadnz/hourly-ipv4,ziyadnz|hourly,2026-08-17T18:48:05Z,2026-08-17T18:48:05Z,
188.253.213.169,ipv4,malicious-ip,medium,WHITE,ziyadnz/hourly-ipv4,ziyadnz|hourly,2026-08-17T18:48:05Z,2026-08-17T18:48:05Z,
188.253.221.139,ipv4,malicious-ip,medium,WHITE,ziyadnz/hourly-ipv4,ziyadnz|hourly,2026-08-17T18:48:05Z,2026-08-17T18:48:05Z,
188.253.222.41,ipv4,malicious-ip,medium,WHITE,ziyadnz/hourly-ipv4,ziyadnz|hourly,2026-08-17T18:48:05Z,2026-08-17T18:48:05Z,
188.253.3.251,ipv4,malicious-ip,medium,WHITE,ziyadnz/hourly-ipv4,ziyadnz|hourly,2026-08-17T18:48:05Z,2026-08-17T18:48:05Z,
188.254.102.55,ipv4,malicious-ip,medium,WHITE,ziyadnz/hourly-ipv4,ziyadnz|hourly,2026-08-17T18:48:05Z,2026-08-17T18:48:05Z,
188.254.76.32,ipv4,malicious-ip,medium,WHITE,ziyadnz/hourly-ipv4,ziyadnz|hourly,2026-08-17T18:48:05Z,2026-08-17T18:48:05Z,
188.255.123.163,ipv4,malicious-ip,medium,WHITE,ziyadnz/hourly-ipv4,ziyadnz|hourly,2026-08-17T18:48:05Z,2026-08-17T18:48:05Z,
188.255.156.155,ipv4,malicious-ip,medium,WHITE,ziyadnz/hourly-ipv4,ziyadnz|hourly,2026-08-17T18:48:05Z,2026-08-17T18:48:05Z,
188.255.156.34,ipv4,malicious-ip,medium,WHITE,ziyadnz/hourly-ipv4,ziyadnz|hourly,2026-08-17T18:48:05Z,2026-08-17T18:48:05Z,
188.255.156.80,ipv4,malicious-ip,medium,WHITE,ziyadnz/hourly-ipv4,ziyadnz|hourly,2026-08-17T18:48:05Z,2026-08-17T18:48:05Z,
188.255.252.233,ipv4,malicious-ip,medium,WHITE,ziyadnz/hourly-ipv4,ziyadnz|hourly,2026-08-17T18:48:05Z,2026-08-17T18:48:05Z,
188.26.127.4,ipv4,malicious-ip,medium,WHITE,ziyadnz/hourly-ipv4,ziyadnz|hourly,2026-08-17T18:48:05Z,2026-08-17T18:48:05Z,
188.26.193.232,ipv4,malicious-ip,medium,WHITE,ziyadnz/hourly-ipv4,ziyadnz|hourly,2026-08-17T18:48:05Z,2026-08-17T18:48:05Z,
188.26.194.175,ipv4,malicious-ip,medium,WHITE,ziyadnz/hourly-ipv4,ziyadnz|hourly,2026-08-17T18:48:05Z,2026-08-17T18:48:05Z,
188.26.194.75,ipv4,malicious-ip,medium,WHITE,ziyadnz/hourly-ipv4,ziyadnz|hourly,2026-08-17T18:48:05Z,2026-08-17T18:48:05Z,
188.26.195.230,ipv4,malicious-ip,medium,WHITE,ziyadnz/hourly-ipv4,ziyadnz|hourly,2026-08-17T18:48:05Z,2026-08-17T18:48:05Z,
188.26.197.142,ipv4,malicious-ip,medium,WHITE,ziyadnz/hourly-ipv4,ziyadnz|hourly,2026-08-17T18:48:05Z,2026-08-17T18:48:05Z,
188.26.198.122,ipv4,malicious-ip,medium,WHITE,ziyadnz/hourly-ipv4,ziyadnz|hourly,2026-08-17T18:48:05Z,2026-08-17T18:48:05Z,
188.26.198.155,ipv4,malicious-ip,medium,WHITE,ziyadnz/hourly-ipv4,ziyadnz|hourly,2026-08-17T18:48:05Z,2026-08-17T18:48:05Z,
188.3.187.209,ipv4,malicious-ip,medium,WHITE,ziyadnz/hourly-ipv4,ziyadnz|hourly,2026-08-17T18:48:05Z,2026-08-17T18:48:05Z,
188.3.187.64,ipv4,malicious-ip,medium,WHITE,ziyadnz/hourly-ipv4,ziyadnz|hourly,2026-08-17T18:48:05Z,2026-08-17T18:48:05Z,
188.3.218.191,ipv4,malicious-ip,medium,WHITE,ziyadnz/hourly-ipv4,ziyadnz|hourly,2026-08-17T18:48:05Z,2026-08-17T18:48:05Z,
188.3.67.96,ipv4,malicious-ip,medium,WHITE,ziyadnz/hourly-ipv4,ziyadnz|hourly,2026-08-17T18:48:05Z,2026-08-17T18:48:05Z,
188.30.133.176,ipv4,malicious-ip,medium,WHITE,ziyadnz/hourly-ipv4,ziyadnz|hourly,2026-08-17T18:48:05Z,2026-08-17T18:48:05Z,
188.30.133.241,ipv4,malicious-ip,medium,WHITE,ziyadnz/hourly-ipv4,ziyadnz|hourly,2026-08-17T18:48:05Z,2026-08-17T18:48:05Z,
188.31.25.125,ipv4,malicious-ip,medium,WHITE,ziyadnz/hourly-ipv4,ziyadnz|hourly,2026-08-17T18:48:05Z,2026-08-17T18:48:05Z,
188.32.210.218,ipv4,malicious-ip,medium,WHITE,ziyadnz/hourly-ipv4,ziyadnz|hourly,2026-08-17T18:48:05Z,2026-08-17T18:48:05Z,
188.32.88.189,ipv4,malicious-ip,medium,WHITE,ziyadnz/hourly-ipv4,ziyadnz|hourly,2026-08-17T18:48:05Z,2026-08-17T18:48:05Z,
188.33.164.157,ipv4,malicious-ip,medium,WHITE,ziyadnz/hourly-ipv4,ziyadnz|hourly,2026-08-17T18:48:05Z,2026-08-17T18:48:05Z,
188.34.130.40,ipv4,malicious-ip,medium,WHITE,ziyadnz/hourly-ipv4,ziyadnz|hourly,2026-08-17T18:48:05Z,2026-08-17T18:48:05Z,
188.34.187.110,ipv4,malicious-ip,medium,WHITE,ziyadnz/hourly-ipv4,ziyadnz|hourly,2026-08-17T18:48:05Z,2026-08-17T18:48:05Z,
188.34.188.7,ipv4,malicious-ip,medium,WHITE,ziyadnz/hourly-ipv4,ziyadnz|hourly,2026-08-17T18:48:05Z,2026-08-17T18:48:05Z,
188.34.192.184,ipv4,malicious-ip,medium,WHITE,ziyadnz/hourly-ipv4,ziyadnz|hourly,2026-08-17T18:48:05Z,2026-08-17T18:48:05Z,
188.34.195.44,ipv4,malicious-ip,medium,WHITE,ziyadnz/hourly-ipv4,ziyadnz|hourly,2026-08-17T18:48:05Z,2026-08-17T18:48:05Z,
188.36.120.120,ipv4,malicious-ip,medium,WHITE,ziyadnz/hourly-ipv4,ziyadnz|hourly,2026-08-17T18:48:05Z,2026-08-17T18:48:05Z,
188.36.7.196,ipv4,malicious-ip,medium,WHITE,ziyadnz/hourly-ipv4,ziyadnz|hourly,2026-08-17T18:48:05Z,2026-08-17T18:48:05Z,
188.37.131.134,ipv4,malicious-ip,medium,WHITE,ziyadnz/hourly-ipv4,ziyadnz|hourly,2026-08-17T18:48:05Z,2026-08-17T18:48:05Z,
188.39.109.162,ipv4,malicious-ip,medium,WHITE,ziyadnz/hourly-ipv4,ziyadnz|hourly,2026-08-17T18:48:05Z,2026-08-17T18:48:05Z,
188.4.46.38,ipv4,malicious-ip,medium,WHITE,ziyadnz/hourly-ipv4,ziyadnz|hourly,2026-08-17T18:48:05Z,2026-08-17T18:48:05Z,
188.40.116.251,ipv4,malicious-ip,medium,WHITE,ziyadnz/hourly-ipv4,ziyadnz|hourly,2026-08-17T18:48:05Z,2026-08-17T18:48:05Z,
188.40.180.116,ipv4,malicious-ip,medium,WHITE,ziyadnz/hourly-ipv4,ziyadnz|hourly,2026-08-17T18:48:05Z,2026-08-17T18:48:05Z,
188.40.187.155,ipv4,malicious-ip,medium,WHITE,ziyadnz/hourly-ipv4,ziyadnz|hourly,2026-08-17T18:48:05Z,2026-08-17T18:48:05Z,
188.40.20.205,ipv4,malicious-ip,medium,WHITE,ziyadnz/hourly-ipv4,ziyadnz|hourly,2026-08-17T18:48:05Z,2026-08-17T18:48:05Z,
188.40.231.243,ipv4,malicious-ip,medium,WHITE,ziyadnz/hourly-ipv4,ziyadnz|hourly,2026-08-17T18:48:05Z,2026-08-17T18:48:05Z,
188.40.26.206,ipv4,malicious-ip,medium,WHITE,ziyadnz/hourly-ipv4,ziyadnz|hourly,2026-08-17T18:48:05Z,2026-08-17T18:48:05Z,
188.43.17.1,ipv4,malicious-ip,medium,WHITE,ziyadnz/hourly-ipv4,ziyadnz|hourly,2026-08-17T18:48:05Z,2026-08-17T18:48:05Z,
188.43.214.29,ipv4,malicious-ip,medium,WHITE,ziyadnz/hourly-ipv4,ziyadnz|hourly,2026-08-17T18:48:05Z,2026-08-17T18:48:05Z,
188.43.233.177,ipv4,malicious-ip,medium,WHITE,ziyadnz/hourly-ipv4,ziyadnz|hourly,2026-08-17T18:48:05Z,2026-08-17T18:48:05Z,
188.43.245.209,ipv4,malicious-ip,medium,WHITE,ziyadnz/hourly-ipv4,ziyadnz|hourly,2026-08-17T18:48:05Z,2026-08-17T18:48:05Z,
188.43.5.49,ipv4,malicious-ip,medium,WHITE,ziyadnz/hourly-ipv4,ziyadnz|hourly,2026-08-17T18:48:05Z,2026-08-17T18:48:05Z,
188.44.20.25,ipv4,malicious-ip,medium,WHITE,ziyadnz/hourly-ipv4,ziyadnz|hourly,2026-08-17T18:48:05Z,2026-08-17T18:48:05Z,
188.44.20.34,ipv4,malicious-ip,medium,WHITE,ziyadnz/hourly-ipv4,ziyadnz|hourly,2026-08-17T18:48:05Z,2026-08-17T18:48:05Z,
188.47.119.153,ipv4,malicious-ip,medium,WHITE,ziyadnz/hourly-ipv4,ziyadnz|hourly,2026-08-17T18:48:05Z,2026-08-17T18:48:05Z,
188.48.102.167,ipv4,malicious-ip,medium,WHITE,ziyadnz/hourly-ipv4,ziyadnz|hourly,2026-08-17T18:48:05Z,2026-08-17T18:48:05Z,
188.52.188.140,ipv4,malicious-ip,medium,WHITE,ziyadnz/hourly-ipv4,ziyadnz|hourly,2026-08-17T18:48:05Z,2026-08-17T18:48:05Z,
188.52.190.94,ipv4,malicious-ip,medium,WHITE,ziyadnz/hourly-ipv4,ziyadnz|hourly,2026-08-17T18:48:05Z,2026-08-17T18:48:05Z,
188.53.220.114,ipv4,malicious-ip,medium,WHITE,ziyadnz/hourly-ipv4,ziyadnz|hourly,2026-08-17T18:48:05Z,2026-08-17T18:48:05Z,
188.54.238.209,ipv4,malicious-ip,medium,WHITE,ziyadnz/hourly-ipv4,ziyadnz|hourly,2026-08-17T18:48:05Z,2026-08-17T18:48:05Z,
188.59.21.20,ipv4,malicious-ip,medium,WHITE,ziyadnz/hourly-ipv4,ziyadnz|hourly,2026-08-17T18:48:05Z,2026-08-17T18:48:05Z,
188.64.139.147,ipv4,malicious-ip,medium,WHITE,ziyadnz/hourly-ipv4,ziyadnz|hourly,2026-08-17T18:48:05Z,2026-08-17T18:48:05Z,
188.66.127.172,ipv4,malicious-ip,medium,WHITE,ziyadnz/hourly-ipv4,ziyadnz|hourly,2026-08-17T18:48:05Z,2026-08-17T18:48:05Z,
188.66.223.147,ipv4,malicious-ip,medium,WHITE,ziyadnz/hourly-ipv4,ziyadnz|hourly,2026-08-17T18:48:05Z,2026-08-17T18:48:05Z,
188.66.251.112,ipv4,malicious-ip,medium,WHITE,ziyadnz/hourly-ipv4,ziyadnz|hourly,2026-08-17T18:48:05Z,2026-08-17T18:48:05Z,
188.68.217.84,ipv4,malicious-ip,medium,WHITE,ziyadnz/hourly-ipv4,ziyadnz|hourly,2026-08-17T18:48:05Z,2026-08-17T18:48:05Z,
188.68.36.28,ipv4,malicious-ip,medium,WHITE,ziyadnz/hourly-ipv4,ziyadnz|hourly,2026-08-17T18:48:05Z,2026-08-17T18:48:05Z,
188.68.41.191,ipv4,malicious-ip,medium,WHITE,ziyadnz/hourly-ipv4,ziyadnz|hourly,2026-08-17T18:48:05Z,2026-08-17T18:48:05Z,
188.68.43.28,ipv4,malicious-ip,medium,WHITE,ziyadnz/hourly-ipv4,ziyadnz|hourly,2026-08-17T18:48:05Z,2026-08-17T18:48:05Z,
188.68.49.235,ipv4,malicious-ip,medium,WHITE,ziyadnz/hourly-ipv4,ziyadnz|hourly,2026-08-17T18:48:05Z,2026-08-17T18:48:05Z,
188.68.52.231,ipv4,malicious-ip,medium,WHITE,ziyadnz/hourly-ipv4,ziyadnz|hourly,2026-08-17T18:48:05Z,2026-08-17T18:48:05Z,
188.68.60.230,ipv4,malicious-ip,medium,WHITE,ziyadnz/hourly-ipv4,ziyadnz|hourly,2026-08-17T18:48:05Z,2026-08-17T18:48:05Z,
188.69.225.188,ipv4,malicious-ip,medium,WHITE,ziyadnz/hourly-ipv4,ziyadnz|hourly,2026-08-17T18:48:05Z,2026-08-17T18:48:05Z,
188.70.31.4,ipv4,malicious-ip,medium,WHITE,ziyadnz/hourly-ipv4,ziyadnz|hourly,2026-08-17T18:48:05Z,2026-08-17T18:48:05Z,
188.71.221.181,ipv4,malicious-ip,medium,WHITE,ziyadnz/hourly-ipv4,ziyadnz|hourly,2026-08-17T18:48:05Z,2026-08-17T18:48:05Z,
188.71.237.132,ipv4,malicious-ip,medium,WHITE,ziyadnz/hourly-ipv4,ziyadnz|hourly,2026-08-17T18:48:05Z,2026-08-17T18:48:05Z,
188.72.236.249,ipv4,malicious-ip,medium,WHITE,ziyadnz/hourly-ipv4,ziyadnz|hourly,2026-08-17T18:48:05Z,2026-08-17T18:48:05Z,
188.75.191.104,ipv4,malicious-ip,medium,WHITE,ziyadnz/hourly-ipv4,ziyadnz|hourly,2026-08-17T18:48:05Z,2026-08-17T18:48:05Z,
188.76.254.243,ipv4,malicious-ip,medium,WHITE,ziyadnz/hourly-ipv4,ziyadnz|hourly,2026-08-17T18:48:05Z,2026-08-17T18:48:05Z,
188.81.204.135,ipv4,malicious-ip,medium,WHITE,ziyadnz/hourly-ipv4,ziyadnz|hourly,2026-08-17T18:48:05Z,2026-08-17T18:48:05Z,
188.87.146.214,ipv4,malicious-ip,medium,WHITE,ziyadnz/hourly-ipv4,ziyadnz|hourly,2026-08-17T18:48:05Z,2026-08-17T18:48:05Z,
188.92.124.244,ipv4,malicious-ip,medium,WHITE,ziyadnz/hourly-ipv4,ziyadnz|hourly,2026-08-17T18:48:05Z,2026-08-17T18:48:05Z,
188.92.199.210,ipv4,malicious-ip,medium,WHITE,ziyadnz/hourly-ipv4,ziyadnz|hourly,2026-08-17T18:48:05Z,2026-08-17T18:48:05Z,
188.92.213.147,ipv4,malicious-ip,medium,WHITE,ziyadnz/hourly-ipv4,ziyadnz|hourly,2026-08-17T18:48:05Z,2026-08-17T18:48:05Z,
188.92.213.17,ipv4,malicious-ip,medium,WHITE,ziyadnz/hourly-ipv4,ziyadnz|hourly,2026-08-17T18:48:05Z,2026-08-17T18:48:05Z,
188.92.241.148,ipv4,malicious-ip,medium,WHITE,ziyadnz/hourly-ipv4,ziyadnz|hourly,2026-08-17T18:48:05Z,2026-08-17T18:48:05Z,
188.92.241.150,ipv4,malicious-ip,medium,WHITE,ziyadnz/hourly-ipv4,ziyadnz|hourly,2026-08-17T18:48:05Z,2026-08-17T18:48:05Z,
188.92.72.129,ipv4,malicious-ip,medium,WHITE,ziyadnz/hourly-ipv4,ziyadnz|hourly,2026-08-17T18:48:05Z,2026-08-17T18:48:05Z,
188.92.77.12,ipv4,malicious-ip,medium,WHITE,ziyadnz/hourly-ipv4,ziyadnz|hourly,2026-08-17T18:48:05Z,2026-08-17T18:48:05Z,
188.92.79.110,ipv4,malicious-ip,medium,WHITE,ziyadnz/hourly-ipv4,ziyadnz|hourly,2026-08-17T18:48:05Z,2026-08-17T18:48:05Z,
188.92.79.113,ipv4,malicious-ip,medium,WHITE,ziyadnz/hourly-ipv4,ziyadnz|hourly,2026-08-17T18:48:05Z,2026-08-17T18:48:05Z,
188.92.79.115,ipv4,malicious-ip,medium,WHITE,ziyadnz/hourly-ipv4,ziyadnz|hourly,2026-08-17T18:48:05Z,2026-08-17T18:48:05Z,
188.92.79.116,ipv4,malicious-ip,medium,WHITE,ziyadnz/hourly-ipv4,ziyadnz|hourly,2026-08-17T18:48:05Z,2026-08-17T18:48:05Z,
188.95.65.43,ipv4,malicious-ip,medium,WHITE,ziyadnz/hourly-ipv4,ziyadnz|hourly,2026-08-17T18:48:05Z,2026-08-17T18:48:05Z,
188.95.65.99,ipv4,malicious-ip,medium,WHITE,ziyadnz/hourly-ipv4,ziyadnz|hourly,2026-08-17T18:48:05Z,2026-08-17T18:48:05Z,
189.1.139.42,ipv4,malicious-ip,medium,WHITE,ziyadnz/hourly-ipv4,ziyadnz|hourly,2026-08-17T18:48:05Z,2026-08-17T18:48:05Z,
189.1.188.124,ipv4,malicious-ip,medium,WHITE,ziyadnz/hourly-ipv4,ziyadnz|hourly,2026-08-17T18:48:05Z,2026-08-17T18:48:05Z,
189.100.221.128,ipv4,malicious-ip,medium,WHITE,ziyadnz/hourly-ipv4,ziyadnz|hourly,2026-08-17T18:48:05Z,2026-08-17T18:48:05Z,
189.101.2.249,ipv4,malicious-ip,medium,WHITE,ziyadnz/hourly-ipv4,ziyadnz|hourly,2026-08-17T18:48:05Z,2026-08-17T18:48:05Z,
189.101.233.97,ipv4,malicious-ip,medium,WHITE,ziyadnz/hourly-ipv4,ziyadnz|hourly,2026-08-17T18:48:05Z,2026-08-17T18:48:05Z,
189.102.188.61,ipv4,malicious-ip,medium,WHITE,ziyadnz/hourly-ipv4,ziyadnz|hourly,2026-08-17T18:48:05Z,2026-08-17T18:48:05Z,
189.102.33.127,ipv4,malicious-ip,medium,WHITE,ziyadnz/hourly-ipv4,ziyadnz|hourly,2026-08-17T18:48:05Z,2026-08-17T18:48:05Z,
189.103.103.230,ipv4,malicious-ip,medium,WHITE,ziyadnz/hourly-ipv4,ziyadnz|hourly,2026-08-17T18:48:05Z,2026-08-17T18:48:05Z,
189.103.174.239,ipv4,malicious-ip,medium,WHITE,ziyadnz/hourly-ipv4,ziyadnz|hourly,2026-08-17T18:48:05Z,2026-08-17T18:48:05Z,
189.104.128.0,ipv4,malicious-ip,medium,WHITE,ziyadnz/hourly-ipv4,ziyadnz|hourly,2026-08-17T18:48:05Z,2026-08-17T18:48:05Z,
189.104.128.1,ipv4,malicious-ip,medium,WHITE,ziyadnz/hourly-ipv4,ziyadnz|hourly,2026-08-17T18:48:05Z,2026-08-17T18:48:05Z,
189.104.128.113,ipv4,malicious-ip,medium,WHITE,ziyadnz/hourly-ipv4,ziyadnz|hourly,2026-08-17T18:48:05Z,2026-08-17T18:48:05Z,
189.104.128.120,ipv4,malicious-ip,medium,WHITE,ziyadnz/hourly-ipv4,ziyadnz|hourly,2026-08-17T18:48:05Z,2026-08-17T18:48:05Z,
189.104.128.137,ipv4,malicious-ip,medium,WHITE,ziyadnz/hourly-ipv4,ziyadnz|hourly,2026-08-17T18:48:05Z,2026-08-17T18:48:05Z,
189.104.128.173,ipv4,malicious-ip,medium,WHITE,ziyadnz/hourly-ipv4,ziyadnz|hourly,2026-08-17T18:48:05Z,2026-08-17T18:48:05Z,
189.104.128.180,ipv4,malicious-ip,medium,WHITE,ziyadnz/hourly-ipv4,ziyadnz|hourly,2026-08-17T18:48:05Z,2026-08-17T18:48:05Z,
189.104.128.185,ipv4,malicious-ip,medium,WHITE,ziyadnz/hourly-ipv4,ziyadnz|hourly,2026-08-17T18:48:05Z,2026-08-17T18:48:05Z,
189.104.128.188,ipv4,malicious-ip,medium,WHITE,ziyadnz/hourly-ipv4,ziyadnz|hourly,2026-08-17T18:48:05Z,2026-08-17T18:48:05Z,
189.104.128.193,ipv4,malicious-ip,medium,WHITE,ziyadnz/hourly-ipv4,ziyadnz|hourly,2026-08-17T18:48:05Z,2026-08-17T18:48:05Z,
189.104.128.195,ipv4,malicious-ip,medium,WHITE,ziyadnz/hourly-ipv4,ziyadnz|hourly,2026-08-17T18:48:05Z,2026-08-17T18:48:05Z,
189.104.128.20,ipv4,malicious-ip,medium,WHITE,ziyadnz/hourly-ipv4,ziyadnz|hourly,2026-08-17T18:48:05Z,2026-08-17T18:48:05Z,
189.104.128.203,ipv4,malicious-ip,medium,WHITE,ziyadnz/hourly-ipv4,ziyadnz|hourly,2026-08-17T18:48:05Z,2026-08-17T18:48:05Z,
189.104.128.21,ipv4,malicious-ip,medium,WHITE,ziyadnz/hourly-ipv4,ziyadnz|hourly,2026-08-17T18:48:05Z,2026-08-17T18:48:05Z,
189.104.128.225,ipv4,malicious-ip,medium,WHITE,ziyadnz/hourly-ipv4,ziyadnz|hourly,2026-08-17T18:48:05Z,2026-08-17T18:48:05Z,
189.104.128.235,ipv4,malicious-ip,medium,WHITE,ziyadnz/hourly-ipv4,ziyadnz|hourly,2026-08-17T18:48:05Z,2026-08-17T18:48:05Z,
189.104.128.33,ipv4,malicious-ip,medium,WHITE,ziyadnz/hourly-ipv4,ziyadnz|hourly,2026-08-17T18:48:05Z,2026-08-17T18:48:05Z,
189.104.128.45,ipv4,malicious-ip,medium,WHITE,ziyadnz/hourly-ipv4,ziyadnz|hourly,2026-08-17T18:48:05Z,2026-08-17T18:48:05Z,
189.104.128.5,ipv4,malicious-ip,medium,WHITE,ziyadnz/hourly-ipv4,ziyadnz|hourly,2026-08-17T18:48:05Z,2026-08-17T18:48:05Z,
189.104.128.59,ipv4,malicious-ip,medium,WHITE,ziyadnz/hourly-ipv4,ziyadnz|hourly,2026-08-17T18:48:05Z,2026-08-17T18:48:05Z,
189.104.128.62,ipv4,malicious-ip,medium,WHITE,ziyadnz/hourly-ipv4,ziyadnz|hourly,2026-08-17T18:48:05Z,2026-08-17T18:48:05Z,
189.104.128.74,ipv4,malicious-ip,medium,WHITE,ziyadnz/hourly-ipv4,ziyadnz|hourly,2026-08-17T18:48:05Z,2026-08-17T18:48:05Z,
189.104.128.83,ipv4,malicious-ip,medium,WHITE,ziyadnz/hourly-ipv4,ziyadnz|hourly,2026-08-17T18:48:05Z,2026-08-17T18:48:05Z,
189.104.128.91,ipv4,malicious-ip,medium,WHITE,ziyadnz/hourly-ipv4,ziyadnz|hourly,2026-08-17T18:48:05Z,2026-08-17T18:48:05Z,
189.104.128.96,ipv4,malicious-ip,medium,WHITE,ziyadnz/hourly-ipv4,ziyadnz|hourly,2026-08-17T18:48:05Z,2026-08-17T18:48:05Z,
189.104.129.0,ipv4,malicious-ip,medium,WHITE,ziyadnz/hourly-ipv4,ziyadnz|hourly,2026-08-17T18:48:05Z,2026-08-17T18:48:05Z,
189.104.129.11,ipv4,malicious-ip,medium,WHITE,ziyadnz/hourly-ipv4,ziyadnz|hourly,2026-08-17T18:48:05Z,2026-08-17T18:48:05Z,
189.104.129.116,ipv4,malicious-ip,medium,WHITE,ziyadnz/hourly-ipv4,ziyadnz|hourly,2026-08-17T18:48:05Z,2026-08-17T18:48:05Z,
189.104.129.139,ipv4,malicious-ip,medium,WHITE,ziyadnz/hourly-ipv4,ziyadnz|hourly,2026-08-17T18:48:05Z,2026-08-17T18:48:05Z,
189.104.129.154,ipv4,malicious-ip,medium,WHITE,ziyadnz/hourly-ipv4,ziyadnz|hourly,2026-08-17T18:48:05Z,2026-08-17T18:48:05Z,
189.104.129.159,ipv4,malicious-ip,medium,WHITE,ziyadnz/hourly-ipv4,ziyadnz|hourly,2026-08-17T18:48:05Z,2026-08-17T18:48:05Z,
189.104.129.162,ipv4,malicious-ip,medium,WHITE,ziyadnz/hourly-ipv4,ziyadnz|hourly,2026-08-17T18:48:05Z,2026-08-17T18:48:05Z,
189.104.129.169,ipv4,malicious-ip,medium,WHITE,ziyadnz/hourly-ipv4,ziyadnz|hourly,2026-08-17T18:48:05Z,2026-08-17T18:48:05Z,
189.104.129.17,ipv4,malicious-ip,medium,WHITE,ziyadnz/hourly-ipv4,ziyadnz|hourly,2026-08-17T18:48:05Z,2026-08-17T18:48:05Z,
189.104.129.170,ipv4,malicious-ip,medium,WHITE,ziyadnz/hourly-ipv4,ziyadnz|hourly,2026-08-17T18:48:05Z,2026-08-17T18:48:05Z,
189.104.129.179,ipv4,malicious-ip,medium,WHITE,ziyadnz/hourly-ipv4,ziyadnz|hourly,2026-08-17T18:48:05Z,2026-08-17T18:48:05Z,
189.104.129.192,ipv4,malicious-ip,medium,WHITE,ziyadnz/hourly-ipv4,ziyadnz|hourly,2026-08-17T18:48:05Z,2026-08-17T18:48:05Z,
189.104.129.199,ipv4,malicious-ip,medium,WHITE,ziyadnz/hourly-ipv4,ziyadnz|hourly,2026-08-17T18:48:05Z,2026-08-17T18:48:05Z,
189.104.129.2,ipv4,malicious-ip,medium,WHITE,ziyadnz/hourly-ipv4,ziyadnz|hourly,2026-08-17T18:48:05Z,2026-08-17T18:48:05Z,
189.104.129.224,ipv4,malicious-ip,medium,WHITE,ziyadnz/hourly-ipv4,ziyadnz|hourly,2026-08-17T18:48:05Z,2026-08-17T18:48:05Z,
189.104.129.244,ipv4,malicious-ip,medium,WHITE,ziyadnz/hourly-ipv4,ziyadnz|hourly,2026-08-17T18:48:05Z,2026-08-17T18:48:05Z,
189.104.129.248,ipv4,malicious-ip,medium,WHITE,ziyadnz/hourly-ipv4,ziyadnz|hourly,2026-08-17T18:48:05Z,2026-08-17T18:48:05Z,
189.104.129.33,ipv4,malicious-ip,medium,WHITE,ziyadnz/hourly-ipv4,ziyadnz|hourly,2026-08-17T18:48:05Z,2026-08-17T18:48:05Z,
189.104.129.43,ipv4,malicious-ip,medium,WHITE,ziyadnz/hourly-ipv4,ziyadnz|hourly,2026-08-17T18:48:05Z,2026-08-17T18:48:05Z,
189.104.129.51,ipv4,malicious-ip,medium,WHITE,ziyadnz/hourly-ipv4,ziyadnz|hourly,2026-08-17T18:48:05Z,2026-08-17T18:48:05Z,
189.104.129.61,ipv4,malicious-ip,medium,WHITE,ziyadnz/hourly-ipv4,ziyadnz|hourly,2026-08-17T18:48:05Z,2026-08-17T18:48:05Z,
189.104.129.65,ipv4,malicious-ip,medium,WHITE,ziyadnz/hourly-ipv4,ziyadnz|hourly,2026-08-17T18:48:05Z,2026-08-17T18:48:05Z,
189.104.129.77,ipv4,malicious-ip,medium,WHITE,ziyadnz/hourly-ipv4,ziyadnz|hourly,2026-08-17T18:48:05Z,2026-08-17T18:48:05Z,
189.104.129.84,ipv4,malicious-ip,medium,WHITE,ziyadnz/hourly-ipv4,ziyadnz|hourly,2026-08-17T18:48:05Z,2026-08-17T18:48:05Z,
189.104.204.0,ipv4,malicious-ip,medium,WHITE,ziyadnz/hourly-ipv4,ziyadnz|hourly,2026-08-17T18:48:05Z,2026-08-17T18:48:05Z,
189.104.204.102,ipv4,malicious-ip,medium,WHITE,ziyadnz/hourly-ipv4,ziyadnz|hourly,2026-08-17T18:48:05Z,2026-08-17T18:48:05Z,
189.104.204.105,ipv4,malicious-ip,medium,WHITE,ziyadnz/hourly-ipv4,ziyadnz|hourly,2026-08-17T18:48:05Z,2026-08-17T18:48:05Z,
189.104.204.119,ipv4,malicious-ip,medium,WHITE,ziyadnz/hourly-ipv4,ziyadnz|hourly,2026-08-17T18:48:05Z,2026-08-17T18:48:05Z,
189.104.204.133,ipv4,malicious-ip,medium,WHITE,ziyadnz/hourly-ipv4,ziyadnz|hourly,2026-08-17T18:48:05Z,2026-08-17T18:48:05Z,
189.104.204.141,ipv4,malicious-ip,medium,WHITE,ziyadnz/hourly-ipv4,ziyadnz|hourly,2026-08-17T18:48:05Z,2026-08-17T18:48:05Z,
189.104.204.143,ipv4,malicious-ip,medium,WHITE,ziyadnz/hourly-ipv4,ziyadnz|hourly,2026-08-17T18:48:05Z,2026-08-17T18:48:05Z,
189.104.204.146,ipv4,malicious-ip,medium,WHITE,ziyadnz/hourly-ipv4,ziyadnz|hourly,2026-08-17T18:48:05Z,2026-08-17T18:48:05Z,
189.104.204.15,ipv4,malicious-ip,medium,WHITE,ziyadnz/hourly-ipv4,ziyadnz|hourly,2026-08-17T18:48:05Z,2026-08-17T18:48:05Z,
189.104.204.151,ipv4,malicious-ip,medium,WHITE,ziyadnz/hourly-ipv4,ziyadnz|hourly,2026-08-17T18:48:05Z,2026-08-17T18:48:05Z,
189.104.204.176,ipv4,malicious-ip,medium,WHITE,ziyadnz/hourly-ipv4,ziyadnz|hourly,2026-08-17T18:48:05Z,2026-08-17T18:48:05Z,
189.104.204.178,ipv4,malicious-ip,medium,WHITE,ziyadnz/hourly-ipv4,ziyadnz|hourly,2026-08-17T18:48:05Z,2026-08-17T18:48:05Z,
189.104.204.203,ipv4,malicious-ip,medium,WHITE,ziyadnz/hourly-ipv4,ziyadnz|hourly,2026-08-17T18:48:05Z,2026-08-17T18:48:05Z,
189.104.204.211,ipv4,malicious-ip,medium,WHITE,ziyadnz/hourly-ipv4,ziyadnz|hourly,2026-08-17T18:48:05Z,2026-08-17T18:48:05Z,
189.104.204.214,ipv4,malicious-ip,medium,WHITE,ziyadnz/hourly-ipv4,ziyadnz|hourly,2026-08-17T18:48:05Z,2026-08-17T18:48:05Z,
189.104.204.234,ipv4,malicious-ip,medium,WHITE,ziyadnz/hourly-ipv4,ziyadnz|hourly,2026-08-17T18:48:05Z,2026-08-17T18:48:05Z,
189.104.204.49,ipv4,malicious-ip,medium,WHITE,ziyadnz/hourly-ipv4,ziyadnz|hourly,2026-08-17T18:48:05Z,2026-08-17T18:48:05Z,
189.104.204.53,ipv4,malicious-ip,medium,WHITE,ziyadnz/hourly-ipv4,ziyadnz|hourly,2026-08-17T18:48:05Z,2026-08-17T18:48:05Z,
189.104.204.7,ipv4,malicious-ip,medium,WHITE,ziyadnz/hourly-ipv4,ziyadnz|hourly,2026-08-17T18:48:05Z,2026-08-17T18:48:05Z,
189.104.204.70,ipv4,malicious-ip,medium,WHITE,ziyadnz/hourly-ipv4,ziyadnz|hourly,2026-08-17T18:48:05Z,2026-08-17T18:48:05Z,
189.104.204.9,ipv4,malicious-ip,medium,WHITE,ziyadnz/hourly-ipv4,ziyadnz|hourly,2026-08-17T18:48:05Z,2026-08-17T18:48:05Z,
189.104.204.98,ipv4,malicious-ip,medium,WHITE,ziyadnz/hourly-ipv4,ziyadnz|hourly,2026-08-17T18:48:05Z,2026-08-17T18:48:05Z,
189.104.240.0,ipv4,malicious-ip,medium,WHITE,ziyadnz/hourly-ipv4,ziyadnz|hourly,2026-08-17T18:48:05Z,2026-08-17T18:48:05Z,
189.104.240.1,ipv4,malicious-ip,medium,WHITE,ziyadnz/hourly-ipv4,ziyadnz|hourly,2026-08-17T18:48:05Z,2026-08-17T18:48:05Z,
189.104.240.110,ipv4,malicious-ip,medium,WHITE,ziyadnz/hourly-ipv4,ziyadnz|hourly,2026-08-17T18:48:05Z,2026-08-17T18:48:05Z,
189.104.240.113,ipv4,malicious-ip,medium,WHITE,ziyadnz/hourly-ipv4,ziyadnz|hourly,2026-08-17T18:48:05Z,2026-08-17T18:48:05Z,
189.104.240.120,ipv4,malicious-ip,medium,WHITE,ziyadnz/hourly-ipv4,ziyadnz|hourly,2026-08-17T18:48:05Z,2026-08-17T18:48:05Z,
189.104.240.130,ipv4,malicious-ip,medium,WHITE,ziyadnz/hourly-ipv4,ziyadnz|hourly,2026-08-17T18:48:05Z,2026-08-17T18:48:05Z,
189.104.240.163,ipv4,malicious-ip,medium,WHITE,ziyadnz/hourly-ipv4,ziyadnz|hourly,2026-08-17T18:48:05Z,2026-08-17T18:48:05Z,
189.104.240.168,ipv4,malicious-ip,medium,WHITE,ziyadnz/hourly-ipv4,ziyadnz|hourly,2026-08-17T18:48:05Z,2026-08-17T18:48:05Z,
189.104.240.181,ipv4,malicious-ip,medium,WHITE,ziyadnz/hourly-ipv4,ziyadnz|hourly,2026-08-17T18:48:05Z,2026-08-17T18:48:05Z,
189.104.240.185,ipv4,malicious-ip,medium,WHITE,ziyadnz/hourly-ipv4,ziyadnz|hourly,2026-08-17T18:48:05Z,2026-08-17T18:48:05Z,
189.104.240.197,ipv4,malicious-ip,medium,WHITE,ziyadnz/hourly-ipv4,ziyadnz|hourly,2026-08-17T18:48:05Z,2026-08-17T18:48:05Z,
189.104.240.202,ipv4,malicious-ip,medium,WHITE,ziyadnz/hourly-ipv4,ziyadnz|hourly,2026-08-17T18:48:05Z,2026-08-17T18:48:05Z,
189.104.240.208,ipv4,malicious-ip,medium,WHITE,ziyadnz/hourly-ipv4,ziyadnz|hourly,2026-08-17T18:48:05Z,2026-08-17T18:48:05Z,
189.104.240.228,ipv4,malicious-ip,medium,WHITE,ziyadnz/hourly-ipv4,ziyadnz|hourly,2026-08-17T18:48:05Z,2026-08-17T18:48:05Z,
189.104.240.44,ipv4,malicious-ip,medium,WHITE,ziyadnz/hourly-ipv4,ziyadnz|hourly,2026-08-17T18:48:05Z,2026-08-17T18:48:05Z,
189.104.240.48,ipv4,malicious-ip,medium,WHITE,ziyadnz/hourly-ipv4,ziyadnz|hourly,2026-08-17T18:48:05Z,2026-08-17T18:48:05Z,
189.104.240.62,ipv4,malicious-ip,medium,WHITE,ziyadnz/hourly-ipv4,ziyadnz|hourly,2026-08-17T18:48:05Z,2026-08-17T18:48:05Z,
189.104.240.66,ipv4,malicious-ip,medium,WHITE,ziyadnz/hourly-ipv4,ziyadnz|hourly,2026-08-17T18:48:05Z,2026-08-17T18:48:05Z,
189.104.240.83,ipv4,malicious-ip,medium,WHITE,ziyadnz/hourly-ipv4,ziyadnz|hourly,2026-08-17T18:48:05Z,2026-08-17T18:48:05Z,
189.104.241.0,ipv4,malicious-ip,medium,WHITE,ziyadnz/hourly-ipv4,ziyadnz|hourly,2026-08-17T18:48:05Z,2026-08-17T18:48:05Z,
189.104.241.109,ipv4,malicious-ip,medium,WHITE,ziyadnz/hourly-ipv4,ziyadnz|hourly,2026-08-17T18:48:05Z,2026-08-17T18:48:05Z,
189.104.241.116,ipv4,malicious-ip,medium,WHITE,ziyadnz/hourly-ipv4,ziyadnz|hourly,2026-08-17T18:48:05Z,2026-08-17T18:48:05Z,
189.104.241.132,ipv4,malicious-ip,medium,WHITE,ziyadnz/hourly-ipv4,ziyadnz|hourly,2026-08-17T18:48:05Z,2026-08-17T18:48:05Z,
189.104.241.140,ipv4,malicious-ip,medium,WHITE,ziyadnz/hourly-ipv4,ziyadnz|hourly,2026-08-17T18:48:05Z,2026-08-17T18:48:05Z,
189.104.241.142,ipv4,malicious-ip,medium,WHITE,ziyadnz/hourly-ipv4,ziyadnz|hourly,2026-08-17T18:48:05Z,2026-08-17T18:48:05Z,
189.104.241.15,ipv4,malicious-ip,medium,WHITE,ziyadnz/hourly-ipv4,ziyadnz|hourly,2026-08-17T18:48:05Z,2026-08-17T18:48:05Z,
189.104.241.167,ipv4,malicious-ip,medium,WHITE,ziyadnz/hourly-ipv4,ziyadnz|hourly,2026-08-17T18:48:05Z,2026-08-17T18:48:05Z,
189.104.241.172,ipv4,malicious-ip,medium,WHITE,ziyadnz/hourly-ipv4,ziyadnz|hourly,2026-08-17T18:48:05Z,2026-08-17T18:48:05Z,
189.104.241.190,ipv4,malicious-ip,medium,WHITE,ziyadnz/hourly-ipv4,ziyadnz|hourly,2026-08-17T18:48:05Z,2026-08-17T18:48:05Z,
189.104.241.198,ipv4,malicious-ip,medium,WHITE,ziyadnz/hourly-ipv4,ziyadnz|hourly,2026-08-17T18:48:05Z,2026-08-17T18:48:05Z,
189.104.241.220,ipv4,malicious-ip,medium,WHITE,ziyadnz/hourly-ipv4,ziyadnz|hourly,2026-08-17T18:48:05Z,2026-08-17T18:48:05Z,
189.104.241.226,ipv4,malicious-ip,medium,WHITE,ziyadnz/hourly-ipv4,ziyadnz|hourly,2026-08-17T18:48:05Z,2026-08-17T18:48:05Z,
189.104.241.37,ipv4,malicious-ip,medium,WHITE,ziyadnz/hourly-ipv4,ziyadnz|hourly,2026-08-17T18:48:05Z,2026-08-17T18:48:05Z,
189.104.241.69,ipv4,malicious-ip,medium,WHITE,ziyadnz/hourly-ipv4,ziyadnz|hourly,2026-08-17T18:48:05Z,2026-08-17T18:48:05Z,
189.104.241.73,ipv4,malicious-ip,medium,WHITE,ziyadnz/hourly-ipv4,ziyadnz|hourly,2026-08-17T18:48:05Z,2026-08-17T18:48:05Z,
189.104.241.92,ipv4,malicious-ip,medium,WHITE,ziyadnz/hourly-ipv4,ziyadnz|hourly,2026-08-17T18:48:05Z,2026-08-17T18:48:05Z,
189.104.241.96,ipv4,malicious-ip,medium,WHITE,ziyadnz/hourly-ipv4,ziyadnz|hourly,2026-08-17T18:48:05Z,2026-08-17T18:48:05Z,
189.104.241.98,ipv4,malicious-ip,medium,WHITE,ziyadnz/hourly-ipv4,ziyadnz|hourly,2026-08-17T18:48:05Z,2026-08-17T18:48:05Z,
189.104.34.0,ipv4,malicious-ip,medium,WHITE,ziyadnz/hourly-ipv4,ziyadnz|hourly,2026-08-17T18:48:05Z,2026-08-17T18:48:05Z,
189.104.34.104,ipv4,malicious-ip,medium,WHITE,ziyadnz/hourly-ipv4,ziyadnz|hourly,2026-08-17T18:48:05Z,2026-08-17T18:48:05Z,
189.104.34.109,ipv4,malicious-ip,medium,WHITE,ziyadnz/hourly-ipv4,ziyadnz|hourly,2026-08-17T18:48:05Z,2026-08-17T18:48:05Z,
189.104.34.11,ipv4,malicious-ip,medium,WHITE,ziyadnz/hourly-ipv4,ziyadnz|hourly,2026-08-17T18:48:05Z,2026-08-17T18:48:05Z,
189.104.34.111,ipv4,malicious-ip,medium,WHITE,ziyadnz/hourly-ipv4,ziyadnz|hourly,2026-08-17T18:48:05Z,2026-08-17T18:48:05Z,
189.104.34.12,ipv4,malicious-ip,medium,WHITE,ziyadnz/hourly-ipv4,ziyadnz|hourly,2026-08-17T18:48:05Z,2026-08-17T18:48:05Z,
189.104.34.120,ipv4,malicious-ip,medium,WHITE,ziyadnz/hourly-ipv4,ziyadnz|hourly,2026-08-17T18:48:05Z,2026-08-17T18:48:05Z,
189.104.34.13,ipv4,malicious-ip,medium,WHITE,ziyadnz/hourly-ipv4,ziyadnz|hourly,2026-08-17T18:48:05Z,2026-08-17T18:48:05Z,
189.104.34.136,ipv4,malicious-ip,medium,WHITE,ziyadnz/hourly-ipv4,ziyadnz|hourly,2026-08-17T18:48:05Z,2026-08-17T18:48:05Z,
189.104.34.163,ipv4,malicious-ip,medium,WHITE,ziyadnz/hourly-ipv4,ziyadnz|hourly,2026-08-17T18:48:05Z,2026-08-17T18:48:05Z,
189.104.34.181,ipv4,malicious-ip,medium,WHITE,ziyadnz/hourly-ipv4,ziyadnz|hourly,2026-08-17T18:48:05Z,2026-08-17T18:48:05Z,
189.104.34.186,ipv4,malicious-ip,medium,WHITE,ziyadnz/hourly-ipv4,ziyadnz|hourly,2026-08-17T18:48:05Z,2026-08-17T18:48:05Z,
189.104.34.188,ipv4,malicious-ip,medium,WHITE,ziyadnz/hourly-ipv4,ziyadnz|hourly,2026-08-17T18:48:05Z,2026-08-17T18:48:05Z,
189.104.34.201,ipv4,malicious-ip,medium,WHITE,ziyadnz/hourly-ipv4,ziyadnz|hourly,2026-08-17T18:48:05Z,2026-08-17T18:48:05Z,
189.104.34.204,ipv4,malicious-ip,medium,WHITE,ziyadnz/hourly-ipv4,ziyadnz|hourly,2026-08-17T18:48:05Z,2026-08-17T18:48:05Z,
189.104.34.225,ipv4,malicious-ip,medium,WHITE,ziyadnz/hourly-ipv4,ziyadnz|hourly,2026-08-17T18:48:05Z,2026-08-17T18:48:05Z,
189.104.34.230,ipv4,malicious-ip,medium,WHITE,ziyadnz/hourly-ipv4,ziyadnz|hourly,2026-08-17T18:48:05Z,2026-08-17T18:48:05Z,
189.104.34.240,ipv4,malicious-ip,medium,WHITE,ziyadnz/hourly-ipv4,ziyadnz|hourly,2026-08-17T18:48:05Z,2026-08-17T18:48:05Z,
189.104.34.36,ipv4,malicious-ip,medium,WHITE,ziyadnz/hourly-ipv4,ziyadnz|hourly,2026-08-17T18:48:05Z,2026-08-17T18:48:05Z,
189.104.34.38,ipv4,malicious-ip,medium,WHITE,ziyadnz/hourly-ipv4,ziyadnz|hourly,2026-08-17T18:48:05Z,2026-08-17T18:48:05Z,
189.104.34.46,ipv4,malicious-ip,medium,WHITE,ziyadnz/hourly-ipv4,ziyadnz|hourly,2026-08-17T18:48:05Z,2026-08-17T18:48:05Z,
189.104.34.51,ipv4,malicious-ip,medium,WHITE,ziyadnz/hourly-ipv4,ziyadnz|hourly,2026-08-17T18:48:05Z,2026-08-17T18:48:05Z,
189.104.34.65,ipv4,malicious-ip,medium,WHITE,ziyadnz/hourly-ipv4,ziyadnz|hourly,2026-08-17T18:48:05Z,2026-08-17T18:48:05Z,
189.104.34.89,ipv4,malicious-ip,medium,WHITE,ziyadnz/hourly-ipv4,ziyadnz|hourly,2026-08-17T18:48:05Z,2026-08-17T18:48:05Z,
189.104.34.91,ipv4,malicious-ip,medium,WHITE,ziyadnz/hourly-ipv4,ziyadnz|hourly,2026-08-17T18:48:05Z,2026-08-17T18:48:05Z,
189.105.11.178,ipv4,malicious-ip,medium,WHITE,ziyadnz/hourly-ipv4,ziyadnz|hourly,2026-08-17T18:48:05Z,2026-08-17T18:48:05Z,
189.105.15.27,ipv4,malicious-ip,medium,WHITE,ziyadnz/hourly-ipv4,ziyadnz|hourly,2026-08-17T18:48:05Z,2026-08-17T18:48:05Z,
189.108.23.194,ipv4,malicious-ip,medium,WHITE,ziyadnz/hourly-ipv4,ziyadnz|hourly,2026-08-17T18:48:05Z,2026-08-17T18:48:05Z,
189.11.170.18,ipv4,malicious-ip,medium,WHITE,ziyadnz/hourly-ipv4,ziyadnz|hourly,2026-08-17T18:48:05Z,2026-08-17T18:48:05Z,
189.11.29.18,ipv4,malicious-ip,medium,WHITE,ziyadnz/hourly-ipv4,ziyadnz|hourly,2026-08-17T18:48:05Z,2026-08-17T18:48:05Z,
189.110.163.244,ipv4,malicious-ip,medium,WHITE,ziyadnz/hourly-ipv4,ziyadnz|hourly,2026-08-17T18:48:05Z,2026-08-17T18:48:05Z,
189.111.0.71,ipv4,malicious-ip,medium,WHITE,ziyadnz/hourly-ipv4,ziyadnz|hourly,2026-08-17T18:48:05Z,2026-08-17T18:48:05Z,
189.111.10.89,ipv4,malicious-ip,medium,WHITE,ziyadnz/hourly-ipv4,ziyadnz|hourly,2026-08-17T18:48:05Z,2026-08-17T18:48:05Z,
189.111.7.181,ipv4,malicious-ip,medium,WHITE,ziyadnz/hourly-ipv4,ziyadnz|hourly,2026-08-17T18:48:05Z,2026-08-17T18:48:05Z,
189.112.107.1,ipv4,malicious-ip,medium,WHITE,ziyadnz/hourly-ipv4,ziyadnz|hourly,2026-08-17T18:48:05Z,2026-08-17T18:48:05Z,
189.112.247.19,ipv4,malicious-ip,medium,WHITE,ziyadnz/hourly-ipv4,ziyadnz|hourly,2026-08-17T18:48:05Z,2026-08-17T18:48:05Z,
189.112.4.168,ipv4,malicious-ip,medium,WHITE,ziyadnz/hourly-ipv4,ziyadnz|hourly,2026-08-17T18:48:05Z,2026-08-17T18:48:05Z,
189.112.5.127,ipv4,malicious-ip,medium,WHITE,ziyadnz/hourly-ipv4,ziyadnz|hourly,2026-08-17T18:48:05Z,2026-08-17T18:48:05Z,
189.113.254.28,ipv4,malicious-ip,medium,WHITE,ziyadnz/hourly-ipv4,ziyadnz|hourly,2026-08-17T18:48:05Z,2026-08-17T18:48:05Z,
189.113.34.216,ipv4,malicious-ip,medium,WHITE,ziyadnz/hourly-ipv4,ziyadnz|hourly,2026-08-17T18:48:05Z,2026-08-17T18:48:05Z,
189.113.38.56,ipv4,malicious-ip,medium,WHITE,ziyadnz/hourly-ipv4,ziyadnz|hourly,2026-08-17T18:48:05Z,2026-08-17T18:48:05Z,
189.113.47.155,ipv4,malicious-ip,medium,WHITE,ziyadnz/hourly-ipv4,ziyadnz|hourly,2026-08-17T18:48:05Z,2026-08-17T18:48:05Z,
189.113.48.178,ipv4,malicious-ip,medium,WHITE,ziyadnz/hourly-ipv4,ziyadnz|hourly,2026-08-17T18:48:05Z,2026-08-17T18:48:05Z,
189.113.48.231,ipv4,malicious-ip,medium,WHITE,ziyadnz/hourly-ipv4,ziyadnz|hourly,2026-08-17T18:48:05Z,2026-08-17T18:48:05Z,
189.113.68.153,ipv4,malicious-ip,medium,WHITE,ziyadnz/hourly-ipv4,ziyadnz|hourly,2026-08-17T18:48:05Z,2026-08-17T18:48:05Z,
189.113.8.254,ipv4,malicious-ip,medium,WHITE,ziyadnz/hourly-ipv4,ziyadnz|hourly,2026-08-17T18:48:05Z,2026-08-17T18:48:05Z,
189.114.140.70,ipv4,malicious-ip,medium,WHITE,ziyadnz/hourly-ipv4,ziyadnz|hourly,2026-08-17T18:48:05Z,2026-08-17T18:48:05Z,
189.120.72.8,ipv4,malicious-ip,medium,WHITE,ziyadnz/hourly-ipv4,ziyadnz|hourly,2026-08-17T18:48:05Z,2026-08-17T18:48:05Z,
189.120.79.73,ipv4,malicious-ip,medium,WHITE,ziyadnz/hourly-ipv4,ziyadnz|hourly,2026-08-17T18:48:05Z,2026-08-17T18:48:05Z,
189.121.202.88,ipv4,malicious-ip,medium,WHITE,ziyadnz/hourly-ipv4,ziyadnz|hourly,2026-08-17T18:48:05Z,2026-08-17T18:48:05Z,
189.121.203.153,ipv4,malicious-ip,medium,WHITE,ziyadnz/hourly-ipv4,ziyadnz|hourly,2026-08-17T18:48:05Z,2026-08-17T18:48:05Z,
189.123.106.147,ipv4,malicious-ip,medium,WHITE,ziyadnz/hourly-ipv4,ziyadnz|hourly,2026-08-17T18:48:05Z,2026-08-17T18:48:05Z,
189.123.106.218,ipv4,malicious-ip,medium,WHITE,ziyadnz/hourly-ipv4,ziyadnz|hourly,2026-08-17T18:48:05Z,2026-08-17T18:48:05Z,
189.123.120.119,ipv4,malicious-ip,medium,WHITE,ziyadnz/hourly-ipv4,ziyadnz|hourly,2026-08-17T18:48:05Z,2026-08-17T18:48:05Z,
189.123.172.37,ipv4,malicious-ip,medium,WHITE,ziyadnz/hourly-ipv4,ziyadnz|hourly,2026-08-17T18:48:05Z,2026-08-17T18:48:05Z,
189.123.37.115,ipv4,malicious-ip,medium,WHITE,ziyadnz/hourly-ipv4,ziyadnz|hourly,2026-08-17T18:48:05Z,2026-08-17T18:48:05Z,
189.123.84.156,ipv4,malicious-ip,medium,WHITE,ziyadnz/hourly-ipv4,ziyadnz|hourly,2026-08-17T18:48:05Z,2026-08-17T18:48:05Z,
189.123.96.164,ipv4,malicious-ip,medium,WHITE,ziyadnz/hourly-ipv4,ziyadnz|hourly,2026-08-17T18:48:05Z,2026-08-17T18:48:05Z,
189.123.96.198,ipv4,malicious-ip,medium,WHITE,ziyadnz/hourly-ipv4,ziyadnz|hourly,2026-08-17T18:48:05Z,2026-08-17T18:48:05Z,
189.123.96.72,ipv4,malicious-ip,medium,WHITE,ziyadnz/hourly-ipv4,ziyadnz|hourly,2026-08-17T18:48:05Z,2026-08-17T18:48:05Z,
189.123.98.21,ipv4,malicious-ip,medium,WHITE,ziyadnz/hourly-ipv4,ziyadnz|hourly,2026-08-17T18:48:05Z,2026-08-17T18:48:05Z,
189.123.98.9,ipv4,malicious-ip,medium,WHITE,ziyadnz/hourly-ipv4,ziyadnz|hourly,2026-08-17T18:48:05Z,2026-08-17T18:48:05Z,
189.123.99.225,ipv4,malicious-ip,medium,WHITE,ziyadnz/hourly-ipv4,ziyadnz|hourly,2026-08-17T18:48:05Z,2026-08-17T18:48:05Z,
189.123.99.47,ipv4,malicious-ip,medium,WHITE,ziyadnz/hourly-ipv4,ziyadnz|hourly,2026-08-17T18:48:05Z,2026-08-17T18:48:05Z,
189.124.15.136,ipv4,malicious-ip,medium,WHITE,ziyadnz/hourly-ipv4,ziyadnz|hourly,2026-08-17T18:48:05Z,2026-08-17T18:48:05Z,
189.124.15.160,ipv4,malicious-ip,medium,WHITE,ziyadnz/hourly-ipv4,ziyadnz|hourly,2026-08-17T18:48:05Z,2026-08-17T18:48:05Z,
189.124.19.1,ipv4,malicious-ip,medium,WHITE,ziyadnz/hourly-ipv4,ziyadnz|hourly,2026-08-17T18:48:05Z,2026-08-17T18:48:05Z,
189.124.32.91,ipv4,malicious-ip,medium,WHITE,ziyadnz/hourly-ipv4,ziyadnz|hourly,2026-08-17T18:48:05Z,2026-08-17T18:48:05Z,
189.126.111.200,ipv4,malicious-ip,medium,WHITE,ziyadnz/hourly-ipv4,ziyadnz|hourly,2026-08-17T18:48:05Z,2026-08-17T18:48:05Z,
189.126.211.51,ipv4,malicious-ip,medium,WHITE,ziyadnz/hourly-ipv4,ziyadnz|hourly,2026-08-17T18:48:05Z,2026-08-17T18:48:05Z,
189.126.217.20,ipv4,malicious-ip,medium,WHITE,ziyadnz/hourly-ipv4,ziyadnz|hourly,2026-08-17T18:48:05Z,2026-08-17T18:48:05Z,
189.126.217.30,ipv4,malicious-ip,medium,WHITE,ziyadnz/hourly-ipv4,ziyadnz|hourly,2026-08-17T18:48:05Z,2026-08-17T18:48:05Z,
189.126.217.55,ipv4,malicious-ip,medium,WHITE,ziyadnz/hourly-ipv4,ziyadnz|hourly,2026-08-17T18:48:05Z,2026-08-17T18:48:05Z,
189.126.238.192,ipv4,malicious-ip,medium,WHITE,ziyadnz/hourly-ipv4,ziyadnz|hourly,2026-08-17T18:48:05Z,2026-08-17T18:48:05Z,
189.126.4.42,ipv4,malicious-ip,medium,WHITE,ziyadnz/hourly-ipv4,ziyadnz|hourly,2026-08-17T18:48:05Z,2026-08-17T18:48:05Z,
189.126.44.76,ipv4,malicious-ip,medium,WHITE,ziyadnz/hourly-ipv4,ziyadnz|hourly,2026-08-17T18:48:05Z,2026-08-17T18:48:05Z,
189.126.75.226,ipv4,malicious-ip,medium,WHITE,ziyadnz/hourly-ipv4,ziyadnz|hourly,2026-08-17T18:48:05Z,2026-08-17T18:48:05Z,
189.126.91.107,ipv4,malicious-ip,medium,WHITE,ziyadnz/hourly-ipv4,ziyadnz|hourly,2026-08-17T18:48:05Z,2026-08-17T18:48:05Z,
189.127.109.198,ipv4,malicious-ip,medium,WHITE,ziyadnz/hourly-ipv4,ziyadnz|hourly,2026-08-17T18:48:05Z,2026-08-17T18:48:05Z,
189.127.167.192,ipv4,malicious-ip,medium,WHITE,ziyadnz/hourly-ipv4,ziyadnz|hourly,2026-08-17T18:48:05Z,2026-08-17T18:48:05Z,
189.127.190.66,ipv4,malicious-ip,medium,WHITE,ziyadnz/hourly-ipv4,ziyadnz|hourly,2026-08-17T18:48:05Z,2026-08-17T18:48:05Z,
189.127.38.183,ipv4,malicious-ip,medium,WHITE,ziyadnz/hourly-ipv4,ziyadnz|hourly,2026-08-17T18:48:05Z,2026-08-17T18:48:05Z,
189.127.39.60,ipv4,malicious-ip,medium,WHITE,ziyadnz/hourly-ipv4,ziyadnz|hourly,2026-08-17T18:48:05Z,2026-08-17T18:48:05Z,
189.127.62.59,ipv4,malicious-ip,medium,WHITE,ziyadnz/hourly-ipv4,ziyadnz|hourly,2026-08-17T18:48:05Z,2026-08-17T18:48:05Z,
189.129.116.138,ipv4,malicious-ip,medium,WHITE,ziyadnz/hourly-ipv4,ziyadnz|hourly,2026-08-17T18:48:05Z,2026-08-17T18:48:05Z,
189.129.7.240,ipv4,malicious-ip,medium,WHITE,ziyadnz/hourly-ipv4,ziyadnz|hourly,2026-08-17T18:48:05Z,2026-08-17T18:48:05Z,
189.130.241.64,ipv4,malicious-ip,medium,WHITE,ziyadnz/hourly-ipv4,ziyadnz|hourly,2026-08-17T18:48:05Z,2026-08-17T18:48:05Z,
189.131.141.213,ipv4,malicious-ip,medium,WHITE,ziyadnz/hourly-ipv4,ziyadnz|hourly,2026-08-17T18:48:05Z,2026-08-17T18:48:05Z,
189.131.224.63,ipv4,malicious-ip,medium,WHITE,ziyadnz/hourly-ipv4,ziyadnz|hourly,2026-08-17T18:48:05Z,2026-08-17T18:48:05Z,
189.131.84.26,ipv4,malicious-ip,medium,WHITE,ziyadnz/hourly-ipv4,ziyadnz|hourly,2026-08-17T18:48:05Z,2026-08-17T18:48:05Z,
189.131.86.188,ipv4,malicious-ip,medium,WHITE,ziyadnz/hourly-ipv4,ziyadnz|hourly,2026-08-17T18:48:05Z,2026-08-17T18:48:05Z,
189.133.48.70,ipv4,malicious-ip,medium,WHITE,ziyadnz/hourly-ipv4,ziyadnz|hourly,2026-08-17T18:48:05Z,2026-08-17T18:48:05Z,
189.133.77.24,ipv4,malicious-ip,medium,WHITE,ziyadnz/hourly-ipv4,ziyadnz|hourly,2026-08-17T18:48:05Z,2026-08-17T18:48:05Z,
189.137.129.243,ipv4,malicious-ip,medium,WHITE,ziyadnz/hourly-ipv4,ziyadnz|hourly,2026-08-17T18:48:05Z,2026-08-17T18:48:05Z,
189.137.171.124,ipv4,malicious-ip,medium,WHITE,ziyadnz/hourly-ipv4,ziyadnz|hourly,2026-08-17T18:48:05Z,2026-08-17T18:48:05Z,
189.14.161.82,ipv4,malicious-ip,medium,WHITE,ziyadnz/hourly-ipv4,ziyadnz|hourly,2026-08-17T18:48:05Z,2026-08-17T18:48:05Z,
189.14.51.83,ipv4,malicious-ip,medium,WHITE,ziyadnz/hourly-ipv4,ziyadnz|hourly,2026-08-17T18:48:05Z,2026-08-17T18:48:05Z,
189.143.66.244,ipv4,malicious-ip,medium,WHITE,ziyadnz/hourly-ipv4,ziyadnz|hourly,2026-08-17T18:48:05Z,2026-08-17T18:48:05Z,
189.143.69.105,ipv4,malicious-ip,medium,WHITE,ziyadnz/hourly-ipv4,ziyadnz|hourly,2026-08-17T18:48:05Z,2026-08-17T18:48:05Z,
189.143.71.93,ipv4,malicious-ip,medium,WHITE,ziyadnz/hourly-ipv4,ziyadnz|hourly,2026-08-17T18:48:05Z,2026-08-17T18:48:05Z,
189.143.84.221,ipv4,malicious-ip,medium,WHITE,ziyadnz/hourly-ipv4,ziyadnz|hourly,2026-08-17T18:48:05Z,2026-08-17T18:48:05Z,
189.144.31.228,ipv4,malicious-ip,medium,WHITE,ziyadnz/hourly-ipv4,ziyadnz|hourly,2026-08-17T18:48:05Z,2026-08-17T18:48:05Z,
189.146.244.213,ipv4,malicious-ip,medium,WHITE,ziyadnz/hourly-ipv4,ziyadnz|hourly,2026-08-17T18:48:05Z,2026-08-17T18:48:05Z,
189.146.48.113,ipv4,malicious-ip,medium,WHITE,ziyadnz/hourly-ipv4,ziyadnz|hourly,2026-08-17T18:48:05Z,2026-08-17T18:48:05Z,
189.146.71.178,ipv4,malicious-ip,medium,WHITE,ziyadnz/hourly-ipv4,ziyadnz|hourly,2026-08-17T18:48:05Z,2026-08-17T18:48:05Z,
189.147.19.238,ipv4,malicious-ip,medium,WHITE,ziyadnz/hourly-ipv4,ziyadnz|hourly,2026-08-17T18:48:05Z,2026-08-17T18:48:05Z,
189.147.193.166,ipv4,malicious-ip,medium,WHITE,ziyadnz/hourly-ipv4,ziyadnz|hourly,2026-08-17T18:48:05Z,2026-08-17T18:48:05Z,
189.15.10.179,ipv4,malicious-ip,medium,WHITE,ziyadnz/hourly-ipv4,ziyadnz|hourly,2026-08-17T18:48:05Z,2026-08-17T18:48:05Z,
189.15.122.62,ipv4,malicious-ip,medium,WHITE,ziyadnz/hourly-ipv4,ziyadnz|hourly,2026-08-17T18:48:05Z,2026-08-17T18:48:05Z,
189.15.180.163,ipv4,malicious-ip,medium,WHITE,ziyadnz/hourly-ipv4,ziyadnz|hourly,2026-08-17T18:48:05Z,2026-08-17T18:48:05Z,
189.15.35.129,ipv4,malicious-ip,medium,WHITE,ziyadnz/hourly-ipv4,ziyadnz|hourly,2026-08-17T18:48:05Z,2026-08-17T18:48:05Z,
189.150.151.24,ipv4,malicious-ip,medium,WHITE,ziyadnz/hourly-ipv4,ziyadnz|hourly,2026-08-17T18:48:05Z,2026-08-17T18:48:05Z,
189.150.16.18,ipv4,malicious-ip,medium,WHITE,ziyadnz/hourly-ipv4,ziyadnz|hourly,2026-08-17T18:48:05Z,2026-08-17T18:48:05Z,
189.150.20.161,ipv4,malicious-ip,medium,WHITE,ziyadnz/hourly-ipv4,ziyadnz|hourly,2026-08-17T18:48:05Z,2026-08-17T18:48:05Z,
189.150.3.100,ipv4,malicious-ip,medium,WHITE,ziyadnz/hourly-ipv4,ziyadnz|hourly,2026-08-17T18:48:05Z,2026-08-17T18:48:05Z,
189.152.130.2,ipv4,malicious-ip,medium,WHITE,ziyadnz/hourly-ipv4,ziyadnz|hourly,2026-08-17T18:48:05Z,2026-08-17T18:48:05Z,
189.152.251.81,ipv4,malicious-ip,medium,WHITE,ziyadnz/hourly-ipv4,ziyadnz|hourly,2026-08-17T18:48:05Z,2026-08-17T18:48:05Z,
189.153.39.24,ipv4,malicious-ip,medium,WHITE,ziyadnz/hourly-ipv4,ziyadnz|hourly,2026-08-17T18:48:05Z,2026-08-17T18:48:05Z,
189.156.228.25,ipv4,malicious-ip,medium,WHITE,ziyadnz/hourly-ipv4,ziyadnz|hourly,2026-08-17T18:48:05Z,2026-08-17T18:48:05Z,
189.162.10.39,ipv4,malicious-ip,medium,WHITE,ziyadnz/hourly-ipv4,ziyadnz|hourly,2026-08-17T18:48:05Z,2026-08-17T18:48:05Z,
189.162.166.189,ipv4,malicious-ip,medium,WHITE,ziyadnz/hourly-ipv4,ziyadnz|hourly,2026-08-17T18:48:05Z,2026-08-17T18:48:05Z,
189.162.192.68,ipv4,malicious-ip,medium,WHITE,ziyadnz/hourly-ipv4,ziyadnz|hourly,2026-08-17T18:48:05Z,2026-08-17T18:48:05Z,
189.162.205.148,ipv4,malicious-ip,medium,WHITE,ziyadnz/hourly-ipv4,ziyadnz|hourly,2026-08-17T18:48:05Z,2026-08-17T18:48:05Z,
189.162.41.234,ipv4,malicious-ip,medium,WHITE,ziyadnz/hourly-ipv4,ziyadnz|hourly,2026-08-17T18:48:05Z,2026-08-17T18:48:05Z,
189.162.43.41,ipv4,malicious-ip,medium,WHITE,ziyadnz/hourly-ipv4,ziyadnz|hourly,2026-08-17T18:48:05Z,2026-08-17T18:48:05Z,
189.162.46.33,ipv4,malicious-ip,medium,WHITE,ziyadnz/hourly-ipv4,ziyadnz|hourly,2026-08-17T18:48:05Z,2026-08-17T18:48:05Z,
189.162.85.255,ipv4,malicious-ip,medium,WHITE,ziyadnz/hourly-ipv4,ziyadnz|hourly,2026-08-17T18:48:05Z,2026-08-17T18:48:05Z,
189.163.20.15,ipv4,malicious-ip,medium,WHITE,ziyadnz/hourly-ipv4,ziyadnz|hourly,2026-08-17T18:48:05Z,2026-08-17T18:48:05Z,
189.164.22.36,ipv4,malicious-ip,medium,WHITE,ziyadnz/hourly-ipv4,ziyadnz|hourly,2026-08-17T18:48:05Z,2026-08-17T18:48:05Z,
189.164.250.177,ipv4,malicious-ip,medium,WHITE,ziyadnz/hourly-ipv4,ziyadnz|hourly,2026-08-17T18:48:05Z,2026-08-17T18:48:05Z,
189.164.50.195,ipv4,malicious-ip,medium,WHITE,ziyadnz/hourly-ipv4,ziyadnz|hourly,2026-08-17T18:48:05Z,2026-08-17T18:48:05Z,
189.164.9.215,ipv4,malicious-ip,medium,WHITE,ziyadnz/hourly-ipv4,ziyadnz|hourly,2026-08-17T18:48:05Z,2026-08-17T18:48:05Z,
189.165.128.76,ipv4,malicious-ip,medium,WHITE,ziyadnz/hourly-ipv4,ziyadnz|hourly,2026-08-17T18:48:05Z,2026-08-17T18:48:05Z,
189.165.234.241,ipv4,malicious-ip,medium,WHITE,ziyadnz/hourly-ipv4,ziyadnz|hourly,2026-08-17T18:48:05Z,2026-08-17T18:48:05Z,
189.165.55.250,ipv4,malicious-ip,medium,WHITE,ziyadnz/hourly-ipv4,ziyadnz|hourly,2026-08-17T18:48:05Z,2026-08-17T18:48:05Z,
189.165.70.195,ipv4,malicious-ip,medium,WHITE,ziyadnz/hourly-ipv4,ziyadnz|hourly,2026-08-17T18:48:05Z,2026-08-17T18:48:05Z,
189.167.196.66,ipv4,malicious-ip,medium,WHITE,ziyadnz/hourly-ipv4,ziyadnz|hourly,2026-08-17T18:48:05Z,2026-08-17T18:48:05Z,
189.167.198.90,ipv4,malicious-ip,medium,WHITE,ziyadnz/hourly-ipv4,ziyadnz|hourly,2026-08-17T18:48:05Z,2026-08-17T18:48:05Z,
189.167.221.119,ipv4,malicious-ip,medium,WHITE,ziyadnz/hourly-ipv4,ziyadnz|hourly,2026-08-17T18:48:05Z,2026-08-17T18:48:05Z,
189.167.231.98,ipv4,malicious-ip,medium,WHITE,ziyadnz/hourly-ipv4,ziyadnz|hourly,2026-08-17T18:48:05Z,2026-08-17T18:48:05Z,
189.167.38.220,ipv4,malicious-ip,medium,WHITE,ziyadnz/hourly-ipv4,ziyadnz|hourly,2026-08-17T18:48:05Z,2026-08-17T18:48:05Z,
189.169.113.206,ipv4,malicious-ip,medium,WHITE,ziyadnz/hourly-ipv4,ziyadnz|hourly,2026-08-17T18:48:05Z,2026-08-17T18:48:05Z,
189.169.115.186,ipv4,malicious-ip,medium,WHITE,ziyadnz/hourly-ipv4,ziyadnz|hourly,2026-08-17T18:48:05Z,2026-08-17T18:48:05Z,
189.169.116.251,ipv4,malicious-ip,medium,WHITE,ziyadnz/hourly-ipv4,ziyadnz|hourly,2026-08-17T18:48:05Z,2026-08-17T18:48:05Z,
189.169.120.74,ipv4,malicious-ip,medium,WHITE,ziyadnz/hourly-ipv4,ziyadnz|hourly,2026-08-17T18:48:05Z,2026-08-17T18:48:05Z,
189.169.120.98,ipv4,malicious-ip,medium,WHITE,ziyadnz/hourly-ipv4,ziyadnz|hourly,2026-08-17T18:48:05Z,2026-08-17T18:48:05Z,
189.169.121.156,ipv4,malicious-ip,medium,WHITE,ziyadnz/hourly-ipv4,ziyadnz|hourly,2026-08-17T18:48:05Z,2026-08-17T18:48:05Z,
189.169.124.195,ipv4,malicious-ip,medium,WHITE,ziyadnz/hourly-ipv4,ziyadnz|hourly,2026-08-17T18:48:05Z,2026-08-17T18:48:05Z,
189.169.132.8,ipv4,malicious-ip,medium,WHITE,ziyadnz/hourly-ipv4,ziyadnz|hourly,2026-08-17T18:48:05Z,2026-08-17T18:48:05Z,
189.169.24.245,ipv4,malicious-ip,medium,WHITE,ziyadnz/hourly-ipv4,ziyadnz|hourly,2026-08-17T18:48:05Z,2026-08-17T18:48:05Z,
189.169.77.105,ipv4,malicious-ip,medium,WHITE,ziyadnz/hourly-ipv4,ziyadnz|hourly,2026-08-17T18:48:05Z,2026-08-17T18:48:05Z,
189.171.142.170,ipv4,malicious-ip,medium,WHITE,ziyadnz/hourly-ipv4,ziyadnz|hourly,2026-08-17T18:48:05Z,2026-08-17T18:48:05Z,
189.171.94.94,ipv4,malicious-ip,medium,WHITE,ziyadnz/hourly-ipv4,ziyadnz|hourly,2026-08-17T18:48:05Z,2026-08-17T18:48:05Z,
189.174.10.97,ipv4,malicious-ip,medium,WHITE,ziyadnz/hourly-ipv4,ziyadnz|hourly,2026-08-17T18:48:05Z,2026-08-17T18:48:05Z,
189.174.18.182,ipv4,malicious-ip,medium,WHITE,ziyadnz/hourly-ipv4,ziyadnz|hourly,2026-08-17T18:48:05Z,2026-08-17T18:48:05Z,
189.175.27.171,ipv4,malicious-ip,medium,WHITE,ziyadnz/hourly-ipv4,ziyadnz|hourly,2026-08-17T18:48:05Z,2026-08-17T18:48:05Z,
189.176.188.234,ipv4,malicious-ip,medium,WHITE,ziyadnz/hourly-ipv4,ziyadnz|hourly,2026-08-17T18:48:05Z,2026-08-17T18:48:05Z,
189.176.72.156,ipv4,malicious-ip,medium,WHITE,ziyadnz/hourly-ipv4,ziyadnz|hourly,2026-08-17T18:48:05Z,2026-08-17T18:48:05Z,
189.178.198.137,ipv4,malicious-ip,medium,WHITE,ziyadnz/hourly-ipv4,ziyadnz|hourly,2026-08-17T18:48:05Z,2026-08-17T18:48:05Z,
189.178.22.242,ipv4,malicious-ip,medium,WHITE,ziyadnz/hourly-ipv4,ziyadnz|hourly,2026-08-17T18:48:05Z,2026-08-17T18:48:05Z,
189.178.44.147,ipv4,malicious-ip,medium,WHITE,ziyadnz/hourly-ipv4,ziyadnz|hourly,2026-08-17T18:48:05Z,2026-08-17T18:48:05Z,
189.178.46.102,ipv4,malicious-ip,medium,WHITE,ziyadnz/hourly-ipv4,ziyadnz|hourly,2026-08-17T18:48:05Z,2026-08-17T18:48:05Z,
189.179.79.77,ipv4,malicious-ip,medium,WHITE,ziyadnz/hourly-ipv4,ziyadnz|hourly,2026-08-17T18:48:05Z,2026-08-17T18:48:05Z,
189.18.108.60,ipv4,malicious-ip,medium,WHITE,ziyadnz/hourly-ipv4,ziyadnz|hourly,2026-08-17T18:48:05Z,2026-08-17T18:48:05Z,
189.18.138.88,ipv4,malicious-ip,medium,WHITE,ziyadnz/hourly-ipv4,ziyadnz|hourly,2026-08-17T18:48:05Z,2026-08-17T18:48:05Z,
189.18.146.217,ipv4,malicious-ip,medium,WHITE,ziyadnz/hourly-ipv4,ziyadnz|hourly,2026-08-17T18:48:05Z,2026-08-17T18:48:05Z,
189.18.162.127,ipv4,malicious-ip,medium,WHITE,ziyadnz/hourly-ipv4,ziyadnz|hourly,2026-08-17T18:48:05Z,2026-08-17T18:48:05Z,
189.18.37.22,ipv4,malicious-ip,medium,WHITE,ziyadnz/hourly-ipv4,ziyadnz|hourly,2026-08-17T18:48:05Z,2026-08-17T18:48:05Z,
189.180.145.105,ipv4,malicious-ip,medium,WHITE,ziyadnz/hourly-ipv4,ziyadnz|hourly,2026-08-17T18:48:05Z,2026-08-17T18:48:05Z,
189.183.158.166,ipv4,malicious-ip,medium,WHITE,ziyadnz/hourly-ipv4,ziyadnz|hourly,2026-08-17T18:48:05Z,2026-08-17T18:48:05Z,
189.183.33.42,ipv4,malicious-ip,medium,WHITE,ziyadnz/hourly-ipv4,ziyadnz|hourly,2026-08-17T18:48:05Z,2026-08-17T18:48:05Z,
189.183.7.12,ipv4,malicious-ip,medium,WHITE,ziyadnz/hourly-ipv4,ziyadnz|hourly,2026-08-17T18:48:05Z,2026-08-17T18:48:05Z,
189.188.0.197,ipv4,malicious-ip,medium,WHITE,ziyadnz/hourly-ipv4,ziyadnz|hourly,2026-08-17T18:48:05Z,2026-08-17T18:48:05Z,
189.188.176.146,ipv4,malicious-ip,medium,WHITE,ziyadnz/hourly-ipv4,ziyadnz|hourly,2026-08-17T18:48:05Z,2026-08-17T18:48:05Z,
189.189.39.202,ipv4,malicious-ip,medium,WHITE,ziyadnz/hourly-ipv4,ziyadnz|hourly,2026-08-17T18:48:05Z,2026-08-17T18:48:05Z,
189.190.173.73,ipv4,malicious-ip,medium,WHITE,ziyadnz/hourly-ipv4,ziyadnz|hourly,2026-08-17T18:48:05Z,2026-08-17T18:48:05Z,
189.190.200.148,ipv4,malicious-ip,medium,WHITE,ziyadnz/hourly-ipv4,ziyadnz|hourly,2026-08-17T18:48:05Z,2026-08-17T18:48:05Z,
189.190.244.176,ipv4,malicious-ip,medium,WHITE,ziyadnz/hourly-ipv4,ziyadnz|hourly,2026-08-17T18:48:05Z,2026-08-17T18:48:05Z,
189.191.119.242,ipv4,malicious-ip,medium,WHITE,ziyadnz/hourly-ipv4,ziyadnz|hourly,2026-08-17T18:48:05Z,2026-08-17T18:48:05Z,
189.191.150.244,ipv4,malicious-ip,medium,WHITE,ziyadnz/hourly-ipv4,ziyadnz|hourly,2026-08-17T18:48:05Z,2026-08-17T18:48:05Z,
189.194.241.8,ipv4,malicious-ip,medium,WHITE,ziyadnz/hourly-ipv4,ziyadnz|hourly,2026-08-17T18:48:05Z,2026-08-17T18:48:05Z,
189.195.176.12,ipv4,malicious-ip,medium,WHITE,ziyadnz/hourly-ipv4,ziyadnz|hourly,2026-08-17T18:48:05Z,2026-08-17T18:48:05Z,
189.197.192.68,ipv4,malicious-ip,medium,WHITE,ziyadnz/hourly-ipv4,ziyadnz|hourly,2026-08-17T18:48:05Z,2026-08-17T18:48:05Z,
189.20.108.58,ipv4,malicious-ip,medium,WHITE,ziyadnz/hourly-ipv4,ziyadnz|hourly,2026-08-17T18:48:05Z,2026-08-17T18:48:05Z,
189.201.197.8,ipv4,malicious-ip,medium,WHITE,ziyadnz/hourly-ipv4,ziyadnz|hourly,2026-08-17T18:48:05Z,2026-08-17T18:48:05Z,
189.202.190.162,ipv4,malicious-ip,medium,WHITE,ziyadnz/hourly-ipv4,ziyadnz|hourly,2026-08-17T18:48:05Z,2026-08-17T18:48:05Z,
189.203.104.70,ipv4,malicious-ip,medium,WHITE,ziyadnz/hourly-ipv4,ziyadnz|hourly,2026-08-17T18:48:05Z,2026-08-17T18:48:05Z,
189.203.12.65,ipv4,malicious-ip,medium,WHITE,ziyadnz/hourly-ipv4,ziyadnz|hourly,2026-08-17T18:48:05Z,2026-08-17T18:48:05Z,
189.203.137.139,ipv4,malicious-ip,medium,WHITE,ziyadnz/hourly-ipv4,ziyadnz|hourly,2026-08-17T18:48:05Z,2026-08-17T18:48:05Z,
189.203.174.147,ipv4,malicious-ip,medium,WHITE,ziyadnz/hourly-ipv4,ziyadnz|hourly,2026-08-17T18:48:05Z,2026-08-17T18:48:05Z,
189.203.187.145,ipv4,malicious-ip,medium,WHITE,ziyadnz/hourly-ipv4,ziyadnz|hourly,2026-08-17T18:48:05Z,2026-08-17T18:48:05Z,
189.203.187.37,ipv4,malicious-ip,medium,WHITE,ziyadnz/hourly-ipv4,ziyadnz|hourly,2026-08-17T18:48:05Z,2026-08-17T18:48:05Z,
189.203.190.153,ipv4,malicious-ip,medium,WHITE,ziyadnz/hourly-ipv4,ziyadnz|hourly,2026-08-17T18:48:05Z,2026-08-17T18:48:05Z,
189.203.193.132,ipv4,malicious-ip,medium,WHITE,ziyadnz/hourly-ipv4,ziyadnz|hourly,2026-08-17T18:48:05Z,2026-08-17T18:48:05Z,
189.203.193.254,ipv4,malicious-ip,medium,WHITE,ziyadnz/hourly-ipv4,ziyadnz|hourly,2026-08-17T18:48:05Z,2026-08-17T18:48:05Z,
189.203.204.212,ipv4,malicious-ip,medium,WHITE,ziyadnz/hourly-ipv4,ziyadnz|hourly,2026-08-17T18:48:05Z,2026-08-17T18:48:05Z,
189.203.252.98,ipv4,malicious-ip,medium,WHITE,ziyadnz/hourly-ipv4,ziyadnz|hourly,2026-08-17T18:48:05Z,2026-08-17T18:48:05Z,
189.203.28.129,ipv4,malicious-ip,medium,WHITE,ziyadnz/hourly-ipv4,ziyadnz|hourly,2026-08-17T18:48:05Z,2026-08-17T18:48:05Z,
189.203.37.192,ipv4,malicious-ip,medium,WHITE,ziyadnz/hourly-ipv4,ziyadnz|hourly,2026-08-17T18:48:05Z,2026-08-17T18:48:05Z,
189.203.37.9,ipv4,malicious-ip,medium,WHITE,ziyadnz/hourly-ipv4,ziyadnz|hourly,2026-08-17T18:48:05Z,2026-08-17T18:48:05Z,
189.203.6.125,ipv4,malicious-ip,medium,WHITE,ziyadnz/hourly-ipv4,ziyadnz|hourly,2026-08-17T18:48:05Z,2026-08-17T18:48:05Z,
189.203.6.127,ipv4,malicious-ip,medium,WHITE,ziyadnz/hourly-ipv4,ziyadnz|hourly,2026-08-17T18:48:05Z,2026-08-17T18:48:05Z,
189.203.6.86,ipv4,malicious-ip,medium,WHITE,ziyadnz/hourly-ipv4,ziyadnz|hourly,2026-08-17T18:48:05Z,2026-08-17T18:48:05Z,
189.203.85.220,ipv4,malicious-ip,medium,WHITE,ziyadnz/hourly-ipv4,ziyadnz|hourly,2026-08-17T18:48:05Z,2026-08-17T18:48:05Z,
189.204.156.170,ipv4,malicious-ip,medium,WHITE,ziyadnz/hourly-ipv4,ziyadnz|hourly,2026-08-17T18:48:05Z,2026-08-17T18:48:05Z,
189.204.156.242,ipv4,malicious-ip,medium,WHITE,ziyadnz/hourly-ipv4,ziyadnz|hourly,2026-08-17T18:48:05Z,2026-08-17T18:48:05Z,
189.204.230.91,ipv4,malicious-ip,medium,WHITE,ziyadnz/hourly-ipv4,ziyadnz|hourly,2026-08-17T18:48:05Z,2026-08-17T18:48:05Z,
189.205.57.154,ipv4,malicious-ip,medium,WHITE,ziyadnz/hourly-ipv4,ziyadnz|hourly,2026-08-17T18:48:05Z,2026-08-17T18:48:05Z,
189.206.155.253,ipv4,malicious-ip,medium,WHITE,ziyadnz/hourly-ipv4,ziyadnz|hourly,2026-08-17T18:48:05Z,2026-08-17T18:48:05Z,
189.206.21.221,ipv4,malicious-ip,medium,WHITE,ziyadnz/hourly-ipv4,ziyadnz|hourly,2026-08-17T18:48:05Z,2026-08-17T18:48:05Z,
189.206.89.195,ipv4,malicious-ip,medium,WHITE,ziyadnz/hourly-ipv4,ziyadnz|hourly,2026-08-17T18:48:05Z,2026-08-17T18:48:05Z,
189.215.123.86,ipv4,malicious-ip,medium,WHITE,ziyadnz/hourly-ipv4,ziyadnz|hourly,2026-08-17T18:48:05Z,2026-08-17T18:48:05Z,
189.216.104.0,ipv4,malicious-ip,medium,WHITE,ziyadnz/hourly-ipv4,ziyadnz|hourly,2026-08-17T18:48:05Z,2026-08-17T18:48:05Z,
189.216.168.183,ipv4,malicious-ip,medium,WHITE,ziyadnz/hourly-ipv4,ziyadnz|hourly,2026-08-17T18:48:05Z,2026-08-17T18:48:05Z,
189.216.169.78,ipv4,malicious-ip,medium,WHITE,ziyadnz/hourly-ipv4,ziyadnz|hourly,2026-08-17T18:48:05Z,2026-08-17T18:48:05Z,
189.216.170.153,ipv4,malicious-ip,medium,WHITE,ziyadnz/hourly-ipv4,ziyadnz|hourly,2026-08-17T18:48:05Z,2026-08-17T18:48:05Z,
189.216.170.31,ipv4,malicious-ip,medium,WHITE,ziyadnz/hourly-ipv4,ziyadnz|hourly,2026-08-17T18:48:05Z,2026-08-17T18:48:05Z,
189.216.171.46,ipv4,malicious-ip,medium,WHITE,ziyadnz/hourly-ipv4,ziyadnz|hourly,2026-08-17T18:48:05Z,2026-08-17T18:48:05Z,
189.216.232.156,ipv4,malicious-ip,medium,WHITE,ziyadnz/hourly-ipv4,ziyadnz|hourly,2026-08-17T18:48:05Z,2026-08-17T18:48:05Z,
189.216.232.92,ipv4,malicious-ip,medium,WHITE,ziyadnz/hourly-ipv4,ziyadnz|hourly,2026-08-17T18:48:05Z,2026-08-17T18:48:05Z,
189.216.235.148,ipv4,malicious-ip,medium,WHITE,ziyadnz/hourly-ipv4,ziyadnz|hourly,2026-08-17T18:48:05Z,2026-08-17T18:48:05Z,
189.216.235.23,ipv4,malicious-ip,medium,WHITE,ziyadnz/hourly-ipv4,ziyadnz|hourly,2026-08-17T18:48:05Z,2026-08-17T18:48:05Z,
189.216.40.27,ipv4,malicious-ip,medium,WHITE,ziyadnz/hourly-ipv4,ziyadnz|hourly,2026-08-17T18:48:05Z,2026-08-17T18:48:05Z,
189.216.41.254,ipv4,malicious-ip,medium,WHITE,ziyadnz/hourly-ipv4,ziyadnz|hourly,2026-08-17T18:48:05Z,2026-08-17T18:48:05Z,
189.216.43.212,ipv4,malicious-ip,medium,WHITE,ziyadnz/hourly-ipv4,ziyadnz|hourly,2026-08-17T18:48:05Z,2026-08-17T18:48:05Z,
189.216.43.75,ipv4,malicious-ip,medium,WHITE,ziyadnz/hourly-ipv4,ziyadnz|hourly,2026-08-17T18:48:05Z,2026-08-17T18:48:05Z,
189.217.130.86,ipv4,malicious-ip,medium,WHITE,ziyadnz/hourly-ipv4,ziyadnz|hourly,2026-08-17T18:48:05Z,2026-08-17T18:48:05Z,
189.217.18.87,ipv4,malicious-ip,medium,WHITE,ziyadnz/hourly-ipv4,ziyadnz|hourly,2026-08-17T18:48:05Z,2026-08-17T18:48:05Z,
189.217.192.27,ipv4,malicious-ip,medium,WHITE,ziyadnz/hourly-ipv4,ziyadnz|hourly,2026-08-17T18:48:05Z,2026-08-17T18:48:05Z,
189.217.200.26,ipv4,malicious-ip,medium,WHITE,ziyadnz/hourly-ipv4,ziyadnz|hourly,2026-08-17T18:48:05Z,2026-08-17T18:48:05Z,
189.218.68.192,ipv4,malicious-ip,medium,WHITE,ziyadnz/hourly-ipv4,ziyadnz|hourly,2026-08-17T18:48:05Z,2026-08-17T18:48:05Z,
189.219.114.77,ipv4,malicious-ip,medium,WHITE,ziyadnz/hourly-ipv4,ziyadnz|hourly,2026-08-17T18:48:05Z,2026-08-17T18:48:05Z,
189.219.65.230,ipv4,malicious-ip,medium,WHITE,ziyadnz/hourly-ipv4,ziyadnz|hourly,2026-08-17T18:48:05Z,2026-08-17T18:48:05Z,
189.219.98.230,ipv4,malicious-ip,medium,WHITE,ziyadnz/hourly-ipv4,ziyadnz|hourly,2026-08-17T18:48:05Z,2026-08-17T18:48:05Z,
189.222.241.216,ipv4,malicious-ip,medium,WHITE,ziyadnz/hourly-ipv4,ziyadnz|hourly,2026-08-17T18:48:05Z,2026-08-17T18:48:05Z,
189.223.211.196,ipv4,malicious-ip,medium,WHITE,ziyadnz/hourly-ipv4,ziyadnz|hourly,2026-08-17T18:48:05Z,2026-08-17T18:48:05Z,
189.223.222.123,ipv4,malicious-ip,medium,WHITE,ziyadnz/hourly-ipv4,ziyadnz|hourly,2026-08-17T18:48:05Z,2026-08-17T18:48:05Z,
189.223.228.157,ipv4,malicious-ip,medium,WHITE,ziyadnz/hourly-ipv4,ziyadnz|hourly,2026-08-17T18:48:05Z,2026-08-17T18:48:05Z,
189.225.190.89,ipv4,malicious-ip,medium,WHITE,ziyadnz/hourly-ipv4,ziyadnz|hourly,2026-08-17T18:48:05Z,2026-08-17T18:48:05Z,
189.226.48.198,ipv4,malicious-ip,medium,WHITE,ziyadnz/hourly-ipv4,ziyadnz|hourly,2026-08-17T18:48:05Z,2026-08-17T18:48:05Z,
189.229.138.43,ipv4,malicious-ip,medium,WHITE,ziyadnz/hourly-ipv4,ziyadnz|hourly,2026-08-17T18:48:05Z,2026-08-17T18:48:05Z,
189.229.55.141,ipv4,malicious-ip,medium,WHITE,ziyadnz/hourly-ipv4,ziyadnz|hourly,2026-08-17T18:48:05Z,2026-08-17T18:48:05Z,
189.231.250.27,ipv4,malicious-ip,medium,WHITE,ziyadnz/hourly-ipv4,ziyadnz|hourly,2026-08-17T18:48:05Z,2026-08-17T18:48:05Z,
189.234.168.227,ipv4,malicious-ip,medium,WHITE,ziyadnz/hourly-ipv4,ziyadnz|hourly,2026-08-17T18:48:05Z,2026-08-17T18:48:05Z,
189.234.173.75,ipv4,malicious-ip,medium,WHITE,ziyadnz/hourly-ipv4,ziyadnz|hourly,2026-08-17T18:48:05Z,2026-08-17T18:48:05Z,
189.234.208.154,ipv4,malicious-ip,medium,WHITE,ziyadnz/hourly-ipv4,ziyadnz|hourly,2026-08-17T18:48:05Z,2026-08-17T18:48:05Z,
189.235.104.228,ipv4,malicious-ip,medium,WHITE,ziyadnz/hourly-ipv4,ziyadnz|hourly,2026-08-17T18:48:05Z,2026-08-17T18:48:05Z,
189.237.253.111,ipv4,malicious-ip,medium,WHITE,ziyadnz/hourly-ipv4,ziyadnz|hourly,2026-08-17T18:48:05Z,2026-08-17T18:48:05Z,
189.239.140.225,ipv4,malicious-ip,medium,WHITE,ziyadnz/hourly-ipv4,ziyadnz|hourly,2026-08-17T18:48:05Z,2026-08-17T18:48:05Z,
189.24.61.199,ipv4,malicious-ip,medium,WHITE,ziyadnz/hourly-ipv4,ziyadnz|hourly,2026-08-17T18:48:05Z,2026-08-17T18:48:05Z,
189.240.58.174,ipv4,malicious-ip,medium,WHITE,ziyadnz/hourly-ipv4,ziyadnz|hourly,2026-08-17T18:48:05Z,2026-08-17T18:48:05Z,
189.241.13.204,ipv4,malicious-ip,medium,WHITE,ziyadnz/hourly-ipv4,ziyadnz|hourly,2026-08-17T18:48:05Z,2026-08-17T18:48:05Z,
189.243.213.22,ipv4,malicious-ip,medium,WHITE,ziyadnz/hourly-ipv4,ziyadnz|hourly,2026-08-17T18:48:05Z,2026-08-17T18:48:05Z,
189.244.116.39,ipv4,malicious-ip,medium,WHITE,ziyadnz/hourly-ipv4,ziyadnz|hourly,2026-08-17T18:48:05Z,2026-08-17T18:48:05Z,
189.244.42.190,ipv4,malicious-ip,medium,WHITE,ziyadnz/hourly-ipv4,ziyadnz|hourly,2026-08-17T18:48:05Z,2026-08-17T18:48:05Z,
189.245.98.215,ipv4,malicious-ip,medium,WHITE,ziyadnz/hourly-ipv4,ziyadnz|hourly,2026-08-17T18:48:05Z,2026-08-17T18:48:05Z,
189.250.42.78,ipv4,malicious-ip,medium,WHITE,ziyadnz/hourly-ipv4,ziyadnz|hourly,2026-08-17T18:48:05Z,2026-08-17T18:48:05Z,
189.251.97.194,ipv4,malicious-ip,medium,WHITE,ziyadnz/hourly-ipv4,ziyadnz|hourly,2026-08-17T18:48:05Z,2026-08-17T18:48:05Z,
189.253.120.112,ipv4,malicious-ip,medium,WHITE,ziyadnz/hourly-ipv4,ziyadnz|hourly,2026-08-17T18:48:05Z,2026-08-17T18:48:05Z,
189.253.120.179,ipv4,malicious-ip,medium,WHITE,ziyadnz/hourly-ipv4,ziyadnz|hourly,2026-08-17T18:48:05Z,2026-08-17T18:48:05Z,
189.253.167.141,ipv4,malicious-ip,medium,WHITE,ziyadnz/hourly-ipv4,ziyadnz|hourly,2026-08-17T18:48:05Z,2026-08-17T18:48:05Z,
189.253.196.184,ipv4,malicious-ip,medium,WHITE,ziyadnz/hourly-ipv4,ziyadnz|hourly,2026-08-17T18:48:05Z,2026-08-17T18:48:05Z,
189.253.49.133,ipv4,malicious-ip,medium,WHITE,ziyadnz/hourly-ipv4,ziyadnz|hourly,2026-08-17T18:48:05Z,2026-08-17T18:48:05Z,
189.26.166.10,ipv4,malicious-ip,medium,WHITE,ziyadnz/hourly-ipv4,ziyadnz|hourly,2026-08-17T18:48:05Z,2026-08-17T18:48:05Z,
189.26.53.42,ipv4,malicious-ip,medium,WHITE,ziyadnz/hourly-ipv4,ziyadnz|hourly,2026-08-17T18:48:05Z,2026-08-17T18:48:05Z,
189.27.196.49,ipv4,malicious-ip,medium,WHITE,ziyadnz/hourly-ipv4,ziyadnz|hourly,2026-08-17T18:48:05Z,2026-08-17T18:48:05Z,
189.28.204.79,ipv4,malicious-ip,medium,WHITE,ziyadnz/hourly-ipv4,ziyadnz|hourly,2026-08-17T18:48:05Z,2026-08-17T18:48:05Z,
189.28.56.48,ipv4,malicious-ip,medium,WHITE,ziyadnz/hourly-ipv4,ziyadnz|hourly,2026-08-17T18:48:05Z,2026-08-17T18:48:05Z,
189.28.66.243,ipv4,malicious-ip,medium,WHITE,ziyadnz/hourly-ipv4,ziyadnz|hourly,2026-08-17T18:48:05Z,2026-08-17T18:48:05Z,
189.28.73.99,ipv4,malicious-ip,medium,WHITE,ziyadnz/hourly-ipv4,ziyadnz|hourly,2026-08-17T18:48:05Z,2026-08-17T18:48:05Z,
189.28.90.185,ipv4,malicious-ip,medium,WHITE,ziyadnz/hourly-ipv4,ziyadnz|hourly,2026-08-17T18:48:05Z,2026-08-17T18:48:05Z,
189.28.95.3,ipv4,malicious-ip,medium,WHITE,ziyadnz/hourly-ipv4,ziyadnz|hourly,2026-08-17T18:48:05Z,2026-08-17T18:48:05Z,
189.29.146.135,ipv4,malicious-ip,medium,WHITE,ziyadnz/hourly-ipv4,ziyadnz|hourly,2026-08-17T18:48:05Z,2026-08-17T18:48:05Z,
189.29.147.23,ipv4,malicious-ip,medium,WHITE,ziyadnz/hourly-ipv4,ziyadnz|hourly,2026-08-17T18:48:05Z,2026-08-17T18:48:05Z,
189.29.149.232,ipv4,malicious-ip,medium,WHITE,ziyadnz/hourly-ipv4,ziyadnz|hourly,2026-08-17T18:48:05Z,2026-08-17T18:48:05Z,
189.29.150.227,ipv4,malicious-ip,medium,WHITE,ziyadnz/hourly-ipv4,ziyadnz|hourly,2026-08-17T18:48:05Z,2026-08-17T18:48:05Z,
189.29.150.55,ipv4,malicious-ip,medium,WHITE,ziyadnz/hourly-ipv4,ziyadnz|hourly,2026-08-17T18:48:05Z,2026-08-17T18:48:05Z,
189.29.151.227,ipv4,malicious-ip,medium,WHITE,ziyadnz/hourly-ipv4,ziyadnz|hourly,2026-08-17T18:48:05Z,2026-08-17T18:48:05Z,
189.29.237.58,ipv4,malicious-ip,medium,WHITE,ziyadnz/hourly-ipv4,ziyadnz|hourly,2026-08-17T18:48:05Z,2026-08-17T18:48:05Z,
189.29.94.120,ipv4,malicious-ip,medium,WHITE,ziyadnz/hourly-ipv4,ziyadnz|hourly,2026-08-17T18:48:05Z,2026-08-17T18:48:05Z,
189.3.27.198,ipv4,malicious-ip,medium,WHITE,ziyadnz/hourly-ipv4,ziyadnz|hourly,2026-08-17T18:48:05Z,2026-08-17T18:48:05Z,
189.32.223.204,ipv4,malicious-ip,medium,WHITE,ziyadnz/hourly-ipv4,ziyadnz|hourly,2026-08-17T18:48:05Z,2026-08-17T18:48:05Z,
189.32.49.243,ipv4,malicious-ip,medium,WHITE,ziyadnz/hourly-ipv4,ziyadnz|hourly,2026-08-17T18:48:05Z,2026-08-17T18:48:05Z,
189.33.64.37,ipv4,malicious-ip,medium,WHITE,ziyadnz/hourly-ipv4,ziyadnz|hourly,2026-08-17T18:48:05Z,2026-08-17T18:48:05Z,
189.33.65.176,ipv4,malicious-ip,medium,WHITE,ziyadnz/hourly-ipv4,ziyadnz|hourly,2026-08-17T18:48:05Z,2026-08-17T18:48:05Z,
189.33.65.9,ipv4,malicious-ip,medium,WHITE,ziyadnz/hourly-ipv4,ziyadnz|hourly,2026-08-17T18:48:05Z,2026-08-17T18:48:05Z,
189.34.144.248,ipv4,malicious-ip,medium,WHITE,ziyadnz/hourly-ipv4,ziyadnz|hourly,2026-08-17T18:48:05Z,2026-08-17T18:48:05Z,
189.34.154.120,ipv4,malicious-ip,medium,WHITE,ziyadnz/hourly-ipv4,ziyadnz|hourly,2026-08-17T18:48:05Z,2026-08-17T18:48:05Z,
189.34.154.198,ipv4,malicious-ip,medium,WHITE,ziyadnz/hourly-ipv4,ziyadnz|hourly,2026-08-17T18:48:05Z,2026-08-17T18:48:05Z,
189.34.154.39,ipv4,malicious-ip,medium,WHITE,ziyadnz/hourly-ipv4,ziyadnz|hourly,2026-08-17T18:48:05Z,2026-08-17T18:48:05Z,
189.34.188.34,ipv4,malicious-ip,medium,WHITE,ziyadnz/hourly-ipv4,ziyadnz|hourly,2026-08-17T18:48:05Z,2026-08-17T18:48:05Z,
189.34.198.101,ipv4,malicious-ip,medium,WHITE,ziyadnz/hourly-ipv4,ziyadnz|hourly,2026-08-17T18:48:05Z,2026-08-17T18:48:05Z,
189.34.198.254,ipv4,malicious-ip,medium,WHITE,ziyadnz/hourly-ipv4,ziyadnz|hourly,2026-08-17T18:48:05Z,2026-08-17T18:48:05Z,
189.35.64.28,ipv4,malicious-ip,medium,WHITE,ziyadnz/hourly-ipv4,ziyadnz|hourly,2026-08-17T18:48:05Z,2026-08-17T18:48:05Z,
189.36.133.185,ipv4,malicious-ip,medium,WHITE,ziyadnz/hourly-ipv4,ziyadnz|hourly,2026-08-17T18:48:05Z,2026-08-17T18:48:05Z,
189.36.206.74,ipv4,malicious-ip,medium,WHITE,ziyadnz/hourly-ipv4,ziyadnz|hourly,2026-08-17T18:48:05Z,2026-08-17T18:48:05Z,
189.36.233.109,ipv4,malicious-ip,medium,WHITE,ziyadnz/hourly-ipv4,ziyadnz|hourly,2026-08-17T18:48:05Z,2026-08-17T18:48:05Z,
189.38.18.1,ipv4,malicious-ip,medium,WHITE,ziyadnz/hourly-ipv4,ziyadnz|hourly,2026-08-17T18:48:05Z,2026-08-17T18:48:05Z,
189.38.236.2,ipv4,malicious-ip,medium,WHITE,ziyadnz/hourly-ipv4,ziyadnz|hourly,2026-08-17T18:48:05Z,2026-08-17T18:48:05Z,
189.39.138.164,ipv4,malicious-ip,medium,WHITE,ziyadnz/hourly-ipv4,ziyadnz|hourly,2026-08-17T18:48:05Z,2026-08-17T18:48:05Z,
189.39.184.178,ipv4,malicious-ip,medium,WHITE,ziyadnz/hourly-ipv4,ziyadnz|hourly,2026-08-17T18:48:05Z,2026-08-17T18:48:05Z,
189.4.106.130,ipv4,malicious-ip,medium,WHITE,ziyadnz/hourly-ipv4,ziyadnz|hourly,2026-08-17T18:48:05Z,2026-08-17T18:48:05Z,
189.4.110.182,ipv4,malicious-ip,medium,WHITE,ziyadnz/hourly-ipv4,ziyadnz|hourly,2026-08-17T18:48:05Z,2026-08-17T18:48:05Z,
189.4.111.166,ipv4,malicious-ip,medium,WHITE,ziyadnz/hourly-ipv4,ziyadnz|hourly,2026-08-17T18:48:05Z,2026-08-17T18:48:05Z,
189.4.147.61,ipv4,malicious-ip,medium,WHITE,ziyadnz/hourly-ipv4,ziyadnz|hourly,2026-08-17T18:48:05Z,2026-08-17T18:48:05Z,
189.4.177.156,ipv4,malicious-ip,medium,WHITE,ziyadnz/hourly-ipv4,ziyadnz|hourly,2026-08-17T18:48:05Z,2026-08-17T18:48:05Z,
189.4.226.35,ipv4,malicious-ip,medium,WHITE,ziyadnz/hourly-ipv4,ziyadnz|hourly,2026-08-17T18:48:05Z,2026-08-17T18:48:05Z,
189.4.73.127,ipv4,malicious-ip,medium,WHITE,ziyadnz/hourly-ipv4,ziyadnz|hourly,2026-08-17T18:48:05Z,2026-08-17T18:48:05Z,
189.4.73.170,ipv4,malicious-ip,medium,WHITE,ziyadnz/hourly-ipv4,ziyadnz|hourly,2026-08-17T18:48:05Z,2026-08-17T18:48:05Z,
189.4.73.237,ipv4,malicious-ip,medium,WHITE,ziyadnz/hourly-ipv4,ziyadnz|hourly,2026-08-17T18:48:05Z,2026-08-17T18:48:05Z,
189.4.76.141,ipv4,malicious-ip,medium,WHITE,ziyadnz/hourly-ipv4,ziyadnz|hourly,2026-08-17T18:48:05Z,2026-08-17T18:48:05Z,
189.41.25.88,ipv4,malicious-ip,medium,WHITE,ziyadnz/hourly-ipv4,ziyadnz|hourly,2026-08-17T18:48:05Z,2026-08-17T18:48:05Z,
189.41.54.81,ipv4,malicious-ip,medium,WHITE,ziyadnz/hourly-ipv4,ziyadnz|hourly,2026-08-17T18:48:05Z,2026-08-17T18:48:05Z,
189.42.219.242,ipv4,malicious-ip,medium,WHITE,ziyadnz/hourly-ipv4,ziyadnz|hourly,2026-08-17T18:48:05Z,2026-08-17T18:48:05Z,
189.45.207.103,ipv4,malicious-ip,medium,WHITE,ziyadnz/hourly-ipv4,ziyadnz|hourly,2026-08-17T18:48:05Z,2026-08-17T18:48:05Z,
189.46.1.73,ipv4,malicious-ip,medium,WHITE,ziyadnz/hourly-ipv4,ziyadnz|hourly,2026-08-17T18:48:05Z,2026-08-17T18:48:05Z,
189.46.215.122,ipv4,malicious-ip,medium,WHITE,ziyadnz/hourly-ipv4,ziyadnz|hourly,2026-08-17T18:48:05Z,2026-08-17T18:48:05Z,
189.46.220.59,ipv4,malicious-ip,medium,WHITE,ziyadnz/hourly-ipv4,ziyadnz|hourly,2026-08-17T18:48:05Z,2026-08-17T18:48:05Z,
189.47.231.58,ipv4,malicious-ip,medium,WHITE,ziyadnz/hourly-ipv4,ziyadnz|hourly,2026-08-17T18:48:05Z,2026-08-17T18:48:05Z,
189.47.5.83,ipv4,malicious-ip,medium,WHITE,ziyadnz/hourly-ipv4,ziyadnz|hourly,2026-08-17T18:48:05Z,2026-08-17T18:48:05Z,
189.5.186.56,ipv4,malicious-ip,medium,WHITE,ziyadnz/hourly-ipv4,ziyadnz|hourly,2026-08-17T18:48:05Z,2026-08-17T18:48:05Z,
189.5.200.71,ipv4,malicious-ip,medium,WHITE,ziyadnz/hourly-ipv4,ziyadnz|hourly,2026-08-17T18:48:05Z,2026-08-17T18:48:05Z,
189.5.205.37,ipv4,malicious-ip,medium,WHITE,ziyadnz/hourly-ipv4,ziyadnz|hourly,2026-08-17T18:48:05Z,2026-08-17T18:48:05Z,
189.50.210.19,ipv4,malicious-ip,medium,WHITE,ziyadnz/hourly-ipv4,ziyadnz|hourly,2026-08-17T18:48:05Z,2026-08-17T18:48:05Z,
189.50.63.178,ipv4,malicious-ip,medium,WHITE,ziyadnz/hourly-ipv4,ziyadnz|hourly,2026-08-17T18:48:05Z,2026-08-17T18:48:05Z,
189.51.168.155,ipv4,malicious-ip,medium,WHITE,ziyadnz/hourly-ipv4,ziyadnz|hourly,2026-08-17T18:48:05Z,2026-08-17T18:48:05Z,
189.51.208.87,ipv4,malicious-ip,medium,WHITE,ziyadnz/hourly-ipv4,ziyadnz|hourly,2026-08-17T18:48:05Z,2026-08-17T18:48:05Z,
189.51.210.254,ipv4,malicious-ip,medium,WHITE,ziyadnz/hourly-ipv4,ziyadnz|hourly,2026-08-17T18:48:05Z,2026-08-17T18:48:05Z,
189.51.221.179,ipv4,malicious-ip,medium,WHITE,ziyadnz/hourly-ipv4,ziyadnz|hourly,2026-08-17T18:48:05Z,2026-08-17T18:48:05Z,
189.51.43.54,ipv4,malicious-ip,medium,WHITE,ziyadnz/hourly-ipv4,ziyadnz|hourly,2026-08-17T18:48:05Z,2026-08-17T18:48:05Z,
189.51.95.76,ipv4,malicious-ip,medium,WHITE,ziyadnz/hourly-ipv4,ziyadnz|hourly,2026-08-17T18:48:05Z,2026-08-17T18:48:05Z,
189.54.64.89,ipv4,malicious-ip,medium,WHITE,ziyadnz/hourly-ipv4,ziyadnz|hourly,2026-08-17T18:48:05Z,2026-08-17T18:48:05Z,
189.55.152.83,ipv4,malicious-ip,medium,WHITE,ziyadnz/hourly-ipv4,ziyadnz|hourly,2026-08-17T18:48:05Z,2026-08-17T18:48:05Z,
189.55.169.78,ipv4,malicious-ip,medium,WHITE,ziyadnz/hourly-ipv4,ziyadnz|hourly,2026-08-17T18:48:05Z,2026-08-17T18:48:05Z,
189.58.115.99,ipv4,malicious-ip,medium,WHITE,ziyadnz/hourly-ipv4,ziyadnz|hourly,2026-08-17T18:48:05Z,2026-08-17T18:48:05Z,
189.58.142.181,ipv4,malicious-ip,medium,WHITE,ziyadnz/hourly-ipv4,ziyadnz|hourly,2026-08-17T18:48:05Z,2026-08-17T18:48:05Z,
189.58.89.157,ipv4,malicious-ip,medium,WHITE,ziyadnz/hourly-ipv4,ziyadnz|hourly,2026-08-17T18:48:05Z,2026-08-17T18:48:05Z,
189.59.20.14,ipv4,malicious-ip,medium,WHITE,ziyadnz/hourly-ipv4,ziyadnz|hourly,2026-08-17T18:48:05Z,2026-08-17T18:48:05Z,
189.6.12.114,ipv4,malicious-ip,medium,WHITE,ziyadnz/hourly-ipv4,ziyadnz|hourly,2026-08-17T18:48:05Z,2026-08-17T18:48:05Z,
189.6.15.117,ipv4,malicious-ip,medium,WHITE,ziyadnz/hourly-ipv4,ziyadnz|hourly,2026-08-17T18:48:05Z,2026-08-17T18:48:05Z,
189.6.16.66,ipv4,malicious-ip,medium,WHITE,ziyadnz/hourly-ipv4,ziyadnz|hourly,2026-08-17T18:48:05Z,2026-08-17T18:48:05Z,
189.6.168.120,ipv4,malicious-ip,medium,WHITE,ziyadnz/hourly-ipv4,ziyadnz|hourly,2026-08-17T18:48:05Z,2026-08-17T18:48:05Z,
189.6.209.210,ipv4,malicious-ip,medium,WHITE,ziyadnz/hourly-ipv4,ziyadnz|hourly,2026-08-17T18:48:05Z,2026-08-17T18:48:05Z,
189.6.210.35,ipv4,malicious-ip,medium,WHITE,ziyadnz/hourly-ipv4,ziyadnz|hourly,2026-08-17T18:48:05Z,2026-08-17T18:48:05Z,
189.6.213.170,ipv4,malicious-ip,medium,WHITE,ziyadnz/hourly-ipv4,ziyadnz|hourly,2026-08-17T18:48:05Z,2026-08-17T18:48:05Z,
189.6.234.180,ipv4,malicious-ip,medium,WHITE,ziyadnz/hourly-ipv4,ziyadnz|hourly,2026-08-17T18:48:05Z,2026-08-17T18:48:05Z,
189.6.234.84,ipv4,malicious-ip,medium,WHITE,ziyadnz/hourly-ipv4,ziyadnz|hourly,2026-08-17T18:48:05Z,2026-08-17T18:48:05Z,
189.6.235.20,ipv4,malicious-ip,medium,WHITE,ziyadnz/hourly-ipv4,ziyadnz|hourly,2026-08-17T18:48:05Z,2026-08-17T18:48:05Z,
189.6.237.98,ipv4,malicious-ip,medium,WHITE,ziyadnz/hourly-ipv4,ziyadnz|hourly,2026-08-17T18:48:05Z,2026-08-17T18:48:05Z,
189.6.239.195,ipv4,malicious-ip,medium,WHITE,ziyadnz/hourly-ipv4,ziyadnz|hourly,2026-08-17T18:48:05Z,2026-08-17T18:48:05Z,
189.6.243.86,ipv4,malicious-ip,medium,WHITE,ziyadnz/hourly-ipv4,ziyadnz|hourly,2026-08-17T18:48:05Z,2026-08-17T18:48:05Z,
189.6.250.2,ipv4,malicious-ip,medium,WHITE,ziyadnz/hourly-ipv4,ziyadnz|hourly,2026-08-17T18:48:05Z,2026-08-17T18:48:05Z,
189.6.250.86,ipv4,malicious-ip,medium,WHITE,ziyadnz/hourly-ipv4,ziyadnz|hourly,2026-08-17T18:48:05Z,2026-08-17T18:48:05Z,
189.6.252.184,ipv4,malicious-ip,medium,WHITE,ziyadnz/hourly-ipv4,ziyadnz|hourly,2026-08-17T18:48:05Z,2026-08-17T18:48:05Z,
189.6.254.99,ipv4,malicious-ip,medium,WHITE,ziyadnz/hourly-ipv4,ziyadnz|hourly,2026-08-17T18:48:05Z,2026-08-17T18:48:05Z,
189.6.255.24,ipv4,malicious-ip,medium,WHITE,ziyadnz/hourly-ipv4,ziyadnz|hourly,2026-08-17T18:48:05Z,2026-08-17T18:48:05Z,
189.6.7.171,ipv4,malicious-ip,medium,WHITE,ziyadnz/hourly-ipv4,ziyadnz|hourly,2026-08-17T18:48:05Z,2026-08-17T18:48:05Z,
189.6.88.213,ipv4,malicious-ip,medium,WHITE,ziyadnz/hourly-ipv4,ziyadnz|hourly,2026-08-17T18:48:05Z,2026-08-17T18:48:05Z,
189.6.9.16,ipv4,malicious-ip,medium,WHITE,ziyadnz/hourly-ipv4,ziyadnz|hourly,2026-08-17T18:48:05Z,2026-08-17T18:48:05Z,
189.60.153.181,ipv4,malicious-ip,medium,WHITE,ziyadnz/hourly-ipv4,ziyadnz|hourly,2026-08-17T18:48:05Z,2026-08-17T18:48:05Z,
189.60.168.100,ipv4,malicious-ip,medium,WHITE,ziyadnz/hourly-ipv4,ziyadnz|hourly,2026-08-17T18:48:05Z,2026-08-17T18:48:05Z,
189.60.94.234,ipv4,malicious-ip,medium,WHITE,ziyadnz/hourly-ipv4,ziyadnz|hourly,2026-08-17T18:48:05Z,2026-08-17T18:48:05Z,
189.61.134.212,ipv4,malicious-ip,medium,WHITE,ziyadnz/hourly-ipv4,ziyadnz|hourly,2026-08-17T18:48:05Z,2026-08-17T18:48:05Z,
189.61.194.97,ipv4,malicious-ip,medium,WHITE,ziyadnz/hourly-ipv4,ziyadnz|hourly,2026-08-17T18:48:05Z,2026-08-17T18:48:05Z,
189.62.150.236,ipv4,malicious-ip,medium,WHITE,ziyadnz/hourly-ipv4,ziyadnz|hourly,2026-08-17T18:48:05Z,2026-08-17T18:48:05Z,
189.62.44.189,ipv4,malicious-ip,medium,WHITE,ziyadnz/hourly-ipv4,ziyadnz|hourly,2026-08-17T18:48:05Z,2026-08-17T18:48:05Z,
189.62.47.71,ipv4,malicious-ip,medium,WHITE,ziyadnz/hourly-ipv4,ziyadnz|hourly,2026-08-17T18:48:05Z,2026-08-17T18:48:05Z,
189.63.12.153,ipv4,malicious-ip,medium,WHITE,ziyadnz/hourly-ipv4,ziyadnz|hourly,2026-08-17T18:48:05Z,2026-08-17T18:48:05Z,
189.63.146.109,ipv4,malicious-ip,medium,WHITE,ziyadnz/hourly-ipv4,ziyadnz|hourly,2026-08-17T18:48:05Z,2026-08-17T18:48:05Z,
189.63.152.209,ipv4,malicious-ip,medium,WHITE,ziyadnz/hourly-ipv4,ziyadnz|hourly,2026-08-17T18:48:05Z,2026-08-17T18:48:05Z,
189.63.160.125,ipv4,malicious-ip,medium,WHITE,ziyadnz/hourly-ipv4,ziyadnz|hourly,2026-08-17T18:48:05Z,2026-08-17T18:48:05Z,
189.63.160.163,ipv4,malicious-ip,medium,WHITE,ziyadnz/hourly-ipv4,ziyadnz|hourly,2026-08-17T18:48:05Z,2026-08-17T18:48:05Z,
189.63.227.96,ipv4,malicious-ip,medium,WHITE,ziyadnz/hourly-ipv4,ziyadnz|hourly,2026-08-17T18:48:05Z,2026-08-17T18:48:05Z,
189.63.4.214,ipv4,malicious-ip,medium,WHITE,ziyadnz/hourly-ipv4,ziyadnz|hourly,2026-08-17T18:48:05Z,2026-08-17T18:48:05Z,
189.63.5.220,ipv4,malicious-ip,medium,WHITE,ziyadnz/hourly-ipv4,ziyadnz|hourly,2026-08-17T18:48:05Z,2026-08-17T18:48:05Z,
189.69.224.137,ipv4,malicious-ip,medium,WHITE,ziyadnz/hourly-ipv4,ziyadnz|hourly,2026-08-17T18:48:05Z,2026-08-17T18:48:05Z,
189.7.125.7,ipv4,malicious-ip,medium,WHITE,ziyadnz/hourly-ipv4,ziyadnz|hourly,2026-08-17T18:48:05Z,2026-08-17T18:48:05Z,
189.7.125.72,ipv4,malicious-ip,medium,WHITE,ziyadnz/hourly-ipv4,ziyadnz|hourly,2026-08-17T18:48:05Z,2026-08-17T18:48:05Z,
189.7.126.134,ipv4,malicious-ip,medium,WHITE,ziyadnz/hourly-ipv4,ziyadnz|hourly,2026-08-17T18:48:05Z,2026-08-17T18:48:05Z,
189.7.173.53,ipv4,malicious-ip,medium,WHITE,ziyadnz/hourly-ipv4,ziyadnz|hourly,2026-08-17T18:48:05Z,2026-08-17T18:48:05Z,
189.7.20.124,ipv4,malicious-ip,medium,WHITE,ziyadnz/hourly-ipv4,ziyadnz|hourly,2026-08-17T18:48:05Z,2026-08-17T18:48:05Z,
189.72.52.147,ipv4,malicious-ip,medium,WHITE,ziyadnz/hourly-ipv4,ziyadnz|hourly,2026-08-17T18:48:05Z,2026-08-17T18:48:05Z,
189.73.121.184,ipv4,malicious-ip,medium,WHITE,ziyadnz/hourly-ipv4,ziyadnz|hourly,2026-08-17T18:48:05Z,2026-08-17T18:48:05Z,
189.76.134.30,ipv4,malicious-ip,medium,WHITE,ziyadnz/hourly-ipv4,ziyadnz|hourly,2026-08-17T18:48:05Z,2026-08-17T18:48:05Z,
189.76.187.189,ipv4,malicious-ip,medium,WHITE,ziyadnz/hourly-ipv4,ziyadnz|hourly,2026-08-17T18:48:05Z,2026-08-17T18:48:05Z,
189.78.207.17,ipv4,malicious-ip,medium,WHITE,ziyadnz/hourly-ipv4,ziyadnz|hourly,2026-08-17T18:48:05Z,2026-08-17T18:48:05Z,
189.79.25.52,ipv4,malicious-ip,medium,WHITE,ziyadnz/hourly-ipv4,ziyadnz|hourly,2026-08-17T18:48:05Z,2026-08-17T18:48:05Z,
189.79.68.103,ipv4,malicious-ip,medium,WHITE,ziyadnz/hourly-ipv4,ziyadnz|hourly,2026-08-17T18:48:05Z,2026-08-17T18:48:05Z,
189.8.113.199,ipv4,malicious-ip,medium,WHITE,ziyadnz/hourly-ipv4,ziyadnz|hourly,2026-08-17T18:48:05Z,2026-08-17T18:48:05Z,
189.80.150.40,ipv4,malicious-ip,medium,WHITE,ziyadnz/hourly-ipv4,ziyadnz|hourly,2026-08-17T18:48:05Z,2026-08-17T18:48:05Z,
189.80.193.120,ipv4,malicious-ip,medium,WHITE,ziyadnz/hourly-ipv4,ziyadnz|hourly,2026-08-17T18:48:05Z,2026-08-17T18:48:05Z,
189.80.197.58,ipv4,malicious-ip,medium,WHITE,ziyadnz/hourly-ipv4,ziyadnz|hourly,2026-08-17T18:48:05Z,2026-08-17T18:48:05Z,
189.80.234.205,ipv4,malicious-ip,medium,WHITE,ziyadnz/hourly-ipv4,ziyadnz|hourly,2026-08-17T18:48:05Z,2026-08-17T18:48:05Z,
189.80.254.35,ipv4,malicious-ip,medium,WHITE,ziyadnz/hourly-ipv4,ziyadnz|hourly,2026-08-17T18:48:05Z,2026-08-17T18:48:05Z,
189.80.73.163,ipv4,malicious-ip,medium,WHITE,ziyadnz/hourly-ipv4,ziyadnz|hourly,2026-08-17T18:48:05Z,2026-08-17T18:48:05Z,
189.81.235.0,ipv4,malicious-ip,medium,WHITE,ziyadnz/hourly-ipv4,ziyadnz|hourly,2026-08-17T18:48:05Z,2026-08-17T18:48:05Z,
189.81.235.102,ipv4,malicious-ip,medium,WHITE,ziyadnz/hourly-ipv4,ziyadnz|hourly,2026-08-17T18:48:05Z,2026-08-17T18:48:05Z,
189.81.235.106,ipv4,malicious-ip,medium,WHITE,ziyadnz/hourly-ipv4,ziyadnz|hourly,2026-08-17T18:48:05Z,2026-08-17T18:48:05Z,
189.81.235.115,ipv4,malicious-ip,medium,WHITE,ziyadnz/hourly-ipv4,ziyadnz|hourly,2026-08-17T18:48:05Z,2026-08-17T18:48:05Z,
189.81.235.119,ipv4,malicious-ip,medium,WHITE,ziyadnz/hourly-ipv4,ziyadnz|hourly,2026-08-17T18:48:05Z,2026-08-17T18:48:05Z,
189.81.235.127,ipv4,malicious-ip,medium,WHITE,ziyadnz/hourly-ipv4,ziyadnz|hourly,2026-08-17T18:48:05Z,2026-08-17T18:48:05Z,
189.81.235.133,ipv4,malicious-ip,medium,WHITE,ziyadnz/hourly-ipv4,ziyadnz|hourly,2026-08-17T18:48:05Z,2026-08-17T18:48:05Z,
189.81.235.14,ipv4,malicious-ip,medium,WHITE,ziyadnz/hourly-ipv4,ziyadnz|hourly,2026-08-17T18:48:05Z,2026-08-17T18:48:05Z,
189.81.235.147,ipv4,malicious-ip,medium,WHITE,ziyadnz/hourly-ipv4,ziyadnz|hourly,2026-08-17T18:48:05Z,2026-08-17T18:48:05Z,
189.81.235.148,ipv4,malicious-ip,medium,WHITE,ziyadnz/hourly-ipv4,ziyadnz|hourly,2026-08-17T18:48:05Z,2026-08-17T18:48:05Z,
189.81.235.166,ipv4,malicious-ip,medium,WHITE,ziyadnz/hourly-ipv4,ziyadnz|hourly,2026-08-17T18:48:05Z,2026-08-17T18:48:05Z,
189.81.235.175,ipv4,malicious-ip,medium,WHITE,ziyadnz/hourly-ipv4,ziyadnz|hourly,2026-08-17T18:48:05Z,2026-08-17T18:48:05Z,
189.81.235.202,ipv4,malicious-ip,medium,WHITE,ziyadnz/hourly-ipv4,ziyadnz|hourly,2026-08-17T18:48:05Z,2026-08-17T18:48:05Z,
189.81.235.210,ipv4,malicious-ip,medium,WHITE,ziyadnz/hourly-ipv4,ziyadnz|hourly,2026-08-17T18:48:05Z,2026-08-17T18:48:05Z,
189.81.235.221,ipv4,malicious-ip,medium,WHITE,ziyadnz/hourly-ipv4,ziyadnz|hourly,2026-08-17T18:48:05Z,2026-08-17T18:48:05Z,
189.81.235.228,ipv4,malicious-ip,medium,WHITE,ziyadnz/hourly-ipv4,ziyadnz|hourly,2026-08-17T18:48:05Z,2026-08-17T18:48:05Z,
189.81.235.229,ipv4,malicious-ip,medium,WHITE,ziyadnz/hourly-ipv4,ziyadnz|hourly,2026-08-17T18:48:05Z,2026-08-17T18:48:05Z,
189.81.235.234,ipv4,malicious-ip,medium,WHITE,ziyadnz/hourly-ipv4,ziyadnz|hourly,2026-08-17T18:48:05Z,2026-08-17T18:48:05Z,
189.81.235.235,ipv4,malicious-ip,medium,WHITE,ziyadnz/hourly-ipv4,ziyadnz|hourly,2026-08-17T18:48:05Z,2026-08-17T18:48:05Z,
189.81.235.237,ipv4,malicious-ip,medium,WHITE,ziyadnz/hourly-ipv4,ziyadnz|hourly,2026-08-17T18:48:05Z,2026-08-17T18:48:05Z,
189.81.235.244,ipv4,malicious-ip,medium,WHITE,ziyadnz/hourly-ipv4,ziyadnz|hourly,2026-08-17T18:48:05Z,2026-08-17T18:48:05Z,
189.81.235.249,ipv4,malicious-ip,medium,WHITE,ziyadnz/hourly-ipv4,ziyadnz|hourly,2026-08-17T18:48:05Z,2026-08-17T18:48:05Z,
189.81.235.29,ipv4,malicious-ip,medium,WHITE,ziyadnz/hourly-ipv4,ziyadnz|hourly,2026-08-17T18:48:05Z,2026-08-17T18:48:05Z,
189.81.235.46,ipv4,malicious-ip,medium,WHITE,ziyadnz/hourly-ipv4,ziyadnz|hourly,2026-08-17T18:48:05Z,2026-08-17T18:48:05Z,
189.81.235.61,ipv4,malicious-ip,medium,WHITE,ziyadnz/hourly-ipv4,ziyadnz|hourly,2026-08-17T18:48:05Z,2026-08-17T18:48:05Z,
189.81.235.97,ipv4,malicious-ip,medium,WHITE,ziyadnz/hourly-ipv4,ziyadnz|hourly,2026-08-17T18:48:05Z,2026-08-17T18:48:05Z,
189.81.4.0,ipv4,malicious-ip,medium,WHITE,ziyadnz/hourly-ipv4,ziyadnz|hourly,2026-08-17T18:48:05Z,2026-08-17T18:48:05Z,
189.81.4.102,ipv4,malicious-ip,medium,WHITE,ziyadnz/hourly-ipv4,ziyadnz|hourly,2026-08-17T18:48:05Z,2026-08-17T18:48:05Z,
189.81.4.123,ipv4,malicious-ip,medium,WHITE,ziyadnz/hourly-ipv4,ziyadnz|hourly,2026-08-17T18:48:05Z,2026-08-17T18:48:05Z,
189.81.4.128,ipv4,malicious-ip,medium,WHITE,ziyadnz/hourly-ipv4,ziyadnz|hourly,2026-08-17T18:48:05Z,2026-08-17T18:48:05Z,
189.81.4.16,ipv4,malicious-ip,medium,WHITE,ziyadnz/hourly-ipv4,ziyadnz|hourly,2026-08-17T18:48:05Z,2026-08-17T18:48:05Z,
189.81.4.170,ipv4,malicious-ip,medium,WHITE,ziyadnz/hourly-ipv4,ziyadnz|hourly,2026-08-17T18:48:05Z,2026-08-17T18:48:05Z,
189.81.4.172,ipv4,malicious-ip,medium,WHITE,ziyadnz/hourly-ipv4,ziyadnz|hourly,2026-08-17T18:48:05Z,2026-08-17T18:48:05Z,
189.81.4.198,ipv4,malicious-ip,medium,WHITE,ziyadnz/hourly-ipv4,ziyadnz|hourly,2026-08-17T18:48:05Z,2026-08-17T18:48:05Z,
189.81.4.199,ipv4,malicious-ip,medium,WHITE,ziyadnz/hourly-ipv4,ziyadnz|hourly,2026-08-17T18:48:05Z,2026-08-17T18:48:05Z,
189.81.4.204,ipv4,malicious-ip,medium,WHITE,ziyadnz/hourly-ipv4,ziyadnz|hourly,2026-08-17T18:48:05Z,2026-08-17T18:48:05Z,
189.81.4.206,ipv4,malicious-ip,medium,WHITE,ziyadnz/hourly-ipv4,ziyadnz|hourly,2026-08-17T18:48:05Z,2026-08-17T18:48:05Z,
189.81.4.219,ipv4,malicious-ip,medium,WHITE,ziyadnz/hourly-ipv4,ziyadnz|hourly,2026-08-17T18:48:05Z,2026-08-17T18:48:05Z,
189.81.4.220,ipv4,malicious-ip,medium,WHITE,ziyadnz/hourly-ipv4,ziyadnz|hourly,2026-08-17T18:48:05Z,2026-08-17T18:48:05Z,
189.81.4.230,ipv4,malicious-ip,medium,WHITE,ziyadnz/hourly-ipv4,ziyadnz|hourly,2026-08-17T18:48:05Z,2026-08-17T18:48:05Z,
189.81.4.232,ipv4,malicious-ip,medium,WHITE,ziyadnz/hourly-ipv4,ziyadnz|hourly,2026-08-17T18:48:05Z,2026-08-17T18:48:05Z,
189.81.4.233,ipv4,malicious-ip,medium,WHITE,ziyadnz/hourly-ipv4,ziyadnz|hourly,2026-08-17T18:48:05Z,2026-08-17T18:48:05Z,
189.81.4.245,ipv4,malicious-ip,medium,WHITE,ziyadnz/hourly-ipv4,ziyadnz|hourly,2026-08-17T18:48:05Z,2026-08-17T18:48:05Z,
189.81.4.246,ipv4,malicious-ip,medium,WHITE,ziyadnz/hourly-ipv4,ziyadnz|hourly,2026-08-17T18:48:05Z,2026-08-17T18:48:05Z,
189.81.4.45,ipv4,malicious-ip,medium,WHITE,ziyadnz/hourly-ipv4,ziyadnz|hourly,2026-08-17T18:48:05Z,2026-08-17T18:48:05Z,
189.81.4.46,ipv4,malicious-ip,medium,WHITE,ziyadnz/hourly-ipv4,ziyadnz|hourly,2026-08-17T18:48:05Z,2026-08-17T18:48:05Z,
189.81.4.49,ipv4,malicious-ip,medium,WHITE,ziyadnz/hourly-ipv4,ziyadnz|hourly,2026-08-17T18:48:05Z,2026-08-17T18:48:05Z,
189.81.4.85,ipv4,malicious-ip,medium,WHITE,ziyadnz/hourly-ipv4,ziyadnz|hourly,2026-08-17T18:48:05Z,2026-08-17T18:48:05Z,
189.81.5.0,ipv4,malicious-ip,medium,WHITE,ziyadnz/hourly-ipv4,ziyadnz|hourly,2026-08-17T18:48:05Z,2026-08-17T18:48:05Z,
189.81.5.102,ipv4,malicious-ip,medium,WHITE,ziyadnz/hourly-ipv4,ziyadnz|hourly,2026-08-17T18:48:05Z,2026-08-17T18:48:05Z,
189.81.5.105,ipv4,malicious-ip,medium,WHITE,ziyadnz/hourly-ipv4,ziyadnz|hourly,2026-08-17T18:48:05Z,2026-08-17T18:48:05Z,
189.81.5.115,ipv4,malicious-ip,medium,WHITE,ziyadnz/hourly-ipv4,ziyadnz|hourly,2026-08-17T18:48:05Z,2026-08-17T18:48:05Z,
189.81.5.118,ipv4,malicious-ip,medium,WHITE,ziyadnz/hourly-ipv4,ziyadnz|hourly,2026-08-17T18:48:05Z,2026-08-17T18:48:05Z,
189.81.5.121,ipv4,malicious-ip,medium,WHITE,ziyadnz/hourly-ipv4,ziyadnz|hourly,2026-08-17T18:48:05Z,2026-08-17T18:48:05Z,
189.81.5.128,ipv4,malicious-ip,medium,WHITE,ziyadnz/hourly-ipv4,ziyadnz|hourly,2026-08-17T18:48:05Z,2026-08-17T18:48:05Z,
189.81.5.153,ipv4,malicious-ip,medium,WHITE,ziyadnz/hourly-ipv4,ziyadnz|hourly,2026-08-17T18:48:05Z,2026-08-17T18:48:05Z,
189.81.5.154,ipv4,malicious-ip,medium,WHITE,ziyadnz/hourly-ipv4,ziyadnz|hourly,2026-08-17T18:48:05Z,2026-08-17T18:48:05Z,
189.81.5.156,ipv4,malicious-ip,medium,WHITE,ziyadnz/hourly-ipv4,ziyadnz|hourly,2026-08-17T18:48:05Z,2026-08-17T18:48:05Z,
189.81.5.169,ipv4,malicious-ip,medium,WHITE,ziyadnz/hourly-ipv4,ziyadnz|hourly,2026-08-17T18:48:05Z,2026-08-17T18:48:05Z,
189.81.5.170,ipv4,malicious-ip,medium,WHITE,ziyadnz/hourly-ipv4,ziyadnz|hourly,2026-08-17T18:48:05Z,2026-08-17T18:48:05Z,
189.81.5.174,ipv4,malicious-ip,medium,WHITE,ziyadnz/hourly-ipv4,ziyadnz|hourly,2026-08-17T18:48:05Z,2026-08-17T18:48:05Z,
189.81.5.177,ipv4,malicious-ip,medium,WHITE,ziyadnz/hourly-ipv4,ziyadnz|hourly,2026-08-17T18:48:05Z,2026-08-17T18:48:05Z,
189.81.5.189,ipv4,malicious-ip,medium,WHITE,ziyadnz/hourly-ipv4,ziyadnz|hourly,2026-08-17T18:48:05Z,2026-08-17T18:48:05Z,
189.81.5.20,ipv4,malicious-ip,medium,WHITE,ziyadnz/hourly-ipv4,ziyadnz|hourly,2026-08-17T18:48:05Z,2026-08-17T18:48:05Z,
189.81.5.209,ipv4,malicious-ip,medium,WHITE,ziyadnz/hourly-ipv4,ziyadnz|hourly,2026-08-17T18:48:05Z,2026-08-17T18:48:05Z,
189.81.5.222,ipv4,malicious-ip,medium,WHITE,ziyadnz/hourly-ipv4,ziyadnz|hourly,2026-08-17T18:48:05Z,2026-08-17T18:48:05Z,
189.81.5.225,ipv4,malicious-ip,medium,WHITE,ziyadnz/hourly-ipv4,ziyadnz|hourly,2026-08-17T18:48:05Z,2026-08-17T18:48:05Z,
189.81.5.236,ipv4,malicious-ip,medium,WHITE,ziyadnz/hourly-ipv4,ziyadnz|hourly,2026-08-17T18:48:05Z,2026-08-17T18:48:05Z,
189.81.5.27,ipv4,malicious-ip,medium,WHITE,ziyadnz/hourly-ipv4,ziyadnz|hourly,2026-08-17T18:48:05Z,2026-08-17T18:48:05Z,
189.81.5.37,ipv4,malicious-ip,medium,WHITE,ziyadnz/hourly-ipv4,ziyadnz|hourly,2026-08-17T18:48:05Z,2026-08-17T18:48:05Z,
189.81.5.38,ipv4,malicious-ip,medium,WHITE,ziyadnz/hourly-ipv4,ziyadnz|hourly,2026-08-17T18:48:05Z,2026-08-17T18:48:05Z,
189.81.5.40,ipv4,malicious-ip,medium,WHITE,ziyadnz/hourly-ipv4,ziyadnz|hourly,2026-08-17T18:48:05Z,2026-08-17T18:48:05Z,
189.81.5.51,ipv4,malicious-ip,medium,WHITE,ziyadnz/hourly-ipv4,ziyadnz|hourly,2026-08-17T18:48:05Z,2026-08-17T18:48:05Z,
189.81.5.61,ipv4,malicious-ip,medium,WHITE,ziyadnz/hourly-ipv4,ziyadnz|hourly,2026-08-17T18:48:05Z,2026-08-17T18:48:05Z,
189.81.5.83,ipv4,malicious-ip,medium,WHITE,ziyadnz/hourly-ipv4,ziyadnz|hourly,2026-08-17T18:48:05Z,2026-08-17T18:48:05Z,
189.81.5.86,ipv4,malicious-ip,medium,WHITE,ziyadnz/hourly-ipv4,ziyadnz|hourly,2026-08-17T18:48:05Z,2026-08-17T18:48:05Z,
189.81.70.0,ipv4,malicious-ip,medium,WHITE,ziyadnz/hourly-ipv4,ziyadnz|hourly,2026-08-17T18:48:05Z,2026-08-17T18:48:05Z,
189.81.70.102,ipv4,malicious-ip,medium,WHITE,ziyadnz/hourly-ipv4,ziyadnz|hourly,2026-08-17T18:48:05Z,2026-08-17T18:48:05Z,
189.81.70.106,ipv4,malicious-ip,medium,WHITE,ziyadnz/hourly-ipv4,ziyadnz|hourly,2026-08-17T18:48:05Z,2026-08-17T18:48:05Z,
189.81.70.113,ipv4,malicious-ip,medium,WHITE,ziyadnz/hourly-ipv4,ziyadnz|hourly,2026-08-17T18:48:05Z,2026-08-17T18:48:05Z,
189.81.70.123,ipv4,malicious-ip,medium,WHITE,ziyadnz/hourly-ipv4,ziyadnz|hourly,2026-08-17T18:48:05Z,2026-08-17T18:48:05Z,
189.81.70.131,ipv4,malicious-ip,medium,WHITE,ziyadnz/hourly-ipv4,ziyadnz|hourly,2026-08-17T18:48:05Z,2026-08-17T18:48:05Z,
189.81.70.136,ipv4,malicious-ip,medium,WHITE,ziyadnz/hourly-ipv4,ziyadnz|hourly,2026-08-17T18:48:05Z,2026-08-17T18:48:05Z,
189.81.70.137,ipv4,malicious-ip,medium,WHITE,ziyadnz/hourly-ipv4,ziyadnz|hourly,2026-08-17T18:48:05Z,2026-08-17T18:48:05Z,
189.81.70.139,ipv4,malicious-ip,medium,WHITE,ziyadnz/hourly-ipv4,ziyadnz|hourly,2026-08-17T18:48:05Z,2026-08-17T18:48:05Z,
189.81.70.145,ipv4,malicious-ip,medium,WHITE,ziyadnz/hourly-ipv4,ziyadnz|hourly,2026-08-17T18:48:05Z,2026-08-17T18:48:05Z,
189.81.70.166,ipv4,malicious-ip,medium,WHITE,ziyadnz/hourly-ipv4,ziyadnz|hourly,2026-08-17T18:48:05Z,2026-08-17T18:48:05Z,
189.81.70.169,ipv4,malicious-ip,medium,WHITE,ziyadnz/hourly-ipv4,ziyadnz|hourly,2026-08-17T18:48:05Z,2026-08-17T18:48:05Z,
189.81.70.177,ipv4,malicious-ip,medium,WHITE,ziyadnz/hourly-ipv4,ziyadnz|hourly,2026-08-17T18:48:05Z,2026-08-17T18:48:05Z,
189.81.70.180,ipv4,malicious-ip,medium,WHITE,ziyadnz/hourly-ipv4,ziyadnz|hourly,2026-08-17T18:48:05Z,2026-08-17T18:48:05Z,
189.81.70.190,ipv4,malicious-ip,medium,WHITE,ziyadnz/hourly-ipv4,ziyadnz|hourly,2026-08-17T18:48:05Z,2026-08-17T18:48:05Z,
189.81.70.197,ipv4,malicious-ip,medium,WHITE,ziyadnz/hourly-ipv4,ziyadnz|hourly,2026-08-17T18:48:05Z,2026-08-17T18:48:05Z,
189.81.70.204,ipv4,malicious-ip,medium,WHITE,ziyadnz/hourly-ipv4,ziyadnz|hourly,2026-08-17T18:48:05Z,2026-08-17T18:48:05Z,
189.81.70.208,ipv4,malicious-ip,medium,WHITE,ziyadnz/hourly-ipv4,ziyadnz|hourly,2026-08-17T18:48:05Z,2026-08-17T18:48:05Z,
189.81.70.220,ipv4,malicious-ip,medium,WHITE,ziyadnz/hourly-ipv4,ziyadnz|hourly,2026-08-17T18:48:05Z,2026-08-17T18:48:05Z,
189.81.70.23,ipv4,malicious-ip,medium,WHITE,ziyadnz/hourly-ipv4,ziyadnz|hourly,2026-08-17T18:48:05Z,2026-08-17T18:48:05Z,
189.81.70.230,ipv4,malicious-ip,medium,WHITE,ziyadnz/hourly-ipv4,ziyadnz|hourly,2026-08-17T18:48:05Z,2026-08-17T18:48:05Z,
189.81.70.239,ipv4,malicious-ip,medium,WHITE,ziyadnz/hourly-ipv4,ziyadnz|hourly,2026-08-17T18:48:05Z,2026-08-17T18:48:05Z,
189.81.70.25,ipv4,malicious-ip,medium,WHITE,ziyadnz/hourly-ipv4,ziyadnz|hourly,2026-08-17T18:48:05Z,2026-08-17T18:48:05Z,
189.81.70.50,ipv4,malicious-ip,medium,WHITE,ziyadnz/hourly-ipv4,ziyadnz|hourly,2026-08-17T18:48:05Z,2026-08-17T18:48:05Z,
189.81.70.62,ipv4,malicious-ip,medium,WHITE,ziyadnz/hourly-ipv4,ziyadnz|hourly,2026-08-17T18:48:05Z,2026-08-17T18:48:05Z,
189.81.70.69,ipv4,malicious-ip,medium,WHITE,ziyadnz/hourly-ipv4,ziyadnz|hourly,2026-08-17T18:48:05Z,2026-08-17T18:48:05Z,
189.81.70.82,ipv4,malicious-ip,medium,WHITE,ziyadnz/hourly-ipv4,ziyadnz|hourly,2026-08-17T18:48:05Z,2026-08-17T18:48:05Z,
189.81.70.86,ipv4,malicious-ip,medium,WHITE,ziyadnz/hourly-ipv4,ziyadnz|hourly,2026-08-17T18:48:05Z,2026-08-17T18:48:05Z,
189.81.70.93,ipv4,malicious-ip,medium,WHITE,ziyadnz/hourly-ipv4,ziyadnz|hourly,2026-08-17T18:48:05Z,2026-08-17T18:48:05Z,
189.81.70.94,ipv4,malicious-ip,medium,WHITE,ziyadnz/hourly-ipv4,ziyadnz|hourly,2026-08-17T18:48:05Z,2026-08-17T18:48:05Z,
189.81.71.0,ipv4,malicious-ip,medium,WHITE,ziyadnz/hourly-ipv4,ziyadnz|hourly,2026-08-17T18:48:05Z,2026-08-17T18:48:05Z,
189.81.71.111,ipv4,malicious-ip,medium,WHITE,ziyadnz/hourly-ipv4,ziyadnz|hourly,2026-08-17T18:48:05Z,2026-08-17T18:48:05Z,
189.81.71.120,ipv4,malicious-ip,medium,WHITE,ziyadnz/hourly-ipv4,ziyadnz|hourly,2026-08-17T18:48:05Z,2026-08-17T18:48:05Z,
189.81.71.147,ipv4,malicious-ip,medium,WHITE,ziyadnz/hourly-ipv4,ziyadnz|hourly,2026-08-17T18:48:05Z,2026-08-17T18:48:05Z,
189.81.71.155,ipv4,malicious-ip,medium,WHITE,ziyadnz/hourly-ipv4,ziyadnz|hourly,2026-08-17T18:48:05Z,2026-08-17T18:48:05Z,
189.81.71.181,ipv4,malicious-ip,medium,WHITE,ziyadnz/hourly-ipv4,ziyadnz|hourly,2026-08-17T18:48:05Z,2026-08-17T18:48:05Z,
189.81.71.184,ipv4,malicious-ip,medium,WHITE,ziyadnz/hourly-ipv4,ziyadnz|hourly,2026-08-17T18:48:05Z,2026-08-17T18:48:05Z,
189.81.71.199,ipv4,malicious-ip,medium,WHITE,ziyadnz/hourly-ipv4,ziyadnz|hourly,2026-08-17T18:48:05Z,2026-08-17T18:48:05Z,
189.81.71.209,ipv4,malicious-ip,medium,WHITE,ziyadnz/hourly-ipv4,ziyadnz|hourly,2026-08-17T18:48:05Z,2026-08-17T18:48:05Z,
189.81.71.23,ipv4,malicious-ip,medium,WHITE,ziyadnz/hourly-ipv4,ziyadnz|hourly,2026-08-17T18:48:05Z,2026-08-17T18:48:05Z,
189.81.71.233,ipv4,malicious-ip,medium,WHITE,ziyadnz/hourly-ipv4,ziyadnz|hourly,2026-08-17T18:48:05Z,2026-08-17T18:48:05Z,
189.81.71.247,ipv4,malicious-ip,medium,WHITE,ziyadnz/hourly-ipv4,ziyadnz|hourly,2026-08-17T18:48:05Z,2026-08-17T18:48:05Z,
189.81.71.27,ipv4,malicious-ip,medium,WHITE,ziyadnz/hourly-ipv4,ziyadnz|hourly,2026-08-17T18:48:05Z,2026-08-17T18:48:05Z,
189.81.71.81,ipv4,malicious-ip,medium,WHITE,ziyadnz/hourly-ipv4,ziyadnz|hourly,2026-08-17T18:48:05Z,2026-08-17T18:48:05Z,
189.81.71.84,ipv4,malicious-ip,medium,WHITE,ziyadnz/hourly-ipv4,ziyadnz|hourly,2026-08-17T18:48:05Z,2026-08-17T18:48:05Z,
189.84.115.34,ipv4,malicious-ip,medium,WHITE,ziyadnz/hourly-ipv4,ziyadnz|hourly,2026-08-17T18:48:05Z,2026-08-17T18:48:05Z,
189.84.211.182,ipv4,malicious-ip,medium,WHITE,ziyadnz/hourly-ipv4,ziyadnz|hourly,2026-08-17T18:48:05Z,2026-08-17T18:48:05Z,
189.84.215.139,ipv4,malicious-ip,medium,WHITE,ziyadnz/hourly-ipv4,ziyadnz|hourly,2026-08-17T18:48:05Z,2026-08-17T18:48:05Z,
189.84.41.63,ipv4,malicious-ip,medium,WHITE,ziyadnz/hourly-ipv4,ziyadnz|hourly,2026-08-17T18:48:05Z,2026-08-17T18:48:05Z,
189.84.59.252,ipv4,malicious-ip,medium,WHITE,ziyadnz/hourly-ipv4,ziyadnz|hourly,2026-08-17T18:48:05Z,2026-08-17T18:48:05Z,
189.84.71.123,ipv4,malicious-ip,medium,WHITE,ziyadnz/hourly-ipv4,ziyadnz|hourly,2026-08-17T18:48:05Z,2026-08-17T18:48:05Z,
189.85.145.83,ipv4,malicious-ip,medium,WHITE,ziyadnz/hourly-ipv4,ziyadnz|hourly,2026-08-17T18:48:05Z,2026-08-17T18:48:05Z,
189.85.172.31,ipv4,malicious-ip,medium,WHITE,ziyadnz/hourly-ipv4,ziyadnz|hourly,2026-08-17T18:48:05Z,2026-08-17T18:48:05Z,
189.85.40.89,ipv4,malicious-ip,medium,WHITE,ziyadnz/hourly-ipv4,ziyadnz|hourly,2026-08-17T18:48:05Z,2026-08-17T18:48:05Z,
189.85.85.159,ipv4,malicious-ip,medium,WHITE,ziyadnz/hourly-ipv4,ziyadnz|hourly,2026-08-17T18:48:05Z,2026-08-17T18:48:05Z,
189.89.13.49,ipv4,malicious-ip,medium,WHITE,ziyadnz/hourly-ipv4,ziyadnz|hourly,2026-08-17T18:48:05Z,2026-08-17T18:48:05Z,
189.89.142.55,ipv4,malicious-ip,medium,WHITE,ziyadnz/hourly-ipv4,ziyadnz|hourly,2026-08-17T18:48:05Z,2026-08-17T18:48:05Z,
189.89.15.37,ipv4,malicious-ip,medium,WHITE,ziyadnz/hourly-ipv4,ziyadnz|hourly,2026-08-17T18:48:05Z,2026-08-17T18:48:05Z,
189.89.211.212,ipv4,malicious-ip,medium,WHITE,ziyadnz/hourly-ipv4,ziyadnz|hourly,2026-08-17T18:48:05Z,2026-08-17T18:48:05Z,
189.89.213.145,ipv4,malicious-ip,medium,WHITE,ziyadnz/hourly-ipv4,ziyadnz|hourly,2026-08-17T18:48:05Z,2026-08-17T18:48:05Z,
189.89.214.126,ipv4,malicious-ip,medium,WHITE,ziyadnz/hourly-ipv4,ziyadnz|hourly,2026-08-17T18:48:05Z,2026-08-17T18:48:05Z,
189.89.215.21,ipv4,malicious-ip,medium,WHITE,ziyadnz/hourly-ipv4,ziyadnz|hourly,2026-08-17T18:48:05Z,2026-08-17T18:48:05Z,
189.89.225.155,ipv4,malicious-ip,medium,WHITE,ziyadnz/hourly-ipv4,ziyadnz|hourly,2026-08-17T18:48:05Z,2026-08-17T18:48:05Z,
189.89.255.1,ipv4,malicious-ip,medium,WHITE,ziyadnz/hourly-ipv4,ziyadnz|hourly,2026-08-17T18:48:05Z,2026-08-17T18:48:05Z,
189.89.255.9,ipv4,malicious-ip,medium,WHITE,ziyadnz/hourly-ipv4,ziyadnz|hourly,2026-08-17T18:48:05Z,2026-08-17T18:48:05Z,
189.90.116.252,ipv4,malicious-ip,medium,WHITE,ziyadnz/hourly-ipv4,ziyadnz|hourly,2026-08-17T18:48:05Z,2026-08-17T18:48:05Z,
189.90.220.198,ipv4,malicious-ip,medium,WHITE,ziyadnz/hourly-ipv4,ziyadnz|hourly,2026-08-17T18:48:05Z,2026-08-17T18:48:05Z,
189.90.222.137,ipv4,malicious-ip,medium,WHITE,ziyadnz/hourly-ipv4,ziyadnz|hourly,2026-08-17T18:48:05Z,2026-08-17T18:48:05Z,
189.90.236.163,ipv4,malicious-ip,medium,WHITE,ziyadnz/hourly-ipv4,ziyadnz|hourly,2026-08-17T18:48:05Z,2026-08-17T18:48:05Z,
189.90.24.179,ipv4,malicious-ip,medium,WHITE,ziyadnz/hourly-ipv4,ziyadnz|hourly,2026-08-17T18:48:05Z,2026-08-17T18:48:05Z,
189.90.27.18,ipv4,malicious-ip,medium,WHITE,ziyadnz/hourly-ipv4,ziyadnz|hourly,2026-08-17T18:48:05Z,2026-08-17T18:48:05Z,
189.90.33.23,ipv4,malicious-ip,medium,WHITE,ziyadnz/hourly-ipv4,ziyadnz|hourly,2026-08-17T18:48:05Z,2026-08-17T18:48:05Z,
189.90.38.164,ipv4,malicious-ip,medium,WHITE,ziyadnz/hourly-ipv4,ziyadnz|hourly,2026-08-17T18:48:05Z,2026-08-17T18:48:05Z,
189.90.55.243,ipv4,malicious-ip,medium,WHITE,ziyadnz/hourly-ipv4,ziyadnz|hourly,2026-08-17T18:48:05Z,2026-08-17T18:48:05Z,
189.90.55.78,ipv4,malicious-ip,medium,WHITE,ziyadnz/hourly-ipv4,ziyadnz|hourly,2026-08-17T18:48:05Z,2026-08-17T18:48:05Z,
189.91.14.112,ipv4,malicious-ip,medium,WHITE,ziyadnz/hourly-ipv4,ziyadnz|hourly,2026-08-17T18:48:05Z,2026-08-17T18:48:05Z,
189.91.161.8,ipv4,malicious-ip,medium,WHITE,ziyadnz/hourly-ipv4,ziyadnz|hourly,2026-08-17T18:48:05Z,2026-08-17T18:48:05Z,
189.91.255.127,ipv4,malicious-ip,medium,WHITE,ziyadnz/hourly-ipv4,ziyadnz|hourly,2026-08-17T18:48:05Z,2026-08-17T18:48:05Z,
189.98.172.167,ipv4,malicious-ip,medium,WHITE,ziyadnz/hourly-ipv4,ziyadnz|hourly,2026-08-17T18:48:05Z,2026-08-17T18:48:05Z,
190.0.114.194,ipv4,malicious-ip,medium,WHITE,ziyadnz/hourly-ipv4,ziyadnz|hourly,2026-08-17T18:48:05Z,2026-08-17T18:48:05Z,
190.0.241.165,ipv4,malicious-ip,medium,WHITE,ziyadnz/hourly-ipv4,ziyadnz|hourly,2026-08-17T18:48:05Z,2026-08-17T18:48:05Z,
190.0.247.108,ipv4,malicious-ip,medium,WHITE,ziyadnz/hourly-ipv4,ziyadnz|hourly,2026-08-17T18:48:05Z,2026-08-17T18:48:05Z,
190.0.81.17,ipv4,malicious-ip,medium,WHITE,ziyadnz/hourly-ipv4,ziyadnz|hourly,2026-08-17T18:48:05Z,2026-08-17T18:48:05Z,
190.1.30.77,ipv4,malicious-ip,medium,WHITE,ziyadnz/hourly-ipv4,ziyadnz|hourly,2026-08-17T18:48:05Z,2026-08-17T18:48:05Z,
190.10.164.136,ipv4,malicious-ip,medium,WHITE,ziyadnz/hourly-ipv4,ziyadnz|hourly,2026-08-17T18:48:05Z,2026-08-17T18:48:05Z,
190.10.8.95,ipv4,malicious-ip,medium,WHITE,ziyadnz/hourly-ipv4,ziyadnz|hourly,2026-08-17T18:48:05Z,2026-08-17T18:48:05Z,
190.100.179.168,ipv4,malicious-ip,medium,WHITE,ziyadnz/hourly-ipv4,ziyadnz|hourly,2026-08-17T18:48:05Z,2026-08-17T18:48:05Z,
190.101.14.161,ipv4,malicious-ip,medium,WHITE,ziyadnz/hourly-ipv4,ziyadnz|hourly,2026-08-17T18:48:05Z,2026-08-17T18:48:05Z,
190.101.211.75,ipv4,malicious-ip,medium,WHITE,ziyadnz/hourly-ipv4,ziyadnz|hourly,2026-08-17T18:48:05Z,2026-08-17T18:48:05Z,
190.102.110.158,ipv4,malicious-ip,medium,WHITE,ziyadnz/hourly-ipv4,ziyadnz|hourly,2026-08-17T18:48:05Z,2026-08-17T18:48:05Z,
190.102.52.156,ipv4,malicious-ip,medium,WHITE,ziyadnz/hourly-ipv4,ziyadnz|hourly,2026-08-17T18:48:05Z,2026-08-17T18:48:05Z,
190.102.52.51,ipv4,malicious-ip,medium,WHITE,ziyadnz/hourly-ipv4,ziyadnz|hourly,2026-08-17T18:48:05Z,2026-08-17T18:48:05Z,
190.102.53.5,ipv4,malicious-ip,medium,WHITE,ziyadnz/hourly-ipv4,ziyadnz|hourly,2026-08-17T18:48:05Z,2026-08-17T18:48:05Z,
190.103.179.98,ipv4,malicious-ip,medium,WHITE,ziyadnz/hourly-ipv4,ziyadnz|hourly,2026-08-17T18:48:05Z,2026-08-17T18:48:05Z,
190.103.230.198,ipv4,malicious-ip,medium,WHITE,ziyadnz/hourly-ipv4,ziyadnz|hourly,2026-08-17T18:48:05Z,2026-08-17T18:48:05Z,
190.103.245.130,ipv4,malicious-ip,medium,WHITE,ziyadnz/hourly-ipv4,ziyadnz|hourly,2026-08-17T18:48:05Z,2026-08-17T18:48:05Z,
190.103.28.84,ipv4,malicious-ip,medium,WHITE,ziyadnz/hourly-ipv4,ziyadnz|hourly,2026-08-17T18:48:05Z,2026-08-17T18:48:05Z,
190.103.29.62,ipv4,malicious-ip,medium,WHITE,ziyadnz/hourly-ipv4,ziyadnz|hourly,2026-08-17T18:48:05Z,2026-08-17T18:48:05Z,
190.103.29.63,ipv4,malicious-ip,medium,WHITE,ziyadnz/hourly-ipv4,ziyadnz|hourly,2026-08-17T18:48:05Z,2026-08-17T18:48:05Z,
190.103.31.26,ipv4,malicious-ip,medium,WHITE,ziyadnz/hourly-ipv4,ziyadnz|hourly,2026-08-17T18:48:05Z,2026-08-17T18:48:05Z,
190.103.84.128,ipv4,malicious-ip,medium,WHITE,ziyadnz/hourly-ipv4,ziyadnz|hourly,2026-08-17T18:48:05Z,2026-08-17T18:48:05Z,
190.104.129.198,ipv4,malicious-ip,medium,WHITE,ziyadnz/hourly-ipv4,ziyadnz|hourly,2026-08-17T18:48:05Z,2026-08-17T18:48:05Z,
190.104.234.115,ipv4,malicious-ip,medium,WHITE,ziyadnz/hourly-ipv4,ziyadnz|hourly,2026-08-17T18:48:05Z,2026-08-17T18:48:05Z,
190.104.234.117,ipv4,malicious-ip,medium,WHITE,ziyadnz/hourly-ipv4,ziyadnz|hourly,2026-08-17T18:48:05Z,2026-08-17T18:48:05Z,
190.104.239.241,ipv4,malicious-ip,medium,WHITE,ziyadnz/hourly-ipv4,ziyadnz|hourly,2026-08-17T18:48:05Z,2026-08-17T18:48:05Z,
190.104.24.6,ipv4,malicious-ip,medium,WHITE,ziyadnz/hourly-ipv4,ziyadnz|hourly,2026-08-17T18:48:05Z,2026-08-17T18:48:05Z,
190.104.246.117,ipv4,malicious-ip,medium,WHITE,ziyadnz/hourly-ipv4,ziyadnz|hourly,2026-08-17T18:48:05Z,2026-08-17T18:48:05Z,
190.104.246.121,ipv4,malicious-ip,medium,WHITE,ziyadnz/hourly-ipv4,ziyadnz|hourly,2026-08-17T18:48:05Z,2026-08-17T18:48:05Z,
190.104.253.58,ipv4,malicious-ip,medium,WHITE,ziyadnz/hourly-ipv4,ziyadnz|hourly,2026-08-17T18:48:05Z,2026-08-17T18:48:05Z,
190.104.254.91,ipv4,malicious-ip,medium,WHITE,ziyadnz/hourly-ipv4,ziyadnz|hourly,2026-08-17T18:48:05Z,2026-08-17T18:48:05Z,
190.104.32.82,ipv4,malicious-ip,medium,WHITE,ziyadnz/hourly-ipv4,ziyadnz|hourly,2026-08-17T18:48:05Z,2026-08-17T18:48:05Z,
190.104.35.50,ipv4,malicious-ip,medium,WHITE,ziyadnz/hourly-ipv4,ziyadnz|hourly,2026-08-17T18:48:05Z,2026-08-17T18:48:05Z,
190.104.36.133,ipv4,malicious-ip,medium,WHITE,ziyadnz/hourly-ipv4,ziyadnz|hourly,2026-08-17T18:48:05Z,2026-08-17T18:48:05Z,
190.104.36.134,ipv4,malicious-ip,medium,WHITE,ziyadnz/hourly-ipv4,ziyadnz|hourly,2026-08-17T18:48:05Z,2026-08-17T18:48:05Z,
190.104.36.154,ipv4,malicious-ip,medium,WHITE,ziyadnz/hourly-ipv4,ziyadnz|hourly,2026-08-17T18:48:05Z,2026-08-17T18:48:05Z,
190.104.36.242,ipv4,malicious-ip,medium,WHITE,ziyadnz/hourly-ipv4,ziyadnz|hourly,2026-08-17T18:48:05Z,2026-08-17T18:48:05Z,
190.104.37.118,ipv4,malicious-ip,medium,WHITE,ziyadnz/hourly-ipv4,ziyadnz|hourly,2026-08-17T18:48:05Z,2026-08-17T18:48:05Z,
190.104.45.30,ipv4,malicious-ip,medium,WHITE,ziyadnz/hourly-ipv4,ziyadnz|hourly,2026-08-17T18:48:05Z,2026-08-17T18:48:05Z,
190.105.114.117,ipv4,malicious-ip,medium,WHITE,ziyadnz/hourly-ipv4,ziyadnz|hourly,2026-08-17T18:48:05Z,2026-08-17T18:48:05Z,
190.105.123.247,ipv4,malicious-ip,medium,WHITE,ziyadnz/hourly-ipv4,ziyadnz|hourly,2026-08-17T18:48:05Z,2026-08-17T18:48:05Z,
190.105.196.136,ipv4,malicious-ip,medium,WHITE,ziyadnz/hourly-ipv4,ziyadnz|hourly,2026-08-17T18:48:05Z,2026-08-17T18:48:05Z,
190.105.212.101,ipv4,malicious-ip,medium,WHITE,ziyadnz/hourly-ipv4,ziyadnz|hourly,2026-08-17T18:48:05Z,2026-08-17T18:48:05Z,
190.105.214.48,ipv4,malicious-ip,medium,WHITE,ziyadnz/hourly-ipv4,ziyadnz|hourly,2026-08-17T18:48:05Z,2026-08-17T18:48:05Z,
190.106.254.70,ipv4,malicious-ip,medium,WHITE,ziyadnz/hourly-ipv4,ziyadnz|hourly,2026-08-17T18:48:05Z,2026-08-17T18:48:05Z,
190.106.37.126,ipv4,malicious-ip,medium,WHITE,ziyadnz/hourly-ipv4,ziyadnz|hourly,2026-08-17T18:48:05Z,2026-08-17T18:48:05Z,
190.106.88.241,ipv4,malicious-ip,medium,WHITE,ziyadnz/hourly-ipv4,ziyadnz|hourly,2026-08-17T18:48:05Z,2026-08-17T18:48:05Z,
190.107.123.12,ipv4,malicious-ip,medium,WHITE,ziyadnz/hourly-ipv4,ziyadnz|hourly,2026-08-17T18:48:05Z,2026-08-17T18:48:05Z,
190.107.123.170,ipv4,malicious-ip,medium,WHITE,ziyadnz/hourly-ipv4,ziyadnz|hourly,2026-08-17T18:48:05Z,2026-08-17T18:48:05Z,
190.108.214.73,ipv4,malicious-ip,medium,WHITE,ziyadnz/hourly-ipv4,ziyadnz|hourly,2026-08-17T18:48:05Z,2026-08-17T18:48:05Z,
190.108.228.48,ipv4,malicious-ip,medium,WHITE,ziyadnz/hourly-ipv4,ziyadnz|hourly,2026-08-17T18:48:05Z,2026-08-17T18:48:05Z,
190.108.60.10,ipv4,malicious-ip,medium,WHITE,ziyadnz/hourly-ipv4,ziyadnz|hourly,2026-08-17T18:48:05Z,2026-08-17T18:48:05Z,
190.108.60.101,ipv4,malicious-ip,medium,WHITE,ziyadnz/hourly-ipv4,ziyadnz|hourly,2026-08-17T18:48:05Z,2026-08-17T18:48:05Z,
190.108.77.124,ipv4,malicious-ip,medium,WHITE,ziyadnz/hourly-ipv4,ziyadnz|hourly,2026-08-17T18:48:05Z,2026-08-17T18:48:05Z,
190.108.77.176,ipv4,malicious-ip,medium,WHITE,ziyadnz/hourly-ipv4,ziyadnz|hourly,2026-08-17T18:48:05Z,2026-08-17T18:48:05Z,
190.109.124.237,ipv4,malicious-ip,medium,WHITE,ziyadnz/hourly-ipv4,ziyadnz|hourly,2026-08-17T18:48:05Z,2026-08-17T18:48:05Z,
190.109.176.186,ipv4,malicious-ip,medium,WHITE,ziyadnz/hourly-ipv4,ziyadnz|hourly,2026-08-17T18:48:05Z,2026-08-17T18:48:05Z,
190.109.227.112,ipv4,malicious-ip,medium,WHITE,ziyadnz/hourly-ipv4,ziyadnz|hourly,2026-08-17T18:48:05Z,2026-08-17T18:48:05Z,
190.109.227.213,ipv4,malicious-ip,medium,WHITE,ziyadnz/hourly-ipv4,ziyadnz|hourly,2026-08-17T18:48:05Z,2026-08-17T18:48:05Z,
190.109.227.244,ipv4,malicious-ip,medium,WHITE,ziyadnz/hourly-ipv4,ziyadnz|hourly,2026-08-17T18:48:05Z,2026-08-17T18:48:05Z,
190.109.229.102,ipv4,malicious-ip,medium,WHITE,ziyadnz/hourly-ipv4,ziyadnz|hourly,2026-08-17T18:48:05Z,2026-08-17T18:48:05Z,
190.109.5.68,ipv4,malicious-ip,medium,WHITE,ziyadnz/hourly-ipv4,ziyadnz|hourly,2026-08-17T18:48:05Z,2026-08-17T18:48:05Z,
190.109.8.4,ipv4,malicious-ip,medium,WHITE,ziyadnz/hourly-ipv4,ziyadnz|hourly,2026-08-17T18:48:05Z,2026-08-17T18:48:05Z,
190.11.195.72,ipv4,malicious-ip,medium,WHITE,ziyadnz/hourly-ipv4,ziyadnz|hourly,2026-08-17T18:48:05Z,2026-08-17T18:48:05Z,
190.110.160.46,ipv4,malicious-ip,medium,WHITE,ziyadnz/hourly-ipv4,ziyadnz|hourly,2026-08-17T18:48:05Z,2026-08-17T18:48:05Z,
190.111.108.101,ipv4,malicious-ip,medium,WHITE,ziyadnz/hourly-ipv4,ziyadnz|hourly,2026-08-17T18:48:05Z,2026-08-17T18:48:05Z,
190.111.109.154,ipv4,malicious-ip,medium,WHITE,ziyadnz/hourly-ipv4,ziyadnz|hourly,2026-08-17T18:48:05Z,2026-08-17T18:48:05Z,
190.111.110.96,ipv4,malicious-ip,medium,WHITE,ziyadnz/hourly-ipv4,ziyadnz|hourly,2026-08-17T18:48:05Z,2026-08-17T18:48:05Z,
190.111.218.140,ipv4,malicious-ip,medium,WHITE,ziyadnz/hourly-ipv4,ziyadnz|hourly,2026-08-17T18:48:05Z,2026-08-17T18:48:05Z,
190.111.226.20,ipv4,malicious-ip,medium,WHITE,ziyadnz/hourly-ipv4,ziyadnz|hourly,2026-08-17T18:48:05Z,2026-08-17T18:48:05Z,
190.111.230.228,ipv4,malicious-ip,medium,WHITE,ziyadnz/hourly-ipv4,ziyadnz|hourly,2026-08-17T18:48:05Z,2026-08-17T18:48:05Z,
190.111.241.251,ipv4,malicious-ip,medium,WHITE,ziyadnz/hourly-ipv4,ziyadnz|hourly,2026-08-17T18:48:05Z,2026-08-17T18:48:05Z,
190.111.243.148,ipv4,malicious-ip,medium,WHITE,ziyadnz/hourly-ipv4,ziyadnz|hourly,2026-08-17T18:48:05Z,2026-08-17T18:48:05Z,
190.111.243.150,ipv4,malicious-ip,medium,WHITE,ziyadnz/hourly-ipv4,ziyadnz|hourly,2026-08-17T18:48:05Z,2026-08-17T18:48:05Z,
190.112.102.0,ipv4,malicious-ip,medium,WHITE,ziyadnz/hourly-ipv4,ziyadnz|hourly,2026-08-17T18:48:05Z,2026-08-17T18:48:05Z,
190.112.102.162,ipv4,malicious-ip,medium,WHITE,ziyadnz/hourly-ipv4,ziyadnz|hourly,2026-08-17T18:48:05Z,2026-08-17T18:48:05Z,
190.112.102.24,ipv4,malicious-ip,medium,WHITE,ziyadnz/hourly-ipv4,ziyadnz|hourly,2026-08-17T18:48:05Z,2026-08-17T18:48:05Z,
190.112.102.29,ipv4,malicious-ip,medium,WHITE,ziyadnz/hourly-ipv4,ziyadnz|hourly,2026-08-17T18:48:05Z,2026-08-17T18:48:05Z,
190.112.139.225,ipv4,malicious-ip,medium,WHITE,ziyadnz/hourly-ipv4,ziyadnz|hourly,2026-08-17T18:48:05Z,2026-08-17T18:48:05Z,
190.112.139.249,ipv4,malicious-ip,medium,WHITE,ziyadnz/hourly-ipv4,ziyadnz|hourly,2026-08-17T18:48:05Z,2026-08-17T18:48:05Z,
190.112.176.13,ipv4,malicious-ip,medium,WHITE,ziyadnz/hourly-ipv4,ziyadnz|hourly,2026-08-17T18:48:05Z,2026-08-17T18:48:05Z,
190.112.176.147,ipv4,malicious-ip,medium,WHITE,ziyadnz/hourly-ipv4,ziyadnz|hourly,2026-08-17T18:48:05Z,2026-08-17T18:48:05Z,
190.112.176.5,ipv4,malicious-ip,medium,WHITE,ziyadnz/hourly-ipv4,ziyadnz|hourly,2026-08-17T18:48:05Z,2026-08-17T18:48:05Z,
190.112.222.22,ipv4,malicious-ip,medium,WHITE,ziyadnz/hourly-ipv4,ziyadnz|hourly,2026-08-17T18:48:05Z,2026-08-17T18:48:05Z,
190.112.222.28,ipv4,malicious-ip,medium,WHITE,ziyadnz/hourly-ipv4,ziyadnz|hourly,2026-08-17T18:48:05Z,2026-08-17T18:48:05Z,
190.112.7.190,ipv4,malicious-ip,medium,WHITE,ziyadnz/hourly-ipv4,ziyadnz|hourly,2026-08-17T18:48:05Z,2026-08-17T18:48:05Z,
190.112.7.244,ipv4,malicious-ip,medium,WHITE,ziyadnz/hourly-ipv4,ziyadnz|hourly,2026-08-17T18:48:05Z,2026-08-17T18:48:05Z,
190.112.99.59,ipv4,malicious-ip,medium,WHITE,ziyadnz/hourly-ipv4,ziyadnz|hourly,2026-08-17T18:48:05Z,2026-08-17T18:48:05Z,
190.113.110.127,ipv4,malicious-ip,medium,WHITE,ziyadnz/hourly-ipv4,ziyadnz|hourly,2026-08-17T18:48:05Z,2026-08-17T18:48:05Z,
190.113.119.122,ipv4,malicious-ip,medium,WHITE,ziyadnz/hourly-ipv4,ziyadnz|hourly,2026-08-17T18:48:05Z,2026-08-17T18:48:05Z,
190.113.173.105,ipv4,malicious-ip,medium,WHITE,ziyadnz/hourly-ipv4,ziyadnz|hourly,2026-08-17T18:48:05Z,2026-08-17T18:48:05Z,
190.114.104.139,ipv4,malicious-ip,medium,WHITE,ziyadnz/hourly-ipv4,ziyadnz|hourly,2026-08-17T18:48:05Z,2026-08-17T18:48:05Z,
190.114.104.195,ipv4,malicious-ip,medium,WHITE,ziyadnz/hourly-ipv4,ziyadnz|hourly,2026-08-17T18:48:05Z,2026-08-17T18:48:05Z,
190.114.104.252,ipv4,malicious-ip,medium,WHITE,ziyadnz/hourly-ipv4,ziyadnz|hourly,2026-08-17T18:48:05Z,2026-08-17T18:48:05Z,
190.114.116.83,ipv4,malicious-ip,medium,WHITE,ziyadnz/hourly-ipv4,ziyadnz|hourly,2026-08-17T18:48:05Z,2026-08-17T18:48:05Z,
190.114.119.109,ipv4,malicious-ip,medium,WHITE,ziyadnz/hourly-ipv4,ziyadnz|hourly,2026-08-17T18:48:05Z,2026-08-17T18:48:05Z,
190.114.122.76,ipv4,malicious-ip,medium,WHITE,ziyadnz/hourly-ipv4,ziyadnz|hourly,2026-08-17T18:48:05Z,2026-08-17T18:48:05Z,
190.114.32.116,ipv4,malicious-ip,medium,WHITE,ziyadnz/hourly-ipv4,ziyadnz|hourly,2026-08-17T18:48:05Z,2026-08-17T18:48:05Z,
190.114.64.245,ipv4,malicious-ip,medium,WHITE,ziyadnz/hourly-ipv4,ziyadnz|hourly,2026-08-17T18:48:05Z,2026-08-17T18:48:05Z,
190.115.167.98,ipv4,malicious-ip,medium,WHITE,ziyadnz/hourly-ipv4,ziyadnz|hourly,2026-08-17T18:48:05Z,2026-08-17T18:48:05Z,
190.115.188.174,ipv4,malicious-ip,medium,WHITE,ziyadnz/hourly-ipv4,ziyadnz|hourly,2026-08-17T18:48:05Z,2026-08-17T18:48:05Z,
190.115.189.194,ipv4,malicious-ip,medium,WHITE,ziyadnz/hourly-ipv4,ziyadnz|hourly,2026-08-17T18:48:05Z,2026-08-17T18:48:05Z,
190.115.211.127,ipv4,malicious-ip,medium,WHITE,ziyadnz/hourly-ipv4,ziyadnz|hourly,2026-08-17T18:48:05Z,2026-08-17T18:48:05Z,
190.115.5.17,ipv4,malicious-ip,medium,WHITE,ziyadnz/hourly-ipv4,ziyadnz|hourly,2026-08-17T18:48:05Z,2026-08-17T18:48:05Z,
190.115.80.35,ipv4,malicious-ip,medium,WHITE,ziyadnz/hourly-ipv4,ziyadnz|hourly,2026-08-17T18:48:05Z,2026-08-17T18:48:05Z,
190.115.84.25,ipv4,malicious-ip,medium,WHITE,ziyadnz/hourly-ipv4,ziyadnz|hourly,2026-08-17T18:48:05Z,2026-08-17T18:48:05Z,
190.116.174.157,ipv4,malicious-ip,medium,WHITE,ziyadnz/hourly-ipv4,ziyadnz|hourly,2026-08-17T18:48:05Z,2026-08-17T18:48:05Z,
190.117.78.191,ipv4,malicious-ip,medium,WHITE,ziyadnz/hourly-ipv4,ziyadnz|hourly,2026-08-17T18:48:05Z,2026-08-17T18:48:05Z,
190.119.132.43,ipv4,malicious-ip,medium,WHITE,ziyadnz/hourly-ipv4,ziyadnz|hourly,2026-08-17T18:48:05Z,2026-08-17T18:48:05Z,
190.119.150.149,ipv4,malicious-ip,medium,WHITE,ziyadnz/hourly-ipv4,ziyadnz|hourly,2026-08-17T18:48:05Z,2026-08-17T18:48:05Z,
190.119.198.81,ipv4,malicious-ip,medium,WHITE,ziyadnz/hourly-ipv4,ziyadnz|hourly,2026-08-17T18:48:05Z,2026-08-17T18:48:05Z,
190.119.63.81,ipv4,malicious-ip,medium,WHITE,ziyadnz/hourly-ipv4,ziyadnz|hourly,2026-08-17T18:48:05Z,2026-08-17T18:48:05Z,
190.12.104.150,ipv4,malicious-ip,medium,WHITE,ziyadnz/hourly-ipv4,ziyadnz|hourly,2026-08-17T18:48:05Z,2026-08-17T18:48:05Z,
190.12.109.162,ipv4,malicious-ip,medium,WHITE,ziyadnz/hourly-ipv4,ziyadnz|hourly,2026-08-17T18:48:05Z,2026-08-17T18:48:05Z,
190.12.112.162,ipv4,malicious-ip,medium,WHITE,ziyadnz/hourly-ipv4,ziyadnz|hourly,2026-08-17T18:48:05Z,2026-08-17T18:48:05Z,
190.120.176.139,ipv4,malicious-ip,medium,WHITE,ziyadnz/hourly-ipv4,ziyadnz|hourly,2026-08-17T18:48:05Z,2026-08-17T18:48:05Z,
190.120.176.206,ipv4,malicious-ip,medium,WHITE,ziyadnz/hourly-ipv4,ziyadnz|hourly,2026-08-17T18:48:05Z,2026-08-17T18:48:05Z,
190.120.177.15,ipv4,malicious-ip,medium,WHITE,ziyadnz/hourly-ipv4,ziyadnz|hourly,2026-08-17T18:48:05Z,2026-08-17T18:48:05Z,
190.120.188.118,ipv4,malicious-ip,medium,WHITE,ziyadnz/hourly-ipv4,ziyadnz|hourly,2026-08-17T18:48:05Z,2026-08-17T18:48:05Z,
190.120.188.156,ipv4,malicious-ip,medium,WHITE,ziyadnz/hourly-ipv4,ziyadnz|hourly,2026-08-17T18:48:05Z,2026-08-17T18:48:05Z,
190.120.188.158,ipv4,malicious-ip,medium,WHITE,ziyadnz/hourly-ipv4,ziyadnz|hourly,2026-08-17T18:48:05Z,2026-08-17T18:48:05Z,
190.120.188.195,ipv4,malicious-ip,medium,WHITE,ziyadnz/hourly-ipv4,ziyadnz|hourly,2026-08-17T18:48:05Z,2026-08-17T18:48:05Z,
190.120.188.45,ipv4,malicious-ip,medium,WHITE,ziyadnz/hourly-ipv4,ziyadnz|hourly,2026-08-17T18:48:05Z,2026-08-17T18:48:05Z,
190.120.227.91,ipv4,malicious-ip,medium,WHITE,ziyadnz/hourly-ipv4,ziyadnz|hourly,2026-08-17T18:48:05Z,2026-08-17T18:48:05Z,
190.120.229.2,ipv4,malicious-ip,medium,WHITE,ziyadnz/hourly-ipv4,ziyadnz|hourly,2026-08-17T18:48:05Z,2026-08-17T18:48:05Z,
190.120.229.98,ipv4,malicious-ip,medium,WHITE,ziyadnz/hourly-ipv4,ziyadnz|hourly,2026-08-17T18:48:05Z,2026-08-17T18:48:05Z,
190.120.244.200,ipv4,malicious-ip,medium,WHITE,ziyadnz/hourly-ipv4,ziyadnz|hourly,2026-08-17T18:48:05Z,2026-08-17T18:48:05Z,
190.120.245.12,ipv4,malicious-ip,medium,WHITE,ziyadnz/hourly-ipv4,ziyadnz|hourly,2026-08-17T18:48:05Z,2026-08-17T18:48:05Z,
190.121.13.82,ipv4,malicious-ip,medium,WHITE,ziyadnz/hourly-ipv4,ziyadnz|hourly,2026-08-17T18:48:05Z,2026-08-17T18:48:05Z,
190.121.131.119,ipv4,malicious-ip,medium,WHITE,ziyadnz/hourly-ipv4,ziyadnz|hourly,2026-08-17T18:48:05Z,2026-08-17T18:48:05Z,
190.121.18.34,ipv4,malicious-ip,medium,WHITE,ziyadnz/hourly-ipv4,ziyadnz|hourly,2026-08-17T18:48:05Z,2026-08-17T18:48:05Z,
190.121.225.26,ipv4,malicious-ip,medium,WHITE,ziyadnz/hourly-ipv4,ziyadnz|hourly,2026-08-17T18:48:05Z,2026-08-17T18:48:05Z,
190.121.236.19,ipv4,malicious-ip,medium,WHITE,ziyadnz/hourly-ipv4,ziyadnz|hourly,2026-08-17T18:48:05Z,2026-08-17T18:48:05Z,
190.121.33.17,ipv4,malicious-ip,medium,WHITE,ziyadnz/hourly-ipv4,ziyadnz|hourly,2026-08-17T18:48:05Z,2026-08-17T18:48:05Z,
190.122.119.22,ipv4,malicious-ip,medium,WHITE,ziyadnz/hourly-ipv4,ziyadnz|hourly,2026-08-17T18:48:05Z,2026-08-17T18:48:05Z,
190.122.128.0,ipv4,malicious-ip,medium,WHITE,ziyadnz/hourly-ipv4,ziyadnz|hourly,2026-08-17T18:48:05Z,2026-08-17T18:48:05Z,
190.122.128.202,ipv4,malicious-ip,medium,WHITE,ziyadnz/hourly-ipv4,ziyadnz|hourly,2026-08-17T18:48:05Z,2026-08-17T18:48:05Z,
190.122.128.205,ipv4,malicious-ip,medium,WHITE,ziyadnz/hourly-ipv4,ziyadnz|hourly,2026-08-17T18:48:05Z,2026-08-17T18:48:05Z,
190.122.128.210,ipv4,malicious-ip,medium,WHITE,ziyadnz/hourly-ipv4,ziyadnz|hourly,2026-08-17T18:48:05Z,2026-08-17T18:48:05Z,
190.122.128.213,ipv4,malicious-ip,medium,WHITE,ziyadnz/hourly-ipv4,ziyadnz|hourly,2026-08-17T18:48:05Z,2026-08-17T18:48:05Z,
190.122.128.217,ipv4,malicious-ip,medium,WHITE,ziyadnz/hourly-ipv4,ziyadnz|hourly,2026-08-17T18:48:05Z,2026-08-17T18:48:05Z,
190.122.128.220,ipv4,malicious-ip,medium,WHITE,ziyadnz/hourly-ipv4,ziyadnz|hourly,2026-08-17T18:48:05Z,2026-08-17T18:48:05Z,
190.122.128.245,ipv4,malicious-ip,medium,WHITE,ziyadnz/hourly-ipv4,ziyadnz|hourly,2026-08-17T18:48:05Z,2026-08-17T18:48:05Z,
190.122.133.146,ipv4,malicious-ip,medium,WHITE,ziyadnz/hourly-ipv4,ziyadnz|hourly,2026-08-17T18:48:05Z,2026-08-17T18:48:05Z,
190.122.193.8,ipv4,malicious-ip,medium,WHITE,ziyadnz/hourly-ipv4,ziyadnz|hourly,2026-08-17T18:48:05Z,2026-08-17T18:48:05Z,
190.122.91.118,ipv4,malicious-ip,medium,WHITE,ziyadnz/hourly-ipv4,ziyadnz|hourly,2026-08-17T18:48:05Z,2026-08-17T18:48:05Z,
190.122.91.124,ipv4,malicious-ip,medium,WHITE,ziyadnz/hourly-ipv4,ziyadnz|hourly,2026-08-17T18:48:05Z,2026-08-17T18:48:05Z,
190.122.93.64,ipv4,malicious-ip,medium,WHITE,ziyadnz/hourly-ipv4,ziyadnz|hourly,2026-08-17T18:48:05Z,2026-08-17T18:48:05Z,
190.123.46.21,ipv4,malicious-ip,medium,WHITE,ziyadnz/hourly-ipv4,ziyadnz|hourly,2026-08-17T18:48:05Z,2026-08-17T18:48:05Z,
190.123.65.197,ipv4,malicious-ip,medium,WHITE,ziyadnz/hourly-ipv4,ziyadnz|hourly,2026-08-17T18:48:05Z,2026-08-17T18:48:05Z,
190.123.80.171,ipv4,malicious-ip,medium,WHITE,ziyadnz/hourly-ipv4,ziyadnz|hourly,2026-08-17T18:48:05Z,2026-08-17T18:48:05Z,
190.123.90.154,ipv4,malicious-ip,medium,WHITE,ziyadnz/hourly-ipv4,ziyadnz|hourly,2026-08-17T18:48:05Z,2026-08-17T18:48:05Z,
190.124.157.183,ipv4,malicious-ip,medium,WHITE,ziyadnz/hourly-ipv4,ziyadnz|hourly,2026-08-17T18:48:05Z,2026-08-17T18:48:05Z,
190.124.190.126,ipv4,malicious-ip,medium,WHITE,ziyadnz/hourly-ipv4,ziyadnz|hourly,2026-08-17T18:48:05Z,2026-08-17T18:48:05Z,
190.124.223.110,ipv4,malicious-ip,medium,WHITE,ziyadnz/hourly-ipv4,ziyadnz|hourly,2026-08-17T18:48:05Z,2026-08-17T18:48:05Z,
190.124.35.141,ipv4,malicious-ip,medium,WHITE,ziyadnz/hourly-ipv4,ziyadnz|hourly,2026-08-17T18:48:05Z,2026-08-17T18:48:05Z,
190.128.173.166,ipv4,malicious-ip,medium,WHITE,ziyadnz/hourly-ipv4,ziyadnz|hourly,2026-08-17T18:48:05Z,2026-08-17T18:48:05Z,
190.128.201.18,ipv4,malicious-ip,medium,WHITE,ziyadnz/hourly-ipv4,ziyadnz|hourly,2026-08-17T18:48:05Z,2026-08-17T18:48:05Z,
190.128.231.174,ipv4,malicious-ip,medium,WHITE,ziyadnz/hourly-ipv4,ziyadnz|hourly,2026-08-17T18:48:05Z,2026-08-17T18:48:05Z,
190.128.234.122,ipv4,malicious-ip,medium,WHITE,ziyadnz/hourly-ipv4,ziyadnz|hourly,2026-08-17T18:48:05Z,2026-08-17T18:48:05Z,
190.128.29.10,ipv4,malicious-ip,medium,WHITE,ziyadnz/hourly-ipv4,ziyadnz|hourly,2026-08-17T18:48:05Z,2026-08-17T18:48:05Z,
190.129.122.12,ipv4,malicious-ip,medium,WHITE,ziyadnz/hourly-ipv4,ziyadnz|hourly,2026-08-17T18:48:05Z,2026-08-17T18:48:05Z,
190.129.17.219,ipv4,malicious-ip,medium,WHITE,ziyadnz/hourly-ipv4,ziyadnz|hourly,2026-08-17T18:48:05Z,2026-08-17T18:48:05Z,
190.129.43.4,ipv4,malicious-ip,medium,WHITE,ziyadnz/hourly-ipv4,ziyadnz|hourly,2026-08-17T18:48:05Z,2026-08-17T18:48:05Z,
190.129.54.194,ipv4,malicious-ip,medium,WHITE,ziyadnz/hourly-ipv4,ziyadnz|hourly,2026-08-17T18:48:05Z,2026-08-17T18:48:05Z,
190.129.65.235,ipv4,malicious-ip,medium,WHITE,ziyadnz/hourly-ipv4,ziyadnz|hourly,2026-08-17T18:48:05Z,2026-08-17T18:48:05Z,
190.13.119.147,ipv4,malicious-ip,medium,WHITE,ziyadnz/hourly-ipv4,ziyadnz|hourly,2026-08-17T18:48:05Z,2026-08-17T18:48:05Z,
190.13.119.218,ipv4,malicious-ip,medium,WHITE,ziyadnz/hourly-ipv4,ziyadnz|hourly,2026-08-17T18:48:05Z,2026-08-17T18:48:05Z,
190.13.243.37,ipv4,malicious-ip,medium,WHITE,ziyadnz/hourly-ipv4,ziyadnz|hourly,2026-08-17T18:48:05Z,2026-08-17T18:48:05Z,
190.130.0.222,ipv4,malicious-ip,medium,WHITE,ziyadnz/hourly-ipv4,ziyadnz|hourly,2026-08-17T18:48:05Z,2026-08-17T18:48:05Z,
190.131.194.90,ipv4,malicious-ip,medium,WHITE,ziyadnz/hourly-ipv4,ziyadnz|hourly,2026-08-17T18:48:05Z,2026-08-17T18:48:05Z,
190.131.197.216,ipv4,malicious-ip,medium,WHITE,ziyadnz/hourly-ipv4,ziyadnz|hourly,2026-08-17T18:48:05Z,2026-08-17T18:48:05Z,
190.131.215.232,ipv4,malicious-ip,medium,WHITE,ziyadnz/hourly-ipv4,ziyadnz|hourly,2026-08-17T18:48:05Z,2026-08-17T18:48:05Z,
190.131.240.70,ipv4,malicious-ip,medium,WHITE,ziyadnz/hourly-ipv4,ziyadnz|hourly,2026-08-17T18:48:05Z,2026-08-17T18:48:05Z,
190.134.189.10,ipv4,malicious-ip,medium,WHITE,ziyadnz/hourly-ipv4,ziyadnz|hourly,2026-08-17T18:48:05Z,2026-08-17T18:48:05Z,
190.136.147.188,ipv4,malicious-ip,medium,WHITE,ziyadnz/hourly-ipv4,ziyadnz|hourly,2026-08-17T18:48:05Z,2026-08-17T18:48:05Z,
190.136.245.33,ipv4,malicious-ip,medium,WHITE,ziyadnz/hourly-ipv4,ziyadnz|hourly,2026-08-17T18:48:05Z,2026-08-17T18:48:05Z,
190.137.185.119,ipv4,malicious-ip,medium,WHITE,ziyadnz/hourly-ipv4,ziyadnz|hourly,2026-08-17T18:48:05Z,2026-08-17T18:48:05Z,
190.137.240.204,ipv4,malicious-ip,medium,WHITE,ziyadnz/hourly-ipv4,ziyadnz|hourly,2026-08-17T18:48:05Z,2026-08-17T18:48:05Z,
190.137.8.44,ipv4,malicious-ip,medium,WHITE,ziyadnz/hourly-ipv4,ziyadnz|hourly,2026-08-17T18:48:05Z,2026-08-17T18:48:05Z,
190.137.87.31,ipv4,malicious-ip,medium,WHITE,ziyadnz/hourly-ipv4,ziyadnz|hourly,2026-08-17T18:48:05Z,2026-08-17T18:48:05Z,
190.138.168.42,ipv4,malicious-ip,medium,WHITE,ziyadnz/hourly-ipv4,ziyadnz|hourly,2026-08-17T18:48:05Z,2026-08-17T18:48:05Z,
190.138.174.85,ipv4,malicious-ip,medium,WHITE,ziyadnz/hourly-ipv4,ziyadnz|hourly,2026-08-17T18:48:05Z,2026-08-17T18:48:05Z,
190.138.41.31,ipv4,malicious-ip,medium,WHITE,ziyadnz/hourly-ipv4,ziyadnz|hourly,2026-08-17T18:48:05Z,2026-08-17T18:48:05Z,
190.139.41.228,ipv4,malicious-ip,medium,WHITE,ziyadnz/hourly-ipv4,ziyadnz|hourly,2026-08-17T18:48:05Z,2026-08-17T18:48:05Z,
190.14.207.244,ipv4,malicious-ip,medium,WHITE,ziyadnz/hourly-ipv4,ziyadnz|hourly,2026-08-17T18:48:05Z,2026-08-17T18:48:05Z,
190.14.223.70,ipv4,malicious-ip,medium,WHITE,ziyadnz/hourly-ipv4,ziyadnz|hourly,2026-08-17T18:48:05Z,2026-08-17T18:48:05Z,
190.14.228.199,ipv4,malicious-ip,medium,WHITE,ziyadnz/hourly-ipv4,ziyadnz|hourly,2026-08-17T18:48:05Z,2026-08-17T18:48:05Z,
190.14.236.180,ipv4,malicious-ip,medium,WHITE,ziyadnz/hourly-ipv4,ziyadnz|hourly,2026-08-17T18:48:05Z,2026-08-17T18:48:05Z,
190.14.34.83,ipv4,malicious-ip,medium,WHITE,ziyadnz/hourly-ipv4,ziyadnz|hourly,2026-08-17T18:48:05Z,2026-08-17T18:48:05Z,
190.14.37.10,ipv4,malicious-ip,medium,WHITE,ziyadnz/hourly-ipv4,ziyadnz|hourly,2026-08-17T18:48:05Z,2026-08-17T18:48:05Z,
190.14.37.113,ipv4,malicious-ip,medium,WHITE,ziyadnz/hourly-ipv4,ziyadnz|hourly,2026-08-17T18:48:05Z,2026-08-17T18:48:05Z,
190.14.37.114,ipv4,malicious-ip,medium,WHITE,ziyadnz/hourly-ipv4,ziyadnz|hourly,2026-08-17T18:48:05Z,2026-08-17T18:48:05Z,
190.14.39.144,ipv4,malicious-ip,medium,WHITE,ziyadnz/hourly-ipv4,ziyadnz|hourly,2026-08-17T18:48:05Z,2026-08-17T18:48:05Z,
190.14.39.151,ipv4,malicious-ip,medium,WHITE,ziyadnz/hourly-ipv4,ziyadnz|hourly,2026-08-17T18:48:05Z,2026-08-17T18:48:05Z,
190.140.140.75,ipv4,malicious-ip,medium,WHITE,ziyadnz/hourly-ipv4,ziyadnz|hourly,2026-08-17T18:48:05Z,2026-08-17T18:48:05Z,
190.141.191.2,ipv4,malicious-ip,medium,WHITE,ziyadnz/hourly-ipv4,ziyadnz|hourly,2026-08-17T18:48:05Z,2026-08-17T18:48:05Z,
190.142.102.35,ipv4,malicious-ip,medium,WHITE,ziyadnz/hourly-ipv4,ziyadnz|hourly,2026-08-17T18:48:05Z,2026-08-17T18:48:05Z,
190.142.97.50,ipv4,malicious-ip,medium,WHITE,ziyadnz/hourly-ipv4,ziyadnz|hourly,2026-08-17T18:48:05Z,2026-08-17T18:48:05Z,
190.143.29.70,ipv4,malicious-ip,medium,WHITE,ziyadnz/hourly-ipv4,ziyadnz|hourly,2026-08-17T18:48:05Z,2026-08-17T18:48:05Z,
190.144.161.166,ipv4,malicious-ip,medium,WHITE,ziyadnz/hourly-ipv4,ziyadnz|hourly,2026-08-17T18:48:05Z,2026-08-17T18:48:05Z,
190.145.231.14,ipv4,malicious-ip,medium,WHITE,ziyadnz/hourly-ipv4,ziyadnz|hourly,2026-08-17T18:48:05Z,2026-08-17T18:48:05Z,
190.145.43.226,ipv4,malicious-ip,medium,WHITE,ziyadnz/hourly-ipv4,ziyadnz|hourly,2026-08-17T18:48:05Z,2026-08-17T18:48:05Z,
190.145.62.162,ipv4,malicious-ip,medium,WHITE,ziyadnz/hourly-ipv4,ziyadnz|hourly,2026-08-17T18:48:05Z,2026-08-17T18:48:05Z,
190.147.44.133,ipv4,malicious-ip,medium,WHITE,ziyadnz/hourly-ipv4,ziyadnz|hourly,2026-08-17T18:48:05Z,2026-08-17T18:48:05Z,
190.148.107.110,ipv4,malicious-ip,medium,WHITE,ziyadnz/hourly-ipv4,ziyadnz|hourly,2026-08-17T18:48:05Z,2026-08-17T18:48:05Z,
190.148.112.242,ipv4,malicious-ip,medium,WHITE,ziyadnz/hourly-ipv4,ziyadnz|hourly,2026-08-17T18:48:05Z,2026-08-17T18:48:05Z,
190.15.31.26,ipv4,malicious-ip,medium,WHITE,ziyadnz/hourly-ipv4,ziyadnz|hourly,2026-08-17T18:48:05Z,2026-08-17T18:48:05Z,
190.151.101.67,ipv4,malicious-ip,medium,WHITE,ziyadnz/hourly-ipv4,ziyadnz|hourly,2026-08-17T18:48:05Z,2026-08-17T18:48:05Z,
190.151.130.5,ipv4,malicious-ip,medium,WHITE,ziyadnz/hourly-ipv4,ziyadnz|hourly,2026-08-17T18:48:05Z,2026-08-17T18:48:05Z,
190.151.138.20,ipv4,malicious-ip,medium,WHITE,ziyadnz/hourly-ipv4,ziyadnz|hourly,2026-08-17T18:48:05Z,2026-08-17T18:48:05Z,
190.151.143.132,ipv4,malicious-ip,medium,WHITE,ziyadnz/hourly-ipv4,ziyadnz|hourly,2026-08-17T18:48:05Z,2026-08-17T18:48:05Z,
190.151.143.171,ipv4,malicious-ip,medium,WHITE,ziyadnz/hourly-ipv4,ziyadnz|hourly,2026-08-17T18:48:05Z,2026-08-17T18:48:05Z,
190.151.15.202,ipv4,malicious-ip,medium,WHITE,ziyadnz/hourly-ipv4,ziyadnz|hourly,2026-08-17T18:48:05Z,2026-08-17T18:48:05Z,
190.151.159.67,ipv4,malicious-ip,medium,WHITE,ziyadnz/hourly-ipv4,ziyadnz|hourly,2026-08-17T18:48:05Z,2026-08-17T18:48:05Z,
190.151.159.69,ipv4,malicious-ip,medium,WHITE,ziyadnz/hourly-ipv4,ziyadnz|hourly,2026-08-17T18:48:05Z,2026-08-17T18:48:05Z,
190.151.33.12,ipv4,malicious-ip,medium,WHITE,ziyadnz/hourly-ipv4,ziyadnz|hourly,2026-08-17T18:48:05Z,2026-08-17T18:48:05Z,
190.153.120.64,ipv4,malicious-ip,medium,WHITE,ziyadnz/hourly-ipv4,ziyadnz|hourly,2026-08-17T18:48:05Z,2026-08-17T18:48:05Z,
190.153.123.197,ipv4,malicious-ip,medium,WHITE,ziyadnz/hourly-ipv4,ziyadnz|hourly,2026-08-17T18:48:05Z,2026-08-17T18:48:05Z,
190.153.153.145,ipv4,malicious-ip,medium,WHITE,ziyadnz/hourly-ipv4,ziyadnz|hourly,2026-08-17T18:48:05Z,2026-08-17T18:48:05Z,
190.153.21.124,ipv4,malicious-ip,medium,WHITE,ziyadnz/hourly-ipv4,ziyadnz|hourly,2026-08-17T18:48:05Z,2026-08-17T18:48:05Z,
190.153.80.43,ipv4,malicious-ip,medium,WHITE,ziyadnz/hourly-ipv4,ziyadnz|hourly,2026-08-17T18:48:05Z,2026-08-17T18:48:05Z,
190.154.156.199,ipv4,malicious-ip,medium,WHITE,ziyadnz/hourly-ipv4,ziyadnz|hourly,2026-08-17T18:48:05Z,2026-08-17T18:48:05Z,
190.154.30.251,ipv4,malicious-ip,medium,WHITE,ziyadnz/hourly-ipv4,ziyadnz|hourly,2026-08-17T18:48:05Z,2026-08-17T18:48:05Z,
190.154.59.40,ipv4,malicious-ip,medium,WHITE,ziyadnz/hourly-ipv4,ziyadnz|hourly,2026-08-17T18:48:05Z,2026-08-17T18:48:05Z,
190.155.37.103,ipv4,malicious-ip,medium,WHITE,ziyadnz/hourly-ipv4,ziyadnz|hourly,2026-08-17T18:48:05Z,2026-08-17T18:48:05Z,
190.155.43.34,ipv4,malicious-ip,medium,WHITE,ziyadnz/hourly-ipv4,ziyadnz|hourly,2026-08-17T18:48:05Z,2026-08-17T18:48:05Z,
190.155.47.85,ipv4,malicious-ip,medium,WHITE,ziyadnz/hourly-ipv4,ziyadnz|hourly,2026-08-17T18:48:05Z,2026-08-17T18:48:05Z,
190.159.39.57,ipv4,malicious-ip,medium,WHITE,ziyadnz/hourly-ipv4,ziyadnz|hourly,2026-08-17T18:48:05Z,2026-08-17T18:48:05Z,
190.159.5.70,ipv4,malicious-ip,medium,WHITE,ziyadnz/hourly-ipv4,ziyadnz|hourly,2026-08-17T18:48:05Z,2026-08-17T18:48:05Z,
190.160.149.161,ipv4,malicious-ip,medium,WHITE,ziyadnz/hourly-ipv4,ziyadnz|hourly,2026-08-17T18:48:05Z,2026-08-17T18:48:05Z,
190.160.186.68,ipv4,malicious-ip,medium,WHITE,ziyadnz/hourly-ipv4,ziyadnz|hourly,2026-08-17T18:48:05Z,2026-08-17T18:48:05Z,
190.160.6.65,ipv4,malicious-ip,medium,WHITE,ziyadnz/hourly-ipv4,ziyadnz|hourly,2026-08-17T18:48:05Z,2026-08-17T18:48:05Z,
190.161.10.49,ipv4,malicious-ip,medium,WHITE,ziyadnz/hourly-ipv4,ziyadnz|hourly,2026-08-17T18:48:05Z,2026-08-17T18:48:05Z,
190.161.154.47,ipv4,malicious-ip,medium,WHITE,ziyadnz/hourly-ipv4,ziyadnz|hourly,2026-08-17T18:48:05Z,2026-08-17T18:48:05Z,
190.161.159.184,ipv4,malicious-ip,medium,WHITE,ziyadnz/hourly-ipv4,ziyadnz|hourly,2026-08-17T18:48:05Z,2026-08-17T18:48:05Z,
190.161.211.69,ipv4,malicious-ip,medium,WHITE,ziyadnz/hourly-ipv4,ziyadnz|hourly,2026-08-17T18:48:05Z,2026-08-17T18:48:05Z,
190.161.29.105,ipv4,malicious-ip,medium,WHITE,ziyadnz/hourly-ipv4,ziyadnz|hourly,2026-08-17T18:48:05Z,2026-08-17T18:48:05Z,
190.162.104.202,ipv4,malicious-ip,medium,WHITE,ziyadnz/hourly-ipv4,ziyadnz|hourly,2026-08-17T18:48:05Z,2026-08-17T18:48:05Z,
190.162.14.68,ipv4,malicious-ip,medium,WHITE,ziyadnz/hourly-ipv4,ziyadnz|hourly,2026-08-17T18:48:05Z,2026-08-17T18:48:05Z,
190.162.193.138,ipv4,malicious-ip,medium,WHITE,ziyadnz/hourly-ipv4,ziyadnz|hourly,2026-08-17T18:48:05Z,2026-08-17T18:48:05Z,
190.162.217.93,ipv4,malicious-ip,medium,WHITE,ziyadnz/hourly-ipv4,ziyadnz|hourly,2026-08-17T18:48:05Z,2026-08-17T18:48:05Z,
190.162.55.205,ipv4,malicious-ip,medium,WHITE,ziyadnz/hourly-ipv4,ziyadnz|hourly,2026-08-17T18:48:05Z,2026-08-17T18:48:05Z,
190.162.57.150,ipv4,malicious-ip,medium,WHITE,ziyadnz/hourly-ipv4,ziyadnz|hourly,2026-08-17T18:48:05Z,2026-08-17T18:48:05Z,
190.162.93.51,ipv4,malicious-ip,medium,WHITE,ziyadnz/hourly-ipv4,ziyadnz|hourly,2026-08-17T18:48:05Z,2026-08-17T18:48:05Z,
190.163.223.237,ipv4,malicious-ip,medium,WHITE,ziyadnz/hourly-ipv4,ziyadnz|hourly,2026-08-17T18:48:05Z,2026-08-17T18:48:05Z,
190.163.247.67,ipv4,malicious-ip,medium,WHITE,ziyadnz/hourly-ipv4,ziyadnz|hourly,2026-08-17T18:48:05Z,2026-08-17T18:48:05Z,
190.164.181.151,ipv4,malicious-ip,medium,WHITE,ziyadnz/hourly-ipv4,ziyadnz|hourly,2026-08-17T18:48:05Z,2026-08-17T18:48:05Z,
190.164.187.38,ipv4,malicious-ip,medium,WHITE,ziyadnz/hourly-ipv4,ziyadnz|hourly,2026-08-17T18:48:05Z,2026-08-17T18:48:05Z,
190.164.228.174,ipv4,malicious-ip,medium,WHITE,ziyadnz/hourly-ipv4,ziyadnz|hourly,2026-08-17T18:48:05Z,2026-08-17T18:48:05Z,
190.164.249.56,ipv4,malicious-ip,medium,WHITE,ziyadnz/hourly-ipv4,ziyadnz|hourly,2026-08-17T18:48:05Z,2026-08-17T18:48:05Z,
190.164.26.242,ipv4,malicious-ip,medium,WHITE,ziyadnz/hourly-ipv4,ziyadnz|hourly,2026-08-17T18:48:05Z,2026-08-17T18:48:05Z,
190.164.88.149,ipv4,malicious-ip,medium,WHITE,ziyadnz/hourly-ipv4,ziyadnz|hourly,2026-08-17T18:48:05Z,2026-08-17T18:48:05Z,
190.165.144.37,ipv4,malicious-ip,medium,WHITE,ziyadnz/hourly-ipv4,ziyadnz|hourly,2026-08-17T18:48:05Z,2026-08-17T18:48:05Z,
190.167.112.113,ipv4,malicious-ip,medium,WHITE,ziyadnz/hourly-ipv4,ziyadnz|hourly,2026-08-17T18:48:05Z,2026-08-17T18:48:05Z,
190.167.36.127,ipv4,malicious-ip,medium,WHITE,ziyadnz/hourly-ipv4,ziyadnz|hourly,2026-08-17T18:48:05Z,2026-08-17T18:48:05Z,
190.17.170.20,ipv4,malicious-ip,medium,WHITE,ziyadnz/hourly-ipv4,ziyadnz|hourly,2026-08-17T18:48:05Z,2026-08-17T18:48:05Z,
190.171.108.25,ipv4,malicious-ip,medium,WHITE,ziyadnz/hourly-ipv4,ziyadnz|hourly,2026-08-17T18:48:05Z,2026-08-17T18:48:05Z,
190.171.182.193,ipv4,malicious-ip,medium,WHITE,ziyadnz/hourly-ipv4,ziyadnz|hourly,2026-08-17T18:48:05Z,2026-08-17T18:48:05Z,
190.171.68.106,ipv4,malicious-ip,medium,WHITE,ziyadnz/hourly-ipv4,ziyadnz|hourly,2026-08-17T18:48:05Z,2026-08-17T18:48:05Z,
190.171.78.101,ipv4,malicious-ip,medium,WHITE,ziyadnz/hourly-ipv4,ziyadnz|hourly,2026-08-17T18:48:05Z,2026-08-17T18:48:05Z,
190.171.78.39,ipv4,malicious-ip,medium,WHITE,ziyadnz/hourly-ipv4,ziyadnz|hourly,2026-08-17T18:48:05Z,2026-08-17T18:48:05Z,
190.171.79.194,ipv4,malicious-ip,medium,WHITE,ziyadnz/hourly-ipv4,ziyadnz|hourly,2026-08-17T18:48:05Z,2026-08-17T18:48:05Z,
190.171.79.66,ipv4,malicious-ip,medium,WHITE,ziyadnz/hourly-ipv4,ziyadnz|hourly,2026-08-17T18:48:05Z,2026-08-17T18:48:05Z,
190.172.22.137,ipv4,malicious-ip,medium,WHITE,ziyadnz/hourly-ipv4,ziyadnz|hourly,2026-08-17T18:48:05Z,2026-08-17T18:48:05Z,
190.172.59.67,ipv4,malicious-ip,medium,WHITE,ziyadnz/hourly-ipv4,ziyadnz|hourly,2026-08-17T18:48:05Z,2026-08-17T18:48:05Z,
190.172.7.163,ipv4,malicious-ip,medium,WHITE,ziyadnz/hourly-ipv4,ziyadnz|hourly,2026-08-17T18:48:05Z,2026-08-17T18:48:05Z,
190.172.97.206,ipv4,malicious-ip,medium,WHITE,ziyadnz/hourly-ipv4,ziyadnz|hourly,2026-08-17T18:48:05Z,2026-08-17T18:48:05Z,
190.173.160.236,ipv4,malicious-ip,medium,WHITE,ziyadnz/hourly-ipv4,ziyadnz|hourly,2026-08-17T18:48:05Z,2026-08-17T18:48:05Z,
190.173.73.202,ipv4,malicious-ip,medium,WHITE,ziyadnz/hourly-ipv4,ziyadnz|hourly,2026-08-17T18:48:05Z,2026-08-17T18:48:05Z,
190.174.186.164,ipv4,malicious-ip,medium,WHITE,ziyadnz/hourly-ipv4,ziyadnz|hourly,2026-08-17T18:48:05Z,2026-08-17T18:48:05Z,
190.175.100.111,ipv4,malicious-ip,medium,WHITE,ziyadnz/hourly-ipv4,ziyadnz|hourly,2026-08-17T18:48:05Z,2026-08-17T18:48:05Z,
190.175.88.118,ipv4,malicious-ip,medium,WHITE,ziyadnz/hourly-ipv4,ziyadnz|hourly,2026-08-17T18:48:05Z,2026-08-17T18:48:05Z,
190.179.172.58,ipv4,malicious-ip,medium,WHITE,ziyadnz/hourly-ipv4,ziyadnz|hourly,2026-08-17T18:48:05Z,2026-08-17T18:48:05Z,
190.179.186.58,ipv4,malicious-ip,medium,WHITE,ziyadnz/hourly-ipv4,ziyadnz|hourly,2026-08-17T18:48:05Z,2026-08-17T18:48:05Z,
190.18.176.100,ipv4,malicious-ip,medium,WHITE,ziyadnz/hourly-ipv4,ziyadnz|hourly,2026-08-17T18:48:05Z,2026-08-17T18:48:05Z,
190.18.209.209,ipv4,malicious-ip,medium,WHITE,ziyadnz/hourly-ipv4,ziyadnz|hourly,2026-08-17T18:48:05Z,2026-08-17T18:48:05Z,
190.18.218.59,ipv4,malicious-ip,medium,WHITE,ziyadnz/hourly-ipv4,ziyadnz|hourly,2026-08-17T18:48:05Z,2026-08-17T18:48:05Z,
190.181.100.157,ipv4,malicious-ip,medium,WHITE,ziyadnz/hourly-ipv4,ziyadnz|hourly,2026-08-17T18:48:05Z,2026-08-17T18:48:05Z,
190.181.100.2,ipv4,malicious-ip,medium,WHITE,ziyadnz/hourly-ipv4,ziyadnz|hourly,2026-08-17T18:48:05Z,2026-08-17T18:48:05Z,
190.181.101.216,ipv4,malicious-ip,medium,WHITE,ziyadnz/hourly-ipv4,ziyadnz|hourly,2026-08-17T18:48:05Z,2026-08-17T18:48:05Z,
190.181.101.244,ipv4,malicious-ip,medium,WHITE,ziyadnz/hourly-ipv4,ziyadnz|hourly,2026-08-17T18:48:05Z,2026-08-17T18:48:05Z,
190.181.108.102,ipv4,malicious-ip,medium,WHITE,ziyadnz/hourly-ipv4,ziyadnz|hourly,2026-08-17T18:48:05Z,2026-08-17T18:48:05Z,
190.181.120.142,ipv4,malicious-ip,medium,WHITE,ziyadnz/hourly-ipv4,ziyadnz|hourly,2026-08-17T18:48:05Z,2026-08-17T18:48:05Z,
190.181.141.78,ipv4,malicious-ip,medium,WHITE,ziyadnz/hourly-ipv4,ziyadnz|hourly,2026-08-17T18:48:05Z,2026-08-17T18:48:05Z,
190.181.22.164,ipv4,malicious-ip,medium,WHITE,ziyadnz/hourly-ipv4,ziyadnz|hourly,2026-08-17T18:48:05Z,2026-08-17T18:48:05Z,
190.181.24.50,ipv4,malicious-ip,medium,WHITE,ziyadnz/hourly-ipv4,ziyadnz|hourly,2026-08-17T18:48:05Z,2026-08-17T18:48:05Z,
190.181.27.27,ipv4,malicious-ip,medium,WHITE,ziyadnz/hourly-ipv4,ziyadnz|hourly,2026-08-17T18:48:05Z,2026-08-17T18:48:05Z,
190.181.44.194,ipv4,malicious-ip,medium,WHITE,ziyadnz/hourly-ipv4,ziyadnz|hourly,2026-08-17T18:48:05Z,2026-08-17T18:48:05Z,
190.181.86.160,ipv4,malicious-ip,medium,WHITE,ziyadnz/hourly-ipv4,ziyadnz|hourly,2026-08-17T18:48:05Z,2026-08-17T18:48:05Z,
190.181.87.211,ipv4,malicious-ip,medium,WHITE,ziyadnz/hourly-ipv4,ziyadnz|hourly,2026-08-17T18:48:05Z,2026-08-17T18:48:05Z,
190.181.87.65,ipv4,malicious-ip,medium,WHITE,ziyadnz/hourly-ipv4,ziyadnz|hourly,2026-08-17T18:48:05Z,2026-08-17T18:48:05Z,
190.181.91.230,ipv4,malicious-ip,medium,WHITE,ziyadnz/hourly-ipv4,ziyadnz|hourly,2026-08-17T18:48:05Z,2026-08-17T18:48:05Z,
190.182.160.212,ipv4,malicious-ip,medium,WHITE,ziyadnz/hourly-ipv4,ziyadnz|hourly,2026-08-17T18:48:05Z,2026-08-17T18:48:05Z,
190.183.247.126,ipv4,malicious-ip,medium,WHITE,ziyadnz/hourly-ipv4,ziyadnz|hourly,2026-08-17T18:48:05Z,2026-08-17T18:48:05Z,
190.183.248.248,ipv4,malicious-ip,medium,WHITE,ziyadnz/hourly-ipv4,ziyadnz|hourly,2026-08-17T18:48:05Z,2026-08-17T18:48:05Z,
190.183.248.70,ipv4,malicious-ip,medium,WHITE,ziyadnz/hourly-ipv4,ziyadnz|hourly,2026-08-17T18:48:05Z,2026-08-17T18:48:05Z,
190.183.30.196,ipv4,malicious-ip,medium,WHITE,ziyadnz/hourly-ipv4,ziyadnz|hourly,2026-08-17T18:48:05Z,2026-08-17T18:48:05Z,
190.183.80.184,ipv4,malicious-ip,medium,WHITE,ziyadnz/hourly-ipv4,ziyadnz|hourly,2026-08-17T18:48:05Z,2026-08-17T18:48:05Z,
190.184.207.170,ipv4,malicious-ip,medium,WHITE,ziyadnz/hourly-ipv4,ziyadnz|hourly,2026-08-17T18:48:05Z,2026-08-17T18:48:05Z,
190.184.222.63,ipv4,malicious-ip,medium,WHITE,ziyadnz/hourly-ipv4,ziyadnz|hourly,2026-08-17T18:48:05Z,2026-08-17T18:48:05Z,
190.184.229.222,ipv4,malicious-ip,medium,WHITE,ziyadnz/hourly-ipv4,ziyadnz|hourly,2026-08-17T18:48:05Z,2026-08-17T18:48:05Z,
190.184.229.241,ipv4,malicious-ip,medium,WHITE,ziyadnz/hourly-ipv4,ziyadnz|hourly,2026-08-17T18:48:05Z,2026-08-17T18:48:05Z,
190.184.229.61,ipv4,malicious-ip,medium,WHITE,ziyadnz/hourly-ipv4,ziyadnz|hourly,2026-08-17T18:48:05Z,2026-08-17T18:48:05Z,
190.184.231.2,ipv4,malicious-ip,medium,WHITE,ziyadnz/hourly-ipv4,ziyadnz|hourly,2026-08-17T18:48:05Z,2026-08-17T18:48:05Z,
190.184.231.3,ipv4,malicious-ip,medium,WHITE,ziyadnz/hourly-ipv4,ziyadnz|hourly,2026-08-17T18:48:05Z,2026-08-17T18:48:05Z,
190.184.231.5,ipv4,malicious-ip,medium,WHITE,ziyadnz/hourly-ipv4,ziyadnz|hourly,2026-08-17T18:48:05Z,2026-08-17T18:48:05Z,
190.185.150.17,ipv4,malicious-ip,medium,WHITE,ziyadnz/hourly-ipv4,ziyadnz|hourly,2026-08-17T18:48:05Z,2026-08-17T18:48:05Z,
190.185.162.26,ipv4,malicious-ip,medium,WHITE,ziyadnz/hourly-ipv4,ziyadnz|hourly,2026-08-17T18:48:05Z,2026-08-17T18:48:05Z,
190.185.91.12,ipv4,malicious-ip,medium,WHITE,ziyadnz/hourly-ipv4,ziyadnz|hourly,2026-08-17T18:48:05Z,2026-08-17T18:48:05Z,
190.186.245.18,ipv4,malicious-ip,medium,WHITE,ziyadnz/hourly-ipv4,ziyadnz|hourly,2026-08-17T18:48:05Z,2026-08-17T18:48:05Z,
190.186.29.213,ipv4,malicious-ip,medium,WHITE,ziyadnz/hourly-ipv4,ziyadnz|hourly,2026-08-17T18:48:05Z,2026-08-17T18:48:05Z,
190.186.32.84,ipv4,malicious-ip,medium,WHITE,ziyadnz/hourly-ipv4,ziyadnz|hourly,2026-08-17T18:48:05Z,2026-08-17T18:48:05Z,
190.187.184.158,ipv4,malicious-ip,medium,WHITE,ziyadnz/hourly-ipv4,ziyadnz|hourly,2026-08-17T18:48:05Z,2026-08-17T18:48:05Z,
190.189.155.42,ipv4,malicious-ip,medium,WHITE,ziyadnz/hourly-ipv4,ziyadnz|hourly,2026-08-17T18:48:05Z,2026-08-17T18:48:05Z,
190.189.64.111,ipv4,malicious-ip,medium,WHITE,ziyadnz/hourly-ipv4,ziyadnz|hourly,2026-08-17T18:48:05Z,2026-08-17T18:48:05Z,
190.19.10.122,ipv4,malicious-ip,medium,WHITE,ziyadnz/hourly-ipv4,ziyadnz|hourly,2026-08-17T18:48:05Z,2026-08-17T18:48:05Z,
190.19.20.79,ipv4,malicious-ip,medium,WHITE,ziyadnz/hourly-ipv4,ziyadnz|hourly,2026-08-17T18:48:05Z,2026-08-17T18:48:05Z,
190.190.103.87,ipv4,malicious-ip,medium,WHITE,ziyadnz/hourly-ipv4,ziyadnz|hourly,2026-08-17T18:48:05Z,2026-08-17T18:48:05Z,
190.190.111.215,ipv4,malicious-ip,medium,WHITE,ziyadnz/hourly-ipv4,ziyadnz|hourly,2026-08-17T18:48:05Z,2026-08-17T18:48:05Z,
190.191.102.25,ipv4,malicious-ip,medium,WHITE,ziyadnz/hourly-ipv4,ziyadnz|hourly,2026-08-17T18:48:05Z,2026-08-17T18:48:05Z,
190.193.247.153,ipv4,malicious-ip,medium,WHITE,ziyadnz/hourly-ipv4,ziyadnz|hourly,2026-08-17T18:48:05Z,2026-08-17T18:48:05Z,
190.196.149.111,ipv4,malicious-ip,medium,WHITE,ziyadnz/hourly-ipv4,ziyadnz|hourly,2026-08-17T18:48:05Z,2026-08-17T18:48:05Z,
190.196.246.42,ipv4,malicious-ip,medium,WHITE,ziyadnz/hourly-ipv4,ziyadnz|hourly,2026-08-17T18:48:05Z,2026-08-17T18:48:05Z,
190.196.54.189,ipv4,malicious-ip,medium,WHITE,ziyadnz/hourly-ipv4,ziyadnz|hourly,2026-08-17T18:48:05Z,2026-08-17T18:48:05Z,
190.197.31.229,ipv4,malicious-ip,medium,WHITE,ziyadnz/hourly-ipv4,ziyadnz|hourly,2026-08-17T18:48:05Z,2026-08-17T18:48:05Z,
190.2.131.157,ipv4,malicious-ip,medium,WHITE,ziyadnz/hourly-ipv4,ziyadnz|hourly,2026-08-17T18:48:05Z,2026-08-17T18:48:05Z,
190.2.135.111,ipv4,malicious-ip,medium,WHITE,ziyadnz/hourly-ipv4,ziyadnz|hourly,2026-08-17T18:48:05Z,2026-08-17T18:48:05Z,
190.2.135.77,ipv4,malicious-ip,medium,WHITE,ziyadnz/hourly-ipv4,ziyadnz|hourly,2026-08-17T18:48:05Z,2026-08-17T18:48:05Z,
190.2.143.38,ipv4,malicious-ip,medium,WHITE,ziyadnz/hourly-ipv4,ziyadnz|hourly,2026-08-17T18:48:05Z,2026-08-17T18:48:05Z,
190.2.150.157,ipv4,malicious-ip,medium,WHITE,ziyadnz/hourly-ipv4,ziyadnz|hourly,2026-08-17T18:48:05Z,2026-08-17T18:48:05Z,
190.2.212.5,ipv4,malicious-ip,medium,WHITE,ziyadnz/hourly-ipv4,ziyadnz|hourly,2026-08-17T18:48:05Z,2026-08-17T18:48:05Z,
190.20.86.209,ipv4,malicious-ip,medium,WHITE,ziyadnz/hourly-ipv4,ziyadnz|hourly,2026-08-17T18:48:05Z,2026-08-17T18:48:05Z,
190.202.138.26,ipv4,malicious-ip,medium,WHITE,ziyadnz/hourly-ipv4,ziyadnz|hourly,2026-08-17T18:48:05Z,2026-08-17T18:48:05Z,
190.202.18.218,ipv4,malicious-ip,medium,WHITE,ziyadnz/hourly-ipv4,ziyadnz|hourly,2026-08-17T18:48:05Z,2026-08-17T18:48:05Z,
190.202.38.234,ipv4,malicious-ip,medium,WHITE,ziyadnz/hourly-ipv4,ziyadnz|hourly,2026-08-17T18:48:05Z,2026-08-17T18:48:05Z,
190.202.85.114,ipv4,malicious-ip,medium,WHITE,ziyadnz/hourly-ipv4,ziyadnz|hourly,2026-08-17T18:48:05Z,2026-08-17T18:48:05Z,
190.202.91.30,ipv4,malicious-ip,medium,WHITE,ziyadnz/hourly-ipv4,ziyadnz|hourly,2026-08-17T18:48:05Z,2026-08-17T18:48:05Z,
190.205.208.231,ipv4,malicious-ip,medium,WHITE,ziyadnz/hourly-ipv4,ziyadnz|hourly,2026-08-17T18:48:05Z,2026-08-17T18:48:05Z,
190.205.215.108,ipv4,malicious-ip,medium,WHITE,ziyadnz/hourly-ipv4,ziyadnz|hourly,2026-08-17T18:48:05Z,2026-08-17T18:48:05Z,
190.21.64.224,ipv4,malicious-ip,medium,WHITE,ziyadnz/hourly-ipv4,ziyadnz|hourly,2026-08-17T18:48:05Z,2026-08-17T18:48:05Z,
190.21.94.168,ipv4,malicious-ip,medium,WHITE,ziyadnz/hourly-ipv4,ziyadnz|hourly,2026-08-17T18:48:05Z,2026-08-17T18:48:05Z,
190.211.126.233,ipv4,malicious-ip,medium,WHITE,ziyadnz/hourly-ipv4,ziyadnz|hourly,2026-08-17T18:48:05Z,2026-08-17T18:48:05Z,
190.211.166.54,ipv4,malicious-ip,medium,WHITE,ziyadnz/hourly-ipv4,ziyadnz|hourly,2026-08-17T18:48:05Z,2026-08-17T18:48:05Z,
190.211.166.59,ipv4,malicious-ip,medium,WHITE,ziyadnz/hourly-ipv4,ziyadnz|hourly,2026-08-17T18:48:05Z,2026-08-17T18:48:05Z,
190.211.254.95,ipv4,malicious-ip,medium,WHITE,ziyadnz/hourly-ipv4,ziyadnz|hourly,2026-08-17T18:48:05Z,2026-08-17T18:48:05Z,
190.211.254.97,ipv4,malicious-ip,medium,WHITE,ziyadnz/hourly-ipv4,ziyadnz|hourly,2026-08-17T18:48:05Z,2026-08-17T18:48:05Z,
190.211.255.218,ipv4,malicious-ip,medium,WHITE,ziyadnz/hourly-ipv4,ziyadnz|hourly,2026-08-17T18:48:05Z,2026-08-17T18:48:05Z,
190.211.42.107,ipv4,malicious-ip,medium,WHITE,ziyadnz/hourly-ipv4,ziyadnz|hourly,2026-08-17T18:48:05Z,2026-08-17T18:48:05Z,
190.212.210.119,ipv4,malicious-ip,medium,WHITE,ziyadnz/hourly-ipv4,ziyadnz|hourly,2026-08-17T18:48:05Z,2026-08-17T18:48:05Z,
190.213.180.98,ipv4,malicious-ip,medium,WHITE,ziyadnz/hourly-ipv4,ziyadnz|hourly,2026-08-17T18:48:05Z,2026-08-17T18:48:05Z,
190.215.147.145,ipv4,malicious-ip,medium,WHITE,ziyadnz/hourly-ipv4,ziyadnz|hourly,2026-08-17T18:48:05Z,2026-08-17T18:48:05Z,
190.215.216.211,ipv4,malicious-ip,medium,WHITE,ziyadnz/hourly-ipv4,ziyadnz|hourly,2026-08-17T18:48:05Z,2026-08-17T18:48:05Z,
190.217.20.36,ipv4,malicious-ip,medium,WHITE,ziyadnz/hourly-ipv4,ziyadnz|hourly,2026-08-17T18:48:05Z,2026-08-17T18:48:05Z,
190.217.20.40,ipv4,malicious-ip,medium,WHITE,ziyadnz/hourly-ipv4,ziyadnz|hourly,2026-08-17T18:48:05Z,2026-08-17T18:48:05Z,
190.219.42.185,ipv4,malicious-ip,medium,WHITE,ziyadnz/hourly-ipv4,ziyadnz|hourly,2026-08-17T18:48:05Z,2026-08-17T18:48:05Z,
190.22.180.169,ipv4,malicious-ip,medium,WHITE,ziyadnz/hourly-ipv4,ziyadnz|hourly,2026-08-17T18:48:05Z,2026-08-17T18:48:05Z,
190.22.42.199,ipv4,malicious-ip,medium,WHITE,ziyadnz/hourly-ipv4,ziyadnz|hourly,2026-08-17T18:48:05Z,2026-08-17T18:48:05Z,
190.220.147.185,ipv4,malicious-ip,medium,WHITE,ziyadnz/hourly-ipv4,ziyadnz|hourly,2026-08-17T18:48:05Z,2026-08-17T18:48:05Z,
190.220.147.186,ipv4,malicious-ip,medium,WHITE,ziyadnz/hourly-ipv4,ziyadnz|hourly,2026-08-17T18:48:05Z,2026-08-17T18:48:05Z,
190.220.147.187,ipv4,malicious-ip,medium,WHITE,ziyadnz/hourly-ipv4,ziyadnz|hourly,2026-08-17T18:48:05Z,2026-08-17T18:48:05Z,
190.220.147.188,ipv4,malicious-ip,medium,WHITE,ziyadnz/hourly-ipv4,ziyadnz|hourly,2026-08-17T18:48:05Z,2026-08-17T18:48:05Z,
190.220.147.190,ipv4,malicious-ip,medium,WHITE,ziyadnz/hourly-ipv4,ziyadnz|hourly,2026-08-17T18:48:05Z,2026-08-17T18:48:05Z,
190.220.172.154,ipv4,malicious-ip,medium,WHITE,ziyadnz/hourly-ipv4,ziyadnz|hourly,2026-08-17T18:48:05Z,2026-08-17T18:48:05Z,
190.221.167.137,ipv4,malicious-ip,medium,WHITE,ziyadnz/hourly-ipv4,ziyadnz|hourly,2026-08-17T18:48:05Z,2026-08-17T18:48:05Z,
190.221.174.51,ipv4,malicious-ip,medium,WHITE,ziyadnz/hourly-ipv4,ziyadnz|hourly,2026-08-17T18:48:05Z,2026-08-17T18:48:05Z,
190.221.176.122,ipv4,malicious-ip,medium,WHITE,ziyadnz/hourly-ipv4,ziyadnz|hourly,2026-08-17T18:48:05Z,2026-08-17T18:48:05Z,
190.221.31.114,ipv4,malicious-ip,medium,WHITE,ziyadnz/hourly-ipv4,ziyadnz|hourly,2026-08-17T18:48:05Z,2026-08-17T18:48:05Z,
190.221.35.179,ipv4,malicious-ip,medium,WHITE,ziyadnz/hourly-ipv4,ziyadnz|hourly,2026-08-17T18:48:05Z,2026-08-17T18:48:05Z,
190.221.50.123,ipv4,malicious-ip,medium,WHITE,ziyadnz/hourly-ipv4,ziyadnz|hourly,2026-08-17T18:48:05Z,2026-08-17T18:48:05Z,
190.223.60.209,ipv4,malicious-ip,medium,WHITE,ziyadnz/hourly-ipv4,ziyadnz|hourly,2026-08-17T18:48:05Z,2026-08-17T18:48:05Z,
190.225.18.194,ipv4,malicious-ip,medium,WHITE,ziyadnz/hourly-ipv4,ziyadnz|hourly,2026-08-17T18:48:05Z,2026-08-17T18:48:05Z,
190.225.54.113,ipv4,malicious-ip,medium,WHITE,ziyadnz/hourly-ipv4,ziyadnz|hourly,2026-08-17T18:48:05Z,2026-08-17T18:48:05Z,
190.226.25.180,ipv4,malicious-ip,medium,WHITE,ziyadnz/hourly-ipv4,ziyadnz|hourly,2026-08-17T18:48:05Z,2026-08-17T18:48:05Z,
190.226.33.123,ipv4,malicious-ip,medium,WHITE,ziyadnz/hourly-ipv4,ziyadnz|hourly,2026-08-17T18:48:05Z,2026-08-17T18:48:05Z,
190.226.33.125,ipv4,malicious-ip,medium,WHITE,ziyadnz/hourly-ipv4,ziyadnz|hourly,2026-08-17T18:48:05Z,2026-08-17T18:48:05Z,
190.227.187.184,ipv4,malicious-ip,medium,WHITE,ziyadnz/hourly-ipv4,ziyadnz|hourly,2026-08-17T18:48:05Z,2026-08-17T18:48:05Z,
190.228.72.244,ipv4,malicious-ip,medium,WHITE,ziyadnz/hourly-ipv4,ziyadnz|hourly,2026-08-17T18:48:05Z,2026-08-17T18:48:05Z,
190.229.157.120,ipv4,malicious-ip,medium,WHITE,ziyadnz/hourly-ipv4,ziyadnz|hourly,2026-08-17T18:48:05Z,2026-08-17T18:48:05Z,
190.233.209.191,ipv4,malicious-ip,medium,WHITE,ziyadnz/hourly-ipv4,ziyadnz|hourly,2026-08-17T18:48:05Z,2026-08-17T18:48:05Z,
190.236.193.60,ipv4,malicious-ip,medium,WHITE,ziyadnz/hourly-ipv4,ziyadnz|hourly,2026-08-17T18:48:05Z,2026-08-17T18:48:05Z,
190.236.85.160,ipv4,malicious-ip,medium,WHITE,ziyadnz/hourly-ipv4,ziyadnz|hourly,2026-08-17T18:48:05Z,2026-08-17T18:48:05Z,
190.236.85.39,ipv4,malicious-ip,medium,WHITE,ziyadnz/hourly-ipv4,ziyadnz|hourly,2026-08-17T18:48:05Z,2026-08-17T18:48:05Z,
190.24.101.231,ipv4,malicious-ip,medium,WHITE,ziyadnz/hourly-ipv4,ziyadnz|hourly,2026-08-17T18:48:05Z,2026-08-17T18:48:05Z,
190.24.180.125,ipv4,malicious-ip,medium,WHITE,ziyadnz/hourly-ipv4,ziyadnz|hourly,2026-08-17T18:48:05Z,2026-08-17T18:48:05Z,
190.24.57.215,ipv4,malicious-ip,medium,WHITE,ziyadnz/hourly-ipv4,ziyadnz|hourly,2026-08-17T18:48:05Z,2026-08-17T18:48:05Z,
190.240.178.100,ipv4,malicious-ip,medium,WHITE,ziyadnz/hourly-ipv4,ziyadnz|hourly,2026-08-17T18:48:05Z,2026-08-17T18:48:05Z,
190.242.109.42,ipv4,malicious-ip,medium,WHITE,ziyadnz/hourly-ipv4,ziyadnz|hourly,2026-08-17T18:48:05Z,2026-08-17T18:48:05Z,
190.244.176.108,ipv4,malicious-ip,medium,WHITE,ziyadnz/hourly-ipv4,ziyadnz|hourly,2026-08-17T18:48:05Z,2026-08-17T18:48:05Z,
190.244.39.224,ipv4,malicious-ip,medium,WHITE,ziyadnz/hourly-ipv4,ziyadnz|hourly,2026-08-17T18:48:05Z,2026-08-17T18:48:05Z,
190.244.39.232,ipv4,malicious-ip,medium,WHITE,ziyadnz/hourly-ipv4,ziyadnz|hourly,2026-08-17T18:48:05Z,2026-08-17T18:48:05Z,
190.244.62.240,ipv4,malicious-ip,medium,WHITE,ziyadnz/hourly-ipv4,ziyadnz|hourly,2026-08-17T18:48:05Z,2026-08-17T18:48:05Z,
190.244.65.116,ipv4,malicious-ip,medium,WHITE,ziyadnz/hourly-ipv4,ziyadnz|hourly,2026-08-17T18:48:05Z,2026-08-17T18:48:05Z,
190.245.146.99,ipv4,malicious-ip,medium,WHITE,ziyadnz/hourly-ipv4,ziyadnz|hourly,2026-08-17T18:48:05Z,2026-08-17T18:48:05Z,
190.245.183.106,ipv4,malicious-ip,medium,WHITE,ziyadnz/hourly-ipv4,ziyadnz|hourly,2026-08-17T18:48:05Z,2026-08-17T18:48:05Z,
190.245.23.180,ipv4,malicious-ip,medium,WHITE,ziyadnz/hourly-ipv4,ziyadnz|hourly,2026-08-17T18:48:05Z,2026-08-17T18:48:05Z,
190.245.66.174,ipv4,malicious-ip,medium,WHITE,ziyadnz/hourly-ipv4,ziyadnz|hourly,2026-08-17T18:48:05Z,2026-08-17T18:48:05Z,
190.247.168.147,ipv4,malicious-ip,medium,WHITE,ziyadnz/hourly-ipv4,ziyadnz|hourly,2026-08-17T18:48:05Z,2026-08-17T18:48:05Z,
190.249.168.85,ipv4,malicious-ip,medium,WHITE,ziyadnz/hourly-ipv4,ziyadnz|hourly,2026-08-17T18:48:05Z,2026-08-17T18:48:05Z,
190.249.219.198,ipv4,malicious-ip,medium,WHITE,ziyadnz/hourly-ipv4,ziyadnz|hourly,2026-08-17T18:48:05Z,2026-08-17T18:48:05Z,
190.25.242.147,ipv4,malicious-ip,medium,WHITE,ziyadnz/hourly-ipv4,ziyadnz|hourly,2026-08-17T18:48:05Z,2026-08-17T18:48:05Z,
190.25.75.206,ipv4,malicious-ip,medium,WHITE,ziyadnz/hourly-ipv4,ziyadnz|hourly,2026-08-17T18:48:05Z,2026-08-17T18:48:05Z,
190.250.26.164,ipv4,malicious-ip,medium,WHITE,ziyadnz/hourly-ipv4,ziyadnz|hourly,2026-08-17T18:48:05Z,2026-08-17T18:48:05Z,
190.255.141.230,ipv4,malicious-ip,medium,WHITE,ziyadnz/hourly-ipv4,ziyadnz|hourly,2026-08-17T18:48:05Z,2026-08-17T18:48:05Z,
190.255.241.51,ipv4,malicious-ip,medium,WHITE,ziyadnz/hourly-ipv4,ziyadnz|hourly,2026-08-17T18:48:05Z,2026-08-17T18:48:05Z,
190.26.134.115,ipv4,malicious-ip,medium,WHITE,ziyadnz/hourly-ipv4,ziyadnz|hourly,2026-08-17T18:48:05Z,2026-08-17T18:48:05Z,
190.27.120.2,ipv4,malicious-ip,medium,WHITE,ziyadnz/hourly-ipv4,ziyadnz|hourly,2026-08-17T18:48:05Z,2026-08-17T18:48:05Z,
190.27.150.240,ipv4,malicious-ip,medium,WHITE,ziyadnz/hourly-ipv4,ziyadnz|hourly,2026-08-17T18:48:05Z,2026-08-17T18:48:05Z,
190.27.3.111,ipv4,malicious-ip,medium,WHITE,ziyadnz/hourly-ipv4,ziyadnz|hourly,2026-08-17T18:48:05Z,2026-08-17T18:48:05Z,
190.28.131.156,ipv4,malicious-ip,medium,WHITE,ziyadnz/hourly-ipv4,ziyadnz|hourly,2026-08-17T18:48:05Z,2026-08-17T18:48:05Z,
190.28.202.144,ipv4,malicious-ip,medium,WHITE,ziyadnz/hourly-ipv4,ziyadnz|hourly,2026-08-17T18:48:05Z,2026-08-17T18:48:05Z,
190.29.26.115,ipv4,malicious-ip,medium,WHITE,ziyadnz/hourly-ipv4,ziyadnz|hourly,2026-08-17T18:48:05Z,2026-08-17T18:48:05Z,
190.3.166.177,ipv4,malicious-ip,medium,WHITE,ziyadnz/hourly-ipv4,ziyadnz|hourly,2026-08-17T18:48:05Z,2026-08-17T18:48:05Z,
190.3.40.2,ipv4,malicious-ip,medium,WHITE,ziyadnz/hourly-ipv4,ziyadnz|hourly,2026-08-17T18:48:05Z,2026-08-17T18:48:05Z,
190.30.56.103,ipv4,malicious-ip,medium,WHITE,ziyadnz/hourly-ipv4,ziyadnz|hourly,2026-08-17T18:48:05Z,2026-08-17T18:48:05Z,
190.31.228.56,ipv4,malicious-ip,medium,WHITE,ziyadnz/hourly-ipv4,ziyadnz|hourly,2026-08-17T18:48:05Z,2026-08-17T18:48:05Z,
190.32.246.14,ipv4,malicious-ip,medium,WHITE,ziyadnz/hourly-ipv4,ziyadnz|hourly,2026-08-17T18:48:05Z,2026-08-17T18:48:05Z,
190.33.70.238,ipv4,malicious-ip,medium,WHITE,ziyadnz/hourly-ipv4,ziyadnz|hourly,2026-08-17T18:48:05Z,2026-08-17T18:48:05Z,
190.34.25.143,ipv4,malicious-ip,medium,WHITE,ziyadnz/hourly-ipv4,ziyadnz|hourly,2026-08-17T18:48:05Z,2026-08-17T18:48:05Z,
190.35.50.174,ipv4,malicious-ip,medium,WHITE,ziyadnz/hourly-ipv4,ziyadnz|hourly,2026-08-17T18:48:05Z,2026-08-17T18:48:05Z,
190.42.16.141,ipv4,malicious-ip,medium,WHITE,ziyadnz/hourly-ipv4,ziyadnz|hourly,2026-08-17T18:48:05Z,2026-08-17T18:48:05Z,
190.42.16.237,ipv4,malicious-ip,medium,WHITE,ziyadnz/hourly-ipv4,ziyadnz|hourly,2026-08-17T18:48:05Z,2026-08-17T18:48:05Z,
190.43.59.58,ipv4,malicious-ip,medium,WHITE,ziyadnz/hourly-ipv4,ziyadnz|hourly,2026-08-17T18:48:05Z,2026-08-17T18:48:05Z,
190.45.171.133,ipv4,malicious-ip,medium,WHITE,ziyadnz/hourly-ipv4,ziyadnz|hourly,2026-08-17T18:48:05Z,2026-08-17T18:48:05Z,
190.45.44.159,ipv4,malicious-ip,medium,WHITE,ziyadnz/hourly-ipv4,ziyadnz|hourly,2026-08-17T18:48:05Z,2026-08-17T18:48:05Z,
190.46.6.95,ipv4,malicious-ip,medium,WHITE,ziyadnz/hourly-ipv4,ziyadnz|hourly,2026-08-17T18:48:05Z,2026-08-17T18:48:05Z,
190.47.151.196,ipv4,malicious-ip,medium,WHITE,ziyadnz/hourly-ipv4,ziyadnz|hourly,2026-08-17T18:48:05Z,2026-08-17T18:48:05Z,
190.47.180.124,ipv4,malicious-ip,medium,WHITE,ziyadnz/hourly-ipv4,ziyadnz|hourly,2026-08-17T18:48:05Z,2026-08-17T18:48:05Z,
190.47.226.210,ipv4,malicious-ip,medium,WHITE,ziyadnz/hourly-ipv4,ziyadnz|hourly,2026-08-17T18:48:05Z,2026-08-17T18:48:05Z,
190.48.64.63,ipv4,malicious-ip,medium,WHITE,ziyadnz/hourly-ipv4,ziyadnz|hourly,2026-08-17T18:48:05Z,2026-08-17T18:48:05Z,
190.48.82.7,ipv4,malicious-ip,medium,WHITE,ziyadnz/hourly-ipv4,ziyadnz|hourly,2026-08-17T18:48:05Z,2026-08-17T18:48:05Z,
190.49.11.176,ipv4,malicious-ip,medium,WHITE,ziyadnz/hourly-ipv4,ziyadnz|hourly,2026-08-17T18:48:05Z,2026-08-17T18:48:05Z,
190.49.122.22,ipv4,malicious-ip,medium,WHITE,ziyadnz/hourly-ipv4,ziyadnz|hourly,2026-08-17T18:48:05Z,2026-08-17T18:48:05Z,
190.49.57.238,ipv4,malicious-ip,medium,WHITE,ziyadnz/hourly-ipv4,ziyadnz|hourly,2026-08-17T18:48:05Z,2026-08-17T18:48:05Z,
190.49.76.80,ipv4,malicious-ip,medium,WHITE,ziyadnz/hourly-ipv4,ziyadnz|hourly,2026-08-17T18:48:05Z,2026-08-17T18:48:05Z,
190.5.169.41,ipv4,malicious-ip,medium,WHITE,ziyadnz/hourly-ipv4,ziyadnz|hourly,2026-08-17T18:48:05Z,2026-08-17T18:48:05Z,
190.5.21.35,ipv4,malicious-ip,medium,WHITE,ziyadnz/hourly-ipv4,ziyadnz|hourly,2026-08-17T18:48:05Z,2026-08-17T18:48:05Z,
190.5.218.225,ipv4,malicious-ip,medium,WHITE,ziyadnz/hourly-ipv4,ziyadnz|hourly,2026-08-17T18:48:05Z,2026-08-17T18:48:05Z,
190.5.32.148,ipv4,malicious-ip,medium,WHITE,ziyadnz/hourly-ipv4,ziyadnz|hourly,2026-08-17T18:48:05Z,2026-08-17T18:48:05Z,
190.5.32.160,ipv4,malicious-ip,medium,WHITE,ziyadnz/hourly-ipv4,ziyadnz|hourly,2026-08-17T18:48:05Z,2026-08-17T18:48:05Z,
190.5.33.157,ipv4,malicious-ip,medium,WHITE,ziyadnz/hourly-ipv4,ziyadnz|hourly,2026-08-17T18:48:05Z,2026-08-17T18:48:05Z,
190.5.35.107,ipv4,malicious-ip,medium,WHITE,ziyadnz/hourly-ipv4,ziyadnz|hourly,2026-08-17T18:48:05Z,2026-08-17T18:48:05Z,
190.5.37.9,ipv4,malicious-ip,medium,WHITE,ziyadnz/hourly-ipv4,ziyadnz|hourly,2026-08-17T18:48:05Z,2026-08-17T18:48:05Z,
190.52.38.154,ipv4,malicious-ip,medium,WHITE,ziyadnz/hourly-ipv4,ziyadnz|hourly,2026-08-17T18:48:05Z,2026-08-17T18:48:05Z,
190.52.72.25,ipv4,malicious-ip,medium,WHITE,ziyadnz/hourly-ipv4,ziyadnz|hourly,2026-08-17T18:48:05Z,2026-08-17T18:48:05Z,
190.52.72.96,ipv4,malicious-ip,medium,WHITE,ziyadnz/hourly-ipv4,ziyadnz|hourly,2026-08-17T18:48:05Z,2026-08-17T18:48:05Z,
190.52.94.248,ipv4,malicious-ip,medium,WHITE,ziyadnz/hourly-ipv4,ziyadnz|hourly,2026-08-17T18:48:05Z,2026-08-17T18:48:05Z,
190.53.43.245,ipv4,malicious-ip,medium,WHITE,ziyadnz/hourly-ipv4,ziyadnz|hourly,2026-08-17T18:48:05Z,2026-08-17T18:48:05Z,
190.55.123.0,ipv4,malicious-ip,medium,WHITE,ziyadnz/hourly-ipv4,ziyadnz|hourly,2026-08-17T18:48:05Z,2026-08-17T18:48:05Z,
190.55.123.106,ipv4,malicious-ip,medium,WHITE,ziyadnz/hourly-ipv4,ziyadnz|hourly,2026-08-17T18:48:05Z,2026-08-17T18:48:05Z,
190.55.123.155,ipv4,malicious-ip,medium,WHITE,ziyadnz/hourly-ipv4,ziyadnz|hourly,2026-08-17T18:48:05Z,2026-08-17T18:48:05Z,
190.55.123.160,ipv4,malicious-ip,medium,WHITE,ziyadnz/hourly-ipv4,ziyadnz|hourly,2026-08-17T18:48:05Z,2026-08-17T18:48:05Z,
190.55.123.165,ipv4,malicious-ip,medium,WHITE,ziyadnz/hourly-ipv4,ziyadnz|hourly,2026-08-17T18:48:05Z,2026-08-17T18:48:05Z,
190.55.123.172,ipv4,malicious-ip,medium,WHITE,ziyadnz/hourly-ipv4,ziyadnz|hourly,2026-08-17T18:48:05Z,2026-08-17T18:48:05Z,
190.55.123.196,ipv4,malicious-ip,medium,WHITE,ziyadnz/hourly-ipv4,ziyadnz|hourly,2026-08-17T18:48:05Z,2026-08-17T18:48:05Z,
190.55.123.22,ipv4,malicious-ip,medium,WHITE,ziyadnz/hourly-ipv4,ziyadnz|hourly,2026-08-17T18:48:05Z,2026-08-17T18:48:05Z,
190.55.123.232,ipv4,malicious-ip,medium,WHITE,ziyadnz/hourly-ipv4,ziyadnz|hourly,2026-08-17T18:48:05Z,2026-08-17T18:48:05Z,
190.55.123.40,ipv4,malicious-ip,medium,WHITE,ziyadnz/hourly-ipv4,ziyadnz|hourly,2026-08-17T18:48:05Z,2026-08-17T18:48:05Z,
190.55.155.145,ipv4,malicious-ip,medium,WHITE,ziyadnz/hourly-ipv4,ziyadnz|hourly,2026-08-17T18:48:05Z,2026-08-17T18:48:05Z,
190.55.157.104,ipv4,malicious-ip,medium,WHITE,ziyadnz/hourly-ipv4,ziyadnz|hourly,2026-08-17T18:48:05Z,2026-08-17T18:48:05Z,
190.55.184.131,ipv4,malicious-ip,medium,WHITE,ziyadnz/hourly-ipv4,ziyadnz|hourly,2026-08-17T18:48:05Z,2026-08-17T18:48:05Z,
190.55.232.13,ipv4,malicious-ip,medium,WHITE,ziyadnz/hourly-ipv4,ziyadnz|hourly,2026-08-17T18:48:05Z,2026-08-17T18:48:05Z,
190.55.82.191,ipv4,malicious-ip,medium,WHITE,ziyadnz/hourly-ipv4,ziyadnz|hourly,2026-08-17T18:48:05Z,2026-08-17T18:48:05Z,
190.57.195.161,ipv4,malicious-ip,medium,WHITE,ziyadnz/hourly-ipv4,ziyadnz|hourly,2026-08-17T18:48:05Z,2026-08-17T18:48:05Z,
190.57.206.98,ipv4,malicious-ip,medium,WHITE,ziyadnz/hourly-ipv4,ziyadnz|hourly,2026-08-17T18:48:05Z,2026-08-17T18:48:05Z,
190.57.219.121,ipv4,malicious-ip,medium,WHITE,ziyadnz/hourly-ipv4,ziyadnz|hourly,2026-08-17T18:48:05Z,2026-08-17T18:48:05Z,
190.57.233.133,ipv4,malicious-ip,medium,WHITE,ziyadnz/hourly-ipv4,ziyadnz|hourly,2026-08-17T18:48:05Z,2026-08-17T18:48:05Z,
190.6.176.90,ipv4,malicious-ip,medium,WHITE,ziyadnz/hourly-ipv4,ziyadnz|hourly,2026-08-17T18:48:05Z,2026-08-17T18:48:05Z,
190.6.245.207,ipv4,malicious-ip,medium,WHITE,ziyadnz/hourly-ipv4,ziyadnz|hourly,2026-08-17T18:48:05Z,2026-08-17T18:48:05Z,
190.60.204.146,ipv4,malicious-ip,medium,WHITE,ziyadnz/hourly-ipv4,ziyadnz|hourly,2026-08-17T18:48:05Z,2026-08-17T18:48:05Z,
190.60.216.206,ipv4,malicious-ip,medium,WHITE,ziyadnz/hourly-ipv4,ziyadnz|hourly,2026-08-17T18:48:05Z,2026-08-17T18:48:05Z,
190.60.242.28,ipv4,malicious-ip,medium,WHITE,ziyadnz/hourly-ipv4,ziyadnz|hourly,2026-08-17T18:48:05Z,2026-08-17T18:48:05Z,
190.60.34.163,ipv4,malicious-ip,medium,WHITE,ziyadnz/hourly-ipv4,ziyadnz|hourly,2026-08-17T18:48:05Z,2026-08-17T18:48:05Z,
190.60.41.164,ipv4,malicious-ip,medium,WHITE,ziyadnz/hourly-ipv4,ziyadnz|hourly,2026-08-17T18:48:05Z,2026-08-17T18:48:05Z,
190.60.43.26,ipv4,malicious-ip,medium,WHITE,ziyadnz/hourly-ipv4,ziyadnz|hourly,2026-08-17T18:48:05Z,2026-08-17T18:48:05Z,
190.60.47.19,ipv4,malicious-ip,medium,WHITE,ziyadnz/hourly-ipv4,ziyadnz|hourly,2026-08-17T18:48:05Z,2026-08-17T18:48:05Z,
190.60.47.235,ipv4,malicious-ip,medium,WHITE,ziyadnz/hourly-ipv4,ziyadnz|hourly,2026-08-17T18:48:05Z,2026-08-17T18:48:05Z,
190.60.47.91,ipv4,malicious-ip,medium,WHITE,ziyadnz/hourly-ipv4,ziyadnz|hourly,2026-08-17T18:48:05Z,2026-08-17T18:48:05Z,
190.60.47.94,ipv4,malicious-ip,medium,WHITE,ziyadnz/hourly-ipv4,ziyadnz|hourly,2026-08-17T18:48:05Z,2026-08-17T18:48:05Z,
190.60.49.122,ipv4,malicious-ip,medium,WHITE,ziyadnz/hourly-ipv4,ziyadnz|hourly,2026-08-17T18:48:05Z,2026-08-17T18:48:05Z,
190.60.60.98,ipv4,malicious-ip,medium,WHITE,ziyadnz/hourly-ipv4,ziyadnz|hourly,2026-08-17T18:48:05Z,2026-08-17T18:48:05Z,
190.60.61.179,ipv4,malicious-ip,medium,WHITE,ziyadnz/hourly-ipv4,ziyadnz|hourly,2026-08-17T18:48:05Z,2026-08-17T18:48:05Z,
190.60.61.27,ipv4,malicious-ip,medium,WHITE,ziyadnz/hourly-ipv4,ziyadnz|hourly,2026-08-17T18:48:05Z,2026-08-17T18:48:05Z,
190.60.61.43,ipv4,malicious-ip,medium,WHITE,ziyadnz/hourly-ipv4,ziyadnz|hourly,2026-08-17T18:48:05Z,2026-08-17T18:48:05Z,
190.61.110.246,ipv4,malicious-ip,medium,WHITE,ziyadnz/hourly-ipv4,ziyadnz|hourly,2026-08-17T18:48:05Z,2026-08-17T18:48:05Z,
190.61.121.35,ipv4,malicious-ip,medium,WHITE,ziyadnz/hourly-ipv4,ziyadnz|hourly,2026-08-17T18:48:05Z,2026-08-17T18:48:05Z,
190.61.32.21,ipv4,malicious-ip,medium,WHITE,ziyadnz/hourly-ipv4,ziyadnz|hourly,2026-08-17T18:48:05Z,2026-08-17T18:48:05Z,
190.61.33.131,ipv4,malicious-ip,medium,WHITE,ziyadnz/hourly-ipv4,ziyadnz|hourly,2026-08-17T18:48:05Z,2026-08-17T18:48:05Z,
190.61.33.134,ipv4,malicious-ip,medium,WHITE,ziyadnz/hourly-ipv4,ziyadnz|hourly,2026-08-17T18:48:05Z,2026-08-17T18:48:05Z,
190.61.40.108,ipv4,malicious-ip,medium,WHITE,ziyadnz/hourly-ipv4,ziyadnz|hourly,2026-08-17T18:48:05Z,2026-08-17T18:48:05Z,
190.61.40.44,ipv4,malicious-ip,medium,WHITE,ziyadnz/hourly-ipv4,ziyadnz|hourly,2026-08-17T18:48:05Z,2026-08-17T18:48:05Z,
190.61.44.66,ipv4,malicious-ip,medium,WHITE,ziyadnz/hourly-ipv4,ziyadnz|hourly,2026-08-17T18:48:05Z,2026-08-17T18:48:05Z,
190.61.55.153,ipv4,malicious-ip,medium,WHITE,ziyadnz/hourly-ipv4,ziyadnz|hourly,2026-08-17T18:48:05Z,2026-08-17T18:48:05Z,
190.61.61.156,ipv4,malicious-ip,medium,WHITE,ziyadnz/hourly-ipv4,ziyadnz|hourly,2026-08-17T18:48:05Z,2026-08-17T18:48:05Z,
190.62.85.13,ipv4,malicious-ip,medium,WHITE,ziyadnz/hourly-ipv4,ziyadnz|hourly,2026-08-17T18:48:05Z,2026-08-17T18:48:05Z,
190.62.85.161,ipv4,malicious-ip,medium,WHITE,ziyadnz/hourly-ipv4,ziyadnz|hourly,2026-08-17T18:48:05Z,2026-08-17T18:48:05Z,
190.64.90.158,ipv4,malicious-ip,medium,WHITE,ziyadnz/hourly-ipv4,ziyadnz|hourly,2026-08-17T18:48:05Z,2026-08-17T18:48:05Z,
190.65.31.151,ipv4,malicious-ip,medium,WHITE,ziyadnz/hourly-ipv4,ziyadnz|hourly,2026-08-17T18:48:05Z,2026-08-17T18:48:05Z,
190.65.61.246,ipv4,malicious-ip,medium,WHITE,ziyadnz/hourly-ipv4,ziyadnz|hourly,2026-08-17T18:48:05Z,2026-08-17T18:48:05Z,
190.66.23.215,ipv4,malicious-ip,medium,WHITE,ziyadnz/hourly-ipv4,ziyadnz|hourly,2026-08-17T18:48:05Z,2026-08-17T18:48:05Z,
190.66.26.194,ipv4,malicious-ip,medium,WHITE,ziyadnz/hourly-ipv4,ziyadnz|hourly,2026-08-17T18:48:05Z,2026-08-17T18:48:05Z,
190.7.18.51,ipv4,malicious-ip,medium,WHITE,ziyadnz/hourly-ipv4,ziyadnz|hourly,2026-08-17T18:48:05Z,2026-08-17T18:48:05Z,
190.7.239.96,ipv4,malicious-ip,medium,WHITE,ziyadnz/hourly-ipv4,ziyadnz|hourly,2026-08-17T18:48:05Z,2026-08-17T18:48:05Z,
190.7.36.90,ipv4,malicious-ip,medium,WHITE,ziyadnz/hourly-ipv4,ziyadnz|hourly,2026-08-17T18:48:05Z,2026-08-17T18:48:05Z,
190.71.186.52,ipv4,malicious-ip,medium,WHITE,ziyadnz/hourly-ipv4,ziyadnz|hourly,2026-08-17T18:48:05Z,2026-08-17T18:48:05Z,
190.71.198.146,ipv4,malicious-ip,medium,WHITE,ziyadnz/hourly-ipv4,ziyadnz|hourly,2026-08-17T18:48:05Z,2026-08-17T18:48:05Z,
190.71.254.226,ipv4,malicious-ip,medium,WHITE,ziyadnz/hourly-ipv4,ziyadnz|hourly,2026-08-17T18:48:05Z,2026-08-17T18:48:05Z,
190.71.49.218,ipv4,malicious-ip,medium,WHITE,ziyadnz/hourly-ipv4,ziyadnz|hourly,2026-08-17T18:48:05Z,2026-08-17T18:48:05Z,
190.72.1.209,ipv4,malicious-ip,medium,WHITE,ziyadnz/hourly-ipv4,ziyadnz|hourly,2026-08-17T18:48:05Z,2026-08-17T18:48:05Z,
190.72.108.50,ipv4,malicious-ip,medium,WHITE,ziyadnz/hourly-ipv4,ziyadnz|hourly,2026-08-17T18:48:05Z,2026-08-17T18:48:05Z,
190.72.21.236,ipv4,malicious-ip,medium,WHITE,ziyadnz/hourly-ipv4,ziyadnz|hourly,2026-08-17T18:48:05Z,2026-08-17T18:48:05Z,
190.73.21.186,ipv4,malicious-ip,medium,WHITE,ziyadnz/hourly-ipv4,ziyadnz|hourly,2026-08-17T18:48:05Z,2026-08-17T18:48:05Z,
190.73.30.158,ipv4,malicious-ip,medium,WHITE,ziyadnz/hourly-ipv4,ziyadnz|hourly,2026-08-17T18:48:05Z,2026-08-17T18:48:05Z,
190.75.253.224,ipv4,malicious-ip,medium,WHITE,ziyadnz/hourly-ipv4,ziyadnz|hourly,2026-08-17T18:48:05Z,2026-08-17T18:48:05Z,
190.8.165.126,ipv4,malicious-ip,medium,WHITE,ziyadnz/hourly-ipv4,ziyadnz|hourly,2026-08-17T18:48:05Z,2026-08-17T18:48:05Z,
190.8.175.6,ipv4,malicious-ip,medium,WHITE,ziyadnz/hourly-ipv4,ziyadnz|hourly,2026-08-17T18:48:05Z,2026-08-17T18:48:05Z,
190.8.175.74,ipv4,malicious-ip,medium,WHITE,ziyadnz/hourly-ipv4,ziyadnz|hourly,2026-08-17T18:48:05Z,2026-08-17T18:48:05Z,
190.80.182.169,ipv4,malicious-ip,medium,WHITE,ziyadnz/hourly-ipv4,ziyadnz|hourly,2026-08-17T18:48:05Z,2026-08-17T18:48:05Z,
190.81.117.162,ipv4,malicious-ip,medium,WHITE,ziyadnz/hourly-ipv4,ziyadnz|hourly,2026-08-17T18:48:05Z,2026-08-17T18:48:05Z,
190.83.114.7,ipv4,malicious-ip,medium,WHITE,ziyadnz/hourly-ipv4,ziyadnz|hourly,2026-08-17T18:48:05Z,2026-08-17T18:48:05Z,
190.83.41.149,ipv4,malicious-ip,medium,WHITE,ziyadnz/hourly-ipv4,ziyadnz|hourly,2026-08-17T18:48:05Z,2026-08-17T18:48:05Z,
190.83.41.254,ipv4,malicious-ip,medium,WHITE,ziyadnz/hourly-ipv4,ziyadnz|hourly,2026-08-17T18:48:05Z,2026-08-17T18:48:05Z,
190.83.64.218,ipv4,malicious-ip,medium,WHITE,ziyadnz/hourly-ipv4,ziyadnz|hourly,2026-08-17T18:48:05Z,2026-08-17T18:48:05Z,
190.83.64.242,ipv4,malicious-ip,medium,WHITE,ziyadnz/hourly-ipv4,ziyadnz|hourly,2026-08-17T18:48:05Z,2026-08-17T18:48:05Z,
190.83.65.139,ipv4,malicious-ip,medium,WHITE,ziyadnz/hourly-ipv4,ziyadnz|hourly,2026-08-17T18:48:05Z,2026-08-17T18:48:05Z,
190.84.119.173,ipv4,malicious-ip,medium,WHITE,ziyadnz/hourly-ipv4,ziyadnz|hourly,2026-08-17T18:48:05Z,2026-08-17T18:48:05Z,
190.85.11.150,ipv4,malicious-ip,medium,WHITE,ziyadnz/hourly-ipv4,ziyadnz|hourly,2026-08-17T18:48:05Z,2026-08-17T18:48:05Z,
190.85.123.171,ipv4,malicious-ip,medium,WHITE,ziyadnz/hourly-ipv4,ziyadnz|hourly,2026-08-17T18:48:05Z,2026-08-17T18:48:05Z,
190.85.41.170,ipv4,malicious-ip,medium,WHITE,ziyadnz/hourly-ipv4,ziyadnz|hourly,2026-08-17T18:48:05Z,2026-08-17T18:48:05Z,
190.86.199.171,ipv4,malicious-ip,medium,WHITE,ziyadnz/hourly-ipv4,ziyadnz|hourly,2026-08-17T18:48:05Z,2026-08-17T18:48:05Z,
190.86.75.148,ipv4,malicious-ip,medium,WHITE,ziyadnz/hourly-ipv4,ziyadnz|hourly,2026-08-17T18:48:05Z,2026-08-17T18:48:05Z,
190.89.104.9,ipv4,malicious-ip,medium,WHITE,ziyadnz/hourly-ipv4,ziyadnz|hourly,2026-08-17T18:48:05Z,2026-08-17T18:48:05Z,
190.89.128.23,ipv4,malicious-ip,medium,WHITE,ziyadnz/hourly-ipv4,ziyadnz|hourly,2026-08-17T18:48:05Z,2026-08-17T18:48:05Z,
190.89.136.0,ipv4,malicious-ip,medium,WHITE,ziyadnz/hourly-ipv4,ziyadnz|hourly,2026-08-17T18:48:05Z,2026-08-17T18:48:05Z,
190.89.136.160,ipv4,malicious-ip,medium,WHITE,ziyadnz/hourly-ipv4,ziyadnz|hourly,2026-08-17T18:48:05Z,2026-08-17T18:48:05Z,
190.89.136.162,ipv4,malicious-ip,medium,WHITE,ziyadnz/hourly-ipv4,ziyadnz|hourly,2026-08-17T18:48:05Z,2026-08-17T18:48:05Z,
190.89.136.168,ipv4,malicious-ip,medium,WHITE,ziyadnz/hourly-ipv4,ziyadnz|hourly,2026-08-17T18:48:05Z,2026-08-17T18:48:05Z,
190.89.136.174,ipv4,malicious-ip,medium,WHITE,ziyadnz/hourly-ipv4,ziyadnz|hourly,2026-08-17T18:48:05Z,2026-08-17T18:48:05Z,
190.89.136.177,ipv4,malicious-ip,medium,WHITE,ziyadnz/hourly-ipv4,ziyadnz|hourly,2026-08-17T18:48:05Z,2026-08-17T18:48:05Z,
190.89.136.179,ipv4,malicious-ip,medium,WHITE,ziyadnz/hourly-ipv4,ziyadnz|hourly,2026-08-17T18:48:05Z,2026-08-17T18:48:05Z,
190.89.136.180,ipv4,malicious-ip,medium,WHITE,ziyadnz/hourly-ipv4,ziyadnz|hourly,2026-08-17T18:48:05Z,2026-08-17T18:48:05Z,
190.89.136.181,ipv4,malicious-ip,medium,WHITE,ziyadnz/hourly-ipv4,ziyadnz|hourly,2026-08-17T18:48:05Z,2026-08-17T18:48:05Z,
190.89.136.183,ipv4,malicious-ip,medium,WHITE,ziyadnz/hourly-ipv4,ziyadnz|hourly,2026-08-17T18:48:05Z,2026-08-17T18:48:05Z,
190.89.136.184,ipv4,malicious-ip,medium,WHITE,ziyadnz/hourly-ipv4,ziyadnz|hourly,2026-08-17T18:48:05Z,2026-08-17T18:48:05Z,
190.89.136.196,ipv4,malicious-ip,medium,WHITE,ziyadnz/hourly-ipv4,ziyadnz|hourly,2026-08-17T18:48:05Z,2026-08-17T18:48:05Z,
190.89.136.199,ipv4,malicious-ip,medium,WHITE,ziyadnz/hourly-ipv4,ziyadnz|hourly,2026-08-17T18:48:05Z,2026-08-17T18:48:05Z,
190.89.136.204,ipv4,malicious-ip,medium,WHITE,ziyadnz/hourly-ipv4,ziyadnz|hourly,2026-08-17T18:48:05Z,2026-08-17T18:48:05Z,
190.89.136.205,ipv4,malicious-ip,medium,WHITE,ziyadnz/hourly-ipv4,ziyadnz|hourly,2026-08-17T18:48:05Z,2026-08-17T18:48:05Z,
190.89.136.209,ipv4,malicious-ip,medium,WHITE,ziyadnz/hourly-ipv4,ziyadnz|hourly,2026-08-17T18:48:05Z,2026-08-17T18:48:05Z,
190.89.136.210,ipv4,malicious-ip,medium,WHITE,ziyadnz/hourly-ipv4,ziyadnz|hourly,2026-08-17T18:48:05Z,2026-08-17T18:48:05Z,
190.89.136.211,ipv4,malicious-ip,medium,WHITE,ziyadnz/hourly-ipv4,ziyadnz|hourly,2026-08-17T18:48:05Z,2026-08-17T18:48:05Z,
190.89.136.212,ipv4,malicious-ip,medium,WHITE,ziyadnz/hourly-ipv4,ziyadnz|hourly,2026-08-17T18:48:05Z,2026-08-17T18:48:05Z,
190.89.136.218,ipv4,malicious-ip,medium,WHITE,ziyadnz/hourly-ipv4,ziyadnz|hourly,2026-08-17T18:48:05Z,2026-08-17T18:48:05Z,
190.89.136.221,ipv4,malicious-ip,medium,WHITE,ziyadnz/hourly-ipv4,ziyadnz|hourly,2026-08-17T18:48:05Z,2026-08-17T18:48:05Z,
190.89.136.223,ipv4,malicious-ip,medium,WHITE,ziyadnz/hourly-ipv4,ziyadnz|hourly,2026-08-17T18:48:05Z,2026-08-17T18:48:05Z,
190.89.136.226,ipv4,malicious-ip,medium,WHITE,ziyadnz/hourly-ipv4,ziyadnz|hourly,2026-08-17T18:48:05Z,2026-08-17T18:48:05Z,
190.89.136.229,ipv4,malicious-ip,medium,WHITE,ziyadnz/hourly-ipv4,ziyadnz|hourly,2026-08-17T18:48:05Z,2026-08-17T18:48:05Z,
190.89.136.233,ipv4,malicious-ip,medium,WHITE,ziyadnz/hourly-ipv4,ziyadnz|hourly,2026-08-17T18:48:05Z,2026-08-17T18:48:05Z,
190.89.136.234,ipv4,malicious-ip,medium,WHITE,ziyadnz/hourly-ipv4,ziyadnz|hourly,2026-08-17T18:48:05Z,2026-08-17T18:48:05Z,
190.89.136.244,ipv4,malicious-ip,medium,WHITE,ziyadnz/hourly-ipv4,ziyadnz|hourly,2026-08-17T18:48:05Z,2026-08-17T18:48:05Z,
190.89.136.249,ipv4,malicious-ip,medium,WHITE,ziyadnz/hourly-ipv4,ziyadnz|hourly,2026-08-17T18:48:05Z,2026-08-17T18:48:05Z,
190.89.136.252,ipv4,malicious-ip,medium,WHITE,ziyadnz/hourly-ipv4,ziyadnz|hourly,2026-08-17T18:48:05Z,2026-08-17T18:48:05Z,
190.89.136.254,ipv4,malicious-ip,medium,WHITE,ziyadnz/hourly-ipv4,ziyadnz|hourly,2026-08-17T18:48:05Z,2026-08-17T18:48:05Z,
190.89.136.255,ipv4,malicious-ip,medium,WHITE,ziyadnz/hourly-ipv4,ziyadnz|hourly,2026-08-17T18:48:05Z,2026-08-17T18:48:05Z,
190.89.136.35,ipv4,malicious-ip,medium,WHITE,ziyadnz/hourly-ipv4,ziyadnz|hourly,2026-08-17T18:48:05Z,2026-08-17T18:48:05Z,
190.89.136.38,ipv4,malicious-ip,medium,WHITE,ziyadnz/hourly-ipv4,ziyadnz|hourly,2026-08-17T18:48:05Z,2026-08-17T18:48:05Z,
190.89.136.40,ipv4,malicious-ip,medium,WHITE,ziyadnz/hourly-ipv4,ziyadnz|hourly,2026-08-17T18:48:05Z,2026-08-17T18:48:05Z,
190.89.136.49,ipv4,malicious-ip,medium,WHITE,ziyadnz/hourly-ipv4,ziyadnz|hourly,2026-08-17T18:48:05Z,2026-08-17T18:48:05Z,
190.89.137.0,ipv4,malicious-ip,medium,WHITE,ziyadnz/hourly-ipv4,ziyadnz|hourly,2026-08-17T18:48:05Z,2026-08-17T18:48:05Z,
190.89.137.1,ipv4,malicious-ip,medium,WHITE,ziyadnz/hourly-ipv4,ziyadnz|hourly,2026-08-17T18:48:05Z,2026-08-17T18:48:05Z,
190.89.137.100,ipv4,malicious-ip,medium,WHITE,ziyadnz/hourly-ipv4,ziyadnz|hourly,2026-08-17T18:48:05Z,2026-08-17T18:48:05Z,
190.89.137.101,ipv4,malicious-ip,medium,WHITE,ziyadnz/hourly-ipv4,ziyadnz|hourly,2026-08-17T18:48:05Z,2026-08-17T18:48:05Z,
190.89.137.102,ipv4,malicious-ip,medium,WHITE,ziyadnz/hourly-ipv4,ziyadnz|hourly,2026-08-17T18:48:05Z,2026-08-17T18:48:05Z,
190.89.137.104,ipv4,malicious-ip,medium,WHITE,ziyadnz/hourly-ipv4,ziyadnz|hourly,2026-08-17T18:48:05Z,2026-08-17T18:48:05Z,
190.89.137.107,ipv4,malicious-ip,medium,WHITE,ziyadnz/hourly-ipv4,ziyadnz|hourly,2026-08-17T18:48:05Z,2026-08-17T18:48:05Z,
190.89.137.109,ipv4,malicious-ip,medium,WHITE,ziyadnz/hourly-ipv4,ziyadnz|hourly,2026-08-17T18:48:05Z,2026-08-17T18:48:05Z,
190.89.137.11,ipv4,malicious-ip,medium,WHITE,ziyadnz/hourly-ipv4,ziyadnz|hourly,2026-08-17T18:48:05Z,2026-08-17T18:48:05Z,
190.89.137.110,ipv4,malicious-ip,medium,WHITE,ziyadnz/hourly-ipv4,ziyadnz|hourly,2026-08-17T18:48:05Z,2026-08-17T18:48:05Z,
190.89.137.125,ipv4,malicious-ip,medium,WHITE,ziyadnz/hourly-ipv4,ziyadnz|hourly,2026-08-17T18:48:05Z,2026-08-17T18:48:05Z,
190.89.137.129,ipv4,malicious-ip,medium,WHITE,ziyadnz/hourly-ipv4,ziyadnz|hourly,2026-08-17T18:48:05Z,2026-08-17T18:48:05Z,
190.89.137.135,ipv4,malicious-ip,medium,WHITE,ziyadnz/hourly-ipv4,ziyadnz|hourly,2026-08-17T18:48:05Z,2026-08-17T18:48:05Z,
190.89.137.141,ipv4,malicious-ip,medium,WHITE,ziyadnz/hourly-ipv4,ziyadnz|hourly,2026-08-17T18:48:05Z,2026-08-17T18:48:05Z,
190.89.137.145,ipv4,malicious-ip,medium,WHITE,ziyadnz/hourly-ipv4,ziyadnz|hourly,2026-08-17T18:48:05Z,2026-08-17T18:48:05Z,
190.89.137.146,ipv4,malicious-ip,medium,WHITE,ziyadnz/hourly-ipv4,ziyadnz|hourly,2026-08-17T18:48:05Z,2026-08-17T18:48:05Z,
190.89.137.148,ipv4,malicious-ip,medium,WHITE,ziyadnz/hourly-ipv4,ziyadnz|hourly,2026-08-17T18:48:05Z,2026-08-17T18:48:05Z,
190.89.137.151,ipv4,malicious-ip,medium,WHITE,ziyadnz/hourly-ipv4,ziyadnz|hourly,2026-08-17T18:48:05Z,2026-08-17T18:48:05Z,
190.89.137.153,ipv4,malicious-ip,medium,WHITE,ziyadnz/hourly-ipv4,ziyadnz|hourly,2026-08-17T18:48:05Z,2026-08-17T18:48:05Z,
190.89.137.155,ipv4,malicious-ip,medium,WHITE,ziyadnz/hourly-ipv4,ziyadnz|hourly,2026-08-17T18:48:05Z,2026-08-17T18:48:05Z,
190.89.137.156,ipv4,malicious-ip,medium,WHITE,ziyadnz/hourly-ipv4,ziyadnz|hourly,2026-08-17T18:48:05Z,2026-08-17T18:48:05Z,
190.89.137.167,ipv4,malicious-ip,medium,WHITE,ziyadnz/hourly-ipv4,ziyadnz|hourly,2026-08-17T18:48:05Z,2026-08-17T18:48:05Z,
190.89.137.183,ipv4,malicious-ip,medium,WHITE,ziyadnz/hourly-ipv4,ziyadnz|hourly,2026-08-17T18:48:05Z,2026-08-17T18:48:05Z,
190.89.137.186,ipv4,malicious-ip,medium,WHITE,ziyadnz/hourly-ipv4,ziyadnz|hourly,2026-08-17T18:48:05Z,2026-08-17T18:48:05Z,
190.89.137.189,ipv4,malicious-ip,medium,WHITE,ziyadnz/hourly-ipv4,ziyadnz|hourly,2026-08-17T18:48:05Z,2026-08-17T18:48:05Z,
190.89.137.19,ipv4,malicious-ip,medium,WHITE,ziyadnz/hourly-ipv4,ziyadnz|hourly,2026-08-17T18:48:05Z,2026-08-17T18:48:05Z,
190.89.137.192,ipv4,malicious-ip,medium,WHITE,ziyadnz/hourly-ipv4,ziyadnz|hourly,2026-08-17T18:48:05Z,2026-08-17T18:48:05Z,
190.89.137.195,ipv4,malicious-ip,medium,WHITE,ziyadnz/hourly-ipv4,ziyadnz|hourly,2026-08-17T18:48:05Z,2026-08-17T18:48:05Z,
190.89.137.197,ipv4,malicious-ip,medium,WHITE,ziyadnz/hourly-ipv4,ziyadnz|hourly,2026-08-17T18:48:05Z,2026-08-17T18:48:05Z,
190.89.137.2,ipv4,malicious-ip,medium,WHITE,ziyadnz/hourly-ipv4,ziyadnz|hourly,2026-08-17T18:48:05Z,2026-08-17T18:48:05Z,
190.89.137.20,ipv4,malicious-ip,medium,WHITE,ziyadnz/hourly-ipv4,ziyadnz|hourly,2026-08-17T18:48:05Z,2026-08-17T18:48:05Z,
190.89.137.200,ipv4,malicious-ip,medium,WHITE,ziyadnz/hourly-ipv4,ziyadnz|hourly,2026-08-17T18:48:05Z,2026-08-17T18:48:05Z,
190.89.137.202,ipv4,malicious-ip,medium,WHITE,ziyadnz/hourly-ipv4,ziyadnz|hourly,2026-08-17T18:48:05Z,2026-08-17T18:48:05Z,
190.89.137.207,ipv4,malicious-ip,medium,WHITE,ziyadnz/hourly-ipv4,ziyadnz|hourly,2026-08-17T18:48:05Z,2026-08-17T18:48:05Z,
190.89.137.208,ipv4,malicious-ip,medium,WHITE,ziyadnz/hourly-ipv4,ziyadnz|hourly,2026-08-17T18:48:05Z,2026-08-17T18:48:05Z,
190.89.137.211,ipv4,malicious-ip,medium,WHITE,ziyadnz/hourly-ipv4,ziyadnz|hourly,2026-08-17T18:48:05Z,2026-08-17T18:48:05Z,
190.89.137.212,ipv4,malicious-ip,medium,WHITE,ziyadnz/hourly-ipv4,ziyadnz|hourly,2026-08-17T18:48:05Z,2026-08-17T18:48:05Z,
190.89.137.214,ipv4,malicious-ip,medium,WHITE,ziyadnz/hourly-ipv4,ziyadnz|hourly,2026-08-17T18:48:05Z,2026-08-17T18:48:05Z,
190.89.137.215,ipv4,malicious-ip,medium,WHITE,ziyadnz/hourly-ipv4,ziyadnz|hourly,2026-08-17T18:48:05Z,2026-08-17T18:48:05Z,
190.89.137.219,ipv4,malicious-ip,medium,WHITE,ziyadnz/hourly-ipv4,ziyadnz|hourly,2026-08-17T18:48:05Z,2026-08-17T18:48:05Z,
190.89.137.220,ipv4,malicious-ip,medium,WHITE,ziyadnz/hourly-ipv4,ziyadnz|hourly,2026-08-17T18:48:05Z,2026-08-17T18:48:05Z,
190.89.137.223,ipv4,malicious-ip,medium,WHITE,ziyadnz/hourly-ipv4,ziyadnz|hourly,2026-08-17T18:48:05Z,2026-08-17T18:48:05Z,
190.89.137.224,ipv4,malicious-ip,medium,WHITE,ziyadnz/hourly-ipv4,ziyadnz|hourly,2026-08-17T18:48:05Z,2026-08-17T18:48:05Z,
190.89.137.226,ipv4,malicious-ip,medium,WHITE,ziyadnz/hourly-ipv4,ziyadnz|hourly,2026-08-17T18:48:05Z,2026-08-17T18:48:05Z,
190.89.137.229,ipv4,malicious-ip,medium,WHITE,ziyadnz/hourly-ipv4,ziyadnz|hourly,2026-08-17T18:48:05Z,2026-08-17T18:48:05Z,
190.89.137.23,ipv4,malicious-ip,medium,WHITE,ziyadnz/hourly-ipv4,ziyadnz|hourly,2026-08-17T18:48:05Z,2026-08-17T18:48:05Z,
190.89.137.233,ipv4,malicious-ip,medium,WHITE,ziyadnz/hourly-ipv4,ziyadnz|hourly,2026-08-17T18:48:05Z,2026-08-17T18:48:05Z,
190.89.137.237,ipv4,malicious-ip,medium,WHITE,ziyadnz/hourly-ipv4,ziyadnz|hourly,2026-08-17T18:48:05Z,2026-08-17T18:48:05Z,
190.89.137.239,ipv4,malicious-ip,medium,WHITE,ziyadnz/hourly-ipv4,ziyadnz|hourly,2026-08-17T18:48:05Z,2026-08-17T18:48:05Z,
190.89.137.244,ipv4,malicious-ip,medium,WHITE,ziyadnz/hourly-ipv4,ziyadnz|hourly,2026-08-17T18:48:05Z,2026-08-17T18:48:05Z,
190.89.137.247,ipv4,malicious-ip,medium,WHITE,ziyadnz/hourly-ipv4,ziyadnz|hourly,2026-08-17T18:48:05Z,2026-08-17T18:48:05Z,
190.89.137.248,ipv4,malicious-ip,medium,WHITE,ziyadnz/hourly-ipv4,ziyadnz|hourly,2026-08-17T18:48:05Z,2026-08-17T18:48:05Z,
190.89.137.249,ipv4,malicious-ip,medium,WHITE,ziyadnz/hourly-ipv4,ziyadnz|hourly,2026-08-17T18:48:05Z,2026-08-17T18:48:05Z,
190.89.137.26,ipv4,malicious-ip,medium,WHITE,ziyadnz/hourly-ipv4,ziyadnz|hourly,2026-08-17T18:48:05Z,2026-08-17T18:48:05Z,
190.89.137.29,ipv4,malicious-ip,medium,WHITE,ziyadnz/hourly-ipv4,ziyadnz|hourly,2026-08-17T18:48:05Z,2026-08-17T18:48:05Z,
190.89.137.33,ipv4,malicious-ip,medium,WHITE,ziyadnz/hourly-ipv4,ziyadnz|hourly,2026-08-17T18:48:05Z,2026-08-17T18:48:05Z,
190.89.137.35,ipv4,malicious-ip,medium,WHITE,ziyadnz/hourly-ipv4,ziyadnz|hourly,2026-08-17T18:48:05Z,2026-08-17T18:48:05Z,
190.89.137.40,ipv4,malicious-ip,medium,WHITE,ziyadnz/hourly-ipv4,ziyadnz|hourly,2026-08-17T18:48:05Z,2026-08-17T18:48:05Z,
190.89.137.43,ipv4,malicious-ip,medium,WHITE,ziyadnz/hourly-ipv4,ziyadnz|hourly,2026-08-17T18:48:05Z,2026-08-17T18:48:05Z,
190.89.137.45,ipv4,malicious-ip,medium,WHITE,ziyadnz/hourly-ipv4,ziyadnz|hourly,2026-08-17T18:48:05Z,2026-08-17T18:48:05Z,
190.89.137.47,ipv4,malicious-ip,medium,WHITE,ziyadnz/hourly-ipv4,ziyadnz|hourly,2026-08-17T18:48:05Z,2026-08-17T18:48:05Z,
190.89.137.5,ipv4,malicious-ip,medium,WHITE,ziyadnz/hourly-ipv4,ziyadnz|hourly,2026-08-17T18:48:05Z,2026-08-17T18:48:05Z,
190.89.137.50,ipv4,malicious-ip,medium,WHITE,ziyadnz/hourly-ipv4,ziyadnz|hourly,2026-08-17T18:48:05Z,2026-08-17T18:48:05Z,
190.89.137.54,ipv4,malicious-ip,medium,WHITE,ziyadnz/hourly-ipv4,ziyadnz|hourly,2026-08-17T18:48:05Z,2026-08-17T18:48:05Z,
190.89.137.56,ipv4,malicious-ip,medium,WHITE,ziyadnz/hourly-ipv4,ziyadnz|hourly,2026-08-17T18:48:05Z,2026-08-17T18:48:05Z,
190.89.137.59,ipv4,malicious-ip,medium,WHITE,ziyadnz/hourly-ipv4,ziyadnz|hourly,2026-08-17T18:48:05Z,2026-08-17T18:48:05Z,
190.89.137.64,ipv4,malicious-ip,medium,WHITE,ziyadnz/hourly-ipv4,ziyadnz|hourly,2026-08-17T18:48:05Z,2026-08-17T18:48:05Z,
190.89.137.67,ipv4,malicious-ip,medium,WHITE,ziyadnz/hourly-ipv4,ziyadnz|hourly,2026-08-17T18:48:05Z,2026-08-17T18:48:05Z,
190.89.137.70,ipv4,malicious-ip,medium,WHITE,ziyadnz/hourly-ipv4,ziyadnz|hourly,2026-08-17T18:48:05Z,2026-08-17T18:48:05Z,
190.89.137.73,ipv4,malicious-ip,medium,WHITE,ziyadnz/hourly-ipv4,ziyadnz|hourly,2026-08-17T18:48:05Z,2026-08-17T18:48:05Z,
190.89.137.81,ipv4,malicious-ip,medium,WHITE,ziyadnz/hourly-ipv4,ziyadnz|hourly,2026-08-17T18:48:05Z,2026-08-17T18:48:05Z,
190.89.137.84,ipv4,malicious-ip,medium,WHITE,ziyadnz/hourly-ipv4,ziyadnz|hourly,2026-08-17T18:48:05Z,2026-08-17T18:48:05Z,
190.89.137.94,ipv4,malicious-ip,medium,WHITE,ziyadnz/hourly-ipv4,ziyadnz|hourly,2026-08-17T18:48:05Z,2026-08-17T18:48:05Z,
190.89.137.95,ipv4,malicious-ip,medium,WHITE,ziyadnz/hourly-ipv4,ziyadnz|hourly,2026-08-17T18:48:05Z,2026-08-17T18:48:05Z,
190.89.137.96,ipv4,malicious-ip,medium,WHITE,ziyadnz/hourly-ipv4,ziyadnz|hourly,2026-08-17T18:48:05Z,2026-08-17T18:48:05Z,
190.89.137.97,ipv4,malicious-ip,medium,WHITE,ziyadnz/hourly-ipv4,ziyadnz|hourly,2026-08-17T18:48:05Z,2026-08-17T18:48:05Z,
190.89.137.98,ipv4,malicious-ip,medium,WHITE,ziyadnz/hourly-ipv4,ziyadnz|hourly,2026-08-17T18:48:05Z,2026-08-17T18:48:05Z,
190.89.15.145,ipv4,malicious-ip,medium,WHITE,ziyadnz/hourly-ipv4,ziyadnz|hourly,2026-08-17T18:48:05Z,2026-08-17T18:48:05Z,
190.89.156.157,ipv4,malicious-ip,medium,WHITE,ziyadnz/hourly-ipv4,ziyadnz|hourly,2026-08-17T18:48:05Z,2026-08-17T18:48:05Z,
190.89.158.73,ipv4,malicious-ip,medium,WHITE,ziyadnz/hourly-ipv4,ziyadnz|hourly,2026-08-17T18:48:05Z,2026-08-17T18:48:05Z,
190.89.217.224,ipv4,malicious-ip,medium,WHITE,ziyadnz/hourly-ipv4,ziyadnz|hourly,2026-08-17T18:48:05Z,2026-08-17T18:48:05Z,
190.89.226.9,ipv4,malicious-ip,medium,WHITE,ziyadnz/hourly-ipv4,ziyadnz|hourly,2026-08-17T18:48:05Z,2026-08-17T18:48:05Z,
190.89.29.109,ipv4,malicious-ip,medium,WHITE,ziyadnz/hourly-ipv4,ziyadnz|hourly,2026-08-17T18:48:05Z,2026-08-17T18:48:05Z,
190.89.29.239,ipv4,malicious-ip,medium,WHITE,ziyadnz/hourly-ipv4,ziyadnz|hourly,2026-08-17T18:48:05Z,2026-08-17T18:48:05Z,
190.89.30.64,ipv4,malicious-ip,medium,WHITE,ziyadnz/hourly-ipv4,ziyadnz|hourly,2026-08-17T18:48:05Z,2026-08-17T18:48:05Z,
190.89.40.253,ipv4,malicious-ip,medium,WHITE,ziyadnz/hourly-ipv4,ziyadnz|hourly,2026-08-17T18:48:05Z,2026-08-17T18:48:05Z,
190.89.41.251,ipv4,malicious-ip,medium,WHITE,ziyadnz/hourly-ipv4,ziyadnz|hourly,2026-08-17T18:48:05Z,2026-08-17T18:48:05Z,
190.89.44.8,ipv4,malicious-ip,medium,WHITE,ziyadnz/hourly-ipv4,ziyadnz|hourly,2026-08-17T18:48:05Z,2026-08-17T18:48:05Z,
190.89.44.90,ipv4,malicious-ip,medium,WHITE,ziyadnz/hourly-ipv4,ziyadnz|hourly,2026-08-17T18:48:05Z,2026-08-17T18:48:05Z,
190.89.45.54,ipv4,malicious-ip,medium,WHITE,ziyadnz/hourly-ipv4,ziyadnz|hourly,2026-08-17T18:48:05Z,2026-08-17T18:48:05Z,
190.89.52.251,ipv4,malicious-ip,medium,WHITE,ziyadnz/hourly-ipv4,ziyadnz|hourly,2026-08-17T18:48:05Z,2026-08-17T18:48:05Z,
190.9.23.151,ipv4,malicious-ip,medium,WHITE,ziyadnz/hourly-ipv4,ziyadnz|hourly,2026-08-17T18:48:05Z,2026-08-17T18:48:05Z,
190.9.62.101,ipv4,malicious-ip,medium,WHITE,ziyadnz/hourly-ipv4,ziyadnz|hourly,2026-08-17T18:48:05Z,2026-08-17T18:48:05Z,
190.9.62.104,ipv4,malicious-ip,medium,WHITE,ziyadnz/hourly-ipv4,ziyadnz|hourly,2026-08-17T18:48:05Z,2026-08-17T18:48:05Z,
190.9.70.202,ipv4,malicious-ip,medium,WHITE,ziyadnz/hourly-ipv4,ziyadnz|hourly,2026-08-17T18:48:05Z,2026-08-17T18:48:05Z,
190.9.85.53,ipv4,malicious-ip,medium,WHITE,ziyadnz/hourly-ipv4,ziyadnz|hourly,2026-08-17T18:48:05Z,2026-08-17T18:48:05Z,
190.90.79.29,ipv4,malicious-ip,medium,WHITE,ziyadnz/hourly-ipv4,ziyadnz|hourly,2026-08-17T18:48:05Z,2026-08-17T18:48:05Z,
190.92.100.57,ipv4,malicious-ip,medium,WHITE,ziyadnz/hourly-ipv4,ziyadnz|hourly,2026-08-17T18:48:05Z,2026-08-17T18:48:05Z,
190.92.102.250,ipv4,malicious-ip,medium,WHITE,ziyadnz/hourly-ipv4,ziyadnz|hourly,2026-08-17T18:48:05Z,2026-08-17T18:48:05Z,
190.92.102.252,ipv4,malicious-ip,medium,WHITE,ziyadnz/hourly-ipv4,ziyadnz|hourly,2026-08-17T18:48:05Z,2026-08-17T18:48:05Z,
190.92.102.253,ipv4,malicious-ip,medium,WHITE,ziyadnz/hourly-ipv4,ziyadnz|hourly,2026-08-17T18:48:05Z,2026-08-17T18:48:05Z,
190.92.103.246,ipv4,malicious-ip,medium,WHITE,ziyadnz/hourly-ipv4,ziyadnz|hourly,2026-08-17T18:48:05Z,2026-08-17T18:48:05Z,
190.92.175.110,ipv4,malicious-ip,medium,WHITE,ziyadnz/hourly-ipv4,ziyadnz|hourly,2026-08-17T18:48:05Z,2026-08-17T18:48:05Z,
190.92.179.233,ipv4,malicious-ip,medium,WHITE,ziyadnz/hourly-ipv4,ziyadnz|hourly,2026-08-17T18:48:05Z,2026-08-17T18:48:05Z,
190.92.227.113,ipv4,malicious-ip,medium,WHITE,ziyadnz/hourly-ipv4,ziyadnz|hourly,2026-08-17T18:48:05Z,2026-08-17T18:48:05Z,
190.92.96.103,ipv4,malicious-ip,medium,WHITE,ziyadnz/hourly-ipv4,ziyadnz|hourly,2026-08-17T18:48:05Z,2026-08-17T18:48:05Z,
190.93.191.119,ipv4,malicious-ip,medium,WHITE,ziyadnz/hourly-ipv4,ziyadnz|hourly,2026-08-17T18:48:05Z,2026-08-17T18:48:05Z,
190.93.229.120,ipv4,malicious-ip,medium,WHITE,ziyadnz/hourly-ipv4,ziyadnz|hourly,2026-08-17T18:48:05Z,2026-08-17T18:48:05Z,
190.93.229.42,ipv4,malicious-ip,medium,WHITE,ziyadnz/hourly-ipv4,ziyadnz|hourly,2026-08-17T18:48:05Z,2026-08-17T18:48:05Z,
190.94.212.97,ipv4,malicious-ip,medium,WHITE,ziyadnz/hourly-ipv4,ziyadnz|hourly,2026-08-17T18:48:05Z,2026-08-17T18:48:05Z,
190.94.213.25,ipv4,malicious-ip,medium,WHITE,ziyadnz/hourly-ipv4,ziyadnz|hourly,2026-08-17T18:48:05Z,2026-08-17T18:48:05Z,
190.96.116.202,ipv4,malicious-ip,medium,WHITE,ziyadnz/hourly-ipv4,ziyadnz|hourly,2026-08-17T18:48:05Z,2026-08-17T18:48:05Z,
190.96.121.59,ipv4,malicious-ip,medium,WHITE,ziyadnz/hourly-ipv4,ziyadnz|hourly,2026-08-17T18:48:05Z,2026-08-17T18:48:05Z,
190.96.96.158,ipv4,malicious-ip,medium,WHITE,ziyadnz/hourly-ipv4,ziyadnz|hourly,2026-08-17T18:48:05Z,2026-08-17T18:48:05Z,
190.97.165.93,ipv4,malicious-ip,medium,WHITE,ziyadnz/hourly-ipv4,ziyadnz|hourly,2026-08-17T18:48:05Z,2026-08-17T18:48:05Z,
190.97.191.162,ipv4,malicious-ip,medium,WHITE,ziyadnz/hourly-ipv4,ziyadnz|hourly,2026-08-17T18:48:05Z,2026-08-17T18:48:05Z,
190.97.230.138,ipv4,malicious-ip,medium,WHITE,ziyadnz/hourly-ipv4,ziyadnz|hourly,2026-08-17T18:48:05Z,2026-08-17T18:48:05Z,
190.97.231.166,ipv4,malicious-ip,medium,WHITE,ziyadnz/hourly-ipv4,ziyadnz|hourly,2026-08-17T18:48:05Z,2026-08-17T18:48:05Z,
190.97.231.53,ipv4,malicious-ip,medium,WHITE,ziyadnz/hourly-ipv4,ziyadnz|hourly,2026-08-17T18:48:05Z,2026-08-17T18:48:05Z,
190.97.231.54,ipv4,malicious-ip,medium,WHITE,ziyadnz/hourly-ipv4,ziyadnz|hourly,2026-08-17T18:48:05Z,2026-08-17T18:48:05Z,
190.97.231.55,ipv4,malicious-ip,medium,WHITE,ziyadnz/hourly-ipv4,ziyadnz|hourly,2026-08-17T18:48:05Z,2026-08-17T18:48:05Z,
190.97.236.119,ipv4,malicious-ip,medium,WHITE,ziyadnz/hourly-ipv4,ziyadnz|hourly,2026-08-17T18:48:05Z,2026-08-17T18:48:05Z,
190.97.239.0,ipv4,malicious-ip,medium,WHITE,ziyadnz/hourly-ipv4,ziyadnz|hourly,2026-08-17T18:48:05Z,2026-08-17T18:48:05Z,
190.97.239.24,ipv4,malicious-ip,medium,WHITE,ziyadnz/hourly-ipv4,ziyadnz|hourly,2026-08-17T18:48:05Z,2026-08-17T18:48:05Z,
190.97.239.25,ipv4,malicious-ip,medium,WHITE,ziyadnz/hourly-ipv4,ziyadnz|hourly,2026-08-17T18:48:05Z,2026-08-17T18:48:05Z,
190.97.239.26,ipv4,malicious-ip,medium,WHITE,ziyadnz/hourly-ipv4,ziyadnz|hourly,2026-08-17T18:48:05Z,2026-08-17T18:48:05Z,
190.97.239.27,ipv4,malicious-ip,medium,WHITE,ziyadnz/hourly-ipv4,ziyadnz|hourly,2026-08-17T18:48:05Z,2026-08-17T18:48:05Z,
190.97.239.29,ipv4,malicious-ip,medium,WHITE,ziyadnz/hourly-ipv4,ziyadnz|hourly,2026-08-17T18:48:05Z,2026-08-17T18:48:05Z,
190.97.239.30,ipv4,malicious-ip,medium,WHITE,ziyadnz/hourly-ipv4,ziyadnz|hourly,2026-08-17T18:48:05Z,2026-08-17T18:48:05Z,
190.97.239.58,ipv4,malicious-ip,medium,WHITE,ziyadnz/hourly-ipv4,ziyadnz|hourly,2026-08-17T18:48:05Z,2026-08-17T18:48:05Z,
190.97.239.59,ipv4,malicious-ip,medium,WHITE,ziyadnz/hourly-ipv4,ziyadnz|hourly,2026-08-17T18:48:05Z,2026-08-17T18:48:05Z,
190.97.240.36,ipv4,malicious-ip,medium,WHITE,ziyadnz/hourly-ipv4,ziyadnz|hourly,2026-08-17T18:48:05Z,2026-08-17T18:48:05Z,
190.97.242.194,ipv4,malicious-ip,medium,WHITE,ziyadnz/hourly-ipv4,ziyadnz|hourly,2026-08-17T18:48:05Z,2026-08-17T18:48:05Z,
190.97.247.188,ipv4,malicious-ip,medium,WHITE,ziyadnz/hourly-ipv4,ziyadnz|hourly,2026-08-17T18:48:05Z,2026-08-17T18:48:05Z,
190.97.247.62,ipv4,malicious-ip,medium,WHITE,ziyadnz/hourly-ipv4,ziyadnz|hourly,2026-08-17T18:48:05Z,2026-08-17T18:48:05Z,
190.98.228.166,ipv4,malicious-ip,medium,WHITE,ziyadnz/hourly-ipv4,ziyadnz|hourly,2026-08-17T18:48:05Z,2026-08-17T18:48:05Z,
190.99.113.250,ipv4,malicious-ip,medium,WHITE,ziyadnz/hourly-ipv4,ziyadnz|hourly,2026-08-17T18:48:05Z,2026-08-17T18:48:05Z,
190.99.152.21,ipv4,malicious-ip,medium,WHITE,ziyadnz/hourly-ipv4,ziyadnz|hourly,2026-08-17T18:48:05Z,2026-08-17T18:48:05Z,
190.99.71.101,ipv4,malicious-ip,medium,WHITE,ziyadnz/hourly-ipv4,ziyadnz|hourly,2026-08-17T18:48:05Z,2026-08-17T18:48:05Z,
190.99.71.114,ipv4,malicious-ip,medium,WHITE,ziyadnz/hourly-ipv4,ziyadnz|hourly,2026-08-17T18:48:05Z,2026-08-17T18:48:05Z,
190.99.71.15,ipv4,malicious-ip,medium,WHITE,ziyadnz/hourly-ipv4,ziyadnz|hourly,2026-08-17T18:48:05Z,2026-08-17T18:48:05Z,
190.99.71.197,ipv4,malicious-ip,medium,WHITE,ziyadnz/hourly-ipv4,ziyadnz|hourly,2026-08-17T18:48:05Z,2026-08-17T18:48:05Z,
190.99.71.203,ipv4,malicious-ip,medium,WHITE,ziyadnz/hourly-ipv4,ziyadnz|hourly,2026-08-17T18:48:05Z,2026-08-17T18:48:05Z,
190.99.71.3,ipv4,malicious-ip,medium,WHITE,ziyadnz/hourly-ipv4,ziyadnz|hourly,2026-08-17T18:48:05Z,2026-08-17T18:48:05Z,
190.99.75.207,ipv4,malicious-ip,medium,WHITE,ziyadnz/hourly-ipv4,ziyadnz|hourly,2026-08-17T18:48:05Z,2026-08-17T18:48:05Z,
190.99.77.132,ipv4,malicious-ip,medium,WHITE,ziyadnz/hourly-ipv4,ziyadnz|hourly,2026-08-17T18:48:05Z,2026-08-17T18:48:05Z,
191.10.177.202,ipv4,malicious-ip,medium,WHITE,ziyadnz/hourly-ipv4,ziyadnz|hourly,2026-08-17T18:48:05Z,2026-08-17T18:48:05Z,
191.10.3.116,ipv4,malicious-ip,medium,WHITE,ziyadnz/hourly-ipv4,ziyadnz|hourly,2026-08-17T18:48:05Z,2026-08-17T18:48:05Z,
191.100.173.64,ipv4,malicious-ip,medium,WHITE,ziyadnz/hourly-ipv4,ziyadnz|hourly,2026-08-17T18:48:05Z,2026-08-17T18:48:05Z,
191.101.113.192,ipv4,malicious-ip,medium,WHITE,ziyadnz/hourly-ipv4,ziyadnz|hourly,2026-08-17T18:48:05Z,2026-08-17T18:48:05Z,
191.101.114.101,ipv4,malicious-ip,medium,WHITE,ziyadnz/hourly-ipv4,ziyadnz|hourly,2026-08-17T18:48:05Z,2026-08-17T18:48:05Z,
191.101.114.216,ipv4,malicious-ip,medium,WHITE,ziyadnz/hourly-ipv4,ziyadnz|hourly,2026-08-17T18:48:05Z,2026-08-17T18:48:05Z,
191.101.33.225,ipv4,malicious-ip,medium,WHITE,ziyadnz/hourly-ipv4,ziyadnz|hourly,2026-08-17T18:48:05Z,2026-08-17T18:48:05Z,
191.101.59.0,ipv4,malicious-ip,medium,WHITE,ziyadnz/hourly-ipv4,ziyadnz|hourly,2026-08-17T18:48:05Z,2026-08-17T18:48:05Z,
191.101.59.100,ipv4,malicious-ip,medium,WHITE,ziyadnz/hourly-ipv4,ziyadnz|hourly,2026-08-17T18:48:05Z,2026-08-17T18:48:05Z,
191.101.59.107,ipv4,malicious-ip,medium,WHITE,ziyadnz/hourly-ipv4,ziyadnz|hourly,2026-08-17T18:48:05Z,2026-08-17T18:48:05Z,
191.101.59.16,ipv4,malicious-ip,medium,WHITE,ziyadnz/hourly-ipv4,ziyadnz|hourly,2026-08-17T18:48:05Z,2026-08-17T18:48:05Z,
191.101.59.252,ipv4,malicious-ip,medium,WHITE,ziyadnz/hourly-ipv4,ziyadnz|hourly,2026-08-17T18:48:05Z,2026-08-17T18:48:05Z,
191.101.59.26,ipv4,malicious-ip,medium,WHITE,ziyadnz/hourly-ipv4,ziyadnz|hourly,2026-08-17T18:48:05Z,2026-08-17T18:48:05Z,
191.101.59.69,ipv4,malicious-ip,medium,WHITE,ziyadnz/hourly-ipv4,ziyadnz|hourly,2026-08-17T18:48:05Z,2026-08-17T18:48:05Z,
191.101.59.72,ipv4,malicious-ip,medium,WHITE,ziyadnz/hourly-ipv4,ziyadnz|hourly,2026-08-17T18:48:05Z,2026-08-17T18:48:05Z,
191.101.59.89,ipv4,malicious-ip,medium,WHITE,ziyadnz/hourly-ipv4,ziyadnz|hourly,2026-08-17T18:48:05Z,2026-08-17T18:48:05Z,
191.101.78.189,ipv4,malicious-ip,medium,WHITE,ziyadnz/hourly-ipv4,ziyadnz|hourly,2026-08-17T18:48:05Z,2026-08-17T18:48:05Z,
191.101.80.211,ipv4,malicious-ip,medium,WHITE,ziyadnz/hourly-ipv4,ziyadnz|hourly,2026-08-17T18:48:05Z,2026-08-17T18:48:05Z,
191.101.92.218,ipv4,malicious-ip,medium,WHITE,ziyadnz/hourly-ipv4,ziyadnz|hourly,2026-08-17T18:48:05Z,2026-08-17T18:48:05Z,
191.101.92.9,ipv4,malicious-ip,medium,WHITE,ziyadnz/hourly-ipv4,ziyadnz|hourly,2026-08-17T18:48:05Z,2026-08-17T18:48:05Z,
191.101.96.153,ipv4,malicious-ip,medium,WHITE,ziyadnz/hourly-ipv4,ziyadnz|hourly,2026-08-17T18:48:05Z,2026-08-17T18:48:05Z,
191.101.96.181,ipv4,malicious-ip,medium,WHITE,ziyadnz/hourly-ipv4,ziyadnz|hourly,2026-08-17T18:48:05Z,2026-08-17T18:48:05Z,
191.102.120.255,ipv4,malicious-ip,medium,WHITE,ziyadnz/hourly-ipv4,ziyadnz|hourly,2026-08-17T18:48:05Z,2026-08-17T18:48:05Z,
191.102.79.67,ipv4,malicious-ip,medium,WHITE,ziyadnz/hourly-ipv4,ziyadnz|hourly,2026-08-17T18:48:05Z,2026-08-17T18:48:05Z,
191.104.142.231,ipv4,malicious-ip,medium,WHITE,ziyadnz/hourly-ipv4,ziyadnz|hourly,2026-08-17T18:48:05Z,2026-08-17T18:48:05Z,
191.104.181.206,ipv4,malicious-ip,medium,WHITE,ziyadnz/hourly-ipv4,ziyadnz|hourly,2026-08-17T18:48:05Z,2026-08-17T18:48:05Z,
191.104.77.185,ipv4,malicious-ip,medium,WHITE,ziyadnz/hourly-ipv4,ziyadnz|hourly,2026-08-17T18:48:05Z,2026-08-17T18:48:05Z,
191.11.3.41,ipv4,malicious-ip,medium,WHITE,ziyadnz/hourly-ipv4,ziyadnz|hourly,2026-08-17T18:48:05Z,2026-08-17T18:48:05Z,
191.11.49.200,ipv4,malicious-ip,medium,WHITE,ziyadnz/hourly-ipv4,ziyadnz|hourly,2026-08-17T18:48:05Z,2026-08-17T18:48:05Z,
191.11.76.36,ipv4,malicious-ip,medium,WHITE,ziyadnz/hourly-ipv4,ziyadnz|hourly,2026-08-17T18:48:05Z,2026-08-17T18:48:05Z,
191.113.196.54,ipv4,malicious-ip,medium,WHITE,ziyadnz/hourly-ipv4,ziyadnz|hourly,2026-08-17T18:48:05Z,2026-08-17T18:48:05Z,
191.114.201.63,ipv4,malicious-ip,medium,WHITE,ziyadnz/hourly-ipv4,ziyadnz|hourly,2026-08-17T18:48:05Z,2026-08-17T18:48:05Z,
191.114.97.77,ipv4,malicious-ip,medium,WHITE,ziyadnz/hourly-ipv4,ziyadnz|hourly,2026-08-17T18:48:05Z,2026-08-17T18:48:05Z,
191.116.10.199,ipv4,malicious-ip,medium,WHITE,ziyadnz/hourly-ipv4,ziyadnz|hourly,2026-08-17T18:48:05Z,2026-08-17T18:48:05Z,
191.116.186.66,ipv4,malicious-ip,medium,WHITE,ziyadnz/hourly-ipv4,ziyadnz|hourly,2026-08-17T18:48:05Z,2026-08-17T18:48:05Z,
191.116.236.123,ipv4,malicious-ip,medium,WHITE,ziyadnz/hourly-ipv4,ziyadnz|hourly,2026-08-17T18:48:05Z,2026-08-17T18:48:05Z,
191.116.9.225,ipv4,malicious-ip,medium,WHITE,ziyadnz/hourly-ipv4,ziyadnz|hourly,2026-08-17T18:48:05Z,2026-08-17T18:48:05Z,
191.116.92.101,ipv4,malicious-ip,medium,WHITE,ziyadnz/hourly-ipv4,ziyadnz|hourly,2026-08-17T18:48:05Z,2026-08-17T18:48:05Z,
191.119.222.66,ipv4,malicious-ip,medium,WHITE,ziyadnz/hourly-ipv4,ziyadnz|hourly,2026-08-17T18:48:05Z,2026-08-17T18:48:05Z,
191.119.237.233,ipv4,malicious-ip,medium,WHITE,ziyadnz/hourly-ipv4,ziyadnz|hourly,2026-08-17T18:48:05Z,2026-08-17T18:48:05Z,
191.119.40.4,ipv4,malicious-ip,medium,WHITE,ziyadnz/hourly-ipv4,ziyadnz|hourly,2026-08-17T18:48:05Z,2026-08-17T18:48:05Z,
191.121.206.53,ipv4,malicious-ip,medium,WHITE,ziyadnz/hourly-ipv4,ziyadnz|hourly,2026-08-17T18:48:05Z,2026-08-17T18:48:05Z,
191.121.207.79,ipv4,malicious-ip,medium,WHITE,ziyadnz/hourly-ipv4,ziyadnz|hourly,2026-08-17T18:48:05Z,2026-08-17T18:48:05Z,
191.122.217.253,ipv4,malicious-ip,medium,WHITE,ziyadnz/hourly-ipv4,ziyadnz|hourly,2026-08-17T18:48:05Z,2026-08-17T18:48:05Z,
191.122.220.46,ipv4,malicious-ip,medium,WHITE,ziyadnz/hourly-ipv4,ziyadnz|hourly,2026-08-17T18:48:05Z,2026-08-17T18:48:05Z,
191.122.252.191,ipv4,malicious-ip,medium,WHITE,ziyadnz/hourly-ipv4,ziyadnz|hourly,2026-08-17T18:48:05Z,2026-08-17T18:48:05Z,
191.128.82.103,ipv4,malicious-ip,medium,WHITE,ziyadnz/hourly-ipv4,ziyadnz|hourly,2026-08-17T18:48:05Z,2026-08-17T18:48:05Z,
191.13.136.46,ipv4,malicious-ip,medium,WHITE,ziyadnz/hourly-ipv4,ziyadnz|hourly,2026-08-17T18:48:05Z,2026-08-17T18:48:05Z,
191.13.140.214,ipv4,malicious-ip,medium,WHITE,ziyadnz/hourly-ipv4,ziyadnz|hourly,2026-08-17T18:48:05Z,2026-08-17T18:48:05Z,
191.13.246.6,ipv4,malicious-ip,medium,WHITE,ziyadnz/hourly-ipv4,ziyadnz|hourly,2026-08-17T18:48:05Z,2026-08-17T18:48:05Z,
191.13.60.63,ipv4,malicious-ip,medium,WHITE,ziyadnz/hourly-ipv4,ziyadnz|hourly,2026-08-17T18:48:05Z,2026-08-17T18:48:05Z,
191.162.247.237,ipv4,malicious-ip,medium,WHITE,ziyadnz/hourly-ipv4,ziyadnz|hourly,2026-08-17T18:48:05Z,2026-08-17T18:48:05Z,
191.17.46.148,ipv4,malicious-ip,medium,WHITE,ziyadnz/hourly-ipv4,ziyadnz|hourly,2026-08-17T18:48:05Z,2026-08-17T18:48:05Z,
191.176.129.183,ipv4,malicious-ip,medium,WHITE,ziyadnz/hourly-ipv4,ziyadnz|hourly,2026-08-17T18:48:05Z,2026-08-17T18:48:05Z,
191.177.145.255,ipv4,malicious-ip,medium,WHITE,ziyadnz/hourly-ipv4,ziyadnz|hourly,2026-08-17T18:48:05Z,2026-08-17T18:48:05Z,
191.177.147.80,ipv4,malicious-ip,medium,WHITE,ziyadnz/hourly-ipv4,ziyadnz|hourly,2026-08-17T18:48:05Z,2026-08-17T18:48:05Z,
191.177.175.85,ipv4,malicious-ip,medium,WHITE,ziyadnz/hourly-ipv4,ziyadnz|hourly,2026-08-17T18:48:05Z,2026-08-17T18:48:05Z,
191.177.186.214,ipv4,malicious-ip,medium,WHITE,ziyadnz/hourly-ipv4,ziyadnz|hourly,2026-08-17T18:48:05Z,2026-08-17T18:48:05Z,
191.177.187.239,ipv4,malicious-ip,medium,WHITE,ziyadnz/hourly-ipv4,ziyadnz|hourly,2026-08-17T18:48:05Z,2026-08-17T18:48:05Z,
191.177.193.109,ipv4,malicious-ip,medium,WHITE,ziyadnz/hourly-ipv4,ziyadnz|hourly,2026-08-17T18:48:05Z,2026-08-17T18:48:05Z,
191.177.197.65,ipv4,malicious-ip,medium,WHITE,ziyadnz/hourly-ipv4,ziyadnz|hourly,2026-08-17T18:48:05Z,2026-08-17T18:48:05Z,
191.177.197.70,ipv4,malicious-ip,medium,WHITE,ziyadnz/hourly-ipv4,ziyadnz|hourly,2026-08-17T18:48:05Z,2026-08-17T18:48:05Z,
191.177.89.185,ipv4,malicious-ip,medium,WHITE,ziyadnz/hourly-ipv4,ziyadnz|hourly,2026-08-17T18:48:05Z,2026-08-17T18:48:05Z,
191.178.172.206,ipv4,malicious-ip,medium,WHITE,ziyadnz/hourly-ipv4,ziyadnz|hourly,2026-08-17T18:48:05Z,2026-08-17T18:48:05Z,
191.178.192.149,ipv4,malicious-ip,medium,WHITE,ziyadnz/hourly-ipv4,ziyadnz|hourly,2026-08-17T18:48:05Z,2026-08-17T18:48:05Z,
191.178.236.22,ipv4,malicious-ip,medium,WHITE,ziyadnz/hourly-ipv4,ziyadnz|hourly,2026-08-17T18:48:05Z,2026-08-17T18:48:05Z,
191.178.38.2,ipv4,malicious-ip,medium,WHITE,ziyadnz/hourly-ipv4,ziyadnz|hourly,2026-08-17T18:48:05Z,2026-08-17T18:48:05Z,
191.179.68.22,ipv4,malicious-ip,medium,WHITE,ziyadnz/hourly-ipv4,ziyadnz|hourly,2026-08-17T18:48:05Z,2026-08-17T18:48:05Z,
191.180.161.164,ipv4,malicious-ip,medium,WHITE,ziyadnz/hourly-ipv4,ziyadnz|hourly,2026-08-17T18:48:05Z,2026-08-17T18:48:05Z,
191.180.162.93,ipv4,malicious-ip,medium,WHITE,ziyadnz/hourly-ipv4,ziyadnz|hourly,2026-08-17T18:48:05Z,2026-08-17T18:48:05Z,
191.181.8.15,ipv4,malicious-ip,medium,WHITE,ziyadnz/hourly-ipv4,ziyadnz|hourly,2026-08-17T18:48:05Z,2026-08-17T18:48:05Z,
191.182.52.52,ipv4,malicious-ip,medium,WHITE,ziyadnz/hourly-ipv4,ziyadnz|hourly,2026-08-17T18:48:05Z,2026-08-17T18:48:05Z,
191.183.2.69,ipv4,malicious-ip,medium,WHITE,ziyadnz/hourly-ipv4,ziyadnz|hourly,2026-08-17T18:48:05Z,2026-08-17T18:48:05Z,
191.183.3.155,ipv4,malicious-ip,medium,WHITE,ziyadnz/hourly-ipv4,ziyadnz|hourly,2026-08-17T18:48:05Z,2026-08-17T18:48:05Z,
191.183.37.74,ipv4,malicious-ip,medium,WHITE,ziyadnz/hourly-ipv4,ziyadnz|hourly,2026-08-17T18:48:05Z,2026-08-17T18:48:05Z,
191.183.42.144,ipv4,malicious-ip,medium,WHITE,ziyadnz/hourly-ipv4,ziyadnz|hourly,2026-08-17T18:48:05Z,2026-08-17T18:48:05Z,
191.183.43.113,ipv4,malicious-ip,medium,WHITE,ziyadnz/hourly-ipv4,ziyadnz|hourly,2026-08-17T18:48:05Z,2026-08-17T18:48:05Z,
191.183.43.203,ipv4,malicious-ip,medium,WHITE,ziyadnz/hourly-ipv4,ziyadnz|hourly,2026-08-17T18:48:05Z,2026-08-17T18:48:05Z,
191.185.104.52,ipv4,malicious-ip,medium,WHITE,ziyadnz/hourly-ipv4,ziyadnz|hourly,2026-08-17T18:48:05Z,2026-08-17T18:48:05Z,
191.185.130.162,ipv4,malicious-ip,medium,WHITE,ziyadnz/hourly-ipv4,ziyadnz|hourly,2026-08-17T18:48:05Z,2026-08-17T18:48:05Z,
191.185.138.131,ipv4,malicious-ip,medium,WHITE,ziyadnz/hourly-ipv4,ziyadnz|hourly,2026-08-17T18:48:05Z,2026-08-17T18:48:05Z,
191.185.161.98,ipv4,malicious-ip,medium,WHITE,ziyadnz/hourly-ipv4,ziyadnz|hourly,2026-08-17T18:48:05Z,2026-08-17T18:48:05Z,
191.185.174.57,ipv4,malicious-ip,medium,WHITE,ziyadnz/hourly-ipv4,ziyadnz|hourly,2026-08-17T18:48:05Z,2026-08-17T18:48:05Z,
191.185.193.86,ipv4,malicious-ip,medium,WHITE,ziyadnz/hourly-ipv4,ziyadnz|hourly,2026-08-17T18:48:05Z,2026-08-17T18:48:05Z,
191.185.30.13,ipv4,malicious-ip,medium,WHITE,ziyadnz/hourly-ipv4,ziyadnz|hourly,2026-08-17T18:48:05Z,2026-08-17T18:48:05Z,
191.186.255.91,ipv4,malicious-ip,medium,WHITE,ziyadnz/hourly-ipv4,ziyadnz|hourly,2026-08-17T18:48:05Z,2026-08-17T18:48:05Z,
191.186.31.33,ipv4,malicious-ip,medium,WHITE,ziyadnz/hourly-ipv4,ziyadnz|hourly,2026-08-17T18:48:05Z,2026-08-17T18:48:05Z,
191.187.217.231,ipv4,malicious-ip,medium,WHITE,ziyadnz/hourly-ipv4,ziyadnz|hourly,2026-08-17T18:48:05Z,2026-08-17T18:48:05Z,
191.188.139.83,ipv4,malicious-ip,medium,WHITE,ziyadnz/hourly-ipv4,ziyadnz|hourly,2026-08-17T18:48:05Z,2026-08-17T18:48:05Z,
191.188.181.28,ipv4,malicious-ip,medium,WHITE,ziyadnz/hourly-ipv4,ziyadnz|hourly,2026-08-17T18:48:05Z,2026-08-17T18:48:05Z,
191.188.65.194,ipv4,malicious-ip,medium,WHITE,ziyadnz/hourly-ipv4,ziyadnz|hourly,2026-08-17T18:48:05Z,2026-08-17T18:48:05Z,
191.188.65.222,ipv4,malicious-ip,medium,WHITE,ziyadnz/hourly-ipv4,ziyadnz|hourly,2026-08-17T18:48:05Z,2026-08-17T18:48:05Z,
191.189.16.39,ipv4,malicious-ip,medium,WHITE,ziyadnz/hourly-ipv4,ziyadnz|hourly,2026-08-17T18:48:05Z,2026-08-17T18:48:05Z,
191.189.25.154,ipv4,malicious-ip,medium,WHITE,ziyadnz/hourly-ipv4,ziyadnz|hourly,2026-08-17T18:48:05Z,2026-08-17T18:48:05Z,
191.19.89.115,ipv4,malicious-ip,medium,WHITE,ziyadnz/hourly-ipv4,ziyadnz|hourly,2026-08-17T18:48:05Z,2026-08-17T18:48:05Z,
191.190.199.14,ipv4,malicious-ip,medium,WHITE,ziyadnz/hourly-ipv4,ziyadnz|hourly,2026-08-17T18:48:05Z,2026-08-17T18:48:05Z,
191.191.146.31,ipv4,malicious-ip,medium,WHITE,ziyadnz/hourly-ipv4,ziyadnz|hourly,2026-08-17T18:48:05Z,2026-08-17T18:48:05Z,
191.191.146.93,ipv4,malicious-ip,medium,WHITE,ziyadnz/hourly-ipv4,ziyadnz|hourly,2026-08-17T18:48:05Z,2026-08-17T18:48:05Z,
191.191.37.138,ipv4,malicious-ip,medium,WHITE,ziyadnz/hourly-ipv4,ziyadnz|hourly,2026-08-17T18:48:05Z,2026-08-17T18:48:05Z,
191.191.59.96,ipv4,malicious-ip,medium,WHITE,ziyadnz/hourly-ipv4,ziyadnz|hourly,2026-08-17T18:48:05Z,2026-08-17T18:48:05Z,
191.193.157.154,ipv4,malicious-ip,medium,WHITE,ziyadnz/hourly-ipv4,ziyadnz|hourly,2026-08-17T18:48:05Z,2026-08-17T18:48:05Z,
191.197.171.201,ipv4,malicious-ip,medium,WHITE,ziyadnz/hourly-ipv4,ziyadnz|hourly,2026-08-17T18:48:05Z,2026-08-17T18:48:05Z,
191.202.124.50,ipv4,malicious-ip,medium,WHITE,ziyadnz/hourly-ipv4,ziyadnz|hourly,2026-08-17T18:48:05Z,2026-08-17T18:48:05Z,
191.202.66.21,ipv4,malicious-ip,medium,WHITE,ziyadnz/hourly-ipv4,ziyadnz|hourly,2026-08-17T18:48:05Z,2026-08-17T18:48:05Z,
191.202.96.5,ipv4,malicious-ip,medium,WHITE,ziyadnz/hourly-ipv4,ziyadnz|hourly,2026-08-17T18:48:05Z,2026-08-17T18:48:05Z,
191.203.57.26,ipv4,malicious-ip,medium,WHITE,ziyadnz/hourly-ipv4,ziyadnz|hourly,2026-08-17T18:48:05Z,2026-08-17T18:48:05Z,
191.204.174.10,ipv4,malicious-ip,medium,WHITE,ziyadnz/hourly-ipv4,ziyadnz|hourly,2026-08-17T18:48:05Z,2026-08-17T18:48:05Z,
191.205.228.32,ipv4,malicious-ip,medium,WHITE,ziyadnz/hourly-ipv4,ziyadnz|hourly,2026-08-17T18:48:05Z,2026-08-17T18:48:05Z,
191.209.31.253,ipv4,malicious-ip,medium,WHITE,ziyadnz/hourly-ipv4,ziyadnz|hourly,2026-08-17T18:48:05Z,2026-08-17T18:48:05Z,
191.209.40.92,ipv4,malicious-ip,medium,WHITE,ziyadnz/hourly-ipv4,ziyadnz|hourly,2026-08-17T18:48:05Z,2026-08-17T18:48:05Z,
191.209.82.211,ipv4,malicious-ip,medium,WHITE,ziyadnz/hourly-ipv4,ziyadnz|hourly,2026-08-17T18:48:05Z,2026-08-17T18:48:05Z,
191.210.133.134,ipv4,malicious-ip,medium,WHITE,ziyadnz/hourly-ipv4,ziyadnz|hourly,2026-08-17T18:48:05Z,2026-08-17T18:48:05Z,
191.211.169.221,ipv4,malicious-ip,medium,WHITE,ziyadnz/hourly-ipv4,ziyadnz|hourly,2026-08-17T18:48:05Z,2026-08-17T18:48:05Z,
191.218.136.18,ipv4,malicious-ip,medium,WHITE,ziyadnz/hourly-ipv4,ziyadnz|hourly,2026-08-17T18:48:05Z,2026-08-17T18:48:05Z,
191.219.15.251,ipv4,malicious-ip,medium,WHITE,ziyadnz/hourly-ipv4,ziyadnz|hourly,2026-08-17T18:48:05Z,2026-08-17T18:48:05Z,
191.219.245.146,ipv4,malicious-ip,medium,WHITE,ziyadnz/hourly-ipv4,ziyadnz|hourly,2026-08-17T18:48:05Z,2026-08-17T18:48:05Z,
191.223.204.180,ipv4,malicious-ip,medium,WHITE,ziyadnz/hourly-ipv4,ziyadnz|hourly,2026-08-17T18:48:05Z,2026-08-17T18:48:05Z,
191.231.208.128,ipv4,malicious-ip,medium,WHITE,ziyadnz/hourly-ipv4,ziyadnz|hourly,2026-08-17T18:48:05Z,2026-08-17T18:48:05Z,
191.240.104.220,ipv4,malicious-ip,medium,WHITE,ziyadnz/hourly-ipv4,ziyadnz|hourly,2026-08-17T18:48:05Z,2026-08-17T18:48:05Z,
191.240.12.66,ipv4,malicious-ip,medium,WHITE,ziyadnz/hourly-ipv4,ziyadnz|hourly,2026-08-17T18:48:05Z,2026-08-17T18:48:05Z,
191.240.121.156,ipv4,malicious-ip,medium,WHITE,ziyadnz/hourly-ipv4,ziyadnz|hourly,2026-08-17T18:48:05Z,2026-08-17T18:48:05Z,
191.240.129.41,ipv4,malicious-ip,medium,WHITE,ziyadnz/hourly-ipv4,ziyadnz|hourly,2026-08-17T18:48:05Z,2026-08-17T18:48:05Z,
191.240.225.228,ipv4,malicious-ip,medium,WHITE,ziyadnz/hourly-ipv4,ziyadnz|hourly,2026-08-17T18:48:05Z,2026-08-17T18:48:05Z,
191.240.27.79,ipv4,malicious-ip,medium,WHITE,ziyadnz/hourly-ipv4,ziyadnz|hourly,2026-08-17T18:48:05Z,2026-08-17T18:48:05Z,
191.240.36.0,ipv4,malicious-ip,medium,WHITE,ziyadnz/hourly-ipv4,ziyadnz|hourly,2026-08-17T18:48:05Z,2026-08-17T18:48:05Z,
191.240.36.101,ipv4,malicious-ip,medium,WHITE,ziyadnz/hourly-ipv4,ziyadnz|hourly,2026-08-17T18:48:05Z,2026-08-17T18:48:05Z,
191.240.36.102,ipv4,malicious-ip,medium,WHITE,ziyadnz/hourly-ipv4,ziyadnz|hourly,2026-08-17T18:48:05Z,2026-08-17T18:48:05Z,
191.240.36.132,ipv4,malicious-ip,medium,WHITE,ziyadnz/hourly-ipv4,ziyadnz|hourly,2026-08-17T18:48:05Z,2026-08-17T18:48:05Z,
191.240.36.146,ipv4,malicious-ip,medium,WHITE,ziyadnz/hourly-ipv4,ziyadnz|hourly,2026-08-17T18:48:05Z,2026-08-17T18:48:05Z,
191.240.36.246,ipv4,malicious-ip,medium,WHITE,ziyadnz/hourly-ipv4,ziyadnz|hourly,2026-08-17T18:48:05Z,2026-08-17T18:48:05Z,
191.240.36.92,ipv4,malicious-ip,medium,WHITE,ziyadnz/hourly-ipv4,ziyadnz|hourly,2026-08-17T18:48:05Z,2026-08-17T18:48:05Z,
191.240.36.93,ipv4,malicious-ip,medium,WHITE,ziyadnz/hourly-ipv4,ziyadnz|hourly,2026-08-17T18:48:05Z,2026-08-17T18:48:05Z,
191.240.36.95,ipv4,malicious-ip,medium,WHITE,ziyadnz/hourly-ipv4,ziyadnz|hourly,2026-08-17T18:48:05Z,2026-08-17T18:48:05Z,
191.240.36.97,ipv4,malicious-ip,medium,WHITE,ziyadnz/hourly-ipv4,ziyadnz|hourly,2026-08-17T18:48:05Z,2026-08-17T18:48:05Z,
191.240.37.0,ipv4,malicious-ip,medium,WHITE,ziyadnz/hourly-ipv4,ziyadnz|hourly,2026-08-17T18:48:05Z,2026-08-17T18:48:05Z,
191.240.37.10,ipv4,malicious-ip,medium,WHITE,ziyadnz/hourly-ipv4,ziyadnz|hourly,2026-08-17T18:48:05Z,2026-08-17T18:48:05Z,
191.240.37.152,ipv4,malicious-ip,medium,WHITE,ziyadnz/hourly-ipv4,ziyadnz|hourly,2026-08-17T18:48:05Z,2026-08-17T18:48:05Z,
191.240.37.217,ipv4,malicious-ip,medium,WHITE,ziyadnz/hourly-ipv4,ziyadnz|hourly,2026-08-17T18:48:05Z,2026-08-17T18:48:05Z,
191.240.37.22,ipv4,malicious-ip,medium,WHITE,ziyadnz/hourly-ipv4,ziyadnz|hourly,2026-08-17T18:48:05Z,2026-08-17T18:48:05Z,
191.240.37.24,ipv4,malicious-ip,medium,WHITE,ziyadnz/hourly-ipv4,ziyadnz|hourly,2026-08-17T18:48:05Z,2026-08-17T18:48:05Z,
191.240.37.29,ipv4,malicious-ip,medium,WHITE,ziyadnz/hourly-ipv4,ziyadnz|hourly,2026-08-17T18:48:05Z,2026-08-17T18:48:05Z,
191.240.37.47,ipv4,malicious-ip,medium,WHITE,ziyadnz/hourly-ipv4,ziyadnz|hourly,2026-08-17T18:48:05Z,2026-08-17T18:48:05Z,
191.240.37.49,ipv4,malicious-ip,medium,WHITE,ziyadnz/hourly-ipv4,ziyadnz|hourly,2026-08-17T18:48:05Z,2026-08-17T18:48:05Z,
191.240.37.91,ipv4,malicious-ip,medium,WHITE,ziyadnz/hourly-ipv4,ziyadnz|hourly,2026-08-17T18:48:05Z,2026-08-17T18:48:05Z,
191.240.87.222,ipv4,malicious-ip,medium,WHITE,ziyadnz/hourly-ipv4,ziyadnz|hourly,2026-08-17T18:48:05Z,2026-08-17T18:48:05Z,
191.240.96.0,ipv4,malicious-ip,medium,WHITE,ziyadnz/hourly-ipv4,ziyadnz|hourly,2026-08-17T18:48:05Z,2026-08-17T18:48:05Z,
191.240.96.12,ipv4,malicious-ip,medium,WHITE,ziyadnz/hourly-ipv4,ziyadnz|hourly,2026-08-17T18:48:05Z,2026-08-17T18:48:05Z,
191.240.96.152,ipv4,malicious-ip,medium,WHITE,ziyadnz/hourly-ipv4,ziyadnz|hourly,2026-08-17T18:48:05Z,2026-08-17T18:48:05Z,
191.240.96.162,ipv4,malicious-ip,medium,WHITE,ziyadnz/hourly-ipv4,ziyadnz|hourly,2026-08-17T18:48:05Z,2026-08-17T18:48:05Z,
191.240.96.172,ipv4,malicious-ip,medium,WHITE,ziyadnz/hourly-ipv4,ziyadnz|hourly,2026-08-17T18:48:05Z,2026-08-17T18:48:05Z,
191.240.96.23,ipv4,malicious-ip,medium,WHITE,ziyadnz/hourly-ipv4,ziyadnz|hourly,2026-08-17T18:48:05Z,2026-08-17T18:48:05Z,
191.240.96.62,ipv4,malicious-ip,medium,WHITE,ziyadnz/hourly-ipv4,ziyadnz|hourly,2026-08-17T18:48:05Z,2026-08-17T18:48:05Z,
191.240.96.76,ipv4,malicious-ip,medium,WHITE,ziyadnz/hourly-ipv4,ziyadnz|hourly,2026-08-17T18:48:05Z,2026-08-17T18:48:05Z,
191.240.96.8,ipv4,malicious-ip,medium,WHITE,ziyadnz/hourly-ipv4,ziyadnz|hourly,2026-08-17T18:48:05Z,2026-08-17T18:48:05Z,
191.240.96.85,ipv4,malicious-ip,medium,WHITE,ziyadnz/hourly-ipv4,ziyadnz|hourly,2026-08-17T18:48:05Z,2026-08-17T18:48:05Z,
191.241.190.218,ipv4,malicious-ip,medium,WHITE,ziyadnz/hourly-ipv4,ziyadnz|hourly,2026-08-17T18:48:05Z,2026-08-17T18:48:05Z,
191.241.5.245,ipv4,malicious-ip,medium,WHITE,ziyadnz/hourly-ipv4,ziyadnz|hourly,2026-08-17T18:48:05Z,2026-08-17T18:48:05Z,
191.241.61.247,ipv4,malicious-ip,medium,WHITE,ziyadnz/hourly-ipv4,ziyadnz|hourly,2026-08-17T18:48:05Z,2026-08-17T18:48:05Z,
191.241.61.26,ipv4,malicious-ip,medium,WHITE,ziyadnz/hourly-ipv4,ziyadnz|hourly,2026-08-17T18:48:05Z,2026-08-17T18:48:05Z,
191.242.112.70,ipv4,malicious-ip,medium,WHITE,ziyadnz/hourly-ipv4,ziyadnz|hourly,2026-08-17T18:48:05Z,2026-08-17T18:48:05Z,
191.242.114.104,ipv4,malicious-ip,medium,WHITE,ziyadnz/hourly-ipv4,ziyadnz|hourly,2026-08-17T18:48:05Z,2026-08-17T18:48:05Z,
191.242.194.126,ipv4,malicious-ip,medium,WHITE,ziyadnz/hourly-ipv4,ziyadnz|hourly,2026-08-17T18:48:05Z,2026-08-17T18:48:05Z,
191.242.219.15,ipv4,malicious-ip,medium,WHITE,ziyadnz/hourly-ipv4,ziyadnz|hourly,2026-08-17T18:48:05Z,2026-08-17T18:48:05Z,
191.242.74.80,ipv4,malicious-ip,medium,WHITE,ziyadnz/hourly-ipv4,ziyadnz|hourly,2026-08-17T18:48:05Z,2026-08-17T18:48:05Z,
191.242.78.19,ipv4,malicious-ip,medium,WHITE,ziyadnz/hourly-ipv4,ziyadnz|hourly,2026-08-17T18:48:05Z,2026-08-17T18:48:05Z,
191.242.78.49,ipv4,malicious-ip,medium,WHITE,ziyadnz/hourly-ipv4,ziyadnz|hourly,2026-08-17T18:48:05Z,2026-08-17T18:48:05Z,
191.242.97.76,ipv4,malicious-ip,medium,WHITE,ziyadnz/hourly-ipv4,ziyadnz|hourly,2026-08-17T18:48:05Z,2026-08-17T18:48:05Z,
191.243.129.204,ipv4,malicious-ip,medium,WHITE,ziyadnz/hourly-ipv4,ziyadnz|hourly,2026-08-17T18:48:05Z,2026-08-17T18:48:05Z,
191.243.135.254,ipv4,malicious-ip,medium,WHITE,ziyadnz/hourly-ipv4,ziyadnz|hourly,2026-08-17T18:48:05Z,2026-08-17T18:48:05Z,
191.243.143.53,ipv4,malicious-ip,medium,WHITE,ziyadnz/hourly-ipv4,ziyadnz|hourly,2026-08-17T18:48:05Z,2026-08-17T18:48:05Z,
191.243.172.246,ipv4,malicious-ip,medium,WHITE,ziyadnz/hourly-ipv4,ziyadnz|hourly,2026-08-17T18:48:05Z,2026-08-17T18:48:05Z,
191.243.173.10,ipv4,malicious-ip,medium,WHITE,ziyadnz/hourly-ipv4,ziyadnz|hourly,2026-08-17T18:48:05Z,2026-08-17T18:48:05Z,
191.243.183.144,ipv4,malicious-ip,medium,WHITE,ziyadnz/hourly-ipv4,ziyadnz|hourly,2026-08-17T18:48:05Z,2026-08-17T18:48:05Z,
191.243.191.230,ipv4,malicious-ip,medium,WHITE,ziyadnz/hourly-ipv4,ziyadnz|hourly,2026-08-17T18:48:05Z,2026-08-17T18:48:05Z,
191.243.38.183,ipv4,malicious-ip,medium,WHITE,ziyadnz/hourly-ipv4,ziyadnz|hourly,2026-08-17T18:48:05Z,2026-08-17T18:48:05Z,
191.243.38.252,ipv4,malicious-ip,medium,WHITE,ziyadnz/hourly-ipv4,ziyadnz|hourly,2026-08-17T18:48:05Z,2026-08-17T18:48:05Z,
191.243.6.95,ipv4,malicious-ip,medium,WHITE,ziyadnz/hourly-ipv4,ziyadnz|hourly,2026-08-17T18:48:05Z,2026-08-17T18:48:05Z,
191.248.69.210,ipv4,malicious-ip,medium,WHITE,ziyadnz/hourly-ipv4,ziyadnz|hourly,2026-08-17T18:48:05Z,2026-08-17T18:48:05Z,
191.25.230.112,ipv4,malicious-ip,medium,WHITE,ziyadnz/hourly-ipv4,ziyadnz|hourly,2026-08-17T18:48:05Z,2026-08-17T18:48:05Z,
191.250.100.102,ipv4,malicious-ip,medium,WHITE,ziyadnz/hourly-ipv4,ziyadnz|hourly,2026-08-17T18:48:05Z,2026-08-17T18:48:05Z,
191.250.101.249,ipv4,malicious-ip,medium,WHITE,ziyadnz/hourly-ipv4,ziyadnz|hourly,2026-08-17T18:48:05Z,2026-08-17T18:48:05Z,
191.250.170.204,ipv4,malicious-ip,medium,WHITE,ziyadnz/hourly-ipv4,ziyadnz|hourly,2026-08-17T18:48:05Z,2026-08-17T18:48:05Z,
191.250.96.71,ipv4,malicious-ip,medium,WHITE,ziyadnz/hourly-ipv4,ziyadnz|hourly,2026-08-17T18:48:05Z,2026-08-17T18:48:05Z,
191.252.93.30,ipv4,malicious-ip,medium,WHITE,ziyadnz/hourly-ipv4,ziyadnz|hourly,2026-08-17T18:48:05Z,2026-08-17T18:48:05Z,
191.253.105.30,ipv4,malicious-ip,medium,WHITE,ziyadnz/hourly-ipv4,ziyadnz|hourly,2026-08-17T18:48:05Z,2026-08-17T18:48:05Z,
191.253.105.84,ipv4,malicious-ip,medium,WHITE,ziyadnz/hourly-ipv4,ziyadnz|hourly,2026-08-17T18:48:05Z,2026-08-17T18:48:05Z,
191.253.40.227,ipv4,malicious-ip,medium,WHITE,ziyadnz/hourly-ipv4,ziyadnz|hourly,2026-08-17T18:48:05Z,2026-08-17T18:48:05Z,
191.253.40.247,ipv4,malicious-ip,medium,WHITE,ziyadnz/hourly-ipv4,ziyadnz|hourly,2026-08-17T18:48:05Z,2026-08-17T18:48:05Z,
191.253.40.251,ipv4,malicious-ip,medium,WHITE,ziyadnz/hourly-ipv4,ziyadnz|hourly,2026-08-17T18:48:05Z,2026-08-17T18:48:05Z,
191.253.41.230,ipv4,malicious-ip,medium,WHITE,ziyadnz/hourly-ipv4,ziyadnz|hourly,2026-08-17T18:48:05Z,2026-08-17T18:48:05Z,
191.253.66.66,ipv4,malicious-ip,medium,WHITE,ziyadnz/hourly-ipv4,ziyadnz|hourly,2026-08-17T18:48:05Z,2026-08-17T18:48:05Z,
191.253.7.46,ipv4,malicious-ip,medium,WHITE,ziyadnz/hourly-ipv4,ziyadnz|hourly,2026-08-17T18:48:05Z,2026-08-17T18:48:05Z,
191.254.0.204,ipv4,malicious-ip,medium,WHITE,ziyadnz/hourly-ipv4,ziyadnz|hourly,2026-08-17T18:48:05Z,2026-08-17T18:48:05Z,
191.254.135.7,ipv4,malicious-ip,medium,WHITE,ziyadnz/hourly-ipv4,ziyadnz|hourly,2026-08-17T18:48:05Z,2026-08-17T18:48:05Z,
191.255.52.36,ipv4,malicious-ip,medium,WHITE,ziyadnz/hourly-ipv4,ziyadnz|hourly,2026-08-17T18:48:05Z,2026-08-17T18:48:05Z,
191.255.9.194,ipv4,malicious-ip,medium,WHITE,ziyadnz/hourly-ipv4,ziyadnz|hourly,2026-08-17T18:48:05Z,2026-08-17T18:48:05Z,
191.26.95.2,ipv4,malicious-ip,medium,WHITE,ziyadnz/hourly-ipv4,ziyadnz|hourly,2026-08-17T18:48:05Z,2026-08-17T18:48:05Z,
191.30.157.170,ipv4,malicious-ip,medium,WHITE,ziyadnz/hourly-ipv4,ziyadnz|hourly,2026-08-17T18:48:05Z,2026-08-17T18:48:05Z,
191.31.139.21,ipv4,malicious-ip,medium,WHITE,ziyadnz/hourly-ipv4,ziyadnz|hourly,2026-08-17T18:48:05Z,2026-08-17T18:48:05Z,
191.31.165.82,ipv4,malicious-ip,medium,WHITE,ziyadnz/hourly-ipv4,ziyadnz|hourly,2026-08-17T18:48:05Z,2026-08-17T18:48:05Z,
191.32.154.251,ipv4,malicious-ip,medium,WHITE,ziyadnz/hourly-ipv4,ziyadnz|hourly,2026-08-17T18:48:05Z,2026-08-17T18:48:05Z,
191.32.245.243,ipv4,malicious-ip,medium,WHITE,ziyadnz/hourly-ipv4,ziyadnz|hourly,2026-08-17T18:48:05Z,2026-08-17T18:48:05Z,
191.34.117.30,ipv4,malicious-ip,medium,WHITE,ziyadnz/hourly-ipv4,ziyadnz|hourly,2026-08-17T18:48:05Z,2026-08-17T18:48:05Z,
191.34.181.16,ipv4,malicious-ip,medium,WHITE,ziyadnz/hourly-ipv4,ziyadnz|hourly,2026-08-17T18:48:05Z,2026-08-17T18:48:05Z,
191.34.223.254,ipv4,malicious-ip,medium,WHITE,ziyadnz/hourly-ipv4,ziyadnz|hourly,2026-08-17T18:48:05Z,2026-08-17T18:48:05Z,
191.35.128.134,ipv4,malicious-ip,medium,WHITE,ziyadnz/hourly-ipv4,ziyadnz|hourly,2026-08-17T18:48:05Z,2026-08-17T18:48:05Z,
191.36.140.113,ipv4,malicious-ip,medium,WHITE,ziyadnz/hourly-ipv4,ziyadnz|hourly,2026-08-17T18:48:05Z,2026-08-17T18:48:05Z,
191.36.152.28,ipv4,malicious-ip,medium,WHITE,ziyadnz/hourly-ipv4,ziyadnz|hourly,2026-08-17T18:48:05Z,2026-08-17T18:48:05Z,
191.36.154.175,ipv4,malicious-ip,medium,WHITE,ziyadnz/hourly-ipv4,ziyadnz|hourly,2026-08-17T18:48:05Z,2026-08-17T18:48:05Z,
191.36.186.76,ipv4,malicious-ip,medium,WHITE,ziyadnz/hourly-ipv4,ziyadnz|hourly,2026-08-17T18:48:05Z,2026-08-17T18:48:05Z,
191.36.201.20,ipv4,malicious-ip,medium,WHITE,ziyadnz/hourly-ipv4,ziyadnz|hourly,2026-08-17T18:48:05Z,2026-08-17T18:48:05Z,
191.36.234.246,ipv4,malicious-ip,medium,WHITE,ziyadnz/hourly-ipv4,ziyadnz|hourly,2026-08-17T18:48:05Z,2026-08-17T18:48:05Z,
191.37.11.63,ipv4,malicious-ip,medium,WHITE,ziyadnz/hourly-ipv4,ziyadnz|hourly,2026-08-17T18:48:05Z,2026-08-17T18:48:05Z,
191.37.11.88,ipv4,malicious-ip,medium,WHITE,ziyadnz/hourly-ipv4,ziyadnz|hourly,2026-08-17T18:48:05Z,2026-08-17T18:48:05Z,
191.37.13.108,ipv4,malicious-ip,medium,WHITE,ziyadnz/hourly-ipv4,ziyadnz|hourly,2026-08-17T18:48:05Z,2026-08-17T18:48:05Z,
191.37.140.33,ipv4,malicious-ip,medium,WHITE,ziyadnz/hourly-ipv4,ziyadnz|hourly,2026-08-17T18:48:05Z,2026-08-17T18:48:05Z,
191.37.188.195,ipv4,malicious-ip,medium,WHITE,ziyadnz/hourly-ipv4,ziyadnz|hourly,2026-08-17T18:48:05Z,2026-08-17T18:48:05Z,
191.37.2.211,ipv4,malicious-ip,medium,WHITE,ziyadnz/hourly-ipv4,ziyadnz|hourly,2026-08-17T18:48:05Z,2026-08-17T18:48:05Z,
191.37.203.87,ipv4,malicious-ip,medium,WHITE,ziyadnz/hourly-ipv4,ziyadnz|hourly,2026-08-17T18:48:05Z,2026-08-17T18:48:05Z,
191.37.35.162,ipv4,malicious-ip,medium,WHITE,ziyadnz/hourly-ipv4,ziyadnz|hourly,2026-08-17T18:48:05Z,2026-08-17T18:48:05Z,
191.37.36.12,ipv4,malicious-ip,medium,WHITE,ziyadnz/hourly-ipv4,ziyadnz|hourly,2026-08-17T18:48:05Z,2026-08-17T18:48:05Z,
191.37.5.23,ipv4,malicious-ip,medium,WHITE,ziyadnz/hourly-ipv4,ziyadnz|hourly,2026-08-17T18:48:05Z,2026-08-17T18:48:05Z,
191.37.55.233,ipv4,malicious-ip,medium,WHITE,ziyadnz/hourly-ipv4,ziyadnz|hourly,2026-08-17T18:48:05Z,2026-08-17T18:48:05Z,
191.37.61.242,ipv4,malicious-ip,medium,WHITE,ziyadnz/hourly-ipv4,ziyadnz|hourly,2026-08-17T18:48:05Z,2026-08-17T18:48:05Z,
191.37.77.10,ipv4,malicious-ip,medium,WHITE,ziyadnz/hourly-ipv4,ziyadnz|hourly,2026-08-17T18:48:05Z,2026-08-17T18:48:05Z,
191.37.83.194,ipv4,malicious-ip,medium,WHITE,ziyadnz/hourly-ipv4,ziyadnz|hourly,2026-08-17T18:48:05Z,2026-08-17T18:48:05Z,
191.37.89.180,ipv4,malicious-ip,medium,WHITE,ziyadnz/hourly-ipv4,ziyadnz|hourly,2026-08-17T18:48:05Z,2026-08-17T18:48:05Z,
191.37.89.187,ipv4,malicious-ip,medium,WHITE,ziyadnz/hourly-ipv4,ziyadnz|hourly,2026-08-17T18:48:05Z,2026-08-17T18:48:05Z,
191.37.93.111,ipv4,malicious-ip,medium,WHITE,ziyadnz/hourly-ipv4,ziyadnz|hourly,2026-08-17T18:48:05Z,2026-08-17T18:48:05Z,
191.41.238.241,ipv4,malicious-ip,medium,WHITE,ziyadnz/hourly-ipv4,ziyadnz|hourly,2026-08-17T18:48:05Z,2026-08-17T18:48:05Z,
191.42.174.7,ipv4,malicious-ip,medium,WHITE,ziyadnz/hourly-ipv4,ziyadnz|hourly,2026-08-17T18:48:05Z,2026-08-17T18:48:05Z,
191.44.118.236,ipv4,malicious-ip,medium,WHITE,ziyadnz/hourly-ipv4,ziyadnz|hourly,2026-08-17T18:48:05Z,2026-08-17T18:48:05Z,
191.44.125.42,ipv4,malicious-ip,medium,WHITE,ziyadnz/hourly-ipv4,ziyadnz|hourly,2026-08-17T18:48:05Z,2026-08-17T18:48:05Z,
191.44.125.54,ipv4,malicious-ip,medium,WHITE,ziyadnz/hourly-ipv4,ziyadnz|hourly,2026-08-17T18:48:05Z,2026-08-17T18:48:05Z,
191.5.104.129,ipv4,malicious-ip,medium,WHITE,ziyadnz/hourly-ipv4,ziyadnz|hourly,2026-08-17T18:48:05Z,2026-08-17T18:48:05Z,
191.5.105.118,ipv4,malicious-ip,medium,WHITE,ziyadnz/hourly-ipv4,ziyadnz|hourly,2026-08-17T18:48:05Z,2026-08-17T18:48:05Z,
191.5.115.178,ipv4,malicious-ip,medium,WHITE,ziyadnz/hourly-ipv4,ziyadnz|hourly,2026-08-17T18:48:05Z,2026-08-17T18:48:05Z,
191.5.119.170,ipv4,malicious-ip,medium,WHITE,ziyadnz/hourly-ipv4,ziyadnz|hourly,2026-08-17T18:48:05Z,2026-08-17T18:48:05Z,
191.5.170.47,ipv4,malicious-ip,medium,WHITE,ziyadnz/hourly-ipv4,ziyadnz|hourly,2026-08-17T18:48:05Z,2026-08-17T18:48:05Z,
191.5.175.175,ipv4,malicious-ip,medium,WHITE,ziyadnz/hourly-ipv4,ziyadnz|hourly,2026-08-17T18:48:05Z,2026-08-17T18:48:05Z,
191.5.176.122,ipv4,malicious-ip,medium,WHITE,ziyadnz/hourly-ipv4,ziyadnz|hourly,2026-08-17T18:48:05Z,2026-08-17T18:48:05Z,
191.5.219.4,ipv4,malicious-ip,medium,WHITE,ziyadnz/hourly-ipv4,ziyadnz|hourly,2026-08-17T18:48:05Z,2026-08-17T18:48:05Z,
191.5.241.8,ipv4,malicious-ip,medium,WHITE,ziyadnz/hourly-ipv4,ziyadnz|hourly,2026-08-17T18:48:05Z,2026-08-17T18:48:05Z,
191.5.31.61,ipv4,malicious-ip,medium,WHITE,ziyadnz/hourly-ipv4,ziyadnz|hourly,2026-08-17T18:48:05Z,2026-08-17T18:48:05Z,
191.5.37.51,ipv4,malicious-ip,medium,WHITE,ziyadnz/hourly-ipv4,ziyadnz|hourly,2026-08-17T18:48:05Z,2026-08-17T18:48:05Z,
191.5.42.8,ipv4,malicious-ip,medium,WHITE,ziyadnz/hourly-ipv4,ziyadnz|hourly,2026-08-17T18:48:05Z,2026-08-17T18:48:05Z,
191.5.52.131,ipv4,malicious-ip,medium,WHITE,ziyadnz/hourly-ipv4,ziyadnz|hourly,2026-08-17T18:48:05Z,2026-08-17T18:48:05Z,
191.52.219.128,ipv4,malicious-ip,medium,WHITE,ziyadnz/hourly-ipv4,ziyadnz|hourly,2026-08-17T18:48:05Z,2026-08-17T18:48:05Z,
191.52.219.202,ipv4,malicious-ip,medium,WHITE,ziyadnz/hourly-ipv4,ziyadnz|hourly,2026-08-17T18:48:05Z,2026-08-17T18:48:05Z,
191.52.249.154,ipv4,malicious-ip,medium,WHITE,ziyadnz/hourly-ipv4,ziyadnz|hourly,2026-08-17T18:48:05Z,2026-08-17T18:48:05Z,
191.53.10.100,ipv4,malicious-ip,medium,WHITE,ziyadnz/hourly-ipv4,ziyadnz|hourly,2026-08-17T18:48:05Z,2026-08-17T18:48:05Z,
191.53.10.95,ipv4,malicious-ip,medium,WHITE,ziyadnz/hourly-ipv4,ziyadnz|hourly,2026-08-17T18:48:05Z,2026-08-17T18:48:05Z,
191.53.104.24,ipv4,malicious-ip,medium,WHITE,ziyadnz/hourly-ipv4,ziyadnz|hourly,2026-08-17T18:48:05Z,2026-08-17T18:48:05Z,
191.53.107.243,ipv4,malicious-ip,medium,WHITE,ziyadnz/hourly-ipv4,ziyadnz|hourly,2026-08-17T18:48:05Z,2026-08-17T18:48:05Z,
191.53.107.247,ipv4,malicious-ip,medium,WHITE,ziyadnz/hourly-ipv4,ziyadnz|hourly,2026-08-17T18:48:05Z,2026-08-17T18:48:05Z,
191.53.107.252,ipv4,malicious-ip,medium,WHITE,ziyadnz/hourly-ipv4,ziyadnz|hourly,2026-08-17T18:48:05Z,2026-08-17T18:48:05Z,
191.53.107.253,ipv4,malicious-ip,medium,WHITE,ziyadnz/hourly-ipv4,ziyadnz|hourly,2026-08-17T18:48:05Z,2026-08-17T18:48:05Z,
191.53.11.160,ipv4,malicious-ip,medium,WHITE,ziyadnz/hourly-ipv4,ziyadnz|hourly,2026-08-17T18:48:05Z,2026-08-17T18:48:05Z,
191.53.11.205,ipv4,malicious-ip,medium,WHITE,ziyadnz/hourly-ipv4,ziyadnz|hourly,2026-08-17T18:48:05Z,2026-08-17T18:48:05Z,
191.53.11.54,ipv4,malicious-ip,medium,WHITE,ziyadnz/hourly-ipv4,ziyadnz|hourly,2026-08-17T18:48:05Z,2026-08-17T18:48:05Z,
191.53.12.100,ipv4,malicious-ip,medium,WHITE,ziyadnz/hourly-ipv4,ziyadnz|hourly,2026-08-17T18:48:05Z,2026-08-17T18:48:05Z,
191.53.12.107,ipv4,malicious-ip,medium,WHITE,ziyadnz/hourly-ipv4,ziyadnz|hourly,2026-08-17T18:48:05Z,2026-08-17T18:48:05Z,
191.53.12.133,ipv4,malicious-ip,medium,WHITE,ziyadnz/hourly-ipv4,ziyadnz|hourly,2026-08-17T18:48:05Z,2026-08-17T18:48:05Z,
191.53.12.68,ipv4,malicious-ip,medium,WHITE,ziyadnz/hourly-ipv4,ziyadnz|hourly,2026-08-17T18:48:05Z,2026-08-17T18:48:05Z,
191.53.12.84,ipv4,malicious-ip,medium,WHITE,ziyadnz/hourly-ipv4,ziyadnz|hourly,2026-08-17T18:48:05Z,2026-08-17T18:48:05Z,
191.53.120.102,ipv4,malicious-ip,medium,WHITE,ziyadnz/hourly-ipv4,ziyadnz|hourly,2026-08-17T18:48:05Z,2026-08-17T18:48:05Z,
191.53.120.126,ipv4,malicious-ip,medium,WHITE,ziyadnz/hourly-ipv4,ziyadnz|hourly,2026-08-17T18:48:05Z,2026-08-17T18:48:05Z,
191.53.128.173,ipv4,malicious-ip,medium,WHITE,ziyadnz/hourly-ipv4,ziyadnz|hourly,2026-08-17T18:48:05Z,2026-08-17T18:48:05Z,
191.53.128.227,ipv4,malicious-ip,medium,WHITE,ziyadnz/hourly-ipv4,ziyadnz|hourly,2026-08-17T18:48:05Z,2026-08-17T18:48:05Z,
191.53.128.251,ipv4,malicious-ip,medium,WHITE,ziyadnz/hourly-ipv4,ziyadnz|hourly,2026-08-17T18:48:05Z,2026-08-17T18:48:05Z,
191.53.129.10,ipv4,malicious-ip,medium,WHITE,ziyadnz/hourly-ipv4,ziyadnz|hourly,2026-08-17T18:48:05Z,2026-08-17T18:48:05Z,
191.53.13.147,ipv4,malicious-ip,medium,WHITE,ziyadnz/hourly-ipv4,ziyadnz|hourly,2026-08-17T18:48:05Z,2026-08-17T18:48:05Z,
191.53.13.8,ipv4,malicious-ip,medium,WHITE,ziyadnz/hourly-ipv4,ziyadnz|hourly,2026-08-17T18:48:05Z,2026-08-17T18:48:05Z,
191.53.14.4,ipv4,malicious-ip,medium,WHITE,ziyadnz/hourly-ipv4,ziyadnz|hourly,2026-08-17T18:48:05Z,2026-08-17T18:48:05Z,
191.53.14.47,ipv4,malicious-ip,medium,WHITE,ziyadnz/hourly-ipv4,ziyadnz|hourly,2026-08-17T18:48:05Z,2026-08-17T18:48:05Z,
191.53.16.231,ipv4,malicious-ip,medium,WHITE,ziyadnz/hourly-ipv4,ziyadnz|hourly,2026-08-17T18:48:05Z,2026-08-17T18:48:05Z,
191.53.179.133,ipv4,malicious-ip,medium,WHITE,ziyadnz/hourly-ipv4,ziyadnz|hourly,2026-08-17T18:48:05Z,2026-08-17T18:48:05Z,
191.53.18.0,ipv4,malicious-ip,medium,WHITE,ziyadnz/hourly-ipv4,ziyadnz|hourly,2026-08-17T18:48:05Z,2026-08-17T18:48:05Z,
191.53.18.10,ipv4,malicious-ip,medium,WHITE,ziyadnz/hourly-ipv4,ziyadnz|hourly,2026-08-17T18:48:05Z,2026-08-17T18:48:05Z,
191.53.18.149,ipv4,malicious-ip,medium,WHITE,ziyadnz/hourly-ipv4,ziyadnz|hourly,2026-08-17T18:48:05Z,2026-08-17T18:48:05Z,
191.53.18.15,ipv4,malicious-ip,medium,WHITE,ziyadnz/hourly-ipv4,ziyadnz|hourly,2026-08-17T18:48:05Z,2026-08-17T18:48:05Z,
191.53.18.202,ipv4,malicious-ip,medium,WHITE,ziyadnz/hourly-ipv4,ziyadnz|hourly,2026-08-17T18:48:05Z,2026-08-17T18:48:05Z,
191.53.18.223,ipv4,malicious-ip,medium,WHITE,ziyadnz/hourly-ipv4,ziyadnz|hourly,2026-08-17T18:48:05Z,2026-08-17T18:48:05Z,
191.53.18.36,ipv4,malicious-ip,medium,WHITE,ziyadnz/hourly-ipv4,ziyadnz|hourly,2026-08-17T18:48:05Z,2026-08-17T18:48:05Z,
191.53.18.79,ipv4,malicious-ip,medium,WHITE,ziyadnz/hourly-ipv4,ziyadnz|hourly,2026-08-17T18:48:05Z,2026-08-17T18:48:05Z,
191.53.18.8,ipv4,malicious-ip,medium,WHITE,ziyadnz/hourly-ipv4,ziyadnz|hourly,2026-08-17T18:48:05Z,2026-08-17T18:48:05Z,
191.53.181.252,ipv4,malicious-ip,medium,WHITE,ziyadnz/hourly-ipv4,ziyadnz|hourly,2026-08-17T18:48:05Z,2026-08-17T18:48:05Z,
191.53.184.25,ipv4,malicious-ip,medium,WHITE,ziyadnz/hourly-ipv4,ziyadnz|hourly,2026-08-17T18:48:05Z,2026-08-17T18:48:05Z,
191.53.185.163,ipv4,malicious-ip,medium,WHITE,ziyadnz/hourly-ipv4,ziyadnz|hourly,2026-08-17T18:48:05Z,2026-08-17T18:48:05Z,
191.53.19.0,ipv4,malicious-ip,medium,WHITE,ziyadnz/hourly-ipv4,ziyadnz|hourly,2026-08-17T18:48:05Z,2026-08-17T18:48:05Z,
191.53.19.147,ipv4,malicious-ip,medium,WHITE,ziyadnz/hourly-ipv4,ziyadnz|hourly,2026-08-17T18:48:05Z,2026-08-17T18:48:05Z,
191.53.19.21,ipv4,malicious-ip,medium,WHITE,ziyadnz/hourly-ipv4,ziyadnz|hourly,2026-08-17T18:48:05Z,2026-08-17T18:48:05Z,
191.53.19.43,ipv4,malicious-ip,medium,WHITE,ziyadnz/hourly-ipv4,ziyadnz|hourly,2026-08-17T18:48:05Z,2026-08-17T18:48:05Z,
191.53.19.95,ipv4,malicious-ip,medium,WHITE,ziyadnz/hourly-ipv4,ziyadnz|hourly,2026-08-17T18:48:05Z,2026-08-17T18:48:05Z,
191.53.231.178,ipv4,malicious-ip,medium,WHITE,ziyadnz/hourly-ipv4,ziyadnz|hourly,2026-08-17T18:48:05Z,2026-08-17T18:48:05Z,
191.53.25.254,ipv4,malicious-ip,medium,WHITE,ziyadnz/hourly-ipv4,ziyadnz|hourly,2026-08-17T18:48:05Z,2026-08-17T18:48:05Z,
191.53.8.210,ipv4,malicious-ip,medium,WHITE,ziyadnz/hourly-ipv4,ziyadnz|hourly,2026-08-17T18:48:05Z,2026-08-17T18:48:05Z,
191.53.8.221,ipv4,malicious-ip,medium,WHITE,ziyadnz/hourly-ipv4,ziyadnz|hourly,2026-08-17T18:48:05Z,2026-08-17T18:48:05Z,
191.53.8.238,ipv4,malicious-ip,medium,WHITE,ziyadnz/hourly-ipv4,ziyadnz|hourly,2026-08-17T18:48:05Z,2026-08-17T18:48:05Z,
191.53.8.254,ipv4,malicious-ip,medium,WHITE,ziyadnz/hourly-ipv4,ziyadnz|hourly,2026-08-17T18:48:05Z,2026-08-17T18:48:05Z,
191.53.9.0,ipv4,malicious-ip,medium,WHITE,ziyadnz/hourly-ipv4,ziyadnz|hourly,2026-08-17T18:48:05Z,2026-08-17T18:48:05Z,
191.53.9.1,ipv4,malicious-ip,medium,WHITE,ziyadnz/hourly-ipv4,ziyadnz|hourly,2026-08-17T18:48:05Z,2026-08-17T18:48:05Z,
191.53.9.112,ipv4,malicious-ip,medium,WHITE,ziyadnz/hourly-ipv4,ziyadnz|hourly,2026-08-17T18:48:05Z,2026-08-17T18:48:05Z,
191.53.9.130,ipv4,malicious-ip,medium,WHITE,ziyadnz/hourly-ipv4,ziyadnz|hourly,2026-08-17T18:48:05Z,2026-08-17T18:48:05Z,
191.53.9.177,ipv4,malicious-ip,medium,WHITE,ziyadnz/hourly-ipv4,ziyadnz|hourly,2026-08-17T18:48:05Z,2026-08-17T18:48:05Z,
191.53.9.22,ipv4,malicious-ip,medium,WHITE,ziyadnz/hourly-ipv4,ziyadnz|hourly,2026-08-17T18:48:05Z,2026-08-17T18:48:05Z,
191.53.9.35,ipv4,malicious-ip,medium,WHITE,ziyadnz/hourly-ipv4,ziyadnz|hourly,2026-08-17T18:48:05Z,2026-08-17T18:48:05Z,
191.53.9.51,ipv4,malicious-ip,medium,WHITE,ziyadnz/hourly-ipv4,ziyadnz|hourly,2026-08-17T18:48:05Z,2026-08-17T18:48:05Z,
191.53.9.59,ipv4,malicious-ip,medium,WHITE,ziyadnz/hourly-ipv4,ziyadnz|hourly,2026-08-17T18:48:05Z,2026-08-17T18:48:05Z,
191.53.9.9,ipv4,malicious-ip,medium,WHITE,ziyadnz/hourly-ipv4,ziyadnz|hourly,2026-08-17T18:48:05Z,2026-08-17T18:48:05Z,
191.53.95.218,ipv4,malicious-ip,medium,WHITE,ziyadnz/hourly-ipv4,ziyadnz|hourly,2026-08-17T18:48:05Z,2026-08-17T18:48:05Z,
191.54.34.127,ipv4,malicious-ip,medium,WHITE,ziyadnz/hourly-ipv4,ziyadnz|hourly,2026-08-17T18:48:05Z,2026-08-17T18:48:05Z,
191.54.82.124,ipv4,malicious-ip,medium,WHITE,ziyadnz/hourly-ipv4,ziyadnz|hourly,2026-08-17T18:48:05Z,2026-08-17T18:48:05Z,
191.54.85.127,ipv4,malicious-ip,medium,WHITE,ziyadnz/hourly-ipv4,ziyadnz|hourly,2026-08-17T18:48:05Z,2026-08-17T18:48:05Z,
191.55.48.166,ipv4,malicious-ip,medium,WHITE,ziyadnz/hourly-ipv4,ziyadnz|hourly,2026-08-17T18:48:05Z,2026-08-17T18:48:05Z,
191.6.0.43,ipv4,malicious-ip,medium,WHITE,ziyadnz/hourly-ipv4,ziyadnz|hourly,2026-08-17T18:48:05Z,2026-08-17T18:48:05Z,
191.6.0.78,ipv4,malicious-ip,medium,WHITE,ziyadnz/hourly-ipv4,ziyadnz|hourly,2026-08-17T18:48:05Z,2026-08-17T18:48:05Z,
191.6.105.131,ipv4,malicious-ip,medium,WHITE,ziyadnz/hourly-ipv4,ziyadnz|hourly,2026-08-17T18:48:05Z,2026-08-17T18:48:05Z,
191.6.25.239,ipv4,malicious-ip,medium,WHITE,ziyadnz/hourly-ipv4,ziyadnz|hourly,2026-08-17T18:48:05Z,2026-08-17T18:48:05Z,
191.6.40.15,ipv4,malicious-ip,medium,WHITE,ziyadnz/hourly-ipv4,ziyadnz|hourly,2026-08-17T18:48:05Z,2026-08-17T18:48:05Z,
191.6.48.134,ipv4,malicious-ip,medium,WHITE,ziyadnz/hourly-ipv4,ziyadnz|hourly,2026-08-17T18:48:05Z,2026-08-17T18:48:05Z,
191.6.81.214,ipv4,malicious-ip,medium,WHITE,ziyadnz/hourly-ipv4,ziyadnz|hourly,2026-08-17T18:48:05Z,2026-08-17T18:48:05Z,
191.6.93.58,ipv4,malicious-ip,medium,WHITE,ziyadnz/hourly-ipv4,ziyadnz|hourly,2026-08-17T18:48:05Z,2026-08-17T18:48:05Z,
191.7.100.105,ipv4,malicious-ip,medium,WHITE,ziyadnz/hourly-ipv4,ziyadnz|hourly,2026-08-17T18:48:05Z,2026-08-17T18:48:05Z,
191.7.72.205,ipv4,malicious-ip,medium,WHITE,ziyadnz/hourly-ipv4,ziyadnz|hourly,2026-08-17T18:48:05Z,2026-08-17T18:48:05Z,
191.7.91.24,ipv4,malicious-ip,medium,WHITE,ziyadnz/hourly-ipv4,ziyadnz|hourly,2026-08-17T18:48:05Z,2026-08-17T18:48:05Z,
191.7.95.174,ipv4,malicious-ip,medium,WHITE,ziyadnz/hourly-ipv4,ziyadnz|hourly,2026-08-17T18:48:05Z,2026-08-17T18:48:05Z,
191.81.200.213,ipv4,malicious-ip,medium,WHITE,ziyadnz/hourly-ipv4,ziyadnz|hourly,2026-08-17T18:48:05Z,2026-08-17T18:48:05Z,
191.81.233.48,ipv4,malicious-ip,medium,WHITE,ziyadnz/hourly-ipv4,ziyadnz|hourly,2026-08-17T18:48:05Z,2026-08-17T18:48:05Z,
191.83.210.111,ipv4,malicious-ip,medium,WHITE,ziyadnz/hourly-ipv4,ziyadnz|hourly,2026-08-17T18:48:05Z,2026-08-17T18:48:05Z,
191.84.224.210,ipv4,malicious-ip,medium,WHITE,ziyadnz/hourly-ipv4,ziyadnz|hourly,2026-08-17T18:48:05Z,2026-08-17T18:48:05Z,
191.84.235.162,ipv4,malicious-ip,medium,WHITE,ziyadnz/hourly-ipv4,ziyadnz|hourly,2026-08-17T18:48:05Z,2026-08-17T18:48:05Z,
191.85.33.15,ipv4,malicious-ip,medium,WHITE,ziyadnz/hourly-ipv4,ziyadnz|hourly,2026-08-17T18:48:05Z,2026-08-17T18:48:05Z,
191.85.5.221,ipv4,malicious-ip,medium,WHITE,ziyadnz/hourly-ipv4,ziyadnz|hourly,2026-08-17T18:48:05Z,2026-08-17T18:48:05Z,
191.85.9.100,ipv4,malicious-ip,medium,WHITE,ziyadnz/hourly-ipv4,ziyadnz|hourly,2026-08-17T18:48:05Z,2026-08-17T18:48:05Z,
191.88.140.98,ipv4,malicious-ip,medium,WHITE,ziyadnz/hourly-ipv4,ziyadnz|hourly,2026-08-17T18:48:05Z,2026-08-17T18:48:05Z,
191.89.222.255,ipv4,malicious-ip,medium,WHITE,ziyadnz/hourly-ipv4,ziyadnz|hourly,2026-08-17T18:48:05Z,2026-08-17T18:48:05Z,
191.96.101.245,ipv4,malicious-ip,medium,WHITE,ziyadnz/hourly-ipv4,ziyadnz|hourly,2026-08-17T18:48:05Z,2026-08-17T18:48:05Z,
191.96.11.173,ipv4,malicious-ip,medium,WHITE,ziyadnz/hourly-ipv4,ziyadnz|hourly,2026-08-17T18:48:05Z,2026-08-17T18:48:05Z,
191.96.110.0,ipv4,malicious-ip,medium,WHITE,ziyadnz/hourly-ipv4,ziyadnz|hourly,2026-08-17T18:48:05Z,2026-08-17T18:48:05Z,
191.96.110.113,ipv4,malicious-ip,medium,WHITE,ziyadnz/hourly-ipv4,ziyadnz|hourly,2026-08-17T18:48:05Z,2026-08-17T18:48:05Z,
191.96.110.121,ipv4,malicious-ip,medium,WHITE,ziyadnz/hourly-ipv4,ziyadnz|hourly,2026-08-17T18:48:05Z,2026-08-17T18:48:05Z,
191.96.110.39,ipv4,malicious-ip,medium,WHITE,ziyadnz/hourly-ipv4,ziyadnz|hourly,2026-08-17T18:48:05Z,2026-08-17T18:48:05Z,
191.96.110.52,ipv4,malicious-ip,medium,WHITE,ziyadnz/hourly-ipv4,ziyadnz|hourly,2026-08-17T18:48:05Z,2026-08-17T18:48:05Z,
191.96.110.70,ipv4,malicious-ip,medium,WHITE,ziyadnz/hourly-ipv4,ziyadnz|hourly,2026-08-17T18:48:05Z,2026-08-17T18:48:05Z,
191.96.110.78,ipv4,malicious-ip,medium,WHITE,ziyadnz/hourly-ipv4,ziyadnz|hourly,2026-08-17T18:48:05Z,2026-08-17T18:48:05Z,
191.96.110.96,ipv4,malicious-ip,medium,WHITE,ziyadnz/hourly-ipv4,ziyadnz|hourly,2026-08-17T18:48:05Z,2026-08-17T18:48:05Z,
191.96.168.204,ipv4,malicious-ip,medium,WHITE,ziyadnz/hourly-ipv4,ziyadnz|hourly,2026-08-17T18:48:05Z,2026-08-17T18:48:05Z,
191.96.168.41,ipv4,malicious-ip,medium,WHITE,ziyadnz/hourly-ipv4,ziyadnz|hourly,2026-08-17T18:48:05Z,2026-08-17T18:48:05Z,
191.96.196.78,ipv4,malicious-ip,medium,WHITE,ziyadnz/hourly-ipv4,ziyadnz|hourly,2026-08-17T18:48:05Z,2026-08-17T18:48:05Z,
191.96.207.179,ipv4,malicious-ip,medium,WHITE,ziyadnz/hourly-ipv4,ziyadnz|hourly,2026-08-17T18:48:05Z,2026-08-17T18:48:05Z,
191.96.207.201,ipv4,malicious-ip,medium,WHITE,ziyadnz/hourly-ipv4,ziyadnz|hourly,2026-08-17T18:48:05Z,2026-08-17T18:48:05Z,
191.96.224.215,ipv4,malicious-ip,medium,WHITE,ziyadnz/hourly-ipv4,ziyadnz|hourly,2026-08-17T18:48:05Z,2026-08-17T18:48:05Z,
191.96.79.24,ipv4,malicious-ip,medium,WHITE,ziyadnz/hourly-ipv4,ziyadnz|hourly,2026-08-17T18:48:05Z,2026-08-17T18:48:05Z,
191.96.94.47,ipv4,malicious-ip,medium,WHITE,ziyadnz/hourly-ipv4,ziyadnz|hourly,2026-08-17T18:48:05Z,2026-08-17T18:48:05Z,
191.97.12.90,ipv4,malicious-ip,medium,WHITE,ziyadnz/hourly-ipv4,ziyadnz|hourly,2026-08-17T18:48:05Z,2026-08-17T18:48:05Z,
191.97.121.190,ipv4,malicious-ip,medium,WHITE,ziyadnz/hourly-ipv4,ziyadnz|hourly,2026-08-17T18:48:05Z,2026-08-17T18:48:05Z,
191.97.217.66,ipv4,malicious-ip,medium,WHITE,ziyadnz/hourly-ipv4,ziyadnz|hourly,2026-08-17T18:48:05Z,2026-08-17T18:48:05Z,
191.97.8.210,ipv4,malicious-ip,medium,WHITE,ziyadnz/hourly-ipv4,ziyadnz|hourly,2026-08-17T18:48:05Z,2026-08-17T18:48:05Z,
191.98.222.146,ipv4,malicious-ip,medium,WHITE,ziyadnz/hourly-ipv4,ziyadnz|hourly,2026-08-17T18:48:05Z,2026-08-17T18:48:05Z,
191.98.222.166,ipv4,malicious-ip,medium,WHITE,ziyadnz/hourly-ipv4,ziyadnz|hourly,2026-08-17T18:48:05Z,2026-08-17T18:48:05Z,
192.0.102.194,ipv4,malicious-ip,medium,WHITE,ziyadnz/hourly-ipv4,ziyadnz|hourly,2026-08-17T18:48:05Z,2026-08-17T18:48:05Z,
192.0.234.76,ipv4,malicious-ip,medium,WHITE,ziyadnz/hourly-ipv4,ziyadnz|hourly,2026-08-17T18:48:05Z,2026-08-17T18:48:05Z,
192.100.191.198,ipv4,malicious-ip,medium,WHITE,ziyadnz/hourly-ipv4,ziyadnz|hourly,2026-08-17T18:48:05Z,2026-08-17T18:48:05Z,
192.101.68.88,ipv4,malicious-ip,medium,WHITE,ziyadnz/hourly-ipv4,ziyadnz|hourly,2026-08-17T18:48:05Z,2026-08-17T18:48:05Z,
192.108.48.150,ipv4,malicious-ip,medium,WHITE,ziyadnz/hourly-ipv4,ziyadnz|hourly,2026-08-17T18:48:05Z,2026-08-17T18:48:05Z,
192.109.138.65,ipv4,malicious-ip,medium,WHITE,ziyadnz/hourly-ipv4,ziyadnz|hourly,2026-08-17T18:48:05Z,2026-08-17T18:48:05Z,
192.109.200.47,ipv4,malicious-ip,medium,WHITE,ziyadnz/hourly-ipv4,ziyadnz|hourly,2026-08-17T18:48:05Z,2026-08-17T18:48:05Z,
192.109.200.50,ipv4,malicious-ip,medium,WHITE,ziyadnz/hourly-ipv4,ziyadnz|hourly,2026-08-17T18:48:05Z,2026-08-17T18:48:05Z,
192.109.220.3,ipv4,malicious-ip,medium,WHITE,ziyadnz/hourly-ipv4,ziyadnz|hourly,2026-08-17T18:48:05Z,2026-08-17T18:48:05Z,
192.110.247.46,ipv4,malicious-ip,medium,WHITE,ziyadnz/hourly-ipv4,ziyadnz|hourly,2026-08-17T18:48:05Z,2026-08-17T18:48:05Z,
192.111.129.150,ipv4,malicious-ip,medium,WHITE,ziyadnz/hourly-ipv4,ziyadnz|hourly,2026-08-17T18:48:05Z,2026-08-17T18:48:05Z,
192.111.130.2,ipv4,malicious-ip,medium,WHITE,ziyadnz/hourly-ipv4,ziyadnz|hourly,2026-08-17T18:48:05Z,2026-08-17T18:48:05Z,
192.111.130.5,ipv4,malicious-ip,medium,WHITE,ziyadnz/hourly-ipv4,ziyadnz|hourly,2026-08-17T18:48:05Z,2026-08-17T18:48:05Z,
192.111.135.17,ipv4,malicious-ip,medium,WHITE,ziyadnz/hourly-ipv4,ziyadnz|hourly,2026-08-17T18:48:05Z,2026-08-17T18:48:05Z,
192.111.135.18,ipv4,malicious-ip,medium,WHITE,ziyadnz/hourly-ipv4,ziyadnz|hourly,2026-08-17T18:48:05Z,2026-08-17T18:48:05Z,
192.111.137.37,ipv4,malicious-ip,medium,WHITE,ziyadnz/hourly-ipv4,ziyadnz|hourly,2026-08-17T18:48:05Z,2026-08-17T18:48:05Z,
192.116.236.99,ipv4,malicious-ip,medium,WHITE,ziyadnz/hourly-ipv4,ziyadnz|hourly,2026-08-17T18:48:05Z,2026-08-17T18:48:05Z,
192.119.108.74,ipv4,malicious-ip,medium,WHITE,ziyadnz/hourly-ipv4,ziyadnz|hourly,2026-08-17T18:48:05Z,2026-08-17T18:48:05Z,
192.119.64.43,ipv4,malicious-ip,medium,WHITE,ziyadnz/hourly-ipv4,ziyadnz|hourly,2026-08-17T18:48:05Z,2026-08-17T18:48:05Z,
192.119.99.234,ipv4,malicious-ip,medium,WHITE,ziyadnz/hourly-ipv4,ziyadnz|hourly,2026-08-17T18:48:05Z,2026-08-17T18:48:05Z,
192.119.99.235,ipv4,malicious-ip,medium,WHITE,ziyadnz/hourly-ipv4,ziyadnz|hourly,2026-08-17T18:48:05Z,2026-08-17T18:48:05Z,
192.119.99.236,ipv4,malicious-ip,medium,WHITE,ziyadnz/hourly-ipv4,ziyadnz|hourly,2026-08-17T18:48:05Z,2026-08-17T18:48:05Z,
192.119.99.237,ipv4,malicious-ip,medium,WHITE,ziyadnz/hourly-ipv4,ziyadnz|hourly,2026-08-17T18:48:05Z,2026-08-17T18:48:05Z,
192.119.99.238,ipv4,malicious-ip,medium,WHITE,ziyadnz/hourly-ipv4,ziyadnz|hourly,2026-08-17T18:48:05Z,2026-08-17T18:48:05Z,
192.121.16.228,ipv4,malicious-ip,medium,WHITE,ziyadnz/hourly-ipv4,ziyadnz|hourly,2026-08-17T18:48:05Z,2026-08-17T18:48:05Z,
192.121.22.184,ipv4,malicious-ip,medium,WHITE,ziyadnz/hourly-ipv4,ziyadnz|hourly,2026-08-17T18:48:05Z,2026-08-17T18:48:05Z,
192.121.22.46,ipv4,malicious-ip,medium,WHITE,ziyadnz/hourly-ipv4,ziyadnz|hourly,2026-08-17T18:48:05Z,2026-08-17T18:48:05Z,
192.121.23.67,ipv4,malicious-ip,medium,WHITE,ziyadnz/hourly-ipv4,ziyadnz|hourly,2026-08-17T18:48:05Z,2026-08-17T18:48:05Z,
192.121.44.26,ipv4,malicious-ip,medium,WHITE,ziyadnz/hourly-ipv4,ziyadnz|hourly,2026-08-17T18:48:05Z,2026-08-17T18:48:05Z,
192.121.44.27,ipv4,malicious-ip,medium,WHITE,ziyadnz/hourly-ipv4,ziyadnz|hourly,2026-08-17T18:48:05Z,2026-08-17T18:48:05Z,
192.121.44.33,ipv4,malicious-ip,medium,WHITE,ziyadnz/hourly-ipv4,ziyadnz|hourly,2026-08-17T18:48:05Z,2026-08-17T18:48:05Z,
192.121.44.34,ipv4,malicious-ip,medium,WHITE,ziyadnz/hourly-ipv4,ziyadnz|hourly,2026-08-17T18:48:05Z,2026-08-17T18:48:05Z,
192.124.176.46,ipv4,malicious-ip,medium,WHITE,ziyadnz/hourly-ipv4,ziyadnz|hourly,2026-08-17T18:48:05Z,2026-08-17T18:48:05Z,
192.129.155.148,ipv4,malicious-ip,medium,WHITE,ziyadnz/hourly-ipv4,ziyadnz|hourly,2026-08-17T18:48:05Z,2026-08-17T18:48:05Z,
192.129.217.251,ipv4,malicious-ip,medium,WHITE,ziyadnz/hourly-ipv4,ziyadnz|hourly,2026-08-17T18:48:05Z,2026-08-17T18:48:05Z,
192.129.242.134,ipv4,malicious-ip,medium,WHITE,ziyadnz/hourly-ipv4,ziyadnz|hourly,2026-08-17T18:48:05Z,2026-08-17T18:48:05Z,
192.129.243.42,ipv4,malicious-ip,medium,WHITE,ziyadnz/hourly-ipv4,ziyadnz|hourly,2026-08-17T18:48:05Z,2026-08-17T18:48:05Z,
192.140.123.145,ipv4,malicious-ip,medium,WHITE,ziyadnz/hourly-ipv4,ziyadnz|hourly,2026-08-17T18:48:05Z,2026-08-17T18:48:05Z,
192.140.13.218,ipv4,malicious-ip,medium,WHITE,ziyadnz/hourly-ipv4,ziyadnz|hourly,2026-08-17T18:48:05Z,2026-08-17T18:48:05Z,
192.140.148.16,ipv4,malicious-ip,medium,WHITE,ziyadnz/hourly-ipv4,ziyadnz|hourly,2026-08-17T18:48:05Z,2026-08-17T18:48:05Z,
192.140.148.98,ipv4,malicious-ip,medium,WHITE,ziyadnz/hourly-ipv4,ziyadnz|hourly,2026-08-17T18:48:05Z,2026-08-17T18:48:05Z,
192.140.149.247,ipv4,malicious-ip,medium,WHITE,ziyadnz/hourly-ipv4,ziyadnz|hourly,2026-08-17T18:48:05Z,2026-08-17T18:48:05Z,
192.140.149.254,ipv4,malicious-ip,medium,WHITE,ziyadnz/hourly-ipv4,ziyadnz|hourly,2026-08-17T18:48:05Z,2026-08-17T18:48:05Z,
192.140.149.97,ipv4,malicious-ip,medium,WHITE,ziyadnz/hourly-ipv4,ziyadnz|hourly,2026-08-17T18:48:05Z,2026-08-17T18:48:05Z,
192.140.150.230,ipv4,malicious-ip,medium,WHITE,ziyadnz/hourly-ipv4,ziyadnz|hourly,2026-08-17T18:48:05Z,2026-08-17T18:48:05Z,
192.140.151.30,ipv4,malicious-ip,medium,WHITE,ziyadnz/hourly-ipv4,ziyadnz|hourly,2026-08-17T18:48:05Z,2026-08-17T18:48:05Z,
192.140.151.87,ipv4,malicious-ip,medium,WHITE,ziyadnz/hourly-ipv4,ziyadnz|hourly,2026-08-17T18:48:05Z,2026-08-17T18:48:05Z,
192.140.173.156,ipv4,malicious-ip,medium,WHITE,ziyadnz/hourly-ipv4,ziyadnz|hourly,2026-08-17T18:48:05Z,2026-08-17T18:48:05Z,
192.140.176.190,ipv4,malicious-ip,medium,WHITE,ziyadnz/hourly-ipv4,ziyadnz|hourly,2026-08-17T18:48:05Z,2026-08-17T18:48:05Z,
192.140.186.45,ipv4,malicious-ip,medium,WHITE,ziyadnz/hourly-ipv4,ziyadnz|hourly,2026-08-17T18:48:05Z,2026-08-17T18:48:05Z,
192.140.20.168,ipv4,malicious-ip,medium,WHITE,ziyadnz/hourly-ipv4,ziyadnz|hourly,2026-08-17T18:48:05Z,2026-08-17T18:48:05Z,
192.140.43.226,ipv4,malicious-ip,medium,WHITE,ziyadnz/hourly-ipv4,ziyadnz|hourly,2026-08-17T18:48:05Z,2026-08-17T18:48:05Z,
192.140.43.98,ipv4,malicious-ip,medium,WHITE,ziyadnz/hourly-ipv4,ziyadnz|hourly,2026-08-17T18:48:05Z,2026-08-17T18:48:05Z,
192.140.67.201,ipv4,malicious-ip,medium,WHITE,ziyadnz/hourly-ipv4,ziyadnz|hourly,2026-08-17T18:48:05Z,2026-08-17T18:48:05Z,
192.140.93.169,ipv4,malicious-ip,medium,WHITE,ziyadnz/hourly-ipv4,ziyadnz|hourly,2026-08-17T18:48:05Z,2026-08-17T18:48:05Z,
192.140.94.149,ipv4,malicious-ip,medium,WHITE,ziyadnz/hourly-ipv4,ziyadnz|hourly,2026-08-17T18:48:05Z,2026-08-17T18:48:05Z,
192.141.120.114,ipv4,malicious-ip,medium,WHITE,ziyadnz/hourly-ipv4,ziyadnz|hourly,2026-08-17T18:48:05Z,2026-08-17T18:48:05Z,
192.141.147.102,ipv4,malicious-ip,medium,WHITE,ziyadnz/hourly-ipv4,ziyadnz|hourly,2026-08-17T18:48:05Z,2026-08-17T18:48:05Z,
192.141.172.134,ipv4,malicious-ip,medium,WHITE,ziyadnz/hourly-ipv4,ziyadnz|hourly,2026-08-17T18:48:05Z,2026-08-17T18:48:05Z,
192.141.217.128,ipv4,malicious-ip,medium,WHITE,ziyadnz/hourly-ipv4,ziyadnz|hourly,2026-08-17T18:48:05Z,2026-08-17T18:48:05Z,
192.141.224.142,ipv4,malicious-ip,medium,WHITE,ziyadnz/hourly-ipv4,ziyadnz|hourly,2026-08-17T18:48:05Z,2026-08-17T18:48:05Z,
192.141.253.56,ipv4,malicious-ip,medium,WHITE,ziyadnz/hourly-ipv4,ziyadnz|hourly,2026-08-17T18:48:05Z,2026-08-17T18:48:05Z,
192.141.254.2,ipv4,malicious-ip,medium,WHITE,ziyadnz/hourly-ipv4,ziyadnz|hourly,2026-08-17T18:48:05Z,2026-08-17T18:48:05Z,
192.141.93.93,ipv4,malicious-ip,medium,WHITE,ziyadnz/hourly-ipv4,ziyadnz|hourly,2026-08-17T18:48:05Z,2026-08-17T18:48:05Z,
192.141.93.94,ipv4,malicious-ip,medium,WHITE,ziyadnz/hourly-ipv4,ziyadnz|hourly,2026-08-17T18:48:05Z,2026-08-17T18:48:05Z,
192.141.94.42,ipv4,malicious-ip,medium,WHITE,ziyadnz/hourly-ipv4,ziyadnz|hourly,2026-08-17T18:48:05Z,2026-08-17T18:48:05Z,
192.141.94.58,ipv4,malicious-ip,medium,WHITE,ziyadnz/hourly-ipv4,ziyadnz|hourly,2026-08-17T18:48:05Z,2026-08-17T18:48:05Z,
192.142.0.63,ipv4,malicious-ip,medium,WHITE,ziyadnz/hourly-ipv4,ziyadnz|hourly,2026-08-17T18:48:05Z,2026-08-17T18:48:05Z,
192.142.10.246,ipv4,malicious-ip,medium,WHITE,ziyadnz/hourly-ipv4,ziyadnz|hourly,2026-08-17T18:48:05Z,2026-08-17T18:48:05Z,
192.142.10.99,ipv4,malicious-ip,medium,WHITE,ziyadnz/hourly-ipv4,ziyadnz|hourly,2026-08-17T18:48:05Z,2026-08-17T18:48:05Z,
192.142.18.42,ipv4,malicious-ip,medium,WHITE,ziyadnz/hourly-ipv4,ziyadnz|hourly,2026-08-17T18:48:05Z,2026-08-17T18:48:05Z,
192.142.2.40,ipv4,malicious-ip,medium,WHITE,ziyadnz/hourly-ipv4,ziyadnz|hourly,2026-08-17T18:48:05Z,2026-08-17T18:48:05Z,
192.142.45.103,ipv4,malicious-ip,medium,WHITE,ziyadnz/hourly-ipv4,ziyadnz|hourly,2026-08-17T18:48:05Z,2026-08-17T18:48:05Z,
192.142.53.10,ipv4,malicious-ip,medium,WHITE,ziyadnz/hourly-ipv4,ziyadnz|hourly,2026-08-17T18:48:05Z,2026-08-17T18:48:05Z,
192.142.54.79,ipv4,malicious-ip,medium,WHITE,ziyadnz/hourly-ipv4,ziyadnz|hourly,2026-08-17T18:48:05Z,2026-08-17T18:48:05Z,
192.142.55.159,ipv4,malicious-ip,medium,WHITE,ziyadnz/hourly-ipv4,ziyadnz|hourly,2026-08-17T18:48:05Z,2026-08-17T18:48:05Z,
192.144.140.170,ipv4,malicious-ip,medium,WHITE,ziyadnz/hourly-ipv4,ziyadnz|hourly,2026-08-17T18:48:05Z,2026-08-17T18:48:05Z,
192.144.211.204,ipv4,malicious-ip,medium,WHITE,ziyadnz/hourly-ipv4,ziyadnz|hourly,2026-08-17T18:48:05Z,2026-08-17T18:48:05Z,
192.144.34.40,ipv4,malicious-ip,medium,WHITE,ziyadnz/hourly-ipv4,ziyadnz|hourly,2026-08-17T18:48:05Z,2026-08-17T18:48:05Z,
192.144.34.77,ipv4,malicious-ip,medium,WHITE,ziyadnz/hourly-ipv4,ziyadnz|hourly,2026-08-17T18:48:05Z,2026-08-17T18:48:05Z,
192.144.4.150,ipv4,malicious-ip,medium,WHITE,ziyadnz/hourly-ipv4,ziyadnz|hourly,2026-08-17T18:48:05Z,2026-08-17T18:48:05Z,
192.144.4.157,ipv4,malicious-ip,medium,WHITE,ziyadnz/hourly-ipv4,ziyadnz|hourly,2026-08-17T18:48:05Z,2026-08-17T18:48:05Z,
192.144.56.80,ipv4,malicious-ip,medium,WHITE,ziyadnz/hourly-ipv4,ziyadnz|hourly,2026-08-17T18:48:05Z,2026-08-17T18:48:05Z,
192.145.16.139,ipv4,malicious-ip,medium,WHITE,ziyadnz/hourly-ipv4,ziyadnz|hourly,2026-08-17T18:48:05Z,2026-08-17T18:48:05Z,
192.145.172.119,ipv4,malicious-ip,medium,WHITE,ziyadnz/hourly-ipv4,ziyadnz|hourly,2026-08-17T18:48:05Z,2026-08-17T18:48:05Z,
192.145.205.98,ipv4,malicious-ip,medium,WHITE,ziyadnz/hourly-ipv4,ziyadnz|hourly,2026-08-17T18:48:05Z,2026-08-17T18:48:05Z,
192.145.207.7,ipv4,malicious-ip,medium,WHITE,ziyadnz/hourly-ipv4,ziyadnz|hourly,2026-08-17T18:48:05Z,2026-08-17T18:48:05Z,
192.145.212.238,ipv4,malicious-ip,medium,WHITE,ziyadnz/hourly-ipv4,ziyadnz|hourly,2026-08-17T18:48:05Z,2026-08-17T18:48:05Z,
192.147.177.56,ipv4,malicious-ip,medium,WHITE,ziyadnz/hourly-ipv4,ziyadnz|hourly,2026-08-17T18:48:05Z,2026-08-17T18:48:05Z,
192.151.156.2,ipv4,malicious-ip,medium,WHITE,ziyadnz/hourly-ipv4,ziyadnz|hourly,2026-08-17T18:48:05Z,2026-08-17T18:48:05Z,
192.153.57.177,ipv4,malicious-ip,medium,WHITE,ziyadnz/hourly-ipv4,ziyadnz|hourly,2026-08-17T18:48:05Z,2026-08-17T18:48:05Z,
192.153.57.193,ipv4,malicious-ip,medium,WHITE,ziyadnz/hourly-ipv4,ziyadnz|hourly,2026-08-17T18:48:05Z,2026-08-17T18:48:05Z,
192.153.57.213,ipv4,malicious-ip,medium,WHITE,ziyadnz/hourly-ipv4,ziyadnz|hourly,2026-08-17T18:48:05Z,2026-08-17T18:48:05Z,
192.153.57.223,ipv4,malicious-ip,medium,WHITE,ziyadnz/hourly-ipv4,ziyadnz|hourly,2026-08-17T18:48:05Z,2026-08-17T18:48:05Z,
192.153.57.24,ipv4,malicious-ip,medium,WHITE,ziyadnz/hourly-ipv4,ziyadnz|hourly,2026-08-17T18:48:05Z,2026-08-17T18:48:05Z,
192.153.57.48,ipv4,malicious-ip,medium,WHITE,ziyadnz/hourly-ipv4,ziyadnz|hourly,2026-08-17T18:48:05Z,2026-08-17T18:48:05Z,
192.153.57.99,ipv4,malicious-ip,medium,WHITE,ziyadnz/hourly-ipv4,ziyadnz|hourly,2026-08-17T18:48:05Z,2026-08-17T18:48:05Z,
192.155.81.220,ipv4,malicious-ip,medium,WHITE,ziyadnz/hourly-ipv4,ziyadnz|hourly,2026-08-17T18:48:05Z,2026-08-17T18:48:05Z,
192.155.81.39,ipv4,malicious-ip,medium,WHITE,ziyadnz/hourly-ipv4,ziyadnz|hourly,2026-08-17T18:48:05Z,2026-08-17T18:48:05Z,
192.155.84.147,ipv4,malicious-ip,medium,WHITE,ziyadnz/hourly-ipv4,ziyadnz|hourly,2026-08-17T18:48:05Z,2026-08-17T18:48:05Z,
192.155.84.194,ipv4,malicious-ip,medium,WHITE,ziyadnz/hourly-ipv4,ziyadnz|hourly,2026-08-17T18:48:05Z,2026-08-17T18:48:05Z,
192.155.84.74,ipv4,malicious-ip,medium,WHITE,ziyadnz/hourly-ipv4,ziyadnz|hourly,2026-08-17T18:48:05Z,2026-08-17T18:48:05Z,
192.155.88.231,ipv4,malicious-ip,medium,WHITE,ziyadnz/hourly-ipv4,ziyadnz|hourly,2026-08-17T18:48:05Z,2026-08-17T18:48:05Z,
192.155.89.166,ipv4,malicious-ip,medium,WHITE,ziyadnz/hourly-ipv4,ziyadnz|hourly,2026-08-17T18:48:05Z,2026-08-17T18:48:05Z,
192.155.89.192,ipv4,malicious-ip,medium,WHITE,ziyadnz/hourly-ipv4,ziyadnz|hourly,2026-08-17T18:48:05Z,2026-08-17T18:48:05Z,
192.155.89.199,ipv4,malicious-ip,medium,WHITE,ziyadnz/hourly-ipv4,ziyadnz|hourly,2026-08-17T18:48:05Z,2026-08-17T18:48:05Z,
192.155.89.211,ipv4,malicious-ip,medium,WHITE,ziyadnz/hourly-ipv4,ziyadnz|hourly,2026-08-17T18:48:05Z,2026-08-17T18:48:05Z,
192.155.89.228,ipv4,malicious-ip,medium,WHITE,ziyadnz/hourly-ipv4,ziyadnz|hourly,2026-08-17T18:48:05Z,2026-08-17T18:48:05Z,
192.155.89.248,ipv4,malicious-ip,medium,WHITE,ziyadnz/hourly-ipv4,ziyadnz|hourly,2026-08-17T18:48:05Z,2026-08-17T18:48:05Z,
192.155.89.251,ipv4,malicious-ip,medium,WHITE,ziyadnz/hourly-ipv4,ziyadnz|hourly,2026-08-17T18:48:05Z,2026-08-17T18:48:05Z,
192.155.90.118,ipv4,malicious-ip,medium,WHITE,ziyadnz/hourly-ipv4,ziyadnz|hourly,2026-08-17T18:48:05Z,2026-08-17T18:48:05Z,
192.155.90.220,ipv4,malicious-ip,medium,WHITE,ziyadnz/hourly-ipv4,ziyadnz|hourly,2026-08-17T18:48:05Z,2026-08-17T18:48:05Z,
192.158.140.18,ipv4,malicious-ip,medium,WHITE,ziyadnz/hourly-ipv4,ziyadnz|hourly,2026-08-17T18:48:05Z,2026-08-17T18:48:05Z,
192.158.140.21,ipv4,malicious-ip,medium,WHITE,ziyadnz/hourly-ipv4,ziyadnz|hourly,2026-08-17T18:48:05Z,2026-08-17T18:48:05Z,
192.158.140.28,ipv4,malicious-ip,medium,WHITE,ziyadnz/hourly-ipv4,ziyadnz|hourly,2026-08-17T18:48:05Z,2026-08-17T18:48:05Z,
192.158.229.99,ipv4,malicious-ip,medium,WHITE,ziyadnz/hourly-ipv4,ziyadnz|hourly,2026-08-17T18:48:05Z,2026-08-17T18:48:05Z,
192.158.232.67,ipv4,malicious-ip,medium,WHITE,ziyadnz/hourly-ipv4,ziyadnz|hourly,2026-08-17T18:48:05Z,2026-08-17T18:48:05Z,
192.159.99.11,ipv4,malicious-ip,medium,WHITE,ziyadnz/hourly-ipv4,ziyadnz|hourly,2026-08-17T18:48:05Z,2026-08-17T18:48:05Z,
192.159.99.144,ipv4,malicious-ip,medium,WHITE,ziyadnz/hourly-ipv4,ziyadnz|hourly,2026-08-17T18:48:05Z,2026-08-17T18:48:05Z,
192.159.99.26,ipv4,malicious-ip,medium,WHITE,ziyadnz/hourly-ipv4,ziyadnz|hourly,2026-08-17T18:48:05Z,2026-08-17T18:48:05Z,
192.159.99.34,ipv4,malicious-ip,medium,WHITE,ziyadnz/hourly-ipv4,ziyadnz|hourly,2026-08-17T18:48:05Z,2026-08-17T18:48:05Z,
192.159.99.83,ipv4,malicious-ip,medium,WHITE,ziyadnz/hourly-ipv4,ziyadnz|hourly,2026-08-17T18:48:05Z,2026-08-17T18:48:05Z,
192.159.99.95,ipv4,malicious-ip,medium,WHITE,ziyadnz/hourly-ipv4,ziyadnz|hourly,2026-08-17T18:48:05Z,2026-08-17T18:48:05Z,
192.160.102.170,ipv4,malicious-ip,medium,WHITE,ziyadnz/hourly-ipv4,ziyadnz|hourly,2026-08-17T18:48:05Z,2026-08-17T18:48:05Z,
192.161.224.54,ipv4,malicious-ip,medium,WHITE,ziyadnz/hourly-ipv4,ziyadnz|hourly,2026-08-17T18:48:05Z,2026-08-17T18:48:05Z,
192.161.48.43,ipv4,malicious-ip,medium,WHITE,ziyadnz/hourly-ipv4,ziyadnz|hourly,2026-08-17T18:48:05Z,2026-08-17T18:48:05Z,
192.161.49.2,ipv4,malicious-ip,medium,WHITE,ziyadnz/hourly-ipv4,ziyadnz|hourly,2026-08-17T18:48:05Z,2026-08-17T18:48:05Z,
192.162.174.67,ipv4,malicious-ip,medium,WHITE,ziyadnz/hourly-ipv4,ziyadnz|hourly,2026-08-17T18:48:05Z,2026-08-17T18:48:05Z,
192.162.174.94,ipv4,malicious-ip,medium,WHITE,ziyadnz/hourly-ipv4,ziyadnz|hourly,2026-08-17T18:48:05Z,2026-08-17T18:48:05Z,
192.162.210.133,ipv4,malicious-ip,medium,WHITE,ziyadnz/hourly-ipv4,ziyadnz|hourly,2026-08-17T18:48:05Z,2026-08-17T18:48:05Z,
192.162.233.6,ipv4,malicious-ip,medium,WHITE,ziyadnz/hourly-ipv4,ziyadnz|hourly,2026-08-17T18:48:05Z,2026-08-17T18:48:05Z,
192.162.237.21,ipv4,malicious-ip,medium,WHITE,ziyadnz/hourly-ipv4,ziyadnz|hourly,2026-08-17T18:48:05Z,2026-08-17T18:48:05Z,
192.162.237.32,ipv4,malicious-ip,medium,WHITE,ziyadnz/hourly-ipv4,ziyadnz|hourly,2026-08-17T18:48:05Z,2026-08-17T18:48:05Z,
192.162.237.38,ipv4,malicious-ip,medium,WHITE,ziyadnz/hourly-ipv4,ziyadnz|hourly,2026-08-17T18:48:05Z,2026-08-17T18:48:05Z,
192.162.237.61,ipv4,malicious-ip,medium,WHITE,ziyadnz/hourly-ipv4,ziyadnz|hourly,2026-08-17T18:48:05Z,2026-08-17T18:48:05Z,
192.162.32.51,ipv4,malicious-ip,medium,WHITE,ziyadnz/hourly-ipv4,ziyadnz|hourly,2026-08-17T18:48:05Z,2026-08-17T18:48:05Z,
192.162.42.251,ipv4,malicious-ip,medium,WHITE,ziyadnz/hourly-ipv4,ziyadnz|hourly,2026-08-17T18:48:05Z,2026-08-17T18:48:05Z,
192.162.69.242,ipv4,malicious-ip,medium,WHITE,ziyadnz/hourly-ipv4,ziyadnz|hourly,2026-08-17T18:48:05Z,2026-08-17T18:48:05Z,
192.162.98.0,ipv4,malicious-ip,medium,WHITE,ziyadnz/hourly-ipv4,ziyadnz|hourly,2026-08-17T18:48:05Z,2026-08-17T18:48:05Z,
192.162.98.13,ipv4,malicious-ip,medium,WHITE,ziyadnz/hourly-ipv4,ziyadnz|hourly,2026-08-17T18:48:05Z,2026-08-17T18:48:05Z,
192.162.98.150,ipv4,malicious-ip,medium,WHITE,ziyadnz/hourly-ipv4,ziyadnz|hourly,2026-08-17T18:48:05Z,2026-08-17T18:48:05Z,
192.162.98.180,ipv4,malicious-ip,medium,WHITE,ziyadnz/hourly-ipv4,ziyadnz|hourly,2026-08-17T18:48:05Z,2026-08-17T18:48:05Z,
192.162.98.186,ipv4,malicious-ip,medium,WHITE,ziyadnz/hourly-ipv4,ziyadnz|hourly,2026-08-17T18:48:05Z,2026-08-17T18:48:05Z,
192.162.98.193,ipv4,malicious-ip,medium,WHITE,ziyadnz/hourly-ipv4,ziyadnz|hourly,2026-08-17T18:48:05Z,2026-08-17T18:48:05Z,
192.162.98.31,ipv4,malicious-ip,medium,WHITE,ziyadnz/hourly-ipv4,ziyadnz|hourly,2026-08-17T18:48:05Z,2026-08-17T18:48:05Z,
192.162.99.147,ipv4,malicious-ip,medium,WHITE,ziyadnz/hourly-ipv4,ziyadnz|hourly,2026-08-17T18:48:05Z,2026-08-17T18:48:05Z,
192.162.99.153,ipv4,malicious-ip,medium,WHITE,ziyadnz/hourly-ipv4,ziyadnz|hourly,2026-08-17T18:48:05Z,2026-08-17T18:48:05Z,
192.162.99.170,ipv4,malicious-ip,medium,WHITE,ziyadnz/hourly-ipv4,ziyadnz|hourly,2026-08-17T18:48:05Z,2026-08-17T18:48:05Z,
192.162.99.172,ipv4,malicious-ip,medium,WHITE,ziyadnz/hourly-ipv4,ziyadnz|hourly,2026-08-17T18:48:05Z,2026-08-17T18:48:05Z,
192.163.167.14,ipv4,malicious-ip,medium,WHITE,ziyadnz/hourly-ipv4,ziyadnz|hourly,2026-08-17T18:48:05Z,2026-08-17T18:48:05Z,
192.163.211.4,ipv4,malicious-ip,medium,WHITE,ziyadnz/hourly-ipv4,ziyadnz|hourly,2026-08-17T18:48:05Z,2026-08-17T18:48:05Z,
192.166.133.142,ipv4,malicious-ip,medium,WHITE,ziyadnz/hourly-ipv4,ziyadnz|hourly,2026-08-17T18:48:05Z,2026-08-17T18:48:05Z,
192.166.133.176,ipv4,malicious-ip,medium,WHITE,ziyadnz/hourly-ipv4,ziyadnz|hourly,2026-08-17T18:48:05Z,2026-08-17T18:48:05Z,
192.169.141.203,ipv4,malicious-ip,medium,WHITE,ziyadnz/hourly-ipv4,ziyadnz|hourly,2026-08-17T18:48:05Z,2026-08-17T18:48:05Z,
192.169.179.77,ipv4,malicious-ip,medium,WHITE,ziyadnz/hourly-ipv4,ziyadnz|hourly,2026-08-17T18:48:05Z,2026-08-17T18:48:05Z,
192.169.180.166,ipv4,malicious-ip,medium,WHITE,ziyadnz/hourly-ipv4,ziyadnz|hourly,2026-08-17T18:48:05Z,2026-08-17T18:48:05Z,
192.169.197.123,ipv4,malicious-ip,medium,WHITE,ziyadnz/hourly-ipv4,ziyadnz|hourly,2026-08-17T18:48:05Z,2026-08-17T18:48:05Z,
192.169.213.186,ipv4,malicious-ip,medium,WHITE,ziyadnz/hourly-ipv4,ziyadnz|hourly,2026-08-17T18:48:05Z,2026-08-17T18:48:05Z,
192.169.226.3,ipv4,malicious-ip,medium,WHITE,ziyadnz/hourly-ipv4,ziyadnz|hourly,2026-08-17T18:48:05Z,2026-08-17T18:48:05Z,
192.169.226.90,ipv4,malicious-ip,medium,WHITE,ziyadnz/hourly-ipv4,ziyadnz|hourly,2026-08-17T18:48:05Z,2026-08-17T18:48:05Z,
192.169.232.223,ipv4,malicious-ip,medium,WHITE,ziyadnz/hourly-ipv4,ziyadnz|hourly,2026-08-17T18:48:05Z,2026-08-17T18:48:05Z,
192.169.243.246,ipv4,malicious-ip,medium,WHITE,ziyadnz/hourly-ipv4,ziyadnz|hourly,2026-08-17T18:48:05Z,2026-08-17T18:48:05Z,
192.169.250.238,ipv4,malicious-ip,medium,WHITE,ziyadnz/hourly-ipv4,ziyadnz|hourly,2026-08-17T18:48:05Z,2026-08-17T18:48:05Z,
192.169.6.241,ipv4,malicious-ip,medium,WHITE,ziyadnz/hourly-ipv4,ziyadnz|hourly,2026-08-17T18:48:05Z,2026-08-17T18:48:05Z,
192.169.69.26,ipv4,malicious-ip,medium,WHITE,ziyadnz/hourly-ipv4,ziyadnz|hourly,2026-08-17T18:48:05Z,2026-08-17T18:48:05Z,
192.169.7.250,ipv4,malicious-ip,medium,WHITE,ziyadnz/hourly-ipv4,ziyadnz|hourly,2026-08-17T18:48:05Z,2026-08-17T18:48:05Z,
192.177.101.0,ipv4,malicious-ip,medium,WHITE,ziyadnz/hourly-ipv4,ziyadnz|hourly,2026-08-17T18:48:05Z,2026-08-17T18:48:05Z,
192.177.101.10,ipv4,malicious-ip,medium,WHITE,ziyadnz/hourly-ipv4,ziyadnz|hourly,2026-08-17T18:48:05Z,2026-08-17T18:48:05Z,
192.177.101.109,ipv4,malicious-ip,medium,WHITE,ziyadnz/hourly-ipv4,ziyadnz|hourly,2026-08-17T18:48:05Z,2026-08-17T18:48:05Z,
192.177.101.120,ipv4,malicious-ip,medium,WHITE,ziyadnz/hourly-ipv4,ziyadnz|hourly,2026-08-17T18:48:05Z,2026-08-17T18:48:05Z,
192.177.101.123,ipv4,malicious-ip,medium,WHITE,ziyadnz/hourly-ipv4,ziyadnz|hourly,2026-08-17T18:48:05Z,2026-08-17T18:48:05Z,
192.177.101.125,ipv4,malicious-ip,medium,WHITE,ziyadnz/hourly-ipv4,ziyadnz|hourly,2026-08-17T18:48:05Z,2026-08-17T18:48:05Z,
192.177.101.128,ipv4,malicious-ip,medium,WHITE,ziyadnz/hourly-ipv4,ziyadnz|hourly,2026-08-17T18:48:05Z,2026-08-17T18:48:05Z,
192.177.101.14,ipv4,malicious-ip,medium,WHITE,ziyadnz/hourly-ipv4,ziyadnz|hourly,2026-08-17T18:48:05Z,2026-08-17T18:48:05Z,
192.177.101.145,ipv4,malicious-ip,medium,WHITE,ziyadnz/hourly-ipv4,ziyadnz|hourly,2026-08-17T18:48:05Z,2026-08-17T18:48:05Z,
192.177.101.149,ipv4,malicious-ip,medium,WHITE,ziyadnz/hourly-ipv4,ziyadnz|hourly,2026-08-17T18:48:05Z,2026-08-17T18:48:05Z,
192.177.101.163,ipv4,malicious-ip,medium,WHITE,ziyadnz/hourly-ipv4,ziyadnz|hourly,2026-08-17T18:48:05Z,2026-08-17T18:48:05Z,
192.177.101.171,ipv4,malicious-ip,medium,WHITE,ziyadnz/hourly-ipv4,ziyadnz|hourly,2026-08-17T18:48:05Z,2026-08-17T18:48:05Z,
192.177.101.176,ipv4,malicious-ip,medium,WHITE,ziyadnz/hourly-ipv4,ziyadnz|hourly,2026-08-17T18:48:05Z,2026-08-17T18:48:05Z,
192.177.101.193,ipv4,malicious-ip,medium,WHITE,ziyadnz/hourly-ipv4,ziyadnz|hourly,2026-08-17T18:48:05Z,2026-08-17T18:48:05Z,
192.177.101.198,ipv4,malicious-ip,medium,WHITE,ziyadnz/hourly-ipv4,ziyadnz|hourly,2026-08-17T18:48:05Z,2026-08-17T18:48:05Z,
192.177.101.210,ipv4,malicious-ip,medium,WHITE,ziyadnz/hourly-ipv4,ziyadnz|hourly,2026-08-17T18:48:05Z,2026-08-17T18:48:05Z,
192.177.101.220,ipv4,malicious-ip,medium,WHITE,ziyadnz/hourly-ipv4,ziyadnz|hourly,2026-08-17T18:48:05Z,2026-08-17T18:48:05Z,
192.177.101.248,ipv4,malicious-ip,medium,WHITE,ziyadnz/hourly-ipv4,ziyadnz|hourly,2026-08-17T18:48:05Z,2026-08-17T18:48:05Z,
192.177.101.45,ipv4,malicious-ip,medium,WHITE,ziyadnz/hourly-ipv4,ziyadnz|hourly,2026-08-17T18:48:05Z,2026-08-17T18:48:05Z,
192.177.101.5,ipv4,malicious-ip,medium,WHITE,ziyadnz/hourly-ipv4,ziyadnz|hourly,2026-08-17T18:48:05Z,2026-08-17T18:48:05Z,
192.177.101.52,ipv4,malicious-ip,medium,WHITE,ziyadnz/hourly-ipv4,ziyadnz|hourly,2026-08-17T18:48:05Z,2026-08-17T18:48:05Z,
192.177.101.67,ipv4,malicious-ip,medium,WHITE,ziyadnz/hourly-ipv4,ziyadnz|hourly,2026-08-17T18:48:05Z,2026-08-17T18:48:05Z,
192.177.101.74,ipv4,malicious-ip,medium,WHITE,ziyadnz/hourly-ipv4,ziyadnz|hourly,2026-08-17T18:48:05Z,2026-08-17T18:48:05Z,
192.177.101.89,ipv4,malicious-ip,medium,WHITE,ziyadnz/hourly-ipv4,ziyadnz|hourly,2026-08-17T18:48:05Z,2026-08-17T18:48:05Z,
192.177.105.0,ipv4,malicious-ip,medium,WHITE,ziyadnz/hourly-ipv4,ziyadnz|hourly,2026-08-17T18:48:05Z,2026-08-17T18:48:05Z,
192.177.105.133,ipv4,malicious-ip,medium,WHITE,ziyadnz/hourly-ipv4,ziyadnz|hourly,2026-08-17T18:48:05Z,2026-08-17T18:48:05Z,
192.177.105.183,ipv4,malicious-ip,medium,WHITE,ziyadnz/hourly-ipv4,ziyadnz|hourly,2026-08-17T18:48:05Z,2026-08-17T18:48:05Z,
192.177.105.22,ipv4,malicious-ip,medium,WHITE,ziyadnz/hourly-ipv4,ziyadnz|hourly,2026-08-17T18:48:05Z,2026-08-17T18:48:05Z,
192.177.105.223,ipv4,malicious-ip,medium,WHITE,ziyadnz/hourly-ipv4,ziyadnz|hourly,2026-08-17T18:48:05Z,2026-08-17T18:48:05Z,
192.177.105.226,ipv4,malicious-ip,medium,WHITE,ziyadnz/hourly-ipv4,ziyadnz|hourly,2026-08-17T18:48:05Z,2026-08-17T18:48:05Z,
192.177.105.232,ipv4,malicious-ip,medium,WHITE,ziyadnz/hourly-ipv4,ziyadnz|hourly,2026-08-17T18:48:05Z,2026-08-17T18:48:05Z,
192.177.105.235,ipv4,malicious-ip,medium,WHITE,ziyadnz/hourly-ipv4,ziyadnz|hourly,2026-08-17T18:48:05Z,2026-08-17T18:48:05Z,
192.177.105.248,ipv4,malicious-ip,medium,WHITE,ziyadnz/hourly-ipv4,ziyadnz|hourly,2026-08-17T18:48:05Z,2026-08-17T18:48:05Z,
192.177.105.26,ipv4,malicious-ip,medium,WHITE,ziyadnz/hourly-ipv4,ziyadnz|hourly,2026-08-17T18:48:05Z,2026-08-17T18:48:05Z,
192.177.105.4,ipv4,malicious-ip,medium,WHITE,ziyadnz/hourly-ipv4,ziyadnz|hourly,2026-08-17T18:48:05Z,2026-08-17T18:48:05Z,
192.177.105.46,ipv4,malicious-ip,medium,WHITE,ziyadnz/hourly-ipv4,ziyadnz|hourly,2026-08-17T18:48:05Z,2026-08-17T18:48:05Z,
192.177.105.59,ipv4,malicious-ip,medium,WHITE,ziyadnz/hourly-ipv4,ziyadnz|hourly,2026-08-17T18:48:05Z,2026-08-17T18:48:05Z,
192.177.105.69,ipv4,malicious-ip,medium,WHITE,ziyadnz/hourly-ipv4,ziyadnz|hourly,2026-08-17T18:48:05Z,2026-08-17T18:48:05Z,
192.177.105.75,ipv4,malicious-ip,medium,WHITE,ziyadnz/hourly-ipv4,ziyadnz|hourly,2026-08-17T18:48:05Z,2026-08-17T18:48:05Z,
192.177.105.84,ipv4,malicious-ip,medium,WHITE,ziyadnz/hourly-ipv4,ziyadnz|hourly,2026-08-17T18:48:05Z,2026-08-17T18:48:05Z,
192.177.105.98,ipv4,malicious-ip,medium,WHITE,ziyadnz/hourly-ipv4,ziyadnz|hourly,2026-08-17T18:48:05Z,2026-08-17T18:48:05Z,
192.177.122.0,ipv4,malicious-ip,medium,WHITE,ziyadnz/hourly-ipv4,ziyadnz|hourly,2026-08-17T18:48:05Z,2026-08-17T18:48:05Z,
192.177.122.105,ipv4,malicious-ip,medium,WHITE,ziyadnz/hourly-ipv4,ziyadnz|hourly,2026-08-17T18:48:05Z,2026-08-17T18:48:05Z,
192.177.122.111,ipv4,malicious-ip,medium,WHITE,ziyadnz/hourly-ipv4,ziyadnz|hourly,2026-08-17T18:48:05Z,2026-08-17T18:48:05Z,
192.177.122.118,ipv4,malicious-ip,medium,WHITE,ziyadnz/hourly-ipv4,ziyadnz|hourly,2026-08-17T18:48:05Z,2026-08-17T18:48:05Z,
192.177.122.128,ipv4,malicious-ip,medium,WHITE,ziyadnz/hourly-ipv4,ziyadnz|hourly,2026-08-17T18:48:05Z,2026-08-17T18:48:05Z,
192.177.122.135,ipv4,malicious-ip,medium,WHITE,ziyadnz/hourly-ipv4,ziyadnz|hourly,2026-08-17T18:48:05Z,2026-08-17T18:48:05Z,
192.177.122.168,ipv4,malicious-ip,medium,WHITE,ziyadnz/hourly-ipv4,ziyadnz|hourly,2026-08-17T18:48:05Z,2026-08-17T18:48:05Z,
192.177.122.17,ipv4,malicious-ip,medium,WHITE,ziyadnz/hourly-ipv4,ziyadnz|hourly,2026-08-17T18:48:05Z,2026-08-17T18:48:05Z,
192.177.122.19,ipv4,malicious-ip,medium,WHITE,ziyadnz/hourly-ipv4,ziyadnz|hourly,2026-08-17T18:48:05Z,2026-08-17T18:48:05Z,
192.177.122.200,ipv4,malicious-ip,medium,WHITE,ziyadnz/hourly-ipv4,ziyadnz|hourly,2026-08-17T18:48:05Z,2026-08-17T18:48:05Z,
192.177.122.204,ipv4,malicious-ip,medium,WHITE,ziyadnz/hourly-ipv4,ziyadnz|hourly,2026-08-17T18:48:05Z,2026-08-17T18:48:05Z,
192.177.122.210,ipv4,malicious-ip,medium,WHITE,ziyadnz/hourly-ipv4,ziyadnz|hourly,2026-08-17T18:48:05Z,2026-08-17T18:48:05Z,
192.177.122.232,ipv4,malicious-ip,medium,WHITE,ziyadnz/hourly-ipv4,ziyadnz|hourly,2026-08-17T18:48:05Z,2026-08-17T18:48:05Z,
192.177.122.27,ipv4,malicious-ip,medium,WHITE,ziyadnz/hourly-ipv4,ziyadnz|hourly,2026-08-17T18:48:05Z,2026-08-17T18:48:05Z,
192.177.122.38,ipv4,malicious-ip,medium,WHITE,ziyadnz/hourly-ipv4,ziyadnz|hourly,2026-08-17T18:48:05Z,2026-08-17T18:48:05Z,
192.177.122.40,ipv4,malicious-ip,medium,WHITE,ziyadnz/hourly-ipv4,ziyadnz|hourly,2026-08-17T18:48:05Z,2026-08-17T18:48:05Z,
192.177.122.51,ipv4,malicious-ip,medium,WHITE,ziyadnz/hourly-ipv4,ziyadnz|hourly,2026-08-17T18:48:05Z,2026-08-17T18:48:05Z,
192.177.122.55,ipv4,malicious-ip,medium,WHITE,ziyadnz/hourly-ipv4,ziyadnz|hourly,2026-08-17T18:48:05Z,2026-08-17T18:48:05Z,
192.177.122.60,ipv4,malicious-ip,medium,WHITE,ziyadnz/hourly-ipv4,ziyadnz|hourly,2026-08-17T18:48:05Z,2026-08-17T18:48:05Z,
192.177.122.65,ipv4,malicious-ip,medium,WHITE,ziyadnz/hourly-ipv4,ziyadnz|hourly,2026-08-17T18:48:05Z,2026-08-17T18:48:05Z,
192.177.122.70,ipv4,malicious-ip,medium,WHITE,ziyadnz/hourly-ipv4,ziyadnz|hourly,2026-08-17T18:48:05Z,2026-08-17T18:48:05Z,
192.177.122.72,ipv4,malicious-ip,medium,WHITE,ziyadnz/hourly-ipv4,ziyadnz|hourly,2026-08-17T18:48:05Z,2026-08-17T18:48:05Z,
192.177.122.98,ipv4,malicious-ip,medium,WHITE,ziyadnz/hourly-ipv4,ziyadnz|hourly,2026-08-17T18:48:05Z,2026-08-17T18:48:05Z,
192.177.177.153,ipv4,malicious-ip,medium,WHITE,ziyadnz/hourly-ipv4,ziyadnz|hourly,2026-08-17T18:48:05Z,2026-08-17T18:48:05Z,
192.177.26.210,ipv4,malicious-ip,medium,WHITE,ziyadnz/hourly-ipv4,ziyadnz|hourly,2026-08-17T18:48:05Z,2026-08-17T18:48:05Z,
192.177.26.79,ipv4,malicious-ip,medium,WHITE,ziyadnz/hourly-ipv4,ziyadnz|hourly,2026-08-17T18:48:05Z,2026-08-17T18:48:05Z,
192.182.30.142,ipv4,malicious-ip,medium,WHITE,ziyadnz/hourly-ipv4,ziyadnz|hourly,2026-08-17T18:48:05Z,2026-08-17T18:48:05Z,
192.185.176.168,ipv4,malicious-ip,medium,WHITE,ziyadnz/hourly-ipv4,ziyadnz|hourly,2026-08-17T18:48:05Z,2026-08-17T18:48:05Z,
192.185.176.170,ipv4,malicious-ip,medium,WHITE,ziyadnz/hourly-ipv4,ziyadnz|hourly,2026-08-17T18:48:05Z,2026-08-17T18:48:05Z,
192.185.48.122,ipv4,malicious-ip,medium,WHITE,ziyadnz/hourly-ipv4,ziyadnz|hourly,2026-08-17T18:48:05Z,2026-08-17T18:48:05Z,
192.198.82.235,ipv4,malicious-ip,medium,WHITE,ziyadnz/hourly-ipv4,ziyadnz|hourly,2026-08-17T18:48:05Z,2026-08-17T18:48:05Z,
192.204.42.161,ipv4,malicious-ip,medium,WHITE,ziyadnz/hourly-ipv4,ziyadnz|hourly,2026-08-17T18:48:05Z,2026-08-17T18:48:05Z,
192.204.55.238,ipv4,malicious-ip,medium,WHITE,ziyadnz/hourly-ipv4,ziyadnz|hourly,2026-08-17T18:48:05Z,2026-08-17T18:48:05Z,
192.204.57.98,ipv4,malicious-ip,medium,WHITE,ziyadnz/hourly-ipv4,ziyadnz|hourly,2026-08-17T18:48:05Z,2026-08-17T18:48:05Z,
192.210.134.37,ipv4,malicious-ip,medium,WHITE,ziyadnz/hourly-ipv4,ziyadnz|hourly,2026-08-17T18:48:05Z,2026-08-17T18:48:05Z,
192.210.136.224,ipv4,malicious-ip,medium,WHITE,ziyadnz/hourly-ipv4,ziyadnz|hourly,2026-08-17T18:48:05Z,2026-08-17T18:48:05Z,
192.210.137.81,ipv4,malicious-ip,medium,WHITE,ziyadnz/hourly-ipv4,ziyadnz|hourly,2026-08-17T18:48:05Z,2026-08-17T18:48:05Z,
192.210.150.196,ipv4,malicious-ip,medium,WHITE,ziyadnz/hourly-ipv4,ziyadnz|hourly,2026-08-17T18:48:05Z,2026-08-17T18:48:05Z,
192.210.150.198,ipv4,malicious-ip,medium,WHITE,ziyadnz/hourly-ipv4,ziyadnz|hourly,2026-08-17T18:48:05Z,2026-08-17T18:48:05Z,
192.210.150.199,ipv4,malicious-ip,medium,WHITE,ziyadnz/hourly-ipv4,ziyadnz|hourly,2026-08-17T18:48:05Z,2026-08-17T18:48:05Z,
192.210.160.141,ipv4,malicious-ip,medium,WHITE,ziyadnz/hourly-ipv4,ziyadnz|hourly,2026-08-17T18:48:05Z,2026-08-17T18:48:05Z,
192.210.162.147,ipv4,malicious-ip,medium,WHITE,ziyadnz/hourly-ipv4,ziyadnz|hourly,2026-08-17T18:48:05Z,2026-08-17T18:48:05Z,
192.210.180.26,ipv4,malicious-ip,medium,WHITE,ziyadnz/hourly-ipv4,ziyadnz|hourly,2026-08-17T18:48:05Z,2026-08-17T18:48:05Z,
192.210.183.118,ipv4,malicious-ip,medium,WHITE,ziyadnz/hourly-ipv4,ziyadnz|hourly,2026-08-17T18:48:05Z,2026-08-17T18:48:05Z,
192.210.185.152,ipv4,malicious-ip,medium,WHITE,ziyadnz/hourly-ipv4,ziyadnz|hourly,2026-08-17T18:48:05Z,2026-08-17T18:48:05Z,
192.210.203.221,ipv4,malicious-ip,medium,WHITE,ziyadnz/hourly-ipv4,ziyadnz|hourly,2026-08-17T18:48:05Z,2026-08-17T18:48:05Z,
192.210.206.252,ipv4,malicious-ip,medium,WHITE,ziyadnz/hourly-ipv4,ziyadnz|hourly,2026-08-17T18:48:05Z,2026-08-17T18:48:05Z,
192.210.213.176,ipv4,malicious-ip,medium,WHITE,ziyadnz/hourly-ipv4,ziyadnz|hourly,2026-08-17T18:48:05Z,2026-08-17T18:48:05Z,
192.210.228.134,ipv4,malicious-ip,medium,WHITE,ziyadnz/hourly-ipv4,ziyadnz|hourly,2026-08-17T18:48:05Z,2026-08-17T18:48:05Z,
192.210.239.172,ipv4,malicious-ip,medium,WHITE,ziyadnz/hourly-ipv4,ziyadnz|hourly,2026-08-17T18:48:05Z,2026-08-17T18:48:05Z,
192.210.243.12,ipv4,malicious-ip,medium,WHITE,ziyadnz/hourly-ipv4,ziyadnz|hourly,2026-08-17T18:48:05Z,2026-08-17T18:48:05Z,
192.220.69.34,ipv4,malicious-ip,medium,WHITE,ziyadnz/hourly-ipv4,ziyadnz|hourly,2026-08-17T18:48:05Z,2026-08-17T18:48:05Z,
192.222.179.52,ipv4,malicious-ip,medium,WHITE,ziyadnz/hourly-ipv4,ziyadnz|hourly,2026-08-17T18:48:05Z,2026-08-17T18:48:05Z,
192.222.19.195,ipv4,malicious-ip,medium,WHITE,ziyadnz/hourly-ipv4,ziyadnz|hourly,2026-08-17T18:48:05Z,2026-08-17T18:48:05Z,
192.223.12.90,ipv4,malicious-ip,medium,WHITE,ziyadnz/hourly-ipv4,ziyadnz|hourly,2026-08-17T18:48:05Z,2026-08-17T18:48:05Z,
192.223.99.251,ipv4,malicious-ip,medium,WHITE,ziyadnz/hourly-ipv4,ziyadnz|hourly,2026-08-17T18:48:05Z,2026-08-17T18:48:05Z,
192.225.226.217,ipv4,malicious-ip,medium,WHITE,ziyadnz/hourly-ipv4,ziyadnz|hourly,2026-08-17T18:48:05Z,2026-08-17T18:48:05Z,
192.226.233.92,ipv4,malicious-ip,medium,WHITE,ziyadnz/hourly-ipv4,ziyadnz|hourly,2026-08-17T18:48:05Z,2026-08-17T18:48:05Z,
192.227.140.105,ipv4,malicious-ip,medium,WHITE,ziyadnz/hourly-ipv4,ziyadnz|hourly,2026-08-17T18:48:05Z,2026-08-17T18:48:05Z,
192.227.152.84,ipv4,malicious-ip,medium,WHITE,ziyadnz/hourly-ipv4,ziyadnz|hourly,2026-08-17T18:48:05Z,2026-08-17T18:48:05Z,
192.227.173.105,ipv4,malicious-ip,medium,WHITE,ziyadnz/hourly-ipv4,ziyadnz|hourly,2026-08-17T18:48:05Z,2026-08-17T18:48:05Z,
192.227.183.149,ipv4,malicious-ip,medium,WHITE,ziyadnz/hourly-ipv4,ziyadnz|hourly,2026-08-17T18:48:05Z,2026-08-17T18:48:05Z,
192.227.190.11,ipv4,malicious-ip,medium,WHITE,ziyadnz/hourly-ipv4,ziyadnz|hourly,2026-08-17T18:48:05Z,2026-08-17T18:48:05Z,
192.227.211.219,ipv4,malicious-ip,medium,WHITE,ziyadnz/hourly-ipv4,ziyadnz|hourly,2026-08-17T18:48:05Z,2026-08-17T18:48:05Z,
192.227.211.220,ipv4,malicious-ip,medium,WHITE,ziyadnz/hourly-ipv4,ziyadnz|hourly,2026-08-17T18:48:05Z,2026-08-17T18:48:05Z,
192.227.211.41,ipv4,malicious-ip,medium,WHITE,ziyadnz/hourly-ipv4,ziyadnz|hourly,2026-08-17T18:48:05Z,2026-08-17T18:48:05Z,
192.227.213.228,ipv4,malicious-ip,medium,WHITE,ziyadnz/hourly-ipv4,ziyadnz|hourly,2026-08-17T18:48:05Z,2026-08-17T18:48:05Z,
192.227.215.35,ipv4,malicious-ip,medium,WHITE,ziyadnz/hourly-ipv4,ziyadnz|hourly,2026-08-17T18:48:05Z,2026-08-17T18:48:05Z,
192.227.217.230,ipv4,malicious-ip,medium,WHITE,ziyadnz/hourly-ipv4,ziyadnz|hourly,2026-08-17T18:48:05Z,2026-08-17T18:48:05Z,
192.227.225.134,ipv4,malicious-ip,medium,WHITE,ziyadnz/hourly-ipv4,ziyadnz|hourly,2026-08-17T18:48:05Z,2026-08-17T18:48:05Z,
192.227.229.63,ipv4,malicious-ip,medium,WHITE,ziyadnz/hourly-ipv4,ziyadnz|hourly,2026-08-17T18:48:05Z,2026-08-17T18:48:05Z,
192.227.249.3,ipv4,malicious-ip,medium,WHITE,ziyadnz/hourly-ipv4,ziyadnz|hourly,2026-08-17T18:48:05Z,2026-08-17T18:48:05Z,
192.228.132.94,ipv4,malicious-ip,medium,WHITE,ziyadnz/hourly-ipv4,ziyadnz|hourly,2026-08-17T18:48:05Z,2026-08-17T18:48:05Z,
192.229.115.229,ipv4,malicious-ip,medium,WHITE,ziyadnz/hourly-ipv4,ziyadnz|hourly,2026-08-17T18:48:05Z,2026-08-17T18:48:05Z,
192.236.146.12,ipv4,malicious-ip,medium,WHITE,ziyadnz/hourly-ipv4,ziyadnz|hourly,2026-08-17T18:48:05Z,2026-08-17T18:48:05Z,
192.236.149.107,ipv4,malicious-ip,medium,WHITE,ziyadnz/hourly-ipv4,ziyadnz|hourly,2026-08-17T18:48:05Z,2026-08-17T18:48:05Z,
192.236.157.54,ipv4,malicious-ip,medium,WHITE,ziyadnz/hourly-ipv4,ziyadnz|hourly,2026-08-17T18:48:05Z,2026-08-17T18:48:05Z,
192.236.168.195,ipv4,malicious-ip,medium,WHITE,ziyadnz/hourly-ipv4,ziyadnz|hourly,2026-08-17T18:48:05Z,2026-08-17T18:48:05Z,
192.236.194.247,ipv4,malicious-ip,medium,WHITE,ziyadnz/hourly-ipv4,ziyadnz|hourly,2026-08-17T18:48:05Z,2026-08-17T18:48:05Z,
192.236.225.48,ipv4,malicious-ip,medium,WHITE,ziyadnz/hourly-ipv4,ziyadnz|hourly,2026-08-17T18:48:05Z,2026-08-17T18:48:05Z,
192.236.226.182,ipv4,malicious-ip,medium,WHITE,ziyadnz/hourly-ipv4,ziyadnz|hourly,2026-08-17T18:48:05Z,2026-08-17T18:48:05Z,
192.236.229.239,ipv4,malicious-ip,medium,WHITE,ziyadnz/hourly-ipv4,ziyadnz|hourly,2026-08-17T18:48:05Z,2026-08-17T18:48:05Z,
192.236.234.16,ipv4,malicious-ip,medium,WHITE,ziyadnz/hourly-ipv4,ziyadnz|hourly,2026-08-17T18:48:05Z,2026-08-17T18:48:05Z,
192.236.236.35,ipv4,malicious-ip,medium,WHITE,ziyadnz/hourly-ipv4,ziyadnz|hourly,2026-08-17T18:48:05Z,2026-08-17T18:48:05Z,
192.236.240.231,ipv4,malicious-ip,medium,WHITE,ziyadnz/hourly-ipv4,ziyadnz|hourly,2026-08-17T18:48:05Z,2026-08-17T18:48:05Z,
192.236.244.137,ipv4,malicious-ip,medium,WHITE,ziyadnz/hourly-ipv4,ziyadnz|hourly,2026-08-17T18:48:05Z,2026-08-17T18:48:05Z,
192.238.202.17,ipv4,malicious-ip,medium,WHITE,ziyadnz/hourly-ipv4,ziyadnz|hourly,2026-08-17T18:48:05Z,2026-08-17T18:48:05Z,
192.238.205.47,ipv4,malicious-ip,medium,WHITE,ziyadnz/hourly-ipv4,ziyadnz|hourly,2026-08-17T18:48:05Z,2026-08-17T18:48:05Z,
192.241.120.184,ipv4,malicious-ip,medium,WHITE,ziyadnz/hourly-ipv4,ziyadnz|hourly,2026-08-17T18:48:05Z,2026-08-17T18:48:05Z,
192.241.133.130,ipv4,malicious-ip,medium,WHITE,ziyadnz/hourly-ipv4,ziyadnz|hourly,2026-08-17T18:48:05Z,2026-08-17T18:48:05Z,
192.241.133.218,ipv4,malicious-ip,medium,WHITE,ziyadnz/hourly-ipv4,ziyadnz|hourly,2026-08-17T18:48:05Z,2026-08-17T18:48:05Z,
192.241.134.160,ipv4,malicious-ip,medium,WHITE,ziyadnz/hourly-ipv4,ziyadnz|hourly,2026-08-17T18:48:05Z,2026-08-17T18:48:05Z,
192.241.139.130,ipv4,malicious-ip,medium,WHITE,ziyadnz/hourly-ipv4,ziyadnz|hourly,2026-08-17T18:48:05Z,2026-08-17T18:48:05Z,
192.241.141.137,ipv4,malicious-ip,medium,WHITE,ziyadnz/hourly-ipv4,ziyadnz|hourly,2026-08-17T18:48:05Z,2026-08-17T18:48:05Z,
192.241.141.178,ipv4,malicious-ip,medium,WHITE,ziyadnz/hourly-ipv4,ziyadnz|hourly,2026-08-17T18:48:05Z,2026-08-17T18:48:05Z,
192.241.143.208,ipv4,malicious-ip,medium,WHITE,ziyadnz/hourly-ipv4,ziyadnz|hourly,2026-08-17T18:48:05Z,2026-08-17T18:48:05Z,
192.241.146.135,ipv4,malicious-ip,medium,WHITE,ziyadnz/hourly-ipv4,ziyadnz|hourly,2026-08-17T18:48:05Z,2026-08-17T18:48:05Z,
192.241.148.170,ipv4,malicious-ip,medium,WHITE,ziyadnz/hourly-ipv4,ziyadnz|hourly,2026-08-17T18:48:05Z,2026-08-17T18:48:05Z,
192.241.156.252,ipv4,malicious-ip,medium,WHITE,ziyadnz/hourly-ipv4,ziyadnz|hourly,2026-08-17T18:48:05Z,2026-08-17T18:48:05Z,
192.241.157.153,ipv4,malicious-ip,medium,WHITE,ziyadnz/hourly-ipv4,ziyadnz|hourly,2026-08-17T18:48:05Z,2026-08-17T18:48:05Z,
192.241.174.171,ipv4,malicious-ip,medium,WHITE,ziyadnz/hourly-ipv4,ziyadnz|hourly,2026-08-17T18:48:05Z,2026-08-17T18:48:05Z,
192.241.179.233,ipv4,malicious-ip,medium,WHITE,ziyadnz/hourly-ipv4,ziyadnz|hourly,2026-08-17T18:48:05Z,2026-08-17T18:48:05Z,
192.241.247.178,ipv4,malicious-ip,medium,WHITE,ziyadnz/hourly-ipv4,ziyadnz|hourly,2026-08-17T18:48:05Z,2026-08-17T18:48:05Z,
192.241.253.112,ipv4,malicious-ip,medium,WHITE,ziyadnz/hourly-ipv4,ziyadnz|hourly,2026-08-17T18:48:05Z,2026-08-17T18:48:05Z,
192.241.60.99,ipv4,malicious-ip,medium,WHITE,ziyadnz/hourly-ipv4,ziyadnz|hourly,2026-08-17T18:48:05Z,2026-08-17T18:48:05Z,
192.248.145.210,ipv4,malicious-ip,medium,WHITE,ziyadnz/hourly-ipv4,ziyadnz|hourly,2026-08-17T18:48:05Z,2026-08-17T18:48:05Z,
192.248.150.57,ipv4,malicious-ip,medium,WHITE,ziyadnz/hourly-ipv4,ziyadnz|hourly,2026-08-17T18:48:05Z,2026-08-17T18:48:05Z,
192.248.180.244,ipv4,malicious-ip,medium,WHITE,ziyadnz/hourly-ipv4,ziyadnz|hourly,2026-08-17T18:48:05Z,2026-08-17T18:48:05Z,
192.248.206.92,ipv4,malicious-ip,medium,WHITE,ziyadnz/hourly-ipv4,ziyadnz|hourly,2026-08-17T18:48:05Z,2026-08-17T18:48:05Z,
192.248.66.23,ipv4,malicious-ip,medium,WHITE,ziyadnz/hourly-ipv4,ziyadnz|hourly,2026-08-17T18:48:05Z,2026-08-17T18:48:05Z,
192.250.227.227,ipv4,malicious-ip,medium,WHITE,ziyadnz/hourly-ipv4,ziyadnz|hourly,2026-08-17T18:48:05Z,2026-08-17T18:48:05Z,
192.250.228.92,ipv4,malicious-ip,medium,WHITE,ziyadnz/hourly-ipv4,ziyadnz|hourly,2026-08-17T18:48:05Z,2026-08-17T18:48:05Z,
192.250.229.214,ipv4,malicious-ip,medium,WHITE,ziyadnz/hourly-ipv4,ziyadnz|hourly,2026-08-17T18:48:05Z,2026-08-17T18:48:05Z,
192.250.229.42,ipv4,malicious-ip,medium,WHITE,ziyadnz/hourly-ipv4,ziyadnz|hourly,2026-08-17T18:48:05Z,2026-08-17T18:48:05Z,
192.250.235.172,ipv4,malicious-ip,medium,WHITE,ziyadnz/hourly-ipv4,ziyadnz|hourly,2026-08-17T18:48:05Z,2026-08-17T18:48:05Z,
192.252.176.120,ipv4,malicious-ip,medium,WHITE,ziyadnz/hourly-ipv4,ziyadnz|hourly,2026-08-17T18:48:05Z,2026-08-17T18:48:05Z,
192.252.183.116,ipv4,malicious-ip,medium,WHITE,ziyadnz/hourly-ipv4,ziyadnz|hourly,2026-08-17T18:48:05Z,2026-08-17T18:48:05Z,
192.252.183.172,ipv4,malicious-ip,medium,WHITE,ziyadnz/hourly-ipv4,ziyadnz|hourly,2026-08-17T18:48:05Z,2026-08-17T18:48:05Z,
192.252.186.62,ipv4,malicious-ip,medium,WHITE,ziyadnz/hourly-ipv4,ziyadnz|hourly,2026-08-17T18:48:05Z,2026-08-17T18:48:05Z,
192.252.189.7,ipv4,malicious-ip,medium,WHITE,ziyadnz/hourly-ipv4,ziyadnz|hourly,2026-08-17T18:48:05Z,2026-08-17T18:48:05Z,
192.252.209.155,ipv4,malicious-ip,medium,WHITE,ziyadnz/hourly-ipv4,ziyadnz|hourly,2026-08-17T18:48:05Z,2026-08-17T18:48:05Z,
192.252.209.158,ipv4,malicious-ip,medium,WHITE,ziyadnz/hourly-ipv4,ziyadnz|hourly,2026-08-17T18:48:05Z,2026-08-17T18:48:05Z,
192.252.211.193,ipv4,malicious-ip,medium,WHITE,ziyadnz/hourly-ipv4,ziyadnz|hourly,2026-08-17T18:48:05Z,2026-08-17T18:48:05Z,
192.252.211.197,ipv4,malicious-ip,medium,WHITE,ziyadnz/hourly-ipv4,ziyadnz|hourly,2026-08-17T18:48:05Z,2026-08-17T18:48:05Z,
192.252.214.17,ipv4,malicious-ip,medium,WHITE,ziyadnz/hourly-ipv4,ziyadnz|hourly,2026-08-17T18:48:05Z,2026-08-17T18:48:05Z,
192.252.214.20,ipv4,malicious-ip,medium,WHITE,ziyadnz/hourly-ipv4,ziyadnz|hourly,2026-08-17T18:48:05Z,2026-08-17T18:48:05Z,
192.252.215.2,ipv4,malicious-ip,medium,WHITE,ziyadnz/hourly-ipv4,ziyadnz|hourly,2026-08-17T18:48:05Z,2026-08-17T18:48:05Z,
192.252.215.5,ipv4,malicious-ip,medium,WHITE,ziyadnz/hourly-ipv4,ziyadnz|hourly,2026-08-17T18:48:05Z,2026-08-17T18:48:05Z,
192.252.216.81,ipv4,malicious-ip,medium,WHITE,ziyadnz/hourly-ipv4,ziyadnz|hourly,2026-08-17T18:48:05Z,2026-08-17T18:48:05Z,
192.252.216.86,ipv4,malicious-ip,medium,WHITE,ziyadnz/hourly-ipv4,ziyadnz|hourly,2026-08-17T18:48:05Z,2026-08-17T18:48:05Z,
192.253.248.0,ipv4,malicious-ip,medium,WHITE,ziyadnz/hourly-ipv4,ziyadnz|hourly,2026-08-17T18:48:05Z,2026-08-17T18:48:05Z,
192.253.248.144,ipv4,malicious-ip,medium,WHITE,ziyadnz/hourly-ipv4,ziyadnz|hourly,2026-08-17T18:48:05Z,2026-08-17T18:48:05Z,
192.253.248.169,ipv4,malicious-ip,medium,WHITE,ziyadnz/hourly-ipv4,ziyadnz|hourly,2026-08-17T18:48:05Z,2026-08-17T18:48:05Z,
192.253.248.18,ipv4,malicious-ip,medium,WHITE,ziyadnz/hourly-ipv4,ziyadnz|hourly,2026-08-17T18:48:05Z,2026-08-17T18:48:05Z,
192.253.248.181,ipv4,malicious-ip,medium,WHITE,ziyadnz/hourly-ipv4,ziyadnz|hourly,2026-08-17T18:48:05Z,2026-08-17T18:48:05Z,
192.253.248.223,ipv4,malicious-ip,medium,WHITE,ziyadnz/hourly-ipv4,ziyadnz|hourly,2026-08-17T18:48:05Z,2026-08-17T18:48:05Z,
192.253.248.226,ipv4,malicious-ip,medium,WHITE,ziyadnz/hourly-ipv4,ziyadnz|hourly,2026-08-17T18:48:05Z,2026-08-17T18:48:05Z,
192.253.248.230,ipv4,malicious-ip,medium,WHITE,ziyadnz/hourly-ipv4,ziyadnz|hourly,2026-08-17T18:48:05Z,2026-08-17T18:48:05Z,
192.253.248.40,ipv4,malicious-ip,medium,WHITE,ziyadnz/hourly-ipv4,ziyadnz|hourly,2026-08-17T18:48:05Z,2026-08-17T18:48:05Z,
192.253.248.41,ipv4,malicious-ip,medium,WHITE,ziyadnz/hourly-ipv4,ziyadnz|hourly,2026-08-17T18:48:05Z,2026-08-17T18:48:05Z,
192.253.248.5,ipv4,malicious-ip,medium,WHITE,ziyadnz/hourly-ipv4,ziyadnz|hourly,2026-08-17T18:48:05Z,2026-08-17T18:48:05Z,
192.253.248.54,ipv4,malicious-ip,medium,WHITE,ziyadnz/hourly-ipv4,ziyadnz|hourly,2026-08-17T18:48:05Z,2026-08-17T18:48:05Z,
192.253.248.62,ipv4,malicious-ip,medium,WHITE,ziyadnz/hourly-ipv4,ziyadnz|hourly,2026-08-17T18:48:05Z,2026-08-17T18:48:05Z,
192.253.248.7,ipv4,malicious-ip,medium,WHITE,ziyadnz/hourly-ipv4,ziyadnz|hourly,2026-08-17T18:48:05Z,2026-08-17T18:48:05Z,
192.253.248.96,ipv4,malicious-ip,medium,WHITE,ziyadnz/hourly-ipv4,ziyadnz|hourly,2026-08-17T18:48:05Z,2026-08-17T18:48:05Z,
192.255.136.205,ipv4,malicious-ip,medium,WHITE,ziyadnz/hourly-ipv4,ziyadnz|hourly,2026-08-17T18:48:05Z,2026-08-17T18:48:05Z,
192.255.195.139,ipv4,malicious-ip,medium,WHITE,ziyadnz/hourly-ipv4,ziyadnz|hourly,2026-08-17T18:48:05Z,2026-08-17T18:48:05Z,
192.255.201.169,ipv4,malicious-ip,medium,WHITE,ziyadnz/hourly-ipv4,ziyadnz|hourly,2026-08-17T18:48:05Z,2026-08-17T18:48:05Z,
192.255.201.6,ipv4,malicious-ip,medium,WHITE,ziyadnz/hourly-ipv4,ziyadnz|hourly,2026-08-17T18:48:05Z,2026-08-17T18:48:05Z,
192.3.118.16,ipv4,malicious-ip,medium,WHITE,ziyadnz/hourly-ipv4,ziyadnz|hourly,2026-08-17T18:48:05Z,2026-08-17T18:48:05Z,
192.3.134.24,ipv4,malicious-ip,medium,WHITE,ziyadnz/hourly-ipv4,ziyadnz|hourly,2026-08-17T18:48:05Z,2026-08-17T18:48:05Z,
192.3.140.104,ipv4,malicious-ip,medium,WHITE,ziyadnz/hourly-ipv4,ziyadnz|hourly,2026-08-17T18:48:05Z,2026-08-17T18:48:05Z,
192.3.141.163,ipv4,malicious-ip,medium,WHITE,ziyadnz/hourly-ipv4,ziyadnz|hourly,2026-08-17T18:48:05Z,2026-08-17T18:48:05Z,
192.3.146.243,ipv4,malicious-ip,medium,WHITE,ziyadnz/hourly-ipv4,ziyadnz|hourly,2026-08-17T18:48:05Z,2026-08-17T18:48:05Z,
192.3.152.183,ipv4,malicious-ip,medium,WHITE,ziyadnz/hourly-ipv4,ziyadnz|hourly,2026-08-17T18:48:05Z,2026-08-17T18:48:05Z,
192.3.154.58,ipv4,malicious-ip,medium,WHITE,ziyadnz/hourly-ipv4,ziyadnz|hourly,2026-08-17T18:48:05Z,2026-08-17T18:48:05Z,
192.3.165.37,ipv4,malicious-ip,medium,WHITE,ziyadnz/hourly-ipv4,ziyadnz|hourly,2026-08-17T18:48:05Z,2026-08-17T18:48:05Z,
192.3.170.224,ipv4,malicious-ip,medium,WHITE,ziyadnz/hourly-ipv4,ziyadnz|hourly,2026-08-17T18:48:05Z,2026-08-17T18:48:05Z,
192.3.176.138,ipv4,malicious-ip,medium,WHITE,ziyadnz/hourly-ipv4,ziyadnz|hourly,2026-08-17T18:48:05Z,2026-08-17T18:48:05Z,
192.3.176.146,ipv4,malicious-ip,medium,WHITE,ziyadnz/hourly-ipv4,ziyadnz|hourly,2026-08-17T18:48:05Z,2026-08-17T18:48:05Z,
192.3.176.174,ipv4,malicious-ip,medium,WHITE,ziyadnz/hourly-ipv4,ziyadnz|hourly,2026-08-17T18:48:05Z,2026-08-17T18:48:05Z,
192.3.178.134,ipv4,malicious-ip,medium,WHITE,ziyadnz/hourly-ipv4,ziyadnz|hourly,2026-08-17T18:48:05Z,2026-08-17T18:48:05Z,
192.3.180.222,ipv4,malicious-ip,medium,WHITE,ziyadnz/hourly-ipv4,ziyadnz|hourly,2026-08-17T18:48:05Z,2026-08-17T18:48:05Z,
192.3.196.157,ipv4,malicious-ip,medium,WHITE,ziyadnz/hourly-ipv4,ziyadnz|hourly,2026-08-17T18:48:05Z,2026-08-17T18:48:05Z,
192.3.202.72,ipv4,malicious-ip,medium,WHITE,ziyadnz/hourly-ipv4,ziyadnz|hourly,2026-08-17T18:48:05Z,2026-08-17T18:48:05Z,
192.3.21.67,ipv4,malicious-ip,medium,WHITE,ziyadnz/hourly-ipv4,ziyadnz|hourly,2026-08-17T18:48:05Z,2026-08-17T18:48:05Z,
192.3.21.82,ipv4,malicious-ip,medium,WHITE,ziyadnz/hourly-ipv4,ziyadnz|hourly,2026-08-17T18:48:05Z,2026-08-17T18:48:05Z,
192.3.218.12,ipv4,malicious-ip,medium,WHITE,ziyadnz/hourly-ipv4,ziyadnz|hourly,2026-08-17T18:48:05Z,2026-08-17T18:48:05Z,
192.3.219.68,ipv4,malicious-ip,medium,WHITE,ziyadnz/hourly-ipv4,ziyadnz|hourly,2026-08-17T18:48:05Z,2026-08-17T18:48:05Z,
192.3.220.22,ipv4,malicious-ip,medium,WHITE,ziyadnz/hourly-ipv4,ziyadnz|hourly,2026-08-17T18:48:05Z,2026-08-17T18:48:05Z,
192.3.223.10,ipv4,malicious-ip,medium,WHITE,ziyadnz/hourly-ipv4,ziyadnz|hourly,2026-08-17T18:48:05Z,2026-08-17T18:48:05Z,
192.3.226.118,ipv4,malicious-ip,medium,WHITE,ziyadnz/hourly-ipv4,ziyadnz|hourly,2026-08-17T18:48:05Z,2026-08-17T18:48:05Z,
192.3.245.183,ipv4,malicious-ip,medium,WHITE,ziyadnz/hourly-ipv4,ziyadnz|hourly,2026-08-17T18:48:05Z,2026-08-17T18:48:05Z,
192.3.248.137,ipv4,malicious-ip,medium,WHITE,ziyadnz/hourly-ipv4,ziyadnz|hourly,2026-08-17T18:48:05Z,2026-08-17T18:48:05Z,
192.3.251.67,ipv4,malicious-ip,medium,WHITE,ziyadnz/hourly-ipv4,ziyadnz|hourly,2026-08-17T18:48:05Z,2026-08-17T18:48:05Z,
192.3.3.153,ipv4,malicious-ip,medium,WHITE,ziyadnz/hourly-ipv4,ziyadnz|hourly,2026-08-17T18:48:05Z,2026-08-17T18:48:05Z,
192.3.47.79,ipv4,malicious-ip,medium,WHITE,ziyadnz/hourly-ipv4,ziyadnz|hourly,2026-08-17T18:48:05Z,2026-08-17T18:48:05Z,
192.3.51.180,ipv4,malicious-ip,medium,WHITE,ziyadnz/hourly-ipv4,ziyadnz|hourly,2026-08-17T18:48:05Z,2026-08-17T18:48:05Z,
192.3.55.125,ipv4,malicious-ip,medium,WHITE,ziyadnz/hourly-ipv4,ziyadnz|hourly,2026-08-17T18:48:05Z,2026-08-17T18:48:05Z,
192.3.60.121,ipv4,malicious-ip,medium,WHITE,ziyadnz/hourly-ipv4,ziyadnz|hourly,2026-08-17T18:48:05Z,2026-08-17T18:48:05Z,
192.3.60.156,ipv4,malicious-ip,medium,WHITE,ziyadnz/hourly-ipv4,ziyadnz|hourly,2026-08-17T18:48:05Z,2026-08-17T18:48:05Z,
192.3.60.172,ipv4,malicious-ip,medium,WHITE,ziyadnz/hourly-ipv4,ziyadnz|hourly,2026-08-17T18:48:05Z,2026-08-17T18:48:05Z,
192.3.64.210,ipv4,malicious-ip,medium,WHITE,ziyadnz/hourly-ipv4,ziyadnz|hourly,2026-08-17T18:48:05Z,2026-08-17T18:48:05Z,
192.3.84.131,ipv4,malicious-ip,medium,WHITE,ziyadnz/hourly-ipv4,ziyadnz|hourly,2026-08-17T18:48:05Z,2026-08-17T18:48:05Z,
192.3.95.152,ipv4,malicious-ip,medium,WHITE,ziyadnz/hourly-ipv4,ziyadnz|hourly,2026-08-17T18:48:05Z,2026-08-17T18:48:05Z,
192.30.139.187,ipv4,malicious-ip,medium,WHITE,ziyadnz/hourly-ipv4,ziyadnz|hourly,2026-08-17T18:48:05Z,2026-08-17T18:48:05Z,
192.30.241.106,ipv4,malicious-ip,medium,WHITE,ziyadnz/hourly-ipv4,ziyadnz|hourly,2026-08-17T18:48:05Z,2026-08-17T18:48:05Z,
192.30.242.210,ipv4,malicious-ip,medium,WHITE,ziyadnz/hourly-ipv4,ziyadnz|hourly,2026-08-17T18:48:05Z,2026-08-17T18:48:05Z,
192.34.101.234,ipv4,malicious-ip,medium,WHITE,ziyadnz/hourly-ipv4,ziyadnz|hourly,2026-08-17T18:48:05Z,2026-08-17T18:48:05Z,
192.34.57.175,ipv4,malicious-ip,medium,WHITE,ziyadnz/hourly-ipv4,ziyadnz|hourly,2026-08-17T18:48:05Z,2026-08-17T18:48:05Z,
192.34.62.126,ipv4,malicious-ip,medium,WHITE,ziyadnz/hourly-ipv4,ziyadnz|hourly,2026-08-17T18:48:05Z,2026-08-17T18:48:05Z,
192.34.80.176,ipv4,malicious-ip,medium,WHITE,ziyadnz/hourly-ipv4,ziyadnz|hourly,2026-08-17T18:48:05Z,2026-08-17T18:48:05Z,
192.36.119.61,ipv4,malicious-ip,medium,WHITE,ziyadnz/hourly-ipv4,ziyadnz|hourly,2026-08-17T18:48:05Z,2026-08-17T18:48:05Z,
192.36.27.51,ipv4,malicious-ip,medium,WHITE,ziyadnz/hourly-ipv4,ziyadnz|hourly,2026-08-17T18:48:05Z,2026-08-17T18:48:05Z,
192.36.57.164,ipv4,malicious-ip,medium,WHITE,ziyadnz/hourly-ipv4,ziyadnz|hourly,2026-08-17T18:48:05Z,2026-08-17T18:48:05Z,
192.36.57.56,ipv4,malicious-ip,medium,WHITE,ziyadnz/hourly-ipv4,ziyadnz|hourly,2026-08-17T18:48:05Z,2026-08-17T18:48:05Z,
192.42.116.0,ipv4,malicious-ip,medium,WHITE,ziyadnz/hourly-ipv4,ziyadnz|hourly,2026-08-17T18:48:05Z,2026-08-17T18:48:05Z,
192.42.116.100,ipv4,malicious-ip,medium,WHITE,ziyadnz/hourly-ipv4,ziyadnz|hourly,2026-08-17T18:48:05Z,2026-08-17T18:48:05Z,
192.42.116.101,ipv4,malicious-ip,medium,WHITE,ziyadnz/hourly-ipv4,ziyadnz|hourly,2026-08-17T18:48:05Z,2026-08-17T18:48:05Z,
192.42.116.102,ipv4,malicious-ip,medium,WHITE,ziyadnz/hourly-ipv4,ziyadnz|hourly,2026-08-17T18:48:05Z,2026-08-17T18:48:05Z,
192.42.116.103,ipv4,malicious-ip,medium,WHITE,ziyadnz/hourly-ipv4,ziyadnz|hourly,2026-08-17T18:48:05Z,2026-08-17T18:48:05Z,
192.42.116.104,ipv4,malicious-ip,medium,WHITE,ziyadnz/hourly-ipv4,ziyadnz|hourly,2026-08-17T18:48:05Z,2026-08-17T18:48:05Z,
192.42.116.106,ipv4,malicious-ip,medium,WHITE,ziyadnz/hourly-ipv4,ziyadnz|hourly,2026-08-17T18:48:05Z,2026-08-17T18:48:05Z,
192.42.116.107,ipv4,malicious-ip,medium,WHITE,ziyadnz/hourly-ipv4,ziyadnz|hourly,2026-08-17T18:48:05Z,2026-08-17T18:48:05Z,
192.42.116.108,ipv4,malicious-ip,medium,WHITE,ziyadnz/hourly-ipv4,ziyadnz|hourly,2026-08-17T18:48:05Z,2026-08-17T18:48:05Z,
192.42.116.109,ipv4,malicious-ip,medium,WHITE,ziyadnz/hourly-ipv4,ziyadnz|hourly,2026-08-17T18:48:05Z,2026-08-17T18:48:05Z,
192.42.116.110,ipv4,malicious-ip,medium,WHITE,ziyadnz/hourly-ipv4,ziyadnz|hourly,2026-08-17T18:48:05Z,2026-08-17T18:48:05Z,
192.42.116.111,ipv4,malicious-ip,medium,WHITE,ziyadnz/hourly-ipv4,ziyadnz|hourly,2026-08-17T18:48:05Z,2026-08-17T18:48:05Z,
192.42.116.112,ipv4,malicious-ip,medium,WHITE,ziyadnz/hourly-ipv4,ziyadnz|hourly,2026-08-17T18:48:05Z,2026-08-17T18:48:05Z,
192.42.116.113,ipv4,malicious-ip,medium,WHITE,ziyadnz/hourly-ipv4,ziyadnz|hourly,2026-08-17T18:48:05Z,2026-08-17T18:48:05Z,
192.42.116.114,ipv4,malicious-ip,medium,WHITE,ziyadnz/hourly-ipv4,ziyadnz|hourly,2026-08-17T18:48:05Z,2026-08-17T18:48:05Z,
192.42.116.115,ipv4,malicious-ip,medium,WHITE,ziyadnz/hourly-ipv4,ziyadnz|hourly,2026-08-17T18:48:05Z,2026-08-17T18:48:05Z,
192.42.116.116,ipv4,malicious-ip,medium,WHITE,ziyadnz/hourly-ipv4,ziyadnz|hourly,2026-08-17T18:48:05Z,2026-08-17T18:48:05Z,
192.42.116.117,ipv4,malicious-ip,medium,WHITE,ziyadnz/hourly-ipv4,ziyadnz|hourly,2026-08-17T18:48:05Z,2026-08-17T18:48:05Z,
192.42.116.118,ipv4,malicious-ip,medium,WHITE,ziyadnz/hourly-ipv4,ziyadnz|hourly,2026-08-17T18:48:05Z,2026-08-17T18:48:05Z,
192.42.116.12,ipv4,malicious-ip,medium,WHITE,ziyadnz/hourly-ipv4,ziyadnz|hourly,2026-08-17T18:48:05Z,2026-08-17T18:48:05Z,
192.42.116.13,ipv4,malicious-ip,medium,WHITE,ziyadnz/hourly-ipv4,ziyadnz|hourly,2026-08-17T18:48:05Z,2026-08-17T18:48:05Z,
192.42.116.14,ipv4,malicious-ip,medium,WHITE,ziyadnz/hourly-ipv4,ziyadnz|hourly,2026-08-17T18:48:05Z,2026-08-17T18:48:05Z,
192.42.116.142,ipv4,malicious-ip,medium,WHITE,ziyadnz/hourly-ipv4,ziyadnz|hourly,2026-08-17T18:48:05Z,2026-08-17T18:48:05Z,
192.42.116.143,ipv4,malicious-ip,medium,WHITE,ziyadnz/hourly-ipv4,ziyadnz|hourly,2026-08-17T18:48:05Z,2026-08-17T18:48:05Z,
192.42.116.144,ipv4,malicious-ip,medium,WHITE,ziyadnz/hourly-ipv4,ziyadnz|hourly,2026-08-17T18:48:05Z,2026-08-17T18:48:05Z,
192.42.116.145,ipv4,malicious-ip,medium,WHITE,ziyadnz/hourly-ipv4,ziyadnz|hourly,2026-08-17T18:48:05Z,2026-08-17T18:48:05Z,
192.42.116.15,ipv4,malicious-ip,medium,WHITE,ziyadnz/hourly-ipv4,ziyadnz|hourly,2026-08-17T18:48:05Z,2026-08-17T18:48:05Z,
192.42.116.16,ipv4,malicious-ip,medium,WHITE,ziyadnz/hourly-ipv4,ziyadnz|hourly,2026-08-17T18:48:05Z,2026-08-17T18:48:05Z,
192.42.116.17,ipv4,malicious-ip,medium,WHITE,ziyadnz/hourly-ipv4,ziyadnz|hourly,2026-08-17T18:48:05Z,2026-08-17T18:48:05Z,
192.42.116.18,ipv4,malicious-ip,medium,WHITE,ziyadnz/hourly-ipv4,ziyadnz|hourly,2026-08-17T18:48:05Z,2026-08-17T18:48:05Z,
192.42.116.19,ipv4,malicious-ip,medium,WHITE,ziyadnz/hourly-ipv4,ziyadnz|hourly,2026-08-17T18:48:05Z,2026-08-17T18:48:05Z,
192.42.116.20,ipv4,malicious-ip,medium,WHITE,ziyadnz/hourly-ipv4,ziyadnz|hourly,2026-08-17T18:48:05Z,2026-08-17T18:48:05Z,
192.42.116.21,ipv4,malicious-ip,medium,WHITE,ziyadnz/hourly-ipv4,ziyadnz|hourly,2026-08-17T18:48:05Z,2026-08-17T18:48:05Z,
192.42.116.23,ipv4,malicious-ip,medium,WHITE,ziyadnz/hourly-ipv4,ziyadnz|hourly,2026-08-17T18:48:05Z,2026-08-17T18:48:05Z,
192.42.116.24,ipv4,malicious-ip,medium,WHITE,ziyadnz/hourly-ipv4,ziyadnz|hourly,2026-08-17T18:48:05Z,2026-08-17T18:48:05Z,
192.42.116.25,ipv4,malicious-ip,medium,WHITE,ziyadnz/hourly-ipv4,ziyadnz|hourly,2026-08-17T18:48:05Z,2026-08-17T18:48:05Z,
192.42.116.26,ipv4,malicious-ip,medium,WHITE,ziyadnz/hourly-ipv4,ziyadnz|hourly,2026-08-17T18:48:05Z,2026-08-17T18:48:05Z,
192.42.116.27,ipv4,malicious-ip,medium,WHITE,ziyadnz/hourly-ipv4,ziyadnz|hourly,2026-08-17T18:48:05Z,2026-08-17T18:48:05Z,
192.42.116.42,ipv4,malicious-ip,medium,WHITE,ziyadnz/hourly-ipv4,ziyadnz|hourly,2026-08-17T18:48:05Z,2026-08-17T18:48:05Z,
192.42.116.43,ipv4,malicious-ip,medium,WHITE,ziyadnz/hourly-ipv4,ziyadnz|hourly,2026-08-17T18:48:05Z,2026-08-17T18:48:05Z,
192.42.116.44,ipv4,malicious-ip,medium,WHITE,ziyadnz/hourly-ipv4,ziyadnz|hourly,2026-08-17T18:48:05Z,2026-08-17T18:48:05Z,
192.42.116.45,ipv4,malicious-ip,medium,WHITE,ziyadnz/hourly-ipv4,ziyadnz|hourly,2026-08-17T18:48:05Z,2026-08-17T18:48:05Z,
192.42.116.46,ipv4,malicious-ip,medium,WHITE,ziyadnz/hourly-ipv4,ziyadnz|hourly,2026-08-17T18:48:05Z,2026-08-17T18:48:05Z,
192.42.116.47,ipv4,malicious-ip,medium,WHITE,ziyadnz/hourly-ipv4,ziyadnz|hourly,2026-08-17T18:48:05Z,2026-08-17T18:48:05Z,
192.42.116.48,ipv4,malicious-ip,medium,WHITE,ziyadnz/hourly-ipv4,ziyadnz|hourly,2026-08-17T18:48:05Z,2026-08-17T18:48:05Z,
192.42.116.50,ipv4,malicious-ip,medium,WHITE,ziyadnz/hourly-ipv4,ziyadnz|hourly,2026-08-17T18:48:05Z,2026-08-17T18:48:05Z,
192.42.116.51,ipv4,malicious-ip,medium,WHITE,ziyadnz/hourly-ipv4,ziyadnz|hourly,2026-08-17T18:48:05Z,2026-08-17T18:48:05Z,
192.42.116.52,ipv4,malicious-ip,medium,WHITE,ziyadnz/hourly-ipv4,ziyadnz|hourly,2026-08-17T18:48:05Z,2026-08-17T18:48:05Z,
192.42.116.53,ipv4,malicious-ip,medium,WHITE,ziyadnz/hourly-ipv4,ziyadnz|hourly,2026-08-17T18:48:05Z,2026-08-17T18:48:05Z,
192.42.116.54,ipv4,malicious-ip,medium,WHITE,ziyadnz/hourly-ipv4,ziyadnz|hourly,2026-08-17T18:48:05Z,2026-08-17T18:48:05Z,
192.42.116.55,ipv4,malicious-ip,medium,WHITE,ziyadnz/hourly-ipv4,ziyadnz|hourly,2026-08-17T18:48:05Z,2026-08-17T18:48:05Z,
192.42.116.56,ipv4,malicious-ip,medium,WHITE,ziyadnz/hourly-ipv4,ziyadnz|hourly,2026-08-17T18:48:05Z,2026-08-17T18:48:05Z,
192.42.116.57,ipv4,malicious-ip,medium,WHITE,ziyadnz/hourly-ipv4,ziyadnz|hourly,2026-08-17T18:48:05Z,2026-08-17T18:48:05Z,
192.42.116.58,ipv4,malicious-ip,medium,WHITE,ziyadnz/hourly-ipv4,ziyadnz|hourly,2026-08-17T18:48:05Z,2026-08-17T18:48:05Z,
192.42.116.59,ipv4,malicious-ip,medium,WHITE,ziyadnz/hourly-ipv4,ziyadnz|hourly,2026-08-17T18:48:05Z,2026-08-17T18:48:05Z,
192.42.116.60,ipv4,malicious-ip,medium,WHITE,ziyadnz/hourly-ipv4,ziyadnz|hourly,2026-08-17T18:48:05Z,2026-08-17T18:48:05Z,
192.42.116.61,ipv4,malicious-ip,medium,WHITE,ziyadnz/hourly-ipv4,ziyadnz|hourly,2026-08-17T18:48:05Z,2026-08-17T18:48:05Z,
192.42.116.62,ipv4,malicious-ip,medium,WHITE,ziyadnz/hourly-ipv4,ziyadnz|hourly,2026-08-17T18:48:05Z,2026-08-17T18:48:05Z,
192.42.116.64,ipv4,malicious-ip,medium,WHITE,ziyadnz/hourly-ipv4,ziyadnz|hourly,2026-08-17T18:48:05Z,2026-08-17T18:48:05Z,
192.42.116.65,ipv4,malicious-ip,medium,WHITE,ziyadnz/hourly-ipv4,ziyadnz|hourly,2026-08-17T18:48:05Z,2026-08-17T18:48:05Z,
192.42.116.66,ipv4,malicious-ip,medium,WHITE,ziyadnz/hourly-ipv4,ziyadnz|hourly,2026-08-17T18:48:05Z,2026-08-17T18:48:05Z,
192.42.116.67,ipv4,malicious-ip,medium,WHITE,ziyadnz/hourly-ipv4,ziyadnz|hourly,2026-08-17T18:48:05Z,2026-08-17T18:48:05Z,
192.42.116.68,ipv4,malicious-ip,medium,WHITE,ziyadnz/hourly-ipv4,ziyadnz|hourly,2026-08-17T18:48:05Z,2026-08-17T18:48:05Z,
192.42.116.92,ipv4,malicious-ip,medium,WHITE,ziyadnz/hourly-ipv4,ziyadnz|hourly,2026-08-17T18:48:05Z,2026-08-17T18:48:05Z,
192.42.116.93,ipv4,malicious-ip,medium,WHITE,ziyadnz/hourly-ipv4,ziyadnz|hourly,2026-08-17T18:48:05Z,2026-08-17T18:48:05Z,
192.42.116.94,ipv4,malicious-ip,medium,WHITE,ziyadnz/hourly-ipv4,ziyadnz|hourly,2026-08-17T18:48:05Z,2026-08-17T18:48:05Z,
192.42.116.95,ipv4,malicious-ip,medium,WHITE,ziyadnz/hourly-ipv4,ziyadnz|hourly,2026-08-17T18:48:05Z,2026-08-17T18:48:05Z,
192.42.116.96,ipv4,malicious-ip,medium,WHITE,ziyadnz/hourly-ipv4,ziyadnz|hourly,2026-08-17T18:48:05Z,2026-08-17T18:48:05Z,
192.42.116.97,ipv4,malicious-ip,medium,WHITE,ziyadnz/hourly-ipv4,ziyadnz|hourly,2026-08-17T18:48:05Z,2026-08-17T18:48:05Z,
192.42.116.98,ipv4,malicious-ip,medium,WHITE,ziyadnz/hourly-ipv4,ziyadnz|hourly,2026-08-17T18:48:05Z,2026-08-17T18:48:05Z,
192.42.116.99,ipv4,malicious-ip,medium,WHITE,ziyadnz/hourly-ipv4,ziyadnz|hourly,2026-08-17T18:48:05Z,2026-08-17T18:48:05Z,
192.46.209.203,ipv4,malicious-ip,medium,WHITE,ziyadnz/hourly-ipv4,ziyadnz|hourly,2026-08-17T18:48:05Z,2026-08-17T18:48:05Z,
192.46.211.119,ipv4,malicious-ip,medium,WHITE,ziyadnz/hourly-ipv4,ziyadnz|hourly,2026-08-17T18:48:05Z,2026-08-17T18:48:05Z,
192.46.222.159,ipv4,malicious-ip,medium,WHITE,ziyadnz/hourly-ipv4,ziyadnz|hourly,2026-08-17T18:48:05Z,2026-08-17T18:48:05Z,
192.46.223.211,ipv4,malicious-ip,medium,WHITE,ziyadnz/hourly-ipv4,ziyadnz|hourly,2026-08-17T18:48:05Z,2026-08-17T18:48:05Z,
192.46.231.103,ipv4,malicious-ip,medium,WHITE,ziyadnz/hourly-ipv4,ziyadnz|hourly,2026-08-17T18:48:05Z,2026-08-17T18:48:05Z,
192.46.237.163,ipv4,malicious-ip,medium,WHITE,ziyadnz/hourly-ipv4,ziyadnz|hourly,2026-08-17T18:48:05Z,2026-08-17T18:48:05Z,
192.5.36.19,ipv4,malicious-ip,medium,WHITE,ziyadnz/hourly-ipv4,ziyadnz|hourly,2026-08-17T18:48:05Z,2026-08-17T18:48:05Z,
192.52.166.76,ipv4,malicious-ip,medium,WHITE,ziyadnz/hourly-ipv4,ziyadnz|hourly,2026-08-17T18:48:05Z,2026-08-17T18:48:05Z,
192.53.121.228,ipv4,malicious-ip,medium,WHITE,ziyadnz/hourly-ipv4,ziyadnz|hourly,2026-08-17T18:48:05Z,2026-08-17T18:48:05Z,
192.53.121.241,ipv4,malicious-ip,medium,WHITE,ziyadnz/hourly-ipv4,ziyadnz|hourly,2026-08-17T18:48:05Z,2026-08-17T18:48:05Z,
192.53.121.87,ipv4,malicious-ip,medium,WHITE,ziyadnz/hourly-ipv4,ziyadnz|hourly,2026-08-17T18:48:05Z,2026-08-17T18:48:05Z,
192.53.122.11,ipv4,malicious-ip,medium,WHITE,ziyadnz/hourly-ipv4,ziyadnz|hourly,2026-08-17T18:48:05Z,2026-08-17T18:48:05Z,
192.6.160.37,ipv4,malicious-ip,medium,WHITE,ziyadnz/hourly-ipv4,ziyadnz|hourly,2026-08-17T18:48:05Z,2026-08-17T18:48:05Z,
192.6.160.4,ipv4,malicious-ip,medium,WHITE,ziyadnz/hourly-ipv4,ziyadnz|hourly,2026-08-17T18:48:05Z,2026-08-17T18:48:05Z,
192.61.105.148,ipv4,malicious-ip,medium,WHITE,ziyadnz/hourly-ipv4,ziyadnz|hourly,2026-08-17T18:48:05Z,2026-08-17T18:48:05Z,
192.64.117.132,ipv4,malicious-ip,medium,WHITE,ziyadnz/hourly-ipv4,ziyadnz|hourly,2026-08-17T18:48:05Z,2026-08-17T18:48:05Z,
192.64.118.167,ipv4,malicious-ip,medium,WHITE,ziyadnz/hourly-ipv4,ziyadnz|hourly,2026-08-17T18:48:05Z,2026-08-17T18:48:05Z,
192.64.119.13,ipv4,malicious-ip,medium,WHITE,ziyadnz/hourly-ipv4,ziyadnz|hourly,2026-08-17T18:48:05Z,2026-08-17T18:48:05Z,
192.64.190.25,ipv4,malicious-ip,medium,WHITE,ziyadnz/hourly-ipv4,ziyadnz|hourly,2026-08-17T18:48:05Z,2026-08-17T18:48:05Z,
192.67.197.165,ipv4,malicious-ip,medium,WHITE,ziyadnz/hourly-ipv4,ziyadnz|hourly,2026-08-17T18:48:05Z,2026-08-17T18:48:05Z,
192.69.90.31,ipv4,malicious-ip,medium,WHITE,ziyadnz/hourly-ipv4,ziyadnz|hourly,2026-08-17T18:48:05Z,2026-08-17T18:48:05Z,
192.74.226.142,ipv4,malicious-ip,medium,WHITE,ziyadnz/hourly-ipv4,ziyadnz|hourly,2026-08-17T18:48:05Z,2026-08-17T18:48:05Z,
192.74.236.33,ipv4,malicious-ip,medium,WHITE,ziyadnz/hourly-ipv4,ziyadnz|hourly,2026-08-17T18:48:05Z,2026-08-17T18:48:05Z,
192.74.236.34,ipv4,malicious-ip,medium,WHITE,ziyadnz/hourly-ipv4,ziyadnz|hourly,2026-08-17T18:48:05Z,2026-08-17T18:48:05Z,
192.74.236.35,ipv4,malicious-ip,medium,WHITE,ziyadnz/hourly-ipv4,ziyadnz|hourly,2026-08-17T18:48:05Z,2026-08-17T18:48:05Z,
192.74.236.36,ipv4,malicious-ip,medium,WHITE,ziyadnz/hourly-ipv4,ziyadnz|hourly,2026-08-17T18:48:05Z,2026-08-17T18:48:05Z,
192.74.254.229,ipv4,malicious-ip,medium,WHITE,ziyadnz/hourly-ipv4,ziyadnz|hourly,2026-08-17T18:48:05Z,2026-08-17T18:48:05Z,
192.76.153.253,ipv4,malicious-ip,medium,WHITE,ziyadnz/hourly-ipv4,ziyadnz|hourly,2026-08-17T18:48:05Z,2026-08-17T18:48:05Z,
192.81.131.122,ipv4,malicious-ip,medium,WHITE,ziyadnz/hourly-ipv4,ziyadnz|hourly,2026-08-17T18:48:05Z,2026-08-17T18:48:05Z,
192.81.131.141,ipv4,malicious-ip,medium,WHITE,ziyadnz/hourly-ipv4,ziyadnz|hourly,2026-08-17T18:48:05Z,2026-08-17T18:48:05Z,
192.81.131.148,ipv4,malicious-ip,medium,WHITE,ziyadnz/hourly-ipv4,ziyadnz|hourly,2026-08-17T18:48:05Z,2026-08-17T18:48:05Z,
192.81.131.191,ipv4,malicious-ip,medium,WHITE,ziyadnz/hourly-ipv4,ziyadnz|hourly,2026-08-17T18:48:05Z,2026-08-17T18:48:05Z,
192.81.131.92,ipv4,malicious-ip,medium,WHITE,ziyadnz/hourly-ipv4,ziyadnz|hourly,2026-08-17T18:48:05Z,2026-08-17T18:48:05Z,
192.81.132.72,ipv4,malicious-ip,medium,WHITE,ziyadnz/hourly-ipv4,ziyadnz|hourly,2026-08-17T18:48:05Z,2026-08-17T18:48:05Z,
192.81.209.168,ipv4,malicious-ip,medium,WHITE,ziyadnz/hourly-ipv4,ziyadnz|hourly,2026-08-17T18:48:05Z,2026-08-17T18:48:05Z,
192.81.213.178,ipv4,malicious-ip,medium,WHITE,ziyadnz/hourly-ipv4,ziyadnz|hourly,2026-08-17T18:48:05Z,2026-08-17T18:48:05Z,
192.82.88.93,ipv4,malicious-ip,medium,WHITE,ziyadnz/hourly-ipv4,ziyadnz|hourly,2026-08-17T18:48:05Z,2026-08-17T18:48:05Z,
192.87.173.76,ipv4,malicious-ip,medium,WHITE,ziyadnz/hourly-ipv4,ziyadnz|hourly,2026-08-17T18:48:05Z,2026-08-17T18:48:05Z,
192.9.171.168,ipv4,malicious-ip,medium,WHITE,ziyadnz/hourly-ipv4,ziyadnz|hourly,2026-08-17T18:48:05Z,2026-08-17T18:48:05Z,
192.9.178.130,ipv4,malicious-ip,medium,WHITE,ziyadnz/hourly-ipv4,ziyadnz|hourly,2026-08-17T18:48:05Z,2026-08-17T18:48:05Z,
192.9.191.80,ipv4,malicious-ip,medium,WHITE,ziyadnz/hourly-ipv4,ziyadnz|hourly,2026-08-17T18:48:05Z,2026-08-17T18:48:05Z,
192.95.10.204,ipv4,malicious-ip,medium,WHITE,ziyadnz/hourly-ipv4,ziyadnz|hourly,2026-08-17T18:48:05Z,2026-08-17T18:48:05Z,
192.95.10.213,ipv4,malicious-ip,medium,WHITE,ziyadnz/hourly-ipv4,ziyadnz|hourly,2026-08-17T18:48:05Z,2026-08-17T18:48:05Z,
192.95.20.52,ipv4,malicious-ip,medium,WHITE,ziyadnz/hourly-ipv4,ziyadnz|hourly,2026-08-17T18:48:05Z,2026-08-17T18:48:05Z,
192.95.6.196,ipv4,malicious-ip,medium,WHITE,ziyadnz/hourly-ipv4,ziyadnz|hourly,2026-08-17T18:48:05Z,2026-08-17T18:48:05Z,
192.99.145.154,ipv4,malicious-ip,medium,WHITE,ziyadnz/hourly-ipv4,ziyadnz|hourly,2026-08-17T18:48:05Z,2026-08-17T18:48:05Z,
192.99.169.240,ipv4,malicious-ip,medium,WHITE,ziyadnz/hourly-ipv4,ziyadnz|hourly,2026-08-17T18:48:05Z,2026-08-17T18:48:05Z,
192.99.169.99,ipv4,malicious-ip,medium,WHITE,ziyadnz/hourly-ipv4,ziyadnz|hourly,2026-08-17T18:48:05Z,2026-08-17T18:48:05Z,
192.99.180.181,ipv4,malicious-ip,medium,WHITE,ziyadnz/hourly-ipv4,ziyadnz|hourly,2026-08-17T18:48:05Z,2026-08-17T18:48:05Z,
192.99.210.154,ipv4,malicious-ip,medium,WHITE,ziyadnz/hourly-ipv4,ziyadnz|hourly,2026-08-17T18:48:05Z,2026-08-17T18:48:05Z,
192.99.251.50,ipv4,malicious-ip,medium,WHITE,ziyadnz/hourly-ipv4,ziyadnz|hourly,2026-08-17T18:48:05Z,2026-08-17T18:48:05Z,
193.0.228.20,ipv4,malicious-ip,medium,WHITE,ziyadnz/hourly-ipv4,ziyadnz|hourly,2026-08-17T18:48:05Z,2026-08-17T18:48:05Z,
193.104.179.151,ipv4,malicious-ip,medium,WHITE,ziyadnz/hourly-ipv4,ziyadnz|hourly,2026-08-17T18:48:05Z,2026-08-17T18:48:05Z,
193.104.179.165,ipv4,malicious-ip,medium,WHITE,ziyadnz/hourly-ipv4,ziyadnz|hourly,2026-08-17T18:48:05Z,2026-08-17T18:48:05Z,
193.104.179.188,ipv4,malicious-ip,medium,WHITE,ziyadnz/hourly-ipv4,ziyadnz|hourly,2026-08-17T18:48:05Z,2026-08-17T18:48:05Z,
193.104.58.60,ipv4,malicious-ip,medium,WHITE,ziyadnz/hourly-ipv4,ziyadnz|hourly,2026-08-17T18:48:05Z,2026-08-17T18:48:05Z,
193.105.134.150,ipv4,malicious-ip,medium,WHITE,ziyadnz/hourly-ipv4,ziyadnz|hourly,2026-08-17T18:48:05Z,2026-08-17T18:48:05Z,
193.105.134.155,ipv4,malicious-ip,medium,WHITE,ziyadnz/hourly-ipv4,ziyadnz|hourly,2026-08-17T18:48:05Z,2026-08-17T18:48:05Z,
193.105.134.254,ipv4,malicious-ip,medium,WHITE,ziyadnz/hourly-ipv4,ziyadnz|hourly,2026-08-17T18:48:05Z,2026-08-17T18:48:05Z,
193.105.134.45,ipv4,malicious-ip,medium,WHITE,ziyadnz/hourly-ipv4,ziyadnz|hourly,2026-08-17T18:48:05Z,2026-08-17T18:48:05Z,
193.105.74.4,ipv4,malicious-ip,medium,WHITE,ziyadnz/hourly-ipv4,ziyadnz|hourly,2026-08-17T18:48:05Z,2026-08-17T18:48:05Z,
193.106.175.107,ipv4,malicious-ip,medium,WHITE,ziyadnz/hourly-ipv4,ziyadnz|hourly,2026-08-17T18:48:05Z,2026-08-17T18:48:05Z,
193.106.175.11,ipv4,malicious-ip,medium,WHITE,ziyadnz/hourly-ipv4,ziyadnz|hourly,2026-08-17T18:48:05Z,2026-08-17T18:48:05Z,
193.106.175.177,ipv4,malicious-ip,medium,WHITE,ziyadnz/hourly-ipv4,ziyadnz|hourly,2026-08-17T18:48:05Z,2026-08-17T18:48:05Z,
193.106.175.48,ipv4,malicious-ip,medium,WHITE,ziyadnz/hourly-ipv4,ziyadnz|hourly,2026-08-17T18:48:05Z,2026-08-17T18:48:05Z,
193.106.185.164,ipv4,malicious-ip,medium,WHITE,ziyadnz/hourly-ipv4,ziyadnz|hourly,2026-08-17T18:48:05Z,2026-08-17T18:48:05Z,
193.106.191.121,ipv4,malicious-ip,medium,WHITE,ziyadnz/hourly-ipv4,ziyadnz|hourly,2026-08-17T18:48:05Z,2026-08-17T18:48:05Z,
193.106.191.162,ipv4,malicious-ip,medium,WHITE,ziyadnz/hourly-ipv4,ziyadnz|hourly,2026-08-17T18:48:05Z,2026-08-17T18:48:05Z,
193.106.191.166,ipv4,malicious-ip,medium,WHITE,ziyadnz/hourly-ipv4,ziyadnz|hourly,2026-08-17T18:48:05Z,2026-08-17T18:48:05Z,
193.106.191.168,ipv4,malicious-ip,medium,WHITE,ziyadnz/hourly-ipv4,ziyadnz|hourly,2026-08-17T18:48:05Z,2026-08-17T18:48:05Z,
193.106.191.184,ipv4,malicious-ip,medium,WHITE,ziyadnz/hourly-ipv4,ziyadnz|hourly,2026-08-17T18:48:05Z,2026-08-17T18:48:05Z,
193.106.191.185,ipv4,malicious-ip,medium,WHITE,ziyadnz/hourly-ipv4,ziyadnz|hourly,2026-08-17T18:48:05Z,2026-08-17T18:48:05Z,
193.106.191.201,ipv4,malicious-ip,medium,WHITE,ziyadnz/hourly-ipv4,ziyadnz|hourly,2026-08-17T18:48:05Z,2026-08-17T18:48:05Z,
193.106.196.140,ipv4,malicious-ip,medium,WHITE,ziyadnz/hourly-ipv4,ziyadnz|hourly,2026-08-17T18:48:05Z,2026-08-17T18:48:05Z,
193.106.196.252,ipv4,malicious-ip,medium,WHITE,ziyadnz/hourly-ipv4,ziyadnz|hourly,2026-08-17T18:48:05Z,2026-08-17T18:48:05Z,
193.106.245.20,ipv4,malicious-ip,medium,WHITE,ziyadnz/hourly-ipv4,ziyadnz|hourly,2026-08-17T18:48:05Z,2026-08-17T18:48:05Z,
193.106.31.146,ipv4,malicious-ip,medium,WHITE,ziyadnz/hourly-ipv4,ziyadnz|hourly,2026-08-17T18:48:05Z,2026-08-17T18:48:05Z,
193.106.31.154,ipv4,malicious-ip,medium,WHITE,ziyadnz/hourly-ipv4,ziyadnz|hourly,2026-08-17T18:48:05Z,2026-08-17T18:48:05Z,
193.106.63.45,ipv4,malicious-ip,medium,WHITE,ziyadnz/hourly-ipv4,ziyadnz|hourly,2026-08-17T18:48:05Z,2026-08-17T18:48:05Z,
193.106.64.21,ipv4,malicious-ip,medium,WHITE,ziyadnz/hourly-ipv4,ziyadnz|hourly,2026-08-17T18:48:05Z,2026-08-17T18:48:05Z,
193.107.107.23,ipv4,malicious-ip,medium,WHITE,ziyadnz/hourly-ipv4,ziyadnz|hourly,2026-08-17T18:48:05Z,2026-08-17T18:48:05Z,
193.107.107.66,ipv4,malicious-ip,medium,WHITE,ziyadnz/hourly-ipv4,ziyadnz|hourly,2026-08-17T18:48:05Z,2026-08-17T18:48:05Z,
193.107.171.233,ipv4,malicious-ip,medium,WHITE,ziyadnz/hourly-ipv4,ziyadnz|hourly,2026-08-17T18:48:05Z,2026-08-17T18:48:05Z,
193.107.177.23,ipv4,malicious-ip,medium,WHITE,ziyadnz/hourly-ipv4,ziyadnz|hourly,2026-08-17T18:48:05Z,2026-08-17T18:48:05Z,
193.107.177.44,ipv4,malicious-ip,medium,WHITE,ziyadnz/hourly-ipv4,ziyadnz|hourly,2026-08-17T18:48:05Z,2026-08-17T18:48:05Z,
193.107.177.54,ipv4,malicious-ip,medium,WHITE,ziyadnz/hourly-ipv4,ziyadnz|hourly,2026-08-17T18:48:05Z,2026-08-17T18:48:05Z,
193.107.177.61,ipv4,malicious-ip,medium,WHITE,ziyadnz/hourly-ipv4,ziyadnz|hourly,2026-08-17T18:48:05Z,2026-08-17T18:48:05Z,
193.107.177.68,ipv4,malicious-ip,medium,WHITE,ziyadnz/hourly-ipv4,ziyadnz|hourly,2026-08-17T18:48:05Z,2026-08-17T18:48:05Z,
193.107.20.12,ipv4,malicious-ip,medium,WHITE,ziyadnz/hourly-ipv4,ziyadnz|hourly,2026-08-17T18:48:05Z,2026-08-17T18:48:05Z,
193.107.44.18,ipv4,malicious-ip,medium,WHITE,ziyadnz/hourly-ipv4,ziyadnz|hourly,2026-08-17T18:48:05Z,2026-08-17T18:48:05Z,
193.108.241.129,ipv4,malicious-ip,medium,WHITE,ziyadnz/hourly-ipv4,ziyadnz|hourly,2026-08-17T18:48:05Z,2026-08-17T18:48:05Z,
193.108.241.255,ipv4,malicious-ip,medium,WHITE,ziyadnz/hourly-ipv4,ziyadnz|hourly,2026-08-17T18:48:05Z,2026-08-17T18:48:05Z,
193.108.241.51,ipv4,malicious-ip,medium,WHITE,ziyadnz/hourly-ipv4,ziyadnz|hourly,2026-08-17T18:48:05Z,2026-08-17T18:48:05Z,
193.108.58.234,ipv4,malicious-ip,medium,WHITE,ziyadnz/hourly-ipv4,ziyadnz|hourly,2026-08-17T18:48:05Z,2026-08-17T18:48:05Z,
193.109.85.231,ipv4,malicious-ip,medium,WHITE,ziyadnz/hourly-ipv4,ziyadnz|hourly,2026-08-17T18:48:05Z,2026-08-17T18:48:05Z,
193.111.117.50,ipv4,malicious-ip,medium,WHITE,ziyadnz/hourly-ipv4,ziyadnz|hourly,2026-08-17T18:48:05Z,2026-08-17T18:48:05Z,
193.111.117.51,ipv4,malicious-ip,medium,WHITE,ziyadnz/hourly-ipv4,ziyadnz|hourly,2026-08-17T18:48:05Z,2026-08-17T18:48:05Z,
193.111.125.117,ipv4,malicious-ip,medium,WHITE,ziyadnz/hourly-ipv4,ziyadnz|hourly,2026-08-17T18:48:05Z,2026-08-17T18:48:05Z,
193.111.208.110,ipv4,malicious-ip,medium,WHITE,ziyadnz/hourly-ipv4,ziyadnz|hourly,2026-08-17T18:48:05Z,2026-08-17T18:48:05Z,
193.111.248.148,ipv4,malicious-ip,medium,WHITE,ziyadnz/hourly-ipv4,ziyadnz|hourly,2026-08-17T18:48:05Z,2026-08-17T18:48:05Z,
193.111.3.59,ipv4,malicious-ip,medium,WHITE,ziyadnz/hourly-ipv4,ziyadnz|hourly,2026-08-17T18:48:05Z,2026-08-17T18:48:05Z,
193.112.105.97,ipv4,malicious-ip,medium,WHITE,ziyadnz/hourly-ipv4,ziyadnz|hourly,2026-08-17T18:48:05Z,2026-08-17T18:48:05Z,
193.112.206.6,ipv4,malicious-ip,medium,WHITE,ziyadnz/hourly-ipv4,ziyadnz|hourly,2026-08-17T18:48:05Z,2026-08-17T18:48:05Z,
193.112.62.97,ipv4,malicious-ip,medium,WHITE,ziyadnz/hourly-ipv4,ziyadnz|hourly,2026-08-17T18:48:05Z,2026-08-17T18:48:05Z,
193.114.36.197,ipv4,malicious-ip,medium,WHITE,ziyadnz/hourly-ipv4,ziyadnz|hourly,2026-08-17T18:48:05Z,2026-08-17T18:48:05Z,
193.118.52.50,ipv4,malicious-ip,medium,WHITE,ziyadnz/hourly-ipv4,ziyadnz|hourly,2026-08-17T18:48:05Z,2026-08-17T18:48:05Z,
193.118.52.54,ipv4,malicious-ip,medium,WHITE,ziyadnz/hourly-ipv4,ziyadnz|hourly,2026-08-17T18:48:05Z,2026-08-17T18:48:05Z,
193.122.110.22,ipv4,malicious-ip,medium,WHITE,ziyadnz/hourly-ipv4,ziyadnz|hourly,2026-08-17T18:48:05Z,2026-08-17T18:48:05Z,
193.122.119.11,ipv4,malicious-ip,medium,WHITE,ziyadnz/hourly-ipv4,ziyadnz|hourly,2026-08-17T18:48:05Z,2026-08-17T18:48:05Z,
193.122.70.111,ipv4,malicious-ip,medium,WHITE,ziyadnz/hourly-ipv4,ziyadnz|hourly,2026-08-17T18:48:05Z,2026-08-17T18:48:05Z,
193.124.125.78,ipv4,malicious-ip,medium,WHITE,ziyadnz/hourly-ipv4,ziyadnz|hourly,2026-08-17T18:48:05Z,2026-08-17T18:48:05Z,
193.124.185.116,ipv4,malicious-ip,medium,WHITE,ziyadnz/hourly-ipv4,ziyadnz|hourly,2026-08-17T18:48:05Z,2026-08-17T18:48:05Z,
193.124.185.117,ipv4,malicious-ip,medium,WHITE,ziyadnz/hourly-ipv4,ziyadnz|hourly,2026-08-17T18:48:05Z,2026-08-17T18:48:05Z,
193.124.20.0,ipv4,malicious-ip,medium,WHITE,ziyadnz/hourly-ipv4,ziyadnz|hourly,2026-08-17T18:48:05Z,2026-08-17T18:48:05Z,
193.124.20.226,ipv4,malicious-ip,medium,WHITE,ziyadnz/hourly-ipv4,ziyadnz|hourly,2026-08-17T18:48:05Z,2026-08-17T18:48:05Z,
193.124.20.227,ipv4,malicious-ip,medium,WHITE,ziyadnz/hourly-ipv4,ziyadnz|hourly,2026-08-17T18:48:05Z,2026-08-17T18:48:05Z,
193.124.20.228,ipv4,malicious-ip,medium,WHITE,ziyadnz/hourly-ipv4,ziyadnz|hourly,2026-08-17T18:48:05Z,2026-08-17T18:48:05Z,
193.124.20.229,ipv4,malicious-ip,medium,WHITE,ziyadnz/hourly-ipv4,ziyadnz|hourly,2026-08-17T18:48:05Z,2026-08-17T18:48:05Z,
193.124.20.230,ipv4,malicious-ip,medium,WHITE,ziyadnz/hourly-ipv4,ziyadnz|hourly,2026-08-17T18:48:05Z,2026-08-17T18:48:05Z,
193.124.20.231,ipv4,malicious-ip,medium,WHITE,ziyadnz/hourly-ipv4,ziyadnz|hourly,2026-08-17T18:48:05Z,2026-08-17T18:48:05Z,
193.124.20.232,ipv4,malicious-ip,medium,WHITE,ziyadnz/hourly-ipv4,ziyadnz|hourly,2026-08-17T18:48:05Z,2026-08-17T18:48:05Z,
193.124.20.233,ipv4,malicious-ip,medium,WHITE,ziyadnz/hourly-ipv4,ziyadnz|hourly,2026-08-17T18:48:05Z,2026-08-17T18:48:05Z,
193.124.20.234,ipv4,malicious-ip,medium,WHITE,ziyadnz/hourly-ipv4,ziyadnz|hourly,2026-08-17T18:48:05Z,2026-08-17T18:48:05Z,
193.124.20.235,ipv4,malicious-ip,medium,WHITE,ziyadnz/hourly-ipv4,ziyadnz|hourly,2026-08-17T18:48:05Z,2026-08-17T18:48:05Z,
193.124.20.236,ipv4,malicious-ip,medium,WHITE,ziyadnz/hourly-ipv4,ziyadnz|hourly,2026-08-17T18:48:05Z,2026-08-17T18:48:05Z,
193.124.20.237,ipv4,malicious-ip,medium,WHITE,ziyadnz/hourly-ipv4,ziyadnz|hourly,2026-08-17T18:48:05Z,2026-08-17T18:48:05Z,
193.124.20.238,ipv4,malicious-ip,medium,WHITE,ziyadnz/hourly-ipv4,ziyadnz|hourly,2026-08-17T18:48:05Z,2026-08-17T18:48:05Z,
193.124.20.243,ipv4,malicious-ip,medium,WHITE,ziyadnz/hourly-ipv4,ziyadnz|hourly,2026-08-17T18:48:05Z,2026-08-17T18:48:05Z,
193.124.20.244,ipv4,malicious-ip,medium,WHITE,ziyadnz/hourly-ipv4,ziyadnz|hourly,2026-08-17T18:48:05Z,2026-08-17T18:48:05Z,
193.124.20.245,ipv4,malicious-ip,medium,WHITE,ziyadnz/hourly-ipv4,ziyadnz|hourly,2026-08-17T18:48:05Z,2026-08-17T18:48:05Z,
193.124.20.246,ipv4,malicious-ip,medium,WHITE,ziyadnz/hourly-ipv4,ziyadnz|hourly,2026-08-17T18:48:05Z,2026-08-17T18:48:05Z,
193.124.20.247,ipv4,malicious-ip,medium,WHITE,ziyadnz/hourly-ipv4,ziyadnz|hourly,2026-08-17T18:48:05Z,2026-08-17T18:48:05Z,
193.124.20.248,ipv4,malicious-ip,medium,WHITE,ziyadnz/hourly-ipv4,ziyadnz|hourly,2026-08-17T18:48:05Z,2026-08-17T18:48:05Z,
193.124.20.249,ipv4,malicious-ip,medium,WHITE,ziyadnz/hourly-ipv4,ziyadnz|hourly,2026-08-17T18:48:05Z,2026-08-17T18:48:05Z,
193.124.20.250,ipv4,malicious-ip,medium,WHITE,ziyadnz/hourly-ipv4,ziyadnz|hourly,2026-08-17T18:48:05Z,2026-08-17T18:48:05Z,
193.124.20.251,ipv4,malicious-ip,medium,WHITE,ziyadnz/hourly-ipv4,ziyadnz|hourly,2026-08-17T18:48:05Z,2026-08-17T18:48:05Z,
193.124.20.252,ipv4,malicious-ip,medium,WHITE,ziyadnz/hourly-ipv4,ziyadnz|hourly,2026-08-17T18:48:05Z,2026-08-17T18:48:05Z,
193.124.20.253,ipv4,malicious-ip,medium,WHITE,ziyadnz/hourly-ipv4,ziyadnz|hourly,2026-08-17T18:48:05Z,2026-08-17T18:48:05Z,
193.124.20.254,ipv4,malicious-ip,medium,WHITE,ziyadnz/hourly-ipv4,ziyadnz|hourly,2026-08-17T18:48:05Z,2026-08-17T18:48:05Z,
193.124.24.117,ipv4,malicious-ip,medium,WHITE,ziyadnz/hourly-ipv4,ziyadnz|hourly,2026-08-17T18:48:05Z,2026-08-17T18:48:05Z,
193.124.24.51,ipv4,malicious-ip,medium,WHITE,ziyadnz/hourly-ipv4,ziyadnz|hourly,2026-08-17T18:48:05Z,2026-08-17T18:48:05Z,
193.134.101.173,ipv4,malicious-ip,medium,WHITE,ziyadnz/hourly-ipv4,ziyadnz|hourly,2026-08-17T18:48:05Z,2026-08-17T18:48:05Z,
193.134.208.217,ipv4,malicious-ip,medium,WHITE,ziyadnz/hourly-ipv4,ziyadnz|hourly,2026-08-17T18:48:05Z,2026-08-17T18:48:05Z,
193.136.1.58,ipv4,malicious-ip,medium,WHITE,ziyadnz/hourly-ipv4,ziyadnz|hourly,2026-08-17T18:48:05Z,2026-08-17T18:48:05Z,
193.138.7.155,ipv4,malicious-ip,medium,WHITE,ziyadnz/hourly-ipv4,ziyadnz|hourly,2026-08-17T18:48:05Z,2026-08-17T18:48:05Z,
193.140.142.9,ipv4,malicious-ip,medium,WHITE,ziyadnz/hourly-ipv4,ziyadnz|hourly,2026-08-17T18:48:05Z,2026-08-17T18:48:05Z,
193.141.64.102,ipv4,malicious-ip,medium,WHITE,ziyadnz/hourly-ipv4,ziyadnz|hourly,2026-08-17T18:48:05Z,2026-08-17T18:48:05Z,
193.142.146.203,ipv4,malicious-ip,medium,WHITE,ziyadnz/hourly-ipv4,ziyadnz|hourly,2026-08-17T18:48:05Z,2026-08-17T18:48:05Z,
193.142.146.239,ipv4,malicious-ip,medium,WHITE,ziyadnz/hourly-ipv4,ziyadnz|hourly,2026-08-17T18:48:05Z,2026-08-17T18:48:05Z,
193.142.146.30,ipv4,malicious-ip,medium,WHITE,ziyadnz/hourly-ipv4,ziyadnz|hourly,2026-08-17T18:48:05Z,2026-08-17T18:48:05Z,
193.142.147.109,ipv4,malicious-ip,medium,WHITE,ziyadnz/hourly-ipv4,ziyadnz|hourly,2026-08-17T18:48:05Z,2026-08-17T18:48:05Z,
193.142.147.209,ipv4,malicious-ip,medium,WHITE,ziyadnz/hourly-ipv4,ziyadnz|hourly,2026-08-17T18:48:05Z,2026-08-17T18:48:05Z,
193.142.147.59,ipv4,malicious-ip,medium,WHITE,ziyadnz/hourly-ipv4,ziyadnz|hourly,2026-08-17T18:48:05Z,2026-08-17T18:48:05Z,
193.142.159.100,ipv4,malicious-ip,medium,WHITE,ziyadnz/hourly-ipv4,ziyadnz|hourly,2026-08-17T18:48:05Z,2026-08-17T18:48:05Z,
193.142.159.142,ipv4,malicious-ip,medium,WHITE,ziyadnz/hourly-ipv4,ziyadnz|hourly,2026-08-17T18:48:05Z,2026-08-17T18:48:05Z,
193.142.159.208,ipv4,malicious-ip,medium,WHITE,ziyadnz/hourly-ipv4,ziyadnz|hourly,2026-08-17T18:48:05Z,2026-08-17T18:48:05Z,
193.142.159.228,ipv4,malicious-ip,medium,WHITE,ziyadnz/hourly-ipv4,ziyadnz|hourly,2026-08-17T18:48:05Z,2026-08-17T18:48:05Z,
193.142.30.154,ipv4,malicious-ip,medium,WHITE,ziyadnz/hourly-ipv4,ziyadnz|hourly,2026-08-17T18:48:05Z,2026-08-17T18:48:05Z,
193.142.30.17,ipv4,malicious-ip,medium,WHITE,ziyadnz/hourly-ipv4,ziyadnz|hourly,2026-08-17T18:48:05Z,2026-08-17T18:48:05Z,
193.142.30.205,ipv4,malicious-ip,medium,WHITE,ziyadnz/hourly-ipv4,ziyadnz|hourly,2026-08-17T18:48:05Z,2026-08-17T18:48:05Z,
193.142.30.211,ipv4,malicious-ip,medium,WHITE,ziyadnz/hourly-ipv4,ziyadnz|hourly,2026-08-17T18:48:05Z,2026-08-17T18:48:05Z,
193.142.30.215,ipv4,malicious-ip,medium,WHITE,ziyadnz/hourly-ipv4,ziyadnz|hourly,2026-08-17T18:48:05Z,2026-08-17T18:48:05Z,
193.142.30.37,ipv4,malicious-ip,medium,WHITE,ziyadnz/hourly-ipv4,ziyadnz|hourly,2026-08-17T18:48:05Z,2026-08-17T18:48:05Z,
193.142.58.126,ipv4,malicious-ip,medium,WHITE,ziyadnz/hourly-ipv4,ziyadnz|hourly,2026-08-17T18:48:05Z,2026-08-17T18:48:05Z,
193.142.59.152,ipv4,malicious-ip,medium,WHITE,ziyadnz/hourly-ipv4,ziyadnz|hourly,2026-08-17T18:48:05Z,2026-08-17T18:48:05Z,
193.142.59.169,ipv4,malicious-ip,medium,WHITE,ziyadnz/hourly-ipv4,ziyadnz|hourly,2026-08-17T18:48:05Z,2026-08-17T18:48:05Z,
193.143.1.104,ipv4,malicious-ip,medium,WHITE,ziyadnz/hourly-ipv4,ziyadnz|hourly,2026-08-17T18:48:05Z,2026-08-17T18:48:05Z,
193.143.1.139,ipv4,malicious-ip,medium,WHITE,ziyadnz/hourly-ipv4,ziyadnz|hourly,2026-08-17T18:48:05Z,2026-08-17T18:48:05Z,
193.143.1.14,ipv4,malicious-ip,medium,WHITE,ziyadnz/hourly-ipv4,ziyadnz|hourly,2026-08-17T18:48:05Z,2026-08-17T18:48:05Z,
193.143.1.153,ipv4,malicious-ip,medium,WHITE,ziyadnz/hourly-ipv4,ziyadnz|hourly,2026-08-17T18:48:05Z,2026-08-17T18:48:05Z,
193.143.1.155,ipv4,malicious-ip,medium,WHITE,ziyadnz/hourly-ipv4,ziyadnz|hourly,2026-08-17T18:48:05Z,2026-08-17T18:48:05Z,
193.143.1.160,ipv4,malicious-ip,medium,WHITE,ziyadnz/hourly-ipv4,ziyadnz|hourly,2026-08-17T18:48:05Z,2026-08-17T18:48:05Z,
193.143.1.205,ipv4,malicious-ip,medium,WHITE,ziyadnz/hourly-ipv4,ziyadnz|hourly,2026-08-17T18:48:05Z,2026-08-17T18:48:05Z,
193.143.1.216,ipv4,malicious-ip,medium,WHITE,ziyadnz/hourly-ipv4,ziyadnz|hourly,2026-08-17T18:48:05Z,2026-08-17T18:48:05Z,
193.143.1.65,ipv4,malicious-ip,medium,WHITE,ziyadnz/hourly-ipv4,ziyadnz|hourly,2026-08-17T18:48:05Z,2026-08-17T18:48:05Z,
193.143.1.66,ipv4,malicious-ip,medium,WHITE,ziyadnz/hourly-ipv4,ziyadnz|hourly,2026-08-17T18:48:05Z,2026-08-17T18:48:05Z,
193.143.1.67,ipv4,malicious-ip,medium,WHITE,ziyadnz/hourly-ipv4,ziyadnz|hourly,2026-08-17T18:48:05Z,2026-08-17T18:48:05Z,
193.148.56.144,ipv4,malicious-ip,medium,WHITE,ziyadnz/hourly-ipv4,ziyadnz|hourly,2026-08-17T18:48:05Z,2026-08-17T18:48:05Z,
193.148.56.148,ipv4,malicious-ip,medium,WHITE,ziyadnz/hourly-ipv4,ziyadnz|hourly,2026-08-17T18:48:05Z,2026-08-17T18:48:05Z,
193.148.56.177,ipv4,malicious-ip,medium,WHITE,ziyadnz/hourly-ipv4,ziyadnz|hourly,2026-08-17T18:48:05Z,2026-08-17T18:48:05Z,
193.148.56.216,ipv4,malicious-ip,medium,WHITE,ziyadnz/hourly-ipv4,ziyadnz|hourly,2026-08-17T18:48:05Z,2026-08-17T18:48:05Z,
193.148.56.61,ipv4,malicious-ip,medium,WHITE,ziyadnz/hourly-ipv4,ziyadnz|hourly,2026-08-17T18:48:05Z,2026-08-17T18:48:05Z,
193.148.56.90,ipv4,malicious-ip,medium,WHITE,ziyadnz/hourly-ipv4,ziyadnz|hourly,2026-08-17T18:48:05Z,2026-08-17T18:48:05Z,
193.148.57.33,ipv4,malicious-ip,medium,WHITE,ziyadnz/hourly-ipv4,ziyadnz|hourly,2026-08-17T18:48:05Z,2026-08-17T18:48:05Z,
193.148.57.7,ipv4,malicious-ip,medium,WHITE,ziyadnz/hourly-ipv4,ziyadnz|hourly,2026-08-17T18:48:05Z,2026-08-17T18:48:05Z,
193.149.129.128,ipv4,malicious-ip,medium,WHITE,ziyadnz/hourly-ipv4,ziyadnz|hourly,2026-08-17T18:48:05Z,2026-08-17T18:48:05Z,
193.149.129.144,ipv4,malicious-ip,medium,WHITE,ziyadnz/hourly-ipv4,ziyadnz|hourly,2026-08-17T18:48:05Z,2026-08-17T18:48:05Z,
193.149.129.177,ipv4,malicious-ip,medium,WHITE,ziyadnz/hourly-ipv4,ziyadnz|hourly,2026-08-17T18:48:05Z,2026-08-17T18:48:05Z,
193.149.129.191,ipv4,malicious-ip,medium,WHITE,ziyadnz/hourly-ipv4,ziyadnz|hourly,2026-08-17T18:48:05Z,2026-08-17T18:48:05Z,
193.149.176.131,ipv4,malicious-ip,medium,WHITE,ziyadnz/hourly-ipv4,ziyadnz|hourly,2026-08-17T18:48:05Z,2026-08-17T18:48:05Z,
193.149.176.136,ipv4,malicious-ip,medium,WHITE,ziyadnz/hourly-ipv4,ziyadnz|hourly,2026-08-17T18:48:05Z,2026-08-17T18:48:05Z,
193.149.176.169,ipv4,malicious-ip,medium,WHITE,ziyadnz/hourly-ipv4,ziyadnz|hourly,2026-08-17T18:48:05Z,2026-08-17T18:48:05Z,
193.149.176.226,ipv4,malicious-ip,medium,WHITE,ziyadnz/hourly-ipv4,ziyadnz|hourly,2026-08-17T18:48:05Z,2026-08-17T18:48:05Z,
193.149.176.228,ipv4,malicious-ip,medium,WHITE,ziyadnz/hourly-ipv4,ziyadnz|hourly,2026-08-17T18:48:05Z,2026-08-17T18:48:05Z,
193.149.180.128,ipv4,malicious-ip,medium,WHITE,ziyadnz/hourly-ipv4,ziyadnz|hourly,2026-08-17T18:48:05Z,2026-08-17T18:48:05Z,
193.149.185.23,ipv4,malicious-ip,medium,WHITE,ziyadnz/hourly-ipv4,ziyadnz|hourly,2026-08-17T18:48:05Z,2026-08-17T18:48:05Z,
193.149.187.228,ipv4,malicious-ip,medium,WHITE,ziyadnz/hourly-ipv4,ziyadnz|hourly,2026-08-17T18:48:05Z,2026-08-17T18:48:05Z,
193.149.187.41,ipv4,malicious-ip,medium,WHITE,ziyadnz/hourly-ipv4,ziyadnz|hourly,2026-08-17T18:48:05Z,2026-08-17T18:48:05Z,
193.149.189.199,ipv4,malicious-ip,medium,WHITE,ziyadnz/hourly-ipv4,ziyadnz|hourly,2026-08-17T18:48:05Z,2026-08-17T18:48:05Z,
193.149.190.248,ipv4,malicious-ip,medium,WHITE,ziyadnz/hourly-ipv4,ziyadnz|hourly,2026-08-17T18:48:05Z,2026-08-17T18:48:05Z,
193.149.2.197,ipv4,malicious-ip,medium,WHITE,ziyadnz/hourly-ipv4,ziyadnz|hourly,2026-08-17T18:48:05Z,2026-08-17T18:48:05Z,
193.149.2.33,ipv4,malicious-ip,medium,WHITE,ziyadnz/hourly-ipv4,ziyadnz|hourly,2026-08-17T18:48:05Z,2026-08-17T18:48:05Z,
193.149.3.84,ipv4,malicious-ip,medium,WHITE,ziyadnz/hourly-ipv4,ziyadnz|hourly,2026-08-17T18:48:05Z,2026-08-17T18:48:05Z,
193.151.136.38,ipv4,malicious-ip,medium,WHITE,ziyadnz/hourly-ipv4,ziyadnz|hourly,2026-08-17T18:48:05Z,2026-08-17T18:48:05Z,
193.151.151.92,ipv4,malicious-ip,medium,WHITE,ziyadnz/hourly-ipv4,ziyadnz|hourly,2026-08-17T18:48:05Z,2026-08-17T18:48:05Z,
193.160.208.117,ipv4,malicious-ip,medium,WHITE,ziyadnz/hourly-ipv4,ziyadnz|hourly,2026-08-17T18:48:05Z,2026-08-17T18:48:05Z,
193.160.216.221,ipv4,malicious-ip,medium,WHITE,ziyadnz/hourly-ipv4,ziyadnz|hourly,2026-08-17T18:48:05Z,2026-08-17T18:48:05Z,
193.160.224.186,ipv4,malicious-ip,medium,WHITE,ziyadnz/hourly-ipv4,ziyadnz|hourly,2026-08-17T18:48:05Z,2026-08-17T18:48:05Z,
193.160.227.245,ipv4,malicious-ip,medium,WHITE,ziyadnz/hourly-ipv4,ziyadnz|hourly,2026-08-17T18:48:05Z,2026-08-17T18:48:05Z,
193.160.229.181,ipv4,malicious-ip,medium,WHITE,ziyadnz/hourly-ipv4,ziyadnz|hourly,2026-08-17T18:48:05Z,2026-08-17T18:48:05Z,
193.160.32.118,ipv4,malicious-ip,medium,WHITE,ziyadnz/hourly-ipv4,ziyadnz|hourly,2026-08-17T18:48:05Z,2026-08-17T18:48:05Z,
193.161.14.102,ipv4,malicious-ip,medium,WHITE,ziyadnz/hourly-ipv4,ziyadnz|hourly,2026-08-17T18:48:05Z,2026-08-17T18:48:05Z,
193.161.202.36,ipv4,malicious-ip,medium,WHITE,ziyadnz/hourly-ipv4,ziyadnz|hourly,2026-08-17T18:48:05Z,2026-08-17T18:48:05Z,
193.161.214.64,ipv4,malicious-ip,medium,WHITE,ziyadnz/hourly-ipv4,ziyadnz|hourly,2026-08-17T18:48:05Z,2026-08-17T18:48:05Z,
193.162.143.218,ipv4,malicious-ip,medium,WHITE,ziyadnz/hourly-ipv4,ziyadnz|hourly,2026-08-17T18:48:05Z,2026-08-17T18:48:05Z,
193.163.125.0,ipv4,malicious-ip,medium,WHITE,ziyadnz/hourly-ipv4,ziyadnz|hourly,2026-08-17T18:48:05Z,2026-08-17T18:48:05Z,
193.163.125.10,ipv4,malicious-ip,medium,WHITE,ziyadnz/hourly-ipv4,ziyadnz|hourly,2026-08-17T18:48:05Z,2026-08-17T18:48:05Z,
193.163.125.100,ipv4,malicious-ip,medium,WHITE,ziyadnz/hourly-ipv4,ziyadnz|hourly,2026-08-17T18:48:05Z,2026-08-17T18:48:05Z,
193.163.125.101,ipv4,malicious-ip,medium,WHITE,ziyadnz/hourly-ipv4,ziyadnz|hourly,2026-08-17T18:48:05Z,2026-08-17T18:48:05Z,
193.163.125.102,ipv4,malicious-ip,medium,WHITE,ziyadnz/hourly-ipv4,ziyadnz|hourly,2026-08-17T18:48:05Z,2026-08-17T18:48:05Z,
193.163.125.103,ipv4,malicious-ip,medium,WHITE,ziyadnz/hourly-ipv4,ziyadnz|hourly,2026-08-17T18:48:05Z,2026-08-17T18:48:05Z,
193.163.125.104,ipv4,malicious-ip,medium,WHITE,ziyadnz/hourly-ipv4,ziyadnz|hourly,2026-08-17T18:48:05Z,2026-08-17T18:48:05Z,
193.163.125.105,ipv4,malicious-ip,medium,WHITE,ziyadnz/hourly-ipv4,ziyadnz|hourly,2026-08-17T18:48:05Z,2026-08-17T18:48:05Z,
193.163.125.106,ipv4,malicious-ip,medium,WHITE,ziyadnz/hourly-ipv4,ziyadnz|hourly,2026-08-17T18:48:05Z,2026-08-17T18:48:05Z,
193.163.125.107,ipv4,malicious-ip,medium,WHITE,ziyadnz/hourly-ipv4,ziyadnz|hourly,2026-08-17T18:48:05Z,2026-08-17T18:48:05Z,
193.163.125.108,ipv4,malicious-ip,medium,WHITE,ziyadnz/hourly-ipv4,ziyadnz|hourly,2026-08-17T18:48:05Z,2026-08-17T18:48:05Z,
193.163.125.109,ipv4,malicious-ip,medium,WHITE,ziyadnz/hourly-ipv4,ziyadnz|hourly,2026-08-17T18:48:05Z,2026-08-17T18:48:05Z,
193.163.125.11,ipv4,malicious-ip,medium,WHITE,ziyadnz/hourly-ipv4,ziyadnz|hourly,2026-08-17T18:48:05Z,2026-08-17T18:48:05Z,
193.163.125.110,ipv4,malicious-ip,medium,WHITE,ziyadnz/hourly-ipv4,ziyadnz|hourly,2026-08-17T18:48:05Z,2026-08-17T18:48:05Z,
193.163.125.111,ipv4,malicious-ip,medium,WHITE,ziyadnz/hourly-ipv4,ziyadnz|hourly,2026-08-17T18:48:05Z,2026-08-17T18:48:05Z,
193.163.125.112,ipv4,malicious-ip,medium,WHITE,ziyadnz/hourly-ipv4,ziyadnz|hourly,2026-08-17T18:48:05Z,2026-08-17T18:48:05Z,
193.163.125.113,ipv4,malicious-ip,medium,WHITE,ziyadnz/hourly-ipv4,ziyadnz|hourly,2026-08-17T18:48:05Z,2026-08-17T18:48:05Z,
193.163.125.114,ipv4,malicious-ip,medium,WHITE,ziyadnz/hourly-ipv4,ziyadnz|hourly,2026-08-17T18:48:05Z,2026-08-17T18:48:05Z,
193.163.125.115,ipv4,malicious-ip,medium,WHITE,ziyadnz/hourly-ipv4,ziyadnz|hourly,2026-08-17T18:48:05Z,2026-08-17T18:48:05Z,
193.163.125.116,ipv4,malicious-ip,medium,WHITE,ziyadnz/hourly-ipv4,ziyadnz|hourly,2026-08-17T18:48:05Z,2026-08-17T18:48:05Z,
193.163.125.117,ipv4,malicious-ip,medium,WHITE,ziyadnz/hourly-ipv4,ziyadnz|hourly,2026-08-17T18:48:05Z,2026-08-17T18:48:05Z,
193.163.125.118,ipv4,malicious-ip,medium,WHITE,ziyadnz/hourly-ipv4,ziyadnz|hourly,2026-08-17T18:48:05Z,2026-08-17T18:48:05Z,
193.163.125.119,ipv4,malicious-ip,medium,WHITE,ziyadnz/hourly-ipv4,ziyadnz|hourly,2026-08-17T18:48:05Z,2026-08-17T18:48:05Z,
193.163.125.12,ipv4,malicious-ip,medium,WHITE,ziyadnz/hourly-ipv4,ziyadnz|hourly,2026-08-17T18:48:05Z,2026-08-17T18:48:05Z,
193.163.125.120,ipv4,malicious-ip,medium,WHITE,ziyadnz/hourly-ipv4,ziyadnz|hourly,2026-08-17T18:48:05Z,2026-08-17T18:48:05Z,
193.163.125.121,ipv4,malicious-ip,medium,WHITE,ziyadnz/hourly-ipv4,ziyadnz|hourly,2026-08-17T18:48:05Z,2026-08-17T18:48:05Z,
193.163.125.122,ipv4,malicious-ip,medium,WHITE,ziyadnz/hourly-ipv4,ziyadnz|hourly,2026-08-17T18:48:05Z,2026-08-17T18:48:05Z,
193.163.125.123,ipv4,malicious-ip,medium,WHITE,ziyadnz/hourly-ipv4,ziyadnz|hourly,2026-08-17T18:48:05Z,2026-08-17T18:48:05Z,
193.163.125.124,ipv4,malicious-ip,medium,WHITE,ziyadnz/hourly-ipv4,ziyadnz|hourly,2026-08-17T18:48:05Z,2026-08-17T18:48:05Z,
193.163.125.125,ipv4,malicious-ip,medium,WHITE,ziyadnz/hourly-ipv4,ziyadnz|hourly,2026-08-17T18:48:05Z,2026-08-17T18:48:05Z,
193.163.125.126,ipv4,malicious-ip,medium,WHITE,ziyadnz/hourly-ipv4,ziyadnz|hourly,2026-08-17T18:48:05Z,2026-08-17T18:48:05Z,
193.163.125.127,ipv4,malicious-ip,medium,WHITE,ziyadnz/hourly-ipv4,ziyadnz|hourly,2026-08-17T18:48:05Z,2026-08-17T18:48:05Z,
193.163.125.128,ipv4,malicious-ip,medium,WHITE,ziyadnz/hourly-ipv4,ziyadnz|hourly,2026-08-17T18:48:05Z,2026-08-17T18:48:05Z,
193.163.125.129,ipv4,malicious-ip,medium,WHITE,ziyadnz/hourly-ipv4,ziyadnz|hourly,2026-08-17T18:48:05Z,2026-08-17T18:48:05Z,
193.163.125.13,ipv4,malicious-ip,medium,WHITE,ziyadnz/hourly-ipv4,ziyadnz|hourly,2026-08-17T18:48:05Z,2026-08-17T18:48:05Z,
193.163.125.130,ipv4,malicious-ip,medium,WHITE,ziyadnz/hourly-ipv4,ziyadnz|hourly,2026-08-17T18:48:05Z,2026-08-17T18:48:05Z,
193.163.125.131,ipv4,malicious-ip,medium,WHITE,ziyadnz/hourly-ipv4,ziyadnz|hourly,2026-08-17T18:48:05Z,2026-08-17T18:48:05Z,
193.163.125.132,ipv4,malicious-ip,medium,WHITE,ziyadnz/hourly-ipv4,ziyadnz|hourly,2026-08-17T18:48:05Z,2026-08-17T18:48:05Z,
193.163.125.133,ipv4,malicious-ip,medium,WHITE,ziyadnz/hourly-ipv4,ziyadnz|hourly,2026-08-17T18:48:05Z,2026-08-17T18:48:05Z,
193.163.125.134,ipv4,malicious-ip,medium,WHITE,ziyadnz/hourly-ipv4,ziyadnz|hourly,2026-08-17T18:48:05Z,2026-08-17T18:48:05Z,
193.163.125.135,ipv4,malicious-ip,medium,WHITE,ziyadnz/hourly-ipv4,ziyadnz|hourly,2026-08-17T18:48:05Z,2026-08-17T18:48:05Z,
193.163.125.136,ipv4,malicious-ip,medium,WHITE,ziyadnz/hourly-ipv4,ziyadnz|hourly,2026-08-17T18:48:05Z,2026-08-17T18:48:05Z,
193.163.125.137,ipv4,malicious-ip,medium,WHITE,ziyadnz/hourly-ipv4,ziyadnz|hourly,2026-08-17T18:48:05Z,2026-08-17T18:48:05Z,
193.163.125.138,ipv4,malicious-ip,medium,WHITE,ziyadnz/hourly-ipv4,ziyadnz|hourly,2026-08-17T18:48:05Z,2026-08-17T18:48:05Z,
193.163.125.139,ipv4,malicious-ip,medium,WHITE,ziyadnz/hourly-ipv4,ziyadnz|hourly,2026-08-17T18:48:05Z,2026-08-17T18:48:05Z,
193.163.125.14,ipv4,malicious-ip,medium,WHITE,ziyadnz/hourly-ipv4,ziyadnz|hourly,2026-08-17T18:48:05Z,2026-08-17T18:48:05Z,
193.163.125.140,ipv4,malicious-ip,medium,WHITE,ziyadnz/hourly-ipv4,ziyadnz|hourly,2026-08-17T18:48:05Z,2026-08-17T18:48:05Z,
193.163.125.142,ipv4,malicious-ip,medium,WHITE,ziyadnz/hourly-ipv4,ziyadnz|hourly,2026-08-17T18:48:05Z,2026-08-17T18:48:05Z,
193.163.125.143,ipv4,malicious-ip,medium,WHITE,ziyadnz/hourly-ipv4,ziyadnz|hourly,2026-08-17T18:48:05Z,2026-08-17T18:48:05Z,
193.163.125.144,ipv4,malicious-ip,medium,WHITE,ziyadnz/hourly-ipv4,ziyadnz|hourly,2026-08-17T18:48:05Z,2026-08-17T18:48:05Z,
193.163.125.145,ipv4,malicious-ip,medium,WHITE,ziyadnz/hourly-ipv4,ziyadnz|hourly,2026-08-17T18:48:05Z,2026-08-17T18:48:05Z,
193.163.125.146,ipv4,malicious-ip,medium,WHITE,ziyadnz/hourly-ipv4,ziyadnz|hourly,2026-08-17T18:48:05Z,2026-08-17T18:48:05Z,
193.163.125.147,ipv4,malicious-ip,medium,WHITE,ziyadnz/hourly-ipv4,ziyadnz|hourly,2026-08-17T18:48:05Z,2026-08-17T18:48:05Z,
193.163.125.148,ipv4,malicious-ip,medium,WHITE,ziyadnz/hourly-ipv4,ziyadnz|hourly,2026-08-17T18:48:05Z,2026-08-17T18:48:05Z,
193.163.125.149,ipv4,malicious-ip,medium,WHITE,ziyadnz/hourly-ipv4,ziyadnz|hourly,2026-08-17T18:48:05Z,2026-08-17T18:48:05Z,
193.163.125.15,ipv4,malicious-ip,medium,WHITE,ziyadnz/hourly-ipv4,ziyadnz|hourly,2026-08-17T18:48:05Z,2026-08-17T18:48:05Z,
193.163.125.150,ipv4,malicious-ip,medium,WHITE,ziyadnz/hourly-ipv4,ziyadnz|hourly,2026-08-17T18:48:05Z,2026-08-17T18:48:05Z,
193.163.125.151,ipv4,malicious-ip,medium,WHITE,ziyadnz/hourly-ipv4,ziyadnz|hourly,2026-08-17T18:48:05Z,2026-08-17T18:48:05Z,
193.163.125.152,ipv4,malicious-ip,medium,WHITE,ziyadnz/hourly-ipv4,ziyadnz|hourly,2026-08-17T18:48:05Z,2026-08-17T18:48:05Z,
193.163.125.153,ipv4,malicious-ip,medium,WHITE,ziyadnz/hourly-ipv4,ziyadnz|hourly,2026-08-17T18:48:05Z,2026-08-17T18:48:05Z,
193.163.125.154,ipv4,malicious-ip,medium,WHITE,ziyadnz/hourly-ipv4,ziyadnz|hourly,2026-08-17T18:48:05Z,2026-08-17T18:48:05Z,
193.163.125.155,ipv4,malicious-ip,medium,WHITE,ziyadnz/hourly-ipv4,ziyadnz|hourly,2026-08-17T18:48:05Z,2026-08-17T18:48:05Z,
193.163.125.156,ipv4,malicious-ip,medium,WHITE,ziyadnz/hourly-ipv4,ziyadnz|hourly,2026-08-17T18:48:05Z,2026-08-17T18:48:05Z,
193.163.125.157,ipv4,malicious-ip,medium,WHITE,ziyadnz/hourly-ipv4,ziyadnz|hourly,2026-08-17T18:48:05Z,2026-08-17T18:48:05Z,
193.163.125.158,ipv4,malicious-ip,medium,WHITE,ziyadnz/hourly-ipv4,ziyadnz|hourly,2026-08-17T18:48:05Z,2026-08-17T18:48:05Z,
193.163.125.159,ipv4,malicious-ip,medium,WHITE,ziyadnz/hourly-ipv4,ziyadnz|hourly,2026-08-17T18:48:05Z,2026-08-17T18:48:05Z,
193.163.125.16,ipv4,malicious-ip,medium,WHITE,ziyadnz/hourly-ipv4,ziyadnz|hourly,2026-08-17T18:48:05Z,2026-08-17T18:48:05Z,
193.163.125.160,ipv4,malicious-ip,medium,WHITE,ziyadnz/hourly-ipv4,ziyadnz|hourly,2026-08-17T18:48:05Z,2026-08-17T18:48:05Z,
193.163.125.161,ipv4,malicious-ip,medium,WHITE,ziyadnz/hourly-ipv4,ziyadnz|hourly,2026-08-17T18:48:05Z,2026-08-17T18:48:05Z,
193.163.125.162,ipv4,malicious-ip,medium,WHITE,ziyadnz/hourly-ipv4,ziyadnz|hourly,2026-08-17T18:48:05Z,2026-08-17T18:48:05Z,
193.163.125.163,ipv4,malicious-ip,medium,WHITE,ziyadnz/hourly-ipv4,ziyadnz|hourly,2026-08-17T18:48:05Z,2026-08-17T18:48:05Z,
193.163.125.164,ipv4,malicious-ip,medium,WHITE,ziyadnz/hourly-ipv4,ziyadnz|hourly,2026-08-17T18:48:05Z,2026-08-17T18:48:05Z,
193.163.125.165,ipv4,malicious-ip,medium,WHITE,ziyadnz/hourly-ipv4,ziyadnz|hourly,2026-08-17T18:48:05Z,2026-08-17T18:48:05Z,
193.163.125.166,ipv4,malicious-ip,medium,WHITE,ziyadnz/hourly-ipv4,ziyadnz|hourly,2026-08-17T18:48:05Z,2026-08-17T18:48:05Z,
193.163.125.167,ipv4,malicious-ip,medium,WHITE,ziyadnz/hourly-ipv4,ziyadnz|hourly,2026-08-17T18:48:05Z,2026-08-17T18:48:05Z,
193.163.125.168,ipv4,malicious-ip,medium,WHITE,ziyadnz/hourly-ipv4,ziyadnz|hourly,2026-08-17T18:48:05Z,2026-08-17T18:48:05Z,
193.163.125.169,ipv4,malicious-ip,medium,WHITE,ziyadnz/hourly-ipv4,ziyadnz|hourly,2026-08-17T18:48:05Z,2026-08-17T18:48:05Z,
193.163.125.17,ipv4,malicious-ip,medium,WHITE,ziyadnz/hourly-ipv4,ziyadnz|hourly,2026-08-17T18:48:05Z,2026-08-17T18:48:05Z,
193.163.125.170,ipv4,malicious-ip,medium,WHITE,ziyadnz/hourly-ipv4,ziyadnz|hourly,2026-08-17T18:48:05Z,2026-08-17T18:48:05Z,
193.163.125.171,ipv4,malicious-ip,medium,WHITE,ziyadnz/hourly-ipv4,ziyadnz|hourly,2026-08-17T18:48:05Z,2026-08-17T18:48:05Z,
193.163.125.172,ipv4,malicious-ip,medium,WHITE,ziyadnz/hourly-ipv4,ziyadnz|hourly,2026-08-17T18:48:05Z,2026-08-17T18:48:05Z,
193.163.125.173,ipv4,malicious-ip,medium,WHITE,ziyadnz/hourly-ipv4,ziyadnz|hourly,2026-08-17T18:48:05Z,2026-08-17T18:48:05Z,
193.163.125.174,ipv4,malicious-ip,medium,WHITE,ziyadnz/hourly-ipv4,ziyadnz|hourly,2026-08-17T18:48:05Z,2026-08-17T18:48:05Z,
193.163.125.175,ipv4,malicious-ip,medium,WHITE,ziyadnz/hourly-ipv4,ziyadnz|hourly,2026-08-17T18:48:05Z,2026-08-17T18:48:05Z,
193.163.125.176,ipv4,malicious-ip,medium,WHITE,ziyadnz/hourly-ipv4,ziyadnz|hourly,2026-08-17T18:48:05Z,2026-08-17T18:48:05Z,
193.163.125.177,ipv4,malicious-ip,medium,WHITE,ziyadnz/hourly-ipv4,ziyadnz|hourly,2026-08-17T18:48:05Z,2026-08-17T18:48:05Z,
193.163.125.178,ipv4,malicious-ip,medium,WHITE,ziyadnz/hourly-ipv4,ziyadnz|hourly,2026-08-17T18:48:05Z,2026-08-17T18:48:05Z,
193.163.125.179,ipv4,malicious-ip,medium,WHITE,ziyadnz/hourly-ipv4,ziyadnz|hourly,2026-08-17T18:48:05Z,2026-08-17T18:48:05Z,
193.163.125.18,ipv4,malicious-ip,medium,WHITE,ziyadnz/hourly-ipv4,ziyadnz|hourly,2026-08-17T18:48:05Z,2026-08-17T18:48:05Z,
193.163.125.180,ipv4,malicious-ip,medium,WHITE,ziyadnz/hourly-ipv4,ziyadnz|hourly,2026-08-17T18:48:05Z,2026-08-17T18:48:05Z,
193.163.125.181,ipv4,malicious-ip,medium,WHITE,ziyadnz/hourly-ipv4,ziyadnz|hourly,2026-08-17T18:48:05Z,2026-08-17T18:48:05Z,
193.163.125.182,ipv4,malicious-ip,medium,WHITE,ziyadnz/hourly-ipv4,ziyadnz|hourly,2026-08-17T18:48:05Z,2026-08-17T18:48:05Z,
193.163.125.183,ipv4,malicious-ip,medium,WHITE,ziyadnz/hourly-ipv4,ziyadnz|hourly,2026-08-17T18:48:05Z,2026-08-17T18:48:05Z,
193.163.125.184,ipv4,malicious-ip,medium,WHITE,ziyadnz/hourly-ipv4,ziyadnz|hourly,2026-08-17T18:48:05Z,2026-08-17T18:48:05Z,
193.163.125.185,ipv4,malicious-ip,medium,WHITE,ziyadnz/hourly-ipv4,ziyadnz|hourly,2026-08-17T18:48:05Z,2026-08-17T18:48:05Z,
193.163.125.186,ipv4,malicious-ip,medium,WHITE,ziyadnz/hourly-ipv4,ziyadnz|hourly,2026-08-17T18:48:05Z,2026-08-17T18:48:05Z,
193.163.125.187,ipv4,malicious-ip,medium,WHITE,ziyadnz/hourly-ipv4,ziyadnz|hourly,2026-08-17T18:48:05Z,2026-08-17T18:48:05Z,
193.163.125.188,ipv4,malicious-ip,medium,WHITE,ziyadnz/hourly-ipv4,ziyadnz|hourly,2026-08-17T18:48:05Z,2026-08-17T18:48:05Z,
193.163.125.189,ipv4,malicious-ip,medium,WHITE,ziyadnz/hourly-ipv4,ziyadnz|hourly,2026-08-17T18:48:05Z,2026-08-17T18:48:05Z,
193.163.125.19,ipv4,malicious-ip,medium,WHITE,ziyadnz/hourly-ipv4,ziyadnz|hourly,2026-08-17T18:48:05Z,2026-08-17T18:48:05Z,
193.163.125.190,ipv4,malicious-ip,medium,WHITE,ziyadnz/hourly-ipv4,ziyadnz|hourly,2026-08-17T18:48:05Z,2026-08-17T18:48:05Z,
193.163.125.191,ipv4,malicious-ip,medium,WHITE,ziyadnz/hourly-ipv4,ziyadnz|hourly,2026-08-17T18:48:05Z,2026-08-17T18:48:05Z,
193.163.125.192,ipv4,malicious-ip,medium,WHITE,ziyadnz/hourly-ipv4,ziyadnz|hourly,2026-08-17T18:48:05Z,2026-08-17T18:48:05Z,
193.163.125.193,ipv4,malicious-ip,medium,WHITE,ziyadnz/hourly-ipv4,ziyadnz|hourly,2026-08-17T18:48:05Z,2026-08-17T18:48:05Z,
193.163.125.194,ipv4,malicious-ip,medium,WHITE,ziyadnz/hourly-ipv4,ziyadnz|hourly,2026-08-17T18:48:05Z,2026-08-17T18:48:05Z,
193.163.125.195,ipv4,malicious-ip,medium,WHITE,ziyadnz/hourly-ipv4,ziyadnz|hourly,2026-08-17T18:48:05Z,2026-08-17T18:48:05Z,
193.163.125.196,ipv4,malicious-ip,medium,WHITE,ziyadnz/hourly-ipv4,ziyadnz|hourly,2026-08-17T18:48:05Z,2026-08-17T18:48:05Z,
193.163.125.197,ipv4,malicious-ip,medium,WHITE,ziyadnz/hourly-ipv4,ziyadnz|hourly,2026-08-17T18:48:05Z,2026-08-17T18:48:05Z,
193.163.125.198,ipv4,malicious-ip,medium,WHITE,ziyadnz/hourly-ipv4,ziyadnz|hourly,2026-08-17T18:48:05Z,2026-08-17T18:48:05Z,
193.163.125.199,ipv4,malicious-ip,medium,WHITE,ziyadnz/hourly-ipv4,ziyadnz|hourly,2026-08-17T18:48:05Z,2026-08-17T18:48:05Z,
193.163.125.2,ipv4,malicious-ip,medium,WHITE,ziyadnz/hourly-ipv4,ziyadnz|hourly,2026-08-17T18:48:05Z,2026-08-17T18:48:05Z,
193.163.125.20,ipv4,malicious-ip,medium,WHITE,ziyadnz/hourly-ipv4,ziyadnz|hourly,2026-08-17T18:48:05Z,2026-08-17T18:48:05Z,
193.163.125.200,ipv4,malicious-ip,medium,WHITE,ziyadnz/hourly-ipv4,ziyadnz|hourly,2026-08-17T18:48:05Z,2026-08-17T18:48:05Z,
193.163.125.201,ipv4,malicious-ip,medium,WHITE,ziyadnz/hourly-ipv4,ziyadnz|hourly,2026-08-17T18:48:05Z,2026-08-17T18:48:05Z,
193.163.125.202,ipv4,malicious-ip,medium,WHITE,ziyadnz/hourly-ipv4,ziyadnz|hourly,2026-08-17T18:48:05Z,2026-08-17T18:48:05Z,
193.163.125.203,ipv4,malicious-ip,medium,WHITE,ziyadnz/hourly-ipv4,ziyadnz|hourly,2026-08-17T18:48:05Z,2026-08-17T18:48:05Z,
193.163.125.204,ipv4,malicious-ip,medium,WHITE,ziyadnz/hourly-ipv4,ziyadnz|hourly,2026-08-17T18:48:05Z,2026-08-17T18:48:05Z,
193.163.125.205,ipv4,malicious-ip,medium,WHITE,ziyadnz/hourly-ipv4,ziyadnz|hourly,2026-08-17T18:48:05Z,2026-08-17T18:48:05Z,
193.163.125.206,ipv4,malicious-ip,medium,WHITE,ziyadnz/hourly-ipv4,ziyadnz|hourly,2026-08-17T18:48:05Z,2026-08-17T18:48:05Z,
193.163.125.207,ipv4,malicious-ip,medium,WHITE,ziyadnz/hourly-ipv4,ziyadnz|hourly,2026-08-17T18:48:05Z,2026-08-17T18:48:05Z,
193.163.125.208,ipv4,malicious-ip,medium,WHITE,ziyadnz/hourly-ipv4,ziyadnz|hourly,2026-08-17T18:48:05Z,2026-08-17T18:48:05Z,
193.163.125.209,ipv4,malicious-ip,medium,WHITE,ziyadnz/hourly-ipv4,ziyadnz|hourly,2026-08-17T18:48:05Z,2026-08-17T18:48:05Z,
193.163.125.21,ipv4,malicious-ip,medium,WHITE,ziyadnz/hourly-ipv4,ziyadnz|hourly,2026-08-17T18:48:05Z,2026-08-17T18:48:05Z,
193.163.125.210,ipv4,malicious-ip,medium,WHITE,ziyadnz/hourly-ipv4,ziyadnz|hourly,2026-08-17T18:48:05Z,2026-08-17T18:48:05Z,
193.163.125.211,ipv4,malicious-ip,medium,WHITE,ziyadnz/hourly-ipv4,ziyadnz|hourly,2026-08-17T18:48:05Z,2026-08-17T18:48:05Z,
193.163.125.212,ipv4,malicious-ip,medium,WHITE,ziyadnz/hourly-ipv4,ziyadnz|hourly,2026-08-17T18:48:05Z,2026-08-17T18:48:05Z,
193.163.125.213,ipv4,malicious-ip,medium,WHITE,ziyadnz/hourly-ipv4,ziyadnz|hourly,2026-08-17T18:48:05Z,2026-08-17T18:48:05Z,
193.163.125.214,ipv4,malicious-ip,medium,WHITE,ziyadnz/hourly-ipv4,ziyadnz|hourly,2026-08-17T18:48:05Z,2026-08-17T18:48:05Z,
193.163.125.215,ipv4,malicious-ip,medium,WHITE,ziyadnz/hourly-ipv4,ziyadnz|hourly,2026-08-17T18:48:05Z,2026-08-17T18:48:05Z,
193.163.125.216,ipv4,malicious-ip,medium,WHITE,ziyadnz/hourly-ipv4,ziyadnz|hourly,2026-08-17T18:48:05Z,2026-08-17T18:48:05Z,
193.163.125.217,ipv4,malicious-ip,medium,WHITE,ziyadnz/hourly-ipv4,ziyadnz|hourly,2026-08-17T18:48:05Z,2026-08-17T18:48:05Z,
193.163.125.218,ipv4,malicious-ip,medium,WHITE,ziyadnz/hourly-ipv4,ziyadnz|hourly,2026-08-17T18:48:05Z,2026-08-17T18:48:05Z,
193.163.125.219,ipv4,malicious-ip,medium,WHITE,ziyadnz/hourly-ipv4,ziyadnz|hourly,2026-08-17T18:48:05Z,2026-08-17T18:48:05Z,
193.163.125.22,ipv4,malicious-ip,medium,WHITE,ziyadnz/hourly-ipv4,ziyadnz|hourly,2026-08-17T18:48:05Z,2026-08-17T18:48:05Z,
193.163.125.220,ipv4,malicious-ip,medium,WHITE,ziyadnz/hourly-ipv4,ziyadnz|hourly,2026-08-17T18:48:05Z,2026-08-17T18:48:05Z,
193.163.125.221,ipv4,malicious-ip,medium,WHITE,ziyadnz/hourly-ipv4,ziyadnz|hourly,2026-08-17T18:48:05Z,2026-08-17T18:48:05Z,
193.163.125.222,ipv4,malicious-ip,medium,WHITE,ziyadnz/hourly-ipv4,ziyadnz|hourly,2026-08-17T18:48:05Z,2026-08-17T18:48:05Z,
193.163.125.223,ipv4,malicious-ip,medium,WHITE,ziyadnz/hourly-ipv4,ziyadnz|hourly,2026-08-17T18:48:05Z,2026-08-17T18:48:05Z,
193.163.125.224,ipv4,malicious-ip,medium,WHITE,ziyadnz/hourly-ipv4,ziyadnz|hourly,2026-08-17T18:48:05Z,2026-08-17T18:48:05Z,
193.163.125.225,ipv4,malicious-ip,medium,WHITE,ziyadnz/hourly-ipv4,ziyadnz|hourly,2026-08-17T18:48:05Z,2026-08-17T18:48:05Z,
193.163.125.226,ipv4,malicious-ip,medium,WHITE,ziyadnz/hourly-ipv4,ziyadnz|hourly,2026-08-17T18:48:05Z,2026-08-17T18:48:05Z,
193.163.125.227,ipv4,malicious-ip,medium,WHITE,ziyadnz/hourly-ipv4,ziyadnz|hourly,2026-08-17T18:48:05Z,2026-08-17T18:48:05Z,
193.163.125.228,ipv4,malicious-ip,medium,WHITE,ziyadnz/hourly-ipv4,ziyadnz|hourly,2026-08-17T18:48:05Z,2026-08-17T18:48:05Z,
193.163.125.229,ipv4,malicious-ip,medium,WHITE,ziyadnz/hourly-ipv4,ziyadnz|hourly,2026-08-17T18:48:05Z,2026-08-17T18:48:05Z,
193.163.125.23,ipv4,malicious-ip,medium,WHITE,ziyadnz/hourly-ipv4,ziyadnz|hourly,2026-08-17T18:48:05Z,2026-08-17T18:48:05Z,
193.163.125.230,ipv4,malicious-ip,medium,WHITE,ziyadnz/hourly-ipv4,ziyadnz|hourly,2026-08-17T18:48:05Z,2026-08-17T18:48:05Z,
193.163.125.231,ipv4,malicious-ip,medium,WHITE,ziyadnz/hourly-ipv4,ziyadnz|hourly,2026-08-17T18:48:05Z,2026-08-17T18:48:05Z,
193.163.125.232,ipv4,malicious-ip,medium,WHITE,ziyadnz/hourly-ipv4,ziyadnz|hourly,2026-08-17T18:48:05Z,2026-08-17T18:48:05Z,
193.163.125.233,ipv4,malicious-ip,medium,WHITE,ziyadnz/hourly-ipv4,ziyadnz|hourly,2026-08-17T18:48:05Z,2026-08-17T18:48:05Z,
193.163.125.234,ipv4,malicious-ip,medium,WHITE,ziyadnz/hourly-ipv4,ziyadnz|hourly,2026-08-17T18:48:05Z,2026-08-17T18:48:05Z,
193.163.125.235,ipv4,malicious-ip,medium,WHITE,ziyadnz/hourly-ipv4,ziyadnz|hourly,2026-08-17T18:48:05Z,2026-08-17T18:48:05Z,
193.163.125.236,ipv4,malicious-ip,medium,WHITE,ziyadnz/hourly-ipv4,ziyadnz|hourly,2026-08-17T18:48:05Z,2026-08-17T18:48:05Z,
193.163.125.237,ipv4,malicious-ip,medium,WHITE,ziyadnz/hourly-ipv4,ziyadnz|hourly,2026-08-17T18:48:05Z,2026-08-17T18:48:05Z,
193.163.125.238,ipv4,malicious-ip,medium,WHITE,ziyadnz/hourly-ipv4,ziyadnz|hourly,2026-08-17T18:48:05Z,2026-08-17T18:48:05Z,
193.163.125.239,ipv4,malicious-ip,medium,WHITE,ziyadnz/hourly-ipv4,ziyadnz|hourly,2026-08-17T18:48:05Z,2026-08-17T18:48:05Z,
193.163.125.24,ipv4,malicious-ip,medium,WHITE,ziyadnz/hourly-ipv4,ziyadnz|hourly,2026-08-17T18:48:05Z,2026-08-17T18:48:05Z,
193.163.125.240,ipv4,malicious-ip,medium,WHITE,ziyadnz/hourly-ipv4,ziyadnz|hourly,2026-08-17T18:48:05Z,2026-08-17T18:48:05Z,
193.163.125.241,ipv4,malicious-ip,medium,WHITE,ziyadnz/hourly-ipv4,ziyadnz|hourly,2026-08-17T18:48:05Z,2026-08-17T18:48:05Z,
193.163.125.242,ipv4,malicious-ip,medium,WHITE,ziyadnz/hourly-ipv4,ziyadnz|hourly,2026-08-17T18:48:05Z,2026-08-17T18:48:05Z,
193.163.125.243,ipv4,malicious-ip,medium,WHITE,ziyadnz/hourly-ipv4,ziyadnz|hourly,2026-08-17T18:48:05Z,2026-08-17T18:48:05Z,
193.163.125.244,ipv4,malicious-ip,medium,WHITE,ziyadnz/hourly-ipv4,ziyadnz|hourly,2026-08-17T18:48:05Z,2026-08-17T18:48:05Z,
193.163.125.245,ipv4,malicious-ip,medium,WHITE,ziyadnz/hourly-ipv4,ziyadnz|hourly,2026-08-17T18:48:05Z,2026-08-17T18:48:05Z,
193.163.125.246,ipv4,malicious-ip,medium,WHITE,ziyadnz/hourly-ipv4,ziyadnz|hourly,2026-08-17T18:48:05Z,2026-08-17T18:48:05Z,
193.163.125.247,ipv4,malicious-ip,medium,WHITE,ziyadnz/hourly-ipv4,ziyadnz|hourly,2026-08-17T18:48:05Z,2026-08-17T18:48:05Z,
193.163.125.248,ipv4,malicious-ip,medium,WHITE,ziyadnz/hourly-ipv4,ziyadnz|hourly,2026-08-17T18:48:05Z,2026-08-17T18:48:05Z,
193.163.125.249,ipv4,malicious-ip,medium,WHITE,ziyadnz/hourly-ipv4,ziyadnz|hourly,2026-08-17T18:48:05Z,2026-08-17T18:48:05Z,
193.163.125.25,ipv4,malicious-ip,medium,WHITE,ziyadnz/hourly-ipv4,ziyadnz|hourly,2026-08-17T18:48:05Z,2026-08-17T18:48:05Z,
193.163.125.250,ipv4,malicious-ip,medium,WHITE,ziyadnz/hourly-ipv4,ziyadnz|hourly,2026-08-17T18:48:05Z,2026-08-17T18:48:05Z,
193.163.125.251,ipv4,malicious-ip,medium,WHITE,ziyadnz/hourly-ipv4,ziyadnz|hourly,2026-08-17T18:48:05Z,2026-08-17T18:48:05Z,
193.163.125.252,ipv4,malicious-ip,medium,WHITE,ziyadnz/hourly-ipv4,ziyadnz|hourly,2026-08-17T18:48:05Z,2026-08-17T18:48:05Z,
193.163.125.253,ipv4,malicious-ip,medium,WHITE,ziyadnz/hourly-ipv4,ziyadnz|hourly,2026-08-17T18:48:05Z,2026-08-17T18:48:05Z,
193.163.125.26,ipv4,malicious-ip,medium,WHITE,ziyadnz/hourly-ipv4,ziyadnz|hourly,2026-08-17T18:48:05Z,2026-08-17T18:48:05Z,
193.163.125.27,ipv4,malicious-ip,medium,WHITE,ziyadnz/hourly-ipv4,ziyadnz|hourly,2026-08-17T18:48:05Z,2026-08-17T18:48:05Z,
193.163.125.28,ipv4,malicious-ip,medium,WHITE,ziyadnz/hourly-ipv4,ziyadnz|hourly,2026-08-17T18:48:05Z,2026-08-17T18:48:05Z,
193.163.125.29,ipv4,malicious-ip,medium,WHITE,ziyadnz/hourly-ipv4,ziyadnz|hourly,2026-08-17T18:48:05Z,2026-08-17T18:48:05Z,
193.163.125.3,ipv4,malicious-ip,medium,WHITE,ziyadnz/hourly-ipv4,ziyadnz|hourly,2026-08-17T18:48:05Z,2026-08-17T18:48:05Z,
193.163.125.30,ipv4,malicious-ip,medium,WHITE,ziyadnz/hourly-ipv4,ziyadnz|hourly,2026-08-17T18:48:05Z,2026-08-17T18:48:05Z,
193.163.125.31,ipv4,malicious-ip,medium,WHITE,ziyadnz/hourly-ipv4,ziyadnz|hourly,2026-08-17T18:48:05Z,2026-08-17T18:48:05Z,
193.163.125.32,ipv4,malicious-ip,medium,WHITE,ziyadnz/hourly-ipv4,ziyadnz|hourly,2026-08-17T18:48:05Z,2026-08-17T18:48:05Z,
193.163.125.33,ipv4,malicious-ip,medium,WHITE,ziyadnz/hourly-ipv4,ziyadnz|hourly,2026-08-17T18:48:05Z,2026-08-17T18:48:05Z,
193.163.125.34,ipv4,malicious-ip,medium,WHITE,ziyadnz/hourly-ipv4,ziyadnz|hourly,2026-08-17T18:48:05Z,2026-08-17T18:48:05Z,
193.163.125.35,ipv4,malicious-ip,medium,WHITE,ziyadnz/hourly-ipv4,ziyadnz|hourly,2026-08-17T18:48:05Z,2026-08-17T18:48:05Z,
193.163.125.36,ipv4,malicious-ip,medium,WHITE,ziyadnz/hourly-ipv4,ziyadnz|hourly,2026-08-17T18:48:05Z,2026-08-17T18:48:05Z,
193.163.125.37,ipv4,malicious-ip,medium,WHITE,ziyadnz/hourly-ipv4,ziyadnz|hourly,2026-08-17T18:48:05Z,2026-08-17T18:48:05Z,
193.163.125.38,ipv4,malicious-ip,medium,WHITE,ziyadnz/hourly-ipv4,ziyadnz|hourly,2026-08-17T18:48:05Z,2026-08-17T18:48:05Z,
193.163.125.39,ipv4,malicious-ip,medium,WHITE,ziyadnz/hourly-ipv4,ziyadnz|hourly,2026-08-17T18:48:05Z,2026-08-17T18:48:05Z,
193.163.125.4,ipv4,malicious-ip,medium,WHITE,ziyadnz/hourly-ipv4,ziyadnz|hourly,2026-08-17T18:48:05Z,2026-08-17T18:48:05Z,
193.163.125.40,ipv4,malicious-ip,medium,WHITE,ziyadnz/hourly-ipv4,ziyadnz|hourly,2026-08-17T18:48:05Z,2026-08-17T18:48:05Z,
193.163.125.41,ipv4,malicious-ip,medium,WHITE,ziyadnz/hourly-ipv4,ziyadnz|hourly,2026-08-17T18:48:05Z,2026-08-17T18:48:05Z,
193.163.125.42,ipv4,malicious-ip,medium,WHITE,ziyadnz/hourly-ipv4,ziyadnz|hourly,2026-08-17T18:48:05Z,2026-08-17T18:48:05Z,
193.163.125.43,ipv4,malicious-ip,medium,WHITE,ziyadnz/hourly-ipv4,ziyadnz|hourly,2026-08-17T18:48:05Z,2026-08-17T18:48:05Z,
193.163.125.44,ipv4,malicious-ip,medium,WHITE,ziyadnz/hourly-ipv4,ziyadnz|hourly,2026-08-17T18:48:05Z,2026-08-17T18:48:05Z,
193.163.125.45,ipv4,malicious-ip,medium,WHITE,ziyadnz/hourly-ipv4,ziyadnz|hourly,2026-08-17T18:48:05Z,2026-08-17T18:48:05Z,
193.163.125.46,ipv4,malicious-ip,medium,WHITE,ziyadnz/hourly-ipv4,ziyadnz|hourly,2026-08-17T18:48:05Z,2026-08-17T18:48:05Z,
193.163.125.47,ipv4,malicious-ip,medium,WHITE,ziyadnz/hourly-ipv4,ziyadnz|hourly,2026-08-17T18:48:05Z,2026-08-17T18:48:05Z,
193.163.125.48,ipv4,malicious-ip,medium,WHITE,ziyadnz/hourly-ipv4,ziyadnz|hourly,2026-08-17T18:48:05Z,2026-08-17T18:48:05Z,
193.163.125.49,ipv4,malicious-ip,medium,WHITE,ziyadnz/hourly-ipv4,ziyadnz|hourly,2026-08-17T18:48:05Z,2026-08-17T18:48:05Z,
193.163.125.5,ipv4,malicious-ip,medium,WHITE,ziyadnz/hourly-ipv4,ziyadnz|hourly,2026-08-17T18:48:05Z,2026-08-17T18:48:05Z,
193.163.125.50,ipv4,malicious-ip,medium,WHITE,ziyadnz/hourly-ipv4,ziyadnz|hourly,2026-08-17T18:48:05Z,2026-08-17T18:48:05Z,
193.163.125.51,ipv4,malicious-ip,medium,WHITE,ziyadnz/hourly-ipv4,ziyadnz|hourly,2026-08-17T18:48:05Z,2026-08-17T18:48:05Z,
193.163.125.52,ipv4,malicious-ip,medium,WHITE,ziyadnz/hourly-ipv4,ziyadnz|hourly,2026-08-17T18:48:05Z,2026-08-17T18:48:05Z,
193.163.125.53,ipv4,malicious-ip,medium,WHITE,ziyadnz/hourly-ipv4,ziyadnz|hourly,2026-08-17T18:48:05Z,2026-08-17T18:48:05Z,
193.163.125.54,ipv4,malicious-ip,medium,WHITE,ziyadnz/hourly-ipv4,ziyadnz|hourly,2026-08-17T18:48:05Z,2026-08-17T18:48:05Z,
193.163.125.55,ipv4,malicious-ip,medium,WHITE,ziyadnz/hourly-ipv4,ziyadnz|hourly,2026-08-17T18:48:05Z,2026-08-17T18:48:05Z,
193.163.125.56,ipv4,malicious-ip,medium,WHITE,ziyadnz/hourly-ipv4,ziyadnz|hourly,2026-08-17T18:48:05Z,2026-08-17T18:48:05Z,
193.163.125.57,ipv4,malicious-ip,medium,WHITE,ziyadnz/hourly-ipv4,ziyadnz|hourly,2026-08-17T18:48:05Z,2026-08-17T18:48:05Z,
193.163.125.58,ipv4,malicious-ip,medium,WHITE,ziyadnz/hourly-ipv4,ziyadnz|hourly,2026-08-17T18:48:05Z,2026-08-17T18:48:05Z,
193.163.125.59,ipv4,malicious-ip,medium,WHITE,ziyadnz/hourly-ipv4,ziyadnz|hourly,2026-08-17T18:48:05Z,2026-08-17T18:48:05Z,
193.163.125.6,ipv4,malicious-ip,medium,WHITE,ziyadnz/hourly-ipv4,ziyadnz|hourly,2026-08-17T18:48:05Z,2026-08-17T18:48:05Z,
193.163.125.60,ipv4,malicious-ip,medium,WHITE,ziyadnz/hourly-ipv4,ziyadnz|hourly,2026-08-17T18:48:05Z,2026-08-17T18:48:05Z,
193.163.125.61,ipv4,malicious-ip,medium,WHITE,ziyadnz/hourly-ipv4,ziyadnz|hourly,2026-08-17T18:48:05Z,2026-08-17T18:48:05Z,
193.163.125.62,ipv4,malicious-ip,medium,WHITE,ziyadnz/hourly-ipv4,ziyadnz|hourly,2026-08-17T18:48:05Z,2026-08-17T18:48:05Z,
193.163.125.63,ipv4,malicious-ip,medium,WHITE,ziyadnz/hourly-ipv4,ziyadnz|hourly,2026-08-17T18:48:05Z,2026-08-17T18:48:05Z,
193.163.125.64,ipv4,malicious-ip,medium,WHITE,ziyadnz/hourly-ipv4,ziyadnz|hourly,2026-08-17T18:48:05Z,2026-08-17T18:48:05Z,
193.163.125.65,ipv4,malicious-ip,medium,WHITE,ziyadnz/hourly-ipv4,ziyadnz|hourly,2026-08-17T18:48:05Z,2026-08-17T18:48:05Z,
193.163.125.66,ipv4,malicious-ip,medium,WHITE,ziyadnz/hourly-ipv4,ziyadnz|hourly,2026-08-17T18:48:05Z,2026-08-17T18:48:05Z,
193.163.125.67,ipv4,malicious-ip,medium,WHITE,ziyadnz/hourly-ipv4,ziyadnz|hourly,2026-08-17T18:48:05Z,2026-08-17T18:48:05Z,
193.163.125.68,ipv4,malicious-ip,medium,WHITE,ziyadnz/hourly-ipv4,ziyadnz|hourly,2026-08-17T18:48:05Z,2026-08-17T18:48:05Z,
193.163.125.69,ipv4,malicious-ip,medium,WHITE,ziyadnz/hourly-ipv4,ziyadnz|hourly,2026-08-17T18:48:05Z,2026-08-17T18:48:05Z,
193.163.125.7,ipv4,malicious-ip,medium,WHITE,ziyadnz/hourly-ipv4,ziyadnz|hourly,2026-08-17T18:48:05Z,2026-08-17T18:48:05Z,
193.163.125.70,ipv4,malicious-ip,medium,WHITE,ziyadnz/hourly-ipv4,ziyadnz|hourly,2026-08-17T18:48:05Z,2026-08-17T18:48:05Z,
193.163.125.71,ipv4,malicious-ip,medium,WHITE,ziyadnz/hourly-ipv4,ziyadnz|hourly,2026-08-17T18:48:05Z,2026-08-17T18:48:05Z,
193.163.125.72,ipv4,malicious-ip,medium,WHITE,ziyadnz/hourly-ipv4,ziyadnz|hourly,2026-08-17T18:48:05Z,2026-08-17T18:48:05Z,
193.163.125.73,ipv4,malicious-ip,medium,WHITE,ziyadnz/hourly-ipv4,ziyadnz|hourly,2026-08-17T18:48:05Z,2026-08-17T18:48:05Z,
193.163.125.74,ipv4,malicious-ip,medium,WHITE,ziyadnz/hourly-ipv4,ziyadnz|hourly,2026-08-17T18:48:05Z,2026-08-17T18:48:05Z,
193.163.125.75,ipv4,malicious-ip,medium,WHITE,ziyadnz/hourly-ipv4,ziyadnz|hourly,2026-08-17T18:48:05Z,2026-08-17T18:48:05Z,
193.163.125.76,ipv4,malicious-ip,medium,WHITE,ziyadnz/hourly-ipv4,ziyadnz|hourly,2026-08-17T18:48:05Z,2026-08-17T18:48:05Z,
193.163.125.77,ipv4,malicious-ip,medium,WHITE,ziyadnz/hourly-ipv4,ziyadnz|hourly,2026-08-17T18:48:05Z,2026-08-17T18:48:05Z,
193.163.125.78,ipv4,malicious-ip,medium,WHITE,ziyadnz/hourly-ipv4,ziyadnz|hourly,2026-08-17T18:48:05Z,2026-08-17T18:48:05Z,
193.163.125.79,ipv4,malicious-ip,medium,WHITE,ziyadnz/hourly-ipv4,ziyadnz|hourly,2026-08-17T18:48:05Z,2026-08-17T18:48:05Z,
193.163.125.8,ipv4,malicious-ip,medium,WHITE,ziyadnz/hourly-ipv4,ziyadnz|hourly,2026-08-17T18:48:05Z,2026-08-17T18:48:05Z,
193.163.125.80,ipv4,malicious-ip,medium,WHITE,ziyadnz/hourly-ipv4,ziyadnz|hourly,2026-08-17T18:48:05Z,2026-08-17T18:48:05Z,
193.163.125.81,ipv4,malicious-ip,medium,WHITE,ziyadnz/hourly-ipv4,ziyadnz|hourly,2026-08-17T18:48:05Z,2026-08-17T18:48:05Z,
193.163.125.82,ipv4,malicious-ip,medium,WHITE,ziyadnz/hourly-ipv4,ziyadnz|hourly,2026-08-17T18:48:05Z,2026-08-17T18:48:05Z,
193.163.125.83,ipv4,malicious-ip,medium,WHITE,ziyadnz/hourly-ipv4,ziyadnz|hourly,2026-08-17T18:48:05Z,2026-08-17T18:48:05Z,
193.163.125.84,ipv4,malicious-ip,medium,WHITE,ziyadnz/hourly-ipv4,ziyadnz|hourly,2026-08-17T18:48:05Z,2026-08-17T18:48:05Z,
193.163.125.85,ipv4,malicious-ip,medium,WHITE,ziyadnz/hourly-ipv4,ziyadnz|hourly,2026-08-17T18:48:05Z,2026-08-17T18:48:05Z,
193.163.125.86,ipv4,malicious-ip,medium,WHITE,ziyadnz/hourly-ipv4,ziyadnz|hourly,2026-08-17T18:48:05Z,2026-08-17T18:48:05Z,
193.163.125.87,ipv4,malicious-ip,medium,WHITE,ziyadnz/hourly-ipv4,ziyadnz|hourly,2026-08-17T18:48:05Z,2026-08-17T18:48:05Z,
193.163.125.88,ipv4,malicious-ip,medium,WHITE,ziyadnz/hourly-ipv4,ziyadnz|hourly,2026-08-17T18:48:05Z,2026-08-17T18:48:05Z,
193.163.125.89,ipv4,malicious-ip,medium,WHITE,ziyadnz/hourly-ipv4,ziyadnz|hourly,2026-08-17T18:48:05Z,2026-08-17T18:48:05Z,
193.163.125.9,ipv4,malicious-ip,medium,WHITE,ziyadnz/hourly-ipv4,ziyadnz|hourly,2026-08-17T18:48:05Z,2026-08-17T18:48:05Z,
193.163.125.90,ipv4,malicious-ip,medium,WHITE,ziyadnz/hourly-ipv4,ziyadnz|hourly,2026-08-17T18:48:05Z,2026-08-17T18:48:05Z,
193.163.125.91,ipv4,malicious-ip,medium,WHITE,ziyadnz/hourly-ipv4,ziyadnz|hourly,2026-08-17T18:48:05Z,2026-08-17T18:48:05Z,
193.163.125.92,ipv4,malicious-ip,medium,WHITE,ziyadnz/hourly-ipv4,ziyadnz|hourly,2026-08-17T18:48:05Z,2026-08-17T18:48:05Z,
193.163.125.93,ipv4,malicious-ip,medium,WHITE,ziyadnz/hourly-ipv4,ziyadnz|hourly,2026-08-17T18:48:05Z,2026-08-17T18:48:05Z,
193.163.125.94,ipv4,malicious-ip,medium,WHITE,ziyadnz/hourly-ipv4,ziyadnz|hourly,2026-08-17T18:48:05Z,2026-08-17T18:48:05Z,
193.163.125.95,ipv4,malicious-ip,medium,WHITE,ziyadnz/hourly-ipv4,ziyadnz|hourly,2026-08-17T18:48:05Z,2026-08-17T18:48:05Z,
193.163.125.96,ipv4,malicious-ip,medium,WHITE,ziyadnz/hourly-ipv4,ziyadnz|hourly,2026-08-17T18:48:05Z,2026-08-17T18:48:05Z,
193.163.125.97,ipv4,malicious-ip,medium,WHITE,ziyadnz/hourly-ipv4,ziyadnz|hourly,2026-08-17T18:48:05Z,2026-08-17T18:48:05Z,
193.163.125.98,ipv4,malicious-ip,medium,WHITE,ziyadnz/hourly-ipv4,ziyadnz|hourly,2026-08-17T18:48:05Z,2026-08-17T18:48:05Z,
193.163.125.99,ipv4,malicious-ip,medium,WHITE,ziyadnz/hourly-ipv4,ziyadnz|hourly,2026-08-17T18:48:05Z,2026-08-17T18:48:05Z,
193.163.187.130,ipv4,malicious-ip,medium,WHITE,ziyadnz/hourly-ipv4,ziyadnz|hourly,2026-08-17T18:48:05Z,2026-08-17T18:48:05Z,
193.163.187.64,ipv4,malicious-ip,medium,WHITE,ziyadnz/hourly-ipv4,ziyadnz|hourly,2026-08-17T18:48:05Z,2026-08-17T18:48:05Z,
193.163.187.65,ipv4,malicious-ip,medium,WHITE,ziyadnz/hourly-ipv4,ziyadnz|hourly,2026-08-17T18:48:05Z,2026-08-17T18:48:05Z,
193.163.187.79,ipv4,malicious-ip,medium,WHITE,ziyadnz/hourly-ipv4,ziyadnz|hourly,2026-08-17T18:48:05Z,2026-08-17T18:48:05Z,
193.163.194.7,ipv4,malicious-ip,medium,WHITE,ziyadnz/hourly-ipv4,ziyadnz|hourly,2026-08-17T18:48:05Z,2026-08-17T18:48:05Z,
193.163.6.108,ipv4,malicious-ip,medium,WHITE,ziyadnz/hourly-ipv4,ziyadnz|hourly,2026-08-17T18:48:05Z,2026-08-17T18:48:05Z,
193.163.7.160,ipv4,malicious-ip,medium,WHITE,ziyadnz/hourly-ipv4,ziyadnz|hourly,2026-08-17T18:48:05Z,2026-08-17T18:48:05Z,
193.164.254.176,ipv4,malicious-ip,medium,WHITE,ziyadnz/hourly-ipv4,ziyadnz|hourly,2026-08-17T18:48:05Z,2026-08-17T18:48:05Z,
193.168.143.111,ipv4,malicious-ip,medium,WHITE,ziyadnz/hourly-ipv4,ziyadnz|hourly,2026-08-17T18:48:05Z,2026-08-17T18:48:05Z,
193.168.143.116,ipv4,malicious-ip,medium,WHITE,ziyadnz/hourly-ipv4,ziyadnz|hourly,2026-08-17T18:48:05Z,2026-08-17T18:48:05Z,
193.168.143.184,ipv4,malicious-ip,medium,WHITE,ziyadnz/hourly-ipv4,ziyadnz|hourly,2026-08-17T18:48:05Z,2026-08-17T18:48:05Z,
193.168.143.185,ipv4,malicious-ip,medium,WHITE,ziyadnz/hourly-ipv4,ziyadnz|hourly,2026-08-17T18:48:05Z,2026-08-17T18:48:05Z,
193.168.143.199,ipv4,malicious-ip,medium,WHITE,ziyadnz/hourly-ipv4,ziyadnz|hourly,2026-08-17T18:48:05Z,2026-08-17T18:48:05Z,
193.168.177.135,ipv4,malicious-ip,medium,WHITE,ziyadnz/hourly-ipv4,ziyadnz|hourly,2026-08-17T18:48:05Z,2026-08-17T18:48:05Z,
193.168.196.14,ipv4,malicious-ip,medium,WHITE,ziyadnz/hourly-ipv4,ziyadnz|hourly,2026-08-17T18:48:05Z,2026-08-17T18:48:05Z,
193.168.198.240,ipv4,malicious-ip,medium,WHITE,ziyadnz/hourly-ipv4,ziyadnz|hourly,2026-08-17T18:48:05Z,2026-08-17T18:48:05Z,
193.169.240.81,ipv4,malicious-ip,medium,WHITE,ziyadnz/hourly-ipv4,ziyadnz|hourly,2026-08-17T18:48:05Z,2026-08-17T18:48:05Z,
193.169.241.19,ipv4,malicious-ip,medium,WHITE,ziyadnz/hourly-ipv4,ziyadnz|hourly,2026-08-17T18:48:05Z,2026-08-17T18:48:05Z,
193.169.245.79,ipv4,malicious-ip,medium,WHITE,ziyadnz/hourly-ipv4,ziyadnz|hourly,2026-08-17T18:48:05Z,2026-08-17T18:48:05Z,
193.169.253.161,ipv4,malicious-ip,medium,WHITE,ziyadnz/hourly-ipv4,ziyadnz|hourly,2026-08-17T18:48:05Z,2026-08-17T18:48:05Z,
193.169.255.78,ipv4,malicious-ip,medium,WHITE,ziyadnz/hourly-ipv4,ziyadnz|hourly,2026-08-17T18:48:05Z,2026-08-17T18:48:05Z,
193.17.183.233,ipv4,malicious-ip,medium,WHITE,ziyadnz/hourly-ipv4,ziyadnz|hourly,2026-08-17T18:48:05Z,2026-08-17T18:48:05Z,
193.174.89.19,ipv4,malicious-ip,medium,WHITE,ziyadnz/hourly-ipv4,ziyadnz|hourly,2026-08-17T18:48:05Z,2026-08-17T18:48:05Z,
193.176.179.41,ipv4,malicious-ip,medium,WHITE,ziyadnz/hourly-ipv4,ziyadnz|hourly,2026-08-17T18:48:05Z,2026-08-17T18:48:05Z,
193.176.190.41,ipv4,malicious-ip,medium,WHITE,ziyadnz/hourly-ipv4,ziyadnz|hourly,2026-08-17T18:48:05Z,2026-08-17T18:48:05Z,
193.176.251.229,ipv4,malicious-ip,medium,WHITE,ziyadnz/hourly-ipv4,ziyadnz|hourly,2026-08-17T18:48:05Z,2026-08-17T18:48:05Z,
193.176.29.0,ipv4,malicious-ip,medium,WHITE,ziyadnz/hourly-ipv4,ziyadnz|hourly,2026-08-17T18:48:05Z,2026-08-17T18:48:05Z,
193.176.29.10,ipv4,malicious-ip,medium,WHITE,ziyadnz/hourly-ipv4,ziyadnz|hourly,2026-08-17T18:48:05Z,2026-08-17T18:48:05Z,
193.176.29.11,ipv4,malicious-ip,medium,WHITE,ziyadnz/hourly-ipv4,ziyadnz|hourly,2026-08-17T18:48:05Z,2026-08-17T18:48:05Z,
193.176.29.12,ipv4,malicious-ip,medium,WHITE,ziyadnz/hourly-ipv4,ziyadnz|hourly,2026-08-17T18:48:05Z,2026-08-17T18:48:05Z,
193.176.29.13,ipv4,malicious-ip,medium,WHITE,ziyadnz/hourly-ipv4,ziyadnz|hourly,2026-08-17T18:48:05Z,2026-08-17T18:48:05Z,
193.176.29.14,ipv4,malicious-ip,medium,WHITE,ziyadnz/hourly-ipv4,ziyadnz|hourly,2026-08-17T18:48:05Z,2026-08-17T18:48:05Z,
193.176.29.15,ipv4,malicious-ip,medium,WHITE,ziyadnz/hourly-ipv4,ziyadnz|hourly,2026-08-17T18:48:05Z,2026-08-17T18:48:05Z,
193.176.29.16,ipv4,malicious-ip,medium,WHITE,ziyadnz/hourly-ipv4,ziyadnz|hourly,2026-08-17T18:48:05Z,2026-08-17T18:48:05Z,
193.176.29.17,ipv4,malicious-ip,medium,WHITE,ziyadnz/hourly-ipv4,ziyadnz|hourly,2026-08-17T18:48:05Z,2026-08-17T18:48:05Z,
193.176.29.18,ipv4,malicious-ip,medium,WHITE,ziyadnz/hourly-ipv4,ziyadnz|hourly,2026-08-17T18:48:05Z,2026-08-17T18:48:05Z,
193.176.29.19,ipv4,malicious-ip,medium,WHITE,ziyadnz/hourly-ipv4,ziyadnz|hourly,2026-08-17T18:48:05Z,2026-08-17T18:48:05Z,
193.176.29.2,ipv4,malicious-ip,medium,WHITE,ziyadnz/hourly-ipv4,ziyadnz|hourly,2026-08-17T18:48:05Z,2026-08-17T18:48:05Z,
193.176.29.20,ipv4,malicious-ip,medium,WHITE,ziyadnz/hourly-ipv4,ziyadnz|hourly,2026-08-17T18:48:05Z,2026-08-17T18:48:05Z,
193.176.29.21,ipv4,malicious-ip,medium,WHITE,ziyadnz/hourly-ipv4,ziyadnz|hourly,2026-08-17T18:48:05Z,2026-08-17T18:48:05Z,
193.176.29.22,ipv4,malicious-ip,medium,WHITE,ziyadnz/hourly-ipv4,ziyadnz|hourly,2026-08-17T18:48:05Z,2026-08-17T18:48:05Z,
193.176.29.23,ipv4,malicious-ip,medium,WHITE,ziyadnz/hourly-ipv4,ziyadnz|hourly,2026-08-17T18:48:05Z,2026-08-17T18:48:05Z,
193.176.29.24,ipv4,malicious-ip,medium,WHITE,ziyadnz/hourly-ipv4,ziyadnz|hourly,2026-08-17T18:48:05Z,2026-08-17T18:48:05Z,
193.176.29.25,ipv4,malicious-ip,medium,WHITE,ziyadnz/hourly-ipv4,ziyadnz|hourly,2026-08-17T18:48:05Z,2026-08-17T18:48:05Z,
193.176.29.26,ipv4,malicious-ip,medium,WHITE,ziyadnz/hourly-ipv4,ziyadnz|hourly,2026-08-17T18:48:05Z,2026-08-17T18:48:05Z,
193.176.29.27,ipv4,malicious-ip,medium,WHITE,ziyadnz/hourly-ipv4,ziyadnz|hourly,2026-08-17T18:48:05Z,2026-08-17T18:48:05Z,
193.176.29.28,ipv4,malicious-ip,medium,WHITE,ziyadnz/hourly-ipv4,ziyadnz|hourly,2026-08-17T18:48:05Z,2026-08-17T18:48:05Z,
193.176.29.29,ipv4,malicious-ip,medium,WHITE,ziyadnz/hourly-ipv4,ziyadnz|hourly,2026-08-17T18:48:05Z,2026-08-17T18:48:05Z,
193.176.29.3,ipv4,malicious-ip,medium,WHITE,ziyadnz/hourly-ipv4,ziyadnz|hourly,2026-08-17T18:48:05Z,2026-08-17T18:48:05Z,
193.176.29.30,ipv4,malicious-ip,medium,WHITE,ziyadnz/hourly-ipv4,ziyadnz|hourly,2026-08-17T18:48:05Z,2026-08-17T18:48:05Z,
193.176.29.4,ipv4,malicious-ip,medium,WHITE,ziyadnz/hourly-ipv4,ziyadnz|hourly,2026-08-17T18:48:05Z,2026-08-17T18:48:05Z,
193.176.29.5,ipv4,malicious-ip,medium,WHITE,ziyadnz/hourly-ipv4,ziyadnz|hourly,2026-08-17T18:48:05Z,2026-08-17T18:48:05Z,
193.176.29.6,ipv4,malicious-ip,medium,WHITE,ziyadnz/hourly-ipv4,ziyadnz|hourly,2026-08-17T18:48:05Z,2026-08-17T18:48:05Z,
193.176.29.7,ipv4,malicious-ip,medium,WHITE,ziyadnz/hourly-ipv4,ziyadnz|hourly,2026-08-17T18:48:05Z,2026-08-17T18:48:05Z,
193.176.29.8,ipv4,malicious-ip,medium,WHITE,ziyadnz/hourly-ipv4,ziyadnz|hourly,2026-08-17T18:48:05Z,2026-08-17T18:48:05Z,
193.176.29.9,ipv4,malicious-ip,medium,WHITE,ziyadnz/hourly-ipv4,ziyadnz|hourly,2026-08-17T18:48:05Z,2026-08-17T18:48:05Z,
193.176.31.0,ipv4,malicious-ip,medium,WHITE,ziyadnz/hourly-ipv4,ziyadnz|hourly,2026-08-17T18:48:05Z,2026-08-17T18:48:05Z,
193.176.31.147,ipv4,malicious-ip,medium,WHITE,ziyadnz/hourly-ipv4,ziyadnz|hourly,2026-08-17T18:48:05Z,2026-08-17T18:48:05Z,
193.176.31.148,ipv4,malicious-ip,medium,WHITE,ziyadnz/hourly-ipv4,ziyadnz|hourly,2026-08-17T18:48:05Z,2026-08-17T18:48:05Z,
193.176.31.149,ipv4,malicious-ip,medium,WHITE,ziyadnz/hourly-ipv4,ziyadnz|hourly,2026-08-17T18:48:05Z,2026-08-17T18:48:05Z,
193.176.31.150,ipv4,malicious-ip,medium,WHITE,ziyadnz/hourly-ipv4,ziyadnz|hourly,2026-08-17T18:48:05Z,2026-08-17T18:48:05Z,
193.176.31.152,ipv4,malicious-ip,medium,WHITE,ziyadnz/hourly-ipv4,ziyadnz|hourly,2026-08-17T18:48:05Z,2026-08-17T18:48:05Z,
193.176.31.153,ipv4,malicious-ip,medium,WHITE,ziyadnz/hourly-ipv4,ziyadnz|hourly,2026-08-17T18:48:05Z,2026-08-17T18:48:05Z,
193.176.31.154,ipv4,malicious-ip,medium,WHITE,ziyadnz/hourly-ipv4,ziyadnz|hourly,2026-08-17T18:48:05Z,2026-08-17T18:48:05Z,
193.176.31.155,ipv4,malicious-ip,medium,WHITE,ziyadnz/hourly-ipv4,ziyadnz|hourly,2026-08-17T18:48:05Z,2026-08-17T18:48:05Z,
193.176.31.156,ipv4,malicious-ip,medium,WHITE,ziyadnz/hourly-ipv4,ziyadnz|hourly,2026-08-17T18:48:05Z,2026-08-17T18:48:05Z,
193.176.31.157,ipv4,malicious-ip,medium,WHITE,ziyadnz/hourly-ipv4,ziyadnz|hourly,2026-08-17T18:48:05Z,2026-08-17T18:48:05Z,
193.176.31.158,ipv4,malicious-ip,medium,WHITE,ziyadnz/hourly-ipv4,ziyadnz|hourly,2026-08-17T18:48:05Z,2026-08-17T18:48:05Z,
193.176.31.194,ipv4,malicious-ip,medium,WHITE,ziyadnz/hourly-ipv4,ziyadnz|hourly,2026-08-17T18:48:05Z,2026-08-17T18:48:05Z,
193.176.31.195,ipv4,malicious-ip,medium,WHITE,ziyadnz/hourly-ipv4,ziyadnz|hourly,2026-08-17T18:48:05Z,2026-08-17T18:48:05Z,
193.176.31.196,ipv4,malicious-ip,medium,WHITE,ziyadnz/hourly-ipv4,ziyadnz|hourly,2026-08-17T18:48:05Z,2026-08-17T18:48:05Z,
193.176.31.197,ipv4,malicious-ip,medium,WHITE,ziyadnz/hourly-ipv4,ziyadnz|hourly,2026-08-17T18:48:05Z,2026-08-17T18:48:05Z,
193.176.31.198,ipv4,malicious-ip,medium,WHITE,ziyadnz/hourly-ipv4,ziyadnz|hourly,2026-08-17T18:48:05Z,2026-08-17T18:48:05Z,
193.176.31.199,ipv4,malicious-ip,medium,WHITE,ziyadnz/hourly-ipv4,ziyadnz|hourly,2026-08-17T18:48:05Z,2026-08-17T18:48:05Z,
193.176.31.200,ipv4,malicious-ip,medium,WHITE,ziyadnz/hourly-ipv4,ziyadnz|hourly,2026-08-17T18:48:05Z,2026-08-17T18:48:05Z,
193.176.31.201,ipv4,malicious-ip,medium,WHITE,ziyadnz/hourly-ipv4,ziyadnz|hourly,2026-08-17T18:48:05Z,2026-08-17T18:48:05Z,
193.176.31.203,ipv4,malicious-ip,medium,WHITE,ziyadnz/hourly-ipv4,ziyadnz|hourly,2026-08-17T18:48:05Z,2026-08-17T18:48:05Z,
193.176.31.204,ipv4,malicious-ip,medium,WHITE,ziyadnz/hourly-ipv4,ziyadnz|hourly,2026-08-17T18:48:05Z,2026-08-17T18:48:05Z,
193.176.31.205,ipv4,malicious-ip,medium,WHITE,ziyadnz/hourly-ipv4,ziyadnz|hourly,2026-08-17T18:48:05Z,2026-08-17T18:48:05Z,
193.176.31.207,ipv4,malicious-ip,medium,WHITE,ziyadnz/hourly-ipv4,ziyadnz|hourly,2026-08-17T18:48:05Z,2026-08-17T18:48:05Z,
193.176.31.208,ipv4,malicious-ip,medium,WHITE,ziyadnz/hourly-ipv4,ziyadnz|hourly,2026-08-17T18:48:05Z,2026-08-17T18:48:05Z,
193.176.31.209,ipv4,malicious-ip,medium,WHITE,ziyadnz/hourly-ipv4,ziyadnz|hourly,2026-08-17T18:48:05Z,2026-08-17T18:48:05Z,
193.176.31.210,ipv4,malicious-ip,medium,WHITE,ziyadnz/hourly-ipv4,ziyadnz|hourly,2026-08-17T18:48:05Z,2026-08-17T18:48:05Z,
193.176.31.211,ipv4,malicious-ip,medium,WHITE,ziyadnz/hourly-ipv4,ziyadnz|hourly,2026-08-17T18:48:05Z,2026-08-17T18:48:05Z,
193.176.31.212,ipv4,malicious-ip,medium,WHITE,ziyadnz/hourly-ipv4,ziyadnz|hourly,2026-08-17T18:48:05Z,2026-08-17T18:48:05Z,
193.176.31.213,ipv4,malicious-ip,medium,WHITE,ziyadnz/hourly-ipv4,ziyadnz|hourly,2026-08-17T18:48:05Z,2026-08-17T18:48:05Z,
193.176.31.214,ipv4,malicious-ip,medium,WHITE,ziyadnz/hourly-ipv4,ziyadnz|hourly,2026-08-17T18:48:05Z,2026-08-17T18:48:05Z,
193.176.31.215,ipv4,malicious-ip,medium,WHITE,ziyadnz/hourly-ipv4,ziyadnz|hourly,2026-08-17T18:48:05Z,2026-08-17T18:48:05Z,
193.176.31.216,ipv4,malicious-ip,medium,WHITE,ziyadnz/hourly-ipv4,ziyadnz|hourly,2026-08-17T18:48:05Z,2026-08-17T18:48:05Z,
193.176.31.217,ipv4,malicious-ip,medium,WHITE,ziyadnz/hourly-ipv4,ziyadnz|hourly,2026-08-17T18:48:05Z,2026-08-17T18:48:05Z,
193.176.31.218,ipv4,malicious-ip,medium,WHITE,ziyadnz/hourly-ipv4,ziyadnz|hourly,2026-08-17T18:48:05Z,2026-08-17T18:48:05Z,
193.176.31.219,ipv4,malicious-ip,medium,WHITE,ziyadnz/hourly-ipv4,ziyadnz|hourly,2026-08-17T18:48:05Z,2026-08-17T18:48:05Z,
193.176.31.220,ipv4,malicious-ip,medium,WHITE,ziyadnz/hourly-ipv4,ziyadnz|hourly,2026-08-17T18:48:05Z,2026-08-17T18:48:05Z,
193.176.31.221,ipv4,malicious-ip,medium,WHITE,ziyadnz/hourly-ipv4,ziyadnz|hourly,2026-08-17T18:48:05Z,2026-08-17T18:48:05Z,
193.176.31.222,ipv4,malicious-ip,medium,WHITE,ziyadnz/hourly-ipv4,ziyadnz|hourly,2026-08-17T18:48:05Z,2026-08-17T18:48:05Z,
193.176.31.223,ipv4,malicious-ip,medium,WHITE,ziyadnz/hourly-ipv4,ziyadnz|hourly,2026-08-17T18:48:05Z,2026-08-17T18:48:05Z,
193.176.31.224,ipv4,malicious-ip,medium,WHITE,ziyadnz/hourly-ipv4,ziyadnz|hourly,2026-08-17T18:48:05Z,2026-08-17T18:48:05Z,
193.176.31.225,ipv4,malicious-ip,medium,WHITE,ziyadnz/hourly-ipv4,ziyadnz|hourly,2026-08-17T18:48:05Z,2026-08-17T18:48:05Z,
193.176.31.226,ipv4,malicious-ip,medium,WHITE,ziyadnz/hourly-ipv4,ziyadnz|hourly,2026-08-17T18:48:05Z,2026-08-17T18:48:05Z,
193.176.31.227,ipv4,malicious-ip,medium,WHITE,ziyadnz/hourly-ipv4,ziyadnz|hourly,2026-08-17T18:48:05Z,2026-08-17T18:48:05Z,
193.176.31.228,ipv4,malicious-ip,medium,WHITE,ziyadnz/hourly-ipv4,ziyadnz|hourly,2026-08-17T18:48:05Z,2026-08-17T18:48:05Z,
193.176.31.229,ipv4,malicious-ip,medium,WHITE,ziyadnz/hourly-ipv4,ziyadnz|hourly,2026-08-17T18:48:05Z,2026-08-17T18:48:05Z,
193.176.31.230,ipv4,malicious-ip,medium,WHITE,ziyadnz/hourly-ipv4,ziyadnz|hourly,2026-08-17T18:48:05Z,2026-08-17T18:48:05Z,
193.176.31.231,ipv4,malicious-ip,medium,WHITE,ziyadnz/hourly-ipv4,ziyadnz|hourly,2026-08-17T18:48:05Z,2026-08-17T18:48:05Z,
193.176.31.232,ipv4,malicious-ip,medium,WHITE,ziyadnz/hourly-ipv4,ziyadnz|hourly,2026-08-17T18:48:05Z,2026-08-17T18:48:05Z,
193.176.31.233,ipv4,malicious-ip,medium,WHITE,ziyadnz/hourly-ipv4,ziyadnz|hourly,2026-08-17T18:48:05Z,2026-08-17T18:48:05Z,
193.176.31.234,ipv4,malicious-ip,medium,WHITE,ziyadnz/hourly-ipv4,ziyadnz|hourly,2026-08-17T18:48:05Z,2026-08-17T18:48:05Z,
193.176.31.235,ipv4,malicious-ip,medium,WHITE,ziyadnz/hourly-ipv4,ziyadnz|hourly,2026-08-17T18:48:05Z,2026-08-17T18:48:05Z,
193.176.31.236,ipv4,malicious-ip,medium,WHITE,ziyadnz/hourly-ipv4,ziyadnz|hourly,2026-08-17T18:48:05Z,2026-08-17T18:48:05Z,
193.176.31.237,ipv4,malicious-ip,medium,WHITE,ziyadnz/hourly-ipv4,ziyadnz|hourly,2026-08-17T18:48:05Z,2026-08-17T18:48:05Z,
193.176.31.238,ipv4,malicious-ip,medium,WHITE,ziyadnz/hourly-ipv4,ziyadnz|hourly,2026-08-17T18:48:05Z,2026-08-17T18:48:05Z,
193.176.31.239,ipv4,malicious-ip,medium,WHITE,ziyadnz/hourly-ipv4,ziyadnz|hourly,2026-08-17T18:48:05Z,2026-08-17T18:48:05Z,
193.176.31.240,ipv4,malicious-ip,medium,WHITE,ziyadnz/hourly-ipv4,ziyadnz|hourly,2026-08-17T18:48:05Z,2026-08-17T18:48:05Z,
193.176.31.241,ipv4,malicious-ip,medium,WHITE,ziyadnz/hourly-ipv4,ziyadnz|hourly,2026-08-17T18:48:05Z,2026-08-17T18:48:05Z,
193.176.31.242,ipv4,malicious-ip,medium,WHITE,ziyadnz/hourly-ipv4,ziyadnz|hourly,2026-08-17T18:48:05Z,2026-08-17T18:48:05Z,
193.176.31.244,ipv4,malicious-ip,medium,WHITE,ziyadnz/hourly-ipv4,ziyadnz|hourly,2026-08-17T18:48:05Z,2026-08-17T18:48:05Z,
193.176.31.245,ipv4,malicious-ip,medium,WHITE,ziyadnz/hourly-ipv4,ziyadnz|hourly,2026-08-17T18:48:05Z,2026-08-17T18:48:05Z,
193.176.31.246,ipv4,malicious-ip,medium,WHITE,ziyadnz/hourly-ipv4,ziyadnz|hourly,2026-08-17T18:48:05Z,2026-08-17T18:48:05Z,
193.176.31.248,ipv4,malicious-ip,medium,WHITE,ziyadnz/hourly-ipv4,ziyadnz|hourly,2026-08-17T18:48:05Z,2026-08-17T18:48:05Z,
193.176.31.249,ipv4,malicious-ip,medium,WHITE,ziyadnz/hourly-ipv4,ziyadnz|hourly,2026-08-17T18:48:05Z,2026-08-17T18:48:05Z,
193.176.31.250,ipv4,malicious-ip,medium,WHITE,ziyadnz/hourly-ipv4,ziyadnz|hourly,2026-08-17T18:48:05Z,2026-08-17T18:48:05Z,
193.176.31.251,ipv4,malicious-ip,medium,WHITE,ziyadnz/hourly-ipv4,ziyadnz|hourly,2026-08-17T18:48:05Z,2026-08-17T18:48:05Z,
193.176.31.252,ipv4,malicious-ip,medium,WHITE,ziyadnz/hourly-ipv4,ziyadnz|hourly,2026-08-17T18:48:05Z,2026-08-17T18:48:05Z,
193.176.31.253,ipv4,malicious-ip,medium,WHITE,ziyadnz/hourly-ipv4,ziyadnz|hourly,2026-08-17T18:48:05Z,2026-08-17T18:48:05Z,
193.176.31.254,ipv4,malicious-ip,medium,WHITE,ziyadnz/hourly-ipv4,ziyadnz|hourly,2026-08-17T18:48:05Z,2026-08-17T18:48:05Z,
193.176.38.169,ipv4,malicious-ip,medium,WHITE,ziyadnz/hourly-ipv4,ziyadnz|hourly,2026-08-17T18:48:05Z,2026-08-17T18:48:05Z,
193.178.170.44,ipv4,malicious-ip,medium,WHITE,ziyadnz/hourly-ipv4,ziyadnz|hourly,2026-08-17T18:48:05Z,2026-08-17T18:48:05Z,
193.178.210.226,ipv4,malicious-ip,medium,WHITE,ziyadnz/hourly-ipv4,ziyadnz|hourly,2026-08-17T18:48:05Z,2026-08-17T18:48:05Z,
193.179.61.241,ipv4,malicious-ip,medium,WHITE,ziyadnz/hourly-ipv4,ziyadnz|hourly,2026-08-17T18:48:05Z,2026-08-17T18:48:05Z,
193.181.214.153,ipv4,malicious-ip,medium,WHITE,ziyadnz/hourly-ipv4,ziyadnz|hourly,2026-08-17T18:48:05Z,2026-08-17T18:48:05Z,
193.181.23.70,ipv4,malicious-ip,medium,WHITE,ziyadnz/hourly-ipv4,ziyadnz|hourly,2026-08-17T18:48:05Z,2026-08-17T18:48:05Z,
193.183.132.181,ipv4,malicious-ip,medium,WHITE,ziyadnz/hourly-ipv4,ziyadnz|hourly,2026-08-17T18:48:05Z,2026-08-17T18:48:05Z,
193.187.100.106,ipv4,malicious-ip,medium,WHITE,ziyadnz/hourly-ipv4,ziyadnz|hourly,2026-08-17T18:48:05Z,2026-08-17T18:48:05Z,
193.187.100.116,ipv4,malicious-ip,medium,WHITE,ziyadnz/hourly-ipv4,ziyadnz|hourly,2026-08-17T18:48:05Z,2026-08-17T18:48:05Z,
193.187.101.227,ipv4,malicious-ip,medium,WHITE,ziyadnz/hourly-ipv4,ziyadnz|hourly,2026-08-17T18:48:05Z,2026-08-17T18:48:05Z,
193.187.172.73,ipv4,malicious-ip,medium,WHITE,ziyadnz/hourly-ipv4,ziyadnz|hourly,2026-08-17T18:48:05Z,2026-08-17T18:48:05Z,
193.187.174.250,ipv4,malicious-ip,medium,WHITE,ziyadnz/hourly-ipv4,ziyadnz|hourly,2026-08-17T18:48:05Z,2026-08-17T18:48:05Z,
193.187.93.75,ipv4,malicious-ip,medium,WHITE,ziyadnz/hourly-ipv4,ziyadnz|hourly,2026-08-17T18:48:05Z,2026-08-17T18:48:05Z,
193.188.113.50,ipv4,malicious-ip,medium,WHITE,ziyadnz/hourly-ipv4,ziyadnz|hourly,2026-08-17T18:48:05Z,2026-08-17T18:48:05Z,
193.188.23.177,ipv4,malicious-ip,medium,WHITE,ziyadnz/hourly-ipv4,ziyadnz|hourly,2026-08-17T18:48:05Z,2026-08-17T18:48:05Z,
193.189.100.0,ipv4,malicious-ip,medium,WHITE,ziyadnz/hourly-ipv4,ziyadnz|hourly,2026-08-17T18:48:05Z,2026-08-17T18:48:05Z,
193.189.100.130,ipv4,malicious-ip,medium,WHITE,ziyadnz/hourly-ipv4,ziyadnz|hourly,2026-08-17T18:48:05Z,2026-08-17T18:48:05Z,
193.189.100.194,ipv4,malicious-ip,medium,WHITE,ziyadnz/hourly-ipv4,ziyadnz|hourly,2026-08-17T18:48:05Z,2026-08-17T18:48:05Z,
193.189.100.195,ipv4,malicious-ip,medium,WHITE,ziyadnz/hourly-ipv4,ziyadnz|hourly,2026-08-17T18:48:05Z,2026-08-17T18:48:05Z,
193.189.100.196,ipv4,malicious-ip,medium,WHITE,ziyadnz/hourly-ipv4,ziyadnz|hourly,2026-08-17T18:48:05Z,2026-08-17T18:48:05Z,
193.189.100.197,ipv4,malicious-ip,medium,WHITE,ziyadnz/hourly-ipv4,ziyadnz|hourly,2026-08-17T18:48:05Z,2026-08-17T18:48:05Z,
193.189.100.198,ipv4,malicious-ip,medium,WHITE,ziyadnz/hourly-ipv4,ziyadnz|hourly,2026-08-17T18:48:05Z,2026-08-17T18:48:05Z,
193.189.100.199,ipv4,malicious-ip,medium,WHITE,ziyadnz/hourly-ipv4,ziyadnz|hourly,2026-08-17T18:48:05Z,2026-08-17T18:48:05Z,
193.189.100.200,ipv4,malicious-ip,medium,WHITE,ziyadnz/hourly-ipv4,ziyadnz|hourly,2026-08-17T18:48:05Z,2026-08-17T18:48:05Z,
193.189.100.201,ipv4,malicious-ip,medium,WHITE,ziyadnz/hourly-ipv4,ziyadnz|hourly,2026-08-17T18:48:05Z,2026-08-17T18:48:05Z,
193.189.100.203,ipv4,malicious-ip,medium,WHITE,ziyadnz/hourly-ipv4,ziyadnz|hourly,2026-08-17T18:48:05Z,2026-08-17T18:48:05Z,
193.189.100.204,ipv4,malicious-ip,medium,WHITE,ziyadnz/hourly-ipv4,ziyadnz|hourly,2026-08-17T18:48:05Z,2026-08-17T18:48:05Z,
193.189.100.205,ipv4,malicious-ip,medium,WHITE,ziyadnz/hourly-ipv4,ziyadnz|hourly,2026-08-17T18:48:05Z,2026-08-17T18:48:05Z,
193.189.100.206,ipv4,malicious-ip,medium,WHITE,ziyadnz/hourly-ipv4,ziyadnz|hourly,2026-08-17T18:48:05Z,2026-08-17T18:48:05Z,
193.19.109.0,ipv4,malicious-ip,medium,WHITE,ziyadnz/hourly-ipv4,ziyadnz|hourly,2026-08-17T18:48:05Z,2026-08-17T18:48:05Z,
193.19.109.214,ipv4,malicious-ip,medium,WHITE,ziyadnz/hourly-ipv4,ziyadnz|hourly,2026-08-17T18:48:05Z,2026-08-17T18:48:05Z,
193.19.109.224,ipv4,malicious-ip,medium,WHITE,ziyadnz/hourly-ipv4,ziyadnz|hourly,2026-08-17T18:48:05Z,2026-08-17T18:48:05Z,
193.19.109.236,ipv4,malicious-ip,medium,WHITE,ziyadnz/hourly-ipv4,ziyadnz|hourly,2026-08-17T18:48:05Z,2026-08-17T18:48:05Z,
193.19.109.242,ipv4,malicious-ip,medium,WHITE,ziyadnz/hourly-ipv4,ziyadnz|hourly,2026-08-17T18:48:05Z,2026-08-17T18:48:05Z,
193.19.109.245,ipv4,malicious-ip,medium,WHITE,ziyadnz/hourly-ipv4,ziyadnz|hourly,2026-08-17T18:48:05Z,2026-08-17T18:48:05Z,
193.19.109.61,ipv4,malicious-ip,medium,WHITE,ziyadnz/hourly-ipv4,ziyadnz|hourly,2026-08-17T18:48:05Z,2026-08-17T18:48:05Z,
193.19.109.62,ipv4,malicious-ip,medium,WHITE,ziyadnz/hourly-ipv4,ziyadnz|hourly,2026-08-17T18:48:05Z,2026-08-17T18:48:05Z,
193.19.109.68,ipv4,malicious-ip,medium,WHITE,ziyadnz/hourly-ipv4,ziyadnz|hourly,2026-08-17T18:48:05Z,2026-08-17T18:48:05Z,
193.19.119.4,ipv4,malicious-ip,medium,WHITE,ziyadnz/hourly-ipv4,ziyadnz|hourly,2026-08-17T18:48:05Z,2026-08-17T18:48:05Z,
193.193.212.246,ipv4,malicious-ip,medium,WHITE,ziyadnz/hourly-ipv4,ziyadnz|hourly,2026-08-17T18:48:05Z,2026-08-17T18:48:05Z,
193.193.224.196,ipv4,malicious-ip,medium,WHITE,ziyadnz/hourly-ipv4,ziyadnz|hourly,2026-08-17T18:48:05Z,2026-08-17T18:48:05Z,
193.194.126.212,ipv4,malicious-ip,medium,WHITE,ziyadnz/hourly-ipv4,ziyadnz|hourly,2026-08-17T18:48:05Z,2026-08-17T18:48:05Z,
193.194.126.215,ipv4,malicious-ip,medium,WHITE,ziyadnz/hourly-ipv4,ziyadnz|hourly,2026-08-17T18:48:05Z,2026-08-17T18:48:05Z,
193.194.126.231,ipv4,malicious-ip,medium,WHITE,ziyadnz/hourly-ipv4,ziyadnz|hourly,2026-08-17T18:48:05Z,2026-08-17T18:48:05Z,
193.194.126.27,ipv4,malicious-ip,medium,WHITE,ziyadnz/hourly-ipv4,ziyadnz|hourly,2026-08-17T18:48:05Z,2026-08-17T18:48:05Z,
193.194.126.69,ipv4,malicious-ip,medium,WHITE,ziyadnz/hourly-ipv4,ziyadnz|hourly,2026-08-17T18:48:05Z,2026-08-17T18:48:05Z,
193.194.91.218,ipv4,malicious-ip,medium,WHITE,ziyadnz/hourly-ipv4,ziyadnz|hourly,2026-08-17T18:48:05Z,2026-08-17T18:48:05Z,
193.200.151.131,ipv4,malicious-ip,medium,WHITE,ziyadnz/hourly-ipv4,ziyadnz|hourly,2026-08-17T18:48:05Z,2026-08-17T18:48:05Z,
193.200.229.243,ipv4,malicious-ip,medium,WHITE,ziyadnz/hourly-ipv4,ziyadnz|hourly,2026-08-17T18:48:05Z,2026-08-17T18:48:05Z,
193.200.26.175,ipv4,malicious-ip,medium,WHITE,ziyadnz/hourly-ipv4,ziyadnz|hourly,2026-08-17T18:48:05Z,2026-08-17T18:48:05Z,
193.200.78.24,ipv4,malicious-ip,medium,WHITE,ziyadnz/hourly-ipv4,ziyadnz|hourly,2026-08-17T18:48:05Z,2026-08-17T18:48:05Z,
193.200.78.33,ipv4,malicious-ip,medium,WHITE,ziyadnz/hourly-ipv4,ziyadnz|hourly,2026-08-17T18:48:05Z,2026-08-17T18:48:05Z,
193.200.78.34,ipv4,malicious-ip,medium,WHITE,ziyadnz/hourly-ipv4,ziyadnz|hourly,2026-08-17T18:48:05Z,2026-08-17T18:48:05Z,
193.200.78.35,ipv4,malicious-ip,medium,WHITE,ziyadnz/hourly-ipv4,ziyadnz|hourly,2026-08-17T18:48:05Z,2026-08-17T18:48:05Z,
193.200.78.63,ipv4,malicious-ip,medium,WHITE,ziyadnz/hourly-ipv4,ziyadnz|hourly,2026-08-17T18:48:05Z,2026-08-17T18:48:05Z,
193.201.188.222,ipv4,malicious-ip,medium,WHITE,ziyadnz/hourly-ipv4,ziyadnz|hourly,2026-08-17T18:48:05Z,2026-08-17T18:48:05Z,
193.201.9.224,ipv4,malicious-ip,medium,WHITE,ziyadnz/hourly-ipv4,ziyadnz|hourly,2026-08-17T18:48:05Z,2026-08-17T18:48:05Z,
193.201.9.93,ipv4,malicious-ip,medium,WHITE,ziyadnz/hourly-ipv4,ziyadnz|hourly,2026-08-17T18:48:05Z,2026-08-17T18:48:05Z,
193.202.11.112,ipv4,malicious-ip,medium,WHITE,ziyadnz/hourly-ipv4,ziyadnz|hourly,2026-08-17T18:48:05Z,2026-08-17T18:48:05Z,
193.203.203.40,ipv4,malicious-ip,medium,WHITE,ziyadnz/hourly-ipv4,ziyadnz|hourly,2026-08-17T18:48:05Z,2026-08-17T18:48:05Z,
193.203.49.90,ipv4,malicious-ip,medium,WHITE,ziyadnz/hourly-ipv4,ziyadnz|hourly,2026-08-17T18:48:05Z,2026-08-17T18:48:05Z,
193.218.118.128,ipv4,malicious-ip,medium,WHITE,ziyadnz/hourly-ipv4,ziyadnz|hourly,2026-08-17T18:48:05Z,2026-08-17T18:48:05Z,
193.218.118.158,ipv4,malicious-ip,medium,WHITE,ziyadnz/hourly-ipv4,ziyadnz|hourly,2026-08-17T18:48:05Z,2026-08-17T18:48:05Z,
193.218.118.173,ipv4,malicious-ip,medium,WHITE,ziyadnz/hourly-ipv4,ziyadnz|hourly,2026-08-17T18:48:05Z,2026-08-17T18:48:05Z,
193.218.118.182,ipv4,malicious-ip,medium,WHITE,ziyadnz/hourly-ipv4,ziyadnz|hourly,2026-08-17T18:48:05Z,2026-08-17T18:48:05Z,
193.218.118.188,ipv4,malicious-ip,medium,WHITE,ziyadnz/hourly-ipv4,ziyadnz|hourly,2026-08-17T18:48:05Z,2026-08-17T18:48:05Z,
193.218.201.104,ipv4,malicious-ip,medium,WHITE,ziyadnz/hourly-ipv4,ziyadnz|hourly,2026-08-17T18:48:05Z,2026-08-17T18:48:05Z,
193.22.12.151,ipv4,malicious-ip,medium,WHITE,ziyadnz/hourly-ipv4,ziyadnz|hourly,2026-08-17T18:48:05Z,2026-08-17T18:48:05Z,
193.221.200.200,ipv4,malicious-ip,medium,WHITE,ziyadnz/hourly-ipv4,ziyadnz|hourly,2026-08-17T18:48:05Z,2026-08-17T18:48:05Z,
193.221.200.219,ipv4,malicious-ip,medium,WHITE,ziyadnz/hourly-ipv4,ziyadnz|hourly,2026-08-17T18:48:05Z,2026-08-17T18:48:05Z,
193.221.200.222,ipv4,malicious-ip,medium,WHITE,ziyadnz/hourly-ipv4,ziyadnz|hourly,2026-08-17T18:48:05Z,2026-08-17T18:48:05Z,
193.221.200.233,ipv4,malicious-ip,medium,WHITE,ziyadnz/hourly-ipv4,ziyadnz|hourly,2026-08-17T18:48:05Z,2026-08-17T18:48:05Z,
193.221.200.93,ipv4,malicious-ip,medium,WHITE,ziyadnz/hourly-ipv4,ziyadnz|hourly,2026-08-17T18:48:05Z,2026-08-17T18:48:05Z,
193.221.201.167,ipv4,malicious-ip,medium,WHITE,ziyadnz/hourly-ipv4,ziyadnz|hourly,2026-08-17T18:48:05Z,2026-08-17T18:48:05Z,
193.221.201.170,ipv4,malicious-ip,medium,WHITE,ziyadnz/hourly-ipv4,ziyadnz|hourly,2026-08-17T18:48:05Z,2026-08-17T18:48:05Z,
193.221.203.57,ipv4,malicious-ip,medium,WHITE,ziyadnz/hourly-ipv4,ziyadnz|hourly,2026-08-17T18:48:05Z,2026-08-17T18:48:05Z,
193.222.96.10,ipv4,malicious-ip,medium,WHITE,ziyadnz/hourly-ipv4,ziyadnz|hourly,2026-08-17T18:48:05Z,2026-08-17T18:48:05Z,
193.222.96.163,ipv4,malicious-ip,medium,WHITE,ziyadnz/hourly-ipv4,ziyadnz|hourly,2026-08-17T18:48:05Z,2026-08-17T18:48:05Z,
193.226.76.34,ipv4,malicious-ip,medium,WHITE,ziyadnz/hourly-ipv4,ziyadnz|hourly,2026-08-17T18:48:05Z,2026-08-17T18:48:05Z,
193.227.11.119,ipv4,malicious-ip,medium,WHITE,ziyadnz/hourly-ipv4,ziyadnz|hourly,2026-08-17T18:48:05Z,2026-08-17T18:48:05Z,
193.227.16.237,ipv4,malicious-ip,medium,WHITE,ziyadnz/hourly-ipv4,ziyadnz|hourly,2026-08-17T18:48:05Z,2026-08-17T18:48:05Z,
193.227.179.227,ipv4,malicious-ip,medium,WHITE,ziyadnz/hourly-ipv4,ziyadnz|hourly,2026-08-17T18:48:05Z,2026-08-17T18:48:05Z,
193.227.21.174,ipv4,malicious-ip,medium,WHITE,ziyadnz/hourly-ipv4,ziyadnz|hourly,2026-08-17T18:48:05Z,2026-08-17T18:48:05Z,
193.227.36.240,ipv4,malicious-ip,medium,WHITE,ziyadnz/hourly-ipv4,ziyadnz|hourly,2026-08-17T18:48:05Z,2026-08-17T18:48:05Z,
193.227.49.3,ipv4,malicious-ip,medium,WHITE,ziyadnz/hourly-ipv4,ziyadnz|hourly,2026-08-17T18:48:05Z,2026-08-17T18:48:05Z,
193.227.59.4,ipv4,malicious-ip,medium,WHITE,ziyadnz/hourly-ipv4,ziyadnz|hourly,2026-08-17T18:48:05Z,2026-08-17T18:48:05Z,
193.228.131.161,ipv4,malicious-ip,medium,WHITE,ziyadnz/hourly-ipv4,ziyadnz|hourly,2026-08-17T18:48:05Z,2026-08-17T18:48:05Z,
193.228.164.236,ipv4,malicious-ip,medium,WHITE,ziyadnz/hourly-ipv4,ziyadnz|hourly,2026-08-17T18:48:05Z,2026-08-17T18:48:05Z,
193.23.194.51,ipv4,malicious-ip,medium,WHITE,ziyadnz/hourly-ipv4,ziyadnz|hourly,2026-08-17T18:48:05Z,2026-08-17T18:48:05Z,
193.23.201.209,ipv4,malicious-ip,medium,WHITE,ziyadnz/hourly-ipv4,ziyadnz|hourly,2026-08-17T18:48:05Z,2026-08-17T18:48:05Z,
193.23.211.29,ipv4,malicious-ip,medium,WHITE,ziyadnz/hourly-ipv4,ziyadnz|hourly,2026-08-17T18:48:05Z,2026-08-17T18:48:05Z,
193.23.216.48,ipv4,malicious-ip,medium,WHITE,ziyadnz/hourly-ipv4,ziyadnz|hourly,2026-08-17T18:48:05Z,2026-08-17T18:48:05Z,
193.23.3.28,ipv4,malicious-ip,medium,WHITE,ziyadnz/hourly-ipv4,ziyadnz|hourly,2026-08-17T18:48:05Z,2026-08-17T18:48:05Z,
193.23.58.250,ipv4,malicious-ip,medium,WHITE,ziyadnz/hourly-ipv4,ziyadnz|hourly,2026-08-17T18:48:05Z,2026-08-17T18:48:05Z,
193.231.34.224,ipv4,malicious-ip,medium,WHITE,ziyadnz/hourly-ipv4,ziyadnz|hourly,2026-08-17T18:48:05Z,2026-08-17T18:48:05Z,
193.231.73.173,ipv4,malicious-ip,medium,WHITE,ziyadnz/hourly-ipv4,ziyadnz|hourly,2026-08-17T18:48:05Z,2026-08-17T18:48:05Z,
193.232.228.7,ipv4,malicious-ip,medium,WHITE,ziyadnz/hourly-ipv4,ziyadnz|hourly,2026-08-17T18:48:05Z,2026-08-17T18:48:05Z,
193.233.112.229,ipv4,malicious-ip,medium,WHITE,ziyadnz/hourly-ipv4,ziyadnz|hourly,2026-08-17T18:48:05Z,2026-08-17T18:48:05Z,
193.233.113.45,ipv4,malicious-ip,medium,WHITE,ziyadnz/hourly-ipv4,ziyadnz|hourly,2026-08-17T18:48:05Z,2026-08-17T18:48:05Z,
193.233.126.43,ipv4,malicious-ip,medium,WHITE,ziyadnz/hourly-ipv4,ziyadnz|hourly,2026-08-17T18:48:05Z,2026-08-17T18:48:05Z,
193.233.127.72,ipv4,malicious-ip,medium,WHITE,ziyadnz/hourly-ipv4,ziyadnz|hourly,2026-08-17T18:48:05Z,2026-08-17T18:48:05Z,
193.233.132.12,ipv4,malicious-ip,medium,WHITE,ziyadnz/hourly-ipv4,ziyadnz|hourly,2026-08-17T18:48:05Z,2026-08-17T18:48:05Z,
193.233.132.13,ipv4,malicious-ip,medium,WHITE,ziyadnz/hourly-ipv4,ziyadnz|hourly,2026-08-17T18:48:05Z,2026-08-17T18:48:05Z,
193.233.132.137,ipv4,malicious-ip,medium,WHITE,ziyadnz/hourly-ipv4,ziyadnz|hourly,2026-08-17T18:48:05Z,2026-08-17T18:48:05Z,
193.233.132.15,ipv4,malicious-ip,medium,WHITE,ziyadnz/hourly-ipv4,ziyadnz|hourly,2026-08-17T18:48:05Z,2026-08-17T18:48:05Z,
193.233.132.188,ipv4,malicious-ip,medium,WHITE,ziyadnz/hourly-ipv4,ziyadnz|hourly,2026-08-17T18:48:05Z,2026-08-17T18:48:05Z,
193.233.132.204,ipv4,malicious-ip,medium,WHITE,ziyadnz/hourly-ipv4,ziyadnz|hourly,2026-08-17T18:48:05Z,2026-08-17T18:48:05Z,
193.233.132.231,ipv4,malicious-ip,medium,WHITE,ziyadnz/hourly-ipv4,ziyadnz|hourly,2026-08-17T18:48:05Z,2026-08-17T18:48:05Z,
193.233.132.30,ipv4,malicious-ip,medium,WHITE,ziyadnz/hourly-ipv4,ziyadnz|hourly,2026-08-17T18:48:05Z,2026-08-17T18:48:05Z,
193.233.132.32,ipv4,malicious-ip,medium,WHITE,ziyadnz/hourly-ipv4,ziyadnz|hourly,2026-08-17T18:48:05Z,2026-08-17T18:48:05Z,
193.233.132.34,ipv4,malicious-ip,medium,WHITE,ziyadnz/hourly-ipv4,ziyadnz|hourly,2026-08-17T18:48:05Z,2026-08-17T18:48:05Z,
193.233.132.4,ipv4,malicious-ip,medium,WHITE,ziyadnz/hourly-ipv4,ziyadnz|hourly,2026-08-17T18:48:05Z,2026-08-17T18:48:05Z,
193.233.132.42,ipv4,malicious-ip,medium,WHITE,ziyadnz/hourly-ipv4,ziyadnz|hourly,2026-08-17T18:48:05Z,2026-08-17T18:48:05Z,
193.233.132.43,ipv4,malicious-ip,medium,WHITE,ziyadnz/hourly-ipv4,ziyadnz|hourly,2026-08-17T18:48:05Z,2026-08-17T18:48:05Z,
193.233.132.55,ipv4,malicious-ip,medium,WHITE,ziyadnz/hourly-ipv4,ziyadnz|hourly,2026-08-17T18:48:05Z,2026-08-17T18:48:05Z,
193.233.132.63,ipv4,malicious-ip,medium,WHITE,ziyadnz/hourly-ipv4,ziyadnz|hourly,2026-08-17T18:48:05Z,2026-08-17T18:48:05Z,
193.233.133.179,ipv4,malicious-ip,medium,WHITE,ziyadnz/hourly-ipv4,ziyadnz|hourly,2026-08-17T18:48:05Z,2026-08-17T18:48:05Z,
193.233.134.136,ipv4,malicious-ip,medium,WHITE,ziyadnz/hourly-ipv4,ziyadnz|hourly,2026-08-17T18:48:05Z,2026-08-17T18:48:05Z,
193.233.161.137,ipv4,malicious-ip,medium,WHITE,ziyadnz/hourly-ipv4,ziyadnz|hourly,2026-08-17T18:48:05Z,2026-08-17T18:48:05Z,
193.233.161.163,ipv4,malicious-ip,medium,WHITE,ziyadnz/hourly-ipv4,ziyadnz|hourly,2026-08-17T18:48:05Z,2026-08-17T18:48:05Z,
193.233.175.213,ipv4,malicious-ip,medium,WHITE,ziyadnz/hourly-ipv4,ziyadnz|hourly,2026-08-17T18:48:05Z,2026-08-17T18:48:05Z,
193.233.193.45,ipv4,malicious-ip,medium,WHITE,ziyadnz/hourly-ipv4,ziyadnz|hourly,2026-08-17T18:48:05Z,2026-08-17T18:48:05Z,
193.233.20.11,ipv4,malicious-ip,medium,WHITE,ziyadnz/hourly-ipv4,ziyadnz|hourly,2026-08-17T18:48:05Z,2026-08-17T18:48:05Z,
193.233.20.138,ipv4,malicious-ip,medium,WHITE,ziyadnz/hourly-ipv4,ziyadnz|hourly,2026-08-17T18:48:05Z,2026-08-17T18:48:05Z,
193.233.20.25,ipv4,malicious-ip,medium,WHITE,ziyadnz/hourly-ipv4,ziyadnz|hourly,2026-08-17T18:48:05Z,2026-08-17T18:48:05Z,
193.233.20.26,ipv4,malicious-ip,medium,WHITE,ziyadnz/hourly-ipv4,ziyadnz|hourly,2026-08-17T18:48:05Z,2026-08-17T18:48:05Z,
193.233.20.27,ipv4,malicious-ip,medium,WHITE,ziyadnz/hourly-ipv4,ziyadnz|hourly,2026-08-17T18:48:05Z,2026-08-17T18:48:05Z,
193.233.20.7,ipv4,malicious-ip,medium,WHITE,ziyadnz/hourly-ipv4,ziyadnz|hourly,2026-08-17T18:48:05Z,2026-08-17T18:48:05Z,
193.233.201.21,ipv4,malicious-ip,medium,WHITE,ziyadnz/hourly-ipv4,ziyadnz|hourly,2026-08-17T18:48:05Z,2026-08-17T18:48:05Z,
193.233.202.17,ipv4,malicious-ip,medium,WHITE,ziyadnz/hourly-ipv4,ziyadnz|hourly,2026-08-17T18:48:05Z,2026-08-17T18:48:05Z,
193.233.206.23,ipv4,malicious-ip,medium,WHITE,ziyadnz/hourly-ipv4,ziyadnz|hourly,2026-08-17T18:48:05Z,2026-08-17T18:48:05Z,
193.233.23.81,ipv4,malicious-ip,medium,WHITE,ziyadnz/hourly-ipv4,ziyadnz|hourly,2026-08-17T18:48:05Z,2026-08-17T18:48:05Z,
193.233.232.5,ipv4,malicious-ip,medium,WHITE,ziyadnz/hourly-ipv4,ziyadnz|hourly,2026-08-17T18:48:05Z,2026-08-17T18:48:05Z,
193.233.251.152,ipv4,malicious-ip,medium,WHITE,ziyadnz/hourly-ipv4,ziyadnz|hourly,2026-08-17T18:48:05Z,2026-08-17T18:48:05Z,
193.233.254.21,ipv4,malicious-ip,medium,WHITE,ziyadnz/hourly-ipv4,ziyadnz|hourly,2026-08-17T18:48:05Z,2026-08-17T18:48:05Z,
193.233.255.122,ipv4,malicious-ip,medium,WHITE,ziyadnz/hourly-ipv4,ziyadnz|hourly,2026-08-17T18:48:05Z,2026-08-17T18:48:05Z,
193.233.255.9,ipv4,malicious-ip,medium,WHITE,ziyadnz/hourly-ipv4,ziyadnz|hourly,2026-08-17T18:48:05Z,2026-08-17T18:48:05Z,
193.233.48.38,ipv4,malicious-ip,medium,WHITE,ziyadnz/hourly-ipv4,ziyadnz|hourly,2026-08-17T18:48:05Z,2026-08-17T18:48:05Z,
193.233.91.113,ipv4,malicious-ip,medium,WHITE,ziyadnz/hourly-ipv4,ziyadnz|hourly,2026-08-17T18:48:05Z,2026-08-17T18:48:05Z,
193.234.119.79,ipv4,malicious-ip,medium,WHITE,ziyadnz/hourly-ipv4,ziyadnz|hourly,2026-08-17T18:48:05Z,2026-08-17T18:48:05Z,
193.239.145.211,ipv4,malicious-ip,medium,WHITE,ziyadnz/hourly-ipv4,ziyadnz|hourly,2026-08-17T18:48:05Z,2026-08-17T18:48:05Z,
193.239.147.16,ipv4,malicious-ip,medium,WHITE,ziyadnz/hourly-ipv4,ziyadnz|hourly,2026-08-17T18:48:05Z,2026-08-17T18:48:05Z,
193.239.147.201,ipv4,malicious-ip,medium,WHITE,ziyadnz/hourly-ipv4,ziyadnz|hourly,2026-08-17T18:48:05Z,2026-08-17T18:48:05Z,
193.239.232.235,ipv4,malicious-ip,medium,WHITE,ziyadnz/hourly-ipv4,ziyadnz|hourly,2026-08-17T18:48:05Z,2026-08-17T18:48:05Z,
193.239.236.149,ipv4,malicious-ip,medium,WHITE,ziyadnz/hourly-ipv4,ziyadnz|hourly,2026-08-17T18:48:05Z,2026-08-17T18:48:05Z,
193.239.59.33,ipv4,malicious-ip,medium,WHITE,ziyadnz/hourly-ipv4,ziyadnz|hourly,2026-08-17T18:48:05Z,2026-08-17T18:48:05Z,
193.239.86.132,ipv4,malicious-ip,medium,WHITE,ziyadnz/hourly-ipv4,ziyadnz|hourly,2026-08-17T18:48:05Z,2026-08-17T18:48:05Z,
193.239.86.146,ipv4,malicious-ip,medium,WHITE,ziyadnz/hourly-ipv4,ziyadnz|hourly,2026-08-17T18:48:05Z,2026-08-17T18:48:05Z,
193.239.86.168,ipv4,malicious-ip,medium,WHITE,ziyadnz/hourly-ipv4,ziyadnz|hourly,2026-08-17T18:48:05Z,2026-08-17T18:48:05Z,
193.24.123.18,ipv4,malicious-ip,medium,WHITE,ziyadnz/hourly-ipv4,ziyadnz|hourly,2026-08-17T18:48:05Z,2026-08-17T18:48:05Z,
193.24.123.232,ipv4,malicious-ip,medium,WHITE,ziyadnz/hourly-ipv4,ziyadnz|hourly,2026-08-17T18:48:05Z,2026-08-17T18:48:05Z,
193.24.123.42,ipv4,malicious-ip,medium,WHITE,ziyadnz/hourly-ipv4,ziyadnz|hourly,2026-08-17T18:48:05Z,2026-08-17T18:48:05Z,
193.24.123.68,ipv4,malicious-ip,medium,WHITE,ziyadnz/hourly-ipv4,ziyadnz|hourly,2026-08-17T18:48:05Z,2026-08-17T18:48:05Z,
193.24.126.0,ipv4,malicious-ip,medium,WHITE,ziyadnz/hourly-ipv4,ziyadnz|hourly,2026-08-17T18:48:05Z,2026-08-17T18:48:05Z,
193.24.126.135,ipv4,malicious-ip,medium,WHITE,ziyadnz/hourly-ipv4,ziyadnz|hourly,2026-08-17T18:48:05Z,2026-08-17T18:48:05Z,
193.24.126.137,ipv4,malicious-ip,medium,WHITE,ziyadnz/hourly-ipv4,ziyadnz|hourly,2026-08-17T18:48:05Z,2026-08-17T18:48:05Z,
193.24.126.138,ipv4,malicious-ip,medium,WHITE,ziyadnz/hourly-ipv4,ziyadnz|hourly,2026-08-17T18:48:05Z,2026-08-17T18:48:05Z,
193.24.126.139,ipv4,malicious-ip,medium,WHITE,ziyadnz/hourly-ipv4,ziyadnz|hourly,2026-08-17T18:48:05Z,2026-08-17T18:48:05Z,
193.24.126.142,ipv4,malicious-ip,medium,WHITE,ziyadnz/hourly-ipv4,ziyadnz|hourly,2026-08-17T18:48:05Z,2026-08-17T18:48:05Z,
193.24.126.144,ipv4,malicious-ip,medium,WHITE,ziyadnz/hourly-ipv4,ziyadnz|hourly,2026-08-17T18:48:05Z,2026-08-17T18:48:05Z,
193.24.126.148,ipv4,malicious-ip,medium,WHITE,ziyadnz/hourly-ipv4,ziyadnz|hourly,2026-08-17T18:48:05Z,2026-08-17T18:48:05Z,
193.24.208.236,ipv4,malicious-ip,medium,WHITE,ziyadnz/hourly-ipv4,ziyadnz|hourly,2026-08-17T18:48:05Z,2026-08-17T18:48:05Z,
193.24.211.0,ipv4,malicious-ip,medium,WHITE,ziyadnz/hourly-ipv4,ziyadnz|hourly,2026-08-17T18:48:05Z,2026-08-17T18:48:05Z,
193.24.211.103,ipv4,malicious-ip,medium,WHITE,ziyadnz/hourly-ipv4,ziyadnz|hourly,2026-08-17T18:48:05Z,2026-08-17T18:48:05Z,
193.24.211.104,ipv4,malicious-ip,medium,WHITE,ziyadnz/hourly-ipv4,ziyadnz|hourly,2026-08-17T18:48:05Z,2026-08-17T18:48:05Z,
193.24.211.224,ipv4,malicious-ip,medium,WHITE,ziyadnz/hourly-ipv4,ziyadnz|hourly,2026-08-17T18:48:05Z,2026-08-17T18:48:05Z,
193.24.211.230,ipv4,malicious-ip,medium,WHITE,ziyadnz/hourly-ipv4,ziyadnz|hourly,2026-08-17T18:48:05Z,2026-08-17T18:48:05Z,
193.24.211.233,ipv4,malicious-ip,medium,WHITE,ziyadnz/hourly-ipv4,ziyadnz|hourly,2026-08-17T18:48:05Z,2026-08-17T18:48:05Z,
193.24.211.234,ipv4,malicious-ip,medium,WHITE,ziyadnz/hourly-ipv4,ziyadnz|hourly,2026-08-17T18:48:05Z,2026-08-17T18:48:05Z,
193.24.211.239,ipv4,malicious-ip,medium,WHITE,ziyadnz/hourly-ipv4,ziyadnz|hourly,2026-08-17T18:48:05Z,2026-08-17T18:48:05Z,
193.24.211.48,ipv4,malicious-ip,medium,WHITE,ziyadnz/hourly-ipv4,ziyadnz|hourly,2026-08-17T18:48:05Z,2026-08-17T18:48:05Z,
193.24.211.70,ipv4,malicious-ip,medium,WHITE,ziyadnz/hourly-ipv4,ziyadnz|hourly,2026-08-17T18:48:05Z,2026-08-17T18:48:05Z,
193.242.145.138,ipv4,malicious-ip,medium,WHITE,ziyadnz/hourly-ipv4,ziyadnz|hourly,2026-08-17T18:48:05Z,2026-08-17T18:48:05Z,
193.242.162.243,ipv4,malicious-ip,medium,WHITE,ziyadnz/hourly-ipv4,ziyadnz|hourly,2026-08-17T18:48:05Z,2026-08-17T18:48:05Z,
193.242.162.244,ipv4,malicious-ip,medium,WHITE,ziyadnz/hourly-ipv4,ziyadnz|hourly,2026-08-17T18:48:05Z,2026-08-17T18:48:05Z,
193.242.162.252,ipv4,malicious-ip,medium,WHITE,ziyadnz/hourly-ipv4,ziyadnz|hourly,2026-08-17T18:48:05Z,2026-08-17T18:48:05Z,
193.242.163.25,ipv4,malicious-ip,medium,WHITE,ziyadnz/hourly-ipv4,ziyadnz|hourly,2026-08-17T18:48:05Z,2026-08-17T18:48:05Z,
193.242.163.27,ipv4,malicious-ip,medium,WHITE,ziyadnz/hourly-ipv4,ziyadnz|hourly,2026-08-17T18:48:05Z,2026-08-17T18:48:05Z,
193.242.163.32,ipv4,malicious-ip,medium,WHITE,ziyadnz/hourly-ipv4,ziyadnz|hourly,2026-08-17T18:48:05Z,2026-08-17T18:48:05Z,
193.242.177.178,ipv4,malicious-ip,medium,WHITE,ziyadnz/hourly-ipv4,ziyadnz|hourly,2026-08-17T18:48:05Z,2026-08-17T18:48:05Z,
193.242.184.234,ipv4,malicious-ip,medium,WHITE,ziyadnz/hourly-ipv4,ziyadnz|hourly,2026-08-17T18:48:05Z,2026-08-17T18:48:05Z,
193.242.184.238,ipv4,malicious-ip,medium,WHITE,ziyadnz/hourly-ipv4,ziyadnz|hourly,2026-08-17T18:48:05Z,2026-08-17T18:48:05Z,
193.242.211.141,ipv4,malicious-ip,medium,WHITE,ziyadnz/hourly-ipv4,ziyadnz|hourly,2026-08-17T18:48:05Z,2026-08-17T18:48:05Z,
193.242.99.140,ipv4,malicious-ip,medium,WHITE,ziyadnz/hourly-ipv4,ziyadnz|hourly,2026-08-17T18:48:05Z,2026-08-17T18:48:05Z,
193.247.77.84,ipv4,malicious-ip,medium,WHITE,ziyadnz/hourly-ipv4,ziyadnz|hourly,2026-08-17T18:48:05Z,2026-08-17T18:48:05Z,
193.25.215.182,ipv4,malicious-ip,medium,WHITE,ziyadnz/hourly-ipv4,ziyadnz|hourly,2026-08-17T18:48:05Z,2026-08-17T18:48:05Z,
193.25.216.27,ipv4,malicious-ip,medium,WHITE,ziyadnz/hourly-ipv4,ziyadnz|hourly,2026-08-17T18:48:05Z,2026-08-17T18:48:05Z,
193.25.216.67,ipv4,malicious-ip,medium,WHITE,ziyadnz/hourly-ipv4,ziyadnz|hourly,2026-08-17T18:48:05Z,2026-08-17T18:48:05Z,
193.25.217.25,ipv4,malicious-ip,medium,WHITE,ziyadnz/hourly-ipv4,ziyadnz|hourly,2026-08-17T18:48:05Z,2026-08-17T18:48:05Z,
193.25.217.31,ipv4,malicious-ip,medium,WHITE,ziyadnz/hourly-ipv4,ziyadnz|hourly,2026-08-17T18:48:05Z,2026-08-17T18:48:05Z,
193.25.217.35,ipv4,malicious-ip,medium,WHITE,ziyadnz/hourly-ipv4,ziyadnz|hourly,2026-08-17T18:48:05Z,2026-08-17T18:48:05Z,
193.25.217.67,ipv4,malicious-ip,medium,WHITE,ziyadnz/hourly-ipv4,ziyadnz|hourly,2026-08-17T18:48:05Z,2026-08-17T18:48:05Z,
193.250.16.130,ipv4,malicious-ip,medium,WHITE,ziyadnz/hourly-ipv4,ziyadnz|hourly,2026-08-17T18:48:05Z,2026-08-17T18:48:05Z,
193.253.229.143,ipv4,malicious-ip,medium,WHITE,ziyadnz/hourly-ipv4,ziyadnz|hourly,2026-08-17T18:48:05Z,2026-08-17T18:48:05Z,
193.254.135.252,ipv4,malicious-ip,medium,WHITE,ziyadnz/hourly-ipv4,ziyadnz|hourly,2026-08-17T18:48:05Z,2026-08-17T18:48:05Z,
193.26.115.125,ipv4,malicious-ip,medium,WHITE,ziyadnz/hourly-ipv4,ziyadnz|hourly,2026-08-17T18:48:05Z,2026-08-17T18:48:05Z,
193.26.115.195,ipv4,malicious-ip,medium,WHITE,ziyadnz/hourly-ipv4,ziyadnz|hourly,2026-08-17T18:48:05Z,2026-08-17T18:48:05Z,
193.26.115.7,ipv4,malicious-ip,medium,WHITE,ziyadnz/hourly-ipv4,ziyadnz|hourly,2026-08-17T18:48:05Z,2026-08-17T18:48:05Z,
193.26.13.125,ipv4,malicious-ip,medium,WHITE,ziyadnz/hourly-ipv4,ziyadnz|hourly,2026-08-17T18:48:05Z,2026-08-17T18:48:05Z,
193.26.13.179,ipv4,malicious-ip,medium,WHITE,ziyadnz/hourly-ipv4,ziyadnz|hourly,2026-08-17T18:48:05Z,2026-08-17T18:48:05Z,
193.26.13.213,ipv4,malicious-ip,medium,WHITE,ziyadnz/hourly-ipv4,ziyadnz|hourly,2026-08-17T18:48:05Z,2026-08-17T18:48:05Z,
193.26.3.149,ipv4,malicious-ip,medium,WHITE,ziyadnz/hourly-ipv4,ziyadnz|hourly,2026-08-17T18:48:05Z,2026-08-17T18:48:05Z,
193.27.208.218,ipv4,malicious-ip,medium,WHITE,ziyadnz/hourly-ipv4,ziyadnz|hourly,2026-08-17T18:48:05Z,2026-08-17T18:48:05Z,
193.29.104.13,ipv4,malicious-ip,medium,WHITE,ziyadnz/hourly-ipv4,ziyadnz|hourly,2026-08-17T18:48:05Z,2026-08-17T18:48:05Z,
193.29.104.25,ipv4,malicious-ip,medium,WHITE,ziyadnz/hourly-ipv4,ziyadnz|hourly,2026-08-17T18:48:05Z,2026-08-17T18:48:05Z,
193.29.104.5,ipv4,malicious-ip,medium,WHITE,ziyadnz/hourly-ipv4,ziyadnz|hourly,2026-08-17T18:48:05Z,2026-08-17T18:48:05Z,
193.29.104.83,ipv4,malicious-ip,medium,WHITE,ziyadnz/hourly-ipv4,ziyadnz|hourly,2026-08-17T18:48:05Z,2026-08-17T18:48:05Z,
193.29.13.148,ipv4,malicious-ip,medium,WHITE,ziyadnz/hourly-ipv4,ziyadnz|hourly,2026-08-17T18:48:05Z,2026-08-17T18:48:05Z,
193.29.13.164,ipv4,malicious-ip,medium,WHITE,ziyadnz/hourly-ipv4,ziyadnz|hourly,2026-08-17T18:48:05Z,2026-08-17T18:48:05Z,
193.29.13.167,ipv4,malicious-ip,medium,WHITE,ziyadnz/hourly-ipv4,ziyadnz|hourly,2026-08-17T18:48:05Z,2026-08-17T18:48:05Z,
193.29.13.202,ipv4,malicious-ip,medium,WHITE,ziyadnz/hourly-ipv4,ziyadnz|hourly,2026-08-17T18:48:05Z,2026-08-17T18:48:05Z,
193.29.13.54,ipv4,malicious-ip,medium,WHITE,ziyadnz/hourly-ipv4,ziyadnz|hourly,2026-08-17T18:48:05Z,2026-08-17T18:48:05Z,
193.29.13.60,ipv4,malicious-ip,medium,WHITE,ziyadnz/hourly-ipv4,ziyadnz|hourly,2026-08-17T18:48:05Z,2026-08-17T18:48:05Z,
193.29.187.41,ipv4,malicious-ip,medium,WHITE,ziyadnz/hourly-ipv4,ziyadnz|hourly,2026-08-17T18:48:05Z,2026-08-17T18:48:05Z,
193.29.187.57,ipv4,malicious-ip,medium,WHITE,ziyadnz/hourly-ipv4,ziyadnz|hourly,2026-08-17T18:48:05Z,2026-08-17T18:48:05Z,
193.29.224.151,ipv4,malicious-ip,medium,WHITE,ziyadnz/hourly-ipv4,ziyadnz|hourly,2026-08-17T18:48:05Z,2026-08-17T18:48:05Z,
193.29.224.83,ipv4,malicious-ip,medium,WHITE,ziyadnz/hourly-ipv4,ziyadnz|hourly,2026-08-17T18:48:05Z,2026-08-17T18:48:05Z,
193.29.225.11,ipv4,malicious-ip,medium,WHITE,ziyadnz/hourly-ipv4,ziyadnz|hourly,2026-08-17T18:48:05Z,2026-08-17T18:48:05Z,
193.29.56.122,ipv4,malicious-ip,medium,WHITE,ziyadnz/hourly-ipv4,ziyadnz|hourly,2026-08-17T18:48:05Z,2026-08-17T18:48:05Z,
193.29.57.37,ipv4,malicious-ip,medium,WHITE,ziyadnz/hourly-ipv4,ziyadnz|hourly,2026-08-17T18:48:05Z,2026-08-17T18:48:05Z,
193.29.59.171,ipv4,malicious-ip,medium,WHITE,ziyadnz/hourly-ipv4,ziyadnz|hourly,2026-08-17T18:48:05Z,2026-08-17T18:48:05Z,
193.3.19.251,ipv4,malicious-ip,medium,WHITE,ziyadnz/hourly-ipv4,ziyadnz|hourly,2026-08-17T18:48:05Z,2026-08-17T18:48:05Z,
193.3.53.0,ipv4,malicious-ip,medium,WHITE,ziyadnz/hourly-ipv4,ziyadnz|hourly,2026-08-17T18:48:05Z,2026-08-17T18:48:05Z,
193.3.53.10,ipv4,malicious-ip,medium,WHITE,ziyadnz/hourly-ipv4,ziyadnz|hourly,2026-08-17T18:48:05Z,2026-08-17T18:48:05Z,
193.3.53.11,ipv4,malicious-ip,medium,WHITE,ziyadnz/hourly-ipv4,ziyadnz|hourly,2026-08-17T18:48:05Z,2026-08-17T18:48:05Z,
193.3.53.3,ipv4,malicious-ip,medium,WHITE,ziyadnz/hourly-ipv4,ziyadnz|hourly,2026-08-17T18:48:05Z,2026-08-17T18:48:05Z,
193.3.53.4,ipv4,malicious-ip,medium,WHITE,ziyadnz/hourly-ipv4,ziyadnz|hourly,2026-08-17T18:48:05Z,2026-08-17T18:48:05Z,
193.3.53.5,ipv4,malicious-ip,medium,WHITE,ziyadnz/hourly-ipv4,ziyadnz|hourly,2026-08-17T18:48:05Z,2026-08-17T18:48:05Z,
193.3.53.6,ipv4,malicious-ip,medium,WHITE,ziyadnz/hourly-ipv4,ziyadnz|hourly,2026-08-17T18:48:05Z,2026-08-17T18:48:05Z,
193.3.53.7,ipv4,malicious-ip,medium,WHITE,ziyadnz/hourly-ipv4,ziyadnz|hourly,2026-08-17T18:48:05Z,2026-08-17T18:48:05Z,
193.3.53.8,ipv4,malicious-ip,medium,WHITE,ziyadnz/hourly-ipv4,ziyadnz|hourly,2026-08-17T18:48:05Z,2026-08-17T18:48:05Z,
193.3.53.9,ipv4,malicious-ip,medium,WHITE,ziyadnz/hourly-ipv4,ziyadnz|hourly,2026-08-17T18:48:05Z,2026-08-17T18:48:05Z,
193.30.124.164,ipv4,malicious-ip,medium,WHITE,ziyadnz/hourly-ipv4,ziyadnz|hourly,2026-08-17T18:48:05Z,2026-08-17T18:48:05Z,
193.30.13.19,ipv4,malicious-ip,medium,WHITE,ziyadnz/hourly-ipv4,ziyadnz|hourly,2026-08-17T18:48:05Z,2026-08-17T18:48:05Z,
193.30.14.138,ipv4,malicious-ip,medium,WHITE,ziyadnz/hourly-ipv4,ziyadnz|hourly,2026-08-17T18:48:05Z,2026-08-17T18:48:05Z,
193.30.14.165,ipv4,malicious-ip,medium,WHITE,ziyadnz/hourly-ipv4,ziyadnz|hourly,2026-08-17T18:48:05Z,2026-08-17T18:48:05Z,
193.30.240.16,ipv4,malicious-ip,medium,WHITE,ziyadnz/hourly-ipv4,ziyadnz|hourly,2026-08-17T18:48:05Z,2026-08-17T18:48:05Z,
193.30.243.203,ipv4,malicious-ip,medium,WHITE,ziyadnz/hourly-ipv4,ziyadnz|hourly,2026-08-17T18:48:05Z,2026-08-17T18:48:05Z,
193.30.243.229,ipv4,malicious-ip,medium,WHITE,ziyadnz/hourly-ipv4,ziyadnz|hourly,2026-08-17T18:48:05Z,2026-08-17T18:48:05Z,
193.30.245.10,ipv4,malicious-ip,medium,WHITE,ziyadnz/hourly-ipv4,ziyadnz|hourly,2026-08-17T18:48:05Z,2026-08-17T18:48:05Z,
193.30.245.7,ipv4,malicious-ip,medium,WHITE,ziyadnz/hourly-ipv4,ziyadnz|hourly,2026-08-17T18:48:05Z,2026-08-17T18:48:05Z,
193.31.28.13,ipv4,malicious-ip,medium,WHITE,ziyadnz/hourly-ipv4,ziyadnz|hourly,2026-08-17T18:48:05Z,2026-08-17T18:48:05Z,
193.32.126.170,ipv4,malicious-ip,medium,WHITE,ziyadnz/hourly-ipv4,ziyadnz|hourly,2026-08-17T18:48:05Z,2026-08-17T18:48:05Z,
193.32.126.214,ipv4,malicious-ip,medium,WHITE,ziyadnz/hourly-ipv4,ziyadnz|hourly,2026-08-17T18:48:05Z,2026-08-17T18:48:05Z,
193.32.126.222,ipv4,malicious-ip,medium,WHITE,ziyadnz/hourly-ipv4,ziyadnz|hourly,2026-08-17T18:48:05Z,2026-08-17T18:48:05Z,
193.32.126.227,ipv4,malicious-ip,medium,WHITE,ziyadnz/hourly-ipv4,ziyadnz|hourly,2026-08-17T18:48:05Z,2026-08-17T18:48:05Z,
193.32.162.0,ipv4,malicious-ip,medium,WHITE,ziyadnz/hourly-ipv4,ziyadnz|hourly,2026-08-17T18:48:05Z,2026-08-17T18:48:05Z,
193.32.162.10,ipv4,malicious-ip,medium,WHITE,ziyadnz/hourly-ipv4,ziyadnz|hourly,2026-08-17T18:48:05Z,2026-08-17T18:48:05Z,
193.32.162.103,ipv4,malicious-ip,medium,WHITE,ziyadnz/hourly-ipv4,ziyadnz|hourly,2026-08-17T18:48:05Z,2026-08-17T18:48:05Z,
193.32.162.11,ipv4,malicious-ip,medium,WHITE,ziyadnz/hourly-ipv4,ziyadnz|hourly,2026-08-17T18:48:05Z,2026-08-17T18:48:05Z,
193.32.162.189,ipv4,malicious-ip,medium,WHITE,ziyadnz/hourly-ipv4,ziyadnz|hourly,2026-08-17T18:48:05Z,2026-08-17T18:48:05Z,
193.32.162.193,ipv4,malicious-ip,medium,WHITE,ziyadnz/hourly-ipv4,ziyadnz|hourly,2026-08-17T18:48:05Z,2026-08-17T18:48:05Z,
193.32.162.203,ipv4,malicious-ip,medium,WHITE,ziyadnz/hourly-ipv4,ziyadnz|hourly,2026-08-17T18:48:05Z,2026-08-17T18:48:05Z,
193.32.162.204,ipv4,malicious-ip,medium,WHITE,ziyadnz/hourly-ipv4,ziyadnz|hourly,2026-08-17T18:48:05Z,2026-08-17T18:48:05Z,
193.32.162.206,ipv4,malicious-ip,medium,WHITE,ziyadnz/hourly-ipv4,ziyadnz|hourly,2026-08-17T18:48:05Z,2026-08-17T18:48:05Z,
193.32.162.211,ipv4,malicious-ip,medium,WHITE,ziyadnz/hourly-ipv4,ziyadnz|hourly,2026-08-17T18:48:05Z,2026-08-17T18:48:05Z,
193.32.162.213,ipv4,malicious-ip,medium,WHITE,ziyadnz/hourly-ipv4,ziyadnz|hourly,2026-08-17T18:48:05Z,2026-08-17T18:48:05Z,
193.32.162.214,ipv4,malicious-ip,medium,WHITE,ziyadnz/hourly-ipv4,ziyadnz|hourly,2026-08-17T18:48:05Z,2026-08-17T18:48:05Z,
193.32.162.35,ipv4,malicious-ip,medium,WHITE,ziyadnz/hourly-ipv4,ziyadnz|hourly,2026-08-17T18:48:05Z,2026-08-17T18:48:05Z,
193.32.162.74,ipv4,malicious-ip,medium,WHITE,ziyadnz/hourly-ipv4,ziyadnz|hourly,2026-08-17T18:48:05Z,2026-08-17T18:48:05Z,
193.32.162.82,ipv4,malicious-ip,medium,WHITE,ziyadnz/hourly-ipv4,ziyadnz|hourly,2026-08-17T18:48:05Z,2026-08-17T18:48:05Z,
193.32.162.86,ipv4,malicious-ip,medium,WHITE,ziyadnz/hourly-ipv4,ziyadnz|hourly,2026-08-17T18:48:05Z,2026-08-17T18:48:05Z,
193.32.162.9,ipv4,malicious-ip,medium,WHITE,ziyadnz/hourly-ipv4,ziyadnz|hourly,2026-08-17T18:48:05Z,2026-08-17T18:48:05Z,
193.32.163.166,ipv4,malicious-ip,medium,WHITE,ziyadnz/hourly-ipv4,ziyadnz|hourly,2026-08-17T18:48:05Z,2026-08-17T18:48:05Z,
193.32.208.24,ipv4,malicious-ip,medium,WHITE,ziyadnz/hourly-ipv4,ziyadnz|hourly,2026-08-17T18:48:05Z,2026-08-17T18:48:05Z,
193.32.209.0,ipv4,malicious-ip,medium,WHITE,ziyadnz/hourly-ipv4,ziyadnz|hourly,2026-08-17T18:48:05Z,2026-08-17T18:48:05Z,
193.32.209.226,ipv4,malicious-ip,medium,WHITE,ziyadnz/hourly-ipv4,ziyadnz|hourly,2026-08-17T18:48:05Z,2026-08-17T18:48:05Z,
193.32.209.227,ipv4,malicious-ip,medium,WHITE,ziyadnz/hourly-ipv4,ziyadnz|hourly,2026-08-17T18:48:05Z,2026-08-17T18:48:05Z,
193.32.209.228,ipv4,malicious-ip,medium,WHITE,ziyadnz/hourly-ipv4,ziyadnz|hourly,2026-08-17T18:48:05Z,2026-08-17T18:48:05Z,
193.32.209.229,ipv4,malicious-ip,medium,WHITE,ziyadnz/hourly-ipv4,ziyadnz|hourly,2026-08-17T18:48:05Z,2026-08-17T18:48:05Z,
193.32.209.230,ipv4,malicious-ip,medium,WHITE,ziyadnz/hourly-ipv4,ziyadnz|hourly,2026-08-17T18:48:05Z,2026-08-17T18:48:05Z,
193.32.209.231,ipv4,malicious-ip,medium,WHITE,ziyadnz/hourly-ipv4,ziyadnz|hourly,2026-08-17T18:48:05Z,2026-08-17T18:48:05Z,
193.32.209.232,ipv4,malicious-ip,medium,WHITE,ziyadnz/hourly-ipv4,ziyadnz|hourly,2026-08-17T18:48:05Z,2026-08-17T18:48:05Z,
193.32.209.233,ipv4,malicious-ip,medium,WHITE,ziyadnz/hourly-ipv4,ziyadnz|hourly,2026-08-17T18:48:05Z,2026-08-17T18:48:05Z,
193.32.209.234,ipv4,malicious-ip,medium,WHITE,ziyadnz/hourly-ipv4,ziyadnz|hourly,2026-08-17T18:48:05Z,2026-08-17T18:48:05Z,
193.32.209.235,ipv4,malicious-ip,medium,WHITE,ziyadnz/hourly-ipv4,ziyadnz|hourly,2026-08-17T18:48:05Z,2026-08-17T18:48:05Z,
193.32.209.236,ipv4,malicious-ip,medium,WHITE,ziyadnz/hourly-ipv4,ziyadnz|hourly,2026-08-17T18:48:05Z,2026-08-17T18:48:05Z,
193.32.209.237,ipv4,malicious-ip,medium,WHITE,ziyadnz/hourly-ipv4,ziyadnz|hourly,2026-08-17T18:48:05Z,2026-08-17T18:48:05Z,
193.32.209.238,ipv4,malicious-ip,medium,WHITE,ziyadnz/hourly-ipv4,ziyadnz|hourly,2026-08-17T18:48:05Z,2026-08-17T18:48:05Z,
193.32.209.239,ipv4,malicious-ip,medium,WHITE,ziyadnz/hourly-ipv4,ziyadnz|hourly,2026-08-17T18:48:05Z,2026-08-17T18:48:05Z,
193.32.209.240,ipv4,malicious-ip,medium,WHITE,ziyadnz/hourly-ipv4,ziyadnz|hourly,2026-08-17T18:48:05Z,2026-08-17T18:48:05Z,
193.32.209.241,ipv4,malicious-ip,medium,WHITE,ziyadnz/hourly-ipv4,ziyadnz|hourly,2026-08-17T18:48:05Z,2026-08-17T18:48:05Z,
193.32.209.242,ipv4,malicious-ip,medium,WHITE,ziyadnz/hourly-ipv4,ziyadnz|hourly,2026-08-17T18:48:05Z,2026-08-17T18:48:05Z,
193.32.209.243,ipv4,malicious-ip,medium,WHITE,ziyadnz/hourly-ipv4,ziyadnz|hourly,2026-08-17T18:48:05Z,2026-08-17T18:48:05Z,
193.32.209.244,ipv4,malicious-ip,medium,WHITE,ziyadnz/hourly-ipv4,ziyadnz|hourly,2026-08-17T18:48:05Z,2026-08-17T18:48:05Z,
193.32.209.245,ipv4,malicious-ip,medium,WHITE,ziyadnz/hourly-ipv4,ziyadnz|hourly,2026-08-17T18:48:05Z,2026-08-17T18:48:05Z,
193.32.209.246,ipv4,malicious-ip,medium,WHITE,ziyadnz/hourly-ipv4,ziyadnz|hourly,2026-08-17T18:48:05Z,2026-08-17T18:48:05Z,
193.32.209.247,ipv4,malicious-ip,medium,WHITE,ziyadnz/hourly-ipv4,ziyadnz|hourly,2026-08-17T18:48:05Z,2026-08-17T18:48:05Z,
193.32.209.248,ipv4,malicious-ip,medium,WHITE,ziyadnz/hourly-ipv4,ziyadnz|hourly,2026-08-17T18:48:05Z,2026-08-17T18:48:05Z,
193.32.209.249,ipv4,malicious-ip,medium,WHITE,ziyadnz/hourly-ipv4,ziyadnz|hourly,2026-08-17T18:48:05Z,2026-08-17T18:48:05Z,
193.32.209.250,ipv4,malicious-ip,medium,WHITE,ziyadnz/hourly-ipv4,ziyadnz|hourly,2026-08-17T18:48:05Z,2026-08-17T18:48:05Z,
193.32.209.251,ipv4,malicious-ip,medium,WHITE,ziyadnz/hourly-ipv4,ziyadnz|hourly,2026-08-17T18:48:05Z,2026-08-17T18:48:05Z,
193.32.209.253,ipv4,malicious-ip,medium,WHITE,ziyadnz/hourly-ipv4,ziyadnz|hourly,2026-08-17T18:48:05Z,2026-08-17T18:48:05Z,
193.32.209.254,ipv4,malicious-ip,medium,WHITE,ziyadnz/hourly-ipv4,ziyadnz|hourly,2026-08-17T18:48:05Z,2026-08-17T18:48:05Z,
193.32.21.0,ipv4,malicious-ip,medium,WHITE,ziyadnz/hourly-ipv4,ziyadnz|hourly,2026-08-17T18:48:05Z,2026-08-17T18:48:05Z,
193.32.21.129,ipv4,malicious-ip,medium,WHITE,ziyadnz/hourly-ipv4,ziyadnz|hourly,2026-08-17T18:48:05Z,2026-08-17T18:48:05Z,
193.32.21.132,ipv4,malicious-ip,medium,WHITE,ziyadnz/hourly-ipv4,ziyadnz|hourly,2026-08-17T18:48:05Z,2026-08-17T18:48:05Z,
193.32.21.137,ipv4,malicious-ip,medium,WHITE,ziyadnz/hourly-ipv4,ziyadnz|hourly,2026-08-17T18:48:05Z,2026-08-17T18:48:05Z,
193.32.21.142,ipv4,malicious-ip,medium,WHITE,ziyadnz/hourly-ipv4,ziyadnz|hourly,2026-08-17T18:48:05Z,2026-08-17T18:48:05Z,
193.32.21.158,ipv4,malicious-ip,medium,WHITE,ziyadnz/hourly-ipv4,ziyadnz|hourly,2026-08-17T18:48:05Z,2026-08-17T18:48:05Z,
193.32.21.163,ipv4,malicious-ip,medium,WHITE,ziyadnz/hourly-ipv4,ziyadnz|hourly,2026-08-17T18:48:05Z,2026-08-17T18:48:05Z,
193.32.21.171,ipv4,malicious-ip,medium,WHITE,ziyadnz/hourly-ipv4,ziyadnz|hourly,2026-08-17T18:48:05Z,2026-08-17T18:48:05Z,
193.32.21.174,ipv4,malicious-ip,medium,WHITE,ziyadnz/hourly-ipv4,ziyadnz|hourly,2026-08-17T18:48:05Z,2026-08-17T18:48:05Z,
193.32.249.137,ipv4,malicious-ip,medium,WHITE,ziyadnz/hourly-ipv4,ziyadnz|hourly,2026-08-17T18:48:05Z,2026-08-17T18:48:05Z,
193.32.249.173,ipv4,malicious-ip,medium,WHITE,ziyadnz/hourly-ipv4,ziyadnz|hourly,2026-08-17T18:48:05Z,2026-08-17T18:48:05Z,
193.32.68.168,ipv4,malicious-ip,medium,WHITE,ziyadnz/hourly-ipv4,ziyadnz|hourly,2026-08-17T18:48:05Z,2026-08-17T18:48:05Z,
193.33.153.62,ipv4,malicious-ip,medium,WHITE,ziyadnz/hourly-ipv4,ziyadnz|hourly,2026-08-17T18:48:05Z,2026-08-17T18:48:05Z,
193.33.39.35,ipv4,malicious-ip,medium,WHITE,ziyadnz/hourly-ipv4,ziyadnz|hourly,2026-08-17T18:48:05Z,2026-08-17T18:48:05Z,
193.33.39.46,ipv4,malicious-ip,medium,WHITE,ziyadnz/hourly-ipv4,ziyadnz|hourly,2026-08-17T18:48:05Z,2026-08-17T18:48:05Z,
193.33.39.61,ipv4,malicious-ip,medium,WHITE,ziyadnz/hourly-ipv4,ziyadnz|hourly,2026-08-17T18:48:05Z,2026-08-17T18:48:05Z,
193.34.128.154,ipv4,malicious-ip,medium,WHITE,ziyadnz/hourly-ipv4,ziyadnz|hourly,2026-08-17T18:48:05Z,2026-08-17T18:48:05Z,
193.34.166.176,ipv4,malicious-ip,medium,WHITE,ziyadnz/hourly-ipv4,ziyadnz|hourly,2026-08-17T18:48:05Z,2026-08-17T18:48:05Z,
193.34.166.206,ipv4,malicious-ip,medium,WHITE,ziyadnz/hourly-ipv4,ziyadnz|hourly,2026-08-17T18:48:05Z,2026-08-17T18:48:05Z,
193.34.172.53,ipv4,malicious-ip,medium,WHITE,ziyadnz/hourly-ipv4,ziyadnz|hourly,2026-08-17T18:48:05Z,2026-08-17T18:48:05Z,
193.34.172.66,ipv4,malicious-ip,medium,WHITE,ziyadnz/hourly-ipv4,ziyadnz|hourly,2026-08-17T18:48:05Z,2026-08-17T18:48:05Z,
193.34.173.210,ipv4,malicious-ip,medium,WHITE,ziyadnz/hourly-ipv4,ziyadnz|hourly,2026-08-17T18:48:05Z,2026-08-17T18:48:05Z,
193.34.173.214,ipv4,malicious-ip,medium,WHITE,ziyadnz/hourly-ipv4,ziyadnz|hourly,2026-08-17T18:48:05Z,2026-08-17T18:48:05Z,
193.34.173.218,ipv4,malicious-ip,medium,WHITE,ziyadnz/hourly-ipv4,ziyadnz|hourly,2026-08-17T18:48:05Z,2026-08-17T18:48:05Z,
193.34.173.58,ipv4,malicious-ip,medium,WHITE,ziyadnz/hourly-ipv4,ziyadnz|hourly,2026-08-17T18:48:05Z,2026-08-17T18:48:05Z,
193.34.21.190,ipv4,malicious-ip,medium,WHITE,ziyadnz/hourly-ipv4,ziyadnz|hourly,2026-08-17T18:48:05Z,2026-08-17T18:48:05Z,
193.34.212.132,ipv4,malicious-ip,medium,WHITE,ziyadnz/hourly-ipv4,ziyadnz|hourly,2026-08-17T18:48:05Z,2026-08-17T18:48:05Z,
193.34.212.94,ipv4,malicious-ip,medium,WHITE,ziyadnz/hourly-ipv4,ziyadnz|hourly,2026-08-17T18:48:05Z,2026-08-17T18:48:05Z,
193.34.213.150,ipv4,malicious-ip,medium,WHITE,ziyadnz/hourly-ipv4,ziyadnz|hourly,2026-08-17T18:48:05Z,2026-08-17T18:48:05Z,
193.34.214.123,ipv4,malicious-ip,medium,WHITE,ziyadnz/hourly-ipv4,ziyadnz|hourly,2026-08-17T18:48:05Z,2026-08-17T18:48:05Z,
193.35.18.109,ipv4,malicious-ip,medium,WHITE,ziyadnz/hourly-ipv4,ziyadnz|hourly,2026-08-17T18:48:05Z,2026-08-17T18:48:05Z,
193.36.119.48,ipv4,malicious-ip,medium,WHITE,ziyadnz/hourly-ipv4,ziyadnz|hourly,2026-08-17T18:48:05Z,2026-08-17T18:48:05Z,
193.36.119.61,ipv4,malicious-ip,medium,WHITE,ziyadnz/hourly-ipv4,ziyadnz|hourly,2026-08-17T18:48:05Z,2026-08-17T18:48:05Z,
193.36.132.21,ipv4,malicious-ip,medium,WHITE,ziyadnz/hourly-ipv4,ziyadnz|hourly,2026-08-17T18:48:05Z,2026-08-17T18:48:05Z,
193.36.221.10,ipv4,malicious-ip,medium,WHITE,ziyadnz/hourly-ipv4,ziyadnz|hourly,2026-08-17T18:48:05Z,2026-08-17T18:48:05Z,
193.36.224.38,ipv4,malicious-ip,medium,WHITE,ziyadnz/hourly-ipv4,ziyadnz|hourly,2026-08-17T18:48:05Z,2026-08-17T18:48:05Z,
193.36.225.0,ipv4,malicious-ip,medium,WHITE,ziyadnz/hourly-ipv4,ziyadnz|hourly,2026-08-17T18:48:05Z,2026-08-17T18:48:05Z,
193.36.225.1,ipv4,malicious-ip,medium,WHITE,ziyadnz/hourly-ipv4,ziyadnz|hourly,2026-08-17T18:48:05Z,2026-08-17T18:48:05Z,
193.36.225.119,ipv4,malicious-ip,medium,WHITE,ziyadnz/hourly-ipv4,ziyadnz|hourly,2026-08-17T18:48:05Z,2026-08-17T18:48:05Z,
193.36.225.155,ipv4,malicious-ip,medium,WHITE,ziyadnz/hourly-ipv4,ziyadnz|hourly,2026-08-17T18:48:05Z,2026-08-17T18:48:05Z,
193.36.225.169,ipv4,malicious-ip,medium,WHITE,ziyadnz/hourly-ipv4,ziyadnz|hourly,2026-08-17T18:48:05Z,2026-08-17T18:48:05Z,
193.36.225.209,ipv4,malicious-ip,medium,WHITE,ziyadnz/hourly-ipv4,ziyadnz|hourly,2026-08-17T18:48:05Z,2026-08-17T18:48:05Z,
193.36.225.228,ipv4,malicious-ip,medium,WHITE,ziyadnz/hourly-ipv4,ziyadnz|hourly,2026-08-17T18:48:05Z,2026-08-17T18:48:05Z,
193.36.225.237,ipv4,malicious-ip,medium,WHITE,ziyadnz/hourly-ipv4,ziyadnz|hourly,2026-08-17T18:48:05Z,2026-08-17T18:48:05Z,
193.36.225.41,ipv4,malicious-ip,medium,WHITE,ziyadnz/hourly-ipv4,ziyadnz|hourly,2026-08-17T18:48:05Z,2026-08-17T18:48:05Z,
193.36.225.45,ipv4,malicious-ip,medium,WHITE,ziyadnz/hourly-ipv4,ziyadnz|hourly,2026-08-17T18:48:05Z,2026-08-17T18:48:05Z,
193.36.225.46,ipv4,malicious-ip,medium,WHITE,ziyadnz/hourly-ipv4,ziyadnz|hourly,2026-08-17T18:48:05Z,2026-08-17T18:48:05Z,
193.36.225.7,ipv4,malicious-ip,medium,WHITE,ziyadnz/hourly-ipv4,ziyadnz|hourly,2026-08-17T18:48:05Z,2026-08-17T18:48:05Z,
193.36.225.89,ipv4,malicious-ip,medium,WHITE,ziyadnz/hourly-ipv4,ziyadnz|hourly,2026-08-17T18:48:05Z,2026-08-17T18:48:05Z,
193.36.225.9,ipv4,malicious-ip,medium,WHITE,ziyadnz/hourly-ipv4,ziyadnz|hourly,2026-08-17T18:48:05Z,2026-08-17T18:48:05Z,
193.36.225.91,ipv4,malicious-ip,medium,WHITE,ziyadnz/hourly-ipv4,ziyadnz|hourly,2026-08-17T18:48:05Z,2026-08-17T18:48:05Z,
193.36.225.93,ipv4,malicious-ip,medium,WHITE,ziyadnz/hourly-ipv4,ziyadnz|hourly,2026-08-17T18:48:05Z,2026-08-17T18:48:05Z,
193.36.38.237,ipv4,malicious-ip,medium,WHITE,ziyadnz/hourly-ipv4,ziyadnz|hourly,2026-08-17T18:48:05Z,2026-08-17T18:48:05Z,
193.36.84.209,ipv4,malicious-ip,medium,WHITE,ziyadnz/hourly-ipv4,ziyadnz|hourly,2026-08-17T18:48:05Z,2026-08-17T18:48:05Z,
193.36.85.91,ipv4,malicious-ip,medium,WHITE,ziyadnz/hourly-ipv4,ziyadnz|hourly,2026-08-17T18:48:05Z,2026-08-17T18:48:05Z,
193.37.152.159,ipv4,malicious-ip,medium,WHITE,ziyadnz/hourly-ipv4,ziyadnz|hourly,2026-08-17T18:48:05Z,2026-08-17T18:48:05Z,
193.37.213.197,ipv4,malicious-ip,medium,WHITE,ziyadnz/hourly-ipv4,ziyadnz|hourly,2026-08-17T18:48:05Z,2026-08-17T18:48:05Z,
193.37.251.178,ipv4,malicious-ip,medium,WHITE,ziyadnz/hourly-ipv4,ziyadnz|hourly,2026-08-17T18:48:05Z,2026-08-17T18:48:05Z,
193.37.251.66,ipv4,malicious-ip,medium,WHITE,ziyadnz/hourly-ipv4,ziyadnz|hourly,2026-08-17T18:48:05Z,2026-08-17T18:48:05Z,
193.37.32.0,ipv4,malicious-ip,medium,WHITE,ziyadnz/hourly-ipv4,ziyadnz|hourly,2026-08-17T18:48:05Z,2026-08-17T18:48:05Z,
193.37.32.100,ipv4,malicious-ip,medium,WHITE,ziyadnz/hourly-ipv4,ziyadnz|hourly,2026-08-17T18:48:05Z,2026-08-17T18:48:05Z,
193.37.32.102,ipv4,malicious-ip,medium,WHITE,ziyadnz/hourly-ipv4,ziyadnz|hourly,2026-08-17T18:48:05Z,2026-08-17T18:48:05Z,
193.37.32.104,ipv4,malicious-ip,medium,WHITE,ziyadnz/hourly-ipv4,ziyadnz|hourly,2026-08-17T18:48:05Z,2026-08-17T18:48:05Z,
193.37.32.105,ipv4,malicious-ip,medium,WHITE,ziyadnz/hourly-ipv4,ziyadnz|hourly,2026-08-17T18:48:05Z,2026-08-17T18:48:05Z,
193.37.32.107,ipv4,malicious-ip,medium,WHITE,ziyadnz/hourly-ipv4,ziyadnz|hourly,2026-08-17T18:48:05Z,2026-08-17T18:48:05Z,
193.37.32.110,ipv4,malicious-ip,medium,WHITE,ziyadnz/hourly-ipv4,ziyadnz|hourly,2026-08-17T18:48:05Z,2026-08-17T18:48:05Z,
193.37.32.112,ipv4,malicious-ip,medium,WHITE,ziyadnz/hourly-ipv4,ziyadnz|hourly,2026-08-17T18:48:05Z,2026-08-17T18:48:05Z,
193.37.32.12,ipv4,malicious-ip,medium,WHITE,ziyadnz/hourly-ipv4,ziyadnz|hourly,2026-08-17T18:48:05Z,2026-08-17T18:48:05Z,
193.37.32.129,ipv4,malicious-ip,medium,WHITE,ziyadnz/hourly-ipv4,ziyadnz|hourly,2026-08-17T18:48:05Z,2026-08-17T18:48:05Z,
193.37.32.131,ipv4,malicious-ip,medium,WHITE,ziyadnz/hourly-ipv4,ziyadnz|hourly,2026-08-17T18:48:05Z,2026-08-17T18:48:05Z,
193.37.32.133,ipv4,malicious-ip,medium,WHITE,ziyadnz/hourly-ipv4,ziyadnz|hourly,2026-08-17T18:48:05Z,2026-08-17T18:48:05Z,
193.37.32.134,ipv4,malicious-ip,medium,WHITE,ziyadnz/hourly-ipv4,ziyadnz|hourly,2026-08-17T18:48:05Z,2026-08-17T18:48:05Z,
193.37.32.135,ipv4,malicious-ip,medium,WHITE,ziyadnz/hourly-ipv4,ziyadnz|hourly,2026-08-17T18:48:05Z,2026-08-17T18:48:05Z,
193.37.32.138,ipv4,malicious-ip,medium,WHITE,ziyadnz/hourly-ipv4,ziyadnz|hourly,2026-08-17T18:48:05Z,2026-08-17T18:48:05Z,
193.37.32.141,ipv4,malicious-ip,medium,WHITE,ziyadnz/hourly-ipv4,ziyadnz|hourly,2026-08-17T18:48:05Z,2026-08-17T18:48:05Z,
193.37.32.142,ipv4,malicious-ip,medium,WHITE,ziyadnz/hourly-ipv4,ziyadnz|hourly,2026-08-17T18:48:05Z,2026-08-17T18:48:05Z,
193.37.32.145,ipv4,malicious-ip,medium,WHITE,ziyadnz/hourly-ipv4,ziyadnz|hourly,2026-08-17T18:48:05Z,2026-08-17T18:48:05Z,
193.37.32.146,ipv4,malicious-ip,medium,WHITE,ziyadnz/hourly-ipv4,ziyadnz|hourly,2026-08-17T18:48:05Z,2026-08-17T18:48:05Z,
193.37.32.147,ipv4,malicious-ip,medium,WHITE,ziyadnz/hourly-ipv4,ziyadnz|hourly,2026-08-17T18:48:05Z,2026-08-17T18:48:05Z,
193.37.32.148,ipv4,malicious-ip,medium,WHITE,ziyadnz/hourly-ipv4,ziyadnz|hourly,2026-08-17T18:48:05Z,2026-08-17T18:48:05Z,
193.37.32.15,ipv4,malicious-ip,medium,WHITE,ziyadnz/hourly-ipv4,ziyadnz|hourly,2026-08-17T18:48:05Z,2026-08-17T18:48:05Z,
193.37.32.150,ipv4,malicious-ip,medium,WHITE,ziyadnz/hourly-ipv4,ziyadnz|hourly,2026-08-17T18:48:05Z,2026-08-17T18:48:05Z,
193.37.32.151,ipv4,malicious-ip,medium,WHITE,ziyadnz/hourly-ipv4,ziyadnz|hourly,2026-08-17T18:48:05Z,2026-08-17T18:48:05Z,
193.37.32.152,ipv4,malicious-ip,medium,WHITE,ziyadnz/hourly-ipv4,ziyadnz|hourly,2026-08-17T18:48:05Z,2026-08-17T18:48:05Z,
193.37.32.155,ipv4,malicious-ip,medium,WHITE,ziyadnz/hourly-ipv4,ziyadnz|hourly,2026-08-17T18:48:05Z,2026-08-17T18:48:05Z,
193.37.32.157,ipv4,malicious-ip,medium,WHITE,ziyadnz/hourly-ipv4,ziyadnz|hourly,2026-08-17T18:48:05Z,2026-08-17T18:48:05Z,
193.37.32.158,ipv4,malicious-ip,medium,WHITE,ziyadnz/hourly-ipv4,ziyadnz|hourly,2026-08-17T18:48:05Z,2026-08-17T18:48:05Z,
193.37.32.16,ipv4,malicious-ip,medium,WHITE,ziyadnz/hourly-ipv4,ziyadnz|hourly,2026-08-17T18:48:05Z,2026-08-17T18:48:05Z,
193.37.32.160,ipv4,malicious-ip,medium,WHITE,ziyadnz/hourly-ipv4,ziyadnz|hourly,2026-08-17T18:48:05Z,2026-08-17T18:48:05Z,
193.37.32.162,ipv4,malicious-ip,medium,WHITE,ziyadnz/hourly-ipv4,ziyadnz|hourly,2026-08-17T18:48:05Z,2026-08-17T18:48:05Z,
193.37.32.163,ipv4,malicious-ip,medium,WHITE,ziyadnz/hourly-ipv4,ziyadnz|hourly,2026-08-17T18:48:05Z,2026-08-17T18:48:05Z,
193.37.32.164,ipv4,malicious-ip,medium,WHITE,ziyadnz/hourly-ipv4,ziyadnz|hourly,2026-08-17T18:48:05Z,2026-08-17T18:48:05Z,
193.37.32.166,ipv4,malicious-ip,medium,WHITE,ziyadnz/hourly-ipv4,ziyadnz|hourly,2026-08-17T18:48:05Z,2026-08-17T18:48:05Z,
193.37.32.170,ipv4,malicious-ip,medium,WHITE,ziyadnz/hourly-ipv4,ziyadnz|hourly,2026-08-17T18:48:05Z,2026-08-17T18:48:05Z,
193.37.32.171,ipv4,malicious-ip,medium,WHITE,ziyadnz/hourly-ipv4,ziyadnz|hourly,2026-08-17T18:48:05Z,2026-08-17T18:48:05Z,
193.37.32.172,ipv4,malicious-ip,medium,WHITE,ziyadnz/hourly-ipv4,ziyadnz|hourly,2026-08-17T18:48:05Z,2026-08-17T18:48:05Z,
193.37.32.174,ipv4,malicious-ip,medium,WHITE,ziyadnz/hourly-ipv4,ziyadnz|hourly,2026-08-17T18:48:05Z,2026-08-17T18:48:05Z,
193.37.32.175,ipv4,malicious-ip,medium,WHITE,ziyadnz/hourly-ipv4,ziyadnz|hourly,2026-08-17T18:48:05Z,2026-08-17T18:48:05Z,
193.37.32.177,ipv4,malicious-ip,medium,WHITE,ziyadnz/hourly-ipv4,ziyadnz|hourly,2026-08-17T18:48:05Z,2026-08-17T18:48:05Z,
193.37.32.179,ipv4,malicious-ip,medium,WHITE,ziyadnz/hourly-ipv4,ziyadnz|hourly,2026-08-17T18:48:05Z,2026-08-17T18:48:05Z,
193.37.32.18,ipv4,malicious-ip,medium,WHITE,ziyadnz/hourly-ipv4,ziyadnz|hourly,2026-08-17T18:48:05Z,2026-08-17T18:48:05Z,
193.37.32.184,ipv4,malicious-ip,medium,WHITE,ziyadnz/hourly-ipv4,ziyadnz|hourly,2026-08-17T18:48:05Z,2026-08-17T18:48:05Z,
193.37.32.19,ipv4,malicious-ip,medium,WHITE,ziyadnz/hourly-ipv4,ziyadnz|hourly,2026-08-17T18:48:05Z,2026-08-17T18:48:05Z,
193.37.32.192,ipv4,malicious-ip,medium,WHITE,ziyadnz/hourly-ipv4,ziyadnz|hourly,2026-08-17T18:48:05Z,2026-08-17T18:48:05Z,
193.37.32.194,ipv4,malicious-ip,medium,WHITE,ziyadnz/hourly-ipv4,ziyadnz|hourly,2026-08-17T18:48:05Z,2026-08-17T18:48:05Z,
193.37.32.196,ipv4,malicious-ip,medium,WHITE,ziyadnz/hourly-ipv4,ziyadnz|hourly,2026-08-17T18:48:05Z,2026-08-17T18:48:05Z,
193.37.32.198,ipv4,malicious-ip,medium,WHITE,ziyadnz/hourly-ipv4,ziyadnz|hourly,2026-08-17T18:48:05Z,2026-08-17T18:48:05Z,
193.37.32.20,ipv4,malicious-ip,medium,WHITE,ziyadnz/hourly-ipv4,ziyadnz|hourly,2026-08-17T18:48:05Z,2026-08-17T18:48:05Z,
193.37.32.200,ipv4,malicious-ip,medium,WHITE,ziyadnz/hourly-ipv4,ziyadnz|hourly,2026-08-17T18:48:05Z,2026-08-17T18:48:05Z,
193.37.32.202,ipv4,malicious-ip,medium,WHITE,ziyadnz/hourly-ipv4,ziyadnz|hourly,2026-08-17T18:48:05Z,2026-08-17T18:48:05Z,
193.37.32.207,ipv4,malicious-ip,medium,WHITE,ziyadnz/hourly-ipv4,ziyadnz|hourly,2026-08-17T18:48:05Z,2026-08-17T18:48:05Z,
193.37.32.213,ipv4,malicious-ip,medium,WHITE,ziyadnz/hourly-ipv4,ziyadnz|hourly,2026-08-17T18:48:05Z,2026-08-17T18:48:05Z,
193.37.32.218,ipv4,malicious-ip,medium,WHITE,ziyadnz/hourly-ipv4,ziyadnz|hourly,2026-08-17T18:48:05Z,2026-08-17T18:48:05Z,
193.37.32.224,ipv4,malicious-ip,medium,WHITE,ziyadnz/hourly-ipv4,ziyadnz|hourly,2026-08-17T18:48:05Z,2026-08-17T18:48:05Z,
193.37.32.226,ipv4,malicious-ip,medium,WHITE,ziyadnz/hourly-ipv4,ziyadnz|hourly,2026-08-17T18:48:05Z,2026-08-17T18:48:05Z,
193.37.32.23,ipv4,malicious-ip,medium,WHITE,ziyadnz/hourly-ipv4,ziyadnz|hourly,2026-08-17T18:48:05Z,2026-08-17T18:48:05Z,
193.37.32.25,ipv4,malicious-ip,medium,WHITE,ziyadnz/hourly-ipv4,ziyadnz|hourly,2026-08-17T18:48:05Z,2026-08-17T18:48:05Z,
193.37.32.26,ipv4,malicious-ip,medium,WHITE,ziyadnz/hourly-ipv4,ziyadnz|hourly,2026-08-17T18:48:05Z,2026-08-17T18:48:05Z,
193.37.32.29,ipv4,malicious-ip,medium,WHITE,ziyadnz/hourly-ipv4,ziyadnz|hourly,2026-08-17T18:48:05Z,2026-08-17T18:48:05Z,
193.37.32.32,ipv4,malicious-ip,medium,WHITE,ziyadnz/hourly-ipv4,ziyadnz|hourly,2026-08-17T18:48:05Z,2026-08-17T18:48:05Z,
193.37.32.35,ipv4,malicious-ip,medium,WHITE,ziyadnz/hourly-ipv4,ziyadnz|hourly,2026-08-17T18:48:05Z,2026-08-17T18:48:05Z,
193.37.32.37,ipv4,malicious-ip,medium,WHITE,ziyadnz/hourly-ipv4,ziyadnz|hourly,2026-08-17T18:48:05Z,2026-08-17T18:48:05Z,
193.37.32.4,ipv4,malicious-ip,medium,WHITE,ziyadnz/hourly-ipv4,ziyadnz|hourly,2026-08-17T18:48:05Z,2026-08-17T18:48:05Z,
193.37.32.41,ipv4,malicious-ip,medium,WHITE,ziyadnz/hourly-ipv4,ziyadnz|hourly,2026-08-17T18:48:05Z,2026-08-17T18:48:05Z,
193.37.32.51,ipv4,malicious-ip,medium,WHITE,ziyadnz/hourly-ipv4,ziyadnz|hourly,2026-08-17T18:48:05Z,2026-08-17T18:48:05Z,
193.37.32.57,ipv4,malicious-ip,medium,WHITE,ziyadnz/hourly-ipv4,ziyadnz|hourly,2026-08-17T18:48:05Z,2026-08-17T18:48:05Z,
193.37.32.6,ipv4,malicious-ip,medium,WHITE,ziyadnz/hourly-ipv4,ziyadnz|hourly,2026-08-17T18:48:05Z,2026-08-17T18:48:05Z,
193.37.32.61,ipv4,malicious-ip,medium,WHITE,ziyadnz/hourly-ipv4,ziyadnz|hourly,2026-08-17T18:48:05Z,2026-08-17T18:48:05Z,
193.37.32.63,ipv4,malicious-ip,medium,WHITE,ziyadnz/hourly-ipv4,ziyadnz|hourly,2026-08-17T18:48:05Z,2026-08-17T18:48:05Z,
193.37.32.65,ipv4,malicious-ip,medium,WHITE,ziyadnz/hourly-ipv4,ziyadnz|hourly,2026-08-17T18:48:05Z,2026-08-17T18:48:05Z,
193.37.32.66,ipv4,malicious-ip,medium,WHITE,ziyadnz/hourly-ipv4,ziyadnz|hourly,2026-08-17T18:48:05Z,2026-08-17T18:48:05Z,
193.37.32.69,ipv4,malicious-ip,medium,WHITE,ziyadnz/hourly-ipv4,ziyadnz|hourly,2026-08-17T18:48:05Z,2026-08-17T18:48:05Z,
193.37.32.73,ipv4,malicious-ip,medium,WHITE,ziyadnz/hourly-ipv4,ziyadnz|hourly,2026-08-17T18:48:05Z,2026-08-17T18:48:05Z,
193.37.32.79,ipv4,malicious-ip,medium,WHITE,ziyadnz/hourly-ipv4,ziyadnz|hourly,2026-08-17T18:48:05Z,2026-08-17T18:48:05Z,
193.37.32.82,ipv4,malicious-ip,medium,WHITE,ziyadnz/hourly-ipv4,ziyadnz|hourly,2026-08-17T18:48:05Z,2026-08-17T18:48:05Z,
193.37.32.86,ipv4,malicious-ip,medium,WHITE,ziyadnz/hourly-ipv4,ziyadnz|hourly,2026-08-17T18:48:05Z,2026-08-17T18:48:05Z,
193.37.32.88,ipv4,malicious-ip,medium,WHITE,ziyadnz/hourly-ipv4,ziyadnz|hourly,2026-08-17T18:48:05Z,2026-08-17T18:48:05Z,
193.37.32.89,ipv4,malicious-ip,medium,WHITE,ziyadnz/hourly-ipv4,ziyadnz|hourly,2026-08-17T18:48:05Z,2026-08-17T18:48:05Z,
193.37.32.92,ipv4,malicious-ip,medium,WHITE,ziyadnz/hourly-ipv4,ziyadnz|hourly,2026-08-17T18:48:05Z,2026-08-17T18:48:05Z,
193.37.32.94,ipv4,malicious-ip,medium,WHITE,ziyadnz/hourly-ipv4,ziyadnz|hourly,2026-08-17T18:48:05Z,2026-08-17T18:48:05Z,
193.37.33.0,ipv4,malicious-ip,medium,WHITE,ziyadnz/hourly-ipv4,ziyadnz|hourly,2026-08-17T18:48:05Z,2026-08-17T18:48:05Z,
193.37.33.19,ipv4,malicious-ip,medium,WHITE,ziyadnz/hourly-ipv4,ziyadnz|hourly,2026-08-17T18:48:05Z,2026-08-17T18:48:05Z,
193.37.33.2,ipv4,malicious-ip,medium,WHITE,ziyadnz/hourly-ipv4,ziyadnz|hourly,2026-08-17T18:48:05Z,2026-08-17T18:48:05Z,
193.37.33.222,ipv4,malicious-ip,medium,WHITE,ziyadnz/hourly-ipv4,ziyadnz|hourly,2026-08-17T18:48:05Z,2026-08-17T18:48:05Z,
193.37.33.233,ipv4,malicious-ip,medium,WHITE,ziyadnz/hourly-ipv4,ziyadnz|hourly,2026-08-17T18:48:05Z,2026-08-17T18:48:05Z,
193.37.33.234,ipv4,malicious-ip,medium,WHITE,ziyadnz/hourly-ipv4,ziyadnz|hourly,2026-08-17T18:48:05Z,2026-08-17T18:48:05Z,
193.37.33.251,ipv4,malicious-ip,medium,WHITE,ziyadnz/hourly-ipv4,ziyadnz|hourly,2026-08-17T18:48:05Z,2026-08-17T18:48:05Z,
193.37.33.38,ipv4,malicious-ip,medium,WHITE,ziyadnz/hourly-ipv4,ziyadnz|hourly,2026-08-17T18:48:05Z,2026-08-17T18:48:05Z,
193.37.33.40,ipv4,malicious-ip,medium,WHITE,ziyadnz/hourly-ipv4,ziyadnz|hourly,2026-08-17T18:48:05Z,2026-08-17T18:48:05Z,
193.37.33.42,ipv4,malicious-ip,medium,WHITE,ziyadnz/hourly-ipv4,ziyadnz|hourly,2026-08-17T18:48:05Z,2026-08-17T18:48:05Z,
193.37.33.48,ipv4,malicious-ip,medium,WHITE,ziyadnz/hourly-ipv4,ziyadnz|hourly,2026-08-17T18:48:05Z,2026-08-17T18:48:05Z,
193.37.33.51,ipv4,malicious-ip,medium,WHITE,ziyadnz/hourly-ipv4,ziyadnz|hourly,2026-08-17T18:48:05Z,2026-08-17T18:48:05Z,
193.37.33.52,ipv4,malicious-ip,medium,WHITE,ziyadnz/hourly-ipv4,ziyadnz|hourly,2026-08-17T18:48:05Z,2026-08-17T18:48:05Z,
193.37.33.69,ipv4,malicious-ip,medium,WHITE,ziyadnz/hourly-ipv4,ziyadnz|hourly,2026-08-17T18:48:05Z,2026-08-17T18:48:05Z,
193.37.33.8,ipv4,malicious-ip,medium,WHITE,ziyadnz/hourly-ipv4,ziyadnz|hourly,2026-08-17T18:48:05Z,2026-08-17T18:48:05Z,
193.37.70.108,ipv4,malicious-ip,medium,WHITE,ziyadnz/hourly-ipv4,ziyadnz|hourly,2026-08-17T18:48:05Z,2026-08-17T18:48:05Z,
193.38.138.145,ipv4,malicious-ip,medium,WHITE,ziyadnz/hourly-ipv4,ziyadnz|hourly,2026-08-17T18:48:05Z,2026-08-17T18:48:05Z,
193.38.235.108,ipv4,malicious-ip,medium,WHITE,ziyadnz/hourly-ipv4,ziyadnz|hourly,2026-08-17T18:48:05Z,2026-08-17T18:48:05Z,
193.38.235.234,ipv4,malicious-ip,medium,WHITE,ziyadnz/hourly-ipv4,ziyadnz|hourly,2026-08-17T18:48:05Z,2026-08-17T18:48:05Z,
193.39.186.30,ipv4,malicious-ip,medium,WHITE,ziyadnz/hourly-ipv4,ziyadnz|hourly,2026-08-17T18:48:05Z,2026-08-17T18:48:05Z,
193.39.208.26,ipv4,malicious-ip,medium,WHITE,ziyadnz/hourly-ipv4,ziyadnz|hourly,2026-08-17T18:48:05Z,2026-08-17T18:48:05Z,
193.39.9.191,ipv4,malicious-ip,medium,WHITE,ziyadnz/hourly-ipv4,ziyadnz|hourly,2026-08-17T18:48:05Z,2026-08-17T18:48:05Z,
193.39.9.236,ipv4,malicious-ip,medium,WHITE,ziyadnz/hourly-ipv4,ziyadnz|hourly,2026-08-17T18:48:05Z,2026-08-17T18:48:05Z,
193.41.78.26,ipv4,malicious-ip,medium,WHITE,ziyadnz/hourly-ipv4,ziyadnz|hourly,2026-08-17T18:48:05Z,2026-08-17T18:48:05Z,
193.42.0.244,ipv4,malicious-ip,medium,WHITE,ziyadnz/hourly-ipv4,ziyadnz|hourly,2026-08-17T18:48:05Z,2026-08-17T18:48:05Z,
193.42.32.138,ipv4,malicious-ip,medium,WHITE,ziyadnz/hourly-ipv4,ziyadnz|hourly,2026-08-17T18:48:05Z,2026-08-17T18:48:05Z,
193.42.32.236,ipv4,malicious-ip,medium,WHITE,ziyadnz/hourly-ipv4,ziyadnz|hourly,2026-08-17T18:48:05Z,2026-08-17T18:48:05Z,
193.42.32.240,ipv4,malicious-ip,medium,WHITE,ziyadnz/hourly-ipv4,ziyadnz|hourly,2026-08-17T18:48:05Z,2026-08-17T18:48:05Z,
193.42.32.29,ipv4,malicious-ip,medium,WHITE,ziyadnz/hourly-ipv4,ziyadnz|hourly,2026-08-17T18:48:05Z,2026-08-17T18:48:05Z,
193.42.32.40,ipv4,malicious-ip,medium,WHITE,ziyadnz/hourly-ipv4,ziyadnz|hourly,2026-08-17T18:48:05Z,2026-08-17T18:48:05Z,
193.42.32.84,ipv4,malicious-ip,medium,WHITE,ziyadnz/hourly-ipv4,ziyadnz|hourly,2026-08-17T18:48:05Z,2026-08-17T18:48:05Z,
193.42.32.87,ipv4,malicious-ip,medium,WHITE,ziyadnz/hourly-ipv4,ziyadnz|hourly,2026-08-17T18:48:05Z,2026-08-17T18:48:05Z,
193.42.33.157,ipv4,malicious-ip,medium,WHITE,ziyadnz/hourly-ipv4,ziyadnz|hourly,2026-08-17T18:48:05Z,2026-08-17T18:48:05Z,
193.42.33.226,ipv4,malicious-ip,medium,WHITE,ziyadnz/hourly-ipv4,ziyadnz|hourly,2026-08-17T18:48:05Z,2026-08-17T18:48:05Z,
193.42.33.232,ipv4,malicious-ip,medium,WHITE,ziyadnz/hourly-ipv4,ziyadnz|hourly,2026-08-17T18:48:05Z,2026-08-17T18:48:05Z,
193.42.33.28,ipv4,malicious-ip,medium,WHITE,ziyadnz/hourly-ipv4,ziyadnz|hourly,2026-08-17T18:48:05Z,2026-08-17T18:48:05Z,
193.42.33.51,ipv4,malicious-ip,medium,WHITE,ziyadnz/hourly-ipv4,ziyadnz|hourly,2026-08-17T18:48:05Z,2026-08-17T18:48:05Z,
193.42.33.74,ipv4,malicious-ip,medium,WHITE,ziyadnz/hourly-ipv4,ziyadnz|hourly,2026-08-17T18:48:05Z,2026-08-17T18:48:05Z,
193.42.36.106,ipv4,malicious-ip,medium,WHITE,ziyadnz/hourly-ipv4,ziyadnz|hourly,2026-08-17T18:48:05Z,2026-08-17T18:48:05Z,
193.42.36.84,ipv4,malicious-ip,medium,WHITE,ziyadnz/hourly-ipv4,ziyadnz|hourly,2026-08-17T18:48:05Z,2026-08-17T18:48:05Z,
193.42.96.81,ipv4,malicious-ip,medium,WHITE,ziyadnz/hourly-ipv4,ziyadnz|hourly,2026-08-17T18:48:05Z,2026-08-17T18:48:05Z,
193.42.96.83,ipv4,malicious-ip,medium,WHITE,ziyadnz/hourly-ipv4,ziyadnz|hourly,2026-08-17T18:48:05Z,2026-08-17T18:48:05Z,
193.43.104.185,ipv4,malicious-ip,medium,WHITE,ziyadnz/hourly-ipv4,ziyadnz|hourly,2026-08-17T18:48:05Z,2026-08-17T18:48:05Z,
193.43.134.113,ipv4,malicious-ip,medium,WHITE,ziyadnz/hourly-ipv4,ziyadnz|hourly,2026-08-17T18:48:05Z,2026-08-17T18:48:05Z,
193.43.140.224,ipv4,malicious-ip,medium,WHITE,ziyadnz/hourly-ipv4,ziyadnz|hourly,2026-08-17T18:48:05Z,2026-08-17T18:48:05Z,
193.43.145.120,ipv4,malicious-ip,medium,WHITE,ziyadnz/hourly-ipv4,ziyadnz|hourly,2026-08-17T18:48:05Z,2026-08-17T18:48:05Z,
193.43.145.179,ipv4,malicious-ip,medium,WHITE,ziyadnz/hourly-ipv4,ziyadnz|hourly,2026-08-17T18:48:05Z,2026-08-17T18:48:05Z,
193.43.149.255,ipv4,malicious-ip,medium,WHITE,ziyadnz/hourly-ipv4,ziyadnz|hourly,2026-08-17T18:48:05Z,2026-08-17T18:48:05Z,
193.43.72.11,ipv4,malicious-ip,medium,WHITE,ziyadnz/hourly-ipv4,ziyadnz|hourly,2026-08-17T18:48:05Z,2026-08-17T18:48:05Z,
193.46.217.31,ipv4,malicious-ip,medium,WHITE,ziyadnz/hourly-ipv4,ziyadnz|hourly,2026-08-17T18:48:05Z,2026-08-17T18:48:05Z,
193.46.255.112,ipv4,malicious-ip,medium,WHITE,ziyadnz/hourly-ipv4,ziyadnz|hourly,2026-08-17T18:48:05Z,2026-08-17T18:48:05Z,
193.46.255.141,ipv4,malicious-ip,medium,WHITE,ziyadnz/hourly-ipv4,ziyadnz|hourly,2026-08-17T18:48:05Z,2026-08-17T18:48:05Z,
193.46.255.142,ipv4,malicious-ip,medium,WHITE,ziyadnz/hourly-ipv4,ziyadnz|hourly,2026-08-17T18:48:05Z,2026-08-17T18:48:05Z,
193.46.255.143,ipv4,malicious-ip,medium,WHITE,ziyadnz/hourly-ipv4,ziyadnz|hourly,2026-08-17T18:48:05Z,2026-08-17T18:48:05Z,
193.46.255.144,ipv4,malicious-ip,medium,WHITE,ziyadnz/hourly-ipv4,ziyadnz|hourly,2026-08-17T18:48:05Z,2026-08-17T18:48:05Z,
193.46.255.147,ipv4,malicious-ip,medium,WHITE,ziyadnz/hourly-ipv4,ziyadnz|hourly,2026-08-17T18:48:05Z,2026-08-17T18:48:05Z,
193.46.255.152,ipv4,malicious-ip,medium,WHITE,ziyadnz/hourly-ipv4,ziyadnz|hourly,2026-08-17T18:48:05Z,2026-08-17T18:48:05Z,
193.46.255.155,ipv4,malicious-ip,medium,WHITE,ziyadnz/hourly-ipv4,ziyadnz|hourly,2026-08-17T18:48:05Z,2026-08-17T18:48:05Z,
193.46.255.156,ipv4,malicious-ip,medium,WHITE,ziyadnz/hourly-ipv4,ziyadnz|hourly,2026-08-17T18:48:05Z,2026-08-17T18:48:05Z,
193.46.255.158,ipv4,malicious-ip,medium,WHITE,ziyadnz/hourly-ipv4,ziyadnz|hourly,2026-08-17T18:48:05Z,2026-08-17T18:48:05Z,
193.46.255.217,ipv4,malicious-ip,medium,WHITE,ziyadnz/hourly-ipv4,ziyadnz|hourly,2026-08-17T18:48:05Z,2026-08-17T18:48:05Z,
193.46.255.7,ipv4,malicious-ip,medium,WHITE,ziyadnz/hourly-ipv4,ziyadnz|hourly,2026-08-17T18:48:05Z,2026-08-17T18:48:05Z,
193.47.241.104,ipv4,malicious-ip,medium,WHITE,ziyadnz/hourly-ipv4,ziyadnz|hourly,2026-08-17T18:48:05Z,2026-08-17T18:48:05Z,
193.47.42.135,ipv4,malicious-ip,medium,WHITE,ziyadnz/hourly-ipv4,ziyadnz|hourly,2026-08-17T18:48:05Z,2026-08-17T18:48:05Z,
193.47.61.205,ipv4,malicious-ip,medium,WHITE,ziyadnz/hourly-ipv4,ziyadnz|hourly,2026-08-17T18:48:05Z,2026-08-17T18:48:05Z,
193.47.61.47,ipv4,malicious-ip,medium,WHITE,ziyadnz/hourly-ipv4,ziyadnz|hourly,2026-08-17T18:48:05Z,2026-08-17T18:48:05Z,
193.47.61.75,ipv4,malicious-ip,medium,WHITE,ziyadnz/hourly-ipv4,ziyadnz|hourly,2026-08-17T18:48:05Z,2026-08-17T18:48:05Z,
193.5.65.199,ipv4,malicious-ip,medium,WHITE,ziyadnz/hourly-ipv4,ziyadnz|hourly,2026-08-17T18:48:05Z,2026-08-17T18:48:05Z,
193.53.40.18,ipv4,malicious-ip,medium,WHITE,ziyadnz/hourly-ipv4,ziyadnz|hourly,2026-08-17T18:48:05Z,2026-08-17T18:48:05Z,
193.56.116.168,ipv4,malicious-ip,medium,WHITE,ziyadnz/hourly-ipv4,ziyadnz|hourly,2026-08-17T18:48:05Z,2026-08-17T18:48:05Z,
193.56.116.201,ipv4,malicious-ip,medium,WHITE,ziyadnz/hourly-ipv4,ziyadnz|hourly,2026-08-17T18:48:05Z,2026-08-17T18:48:05Z,
193.56.12.171,ipv4,malicious-ip,medium,WHITE,ziyadnz/hourly-ipv4,ziyadnz|hourly,2026-08-17T18:48:05Z,2026-08-17T18:48:05Z,
193.56.146.114,ipv4,malicious-ip,medium,WHITE,ziyadnz/hourly-ipv4,ziyadnz|hourly,2026-08-17T18:48:05Z,2026-08-17T18:48:05Z,
193.56.146.174,ipv4,malicious-ip,medium,WHITE,ziyadnz/hourly-ipv4,ziyadnz|hourly,2026-08-17T18:48:05Z,2026-08-17T18:48:05Z,
193.56.146.218,ipv4,malicious-ip,medium,WHITE,ziyadnz/hourly-ipv4,ziyadnz|hourly,2026-08-17T18:48:05Z,2026-08-17T18:48:05Z,
193.56.146.243,ipv4,malicious-ip,medium,WHITE,ziyadnz/hourly-ipv4,ziyadnz|hourly,2026-08-17T18:48:05Z,2026-08-17T18:48:05Z,
193.56.146.29,ipv4,malicious-ip,medium,WHITE,ziyadnz/hourly-ipv4,ziyadnz|hourly,2026-08-17T18:48:05Z,2026-08-17T18:48:05Z,
193.56.149.119,ipv4,malicious-ip,medium,WHITE,ziyadnz/hourly-ipv4,ziyadnz|hourly,2026-08-17T18:48:05Z,2026-08-17T18:48:05Z,
193.56.20.100,ipv4,malicious-ip,medium,WHITE,ziyadnz/hourly-ipv4,ziyadnz|hourly,2026-08-17T18:48:05Z,2026-08-17T18:48:05Z,
193.56.255.209,ipv4,malicious-ip,medium,WHITE,ziyadnz/hourly-ipv4,ziyadnz|hourly,2026-08-17T18:48:05Z,2026-08-17T18:48:05Z,
193.56.255.210,ipv4,malicious-ip,medium,WHITE,ziyadnz/hourly-ipv4,ziyadnz|hourly,2026-08-17T18:48:05Z,2026-08-17T18:48:05Z,
193.56.255.214,ipv4,malicious-ip,medium,WHITE,ziyadnz/hourly-ipv4,ziyadnz|hourly,2026-08-17T18:48:05Z,2026-08-17T18:48:05Z,
193.56.29.123,ipv4,malicious-ip,medium,WHITE,ziyadnz/hourly-ipv4,ziyadnz|hourly,2026-08-17T18:48:05Z,2026-08-17T18:48:05Z,
193.57.138.22,ipv4,malicious-ip,medium,WHITE,ziyadnz/hourly-ipv4,ziyadnz|hourly,2026-08-17T18:48:05Z,2026-08-17T18:48:05Z,
193.57.138.41,ipv4,malicious-ip,medium,WHITE,ziyadnz/hourly-ipv4,ziyadnz|hourly,2026-08-17T18:48:05Z,2026-08-17T18:48:05Z,
193.58.104.180,ipv4,malicious-ip,medium,WHITE,ziyadnz/hourly-ipv4,ziyadnz|hourly,2026-08-17T18:48:05Z,2026-08-17T18:48:05Z,
193.58.121.233,ipv4,malicious-ip,medium,WHITE,ziyadnz/hourly-ipv4,ziyadnz|hourly,2026-08-17T18:48:05Z,2026-08-17T18:48:05Z,
193.58.122.50,ipv4,malicious-ip,medium,WHITE,ziyadnz/hourly-ipv4,ziyadnz|hourly,2026-08-17T18:48:05Z,2026-08-17T18:48:05Z,
193.68.57.43,ipv4,malicious-ip,medium,WHITE,ziyadnz/hourly-ipv4,ziyadnz|hourly,2026-08-17T18:48:05Z,2026-08-17T18:48:05Z,
193.70.0.241,ipv4,malicious-ip,medium,WHITE,ziyadnz/hourly-ipv4,ziyadnz|hourly,2026-08-17T18:48:05Z,2026-08-17T18:48:05Z,
193.70.34.35,ipv4,malicious-ip,medium,WHITE,ziyadnz/hourly-ipv4,ziyadnz|hourly,2026-08-17T18:48:05Z,2026-08-17T18:48:05Z,
193.70.41.50,ipv4,malicious-ip,medium,WHITE,ziyadnz/hourly-ipv4,ziyadnz|hourly,2026-08-17T18:48:05Z,2026-08-17T18:48:05Z,
193.70.42.31,ipv4,malicious-ip,medium,WHITE,ziyadnz/hourly-ipv4,ziyadnz|hourly,2026-08-17T18:48:05Z,2026-08-17T18:48:05Z,
193.70.42.63,ipv4,malicious-ip,medium,WHITE,ziyadnz/hourly-ipv4,ziyadnz|hourly,2026-08-17T18:48:05Z,2026-08-17T18:48:05Z,
193.70.85.86,ipv4,malicious-ip,medium,WHITE,ziyadnz/hourly-ipv4,ziyadnz|hourly,2026-08-17T18:48:05Z,2026-08-17T18:48:05Z,
193.70.86.103,ipv4,malicious-ip,medium,WHITE,ziyadnz/hourly-ipv4,ziyadnz|hourly,2026-08-17T18:48:05Z,2026-08-17T18:48:05Z,
193.70.86.212,ipv4,malicious-ip,medium,WHITE,ziyadnz/hourly-ipv4,ziyadnz|hourly,2026-08-17T18:48:05Z,2026-08-17T18:48:05Z,
193.70.86.68,ipv4,malicious-ip,medium,WHITE,ziyadnz/hourly-ipv4,ziyadnz|hourly,2026-08-17T18:48:05Z,2026-08-17T18:48:05Z,
193.77.49.38,ipv4,malicious-ip,medium,WHITE,ziyadnz/hourly-ipv4,ziyadnz|hourly,2026-08-17T18:48:05Z,2026-08-17T18:48:05Z,
193.8.186.31,ipv4,malicious-ip,medium,WHITE,ziyadnz/hourly-ipv4,ziyadnz|hourly,2026-08-17T18:48:05Z,2026-08-17T18:48:05Z,
193.8.187.10,ipv4,malicious-ip,medium,WHITE,ziyadnz/hourly-ipv4,ziyadnz|hourly,2026-08-17T18:48:05Z,2026-08-17T18:48:05Z,
193.8.187.42,ipv4,malicious-ip,medium,WHITE,ziyadnz/hourly-ipv4,ziyadnz|hourly,2026-08-17T18:48:05Z,2026-08-17T18:48:05Z,
193.8.47.171,ipv4,malicious-ip,medium,WHITE,ziyadnz/hourly-ipv4,ziyadnz|hourly,2026-08-17T18:48:05Z,2026-08-17T18:48:05Z,
193.8.47.188,ipv4,malicious-ip,medium,WHITE,ziyadnz/hourly-ipv4,ziyadnz|hourly,2026-08-17T18:48:05Z,2026-08-17T18:48:05Z,
193.8.79.240,ipv4,malicious-ip,medium,WHITE,ziyadnz/hourly-ipv4,ziyadnz|hourly,2026-08-17T18:48:05Z,2026-08-17T18:48:05Z,
193.83.176.54,ipv4,malicious-ip,medium,WHITE,ziyadnz/hourly-ipv4,ziyadnz|hourly,2026-08-17T18:48:05Z,2026-08-17T18:48:05Z,
193.84.108.54,ipv4,malicious-ip,medium,WHITE,ziyadnz/hourly-ipv4,ziyadnz|hourly,2026-08-17T18:48:05Z,2026-08-17T18:48:05Z,
193.84.71.119,ipv4,malicious-ip,medium,WHITE,ziyadnz/hourly-ipv4,ziyadnz|hourly,2026-08-17T18:48:05Z,2026-08-17T18:48:05Z,
193.84.71.244,ipv4,malicious-ip,medium,WHITE,ziyadnz/hourly-ipv4,ziyadnz|hourly,2026-08-17T18:48:05Z,2026-08-17T18:48:05Z,
193.84.71.81,ipv4,malicious-ip,medium,WHITE,ziyadnz/hourly-ipv4,ziyadnz|hourly,2026-08-17T18:48:05Z,2026-08-17T18:48:05Z,
193.86.25.237,ipv4,malicious-ip,medium,WHITE,ziyadnz/hourly-ipv4,ziyadnz|hourly,2026-08-17T18:48:05Z,2026-08-17T18:48:05Z,
193.9.48.18,ipv4,malicious-ip,medium,WHITE,ziyadnz/hourly-ipv4,ziyadnz|hourly,2026-08-17T18:48:05Z,2026-08-17T18:48:05Z,
193.90.12.122,ipv4,malicious-ip,medium,WHITE,ziyadnz/hourly-ipv4,ziyadnz|hourly,2026-08-17T18:48:05Z,2026-08-17T18:48:05Z,
193.90.12.62,ipv4,malicious-ip,medium,WHITE,ziyadnz/hourly-ipv4,ziyadnz|hourly,2026-08-17T18:48:05Z,2026-08-17T18:48:05Z,
193.90.5.182,ipv4,malicious-ip,medium,WHITE,ziyadnz/hourly-ipv4,ziyadnz|hourly,2026-08-17T18:48:05Z,2026-08-17T18:48:05Z,
193.93.193.74,ipv4,malicious-ip,medium,WHITE,ziyadnz/hourly-ipv4,ziyadnz|hourly,2026-08-17T18:48:05Z,2026-08-17T18:48:05Z,
193.93.229.169,ipv4,malicious-ip,medium,WHITE,ziyadnz/hourly-ipv4,ziyadnz|hourly,2026-08-17T18:48:05Z,2026-08-17T18:48:05Z,
193.93.230.83,ipv4,malicious-ip,medium,WHITE,ziyadnz/hourly-ipv4,ziyadnz|hourly,2026-08-17T18:48:05Z,2026-08-17T18:48:05Z,
193.95.23.70,ipv4,malicious-ip,medium,WHITE,ziyadnz/hourly-ipv4,ziyadnz|hourly,2026-08-17T18:48:05Z,2026-08-17T18:48:05Z,
193.95.24.117,ipv4,malicious-ip,medium,WHITE,ziyadnz/hourly-ipv4,ziyadnz|hourly,2026-08-17T18:48:05Z,2026-08-17T18:48:05Z,
193.95.31.205,ipv4,malicious-ip,medium,WHITE,ziyadnz/hourly-ipv4,ziyadnz|hourly,2026-08-17T18:48:05Z,2026-08-17T18:48:05Z,
193.95.82.154,ipv4,malicious-ip,medium,WHITE,ziyadnz/hourly-ipv4,ziyadnz|hourly,2026-08-17T18:48:05Z,2026-08-17T18:48:05Z,
194.0.113.10,ipv4,malicious-ip,medium,WHITE,ziyadnz/hourly-ipv4,ziyadnz|hourly,2026-08-17T18:48:05Z,2026-08-17T18:48:05Z,
194.0.157.208,ipv4,malicious-ip,medium,WHITE,ziyadnz/hourly-ipv4,ziyadnz|hourly,2026-08-17T18:48:05Z,2026-08-17T18:48:05Z,
194.0.234.17,ipv4,malicious-ip,medium,WHITE,ziyadnz/hourly-ipv4,ziyadnz|hourly,2026-08-17T18:48:05Z,2026-08-17T18:48:05Z,
194.102.104.178,ipv4,malicious-ip,medium,WHITE,ziyadnz/hourly-ipv4,ziyadnz|hourly,2026-08-17T18:48:05Z,2026-08-17T18:48:05Z,
194.102.104.207,ipv4,malicious-ip,medium,WHITE,ziyadnz/hourly-ipv4,ziyadnz|hourly,2026-08-17T18:48:05Z,2026-08-17T18:48:05Z,
194.102.104.79,ipv4,malicious-ip,medium,WHITE,ziyadnz/hourly-ipv4,ziyadnz|hourly,2026-08-17T18:48:05Z,2026-08-17T18:48:05Z,
194.102.185.109,ipv4,malicious-ip,medium,WHITE,ziyadnz/hourly-ipv4,ziyadnz|hourly,2026-08-17T18:48:05Z,2026-08-17T18:48:05Z,
194.102.73.93,ipv4,malicious-ip,medium,WHITE,ziyadnz/hourly-ipv4,ziyadnz|hourly,2026-08-17T18:48:05Z,2026-08-17T18:48:05Z,
194.103.81.36,ipv4,malicious-ip,medium,WHITE,ziyadnz/hourly-ipv4,ziyadnz|hourly,2026-08-17T18:48:05Z,2026-08-17T18:48:05Z,
194.103.82.72,ipv4,malicious-ip,medium,WHITE,ziyadnz/hourly-ipv4,ziyadnz|hourly,2026-08-17T18:48:05Z,2026-08-17T18:48:05Z,
194.105.133.223,ipv4,malicious-ip,medium,WHITE,ziyadnz/hourly-ipv4,ziyadnz|hourly,2026-08-17T18:48:05Z,2026-08-17T18:48:05Z,
194.105.218.9,ipv4,malicious-ip,medium,WHITE,ziyadnz/hourly-ipv4,ziyadnz|hourly,2026-08-17T18:48:05Z,2026-08-17T18:48:05Z,
194.105.5.168,ipv4,malicious-ip,medium,WHITE,ziyadnz/hourly-ipv4,ziyadnz|hourly,2026-08-17T18:48:05Z,2026-08-17T18:48:05Z,
194.105.5.254,ipv4,malicious-ip,medium,WHITE,ziyadnz/hourly-ipv4,ziyadnz|hourly,2026-08-17T18:48:05Z,2026-08-17T18:48:05Z,
194.107.115.11,ipv4,malicious-ip,medium,WHITE,ziyadnz/hourly-ipv4,ziyadnz|hourly,2026-08-17T18:48:05Z,2026-08-17T18:48:05Z,
194.107.115.199,ipv4,malicious-ip,medium,WHITE,ziyadnz/hourly-ipv4,ziyadnz|hourly,2026-08-17T18:48:05Z,2026-08-17T18:48:05Z,
194.107.115.2,ipv4,malicious-ip,medium,WHITE,ziyadnz/hourly-ipv4,ziyadnz|hourly,2026-08-17T18:48:05Z,2026-08-17T18:48:05Z,
194.107.178.52,ipv4,malicious-ip,medium,WHITE,ziyadnz/hourly-ipv4,ziyadnz|hourly,2026-08-17T18:48:05Z,2026-08-17T18:48:05Z,
194.11.226.29,ipv4,malicious-ip,medium,WHITE,ziyadnz/hourly-ipv4,ziyadnz|hourly,2026-08-17T18:48:05Z,2026-08-17T18:48:05Z,
194.11.226.46,ipv4,malicious-ip,medium,WHITE,ziyadnz/hourly-ipv4,ziyadnz|hourly,2026-08-17T18:48:05Z,2026-08-17T18:48:05Z,
194.11.226.5,ipv4,malicious-ip,medium,WHITE,ziyadnz/hourly-ipv4,ziyadnz|hourly,2026-08-17T18:48:05Z,2026-08-17T18:48:05Z,
194.11.226.9,ipv4,malicious-ip,medium,WHITE,ziyadnz/hourly-ipv4,ziyadnz|hourly,2026-08-17T18:48:05Z,2026-08-17T18:48:05Z,
194.110.115.35,ipv4,malicious-ip,medium,WHITE,ziyadnz/hourly-ipv4,ziyadnz|hourly,2026-08-17T18:48:05Z,2026-08-17T18:48:05Z,
194.110.247.198,ipv4,malicious-ip,medium,WHITE,ziyadnz/hourly-ipv4,ziyadnz|hourly,2026-08-17T18:48:05Z,2026-08-17T18:48:05Z,
194.110.247.39,ipv4,malicious-ip,medium,WHITE,ziyadnz/hourly-ipv4,ziyadnz|hourly,2026-08-17T18:48:05Z,2026-08-17T18:48:05Z,
194.110.247.46,ipv4,malicious-ip,medium,WHITE,ziyadnz/hourly-ipv4,ziyadnz|hourly,2026-08-17T18:48:05Z,2026-08-17T18:48:05Z,
194.110.247.97,ipv4,malicious-ip,medium,WHITE,ziyadnz/hourly-ipv4,ziyadnz|hourly,2026-08-17T18:48:05Z,2026-08-17T18:48:05Z,
194.113.235.89,ipv4,malicious-ip,medium,WHITE,ziyadnz/hourly-ipv4,ziyadnz|hourly,2026-08-17T18:48:05Z,2026-08-17T18:48:05Z,
194.113.245.238,ipv4,malicious-ip,medium,WHITE,ziyadnz/hourly-ipv4,ziyadnz|hourly,2026-08-17T18:48:05Z,2026-08-17T18:48:05Z,
194.116.73.100,ipv4,malicious-ip,medium,WHITE,ziyadnz/hourly-ipv4,ziyadnz|hourly,2026-08-17T18:48:05Z,2026-08-17T18:48:05Z,
194.12.70.161,ipv4,malicious-ip,medium,WHITE,ziyadnz/hourly-ipv4,ziyadnz|hourly,2026-08-17T18:48:05Z,2026-08-17T18:48:05Z,
194.12.73.50,ipv4,malicious-ip,medium,WHITE,ziyadnz/hourly-ipv4,ziyadnz|hourly,2026-08-17T18:48:05Z,2026-08-17T18:48:05Z,
194.12.80.36,ipv4,malicious-ip,medium,WHITE,ziyadnz/hourly-ipv4,ziyadnz|hourly,2026-08-17T18:48:05Z,2026-08-17T18:48:05Z,
194.12.81.97,ipv4,malicious-ip,medium,WHITE,ziyadnz/hourly-ipv4,ziyadnz|hourly,2026-08-17T18:48:05Z,2026-08-17T18:48:05Z,
194.12.86.104,ipv4,malicious-ip,medium,WHITE,ziyadnz/hourly-ipv4,ziyadnz|hourly,2026-08-17T18:48:05Z,2026-08-17T18:48:05Z,
194.12.86.29,ipv4,malicious-ip,medium,WHITE,ziyadnz/hourly-ipv4,ziyadnz|hourly,2026-08-17T18:48:05Z,2026-08-17T18:48:05Z,
194.12.94.32,ipv4,malicious-ip,medium,WHITE,ziyadnz/hourly-ipv4,ziyadnz|hourly,2026-08-17T18:48:05Z,2026-08-17T18:48:05Z,
194.120.230.115,ipv4,malicious-ip,medium,WHITE,ziyadnz/hourly-ipv4,ziyadnz|hourly,2026-08-17T18:48:05Z,2026-08-17T18:48:05Z,
194.120.230.54,ipv4,malicious-ip,medium,WHITE,ziyadnz/hourly-ipv4,ziyadnz|hourly,2026-08-17T18:48:05Z,2026-08-17T18:48:05Z,
194.120.230.72,ipv4,malicious-ip,medium,WHITE,ziyadnz/hourly-ipv4,ziyadnz|hourly,2026-08-17T18:48:05Z,2026-08-17T18:48:05Z,
194.124.210.127,ipv4,malicious-ip,medium,WHITE,ziyadnz/hourly-ipv4,ziyadnz|hourly,2026-08-17T18:48:05Z,2026-08-17T18:48:05Z,
194.124.227.90,ipv4,malicious-ip,medium,WHITE,ziyadnz/hourly-ipv4,ziyadnz|hourly,2026-08-17T18:48:05Z,2026-08-17T18:48:05Z,
194.126.180.177,ipv4,malicious-ip,medium,WHITE,ziyadnz/hourly-ipv4,ziyadnz|hourly,2026-08-17T18:48:05Z,2026-08-17T18:48:05Z,
194.127.179.157,ipv4,malicious-ip,medium,WHITE,ziyadnz/hourly-ipv4,ziyadnz|hourly,2026-08-17T18:48:05Z,2026-08-17T18:48:05Z,
194.13.81.84,ipv4,malicious-ip,medium,WHITE,ziyadnz/hourly-ipv4,ziyadnz|hourly,2026-08-17T18:48:05Z,2026-08-17T18:48:05Z,
194.132.81.201,ipv4,malicious-ip,medium,WHITE,ziyadnz/hourly-ipv4,ziyadnz|hourly,2026-08-17T18:48:05Z,2026-08-17T18:48:05Z,
194.135.105.208,ipv4,malicious-ip,medium,WHITE,ziyadnz/hourly-ipv4,ziyadnz|hourly,2026-08-17T18:48:05Z,2026-08-17T18:48:05Z,
194.135.17.12,ipv4,malicious-ip,medium,WHITE,ziyadnz/hourly-ipv4,ziyadnz|hourly,2026-08-17T18:48:05Z,2026-08-17T18:48:05Z,
194.135.24.241,ipv4,malicious-ip,medium,WHITE,ziyadnz/hourly-ipv4,ziyadnz|hourly,2026-08-17T18:48:05Z,2026-08-17T18:48:05Z,
194.135.24.244,ipv4,malicious-ip,medium,WHITE,ziyadnz/hourly-ipv4,ziyadnz|hourly,2026-08-17T18:48:05Z,2026-08-17T18:48:05Z,
194.135.24.246,ipv4,malicious-ip,medium,WHITE,ziyadnz/hourly-ipv4,ziyadnz|hourly,2026-08-17T18:48:05Z,2026-08-17T18:48:05Z,
194.135.24.247,ipv4,malicious-ip,medium,WHITE,ziyadnz/hourly-ipv4,ziyadnz|hourly,2026-08-17T18:48:05Z,2026-08-17T18:48:05Z,
194.135.24.248,ipv4,malicious-ip,medium,WHITE,ziyadnz/hourly-ipv4,ziyadnz|hourly,2026-08-17T18:48:05Z,2026-08-17T18:48:05Z,
194.135.24.253,ipv4,malicious-ip,medium,WHITE,ziyadnz/hourly-ipv4,ziyadnz|hourly,2026-08-17T18:48:05Z,2026-08-17T18:48:05Z,
194.135.24.254,ipv4,malicious-ip,medium,WHITE,ziyadnz/hourly-ipv4,ziyadnz|hourly,2026-08-17T18:48:05Z,2026-08-17T18:48:05Z,
194.14.217.34,ipv4,malicious-ip,medium,WHITE,ziyadnz/hourly-ipv4,ziyadnz|hourly,2026-08-17T18:48:05Z,2026-08-17T18:48:05Z,
194.145.216.85,ipv4,malicious-ip,medium,WHITE,ziyadnz/hourly-ipv4,ziyadnz|hourly,2026-08-17T18:48:05Z,2026-08-17T18:48:05Z,
194.146.180.21,ipv4,malicious-ip,medium,WHITE,ziyadnz/hourly-ipv4,ziyadnz|hourly,2026-08-17T18:48:05Z,2026-08-17T18:48:05Z,
194.146.189.79,ipv4,malicious-ip,medium,WHITE,ziyadnz/hourly-ipv4,ziyadnz|hourly,2026-08-17T18:48:05Z,2026-08-17T18:48:05Z,
194.146.191.107,ipv4,malicious-ip,medium,WHITE,ziyadnz/hourly-ipv4,ziyadnz|hourly,2026-08-17T18:48:05Z,2026-08-17T18:48:05Z,
194.146.191.121,ipv4,malicious-ip,medium,WHITE,ziyadnz/hourly-ipv4,ziyadnz|hourly,2026-08-17T18:48:05Z,2026-08-17T18:48:05Z,
194.146.92.208,ipv4,malicious-ip,medium,WHITE,ziyadnz/hourly-ipv4,ziyadnz|hourly,2026-08-17T18:48:05Z,2026-08-17T18:48:05Z,
194.146.92.5,ipv4,malicious-ip,medium,WHITE,ziyadnz/hourly-ipv4,ziyadnz|hourly,2026-08-17T18:48:05Z,2026-08-17T18:48:05Z,
194.147.26.48,ipv4,malicious-ip,medium,WHITE,ziyadnz/hourly-ipv4,ziyadnz|hourly,2026-08-17T18:48:05Z,2026-08-17T18:48:05Z,
194.147.35.251,ipv4,malicious-ip,medium,WHITE,ziyadnz/hourly-ipv4,ziyadnz|hourly,2026-08-17T18:48:05Z,2026-08-17T18:48:05Z,
194.147.93.208,ipv4,malicious-ip,medium,WHITE,ziyadnz/hourly-ipv4,ziyadnz|hourly,2026-08-17T18:48:05Z,2026-08-17T18:48:05Z,
194.15.112.133,ipv4,malicious-ip,medium,WHITE,ziyadnz/hourly-ipv4,ziyadnz|hourly,2026-08-17T18:48:05Z,2026-08-17T18:48:05Z,
194.15.113.118,ipv4,malicious-ip,medium,WHITE,ziyadnz/hourly-ipv4,ziyadnz|hourly,2026-08-17T18:48:05Z,2026-08-17T18:48:05Z,
194.15.115.204,ipv4,malicious-ip,medium,WHITE,ziyadnz/hourly-ipv4,ziyadnz|hourly,2026-08-17T18:48:05Z,2026-08-17T18:48:05Z,
194.15.115.212,ipv4,malicious-ip,medium,WHITE,ziyadnz/hourly-ipv4,ziyadnz|hourly,2026-08-17T18:48:05Z,2026-08-17T18:48:05Z,
194.15.216.237,ipv4,malicious-ip,medium,WHITE,ziyadnz/hourly-ipv4,ziyadnz|hourly,2026-08-17T18:48:05Z,2026-08-17T18:48:05Z,
194.15.36.117,ipv4,malicious-ip,medium,WHITE,ziyadnz/hourly-ipv4,ziyadnz|hourly,2026-08-17T18:48:05Z,2026-08-17T18:48:05Z,
194.15.59.41,ipv4,malicious-ip,medium,WHITE,ziyadnz/hourly-ipv4,ziyadnz|hourly,2026-08-17T18:48:05Z,2026-08-17T18:48:05Z,
194.15.98.17,ipv4,malicious-ip,medium,WHITE,ziyadnz/hourly-ipv4,ziyadnz|hourly,2026-08-17T18:48:05Z,2026-08-17T18:48:05Z,
194.150.166.150,ipv4,malicious-ip,medium,WHITE,ziyadnz/hourly-ipv4,ziyadnz|hourly,2026-08-17T18:48:05Z,2026-08-17T18:48:05Z,
194.150.167.88,ipv4,malicious-ip,medium,WHITE,ziyadnz/hourly-ipv4,ziyadnz|hourly,2026-08-17T18:48:05Z,2026-08-17T18:48:05Z,
194.150.220.163,ipv4,malicious-ip,medium,WHITE,ziyadnz/hourly-ipv4,ziyadnz|hourly,2026-08-17T18:48:05Z,2026-08-17T18:48:05Z,
194.153.216.164,ipv4,malicious-ip,medium,WHITE,ziyadnz/hourly-ipv4,ziyadnz|hourly,2026-08-17T18:48:05Z,2026-08-17T18:48:05Z,
194.154.48.32,ipv4,malicious-ip,medium,WHITE,ziyadnz/hourly-ipv4,ziyadnz|hourly,2026-08-17T18:48:05Z,2026-08-17T18:48:05Z,
194.154.92.163,ipv4,malicious-ip,medium,WHITE,ziyadnz/hourly-ipv4,ziyadnz|hourly,2026-08-17T18:48:05Z,2026-08-17T18:48:05Z,
194.156.103.11,ipv4,malicious-ip,medium,WHITE,ziyadnz/hourly-ipv4,ziyadnz|hourly,2026-08-17T18:48:05Z,2026-08-17T18:48:05Z,
194.156.103.193,ipv4,malicious-ip,medium,WHITE,ziyadnz/hourly-ipv4,ziyadnz|hourly,2026-08-17T18:48:05Z,2026-08-17T18:48:05Z,
194.156.249.154,ipv4,malicious-ip,medium,WHITE,ziyadnz/hourly-ipv4,ziyadnz|hourly,2026-08-17T18:48:05Z,2026-08-17T18:48:05Z,
194.156.250.124,ipv4,malicious-ip,medium,WHITE,ziyadnz/hourly-ipv4,ziyadnz|hourly,2026-08-17T18:48:05Z,2026-08-17T18:48:05Z,
194.158.222.176,ipv4,malicious-ip,medium,WHITE,ziyadnz/hourly-ipv4,ziyadnz|hourly,2026-08-17T18:48:05Z,2026-08-17T18:48:05Z,
194.163.131.150,ipv4,malicious-ip,medium,WHITE,ziyadnz/hourly-ipv4,ziyadnz|hourly,2026-08-17T18:48:05Z,2026-08-17T18:48:05Z,
194.163.131.242,ipv4,malicious-ip,medium,WHITE,ziyadnz/hourly-ipv4,ziyadnz|hourly,2026-08-17T18:48:05Z,2026-08-17T18:48:05Z,
194.163.134.151,ipv4,malicious-ip,medium,WHITE,ziyadnz/hourly-ipv4,ziyadnz|hourly,2026-08-17T18:48:05Z,2026-08-17T18:48:05Z,
194.163.136.187,ipv4,malicious-ip,medium,WHITE,ziyadnz/hourly-ipv4,ziyadnz|hourly,2026-08-17T18:48:05Z,2026-08-17T18:48:05Z,
194.163.141.243,ipv4,malicious-ip,medium,WHITE,ziyadnz/hourly-ipv4,ziyadnz|hourly,2026-08-17T18:48:05Z,2026-08-17T18:48:05Z,
194.163.145.123,ipv4,malicious-ip,medium,WHITE,ziyadnz/hourly-ipv4,ziyadnz|hourly,2026-08-17T18:48:05Z,2026-08-17T18:48:05Z,
194.163.148.5,ipv4,malicious-ip,medium,WHITE,ziyadnz/hourly-ipv4,ziyadnz|hourly,2026-08-17T18:48:05Z,2026-08-17T18:48:05Z,
194.163.149.175,ipv4,malicious-ip,medium,WHITE,ziyadnz/hourly-ipv4,ziyadnz|hourly,2026-08-17T18:48:05Z,2026-08-17T18:48:05Z,
194.163.151.106,ipv4,malicious-ip,medium,WHITE,ziyadnz/hourly-ipv4,ziyadnz|hourly,2026-08-17T18:48:05Z,2026-08-17T18:48:05Z,
194.163.153.236,ipv4,malicious-ip,medium,WHITE,ziyadnz/hourly-ipv4,ziyadnz|hourly,2026-08-17T18:48:05Z,2026-08-17T18:48:05Z,
194.163.160.70,ipv4,malicious-ip,medium,WHITE,ziyadnz/hourly-ipv4,ziyadnz|hourly,2026-08-17T18:48:05Z,2026-08-17T18:48:05Z,
194.163.161.69,ipv4,malicious-ip,medium,WHITE,ziyadnz/hourly-ipv4,ziyadnz|hourly,2026-08-17T18:48:05Z,2026-08-17T18:48:05Z,
194.163.162.5,ipv4,malicious-ip,medium,WHITE,ziyadnz/hourly-ipv4,ziyadnz|hourly,2026-08-17T18:48:05Z,2026-08-17T18:48:05Z,
194.163.167.153,ipv4,malicious-ip,medium,WHITE,ziyadnz/hourly-ipv4,ziyadnz|hourly,2026-08-17T18:48:05Z,2026-08-17T18:48:05Z,
194.163.172.10,ipv4,malicious-ip,medium,WHITE,ziyadnz/hourly-ipv4,ziyadnz|hourly,2026-08-17T18:48:05Z,2026-08-17T18:48:05Z,
194.163.174.214,ipv4,malicious-ip,medium,WHITE,ziyadnz/hourly-ipv4,ziyadnz|hourly,2026-08-17T18:48:05Z,2026-08-17T18:48:05Z,
194.163.175.227,ipv4,malicious-ip,medium,WHITE,ziyadnz/hourly-ipv4,ziyadnz|hourly,2026-08-17T18:48:05Z,2026-08-17T18:48:05Z,
194.163.177.109,ipv4,malicious-ip,medium,WHITE,ziyadnz/hourly-ipv4,ziyadnz|hourly,2026-08-17T18:48:05Z,2026-08-17T18:48:05Z,
194.163.179.92,ipv4,malicious-ip,medium,WHITE,ziyadnz/hourly-ipv4,ziyadnz|hourly,2026-08-17T18:48:05Z,2026-08-17T18:48:05Z,
194.163.185.4,ipv4,malicious-ip,medium,WHITE,ziyadnz/hourly-ipv4,ziyadnz|hourly,2026-08-17T18:48:05Z,2026-08-17T18:48:05Z,
194.163.186.52,ipv4,malicious-ip,medium,WHITE,ziyadnz/hourly-ipv4,ziyadnz|hourly,2026-08-17T18:48:05Z,2026-08-17T18:48:05Z,
194.163.190.113,ipv4,malicious-ip,medium,WHITE,ziyadnz/hourly-ipv4,ziyadnz|hourly,2026-08-17T18:48:05Z,2026-08-17T18:48:05Z,
194.164.107.4,ipv4,malicious-ip,medium,WHITE,ziyadnz/hourly-ipv4,ziyadnz|hourly,2026-08-17T18:48:05Z,2026-08-17T18:48:05Z,
194.164.107.5,ipv4,malicious-ip,medium,WHITE,ziyadnz/hourly-ipv4,ziyadnz|hourly,2026-08-17T18:48:05Z,2026-08-17T18:48:05Z,
194.164.107.6,ipv4,malicious-ip,medium,WHITE,ziyadnz/hourly-ipv4,ziyadnz|hourly,2026-08-17T18:48:05Z,2026-08-17T18:48:05Z,
194.164.193.57,ipv4,malicious-ip,medium,WHITE,ziyadnz/hourly-ipv4,ziyadnz|hourly,2026-08-17T18:48:05Z,2026-08-17T18:48:05Z,
194.164.234.151,ipv4,malicious-ip,medium,WHITE,ziyadnz/hourly-ipv4,ziyadnz|hourly,2026-08-17T18:48:05Z,2026-08-17T18:48:05Z,
194.164.48.8,ipv4,malicious-ip,medium,WHITE,ziyadnz/hourly-ipv4,ziyadnz|hourly,2026-08-17T18:48:05Z,2026-08-17T18:48:05Z,
194.164.51.6,ipv4,malicious-ip,medium,WHITE,ziyadnz/hourly-ipv4,ziyadnz|hourly,2026-08-17T18:48:05Z,2026-08-17T18:48:05Z,
194.164.54.250,ipv4,malicious-ip,medium,WHITE,ziyadnz/hourly-ipv4,ziyadnz|hourly,2026-08-17T18:48:05Z,2026-08-17T18:48:05Z,
194.164.62.115,ipv4,malicious-ip,medium,WHITE,ziyadnz/hourly-ipv4,ziyadnz|hourly,2026-08-17T18:48:05Z,2026-08-17T18:48:05Z,
194.164.91.60,ipv4,malicious-ip,medium,WHITE,ziyadnz/hourly-ipv4,ziyadnz|hourly,2026-08-17T18:48:05Z,2026-08-17T18:48:05Z,
194.165.158.96,ipv4,malicious-ip,medium,WHITE,ziyadnz/hourly-ipv4,ziyadnz|hourly,2026-08-17T18:48:05Z,2026-08-17T18:48:05Z,
194.165.16.0,ipv4,malicious-ip,medium,WHITE,ziyadnz/hourly-ipv4,ziyadnz|hourly,2026-08-17T18:48:05Z,2026-08-17T18:48:05Z,
194.165.16.121,ipv4,malicious-ip,medium,WHITE,ziyadnz/hourly-ipv4,ziyadnz|hourly,2026-08-17T18:48:05Z,2026-08-17T18:48:05Z,
194.165.16.122,ipv4,malicious-ip,medium,WHITE,ziyadnz/hourly-ipv4,ziyadnz|hourly,2026-08-17T18:48:05Z,2026-08-17T18:48:05Z,
194.165.16.123,ipv4,malicious-ip,medium,WHITE,ziyadnz/hourly-ipv4,ziyadnz|hourly,2026-08-17T18:48:05Z,2026-08-17T18:48:05Z,
194.165.16.162,ipv4,malicious-ip,medium,WHITE,ziyadnz/hourly-ipv4,ziyadnz|hourly,2026-08-17T18:48:05Z,2026-08-17T18:48:05Z,
194.165.16.163,ipv4,malicious-ip,medium,WHITE,ziyadnz/hourly-ipv4,ziyadnz|hourly,2026-08-17T18:48:05Z,2026-08-17T18:48:05Z,
194.165.16.164,ipv4,malicious-ip,medium,WHITE,ziyadnz/hourly-ipv4,ziyadnz|hourly,2026-08-17T18:48:05Z,2026-08-17T18:48:05Z,
194.165.16.165,ipv4,malicious-ip,medium,WHITE,ziyadnz/hourly-ipv4,ziyadnz|hourly,2026-08-17T18:48:05Z,2026-08-17T18:48:05Z,
194.165.16.166,ipv4,malicious-ip,medium,WHITE,ziyadnz/hourly-ipv4,ziyadnz|hourly,2026-08-17T18:48:05Z,2026-08-17T18:48:05Z,
194.165.16.167,ipv4,malicious-ip,medium,WHITE,ziyadnz/hourly-ipv4,ziyadnz|hourly,2026-08-17T18:48:05Z,2026-08-17T18:48:05Z,
194.165.16.4,ipv4,malicious-ip,medium,WHITE,ziyadnz/hourly-ipv4,ziyadnz|hourly,2026-08-17T18:48:05Z,2026-08-17T18:48:05Z,
194.165.16.53,ipv4,malicious-ip,medium,WHITE,ziyadnz/hourly-ipv4,ziyadnz|hourly,2026-08-17T18:48:05Z,2026-08-17T18:48:05Z,
194.165.16.60,ipv4,malicious-ip,medium,WHITE,ziyadnz/hourly-ipv4,ziyadnz|hourly,2026-08-17T18:48:05Z,2026-08-17T18:48:05Z,
194.165.16.62,ipv4,malicious-ip,medium,WHITE,ziyadnz/hourly-ipv4,ziyadnz|hourly,2026-08-17T18:48:05Z,2026-08-17T18:48:05Z,
194.165.16.63,ipv4,malicious-ip,medium,WHITE,ziyadnz/hourly-ipv4,ziyadnz|hourly,2026-08-17T18:48:05Z,2026-08-17T18:48:05Z,
194.165.16.64,ipv4,malicious-ip,medium,WHITE,ziyadnz/hourly-ipv4,ziyadnz|hourly,2026-08-17T18:48:05Z,2026-08-17T18:48:05Z,
194.165.16.71,ipv4,malicious-ip,medium,WHITE,ziyadnz/hourly-ipv4,ziyadnz|hourly,2026-08-17T18:48:05Z,2026-08-17T18:48:05Z,
194.165.16.83,ipv4,malicious-ip,medium,WHITE,ziyadnz/hourly-ipv4,ziyadnz|hourly,2026-08-17T18:48:05Z,2026-08-17T18:48:05Z,
194.165.16.90,ipv4,malicious-ip,medium,WHITE,ziyadnz/hourly-ipv4,ziyadnz|hourly,2026-08-17T18:48:05Z,2026-08-17T18:48:05Z,
194.165.16.91,ipv4,malicious-ip,medium,WHITE,ziyadnz/hourly-ipv4,ziyadnz|hourly,2026-08-17T18:48:05Z,2026-08-17T18:48:05Z,
194.165.16.92,ipv4,malicious-ip,medium,WHITE,ziyadnz/hourly-ipv4,ziyadnz|hourly,2026-08-17T18:48:05Z,2026-08-17T18:48:05Z,
194.165.16.98,ipv4,malicious-ip,medium,WHITE,ziyadnz/hourly-ipv4,ziyadnz|hourly,2026-08-17T18:48:05Z,2026-08-17T18:48:05Z,
194.165.16.99,ipv4,malicious-ip,medium,WHITE,ziyadnz/hourly-ipv4,ziyadnz|hourly,2026-08-17T18:48:05Z,2026-08-17T18:48:05Z,
194.165.46.22,ipv4,malicious-ip,medium,WHITE,ziyadnz/hourly-ipv4,ziyadnz|hourly,2026-08-17T18:48:05Z,2026-08-17T18:48:05Z,
194.165.46.36,ipv4,malicious-ip,medium,WHITE,ziyadnz/hourly-ipv4,ziyadnz|hourly,2026-08-17T18:48:05Z,2026-08-17T18:48:05Z,
194.165.59.51,ipv4,malicious-ip,medium,WHITE,ziyadnz/hourly-ipv4,ziyadnz|hourly,2026-08-17T18:48:05Z,2026-08-17T18:48:05Z,
194.169.172.14,ipv4,malicious-ip,medium,WHITE,ziyadnz/hourly-ipv4,ziyadnz|hourly,2026-08-17T18:48:05Z,2026-08-17T18:48:05Z,
194.169.175.107,ipv4,malicious-ip,medium,WHITE,ziyadnz/hourly-ipv4,ziyadnz|hourly,2026-08-17T18:48:05Z,2026-08-17T18:48:05Z,
194.169.175.117,ipv4,malicious-ip,medium,WHITE,ziyadnz/hourly-ipv4,ziyadnz|hourly,2026-08-17T18:48:05Z,2026-08-17T18:48:05Z,
194.169.175.123,ipv4,malicious-ip,medium,WHITE,ziyadnz/hourly-ipv4,ziyadnz|hourly,2026-08-17T18:48:05Z,2026-08-17T18:48:05Z,
194.169.175.128,ipv4,malicious-ip,medium,WHITE,ziyadnz/hourly-ipv4,ziyadnz|hourly,2026-08-17T18:48:05Z,2026-08-17T18:48:05Z,
194.169.175.220,ipv4,malicious-ip,medium,WHITE,ziyadnz/hourly-ipv4,ziyadnz|hourly,2026-08-17T18:48:05Z,2026-08-17T18:48:05Z,
194.169.175.221,ipv4,malicious-ip,medium,WHITE,ziyadnz/hourly-ipv4,ziyadnz|hourly,2026-08-17T18:48:05Z,2026-08-17T18:48:05Z,
194.169.175.232,ipv4,malicious-ip,medium,WHITE,ziyadnz/hourly-ipv4,ziyadnz|hourly,2026-08-17T18:48:05Z,2026-08-17T18:48:05Z,
194.169.175.233,ipv4,malicious-ip,medium,WHITE,ziyadnz/hourly-ipv4,ziyadnz|hourly,2026-08-17T18:48:05Z,2026-08-17T18:48:05Z,
194.169.175.235,ipv4,malicious-ip,medium,WHITE,ziyadnz/hourly-ipv4,ziyadnz|hourly,2026-08-17T18:48:05Z,2026-08-17T18:48:05Z,
194.170.189.196,ipv4,malicious-ip,medium,WHITE,ziyadnz/hourly-ipv4,ziyadnz|hourly,2026-08-17T18:48:05Z,2026-08-17T18:48:05Z,
194.170.189.226,ipv4,malicious-ip,medium,WHITE,ziyadnz/hourly-ipv4,ziyadnz|hourly,2026-08-17T18:48:05Z,2026-08-17T18:48:05Z,
194.176.108.4,ipv4,malicious-ip,medium,WHITE,ziyadnz/hourly-ipv4,ziyadnz|hourly,2026-08-17T18:48:05Z,2026-08-17T18:48:05Z,
194.176.114.36,ipv4,malicious-ip,medium,WHITE,ziyadnz/hourly-ipv4,ziyadnz|hourly,2026-08-17T18:48:05Z,2026-08-17T18:48:05Z,
194.176.254.138,ipv4,malicious-ip,medium,WHITE,ziyadnz/hourly-ipv4,ziyadnz|hourly,2026-08-17T18:48:05Z,2026-08-17T18:48:05Z,
194.180.11.186,ipv4,malicious-ip,medium,WHITE,ziyadnz/hourly-ipv4,ziyadnz|hourly,2026-08-17T18:48:05Z,2026-08-17T18:48:05Z,
194.180.16.131,ipv4,malicious-ip,medium,WHITE,ziyadnz/hourly-ipv4,ziyadnz|hourly,2026-08-17T18:48:05Z,2026-08-17T18:48:05Z,
194.180.174.254,ipv4,malicious-ip,medium,WHITE,ziyadnz/hourly-ipv4,ziyadnz|hourly,2026-08-17T18:48:05Z,2026-08-17T18:48:05Z,
194.180.174.51,ipv4,malicious-ip,medium,WHITE,ziyadnz/hourly-ipv4,ziyadnz|hourly,2026-08-17T18:48:05Z,2026-08-17T18:48:05Z,
194.180.189.21,ipv4,malicious-ip,medium,WHITE,ziyadnz/hourly-ipv4,ziyadnz|hourly,2026-08-17T18:48:05Z,2026-08-17T18:48:05Z,
194.180.191.168,ipv4,malicious-ip,medium,WHITE,ziyadnz/hourly-ipv4,ziyadnz|hourly,2026-08-17T18:48:05Z,2026-08-17T18:48:05Z,
194.180.191.17,ipv4,malicious-ip,medium,WHITE,ziyadnz/hourly-ipv4,ziyadnz|hourly,2026-08-17T18:48:05Z,2026-08-17T18:48:05Z,
194.180.191.171,ipv4,malicious-ip,medium,WHITE,ziyadnz/hourly-ipv4,ziyadnz|hourly,2026-08-17T18:48:05Z,2026-08-17T18:48:05Z,
194.180.191.189,ipv4,malicious-ip,medium,WHITE,ziyadnz/hourly-ipv4,ziyadnz|hourly,2026-08-17T18:48:05Z,2026-08-17T18:48:05Z,
194.180.191.209,ipv4,malicious-ip,medium,WHITE,ziyadnz/hourly-ipv4,ziyadnz|hourly,2026-08-17T18:48:05Z,2026-08-17T18:48:05Z,
194.180.191.51,ipv4,malicious-ip,medium,WHITE,ziyadnz/hourly-ipv4,ziyadnz|hourly,2026-08-17T18:48:05Z,2026-08-17T18:48:05Z,
194.180.48.100,ipv4,malicious-ip,medium,WHITE,ziyadnz/hourly-ipv4,ziyadnz|hourly,2026-08-17T18:48:05Z,2026-08-17T18:48:05Z,
194.180.48.130,ipv4,malicious-ip,medium,WHITE,ziyadnz/hourly-ipv4,ziyadnz|hourly,2026-08-17T18:48:05Z,2026-08-17T18:48:05Z,
194.180.48.139,ipv4,malicious-ip,medium,WHITE,ziyadnz/hourly-ipv4,ziyadnz|hourly,2026-08-17T18:48:05Z,2026-08-17T18:48:05Z,
194.180.48.158,ipv4,malicious-ip,medium,WHITE,ziyadnz/hourly-ipv4,ziyadnz|hourly,2026-08-17T18:48:05Z,2026-08-17T18:48:05Z,
194.180.48.160,ipv4,malicious-ip,medium,WHITE,ziyadnz/hourly-ipv4,ziyadnz|hourly,2026-08-17T18:48:05Z,2026-08-17T18:48:05Z,
194.180.48.202,ipv4,malicious-ip,medium,WHITE,ziyadnz/hourly-ipv4,ziyadnz|hourly,2026-08-17T18:48:05Z,2026-08-17T18:48:05Z,
194.180.48.211,ipv4,malicious-ip,medium,WHITE,ziyadnz/hourly-ipv4,ziyadnz|hourly,2026-08-17T18:48:05Z,2026-08-17T18:48:05Z,
194.180.48.215,ipv4,malicious-ip,medium,WHITE,ziyadnz/hourly-ipv4,ziyadnz|hourly,2026-08-17T18:48:05Z,2026-08-17T18:48:05Z,
194.180.48.22,ipv4,malicious-ip,medium,WHITE,ziyadnz/hourly-ipv4,ziyadnz|hourly,2026-08-17T18:48:05Z,2026-08-17T18:48:05Z,
194.180.48.235,ipv4,malicious-ip,medium,WHITE,ziyadnz/hourly-ipv4,ziyadnz|hourly,2026-08-17T18:48:05Z,2026-08-17T18:48:05Z,
194.180.48.253,ipv4,malicious-ip,medium,WHITE,ziyadnz/hourly-ipv4,ziyadnz|hourly,2026-08-17T18:48:05Z,2026-08-17T18:48:05Z,
194.180.48.39,ipv4,malicious-ip,medium,WHITE,ziyadnz/hourly-ipv4,ziyadnz|hourly,2026-08-17T18:48:05Z,2026-08-17T18:48:05Z,
194.180.48.42,ipv4,malicious-ip,medium,WHITE,ziyadnz/hourly-ipv4,ziyadnz|hourly,2026-08-17T18:48:05Z,2026-08-17T18:48:05Z,
194.180.48.58,ipv4,malicious-ip,medium,WHITE,ziyadnz/hourly-ipv4,ziyadnz|hourly,2026-08-17T18:48:05Z,2026-08-17T18:48:05Z,
194.180.48.64,ipv4,malicious-ip,medium,WHITE,ziyadnz/hourly-ipv4,ziyadnz|hourly,2026-08-17T18:48:05Z,2026-08-17T18:48:05Z,
194.180.48.84,ipv4,malicious-ip,medium,WHITE,ziyadnz/hourly-ipv4,ziyadnz|hourly,2026-08-17T18:48:05Z,2026-08-17T18:48:05Z,
194.180.49.104,ipv4,malicious-ip,medium,WHITE,ziyadnz/hourly-ipv4,ziyadnz|hourly,2026-08-17T18:48:05Z,2026-08-17T18:48:05Z,
194.180.49.106,ipv4,malicious-ip,medium,WHITE,ziyadnz/hourly-ipv4,ziyadnz|hourly,2026-08-17T18:48:05Z,2026-08-17T18:48:05Z,
194.180.49.139,ipv4,malicious-ip,medium,WHITE,ziyadnz/hourly-ipv4,ziyadnz|hourly,2026-08-17T18:48:05Z,2026-08-17T18:48:05Z,
194.180.49.145,ipv4,malicious-ip,medium,WHITE,ziyadnz/hourly-ipv4,ziyadnz|hourly,2026-08-17T18:48:05Z,2026-08-17T18:48:05Z,
194.180.49.165,ipv4,malicious-ip,medium,WHITE,ziyadnz/hourly-ipv4,ziyadnz|hourly,2026-08-17T18:48:05Z,2026-08-17T18:48:05Z,
194.180.49.216,ipv4,malicious-ip,medium,WHITE,ziyadnz/hourly-ipv4,ziyadnz|hourly,2026-08-17T18:48:05Z,2026-08-17T18:48:05Z,
194.180.49.217,ipv4,malicious-ip,medium,WHITE,ziyadnz/hourly-ipv4,ziyadnz|hourly,2026-08-17T18:48:05Z,2026-08-17T18:48:05Z,
194.180.49.218,ipv4,malicious-ip,medium,WHITE,ziyadnz/hourly-ipv4,ziyadnz|hourly,2026-08-17T18:48:05Z,2026-08-17T18:48:05Z,
194.180.49.220,ipv4,malicious-ip,medium,WHITE,ziyadnz/hourly-ipv4,ziyadnz|hourly,2026-08-17T18:48:05Z,2026-08-17T18:48:05Z,
194.180.49.71,ipv4,malicious-ip,medium,WHITE,ziyadnz/hourly-ipv4,ziyadnz|hourly,2026-08-17T18:48:05Z,2026-08-17T18:48:05Z,
194.182.197.43,ipv4,malicious-ip,medium,WHITE,ziyadnz/hourly-ipv4,ziyadnz|hourly,2026-08-17T18:48:05Z,2026-08-17T18:48:05Z,
194.183.171.83,ipv4,malicious-ip,medium,WHITE,ziyadnz/hourly-ipv4,ziyadnz|hourly,2026-08-17T18:48:05Z,2026-08-17T18:48:05Z,
194.183.173.32,ipv4,malicious-ip,medium,WHITE,ziyadnz/hourly-ipv4,ziyadnz|hourly,2026-08-17T18:48:05Z,2026-08-17T18:48:05Z,
194.186.126.15,ipv4,malicious-ip,medium,WHITE,ziyadnz/hourly-ipv4,ziyadnz|hourly,2026-08-17T18:48:05Z,2026-08-17T18:48:05Z,
194.187.148.120,ipv4,malicious-ip,medium,WHITE,ziyadnz/hourly-ipv4,ziyadnz|hourly,2026-08-17T18:48:05Z,2026-08-17T18:48:05Z,
194.187.155.112,ipv4,malicious-ip,medium,WHITE,ziyadnz/hourly-ipv4,ziyadnz|hourly,2026-08-17T18:48:05Z,2026-08-17T18:48:05Z,
194.187.155.22,ipv4,malicious-ip,medium,WHITE,ziyadnz/hourly-ipv4,ziyadnz|hourly,2026-08-17T18:48:05Z,2026-08-17T18:48:05Z,
194.187.176.0,ipv4,malicious-ip,medium,WHITE,ziyadnz/hourly-ipv4,ziyadnz|hourly,2026-08-17T18:48:05Z,2026-08-17T18:48:05Z,
194.187.176.1,ipv4,malicious-ip,medium,WHITE,ziyadnz/hourly-ipv4,ziyadnz|hourly,2026-08-17T18:48:05Z,2026-08-17T18:48:05Z,
194.187.176.10,ipv4,malicious-ip,medium,WHITE,ziyadnz/hourly-ipv4,ziyadnz|hourly,2026-08-17T18:48:05Z,2026-08-17T18:48:05Z,
194.187.176.100,ipv4,malicious-ip,medium,WHITE,ziyadnz/hourly-ipv4,ziyadnz|hourly,2026-08-17T18:48:05Z,2026-08-17T18:48:05Z,
194.187.176.101,ipv4,malicious-ip,medium,WHITE,ziyadnz/hourly-ipv4,ziyadnz|hourly,2026-08-17T18:48:05Z,2026-08-17T18:48:05Z,
194.187.176.102,ipv4,malicious-ip,medium,WHITE,ziyadnz/hourly-ipv4,ziyadnz|hourly,2026-08-17T18:48:05Z,2026-08-17T18:48:05Z,
194.187.176.103,ipv4,malicious-ip,medium,WHITE,ziyadnz/hourly-ipv4,ziyadnz|hourly,2026-08-17T18:48:05Z,2026-08-17T18:48:05Z,
194.187.176.104,ipv4,malicious-ip,medium,WHITE,ziyadnz/hourly-ipv4,ziyadnz|hourly,2026-08-17T18:48:05Z,2026-08-17T18:48:05Z,
194.187.176.105,ipv4,malicious-ip,medium,WHITE,ziyadnz/hourly-ipv4,ziyadnz|hourly,2026-08-17T18:48:05Z,2026-08-17T18:48:05Z,
194.187.176.106,ipv4,malicious-ip,medium,WHITE,ziyadnz/hourly-ipv4,ziyadnz|hourly,2026-08-17T18:48:05Z,2026-08-17T18:48:05Z,
194.187.176.109,ipv4,malicious-ip,medium,WHITE,ziyadnz/hourly-ipv4,ziyadnz|hourly,2026-08-17T18:48:05Z,2026-08-17T18:48:05Z,
194.187.176.11,ipv4,malicious-ip,medium,WHITE,ziyadnz/hourly-ipv4,ziyadnz|hourly,2026-08-17T18:48:05Z,2026-08-17T18:48:05Z,
194.187.176.110,ipv4,malicious-ip,medium,WHITE,ziyadnz/hourly-ipv4,ziyadnz|hourly,2026-08-17T18:48:05Z,2026-08-17T18:48:05Z,
194.187.176.111,ipv4,malicious-ip,medium,WHITE,ziyadnz/hourly-ipv4,ziyadnz|hourly,2026-08-17T18:48:05Z,2026-08-17T18:48:05Z,
194.187.176.112,ipv4,malicious-ip,medium,WHITE,ziyadnz/hourly-ipv4,ziyadnz|hourly,2026-08-17T18:48:05Z,2026-08-17T18:48:05Z,
194.187.176.113,ipv4,malicious-ip,medium,WHITE,ziyadnz/hourly-ipv4,ziyadnz|hourly,2026-08-17T18:48:05Z,2026-08-17T18:48:05Z,
194.187.176.114,ipv4,malicious-ip,medium,WHITE,ziyadnz/hourly-ipv4,ziyadnz|hourly,2026-08-17T18:48:05Z,2026-08-17T18:48:05Z,
194.187.176.115,ipv4,malicious-ip,medium,WHITE,ziyadnz/hourly-ipv4,ziyadnz|hourly,2026-08-17T18:48:05Z,2026-08-17T18:48:05Z,
194.187.176.116,ipv4,malicious-ip,medium,WHITE,ziyadnz/hourly-ipv4,ziyadnz|hourly,2026-08-17T18:48:05Z,2026-08-17T18:48:05Z,
194.187.176.117,ipv4,malicious-ip,medium,WHITE,ziyadnz/hourly-ipv4,ziyadnz|hourly,2026-08-17T18:48:05Z,2026-08-17T18:48:05Z,
194.187.176.118,ipv4,malicious-ip,medium,WHITE,ziyadnz/hourly-ipv4,ziyadnz|hourly,2026-08-17T18:48:05Z,2026-08-17T18:48:05Z,
194.187.176.119,ipv4,malicious-ip,medium,WHITE,ziyadnz/hourly-ipv4,ziyadnz|hourly,2026-08-17T18:48:05Z,2026-08-17T18:48:05Z,
194.187.176.12,ipv4,malicious-ip,medium,WHITE,ziyadnz/hourly-ipv4,ziyadnz|hourly,2026-08-17T18:48:05Z,2026-08-17T18:48:05Z,
194.187.176.120,ipv4,malicious-ip,medium,WHITE,ziyadnz/hourly-ipv4,ziyadnz|hourly,2026-08-17T18:48:05Z,2026-08-17T18:48:05Z,
194.187.176.121,ipv4,malicious-ip,medium,WHITE,ziyadnz/hourly-ipv4,ziyadnz|hourly,2026-08-17T18:48:05Z,2026-08-17T18:48:05Z,
194.187.176.122,ipv4,malicious-ip,medium,WHITE,ziyadnz/hourly-ipv4,ziyadnz|hourly,2026-08-17T18:48:05Z,2026-08-17T18:48:05Z,
194.187.176.123,ipv4,malicious-ip,medium,WHITE,ziyadnz/hourly-ipv4,ziyadnz|hourly,2026-08-17T18:48:05Z,2026-08-17T18:48:05Z,
194.187.176.124,ipv4,malicious-ip,medium,WHITE,ziyadnz/hourly-ipv4,ziyadnz|hourly,2026-08-17T18:48:05Z,2026-08-17T18:48:05Z,
194.187.176.125,ipv4,malicious-ip,medium,WHITE,ziyadnz/hourly-ipv4,ziyadnz|hourly,2026-08-17T18:48:05Z,2026-08-17T18:48:05Z,
194.187.176.126,ipv4,malicious-ip,medium,WHITE,ziyadnz/hourly-ipv4,ziyadnz|hourly,2026-08-17T18:48:05Z,2026-08-17T18:48:05Z,
194.187.176.128,ipv4,malicious-ip,medium,WHITE,ziyadnz/hourly-ipv4,ziyadnz|hourly,2026-08-17T18:48:05Z,2026-08-17T18:48:05Z,
194.187.176.129,ipv4,malicious-ip,medium,WHITE,ziyadnz/hourly-ipv4,ziyadnz|hourly,2026-08-17T18:48:05Z,2026-08-17T18:48:05Z,
194.187.176.13,ipv4,malicious-ip,medium,WHITE,ziyadnz/hourly-ipv4,ziyadnz|hourly,2026-08-17T18:48:05Z,2026-08-17T18:48:05Z,
194.187.176.130,ipv4,malicious-ip,medium,WHITE,ziyadnz/hourly-ipv4,ziyadnz|hourly,2026-08-17T18:48:05Z,2026-08-17T18:48:05Z,
194.187.176.131,ipv4,malicious-ip,medium,WHITE,ziyadnz/hourly-ipv4,ziyadnz|hourly,2026-08-17T18:48:05Z,2026-08-17T18:48:05Z,
194.187.176.132,ipv4,malicious-ip,medium,WHITE,ziyadnz/hourly-ipv4,ziyadnz|hourly,2026-08-17T18:48:05Z,2026-08-17T18:48:05Z,
194.187.176.133,ipv4,malicious-ip,medium,WHITE,ziyadnz/hourly-ipv4,ziyadnz|hourly,2026-08-17T18:48:05Z,2026-08-17T18:48:05Z,
194.187.176.134,ipv4,malicious-ip,medium,WHITE,ziyadnz/hourly-ipv4,ziyadnz|hourly,2026-08-17T18:48:05Z,2026-08-17T18:48:05Z,
194.187.176.135,ipv4,malicious-ip,medium,WHITE,ziyadnz/hourly-ipv4,ziyadnz|hourly,2026-08-17T18:48:05Z,2026-08-17T18:48:05Z,
194.187.176.136,ipv4,malicious-ip,medium,WHITE,ziyadnz/hourly-ipv4,ziyadnz|hourly,2026-08-17T18:48:05Z,2026-08-17T18:48:05Z,
194.187.176.137,ipv4,malicious-ip,medium,WHITE,ziyadnz/hourly-ipv4,ziyadnz|hourly,2026-08-17T18:48:05Z,2026-08-17T18:48:05Z,
194.187.176.138,ipv4,malicious-ip,medium,WHITE,ziyadnz/hourly-ipv4,ziyadnz|hourly,2026-08-17T18:48:05Z,2026-08-17T18:48:05Z,
194.187.176.139,ipv4,malicious-ip,medium,WHITE,ziyadnz/hourly-ipv4,ziyadnz|hourly,2026-08-17T18:48:05Z,2026-08-17T18:48:05Z,
194.187.176.14,ipv4,malicious-ip,medium,WHITE,ziyadnz/hourly-ipv4,ziyadnz|hourly,2026-08-17T18:48:05Z,2026-08-17T18:48:05Z,
194.187.176.140,ipv4,malicious-ip,medium,WHITE,ziyadnz/hourly-ipv4,ziyadnz|hourly,2026-08-17T18:48:05Z,2026-08-17T18:48:05Z,
194.187.176.141,ipv4,malicious-ip,medium,WHITE,ziyadnz/hourly-ipv4,ziyadnz|hourly,2026-08-17T18:48:05Z,2026-08-17T18:48:05Z,
194.187.176.142,ipv4,malicious-ip,medium,WHITE,ziyadnz/hourly-ipv4,ziyadnz|hourly,2026-08-17T18:48:05Z,2026-08-17T18:48:05Z,
194.187.176.143,ipv4,malicious-ip,medium,WHITE,ziyadnz/hourly-ipv4,ziyadnz|hourly,2026-08-17T18:48:05Z,2026-08-17T18:48:05Z,
194.187.176.144,ipv4,malicious-ip,medium,WHITE,ziyadnz/hourly-ipv4,ziyadnz|hourly,2026-08-17T18:48:05Z,2026-08-17T18:48:05Z,
194.187.176.145,ipv4,malicious-ip,medium,WHITE,ziyadnz/hourly-ipv4,ziyadnz|hourly,2026-08-17T18:48:05Z,2026-08-17T18:48:05Z,
194.187.176.146,ipv4,malicious-ip,medium,WHITE,ziyadnz/hourly-ipv4,ziyadnz|hourly,2026-08-17T18:48:05Z,2026-08-17T18:48:05Z,
194.187.176.147,ipv4,malicious-ip,medium,WHITE,ziyadnz/hourly-ipv4,ziyadnz|hourly,2026-08-17T18:48:05Z,2026-08-17T18:48:05Z,
194.187.176.148,ipv4,malicious-ip,medium,WHITE,ziyadnz/hourly-ipv4,ziyadnz|hourly,2026-08-17T18:48:05Z,2026-08-17T18:48:05Z,
194.187.176.149,ipv4,malicious-ip,medium,WHITE,ziyadnz/hourly-ipv4,ziyadnz|hourly,2026-08-17T18:48:05Z,2026-08-17T18:48:05Z,
194.187.176.15,ipv4,malicious-ip,medium,WHITE,ziyadnz/hourly-ipv4,ziyadnz|hourly,2026-08-17T18:48:05Z,2026-08-17T18:48:05Z,
194.187.176.150,ipv4,malicious-ip,medium,WHITE,ziyadnz/hourly-ipv4,ziyadnz|hourly,2026-08-17T18:48:05Z,2026-08-17T18:48:05Z,
194.187.176.151,ipv4,malicious-ip,medium,WHITE,ziyadnz/hourly-ipv4,ziyadnz|hourly,2026-08-17T18:48:05Z,2026-08-17T18:48:05Z,
194.187.176.152,ipv4,malicious-ip,medium,WHITE,ziyadnz/hourly-ipv4,ziyadnz|hourly,2026-08-17T18:48:05Z,2026-08-17T18:48:05Z,
194.187.176.153,ipv4,malicious-ip,medium,WHITE,ziyadnz/hourly-ipv4,ziyadnz|hourly,2026-08-17T18:48:05Z,2026-08-17T18:48:05Z,
194.187.176.154,ipv4,malicious-ip,medium,WHITE,ziyadnz/hourly-ipv4,ziyadnz|hourly,2026-08-17T18:48:05Z,2026-08-17T18:48:05Z,
194.187.176.155,ipv4,malicious-ip,medium,WHITE,ziyadnz/hourly-ipv4,ziyadnz|hourly,2026-08-17T18:48:05Z,2026-08-17T18:48:05Z,
194.187.176.156,ipv4,malicious-ip,medium,WHITE,ziyadnz/hourly-ipv4,ziyadnz|hourly,2026-08-17T18:48:05Z,2026-08-17T18:48:05Z,
194.187.176.157,ipv4,malicious-ip,medium,WHITE,ziyadnz/hourly-ipv4,ziyadnz|hourly,2026-08-17T18:48:05Z,2026-08-17T18:48:05Z,
194.187.176.158,ipv4,malicious-ip,medium,WHITE,ziyadnz/hourly-ipv4,ziyadnz|hourly,2026-08-17T18:48:05Z,2026-08-17T18:48:05Z,
194.187.176.159,ipv4,malicious-ip,medium,WHITE,ziyadnz/hourly-ipv4,ziyadnz|hourly,2026-08-17T18:48:05Z,2026-08-17T18:48:05Z,
194.187.176.16,ipv4,malicious-ip,medium,WHITE,ziyadnz/hourly-ipv4,ziyadnz|hourly,2026-08-17T18:48:05Z,2026-08-17T18:48:05Z,
194.187.176.160,ipv4,malicious-ip,medium,WHITE,ziyadnz/hourly-ipv4,ziyadnz|hourly,2026-08-17T18:48:05Z,2026-08-17T18:48:05Z,
194.187.176.161,ipv4,malicious-ip,medium,WHITE,ziyadnz/hourly-ipv4,ziyadnz|hourly,2026-08-17T18:48:05Z,2026-08-17T18:48:05Z,
194.187.176.162,ipv4,malicious-ip,medium,WHITE,ziyadnz/hourly-ipv4,ziyadnz|hourly,2026-08-17T18:48:05Z,2026-08-17T18:48:05Z,
194.187.176.163,ipv4,malicious-ip,medium,WHITE,ziyadnz/hourly-ipv4,ziyadnz|hourly,2026-08-17T18:48:05Z,2026-08-17T18:48:05Z,
194.187.176.164,ipv4,malicious-ip,medium,WHITE,ziyadnz/hourly-ipv4,ziyadnz|hourly,2026-08-17T18:48:05Z,2026-08-17T18:48:05Z,
194.187.176.165,ipv4,malicious-ip,medium,WHITE,ziyadnz/hourly-ipv4,ziyadnz|hourly,2026-08-17T18:48:05Z,2026-08-17T18:48:05Z,
194.187.176.166,ipv4,malicious-ip,medium,WHITE,ziyadnz/hourly-ipv4,ziyadnz|hourly,2026-08-17T18:48:05Z,2026-08-17T18:48:05Z,
194.187.176.167,ipv4,malicious-ip,medium,WHITE,ziyadnz/hourly-ipv4,ziyadnz|hourly,2026-08-17T18:48:05Z,2026-08-17T18:48:05Z,
194.187.176.168,ipv4,malicious-ip,medium,WHITE,ziyadnz/hourly-ipv4,ziyadnz|hourly,2026-08-17T18:48:05Z,2026-08-17T18:48:05Z,
194.187.176.169,ipv4,malicious-ip,medium,WHITE,ziyadnz/hourly-ipv4,ziyadnz|hourly,2026-08-17T18:48:05Z,2026-08-17T18:48:05Z,
194.187.176.17,ipv4,malicious-ip,medium,WHITE,ziyadnz/hourly-ipv4,ziyadnz|hourly,2026-08-17T18:48:05Z,2026-08-17T18:48:05Z,
194.187.176.170,ipv4,malicious-ip,medium,WHITE,ziyadnz/hourly-ipv4,ziyadnz|hourly,2026-08-17T18:48:05Z,2026-08-17T18:48:05Z,
194.187.176.171,ipv4,malicious-ip,medium,WHITE,ziyadnz/hourly-ipv4,ziyadnz|hourly,2026-08-17T18:48:05Z,2026-08-17T18:48:05Z,
194.187.176.172,ipv4,malicious-ip,medium,WHITE,ziyadnz/hourly-ipv4,ziyadnz|hourly,2026-08-17T18:48:05Z,2026-08-17T18:48:05Z,
194.187.176.173,ipv4,malicious-ip,medium,WHITE,ziyadnz/hourly-ipv4,ziyadnz|hourly,2026-08-17T18:48:05Z,2026-08-17T18:48:05Z,
194.187.176.174,ipv4,malicious-ip,medium,WHITE,ziyadnz/hourly-ipv4,ziyadnz|hourly,2026-08-17T18:48:05Z,2026-08-17T18:48:05Z,
194.187.176.175,ipv4,malicious-ip,medium,WHITE,ziyadnz/hourly-ipv4,ziyadnz|hourly,2026-08-17T18:48:05Z,2026-08-17T18:48:05Z,
194.187.176.176,ipv4,malicious-ip,medium,WHITE,ziyadnz/hourly-ipv4,ziyadnz|hourly,2026-08-17T18:48:05Z,2026-08-17T18:48:05Z,
194.187.176.177,ipv4,malicious-ip,medium,WHITE,ziyadnz/hourly-ipv4,ziyadnz|hourly,2026-08-17T18:48:05Z,2026-08-17T18:48:05Z,
194.187.176.178,ipv4,malicious-ip,medium,WHITE,ziyadnz/hourly-ipv4,ziyadnz|hourly,2026-08-17T18:48:05Z,2026-08-17T18:48:05Z,
194.187.176.179,ipv4,malicious-ip,medium,WHITE,ziyadnz/hourly-ipv4,ziyadnz|hourly,2026-08-17T18:48:05Z,2026-08-17T18:48:05Z,
194.187.176.18,ipv4,malicious-ip,medium,WHITE,ziyadnz/hourly-ipv4,ziyadnz|hourly,2026-08-17T18:48:05Z,2026-08-17T18:48:05Z,
194.187.176.180,ipv4,malicious-ip,medium,WHITE,ziyadnz/hourly-ipv4,ziyadnz|hourly,2026-08-17T18:48:05Z,2026-08-17T18:48:05Z,
194.187.176.181,ipv4,malicious-ip,medium,WHITE,ziyadnz/hourly-ipv4,ziyadnz|hourly,2026-08-17T18:48:05Z,2026-08-17T18:48:05Z,
194.187.176.182,ipv4,malicious-ip,medium,WHITE,ziyadnz/hourly-ipv4,ziyadnz|hourly,2026-08-17T18:48:05Z,2026-08-17T18:48:05Z,
194.187.176.183,ipv4,malicious-ip,medium,WHITE,ziyadnz/hourly-ipv4,ziyadnz|hourly,2026-08-17T18:48:05Z,2026-08-17T18:48:05Z,
194.187.176.184,ipv4,malicious-ip,medium,WHITE,ziyadnz/hourly-ipv4,ziyadnz|hourly,2026-08-17T18:48:05Z,2026-08-17T18:48:05Z,
194.187.176.185,ipv4,malicious-ip,medium,WHITE,ziyadnz/hourly-ipv4,ziyadnz|hourly,2026-08-17T18:48:05Z,2026-08-17T18:48:05Z,
194.187.176.186,ipv4,malicious-ip,medium,WHITE,ziyadnz/hourly-ipv4,ziyadnz|hourly,2026-08-17T18:48:05Z,2026-08-17T18:48:05Z,
194.187.176.187,ipv4,malicious-ip,medium,WHITE,ziyadnz/hourly-ipv4,ziyadnz|hourly,2026-08-17T18:48:05Z,2026-08-17T18:48:05Z,
194.187.176.188,ipv4,malicious-ip,medium,WHITE,ziyadnz/hourly-ipv4,ziyadnz|hourly,2026-08-17T18:48:05Z,2026-08-17T18:48:05Z,
194.187.176.189,ipv4,malicious-ip,medium,WHITE,ziyadnz/hourly-ipv4,ziyadnz|hourly,2026-08-17T18:48:05Z,2026-08-17T18:48:05Z,
194.187.176.19,ipv4,malicious-ip,medium,WHITE,ziyadnz/hourly-ipv4,ziyadnz|hourly,2026-08-17T18:48:05Z,2026-08-17T18:48:05Z,
194.187.176.190,ipv4,malicious-ip,medium,WHITE,ziyadnz/hourly-ipv4,ziyadnz|hourly,2026-08-17T18:48:05Z,2026-08-17T18:48:05Z,
194.187.176.191,ipv4,malicious-ip,medium,WHITE,ziyadnz/hourly-ipv4,ziyadnz|hourly,2026-08-17T18:48:05Z,2026-08-17T18:48:05Z,
194.187.176.192,ipv4,malicious-ip,medium,WHITE,ziyadnz/hourly-ipv4,ziyadnz|hourly,2026-08-17T18:48:05Z,2026-08-17T18:48:05Z,
194.187.176.193,ipv4,malicious-ip,medium,WHITE,ziyadnz/hourly-ipv4,ziyadnz|hourly,2026-08-17T18:48:05Z,2026-08-17T18:48:05Z,
194.187.176.194,ipv4,malicious-ip,medium,WHITE,ziyadnz/hourly-ipv4,ziyadnz|hourly,2026-08-17T18:48:05Z,2026-08-17T18:48:05Z,
194.187.176.195,ipv4,malicious-ip,medium,WHITE,ziyadnz/hourly-ipv4,ziyadnz|hourly,2026-08-17T18:48:05Z,2026-08-17T18:48:05Z,
194.187.176.196,ipv4,malicious-ip,medium,WHITE,ziyadnz/hourly-ipv4,ziyadnz|hourly,2026-08-17T18:48:05Z,2026-08-17T18:48:05Z,
194.187.176.197,ipv4,malicious-ip,medium,WHITE,ziyadnz/hourly-ipv4,ziyadnz|hourly,2026-08-17T18:48:05Z,2026-08-17T18:48:05Z,
194.187.176.198,ipv4,malicious-ip,medium,WHITE,ziyadnz/hourly-ipv4,ziyadnz|hourly,2026-08-17T18:48:05Z,2026-08-17T18:48:05Z,
194.187.176.199,ipv4,malicious-ip,medium,WHITE,ziyadnz/hourly-ipv4,ziyadnz|hourly,2026-08-17T18:48:05Z,2026-08-17T18:48:05Z,
194.187.176.2,ipv4,malicious-ip,medium,WHITE,ziyadnz/hourly-ipv4,ziyadnz|hourly,2026-08-17T18:48:05Z,2026-08-17T18:48:05Z,
194.187.176.20,ipv4,malicious-ip,medium,WHITE,ziyadnz/hourly-ipv4,ziyadnz|hourly,2026-08-17T18:48:05Z,2026-08-17T18:48:05Z,
194.187.176.200,ipv4,malicious-ip,medium,WHITE,ziyadnz/hourly-ipv4,ziyadnz|hourly,2026-08-17T18:48:05Z,2026-08-17T18:48:05Z,
194.187.176.201,ipv4,malicious-ip,medium,WHITE,ziyadnz/hourly-ipv4,ziyadnz|hourly,2026-08-17T18:48:05Z,2026-08-17T18:48:05Z,
194.187.176.202,ipv4,malicious-ip,medium,WHITE,ziyadnz/hourly-ipv4,ziyadnz|hourly,2026-08-17T18:48:05Z,2026-08-17T18:48:05Z,
194.187.176.203,ipv4,malicious-ip,medium,WHITE,ziyadnz/hourly-ipv4,ziyadnz|hourly,2026-08-17T18:48:05Z,2026-08-17T18:48:05Z,
194.187.176.204,ipv4,malicious-ip,medium,WHITE,ziyadnz/hourly-ipv4,ziyadnz|hourly,2026-08-17T18:48:05Z,2026-08-17T18:48:05Z,
194.187.176.205,ipv4,malicious-ip,medium,WHITE,ziyadnz/hourly-ipv4,ziyadnz|hourly,2026-08-17T18:48:05Z,2026-08-17T18:48:05Z,
194.187.176.206,ipv4,malicious-ip,medium,WHITE,ziyadnz/hourly-ipv4,ziyadnz|hourly,2026-08-17T18:48:05Z,2026-08-17T18:48:05Z,
194.187.176.207,ipv4,malicious-ip,medium,WHITE,ziyadnz/hourly-ipv4,ziyadnz|hourly,2026-08-17T18:48:05Z,2026-08-17T18:48:05Z,
194.187.176.208,ipv4,malicious-ip,medium,WHITE,ziyadnz/hourly-ipv4,ziyadnz|hourly,2026-08-17T18:48:05Z,2026-08-17T18:48:05Z,
194.187.176.209,ipv4,malicious-ip,medium,WHITE,ziyadnz/hourly-ipv4,ziyadnz|hourly,2026-08-17T18:48:05Z,2026-08-17T18:48:05Z,
194.187.176.21,ipv4,malicious-ip,medium,WHITE,ziyadnz/hourly-ipv4,ziyadnz|hourly,2026-08-17T18:48:05Z,2026-08-17T18:48:05Z,
194.187.176.210,ipv4,malicious-ip,medium,WHITE,ziyadnz/hourly-ipv4,ziyadnz|hourly,2026-08-17T18:48:05Z,2026-08-17T18:48:05Z,
194.187.176.211,ipv4,malicious-ip,medium,WHITE,ziyadnz/hourly-ipv4,ziyadnz|hourly,2026-08-17T18:48:05Z,2026-08-17T18:48:05Z,
194.187.176.212,ipv4,malicious-ip,medium,WHITE,ziyadnz/hourly-ipv4,ziyadnz|hourly,2026-08-17T18:48:05Z,2026-08-17T18:48:05Z,
194.187.176.213,ipv4,malicious-ip,medium,WHITE,ziyadnz/hourly-ipv4,ziyadnz|hourly,2026-08-17T18:48:05Z,2026-08-17T18:48:05Z,
194.187.176.214,ipv4,malicious-ip,medium,WHITE,ziyadnz/hourly-ipv4,ziyadnz|hourly,2026-08-17T18:48:05Z,2026-08-17T18:48:05Z,
194.187.176.215,ipv4,malicious-ip,medium,WHITE,ziyadnz/hourly-ipv4,ziyadnz|hourly,2026-08-17T18:48:05Z,2026-08-17T18:48:05Z,
194.187.176.216,ipv4,malicious-ip,medium,WHITE,ziyadnz/hourly-ipv4,ziyadnz|hourly,2026-08-17T18:48:05Z,2026-08-17T18:48:05Z,
194.187.176.217,ipv4,malicious-ip,medium,WHITE,ziyadnz/hourly-ipv4,ziyadnz|hourly,2026-08-17T18:48:05Z,2026-08-17T18:48:05Z,
194.187.176.218,ipv4,malicious-ip,medium,WHITE,ziyadnz/hourly-ipv4,ziyadnz|hourly,2026-08-17T18:48:05Z,2026-08-17T18:48:05Z,
194.187.176.219,ipv4,malicious-ip,medium,WHITE,ziyadnz/hourly-ipv4,ziyadnz|hourly,2026-08-17T18:48:05Z,2026-08-17T18:48:05Z,
194.187.176.22,ipv4,malicious-ip,medium,WHITE,ziyadnz/hourly-ipv4,ziyadnz|hourly,2026-08-17T18:48:05Z,2026-08-17T18:48:05Z,
194.187.176.220,ipv4,malicious-ip,medium,WHITE,ziyadnz/hourly-ipv4,ziyadnz|hourly,2026-08-17T18:48:05Z,2026-08-17T18:48:05Z,
194.187.176.221,ipv4,malicious-ip,medium,WHITE,ziyadnz/hourly-ipv4,ziyadnz|hourly,2026-08-17T18:48:05Z,2026-08-17T18:48:05Z,
194.187.176.222,ipv4,malicious-ip,medium,WHITE,ziyadnz/hourly-ipv4,ziyadnz|hourly,2026-08-17T18:48:05Z,2026-08-17T18:48:05Z,
194.187.176.223,ipv4,malicious-ip,medium,WHITE,ziyadnz/hourly-ipv4,ziyadnz|hourly,2026-08-17T18:48:05Z,2026-08-17T18:48:05Z,
194.187.176.224,ipv4,malicious-ip,medium,WHITE,ziyadnz/hourly-ipv4,ziyadnz|hourly,2026-08-17T18:48:05Z,2026-08-17T18:48:05Z,
194.187.176.225,ipv4,malicious-ip,medium,WHITE,ziyadnz/hourly-ipv4,ziyadnz|hourly,2026-08-17T18:48:05Z,2026-08-17T18:48:05Z,
194.187.176.226,ipv4,malicious-ip,medium,WHITE,ziyadnz/hourly-ipv4,ziyadnz|hourly,2026-08-17T18:48:05Z,2026-08-17T18:48:05Z,
194.187.176.227,ipv4,malicious-ip,medium,WHITE,ziyadnz/hourly-ipv4,ziyadnz|hourly,2026-08-17T18:48:05Z,2026-08-17T18:48:05Z,
194.187.176.228,ipv4,malicious-ip,medium,WHITE,ziyadnz/hourly-ipv4,ziyadnz|hourly,2026-08-17T18:48:05Z,2026-08-17T18:48:05Z,
194.187.176.229,ipv4,malicious-ip,medium,WHITE,ziyadnz/hourly-ipv4,ziyadnz|hourly,2026-08-17T18:48:05Z,2026-08-17T18:48:05Z,
194.187.176.23,ipv4,malicious-ip,medium,WHITE,ziyadnz/hourly-ipv4,ziyadnz|hourly,2026-08-17T18:48:05Z,2026-08-17T18:48:05Z,
194.187.176.231,ipv4,malicious-ip,medium,WHITE,ziyadnz/hourly-ipv4,ziyadnz|hourly,2026-08-17T18:48:05Z,2026-08-17T18:48:05Z,
194.187.176.232,ipv4,malicious-ip,medium,WHITE,ziyadnz/hourly-ipv4,ziyadnz|hourly,2026-08-17T18:48:05Z,2026-08-17T18:48:05Z,
194.187.176.233,ipv4,malicious-ip,medium,WHITE,ziyadnz/hourly-ipv4,ziyadnz|hourly,2026-08-17T18:48:05Z,2026-08-17T18:48:05Z,
194.187.176.234,ipv4,malicious-ip,medium,WHITE,ziyadnz/hourly-ipv4,ziyadnz|hourly,2026-08-17T18:48:05Z,2026-08-17T18:48:05Z,
194.187.176.235,ipv4,malicious-ip,medium,WHITE,ziyadnz/hourly-ipv4,ziyadnz|hourly,2026-08-17T18:48:05Z,2026-08-17T18:48:05Z,
194.187.176.236,ipv4,malicious-ip,medium,WHITE,ziyadnz/hourly-ipv4,ziyadnz|hourly,2026-08-17T18:48:05Z,2026-08-17T18:48:05Z,
194.187.176.237,ipv4,malicious-ip,medium,WHITE,ziyadnz/hourly-ipv4,ziyadnz|hourly,2026-08-17T18:48:05Z,2026-08-17T18:48:05Z,
194.187.176.238,ipv4,malicious-ip,medium,WHITE,ziyadnz/hourly-ipv4,ziyadnz|hourly,2026-08-17T18:48:05Z,2026-08-17T18:48:05Z,
194.187.176.239,ipv4,malicious-ip,medium,WHITE,ziyadnz/hourly-ipv4,ziyadnz|hourly,2026-08-17T18:48:05Z,2026-08-17T18:48:05Z,
194.187.176.24,ipv4,malicious-ip,medium,WHITE,ziyadnz/hourly-ipv4,ziyadnz|hourly,2026-08-17T18:48:05Z,2026-08-17T18:48:05Z,
194.187.176.240,ipv4,malicious-ip,medium,WHITE,ziyadnz/hourly-ipv4,ziyadnz|hourly,2026-08-17T18:48:05Z,2026-08-17T18:48:05Z,
194.187.176.241,ipv4,malicious-ip,medium,WHITE,ziyadnz/hourly-ipv4,ziyadnz|hourly,2026-08-17T18:48:05Z,2026-08-17T18:48:05Z,
194.187.176.242,ipv4,malicious-ip,medium,WHITE,ziyadnz/hourly-ipv4,ziyadnz|hourly,2026-08-17T18:48:05Z,2026-08-17T18:48:05Z,
194.187.176.243,ipv4,malicious-ip,medium,WHITE,ziyadnz/hourly-ipv4,ziyadnz|hourly,2026-08-17T18:48:05Z,2026-08-17T18:48:05Z,
194.187.176.244,ipv4,malicious-ip,medium,WHITE,ziyadnz/hourly-ipv4,ziyadnz|hourly,2026-08-17T18:48:05Z,2026-08-17T18:48:05Z,
194.187.176.246,ipv4,malicious-ip,medium,WHITE,ziyadnz/hourly-ipv4,ziyadnz|hourly,2026-08-17T18:48:05Z,2026-08-17T18:48:05Z,
194.187.176.247,ipv4,malicious-ip,medium,WHITE,ziyadnz/hourly-ipv4,ziyadnz|hourly,2026-08-17T18:48:05Z,2026-08-17T18:48:05Z,
194.187.176.248,ipv4,malicious-ip,medium,WHITE,ziyadnz/hourly-ipv4,ziyadnz|hourly,2026-08-17T18:48:05Z,2026-08-17T18:48:05Z,
194.187.176.249,ipv4,malicious-ip,medium,WHITE,ziyadnz/hourly-ipv4,ziyadnz|hourly,2026-08-17T18:48:05Z,2026-08-17T18:48:05Z,
194.187.176.25,ipv4,malicious-ip,medium,WHITE,ziyadnz/hourly-ipv4,ziyadnz|hourly,2026-08-17T18:48:05Z,2026-08-17T18:48:05Z,
194.187.176.250,ipv4,malicious-ip,medium,WHITE,ziyadnz/hourly-ipv4,ziyadnz|hourly,2026-08-17T18:48:05Z,2026-08-17T18:48:05Z,
194.187.176.251,ipv4,malicious-ip,medium,WHITE,ziyadnz/hourly-ipv4,ziyadnz|hourly,2026-08-17T18:48:05Z,2026-08-17T18:48:05Z,
194.187.176.252,ipv4,malicious-ip,medium,WHITE,ziyadnz/hourly-ipv4,ziyadnz|hourly,2026-08-17T18:48:05Z,2026-08-17T18:48:05Z,
194.187.176.253,ipv4,malicious-ip,medium,WHITE,ziyadnz/hourly-ipv4,ziyadnz|hourly,2026-08-17T18:48:05Z,2026-08-17T18:48:05Z,
194.187.176.254,ipv4,malicious-ip,medium,WHITE,ziyadnz/hourly-ipv4,ziyadnz|hourly,2026-08-17T18:48:05Z,2026-08-17T18:48:05Z,
194.187.176.26,ipv4,malicious-ip,medium,WHITE,ziyadnz/hourly-ipv4,ziyadnz|hourly,2026-08-17T18:48:05Z,2026-08-17T18:48:05Z,
194.187.176.27,ipv4,malicious-ip,medium,WHITE,ziyadnz/hourly-ipv4,ziyadnz|hourly,2026-08-17T18:48:05Z,2026-08-17T18:48:05Z,
194.187.176.28,ipv4,malicious-ip,medium,WHITE,ziyadnz/hourly-ipv4,ziyadnz|hourly,2026-08-17T18:48:05Z,2026-08-17T18:48:05Z,
194.187.176.29,ipv4,malicious-ip,medium,WHITE,ziyadnz/hourly-ipv4,ziyadnz|hourly,2026-08-17T18:48:05Z,2026-08-17T18:48:05Z,
194.187.176.3,ipv4,malicious-ip,medium,WHITE,ziyadnz/hourly-ipv4,ziyadnz|hourly,2026-08-17T18:48:05Z,2026-08-17T18:48:05Z,
194.187.176.30,ipv4,malicious-ip,medium,WHITE,ziyadnz/hourly-ipv4,ziyadnz|hourly,2026-08-17T18:48:05Z,2026-08-17T18:48:05Z,
194.187.176.31,ipv4,malicious-ip,medium,WHITE,ziyadnz/hourly-ipv4,ziyadnz|hourly,2026-08-17T18:48:05Z,2026-08-17T18:48:05Z,
194.187.176.32,ipv4,malicious-ip,medium,WHITE,ziyadnz/hourly-ipv4,ziyadnz|hourly,2026-08-17T18:48:05Z,2026-08-17T18:48:05Z,
194.187.176.33,ipv4,malicious-ip,medium,WHITE,ziyadnz/hourly-ipv4,ziyadnz|hourly,2026-08-17T18:48:05Z,2026-08-17T18:48:05Z,
194.187.176.34,ipv4,malicious-ip,medium,WHITE,ziyadnz/hourly-ipv4,ziyadnz|hourly,2026-08-17T18:48:05Z,2026-08-17T18:48:05Z,
194.187.176.35,ipv4,malicious-ip,medium,WHITE,ziyadnz/hourly-ipv4,ziyadnz|hourly,2026-08-17T18:48:05Z,2026-08-17T18:48:05Z,
194.187.176.36,ipv4,malicious-ip,medium,WHITE,ziyadnz/hourly-ipv4,ziyadnz|hourly,2026-08-17T18:48:05Z,2026-08-17T18:48:05Z,
194.187.176.37,ipv4,malicious-ip,medium,WHITE,ziyadnz/hourly-ipv4,ziyadnz|hourly,2026-08-17T18:48:05Z,2026-08-17T18:48:05Z,
194.187.176.38,ipv4,malicious-ip,medium,WHITE,ziyadnz/hourly-ipv4,ziyadnz|hourly,2026-08-17T18:48:05Z,2026-08-17T18:48:05Z,
194.187.176.39,ipv4,malicious-ip,medium,WHITE,ziyadnz/hourly-ipv4,ziyadnz|hourly,2026-08-17T18:48:05Z,2026-08-17T18:48:05Z,
194.187.176.4,ipv4,malicious-ip,medium,WHITE,ziyadnz/hourly-ipv4,ziyadnz|hourly,2026-08-17T18:48:05Z,2026-08-17T18:48:05Z,
194.187.176.40,ipv4,malicious-ip,medium,WHITE,ziyadnz/hourly-ipv4,ziyadnz|hourly,2026-08-17T18:48:05Z,2026-08-17T18:48:05Z,
194.187.176.41,ipv4,malicious-ip,medium,WHITE,ziyadnz/hourly-ipv4,ziyadnz|hourly,2026-08-17T18:48:05Z,2026-08-17T18:48:05Z,
194.187.176.42,ipv4,malicious-ip,medium,WHITE,ziyadnz/hourly-ipv4,ziyadnz|hourly,2026-08-17T18:48:05Z,2026-08-17T18:48:05Z,
194.187.176.43,ipv4,malicious-ip,medium,WHITE,ziyadnz/hourly-ipv4,ziyadnz|hourly,2026-08-17T18:48:05Z,2026-08-17T18:48:05Z,
194.187.176.44,ipv4,malicious-ip,medium,WHITE,ziyadnz/hourly-ipv4,ziyadnz|hourly,2026-08-17T18:48:05Z,2026-08-17T18:48:05Z,
194.187.176.45,ipv4,malicious-ip,medium,WHITE,ziyadnz/hourly-ipv4,ziyadnz|hourly,2026-08-17T18:48:05Z,2026-08-17T18:48:05Z,
194.187.176.46,ipv4,malicious-ip,medium,WHITE,ziyadnz/hourly-ipv4,ziyadnz|hourly,2026-08-17T18:48:05Z,2026-08-17T18:48:05Z,
194.187.176.47,ipv4,malicious-ip,medium,WHITE,ziyadnz/hourly-ipv4,ziyadnz|hourly,2026-08-17T18:48:05Z,2026-08-17T18:48:05Z,
194.187.176.48,ipv4,malicious-ip,medium,WHITE,ziyadnz/hourly-ipv4,ziyadnz|hourly,2026-08-17T18:48:05Z,2026-08-17T18:48:05Z,
194.187.176.49,ipv4,malicious-ip,medium,WHITE,ziyadnz/hourly-ipv4,ziyadnz|hourly,2026-08-17T18:48:05Z,2026-08-17T18:48:05Z,
194.187.176.5,ipv4,malicious-ip,medium,WHITE,ziyadnz/hourly-ipv4,ziyadnz|hourly,2026-08-17T18:48:05Z,2026-08-17T18:48:05Z,
194.187.176.50,ipv4,malicious-ip,medium,WHITE,ziyadnz/hourly-ipv4,ziyadnz|hourly,2026-08-17T18:48:05Z,2026-08-17T18:48:05Z,
194.187.176.51,ipv4,malicious-ip,medium,WHITE,ziyadnz/hourly-ipv4,ziyadnz|hourly,2026-08-17T18:48:05Z,2026-08-17T18:48:05Z,
194.187.176.52,ipv4,malicious-ip,medium,WHITE,ziyadnz/hourly-ipv4,ziyadnz|hourly,2026-08-17T18:48:05Z,2026-08-17T18:48:05Z,
194.187.176.53,ipv4,malicious-ip,medium,WHITE,ziyadnz/hourly-ipv4,ziyadnz|hourly,2026-08-17T18:48:05Z,2026-08-17T18:48:05Z,
194.187.176.54,ipv4,malicious-ip,medium,WHITE,ziyadnz/hourly-ipv4,ziyadnz|hourly,2026-08-17T18:48:05Z,2026-08-17T18:48:05Z,
194.187.176.55,ipv4,malicious-ip,medium,WHITE,ziyadnz/hourly-ipv4,ziyadnz|hourly,2026-08-17T18:48:05Z,2026-08-17T18:48:05Z,
194.187.176.56,ipv4,malicious-ip,medium,WHITE,ziyadnz/hourly-ipv4,ziyadnz|hourly,2026-08-17T18:48:05Z,2026-08-17T18:48:05Z,
194.187.176.57,ipv4,malicious-ip,medium,WHITE,ziyadnz/hourly-ipv4,ziyadnz|hourly,2026-08-17T18:48:05Z,2026-08-17T18:48:05Z,
194.187.176.58,ipv4,malicious-ip,medium,WHITE,ziyadnz/hourly-ipv4,ziyadnz|hourly,2026-08-17T18:48:05Z,2026-08-17T18:48:05Z,
194.187.176.59,ipv4,malicious-ip,medium,WHITE,ziyadnz/hourly-ipv4,ziyadnz|hourly,2026-08-17T18:48:05Z,2026-08-17T18:48:05Z,
194.187.176.6,ipv4,malicious-ip,medium,WHITE,ziyadnz/hourly-ipv4,ziyadnz|hourly,2026-08-17T18:48:05Z,2026-08-17T18:48:05Z,
194.187.176.60,ipv4,malicious-ip,medium,WHITE,ziyadnz/hourly-ipv4,ziyadnz|hourly,2026-08-17T18:48:05Z,2026-08-17T18:48:05Z,
194.187.176.61,ipv4,malicious-ip,medium,WHITE,ziyadnz/hourly-ipv4,ziyadnz|hourly,2026-08-17T18:48:05Z,2026-08-17T18:48:05Z,
194.187.176.62,ipv4,malicious-ip,medium,WHITE,ziyadnz/hourly-ipv4,ziyadnz|hourly,2026-08-17T18:48:05Z,2026-08-17T18:48:05Z,
194.187.176.63,ipv4,malicious-ip,medium,WHITE,ziyadnz/hourly-ipv4,ziyadnz|hourly,2026-08-17T18:48:05Z,2026-08-17T18:48:05Z,
194.187.176.64,ipv4,malicious-ip,medium,WHITE,ziyadnz/hourly-ipv4,ziyadnz|hourly,2026-08-17T18:48:05Z,2026-08-17T18:48:05Z,
194.187.176.65,ipv4,malicious-ip,medium,WHITE,ziyadnz/hourly-ipv4,ziyadnz|hourly,2026-08-17T18:48:05Z,2026-08-17T18:48:05Z,
194.187.176.66,ipv4,malicious-ip,medium,WHITE,ziyadnz/hourly-ipv4,ziyadnz|hourly,2026-08-17T18:48:05Z,2026-08-17T18:48:05Z,
194.187.176.67,ipv4,malicious-ip,medium,WHITE,ziyadnz/hourly-ipv4,ziyadnz|hourly,2026-08-17T18:48:05Z,2026-08-17T18:48:05Z,
194.187.176.68,ipv4,malicious-ip,medium,WHITE,ziyadnz/hourly-ipv4,ziyadnz|hourly,2026-08-17T18:48:05Z,2026-08-17T18:48:05Z,
194.187.176.69,ipv4,malicious-ip,medium,WHITE,ziyadnz/hourly-ipv4,ziyadnz|hourly,2026-08-17T18:48:05Z,2026-08-17T18:48:05Z,
194.187.176.7,ipv4,malicious-ip,medium,WHITE,ziyadnz/hourly-ipv4,ziyadnz|hourly,2026-08-17T18:48:05Z,2026-08-17T18:48:05Z,
194.187.176.70,ipv4,malicious-ip,medium,WHITE,ziyadnz/hourly-ipv4,ziyadnz|hourly,2026-08-17T18:48:05Z,2026-08-17T18:48:05Z,
194.187.176.71,ipv4,malicious-ip,medium,WHITE,ziyadnz/hourly-ipv4,ziyadnz|hourly,2026-08-17T18:48:05Z,2026-08-17T18:48:05Z,
194.187.176.72,ipv4,malicious-ip,medium,WHITE,ziyadnz/hourly-ipv4,ziyadnz|hourly,2026-08-17T18:48:05Z,2026-08-17T18:48:05Z,
194.187.176.73,ipv4,malicious-ip,medium,WHITE,ziyadnz/hourly-ipv4,ziyadnz|hourly,2026-08-17T18:48:05Z,2026-08-17T18:48:05Z,
194.187.176.74,ipv4,malicious-ip,medium,WHITE,ziyadnz/hourly-ipv4,ziyadnz|hourly,2026-08-17T18:48:05Z,2026-08-17T18:48:05Z,
194.187.176.75,ipv4,malicious-ip,medium,WHITE,ziyadnz/hourly-ipv4,ziyadnz|hourly,2026-08-17T18:48:05Z,2026-08-17T18:48:05Z,
194.187.176.76,ipv4,malicious-ip,medium,WHITE,ziyadnz/hourly-ipv4,ziyadnz|hourly,2026-08-17T18:48:05Z,2026-08-17T18:48:05Z,
194.187.176.77,ipv4,malicious-ip,medium,WHITE,ziyadnz/hourly-ipv4,ziyadnz|hourly,2026-08-17T18:48:05Z,2026-08-17T18:48:05Z,
194.187.176.78,ipv4,malicious-ip,medium,WHITE,ziyadnz/hourly-ipv4,ziyadnz|hourly,2026-08-17T18:48:05Z,2026-08-17T18:48:05Z,
194.187.176.79,ipv4,malicious-ip,medium,WHITE,ziyadnz/hourly-ipv4,ziyadnz|hourly,2026-08-17T18:48:05Z,2026-08-17T18:48:05Z,
194.187.176.80,ipv4,malicious-ip,medium,WHITE,ziyadnz/hourly-ipv4,ziyadnz|hourly,2026-08-17T18:48:05Z,2026-08-17T18:48:05Z,
194.187.176.81,ipv4,malicious-ip,medium,WHITE,ziyadnz/hourly-ipv4,ziyadnz|hourly,2026-08-17T18:48:05Z,2026-08-17T18:48:05Z,
194.187.176.82,ipv4,malicious-ip,medium,WHITE,ziyadnz/hourly-ipv4,ziyadnz|hourly,2026-08-17T18:48:05Z,2026-08-17T18:48:05Z,
194.187.176.83,ipv4,malicious-ip,medium,WHITE,ziyadnz/hourly-ipv4,ziyadnz|hourly,2026-08-17T18:48:05Z,2026-08-17T18:48:05Z,
194.187.176.84,ipv4,malicious-ip,medium,WHITE,ziyadnz/hourly-ipv4,ziyadnz|hourly,2026-08-17T18:48:05Z,2026-08-17T18:48:05Z,
194.187.176.85,ipv4,malicious-ip,medium,WHITE,ziyadnz/hourly-ipv4,ziyadnz|hourly,2026-08-17T18:48:05Z,2026-08-17T18:48:05Z,
194.187.176.86,ipv4,malicious-ip,medium,WHITE,ziyadnz/hourly-ipv4,ziyadnz|hourly,2026-08-17T18:48:05Z,2026-08-17T18:48:05Z,
194.187.176.87,ipv4,malicious-ip,medium,WHITE,ziyadnz/hourly-ipv4,ziyadnz|hourly,2026-08-17T18:48:05Z,2026-08-17T18:48:05Z,
194.187.176.88,ipv4,malicious-ip,medium,WHITE,ziyadnz/hourly-ipv4,ziyadnz|hourly,2026-08-17T18:48:05Z,2026-08-17T18:48:05Z,
194.187.176.89,ipv4,malicious-ip,medium,WHITE,ziyadnz/hourly-ipv4,ziyadnz|hourly,2026-08-17T18:48:05Z,2026-08-17T18:48:05Z,
194.187.176.9,ipv4,malicious-ip,medium,WHITE,ziyadnz/hourly-ipv4,ziyadnz|hourly,2026-08-17T18:48:05Z,2026-08-17T18:48:05Z,
194.187.176.90,ipv4,malicious-ip,medium,WHITE,ziyadnz/hourly-ipv4,ziyadnz|hourly,2026-08-17T18:48:05Z,2026-08-17T18:48:05Z,
194.187.176.91,ipv4,malicious-ip,medium,WHITE,ziyadnz/hourly-ipv4,ziyadnz|hourly,2026-08-17T18:48:05Z,2026-08-17T18:48:05Z,
194.187.176.92,ipv4,malicious-ip,medium,WHITE,ziyadnz/hourly-ipv4,ziyadnz|hourly,2026-08-17T18:48:05Z,2026-08-17T18:48:05Z,
194.187.176.93,ipv4,malicious-ip,medium,WHITE,ziyadnz/hourly-ipv4,ziyadnz|hourly,2026-08-17T18:48:05Z,2026-08-17T18:48:05Z,
194.187.176.94,ipv4,malicious-ip,medium,WHITE,ziyadnz/hourly-ipv4,ziyadnz|hourly,2026-08-17T18:48:05Z,2026-08-17T18:48:05Z,
194.187.176.95,ipv4,malicious-ip,medium,WHITE,ziyadnz/hourly-ipv4,ziyadnz|hourly,2026-08-17T18:48:05Z,2026-08-17T18:48:05Z,
194.187.176.96,ipv4,malicious-ip,medium,WHITE,ziyadnz/hourly-ipv4,ziyadnz|hourly,2026-08-17T18:48:05Z,2026-08-17T18:48:05Z,
194.187.176.97,ipv4,malicious-ip,medium,WHITE,ziyadnz/hourly-ipv4,ziyadnz|hourly,2026-08-17T18:48:05Z,2026-08-17T18:48:05Z,
194.187.176.98,ipv4,malicious-ip,medium,WHITE,ziyadnz/hourly-ipv4,ziyadnz|hourly,2026-08-17T18:48:05Z,2026-08-17T18:48:05Z,
194.187.176.99,ipv4,malicious-ip,medium,WHITE,ziyadnz/hourly-ipv4,ziyadnz|hourly,2026-08-17T18:48:05Z,2026-08-17T18:48:05Z,
194.187.178.1,ipv4,malicious-ip,medium,WHITE,ziyadnz/hourly-ipv4,ziyadnz|hourly,2026-08-17T18:48:05Z,2026-08-17T18:48:05Z,
194.187.178.10,ipv4,malicious-ip,medium,WHITE,ziyadnz/hourly-ipv4,ziyadnz|hourly,2026-08-17T18:48:05Z,2026-08-17T18:48:05Z,
194.187.178.100,ipv4,malicious-ip,medium,WHITE,ziyadnz/hourly-ipv4,ziyadnz|hourly,2026-08-17T18:48:05Z,2026-08-17T18:48:05Z,
194.187.178.101,ipv4,malicious-ip,medium,WHITE,ziyadnz/hourly-ipv4,ziyadnz|hourly,2026-08-17T18:48:05Z,2026-08-17T18:48:05Z,
194.187.178.102,ipv4,malicious-ip,medium,WHITE,ziyadnz/hourly-ipv4,ziyadnz|hourly,2026-08-17T18:48:05Z,2026-08-17T18:48:05Z,
194.187.178.103,ipv4,malicious-ip,medium,WHITE,ziyadnz/hourly-ipv4,ziyadnz|hourly,2026-08-17T18:48:05Z,2026-08-17T18:48:05Z,
194.187.178.104,ipv4,malicious-ip,medium,WHITE,ziyadnz/hourly-ipv4,ziyadnz|hourly,2026-08-17T18:48:05Z,2026-08-17T18:48:05Z,
194.187.178.105,ipv4,malicious-ip,medium,WHITE,ziyadnz/hourly-ipv4,ziyadnz|hourly,2026-08-17T18:48:05Z,2026-08-17T18:48:05Z,
194.187.178.106,ipv4,malicious-ip,medium,WHITE,ziyadnz/hourly-ipv4,ziyadnz|hourly,2026-08-17T18:48:05Z,2026-08-17T18:48:05Z,
194.187.178.107,ipv4,malicious-ip,medium,WHITE,ziyadnz/hourly-ipv4,ziyadnz|hourly,2026-08-17T18:48:05Z,2026-08-17T18:48:05Z,
194.187.178.108,ipv4,malicious-ip,medium,WHITE,ziyadnz/hourly-ipv4,ziyadnz|hourly,2026-08-17T18:48:05Z,2026-08-17T18:48:05Z,
194.187.178.109,ipv4,malicious-ip,medium,WHITE,ziyadnz/hourly-ipv4,ziyadnz|hourly,2026-08-17T18:48:05Z,2026-08-17T18:48:05Z,
194.187.178.11,ipv4,malicious-ip,medium,WHITE,ziyadnz/hourly-ipv4,ziyadnz|hourly,2026-08-17T18:48:05Z,2026-08-17T18:48:05Z,
194.187.178.110,ipv4,malicious-ip,medium,WHITE,ziyadnz/hourly-ipv4,ziyadnz|hourly,2026-08-17T18:48:05Z,2026-08-17T18:48:05Z,
194.187.178.111,ipv4,malicious-ip,medium,WHITE,ziyadnz/hourly-ipv4,ziyadnz|hourly,2026-08-17T18:48:05Z,2026-08-17T18:48:05Z,
194.187.178.112,ipv4,malicious-ip,medium,WHITE,ziyadnz/hourly-ipv4,ziyadnz|hourly,2026-08-17T18:48:05Z,2026-08-17T18:48:05Z,
194.187.178.114,ipv4,malicious-ip,medium,WHITE,ziyadnz/hourly-ipv4,ziyadnz|hourly,2026-08-17T18:48:05Z,2026-08-17T18:48:05Z,
194.187.178.116,ipv4,malicious-ip,medium,WHITE,ziyadnz/hourly-ipv4,ziyadnz|hourly,2026-08-17T18:48:05Z,2026-08-17T18:48:05Z,
194.187.178.117,ipv4,malicious-ip,medium,WHITE,ziyadnz/hourly-ipv4,ziyadnz|hourly,2026-08-17T18:48:05Z,2026-08-17T18:48:05Z,
194.187.178.118,ipv4,malicious-ip,medium,WHITE,ziyadnz/hourly-ipv4,ziyadnz|hourly,2026-08-17T18:48:05Z,2026-08-17T18:48:05Z,
194.187.178.12,ipv4,malicious-ip,medium,WHITE,ziyadnz/hourly-ipv4,ziyadnz|hourly,2026-08-17T18:48:05Z,2026-08-17T18:48:05Z,
194.187.178.120,ipv4,malicious-ip,medium,WHITE,ziyadnz/hourly-ipv4,ziyadnz|hourly,2026-08-17T18:48:05Z,2026-08-17T18:48:05Z,
194.187.178.121,ipv4,malicious-ip,medium,WHITE,ziyadnz/hourly-ipv4,ziyadnz|hourly,2026-08-17T18:48:05Z,2026-08-17T18:48:05Z,
194.187.178.122,ipv4,malicious-ip,medium,WHITE,ziyadnz/hourly-ipv4,ziyadnz|hourly,2026-08-17T18:48:05Z,2026-08-17T18:48:05Z,
194.187.178.123,ipv4,malicious-ip,medium,WHITE,ziyadnz/hourly-ipv4,ziyadnz|hourly,2026-08-17T18:48:05Z,2026-08-17T18:48:05Z,
194.187.178.124,ipv4,malicious-ip,medium,WHITE,ziyadnz/hourly-ipv4,ziyadnz|hourly,2026-08-17T18:48:05Z,2026-08-17T18:48:05Z,
194.187.178.126,ipv4,malicious-ip,medium,WHITE,ziyadnz/hourly-ipv4,ziyadnz|hourly,2026-08-17T18:48:05Z,2026-08-17T18:48:05Z,
194.187.178.127,ipv4,malicious-ip,medium,WHITE,ziyadnz/hourly-ipv4,ziyadnz|hourly,2026-08-17T18:48:05Z,2026-08-17T18:48:05Z,
194.187.178.128,ipv4,malicious-ip,medium,WHITE,ziyadnz/hourly-ipv4,ziyadnz|hourly,2026-08-17T18:48:05Z,2026-08-17T18:48:05Z,
194.187.178.129,ipv4,malicious-ip,medium,WHITE,ziyadnz/hourly-ipv4,ziyadnz|hourly,2026-08-17T18:48:05Z,2026-08-17T18:48:05Z,
194.187.178.13,ipv4,malicious-ip,medium,WHITE,ziyadnz/hourly-ipv4,ziyadnz|hourly,2026-08-17T18:48:05Z,2026-08-17T18:48:05Z,
194.187.178.130,ipv4,malicious-ip,medium,WHITE,ziyadnz/hourly-ipv4,ziyadnz|hourly,2026-08-17T18:48:05Z,2026-08-17T18:48:05Z,
194.187.178.131,ipv4,malicious-ip,medium,WHITE,ziyadnz/hourly-ipv4,ziyadnz|hourly,2026-08-17T18:48:05Z,2026-08-17T18:48:05Z,
194.187.178.132,ipv4,malicious-ip,medium,WHITE,ziyadnz/hourly-ipv4,ziyadnz|hourly,2026-08-17T18:48:05Z,2026-08-17T18:48:05Z,
194.187.178.133,ipv4,malicious-ip,medium,WHITE,ziyadnz/hourly-ipv4,ziyadnz|hourly,2026-08-17T18:48:05Z,2026-08-17T18:48:05Z,
194.187.178.134,ipv4,malicious-ip,medium,WHITE,ziyadnz/hourly-ipv4,ziyadnz|hourly,2026-08-17T18:48:05Z,2026-08-17T18:48:05Z,
194.187.178.135,ipv4,malicious-ip,medium,WHITE,ziyadnz/hourly-ipv4,ziyadnz|hourly,2026-08-17T18:48:05Z,2026-08-17T18:48:05Z,
194.187.178.136,ipv4,malicious-ip,medium,WHITE,ziyadnz/hourly-ipv4,ziyadnz|hourly,2026-08-17T18:48:05Z,2026-08-17T18:48:05Z,
194.187.178.138,ipv4,malicious-ip,medium,WHITE,ziyadnz/hourly-ipv4,ziyadnz|hourly,2026-08-17T18:48:05Z,2026-08-17T18:48:05Z,
194.187.178.139,ipv4,malicious-ip,medium,WHITE,ziyadnz/hourly-ipv4,ziyadnz|hourly,2026-08-17T18:48:05Z,2026-08-17T18:48:05Z,
194.187.178.14,ipv4,malicious-ip,medium,WHITE,ziyadnz/hourly-ipv4,ziyadnz|hourly,2026-08-17T18:48:05Z,2026-08-17T18:48:05Z,
194.187.178.140,ipv4,malicious-ip,medium,WHITE,ziyadnz/hourly-ipv4,ziyadnz|hourly,2026-08-17T18:48:05Z,2026-08-17T18:48:05Z,
194.187.178.141,ipv4,malicious-ip,medium,WHITE,ziyadnz/hourly-ipv4,ziyadnz|hourly,2026-08-17T18:48:05Z,2026-08-17T18:48:05Z,
194.187.178.142,ipv4,malicious-ip,medium,WHITE,ziyadnz/hourly-ipv4,ziyadnz|hourly,2026-08-17T18:48:05Z,2026-08-17T18:48:05Z,
194.187.178.143,ipv4,malicious-ip,medium,WHITE,ziyadnz/hourly-ipv4,ziyadnz|hourly,2026-08-17T18:48:05Z,2026-08-17T18:48:05Z,
194.187.178.144,ipv4,malicious-ip,medium,WHITE,ziyadnz/hourly-ipv4,ziyadnz|hourly,2026-08-17T18:48:05Z,2026-08-17T18:48:05Z,
194.187.178.145,ipv4,malicious-ip,medium,WHITE,ziyadnz/hourly-ipv4,ziyadnz|hourly,2026-08-17T18:48:05Z,2026-08-17T18:48:05Z,
194.187.178.146,ipv4,malicious-ip,medium,WHITE,ziyadnz/hourly-ipv4,ziyadnz|hourly,2026-08-17T18:48:05Z,2026-08-17T18:48:05Z,
194.187.178.147,ipv4,malicious-ip,medium,WHITE,ziyadnz/hourly-ipv4,ziyadnz|hourly,2026-08-17T18:48:05Z,2026-08-17T18:48:05Z,
194.187.178.148,ipv4,malicious-ip,medium,WHITE,ziyadnz/hourly-ipv4,ziyadnz|hourly,2026-08-17T18:48:05Z,2026-08-17T18:48:05Z,
194.187.178.149,ipv4,malicious-ip,medium,WHITE,ziyadnz/hourly-ipv4,ziyadnz|hourly,2026-08-17T18:48:05Z,2026-08-17T18:48:05Z,
194.187.178.15,ipv4,malicious-ip,medium,WHITE,ziyadnz/hourly-ipv4,ziyadnz|hourly,2026-08-17T18:48:05Z,2026-08-17T18:48:05Z,
194.187.178.150,ipv4,malicious-ip,medium,WHITE,ziyadnz/hourly-ipv4,ziyadnz|hourly,2026-08-17T18:48:05Z,2026-08-17T18:48:05Z,
194.187.178.151,ipv4,malicious-ip,medium,WHITE,ziyadnz/hourly-ipv4,ziyadnz|hourly,2026-08-17T18:48:05Z,2026-08-17T18:48:05Z,
194.187.178.152,ipv4,malicious-ip,medium,WHITE,ziyadnz/hourly-ipv4,ziyadnz|hourly,2026-08-17T18:48:05Z,2026-08-17T18:48:05Z,
194.187.178.153,ipv4,malicious-ip,medium,WHITE,ziyadnz/hourly-ipv4,ziyadnz|hourly,2026-08-17T18:48:05Z,2026-08-17T18:48:05Z,
194.187.178.154,ipv4,malicious-ip,medium,WHITE,ziyadnz/hourly-ipv4,ziyadnz|hourly,2026-08-17T18:48:05Z,2026-08-17T18:48:05Z,
194.187.178.155,ipv4,malicious-ip,medium,WHITE,ziyadnz/hourly-ipv4,ziyadnz|hourly,2026-08-17T18:48:05Z,2026-08-17T18:48:05Z,
194.187.178.157,ipv4,malicious-ip,medium,WHITE,ziyadnz/hourly-ipv4,ziyadnz|hourly,2026-08-17T18:48:05Z,2026-08-17T18:48:05Z,
194.187.178.158,ipv4,malicious-ip,medium,WHITE,ziyadnz/hourly-ipv4,ziyadnz|hourly,2026-08-17T18:48:05Z,2026-08-17T18:48:05Z,
194.187.178.159,ipv4,malicious-ip,medium,WHITE,ziyadnz/hourly-ipv4,ziyadnz|hourly,2026-08-17T18:48:05Z,2026-08-17T18:48:05Z,
194.187.178.16,ipv4,malicious-ip,medium,WHITE,ziyadnz/hourly-ipv4,ziyadnz|hourly,2026-08-17T18:48:05Z,2026-08-17T18:48:05Z,
194.187.178.160,ipv4,malicious-ip,medium,WHITE,ziyadnz/hourly-ipv4,ziyadnz|hourly,2026-08-17T18:48:05Z,2026-08-17T18:48:05Z,
194.187.178.161,ipv4,malicious-ip,medium,WHITE,ziyadnz/hourly-ipv4,ziyadnz|hourly,2026-08-17T18:48:05Z,2026-08-17T18:48:05Z,
194.187.178.163,ipv4,malicious-ip,medium,WHITE,ziyadnz/hourly-ipv4,ziyadnz|hourly,2026-08-17T18:48:05Z,2026-08-17T18:48:05Z,
194.187.178.164,ipv4,malicious-ip,medium,WHITE,ziyadnz/hourly-ipv4,ziyadnz|hourly,2026-08-17T18:48:05Z,2026-08-17T18:48:05Z,
194.187.178.165,ipv4,malicious-ip,medium,WHITE,ziyadnz/hourly-ipv4,ziyadnz|hourly,2026-08-17T18:48:05Z,2026-08-17T18:48:05Z,
194.187.178.166,ipv4,malicious-ip,medium,WHITE,ziyadnz/hourly-ipv4,ziyadnz|hourly,2026-08-17T18:48:05Z,2026-08-17T18:48:05Z,
194.187.178.167,ipv4,malicious-ip,medium,WHITE,ziyadnz/hourly-ipv4,ziyadnz|hourly,2026-08-17T18:48:05Z,2026-08-17T18:48:05Z,
194.187.178.168,ipv4,malicious-ip,medium,WHITE,ziyadnz/hourly-ipv4,ziyadnz|hourly,2026-08-17T18:48:05Z,2026-08-17T18:48:05Z,
194.187.178.169,ipv4,malicious-ip,medium,WHITE,ziyadnz/hourly-ipv4,ziyadnz|hourly,2026-08-17T18:48:05Z,2026-08-17T18:48:05Z,
194.187.178.17,ipv4,malicious-ip,medium,WHITE,ziyadnz/hourly-ipv4,ziyadnz|hourly,2026-08-17T18:48:05Z,2026-08-17T18:48:05Z,
194.187.178.170,ipv4,malicious-ip,medium,WHITE,ziyadnz/hourly-ipv4,ziyadnz|hourly,2026-08-17T18:48:05Z,2026-08-17T18:48:05Z,
194.187.178.171,ipv4,malicious-ip,medium,WHITE,ziyadnz/hourly-ipv4,ziyadnz|hourly,2026-08-17T18:48:05Z,2026-08-17T18:48:05Z,
194.187.178.172,ipv4,malicious-ip,medium,WHITE,ziyadnz/hourly-ipv4,ziyadnz|hourly,2026-08-17T18:48:05Z,2026-08-17T18:48:05Z,
194.187.178.173,ipv4,malicious-ip,medium,WHITE,ziyadnz/hourly-ipv4,ziyadnz|hourly,2026-08-17T18:48:05Z,2026-08-17T18:48:05Z,
194.187.178.174,ipv4,malicious-ip,medium,WHITE,ziyadnz/hourly-ipv4,ziyadnz|hourly,2026-08-17T18:48:05Z,2026-08-17T18:48:05Z,
194.187.178.175,ipv4,malicious-ip,medium,WHITE,ziyadnz/hourly-ipv4,ziyadnz|hourly,2026-08-17T18:48:05Z,2026-08-17T18:48:05Z,
194.187.178.176,ipv4,malicious-ip,medium,WHITE,ziyadnz/hourly-ipv4,ziyadnz|hourly,2026-08-17T18:48:05Z,2026-08-17T18:48:05Z,
194.187.178.178,ipv4,malicious-ip,medium,WHITE,ziyadnz/hourly-ipv4,ziyadnz|hourly,2026-08-17T18:48:05Z,2026-08-17T18:48:05Z,
194.187.178.179,ipv4,malicious-ip,medium,WHITE,ziyadnz/hourly-ipv4,ziyadnz|hourly,2026-08-17T18:48:05Z,2026-08-17T18:48:05Z,
194.187.178.18,ipv4,malicious-ip,medium,WHITE,ziyadnz/hourly-ipv4,ziyadnz|hourly,2026-08-17T18:48:05Z,2026-08-17T18:48:05Z,
194.187.178.180,ipv4,malicious-ip,medium,WHITE,ziyadnz/hourly-ipv4,ziyadnz|hourly,2026-08-17T18:48:05Z,2026-08-17T18:48:05Z,
194.187.178.181,ipv4,malicious-ip,medium,WHITE,ziyadnz/hourly-ipv4,ziyadnz|hourly,2026-08-17T18:48:05Z,2026-08-17T18:48:05Z,
194.187.178.182,ipv4,malicious-ip,medium,WHITE,ziyadnz/hourly-ipv4,ziyadnz|hourly,2026-08-17T18:48:05Z,2026-08-17T18:48:05Z,
194.187.178.183,ipv4,malicious-ip,medium,WHITE,ziyadnz/hourly-ipv4,ziyadnz|hourly,2026-08-17T18:48:05Z,2026-08-17T18:48:05Z,
194.187.178.185,ipv4,malicious-ip,medium,WHITE,ziyadnz/hourly-ipv4,ziyadnz|hourly,2026-08-17T18:48:05Z,2026-08-17T18:48:05Z,
194.187.178.186,ipv4,malicious-ip,medium,WHITE,ziyadnz/hourly-ipv4,ziyadnz|hourly,2026-08-17T18:48:05Z,2026-08-17T18:48:05Z,
194.187.178.187,ipv4,malicious-ip,medium,WHITE,ziyadnz/hourly-ipv4,ziyadnz|hourly,2026-08-17T18:48:05Z,2026-08-17T18:48:05Z,
194.187.178.188,ipv4,malicious-ip,medium,WHITE,ziyadnz/hourly-ipv4,ziyadnz|hourly,2026-08-17T18:48:05Z,2026-08-17T18:48:05Z,
194.187.178.189,ipv4,malicious-ip,medium,WHITE,ziyadnz/hourly-ipv4,ziyadnz|hourly,2026-08-17T18:48:05Z,2026-08-17T18:48:05Z,
194.187.178.19,ipv4,malicious-ip,medium,WHITE,ziyadnz/hourly-ipv4,ziyadnz|hourly,2026-08-17T18:48:05Z,2026-08-17T18:48:05Z,
194.187.178.190,ipv4,malicious-ip,medium,WHITE,ziyadnz/hourly-ipv4,ziyadnz|hourly,2026-08-17T18:48:05Z,2026-08-17T18:48:05Z,
194.187.178.191,ipv4,malicious-ip,medium,WHITE,ziyadnz/hourly-ipv4,ziyadnz|hourly,2026-08-17T18:48:05Z,2026-08-17T18:48:05Z,
194.187.178.192,ipv4,malicious-ip,medium,WHITE,ziyadnz/hourly-ipv4,ziyadnz|hourly,2026-08-17T18:48:05Z,2026-08-17T18:48:05Z,
194.187.178.193,ipv4,malicious-ip,medium,WHITE,ziyadnz/hourly-ipv4,ziyadnz|hourly,2026-08-17T18:48:05Z,2026-08-17T18:48:05Z,
194.187.178.196,ipv4,malicious-ip,medium,WHITE,ziyadnz/hourly-ipv4,ziyadnz|hourly,2026-08-17T18:48:05Z,2026-08-17T18:48:05Z,
194.187.178.198,ipv4,malicious-ip,medium,WHITE,ziyadnz/hourly-ipv4,ziyadnz|hourly,2026-08-17T18:48:05Z,2026-08-17T18:48:05Z,
194.187.178.199,ipv4,malicious-ip,medium,WHITE,ziyadnz/hourly-ipv4,ziyadnz|hourly,2026-08-17T18:48:05Z,2026-08-17T18:48:05Z,
194.187.178.2,ipv4,malicious-ip,medium,WHITE,ziyadnz/hourly-ipv4,ziyadnz|hourly,2026-08-17T18:48:05Z,2026-08-17T18:48:05Z,
194.187.178.20,ipv4,malicious-ip,medium,WHITE,ziyadnz/hourly-ipv4,ziyadnz|hourly,2026-08-17T18:48:05Z,2026-08-17T18:48:05Z,
194.187.178.200,ipv4,malicious-ip,medium,WHITE,ziyadnz/hourly-ipv4,ziyadnz|hourly,2026-08-17T18:48:05Z,2026-08-17T18:48:05Z,
194.187.178.201,ipv4,malicious-ip,medium,WHITE,ziyadnz/hourly-ipv4,ziyadnz|hourly,2026-08-17T18:48:05Z,2026-08-17T18:48:05Z,
194.187.178.202,ipv4,malicious-ip,medium,WHITE,ziyadnz/hourly-ipv4,ziyadnz|hourly,2026-08-17T18:48:05Z,2026-08-17T18:48:05Z,
194.187.178.203,ipv4,malicious-ip,medium,WHITE,ziyadnz/hourly-ipv4,ziyadnz|hourly,2026-08-17T18:48:05Z,2026-08-17T18:48:05Z,
194.187.178.206,ipv4,malicious-ip,medium,WHITE,ziyadnz/hourly-ipv4,ziyadnz|hourly,2026-08-17T18:48:05Z,2026-08-17T18:48:05Z,
194.187.178.207,ipv4,malicious-ip,medium,WHITE,ziyadnz/hourly-ipv4,ziyadnz|hourly,2026-08-17T18:48:05Z,2026-08-17T18:48:05Z,
194.187.178.21,ipv4,malicious-ip,medium,WHITE,ziyadnz/hourly-ipv4,ziyadnz|hourly,2026-08-17T18:48:05Z,2026-08-17T18:48:05Z,
194.187.178.210,ipv4,malicious-ip,medium,WHITE,ziyadnz/hourly-ipv4,ziyadnz|hourly,2026-08-17T18:48:05Z,2026-08-17T18:48:05Z,
194.187.178.211,ipv4,malicious-ip,medium,WHITE,ziyadnz/hourly-ipv4,ziyadnz|hourly,2026-08-17T18:48:05Z,2026-08-17T18:48:05Z,
194.187.178.212,ipv4,malicious-ip,medium,WHITE,ziyadnz/hourly-ipv4,ziyadnz|hourly,2026-08-17T18:48:05Z,2026-08-17T18:48:05Z,
194.187.178.213,ipv4,malicious-ip,medium,WHITE,ziyadnz/hourly-ipv4,ziyadnz|hourly,2026-08-17T18:48:05Z,2026-08-17T18:48:05Z,
194.187.178.214,ipv4,malicious-ip,medium,WHITE,ziyadnz/hourly-ipv4,ziyadnz|hourly,2026-08-17T18:48:05Z,2026-08-17T18:48:05Z,
194.187.178.215,ipv4,malicious-ip,medium,WHITE,ziyadnz/hourly-ipv4,ziyadnz|hourly,2026-08-17T18:48:05Z,2026-08-17T18:48:05Z,
194.187.178.216,ipv4,malicious-ip,medium,WHITE,ziyadnz/hourly-ipv4,ziyadnz|hourly,2026-08-17T18:48:05Z,2026-08-17T18:48:05Z,
194.187.178.217,ipv4,malicious-ip,medium,WHITE,ziyadnz/hourly-ipv4,ziyadnz|hourly,2026-08-17T18:48:05Z,2026-08-17T18:48:05Z,
194.187.178.218,ipv4,malicious-ip,medium,WHITE,ziyadnz/hourly-ipv4,ziyadnz|hourly,2026-08-17T18:48:05Z,2026-08-17T18:48:05Z,
194.187.178.219,ipv4,malicious-ip,medium,WHITE,ziyadnz/hourly-ipv4,ziyadnz|hourly,2026-08-17T18:48:05Z,2026-08-17T18:48:05Z,
194.187.178.22,ipv4,malicious-ip,medium,WHITE,ziyadnz/hourly-ipv4,ziyadnz|hourly,2026-08-17T18:48:05Z,2026-08-17T18:48:05Z,
194.187.178.220,ipv4,malicious-ip,medium,WHITE,ziyadnz/hourly-ipv4,ziyadnz|hourly,2026-08-17T18:48:05Z,2026-08-17T18:48:05Z,
194.187.178.221,ipv4,malicious-ip,medium,WHITE,ziyadnz/hourly-ipv4,ziyadnz|hourly,2026-08-17T18:48:05Z,2026-08-17T18:48:05Z,
194.187.178.223,ipv4,malicious-ip,medium,WHITE,ziyadnz/hourly-ipv4,ziyadnz|hourly,2026-08-17T18:48:05Z,2026-08-17T18:48:05Z,
194.187.178.224,ipv4,malicious-ip,medium,WHITE,ziyadnz/hourly-ipv4,ziyadnz|hourly,2026-08-17T18:48:05Z,2026-08-17T18:48:05Z,
194.187.178.225,ipv4,malicious-ip,medium,WHITE,ziyadnz/hourly-ipv4,ziyadnz|hourly,2026-08-17T18:48:05Z,2026-08-17T18:48:05Z,
194.187.178.226,ipv4,malicious-ip,medium,WHITE,ziyadnz/hourly-ipv4,ziyadnz|hourly,2026-08-17T18:48:05Z,2026-08-17T18:48:05Z,
194.187.178.228,ipv4,malicious-ip,medium,WHITE,ziyadnz/hourly-ipv4,ziyadnz|hourly,2026-08-17T18:48:05Z,2026-08-17T18:48:05Z,
194.187.178.229,ipv4,malicious-ip,medium,WHITE,ziyadnz/hourly-ipv4,ziyadnz|hourly,2026-08-17T18:48:05Z,2026-08-17T18:48:05Z,
194.187.178.23,ipv4,malicious-ip,medium,WHITE,ziyadnz/hourly-ipv4,ziyadnz|hourly,2026-08-17T18:48:05Z,2026-08-17T18:48:05Z,
194.187.178.231,ipv4,malicious-ip,medium,WHITE,ziyadnz/hourly-ipv4,ziyadnz|hourly,2026-08-17T18:48:05Z,2026-08-17T18:48:05Z,
194.187.178.233,ipv4,malicious-ip,medium,WHITE,ziyadnz/hourly-ipv4,ziyadnz|hourly,2026-08-17T18:48:05Z,2026-08-17T18:48:05Z,
194.187.178.234,ipv4,malicious-ip,medium,WHITE,ziyadnz/hourly-ipv4,ziyadnz|hourly,2026-08-17T18:48:05Z,2026-08-17T18:48:05Z,
194.187.178.235,ipv4,malicious-ip,medium,WHITE,ziyadnz/hourly-ipv4,ziyadnz|hourly,2026-08-17T18:48:05Z,2026-08-17T18:48:05Z,
194.187.178.236,ipv4,malicious-ip,medium,WHITE,ziyadnz/hourly-ipv4,ziyadnz|hourly,2026-08-17T18:48:05Z,2026-08-17T18:48:05Z,
194.187.178.237,ipv4,malicious-ip,medium,WHITE,ziyadnz/hourly-ipv4,ziyadnz|hourly,2026-08-17T18:48:05Z,2026-08-17T18:48:05Z,
194.187.178.238,ipv4,malicious-ip,medium,WHITE,ziyadnz/hourly-ipv4,ziyadnz|hourly,2026-08-17T18:48:05Z,2026-08-17T18:48:05Z,
194.187.178.239,ipv4,malicious-ip,medium,WHITE,ziyadnz/hourly-ipv4,ziyadnz|hourly,2026-08-17T18:48:05Z,2026-08-17T18:48:05Z,
194.187.178.24,ipv4,malicious-ip,medium,WHITE,ziyadnz/hourly-ipv4,ziyadnz|hourly,2026-08-17T18:48:05Z,2026-08-17T18:48:05Z,
194.187.178.240,ipv4,malicious-ip,medium,WHITE,ziyadnz/hourly-ipv4,ziyadnz|hourly,2026-08-17T18:48:05Z,2026-08-17T18:48:05Z,
194.187.178.241,ipv4,malicious-ip,medium,WHITE,ziyadnz/hourly-ipv4,ziyadnz|hourly,2026-08-17T18:48:05Z,2026-08-17T18:48:05Z,
194.187.178.242,ipv4,malicious-ip,medium,WHITE,ziyadnz/hourly-ipv4,ziyadnz|hourly,2026-08-17T18:48:05Z,2026-08-17T18:48:05Z,
194.187.178.243,ipv4,malicious-ip,medium,WHITE,ziyadnz/hourly-ipv4,ziyadnz|hourly,2026-08-17T18:48:05Z,2026-08-17T18:48:05Z,
194.187.178.244,ipv4,malicious-ip,medium,WHITE,ziyadnz/hourly-ipv4,ziyadnz|hourly,2026-08-17T18:48:05Z,2026-08-17T18:48:05Z,
194.187.178.245,ipv4,malicious-ip,medium,WHITE,ziyadnz/hourly-ipv4,ziyadnz|hourly,2026-08-17T18:48:05Z,2026-08-17T18:48:05Z,
194.187.178.246,ipv4,malicious-ip,medium,WHITE,ziyadnz/hourly-ipv4,ziyadnz|hourly,2026-08-17T18:48:05Z,2026-08-17T18:48:05Z,
194.187.178.247,ipv4,malicious-ip,medium,WHITE,ziyadnz/hourly-ipv4,ziyadnz|hourly,2026-08-17T18:48:05Z,2026-08-17T18:48:05Z,
194.187.178.248,ipv4,malicious-ip,medium,WHITE,ziyadnz/hourly-ipv4,ziyadnz|hourly,2026-08-17T18:48:05Z,2026-08-17T18:48:05Z,
194.187.178.249,ipv4,malicious-ip,medium,WHITE,ziyadnz/hourly-ipv4,ziyadnz|hourly,2026-08-17T18:48:05Z,2026-08-17T18:48:05Z,
194.187.178.25,ipv4,malicious-ip,medium,WHITE,ziyadnz/hourly-ipv4,ziyadnz|hourly,2026-08-17T18:48:05Z,2026-08-17T18:48:05Z,
194.187.178.250,ipv4,malicious-ip,medium,WHITE,ziyadnz/hourly-ipv4,ziyadnz|hourly,2026-08-17T18:48:05Z,2026-08-17T18:48:05Z,
194.187.178.251,ipv4,malicious-ip,medium,WHITE,ziyadnz/hourly-ipv4,ziyadnz|hourly,2026-08-17T18:48:05Z,2026-08-17T18:48:05Z,
194.187.178.252,ipv4,malicious-ip,medium,WHITE,ziyadnz/hourly-ipv4,ziyadnz|hourly,2026-08-17T18:48:05Z,2026-08-17T18:48:05Z,
194.187.178.253,ipv4,malicious-ip,medium,WHITE,ziyadnz/hourly-ipv4,ziyadnz|hourly,2026-08-17T18:48:05Z,2026-08-17T18:48:05Z,
194.187.178.254,ipv4,malicious-ip,medium,WHITE,ziyadnz/hourly-ipv4,ziyadnz|hourly,2026-08-17T18:48:05Z,2026-08-17T18:48:05Z,
194.187.178.27,ipv4,malicious-ip,medium,WHITE,ziyadnz/hourly-ipv4,ziyadnz|hourly,2026-08-17T18:48:05Z,2026-08-17T18:48:05Z,
194.187.178.28,ipv4,malicious-ip,medium,WHITE,ziyadnz/hourly-ipv4,ziyadnz|hourly,2026-08-17T18:48:05Z,2026-08-17T18:48:05Z,
194.187.178.29,ipv4,malicious-ip,medium,WHITE,ziyadnz/hourly-ipv4,ziyadnz|hourly,2026-08-17T18:48:05Z,2026-08-17T18:48:05Z,
194.187.178.30,ipv4,malicious-ip,medium,WHITE,ziyadnz/hourly-ipv4,ziyadnz|hourly,2026-08-17T18:48:05Z,2026-08-17T18:48:05Z,
194.187.178.31,ipv4,malicious-ip,medium,WHITE,ziyadnz/hourly-ipv4,ziyadnz|hourly,2026-08-17T18:48:05Z,2026-08-17T18:48:05Z,
194.187.178.32,ipv4,malicious-ip,medium,WHITE,ziyadnz/hourly-ipv4,ziyadnz|hourly,2026-08-17T18:48:05Z,2026-08-17T18:48:05Z,
194.187.178.33,ipv4,malicious-ip,medium,WHITE,ziyadnz/hourly-ipv4,ziyadnz|hourly,2026-08-17T18:48:05Z,2026-08-17T18:48:05Z,
194.187.178.34,ipv4,malicious-ip,medium,WHITE,ziyadnz/hourly-ipv4,ziyadnz|hourly,2026-08-17T18:48:05Z,2026-08-17T18:48:05Z,
194.187.178.35,ipv4,malicious-ip,medium,WHITE,ziyadnz/hourly-ipv4,ziyadnz|hourly,2026-08-17T18:48:05Z,2026-08-17T18:48:05Z,
194.187.178.36,ipv4,malicious-ip,medium,WHITE,ziyadnz/hourly-ipv4,ziyadnz|hourly,2026-08-17T18:48:05Z,2026-08-17T18:48:05Z,
194.187.178.37,ipv4,malicious-ip,medium,WHITE,ziyadnz/hourly-ipv4,ziyadnz|hourly,2026-08-17T18:48:05Z,2026-08-17T18:48:05Z,
194.187.178.38,ipv4,malicious-ip,medium,WHITE,ziyadnz/hourly-ipv4,ziyadnz|hourly,2026-08-17T18:48:05Z,2026-08-17T18:48:05Z,
194.187.178.39,ipv4,malicious-ip,medium,WHITE,ziyadnz/hourly-ipv4,ziyadnz|hourly,2026-08-17T18:48:05Z,2026-08-17T18:48:05Z,
194.187.178.4,ipv4,malicious-ip,medium,WHITE,ziyadnz/hourly-ipv4,ziyadnz|hourly,2026-08-17T18:48:05Z,2026-08-17T18:48:05Z,
194.187.178.40,ipv4,malicious-ip,medium,WHITE,ziyadnz/hourly-ipv4,ziyadnz|hourly,2026-08-17T18:48:05Z,2026-08-17T18:48:05Z,
194.187.178.43,ipv4,malicious-ip,medium,WHITE,ziyadnz/hourly-ipv4,ziyadnz|hourly,2026-08-17T18:48:05Z,2026-08-17T18:48:05Z,
194.187.178.44,ipv4,malicious-ip,medium,WHITE,ziyadnz/hourly-ipv4,ziyadnz|hourly,2026-08-17T18:48:05Z,2026-08-17T18:48:05Z,
194.187.178.45,ipv4,malicious-ip,medium,WHITE,ziyadnz/hourly-ipv4,ziyadnz|hourly,2026-08-17T18:48:05Z,2026-08-17T18:48:05Z,
194.187.178.47,ipv4,malicious-ip,medium,WHITE,ziyadnz/hourly-ipv4,ziyadnz|hourly,2026-08-17T18:48:05Z,2026-08-17T18:48:05Z,
194.187.178.48,ipv4,malicious-ip,medium,WHITE,ziyadnz/hourly-ipv4,ziyadnz|hourly,2026-08-17T18:48:05Z,2026-08-17T18:48:05Z,
194.187.178.49,ipv4,malicious-ip,medium,WHITE,ziyadnz/hourly-ipv4,ziyadnz|hourly,2026-08-17T18:48:05Z,2026-08-17T18:48:05Z,
194.187.178.5,ipv4,malicious-ip,medium,WHITE,ziyadnz/hourly-ipv4,ziyadnz|hourly,2026-08-17T18:48:05Z,2026-08-17T18:48:05Z,
194.187.178.51,ipv4,malicious-ip,medium,WHITE,ziyadnz/hourly-ipv4,ziyadnz|hourly,2026-08-17T18:48:05Z,2026-08-17T18:48:05Z,
194.187.178.52,ipv4,malicious-ip,medium,WHITE,ziyadnz/hourly-ipv4,ziyadnz|hourly,2026-08-17T18:48:05Z,2026-08-17T18:48:05Z,
194.187.178.53,ipv4,malicious-ip,medium,WHITE,ziyadnz/hourly-ipv4,ziyadnz|hourly,2026-08-17T18:48:05Z,2026-08-17T18:48:05Z,
194.187.178.54,ipv4,malicious-ip,medium,WHITE,ziyadnz/hourly-ipv4,ziyadnz|hourly,2026-08-17T18:48:05Z,2026-08-17T18:48:05Z,
194.187.178.55,ipv4,malicious-ip,medium,WHITE,ziyadnz/hourly-ipv4,ziyadnz|hourly,2026-08-17T18:48:05Z,2026-08-17T18:48:05Z,
194.187.178.56,ipv4,malicious-ip,medium,WHITE,ziyadnz/hourly-ipv4,ziyadnz|hourly,2026-08-17T18:48:05Z,2026-08-17T18:48:05Z,
194.187.178.57,ipv4,malicious-ip,medium,WHITE,ziyadnz/hourly-ipv4,ziyadnz|hourly,2026-08-17T18:48:05Z,2026-08-17T18:48:05Z,
194.187.178.58,ipv4,malicious-ip,medium,WHITE,ziyadnz/hourly-ipv4,ziyadnz|hourly,2026-08-17T18:48:05Z,2026-08-17T18:48:05Z,
194.187.178.59,ipv4,malicious-ip,medium,WHITE,ziyadnz/hourly-ipv4,ziyadnz|hourly,2026-08-17T18:48:05Z,2026-08-17T18:48:05Z,
194.187.178.6,ipv4,malicious-ip,medium,WHITE,ziyadnz/hourly-ipv4,ziyadnz|hourly,2026-08-17T18:48:05Z,2026-08-17T18:48:05Z,
194.187.178.60,ipv4,malicious-ip,medium,WHITE,ziyadnz/hourly-ipv4,ziyadnz|hourly,2026-08-17T18:48:05Z,2026-08-17T18:48:05Z,
194.187.178.61,ipv4,malicious-ip,medium,WHITE,ziyadnz/hourly-ipv4,ziyadnz|hourly,2026-08-17T18:48:05Z,2026-08-17T18:48:05Z,
194.187.178.63,ipv4,malicious-ip,medium,WHITE,ziyadnz/hourly-ipv4,ziyadnz|hourly,2026-08-17T18:48:05Z,2026-08-17T18:48:05Z,
194.187.178.64,ipv4,malicious-ip,medium,WHITE,ziyadnz/hourly-ipv4,ziyadnz|hourly,2026-08-17T18:48:05Z,2026-08-17T18:48:05Z,
194.187.178.66,ipv4,malicious-ip,medium,WHITE,ziyadnz/hourly-ipv4,ziyadnz|hourly,2026-08-17T18:48:05Z,2026-08-17T18:48:05Z,
194.187.178.67,ipv4,malicious-ip,medium,WHITE,ziyadnz/hourly-ipv4,ziyadnz|hourly,2026-08-17T18:48:05Z,2026-08-17T18:48:05Z,
194.187.178.69,ipv4,malicious-ip,medium,WHITE,ziyadnz/hourly-ipv4,ziyadnz|hourly,2026-08-17T18:48:05Z,2026-08-17T18:48:05Z,
194.187.178.7,ipv4,malicious-ip,medium,WHITE,ziyadnz/hourly-ipv4,ziyadnz|hourly,2026-08-17T18:48:05Z,2026-08-17T18:48:05Z,
194.187.178.70,ipv4,malicious-ip,medium,WHITE,ziyadnz/hourly-ipv4,ziyadnz|hourly,2026-08-17T18:48:05Z,2026-08-17T18:48:05Z,
194.187.178.71,ipv4,malicious-ip,medium,WHITE,ziyadnz/hourly-ipv4,ziyadnz|hourly,2026-08-17T18:48:05Z,2026-08-17T18:48:05Z,
194.187.178.72,ipv4,malicious-ip,medium,WHITE,ziyadnz/hourly-ipv4,ziyadnz|hourly,2026-08-17T18:48:05Z,2026-08-17T18:48:05Z,
194.187.178.73,ipv4,malicious-ip,medium,WHITE,ziyadnz/hourly-ipv4,ziyadnz|hourly,2026-08-17T18:48:05Z,2026-08-17T18:48:05Z,
194.187.178.74,ipv4,malicious-ip,medium,WHITE,ziyadnz/hourly-ipv4,ziyadnz|hourly,2026-08-17T18:48:05Z,2026-08-17T18:48:05Z,
194.187.178.76,ipv4,malicious-ip,medium,WHITE,ziyadnz/hourly-ipv4,ziyadnz|hourly,2026-08-17T18:48:05Z,2026-08-17T18:48:05Z,
194.187.178.77,ipv4,malicious-ip,medium,WHITE,ziyadnz/hourly-ipv4,ziyadnz|hourly,2026-08-17T18:48:05Z,2026-08-17T18:48:05Z,
194.187.178.78,ipv4,malicious-ip,medium,WHITE,ziyadnz/hourly-ipv4,ziyadnz|hourly,2026-08-17T18:48:05Z,2026-08-17T18:48:05Z,
194.187.178.79,ipv4,malicious-ip,medium,WHITE,ziyadnz/hourly-ipv4,ziyadnz|hourly,2026-08-17T18:48:05Z,2026-08-17T18:48:05Z,
194.187.178.8,ipv4,malicious-ip,medium,WHITE,ziyadnz/hourly-ipv4,ziyadnz|hourly,2026-08-17T18:48:05Z,2026-08-17T18:48:05Z,
194.187.178.80,ipv4,malicious-ip,medium,WHITE,ziyadnz/hourly-ipv4,ziyadnz|hourly,2026-08-17T18:48:05Z,2026-08-17T18:48:05Z,
194.187.178.81,ipv4,malicious-ip,medium,WHITE,ziyadnz/hourly-ipv4,ziyadnz|hourly,2026-08-17T18:48:05Z,2026-08-17T18:48:05Z,
194.187.178.82,ipv4,malicious-ip,medium,WHITE,ziyadnz/hourly-ipv4,ziyadnz|hourly,2026-08-17T18:48:05Z,2026-08-17T18:48:05Z,
194.187.178.83,ipv4,malicious-ip,medium,WHITE,ziyadnz/hourly-ipv4,ziyadnz|hourly,2026-08-17T18:48:05Z,2026-08-17T18:48:05Z,
194.187.178.84,ipv4,malicious-ip,medium,WHITE,ziyadnz/hourly-ipv4,ziyadnz|hourly,2026-08-17T18:48:05Z,2026-08-17T18:48:05Z,
194.187.178.85,ipv4,malicious-ip,medium,WHITE,ziyadnz/hourly-ipv4,ziyadnz|hourly,2026-08-17T18:48:05Z,2026-08-17T18:48:05Z,
194.187.178.86,ipv4,malicious-ip,medium,WHITE,ziyadnz/hourly-ipv4,ziyadnz|hourly,2026-08-17T18:48:05Z,2026-08-17T18:48:05Z,
194.187.178.87,ipv4,malicious-ip,medium,WHITE,ziyadnz/hourly-ipv4,ziyadnz|hourly,2026-08-17T18:48:05Z,2026-08-17T18:48:05Z,
194.187.178.88,ipv4,malicious-ip,medium,WHITE,ziyadnz/hourly-ipv4,ziyadnz|hourly,2026-08-17T18:48:05Z,2026-08-17T18:48:05Z,
194.187.178.89,ipv4,malicious-ip,medium,WHITE,ziyadnz/hourly-ipv4,ziyadnz|hourly,2026-08-17T18:48:05Z,2026-08-17T18:48:05Z,
194.187.178.9,ipv4,malicious-ip,medium,WHITE,ziyadnz/hourly-ipv4,ziyadnz|hourly,2026-08-17T18:48:05Z,2026-08-17T18:48:05Z,
194.187.178.90,ipv4,malicious-ip,medium,WHITE,ziyadnz/hourly-ipv4,ziyadnz|hourly,2026-08-17T18:48:05Z,2026-08-17T18:48:05Z,
194.187.178.91,ipv4,malicious-ip,medium,WHITE,ziyadnz/hourly-ipv4,ziyadnz|hourly,2026-08-17T18:48:05Z,2026-08-17T18:48:05Z,
194.187.178.92,ipv4,malicious-ip,medium,WHITE,ziyadnz/hourly-ipv4,ziyadnz|hourly,2026-08-17T18:48:05Z,2026-08-17T18:48:05Z,
194.187.178.93,ipv4,malicious-ip,medium,WHITE,ziyadnz/hourly-ipv4,ziyadnz|hourly,2026-08-17T18:48:05Z,2026-08-17T18:48:05Z,
194.187.178.94,ipv4,malicious-ip,medium,WHITE,ziyadnz/hourly-ipv4,ziyadnz|hourly,2026-08-17T18:48:05Z,2026-08-17T18:48:05Z,
194.187.178.95,ipv4,malicious-ip,medium,WHITE,ziyadnz/hourly-ipv4,ziyadnz|hourly,2026-08-17T18:48:05Z,2026-08-17T18:48:05Z,
194.187.178.96,ipv4,malicious-ip,medium,WHITE,ziyadnz/hourly-ipv4,ziyadnz|hourly,2026-08-17T18:48:05Z,2026-08-17T18:48:05Z,
194.187.178.97,ipv4,malicious-ip,medium,WHITE,ziyadnz/hourly-ipv4,ziyadnz|hourly,2026-08-17T18:48:05Z,2026-08-17T18:48:05Z,
194.187.178.98,ipv4,malicious-ip,medium,WHITE,ziyadnz/hourly-ipv4,ziyadnz|hourly,2026-08-17T18:48:05Z,2026-08-17T18:48:05Z,
194.187.178.99,ipv4,malicious-ip,medium,WHITE,ziyadnz/hourly-ipv4,ziyadnz|hourly,2026-08-17T18:48:05Z,2026-08-17T18:48:05Z,
194.187.180.20,ipv4,malicious-ip,medium,WHITE,ziyadnz/hourly-ipv4,ziyadnz|hourly,2026-08-17T18:48:05Z,2026-08-17T18:48:05Z,
194.190.1.192,ipv4,malicious-ip,medium,WHITE,ziyadnz/hourly-ipv4,ziyadnz|hourly,2026-08-17T18:48:05Z,2026-08-17T18:48:05Z,
194.190.153.198,ipv4,malicious-ip,medium,WHITE,ziyadnz/hourly-ipv4,ziyadnz|hourly,2026-08-17T18:48:05Z,2026-08-17T18:48:05Z,
194.190.153.226,ipv4,malicious-ip,medium,WHITE,ziyadnz/hourly-ipv4,ziyadnz|hourly,2026-08-17T18:48:05Z,2026-08-17T18:48:05Z,
194.190.42.163,ipv4,malicious-ip,medium,WHITE,ziyadnz/hourly-ipv4,ziyadnz|hourly,2026-08-17T18:48:05Z,2026-08-17T18:48:05Z,
194.190.42.164,ipv4,malicious-ip,medium,WHITE,ziyadnz/hourly-ipv4,ziyadnz|hourly,2026-08-17T18:48:05Z,2026-08-17T18:48:05Z,
194.190.42.167,ipv4,malicious-ip,medium,WHITE,ziyadnz/hourly-ipv4,ziyadnz|hourly,2026-08-17T18:48:05Z,2026-08-17T18:48:05Z,
194.191.24.36,ipv4,malicious-ip,medium,WHITE,ziyadnz/hourly-ipv4,ziyadnz|hourly,2026-08-17T18:48:05Z,2026-08-17T18:48:05Z,
194.193.57.133,ipv4,malicious-ip,medium,WHITE,ziyadnz/hourly-ipv4,ziyadnz|hourly,2026-08-17T18:48:05Z,2026-08-17T18:48:05Z,
194.193.62.58,ipv4,malicious-ip,medium,WHITE,ziyadnz/hourly-ipv4,ziyadnz|hourly,2026-08-17T18:48:05Z,2026-08-17T18:48:05Z,
194.195.208.213,ipv4,malicious-ip,medium,WHITE,ziyadnz/hourly-ipv4,ziyadnz|hourly,2026-08-17T18:48:05Z,2026-08-17T18:48:05Z,
194.195.208.236,ipv4,malicious-ip,medium,WHITE,ziyadnz/hourly-ipv4,ziyadnz|hourly,2026-08-17T18:48:05Z,2026-08-17T18:48:05Z,
194.195.208.25,ipv4,malicious-ip,medium,WHITE,ziyadnz/hourly-ipv4,ziyadnz|hourly,2026-08-17T18:48:05Z,2026-08-17T18:48:05Z,
194.195.208.32,ipv4,malicious-ip,medium,WHITE,ziyadnz/hourly-ipv4,ziyadnz|hourly,2026-08-17T18:48:05Z,2026-08-17T18:48:05Z,
194.195.208.55,ipv4,malicious-ip,medium,WHITE,ziyadnz/hourly-ipv4,ziyadnz|hourly,2026-08-17T18:48:05Z,2026-08-17T18:48:05Z,
194.195.208.6,ipv4,malicious-ip,medium,WHITE,ziyadnz/hourly-ipv4,ziyadnz|hourly,2026-08-17T18:48:05Z,2026-08-17T18:48:05Z,
194.195.208.70,ipv4,malicious-ip,medium,WHITE,ziyadnz/hourly-ipv4,ziyadnz|hourly,2026-08-17T18:48:05Z,2026-08-17T18:48:05Z,
194.195.211.196,ipv4,malicious-ip,medium,WHITE,ziyadnz/hourly-ipv4,ziyadnz|hourly,2026-08-17T18:48:05Z,2026-08-17T18:48:05Z,
194.195.211.201,ipv4,malicious-ip,medium,WHITE,ziyadnz/hourly-ipv4,ziyadnz|hourly,2026-08-17T18:48:05Z,2026-08-17T18:48:05Z,
194.195.248.245,ipv4,malicious-ip,medium,WHITE,ziyadnz/hourly-ipv4,ziyadnz|hourly,2026-08-17T18:48:05Z,2026-08-17T18:48:05Z,
194.195.252.210,ipv4,malicious-ip,medium,WHITE,ziyadnz/hourly-ipv4,ziyadnz|hourly,2026-08-17T18:48:05Z,2026-08-17T18:48:05Z,
194.195.86.249,ipv4,malicious-ip,medium,WHITE,ziyadnz/hourly-ipv4,ziyadnz|hourly,2026-08-17T18:48:05Z,2026-08-17T18:48:05Z,
194.195.89.47,ipv4,malicious-ip,medium,WHITE,ziyadnz/hourly-ipv4,ziyadnz|hourly,2026-08-17T18:48:05Z,2026-08-17T18:48:05Z,
194.195.90.179,ipv4,malicious-ip,medium,WHITE,ziyadnz/hourly-ipv4,ziyadnz|hourly,2026-08-17T18:48:05Z,2026-08-17T18:48:05Z,
194.206.129.219,ipv4,malicious-ip,medium,WHITE,ziyadnz/hourly-ipv4,ziyadnz|hourly,2026-08-17T18:48:05Z,2026-08-17T18:48:05Z,
194.213.16.9,ipv4,malicious-ip,medium,WHITE,ziyadnz/hourly-ipv4,ziyadnz|hourly,2026-08-17T18:48:05Z,2026-08-17T18:48:05Z,
194.213.18.137,ipv4,malicious-ip,medium,WHITE,ziyadnz/hourly-ipv4,ziyadnz|hourly,2026-08-17T18:48:05Z,2026-08-17T18:48:05Z,
194.213.18.89,ipv4,malicious-ip,medium,WHITE,ziyadnz/hourly-ipv4,ziyadnz|hourly,2026-08-17T18:48:05Z,2026-08-17T18:48:05Z,
194.213.18.93,ipv4,malicious-ip,medium,WHITE,ziyadnz/hourly-ipv4,ziyadnz|hourly,2026-08-17T18:48:05Z,2026-08-17T18:48:05Z,
194.213.3.25,ipv4,malicious-ip,medium,WHITE,ziyadnz/hourly-ipv4,ziyadnz|hourly,2026-08-17T18:48:05Z,2026-08-17T18:48:05Z,
194.219.244.19,ipv4,malicious-ip,medium,WHITE,ziyadnz/hourly-ipv4,ziyadnz|hourly,2026-08-17T18:48:05Z,2026-08-17T18:48:05Z,
194.226.120.42,ipv4,malicious-ip,medium,WHITE,ziyadnz/hourly-ipv4,ziyadnz|hourly,2026-08-17T18:48:05Z,2026-08-17T18:48:05Z,
194.226.165.114,ipv4,malicious-ip,medium,WHITE,ziyadnz/hourly-ipv4,ziyadnz|hourly,2026-08-17T18:48:05Z,2026-08-17T18:48:05Z,
194.226.166.214,ipv4,malicious-ip,medium,WHITE,ziyadnz/hourly-ipv4,ziyadnz|hourly,2026-08-17T18:48:05Z,2026-08-17T18:48:05Z,
194.226.185.40,ipv4,malicious-ip,medium,WHITE,ziyadnz/hourly-ipv4,ziyadnz|hourly,2026-08-17T18:48:05Z,2026-08-17T18:48:05Z,
194.226.49.237,ipv4,malicious-ip,medium,WHITE,ziyadnz/hourly-ipv4,ziyadnz|hourly,2026-08-17T18:48:05Z,2026-08-17T18:48:05Z,
194.233.65.92,ipv4,malicious-ip,medium,WHITE,ziyadnz/hourly-ipv4,ziyadnz|hourly,2026-08-17T18:48:05Z,2026-08-17T18:48:05Z,
194.233.68.6,ipv4,malicious-ip,medium,WHITE,ziyadnz/hourly-ipv4,ziyadnz|hourly,2026-08-17T18:48:05Z,2026-08-17T18:48:05Z,
194.233.68.72,ipv4,malicious-ip,medium,WHITE,ziyadnz/hourly-ipv4,ziyadnz|hourly,2026-08-17T18:48:05Z,2026-08-17T18:48:05Z,
194.233.70.67,ipv4,malicious-ip,medium,WHITE,ziyadnz/hourly-ipv4,ziyadnz|hourly,2026-08-17T18:48:05Z,2026-08-17T18:48:05Z,
194.233.81.175,ipv4,malicious-ip,medium,WHITE,ziyadnz/hourly-ipv4,ziyadnz|hourly,2026-08-17T18:48:05Z,2026-08-17T18:48:05Z,
194.233.86.245,ipv4,malicious-ip,medium,WHITE,ziyadnz/hourly-ipv4,ziyadnz|hourly,2026-08-17T18:48:05Z,2026-08-17T18:48:05Z,
194.233.91.154,ipv4,malicious-ip,medium,WHITE,ziyadnz/hourly-ipv4,ziyadnz|hourly,2026-08-17T18:48:05Z,2026-08-17T18:48:05Z,
194.238.23.182,ipv4,malicious-ip,medium,WHITE,ziyadnz/hourly-ipv4,ziyadnz|hourly,2026-08-17T18:48:05Z,2026-08-17T18:48:05Z,
194.238.31.135,ipv4,malicious-ip,medium,WHITE,ziyadnz/hourly-ipv4,ziyadnz|hourly,2026-08-17T18:48:05Z,2026-08-17T18:48:05Z,
194.238.31.80,ipv4,malicious-ip,medium,WHITE,ziyadnz/hourly-ipv4,ziyadnz|hourly,2026-08-17T18:48:05Z,2026-08-17T18:48:05Z,
194.242.103.87,ipv4,malicious-ip,medium,WHITE,ziyadnz/hourly-ipv4,ziyadnz|hourly,2026-08-17T18:48:05Z,2026-08-17T18:48:05Z,
194.242.46.22,ipv4,malicious-ip,medium,WHITE,ziyadnz/hourly-ipv4,ziyadnz|hourly,2026-08-17T18:48:05Z,2026-08-17T18:48:05Z,
194.242.56.116,ipv4,malicious-ip,medium,WHITE,ziyadnz/hourly-ipv4,ziyadnz|hourly,2026-08-17T18:48:05Z,2026-08-17T18:48:05Z,
194.242.96.186,ipv4,malicious-ip,medium,WHITE,ziyadnz/hourly-ipv4,ziyadnz|hourly,2026-08-17T18:48:05Z,2026-08-17T18:48:05Z,
194.242.97.105,ipv4,malicious-ip,medium,WHITE,ziyadnz/hourly-ipv4,ziyadnz|hourly,2026-08-17T18:48:05Z,2026-08-17T18:48:05Z,
194.242.97.108,ipv4,malicious-ip,medium,WHITE,ziyadnz/hourly-ipv4,ziyadnz|hourly,2026-08-17T18:48:05Z,2026-08-17T18:48:05Z,
194.242.97.110,ipv4,malicious-ip,medium,WHITE,ziyadnz/hourly-ipv4,ziyadnz|hourly,2026-08-17T18:48:05Z,2026-08-17T18:48:05Z,
194.242.97.59,ipv4,malicious-ip,medium,WHITE,ziyadnz/hourly-ipv4,ziyadnz|hourly,2026-08-17T18:48:05Z,2026-08-17T18:48:05Z,
194.242.97.76,ipv4,malicious-ip,medium,WHITE,ziyadnz/hourly-ipv4,ziyadnz|hourly,2026-08-17T18:48:05Z,2026-08-17T18:48:05Z,
194.242.98.246,ipv4,malicious-ip,medium,WHITE,ziyadnz/hourly-ipv4,ziyadnz|hourly,2026-08-17T18:48:05Z,2026-08-17T18:48:05Z,
194.242.99.98,ipv4,malicious-ip,medium,WHITE,ziyadnz/hourly-ipv4,ziyadnz|hourly,2026-08-17T18:48:05Z,2026-08-17T18:48:05Z,
194.255.255.242,ipv4,malicious-ip,medium,WHITE,ziyadnz/hourly-ipv4,ziyadnz|hourly,2026-08-17T18:48:05Z,2026-08-17T18:48:05Z,
194.255.8.116,ipv4,malicious-ip,medium,WHITE,ziyadnz/hourly-ipv4,ziyadnz|hourly,2026-08-17T18:48:05Z,2026-08-17T18:48:05Z,
194.26.135.44,ipv4,malicious-ip,medium,WHITE,ziyadnz/hourly-ipv4,ziyadnz|hourly,2026-08-17T18:48:05Z,2026-08-17T18:48:05Z,
194.26.192.120,ipv4,malicious-ip,medium,WHITE,ziyadnz/hourly-ipv4,ziyadnz|hourly,2026-08-17T18:48:05Z,2026-08-17T18:48:05Z,
194.26.192.129,ipv4,malicious-ip,medium,WHITE,ziyadnz/hourly-ipv4,ziyadnz|hourly,2026-08-17T18:48:05Z,2026-08-17T18:48:05Z,
194.26.192.145,ipv4,malicious-ip,medium,WHITE,ziyadnz/hourly-ipv4,ziyadnz|hourly,2026-08-17T18:48:05Z,2026-08-17T18:48:05Z,
194.26.192.187,ipv4,malicious-ip,medium,WHITE,ziyadnz/hourly-ipv4,ziyadnz|hourly,2026-08-17T18:48:05Z,2026-08-17T18:48:05Z,
194.26.192.191,ipv4,malicious-ip,medium,WHITE,ziyadnz/hourly-ipv4,ziyadnz|hourly,2026-08-17T18:48:05Z,2026-08-17T18:48:05Z,
194.26.192.203,ipv4,malicious-ip,medium,WHITE,ziyadnz/hourly-ipv4,ziyadnz|hourly,2026-08-17T18:48:05Z,2026-08-17T18:48:05Z,
194.26.192.254,ipv4,malicious-ip,medium,WHITE,ziyadnz/hourly-ipv4,ziyadnz|hourly,2026-08-17T18:48:05Z,2026-08-17T18:48:05Z,
194.26.232.180,ipv4,malicious-ip,medium,WHITE,ziyadnz/hourly-ipv4,ziyadnz|hourly,2026-08-17T18:48:05Z,2026-08-17T18:48:05Z,
194.26.29.217,ipv4,malicious-ip,medium,WHITE,ziyadnz/hourly-ipv4,ziyadnz|hourly,2026-08-17T18:48:05Z,2026-08-17T18:48:05Z,
194.26.29.44,ipv4,malicious-ip,medium,WHITE,ziyadnz/hourly-ipv4,ziyadnz|hourly,2026-08-17T18:48:05Z,2026-08-17T18:48:05Z,
194.28.102.9,ipv4,malicious-ip,medium,WHITE,ziyadnz/hourly-ipv4,ziyadnz|hourly,2026-08-17T18:48:05Z,2026-08-17T18:48:05Z,
194.28.181.70,ipv4,malicious-ip,medium,WHITE,ziyadnz/hourly-ipv4,ziyadnz|hourly,2026-08-17T18:48:05Z,2026-08-17T18:48:05Z,
194.28.225.230,ipv4,malicious-ip,medium,WHITE,ziyadnz/hourly-ipv4,ziyadnz|hourly,2026-08-17T18:48:05Z,2026-08-17T18:48:05Z,
194.28.56.186,ipv4,malicious-ip,medium,WHITE,ziyadnz/hourly-ipv4,ziyadnz|hourly,2026-08-17T18:48:05Z,2026-08-17T18:48:05Z,
194.28.65.94,ipv4,malicious-ip,medium,WHITE,ziyadnz/hourly-ipv4,ziyadnz|hourly,2026-08-17T18:48:05Z,2026-08-17T18:48:05Z,
194.31.220.231,ipv4,malicious-ip,medium,WHITE,ziyadnz/hourly-ipv4,ziyadnz|hourly,2026-08-17T18:48:05Z,2026-08-17T18:48:05Z,
194.31.223.42,ipv4,malicious-ip,medium,WHITE,ziyadnz/hourly-ipv4,ziyadnz|hourly,2026-08-17T18:48:05Z,2026-08-17T18:48:05Z,
194.31.223.71,ipv4,malicious-ip,medium,WHITE,ziyadnz/hourly-ipv4,ziyadnz|hourly,2026-08-17T18:48:05Z,2026-08-17T18:48:05Z,
194.31.245.46,ipv4,malicious-ip,medium,WHITE,ziyadnz/hourly-ipv4,ziyadnz|hourly,2026-08-17T18:48:05Z,2026-08-17T18:48:05Z,
194.31.55.131,ipv4,malicious-ip,medium,WHITE,ziyadnz/hourly-ipv4,ziyadnz|hourly,2026-08-17T18:48:05Z,2026-08-17T18:48:05Z,
194.31.98.119,ipv4,malicious-ip,medium,WHITE,ziyadnz/hourly-ipv4,ziyadnz|hourly,2026-08-17T18:48:05Z,2026-08-17T18:48:05Z,
194.31.98.17,ipv4,malicious-ip,medium,WHITE,ziyadnz/hourly-ipv4,ziyadnz|hourly,2026-08-17T18:48:05Z,2026-08-17T18:48:05Z,
194.31.98.244,ipv4,malicious-ip,medium,WHITE,ziyadnz/hourly-ipv4,ziyadnz|hourly,2026-08-17T18:48:05Z,2026-08-17T18:48:05Z,
194.32.107.14,ipv4,malicious-ip,medium,WHITE,ziyadnz/hourly-ipv4,ziyadnz|hourly,2026-08-17T18:48:05Z,2026-08-17T18:48:05Z,
194.32.107.172,ipv4,malicious-ip,medium,WHITE,ziyadnz/hourly-ipv4,ziyadnz|hourly,2026-08-17T18:48:05Z,2026-08-17T18:48:05Z,
194.32.120.109,ipv4,malicious-ip,medium,WHITE,ziyadnz/hourly-ipv4,ziyadnz|hourly,2026-08-17T18:48:05Z,2026-08-17T18:48:05Z,
194.32.140.229,ipv4,malicious-ip,medium,WHITE,ziyadnz/hourly-ipv4,ziyadnz|hourly,2026-08-17T18:48:05Z,2026-08-17T18:48:05Z,
194.32.142.238,ipv4,malicious-ip,medium,WHITE,ziyadnz/hourly-ipv4,ziyadnz|hourly,2026-08-17T18:48:05Z,2026-08-17T18:48:05Z,
194.32.242.137,ipv4,malicious-ip,medium,WHITE,ziyadnz/hourly-ipv4,ziyadnz|hourly,2026-08-17T18:48:05Z,2026-08-17T18:48:05Z,
194.32.242.141,ipv4,malicious-ip,medium,WHITE,ziyadnz/hourly-ipv4,ziyadnz|hourly,2026-08-17T18:48:05Z,2026-08-17T18:48:05Z,
194.32.242.163,ipv4,malicious-ip,medium,WHITE,ziyadnz/hourly-ipv4,ziyadnz|hourly,2026-08-17T18:48:05Z,2026-08-17T18:48:05Z,
194.32.87.93,ipv4,malicious-ip,medium,WHITE,ziyadnz/hourly-ipv4,ziyadnz|hourly,2026-08-17T18:48:05Z,2026-08-17T18:48:05Z,
194.33.191.102,ipv4,malicious-ip,medium,WHITE,ziyadnz/hourly-ipv4,ziyadnz|hourly,2026-08-17T18:48:05Z,2026-08-17T18:48:05Z,
194.33.191.248,ipv4,malicious-ip,medium,WHITE,ziyadnz/hourly-ipv4,ziyadnz|hourly,2026-08-17T18:48:05Z,2026-08-17T18:48:05Z,
194.33.191.60,ipv4,malicious-ip,medium,WHITE,ziyadnz/hourly-ipv4,ziyadnz|hourly,2026-08-17T18:48:05Z,2026-08-17T18:48:05Z,
194.33.191.62,ipv4,malicious-ip,medium,WHITE,ziyadnz/hourly-ipv4,ziyadnz|hourly,2026-08-17T18:48:05Z,2026-08-17T18:48:05Z,
194.33.40.103,ipv4,malicious-ip,medium,WHITE,ziyadnz/hourly-ipv4,ziyadnz|hourly,2026-08-17T18:48:05Z,2026-08-17T18:48:05Z,
194.33.40.104,ipv4,malicious-ip,medium,WHITE,ziyadnz/hourly-ipv4,ziyadnz|hourly,2026-08-17T18:48:05Z,2026-08-17T18:48:05Z,
194.33.40.164,ipv4,malicious-ip,medium,WHITE,ziyadnz/hourly-ipv4,ziyadnz|hourly,2026-08-17T18:48:05Z,2026-08-17T18:48:05Z,
194.33.43.214,ipv4,malicious-ip,medium,WHITE,ziyadnz/hourly-ipv4,ziyadnz|hourly,2026-08-17T18:48:05Z,2026-08-17T18:48:05Z,
194.33.45.155,ipv4,malicious-ip,medium,WHITE,ziyadnz/hourly-ipv4,ziyadnz|hourly,2026-08-17T18:48:05Z,2026-08-17T18:48:05Z,
194.33.45.162,ipv4,malicious-ip,medium,WHITE,ziyadnz/hourly-ipv4,ziyadnz|hourly,2026-08-17T18:48:05Z,2026-08-17T18:48:05Z,
194.33.48.22,ipv4,malicious-ip,medium,WHITE,ziyadnz/hourly-ipv4,ziyadnz|hourly,2026-08-17T18:48:05Z,2026-08-17T18:48:05Z,
194.34.105.142,ipv4,malicious-ip,medium,WHITE,ziyadnz/hourly-ipv4,ziyadnz|hourly,2026-08-17T18:48:05Z,2026-08-17T18:48:05Z,
194.34.134.177,ipv4,malicious-ip,medium,WHITE,ziyadnz/hourly-ipv4,ziyadnz|hourly,2026-08-17T18:48:05Z,2026-08-17T18:48:05Z,
194.36.177.46,ipv4,malicious-ip,medium,WHITE,ziyadnz/hourly-ipv4,ziyadnz|hourly,2026-08-17T18:48:05Z,2026-08-17T18:48:05Z,
194.36.188.7,ipv4,malicious-ip,medium,WHITE,ziyadnz/hourly-ipv4,ziyadnz|hourly,2026-08-17T18:48:05Z,2026-08-17T18:48:05Z,
194.36.189.179,ipv4,malicious-ip,medium,WHITE,ziyadnz/hourly-ipv4,ziyadnz|hourly,2026-08-17T18:48:05Z,2026-08-17T18:48:05Z,
194.36.190.73,ipv4,malicious-ip,medium,WHITE,ziyadnz/hourly-ipv4,ziyadnz|hourly,2026-08-17T18:48:05Z,2026-08-17T18:48:05Z,
194.36.191.75,ipv4,malicious-ip,medium,WHITE,ziyadnz/hourly-ipv4,ziyadnz|hourly,2026-08-17T18:48:05Z,2026-08-17T18:48:05Z,
194.36.209.127,ipv4,malicious-ip,medium,WHITE,ziyadnz/hourly-ipv4,ziyadnz|hourly,2026-08-17T18:48:05Z,2026-08-17T18:48:05Z,
194.36.209.227,ipv4,malicious-ip,medium,WHITE,ziyadnz/hourly-ipv4,ziyadnz|hourly,2026-08-17T18:48:05Z,2026-08-17T18:48:05Z,
194.36.27.173,ipv4,malicious-ip,medium,WHITE,ziyadnz/hourly-ipv4,ziyadnz|hourly,2026-08-17T18:48:05Z,2026-08-17T18:48:05Z,
194.36.80.225,ipv4,malicious-ip,medium,WHITE,ziyadnz/hourly-ipv4,ziyadnz|hourly,2026-08-17T18:48:05Z,2026-08-17T18:48:05Z,
194.36.80.60,ipv4,malicious-ip,medium,WHITE,ziyadnz/hourly-ipv4,ziyadnz|hourly,2026-08-17T18:48:05Z,2026-08-17T18:48:05Z,
194.36.85.105,ipv4,malicious-ip,medium,WHITE,ziyadnz/hourly-ipv4,ziyadnz|hourly,2026-08-17T18:48:05Z,2026-08-17T18:48:05Z,
194.37.97.160,ipv4,malicious-ip,medium,WHITE,ziyadnz/hourly-ipv4,ziyadnz|hourly,2026-08-17T18:48:05Z,2026-08-17T18:48:05Z,
194.38.2.5,ipv4,malicious-ip,medium,WHITE,ziyadnz/hourly-ipv4,ziyadnz|hourly,2026-08-17T18:48:05Z,2026-08-17T18:48:05Z,
194.38.21.42,ipv4,malicious-ip,medium,WHITE,ziyadnz/hourly-ipv4,ziyadnz|hourly,2026-08-17T18:48:05Z,2026-08-17T18:48:05Z,
194.38.22.53,ipv4,malicious-ip,medium,WHITE,ziyadnz/hourly-ipv4,ziyadnz|hourly,2026-08-17T18:48:05Z,2026-08-17T18:48:05Z,
194.38.23.170,ipv4,malicious-ip,medium,WHITE,ziyadnz/hourly-ipv4,ziyadnz|hourly,2026-08-17T18:48:05Z,2026-08-17T18:48:05Z,
194.39.226.130,ipv4,malicious-ip,medium,WHITE,ziyadnz/hourly-ipv4,ziyadnz|hourly,2026-08-17T18:48:05Z,2026-08-17T18:48:05Z,
194.39.227.0,ipv4,malicious-ip,medium,WHITE,ziyadnz/hourly-ipv4,ziyadnz|hourly,2026-08-17T18:48:05Z,2026-08-17T18:48:05Z,
194.39.227.101,ipv4,malicious-ip,medium,WHITE,ziyadnz/hourly-ipv4,ziyadnz|hourly,2026-08-17T18:48:05Z,2026-08-17T18:48:05Z,
194.39.227.106,ipv4,malicious-ip,medium,WHITE,ziyadnz/hourly-ipv4,ziyadnz|hourly,2026-08-17T18:48:05Z,2026-08-17T18:48:05Z,
194.39.227.107,ipv4,malicious-ip,medium,WHITE,ziyadnz/hourly-ipv4,ziyadnz|hourly,2026-08-17T18:48:05Z,2026-08-17T18:48:05Z,
194.39.227.109,ipv4,malicious-ip,medium,WHITE,ziyadnz/hourly-ipv4,ziyadnz|hourly,2026-08-17T18:48:05Z,2026-08-17T18:48:05Z,
194.39.227.110,ipv4,malicious-ip,medium,WHITE,ziyadnz/hourly-ipv4,ziyadnz|hourly,2026-08-17T18:48:05Z,2026-08-17T18:48:05Z,
194.39.227.112,ipv4,malicious-ip,medium,WHITE,ziyadnz/hourly-ipv4,ziyadnz|hourly,2026-08-17T18:48:05Z,2026-08-17T18:48:05Z,
194.39.227.120,ipv4,malicious-ip,medium,WHITE,ziyadnz/hourly-ipv4,ziyadnz|hourly,2026-08-17T18:48:05Z,2026-08-17T18:48:05Z,
194.39.227.121,ipv4,malicious-ip,medium,WHITE,ziyadnz/hourly-ipv4,ziyadnz|hourly,2026-08-17T18:48:05Z,2026-08-17T18:48:05Z,
194.39.227.126,ipv4,malicious-ip,medium,WHITE,ziyadnz/hourly-ipv4,ziyadnz|hourly,2026-08-17T18:48:05Z,2026-08-17T18:48:05Z,
194.39.227.127,ipv4,malicious-ip,medium,WHITE,ziyadnz/hourly-ipv4,ziyadnz|hourly,2026-08-17T18:48:05Z,2026-08-17T18:48:05Z,
194.39.227.27,ipv4,malicious-ip,medium,WHITE,ziyadnz/hourly-ipv4,ziyadnz|hourly,2026-08-17T18:48:05Z,2026-08-17T18:48:05Z,
194.39.227.64,ipv4,malicious-ip,medium,WHITE,ziyadnz/hourly-ipv4,ziyadnz|hourly,2026-08-17T18:48:05Z,2026-08-17T18:48:05Z,
194.39.227.67,ipv4,malicious-ip,medium,WHITE,ziyadnz/hourly-ipv4,ziyadnz|hourly,2026-08-17T18:48:05Z,2026-08-17T18:48:05Z,
194.39.227.71,ipv4,malicious-ip,medium,WHITE,ziyadnz/hourly-ipv4,ziyadnz|hourly,2026-08-17T18:48:05Z,2026-08-17T18:48:05Z,
194.39.227.77,ipv4,malicious-ip,medium,WHITE,ziyadnz/hourly-ipv4,ziyadnz|hourly,2026-08-17T18:48:05Z,2026-08-17T18:48:05Z,
194.39.227.81,ipv4,malicious-ip,medium,WHITE,ziyadnz/hourly-ipv4,ziyadnz|hourly,2026-08-17T18:48:05Z,2026-08-17T18:48:05Z,
194.39.227.82,ipv4,malicious-ip,medium,WHITE,ziyadnz/hourly-ipv4,ziyadnz|hourly,2026-08-17T18:48:05Z,2026-08-17T18:48:05Z,
194.39.227.86,ipv4,malicious-ip,medium,WHITE,ziyadnz/hourly-ipv4,ziyadnz|hourly,2026-08-17T18:48:05Z,2026-08-17T18:48:05Z,
194.39.227.97,ipv4,malicious-ip,medium,WHITE,ziyadnz/hourly-ipv4,ziyadnz|hourly,2026-08-17T18:48:05Z,2026-08-17T18:48:05Z,
194.39.227.98,ipv4,malicious-ip,medium,WHITE,ziyadnz/hourly-ipv4,ziyadnz|hourly,2026-08-17T18:48:05Z,2026-08-17T18:48:05Z,
194.4.49.175,ipv4,malicious-ip,medium,WHITE,ziyadnz/hourly-ipv4,ziyadnz|hourly,2026-08-17T18:48:05Z,2026-08-17T18:48:05Z,
194.4.51.160,ipv4,malicious-ip,medium,WHITE,ziyadnz/hourly-ipv4,ziyadnz|hourly,2026-08-17T18:48:05Z,2026-08-17T18:48:05Z,
194.4.53.38,ipv4,malicious-ip,medium,WHITE,ziyadnz/hourly-ipv4,ziyadnz|hourly,2026-08-17T18:48:05Z,2026-08-17T18:48:05Z,
194.4.69.183,ipv4,malicious-ip,medium,WHITE,ziyadnz/hourly-ipv4,ziyadnz|hourly,2026-08-17T18:48:05Z,2026-08-17T18:48:05Z,
194.4.69.242,ipv4,malicious-ip,medium,WHITE,ziyadnz/hourly-ipv4,ziyadnz|hourly,2026-08-17T18:48:05Z,2026-08-17T18:48:05Z,
194.42.112.55,ipv4,malicious-ip,medium,WHITE,ziyadnz/hourly-ipv4,ziyadnz|hourly,2026-08-17T18:48:05Z,2026-08-17T18:48:05Z,
194.42.113.112,ipv4,malicious-ip,medium,WHITE,ziyadnz/hourly-ipv4,ziyadnz|hourly,2026-08-17T18:48:05Z,2026-08-17T18:48:05Z,
194.42.113.39,ipv4,malicious-ip,medium,WHITE,ziyadnz/hourly-ipv4,ziyadnz|hourly,2026-08-17T18:48:05Z,2026-08-17T18:48:05Z,
194.42.113.54,ipv4,malicious-ip,medium,WHITE,ziyadnz/hourly-ipv4,ziyadnz|hourly,2026-08-17T18:48:05Z,2026-08-17T18:48:05Z,
194.42.113.72,ipv4,malicious-ip,medium,WHITE,ziyadnz/hourly-ipv4,ziyadnz|hourly,2026-08-17T18:48:05Z,2026-08-17T18:48:05Z,
194.44.106.122,ipv4,malicious-ip,medium,WHITE,ziyadnz/hourly-ipv4,ziyadnz|hourly,2026-08-17T18:48:05Z,2026-08-17T18:48:05Z,
194.44.123.123,ipv4,malicious-ip,medium,WHITE,ziyadnz/hourly-ipv4,ziyadnz|hourly,2026-08-17T18:48:05Z,2026-08-17T18:48:05Z,
194.44.125.92,ipv4,malicious-ip,medium,WHITE,ziyadnz/hourly-ipv4,ziyadnz|hourly,2026-08-17T18:48:05Z,2026-08-17T18:48:05Z,
194.44.130.222,ipv4,malicious-ip,medium,WHITE,ziyadnz/hourly-ipv4,ziyadnz|hourly,2026-08-17T18:48:05Z,2026-08-17T18:48:05Z,
194.44.132.163,ipv4,malicious-ip,medium,WHITE,ziyadnz/hourly-ipv4,ziyadnz|hourly,2026-08-17T18:48:05Z,2026-08-17T18:48:05Z,
194.44.134.16,ipv4,malicious-ip,medium,WHITE,ziyadnz/hourly-ipv4,ziyadnz|hourly,2026-08-17T18:48:05Z,2026-08-17T18:48:05Z,
194.44.140.0,ipv4,malicious-ip,medium,WHITE,ziyadnz/hourly-ipv4,ziyadnz|hourly,2026-08-17T18:48:05Z,2026-08-17T18:48:05Z,
194.44.140.116,ipv4,malicious-ip,medium,WHITE,ziyadnz/hourly-ipv4,ziyadnz|hourly,2026-08-17T18:48:05Z,2026-08-17T18:48:05Z,
194.44.140.12,ipv4,malicious-ip,medium,WHITE,ziyadnz/hourly-ipv4,ziyadnz|hourly,2026-08-17T18:48:05Z,2026-08-17T18:48:05Z,
194.44.140.122,ipv4,malicious-ip,medium,WHITE,ziyadnz/hourly-ipv4,ziyadnz|hourly,2026-08-17T18:48:05Z,2026-08-17T18:48:05Z,
194.44.140.129,ipv4,malicious-ip,medium,WHITE,ziyadnz/hourly-ipv4,ziyadnz|hourly,2026-08-17T18:48:05Z,2026-08-17T18:48:05Z,
194.44.140.134,ipv4,malicious-ip,medium,WHITE,ziyadnz/hourly-ipv4,ziyadnz|hourly,2026-08-17T18:48:05Z,2026-08-17T18:48:05Z,
194.44.140.150,ipv4,malicious-ip,medium,WHITE,ziyadnz/hourly-ipv4,ziyadnz|hourly,2026-08-17T18:48:05Z,2026-08-17T18:48:05Z,
194.44.140.151,ipv4,malicious-ip,medium,WHITE,ziyadnz/hourly-ipv4,ziyadnz|hourly,2026-08-17T18:48:05Z,2026-08-17T18:48:05Z,
194.44.140.153,ipv4,malicious-ip,medium,WHITE,ziyadnz/hourly-ipv4,ziyadnz|hourly,2026-08-17T18:48:05Z,2026-08-17T18:48:05Z,
194.44.140.155,ipv4,malicious-ip,medium,WHITE,ziyadnz/hourly-ipv4,ziyadnz|hourly,2026-08-17T18:48:05Z,2026-08-17T18:48:05Z,
194.44.140.163,ipv4,malicious-ip,medium,WHITE,ziyadnz/hourly-ipv4,ziyadnz|hourly,2026-08-17T18:48:05Z,2026-08-17T18:48:05Z,
194.44.140.169,ipv4,malicious-ip,medium,WHITE,ziyadnz/hourly-ipv4,ziyadnz|hourly,2026-08-17T18:48:05Z,2026-08-17T18:48:05Z,
194.44.140.172,ipv4,malicious-ip,medium,WHITE,ziyadnz/hourly-ipv4,ziyadnz|hourly,2026-08-17T18:48:05Z,2026-08-17T18:48:05Z,
194.44.140.178,ipv4,malicious-ip,medium,WHITE,ziyadnz/hourly-ipv4,ziyadnz|hourly,2026-08-17T18:48:05Z,2026-08-17T18:48:05Z,
194.44.140.183,ipv4,malicious-ip,medium,WHITE,ziyadnz/hourly-ipv4,ziyadnz|hourly,2026-08-17T18:48:05Z,2026-08-17T18:48:05Z,
194.44.140.200,ipv4,malicious-ip,medium,WHITE,ziyadnz/hourly-ipv4,ziyadnz|hourly,2026-08-17T18:48:05Z,2026-08-17T18:48:05Z,
194.44.140.203,ipv4,malicious-ip,medium,WHITE,ziyadnz/hourly-ipv4,ziyadnz|hourly,2026-08-17T18:48:05Z,2026-08-17T18:48:05Z,
194.44.140.207,ipv4,malicious-ip,medium,WHITE,ziyadnz/hourly-ipv4,ziyadnz|hourly,2026-08-17T18:48:05Z,2026-08-17T18:48:05Z,
194.44.140.22,ipv4,malicious-ip,medium,WHITE,ziyadnz/hourly-ipv4,ziyadnz|hourly,2026-08-17T18:48:05Z,2026-08-17T18:48:05Z,
194.44.140.220,ipv4,malicious-ip,medium,WHITE,ziyadnz/hourly-ipv4,ziyadnz|hourly,2026-08-17T18:48:05Z,2026-08-17T18:48:05Z,
194.44.140.31,ipv4,malicious-ip,medium,WHITE,ziyadnz/hourly-ipv4,ziyadnz|hourly,2026-08-17T18:48:05Z,2026-08-17T18:48:05Z,
194.44.140.34,ipv4,malicious-ip,medium,WHITE,ziyadnz/hourly-ipv4,ziyadnz|hourly,2026-08-17T18:48:05Z,2026-08-17T18:48:05Z,
194.44.140.58,ipv4,malicious-ip,medium,WHITE,ziyadnz/hourly-ipv4,ziyadnz|hourly,2026-08-17T18:48:05Z,2026-08-17T18:48:05Z,
194.44.140.71,ipv4,malicious-ip,medium,WHITE,ziyadnz/hourly-ipv4,ziyadnz|hourly,2026-08-17T18:48:05Z,2026-08-17T18:48:05Z,
194.44.140.77,ipv4,malicious-ip,medium,WHITE,ziyadnz/hourly-ipv4,ziyadnz|hourly,2026-08-17T18:48:05Z,2026-08-17T18:48:05Z,
194.44.140.85,ipv4,malicious-ip,medium,WHITE,ziyadnz/hourly-ipv4,ziyadnz|hourly,2026-08-17T18:48:05Z,2026-08-17T18:48:05Z,
194.44.140.86,ipv4,malicious-ip,medium,WHITE,ziyadnz/hourly-ipv4,ziyadnz|hourly,2026-08-17T18:48:05Z,2026-08-17T18:48:05Z,
194.44.140.92,ipv4,malicious-ip,medium,WHITE,ziyadnz/hourly-ipv4,ziyadnz|hourly,2026-08-17T18:48:05Z,2026-08-17T18:48:05Z,
194.44.140.99,ipv4,malicious-ip,medium,WHITE,ziyadnz/hourly-ipv4,ziyadnz|hourly,2026-08-17T18:48:05Z,2026-08-17T18:48:05Z,
194.44.200.199,ipv4,malicious-ip,medium,WHITE,ziyadnz/hourly-ipv4,ziyadnz|hourly,2026-08-17T18:48:05Z,2026-08-17T18:48:05Z,
194.44.201.155,ipv4,malicious-ip,medium,WHITE,ziyadnz/hourly-ipv4,ziyadnz|hourly,2026-08-17T18:48:05Z,2026-08-17T18:48:05Z,
194.44.208.118,ipv4,malicious-ip,medium,WHITE,ziyadnz/hourly-ipv4,ziyadnz|hourly,2026-08-17T18:48:05Z,2026-08-17T18:48:05Z,
194.44.21.6,ipv4,malicious-ip,medium,WHITE,ziyadnz/hourly-ipv4,ziyadnz|hourly,2026-08-17T18:48:05Z,2026-08-17T18:48:05Z,
194.44.225.67,ipv4,malicious-ip,medium,WHITE,ziyadnz/hourly-ipv4,ziyadnz|hourly,2026-08-17T18:48:05Z,2026-08-17T18:48:05Z,
194.44.253.66,ipv4,malicious-ip,medium,WHITE,ziyadnz/hourly-ipv4,ziyadnz|hourly,2026-08-17T18:48:05Z,2026-08-17T18:48:05Z,
194.44.253.67,ipv4,malicious-ip,medium,WHITE,ziyadnz/hourly-ipv4,ziyadnz|hourly,2026-08-17T18:48:05Z,2026-08-17T18:48:05Z,
194.44.253.75,ipv4,malicious-ip,medium,WHITE,ziyadnz/hourly-ipv4,ziyadnz|hourly,2026-08-17T18:48:05Z,2026-08-17T18:48:05Z,
194.44.26.102,ipv4,malicious-ip,medium,WHITE,ziyadnz/hourly-ipv4,ziyadnz|hourly,2026-08-17T18:48:05Z,2026-08-17T18:48:05Z,
194.44.26.117,ipv4,malicious-ip,medium,WHITE,ziyadnz/hourly-ipv4,ziyadnz|hourly,2026-08-17T18:48:05Z,2026-08-17T18:48:05Z,
194.44.26.153,ipv4,malicious-ip,medium,WHITE,ziyadnz/hourly-ipv4,ziyadnz|hourly,2026-08-17T18:48:05Z,2026-08-17T18:48:05Z,
194.44.26.37,ipv4,malicious-ip,medium,WHITE,ziyadnz/hourly-ipv4,ziyadnz|hourly,2026-08-17T18:48:05Z,2026-08-17T18:48:05Z,
194.44.26.78,ipv4,malicious-ip,medium,WHITE,ziyadnz/hourly-ipv4,ziyadnz|hourly,2026-08-17T18:48:05Z,2026-08-17T18:48:05Z,
194.44.27.201,ipv4,malicious-ip,medium,WHITE,ziyadnz/hourly-ipv4,ziyadnz|hourly,2026-08-17T18:48:05Z,2026-08-17T18:48:05Z,
194.44.33.47,ipv4,malicious-ip,medium,WHITE,ziyadnz/hourly-ipv4,ziyadnz|hourly,2026-08-17T18:48:05Z,2026-08-17T18:48:05Z,
194.44.46.85,ipv4,malicious-ip,medium,WHITE,ziyadnz/hourly-ipv4,ziyadnz|hourly,2026-08-17T18:48:05Z,2026-08-17T18:48:05Z,
194.44.50.166,ipv4,malicious-ip,medium,WHITE,ziyadnz/hourly-ipv4,ziyadnz|hourly,2026-08-17T18:48:05Z,2026-08-17T18:48:05Z,
194.44.50.30,ipv4,malicious-ip,medium,WHITE,ziyadnz/hourly-ipv4,ziyadnz|hourly,2026-08-17T18:48:05Z,2026-08-17T18:48:05Z,
194.44.56.139,ipv4,malicious-ip,medium,WHITE,ziyadnz/hourly-ipv4,ziyadnz|hourly,2026-08-17T18:48:05Z,2026-08-17T18:48:05Z,
194.44.56.233,ipv4,malicious-ip,medium,WHITE,ziyadnz/hourly-ipv4,ziyadnz|hourly,2026-08-17T18:48:05Z,2026-08-17T18:48:05Z,
194.44.57.120,ipv4,malicious-ip,medium,WHITE,ziyadnz/hourly-ipv4,ziyadnz|hourly,2026-08-17T18:48:05Z,2026-08-17T18:48:05Z,
194.44.57.242,ipv4,malicious-ip,medium,WHITE,ziyadnz/hourly-ipv4,ziyadnz|hourly,2026-08-17T18:48:05Z,2026-08-17T18:48:05Z,
194.44.71.1,ipv4,malicious-ip,medium,WHITE,ziyadnz/hourly-ipv4,ziyadnz|hourly,2026-08-17T18:48:05Z,2026-08-17T18:48:05Z,
194.44.77.54,ipv4,malicious-ip,medium,WHITE,ziyadnz/hourly-ipv4,ziyadnz|hourly,2026-08-17T18:48:05Z,2026-08-17T18:48:05Z,
194.44.78.0,ipv4,malicious-ip,medium,WHITE,ziyadnz/hourly-ipv4,ziyadnz|hourly,2026-08-17T18:48:05Z,2026-08-17T18:48:05Z,
194.44.78.189,ipv4,malicious-ip,medium,WHITE,ziyadnz/hourly-ipv4,ziyadnz|hourly,2026-08-17T18:48:05Z,2026-08-17T18:48:05Z,
194.44.78.232,ipv4,malicious-ip,medium,WHITE,ziyadnz/hourly-ipv4,ziyadnz|hourly,2026-08-17T18:48:05Z,2026-08-17T18:48:05Z,
194.44.78.250,ipv4,malicious-ip,medium,WHITE,ziyadnz/hourly-ipv4,ziyadnz|hourly,2026-08-17T18:48:05Z,2026-08-17T18:48:05Z,
194.44.78.64,ipv4,malicious-ip,medium,WHITE,ziyadnz/hourly-ipv4,ziyadnz|hourly,2026-08-17T18:48:05Z,2026-08-17T18:48:05Z,
194.44.89.18,ipv4,malicious-ip,medium,WHITE,ziyadnz/hourly-ipv4,ziyadnz|hourly,2026-08-17T18:48:05Z,2026-08-17T18:48:05Z,
194.44.96.143,ipv4,malicious-ip,medium,WHITE,ziyadnz/hourly-ipv4,ziyadnz|hourly,2026-08-17T18:48:05Z,2026-08-17T18:48:05Z,
194.44.96.196,ipv4,malicious-ip,medium,WHITE,ziyadnz/hourly-ipv4,ziyadnz|hourly,2026-08-17T18:48:05Z,2026-08-17T18:48:05Z,
194.44.96.64,ipv4,malicious-ip,medium,WHITE,ziyadnz/hourly-ipv4,ziyadnz|hourly,2026-08-17T18:48:05Z,2026-08-17T18:48:05Z,
194.46.59.169,ipv4,malicious-ip,medium,WHITE,ziyadnz/hourly-ipv4,ziyadnz|hourly,2026-08-17T18:48:05Z,2026-08-17T18:48:05Z,
194.49.94.104,ipv4,malicious-ip,medium,WHITE,ziyadnz/hourly-ipv4,ziyadnz|hourly,2026-08-17T18:48:05Z,2026-08-17T18:48:05Z,
194.49.94.142,ipv4,malicious-ip,medium,WHITE,ziyadnz/hourly-ipv4,ziyadnz|hourly,2026-08-17T18:48:05Z,2026-08-17T18:48:05Z,
194.49.94.152,ipv4,malicious-ip,medium,WHITE,ziyadnz/hourly-ipv4,ziyadnz|hourly,2026-08-17T18:48:05Z,2026-08-17T18:48:05Z,
194.49.94.40,ipv4,malicious-ip,medium,WHITE,ziyadnz/hourly-ipv4,ziyadnz|hourly,2026-08-17T18:48:05Z,2026-08-17T18:48:05Z,
194.49.94.77,ipv4,malicious-ip,medium,WHITE,ziyadnz/hourly-ipv4,ziyadnz|hourly,2026-08-17T18:48:05Z,2026-08-17T18:48:05Z,
194.49.94.80,ipv4,malicious-ip,medium,WHITE,ziyadnz/hourly-ipv4,ziyadnz|hourly,2026-08-17T18:48:05Z,2026-08-17T18:48:05Z,
194.5.147.26,ipv4,malicious-ip,medium,WHITE,ziyadnz/hourly-ipv4,ziyadnz|hourly,2026-08-17T18:48:05Z,2026-08-17T18:48:05Z,
194.5.176.86,ipv4,malicious-ip,medium,WHITE,ziyadnz/hourly-ipv4,ziyadnz|hourly,2026-08-17T18:48:05Z,2026-08-17T18:48:05Z,
194.5.206.29,ipv4,malicious-ip,medium,WHITE,ziyadnz/hourly-ipv4,ziyadnz|hourly,2026-08-17T18:48:05Z,2026-08-17T18:48:05Z,
194.5.207.168,ipv4,malicious-ip,medium,WHITE,ziyadnz/hourly-ipv4,ziyadnz|hourly,2026-08-17T18:48:05Z,2026-08-17T18:48:05Z,
194.5.207.238,ipv4,malicious-ip,medium,WHITE,ziyadnz/hourly-ipv4,ziyadnz|hourly,2026-08-17T18:48:05Z,2026-08-17T18:48:05Z,
194.5.207.60,ipv4,malicious-ip,medium,WHITE,ziyadnz/hourly-ipv4,ziyadnz|hourly,2026-08-17T18:48:05Z,2026-08-17T18:48:05Z,
194.5.250.103,ipv4,malicious-ip,medium,WHITE,ziyadnz/hourly-ipv4,ziyadnz|hourly,2026-08-17T18:48:05Z,2026-08-17T18:48:05Z,
194.5.82.0,ipv4,malicious-ip,medium,WHITE,ziyadnz/hourly-ipv4,ziyadnz|hourly,2026-08-17T18:48:05Z,2026-08-17T18:48:05Z,
194.5.82.102,ipv4,malicious-ip,medium,WHITE,ziyadnz/hourly-ipv4,ziyadnz|hourly,2026-08-17T18:48:05Z,2026-08-17T18:48:05Z,
194.5.82.104,ipv4,malicious-ip,medium,WHITE,ziyadnz/hourly-ipv4,ziyadnz|hourly,2026-08-17T18:48:05Z,2026-08-17T18:48:05Z,
194.5.82.167,ipv4,malicious-ip,medium,WHITE,ziyadnz/hourly-ipv4,ziyadnz|hourly,2026-08-17T18:48:05Z,2026-08-17T18:48:05Z,
194.5.82.56,ipv4,malicious-ip,medium,WHITE,ziyadnz/hourly-ipv4,ziyadnz|hourly,2026-08-17T18:48:05Z,2026-08-17T18:48:05Z,
194.5.82.65,ipv4,malicious-ip,medium,WHITE,ziyadnz/hourly-ipv4,ziyadnz|hourly,2026-08-17T18:48:05Z,2026-08-17T18:48:05Z,
194.5.82.70,ipv4,malicious-ip,medium,WHITE,ziyadnz/hourly-ipv4,ziyadnz|hourly,2026-08-17T18:48:05Z,2026-08-17T18:48:05Z,
194.5.82.74,ipv4,malicious-ip,medium,WHITE,ziyadnz/hourly-ipv4,ziyadnz|hourly,2026-08-17T18:48:05Z,2026-08-17T18:48:05Z,
194.5.82.77,ipv4,malicious-ip,medium,WHITE,ziyadnz/hourly-ipv4,ziyadnz|hourly,2026-08-17T18:48:05Z,2026-08-17T18:48:05Z,
194.5.82.79,ipv4,malicious-ip,medium,WHITE,ziyadnz/hourly-ipv4,ziyadnz|hourly,2026-08-17T18:48:05Z,2026-08-17T18:48:05Z,
194.5.82.80,ipv4,malicious-ip,medium,WHITE,ziyadnz/hourly-ipv4,ziyadnz|hourly,2026-08-17T18:48:05Z,2026-08-17T18:48:05Z,
194.5.82.84,ipv4,malicious-ip,medium,WHITE,ziyadnz/hourly-ipv4,ziyadnz|hourly,2026-08-17T18:48:05Z,2026-08-17T18:48:05Z,
194.5.82.87,ipv4,malicious-ip,medium,WHITE,ziyadnz/hourly-ipv4,ziyadnz|hourly,2026-08-17T18:48:05Z,2026-08-17T18:48:05Z,
194.5.82.90,ipv4,malicious-ip,medium,WHITE,ziyadnz/hourly-ipv4,ziyadnz|hourly,2026-08-17T18:48:05Z,2026-08-17T18:48:05Z,
194.5.82.92,ipv4,malicious-ip,medium,WHITE,ziyadnz/hourly-ipv4,ziyadnz|hourly,2026-08-17T18:48:05Z,2026-08-17T18:48:05Z,
194.5.82.95,ipv4,malicious-ip,medium,WHITE,ziyadnz/hourly-ipv4,ziyadnz|hourly,2026-08-17T18:48:05Z,2026-08-17T18:48:05Z,
194.5.98.126,ipv4,malicious-ip,medium,WHITE,ziyadnz/hourly-ipv4,ziyadnz|hourly,2026-08-17T18:48:05Z,2026-08-17T18:48:05Z,
194.5.98.16,ipv4,malicious-ip,medium,WHITE,ziyadnz/hourly-ipv4,ziyadnz|hourly,2026-08-17T18:48:05Z,2026-08-17T18:48:05Z,
194.50.153.21,ipv4,malicious-ip,medium,WHITE,ziyadnz/hourly-ipv4,ziyadnz|hourly,2026-08-17T18:48:05Z,2026-08-17T18:48:05Z,
194.50.159.3,ipv4,malicious-ip,medium,WHITE,ziyadnz/hourly-ipv4,ziyadnz|hourly,2026-08-17T18:48:05Z,2026-08-17T18:48:05Z,
194.50.16.15,ipv4,malicious-ip,medium,WHITE,ziyadnz/hourly-ipv4,ziyadnz|hourly,2026-08-17T18:48:05Z,2026-08-17T18:48:05Z,
194.50.16.198,ipv4,malicious-ip,medium,WHITE,ziyadnz/hourly-ipv4,ziyadnz|hourly,2026-08-17T18:48:05Z,2026-08-17T18:48:05Z,
194.50.16.253,ipv4,malicious-ip,medium,WHITE,ziyadnz/hourly-ipv4,ziyadnz|hourly,2026-08-17T18:48:05Z,2026-08-17T18:48:05Z,
194.50.16.36,ipv4,malicious-ip,medium,WHITE,ziyadnz/hourly-ipv4,ziyadnz|hourly,2026-08-17T18:48:05Z,2026-08-17T18:48:05Z,
194.50.16.73,ipv4,malicious-ip,medium,WHITE,ziyadnz/hourly-ipv4,ziyadnz|hourly,2026-08-17T18:48:05Z,2026-08-17T18:48:05Z,
194.50.235.0,ipv4,malicious-ip,medium,WHITE,ziyadnz/hourly-ipv4,ziyadnz|hourly,2026-08-17T18:48:05Z,2026-08-17T18:48:05Z,
194.50.235.130,ipv4,malicious-ip,medium,WHITE,ziyadnz/hourly-ipv4,ziyadnz|hourly,2026-08-17T18:48:05Z,2026-08-17T18:48:05Z,
194.50.235.131,ipv4,malicious-ip,medium,WHITE,ziyadnz/hourly-ipv4,ziyadnz|hourly,2026-08-17T18:48:05Z,2026-08-17T18:48:05Z,
194.50.235.132,ipv4,malicious-ip,medium,WHITE,ziyadnz/hourly-ipv4,ziyadnz|hourly,2026-08-17T18:48:05Z,2026-08-17T18:48:05Z,
194.50.235.133,ipv4,malicious-ip,medium,WHITE,ziyadnz/hourly-ipv4,ziyadnz|hourly,2026-08-17T18:48:05Z,2026-08-17T18:48:05Z,
194.50.235.134,ipv4,malicious-ip,medium,WHITE,ziyadnz/hourly-ipv4,ziyadnz|hourly,2026-08-17T18:48:05Z,2026-08-17T18:48:05Z,
194.50.235.135,ipv4,malicious-ip,medium,WHITE,ziyadnz/hourly-ipv4,ziyadnz|hourly,2026-08-17T18:48:05Z,2026-08-17T18:48:05Z,
194.50.235.136,ipv4,malicious-ip,medium,WHITE,ziyadnz/hourly-ipv4,ziyadnz|hourly,2026-08-17T18:48:05Z,2026-08-17T18:48:05Z,
194.50.235.137,ipv4,malicious-ip,medium,WHITE,ziyadnz/hourly-ipv4,ziyadnz|hourly,2026-08-17T18:48:05Z,2026-08-17T18:48:05Z,
194.50.235.138,ipv4,malicious-ip,medium,WHITE,ziyadnz/hourly-ipv4,ziyadnz|hourly,2026-08-17T18:48:05Z,2026-08-17T18:48:05Z,
194.50.235.139,ipv4,malicious-ip,medium,WHITE,ziyadnz/hourly-ipv4,ziyadnz|hourly,2026-08-17T18:48:05Z,2026-08-17T18:48:05Z,
194.50.235.140,ipv4,malicious-ip,medium,WHITE,ziyadnz/hourly-ipv4,ziyadnz|hourly,2026-08-17T18:48:05Z,2026-08-17T18:48:05Z,
194.50.235.141,ipv4,malicious-ip,medium,WHITE,ziyadnz/hourly-ipv4,ziyadnz|hourly,2026-08-17T18:48:05Z,2026-08-17T18:48:05Z,
194.50.235.142,ipv4,malicious-ip,medium,WHITE,ziyadnz/hourly-ipv4,ziyadnz|hourly,2026-08-17T18:48:05Z,2026-08-17T18:48:05Z,
194.50.235.143,ipv4,malicious-ip,medium,WHITE,ziyadnz/hourly-ipv4,ziyadnz|hourly,2026-08-17T18:48:05Z,2026-08-17T18:48:05Z,
194.50.235.144,ipv4,malicious-ip,medium,WHITE,ziyadnz/hourly-ipv4,ziyadnz|hourly,2026-08-17T18:48:05Z,2026-08-17T18:48:05Z,
194.50.235.145,ipv4,malicious-ip,medium,WHITE,ziyadnz/hourly-ipv4,ziyadnz|hourly,2026-08-17T18:48:05Z,2026-08-17T18:48:05Z,
194.50.235.146,ipv4,malicious-ip,medium,WHITE,ziyadnz/hourly-ipv4,ziyadnz|hourly,2026-08-17T18:48:05Z,2026-08-17T18:48:05Z,
194.50.235.147,ipv4,malicious-ip,medium,WHITE,ziyadnz/hourly-ipv4,ziyadnz|hourly,2026-08-17T18:48:05Z,2026-08-17T18:48:05Z,
194.50.235.148,ipv4,malicious-ip,medium,WHITE,ziyadnz/hourly-ipv4,ziyadnz|hourly,2026-08-17T18:48:05Z,2026-08-17T18:48:05Z,
194.50.235.149,ipv4,malicious-ip,medium,WHITE,ziyadnz/hourly-ipv4,ziyadnz|hourly,2026-08-17T18:48:05Z,2026-08-17T18:48:05Z,
194.50.235.150,ipv4,malicious-ip,medium,WHITE,ziyadnz/hourly-ipv4,ziyadnz|hourly,2026-08-17T18:48:05Z,2026-08-17T18:48:05Z,
194.50.235.151,ipv4,malicious-ip,medium,WHITE,ziyadnz/hourly-ipv4,ziyadnz|hourly,2026-08-17T18:48:05Z,2026-08-17T18:48:05Z,
194.50.235.152,ipv4,malicious-ip,medium,WHITE,ziyadnz/hourly-ipv4,ziyadnz|hourly,2026-08-17T18:48:05Z,2026-08-17T18:48:05Z,
194.50.235.153,ipv4,malicious-ip,medium,WHITE,ziyadnz/hourly-ipv4,ziyadnz|hourly,2026-08-17T18:48:05Z,2026-08-17T18:48:05Z,
194.50.235.154,ipv4,malicious-ip,medium,WHITE,ziyadnz/hourly-ipv4,ziyadnz|hourly,2026-08-17T18:48:05Z,2026-08-17T18:48:05Z,
194.50.235.155,ipv4,malicious-ip,medium,WHITE,ziyadnz/hourly-ipv4,ziyadnz|hourly,2026-08-17T18:48:05Z,2026-08-17T18:48:05Z,
194.50.235.156,ipv4,malicious-ip,medium,WHITE,ziyadnz/hourly-ipv4,ziyadnz|hourly,2026-08-17T18:48:05Z,2026-08-17T18:48:05Z,
194.50.235.157,ipv4,malicious-ip,medium,WHITE,ziyadnz/hourly-ipv4,ziyadnz|hourly,2026-08-17T18:48:05Z,2026-08-17T18:48:05Z,
194.50.235.158,ipv4,malicious-ip,medium,WHITE,ziyadnz/hourly-ipv4,ziyadnz|hourly,2026-08-17T18:48:05Z,2026-08-17T18:48:05Z,
194.50.241.123,ipv4,malicious-ip,medium,WHITE,ziyadnz/hourly-ipv4,ziyadnz|hourly,2026-08-17T18:48:05Z,2026-08-17T18:48:05Z,
194.50.51.250,ipv4,malicious-ip,medium,WHITE,ziyadnz/hourly-ipv4,ziyadnz|hourly,2026-08-17T18:48:05Z,2026-08-17T18:48:05Z,
194.53.137.102,ipv4,malicious-ip,medium,WHITE,ziyadnz/hourly-ipv4,ziyadnz|hourly,2026-08-17T18:48:05Z,2026-08-17T18:48:05Z,
194.53.137.156,ipv4,malicious-ip,medium,WHITE,ziyadnz/hourly-ipv4,ziyadnz|hourly,2026-08-17T18:48:05Z,2026-08-17T18:48:05Z,
194.53.137.42,ipv4,malicious-ip,medium,WHITE,ziyadnz/hourly-ipv4,ziyadnz|hourly,2026-08-17T18:48:05Z,2026-08-17T18:48:05Z,
194.53.54.188,ipv4,malicious-ip,medium,WHITE,ziyadnz/hourly-ipv4,ziyadnz|hourly,2026-08-17T18:48:05Z,2026-08-17T18:48:05Z,
194.54.162.65,ipv4,malicious-ip,medium,WHITE,ziyadnz/hourly-ipv4,ziyadnz|hourly,2026-08-17T18:48:05Z,2026-08-17T18:48:05Z,
194.55.137.81,ipv4,malicious-ip,medium,WHITE,ziyadnz/hourly-ipv4,ziyadnz|hourly,2026-08-17T18:48:05Z,2026-08-17T18:48:05Z,
194.55.167.14,ipv4,malicious-ip,medium,WHITE,ziyadnz/hourly-ipv4,ziyadnz|hourly,2026-08-17T18:48:05Z,2026-08-17T18:48:05Z,
194.55.186.10,ipv4,malicious-ip,medium,WHITE,ziyadnz/hourly-ipv4,ziyadnz|hourly,2026-08-17T18:48:05Z,2026-08-17T18:48:05Z,
194.55.186.222,ipv4,malicious-ip,medium,WHITE,ziyadnz/hourly-ipv4,ziyadnz|hourly,2026-08-17T18:48:05Z,2026-08-17T18:48:05Z,
194.55.224.72,ipv4,malicious-ip,medium,WHITE,ziyadnz/hourly-ipv4,ziyadnz|hourly,2026-08-17T18:48:05Z,2026-08-17T18:48:05Z,
194.55.226.136,ipv4,malicious-ip,medium,WHITE,ziyadnz/hourly-ipv4,ziyadnz|hourly,2026-08-17T18:48:05Z,2026-08-17T18:48:05Z,
194.55.245.200,ipv4,malicious-ip,medium,WHITE,ziyadnz/hourly-ipv4,ziyadnz|hourly,2026-08-17T18:48:05Z,2026-08-17T18:48:05Z,
194.58.112.174,ipv4,malicious-ip,medium,WHITE,ziyadnz/hourly-ipv4,ziyadnz|hourly,2026-08-17T18:48:05Z,2026-08-17T18:48:05Z,
194.58.121.253,ipv4,malicious-ip,medium,WHITE,ziyadnz/hourly-ipv4,ziyadnz|hourly,2026-08-17T18:48:05Z,2026-08-17T18:48:05Z,
194.58.66.53,ipv4,malicious-ip,medium,WHITE,ziyadnz/hourly-ipv4,ziyadnz|hourly,2026-08-17T18:48:05Z,2026-08-17T18:48:05Z,
194.58.66.82,ipv4,malicious-ip,medium,WHITE,ziyadnz/hourly-ipv4,ziyadnz|hourly,2026-08-17T18:48:05Z,2026-08-17T18:48:05Z,
194.58.88.75,ipv4,malicious-ip,medium,WHITE,ziyadnz/hourly-ipv4,ziyadnz|hourly,2026-08-17T18:48:05Z,2026-08-17T18:48:05Z,
194.59.165.52,ipv4,malicious-ip,medium,WHITE,ziyadnz/hourly-ipv4,ziyadnz|hourly,2026-08-17T18:48:05Z,2026-08-17T18:48:05Z,
194.59.206.223,ipv4,malicious-ip,medium,WHITE,ziyadnz/hourly-ipv4,ziyadnz|hourly,2026-08-17T18:48:05Z,2026-08-17T18:48:05Z,
194.59.207.216,ipv4,malicious-ip,medium,WHITE,ziyadnz/hourly-ipv4,ziyadnz|hourly,2026-08-17T18:48:05Z,2026-08-17T18:48:05Z,
194.59.214.243,ipv4,malicious-ip,medium,WHITE,ziyadnz/hourly-ipv4,ziyadnz|hourly,2026-08-17T18:48:05Z,2026-08-17T18:48:05Z,
194.59.30.207,ipv4,malicious-ip,medium,WHITE,ziyadnz/hourly-ipv4,ziyadnz|hourly,2026-08-17T18:48:05Z,2026-08-17T18:48:05Z,
194.59.31.185,ipv4,malicious-ip,medium,WHITE,ziyadnz/hourly-ipv4,ziyadnz|hourly,2026-08-17T18:48:05Z,2026-08-17T18:48:05Z,
194.59.31.219,ipv4,malicious-ip,medium,WHITE,ziyadnz/hourly-ipv4,ziyadnz|hourly,2026-08-17T18:48:05Z,2026-08-17T18:48:05Z,
194.59.31.72,ipv4,malicious-ip,medium,WHITE,ziyadnz/hourly-ipv4,ziyadnz|hourly,2026-08-17T18:48:05Z,2026-08-17T18:48:05Z,
194.60.212.0,ipv4,malicious-ip,medium,WHITE,ziyadnz/hourly-ipv4,ziyadnz|hourly,2026-08-17T18:48:05Z,2026-08-17T18:48:05Z,
194.60.212.117,ipv4,malicious-ip,medium,WHITE,ziyadnz/hourly-ipv4,ziyadnz|hourly,2026-08-17T18:48:05Z,2026-08-17T18:48:05Z,
194.60.212.119,ipv4,malicious-ip,medium,WHITE,ziyadnz/hourly-ipv4,ziyadnz|hourly,2026-08-17T18:48:05Z,2026-08-17T18:48:05Z,
194.60.212.150,ipv4,malicious-ip,medium,WHITE,ziyadnz/hourly-ipv4,ziyadnz|hourly,2026-08-17T18:48:05Z,2026-08-17T18:48:05Z,
194.60.212.168,ipv4,malicious-ip,medium,WHITE,ziyadnz/hourly-ipv4,ziyadnz|hourly,2026-08-17T18:48:05Z,2026-08-17T18:48:05Z,
194.60.212.179,ipv4,malicious-ip,medium,WHITE,ziyadnz/hourly-ipv4,ziyadnz|hourly,2026-08-17T18:48:05Z,2026-08-17T18:48:05Z,
194.60.212.186,ipv4,malicious-ip,medium,WHITE,ziyadnz/hourly-ipv4,ziyadnz|hourly,2026-08-17T18:48:05Z,2026-08-17T18:48:05Z,
194.60.212.187,ipv4,malicious-ip,medium,WHITE,ziyadnz/hourly-ipv4,ziyadnz|hourly,2026-08-17T18:48:05Z,2026-08-17T18:48:05Z,
194.60.212.195,ipv4,malicious-ip,medium,WHITE,ziyadnz/hourly-ipv4,ziyadnz|hourly,2026-08-17T18:48:05Z,2026-08-17T18:48:05Z,
194.60.212.204,ipv4,malicious-ip,medium,WHITE,ziyadnz/hourly-ipv4,ziyadnz|hourly,2026-08-17T18:48:05Z,2026-08-17T18:48:05Z,
194.60.212.228,ipv4,malicious-ip,medium,WHITE,ziyadnz/hourly-ipv4,ziyadnz|hourly,2026-08-17T18:48:05Z,2026-08-17T18:48:05Z,
194.60.242.194,ipv4,malicious-ip,medium,WHITE,ziyadnz/hourly-ipv4,ziyadnz|hourly,2026-08-17T18:48:05Z,2026-08-17T18:48:05Z,
194.60.254.192,ipv4,malicious-ip,medium,WHITE,ziyadnz/hourly-ipv4,ziyadnz|hourly,2026-08-17T18:48:05Z,2026-08-17T18:48:05Z,
194.60.254.68,ipv4,malicious-ip,medium,WHITE,ziyadnz/hourly-ipv4,ziyadnz|hourly,2026-08-17T18:48:05Z,2026-08-17T18:48:05Z,
194.61.120.185,ipv4,malicious-ip,medium,WHITE,ziyadnz/hourly-ipv4,ziyadnz|hourly,2026-08-17T18:48:05Z,2026-08-17T18:48:05Z,
194.61.121.216,ipv4,malicious-ip,medium,WHITE,ziyadnz/hourly-ipv4,ziyadnz|hourly,2026-08-17T18:48:05Z,2026-08-17T18:48:05Z,
194.61.121.86,ipv4,malicious-ip,medium,WHITE,ziyadnz/hourly-ipv4,ziyadnz|hourly,2026-08-17T18:48:05Z,2026-08-17T18:48:05Z,
194.61.3.162,ipv4,malicious-ip,medium,WHITE,ziyadnz/hourly-ipv4,ziyadnz|hourly,2026-08-17T18:48:05Z,2026-08-17T18:48:05Z,
194.61.41.0,ipv4,malicious-ip,medium,WHITE,ziyadnz/hourly-ipv4,ziyadnz|hourly,2026-08-17T18:48:05Z,2026-08-17T18:48:05Z,
194.61.41.101,ipv4,malicious-ip,medium,WHITE,ziyadnz/hourly-ipv4,ziyadnz|hourly,2026-08-17T18:48:05Z,2026-08-17T18:48:05Z,
194.61.41.249,ipv4,malicious-ip,medium,WHITE,ziyadnz/hourly-ipv4,ziyadnz|hourly,2026-08-17T18:48:05Z,2026-08-17T18:48:05Z,
194.61.41.250,ipv4,malicious-ip,medium,WHITE,ziyadnz/hourly-ipv4,ziyadnz|hourly,2026-08-17T18:48:05Z,2026-08-17T18:48:05Z,
194.61.41.253,ipv4,malicious-ip,medium,WHITE,ziyadnz/hourly-ipv4,ziyadnz|hourly,2026-08-17T18:48:05Z,2026-08-17T18:48:05Z,
194.61.41.254,ipv4,malicious-ip,medium,WHITE,ziyadnz/hourly-ipv4,ziyadnz|hourly,2026-08-17T18:48:05Z,2026-08-17T18:48:05Z,
194.61.41.57,ipv4,malicious-ip,medium,WHITE,ziyadnz/hourly-ipv4,ziyadnz|hourly,2026-08-17T18:48:05Z,2026-08-17T18:48:05Z,
194.61.41.63,ipv4,malicious-ip,medium,WHITE,ziyadnz/hourly-ipv4,ziyadnz|hourly,2026-08-17T18:48:05Z,2026-08-17T18:48:05Z,
194.61.41.72,ipv4,malicious-ip,medium,WHITE,ziyadnz/hourly-ipv4,ziyadnz|hourly,2026-08-17T18:48:05Z,2026-08-17T18:48:05Z,
194.61.41.81,ipv4,malicious-ip,medium,WHITE,ziyadnz/hourly-ipv4,ziyadnz|hourly,2026-08-17T18:48:05Z,2026-08-17T18:48:05Z,
194.61.41.84,ipv4,malicious-ip,medium,WHITE,ziyadnz/hourly-ipv4,ziyadnz|hourly,2026-08-17T18:48:05Z,2026-08-17T18:48:05Z,
194.61.41.87,ipv4,malicious-ip,medium,WHITE,ziyadnz/hourly-ipv4,ziyadnz|hourly,2026-08-17T18:48:05Z,2026-08-17T18:48:05Z,
194.61.41.88,ipv4,malicious-ip,medium,WHITE,ziyadnz/hourly-ipv4,ziyadnz|hourly,2026-08-17T18:48:05Z,2026-08-17T18:48:05Z,
194.62.105.143,ipv4,malicious-ip,medium,WHITE,ziyadnz/hourly-ipv4,ziyadnz|hourly,2026-08-17T18:48:05Z,2026-08-17T18:48:05Z,
194.62.122.254,ipv4,malicious-ip,medium,WHITE,ziyadnz/hourly-ipv4,ziyadnz|hourly,2026-08-17T18:48:05Z,2026-08-17T18:48:05Z,
194.62.214.227,ipv4,malicious-ip,medium,WHITE,ziyadnz/hourly-ipv4,ziyadnz|hourly,2026-08-17T18:48:05Z,2026-08-17T18:48:05Z,
194.62.214.228,ipv4,malicious-ip,medium,WHITE,ziyadnz/hourly-ipv4,ziyadnz|hourly,2026-08-17T18:48:05Z,2026-08-17T18:48:05Z,
194.62.6.4,ipv4,malicious-ip,medium,WHITE,ziyadnz/hourly-ipv4,ziyadnz|hourly,2026-08-17T18:48:05Z,2026-08-17T18:48:05Z,
194.67.59.26,ipv4,malicious-ip,medium,WHITE,ziyadnz/hourly-ipv4,ziyadnz|hourly,2026-08-17T18:48:05Z,2026-08-17T18:48:05Z,
194.67.59.27,ipv4,malicious-ip,medium,WHITE,ziyadnz/hourly-ipv4,ziyadnz|hourly,2026-08-17T18:48:05Z,2026-08-17T18:48:05Z,
194.67.71.114,ipv4,malicious-ip,medium,WHITE,ziyadnz/hourly-ipv4,ziyadnz|hourly,2026-08-17T18:48:05Z,2026-08-17T18:48:05Z,
194.67.71.170,ipv4,malicious-ip,medium,WHITE,ziyadnz/hourly-ipv4,ziyadnz|hourly,2026-08-17T18:48:05Z,2026-08-17T18:48:05Z,
194.67.71.67,ipv4,malicious-ip,medium,WHITE,ziyadnz/hourly-ipv4,ziyadnz|hourly,2026-08-17T18:48:05Z,2026-08-17T18:48:05Z,
194.67.87.12,ipv4,malicious-ip,medium,WHITE,ziyadnz/hourly-ipv4,ziyadnz|hourly,2026-08-17T18:48:05Z,2026-08-17T18:48:05Z,
194.68.17.43,ipv4,malicious-ip,medium,WHITE,ziyadnz/hourly-ipv4,ziyadnz|hourly,2026-08-17T18:48:05Z,2026-08-17T18:48:05Z,
194.68.26.241,ipv4,malicious-ip,medium,WHITE,ziyadnz/hourly-ipv4,ziyadnz|hourly,2026-08-17T18:48:05Z,2026-08-17T18:48:05Z,
194.68.32.114,ipv4,malicious-ip,medium,WHITE,ziyadnz/hourly-ipv4,ziyadnz|hourly,2026-08-17T18:48:05Z,2026-08-17T18:48:05Z,
194.69.203.32,ipv4,malicious-ip,medium,WHITE,ziyadnz/hourly-ipv4,ziyadnz|hourly,2026-08-17T18:48:05Z,2026-08-17T18:48:05Z,
194.71.107.215,ipv4,malicious-ip,medium,WHITE,ziyadnz/hourly-ipv4,ziyadnz|hourly,2026-08-17T18:48:05Z,2026-08-17T18:48:05Z,
194.71.126.226,ipv4,malicious-ip,medium,WHITE,ziyadnz/hourly-ipv4,ziyadnz|hourly,2026-08-17T18:48:05Z,2026-08-17T18:48:05Z,
194.74.196.10,ipv4,malicious-ip,medium,WHITE,ziyadnz/hourly-ipv4,ziyadnz|hourly,2026-08-17T18:48:05Z,2026-08-17T18:48:05Z,
194.76.226.93,ipv4,malicious-ip,medium,WHITE,ziyadnz/hourly-ipv4,ziyadnz|hourly,2026-08-17T18:48:05Z,2026-08-17T18:48:05Z,
194.76.227.171,ipv4,malicious-ip,medium,WHITE,ziyadnz/hourly-ipv4,ziyadnz|hourly,2026-08-17T18:48:05Z,2026-08-17T18:48:05Z,
194.76.227.94,ipv4,malicious-ip,medium,WHITE,ziyadnz/hourly-ipv4,ziyadnz|hourly,2026-08-17T18:48:05Z,2026-08-17T18:48:05Z,
194.78.67.253,ipv4,malicious-ip,medium,WHITE,ziyadnz/hourly-ipv4,ziyadnz|hourly,2026-08-17T18:48:05Z,2026-08-17T18:48:05Z,
194.79.103.229,ipv4,malicious-ip,medium,WHITE,ziyadnz/hourly-ipv4,ziyadnz|hourly,2026-08-17T18:48:05Z,2026-08-17T18:48:05Z,
194.8.56.238,ipv4,malicious-ip,medium,WHITE,ziyadnz/hourly-ipv4,ziyadnz|hourly,2026-08-17T18:48:05Z,2026-08-17T18:48:05Z,
194.85.210.183,ipv4,malicious-ip,medium,WHITE,ziyadnz/hourly-ipv4,ziyadnz|hourly,2026-08-17T18:48:05Z,2026-08-17T18:48:05Z,
194.85.210.62,ipv4,malicious-ip,medium,WHITE,ziyadnz/hourly-ipv4,ziyadnz|hourly,2026-08-17T18:48:05Z,2026-08-17T18:48:05Z,
194.85.22.1,ipv4,malicious-ip,medium,WHITE,ziyadnz/hourly-ipv4,ziyadnz|hourly,2026-08-17T18:48:05Z,2026-08-17T18:48:05Z,
194.85.61.76,ipv4,malicious-ip,medium,WHITE,ziyadnz/hourly-ipv4,ziyadnz|hourly,2026-08-17T18:48:05Z,2026-08-17T18:48:05Z,
194.87.128.243,ipv4,malicious-ip,medium,WHITE,ziyadnz/hourly-ipv4,ziyadnz|hourly,2026-08-17T18:48:05Z,2026-08-17T18:48:05Z,
194.87.131.30,ipv4,malicious-ip,medium,WHITE,ziyadnz/hourly-ipv4,ziyadnz|hourly,2026-08-17T18:48:05Z,2026-08-17T18:48:05Z,
194.87.189.171,ipv4,malicious-ip,medium,WHITE,ziyadnz/hourly-ipv4,ziyadnz|hourly,2026-08-17T18:48:05Z,2026-08-17T18:48:05Z,
194.87.189.19,ipv4,malicious-ip,medium,WHITE,ziyadnz/hourly-ipv4,ziyadnz|hourly,2026-08-17T18:48:05Z,2026-08-17T18:48:05Z,
194.87.196.163,ipv4,malicious-ip,medium,WHITE,ziyadnz/hourly-ipv4,ziyadnz|hourly,2026-08-17T18:48:05Z,2026-08-17T18:48:05Z,
194.87.198.29,ipv4,malicious-ip,medium,WHITE,ziyadnz/hourly-ipv4,ziyadnz|hourly,2026-08-17T18:48:05Z,2026-08-17T18:48:05Z,
194.87.219.115,ipv4,malicious-ip,medium,WHITE,ziyadnz/hourly-ipv4,ziyadnz|hourly,2026-08-17T18:48:05Z,2026-08-17T18:48:05Z,
194.87.232.77,ipv4,malicious-ip,medium,WHITE,ziyadnz/hourly-ipv4,ziyadnz|hourly,2026-08-17T18:48:05Z,2026-08-17T18:48:05Z,
194.87.239.71,ipv4,malicious-ip,medium,WHITE,ziyadnz/hourly-ipv4,ziyadnz|hourly,2026-08-17T18:48:05Z,2026-08-17T18:48:05Z,
194.87.245.239,ipv4,malicious-ip,medium,WHITE,ziyadnz/hourly-ipv4,ziyadnz|hourly,2026-08-17T18:48:05Z,2026-08-17T18:48:05Z,
194.87.245.7,ipv4,malicious-ip,medium,WHITE,ziyadnz/hourly-ipv4,ziyadnz|hourly,2026-08-17T18:48:05Z,2026-08-17T18:48:05Z,
194.87.246.84,ipv4,malicious-ip,medium,WHITE,ziyadnz/hourly-ipv4,ziyadnz|hourly,2026-08-17T18:48:05Z,2026-08-17T18:48:05Z,
194.87.252.159,ipv4,malicious-ip,medium,WHITE,ziyadnz/hourly-ipv4,ziyadnz|hourly,2026-08-17T18:48:05Z,2026-08-17T18:48:05Z,
194.87.26.119,ipv4,malicious-ip,medium,WHITE,ziyadnz/hourly-ipv4,ziyadnz|hourly,2026-08-17T18:48:05Z,2026-08-17T18:48:05Z,
194.87.29.14,ipv4,malicious-ip,medium,WHITE,ziyadnz/hourly-ipv4,ziyadnz|hourly,2026-08-17T18:48:05Z,2026-08-17T18:48:05Z,
194.87.29.57,ipv4,malicious-ip,medium,WHITE,ziyadnz/hourly-ipv4,ziyadnz|hourly,2026-08-17T18:48:05Z,2026-08-17T18:48:05Z,
194.87.31.146,ipv4,malicious-ip,medium,WHITE,ziyadnz/hourly-ipv4,ziyadnz|hourly,2026-08-17T18:48:05Z,2026-08-17T18:48:05Z,
194.87.31.181,ipv4,malicious-ip,medium,WHITE,ziyadnz/hourly-ipv4,ziyadnz|hourly,2026-08-17T18:48:05Z,2026-08-17T18:48:05Z,
194.87.31.186,ipv4,malicious-ip,medium,WHITE,ziyadnz/hourly-ipv4,ziyadnz|hourly,2026-08-17T18:48:05Z,2026-08-17T18:48:05Z,
194.87.31.229,ipv4,malicious-ip,medium,WHITE,ziyadnz/hourly-ipv4,ziyadnz|hourly,2026-08-17T18:48:05Z,2026-08-17T18:48:05Z,
194.87.31.237,ipv4,malicious-ip,medium,WHITE,ziyadnz/hourly-ipv4,ziyadnz|hourly,2026-08-17T18:48:05Z,2026-08-17T18:48:05Z,
194.87.31.68,ipv4,malicious-ip,medium,WHITE,ziyadnz/hourly-ipv4,ziyadnz|hourly,2026-08-17T18:48:05Z,2026-08-17T18:48:05Z,
194.87.31.69,ipv4,malicious-ip,medium,WHITE,ziyadnz/hourly-ipv4,ziyadnz|hourly,2026-08-17T18:48:05Z,2026-08-17T18:48:05Z,
194.87.39.183,ipv4,malicious-ip,medium,WHITE,ziyadnz/hourly-ipv4,ziyadnz|hourly,2026-08-17T18:48:05Z,2026-08-17T18:48:05Z,
194.87.55.59,ipv4,malicious-ip,medium,WHITE,ziyadnz/hourly-ipv4,ziyadnz|hourly,2026-08-17T18:48:05Z,2026-08-17T18:48:05Z,
194.87.56.156,ipv4,malicious-ip,medium,WHITE,ziyadnz/hourly-ipv4,ziyadnz|hourly,2026-08-17T18:48:05Z,2026-08-17T18:48:05Z,
194.87.74.72,ipv4,malicious-ip,medium,WHITE,ziyadnz/hourly-ipv4,ziyadnz|hourly,2026-08-17T18:48:05Z,2026-08-17T18:48:05Z,
194.87.93.153,ipv4,malicious-ip,medium,WHITE,ziyadnz/hourly-ipv4,ziyadnz|hourly,2026-08-17T18:48:05Z,2026-08-17T18:48:05Z,
194.87.94.14,ipv4,malicious-ip,medium,WHITE,ziyadnz/hourly-ipv4,ziyadnz|hourly,2026-08-17T18:48:05Z,2026-08-17T18:48:05Z,
194.88.98.0,ipv4,malicious-ip,medium,WHITE,ziyadnz/hourly-ipv4,ziyadnz|hourly,2026-08-17T18:48:05Z,2026-08-17T18:48:05Z,
194.88.98.100,ipv4,malicious-ip,medium,WHITE,ziyadnz/hourly-ipv4,ziyadnz|hourly,2026-08-17T18:48:05Z,2026-08-17T18:48:05Z,
194.88.98.101,ipv4,malicious-ip,medium,WHITE,ziyadnz/hourly-ipv4,ziyadnz|hourly,2026-08-17T18:48:05Z,2026-08-17T18:48:05Z,
194.88.98.102,ipv4,malicious-ip,medium,WHITE,ziyadnz/hourly-ipv4,ziyadnz|hourly,2026-08-17T18:48:05Z,2026-08-17T18:48:05Z,
194.88.98.103,ipv4,malicious-ip,medium,WHITE,ziyadnz/hourly-ipv4,ziyadnz|hourly,2026-08-17T18:48:05Z,2026-08-17T18:48:05Z,
194.88.98.104,ipv4,malicious-ip,medium,WHITE,ziyadnz/hourly-ipv4,ziyadnz|hourly,2026-08-17T18:48:05Z,2026-08-17T18:48:05Z,
194.88.98.105,ipv4,malicious-ip,medium,WHITE,ziyadnz/hourly-ipv4,ziyadnz|hourly,2026-08-17T18:48:05Z,2026-08-17T18:48:05Z,
194.88.98.106,ipv4,malicious-ip,medium,WHITE,ziyadnz/hourly-ipv4,ziyadnz|hourly,2026-08-17T18:48:05Z,2026-08-17T18:48:05Z,
194.88.98.107,ipv4,malicious-ip,medium,WHITE,ziyadnz/hourly-ipv4,ziyadnz|hourly,2026-08-17T18:48:05Z,2026-08-17T18:48:05Z,
194.88.98.108,ipv4,malicious-ip,medium,WHITE,ziyadnz/hourly-ipv4,ziyadnz|hourly,2026-08-17T18:48:05Z,2026-08-17T18:48:05Z,
194.88.98.109,ipv4,malicious-ip,medium,WHITE,ziyadnz/hourly-ipv4,ziyadnz|hourly,2026-08-17T18:48:05Z,2026-08-17T18:48:05Z,
194.88.98.110,ipv4,malicious-ip,medium,WHITE,ziyadnz/hourly-ipv4,ziyadnz|hourly,2026-08-17T18:48:05Z,2026-08-17T18:48:05Z,
194.88.98.111,ipv4,malicious-ip,medium,WHITE,ziyadnz/hourly-ipv4,ziyadnz|hourly,2026-08-17T18:48:05Z,2026-08-17T18:48:05Z,
194.88.98.112,ipv4,malicious-ip,medium,WHITE,ziyadnz/hourly-ipv4,ziyadnz|hourly,2026-08-17T18:48:05Z,2026-08-17T18:48:05Z,
194.88.98.113,ipv4,malicious-ip,medium,WHITE,ziyadnz/hourly-ipv4,ziyadnz|hourly,2026-08-17T18:48:05Z,2026-08-17T18:48:05Z,
194.88.98.114,ipv4,malicious-ip,medium,WHITE,ziyadnz/hourly-ipv4,ziyadnz|hourly,2026-08-17T18:48:05Z,2026-08-17T18:48:05Z,
194.88.98.115,ipv4,malicious-ip,medium,WHITE,ziyadnz/hourly-ipv4,ziyadnz|hourly,2026-08-17T18:48:05Z,2026-08-17T18:48:05Z,
194.88.98.116,ipv4,malicious-ip,medium,WHITE,ziyadnz/hourly-ipv4,ziyadnz|hourly,2026-08-17T18:48:05Z,2026-08-17T18:48:05Z,
194.88.98.117,ipv4,malicious-ip,medium,WHITE,ziyadnz/hourly-ipv4,ziyadnz|hourly,2026-08-17T18:48:05Z,2026-08-17T18:48:05Z,
194.88.98.118,ipv4,malicious-ip,medium,WHITE,ziyadnz/hourly-ipv4,ziyadnz|hourly,2026-08-17T18:48:05Z,2026-08-17T18:48:05Z,
194.88.98.119,ipv4,malicious-ip,medium,WHITE,ziyadnz/hourly-ipv4,ziyadnz|hourly,2026-08-17T18:48:05Z,2026-08-17T18:48:05Z,
194.88.98.120,ipv4,malicious-ip,medium,WHITE,ziyadnz/hourly-ipv4,ziyadnz|hourly,2026-08-17T18:48:05Z,2026-08-17T18:48:05Z,
194.88.98.121,ipv4,malicious-ip,medium,WHITE,ziyadnz/hourly-ipv4,ziyadnz|hourly,2026-08-17T18:48:05Z,2026-08-17T18:48:05Z,
194.88.98.122,ipv4,malicious-ip,medium,WHITE,ziyadnz/hourly-ipv4,ziyadnz|hourly,2026-08-17T18:48:05Z,2026-08-17T18:48:05Z,
194.88.98.123,ipv4,malicious-ip,medium,WHITE,ziyadnz/hourly-ipv4,ziyadnz|hourly,2026-08-17T18:48:05Z,2026-08-17T18:48:05Z,
194.88.98.124,ipv4,malicious-ip,medium,WHITE,ziyadnz/hourly-ipv4,ziyadnz|hourly,2026-08-17T18:48:05Z,2026-08-17T18:48:05Z,
194.88.98.125,ipv4,malicious-ip,medium,WHITE,ziyadnz/hourly-ipv4,ziyadnz|hourly,2026-08-17T18:48:05Z,2026-08-17T18:48:05Z,
194.88.98.126,ipv4,malicious-ip,medium,WHITE,ziyadnz/hourly-ipv4,ziyadnz|hourly,2026-08-17T18:48:05Z,2026-08-17T18:48:05Z,
194.88.98.83,ipv4,malicious-ip,medium,WHITE,ziyadnz/hourly-ipv4,ziyadnz|hourly,2026-08-17T18:48:05Z,2026-08-17T18:48:05Z,
194.88.98.84,ipv4,malicious-ip,medium,WHITE,ziyadnz/hourly-ipv4,ziyadnz|hourly,2026-08-17T18:48:05Z,2026-08-17T18:48:05Z,
194.88.98.85,ipv4,malicious-ip,medium,WHITE,ziyadnz/hourly-ipv4,ziyadnz|hourly,2026-08-17T18:48:05Z,2026-08-17T18:48:05Z,
194.88.98.86,ipv4,malicious-ip,medium,WHITE,ziyadnz/hourly-ipv4,ziyadnz|hourly,2026-08-17T18:48:05Z,2026-08-17T18:48:05Z,
194.88.98.87,ipv4,malicious-ip,medium,WHITE,ziyadnz/hourly-ipv4,ziyadnz|hourly,2026-08-17T18:48:05Z,2026-08-17T18:48:05Z,
194.88.98.88,ipv4,malicious-ip,medium,WHITE,ziyadnz/hourly-ipv4,ziyadnz|hourly,2026-08-17T18:48:05Z,2026-08-17T18:48:05Z,
194.88.98.89,ipv4,malicious-ip,medium,WHITE,ziyadnz/hourly-ipv4,ziyadnz|hourly,2026-08-17T18:48:05Z,2026-08-17T18:48:05Z,
194.88.98.90,ipv4,malicious-ip,medium,WHITE,ziyadnz/hourly-ipv4,ziyadnz|hourly,2026-08-17T18:48:05Z,2026-08-17T18:48:05Z,
194.88.98.91,ipv4,malicious-ip,medium,WHITE,ziyadnz/hourly-ipv4,ziyadnz|hourly,2026-08-17T18:48:05Z,2026-08-17T18:48:05Z,
194.88.98.92,ipv4,malicious-ip,medium,WHITE,ziyadnz/hourly-ipv4,ziyadnz|hourly,2026-08-17T18:48:05Z,2026-08-17T18:48:05Z,
194.88.98.93,ipv4,malicious-ip,medium,WHITE,ziyadnz/hourly-ipv4,ziyadnz|hourly,2026-08-17T18:48:05Z,2026-08-17T18:48:05Z,
194.88.98.94,ipv4,malicious-ip,medium,WHITE,ziyadnz/hourly-ipv4,ziyadnz|hourly,2026-08-17T18:48:05Z,2026-08-17T18:48:05Z,
194.88.98.99,ipv4,malicious-ip,medium,WHITE,ziyadnz/hourly-ipv4,ziyadnz|hourly,2026-08-17T18:48:05Z,2026-08-17T18:48:05Z,
194.9.14.98,ipv4,malicious-ip,medium,WHITE,ziyadnz/hourly-ipv4,ziyadnz|hourly,2026-08-17T18:48:05Z,2026-08-17T18:48:05Z,
194.90.116.56,ipv4,malicious-ip,medium,WHITE,ziyadnz/hourly-ipv4,ziyadnz|hourly,2026-08-17T18:48:05Z,2026-08-17T18:48:05Z,
194.90.71.246,ipv4,malicious-ip,medium,WHITE,ziyadnz/hourly-ipv4,ziyadnz|hourly,2026-08-17T18:48:05Z,2026-08-17T18:48:05Z,
194.92.92.112,ipv4,malicious-ip,medium,WHITE,ziyadnz/hourly-ipv4,ziyadnz|hourly,2026-08-17T18:48:05Z,2026-08-17T18:48:05Z,
194.92.94.36,ipv4,malicious-ip,medium,WHITE,ziyadnz/hourly-ipv4,ziyadnz|hourly,2026-08-17T18:48:05Z,2026-08-17T18:48:05Z,
194.92.95.12,ipv4,malicious-ip,medium,WHITE,ziyadnz/hourly-ipv4,ziyadnz|hourly,2026-08-17T18:48:05Z,2026-08-17T18:48:05Z,
194.94.79.252,ipv4,malicious-ip,medium,WHITE,ziyadnz/hourly-ipv4,ziyadnz|hourly,2026-08-17T18:48:05Z,2026-08-17T18:48:05Z,
194.99.110.58,ipv4,malicious-ip,medium,WHITE,ziyadnz/hourly-ipv4,ziyadnz|hourly,2026-08-17T18:48:05Z,2026-08-17T18:48:05Z,
194.99.85.183,ipv4,malicious-ip,medium,WHITE,ziyadnz/hourly-ipv4,ziyadnz|hourly,2026-08-17T18:48:05Z,2026-08-17T18:48:05Z,
195.1.60.184,ipv4,malicious-ip,medium,WHITE,ziyadnz/hourly-ipv4,ziyadnz|hourly,2026-08-17T18:48:05Z,2026-08-17T18:48:05Z,
195.10.205.16,ipv4,malicious-ip,medium,WHITE,ziyadnz/hourly-ipv4,ziyadnz|hourly,2026-08-17T18:48:05Z,2026-08-17T18:48:05Z,
195.10.205.17,ipv4,malicious-ip,medium,WHITE,ziyadnz/hourly-ipv4,ziyadnz|hourly,2026-08-17T18:48:05Z,2026-08-17T18:48:05Z,
195.10.205.23,ipv4,malicious-ip,medium,WHITE,ziyadnz/hourly-ipv4,ziyadnz|hourly,2026-08-17T18:48:05Z,2026-08-17T18:48:05Z,
195.10.205.253,ipv4,malicious-ip,medium,WHITE,ziyadnz/hourly-ipv4,ziyadnz|hourly,2026-08-17T18:48:05Z,2026-08-17T18:48:05Z,
195.10.205.31,ipv4,malicious-ip,medium,WHITE,ziyadnz/hourly-ipv4,ziyadnz|hourly,2026-08-17T18:48:05Z,2026-08-17T18:48:05Z,
195.10.210.210,ipv4,malicious-ip,medium,WHITE,ziyadnz/hourly-ipv4,ziyadnz|hourly,2026-08-17T18:48:05Z,2026-08-17T18:48:05Z,
195.110.38.244,ipv4,malicious-ip,medium,WHITE,ziyadnz/hourly-ipv4,ziyadnz|hourly,2026-08-17T18:48:05Z,2026-08-17T18:48:05Z,
195.110.58.222,ipv4,malicious-ip,medium,WHITE,ziyadnz/hourly-ipv4,ziyadnz|hourly,2026-08-17T18:48:05Z,2026-08-17T18:48:05Z,
195.112.228.230,ipv4,malicious-ip,medium,WHITE,ziyadnz/hourly-ipv4,ziyadnz|hourly,2026-08-17T18:48:05Z,2026-08-17T18:48:05Z,
195.114.144.208,ipv4,malicious-ip,medium,WHITE,ziyadnz/hourly-ipv4,ziyadnz|hourly,2026-08-17T18:48:05Z,2026-08-17T18:48:05Z,
195.114.15.51,ipv4,malicious-ip,medium,WHITE,ziyadnz/hourly-ipv4,ziyadnz|hourly,2026-08-17T18:48:05Z,2026-08-17T18:48:05Z,
195.116.56.102,ipv4,malicious-ip,medium,WHITE,ziyadnz/hourly-ipv4,ziyadnz|hourly,2026-08-17T18:48:05Z,2026-08-17T18:48:05Z,
195.116.84.107,ipv4,malicious-ip,medium,WHITE,ziyadnz/hourly-ipv4,ziyadnz|hourly,2026-08-17T18:48:05Z,2026-08-17T18:48:05Z,
195.117.24.59,ipv4,malicious-ip,medium,WHITE,ziyadnz/hourly-ipv4,ziyadnz|hourly,2026-08-17T18:48:05Z,2026-08-17T18:48:05Z,
195.120.220.54,ipv4,malicious-ip,medium,WHITE,ziyadnz/hourly-ipv4,ziyadnz|hourly,2026-08-17T18:48:05Z,2026-08-17T18:48:05Z,
195.123.160.97,ipv4,malicious-ip,medium,WHITE,ziyadnz/hourly-ipv4,ziyadnz|hourly,2026-08-17T18:48:05Z,2026-08-17T18:48:05Z,
195.123.210.209,ipv4,malicious-ip,medium,WHITE,ziyadnz/hourly-ipv4,ziyadnz|hourly,2026-08-17T18:48:05Z,2026-08-17T18:48:05Z,
195.123.211.70,ipv4,malicious-ip,medium,WHITE,ziyadnz/hourly-ipv4,ziyadnz|hourly,2026-08-17T18:48:05Z,2026-08-17T18:48:05Z,
195.123.212.187,ipv4,malicious-ip,medium,WHITE,ziyadnz/hourly-ipv4,ziyadnz|hourly,2026-08-17T18:48:05Z,2026-08-17T18:48:05Z,
195.123.216.109,ipv4,malicious-ip,medium,WHITE,ziyadnz/hourly-ipv4,ziyadnz|hourly,2026-08-17T18:48:05Z,2026-08-17T18:48:05Z,
195.123.217.139,ipv4,malicious-ip,medium,WHITE,ziyadnz/hourly-ipv4,ziyadnz|hourly,2026-08-17T18:48:05Z,2026-08-17T18:48:05Z,
195.123.219.57,ipv4,malicious-ip,medium,WHITE,ziyadnz/hourly-ipv4,ziyadnz|hourly,2026-08-17T18:48:05Z,2026-08-17T18:48:05Z,
195.123.220.40,ipv4,malicious-ip,medium,WHITE,ziyadnz/hourly-ipv4,ziyadnz|hourly,2026-08-17T18:48:05Z,2026-08-17T18:48:05Z,
195.123.225.83,ipv4,malicious-ip,medium,WHITE,ziyadnz/hourly-ipv4,ziyadnz|hourly,2026-08-17T18:48:05Z,2026-08-17T18:48:05Z,
195.123.226.235,ipv4,malicious-ip,medium,WHITE,ziyadnz/hourly-ipv4,ziyadnz|hourly,2026-08-17T18:48:05Z,2026-08-17T18:48:05Z,
195.123.226.91,ipv4,malicious-ip,medium,WHITE,ziyadnz/hourly-ipv4,ziyadnz|hourly,2026-08-17T18:48:05Z,2026-08-17T18:48:05Z,
195.123.241.24,ipv4,malicious-ip,medium,WHITE,ziyadnz/hourly-ipv4,ziyadnz|hourly,2026-08-17T18:48:05Z,2026-08-17T18:48:05Z,
195.123.242.120,ipv4,malicious-ip,medium,WHITE,ziyadnz/hourly-ipv4,ziyadnz|hourly,2026-08-17T18:48:05Z,2026-08-17T18:48:05Z,
195.123.246.26,ipv4,malicious-ip,medium,WHITE,ziyadnz/hourly-ipv4,ziyadnz|hourly,2026-08-17T18:48:05Z,2026-08-17T18:48:05Z,
195.128.96.203,ipv4,malicious-ip,medium,WHITE,ziyadnz/hourly-ipv4,ziyadnz|hourly,2026-08-17T18:48:05Z,2026-08-17T18:48:05Z,
195.128.96.92,ipv4,malicious-ip,medium,WHITE,ziyadnz/hourly-ipv4,ziyadnz|hourly,2026-08-17T18:48:05Z,2026-08-17T18:48:05Z,
195.130.35.148,ipv4,malicious-ip,medium,WHITE,ziyadnz/hourly-ipv4,ziyadnz|hourly,2026-08-17T18:48:05Z,2026-08-17T18:48:05Z,
195.133.14.222,ipv4,malicious-ip,medium,WHITE,ziyadnz/hourly-ipv4,ziyadnz|hourly,2026-08-17T18:48:05Z,2026-08-17T18:48:05Z,
195.133.156.119,ipv4,malicious-ip,medium,WHITE,ziyadnz/hourly-ipv4,ziyadnz|hourly,2026-08-17T18:48:05Z,2026-08-17T18:48:05Z,
195.133.156.158,ipv4,malicious-ip,medium,WHITE,ziyadnz/hourly-ipv4,ziyadnz|hourly,2026-08-17T18:48:05Z,2026-08-17T18:48:05Z,
195.133.18.240,ipv4,malicious-ip,medium,WHITE,ziyadnz/hourly-ipv4,ziyadnz|hourly,2026-08-17T18:48:05Z,2026-08-17T18:48:05Z,
195.133.196.230,ipv4,malicious-ip,medium,WHITE,ziyadnz/hourly-ipv4,ziyadnz|hourly,2026-08-17T18:48:05Z,2026-08-17T18:48:05Z,
195.133.220.90,ipv4,malicious-ip,medium,WHITE,ziyadnz/hourly-ipv4,ziyadnz|hourly,2026-08-17T18:48:05Z,2026-08-17T18:48:05Z,
195.133.39.152,ipv4,malicious-ip,medium,WHITE,ziyadnz/hourly-ipv4,ziyadnz|hourly,2026-08-17T18:48:05Z,2026-08-17T18:48:05Z,
195.133.40.141,ipv4,malicious-ip,medium,WHITE,ziyadnz/hourly-ipv4,ziyadnz|hourly,2026-08-17T18:48:05Z,2026-08-17T18:48:05Z,
195.133.62.214,ipv4,malicious-ip,medium,WHITE,ziyadnz/hourly-ipv4,ziyadnz|hourly,2026-08-17T18:48:05Z,2026-08-17T18:48:05Z,
195.133.64.46,ipv4,malicious-ip,medium,WHITE,ziyadnz/hourly-ipv4,ziyadnz|hourly,2026-08-17T18:48:05Z,2026-08-17T18:48:05Z,
195.133.65.112,ipv4,malicious-ip,medium,WHITE,ziyadnz/hourly-ipv4,ziyadnz|hourly,2026-08-17T18:48:05Z,2026-08-17T18:48:05Z,
195.133.73.225,ipv4,malicious-ip,medium,WHITE,ziyadnz/hourly-ipv4,ziyadnz|hourly,2026-08-17T18:48:05Z,2026-08-17T18:48:05Z,
195.133.79.43,ipv4,malicious-ip,medium,WHITE,ziyadnz/hourly-ipv4,ziyadnz|hourly,2026-08-17T18:48:05Z,2026-08-17T18:48:05Z,
195.133.92.51,ipv4,malicious-ip,medium,WHITE,ziyadnz/hourly-ipv4,ziyadnz|hourly,2026-08-17T18:48:05Z,2026-08-17T18:48:05Z,
195.135.246.197,ipv4,malicious-ip,medium,WHITE,ziyadnz/hourly-ipv4,ziyadnz|hourly,2026-08-17T18:48:05Z,2026-08-17T18:48:05Z,
195.135.246.203,ipv4,malicious-ip,medium,WHITE,ziyadnz/hourly-ipv4,ziyadnz|hourly,2026-08-17T18:48:05Z,2026-08-17T18:48:05Z,
195.137.244.144,ipv4,malicious-ip,medium,WHITE,ziyadnz/hourly-ipv4,ziyadnz|hourly,2026-08-17T18:48:05Z,2026-08-17T18:48:05Z,
195.139.179.142,ipv4,malicious-ip,medium,WHITE,ziyadnz/hourly-ipv4,ziyadnz|hourly,2026-08-17T18:48:05Z,2026-08-17T18:48:05Z,
195.140.214.19,ipv4,malicious-ip,medium,WHITE,ziyadnz/hourly-ipv4,ziyadnz|hourly,2026-08-17T18:48:05Z,2026-08-17T18:48:05Z,
195.140.214.20,ipv4,malicious-ip,medium,WHITE,ziyadnz/hourly-ipv4,ziyadnz|hourly,2026-08-17T18:48:05Z,2026-08-17T18:48:05Z,
195.140.214.21,ipv4,malicious-ip,medium,WHITE,ziyadnz/hourly-ipv4,ziyadnz|hourly,2026-08-17T18:48:05Z,2026-08-17T18:48:05Z,
195.140.214.22,ipv4,malicious-ip,medium,WHITE,ziyadnz/hourly-ipv4,ziyadnz|hourly,2026-08-17T18:48:05Z,2026-08-17T18:48:05Z,
195.140.214.23,ipv4,malicious-ip,medium,WHITE,ziyadnz/hourly-ipv4,ziyadnz|hourly,2026-08-17T18:48:05Z,2026-08-17T18:48:05Z,
195.140.214.24,ipv4,malicious-ip,medium,WHITE,ziyadnz/hourly-ipv4,ziyadnz|hourly,2026-08-17T18:48:05Z,2026-08-17T18:48:05Z,
195.140.214.25,ipv4,malicious-ip,medium,WHITE,ziyadnz/hourly-ipv4,ziyadnz|hourly,2026-08-17T18:48:05Z,2026-08-17T18:48:05Z,
195.140.214.27,ipv4,malicious-ip,medium,WHITE,ziyadnz/hourly-ipv4,ziyadnz|hourly,2026-08-17T18:48:05Z,2026-08-17T18:48:05Z,
195.140.214.28,ipv4,malicious-ip,medium,WHITE,ziyadnz/hourly-ipv4,ziyadnz|hourly,2026-08-17T18:48:05Z,2026-08-17T18:48:05Z,
195.140.214.29,ipv4,malicious-ip,medium,WHITE,ziyadnz/hourly-ipv4,ziyadnz|hourly,2026-08-17T18:48:05Z,2026-08-17T18:48:05Z,
195.140.214.30,ipv4,malicious-ip,medium,WHITE,ziyadnz/hourly-ipv4,ziyadnz|hourly,2026-08-17T18:48:05Z,2026-08-17T18:48:05Z,
195.140.224.113,ipv4,malicious-ip,medium,WHITE,ziyadnz/hourly-ipv4,ziyadnz|hourly,2026-08-17T18:48:05Z,2026-08-17T18:48:05Z,
195.140.224.123,ipv4,malicious-ip,medium,WHITE,ziyadnz/hourly-ipv4,ziyadnz|hourly,2026-08-17T18:48:05Z,2026-08-17T18:48:05Z,
195.140.224.124,ipv4,malicious-ip,medium,WHITE,ziyadnz/hourly-ipv4,ziyadnz|hourly,2026-08-17T18:48:05Z,2026-08-17T18:48:05Z,
195.140.224.179,ipv4,malicious-ip,medium,WHITE,ziyadnz/hourly-ipv4,ziyadnz|hourly,2026-08-17T18:48:05Z,2026-08-17T18:48:05Z,
195.140.224.231,ipv4,malicious-ip,medium,WHITE,ziyadnz/hourly-ipv4,ziyadnz|hourly,2026-08-17T18:48:05Z,2026-08-17T18:48:05Z,
195.140.226.202,ipv4,malicious-ip,medium,WHITE,ziyadnz/hourly-ipv4,ziyadnz|hourly,2026-08-17T18:48:05Z,2026-08-17T18:48:05Z,
195.142.16.89,ipv4,malicious-ip,medium,WHITE,ziyadnz/hourly-ipv4,ziyadnz|hourly,2026-08-17T18:48:05Z,2026-08-17T18:48:05Z,
195.142.253.33,ipv4,malicious-ip,medium,WHITE,ziyadnz/hourly-ipv4,ziyadnz|hourly,2026-08-17T18:48:05Z,2026-08-17T18:48:05Z,
195.144.76.65,ipv4,malicious-ip,medium,WHITE,ziyadnz/hourly-ipv4,ziyadnz|hourly,2026-08-17T18:48:05Z,2026-08-17T18:48:05Z,
195.149.87.136,ipv4,malicious-ip,medium,WHITE,ziyadnz/hourly-ipv4,ziyadnz|hourly,2026-08-17T18:48:05Z,2026-08-17T18:48:05Z,
195.154.103.239,ipv4,malicious-ip,medium,WHITE,ziyadnz/hourly-ipv4,ziyadnz|hourly,2026-08-17T18:48:05Z,2026-08-17T18:48:05Z,
195.154.112.90,ipv4,malicious-ip,medium,WHITE,ziyadnz/hourly-ipv4,ziyadnz|hourly,2026-08-17T18:48:05Z,2026-08-17T18:48:05Z,
195.154.118.29,ipv4,malicious-ip,medium,WHITE,ziyadnz/hourly-ipv4,ziyadnz|hourly,2026-08-17T18:48:05Z,2026-08-17T18:48:05Z,
195.154.133.20,ipv4,malicious-ip,medium,WHITE,ziyadnz/hourly-ipv4,ziyadnz|hourly,2026-08-17T18:48:05Z,2026-08-17T18:48:05Z,
195.154.168.94,ipv4,malicious-ip,medium,WHITE,ziyadnz/hourly-ipv4,ziyadnz|hourly,2026-08-17T18:48:05Z,2026-08-17T18:48:05Z,
195.154.174.130,ipv4,malicious-ip,medium,WHITE,ziyadnz/hourly-ipv4,ziyadnz|hourly,2026-08-17T18:48:05Z,2026-08-17T18:48:05Z,
195.154.176.206,ipv4,malicious-ip,medium,WHITE,ziyadnz/hourly-ipv4,ziyadnz|hourly,2026-08-17T18:48:05Z,2026-08-17T18:48:05Z,
195.154.176.209,ipv4,malicious-ip,medium,WHITE,ziyadnz/hourly-ipv4,ziyadnz|hourly,2026-08-17T18:48:05Z,2026-08-17T18:48:05Z,
195.154.176.37,ipv4,malicious-ip,medium,WHITE,ziyadnz/hourly-ipv4,ziyadnz|hourly,2026-08-17T18:48:05Z,2026-08-17T18:48:05Z,
195.154.178.238,ipv4,malicious-ip,medium,WHITE,ziyadnz/hourly-ipv4,ziyadnz|hourly,2026-08-17T18:48:05Z,2026-08-17T18:48:05Z,
195.154.185.134,ipv4,malicious-ip,medium,WHITE,ziyadnz/hourly-ipv4,ziyadnz|hourly,2026-08-17T18:48:05Z,2026-08-17T18:48:05Z,
195.154.188.211,ipv4,malicious-ip,medium,WHITE,ziyadnz/hourly-ipv4,ziyadnz|hourly,2026-08-17T18:48:05Z,2026-08-17T18:48:05Z,
195.154.211.56,ipv4,malicious-ip,medium,WHITE,ziyadnz/hourly-ipv4,ziyadnz|hourly,2026-08-17T18:48:05Z,2026-08-17T18:48:05Z,
195.154.235.51,ipv4,malicious-ip,medium,WHITE,ziyadnz/hourly-ipv4,ziyadnz|hourly,2026-08-17T18:48:05Z,2026-08-17T18:48:05Z,
195.154.241.165,ipv4,malicious-ip,medium,WHITE,ziyadnz/hourly-ipv4,ziyadnz|hourly,2026-08-17T18:48:05Z,2026-08-17T18:48:05Z,
195.154.242.37,ipv4,malicious-ip,medium,WHITE,ziyadnz/hourly-ipv4,ziyadnz|hourly,2026-08-17T18:48:05Z,2026-08-17T18:48:05Z,
195.154.243.38,ipv4,malicious-ip,medium,WHITE,ziyadnz/hourly-ipv4,ziyadnz|hourly,2026-08-17T18:48:05Z,2026-08-17T18:48:05Z,
195.154.246.214,ipv4,malicious-ip,medium,WHITE,ziyadnz/hourly-ipv4,ziyadnz|hourly,2026-08-17T18:48:05Z,2026-08-17T18:48:05Z,
195.154.251.21,ipv4,malicious-ip,medium,WHITE,ziyadnz/hourly-ipv4,ziyadnz|hourly,2026-08-17T18:48:05Z,2026-08-17T18:48:05Z,
195.154.251.99,ipv4,malicious-ip,medium,WHITE,ziyadnz/hourly-ipv4,ziyadnz|hourly,2026-08-17T18:48:05Z,2026-08-17T18:48:05Z,
195.154.252.221,ipv4,malicious-ip,medium,WHITE,ziyadnz/hourly-ipv4,ziyadnz|hourly,2026-08-17T18:48:05Z,2026-08-17T18:48:05Z,
195.154.253.49,ipv4,malicious-ip,medium,WHITE,ziyadnz/hourly-ipv4,ziyadnz|hourly,2026-08-17T18:48:05Z,2026-08-17T18:48:05Z,
195.154.40.198,ipv4,malicious-ip,medium,WHITE,ziyadnz/hourly-ipv4,ziyadnz|hourly,2026-08-17T18:48:05Z,2026-08-17T18:48:05Z,
195.154.43.121,ipv4,malicious-ip,medium,WHITE,ziyadnz/hourly-ipv4,ziyadnz|hourly,2026-08-17T18:48:05Z,2026-08-17T18:48:05Z,
195.155.170.85,ipv4,malicious-ip,medium,WHITE,ziyadnz/hourly-ipv4,ziyadnz|hourly,2026-08-17T18:48:05Z,2026-08-17T18:48:05Z,
195.158.14.126,ipv4,malicious-ip,medium,WHITE,ziyadnz/hourly-ipv4,ziyadnz|hourly,2026-08-17T18:48:05Z,2026-08-17T18:48:05Z,
195.158.20.201,ipv4,malicious-ip,medium,WHITE,ziyadnz/hourly-ipv4,ziyadnz|hourly,2026-08-17T18:48:05Z,2026-08-17T18:48:05Z,
195.158.24.137,ipv4,malicious-ip,medium,WHITE,ziyadnz/hourly-ipv4,ziyadnz|hourly,2026-08-17T18:48:05Z,2026-08-17T18:48:05Z,
195.158.251.2,ipv4,malicious-ip,medium,WHITE,ziyadnz/hourly-ipv4,ziyadnz|hourly,2026-08-17T18:48:05Z,2026-08-17T18:48:05Z,
195.158.27.217,ipv4,malicious-ip,medium,WHITE,ziyadnz/hourly-ipv4,ziyadnz|hourly,2026-08-17T18:48:05Z,2026-08-17T18:48:05Z,
195.158.4.212,ipv4,malicious-ip,medium,WHITE,ziyadnz/hourly-ipv4,ziyadnz|hourly,2026-08-17T18:48:05Z,2026-08-17T18:48:05Z,
195.158.9.163,ipv4,malicious-ip,medium,WHITE,ziyadnz/hourly-ipv4,ziyadnz|hourly,2026-08-17T18:48:05Z,2026-08-17T18:48:05Z,
195.161.114.163,ipv4,malicious-ip,medium,WHITE,ziyadnz/hourly-ipv4,ziyadnz|hourly,2026-08-17T18:48:05Z,2026-08-17T18:48:05Z,
195.161.38.150,ipv4,malicious-ip,medium,WHITE,ziyadnz/hourly-ipv4,ziyadnz|hourly,2026-08-17T18:48:05Z,2026-08-17T18:48:05Z,
195.161.54.16,ipv4,malicious-ip,medium,WHITE,ziyadnz/hourly-ipv4,ziyadnz|hourly,2026-08-17T18:48:05Z,2026-08-17T18:48:05Z,
195.162.88.161,ipv4,malicious-ip,medium,WHITE,ziyadnz/hourly-ipv4,ziyadnz|hourly,2026-08-17T18:48:05Z,2026-08-17T18:48:05Z,
195.164.49.70,ipv4,malicious-ip,medium,WHITE,ziyadnz/hourly-ipv4,ziyadnz|hourly,2026-08-17T18:48:05Z,2026-08-17T18:48:05Z,
195.164.49.71,ipv4,malicious-ip,medium,WHITE,ziyadnz/hourly-ipv4,ziyadnz|hourly,2026-08-17T18:48:05Z,2026-08-17T18:48:05Z,
195.165.207.215,ipv4,malicious-ip,medium,WHITE,ziyadnz/hourly-ipv4,ziyadnz|hourly,2026-08-17T18:48:05Z,2026-08-17T18:48:05Z,
195.170.172.128,ipv4,malicious-ip,medium,WHITE,ziyadnz/hourly-ipv4,ziyadnz|hourly,2026-08-17T18:48:05Z,2026-08-17T18:48:05Z,
195.170.172.204,ipv4,malicious-ip,medium,WHITE,ziyadnz/hourly-ipv4,ziyadnz|hourly,2026-08-17T18:48:05Z,2026-08-17T18:48:05Z,
195.170.172.216,ipv4,malicious-ip,medium,WHITE,ziyadnz/hourly-ipv4,ziyadnz|hourly,2026-08-17T18:48:05Z,2026-08-17T18:48:05Z,
195.170.172.225,ipv4,malicious-ip,medium,WHITE,ziyadnz/hourly-ipv4,ziyadnz|hourly,2026-08-17T18:48:05Z,2026-08-17T18:48:05Z,
195.172.120.227,ipv4,malicious-ip,medium,WHITE,ziyadnz/hourly-ipv4,ziyadnz|hourly,2026-08-17T18:48:05Z,2026-08-17T18:48:05Z,
195.174.125.62,ipv4,malicious-ip,medium,WHITE,ziyadnz/hourly-ipv4,ziyadnz|hourly,2026-08-17T18:48:05Z,2026-08-17T18:48:05Z,
195.174.57.249,ipv4,malicious-ip,medium,WHITE,ziyadnz/hourly-ipv4,ziyadnz|hourly,2026-08-17T18:48:05Z,2026-08-17T18:48:05Z,
195.175.89.90,ipv4,malicious-ip,medium,WHITE,ziyadnz/hourly-ipv4,ziyadnz|hourly,2026-08-17T18:48:05Z,2026-08-17T18:48:05Z,
195.176.3.23,ipv4,malicious-ip,medium,WHITE,ziyadnz/hourly-ipv4,ziyadnz|hourly,2026-08-17T18:48:05Z,2026-08-17T18:48:05Z,
195.176.3.24,ipv4,malicious-ip,medium,WHITE,ziyadnz/hourly-ipv4,ziyadnz|hourly,2026-08-17T18:48:05Z,2026-08-17T18:48:05Z,
195.177.238.70,ipv4,malicious-ip,medium,WHITE,ziyadnz/hourly-ipv4,ziyadnz|hourly,2026-08-17T18:48:05Z,2026-08-17T18:48:05Z,
195.177.93.16,ipv4,malicious-ip,medium,WHITE,ziyadnz/hourly-ipv4,ziyadnz|hourly,2026-08-17T18:48:05Z,2026-08-17T18:48:05Z,
195.177.94.169,ipv4,malicious-ip,medium,WHITE,ziyadnz/hourly-ipv4,ziyadnz|hourly,2026-08-17T18:48:05Z,2026-08-17T18:48:05Z,
195.177.94.40,ipv4,malicious-ip,medium,WHITE,ziyadnz/hourly-ipv4,ziyadnz|hourly,2026-08-17T18:48:05Z,2026-08-17T18:48:05Z,
195.177.94.6,ipv4,malicious-ip,medium,WHITE,ziyadnz/hourly-ipv4,ziyadnz|hourly,2026-08-17T18:48:05Z,2026-08-17T18:48:05Z,
195.178.110.0,ipv4,malicious-ip,medium,WHITE,ziyadnz/hourly-ipv4,ziyadnz|hourly,2026-08-17T18:48:05Z,2026-08-17T18:48:05Z,
195.178.110.101,ipv4,malicious-ip,medium,WHITE,ziyadnz/hourly-ipv4,ziyadnz|hourly,2026-08-17T18:48:05Z,2026-08-17T18:48:05Z,
195.178.110.103,ipv4,malicious-ip,medium,WHITE,ziyadnz/hourly-ipv4,ziyadnz|hourly,2026-08-17T18:48:05Z,2026-08-17T18:48:05Z,
195.178.110.105,ipv4,malicious-ip,medium,WHITE,ziyadnz/hourly-ipv4,ziyadnz|hourly,2026-08-17T18:48:05Z,2026-08-17T18:48:05Z,
195.178.110.132,ipv4,malicious-ip,medium,WHITE,ziyadnz/hourly-ipv4,ziyadnz|hourly,2026-08-17T18:48:05Z,2026-08-17T18:48:05Z,
195.178.110.155,ipv4,malicious-ip,medium,WHITE,ziyadnz/hourly-ipv4,ziyadnz|hourly,2026-08-17T18:48:05Z,2026-08-17T18:48:05Z,
195.178.110.209,ipv4,malicious-ip,medium,WHITE,ziyadnz/hourly-ipv4,ziyadnz|hourly,2026-08-17T18:48:05Z,2026-08-17T18:48:05Z,
195.178.110.211,ipv4,malicious-ip,medium,WHITE,ziyadnz/hourly-ipv4,ziyadnz|hourly,2026-08-17T18:48:05Z,2026-08-17T18:48:05Z,
195.178.110.242,ipv4,malicious-ip,medium,WHITE,ziyadnz/hourly-ipv4,ziyadnz|hourly,2026-08-17T18:48:05Z,2026-08-17T18:48:05Z,
195.178.110.35,ipv4,malicious-ip,medium,WHITE,ziyadnz/hourly-ipv4,ziyadnz|hourly,2026-08-17T18:48:05Z,2026-08-17T18:48:05Z,
195.178.110.36,ipv4,malicious-ip,medium,WHITE,ziyadnz/hourly-ipv4,ziyadnz|hourly,2026-08-17T18:48:05Z,2026-08-17T18:48:05Z,
195.178.110.39,ipv4,malicious-ip,medium,WHITE,ziyadnz/hourly-ipv4,ziyadnz|hourly,2026-08-17T18:48:05Z,2026-08-17T18:48:05Z,
195.178.110.48,ipv4,malicious-ip,medium,WHITE,ziyadnz/hourly-ipv4,ziyadnz|hourly,2026-08-17T18:48:05Z,2026-08-17T18:48:05Z,
195.178.110.54,ipv4,malicious-ip,medium,WHITE,ziyadnz/hourly-ipv4,ziyadnz|hourly,2026-08-17T18:48:05Z,2026-08-17T18:48:05Z,
195.178.110.72,ipv4,malicious-ip,medium,WHITE,ziyadnz/hourly-ipv4,ziyadnz|hourly,2026-08-17T18:48:05Z,2026-08-17T18:48:05Z,
195.178.120.24,ipv4,malicious-ip,medium,WHITE,ziyadnz/hourly-ipv4,ziyadnz|hourly,2026-08-17T18:48:05Z,2026-08-17T18:48:05Z,
195.178.120.69,ipv4,malicious-ip,medium,WHITE,ziyadnz/hourly-ipv4,ziyadnz|hourly,2026-08-17T18:48:05Z,2026-08-17T18:48:05Z,
195.178.202.142,ipv4,malicious-ip,medium,WHITE,ziyadnz/hourly-ipv4,ziyadnz|hourly,2026-08-17T18:48:05Z,2026-08-17T18:48:05Z,
195.18.18.181,ipv4,malicious-ip,medium,WHITE,ziyadnz/hourly-ipv4,ziyadnz|hourly,2026-08-17T18:48:05Z,2026-08-17T18:48:05Z,
195.18.18.40,ipv4,malicious-ip,medium,WHITE,ziyadnz/hourly-ipv4,ziyadnz|hourly,2026-08-17T18:48:05Z,2026-08-17T18:48:05Z,
195.18.18.43,ipv4,malicious-ip,medium,WHITE,ziyadnz/hourly-ipv4,ziyadnz|hourly,2026-08-17T18:48:05Z,2026-08-17T18:48:05Z,
195.18.19.12,ipv4,malicious-ip,medium,WHITE,ziyadnz/hourly-ipv4,ziyadnz|hourly,2026-08-17T18:48:05Z,2026-08-17T18:48:05Z,
195.18.19.40,ipv4,malicious-ip,medium,WHITE,ziyadnz/hourly-ipv4,ziyadnz|hourly,2026-08-17T18:48:05Z,2026-08-17T18:48:05Z,
195.182.16.23,ipv4,malicious-ip,medium,WHITE,ziyadnz/hourly-ipv4,ziyadnz|hourly,2026-08-17T18:48:05Z,2026-08-17T18:48:05Z,
195.182.16.52,ipv4,malicious-ip,medium,WHITE,ziyadnz/hourly-ipv4,ziyadnz|hourly,2026-08-17T18:48:05Z,2026-08-17T18:48:05Z,
195.182.22.172,ipv4,malicious-ip,medium,WHITE,ziyadnz/hourly-ipv4,ziyadnz|hourly,2026-08-17T18:48:05Z,2026-08-17T18:48:05Z,
195.182.22.226,ipv4,malicious-ip,medium,WHITE,ziyadnz/hourly-ipv4,ziyadnz|hourly,2026-08-17T18:48:05Z,2026-08-17T18:48:05Z,
195.182.22.227,ipv4,malicious-ip,medium,WHITE,ziyadnz/hourly-ipv4,ziyadnz|hourly,2026-08-17T18:48:05Z,2026-08-17T18:48:05Z,
195.182.22.228,ipv4,malicious-ip,medium,WHITE,ziyadnz/hourly-ipv4,ziyadnz|hourly,2026-08-17T18:48:05Z,2026-08-17T18:48:05Z,
195.184.76.0,ipv4,malicious-ip,medium,WHITE,ziyadnz/hourly-ipv4,ziyadnz|hourly,2026-08-17T18:48:05Z,2026-08-17T18:48:05Z,
195.184.76.1,ipv4,malicious-ip,medium,WHITE,ziyadnz/hourly-ipv4,ziyadnz|hourly,2026-08-17T18:48:05Z,2026-08-17T18:48:05Z,
195.184.76.10,ipv4,malicious-ip,medium,WHITE,ziyadnz/hourly-ipv4,ziyadnz|hourly,2026-08-17T18:48:05Z,2026-08-17T18:48:05Z,
195.184.76.100,ipv4,malicious-ip,medium,WHITE,ziyadnz/hourly-ipv4,ziyadnz|hourly,2026-08-17T18:48:05Z,2026-08-17T18:48:05Z,
195.184.76.101,ipv4,malicious-ip,medium,WHITE,ziyadnz/hourly-ipv4,ziyadnz|hourly,2026-08-17T18:48:05Z,2026-08-17T18:48:05Z,
195.184.76.102,ipv4,malicious-ip,medium,WHITE,ziyadnz/hourly-ipv4,ziyadnz|hourly,2026-08-17T18:48:05Z,2026-08-17T18:48:05Z,
195.184.76.103,ipv4,malicious-ip,medium,WHITE,ziyadnz/hourly-ipv4,ziyadnz|hourly,2026-08-17T18:48:05Z,2026-08-17T18:48:05Z,
195.184.76.104,ipv4,malicious-ip,medium,WHITE,ziyadnz/hourly-ipv4,ziyadnz|hourly,2026-08-17T18:48:05Z,2026-08-17T18:48:05Z,
195.184.76.105,ipv4,malicious-ip,medium,WHITE,ziyadnz/hourly-ipv4,ziyadnz|hourly,2026-08-17T18:48:05Z,2026-08-17T18:48:05Z,
195.184.76.106,ipv4,malicious-ip,medium,WHITE,ziyadnz/hourly-ipv4,ziyadnz|hourly,2026-08-17T18:48:05Z,2026-08-17T18:48:05Z,
195.184.76.107,ipv4,malicious-ip,medium,WHITE,ziyadnz/hourly-ipv4,ziyadnz|hourly,2026-08-17T18:48:05Z,2026-08-17T18:48:05Z,
195.184.76.108,ipv4,malicious-ip,medium,WHITE,ziyadnz/hourly-ipv4,ziyadnz|hourly,2026-08-17T18:48:05Z,2026-08-17T18:48:05Z,
195.184.76.109,ipv4,malicious-ip,medium,WHITE,ziyadnz/hourly-ipv4,ziyadnz|hourly,2026-08-17T18:48:05Z,2026-08-17T18:48:05Z,
195.184.76.11,ipv4,malicious-ip,medium,WHITE,ziyadnz/hourly-ipv4,ziyadnz|hourly,2026-08-17T18:48:05Z,2026-08-17T18:48:05Z,
195.184.76.110,ipv4,malicious-ip,medium,WHITE,ziyadnz/hourly-ipv4,ziyadnz|hourly,2026-08-17T18:48:05Z,2026-08-17T18:48:05Z,
195.184.76.111,ipv4,malicious-ip,medium,WHITE,ziyadnz/hourly-ipv4,ziyadnz|hourly,2026-08-17T18:48:05Z,2026-08-17T18:48:05Z,
195.184.76.112,ipv4,malicious-ip,medium,WHITE,ziyadnz/hourly-ipv4,ziyadnz|hourly,2026-08-17T18:48:05Z,2026-08-17T18:48:05Z,
195.184.76.113,ipv4,malicious-ip,medium,WHITE,ziyadnz/hourly-ipv4,ziyadnz|hourly,2026-08-17T18:48:05Z,2026-08-17T18:48:05Z,
195.184.76.114,ipv4,malicious-ip,medium,WHITE,ziyadnz/hourly-ipv4,ziyadnz|hourly,2026-08-17T18:48:05Z,2026-08-17T18:48:05Z,
195.184.76.115,ipv4,malicious-ip,medium,WHITE,ziyadnz/hourly-ipv4,ziyadnz|hourly,2026-08-17T18:48:05Z,2026-08-17T18:48:05Z,
195.184.76.116,ipv4,malicious-ip,medium,WHITE,ziyadnz/hourly-ipv4,ziyadnz|hourly,2026-08-17T18:48:05Z,2026-08-17T18:48:05Z,
195.184.76.117,ipv4,malicious-ip,medium,WHITE,ziyadnz/hourly-ipv4,ziyadnz|hourly,2026-08-17T18:48:05Z,2026-08-17T18:48:05Z,
195.184.76.118,ipv4,malicious-ip,medium,WHITE,ziyadnz/hourly-ipv4,ziyadnz|hourly,2026-08-17T18:48:05Z,2026-08-17T18:48:05Z,
195.184.76.119,ipv4,malicious-ip,medium,WHITE,ziyadnz/hourly-ipv4,ziyadnz|hourly,2026-08-17T18:48:05Z,2026-08-17T18:48:05Z,
195.184.76.12,ipv4,malicious-ip,medium,WHITE,ziyadnz/hourly-ipv4,ziyadnz|hourly,2026-08-17T18:48:05Z,2026-08-17T18:48:05Z,
195.184.76.120,ipv4,malicious-ip,medium,WHITE,ziyadnz/hourly-ipv4,ziyadnz|hourly,2026-08-17T18:48:05Z,2026-08-17T18:48:05Z,
195.184.76.121,ipv4,malicious-ip,medium,WHITE,ziyadnz/hourly-ipv4,ziyadnz|hourly,2026-08-17T18:48:05Z,2026-08-17T18:48:05Z,
195.184.76.122,ipv4,malicious-ip,medium,WHITE,ziyadnz/hourly-ipv4,ziyadnz|hourly,2026-08-17T18:48:05Z,2026-08-17T18:48:05Z,
195.184.76.123,ipv4,malicious-ip,medium,WHITE,ziyadnz/hourly-ipv4,ziyadnz|hourly,2026-08-17T18:48:05Z,2026-08-17T18:48:05Z,
195.184.76.124,ipv4,malicious-ip,medium,WHITE,ziyadnz/hourly-ipv4,ziyadnz|hourly,2026-08-17T18:48:05Z,2026-08-17T18:48:05Z,
195.184.76.125,ipv4,malicious-ip,medium,WHITE,ziyadnz/hourly-ipv4,ziyadnz|hourly,2026-08-17T18:48:05Z,2026-08-17T18:48:05Z,
195.184.76.126,ipv4,malicious-ip,medium,WHITE,ziyadnz/hourly-ipv4,ziyadnz|hourly,2026-08-17T18:48:05Z,2026-08-17T18:48:05Z,
195.184.76.127,ipv4,malicious-ip,medium,WHITE,ziyadnz/hourly-ipv4,ziyadnz|hourly,2026-08-17T18:48:05Z,2026-08-17T18:48:05Z,
195.184.76.128,ipv4,malicious-ip,medium,WHITE,ziyadnz/hourly-ipv4,ziyadnz|hourly,2026-08-17T18:48:05Z,2026-08-17T18:48:05Z,
195.184.76.129,ipv4,malicious-ip,medium,WHITE,ziyadnz/hourly-ipv4,ziyadnz|hourly,2026-08-17T18:48:05Z,2026-08-17T18:48:05Z,
195.184.76.13,ipv4,malicious-ip,medium,WHITE,ziyadnz/hourly-ipv4,ziyadnz|hourly,2026-08-17T18:48:05Z,2026-08-17T18:48:05Z,
195.184.76.130,ipv4,malicious-ip,medium,WHITE,ziyadnz/hourly-ipv4,ziyadnz|hourly,2026-08-17T18:48:05Z,2026-08-17T18:48:05Z,
195.184.76.131,ipv4,malicious-ip,medium,WHITE,ziyadnz/hourly-ipv4,ziyadnz|hourly,2026-08-17T18:48:05Z,2026-08-17T18:48:05Z,
195.184.76.132,ipv4,malicious-ip,medium,WHITE,ziyadnz/hourly-ipv4,ziyadnz|hourly,2026-08-17T18:48:05Z,2026-08-17T18:48:05Z,
195.184.76.133,ipv4,malicious-ip,medium,WHITE,ziyadnz/hourly-ipv4,ziyadnz|hourly,2026-08-17T18:48:05Z,2026-08-17T18:48:05Z,
195.184.76.134,ipv4,malicious-ip,medium,WHITE,ziyadnz/hourly-ipv4,ziyadnz|hourly,2026-08-17T18:48:05Z,2026-08-17T18:48:05Z,
195.184.76.135,ipv4,malicious-ip,medium,WHITE,ziyadnz/hourly-ipv4,ziyadnz|hourly,2026-08-17T18:48:05Z,2026-08-17T18:48:05Z,
195.184.76.136,ipv4,malicious-ip,medium,WHITE,ziyadnz/hourly-ipv4,ziyadnz|hourly,2026-08-17T18:48:05Z,2026-08-17T18:48:05Z,
195.184.76.137,ipv4,malicious-ip,medium,WHITE,ziyadnz/hourly-ipv4,ziyadnz|hourly,2026-08-17T18:48:05Z,2026-08-17T18:48:05Z,
195.184.76.138,ipv4,malicious-ip,medium,WHITE,ziyadnz/hourly-ipv4,ziyadnz|hourly,2026-08-17T18:48:05Z,2026-08-17T18:48:05Z,
195.184.76.139,ipv4,malicious-ip,medium,WHITE,ziyadnz/hourly-ipv4,ziyadnz|hourly,2026-08-17T18:48:05Z,2026-08-17T18:48:05Z,
195.184.76.14,ipv4,malicious-ip,medium,WHITE,ziyadnz/hourly-ipv4,ziyadnz|hourly,2026-08-17T18:48:05Z,2026-08-17T18:48:05Z,
195.184.76.140,ipv4,malicious-ip,medium,WHITE,ziyadnz/hourly-ipv4,ziyadnz|hourly,2026-08-17T18:48:05Z,2026-08-17T18:48:05Z,
195.184.76.141,ipv4,malicious-ip,medium,WHITE,ziyadnz/hourly-ipv4,ziyadnz|hourly,2026-08-17T18:48:05Z,2026-08-17T18:48:05Z,
195.184.76.142,ipv4,malicious-ip,medium,WHITE,ziyadnz/hourly-ipv4,ziyadnz|hourly,2026-08-17T18:48:05Z,2026-08-17T18:48:05Z,
195.184.76.143,ipv4,malicious-ip,medium,WHITE,ziyadnz/hourly-ipv4,ziyadnz|hourly,2026-08-17T18:48:05Z,2026-08-17T18:48:05Z,
195.184.76.144,ipv4,malicious-ip,medium,WHITE,ziyadnz/hourly-ipv4,ziyadnz|hourly,2026-08-17T18:48:05Z,2026-08-17T18:48:05Z,
195.184.76.145,ipv4,malicious-ip,medium,WHITE,ziyadnz/hourly-ipv4,ziyadnz|hourly,2026-08-17T18:48:05Z,2026-08-17T18:48:05Z,
195.184.76.146,ipv4,malicious-ip,medium,WHITE,ziyadnz/hourly-ipv4,ziyadnz|hourly,2026-08-17T18:48:05Z,2026-08-17T18:48:05Z,
195.184.76.147,ipv4,malicious-ip,medium,WHITE,ziyadnz/hourly-ipv4,ziyadnz|hourly,2026-08-17T18:48:05Z,2026-08-17T18:48:05Z,
195.184.76.148,ipv4,malicious-ip,medium,WHITE,ziyadnz/hourly-ipv4,ziyadnz|hourly,2026-08-17T18:48:05Z,2026-08-17T18:48:05Z,
195.184.76.149,ipv4,malicious-ip,medium,WHITE,ziyadnz/hourly-ipv4,ziyadnz|hourly,2026-08-17T18:48:05Z,2026-08-17T18:48:05Z,
195.184.76.15,ipv4,malicious-ip,medium,WHITE,ziyadnz/hourly-ipv4,ziyadnz|hourly,2026-08-17T18:48:05Z,2026-08-17T18:48:05Z,
195.184.76.151,ipv4,malicious-ip,medium,WHITE,ziyadnz/hourly-ipv4,ziyadnz|hourly,2026-08-17T18:48:05Z,2026-08-17T18:48:05Z,
195.184.76.152,ipv4,malicious-ip,medium,WHITE,ziyadnz/hourly-ipv4,ziyadnz|hourly,2026-08-17T18:48:05Z,2026-08-17T18:48:05Z,
195.184.76.153,ipv4,malicious-ip,medium,WHITE,ziyadnz/hourly-ipv4,ziyadnz|hourly,2026-08-17T18:48:05Z,2026-08-17T18:48:05Z,
195.184.76.154,ipv4,malicious-ip,medium,WHITE,ziyadnz/hourly-ipv4,ziyadnz|hourly,2026-08-17T18:48:05Z,2026-08-17T18:48:05Z,
195.184.76.155,ipv4,malicious-ip,medium,WHITE,ziyadnz/hourly-ipv4,ziyadnz|hourly,2026-08-17T18:48:05Z,2026-08-17T18:48:05Z,
195.184.76.156,ipv4,malicious-ip,medium,WHITE,ziyadnz/hourly-ipv4,ziyadnz|hourly,2026-08-17T18:48:05Z,2026-08-17T18:48:05Z,
195.184.76.157,ipv4,malicious-ip,medium,WHITE,ziyadnz/hourly-ipv4,ziyadnz|hourly,2026-08-17T18:48:05Z,2026-08-17T18:48:05Z,
195.184.76.158,ipv4,malicious-ip,medium,WHITE,ziyadnz/hourly-ipv4,ziyadnz|hourly,2026-08-17T18:48:05Z,2026-08-17T18:48:05Z,
195.184.76.159,ipv4,malicious-ip,medium,WHITE,ziyadnz/hourly-ipv4,ziyadnz|hourly,2026-08-17T18:48:05Z,2026-08-17T18:48:05Z,
195.184.76.16,ipv4,malicious-ip,medium,WHITE,ziyadnz/hourly-ipv4,ziyadnz|hourly,2026-08-17T18:48:05Z,2026-08-17T18:48:05Z,
195.184.76.160,ipv4,malicious-ip,medium,WHITE,ziyadnz/hourly-ipv4,ziyadnz|hourly,2026-08-17T18:48:05Z,2026-08-17T18:48:05Z,
195.184.76.161,ipv4,malicious-ip,medium,WHITE,ziyadnz/hourly-ipv4,ziyadnz|hourly,2026-08-17T18:48:05Z,2026-08-17T18:48:05Z,
195.184.76.162,ipv4,malicious-ip,medium,WHITE,ziyadnz/hourly-ipv4,ziyadnz|hourly,2026-08-17T18:48:05Z,2026-08-17T18:48:05Z,
195.184.76.163,ipv4,malicious-ip,medium,WHITE,ziyadnz/hourly-ipv4,ziyadnz|hourly,2026-08-17T18:48:05Z,2026-08-17T18:48:05Z,
195.184.76.164,ipv4,malicious-ip,medium,WHITE,ziyadnz/hourly-ipv4,ziyadnz|hourly,2026-08-17T18:48:05Z,2026-08-17T18:48:05Z,
195.184.76.165,ipv4,malicious-ip,medium,WHITE,ziyadnz/hourly-ipv4,ziyadnz|hourly,2026-08-17T18:48:05Z,2026-08-17T18:48:05Z,
195.184.76.166,ipv4,malicious-ip,medium,WHITE,ziyadnz/hourly-ipv4,ziyadnz|hourly,2026-08-17T18:48:05Z,2026-08-17T18:48:05Z,
195.184.76.167,ipv4,malicious-ip,medium,WHITE,ziyadnz/hourly-ipv4,ziyadnz|hourly,2026-08-17T18:48:05Z,2026-08-17T18:48:05Z,
195.184.76.168,ipv4,malicious-ip,medium,WHITE,ziyadnz/hourly-ipv4,ziyadnz|hourly,2026-08-17T18:48:05Z,2026-08-17T18:48:05Z,
195.184.76.169,ipv4,malicious-ip,medium,WHITE,ziyadnz/hourly-ipv4,ziyadnz|hourly,2026-08-17T18:48:05Z,2026-08-17T18:48:05Z,
195.184.76.17,ipv4,malicious-ip,medium,WHITE,ziyadnz/hourly-ipv4,ziyadnz|hourly,2026-08-17T18:48:05Z,2026-08-17T18:48:05Z,
195.184.76.170,ipv4,malicious-ip,medium,WHITE,ziyadnz/hourly-ipv4,ziyadnz|hourly,2026-08-17T18:48:05Z,2026-08-17T18:48:05Z,
195.184.76.171,ipv4,malicious-ip,medium,WHITE,ziyadnz/hourly-ipv4,ziyadnz|hourly,2026-08-17T18:48:05Z,2026-08-17T18:48:05Z,
195.184.76.172,ipv4,malicious-ip,medium,WHITE,ziyadnz/hourly-ipv4,ziyadnz|hourly,2026-08-17T18:48:05Z,2026-08-17T18:48:05Z,
195.184.76.173,ipv4,malicious-ip,medium,WHITE,ziyadnz/hourly-ipv4,ziyadnz|hourly,2026-08-17T18:48:05Z,2026-08-17T18:48:05Z,
195.184.76.174,ipv4,malicious-ip,medium,WHITE,ziyadnz/hourly-ipv4,ziyadnz|hourly,2026-08-17T18:48:05Z,2026-08-17T18:48:05Z,
195.184.76.175,ipv4,malicious-ip,medium,WHITE,ziyadnz/hourly-ipv4,ziyadnz|hourly,2026-08-17T18:48:05Z,2026-08-17T18:48:05Z,
195.184.76.176,ipv4,malicious-ip,medium,WHITE,ziyadnz/hourly-ipv4,ziyadnz|hourly,2026-08-17T18:48:05Z,2026-08-17T18:48:05Z,
195.184.76.177,ipv4,malicious-ip,medium,WHITE,ziyadnz/hourly-ipv4,ziyadnz|hourly,2026-08-17T18:48:05Z,2026-08-17T18:48:05Z,
195.184.76.178,ipv4,malicious-ip,medium,WHITE,ziyadnz/hourly-ipv4,ziyadnz|hourly,2026-08-17T18:48:05Z,2026-08-17T18:48:05Z,
195.184.76.179,ipv4,malicious-ip,medium,WHITE,ziyadnz/hourly-ipv4,ziyadnz|hourly,2026-08-17T18:48:05Z,2026-08-17T18:48:05Z,
195.184.76.18,ipv4,malicious-ip,medium,WHITE,ziyadnz/hourly-ipv4,ziyadnz|hourly,2026-08-17T18:48:05Z,2026-08-17T18:48:05Z,
195.184.76.180,ipv4,malicious-ip,medium,WHITE,ziyadnz/hourly-ipv4,ziyadnz|hourly,2026-08-17T18:48:05Z,2026-08-17T18:48:05Z,
195.184.76.181,ipv4,malicious-ip,medium,WHITE,ziyadnz/hourly-ipv4,ziyadnz|hourly,2026-08-17T18:48:05Z,2026-08-17T18:48:05Z,
195.184.76.182,ipv4,malicious-ip,medium,WHITE,ziyadnz/hourly-ipv4,ziyadnz|hourly,2026-08-17T18:48:05Z,2026-08-17T18:48:05Z,
195.184.76.183,ipv4,malicious-ip,medium,WHITE,ziyadnz/hourly-ipv4,ziyadnz|hourly,2026-08-17T18:48:05Z,2026-08-17T18:48:05Z,
195.184.76.184,ipv4,malicious-ip,medium,WHITE,ziyadnz/hourly-ipv4,ziyadnz|hourly,2026-08-17T18:48:05Z,2026-08-17T18:48:05Z,
195.184.76.185,ipv4,malicious-ip,medium,WHITE,ziyadnz/hourly-ipv4,ziyadnz|hourly,2026-08-17T18:48:05Z,2026-08-17T18:48:05Z,
195.184.76.186,ipv4,malicious-ip,medium,WHITE,ziyadnz/hourly-ipv4,ziyadnz|hourly,2026-08-17T18:48:05Z,2026-08-17T18:48:05Z,
195.184.76.187,ipv4,malicious-ip,medium,WHITE,ziyadnz/hourly-ipv4,ziyadnz|hourly,2026-08-17T18:48:05Z,2026-08-17T18:48:05Z,
195.184.76.188,ipv4,malicious-ip,medium,WHITE,ziyadnz/hourly-ipv4,ziyadnz|hourly,2026-08-17T18:48:05Z,2026-08-17T18:48:05Z,
195.184.76.189,ipv4,malicious-ip,medium,WHITE,ziyadnz/hourly-ipv4,ziyadnz|hourly,2026-08-17T18:48:05Z,2026-08-17T18:48:05Z,
195.184.76.19,ipv4,malicious-ip,medium,WHITE,ziyadnz/hourly-ipv4,ziyadnz|hourly,2026-08-17T18:48:05Z,2026-08-17T18:48:05Z,
195.184.76.190,ipv4,malicious-ip,medium,WHITE,ziyadnz/hourly-ipv4,ziyadnz|hourly,2026-08-17T18:48:05Z,2026-08-17T18:48:05Z,
195.184.76.191,ipv4,malicious-ip,medium,WHITE,ziyadnz/hourly-ipv4,ziyadnz|hourly,2026-08-17T18:48:05Z,2026-08-17T18:48:05Z,
195.184.76.192,ipv4,malicious-ip,medium,WHITE,ziyadnz/hourly-ipv4,ziyadnz|hourly,2026-08-17T18:48:05Z,2026-08-17T18:48:05Z,
195.184.76.193,ipv4,malicious-ip,medium,WHITE,ziyadnz/hourly-ipv4,ziyadnz|hourly,2026-08-17T18:48:05Z,2026-08-17T18:48:05Z,
195.184.76.194,ipv4,malicious-ip,medium,WHITE,ziyadnz/hourly-ipv4,ziyadnz|hourly,2026-08-17T18:48:05Z,2026-08-17T18:48:05Z,
195.184.76.195,ipv4,malicious-ip,medium,WHITE,ziyadnz/hourly-ipv4,ziyadnz|hourly,2026-08-17T18:48:05Z,2026-08-17T18:48:05Z,
195.184.76.196,ipv4,malicious-ip,medium,WHITE,ziyadnz/hourly-ipv4,ziyadnz|hourly,2026-08-17T18:48:05Z,2026-08-17T18:48:05Z,
195.184.76.197,ipv4,malicious-ip,medium,WHITE,ziyadnz/hourly-ipv4,ziyadnz|hourly,2026-08-17T18:48:05Z,2026-08-17T18:48:05Z,
195.184.76.198,ipv4,malicious-ip,medium,WHITE,ziyadnz/hourly-ipv4,ziyadnz|hourly,2026-08-17T18:48:05Z,2026-08-17T18:48:05Z,
195.184.76.199,ipv4,malicious-ip,medium,WHITE,ziyadnz/hourly-ipv4,ziyadnz|hourly,2026-08-17T18:48:05Z,2026-08-17T18:48:05Z,
195.184.76.2,ipv4,malicious-ip,medium,WHITE,ziyadnz/hourly-ipv4,ziyadnz|hourly,2026-08-17T18:48:05Z,2026-08-17T18:48:05Z,
195.184.76.20,ipv4,malicious-ip,medium,WHITE,ziyadnz/hourly-ipv4,ziyadnz|hourly,2026-08-17T18:48:05Z,2026-08-17T18:48:05Z,
195.184.76.200,ipv4,malicious-ip,medium,WHITE,ziyadnz/hourly-ipv4,ziyadnz|hourly,2026-08-17T18:48:05Z,2026-08-17T18:48:05Z,
195.184.76.201,ipv4,malicious-ip,medium,WHITE,ziyadnz/hourly-ipv4,ziyadnz|hourly,2026-08-17T18:48:05Z,2026-08-17T18:48:05Z,
195.184.76.202,ipv4,malicious-ip,medium,WHITE,ziyadnz/hourly-ipv4,ziyadnz|hourly,2026-08-17T18:48:05Z,2026-08-17T18:48:05Z,
195.184.76.203,ipv4,malicious-ip,medium,WHITE,ziyadnz/hourly-ipv4,ziyadnz|hourly,2026-08-17T18:48:05Z,2026-08-17T18:48:05Z,
195.184.76.204,ipv4,malicious-ip,medium,WHITE,ziyadnz/hourly-ipv4,ziyadnz|hourly,2026-08-17T18:48:05Z,2026-08-17T18:48:05Z,
195.184.76.205,ipv4,malicious-ip,medium,WHITE,ziyadnz/hourly-ipv4,ziyadnz|hourly,2026-08-17T18:48:05Z,2026-08-17T18:48:05Z,
195.184.76.206,ipv4,malicious-ip,medium,WHITE,ziyadnz/hourly-ipv4,ziyadnz|hourly,2026-08-17T18:48:05Z,2026-08-17T18:48:05Z,
195.184.76.207,ipv4,malicious-ip,medium,WHITE,ziyadnz/hourly-ipv4,ziyadnz|hourly,2026-08-17T18:48:05Z,2026-08-17T18:48:05Z,
195.184.76.208,ipv4,malicious-ip,medium,WHITE,ziyadnz/hourly-ipv4,ziyadnz|hourly,2026-08-17T18:48:05Z,2026-08-17T18:48:05Z,
195.184.76.209,ipv4,malicious-ip,medium,WHITE,ziyadnz/hourly-ipv4,ziyadnz|hourly,2026-08-17T18:48:05Z,2026-08-17T18:48:05Z,
195.184.76.21,ipv4,malicious-ip,medium,WHITE,ziyadnz/hourly-ipv4,ziyadnz|hourly,2026-08-17T18:48:05Z,2026-08-17T18:48:05Z,
195.184.76.210,ipv4,malicious-ip,medium,WHITE,ziyadnz/hourly-ipv4,ziyadnz|hourly,2026-08-17T18:48:05Z,2026-08-17T18:48:05Z,
195.184.76.211,ipv4,malicious-ip,medium,WHITE,ziyadnz/hourly-ipv4,ziyadnz|hourly,2026-08-17T18:48:05Z,2026-08-17T18:48:05Z,
195.184.76.212,ipv4,malicious-ip,medium,WHITE,ziyadnz/hourly-ipv4,ziyadnz|hourly,2026-08-17T18:48:05Z,2026-08-17T18:48:05Z,
195.184.76.213,ipv4,malicious-ip,medium,WHITE,ziyadnz/hourly-ipv4,ziyadnz|hourly,2026-08-17T18:48:05Z,2026-08-17T18:48:05Z,
195.184.76.214,ipv4,malicious-ip,medium,WHITE,ziyadnz/hourly-ipv4,ziyadnz|hourly,2026-08-17T18:48:05Z,2026-08-17T18:48:05Z,
195.184.76.215,ipv4,malicious-ip,medium,WHITE,ziyadnz/hourly-ipv4,ziyadnz|hourly,2026-08-17T18:48:05Z,2026-08-17T18:48:05Z,
195.184.76.216,ipv4,malicious-ip,medium,WHITE,ziyadnz/hourly-ipv4,ziyadnz|hourly,2026-08-17T18:48:05Z,2026-08-17T18:48:05Z,
195.184.76.217,ipv4,malicious-ip,medium,WHITE,ziyadnz/hourly-ipv4,ziyadnz|hourly,2026-08-17T18:48:05Z,2026-08-17T18:48:05Z,
195.184.76.218,ipv4,malicious-ip,medium,WHITE,ziyadnz/hourly-ipv4,ziyadnz|hourly,2026-08-17T18:48:05Z,2026-08-17T18:48:05Z,
195.184.76.219,ipv4,malicious-ip,medium,WHITE,ziyadnz/hourly-ipv4,ziyadnz|hourly,2026-08-17T18:48:05Z,2026-08-17T18:48:05Z,
195.184.76.22,ipv4,malicious-ip,medium,WHITE,ziyadnz/hourly-ipv4,ziyadnz|hourly,2026-08-17T18:48:05Z,2026-08-17T18:48:05Z,
195.184.76.220,ipv4,malicious-ip,medium,WHITE,ziyadnz/hourly-ipv4,ziyadnz|hourly,2026-08-17T18:48:05Z,2026-08-17T18:48:05Z,
195.184.76.221,ipv4,malicious-ip,medium,WHITE,ziyadnz/hourly-ipv4,ziyadnz|hourly,2026-08-17T18:48:05Z,2026-08-17T18:48:05Z,
195.184.76.222,ipv4,malicious-ip,medium,WHITE,ziyadnz/hourly-ipv4,ziyadnz|hourly,2026-08-17T18:48:05Z,2026-08-17T18:48:05Z,
195.184.76.223,ipv4,malicious-ip,medium,WHITE,ziyadnz/hourly-ipv4,ziyadnz|hourly,2026-08-17T18:48:05Z,2026-08-17T18:48:05Z,
195.184.76.224,ipv4,malicious-ip,medium,WHITE,ziyadnz/hourly-ipv4,ziyadnz|hourly,2026-08-17T18:48:05Z,2026-08-17T18:48:05Z,
195.184.76.225,ipv4,malicious-ip,medium,WHITE,ziyadnz/hourly-ipv4,ziyadnz|hourly,2026-08-17T18:48:05Z,2026-08-17T18:48:05Z,
195.184.76.226,ipv4,malicious-ip,medium,WHITE,ziyadnz/hourly-ipv4,ziyadnz|hourly,2026-08-17T18:48:05Z,2026-08-17T18:48:05Z,
195.184.76.227,ipv4,malicious-ip,medium,WHITE,ziyadnz/hourly-ipv4,ziyadnz|hourly,2026-08-17T18:48:05Z,2026-08-17T18:48:05Z,
195.184.76.228,ipv4,malicious-ip,medium,WHITE,ziyadnz/hourly-ipv4,ziyadnz|hourly,2026-08-17T18:48:05Z,2026-08-17T18:48:05Z,
195.184.76.229,ipv4,malicious-ip,medium,WHITE,ziyadnz/hourly-ipv4,ziyadnz|hourly,2026-08-17T18:48:05Z,2026-08-17T18:48:05Z,
195.184.76.23,ipv4,malicious-ip,medium,WHITE,ziyadnz/hourly-ipv4,ziyadnz|hourly,2026-08-17T18:48:05Z,2026-08-17T18:48:05Z,
195.184.76.230,ipv4,malicious-ip,medium,WHITE,ziyadnz/hourly-ipv4,ziyadnz|hourly,2026-08-17T18:48:05Z,2026-08-17T18:48:05Z,
195.184.76.231,ipv4,malicious-ip,medium,WHITE,ziyadnz/hourly-ipv4,ziyadnz|hourly,2026-08-17T18:48:05Z,2026-08-17T18:48:05Z,
195.184.76.232,ipv4,malicious-ip,medium,WHITE,ziyadnz/hourly-ipv4,ziyadnz|hourly,2026-08-17T18:48:05Z,2026-08-17T18:48:05Z,
195.184.76.233,ipv4,malicious-ip,medium,WHITE,ziyadnz/hourly-ipv4,ziyadnz|hourly,2026-08-17T18:48:05Z,2026-08-17T18:48:05Z,
195.184.76.234,ipv4,malicious-ip,medium,WHITE,ziyadnz/hourly-ipv4,ziyadnz|hourly,2026-08-17T18:48:05Z,2026-08-17T18:48:05Z,
195.184.76.235,ipv4,malicious-ip,medium,WHITE,ziyadnz/hourly-ipv4,ziyadnz|hourly,2026-08-17T18:48:05Z,2026-08-17T18:48:05Z,
195.184.76.236,ipv4,malicious-ip,medium,WHITE,ziyadnz/hourly-ipv4,ziyadnz|hourly,2026-08-17T18:48:05Z,2026-08-17T18:48:05Z,
195.184.76.237,ipv4,malicious-ip,medium,WHITE,ziyadnz/hourly-ipv4,ziyadnz|hourly,2026-08-17T18:48:05Z,2026-08-17T18:48:05Z,
195.184.76.238,ipv4,malicious-ip,medium,WHITE,ziyadnz/hourly-ipv4,ziyadnz|hourly,2026-08-17T18:48:05Z,2026-08-17T18:48:05Z,
195.184.76.239,ipv4,malicious-ip,medium,WHITE,ziyadnz/hourly-ipv4,ziyadnz|hourly,2026-08-17T18:48:05Z,2026-08-17T18:48:05Z,
195.184.76.24,ipv4,malicious-ip,medium,WHITE,ziyadnz/hourly-ipv4,ziyadnz|hourly,2026-08-17T18:48:05Z,2026-08-17T18:48:05Z,
195.184.76.240,ipv4,malicious-ip,medium,WHITE,ziyadnz/hourly-ipv4,ziyadnz|hourly,2026-08-17T18:48:05Z,2026-08-17T18:48:05Z,
195.184.76.241,ipv4,malicious-ip,medium,WHITE,ziyadnz/hourly-ipv4,ziyadnz|hourly,2026-08-17T18:48:05Z,2026-08-17T18:48:05Z,
195.184.76.242,ipv4,malicious-ip,medium,WHITE,ziyadnz/hourly-ipv4,ziyadnz|hourly,2026-08-17T18:48:05Z,2026-08-17T18:48:05Z,
195.184.76.243,ipv4,malicious-ip,medium,WHITE,ziyadnz/hourly-ipv4,ziyadnz|hourly,2026-08-17T18:48:05Z,2026-08-17T18:48:05Z,
195.184.76.244,ipv4,malicious-ip,medium,WHITE,ziyadnz/hourly-ipv4,ziyadnz|hourly,2026-08-17T18:48:05Z,2026-08-17T18:48:05Z,
195.184.76.245,ipv4,malicious-ip,medium,WHITE,ziyadnz/hourly-ipv4,ziyadnz|hourly,2026-08-17T18:48:05Z,2026-08-17T18:48:05Z,
195.184.76.246,ipv4,malicious-ip,medium,WHITE,ziyadnz/hourly-ipv4,ziyadnz|hourly,2026-08-17T18:48:05Z,2026-08-17T18:48:05Z,
195.184.76.247,ipv4,malicious-ip,medium,WHITE,ziyadnz/hourly-ipv4,ziyadnz|hourly,2026-08-17T18:48:05Z,2026-08-17T18:48:05Z,
195.184.76.25,ipv4,malicious-ip,medium,WHITE,ziyadnz/hourly-ipv4,ziyadnz|hourly,2026-08-17T18:48:05Z,2026-08-17T18:48:05Z,
195.184.76.26,ipv4,malicious-ip,medium,WHITE,ziyadnz/hourly-ipv4,ziyadnz|hourly,2026-08-17T18:48:05Z,2026-08-17T18:48:05Z,
195.184.76.27,ipv4,malicious-ip,medium,WHITE,ziyadnz/hourly-ipv4,ziyadnz|hourly,2026-08-17T18:48:05Z,2026-08-17T18:48:05Z,
195.184.76.28,ipv4,malicious-ip,medium,WHITE,ziyadnz/hourly-ipv4,ziyadnz|hourly,2026-08-17T18:48:05Z,2026-08-17T18:48:05Z,
195.184.76.29,ipv4,malicious-ip,medium,WHITE,ziyadnz/hourly-ipv4,ziyadnz|hourly,2026-08-17T18:48:05Z,2026-08-17T18:48:05Z,
195.184.76.3,ipv4,malicious-ip,medium,WHITE,ziyadnz/hourly-ipv4,ziyadnz|hourly,2026-08-17T18:48:05Z,2026-08-17T18:48:05Z,
195.184.76.30,ipv4,malicious-ip,medium,WHITE,ziyadnz/hourly-ipv4,ziyadnz|hourly,2026-08-17T18:48:05Z,2026-08-17T18:48:05Z,
195.184.76.31,ipv4,malicious-ip,medium,WHITE,ziyadnz/hourly-ipv4,ziyadnz|hourly,2026-08-17T18:48:05Z,2026-08-17T18:48:05Z,
195.184.76.32,ipv4,malicious-ip,medium,WHITE,ziyadnz/hourly-ipv4,ziyadnz|hourly,2026-08-17T18:48:05Z,2026-08-17T18:48:05Z,
195.184.76.33,ipv4,malicious-ip,medium,WHITE,ziyadnz/hourly-ipv4,ziyadnz|hourly,2026-08-17T18:48:05Z,2026-08-17T18:48:05Z,
195.184.76.34,ipv4,malicious-ip,medium,WHITE,ziyadnz/hourly-ipv4,ziyadnz|hourly,2026-08-17T18:48:05Z,2026-08-17T18:48:05Z,
195.184.76.35,ipv4,malicious-ip,medium,WHITE,ziyadnz/hourly-ipv4,ziyadnz|hourly,2026-08-17T18:48:05Z,2026-08-17T18:48:05Z,
195.184.76.36,ipv4,malicious-ip,medium,WHITE,ziyadnz/hourly-ipv4,ziyadnz|hourly,2026-08-17T18:48:05Z,2026-08-17T18:48:05Z,
195.184.76.37,ipv4,malicious-ip,medium,WHITE,ziyadnz/hourly-ipv4,ziyadnz|hourly,2026-08-17T18:48:05Z,2026-08-17T18:48:05Z,
195.184.76.38,ipv4,malicious-ip,medium,WHITE,ziyadnz/hourly-ipv4,ziyadnz|hourly,2026-08-17T18:48:05Z,2026-08-17T18:48:05Z,
195.184.76.39,ipv4,malicious-ip,medium,WHITE,ziyadnz/hourly-ipv4,ziyadnz|hourly,2026-08-17T18:48:05Z,2026-08-17T18:48:05Z,
195.184.76.4,ipv4,malicious-ip,medium,WHITE,ziyadnz/hourly-ipv4,ziyadnz|hourly,2026-08-17T18:48:05Z,2026-08-17T18:48:05Z,
195.184.76.48,ipv4,malicious-ip,medium,WHITE,ziyadnz/hourly-ipv4,ziyadnz|hourly,2026-08-17T18:48:05Z,2026-08-17T18:48:05Z,
195.184.76.49,ipv4,malicious-ip,medium,WHITE,ziyadnz/hourly-ipv4,ziyadnz|hourly,2026-08-17T18:48:05Z,2026-08-17T18:48:05Z,
195.184.76.5,ipv4,malicious-ip,medium,WHITE,ziyadnz/hourly-ipv4,ziyadnz|hourly,2026-08-17T18:48:05Z,2026-08-17T18:48:05Z,
195.184.76.50,ipv4,malicious-ip,medium,WHITE,ziyadnz/hourly-ipv4,ziyadnz|hourly,2026-08-17T18:48:05Z,2026-08-17T18:48:05Z,
195.184.76.51,ipv4,malicious-ip,medium,WHITE,ziyadnz/hourly-ipv4,ziyadnz|hourly,2026-08-17T18:48:05Z,2026-08-17T18:48:05Z,
195.184.76.52,ipv4,malicious-ip,medium,WHITE,ziyadnz/hourly-ipv4,ziyadnz|hourly,2026-08-17T18:48:05Z,2026-08-17T18:48:05Z,
195.184.76.53,ipv4,malicious-ip,medium,WHITE,ziyadnz/hourly-ipv4,ziyadnz|hourly,2026-08-17T18:48:05Z,2026-08-17T18:48:05Z,
195.184.76.54,ipv4,malicious-ip,medium,WHITE,ziyadnz/hourly-ipv4,ziyadnz|hourly,2026-08-17T18:48:05Z,2026-08-17T18:48:05Z,
195.184.76.55,ipv4,malicious-ip,medium,WHITE,ziyadnz/hourly-ipv4,ziyadnz|hourly,2026-08-17T18:48:05Z,2026-08-17T18:48:05Z,
195.184.76.56,ipv4,malicious-ip,medium,WHITE,ziyadnz/hourly-ipv4,ziyadnz|hourly,2026-08-17T18:48:05Z,2026-08-17T18:48:05Z,
195.184.76.57,ipv4,malicious-ip,medium,WHITE,ziyadnz/hourly-ipv4,ziyadnz|hourly,2026-08-17T18:48:05Z,2026-08-17T18:48:05Z,
195.184.76.58,ipv4,malicious-ip,medium,WHITE,ziyadnz/hourly-ipv4,ziyadnz|hourly,2026-08-17T18:48:05Z,2026-08-17T18:48:05Z,
195.184.76.59,ipv4,malicious-ip,medium,WHITE,ziyadnz/hourly-ipv4,ziyadnz|hourly,2026-08-17T18:48:05Z,2026-08-17T18:48:05Z,
195.184.76.6,ipv4,malicious-ip,medium,WHITE,ziyadnz/hourly-ipv4,ziyadnz|hourly,2026-08-17T18:48:05Z,2026-08-17T18:48:05Z,
195.184.76.60,ipv4,malicious-ip,medium,WHITE,ziyadnz/hourly-ipv4,ziyadnz|hourly,2026-08-17T18:48:05Z,2026-08-17T18:48:05Z,
195.184.76.61,ipv4,malicious-ip,medium,WHITE,ziyadnz/hourly-ipv4,ziyadnz|hourly,2026-08-17T18:48:05Z,2026-08-17T18:48:05Z,
195.184.76.62,ipv4,malicious-ip,medium,WHITE,ziyadnz/hourly-ipv4,ziyadnz|hourly,2026-08-17T18:48:05Z,2026-08-17T18:48:05Z,
195.184.76.63,ipv4,malicious-ip,medium,WHITE,ziyadnz/hourly-ipv4,ziyadnz|hourly,2026-08-17T18:48:05Z,2026-08-17T18:48:05Z,
195.184.76.64,ipv4,malicious-ip,medium,WHITE,ziyadnz/hourly-ipv4,ziyadnz|hourly,2026-08-17T18:48:05Z,2026-08-17T18:48:05Z,
195.184.76.65,ipv4,malicious-ip,medium,WHITE,ziyadnz/hourly-ipv4,ziyadnz|hourly,2026-08-17T18:48:05Z,2026-08-17T18:48:05Z,
195.184.76.66,ipv4,malicious-ip,medium,WHITE,ziyadnz/hourly-ipv4,ziyadnz|hourly,2026-08-17T18:48:05Z,2026-08-17T18:48:05Z,
195.184.76.67,ipv4,malicious-ip,medium,WHITE,ziyadnz/hourly-ipv4,ziyadnz|hourly,2026-08-17T18:48:05Z,2026-08-17T18:48:05Z,
195.184.76.68,ipv4,malicious-ip,medium,WHITE,ziyadnz/hourly-ipv4,ziyadnz|hourly,2026-08-17T18:48:05Z,2026-08-17T18:48:05Z,
195.184.76.69,ipv4,malicious-ip,medium,WHITE,ziyadnz/hourly-ipv4,ziyadnz|hourly,2026-08-17T18:48:05Z,2026-08-17T18:48:05Z,
195.184.76.7,ipv4,malicious-ip,medium,WHITE,ziyadnz/hourly-ipv4,ziyadnz|hourly,2026-08-17T18:48:05Z,2026-08-17T18:48:05Z,
195.184.76.70,ipv4,malicious-ip,medium,WHITE,ziyadnz/hourly-ipv4,ziyadnz|hourly,2026-08-17T18:48:05Z,2026-08-17T18:48:05Z,
195.184.76.71,ipv4,malicious-ip,medium,WHITE,ziyadnz/hourly-ipv4,ziyadnz|hourly,2026-08-17T18:48:05Z,2026-08-17T18:48:05Z,
195.184.76.72,ipv4,malicious-ip,medium,WHITE,ziyadnz/hourly-ipv4,ziyadnz|hourly,2026-08-17T18:48:05Z,2026-08-17T18:48:05Z,
195.184.76.73,ipv4,malicious-ip,medium,WHITE,ziyadnz/hourly-ipv4,ziyadnz|hourly,2026-08-17T18:48:05Z,2026-08-17T18:48:05Z,
195.184.76.74,ipv4,malicious-ip,medium,WHITE,ziyadnz/hourly-ipv4,ziyadnz|hourly,2026-08-17T18:48:05Z,2026-08-17T18:48:05Z,
195.184.76.75,ipv4,malicious-ip,medium,WHITE,ziyadnz/hourly-ipv4,ziyadnz|hourly,2026-08-17T18:48:05Z,2026-08-17T18:48:05Z,
195.184.76.76,ipv4,malicious-ip,medium,WHITE,ziyadnz/hourly-ipv4,ziyadnz|hourly,2026-08-17T18:48:05Z,2026-08-17T18:48:05Z,
195.184.76.77,ipv4,malicious-ip,medium,WHITE,ziyadnz/hourly-ipv4,ziyadnz|hourly,2026-08-17T18:48:05Z,2026-08-17T18:48:05Z,
195.184.76.78,ipv4,malicious-ip,medium,WHITE,ziyadnz/hourly-ipv4,ziyadnz|hourly,2026-08-17T18:48:05Z,2026-08-17T18:48:05Z,
195.184.76.79,ipv4,malicious-ip,medium,WHITE,ziyadnz/hourly-ipv4,ziyadnz|hourly,2026-08-17T18:48:05Z,2026-08-17T18:48:05Z,
195.184.76.8,ipv4,malicious-ip,medium,WHITE,ziyadnz/hourly-ipv4,ziyadnz|hourly,2026-08-17T18:48:05Z,2026-08-17T18:48:05Z,
195.184.76.80,ipv4,malicious-ip,medium,WHITE,ziyadnz/hourly-ipv4,ziyadnz|hourly,2026-08-17T18:48:05Z,2026-08-17T18:48:05Z,
195.184.76.81,ipv4,malicious-ip,medium,WHITE,ziyadnz/hourly-ipv4,ziyadnz|hourly,2026-08-17T18:48:05Z,2026-08-17T18:48:05Z,
195.184.76.82,ipv4,malicious-ip,medium,WHITE,ziyadnz/hourly-ipv4,ziyadnz|hourly,2026-08-17T18:48:05Z,2026-08-17T18:48:05Z,
195.184.76.83,ipv4,malicious-ip,medium,WHITE,ziyadnz/hourly-ipv4,ziyadnz|hourly,2026-08-17T18:48:05Z,2026-08-17T18:48:05Z,
195.184.76.84,ipv4,malicious-ip,medium,WHITE,ziyadnz/hourly-ipv4,ziyadnz|hourly,2026-08-17T18:48:05Z,2026-08-17T18:48:05Z,
195.184.76.85,ipv4,malicious-ip,medium,WHITE,ziyadnz/hourly-ipv4,ziyadnz|hourly,2026-08-17T18:48:05Z,2026-08-17T18:48:05Z,
195.184.76.86,ipv4,malicious-ip,medium,WHITE,ziyadnz/hourly-ipv4,ziyadnz|hourly,2026-08-17T18:48:05Z,2026-08-17T18:48:05Z,
195.184.76.87,ipv4,malicious-ip,medium,WHITE,ziyadnz/hourly-ipv4,ziyadnz|hourly,2026-08-17T18:48:05Z,2026-08-17T18:48:05Z,
195.184.76.88,ipv4,malicious-ip,medium,WHITE,ziyadnz/hourly-ipv4,ziyadnz|hourly,2026-08-17T18:48:05Z,2026-08-17T18:48:05Z,
195.184.76.89,ipv4,malicious-ip,medium,WHITE,ziyadnz/hourly-ipv4,ziyadnz|hourly,2026-08-17T18:48:05Z,2026-08-17T18:48:05Z,
195.184.76.9,ipv4,malicious-ip,medium,WHITE,ziyadnz/hourly-ipv4,ziyadnz|hourly,2026-08-17T18:48:05Z,2026-08-17T18:48:05Z,
195.184.76.90,ipv4,malicious-ip,medium,WHITE,ziyadnz/hourly-ipv4,ziyadnz|hourly,2026-08-17T18:48:05Z,2026-08-17T18:48:05Z,
195.184.76.91,ipv4,malicious-ip,medium,WHITE,ziyadnz/hourly-ipv4,ziyadnz|hourly,2026-08-17T18:48:05Z,2026-08-17T18:48:05Z,
195.184.76.92,ipv4,malicious-ip,medium,WHITE,ziyadnz/hourly-ipv4,ziyadnz|hourly,2026-08-17T18:48:05Z,2026-08-17T18:48:05Z,
195.184.76.93,ipv4,malicious-ip,medium,WHITE,ziyadnz/hourly-ipv4,ziyadnz|hourly,2026-08-17T18:48:05Z,2026-08-17T18:48:05Z,
195.184.76.94,ipv4,malicious-ip,medium,WHITE,ziyadnz/hourly-ipv4,ziyadnz|hourly,2026-08-17T18:48:05Z,2026-08-17T18:48:05Z,
195.184.76.95,ipv4,malicious-ip,medium,WHITE,ziyadnz/hourly-ipv4,ziyadnz|hourly,2026-08-17T18:48:05Z,2026-08-17T18:48:05Z,
195.184.76.96,ipv4,malicious-ip,medium,WHITE,ziyadnz/hourly-ipv4,ziyadnz|hourly,2026-08-17T18:48:05Z,2026-08-17T18:48:05Z,
195.184.76.97,ipv4,malicious-ip,medium,WHITE,ziyadnz/hourly-ipv4,ziyadnz|hourly,2026-08-17T18:48:05Z,2026-08-17T18:48:05Z,
195.184.76.98,ipv4,malicious-ip,medium,WHITE,ziyadnz/hourly-ipv4,ziyadnz|hourly,2026-08-17T18:48:05Z,2026-08-17T18:48:05Z,
195.184.76.99,ipv4,malicious-ip,medium,WHITE,ziyadnz/hourly-ipv4,ziyadnz|hourly,2026-08-17T18:48:05Z,2026-08-17T18:48:05Z,
195.189.190.247,ipv4,malicious-ip,medium,WHITE,ziyadnz/hourly-ipv4,ziyadnz|hourly,2026-08-17T18:48:05Z,2026-08-17T18:48:05Z,
195.189.197.62,ipv4,malicious-ip,medium,WHITE,ziyadnz/hourly-ipv4,ziyadnz|hourly,2026-08-17T18:48:05Z,2026-08-17T18:48:05Z,
195.189.226.74,ipv4,malicious-ip,medium,WHITE,ziyadnz/hourly-ipv4,ziyadnz|hourly,2026-08-17T18:48:05Z,2026-08-17T18:48:05Z,
195.189.234.72,ipv4,malicious-ip,medium,WHITE,ziyadnz/hourly-ipv4,ziyadnz|hourly,2026-08-17T18:48:05Z,2026-08-17T18:48:05Z,
195.190.126.122,ipv4,malicious-ip,medium,WHITE,ziyadnz/hourly-ipv4,ziyadnz|hourly,2026-08-17T18:48:05Z,2026-08-17T18:48:05Z,
195.191.104.64,ipv4,malicious-ip,medium,WHITE,ziyadnz/hourly-ipv4,ziyadnz|hourly,2026-08-17T18:48:05Z,2026-08-17T18:48:05Z,
195.191.104.74,ipv4,malicious-ip,medium,WHITE,ziyadnz/hourly-ipv4,ziyadnz|hourly,2026-08-17T18:48:05Z,2026-08-17T18:48:05Z,
195.191.219.70,ipv4,malicious-ip,medium,WHITE,ziyadnz/hourly-ipv4,ziyadnz|hourly,2026-08-17T18:48:05Z,2026-08-17T18:48:05Z,
195.191.83.111,ipv4,malicious-ip,medium,WHITE,ziyadnz/hourly-ipv4,ziyadnz|hourly,2026-08-17T18:48:05Z,2026-08-17T18:48:05Z,
195.192.14.41,ipv4,malicious-ip,medium,WHITE,ziyadnz/hourly-ipv4,ziyadnz|hourly,2026-08-17T18:48:05Z,2026-08-17T18:48:05Z,
195.2.222.104,ipv4,malicious-ip,medium,WHITE,ziyadnz/hourly-ipv4,ziyadnz|hourly,2026-08-17T18:48:05Z,2026-08-17T18:48:05Z,
195.2.40.2,ipv4,malicious-ip,medium,WHITE,ziyadnz/hourly-ipv4,ziyadnz|hourly,2026-08-17T18:48:05Z,2026-08-17T18:48:05Z,
195.2.67.184,ipv4,malicious-ip,medium,WHITE,ziyadnz/hourly-ipv4,ziyadnz|hourly,2026-08-17T18:48:05Z,2026-08-17T18:48:05Z,
195.2.71.214,ipv4,malicious-ip,medium,WHITE,ziyadnz/hourly-ipv4,ziyadnz|hourly,2026-08-17T18:48:05Z,2026-08-17T18:48:05Z,
195.2.71.225,ipv4,malicious-ip,medium,WHITE,ziyadnz/hourly-ipv4,ziyadnz|hourly,2026-08-17T18:48:05Z,2026-08-17T18:48:05Z,
195.2.76.141,ipv4,malicious-ip,medium,WHITE,ziyadnz/hourly-ipv4,ziyadnz|hourly,2026-08-17T18:48:05Z,2026-08-17T18:48:05Z,
195.2.78.191,ipv4,malicious-ip,medium,WHITE,ziyadnz/hourly-ipv4,ziyadnz|hourly,2026-08-17T18:48:05Z,2026-08-17T18:48:05Z,
195.2.79.117,ipv4,malicious-ip,medium,WHITE,ziyadnz/hourly-ipv4,ziyadnz|hourly,2026-08-17T18:48:05Z,2026-08-17T18:48:05Z,
195.2.79.165,ipv4,malicious-ip,medium,WHITE,ziyadnz/hourly-ipv4,ziyadnz|hourly,2026-08-17T18:48:05Z,2026-08-17T18:48:05Z,
195.2.81.70,ipv4,malicious-ip,medium,WHITE,ziyadnz/hourly-ipv4,ziyadnz|hourly,2026-08-17T18:48:05Z,2026-08-17T18:48:05Z,
195.2.84.198,ipv4,malicious-ip,medium,WHITE,ziyadnz/hourly-ipv4,ziyadnz|hourly,2026-08-17T18:48:05Z,2026-08-17T18:48:05Z,
195.20.124.37,ipv4,malicious-ip,medium,WHITE,ziyadnz/hourly-ipv4,ziyadnz|hourly,2026-08-17T18:48:05Z,2026-08-17T18:48:05Z,
195.20.16.103,ipv4,malicious-ip,medium,WHITE,ziyadnz/hourly-ipv4,ziyadnz|hourly,2026-08-17T18:48:05Z,2026-08-17T18:48:05Z,
195.20.16.154,ipv4,malicious-ip,medium,WHITE,ziyadnz/hourly-ipv4,ziyadnz|hourly,2026-08-17T18:48:05Z,2026-08-17T18:48:05Z,
195.20.16.155,ipv4,malicious-ip,medium,WHITE,ziyadnz/hourly-ipv4,ziyadnz|hourly,2026-08-17T18:48:05Z,2026-08-17T18:48:05Z,
195.20.16.173,ipv4,malicious-ip,medium,WHITE,ziyadnz/hourly-ipv4,ziyadnz|hourly,2026-08-17T18:48:05Z,2026-08-17T18:48:05Z,
195.20.16.35,ipv4,malicious-ip,medium,WHITE,ziyadnz/hourly-ipv4,ziyadnz|hourly,2026-08-17T18:48:05Z,2026-08-17T18:48:05Z,
195.20.16.40,ipv4,malicious-ip,medium,WHITE,ziyadnz/hourly-ipv4,ziyadnz|hourly,2026-08-17T18:48:05Z,2026-08-17T18:48:05Z,
195.20.16.53,ipv4,malicious-ip,medium,WHITE,ziyadnz/hourly-ipv4,ziyadnz|hourly,2026-08-17T18:48:05Z,2026-08-17T18:48:05Z,
195.20.16.65,ipv4,malicious-ip,medium,WHITE,ziyadnz/hourly-ipv4,ziyadnz|hourly,2026-08-17T18:48:05Z,2026-08-17T18:48:05Z,
195.20.16.93,ipv4,malicious-ip,medium,WHITE,ziyadnz/hourly-ipv4,ziyadnz|hourly,2026-08-17T18:48:05Z,2026-08-17T18:48:05Z,
195.20.17.128,ipv4,malicious-ip,medium,WHITE,ziyadnz/hourly-ipv4,ziyadnz|hourly,2026-08-17T18:48:05Z,2026-08-17T18:48:05Z,
195.20.17.171,ipv4,malicious-ip,medium,WHITE,ziyadnz/hourly-ipv4,ziyadnz|hourly,2026-08-17T18:48:05Z,2026-08-17T18:48:05Z,
195.20.17.237,ipv4,malicious-ip,medium,WHITE,ziyadnz/hourly-ipv4,ziyadnz|hourly,2026-08-17T18:48:05Z,2026-08-17T18:48:05Z,
195.20.17.44,ipv4,malicious-ip,medium,WHITE,ziyadnz/hourly-ipv4,ziyadnz|hourly,2026-08-17T18:48:05Z,2026-08-17T18:48:05Z,
195.20.4.198,ipv4,malicious-ip,medium,WHITE,ziyadnz/hourly-ipv4,ziyadnz|hourly,2026-08-17T18:48:05Z,2026-08-17T18:48:05Z,
195.200.28.67,ipv4,malicious-ip,medium,WHITE,ziyadnz/hourly-ipv4,ziyadnz|hourly,2026-08-17T18:48:05Z,2026-08-17T18:48:05Z,
195.201.108.189,ipv4,malicious-ip,medium,WHITE,ziyadnz/hourly-ipv4,ziyadnz|hourly,2026-08-17T18:48:05Z,2026-08-17T18:48:05Z,
195.201.151.129,ipv4,malicious-ip,medium,WHITE,ziyadnz/hourly-ipv4,ziyadnz|hourly,2026-08-17T18:48:05Z,2026-08-17T18:48:05Z,
195.201.179.203,ipv4,malicious-ip,medium,WHITE,ziyadnz/hourly-ipv4,ziyadnz|hourly,2026-08-17T18:48:05Z,2026-08-17T18:48:05Z,
195.201.179.204,ipv4,malicious-ip,medium,WHITE,ziyadnz/hourly-ipv4,ziyadnz|hourly,2026-08-17T18:48:05Z,2026-08-17T18:48:05Z,
195.201.179.205,ipv4,malicious-ip,medium,WHITE,ziyadnz/hourly-ipv4,ziyadnz|hourly,2026-08-17T18:48:05Z,2026-08-17T18:48:05Z,
195.201.199.99,ipv4,malicious-ip,medium,WHITE,ziyadnz/hourly-ipv4,ziyadnz|hourly,2026-08-17T18:48:05Z,2026-08-17T18:48:05Z,
195.201.215.13,ipv4,malicious-ip,medium,WHITE,ziyadnz/hourly-ipv4,ziyadnz|hourly,2026-08-17T18:48:05Z,2026-08-17T18:48:05Z,
195.201.22.39,ipv4,malicious-ip,medium,WHITE,ziyadnz/hourly-ipv4,ziyadnz|hourly,2026-08-17T18:48:05Z,2026-08-17T18:48:05Z,
195.201.221.109,ipv4,malicious-ip,medium,WHITE,ziyadnz/hourly-ipv4,ziyadnz|hourly,2026-08-17T18:48:05Z,2026-08-17T18:48:05Z,
195.206.105.227,ipv4,malicious-ip,medium,WHITE,ziyadnz/hourly-ipv4,ziyadnz|hourly,2026-08-17T18:48:05Z,2026-08-17T18:48:05Z,
195.206.182.0,ipv4,malicious-ip,medium,WHITE,ziyadnz/hourly-ipv4,ziyadnz|hourly,2026-08-17T18:48:05Z,2026-08-17T18:48:05Z,
195.206.182.194,ipv4,malicious-ip,medium,WHITE,ziyadnz/hourly-ipv4,ziyadnz|hourly,2026-08-17T18:48:05Z,2026-08-17T18:48:05Z,
195.206.182.195,ipv4,malicious-ip,medium,WHITE,ziyadnz/hourly-ipv4,ziyadnz|hourly,2026-08-17T18:48:05Z,2026-08-17T18:48:05Z,
195.206.182.196,ipv4,malicious-ip,medium,WHITE,ziyadnz/hourly-ipv4,ziyadnz|hourly,2026-08-17T18:48:05Z,2026-08-17T18:48:05Z,
195.206.182.197,ipv4,malicious-ip,medium,WHITE,ziyadnz/hourly-ipv4,ziyadnz|hourly,2026-08-17T18:48:05Z,2026-08-17T18:48:05Z,
195.206.182.198,ipv4,malicious-ip,medium,WHITE,ziyadnz/hourly-ipv4,ziyadnz|hourly,2026-08-17T18:48:05Z,2026-08-17T18:48:05Z,
195.206.182.199,ipv4,malicious-ip,medium,WHITE,ziyadnz/hourly-ipv4,ziyadnz|hourly,2026-08-17T18:48:05Z,2026-08-17T18:48:05Z,
195.206.182.200,ipv4,malicious-ip,medium,WHITE,ziyadnz/hourly-ipv4,ziyadnz|hourly,2026-08-17T18:48:05Z,2026-08-17T18:48:05Z,
195.206.182.201,ipv4,malicious-ip,medium,WHITE,ziyadnz/hourly-ipv4,ziyadnz|hourly,2026-08-17T18:48:05Z,2026-08-17T18:48:05Z,
195.206.182.202,ipv4,malicious-ip,medium,WHITE,ziyadnz/hourly-ipv4,ziyadnz|hourly,2026-08-17T18:48:05Z,2026-08-17T18:48:05Z,
195.206.182.203,ipv4,malicious-ip,medium,WHITE,ziyadnz/hourly-ipv4,ziyadnz|hourly,2026-08-17T18:48:05Z,2026-08-17T18:48:05Z,
195.206.182.204,ipv4,malicious-ip,medium,WHITE,ziyadnz/hourly-ipv4,ziyadnz|hourly,2026-08-17T18:48:05Z,2026-08-17T18:48:05Z,
195.206.182.205,ipv4,malicious-ip,medium,WHITE,ziyadnz/hourly-ipv4,ziyadnz|hourly,2026-08-17T18:48:05Z,2026-08-17T18:48:05Z,
195.206.182.206,ipv4,malicious-ip,medium,WHITE,ziyadnz/hourly-ipv4,ziyadnz|hourly,2026-08-17T18:48:05Z,2026-08-17T18:48:05Z,
195.206.182.207,ipv4,malicious-ip,medium,WHITE,ziyadnz/hourly-ipv4,ziyadnz|hourly,2026-08-17T18:48:05Z,2026-08-17T18:48:05Z,
195.206.182.208,ipv4,malicious-ip,medium,WHITE,ziyadnz/hourly-ipv4,ziyadnz|hourly,2026-08-17T18:48:05Z,2026-08-17T18:48:05Z,
195.206.182.209,ipv4,malicious-ip,medium,WHITE,ziyadnz/hourly-ipv4,ziyadnz|hourly,2026-08-17T18:48:05Z,2026-08-17T18:48:05Z,
195.206.182.210,ipv4,malicious-ip,medium,WHITE,ziyadnz/hourly-ipv4,ziyadnz|hourly,2026-08-17T18:48:05Z,2026-08-17T18:48:05Z,
195.206.182.211,ipv4,malicious-ip,medium,WHITE,ziyadnz/hourly-ipv4,ziyadnz|hourly,2026-08-17T18:48:05Z,2026-08-17T18:48:05Z,
195.206.182.212,ipv4,malicious-ip,medium,WHITE,ziyadnz/hourly-ipv4,ziyadnz|hourly,2026-08-17T18:48:05Z,2026-08-17T18:48:05Z,
195.206.182.213,ipv4,malicious-ip,medium,WHITE,ziyadnz/hourly-ipv4,ziyadnz|hourly,2026-08-17T18:48:05Z,2026-08-17T18:48:05Z,
195.206.182.214,ipv4,malicious-ip,medium,WHITE,ziyadnz/hourly-ipv4,ziyadnz|hourly,2026-08-17T18:48:05Z,2026-08-17T18:48:05Z,
195.206.182.215,ipv4,malicious-ip,medium,WHITE,ziyadnz/hourly-ipv4,ziyadnz|hourly,2026-08-17T18:48:05Z,2026-08-17T18:48:05Z,
195.206.182.216,ipv4,malicious-ip,medium,WHITE,ziyadnz/hourly-ipv4,ziyadnz|hourly,2026-08-17T18:48:05Z,2026-08-17T18:48:05Z,
195.206.182.217,ipv4,malicious-ip,medium,WHITE,ziyadnz/hourly-ipv4,ziyadnz|hourly,2026-08-17T18:48:05Z,2026-08-17T18:48:05Z,
195.206.182.218,ipv4,malicious-ip,medium,WHITE,ziyadnz/hourly-ipv4,ziyadnz|hourly,2026-08-17T18:48:05Z,2026-08-17T18:48:05Z,
195.206.182.219,ipv4,malicious-ip,medium,WHITE,ziyadnz/hourly-ipv4,ziyadnz|hourly,2026-08-17T18:48:05Z,2026-08-17T18:48:05Z,
195.206.182.220,ipv4,malicious-ip,medium,WHITE,ziyadnz/hourly-ipv4,ziyadnz|hourly,2026-08-17T18:48:05Z,2026-08-17T18:48:05Z,
195.206.182.221,ipv4,malicious-ip,medium,WHITE,ziyadnz/hourly-ipv4,ziyadnz|hourly,2026-08-17T18:48:05Z,2026-08-17T18:48:05Z,
195.206.235.161,ipv4,malicious-ip,medium,WHITE,ziyadnz/hourly-ipv4,ziyadnz|hourly,2026-08-17T18:48:05Z,2026-08-17T18:48:05Z,
195.206.235.223,ipv4,malicious-ip,medium,WHITE,ziyadnz/hourly-ipv4,ziyadnz|hourly,2026-08-17T18:48:05Z,2026-08-17T18:48:05Z,
195.206.235.234,ipv4,malicious-ip,medium,WHITE,ziyadnz/hourly-ipv4,ziyadnz|hourly,2026-08-17T18:48:05Z,2026-08-17T18:48:05Z,
195.206.235.32,ipv4,malicious-ip,medium,WHITE,ziyadnz/hourly-ipv4,ziyadnz|hourly,2026-08-17T18:48:05Z,2026-08-17T18:48:05Z,
195.208.118.188,ipv4,malicious-ip,medium,WHITE,ziyadnz/hourly-ipv4,ziyadnz|hourly,2026-08-17T18:48:05Z,2026-08-17T18:48:05Z,
195.208.183.30,ipv4,malicious-ip,medium,WHITE,ziyadnz/hourly-ipv4,ziyadnz|hourly,2026-08-17T18:48:05Z,2026-08-17T18:48:05Z,
195.208.188.129,ipv4,malicious-ip,medium,WHITE,ziyadnz/hourly-ipv4,ziyadnz|hourly,2026-08-17T18:48:05Z,2026-08-17T18:48:05Z,
195.210.168.146,ipv4,malicious-ip,medium,WHITE,ziyadnz/hourly-ipv4,ziyadnz|hourly,2026-08-17T18:48:05Z,2026-08-17T18:48:05Z,
195.211.186.79,ipv4,malicious-ip,medium,WHITE,ziyadnz/hourly-ipv4,ziyadnz|hourly,2026-08-17T18:48:05Z,2026-08-17T18:48:05Z,
195.211.190.189,ipv4,malicious-ip,medium,WHITE,ziyadnz/hourly-ipv4,ziyadnz|hourly,2026-08-17T18:48:05Z,2026-08-17T18:48:05Z,
195.211.190.61,ipv4,malicious-ip,medium,WHITE,ziyadnz/hourly-ipv4,ziyadnz|hourly,2026-08-17T18:48:05Z,2026-08-17T18:48:05Z,
195.211.191.112,ipv4,malicious-ip,medium,WHITE,ziyadnz/hourly-ipv4,ziyadnz|hourly,2026-08-17T18:48:05Z,2026-08-17T18:48:05Z,
195.211.191.120,ipv4,malicious-ip,medium,WHITE,ziyadnz/hourly-ipv4,ziyadnz|hourly,2026-08-17T18:48:05Z,2026-08-17T18:48:05Z,
195.211.213.56,ipv4,malicious-ip,medium,WHITE,ziyadnz/hourly-ipv4,ziyadnz|hourly,2026-08-17T18:48:05Z,2026-08-17T18:48:05Z,
195.211.213.63,ipv4,malicious-ip,medium,WHITE,ziyadnz/hourly-ipv4,ziyadnz|hourly,2026-08-17T18:48:05Z,2026-08-17T18:48:05Z,
195.211.252.121,ipv4,malicious-ip,medium,WHITE,ziyadnz/hourly-ipv4,ziyadnz|hourly,2026-08-17T18:48:05Z,2026-08-17T18:48:05Z,
195.211.252.193,ipv4,malicious-ip,medium,WHITE,ziyadnz/hourly-ipv4,ziyadnz|hourly,2026-08-17T18:48:05Z,2026-08-17T18:48:05Z,
195.211.253.172,ipv4,malicious-ip,medium,WHITE,ziyadnz/hourly-ipv4,ziyadnz|hourly,2026-08-17T18:48:05Z,2026-08-17T18:48:05Z,
195.211.254.54,ipv4,malicious-ip,medium,WHITE,ziyadnz/hourly-ipv4,ziyadnz|hourly,2026-08-17T18:48:05Z,2026-08-17T18:48:05Z,
195.211.63.130,ipv4,malicious-ip,medium,WHITE,ziyadnz/hourly-ipv4,ziyadnz|hourly,2026-08-17T18:48:05Z,2026-08-17T18:48:05Z,
195.211.63.193,ipv4,malicious-ip,medium,WHITE,ziyadnz/hourly-ipv4,ziyadnz|hourly,2026-08-17T18:48:05Z,2026-08-17T18:48:05Z,
195.211.63.209,ipv4,malicious-ip,medium,WHITE,ziyadnz/hourly-ipv4,ziyadnz|hourly,2026-08-17T18:48:05Z,2026-08-17T18:48:05Z,
195.211.96.135,ipv4,malicious-ip,medium,WHITE,ziyadnz/hourly-ipv4,ziyadnz|hourly,2026-08-17T18:48:05Z,2026-08-17T18:48:05Z,
195.211.96.99,ipv4,malicious-ip,medium,WHITE,ziyadnz/hourly-ipv4,ziyadnz|hourly,2026-08-17T18:48:05Z,2026-08-17T18:48:05Z,
195.214.222.59,ipv4,malicious-ip,medium,WHITE,ziyadnz/hourly-ipv4,ziyadnz|hourly,2026-08-17T18:48:05Z,2026-08-17T18:48:05Z,
195.214.235.99,ipv4,malicious-ip,medium,WHITE,ziyadnz/hourly-ipv4,ziyadnz|hourly,2026-08-17T18:48:05Z,2026-08-17T18:48:05Z,
195.218.157.226,ipv4,malicious-ip,medium,WHITE,ziyadnz/hourly-ipv4,ziyadnz|hourly,2026-08-17T18:48:05Z,2026-08-17T18:48:05Z,
195.218.159.123,ipv4,malicious-ip,medium,WHITE,ziyadnz/hourly-ipv4,ziyadnz|hourly,2026-08-17T18:48:05Z,2026-08-17T18:48:05Z,
195.22.108.142,ipv4,malicious-ip,medium,WHITE,ziyadnz/hourly-ipv4,ziyadnz|hourly,2026-08-17T18:48:05Z,2026-08-17T18:48:05Z,
195.225.144.53,ipv4,malicious-ip,medium,WHITE,ziyadnz/hourly-ipv4,ziyadnz|hourly,2026-08-17T18:48:05Z,2026-08-17T18:48:05Z,
195.225.146.81,ipv4,malicious-ip,medium,WHITE,ziyadnz/hourly-ipv4,ziyadnz|hourly,2026-08-17T18:48:05Z,2026-08-17T18:48:05Z,
195.225.49.109,ipv4,malicious-ip,medium,WHITE,ziyadnz/hourly-ipv4,ziyadnz|hourly,2026-08-17T18:48:05Z,2026-08-17T18:48:05Z,
195.225.49.150,ipv4,malicious-ip,medium,WHITE,ziyadnz/hourly-ipv4,ziyadnz|hourly,2026-08-17T18:48:05Z,2026-08-17T18:48:05Z,
195.225.49.158,ipv4,malicious-ip,medium,WHITE,ziyadnz/hourly-ipv4,ziyadnz|hourly,2026-08-17T18:48:05Z,2026-08-17T18:48:05Z,
195.225.49.164,ipv4,malicious-ip,medium,WHITE,ziyadnz/hourly-ipv4,ziyadnz|hourly,2026-08-17T18:48:05Z,2026-08-17T18:48:05Z,
195.229.76.26,ipv4,malicious-ip,medium,WHITE,ziyadnz/hourly-ipv4,ziyadnz|hourly,2026-08-17T18:48:05Z,2026-08-17T18:48:05Z,
195.229.76.34,ipv4,malicious-ip,medium,WHITE,ziyadnz/hourly-ipv4,ziyadnz|hourly,2026-08-17T18:48:05Z,2026-08-17T18:48:05Z,
195.230.103.0,ipv4,malicious-ip,medium,WHITE,ziyadnz/hourly-ipv4,ziyadnz|hourly,2026-08-17T18:48:05Z,2026-08-17T18:48:05Z,
195.230.103.242,ipv4,malicious-ip,medium,WHITE,ziyadnz/hourly-ipv4,ziyadnz|hourly,2026-08-17T18:48:05Z,2026-08-17T18:48:05Z,
195.230.103.243,ipv4,malicious-ip,medium,WHITE,ziyadnz/hourly-ipv4,ziyadnz|hourly,2026-08-17T18:48:05Z,2026-08-17T18:48:05Z,
195.230.103.244,ipv4,malicious-ip,medium,WHITE,ziyadnz/hourly-ipv4,ziyadnz|hourly,2026-08-17T18:48:05Z,2026-08-17T18:48:05Z,
195.230.103.245,ipv4,malicious-ip,medium,WHITE,ziyadnz/hourly-ipv4,ziyadnz|hourly,2026-08-17T18:48:05Z,2026-08-17T18:48:05Z,
195.230.103.246,ipv4,malicious-ip,medium,WHITE,ziyadnz/hourly-ipv4,ziyadnz|hourly,2026-08-17T18:48:05Z,2026-08-17T18:48:05Z,
195.230.103.247,ipv4,malicious-ip,medium,WHITE,ziyadnz/hourly-ipv4,ziyadnz|hourly,2026-08-17T18:48:05Z,2026-08-17T18:48:05Z,
195.230.103.248,ipv4,malicious-ip,medium,WHITE,ziyadnz/hourly-ipv4,ziyadnz|hourly,2026-08-17T18:48:05Z,2026-08-17T18:48:05Z,
195.230.103.249,ipv4,malicious-ip,medium,WHITE,ziyadnz/hourly-ipv4,ziyadnz|hourly,2026-08-17T18:48:05Z,2026-08-17T18:48:05Z,
195.230.103.250,ipv4,malicious-ip,medium,WHITE,ziyadnz/hourly-ipv4,ziyadnz|hourly,2026-08-17T18:48:05Z,2026-08-17T18:48:05Z,
195.230.115.47,ipv4,malicious-ip,medium,WHITE,ziyadnz/hourly-ipv4,ziyadnz|hourly,2026-08-17T18:48:05Z,2026-08-17T18:48:05Z,
195.239.0.178,ipv4,malicious-ip,medium,WHITE,ziyadnz/hourly-ipv4,ziyadnz|hourly,2026-08-17T18:48:05Z,2026-08-17T18:48:05Z,
195.239.146.109,ipv4,malicious-ip,medium,WHITE,ziyadnz/hourly-ipv4,ziyadnz|hourly,2026-08-17T18:48:05Z,2026-08-17T18:48:05Z,
195.239.47.189,ipv4,malicious-ip,medium,WHITE,ziyadnz/hourly-ipv4,ziyadnz|hourly,2026-08-17T18:48:05Z,2026-08-17T18:48:05Z,
195.24.207.184,ipv4,malicious-ip,medium,WHITE,ziyadnz/hourly-ipv4,ziyadnz|hourly,2026-08-17T18:48:05Z,2026-08-17T18:48:05Z,
195.24.212.174,ipv4,malicious-ip,medium,WHITE,ziyadnz/hourly-ipv4,ziyadnz|hourly,2026-08-17T18:48:05Z,2026-08-17T18:48:05Z,
195.24.236.116,ipv4,malicious-ip,medium,WHITE,ziyadnz/hourly-ipv4,ziyadnz|hourly,2026-08-17T18:48:05Z,2026-08-17T18:48:05Z,
195.24.236.124,ipv4,malicious-ip,medium,WHITE,ziyadnz/hourly-ipv4,ziyadnz|hourly,2026-08-17T18:48:05Z,2026-08-17T18:48:05Z,
195.24.68.13,ipv4,malicious-ip,medium,WHITE,ziyadnz/hourly-ipv4,ziyadnz|hourly,2026-08-17T18:48:05Z,2026-08-17T18:48:05Z,
195.242.110.102,ipv4,malicious-ip,medium,WHITE,ziyadnz/hourly-ipv4,ziyadnz|hourly,2026-08-17T18:48:05Z,2026-08-17T18:48:05Z,
195.242.110.103,ipv4,malicious-ip,medium,WHITE,ziyadnz/hourly-ipv4,ziyadnz|hourly,2026-08-17T18:48:05Z,2026-08-17T18:48:05Z,
195.242.110.112,ipv4,malicious-ip,medium,WHITE,ziyadnz/hourly-ipv4,ziyadnz|hourly,2026-08-17T18:48:05Z,2026-08-17T18:48:05Z,
195.242.110.130,ipv4,malicious-ip,medium,WHITE,ziyadnz/hourly-ipv4,ziyadnz|hourly,2026-08-17T18:48:05Z,2026-08-17T18:48:05Z,
195.242.110.131,ipv4,malicious-ip,medium,WHITE,ziyadnz/hourly-ipv4,ziyadnz|hourly,2026-08-17T18:48:05Z,2026-08-17T18:48:05Z,
195.242.110.134,ipv4,malicious-ip,medium,WHITE,ziyadnz/hourly-ipv4,ziyadnz|hourly,2026-08-17T18:48:05Z,2026-08-17T18:48:05Z,
195.242.110.135,ipv4,malicious-ip,medium,WHITE,ziyadnz/hourly-ipv4,ziyadnz|hourly,2026-08-17T18:48:05Z,2026-08-17T18:48:05Z,
195.242.110.136,ipv4,malicious-ip,medium,WHITE,ziyadnz/hourly-ipv4,ziyadnz|hourly,2026-08-17T18:48:05Z,2026-08-17T18:48:05Z,
195.242.110.137,ipv4,malicious-ip,medium,WHITE,ziyadnz/hourly-ipv4,ziyadnz|hourly,2026-08-17T18:48:05Z,2026-08-17T18:48:05Z,
195.242.110.139,ipv4,malicious-ip,medium,WHITE,ziyadnz/hourly-ipv4,ziyadnz|hourly,2026-08-17T18:48:05Z,2026-08-17T18:48:05Z,
195.242.110.143,ipv4,malicious-ip,medium,WHITE,ziyadnz/hourly-ipv4,ziyadnz|hourly,2026-08-17T18:48:05Z,2026-08-17T18:48:05Z,
195.242.110.158,ipv4,malicious-ip,medium,WHITE,ziyadnz/hourly-ipv4,ziyadnz|hourly,2026-08-17T18:48:05Z,2026-08-17T18:48:05Z,
195.242.110.162,ipv4,malicious-ip,medium,WHITE,ziyadnz/hourly-ipv4,ziyadnz|hourly,2026-08-17T18:48:05Z,2026-08-17T18:48:05Z,
195.242.110.166,ipv4,malicious-ip,medium,WHITE,ziyadnz/hourly-ipv4,ziyadnz|hourly,2026-08-17T18:48:05Z,2026-08-17T18:48:05Z,
195.242.110.168,ipv4,malicious-ip,medium,WHITE,ziyadnz/hourly-ipv4,ziyadnz|hourly,2026-08-17T18:48:05Z,2026-08-17T18:48:05Z,
195.242.110.171,ipv4,malicious-ip,medium,WHITE,ziyadnz/hourly-ipv4,ziyadnz|hourly,2026-08-17T18:48:05Z,2026-08-17T18:48:05Z,
195.242.110.172,ipv4,malicious-ip,medium,WHITE,ziyadnz/hourly-ipv4,ziyadnz|hourly,2026-08-17T18:48:05Z,2026-08-17T18:48:05Z,
195.242.110.174,ipv4,malicious-ip,medium,WHITE,ziyadnz/hourly-ipv4,ziyadnz|hourly,2026-08-17T18:48:05Z,2026-08-17T18:48:05Z,
195.242.110.179,ipv4,malicious-ip,medium,WHITE,ziyadnz/hourly-ipv4,ziyadnz|hourly,2026-08-17T18:48:05Z,2026-08-17T18:48:05Z,
195.242.110.181,ipv4,malicious-ip,medium,WHITE,ziyadnz/hourly-ipv4,ziyadnz|hourly,2026-08-17T18:48:05Z,2026-08-17T18:48:05Z,
195.242.110.182,ipv4,malicious-ip,medium,WHITE,ziyadnz/hourly-ipv4,ziyadnz|hourly,2026-08-17T18:48:05Z,2026-08-17T18:48:05Z,
195.242.110.185,ipv4,malicious-ip,medium,WHITE,ziyadnz/hourly-ipv4,ziyadnz|hourly,2026-08-17T18:48:05Z,2026-08-17T18:48:05Z,
195.242.110.186,ipv4,malicious-ip,medium,WHITE,ziyadnz/hourly-ipv4,ziyadnz|hourly,2026-08-17T18:48:05Z,2026-08-17T18:48:05Z,
195.242.110.187,ipv4,malicious-ip,medium,WHITE,ziyadnz/hourly-ipv4,ziyadnz|hourly,2026-08-17T18:48:05Z,2026-08-17T18:48:05Z,
195.242.110.188,ipv4,malicious-ip,medium,WHITE,ziyadnz/hourly-ipv4,ziyadnz|hourly,2026-08-17T18:48:05Z,2026-08-17T18:48:05Z,
195.242.110.189,ipv4,malicious-ip,medium,WHITE,ziyadnz/hourly-ipv4,ziyadnz|hourly,2026-08-17T18:48:05Z,2026-08-17T18:48:05Z,
195.242.110.190,ipv4,malicious-ip,medium,WHITE,ziyadnz/hourly-ipv4,ziyadnz|hourly,2026-08-17T18:48:05Z,2026-08-17T18:48:05Z,
195.242.110.191,ipv4,malicious-ip,medium,WHITE,ziyadnz/hourly-ipv4,ziyadnz|hourly,2026-08-17T18:48:05Z,2026-08-17T18:48:05Z,
195.242.110.196,ipv4,malicious-ip,medium,WHITE,ziyadnz/hourly-ipv4,ziyadnz|hourly,2026-08-17T18:48:05Z,2026-08-17T18:48:05Z,
195.242.110.197,ipv4,malicious-ip,medium,WHITE,ziyadnz/hourly-ipv4,ziyadnz|hourly,2026-08-17T18:48:05Z,2026-08-17T18:48:05Z,
195.242.110.205,ipv4,malicious-ip,medium,WHITE,ziyadnz/hourly-ipv4,ziyadnz|hourly,2026-08-17T18:48:05Z,2026-08-17T18:48:05Z,
195.242.110.206,ipv4,malicious-ip,medium,WHITE,ziyadnz/hourly-ipv4,ziyadnz|hourly,2026-08-17T18:48:05Z,2026-08-17T18:48:05Z,
195.242.110.231,ipv4,malicious-ip,medium,WHITE,ziyadnz/hourly-ipv4,ziyadnz|hourly,2026-08-17T18:48:05Z,2026-08-17T18:48:05Z,
195.242.110.232,ipv4,malicious-ip,medium,WHITE,ziyadnz/hourly-ipv4,ziyadnz|hourly,2026-08-17T18:48:05Z,2026-08-17T18:48:05Z,
195.242.110.235,ipv4,malicious-ip,medium,WHITE,ziyadnz/hourly-ipv4,ziyadnz|hourly,2026-08-17T18:48:05Z,2026-08-17T18:48:05Z,
195.242.110.237,ipv4,malicious-ip,medium,WHITE,ziyadnz/hourly-ipv4,ziyadnz|hourly,2026-08-17T18:48:05Z,2026-08-17T18:48:05Z,
195.242.110.24,ipv4,malicious-ip,medium,WHITE,ziyadnz/hourly-ipv4,ziyadnz|hourly,2026-08-17T18:48:05Z,2026-08-17T18:48:05Z,
195.242.110.242,ipv4,malicious-ip,medium,WHITE,ziyadnz/hourly-ipv4,ziyadnz|hourly,2026-08-17T18:48:05Z,2026-08-17T18:48:05Z,
195.242.110.25,ipv4,malicious-ip,medium,WHITE,ziyadnz/hourly-ipv4,ziyadnz|hourly,2026-08-17T18:48:05Z,2026-08-17T18:48:05Z,
195.242.110.250,ipv4,malicious-ip,medium,WHITE,ziyadnz/hourly-ipv4,ziyadnz|hourly,2026-08-17T18:48:05Z,2026-08-17T18:48:05Z,
195.242.110.251,ipv4,malicious-ip,medium,WHITE,ziyadnz/hourly-ipv4,ziyadnz|hourly,2026-08-17T18:48:05Z,2026-08-17T18:48:05Z,
195.242.110.28,ipv4,malicious-ip,medium,WHITE,ziyadnz/hourly-ipv4,ziyadnz|hourly,2026-08-17T18:48:05Z,2026-08-17T18:48:05Z,
195.242.110.3,ipv4,malicious-ip,medium,WHITE,ziyadnz/hourly-ipv4,ziyadnz|hourly,2026-08-17T18:48:05Z,2026-08-17T18:48:05Z,
195.242.110.30,ipv4,malicious-ip,medium,WHITE,ziyadnz/hourly-ipv4,ziyadnz|hourly,2026-08-17T18:48:05Z,2026-08-17T18:48:05Z,
195.242.110.32,ipv4,malicious-ip,medium,WHITE,ziyadnz/hourly-ipv4,ziyadnz|hourly,2026-08-17T18:48:05Z,2026-08-17T18:48:05Z,
195.242.110.33,ipv4,malicious-ip,medium,WHITE,ziyadnz/hourly-ipv4,ziyadnz|hourly,2026-08-17T18:48:05Z,2026-08-17T18:48:05Z,
195.242.110.34,ipv4,malicious-ip,medium,WHITE,ziyadnz/hourly-ipv4,ziyadnz|hourly,2026-08-17T18:48:05Z,2026-08-17T18:48:05Z,
195.242.110.37,ipv4,malicious-ip,medium,WHITE,ziyadnz/hourly-ipv4,ziyadnz|hourly,2026-08-17T18:48:05Z,2026-08-17T18:48:05Z,
195.242.110.40,ipv4,malicious-ip,medium,WHITE,ziyadnz/hourly-ipv4,ziyadnz|hourly,2026-08-17T18:48:05Z,2026-08-17T18:48:05Z,
195.242.110.41,ipv4,malicious-ip,medium,WHITE,ziyadnz/hourly-ipv4,ziyadnz|hourly,2026-08-17T18:48:05Z,2026-08-17T18:48:05Z,
195.242.110.46,ipv4,malicious-ip,medium,WHITE,ziyadnz/hourly-ipv4,ziyadnz|hourly,2026-08-17T18:48:05Z,2026-08-17T18:48:05Z,
195.242.110.58,ipv4,malicious-ip,medium,WHITE,ziyadnz/hourly-ipv4,ziyadnz|hourly,2026-08-17T18:48:05Z,2026-08-17T18:48:05Z,
195.242.110.59,ipv4,malicious-ip,medium,WHITE,ziyadnz/hourly-ipv4,ziyadnz|hourly,2026-08-17T18:48:05Z,2026-08-17T18:48:05Z,
195.242.110.60,ipv4,malicious-ip,medium,WHITE,ziyadnz/hourly-ipv4,ziyadnz|hourly,2026-08-17T18:48:05Z,2026-08-17T18:48:05Z,
195.242.110.72,ipv4,malicious-ip,medium,WHITE,ziyadnz/hourly-ipv4,ziyadnz|hourly,2026-08-17T18:48:05Z,2026-08-17T18:48:05Z,
195.242.110.73,ipv4,malicious-ip,medium,WHITE,ziyadnz/hourly-ipv4,ziyadnz|hourly,2026-08-17T18:48:05Z,2026-08-17T18:48:05Z,
195.242.110.77,ipv4,malicious-ip,medium,WHITE,ziyadnz/hourly-ipv4,ziyadnz|hourly,2026-08-17T18:48:05Z,2026-08-17T18:48:05Z,
195.242.110.79,ipv4,malicious-ip,medium,WHITE,ziyadnz/hourly-ipv4,ziyadnz|hourly,2026-08-17T18:48:05Z,2026-08-17T18:48:05Z,
195.242.110.80,ipv4,malicious-ip,medium,WHITE,ziyadnz/hourly-ipv4,ziyadnz|hourly,2026-08-17T18:48:05Z,2026-08-17T18:48:05Z,
195.242.110.83,ipv4,malicious-ip,medium,WHITE,ziyadnz/hourly-ipv4,ziyadnz|hourly,2026-08-17T18:48:05Z,2026-08-17T18:48:05Z,
195.242.110.84,ipv4,malicious-ip,medium,WHITE,ziyadnz/hourly-ipv4,ziyadnz|hourly,2026-08-17T18:48:05Z,2026-08-17T18:48:05Z,
195.242.110.87,ipv4,malicious-ip,medium,WHITE,ziyadnz/hourly-ipv4,ziyadnz|hourly,2026-08-17T18:48:05Z,2026-08-17T18:48:05Z,
195.242.110.95,ipv4,malicious-ip,medium,WHITE,ziyadnz/hourly-ipv4,ziyadnz|hourly,2026-08-17T18:48:05Z,2026-08-17T18:48:05Z,
195.242.110.99,ipv4,malicious-ip,medium,WHITE,ziyadnz/hourly-ipv4,ziyadnz|hourly,2026-08-17T18:48:05Z,2026-08-17T18:48:05Z,
195.242.111.102,ipv4,malicious-ip,medium,WHITE,ziyadnz/hourly-ipv4,ziyadnz|hourly,2026-08-17T18:48:05Z,2026-08-17T18:48:05Z,
195.242.111.11,ipv4,malicious-ip,medium,WHITE,ziyadnz/hourly-ipv4,ziyadnz|hourly,2026-08-17T18:48:05Z,2026-08-17T18:48:05Z,
195.242.111.117,ipv4,malicious-ip,medium,WHITE,ziyadnz/hourly-ipv4,ziyadnz|hourly,2026-08-17T18:48:05Z,2026-08-17T18:48:05Z,
195.242.111.12,ipv4,malicious-ip,medium,WHITE,ziyadnz/hourly-ipv4,ziyadnz|hourly,2026-08-17T18:48:05Z,2026-08-17T18:48:05Z,
195.242.111.120,ipv4,malicious-ip,medium,WHITE,ziyadnz/hourly-ipv4,ziyadnz|hourly,2026-08-17T18:48:05Z,2026-08-17T18:48:05Z,
195.242.111.147,ipv4,malicious-ip,medium,WHITE,ziyadnz/hourly-ipv4,ziyadnz|hourly,2026-08-17T18:48:05Z,2026-08-17T18:48:05Z,
195.242.111.148,ipv4,malicious-ip,medium,WHITE,ziyadnz/hourly-ipv4,ziyadnz|hourly,2026-08-17T18:48:05Z,2026-08-17T18:48:05Z,
195.242.111.152,ipv4,malicious-ip,medium,WHITE,ziyadnz/hourly-ipv4,ziyadnz|hourly,2026-08-17T18:48:05Z,2026-08-17T18:48:05Z,
195.242.111.214,ipv4,malicious-ip,medium,WHITE,ziyadnz/hourly-ipv4,ziyadnz|hourly,2026-08-17T18:48:05Z,2026-08-17T18:48:05Z,
195.242.111.215,ipv4,malicious-ip,medium,WHITE,ziyadnz/hourly-ipv4,ziyadnz|hourly,2026-08-17T18:48:05Z,2026-08-17T18:48:05Z,
195.242.111.217,ipv4,malicious-ip,medium,WHITE,ziyadnz/hourly-ipv4,ziyadnz|hourly,2026-08-17T18:48:05Z,2026-08-17T18:48:05Z,
195.242.111.224,ipv4,malicious-ip,medium,WHITE,ziyadnz/hourly-ipv4,ziyadnz|hourly,2026-08-17T18:48:05Z,2026-08-17T18:48:05Z,
195.242.111.25,ipv4,malicious-ip,medium,WHITE,ziyadnz/hourly-ipv4,ziyadnz|hourly,2026-08-17T18:48:05Z,2026-08-17T18:48:05Z,
195.242.111.29,ipv4,malicious-ip,medium,WHITE,ziyadnz/hourly-ipv4,ziyadnz|hourly,2026-08-17T18:48:05Z,2026-08-17T18:48:05Z,
195.242.111.36,ipv4,malicious-ip,medium,WHITE,ziyadnz/hourly-ipv4,ziyadnz|hourly,2026-08-17T18:48:05Z,2026-08-17T18:48:05Z,
195.242.111.37,ipv4,malicious-ip,medium,WHITE,ziyadnz/hourly-ipv4,ziyadnz|hourly,2026-08-17T18:48:05Z,2026-08-17T18:48:05Z,
195.242.111.38,ipv4,malicious-ip,medium,WHITE,ziyadnz/hourly-ipv4,ziyadnz|hourly,2026-08-17T18:48:05Z,2026-08-17T18:48:05Z,
195.242.111.40,ipv4,malicious-ip,medium,WHITE,ziyadnz/hourly-ipv4,ziyadnz|hourly,2026-08-17T18:48:05Z,2026-08-17T18:48:05Z,
195.242.111.42,ipv4,malicious-ip,medium,WHITE,ziyadnz/hourly-ipv4,ziyadnz|hourly,2026-08-17T18:48:05Z,2026-08-17T18:48:05Z,
195.242.111.44,ipv4,malicious-ip,medium,WHITE,ziyadnz/hourly-ipv4,ziyadnz|hourly,2026-08-17T18:48:05Z,2026-08-17T18:48:05Z,
195.242.111.49,ipv4,malicious-ip,medium,WHITE,ziyadnz/hourly-ipv4,ziyadnz|hourly,2026-08-17T18:48:05Z,2026-08-17T18:48:05Z,
195.242.111.50,ipv4,malicious-ip,medium,WHITE,ziyadnz/hourly-ipv4,ziyadnz|hourly,2026-08-17T18:48:05Z,2026-08-17T18:48:05Z,
195.242.111.53,ipv4,malicious-ip,medium,WHITE,ziyadnz/hourly-ipv4,ziyadnz|hourly,2026-08-17T18:48:05Z,2026-08-17T18:48:05Z,
195.242.111.56,ipv4,malicious-ip,medium,WHITE,ziyadnz/hourly-ipv4,ziyadnz|hourly,2026-08-17T18:48:05Z,2026-08-17T18:48:05Z,
195.242.111.57,ipv4,malicious-ip,medium,WHITE,ziyadnz/hourly-ipv4,ziyadnz|hourly,2026-08-17T18:48:05Z,2026-08-17T18:48:05Z,
195.242.111.58,ipv4,malicious-ip,medium,WHITE,ziyadnz/hourly-ipv4,ziyadnz|hourly,2026-08-17T18:48:05Z,2026-08-17T18:48:05Z,
195.242.111.59,ipv4,malicious-ip,medium,WHITE,ziyadnz/hourly-ipv4,ziyadnz|hourly,2026-08-17T18:48:05Z,2026-08-17T18:48:05Z,
195.242.111.6,ipv4,malicious-ip,medium,WHITE,ziyadnz/hourly-ipv4,ziyadnz|hourly,2026-08-17T18:48:05Z,2026-08-17T18:48:05Z,
195.242.111.7,ipv4,malicious-ip,medium,WHITE,ziyadnz/hourly-ipv4,ziyadnz|hourly,2026-08-17T18:48:05Z,2026-08-17T18:48:05Z,
195.242.111.76,ipv4,malicious-ip,medium,WHITE,ziyadnz/hourly-ipv4,ziyadnz|hourly,2026-08-17T18:48:05Z,2026-08-17T18:48:05Z,
195.242.111.77,ipv4,malicious-ip,medium,WHITE,ziyadnz/hourly-ipv4,ziyadnz|hourly,2026-08-17T18:48:05Z,2026-08-17T18:48:05Z,
195.242.111.84,ipv4,malicious-ip,medium,WHITE,ziyadnz/hourly-ipv4,ziyadnz|hourly,2026-08-17T18:48:05Z,2026-08-17T18:48:05Z,
195.242.111.85,ipv4,malicious-ip,medium,WHITE,ziyadnz/hourly-ipv4,ziyadnz|hourly,2026-08-17T18:48:05Z,2026-08-17T18:48:05Z,
195.242.111.86,ipv4,malicious-ip,medium,WHITE,ziyadnz/hourly-ipv4,ziyadnz|hourly,2026-08-17T18:48:05Z,2026-08-17T18:48:05Z,
195.242.111.87,ipv4,malicious-ip,medium,WHITE,ziyadnz/hourly-ipv4,ziyadnz|hourly,2026-08-17T18:48:05Z,2026-08-17T18:48:05Z,
195.242.111.94,ipv4,malicious-ip,medium,WHITE,ziyadnz/hourly-ipv4,ziyadnz|hourly,2026-08-17T18:48:05Z,2026-08-17T18:48:05Z,
195.242.111.95,ipv4,malicious-ip,medium,WHITE,ziyadnz/hourly-ipv4,ziyadnz|hourly,2026-08-17T18:48:05Z,2026-08-17T18:48:05Z,
195.242.111.96,ipv4,malicious-ip,medium,WHITE,ziyadnz/hourly-ipv4,ziyadnz|hourly,2026-08-17T18:48:05Z,2026-08-17T18:48:05Z,
195.242.125.174,ipv4,malicious-ip,medium,WHITE,ziyadnz/hourly-ipv4,ziyadnz|hourly,2026-08-17T18:48:05Z,2026-08-17T18:48:05Z,
195.242.178.144,ipv4,malicious-ip,medium,WHITE,ziyadnz/hourly-ipv4,ziyadnz|hourly,2026-08-17T18:48:05Z,2026-08-17T18:48:05Z,
195.242.214.118,ipv4,malicious-ip,medium,WHITE,ziyadnz/hourly-ipv4,ziyadnz|hourly,2026-08-17T18:48:05Z,2026-08-17T18:48:05Z,
195.242.31.113,ipv4,malicious-ip,medium,WHITE,ziyadnz/hourly-ipv4,ziyadnz|hourly,2026-08-17T18:48:05Z,2026-08-17T18:48:05Z,
195.246.231.197,ipv4,malicious-ip,medium,WHITE,ziyadnz/hourly-ipv4,ziyadnz|hourly,2026-08-17T18:48:05Z,2026-08-17T18:48:05Z,
195.246.57.4,ipv4,malicious-ip,medium,WHITE,ziyadnz/hourly-ipv4,ziyadnz|hourly,2026-08-17T18:48:05Z,2026-08-17T18:48:05Z,
195.246.59.1,ipv4,malicious-ip,medium,WHITE,ziyadnz/hourly-ipv4,ziyadnz|hourly,2026-08-17T18:48:05Z,2026-08-17T18:48:05Z,
195.248.243.197,ipv4,malicious-ip,medium,WHITE,ziyadnz/hourly-ipv4,ziyadnz|hourly,2026-08-17T18:48:05Z,2026-08-17T18:48:05Z,
195.250.30.134,ipv4,malicious-ip,medium,WHITE,ziyadnz/hourly-ipv4,ziyadnz|hourly,2026-08-17T18:48:05Z,2026-08-17T18:48:05Z,
195.250.72.168,ipv4,malicious-ip,medium,WHITE,ziyadnz/hourly-ipv4,ziyadnz|hourly,2026-08-17T18:48:05Z,2026-08-17T18:48:05Z,
195.250.79.2,ipv4,malicious-ip,medium,WHITE,ziyadnz/hourly-ipv4,ziyadnz|hourly,2026-08-17T18:48:05Z,2026-08-17T18:48:05Z,
195.250.88.76,ipv4,malicious-ip,medium,WHITE,ziyadnz/hourly-ipv4,ziyadnz|hourly,2026-08-17T18:48:05Z,2026-08-17T18:48:05Z,
195.250.95.103,ipv4,malicious-ip,medium,WHITE,ziyadnz/hourly-ipv4,ziyadnz|hourly,2026-08-17T18:48:05Z,2026-08-17T18:48:05Z,
195.251.96.13,ipv4,malicious-ip,medium,WHITE,ziyadnz/hourly-ipv4,ziyadnz|hourly,2026-08-17T18:48:05Z,2026-08-17T18:48:05Z,
195.252.70.91,ipv4,malicious-ip,medium,WHITE,ziyadnz/hourly-ipv4,ziyadnz|hourly,2026-08-17T18:48:05Z,2026-08-17T18:48:05Z,
195.26.18.0,ipv4,malicious-ip,medium,WHITE,ziyadnz/hourly-ipv4,ziyadnz|hourly,2026-08-17T18:48:05Z,2026-08-17T18:48:05Z,
195.26.18.106,ipv4,malicious-ip,medium,WHITE,ziyadnz/hourly-ipv4,ziyadnz|hourly,2026-08-17T18:48:05Z,2026-08-17T18:48:05Z,
195.26.18.107,ipv4,malicious-ip,medium,WHITE,ziyadnz/hourly-ipv4,ziyadnz|hourly,2026-08-17T18:48:05Z,2026-08-17T18:48:05Z,
195.26.18.111,ipv4,malicious-ip,medium,WHITE,ziyadnz/hourly-ipv4,ziyadnz|hourly,2026-08-17T18:48:05Z,2026-08-17T18:48:05Z,
195.26.18.116,ipv4,malicious-ip,medium,WHITE,ziyadnz/hourly-ipv4,ziyadnz|hourly,2026-08-17T18:48:05Z,2026-08-17T18:48:05Z,
195.26.18.117,ipv4,malicious-ip,medium,WHITE,ziyadnz/hourly-ipv4,ziyadnz|hourly,2026-08-17T18:48:05Z,2026-08-17T18:48:05Z,
195.26.18.134,ipv4,malicious-ip,medium,WHITE,ziyadnz/hourly-ipv4,ziyadnz|hourly,2026-08-17T18:48:05Z,2026-08-17T18:48:05Z,
195.26.18.161,ipv4,malicious-ip,medium,WHITE,ziyadnz/hourly-ipv4,ziyadnz|hourly,2026-08-17T18:48:05Z,2026-08-17T18:48:05Z,
195.26.18.205,ipv4,malicious-ip,medium,WHITE,ziyadnz/hourly-ipv4,ziyadnz|hourly,2026-08-17T18:48:05Z,2026-08-17T18:48:05Z,
195.26.227.209,ipv4,malicious-ip,medium,WHITE,ziyadnz/hourly-ipv4,ziyadnz|hourly,2026-08-17T18:48:05Z,2026-08-17T18:48:05Z,
195.26.241.75,ipv4,malicious-ip,medium,WHITE,ziyadnz/hourly-ipv4,ziyadnz|hourly,2026-08-17T18:48:05Z,2026-08-17T18:48:05Z,
195.26.241.79,ipv4,malicious-ip,medium,WHITE,ziyadnz/hourly-ipv4,ziyadnz|hourly,2026-08-17T18:48:05Z,2026-08-17T18:48:05Z,
195.26.241.81,ipv4,malicious-ip,medium,WHITE,ziyadnz/hourly-ipv4,ziyadnz|hourly,2026-08-17T18:48:05Z,2026-08-17T18:48:05Z,
195.26.241.83,ipv4,malicious-ip,medium,WHITE,ziyadnz/hourly-ipv4,ziyadnz|hourly,2026-08-17T18:48:05Z,2026-08-17T18:48:05Z,
195.26.242.123,ipv4,malicious-ip,medium,WHITE,ziyadnz/hourly-ipv4,ziyadnz|hourly,2026-08-17T18:48:05Z,2026-08-17T18:48:05Z,
195.26.250.147,ipv4,malicious-ip,medium,WHITE,ziyadnz/hourly-ipv4,ziyadnz|hourly,2026-08-17T18:48:05Z,2026-08-17T18:48:05Z,
195.26.81.113,ipv4,malicious-ip,medium,WHITE,ziyadnz/hourly-ipv4,ziyadnz|hourly,2026-08-17T18:48:05Z,2026-08-17T18:48:05Z,
195.26.81.58,ipv4,malicious-ip,medium,WHITE,ziyadnz/hourly-ipv4,ziyadnz|hourly,2026-08-17T18:48:05Z,2026-08-17T18:48:05Z,
195.3.144.185,ipv4,malicious-ip,medium,WHITE,ziyadnz/hourly-ipv4,ziyadnz|hourly,2026-08-17T18:48:05Z,2026-08-17T18:48:05Z,
195.3.146.183,ipv4,malicious-ip,medium,WHITE,ziyadnz/hourly-ipv4,ziyadnz|hourly,2026-08-17T18:48:05Z,2026-08-17T18:48:05Z,
195.3.147.73,ipv4,malicious-ip,medium,WHITE,ziyadnz/hourly-ipv4,ziyadnz|hourly,2026-08-17T18:48:05Z,2026-08-17T18:48:05Z,
195.3.225.42,ipv4,malicious-ip,medium,WHITE,ziyadnz/hourly-ipv4,ziyadnz|hourly,2026-08-17T18:48:05Z,2026-08-17T18:48:05Z,
195.32.6.254,ipv4,malicious-ip,medium,WHITE,ziyadnz/hourly-ipv4,ziyadnz|hourly,2026-08-17T18:48:05Z,2026-08-17T18:48:05Z,
195.33.199.59,ipv4,malicious-ip,medium,WHITE,ziyadnz/hourly-ipv4,ziyadnz|hourly,2026-08-17T18:48:05Z,2026-08-17T18:48:05Z,
195.33.200.58,ipv4,malicious-ip,medium,WHITE,ziyadnz/hourly-ipv4,ziyadnz|hourly,2026-08-17T18:48:05Z,2026-08-17T18:48:05Z,
195.33.236.157,ipv4,malicious-ip,medium,WHITE,ziyadnz/hourly-ipv4,ziyadnz|hourly,2026-08-17T18:48:05Z,2026-08-17T18:48:05Z,
195.34.237.232,ipv4,malicious-ip,medium,WHITE,ziyadnz/hourly-ipv4,ziyadnz|hourly,2026-08-17T18:48:05Z,2026-08-17T18:48:05Z,
195.34.242.172,ipv4,malicious-ip,medium,WHITE,ziyadnz/hourly-ipv4,ziyadnz|hourly,2026-08-17T18:48:05Z,2026-08-17T18:48:05Z,
195.35.3.209,ipv4,malicious-ip,medium,WHITE,ziyadnz/hourly-ipv4,ziyadnz|hourly,2026-08-17T18:48:05Z,2026-08-17T18:48:05Z,
195.36.211.63,ipv4,malicious-ip,medium,WHITE,ziyadnz/hourly-ipv4,ziyadnz|hourly,2026-08-17T18:48:05Z,2026-08-17T18:48:05Z,
195.37.190.88,ipv4,malicious-ip,medium,WHITE,ziyadnz/hourly-ipv4,ziyadnz|hourly,2026-08-17T18:48:05Z,2026-08-17T18:48:05Z,
195.40.154.226,ipv4,malicious-ip,medium,WHITE,ziyadnz/hourly-ipv4,ziyadnz|hourly,2026-08-17T18:48:05Z,2026-08-17T18:48:05Z,
195.43.66.158,ipv4,malicious-ip,medium,WHITE,ziyadnz/hourly-ipv4,ziyadnz|hourly,2026-08-17T18:48:05Z,2026-08-17T18:48:05Z,
195.43.66.5,ipv4,malicious-ip,medium,WHITE,ziyadnz/hourly-ipv4,ziyadnz|hourly,2026-08-17T18:48:05Z,2026-08-17T18:48:05Z,
195.46.106.241,ipv4,malicious-ip,medium,WHITE,ziyadnz/hourly-ipv4,ziyadnz|hourly,2026-08-17T18:48:05Z,2026-08-17T18:48:05Z,
195.46.106.34,ipv4,malicious-ip,medium,WHITE,ziyadnz/hourly-ipv4,ziyadnz|hourly,2026-08-17T18:48:05Z,2026-08-17T18:48:05Z,
195.47.238.50,ipv4,malicious-ip,medium,WHITE,ziyadnz/hourly-ipv4,ziyadnz|hourly,2026-08-17T18:48:05Z,2026-08-17T18:48:05Z,
195.5.84.180,ipv4,malicious-ip,medium,WHITE,ziyadnz/hourly-ipv4,ziyadnz|hourly,2026-08-17T18:48:05Z,2026-08-17T18:48:05Z,
195.53.245.124,ipv4,malicious-ip,medium,WHITE,ziyadnz/hourly-ipv4,ziyadnz|hourly,2026-08-17T18:48:05Z,2026-08-17T18:48:05Z,
195.54.160.59,ipv4,malicious-ip,medium,WHITE,ziyadnz/hourly-ipv4,ziyadnz|hourly,2026-08-17T18:48:05Z,2026-08-17T18:48:05Z,
195.58.49.9,ipv4,malicious-ip,medium,WHITE,ziyadnz/hourly-ipv4,ziyadnz|hourly,2026-08-17T18:48:05Z,2026-08-17T18:48:05Z,
195.60.166.252,ipv4,malicious-ip,medium,WHITE,ziyadnz/hourly-ipv4,ziyadnz|hourly,2026-08-17T18:48:05Z,2026-08-17T18:48:05Z,
195.60.166.253,ipv4,malicious-ip,medium,WHITE,ziyadnz/hourly-ipv4,ziyadnz|hourly,2026-08-17T18:48:05Z,2026-08-17T18:48:05Z,
195.60.166.254,ipv4,malicious-ip,medium,WHITE,ziyadnz/hourly-ipv4,ziyadnz|hourly,2026-08-17T18:48:05Z,2026-08-17T18:48:05Z,
195.60.175.119,ipv4,malicious-ip,medium,WHITE,ziyadnz/hourly-ipv4,ziyadnz|hourly,2026-08-17T18:48:05Z,2026-08-17T18:48:05Z,
195.62.24.224,ipv4,malicious-ip,medium,WHITE,ziyadnz/hourly-ipv4,ziyadnz|hourly,2026-08-17T18:48:05Z,2026-08-17T18:48:05Z,
195.62.24.226,ipv4,malicious-ip,medium,WHITE,ziyadnz/hourly-ipv4,ziyadnz|hourly,2026-08-17T18:48:05Z,2026-08-17T18:48:05Z,
195.62.25.6,ipv4,malicious-ip,medium,WHITE,ziyadnz/hourly-ipv4,ziyadnz|hourly,2026-08-17T18:48:05Z,2026-08-17T18:48:05Z,
195.62.25.63,ipv4,malicious-ip,medium,WHITE,ziyadnz/hourly-ipv4,ziyadnz|hourly,2026-08-17T18:48:05Z,2026-08-17T18:48:05Z,
195.62.32.138,ipv4,malicious-ip,medium,WHITE,ziyadnz/hourly-ipv4,ziyadnz|hourly,2026-08-17T18:48:05Z,2026-08-17T18:48:05Z,
195.62.32.141,ipv4,malicious-ip,medium,WHITE,ziyadnz/hourly-ipv4,ziyadnz|hourly,2026-08-17T18:48:05Z,2026-08-17T18:48:05Z,
195.62.36.189,ipv4,malicious-ip,medium,WHITE,ziyadnz/hourly-ipv4,ziyadnz|hourly,2026-08-17T18:48:05Z,2026-08-17T18:48:05Z,
195.62.37.115,ipv4,malicious-ip,medium,WHITE,ziyadnz/hourly-ipv4,ziyadnz|hourly,2026-08-17T18:48:05Z,2026-08-17T18:48:05Z,
195.62.37.144,ipv4,malicious-ip,medium,WHITE,ziyadnz/hourly-ipv4,ziyadnz|hourly,2026-08-17T18:48:05Z,2026-08-17T18:48:05Z,
195.62.37.90,ipv4,malicious-ip,medium,WHITE,ziyadnz/hourly-ipv4,ziyadnz|hourly,2026-08-17T18:48:05Z,2026-08-17T18:48:05Z,
195.62.50.242,ipv4,malicious-ip,medium,WHITE,ziyadnz/hourly-ipv4,ziyadnz|hourly,2026-08-17T18:48:05Z,2026-08-17T18:48:05Z,
195.62.50.243,ipv4,malicious-ip,medium,WHITE,ziyadnz/hourly-ipv4,ziyadnz|hourly,2026-08-17T18:48:05Z,2026-08-17T18:48:05Z,
195.62.53.253,ipv4,malicious-ip,medium,WHITE,ziyadnz/hourly-ipv4,ziyadnz|hourly,2026-08-17T18:48:05Z,2026-08-17T18:48:05Z,
195.63.136.173,ipv4,malicious-ip,medium,WHITE,ziyadnz/hourly-ipv4,ziyadnz|hourly,2026-08-17T18:48:05Z,2026-08-17T18:48:05Z,
195.63.16.165,ipv4,malicious-ip,medium,WHITE,ziyadnz/hourly-ipv4,ziyadnz|hourly,2026-08-17T18:48:05Z,2026-08-17T18:48:05Z,
195.63.16.208,ipv4,malicious-ip,medium,WHITE,ziyadnz/hourly-ipv4,ziyadnz|hourly,2026-08-17T18:48:05Z,2026-08-17T18:48:05Z,
195.63.16.94,ipv4,malicious-ip,medium,WHITE,ziyadnz/hourly-ipv4,ziyadnz|hourly,2026-08-17T18:48:05Z,2026-08-17T18:48:05Z,
195.63.17.14,ipv4,malicious-ip,medium,WHITE,ziyadnz/hourly-ipv4,ziyadnz|hourly,2026-08-17T18:48:05Z,2026-08-17T18:48:05Z,
195.63.17.219,ipv4,malicious-ip,medium,WHITE,ziyadnz/hourly-ipv4,ziyadnz|hourly,2026-08-17T18:48:05Z,2026-08-17T18:48:05Z,
195.63.17.238,ipv4,malicious-ip,medium,WHITE,ziyadnz/hourly-ipv4,ziyadnz|hourly,2026-08-17T18:48:05Z,2026-08-17T18:48:05Z,
195.63.18.121,ipv4,malicious-ip,medium,WHITE,ziyadnz/hourly-ipv4,ziyadnz|hourly,2026-08-17T18:48:05Z,2026-08-17T18:48:05Z,
195.63.18.38,ipv4,malicious-ip,medium,WHITE,ziyadnz/hourly-ipv4,ziyadnz|hourly,2026-08-17T18:48:05Z,2026-08-17T18:48:05Z,
195.64.105.209,ipv4,malicious-ip,medium,WHITE,ziyadnz/hourly-ipv4,ziyadnz|hourly,2026-08-17T18:48:05Z,2026-08-17T18:48:05Z,
195.64.183.227,ipv4,malicious-ip,medium,WHITE,ziyadnz/hourly-ipv4,ziyadnz|hourly,2026-08-17T18:48:05Z,2026-08-17T18:48:05Z,
195.64.183.232,ipv4,malicious-ip,medium,WHITE,ziyadnz/hourly-ipv4,ziyadnz|hourly,2026-08-17T18:48:05Z,2026-08-17T18:48:05Z,
195.64.183.233,ipv4,malicious-ip,medium,WHITE,ziyadnz/hourly-ipv4,ziyadnz|hourly,2026-08-17T18:48:05Z,2026-08-17T18:48:05Z,
195.64.229.138,ipv4,malicious-ip,medium,WHITE,ziyadnz/hourly-ipv4,ziyadnz|hourly,2026-08-17T18:48:05Z,2026-08-17T18:48:05Z,
195.64.229.193,ipv4,malicious-ip,medium,WHITE,ziyadnz/hourly-ipv4,ziyadnz|hourly,2026-08-17T18:48:05Z,2026-08-17T18:48:05Z,
195.64.239.12,ipv4,malicious-ip,medium,WHITE,ziyadnz/hourly-ipv4,ziyadnz|hourly,2026-08-17T18:48:05Z,2026-08-17T18:48:05Z,
195.64.239.160,ipv4,malicious-ip,medium,WHITE,ziyadnz/hourly-ipv4,ziyadnz|hourly,2026-08-17T18:48:05Z,2026-08-17T18:48:05Z,
195.64.239.175,ipv4,malicious-ip,medium,WHITE,ziyadnz/hourly-ipv4,ziyadnz|hourly,2026-08-17T18:48:05Z,2026-08-17T18:48:05Z,
195.64.239.203,ipv4,malicious-ip,medium,WHITE,ziyadnz/hourly-ipv4,ziyadnz|hourly,2026-08-17T18:48:05Z,2026-08-17T18:48:05Z,
195.64.239.240,ipv4,malicious-ip,medium,WHITE,ziyadnz/hourly-ipv4,ziyadnz|hourly,2026-08-17T18:48:05Z,2026-08-17T18:48:05Z,
195.64.250.0,ipv4,malicious-ip,medium,WHITE,ziyadnz/hourly-ipv4,ziyadnz|hourly,2026-08-17T18:48:05Z,2026-08-17T18:48:05Z,
195.64.250.116,ipv4,malicious-ip,medium,WHITE,ziyadnz/hourly-ipv4,ziyadnz|hourly,2026-08-17T18:48:05Z,2026-08-17T18:48:05Z,
195.64.250.154,ipv4,malicious-ip,medium,WHITE,ziyadnz/hourly-ipv4,ziyadnz|hourly,2026-08-17T18:48:05Z,2026-08-17T18:48:05Z,
195.64.250.36,ipv4,malicious-ip,medium,WHITE,ziyadnz/hourly-ipv4,ziyadnz|hourly,2026-08-17T18:48:05Z,2026-08-17T18:48:05Z,
195.64.250.49,ipv4,malicious-ip,medium,WHITE,ziyadnz/hourly-ipv4,ziyadnz|hourly,2026-08-17T18:48:05Z,2026-08-17T18:48:05Z,
195.64.250.9,ipv4,malicious-ip,medium,WHITE,ziyadnz/hourly-ipv4,ziyadnz|hourly,2026-08-17T18:48:05Z,2026-08-17T18:48:05Z,
195.66.105.220,ipv4,malicious-ip,medium,WHITE,ziyadnz/hourly-ipv4,ziyadnz|hourly,2026-08-17T18:48:05Z,2026-08-17T18:48:05Z,
195.66.192.18,ipv4,malicious-ip,medium,WHITE,ziyadnz/hourly-ipv4,ziyadnz|hourly,2026-08-17T18:48:05Z,2026-08-17T18:48:05Z,
195.66.213.132,ipv4,malicious-ip,medium,WHITE,ziyadnz/hourly-ipv4,ziyadnz|hourly,2026-08-17T18:48:05Z,2026-08-17T18:48:05Z,
195.66.213.69,ipv4,malicious-ip,medium,WHITE,ziyadnz/hourly-ipv4,ziyadnz|hourly,2026-08-17T18:48:05Z,2026-08-17T18:48:05Z,
195.67.74.143,ipv4,malicious-ip,medium,WHITE,ziyadnz/hourly-ipv4,ziyadnz|hourly,2026-08-17T18:48:05Z,2026-08-17T18:48:05Z,
195.68.241.84,ipv4,malicious-ip,medium,WHITE,ziyadnz/hourly-ipv4,ziyadnz|hourly,2026-08-17T18:48:05Z,2026-08-17T18:48:05Z,
195.69.202.145,ipv4,malicious-ip,medium,WHITE,ziyadnz/hourly-ipv4,ziyadnz|hourly,2026-08-17T18:48:05Z,2026-08-17T18:48:05Z,
195.69.216.50,ipv4,malicious-ip,medium,WHITE,ziyadnz/hourly-ipv4,ziyadnz|hourly,2026-08-17T18:48:05Z,2026-08-17T18:48:05Z,
195.74.72.177,ipv4,malicious-ip,medium,WHITE,ziyadnz/hourly-ipv4,ziyadnz|hourly,2026-08-17T18:48:05Z,2026-08-17T18:48:05Z,
195.74.86.35,ipv4,malicious-ip,medium,WHITE,ziyadnz/hourly-ipv4,ziyadnz|hourly,2026-08-17T18:48:05Z,2026-08-17T18:48:05Z,
195.74.86.37,ipv4,malicious-ip,medium,WHITE,ziyadnz/hourly-ipv4,ziyadnz|hourly,2026-08-17T18:48:05Z,2026-08-17T18:48:05Z,
195.78.100.163,ipv4,malicious-ip,medium,WHITE,ziyadnz/hourly-ipv4,ziyadnz|hourly,2026-08-17T18:48:05Z,2026-08-17T18:48:05Z,
195.78.100.186,ipv4,malicious-ip,medium,WHITE,ziyadnz/hourly-ipv4,ziyadnz|hourly,2026-08-17T18:48:05Z,2026-08-17T18:48:05Z,
195.78.100.228,ipv4,malicious-ip,medium,WHITE,ziyadnz/hourly-ipv4,ziyadnz|hourly,2026-08-17T18:48:05Z,2026-08-17T18:48:05Z,
195.80.150.187,ipv4,malicious-ip,medium,WHITE,ziyadnz/hourly-ipv4,ziyadnz|hourly,2026-08-17T18:48:05Z,2026-08-17T18:48:05Z,
195.80.150.188,ipv4,malicious-ip,medium,WHITE,ziyadnz/hourly-ipv4,ziyadnz|hourly,2026-08-17T18:48:05Z,2026-08-17T18:48:05Z,
195.80.151.242,ipv4,malicious-ip,medium,WHITE,ziyadnz/hourly-ipv4,ziyadnz|hourly,2026-08-17T18:48:05Z,2026-08-17T18:48:05Z,
195.80.224.237,ipv4,malicious-ip,medium,WHITE,ziyadnz/hourly-ipv4,ziyadnz|hourly,2026-08-17T18:48:05Z,2026-08-17T18:48:05Z,
195.80.49.23,ipv4,malicious-ip,medium,WHITE,ziyadnz/hourly-ipv4,ziyadnz|hourly,2026-08-17T18:48:05Z,2026-08-17T18:48:05Z,
195.82.146.180,ipv4,malicious-ip,medium,WHITE,ziyadnz/hourly-ipv4,ziyadnz|hourly,2026-08-17T18:48:05Z,2026-08-17T18:48:05Z,
195.82.146.236,ipv4,malicious-ip,medium,WHITE,ziyadnz/hourly-ipv4,ziyadnz|hourly,2026-08-17T18:48:05Z,2026-08-17T18:48:05Z,
195.82.147.38,ipv4,malicious-ip,medium,WHITE,ziyadnz/hourly-ipv4,ziyadnz|hourly,2026-08-17T18:48:05Z,2026-08-17T18:48:05Z,
195.82.148.30,ipv4,malicious-ip,medium,WHITE,ziyadnz/hourly-ipv4,ziyadnz|hourly,2026-08-17T18:48:05Z,2026-08-17T18:48:05Z,
195.85.114.78,ipv4,malicious-ip,medium,WHITE,ziyadnz/hourly-ipv4,ziyadnz|hourly,2026-08-17T18:48:05Z,2026-08-17T18:48:05Z,
195.85.115.195,ipv4,malicious-ip,medium,WHITE,ziyadnz/hourly-ipv4,ziyadnz|hourly,2026-08-17T18:48:05Z,2026-08-17T18:48:05Z,
195.85.201.158,ipv4,malicious-ip,medium,WHITE,ziyadnz/hourly-ipv4,ziyadnz|hourly,2026-08-17T18:48:05Z,2026-08-17T18:48:05Z,
195.85.201.215,ipv4,malicious-ip,medium,WHITE,ziyadnz/hourly-ipv4,ziyadnz|hourly,2026-08-17T18:48:05Z,2026-08-17T18:48:05Z,
195.86.120.2,ipv4,malicious-ip,medium,WHITE,ziyadnz/hourly-ipv4,ziyadnz|hourly,2026-08-17T18:48:05Z,2026-08-17T18:48:05Z,
195.86.192.66,ipv4,malicious-ip,medium,WHITE,ziyadnz/hourly-ipv4,ziyadnz|hourly,2026-08-17T18:48:05Z,2026-08-17T18:48:05Z,
195.87.217.26,ipv4,malicious-ip,medium,WHITE,ziyadnz/hourly-ipv4,ziyadnz|hourly,2026-08-17T18:48:05Z,2026-08-17T18:48:05Z,
195.88.127.171,ipv4,malicious-ip,medium,WHITE,ziyadnz/hourly-ipv4,ziyadnz|hourly,2026-08-17T18:48:05Z,2026-08-17T18:48:05Z,
195.88.139.243,ipv4,malicious-ip,medium,WHITE,ziyadnz/hourly-ipv4,ziyadnz|hourly,2026-08-17T18:48:05Z,2026-08-17T18:48:05Z,
195.88.74.206,ipv4,malicious-ip,medium,WHITE,ziyadnz/hourly-ipv4,ziyadnz|hourly,2026-08-17T18:48:05Z,2026-08-17T18:48:05Z,
195.90.219.148,ipv4,malicious-ip,medium,WHITE,ziyadnz/hourly-ipv4,ziyadnz|hourly,2026-08-17T18:48:05Z,2026-08-17T18:48:05Z,
195.93.160.7,ipv4,malicious-ip,medium,WHITE,ziyadnz/hourly-ipv4,ziyadnz|hourly,2026-08-17T18:48:05Z,2026-08-17T18:48:05Z,
195.95.147.43,ipv4,malicious-ip,medium,WHITE,ziyadnz/hourly-ipv4,ziyadnz|hourly,2026-08-17T18:48:05Z,2026-08-17T18:48:05Z,
195.95.147.49,ipv4,malicious-ip,medium,WHITE,ziyadnz/hourly-ipv4,ziyadnz|hourly,2026-08-17T18:48:05Z,2026-08-17T18:48:05Z,
195.95.147.87,ipv4,malicious-ip,medium,WHITE,ziyadnz/hourly-ipv4,ziyadnz|hourly,2026-08-17T18:48:05Z,2026-08-17T18:48:05Z,
195.96.129.13,ipv4,malicious-ip,medium,WHITE,ziyadnz/hourly-ipv4,ziyadnz|hourly,2026-08-17T18:48:05Z,2026-08-17T18:48:05Z,
195.96.138.107,ipv4,malicious-ip,medium,WHITE,ziyadnz/hourly-ipv4,ziyadnz|hourly,2026-08-17T18:48:05Z,2026-08-17T18:48:05Z,
195.96.138.16,ipv4,malicious-ip,medium,WHITE,ziyadnz/hourly-ipv4,ziyadnz|hourly,2026-08-17T18:48:05Z,2026-08-17T18:48:05Z,
195.96.139.0,ipv4,malicious-ip,medium,WHITE,ziyadnz/hourly-ipv4,ziyadnz|hourly,2026-08-17T18:48:05Z,2026-08-17T18:48:05Z,
195.96.139.10,ipv4,malicious-ip,medium,WHITE,ziyadnz/hourly-ipv4,ziyadnz|hourly,2026-08-17T18:48:05Z,2026-08-17T18:48:05Z,
195.96.139.100,ipv4,malicious-ip,medium,WHITE,ziyadnz/hourly-ipv4,ziyadnz|hourly,2026-08-17T18:48:05Z,2026-08-17T18:48:05Z,
195.96.139.101,ipv4,malicious-ip,medium,WHITE,ziyadnz/hourly-ipv4,ziyadnz|hourly,2026-08-17T18:48:05Z,2026-08-17T18:48:05Z,
195.96.139.102,ipv4,malicious-ip,medium,WHITE,ziyadnz/hourly-ipv4,ziyadnz|hourly,2026-08-17T18:48:05Z,2026-08-17T18:48:05Z,
195.96.139.103,ipv4,malicious-ip,medium,WHITE,ziyadnz/hourly-ipv4,ziyadnz|hourly,2026-08-17T18:48:05Z,2026-08-17T18:48:05Z,
195.96.139.104,ipv4,malicious-ip,medium,WHITE,ziyadnz/hourly-ipv4,ziyadnz|hourly,2026-08-17T18:48:05Z,2026-08-17T18:48:05Z,
195.96.139.105,ipv4,malicious-ip,medium,WHITE,ziyadnz/hourly-ipv4,ziyadnz|hourly,2026-08-17T18:48:05Z,2026-08-17T18:48:05Z,
195.96.139.107,ipv4,malicious-ip,medium,WHITE,ziyadnz/hourly-ipv4,ziyadnz|hourly,2026-08-17T18:48:05Z,2026-08-17T18:48:05Z,
195.96.139.109,ipv4,malicious-ip,medium,WHITE,ziyadnz/hourly-ipv4,ziyadnz|hourly,2026-08-17T18:48:05Z,2026-08-17T18:48:05Z,
195.96.139.11,ipv4,malicious-ip,medium,WHITE,ziyadnz/hourly-ipv4,ziyadnz|hourly,2026-08-17T18:48:05Z,2026-08-17T18:48:05Z,
195.96.139.110,ipv4,malicious-ip,medium,WHITE,ziyadnz/hourly-ipv4,ziyadnz|hourly,2026-08-17T18:48:05Z,2026-08-17T18:48:05Z,
195.96.139.111,ipv4,malicious-ip,medium,WHITE,ziyadnz/hourly-ipv4,ziyadnz|hourly,2026-08-17T18:48:05Z,2026-08-17T18:48:05Z,
195.96.139.112,ipv4,malicious-ip,medium,WHITE,ziyadnz/hourly-ipv4,ziyadnz|hourly,2026-08-17T18:48:05Z,2026-08-17T18:48:05Z,
195.96.139.113,ipv4,malicious-ip,medium,WHITE,ziyadnz/hourly-ipv4,ziyadnz|hourly,2026-08-17T18:48:05Z,2026-08-17T18:48:05Z,
195.96.139.114,ipv4,malicious-ip,medium,WHITE,ziyadnz/hourly-ipv4,ziyadnz|hourly,2026-08-17T18:48:05Z,2026-08-17T18:48:05Z,
195.96.139.115,ipv4,malicious-ip,medium,WHITE,ziyadnz/hourly-ipv4,ziyadnz|hourly,2026-08-17T18:48:05Z,2026-08-17T18:48:05Z,
195.96.139.116,ipv4,malicious-ip,medium,WHITE,ziyadnz/hourly-ipv4,ziyadnz|hourly,2026-08-17T18:48:05Z,2026-08-17T18:48:05Z,
195.96.139.117,ipv4,malicious-ip,medium,WHITE,ziyadnz/hourly-ipv4,ziyadnz|hourly,2026-08-17T18:48:05Z,2026-08-17T18:48:05Z,
195.96.139.118,ipv4,malicious-ip,medium,WHITE,ziyadnz/hourly-ipv4,ziyadnz|hourly,2026-08-17T18:48:05Z,2026-08-17T18:48:05Z,
195.96.139.119,ipv4,malicious-ip,medium,WHITE,ziyadnz/hourly-ipv4,ziyadnz|hourly,2026-08-17T18:48:05Z,2026-08-17T18:48:05Z,
195.96.139.12,ipv4,malicious-ip,medium,WHITE,ziyadnz/hourly-ipv4,ziyadnz|hourly,2026-08-17T18:48:05Z,2026-08-17T18:48:05Z,
195.96.139.120,ipv4,malicious-ip,medium,WHITE,ziyadnz/hourly-ipv4,ziyadnz|hourly,2026-08-17T18:48:05Z,2026-08-17T18:48:05Z,
195.96.139.121,ipv4,malicious-ip,medium,WHITE,ziyadnz/hourly-ipv4,ziyadnz|hourly,2026-08-17T18:48:05Z,2026-08-17T18:48:05Z,
195.96.139.122,ipv4,malicious-ip,medium,WHITE,ziyadnz/hourly-ipv4,ziyadnz|hourly,2026-08-17T18:48:05Z,2026-08-17T18:48:05Z,
195.96.139.123,ipv4,malicious-ip,medium,WHITE,ziyadnz/hourly-ipv4,ziyadnz|hourly,2026-08-17T18:48:05Z,2026-08-17T18:48:05Z,
195.96.139.124,ipv4,malicious-ip,medium,WHITE,ziyadnz/hourly-ipv4,ziyadnz|hourly,2026-08-17T18:48:05Z,2026-08-17T18:48:05Z,
195.96.139.125,ipv4,malicious-ip,medium,WHITE,ziyadnz/hourly-ipv4,ziyadnz|hourly,2026-08-17T18:48:05Z,2026-08-17T18:48:05Z,
195.96.139.126,ipv4,malicious-ip,medium,WHITE,ziyadnz/hourly-ipv4,ziyadnz|hourly,2026-08-17T18:48:05Z,2026-08-17T18:48:05Z,
195.96.139.127,ipv4,malicious-ip,medium,WHITE,ziyadnz/hourly-ipv4,ziyadnz|hourly,2026-08-17T18:48:05Z,2026-08-17T18:48:05Z,
195.96.139.128,ipv4,malicious-ip,medium,WHITE,ziyadnz/hourly-ipv4,ziyadnz|hourly,2026-08-17T18:48:05Z,2026-08-17T18:48:05Z,
195.96.139.129,ipv4,malicious-ip,medium,WHITE,ziyadnz/hourly-ipv4,ziyadnz|hourly,2026-08-17T18:48:05Z,2026-08-17T18:48:05Z,
195.96.139.13,ipv4,malicious-ip,medium,WHITE,ziyadnz/hourly-ipv4,ziyadnz|hourly,2026-08-17T18:48:05Z,2026-08-17T18:48:05Z,
195.96.139.130,ipv4,malicious-ip,medium,WHITE,ziyadnz/hourly-ipv4,ziyadnz|hourly,2026-08-17T18:48:05Z,2026-08-17T18:48:05Z,
195.96.139.131,ipv4,malicious-ip,medium,WHITE,ziyadnz/hourly-ipv4,ziyadnz|hourly,2026-08-17T18:48:05Z,2026-08-17T18:48:05Z,
195.96.139.132,ipv4,malicious-ip,medium,WHITE,ziyadnz/hourly-ipv4,ziyadnz|hourly,2026-08-17T18:48:05Z,2026-08-17T18:48:05Z,
195.96.139.133,ipv4,malicious-ip,medium,WHITE,ziyadnz/hourly-ipv4,ziyadnz|hourly,2026-08-17T18:48:05Z,2026-08-17T18:48:05Z,
195.96.139.134,ipv4,malicious-ip,medium,WHITE,ziyadnz/hourly-ipv4,ziyadnz|hourly,2026-08-17T18:48:05Z,2026-08-17T18:48:05Z,
195.96.139.135,ipv4,malicious-ip,medium,WHITE,ziyadnz/hourly-ipv4,ziyadnz|hourly,2026-08-17T18:48:05Z,2026-08-17T18:48:05Z,
195.96.139.136,ipv4,malicious-ip,medium,WHITE,ziyadnz/hourly-ipv4,ziyadnz|hourly,2026-08-17T18:48:05Z,2026-08-17T18:48:05Z,
195.96.139.137,ipv4,malicious-ip,medium,WHITE,ziyadnz/hourly-ipv4,ziyadnz|hourly,2026-08-17T18:48:05Z,2026-08-17T18:48:05Z,
195.96.139.138,ipv4,malicious-ip,medium,WHITE,ziyadnz/hourly-ipv4,ziyadnz|hourly,2026-08-17T18:48:05Z,2026-08-17T18:48:05Z,
195.96.139.139,ipv4,malicious-ip,medium,WHITE,ziyadnz/hourly-ipv4,ziyadnz|hourly,2026-08-17T18:48:05Z,2026-08-17T18:48:05Z,
195.96.139.140,ipv4,malicious-ip,medium,WHITE,ziyadnz/hourly-ipv4,ziyadnz|hourly,2026-08-17T18:48:05Z,2026-08-17T18:48:05Z,
195.96.139.141,ipv4,malicious-ip,medium,WHITE,ziyadnz/hourly-ipv4,ziyadnz|hourly,2026-08-17T18:48:05Z,2026-08-17T18:48:05Z,
195.96.139.142,ipv4,malicious-ip,medium,WHITE,ziyadnz/hourly-ipv4,ziyadnz|hourly,2026-08-17T18:48:05Z,2026-08-17T18:48:05Z,
195.96.139.143,ipv4,malicious-ip,medium,WHITE,ziyadnz/hourly-ipv4,ziyadnz|hourly,2026-08-17T18:48:05Z,2026-08-17T18:48:05Z,
195.96.139.144,ipv4,malicious-ip,medium,WHITE,ziyadnz/hourly-ipv4,ziyadnz|hourly,2026-08-17T18:48:05Z,2026-08-17T18:48:05Z,
195.96.139.145,ipv4,malicious-ip,medium,WHITE,ziyadnz/hourly-ipv4,ziyadnz|hourly,2026-08-17T18:48:05Z,2026-08-17T18:48:05Z,
195.96.139.146,ipv4,malicious-ip,medium,WHITE,ziyadnz/hourly-ipv4,ziyadnz|hourly,2026-08-17T18:48:05Z,2026-08-17T18:48:05Z,
195.96.139.147,ipv4,malicious-ip,medium,WHITE,ziyadnz/hourly-ipv4,ziyadnz|hourly,2026-08-17T18:48:05Z,2026-08-17T18:48:05Z,
195.96.139.149,ipv4,malicious-ip,medium,WHITE,ziyadnz/hourly-ipv4,ziyadnz|hourly,2026-08-17T18:48:05Z,2026-08-17T18:48:05Z,
195.96.139.15,ipv4,malicious-ip,medium,WHITE,ziyadnz/hourly-ipv4,ziyadnz|hourly,2026-08-17T18:48:05Z,2026-08-17T18:48:05Z,
195.96.139.150,ipv4,malicious-ip,medium,WHITE,ziyadnz/hourly-ipv4,ziyadnz|hourly,2026-08-17T18:48:05Z,2026-08-17T18:48:05Z,
195.96.139.151,ipv4,malicious-ip,medium,WHITE,ziyadnz/hourly-ipv4,ziyadnz|hourly,2026-08-17T18:48:05Z,2026-08-17T18:48:05Z,
195.96.139.152,ipv4,malicious-ip,medium,WHITE,ziyadnz/hourly-ipv4,ziyadnz|hourly,2026-08-17T18:48:05Z,2026-08-17T18:48:05Z,
195.96.139.153,ipv4,malicious-ip,medium,WHITE,ziyadnz/hourly-ipv4,ziyadnz|hourly,2026-08-17T18:48:05Z,2026-08-17T18:48:05Z,
195.96.139.154,ipv4,malicious-ip,medium,WHITE,ziyadnz/hourly-ipv4,ziyadnz|hourly,2026-08-17T18:48:05Z,2026-08-17T18:48:05Z,
195.96.139.155,ipv4,malicious-ip,medium,WHITE,ziyadnz/hourly-ipv4,ziyadnz|hourly,2026-08-17T18:48:05Z,2026-08-17T18:48:05Z,
195.96.139.156,ipv4,malicious-ip,medium,WHITE,ziyadnz/hourly-ipv4,ziyadnz|hourly,2026-08-17T18:48:05Z,2026-08-17T18:48:05Z,
195.96.139.158,ipv4,malicious-ip,medium,WHITE,ziyadnz/hourly-ipv4,ziyadnz|hourly,2026-08-17T18:48:05Z,2026-08-17T18:48:05Z,
195.96.139.159,ipv4,malicious-ip,medium,WHITE,ziyadnz/hourly-ipv4,ziyadnz|hourly,2026-08-17T18:48:05Z,2026-08-17T18:48:05Z,
195.96.139.16,ipv4,malicious-ip,medium,WHITE,ziyadnz/hourly-ipv4,ziyadnz|hourly,2026-08-17T18:48:05Z,2026-08-17T18:48:05Z,
195.96.139.160,ipv4,malicious-ip,medium,WHITE,ziyadnz/hourly-ipv4,ziyadnz|hourly,2026-08-17T18:48:05Z,2026-08-17T18:48:05Z,
195.96.139.161,ipv4,malicious-ip,medium,WHITE,ziyadnz/hourly-ipv4,ziyadnz|hourly,2026-08-17T18:48:05Z,2026-08-17T18:48:05Z,
195.96.139.162,ipv4,malicious-ip,medium,WHITE,ziyadnz/hourly-ipv4,ziyadnz|hourly,2026-08-17T18:48:05Z,2026-08-17T18:48:05Z,
195.96.139.164,ipv4,malicious-ip,medium,WHITE,ziyadnz/hourly-ipv4,ziyadnz|hourly,2026-08-17T18:48:05Z,2026-08-17T18:48:05Z,
195.96.139.165,ipv4,malicious-ip,medium,WHITE,ziyadnz/hourly-ipv4,ziyadnz|hourly,2026-08-17T18:48:05Z,2026-08-17T18:48:05Z,
195.96.139.166,ipv4,malicious-ip,medium,WHITE,ziyadnz/hourly-ipv4,ziyadnz|hourly,2026-08-17T18:48:05Z,2026-08-17T18:48:05Z,
195.96.139.167,ipv4,malicious-ip,medium,WHITE,ziyadnz/hourly-ipv4,ziyadnz|hourly,2026-08-17T18:48:05Z,2026-08-17T18:48:05Z,
195.96.139.168,ipv4,malicious-ip,medium,WHITE,ziyadnz/hourly-ipv4,ziyadnz|hourly,2026-08-17T18:48:05Z,2026-08-17T18:48:05Z,
195.96.139.169,ipv4,malicious-ip,medium,WHITE,ziyadnz/hourly-ipv4,ziyadnz|hourly,2026-08-17T18:48:05Z,2026-08-17T18:48:05Z,
195.96.139.17,ipv4,malicious-ip,medium,WHITE,ziyadnz/hourly-ipv4,ziyadnz|hourly,2026-08-17T18:48:05Z,2026-08-17T18:48:05Z,
195.96.139.170,ipv4,malicious-ip,medium,WHITE,ziyadnz/hourly-ipv4,ziyadnz|hourly,2026-08-17T18:48:05Z,2026-08-17T18:48:05Z,
195.96.139.171,ipv4,malicious-ip,medium,WHITE,ziyadnz/hourly-ipv4,ziyadnz|hourly,2026-08-17T18:48:05Z,2026-08-17T18:48:05Z,
195.96.139.172,ipv4,malicious-ip,medium,WHITE,ziyadnz/hourly-ipv4,ziyadnz|hourly,2026-08-17T18:48:05Z,2026-08-17T18:48:05Z,
195.96.139.173,ipv4,malicious-ip,medium,WHITE,ziyadnz/hourly-ipv4,ziyadnz|hourly,2026-08-17T18:48:05Z,2026-08-17T18:48:05Z,
195.96.139.174,ipv4,malicious-ip,medium,WHITE,ziyadnz/hourly-ipv4,ziyadnz|hourly,2026-08-17T18:48:05Z,2026-08-17T18:48:05Z,
195.96.139.175,ipv4,malicious-ip,medium,WHITE,ziyadnz/hourly-ipv4,ziyadnz|hourly,2026-08-17T18:48:05Z,2026-08-17T18:48:05Z,
195.96.139.176,ipv4,malicious-ip,medium,WHITE,ziyadnz/hourly-ipv4,ziyadnz|hourly,2026-08-17T18:48:05Z,2026-08-17T18:48:05Z,
195.96.139.177,ipv4,malicious-ip,medium,WHITE,ziyadnz/hourly-ipv4,ziyadnz|hourly,2026-08-17T18:48:05Z,2026-08-17T18:48:05Z,
195.96.139.178,ipv4,malicious-ip,medium,WHITE,ziyadnz/hourly-ipv4,ziyadnz|hourly,2026-08-17T18:48:05Z,2026-08-17T18:48:05Z,
195.96.139.179,ipv4,malicious-ip,medium,WHITE,ziyadnz/hourly-ipv4,ziyadnz|hourly,2026-08-17T18:48:05Z,2026-08-17T18:48:05Z,
195.96.139.18,ipv4,malicious-ip,medium,WHITE,ziyadnz/hourly-ipv4,ziyadnz|hourly,2026-08-17T18:48:05Z,2026-08-17T18:48:05Z,
195.96.139.180,ipv4,malicious-ip,medium,WHITE,ziyadnz/hourly-ipv4,ziyadnz|hourly,2026-08-17T18:48:05Z,2026-08-17T18:48:05Z,
195.96.139.181,ipv4,malicious-ip,medium,WHITE,ziyadnz/hourly-ipv4,ziyadnz|hourly,2026-08-17T18:48:05Z,2026-08-17T18:48:05Z,
195.96.139.182,ipv4,malicious-ip,medium,WHITE,ziyadnz/hourly-ipv4,ziyadnz|hourly,2026-08-17T18:48:05Z,2026-08-17T18:48:05Z,
195.96.139.183,ipv4,malicious-ip,medium,WHITE,ziyadnz/hourly-ipv4,ziyadnz|hourly,2026-08-17T18:48:05Z,2026-08-17T18:48:05Z,
195.96.139.184,ipv4,malicious-ip,medium,WHITE,ziyadnz/hourly-ipv4,ziyadnz|hourly,2026-08-17T18:48:05Z,2026-08-17T18:48:05Z,
195.96.139.185,ipv4,malicious-ip,medium,WHITE,ziyadnz/hourly-ipv4,ziyadnz|hourly,2026-08-17T18:48:05Z,2026-08-17T18:48:05Z,
195.96.139.186,ipv4,malicious-ip,medium,WHITE,ziyadnz/hourly-ipv4,ziyadnz|hourly,2026-08-17T18:48:05Z,2026-08-17T18:48:05Z,
195.96.139.187,ipv4,malicious-ip,medium,WHITE,ziyadnz/hourly-ipv4,ziyadnz|hourly,2026-08-17T18:48:05Z,2026-08-17T18:48:05Z,
195.96.139.188,ipv4,malicious-ip,medium,WHITE,ziyadnz/hourly-ipv4,ziyadnz|hourly,2026-08-17T18:48:05Z,2026-08-17T18:48:05Z,
195.96.139.189,ipv4,malicious-ip,medium,WHITE,ziyadnz/hourly-ipv4,ziyadnz|hourly,2026-08-17T18:48:05Z,2026-08-17T18:48:05Z,
195.96.139.19,ipv4,malicious-ip,medium,WHITE,ziyadnz/hourly-ipv4,ziyadnz|hourly,2026-08-17T18:48:05Z,2026-08-17T18:48:05Z,
195.96.139.191,ipv4,malicious-ip,medium,WHITE,ziyadnz/hourly-ipv4,ziyadnz|hourly,2026-08-17T18:48:05Z,2026-08-17T18:48:05Z,
195.96.139.192,ipv4,malicious-ip,medium,WHITE,ziyadnz/hourly-ipv4,ziyadnz|hourly,2026-08-17T18:48:05Z,2026-08-17T18:48:05Z,
195.96.139.193,ipv4,malicious-ip,medium,WHITE,ziyadnz/hourly-ipv4,ziyadnz|hourly,2026-08-17T18:48:05Z,2026-08-17T18:48:05Z,
195.96.139.194,ipv4,malicious-ip,medium,WHITE,ziyadnz/hourly-ipv4,ziyadnz|hourly,2026-08-17T18:48:05Z,2026-08-17T18:48:05Z,
195.96.139.195,ipv4,malicious-ip,medium,WHITE,ziyadnz/hourly-ipv4,ziyadnz|hourly,2026-08-17T18:48:05Z,2026-08-17T18:48:05Z,
195.96.139.196,ipv4,malicious-ip,medium,WHITE,ziyadnz/hourly-ipv4,ziyadnz|hourly,2026-08-17T18:48:05Z,2026-08-17T18:48:05Z,
195.96.139.198,ipv4,malicious-ip,medium,WHITE,ziyadnz/hourly-ipv4,ziyadnz|hourly,2026-08-17T18:48:05Z,2026-08-17T18:48:05Z,
195.96.139.199,ipv4,malicious-ip,medium,WHITE,ziyadnz/hourly-ipv4,ziyadnz|hourly,2026-08-17T18:48:05Z,2026-08-17T18:48:05Z,
195.96.139.2,ipv4,malicious-ip,medium,WHITE,ziyadnz/hourly-ipv4,ziyadnz|hourly,2026-08-17T18:48:05Z,2026-08-17T18:48:05Z,
195.96.139.20,ipv4,malicious-ip,medium,WHITE,ziyadnz/hourly-ipv4,ziyadnz|hourly,2026-08-17T18:48:05Z,2026-08-17T18:48:05Z,
195.96.139.200,ipv4,malicious-ip,medium,WHITE,ziyadnz/hourly-ipv4,ziyadnz|hourly,2026-08-17T18:48:05Z,2026-08-17T18:48:05Z,
195.96.139.201,ipv4,malicious-ip,medium,WHITE,ziyadnz/hourly-ipv4,ziyadnz|hourly,2026-08-17T18:48:05Z,2026-08-17T18:48:05Z,
195.96.139.202,ipv4,malicious-ip,medium,WHITE,ziyadnz/hourly-ipv4,ziyadnz|hourly,2026-08-17T18:48:05Z,2026-08-17T18:48:05Z,
195.96.139.203,ipv4,malicious-ip,medium,WHITE,ziyadnz/hourly-ipv4,ziyadnz|hourly,2026-08-17T18:48:05Z,2026-08-17T18:48:05Z,
195.96.139.205,ipv4,malicious-ip,medium,WHITE,ziyadnz/hourly-ipv4,ziyadnz|hourly,2026-08-17T18:48:05Z,2026-08-17T18:48:05Z,
195.96.139.207,ipv4,malicious-ip,medium,WHITE,ziyadnz/hourly-ipv4,ziyadnz|hourly,2026-08-17T18:48:05Z,2026-08-17T18:48:05Z,
195.96.139.208,ipv4,malicious-ip,medium,WHITE,ziyadnz/hourly-ipv4,ziyadnz|hourly,2026-08-17T18:48:05Z,2026-08-17T18:48:05Z,
195.96.139.209,ipv4,malicious-ip,medium,WHITE,ziyadnz/hourly-ipv4,ziyadnz|hourly,2026-08-17T18:48:05Z,2026-08-17T18:48:05Z,
195.96.139.210,ipv4,malicious-ip,medium,WHITE,ziyadnz/hourly-ipv4,ziyadnz|hourly,2026-08-17T18:48:05Z,2026-08-17T18:48:05Z,
195.96.139.211,ipv4,malicious-ip,medium,WHITE,ziyadnz/hourly-ipv4,ziyadnz|hourly,2026-08-17T18:48:05Z,2026-08-17T18:48:05Z,
195.96.139.213,ipv4,malicious-ip,medium,WHITE,ziyadnz/hourly-ipv4,ziyadnz|hourly,2026-08-17T18:48:05Z,2026-08-17T18:48:05Z,
195.96.139.214,ipv4,malicious-ip,medium,WHITE,ziyadnz/hourly-ipv4,ziyadnz|hourly,2026-08-17T18:48:05Z,2026-08-17T18:48:05Z,
195.96.139.215,ipv4,malicious-ip,medium,WHITE,ziyadnz/hourly-ipv4,ziyadnz|hourly,2026-08-17T18:48:05Z,2026-08-17T18:48:05Z,
195.96.139.216,ipv4,malicious-ip,medium,WHITE,ziyadnz/hourly-ipv4,ziyadnz|hourly,2026-08-17T18:48:05Z,2026-08-17T18:48:05Z,
195.96.139.217,ipv4,malicious-ip,medium,WHITE,ziyadnz/hourly-ipv4,ziyadnz|hourly,2026-08-17T18:48:05Z,2026-08-17T18:48:05Z,
195.96.139.218,ipv4,malicious-ip,medium,WHITE,ziyadnz/hourly-ipv4,ziyadnz|hourly,2026-08-17T18:48:05Z,2026-08-17T18:48:05Z,
195.96.139.219,ipv4,malicious-ip,medium,WHITE,ziyadnz/hourly-ipv4,ziyadnz|hourly,2026-08-17T18:48:05Z,2026-08-17T18:48:05Z,
195.96.139.22,ipv4,malicious-ip,medium,WHITE,ziyadnz/hourly-ipv4,ziyadnz|hourly,2026-08-17T18:48:05Z,2026-08-17T18:48:05Z,
195.96.139.220,ipv4,malicious-ip,medium,WHITE,ziyadnz/hourly-ipv4,ziyadnz|hourly,2026-08-17T18:48:05Z,2026-08-17T18:48:05Z,
195.96.139.221,ipv4,malicious-ip,medium,WHITE,ziyadnz/hourly-ipv4,ziyadnz|hourly,2026-08-17T18:48:05Z,2026-08-17T18:48:05Z,
195.96.139.222,ipv4,malicious-ip,medium,WHITE,ziyadnz/hourly-ipv4,ziyadnz|hourly,2026-08-17T18:48:05Z,2026-08-17T18:48:05Z,
195.96.139.223,ipv4,malicious-ip,medium,WHITE,ziyadnz/hourly-ipv4,ziyadnz|hourly,2026-08-17T18:48:05Z,2026-08-17T18:48:05Z,
195.96.139.224,ipv4,malicious-ip,medium,WHITE,ziyadnz/hourly-ipv4,ziyadnz|hourly,2026-08-17T18:48:05Z,2026-08-17T18:48:05Z,
195.96.139.225,ipv4,malicious-ip,medium,WHITE,ziyadnz/hourly-ipv4,ziyadnz|hourly,2026-08-17T18:48:05Z,2026-08-17T18:48:05Z,
195.96.139.226,ipv4,malicious-ip,medium,WHITE,ziyadnz/hourly-ipv4,ziyadnz|hourly,2026-08-17T18:48:05Z,2026-08-17T18:48:05Z,
195.96.139.227,ipv4,malicious-ip,medium,WHITE,ziyadnz/hourly-ipv4,ziyadnz|hourly,2026-08-17T18:48:05Z,2026-08-17T18:48:05Z,
195.96.139.228,ipv4,malicious-ip,medium,WHITE,ziyadnz/hourly-ipv4,ziyadnz|hourly,2026-08-17T18:48:05Z,2026-08-17T18:48:05Z,
195.96.139.229,ipv4,malicious-ip,medium,WHITE,ziyadnz/hourly-ipv4,ziyadnz|hourly,2026-08-17T18:48:05Z,2026-08-17T18:48:05Z,
195.96.139.23,ipv4,malicious-ip,medium,WHITE,ziyadnz/hourly-ipv4,ziyadnz|hourly,2026-08-17T18:48:05Z,2026-08-17T18:48:05Z,
195.96.139.230,ipv4,malicious-ip,medium,WHITE,ziyadnz/hourly-ipv4,ziyadnz|hourly,2026-08-17T18:48:05Z,2026-08-17T18:48:05Z,
195.96.139.231,ipv4,malicious-ip,medium,WHITE,ziyadnz/hourly-ipv4,ziyadnz|hourly,2026-08-17T18:48:05Z,2026-08-17T18:48:05Z,
195.96.139.232,ipv4,malicious-ip,medium,WHITE,ziyadnz/hourly-ipv4,ziyadnz|hourly,2026-08-17T18:48:05Z,2026-08-17T18:48:05Z,
195.96.139.233,ipv4,malicious-ip,medium,WHITE,ziyadnz/hourly-ipv4,ziyadnz|hourly,2026-08-17T18:48:05Z,2026-08-17T18:48:05Z,
195.96.139.234,ipv4,malicious-ip,medium,WHITE,ziyadnz/hourly-ipv4,ziyadnz|hourly,2026-08-17T18:48:05Z,2026-08-17T18:48:05Z,
195.96.139.235,ipv4,malicious-ip,medium,WHITE,ziyadnz/hourly-ipv4,ziyadnz|hourly,2026-08-17T18:48:05Z,2026-08-17T18:48:05Z,
195.96.139.236,ipv4,malicious-ip,medium,WHITE,ziyadnz/hourly-ipv4,ziyadnz|hourly,2026-08-17T18:48:05Z,2026-08-17T18:48:05Z,
195.96.139.237,ipv4,malicious-ip,medium,WHITE,ziyadnz/hourly-ipv4,ziyadnz|hourly,2026-08-17T18:48:05Z,2026-08-17T18:48:05Z,
195.96.139.238,ipv4,malicious-ip,medium,WHITE,ziyadnz/hourly-ipv4,ziyadnz|hourly,2026-08-17T18:48:05Z,2026-08-17T18:48:05Z,
195.96.139.239,ipv4,malicious-ip,medium,WHITE,ziyadnz/hourly-ipv4,ziyadnz|hourly,2026-08-17T18:48:05Z,2026-08-17T18:48:05Z,
195.96.139.24,ipv4,malicious-ip,medium,WHITE,ziyadnz/hourly-ipv4,ziyadnz|hourly,2026-08-17T18:48:05Z,2026-08-17T18:48:05Z,
195.96.139.241,ipv4,malicious-ip,medium,WHITE,ziyadnz/hourly-ipv4,ziyadnz|hourly,2026-08-17T18:48:05Z,2026-08-17T18:48:05Z,
195.96.139.242,ipv4,malicious-ip,medium,WHITE,ziyadnz/hourly-ipv4,ziyadnz|hourly,2026-08-17T18:48:05Z,2026-08-17T18:48:05Z,
195.96.139.244,ipv4,malicious-ip,medium,WHITE,ziyadnz/hourly-ipv4,ziyadnz|hourly,2026-08-17T18:48:05Z,2026-08-17T18:48:05Z,
195.96.139.245,ipv4,malicious-ip,medium,WHITE,ziyadnz/hourly-ipv4,ziyadnz|hourly,2026-08-17T18:48:05Z,2026-08-17T18:48:05Z,
195.96.139.246,ipv4,malicious-ip,medium,WHITE,ziyadnz/hourly-ipv4,ziyadnz|hourly,2026-08-17T18:48:05Z,2026-08-17T18:48:05Z,
195.96.139.248,ipv4,malicious-ip,medium,WHITE,ziyadnz/hourly-ipv4,ziyadnz|hourly,2026-08-17T18:48:05Z,2026-08-17T18:48:05Z,
195.96.139.249,ipv4,malicious-ip,medium,WHITE,ziyadnz/hourly-ipv4,ziyadnz|hourly,2026-08-17T18:48:05Z,2026-08-17T18:48:05Z,
195.96.139.25,ipv4,malicious-ip,medium,WHITE,ziyadnz/hourly-ipv4,ziyadnz|hourly,2026-08-17T18:48:05Z,2026-08-17T18:48:05Z,
195.96.139.250,ipv4,malicious-ip,medium,WHITE,ziyadnz/hourly-ipv4,ziyadnz|hourly,2026-08-17T18:48:05Z,2026-08-17T18:48:05Z,
195.96.139.251,ipv4,malicious-ip,medium,WHITE,ziyadnz/hourly-ipv4,ziyadnz|hourly,2026-08-17T18:48:05Z,2026-08-17T18:48:05Z,
195.96.139.252,ipv4,malicious-ip,medium,WHITE,ziyadnz/hourly-ipv4,ziyadnz|hourly,2026-08-17T18:48:05Z,2026-08-17T18:48:05Z,
195.96.139.253,ipv4,malicious-ip,medium,WHITE,ziyadnz/hourly-ipv4,ziyadnz|hourly,2026-08-17T18:48:05Z,2026-08-17T18:48:05Z,
195.96.139.26,ipv4,malicious-ip,medium,WHITE,ziyadnz/hourly-ipv4,ziyadnz|hourly,2026-08-17T18:48:05Z,2026-08-17T18:48:05Z,
195.96.139.27,ipv4,malicious-ip,medium,WHITE,ziyadnz/hourly-ipv4,ziyadnz|hourly,2026-08-17T18:48:05Z,2026-08-17T18:48:05Z,
195.96.139.28,ipv4,malicious-ip,medium,WHITE,ziyadnz/hourly-ipv4,ziyadnz|hourly,2026-08-17T18:48:05Z,2026-08-17T18:48:05Z,
195.96.139.29,ipv4,malicious-ip,medium,WHITE,ziyadnz/hourly-ipv4,ziyadnz|hourly,2026-08-17T18:48:05Z,2026-08-17T18:48:05Z,
195.96.139.3,ipv4,malicious-ip,medium,WHITE,ziyadnz/hourly-ipv4,ziyadnz|hourly,2026-08-17T18:48:05Z,2026-08-17T18:48:05Z,
195.96.139.30,ipv4,malicious-ip,medium,WHITE,ziyadnz/hourly-ipv4,ziyadnz|hourly,2026-08-17T18:48:05Z,2026-08-17T18:48:05Z,
195.96.139.31,ipv4,malicious-ip,medium,WHITE,ziyadnz/hourly-ipv4,ziyadnz|hourly,2026-08-17T18:48:05Z,2026-08-17T18:48:05Z,
195.96.139.32,ipv4,malicious-ip,medium,WHITE,ziyadnz/hourly-ipv4,ziyadnz|hourly,2026-08-17T18:48:05Z,2026-08-17T18:48:05Z,
195.96.139.33,ipv4,malicious-ip,medium,WHITE,ziyadnz/hourly-ipv4,ziyadnz|hourly,2026-08-17T18:48:05Z,2026-08-17T18:48:05Z,
195.96.139.34,ipv4,malicious-ip,medium,WHITE,ziyadnz/hourly-ipv4,ziyadnz|hourly,2026-08-17T18:48:05Z,2026-08-17T18:48:05Z,
195.96.139.35,ipv4,malicious-ip,medium,WHITE,ziyadnz/hourly-ipv4,ziyadnz|hourly,2026-08-17T18:48:05Z,2026-08-17T18:48:05Z,
195.96.139.36,ipv4,malicious-ip,medium,WHITE,ziyadnz/hourly-ipv4,ziyadnz|hourly,2026-08-17T18:48:05Z,2026-08-17T18:48:05Z,
195.96.139.37,ipv4,malicious-ip,medium,WHITE,ziyadnz/hourly-ipv4,ziyadnz|hourly,2026-08-17T18:48:05Z,2026-08-17T18:48:05Z,
195.96.139.38,ipv4,malicious-ip,medium,WHITE,ziyadnz/hourly-ipv4,ziyadnz|hourly,2026-08-17T18:48:05Z,2026-08-17T18:48:05Z,
195.96.139.39,ipv4,malicious-ip,medium,WHITE,ziyadnz/hourly-ipv4,ziyadnz|hourly,2026-08-17T18:48:05Z,2026-08-17T18:48:05Z,
195.96.139.4,ipv4,malicious-ip,medium,WHITE,ziyadnz/hourly-ipv4,ziyadnz|hourly,2026-08-17T18:48:05Z,2026-08-17T18:48:05Z,
195.96.139.40,ipv4,malicious-ip,medium,WHITE,ziyadnz/hourly-ipv4,ziyadnz|hourly,2026-08-17T18:48:05Z,2026-08-17T18:48:05Z,
195.96.139.41,ipv4,malicious-ip,medium,WHITE,ziyadnz/hourly-ipv4,ziyadnz|hourly,2026-08-17T18:48:05Z,2026-08-17T18:48:05Z,
195.96.139.42,ipv4,malicious-ip,medium,WHITE,ziyadnz/hourly-ipv4,ziyadnz|hourly,2026-08-17T18:48:05Z,2026-08-17T18:48:05Z,
195.96.139.43,ipv4,malicious-ip,medium,WHITE,ziyadnz/hourly-ipv4,ziyadnz|hourly,2026-08-17T18:48:05Z,2026-08-17T18:48:05Z,
195.96.139.44,ipv4,malicious-ip,medium,WHITE,ziyadnz/hourly-ipv4,ziyadnz|hourly,2026-08-17T18:48:05Z,2026-08-17T18:48:05Z,
195.96.139.45,ipv4,malicious-ip,medium,WHITE,ziyadnz/hourly-ipv4,ziyadnz|hourly,2026-08-17T18:48:05Z,2026-08-17T18:48:05Z,
195.96.139.47,ipv4,malicious-ip,medium,WHITE,ziyadnz/hourly-ipv4,ziyadnz|hourly,2026-08-17T18:48:05Z,2026-08-17T18:48:05Z,
195.96.139.49,ipv4,malicious-ip,medium,WHITE,ziyadnz/hourly-ipv4,ziyadnz|hourly,2026-08-17T18:48:05Z,2026-08-17T18:48:05Z,
195.96.139.5,ipv4,malicious-ip,medium,WHITE,ziyadnz/hourly-ipv4,ziyadnz|hourly,2026-08-17T18:48:05Z,2026-08-17T18:48:05Z,
195.96.139.50,ipv4,malicious-ip,medium,WHITE,ziyadnz/hourly-ipv4,ziyadnz|hourly,2026-08-17T18:48:05Z,2026-08-17T18:48:05Z,
195.96.139.51,ipv4,malicious-ip,medium,WHITE,ziyadnz/hourly-ipv4,ziyadnz|hourly,2026-08-17T18:48:05Z,2026-08-17T18:48:05Z,
195.96.139.52,ipv4,malicious-ip,medium,WHITE,ziyadnz/hourly-ipv4,ziyadnz|hourly,2026-08-17T18:48:05Z,2026-08-17T18:48:05Z,
195.96.139.53,ipv4,malicious-ip,medium,WHITE,ziyadnz/hourly-ipv4,ziyadnz|hourly,2026-08-17T18:48:05Z,2026-08-17T18:48:05Z,
195.96.139.54,ipv4,malicious-ip,medium,WHITE,ziyadnz/hourly-ipv4,ziyadnz|hourly,2026-08-17T18:48:05Z,2026-08-17T18:48:05Z,
195.96.139.55,ipv4,malicious-ip,medium,WHITE,ziyadnz/hourly-ipv4,ziyadnz|hourly,2026-08-17T18:48:05Z,2026-08-17T18:48:05Z,
195.96.139.56,ipv4,malicious-ip,medium,WHITE,ziyadnz/hourly-ipv4,ziyadnz|hourly,2026-08-17T18:48:05Z,2026-08-17T18:48:05Z,
195.96.139.57,ipv4,malicious-ip,medium,WHITE,ziyadnz/hourly-ipv4,ziyadnz|hourly,2026-08-17T18:48:05Z,2026-08-17T18:48:05Z,
195.96.139.58,ipv4,malicious-ip,medium,WHITE,ziyadnz/hourly-ipv4,ziyadnz|hourly,2026-08-17T18:48:05Z,2026-08-17T18:48:05Z,
195.96.139.6,ipv4,malicious-ip,medium,WHITE,ziyadnz/hourly-ipv4,ziyadnz|hourly,2026-08-17T18:48:05Z,2026-08-17T18:48:05Z,
195.96.139.60,ipv4,malicious-ip,medium,WHITE,ziyadnz/hourly-ipv4,ziyadnz|hourly,2026-08-17T18:48:05Z,2026-08-17T18:48:05Z,
195.96.139.61,ipv4,malicious-ip,medium,WHITE,ziyadnz/hourly-ipv4,ziyadnz|hourly,2026-08-17T18:48:05Z,2026-08-17T18:48:05Z,
195.96.139.62,ipv4,malicious-ip,medium,WHITE,ziyadnz/hourly-ipv4,ziyadnz|hourly,2026-08-17T18:48:05Z,2026-08-17T18:48:05Z,
195.96.139.63,ipv4,malicious-ip,medium,WHITE,ziyadnz/hourly-ipv4,ziyadnz|hourly,2026-08-17T18:48:05Z,2026-08-17T18:48:05Z,
195.96.139.64,ipv4,malicious-ip,medium,WHITE,ziyadnz/hourly-ipv4,ziyadnz|hourly,2026-08-17T18:48:05Z,2026-08-17T18:48:05Z,
195.96.139.65,ipv4,malicious-ip,medium,WHITE,ziyadnz/hourly-ipv4,ziyadnz|hourly,2026-08-17T18:48:05Z,2026-08-17T18:48:05Z,
195.96.139.66,ipv4,malicious-ip,medium,WHITE,ziyadnz/hourly-ipv4,ziyadnz|hourly,2026-08-17T18:48:05Z,2026-08-17T18:48:05Z,
195.96.139.67,ipv4,malicious-ip,medium,WHITE,ziyadnz/hourly-ipv4,ziyadnz|hourly,2026-08-17T18:48:05Z,2026-08-17T18:48:05Z,
195.96.139.68,ipv4,malicious-ip,medium,WHITE,ziyadnz/hourly-ipv4,ziyadnz|hourly,2026-08-17T18:48:05Z,2026-08-17T18:48:05Z,
195.96.139.69,ipv4,malicious-ip,medium,WHITE,ziyadnz/hourly-ipv4,ziyadnz|hourly,2026-08-17T18:48:05Z,2026-08-17T18:48:05Z,
195.96.139.7,ipv4,malicious-ip,medium,WHITE,ziyadnz/hourly-ipv4,ziyadnz|hourly,2026-08-17T18:48:05Z,2026-08-17T18:48:05Z,
195.96.139.70,ipv4,malicious-ip,medium,WHITE,ziyadnz/hourly-ipv4,ziyadnz|hourly,2026-08-17T18:48:05Z,2026-08-17T18:48:05Z,
195.96.139.71,ipv4,malicious-ip,medium,WHITE,ziyadnz/hourly-ipv4,ziyadnz|hourly,2026-08-17T18:48:05Z,2026-08-17T18:48:05Z,
195.96.139.72,ipv4,malicious-ip,medium,WHITE,ziyadnz/hourly-ipv4,ziyadnz|hourly,2026-08-17T18:48:05Z,2026-08-17T18:48:05Z,
195.96.139.73,ipv4,malicious-ip,medium,WHITE,ziyadnz/hourly-ipv4,ziyadnz|hourly,2026-08-17T18:48:05Z,2026-08-17T18:48:05Z,
195.96.139.74,ipv4,malicious-ip,medium,WHITE,ziyadnz/hourly-ipv4,ziyadnz|hourly,2026-08-17T18:48:05Z,2026-08-17T18:48:05Z,
195.96.139.75,ipv4,malicious-ip,medium,WHITE,ziyadnz/hourly-ipv4,ziyadnz|hourly,2026-08-17T18:48:05Z,2026-08-17T18:48:05Z,
195.96.139.76,ipv4,malicious-ip,medium,WHITE,ziyadnz/hourly-ipv4,ziyadnz|hourly,2026-08-17T18:48:05Z,2026-08-17T18:48:05Z,
195.96.139.77,ipv4,malicious-ip,medium,WHITE,ziyadnz/hourly-ipv4,ziyadnz|hourly,2026-08-17T18:48:05Z,2026-08-17T18:48:05Z,
195.96.139.78,ipv4,malicious-ip,medium,WHITE,ziyadnz/hourly-ipv4,ziyadnz|hourly,2026-08-17T18:48:05Z,2026-08-17T18:48:05Z,
195.96.139.8,ipv4,malicious-ip,medium,WHITE,ziyadnz/hourly-ipv4,ziyadnz|hourly,2026-08-17T18:48:05Z,2026-08-17T18:48:05Z,
195.96.139.80,ipv4,malicious-ip,medium,WHITE,ziyadnz/hourly-ipv4,ziyadnz|hourly,2026-08-17T18:48:05Z,2026-08-17T18:48:05Z,
195.96.139.81,ipv4,malicious-ip,medium,WHITE,ziyadnz/hourly-ipv4,ziyadnz|hourly,2026-08-17T18:48:05Z,2026-08-17T18:48:05Z,
195.96.139.82,ipv4,malicious-ip,medium,WHITE,ziyadnz/hourly-ipv4,ziyadnz|hourly,2026-08-17T18:48:05Z,2026-08-17T18:48:05Z,
195.96.139.83,ipv4,malicious-ip,medium,WHITE,ziyadnz/hourly-ipv4,ziyadnz|hourly,2026-08-17T18:48:05Z,2026-08-17T18:48:05Z,
195.96.139.84,ipv4,malicious-ip,medium,WHITE,ziyadnz/hourly-ipv4,ziyadnz|hourly,2026-08-17T18:48:05Z,2026-08-17T18:48:05Z,
195.96.139.85,ipv4,malicious-ip,medium,WHITE,ziyadnz/hourly-ipv4,ziyadnz|hourly,2026-08-17T18:48:05Z,2026-08-17T18:48:05Z,
195.96.139.86,ipv4,malicious-ip,medium,WHITE,ziyadnz/hourly-ipv4,ziyadnz|hourly,2026-08-17T18:48:05Z,2026-08-17T18:48:05Z,
195.96.139.87,ipv4,malicious-ip,medium,WHITE,ziyadnz/hourly-ipv4,ziyadnz|hourly,2026-08-17T18:48:05Z,2026-08-17T18:48:05Z,
195.96.139.88,ipv4,malicious-ip,medium,WHITE,ziyadnz/hourly-ipv4,ziyadnz|hourly,2026-08-17T18:48:05Z,2026-08-17T18:48:05Z,
195.96.139.89,ipv4,malicious-ip,medium,WHITE,ziyadnz/hourly-ipv4,ziyadnz|hourly,2026-08-17T18:48:05Z,2026-08-17T18:48:05Z,
195.96.139.9,ipv4,malicious-ip,medium,WHITE,ziyadnz/hourly-ipv4,ziyadnz|hourly,2026-08-17T18:48:05Z,2026-08-17T18:48:05Z,
195.96.139.90,ipv4,malicious-ip,medium,WHITE,ziyadnz/hourly-ipv4,ziyadnz|hourly,2026-08-17T18:48:05Z,2026-08-17T18:48:05Z,
195.96.139.91,ipv4,malicious-ip,medium,WHITE,ziyadnz/hourly-ipv4,ziyadnz|hourly,2026-08-17T18:48:05Z,2026-08-17T18:48:05Z,
195.96.139.92,ipv4,malicious-ip,medium,WHITE,ziyadnz/hourly-ipv4,ziyadnz|hourly,2026-08-17T18:48:05Z,2026-08-17T18:48:05Z,
195.96.139.93,ipv4,malicious-ip,medium,WHITE,ziyadnz/hourly-ipv4,ziyadnz|hourly,2026-08-17T18:48:05Z,2026-08-17T18:48:05Z,
195.96.139.94,ipv4,malicious-ip,medium,WHITE,ziyadnz/hourly-ipv4,ziyadnz|hourly,2026-08-17T18:48:05Z,2026-08-17T18:48:05Z,
195.96.139.95,ipv4,malicious-ip,medium,WHITE,ziyadnz/hourly-ipv4,ziyadnz|hourly,2026-08-17T18:48:05Z,2026-08-17T18:48:05Z,
195.96.139.96,ipv4,malicious-ip,medium,WHITE,ziyadnz/hourly-ipv4,ziyadnz|hourly,2026-08-17T18:48:05Z,2026-08-17T18:48:05Z,
195.96.139.97,ipv4,malicious-ip,medium,WHITE,ziyadnz/hourly-ipv4,ziyadnz|hourly,2026-08-17T18:48:05Z,2026-08-17T18:48:05Z,
195.96.139.98,ipv4,malicious-ip,medium,WHITE,ziyadnz/hourly-ipv4,ziyadnz|hourly,2026-08-17T18:48:05Z,2026-08-17T18:48:05Z,
195.96.139.99,ipv4,malicious-ip,medium,WHITE,ziyadnz/hourly-ipv4,ziyadnz|hourly,2026-08-17T18:48:05Z,2026-08-17T18:48:05Z,
195.96.143.167,ipv4,malicious-ip,medium,WHITE,ziyadnz/hourly-ipv4,ziyadnz|hourly,2026-08-17T18:48:05Z,2026-08-17T18:48:05Z,
195.96.143.194,ipv4,malicious-ip,medium,WHITE,ziyadnz/hourly-ipv4,ziyadnz|hourly,2026-08-17T18:48:05Z,2026-08-17T18:48:05Z,
195.96.143.40,ipv4,malicious-ip,medium,WHITE,ziyadnz/hourly-ipv4,ziyadnz|hourly,2026-08-17T18:48:05Z,2026-08-17T18:48:05Z,
195.96.143.74,ipv4,malicious-ip,medium,WHITE,ziyadnz/hourly-ipv4,ziyadnz|hourly,2026-08-17T18:48:05Z,2026-08-17T18:48:05Z,
195.96.143.76,ipv4,malicious-ip,medium,WHITE,ziyadnz/hourly-ipv4,ziyadnz|hourly,2026-08-17T18:48:05Z,2026-08-17T18:48:05Z,
196.0.10.0,ipv4,malicious-ip,medium,WHITE,ziyadnz/hourly-ipv4,ziyadnz|hourly,2026-08-17T18:48:05Z,2026-08-17T18:48:05Z,
196.0.10.122,ipv4,malicious-ip,medium,WHITE,ziyadnz/hourly-ipv4,ziyadnz|hourly,2026-08-17T18:48:05Z,2026-08-17T18:48:05Z,
196.0.10.18,ipv4,malicious-ip,medium,WHITE,ziyadnz/hourly-ipv4,ziyadnz|hourly,2026-08-17T18:48:05Z,2026-08-17T18:48:05Z,
196.0.10.242,ipv4,malicious-ip,medium,WHITE,ziyadnz/hourly-ipv4,ziyadnz|hourly,2026-08-17T18:48:05Z,2026-08-17T18:48:05Z,
196.0.10.254,ipv4,malicious-ip,medium,WHITE,ziyadnz/hourly-ipv4,ziyadnz|hourly,2026-08-17T18:48:05Z,2026-08-17T18:48:05Z,
196.0.10.54,ipv4,malicious-ip,medium,WHITE,ziyadnz/hourly-ipv4,ziyadnz|hourly,2026-08-17T18:48:05Z,2026-08-17T18:48:05Z,
196.0.10.98,ipv4,malicious-ip,medium,WHITE,ziyadnz/hourly-ipv4,ziyadnz|hourly,2026-08-17T18:48:05Z,2026-08-17T18:48:05Z,
196.0.107.0,ipv4,malicious-ip,medium,WHITE,ziyadnz/hourly-ipv4,ziyadnz|hourly,2026-08-17T18:48:05Z,2026-08-17T18:48:05Z,
196.0.107.106,ipv4,malicious-ip,medium,WHITE,ziyadnz/hourly-ipv4,ziyadnz|hourly,2026-08-17T18:48:05Z,2026-08-17T18:48:05Z,
196.0.107.18,ipv4,malicious-ip,medium,WHITE,ziyadnz/hourly-ipv4,ziyadnz|hourly,2026-08-17T18:48:05Z,2026-08-17T18:48:05Z,
196.0.107.2,ipv4,malicious-ip,medium,WHITE,ziyadnz/hourly-ipv4,ziyadnz|hourly,2026-08-17T18:48:05Z,2026-08-17T18:48:05Z,
196.0.107.246,ipv4,malicious-ip,medium,WHITE,ziyadnz/hourly-ipv4,ziyadnz|hourly,2026-08-17T18:48:05Z,2026-08-17T18:48:05Z,
196.0.107.46,ipv4,malicious-ip,medium,WHITE,ziyadnz/hourly-ipv4,ziyadnz|hourly,2026-08-17T18:48:05Z,2026-08-17T18:48:05Z,
196.0.109.186,ipv4,malicious-ip,medium,WHITE,ziyadnz/hourly-ipv4,ziyadnz|hourly,2026-08-17T18:48:05Z,2026-08-17T18:48:05Z,
196.0.109.254,ipv4,malicious-ip,medium,WHITE,ziyadnz/hourly-ipv4,ziyadnz|hourly,2026-08-17T18:48:05Z,2026-08-17T18:48:05Z,
196.0.11.98,ipv4,malicious-ip,medium,WHITE,ziyadnz/hourly-ipv4,ziyadnz|hourly,2026-08-17T18:48:05Z,2026-08-17T18:48:05Z,
196.0.122.162,ipv4,malicious-ip,medium,WHITE,ziyadnz/hourly-ipv4,ziyadnz|hourly,2026-08-17T18:48:05Z,2026-08-17T18:48:05Z,
196.0.122.182,ipv4,malicious-ip,medium,WHITE,ziyadnz/hourly-ipv4,ziyadnz|hourly,2026-08-17T18:48:05Z,2026-08-17T18:48:05Z,
196.0.122.66,ipv4,malicious-ip,medium,WHITE,ziyadnz/hourly-ipv4,ziyadnz|hourly,2026-08-17T18:48:05Z,2026-08-17T18:48:05Z,
196.0.124.138,ipv4,malicious-ip,medium,WHITE,ziyadnz/hourly-ipv4,ziyadnz|hourly,2026-08-17T18:48:05Z,2026-08-17T18:48:05Z,
196.0.124.146,ipv4,malicious-ip,medium,WHITE,ziyadnz/hourly-ipv4,ziyadnz|hourly,2026-08-17T18:48:05Z,2026-08-17T18:48:05Z,
196.0.124.58,ipv4,malicious-ip,medium,WHITE,ziyadnz/hourly-ipv4,ziyadnz|hourly,2026-08-17T18:48:05Z,2026-08-17T18:48:05Z,
196.0.217.118,ipv4,malicious-ip,medium,WHITE,ziyadnz/hourly-ipv4,ziyadnz|hourly,2026-08-17T18:48:05Z,2026-08-17T18:48:05Z,
196.0.24.114,ipv4,malicious-ip,medium,WHITE,ziyadnz/hourly-ipv4,ziyadnz|hourly,2026-08-17T18:48:05Z,2026-08-17T18:48:05Z,
196.0.24.238,ipv4,malicious-ip,medium,WHITE,ziyadnz/hourly-ipv4,ziyadnz|hourly,2026-08-17T18:48:05Z,2026-08-17T18:48:05Z,
196.0.24.30,ipv4,malicious-ip,medium,WHITE,ziyadnz/hourly-ipv4,ziyadnz|hourly,2026-08-17T18:48:05Z,2026-08-17T18:48:05Z,
196.0.242.54,ipv4,malicious-ip,medium,WHITE,ziyadnz/hourly-ipv4,ziyadnz|hourly,2026-08-17T18:48:05Z,2026-08-17T18:48:05Z,
196.0.27.86,ipv4,malicious-ip,medium,WHITE,ziyadnz/hourly-ipv4,ziyadnz|hourly,2026-08-17T18:48:05Z,2026-08-17T18:48:05Z,
196.0.28.78,ipv4,malicious-ip,medium,WHITE,ziyadnz/hourly-ipv4,ziyadnz|hourly,2026-08-17T18:48:05Z,2026-08-17T18:48:05Z,
196.0.3.188,ipv4,malicious-ip,medium,WHITE,ziyadnz/hourly-ipv4,ziyadnz|hourly,2026-08-17T18:48:05Z,2026-08-17T18:48:05Z,
196.0.33.198,ipv4,malicious-ip,medium,WHITE,ziyadnz/hourly-ipv4,ziyadnz|hourly,2026-08-17T18:48:05Z,2026-08-17T18:48:05Z,
196.0.34.106,ipv4,malicious-ip,medium,WHITE,ziyadnz/hourly-ipv4,ziyadnz|hourly,2026-08-17T18:48:05Z,2026-08-17T18:48:05Z,
196.0.40.130,ipv4,malicious-ip,medium,WHITE,ziyadnz/hourly-ipv4,ziyadnz|hourly,2026-08-17T18:48:05Z,2026-08-17T18:48:05Z,
196.0.45.162,ipv4,malicious-ip,medium,WHITE,ziyadnz/hourly-ipv4,ziyadnz|hourly,2026-08-17T18:48:05Z,2026-08-17T18:48:05Z,
196.0.58.134,ipv4,malicious-ip,medium,WHITE,ziyadnz/hourly-ipv4,ziyadnz|hourly,2026-08-17T18:48:05Z,2026-08-17T18:48:05Z,
196.0.86.58,ipv4,malicious-ip,medium,WHITE,ziyadnz/hourly-ipv4,ziyadnz|hourly,2026-08-17T18:48:05Z,2026-08-17T18:48:05Z,
196.0.87.50,ipv4,malicious-ip,medium,WHITE,ziyadnz/hourly-ipv4,ziyadnz|hourly,2026-08-17T18:48:05Z,2026-08-17T18:48:05Z,
196.0.87.82,ipv4,malicious-ip,medium,WHITE,ziyadnz/hourly-ipv4,ziyadnz|hourly,2026-08-17T18:48:05Z,2026-08-17T18:48:05Z,
196.0.89.130,ipv4,malicious-ip,medium,WHITE,ziyadnz/hourly-ipv4,ziyadnz|hourly,2026-08-17T18:48:05Z,2026-08-17T18:48:05Z,
196.0.89.14,ipv4,malicious-ip,medium,WHITE,ziyadnz/hourly-ipv4,ziyadnz|hourly,2026-08-17T18:48:05Z,2026-08-17T18:48:05Z,
196.0.89.94,ipv4,malicious-ip,medium,WHITE,ziyadnz/hourly-ipv4,ziyadnz|hourly,2026-08-17T18:48:05Z,2026-08-17T18:48:05Z,
196.1.229.147,ipv4,malicious-ip,medium,WHITE,ziyadnz/hourly-ipv4,ziyadnz|hourly,2026-08-17T18:48:05Z,2026-08-17T18:48:05Z,
196.11.179.75,ipv4,malicious-ip,medium,WHITE,ziyadnz/hourly-ipv4,ziyadnz|hourly,2026-08-17T18:48:05Z,2026-08-17T18:48:05Z,
196.11.86.134,ipv4,malicious-ip,medium,WHITE,ziyadnz/hourly-ipv4,ziyadnz|hourly,2026-08-17T18:48:05Z,2026-08-17T18:48:05Z,
196.115.1.20,ipv4,malicious-ip,medium,WHITE,ziyadnz/hourly-ipv4,ziyadnz|hourly,2026-08-17T18:48:05Z,2026-08-17T18:48:05Z,
196.115.107.192,ipv4,malicious-ip,medium,WHITE,ziyadnz/hourly-ipv4,ziyadnz|hourly,2026-08-17T18:48:05Z,2026-08-17T18:48:05Z,
196.115.170.144,ipv4,malicious-ip,medium,WHITE,ziyadnz/hourly-ipv4,ziyadnz|hourly,2026-08-17T18:48:05Z,2026-08-17T18:48:05Z,
196.115.197.208,ipv4,malicious-ip,medium,WHITE,ziyadnz/hourly-ipv4,ziyadnz|hourly,2026-08-17T18:48:05Z,2026-08-17T18:48:05Z,
196.115.21.16,ipv4,malicious-ip,medium,WHITE,ziyadnz/hourly-ipv4,ziyadnz|hourly,2026-08-17T18:48:05Z,2026-08-17T18:48:05Z,
196.115.210.56,ipv4,malicious-ip,medium,WHITE,ziyadnz/hourly-ipv4,ziyadnz|hourly,2026-08-17T18:48:05Z,2026-08-17T18:48:05Z,
196.117.12.142,ipv4,malicious-ip,medium,WHITE,ziyadnz/hourly-ipv4,ziyadnz|hourly,2026-08-17T18:48:05Z,2026-08-17T18:48:05Z,
196.117.170.167,ipv4,malicious-ip,medium,WHITE,ziyadnz/hourly-ipv4,ziyadnz|hourly,2026-08-17T18:48:05Z,2026-08-17T18:48:05Z,
196.117.224.120,ipv4,malicious-ip,medium,WHITE,ziyadnz/hourly-ipv4,ziyadnz|hourly,2026-08-17T18:48:05Z,2026-08-17T18:48:05Z,
196.117.229.190,ipv4,malicious-ip,medium,WHITE,ziyadnz/hourly-ipv4,ziyadnz|hourly,2026-08-17T18:48:05Z,2026-08-17T18:48:05Z,
196.117.36.1,ipv4,malicious-ip,medium,WHITE,ziyadnz/hourly-ipv4,ziyadnz|hourly,2026-08-17T18:48:05Z,2026-08-17T18:48:05Z,
196.117.40.241,ipv4,malicious-ip,medium,WHITE,ziyadnz/hourly-ipv4,ziyadnz|hourly,2026-08-17T18:48:05Z,2026-08-17T18:48:05Z,
196.117.54.20,ipv4,malicious-ip,medium,WHITE,ziyadnz/hourly-ipv4,ziyadnz|hourly,2026-08-17T18:48:05Z,2026-08-17T18:48:05Z,
196.117.6.247,ipv4,malicious-ip,medium,WHITE,ziyadnz/hourly-ipv4,ziyadnz|hourly,2026-08-17T18:48:05Z,2026-08-17T18:48:05Z,
196.118.26.173,ipv4,malicious-ip,medium,WHITE,ziyadnz/hourly-ipv4,ziyadnz|hourly,2026-08-17T18:48:05Z,2026-08-17T18:48:05Z,
196.118.47.83,ipv4,malicious-ip,medium,WHITE,ziyadnz/hourly-ipv4,ziyadnz|hourly,2026-08-17T18:48:05Z,2026-08-17T18:48:05Z,
196.119.109.157,ipv4,malicious-ip,medium,WHITE,ziyadnz/hourly-ipv4,ziyadnz|hourly,2026-08-17T18:48:05Z,2026-08-17T18:48:05Z,
196.119.109.38,ipv4,malicious-ip,medium,WHITE,ziyadnz/hourly-ipv4,ziyadnz|hourly,2026-08-17T18:48:05Z,2026-08-17T18:48:05Z,
196.119.151.74,ipv4,malicious-ip,medium,WHITE,ziyadnz/hourly-ipv4,ziyadnz|hourly,2026-08-17T18:48:05Z,2026-08-17T18:48:05Z,
196.119.152.191,ipv4,malicious-ip,medium,WHITE,ziyadnz/hourly-ipv4,ziyadnz|hourly,2026-08-17T18:48:05Z,2026-08-17T18:48:05Z,
196.119.187.20,ipv4,malicious-ip,medium,WHITE,ziyadnz/hourly-ipv4,ziyadnz|hourly,2026-08-17T18:48:05Z,2026-08-17T18:48:05Z,
196.119.192.62,ipv4,malicious-ip,medium,WHITE,ziyadnz/hourly-ipv4,ziyadnz|hourly,2026-08-17T18:48:05Z,2026-08-17T18:48:05Z,
196.119.222.253,ipv4,malicious-ip,medium,WHITE,ziyadnz/hourly-ipv4,ziyadnz|hourly,2026-08-17T18:48:05Z,2026-08-17T18:48:05Z,
196.119.52.220,ipv4,malicious-ip,medium,WHITE,ziyadnz/hourly-ipv4,ziyadnz|hourly,2026-08-17T18:48:05Z,2026-08-17T18:48:05Z,
196.123.205.164,ipv4,malicious-ip,medium,WHITE,ziyadnz/hourly-ipv4,ziyadnz|hourly,2026-08-17T18:48:05Z,2026-08-17T18:48:05Z,
196.127.184.172,ipv4,malicious-ip,medium,WHITE,ziyadnz/hourly-ipv4,ziyadnz|hourly,2026-08-17T18:48:05Z,2026-08-17T18:48:05Z,
196.127.23.188,ipv4,malicious-ip,medium,WHITE,ziyadnz/hourly-ipv4,ziyadnz|hourly,2026-08-17T18:48:05Z,2026-08-17T18:48:05Z,
196.127.50.37,ipv4,malicious-ip,medium,WHITE,ziyadnz/hourly-ipv4,ziyadnz|hourly,2026-08-17T18:48:05Z,2026-08-17T18:48:05Z,
196.127.52.200,ipv4,malicious-ip,medium,WHITE,ziyadnz/hourly-ipv4,ziyadnz|hourly,2026-08-17T18:48:05Z,2026-08-17T18:48:05Z,
196.127.64.8,ipv4,malicious-ip,medium,WHITE,ziyadnz/hourly-ipv4,ziyadnz|hourly,2026-08-17T18:48:05Z,2026-08-17T18:48:05Z,
196.127.65.188,ipv4,malicious-ip,medium,WHITE,ziyadnz/hourly-ipv4,ziyadnz|hourly,2026-08-17T18:48:05Z,2026-08-17T18:48:05Z,
196.127.66.149,ipv4,malicious-ip,medium,WHITE,ziyadnz/hourly-ipv4,ziyadnz|hourly,2026-08-17T18:48:05Z,2026-08-17T18:48:05Z,
196.127.81.10,ipv4,malicious-ip,medium,WHITE,ziyadnz/hourly-ipv4,ziyadnz|hourly,2026-08-17T18:48:05Z,2026-08-17T18:48:05Z,
196.155.93.1,ipv4,malicious-ip,medium,WHITE,ziyadnz/hourly-ipv4,ziyadnz|hourly,2026-08-17T18:48:05Z,2026-08-17T18:48:05Z,
196.168.127.2,ipv4,malicious-ip,medium,WHITE,ziyadnz/hourly-ipv4,ziyadnz|hourly,2026-08-17T18:48:05Z,2026-08-17T18:48:05Z,
196.170.119.28,ipv4,malicious-ip,medium,WHITE,ziyadnz/hourly-ipv4,ziyadnz|hourly,2026-08-17T18:48:05Z,2026-08-17T18:48:05Z,
196.170.128.64,ipv4,malicious-ip,medium,WHITE,ziyadnz/hourly-ipv4,ziyadnz|hourly,2026-08-17T18:48:05Z,2026-08-17T18:48:05Z,
196.170.20.107,ipv4,malicious-ip,medium,WHITE,ziyadnz/hourly-ipv4,ziyadnz|hourly,2026-08-17T18:48:05Z,2026-08-17T18:48:05Z,
196.170.218.76,ipv4,malicious-ip,medium,WHITE,ziyadnz/hourly-ipv4,ziyadnz|hourly,2026-08-17T18:48:05Z,2026-08-17T18:48:05Z,
196.170.28.215,ipv4,malicious-ip,medium,WHITE,ziyadnz/hourly-ipv4,ziyadnz|hourly,2026-08-17T18:48:05Z,2026-08-17T18:48:05Z,
196.170.84.114,ipv4,malicious-ip,medium,WHITE,ziyadnz/hourly-ipv4,ziyadnz|hourly,2026-08-17T18:48:05Z,2026-08-17T18:48:05Z,
196.171.16.187,ipv4,malicious-ip,medium,WHITE,ziyadnz/hourly-ipv4,ziyadnz|hourly,2026-08-17T18:48:05Z,2026-08-17T18:48:05Z,
196.171.55.114,ipv4,malicious-ip,medium,WHITE,ziyadnz/hourly-ipv4,ziyadnz|hourly,2026-08-17T18:48:05Z,2026-08-17T18:48:05Z,
196.171.61.104,ipv4,malicious-ip,medium,WHITE,ziyadnz/hourly-ipv4,ziyadnz|hourly,2026-08-17T18:48:05Z,2026-08-17T18:48:05Z,
196.171.72.237,ipv4,malicious-ip,medium,WHITE,ziyadnz/hourly-ipv4,ziyadnz|hourly,2026-08-17T18:48:05Z,2026-08-17T18:48:05Z,
196.171.92.117,ipv4,malicious-ip,medium,WHITE,ziyadnz/hourly-ipv4,ziyadnz|hourly,2026-08-17T18:48:05Z,2026-08-17T18:48:05Z,
196.171.94.17,ipv4,malicious-ip,medium,WHITE,ziyadnz/hourly-ipv4,ziyadnz|hourly,2026-08-17T18:48:05Z,2026-08-17T18:48:05Z,
196.175.249.5,ipv4,malicious-ip,medium,WHITE,ziyadnz/hourly-ipv4,ziyadnz|hourly,2026-08-17T18:48:05Z,2026-08-17T18:48:05Z,
196.177.191.171,ipv4,malicious-ip,medium,WHITE,ziyadnz/hourly-ipv4,ziyadnz|hourly,2026-08-17T18:48:05Z,2026-08-17T18:48:05Z,
196.179.236.23,ipv4,malicious-ip,medium,WHITE,ziyadnz/hourly-ipv4,ziyadnz|hourly,2026-08-17T18:48:05Z,2026-08-17T18:48:05Z,
196.179.244.65,ipv4,malicious-ip,medium,WHITE,ziyadnz/hourly-ipv4,ziyadnz|hourly,2026-08-17T18:48:05Z,2026-08-17T18:48:05Z,
196.179.6.44,ipv4,malicious-ip,medium,WHITE,ziyadnz/hourly-ipv4,ziyadnz|hourly,2026-08-17T18:48:05Z,2026-08-17T18:48:05Z,
196.188.114.17,ipv4,malicious-ip,medium,WHITE,ziyadnz/hourly-ipv4,ziyadnz|hourly,2026-08-17T18:48:05Z,2026-08-17T18:48:05Z,
196.188.116.41,ipv4,malicious-ip,medium,WHITE,ziyadnz/hourly-ipv4,ziyadnz|hourly,2026-08-17T18:48:05Z,2026-08-17T18:48:05Z,
196.188.116.56,ipv4,malicious-ip,medium,WHITE,ziyadnz/hourly-ipv4,ziyadnz|hourly,2026-08-17T18:48:05Z,2026-08-17T18:48:05Z,
196.188.12.193,ipv4,malicious-ip,medium,WHITE,ziyadnz/hourly-ipv4,ziyadnz|hourly,2026-08-17T18:48:05Z,2026-08-17T18:48:05Z,
196.188.120.232,ipv4,malicious-ip,medium,WHITE,ziyadnz/hourly-ipv4,ziyadnz|hourly,2026-08-17T18:48:05Z,2026-08-17T18:48:05Z,
196.188.187.45,ipv4,malicious-ip,medium,WHITE,ziyadnz/hourly-ipv4,ziyadnz|hourly,2026-08-17T18:48:05Z,2026-08-17T18:48:05Z,
196.188.230.1,ipv4,malicious-ip,medium,WHITE,ziyadnz/hourly-ipv4,ziyadnz|hourly,2026-08-17T18:48:05Z,2026-08-17T18:48:05Z,
196.188.230.196,ipv4,malicious-ip,medium,WHITE,ziyadnz/hourly-ipv4,ziyadnz|hourly,2026-08-17T18:48:05Z,2026-08-17T18:48:05Z,
196.188.236.13,ipv4,malicious-ip,medium,WHITE,ziyadnz/hourly-ipv4,ziyadnz|hourly,2026-08-17T18:48:05Z,2026-08-17T18:48:05Z,
196.188.253.164,ipv4,malicious-ip,medium,WHITE,ziyadnz/hourly-ipv4,ziyadnz|hourly,2026-08-17T18:48:05Z,2026-08-17T18:48:05Z,
196.188.33.141,ipv4,malicious-ip,medium,WHITE,ziyadnz/hourly-ipv4,ziyadnz|hourly,2026-08-17T18:48:05Z,2026-08-17T18:48:05Z,
196.188.34.98,ipv4,malicious-ip,medium,WHITE,ziyadnz/hourly-ipv4,ziyadnz|hourly,2026-08-17T18:48:05Z,2026-08-17T18:48:05Z,
196.188.36.205,ipv4,malicious-ip,medium,WHITE,ziyadnz/hourly-ipv4,ziyadnz|hourly,2026-08-17T18:48:05Z,2026-08-17T18:48:05Z,
196.188.47.105,ipv4,malicious-ip,medium,WHITE,ziyadnz/hourly-ipv4,ziyadnz|hourly,2026-08-17T18:48:05Z,2026-08-17T18:48:05Z,
196.188.63.205,ipv4,malicious-ip,medium,WHITE,ziyadnz/hourly-ipv4,ziyadnz|hourly,2026-08-17T18:48:05Z,2026-08-17T18:48:05Z,
196.188.93.169,ipv4,malicious-ip,medium,WHITE,ziyadnz/hourly-ipv4,ziyadnz|hourly,2026-08-17T18:48:05Z,2026-08-17T18:48:05Z,
196.189.111.141,ipv4,malicious-ip,medium,WHITE,ziyadnz/hourly-ipv4,ziyadnz|hourly,2026-08-17T18:48:05Z,2026-08-17T18:48:05Z,
196.189.116.182,ipv4,malicious-ip,medium,WHITE,ziyadnz/hourly-ipv4,ziyadnz|hourly,2026-08-17T18:48:05Z,2026-08-17T18:48:05Z,
196.189.126.17,ipv4,malicious-ip,medium,WHITE,ziyadnz/hourly-ipv4,ziyadnz|hourly,2026-08-17T18:48:05Z,2026-08-17T18:48:05Z,
196.189.126.28,ipv4,malicious-ip,medium,WHITE,ziyadnz/hourly-ipv4,ziyadnz|hourly,2026-08-17T18:48:05Z,2026-08-17T18:48:05Z,
196.189.130.72,ipv4,malicious-ip,medium,WHITE,ziyadnz/hourly-ipv4,ziyadnz|hourly,2026-08-17T18:48:05Z,2026-08-17T18:48:05Z,
196.189.236.162,ipv4,malicious-ip,medium,WHITE,ziyadnz/hourly-ipv4,ziyadnz|hourly,2026-08-17T18:48:05Z,2026-08-17T18:48:05Z,
196.189.236.216,ipv4,malicious-ip,medium,WHITE,ziyadnz/hourly-ipv4,ziyadnz|hourly,2026-08-17T18:48:05Z,2026-08-17T18:48:05Z,
196.189.237.172,ipv4,malicious-ip,medium,WHITE,ziyadnz/hourly-ipv4,ziyadnz|hourly,2026-08-17T18:48:05Z,2026-08-17T18:48:05Z,
196.189.237.92,ipv4,malicious-ip,medium,WHITE,ziyadnz/hourly-ipv4,ziyadnz|hourly,2026-08-17T18:48:05Z,2026-08-17T18:48:05Z,
196.189.24.212,ipv4,malicious-ip,medium,WHITE,ziyadnz/hourly-ipv4,ziyadnz|hourly,2026-08-17T18:48:05Z,2026-08-17T18:48:05Z,
196.189.31.88,ipv4,malicious-ip,medium,WHITE,ziyadnz/hourly-ipv4,ziyadnz|hourly,2026-08-17T18:48:05Z,2026-08-17T18:48:05Z,
196.189.51.173,ipv4,malicious-ip,medium,WHITE,ziyadnz/hourly-ipv4,ziyadnz|hourly,2026-08-17T18:48:05Z,2026-08-17T18:48:05Z,
196.189.51.246,ipv4,malicious-ip,medium,WHITE,ziyadnz/hourly-ipv4,ziyadnz|hourly,2026-08-17T18:48:05Z,2026-08-17T18:48:05Z,
196.189.51.4,ipv4,malicious-ip,medium,WHITE,ziyadnz/hourly-ipv4,ziyadnz|hourly,2026-08-17T18:48:05Z,2026-08-17T18:48:05Z,
196.189.54.53,ipv4,malicious-ip,medium,WHITE,ziyadnz/hourly-ipv4,ziyadnz|hourly,2026-08-17T18:48:05Z,2026-08-17T18:48:05Z,
196.189.91.218,ipv4,malicious-ip,medium,WHITE,ziyadnz/hourly-ipv4,ziyadnz|hourly,2026-08-17T18:48:05Z,2026-08-17T18:48:05Z,
196.190.105.170,ipv4,malicious-ip,medium,WHITE,ziyadnz/hourly-ipv4,ziyadnz|hourly,2026-08-17T18:48:05Z,2026-08-17T18:48:05Z,
196.190.121.244,ipv4,malicious-ip,medium,WHITE,ziyadnz/hourly-ipv4,ziyadnz|hourly,2026-08-17T18:48:05Z,2026-08-17T18:48:05Z,
196.190.246.5,ipv4,malicious-ip,medium,WHITE,ziyadnz/hourly-ipv4,ziyadnz|hourly,2026-08-17T18:48:05Z,2026-08-17T18:48:05Z,
196.190.43.161,ipv4,malicious-ip,medium,WHITE,ziyadnz/hourly-ipv4,ziyadnz|hourly,2026-08-17T18:48:05Z,2026-08-17T18:48:05Z,
196.190.43.162,ipv4,malicious-ip,medium,WHITE,ziyadnz/hourly-ipv4,ziyadnz|hourly,2026-08-17T18:48:05Z,2026-08-17T18:48:05Z,
196.191.116.213,ipv4,malicious-ip,medium,WHITE,ziyadnz/hourly-ipv4,ziyadnz|hourly,2026-08-17T18:48:05Z,2026-08-17T18:48:05Z,
196.191.133.60,ipv4,malicious-ip,medium,WHITE,ziyadnz/hourly-ipv4,ziyadnz|hourly,2026-08-17T18:48:05Z,2026-08-17T18:48:05Z,
196.191.151.0,ipv4,malicious-ip,medium,WHITE,ziyadnz/hourly-ipv4,ziyadnz|hourly,2026-08-17T18:48:05Z,2026-08-17T18:48:05Z,
196.191.151.172,ipv4,malicious-ip,medium,WHITE,ziyadnz/hourly-ipv4,ziyadnz|hourly,2026-08-17T18:48:05Z,2026-08-17T18:48:05Z,
196.191.151.2,ipv4,malicious-ip,medium,WHITE,ziyadnz/hourly-ipv4,ziyadnz|hourly,2026-08-17T18:48:05Z,2026-08-17T18:48:05Z,
196.191.221.58,ipv4,malicious-ip,medium,WHITE,ziyadnz/hourly-ipv4,ziyadnz|hourly,2026-08-17T18:48:05Z,2026-08-17T18:48:05Z,
196.191.254.31,ipv4,malicious-ip,medium,WHITE,ziyadnz/hourly-ipv4,ziyadnz|hourly,2026-08-17T18:48:05Z,2026-08-17T18:48:05Z,
196.192.76.6,ipv4,malicious-ip,medium,WHITE,ziyadnz/hourly-ipv4,ziyadnz|hourly,2026-08-17T18:48:05Z,2026-08-17T18:48:05Z,
196.196.150.123,ipv4,malicious-ip,medium,WHITE,ziyadnz/hourly-ipv4,ziyadnz|hourly,2026-08-17T18:48:05Z,2026-08-17T18:48:05Z,
196.196.150.6,ipv4,malicious-ip,medium,WHITE,ziyadnz/hourly-ipv4,ziyadnz|hourly,2026-08-17T18:48:05Z,2026-08-17T18:48:05Z,
196.196.194.238,ipv4,malicious-ip,medium,WHITE,ziyadnz/hourly-ipv4,ziyadnz|hourly,2026-08-17T18:48:05Z,2026-08-17T18:48:05Z,
196.196.196.2,ipv4,malicious-ip,medium,WHITE,ziyadnz/hourly-ipv4,ziyadnz|hourly,2026-08-17T18:48:05Z,2026-08-17T18:48:05Z,
196.196.253.20,ipv4,malicious-ip,medium,WHITE,ziyadnz/hourly-ipv4,ziyadnz|hourly,2026-08-17T18:48:05Z,2026-08-17T18:48:05Z,
196.196.53.12,ipv4,malicious-ip,medium,WHITE,ziyadnz/hourly-ipv4,ziyadnz|hourly,2026-08-17T18:48:05Z,2026-08-17T18:48:05Z,
196.196.53.45,ipv4,malicious-ip,medium,WHITE,ziyadnz/hourly-ipv4,ziyadnz|hourly,2026-08-17T18:48:05Z,2026-08-17T18:48:05Z,
196.196.53.58,ipv4,malicious-ip,medium,WHITE,ziyadnz/hourly-ipv4,ziyadnz|hourly,2026-08-17T18:48:05Z,2026-08-17T18:48:05Z,
196.198.13.152,ipv4,malicious-ip,medium,WHITE,ziyadnz/hourly-ipv4,ziyadnz|hourly,2026-08-17T18:48:05Z,2026-08-17T18:48:05Z,
196.198.13.165,ipv4,malicious-ip,medium,WHITE,ziyadnz/hourly-ipv4,ziyadnz|hourly,2026-08-17T18:48:05Z,2026-08-17T18:48:05Z,
196.199.40.4,ipv4,malicious-ip,medium,WHITE,ziyadnz/hourly-ipv4,ziyadnz|hourly,2026-08-17T18:48:05Z,2026-08-17T18:48:05Z,
196.2.8.42,ipv4,malicious-ip,medium,WHITE,ziyadnz/hourly-ipv4,ziyadnz|hourly,2026-08-17T18:48:05Z,2026-08-17T18:48:05Z,
196.20.72.181,ipv4,malicious-ip,medium,WHITE,ziyadnz/hourly-ipv4,ziyadnz|hourly,2026-08-17T18:48:05Z,2026-08-17T18:48:05Z,
196.200.42.48,ipv4,malicious-ip,medium,WHITE,ziyadnz/hourly-ipv4,ziyadnz|hourly,2026-08-17T18:48:05Z,2026-08-17T18:48:05Z,
196.202.110.41,ipv4,malicious-ip,medium,WHITE,ziyadnz/hourly-ipv4,ziyadnz|hourly,2026-08-17T18:48:05Z,2026-08-17T18:48:05Z,
196.202.127.252,ipv4,malicious-ip,medium,WHITE,ziyadnz/hourly-ipv4,ziyadnz|hourly,2026-08-17T18:48:05Z,2026-08-17T18:48:05Z,
196.202.15.53,ipv4,malicious-ip,medium,WHITE,ziyadnz/hourly-ipv4,ziyadnz|hourly,2026-08-17T18:48:05Z,2026-08-17T18:48:05Z,
196.202.22.6,ipv4,malicious-ip,medium,WHITE,ziyadnz/hourly-ipv4,ziyadnz|hourly,2026-08-17T18:48:05Z,2026-08-17T18:48:05Z,
196.202.4.136,ipv4,malicious-ip,medium,WHITE,ziyadnz/hourly-ipv4,ziyadnz|hourly,2026-08-17T18:48:05Z,2026-08-17T18:48:05Z,
196.202.4.176,ipv4,malicious-ip,medium,WHITE,ziyadnz/hourly-ipv4,ziyadnz|hourly,2026-08-17T18:48:05Z,2026-08-17T18:48:05Z,
196.202.8.240,ipv4,malicious-ip,medium,WHITE,ziyadnz/hourly-ipv4,ziyadnz|hourly,2026-08-17T18:48:05Z,2026-08-17T18:48:05Z,
196.203.166.131,ipv4,malicious-ip,medium,WHITE,ziyadnz/hourly-ipv4,ziyadnz|hourly,2026-08-17T18:48:05Z,2026-08-17T18:48:05Z,
196.203.37.215,ipv4,malicious-ip,medium,WHITE,ziyadnz/hourly-ipv4,ziyadnz|hourly,2026-08-17T18:48:05Z,2026-08-17T18:48:05Z,
196.204.118.42,ipv4,malicious-ip,medium,WHITE,ziyadnz/hourly-ipv4,ziyadnz|hourly,2026-08-17T18:48:05Z,2026-08-17T18:48:05Z,
196.204.120.202,ipv4,malicious-ip,medium,WHITE,ziyadnz/hourly-ipv4,ziyadnz|hourly,2026-08-17T18:48:05Z,2026-08-17T18:48:05Z,
196.206.225.151,ipv4,malicious-ip,medium,WHITE,ziyadnz/hourly-ipv4,ziyadnz|hourly,2026-08-17T18:48:05Z,2026-08-17T18:48:05Z,
196.207.135.181,ipv4,malicious-ip,medium,WHITE,ziyadnz/hourly-ipv4,ziyadnz|hourly,2026-08-17T18:48:05Z,2026-08-17T18:48:05Z,
196.207.157.244,ipv4,malicious-ip,medium,WHITE,ziyadnz/hourly-ipv4,ziyadnz|hourly,2026-08-17T18:48:05Z,2026-08-17T18:48:05Z,
196.207.227.12,ipv4,malicious-ip,medium,WHITE,ziyadnz/hourly-ipv4,ziyadnz|hourly,2026-08-17T18:48:05Z,2026-08-17T18:48:05Z,
196.207.231.136,ipv4,malicious-ip,medium,WHITE,ziyadnz/hourly-ipv4,ziyadnz|hourly,2026-08-17T18:48:05Z,2026-08-17T18:48:05Z,
196.210.188.94,ipv4,malicious-ip,medium,WHITE,ziyadnz/hourly-ipv4,ziyadnz|hourly,2026-08-17T18:48:05Z,2026-08-17T18:48:05Z,
196.210.203.85,ipv4,malicious-ip,medium,WHITE,ziyadnz/hourly-ipv4,ziyadnz|hourly,2026-08-17T18:48:05Z,2026-08-17T18:48:05Z,
196.210.204.244,ipv4,malicious-ip,medium,WHITE,ziyadnz/hourly-ipv4,ziyadnz|hourly,2026-08-17T18:48:05Z,2026-08-17T18:48:05Z,
196.217.177.72,ipv4,malicious-ip,medium,WHITE,ziyadnz/hourly-ipv4,ziyadnz|hourly,2026-08-17T18:48:05Z,2026-08-17T18:48:05Z,
196.217.240.243,ipv4,malicious-ip,medium,WHITE,ziyadnz/hourly-ipv4,ziyadnz|hourly,2026-08-17T18:48:05Z,2026-08-17T18:48:05Z,
196.218.168.211,ipv4,malicious-ip,medium,WHITE,ziyadnz/hourly-ipv4,ziyadnz|hourly,2026-08-17T18:48:05Z,2026-08-17T18:48:05Z,
196.218.201.19,ipv4,malicious-ip,medium,WHITE,ziyadnz/hourly-ipv4,ziyadnz|hourly,2026-08-17T18:48:05Z,2026-08-17T18:48:05Z,
196.218.222.18,ipv4,malicious-ip,medium,WHITE,ziyadnz/hourly-ipv4,ziyadnz|hourly,2026-08-17T18:48:05Z,2026-08-17T18:48:05Z,
196.218.226.26,ipv4,malicious-ip,medium,WHITE,ziyadnz/hourly-ipv4,ziyadnz|hourly,2026-08-17T18:48:05Z,2026-08-17T18:48:05Z,
196.218.3.90,ipv4,malicious-ip,medium,WHITE,ziyadnz/hourly-ipv4,ziyadnz|hourly,2026-08-17T18:48:05Z,2026-08-17T18:48:05Z,
196.218.30.83,ipv4,malicious-ip,medium,WHITE,ziyadnz/hourly-ipv4,ziyadnz|hourly,2026-08-17T18:48:05Z,2026-08-17T18:48:05Z,
196.218.55.114,ipv4,malicious-ip,medium,WHITE,ziyadnz/hourly-ipv4,ziyadnz|hourly,2026-08-17T18:48:05Z,2026-08-17T18:48:05Z,
196.218.61.2,ipv4,malicious-ip,medium,WHITE,ziyadnz/hourly-ipv4,ziyadnz|hourly,2026-08-17T18:48:05Z,2026-08-17T18:48:05Z,
196.218.99.235,ipv4,malicious-ip,medium,WHITE,ziyadnz/hourly-ipv4,ziyadnz|hourly,2026-08-17T18:48:05Z,2026-08-17T18:48:05Z,
196.219.0.170,ipv4,malicious-ip,medium,WHITE,ziyadnz/hourly-ipv4,ziyadnz|hourly,2026-08-17T18:48:05Z,2026-08-17T18:48:05Z,
196.219.124.123,ipv4,malicious-ip,medium,WHITE,ziyadnz/hourly-ipv4,ziyadnz|hourly,2026-08-17T18:48:05Z,2026-08-17T18:48:05Z,
196.219.148.244,ipv4,malicious-ip,medium,WHITE,ziyadnz/hourly-ipv4,ziyadnz|hourly,2026-08-17T18:48:05Z,2026-08-17T18:48:05Z,
196.219.246.12,ipv4,malicious-ip,medium,WHITE,ziyadnz/hourly-ipv4,ziyadnz|hourly,2026-08-17T18:48:05Z,2026-08-17T18:48:05Z,
196.219.72.45,ipv4,malicious-ip,medium,WHITE,ziyadnz/hourly-ipv4,ziyadnz|hourly,2026-08-17T18:48:05Z,2026-08-17T18:48:05Z,
196.219.75.143,ipv4,malicious-ip,medium,WHITE,ziyadnz/hourly-ipv4,ziyadnz|hourly,2026-08-17T18:48:05Z,2026-08-17T18:48:05Z,
196.219.75.149,ipv4,malicious-ip,medium,WHITE,ziyadnz/hourly-ipv4,ziyadnz|hourly,2026-08-17T18:48:05Z,2026-08-17T18:48:05Z,
196.219.80.180,ipv4,malicious-ip,medium,WHITE,ziyadnz/hourly-ipv4,ziyadnz|hourly,2026-08-17T18:48:05Z,2026-08-17T18:48:05Z,
196.221.164.156,ipv4,malicious-ip,medium,WHITE,ziyadnz/hourly-ipv4,ziyadnz|hourly,2026-08-17T18:48:05Z,2026-08-17T18:48:05Z,
196.221.207.125,ipv4,malicious-ip,medium,WHITE,ziyadnz/hourly-ipv4,ziyadnz|hourly,2026-08-17T18:48:05Z,2026-08-17T18:48:05Z,
196.229.67.9,ipv4,malicious-ip,medium,WHITE,ziyadnz/hourly-ipv4,ziyadnz|hourly,2026-08-17T18:48:05Z,2026-08-17T18:48:05Z,
196.234.124.230,ipv4,malicious-ip,medium,WHITE,ziyadnz/hourly-ipv4,ziyadnz|hourly,2026-08-17T18:48:05Z,2026-08-17T18:48:05Z,
196.237.252.205,ipv4,malicious-ip,medium,WHITE,ziyadnz/hourly-ipv4,ziyadnz|hourly,2026-08-17T18:48:05Z,2026-08-17T18:48:05Z,
196.238.111.196,ipv4,malicious-ip,medium,WHITE,ziyadnz/hourly-ipv4,ziyadnz|hourly,2026-08-17T18:48:05Z,2026-08-17T18:48:05Z,
196.238.119.118,ipv4,malicious-ip,medium,WHITE,ziyadnz/hourly-ipv4,ziyadnz|hourly,2026-08-17T18:48:05Z,2026-08-17T18:48:05Z,
196.238.130.253,ipv4,malicious-ip,medium,WHITE,ziyadnz/hourly-ipv4,ziyadnz|hourly,2026-08-17T18:48:05Z,2026-08-17T18:48:05Z,
196.238.152.35,ipv4,malicious-ip,medium,WHITE,ziyadnz/hourly-ipv4,ziyadnz|hourly,2026-08-17T18:48:05Z,2026-08-17T18:48:05Z,
196.238.153.192,ipv4,malicious-ip,medium,WHITE,ziyadnz/hourly-ipv4,ziyadnz|hourly,2026-08-17T18:48:05Z,2026-08-17T18:48:05Z,
196.240.121.110,ipv4,malicious-ip,medium,WHITE,ziyadnz/hourly-ipv4,ziyadnz|hourly,2026-08-17T18:48:05Z,2026-08-17T18:48:05Z,
196.240.143.230,ipv4,malicious-ip,medium,WHITE,ziyadnz/hourly-ipv4,ziyadnz|hourly,2026-08-17T18:48:05Z,2026-08-17T18:48:05Z,
196.249.229.22,ipv4,malicious-ip,medium,WHITE,ziyadnz/hourly-ipv4,ziyadnz|hourly,2026-08-17T18:48:05Z,2026-08-17T18:48:05Z,
196.25.113.220,ipv4,malicious-ip,medium,WHITE,ziyadnz/hourly-ipv4,ziyadnz|hourly,2026-08-17T18:48:05Z,2026-08-17T18:48:05Z,
196.25.190.234,ipv4,malicious-ip,medium,WHITE,ziyadnz/hourly-ipv4,ziyadnz|hourly,2026-08-17T18:48:05Z,2026-08-17T18:48:05Z,
196.250.116.77,ipv4,malicious-ip,medium,WHITE,ziyadnz/hourly-ipv4,ziyadnz|hourly,2026-08-17T18:48:05Z,2026-08-17T18:48:05Z,
196.250.132.111,ipv4,malicious-ip,medium,WHITE,ziyadnz/hourly-ipv4,ziyadnz|hourly,2026-08-17T18:48:05Z,2026-08-17T18:48:05Z,
196.250.200.4,ipv4,malicious-ip,medium,WHITE,ziyadnz/hourly-ipv4,ziyadnz|hourly,2026-08-17T18:48:05Z,2026-08-17T18:48:05Z,
196.251.100.191,ipv4,malicious-ip,medium,WHITE,ziyadnz/hourly-ipv4,ziyadnz|hourly,2026-08-17T18:48:05Z,2026-08-17T18:48:05Z,
196.251.107.130,ipv4,malicious-ip,medium,WHITE,ziyadnz/hourly-ipv4,ziyadnz|hourly,2026-08-17T18:48:05Z,2026-08-17T18:48:05Z,
196.251.107.133,ipv4,malicious-ip,medium,WHITE,ziyadnz/hourly-ipv4,ziyadnz|hourly,2026-08-17T18:48:05Z,2026-08-17T18:48:05Z,
196.251.107.171,ipv4,malicious-ip,medium,WHITE,ziyadnz/hourly-ipv4,ziyadnz|hourly,2026-08-17T18:48:05Z,2026-08-17T18:48:05Z,
196.251.113.139,ipv4,malicious-ip,medium,WHITE,ziyadnz/hourly-ipv4,ziyadnz|hourly,2026-08-17T18:48:05Z,2026-08-17T18:48:05Z,
196.251.114.158,ipv4,malicious-ip,medium,WHITE,ziyadnz/hourly-ipv4,ziyadnz|hourly,2026-08-17T18:48:05Z,2026-08-17T18:48:05Z,
196.251.115.139,ipv4,malicious-ip,medium,WHITE,ziyadnz/hourly-ipv4,ziyadnz|hourly,2026-08-17T18:48:05Z,2026-08-17T18:48:05Z,
196.251.115.187,ipv4,malicious-ip,medium,WHITE,ziyadnz/hourly-ipv4,ziyadnz|hourly,2026-08-17T18:48:05Z,2026-08-17T18:48:05Z,
196.251.115.188,ipv4,malicious-ip,medium,WHITE,ziyadnz/hourly-ipv4,ziyadnz|hourly,2026-08-17T18:48:05Z,2026-08-17T18:48:05Z,
196.251.115.36,ipv4,malicious-ip,medium,WHITE,ziyadnz/hourly-ipv4,ziyadnz|hourly,2026-08-17T18:48:05Z,2026-08-17T18:48:05Z,
196.251.116.232,ipv4,malicious-ip,medium,WHITE,ziyadnz/hourly-ipv4,ziyadnz|hourly,2026-08-17T18:48:05Z,2026-08-17T18:48:05Z,
196.251.116.36,ipv4,malicious-ip,medium,WHITE,ziyadnz/hourly-ipv4,ziyadnz|hourly,2026-08-17T18:48:05Z,2026-08-17T18:48:05Z,
196.251.116.86,ipv4,malicious-ip,medium,WHITE,ziyadnz/hourly-ipv4,ziyadnz|hourly,2026-08-17T18:48:05Z,2026-08-17T18:48:05Z,
196.251.117.179,ipv4,malicious-ip,medium,WHITE,ziyadnz/hourly-ipv4,ziyadnz|hourly,2026-08-17T18:48:05Z,2026-08-17T18:48:05Z,
196.251.118.205,ipv4,malicious-ip,medium,WHITE,ziyadnz/hourly-ipv4,ziyadnz|hourly,2026-08-17T18:48:05Z,2026-08-17T18:48:05Z,
196.251.121.0,ipv4,malicious-ip,medium,WHITE,ziyadnz/hourly-ipv4,ziyadnz|hourly,2026-08-17T18:48:05Z,2026-08-17T18:48:05Z,
196.251.121.101,ipv4,malicious-ip,medium,WHITE,ziyadnz/hourly-ipv4,ziyadnz|hourly,2026-08-17T18:48:05Z,2026-08-17T18:48:05Z,
196.251.121.142,ipv4,malicious-ip,medium,WHITE,ziyadnz/hourly-ipv4,ziyadnz|hourly,2026-08-17T18:48:05Z,2026-08-17T18:48:05Z,
196.251.66.201,ipv4,malicious-ip,medium,WHITE,ziyadnz/hourly-ipv4,ziyadnz|hourly,2026-08-17T18:48:05Z,2026-08-17T18:48:05Z,
196.251.69.118,ipv4,malicious-ip,medium,WHITE,ziyadnz/hourly-ipv4,ziyadnz|hourly,2026-08-17T18:48:05Z,2026-08-17T18:48:05Z,
196.251.69.180,ipv4,malicious-ip,medium,WHITE,ziyadnz/hourly-ipv4,ziyadnz|hourly,2026-08-17T18:48:05Z,2026-08-17T18:48:05Z,
196.251.71.22,ipv4,malicious-ip,medium,WHITE,ziyadnz/hourly-ipv4,ziyadnz|hourly,2026-08-17T18:48:05Z,2026-08-17T18:48:05Z,
196.251.72.110,ipv4,malicious-ip,medium,WHITE,ziyadnz/hourly-ipv4,ziyadnz|hourly,2026-08-17T18:48:05Z,2026-08-17T18:48:05Z,
196.251.72.192,ipv4,malicious-ip,medium,WHITE,ziyadnz/hourly-ipv4,ziyadnz|hourly,2026-08-17T18:48:05Z,2026-08-17T18:48:05Z,
196.251.72.38,ipv4,malicious-ip,medium,WHITE,ziyadnz/hourly-ipv4,ziyadnz|hourly,2026-08-17T18:48:05Z,2026-08-17T18:48:05Z,
196.251.73.215,ipv4,malicious-ip,medium,WHITE,ziyadnz/hourly-ipv4,ziyadnz|hourly,2026-08-17T18:48:05Z,2026-08-17T18:48:05Z,
196.251.73.24,ipv4,malicious-ip,medium,WHITE,ziyadnz/hourly-ipv4,ziyadnz|hourly,2026-08-17T18:48:05Z,2026-08-17T18:48:05Z,
196.251.80.184,ipv4,malicious-ip,medium,WHITE,ziyadnz/hourly-ipv4,ziyadnz|hourly,2026-08-17T18:48:05Z,2026-08-17T18:48:05Z,
196.251.80.231,ipv4,malicious-ip,medium,WHITE,ziyadnz/hourly-ipv4,ziyadnz|hourly,2026-08-17T18:48:05Z,2026-08-17T18:48:05Z,
196.251.83.162,ipv4,malicious-ip,medium,WHITE,ziyadnz/hourly-ipv4,ziyadnz|hourly,2026-08-17T18:48:05Z,2026-08-17T18:48:05Z,
196.251.83.188,ipv4,malicious-ip,medium,WHITE,ziyadnz/hourly-ipv4,ziyadnz|hourly,2026-08-17T18:48:05Z,2026-08-17T18:48:05Z,
196.251.84.144,ipv4,malicious-ip,medium,WHITE,ziyadnz/hourly-ipv4,ziyadnz|hourly,2026-08-17T18:48:05Z,2026-08-17T18:48:05Z,
196.251.84.211,ipv4,malicious-ip,medium,WHITE,ziyadnz/hourly-ipv4,ziyadnz|hourly,2026-08-17T18:48:05Z,2026-08-17T18:48:05Z,
196.251.84.253,ipv4,malicious-ip,medium,WHITE,ziyadnz/hourly-ipv4,ziyadnz|hourly,2026-08-17T18:48:05Z,2026-08-17T18:48:05Z,
196.251.84.7,ipv4,malicious-ip,medium,WHITE,ziyadnz/hourly-ipv4,ziyadnz|hourly,2026-08-17T18:48:05Z,2026-08-17T18:48:05Z,
196.251.85.31,ipv4,malicious-ip,medium,WHITE,ziyadnz/hourly-ipv4,ziyadnz|hourly,2026-08-17T18:48:05Z,2026-08-17T18:48:05Z,
196.251.85.55,ipv4,malicious-ip,medium,WHITE,ziyadnz/hourly-ipv4,ziyadnz|hourly,2026-08-17T18:48:05Z,2026-08-17T18:48:05Z,
196.251.86.13,ipv4,malicious-ip,medium,WHITE,ziyadnz/hourly-ipv4,ziyadnz|hourly,2026-08-17T18:48:05Z,2026-08-17T18:48:05Z,
196.251.86.145,ipv4,malicious-ip,medium,WHITE,ziyadnz/hourly-ipv4,ziyadnz|hourly,2026-08-17T18:48:05Z,2026-08-17T18:48:05Z,
196.251.86.49,ipv4,malicious-ip,medium,WHITE,ziyadnz/hourly-ipv4,ziyadnz|hourly,2026-08-17T18:48:05Z,2026-08-17T18:48:05Z,
196.251.86.50,ipv4,malicious-ip,medium,WHITE,ziyadnz/hourly-ipv4,ziyadnz|hourly,2026-08-17T18:48:05Z,2026-08-17T18:48:05Z,
196.251.87.155,ipv4,malicious-ip,medium,WHITE,ziyadnz/hourly-ipv4,ziyadnz|hourly,2026-08-17T18:48:05Z,2026-08-17T18:48:05Z,
196.251.90.10,ipv4,malicious-ip,medium,WHITE,ziyadnz/hourly-ipv4,ziyadnz|hourly,2026-08-17T18:48:05Z,2026-08-17T18:48:05Z,
196.251.92.78,ipv4,malicious-ip,medium,WHITE,ziyadnz/hourly-ipv4,ziyadnz|hourly,2026-08-17T18:48:05Z,2026-08-17T18:48:05Z,
196.251.93.126,ipv4,malicious-ip,medium,WHITE,ziyadnz/hourly-ipv4,ziyadnz|hourly,2026-08-17T18:48:05Z,2026-08-17T18:48:05Z,
196.26.120.202,ipv4,malicious-ip,medium,WHITE,ziyadnz/hourly-ipv4,ziyadnz|hourly,2026-08-17T18:48:05Z,2026-08-17T18:48:05Z,
196.28.226.66,ipv4,malicious-ip,medium,WHITE,ziyadnz/hourly-ipv4,ziyadnz|hourly,2026-08-17T18:48:05Z,2026-08-17T18:48:05Z,
196.28.237.211,ipv4,malicious-ip,medium,WHITE,ziyadnz/hourly-ipv4,ziyadnz|hourly,2026-08-17T18:48:05Z,2026-08-17T18:48:05Z,
196.28.242.198,ipv4,malicious-ip,medium,WHITE,ziyadnz/hourly-ipv4,ziyadnz|hourly,2026-08-17T18:48:05Z,2026-08-17T18:48:05Z,
196.29.239.218,ipv4,malicious-ip,medium,WHITE,ziyadnz/hourly-ipv4,ziyadnz|hourly,2026-08-17T18:48:05Z,2026-08-17T18:48:05Z,
196.29.34.170,ipv4,malicious-ip,medium,WHITE,ziyadnz/hourly-ipv4,ziyadnz|hourly,2026-08-17T18:48:05Z,2026-08-17T18:48:05Z,
196.31.1.77,ipv4,malicious-ip,medium,WHITE,ziyadnz/hourly-ipv4,ziyadnz|hourly,2026-08-17T18:48:05Z,2026-08-17T18:48:05Z,
196.32.248.100,ipv4,malicious-ip,medium,WHITE,ziyadnz/hourly-ipv4,ziyadnz|hourly,2026-08-17T18:48:05Z,2026-08-17T18:48:05Z,
196.33.226.72,ipv4,malicious-ip,medium,WHITE,ziyadnz/hourly-ipv4,ziyadnz|hourly,2026-08-17T18:48:05Z,2026-08-17T18:48:05Z,
196.39.122.160,ipv4,malicious-ip,medium,WHITE,ziyadnz/hourly-ipv4,ziyadnz|hourly,2026-08-17T18:48:05Z,2026-08-17T18:48:05Z,
196.39.136.178,ipv4,malicious-ip,medium,WHITE,ziyadnz/hourly-ipv4,ziyadnz|hourly,2026-08-17T18:48:05Z,2026-08-17T18:48:05Z,
196.39.202.215,ipv4,malicious-ip,medium,WHITE,ziyadnz/hourly-ipv4,ziyadnz|hourly,2026-08-17T18:48:05Z,2026-08-17T18:48:05Z,
196.39.212.64,ipv4,malicious-ip,medium,WHITE,ziyadnz/hourly-ipv4,ziyadnz|hourly,2026-08-17T18:48:05Z,2026-08-17T18:48:05Z,
196.39.233.189,ipv4,malicious-ip,medium,WHITE,ziyadnz/hourly-ipv4,ziyadnz|hourly,2026-08-17T18:48:05Z,2026-08-17T18:48:05Z,
196.41.37.230,ipv4,malicious-ip,medium,WHITE,ziyadnz/hourly-ipv4,ziyadnz|hourly,2026-08-17T18:48:05Z,2026-08-17T18:48:05Z,
196.41.44.58,ipv4,malicious-ip,medium,WHITE,ziyadnz/hourly-ipv4,ziyadnz|hourly,2026-08-17T18:48:05Z,2026-08-17T18:48:05Z,
196.41.50.190,ipv4,malicious-ip,medium,WHITE,ziyadnz/hourly-ipv4,ziyadnz|hourly,2026-08-17T18:48:05Z,2026-08-17T18:48:05Z,
196.41.51.194,ipv4,malicious-ip,medium,WHITE,ziyadnz/hourly-ipv4,ziyadnz|hourly,2026-08-17T18:48:05Z,2026-08-17T18:48:05Z,
196.41.57.6,ipv4,malicious-ip,medium,WHITE,ziyadnz/hourly-ipv4,ziyadnz|hourly,2026-08-17T18:48:05Z,2026-08-17T18:48:05Z,
196.44.101.234,ipv4,malicious-ip,medium,WHITE,ziyadnz/hourly-ipv4,ziyadnz|hourly,2026-08-17T18:48:05Z,2026-08-17T18:48:05Z,
196.61.243.166,ipv4,malicious-ip,medium,WHITE,ziyadnz/hourly-ipv4,ziyadnz|hourly,2026-08-17T18:48:05Z,2026-08-17T18:48:05Z,
196.61.76.16,ipv4,malicious-ip,medium,WHITE,ziyadnz/hourly-ipv4,ziyadnz|hourly,2026-08-17T18:48:05Z,2026-08-17T18:48:05Z,
196.74.17.232,ipv4,malicious-ip,medium,WHITE,ziyadnz/hourly-ipv4,ziyadnz|hourly,2026-08-17T18:48:05Z,2026-08-17T18:48:05Z,
196.75.32.227,ipv4,malicious-ip,medium,WHITE,ziyadnz/hourly-ipv4,ziyadnz|hourly,2026-08-17T18:48:05Z,2026-08-17T18:48:05Z,
196.77.34.111,ipv4,malicious-ip,medium,WHITE,ziyadnz/hourly-ipv4,ziyadnz|hourly,2026-08-17T18:48:05Z,2026-08-17T18:48:05Z,
196.92.7.247,ipv4,malicious-ip,medium,WHITE,ziyadnz/hourly-ipv4,ziyadnz|hourly,2026-08-17T18:48:05Z,2026-08-17T18:48:05Z,
196.92.7.249,ipv4,malicious-ip,medium,WHITE,ziyadnz/hourly-ipv4,ziyadnz|hourly,2026-08-17T18:48:05Z,2026-08-17T18:48:05Z,
197.0.13.12,ipv4,malicious-ip,medium,WHITE,ziyadnz/hourly-ipv4,ziyadnz|hourly,2026-08-17T18:48:05Z,2026-08-17T18:48:05Z,
197.1.105.135,ipv4,malicious-ip,medium,WHITE,ziyadnz/hourly-ipv4,ziyadnz|hourly,2026-08-17T18:48:05Z,2026-08-17T18:48:05Z,
197.1.133.195,ipv4,malicious-ip,medium,WHITE,ziyadnz/hourly-ipv4,ziyadnz|hourly,2026-08-17T18:48:05Z,2026-08-17T18:48:05Z,
197.1.149.135,ipv4,malicious-ip,medium,WHITE,ziyadnz/hourly-ipv4,ziyadnz|hourly,2026-08-17T18:48:05Z,2026-08-17T18:48:05Z,
197.1.226.83,ipv4,malicious-ip,medium,WHITE,ziyadnz/hourly-ipv4,ziyadnz|hourly,2026-08-17T18:48:05Z,2026-08-17T18:48:05Z,
197.1.70.243,ipv4,malicious-ip,medium,WHITE,ziyadnz/hourly-ipv4,ziyadnz|hourly,2026-08-17T18:48:05Z,2026-08-17T18:48:05Z,
197.10.135.26,ipv4,malicious-ip,medium,WHITE,ziyadnz/hourly-ipv4,ziyadnz|hourly,2026-08-17T18:48:05Z,2026-08-17T18:48:05Z,
197.101.122.241,ipv4,malicious-ip,medium,WHITE,ziyadnz/hourly-ipv4,ziyadnz|hourly,2026-08-17T18:48:05Z,2026-08-17T18:48:05Z,
197.101.198.57,ipv4,malicious-ip,medium,WHITE,ziyadnz/hourly-ipv4,ziyadnz|hourly,2026-08-17T18:48:05Z,2026-08-17T18:48:05Z,
197.120.68.64,ipv4,malicious-ip,medium,WHITE,ziyadnz/hourly-ipv4,ziyadnz|hourly,2026-08-17T18:48:05Z,2026-08-17T18:48:05Z,
197.133.108.212,ipv4,malicious-ip,medium,WHITE,ziyadnz/hourly-ipv4,ziyadnz|hourly,2026-08-17T18:48:05Z,2026-08-17T18:48:05Z,
197.135.191.169,ipv4,malicious-ip,medium,WHITE,ziyadnz/hourly-ipv4,ziyadnz|hourly,2026-08-17T18:48:05Z,2026-08-17T18:48:05Z,
197.138.129.15,ipv4,malicious-ip,medium,WHITE,ziyadnz/hourly-ipv4,ziyadnz|hourly,2026-08-17T18:48:05Z,2026-08-17T18:48:05Z,
197.140.11.157,ipv4,malicious-ip,medium,WHITE,ziyadnz/hourly-ipv4,ziyadnz|hourly,2026-08-17T18:48:05Z,2026-08-17T18:48:05Z,
197.140.18.248,ipv4,malicious-ip,medium,WHITE,ziyadnz/hourly-ipv4,ziyadnz|hourly,2026-08-17T18:48:05Z,2026-08-17T18:48:05Z,
197.144.92.152,ipv4,malicious-ip,medium,WHITE,ziyadnz/hourly-ipv4,ziyadnz|hourly,2026-08-17T18:48:05Z,2026-08-17T18:48:05Z,
197.144.97.211,ipv4,malicious-ip,medium,WHITE,ziyadnz/hourly-ipv4,ziyadnz|hourly,2026-08-17T18:48:05Z,2026-08-17T18:48:05Z,
197.145.214.108,ipv4,malicious-ip,medium,WHITE,ziyadnz/hourly-ipv4,ziyadnz|hourly,2026-08-17T18:48:05Z,2026-08-17T18:48:05Z,
197.146.209.156,ipv4,malicious-ip,medium,WHITE,ziyadnz/hourly-ipv4,ziyadnz|hourly,2026-08-17T18:48:05Z,2026-08-17T18:48:05Z,
197.147.227.234,ipv4,malicious-ip,medium,WHITE,ziyadnz/hourly-ipv4,ziyadnz|hourly,2026-08-17T18:48:05Z,2026-08-17T18:48:05Z,
197.148.33.59,ipv4,malicious-ip,medium,WHITE,ziyadnz/hourly-ipv4,ziyadnz|hourly,2026-08-17T18:48:05Z,2026-08-17T18:48:05Z,
197.148.46.128,ipv4,malicious-ip,medium,WHITE,ziyadnz/hourly-ipv4,ziyadnz|hourly,2026-08-17T18:48:05Z,2026-08-17T18:48:05Z,
197.153.56.9,ipv4,malicious-ip,medium,WHITE,ziyadnz/hourly-ipv4,ziyadnz|hourly,2026-08-17T18:48:05Z,2026-08-17T18:48:05Z,
197.153.58.78,ipv4,malicious-ip,medium,WHITE,ziyadnz/hourly-ipv4,ziyadnz|hourly,2026-08-17T18:48:05Z,2026-08-17T18:48:05Z,
197.153.71.12,ipv4,malicious-ip,medium,WHITE,ziyadnz/hourly-ipv4,ziyadnz|hourly,2026-08-17T18:48:05Z,2026-08-17T18:48:05Z,
197.155.41.152,ipv4,malicious-ip,medium,WHITE,ziyadnz/hourly-ipv4,ziyadnz|hourly,2026-08-17T18:48:05Z,2026-08-17T18:48:05Z,
197.155.42.213,ipv4,malicious-ip,medium,WHITE,ziyadnz/hourly-ipv4,ziyadnz|hourly,2026-08-17T18:48:05Z,2026-08-17T18:48:05Z,
197.155.74.94,ipv4,malicious-ip,medium,WHITE,ziyadnz/hourly-ipv4,ziyadnz|hourly,2026-08-17T18:48:05Z,2026-08-17T18:48:05Z,
197.156.83.94,ipv4,malicious-ip,medium,WHITE,ziyadnz/hourly-ipv4,ziyadnz|hourly,2026-08-17T18:48:05Z,2026-08-17T18:48:05Z,
197.156.93.91,ipv4,malicious-ip,medium,WHITE,ziyadnz/hourly-ipv4,ziyadnz|hourly,2026-08-17T18:48:05Z,2026-08-17T18:48:05Z,
197.157.194.118,ipv4,malicious-ip,medium,WHITE,ziyadnz/hourly-ipv4,ziyadnz|hourly,2026-08-17T18:48:05Z,2026-08-17T18:48:05Z,
197.157.195.199,ipv4,malicious-ip,medium,WHITE,ziyadnz/hourly-ipv4,ziyadnz|hourly,2026-08-17T18:48:05Z,2026-08-17T18:48:05Z,
197.160.48.63,ipv4,malicious-ip,medium,WHITE,ziyadnz/hourly-ipv4,ziyadnz|hourly,2026-08-17T18:48:05Z,2026-08-17T18:48:05Z,
197.160.51.32,ipv4,malicious-ip,medium,WHITE,ziyadnz/hourly-ipv4,ziyadnz|hourly,2026-08-17T18:48:05Z,2026-08-17T18:48:05Z,
197.162.154.106,ipv4,malicious-ip,medium,WHITE,ziyadnz/hourly-ipv4,ziyadnz|hourly,2026-08-17T18:48:05Z,2026-08-17T18:48:05Z,
197.167.61.66,ipv4,malicious-ip,medium,WHITE,ziyadnz/hourly-ipv4,ziyadnz|hourly,2026-08-17T18:48:05Z,2026-08-17T18:48:05Z,
197.17.121.46,ipv4,malicious-ip,medium,WHITE,ziyadnz/hourly-ipv4,ziyadnz|hourly,2026-08-17T18:48:05Z,2026-08-17T18:48:05Z,
197.17.71.84,ipv4,malicious-ip,medium,WHITE,ziyadnz/hourly-ipv4,ziyadnz|hourly,2026-08-17T18:48:05Z,2026-08-17T18:48:05Z,
197.184.118.30,ipv4,malicious-ip,medium,WHITE,ziyadnz/hourly-ipv4,ziyadnz|hourly,2026-08-17T18:48:05Z,2026-08-17T18:48:05Z,
197.184.171.74,ipv4,malicious-ip,medium,WHITE,ziyadnz/hourly-ipv4,ziyadnz|hourly,2026-08-17T18:48:05Z,2026-08-17T18:48:05Z,
197.185.131.199,ipv4,malicious-ip,medium,WHITE,ziyadnz/hourly-ipv4,ziyadnz|hourly,2026-08-17T18:48:05Z,2026-08-17T18:48:05Z,
197.185.133.71,ipv4,malicious-ip,medium,WHITE,ziyadnz/hourly-ipv4,ziyadnz|hourly,2026-08-17T18:48:05Z,2026-08-17T18:48:05Z,
197.185.176.61,ipv4,malicious-ip,medium,WHITE,ziyadnz/hourly-ipv4,ziyadnz|hourly,2026-08-17T18:48:05Z,2026-08-17T18:48:05Z,
197.185.238.212,ipv4,malicious-ip,medium,WHITE,ziyadnz/hourly-ipv4,ziyadnz|hourly,2026-08-17T18:48:05Z,2026-08-17T18:48:05Z,
197.186.18.249,ipv4,malicious-ip,medium,WHITE,ziyadnz/hourly-ipv4,ziyadnz|hourly,2026-08-17T18:48:05Z,2026-08-17T18:48:05Z,
197.186.4.24,ipv4,malicious-ip,medium,WHITE,ziyadnz/hourly-ipv4,ziyadnz|hourly,2026-08-17T18:48:05Z,2026-08-17T18:48:05Z,
197.186.5.173,ipv4,malicious-ip,medium,WHITE,ziyadnz/hourly-ipv4,ziyadnz|hourly,2026-08-17T18:48:05Z,2026-08-17T18:48:05Z,
197.186.72.129,ipv4,malicious-ip,medium,WHITE,ziyadnz/hourly-ipv4,ziyadnz|hourly,2026-08-17T18:48:05Z,2026-08-17T18:48:05Z,
197.186.72.84,ipv4,malicious-ip,medium,WHITE,ziyadnz/hourly-ipv4,ziyadnz|hourly,2026-08-17T18:48:05Z,2026-08-17T18:48:05Z,
197.186.75.70,ipv4,malicious-ip,medium,WHITE,ziyadnz/hourly-ipv4,ziyadnz|hourly,2026-08-17T18:48:05Z,2026-08-17T18:48:05Z,
197.188.132.222,ipv4,malicious-ip,medium,WHITE,ziyadnz/hourly-ipv4,ziyadnz|hourly,2026-08-17T18:48:05Z,2026-08-17T18:48:05Z,
197.188.247.186,ipv4,malicious-ip,medium,WHITE,ziyadnz/hourly-ipv4,ziyadnz|hourly,2026-08-17T18:48:05Z,2026-08-17T18:48:05Z,
197.2.221.191,ipv4,malicious-ip,medium,WHITE,ziyadnz/hourly-ipv4,ziyadnz|hourly,2026-08-17T18:48:05Z,2026-08-17T18:48:05Z,
197.200.247.156,ipv4,malicious-ip,medium,WHITE,ziyadnz/hourly-ipv4,ziyadnz|hourly,2026-08-17T18:48:05Z,2026-08-17T18:48:05Z,
197.200.247.223,ipv4,malicious-ip,medium,WHITE,ziyadnz/hourly-ipv4,ziyadnz|hourly,2026-08-17T18:48:05Z,2026-08-17T18:48:05Z,
197.200.33.135,ipv4,malicious-ip,medium,WHITE,ziyadnz/hourly-ipv4,ziyadnz|hourly,2026-08-17T18:48:05Z,2026-08-17T18:48:05Z,
197.200.44.93,ipv4,malicious-ip,medium,WHITE,ziyadnz/hourly-ipv4,ziyadnz|hourly,2026-08-17T18:48:05Z,2026-08-17T18:48:05Z,
197.207.237.130,ipv4,malicious-ip,medium,WHITE,ziyadnz/hourly-ipv4,ziyadnz|hourly,2026-08-17T18:48:05Z,2026-08-17T18:48:05Z,
197.210.143.182,ipv4,malicious-ip,medium,WHITE,ziyadnz/hourly-ipv4,ziyadnz|hourly,2026-08-17T18:48:05Z,2026-08-17T18:48:05Z,
197.210.189.171,ipv4,malicious-ip,medium,WHITE,ziyadnz/hourly-ipv4,ziyadnz|hourly,2026-08-17T18:48:05Z,2026-08-17T18:48:05Z,
197.210.227.224,ipv4,malicious-ip,medium,WHITE,ziyadnz/hourly-ipv4,ziyadnz|hourly,2026-08-17T18:48:05Z,2026-08-17T18:48:05Z,
197.210.54.51,ipv4,malicious-ip,medium,WHITE,ziyadnz/hourly-ipv4,ziyadnz|hourly,2026-08-17T18:48:05Z,2026-08-17T18:48:05Z,
197.210.55.161,ipv4,malicious-ip,medium,WHITE,ziyadnz/hourly-ipv4,ziyadnz|hourly,2026-08-17T18:48:05Z,2026-08-17T18:48:05Z,
197.211.63.8,ipv4,malicious-ip,medium,WHITE,ziyadnz/hourly-ipv4,ziyadnz|hourly,2026-08-17T18:48:05Z,2026-08-17T18:48:05Z,
197.214.239.185,ipv4,malicious-ip,medium,WHITE,ziyadnz/hourly-ipv4,ziyadnz|hourly,2026-08-17T18:48:05Z,2026-08-17T18:48:05Z,
197.217.12.145,ipv4,malicious-ip,medium,WHITE,ziyadnz/hourly-ipv4,ziyadnz|hourly,2026-08-17T18:48:05Z,2026-08-17T18:48:05Z,
197.218.126.125,ipv4,malicious-ip,medium,WHITE,ziyadnz/hourly-ipv4,ziyadnz|hourly,2026-08-17T18:48:05Z,2026-08-17T18:48:05Z,
197.219.148.177,ipv4,malicious-ip,medium,WHITE,ziyadnz/hourly-ipv4,ziyadnz|hourly,2026-08-17T18:48:05Z,2026-08-17T18:48:05Z,
197.219.210.86,ipv4,malicious-ip,medium,WHITE,ziyadnz/hourly-ipv4,ziyadnz|hourly,2026-08-17T18:48:05Z,2026-08-17T18:48:05Z,
197.219.210.94,ipv4,malicious-ip,medium,WHITE,ziyadnz/hourly-ipv4,ziyadnz|hourly,2026-08-17T18:48:05Z,2026-08-17T18:48:05Z,
197.219.38.73,ipv4,malicious-ip,medium,WHITE,ziyadnz/hourly-ipv4,ziyadnz|hourly,2026-08-17T18:48:05Z,2026-08-17T18:48:05Z,
197.219.96.38,ipv4,malicious-ip,medium,WHITE,ziyadnz/hourly-ipv4,ziyadnz|hourly,2026-08-17T18:48:05Z,2026-08-17T18:48:05Z,
197.220.119.210,ipv4,malicious-ip,medium,WHITE,ziyadnz/hourly-ipv4,ziyadnz|hourly,2026-08-17T18:48:05Z,2026-08-17T18:48:05Z,
197.220.72.23,ipv4,malicious-ip,medium,WHITE,ziyadnz/hourly-ipv4,ziyadnz|hourly,2026-08-17T18:48:05Z,2026-08-17T18:48:05Z,
197.220.72.99,ipv4,malicious-ip,medium,WHITE,ziyadnz/hourly-ipv4,ziyadnz|hourly,2026-08-17T18:48:05Z,2026-08-17T18:48:05Z,
197.221.109.66,ipv4,malicious-ip,medium,WHITE,ziyadnz/hourly-ipv4,ziyadnz|hourly,2026-08-17T18:48:05Z,2026-08-17T18:48:05Z,
197.221.121.11,ipv4,malicious-ip,medium,WHITE,ziyadnz/hourly-ipv4,ziyadnz|hourly,2026-08-17T18:48:05Z,2026-08-17T18:48:05Z,
197.221.232.187,ipv4,malicious-ip,medium,WHITE,ziyadnz/hourly-ipv4,ziyadnz|hourly,2026-08-17T18:48:05Z,2026-08-17T18:48:05Z,
197.221.251.125,ipv4,malicious-ip,medium,WHITE,ziyadnz/hourly-ipv4,ziyadnz|hourly,2026-08-17T18:48:05Z,2026-08-17T18:48:05Z,
197.221.251.169,ipv4,malicious-ip,medium,WHITE,ziyadnz/hourly-ipv4,ziyadnz|hourly,2026-08-17T18:48:05Z,2026-08-17T18:48:05Z,
197.221.251.79,ipv4,malicious-ip,medium,WHITE,ziyadnz/hourly-ipv4,ziyadnz|hourly,2026-08-17T18:48:05Z,2026-08-17T18:48:05Z,
197.221.254.10,ipv4,malicious-ip,medium,WHITE,ziyadnz/hourly-ipv4,ziyadnz|hourly,2026-08-17T18:48:05Z,2026-08-17T18:48:05Z,
197.221.254.53,ipv4,malicious-ip,medium,WHITE,ziyadnz/hourly-ipv4,ziyadnz|hourly,2026-08-17T18:48:05Z,2026-08-17T18:48:05Z,
197.221.254.89,ipv4,malicious-ip,medium,WHITE,ziyadnz/hourly-ipv4,ziyadnz|hourly,2026-08-17T18:48:05Z,2026-08-17T18:48:05Z,
197.221.254.90,ipv4,malicious-ip,medium,WHITE,ziyadnz/hourly-ipv4,ziyadnz|hourly,2026-08-17T18:48:05Z,2026-08-17T18:48:05Z,
197.224.200.173,ipv4,malicious-ip,medium,WHITE,ziyadnz/hourly-ipv4,ziyadnz|hourly,2026-08-17T18:48:05Z,2026-08-17T18:48:05Z,
197.232.106.137,ipv4,malicious-ip,medium,WHITE,ziyadnz/hourly-ipv4,ziyadnz|hourly,2026-08-17T18:48:05Z,2026-08-17T18:48:05Z,
197.232.108.117,ipv4,malicious-ip,medium,WHITE,ziyadnz/hourly-ipv4,ziyadnz|hourly,2026-08-17T18:48:05Z,2026-08-17T18:48:05Z,
197.232.139.154,ipv4,malicious-ip,medium,WHITE,ziyadnz/hourly-ipv4,ziyadnz|hourly,2026-08-17T18:48:05Z,2026-08-17T18:48:05Z,
197.232.145.98,ipv4,malicious-ip,medium,WHITE,ziyadnz/hourly-ipv4,ziyadnz|hourly,2026-08-17T18:48:05Z,2026-08-17T18:48:05Z,
197.232.153.1,ipv4,malicious-ip,medium,WHITE,ziyadnz/hourly-ipv4,ziyadnz|hourly,2026-08-17T18:48:05Z,2026-08-17T18:48:05Z,
197.232.159.7,ipv4,malicious-ip,medium,WHITE,ziyadnz/hourly-ipv4,ziyadnz|hourly,2026-08-17T18:48:05Z,2026-08-17T18:48:05Z,
197.232.18.79,ipv4,malicious-ip,medium,WHITE,ziyadnz/hourly-ipv4,ziyadnz|hourly,2026-08-17T18:48:05Z,2026-08-17T18:48:05Z,
197.232.20.75,ipv4,malicious-ip,medium,WHITE,ziyadnz/hourly-ipv4,ziyadnz|hourly,2026-08-17T18:48:05Z,2026-08-17T18:48:05Z,
197.232.33.221,ipv4,malicious-ip,medium,WHITE,ziyadnz/hourly-ipv4,ziyadnz|hourly,2026-08-17T18:48:05Z,2026-08-17T18:48:05Z,
197.232.5.19,ipv4,malicious-ip,medium,WHITE,ziyadnz/hourly-ipv4,ziyadnz|hourly,2026-08-17T18:48:05Z,2026-08-17T18:48:05Z,
197.232.50.126,ipv4,malicious-ip,medium,WHITE,ziyadnz/hourly-ipv4,ziyadnz|hourly,2026-08-17T18:48:05Z,2026-08-17T18:48:05Z,
197.232.76.83,ipv4,malicious-ip,medium,WHITE,ziyadnz/hourly-ipv4,ziyadnz|hourly,2026-08-17T18:48:05Z,2026-08-17T18:48:05Z,
197.232.80.95,ipv4,malicious-ip,medium,WHITE,ziyadnz/hourly-ipv4,ziyadnz|hourly,2026-08-17T18:48:05Z,2026-08-17T18:48:05Z,
197.232.89.206,ipv4,malicious-ip,medium,WHITE,ziyadnz/hourly-ipv4,ziyadnz|hourly,2026-08-17T18:48:05Z,2026-08-17T18:48:05Z,
197.232.98.40,ipv4,malicious-ip,medium,WHITE,ziyadnz/hourly-ipv4,ziyadnz|hourly,2026-08-17T18:48:05Z,2026-08-17T18:48:05Z,
197.234.201.154,ipv4,malicious-ip,medium,WHITE,ziyadnz/hourly-ipv4,ziyadnz|hourly,2026-08-17T18:48:05Z,2026-08-17T18:48:05Z,
197.234.206.214,ipv4,malicious-ip,medium,WHITE,ziyadnz/hourly-ipv4,ziyadnz|hourly,2026-08-17T18:48:05Z,2026-08-17T18:48:05Z,
197.234.207.17,ipv4,malicious-ip,medium,WHITE,ziyadnz/hourly-ipv4,ziyadnz|hourly,2026-08-17T18:48:05Z,2026-08-17T18:48:05Z,
197.234.221.0,ipv4,malicious-ip,medium,WHITE,ziyadnz/hourly-ipv4,ziyadnz|hourly,2026-08-17T18:48:05Z,2026-08-17T18:48:05Z,
197.234.221.111,ipv4,malicious-ip,medium,WHITE,ziyadnz/hourly-ipv4,ziyadnz|hourly,2026-08-17T18:48:05Z,2026-08-17T18:48:05Z,
197.234.221.153,ipv4,malicious-ip,medium,WHITE,ziyadnz/hourly-ipv4,ziyadnz|hourly,2026-08-17T18:48:05Z,2026-08-17T18:48:05Z,
197.234.221.212,ipv4,malicious-ip,medium,WHITE,ziyadnz/hourly-ipv4,ziyadnz|hourly,2026-08-17T18:48:05Z,2026-08-17T18:48:05Z,
197.234.221.224,ipv4,malicious-ip,medium,WHITE,ziyadnz/hourly-ipv4,ziyadnz|hourly,2026-08-17T18:48:05Z,2026-08-17T18:48:05Z,
197.234.221.34,ipv4,malicious-ip,medium,WHITE,ziyadnz/hourly-ipv4,ziyadnz|hourly,2026-08-17T18:48:05Z,2026-08-17T18:48:05Z,
197.234.221.39,ipv4,malicious-ip,medium,WHITE,ziyadnz/hourly-ipv4,ziyadnz|hourly,2026-08-17T18:48:05Z,2026-08-17T18:48:05Z,
197.234.221.59,ipv4,malicious-ip,medium,WHITE,ziyadnz/hourly-ipv4,ziyadnz|hourly,2026-08-17T18:48:05Z,2026-08-17T18:48:05Z,
197.234.48.222,ipv4,malicious-ip,medium,WHITE,ziyadnz/hourly-ipv4,ziyadnz|hourly,2026-08-17T18:48:05Z,2026-08-17T18:48:05Z,
197.234.86.240,ipv4,malicious-ip,medium,WHITE,ziyadnz/hourly-ipv4,ziyadnz|hourly,2026-08-17T18:48:05Z,2026-08-17T18:48:05Z,
197.234.87.170,ipv4,malicious-ip,medium,WHITE,ziyadnz/hourly-ipv4,ziyadnz|hourly,2026-08-17T18:48:05Z,2026-08-17T18:48:05Z,
197.234.87.60,ipv4,malicious-ip,medium,WHITE,ziyadnz/hourly-ipv4,ziyadnz|hourly,2026-08-17T18:48:05Z,2026-08-17T18:48:05Z,
197.235.12.158,ipv4,malicious-ip,medium,WHITE,ziyadnz/hourly-ipv4,ziyadnz|hourly,2026-08-17T18:48:05Z,2026-08-17T18:48:05Z,
197.238.99.29,ipv4,malicious-ip,medium,WHITE,ziyadnz/hourly-ipv4,ziyadnz|hourly,2026-08-17T18:48:05Z,2026-08-17T18:48:05Z,
197.240.16.227,ipv4,malicious-ip,medium,WHITE,ziyadnz/hourly-ipv4,ziyadnz|hourly,2026-08-17T18:48:05Z,2026-08-17T18:48:05Z,
197.242.150.244,ipv4,malicious-ip,medium,WHITE,ziyadnz/hourly-ipv4,ziyadnz|hourly,2026-08-17T18:48:05Z,2026-08-17T18:48:05Z,
197.243.0.62,ipv4,malicious-ip,medium,WHITE,ziyadnz/hourly-ipv4,ziyadnz|hourly,2026-08-17T18:48:05Z,2026-08-17T18:48:05Z,
197.243.50.55,ipv4,malicious-ip,medium,WHITE,ziyadnz/hourly-ipv4,ziyadnz|hourly,2026-08-17T18:48:05Z,2026-08-17T18:48:05Z,
197.244.34.57,ipv4,malicious-ip,medium,WHITE,ziyadnz/hourly-ipv4,ziyadnz|hourly,2026-08-17T18:48:05Z,2026-08-17T18:48:05Z,
197.245.101.62,ipv4,malicious-ip,medium,WHITE,ziyadnz/hourly-ipv4,ziyadnz|hourly,2026-08-17T18:48:05Z,2026-08-17T18:48:05Z,
197.245.112.143,ipv4,malicious-ip,medium,WHITE,ziyadnz/hourly-ipv4,ziyadnz|hourly,2026-08-17T18:48:05Z,2026-08-17T18:48:05Z,
197.245.220.38,ipv4,malicious-ip,medium,WHITE,ziyadnz/hourly-ipv4,ziyadnz|hourly,2026-08-17T18:48:05Z,2026-08-17T18:48:05Z,
197.248.104.19,ipv4,malicious-ip,medium,WHITE,ziyadnz/hourly-ipv4,ziyadnz|hourly,2026-08-17T18:48:05Z,2026-08-17T18:48:05Z,
197.248.104.31,ipv4,malicious-ip,medium,WHITE,ziyadnz/hourly-ipv4,ziyadnz|hourly,2026-08-17T18:48:05Z,2026-08-17T18:48:05Z,
197.248.109.97,ipv4,malicious-ip,medium,WHITE,ziyadnz/hourly-ipv4,ziyadnz|hourly,2026-08-17T18:48:05Z,2026-08-17T18:48:05Z,
197.248.114.217,ipv4,malicious-ip,medium,WHITE,ziyadnz/hourly-ipv4,ziyadnz|hourly,2026-08-17T18:48:05Z,2026-08-17T18:48:05Z,
197.248.115.173,ipv4,malicious-ip,medium,WHITE,ziyadnz/hourly-ipv4,ziyadnz|hourly,2026-08-17T18:48:05Z,2026-08-17T18:48:05Z,
197.248.126.218,ipv4,malicious-ip,medium,WHITE,ziyadnz/hourly-ipv4,ziyadnz|hourly,2026-08-17T18:48:05Z,2026-08-17T18:48:05Z,
197.248.130.247,ipv4,malicious-ip,medium,WHITE,ziyadnz/hourly-ipv4,ziyadnz|hourly,2026-08-17T18:48:05Z,2026-08-17T18:48:05Z,
197.248.149.178,ipv4,malicious-ip,medium,WHITE,ziyadnz/hourly-ipv4,ziyadnz|hourly,2026-08-17T18:48:05Z,2026-08-17T18:48:05Z,
197.248.159.242,ipv4,malicious-ip,medium,WHITE,ziyadnz/hourly-ipv4,ziyadnz|hourly,2026-08-17T18:48:05Z,2026-08-17T18:48:05Z,
197.248.159.62,ipv4,malicious-ip,medium,WHITE,ziyadnz/hourly-ipv4,ziyadnz|hourly,2026-08-17T18:48:05Z,2026-08-17T18:48:05Z,
197.248.160.105,ipv4,malicious-ip,medium,WHITE,ziyadnz/hourly-ipv4,ziyadnz|hourly,2026-08-17T18:48:05Z,2026-08-17T18:48:05Z,
197.248.197.53,ipv4,malicious-ip,medium,WHITE,ziyadnz/hourly-ipv4,ziyadnz|hourly,2026-08-17T18:48:05Z,2026-08-17T18:48:05Z,
197.248.206.123,ipv4,malicious-ip,medium,WHITE,ziyadnz/hourly-ipv4,ziyadnz|hourly,2026-08-17T18:48:05Z,2026-08-17T18:48:05Z,
197.248.209.145,ipv4,malicious-ip,medium,WHITE,ziyadnz/hourly-ipv4,ziyadnz|hourly,2026-08-17T18:48:05Z,2026-08-17T18:48:05Z,
197.248.223.151,ipv4,malicious-ip,medium,WHITE,ziyadnz/hourly-ipv4,ziyadnz|hourly,2026-08-17T18:48:05Z,2026-08-17T18:48:05Z,
197.248.238.153,ipv4,malicious-ip,medium,WHITE,ziyadnz/hourly-ipv4,ziyadnz|hourly,2026-08-17T18:48:05Z,2026-08-17T18:48:05Z,
197.248.3.28,ipv4,malicious-ip,medium,WHITE,ziyadnz/hourly-ipv4,ziyadnz|hourly,2026-08-17T18:48:05Z,2026-08-17T18:48:05Z,
197.248.34.233,ipv4,malicious-ip,medium,WHITE,ziyadnz/hourly-ipv4,ziyadnz|hourly,2026-08-17T18:48:05Z,2026-08-17T18:48:05Z,
197.248.48.39,ipv4,malicious-ip,medium,WHITE,ziyadnz/hourly-ipv4,ziyadnz|hourly,2026-08-17T18:48:05Z,2026-08-17T18:48:05Z,
197.248.67.99,ipv4,malicious-ip,medium,WHITE,ziyadnz/hourly-ipv4,ziyadnz|hourly,2026-08-17T18:48:05Z,2026-08-17T18:48:05Z,
197.248.89.102,ipv4,malicious-ip,medium,WHITE,ziyadnz/hourly-ipv4,ziyadnz|hourly,2026-08-17T18:48:05Z,2026-08-17T18:48:05Z,
197.248.89.127,ipv4,malicious-ip,medium,WHITE,ziyadnz/hourly-ipv4,ziyadnz|hourly,2026-08-17T18:48:05Z,2026-08-17T18:48:05Z,
197.248.99.109,ipv4,malicious-ip,medium,WHITE,ziyadnz/hourly-ipv4,ziyadnz|hourly,2026-08-17T18:48:05Z,2026-08-17T18:48:05Z,
197.249.111.16,ipv4,malicious-ip,medium,WHITE,ziyadnz/hourly-ipv4,ziyadnz|hourly,2026-08-17T18:48:05Z,2026-08-17T18:48:05Z,
197.249.196.159,ipv4,malicious-ip,medium,WHITE,ziyadnz/hourly-ipv4,ziyadnz|hourly,2026-08-17T18:48:05Z,2026-08-17T18:48:05Z,
197.249.22.158,ipv4,malicious-ip,medium,WHITE,ziyadnz/hourly-ipv4,ziyadnz|hourly,2026-08-17T18:48:05Z,2026-08-17T18:48:05Z,
197.249.255.56,ipv4,malicious-ip,medium,WHITE,ziyadnz/hourly-ipv4,ziyadnz|hourly,2026-08-17T18:48:05Z,2026-08-17T18:48:05Z,
197.249.43.140,ipv4,malicious-ip,medium,WHITE,ziyadnz/hourly-ipv4,ziyadnz|hourly,2026-08-17T18:48:05Z,2026-08-17T18:48:05Z,
197.249.48.16,ipv4,malicious-ip,medium,WHITE,ziyadnz/hourly-ipv4,ziyadnz|hourly,2026-08-17T18:48:05Z,2026-08-17T18:48:05Z,
197.249.65.70,ipv4,malicious-ip,medium,WHITE,ziyadnz/hourly-ipv4,ziyadnz|hourly,2026-08-17T18:48:05Z,2026-08-17T18:48:05Z,
197.25.113.32,ipv4,malicious-ip,medium,WHITE,ziyadnz/hourly-ipv4,ziyadnz|hourly,2026-08-17T18:48:05Z,2026-08-17T18:48:05Z,
197.250.101.11,ipv4,malicious-ip,medium,WHITE,ziyadnz/hourly-ipv4,ziyadnz|hourly,2026-08-17T18:48:05Z,2026-08-17T18:48:05Z,
197.250.101.13,ipv4,malicious-ip,medium,WHITE,ziyadnz/hourly-ipv4,ziyadnz|hourly,2026-08-17T18:48:05Z,2026-08-17T18:48:05Z,
197.250.96.219,ipv4,malicious-ip,medium,WHITE,ziyadnz/hourly-ipv4,ziyadnz|hourly,2026-08-17T18:48:05Z,2026-08-17T18:48:05Z,
197.251.249.75,ipv4,malicious-ip,medium,WHITE,ziyadnz/hourly-ipv4,ziyadnz|hourly,2026-08-17T18:48:05Z,2026-08-17T18:48:05Z,
197.254.237.210,ipv4,malicious-ip,medium,WHITE,ziyadnz/hourly-ipv4,ziyadnz|hourly,2026-08-17T18:48:05Z,2026-08-17T18:48:05Z,
197.254.238.254,ipv4,malicious-ip,medium,WHITE,ziyadnz/hourly-ipv4,ziyadnz|hourly,2026-08-17T18:48:05Z,2026-08-17T18:48:05Z,
197.254.40.194,ipv4,malicious-ip,medium,WHITE,ziyadnz/hourly-ipv4,ziyadnz|hourly,2026-08-17T18:48:05Z,2026-08-17T18:48:05Z,
197.254.52.94,ipv4,malicious-ip,medium,WHITE,ziyadnz/hourly-ipv4,ziyadnz|hourly,2026-08-17T18:48:05Z,2026-08-17T18:48:05Z,
197.254.63.206,ipv4,malicious-ip,medium,WHITE,ziyadnz/hourly-ipv4,ziyadnz|hourly,2026-08-17T18:48:05Z,2026-08-17T18:48:05Z,
197.255.118.198,ipv4,malicious-ip,medium,WHITE,ziyadnz/hourly-ipv4,ziyadnz|hourly,2026-08-17T18:48:05Z,2026-08-17T18:48:05Z,
197.255.143.160,ipv4,malicious-ip,medium,WHITE,ziyadnz/hourly-ipv4,ziyadnz|hourly,2026-08-17T18:48:05Z,2026-08-17T18:48:05Z,
197.255.197.102,ipv4,malicious-ip,medium,WHITE,ziyadnz/hourly-ipv4,ziyadnz|hourly,2026-08-17T18:48:05Z,2026-08-17T18:48:05Z,
197.255.202.87,ipv4,malicious-ip,medium,WHITE,ziyadnz/hourly-ipv4,ziyadnz|hourly,2026-08-17T18:48:05Z,2026-08-17T18:48:05Z,
197.255.205.138,ipv4,malicious-ip,medium,WHITE,ziyadnz/hourly-ipv4,ziyadnz|hourly,2026-08-17T18:48:05Z,2026-08-17T18:48:05Z,
197.255.205.25,ipv4,malicious-ip,medium,WHITE,ziyadnz/hourly-ipv4,ziyadnz|hourly,2026-08-17T18:48:05Z,2026-08-17T18:48:05Z,
197.255.212.122,ipv4,malicious-ip,medium,WHITE,ziyadnz/hourly-ipv4,ziyadnz|hourly,2026-08-17T18:48:05Z,2026-08-17T18:48:05Z,
197.255.225.15,ipv4,malicious-ip,medium,WHITE,ziyadnz/hourly-ipv4,ziyadnz|hourly,2026-08-17T18:48:05Z,2026-08-17T18:48:05Z,
197.255.79.197,ipv4,malicious-ip,medium,WHITE,ziyadnz/hourly-ipv4,ziyadnz|hourly,2026-08-17T18:48:05Z,2026-08-17T18:48:05Z,
197.3.164.124,ipv4,malicious-ip,medium,WHITE,ziyadnz/hourly-ipv4,ziyadnz|hourly,2026-08-17T18:48:05Z,2026-08-17T18:48:05Z,
197.3.203.163,ipv4,malicious-ip,medium,WHITE,ziyadnz/hourly-ipv4,ziyadnz|hourly,2026-08-17T18:48:05Z,2026-08-17T18:48:05Z,
197.31.48.57,ipv4,malicious-ip,medium,WHITE,ziyadnz/hourly-ipv4,ziyadnz|hourly,2026-08-17T18:48:05Z,2026-08-17T18:48:05Z,
197.31.52.146,ipv4,malicious-ip,medium,WHITE,ziyadnz/hourly-ipv4,ziyadnz|hourly,2026-08-17T18:48:05Z,2026-08-17T18:48:05Z,
197.31.52.168,ipv4,malicious-ip,medium,WHITE,ziyadnz/hourly-ipv4,ziyadnz|hourly,2026-08-17T18:48:05Z,2026-08-17T18:48:05Z,
197.32.136.48,ipv4,malicious-ip,medium,WHITE,ziyadnz/hourly-ipv4,ziyadnz|hourly,2026-08-17T18:48:05Z,2026-08-17T18:48:05Z,
197.32.203.124,ipv4,malicious-ip,medium,WHITE,ziyadnz/hourly-ipv4,ziyadnz|hourly,2026-08-17T18:48:05Z,2026-08-17T18:48:05Z,
197.32.39.31,ipv4,malicious-ip,medium,WHITE,ziyadnz/hourly-ipv4,ziyadnz|hourly,2026-08-17T18:48:05Z,2026-08-17T18:48:05Z,
197.35.215.136,ipv4,malicious-ip,medium,WHITE,ziyadnz/hourly-ipv4,ziyadnz|hourly,2026-08-17T18:48:05Z,2026-08-17T18:48:05Z,
197.35.48.220,ipv4,malicious-ip,medium,WHITE,ziyadnz/hourly-ipv4,ziyadnz|hourly,2026-08-17T18:48:05Z,2026-08-17T18:48:05Z,
197.37.229.130,ipv4,malicious-ip,medium,WHITE,ziyadnz/hourly-ipv4,ziyadnz|hourly,2026-08-17T18:48:05Z,2026-08-17T18:48:05Z,
197.39.78.49,ipv4,malicious-ip,medium,WHITE,ziyadnz/hourly-ipv4,ziyadnz|hourly,2026-08-17T18:48:05Z,2026-08-17T18:48:05Z,
197.39.99.177,ipv4,malicious-ip,medium,WHITE,ziyadnz/hourly-ipv4,ziyadnz|hourly,2026-08-17T18:48:05Z,2026-08-17T18:48:05Z,
197.39.99.227,ipv4,malicious-ip,medium,WHITE,ziyadnz/hourly-ipv4,ziyadnz|hourly,2026-08-17T18:48:05Z,2026-08-17T18:48:05Z,
197.42.237.125,ipv4,malicious-ip,medium,WHITE,ziyadnz/hourly-ipv4,ziyadnz|hourly,2026-08-17T18:48:05Z,2026-08-17T18:48:05Z,
197.43.201.8,ipv4,malicious-ip,medium,WHITE,ziyadnz/hourly-ipv4,ziyadnz|hourly,2026-08-17T18:48:05Z,2026-08-17T18:48:05Z,
197.43.220.133,ipv4,malicious-ip,medium,WHITE,ziyadnz/hourly-ipv4,ziyadnz|hourly,2026-08-17T18:48:05Z,2026-08-17T18:48:05Z,
197.44.114.250,ipv4,malicious-ip,medium,WHITE,ziyadnz/hourly-ipv4,ziyadnz|hourly,2026-08-17T18:48:05Z,2026-08-17T18:48:05Z,
197.44.192.138,ipv4,malicious-ip,medium,WHITE,ziyadnz/hourly-ipv4,ziyadnz|hourly,2026-08-17T18:48:05Z,2026-08-17T18:48:05Z,
197.44.84.42,ipv4,malicious-ip,medium,WHITE,ziyadnz/hourly-ipv4,ziyadnz|hourly,2026-08-17T18:48:05Z,2026-08-17T18:48:05Z,
197.45.32.132,ipv4,malicious-ip,medium,WHITE,ziyadnz/hourly-ipv4,ziyadnz|hourly,2026-08-17T18:48:05Z,2026-08-17T18:48:05Z,
197.5.192.202,ipv4,malicious-ip,medium,WHITE,ziyadnz/hourly-ipv4,ziyadnz|hourly,2026-08-17T18:48:05Z,2026-08-17T18:48:05Z,
197.55.255.185,ipv4,malicious-ip,medium,WHITE,ziyadnz/hourly-ipv4,ziyadnz|hourly,2026-08-17T18:48:05Z,2026-08-17T18:48:05Z,
197.57.198.116,ipv4,malicious-ip,medium,WHITE,ziyadnz/hourly-ipv4,ziyadnz|hourly,2026-08-17T18:48:05Z,2026-08-17T18:48:05Z,
197.59.104.131,ipv4,malicious-ip,medium,WHITE,ziyadnz/hourly-ipv4,ziyadnz|hourly,2026-08-17T18:48:05Z,2026-08-17T18:48:05Z,
197.82.164.110,ipv4,malicious-ip,medium,WHITE,ziyadnz/hourly-ipv4,ziyadnz|hourly,2026-08-17T18:48:05Z,2026-08-17T18:48:05Z,
197.86.195.132,ipv4,malicious-ip,medium,WHITE,ziyadnz/hourly-ipv4,ziyadnz|hourly,2026-08-17T18:48:05Z,2026-08-17T18:48:05Z,
197.87.135.186,ipv4,malicious-ip,medium,WHITE,ziyadnz/hourly-ipv4,ziyadnz|hourly,2026-08-17T18:48:05Z,2026-08-17T18:48:05Z,
197.87.135.218,ipv4,malicious-ip,medium,WHITE,ziyadnz/hourly-ipv4,ziyadnz|hourly,2026-08-17T18:48:05Z,2026-08-17T18:48:05Z,
197.87.143.152,ipv4,malicious-ip,medium,WHITE,ziyadnz/hourly-ipv4,ziyadnz|hourly,2026-08-17T18:48:05Z,2026-08-17T18:48:05Z,
197.87.143.229,ipv4,malicious-ip,medium,WHITE,ziyadnz/hourly-ipv4,ziyadnz|hourly,2026-08-17T18:48:05Z,2026-08-17T18:48:05Z,
197.87.63.16,ipv4,malicious-ip,medium,WHITE,ziyadnz/hourly-ipv4,ziyadnz|hourly,2026-08-17T18:48:05Z,2026-08-17T18:48:05Z,
197.89.10.173,ipv4,malicious-ip,medium,WHITE,ziyadnz/hourly-ipv4,ziyadnz|hourly,2026-08-17T18:48:05Z,2026-08-17T18:48:05Z,
197.89.11.218,ipv4,malicious-ip,medium,WHITE,ziyadnz/hourly-ipv4,ziyadnz|hourly,2026-08-17T18:48:05Z,2026-08-17T18:48:05Z,
197.89.113.93,ipv4,malicious-ip,medium,WHITE,ziyadnz/hourly-ipv4,ziyadnz|hourly,2026-08-17T18:48:05Z,2026-08-17T18:48:05Z,
197.89.135.95,ipv4,malicious-ip,medium,WHITE,ziyadnz/hourly-ipv4,ziyadnz|hourly,2026-08-17T18:48:05Z,2026-08-17T18:48:05Z,
197.90.233.5,ipv4,malicious-ip,medium,WHITE,ziyadnz/hourly-ipv4,ziyadnz|hourly,2026-08-17T18:48:05Z,2026-08-17T18:48:05Z,
197.91.163.69,ipv4,malicious-ip,medium,WHITE,ziyadnz/hourly-ipv4,ziyadnz|hourly,2026-08-17T18:48:05Z,2026-08-17T18:48:05Z,
197.91.83.14,ipv4,malicious-ip,medium,WHITE,ziyadnz/hourly-ipv4,ziyadnz|hourly,2026-08-17T18:48:05Z,2026-08-17T18:48:05Z,
197.92.136.122,ipv4,malicious-ip,medium,WHITE,ziyadnz/hourly-ipv4,ziyadnz|hourly,2026-08-17T18:48:05Z,2026-08-17T18:48:05Z,
197.92.136.237,ipv4,malicious-ip,medium,WHITE,ziyadnz/hourly-ipv4,ziyadnz|hourly,2026-08-17T18:48:05Z,2026-08-17T18:48:05Z,
197.92.207.185,ipv4,malicious-ip,medium,WHITE,ziyadnz/hourly-ipv4,ziyadnz|hourly,2026-08-17T18:48:05Z,2026-08-17T18:48:05Z,
197.93.18.227,ipv4,malicious-ip,medium,WHITE,ziyadnz/hourly-ipv4,ziyadnz|hourly,2026-08-17T18:48:05Z,2026-08-17T18:48:05Z,
197.94.64.43,ipv4,malicious-ip,medium,WHITE,ziyadnz/hourly-ipv4,ziyadnz|hourly,2026-08-17T18:48:05Z,2026-08-17T18:48:05Z,
197.95.150.78,ipv4,malicious-ip,medium,WHITE,ziyadnz/hourly-ipv4,ziyadnz|hourly,2026-08-17T18:48:05Z,2026-08-17T18:48:05Z,
197.95.97.117,ipv4,malicious-ip,medium,WHITE,ziyadnz/hourly-ipv4,ziyadnz|hourly,2026-08-17T18:48:05Z,2026-08-17T18:48:05Z,
197.97.154.1,ipv4,malicious-ip,medium,WHITE,ziyadnz/hourly-ipv4,ziyadnz|hourly,2026-08-17T18:48:05Z,2026-08-17T18:48:05Z,
198.1.93.192,ipv4,malicious-ip,medium,WHITE,ziyadnz/hourly-ipv4,ziyadnz|hourly,2026-08-17T18:48:05Z,2026-08-17T18:48:05Z,
198.100.155.155,ipv4,malicious-ip,medium,WHITE,ziyadnz/hourly-ipv4,ziyadnz|hourly,2026-08-17T18:48:05Z,2026-08-17T18:48:05Z,
198.101.58.51,ipv4,malicious-ip,medium,WHITE,ziyadnz/hourly-ipv4,ziyadnz|hourly,2026-08-17T18:48:05Z,2026-08-17T18:48:05Z,
198.105.127.124,ipv4,malicious-ip,medium,WHITE,ziyadnz/hourly-ipv4,ziyadnz|hourly,2026-08-17T18:48:05Z,2026-08-17T18:48:05Z,
198.105.127.210,ipv4,malicious-ip,medium,WHITE,ziyadnz/hourly-ipv4,ziyadnz|hourly,2026-08-17T18:48:05Z,2026-08-17T18:48:05Z,
198.105.230.195,ipv4,malicious-ip,medium,WHITE,ziyadnz/hourly-ipv4,ziyadnz|hourly,2026-08-17T18:48:05Z,2026-08-17T18:48:05Z,
198.11.177.57,ipv4,malicious-ip,medium,WHITE,ziyadnz/hourly-ipv4,ziyadnz|hourly,2026-08-17T18:48:05Z,2026-08-17T18:48:05Z,
198.11.178.139,ipv4,malicious-ip,medium,WHITE,ziyadnz/hourly-ipv4,ziyadnz|hourly,2026-08-17T18:48:05Z,2026-08-17T18:48:05Z,
198.11.179.46,ipv4,malicious-ip,medium,WHITE,ziyadnz/hourly-ipv4,ziyadnz|hourly,2026-08-17T18:48:05Z,2026-08-17T18:48:05Z,
198.11.180.16,ipv4,malicious-ip,medium,WHITE,ziyadnz/hourly-ipv4,ziyadnz|hourly,2026-08-17T18:48:05Z,2026-08-17T18:48:05Z,
198.11.180.76,ipv4,malicious-ip,medium,WHITE,ziyadnz/hourly-ipv4,ziyadnz|hourly,2026-08-17T18:48:05Z,2026-08-17T18:48:05Z,
198.11.181.143,ipv4,malicious-ip,medium,WHITE,ziyadnz/hourly-ipv4,ziyadnz|hourly,2026-08-17T18:48:05Z,2026-08-17T18:48:05Z,
198.11.183.234,ipv4,malicious-ip,medium,WHITE,ziyadnz/hourly-ipv4,ziyadnz|hourly,2026-08-17T18:48:05Z,2026-08-17T18:48:05Z,
198.12.125.84,ipv4,malicious-ip,medium,WHITE,ziyadnz/hourly-ipv4,ziyadnz|hourly,2026-08-17T18:48:05Z,2026-08-17T18:48:05Z,
198.12.156.61,ipv4,malicious-ip,medium,WHITE,ziyadnz/hourly-ipv4,ziyadnz|hourly,2026-08-17T18:48:05Z,2026-08-17T18:48:05Z,
198.12.251.137,ipv4,malicious-ip,medium,WHITE,ziyadnz/hourly-ipv4,ziyadnz|hourly,2026-08-17T18:48:05Z,2026-08-17T18:48:05Z,
198.12.254.228,ipv4,malicious-ip,medium,WHITE,ziyadnz/hourly-ipv4,ziyadnz|hourly,2026-08-17T18:48:05Z,2026-08-17T18:48:05Z,
198.12.37.3,ipv4,malicious-ip,medium,WHITE,ziyadnz/hourly-ipv4,ziyadnz|hourly,2026-08-17T18:48:05Z,2026-08-17T18:48:05Z,
198.12.40.30,ipv4,malicious-ip,medium,WHITE,ziyadnz/hourly-ipv4,ziyadnz|hourly,2026-08-17T18:48:05Z,2026-08-17T18:48:05Z,
198.12.46.71,ipv4,malicious-ip,medium,WHITE,ziyadnz/hourly-ipv4,ziyadnz|hourly,2026-08-17T18:48:05Z,2026-08-17T18:48:05Z,
198.12.76.214,ipv4,malicious-ip,medium,WHITE,ziyadnz/hourly-ipv4,ziyadnz|hourly,2026-08-17T18:48:05Z,2026-08-17T18:48:05Z,
198.12.89.137,ipv4,malicious-ip,medium,WHITE,ziyadnz/hourly-ipv4,ziyadnz|hourly,2026-08-17T18:48:05Z,2026-08-17T18:48:05Z,
198.12.90.70,ipv4,malicious-ip,medium,WHITE,ziyadnz/hourly-ipv4,ziyadnz|hourly,2026-08-17T18:48:05Z,2026-08-17T18:48:05Z,
198.13.158.193,ipv4,malicious-ip,medium,WHITE,ziyadnz/hourly-ipv4,ziyadnz|hourly,2026-08-17T18:48:05Z,2026-08-17T18:48:05Z,
198.13.158.58,ipv4,malicious-ip,medium,WHITE,ziyadnz/hourly-ipv4,ziyadnz|hourly,2026-08-17T18:48:05Z,2026-08-17T18:48:05Z,
198.13.159.44,ipv4,malicious-ip,medium,WHITE,ziyadnz/hourly-ipv4,ziyadnz|hourly,2026-08-17T18:48:05Z,2026-08-17T18:48:05Z,
198.13.184.93,ipv4,malicious-ip,medium,WHITE,ziyadnz/hourly-ipv4,ziyadnz|hourly,2026-08-17T18:48:05Z,2026-08-17T18:48:05Z,
198.13.36.87,ipv4,malicious-ip,medium,WHITE,ziyadnz/hourly-ipv4,ziyadnz|hourly,2026-08-17T18:48:05Z,2026-08-17T18:48:05Z,
198.13.47.158,ipv4,malicious-ip,medium,WHITE,ziyadnz/hourly-ipv4,ziyadnz|hourly,2026-08-17T18:48:05Z,2026-08-17T18:48:05Z,
198.135.48.191,ipv4,malicious-ip,medium,WHITE,ziyadnz/hourly-ipv4,ziyadnz|hourly,2026-08-17T18:48:05Z,2026-08-17T18:48:05Z,
198.135.50.152,ipv4,malicious-ip,medium,WHITE,ziyadnz/hourly-ipv4,ziyadnz|hourly,2026-08-17T18:48:05Z,2026-08-17T18:48:05Z,
198.135.51.111,ipv4,malicious-ip,medium,WHITE,ziyadnz/hourly-ipv4,ziyadnz|hourly,2026-08-17T18:48:05Z,2026-08-17T18:48:05Z,
198.135.51.189,ipv4,malicious-ip,medium,WHITE,ziyadnz/hourly-ipv4,ziyadnz|hourly,2026-08-17T18:48:05Z,2026-08-17T18:48:05Z,
198.135.53.41,ipv4,malicious-ip,medium,WHITE,ziyadnz/hourly-ipv4,ziyadnz|hourly,2026-08-17T18:48:05Z,2026-08-17T18:48:05Z,
198.14.212.98,ipv4,malicious-ip,medium,WHITE,ziyadnz/hourly-ipv4,ziyadnz|hourly,2026-08-17T18:48:05Z,2026-08-17T18:48:05Z,
198.143.178.138,ipv4,malicious-ip,medium,WHITE,ziyadnz/hourly-ipv4,ziyadnz|hourly,2026-08-17T18:48:05Z,2026-08-17T18:48:05Z,
198.144.178.132,ipv4,malicious-ip,medium,WHITE,ziyadnz/hourly-ipv4,ziyadnz|hourly,2026-08-17T18:48:05Z,2026-08-17T18:48:05Z,
198.144.178.137,ipv4,malicious-ip,medium,WHITE,ziyadnz/hourly-ipv4,ziyadnz|hourly,2026-08-17T18:48:05Z,2026-08-17T18:48:05Z,
198.144.189.80,ipv4,malicious-ip,medium,WHITE,ziyadnz/hourly-ipv4,ziyadnz|hourly,2026-08-17T18:48:05Z,2026-08-17T18:48:05Z,
198.144.189.85,ipv4,malicious-ip,medium,WHITE,ziyadnz/hourly-ipv4,ziyadnz|hourly,2026-08-17T18:48:05Z,2026-08-17T18:48:05Z,
198.148.31.103,ipv4,malicious-ip,medium,WHITE,ziyadnz/hourly-ipv4,ziyadnz|hourly,2026-08-17T18:48:05Z,2026-08-17T18:48:05Z,
198.154.207.145,ipv4,malicious-ip,medium,WHITE,ziyadnz/hourly-ipv4,ziyadnz|hourly,2026-08-17T18:48:05Z,2026-08-17T18:48:05Z,
198.163.192.0,ipv4,malicious-ip,medium,WHITE,ziyadnz/hourly-ipv4,ziyadnz|hourly,2026-08-17T18:48:05Z,2026-08-17T18:48:05Z,
198.163.192.133,ipv4,malicious-ip,medium,WHITE,ziyadnz/hourly-ipv4,ziyadnz|hourly,2026-08-17T18:48:05Z,2026-08-17T18:48:05Z,
198.163.192.134,ipv4,malicious-ip,medium,WHITE,ziyadnz/hourly-ipv4,ziyadnz|hourly,2026-08-17T18:48:05Z,2026-08-17T18:48:05Z,
198.163.192.144,ipv4,malicious-ip,medium,WHITE,ziyadnz/hourly-ipv4,ziyadnz|hourly,2026-08-17T18:48:05Z,2026-08-17T18:48:05Z,
198.163.192.146,ipv4,malicious-ip,medium,WHITE,ziyadnz/hourly-ipv4,ziyadnz|hourly,2026-08-17T18:48:05Z,2026-08-17T18:48:05Z,
198.163.192.148,ipv4,malicious-ip,medium,WHITE,ziyadnz/hourly-ipv4,ziyadnz|hourly,2026-08-17T18:48:05Z,2026-08-17T18:48:05Z,
198.163.192.159,ipv4,malicious-ip,medium,WHITE,ziyadnz/hourly-ipv4,ziyadnz|hourly,2026-08-17T18:48:05Z,2026-08-17T18:48:05Z,
198.163.192.212,ipv4,malicious-ip,medium,WHITE,ziyadnz/hourly-ipv4,ziyadnz|hourly,2026-08-17T18:48:05Z,2026-08-17T18:48:05Z,
198.163.192.239,ipv4,malicious-ip,medium,WHITE,ziyadnz/hourly-ipv4,ziyadnz|hourly,2026-08-17T18:48:05Z,2026-08-17T18:48:05Z,
198.163.193.0,ipv4,malicious-ip,medium,WHITE,ziyadnz/hourly-ipv4,ziyadnz|hourly,2026-08-17T18:48:05Z,2026-08-17T18:48:05Z,
198.163.193.145,ipv4,malicious-ip,medium,WHITE,ziyadnz/hourly-ipv4,ziyadnz|hourly,2026-08-17T18:48:05Z,2026-08-17T18:48:05Z,
198.163.193.151,ipv4,malicious-ip,medium,WHITE,ziyadnz/hourly-ipv4,ziyadnz|hourly,2026-08-17T18:48:05Z,2026-08-17T18:48:05Z,
198.163.193.161,ipv4,malicious-ip,medium,WHITE,ziyadnz/hourly-ipv4,ziyadnz|hourly,2026-08-17T18:48:05Z,2026-08-17T18:48:05Z,
198.163.193.175,ipv4,malicious-ip,medium,WHITE,ziyadnz/hourly-ipv4,ziyadnz|hourly,2026-08-17T18:48:05Z,2026-08-17T18:48:05Z,
198.163.193.178,ipv4,malicious-ip,medium,WHITE,ziyadnz/hourly-ipv4,ziyadnz|hourly,2026-08-17T18:48:05Z,2026-08-17T18:48:05Z,
198.163.193.182,ipv4,malicious-ip,medium,WHITE,ziyadnz/hourly-ipv4,ziyadnz|hourly,2026-08-17T18:48:05Z,2026-08-17T18:48:05Z,
198.163.193.186,ipv4,malicious-ip,medium,WHITE,ziyadnz/hourly-ipv4,ziyadnz|hourly,2026-08-17T18:48:05Z,2026-08-17T18:48:05Z,
198.163.193.187,ipv4,malicious-ip,medium,WHITE,ziyadnz/hourly-ipv4,ziyadnz|hourly,2026-08-17T18:48:05Z,2026-08-17T18:48:05Z,
198.163.193.254,ipv4,malicious-ip,medium,WHITE,ziyadnz/hourly-ipv4,ziyadnz|hourly,2026-08-17T18:48:05Z,2026-08-17T18:48:05Z,
198.163.193.90,ipv4,malicious-ip,medium,WHITE,ziyadnz/hourly-ipv4,ziyadnz|hourly,2026-08-17T18:48:05Z,2026-08-17T18:48:05Z,
198.163.194.110,ipv4,malicious-ip,medium,WHITE,ziyadnz/hourly-ipv4,ziyadnz|hourly,2026-08-17T18:48:05Z,2026-08-17T18:48:05Z,
198.163.194.38,ipv4,malicious-ip,medium,WHITE,ziyadnz/hourly-ipv4,ziyadnz|hourly,2026-08-17T18:48:05Z,2026-08-17T18:48:05Z,
198.163.194.44,ipv4,malicious-ip,medium,WHITE,ziyadnz/hourly-ipv4,ziyadnz|hourly,2026-08-17T18:48:05Z,2026-08-17T18:48:05Z,
198.163.194.46,ipv4,malicious-ip,medium,WHITE,ziyadnz/hourly-ipv4,ziyadnz|hourly,2026-08-17T18:48:05Z,2026-08-17T18:48:05Z,
198.163.195.123,ipv4,malicious-ip,medium,WHITE,ziyadnz/hourly-ipv4,ziyadnz|hourly,2026-08-17T18:48:05Z,2026-08-17T18:48:05Z,
198.163.195.45,ipv4,malicious-ip,medium,WHITE,ziyadnz/hourly-ipv4,ziyadnz|hourly,2026-08-17T18:48:05Z,2026-08-17T18:48:05Z,
198.163.195.54,ipv4,malicious-ip,medium,WHITE,ziyadnz/hourly-ipv4,ziyadnz|hourly,2026-08-17T18:48:05Z,2026-08-17T18:48:05Z,
198.163.195.7,ipv4,malicious-ip,medium,WHITE,ziyadnz/hourly-ipv4,ziyadnz|hourly,2026-08-17T18:48:05Z,2026-08-17T18:48:05Z,
198.163.205.171,ipv4,malicious-ip,medium,WHITE,ziyadnz/hourly-ipv4,ziyadnz|hourly,2026-08-17T18:48:05Z,2026-08-17T18:48:05Z,
198.167.197.163,ipv4,malicious-ip,medium,WHITE,ziyadnz/hourly-ipv4,ziyadnz|hourly,2026-08-17T18:48:05Z,2026-08-17T18:48:05Z,
198.167.197.194,ipv4,malicious-ip,medium,WHITE,ziyadnz/hourly-ipv4,ziyadnz|hourly,2026-08-17T18:48:05Z,2026-08-17T18:48:05Z,
198.178.235.37,ipv4,malicious-ip,medium,WHITE,ziyadnz/hourly-ipv4,ziyadnz|hourly,2026-08-17T18:48:05Z,2026-08-17T18:48:05Z,
198.178.235.41,ipv4,malicious-ip,medium,WHITE,ziyadnz/hourly-ipv4,ziyadnz|hourly,2026-08-17T18:48:05Z,2026-08-17T18:48:05Z,
198.179.70.19,ipv4,malicious-ip,medium,WHITE,ziyadnz/hourly-ipv4,ziyadnz|hourly,2026-08-17T18:48:05Z,2026-08-17T18:48:05Z,
198.199.113.246,ipv4,malicious-ip,medium,WHITE,ziyadnz/hourly-ipv4,ziyadnz|hourly,2026-08-17T18:48:05Z,2026-08-17T18:48:05Z,
198.199.122.22,ipv4,malicious-ip,medium,WHITE,ziyadnz/hourly-ipv4,ziyadnz|hourly,2026-08-17T18:48:05Z,2026-08-17T18:48:05Z,
198.199.123.158,ipv4,malicious-ip,medium,WHITE,ziyadnz/hourly-ipv4,ziyadnz|hourly,2026-08-17T18:48:05Z,2026-08-17T18:48:05Z,
198.199.65.214,ipv4,malicious-ip,medium,WHITE,ziyadnz/hourly-ipv4,ziyadnz|hourly,2026-08-17T18:48:05Z,2026-08-17T18:48:05Z,
198.199.66.241,ipv4,malicious-ip,medium,WHITE,ziyadnz/hourly-ipv4,ziyadnz|hourly,2026-08-17T18:48:05Z,2026-08-17T18:48:05Z,
198.199.66.97,ipv4,malicious-ip,medium,WHITE,ziyadnz/hourly-ipv4,ziyadnz|hourly,2026-08-17T18:48:05Z,2026-08-17T18:48:05Z,
198.199.67.227,ipv4,malicious-ip,medium,WHITE,ziyadnz/hourly-ipv4,ziyadnz|hourly,2026-08-17T18:48:05Z,2026-08-17T18:48:05Z,
198.199.69.117,ipv4,malicious-ip,medium,WHITE,ziyadnz/hourly-ipv4,ziyadnz|hourly,2026-08-17T18:48:05Z,2026-08-17T18:48:05Z,
198.199.70.57,ipv4,malicious-ip,medium,WHITE,ziyadnz/hourly-ipv4,ziyadnz|hourly,2026-08-17T18:48:05Z,2026-08-17T18:48:05Z,
198.199.72.27,ipv4,malicious-ip,medium,WHITE,ziyadnz/hourly-ipv4,ziyadnz|hourly,2026-08-17T18:48:05Z,2026-08-17T18:48:05Z,
198.199.75.236,ipv4,malicious-ip,medium,WHITE,ziyadnz/hourly-ipv4,ziyadnz|hourly,2026-08-17T18:48:05Z,2026-08-17T18:48:05Z,
198.199.76.105,ipv4,malicious-ip,medium,WHITE,ziyadnz/hourly-ipv4,ziyadnz|hourly,2026-08-17T18:48:05Z,2026-08-17T18:48:05Z,
198.199.79.143,ipv4,malicious-ip,medium,WHITE,ziyadnz/hourly-ipv4,ziyadnz|hourly,2026-08-17T18:48:05Z,2026-08-17T18:48:05Z,
198.199.80.200,ipv4,malicious-ip,medium,WHITE,ziyadnz/hourly-ipv4,ziyadnz|hourly,2026-08-17T18:48:05Z,2026-08-17T18:48:05Z,
198.199.82.139,ipv4,malicious-ip,medium,WHITE,ziyadnz/hourly-ipv4,ziyadnz|hourly,2026-08-17T18:48:05Z,2026-08-17T18:48:05Z,
198.199.83.132,ipv4,malicious-ip,medium,WHITE,ziyadnz/hourly-ipv4,ziyadnz|hourly,2026-08-17T18:48:05Z,2026-08-17T18:48:05Z,
198.199.85.224,ipv4,malicious-ip,medium,WHITE,ziyadnz/hourly-ipv4,ziyadnz|hourly,2026-08-17T18:48:05Z,2026-08-17T18:48:05Z,
198.199.87.216,ipv4,malicious-ip,medium,WHITE,ziyadnz/hourly-ipv4,ziyadnz|hourly,2026-08-17T18:48:05Z,2026-08-17T18:48:05Z,
198.199.94.79,ipv4,malicious-ip,medium,WHITE,ziyadnz/hourly-ipv4,ziyadnz|hourly,2026-08-17T18:48:05Z,2026-08-17T18:48:05Z,
198.2.91.77,ipv4,malicious-ip,medium,WHITE,ziyadnz/hourly-ipv4,ziyadnz|hourly,2026-08-17T18:48:05Z,2026-08-17T18:48:05Z,
198.211.100.19,ipv4,malicious-ip,medium,WHITE,ziyadnz/hourly-ipv4,ziyadnz|hourly,2026-08-17T18:48:05Z,2026-08-17T18:48:05Z,
198.211.105.137,ipv4,malicious-ip,medium,WHITE,ziyadnz/hourly-ipv4,ziyadnz|hourly,2026-08-17T18:48:05Z,2026-08-17T18:48:05Z,
198.211.109.224,ipv4,malicious-ip,medium,WHITE,ziyadnz/hourly-ipv4,ziyadnz|hourly,2026-08-17T18:48:05Z,2026-08-17T18:48:05Z,
198.211.112.217,ipv4,malicious-ip,medium,WHITE,ziyadnz/hourly-ipv4,ziyadnz|hourly,2026-08-17T18:48:05Z,2026-08-17T18:48:05Z,
198.211.96.23,ipv4,malicious-ip,medium,WHITE,ziyadnz/hourly-ipv4,ziyadnz|hourly,2026-08-17T18:48:05Z,2026-08-17T18:48:05Z,
198.211.96.242,ipv4,malicious-ip,medium,WHITE,ziyadnz/hourly-ipv4,ziyadnz|hourly,2026-08-17T18:48:05Z,2026-08-17T18:48:05Z,
198.217.119.224,ipv4,malicious-ip,medium,WHITE,ziyadnz/hourly-ipv4,ziyadnz|hourly,2026-08-17T18:48:05Z,2026-08-17T18:48:05Z,
198.23.138.30,ipv4,malicious-ip,medium,WHITE,ziyadnz/hourly-ipv4,ziyadnz|hourly,2026-08-17T18:48:05Z,2026-08-17T18:48:05Z,
198.23.148.90,ipv4,malicious-ip,medium,WHITE,ziyadnz/hourly-ipv4,ziyadnz|hourly,2026-08-17T18:48:05Z,2026-08-17T18:48:05Z,
198.23.149.74,ipv4,malicious-ip,medium,WHITE,ziyadnz/hourly-ipv4,ziyadnz|hourly,2026-08-17T18:48:05Z,2026-08-17T18:48:05Z,
198.23.150.42,ipv4,malicious-ip,medium,WHITE,ziyadnz/hourly-ipv4,ziyadnz|hourly,2026-08-17T18:48:05Z,2026-08-17T18:48:05Z,
198.23.153.40,ipv4,malicious-ip,medium,WHITE,ziyadnz/hourly-ipv4,ziyadnz|hourly,2026-08-17T18:48:05Z,2026-08-17T18:48:05Z,
198.23.160.154,ipv4,malicious-ip,medium,WHITE,ziyadnz/hourly-ipv4,ziyadnz|hourly,2026-08-17T18:48:05Z,2026-08-17T18:48:05Z,
198.23.188.147,ipv4,malicious-ip,medium,WHITE,ziyadnz/hourly-ipv4,ziyadnz|hourly,2026-08-17T18:48:05Z,2026-08-17T18:48:05Z,
198.23.200.2,ipv4,malicious-ip,medium,WHITE,ziyadnz/hourly-ipv4,ziyadnz|hourly,2026-08-17T18:48:05Z,2026-08-17T18:48:05Z,
198.23.209.169,ipv4,malicious-ip,medium,WHITE,ziyadnz/hourly-ipv4,ziyadnz|hourly,2026-08-17T18:48:05Z,2026-08-17T18:48:05Z,
198.23.212.246,ipv4,malicious-ip,medium,WHITE,ziyadnz/hourly-ipv4,ziyadnz|hourly,2026-08-17T18:48:05Z,2026-08-17T18:48:05Z,
198.23.238.48,ipv4,malicious-ip,medium,WHITE,ziyadnz/hourly-ipv4,ziyadnz|hourly,2026-08-17T18:48:05Z,2026-08-17T18:48:05Z,
198.23.238.50,ipv4,malicious-ip,medium,WHITE,ziyadnz/hourly-ipv4,ziyadnz|hourly,2026-08-17T18:48:05Z,2026-08-17T18:48:05Z,
198.23.244.211,ipv4,malicious-ip,medium,WHITE,ziyadnz/hourly-ipv4,ziyadnz|hourly,2026-08-17T18:48:05Z,2026-08-17T18:48:05Z,
198.235.24.0,ipv4,malicious-ip,medium,WHITE,ziyadnz/hourly-ipv4,ziyadnz|hourly,2026-08-17T18:48:05Z,2026-08-17T18:48:05Z,
198.235.24.10,ipv4,malicious-ip,medium,WHITE,ziyadnz/hourly-ipv4,ziyadnz|hourly,2026-08-17T18:48:05Z,2026-08-17T18:48:05Z,
198.235.24.100,ipv4,malicious-ip,medium,WHITE,ziyadnz/hourly-ipv4,ziyadnz|hourly,2026-08-17T18:48:05Z,2026-08-17T18:48:05Z,
198.235.24.101,ipv4,malicious-ip,medium,WHITE,ziyadnz/hourly-ipv4,ziyadnz|hourly,2026-08-17T18:48:05Z,2026-08-17T18:48:05Z,
198.235.24.102,ipv4,malicious-ip,medium,WHITE,ziyadnz/hourly-ipv4,ziyadnz|hourly,2026-08-17T18:48:05Z,2026-08-17T18:48:05Z,
198.235.24.103,ipv4,malicious-ip,medium,WHITE,ziyadnz/hourly-ipv4,ziyadnz|hourly,2026-08-17T18:48:05Z,2026-08-17T18:48:05Z,
198.235.24.104,ipv4,malicious-ip,medium,WHITE,ziyadnz/hourly-ipv4,ziyadnz|hourly,2026-08-17T18:48:05Z,2026-08-17T18:48:05Z,
198.235.24.105,ipv4,malicious-ip,medium,WHITE,ziyadnz/hourly-ipv4,ziyadnz|hourly,2026-08-17T18:48:05Z,2026-08-17T18:48:05Z,
198.235.24.106,ipv4,malicious-ip,medium,WHITE,ziyadnz/hourly-ipv4,ziyadnz|hourly,2026-08-17T18:48:05Z,2026-08-17T18:48:05Z,
198.235.24.107,ipv4,malicious-ip,medium,WHITE,ziyadnz/hourly-ipv4,ziyadnz|hourly,2026-08-17T18:48:05Z,2026-08-17T18:48:05Z,
198.235.24.108,ipv4,malicious-ip,medium,WHITE,ziyadnz/hourly-ipv4,ziyadnz|hourly,2026-08-17T18:48:05Z,2026-08-17T18:48:05Z,
198.235.24.109,ipv4,malicious-ip,medium,WHITE,ziyadnz/hourly-ipv4,ziyadnz|hourly,2026-08-17T18:48:05Z,2026-08-17T18:48:05Z,
198.235.24.11,ipv4,malicious-ip,medium,WHITE,ziyadnz/hourly-ipv4,ziyadnz|hourly,2026-08-17T18:48:05Z,2026-08-17T18:48:05Z,
198.235.24.110,ipv4,malicious-ip,medium,WHITE,ziyadnz/hourly-ipv4,ziyadnz|hourly,2026-08-17T18:48:05Z,2026-08-17T18:48:05Z,
198.235.24.111,ipv4,malicious-ip,medium,WHITE,ziyadnz/hourly-ipv4,ziyadnz|hourly,2026-08-17T18:48:05Z,2026-08-17T18:48:05Z,
198.235.24.112,ipv4,malicious-ip,medium,WHITE,ziyadnz/hourly-ipv4,ziyadnz|hourly,2026-08-17T18:48:05Z,2026-08-17T18:48:05Z,
198.235.24.113,ipv4,malicious-ip,medium,WHITE,ziyadnz/hourly-ipv4,ziyadnz|hourly,2026-08-17T18:48:05Z,2026-08-17T18:48:05Z,
198.235.24.114,ipv4,malicious-ip,medium,WHITE,ziyadnz/hourly-ipv4,ziyadnz|hourly,2026-08-17T18:48:05Z,2026-08-17T18:48:05Z,
198.235.24.115,ipv4,malicious-ip,medium,WHITE,ziyadnz/hourly-ipv4,ziyadnz|hourly,2026-08-17T18:48:05Z,2026-08-17T18:48:05Z,
198.235.24.116,ipv4,malicious-ip,medium,WHITE,ziyadnz/hourly-ipv4,ziyadnz|hourly,2026-08-17T18:48:05Z,2026-08-17T18:48:05Z,
198.235.24.117,ipv4,malicious-ip,medium,WHITE,ziyadnz/hourly-ipv4,ziyadnz|hourly,2026-08-17T18:48:05Z,2026-08-17T18:48:05Z,
198.235.24.118,ipv4,malicious-ip,medium,WHITE,ziyadnz/hourly-ipv4,ziyadnz|hourly,2026-08-17T18:48:05Z,2026-08-17T18:48:05Z,
198.235.24.119,ipv4,malicious-ip,medium,WHITE,ziyadnz/hourly-ipv4,ziyadnz|hourly,2026-08-17T18:48:05Z,2026-08-17T18:48:05Z,
198.235.24.12,ipv4,malicious-ip,medium,WHITE,ziyadnz/hourly-ipv4,ziyadnz|hourly,2026-08-17T18:48:05Z,2026-08-17T18:48:05Z,
198.235.24.120,ipv4,malicious-ip,medium,WHITE,ziyadnz/hourly-ipv4,ziyadnz|hourly,2026-08-17T18:48:05Z,2026-08-17T18:48:05Z,
198.235.24.121,ipv4,malicious-ip,medium,WHITE,ziyadnz/hourly-ipv4,ziyadnz|hourly,2026-08-17T18:48:05Z,2026-08-17T18:48:05Z,
198.235.24.122,ipv4,malicious-ip,medium,WHITE,ziyadnz/hourly-ipv4,ziyadnz|hourly,2026-08-17T18:48:05Z,2026-08-17T18:48:05Z,
198.235.24.123,ipv4,malicious-ip,medium,WHITE,ziyadnz/hourly-ipv4,ziyadnz|hourly,2026-08-17T18:48:05Z,2026-08-17T18:48:05Z,
198.235.24.124,ipv4,malicious-ip,medium,WHITE,ziyadnz/hourly-ipv4,ziyadnz|hourly,2026-08-17T18:48:05Z,2026-08-17T18:48:05Z,
198.235.24.125,ipv4,malicious-ip,medium,WHITE,ziyadnz/hourly-ipv4,ziyadnz|hourly,2026-08-17T18:48:05Z,2026-08-17T18:48:05Z,
198.235.24.126,ipv4,malicious-ip,medium,WHITE,ziyadnz/hourly-ipv4,ziyadnz|hourly,2026-08-17T18:48:05Z,2026-08-17T18:48:05Z,
198.235.24.127,ipv4,malicious-ip,medium,WHITE,ziyadnz/hourly-ipv4,ziyadnz|hourly,2026-08-17T18:48:05Z,2026-08-17T18:48:05Z,
198.235.24.128,ipv4,malicious-ip,medium,WHITE,ziyadnz/hourly-ipv4,ziyadnz|hourly,2026-08-17T18:48:05Z,2026-08-17T18:48:05Z,
198.235.24.129,ipv4,malicious-ip,medium,WHITE,ziyadnz/hourly-ipv4,ziyadnz|hourly,2026-08-17T18:48:05Z,2026-08-17T18:48:05Z,
198.235.24.13,ipv4,malicious-ip,medium,WHITE,ziyadnz/hourly-ipv4,ziyadnz|hourly,2026-08-17T18:48:05Z,2026-08-17T18:48:05Z,
198.235.24.130,ipv4,malicious-ip,medium,WHITE,ziyadnz/hourly-ipv4,ziyadnz|hourly,2026-08-17T18:48:05Z,2026-08-17T18:48:05Z,
198.235.24.131,ipv4,malicious-ip,medium,WHITE,ziyadnz/hourly-ipv4,ziyadnz|hourly,2026-08-17T18:48:05Z,2026-08-17T18:48:05Z,
198.235.24.132,ipv4,malicious-ip,medium,WHITE,ziyadnz/hourly-ipv4,ziyadnz|hourly,2026-08-17T18:48:05Z,2026-08-17T18:48:05Z,
198.235.24.133,ipv4,malicious-ip,medium,WHITE,ziyadnz/hourly-ipv4,ziyadnz|hourly,2026-08-17T18:48:05Z,2026-08-17T18:48:05Z,
198.235.24.134,ipv4,malicious-ip,medium,WHITE,ziyadnz/hourly-ipv4,ziyadnz|hourly,2026-08-17T18:48:05Z,2026-08-17T18:48:05Z,
198.235.24.135,ipv4,malicious-ip,medium,WHITE,ziyadnz/hourly-ipv4,ziyadnz|hourly,2026-08-17T18:48:05Z,2026-08-17T18:48:05Z,
198.235.24.136,ipv4,malicious-ip,medium,WHITE,ziyadnz/hourly-ipv4,ziyadnz|hourly,2026-08-17T18:48:05Z,2026-08-17T18:48:05Z,
198.235.24.137,ipv4,malicious-ip,medium,WHITE,ziyadnz/hourly-ipv4,ziyadnz|hourly,2026-08-17T18:48:05Z,2026-08-17T18:48:05Z,
198.235.24.138,ipv4,malicious-ip,medium,WHITE,ziyadnz/hourly-ipv4,ziyadnz|hourly,2026-08-17T18:48:05Z,2026-08-17T18:48:05Z,
198.235.24.139,ipv4,malicious-ip,medium,WHITE,ziyadnz/hourly-ipv4,ziyadnz|hourly,2026-08-17T18:48:05Z,2026-08-17T18:48:05Z,
198.235.24.14,ipv4,malicious-ip,medium,WHITE,ziyadnz/hourly-ipv4,ziyadnz|hourly,2026-08-17T18:48:05Z,2026-08-17T18:48:05Z,
198.235.24.140,ipv4,malicious-ip,medium,WHITE,ziyadnz/hourly-ipv4,ziyadnz|hourly,2026-08-17T18:48:05Z,2026-08-17T18:48:05Z,
198.235.24.141,ipv4,malicious-ip,medium,WHITE,ziyadnz/hourly-ipv4,ziyadnz|hourly,2026-08-17T18:48:05Z,2026-08-17T18:48:05Z,
198.235.24.142,ipv4,malicious-ip,medium,WHITE,ziyadnz/hourly-ipv4,ziyadnz|hourly,2026-08-17T18:48:05Z,2026-08-17T18:48:05Z,
198.235.24.143,ipv4,malicious-ip,medium,WHITE,ziyadnz/hourly-ipv4,ziyadnz|hourly,2026-08-17T18:48:05Z,2026-08-17T18:48:05Z,
198.235.24.144,ipv4,malicious-ip,medium,WHITE,ziyadnz/hourly-ipv4,ziyadnz|hourly,2026-08-17T18:48:05Z,2026-08-17T18:48:05Z,
198.235.24.145,ipv4,malicious-ip,medium,WHITE,ziyadnz/hourly-ipv4,ziyadnz|hourly,2026-08-17T18:48:05Z,2026-08-17T18:48:05Z,
198.235.24.146,ipv4,malicious-ip,medium,WHITE,ziyadnz/hourly-ipv4,ziyadnz|hourly,2026-08-17T18:48:05Z,2026-08-17T18:48:05Z,
198.235.24.147,ipv4,malicious-ip,medium,WHITE,ziyadnz/hourly-ipv4,ziyadnz|hourly,2026-08-17T18:48:05Z,2026-08-17T18:48:05Z,
198.235.24.148,ipv4,malicious-ip,medium,WHITE,ziyadnz/hourly-ipv4,ziyadnz|hourly,2026-08-17T18:48:05Z,2026-08-17T18:48:05Z,
198.235.24.149,ipv4,malicious-ip,medium,WHITE,ziyadnz/hourly-ipv4,ziyadnz|hourly,2026-08-17T18:48:05Z,2026-08-17T18:48:05Z,
198.235.24.15,ipv4,malicious-ip,medium,WHITE,ziyadnz/hourly-ipv4,ziyadnz|hourly,2026-08-17T18:48:05Z,2026-08-17T18:48:05Z,
198.235.24.150,ipv4,malicious-ip,medium,WHITE,ziyadnz/hourly-ipv4,ziyadnz|hourly,2026-08-17T18:48:05Z,2026-08-17T18:48:05Z,
198.235.24.151,ipv4,malicious-ip,medium,WHITE,ziyadnz/hourly-ipv4,ziyadnz|hourly,2026-08-17T18:48:05Z,2026-08-17T18:48:05Z,
198.235.24.152,ipv4,malicious-ip,medium,WHITE,ziyadnz/hourly-ipv4,ziyadnz|hourly,2026-08-17T18:48:05Z,2026-08-17T18:48:05Z,
198.235.24.153,ipv4,malicious-ip,medium,WHITE,ziyadnz/hourly-ipv4,ziyadnz|hourly,2026-08-17T18:48:05Z,2026-08-17T18:48:05Z,
198.235.24.154,ipv4,malicious-ip,medium,WHITE,ziyadnz/hourly-ipv4,ziyadnz|hourly,2026-08-17T18:48:05Z,2026-08-17T18:48:05Z,
198.235.24.155,ipv4,malicious-ip,medium,WHITE,ziyadnz/hourly-ipv4,ziyadnz|hourly,2026-08-17T18:48:05Z,2026-08-17T18:48:05Z,
198.235.24.156,ipv4,malicious-ip,medium,WHITE,ziyadnz/hourly-ipv4,ziyadnz|hourly,2026-08-17T18:48:05Z,2026-08-17T18:48:05Z,
198.235.24.158,ipv4,malicious-ip,medium,WHITE,ziyadnz/hourly-ipv4,ziyadnz|hourly,2026-08-17T18:48:05Z,2026-08-17T18:48:05Z,
198.235.24.159,ipv4,malicious-ip,medium,WHITE,ziyadnz/hourly-ipv4,ziyadnz|hourly,2026-08-17T18:48:05Z,2026-08-17T18:48:05Z,
198.235.24.16,ipv4,malicious-ip,medium,WHITE,ziyadnz/hourly-ipv4,ziyadnz|hourly,2026-08-17T18:48:05Z,2026-08-17T18:48:05Z,
198.235.24.161,ipv4,malicious-ip,medium,WHITE,ziyadnz/hourly-ipv4,ziyadnz|hourly,2026-08-17T18:48:05Z,2026-08-17T18:48:05Z,
198.235.24.162,ipv4,malicious-ip,medium,WHITE,ziyadnz/hourly-ipv4,ziyadnz|hourly,2026-08-17T18:48:05Z,2026-08-17T18:48:05Z,
198.235.24.163,ipv4,malicious-ip,medium,WHITE,ziyadnz/hourly-ipv4,ziyadnz|hourly,2026-08-17T18:48:05Z,2026-08-17T18:48:05Z,
198.235.24.164,ipv4,malicious-ip,medium,WHITE,ziyadnz/hourly-ipv4,ziyadnz|hourly,2026-08-17T18:48:05Z,2026-08-17T18:48:05Z,
198.235.24.165,ipv4,malicious-ip,medium,WHITE,ziyadnz/hourly-ipv4,ziyadnz|hourly,2026-08-17T18:48:05Z,2026-08-17T18:48:05Z,
198.235.24.166,ipv4,malicious-ip,medium,WHITE,ziyadnz/hourly-ipv4,ziyadnz|hourly,2026-08-17T18:48:05Z,2026-08-17T18:48:05Z,
198.235.24.167,ipv4,malicious-ip,medium,WHITE,ziyadnz/hourly-ipv4,ziyadnz|hourly,2026-08-17T18:48:05Z,2026-08-17T18:48:05Z,
198.235.24.168,ipv4,malicious-ip,medium,WHITE,ziyadnz/hourly-ipv4,ziyadnz|hourly,2026-08-17T18:48:05Z,2026-08-17T18:48:05Z,
198.235.24.169,ipv4,malicious-ip,medium,WHITE,ziyadnz/hourly-ipv4,ziyadnz|hourly,2026-08-17T18:48:05Z,2026-08-17T18:48:05Z,
198.235.24.17,ipv4,malicious-ip,medium,WHITE,ziyadnz/hourly-ipv4,ziyadnz|hourly,2026-08-17T18:48:05Z,2026-08-17T18:48:05Z,
198.235.24.170,ipv4,malicious-ip,medium,WHITE,ziyadnz/hourly-ipv4,ziyadnz|hourly,2026-08-17T18:48:05Z,2026-08-17T18:48:05Z,
198.235.24.171,ipv4,malicious-ip,medium,WHITE,ziyadnz/hourly-ipv4,ziyadnz|hourly,2026-08-17T18:48:05Z,2026-08-17T18:48:05Z,
198.235.24.172,ipv4,malicious-ip,medium,WHITE,ziyadnz/hourly-ipv4,ziyadnz|hourly,2026-08-17T18:48:05Z,2026-08-17T18:48:05Z,
198.235.24.173,ipv4,malicious-ip,medium,WHITE,ziyadnz/hourly-ipv4,ziyadnz|hourly,2026-08-17T18:48:05Z,2026-08-17T18:48:05Z,
198.235.24.174,ipv4,malicious-ip,medium,WHITE,ziyadnz/hourly-ipv4,ziyadnz|hourly,2026-08-17T18:48:05Z,2026-08-17T18:48:05Z,
198.235.24.175,ipv4,malicious-ip,medium,WHITE,ziyadnz/hourly-ipv4,ziyadnz|hourly,2026-08-17T18:48:05Z,2026-08-17T18:48:05Z,
198.235.24.176,ipv4,malicious-ip,medium,WHITE,ziyadnz/hourly-ipv4,ziyadnz|hourly,2026-08-17T18:48:05Z,2026-08-17T18:48:05Z,
198.235.24.177,ipv4,malicious-ip,medium,WHITE,ziyadnz/hourly-ipv4,ziyadnz|hourly,2026-08-17T18:48:05Z,2026-08-17T18:48:05Z,
198.235.24.178,ipv4,malicious-ip,medium,WHITE,ziyadnz/hourly-ipv4,ziyadnz|hourly,2026-08-17T18:48:05Z,2026-08-17T18:48:05Z,
198.235.24.179,ipv4,malicious-ip,medium,WHITE,ziyadnz/hourly-ipv4,ziyadnz|hourly,2026-08-17T18:48:05Z,2026-08-17T18:48:05Z,
198.235.24.18,ipv4,malicious-ip,medium,WHITE,ziyadnz/hourly-ipv4,ziyadnz|hourly,2026-08-17T18:48:05Z,2026-08-17T18:48:05Z,
198.235.24.180,ipv4,malicious-ip,medium,WHITE,ziyadnz/hourly-ipv4,ziyadnz|hourly,2026-08-17T18:48:05Z,2026-08-17T18:48:05Z,
198.235.24.181,ipv4,malicious-ip,medium,WHITE,ziyadnz/hourly-ipv4,ziyadnz|hourly,2026-08-17T18:48:05Z,2026-08-17T18:48:05Z,
198.235.24.182,ipv4,malicious-ip,medium,WHITE,ziyadnz/hourly-ipv4,ziyadnz|hourly,2026-08-17T18:48:05Z,2026-08-17T18:48:05Z,
198.235.24.183,ipv4,malicious-ip,medium,WHITE,ziyadnz/hourly-ipv4,ziyadnz|hourly,2026-08-17T18:48:05Z,2026-08-17T18:48:05Z,
198.235.24.184,ipv4,malicious-ip,medium,WHITE,ziyadnz/hourly-ipv4,ziyadnz|hourly,2026-08-17T18:48:05Z,2026-08-17T18:48:05Z,
198.235.24.185,ipv4,malicious-ip,medium,WHITE,ziyadnz/hourly-ipv4,ziyadnz|hourly,2026-08-17T18:48:05Z,2026-08-17T18:48:05Z,
198.235.24.186,ipv4,malicious-ip,medium,WHITE,ziyadnz/hourly-ipv4,ziyadnz|hourly,2026-08-17T18:48:05Z,2026-08-17T18:48:05Z,
198.235.24.19,ipv4,malicious-ip,medium,WHITE,ziyadnz/hourly-ipv4,ziyadnz|hourly,2026-08-17T18:48:05Z,2026-08-17T18:48:05Z,
198.235.24.192,ipv4,malicious-ip,medium,WHITE,ziyadnz/hourly-ipv4,ziyadnz|hourly,2026-08-17T18:48:05Z,2026-08-17T18:48:05Z,
198.235.24.193,ipv4,malicious-ip,medium,WHITE,ziyadnz/hourly-ipv4,ziyadnz|hourly,2026-08-17T18:48:05Z,2026-08-17T18:48:05Z,
198.235.24.194,ipv4,malicious-ip,medium,WHITE,ziyadnz/hourly-ipv4,ziyadnz|hourly,2026-08-17T18:48:05Z,2026-08-17T18:48:05Z,
198.235.24.195,ipv4,malicious-ip,medium,WHITE,ziyadnz/hourly-ipv4,ziyadnz|hourly,2026-08-17T18:48:05Z,2026-08-17T18:48:05Z,
198.235.24.196,ipv4,malicious-ip,medium,WHITE,ziyadnz/hourly-ipv4,ziyadnz|hourly,2026-08-17T18:48:05Z,2026-08-17T18:48:05Z,
198.235.24.197,ipv4,malicious-ip,medium,WHITE,ziyadnz/hourly-ipv4,ziyadnz|hourly,2026-08-17T18:48:05Z,2026-08-17T18:48:05Z,
198.235.24.198,ipv4,malicious-ip,medium,WHITE,ziyadnz/hourly-ipv4,ziyadnz|hourly,2026-08-17T18:48:05Z,2026-08-17T18:48:05Z,
198.235.24.199,ipv4,malicious-ip,medium,WHITE,ziyadnz/hourly-ipv4,ziyadnz|hourly,2026-08-17T18:48:05Z,2026-08-17T18:48:05Z,
198.235.24.2,ipv4,malicious-ip,medium,WHITE,ziyadnz/hourly-ipv4,ziyadnz|hourly,2026-08-17T18:48:05Z,2026-08-17T18:48:05Z,
198.235.24.20,ipv4,malicious-ip,medium,WHITE,ziyadnz/hourly-ipv4,ziyadnz|hourly,2026-08-17T18:48:05Z,2026-08-17T18:48:05Z,
198.235.24.200,ipv4,malicious-ip,medium,WHITE,ziyadnz/hourly-ipv4,ziyadnz|hourly,2026-08-17T18:48:05Z,2026-08-17T18:48:05Z,
198.235.24.201,ipv4,malicious-ip,medium,WHITE,ziyadnz/hourly-ipv4,ziyadnz|hourly,2026-08-17T18:48:05Z,2026-08-17T18:48:05Z,
198.235.24.202,ipv4,malicious-ip,medium,WHITE,ziyadnz/hourly-ipv4,ziyadnz|hourly,2026-08-17T18:48:05Z,2026-08-17T18:48:05Z,
198.235.24.203,ipv4,malicious-ip,medium,WHITE,ziyadnz/hourly-ipv4,ziyadnz|hourly,2026-08-17T18:48:05Z,2026-08-17T18:48:05Z,
198.235.24.204,ipv4,malicious-ip,medium,WHITE,ziyadnz/hourly-ipv4,ziyadnz|hourly,2026-08-17T18:48:05Z,2026-08-17T18:48:05Z,
198.235.24.205,ipv4,malicious-ip,medium,WHITE,ziyadnz/hourly-ipv4,ziyadnz|hourly,2026-08-17T18:48:05Z,2026-08-17T18:48:05Z,
198.235.24.206,ipv4,malicious-ip,medium,WHITE,ziyadnz/hourly-ipv4,ziyadnz|hourly,2026-08-17T18:48:05Z,2026-08-17T18:48:05Z,
198.235.24.207,ipv4,malicious-ip,medium,WHITE,ziyadnz/hourly-ipv4,ziyadnz|hourly,2026-08-17T18:48:05Z,2026-08-17T18:48:05Z,
198.235.24.208,ipv4,malicious-ip,medium,WHITE,ziyadnz/hourly-ipv4,ziyadnz|hourly,2026-08-17T18:48:05Z,2026-08-17T18:48:05Z,
198.235.24.209,ipv4,malicious-ip,medium,WHITE,ziyadnz/hourly-ipv4,ziyadnz|hourly,2026-08-17T18:48:05Z,2026-08-17T18:48:05Z,
198.235.24.211,ipv4,malicious-ip,medium,WHITE,ziyadnz/hourly-ipv4,ziyadnz|hourly,2026-08-17T18:48:05Z,2026-08-17T18:48:05Z,
198.235.24.212,ipv4,malicious-ip,medium,WHITE,ziyadnz/hourly-ipv4,ziyadnz|hourly,2026-08-17T18:48:05Z,2026-08-17T18:48:05Z,
198.235.24.213,ipv4,malicious-ip,medium,WHITE,ziyadnz/hourly-ipv4,ziyadnz|hourly,2026-08-17T18:48:05Z,2026-08-17T18:48:05Z,
198.235.24.214,ipv4,malicious-ip,medium,WHITE,ziyadnz/hourly-ipv4,ziyadnz|hourly,2026-08-17T18:48:05Z,2026-08-17T18:48:05Z,
198.235.24.215,ipv4,malicious-ip,medium,WHITE,ziyadnz/hourly-ipv4,ziyadnz|hourly,2026-08-17T18:48:05Z,2026-08-17T18:48:05Z,
198.235.24.216,ipv4,malicious-ip,medium,WHITE,ziyadnz/hourly-ipv4,ziyadnz|hourly,2026-08-17T18:48:05Z,2026-08-17T18:48:05Z,
198.235.24.217,ipv4,malicious-ip,medium,WHITE,ziyadnz/hourly-ipv4,ziyadnz|hourly,2026-08-17T18:48:05Z,2026-08-17T18:48:05Z,
198.235.24.218,ipv4,malicious-ip,medium,WHITE,ziyadnz/hourly-ipv4,ziyadnz|hourly,2026-08-17T18:48:05Z,2026-08-17T18:48:05Z,
198.235.24.219,ipv4,malicious-ip,medium,WHITE,ziyadnz/hourly-ipv4,ziyadnz|hourly,2026-08-17T18:48:05Z,2026-08-17T18:48:05Z,
198.235.24.22,ipv4,malicious-ip,medium,WHITE,ziyadnz/hourly-ipv4,ziyadnz|hourly,2026-08-17T18:48:05Z,2026-08-17T18:48:05Z,
198.235.24.220,ipv4,malicious-ip,medium,WHITE,ziyadnz/hourly-ipv4,ziyadnz|hourly,2026-08-17T18:48:05Z,2026-08-17T18:48:05Z,
198.235.24.221,ipv4,malicious-ip,medium,WHITE,ziyadnz/hourly-ipv4,ziyadnz|hourly,2026-08-17T18:48:05Z,2026-08-17T18:48:05Z,
198.235.24.222,ipv4,malicious-ip,medium,WHITE,ziyadnz/hourly-ipv4,ziyadnz|hourly,2026-08-17T18:48:05Z,2026-08-17T18:48:05Z,
198.235.24.223,ipv4,malicious-ip,medium,WHITE,ziyadnz/hourly-ipv4,ziyadnz|hourly,2026-08-17T18:48:05Z,2026-08-17T18:48:05Z,
198.235.24.224,ipv4,malicious-ip,medium,WHITE,ziyadnz/hourly-ipv4,ziyadnz|hourly,2026-08-17T18:48:05Z,2026-08-17T18:48:05Z,
198.235.24.225,ipv4,malicious-ip,medium,WHITE,ziyadnz/hourly-ipv4,ziyadnz|hourly,2026-08-17T18:48:05Z,2026-08-17T18:48:05Z,
198.235.24.226,ipv4,malicious-ip,medium,WHITE,ziyadnz/hourly-ipv4,ziyadnz|hourly,2026-08-17T18:48:05Z,2026-08-17T18:48:05Z,
198.235.24.227,ipv4,malicious-ip,medium,WHITE,ziyadnz/hourly-ipv4,ziyadnz|hourly,2026-08-17T18:48:05Z,2026-08-17T18:48:05Z,
198.235.24.228,ipv4,malicious-ip,medium,WHITE,ziyadnz/hourly-ipv4,ziyadnz|hourly,2026-08-17T18:48:05Z,2026-08-17T18:48:05Z,
198.235.24.229,ipv4,malicious-ip,medium,WHITE,ziyadnz/hourly-ipv4,ziyadnz|hourly,2026-08-17T18:48:05Z,2026-08-17T18:48:05Z,
198.235.24.23,ipv4,malicious-ip,medium,WHITE,ziyadnz/hourly-ipv4,ziyadnz|hourly,2026-08-17T18:48:05Z,2026-08-17T18:48:05Z,
198.235.24.230,ipv4,malicious-ip,medium,WHITE,ziyadnz/hourly-ipv4,ziyadnz|hourly,2026-08-17T18:48:05Z,2026-08-17T18:48:05Z,
198.235.24.231,ipv4,malicious-ip,medium,WHITE,ziyadnz/hourly-ipv4,ziyadnz|hourly,2026-08-17T18:48:05Z,2026-08-17T18:48:05Z,
198.235.24.232,ipv4,malicious-ip,medium,WHITE,ziyadnz/hourly-ipv4,ziyadnz|hourly,2026-08-17T18:48:05Z,2026-08-17T18:48:05Z,
198.235.24.233,ipv4,malicious-ip,medium,WHITE,ziyadnz/hourly-ipv4,ziyadnz|hourly,2026-08-17T18:48:05Z,2026-08-17T18:48:05Z,
198.235.24.234,ipv4,malicious-ip,medium,WHITE,ziyadnz/hourly-ipv4,ziyadnz|hourly,2026-08-17T18:48:05Z,2026-08-17T18:48:05Z,
198.235.24.235,ipv4,malicious-ip,medium,WHITE,ziyadnz/hourly-ipv4,ziyadnz|hourly,2026-08-17T18:48:05Z,2026-08-17T18:48:05Z,
198.235.24.236,ipv4,malicious-ip,medium,WHITE,ziyadnz/hourly-ipv4,ziyadnz|hourly,2026-08-17T18:48:05Z,2026-08-17T18:48:05Z,
198.235.24.237,ipv4,malicious-ip,medium,WHITE,ziyadnz/hourly-ipv4,ziyadnz|hourly,2026-08-17T18:48:05Z,2026-08-17T18:48:05Z,
198.235.24.238,ipv4,malicious-ip,medium,WHITE,ziyadnz/hourly-ipv4,ziyadnz|hourly,2026-08-17T18:48:05Z,2026-08-17T18:48:05Z,
198.235.24.239,ipv4,malicious-ip,medium,WHITE,ziyadnz/hourly-ipv4,ziyadnz|hourly,2026-08-17T18:48:05Z,2026-08-17T18:48:05Z,
198.235.24.24,ipv4,malicious-ip,medium,WHITE,ziyadnz/hourly-ipv4,ziyadnz|hourly,2026-08-17T18:48:05Z,2026-08-17T18:48:05Z,
198.235.24.240,ipv4,malicious-ip,medium,WHITE,ziyadnz/hourly-ipv4,ziyadnz|hourly,2026-08-17T18:48:05Z,2026-08-17T18:48:05Z,
198.235.24.241,ipv4,malicious-ip,medium,WHITE,ziyadnz/hourly-ipv4,ziyadnz|hourly,2026-08-17T18:48:05Z,2026-08-17T18:48:05Z,
198.235.24.242,ipv4,malicious-ip,medium,WHITE,ziyadnz/hourly-ipv4,ziyadnz|hourly,2026-08-17T18:48:05Z,2026-08-17T18:48:05Z,
198.235.24.243,ipv4,malicious-ip,medium,WHITE,ziyadnz/hourly-ipv4,ziyadnz|hourly,2026-08-17T18:48:05Z,2026-08-17T18:48:05Z,
198.235.24.244,ipv4,malicious-ip,medium,WHITE,ziyadnz/hourly-ipv4,ziyadnz|hourly,2026-08-17T18:48:05Z,2026-08-17T18:48:05Z,
198.235.24.245,ipv4,malicious-ip,medium,WHITE,ziyadnz/hourly-ipv4,ziyadnz|hourly,2026-08-17T18:48:05Z,2026-08-17T18:48:05Z,
198.235.24.246,ipv4,malicious-ip,medium,WHITE,ziyadnz/hourly-ipv4,ziyadnz|hourly,2026-08-17T18:48:05Z,2026-08-17T18:48:05Z,
198.235.24.247,ipv4,malicious-ip,medium,WHITE,ziyadnz/hourly-ipv4,ziyadnz|hourly,2026-08-17T18:48:05Z,2026-08-17T18:48:05Z,
198.235.24.248,ipv4,malicious-ip,medium,WHITE,ziyadnz/hourly-ipv4,ziyadnz|hourly,2026-08-17T18:48:05Z,2026-08-17T18:48:05Z,
198.235.24.249,ipv4,malicious-ip,medium,WHITE,ziyadnz/hourly-ipv4,ziyadnz|hourly,2026-08-17T18:48:05Z,2026-08-17T18:48:05Z,
198.235.24.25,ipv4,malicious-ip,medium,WHITE,ziyadnz/hourly-ipv4,ziyadnz|hourly,2026-08-17T18:48:05Z,2026-08-17T18:48:05Z,
198.235.24.251,ipv4,malicious-ip,medium,WHITE,ziyadnz/hourly-ipv4,ziyadnz|hourly,2026-08-17T18:48:05Z,2026-08-17T18:48:05Z,
198.235.24.252,ipv4,malicious-ip,medium,WHITE,ziyadnz/hourly-ipv4,ziyadnz|hourly,2026-08-17T18:48:05Z,2026-08-17T18:48:05Z,
198.235.24.253,ipv4,malicious-ip,medium,WHITE,ziyadnz/hourly-ipv4,ziyadnz|hourly,2026-08-17T18:48:05Z,2026-08-17T18:48:05Z,
198.235.24.254,ipv4,malicious-ip,medium,WHITE,ziyadnz/hourly-ipv4,ziyadnz|hourly,2026-08-17T18:48:05Z,2026-08-17T18:48:05Z,
198.235.24.255,ipv4,malicious-ip,medium,WHITE,ziyadnz/hourly-ipv4,ziyadnz|hourly,2026-08-17T18:48:05Z,2026-08-17T18:48:05Z,
198.235.24.26,ipv4,malicious-ip,medium,WHITE,ziyadnz/hourly-ipv4,ziyadnz|hourly,2026-08-17T18:48:05Z,2026-08-17T18:48:05Z,
198.235.24.27,ipv4,malicious-ip,medium,WHITE,ziyadnz/hourly-ipv4,ziyadnz|hourly,2026-08-17T18:48:05Z,2026-08-17T18:48:05Z,
198.235.24.28,ipv4,malicious-ip,medium,WHITE,ziyadnz/hourly-ipv4,ziyadnz|hourly,2026-08-17T18:48:05Z,2026-08-17T18:48:05Z,
198.235.24.29,ipv4,malicious-ip,medium,WHITE,ziyadnz/hourly-ipv4,ziyadnz|hourly,2026-08-17T18:48:05Z,2026-08-17T18:48:05Z,
198.235.24.3,ipv4,malicious-ip,medium,WHITE,ziyadnz/hourly-ipv4,ziyadnz|hourly,2026-08-17T18:48:05Z,2026-08-17T18:48:05Z,
198.235.24.30,ipv4,malicious-ip,medium,WHITE,ziyadnz/hourly-ipv4,ziyadnz|hourly,2026-08-17T18:48:05Z,2026-08-17T18:48:05Z,
198.235.24.31,ipv4,malicious-ip,medium,WHITE,ziyadnz/hourly-ipv4,ziyadnz|hourly,2026-08-17T18:48:05Z,2026-08-17T18:48:05Z,
198.235.24.32,ipv4,malicious-ip,medium,WHITE,ziyadnz/hourly-ipv4,ziyadnz|hourly,2026-08-17T18:48:05Z,2026-08-17T18:48:05Z,
198.235.24.33,ipv4,malicious-ip,medium,WHITE,ziyadnz/hourly-ipv4,ziyadnz|hourly,2026-08-17T18:48:05Z,2026-08-17T18:48:05Z,
198.235.24.34,ipv4,malicious-ip,medium,WHITE,ziyadnz/hourly-ipv4,ziyadnz|hourly,2026-08-17T18:48:05Z,2026-08-17T18:48:05Z,
198.235.24.35,ipv4,malicious-ip,medium,WHITE,ziyadnz/hourly-ipv4,ziyadnz|hourly,2026-08-17T18:48:05Z,2026-08-17T18:48:05Z,
198.235.24.36,ipv4,malicious-ip,medium,WHITE,ziyadnz/hourly-ipv4,ziyadnz|hourly,2026-08-17T18:48:05Z,2026-08-17T18:48:05Z,
198.235.24.37,ipv4,malicious-ip,medium,WHITE,ziyadnz/hourly-ipv4,ziyadnz|hourly,2026-08-17T18:48:05Z,2026-08-17T18:48:05Z,
198.235.24.38,ipv4,malicious-ip,medium,WHITE,ziyadnz/hourly-ipv4,ziyadnz|hourly,2026-08-17T18:48:05Z,2026-08-17T18:48:05Z,
198.235.24.39,ipv4,malicious-ip,medium,WHITE,ziyadnz/hourly-ipv4,ziyadnz|hourly,2026-08-17T18:48:05Z,2026-08-17T18:48:05Z,
198.235.24.40,ipv4,malicious-ip,medium,WHITE,ziyadnz/hourly-ipv4,ziyadnz|hourly,2026-08-17T18:48:05Z,2026-08-17T18:48:05Z,
198.235.24.41,ipv4,malicious-ip,medium,WHITE,ziyadnz/hourly-ipv4,ziyadnz|hourly,2026-08-17T18:48:05Z,2026-08-17T18:48:05Z,
198.235.24.42,ipv4,malicious-ip,medium,WHITE,ziyadnz/hourly-ipv4,ziyadnz|hourly,2026-08-17T18:48:05Z,2026-08-17T18:48:05Z,
198.235.24.43,ipv4,malicious-ip,medium,WHITE,ziyadnz/hourly-ipv4,ziyadnz|hourly,2026-08-17T18:48:05Z,2026-08-17T18:48:05Z,
198.235.24.44,ipv4,malicious-ip,medium,WHITE,ziyadnz/hourly-ipv4,ziyadnz|hourly,2026-08-17T18:48:05Z,2026-08-17T18:48:05Z,
198.235.24.45,ipv4,malicious-ip,medium,WHITE,ziyadnz/hourly-ipv4,ziyadnz|hourly,2026-08-17T18:48:05Z,2026-08-17T18:48:05Z,
198.235.24.46,ipv4,malicious-ip,medium,WHITE,ziyadnz/hourly-ipv4,ziyadnz|hourly,2026-08-17T18:48:05Z,2026-08-17T18:48:05Z,
198.235.24.47,ipv4,malicious-ip,medium,WHITE,ziyadnz/hourly-ipv4,ziyadnz|hourly,2026-08-17T18:48:05Z,2026-08-17T18:48:05Z,
198.235.24.48,ipv4,malicious-ip,medium,WHITE,ziyadnz/hourly-ipv4,ziyadnz|hourly,2026-08-17T18:48:05Z,2026-08-17T18:48:05Z,
198.235.24.49,ipv4,malicious-ip,medium,WHITE,ziyadnz/hourly-ipv4,ziyadnz|hourly,2026-08-17T18:48:05Z,2026-08-17T18:48:05Z,
198.235.24.5,ipv4,malicious-ip,medium,WHITE,ziyadnz/hourly-ipv4,ziyadnz|hourly,2026-08-17T18:48:05Z,2026-08-17T18:48:05Z,
198.235.24.50,ipv4,malicious-ip,medium,WHITE,ziyadnz/hourly-ipv4,ziyadnz|hourly,2026-08-17T18:48:05Z,2026-08-17T18:48:05Z,
198.235.24.51,ipv4,malicious-ip,medium,WHITE,ziyadnz/hourly-ipv4,ziyadnz|hourly,2026-08-17T18:48:05Z,2026-08-17T18:48:05Z,
198.235.24.52,ipv4,malicious-ip,medium,WHITE,ziyadnz/hourly-ipv4,ziyadnz|hourly,2026-08-17T18:48:05Z,2026-08-17T18:48:05Z,
198.235.24.53,ipv4,malicious-ip,medium,WHITE,ziyadnz/hourly-ipv4,ziyadnz|hourly,2026-08-17T18:48:05Z,2026-08-17T18:48:05Z,
198.235.24.54,ipv4,malicious-ip,medium,WHITE,ziyadnz/hourly-ipv4,ziyadnz|hourly,2026-08-17T18:48:05Z,2026-08-17T18:48:05Z,
198.235.24.55,ipv4,malicious-ip,medium,WHITE,ziyadnz/hourly-ipv4,ziyadnz|hourly,2026-08-17T18:48:05Z,2026-08-17T18:48:05Z,
198.235.24.56,ipv4,malicious-ip,medium,WHITE,ziyadnz/hourly-ipv4,ziyadnz|hourly,2026-08-17T18:48:05Z,2026-08-17T18:48:05Z,
198.235.24.57,ipv4,malicious-ip,medium,WHITE,ziyadnz/hourly-ipv4,ziyadnz|hourly,2026-08-17T18:48:05Z,2026-08-17T18:48:05Z,
198.235.24.58,ipv4,malicious-ip,medium,WHITE,ziyadnz/hourly-ipv4,ziyadnz|hourly,2026-08-17T18:48:05Z,2026-08-17T18:48:05Z,
198.235.24.59,ipv4,malicious-ip,medium,WHITE,ziyadnz/hourly-ipv4,ziyadnz|hourly,2026-08-17T18:48:05Z,2026-08-17T18:48:05Z,
198.235.24.6,ipv4,malicious-ip,medium,WHITE,ziyadnz/hourly-ipv4,ziyadnz|hourly,2026-08-17T18:48:05Z,2026-08-17T18:48:05Z,
198.235.24.60,ipv4,malicious-ip,medium,WHITE,ziyadnz/hourly-ipv4,ziyadnz|hourly,2026-08-17T18:48:05Z,2026-08-17T18:48:05Z,
198.235.24.65,ipv4,malicious-ip,medium,WHITE,ziyadnz/hourly-ipv4,ziyadnz|hourly,2026-08-17T18:48:05Z,2026-08-17T18:48:05Z,
198.235.24.66,ipv4,malicious-ip,medium,WHITE,ziyadnz/hourly-ipv4,ziyadnz|hourly,2026-08-17T18:48:05Z,2026-08-17T18:48:05Z,
198.235.24.67,ipv4,malicious-ip,medium,WHITE,ziyadnz/hourly-ipv4,ziyadnz|hourly,2026-08-17T18:48:05Z,2026-08-17T18:48:05Z,
198.235.24.68,ipv4,malicious-ip,medium,WHITE,ziyadnz/hourly-ipv4,ziyadnz|hourly,2026-08-17T18:48:05Z,2026-08-17T18:48:05Z,
198.235.24.69,ipv4,malicious-ip,medium,WHITE,ziyadnz/hourly-ipv4,ziyadnz|hourly,2026-08-17T18:48:05Z,2026-08-17T18:48:05Z,
198.235.24.70,ipv4,malicious-ip,medium,WHITE,ziyadnz/hourly-ipv4,ziyadnz|hourly,2026-08-17T18:48:05Z,2026-08-17T18:48:05Z,
198.235.24.71,ipv4,malicious-ip,medium,WHITE,ziyadnz/hourly-ipv4,ziyadnz|hourly,2026-08-17T18:48:05Z,2026-08-17T18:48:05Z,
198.235.24.72,ipv4,malicious-ip,medium,WHITE,ziyadnz/hourly-ipv4,ziyadnz|hourly,2026-08-17T18:48:05Z,2026-08-17T18:48:05Z,
198.235.24.73,ipv4,malicious-ip,medium,WHITE,ziyadnz/hourly-ipv4,ziyadnz|hourly,2026-08-17T18:48:05Z,2026-08-17T18:48:05Z,
198.235.24.74,ipv4,malicious-ip,medium,WHITE,ziyadnz/hourly-ipv4,ziyadnz|hourly,2026-08-17T18:48:05Z,2026-08-17T18:48:05Z,
198.235.24.75,ipv4,malicious-ip,medium,WHITE,ziyadnz/hourly-ipv4,ziyadnz|hourly,2026-08-17T18:48:05Z,2026-08-17T18:48:05Z,
198.235.24.76,ipv4,malicious-ip,medium,WHITE,ziyadnz/hourly-ipv4,ziyadnz|hourly,2026-08-17T18:48:05Z,2026-08-17T18:48:05Z,
198.235.24.77,ipv4,malicious-ip,medium,WHITE,ziyadnz/hourly-ipv4,ziyadnz|hourly,2026-08-17T18:48:05Z,2026-08-17T18:48:05Z,
198.235.24.78,ipv4,malicious-ip,medium,WHITE,ziyadnz/hourly-ipv4,ziyadnz|hourly,2026-08-17T18:48:05Z,2026-08-17T18:48:05Z,
198.235.24.79,ipv4,malicious-ip,medium,WHITE,ziyadnz/hourly-ipv4,ziyadnz|hourly,2026-08-17T18:48:05Z,2026-08-17T18:48:05Z,
198.235.24.8,ipv4,malicious-ip,medium,WHITE,ziyadnz/hourly-ipv4,ziyadnz|hourly,2026-08-17T18:48:05Z,2026-08-17T18:48:05Z,
198.235.24.80,ipv4,malicious-ip,medium,WHITE,ziyadnz/hourly-ipv4,ziyadnz|hourly,2026-08-17T18:48:05Z,2026-08-17T18:48:05Z,
198.235.24.81,ipv4,malicious-ip,medium,WHITE,ziyadnz/hourly-ipv4,ziyadnz|hourly,2026-08-17T18:48:05Z,2026-08-17T18:48:05Z,
198.235.24.82,ipv4,malicious-ip,medium,WHITE,ziyadnz/hourly-ipv4,ziyadnz|hourly,2026-08-17T18:48:05Z,2026-08-17T18:48:05Z,
198.235.24.83,ipv4,malicious-ip,medium,WHITE,ziyadnz/hourly-ipv4,ziyadnz|hourly,2026-08-17T18:48:05Z,2026-08-17T18:48:05Z,
198.235.24.84,ipv4,malicious-ip,medium,WHITE,ziyadnz/hourly-ipv4,ziyadnz|hourly,2026-08-17T18:48:05Z,2026-08-17T18:48:05Z,
198.235.24.85,ipv4,malicious-ip,medium,WHITE,ziyadnz/hourly-ipv4,ziyadnz|hourly,2026-08-17T18:48:05Z,2026-08-17T18:48:05Z,
198.235.24.86,ipv4,malicious-ip,medium,WHITE,ziyadnz/hourly-ipv4,ziyadnz|hourly,2026-08-17T18:48:05Z,2026-08-17T18:48:05Z,
198.235.24.87,ipv4,malicious-ip,medium,WHITE,ziyadnz/hourly-ipv4,ziyadnz|hourly,2026-08-17T18:48:05Z,2026-08-17T18:48:05Z,
198.235.24.88,ipv4,malicious-ip,medium,WHITE,ziyadnz/hourly-ipv4,ziyadnz|hourly,2026-08-17T18:48:05Z,2026-08-17T18:48:05Z,
198.235.24.89,ipv4,malicious-ip,medium,WHITE,ziyadnz/hourly-ipv4,ziyadnz|hourly,2026-08-17T18:48:05Z,2026-08-17T18:48:05Z,
198.235.24.9,ipv4,malicious-ip,medium,WHITE,ziyadnz/hourly-ipv4,ziyadnz|hourly,2026-08-17T18:48:05Z,2026-08-17T18:48:05Z,
198.235.24.90,ipv4,malicious-ip,medium,WHITE,ziyadnz/hourly-ipv4,ziyadnz|hourly,2026-08-17T18:48:05Z,2026-08-17T18:48:05Z,
198.235.24.91,ipv4,malicious-ip,medium,WHITE,ziyadnz/hourly-ipv4,ziyadnz|hourly,2026-08-17T18:48:05Z,2026-08-17T18:48:05Z,
198.235.24.92,ipv4,malicious-ip,medium,WHITE,ziyadnz/hourly-ipv4,ziyadnz|hourly,2026-08-17T18:48:05Z,2026-08-17T18:48:05Z,
198.235.24.93,ipv4,malicious-ip,medium,WHITE,ziyadnz/hourly-ipv4,ziyadnz|hourly,2026-08-17T18:48:05Z,2026-08-17T18:48:05Z,
198.235.24.94,ipv4,malicious-ip,medium,WHITE,ziyadnz/hourly-ipv4,ziyadnz|hourly,2026-08-17T18:48:05Z,2026-08-17T18:48:05Z,
198.235.24.95,ipv4,malicious-ip,medium,WHITE,ziyadnz/hourly-ipv4,ziyadnz|hourly,2026-08-17T18:48:05Z,2026-08-17T18:48:05Z,
198.235.24.96,ipv4,malicious-ip,medium,WHITE,ziyadnz/hourly-ipv4,ziyadnz|hourly,2026-08-17T18:48:05Z,2026-08-17T18:48:05Z,
198.235.24.97,ipv4,malicious-ip,medium,WHITE,ziyadnz/hourly-ipv4,ziyadnz|hourly,2026-08-17T18:48:05Z,2026-08-17T18:48:05Z,
198.235.24.98,ipv4,malicious-ip,medium,WHITE,ziyadnz/hourly-ipv4,ziyadnz|hourly,2026-08-17T18:48:05Z,2026-08-17T18:48:05Z,
198.235.24.99,ipv4,malicious-ip,medium,WHITE,ziyadnz/hourly-ipv4,ziyadnz|hourly,2026-08-17T18:48:05Z,2026-08-17T18:48:05Z,
198.24.166.222,ipv4,malicious-ip,medium,WHITE,ziyadnz/hourly-ipv4,ziyadnz|hourly,2026-08-17T18:48:05Z,2026-08-17T18:48:05Z,
198.244.168.121,ipv4,malicious-ip,medium,WHITE,ziyadnz/hourly-ipv4,ziyadnz|hourly,2026-08-17T18:48:05Z,2026-08-17T18:48:05Z,
198.244.168.131,ipv4,malicious-ip,medium,WHITE,ziyadnz/hourly-ipv4,ziyadnz|hourly,2026-08-17T18:48:05Z,2026-08-17T18:48:05Z,
198.244.168.132,ipv4,malicious-ip,medium,WHITE,ziyadnz/hourly-ipv4,ziyadnz|hourly,2026-08-17T18:48:05Z,2026-08-17T18:48:05Z,
198.244.168.149,ipv4,malicious-ip,medium,WHITE,ziyadnz/hourly-ipv4,ziyadnz|hourly,2026-08-17T18:48:05Z,2026-08-17T18:48:05Z,
198.244.168.154,ipv4,malicious-ip,medium,WHITE,ziyadnz/hourly-ipv4,ziyadnz|hourly,2026-08-17T18:48:05Z,2026-08-17T18:48:05Z,
198.244.168.158,ipv4,malicious-ip,medium,WHITE,ziyadnz/hourly-ipv4,ziyadnz|hourly,2026-08-17T18:48:05Z,2026-08-17T18:48:05Z,
198.244.168.179,ipv4,malicious-ip,medium,WHITE,ziyadnz/hourly-ipv4,ziyadnz|hourly,2026-08-17T18:48:05Z,2026-08-17T18:48:05Z,
198.244.168.184,ipv4,malicious-ip,medium,WHITE,ziyadnz/hourly-ipv4,ziyadnz|hourly,2026-08-17T18:48:05Z,2026-08-17T18:48:05Z,
198.244.168.197,ipv4,malicious-ip,medium,WHITE,ziyadnz/hourly-ipv4,ziyadnz|hourly,2026-08-17T18:48:05Z,2026-08-17T18:48:05Z,
198.244.168.198,ipv4,malicious-ip,medium,WHITE,ziyadnz/hourly-ipv4,ziyadnz|hourly,2026-08-17T18:48:05Z,2026-08-17T18:48:05Z,
198.244.168.199,ipv4,malicious-ip,medium,WHITE,ziyadnz/hourly-ipv4,ziyadnz|hourly,2026-08-17T18:48:05Z,2026-08-17T18:48:05Z,
198.244.168.216,ipv4,malicious-ip,medium,WHITE,ziyadnz/hourly-ipv4,ziyadnz|hourly,2026-08-17T18:48:05Z,2026-08-17T18:48:05Z,
198.244.168.237,ipv4,malicious-ip,medium,WHITE,ziyadnz/hourly-ipv4,ziyadnz|hourly,2026-08-17T18:48:05Z,2026-08-17T18:48:05Z,
198.244.168.246,ipv4,malicious-ip,medium,WHITE,ziyadnz/hourly-ipv4,ziyadnz|hourly,2026-08-17T18:48:05Z,2026-08-17T18:48:05Z,
198.244.168.254,ipv4,malicious-ip,medium,WHITE,ziyadnz/hourly-ipv4,ziyadnz|hourly,2026-08-17T18:48:05Z,2026-08-17T18:48:05Z,
198.244.168.27,ipv4,malicious-ip,medium,WHITE,ziyadnz/hourly-ipv4,ziyadnz|hourly,2026-08-17T18:48:05Z,2026-08-17T18:48:05Z,
198.244.168.32,ipv4,malicious-ip,medium,WHITE,ziyadnz/hourly-ipv4,ziyadnz|hourly,2026-08-17T18:48:05Z,2026-08-17T18:48:05Z,
198.244.168.41,ipv4,malicious-ip,medium,WHITE,ziyadnz/hourly-ipv4,ziyadnz|hourly,2026-08-17T18:48:05Z,2026-08-17T18:48:05Z,
198.244.168.49,ipv4,malicious-ip,medium,WHITE,ziyadnz/hourly-ipv4,ziyadnz|hourly,2026-08-17T18:48:05Z,2026-08-17T18:48:05Z,
198.244.168.51,ipv4,malicious-ip,medium,WHITE,ziyadnz/hourly-ipv4,ziyadnz|hourly,2026-08-17T18:48:05Z,2026-08-17T18:48:05Z,
198.244.168.58,ipv4,malicious-ip,medium,WHITE,ziyadnz/hourly-ipv4,ziyadnz|hourly,2026-08-17T18:48:05Z,2026-08-17T18:48:05Z,
198.244.168.63,ipv4,malicious-ip,medium,WHITE,ziyadnz/hourly-ipv4,ziyadnz|hourly,2026-08-17T18:48:05Z,2026-08-17T18:48:05Z,
198.244.168.65,ipv4,malicious-ip,medium,WHITE,ziyadnz/hourly-ipv4,ziyadnz|hourly,2026-08-17T18:48:05Z,2026-08-17T18:48:05Z,
198.244.168.75,ipv4,malicious-ip,medium,WHITE,ziyadnz/hourly-ipv4,ziyadnz|hourly,2026-08-17T18:48:05Z,2026-08-17T18:48:05Z,
198.244.168.81,ipv4,malicious-ip,medium,WHITE,ziyadnz/hourly-ipv4,ziyadnz|hourly,2026-08-17T18:48:05Z,2026-08-17T18:48:05Z,
198.244.168.82,ipv4,malicious-ip,medium,WHITE,ziyadnz/hourly-ipv4,ziyadnz|hourly,2026-08-17T18:48:05Z,2026-08-17T18:48:05Z,
198.244.168.85,ipv4,malicious-ip,medium,WHITE,ziyadnz/hourly-ipv4,ziyadnz|hourly,2026-08-17T18:48:05Z,2026-08-17T18:48:05Z,
198.244.168.90,ipv4,malicious-ip,medium,WHITE,ziyadnz/hourly-ipv4,ziyadnz|hourly,2026-08-17T18:48:05Z,2026-08-17T18:48:05Z,
198.244.168.99,ipv4,malicious-ip,medium,WHITE,ziyadnz/hourly-ipv4,ziyadnz|hourly,2026-08-17T18:48:05Z,2026-08-17T18:48:05Z,
198.244.174.214,ipv4,malicious-ip,medium,WHITE,ziyadnz/hourly-ipv4,ziyadnz|hourly,2026-08-17T18:48:05Z,2026-08-17T18:48:05Z,
198.244.183.105,ipv4,malicious-ip,medium,WHITE,ziyadnz/hourly-ipv4,ziyadnz|hourly,2026-08-17T18:48:05Z,2026-08-17T18:48:05Z,
198.244.183.106,ipv4,malicious-ip,medium,WHITE,ziyadnz/hourly-ipv4,ziyadnz|hourly,2026-08-17T18:48:05Z,2026-08-17T18:48:05Z,
198.244.183.12,ipv4,malicious-ip,medium,WHITE,ziyadnz/hourly-ipv4,ziyadnz|hourly,2026-08-17T18:48:05Z,2026-08-17T18:48:05Z,
198.244.183.121,ipv4,malicious-ip,medium,WHITE,ziyadnz/hourly-ipv4,ziyadnz|hourly,2026-08-17T18:48:05Z,2026-08-17T18:48:05Z,
198.244.183.123,ipv4,malicious-ip,medium,WHITE,ziyadnz/hourly-ipv4,ziyadnz|hourly,2026-08-17T18:48:05Z,2026-08-17T18:48:05Z,
198.244.183.131,ipv4,malicious-ip,medium,WHITE,ziyadnz/hourly-ipv4,ziyadnz|hourly,2026-08-17T18:48:05Z,2026-08-17T18:48:05Z,
198.244.183.137,ipv4,malicious-ip,medium,WHITE,ziyadnz/hourly-ipv4,ziyadnz|hourly,2026-08-17T18:48:05Z,2026-08-17T18:48:05Z,
198.244.183.14,ipv4,malicious-ip,medium,WHITE,ziyadnz/hourly-ipv4,ziyadnz|hourly,2026-08-17T18:48:05Z,2026-08-17T18:48:05Z,
198.244.183.145,ipv4,malicious-ip,medium,WHITE,ziyadnz/hourly-ipv4,ziyadnz|hourly,2026-08-17T18:48:05Z,2026-08-17T18:48:05Z,
198.244.183.158,ipv4,malicious-ip,medium,WHITE,ziyadnz/hourly-ipv4,ziyadnz|hourly,2026-08-17T18:48:05Z,2026-08-17T18:48:05Z,
198.244.183.171,ipv4,malicious-ip,medium,WHITE,ziyadnz/hourly-ipv4,ziyadnz|hourly,2026-08-17T18:48:05Z,2026-08-17T18:48:05Z,
198.244.183.174,ipv4,malicious-ip,medium,WHITE,ziyadnz/hourly-ipv4,ziyadnz|hourly,2026-08-17T18:48:05Z,2026-08-17T18:48:05Z,
198.244.183.186,ipv4,malicious-ip,medium,WHITE,ziyadnz/hourly-ipv4,ziyadnz|hourly,2026-08-17T18:48:05Z,2026-08-17T18:48:05Z,
198.244.183.195,ipv4,malicious-ip,medium,WHITE,ziyadnz/hourly-ipv4,ziyadnz|hourly,2026-08-17T18:48:05Z,2026-08-17T18:48:05Z,
198.244.183.210,ipv4,malicious-ip,medium,WHITE,ziyadnz/hourly-ipv4,ziyadnz|hourly,2026-08-17T18:48:05Z,2026-08-17T18:48:05Z,
198.244.183.214,ipv4,malicious-ip,medium,WHITE,ziyadnz/hourly-ipv4,ziyadnz|hourly,2026-08-17T18:48:05Z,2026-08-17T18:48:05Z,
198.244.183.216,ipv4,malicious-ip,medium,WHITE,ziyadnz/hourly-ipv4,ziyadnz|hourly,2026-08-17T18:48:05Z,2026-08-17T18:48:05Z,
198.244.183.223,ipv4,malicious-ip,medium,WHITE,ziyadnz/hourly-ipv4,ziyadnz|hourly,2026-08-17T18:48:05Z,2026-08-17T18:48:05Z,
198.244.183.232,ipv4,malicious-ip,medium,WHITE,ziyadnz/hourly-ipv4,ziyadnz|hourly,2026-08-17T18:48:05Z,2026-08-17T18:48:05Z,
198.244.183.237,ipv4,malicious-ip,medium,WHITE,ziyadnz/hourly-ipv4,ziyadnz|hourly,2026-08-17T18:48:05Z,2026-08-17T18:48:05Z,
198.244.183.240,ipv4,malicious-ip,medium,WHITE,ziyadnz/hourly-ipv4,ziyadnz|hourly,2026-08-17T18:48:05Z,2026-08-17T18:48:05Z,
198.244.183.243,ipv4,malicious-ip,medium,WHITE,ziyadnz/hourly-ipv4,ziyadnz|hourly,2026-08-17T18:48:05Z,2026-08-17T18:48:05Z,
198.244.183.249,ipv4,malicious-ip,medium,WHITE,ziyadnz/hourly-ipv4,ziyadnz|hourly,2026-08-17T18:48:05Z,2026-08-17T18:48:05Z,
198.244.183.32,ipv4,malicious-ip,medium,WHITE,ziyadnz/hourly-ipv4,ziyadnz|hourly,2026-08-17T18:48:05Z,2026-08-17T18:48:05Z,
198.244.183.33,ipv4,malicious-ip,medium,WHITE,ziyadnz/hourly-ipv4,ziyadnz|hourly,2026-08-17T18:48:05Z,2026-08-17T18:48:05Z,
198.244.183.38,ipv4,malicious-ip,medium,WHITE,ziyadnz/hourly-ipv4,ziyadnz|hourly,2026-08-17T18:48:05Z,2026-08-17T18:48:05Z,
198.244.183.49,ipv4,malicious-ip,medium,WHITE,ziyadnz/hourly-ipv4,ziyadnz|hourly,2026-08-17T18:48:05Z,2026-08-17T18:48:05Z,
198.244.183.5,ipv4,malicious-ip,medium,WHITE,ziyadnz/hourly-ipv4,ziyadnz|hourly,2026-08-17T18:48:05Z,2026-08-17T18:48:05Z,
198.244.183.55,ipv4,malicious-ip,medium,WHITE,ziyadnz/hourly-ipv4,ziyadnz|hourly,2026-08-17T18:48:05Z,2026-08-17T18:48:05Z,
198.244.183.56,ipv4,malicious-ip,medium,WHITE,ziyadnz/hourly-ipv4,ziyadnz|hourly,2026-08-17T18:48:05Z,2026-08-17T18:48:05Z,
198.244.183.57,ipv4,malicious-ip,medium,WHITE,ziyadnz/hourly-ipv4,ziyadnz|hourly,2026-08-17T18:48:05Z,2026-08-17T18:48:05Z,
198.244.183.60,ipv4,malicious-ip,medium,WHITE,ziyadnz/hourly-ipv4,ziyadnz|hourly,2026-08-17T18:48:05Z,2026-08-17T18:48:05Z,
198.244.183.63,ipv4,malicious-ip,medium,WHITE,ziyadnz/hourly-ipv4,ziyadnz|hourly,2026-08-17T18:48:05Z,2026-08-17T18:48:05Z,
198.244.183.7,ipv4,malicious-ip,medium,WHITE,ziyadnz/hourly-ipv4,ziyadnz|hourly,2026-08-17T18:48:05Z,2026-08-17T18:48:05Z,
198.244.183.72,ipv4,malicious-ip,medium,WHITE,ziyadnz/hourly-ipv4,ziyadnz|hourly,2026-08-17T18:48:05Z,2026-08-17T18:48:05Z,
198.244.183.78,ipv4,malicious-ip,medium,WHITE,ziyadnz/hourly-ipv4,ziyadnz|hourly,2026-08-17T18:48:05Z,2026-08-17T18:48:05Z,
198.244.183.79,ipv4,malicious-ip,medium,WHITE,ziyadnz/hourly-ipv4,ziyadnz|hourly,2026-08-17T18:48:05Z,2026-08-17T18:48:05Z,
198.244.183.89,ipv4,malicious-ip,medium,WHITE,ziyadnz/hourly-ipv4,ziyadnz|hourly,2026-08-17T18:48:05Z,2026-08-17T18:48:05Z,
198.244.183.98,ipv4,malicious-ip,medium,WHITE,ziyadnz/hourly-ipv4,ziyadnz|hourly,2026-08-17T18:48:05Z,2026-08-17T18:48:05Z,
198.244.189.160,ipv4,malicious-ip,medium,WHITE,ziyadnz/hourly-ipv4,ziyadnz|hourly,2026-08-17T18:48:05Z,2026-08-17T18:48:05Z,
198.244.216.49,ipv4,malicious-ip,medium,WHITE,ziyadnz/hourly-ipv4,ziyadnz|hourly,2026-08-17T18:48:05Z,2026-08-17T18:48:05Z,
198.244.224.200,ipv4,malicious-ip,medium,WHITE,ziyadnz/hourly-ipv4,ziyadnz|hourly,2026-08-17T18:48:05Z,2026-08-17T18:48:05Z,
198.244.226.10,ipv4,malicious-ip,medium,WHITE,ziyadnz/hourly-ipv4,ziyadnz|hourly,2026-08-17T18:48:05Z,2026-08-17T18:48:05Z,
198.244.226.104,ipv4,malicious-ip,medium,WHITE,ziyadnz/hourly-ipv4,ziyadnz|hourly,2026-08-17T18:48:05Z,2026-08-17T18:48:05Z,
198.244.226.114,ipv4,malicious-ip,medium,WHITE,ziyadnz/hourly-ipv4,ziyadnz|hourly,2026-08-17T18:48:05Z,2026-08-17T18:48:05Z,
198.244.226.116,ipv4,malicious-ip,medium,WHITE,ziyadnz/hourly-ipv4,ziyadnz|hourly,2026-08-17T18:48:05Z,2026-08-17T18:48:05Z,
198.244.226.12,ipv4,malicious-ip,medium,WHITE,ziyadnz/hourly-ipv4,ziyadnz|hourly,2026-08-17T18:48:05Z,2026-08-17T18:48:05Z,
198.244.226.135,ipv4,malicious-ip,medium,WHITE,ziyadnz/hourly-ipv4,ziyadnz|hourly,2026-08-17T18:48:05Z,2026-08-17T18:48:05Z,
198.244.226.151,ipv4,malicious-ip,medium,WHITE,ziyadnz/hourly-ipv4,ziyadnz|hourly,2026-08-17T18:48:05Z,2026-08-17T18:48:05Z,
198.244.226.157,ipv4,malicious-ip,medium,WHITE,ziyadnz/hourly-ipv4,ziyadnz|hourly,2026-08-17T18:48:05Z,2026-08-17T18:48:05Z,
198.244.226.16,ipv4,malicious-ip,medium,WHITE,ziyadnz/hourly-ipv4,ziyadnz|hourly,2026-08-17T18:48:05Z,2026-08-17T18:48:05Z,
198.244.226.161,ipv4,malicious-ip,medium,WHITE,ziyadnz/hourly-ipv4,ziyadnz|hourly,2026-08-17T18:48:05Z,2026-08-17T18:48:05Z,
198.244.226.172,ipv4,malicious-ip,medium,WHITE,ziyadnz/hourly-ipv4,ziyadnz|hourly,2026-08-17T18:48:05Z,2026-08-17T18:48:05Z,
198.244.226.177,ipv4,malicious-ip,medium,WHITE,ziyadnz/hourly-ipv4,ziyadnz|hourly,2026-08-17T18:48:05Z,2026-08-17T18:48:05Z,
198.244.226.185,ipv4,malicious-ip,medium,WHITE,ziyadnz/hourly-ipv4,ziyadnz|hourly,2026-08-17T18:48:05Z,2026-08-17T18:48:05Z,
198.244.226.187,ipv4,malicious-ip,medium,WHITE,ziyadnz/hourly-ipv4,ziyadnz|hourly,2026-08-17T18:48:05Z,2026-08-17T18:48:05Z,
198.244.226.192,ipv4,malicious-ip,medium,WHITE,ziyadnz/hourly-ipv4,ziyadnz|hourly,2026-08-17T18:48:05Z,2026-08-17T18:48:05Z,
198.244.226.195,ipv4,malicious-ip,medium,WHITE,ziyadnz/hourly-ipv4,ziyadnz|hourly,2026-08-17T18:48:05Z,2026-08-17T18:48:05Z,
198.244.226.196,ipv4,malicious-ip,medium,WHITE,ziyadnz/hourly-ipv4,ziyadnz|hourly,2026-08-17T18:48:05Z,2026-08-17T18:48:05Z,
198.244.226.197,ipv4,malicious-ip,medium,WHITE,ziyadnz/hourly-ipv4,ziyadnz|hourly,2026-08-17T18:48:05Z,2026-08-17T18:48:05Z,
198.244.226.2,ipv4,malicious-ip,medium,WHITE,ziyadnz/hourly-ipv4,ziyadnz|hourly,2026-08-17T18:48:05Z,2026-08-17T18:48:05Z,
198.244.226.202,ipv4,malicious-ip,medium,WHITE,ziyadnz/hourly-ipv4,ziyadnz|hourly,2026-08-17T18:48:05Z,2026-08-17T18:48:05Z,
198.244.226.204,ipv4,malicious-ip,medium,WHITE,ziyadnz/hourly-ipv4,ziyadnz|hourly,2026-08-17T18:48:05Z,2026-08-17T18:48:05Z,
198.244.226.208,ipv4,malicious-ip,medium,WHITE,ziyadnz/hourly-ipv4,ziyadnz|hourly,2026-08-17T18:48:05Z,2026-08-17T18:48:05Z,
198.244.226.21,ipv4,malicious-ip,medium,WHITE,ziyadnz/hourly-ipv4,ziyadnz|hourly,2026-08-17T18:48:05Z,2026-08-17T18:48:05Z,
198.244.226.210,ipv4,malicious-ip,medium,WHITE,ziyadnz/hourly-ipv4,ziyadnz|hourly,2026-08-17T18:48:05Z,2026-08-17T18:48:05Z,
198.244.226.225,ipv4,malicious-ip,medium,WHITE,ziyadnz/hourly-ipv4,ziyadnz|hourly,2026-08-17T18:48:05Z,2026-08-17T18:48:05Z,
198.244.226.226,ipv4,malicious-ip,medium,WHITE,ziyadnz/hourly-ipv4,ziyadnz|hourly,2026-08-17T18:48:05Z,2026-08-17T18:48:05Z,
198.244.226.228,ipv4,malicious-ip,medium,WHITE,ziyadnz/hourly-ipv4,ziyadnz|hourly,2026-08-17T18:48:05Z,2026-08-17T18:48:05Z,
198.244.226.236,ipv4,malicious-ip,medium,WHITE,ziyadnz/hourly-ipv4,ziyadnz|hourly,2026-08-17T18:48:05Z,2026-08-17T18:48:05Z,
198.244.226.239,ipv4,malicious-ip,medium,WHITE,ziyadnz/hourly-ipv4,ziyadnz|hourly,2026-08-17T18:48:05Z,2026-08-17T18:48:05Z,
198.244.226.243,ipv4,malicious-ip,medium,WHITE,ziyadnz/hourly-ipv4,ziyadnz|hourly,2026-08-17T18:48:05Z,2026-08-17T18:48:05Z,
198.244.226.246,ipv4,malicious-ip,medium,WHITE,ziyadnz/hourly-ipv4,ziyadnz|hourly,2026-08-17T18:48:05Z,2026-08-17T18:48:05Z,
198.244.226.28,ipv4,malicious-ip,medium,WHITE,ziyadnz/hourly-ipv4,ziyadnz|hourly,2026-08-17T18:48:05Z,2026-08-17T18:48:05Z,
198.244.226.34,ipv4,malicious-ip,medium,WHITE,ziyadnz/hourly-ipv4,ziyadnz|hourly,2026-08-17T18:48:05Z,2026-08-17T18:48:05Z,
198.244.226.44,ipv4,malicious-ip,medium,WHITE,ziyadnz/hourly-ipv4,ziyadnz|hourly,2026-08-17T18:48:05Z,2026-08-17T18:48:05Z,
198.244.226.63,ipv4,malicious-ip,medium,WHITE,ziyadnz/hourly-ipv4,ziyadnz|hourly,2026-08-17T18:48:05Z,2026-08-17T18:48:05Z,
198.244.226.68,ipv4,malicious-ip,medium,WHITE,ziyadnz/hourly-ipv4,ziyadnz|hourly,2026-08-17T18:48:05Z,2026-08-17T18:48:05Z,
198.244.226.77,ipv4,malicious-ip,medium,WHITE,ziyadnz/hourly-ipv4,ziyadnz|hourly,2026-08-17T18:48:05Z,2026-08-17T18:48:05Z,
198.244.226.85,ipv4,malicious-ip,medium,WHITE,ziyadnz/hourly-ipv4,ziyadnz|hourly,2026-08-17T18:48:05Z,2026-08-17T18:48:05Z,
198.244.226.88,ipv4,malicious-ip,medium,WHITE,ziyadnz/hourly-ipv4,ziyadnz|hourly,2026-08-17T18:48:05Z,2026-08-17T18:48:05Z,
198.244.226.96,ipv4,malicious-ip,medium,WHITE,ziyadnz/hourly-ipv4,ziyadnz|hourly,2026-08-17T18:48:05Z,2026-08-17T18:48:05Z,
198.244.233.214,ipv4,malicious-ip,medium,WHITE,ziyadnz/hourly-ipv4,ziyadnz|hourly,2026-08-17T18:48:05Z,2026-08-17T18:48:05Z,
198.244.240.0,ipv4,malicious-ip,medium,WHITE,ziyadnz/hourly-ipv4,ziyadnz|hourly,2026-08-17T18:48:05Z,2026-08-17T18:48:05Z,
198.244.240.115,ipv4,malicious-ip,medium,WHITE,ziyadnz/hourly-ipv4,ziyadnz|hourly,2026-08-17T18:48:05Z,2026-08-17T18:48:05Z,
198.244.240.124,ipv4,malicious-ip,medium,WHITE,ziyadnz/hourly-ipv4,ziyadnz|hourly,2026-08-17T18:48:05Z,2026-08-17T18:48:05Z,
198.244.240.126,ipv4,malicious-ip,medium,WHITE,ziyadnz/hourly-ipv4,ziyadnz|hourly,2026-08-17T18:48:05Z,2026-08-17T18:48:05Z,
198.244.240.137,ipv4,malicious-ip,medium,WHITE,ziyadnz/hourly-ipv4,ziyadnz|hourly,2026-08-17T18:48:05Z,2026-08-17T18:48:05Z,
198.244.240.140,ipv4,malicious-ip,medium,WHITE,ziyadnz/hourly-ipv4,ziyadnz|hourly,2026-08-17T18:48:05Z,2026-08-17T18:48:05Z,
198.244.240.141,ipv4,malicious-ip,medium,WHITE,ziyadnz/hourly-ipv4,ziyadnz|hourly,2026-08-17T18:48:05Z,2026-08-17T18:48:05Z,
198.244.240.148,ipv4,malicious-ip,medium,WHITE,ziyadnz/hourly-ipv4,ziyadnz|hourly,2026-08-17T18:48:05Z,2026-08-17T18:48:05Z,
198.244.240.151,ipv4,malicious-ip,medium,WHITE,ziyadnz/hourly-ipv4,ziyadnz|hourly,2026-08-17T18:48:05Z,2026-08-17T18:48:05Z,
198.244.240.157,ipv4,malicious-ip,medium,WHITE,ziyadnz/hourly-ipv4,ziyadnz|hourly,2026-08-17T18:48:05Z,2026-08-17T18:48:05Z,
198.244.240.176,ipv4,malicious-ip,medium,WHITE,ziyadnz/hourly-ipv4,ziyadnz|hourly,2026-08-17T18:48:05Z,2026-08-17T18:48:05Z,
198.244.240.181,ipv4,malicious-ip,medium,WHITE,ziyadnz/hourly-ipv4,ziyadnz|hourly,2026-08-17T18:48:05Z,2026-08-17T18:48:05Z,
198.244.240.187,ipv4,malicious-ip,medium,WHITE,ziyadnz/hourly-ipv4,ziyadnz|hourly,2026-08-17T18:48:05Z,2026-08-17T18:48:05Z,
198.244.240.198,ipv4,malicious-ip,medium,WHITE,ziyadnz/hourly-ipv4,ziyadnz|hourly,2026-08-17T18:48:05Z,2026-08-17T18:48:05Z,
198.244.240.210,ipv4,malicious-ip,medium,WHITE,ziyadnz/hourly-ipv4,ziyadnz|hourly,2026-08-17T18:48:05Z,2026-08-17T18:48:05Z,
198.244.240.215,ipv4,malicious-ip,medium,WHITE,ziyadnz/hourly-ipv4,ziyadnz|hourly,2026-08-17T18:48:05Z,2026-08-17T18:48:05Z,
198.244.240.217,ipv4,malicious-ip,medium,WHITE,ziyadnz/hourly-ipv4,ziyadnz|hourly,2026-08-17T18:48:05Z,2026-08-17T18:48:05Z,
198.244.240.23,ipv4,malicious-ip,medium,WHITE,ziyadnz/hourly-ipv4,ziyadnz|hourly,2026-08-17T18:48:05Z,2026-08-17T18:48:05Z,
198.244.240.252,ipv4,malicious-ip,medium,WHITE,ziyadnz/hourly-ipv4,ziyadnz|hourly,2026-08-17T18:48:05Z,2026-08-17T18:48:05Z,
198.244.240.26,ipv4,malicious-ip,medium,WHITE,ziyadnz/hourly-ipv4,ziyadnz|hourly,2026-08-17T18:48:05Z,2026-08-17T18:48:05Z,
198.244.240.28,ipv4,malicious-ip,medium,WHITE,ziyadnz/hourly-ipv4,ziyadnz|hourly,2026-08-17T18:48:05Z,2026-08-17T18:48:05Z,
198.244.240.29,ipv4,malicious-ip,medium,WHITE,ziyadnz/hourly-ipv4,ziyadnz|hourly,2026-08-17T18:48:05Z,2026-08-17T18:48:05Z,
198.244.240.31,ipv4,malicious-ip,medium,WHITE,ziyadnz/hourly-ipv4,ziyadnz|hourly,2026-08-17T18:48:05Z,2026-08-17T18:48:05Z,
198.244.240.32,ipv4,malicious-ip,medium,WHITE,ziyadnz/hourly-ipv4,ziyadnz|hourly,2026-08-17T18:48:05Z,2026-08-17T18:48:05Z,
198.244.240.39,ipv4,malicious-ip,medium,WHITE,ziyadnz/hourly-ipv4,ziyadnz|hourly,2026-08-17T18:48:05Z,2026-08-17T18:48:05Z,
198.244.240.40,ipv4,malicious-ip,medium,WHITE,ziyadnz/hourly-ipv4,ziyadnz|hourly,2026-08-17T18:48:05Z,2026-08-17T18:48:05Z,
198.244.240.41,ipv4,malicious-ip,medium,WHITE,ziyadnz/hourly-ipv4,ziyadnz|hourly,2026-08-17T18:48:05Z,2026-08-17T18:48:05Z,
198.244.240.42,ipv4,malicious-ip,medium,WHITE,ziyadnz/hourly-ipv4,ziyadnz|hourly,2026-08-17T18:48:05Z,2026-08-17T18:48:05Z,
198.244.240.46,ipv4,malicious-ip,medium,WHITE,ziyadnz/hourly-ipv4,ziyadnz|hourly,2026-08-17T18:48:05Z,2026-08-17T18:48:05Z,
198.244.240.53,ipv4,malicious-ip,medium,WHITE,ziyadnz/hourly-ipv4,ziyadnz|hourly,2026-08-17T18:48:05Z,2026-08-17T18:48:05Z,
198.244.240.58,ipv4,malicious-ip,medium,WHITE,ziyadnz/hourly-ipv4,ziyadnz|hourly,2026-08-17T18:48:05Z,2026-08-17T18:48:05Z,
198.244.240.59,ipv4,malicious-ip,medium,WHITE,ziyadnz/hourly-ipv4,ziyadnz|hourly,2026-08-17T18:48:05Z,2026-08-17T18:48:05Z,
198.244.240.61,ipv4,malicious-ip,medium,WHITE,ziyadnz/hourly-ipv4,ziyadnz|hourly,2026-08-17T18:48:05Z,2026-08-17T18:48:05Z,
198.244.240.7,ipv4,malicious-ip,medium,WHITE,ziyadnz/hourly-ipv4,ziyadnz|hourly,2026-08-17T18:48:05Z,2026-08-17T18:48:05Z,
198.244.240.84,ipv4,malicious-ip,medium,WHITE,ziyadnz/hourly-ipv4,ziyadnz|hourly,2026-08-17T18:48:05Z,2026-08-17T18:48:05Z,
198.244.240.95,ipv4,malicious-ip,medium,WHITE,ziyadnz/hourly-ipv4,ziyadnz|hourly,2026-08-17T18:48:05Z,2026-08-17T18:48:05Z,
198.244.242.1,ipv4,malicious-ip,medium,WHITE,ziyadnz/hourly-ipv4,ziyadnz|hourly,2026-08-17T18:48:05Z,2026-08-17T18:48:05Z,
198.244.242.103,ipv4,malicious-ip,medium,WHITE,ziyadnz/hourly-ipv4,ziyadnz|hourly,2026-08-17T18:48:05Z,2026-08-17T18:48:05Z,
198.244.242.109,ipv4,malicious-ip,medium,WHITE,ziyadnz/hourly-ipv4,ziyadnz|hourly,2026-08-17T18:48:05Z,2026-08-17T18:48:05Z,
198.244.242.115,ipv4,malicious-ip,medium,WHITE,ziyadnz/hourly-ipv4,ziyadnz|hourly,2026-08-17T18:48:05Z,2026-08-17T18:48:05Z,
198.244.242.123,ipv4,malicious-ip,medium,WHITE,ziyadnz/hourly-ipv4,ziyadnz|hourly,2026-08-17T18:48:05Z,2026-08-17T18:48:05Z,
198.244.242.127,ipv4,malicious-ip,medium,WHITE,ziyadnz/hourly-ipv4,ziyadnz|hourly,2026-08-17T18:48:05Z,2026-08-17T18:48:05Z,
198.244.242.133,ipv4,malicious-ip,medium,WHITE,ziyadnz/hourly-ipv4,ziyadnz|hourly,2026-08-17T18:48:05Z,2026-08-17T18:48:05Z,
198.244.242.136,ipv4,malicious-ip,medium,WHITE,ziyadnz/hourly-ipv4,ziyadnz|hourly,2026-08-17T18:48:05Z,2026-08-17T18:48:05Z,
198.244.242.138,ipv4,malicious-ip,medium,WHITE,ziyadnz/hourly-ipv4,ziyadnz|hourly,2026-08-17T18:48:05Z,2026-08-17T18:48:05Z,
198.244.242.149,ipv4,malicious-ip,medium,WHITE,ziyadnz/hourly-ipv4,ziyadnz|hourly,2026-08-17T18:48:05Z,2026-08-17T18:48:05Z,
198.244.242.179,ipv4,malicious-ip,medium,WHITE,ziyadnz/hourly-ipv4,ziyadnz|hourly,2026-08-17T18:48:05Z,2026-08-17T18:48:05Z,
198.244.242.180,ipv4,malicious-ip,medium,WHITE,ziyadnz/hourly-ipv4,ziyadnz|hourly,2026-08-17T18:48:05Z,2026-08-17T18:48:05Z,
198.244.242.182,ipv4,malicious-ip,medium,WHITE,ziyadnz/hourly-ipv4,ziyadnz|hourly,2026-08-17T18:48:05Z,2026-08-17T18:48:05Z,
198.244.242.188,ipv4,malicious-ip,medium,WHITE,ziyadnz/hourly-ipv4,ziyadnz|hourly,2026-08-17T18:48:05Z,2026-08-17T18:48:05Z,
198.244.242.195,ipv4,malicious-ip,medium,WHITE,ziyadnz/hourly-ipv4,ziyadnz|hourly,2026-08-17T18:48:05Z,2026-08-17T18:48:05Z,
198.244.242.198,ipv4,malicious-ip,medium,WHITE,ziyadnz/hourly-ipv4,ziyadnz|hourly,2026-08-17T18:48:05Z,2026-08-17T18:48:05Z,
198.244.242.202,ipv4,malicious-ip,medium,WHITE,ziyadnz/hourly-ipv4,ziyadnz|hourly,2026-08-17T18:48:05Z,2026-08-17T18:48:05Z,
198.244.242.21,ipv4,malicious-ip,medium,WHITE,ziyadnz/hourly-ipv4,ziyadnz|hourly,2026-08-17T18:48:05Z,2026-08-17T18:48:05Z,
198.244.242.216,ipv4,malicious-ip,medium,WHITE,ziyadnz/hourly-ipv4,ziyadnz|hourly,2026-08-17T18:48:05Z,2026-08-17T18:48:05Z,
198.244.242.218,ipv4,malicious-ip,medium,WHITE,ziyadnz/hourly-ipv4,ziyadnz|hourly,2026-08-17T18:48:05Z,2026-08-17T18:48:05Z,
198.244.242.22,ipv4,malicious-ip,medium,WHITE,ziyadnz/hourly-ipv4,ziyadnz|hourly,2026-08-17T18:48:05Z,2026-08-17T18:48:05Z,
198.244.242.221,ipv4,malicious-ip,medium,WHITE,ziyadnz/hourly-ipv4,ziyadnz|hourly,2026-08-17T18:48:05Z,2026-08-17T18:48:05Z,
198.244.242.222,ipv4,malicious-ip,medium,WHITE,ziyadnz/hourly-ipv4,ziyadnz|hourly,2026-08-17T18:48:05Z,2026-08-17T18:48:05Z,
198.244.242.230,ipv4,malicious-ip,medium,WHITE,ziyadnz/hourly-ipv4,ziyadnz|hourly,2026-08-17T18:48:05Z,2026-08-17T18:48:05Z,
198.244.242.233,ipv4,malicious-ip,medium,WHITE,ziyadnz/hourly-ipv4,ziyadnz|hourly,2026-08-17T18:48:05Z,2026-08-17T18:48:05Z,
198.244.242.245,ipv4,malicious-ip,medium,WHITE,ziyadnz/hourly-ipv4,ziyadnz|hourly,2026-08-17T18:48:05Z,2026-08-17T18:48:05Z,
198.244.242.247,ipv4,malicious-ip,medium,WHITE,ziyadnz/hourly-ipv4,ziyadnz|hourly,2026-08-17T18:48:05Z,2026-08-17T18:48:05Z,
198.244.242.254,ipv4,malicious-ip,medium,WHITE,ziyadnz/hourly-ipv4,ziyadnz|hourly,2026-08-17T18:48:05Z,2026-08-17T18:48:05Z,
198.244.242.40,ipv4,malicious-ip,medium,WHITE,ziyadnz/hourly-ipv4,ziyadnz|hourly,2026-08-17T18:48:05Z,2026-08-17T18:48:05Z,
198.244.242.41,ipv4,malicious-ip,medium,WHITE,ziyadnz/hourly-ipv4,ziyadnz|hourly,2026-08-17T18:48:05Z,2026-08-17T18:48:05Z,
198.244.242.45,ipv4,malicious-ip,medium,WHITE,ziyadnz/hourly-ipv4,ziyadnz|hourly,2026-08-17T18:48:05Z,2026-08-17T18:48:05Z,
198.244.242.55,ipv4,malicious-ip,medium,WHITE,ziyadnz/hourly-ipv4,ziyadnz|hourly,2026-08-17T18:48:05Z,2026-08-17T18:48:05Z,
198.244.242.58,ipv4,malicious-ip,medium,WHITE,ziyadnz/hourly-ipv4,ziyadnz|hourly,2026-08-17T18:48:05Z,2026-08-17T18:48:05Z,
198.244.242.60,ipv4,malicious-ip,medium,WHITE,ziyadnz/hourly-ipv4,ziyadnz|hourly,2026-08-17T18:48:05Z,2026-08-17T18:48:05Z,
198.244.242.7,ipv4,malicious-ip,medium,WHITE,ziyadnz/hourly-ipv4,ziyadnz|hourly,2026-08-17T18:48:05Z,2026-08-17T18:48:05Z,
198.244.242.79,ipv4,malicious-ip,medium,WHITE,ziyadnz/hourly-ipv4,ziyadnz|hourly,2026-08-17T18:48:05Z,2026-08-17T18:48:05Z,
198.244.242.80,ipv4,malicious-ip,medium,WHITE,ziyadnz/hourly-ipv4,ziyadnz|hourly,2026-08-17T18:48:05Z,2026-08-17T18:48:05Z,
198.244.242.82,ipv4,malicious-ip,medium,WHITE,ziyadnz/hourly-ipv4,ziyadnz|hourly,2026-08-17T18:48:05Z,2026-08-17T18:48:05Z,
198.244.251.230,ipv4,malicious-ip,medium,WHITE,ziyadnz/hourly-ipv4,ziyadnz|hourly,2026-08-17T18:48:05Z,2026-08-17T18:48:05Z,
198.251.61.45,ipv4,malicious-ip,medium,WHITE,ziyadnz/hourly-ipv4,ziyadnz|hourly,2026-08-17T18:48:05Z,2026-08-17T18:48:05Z,
198.251.65.120,ipv4,malicious-ip,medium,WHITE,ziyadnz/hourly-ipv4,ziyadnz|hourly,2026-08-17T18:48:05Z,2026-08-17T18:48:05Z,
198.251.89.239,ipv4,malicious-ip,medium,WHITE,ziyadnz/hourly-ipv4,ziyadnz|hourly,2026-08-17T18:48:05Z,2026-08-17T18:48:05Z,
198.252.101.16,ipv4,malicious-ip,medium,WHITE,ziyadnz/hourly-ipv4,ziyadnz|hourly,2026-08-17T18:48:05Z,2026-08-17T18:48:05Z,
198.252.101.86,ipv4,malicious-ip,medium,WHITE,ziyadnz/hourly-ipv4,ziyadnz|hourly,2026-08-17T18:48:05Z,2026-08-17T18:48:05Z,
198.252.108.237,ipv4,malicious-ip,medium,WHITE,ziyadnz/hourly-ipv4,ziyadnz|hourly,2026-08-17T18:48:05Z,2026-08-17T18:48:05Z,
198.252.123.149,ipv4,malicious-ip,medium,WHITE,ziyadnz/hourly-ipv4,ziyadnz|hourly,2026-08-17T18:48:05Z,2026-08-17T18:48:05Z,
198.252.98.184,ipv4,malicious-ip,medium,WHITE,ziyadnz/hourly-ipv4,ziyadnz|hourly,2026-08-17T18:48:05Z,2026-08-17T18:48:05Z,
198.252.98.186,ipv4,malicious-ip,medium,WHITE,ziyadnz/hourly-ipv4,ziyadnz|hourly,2026-08-17T18:48:05Z,2026-08-17T18:48:05Z,
198.255.70.210,ipv4,malicious-ip,medium,WHITE,ziyadnz/hourly-ipv4,ziyadnz|hourly,2026-08-17T18:48:05Z,2026-08-17T18:48:05Z,
198.27.69.223,ipv4,malicious-ip,medium,WHITE,ziyadnz/hourly-ipv4,ziyadnz|hourly,2026-08-17T18:48:05Z,2026-08-17T18:48:05Z,
198.27.75.110,ipv4,malicious-ip,medium,WHITE,ziyadnz/hourly-ipv4,ziyadnz|hourly,2026-08-17T18:48:05Z,2026-08-17T18:48:05Z,
198.27.77.9,ipv4,malicious-ip,medium,WHITE,ziyadnz/hourly-ipv4,ziyadnz|hourly,2026-08-17T18:48:05Z,2026-08-17T18:48:05Z,
198.37.243.32,ipv4,malicious-ip,medium,WHITE,ziyadnz/hourly-ipv4,ziyadnz|hourly,2026-08-17T18:48:05Z,2026-08-17T18:48:05Z,
198.38.81.62,ipv4,malicious-ip,medium,WHITE,ziyadnz/hourly-ipv4,ziyadnz|hourly,2026-08-17T18:48:05Z,2026-08-17T18:48:05Z,
198.38.83.66,ipv4,malicious-ip,medium,WHITE,ziyadnz/hourly-ipv4,ziyadnz|hourly,2026-08-17T18:48:05Z,2026-08-17T18:48:05Z,
198.38.89.100,ipv4,malicious-ip,medium,WHITE,ziyadnz/hourly-ipv4,ziyadnz|hourly,2026-08-17T18:48:05Z,2026-08-17T18:48:05Z,
198.38.91.219,ipv4,malicious-ip,medium,WHITE,ziyadnz/hourly-ipv4,ziyadnz|hourly,2026-08-17T18:48:05Z,2026-08-17T18:48:05Z,
198.38.94.17,ipv4,malicious-ip,medium,WHITE,ziyadnz/hourly-ipv4,ziyadnz|hourly,2026-08-17T18:48:05Z,2026-08-17T18:48:05Z,
198.38.94.67,ipv4,malicious-ip,medium,WHITE,ziyadnz/hourly-ipv4,ziyadnz|hourly,2026-08-17T18:48:05Z,2026-08-17T18:48:05Z,
198.40.241.190,ipv4,malicious-ip,medium,WHITE,ziyadnz/hourly-ipv4,ziyadnz|hourly,2026-08-17T18:48:05Z,2026-08-17T18:48:05Z,
198.44.129.56,ipv4,malicious-ip,medium,WHITE,ziyadnz/hourly-ipv4,ziyadnz|hourly,2026-08-17T18:48:05Z,2026-08-17T18:48:05Z,
198.44.129.88,ipv4,malicious-ip,medium,WHITE,ziyadnz/hourly-ipv4,ziyadnz|hourly,2026-08-17T18:48:05Z,2026-08-17T18:48:05Z,
198.44.133.101,ipv4,malicious-ip,medium,WHITE,ziyadnz/hourly-ipv4,ziyadnz|hourly,2026-08-17T18:48:05Z,2026-08-17T18:48:05Z,
198.44.133.115,ipv4,malicious-ip,medium,WHITE,ziyadnz/hourly-ipv4,ziyadnz|hourly,2026-08-17T18:48:05Z,2026-08-17T18:48:05Z,
198.44.137.54,ipv4,malicious-ip,medium,WHITE,ziyadnz/hourly-ipv4,ziyadnz|hourly,2026-08-17T18:48:05Z,2026-08-17T18:48:05Z,
198.44.140.32,ipv4,malicious-ip,medium,WHITE,ziyadnz/hourly-ipv4,ziyadnz|hourly,2026-08-17T18:48:05Z,2026-08-17T18:48:05Z,
198.44.32.75,ipv4,malicious-ip,medium,WHITE,ziyadnz/hourly-ipv4,ziyadnz|hourly,2026-08-17T18:48:05Z,2026-08-17T18:48:05Z,
198.44.49.145,ipv4,malicious-ip,medium,WHITE,ziyadnz/hourly-ipv4,ziyadnz|hourly,2026-08-17T18:48:05Z,2026-08-17T18:48:05Z,
198.46.134.148,ipv4,malicious-ip,medium,WHITE,ziyadnz/hourly-ipv4,ziyadnz|hourly,2026-08-17T18:48:05Z,2026-08-17T18:48:05Z,
198.46.134.48,ipv4,malicious-ip,medium,WHITE,ziyadnz/hourly-ipv4,ziyadnz|hourly,2026-08-17T18:48:05Z,2026-08-17T18:48:05Z,
198.46.158.172,ipv4,malicious-ip,medium,WHITE,ziyadnz/hourly-ipv4,ziyadnz|hourly,2026-08-17T18:48:05Z,2026-08-17T18:48:05Z,
198.46.166.157,ipv4,malicious-ip,medium,WHITE,ziyadnz/hourly-ipv4,ziyadnz|hourly,2026-08-17T18:48:05Z,2026-08-17T18:48:05Z,
198.46.168.17,ipv4,malicious-ip,medium,WHITE,ziyadnz/hourly-ipv4,ziyadnz|hourly,2026-08-17T18:48:05Z,2026-08-17T18:48:05Z,
198.46.168.51,ipv4,malicious-ip,medium,WHITE,ziyadnz/hourly-ipv4,ziyadnz|hourly,2026-08-17T18:48:05Z,2026-08-17T18:48:05Z,
198.46.174.168,ipv4,malicious-ip,medium,WHITE,ziyadnz/hourly-ipv4,ziyadnz|hourly,2026-08-17T18:48:05Z,2026-08-17T18:48:05Z,
198.46.178.135,ipv4,malicious-ip,medium,WHITE,ziyadnz/hourly-ipv4,ziyadnz|hourly,2026-08-17T18:48:05Z,2026-08-17T18:48:05Z,
198.46.182.206,ipv4,malicious-ip,medium,WHITE,ziyadnz/hourly-ipv4,ziyadnz|hourly,2026-08-17T18:48:05Z,2026-08-17T18:48:05Z,
198.46.218.19,ipv4,malicious-ip,medium,WHITE,ziyadnz/hourly-ipv4,ziyadnz|hourly,2026-08-17T18:48:05Z,2026-08-17T18:48:05Z,
198.46.226.231,ipv4,malicious-ip,medium,WHITE,ziyadnz/hourly-ipv4,ziyadnz|hourly,2026-08-17T18:48:05Z,2026-08-17T18:48:05Z,
198.46.233.54,ipv4,malicious-ip,medium,WHITE,ziyadnz/hourly-ipv4,ziyadnz|hourly,2026-08-17T18:48:05Z,2026-08-17T18:48:05Z,
198.46.243.118,ipv4,malicious-ip,medium,WHITE,ziyadnz/hourly-ipv4,ziyadnz|hourly,2026-08-17T18:48:05Z,2026-08-17T18:48:05Z,
198.49.65.233,ipv4,malicious-ip,medium,WHITE,ziyadnz/hourly-ipv4,ziyadnz|hourly,2026-08-17T18:48:05Z,2026-08-17T18:48:05Z,
198.50.135.105,ipv4,malicious-ip,medium,WHITE,ziyadnz/hourly-ipv4,ziyadnz|hourly,2026-08-17T18:48:05Z,2026-08-17T18:48:05Z,
198.50.207.21,ipv4,malicious-ip,medium,WHITE,ziyadnz/hourly-ipv4,ziyadnz|hourly,2026-08-17T18:48:05Z,2026-08-17T18:48:05Z,
198.52.166.197,ipv4,malicious-ip,medium,WHITE,ziyadnz/hourly-ipv4,ziyadnz|hourly,2026-08-17T18:48:05Z,2026-08-17T18:48:05Z,
198.54.117.242,ipv4,malicious-ip,medium,WHITE,ziyadnz/hourly-ipv4,ziyadnz|hourly,2026-08-17T18:48:05Z,2026-08-17T18:48:05Z,
198.54.130.108,ipv4,malicious-ip,medium,WHITE,ziyadnz/hourly-ipv4,ziyadnz|hourly,2026-08-17T18:48:05Z,2026-08-17T18:48:05Z,
198.54.133.123,ipv4,malicious-ip,medium,WHITE,ziyadnz/hourly-ipv4,ziyadnz|hourly,2026-08-17T18:48:05Z,2026-08-17T18:48:05Z,
198.55.98.186,ipv4,malicious-ip,medium,WHITE,ziyadnz/hourly-ipv4,ziyadnz|hourly,2026-08-17T18:48:05Z,2026-08-17T18:48:05Z,
198.55.98.2,ipv4,malicious-ip,medium,WHITE,ziyadnz/hourly-ipv4,ziyadnz|hourly,2026-08-17T18:48:05Z,2026-08-17T18:48:05Z,
198.55.98.32,ipv4,malicious-ip,medium,WHITE,ziyadnz/hourly-ipv4,ziyadnz|hourly,2026-08-17T18:48:05Z,2026-08-17T18:48:05Z,
198.57.219.18,ipv4,malicious-ip,medium,WHITE,ziyadnz/hourly-ipv4,ziyadnz|hourly,2026-08-17T18:48:05Z,2026-08-17T18:48:05Z,
198.58.100.172,ipv4,malicious-ip,medium,WHITE,ziyadnz/hourly-ipv4,ziyadnz|hourly,2026-08-17T18:48:05Z,2026-08-17T18:48:05Z,
198.58.100.4,ipv4,malicious-ip,medium,WHITE,ziyadnz/hourly-ipv4,ziyadnz|hourly,2026-08-17T18:48:05Z,2026-08-17T18:48:05Z,
198.58.100.49,ipv4,malicious-ip,medium,WHITE,ziyadnz/hourly-ipv4,ziyadnz|hourly,2026-08-17T18:48:05Z,2026-08-17T18:48:05Z,
198.58.100.99,ipv4,malicious-ip,medium,WHITE,ziyadnz/hourly-ipv4,ziyadnz|hourly,2026-08-17T18:48:05Z,2026-08-17T18:48:05Z,
198.58.107.53,ipv4,malicious-ip,medium,WHITE,ziyadnz/hourly-ipv4,ziyadnz|hourly,2026-08-17T18:48:05Z,2026-08-17T18:48:05Z,
198.58.111.249,ipv4,malicious-ip,medium,WHITE,ziyadnz/hourly-ipv4,ziyadnz|hourly,2026-08-17T18:48:05Z,2026-08-17T18:48:05Z,
198.58.111.250,ipv4,malicious-ip,medium,WHITE,ziyadnz/hourly-ipv4,ziyadnz|hourly,2026-08-17T18:48:05Z,2026-08-17T18:48:05Z,
198.58.115.82,ipv4,malicious-ip,medium,WHITE,ziyadnz/hourly-ipv4,ziyadnz|hourly,2026-08-17T18:48:05Z,2026-08-17T18:48:05Z,
198.58.117.211,ipv4,malicious-ip,medium,WHITE,ziyadnz/hourly-ipv4,ziyadnz|hourly,2026-08-17T18:48:05Z,2026-08-17T18:48:05Z,
198.58.118.29,ipv4,malicious-ip,medium,WHITE,ziyadnz/hourly-ipv4,ziyadnz|hourly,2026-08-17T18:48:05Z,2026-08-17T18:48:05Z,
198.58.122.145,ipv4,malicious-ip,medium,WHITE,ziyadnz/hourly-ipv4,ziyadnz|hourly,2026-08-17T18:48:05Z,2026-08-17T18:48:05Z,
198.58.135.21,ipv4,malicious-ip,medium,WHITE,ziyadnz/hourly-ipv4,ziyadnz|hourly,2026-08-17T18:48:05Z,2026-08-17T18:48:05Z,
198.58.184.42,ipv4,malicious-ip,medium,WHITE,ziyadnz/hourly-ipv4,ziyadnz|hourly,2026-08-17T18:48:05Z,2026-08-17T18:48:05Z,
198.71.58.147,ipv4,malicious-ip,medium,WHITE,ziyadnz/hourly-ipv4,ziyadnz|hourly,2026-08-17T18:48:05Z,2026-08-17T18:48:05Z,
198.71.63.36,ipv4,malicious-ip,medium,WHITE,ziyadnz/hourly-ipv4,ziyadnz|hourly,2026-08-17T18:48:05Z,2026-08-17T18:48:05Z,
198.74.50.114,ipv4,malicious-ip,medium,WHITE,ziyadnz/hourly-ipv4,ziyadnz|hourly,2026-08-17T18:48:05Z,2026-08-17T18:48:05Z,
198.74.56.135,ipv4,malicious-ip,medium,WHITE,ziyadnz/hourly-ipv4,ziyadnz|hourly,2026-08-17T18:48:05Z,2026-08-17T18:48:05Z,
198.74.56.46,ipv4,malicious-ip,medium,WHITE,ziyadnz/hourly-ipv4,ziyadnz|hourly,2026-08-17T18:48:05Z,2026-08-17T18:48:05Z,
198.74.56.6,ipv4,malicious-ip,medium,WHITE,ziyadnz/hourly-ipv4,ziyadnz|hourly,2026-08-17T18:48:05Z,2026-08-17T18:48:05Z,
198.74.56.66,ipv4,malicious-ip,medium,WHITE,ziyadnz/hourly-ipv4,ziyadnz|hourly,2026-08-17T18:48:05Z,2026-08-17T18:48:05Z,
198.74.57.47,ipv4,malicious-ip,medium,WHITE,ziyadnz/hourly-ipv4,ziyadnz|hourly,2026-08-17T18:48:05Z,2026-08-17T18:48:05Z,
198.74.58.148,ipv4,malicious-ip,medium,WHITE,ziyadnz/hourly-ipv4,ziyadnz|hourly,2026-08-17T18:48:05Z,2026-08-17T18:48:05Z,
198.74.59.236,ipv4,malicious-ip,medium,WHITE,ziyadnz/hourly-ipv4,ziyadnz|hourly,2026-08-17T18:48:05Z,2026-08-17T18:48:05Z,
198.8.84.3,ipv4,malicious-ip,medium,WHITE,ziyadnz/hourly-ipv4,ziyadnz|hourly,2026-08-17T18:48:05Z,2026-08-17T18:48:05Z,
198.8.94.174,ipv4,malicious-ip,medium,WHITE,ziyadnz/hourly-ipv4,ziyadnz|hourly,2026-08-17T18:48:05Z,2026-08-17T18:48:05Z,
198.96.155.3,ipv4,malicious-ip,medium,WHITE,ziyadnz/hourly-ipv4,ziyadnz|hourly,2026-08-17T18:48:05Z,2026-08-17T18:48:05Z,
198.98.49.9,ipv4,malicious-ip,medium,WHITE,ziyadnz/hourly-ipv4,ziyadnz|hourly,2026-08-17T18:48:05Z,2026-08-17T18:48:05Z,
198.98.50.199,ipv4,malicious-ip,medium,WHITE,ziyadnz/hourly-ipv4,ziyadnz|hourly,2026-08-17T18:48:05Z,2026-08-17T18:48:05Z,
198.98.51.189,ipv4,malicious-ip,medium,WHITE,ziyadnz/hourly-ipv4,ziyadnz|hourly,2026-08-17T18:48:05Z,2026-08-17T18:48:05Z,
198.98.51.203,ipv4,malicious-ip,medium,WHITE,ziyadnz/hourly-ipv4,ziyadnz|hourly,2026-08-17T18:48:05Z,2026-08-17T18:48:05Z,
198.98.51.24,ipv4,malicious-ip,medium,WHITE,ziyadnz/hourly-ipv4,ziyadnz|hourly,2026-08-17T18:48:05Z,2026-08-17T18:48:05Z,
198.98.51.249,ipv4,malicious-ip,medium,WHITE,ziyadnz/hourly-ipv4,ziyadnz|hourly,2026-08-17T18:48:05Z,2026-08-17T18:48:05Z,
198.98.51.250,ipv4,malicious-ip,medium,WHITE,ziyadnz/hourly-ipv4,ziyadnz|hourly,2026-08-17T18:48:05Z,2026-08-17T18:48:05Z,
198.98.51.91,ipv4,malicious-ip,medium,WHITE,ziyadnz/hourly-ipv4,ziyadnz|hourly,2026-08-17T18:48:05Z,2026-08-17T18:48:05Z,
198.98.52.196,ipv4,malicious-ip,medium,WHITE,ziyadnz/hourly-ipv4,ziyadnz|hourly,2026-08-17T18:48:05Z,2026-08-17T18:48:05Z,
198.98.52.226,ipv4,malicious-ip,medium,WHITE,ziyadnz/hourly-ipv4,ziyadnz|hourly,2026-08-17T18:48:05Z,2026-08-17T18:48:05Z,
198.98.53.163,ipv4,malicious-ip,medium,WHITE,ziyadnz/hourly-ipv4,ziyadnz|hourly,2026-08-17T18:48:05Z,2026-08-17T18:48:05Z,
198.98.54.234,ipv4,malicious-ip,medium,WHITE,ziyadnz/hourly-ipv4,ziyadnz|hourly,2026-08-17T18:48:05Z,2026-08-17T18:48:05Z,
198.98.54.3,ipv4,malicious-ip,medium,WHITE,ziyadnz/hourly-ipv4,ziyadnz|hourly,2026-08-17T18:48:05Z,2026-08-17T18:48:05Z,
198.98.54.74,ipv4,malicious-ip,medium,WHITE,ziyadnz/hourly-ipv4,ziyadnz|hourly,2026-08-17T18:48:05Z,2026-08-17T18:48:05Z,
198.98.55.71,ipv4,malicious-ip,medium,WHITE,ziyadnz/hourly-ipv4,ziyadnz|hourly,2026-08-17T18:48:05Z,2026-08-17T18:48:05Z,
198.98.56.205,ipv4,malicious-ip,medium,WHITE,ziyadnz/hourly-ipv4,ziyadnz|hourly,2026-08-17T18:48:05Z,2026-08-17T18:48:05Z,
198.98.56.220,ipv4,malicious-ip,medium,WHITE,ziyadnz/hourly-ipv4,ziyadnz|hourly,2026-08-17T18:48:05Z,2026-08-17T18:48:05Z,
198.98.56.93,ipv4,malicious-ip,medium,WHITE,ziyadnz/hourly-ipv4,ziyadnz|hourly,2026-08-17T18:48:05Z,2026-08-17T18:48:05Z,
198.98.57.120,ipv4,malicious-ip,medium,WHITE,ziyadnz/hourly-ipv4,ziyadnz|hourly,2026-08-17T18:48:05Z,2026-08-17T18:48:05Z,
198.98.57.151,ipv4,malicious-ip,medium,WHITE,ziyadnz/hourly-ipv4,ziyadnz|hourly,2026-08-17T18:48:05Z,2026-08-17T18:48:05Z,
198.98.57.74,ipv4,malicious-ip,medium,WHITE,ziyadnz/hourly-ipv4,ziyadnz|hourly,2026-08-17T18:48:05Z,2026-08-17T18:48:05Z,
198.98.58.74,ipv4,malicious-ip,medium,WHITE,ziyadnz/hourly-ipv4,ziyadnz|hourly,2026-08-17T18:48:05Z,2026-08-17T18:48:05Z,
198.98.59.103,ipv4,malicious-ip,medium,WHITE,ziyadnz/hourly-ipv4,ziyadnz|hourly,2026-08-17T18:48:05Z,2026-08-17T18:48:05Z,
198.98.60.231,ipv4,malicious-ip,medium,WHITE,ziyadnz/hourly-ipv4,ziyadnz|hourly,2026-08-17T18:48:05Z,2026-08-17T18:48:05Z,
198.98.60.89,ipv4,malicious-ip,medium,WHITE,ziyadnz/hourly-ipv4,ziyadnz|hourly,2026-08-17T18:48:05Z,2026-08-17T18:48:05Z,
198.98.61.106,ipv4,malicious-ip,medium,WHITE,ziyadnz/hourly-ipv4,ziyadnz|hourly,2026-08-17T18:48:05Z,2026-08-17T18:48:05Z,
198.98.61.155,ipv4,malicious-ip,medium,WHITE,ziyadnz/hourly-ipv4,ziyadnz|hourly,2026-08-17T18:48:05Z,2026-08-17T18:48:05Z,
198.98.61.16,ipv4,malicious-ip,medium,WHITE,ziyadnz/hourly-ipv4,ziyadnz|hourly,2026-08-17T18:48:05Z,2026-08-17T18:48:05Z,
198.98.61.60,ipv4,malicious-ip,medium,WHITE,ziyadnz/hourly-ipv4,ziyadnz|hourly,2026-08-17T18:48:05Z,2026-08-17T18:48:05Z,
198.98.62.158,ipv4,malicious-ip,medium,WHITE,ziyadnz/hourly-ipv4,ziyadnz|hourly,2026-08-17T18:48:05Z,2026-08-17T18:48:05Z,
199.101.198.141,ipv4,malicious-ip,medium,WHITE,ziyadnz/hourly-ipv4,ziyadnz|hourly,2026-08-17T18:48:05Z,2026-08-17T18:48:05Z,
199.102.104.70,ipv4,malicious-ip,medium,WHITE,ziyadnz/hourly-ipv4,ziyadnz|hourly,2026-08-17T18:48:05Z,2026-08-17T18:48:05Z,
199.102.106.94,ipv4,malicious-ip,medium,WHITE,ziyadnz/hourly-ipv4,ziyadnz|hourly,2026-08-17T18:48:05Z,2026-08-17T18:48:05Z,
199.102.107.145,ipv4,malicious-ip,medium,WHITE,ziyadnz/hourly-ipv4,ziyadnz|hourly,2026-08-17T18:48:05Z,2026-08-17T18:48:05Z,
199.103.57.66,ipv4,malicious-ip,medium,WHITE,ziyadnz/hourly-ipv4,ziyadnz|hourly,2026-08-17T18:48:05Z,2026-08-17T18:48:05Z,
199.115.195.222,ipv4,malicious-ip,medium,WHITE,ziyadnz/hourly-ipv4,ziyadnz|hourly,2026-08-17T18:48:05Z,2026-08-17T18:48:05Z,
199.115.195.31,ipv4,malicious-ip,medium,WHITE,ziyadnz/hourly-ipv4,ziyadnz|hourly,2026-08-17T18:48:05Z,2026-08-17T18:48:05Z,
199.116.112.6,ipv4,malicious-ip,medium,WHITE,ziyadnz/hourly-ipv4,ziyadnz|hourly,2026-08-17T18:48:05Z,2026-08-17T18:48:05Z,
199.116.114.10,ipv4,malicious-ip,medium,WHITE,ziyadnz/hourly-ipv4,ziyadnz|hourly,2026-08-17T18:48:05Z,2026-08-17T18:48:05Z,
199.116.114.11,ipv4,malicious-ip,medium,WHITE,ziyadnz/hourly-ipv4,ziyadnz|hourly,2026-08-17T18:48:05Z,2026-08-17T18:48:05Z,
199.116.54.77,ipv4,malicious-ip,medium,WHITE,ziyadnz/hourly-ipv4,ziyadnz|hourly,2026-08-17T18:48:05Z,2026-08-17T18:48:05Z,
199.127.61.141,ipv4,malicious-ip,medium,WHITE,ziyadnz/hourly-ipv4,ziyadnz|hourly,2026-08-17T18:48:05Z,2026-08-17T18:48:05Z,
199.127.61.200,ipv4,malicious-ip,medium,WHITE,ziyadnz/hourly-ipv4,ziyadnz|hourly,2026-08-17T18:48:05Z,2026-08-17T18:48:05Z,
199.127.62.50,ipv4,malicious-ip,medium,WHITE,ziyadnz/hourly-ipv4,ziyadnz|hourly,2026-08-17T18:48:05Z,2026-08-17T18:48:05Z,
199.167.138.122,ipv4,malicious-ip,medium,WHITE,ziyadnz/hourly-ipv4,ziyadnz|hourly,2026-08-17T18:48:05Z,2026-08-17T18:48:05Z,
199.167.138.22,ipv4,malicious-ip,medium,WHITE,ziyadnz/hourly-ipv4,ziyadnz|hourly,2026-08-17T18:48:05Z,2026-08-17T18:48:05Z,
199.167.138.34,ipv4,malicious-ip,medium,WHITE,ziyadnz/hourly-ipv4,ziyadnz|hourly,2026-08-17T18:48:05Z,2026-08-17T18:48:05Z,
199.182.195.166,ipv4,malicious-ip,medium,WHITE,ziyadnz/hourly-ipv4,ziyadnz|hourly,2026-08-17T18:48:05Z,2026-08-17T18:48:05Z,
199.188.202.168,ipv4,malicious-ip,medium,WHITE,ziyadnz/hourly-ipv4,ziyadnz|hourly,2026-08-17T18:48:05Z,2026-08-17T18:48:05Z,
199.188.202.169,ipv4,malicious-ip,medium,WHITE,ziyadnz/hourly-ipv4,ziyadnz|hourly,2026-08-17T18:48:05Z,2026-08-17T18:48:05Z,
199.188.206.75,ipv4,malicious-ip,medium,WHITE,ziyadnz/hourly-ipv4,ziyadnz|hourly,2026-08-17T18:48:05Z,2026-08-17T18:48:05Z,
199.19.110.14,ipv4,malicious-ip,medium,WHITE,ziyadnz/hourly-ipv4,ziyadnz|hourly,2026-08-17T18:48:05Z,2026-08-17T18:48:05Z,
199.19.74.245,ipv4,malicious-ip,medium,WHITE,ziyadnz/hourly-ipv4,ziyadnz|hourly,2026-08-17T18:48:05Z,2026-08-17T18:48:05Z,
199.19.74.66,ipv4,malicious-ip,medium,WHITE,ziyadnz/hourly-ipv4,ziyadnz|hourly,2026-08-17T18:48:05Z,2026-08-17T18:48:05Z,
199.192.20.58,ipv4,malicious-ip,medium,WHITE,ziyadnz/hourly-ipv4,ziyadnz|hourly,2026-08-17T18:48:05Z,2026-08-17T18:48:05Z,
199.192.25.149,ipv4,malicious-ip,medium,WHITE,ziyadnz/hourly-ipv4,ziyadnz|hourly,2026-08-17T18:48:05Z,2026-08-17T18:48:05Z,
199.193.127.231,ipv4,malicious-ip,medium,WHITE,ziyadnz/hourly-ipv4,ziyadnz|hourly,2026-08-17T18:48:05Z,2026-08-17T18:48:05Z,
199.195.248.147,ipv4,malicious-ip,medium,WHITE,ziyadnz/hourly-ipv4,ziyadnz|hourly,2026-08-17T18:48:05Z,2026-08-17T18:48:05Z,
199.195.248.168,ipv4,malicious-ip,medium,WHITE,ziyadnz/hourly-ipv4,ziyadnz|hourly,2026-08-17T18:48:05Z,2026-08-17T18:48:05Z,
199.195.248.205,ipv4,malicious-ip,medium,WHITE,ziyadnz/hourly-ipv4,ziyadnz|hourly,2026-08-17T18:48:05Z,2026-08-17T18:48:05Z,
199.195.249.249,ipv4,malicious-ip,medium,WHITE,ziyadnz/hourly-ipv4,ziyadnz|hourly,2026-08-17T18:48:05Z,2026-08-17T18:48:05Z,
199.195.251.119,ipv4,malicious-ip,medium,WHITE,ziyadnz/hourly-ipv4,ziyadnz|hourly,2026-08-17T18:48:05Z,2026-08-17T18:48:05Z,
199.195.252.209,ipv4,malicious-ip,medium,WHITE,ziyadnz/hourly-ipv4,ziyadnz|hourly,2026-08-17T18:48:05Z,2026-08-17T18:48:05Z,
199.195.253.124,ipv4,malicious-ip,medium,WHITE,ziyadnz/hourly-ipv4,ziyadnz|hourly,2026-08-17T18:48:05Z,2026-08-17T18:48:05Z,
199.195.253.156,ipv4,malicious-ip,medium,WHITE,ziyadnz/hourly-ipv4,ziyadnz|hourly,2026-08-17T18:48:05Z,2026-08-17T18:48:05Z,
199.195.253.180,ipv4,malicious-ip,medium,WHITE,ziyadnz/hourly-ipv4,ziyadnz|hourly,2026-08-17T18:48:05Z,2026-08-17T18:48:05Z,
199.195.254.198,ipv4,malicious-ip,medium,WHITE,ziyadnz/hourly-ipv4,ziyadnz|hourly,2026-08-17T18:48:05Z,2026-08-17T18:48:05Z,
199.21.150.105,ipv4,malicious-ip,medium,WHITE,ziyadnz/hourly-ipv4,ziyadnz|hourly,2026-08-17T18:48:05Z,2026-08-17T18:48:05Z,
199.217.98.108,ipv4,malicious-ip,medium,WHITE,ziyadnz/hourly-ipv4,ziyadnz|hourly,2026-08-17T18:48:05Z,2026-08-17T18:48:05Z,
199.217.98.153,ipv4,malicious-ip,medium,WHITE,ziyadnz/hourly-ipv4,ziyadnz|hourly,2026-08-17T18:48:05Z,2026-08-17T18:48:05Z,
199.217.98.33,ipv4,malicious-ip,medium,WHITE,ziyadnz/hourly-ipv4,ziyadnz|hourly,2026-08-17T18:48:05Z,2026-08-17T18:48:05Z,
199.217.99.121,ipv4,malicious-ip,medium,WHITE,ziyadnz/hourly-ipv4,ziyadnz|hourly,2026-08-17T18:48:05Z,2026-08-17T18:48:05Z,
199.229.220.179,ipv4,malicious-ip,medium,WHITE,ziyadnz/hourly-ipv4,ziyadnz|hourly,2026-08-17T18:48:05Z,2026-08-17T18:48:05Z,
199.229.254.129,ipv4,malicious-ip,medium,WHITE,ziyadnz/hourly-ipv4,ziyadnz|hourly,2026-08-17T18:48:05Z,2026-08-17T18:48:05Z,
199.231.163.19,ipv4,malicious-ip,medium,WHITE,ziyadnz/hourly-ipv4,ziyadnz|hourly,2026-08-17T18:48:05Z,2026-08-17T18:48:05Z,
199.231.186.249,ipv4,malicious-ip,medium,WHITE,ziyadnz/hourly-ipv4,ziyadnz|hourly,2026-08-17T18:48:05Z,2026-08-17T18:48:05Z,
199.231.186.30,ipv4,malicious-ip,medium,WHITE,ziyadnz/hourly-ipv4,ziyadnz|hourly,2026-08-17T18:48:05Z,2026-08-17T18:48:05Z,
199.231.188.237,ipv4,malicious-ip,medium,WHITE,ziyadnz/hourly-ipv4,ziyadnz|hourly,2026-08-17T18:48:05Z,2026-08-17T18:48:05Z,
199.231.211.19,ipv4,malicious-ip,medium,WHITE,ziyadnz/hourly-ipv4,ziyadnz|hourly,2026-08-17T18:48:05Z,2026-08-17T18:48:05Z,
199.232.46.132,ipv4,malicious-ip,medium,WHITE,ziyadnz/hourly-ipv4,ziyadnz|hourly,2026-08-17T18:48:05Z,2026-08-17T18:48:05Z,
199.241.138.153,ipv4,malicious-ip,medium,WHITE,ziyadnz/hourly-ipv4,ziyadnz|hourly,2026-08-17T18:48:05Z,2026-08-17T18:48:05Z,
199.247.10.166,ipv4,malicious-ip,medium,WHITE,ziyadnz/hourly-ipv4,ziyadnz|hourly,2026-08-17T18:48:05Z,2026-08-17T18:48:05Z,
199.247.30.230,ipv4,malicious-ip,medium,WHITE,ziyadnz/hourly-ipv4,ziyadnz|hourly,2026-08-17T18:48:05Z,2026-08-17T18:48:05Z,
199.247.4.86,ipv4,malicious-ip,medium,WHITE,ziyadnz/hourly-ipv4,ziyadnz|hourly,2026-08-17T18:48:05Z,2026-08-17T18:48:05Z,
199.247.6.61,ipv4,malicious-ip,medium,WHITE,ziyadnz/hourly-ipv4,ziyadnz|hourly,2026-08-17T18:48:05Z,2026-08-17T18:48:05Z,
199.247.7.82,ipv4,malicious-ip,medium,WHITE,ziyadnz/hourly-ipv4,ziyadnz|hourly,2026-08-17T18:48:05Z,2026-08-17T18:48:05Z,
199.250.148.228,ipv4,malicious-ip,medium,WHITE,ziyadnz/hourly-ipv4,ziyadnz|hourly,2026-08-17T18:48:05Z,2026-08-17T18:48:05Z,
199.250.238.20,ipv4,malicious-ip,medium,WHITE,ziyadnz/hourly-ipv4,ziyadnz|hourly,2026-08-17T18:48:05Z,2026-08-17T18:48:05Z,
199.253.29.120,ipv4,malicious-ip,medium,WHITE,ziyadnz/hourly-ipv4,ziyadnz|hourly,2026-08-17T18:48:05Z,2026-08-17T18:48:05Z,
199.30.231.6,ipv4,malicious-ip,medium,WHITE,ziyadnz/hourly-ipv4,ziyadnz|hourly,2026-08-17T18:48:05Z,2026-08-17T18:48:05Z,
199.45.154.0,ipv4,malicious-ip,medium,WHITE,ziyadnz/hourly-ipv4,ziyadnz|hourly,2026-08-17T18:48:05Z,2026-08-17T18:48:05Z,
199.45.154.112,ipv4,malicious-ip,medium,WHITE,ziyadnz/hourly-ipv4,ziyadnz|hourly,2026-08-17T18:48:05Z,2026-08-17T18:48:05Z,
199.45.154.114,ipv4,malicious-ip,medium,WHITE,ziyadnz/hourly-ipv4,ziyadnz|hourly,2026-08-17T18:48:05Z,2026-08-17T18:48:05Z,
199.45.154.115,ipv4,malicious-ip,medium,WHITE,ziyadnz/hourly-ipv4,ziyadnz|hourly,2026-08-17T18:48:05Z,2026-08-17T18:48:05Z,
199.45.154.118,ipv4,malicious-ip,medium,WHITE,ziyadnz/hourly-ipv4,ziyadnz|hourly,2026-08-17T18:48:05Z,2026-08-17T18:48:05Z,
199.45.154.120,ipv4,malicious-ip,medium,WHITE,ziyadnz/hourly-ipv4,ziyadnz|hourly,2026-08-17T18:48:05Z,2026-08-17T18:48:05Z,
199.45.154.122,ipv4,malicious-ip,medium,WHITE,ziyadnz/hourly-ipv4,ziyadnz|hourly,2026-08-17T18:48:05Z,2026-08-17T18:48:05Z,
199.45.154.124,ipv4,malicious-ip,medium,WHITE,ziyadnz/hourly-ipv4,ziyadnz|hourly,2026-08-17T18:48:05Z,2026-08-17T18:48:05Z,
199.45.154.125,ipv4,malicious-ip,medium,WHITE,ziyadnz/hourly-ipv4,ziyadnz|hourly,2026-08-17T18:48:05Z,2026-08-17T18:48:05Z,
199.45.154.126,ipv4,malicious-ip,medium,WHITE,ziyadnz/hourly-ipv4,ziyadnz|hourly,2026-08-17T18:48:05Z,2026-08-17T18:48:05Z,
199.45.154.127,ipv4,malicious-ip,medium,WHITE,ziyadnz/hourly-ipv4,ziyadnz|hourly,2026-08-17T18:48:05Z,2026-08-17T18:48:05Z,
199.45.154.154,ipv4,malicious-ip,medium,WHITE,ziyadnz/hourly-ipv4,ziyadnz|hourly,2026-08-17T18:48:05Z,2026-08-17T18:48:05Z,
199.45.154.176,ipv4,malicious-ip,medium,WHITE,ziyadnz/hourly-ipv4,ziyadnz|hourly,2026-08-17T18:48:05Z,2026-08-17T18:48:05Z,
199.45.154.177,ipv4,malicious-ip,medium,WHITE,ziyadnz/hourly-ipv4,ziyadnz|hourly,2026-08-17T18:48:05Z,2026-08-17T18:48:05Z,
199.45.154.178,ipv4,malicious-ip,medium,WHITE,ziyadnz/hourly-ipv4,ziyadnz|hourly,2026-08-17T18:48:05Z,2026-08-17T18:48:05Z,
199.45.154.179,ipv4,malicious-ip,medium,WHITE,ziyadnz/hourly-ipv4,ziyadnz|hourly,2026-08-17T18:48:05Z,2026-08-17T18:48:05Z,
199.45.154.180,ipv4,malicious-ip,medium,WHITE,ziyadnz/hourly-ipv4,ziyadnz|hourly,2026-08-17T18:48:05Z,2026-08-17T18:48:05Z,
199.45.154.181,ipv4,malicious-ip,medium,WHITE,ziyadnz/hourly-ipv4,ziyadnz|hourly,2026-08-17T18:48:05Z,2026-08-17T18:48:05Z,
199.45.154.182,ipv4,malicious-ip,medium,WHITE,ziyadnz/hourly-ipv4,ziyadnz|hourly,2026-08-17T18:48:05Z,2026-08-17T18:48:05Z,
199.45.154.183,ipv4,malicious-ip,medium,WHITE,ziyadnz/hourly-ipv4,ziyadnz|hourly,2026-08-17T18:48:05Z,2026-08-17T18:48:05Z,
199.45.154.184,ipv4,malicious-ip,medium,WHITE,ziyadnz/hourly-ipv4,ziyadnz|hourly,2026-08-17T18:48:05Z,2026-08-17T18:48:05Z,
199.45.154.185,ipv4,malicious-ip,medium,WHITE,ziyadnz/hourly-ipv4,ziyadnz|hourly,2026-08-17T18:48:05Z,2026-08-17T18:48:05Z,
199.45.154.186,ipv4,malicious-ip,medium,WHITE,ziyadnz/hourly-ipv4,ziyadnz|hourly,2026-08-17T18:48:05Z,2026-08-17T18:48:05Z,
199.45.154.187,ipv4,malicious-ip,medium,WHITE,ziyadnz/hourly-ipv4,ziyadnz|hourly,2026-08-17T18:48:05Z,2026-08-17T18:48:05Z,
199.45.154.188,ipv4,malicious-ip,medium,WHITE,ziyadnz/hourly-ipv4,ziyadnz|hourly,2026-08-17T18:48:05Z,2026-08-17T18:48:05Z,
199.45.154.189,ipv4,malicious-ip,medium,WHITE,ziyadnz/hourly-ipv4,ziyadnz|hourly,2026-08-17T18:48:05Z,2026-08-17T18:48:05Z,
199.45.154.190,ipv4,malicious-ip,medium,WHITE,ziyadnz/hourly-ipv4,ziyadnz|hourly,2026-08-17T18:48:05Z,2026-08-17T18:48:05Z,
199.45.154.191,ipv4,malicious-ip,medium,WHITE,ziyadnz/hourly-ipv4,ziyadnz|hourly,2026-08-17T18:48:05Z,2026-08-17T18:48:05Z,
199.45.154.47,ipv4,malicious-ip,medium,WHITE,ziyadnz/hourly-ipv4,ziyadnz|hourly,2026-08-17T18:48:05Z,2026-08-17T18:48:05Z,
199.45.154.50,ipv4,malicious-ip,medium,WHITE,ziyadnz/hourly-ipv4,ziyadnz|hourly,2026-08-17T18:48:05Z,2026-08-17T18:48:05Z,
199.45.154.51,ipv4,malicious-ip,medium,WHITE,ziyadnz/hourly-ipv4,ziyadnz|hourly,2026-08-17T18:48:05Z,2026-08-17T18:48:05Z,
199.45.154.53,ipv4,malicious-ip,medium,WHITE,ziyadnz/hourly-ipv4,ziyadnz|hourly,2026-08-17T18:48:05Z,2026-08-17T18:48:05Z,
199.45.154.56,ipv4,malicious-ip,medium,WHITE,ziyadnz/hourly-ipv4,ziyadnz|hourly,2026-08-17T18:48:05Z,2026-08-17T18:48:05Z,
199.45.154.57,ipv4,malicious-ip,medium,WHITE,ziyadnz/hourly-ipv4,ziyadnz|hourly,2026-08-17T18:48:05Z,2026-08-17T18:48:05Z,
199.45.154.58,ipv4,malicious-ip,medium,WHITE,ziyadnz/hourly-ipv4,ziyadnz|hourly,2026-08-17T18:48:05Z,2026-08-17T18:48:05Z,
199.45.154.59,ipv4,malicious-ip,medium,WHITE,ziyadnz/hourly-ipv4,ziyadnz|hourly,2026-08-17T18:48:05Z,2026-08-17T18:48:05Z,
199.45.154.60,ipv4,malicious-ip,medium,WHITE,ziyadnz/hourly-ipv4,ziyadnz|hourly,2026-08-17T18:48:05Z,2026-08-17T18:48:05Z,
199.45.154.61,ipv4,malicious-ip,medium,WHITE,ziyadnz/hourly-ipv4,ziyadnz|hourly,2026-08-17T18:48:05Z,2026-08-17T18:48:05Z,
199.45.154.62,ipv4,malicious-ip,medium,WHITE,ziyadnz/hourly-ipv4,ziyadnz|hourly,2026-08-17T18:48:05Z,2026-08-17T18:48:05Z,
199.45.154.64,ipv4,malicious-ip,medium,WHITE,ziyadnz/hourly-ipv4,ziyadnz|hourly,2026-08-17T18:48:05Z,2026-08-17T18:48:05Z,
199.45.154.65,ipv4,malicious-ip,medium,WHITE,ziyadnz/hourly-ipv4,ziyadnz|hourly,2026-08-17T18:48:05Z,2026-08-17T18:48:05Z,
199.45.154.66,ipv4,malicious-ip,medium,WHITE,ziyadnz/hourly-ipv4,ziyadnz|hourly,2026-08-17T18:48:05Z,2026-08-17T18:48:05Z,
199.45.154.67,ipv4,malicious-ip,medium,WHITE,ziyadnz/hourly-ipv4,ziyadnz|hourly,2026-08-17T18:48:05Z,2026-08-17T18:48:05Z,
199.45.154.68,ipv4,malicious-ip,medium,WHITE,ziyadnz/hourly-ipv4,ziyadnz|hourly,2026-08-17T18:48:05Z,2026-08-17T18:48:05Z,
199.45.154.69,ipv4,malicious-ip,medium,WHITE,ziyadnz/hourly-ipv4,ziyadnz|hourly,2026-08-17T18:48:05Z,2026-08-17T18:48:05Z,
199.45.154.70,ipv4,malicious-ip,medium,WHITE,ziyadnz/hourly-ipv4,ziyadnz|hourly,2026-08-17T18:48:05Z,2026-08-17T18:48:05Z,
199.45.154.71,ipv4,malicious-ip,medium,WHITE,ziyadnz/hourly-ipv4,ziyadnz|hourly,2026-08-17T18:48:05Z,2026-08-17T18:48:05Z,
199.45.154.73,ipv4,malicious-ip,medium,WHITE,ziyadnz/hourly-ipv4,ziyadnz|hourly,2026-08-17T18:48:05Z,2026-08-17T18:48:05Z,
199.45.154.74,ipv4,malicious-ip,medium,WHITE,ziyadnz/hourly-ipv4,ziyadnz|hourly,2026-08-17T18:48:05Z,2026-08-17T18:48:05Z,
199.45.154.75,ipv4,malicious-ip,medium,WHITE,ziyadnz/hourly-ipv4,ziyadnz|hourly,2026-08-17T18:48:05Z,2026-08-17T18:48:05Z,
199.45.154.76,ipv4,malicious-ip,medium,WHITE,ziyadnz/hourly-ipv4,ziyadnz|hourly,2026-08-17T18:48:05Z,2026-08-17T18:48:05Z,
199.45.154.77,ipv4,malicious-ip,medium,WHITE,ziyadnz/hourly-ipv4,ziyadnz|hourly,2026-08-17T18:48:05Z,2026-08-17T18:48:05Z,
199.45.155.0,ipv4,malicious-ip,medium,WHITE,ziyadnz/hourly-ipv4,ziyadnz|hourly,2026-08-17T18:48:05Z,2026-08-17T18:48:05Z,
199.45.155.100,ipv4,malicious-ip,medium,WHITE,ziyadnz/hourly-ipv4,ziyadnz|hourly,2026-08-17T18:48:05Z,2026-08-17T18:48:05Z,
199.45.155.101,ipv4,malicious-ip,medium,WHITE,ziyadnz/hourly-ipv4,ziyadnz|hourly,2026-08-17T18:48:05Z,2026-08-17T18:48:05Z,
199.45.155.105,ipv4,malicious-ip,medium,WHITE,ziyadnz/hourly-ipv4,ziyadnz|hourly,2026-08-17T18:48:05Z,2026-08-17T18:48:05Z,
199.45.155.106,ipv4,malicious-ip,medium,WHITE,ziyadnz/hourly-ipv4,ziyadnz|hourly,2026-08-17T18:48:05Z,2026-08-17T18:48:05Z,
199.45.155.107,ipv4,malicious-ip,medium,WHITE,ziyadnz/hourly-ipv4,ziyadnz|hourly,2026-08-17T18:48:05Z,2026-08-17T18:48:05Z,
199.45.155.111,ipv4,malicious-ip,medium,WHITE,ziyadnz/hourly-ipv4,ziyadnz|hourly,2026-08-17T18:48:05Z,2026-08-17T18:48:05Z,
199.45.155.64,ipv4,malicious-ip,medium,WHITE,ziyadnz/hourly-ipv4,ziyadnz|hourly,2026-08-17T18:48:05Z,2026-08-17T18:48:05Z,
199.45.155.65,ipv4,malicious-ip,medium,WHITE,ziyadnz/hourly-ipv4,ziyadnz|hourly,2026-08-17T18:48:05Z,2026-08-17T18:48:05Z,
199.45.155.66,ipv4,malicious-ip,medium,WHITE,ziyadnz/hourly-ipv4,ziyadnz|hourly,2026-08-17T18:48:05Z,2026-08-17T18:48:05Z,
199.45.155.67,ipv4,malicious-ip,medium,WHITE,ziyadnz/hourly-ipv4,ziyadnz|hourly,2026-08-17T18:48:05Z,2026-08-17T18:48:05Z,
199.45.155.71,ipv4,malicious-ip,medium,WHITE,ziyadnz/hourly-ipv4,ziyadnz|hourly,2026-08-17T18:48:05Z,2026-08-17T18:48:05Z,
199.45.155.74,ipv4,malicious-ip,medium,WHITE,ziyadnz/hourly-ipv4,ziyadnz|hourly,2026-08-17T18:48:05Z,2026-08-17T18:48:05Z,
199.45.155.76,ipv4,malicious-ip,medium,WHITE,ziyadnz/hourly-ipv4,ziyadnz|hourly,2026-08-17T18:48:05Z,2026-08-17T18:48:05Z,
199.45.155.77,ipv4,malicious-ip,medium,WHITE,ziyadnz/hourly-ipv4,ziyadnz|hourly,2026-08-17T18:48:05Z,2026-08-17T18:48:05Z,
199.45.155.78,ipv4,malicious-ip,medium,WHITE,ziyadnz/hourly-ipv4,ziyadnz|hourly,2026-08-17T18:48:05Z,2026-08-17T18:48:05Z,
199.45.155.79,ipv4,malicious-ip,medium,WHITE,ziyadnz/hourly-ipv4,ziyadnz|hourly,2026-08-17T18:48:05Z,2026-08-17T18:48:05Z,
199.45.155.82,ipv4,malicious-ip,medium,WHITE,ziyadnz/hourly-ipv4,ziyadnz|hourly,2026-08-17T18:48:05Z,2026-08-17T18:48:05Z,
199.45.155.84,ipv4,malicious-ip,medium,WHITE,ziyadnz/hourly-ipv4,ziyadnz|hourly,2026-08-17T18:48:05Z,2026-08-17T18:48:05Z,
199.45.155.86,ipv4,malicious-ip,medium,WHITE,ziyadnz/hourly-ipv4,ziyadnz|hourly,2026-08-17T18:48:05Z,2026-08-17T18:48:05Z,
199.45.155.87,ipv4,malicious-ip,medium,WHITE,ziyadnz/hourly-ipv4,ziyadnz|hourly,2026-08-17T18:48:05Z,2026-08-17T18:48:05Z,
199.45.155.89,ipv4,malicious-ip,medium,WHITE,ziyadnz/hourly-ipv4,ziyadnz|hourly,2026-08-17T18:48:05Z,2026-08-17T18:48:05Z,
199.45.155.90,ipv4,malicious-ip,medium,WHITE,ziyadnz/hourly-ipv4,ziyadnz|hourly,2026-08-17T18:48:05Z,2026-08-17T18:48:05Z,
199.45.155.92,ipv4,malicious-ip,medium,WHITE,ziyadnz/hourly-ipv4,ziyadnz|hourly,2026-08-17T18:48:05Z,2026-08-17T18:48:05Z,
199.45.155.94,ipv4,malicious-ip,medium,WHITE,ziyadnz/hourly-ipv4,ziyadnz|hourly,2026-08-17T18:48:05Z,2026-08-17T18:48:05Z,
199.45.155.95,ipv4,malicious-ip,medium,WHITE,ziyadnz/hourly-ipv4,ziyadnz|hourly,2026-08-17T18:48:05Z,2026-08-17T18:48:05Z,
199.45.155.96,ipv4,malicious-ip,medium,WHITE,ziyadnz/hourly-ipv4,ziyadnz|hourly,2026-08-17T18:48:05Z,2026-08-17T18:48:05Z,
199.45.155.97,ipv4,malicious-ip,medium,WHITE,ziyadnz/hourly-ipv4,ziyadnz|hourly,2026-08-17T18:48:05Z,2026-08-17T18:48:05Z,
199.45.155.98,ipv4,malicious-ip,medium,WHITE,ziyadnz/hourly-ipv4,ziyadnz|hourly,2026-08-17T18:48:05Z,2026-08-17T18:48:05Z,
199.47.121.113,ipv4,malicious-ip,medium,WHITE,ziyadnz/hourly-ipv4,ziyadnz|hourly,2026-08-17T18:48:05Z,2026-08-17T18:48:05Z,
199.47.241.138,ipv4,malicious-ip,medium,WHITE,ziyadnz/hourly-ipv4,ziyadnz|hourly,2026-08-17T18:48:05Z,2026-08-17T18:48:05Z,
199.58.184.97,ipv4,malicious-ip,medium,WHITE,ziyadnz/hourly-ipv4,ziyadnz|hourly,2026-08-17T18:48:05Z,2026-08-17T18:48:05Z,
199.58.185.9,ipv4,malicious-ip,medium,WHITE,ziyadnz/hourly-ipv4,ziyadnz|hourly,2026-08-17T18:48:05Z,2026-08-17T18:48:05Z,
199.66.183.251,ipv4,malicious-ip,medium,WHITE,ziyadnz/hourly-ipv4,ziyadnz|hourly,2026-08-17T18:48:05Z,2026-08-17T18:48:05Z,
199.68.217.21,ipv4,malicious-ip,medium,WHITE,ziyadnz/hourly-ipv4,ziyadnz|hourly,2026-08-17T18:48:05Z,2026-08-17T18:48:05Z,
199.87.154.255,ipv4,malicious-ip,medium,WHITE,ziyadnz/hourly-ipv4,ziyadnz|hourly,2026-08-17T18:48:05Z,2026-08-17T18:48:05Z,
199.87.178.43,ipv4,malicious-ip,medium,WHITE,ziyadnz/hourly-ipv4,ziyadnz|hourly,2026-08-17T18:48:05Z,2026-08-17T18:48:05Z,
199.87.180.139,ipv4,malicious-ip,medium,WHITE,ziyadnz/hourly-ipv4,ziyadnz|hourly,2026-08-17T18:48:05Z,2026-08-17T18:48:05Z,
199.87.181.254,ipv4,malicious-ip,medium,WHITE,ziyadnz/hourly-ipv4,ziyadnz|hourly,2026-08-17T18:48:05Z,2026-08-17T18:48:05Z,
199.91.100.60,ipv4,malicious-ip,medium,WHITE,ziyadnz/hourly-ipv4,ziyadnz|hourly,2026-08-17T18:48:05Z,2026-08-17T18:48:05Z,
199.91.128.98,ipv4,malicious-ip,medium,WHITE,ziyadnz/hourly-ipv4,ziyadnz|hourly,2026-08-17T18:48:05Z,2026-08-17T18:48:05Z,
199.91.162.55,ipv4,malicious-ip,medium,WHITE,ziyadnz/hourly-ipv4,ziyadnz|hourly,2026-08-17T18:48:05Z,2026-08-17T18:48:05Z,
199.91.220.111,ipv4,malicious-ip,medium,WHITE,ziyadnz/hourly-ipv4,ziyadnz|hourly,2026-08-17T18:48:05Z,2026-08-17T18:48:05Z,
199.91.221.58,ipv4,malicious-ip,medium,WHITE,ziyadnz/hourly-ipv4,ziyadnz|hourly,2026-08-17T18:48:05Z,2026-08-17T18:48:05Z,
2.100.55.188,ipv4,malicious-ip,medium,WHITE,ziyadnz/hourly-ipv4,ziyadnz|hourly,2026-08-17T18:48:05Z,2026-08-17T18:48:05Z,
2.101.158.30,ipv4,malicious-ip,medium,WHITE,ziyadnz/hourly-ipv4,ziyadnz|hourly,2026-08-17T18:48:05Z,2026-08-17T18:48:05Z,
2.101.215.215,ipv4,malicious-ip,medium,WHITE,ziyadnz/hourly-ipv4,ziyadnz|hourly,2026-08-17T18:48:05Z,2026-08-17T18:48:05Z,
2.103.178.160,ipv4,malicious-ip,medium,WHITE,ziyadnz/hourly-ipv4,ziyadnz|hourly,2026-08-17T18:48:05Z,2026-08-17T18:48:05Z,
2.11.38.94,ipv4,malicious-ip,medium,WHITE,ziyadnz/hourly-ipv4,ziyadnz|hourly,2026-08-17T18:48:05Z,2026-08-17T18:48:05Z,
2.110.131.68,ipv4,malicious-ip,medium,WHITE,ziyadnz/hourly-ipv4,ziyadnz|hourly,2026-08-17T18:48:05Z,2026-08-17T18:48:05Z,
2.124.93.235,ipv4,malicious-ip,medium,WHITE,ziyadnz/hourly-ipv4,ziyadnz|hourly,2026-08-17T18:48:05Z,2026-08-17T18:48:05Z,
2.13.96.111,ipv4,malicious-ip,medium,WHITE,ziyadnz/hourly-ipv4,ziyadnz|hourly,2026-08-17T18:48:05Z,2026-08-17T18:48:05Z,
2.132.233.218,ipv4,malicious-ip,medium,WHITE,ziyadnz/hourly-ipv4,ziyadnz|hourly,2026-08-17T18:48:05Z,2026-08-17T18:48:05Z,
2.132.233.234,ipv4,malicious-ip,medium,WHITE,ziyadnz/hourly-ipv4,ziyadnz|hourly,2026-08-17T18:48:05Z,2026-08-17T18:48:05Z,
2.132.233.48,ipv4,malicious-ip,medium,WHITE,ziyadnz/hourly-ipv4,ziyadnz|hourly,2026-08-17T18:48:05Z,2026-08-17T18:48:05Z,
2.132.234.117,ipv4,malicious-ip,medium,WHITE,ziyadnz/hourly-ipv4,ziyadnz|hourly,2026-08-17T18:48:05Z,2026-08-17T18:48:05Z,
2.132.234.147,ipv4,malicious-ip,medium,WHITE,ziyadnz/hourly-ipv4,ziyadnz|hourly,2026-08-17T18:48:05Z,2026-08-17T18:48:05Z,
2.132.24.176,ipv4,malicious-ip,medium,WHITE,ziyadnz/hourly-ipv4,ziyadnz|hourly,2026-08-17T18:48:05Z,2026-08-17T18:48:05Z,
2.132.82.0,ipv4,malicious-ip,medium,WHITE,ziyadnz/hourly-ipv4,ziyadnz|hourly,2026-08-17T18:48:05Z,2026-08-17T18:48:05Z,
2.132.82.196,ipv4,malicious-ip,medium,WHITE,ziyadnz/hourly-ipv4,ziyadnz|hourly,2026-08-17T18:48:05Z,2026-08-17T18:48:05Z,
2.132.82.227,ipv4,malicious-ip,medium,WHITE,ziyadnz/hourly-ipv4,ziyadnz|hourly,2026-08-17T18:48:05Z,2026-08-17T18:48:05Z,
2.132.82.233,ipv4,malicious-ip,medium,WHITE,ziyadnz/hourly-ipv4,ziyadnz|hourly,2026-08-17T18:48:05Z,2026-08-17T18:48:05Z,
2.132.82.236,ipv4,malicious-ip,medium,WHITE,ziyadnz/hourly-ipv4,ziyadnz|hourly,2026-08-17T18:48:05Z,2026-08-17T18:48:05Z,
2.132.82.96,ipv4,malicious-ip,medium,WHITE,ziyadnz/hourly-ipv4,ziyadnz|hourly,2026-08-17T18:48:05Z,2026-08-17T18:48:05Z,
2.133.208.192,ipv4,malicious-ip,medium,WHITE,ziyadnz/hourly-ipv4,ziyadnz|hourly,2026-08-17T18:48:05Z,2026-08-17T18:48:05Z,
2.133.4.22,ipv4,malicious-ip,medium,WHITE,ziyadnz/hourly-ipv4,ziyadnz|hourly,2026-08-17T18:48:05Z,2026-08-17T18:48:05Z,
2.134.13.50,ipv4,malicious-ip,medium,WHITE,ziyadnz/hourly-ipv4,ziyadnz|hourly,2026-08-17T18:48:05Z,2026-08-17T18:48:05Z,
2.135.12.57,ipv4,malicious-ip,medium,WHITE,ziyadnz/hourly-ipv4,ziyadnz|hourly,2026-08-17T18:48:05Z,2026-08-17T18:48:05Z,
2.135.87.136,ipv4,malicious-ip,medium,WHITE,ziyadnz/hourly-ipv4,ziyadnz|hourly,2026-08-17T18:48:05Z,2026-08-17T18:48:05Z,
2.136.130.81,ipv4,malicious-ip,medium,WHITE,ziyadnz/hourly-ipv4,ziyadnz|hourly,2026-08-17T18:48:05Z,2026-08-17T18:48:05Z,
2.136.178.57,ipv4,malicious-ip,medium,WHITE,ziyadnz/hourly-ipv4,ziyadnz|hourly,2026-08-17T18:48:05Z,2026-08-17T18:48:05Z,
2.14.82.210,ipv4,malicious-ip,medium,WHITE,ziyadnz/hourly-ipv4,ziyadnz|hourly,2026-08-17T18:48:05Z,2026-08-17T18:48:05Z,
2.144.22.46,ipv4,malicious-ip,medium,WHITE,ziyadnz/hourly-ipv4,ziyadnz|hourly,2026-08-17T18:48:05Z,2026-08-17T18:48:05Z,
2.145.144.136,ipv4,malicious-ip,medium,WHITE,ziyadnz/hourly-ipv4,ziyadnz|hourly,2026-08-17T18:48:05Z,2026-08-17T18:48:05Z,
2.15.112.37,ipv4,malicious-ip,medium,WHITE,ziyadnz/hourly-ipv4,ziyadnz|hourly,2026-08-17T18:48:05Z,2026-08-17T18:48:05Z,
2.15.141.199,ipv4,malicious-ip,medium,WHITE,ziyadnz/hourly-ipv4,ziyadnz|hourly,2026-08-17T18:48:05Z,2026-08-17T18:48:05Z,
2.15.61.54,ipv4,malicious-ip,medium,WHITE,ziyadnz/hourly-ipv4,ziyadnz|hourly,2026-08-17T18:48:05Z,2026-08-17T18:48:05Z,
2.155.25.198,ipv4,malicious-ip,medium,WHITE,ziyadnz/hourly-ipv4,ziyadnz|hourly,2026-08-17T18:48:05Z,2026-08-17T18:48:05Z,
2.156.195.141,ipv4,malicious-ip,medium,WHITE,ziyadnz/hourly-ipv4,ziyadnz|hourly,2026-08-17T18:48:05Z,2026-08-17T18:48:05Z,
2.158.219.214,ipv4,malicious-ip,medium,WHITE,ziyadnz/hourly-ipv4,ziyadnz|hourly,2026-08-17T18:48:05Z,2026-08-17T18:48:05Z,
2.178.107.144,ipv4,malicious-ip,medium,WHITE,ziyadnz/hourly-ipv4,ziyadnz|hourly,2026-08-17T18:48:05Z,2026-08-17T18:48:05Z,
2.178.120.112,ipv4,malicious-ip,medium,WHITE,ziyadnz/hourly-ipv4,ziyadnz|hourly,2026-08-17T18:48:05Z,2026-08-17T18:48:05Z,
2.179.177.124,ipv4,malicious-ip,medium,WHITE,ziyadnz/hourly-ipv4,ziyadnz|hourly,2026-08-17T18:48:05Z,2026-08-17T18:48:05Z,
2.179.184.12,ipv4,malicious-ip,medium,WHITE,ziyadnz/hourly-ipv4,ziyadnz|hourly,2026-08-17T18:48:05Z,2026-08-17T18:48:05Z,
2.179.186.143,ipv4,malicious-ip,medium,WHITE,ziyadnz/hourly-ipv4,ziyadnz|hourly,2026-08-17T18:48:05Z,2026-08-17T18:48:05Z,
2.179.186.153,ipv4,malicious-ip,medium,WHITE,ziyadnz/hourly-ipv4,ziyadnz|hourly,2026-08-17T18:48:05Z,2026-08-17T18:48:05Z,
2.179.186.32,ipv4,malicious-ip,medium,WHITE,ziyadnz/hourly-ipv4,ziyadnz|hourly,2026-08-17T18:48:05Z,2026-08-17T18:48:05Z,
2.179.187.36,ipv4,malicious-ip,medium,WHITE,ziyadnz/hourly-ipv4,ziyadnz|hourly,2026-08-17T18:48:05Z,2026-08-17T18:48:05Z,
2.179.187.70,ipv4,malicious-ip,medium,WHITE,ziyadnz/hourly-ipv4,ziyadnz|hourly,2026-08-17T18:48:05Z,2026-08-17T18:48:05Z,
2.179.60.126,ipv4,malicious-ip,medium,WHITE,ziyadnz/hourly-ipv4,ziyadnz|hourly,2026-08-17T18:48:05Z,2026-08-17T18:48:05Z,
2.180.10.67,ipv4,malicious-ip,medium,WHITE,ziyadnz/hourly-ipv4,ziyadnz|hourly,2026-08-17T18:48:05Z,2026-08-17T18:48:05Z,
2.180.13.235,ipv4,malicious-ip,medium,WHITE,ziyadnz/hourly-ipv4,ziyadnz|hourly,2026-08-17T18:48:05Z,2026-08-17T18:48:05Z,
2.180.159.193,ipv4,malicious-ip,medium,WHITE,ziyadnz/hourly-ipv4,ziyadnz|hourly,2026-08-17T18:48:05Z,2026-08-17T18:48:05Z,
2.180.17.2,ipv4,malicious-ip,medium,WHITE,ziyadnz/hourly-ipv4,ziyadnz|hourly,2026-08-17T18:48:05Z,2026-08-17T18:48:05Z,
2.180.20.198,ipv4,malicious-ip,medium,WHITE,ziyadnz/hourly-ipv4,ziyadnz|hourly,2026-08-17T18:48:05Z,2026-08-17T18:48:05Z,
2.180.205.43,ipv4,malicious-ip,medium,WHITE,ziyadnz/hourly-ipv4,ziyadnz|hourly,2026-08-17T18:48:05Z,2026-08-17T18:48:05Z,
2.180.27.234,ipv4,malicious-ip,medium,WHITE,ziyadnz/hourly-ipv4,ziyadnz|hourly,2026-08-17T18:48:05Z,2026-08-17T18:48:05Z,
2.180.3.223,ipv4,malicious-ip,medium,WHITE,ziyadnz/hourly-ipv4,ziyadnz|hourly,2026-08-17T18:48:05Z,2026-08-17T18:48:05Z,
2.180.3.99,ipv4,malicious-ip,medium,WHITE,ziyadnz/hourly-ipv4,ziyadnz|hourly,2026-08-17T18:48:05Z,2026-08-17T18:48:05Z,
2.180.31.209,ipv4,malicious-ip,medium,WHITE,ziyadnz/hourly-ipv4,ziyadnz|hourly,2026-08-17T18:48:05Z,2026-08-17T18:48:05Z,
2.180.32.104,ipv4,malicious-ip,medium,WHITE,ziyadnz/hourly-ipv4,ziyadnz|hourly,2026-08-17T18:48:05Z,2026-08-17T18:48:05Z,
2.181.0.67,ipv4,malicious-ip,medium,WHITE,ziyadnz/hourly-ipv4,ziyadnz|hourly,2026-08-17T18:48:05Z,2026-08-17T18:48:05Z,
2.182.37.0,ipv4,malicious-ip,medium,WHITE,ziyadnz/hourly-ipv4,ziyadnz|hourly,2026-08-17T18:48:05Z,2026-08-17T18:48:05Z,
2.183.203.34,ipv4,malicious-ip,medium,WHITE,ziyadnz/hourly-ipv4,ziyadnz|hourly,2026-08-17T18:48:05Z,2026-08-17T18:48:05Z,
2.184.236.7,ipv4,malicious-ip,medium,WHITE,ziyadnz/hourly-ipv4,ziyadnz|hourly,2026-08-17T18:48:05Z,2026-08-17T18:48:05Z,
2.185.149.58,ipv4,malicious-ip,medium,WHITE,ziyadnz/hourly-ipv4,ziyadnz|hourly,2026-08-17T18:48:05Z,2026-08-17T18:48:05Z,
2.185.18.108,ipv4,malicious-ip,medium,WHITE,ziyadnz/hourly-ipv4,ziyadnz|hourly,2026-08-17T18:48:05Z,2026-08-17T18:48:05Z,
2.185.232.236,ipv4,malicious-ip,medium,WHITE,ziyadnz/hourly-ipv4,ziyadnz|hourly,2026-08-17T18:48:05Z,2026-08-17T18:48:05Z,
2.187.4.49,ipv4,malicious-ip,medium,WHITE,ziyadnz/hourly-ipv4,ziyadnz|hourly,2026-08-17T18:48:05Z,2026-08-17T18:48:05Z,
2.187.98.47,ipv4,malicious-ip,medium,WHITE,ziyadnz/hourly-ipv4,ziyadnz|hourly,2026-08-17T18:48:05Z,2026-08-17T18:48:05Z,
2.188.160.100,ipv4,malicious-ip,medium,WHITE,ziyadnz/hourly-ipv4,ziyadnz|hourly,2026-08-17T18:48:05Z,2026-08-17T18:48:05Z,
2.189.130.67,ipv4,malicious-ip,medium,WHITE,ziyadnz/hourly-ipv4,ziyadnz|hourly,2026-08-17T18:48:05Z,2026-08-17T18:48:05Z,
2.189.130.80,ipv4,malicious-ip,medium,WHITE,ziyadnz/hourly-ipv4,ziyadnz|hourly,2026-08-17T18:48:05Z,2026-08-17T18:48:05Z,
2.191.59.249,ipv4,malicious-ip,medium,WHITE,ziyadnz/hourly-ipv4,ziyadnz|hourly,2026-08-17T18:48:05Z,2026-08-17T18:48:05Z,
2.192.17.4,ipv4,malicious-ip,medium,WHITE,ziyadnz/hourly-ipv4,ziyadnz|hourly,2026-08-17T18:48:05Z,2026-08-17T18:48:05Z,
2.193.0.222,ipv4,malicious-ip,medium,WHITE,ziyadnz/hourly-ipv4,ziyadnz|hourly,2026-08-17T18:48:05Z,2026-08-17T18:48:05Z,
2.194.132.239,ipv4,malicious-ip,medium,WHITE,ziyadnz/hourly-ipv4,ziyadnz|hourly,2026-08-17T18:48:05Z,2026-08-17T18:48:05Z,
2.203.100.16,ipv4,malicious-ip,medium,WHITE,ziyadnz/hourly-ipv4,ziyadnz|hourly,2026-08-17T18:48:05Z,2026-08-17T18:48:05Z,
2.210.58.23,ipv4,malicious-ip,medium,WHITE,ziyadnz/hourly-ipv4,ziyadnz|hourly,2026-08-17T18:48:05Z,2026-08-17T18:48:05Z,
2.211.212.232,ipv4,malicious-ip,medium,WHITE,ziyadnz/hourly-ipv4,ziyadnz|hourly,2026-08-17T18:48:05Z,2026-08-17T18:48:05Z,
2.214.159.111,ipv4,malicious-ip,medium,WHITE,ziyadnz/hourly-ipv4,ziyadnz|hourly,2026-08-17T18:48:05Z,2026-08-17T18:48:05Z,
2.228.150.86,ipv4,malicious-ip,medium,WHITE,ziyadnz/hourly-ipv4,ziyadnz|hourly,2026-08-17T18:48:05Z,2026-08-17T18:48:05Z,
2.228.163.157,ipv4,malicious-ip,medium,WHITE,ziyadnz/hourly-ipv4,ziyadnz|hourly,2026-08-17T18:48:05Z,2026-08-17T18:48:05Z,
2.229.68.182,ipv4,malicious-ip,medium,WHITE,ziyadnz/hourly-ipv4,ziyadnz|hourly,2026-08-17T18:48:05Z,2026-08-17T18:48:05Z,
2.237.57.70,ipv4,malicious-ip,medium,WHITE,ziyadnz/hourly-ipv4,ziyadnz|hourly,2026-08-17T18:48:05Z,2026-08-17T18:48:05Z,
2.24.131.246,ipv4,malicious-ip,medium,WHITE,ziyadnz/hourly-ipv4,ziyadnz|hourly,2026-08-17T18:48:05Z,2026-08-17T18:48:05Z,
2.241.92.17,ipv4,malicious-ip,medium,WHITE,ziyadnz/hourly-ipv4,ziyadnz|hourly,2026-08-17T18:48:05Z,2026-08-17T18:48:05Z,
2.243.175.226,ipv4,malicious-ip,medium,WHITE,ziyadnz/hourly-ipv4,ziyadnz|hourly,2026-08-17T18:48:05Z,2026-08-17T18:48:05Z,
2.248.48.21,ipv4,malicious-ip,medium,WHITE,ziyadnz/hourly-ipv4,ziyadnz|hourly,2026-08-17T18:48:05Z,2026-08-17T18:48:05Z,
2.26.0.22,ipv4,malicious-ip,medium,WHITE,ziyadnz/hourly-ipv4,ziyadnz|hourly,2026-08-17T18:48:05Z,2026-08-17T18:48:05Z,
2.26.0.231,ipv4,malicious-ip,medium,WHITE,ziyadnz/hourly-ipv4,ziyadnz|hourly,2026-08-17T18:48:05Z,2026-08-17T18:48:05Z,
2.26.105.167,ipv4,malicious-ip,medium,WHITE,ziyadnz/hourly-ipv4,ziyadnz|hourly,2026-08-17T18:48:05Z,2026-08-17T18:48:05Z,
2.26.112.88,ipv4,malicious-ip,medium,WHITE,ziyadnz/hourly-ipv4,ziyadnz|hourly,2026-08-17T18:48:05Z,2026-08-17T18:48:05Z,
2.26.115.54,ipv4,malicious-ip,medium,WHITE,ziyadnz/hourly-ipv4,ziyadnz|hourly,2026-08-17T18:48:05Z,2026-08-17T18:48:05Z,
2.26.150.0,ipv4,malicious-ip,medium,WHITE,ziyadnz/hourly-ipv4,ziyadnz|hourly,2026-08-17T18:48:05Z,2026-08-17T18:48:05Z,
2.26.150.3,ipv4,malicious-ip,medium,WHITE,ziyadnz/hourly-ipv4,ziyadnz|hourly,2026-08-17T18:48:05Z,2026-08-17T18:48:05Z,
2.26.150.4,ipv4,malicious-ip,medium,WHITE,ziyadnz/hourly-ipv4,ziyadnz|hourly,2026-08-17T18:48:05Z,2026-08-17T18:48:05Z,
2.26.150.5,ipv4,malicious-ip,medium,WHITE,ziyadnz/hourly-ipv4,ziyadnz|hourly,2026-08-17T18:48:05Z,2026-08-17T18:48:05Z,
2.26.18.111,ipv4,malicious-ip,medium,WHITE,ziyadnz/hourly-ipv4,ziyadnz|hourly,2026-08-17T18:48:05Z,2026-08-17T18:48:05Z,
2.26.230.9,ipv4,malicious-ip,medium,WHITE,ziyadnz/hourly-ipv4,ziyadnz|hourly,2026-08-17T18:48:05Z,2026-08-17T18:48:05Z,
2.26.235.249,ipv4,malicious-ip,medium,WHITE,ziyadnz/hourly-ipv4,ziyadnz|hourly,2026-08-17T18:48:05Z,2026-08-17T18:48:05Z,
2.26.26.244,ipv4,malicious-ip,medium,WHITE,ziyadnz/hourly-ipv4,ziyadnz|hourly,2026-08-17T18:48:05Z,2026-08-17T18:48:05Z,
2.26.48.33,ipv4,malicious-ip,medium,WHITE,ziyadnz/hourly-ipv4,ziyadnz|hourly,2026-08-17T18:48:05Z,2026-08-17T18:48:05Z,
2.26.49.181,ipv4,malicious-ip,medium,WHITE,ziyadnz/hourly-ipv4,ziyadnz|hourly,2026-08-17T18:48:05Z,2026-08-17T18:48:05Z,
2.26.49.187,ipv4,malicious-ip,medium,WHITE,ziyadnz/hourly-ipv4,ziyadnz|hourly,2026-08-17T18:48:05Z,2026-08-17T18:48:05Z,
2.26.50.151,ipv4,malicious-ip,medium,WHITE,ziyadnz/hourly-ipv4,ziyadnz|hourly,2026-08-17T18:48:05Z,2026-08-17T18:48:05Z,
2.26.50.70,ipv4,malicious-ip,medium,WHITE,ziyadnz/hourly-ipv4,ziyadnz|hourly,2026-08-17T18:48:05Z,2026-08-17T18:48:05Z,
2.26.51.175,ipv4,malicious-ip,medium,WHITE,ziyadnz/hourly-ipv4,ziyadnz|hourly,2026-08-17T18:48:05Z,2026-08-17T18:48:05Z,
2.26.51.2,ipv4,malicious-ip,medium,WHITE,ziyadnz/hourly-ipv4,ziyadnz|hourly,2026-08-17T18:48:05Z,2026-08-17T18:48:05Z,
2.26.52.174,ipv4,malicious-ip,medium,WHITE,ziyadnz/hourly-ipv4,ziyadnz|hourly,2026-08-17T18:48:05Z,2026-08-17T18:48:05Z,
2.26.52.55,ipv4,malicious-ip,medium,WHITE,ziyadnz/hourly-ipv4,ziyadnz|hourly,2026-08-17T18:48:05Z,2026-08-17T18:48:05Z,
2.26.54.105,ipv4,malicious-ip,medium,WHITE,ziyadnz/hourly-ipv4,ziyadnz|hourly,2026-08-17T18:48:05Z,2026-08-17T18:48:05Z,
2.26.7.133,ipv4,malicious-ip,medium,WHITE,ziyadnz/hourly-ipv4,ziyadnz|hourly,2026-08-17T18:48:05Z,2026-08-17T18:48:05Z,
2.26.75.16,ipv4,malicious-ip,medium,WHITE,ziyadnz/hourly-ipv4,ziyadnz|hourly,2026-08-17T18:48:05Z,2026-08-17T18:48:05Z,
2.26.81.183,ipv4,malicious-ip,medium,WHITE,ziyadnz/hourly-ipv4,ziyadnz|hourly,2026-08-17T18:48:05Z,2026-08-17T18:48:05Z,
2.26.81.52,ipv4,malicious-ip,medium,WHITE,ziyadnz/hourly-ipv4,ziyadnz|hourly,2026-08-17T18:48:05Z,2026-08-17T18:48:05Z,
2.26.86.135,ipv4,malicious-ip,medium,WHITE,ziyadnz/hourly-ipv4,ziyadnz|hourly,2026-08-17T18:48:05Z,2026-08-17T18:48:05Z,
2.26.86.249,ipv4,malicious-ip,medium,WHITE,ziyadnz/hourly-ipv4,ziyadnz|hourly,2026-08-17T18:48:05Z,2026-08-17T18:48:05Z,
2.26.97.151,ipv4,malicious-ip,medium,WHITE,ziyadnz/hourly-ipv4,ziyadnz|hourly,2026-08-17T18:48:05Z,2026-08-17T18:48:05Z,
2.26.98.173,ipv4,malicious-ip,medium,WHITE,ziyadnz/hourly-ipv4,ziyadnz|hourly,2026-08-17T18:48:05Z,2026-08-17T18:48:05Z,
2.26.98.207,ipv4,malicious-ip,medium,WHITE,ziyadnz/hourly-ipv4,ziyadnz|hourly,2026-08-17T18:48:05Z,2026-08-17T18:48:05Z,
2.26.98.67,ipv4,malicious-ip,medium,WHITE,ziyadnz/hourly-ipv4,ziyadnz|hourly,2026-08-17T18:48:05Z,2026-08-17T18:48:05Z,
2.27.1.15,ipv4,malicious-ip,medium,WHITE,ziyadnz/hourly-ipv4,ziyadnz|hourly,2026-08-17T18:48:05Z,2026-08-17T18:48:05Z,
2.27.121.23,ipv4,malicious-ip,medium,WHITE,ziyadnz/hourly-ipv4,ziyadnz|hourly,2026-08-17T18:48:05Z,2026-08-17T18:48:05Z,
2.27.131.86,ipv4,malicious-ip,medium,WHITE,ziyadnz/hourly-ipv4,ziyadnz|hourly,2026-08-17T18:48:05Z,2026-08-17T18:48:05Z,
2.27.160.29,ipv4,malicious-ip,medium,WHITE,ziyadnz/hourly-ipv4,ziyadnz|hourly,2026-08-17T18:48:05Z,2026-08-17T18:48:05Z,
2.27.165.137,ipv4,malicious-ip,medium,WHITE,ziyadnz/hourly-ipv4,ziyadnz|hourly,2026-08-17T18:48:05Z,2026-08-17T18:48:05Z,
2.27.20.15,ipv4,malicious-ip,medium,WHITE,ziyadnz/hourly-ipv4,ziyadnz|hourly,2026-08-17T18:48:05Z,2026-08-17T18:48:05Z,
2.27.20.192,ipv4,malicious-ip,medium,WHITE,ziyadnz/hourly-ipv4,ziyadnz|hourly,2026-08-17T18:48:05Z,2026-08-17T18:48:05Z,
2.27.22.122,ipv4,malicious-ip,medium,WHITE,ziyadnz/hourly-ipv4,ziyadnz|hourly,2026-08-17T18:48:05Z,2026-08-17T18:48:05Z,
2.27.36.16,ipv4,malicious-ip,medium,WHITE,ziyadnz/hourly-ipv4,ziyadnz|hourly,2026-08-17T18:48:05Z,2026-08-17T18:48:05Z,
2.27.36.222,ipv4,malicious-ip,medium,WHITE,ziyadnz/hourly-ipv4,ziyadnz|hourly,2026-08-17T18:48:05Z,2026-08-17T18:48:05Z,
2.27.37.60,ipv4,malicious-ip,medium,WHITE,ziyadnz/hourly-ipv4,ziyadnz|hourly,2026-08-17T18:48:05Z,2026-08-17T18:48:05Z,
2.27.4.125,ipv4,malicious-ip,medium,WHITE,ziyadnz/hourly-ipv4,ziyadnz|hourly,2026-08-17T18:48:05Z,2026-08-17T18:48:05Z,
2.27.42.164,ipv4,malicious-ip,medium,WHITE,ziyadnz/hourly-ipv4,ziyadnz|hourly,2026-08-17T18:48:05Z,2026-08-17T18:48:05Z,
2.27.42.28,ipv4,malicious-ip,medium,WHITE,ziyadnz/hourly-ipv4,ziyadnz|hourly,2026-08-17T18:48:05Z,2026-08-17T18:48:05Z,
2.27.44.191,ipv4,malicious-ip,medium,WHITE,ziyadnz/hourly-ipv4,ziyadnz|hourly,2026-08-17T18:48:05Z,2026-08-17T18:48:05Z,
2.27.49.184,ipv4,malicious-ip,medium,WHITE,ziyadnz/hourly-ipv4,ziyadnz|hourly,2026-08-17T18:48:05Z,2026-08-17T18:48:05Z,
2.27.52.247,ipv4,malicious-ip,medium,WHITE,ziyadnz/hourly-ipv4,ziyadnz|hourly,2026-08-17T18:48:05Z,2026-08-17T18:48:05Z,
2.27.53.177,ipv4,malicious-ip,medium,WHITE,ziyadnz/hourly-ipv4,ziyadnz|hourly,2026-08-17T18:48:05Z,2026-08-17T18:48:05Z,
2.27.53.183,ipv4,malicious-ip,medium,WHITE,ziyadnz/hourly-ipv4,ziyadnz|hourly,2026-08-17T18:48:05Z,2026-08-17T18:48:05Z,
2.27.59.187,ipv4,malicious-ip,medium,WHITE,ziyadnz/hourly-ipv4,ziyadnz|hourly,2026-08-17T18:48:05Z,2026-08-17T18:48:05Z,
2.27.59.192,ipv4,malicious-ip,medium,WHITE,ziyadnz/hourly-ipv4,ziyadnz|hourly,2026-08-17T18:48:05Z,2026-08-17T18:48:05Z,
2.27.59.197,ipv4,malicious-ip,medium,WHITE,ziyadnz/hourly-ipv4,ziyadnz|hourly,2026-08-17T18:48:05Z,2026-08-17T18:48:05Z,
2.27.59.44,ipv4,malicious-ip,medium,WHITE,ziyadnz/hourly-ipv4,ziyadnz|hourly,2026-08-17T18:48:05Z,2026-08-17T18:48:05Z,
2.27.59.51,ipv4,malicious-ip,medium,WHITE,ziyadnz/hourly-ipv4,ziyadnz|hourly,2026-08-17T18:48:05Z,2026-08-17T18:48:05Z,
2.27.61.0,ipv4,malicious-ip,medium,WHITE,ziyadnz/hourly-ipv4,ziyadnz|hourly,2026-08-17T18:48:05Z,2026-08-17T18:48:05Z,
2.27.61.1,ipv4,malicious-ip,medium,WHITE,ziyadnz/hourly-ipv4,ziyadnz|hourly,2026-08-17T18:48:05Z,2026-08-17T18:48:05Z,
2.27.61.11,ipv4,malicious-ip,medium,WHITE,ziyadnz/hourly-ipv4,ziyadnz|hourly,2026-08-17T18:48:05Z,2026-08-17T18:48:05Z,
2.27.61.2,ipv4,malicious-ip,medium,WHITE,ziyadnz/hourly-ipv4,ziyadnz|hourly,2026-08-17T18:48:05Z,2026-08-17T18:48:05Z,
2.27.61.4,ipv4,malicious-ip,medium,WHITE,ziyadnz/hourly-ipv4,ziyadnz|hourly,2026-08-17T18:48:05Z,2026-08-17T18:48:05Z,
2.27.62.118,ipv4,malicious-ip,medium,WHITE,ziyadnz/hourly-ipv4,ziyadnz|hourly,2026-08-17T18:48:05Z,2026-08-17T18:48:05Z,
2.28.13.249,ipv4,malicious-ip,medium,WHITE,ziyadnz/hourly-ipv4,ziyadnz|hourly,2026-08-17T18:48:05Z,2026-08-17T18:48:05Z,
2.3.173.56,ipv4,malicious-ip,medium,WHITE,ziyadnz/hourly-ipv4,ziyadnz|hourly,2026-08-17T18:48:05Z,2026-08-17T18:48:05Z,
2.36.162.240,ipv4,malicious-ip,medium,WHITE,ziyadnz/hourly-ipv4,ziyadnz|hourly,2026-08-17T18:48:05Z,2026-08-17T18:48:05Z,
2.4.183.89,ipv4,malicious-ip,medium,WHITE,ziyadnz/hourly-ipv4,ziyadnz|hourly,2026-08-17T18:48:05Z,2026-08-17T18:48:05Z,
2.47.54.201,ipv4,malicious-ip,medium,WHITE,ziyadnz/hourly-ipv4,ziyadnz|hourly,2026-08-17T18:48:05Z,2026-08-17T18:48:05Z,
2.48.119.235,ipv4,malicious-ip,medium,WHITE,ziyadnz/hourly-ipv4,ziyadnz|hourly,2026-08-17T18:48:05Z,2026-08-17T18:48:05Z,
2.48.94.9,ipv4,malicious-ip,medium,WHITE,ziyadnz/hourly-ipv4,ziyadnz|hourly,2026-08-17T18:48:05Z,2026-08-17T18:48:05Z,
2.49.158.150,ipv4,malicious-ip,medium,WHITE,ziyadnz/hourly-ipv4,ziyadnz|hourly,2026-08-17T18:48:05Z,2026-08-17T18:48:05Z,
2.50.135.163,ipv4,malicious-ip,medium,WHITE,ziyadnz/hourly-ipv4,ziyadnz|hourly,2026-08-17T18:48:05Z,2026-08-17T18:48:05Z,
2.50.137.54,ipv4,malicious-ip,medium,WHITE,ziyadnz/hourly-ipv4,ziyadnz|hourly,2026-08-17T18:48:05Z,2026-08-17T18:48:05Z,
2.50.139.129,ipv4,malicious-ip,medium,WHITE,ziyadnz/hourly-ipv4,ziyadnz|hourly,2026-08-17T18:48:05Z,2026-08-17T18:48:05Z,
2.50.165.47,ipv4,malicious-ip,medium,WHITE,ziyadnz/hourly-ipv4,ziyadnz|hourly,2026-08-17T18:48:05Z,2026-08-17T18:48:05Z,
2.50.2.186,ipv4,malicious-ip,medium,WHITE,ziyadnz/hourly-ipv4,ziyadnz|hourly,2026-08-17T18:48:05Z,2026-08-17T18:48:05Z,
2.50.79.35,ipv4,malicious-ip,medium,WHITE,ziyadnz/hourly-ipv4,ziyadnz|hourly,2026-08-17T18:48:05Z,2026-08-17T18:48:05Z,
2.55.69.224,ipv4,malicious-ip,medium,WHITE,ziyadnz/hourly-ipv4,ziyadnz|hourly,2026-08-17T18:48:05Z,2026-08-17T18:48:05Z,
2.55.70.124,ipv4,malicious-ip,medium,WHITE,ziyadnz/hourly-ipv4,ziyadnz|hourly,2026-08-17T18:48:05Z,2026-08-17T18:48:05Z,
2.55.73.108,ipv4,malicious-ip,medium,WHITE,ziyadnz/hourly-ipv4,ziyadnz|hourly,2026-08-17T18:48:05Z,2026-08-17T18:48:05Z,
2.55.75.176,ipv4,malicious-ip,medium,WHITE,ziyadnz/hourly-ipv4,ziyadnz|hourly,2026-08-17T18:48:05Z,2026-08-17T18:48:05Z,
2.55.84.240,ipv4,malicious-ip,medium,WHITE,ziyadnz/hourly-ipv4,ziyadnz|hourly,2026-08-17T18:48:05Z,2026-08-17T18:48:05Z,
2.55.85.4,ipv4,malicious-ip,medium,WHITE,ziyadnz/hourly-ipv4,ziyadnz|hourly,2026-08-17T18:48:05Z,2026-08-17T18:48:05Z,
2.56.10.36,ipv4,malicious-ip,medium,WHITE,ziyadnz/hourly-ipv4,ziyadnz|hourly,2026-08-17T18:48:05Z,2026-08-17T18:48:05Z,
2.56.126.190,ipv4,malicious-ip,medium,WHITE,ziyadnz/hourly-ipv4,ziyadnz|hourly,2026-08-17T18:48:05Z,2026-08-17T18:48:05Z,
2.56.126.230,ipv4,malicious-ip,medium,WHITE,ziyadnz/hourly-ipv4,ziyadnz|hourly,2026-08-17T18:48:05Z,2026-08-17T18:48:05Z,
2.56.127.153,ipv4,malicious-ip,medium,WHITE,ziyadnz/hourly-ipv4,ziyadnz|hourly,2026-08-17T18:48:05Z,2026-08-17T18:48:05Z,
2.56.127.172,ipv4,malicious-ip,medium,WHITE,ziyadnz/hourly-ipv4,ziyadnz|hourly,2026-08-17T18:48:05Z,2026-08-17T18:48:05Z,
2.56.164.52,ipv4,malicious-ip,medium,WHITE,ziyadnz/hourly-ipv4,ziyadnz|hourly,2026-08-17T18:48:05Z,2026-08-17T18:48:05Z,
2.56.190.139,ipv4,malicious-ip,medium,WHITE,ziyadnz/hourly-ipv4,ziyadnz|hourly,2026-08-17T18:48:05Z,2026-08-17T18:48:05Z,
2.56.59.37,ipv4,malicious-ip,medium,WHITE,ziyadnz/hourly-ipv4,ziyadnz|hourly,2026-08-17T18:48:05Z,2026-08-17T18:48:05Z,
2.57.121.0,ipv4,malicious-ip,medium,WHITE,ziyadnz/hourly-ipv4,ziyadnz|hourly,2026-08-17T18:48:05Z,2026-08-17T18:48:05Z,
2.57.121.17,ipv4,malicious-ip,medium,WHITE,ziyadnz/hourly-ipv4,ziyadnz|hourly,2026-08-17T18:48:05Z,2026-08-17T18:48:05Z,
2.57.121.203,ipv4,malicious-ip,medium,WHITE,ziyadnz/hourly-ipv4,ziyadnz|hourly,2026-08-17T18:48:05Z,2026-08-17T18:48:05Z,
2.57.122.0,ipv4,malicious-ip,medium,WHITE,ziyadnz/hourly-ipv4,ziyadnz|hourly,2026-08-17T18:48:05Z,2026-08-17T18:48:05Z,
2.57.122.103,ipv4,malicious-ip,medium,WHITE,ziyadnz/hourly-ipv4,ziyadnz|hourly,2026-08-17T18:48:05Z,2026-08-17T18:48:05Z,
2.57.122.13,ipv4,malicious-ip,medium,WHITE,ziyadnz/hourly-ipv4,ziyadnz|hourly,2026-08-17T18:48:05Z,2026-08-17T18:48:05Z,
2.57.122.150,ipv4,malicious-ip,medium,WHITE,ziyadnz/hourly-ipv4,ziyadnz|hourly,2026-08-17T18:48:05Z,2026-08-17T18:48:05Z,
2.57.122.178,ipv4,malicious-ip,medium,WHITE,ziyadnz/hourly-ipv4,ziyadnz|hourly,2026-08-17T18:48:05Z,2026-08-17T18:48:05Z,
2.57.122.234,ipv4,malicious-ip,medium,WHITE,ziyadnz/hourly-ipv4,ziyadnz|hourly,2026-08-17T18:48:05Z,2026-08-17T18:48:05Z,
2.57.122.43,ipv4,malicious-ip,medium,WHITE,ziyadnz/hourly-ipv4,ziyadnz|hourly,2026-08-17T18:48:05Z,2026-08-17T18:48:05Z,
2.57.122.98,ipv4,malicious-ip,medium,WHITE,ziyadnz/hourly-ipv4,ziyadnz|hourly,2026-08-17T18:48:05Z,2026-08-17T18:48:05Z,
2.57.149.22,ipv4,malicious-ip,medium,WHITE,ziyadnz/hourly-ipv4,ziyadnz|hourly,2026-08-17T18:48:05Z,2026-08-17T18:48:05Z,
2.57.149.231,ipv4,malicious-ip,medium,WHITE,ziyadnz/hourly-ipv4,ziyadnz|hourly,2026-08-17T18:48:05Z,2026-08-17T18:48:05Z,
2.57.149.237,ipv4,malicious-ip,medium,WHITE,ziyadnz/hourly-ipv4,ziyadnz|hourly,2026-08-17T18:48:05Z,2026-08-17T18:48:05Z,
2.57.149.25,ipv4,malicious-ip,medium,WHITE,ziyadnz/hourly-ipv4,ziyadnz|hourly,2026-08-17T18:48:05Z,2026-08-17T18:48:05Z,
2.57.207.201,ipv4,malicious-ip,medium,WHITE,ziyadnz/hourly-ipv4,ziyadnz|hourly,2026-08-17T18:48:05Z,2026-08-17T18:48:05Z,
2.57.207.209,ipv4,malicious-ip,medium,WHITE,ziyadnz/hourly-ipv4,ziyadnz|hourly,2026-08-17T18:48:05Z,2026-08-17T18:48:05Z,
2.58.14.183,ipv4,malicious-ip,medium,WHITE,ziyadnz/hourly-ipv4,ziyadnz|hourly,2026-08-17T18:48:05Z,2026-08-17T18:48:05Z,
2.58.14.246,ipv4,malicious-ip,medium,WHITE,ziyadnz/hourly-ipv4,ziyadnz|hourly,2026-08-17T18:48:05Z,2026-08-17T18:48:05Z,
2.58.149.116,ipv4,malicious-ip,medium,WHITE,ziyadnz/hourly-ipv4,ziyadnz|hourly,2026-08-17T18:48:05Z,2026-08-17T18:48:05Z,
2.58.15.214,ipv4,malicious-ip,medium,WHITE,ziyadnz/hourly-ipv4,ziyadnz|hourly,2026-08-17T18:48:05Z,2026-08-17T18:48:05Z,
2.58.15.30,ipv4,malicious-ip,medium,WHITE,ziyadnz/hourly-ipv4,ziyadnz|hourly,2026-08-17T18:48:05Z,2026-08-17T18:48:05Z,
2.58.15.58,ipv4,malicious-ip,medium,WHITE,ziyadnz/hourly-ipv4,ziyadnz|hourly,2026-08-17T18:48:05Z,2026-08-17T18:48:05Z,
2.58.202.98,ipv4,malicious-ip,medium,WHITE,ziyadnz/hourly-ipv4,ziyadnz|hourly,2026-08-17T18:48:05Z,2026-08-17T18:48:05Z,
2.58.56.101,ipv4,malicious-ip,medium,WHITE,ziyadnz/hourly-ipv4,ziyadnz|hourly,2026-08-17T18:48:05Z,2026-08-17T18:48:05Z,
2.58.56.112,ipv4,malicious-ip,medium,WHITE,ziyadnz/hourly-ipv4,ziyadnz|hourly,2026-08-17T18:48:05Z,2026-08-17T18:48:05Z,
2.58.85.5,ipv4,malicious-ip,medium,WHITE,ziyadnz/hourly-ipv4,ziyadnz|hourly,2026-08-17T18:48:05Z,2026-08-17T18:48:05Z,
2.58.85.92,ipv4,malicious-ip,medium,WHITE,ziyadnz/hourly-ipv4,ziyadnz|hourly,2026-08-17T18:48:05Z,2026-08-17T18:48:05Z,
2.59.161.132,ipv4,malicious-ip,medium,WHITE,ziyadnz/hourly-ipv4,ziyadnz|hourly,2026-08-17T18:48:05Z,2026-08-17T18:48:05Z,
2.59.162.146,ipv4,malicious-ip,medium,WHITE,ziyadnz/hourly-ipv4,ziyadnz|hourly,2026-08-17T18:48:05Z,2026-08-17T18:48:05Z,
2.59.163.12,ipv4,malicious-ip,medium,WHITE,ziyadnz/hourly-ipv4,ziyadnz|hourly,2026-08-17T18:48:05Z,2026-08-17T18:48:05Z,
2.59.170.14,ipv4,malicious-ip,medium,WHITE,ziyadnz/hourly-ipv4,ziyadnz|hourly,2026-08-17T18:48:05Z,2026-08-17T18:48:05Z,
2.59.181.54,ipv4,malicious-ip,medium,WHITE,ziyadnz/hourly-ipv4,ziyadnz|hourly,2026-08-17T18:48:05Z,2026-08-17T18:48:05Z,
2.59.246.36,ipv4,malicious-ip,medium,WHITE,ziyadnz/hourly-ipv4,ziyadnz|hourly,2026-08-17T18:48:05Z,2026-08-17T18:48:05Z,
2.59.254.79,ipv4,malicious-ip,medium,WHITE,ziyadnz/hourly-ipv4,ziyadnz|hourly,2026-08-17T18:48:05Z,2026-08-17T18:48:05Z,
2.59.41.233,ipv4,malicious-ip,medium,WHITE,ziyadnz/hourly-ipv4,ziyadnz|hourly,2026-08-17T18:48:05Z,2026-08-17T18:48:05Z,
2.63.200.101,ipv4,malicious-ip,medium,WHITE,ziyadnz/hourly-ipv4,ziyadnz|hourly,2026-08-17T18:48:05Z,2026-08-17T18:48:05Z,
2.63.201.44,ipv4,malicious-ip,medium,WHITE,ziyadnz/hourly-ipv4,ziyadnz|hourly,2026-08-17T18:48:05Z,2026-08-17T18:48:05Z,
2.63.203.64,ipv4,malicious-ip,medium,WHITE,ziyadnz/hourly-ipv4,ziyadnz|hourly,2026-08-17T18:48:05Z,2026-08-17T18:48:05Z,
2.63.234.130,ipv4,malicious-ip,medium,WHITE,ziyadnz/hourly-ipv4,ziyadnz|hourly,2026-08-17T18:48:05Z,2026-08-17T18:48:05Z,
2.63.234.9,ipv4,malicious-ip,medium,WHITE,ziyadnz/hourly-ipv4,ziyadnz|hourly,2026-08-17T18:48:05Z,2026-08-17T18:48:05Z,
2.63.249.88,ipv4,malicious-ip,medium,WHITE,ziyadnz/hourly-ipv4,ziyadnz|hourly,2026-08-17T18:48:05Z,2026-08-17T18:48:05Z,
2.7.121.207,ipv4,malicious-ip,medium,WHITE,ziyadnz/hourly-ipv4,ziyadnz|hourly,2026-08-17T18:48:05Z,2026-08-17T18:48:05Z,
2.74.192.250,ipv4,malicious-ip,medium,WHITE,ziyadnz/hourly-ipv4,ziyadnz|hourly,2026-08-17T18:48:05Z,2026-08-17T18:48:05Z,
2.78.60.10,ipv4,malicious-ip,medium,WHITE,ziyadnz/hourly-ipv4,ziyadnz|hourly,2026-08-17T18:48:05Z,2026-08-17T18:48:05Z,
2.81.38.122,ipv4,malicious-ip,medium,WHITE,ziyadnz/hourly-ipv4,ziyadnz|hourly,2026-08-17T18:48:05Z,2026-08-17T18:48:05Z,
2.83.103.59,ipv4,malicious-ip,medium,WHITE,ziyadnz/hourly-ipv4,ziyadnz|hourly,2026-08-17T18:48:05Z,2026-08-17T18:48:05Z,
2.85.1.91,ipv4,malicious-ip,medium,WHITE,ziyadnz/hourly-ipv4,ziyadnz|hourly,2026-08-17T18:48:05Z,2026-08-17T18:48:05Z,
2.86.220.214,ipv4,malicious-ip,medium,WHITE,ziyadnz/hourly-ipv4,ziyadnz|hourly,2026-08-17T18:48:05Z,2026-08-17T18:48:05Z,
2.87.21.58,ipv4,malicious-ip,medium,WHITE,ziyadnz/hourly-ipv4,ziyadnz|hourly,2026-08-17T18:48:05Z,2026-08-17T18:48:05Z,
2.88.203.32,ipv4,malicious-ip,medium,WHITE,ziyadnz/hourly-ipv4,ziyadnz|hourly,2026-08-17T18:48:05Z,2026-08-17T18:48:05Z,
2.88.244.118,ipv4,malicious-ip,medium,WHITE,ziyadnz/hourly-ipv4,ziyadnz|hourly,2026-08-17T18:48:05Z,2026-08-17T18:48:05Z,
2.89.131.199,ipv4,malicious-ip,medium,WHITE,ziyadnz/hourly-ipv4,ziyadnz|hourly,2026-08-17T18:48:05Z,2026-08-17T18:48:05Z,
2.89.204.26,ipv4,malicious-ip,medium,WHITE,ziyadnz/hourly-ipv4,ziyadnz|hourly,2026-08-17T18:48:05Z,2026-08-17T18:48:05Z,
2.9.109.17,ipv4,malicious-ip,medium,WHITE,ziyadnz/hourly-ipv4,ziyadnz|hourly,2026-08-17T18:48:05Z,2026-08-17T18:48:05Z,
20.100.171.66,ipv4,malicious-ip,medium,WHITE,ziyadnz/hourly-ipv4,ziyadnz|hourly,2026-08-17T18:48:05Z,2026-08-17T18:48:05Z,
20.100.172.153,ipv4,malicious-ip,medium,WHITE,ziyadnz/hourly-ipv4,ziyadnz|hourly,2026-08-17T18:48:05Z,2026-08-17T18:48:05Z,
20.100.178.111,ipv4,malicious-ip,medium,WHITE,ziyadnz/hourly-ipv4,ziyadnz|hourly,2026-08-17T18:48:05Z,2026-08-17T18:48:05Z,
20.100.182.199,ipv4,malicious-ip,medium,WHITE,ziyadnz/hourly-ipv4,ziyadnz|hourly,2026-08-17T18:48:05Z,2026-08-17T18:48:05Z,
20.100.188.183,ipv4,malicious-ip,medium,WHITE,ziyadnz/hourly-ipv4,ziyadnz|hourly,2026-08-17T18:48:05Z,2026-08-17T18:48:05Z,
20.100.191.218,ipv4,malicious-ip,medium,WHITE,ziyadnz/hourly-ipv4,ziyadnz|hourly,2026-08-17T18:48:05Z,2026-08-17T18:48:05Z,
20.100.198.199,ipv4,malicious-ip,medium,WHITE,ziyadnz/hourly-ipv4,ziyadnz|hourly,2026-08-17T18:48:05Z,2026-08-17T18:48:05Z,
20.100.201.54,ipv4,malicious-ip,medium,WHITE,ziyadnz/hourly-ipv4,ziyadnz|hourly,2026-08-17T18:48:05Z,2026-08-17T18:48:05Z,
20.102.100.198,ipv4,malicious-ip,medium,WHITE,ziyadnz/hourly-ipv4,ziyadnz|hourly,2026-08-17T18:48:05Z,2026-08-17T18:48:05Z,
20.102.105.170,ipv4,malicious-ip,medium,WHITE,ziyadnz/hourly-ipv4,ziyadnz|hourly,2026-08-17T18:48:05Z,2026-08-17T18:48:05Z,
20.102.108.84,ipv4,malicious-ip,medium,WHITE,ziyadnz/hourly-ipv4,ziyadnz|hourly,2026-08-17T18:48:05Z,2026-08-17T18:48:05Z,
20.102.115.137,ipv4,malicious-ip,medium,WHITE,ziyadnz/hourly-ipv4,ziyadnz|hourly,2026-08-17T18:48:05Z,2026-08-17T18:48:05Z,
20.102.115.195,ipv4,malicious-ip,medium,WHITE,ziyadnz/hourly-ipv4,ziyadnz|hourly,2026-08-17T18:48:05Z,2026-08-17T18:48:05Z,
20.102.116.167,ipv4,malicious-ip,medium,WHITE,ziyadnz/hourly-ipv4,ziyadnz|hourly,2026-08-17T18:48:05Z,2026-08-17T18:48:05Z,
20.102.116.62,ipv4,malicious-ip,medium,WHITE,ziyadnz/hourly-ipv4,ziyadnz|hourly,2026-08-17T18:48:05Z,2026-08-17T18:48:05Z,
20.102.117.125,ipv4,malicious-ip,medium,WHITE,ziyadnz/hourly-ipv4,ziyadnz|hourly,2026-08-17T18:48:05Z,2026-08-17T18:48:05Z,
20.102.117.55,ipv4,malicious-ip,medium,WHITE,ziyadnz/hourly-ipv4,ziyadnz|hourly,2026-08-17T18:48:05Z,2026-08-17T18:48:05Z,
20.102.230.107,ipv4,malicious-ip,medium,WHITE,ziyadnz/hourly-ipv4,ziyadnz|hourly,2026-08-17T18:48:05Z,2026-08-17T18:48:05Z,
20.102.40.205,ipv4,malicious-ip,medium,WHITE,ziyadnz/hourly-ipv4,ziyadnz|hourly,2026-08-17T18:48:05Z,2026-08-17T18:48:05Z,
20.102.42.78,ipv4,malicious-ip,medium,WHITE,ziyadnz/hourly-ipv4,ziyadnz|hourly,2026-08-17T18:48:05Z,2026-08-17T18:48:05Z,
20.102.43.161,ipv4,malicious-ip,medium,WHITE,ziyadnz/hourly-ipv4,ziyadnz|hourly,2026-08-17T18:48:05Z,2026-08-17T18:48:05Z,
20.102.69.233,ipv4,malicious-ip,medium,WHITE,ziyadnz/hourly-ipv4,ziyadnz|hourly,2026-08-17T18:48:05Z,2026-08-17T18:48:05Z,
20.102.88.108,ipv4,malicious-ip,medium,WHITE,ziyadnz/hourly-ipv4,ziyadnz|hourly,2026-08-17T18:48:05Z,2026-08-17T18:48:05Z,
20.102.89.79,ipv4,malicious-ip,medium,WHITE,ziyadnz/hourly-ipv4,ziyadnz|hourly,2026-08-17T18:48:05Z,2026-08-17T18:48:05Z,
20.102.91.36,ipv4,malicious-ip,medium,WHITE,ziyadnz/hourly-ipv4,ziyadnz|hourly,2026-08-17T18:48:05Z,2026-08-17T18:48:05Z,
20.102.92.213,ipv4,malicious-ip,medium,WHITE,ziyadnz/hourly-ipv4,ziyadnz|hourly,2026-08-17T18:48:05Z,2026-08-17T18:48:05Z,
20.102.92.72,ipv4,malicious-ip,medium,WHITE,ziyadnz/hourly-ipv4,ziyadnz|hourly,2026-08-17T18:48:05Z,2026-08-17T18:48:05Z,
20.102.97.100,ipv4,malicious-ip,medium,WHITE,ziyadnz/hourly-ipv4,ziyadnz|hourly,2026-08-17T18:48:05Z,2026-08-17T18:48:05Z,
20.102.98.235,ipv4,malicious-ip,medium,WHITE,ziyadnz/hourly-ipv4,ziyadnz|hourly,2026-08-17T18:48:05Z,2026-08-17T18:48:05Z,
20.104.136.15,ipv4,malicious-ip,medium,WHITE,ziyadnz/hourly-ipv4,ziyadnz|hourly,2026-08-17T18:48:05Z,2026-08-17T18:48:05Z,
20.104.218.184,ipv4,malicious-ip,medium,WHITE,ziyadnz/hourly-ipv4,ziyadnz|hourly,2026-08-17T18:48:05Z,2026-08-17T18:48:05Z,
20.104.78.132,ipv4,malicious-ip,medium,WHITE,ziyadnz/hourly-ipv4,ziyadnz|hourly,2026-08-17T18:48:05Z,2026-08-17T18:48:05Z,
20.104.82.183,ipv4,malicious-ip,medium,WHITE,ziyadnz/hourly-ipv4,ziyadnz|hourly,2026-08-17T18:48:05Z,2026-08-17T18:48:05Z,
20.105.65.67,ipv4,malicious-ip,medium,WHITE,ziyadnz/hourly-ipv4,ziyadnz|hourly,2026-08-17T18:48:05Z,2026-08-17T18:48:05Z,
20.106.168.113,ipv4,malicious-ip,medium,WHITE,ziyadnz/hourly-ipv4,ziyadnz|hourly,2026-08-17T18:48:05Z,2026-08-17T18:48:05Z,
20.106.168.62,ipv4,malicious-ip,medium,WHITE,ziyadnz/hourly-ipv4,ziyadnz|hourly,2026-08-17T18:48:05Z,2026-08-17T18:48:05Z,
20.106.186.120,ipv4,malicious-ip,medium,WHITE,ziyadnz/hourly-ipv4,ziyadnz|hourly,2026-08-17T18:48:05Z,2026-08-17T18:48:05Z,
20.106.186.17,ipv4,malicious-ip,medium,WHITE,ziyadnz/hourly-ipv4,ziyadnz|hourly,2026-08-17T18:48:05Z,2026-08-17T18:48:05Z,
20.106.186.90,ipv4,malicious-ip,medium,WHITE,ziyadnz/hourly-ipv4,ziyadnz|hourly,2026-08-17T18:48:05Z,2026-08-17T18:48:05Z,
20.106.195.185,ipv4,malicious-ip,medium,WHITE,ziyadnz/hourly-ipv4,ziyadnz|hourly,2026-08-17T18:48:05Z,2026-08-17T18:48:05Z,
20.106.195.24,ipv4,malicious-ip,medium,WHITE,ziyadnz/hourly-ipv4,ziyadnz|hourly,2026-08-17T18:48:05Z,2026-08-17T18:48:05Z,
20.106.196.31,ipv4,malicious-ip,medium,WHITE,ziyadnz/hourly-ipv4,ziyadnz|hourly,2026-08-17T18:48:05Z,2026-08-17T18:48:05Z,
20.106.196.4,ipv4,malicious-ip,medium,WHITE,ziyadnz/hourly-ipv4,ziyadnz|hourly,2026-08-17T18:48:05Z,2026-08-17T18:48:05Z,
20.106.197.7,ipv4,malicious-ip,medium,WHITE,ziyadnz/hourly-ipv4,ziyadnz|hourly,2026-08-17T18:48:05Z,2026-08-17T18:48:05Z,
20.106.205.254,ipv4,malicious-ip,medium,WHITE,ziyadnz/hourly-ipv4,ziyadnz|hourly,2026-08-17T18:48:05Z,2026-08-17T18:48:05Z,
20.106.206.47,ipv4,malicious-ip,medium,WHITE,ziyadnz/hourly-ipv4,ziyadnz|hourly,2026-08-17T18:48:05Z,2026-08-17T18:48:05Z,
20.106.206.76,ipv4,malicious-ip,medium,WHITE,ziyadnz/hourly-ipv4,ziyadnz|hourly,2026-08-17T18:48:05Z,2026-08-17T18:48:05Z,
20.106.206.77,ipv4,malicious-ip,medium,WHITE,ziyadnz/hourly-ipv4,ziyadnz|hourly,2026-08-17T18:48:05Z,2026-08-17T18:48:05Z,
20.106.213.99,ipv4,malicious-ip,medium,WHITE,ziyadnz/hourly-ipv4,ziyadnz|hourly,2026-08-17T18:48:05Z,2026-08-17T18:48:05Z,
20.106.56.86,ipv4,malicious-ip,medium,WHITE,ziyadnz/hourly-ipv4,ziyadnz|hourly,2026-08-17T18:48:05Z,2026-08-17T18:48:05Z,
20.106.90.8,ipv4,malicious-ip,medium,WHITE,ziyadnz/hourly-ipv4,ziyadnz|hourly,2026-08-17T18:48:05Z,2026-08-17T18:48:05Z,
20.106.95.158,ipv4,malicious-ip,medium,WHITE,ziyadnz/hourly-ipv4,ziyadnz|hourly,2026-08-17T18:48:05Z,2026-08-17T18:48:05Z,
20.107.178.118,ipv4,malicious-ip,medium,WHITE,ziyadnz/hourly-ipv4,ziyadnz|hourly,2026-08-17T18:48:05Z,2026-08-17T18:48:05Z,
20.107.179.52,ipv4,malicious-ip,medium,WHITE,ziyadnz/hourly-ipv4,ziyadnz|hourly,2026-08-17T18:48:05Z,2026-08-17T18:48:05Z,
20.107.179.6,ipv4,malicious-ip,medium,WHITE,ziyadnz/hourly-ipv4,ziyadnz|hourly,2026-08-17T18:48:05Z,2026-08-17T18:48:05Z,
20.107.72.16,ipv4,malicious-ip,medium,WHITE,ziyadnz/hourly-ipv4,ziyadnz|hourly,2026-08-17T18:48:05Z,2026-08-17T18:48:05Z,
20.109.184.105,ipv4,malicious-ip,medium,WHITE,ziyadnz/hourly-ipv4,ziyadnz|hourly,2026-08-17T18:48:05Z,2026-08-17T18:48:05Z,
20.110.43.115,ipv4,malicious-ip,medium,WHITE,ziyadnz/hourly-ipv4,ziyadnz|hourly,2026-08-17T18:48:05Z,2026-08-17T18:48:05Z,
20.110.5.38,ipv4,malicious-ip,medium,WHITE,ziyadnz/hourly-ipv4,ziyadnz|hourly,2026-08-17T18:48:05Z,2026-08-17T18:48:05Z,
20.112.233.74,ipv4,malicious-ip,medium,WHITE,ziyadnz/hourly-ipv4,ziyadnz|hourly,2026-08-17T18:48:05Z,2026-08-17T18:48:05Z,
20.113.132.165,ipv4,malicious-ip,medium,WHITE,ziyadnz/hourly-ipv4,ziyadnz|hourly,2026-08-17T18:48:05Z,2026-08-17T18:48:05Z,
20.113.142.140,ipv4,malicious-ip,medium,WHITE,ziyadnz/hourly-ipv4,ziyadnz|hourly,2026-08-17T18:48:05Z,2026-08-17T18:48:05Z,
20.114.209.76,ipv4,malicious-ip,medium,WHITE,ziyadnz/hourly-ipv4,ziyadnz|hourly,2026-08-17T18:48:05Z,2026-08-17T18:48:05Z,
20.115.13.94,ipv4,malicious-ip,medium,WHITE,ziyadnz/hourly-ipv4,ziyadnz|hourly,2026-08-17T18:48:05Z,2026-08-17T18:48:05Z,
20.115.15.86,ipv4,malicious-ip,medium,WHITE,ziyadnz/hourly-ipv4,ziyadnz|hourly,2026-08-17T18:48:05Z,2026-08-17T18:48:05Z,
20.115.45.115,ipv4,malicious-ip,medium,WHITE,ziyadnz/hourly-ipv4,ziyadnz|hourly,2026-08-17T18:48:05Z,2026-08-17T18:48:05Z,
20.115.47.118,ipv4,malicious-ip,medium,WHITE,ziyadnz/hourly-ipv4,ziyadnz|hourly,2026-08-17T18:48:05Z,2026-08-17T18:48:05Z,
20.115.83.250,ipv4,malicious-ip,medium,WHITE,ziyadnz/hourly-ipv4,ziyadnz|hourly,2026-08-17T18:48:05Z,2026-08-17T18:48:05Z,
20.115.90.12,ipv4,malicious-ip,medium,WHITE,ziyadnz/hourly-ipv4,ziyadnz|hourly,2026-08-17T18:48:05Z,2026-08-17T18:48:05Z,
20.115.90.159,ipv4,malicious-ip,medium,WHITE,ziyadnz/hourly-ipv4,ziyadnz|hourly,2026-08-17T18:48:05Z,2026-08-17T18:48:05Z,
20.115.90.228,ipv4,malicious-ip,medium,WHITE,ziyadnz/hourly-ipv4,ziyadnz|hourly,2026-08-17T18:48:05Z,2026-08-17T18:48:05Z,
20.115.90.24,ipv4,malicious-ip,medium,WHITE,ziyadnz/hourly-ipv4,ziyadnz|hourly,2026-08-17T18:48:05Z,2026-08-17T18:48:05Z,
20.115.99.68,ipv4,malicious-ip,medium,WHITE,ziyadnz/hourly-ipv4,ziyadnz|hourly,2026-08-17T18:48:05Z,2026-08-17T18:48:05Z,
20.117.181.201,ipv4,malicious-ip,medium,WHITE,ziyadnz/hourly-ipv4,ziyadnz|hourly,2026-08-17T18:48:05Z,2026-08-17T18:48:05Z,
20.118.200.9,ipv4,malicious-ip,medium,WHITE,ziyadnz/hourly-ipv4,ziyadnz|hourly,2026-08-17T18:48:05Z,2026-08-17T18:48:05Z,
20.118.201.169,ipv4,malicious-ip,medium,WHITE,ziyadnz/hourly-ipv4,ziyadnz|hourly,2026-08-17T18:48:05Z,2026-08-17T18:48:05Z,
20.118.202.126,ipv4,malicious-ip,medium,WHITE,ziyadnz/hourly-ipv4,ziyadnz|hourly,2026-08-17T18:48:05Z,2026-08-17T18:48:05Z,
20.118.202.145,ipv4,malicious-ip,medium,WHITE,ziyadnz/hourly-ipv4,ziyadnz|hourly,2026-08-17T18:48:05Z,2026-08-17T18:48:05Z,
20.118.202.209,ipv4,malicious-ip,medium,WHITE,ziyadnz/hourly-ipv4,ziyadnz|hourly,2026-08-17T18:48:05Z,2026-08-17T18:48:05Z,
20.118.208.65,ipv4,malicious-ip,medium,WHITE,ziyadnz/hourly-ipv4,ziyadnz|hourly,2026-08-17T18:48:05Z,2026-08-17T18:48:05Z,
20.118.209.103,ipv4,malicious-ip,medium,WHITE,ziyadnz/hourly-ipv4,ziyadnz|hourly,2026-08-17T18:48:05Z,2026-08-17T18:48:05Z,
20.118.209.123,ipv4,malicious-ip,medium,WHITE,ziyadnz/hourly-ipv4,ziyadnz|hourly,2026-08-17T18:48:05Z,2026-08-17T18:48:05Z,
20.118.209.129,ipv4,malicious-ip,medium,WHITE,ziyadnz/hourly-ipv4,ziyadnz|hourly,2026-08-17T18:48:05Z,2026-08-17T18:48:05Z,
20.118.209.32,ipv4,malicious-ip,medium,WHITE,ziyadnz/hourly-ipv4,ziyadnz|hourly,2026-08-17T18:48:05Z,2026-08-17T18:48:05Z,
20.118.209.70,ipv4,malicious-ip,medium,WHITE,ziyadnz/hourly-ipv4,ziyadnz|hourly,2026-08-17T18:48:05Z,2026-08-17T18:48:05Z,
20.118.216.147,ipv4,malicious-ip,medium,WHITE,ziyadnz/hourly-ipv4,ziyadnz|hourly,2026-08-17T18:48:05Z,2026-08-17T18:48:05Z,
20.118.216.221,ipv4,malicious-ip,medium,WHITE,ziyadnz/hourly-ipv4,ziyadnz|hourly,2026-08-17T18:48:05Z,2026-08-17T18:48:05Z,
20.118.216.53,ipv4,malicious-ip,medium,WHITE,ziyadnz/hourly-ipv4,ziyadnz|hourly,2026-08-17T18:48:05Z,2026-08-17T18:48:05Z,
20.118.217.143,ipv4,malicious-ip,medium,WHITE,ziyadnz/hourly-ipv4,ziyadnz|hourly,2026-08-17T18:48:05Z,2026-08-17T18:48:05Z,
20.118.217.162,ipv4,malicious-ip,medium,WHITE,ziyadnz/hourly-ipv4,ziyadnz|hourly,2026-08-17T18:48:05Z,2026-08-17T18:48:05Z,
20.118.217.181,ipv4,malicious-ip,medium,WHITE,ziyadnz/hourly-ipv4,ziyadnz|hourly,2026-08-17T18:48:05Z,2026-08-17T18:48:05Z,
20.118.217.73,ipv4,malicious-ip,medium,WHITE,ziyadnz/hourly-ipv4,ziyadnz|hourly,2026-08-17T18:48:05Z,2026-08-17T18:48:05Z,
20.118.225.19,ipv4,malicious-ip,medium,WHITE,ziyadnz/hourly-ipv4,ziyadnz|hourly,2026-08-17T18:48:05Z,2026-08-17T18:48:05Z,
20.118.227.20,ipv4,malicious-ip,medium,WHITE,ziyadnz/hourly-ipv4,ziyadnz|hourly,2026-08-17T18:48:05Z,2026-08-17T18:48:05Z,
20.118.227.29,ipv4,malicious-ip,medium,WHITE,ziyadnz/hourly-ipv4,ziyadnz|hourly,2026-08-17T18:48:05Z,2026-08-17T18:48:05Z,
20.118.233.189,ipv4,malicious-ip,medium,WHITE,ziyadnz/hourly-ipv4,ziyadnz|hourly,2026-08-17T18:48:05Z,2026-08-17T18:48:05Z,
20.118.233.215,ipv4,malicious-ip,medium,WHITE,ziyadnz/hourly-ipv4,ziyadnz|hourly,2026-08-17T18:48:05Z,2026-08-17T18:48:05Z,
20.118.24.61,ipv4,malicious-ip,medium,WHITE,ziyadnz/hourly-ipv4,ziyadnz|hourly,2026-08-17T18:48:05Z,2026-08-17T18:48:05Z,
20.118.240.192,ipv4,malicious-ip,medium,WHITE,ziyadnz/hourly-ipv4,ziyadnz|hourly,2026-08-17T18:48:05Z,2026-08-17T18:48:05Z,
20.118.241.146,ipv4,malicious-ip,medium,WHITE,ziyadnz/hourly-ipv4,ziyadnz|hourly,2026-08-17T18:48:05Z,2026-08-17T18:48:05Z,
20.118.241.250,ipv4,malicious-ip,medium,WHITE,ziyadnz/hourly-ipv4,ziyadnz|hourly,2026-08-17T18:48:05Z,2026-08-17T18:48:05Z,
20.118.32.0,ipv4,malicious-ip,medium,WHITE,ziyadnz/hourly-ipv4,ziyadnz|hourly,2026-08-17T18:48:05Z,2026-08-17T18:48:05Z,
20.118.32.171,ipv4,malicious-ip,medium,WHITE,ziyadnz/hourly-ipv4,ziyadnz|hourly,2026-08-17T18:48:05Z,2026-08-17T18:48:05Z,
20.118.32.235,ipv4,malicious-ip,medium,WHITE,ziyadnz/hourly-ipv4,ziyadnz|hourly,2026-08-17T18:48:05Z,2026-08-17T18:48:05Z,
20.118.32.242,ipv4,malicious-ip,medium,WHITE,ziyadnz/hourly-ipv4,ziyadnz|hourly,2026-08-17T18:48:05Z,2026-08-17T18:48:05Z,
20.118.32.39,ipv4,malicious-ip,medium,WHITE,ziyadnz/hourly-ipv4,ziyadnz|hourly,2026-08-17T18:48:05Z,2026-08-17T18:48:05Z,
20.118.32.47,ipv4,malicious-ip,medium,WHITE,ziyadnz/hourly-ipv4,ziyadnz|hourly,2026-08-17T18:48:05Z,2026-08-17T18:48:05Z,
20.118.32.59,ipv4,malicious-ip,medium,WHITE,ziyadnz/hourly-ipv4,ziyadnz|hourly,2026-08-17T18:48:05Z,2026-08-17T18:48:05Z,
20.119.43.68,ipv4,malicious-ip,medium,WHITE,ziyadnz/hourly-ipv4,ziyadnz|hourly,2026-08-17T18:48:05Z,2026-08-17T18:48:05Z,
20.119.72.191,ipv4,malicious-ip,medium,WHITE,ziyadnz/hourly-ipv4,ziyadnz|hourly,2026-08-17T18:48:05Z,2026-08-17T18:48:05Z,
20.119.74.72,ipv4,malicious-ip,medium,WHITE,ziyadnz/hourly-ipv4,ziyadnz|hourly,2026-08-17T18:48:05Z,2026-08-17T18:48:05Z,
20.119.75.60,ipv4,malicious-ip,medium,WHITE,ziyadnz/hourly-ipv4,ziyadnz|hourly,2026-08-17T18:48:05Z,2026-08-17T18:48:05Z,
20.119.86.53,ipv4,malicious-ip,medium,WHITE,ziyadnz/hourly-ipv4,ziyadnz|hourly,2026-08-17T18:48:05Z,2026-08-17T18:48:05Z,
20.119.86.70,ipv4,malicious-ip,medium,WHITE,ziyadnz/hourly-ipv4,ziyadnz|hourly,2026-08-17T18:48:05Z,2026-08-17T18:48:05Z,
20.119.86.71,ipv4,malicious-ip,medium,WHITE,ziyadnz/hourly-ipv4,ziyadnz|hourly,2026-08-17T18:48:05Z,2026-08-17T18:48:05Z,
20.119.99.184,ipv4,malicious-ip,medium,WHITE,ziyadnz/hourly-ipv4,ziyadnz|hourly,2026-08-17T18:48:05Z,2026-08-17T18:48:05Z,
20.119.99.194,ipv4,malicious-ip,medium,WHITE,ziyadnz/hourly-ipv4,ziyadnz|hourly,2026-08-17T18:48:05Z,2026-08-17T18:48:05Z,
20.12.186.166,ipv4,malicious-ip,medium,WHITE,ziyadnz/hourly-ipv4,ziyadnz|hourly,2026-08-17T18:48:05Z,2026-08-17T18:48:05Z,
20.120.111.24,ipv4,malicious-ip,medium,WHITE,ziyadnz/hourly-ipv4,ziyadnz|hourly,2026-08-17T18:48:05Z,2026-08-17T18:48:05Z,
20.120.169.146,ipv4,malicious-ip,medium,WHITE,ziyadnz/hourly-ipv4,ziyadnz|hourly,2026-08-17T18:48:05Z,2026-08-17T18:48:05Z,
20.121.123.108,ipv4,malicious-ip,medium,WHITE,ziyadnz/hourly-ipv4,ziyadnz|hourly,2026-08-17T18:48:05Z,2026-08-17T18:48:05Z,
20.121.138.113,ipv4,malicious-ip,medium,WHITE,ziyadnz/hourly-ipv4,ziyadnz|hourly,2026-08-17T18:48:05Z,2026-08-17T18:48:05Z,
20.121.139.167,ipv4,malicious-ip,medium,WHITE,ziyadnz/hourly-ipv4,ziyadnz|hourly,2026-08-17T18:48:05Z,2026-08-17T18:48:05Z,
20.121.139.67,ipv4,malicious-ip,medium,WHITE,ziyadnz/hourly-ipv4,ziyadnz|hourly,2026-08-17T18:48:05Z,2026-08-17T18:48:05Z,
20.121.45.222,ipv4,malicious-ip,medium,WHITE,ziyadnz/hourly-ipv4,ziyadnz|hourly,2026-08-17T18:48:05Z,2026-08-17T18:48:05Z,
20.121.46.221,ipv4,malicious-ip,medium,WHITE,ziyadnz/hourly-ipv4,ziyadnz|hourly,2026-08-17T18:48:05Z,2026-08-17T18:48:05Z,
20.121.46.26,ipv4,malicious-ip,medium,WHITE,ziyadnz/hourly-ipv4,ziyadnz|hourly,2026-08-17T18:48:05Z,2026-08-17T18:48:05Z,
20.121.46.95,ipv4,malicious-ip,medium,WHITE,ziyadnz/hourly-ipv4,ziyadnz|hourly,2026-08-17T18:48:05Z,2026-08-17T18:48:05Z,
20.121.49.179,ipv4,malicious-ip,medium,WHITE,ziyadnz/hourly-ipv4,ziyadnz|hourly,2026-08-17T18:48:05Z,2026-08-17T18:48:05Z,
20.121.65.51,ipv4,malicious-ip,medium,WHITE,ziyadnz/hourly-ipv4,ziyadnz|hourly,2026-08-17T18:48:05Z,2026-08-17T18:48:05Z,
20.121.67.158,ipv4,malicious-ip,medium,WHITE,ziyadnz/hourly-ipv4,ziyadnz|hourly,2026-08-17T18:48:05Z,2026-08-17T18:48:05Z,
20.122.125.40,ipv4,malicious-ip,medium,WHITE,ziyadnz/hourly-ipv4,ziyadnz|hourly,2026-08-17T18:48:05Z,2026-08-17T18:48:05Z,
20.124.80.111,ipv4,malicious-ip,medium,WHITE,ziyadnz/hourly-ipv4,ziyadnz|hourly,2026-08-17T18:48:05Z,2026-08-17T18:48:05Z,
20.124.87.12,ipv4,malicious-ip,medium,WHITE,ziyadnz/hourly-ipv4,ziyadnz|hourly,2026-08-17T18:48:05Z,2026-08-17T18:48:05Z,
20.124.87.13,ipv4,malicious-ip,medium,WHITE,ziyadnz/hourly-ipv4,ziyadnz|hourly,2026-08-17T18:48:05Z,2026-08-17T18:48:05Z,
20.124.87.15,ipv4,malicious-ip,medium,WHITE,ziyadnz/hourly-ipv4,ziyadnz|hourly,2026-08-17T18:48:05Z,2026-08-17T18:48:05Z,
20.124.88.78,ipv4,malicious-ip,medium,WHITE,ziyadnz/hourly-ipv4,ziyadnz|hourly,2026-08-17T18:48:05Z,2026-08-17T18:48:05Z,
20.124.91.101,ipv4,malicious-ip,medium,WHITE,ziyadnz/hourly-ipv4,ziyadnz|hourly,2026-08-17T18:48:05Z,2026-08-17T18:48:05Z,
20.124.91.8,ipv4,malicious-ip,medium,WHITE,ziyadnz/hourly-ipv4,ziyadnz|hourly,2026-08-17T18:48:05Z,2026-08-17T18:48:05Z,
20.124.93.107,ipv4,malicious-ip,medium,WHITE,ziyadnz/hourly-ipv4,ziyadnz|hourly,2026-08-17T18:48:05Z,2026-08-17T18:48:05Z,
20.125.163.85,ipv4,malicious-ip,medium,WHITE,ziyadnz/hourly-ipv4,ziyadnz|hourly,2026-08-17T18:48:05Z,2026-08-17T18:48:05Z,
20.125.56.194,ipv4,malicious-ip,medium,WHITE,ziyadnz/hourly-ipv4,ziyadnz|hourly,2026-08-17T18:48:05Z,2026-08-17T18:48:05Z,
20.127.131.12,ipv4,malicious-ip,medium,WHITE,ziyadnz/hourly-ipv4,ziyadnz|hourly,2026-08-17T18:48:05Z,2026-08-17T18:48:05Z,
20.127.152.241,ipv4,malicious-ip,medium,WHITE,ziyadnz/hourly-ipv4,ziyadnz|hourly,2026-08-17T18:48:05Z,2026-08-17T18:48:05Z,
20.127.153.188,ipv4,malicious-ip,medium,WHITE,ziyadnz/hourly-ipv4,ziyadnz|hourly,2026-08-17T18:48:05Z,2026-08-17T18:48:05Z,
20.127.155.221,ipv4,malicious-ip,medium,WHITE,ziyadnz/hourly-ipv4,ziyadnz|hourly,2026-08-17T18:48:05Z,2026-08-17T18:48:05Z,
20.127.157.56,ipv4,malicious-ip,medium,WHITE,ziyadnz/hourly-ipv4,ziyadnz|hourly,2026-08-17T18:48:05Z,2026-08-17T18:48:05Z,
20.127.170.152,ipv4,malicious-ip,medium,WHITE,ziyadnz/hourly-ipv4,ziyadnz|hourly,2026-08-17T18:48:05Z,2026-08-17T18:48:05Z,
20.127.170.172,ipv4,malicious-ip,medium,WHITE,ziyadnz/hourly-ipv4,ziyadnz|hourly,2026-08-17T18:48:05Z,2026-08-17T18:48:05Z,
20.127.170.79,ipv4,malicious-ip,medium,WHITE,ziyadnz/hourly-ipv4,ziyadnz|hourly,2026-08-17T18:48:05Z,2026-08-17T18:48:05Z,
20.127.173.114,ipv4,malicious-ip,medium,WHITE,ziyadnz/hourly-ipv4,ziyadnz|hourly,2026-08-17T18:48:05Z,2026-08-17T18:48:05Z,
20.127.185.20,ipv4,malicious-ip,medium,WHITE,ziyadnz/hourly-ipv4,ziyadnz|hourly,2026-08-17T18:48:05Z,2026-08-17T18:48:05Z,
20.127.187.30,ipv4,malicious-ip,medium,WHITE,ziyadnz/hourly-ipv4,ziyadnz|hourly,2026-08-17T18:48:05Z,2026-08-17T18:48:05Z,
20.127.187.7,ipv4,malicious-ip,medium,WHITE,ziyadnz/hourly-ipv4,ziyadnz|hourly,2026-08-17T18:48:05Z,2026-08-17T18:48:05Z,
20.127.192.218,ipv4,malicious-ip,medium,WHITE,ziyadnz/hourly-ipv4,ziyadnz|hourly,2026-08-17T18:48:05Z,2026-08-17T18:48:05Z,
20.127.195.188,ipv4,malicious-ip,medium,WHITE,ziyadnz/hourly-ipv4,ziyadnz|hourly,2026-08-17T18:48:05Z,2026-08-17T18:48:05Z,
20.127.195.254,ipv4,malicious-ip,medium,WHITE,ziyadnz/hourly-ipv4,ziyadnz|hourly,2026-08-17T18:48:05Z,2026-08-17T18:48:05Z,
20.127.200.74,ipv4,malicious-ip,medium,WHITE,ziyadnz/hourly-ipv4,ziyadnz|hourly,2026-08-17T18:48:05Z,2026-08-17T18:48:05Z,
20.127.202.110,ipv4,malicious-ip,medium,WHITE,ziyadnz/hourly-ipv4,ziyadnz|hourly,2026-08-17T18:48:05Z,2026-08-17T18:48:05Z,
20.127.202.120,ipv4,malicious-ip,medium,WHITE,ziyadnz/hourly-ipv4,ziyadnz|hourly,2026-08-17T18:48:05Z,2026-08-17T18:48:05Z,
20.127.202.128,ipv4,malicious-ip,medium,WHITE,ziyadnz/hourly-ipv4,ziyadnz|hourly,2026-08-17T18:48:05Z,2026-08-17T18:48:05Z,
20.127.202.251,ipv4,malicious-ip,medium,WHITE,ziyadnz/hourly-ipv4,ziyadnz|hourly,2026-08-17T18:48:05Z,2026-08-17T18:48:05Z,
20.127.203.209,ipv4,malicious-ip,medium,WHITE,ziyadnz/hourly-ipv4,ziyadnz|hourly,2026-08-17T18:48:05Z,2026-08-17T18:48:05Z,
20.127.204.214,ipv4,malicious-ip,medium,WHITE,ziyadnz/hourly-ipv4,ziyadnz|hourly,2026-08-17T18:48:05Z,2026-08-17T18:48:05Z,
20.127.208.220,ipv4,malicious-ip,medium,WHITE,ziyadnz/hourly-ipv4,ziyadnz|hourly,2026-08-17T18:48:05Z,2026-08-17T18:48:05Z,
20.127.210.151,ipv4,malicious-ip,medium,WHITE,ziyadnz/hourly-ipv4,ziyadnz|hourly,2026-08-17T18:48:05Z,2026-08-17T18:48:05Z,
20.127.217.70,ipv4,malicious-ip,medium,WHITE,ziyadnz/hourly-ipv4,ziyadnz|hourly,2026-08-17T18:48:05Z,2026-08-17T18:48:05Z,
20.127.218.58,ipv4,malicious-ip,medium,WHITE,ziyadnz/hourly-ipv4,ziyadnz|hourly,2026-08-17T18:48:05Z,2026-08-17T18:48:05Z,
20.127.219.109,ipv4,malicious-ip,medium,WHITE,ziyadnz/hourly-ipv4,ziyadnz|hourly,2026-08-17T18:48:05Z,2026-08-17T18:48:05Z,
20.127.220.170,ipv4,malicious-ip,medium,WHITE,ziyadnz/hourly-ipv4,ziyadnz|hourly,2026-08-17T18:48:05Z,2026-08-17T18:48:05Z,
20.127.220.195,ipv4,malicious-ip,medium,WHITE,ziyadnz/hourly-ipv4,ziyadnz|hourly,2026-08-17T18:48:05Z,2026-08-17T18:48:05Z,
20.127.220.21,ipv4,malicious-ip,medium,WHITE,ziyadnz/hourly-ipv4,ziyadnz|hourly,2026-08-17T18:48:05Z,2026-08-17T18:48:05Z,
20.127.220.33,ipv4,malicious-ip,medium,WHITE,ziyadnz/hourly-ipv4,ziyadnz|hourly,2026-08-17T18:48:05Z,2026-08-17T18:48:05Z,
20.127.224.63,ipv4,malicious-ip,medium,WHITE,ziyadnz/hourly-ipv4,ziyadnz|hourly,2026-08-17T18:48:05Z,2026-08-17T18:48:05Z,
20.127.238.128,ipv4,malicious-ip,medium,WHITE,ziyadnz/hourly-ipv4,ziyadnz|hourly,2026-08-17T18:48:05Z,2026-08-17T18:48:05Z,
20.127.244.206,ipv4,malicious-ip,medium,WHITE,ziyadnz/hourly-ipv4,ziyadnz|hourly,2026-08-17T18:48:05Z,2026-08-17T18:48:05Z,
20.127.244.253,ipv4,malicious-ip,medium,WHITE,ziyadnz/hourly-ipv4,ziyadnz|hourly,2026-08-17T18:48:05Z,2026-08-17T18:48:05Z,
20.127.244.67,ipv4,malicious-ip,medium,WHITE,ziyadnz/hourly-ipv4,ziyadnz|hourly,2026-08-17T18:48:05Z,2026-08-17T18:48:05Z,
20.127.245.101,ipv4,malicious-ip,medium,WHITE,ziyadnz/hourly-ipv4,ziyadnz|hourly,2026-08-17T18:48:05Z,2026-08-17T18:48:05Z,
20.127.245.168,ipv4,malicious-ip,medium,WHITE,ziyadnz/hourly-ipv4,ziyadnz|hourly,2026-08-17T18:48:05Z,2026-08-17T18:48:05Z,
20.127.60.93,ipv4,malicious-ip,medium,WHITE,ziyadnz/hourly-ipv4,ziyadnz|hourly,2026-08-17T18:48:05Z,2026-08-17T18:48:05Z,
20.14.101.99,ipv4,malicious-ip,medium,WHITE,ziyadnz/hourly-ipv4,ziyadnz|hourly,2026-08-17T18:48:05Z,2026-08-17T18:48:05Z,
20.14.146.255,ipv4,malicious-ip,medium,WHITE,ziyadnz/hourly-ipv4,ziyadnz|hourly,2026-08-17T18:48:05Z,2026-08-17T18:48:05Z,
20.14.254.44,ipv4,malicious-ip,medium,WHITE,ziyadnz/hourly-ipv4,ziyadnz|hourly,2026-08-17T18:48:05Z,2026-08-17T18:48:05Z,
20.14.81.42,ipv4,malicious-ip,medium,WHITE,ziyadnz/hourly-ipv4,ziyadnz|hourly,2026-08-17T18:48:05Z,2026-08-17T18:48:05Z,
20.14.82.143,ipv4,malicious-ip,medium,WHITE,ziyadnz/hourly-ipv4,ziyadnz|hourly,2026-08-17T18:48:05Z,2026-08-17T18:48:05Z,
20.14.83.88,ipv4,malicious-ip,medium,WHITE,ziyadnz/hourly-ipv4,ziyadnz|hourly,2026-08-17T18:48:05Z,2026-08-17T18:48:05Z,
20.14.88.150,ipv4,malicious-ip,medium,WHITE,ziyadnz/hourly-ipv4,ziyadnz|hourly,2026-08-17T18:48:05Z,2026-08-17T18:48:05Z,
20.14.88.205,ipv4,malicious-ip,medium,WHITE,ziyadnz/hourly-ipv4,ziyadnz|hourly,2026-08-17T18:48:05Z,2026-08-17T18:48:05Z,
20.14.89.155,ipv4,malicious-ip,medium,WHITE,ziyadnz/hourly-ipv4,ziyadnz|hourly,2026-08-17T18:48:05Z,2026-08-17T18:48:05Z,
20.14.89.71,ipv4,malicious-ip,medium,WHITE,ziyadnz/hourly-ipv4,ziyadnz|hourly,2026-08-17T18:48:05Z,2026-08-17T18:48:05Z,
20.14.90.54,ipv4,malicious-ip,medium,WHITE,ziyadnz/hourly-ipv4,ziyadnz|hourly,2026-08-17T18:48:05Z,2026-08-17T18:48:05Z,
20.14.90.84,ipv4,malicious-ip,medium,WHITE,ziyadnz/hourly-ipv4,ziyadnz|hourly,2026-08-17T18:48:05Z,2026-08-17T18:48:05Z,
20.14.93.239,ipv4,malicious-ip,medium,WHITE,ziyadnz/hourly-ipv4,ziyadnz|hourly,2026-08-17T18:48:05Z,2026-08-17T18:48:05Z,
20.14.93.87,ipv4,malicious-ip,medium,WHITE,ziyadnz/hourly-ipv4,ziyadnz|hourly,2026-08-17T18:48:05Z,2026-08-17T18:48:05Z,
20.14.94.72,ipv4,malicious-ip,medium,WHITE,ziyadnz/hourly-ipv4,ziyadnz|hourly,2026-08-17T18:48:05Z,2026-08-17T18:48:05Z,
20.14.95.138,ipv4,malicious-ip,medium,WHITE,ziyadnz/hourly-ipv4,ziyadnz|hourly,2026-08-17T18:48:05Z,2026-08-17T18:48:05Z,
20.15.160.31,ipv4,malicious-ip,medium,WHITE,ziyadnz/hourly-ipv4,ziyadnz|hourly,2026-08-17T18:48:05Z,2026-08-17T18:48:05Z,
20.15.162.180,ipv4,malicious-ip,medium,WHITE,ziyadnz/hourly-ipv4,ziyadnz|hourly,2026-08-17T18:48:05Z,2026-08-17T18:48:05Z,
20.15.162.204,ipv4,malicious-ip,medium,WHITE,ziyadnz/hourly-ipv4,ziyadnz|hourly,2026-08-17T18:48:05Z,2026-08-17T18:48:05Z,
20.15.162.215,ipv4,malicious-ip,medium,WHITE,ziyadnz/hourly-ipv4,ziyadnz|hourly,2026-08-17T18:48:05Z,2026-08-17T18:48:05Z,
20.15.162.238,ipv4,malicious-ip,medium,WHITE,ziyadnz/hourly-ipv4,ziyadnz|hourly,2026-08-17T18:48:05Z,2026-08-17T18:48:05Z,
20.15.162.87,ipv4,malicious-ip,medium,WHITE,ziyadnz/hourly-ipv4,ziyadnz|hourly,2026-08-17T18:48:05Z,2026-08-17T18:48:05Z,
20.15.163.0,ipv4,malicious-ip,medium,WHITE,ziyadnz/hourly-ipv4,ziyadnz|hourly,2026-08-17T18:48:05Z,2026-08-17T18:48:05Z,
20.15.163.139,ipv4,malicious-ip,medium,WHITE,ziyadnz/hourly-ipv4,ziyadnz|hourly,2026-08-17T18:48:05Z,2026-08-17T18:48:05Z,
20.15.163.169,ipv4,malicious-ip,medium,WHITE,ziyadnz/hourly-ipv4,ziyadnz|hourly,2026-08-17T18:48:05Z,2026-08-17T18:48:05Z,
20.15.163.174,ipv4,malicious-ip,medium,WHITE,ziyadnz/hourly-ipv4,ziyadnz|hourly,2026-08-17T18:48:05Z,2026-08-17T18:48:05Z,
20.15.163.245,ipv4,malicious-ip,medium,WHITE,ziyadnz/hourly-ipv4,ziyadnz|hourly,2026-08-17T18:48:05Z,2026-08-17T18:48:05Z,
20.15.163.51,ipv4,malicious-ip,medium,WHITE,ziyadnz/hourly-ipv4,ziyadnz|hourly,2026-08-17T18:48:05Z,2026-08-17T18:48:05Z,
20.15.163.73,ipv4,malicious-ip,medium,WHITE,ziyadnz/hourly-ipv4,ziyadnz|hourly,2026-08-17T18:48:05Z,2026-08-17T18:48:05Z,
20.15.164.165,ipv4,malicious-ip,medium,WHITE,ziyadnz/hourly-ipv4,ziyadnz|hourly,2026-08-17T18:48:05Z,2026-08-17T18:48:05Z,
20.15.164.37,ipv4,malicious-ip,medium,WHITE,ziyadnz/hourly-ipv4,ziyadnz|hourly,2026-08-17T18:48:05Z,2026-08-17T18:48:05Z,
20.15.164.68,ipv4,malicious-ip,medium,WHITE,ziyadnz/hourly-ipv4,ziyadnz|hourly,2026-08-17T18:48:05Z,2026-08-17T18:48:05Z,
20.15.200.1,ipv4,malicious-ip,medium,WHITE,ziyadnz/hourly-ipv4,ziyadnz|hourly,2026-08-17T18:48:05Z,2026-08-17T18:48:05Z,
20.15.200.100,ipv4,malicious-ip,medium,WHITE,ziyadnz/hourly-ipv4,ziyadnz|hourly,2026-08-17T18:48:05Z,2026-08-17T18:48:05Z,
20.15.200.45,ipv4,malicious-ip,medium,WHITE,ziyadnz/hourly-ipv4,ziyadnz|hourly,2026-08-17T18:48:05Z,2026-08-17T18:48:05Z,
20.15.201.64,ipv4,malicious-ip,medium,WHITE,ziyadnz/hourly-ipv4,ziyadnz|hourly,2026-08-17T18:48:05Z,2026-08-17T18:48:05Z,
20.15.201.69,ipv4,malicious-ip,medium,WHITE,ziyadnz/hourly-ipv4,ziyadnz|hourly,2026-08-17T18:48:05Z,2026-08-17T18:48:05Z,
20.15.224.135,ipv4,malicious-ip,medium,WHITE,ziyadnz/hourly-ipv4,ziyadnz|hourly,2026-08-17T18:48:05Z,2026-08-17T18:48:05Z,
20.15.224.207,ipv4,malicious-ip,medium,WHITE,ziyadnz/hourly-ipv4,ziyadnz|hourly,2026-08-17T18:48:05Z,2026-08-17T18:48:05Z,
20.15.224.64,ipv4,malicious-ip,medium,WHITE,ziyadnz/hourly-ipv4,ziyadnz|hourly,2026-08-17T18:48:05Z,2026-08-17T18:48:05Z,
20.15.225.33,ipv4,malicious-ip,medium,WHITE,ziyadnz/hourly-ipv4,ziyadnz|hourly,2026-08-17T18:48:05Z,2026-08-17T18:48:05Z,
20.15.225.63,ipv4,malicious-ip,medium,WHITE,ziyadnz/hourly-ipv4,ziyadnz|hourly,2026-08-17T18:48:05Z,2026-08-17T18:48:05Z,
20.15.225.72,ipv4,malicious-ip,medium,WHITE,ziyadnz/hourly-ipv4,ziyadnz|hourly,2026-08-17T18:48:05Z,2026-08-17T18:48:05Z,
20.150.192.134,ipv4,malicious-ip,medium,WHITE,ziyadnz/hourly-ipv4,ziyadnz|hourly,2026-08-17T18:48:05Z,2026-08-17T18:48:05Z,
20.150.192.39,ipv4,malicious-ip,medium,WHITE,ziyadnz/hourly-ipv4,ziyadnz|hourly,2026-08-17T18:48:05Z,2026-08-17T18:48:05Z,
20.150.192.63,ipv4,malicious-ip,medium,WHITE,ziyadnz/hourly-ipv4,ziyadnz|hourly,2026-08-17T18:48:05Z,2026-08-17T18:48:05Z,
20.150.192.96,ipv4,malicious-ip,medium,WHITE,ziyadnz/hourly-ipv4,ziyadnz|hourly,2026-08-17T18:48:05Z,2026-08-17T18:48:05Z,
20.150.193.141,ipv4,malicious-ip,medium,WHITE,ziyadnz/hourly-ipv4,ziyadnz|hourly,2026-08-17T18:48:05Z,2026-08-17T18:48:05Z,
20.150.193.200,ipv4,malicious-ip,medium,WHITE,ziyadnz/hourly-ipv4,ziyadnz|hourly,2026-08-17T18:48:05Z,2026-08-17T18:48:05Z,
20.150.193.32,ipv4,malicious-ip,medium,WHITE,ziyadnz/hourly-ipv4,ziyadnz|hourly,2026-08-17T18:48:05Z,2026-08-17T18:48:05Z,
20.150.193.52,ipv4,malicious-ip,medium,WHITE,ziyadnz/hourly-ipv4,ziyadnz|hourly,2026-08-17T18:48:05Z,2026-08-17T18:48:05Z,
20.150.194.114,ipv4,malicious-ip,medium,WHITE,ziyadnz/hourly-ipv4,ziyadnz|hourly,2026-08-17T18:48:05Z,2026-08-17T18:48:05Z,
20.150.194.49,ipv4,malicious-ip,medium,WHITE,ziyadnz/hourly-ipv4,ziyadnz|hourly,2026-08-17T18:48:05Z,2026-08-17T18:48:05Z,
20.150.195.172,ipv4,malicious-ip,medium,WHITE,ziyadnz/hourly-ipv4,ziyadnz|hourly,2026-08-17T18:48:05Z,2026-08-17T18:48:05Z,
20.150.196.142,ipv4,malicious-ip,medium,WHITE,ziyadnz/hourly-ipv4,ziyadnz|hourly,2026-08-17T18:48:05Z,2026-08-17T18:48:05Z,
20.151.131.114,ipv4,malicious-ip,medium,WHITE,ziyadnz/hourly-ipv4,ziyadnz|hourly,2026-08-17T18:48:05Z,2026-08-17T18:48:05Z,
20.151.168.176,ipv4,malicious-ip,medium,WHITE,ziyadnz/hourly-ipv4,ziyadnz|hourly,2026-08-17T18:48:05Z,2026-08-17T18:48:05Z,
20.151.232.31,ipv4,malicious-ip,medium,WHITE,ziyadnz/hourly-ipv4,ziyadnz|hourly,2026-08-17T18:48:05Z,2026-08-17T18:48:05Z,
20.151.58.41,ipv4,malicious-ip,medium,WHITE,ziyadnz/hourly-ipv4,ziyadnz|hourly,2026-08-17T18:48:05Z,2026-08-17T18:48:05Z,
20.151.83.78,ipv4,malicious-ip,medium,WHITE,ziyadnz/hourly-ipv4,ziyadnz|hourly,2026-08-17T18:48:05Z,2026-08-17T18:48:05Z,
20.153.204.5,ipv4,malicious-ip,medium,WHITE,ziyadnz/hourly-ipv4,ziyadnz|hourly,2026-08-17T18:48:05Z,2026-08-17T18:48:05Z,
20.157.117.15,ipv4,malicious-ip,medium,WHITE,ziyadnz/hourly-ipv4,ziyadnz|hourly,2026-08-17T18:48:05Z,2026-08-17T18:48:05Z,
20.162.124.58,ipv4,malicious-ip,medium,WHITE,ziyadnz/hourly-ipv4,ziyadnz|hourly,2026-08-17T18:48:05Z,2026-08-17T18:48:05Z,
20.162.226.228,ipv4,malicious-ip,medium,WHITE,ziyadnz/hourly-ipv4,ziyadnz|hourly,2026-08-17T18:48:05Z,2026-08-17T18:48:05Z,
20.163.10.187,ipv4,malicious-ip,medium,WHITE,ziyadnz/hourly-ipv4,ziyadnz|hourly,2026-08-17T18:48:05Z,2026-08-17T18:48:05Z,
20.163.13.114,ipv4,malicious-ip,medium,WHITE,ziyadnz/hourly-ipv4,ziyadnz|hourly,2026-08-17T18:48:05Z,2026-08-17T18:48:05Z,
20.163.14.130,ipv4,malicious-ip,medium,WHITE,ziyadnz/hourly-ipv4,ziyadnz|hourly,2026-08-17T18:48:05Z,2026-08-17T18:48:05Z,
20.163.14.222,ipv4,malicious-ip,medium,WHITE,ziyadnz/hourly-ipv4,ziyadnz|hourly,2026-08-17T18:48:05Z,2026-08-17T18:48:05Z,
20.163.14.238,ipv4,malicious-ip,medium,WHITE,ziyadnz/hourly-ipv4,ziyadnz|hourly,2026-08-17T18:48:05Z,2026-08-17T18:48:05Z,
20.163.15.0,ipv4,malicious-ip,medium,WHITE,ziyadnz/hourly-ipv4,ziyadnz|hourly,2026-08-17T18:48:05Z,2026-08-17T18:48:05Z,
20.163.15.107,ipv4,malicious-ip,medium,WHITE,ziyadnz/hourly-ipv4,ziyadnz|hourly,2026-08-17T18:48:05Z,2026-08-17T18:48:05Z,
20.163.15.119,ipv4,malicious-ip,medium,WHITE,ziyadnz/hourly-ipv4,ziyadnz|hourly,2026-08-17T18:48:05Z,2026-08-17T18:48:05Z,
20.163.15.123,ipv4,malicious-ip,medium,WHITE,ziyadnz/hourly-ipv4,ziyadnz|hourly,2026-08-17T18:48:05Z,2026-08-17T18:48:05Z,
20.163.15.124,ipv4,malicious-ip,medium,WHITE,ziyadnz/hourly-ipv4,ziyadnz|hourly,2026-08-17T18:48:05Z,2026-08-17T18:48:05Z,
20.163.15.166,ipv4,malicious-ip,medium,WHITE,ziyadnz/hourly-ipv4,ziyadnz|hourly,2026-08-17T18:48:05Z,2026-08-17T18:48:05Z,
20.163.15.167,ipv4,malicious-ip,medium,WHITE,ziyadnz/hourly-ipv4,ziyadnz|hourly,2026-08-17T18:48:05Z,2026-08-17T18:48:05Z,
20.163.15.174,ipv4,malicious-ip,medium,WHITE,ziyadnz/hourly-ipv4,ziyadnz|hourly,2026-08-17T18:48:05Z,2026-08-17T18:48:05Z,
20.163.15.176,ipv4,malicious-ip,medium,WHITE,ziyadnz/hourly-ipv4,ziyadnz|hourly,2026-08-17T18:48:05Z,2026-08-17T18:48:05Z,
20.163.15.177,ipv4,malicious-ip,medium,WHITE,ziyadnz/hourly-ipv4,ziyadnz|hourly,2026-08-17T18:48:05Z,2026-08-17T18:48:05Z,
20.163.15.20,ipv4,malicious-ip,medium,WHITE,ziyadnz/hourly-ipv4,ziyadnz|hourly,2026-08-17T18:48:05Z,2026-08-17T18:48:05Z,
20.163.15.207,ipv4,malicious-ip,medium,WHITE,ziyadnz/hourly-ipv4,ziyadnz|hourly,2026-08-17T18:48:05Z,2026-08-17T18:48:05Z,
20.163.15.217,ipv4,malicious-ip,medium,WHITE,ziyadnz/hourly-ipv4,ziyadnz|hourly,2026-08-17T18:48:05Z,2026-08-17T18:48:05Z,
20.163.15.218,ipv4,malicious-ip,medium,WHITE,ziyadnz/hourly-ipv4,ziyadnz|hourly,2026-08-17T18:48:05Z,2026-08-17T18:48:05Z,
20.163.15.227,ipv4,malicious-ip,medium,WHITE,ziyadnz/hourly-ipv4,ziyadnz|hourly,2026-08-17T18:48:05Z,2026-08-17T18:48:05Z,
20.163.15.238,ipv4,malicious-ip,medium,WHITE,ziyadnz/hourly-ipv4,ziyadnz|hourly,2026-08-17T18:48:05Z,2026-08-17T18:48:05Z,
20.163.15.43,ipv4,malicious-ip,medium,WHITE,ziyadnz/hourly-ipv4,ziyadnz|hourly,2026-08-17T18:48:05Z,2026-08-17T18:48:05Z,
20.163.15.93,ipv4,malicious-ip,medium,WHITE,ziyadnz/hourly-ipv4,ziyadnz|hourly,2026-08-17T18:48:05Z,2026-08-17T18:48:05Z,
20.163.15.96,ipv4,malicious-ip,medium,WHITE,ziyadnz/hourly-ipv4,ziyadnz|hourly,2026-08-17T18:48:05Z,2026-08-17T18:48:05Z,
20.163.15.97,ipv4,malicious-ip,medium,WHITE,ziyadnz/hourly-ipv4,ziyadnz|hourly,2026-08-17T18:48:05Z,2026-08-17T18:48:05Z,
20.163.16.165,ipv4,malicious-ip,medium,WHITE,ziyadnz/hourly-ipv4,ziyadnz|hourly,2026-08-17T18:48:05Z,2026-08-17T18:48:05Z,
20.163.16.228,ipv4,malicious-ip,medium,WHITE,ziyadnz/hourly-ipv4,ziyadnz|hourly,2026-08-17T18:48:05Z,2026-08-17T18:48:05Z,
20.163.2.151,ipv4,malicious-ip,medium,WHITE,ziyadnz/hourly-ipv4,ziyadnz|hourly,2026-08-17T18:48:05Z,2026-08-17T18:48:05Z,
20.163.25.231,ipv4,malicious-ip,medium,WHITE,ziyadnz/hourly-ipv4,ziyadnz|hourly,2026-08-17T18:48:05Z,2026-08-17T18:48:05Z,
20.163.26.91,ipv4,malicious-ip,medium,WHITE,ziyadnz/hourly-ipv4,ziyadnz|hourly,2026-08-17T18:48:05Z,2026-08-17T18:48:05Z,
20.163.27.102,ipv4,malicious-ip,medium,WHITE,ziyadnz/hourly-ipv4,ziyadnz|hourly,2026-08-17T18:48:05Z,2026-08-17T18:48:05Z,
20.163.30.205,ipv4,malicious-ip,medium,WHITE,ziyadnz/hourly-ipv4,ziyadnz|hourly,2026-08-17T18:48:05Z,2026-08-17T18:48:05Z,
20.163.30.209,ipv4,malicious-ip,medium,WHITE,ziyadnz/hourly-ipv4,ziyadnz|hourly,2026-08-17T18:48:05Z,2026-08-17T18:48:05Z,
20.163.32.0,ipv4,malicious-ip,medium,WHITE,ziyadnz/hourly-ipv4,ziyadnz|hourly,2026-08-17T18:48:05Z,2026-08-17T18:48:05Z,
20.163.32.168,ipv4,malicious-ip,medium,WHITE,ziyadnz/hourly-ipv4,ziyadnz|hourly,2026-08-17T18:48:05Z,2026-08-17T18:48:05Z,
20.163.32.211,ipv4,malicious-ip,medium,WHITE,ziyadnz/hourly-ipv4,ziyadnz|hourly,2026-08-17T18:48:05Z,2026-08-17T18:48:05Z,
20.163.32.78,ipv4,malicious-ip,medium,WHITE,ziyadnz/hourly-ipv4,ziyadnz|hourly,2026-08-17T18:48:05Z,2026-08-17T18:48:05Z,
20.163.32.79,ipv4,malicious-ip,medium,WHITE,ziyadnz/hourly-ipv4,ziyadnz|hourly,2026-08-17T18:48:05Z,2026-08-17T18:48:05Z,
20.163.33.0,ipv4,malicious-ip,medium,WHITE,ziyadnz/hourly-ipv4,ziyadnz|hourly,2026-08-17T18:48:05Z,2026-08-17T18:48:05Z,
20.163.33.179,ipv4,malicious-ip,medium,WHITE,ziyadnz/hourly-ipv4,ziyadnz|hourly,2026-08-17T18:48:05Z,2026-08-17T18:48:05Z,
20.163.33.218,ipv4,malicious-ip,medium,WHITE,ziyadnz/hourly-ipv4,ziyadnz|hourly,2026-08-17T18:48:05Z,2026-08-17T18:48:05Z,
20.163.33.22,ipv4,malicious-ip,medium,WHITE,ziyadnz/hourly-ipv4,ziyadnz|hourly,2026-08-17T18:48:05Z,2026-08-17T18:48:05Z,
20.163.33.220,ipv4,malicious-ip,medium,WHITE,ziyadnz/hourly-ipv4,ziyadnz|hourly,2026-08-17T18:48:05Z,2026-08-17T18:48:05Z,
20.163.33.221,ipv4,malicious-ip,medium,WHITE,ziyadnz/hourly-ipv4,ziyadnz|hourly,2026-08-17T18:48:05Z,2026-08-17T18:48:05Z,
20.163.33.23,ipv4,malicious-ip,medium,WHITE,ziyadnz/hourly-ipv4,ziyadnz|hourly,2026-08-17T18:48:05Z,2026-08-17T18:48:05Z,
20.163.34.0,ipv4,malicious-ip,medium,WHITE,ziyadnz/hourly-ipv4,ziyadnz|hourly,2026-08-17T18:48:05Z,2026-08-17T18:48:05Z,
20.163.34.41,ipv4,malicious-ip,medium,WHITE,ziyadnz/hourly-ipv4,ziyadnz|hourly,2026-08-17T18:48:05Z,2026-08-17T18:48:05Z,
20.163.34.46,ipv4,malicious-ip,medium,WHITE,ziyadnz/hourly-ipv4,ziyadnz|hourly,2026-08-17T18:48:05Z,2026-08-17T18:48:05Z,
20.163.34.47,ipv4,malicious-ip,medium,WHITE,ziyadnz/hourly-ipv4,ziyadnz|hourly,2026-08-17T18:48:05Z,2026-08-17T18:48:05Z,
20.163.34.54,ipv4,malicious-ip,medium,WHITE,ziyadnz/hourly-ipv4,ziyadnz|hourly,2026-08-17T18:48:05Z,2026-08-17T18:48:05Z,
20.163.34.74,ipv4,malicious-ip,medium,WHITE,ziyadnz/hourly-ipv4,ziyadnz|hourly,2026-08-17T18:48:05Z,2026-08-17T18:48:05Z,
20.163.34.83,ipv4,malicious-ip,medium,WHITE,ziyadnz/hourly-ipv4,ziyadnz|hourly,2026-08-17T18:48:05Z,2026-08-17T18:48:05Z,
20.163.34.94,ipv4,malicious-ip,medium,WHITE,ziyadnz/hourly-ipv4,ziyadnz|hourly,2026-08-17T18:48:05Z,2026-08-17T18:48:05Z,
20.163.37.97,ipv4,malicious-ip,medium,WHITE,ziyadnz/hourly-ipv4,ziyadnz|hourly,2026-08-17T18:48:05Z,2026-08-17T18:48:05Z,
20.163.37.98,ipv4,malicious-ip,medium,WHITE,ziyadnz/hourly-ipv4,ziyadnz|hourly,2026-08-17T18:48:05Z,2026-08-17T18:48:05Z,
20.163.38.129,ipv4,malicious-ip,medium,WHITE,ziyadnz/hourly-ipv4,ziyadnz|hourly,2026-08-17T18:48:05Z,2026-08-17T18:48:05Z,
20.163.39.86,ipv4,malicious-ip,medium,WHITE,ziyadnz/hourly-ipv4,ziyadnz|hourly,2026-08-17T18:48:05Z,2026-08-17T18:48:05Z,
20.163.57.193,ipv4,malicious-ip,medium,WHITE,ziyadnz/hourly-ipv4,ziyadnz|hourly,2026-08-17T18:48:05Z,2026-08-17T18:48:05Z,
20.163.59.190,ipv4,malicious-ip,medium,WHITE,ziyadnz/hourly-ipv4,ziyadnz|hourly,2026-08-17T18:48:05Z,2026-08-17T18:48:05Z,
20.164.205.62,ipv4,malicious-ip,medium,WHITE,ziyadnz/hourly-ipv4,ziyadnz|hourly,2026-08-17T18:48:05Z,2026-08-17T18:48:05Z,
20.168.107.40,ipv4,malicious-ip,medium,WHITE,ziyadnz/hourly-ipv4,ziyadnz|hourly,2026-08-17T18:48:05Z,2026-08-17T18:48:05Z,
20.168.109.236,ipv4,malicious-ip,medium,WHITE,ziyadnz/hourly-ipv4,ziyadnz|hourly,2026-08-17T18:48:05Z,2026-08-17T18:48:05Z,
20.168.114.245,ipv4,malicious-ip,medium,WHITE,ziyadnz/hourly-ipv4,ziyadnz|hourly,2026-08-17T18:48:05Z,2026-08-17T18:48:05Z,
20.168.116.70,ipv4,malicious-ip,medium,WHITE,ziyadnz/hourly-ipv4,ziyadnz|hourly,2026-08-17T18:48:05Z,2026-08-17T18:48:05Z,
20.168.120.0,ipv4,malicious-ip,medium,WHITE,ziyadnz/hourly-ipv4,ziyadnz|hourly,2026-08-17T18:48:05Z,2026-08-17T18:48:05Z,
20.168.120.101,ipv4,malicious-ip,medium,WHITE,ziyadnz/hourly-ipv4,ziyadnz|hourly,2026-08-17T18:48:05Z,2026-08-17T18:48:05Z,
20.168.120.148,ipv4,malicious-ip,medium,WHITE,ziyadnz/hourly-ipv4,ziyadnz|hourly,2026-08-17T18:48:05Z,2026-08-17T18:48:05Z,
20.168.120.149,ipv4,malicious-ip,medium,WHITE,ziyadnz/hourly-ipv4,ziyadnz|hourly,2026-08-17T18:48:05Z,2026-08-17T18:48:05Z,
20.168.120.150,ipv4,malicious-ip,medium,WHITE,ziyadnz/hourly-ipv4,ziyadnz|hourly,2026-08-17T18:48:05Z,2026-08-17T18:48:05Z,
20.168.120.151,ipv4,malicious-ip,medium,WHITE,ziyadnz/hourly-ipv4,ziyadnz|hourly,2026-08-17T18:48:05Z,2026-08-17T18:48:05Z,
20.168.120.173,ipv4,malicious-ip,medium,WHITE,ziyadnz/hourly-ipv4,ziyadnz|hourly,2026-08-17T18:48:05Z,2026-08-17T18:48:05Z,
20.168.120.208,ipv4,malicious-ip,medium,WHITE,ziyadnz/hourly-ipv4,ziyadnz|hourly,2026-08-17T18:48:05Z,2026-08-17T18:48:05Z,
20.168.120.209,ipv4,malicious-ip,medium,WHITE,ziyadnz/hourly-ipv4,ziyadnz|hourly,2026-08-17T18:48:05Z,2026-08-17T18:48:05Z,
20.168.120.210,ipv4,malicious-ip,medium,WHITE,ziyadnz/hourly-ipv4,ziyadnz|hourly,2026-08-17T18:48:05Z,2026-08-17T18:48:05Z,
20.168.120.211,ipv4,malicious-ip,medium,WHITE,ziyadnz/hourly-ipv4,ziyadnz|hourly,2026-08-17T18:48:05Z,2026-08-17T18:48:05Z,
20.168.120.227,ipv4,malicious-ip,medium,WHITE,ziyadnz/hourly-ipv4,ziyadnz|hourly,2026-08-17T18:48:05Z,2026-08-17T18:48:05Z,
20.168.120.248,ipv4,malicious-ip,medium,WHITE,ziyadnz/hourly-ipv4,ziyadnz|hourly,2026-08-17T18:48:05Z,2026-08-17T18:48:05Z,
20.168.120.249,ipv4,malicious-ip,medium,WHITE,ziyadnz/hourly-ipv4,ziyadnz|hourly,2026-08-17T18:48:05Z,2026-08-17T18:48:05Z,
20.168.120.250,ipv4,malicious-ip,medium,WHITE,ziyadnz/hourly-ipv4,ziyadnz|hourly,2026-08-17T18:48:05Z,2026-08-17T18:48:05Z,
20.168.120.251,ipv4,malicious-ip,medium,WHITE,ziyadnz/hourly-ipv4,ziyadnz|hourly,2026-08-17T18:48:05Z,2026-08-17T18:48:05Z,
20.168.120.44,ipv4,malicious-ip,medium,WHITE,ziyadnz/hourly-ipv4,ziyadnz|hourly,2026-08-17T18:48:05Z,2026-08-17T18:48:05Z,
20.168.120.8,ipv4,malicious-ip,medium,WHITE,ziyadnz/hourly-ipv4,ziyadnz|hourly,2026-08-17T18:48:05Z,2026-08-17T18:48:05Z,
20.168.121.0,ipv4,malicious-ip,medium,WHITE,ziyadnz/hourly-ipv4,ziyadnz|hourly,2026-08-17T18:48:05Z,2026-08-17T18:48:05Z,
20.168.121.1,ipv4,malicious-ip,medium,WHITE,ziyadnz/hourly-ipv4,ziyadnz|hourly,2026-08-17T18:48:05Z,2026-08-17T18:48:05Z,
20.168.121.101,ipv4,malicious-ip,medium,WHITE,ziyadnz/hourly-ipv4,ziyadnz|hourly,2026-08-17T18:48:05Z,2026-08-17T18:48:05Z,
20.168.121.119,ipv4,malicious-ip,medium,WHITE,ziyadnz/hourly-ipv4,ziyadnz|hourly,2026-08-17T18:48:05Z,2026-08-17T18:48:05Z,
20.168.121.140,ipv4,malicious-ip,medium,WHITE,ziyadnz/hourly-ipv4,ziyadnz|hourly,2026-08-17T18:48:05Z,2026-08-17T18:48:05Z,
20.168.121.141,ipv4,malicious-ip,medium,WHITE,ziyadnz/hourly-ipv4,ziyadnz|hourly,2026-08-17T18:48:05Z,2026-08-17T18:48:05Z,
20.168.121.142,ipv4,malicious-ip,medium,WHITE,ziyadnz/hourly-ipv4,ziyadnz|hourly,2026-08-17T18:48:05Z,2026-08-17T18:48:05Z,
20.168.121.143,ipv4,malicious-ip,medium,WHITE,ziyadnz/hourly-ipv4,ziyadnz|hourly,2026-08-17T18:48:05Z,2026-08-17T18:48:05Z,
20.168.121.152,ipv4,malicious-ip,medium,WHITE,ziyadnz/hourly-ipv4,ziyadnz|hourly,2026-08-17T18:48:05Z,2026-08-17T18:48:05Z,
20.168.121.167,ipv4,malicious-ip,medium,WHITE,ziyadnz/hourly-ipv4,ziyadnz|hourly,2026-08-17T18:48:05Z,2026-08-17T18:48:05Z,
20.168.121.187,ipv4,malicious-ip,medium,WHITE,ziyadnz/hourly-ipv4,ziyadnz|hourly,2026-08-17T18:48:05Z,2026-08-17T18:48:05Z,
20.168.121.236,ipv4,malicious-ip,medium,WHITE,ziyadnz/hourly-ipv4,ziyadnz|hourly,2026-08-17T18:48:05Z,2026-08-17T18:48:05Z,
20.168.121.237,ipv4,malicious-ip,medium,WHITE,ziyadnz/hourly-ipv4,ziyadnz|hourly,2026-08-17T18:48:05Z,2026-08-17T18:48:05Z,
20.168.121.238,ipv4,malicious-ip,medium,WHITE,ziyadnz/hourly-ipv4,ziyadnz|hourly,2026-08-17T18:48:05Z,2026-08-17T18:48:05Z,
20.168.121.239,ipv4,malicious-ip,medium,WHITE,ziyadnz/hourly-ipv4,ziyadnz|hourly,2026-08-17T18:48:05Z,2026-08-17T18:48:05Z,
20.168.121.252,ipv4,malicious-ip,medium,WHITE,ziyadnz/hourly-ipv4,ziyadnz|hourly,2026-08-17T18:48:05Z,2026-08-17T18:48:05Z,
20.168.121.44,ipv4,malicious-ip,medium,WHITE,ziyadnz/hourly-ipv4,ziyadnz|hourly,2026-08-17T18:48:05Z,2026-08-17T18:48:05Z,
20.168.121.45,ipv4,malicious-ip,medium,WHITE,ziyadnz/hourly-ipv4,ziyadnz|hourly,2026-08-17T18:48:05Z,2026-08-17T18:48:05Z,
20.168.121.46,ipv4,malicious-ip,medium,WHITE,ziyadnz/hourly-ipv4,ziyadnz|hourly,2026-08-17T18:48:05Z,2026-08-17T18:48:05Z,
20.168.121.88,ipv4,malicious-ip,medium,WHITE,ziyadnz/hourly-ipv4,ziyadnz|hourly,2026-08-17T18:48:05Z,2026-08-17T18:48:05Z,
20.168.121.92,ipv4,malicious-ip,medium,WHITE,ziyadnz/hourly-ipv4,ziyadnz|hourly,2026-08-17T18:48:05Z,2026-08-17T18:48:05Z,
20.168.121.93,ipv4,malicious-ip,medium,WHITE,ziyadnz/hourly-ipv4,ziyadnz|hourly,2026-08-17T18:48:05Z,2026-08-17T18:48:05Z,
20.168.121.94,ipv4,malicious-ip,medium,WHITE,ziyadnz/hourly-ipv4,ziyadnz|hourly,2026-08-17T18:48:05Z,2026-08-17T18:48:05Z,
20.168.121.95,ipv4,malicious-ip,medium,WHITE,ziyadnz/hourly-ipv4,ziyadnz|hourly,2026-08-17T18:48:05Z,2026-08-17T18:48:05Z,
20.168.122.0,ipv4,malicious-ip,medium,WHITE,ziyadnz/hourly-ipv4,ziyadnz|hourly,2026-08-17T18:48:05Z,2026-08-17T18:48:05Z,
20.168.122.16,ipv4,malicious-ip,medium,WHITE,ziyadnz/hourly-ipv4,ziyadnz|hourly,2026-08-17T18:48:05Z,2026-08-17T18:48:05Z,
20.168.122.17,ipv4,malicious-ip,medium,WHITE,ziyadnz/hourly-ipv4,ziyadnz|hourly,2026-08-17T18:48:05Z,2026-08-17T18:48:05Z,
20.168.122.18,ipv4,malicious-ip,medium,WHITE,ziyadnz/hourly-ipv4,ziyadnz|hourly,2026-08-17T18:48:05Z,2026-08-17T18:48:05Z,
20.168.122.19,ipv4,malicious-ip,medium,WHITE,ziyadnz/hourly-ipv4,ziyadnz|hourly,2026-08-17T18:48:05Z,2026-08-17T18:48:05Z,
20.168.122.192,ipv4,malicious-ip,medium,WHITE,ziyadnz/hourly-ipv4,ziyadnz|hourly,2026-08-17T18:48:05Z,2026-08-17T18:48:05Z,
20.168.122.3,ipv4,malicious-ip,medium,WHITE,ziyadnz/hourly-ipv4,ziyadnz|hourly,2026-08-17T18:48:05Z,2026-08-17T18:48:05Z,
20.168.122.30,ipv4,malicious-ip,medium,WHITE,ziyadnz/hourly-ipv4,ziyadnz|hourly,2026-08-17T18:48:05Z,2026-08-17T18:48:05Z,
20.168.122.36,ipv4,malicious-ip,medium,WHITE,ziyadnz/hourly-ipv4,ziyadnz|hourly,2026-08-17T18:48:05Z,2026-08-17T18:48:05Z,
20.168.122.37,ipv4,malicious-ip,medium,WHITE,ziyadnz/hourly-ipv4,ziyadnz|hourly,2026-08-17T18:48:05Z,2026-08-17T18:48:05Z,
20.168.122.38,ipv4,malicious-ip,medium,WHITE,ziyadnz/hourly-ipv4,ziyadnz|hourly,2026-08-17T18:48:05Z,2026-08-17T18:48:05Z,
20.168.122.39,ipv4,malicious-ip,medium,WHITE,ziyadnz/hourly-ipv4,ziyadnz|hourly,2026-08-17T18:48:05Z,2026-08-17T18:48:05Z,
20.168.122.52,ipv4,malicious-ip,medium,WHITE,ziyadnz/hourly-ipv4,ziyadnz|hourly,2026-08-17T18:48:05Z,2026-08-17T18:48:05Z,
20.168.122.53,ipv4,malicious-ip,medium,WHITE,ziyadnz/hourly-ipv4,ziyadnz|hourly,2026-08-17T18:48:05Z,2026-08-17T18:48:05Z,
20.168.122.6,ipv4,malicious-ip,medium,WHITE,ziyadnz/hourly-ipv4,ziyadnz|hourly,2026-08-17T18:48:05Z,2026-08-17T18:48:05Z,
20.168.122.60,ipv4,malicious-ip,medium,WHITE,ziyadnz/hourly-ipv4,ziyadnz|hourly,2026-08-17T18:48:05Z,2026-08-17T18:48:05Z,
20.168.122.61,ipv4,malicious-ip,medium,WHITE,ziyadnz/hourly-ipv4,ziyadnz|hourly,2026-08-17T18:48:05Z,2026-08-17T18:48:05Z,
20.168.122.62,ipv4,malicious-ip,medium,WHITE,ziyadnz/hourly-ipv4,ziyadnz|hourly,2026-08-17T18:48:05Z,2026-08-17T18:48:05Z,
20.168.122.81,ipv4,malicious-ip,medium,WHITE,ziyadnz/hourly-ipv4,ziyadnz|hourly,2026-08-17T18:48:05Z,2026-08-17T18:48:05Z,
20.168.122.83,ipv4,malicious-ip,medium,WHITE,ziyadnz/hourly-ipv4,ziyadnz|hourly,2026-08-17T18:48:05Z,2026-08-17T18:48:05Z,
20.168.122.88,ipv4,malicious-ip,medium,WHITE,ziyadnz/hourly-ipv4,ziyadnz|hourly,2026-08-17T18:48:05Z,2026-08-17T18:48:05Z,
20.168.123.0,ipv4,malicious-ip,medium,WHITE,ziyadnz/hourly-ipv4,ziyadnz|hourly,2026-08-17T18:48:05Z,2026-08-17T18:48:05Z,
20.168.123.1,ipv4,malicious-ip,medium,WHITE,ziyadnz/hourly-ipv4,ziyadnz|hourly,2026-08-17T18:48:05Z,2026-08-17T18:48:05Z,
20.168.123.121,ipv4,malicious-ip,medium,WHITE,ziyadnz/hourly-ipv4,ziyadnz|hourly,2026-08-17T18:48:05Z,2026-08-17T18:48:05Z,
20.168.123.224,ipv4,malicious-ip,medium,WHITE,ziyadnz/hourly-ipv4,ziyadnz|hourly,2026-08-17T18:48:05Z,2026-08-17T18:48:05Z,
20.168.123.228,ipv4,malicious-ip,medium,WHITE,ziyadnz/hourly-ipv4,ziyadnz|hourly,2026-08-17T18:48:05Z,2026-08-17T18:48:05Z,
20.168.123.252,ipv4,malicious-ip,medium,WHITE,ziyadnz/hourly-ipv4,ziyadnz|hourly,2026-08-17T18:48:05Z,2026-08-17T18:48:05Z,
20.168.124.0,ipv4,malicious-ip,medium,WHITE,ziyadnz/hourly-ipv4,ziyadnz|hourly,2026-08-17T18:48:05Z,2026-08-17T18:48:05Z,
20.168.124.105,ipv4,malicious-ip,medium,WHITE,ziyadnz/hourly-ipv4,ziyadnz|hourly,2026-08-17T18:48:05Z,2026-08-17T18:48:05Z,
20.168.124.121,ipv4,malicious-ip,medium,WHITE,ziyadnz/hourly-ipv4,ziyadnz|hourly,2026-08-17T18:48:05Z,2026-08-17T18:48:05Z,
20.168.124.128,ipv4,malicious-ip,medium,WHITE,ziyadnz/hourly-ipv4,ziyadnz|hourly,2026-08-17T18:48:05Z,2026-08-17T18:48:05Z,
20.168.124.152,ipv4,malicious-ip,medium,WHITE,ziyadnz/hourly-ipv4,ziyadnz|hourly,2026-08-17T18:48:05Z,2026-08-17T18:48:05Z,
20.168.124.5,ipv4,malicious-ip,medium,WHITE,ziyadnz/hourly-ipv4,ziyadnz|hourly,2026-08-17T18:48:05Z,2026-08-17T18:48:05Z,
20.168.125.66,ipv4,malicious-ip,medium,WHITE,ziyadnz/hourly-ipv4,ziyadnz|hourly,2026-08-17T18:48:05Z,2026-08-17T18:48:05Z,
20.168.125.82,ipv4,malicious-ip,medium,WHITE,ziyadnz/hourly-ipv4,ziyadnz|hourly,2026-08-17T18:48:05Z,2026-08-17T18:48:05Z,
20.168.125.90,ipv4,malicious-ip,medium,WHITE,ziyadnz/hourly-ipv4,ziyadnz|hourly,2026-08-17T18:48:05Z,2026-08-17T18:48:05Z,
20.168.125.91,ipv4,malicious-ip,medium,WHITE,ziyadnz/hourly-ipv4,ziyadnz|hourly,2026-08-17T18:48:05Z,2026-08-17T18:48:05Z,
20.168.127.0,ipv4,malicious-ip,medium,WHITE,ziyadnz/hourly-ipv4,ziyadnz|hourly,2026-08-17T18:48:05Z,2026-08-17T18:48:05Z,
20.168.127.104,ipv4,malicious-ip,medium,WHITE,ziyadnz/hourly-ipv4,ziyadnz|hourly,2026-08-17T18:48:05Z,2026-08-17T18:48:05Z,
20.168.127.116,ipv4,malicious-ip,medium,WHITE,ziyadnz/hourly-ipv4,ziyadnz|hourly,2026-08-17T18:48:05Z,2026-08-17T18:48:05Z,
20.168.127.122,ipv4,malicious-ip,medium,WHITE,ziyadnz/hourly-ipv4,ziyadnz|hourly,2026-08-17T18:48:05Z,2026-08-17T18:48:05Z,
20.168.127.123,ipv4,malicious-ip,medium,WHITE,ziyadnz/hourly-ipv4,ziyadnz|hourly,2026-08-17T18:48:05Z,2026-08-17T18:48:05Z,
20.168.127.148,ipv4,malicious-ip,medium,WHITE,ziyadnz/hourly-ipv4,ziyadnz|hourly,2026-08-17T18:48:05Z,2026-08-17T18:48:05Z,
20.168.127.149,ipv4,malicious-ip,medium,WHITE,ziyadnz/hourly-ipv4,ziyadnz|hourly,2026-08-17T18:48:05Z,2026-08-17T18:48:05Z,
20.168.127.154,ipv4,malicious-ip,medium,WHITE,ziyadnz/hourly-ipv4,ziyadnz|hourly,2026-08-17T18:48:05Z,2026-08-17T18:48:05Z,
20.168.127.155,ipv4,malicious-ip,medium,WHITE,ziyadnz/hourly-ipv4,ziyadnz|hourly,2026-08-17T18:48:05Z,2026-08-17T18:48:05Z,
20.168.127.99,ipv4,malicious-ip,medium,WHITE,ziyadnz/hourly-ipv4,ziyadnz|hourly,2026-08-17T18:48:05Z,2026-08-17T18:48:05Z,
20.168.159.160,ipv4,malicious-ip,medium,WHITE,ziyadnz/hourly-ipv4,ziyadnz|hourly,2026-08-17T18:48:05Z,2026-08-17T18:48:05Z,
20.168.159.162,ipv4,malicious-ip,medium,WHITE,ziyadnz/hourly-ipv4,ziyadnz|hourly,2026-08-17T18:48:05Z,2026-08-17T18:48:05Z,
20.168.93.155,ipv4,malicious-ip,medium,WHITE,ziyadnz/hourly-ipv4,ziyadnz|hourly,2026-08-17T18:48:05Z,2026-08-17T18:48:05Z,
20.169.104.0,ipv4,malicious-ip,medium,WHITE,ziyadnz/hourly-ipv4,ziyadnz|hourly,2026-08-17T18:48:05Z,2026-08-17T18:48:05Z,
20.169.104.111,ipv4,malicious-ip,medium,WHITE,ziyadnz/hourly-ipv4,ziyadnz|hourly,2026-08-17T18:48:05Z,2026-08-17T18:48:05Z,
20.169.104.121,ipv4,malicious-ip,medium,WHITE,ziyadnz/hourly-ipv4,ziyadnz|hourly,2026-08-17T18:48:05Z,2026-08-17T18:48:05Z,
20.169.104.204,ipv4,malicious-ip,medium,WHITE,ziyadnz/hourly-ipv4,ziyadnz|hourly,2026-08-17T18:48:05Z,2026-08-17T18:48:05Z,
20.169.104.211,ipv4,malicious-ip,medium,WHITE,ziyadnz/hourly-ipv4,ziyadnz|hourly,2026-08-17T18:48:05Z,2026-08-17T18:48:05Z,
20.169.104.239,ipv4,malicious-ip,medium,WHITE,ziyadnz/hourly-ipv4,ziyadnz|hourly,2026-08-17T18:48:05Z,2026-08-17T18:48:05Z,
20.169.104.246,ipv4,malicious-ip,medium,WHITE,ziyadnz/hourly-ipv4,ziyadnz|hourly,2026-08-17T18:48:05Z,2026-08-17T18:48:05Z,
20.169.104.27,ipv4,malicious-ip,medium,WHITE,ziyadnz/hourly-ipv4,ziyadnz|hourly,2026-08-17T18:48:05Z,2026-08-17T18:48:05Z,
20.169.105.0,ipv4,malicious-ip,medium,WHITE,ziyadnz/hourly-ipv4,ziyadnz|hourly,2026-08-17T18:48:05Z,2026-08-17T18:48:05Z,
20.169.105.164,ipv4,malicious-ip,medium,WHITE,ziyadnz/hourly-ipv4,ziyadnz|hourly,2026-08-17T18:48:05Z,2026-08-17T18:48:05Z,
20.169.105.181,ipv4,malicious-ip,medium,WHITE,ziyadnz/hourly-ipv4,ziyadnz|hourly,2026-08-17T18:48:05Z,2026-08-17T18:48:05Z,
20.169.105.213,ipv4,malicious-ip,medium,WHITE,ziyadnz/hourly-ipv4,ziyadnz|hourly,2026-08-17T18:48:05Z,2026-08-17T18:48:05Z,
20.169.105.34,ipv4,malicious-ip,medium,WHITE,ziyadnz/hourly-ipv4,ziyadnz|hourly,2026-08-17T18:48:05Z,2026-08-17T18:48:05Z,
20.169.105.41,ipv4,malicious-ip,medium,WHITE,ziyadnz/hourly-ipv4,ziyadnz|hourly,2026-08-17T18:48:05Z,2026-08-17T18:48:05Z,
20.169.105.44,ipv4,malicious-ip,medium,WHITE,ziyadnz/hourly-ipv4,ziyadnz|hourly,2026-08-17T18:48:05Z,2026-08-17T18:48:05Z,
20.169.105.48,ipv4,malicious-ip,medium,WHITE,ziyadnz/hourly-ipv4,ziyadnz|hourly,2026-08-17T18:48:05Z,2026-08-17T18:48:05Z,
20.169.105.51,ipv4,malicious-ip,medium,WHITE,ziyadnz/hourly-ipv4,ziyadnz|hourly,2026-08-17T18:48:05Z,2026-08-17T18:48:05Z,
20.169.105.57,ipv4,malicious-ip,medium,WHITE,ziyadnz/hourly-ipv4,ziyadnz|hourly,2026-08-17T18:48:05Z,2026-08-17T18:48:05Z,
20.169.105.81,ipv4,malicious-ip,medium,WHITE,ziyadnz/hourly-ipv4,ziyadnz|hourly,2026-08-17T18:48:05Z,2026-08-17T18:48:05Z,
20.169.105.90,ipv4,malicious-ip,medium,WHITE,ziyadnz/hourly-ipv4,ziyadnz|hourly,2026-08-17T18:48:05Z,2026-08-17T18:48:05Z,
20.169.106.0,ipv4,malicious-ip,medium,WHITE,ziyadnz/hourly-ipv4,ziyadnz|hourly,2026-08-17T18:48:05Z,2026-08-17T18:48:05Z,
20.169.106.10,ipv4,malicious-ip,medium,WHITE,ziyadnz/hourly-ipv4,ziyadnz|hourly,2026-08-17T18:48:05Z,2026-08-17T18:48:05Z,
20.169.106.132,ipv4,malicious-ip,medium,WHITE,ziyadnz/hourly-ipv4,ziyadnz|hourly,2026-08-17T18:48:05Z,2026-08-17T18:48:05Z,
20.169.106.149,ipv4,malicious-ip,medium,WHITE,ziyadnz/hourly-ipv4,ziyadnz|hourly,2026-08-17T18:48:05Z,2026-08-17T18:48:05Z,
20.169.106.171,ipv4,malicious-ip,medium,WHITE,ziyadnz/hourly-ipv4,ziyadnz|hourly,2026-08-17T18:48:05Z,2026-08-17T18:48:05Z,
20.169.106.193,ipv4,malicious-ip,medium,WHITE,ziyadnz/hourly-ipv4,ziyadnz|hourly,2026-08-17T18:48:05Z,2026-08-17T18:48:05Z,
20.169.106.223,ipv4,malicious-ip,medium,WHITE,ziyadnz/hourly-ipv4,ziyadnz|hourly,2026-08-17T18:48:05Z,2026-08-17T18:48:05Z,
20.169.106.26,ipv4,malicious-ip,medium,WHITE,ziyadnz/hourly-ipv4,ziyadnz|hourly,2026-08-17T18:48:05Z,2026-08-17T18:48:05Z,
20.169.106.62,ipv4,malicious-ip,medium,WHITE,ziyadnz/hourly-ipv4,ziyadnz|hourly,2026-08-17T18:48:05Z,2026-08-17T18:48:05Z,
20.169.106.77,ipv4,malicious-ip,medium,WHITE,ziyadnz/hourly-ipv4,ziyadnz|hourly,2026-08-17T18:48:05Z,2026-08-17T18:48:05Z,
20.169.106.78,ipv4,malicious-ip,medium,WHITE,ziyadnz/hourly-ipv4,ziyadnz|hourly,2026-08-17T18:48:05Z,2026-08-17T18:48:05Z,
20.169.106.8,ipv4,malicious-ip,medium,WHITE,ziyadnz/hourly-ipv4,ziyadnz|hourly,2026-08-17T18:48:05Z,2026-08-17T18:48:05Z,
20.169.106.95,ipv4,malicious-ip,medium,WHITE,ziyadnz/hourly-ipv4,ziyadnz|hourly,2026-08-17T18:48:05Z,2026-08-17T18:48:05Z,
20.169.107.0,ipv4,malicious-ip,medium,WHITE,ziyadnz/hourly-ipv4,ziyadnz|hourly,2026-08-17T18:48:05Z,2026-08-17T18:48:05Z,
20.169.107.10,ipv4,malicious-ip,medium,WHITE,ziyadnz/hourly-ipv4,ziyadnz|hourly,2026-08-17T18:48:05Z,2026-08-17T18:48:05Z,
20.169.107.109,ipv4,malicious-ip,medium,WHITE,ziyadnz/hourly-ipv4,ziyadnz|hourly,2026-08-17T18:48:05Z,2026-08-17T18:48:05Z,
20.169.107.122,ipv4,malicious-ip,medium,WHITE,ziyadnz/hourly-ipv4,ziyadnz|hourly,2026-08-17T18:48:05Z,2026-08-17T18:48:05Z,
20.169.107.142,ipv4,malicious-ip,medium,WHITE,ziyadnz/hourly-ipv4,ziyadnz|hourly,2026-08-17T18:48:05Z,2026-08-17T18:48:05Z,
20.169.107.169,ipv4,malicious-ip,medium,WHITE,ziyadnz/hourly-ipv4,ziyadnz|hourly,2026-08-17T18:48:05Z,2026-08-17T18:48:05Z,
20.169.107.188,ipv4,malicious-ip,medium,WHITE,ziyadnz/hourly-ipv4,ziyadnz|hourly,2026-08-17T18:48:05Z,2026-08-17T18:48:05Z,
20.169.107.208,ipv4,malicious-ip,medium,WHITE,ziyadnz/hourly-ipv4,ziyadnz|hourly,2026-08-17T18:48:05Z,2026-08-17T18:48:05Z,
20.169.107.214,ipv4,malicious-ip,medium,WHITE,ziyadnz/hourly-ipv4,ziyadnz|hourly,2026-08-17T18:48:05Z,2026-08-17T18:48:05Z,
20.169.107.229,ipv4,malicious-ip,medium,WHITE,ziyadnz/hourly-ipv4,ziyadnz|hourly,2026-08-17T18:48:05Z,2026-08-17T18:48:05Z,
20.169.107.249,ipv4,malicious-ip,medium,WHITE,ziyadnz/hourly-ipv4,ziyadnz|hourly,2026-08-17T18:48:05Z,2026-08-17T18:48:05Z,
20.169.107.26,ipv4,malicious-ip,medium,WHITE,ziyadnz/hourly-ipv4,ziyadnz|hourly,2026-08-17T18:48:05Z,2026-08-17T18:48:05Z,
20.169.107.4,ipv4,malicious-ip,medium,WHITE,ziyadnz/hourly-ipv4,ziyadnz|hourly,2026-08-17T18:48:05Z,2026-08-17T18:48:05Z,
20.169.107.47,ipv4,malicious-ip,medium,WHITE,ziyadnz/hourly-ipv4,ziyadnz|hourly,2026-08-17T18:48:05Z,2026-08-17T18:48:05Z,
20.169.107.67,ipv4,malicious-ip,medium,WHITE,ziyadnz/hourly-ipv4,ziyadnz|hourly,2026-08-17T18:48:05Z,2026-08-17T18:48:05Z,
20.169.107.71,ipv4,malicious-ip,medium,WHITE,ziyadnz/hourly-ipv4,ziyadnz|hourly,2026-08-17T18:48:05Z,2026-08-17T18:48:05Z,
20.169.107.90,ipv4,malicious-ip,medium,WHITE,ziyadnz/hourly-ipv4,ziyadnz|hourly,2026-08-17T18:48:05Z,2026-08-17T18:48:05Z,
20.169.37.196,ipv4,malicious-ip,medium,WHITE,ziyadnz/hourly-ipv4,ziyadnz|hourly,2026-08-17T18:48:05Z,2026-08-17T18:48:05Z,
20.169.48.140,ipv4,malicious-ip,medium,WHITE,ziyadnz/hourly-ipv4,ziyadnz|hourly,2026-08-17T18:48:05Z,2026-08-17T18:48:05Z,
20.169.48.182,ipv4,malicious-ip,medium,WHITE,ziyadnz/hourly-ipv4,ziyadnz|hourly,2026-08-17T18:48:05Z,2026-08-17T18:48:05Z,
20.169.48.59,ipv4,malicious-ip,medium,WHITE,ziyadnz/hourly-ipv4,ziyadnz|hourly,2026-08-17T18:48:05Z,2026-08-17T18:48:05Z,
20.169.49.0,ipv4,malicious-ip,medium,WHITE,ziyadnz/hourly-ipv4,ziyadnz|hourly,2026-08-17T18:48:05Z,2026-08-17T18:48:05Z,
20.169.49.11,ipv4,malicious-ip,medium,WHITE,ziyadnz/hourly-ipv4,ziyadnz|hourly,2026-08-17T18:48:05Z,2026-08-17T18:48:05Z,
20.169.49.156,ipv4,malicious-ip,medium,WHITE,ziyadnz/hourly-ipv4,ziyadnz|hourly,2026-08-17T18:48:05Z,2026-08-17T18:48:05Z,
20.169.49.16,ipv4,malicious-ip,medium,WHITE,ziyadnz/hourly-ipv4,ziyadnz|hourly,2026-08-17T18:48:05Z,2026-08-17T18:48:05Z,
20.169.49.23,ipv4,malicious-ip,medium,WHITE,ziyadnz/hourly-ipv4,ziyadnz|hourly,2026-08-17T18:48:05Z,2026-08-17T18:48:05Z,
20.169.49.231,ipv4,malicious-ip,medium,WHITE,ziyadnz/hourly-ipv4,ziyadnz|hourly,2026-08-17T18:48:05Z,2026-08-17T18:48:05Z,
20.169.49.249,ipv4,malicious-ip,medium,WHITE,ziyadnz/hourly-ipv4,ziyadnz|hourly,2026-08-17T18:48:05Z,2026-08-17T18:48:05Z,
20.169.49.41,ipv4,malicious-ip,medium,WHITE,ziyadnz/hourly-ipv4,ziyadnz|hourly,2026-08-17T18:48:05Z,2026-08-17T18:48:05Z,
20.169.49.44,ipv4,malicious-ip,medium,WHITE,ziyadnz/hourly-ipv4,ziyadnz|hourly,2026-08-17T18:48:05Z,2026-08-17T18:48:05Z,
20.169.49.63,ipv4,malicious-ip,medium,WHITE,ziyadnz/hourly-ipv4,ziyadnz|hourly,2026-08-17T18:48:05Z,2026-08-17T18:48:05Z,
20.169.49.86,ipv4,malicious-ip,medium,WHITE,ziyadnz/hourly-ipv4,ziyadnz|hourly,2026-08-17T18:48:05Z,2026-08-17T18:48:05Z,
20.169.50.188,ipv4,malicious-ip,medium,WHITE,ziyadnz/hourly-ipv4,ziyadnz|hourly,2026-08-17T18:48:05Z,2026-08-17T18:48:05Z,
20.169.50.74,ipv4,malicious-ip,medium,WHITE,ziyadnz/hourly-ipv4,ziyadnz|hourly,2026-08-17T18:48:05Z,2026-08-17T18:48:05Z,
20.169.51.3,ipv4,malicious-ip,medium,WHITE,ziyadnz/hourly-ipv4,ziyadnz|hourly,2026-08-17T18:48:05Z,2026-08-17T18:48:05Z,
20.169.53.154,ipv4,malicious-ip,medium,WHITE,ziyadnz/hourly-ipv4,ziyadnz|hourly,2026-08-17T18:48:05Z,2026-08-17T18:48:05Z,
20.169.53.8,ipv4,malicious-ip,medium,WHITE,ziyadnz/hourly-ipv4,ziyadnz|hourly,2026-08-17T18:48:05Z,2026-08-17T18:48:05Z,
20.169.80.121,ipv4,malicious-ip,medium,WHITE,ziyadnz/hourly-ipv4,ziyadnz|hourly,2026-08-17T18:48:05Z,2026-08-17T18:48:05Z,
20.169.81.111,ipv4,malicious-ip,medium,WHITE,ziyadnz/hourly-ipv4,ziyadnz|hourly,2026-08-17T18:48:05Z,2026-08-17T18:48:05Z,
20.169.81.226,ipv4,malicious-ip,medium,WHITE,ziyadnz/hourly-ipv4,ziyadnz|hourly,2026-08-17T18:48:05Z,2026-08-17T18:48:05Z,
20.169.81.90,ipv4,malicious-ip,medium,WHITE,ziyadnz/hourly-ipv4,ziyadnz|hourly,2026-08-17T18:48:05Z,2026-08-17T18:48:05Z,
20.169.83.101,ipv4,malicious-ip,medium,WHITE,ziyadnz/hourly-ipv4,ziyadnz|hourly,2026-08-17T18:48:05Z,2026-08-17T18:48:05Z,
20.169.83.190,ipv4,malicious-ip,medium,WHITE,ziyadnz/hourly-ipv4,ziyadnz|hourly,2026-08-17T18:48:05Z,2026-08-17T18:48:05Z,
20.169.83.197,ipv4,malicious-ip,medium,WHITE,ziyadnz/hourly-ipv4,ziyadnz|hourly,2026-08-17T18:48:05Z,2026-08-17T18:48:05Z,
20.169.83.214,ipv4,malicious-ip,medium,WHITE,ziyadnz/hourly-ipv4,ziyadnz|hourly,2026-08-17T18:48:05Z,2026-08-17T18:48:05Z,
20.169.85.177,ipv4,malicious-ip,medium,WHITE,ziyadnz/hourly-ipv4,ziyadnz|hourly,2026-08-17T18:48:05Z,2026-08-17T18:48:05Z,
20.169.85.72,ipv4,malicious-ip,medium,WHITE,ziyadnz/hourly-ipv4,ziyadnz|hourly,2026-08-17T18:48:05Z,2026-08-17T18:48:05Z,
20.169.91.55,ipv4,malicious-ip,medium,WHITE,ziyadnz/hourly-ipv4,ziyadnz|hourly,2026-08-17T18:48:05Z,2026-08-17T18:48:05Z,
20.169.91.83,ipv4,malicious-ip,medium,WHITE,ziyadnz/hourly-ipv4,ziyadnz|hourly,2026-08-17T18:48:05Z,2026-08-17T18:48:05Z,
20.169.94.64,ipv4,malicious-ip,medium,WHITE,ziyadnz/hourly-ipv4,ziyadnz|hourly,2026-08-17T18:48:05Z,2026-08-17T18:48:05Z,
20.17.161.74,ipv4,malicious-ip,medium,WHITE,ziyadnz/hourly-ipv4,ziyadnz|hourly,2026-08-17T18:48:05Z,2026-08-17T18:48:05Z,
20.170.17.213,ipv4,malicious-ip,medium,WHITE,ziyadnz/hourly-ipv4,ziyadnz|hourly,2026-08-17T18:48:05Z,2026-08-17T18:48:05Z,
20.171.125.128,ipv4,malicious-ip,medium,WHITE,ziyadnz/hourly-ipv4,ziyadnz|hourly,2026-08-17T18:48:05Z,2026-08-17T18:48:05Z,
20.172.70.65,ipv4,malicious-ip,medium,WHITE,ziyadnz/hourly-ipv4,ziyadnz|hourly,2026-08-17T18:48:05Z,2026-08-17T18:48:05Z,
20.173.116.24,ipv4,malicious-ip,medium,WHITE,ziyadnz/hourly-ipv4,ziyadnz|hourly,2026-08-17T18:48:05Z,2026-08-17T18:48:05Z,
20.174.160.71,ipv4,malicious-ip,medium,WHITE,ziyadnz/hourly-ipv4,ziyadnz|hourly,2026-08-17T18:48:05Z,2026-08-17T18:48:05Z,
20.185.9.149,ipv4,malicious-ip,medium,WHITE,ziyadnz/hourly-ipv4,ziyadnz|hourly,2026-08-17T18:48:05Z,2026-08-17T18:48:05Z,
20.187.153.135,ipv4,malicious-ip,medium,WHITE,ziyadnz/hourly-ipv4,ziyadnz|hourly,2026-08-17T18:48:05Z,2026-08-17T18:48:05Z,
20.187.184.86,ipv4,malicious-ip,medium,WHITE,ziyadnz/hourly-ipv4,ziyadnz|hourly,2026-08-17T18:48:05Z,2026-08-17T18:48:05Z,
20.187.65.213,ipv4,malicious-ip,medium,WHITE,ziyadnz/hourly-ipv4,ziyadnz|hourly,2026-08-17T18:48:05Z,2026-08-17T18:48:05Z,
20.189.118.180,ipv4,malicious-ip,medium,WHITE,ziyadnz/hourly-ipv4,ziyadnz|hourly,2026-08-17T18:48:05Z,2026-08-17T18:48:05Z,
20.189.119.89,ipv4,malicious-ip,medium,WHITE,ziyadnz/hourly-ipv4,ziyadnz|hourly,2026-08-17T18:48:05Z,2026-08-17T18:48:05Z,
20.189.120.198,ipv4,malicious-ip,medium,WHITE,ziyadnz/hourly-ipv4,ziyadnz|hourly,2026-08-17T18:48:05Z,2026-08-17T18:48:05Z,
20.189.201.100,ipv4,malicious-ip,medium,WHITE,ziyadnz/hourly-ipv4,ziyadnz|hourly,2026-08-17T18:48:05Z,2026-08-17T18:48:05Z,
20.191.189.143,ipv4,malicious-ip,medium,WHITE,ziyadnz/hourly-ipv4,ziyadnz|hourly,2026-08-17T18:48:05Z,2026-08-17T18:48:05Z,
20.192.26.228,ipv4,malicious-ip,medium,WHITE,ziyadnz/hourly-ipv4,ziyadnz|hourly,2026-08-17T18:48:05Z,2026-08-17T18:48:05Z,
20.192.31.50,ipv4,malicious-ip,medium,WHITE,ziyadnz/hourly-ipv4,ziyadnz|hourly,2026-08-17T18:48:05Z,2026-08-17T18:48:05Z,
20.192.5.254,ipv4,malicious-ip,medium,WHITE,ziyadnz/hourly-ipv4,ziyadnz|hourly,2026-08-17T18:48:05Z,2026-08-17T18:48:05Z,
20.193.140.218,ipv4,malicious-ip,medium,WHITE,ziyadnz/hourly-ipv4,ziyadnz|hourly,2026-08-17T18:48:05Z,2026-08-17T18:48:05Z,
20.193.141.133,ipv4,malicious-ip,medium,WHITE,ziyadnz/hourly-ipv4,ziyadnz|hourly,2026-08-17T18:48:05Z,2026-08-17T18:48:05Z,
20.193.153.215,ipv4,malicious-ip,medium,WHITE,ziyadnz/hourly-ipv4,ziyadnz|hourly,2026-08-17T18:48:05Z,2026-08-17T18:48:05Z,
20.193.226.228,ipv4,malicious-ip,medium,WHITE,ziyadnz/hourly-ipv4,ziyadnz|hourly,2026-08-17T18:48:05Z,2026-08-17T18:48:05Z,
20.193.250.100,ipv4,malicious-ip,medium,WHITE,ziyadnz/hourly-ipv4,ziyadnz|hourly,2026-08-17T18:48:05Z,2026-08-17T18:48:05Z,
20.194.172.7,ipv4,malicious-ip,medium,WHITE,ziyadnz/hourly-ipv4,ziyadnz|hourly,2026-08-17T18:48:05Z,2026-08-17T18:48:05Z,
20.194.223.174,ipv4,malicious-ip,medium,WHITE,ziyadnz/hourly-ipv4,ziyadnz|hourly,2026-08-17T18:48:05Z,2026-08-17T18:48:05Z,
20.194.31.226,ipv4,malicious-ip,medium,WHITE,ziyadnz/hourly-ipv4,ziyadnz|hourly,2026-08-17T18:48:05Z,2026-08-17T18:48:05Z,
20.194.40.105,ipv4,malicious-ip,medium,WHITE,ziyadnz/hourly-ipv4,ziyadnz|hourly,2026-08-17T18:48:05Z,2026-08-17T18:48:05Z,
20.194.59.63,ipv4,malicious-ip,medium,WHITE,ziyadnz/hourly-ipv4,ziyadnz|hourly,2026-08-17T18:48:05Z,2026-08-17T18:48:05Z,
20.195.192.68,ipv4,malicious-ip,medium,WHITE,ziyadnz/hourly-ipv4,ziyadnz|hourly,2026-08-17T18:48:05Z,2026-08-17T18:48:05Z,
20.196.211.89,ipv4,malicious-ip,medium,WHITE,ziyadnz/hourly-ipv4,ziyadnz|hourly,2026-08-17T18:48:05Z,2026-08-17T18:48:05Z,
20.197.12.174,ipv4,malicious-ip,medium,WHITE,ziyadnz/hourly-ipv4,ziyadnz|hourly,2026-08-17T18:48:05Z,2026-08-17T18:48:05Z,
20.197.178.217,ipv4,malicious-ip,medium,WHITE,ziyadnz/hourly-ipv4,ziyadnz|hourly,2026-08-17T18:48:05Z,2026-08-17T18:48:05Z,
20.197.226.217,ipv4,malicious-ip,medium,WHITE,ziyadnz/hourly-ipv4,ziyadnz|hourly,2026-08-17T18:48:05Z,2026-08-17T18:48:05Z,
20.197.234.95,ipv4,malicious-ip,medium,WHITE,ziyadnz/hourly-ipv4,ziyadnz|hourly,2026-08-17T18:48:05Z,2026-08-17T18:48:05Z,
20.197.45.165,ipv4,malicious-ip,medium,WHITE,ziyadnz/hourly-ipv4,ziyadnz|hourly,2026-08-17T18:48:05Z,2026-08-17T18:48:05Z,
20.198.117.188,ipv4,malicious-ip,medium,WHITE,ziyadnz/hourly-ipv4,ziyadnz|hourly,2026-08-17T18:48:05Z,2026-08-17T18:48:05Z,
20.198.118.186,ipv4,malicious-ip,medium,WHITE,ziyadnz/hourly-ipv4,ziyadnz|hourly,2026-08-17T18:48:05Z,2026-08-17T18:48:05Z,
20.198.121.121,ipv4,malicious-ip,medium,WHITE,ziyadnz/hourly-ipv4,ziyadnz|hourly,2026-08-17T18:48:05Z,2026-08-17T18:48:05Z,
20.199.122.172,ipv4,malicious-ip,medium,WHITE,ziyadnz/hourly-ipv4,ziyadnz|hourly,2026-08-17T18:48:05Z,2026-08-17T18:48:05Z,
20.199.13.167,ipv4,malicious-ip,medium,WHITE,ziyadnz/hourly-ipv4,ziyadnz|hourly,2026-08-17T18:48:05Z,2026-08-17T18:48:05Z,
20.199.14.20,ipv4,malicious-ip,medium,WHITE,ziyadnz/hourly-ipv4,ziyadnz|hourly,2026-08-17T18:48:05Z,2026-08-17T18:48:05Z,
20.199.18.38,ipv4,malicious-ip,medium,WHITE,ziyadnz/hourly-ipv4,ziyadnz|hourly,2026-08-17T18:48:05Z,2026-08-17T18:48:05Z,
20.199.183.210,ipv4,malicious-ip,medium,WHITE,ziyadnz/hourly-ipv4,ziyadnz|hourly,2026-08-17T18:48:05Z,2026-08-17T18:48:05Z,
20.199.25.183,ipv4,malicious-ip,medium,WHITE,ziyadnz/hourly-ipv4,ziyadnz|hourly,2026-08-17T18:48:05Z,2026-08-17T18:48:05Z,
20.199.40.42,ipv4,malicious-ip,medium,WHITE,ziyadnz/hourly-ipv4,ziyadnz|hourly,2026-08-17T18:48:05Z,2026-08-17T18:48:05Z,
20.199.45.110,ipv4,malicious-ip,medium,WHITE,ziyadnz/hourly-ipv4,ziyadnz|hourly,2026-08-17T18:48:05Z,2026-08-17T18:48:05Z,
20.199.65.133,ipv4,malicious-ip,medium,WHITE,ziyadnz/hourly-ipv4,ziyadnz|hourly,2026-08-17T18:48:05Z,2026-08-17T18:48:05Z,
20.2.193.187,ipv4,malicious-ip,medium,WHITE,ziyadnz/hourly-ipv4,ziyadnz|hourly,2026-08-17T18:48:05Z,2026-08-17T18:48:05Z,
20.2.193.243,ipv4,malicious-ip,medium,WHITE,ziyadnz/hourly-ipv4,ziyadnz|hourly,2026-08-17T18:48:05Z,2026-08-17T18:48:05Z,
20.2.83.149,ipv4,malicious-ip,medium,WHITE,ziyadnz/hourly-ipv4,ziyadnz|hourly,2026-08-17T18:48:05Z,2026-08-17T18:48:05Z,
20.200.216.126,ipv4,malicious-ip,medium,WHITE,ziyadnz/hourly-ipv4,ziyadnz|hourly,2026-08-17T18:48:05Z,2026-08-17T18:48:05Z,
20.203.149.189,ipv4,malicious-ip,medium,WHITE,ziyadnz/hourly-ipv4,ziyadnz|hourly,2026-08-17T18:48:05Z,2026-08-17T18:48:05Z,
20.203.151.213,ipv4,malicious-ip,medium,WHITE,ziyadnz/hourly-ipv4,ziyadnz|hourly,2026-08-17T18:48:05Z,2026-08-17T18:48:05Z,
20.203.165.80,ipv4,malicious-ip,medium,WHITE,ziyadnz/hourly-ipv4,ziyadnz|hourly,2026-08-17T18:48:05Z,2026-08-17T18:48:05Z,
20.203.208.191,ipv4,malicious-ip,medium,WHITE,ziyadnz/hourly-ipv4,ziyadnz|hourly,2026-08-17T18:48:05Z,2026-08-17T18:48:05Z,
20.203.208.53,ipv4,malicious-ip,medium,WHITE,ziyadnz/hourly-ipv4,ziyadnz|hourly,2026-08-17T18:48:05Z,2026-08-17T18:48:05Z,
20.203.59.187,ipv4,malicious-ip,medium,WHITE,ziyadnz/hourly-ipv4,ziyadnz|hourly,2026-08-17T18:48:05Z,2026-08-17T18:48:05Z,
20.204.136.58,ipv4,malicious-ip,medium,WHITE,ziyadnz/hourly-ipv4,ziyadnz|hourly,2026-08-17T18:48:05Z,2026-08-17T18:48:05Z,
20.204.156.53,ipv4,malicious-ip,medium,WHITE,ziyadnz/hourly-ipv4,ziyadnz|hourly,2026-08-17T18:48:05Z,2026-08-17T18:48:05Z,
20.204.3.211,ipv4,malicious-ip,medium,WHITE,ziyadnz/hourly-ipv4,ziyadnz|hourly,2026-08-17T18:48:05Z,2026-08-17T18:48:05Z,
20.204.81.42,ipv4,malicious-ip,medium,WHITE,ziyadnz/hourly-ipv4,ziyadnz|hourly,2026-08-17T18:48:05Z,2026-08-17T18:48:05Z,
20.205.103.124,ipv4,malicious-ip,medium,WHITE,ziyadnz/hourly-ipv4,ziyadnz|hourly,2026-08-17T18:48:05Z,2026-08-17T18:48:05Z,
20.205.108.186,ipv4,malicious-ip,medium,WHITE,ziyadnz/hourly-ipv4,ziyadnz|hourly,2026-08-17T18:48:05Z,2026-08-17T18:48:05Z,
20.205.18.151,ipv4,malicious-ip,medium,WHITE,ziyadnz/hourly-ipv4,ziyadnz|hourly,2026-08-17T18:48:05Z,2026-08-17T18:48:05Z,
20.205.18.79,ipv4,malicious-ip,medium,WHITE,ziyadnz/hourly-ipv4,ziyadnz|hourly,2026-08-17T18:48:05Z,2026-08-17T18:48:05Z,
20.205.34.2,ipv4,malicious-ip,medium,WHITE,ziyadnz/hourly-ipv4,ziyadnz|hourly,2026-08-17T18:48:05Z,2026-08-17T18:48:05Z,
20.205.38.8,ipv4,malicious-ip,medium,WHITE,ziyadnz/hourly-ipv4,ziyadnz|hourly,2026-08-17T18:48:05Z,2026-08-17T18:48:05Z,
20.205.97.67,ipv4,malicious-ip,medium,WHITE,ziyadnz/hourly-ipv4,ziyadnz|hourly,2026-08-17T18:48:05Z,2026-08-17T18:48:05Z,
20.207.199.205,ipv4,malicious-ip,medium,WHITE,ziyadnz/hourly-ipv4,ziyadnz|hourly,2026-08-17T18:48:05Z,2026-08-17T18:48:05Z,
20.208.131.16,ipv4,malicious-ip,medium,WHITE,ziyadnz/hourly-ipv4,ziyadnz|hourly,2026-08-17T18:48:05Z,2026-08-17T18:48:05Z,
20.208.41.112,ipv4,malicious-ip,medium,WHITE,ziyadnz/hourly-ipv4,ziyadnz|hourly,2026-08-17T18:48:05Z,2026-08-17T18:48:05Z,
20.210.129.15,ipv4,malicious-ip,medium,WHITE,ziyadnz/hourly-ipv4,ziyadnz|hourly,2026-08-17T18:48:05Z,2026-08-17T18:48:05Z,
20.210.130.32,ipv4,malicious-ip,medium,WHITE,ziyadnz/hourly-ipv4,ziyadnz|hourly,2026-08-17T18:48:05Z,2026-08-17T18:48:05Z,
20.210.194.124,ipv4,malicious-ip,medium,WHITE,ziyadnz/hourly-ipv4,ziyadnz|hourly,2026-08-17T18:48:05Z,2026-08-17T18:48:05Z,
20.210.238.185,ipv4,malicious-ip,medium,WHITE,ziyadnz/hourly-ipv4,ziyadnz|hourly,2026-08-17T18:48:05Z,2026-08-17T18:48:05Z,
20.211.166.200,ipv4,malicious-ip,medium,WHITE,ziyadnz/hourly-ipv4,ziyadnz|hourly,2026-08-17T18:48:05Z,2026-08-17T18:48:05Z,
20.212.16.156,ipv4,malicious-ip,medium,WHITE,ziyadnz/hourly-ipv4,ziyadnz|hourly,2026-08-17T18:48:05Z,2026-08-17T18:48:05Z,
20.212.200.144,ipv4,malicious-ip,medium,WHITE,ziyadnz/hourly-ipv4,ziyadnz|hourly,2026-08-17T18:48:05Z,2026-08-17T18:48:05Z,
20.212.231.62,ipv4,malicious-ip,medium,WHITE,ziyadnz/hourly-ipv4,ziyadnz|hourly,2026-08-17T18:48:05Z,2026-08-17T18:48:05Z,
20.212.60.221,ipv4,malicious-ip,medium,WHITE,ziyadnz/hourly-ipv4,ziyadnz|hourly,2026-08-17T18:48:05Z,2026-08-17T18:48:05Z,
20.212.82.42,ipv4,malicious-ip,medium,WHITE,ziyadnz/hourly-ipv4,ziyadnz|hourly,2026-08-17T18:48:05Z,2026-08-17T18:48:05Z,
20.214.110.151,ipv4,malicious-ip,medium,WHITE,ziyadnz/hourly-ipv4,ziyadnz|hourly,2026-08-17T18:48:05Z,2026-08-17T18:48:05Z,
20.214.145.16,ipv4,malicious-ip,medium,WHITE,ziyadnz/hourly-ipv4,ziyadnz|hourly,2026-08-17T18:48:05Z,2026-08-17T18:48:05Z,
20.214.156.172,ipv4,malicious-ip,medium,WHITE,ziyadnz/hourly-ipv4,ziyadnz|hourly,2026-08-17T18:48:05Z,2026-08-17T18:48:05Z,
20.214.200.59,ipv4,malicious-ip,medium,WHITE,ziyadnz/hourly-ipv4,ziyadnz|hourly,2026-08-17T18:48:05Z,2026-08-17T18:48:05Z,
20.215.185.25,ipv4,malicious-ip,medium,WHITE,ziyadnz/hourly-ipv4,ziyadnz|hourly,2026-08-17T18:48:05Z,2026-08-17T18:48:05Z,
20.215.186.32,ipv4,malicious-ip,medium,WHITE,ziyadnz/hourly-ipv4,ziyadnz|hourly,2026-08-17T18:48:05Z,2026-08-17T18:48:05Z,
20.215.209.75,ipv4,malicious-ip,medium,WHITE,ziyadnz/hourly-ipv4,ziyadnz|hourly,2026-08-17T18:48:05Z,2026-08-17T18:48:05Z,
20.215.211.30,ipv4,malicious-ip,medium,WHITE,ziyadnz/hourly-ipv4,ziyadnz|hourly,2026-08-17T18:48:05Z,2026-08-17T18:48:05Z,
20.215.241.175,ipv4,malicious-ip,medium,WHITE,ziyadnz/hourly-ipv4,ziyadnz|hourly,2026-08-17T18:48:05Z,2026-08-17T18:48:05Z,
20.215.69.57,ipv4,malicious-ip,medium,WHITE,ziyadnz/hourly-ipv4,ziyadnz|hourly,2026-08-17T18:48:05Z,2026-08-17T18:48:05Z,
20.216.128.92,ipv4,malicious-ip,medium,WHITE,ziyadnz/hourly-ipv4,ziyadnz|hourly,2026-08-17T18:48:05Z,2026-08-17T18:48:05Z,
20.218.114.78,ipv4,malicious-ip,medium,WHITE,ziyadnz/hourly-ipv4,ziyadnz|hourly,2026-08-17T18:48:05Z,2026-08-17T18:48:05Z,
20.218.119.12,ipv4,malicious-ip,medium,WHITE,ziyadnz/hourly-ipv4,ziyadnz|hourly,2026-08-17T18:48:05Z,2026-08-17T18:48:05Z,
20.218.73.95,ipv4,malicious-ip,medium,WHITE,ziyadnz/hourly-ipv4,ziyadnz|hourly,2026-08-17T18:48:05Z,2026-08-17T18:48:05Z,
20.219.0.244,ipv4,malicious-ip,medium,WHITE,ziyadnz/hourly-ipv4,ziyadnz|hourly,2026-08-17T18:48:05Z,2026-08-17T18:48:05Z,
20.219.0.85,ipv4,malicious-ip,medium,WHITE,ziyadnz/hourly-ipv4,ziyadnz|hourly,2026-08-17T18:48:05Z,2026-08-17T18:48:05Z,
20.219.12.243,ipv4,malicious-ip,medium,WHITE,ziyadnz/hourly-ipv4,ziyadnz|hourly,2026-08-17T18:48:05Z,2026-08-17T18:48:05Z,
20.219.134.176,ipv4,malicious-ip,medium,WHITE,ziyadnz/hourly-ipv4,ziyadnz|hourly,2026-08-17T18:48:05Z,2026-08-17T18:48:05Z,
20.219.14.223,ipv4,malicious-ip,medium,WHITE,ziyadnz/hourly-ipv4,ziyadnz|hourly,2026-08-17T18:48:05Z,2026-08-17T18:48:05Z,
20.219.193.93,ipv4,malicious-ip,medium,WHITE,ziyadnz/hourly-ipv4,ziyadnz|hourly,2026-08-17T18:48:05Z,2026-08-17T18:48:05Z,
20.219.91.90,ipv4,malicious-ip,medium,WHITE,ziyadnz/hourly-ipv4,ziyadnz|hourly,2026-08-17T18:48:05Z,2026-08-17T18:48:05Z,
20.220.195.189,ipv4,malicious-ip,medium,WHITE,ziyadnz/hourly-ipv4,ziyadnz|hourly,2026-08-17T18:48:05Z,2026-08-17T18:48:05Z,
20.220.217.108,ipv4,malicious-ip,medium,WHITE,ziyadnz/hourly-ipv4,ziyadnz|hourly,2026-08-17T18:48:05Z,2026-08-17T18:48:05Z,
20.220.31.157,ipv4,malicious-ip,medium,WHITE,ziyadnz/hourly-ipv4,ziyadnz|hourly,2026-08-17T18:48:05Z,2026-08-17T18:48:05Z,
20.223.168.112,ipv4,malicious-ip,medium,WHITE,ziyadnz/hourly-ipv4,ziyadnz|hourly,2026-08-17T18:48:05Z,2026-08-17T18:48:05Z,
20.224.168.82,ipv4,malicious-ip,medium,WHITE,ziyadnz/hourly-ipv4,ziyadnz|hourly,2026-08-17T18:48:05Z,2026-08-17T18:48:05Z,
20.224.41.181,ipv4,malicious-ip,medium,WHITE,ziyadnz/hourly-ipv4,ziyadnz|hourly,2026-08-17T18:48:05Z,2026-08-17T18:48:05Z,
20.226.61.190,ipv4,malicious-ip,medium,WHITE,ziyadnz/hourly-ipv4,ziyadnz|hourly,2026-08-17T18:48:05Z,2026-08-17T18:48:05Z,
20.227.140.176,ipv4,malicious-ip,medium,WHITE,ziyadnz/hourly-ipv4,ziyadnz|hourly,2026-08-17T18:48:05Z,2026-08-17T18:48:05Z,
20.227.140.178,ipv4,malicious-ip,medium,WHITE,ziyadnz/hourly-ipv4,ziyadnz|hourly,2026-08-17T18:48:05Z,2026-08-17T18:48:05Z,
20.228.179.34,ipv4,malicious-ip,medium,WHITE,ziyadnz/hourly-ipv4,ziyadnz|hourly,2026-08-17T18:48:05Z,2026-08-17T18:48:05Z,
20.229.115.183,ipv4,malicious-ip,medium,WHITE,ziyadnz/hourly-ipv4,ziyadnz|hourly,2026-08-17T18:48:05Z,2026-08-17T18:48:05Z,
20.229.155.124,ipv4,malicious-ip,medium,WHITE,ziyadnz/hourly-ipv4,ziyadnz|hourly,2026-08-17T18:48:05Z,2026-08-17T18:48:05Z,
20.23.144.166,ipv4,malicious-ip,medium,WHITE,ziyadnz/hourly-ipv4,ziyadnz|hourly,2026-08-17T18:48:05Z,2026-08-17T18:48:05Z,
20.23.229.100,ipv4,malicious-ip,medium,WHITE,ziyadnz/hourly-ipv4,ziyadnz|hourly,2026-08-17T18:48:05Z,2026-08-17T18:48:05Z,
20.230.33.1,ipv4,malicious-ip,medium,WHITE,ziyadnz/hourly-ipv4,ziyadnz|hourly,2026-08-17T18:48:05Z,2026-08-17T18:48:05Z,
20.230.96.44,ipv4,malicious-ip,medium,WHITE,ziyadnz/hourly-ipv4,ziyadnz|hourly,2026-08-17T18:48:05Z,2026-08-17T18:48:05Z,
20.231.24.237,ipv4,malicious-ip,medium,WHITE,ziyadnz/hourly-ipv4,ziyadnz|hourly,2026-08-17T18:48:05Z,2026-08-17T18:48:05Z,
20.233.31.64,ipv4,malicious-ip,medium,WHITE,ziyadnz/hourly-ipv4,ziyadnz|hourly,2026-08-17T18:48:05Z,2026-08-17T18:48:05Z,
20.235.112.118,ipv4,malicious-ip,medium,WHITE,ziyadnz/hourly-ipv4,ziyadnz|hourly,2026-08-17T18:48:05Z,2026-08-17T18:48:05Z,
20.235.157.149,ipv4,malicious-ip,medium,WHITE,ziyadnz/hourly-ipv4,ziyadnz|hourly,2026-08-17T18:48:05Z,2026-08-17T18:48:05Z,
20.235.162.205,ipv4,malicious-ip,medium,WHITE,ziyadnz/hourly-ipv4,ziyadnz|hourly,2026-08-17T18:48:05Z,2026-08-17T18:48:05Z,
20.237.250.71,ipv4,malicious-ip,medium,WHITE,ziyadnz/hourly-ipv4,ziyadnz|hourly,2026-08-17T18:48:05Z,2026-08-17T18:48:05Z,
20.239.58.221,ipv4,malicious-ip,medium,WHITE,ziyadnz/hourly-ipv4,ziyadnz|hourly,2026-08-17T18:48:05Z,2026-08-17T18:48:05Z,
20.24.100.112,ipv4,malicious-ip,medium,WHITE,ziyadnz/hourly-ipv4,ziyadnz|hourly,2026-08-17T18:48:05Z,2026-08-17T18:48:05Z,
20.24.210.193,ipv4,malicious-ip,medium,WHITE,ziyadnz/hourly-ipv4,ziyadnz|hourly,2026-08-17T18:48:05Z,2026-08-17T18:48:05Z,
20.240.162.185,ipv4,malicious-ip,medium,WHITE,ziyadnz/hourly-ipv4,ziyadnz|hourly,2026-08-17T18:48:05Z,2026-08-17T18:48:05Z,
20.240.203.146,ipv4,malicious-ip,medium,WHITE,ziyadnz/hourly-ipv4,ziyadnz|hourly,2026-08-17T18:48:05Z,2026-08-17T18:48:05Z,
20.240.235.182,ipv4,malicious-ip,medium,WHITE,ziyadnz/hourly-ipv4,ziyadnz|hourly,2026-08-17T18:48:05Z,2026-08-17T18:48:05Z,
20.240.44.115,ipv4,malicious-ip,medium,WHITE,ziyadnz/hourly-ipv4,ziyadnz|hourly,2026-08-17T18:48:05Z,2026-08-17T18:48:05Z,
20.241.133.127,ipv4,malicious-ip,medium,WHITE,ziyadnz/hourly-ipv4,ziyadnz|hourly,2026-08-17T18:48:05Z,2026-08-17T18:48:05Z,
20.243.136.156,ipv4,malicious-ip,medium,WHITE,ziyadnz/hourly-ipv4,ziyadnz|hourly,2026-08-17T18:48:05Z,2026-08-17T18:48:05Z,
20.243.208.191,ipv4,malicious-ip,medium,WHITE,ziyadnz/hourly-ipv4,ziyadnz|hourly,2026-08-17T18:48:05Z,2026-08-17T18:48:05Z,
20.244.18.126,ipv4,malicious-ip,medium,WHITE,ziyadnz/hourly-ipv4,ziyadnz|hourly,2026-08-17T18:48:05Z,2026-08-17T18:48:05Z,
20.244.20.183,ipv4,malicious-ip,medium,WHITE,ziyadnz/hourly-ipv4,ziyadnz|hourly,2026-08-17T18:48:05Z,2026-08-17T18:48:05Z,
20.244.95.134,ipv4,malicious-ip,medium,WHITE,ziyadnz/hourly-ipv4,ziyadnz|hourly,2026-08-17T18:48:05Z,2026-08-17T18:48:05Z,
20.245.71.147,ipv4,malicious-ip,medium,WHITE,ziyadnz/hourly-ipv4,ziyadnz|hourly,2026-08-17T18:48:05Z,2026-08-17T18:48:05Z,
20.249.85.204,ipv4,malicious-ip,medium,WHITE,ziyadnz/hourly-ipv4,ziyadnz|hourly,2026-08-17T18:48:05Z,2026-08-17T18:48:05Z,
20.25.138.9,ipv4,malicious-ip,medium,WHITE,ziyadnz/hourly-ipv4,ziyadnz|hourly,2026-08-17T18:48:05Z,2026-08-17T18:48:05Z,
20.250.10.77,ipv4,malicious-ip,medium,WHITE,ziyadnz/hourly-ipv4,ziyadnz|hourly,2026-08-17T18:48:05Z,2026-08-17T18:48:05Z,
20.250.145.94,ipv4,malicious-ip,medium,WHITE,ziyadnz/hourly-ipv4,ziyadnz|hourly,2026-08-17T18:48:05Z,2026-08-17T18:48:05Z,
20.250.24.46,ipv4,malicious-ip,medium,WHITE,ziyadnz/hourly-ipv4,ziyadnz|hourly,2026-08-17T18:48:05Z,2026-08-17T18:48:05Z,
20.250.43.245,ipv4,malicious-ip,medium,WHITE,ziyadnz/hourly-ipv4,ziyadnz|hourly,2026-08-17T18:48:05Z,2026-08-17T18:48:05Z,
20.251.48.84,ipv4,malicious-ip,medium,WHITE,ziyadnz/hourly-ipv4,ziyadnz|hourly,2026-08-17T18:48:05Z,2026-08-17T18:48:05Z,
20.255.56.84,ipv4,malicious-ip,medium,WHITE,ziyadnz/hourly-ipv4,ziyadnz|hourly,2026-08-17T18:48:05Z,2026-08-17T18:48:05Z,
20.255.61.0,ipv4,malicious-ip,medium,WHITE,ziyadnz/hourly-ipv4,ziyadnz|hourly,2026-08-17T18:48:05Z,2026-08-17T18:48:05Z,
20.255.73.17,ipv4,malicious-ip,medium,WHITE,ziyadnz/hourly-ipv4,ziyadnz|hourly,2026-08-17T18:48:05Z,2026-08-17T18:48:05Z,
20.255.73.5,ipv4,malicious-ip,medium,WHITE,ziyadnz/hourly-ipv4,ziyadnz|hourly,2026-08-17T18:48:05Z,2026-08-17T18:48:05Z,
20.255.96.25,ipv4,malicious-ip,medium,WHITE,ziyadnz/hourly-ipv4,ziyadnz|hourly,2026-08-17T18:48:05Z,2026-08-17T18:48:05Z,
20.29.23.130,ipv4,malicious-ip,medium,WHITE,ziyadnz/hourly-ipv4,ziyadnz|hourly,2026-08-17T18:48:05Z,2026-08-17T18:48:05Z,
20.29.47.111,ipv4,malicious-ip,medium,WHITE,ziyadnz/hourly-ipv4,ziyadnz|hourly,2026-08-17T18:48:05Z,2026-08-17T18:48:05Z,
20.29.49.134,ipv4,malicious-ip,medium,WHITE,ziyadnz/hourly-ipv4,ziyadnz|hourly,2026-08-17T18:48:05Z,2026-08-17T18:48:05Z,
20.29.49.244,ipv4,malicious-ip,medium,WHITE,ziyadnz/hourly-ipv4,ziyadnz|hourly,2026-08-17T18:48:05Z,2026-08-17T18:48:05Z,
20.29.49.93,ipv4,malicious-ip,medium,WHITE,ziyadnz/hourly-ipv4,ziyadnz|hourly,2026-08-17T18:48:05Z,2026-08-17T18:48:05Z,
20.29.56.247,ipv4,malicious-ip,medium,WHITE,ziyadnz/hourly-ipv4,ziyadnz|hourly,2026-08-17T18:48:05Z,2026-08-17T18:48:05Z,
20.29.57.212,ipv4,malicious-ip,medium,WHITE,ziyadnz/hourly-ipv4,ziyadnz|hourly,2026-08-17T18:48:05Z,2026-08-17T18:48:05Z,
20.3.129.142,ipv4,malicious-ip,medium,WHITE,ziyadnz/hourly-ipv4,ziyadnz|hourly,2026-08-17T18:48:05Z,2026-08-17T18:48:05Z,
20.3.150.86,ipv4,malicious-ip,medium,WHITE,ziyadnz/hourly-ipv4,ziyadnz|hourly,2026-08-17T18:48:05Z,2026-08-17T18:48:05Z,
20.3.253.156,ipv4,malicious-ip,medium,WHITE,ziyadnz/hourly-ipv4,ziyadnz|hourly,2026-08-17T18:48:05Z,2026-08-17T18:48:05Z,
20.31.232.59,ipv4,malicious-ip,medium,WHITE,ziyadnz/hourly-ipv4,ziyadnz|hourly,2026-08-17T18:48:05Z,2026-08-17T18:48:05Z,
20.36.143.150,ipv4,malicious-ip,medium,WHITE,ziyadnz/hourly-ipv4,ziyadnz|hourly,2026-08-17T18:48:05Z,2026-08-17T18:48:05Z,
20.38.170.148,ipv4,malicious-ip,medium,WHITE,ziyadnz/hourly-ipv4,ziyadnz|hourly,2026-08-17T18:48:05Z,2026-08-17T18:48:05Z,
20.39.42.109,ipv4,malicious-ip,medium,WHITE,ziyadnz/hourly-ipv4,ziyadnz|hourly,2026-08-17T18:48:05Z,2026-08-17T18:48:05Z,
20.4.26.79,ipv4,malicious-ip,medium,WHITE,ziyadnz/hourly-ipv4,ziyadnz|hourly,2026-08-17T18:48:05Z,2026-08-17T18:48:05Z,
20.40.208.55,ipv4,malicious-ip,medium,WHITE,ziyadnz/hourly-ipv4,ziyadnz|hourly,2026-08-17T18:48:05Z,2026-08-17T18:48:05Z,
20.40.210.26,ipv4,malicious-ip,medium,WHITE,ziyadnz/hourly-ipv4,ziyadnz|hourly,2026-08-17T18:48:05Z,2026-08-17T18:48:05Z,
20.40.216.117,ipv4,malicious-ip,medium,WHITE,ziyadnz/hourly-ipv4,ziyadnz|hourly,2026-08-17T18:48:05Z,2026-08-17T18:48:05Z,
20.40.216.95,ipv4,malicious-ip,medium,WHITE,ziyadnz/hourly-ipv4,ziyadnz|hourly,2026-08-17T18:48:05Z,2026-08-17T18:48:05Z,
20.40.217.42,ipv4,malicious-ip,medium,WHITE,ziyadnz/hourly-ipv4,ziyadnz|hourly,2026-08-17T18:48:05Z,2026-08-17T18:48:05Z,
20.40.218.136,ipv4,malicious-ip,medium,WHITE,ziyadnz/hourly-ipv4,ziyadnz|hourly,2026-08-17T18:48:05Z,2026-08-17T18:48:05Z,
20.40.218.140,ipv4,malicious-ip,medium,WHITE,ziyadnz/hourly-ipv4,ziyadnz|hourly,2026-08-17T18:48:05Z,2026-08-17T18:48:05Z,
20.40.218.197,ipv4,malicious-ip,medium,WHITE,ziyadnz/hourly-ipv4,ziyadnz|hourly,2026-08-17T18:48:05Z,2026-08-17T18:48:05Z,
20.40.250.17,ipv4,malicious-ip,medium,WHITE,ziyadnz/hourly-ipv4,ziyadnz|hourly,2026-08-17T18:48:05Z,2026-08-17T18:48:05Z,
20.40.250.19,ipv4,malicious-ip,medium,WHITE,ziyadnz/hourly-ipv4,ziyadnz|hourly,2026-08-17T18:48:05Z,2026-08-17T18:48:05Z,
20.40.250.30,ipv4,malicious-ip,medium,WHITE,ziyadnz/hourly-ipv4,ziyadnz|hourly,2026-08-17T18:48:05Z,2026-08-17T18:48:05Z,
20.41.107.98,ipv4,malicious-ip,medium,WHITE,ziyadnz/hourly-ipv4,ziyadnz|hourly,2026-08-17T18:48:05Z,2026-08-17T18:48:05Z,
20.42.104.13,ipv4,malicious-ip,medium,WHITE,ziyadnz/hourly-ipv4,ziyadnz|hourly,2026-08-17T18:48:05Z,2026-08-17T18:48:05Z,
20.42.108.100,ipv4,malicious-ip,medium,WHITE,ziyadnz/hourly-ipv4,ziyadnz|hourly,2026-08-17T18:48:05Z,2026-08-17T18:48:05Z,
20.42.115.228,ipv4,malicious-ip,medium,WHITE,ziyadnz/hourly-ipv4,ziyadnz|hourly,2026-08-17T18:48:05Z,2026-08-17T18:48:05Z,
20.42.84.49,ipv4,malicious-ip,medium,WHITE,ziyadnz/hourly-ipv4,ziyadnz|hourly,2026-08-17T18:48:05Z,2026-08-17T18:48:05Z,
20.42.93.58,ipv4,malicious-ip,medium,WHITE,ziyadnz/hourly-ipv4,ziyadnz|hourly,2026-08-17T18:48:05Z,2026-08-17T18:48:05Z,
20.42.95.196,ipv4,malicious-ip,medium,WHITE,ziyadnz/hourly-ipv4,ziyadnz|hourly,2026-08-17T18:48:05Z,2026-08-17T18:48:05Z,
20.46.251.132,ipv4,malicious-ip,medium,WHITE,ziyadnz/hourly-ipv4,ziyadnz|hourly,2026-08-17T18:48:05Z,2026-08-17T18:48:05Z,
20.47.80.197,ipv4,malicious-ip,medium,WHITE,ziyadnz/hourly-ipv4,ziyadnz|hourly,2026-08-17T18:48:05Z,2026-08-17T18:48:05Z,
20.49.0.100,ipv4,malicious-ip,medium,WHITE,ziyadnz/hourly-ipv4,ziyadnz|hourly,2026-08-17T18:48:05Z,2026-08-17T18:48:05Z,
20.5.130.110,ipv4,malicious-ip,medium,WHITE,ziyadnz/hourly-ipv4,ziyadnz|hourly,2026-08-17T18:48:05Z,2026-08-17T18:48:05Z,
20.51.117.109,ipv4,malicious-ip,medium,WHITE,ziyadnz/hourly-ipv4,ziyadnz|hourly,2026-08-17T18:48:05Z,2026-08-17T18:48:05Z,
20.51.229.238,ipv4,malicious-ip,medium,WHITE,ziyadnz/hourly-ipv4,ziyadnz|hourly,2026-08-17T18:48:05Z,2026-08-17T18:48:05Z,
20.51.234.214,ipv4,malicious-ip,medium,WHITE,ziyadnz/hourly-ipv4,ziyadnz|hourly,2026-08-17T18:48:05Z,2026-08-17T18:48:05Z,
20.51.234.233,ipv4,malicious-ip,medium,WHITE,ziyadnz/hourly-ipv4,ziyadnz|hourly,2026-08-17T18:48:05Z,2026-08-17T18:48:05Z,
20.51.235.107,ipv4,malicious-ip,medium,WHITE,ziyadnz/hourly-ipv4,ziyadnz|hourly,2026-08-17T18:48:05Z,2026-08-17T18:48:05Z,
20.51.241.104,ipv4,malicious-ip,medium,WHITE,ziyadnz/hourly-ipv4,ziyadnz|hourly,2026-08-17T18:48:05Z,2026-08-17T18:48:05Z,
20.51.243.7,ipv4,malicious-ip,medium,WHITE,ziyadnz/hourly-ipv4,ziyadnz|hourly,2026-08-17T18:48:05Z,2026-08-17T18:48:05Z,
20.51.244.147,ipv4,malicious-ip,medium,WHITE,ziyadnz/hourly-ipv4,ziyadnz|hourly,2026-08-17T18:48:05Z,2026-08-17T18:48:05Z,
20.51.244.151,ipv4,malicious-ip,medium,WHITE,ziyadnz/hourly-ipv4,ziyadnz|hourly,2026-08-17T18:48:05Z,2026-08-17T18:48:05Z,
20.51.245.17,ipv4,malicious-ip,medium,WHITE,ziyadnz/hourly-ipv4,ziyadnz|hourly,2026-08-17T18:48:05Z,2026-08-17T18:48:05Z,
20.51.245.30,ipv4,malicious-ip,medium,WHITE,ziyadnz/hourly-ipv4,ziyadnz|hourly,2026-08-17T18:48:05Z,2026-08-17T18:48:05Z,
20.51.57.112,ipv4,malicious-ip,medium,WHITE,ziyadnz/hourly-ipv4,ziyadnz|hourly,2026-08-17T18:48:05Z,2026-08-17T18:48:05Z,
20.52.171.102,ipv4,malicious-ip,medium,WHITE,ziyadnz/hourly-ipv4,ziyadnz|hourly,2026-08-17T18:48:05Z,2026-08-17T18:48:05Z,
20.55.117.89,ipv4,malicious-ip,medium,WHITE,ziyadnz/hourly-ipv4,ziyadnz|hourly,2026-08-17T18:48:05Z,2026-08-17T18:48:05Z,
20.55.2.194,ipv4,malicious-ip,medium,WHITE,ziyadnz/hourly-ipv4,ziyadnz|hourly,2026-08-17T18:48:05Z,2026-08-17T18:48:05Z,
20.55.2.225,ipv4,malicious-ip,medium,WHITE,ziyadnz/hourly-ipv4,ziyadnz|hourly,2026-08-17T18:48:05Z,2026-08-17T18:48:05Z,
20.55.24.39,ipv4,malicious-ip,medium,WHITE,ziyadnz/hourly-ipv4,ziyadnz|hourly,2026-08-17T18:48:05Z,2026-08-17T18:48:05Z,
20.55.29.194,ipv4,malicious-ip,medium,WHITE,ziyadnz/hourly-ipv4,ziyadnz|hourly,2026-08-17T18:48:05Z,2026-08-17T18:48:05Z,
20.55.29.197,ipv4,malicious-ip,medium,WHITE,ziyadnz/hourly-ipv4,ziyadnz|hourly,2026-08-17T18:48:05Z,2026-08-17T18:48:05Z,
20.55.3.202,ipv4,malicious-ip,medium,WHITE,ziyadnz/hourly-ipv4,ziyadnz|hourly,2026-08-17T18:48:05Z,2026-08-17T18:48:05Z,
20.55.3.241,ipv4,malicious-ip,medium,WHITE,ziyadnz/hourly-ipv4,ziyadnz|hourly,2026-08-17T18:48:05Z,2026-08-17T18:48:05Z,
20.55.30.249,ipv4,malicious-ip,medium,WHITE,ziyadnz/hourly-ipv4,ziyadnz|hourly,2026-08-17T18:48:05Z,2026-08-17T18:48:05Z,
20.55.35.128,ipv4,malicious-ip,medium,WHITE,ziyadnz/hourly-ipv4,ziyadnz|hourly,2026-08-17T18:48:05Z,2026-08-17T18:48:05Z,
20.55.35.217,ipv4,malicious-ip,medium,WHITE,ziyadnz/hourly-ipv4,ziyadnz|hourly,2026-08-17T18:48:05Z,2026-08-17T18:48:05Z,
20.55.36.63,ipv4,malicious-ip,medium,WHITE,ziyadnz/hourly-ipv4,ziyadnz|hourly,2026-08-17T18:48:05Z,2026-08-17T18:48:05Z,
20.55.4.75,ipv4,malicious-ip,medium,WHITE,ziyadnz/hourly-ipv4,ziyadnz|hourly,2026-08-17T18:48:05Z,2026-08-17T18:48:05Z,
20.55.42.210,ipv4,malicious-ip,medium,WHITE,ziyadnz/hourly-ipv4,ziyadnz|hourly,2026-08-17T18:48:05Z,2026-08-17T18:48:05Z,
20.55.50.10,ipv4,malicious-ip,medium,WHITE,ziyadnz/hourly-ipv4,ziyadnz|hourly,2026-08-17T18:48:05Z,2026-08-17T18:48:05Z,
20.55.72.219,ipv4,malicious-ip,medium,WHITE,ziyadnz/hourly-ipv4,ziyadnz|hourly,2026-08-17T18:48:05Z,2026-08-17T18:48:05Z,
20.55.73.223,ipv4,malicious-ip,medium,WHITE,ziyadnz/hourly-ipv4,ziyadnz|hourly,2026-08-17T18:48:05Z,2026-08-17T18:48:05Z,
20.55.84.43,ipv4,malicious-ip,medium,WHITE,ziyadnz/hourly-ipv4,ziyadnz|hourly,2026-08-17T18:48:05Z,2026-08-17T18:48:05Z,
20.55.84.97,ipv4,malicious-ip,medium,WHITE,ziyadnz/hourly-ipv4,ziyadnz|hourly,2026-08-17T18:48:05Z,2026-08-17T18:48:05Z,
20.55.86.54,ipv4,malicious-ip,medium,WHITE,ziyadnz/hourly-ipv4,ziyadnz|hourly,2026-08-17T18:48:05Z,2026-08-17T18:48:05Z,
20.55.88.100,ipv4,malicious-ip,medium,WHITE,ziyadnz/hourly-ipv4,ziyadnz|hourly,2026-08-17T18:48:05Z,2026-08-17T18:48:05Z,
20.55.88.105,ipv4,malicious-ip,medium,WHITE,ziyadnz/hourly-ipv4,ziyadnz|hourly,2026-08-17T18:48:05Z,2026-08-17T18:48:05Z,
20.55.90.128,ipv4,malicious-ip,medium,WHITE,ziyadnz/hourly-ipv4,ziyadnz|hourly,2026-08-17T18:48:05Z,2026-08-17T18:48:05Z,
20.55.97.129,ipv4,malicious-ip,medium,WHITE,ziyadnz/hourly-ipv4,ziyadnz|hourly,2026-08-17T18:48:05Z,2026-08-17T18:48:05Z,
20.55.98.221,ipv4,malicious-ip,medium,WHITE,ziyadnz/hourly-ipv4,ziyadnz|hourly,2026-08-17T18:48:05Z,2026-08-17T18:48:05Z,
20.55.99.64,ipv4,malicious-ip,medium,WHITE,ziyadnz/hourly-ipv4,ziyadnz|hourly,2026-08-17T18:48:05Z,2026-08-17T18:48:05Z,
20.59.19.162,ipv4,malicious-ip,medium,WHITE,ziyadnz/hourly-ipv4,ziyadnz|hourly,2026-08-17T18:48:05Z,2026-08-17T18:48:05Z,
20.59.242.10,ipv4,malicious-ip,medium,WHITE,ziyadnz/hourly-ipv4,ziyadnz|hourly,2026-08-17T18:48:05Z,2026-08-17T18:48:05Z,
20.6.35.235,ipv4,malicious-ip,medium,WHITE,ziyadnz/hourly-ipv4,ziyadnz|hourly,2026-08-17T18:48:05Z,2026-08-17T18:48:05Z,
20.61.77.42,ipv4,malicious-ip,medium,WHITE,ziyadnz/hourly-ipv4,ziyadnz|hourly,2026-08-17T18:48:05Z,2026-08-17T18:48:05Z,
20.62.193.105,ipv4,malicious-ip,medium,WHITE,ziyadnz/hourly-ipv4,ziyadnz|hourly,2026-08-17T18:48:05Z,2026-08-17T18:48:05Z,
20.62.194.227,ipv4,malicious-ip,medium,WHITE,ziyadnz/hourly-ipv4,ziyadnz|hourly,2026-08-17T18:48:05Z,2026-08-17T18:48:05Z,
20.62.40.145,ipv4,malicious-ip,medium,WHITE,ziyadnz/hourly-ipv4,ziyadnz|hourly,2026-08-17T18:48:05Z,2026-08-17T18:48:05Z,
20.63.209.210,ipv4,malicious-ip,medium,WHITE,ziyadnz/hourly-ipv4,ziyadnz|hourly,2026-08-17T18:48:05Z,2026-08-17T18:48:05Z,
20.63.211.67,ipv4,malicious-ip,medium,WHITE,ziyadnz/hourly-ipv4,ziyadnz|hourly,2026-08-17T18:48:05Z,2026-08-17T18:48:05Z,
20.63.34.22,ipv4,malicious-ip,medium,WHITE,ziyadnz/hourly-ipv4,ziyadnz|hourly,2026-08-17T18:48:05Z,2026-08-17T18:48:05Z,
20.64.104.0,ipv4,malicious-ip,medium,WHITE,ziyadnz/hourly-ipv4,ziyadnz|hourly,2026-08-17T18:48:05Z,2026-08-17T18:48:05Z,
20.64.104.11,ipv4,malicious-ip,medium,WHITE,ziyadnz/hourly-ipv4,ziyadnz|hourly,2026-08-17T18:48:05Z,2026-08-17T18:48:05Z,
20.64.104.114,ipv4,malicious-ip,medium,WHITE,ziyadnz/hourly-ipv4,ziyadnz|hourly,2026-08-17T18:48:05Z,2026-08-17T18:48:05Z,
20.64.104.120,ipv4,malicious-ip,medium,WHITE,ziyadnz/hourly-ipv4,ziyadnz|hourly,2026-08-17T18:48:05Z,2026-08-17T18:48:05Z,
20.64.104.141,ipv4,malicious-ip,medium,WHITE,ziyadnz/hourly-ipv4,ziyadnz|hourly,2026-08-17T18:48:05Z,2026-08-17T18:48:05Z,
20.64.104.142,ipv4,malicious-ip,medium,WHITE,ziyadnz/hourly-ipv4,ziyadnz|hourly,2026-08-17T18:48:05Z,2026-08-17T18:48:05Z,
20.64.104.143,ipv4,malicious-ip,medium,WHITE,ziyadnz/hourly-ipv4,ziyadnz|hourly,2026-08-17T18:48:05Z,2026-08-17T18:48:05Z,
20.64.104.154,ipv4,malicious-ip,medium,WHITE,ziyadnz/hourly-ipv4,ziyadnz|hourly,2026-08-17T18:48:05Z,2026-08-17T18:48:05Z,
20.64.104.155,ipv4,malicious-ip,medium,WHITE,ziyadnz/hourly-ipv4,ziyadnz|hourly,2026-08-17T18:48:05Z,2026-08-17T18:48:05Z,
20.64.104.164,ipv4,malicious-ip,medium,WHITE,ziyadnz/hourly-ipv4,ziyadnz|hourly,2026-08-17T18:48:05Z,2026-08-17T18:48:05Z,
20.64.104.177,ipv4,malicious-ip,medium,WHITE,ziyadnz/hourly-ipv4,ziyadnz|hourly,2026-08-17T18:48:05Z,2026-08-17T18:48:05Z,
20.64.104.184,ipv4,malicious-ip,medium,WHITE,ziyadnz/hourly-ipv4,ziyadnz|hourly,2026-08-17T18:48:05Z,2026-08-17T18:48:05Z,
20.64.104.195,ipv4,malicious-ip,medium,WHITE,ziyadnz/hourly-ipv4,ziyadnz|hourly,2026-08-17T18:48:05Z,2026-08-17T18:48:05Z,
20.64.104.2,ipv4,malicious-ip,medium,WHITE,ziyadnz/hourly-ipv4,ziyadnz|hourly,2026-08-17T18:48:05Z,2026-08-17T18:48:05Z,
20.64.104.20,ipv4,malicious-ip,medium,WHITE,ziyadnz/hourly-ipv4,ziyadnz|hourly,2026-08-17T18:48:05Z,2026-08-17T18:48:05Z,
20.64.104.235,ipv4,malicious-ip,medium,WHITE,ziyadnz/hourly-ipv4,ziyadnz|hourly,2026-08-17T18:48:05Z,2026-08-17T18:48:05Z,
20.64.104.237,ipv4,malicious-ip,medium,WHITE,ziyadnz/hourly-ipv4,ziyadnz|hourly,2026-08-17T18:48:05Z,2026-08-17T18:48:05Z,
20.64.104.251,ipv4,malicious-ip,medium,WHITE,ziyadnz/hourly-ipv4,ziyadnz|hourly,2026-08-17T18:48:05Z,2026-08-17T18:48:05Z,
20.64.104.27,ipv4,malicious-ip,medium,WHITE,ziyadnz/hourly-ipv4,ziyadnz|hourly,2026-08-17T18:48:05Z,2026-08-17T18:48:05Z,
20.64.104.31,ipv4,malicious-ip,medium,WHITE,ziyadnz/hourly-ipv4,ziyadnz|hourly,2026-08-17T18:48:05Z,2026-08-17T18:48:05Z,
20.64.104.44,ipv4,malicious-ip,medium,WHITE,ziyadnz/hourly-ipv4,ziyadnz|hourly,2026-08-17T18:48:05Z,2026-08-17T18:48:05Z,
20.64.104.5,ipv4,malicious-ip,medium,WHITE,ziyadnz/hourly-ipv4,ziyadnz|hourly,2026-08-17T18:48:05Z,2026-08-17T18:48:05Z,
20.64.104.53,ipv4,malicious-ip,medium,WHITE,ziyadnz/hourly-ipv4,ziyadnz|hourly,2026-08-17T18:48:05Z,2026-08-17T18:48:05Z,
20.64.104.62,ipv4,malicious-ip,medium,WHITE,ziyadnz/hourly-ipv4,ziyadnz|hourly,2026-08-17T18:48:05Z,2026-08-17T18:48:05Z,
20.64.104.65,ipv4,malicious-ip,medium,WHITE,ziyadnz/hourly-ipv4,ziyadnz|hourly,2026-08-17T18:48:05Z,2026-08-17T18:48:05Z,
20.64.104.70,ipv4,malicious-ip,medium,WHITE,ziyadnz/hourly-ipv4,ziyadnz|hourly,2026-08-17T18:48:05Z,2026-08-17T18:48:05Z,
20.64.104.78,ipv4,malicious-ip,medium,WHITE,ziyadnz/hourly-ipv4,ziyadnz|hourly,2026-08-17T18:48:05Z,2026-08-17T18:48:05Z,
20.64.104.79,ipv4,malicious-ip,medium,WHITE,ziyadnz/hourly-ipv4,ziyadnz|hourly,2026-08-17T18:48:05Z,2026-08-17T18:48:05Z,
20.64.104.82,ipv4,malicious-ip,medium,WHITE,ziyadnz/hourly-ipv4,ziyadnz|hourly,2026-08-17T18:48:05Z,2026-08-17T18:48:05Z,
20.64.104.89,ipv4,malicious-ip,medium,WHITE,ziyadnz/hourly-ipv4,ziyadnz|hourly,2026-08-17T18:48:05Z,2026-08-17T18:48:05Z,
20.64.104.9,ipv4,malicious-ip,medium,WHITE,ziyadnz/hourly-ipv4,ziyadnz|hourly,2026-08-17T18:48:05Z,2026-08-17T18:48:05Z,
20.64.104.92,ipv4,malicious-ip,medium,WHITE,ziyadnz/hourly-ipv4,ziyadnz|hourly,2026-08-17T18:48:05Z,2026-08-17T18:48:05Z,
20.64.104.93,ipv4,malicious-ip,medium,WHITE,ziyadnz/hourly-ipv4,ziyadnz|hourly,2026-08-17T18:48:05Z,2026-08-17T18:48:05Z,
20.64.104.94,ipv4,malicious-ip,medium,WHITE,ziyadnz/hourly-ipv4,ziyadnz|hourly,2026-08-17T18:48:05Z,2026-08-17T18:48:05Z,
20.64.105.0,ipv4,malicious-ip,medium,WHITE,ziyadnz/hourly-ipv4,ziyadnz|hourly,2026-08-17T18:48:05Z,2026-08-17T18:48:05Z,
20.64.105.112,ipv4,malicious-ip,medium,WHITE,ziyadnz/hourly-ipv4,ziyadnz|hourly,2026-08-17T18:48:05Z,2026-08-17T18:48:05Z,
20.64.105.115,ipv4,malicious-ip,medium,WHITE,ziyadnz/hourly-ipv4,ziyadnz|hourly,2026-08-17T18:48:05Z,2026-08-17T18:48:05Z,
20.64.105.121,ipv4,malicious-ip,medium,WHITE,ziyadnz/hourly-ipv4,ziyadnz|hourly,2026-08-17T18:48:05Z,2026-08-17T18:48:05Z,
20.64.105.124,ipv4,malicious-ip,medium,WHITE,ziyadnz/hourly-ipv4,ziyadnz|hourly,2026-08-17T18:48:05Z,2026-08-17T18:48:05Z,
20.64.105.126,ipv4,malicious-ip,medium,WHITE,ziyadnz/hourly-ipv4,ziyadnz|hourly,2026-08-17T18:48:05Z,2026-08-17T18:48:05Z,
20.64.105.127,ipv4,malicious-ip,medium,WHITE,ziyadnz/hourly-ipv4,ziyadnz|hourly,2026-08-17T18:48:05Z,2026-08-17T18:48:05Z,
20.64.105.133,ipv4,malicious-ip,medium,WHITE,ziyadnz/hourly-ipv4,ziyadnz|hourly,2026-08-17T18:48:05Z,2026-08-17T18:48:05Z,
20.64.105.145,ipv4,malicious-ip,medium,WHITE,ziyadnz/hourly-ipv4,ziyadnz|hourly,2026-08-17T18:48:05Z,2026-08-17T18:48:05Z,
20.64.105.146,ipv4,malicious-ip,medium,WHITE,ziyadnz/hourly-ipv4,ziyadnz|hourly,2026-08-17T18:48:05Z,2026-08-17T18:48:05Z,
20.64.105.148,ipv4,malicious-ip,medium,WHITE,ziyadnz/hourly-ipv4,ziyadnz|hourly,2026-08-17T18:48:05Z,2026-08-17T18:48:05Z,
20.64.105.149,ipv4,malicious-ip,medium,WHITE,ziyadnz/hourly-ipv4,ziyadnz|hourly,2026-08-17T18:48:05Z,2026-08-17T18:48:05Z,
20.64.105.152,ipv4,malicious-ip,medium,WHITE,ziyadnz/hourly-ipv4,ziyadnz|hourly,2026-08-17T18:48:05Z,2026-08-17T18:48:05Z,
20.64.105.155,ipv4,malicious-ip,medium,WHITE,ziyadnz/hourly-ipv4,ziyadnz|hourly,2026-08-17T18:48:05Z,2026-08-17T18:48:05Z,
20.64.105.156,ipv4,malicious-ip,medium,WHITE,ziyadnz/hourly-ipv4,ziyadnz|hourly,2026-08-17T18:48:05Z,2026-08-17T18:48:05Z,
20.64.105.167,ipv4,malicious-ip,medium,WHITE,ziyadnz/hourly-ipv4,ziyadnz|hourly,2026-08-17T18:48:05Z,2026-08-17T18:48:05Z,
20.64.105.168,ipv4,malicious-ip,medium,WHITE,ziyadnz/hourly-ipv4,ziyadnz|hourly,2026-08-17T18:48:05Z,2026-08-17T18:48:05Z,
20.64.105.169,ipv4,malicious-ip,medium,WHITE,ziyadnz/hourly-ipv4,ziyadnz|hourly,2026-08-17T18:48:05Z,2026-08-17T18:48:05Z,
20.64.105.174,ipv4,malicious-ip,medium,WHITE,ziyadnz/hourly-ipv4,ziyadnz|hourly,2026-08-17T18:48:05Z,2026-08-17T18:48:05Z,
20.64.105.183,ipv4,malicious-ip,medium,WHITE,ziyadnz/hourly-ipv4,ziyadnz|hourly,2026-08-17T18:48:05Z,2026-08-17T18:48:05Z,
20.64.105.186,ipv4,malicious-ip,medium,WHITE,ziyadnz/hourly-ipv4,ziyadnz|hourly,2026-08-17T18:48:05Z,2026-08-17T18:48:05Z,
20.64.105.19,ipv4,malicious-ip,medium,WHITE,ziyadnz/hourly-ipv4,ziyadnz|hourly,2026-08-17T18:48:05Z,2026-08-17T18:48:05Z,
20.64.105.192,ipv4,malicious-ip,medium,WHITE,ziyadnz/hourly-ipv4,ziyadnz|hourly,2026-08-17T18:48:05Z,2026-08-17T18:48:05Z,
20.64.105.193,ipv4,malicious-ip,medium,WHITE,ziyadnz/hourly-ipv4,ziyadnz|hourly,2026-08-17T18:48:05Z,2026-08-17T18:48:05Z,
20.64.105.194,ipv4,malicious-ip,medium,WHITE,ziyadnz/hourly-ipv4,ziyadnz|hourly,2026-08-17T18:48:05Z,2026-08-17T18:48:05Z,
20.64.105.196,ipv4,malicious-ip,medium,WHITE,ziyadnz/hourly-ipv4,ziyadnz|hourly,2026-08-17T18:48:05Z,2026-08-17T18:48:05Z,
20.64.105.20,ipv4,malicious-ip,medium,WHITE,ziyadnz/hourly-ipv4,ziyadnz|hourly,2026-08-17T18:48:05Z,2026-08-17T18:48:05Z,
20.64.105.206,ipv4,malicious-ip,medium,WHITE,ziyadnz/hourly-ipv4,ziyadnz|hourly,2026-08-17T18:48:05Z,2026-08-17T18:48:05Z,
20.64.105.215,ipv4,malicious-ip,medium,WHITE,ziyadnz/hourly-ipv4,ziyadnz|hourly,2026-08-17T18:48:05Z,2026-08-17T18:48:05Z,
20.64.105.221,ipv4,malicious-ip,medium,WHITE,ziyadnz/hourly-ipv4,ziyadnz|hourly,2026-08-17T18:48:05Z,2026-08-17T18:48:05Z,
20.64.105.230,ipv4,malicious-ip,medium,WHITE,ziyadnz/hourly-ipv4,ziyadnz|hourly,2026-08-17T18:48:05Z,2026-08-17T18:48:05Z,
20.64.105.234,ipv4,malicious-ip,medium,WHITE,ziyadnz/hourly-ipv4,ziyadnz|hourly,2026-08-17T18:48:05Z,2026-08-17T18:48:05Z,
20.64.105.235,ipv4,malicious-ip,medium,WHITE,ziyadnz/hourly-ipv4,ziyadnz|hourly,2026-08-17T18:48:05Z,2026-08-17T18:48:05Z,
20.64.105.236,ipv4,malicious-ip,medium,WHITE,ziyadnz/hourly-ipv4,ziyadnz|hourly,2026-08-17T18:48:05Z,2026-08-17T18:48:05Z,
20.64.105.237,ipv4,malicious-ip,medium,WHITE,ziyadnz/hourly-ipv4,ziyadnz|hourly,2026-08-17T18:48:05Z,2026-08-17T18:48:05Z,
20.64.105.238,ipv4,malicious-ip,medium,WHITE,ziyadnz/hourly-ipv4,ziyadnz|hourly,2026-08-17T18:48:05Z,2026-08-17T18:48:05Z,
20.64.105.242,ipv4,malicious-ip,medium,WHITE,ziyadnz/hourly-ipv4,ziyadnz|hourly,2026-08-17T18:48:05Z,2026-08-17T18:48:05Z,
20.64.105.243,ipv4,malicious-ip,medium,WHITE,ziyadnz/hourly-ipv4,ziyadnz|hourly,2026-08-17T18:48:05Z,2026-08-17T18:48:05Z,
20.64.105.244,ipv4,malicious-ip,medium,WHITE,ziyadnz/hourly-ipv4,ziyadnz|hourly,2026-08-17T18:48:05Z,2026-08-17T18:48:05Z,
20.64.105.245,ipv4,malicious-ip,medium,WHITE,ziyadnz/hourly-ipv4,ziyadnz|hourly,2026-08-17T18:48:05Z,2026-08-17T18:48:05Z,
20.64.105.248,ipv4,malicious-ip,medium,WHITE,ziyadnz/hourly-ipv4,ziyadnz|hourly,2026-08-17T18:48:05Z,2026-08-17T18:48:05Z,
20.64.105.25,ipv4,malicious-ip,medium,WHITE,ziyadnz/hourly-ipv4,ziyadnz|hourly,2026-08-17T18:48:05Z,2026-08-17T18:48:05Z,
20.64.105.250,ipv4,malicious-ip,medium,WHITE,ziyadnz/hourly-ipv4,ziyadnz|hourly,2026-08-17T18:48:05Z,2026-08-17T18:48:05Z,
20.64.105.251,ipv4,malicious-ip,medium,WHITE,ziyadnz/hourly-ipv4,ziyadnz|hourly,2026-08-17T18:48:05Z,2026-08-17T18:48:05Z,
20.64.105.252,ipv4,malicious-ip,medium,WHITE,ziyadnz/hourly-ipv4,ziyadnz|hourly,2026-08-17T18:48:05Z,2026-08-17T18:48:05Z,
20.64.105.253,ipv4,malicious-ip,medium,WHITE,ziyadnz/hourly-ipv4,ziyadnz|hourly,2026-08-17T18:48:05Z,2026-08-17T18:48:05Z,
20.64.105.32,ipv4,malicious-ip,medium,WHITE,ziyadnz/hourly-ipv4,ziyadnz|hourly,2026-08-17T18:48:05Z,2026-08-17T18:48:05Z,
20.64.105.39,ipv4,malicious-ip,medium,WHITE,ziyadnz/hourly-ipv4,ziyadnz|hourly,2026-08-17T18:48:05Z,2026-08-17T18:48:05Z,
20.64.105.41,ipv4,malicious-ip,medium,WHITE,ziyadnz/hourly-ipv4,ziyadnz|hourly,2026-08-17T18:48:05Z,2026-08-17T18:48:05Z,
20.64.105.47,ipv4,malicious-ip,medium,WHITE,ziyadnz/hourly-ipv4,ziyadnz|hourly,2026-08-17T18:48:05Z,2026-08-17T18:48:05Z,
20.64.105.53,ipv4,malicious-ip,medium,WHITE,ziyadnz/hourly-ipv4,ziyadnz|hourly,2026-08-17T18:48:05Z,2026-08-17T18:48:05Z,
20.64.105.54,ipv4,malicious-ip,medium,WHITE,ziyadnz/hourly-ipv4,ziyadnz|hourly,2026-08-17T18:48:05Z,2026-08-17T18:48:05Z,
20.64.105.55,ipv4,malicious-ip,medium,WHITE,ziyadnz/hourly-ipv4,ziyadnz|hourly,2026-08-17T18:48:05Z,2026-08-17T18:48:05Z,
20.64.105.6,ipv4,malicious-ip,medium,WHITE,ziyadnz/hourly-ipv4,ziyadnz|hourly,2026-08-17T18:48:05Z,2026-08-17T18:48:05Z,
20.64.105.68,ipv4,malicious-ip,medium,WHITE,ziyadnz/hourly-ipv4,ziyadnz|hourly,2026-08-17T18:48:05Z,2026-08-17T18:48:05Z,
20.64.105.74,ipv4,malicious-ip,medium,WHITE,ziyadnz/hourly-ipv4,ziyadnz|hourly,2026-08-17T18:48:05Z,2026-08-17T18:48:05Z,
20.64.105.76,ipv4,malicious-ip,medium,WHITE,ziyadnz/hourly-ipv4,ziyadnz|hourly,2026-08-17T18:48:05Z,2026-08-17T18:48:05Z,
20.64.105.77,ipv4,malicious-ip,medium,WHITE,ziyadnz/hourly-ipv4,ziyadnz|hourly,2026-08-17T18:48:05Z,2026-08-17T18:48:05Z,
20.64.105.81,ipv4,malicious-ip,medium,WHITE,ziyadnz/hourly-ipv4,ziyadnz|hourly,2026-08-17T18:48:05Z,2026-08-17T18:48:05Z,
20.64.105.82,ipv4,malicious-ip,medium,WHITE,ziyadnz/hourly-ipv4,ziyadnz|hourly,2026-08-17T18:48:05Z,2026-08-17T18:48:05Z,
20.64.105.88,ipv4,malicious-ip,medium,WHITE,ziyadnz/hourly-ipv4,ziyadnz|hourly,2026-08-17T18:48:05Z,2026-08-17T18:48:05Z,
20.64.105.9,ipv4,malicious-ip,medium,WHITE,ziyadnz/hourly-ipv4,ziyadnz|hourly,2026-08-17T18:48:05Z,2026-08-17T18:48:05Z,
20.64.105.91,ipv4,malicious-ip,medium,WHITE,ziyadnz/hourly-ipv4,ziyadnz|hourly,2026-08-17T18:48:05Z,2026-08-17T18:48:05Z,
20.64.106.0,ipv4,malicious-ip,medium,WHITE,ziyadnz/hourly-ipv4,ziyadnz|hourly,2026-08-17T18:48:05Z,2026-08-17T18:48:05Z,
20.64.106.116,ipv4,malicious-ip,medium,WHITE,ziyadnz/hourly-ipv4,ziyadnz|hourly,2026-08-17T18:48:05Z,2026-08-17T18:48:05Z,
20.64.106.117,ipv4,malicious-ip,medium,WHITE,ziyadnz/hourly-ipv4,ziyadnz|hourly,2026-08-17T18:48:05Z,2026-08-17T18:48:05Z,
20.64.106.118,ipv4,malicious-ip,medium,WHITE,ziyadnz/hourly-ipv4,ziyadnz|hourly,2026-08-17T18:48:05Z,2026-08-17T18:48:05Z,
20.64.106.140,ipv4,malicious-ip,medium,WHITE,ziyadnz/hourly-ipv4,ziyadnz|hourly,2026-08-17T18:48:05Z,2026-08-17T18:48:05Z,
20.64.106.155,ipv4,malicious-ip,medium,WHITE,ziyadnz/hourly-ipv4,ziyadnz|hourly,2026-08-17T18:48:05Z,2026-08-17T18:48:05Z,
20.64.106.18,ipv4,malicious-ip,medium,WHITE,ziyadnz/hourly-ipv4,ziyadnz|hourly,2026-08-17T18:48:05Z,2026-08-17T18:48:05Z,
20.64.106.19,ipv4,malicious-ip,medium,WHITE,ziyadnz/hourly-ipv4,ziyadnz|hourly,2026-08-17T18:48:05Z,2026-08-17T18:48:05Z,
20.64.106.222,ipv4,malicious-ip,medium,WHITE,ziyadnz/hourly-ipv4,ziyadnz|hourly,2026-08-17T18:48:05Z,2026-08-17T18:48:05Z,
20.64.106.28,ipv4,malicious-ip,medium,WHITE,ziyadnz/hourly-ipv4,ziyadnz|hourly,2026-08-17T18:48:05Z,2026-08-17T18:48:05Z,
20.64.106.29,ipv4,malicious-ip,medium,WHITE,ziyadnz/hourly-ipv4,ziyadnz|hourly,2026-08-17T18:48:05Z,2026-08-17T18:48:05Z,
20.64.106.38,ipv4,malicious-ip,medium,WHITE,ziyadnz/hourly-ipv4,ziyadnz|hourly,2026-08-17T18:48:05Z,2026-08-17T18:48:05Z,
20.64.106.39,ipv4,malicious-ip,medium,WHITE,ziyadnz/hourly-ipv4,ziyadnz|hourly,2026-08-17T18:48:05Z,2026-08-17T18:48:05Z,
20.64.106.41,ipv4,malicious-ip,medium,WHITE,ziyadnz/hourly-ipv4,ziyadnz|hourly,2026-08-17T18:48:05Z,2026-08-17T18:48:05Z,
20.64.106.47,ipv4,malicious-ip,medium,WHITE,ziyadnz/hourly-ipv4,ziyadnz|hourly,2026-08-17T18:48:05Z,2026-08-17T18:48:05Z,
20.64.106.58,ipv4,malicious-ip,medium,WHITE,ziyadnz/hourly-ipv4,ziyadnz|hourly,2026-08-17T18:48:05Z,2026-08-17T18:48:05Z,
20.64.106.71,ipv4,malicious-ip,medium,WHITE,ziyadnz/hourly-ipv4,ziyadnz|hourly,2026-08-17T18:48:05Z,2026-08-17T18:48:05Z,
20.64.106.75,ipv4,malicious-ip,medium,WHITE,ziyadnz/hourly-ipv4,ziyadnz|hourly,2026-08-17T18:48:05Z,2026-08-17T18:48:05Z,
20.64.106.77,ipv4,malicious-ip,medium,WHITE,ziyadnz/hourly-ipv4,ziyadnz|hourly,2026-08-17T18:48:05Z,2026-08-17T18:48:05Z,
20.64.106.91,ipv4,malicious-ip,medium,WHITE,ziyadnz/hourly-ipv4,ziyadnz|hourly,2026-08-17T18:48:05Z,2026-08-17T18:48:05Z,
20.64.113.40,ipv4,malicious-ip,medium,WHITE,ziyadnz/hourly-ipv4,ziyadnz|hourly,2026-08-17T18:48:05Z,2026-08-17T18:48:05Z,
20.64.96.205,ipv4,malicious-ip,medium,WHITE,ziyadnz/hourly-ipv4,ziyadnz|hourly,2026-08-17T18:48:05Z,2026-08-17T18:48:05Z,
20.64.96.40,ipv4,malicious-ip,medium,WHITE,ziyadnz/hourly-ipv4,ziyadnz|hourly,2026-08-17T18:48:05Z,2026-08-17T18:48:05Z,
20.64.97.136,ipv4,malicious-ip,medium,WHITE,ziyadnz/hourly-ipv4,ziyadnz|hourly,2026-08-17T18:48:05Z,2026-08-17T18:48:05Z,
20.64.97.78,ipv4,malicious-ip,medium,WHITE,ziyadnz/hourly-ipv4,ziyadnz|hourly,2026-08-17T18:48:05Z,2026-08-17T18:48:05Z,
20.65.136.10,ipv4,malicious-ip,medium,WHITE,ziyadnz/hourly-ipv4,ziyadnz|hourly,2026-08-17T18:48:05Z,2026-08-17T18:48:05Z,
20.65.136.30,ipv4,malicious-ip,medium,WHITE,ziyadnz/hourly-ipv4,ziyadnz|hourly,2026-08-17T18:48:05Z,2026-08-17T18:48:05Z,
20.65.136.87,ipv4,malicious-ip,medium,WHITE,ziyadnz/hourly-ipv4,ziyadnz|hourly,2026-08-17T18:48:05Z,2026-08-17T18:48:05Z,
20.65.137.167,ipv4,malicious-ip,medium,WHITE,ziyadnz/hourly-ipv4,ziyadnz|hourly,2026-08-17T18:48:05Z,2026-08-17T18:48:05Z,
20.65.137.218,ipv4,malicious-ip,medium,WHITE,ziyadnz/hourly-ipv4,ziyadnz|hourly,2026-08-17T18:48:05Z,2026-08-17T18:48:05Z,
20.65.138.21,ipv4,malicious-ip,medium,WHITE,ziyadnz/hourly-ipv4,ziyadnz|hourly,2026-08-17T18:48:05Z,2026-08-17T18:48:05Z,
20.65.138.86,ipv4,malicious-ip,medium,WHITE,ziyadnz/hourly-ipv4,ziyadnz|hourly,2026-08-17T18:48:05Z,2026-08-17T18:48:05Z,
20.65.144.62,ipv4,malicious-ip,medium,WHITE,ziyadnz/hourly-ipv4,ziyadnz|hourly,2026-08-17T18:48:05Z,2026-08-17T18:48:05Z,
20.65.144.90,ipv4,malicious-ip,medium,WHITE,ziyadnz/hourly-ipv4,ziyadnz|hourly,2026-08-17T18:48:05Z,2026-08-17T18:48:05Z,
20.65.145.179,ipv4,malicious-ip,medium,WHITE,ziyadnz/hourly-ipv4,ziyadnz|hourly,2026-08-17T18:48:05Z,2026-08-17T18:48:05Z,
20.65.145.247,ipv4,malicious-ip,medium,WHITE,ziyadnz/hourly-ipv4,ziyadnz|hourly,2026-08-17T18:48:05Z,2026-08-17T18:48:05Z,
20.65.152.136,ipv4,malicious-ip,medium,WHITE,ziyadnz/hourly-ipv4,ziyadnz|hourly,2026-08-17T18:48:05Z,2026-08-17T18:48:05Z,
20.65.152.190,ipv4,malicious-ip,medium,WHITE,ziyadnz/hourly-ipv4,ziyadnz|hourly,2026-08-17T18:48:05Z,2026-08-17T18:48:05Z,
20.65.153.128,ipv4,malicious-ip,medium,WHITE,ziyadnz/hourly-ipv4,ziyadnz|hourly,2026-08-17T18:48:05Z,2026-08-17T18:48:05Z,
20.65.154.0,ipv4,malicious-ip,medium,WHITE,ziyadnz/hourly-ipv4,ziyadnz|hourly,2026-08-17T18:48:05Z,2026-08-17T18:48:05Z,
20.65.154.109,ipv4,malicious-ip,medium,WHITE,ziyadnz/hourly-ipv4,ziyadnz|hourly,2026-08-17T18:48:05Z,2026-08-17T18:48:05Z,
20.65.154.117,ipv4,malicious-ip,medium,WHITE,ziyadnz/hourly-ipv4,ziyadnz|hourly,2026-08-17T18:48:05Z,2026-08-17T18:48:05Z,
20.65.154.130,ipv4,malicious-ip,medium,WHITE,ziyadnz/hourly-ipv4,ziyadnz|hourly,2026-08-17T18:48:05Z,2026-08-17T18:48:05Z,
20.65.154.146,ipv4,malicious-ip,medium,WHITE,ziyadnz/hourly-ipv4,ziyadnz|hourly,2026-08-17T18:48:05Z,2026-08-17T18:48:05Z,
20.65.154.175,ipv4,malicious-ip,medium,WHITE,ziyadnz/hourly-ipv4,ziyadnz|hourly,2026-08-17T18:48:05Z,2026-08-17T18:48:05Z,
20.65.154.228,ipv4,malicious-ip,medium,WHITE,ziyadnz/hourly-ipv4,ziyadnz|hourly,2026-08-17T18:48:05Z,2026-08-17T18:48:05Z,
20.65.154.237,ipv4,malicious-ip,medium,WHITE,ziyadnz/hourly-ipv4,ziyadnz|hourly,2026-08-17T18:48:05Z,2026-08-17T18:48:05Z,
20.65.154.83,ipv4,malicious-ip,medium,WHITE,ziyadnz/hourly-ipv4,ziyadnz|hourly,2026-08-17T18:48:05Z,2026-08-17T18:48:05Z,
20.65.168.78,ipv4,malicious-ip,medium,WHITE,ziyadnz/hourly-ipv4,ziyadnz|hourly,2026-08-17T18:48:05Z,2026-08-17T18:48:05Z,
20.65.169.214,ipv4,malicious-ip,medium,WHITE,ziyadnz/hourly-ipv4,ziyadnz|hourly,2026-08-17T18:48:05Z,2026-08-17T18:48:05Z,
20.65.177.158,ipv4,malicious-ip,medium,WHITE,ziyadnz/hourly-ipv4,ziyadnz|hourly,2026-08-17T18:48:05Z,2026-08-17T18:48:05Z,
20.65.177.212,ipv4,malicious-ip,medium,WHITE,ziyadnz/hourly-ipv4,ziyadnz|hourly,2026-08-17T18:48:05Z,2026-08-17T18:48:05Z,
20.65.178.1,ipv4,malicious-ip,medium,WHITE,ziyadnz/hourly-ipv4,ziyadnz|hourly,2026-08-17T18:48:05Z,2026-08-17T18:48:05Z,
20.65.184.116,ipv4,malicious-ip,medium,WHITE,ziyadnz/hourly-ipv4,ziyadnz|hourly,2026-08-17T18:48:05Z,2026-08-17T18:48:05Z,
20.65.185.115,ipv4,malicious-ip,medium,WHITE,ziyadnz/hourly-ipv4,ziyadnz|hourly,2026-08-17T18:48:05Z,2026-08-17T18:48:05Z,
20.65.185.21,ipv4,malicious-ip,medium,WHITE,ziyadnz/hourly-ipv4,ziyadnz|hourly,2026-08-17T18:48:05Z,2026-08-17T18:48:05Z,
20.65.185.255,ipv4,malicious-ip,medium,WHITE,ziyadnz/hourly-ipv4,ziyadnz|hourly,2026-08-17T18:48:05Z,2026-08-17T18:48:05Z,
20.65.192.0,ipv4,malicious-ip,medium,WHITE,ziyadnz/hourly-ipv4,ziyadnz|hourly,2026-08-17T18:48:05Z,2026-08-17T18:48:05Z,
20.65.192.101,ipv4,malicious-ip,medium,WHITE,ziyadnz/hourly-ipv4,ziyadnz|hourly,2026-08-17T18:48:05Z,2026-08-17T18:48:05Z,
20.65.192.151,ipv4,malicious-ip,medium,WHITE,ziyadnz/hourly-ipv4,ziyadnz|hourly,2026-08-17T18:48:05Z,2026-08-17T18:48:05Z,
20.65.192.160,ipv4,malicious-ip,medium,WHITE,ziyadnz/hourly-ipv4,ziyadnz|hourly,2026-08-17T18:48:05Z,2026-08-17T18:48:05Z,
20.65.192.170,ipv4,malicious-ip,medium,WHITE,ziyadnz/hourly-ipv4,ziyadnz|hourly,2026-08-17T18:48:05Z,2026-08-17T18:48:05Z,
20.65.192.207,ipv4,malicious-ip,medium,WHITE,ziyadnz/hourly-ipv4,ziyadnz|hourly,2026-08-17T18:48:05Z,2026-08-17T18:48:05Z,
20.65.192.33,ipv4,malicious-ip,medium,WHITE,ziyadnz/hourly-ipv4,ziyadnz|hourly,2026-08-17T18:48:05Z,2026-08-17T18:48:05Z,
20.65.192.66,ipv4,malicious-ip,medium,WHITE,ziyadnz/hourly-ipv4,ziyadnz|hourly,2026-08-17T18:48:05Z,2026-08-17T18:48:05Z,
20.65.192.67,ipv4,malicious-ip,medium,WHITE,ziyadnz/hourly-ipv4,ziyadnz|hourly,2026-08-17T18:48:05Z,2026-08-17T18:48:05Z,
20.65.192.71,ipv4,malicious-ip,medium,WHITE,ziyadnz/hourly-ipv4,ziyadnz|hourly,2026-08-17T18:48:05Z,2026-08-17T18:48:05Z,
20.65.192.98,ipv4,malicious-ip,medium,WHITE,ziyadnz/hourly-ipv4,ziyadnz|hourly,2026-08-17T18:48:05Z,2026-08-17T18:48:05Z,
20.65.193.0,ipv4,malicious-ip,medium,WHITE,ziyadnz/hourly-ipv4,ziyadnz|hourly,2026-08-17T18:48:05Z,2026-08-17T18:48:05Z,
20.65.193.1,ipv4,malicious-ip,medium,WHITE,ziyadnz/hourly-ipv4,ziyadnz|hourly,2026-08-17T18:48:05Z,2026-08-17T18:48:05Z,
20.65.193.104,ipv4,malicious-ip,medium,WHITE,ziyadnz/hourly-ipv4,ziyadnz|hourly,2026-08-17T18:48:05Z,2026-08-17T18:48:05Z,
20.65.193.105,ipv4,malicious-ip,medium,WHITE,ziyadnz/hourly-ipv4,ziyadnz|hourly,2026-08-17T18:48:05Z,2026-08-17T18:48:05Z,
20.65.193.108,ipv4,malicious-ip,medium,WHITE,ziyadnz/hourly-ipv4,ziyadnz|hourly,2026-08-17T18:48:05Z,2026-08-17T18:48:05Z,
20.65.193.112,ipv4,malicious-ip,medium,WHITE,ziyadnz/hourly-ipv4,ziyadnz|hourly,2026-08-17T18:48:05Z,2026-08-17T18:48:05Z,
20.65.193.113,ipv4,malicious-ip,medium,WHITE,ziyadnz/hourly-ipv4,ziyadnz|hourly,2026-08-17T18:48:05Z,2026-08-17T18:48:05Z,
20.65.193.121,ipv4,malicious-ip,medium,WHITE,ziyadnz/hourly-ipv4,ziyadnz|hourly,2026-08-17T18:48:05Z,2026-08-17T18:48:05Z,
20.65.193.127,ipv4,malicious-ip,medium,WHITE,ziyadnz/hourly-ipv4,ziyadnz|hourly,2026-08-17T18:48:05Z,2026-08-17T18:48:05Z,
20.65.193.129,ipv4,malicious-ip,medium,WHITE,ziyadnz/hourly-ipv4,ziyadnz|hourly,2026-08-17T18:48:05Z,2026-08-17T18:48:05Z,
20.65.193.130,ipv4,malicious-ip,medium,WHITE,ziyadnz/hourly-ipv4,ziyadnz|hourly,2026-08-17T18:48:05Z,2026-08-17T18:48:05Z,
20.65.193.136,ipv4,malicious-ip,medium,WHITE,ziyadnz/hourly-ipv4,ziyadnz|hourly,2026-08-17T18:48:05Z,2026-08-17T18:48:05Z,
20.65.193.137,ipv4,malicious-ip,medium,WHITE,ziyadnz/hourly-ipv4,ziyadnz|hourly,2026-08-17T18:48:05Z,2026-08-17T18:48:05Z,
20.65.193.148,ipv4,malicious-ip,medium,WHITE,ziyadnz/hourly-ipv4,ziyadnz|hourly,2026-08-17T18:48:05Z,2026-08-17T18:48:05Z,
20.65.193.150,ipv4,malicious-ip,medium,WHITE,ziyadnz/hourly-ipv4,ziyadnz|hourly,2026-08-17T18:48:05Z,2026-08-17T18:48:05Z,
20.65.193.152,ipv4,malicious-ip,medium,WHITE,ziyadnz/hourly-ipv4,ziyadnz|hourly,2026-08-17T18:48:05Z,2026-08-17T18:48:05Z,
20.65.193.155,ipv4,malicious-ip,medium,WHITE,ziyadnz/hourly-ipv4,ziyadnz|hourly,2026-08-17T18:48:05Z,2026-08-17T18:48:05Z,
20.65.193.158,ipv4,malicious-ip,medium,WHITE,ziyadnz/hourly-ipv4,ziyadnz|hourly,2026-08-17T18:48:05Z,2026-08-17T18:48:05Z,
20.65.193.159,ipv4,malicious-ip,medium,WHITE,ziyadnz/hourly-ipv4,ziyadnz|hourly,2026-08-17T18:48:05Z,2026-08-17T18:48:05Z,
20.65.193.163,ipv4,malicious-ip,medium,WHITE,ziyadnz/hourly-ipv4,ziyadnz|hourly,2026-08-17T18:48:05Z,2026-08-17T18:48:05Z,
20.65.193.168,ipv4,malicious-ip,medium,WHITE,ziyadnz/hourly-ipv4,ziyadnz|hourly,2026-08-17T18:48:05Z,2026-08-17T18:48:05Z,
20.65.193.170,ipv4,malicious-ip,medium,WHITE,ziyadnz/hourly-ipv4,ziyadnz|hourly,2026-08-17T18:48:05Z,2026-08-17T18:48:05Z,
20.65.193.174,ipv4,malicious-ip,medium,WHITE,ziyadnz/hourly-ipv4,ziyadnz|hourly,2026-08-17T18:48:05Z,2026-08-17T18:48:05Z,
20.65.193.176,ipv4,malicious-ip,medium,WHITE,ziyadnz/hourly-ipv4,ziyadnz|hourly,2026-08-17T18:48:05Z,2026-08-17T18:48:05Z,
20.65.193.177,ipv4,malicious-ip,medium,WHITE,ziyadnz/hourly-ipv4,ziyadnz|hourly,2026-08-17T18:48:05Z,2026-08-17T18:48:05Z,
20.65.193.183,ipv4,malicious-ip,medium,WHITE,ziyadnz/hourly-ipv4,ziyadnz|hourly,2026-08-17T18:48:05Z,2026-08-17T18:48:05Z,
20.65.193.188,ipv4,malicious-ip,medium,WHITE,ziyadnz/hourly-ipv4,ziyadnz|hourly,2026-08-17T18:48:05Z,2026-08-17T18:48:05Z,
20.65.193.189,ipv4,malicious-ip,medium,WHITE,ziyadnz/hourly-ipv4,ziyadnz|hourly,2026-08-17T18:48:05Z,2026-08-17T18:48:05Z,
20.65.193.19,ipv4,malicious-ip,medium,WHITE,ziyadnz/hourly-ipv4,ziyadnz|hourly,2026-08-17T18:48:05Z,2026-08-17T18:48:05Z,
20.65.193.190,ipv4,malicious-ip,medium,WHITE,ziyadnz/hourly-ipv4,ziyadnz|hourly,2026-08-17T18:48:05Z,2026-08-17T18:48:05Z,
20.65.193.191,ipv4,malicious-ip,medium,WHITE,ziyadnz/hourly-ipv4,ziyadnz|hourly,2026-08-17T18:48:05Z,2026-08-17T18:48:05Z,
20.65.193.195,ipv4,malicious-ip,medium,WHITE,ziyadnz/hourly-ipv4,ziyadnz|hourly,2026-08-17T18:48:05Z,2026-08-17T18:48:05Z,
20.65.193.198,ipv4,malicious-ip,medium,WHITE,ziyadnz/hourly-ipv4,ziyadnz|hourly,2026-08-17T18:48:05Z,2026-08-17T18:48:05Z,
20.65.193.199,ipv4,malicious-ip,medium,WHITE,ziyadnz/hourly-ipv4,ziyadnz|hourly,2026-08-17T18:48:05Z,2026-08-17T18:48:05Z,
20.65.193.201,ipv4,malicious-ip,medium,WHITE,ziyadnz/hourly-ipv4,ziyadnz|hourly,2026-08-17T18:48:05Z,2026-08-17T18:48:05Z,
20.65.193.203,ipv4,malicious-ip,medium,WHITE,ziyadnz/hourly-ipv4,ziyadnz|hourly,2026-08-17T18:48:05Z,2026-08-17T18:48:05Z,
20.65.193.204,ipv4,malicious-ip,medium,WHITE,ziyadnz/hourly-ipv4,ziyadnz|hourly,2026-08-17T18:48:05Z,2026-08-17T18:48:05Z,
20.65.193.205,ipv4,malicious-ip,medium,WHITE,ziyadnz/hourly-ipv4,ziyadnz|hourly,2026-08-17T18:48:05Z,2026-08-17T18:48:05Z,
20.65.193.206,ipv4,malicious-ip,medium,WHITE,ziyadnz/hourly-ipv4,ziyadnz|hourly,2026-08-17T18:48:05Z,2026-08-17T18:48:05Z,
20.65.193.207,ipv4,malicious-ip,medium,WHITE,ziyadnz/hourly-ipv4,ziyadnz|hourly,2026-08-17T18:48:05Z,2026-08-17T18:48:05Z,
20.65.193.213,ipv4,malicious-ip,medium,WHITE,ziyadnz/hourly-ipv4,ziyadnz|hourly,2026-08-17T18:48:05Z,2026-08-17T18:48:05Z,
20.65.193.225,ipv4,malicious-ip,medium,WHITE,ziyadnz/hourly-ipv4,ziyadnz|hourly,2026-08-17T18:48:05Z,2026-08-17T18:48:05Z,
20.65.193.226,ipv4,malicious-ip,medium,WHITE,ziyadnz/hourly-ipv4,ziyadnz|hourly,2026-08-17T18:48:05Z,2026-08-17T18:48:05Z,
20.65.193.230,ipv4,malicious-ip,medium,WHITE,ziyadnz/hourly-ipv4,ziyadnz|hourly,2026-08-17T18:48:05Z,2026-08-17T18:48:05Z,
20.65.193.233,ipv4,malicious-ip,medium,WHITE,ziyadnz/hourly-ipv4,ziyadnz|hourly,2026-08-17T18:48:05Z,2026-08-17T18:48:05Z,
20.65.193.234,ipv4,malicious-ip,medium,WHITE,ziyadnz/hourly-ipv4,ziyadnz|hourly,2026-08-17T18:48:05Z,2026-08-17T18:48:05Z,
20.65.193.242,ipv4,malicious-ip,medium,WHITE,ziyadnz/hourly-ipv4,ziyadnz|hourly,2026-08-17T18:48:05Z,2026-08-17T18:48:05Z,
20.65.193.243,ipv4,malicious-ip,medium,WHITE,ziyadnz/hourly-ipv4,ziyadnz|hourly,2026-08-17T18:48:05Z,2026-08-17T18:48:05Z,
20.65.193.244,ipv4,malicious-ip,medium,WHITE,ziyadnz/hourly-ipv4,ziyadnz|hourly,2026-08-17T18:48:05Z,2026-08-17T18:48:05Z,
20.65.193.252,ipv4,malicious-ip,medium,WHITE,ziyadnz/hourly-ipv4,ziyadnz|hourly,2026-08-17T18:48:05Z,2026-08-17T18:48:05Z,
20.65.193.254,ipv4,malicious-ip,medium,WHITE,ziyadnz/hourly-ipv4,ziyadnz|hourly,2026-08-17T18:48:05Z,2026-08-17T18:48:05Z,
20.65.193.255,ipv4,malicious-ip,medium,WHITE,ziyadnz/hourly-ipv4,ziyadnz|hourly,2026-08-17T18:48:05Z,2026-08-17T18:48:05Z,
20.65.193.28,ipv4,malicious-ip,medium,WHITE,ziyadnz/hourly-ipv4,ziyadnz|hourly,2026-08-17T18:48:05Z,2026-08-17T18:48:05Z,
20.65.193.34,ipv4,malicious-ip,medium,WHITE,ziyadnz/hourly-ipv4,ziyadnz|hourly,2026-08-17T18:48:05Z,2026-08-17T18:48:05Z,
20.65.193.35,ipv4,malicious-ip,medium,WHITE,ziyadnz/hourly-ipv4,ziyadnz|hourly,2026-08-17T18:48:05Z,2026-08-17T18:48:05Z,
20.65.193.54,ipv4,malicious-ip,medium,WHITE,ziyadnz/hourly-ipv4,ziyadnz|hourly,2026-08-17T18:48:05Z,2026-08-17T18:48:05Z,
20.65.193.55,ipv4,malicious-ip,medium,WHITE,ziyadnz/hourly-ipv4,ziyadnz|hourly,2026-08-17T18:48:05Z,2026-08-17T18:48:05Z,
20.65.193.61,ipv4,malicious-ip,medium,WHITE,ziyadnz/hourly-ipv4,ziyadnz|hourly,2026-08-17T18:48:05Z,2026-08-17T18:48:05Z,
20.65.193.66,ipv4,malicious-ip,medium,WHITE,ziyadnz/hourly-ipv4,ziyadnz|hourly,2026-08-17T18:48:05Z,2026-08-17T18:48:05Z,
20.65.193.67,ipv4,malicious-ip,medium,WHITE,ziyadnz/hourly-ipv4,ziyadnz|hourly,2026-08-17T18:48:05Z,2026-08-17T18:48:05Z,
20.65.193.78,ipv4,malicious-ip,medium,WHITE,ziyadnz/hourly-ipv4,ziyadnz|hourly,2026-08-17T18:48:05Z,2026-08-17T18:48:05Z,
20.65.193.79,ipv4,malicious-ip,medium,WHITE,ziyadnz/hourly-ipv4,ziyadnz|hourly,2026-08-17T18:48:05Z,2026-08-17T18:48:05Z,
20.65.193.82,ipv4,malicious-ip,medium,WHITE,ziyadnz/hourly-ipv4,ziyadnz|hourly,2026-08-17T18:48:05Z,2026-08-17T18:48:05Z,
20.65.193.83,ipv4,malicious-ip,medium,WHITE,ziyadnz/hourly-ipv4,ziyadnz|hourly,2026-08-17T18:48:05Z,2026-08-17T18:48:05Z,
20.65.193.89,ipv4,malicious-ip,medium,WHITE,ziyadnz/hourly-ipv4,ziyadnz|hourly,2026-08-17T18:48:05Z,2026-08-17T18:48:05Z,
20.65.193.90,ipv4,malicious-ip,medium,WHITE,ziyadnz/hourly-ipv4,ziyadnz|hourly,2026-08-17T18:48:05Z,2026-08-17T18:48:05Z,
20.65.193.94,ipv4,malicious-ip,medium,WHITE,ziyadnz/hourly-ipv4,ziyadnz|hourly,2026-08-17T18:48:05Z,2026-08-17T18:48:05Z,
20.65.194.0,ipv4,malicious-ip,medium,WHITE,ziyadnz/hourly-ipv4,ziyadnz|hourly,2026-08-17T18:48:05Z,2026-08-17T18:48:05Z,
20.65.194.102,ipv4,malicious-ip,medium,WHITE,ziyadnz/hourly-ipv4,ziyadnz|hourly,2026-08-17T18:48:05Z,2026-08-17T18:48:05Z,
20.65.194.103,ipv4,malicious-ip,medium,WHITE,ziyadnz/hourly-ipv4,ziyadnz|hourly,2026-08-17T18:48:05Z,2026-08-17T18:48:05Z,
20.65.194.104,ipv4,malicious-ip,medium,WHITE,ziyadnz/hourly-ipv4,ziyadnz|hourly,2026-08-17T18:48:05Z,2026-08-17T18:48:05Z,
20.65.194.105,ipv4,malicious-ip,medium,WHITE,ziyadnz/hourly-ipv4,ziyadnz|hourly,2026-08-17T18:48:05Z,2026-08-17T18:48:05Z,
20.65.194.108,ipv4,malicious-ip,medium,WHITE,ziyadnz/hourly-ipv4,ziyadnz|hourly,2026-08-17T18:48:05Z,2026-08-17T18:48:05Z,
20.65.194.111,ipv4,malicious-ip,medium,WHITE,ziyadnz/hourly-ipv4,ziyadnz|hourly,2026-08-17T18:48:05Z,2026-08-17T18:48:05Z,
20.65.194.112,ipv4,malicious-ip,medium,WHITE,ziyadnz/hourly-ipv4,ziyadnz|hourly,2026-08-17T18:48:05Z,2026-08-17T18:48:05Z,
20.65.194.113,ipv4,malicious-ip,medium,WHITE,ziyadnz/hourly-ipv4,ziyadnz|hourly,2026-08-17T18:48:05Z,2026-08-17T18:48:05Z,
20.65.194.117,ipv4,malicious-ip,medium,WHITE,ziyadnz/hourly-ipv4,ziyadnz|hourly,2026-08-17T18:48:05Z,2026-08-17T18:48:05Z,
20.65.194.119,ipv4,malicious-ip,medium,WHITE,ziyadnz/hourly-ipv4,ziyadnz|hourly,2026-08-17T18:48:05Z,2026-08-17T18:48:05Z,
20.65.194.121,ipv4,malicious-ip,medium,WHITE,ziyadnz/hourly-ipv4,ziyadnz|hourly,2026-08-17T18:48:05Z,2026-08-17T18:48:05Z,
20.65.194.122,ipv4,malicious-ip,medium,WHITE,ziyadnz/hourly-ipv4,ziyadnz|hourly,2026-08-17T18:48:05Z,2026-08-17T18:48:05Z,
20.65.194.123,ipv4,malicious-ip,medium,WHITE,ziyadnz/hourly-ipv4,ziyadnz|hourly,2026-08-17T18:48:05Z,2026-08-17T18:48:05Z,
20.65.194.128,ipv4,malicious-ip,medium,WHITE,ziyadnz/hourly-ipv4,ziyadnz|hourly,2026-08-17T18:48:05Z,2026-08-17T18:48:05Z,
20.65.194.129,ipv4,malicious-ip,medium,WHITE,ziyadnz/hourly-ipv4,ziyadnz|hourly,2026-08-17T18:48:05Z,2026-08-17T18:48:05Z,
20.65.194.130,ipv4,malicious-ip,medium,WHITE,ziyadnz/hourly-ipv4,ziyadnz|hourly,2026-08-17T18:48:05Z,2026-08-17T18:48:05Z,
20.65.194.132,ipv4,malicious-ip,medium,WHITE,ziyadnz/hourly-ipv4,ziyadnz|hourly,2026-08-17T18:48:05Z,2026-08-17T18:48:05Z,
20.65.194.133,ipv4,malicious-ip,medium,WHITE,ziyadnz/hourly-ipv4,ziyadnz|hourly,2026-08-17T18:48:05Z,2026-08-17T18:48:05Z,
20.65.194.142,ipv4,malicious-ip,medium,WHITE,ziyadnz/hourly-ipv4,ziyadnz|hourly,2026-08-17T18:48:05Z,2026-08-17T18:48:05Z,
20.65.194.143,ipv4,malicious-ip,medium,WHITE,ziyadnz/hourly-ipv4,ziyadnz|hourly,2026-08-17T18:48:05Z,2026-08-17T18:48:05Z,
20.65.194.16,ipv4,malicious-ip,medium,WHITE,ziyadnz/hourly-ipv4,ziyadnz|hourly,2026-08-17T18:48:05Z,2026-08-17T18:48:05Z,
20.65.194.160,ipv4,malicious-ip,medium,WHITE,ziyadnz/hourly-ipv4,ziyadnz|hourly,2026-08-17T18:48:05Z,2026-08-17T18:48:05Z,
20.65.194.161,ipv4,malicious-ip,medium,WHITE,ziyadnz/hourly-ipv4,ziyadnz|hourly,2026-08-17T18:48:05Z,2026-08-17T18:48:05Z,
20.65.194.162,ipv4,malicious-ip,medium,WHITE,ziyadnz/hourly-ipv4,ziyadnz|hourly,2026-08-17T18:48:05Z,2026-08-17T18:48:05Z,
20.65.194.164,ipv4,malicious-ip,medium,WHITE,ziyadnz/hourly-ipv4,ziyadnz|hourly,2026-08-17T18:48:05Z,2026-08-17T18:48:05Z,
20.65.194.166,ipv4,malicious-ip,medium,WHITE,ziyadnz/hourly-ipv4,ziyadnz|hourly,2026-08-17T18:48:05Z,2026-08-17T18:48:05Z,
20.65.194.167,ipv4,malicious-ip,medium,WHITE,ziyadnz/hourly-ipv4,ziyadnz|hourly,2026-08-17T18:48:05Z,2026-08-17T18:48:05Z,
20.65.194.168,ipv4,malicious-ip,medium,WHITE,ziyadnz/hourly-ipv4,ziyadnz|hourly,2026-08-17T18:48:05Z,2026-08-17T18:48:05Z,
20.65.194.169,ipv4,malicious-ip,medium,WHITE,ziyadnz/hourly-ipv4,ziyadnz|hourly,2026-08-17T18:48:05Z,2026-08-17T18:48:05Z,
20.65.194.174,ipv4,malicious-ip,medium,WHITE,ziyadnz/hourly-ipv4,ziyadnz|hourly,2026-08-17T18:48:05Z,2026-08-17T18:48:05Z,
20.65.194.175,ipv4,malicious-ip,medium,WHITE,ziyadnz/hourly-ipv4,ziyadnz|hourly,2026-08-17T18:48:05Z,2026-08-17T18:48:05Z,
20.65.194.176,ipv4,malicious-ip,medium,WHITE,ziyadnz/hourly-ipv4,ziyadnz|hourly,2026-08-17T18:48:05Z,2026-08-17T18:48:05Z,
20.65.194.180,ipv4,malicious-ip,medium,WHITE,ziyadnz/hourly-ipv4,ziyadnz|hourly,2026-08-17T18:48:05Z,2026-08-17T18:48:05Z,
20.65.194.182,ipv4,malicious-ip,medium,WHITE,ziyadnz/hourly-ipv4,ziyadnz|hourly,2026-08-17T18:48:05Z,2026-08-17T18:48:05Z,
20.65.194.183,ipv4,malicious-ip,medium,WHITE,ziyadnz/hourly-ipv4,ziyadnz|hourly,2026-08-17T18:48:05Z,2026-08-17T18:48:05Z,
20.65.194.188,ipv4,malicious-ip,medium,WHITE,ziyadnz/hourly-ipv4,ziyadnz|hourly,2026-08-17T18:48:05Z,2026-08-17T18:48:05Z,
20.65.194.189,ipv4,malicious-ip,medium,WHITE,ziyadnz/hourly-ipv4,ziyadnz|hourly,2026-08-17T18:48:05Z,2026-08-17T18:48:05Z,
20.65.194.2,ipv4,malicious-ip,medium,WHITE,ziyadnz/hourly-ipv4,ziyadnz|hourly,2026-08-17T18:48:05Z,2026-08-17T18:48:05Z,
20.65.194.25,ipv4,malicious-ip,medium,WHITE,ziyadnz/hourly-ipv4,ziyadnz|hourly,2026-08-17T18:48:05Z,2026-08-17T18:48:05Z,
20.65.194.27,ipv4,malicious-ip,medium,WHITE,ziyadnz/hourly-ipv4,ziyadnz|hourly,2026-08-17T18:48:05Z,2026-08-17T18:48:05Z,
20.65.194.28,ipv4,malicious-ip,medium,WHITE,ziyadnz/hourly-ipv4,ziyadnz|hourly,2026-08-17T18:48:05Z,2026-08-17T18:48:05Z,
20.65.194.29,ipv4,malicious-ip,medium,WHITE,ziyadnz/hourly-ipv4,ziyadnz|hourly,2026-08-17T18:48:05Z,2026-08-17T18:48:05Z,
20.65.194.36,ipv4,malicious-ip,medium,WHITE,ziyadnz/hourly-ipv4,ziyadnz|hourly,2026-08-17T18:48:05Z,2026-08-17T18:48:05Z,
20.65.194.38,ipv4,malicious-ip,medium,WHITE,ziyadnz/hourly-ipv4,ziyadnz|hourly,2026-08-17T18:48:05Z,2026-08-17T18:48:05Z,
20.65.194.40,ipv4,malicious-ip,medium,WHITE,ziyadnz/hourly-ipv4,ziyadnz|hourly,2026-08-17T18:48:05Z,2026-08-17T18:48:05Z,
20.65.194.42,ipv4,malicious-ip,medium,WHITE,ziyadnz/hourly-ipv4,ziyadnz|hourly,2026-08-17T18:48:05Z,2026-08-17T18:48:05Z,
20.65.194.43,ipv4,malicious-ip,medium,WHITE,ziyadnz/hourly-ipv4,ziyadnz|hourly,2026-08-17T18:48:05Z,2026-08-17T18:48:05Z,
20.65.194.46,ipv4,malicious-ip,medium,WHITE,ziyadnz/hourly-ipv4,ziyadnz|hourly,2026-08-17T18:48:05Z,2026-08-17T18:48:05Z,
20.65.194.47,ipv4,malicious-ip,medium,WHITE,ziyadnz/hourly-ipv4,ziyadnz|hourly,2026-08-17T18:48:05Z,2026-08-17T18:48:05Z,
20.65.194.48,ipv4,malicious-ip,medium,WHITE,ziyadnz/hourly-ipv4,ziyadnz|hourly,2026-08-17T18:48:05Z,2026-08-17T18:48:05Z,
20.65.194.54,ipv4,malicious-ip,medium,WHITE,ziyadnz/hourly-ipv4,ziyadnz|hourly,2026-08-17T18:48:05Z,2026-08-17T18:48:05Z,
20.65.194.56,ipv4,malicious-ip,medium,WHITE,ziyadnz/hourly-ipv4,ziyadnz|hourly,2026-08-17T18:48:05Z,2026-08-17T18:48:05Z,
20.65.194.57,ipv4,malicious-ip,medium,WHITE,ziyadnz/hourly-ipv4,ziyadnz|hourly,2026-08-17T18:48:05Z,2026-08-17T18:48:05Z,
20.65.194.58,ipv4,malicious-ip,medium,WHITE,ziyadnz/hourly-ipv4,ziyadnz|hourly,2026-08-17T18:48:05Z,2026-08-17T18:48:05Z,
20.65.194.59,ipv4,malicious-ip,medium,WHITE,ziyadnz/hourly-ipv4,ziyadnz|hourly,2026-08-17T18:48:05Z,2026-08-17T18:48:05Z,
20.65.194.6,ipv4,malicious-ip,medium,WHITE,ziyadnz/hourly-ipv4,ziyadnz|hourly,2026-08-17T18:48:05Z,2026-08-17T18:48:05Z,
20.65.194.60,ipv4,malicious-ip,medium,WHITE,ziyadnz/hourly-ipv4,ziyadnz|hourly,2026-08-17T18:48:05Z,2026-08-17T18:48:05Z,
20.65.194.61,ipv4,malicious-ip,medium,WHITE,ziyadnz/hourly-ipv4,ziyadnz|hourly,2026-08-17T18:48:05Z,2026-08-17T18:48:05Z,
20.65.194.66,ipv4,malicious-ip,medium,WHITE,ziyadnz/hourly-ipv4,ziyadnz|hourly,2026-08-17T18:48:05Z,2026-08-17T18:48:05Z,
20.65.194.68,ipv4,malicious-ip,medium,WHITE,ziyadnz/hourly-ipv4,ziyadnz|hourly,2026-08-17T18:48:05Z,2026-08-17T18:48:05Z,
20.65.194.73,ipv4,malicious-ip,medium,WHITE,ziyadnz/hourly-ipv4,ziyadnz|hourly,2026-08-17T18:48:05Z,2026-08-17T18:48:05Z,
20.65.194.76,ipv4,malicious-ip,medium,WHITE,ziyadnz/hourly-ipv4,ziyadnz|hourly,2026-08-17T18:48:05Z,2026-08-17T18:48:05Z,
20.65.194.77,ipv4,malicious-ip,medium,WHITE,ziyadnz/hourly-ipv4,ziyadnz|hourly,2026-08-17T18:48:05Z,2026-08-17T18:48:05Z,
20.65.194.80,ipv4,malicious-ip,medium,WHITE,ziyadnz/hourly-ipv4,ziyadnz|hourly,2026-08-17T18:48:05Z,2026-08-17T18:48:05Z,
20.65.194.81,ipv4,malicious-ip,medium,WHITE,ziyadnz/hourly-ipv4,ziyadnz|hourly,2026-08-17T18:48:05Z,2026-08-17T18:48:05Z,
20.65.194.85,ipv4,malicious-ip,medium,WHITE,ziyadnz/hourly-ipv4,ziyadnz|hourly,2026-08-17T18:48:05Z,2026-08-17T18:48:05Z,
20.65.194.87,ipv4,malicious-ip,medium,WHITE,ziyadnz/hourly-ipv4,ziyadnz|hourly,2026-08-17T18:48:05Z,2026-08-17T18:48:05Z,
20.65.194.88,ipv4,malicious-ip,medium,WHITE,ziyadnz/hourly-ipv4,ziyadnz|hourly,2026-08-17T18:48:05Z,2026-08-17T18:48:05Z,
20.65.194.9,ipv4,malicious-ip,medium,WHITE,ziyadnz/hourly-ipv4,ziyadnz|hourly,2026-08-17T18:48:05Z,2026-08-17T18:48:05Z,
20.65.194.92,ipv4,malicious-ip,medium,WHITE,ziyadnz/hourly-ipv4,ziyadnz|hourly,2026-08-17T18:48:05Z,2026-08-17T18:48:05Z,
20.65.194.96,ipv4,malicious-ip,medium,WHITE,ziyadnz/hourly-ipv4,ziyadnz|hourly,2026-08-17T18:48:05Z,2026-08-17T18:48:05Z,
20.65.194.99,ipv4,malicious-ip,medium,WHITE,ziyadnz/hourly-ipv4,ziyadnz|hourly,2026-08-17T18:48:05Z,2026-08-17T18:48:05Z,
20.65.195.0,ipv4,malicious-ip,medium,WHITE,ziyadnz/hourly-ipv4,ziyadnz|hourly,2026-08-17T18:48:05Z,2026-08-17T18:48:05Z,
20.65.195.105,ipv4,malicious-ip,medium,WHITE,ziyadnz/hourly-ipv4,ziyadnz|hourly,2026-08-17T18:48:05Z,2026-08-17T18:48:05Z,
20.65.195.108,ipv4,malicious-ip,medium,WHITE,ziyadnz/hourly-ipv4,ziyadnz|hourly,2026-08-17T18:48:05Z,2026-08-17T18:48:05Z,
20.65.195.109,ipv4,malicious-ip,medium,WHITE,ziyadnz/hourly-ipv4,ziyadnz|hourly,2026-08-17T18:48:05Z,2026-08-17T18:48:05Z,
20.65.195.112,ipv4,malicious-ip,medium,WHITE,ziyadnz/hourly-ipv4,ziyadnz|hourly,2026-08-17T18:48:05Z,2026-08-17T18:48:05Z,
20.65.195.113,ipv4,malicious-ip,medium,WHITE,ziyadnz/hourly-ipv4,ziyadnz|hourly,2026-08-17T18:48:05Z,2026-08-17T18:48:05Z,
20.65.195.117,ipv4,malicious-ip,medium,WHITE,ziyadnz/hourly-ipv4,ziyadnz|hourly,2026-08-17T18:48:05Z,2026-08-17T18:48:05Z,
20.65.195.118,ipv4,malicious-ip,medium,WHITE,ziyadnz/hourly-ipv4,ziyadnz|hourly,2026-08-17T18:48:05Z,2026-08-17T18:48:05Z,
20.65.195.121,ipv4,malicious-ip,medium,WHITE,ziyadnz/hourly-ipv4,ziyadnz|hourly,2026-08-17T18:48:05Z,2026-08-17T18:48:05Z,
20.65.195.123,ipv4,malicious-ip,medium,WHITE,ziyadnz/hourly-ipv4,ziyadnz|hourly,2026-08-17T18:48:05Z,2026-08-17T18:48:05Z,
20.65.195.124,ipv4,malicious-ip,medium,WHITE,ziyadnz/hourly-ipv4,ziyadnz|hourly,2026-08-17T18:48:05Z,2026-08-17T18:48:05Z,
20.65.195.125,ipv4,malicious-ip,medium,WHITE,ziyadnz/hourly-ipv4,ziyadnz|hourly,2026-08-17T18:48:05Z,2026-08-17T18:48:05Z,
20.65.195.126,ipv4,malicious-ip,medium,WHITE,ziyadnz/hourly-ipv4,ziyadnz|hourly,2026-08-17T18:48:05Z,2026-08-17T18:48:05Z,
20.65.195.16,ipv4,malicious-ip,medium,WHITE,ziyadnz/hourly-ipv4,ziyadnz|hourly,2026-08-17T18:48:05Z,2026-08-17T18:48:05Z,
20.65.195.19,ipv4,malicious-ip,medium,WHITE,ziyadnz/hourly-ipv4,ziyadnz|hourly,2026-08-17T18:48:05Z,2026-08-17T18:48:05Z,
20.65.195.20,ipv4,malicious-ip,medium,WHITE,ziyadnz/hourly-ipv4,ziyadnz|hourly,2026-08-17T18:48:05Z,2026-08-17T18:48:05Z,
20.65.195.23,ipv4,malicious-ip,medium,WHITE,ziyadnz/hourly-ipv4,ziyadnz|hourly,2026-08-17T18:48:05Z,2026-08-17T18:48:05Z,
20.65.195.25,ipv4,malicious-ip,medium,WHITE,ziyadnz/hourly-ipv4,ziyadnz|hourly,2026-08-17T18:48:05Z,2026-08-17T18:48:05Z,
20.65.195.28,ipv4,malicious-ip,medium,WHITE,ziyadnz/hourly-ipv4,ziyadnz|hourly,2026-08-17T18:48:05Z,2026-08-17T18:48:05Z,
20.65.195.30,ipv4,malicious-ip,medium,WHITE,ziyadnz/hourly-ipv4,ziyadnz|hourly,2026-08-17T18:48:05Z,2026-08-17T18:48:05Z,
20.65.195.32,ipv4,malicious-ip,medium,WHITE,ziyadnz/hourly-ipv4,ziyadnz|hourly,2026-08-17T18:48:05Z,2026-08-17T18:48:05Z,
20.65.195.35,ipv4,malicious-ip,medium,WHITE,ziyadnz/hourly-ipv4,ziyadnz|hourly,2026-08-17T18:48:05Z,2026-08-17T18:48:05Z,
20.65.195.37,ipv4,malicious-ip,medium,WHITE,ziyadnz/hourly-ipv4,ziyadnz|hourly,2026-08-17T18:48:05Z,2026-08-17T18:48:05Z,
20.65.195.38,ipv4,malicious-ip,medium,WHITE,ziyadnz/hourly-ipv4,ziyadnz|hourly,2026-08-17T18:48:05Z,2026-08-17T18:48:05Z,
20.65.195.41,ipv4,malicious-ip,medium,WHITE,ziyadnz/hourly-ipv4,ziyadnz|hourly,2026-08-17T18:48:05Z,2026-08-17T18:48:05Z,
20.65.195.44,ipv4,malicious-ip,medium,WHITE,ziyadnz/hourly-ipv4,ziyadnz|hourly,2026-08-17T18:48:05Z,2026-08-17T18:48:05Z,
20.65.195.46,ipv4,malicious-ip,medium,WHITE,ziyadnz/hourly-ipv4,ziyadnz|hourly,2026-08-17T18:48:05Z,2026-08-17T18:48:05Z,
20.65.195.47,ipv4,malicious-ip,medium,WHITE,ziyadnz/hourly-ipv4,ziyadnz|hourly,2026-08-17T18:48:05Z,2026-08-17T18:48:05Z,
20.65.195.48,ipv4,malicious-ip,medium,WHITE,ziyadnz/hourly-ipv4,ziyadnz|hourly,2026-08-17T18:48:05Z,2026-08-17T18:48:05Z,
20.65.195.49,ipv4,malicious-ip,medium,WHITE,ziyadnz/hourly-ipv4,ziyadnz|hourly,2026-08-17T18:48:05Z,2026-08-17T18:48:05Z,
20.65.195.51,ipv4,malicious-ip,medium,WHITE,ziyadnz/hourly-ipv4,ziyadnz|hourly,2026-08-17T18:48:05Z,2026-08-17T18:48:05Z,
20.65.195.53,ipv4,malicious-ip,medium,WHITE,ziyadnz/hourly-ipv4,ziyadnz|hourly,2026-08-17T18:48:05Z,2026-08-17T18:48:05Z,
20.65.195.57,ipv4,malicious-ip,medium,WHITE,ziyadnz/hourly-ipv4,ziyadnz|hourly,2026-08-17T18:48:05Z,2026-08-17T18:48:05Z,
20.65.195.58,ipv4,malicious-ip,medium,WHITE,ziyadnz/hourly-ipv4,ziyadnz|hourly,2026-08-17T18:48:05Z,2026-08-17T18:48:05Z,
20.65.195.59,ipv4,malicious-ip,medium,WHITE,ziyadnz/hourly-ipv4,ziyadnz|hourly,2026-08-17T18:48:05Z,2026-08-17T18:48:05Z,
20.65.195.60,ipv4,malicious-ip,medium,WHITE,ziyadnz/hourly-ipv4,ziyadnz|hourly,2026-08-17T18:48:05Z,2026-08-17T18:48:05Z,
20.65.195.61,ipv4,malicious-ip,medium,WHITE,ziyadnz/hourly-ipv4,ziyadnz|hourly,2026-08-17T18:48:05Z,2026-08-17T18:48:05Z,
20.65.195.62,ipv4,malicious-ip,medium,WHITE,ziyadnz/hourly-ipv4,ziyadnz|hourly,2026-08-17T18:48:05Z,2026-08-17T18:48:05Z,
20.65.195.63,ipv4,malicious-ip,medium,WHITE,ziyadnz/hourly-ipv4,ziyadnz|hourly,2026-08-17T18:48:05Z,2026-08-17T18:48:05Z,
20.65.195.97,ipv4,malicious-ip,medium,WHITE,ziyadnz/hourly-ipv4,ziyadnz|hourly,2026-08-17T18:48:05Z,2026-08-17T18:48:05Z,
20.65.201.12,ipv4,malicious-ip,medium,WHITE,ziyadnz/hourly-ipv4,ziyadnz|hourly,2026-08-17T18:48:05Z,2026-08-17T18:48:05Z,
20.65.201.33,ipv4,malicious-ip,medium,WHITE,ziyadnz/hourly-ipv4,ziyadnz|hourly,2026-08-17T18:48:05Z,2026-08-17T18:48:05Z,
20.65.202.2,ipv4,malicious-ip,medium,WHITE,ziyadnz/hourly-ipv4,ziyadnz|hourly,2026-08-17T18:48:05Z,2026-08-17T18:48:05Z,
20.65.216.44,ipv4,malicious-ip,medium,WHITE,ziyadnz/hourly-ipv4,ziyadnz|hourly,2026-08-17T18:48:05Z,2026-08-17T18:48:05Z,
20.65.217.120,ipv4,malicious-ip,medium,WHITE,ziyadnz/hourly-ipv4,ziyadnz|hourly,2026-08-17T18:48:05Z,2026-08-17T18:48:05Z,
20.65.217.70,ipv4,malicious-ip,medium,WHITE,ziyadnz/hourly-ipv4,ziyadnz|hourly,2026-08-17T18:48:05Z,2026-08-17T18:48:05Z,
20.65.217.81,ipv4,malicious-ip,medium,WHITE,ziyadnz/hourly-ipv4,ziyadnz|hourly,2026-08-17T18:48:05Z,2026-08-17T18:48:05Z,
20.65.217.91,ipv4,malicious-ip,medium,WHITE,ziyadnz/hourly-ipv4,ziyadnz|hourly,2026-08-17T18:48:05Z,2026-08-17T18:48:05Z,
20.65.219.131,ipv4,malicious-ip,medium,WHITE,ziyadnz/hourly-ipv4,ziyadnz|hourly,2026-08-17T18:48:05Z,2026-08-17T18:48:05Z,
20.65.219.43,ipv4,malicious-ip,medium,WHITE,ziyadnz/hourly-ipv4,ziyadnz|hourly,2026-08-17T18:48:05Z,2026-08-17T18:48:05Z,
20.65.219.49,ipv4,malicious-ip,medium,WHITE,ziyadnz/hourly-ipv4,ziyadnz|hourly,2026-08-17T18:48:05Z,2026-08-17T18:48:05Z,
20.65.219.72,ipv4,malicious-ip,medium,WHITE,ziyadnz/hourly-ipv4,ziyadnz|hourly,2026-08-17T18:48:05Z,2026-08-17T18:48:05Z,
20.65.224.144,ipv4,malicious-ip,medium,WHITE,ziyadnz/hourly-ipv4,ziyadnz|hourly,2026-08-17T18:48:05Z,2026-08-17T18:48:05Z,
20.65.226.8,ipv4,malicious-ip,medium,WHITE,ziyadnz/hourly-ipv4,ziyadnz|hourly,2026-08-17T18:48:05Z,2026-08-17T18:48:05Z,
20.74.132.130,ipv4,malicious-ip,medium,WHITE,ziyadnz/hourly-ipv4,ziyadnz|hourly,2026-08-17T18:48:05Z,2026-08-17T18:48:05Z,
20.74.62.237,ipv4,malicious-ip,medium,WHITE,ziyadnz/hourly-ipv4,ziyadnz|hourly,2026-08-17T18:48:05Z,2026-08-17T18:48:05Z,
20.75.217.65,ipv4,malicious-ip,medium,WHITE,ziyadnz/hourly-ipv4,ziyadnz|hourly,2026-08-17T18:48:05Z,2026-08-17T18:48:05Z,
20.77.8.148,ipv4,malicious-ip,medium,WHITE,ziyadnz/hourly-ipv4,ziyadnz|hourly,2026-08-17T18:48:05Z,2026-08-17T18:48:05Z,
20.78.0.33,ipv4,malicious-ip,medium,WHITE,ziyadnz/hourly-ipv4,ziyadnz|hourly,2026-08-17T18:48:05Z,2026-08-17T18:48:05Z,
20.78.144.15,ipv4,malicious-ip,medium,WHITE,ziyadnz/hourly-ipv4,ziyadnz|hourly,2026-08-17T18:48:05Z,2026-08-17T18:48:05Z,
20.78.146.33,ipv4,malicious-ip,medium,WHITE,ziyadnz/hourly-ipv4,ziyadnz|hourly,2026-08-17T18:48:05Z,2026-08-17T18:48:05Z,
20.80.20.107,ipv4,malicious-ip,medium,WHITE,ziyadnz/hourly-ipv4,ziyadnz|hourly,2026-08-17T18:48:05Z,2026-08-17T18:48:05Z,
20.80.35.63,ipv4,malicious-ip,medium,WHITE,ziyadnz/hourly-ipv4,ziyadnz|hourly,2026-08-17T18:48:05Z,2026-08-17T18:48:05Z,
20.80.72.204,ipv4,malicious-ip,medium,WHITE,ziyadnz/hourly-ipv4,ziyadnz|hourly,2026-08-17T18:48:05Z,2026-08-17T18:48:05Z,
20.80.88.0,ipv4,malicious-ip,medium,WHITE,ziyadnz/hourly-ipv4,ziyadnz|hourly,2026-08-17T18:48:05Z,2026-08-17T18:48:05Z,
20.80.88.134,ipv4,malicious-ip,medium,WHITE,ziyadnz/hourly-ipv4,ziyadnz|hourly,2026-08-17T18:48:05Z,2026-08-17T18:48:05Z,
20.80.88.160,ipv4,malicious-ip,medium,WHITE,ziyadnz/hourly-ipv4,ziyadnz|hourly,2026-08-17T18:48:05Z,2026-08-17T18:48:05Z,
20.80.88.167,ipv4,malicious-ip,medium,WHITE,ziyadnz/hourly-ipv4,ziyadnz|hourly,2026-08-17T18:48:05Z,2026-08-17T18:48:05Z,
20.80.88.197,ipv4,malicious-ip,medium,WHITE,ziyadnz/hourly-ipv4,ziyadnz|hourly,2026-08-17T18:48:05Z,2026-08-17T18:48:05Z,
20.80.88.209,ipv4,malicious-ip,medium,WHITE,ziyadnz/hourly-ipv4,ziyadnz|hourly,2026-08-17T18:48:05Z,2026-08-17T18:48:05Z,
20.80.88.247,ipv4,malicious-ip,medium,WHITE,ziyadnz/hourly-ipv4,ziyadnz|hourly,2026-08-17T18:48:05Z,2026-08-17T18:48:05Z,
20.80.88.32,ipv4,malicious-ip,medium,WHITE,ziyadnz/hourly-ipv4,ziyadnz|hourly,2026-08-17T18:48:05Z,2026-08-17T18:48:05Z,
20.80.88.7,ipv4,malicious-ip,medium,WHITE,ziyadnz/hourly-ipv4,ziyadnz|hourly,2026-08-17T18:48:05Z,2026-08-17T18:48:05Z,
20.81.158.151,ipv4,malicious-ip,medium,WHITE,ziyadnz/hourly-ipv4,ziyadnz|hourly,2026-08-17T18:48:05Z,2026-08-17T18:48:05Z,
20.81.45.34,ipv4,malicious-ip,medium,WHITE,ziyadnz/hourly-ipv4,ziyadnz|hourly,2026-08-17T18:48:05Z,2026-08-17T18:48:05Z,
20.81.46.129,ipv4,malicious-ip,medium,WHITE,ziyadnz/hourly-ipv4,ziyadnz|hourly,2026-08-17T18:48:05Z,2026-08-17T18:48:05Z,
20.81.46.136,ipv4,malicious-ip,medium,WHITE,ziyadnz/hourly-ipv4,ziyadnz|hourly,2026-08-17T18:48:05Z,2026-08-17T18:48:05Z,
20.81.46.143,ipv4,malicious-ip,medium,WHITE,ziyadnz/hourly-ipv4,ziyadnz|hourly,2026-08-17T18:48:05Z,2026-08-17T18:48:05Z,
20.81.46.39,ipv4,malicious-ip,medium,WHITE,ziyadnz/hourly-ipv4,ziyadnz|hourly,2026-08-17T18:48:05Z,2026-08-17T18:48:05Z,
20.81.47.184,ipv4,malicious-ip,medium,WHITE,ziyadnz/hourly-ipv4,ziyadnz|hourly,2026-08-17T18:48:05Z,2026-08-17T18:48:05Z,
20.81.47.186,ipv4,malicious-ip,medium,WHITE,ziyadnz/hourly-ipv4,ziyadnz|hourly,2026-08-17T18:48:05Z,2026-08-17T18:48:05Z,
20.82.136.249,ipv4,malicious-ip,medium,WHITE,ziyadnz/hourly-ipv4,ziyadnz|hourly,2026-08-17T18:48:05Z,2026-08-17T18:48:05Z,
20.82.137.39,ipv4,malicious-ip,medium,WHITE,ziyadnz/hourly-ipv4,ziyadnz|hourly,2026-08-17T18:48:05Z,2026-08-17T18:48:05Z,
20.82.144.240,ipv4,malicious-ip,medium,WHITE,ziyadnz/hourly-ipv4,ziyadnz|hourly,2026-08-17T18:48:05Z,2026-08-17T18:48:05Z,
20.82.167.128,ipv4,malicious-ip,medium,WHITE,ziyadnz/hourly-ipv4,ziyadnz|hourly,2026-08-17T18:48:05Z,2026-08-17T18:48:05Z,
20.82.185.239,ipv4,malicious-ip,medium,WHITE,ziyadnz/hourly-ipv4,ziyadnz|hourly,2026-08-17T18:48:05Z,2026-08-17T18:48:05Z,
20.83.144.206,ipv4,malicious-ip,medium,WHITE,ziyadnz/hourly-ipv4,ziyadnz|hourly,2026-08-17T18:48:05Z,2026-08-17T18:48:05Z,
20.83.150.53,ipv4,malicious-ip,medium,WHITE,ziyadnz/hourly-ipv4,ziyadnz|hourly,2026-08-17T18:48:05Z,2026-08-17T18:48:05Z,
20.83.150.79,ipv4,malicious-ip,medium,WHITE,ziyadnz/hourly-ipv4,ziyadnz|hourly,2026-08-17T18:48:05Z,2026-08-17T18:48:05Z,
20.83.151.102,ipv4,malicious-ip,medium,WHITE,ziyadnz/hourly-ipv4,ziyadnz|hourly,2026-08-17T18:48:05Z,2026-08-17T18:48:05Z,
20.83.165.140,ipv4,malicious-ip,medium,WHITE,ziyadnz/hourly-ipv4,ziyadnz|hourly,2026-08-17T18:48:05Z,2026-08-17T18:48:05Z,
20.83.165.36,ipv4,malicious-ip,medium,WHITE,ziyadnz/hourly-ipv4,ziyadnz|hourly,2026-08-17T18:48:05Z,2026-08-17T18:48:05Z,
20.83.167.20,ipv4,malicious-ip,medium,WHITE,ziyadnz/hourly-ipv4,ziyadnz|hourly,2026-08-17T18:48:05Z,2026-08-17T18:48:05Z,
20.83.167.27,ipv4,malicious-ip,medium,WHITE,ziyadnz/hourly-ipv4,ziyadnz|hourly,2026-08-17T18:48:05Z,2026-08-17T18:48:05Z,
20.83.167.28,ipv4,malicious-ip,medium,WHITE,ziyadnz/hourly-ipv4,ziyadnz|hourly,2026-08-17T18:48:05Z,2026-08-17T18:48:05Z,
20.83.167.30,ipv4,malicious-ip,medium,WHITE,ziyadnz/hourly-ipv4,ziyadnz|hourly,2026-08-17T18:48:05Z,2026-08-17T18:48:05Z,
20.83.167.33,ipv4,malicious-ip,medium,WHITE,ziyadnz/hourly-ipv4,ziyadnz|hourly,2026-08-17T18:48:05Z,2026-08-17T18:48:05Z,
20.83.170.244,ipv4,malicious-ip,medium,WHITE,ziyadnz/hourly-ipv4,ziyadnz|hourly,2026-08-17T18:48:05Z,2026-08-17T18:48:05Z,
20.83.173.252,ipv4,malicious-ip,medium,WHITE,ziyadnz/hourly-ipv4,ziyadnz|hourly,2026-08-17T18:48:05Z,2026-08-17T18:48:05Z,
20.83.175.151,ipv4,malicious-ip,medium,WHITE,ziyadnz/hourly-ipv4,ziyadnz|hourly,2026-08-17T18:48:05Z,2026-08-17T18:48:05Z,
20.83.185.81,ipv4,malicious-ip,medium,WHITE,ziyadnz/hourly-ipv4,ziyadnz|hourly,2026-08-17T18:48:05Z,2026-08-17T18:48:05Z,
20.83.228.68,ipv4,malicious-ip,medium,WHITE,ziyadnz/hourly-ipv4,ziyadnz|hourly,2026-08-17T18:48:05Z,2026-08-17T18:48:05Z,
20.83.27.0,ipv4,malicious-ip,medium,WHITE,ziyadnz/hourly-ipv4,ziyadnz|hourly,2026-08-17T18:48:05Z,2026-08-17T18:48:05Z,
20.83.27.140,ipv4,malicious-ip,medium,WHITE,ziyadnz/hourly-ipv4,ziyadnz|hourly,2026-08-17T18:48:05Z,2026-08-17T18:48:05Z,
20.83.27.149,ipv4,malicious-ip,medium,WHITE,ziyadnz/hourly-ipv4,ziyadnz|hourly,2026-08-17T18:48:05Z,2026-08-17T18:48:05Z,
20.83.27.168,ipv4,malicious-ip,medium,WHITE,ziyadnz/hourly-ipv4,ziyadnz|hourly,2026-08-17T18:48:05Z,2026-08-17T18:48:05Z,
20.83.27.184,ipv4,malicious-ip,medium,WHITE,ziyadnz/hourly-ipv4,ziyadnz|hourly,2026-08-17T18:48:05Z,2026-08-17T18:48:05Z,
20.83.27.50,ipv4,malicious-ip,medium,WHITE,ziyadnz/hourly-ipv4,ziyadnz|hourly,2026-08-17T18:48:05Z,2026-08-17T18:48:05Z,
20.83.27.89,ipv4,malicious-ip,medium,WHITE,ziyadnz/hourly-ipv4,ziyadnz|hourly,2026-08-17T18:48:05Z,2026-08-17T18:48:05Z,
20.83.32.170,ipv4,malicious-ip,medium,WHITE,ziyadnz/hourly-ipv4,ziyadnz|hourly,2026-08-17T18:48:05Z,2026-08-17T18:48:05Z,
20.83.32.182,ipv4,malicious-ip,medium,WHITE,ziyadnz/hourly-ipv4,ziyadnz|hourly,2026-08-17T18:48:05Z,2026-08-17T18:48:05Z,
20.83.48.204,ipv4,malicious-ip,medium,WHITE,ziyadnz/hourly-ipv4,ziyadnz|hourly,2026-08-17T18:48:05Z,2026-08-17T18:48:05Z,
20.84.117.189,ipv4,malicious-ip,medium,WHITE,ziyadnz/hourly-ipv4,ziyadnz|hourly,2026-08-17T18:48:05Z,2026-08-17T18:48:05Z,
20.84.117.55,ipv4,malicious-ip,medium,WHITE,ziyadnz/hourly-ipv4,ziyadnz|hourly,2026-08-17T18:48:05Z,2026-08-17T18:48:05Z,
20.84.118.60,ipv4,malicious-ip,medium,WHITE,ziyadnz/hourly-ipv4,ziyadnz|hourly,2026-08-17T18:48:05Z,2026-08-17T18:48:05Z,
20.84.119.5,ipv4,malicious-ip,medium,WHITE,ziyadnz/hourly-ipv4,ziyadnz|hourly,2026-08-17T18:48:05Z,2026-08-17T18:48:05Z,
20.84.144.113,ipv4,malicious-ip,medium,WHITE,ziyadnz/hourly-ipv4,ziyadnz|hourly,2026-08-17T18:48:05Z,2026-08-17T18:48:05Z,
20.84.144.154,ipv4,malicious-ip,medium,WHITE,ziyadnz/hourly-ipv4,ziyadnz|hourly,2026-08-17T18:48:05Z,2026-08-17T18:48:05Z,
20.84.144.171,ipv4,malicious-ip,medium,WHITE,ziyadnz/hourly-ipv4,ziyadnz|hourly,2026-08-17T18:48:05Z,2026-08-17T18:48:05Z,
20.84.145.58,ipv4,malicious-ip,medium,WHITE,ziyadnz/hourly-ipv4,ziyadnz|hourly,2026-08-17T18:48:05Z,2026-08-17T18:48:05Z,
20.84.145.61,ipv4,malicious-ip,medium,WHITE,ziyadnz/hourly-ipv4,ziyadnz|hourly,2026-08-17T18:48:05Z,2026-08-17T18:48:05Z,
20.84.145.62,ipv4,malicious-ip,medium,WHITE,ziyadnz/hourly-ipv4,ziyadnz|hourly,2026-08-17T18:48:05Z,2026-08-17T18:48:05Z,
20.84.145.84,ipv4,malicious-ip,medium,WHITE,ziyadnz/hourly-ipv4,ziyadnz|hourly,2026-08-17T18:48:05Z,2026-08-17T18:48:05Z,
20.84.162.248,ipv4,malicious-ip,medium,WHITE,ziyadnz/hourly-ipv4,ziyadnz|hourly,2026-08-17T18:48:05Z,2026-08-17T18:48:05Z,
20.84.166.43,ipv4,malicious-ip,medium,WHITE,ziyadnz/hourly-ipv4,ziyadnz|hourly,2026-08-17T18:48:05Z,2026-08-17T18:48:05Z,
20.84.23.223,ipv4,malicious-ip,medium,WHITE,ziyadnz/hourly-ipv4,ziyadnz|hourly,2026-08-17T18:48:05Z,2026-08-17T18:48:05Z,
20.84.41.22,ipv4,malicious-ip,medium,WHITE,ziyadnz/hourly-ipv4,ziyadnz|hourly,2026-08-17T18:48:05Z,2026-08-17T18:48:05Z,
20.84.58.231,ipv4,malicious-ip,medium,WHITE,ziyadnz/hourly-ipv4,ziyadnz|hourly,2026-08-17T18:48:05Z,2026-08-17T18:48:05Z,
20.84.60.216,ipv4,malicious-ip,medium,WHITE,ziyadnz/hourly-ipv4,ziyadnz|hourly,2026-08-17T18:48:05Z,2026-08-17T18:48:05Z,
20.84.61.38,ipv4,malicious-ip,medium,WHITE,ziyadnz/hourly-ipv4,ziyadnz|hourly,2026-08-17T18:48:05Z,2026-08-17T18:48:05Z,
20.84.68.210,ipv4,malicious-ip,medium,WHITE,ziyadnz/hourly-ipv4,ziyadnz|hourly,2026-08-17T18:48:05Z,2026-08-17T18:48:05Z,
20.84.78.51,ipv4,malicious-ip,medium,WHITE,ziyadnz/hourly-ipv4,ziyadnz|hourly,2026-08-17T18:48:05Z,2026-08-17T18:48:05Z,
20.85.246.45,ipv4,malicious-ip,medium,WHITE,ziyadnz/hourly-ipv4,ziyadnz|hourly,2026-08-17T18:48:05Z,2026-08-17T18:48:05Z,
20.86.18.105,ipv4,malicious-ip,medium,WHITE,ziyadnz/hourly-ipv4,ziyadnz|hourly,2026-08-17T18:48:05Z,2026-08-17T18:48:05Z,
20.88.55.220,ipv4,malicious-ip,medium,WHITE,ziyadnz/hourly-ipv4,ziyadnz|hourly,2026-08-17T18:48:05Z,2026-08-17T18:48:05Z,
20.89.131.147,ipv4,malicious-ip,medium,WHITE,ziyadnz/hourly-ipv4,ziyadnz|hourly,2026-08-17T18:48:05Z,2026-08-17T18:48:05Z,
20.89.226.32,ipv4,malicious-ip,medium,WHITE,ziyadnz/hourly-ipv4,ziyadnz|hourly,2026-08-17T18:48:05Z,2026-08-17T18:48:05Z,
20.89.83.228,ipv4,malicious-ip,medium,WHITE,ziyadnz/hourly-ipv4,ziyadnz|hourly,2026-08-17T18:48:05Z,2026-08-17T18:48:05Z,
20.9.36.57,ipv4,malicious-ip,medium,WHITE,ziyadnz/hourly-ipv4,ziyadnz|hourly,2026-08-17T18:48:05Z,2026-08-17T18:48:05Z,
20.9.44.233,ipv4,malicious-ip,medium,WHITE,ziyadnz/hourly-ipv4,ziyadnz|hourly,2026-08-17T18:48:05Z,2026-08-17T18:48:05Z,
20.90.118.92,ipv4,malicious-ip,medium,WHITE,ziyadnz/hourly-ipv4,ziyadnz|hourly,2026-08-17T18:48:05Z,2026-08-17T18:48:05Z,
20.91.239.158,ipv4,malicious-ip,medium,WHITE,ziyadnz/hourly-ipv4,ziyadnz|hourly,2026-08-17T18:48:05Z,2026-08-17T18:48:05Z,
20.92.245.19,ipv4,malicious-ip,medium,WHITE,ziyadnz/hourly-ipv4,ziyadnz|hourly,2026-08-17T18:48:05Z,2026-08-17T18:48:05Z,
20.97.0.85,ipv4,malicious-ip,medium,WHITE,ziyadnz/hourly-ipv4,ziyadnz|hourly,2026-08-17T18:48:05Z,2026-08-17T18:48:05Z,
20.97.210.200,ipv4,malicious-ip,medium,WHITE,ziyadnz/hourly-ipv4,ziyadnz|hourly,2026-08-17T18:48:05Z,2026-08-17T18:48:05Z,
20.98.128.111,ipv4,malicious-ip,medium,WHITE,ziyadnz/hourly-ipv4,ziyadnz|hourly,2026-08-17T18:48:05Z,2026-08-17T18:48:05Z,
20.98.128.122,ipv4,malicious-ip,medium,WHITE,ziyadnz/hourly-ipv4,ziyadnz|hourly,2026-08-17T18:48:05Z,2026-08-17T18:48:05Z,
20.98.128.249,ipv4,malicious-ip,medium,WHITE,ziyadnz/hourly-ipv4,ziyadnz|hourly,2026-08-17T18:48:05Z,2026-08-17T18:48:05Z,
20.98.136.63,ipv4,malicious-ip,medium,WHITE,ziyadnz/hourly-ipv4,ziyadnz|hourly,2026-08-17T18:48:05Z,2026-08-17T18:48:05Z,
20.98.137.225,ipv4,malicious-ip,medium,WHITE,ziyadnz/hourly-ipv4,ziyadnz|hourly,2026-08-17T18:48:05Z,2026-08-17T18:48:05Z,
20.98.137.25,ipv4,malicious-ip,medium,WHITE,ziyadnz/hourly-ipv4,ziyadnz|hourly,2026-08-17T18:48:05Z,2026-08-17T18:48:05Z,
20.98.137.43,ipv4,malicious-ip,medium,WHITE,ziyadnz/hourly-ipv4,ziyadnz|hourly,2026-08-17T18:48:05Z,2026-08-17T18:48:05Z,
20.98.140.180,ipv4,malicious-ip,medium,WHITE,ziyadnz/hourly-ipv4,ziyadnz|hourly,2026-08-17T18:48:05Z,2026-08-17T18:48:05Z,
20.98.152.158,ipv4,malicious-ip,medium,WHITE,ziyadnz/hourly-ipv4,ziyadnz|hourly,2026-08-17T18:48:05Z,2026-08-17T18:48:05Z,
20.98.152.33,ipv4,malicious-ip,medium,WHITE,ziyadnz/hourly-ipv4,ziyadnz|hourly,2026-08-17T18:48:05Z,2026-08-17T18:48:05Z,
20.98.153.37,ipv4,malicious-ip,medium,WHITE,ziyadnz/hourly-ipv4,ziyadnz|hourly,2026-08-17T18:48:05Z,2026-08-17T18:48:05Z,
20.98.165.154,ipv4,malicious-ip,medium,WHITE,ziyadnz/hourly-ipv4,ziyadnz|hourly,2026-08-17T18:48:05Z,2026-08-17T18:48:05Z,
20.98.166.120,ipv4,malicious-ip,medium,WHITE,ziyadnz/hourly-ipv4,ziyadnz|hourly,2026-08-17T18:48:05Z,2026-08-17T18:48:05Z,
20.98.166.209,ipv4,malicious-ip,medium,WHITE,ziyadnz/hourly-ipv4,ziyadnz|hourly,2026-08-17T18:48:05Z,2026-08-17T18:48:05Z,
200.10.29.235,ipv4,malicious-ip,medium,WHITE,ziyadnz/hourly-ipv4,ziyadnz|hourly,2026-08-17T18:48:05Z,2026-08-17T18:48:05Z,
200.100.71.23,ipv4,malicious-ip,medium,WHITE,ziyadnz/hourly-ipv4,ziyadnz|hourly,2026-08-17T18:48:05Z,2026-08-17T18:48:05Z,
200.102.132.249,ipv4,malicious-ip,medium,WHITE,ziyadnz/hourly-ipv4,ziyadnz|hourly,2026-08-17T18:48:05Z,2026-08-17T18:48:05Z,
200.104.100.247,ipv4,malicious-ip,medium,WHITE,ziyadnz/hourly-ipv4,ziyadnz|hourly,2026-08-17T18:48:05Z,2026-08-17T18:48:05Z,
200.104.137.91,ipv4,malicious-ip,medium,WHITE,ziyadnz/hourly-ipv4,ziyadnz|hourly,2026-08-17T18:48:05Z,2026-08-17T18:48:05Z,
200.104.169.133,ipv4,malicious-ip,medium,WHITE,ziyadnz/hourly-ipv4,ziyadnz|hourly,2026-08-17T18:48:05Z,2026-08-17T18:48:05Z,
200.104.221.71,ipv4,malicious-ip,medium,WHITE,ziyadnz/hourly-ipv4,ziyadnz|hourly,2026-08-17T18:48:05Z,2026-08-17T18:48:05Z,
200.104.35.116,ipv4,malicious-ip,medium,WHITE,ziyadnz/hourly-ipv4,ziyadnz|hourly,2026-08-17T18:48:05Z,2026-08-17T18:48:05Z,
200.104.82.75,ipv4,malicious-ip,medium,WHITE,ziyadnz/hourly-ipv4,ziyadnz|hourly,2026-08-17T18:48:05Z,2026-08-17T18:48:05Z,
200.105.105.186,ipv4,malicious-ip,medium,WHITE,ziyadnz/hourly-ipv4,ziyadnz|hourly,2026-08-17T18:48:05Z,2026-08-17T18:48:05Z,
200.105.13.196,ipv4,malicious-ip,medium,WHITE,ziyadnz/hourly-ipv4,ziyadnz|hourly,2026-08-17T18:48:05Z,2026-08-17T18:48:05Z,
200.105.137.2,ipv4,malicious-ip,medium,WHITE,ziyadnz/hourly-ipv4,ziyadnz|hourly,2026-08-17T18:48:05Z,2026-08-17T18:48:05Z,
200.105.167.197,ipv4,malicious-ip,medium,WHITE,ziyadnz/hourly-ipv4,ziyadnz|hourly,2026-08-17T18:48:05Z,2026-08-17T18:48:05Z,
200.105.167.206,ipv4,malicious-ip,medium,WHITE,ziyadnz/hourly-ipv4,ziyadnz|hourly,2026-08-17T18:48:05Z,2026-08-17T18:48:05Z,
200.105.172.184,ipv4,malicious-ip,medium,WHITE,ziyadnz/hourly-ipv4,ziyadnz|hourly,2026-08-17T18:48:05Z,2026-08-17T18:48:05Z,
200.105.177.37,ipv4,malicious-ip,medium,WHITE,ziyadnz/hourly-ipv4,ziyadnz|hourly,2026-08-17T18:48:05Z,2026-08-17T18:48:05Z,
200.105.215.162,ipv4,malicious-ip,medium,WHITE,ziyadnz/hourly-ipv4,ziyadnz|hourly,2026-08-17T18:48:05Z,2026-08-17T18:48:05Z,
200.105.248.110,ipv4,malicious-ip,medium,WHITE,ziyadnz/hourly-ipv4,ziyadnz|hourly,2026-08-17T18:48:05Z,2026-08-17T18:48:05Z,
200.105.254.102,ipv4,malicious-ip,medium,WHITE,ziyadnz/hourly-ipv4,ziyadnz|hourly,2026-08-17T18:48:05Z,2026-08-17T18:48:05Z,
200.106.170.117,ipv4,malicious-ip,medium,WHITE,ziyadnz/hourly-ipv4,ziyadnz|hourly,2026-08-17T18:48:05Z,2026-08-17T18:48:05Z,
200.106.179.66,ipv4,malicious-ip,medium,WHITE,ziyadnz/hourly-ipv4,ziyadnz|hourly,2026-08-17T18:48:05Z,2026-08-17T18:48:05Z,
200.106.212.221,ipv4,malicious-ip,medium,WHITE,ziyadnz/hourly-ipv4,ziyadnz|hourly,2026-08-17T18:48:05Z,2026-08-17T18:48:05Z,
200.106.213.232,ipv4,malicious-ip,medium,WHITE,ziyadnz/hourly-ipv4,ziyadnz|hourly,2026-08-17T18:48:05Z,2026-08-17T18:48:05Z,
200.106.222.119,ipv4,malicious-ip,medium,WHITE,ziyadnz/hourly-ipv4,ziyadnz|hourly,2026-08-17T18:48:05Z,2026-08-17T18:48:05Z,
200.106.49.149,ipv4,malicious-ip,medium,WHITE,ziyadnz/hourly-ipv4,ziyadnz|hourly,2026-08-17T18:48:05Z,2026-08-17T18:48:05Z,
200.106.85.121,ipv4,malicious-ip,medium,WHITE,ziyadnz/hourly-ipv4,ziyadnz|hourly,2026-08-17T18:48:05Z,2026-08-17T18:48:05Z,
200.106.85.167,ipv4,malicious-ip,medium,WHITE,ziyadnz/hourly-ipv4,ziyadnz|hourly,2026-08-17T18:48:05Z,2026-08-17T18:48:05Z,
200.106.85.96,ipv4,malicious-ip,medium,WHITE,ziyadnz/hourly-ipv4,ziyadnz|hourly,2026-08-17T18:48:05Z,2026-08-17T18:48:05Z,
200.106.94.101,ipv4,malicious-ip,medium,WHITE,ziyadnz/hourly-ipv4,ziyadnz|hourly,2026-08-17T18:48:05Z,2026-08-17T18:48:05Z,
200.106.99.254,ipv4,malicious-ip,medium,WHITE,ziyadnz/hourly-ipv4,ziyadnz|hourly,2026-08-17T18:48:05Z,2026-08-17T18:48:05Z,
200.106.99.77,ipv4,malicious-ip,medium,WHITE,ziyadnz/hourly-ipv4,ziyadnz|hourly,2026-08-17T18:48:05Z,2026-08-17T18:48:05Z,
200.107.207.232,ipv4,malicious-ip,medium,WHITE,ziyadnz/hourly-ipv4,ziyadnz|hourly,2026-08-17T18:48:05Z,2026-08-17T18:48:05Z,
200.107.207.26,ipv4,malicious-ip,medium,WHITE,ziyadnz/hourly-ipv4,ziyadnz|hourly,2026-08-17T18:48:05Z,2026-08-17T18:48:05Z,
200.107.218.208,ipv4,malicious-ip,medium,WHITE,ziyadnz/hourly-ipv4,ziyadnz|hourly,2026-08-17T18:48:05Z,2026-08-17T18:48:05Z,
200.107.218.210,ipv4,malicious-ip,medium,WHITE,ziyadnz/hourly-ipv4,ziyadnz|hourly,2026-08-17T18:48:05Z,2026-08-17T18:48:05Z,
200.107.226.235,ipv4,malicious-ip,medium,WHITE,ziyadnz/hourly-ipv4,ziyadnz|hourly,2026-08-17T18:48:05Z,2026-08-17T18:48:05Z,
200.107.226.90,ipv4,malicious-ip,medium,WHITE,ziyadnz/hourly-ipv4,ziyadnz|hourly,2026-08-17T18:48:05Z,2026-08-17T18:48:05Z,
200.108.174.4,ipv4,malicious-ip,medium,WHITE,ziyadnz/hourly-ipv4,ziyadnz|hourly,2026-08-17T18:48:05Z,2026-08-17T18:48:05Z,
200.108.186.170,ipv4,malicious-ip,medium,WHITE,ziyadnz/hourly-ipv4,ziyadnz|hourly,2026-08-17T18:48:05Z,2026-08-17T18:48:05Z,
200.11.123.241,ipv4,malicious-ip,medium,WHITE,ziyadnz/hourly-ipv4,ziyadnz|hourly,2026-08-17T18:48:05Z,2026-08-17T18:48:05Z,
200.11.151.195,ipv4,malicious-ip,medium,WHITE,ziyadnz/hourly-ipv4,ziyadnz|hourly,2026-08-17T18:48:05Z,2026-08-17T18:48:05Z,
200.11.230.117,ipv4,malicious-ip,medium,WHITE,ziyadnz/hourly-ipv4,ziyadnz|hourly,2026-08-17T18:48:05Z,2026-08-17T18:48:05Z,
200.110.172.106,ipv4,malicious-ip,medium,WHITE,ziyadnz/hourly-ipv4,ziyadnz|hourly,2026-08-17T18:48:05Z,2026-08-17T18:48:05Z,
200.110.207.102,ipv4,malicious-ip,medium,WHITE,ziyadnz/hourly-ipv4,ziyadnz|hourly,2026-08-17T18:48:05Z,2026-08-17T18:48:05Z,
200.110.55.116,ipv4,malicious-ip,medium,WHITE,ziyadnz/hourly-ipv4,ziyadnz|hourly,2026-08-17T18:48:05Z,2026-08-17T18:48:05Z,
200.111.103.70,ipv4,malicious-ip,medium,WHITE,ziyadnz/hourly-ipv4,ziyadnz|hourly,2026-08-17T18:48:05Z,2026-08-17T18:48:05Z,
200.111.227.212,ipv4,malicious-ip,medium,WHITE,ziyadnz/hourly-ipv4,ziyadnz|hourly,2026-08-17T18:48:05Z,2026-08-17T18:48:05Z,
200.112.142.0,ipv4,malicious-ip,medium,WHITE,ziyadnz/hourly-ipv4,ziyadnz|hourly,2026-08-17T18:48:05Z,2026-08-17T18:48:05Z,
200.112.142.119,ipv4,malicious-ip,medium,WHITE,ziyadnz/hourly-ipv4,ziyadnz|hourly,2026-08-17T18:48:05Z,2026-08-17T18:48:05Z,
200.112.142.150,ipv4,malicious-ip,medium,WHITE,ziyadnz/hourly-ipv4,ziyadnz|hourly,2026-08-17T18:48:05Z,2026-08-17T18:48:05Z,
200.112.142.169,ipv4,malicious-ip,medium,WHITE,ziyadnz/hourly-ipv4,ziyadnz|hourly,2026-08-17T18:48:05Z,2026-08-17T18:48:05Z,
200.112.142.205,ipv4,malicious-ip,medium,WHITE,ziyadnz/hourly-ipv4,ziyadnz|hourly,2026-08-17T18:48:05Z,2026-08-17T18:48:05Z,
200.112.142.215,ipv4,malicious-ip,medium,WHITE,ziyadnz/hourly-ipv4,ziyadnz|hourly,2026-08-17T18:48:05Z,2026-08-17T18:48:05Z,
200.112.142.217,ipv4,malicious-ip,medium,WHITE,ziyadnz/hourly-ipv4,ziyadnz|hourly,2026-08-17T18:48:05Z,2026-08-17T18:48:05Z,
200.112.142.53,ipv4,malicious-ip,medium,WHITE,ziyadnz/hourly-ipv4,ziyadnz|hourly,2026-08-17T18:48:05Z,2026-08-17T18:48:05Z,
200.112.142.55,ipv4,malicious-ip,medium,WHITE,ziyadnz/hourly-ipv4,ziyadnz|hourly,2026-08-17T18:48:05Z,2026-08-17T18:48:05Z,
200.112.142.56,ipv4,malicious-ip,medium,WHITE,ziyadnz/hourly-ipv4,ziyadnz|hourly,2026-08-17T18:48:05Z,2026-08-17T18:48:05Z,
200.112.142.82,ipv4,malicious-ip,medium,WHITE,ziyadnz/hourly-ipv4,ziyadnz|hourly,2026-08-17T18:48:05Z,2026-08-17T18:48:05Z,
200.112.28.110,ipv4,malicious-ip,medium,WHITE,ziyadnz/hourly-ipv4,ziyadnz|hourly,2026-08-17T18:48:05Z,2026-08-17T18:48:05Z,
200.112.94.35,ipv4,malicious-ip,medium,WHITE,ziyadnz/hourly-ipv4,ziyadnz|hourly,2026-08-17T18:48:05Z,2026-08-17T18:48:05Z,
200.113.217.52,ipv4,malicious-ip,medium,WHITE,ziyadnz/hourly-ipv4,ziyadnz|hourly,2026-08-17T18:48:05Z,2026-08-17T18:48:05Z,
200.114.82.18,ipv4,malicious-ip,medium,WHITE,ziyadnz/hourly-ipv4,ziyadnz|hourly,2026-08-17T18:48:05Z,2026-08-17T18:48:05Z,
200.114.82.35,ipv4,malicious-ip,medium,WHITE,ziyadnz/hourly-ipv4,ziyadnz|hourly,2026-08-17T18:48:05Z,2026-08-17T18:48:05Z,
200.115.102.16,ipv4,malicious-ip,medium,WHITE,ziyadnz/hourly-ipv4,ziyadnz|hourly,2026-08-17T18:48:05Z,2026-08-17T18:48:05Z,
200.115.104.113,ipv4,malicious-ip,medium,WHITE,ziyadnz/hourly-ipv4,ziyadnz|hourly,2026-08-17T18:48:05Z,2026-08-17T18:48:05Z,
200.115.137.107,ipv4,malicious-ip,medium,WHITE,ziyadnz/hourly-ipv4,ziyadnz|hourly,2026-08-17T18:48:05Z,2026-08-17T18:48:05Z,
200.115.214.199,ipv4,malicious-ip,medium,WHITE,ziyadnz/hourly-ipv4,ziyadnz|hourly,2026-08-17T18:48:05Z,2026-08-17T18:48:05Z,
200.115.27.38,ipv4,malicious-ip,medium,WHITE,ziyadnz/hourly-ipv4,ziyadnz|hourly,2026-08-17T18:48:05Z,2026-08-17T18:48:05Z,
200.116.173.64,ipv4,malicious-ip,medium,WHITE,ziyadnz/hourly-ipv4,ziyadnz|hourly,2026-08-17T18:48:05Z,2026-08-17T18:48:05Z,
200.117.16.254,ipv4,malicious-ip,medium,WHITE,ziyadnz/hourly-ipv4,ziyadnz|hourly,2026-08-17T18:48:05Z,2026-08-17T18:48:05Z,
200.117.80.30,ipv4,malicious-ip,medium,WHITE,ziyadnz/hourly-ipv4,ziyadnz|hourly,2026-08-17T18:48:05Z,2026-08-17T18:48:05Z,
200.118.150.20,ipv4,malicious-ip,medium,WHITE,ziyadnz/hourly-ipv4,ziyadnz|hourly,2026-08-17T18:48:05Z,2026-08-17T18:48:05Z,
200.118.150.215,ipv4,malicious-ip,medium,WHITE,ziyadnz/hourly-ipv4,ziyadnz|hourly,2026-08-17T18:48:05Z,2026-08-17T18:48:05Z,
200.118.63.65,ipv4,malicious-ip,medium,WHITE,ziyadnz/hourly-ipv4,ziyadnz|hourly,2026-08-17T18:48:05Z,2026-08-17T18:48:05Z,
200.118.81.49,ipv4,malicious-ip,medium,WHITE,ziyadnz/hourly-ipv4,ziyadnz|hourly,2026-08-17T18:48:05Z,2026-08-17T18:48:05Z,
200.119.180.43,ipv4,malicious-ip,medium,WHITE,ziyadnz/hourly-ipv4,ziyadnz|hourly,2026-08-17T18:48:05Z,2026-08-17T18:48:05Z,
200.119.252.252,ipv4,malicious-ip,medium,WHITE,ziyadnz/hourly-ipv4,ziyadnz|hourly,2026-08-17T18:48:05Z,2026-08-17T18:48:05Z,
200.119.252.26,ipv4,malicious-ip,medium,WHITE,ziyadnz/hourly-ipv4,ziyadnz|hourly,2026-08-17T18:48:05Z,2026-08-17T18:48:05Z,
200.119.50.154,ipv4,malicious-ip,medium,WHITE,ziyadnz/hourly-ipv4,ziyadnz|hourly,2026-08-17T18:48:05Z,2026-08-17T18:48:05Z,
200.120.131.13,ipv4,malicious-ip,medium,WHITE,ziyadnz/hourly-ipv4,ziyadnz|hourly,2026-08-17T18:48:05Z,2026-08-17T18:48:05Z,
200.120.213.45,ipv4,malicious-ip,medium,WHITE,ziyadnz/hourly-ipv4,ziyadnz|hourly,2026-08-17T18:48:05Z,2026-08-17T18:48:05Z,
200.121.133.18,ipv4,malicious-ip,medium,WHITE,ziyadnz/hourly-ipv4,ziyadnz|hourly,2026-08-17T18:48:05Z,2026-08-17T18:48:05Z,
200.122.181.2,ipv4,malicious-ip,medium,WHITE,ziyadnz/hourly-ipv4,ziyadnz|hourly,2026-08-17T18:48:05Z,2026-08-17T18:48:05Z,
200.122.20.137,ipv4,malicious-ip,medium,WHITE,ziyadnz/hourly-ipv4,ziyadnz|hourly,2026-08-17T18:48:05Z,2026-08-17T18:48:05Z,
200.122.36.145,ipv4,malicious-ip,medium,WHITE,ziyadnz/hourly-ipv4,ziyadnz|hourly,2026-08-17T18:48:05Z,2026-08-17T18:48:05Z,
200.123.248.97,ipv4,malicious-ip,medium,WHITE,ziyadnz/hourly-ipv4,ziyadnz|hourly,2026-08-17T18:48:05Z,2026-08-17T18:48:05Z,
200.123.32.104,ipv4,malicious-ip,medium,WHITE,ziyadnz/hourly-ipv4,ziyadnz|hourly,2026-08-17T18:48:05Z,2026-08-17T18:48:05Z,
200.123.46.20,ipv4,malicious-ip,medium,WHITE,ziyadnz/hourly-ipv4,ziyadnz|hourly,2026-08-17T18:48:05Z,2026-08-17T18:48:05Z,
200.124.110.12,ipv4,malicious-ip,medium,WHITE,ziyadnz/hourly-ipv4,ziyadnz|hourly,2026-08-17T18:48:05Z,2026-08-17T18:48:05Z,
200.124.241.140,ipv4,malicious-ip,medium,WHITE,ziyadnz/hourly-ipv4,ziyadnz|hourly,2026-08-17T18:48:05Z,2026-08-17T18:48:05Z,
200.124.78.228,ipv4,malicious-ip,medium,WHITE,ziyadnz/hourly-ipv4,ziyadnz|hourly,2026-08-17T18:48:05Z,2026-08-17T18:48:05Z,
200.125.170.153,ipv4,malicious-ip,medium,WHITE,ziyadnz/hourly-ipv4,ziyadnz|hourly,2026-08-17T18:48:05Z,2026-08-17T18:48:05Z,
200.125.170.154,ipv4,malicious-ip,medium,WHITE,ziyadnz/hourly-ipv4,ziyadnz|hourly,2026-08-17T18:48:05Z,2026-08-17T18:48:05Z,
200.125.170.159,ipv4,malicious-ip,medium,WHITE,ziyadnz/hourly-ipv4,ziyadnz|hourly,2026-08-17T18:48:05Z,2026-08-17T18:48:05Z,
200.125.174.1,ipv4,malicious-ip,medium,WHITE,ziyadnz/hourly-ipv4,ziyadnz|hourly,2026-08-17T18:48:05Z,2026-08-17T18:48:05Z,
200.126.105.149,ipv4,malicious-ip,medium,WHITE,ziyadnz/hourly-ipv4,ziyadnz|hourly,2026-08-17T18:48:05Z,2026-08-17T18:48:05Z,
200.126.178.120,ipv4,malicious-ip,medium,WHITE,ziyadnz/hourly-ipv4,ziyadnz|hourly,2026-08-17T18:48:05Z,2026-08-17T18:48:05Z,
200.126.83.173,ipv4,malicious-ip,medium,WHITE,ziyadnz/hourly-ipv4,ziyadnz|hourly,2026-08-17T18:48:05Z,2026-08-17T18:48:05Z,
200.127.224.36,ipv4,malicious-ip,medium,WHITE,ziyadnz/hourly-ipv4,ziyadnz|hourly,2026-08-17T18:48:05Z,2026-08-17T18:48:05Z,
200.127.235.27,ipv4,malicious-ip,medium,WHITE,ziyadnz/hourly-ipv4,ziyadnz|hourly,2026-08-17T18:48:05Z,2026-08-17T18:48:05Z,
200.128.9.2,ipv4,malicious-ip,medium,WHITE,ziyadnz/hourly-ipv4,ziyadnz|hourly,2026-08-17T18:48:05Z,2026-08-17T18:48:05Z,
200.136.108.148,ipv4,malicious-ip,medium,WHITE,ziyadnz/hourly-ipv4,ziyadnz|hourly,2026-08-17T18:48:05Z,2026-08-17T18:48:05Z,
200.138.163.120,ipv4,malicious-ip,medium,WHITE,ziyadnz/hourly-ipv4,ziyadnz|hourly,2026-08-17T18:48:05Z,2026-08-17T18:48:05Z,
200.140.219.53,ipv4,malicious-ip,medium,WHITE,ziyadnz/hourly-ipv4,ziyadnz|hourly,2026-08-17T18:48:05Z,2026-08-17T18:48:05Z,
200.140.241.232,ipv4,malicious-ip,medium,WHITE,ziyadnz/hourly-ipv4,ziyadnz|hourly,2026-08-17T18:48:05Z,2026-08-17T18:48:05Z,
200.141.4.157,ipv4,malicious-ip,medium,WHITE,ziyadnz/hourly-ipv4,ziyadnz|hourly,2026-08-17T18:48:05Z,2026-08-17T18:48:05Z,
200.141.47.191,ipv4,malicious-ip,medium,WHITE,ziyadnz/hourly-ipv4,ziyadnz|hourly,2026-08-17T18:48:05Z,2026-08-17T18:48:05Z,
200.141.47.232,ipv4,malicious-ip,medium,WHITE,ziyadnz/hourly-ipv4,ziyadnz|hourly,2026-08-17T18:48:05Z,2026-08-17T18:48:05Z,
200.141.81.194,ipv4,malicious-ip,medium,WHITE,ziyadnz/hourly-ipv4,ziyadnz|hourly,2026-08-17T18:48:05Z,2026-08-17T18:48:05Z,
200.143.114.145,ipv4,malicious-ip,medium,WHITE,ziyadnz/hourly-ipv4,ziyadnz|hourly,2026-08-17T18:48:05Z,2026-08-17T18:48:05Z,
200.148.198.210,ipv4,malicious-ip,medium,WHITE,ziyadnz/hourly-ipv4,ziyadnz|hourly,2026-08-17T18:48:05Z,2026-08-17T18:48:05Z,
200.148.8.217,ipv4,malicious-ip,medium,WHITE,ziyadnz/hourly-ipv4,ziyadnz|hourly,2026-08-17T18:48:05Z,2026-08-17T18:48:05Z,
200.15.17.205,ipv4,malicious-ip,medium,WHITE,ziyadnz/hourly-ipv4,ziyadnz|hourly,2026-08-17T18:48:05Z,2026-08-17T18:48:05Z,
200.150.254.13,ipv4,malicious-ip,medium,WHITE,ziyadnz/hourly-ipv4,ziyadnz|hourly,2026-08-17T18:48:05Z,2026-08-17T18:48:05Z,
200.150.254.187,ipv4,malicious-ip,medium,WHITE,ziyadnz/hourly-ipv4,ziyadnz|hourly,2026-08-17T18:48:05Z,2026-08-17T18:48:05Z,
200.150.74.254,ipv4,malicious-ip,medium,WHITE,ziyadnz/hourly-ipv4,ziyadnz|hourly,2026-08-17T18:48:05Z,2026-08-17T18:48:05Z,
200.151.173.204,ipv4,malicious-ip,medium,WHITE,ziyadnz/hourly-ipv4,ziyadnz|hourly,2026-08-17T18:48:05Z,2026-08-17T18:48:05Z,
200.151.3.116,ipv4,malicious-ip,medium,WHITE,ziyadnz/hourly-ipv4,ziyadnz|hourly,2026-08-17T18:48:05Z,2026-08-17T18:48:05Z,
200.151.3.219,ipv4,malicious-ip,medium,WHITE,ziyadnz/hourly-ipv4,ziyadnz|hourly,2026-08-17T18:48:05Z,2026-08-17T18:48:05Z,
200.151.31.7,ipv4,malicious-ip,medium,WHITE,ziyadnz/hourly-ipv4,ziyadnz|hourly,2026-08-17T18:48:05Z,2026-08-17T18:48:05Z,
200.151.62.69,ipv4,malicious-ip,medium,WHITE,ziyadnz/hourly-ipv4,ziyadnz|hourly,2026-08-17T18:48:05Z,2026-08-17T18:48:05Z,
200.152.177.15,ipv4,malicious-ip,medium,WHITE,ziyadnz/hourly-ipv4,ziyadnz|hourly,2026-08-17T18:48:05Z,2026-08-17T18:48:05Z,
200.152.23.175,ipv4,malicious-ip,medium,WHITE,ziyadnz/hourly-ipv4,ziyadnz|hourly,2026-08-17T18:48:05Z,2026-08-17T18:48:05Z,
200.152.6.253,ipv4,malicious-ip,medium,WHITE,ziyadnz/hourly-ipv4,ziyadnz|hourly,2026-08-17T18:48:05Z,2026-08-17T18:48:05Z,
200.152.89.44,ipv4,malicious-ip,medium,WHITE,ziyadnz/hourly-ipv4,ziyadnz|hourly,2026-08-17T18:48:05Z,2026-08-17T18:48:05Z,
200.152.9.41,ipv4,malicious-ip,medium,WHITE,ziyadnz/hourly-ipv4,ziyadnz|hourly,2026-08-17T18:48:05Z,2026-08-17T18:48:05Z,
200.155.164.172,ipv4,malicious-ip,medium,WHITE,ziyadnz/hourly-ipv4,ziyadnz|hourly,2026-08-17T18:48:05Z,2026-08-17T18:48:05Z,
200.159.158.233,ipv4,malicious-ip,medium,WHITE,ziyadnz/hourly-ipv4,ziyadnz|hourly,2026-08-17T18:48:05Z,2026-08-17T18:48:05Z,
200.160.90.54,ipv4,malicious-ip,medium,WHITE,ziyadnz/hourly-ipv4,ziyadnz|hourly,2026-08-17T18:48:05Z,2026-08-17T18:48:05Z,
200.162.155.15,ipv4,malicious-ip,medium,WHITE,ziyadnz/hourly-ipv4,ziyadnz|hourly,2026-08-17T18:48:05Z,2026-08-17T18:48:05Z,
200.162.155.40,ipv4,malicious-ip,medium,WHITE,ziyadnz/hourly-ipv4,ziyadnz|hourly,2026-08-17T18:48:05Z,2026-08-17T18:48:05Z,
200.162.155.83,ipv4,malicious-ip,medium,WHITE,ziyadnz/hourly-ipv4,ziyadnz|hourly,2026-08-17T18:48:05Z,2026-08-17T18:48:05Z,
200.163.223.61,ipv4,malicious-ip,medium,WHITE,ziyadnz/hourly-ipv4,ziyadnz|hourly,2026-08-17T18:48:05Z,2026-08-17T18:48:05Z,
200.164.149.58,ipv4,malicious-ip,medium,WHITE,ziyadnz/hourly-ipv4,ziyadnz|hourly,2026-08-17T18:48:05Z,2026-08-17T18:48:05Z,
200.164.212.244,ipv4,malicious-ip,medium,WHITE,ziyadnz/hourly-ipv4,ziyadnz|hourly,2026-08-17T18:48:05Z,2026-08-17T18:48:05Z,
200.164.58.134,ipv4,malicious-ip,medium,WHITE,ziyadnz/hourly-ipv4,ziyadnz|hourly,2026-08-17T18:48:05Z,2026-08-17T18:48:05Z,
200.165.120.173,ipv4,malicious-ip,medium,WHITE,ziyadnz/hourly-ipv4,ziyadnz|hourly,2026-08-17T18:48:05Z,2026-08-17T18:48:05Z,
200.165.166.252,ipv4,malicious-ip,medium,WHITE,ziyadnz/hourly-ipv4,ziyadnz|hourly,2026-08-17T18:48:05Z,2026-08-17T18:48:05Z,
200.165.7.82,ipv4,malicious-ip,medium,WHITE,ziyadnz/hourly-ipv4,ziyadnz|hourly,2026-08-17T18:48:05Z,2026-08-17T18:48:05Z,
200.165.70.141,ipv4,malicious-ip,medium,WHITE,ziyadnz/hourly-ipv4,ziyadnz|hourly,2026-08-17T18:48:05Z,2026-08-17T18:48:05Z,
200.166.5.18,ipv4,malicious-ip,medium,WHITE,ziyadnz/hourly-ipv4,ziyadnz|hourly,2026-08-17T18:48:05Z,2026-08-17T18:48:05Z,
200.168.34.154,ipv4,malicious-ip,medium,WHITE,ziyadnz/hourly-ipv4,ziyadnz|hourly,2026-08-17T18:48:05Z,2026-08-17T18:48:05Z,
200.169.170.209,ipv4,malicious-ip,medium,WHITE,ziyadnz/hourly-ipv4,ziyadnz|hourly,2026-08-17T18:48:05Z,2026-08-17T18:48:05Z,
200.170.189.69,ipv4,malicious-ip,medium,WHITE,ziyadnz/hourly-ipv4,ziyadnz|hourly,2026-08-17T18:48:05Z,2026-08-17T18:48:05Z,
200.170.241.169,ipv4,malicious-ip,medium,WHITE,ziyadnz/hourly-ipv4,ziyadnz|hourly,2026-08-17T18:48:05Z,2026-08-17T18:48:05Z,
200.175.104.103,ipv4,malicious-ip,medium,WHITE,ziyadnz/hourly-ipv4,ziyadnz|hourly,2026-08-17T18:48:05Z,2026-08-17T18:48:05Z,
200.175.201.167,ipv4,malicious-ip,medium,WHITE,ziyadnz/hourly-ipv4,ziyadnz|hourly,2026-08-17T18:48:05Z,2026-08-17T18:48:05Z,
200.18.171.2,ipv4,malicious-ip,medium,WHITE,ziyadnz/hourly-ipv4,ziyadnz|hourly,2026-08-17T18:48:05Z,2026-08-17T18:48:05Z,
200.180.140.47,ipv4,malicious-ip,medium,WHITE,ziyadnz/hourly-ipv4,ziyadnz|hourly,2026-08-17T18:48:05Z,2026-08-17T18:48:05Z,
200.181.140.56,ipv4,malicious-ip,medium,WHITE,ziyadnz/hourly-ipv4,ziyadnz|hourly,2026-08-17T18:48:05Z,2026-08-17T18:48:05Z,
200.187.130.246,ipv4,malicious-ip,medium,WHITE,ziyadnz/hourly-ipv4,ziyadnz|hourly,2026-08-17T18:48:05Z,2026-08-17T18:48:05Z,
200.187.172.55,ipv4,malicious-ip,medium,WHITE,ziyadnz/hourly-ipv4,ziyadnz|hourly,2026-08-17T18:48:05Z,2026-08-17T18:48:05Z,
200.189.22.12,ipv4,malicious-ip,medium,WHITE,ziyadnz/hourly-ipv4,ziyadnz|hourly,2026-08-17T18:48:05Z,2026-08-17T18:48:05Z,
200.189.22.69,ipv4,malicious-ip,medium,WHITE,ziyadnz/hourly-ipv4,ziyadnz|hourly,2026-08-17T18:48:05Z,2026-08-17T18:48:05Z,
200.189.23.194,ipv4,malicious-ip,medium,WHITE,ziyadnz/hourly-ipv4,ziyadnz|hourly,2026-08-17T18:48:05Z,2026-08-17T18:48:05Z,
200.189.23.242,ipv4,malicious-ip,medium,WHITE,ziyadnz/hourly-ipv4,ziyadnz|hourly,2026-08-17T18:48:05Z,2026-08-17T18:48:05Z,
200.189.27.97,ipv4,malicious-ip,medium,WHITE,ziyadnz/hourly-ipv4,ziyadnz|hourly,2026-08-17T18:48:05Z,2026-08-17T18:48:05Z,
200.189.29.44,ipv4,malicious-ip,medium,WHITE,ziyadnz/hourly-ipv4,ziyadnz|hourly,2026-08-17T18:48:05Z,2026-08-17T18:48:05Z,
200.189.29.84,ipv4,malicious-ip,medium,WHITE,ziyadnz/hourly-ipv4,ziyadnz|hourly,2026-08-17T18:48:05Z,2026-08-17T18:48:05Z,
200.189.31.118,ipv4,malicious-ip,medium,WHITE,ziyadnz/hourly-ipv4,ziyadnz|hourly,2026-08-17T18:48:05Z,2026-08-17T18:48:05Z,
200.189.31.250,ipv4,malicious-ip,medium,WHITE,ziyadnz/hourly-ipv4,ziyadnz|hourly,2026-08-17T18:48:05Z,2026-08-17T18:48:05Z,
200.192.103.68,ipv4,malicious-ip,medium,WHITE,ziyadnz/hourly-ipv4,ziyadnz|hourly,2026-08-17T18:48:05Z,2026-08-17T18:48:05Z,
200.192.97.29,ipv4,malicious-ip,medium,WHITE,ziyadnz/hourly-ipv4,ziyadnz|hourly,2026-08-17T18:48:05Z,2026-08-17T18:48:05Z,
200.193.62.92,ipv4,malicious-ip,medium,WHITE,ziyadnz/hourly-ipv4,ziyadnz|hourly,2026-08-17T18:48:05Z,2026-08-17T18:48:05Z,
200.194.190.124,ipv4,malicious-ip,medium,WHITE,ziyadnz/hourly-ipv4,ziyadnz|hourly,2026-08-17T18:48:05Z,2026-08-17T18:48:05Z,
200.195.15.194,ipv4,malicious-ip,medium,WHITE,ziyadnz/hourly-ipv4,ziyadnz|hourly,2026-08-17T18:48:05Z,2026-08-17T18:48:05Z,
200.199.118.249,ipv4,malicious-ip,medium,WHITE,ziyadnz/hourly-ipv4,ziyadnz|hourly,2026-08-17T18:48:05Z,2026-08-17T18:48:05Z,
200.199.129.208,ipv4,malicious-ip,medium,WHITE,ziyadnz/hourly-ipv4,ziyadnz|hourly,2026-08-17T18:48:05Z,2026-08-17T18:48:05Z,
200.199.156.247,ipv4,malicious-ip,medium,WHITE,ziyadnz/hourly-ipv4,ziyadnz|hourly,2026-08-17T18:48:05Z,2026-08-17T18:48:05Z,
200.201.130.234,ipv4,malicious-ip,medium,WHITE,ziyadnz/hourly-ipv4,ziyadnz|hourly,2026-08-17T18:48:05Z,2026-08-17T18:48:05Z,
200.201.176.34,ipv4,malicious-ip,medium,WHITE,ziyadnz/hourly-ipv4,ziyadnz|hourly,2026-08-17T18:48:05Z,2026-08-17T18:48:05Z,
200.201.240.171,ipv4,malicious-ip,medium,WHITE,ziyadnz/hourly-ipv4,ziyadnz|hourly,2026-08-17T18:48:05Z,2026-08-17T18:48:05Z,
200.205.177.178,ipv4,malicious-ip,medium,WHITE,ziyadnz/hourly-ipv4,ziyadnz|hourly,2026-08-17T18:48:05Z,2026-08-17T18:48:05Z,
200.206.36.10,ipv4,malicious-ip,medium,WHITE,ziyadnz/hourly-ipv4,ziyadnz|hourly,2026-08-17T18:48:05Z,2026-08-17T18:48:05Z,
200.207.96.110,ipv4,malicious-ip,medium,WHITE,ziyadnz/hourly-ipv4,ziyadnz|hourly,2026-08-17T18:48:05Z,2026-08-17T18:48:05Z,
200.210.71.34,ipv4,malicious-ip,medium,WHITE,ziyadnz/hourly-ipv4,ziyadnz|hourly,2026-08-17T18:48:05Z,2026-08-17T18:48:05Z,
200.210.71.39,ipv4,malicious-ip,medium,WHITE,ziyadnz/hourly-ipv4,ziyadnz|hourly,2026-08-17T18:48:05Z,2026-08-17T18:48:05Z,
200.215.173.180,ipv4,malicious-ip,medium,WHITE,ziyadnz/hourly-ipv4,ziyadnz|hourly,2026-08-17T18:48:05Z,2026-08-17T18:48:05Z,
200.215.229.168,ipv4,malicious-ip,medium,WHITE,ziyadnz/hourly-ipv4,ziyadnz|hourly,2026-08-17T18:48:05Z,2026-08-17T18:48:05Z,
200.216.126.76,ipv4,malicious-ip,medium,WHITE,ziyadnz/hourly-ipv4,ziyadnz|hourly,2026-08-17T18:48:05Z,2026-08-17T18:48:05Z,
200.216.167.89,ipv4,malicious-ip,medium,WHITE,ziyadnz/hourly-ipv4,ziyadnz|hourly,2026-08-17T18:48:05Z,2026-08-17T18:48:05Z,
200.217.54.130,ipv4,malicious-ip,medium,WHITE,ziyadnz/hourly-ipv4,ziyadnz|hourly,2026-08-17T18:48:05Z,2026-08-17T18:48:05Z,
200.217.79.82,ipv4,malicious-ip,medium,WHITE,ziyadnz/hourly-ipv4,ziyadnz|hourly,2026-08-17T18:48:05Z,2026-08-17T18:48:05Z,
200.217.92.99,ipv4,malicious-ip,medium,WHITE,ziyadnz/hourly-ipv4,ziyadnz|hourly,2026-08-17T18:48:05Z,2026-08-17T18:48:05Z,
200.218.232.205,ipv4,malicious-ip,medium,WHITE,ziyadnz/hourly-ipv4,ziyadnz|hourly,2026-08-17T18:48:05Z,2026-08-17T18:48:05Z,
200.219.22.250,ipv4,malicious-ip,medium,WHITE,ziyadnz/hourly-ipv4,ziyadnz|hourly,2026-08-17T18:48:05Z,2026-08-17T18:48:05Z,
200.223.163.116,ipv4,malicious-ip,medium,WHITE,ziyadnz/hourly-ipv4,ziyadnz|hourly,2026-08-17T18:48:05Z,2026-08-17T18:48:05Z,
200.223.51.244,ipv4,malicious-ip,medium,WHITE,ziyadnz/hourly-ipv4,ziyadnz|hourly,2026-08-17T18:48:05Z,2026-08-17T18:48:05Z,
200.223.66.227,ipv4,malicious-ip,medium,WHITE,ziyadnz/hourly-ipv4,ziyadnz|hourly,2026-08-17T18:48:05Z,2026-08-17T18:48:05Z,
200.223.68.34,ipv4,malicious-ip,medium,WHITE,ziyadnz/hourly-ipv4,ziyadnz|hourly,2026-08-17T18:48:05Z,2026-08-17T18:48:05Z,
200.225.113.125,ipv4,malicious-ip,medium,WHITE,ziyadnz/hourly-ipv4,ziyadnz|hourly,2026-08-17T18:48:05Z,2026-08-17T18:48:05Z,
200.225.114.49,ipv4,malicious-ip,medium,WHITE,ziyadnz/hourly-ipv4,ziyadnz|hourly,2026-08-17T18:48:05Z,2026-08-17T18:48:05Z,
200.225.116.194,ipv4,malicious-ip,medium,WHITE,ziyadnz/hourly-ipv4,ziyadnz|hourly,2026-08-17T18:48:05Z,2026-08-17T18:48:05Z,
200.225.116.232,ipv4,malicious-ip,medium,WHITE,ziyadnz/hourly-ipv4,ziyadnz|hourly,2026-08-17T18:48:05Z,2026-08-17T18:48:05Z,
200.225.118.195,ipv4,malicious-ip,medium,WHITE,ziyadnz/hourly-ipv4,ziyadnz|hourly,2026-08-17T18:48:05Z,2026-08-17T18:48:05Z,
200.225.60.1,ipv4,malicious-ip,medium,WHITE,ziyadnz/hourly-ipv4,ziyadnz|hourly,2026-08-17T18:48:05Z,2026-08-17T18:48:05Z,
200.227.84.242,ipv4,malicious-ip,medium,WHITE,ziyadnz/hourly-ipv4,ziyadnz|hourly,2026-08-17T18:48:05Z,2026-08-17T18:48:05Z,
200.229.10.51,ipv4,malicious-ip,medium,WHITE,ziyadnz/hourly-ipv4,ziyadnz|hourly,2026-08-17T18:48:05Z,2026-08-17T18:48:05Z,
200.229.144.236,ipv4,malicious-ip,medium,WHITE,ziyadnz/hourly-ipv4,ziyadnz|hourly,2026-08-17T18:48:05Z,2026-08-17T18:48:05Z,
200.229.8.181,ipv4,malicious-ip,medium,WHITE,ziyadnz/hourly-ipv4,ziyadnz|hourly,2026-08-17T18:48:05Z,2026-08-17T18:48:05Z,
200.23.157.244,ipv4,malicious-ip,medium,WHITE,ziyadnz/hourly-ipv4,ziyadnz|hourly,2026-08-17T18:48:05Z,2026-08-17T18:48:05Z,
200.236.228.59,ipv4,malicious-ip,medium,WHITE,ziyadnz/hourly-ipv4,ziyadnz|hourly,2026-08-17T18:48:05Z,2026-08-17T18:48:05Z,
200.236.230.244,ipv4,malicious-ip,medium,WHITE,ziyadnz/hourly-ipv4,ziyadnz|hourly,2026-08-17T18:48:05Z,2026-08-17T18:48:05Z,
200.236.230.252,ipv4,malicious-ip,medium,WHITE,ziyadnz/hourly-ipv4,ziyadnz|hourly,2026-08-17T18:48:05Z,2026-08-17T18:48:05Z,
200.236.235.164,ipv4,malicious-ip,medium,WHITE,ziyadnz/hourly-ipv4,ziyadnz|hourly,2026-08-17T18:48:05Z,2026-08-17T18:48:05Z,
200.236.235.45,ipv4,malicious-ip,medium,WHITE,ziyadnz/hourly-ipv4,ziyadnz|hourly,2026-08-17T18:48:05Z,2026-08-17T18:48:05Z,
200.236.238.202,ipv4,malicious-ip,medium,WHITE,ziyadnz/hourly-ipv4,ziyadnz|hourly,2026-08-17T18:48:05Z,2026-08-17T18:48:05Z,
200.236.251.112,ipv4,malicious-ip,medium,WHITE,ziyadnz/hourly-ipv4,ziyadnz|hourly,2026-08-17T18:48:05Z,2026-08-17T18:48:05Z,
200.236.251.180,ipv4,malicious-ip,medium,WHITE,ziyadnz/hourly-ipv4,ziyadnz|hourly,2026-08-17T18:48:05Z,2026-08-17T18:48:05Z,
200.236.4.150,ipv4,malicious-ip,medium,WHITE,ziyadnz/hourly-ipv4,ziyadnz|hourly,2026-08-17T18:48:05Z,2026-08-17T18:48:05Z,
200.237.81.65,ipv4,malicious-ip,medium,WHITE,ziyadnz/hourly-ipv4,ziyadnz|hourly,2026-08-17T18:48:05Z,2026-08-17T18:48:05Z,
200.237.82.103,ipv4,malicious-ip,medium,WHITE,ziyadnz/hourly-ipv4,ziyadnz|hourly,2026-08-17T18:48:05Z,2026-08-17T18:48:05Z,
200.237.87.15,ipv4,malicious-ip,medium,WHITE,ziyadnz/hourly-ipv4,ziyadnz|hourly,2026-08-17T18:48:05Z,2026-08-17T18:48:05Z,
200.237.87.74,ipv4,malicious-ip,medium,WHITE,ziyadnz/hourly-ipv4,ziyadnz|hourly,2026-08-17T18:48:05Z,2026-08-17T18:48:05Z,
200.237.94.212,ipv4,malicious-ip,medium,WHITE,ziyadnz/hourly-ipv4,ziyadnz|hourly,2026-08-17T18:48:05Z,2026-08-17T18:48:05Z,
200.24.115.34,ipv4,malicious-ip,medium,WHITE,ziyadnz/hourly-ipv4,ziyadnz|hourly,2026-08-17T18:48:05Z,2026-08-17T18:48:05Z,
200.24.132.225,ipv4,malicious-ip,medium,WHITE,ziyadnz/hourly-ipv4,ziyadnz|hourly,2026-08-17T18:48:05Z,2026-08-17T18:48:05Z,
200.24.133.71,ipv4,malicious-ip,medium,WHITE,ziyadnz/hourly-ipv4,ziyadnz|hourly,2026-08-17T18:48:05Z,2026-08-17T18:48:05Z,
200.24.159.161,ipv4,malicious-ip,medium,WHITE,ziyadnz/hourly-ipv4,ziyadnz|hourly,2026-08-17T18:48:05Z,2026-08-17T18:48:05Z,
200.24.90.132,ipv4,malicious-ip,medium,WHITE,ziyadnz/hourly-ipv4,ziyadnz|hourly,2026-08-17T18:48:05Z,2026-08-17T18:48:05Z,
200.248.202.115,ipv4,malicious-ip,medium,WHITE,ziyadnz/hourly-ipv4,ziyadnz|hourly,2026-08-17T18:48:05Z,2026-08-17T18:48:05Z,
200.25.137.73,ipv4,malicious-ip,medium,WHITE,ziyadnz/hourly-ipv4,ziyadnz|hourly,2026-08-17T18:48:05Z,2026-08-17T18:48:05Z,
200.251.23.57,ipv4,malicious-ip,medium,WHITE,ziyadnz/hourly-ipv4,ziyadnz|hourly,2026-08-17T18:48:05Z,2026-08-17T18:48:05Z,
200.252.44.18,ipv4,malicious-ip,medium,WHITE,ziyadnz/hourly-ipv4,ziyadnz|hourly,2026-08-17T18:48:05Z,2026-08-17T18:48:05Z,
200.26.225.162,ipv4,malicious-ip,medium,WHITE,ziyadnz/hourly-ipv4,ziyadnz|hourly,2026-08-17T18:48:05Z,2026-08-17T18:48:05Z,
200.26.225.190,ipv4,malicious-ip,medium,WHITE,ziyadnz/hourly-ipv4,ziyadnz|hourly,2026-08-17T18:48:05Z,2026-08-17T18:48:05Z,
200.26.245.180,ipv4,malicious-ip,medium,WHITE,ziyadnz/hourly-ipv4,ziyadnz|hourly,2026-08-17T18:48:05Z,2026-08-17T18:48:05Z,
200.3.29.186,ipv4,malicious-ip,medium,WHITE,ziyadnz/hourly-ipv4,ziyadnz|hourly,2026-08-17T18:48:05Z,2026-08-17T18:48:05Z,
200.31.254.235,ipv4,malicious-ip,medium,WHITE,ziyadnz/hourly-ipv4,ziyadnz|hourly,2026-08-17T18:48:05Z,2026-08-17T18:48:05Z,
200.35.109.130,ipv4,malicious-ip,medium,WHITE,ziyadnz/hourly-ipv4,ziyadnz|hourly,2026-08-17T18:48:05Z,2026-08-17T18:48:05Z,
200.35.191.174,ipv4,malicious-ip,medium,WHITE,ziyadnz/hourly-ipv4,ziyadnz|hourly,2026-08-17T18:48:05Z,2026-08-17T18:48:05Z,
200.35.54.73,ipv4,malicious-ip,medium,WHITE,ziyadnz/hourly-ipv4,ziyadnz|hourly,2026-08-17T18:48:05Z,2026-08-17T18:48:05Z,
200.35.87.162,ipv4,malicious-ip,medium,WHITE,ziyadnz/hourly-ipv4,ziyadnz|hourly,2026-08-17T18:48:05Z,2026-08-17T18:48:05Z,
200.36.219.116,ipv4,malicious-ip,medium,WHITE,ziyadnz/hourly-ipv4,ziyadnz|hourly,2026-08-17T18:48:05Z,2026-08-17T18:48:05Z,
200.37.186.134,ipv4,malicious-ip,medium,WHITE,ziyadnz/hourly-ipv4,ziyadnz|hourly,2026-08-17T18:48:05Z,2026-08-17T18:48:05Z,
200.39.46.41,ipv4,malicious-ip,medium,WHITE,ziyadnz/hourly-ipv4,ziyadnz|hourly,2026-08-17T18:48:05Z,2026-08-17T18:48:05Z,
200.4.112.214,ipv4,malicious-ip,medium,WHITE,ziyadnz/hourly-ipv4,ziyadnz|hourly,2026-08-17T18:48:05Z,2026-08-17T18:48:05Z,
200.4.115.108,ipv4,malicious-ip,medium,WHITE,ziyadnz/hourly-ipv4,ziyadnz|hourly,2026-08-17T18:48:05Z,2026-08-17T18:48:05Z,
200.43.234.180,ipv4,malicious-ip,medium,WHITE,ziyadnz/hourly-ipv4,ziyadnz|hourly,2026-08-17T18:48:05Z,2026-08-17T18:48:05Z,
200.44.190.194,ipv4,malicious-ip,medium,WHITE,ziyadnz/hourly-ipv4,ziyadnz|hourly,2026-08-17T18:48:05Z,2026-08-17T18:48:05Z,
200.45.206.24,ipv4,malicious-ip,medium,WHITE,ziyadnz/hourly-ipv4,ziyadnz|hourly,2026-08-17T18:48:05Z,2026-08-17T18:48:05Z,
200.46.176.186,ipv4,malicious-ip,medium,WHITE,ziyadnz/hourly-ipv4,ziyadnz|hourly,2026-08-17T18:48:05Z,2026-08-17T18:48:05Z,
200.49.1.115,ipv4,malicious-ip,medium,WHITE,ziyadnz/hourly-ipv4,ziyadnz|hourly,2026-08-17T18:48:05Z,2026-08-17T18:48:05Z,
200.49.30.10,ipv4,malicious-ip,medium,WHITE,ziyadnz/hourly-ipv4,ziyadnz|hourly,2026-08-17T18:48:05Z,2026-08-17T18:48:05Z,
200.50.155.58,ipv4,malicious-ip,medium,WHITE,ziyadnz/hourly-ipv4,ziyadnz|hourly,2026-08-17T18:48:05Z,2026-08-17T18:48:05Z,
200.50.234.119,ipv4,malicious-ip,medium,WHITE,ziyadnz/hourly-ipv4,ziyadnz|hourly,2026-08-17T18:48:05Z,2026-08-17T18:48:05Z,
200.51.91.10,ipv4,malicious-ip,medium,WHITE,ziyadnz/hourly-ipv4,ziyadnz|hourly,2026-08-17T18:48:05Z,2026-08-17T18:48:05Z,
200.53.202.173,ipv4,malicious-ip,medium,WHITE,ziyadnz/hourly-ipv4,ziyadnz|hourly,2026-08-17T18:48:05Z,2026-08-17T18:48:05Z,
200.53.205.197,ipv4,malicious-ip,medium,WHITE,ziyadnz/hourly-ipv4,ziyadnz|hourly,2026-08-17T18:48:05Z,2026-08-17T18:48:05Z,
200.53.207.220,ipv4,malicious-ip,medium,WHITE,ziyadnz/hourly-ipv4,ziyadnz|hourly,2026-08-17T18:48:05Z,2026-08-17T18:48:05Z,
200.53.207.35,ipv4,malicious-ip,medium,WHITE,ziyadnz/hourly-ipv4,ziyadnz|hourly,2026-08-17T18:48:05Z,2026-08-17T18:48:05Z,
200.54.102.244,ipv4,malicious-ip,medium,WHITE,ziyadnz/hourly-ipv4,ziyadnz|hourly,2026-08-17T18:48:05Z,2026-08-17T18:48:05Z,
200.54.74.42,ipv4,malicious-ip,medium,WHITE,ziyadnz/hourly-ipv4,ziyadnz|hourly,2026-08-17T18:48:05Z,2026-08-17T18:48:05Z,
200.55.127.178,ipv4,malicious-ip,medium,WHITE,ziyadnz/hourly-ipv4,ziyadnz|hourly,2026-08-17T18:48:05Z,2026-08-17T18:48:05Z,
200.55.19.24,ipv4,malicious-ip,medium,WHITE,ziyadnz/hourly-ipv4,ziyadnz|hourly,2026-08-17T18:48:05Z,2026-08-17T18:48:05Z,
200.55.244.228,ipv4,malicious-ip,medium,WHITE,ziyadnz/hourly-ipv4,ziyadnz|hourly,2026-08-17T18:48:05Z,2026-08-17T18:48:05Z,
200.55.245.155,ipv4,malicious-ip,medium,WHITE,ziyadnz/hourly-ipv4,ziyadnz|hourly,2026-08-17T18:48:05Z,2026-08-17T18:48:05Z,
200.55.246.162,ipv4,malicious-ip,medium,WHITE,ziyadnz/hourly-ipv4,ziyadnz|hourly,2026-08-17T18:48:05Z,2026-08-17T18:48:05Z,
200.55.252.253,ipv4,malicious-ip,medium,WHITE,ziyadnz/hourly-ipv4,ziyadnz|hourly,2026-08-17T18:48:05Z,2026-08-17T18:48:05Z,
200.55.85.248,ipv4,malicious-ip,medium,WHITE,ziyadnz/hourly-ipv4,ziyadnz|hourly,2026-08-17T18:48:05Z,2026-08-17T18:48:05Z,
200.56.182.4,ipv4,malicious-ip,medium,WHITE,ziyadnz/hourly-ipv4,ziyadnz|hourly,2026-08-17T18:48:05Z,2026-08-17T18:48:05Z,
200.57.190.209,ipv4,malicious-ip,medium,WHITE,ziyadnz/hourly-ipv4,ziyadnz|hourly,2026-08-17T18:48:05Z,2026-08-17T18:48:05Z,
200.57.23.94,ipv4,malicious-ip,medium,WHITE,ziyadnz/hourly-ipv4,ziyadnz|hourly,2026-08-17T18:48:05Z,2026-08-17T18:48:05Z,
200.58.107.25,ipv4,malicious-ip,medium,WHITE,ziyadnz/hourly-ipv4,ziyadnz|hourly,2026-08-17T18:48:05Z,2026-08-17T18:48:05Z,
200.58.252.167,ipv4,malicious-ip,medium,WHITE,ziyadnz/hourly-ipv4,ziyadnz|hourly,2026-08-17T18:48:05Z,2026-08-17T18:48:05Z,
200.58.80.115,ipv4,malicious-ip,medium,WHITE,ziyadnz/hourly-ipv4,ziyadnz|hourly,2026-08-17T18:48:05Z,2026-08-17T18:48:05Z,
200.58.84.213,ipv4,malicious-ip,medium,WHITE,ziyadnz/hourly-ipv4,ziyadnz|hourly,2026-08-17T18:48:05Z,2026-08-17T18:48:05Z,
200.58.88.27,ipv4,malicious-ip,medium,WHITE,ziyadnz/hourly-ipv4,ziyadnz|hourly,2026-08-17T18:48:05Z,2026-08-17T18:48:05Z,
200.59.100.62,ipv4,malicious-ip,medium,WHITE,ziyadnz/hourly-ipv4,ziyadnz|hourly,2026-08-17T18:48:05Z,2026-08-17T18:48:05Z,
200.59.104.110,ipv4,malicious-ip,medium,WHITE,ziyadnz/hourly-ipv4,ziyadnz|hourly,2026-08-17T18:48:05Z,2026-08-17T18:48:05Z,
200.59.113.107,ipv4,malicious-ip,medium,WHITE,ziyadnz/hourly-ipv4,ziyadnz|hourly,2026-08-17T18:48:05Z,2026-08-17T18:48:05Z,
200.59.113.183,ipv4,malicious-ip,medium,WHITE,ziyadnz/hourly-ipv4,ziyadnz|hourly,2026-08-17T18:48:05Z,2026-08-17T18:48:05Z,
200.59.113.245,ipv4,malicious-ip,medium,WHITE,ziyadnz/hourly-ipv4,ziyadnz|hourly,2026-08-17T18:48:05Z,2026-08-17T18:48:05Z,
200.59.113.9,ipv4,malicious-ip,medium,WHITE,ziyadnz/hourly-ipv4,ziyadnz|hourly,2026-08-17T18:48:05Z,2026-08-17T18:48:05Z,
200.59.114.120,ipv4,malicious-ip,medium,WHITE,ziyadnz/hourly-ipv4,ziyadnz|hourly,2026-08-17T18:48:05Z,2026-08-17T18:48:05Z,
200.59.121.113,ipv4,malicious-ip,medium,WHITE,ziyadnz/hourly-ipv4,ziyadnz|hourly,2026-08-17T18:48:05Z,2026-08-17T18:48:05Z,
200.59.121.15,ipv4,malicious-ip,medium,WHITE,ziyadnz/hourly-ipv4,ziyadnz|hourly,2026-08-17T18:48:05Z,2026-08-17T18:48:05Z,
200.59.121.18,ipv4,malicious-ip,medium,WHITE,ziyadnz/hourly-ipv4,ziyadnz|hourly,2026-08-17T18:48:05Z,2026-08-17T18:48:05Z,
200.59.122.158,ipv4,malicious-ip,medium,WHITE,ziyadnz/hourly-ipv4,ziyadnz|hourly,2026-08-17T18:48:05Z,2026-08-17T18:48:05Z,
200.59.122.225,ipv4,malicious-ip,medium,WHITE,ziyadnz/hourly-ipv4,ziyadnz|hourly,2026-08-17T18:48:05Z,2026-08-17T18:48:05Z,
200.59.127.155,ipv4,malicious-ip,medium,WHITE,ziyadnz/hourly-ipv4,ziyadnz|hourly,2026-08-17T18:48:05Z,2026-08-17T18:48:05Z,
200.59.127.168,ipv4,malicious-ip,medium,WHITE,ziyadnz/hourly-ipv4,ziyadnz|hourly,2026-08-17T18:48:05Z,2026-08-17T18:48:05Z,
200.59.127.93,ipv4,malicious-ip,medium,WHITE,ziyadnz/hourly-ipv4,ziyadnz|hourly,2026-08-17T18:48:05Z,2026-08-17T18:48:05Z,
200.59.178.131,ipv4,malicious-ip,medium,WHITE,ziyadnz/hourly-ipv4,ziyadnz|hourly,2026-08-17T18:48:05Z,2026-08-17T18:48:05Z,
200.59.178.87,ipv4,malicious-ip,medium,WHITE,ziyadnz/hourly-ipv4,ziyadnz|hourly,2026-08-17T18:48:05Z,2026-08-17T18:48:05Z,
200.59.182.19,ipv4,malicious-ip,medium,WHITE,ziyadnz/hourly-ipv4,ziyadnz|hourly,2026-08-17T18:48:05Z,2026-08-17T18:48:05Z,
200.59.63.34,ipv4,malicious-ip,medium,WHITE,ziyadnz/hourly-ipv4,ziyadnz|hourly,2026-08-17T18:48:05Z,2026-08-17T18:48:05Z,
200.59.72.239,ipv4,malicious-ip,medium,WHITE,ziyadnz/hourly-ipv4,ziyadnz|hourly,2026-08-17T18:48:05Z,2026-08-17T18:48:05Z,
200.59.72.28,ipv4,malicious-ip,medium,WHITE,ziyadnz/hourly-ipv4,ziyadnz|hourly,2026-08-17T18:48:05Z,2026-08-17T18:48:05Z,
200.59.72.72,ipv4,malicious-ip,medium,WHITE,ziyadnz/hourly-ipv4,ziyadnz|hourly,2026-08-17T18:48:05Z,2026-08-17T18:48:05Z,
200.59.83.63,ipv4,malicious-ip,medium,WHITE,ziyadnz/hourly-ipv4,ziyadnz|hourly,2026-08-17T18:48:05Z,2026-08-17T18:48:05Z,
200.59.88.0,ipv4,malicious-ip,medium,WHITE,ziyadnz/hourly-ipv4,ziyadnz|hourly,2026-08-17T18:48:05Z,2026-08-17T18:48:05Z,
200.59.88.107,ipv4,malicious-ip,medium,WHITE,ziyadnz/hourly-ipv4,ziyadnz|hourly,2026-08-17T18:48:05Z,2026-08-17T18:48:05Z,
200.59.88.14,ipv4,malicious-ip,medium,WHITE,ziyadnz/hourly-ipv4,ziyadnz|hourly,2026-08-17T18:48:05Z,2026-08-17T18:48:05Z,
200.59.88.143,ipv4,malicious-ip,medium,WHITE,ziyadnz/hourly-ipv4,ziyadnz|hourly,2026-08-17T18:48:05Z,2026-08-17T18:48:05Z,
200.59.88.162,ipv4,malicious-ip,medium,WHITE,ziyadnz/hourly-ipv4,ziyadnz|hourly,2026-08-17T18:48:05Z,2026-08-17T18:48:05Z,
200.59.88.183,ipv4,malicious-ip,medium,WHITE,ziyadnz/hourly-ipv4,ziyadnz|hourly,2026-08-17T18:48:05Z,2026-08-17T18:48:05Z,
200.59.88.191,ipv4,malicious-ip,medium,WHITE,ziyadnz/hourly-ipv4,ziyadnz|hourly,2026-08-17T18:48:05Z,2026-08-17T18:48:05Z,
200.59.88.198,ipv4,malicious-ip,medium,WHITE,ziyadnz/hourly-ipv4,ziyadnz|hourly,2026-08-17T18:48:05Z,2026-08-17T18:48:05Z,
200.59.88.199,ipv4,malicious-ip,medium,WHITE,ziyadnz/hourly-ipv4,ziyadnz|hourly,2026-08-17T18:48:05Z,2026-08-17T18:48:05Z,
200.59.88.204,ipv4,malicious-ip,medium,WHITE,ziyadnz/hourly-ipv4,ziyadnz|hourly,2026-08-17T18:48:05Z,2026-08-17T18:48:05Z,
200.59.88.218,ipv4,malicious-ip,medium,WHITE,ziyadnz/hourly-ipv4,ziyadnz|hourly,2026-08-17T18:48:05Z,2026-08-17T18:48:05Z,
200.59.88.36,ipv4,malicious-ip,medium,WHITE,ziyadnz/hourly-ipv4,ziyadnz|hourly,2026-08-17T18:48:05Z,2026-08-17T18:48:05Z,
200.59.88.40,ipv4,malicious-ip,medium,WHITE,ziyadnz/hourly-ipv4,ziyadnz|hourly,2026-08-17T18:48:05Z,2026-08-17T18:48:05Z,
200.59.88.95,ipv4,malicious-ip,medium,WHITE,ziyadnz/hourly-ipv4,ziyadnz|hourly,2026-08-17T18:48:05Z,2026-08-17T18:48:05Z,
200.59.89.168,ipv4,malicious-ip,medium,WHITE,ziyadnz/hourly-ipv4,ziyadnz|hourly,2026-08-17T18:48:05Z,2026-08-17T18:48:05Z,
200.59.93.61,ipv4,malicious-ip,medium,WHITE,ziyadnz/hourly-ipv4,ziyadnz|hourly,2026-08-17T18:48:05Z,2026-08-17T18:48:05Z,
200.59.93.75,ipv4,malicious-ip,medium,WHITE,ziyadnz/hourly-ipv4,ziyadnz|hourly,2026-08-17T18:48:05Z,2026-08-17T18:48:05Z,
200.59.96.20,ipv4,malicious-ip,medium,WHITE,ziyadnz/hourly-ipv4,ziyadnz|hourly,2026-08-17T18:48:05Z,2026-08-17T18:48:05Z,
200.59.96.22,ipv4,malicious-ip,medium,WHITE,ziyadnz/hourly-ipv4,ziyadnz|hourly,2026-08-17T18:48:05Z,2026-08-17T18:48:05Z,
200.59.96.26,ipv4,malicious-ip,medium,WHITE,ziyadnz/hourly-ipv4,ziyadnz|hourly,2026-08-17T18:48:05Z,2026-08-17T18:48:05Z,
200.6.91.47,ipv4,malicious-ip,medium,WHITE,ziyadnz/hourly-ipv4,ziyadnz|hourly,2026-08-17T18:48:05Z,2026-08-17T18:48:05Z,
200.63.168.90,ipv4,malicious-ip,medium,WHITE,ziyadnz/hourly-ipv4,ziyadnz|hourly,2026-08-17T18:48:05Z,2026-08-17T18:48:05Z,
200.63.253.239,ipv4,malicious-ip,medium,WHITE,ziyadnz/hourly-ipv4,ziyadnz|hourly,2026-08-17T18:48:05Z,2026-08-17T18:48:05Z,
200.66.70.156,ipv4,malicious-ip,medium,WHITE,ziyadnz/hourly-ipv4,ziyadnz|hourly,2026-08-17T18:48:05Z,2026-08-17T18:48:05Z,
200.69.173.77,ipv4,malicious-ip,medium,WHITE,ziyadnz/hourly-ipv4,ziyadnz|hourly,2026-08-17T18:48:05Z,2026-08-17T18:48:05Z,
200.69.21.47,ipv4,malicious-ip,medium,WHITE,ziyadnz/hourly-ipv4,ziyadnz|hourly,2026-08-17T18:48:05Z,2026-08-17T18:48:05Z,
200.69.51.177,ipv4,malicious-ip,medium,WHITE,ziyadnz/hourly-ipv4,ziyadnz|hourly,2026-08-17T18:48:05Z,2026-08-17T18:48:05Z,
200.69.51.211,ipv4,malicious-ip,medium,WHITE,ziyadnz/hourly-ipv4,ziyadnz|hourly,2026-08-17T18:48:05Z,2026-08-17T18:48:05Z,
200.69.53.138,ipv4,malicious-ip,medium,WHITE,ziyadnz/hourly-ipv4,ziyadnz|hourly,2026-08-17T18:48:05Z,2026-08-17T18:48:05Z,
200.69.53.202,ipv4,malicious-ip,medium,WHITE,ziyadnz/hourly-ipv4,ziyadnz|hourly,2026-08-17T18:48:05Z,2026-08-17T18:48:05Z,
200.69.60.230,ipv4,malicious-ip,medium,WHITE,ziyadnz/hourly-ipv4,ziyadnz|hourly,2026-08-17T18:48:05Z,2026-08-17T18:48:05Z,
200.69.60.25,ipv4,malicious-ip,medium,WHITE,ziyadnz/hourly-ipv4,ziyadnz|hourly,2026-08-17T18:48:05Z,2026-08-17T18:48:05Z,
200.69.61.236,ipv4,malicious-ip,medium,WHITE,ziyadnz/hourly-ipv4,ziyadnz|hourly,2026-08-17T18:48:05Z,2026-08-17T18:48:05Z,
200.69.84.131,ipv4,malicious-ip,medium,WHITE,ziyadnz/hourly-ipv4,ziyadnz|hourly,2026-08-17T18:48:05Z,2026-08-17T18:48:05Z,
200.7.251.42,ipv4,malicious-ip,medium,WHITE,ziyadnz/hourly-ipv4,ziyadnz|hourly,2026-08-17T18:48:05Z,2026-08-17T18:48:05Z,
200.71.13.21,ipv4,malicious-ip,medium,WHITE,ziyadnz/hourly-ipv4,ziyadnz|hourly,2026-08-17T18:48:05Z,2026-08-17T18:48:05Z,
200.71.154.142,ipv4,malicious-ip,medium,WHITE,ziyadnz/hourly-ipv4,ziyadnz|hourly,2026-08-17T18:48:05Z,2026-08-17T18:48:05Z,
200.72.2.190,ipv4,malicious-ip,medium,WHITE,ziyadnz/hourly-ipv4,ziyadnz|hourly,2026-08-17T18:48:05Z,2026-08-17T18:48:05Z,
200.73.20.104,ipv4,malicious-ip,medium,WHITE,ziyadnz/hourly-ipv4,ziyadnz|hourly,2026-08-17T18:48:05Z,2026-08-17T18:48:05Z,
200.74.41.104,ipv4,malicious-ip,medium,WHITE,ziyadnz/hourly-ipv4,ziyadnz|hourly,2026-08-17T18:48:05Z,2026-08-17T18:48:05Z,
200.75.136.149,ipv4,malicious-ip,medium,WHITE,ziyadnz/hourly-ipv4,ziyadnz|hourly,2026-08-17T18:48:05Z,2026-08-17T18:48:05Z,
200.75.178.213,ipv4,malicious-ip,medium,WHITE,ziyadnz/hourly-ipv4,ziyadnz|hourly,2026-08-17T18:48:05Z,2026-08-17T18:48:05Z,
200.75.2.138,ipv4,malicious-ip,medium,WHITE,ziyadnz/hourly-ipv4,ziyadnz|hourly,2026-08-17T18:48:05Z,2026-08-17T18:48:05Z,
200.76.112.45,ipv4,malicious-ip,medium,WHITE,ziyadnz/hourly-ipv4,ziyadnz|hourly,2026-08-17T18:48:05Z,2026-08-17T18:48:05Z,
200.76.169.34,ipv4,malicious-ip,medium,WHITE,ziyadnz/hourly-ipv4,ziyadnz|hourly,2026-08-17T18:48:05Z,2026-08-17T18:48:05Z,
200.77.177.105,ipv4,malicious-ip,medium,WHITE,ziyadnz/hourly-ipv4,ziyadnz|hourly,2026-08-17T18:48:05Z,2026-08-17T18:48:05Z,
200.77.177.111,ipv4,malicious-ip,medium,WHITE,ziyadnz/hourly-ipv4,ziyadnz|hourly,2026-08-17T18:48:05Z,2026-08-17T18:48:05Z,
200.77.177.118,ipv4,malicious-ip,medium,WHITE,ziyadnz/hourly-ipv4,ziyadnz|hourly,2026-08-17T18:48:05Z,2026-08-17T18:48:05Z,
200.77.179.0,ipv4,malicious-ip,medium,WHITE,ziyadnz/hourly-ipv4,ziyadnz|hourly,2026-08-17T18:48:05Z,2026-08-17T18:48:05Z,
200.77.179.132,ipv4,malicious-ip,medium,WHITE,ziyadnz/hourly-ipv4,ziyadnz|hourly,2026-08-17T18:48:05Z,2026-08-17T18:48:05Z,
200.77.179.3,ipv4,malicious-ip,medium,WHITE,ziyadnz/hourly-ipv4,ziyadnz|hourly,2026-08-17T18:48:05Z,2026-08-17T18:48:05Z,
200.77.179.9,ipv4,malicious-ip,medium,WHITE,ziyadnz/hourly-ipv4,ziyadnz|hourly,2026-08-17T18:48:05Z,2026-08-17T18:48:05Z,
200.79.93.20,ipv4,malicious-ip,medium,WHITE,ziyadnz/hourly-ipv4,ziyadnz|hourly,2026-08-17T18:48:05Z,2026-08-17T18:48:05Z,
200.8.17.183,ipv4,malicious-ip,medium,WHITE,ziyadnz/hourly-ipv4,ziyadnz|hourly,2026-08-17T18:48:05Z,2026-08-17T18:48:05Z,
200.8.235.240,ipv4,malicious-ip,medium,WHITE,ziyadnz/hourly-ipv4,ziyadnz|hourly,2026-08-17T18:48:05Z,2026-08-17T18:48:05Z,
200.8.235.249,ipv4,malicious-ip,medium,WHITE,ziyadnz/hourly-ipv4,ziyadnz|hourly,2026-08-17T18:48:05Z,2026-08-17T18:48:05Z,
200.8.54.130,ipv4,malicious-ip,medium,WHITE,ziyadnz/hourly-ipv4,ziyadnz|hourly,2026-08-17T18:48:05Z,2026-08-17T18:48:05Z,
200.80.180.2,ipv4,malicious-ip,medium,WHITE,ziyadnz/hourly-ipv4,ziyadnz|hourly,2026-08-17T18:48:05Z,2026-08-17T18:48:05Z,
200.80.186.14,ipv4,malicious-ip,medium,WHITE,ziyadnz/hourly-ipv4,ziyadnz|hourly,2026-08-17T18:48:05Z,2026-08-17T18:48:05Z,
200.80.229.246,ipv4,malicious-ip,medium,WHITE,ziyadnz/hourly-ipv4,ziyadnz|hourly,2026-08-17T18:48:05Z,2026-08-17T18:48:05Z,
200.80.250.75,ipv4,malicious-ip,medium,WHITE,ziyadnz/hourly-ipv4,ziyadnz|hourly,2026-08-17T18:48:05Z,2026-08-17T18:48:05Z,
200.81.161.26,ipv4,malicious-ip,medium,WHITE,ziyadnz/hourly-ipv4,ziyadnz|hourly,2026-08-17T18:48:05Z,2026-08-17T18:48:05Z,
200.81.165.59,ipv4,malicious-ip,medium,WHITE,ziyadnz/hourly-ipv4,ziyadnz|hourly,2026-08-17T18:48:05Z,2026-08-17T18:48:05Z,
200.81.165.92,ipv4,malicious-ip,medium,WHITE,ziyadnz/hourly-ipv4,ziyadnz|hourly,2026-08-17T18:48:05Z,2026-08-17T18:48:05Z,
200.81.166.158,ipv4,malicious-ip,medium,WHITE,ziyadnz/hourly-ipv4,ziyadnz|hourly,2026-08-17T18:48:05Z,2026-08-17T18:48:05Z,
200.81.170.21,ipv4,malicious-ip,medium,WHITE,ziyadnz/hourly-ipv4,ziyadnz|hourly,2026-08-17T18:48:05Z,2026-08-17T18:48:05Z,
200.81.188.85,ipv4,malicious-ip,medium,WHITE,ziyadnz/hourly-ipv4,ziyadnz|hourly,2026-08-17T18:48:05Z,2026-08-17T18:48:05Z,
200.81.189.110,ipv4,malicious-ip,medium,WHITE,ziyadnz/hourly-ipv4,ziyadnz|hourly,2026-08-17T18:48:05Z,2026-08-17T18:48:05Z,
200.81.189.39,ipv4,malicious-ip,medium,WHITE,ziyadnz/hourly-ipv4,ziyadnz|hourly,2026-08-17T18:48:05Z,2026-08-17T18:48:05Z,
200.81.189.44,ipv4,malicious-ip,medium,WHITE,ziyadnz/hourly-ipv4,ziyadnz|hourly,2026-08-17T18:48:05Z,2026-08-17T18:48:05Z,
200.82.153.187,ipv4,malicious-ip,medium,WHITE,ziyadnz/hourly-ipv4,ziyadnz|hourly,2026-08-17T18:48:05Z,2026-08-17T18:48:05Z,
200.82.42.15,ipv4,malicious-ip,medium,WHITE,ziyadnz/hourly-ipv4,ziyadnz|hourly,2026-08-17T18:48:05Z,2026-08-17T18:48:05Z,
200.83.6.49,ipv4,malicious-ip,medium,WHITE,ziyadnz/hourly-ipv4,ziyadnz|hourly,2026-08-17T18:48:05Z,2026-08-17T18:48:05Z,
200.83.62.2,ipv4,malicious-ip,medium,WHITE,ziyadnz/hourly-ipv4,ziyadnz|hourly,2026-08-17T18:48:05Z,2026-08-17T18:48:05Z,
200.85.178.222,ipv4,malicious-ip,medium,WHITE,ziyadnz/hourly-ipv4,ziyadnz|hourly,2026-08-17T18:48:05Z,2026-08-17T18:48:05Z,
200.85.189.33,ipv4,malicious-ip,medium,WHITE,ziyadnz/hourly-ipv4,ziyadnz|hourly,2026-08-17T18:48:05Z,2026-08-17T18:48:05Z,
200.86.138.124,ipv4,malicious-ip,medium,WHITE,ziyadnz/hourly-ipv4,ziyadnz|hourly,2026-08-17T18:48:05Z,2026-08-17T18:48:05Z,
200.86.140.39,ipv4,malicious-ip,medium,WHITE,ziyadnz/hourly-ipv4,ziyadnz|hourly,2026-08-17T18:48:05Z,2026-08-17T18:48:05Z,
200.86.150.167,ipv4,malicious-ip,medium,WHITE,ziyadnz/hourly-ipv4,ziyadnz|hourly,2026-08-17T18:48:05Z,2026-08-17T18:48:05Z,
200.86.3.104,ipv4,malicious-ip,medium,WHITE,ziyadnz/hourly-ipv4,ziyadnz|hourly,2026-08-17T18:48:05Z,2026-08-17T18:48:05Z,
200.86.41.76,ipv4,malicious-ip,medium,WHITE,ziyadnz/hourly-ipv4,ziyadnz|hourly,2026-08-17T18:48:05Z,2026-08-17T18:48:05Z,
200.87.87.157,ipv4,malicious-ip,medium,WHITE,ziyadnz/hourly-ipv4,ziyadnz|hourly,2026-08-17T18:48:05Z,2026-08-17T18:48:05Z,
200.88.34.223,ipv4,malicious-ip,medium,WHITE,ziyadnz/hourly-ipv4,ziyadnz|hourly,2026-08-17T18:48:05Z,2026-08-17T18:48:05Z,
200.88.51.90,ipv4,malicious-ip,medium,WHITE,ziyadnz/hourly-ipv4,ziyadnz|hourly,2026-08-17T18:48:05Z,2026-08-17T18:48:05Z,
200.88.66.202,ipv4,malicious-ip,medium,WHITE,ziyadnz/hourly-ipv4,ziyadnz|hourly,2026-08-17T18:48:05Z,2026-08-17T18:48:05Z,
200.89.178.151,ipv4,malicious-ip,medium,WHITE,ziyadnz/hourly-ipv4,ziyadnz|hourly,2026-08-17T18:48:05Z,2026-08-17T18:48:05Z,
200.89.69.247,ipv4,malicious-ip,medium,WHITE,ziyadnz/hourly-ipv4,ziyadnz|hourly,2026-08-17T18:48:05Z,2026-08-17T18:48:05Z,
200.89.69.88,ipv4,malicious-ip,medium,WHITE,ziyadnz/hourly-ipv4,ziyadnz|hourly,2026-08-17T18:48:05Z,2026-08-17T18:48:05Z,
200.90.8.86,ipv4,malicious-ip,medium,WHITE,ziyadnz/hourly-ipv4,ziyadnz|hourly,2026-08-17T18:48:05Z,2026-08-17T18:48:05Z,
200.90.8.90,ipv4,malicious-ip,medium,WHITE,ziyadnz/hourly-ipv4,ziyadnz|hourly,2026-08-17T18:48:05Z,2026-08-17T18:48:05Z,
200.91.236.125,ipv4,malicious-ip,medium,WHITE,ziyadnz/hourly-ipv4,ziyadnz|hourly,2026-08-17T18:48:05Z,2026-08-17T18:48:05Z,
200.91.251.82,ipv4,malicious-ip,medium,WHITE,ziyadnz/hourly-ipv4,ziyadnz|hourly,2026-08-17T18:48:05Z,2026-08-17T18:48:05Z,
200.92.175.91,ipv4,malicious-ip,medium,WHITE,ziyadnz/hourly-ipv4,ziyadnz|hourly,2026-08-17T18:48:05Z,2026-08-17T18:48:05Z,
200.92.180.221,ipv4,malicious-ip,medium,WHITE,ziyadnz/hourly-ipv4,ziyadnz|hourly,2026-08-17T18:48:05Z,2026-08-17T18:48:05Z,
200.92.188.90,ipv4,malicious-ip,medium,WHITE,ziyadnz/hourly-ipv4,ziyadnz|hourly,2026-08-17T18:48:05Z,2026-08-17T18:48:05Z,
200.92.210.26,ipv4,malicious-ip,medium,WHITE,ziyadnz/hourly-ipv4,ziyadnz|hourly,2026-08-17T18:48:05Z,2026-08-17T18:48:05Z,
200.93.14.206,ipv4,malicious-ip,medium,WHITE,ziyadnz/hourly-ipv4,ziyadnz|hourly,2026-08-17T18:48:05Z,2026-08-17T18:48:05Z,
200.94.131.82,ipv4,malicious-ip,medium,WHITE,ziyadnz/hourly-ipv4,ziyadnz|hourly,2026-08-17T18:48:05Z,2026-08-17T18:48:05Z,
200.94.142.214,ipv4,malicious-ip,medium,WHITE,ziyadnz/hourly-ipv4,ziyadnz|hourly,2026-08-17T18:48:05Z,2026-08-17T18:48:05Z,
200.94.21.27,ipv4,malicious-ip,medium,WHITE,ziyadnz/hourly-ipv4,ziyadnz|hourly,2026-08-17T18:48:05Z,2026-08-17T18:48:05Z,
200.94.95.66,ipv4,malicious-ip,medium,WHITE,ziyadnz/hourly-ipv4,ziyadnz|hourly,2026-08-17T18:48:05Z,2026-08-17T18:48:05Z,
200.96.16.61,ipv4,malicious-ip,medium,WHITE,ziyadnz/hourly-ipv4,ziyadnz|hourly,2026-08-17T18:48:05Z,2026-08-17T18:48:05Z,
200.96.163.18,ipv4,malicious-ip,medium,WHITE,ziyadnz/hourly-ipv4,ziyadnz|hourly,2026-08-17T18:48:05Z,2026-08-17T18:48:05Z,
200.96.48.117,ipv4,malicious-ip,medium,WHITE,ziyadnz/hourly-ipv4,ziyadnz|hourly,2026-08-17T18:48:05Z,2026-08-17T18:48:05Z,
200.96.7.197,ipv4,malicious-ip,medium,WHITE,ziyadnz/hourly-ipv4,ziyadnz|hourly,2026-08-17T18:48:05Z,2026-08-17T18:48:05Z,
201.10.52.238,ipv4,malicious-ip,medium,WHITE,ziyadnz/hourly-ipv4,ziyadnz|hourly,2026-08-17T18:48:05Z,2026-08-17T18:48:05Z,
201.102.28.130,ipv4,malicious-ip,medium,WHITE,ziyadnz/hourly-ipv4,ziyadnz|hourly,2026-08-17T18:48:05Z,2026-08-17T18:48:05Z,
201.103.121.189,ipv4,malicious-ip,medium,WHITE,ziyadnz/hourly-ipv4,ziyadnz|hourly,2026-08-17T18:48:05Z,2026-08-17T18:48:05Z,
201.103.249.159,ipv4,malicious-ip,medium,WHITE,ziyadnz/hourly-ipv4,ziyadnz|hourly,2026-08-17T18:48:05Z,2026-08-17T18:48:05Z,
201.105.199.67,ipv4,malicious-ip,medium,WHITE,ziyadnz/hourly-ipv4,ziyadnz|hourly,2026-08-17T18:48:05Z,2026-08-17T18:48:05Z,
201.109.28.56,ipv4,malicious-ip,medium,WHITE,ziyadnz/hourly-ipv4,ziyadnz|hourly,2026-08-17T18:48:05Z,2026-08-17T18:48:05Z,
201.110.100.216,ipv4,malicious-ip,medium,WHITE,ziyadnz/hourly-ipv4,ziyadnz|hourly,2026-08-17T18:48:05Z,2026-08-17T18:48:05Z,
201.110.127.157,ipv4,malicious-ip,medium,WHITE,ziyadnz/hourly-ipv4,ziyadnz|hourly,2026-08-17T18:48:05Z,2026-08-17T18:48:05Z,
201.110.154.227,ipv4,malicious-ip,medium,WHITE,ziyadnz/hourly-ipv4,ziyadnz|hourly,2026-08-17T18:48:05Z,2026-08-17T18:48:05Z,
201.110.155.192,ipv4,malicious-ip,medium,WHITE,ziyadnz/hourly-ipv4,ziyadnz|hourly,2026-08-17T18:48:05Z,2026-08-17T18:48:05Z,
201.110.181.231,ipv4,malicious-ip,medium,WHITE,ziyadnz/hourly-ipv4,ziyadnz|hourly,2026-08-17T18:48:05Z,2026-08-17T18:48:05Z,
201.110.21.0,ipv4,malicious-ip,medium,WHITE,ziyadnz/hourly-ipv4,ziyadnz|hourly,2026-08-17T18:48:05Z,2026-08-17T18:48:05Z,
201.110.8.178,ipv4,malicious-ip,medium,WHITE,ziyadnz/hourly-ipv4,ziyadnz|hourly,2026-08-17T18:48:05Z,2026-08-17T18:48:05Z,
201.111.235.204,ipv4,malicious-ip,medium,WHITE,ziyadnz/hourly-ipv4,ziyadnz|hourly,2026-08-17T18:48:05Z,2026-08-17T18:48:05Z,
201.113.213.162,ipv4,malicious-ip,medium,WHITE,ziyadnz/hourly-ipv4,ziyadnz|hourly,2026-08-17T18:48:05Z,2026-08-17T18:48:05Z,
201.121.133.4,ipv4,malicious-ip,medium,WHITE,ziyadnz/hourly-ipv4,ziyadnz|hourly,2026-08-17T18:48:05Z,2026-08-17T18:48:05Z,
201.121.173.249,ipv4,malicious-ip,medium,WHITE,ziyadnz/hourly-ipv4,ziyadnz|hourly,2026-08-17T18:48:05Z,2026-08-17T18:48:05Z,
201.121.214.135,ipv4,malicious-ip,medium,WHITE,ziyadnz/hourly-ipv4,ziyadnz|hourly,2026-08-17T18:48:05Z,2026-08-17T18:48:05Z,
201.124.168.136,ipv4,malicious-ip,medium,WHITE,ziyadnz/hourly-ipv4,ziyadnz|hourly,2026-08-17T18:48:05Z,2026-08-17T18:48:05Z,
201.124.171.53,ipv4,malicious-ip,medium,WHITE,ziyadnz/hourly-ipv4,ziyadnz|hourly,2026-08-17T18:48:05Z,2026-08-17T18:48:05Z,
201.124.207.186,ipv4,malicious-ip,medium,WHITE,ziyadnz/hourly-ipv4,ziyadnz|hourly,2026-08-17T18:48:05Z,2026-08-17T18:48:05Z,
201.124.207.243,ipv4,malicious-ip,medium,WHITE,ziyadnz/hourly-ipv4,ziyadnz|hourly,2026-08-17T18:48:05Z,2026-08-17T18:48:05Z,
201.124.236.128,ipv4,malicious-ip,medium,WHITE,ziyadnz/hourly-ipv4,ziyadnz|hourly,2026-08-17T18:48:05Z,2026-08-17T18:48:05Z,
201.130.167.212,ipv4,malicious-ip,medium,WHITE,ziyadnz/hourly-ipv4,ziyadnz|hourly,2026-08-17T18:48:05Z,2026-08-17T18:48:05Z,
201.131.165.90,ipv4,malicious-ip,medium,WHITE,ziyadnz/hourly-ipv4,ziyadnz|hourly,2026-08-17T18:48:05Z,2026-08-17T18:48:05Z,
201.131.178.98,ipv4,malicious-ip,medium,WHITE,ziyadnz/hourly-ipv4,ziyadnz|hourly,2026-08-17T18:48:05Z,2026-08-17T18:48:05Z,
201.131.180.39,ipv4,malicious-ip,medium,WHITE,ziyadnz/hourly-ipv4,ziyadnz|hourly,2026-08-17T18:48:05Z,2026-08-17T18:48:05Z,
201.131.181.161,ipv4,malicious-ip,medium,WHITE,ziyadnz/hourly-ipv4,ziyadnz|hourly,2026-08-17T18:48:05Z,2026-08-17T18:48:05Z,
201.131.89.120,ipv4,malicious-ip,medium,WHITE,ziyadnz/hourly-ipv4,ziyadnz|hourly,2026-08-17T18:48:05Z,2026-08-17T18:48:05Z,
201.132.11.46,ipv4,malicious-ip,medium,WHITE,ziyadnz/hourly-ipv4,ziyadnz|hourly,2026-08-17T18:48:05Z,2026-08-17T18:48:05Z,
201.137.120.47,ipv4,malicious-ip,medium,WHITE,ziyadnz/hourly-ipv4,ziyadnz|hourly,2026-08-17T18:48:05Z,2026-08-17T18:48:05Z,
201.137.124.109,ipv4,malicious-ip,medium,WHITE,ziyadnz/hourly-ipv4,ziyadnz|hourly,2026-08-17T18:48:05Z,2026-08-17T18:48:05Z,
201.137.177.141,ipv4,malicious-ip,medium,WHITE,ziyadnz/hourly-ipv4,ziyadnz|hourly,2026-08-17T18:48:05Z,2026-08-17T18:48:05Z,
201.137.53.4,ipv4,malicious-ip,medium,WHITE,ziyadnz/hourly-ipv4,ziyadnz|hourly,2026-08-17T18:48:05Z,2026-08-17T18:48:05Z,
201.137.6.211,ipv4,malicious-ip,medium,WHITE,ziyadnz/hourly-ipv4,ziyadnz|hourly,2026-08-17T18:48:05Z,2026-08-17T18:48:05Z,
201.138.109.21,ipv4,malicious-ip,medium,WHITE,ziyadnz/hourly-ipv4,ziyadnz|hourly,2026-08-17T18:48:05Z,2026-08-17T18:48:05Z,
201.138.141.13,ipv4,malicious-ip,medium,WHITE,ziyadnz/hourly-ipv4,ziyadnz|hourly,2026-08-17T18:48:05Z,2026-08-17T18:48:05Z,
201.138.180.84,ipv4,malicious-ip,medium,WHITE,ziyadnz/hourly-ipv4,ziyadnz|hourly,2026-08-17T18:48:05Z,2026-08-17T18:48:05Z,
201.138.212.231,ipv4,malicious-ip,medium,WHITE,ziyadnz/hourly-ipv4,ziyadnz|hourly,2026-08-17T18:48:05Z,2026-08-17T18:48:05Z,
201.138.72.51,ipv4,malicious-ip,medium,WHITE,ziyadnz/hourly-ipv4,ziyadnz|hourly,2026-08-17T18:48:05Z,2026-08-17T18:48:05Z,
201.139.95.35,ipv4,malicious-ip,medium,WHITE,ziyadnz/hourly-ipv4,ziyadnz|hourly,2026-08-17T18:48:05Z,2026-08-17T18:48:05Z,
201.140.220.172,ipv4,malicious-ip,medium,WHITE,ziyadnz/hourly-ipv4,ziyadnz|hourly,2026-08-17T18:48:05Z,2026-08-17T18:48:05Z,
201.140.237.30,ipv4,malicious-ip,medium,WHITE,ziyadnz/hourly-ipv4,ziyadnz|hourly,2026-08-17T18:48:05Z,2026-08-17T18:48:05Z,
201.140.240.125,ipv4,malicious-ip,medium,WHITE,ziyadnz/hourly-ipv4,ziyadnz|hourly,2026-08-17T18:48:05Z,2026-08-17T18:48:05Z,
201.140.240.97,ipv4,malicious-ip,medium,WHITE,ziyadnz/hourly-ipv4,ziyadnz|hourly,2026-08-17T18:48:05Z,2026-08-17T18:48:05Z,
201.140.240.98,ipv4,malicious-ip,medium,WHITE,ziyadnz/hourly-ipv4,ziyadnz|hourly,2026-08-17T18:48:05Z,2026-08-17T18:48:05Z,
201.144.122.243,ipv4,malicious-ip,medium,WHITE,ziyadnz/hourly-ipv4,ziyadnz|hourly,2026-08-17T18:48:05Z,2026-08-17T18:48:05Z,
201.145.112.12,ipv4,malicious-ip,medium,WHITE,ziyadnz/hourly-ipv4,ziyadnz|hourly,2026-08-17T18:48:05Z,2026-08-17T18:48:05Z,
201.145.149.82,ipv4,malicious-ip,medium,WHITE,ziyadnz/hourly-ipv4,ziyadnz|hourly,2026-08-17T18:48:05Z,2026-08-17T18:48:05Z,
201.145.193.94,ipv4,malicious-ip,medium,WHITE,ziyadnz/hourly-ipv4,ziyadnz|hourly,2026-08-17T18:48:05Z,2026-08-17T18:48:05Z,
201.145.253.114,ipv4,malicious-ip,medium,WHITE,ziyadnz/hourly-ipv4,ziyadnz|hourly,2026-08-17T18:48:05Z,2026-08-17T18:48:05Z,
201.145.255.53,ipv4,malicious-ip,medium,WHITE,ziyadnz/hourly-ipv4,ziyadnz|hourly,2026-08-17T18:48:05Z,2026-08-17T18:48:05Z,
201.146.67.46,ipv4,malicious-ip,medium,WHITE,ziyadnz/hourly-ipv4,ziyadnz|hourly,2026-08-17T18:48:05Z,2026-08-17T18:48:05Z,
201.147.171.170,ipv4,malicious-ip,medium,WHITE,ziyadnz/hourly-ipv4,ziyadnz|hourly,2026-08-17T18:48:05Z,2026-08-17T18:48:05Z,
201.148.107.8,ipv4,malicious-ip,medium,WHITE,ziyadnz/hourly-ipv4,ziyadnz|hourly,2026-08-17T18:48:05Z,2026-08-17T18:48:05Z,
201.148.118.8,ipv4,malicious-ip,medium,WHITE,ziyadnz/hourly-ipv4,ziyadnz|hourly,2026-08-17T18:48:05Z,2026-08-17T18:48:05Z,
201.148.240.97,ipv4,malicious-ip,medium,WHITE,ziyadnz/hourly-ipv4,ziyadnz|hourly,2026-08-17T18:48:05Z,2026-08-17T18:48:05Z,
201.148.244.93,ipv4,malicious-ip,medium,WHITE,ziyadnz/hourly-ipv4,ziyadnz|hourly,2026-08-17T18:48:05Z,2026-08-17T18:48:05Z,
201.148.247.176,ipv4,malicious-ip,medium,WHITE,ziyadnz/hourly-ipv4,ziyadnz|hourly,2026-08-17T18:48:05Z,2026-08-17T18:48:05Z,
201.148.253.52,ipv4,malicious-ip,medium,WHITE,ziyadnz/hourly-ipv4,ziyadnz|hourly,2026-08-17T18:48:05Z,2026-08-17T18:48:05Z,
201.149.49.162,ipv4,malicious-ip,medium,WHITE,ziyadnz/hourly-ipv4,ziyadnz|hourly,2026-08-17T18:48:05Z,2026-08-17T18:48:05Z,
201.149.53.246,ipv4,malicious-ip,medium,WHITE,ziyadnz/hourly-ipv4,ziyadnz|hourly,2026-08-17T18:48:05Z,2026-08-17T18:48:05Z,
201.15.149.254,ipv4,malicious-ip,medium,WHITE,ziyadnz/hourly-ipv4,ziyadnz|hourly,2026-08-17T18:48:05Z,2026-08-17T18:48:05Z,
201.15.183.89,ipv4,malicious-ip,medium,WHITE,ziyadnz/hourly-ipv4,ziyadnz|hourly,2026-08-17T18:48:05Z,2026-08-17T18:48:05Z,
201.15.59.135,ipv4,malicious-ip,medium,WHITE,ziyadnz/hourly-ipv4,ziyadnz|hourly,2026-08-17T18:48:05Z,2026-08-17T18:48:05Z,
201.150.233.71,ipv4,malicious-ip,medium,WHITE,ziyadnz/hourly-ipv4,ziyadnz|hourly,2026-08-17T18:48:05Z,2026-08-17T18:48:05Z,
201.150.26.48,ipv4,malicious-ip,medium,WHITE,ziyadnz/hourly-ipv4,ziyadnz|hourly,2026-08-17T18:48:05Z,2026-08-17T18:48:05Z,
201.150.57.76,ipv4,malicious-ip,medium,WHITE,ziyadnz/hourly-ipv4,ziyadnz|hourly,2026-08-17T18:48:05Z,2026-08-17T18:48:05Z,
201.153.192.196,ipv4,malicious-ip,medium,WHITE,ziyadnz/hourly-ipv4,ziyadnz|hourly,2026-08-17T18:48:05Z,2026-08-17T18:48:05Z,
201.158.114.127,ipv4,malicious-ip,medium,WHITE,ziyadnz/hourly-ipv4,ziyadnz|hourly,2026-08-17T18:48:05Z,2026-08-17T18:48:05Z,
201.158.115.119,ipv4,malicious-ip,medium,WHITE,ziyadnz/hourly-ipv4,ziyadnz|hourly,2026-08-17T18:48:05Z,2026-08-17T18:48:05Z,
201.158.96.237,ipv4,malicious-ip,medium,WHITE,ziyadnz/hourly-ipv4,ziyadnz|hourly,2026-08-17T18:48:05Z,2026-08-17T18:48:05Z,
201.159.155.152,ipv4,malicious-ip,medium,WHITE,ziyadnz/hourly-ipv4,ziyadnz|hourly,2026-08-17T18:48:05Z,2026-08-17T18:48:05Z,
201.159.55.108,ipv4,malicious-ip,medium,WHITE,ziyadnz/hourly-ipv4,ziyadnz|hourly,2026-08-17T18:48:05Z,2026-08-17T18:48:05Z,
201.159.59.83,ipv4,malicious-ip,medium,WHITE,ziyadnz/hourly-ipv4,ziyadnz|hourly,2026-08-17T18:48:05Z,2026-08-17T18:48:05Z,
201.159.92.147,ipv4,malicious-ip,medium,WHITE,ziyadnz/hourly-ipv4,ziyadnz|hourly,2026-08-17T18:48:05Z,2026-08-17T18:48:05Z,
201.161.46.131,ipv4,malicious-ip,medium,WHITE,ziyadnz/hourly-ipv4,ziyadnz|hourly,2026-08-17T18:48:05Z,2026-08-17T18:48:05Z,
201.161.46.133,ipv4,malicious-ip,medium,WHITE,ziyadnz/hourly-ipv4,ziyadnz|hourly,2026-08-17T18:48:05Z,2026-08-17T18:48:05Z,
201.163.141.150,ipv4,malicious-ip,medium,WHITE,ziyadnz/hourly-ipv4,ziyadnz|hourly,2026-08-17T18:48:05Z,2026-08-17T18:48:05Z,
201.163.73.93,ipv4,malicious-ip,medium,WHITE,ziyadnz/hourly-ipv4,ziyadnz|hourly,2026-08-17T18:48:05Z,2026-08-17T18:48:05Z,
201.165.139.35,ipv4,malicious-ip,medium,WHITE,ziyadnz/hourly-ipv4,ziyadnz|hourly,2026-08-17T18:48:05Z,2026-08-17T18:48:05Z,
201.165.24.144,ipv4,malicious-ip,medium,WHITE,ziyadnz/hourly-ipv4,ziyadnz|hourly,2026-08-17T18:48:05Z,2026-08-17T18:48:05Z,
201.165.28.114,ipv4,malicious-ip,medium,WHITE,ziyadnz/hourly-ipv4,ziyadnz|hourly,2026-08-17T18:48:05Z,2026-08-17T18:48:05Z,
201.17.157.139,ipv4,malicious-ip,medium,WHITE,ziyadnz/hourly-ipv4,ziyadnz|hourly,2026-08-17T18:48:05Z,2026-08-17T18:48:05Z,
201.17.158.10,ipv4,malicious-ip,medium,WHITE,ziyadnz/hourly-ipv4,ziyadnz|hourly,2026-08-17T18:48:05Z,2026-08-17T18:48:05Z,
201.17.158.82,ipv4,malicious-ip,medium,WHITE,ziyadnz/hourly-ipv4,ziyadnz|hourly,2026-08-17T18:48:05Z,2026-08-17T18:48:05Z,
201.17.211.125,ipv4,malicious-ip,medium,WHITE,ziyadnz/hourly-ipv4,ziyadnz|hourly,2026-08-17T18:48:05Z,2026-08-17T18:48:05Z,
201.170.249.90,ipv4,malicious-ip,medium,WHITE,ziyadnz/hourly-ipv4,ziyadnz|hourly,2026-08-17T18:48:05Z,2026-08-17T18:48:05Z,
201.172.174.217,ipv4,malicious-ip,medium,WHITE,ziyadnz/hourly-ipv4,ziyadnz|hourly,2026-08-17T18:48:05Z,2026-08-17T18:48:05Z,
201.172.20.105,ipv4,malicious-ip,medium,WHITE,ziyadnz/hourly-ipv4,ziyadnz|hourly,2026-08-17T18:48:05Z,2026-08-17T18:48:05Z,
201.173.65.13,ipv4,malicious-ip,medium,WHITE,ziyadnz/hourly-ipv4,ziyadnz|hourly,2026-08-17T18:48:05Z,2026-08-17T18:48:05Z,
201.173.67.20,ipv4,malicious-ip,medium,WHITE,ziyadnz/hourly-ipv4,ziyadnz|hourly,2026-08-17T18:48:05Z,2026-08-17T18:48:05Z,
201.174.146.242,ipv4,malicious-ip,medium,WHITE,ziyadnz/hourly-ipv4,ziyadnz|hourly,2026-08-17T18:48:05Z,2026-08-17T18:48:05Z,
201.174.222.243,ipv4,malicious-ip,medium,WHITE,ziyadnz/hourly-ipv4,ziyadnz|hourly,2026-08-17T18:48:05Z,2026-08-17T18:48:05Z,
201.174.234.35,ipv4,malicious-ip,medium,WHITE,ziyadnz/hourly-ipv4,ziyadnz|hourly,2026-08-17T18:48:05Z,2026-08-17T18:48:05Z,
201.176.221.200,ipv4,malicious-ip,medium,WHITE,ziyadnz/hourly-ipv4,ziyadnz|hourly,2026-08-17T18:48:05Z,2026-08-17T18:48:05Z,
201.177.231.160,ipv4,malicious-ip,medium,WHITE,ziyadnz/hourly-ipv4,ziyadnz|hourly,2026-08-17T18:48:05Z,2026-08-17T18:48:05Z,
201.178.215.149,ipv4,malicious-ip,medium,WHITE,ziyadnz/hourly-ipv4,ziyadnz|hourly,2026-08-17T18:48:05Z,2026-08-17T18:48:05Z,
201.182.148.15,ipv4,malicious-ip,medium,WHITE,ziyadnz/hourly-ipv4,ziyadnz|hourly,2026-08-17T18:48:05Z,2026-08-17T18:48:05Z,
201.182.148.35,ipv4,malicious-ip,medium,WHITE,ziyadnz/hourly-ipv4,ziyadnz|hourly,2026-08-17T18:48:05Z,2026-08-17T18:48:05Z,
201.182.148.54,ipv4,malicious-ip,medium,WHITE,ziyadnz/hourly-ipv4,ziyadnz|hourly,2026-08-17T18:48:05Z,2026-08-17T18:48:05Z,
201.182.15.143,ipv4,malicious-ip,medium,WHITE,ziyadnz/hourly-ipv4,ziyadnz|hourly,2026-08-17T18:48:05Z,2026-08-17T18:48:05Z,
201.182.169.54,ipv4,malicious-ip,medium,WHITE,ziyadnz/hourly-ipv4,ziyadnz|hourly,2026-08-17T18:48:05Z,2026-08-17T18:48:05Z,
201.182.184.84,ipv4,malicious-ip,medium,WHITE,ziyadnz/hourly-ipv4,ziyadnz|hourly,2026-08-17T18:48:05Z,2026-08-17T18:48:05Z,
201.182.236.141,ipv4,malicious-ip,medium,WHITE,ziyadnz/hourly-ipv4,ziyadnz|hourly,2026-08-17T18:48:05Z,2026-08-17T18:48:05Z,
201.182.236.143,ipv4,malicious-ip,medium,WHITE,ziyadnz/hourly-ipv4,ziyadnz|hourly,2026-08-17T18:48:05Z,2026-08-17T18:48:05Z,
201.182.3.10,ipv4,malicious-ip,medium,WHITE,ziyadnz/hourly-ipv4,ziyadnz|hourly,2026-08-17T18:48:05Z,2026-08-17T18:48:05Z,
201.182.3.11,ipv4,malicious-ip,medium,WHITE,ziyadnz/hourly-ipv4,ziyadnz|hourly,2026-08-17T18:48:05Z,2026-08-17T18:48:05Z,
201.182.3.12,ipv4,malicious-ip,medium,WHITE,ziyadnz/hourly-ipv4,ziyadnz|hourly,2026-08-17T18:48:05Z,2026-08-17T18:48:05Z,
201.182.75.78,ipv4,malicious-ip,medium,WHITE,ziyadnz/hourly-ipv4,ziyadnz|hourly,2026-08-17T18:48:05Z,2026-08-17T18:48:05Z,
201.182.83.25,ipv4,malicious-ip,medium,WHITE,ziyadnz/hourly-ipv4,ziyadnz|hourly,2026-08-17T18:48:05Z,2026-08-17T18:48:05Z,
201.182.92.126,ipv4,malicious-ip,medium,WHITE,ziyadnz/hourly-ipv4,ziyadnz|hourly,2026-08-17T18:48:05Z,2026-08-17T18:48:05Z,
201.184.239.75,ipv4,malicious-ip,medium,WHITE,ziyadnz/hourly-ipv4,ziyadnz|hourly,2026-08-17T18:48:05Z,2026-08-17T18:48:05Z,
201.185.132.64,ipv4,malicious-ip,medium,WHITE,ziyadnz/hourly-ipv4,ziyadnz|hourly,2026-08-17T18:48:05Z,2026-08-17T18:48:05Z,
201.186.139.247,ipv4,malicious-ip,medium,WHITE,ziyadnz/hourly-ipv4,ziyadnz|hourly,2026-08-17T18:48:05Z,2026-08-17T18:48:05Z,
201.186.206.191,ipv4,malicious-ip,medium,WHITE,ziyadnz/hourly-ipv4,ziyadnz|hourly,2026-08-17T18:48:05Z,2026-08-17T18:48:05Z,
201.186.35.125,ipv4,malicious-ip,medium,WHITE,ziyadnz/hourly-ipv4,ziyadnz|hourly,2026-08-17T18:48:05Z,2026-08-17T18:48:05Z,
201.186.40.161,ipv4,malicious-ip,medium,WHITE,ziyadnz/hourly-ipv4,ziyadnz|hourly,2026-08-17T18:48:05Z,2026-08-17T18:48:05Z,
201.187.110.87,ipv4,malicious-ip,medium,WHITE,ziyadnz/hourly-ipv4,ziyadnz|hourly,2026-08-17T18:48:05Z,2026-08-17T18:48:05Z,
201.187.96.54,ipv4,malicious-ip,medium,WHITE,ziyadnz/hourly-ipv4,ziyadnz|hourly,2026-08-17T18:48:05Z,2026-08-17T18:48:05Z,
201.188.67.25,ipv4,malicious-ip,medium,WHITE,ziyadnz/hourly-ipv4,ziyadnz|hourly,2026-08-17T18:48:05Z,2026-08-17T18:48:05Z,
201.189.128.62,ipv4,malicious-ip,medium,WHITE,ziyadnz/hourly-ipv4,ziyadnz|hourly,2026-08-17T18:48:05Z,2026-08-17T18:48:05Z,
201.190.178.209,ipv4,malicious-ip,medium,WHITE,ziyadnz/hourly-ipv4,ziyadnz|hourly,2026-08-17T18:48:05Z,2026-08-17T18:48:05Z,
201.2.140.186,ipv4,malicious-ip,medium,WHITE,ziyadnz/hourly-ipv4,ziyadnz|hourly,2026-08-17T18:48:05Z,2026-08-17T18:48:05Z,
201.2.191.99,ipv4,malicious-ip,medium,WHITE,ziyadnz/hourly-ipv4,ziyadnz|hourly,2026-08-17T18:48:05Z,2026-08-17T18:48:05Z,
201.20.112.200,ipv4,malicious-ip,medium,WHITE,ziyadnz/hourly-ipv4,ziyadnz|hourly,2026-08-17T18:48:05Z,2026-08-17T18:48:05Z,
201.20.89.75,ipv4,malicious-ip,medium,WHITE,ziyadnz/hourly-ipv4,ziyadnz|hourly,2026-08-17T18:48:05Z,2026-08-17T18:48:05Z,
201.20.93.86,ipv4,malicious-ip,medium,WHITE,ziyadnz/hourly-ipv4,ziyadnz|hourly,2026-08-17T18:48:05Z,2026-08-17T18:48:05Z,
201.203.101.30,ipv4,malicious-ip,medium,WHITE,ziyadnz/hourly-ipv4,ziyadnz|hourly,2026-08-17T18:48:05Z,2026-08-17T18:48:05Z,
201.205.241.198,ipv4,malicious-ip,medium,WHITE,ziyadnz/hourly-ipv4,ziyadnz|hourly,2026-08-17T18:48:05Z,2026-08-17T18:48:05Z,
201.206.191.27,ipv4,malicious-ip,medium,WHITE,ziyadnz/hourly-ipv4,ziyadnz|hourly,2026-08-17T18:48:05Z,2026-08-17T18:48:05Z,
201.208.182.12,ipv4,malicious-ip,medium,WHITE,ziyadnz/hourly-ipv4,ziyadnz|hourly,2026-08-17T18:48:05Z,2026-08-17T18:48:05Z,
201.208.186.155,ipv4,malicious-ip,medium,WHITE,ziyadnz/hourly-ipv4,ziyadnz|hourly,2026-08-17T18:48:05Z,2026-08-17T18:48:05Z,
201.209.127.226,ipv4,malicious-ip,medium,WHITE,ziyadnz/hourly-ipv4,ziyadnz|hourly,2026-08-17T18:48:05Z,2026-08-17T18:48:05Z,
201.209.147.143,ipv4,malicious-ip,medium,WHITE,ziyadnz/hourly-ipv4,ziyadnz|hourly,2026-08-17T18:48:05Z,2026-08-17T18:48:05Z,
201.21.152.200,ipv4,malicious-ip,medium,WHITE,ziyadnz/hourly-ipv4,ziyadnz|hourly,2026-08-17T18:48:05Z,2026-08-17T18:48:05Z,
201.211.23.249,ipv4,malicious-ip,medium,WHITE,ziyadnz/hourly-ipv4,ziyadnz|hourly,2026-08-17T18:48:05Z,2026-08-17T18:48:05Z,
201.212.123.212,ipv4,malicious-ip,medium,WHITE,ziyadnz/hourly-ipv4,ziyadnz|hourly,2026-08-17T18:48:05Z,2026-08-17T18:48:05Z,
201.213.200.125,ipv4,malicious-ip,medium,WHITE,ziyadnz/hourly-ipv4,ziyadnz|hourly,2026-08-17T18:48:05Z,2026-08-17T18:48:05Z,
201.213.214.83,ipv4,malicious-ip,medium,WHITE,ziyadnz/hourly-ipv4,ziyadnz|hourly,2026-08-17T18:48:05Z,2026-08-17T18:48:05Z,
201.214.0.47,ipv4,malicious-ip,medium,WHITE,ziyadnz/hourly-ipv4,ziyadnz|hourly,2026-08-17T18:48:05Z,2026-08-17T18:48:05Z,
201.214.160.224,ipv4,malicious-ip,medium,WHITE,ziyadnz/hourly-ipv4,ziyadnz|hourly,2026-08-17T18:48:05Z,2026-08-17T18:48:05Z,
201.214.21.24,ipv4,malicious-ip,medium,WHITE,ziyadnz/hourly-ipv4,ziyadnz|hourly,2026-08-17T18:48:05Z,2026-08-17T18:48:05Z,
201.214.235.50,ipv4,malicious-ip,medium,WHITE,ziyadnz/hourly-ipv4,ziyadnz|hourly,2026-08-17T18:48:05Z,2026-08-17T18:48:05Z,
201.214.35.183,ipv4,malicious-ip,medium,WHITE,ziyadnz/hourly-ipv4,ziyadnz|hourly,2026-08-17T18:48:05Z,2026-08-17T18:48:05Z,
201.214.65.162,ipv4,malicious-ip,medium,WHITE,ziyadnz/hourly-ipv4,ziyadnz|hourly,2026-08-17T18:48:05Z,2026-08-17T18:48:05Z,
201.215.229.206,ipv4,malicious-ip,medium,WHITE,ziyadnz/hourly-ipv4,ziyadnz|hourly,2026-08-17T18:48:05Z,2026-08-17T18:48:05Z,
201.215.229.36,ipv4,malicious-ip,medium,WHITE,ziyadnz/hourly-ipv4,ziyadnz|hourly,2026-08-17T18:48:05Z,2026-08-17T18:48:05Z,
201.215.30.59,ipv4,malicious-ip,medium,WHITE,ziyadnz/hourly-ipv4,ziyadnz|hourly,2026-08-17T18:48:05Z,2026-08-17T18:48:05Z,
201.215.98.39,ipv4,malicious-ip,medium,WHITE,ziyadnz/hourly-ipv4,ziyadnz|hourly,2026-08-17T18:48:05Z,2026-08-17T18:48:05Z,
201.216.71.68,ipv4,malicious-ip,medium,WHITE,ziyadnz/hourly-ipv4,ziyadnz|hourly,2026-08-17T18:48:05Z,2026-08-17T18:48:05Z,
201.217.0.226,ipv4,malicious-ip,medium,WHITE,ziyadnz/hourly-ipv4,ziyadnz|hourly,2026-08-17T18:48:05Z,2026-08-17T18:48:05Z,
201.217.246.131,ipv4,malicious-ip,medium,WHITE,ziyadnz/hourly-ipv4,ziyadnz|hourly,2026-08-17T18:48:05Z,2026-08-17T18:48:05Z,
201.217.246.38,ipv4,malicious-ip,medium,WHITE,ziyadnz/hourly-ipv4,ziyadnz|hourly,2026-08-17T18:48:05Z,2026-08-17T18:48:05Z,
201.217.246.43,ipv4,malicious-ip,medium,WHITE,ziyadnz/hourly-ipv4,ziyadnz|hourly,2026-08-17T18:48:05Z,2026-08-17T18:48:05Z,
201.217.246.45,ipv4,malicious-ip,medium,WHITE,ziyadnz/hourly-ipv4,ziyadnz|hourly,2026-08-17T18:48:05Z,2026-08-17T18:48:05Z,
201.217.247.105,ipv4,malicious-ip,medium,WHITE,ziyadnz/hourly-ipv4,ziyadnz|hourly,2026-08-17T18:48:05Z,2026-08-17T18:48:05Z,
201.217.247.108,ipv4,malicious-ip,medium,WHITE,ziyadnz/hourly-ipv4,ziyadnz|hourly,2026-08-17T18:48:05Z,2026-08-17T18:48:05Z,
201.217.247.167,ipv4,malicious-ip,medium,WHITE,ziyadnz/hourly-ipv4,ziyadnz|hourly,2026-08-17T18:48:05Z,2026-08-17T18:48:05Z,
201.217.247.53,ipv4,malicious-ip,medium,WHITE,ziyadnz/hourly-ipv4,ziyadnz|hourly,2026-08-17T18:48:05Z,2026-08-17T18:48:05Z,
201.217.247.85,ipv4,malicious-ip,medium,WHITE,ziyadnz/hourly-ipv4,ziyadnz|hourly,2026-08-17T18:48:05Z,2026-08-17T18:48:05Z,
201.218.171.165,ipv4,malicious-ip,medium,WHITE,ziyadnz/hourly-ipv4,ziyadnz|hourly,2026-08-17T18:48:05Z,2026-08-17T18:48:05Z,
201.218.171.175,ipv4,malicious-ip,medium,WHITE,ziyadnz/hourly-ipv4,ziyadnz|hourly,2026-08-17T18:48:05Z,2026-08-17T18:48:05Z,
201.218.181.54,ipv4,malicious-ip,medium,WHITE,ziyadnz/hourly-ipv4,ziyadnz|hourly,2026-08-17T18:48:05Z,2026-08-17T18:48:05Z,
201.219.164.91,ipv4,malicious-ip,medium,WHITE,ziyadnz/hourly-ipv4,ziyadnz|hourly,2026-08-17T18:48:05Z,2026-08-17T18:48:05Z,
201.219.165.52,ipv4,malicious-ip,medium,WHITE,ziyadnz/hourly-ipv4,ziyadnz|hourly,2026-08-17T18:48:05Z,2026-08-17T18:48:05Z,
201.219.165.98,ipv4,malicious-ip,medium,WHITE,ziyadnz/hourly-ipv4,ziyadnz|hourly,2026-08-17T18:48:05Z,2026-08-17T18:48:05Z,
201.219.166.0,ipv4,malicious-ip,medium,WHITE,ziyadnz/hourly-ipv4,ziyadnz|hourly,2026-08-17T18:48:05Z,2026-08-17T18:48:05Z,
201.219.166.57,ipv4,malicious-ip,medium,WHITE,ziyadnz/hourly-ipv4,ziyadnz|hourly,2026-08-17T18:48:05Z,2026-08-17T18:48:05Z,
201.219.167.105,ipv4,malicious-ip,medium,WHITE,ziyadnz/hourly-ipv4,ziyadnz|hourly,2026-08-17T18:48:05Z,2026-08-17T18:48:05Z,
201.219.167.226,ipv4,malicious-ip,medium,WHITE,ziyadnz/hourly-ipv4,ziyadnz|hourly,2026-08-17T18:48:05Z,2026-08-17T18:48:05Z,
201.220.112.107,ipv4,malicious-ip,medium,WHITE,ziyadnz/hourly-ipv4,ziyadnz|hourly,2026-08-17T18:48:05Z,2026-08-17T18:48:05Z,
201.220.22.221,ipv4,malicious-ip,medium,WHITE,ziyadnz/hourly-ipv4,ziyadnz|hourly,2026-08-17T18:48:05Z,2026-08-17T18:48:05Z,
201.220.22.222,ipv4,malicious-ip,medium,WHITE,ziyadnz/hourly-ipv4,ziyadnz|hourly,2026-08-17T18:48:05Z,2026-08-17T18:48:05Z,
201.221.108.59,ipv4,malicious-ip,medium,WHITE,ziyadnz/hourly-ipv4,ziyadnz|hourly,2026-08-17T18:48:05Z,2026-08-17T18:48:05Z,
201.221.178.4,ipv4,malicious-ip,medium,WHITE,ziyadnz/hourly-ipv4,ziyadnz|hourly,2026-08-17T18:48:05Z,2026-08-17T18:48:05Z,
201.222.20.20,ipv4,malicious-ip,medium,WHITE,ziyadnz/hourly-ipv4,ziyadnz|hourly,2026-08-17T18:48:05Z,2026-08-17T18:48:05Z,
201.222.40.82,ipv4,malicious-ip,medium,WHITE,ziyadnz/hourly-ipv4,ziyadnz|hourly,2026-08-17T18:48:05Z,2026-08-17T18:48:05Z,
201.223.121.73,ipv4,malicious-ip,medium,WHITE,ziyadnz/hourly-ipv4,ziyadnz|hourly,2026-08-17T18:48:05Z,2026-08-17T18:48:05Z,
201.223.126.9,ipv4,malicious-ip,medium,WHITE,ziyadnz/hourly-ipv4,ziyadnz|hourly,2026-08-17T18:48:05Z,2026-08-17T18:48:05Z,
201.223.48.90,ipv4,malicious-ip,medium,WHITE,ziyadnz/hourly-ipv4,ziyadnz|hourly,2026-08-17T18:48:05Z,2026-08-17T18:48:05Z,
201.225.4.122,ipv4,malicious-ip,medium,WHITE,ziyadnz/hourly-ipv4,ziyadnz|hourly,2026-08-17T18:48:05Z,2026-08-17T18:48:05Z,
201.226.239.98,ipv4,malicious-ip,medium,WHITE,ziyadnz/hourly-ipv4,ziyadnz|hourly,2026-08-17T18:48:05Z,2026-08-17T18:48:05Z,
201.227.159.160,ipv4,malicious-ip,medium,WHITE,ziyadnz/hourly-ipv4,ziyadnz|hourly,2026-08-17T18:48:05Z,2026-08-17T18:48:05Z,
201.229.144.198,ipv4,malicious-ip,medium,WHITE,ziyadnz/hourly-ipv4,ziyadnz|hourly,2026-08-17T18:48:05Z,2026-08-17T18:48:05Z,
201.231.49.182,ipv4,malicious-ip,medium,WHITE,ziyadnz/hourly-ipv4,ziyadnz|hourly,2026-08-17T18:48:05Z,2026-08-17T18:48:05Z,
201.234.106.215,ipv4,malicious-ip,medium,WHITE,ziyadnz/hourly-ipv4,ziyadnz|hourly,2026-08-17T18:48:05Z,2026-08-17T18:48:05Z,
201.234.152.148,ipv4,malicious-ip,medium,WHITE,ziyadnz/hourly-ipv4,ziyadnz|hourly,2026-08-17T18:48:05Z,2026-08-17T18:48:05Z,
201.234.96.45,ipv4,malicious-ip,medium,WHITE,ziyadnz/hourly-ipv4,ziyadnz|hourly,2026-08-17T18:48:05Z,2026-08-17T18:48:05Z,
201.235.225.141,ipv4,malicious-ip,medium,WHITE,ziyadnz/hourly-ipv4,ziyadnz|hourly,2026-08-17T18:48:05Z,2026-08-17T18:48:05Z,
201.235.32.239,ipv4,malicious-ip,medium,WHITE,ziyadnz/hourly-ipv4,ziyadnz|hourly,2026-08-17T18:48:05Z,2026-08-17T18:48:05Z,
201.238.125.37,ipv4,malicious-ip,medium,WHITE,ziyadnz/hourly-ipv4,ziyadnz|hourly,2026-08-17T18:48:05Z,2026-08-17T18:48:05Z,
201.238.213.108,ipv4,malicious-ip,medium,WHITE,ziyadnz/hourly-ipv4,ziyadnz|hourly,2026-08-17T18:48:05Z,2026-08-17T18:48:05Z,
201.238.231.70,ipv4,malicious-ip,medium,WHITE,ziyadnz/hourly-ipv4,ziyadnz|hourly,2026-08-17T18:48:05Z,2026-08-17T18:48:05Z,
201.239.14.162,ipv4,malicious-ip,medium,WHITE,ziyadnz/hourly-ipv4,ziyadnz|hourly,2026-08-17T18:48:05Z,2026-08-17T18:48:05Z,
201.239.183.109,ipv4,malicious-ip,medium,WHITE,ziyadnz/hourly-ipv4,ziyadnz|hourly,2026-08-17T18:48:05Z,2026-08-17T18:48:05Z,
201.239.184.91,ipv4,malicious-ip,medium,WHITE,ziyadnz/hourly-ipv4,ziyadnz|hourly,2026-08-17T18:48:05Z,2026-08-17T18:48:05Z,
201.239.197.192,ipv4,malicious-ip,medium,WHITE,ziyadnz/hourly-ipv4,ziyadnz|hourly,2026-08-17T18:48:05Z,2026-08-17T18:48:05Z,
201.239.35.110,ipv4,malicious-ip,medium,WHITE,ziyadnz/hourly-ipv4,ziyadnz|hourly,2026-08-17T18:48:05Z,2026-08-17T18:48:05Z,
201.239.38.103,ipv4,malicious-ip,medium,WHITE,ziyadnz/hourly-ipv4,ziyadnz|hourly,2026-08-17T18:48:05Z,2026-08-17T18:48:05Z,
201.239.62.28,ipv4,malicious-ip,medium,WHITE,ziyadnz/hourly-ipv4,ziyadnz|hourly,2026-08-17T18:48:05Z,2026-08-17T18:48:05Z,
201.239.70.50,ipv4,malicious-ip,medium,WHITE,ziyadnz/hourly-ipv4,ziyadnz|hourly,2026-08-17T18:48:05Z,2026-08-17T18:48:05Z,
201.240.108.127,ipv4,malicious-ip,medium,WHITE,ziyadnz/hourly-ipv4,ziyadnz|hourly,2026-08-17T18:48:05Z,2026-08-17T18:48:05Z,
201.241.114.146,ipv4,malicious-ip,medium,WHITE,ziyadnz/hourly-ipv4,ziyadnz|hourly,2026-08-17T18:48:05Z,2026-08-17T18:48:05Z,
201.241.197.130,ipv4,malicious-ip,medium,WHITE,ziyadnz/hourly-ipv4,ziyadnz|hourly,2026-08-17T18:48:05Z,2026-08-17T18:48:05Z,
201.241.205.73,ipv4,malicious-ip,medium,WHITE,ziyadnz/hourly-ipv4,ziyadnz|hourly,2026-08-17T18:48:05Z,2026-08-17T18:48:05Z,
201.241.35.121,ipv4,malicious-ip,medium,WHITE,ziyadnz/hourly-ipv4,ziyadnz|hourly,2026-08-17T18:48:05Z,2026-08-17T18:48:05Z,
201.241.66.44,ipv4,malicious-ip,medium,WHITE,ziyadnz/hourly-ipv4,ziyadnz|hourly,2026-08-17T18:48:05Z,2026-08-17T18:48:05Z,
201.243.111.22,ipv4,malicious-ip,medium,WHITE,ziyadnz/hourly-ipv4,ziyadnz|hourly,2026-08-17T18:48:05Z,2026-08-17T18:48:05Z,
201.243.248.46,ipv4,malicious-ip,medium,WHITE,ziyadnz/hourly-ipv4,ziyadnz|hourly,2026-08-17T18:48:05Z,2026-08-17T18:48:05Z,
201.244.23.22,ipv4,malicious-ip,medium,WHITE,ziyadnz/hourly-ipv4,ziyadnz|hourly,2026-08-17T18:48:05Z,2026-08-17T18:48:05Z,
201.246.12.152,ipv4,malicious-ip,medium,WHITE,ziyadnz/hourly-ipv4,ziyadnz|hourly,2026-08-17T18:48:05Z,2026-08-17T18:48:05Z,
201.246.157.154,ipv4,malicious-ip,medium,WHITE,ziyadnz/hourly-ipv4,ziyadnz|hourly,2026-08-17T18:48:05Z,2026-08-17T18:48:05Z,
201.246.2.26,ipv4,malicious-ip,medium,WHITE,ziyadnz/hourly-ipv4,ziyadnz|hourly,2026-08-17T18:48:05Z,2026-08-17T18:48:05Z,
201.247.170.155,ipv4,malicious-ip,medium,WHITE,ziyadnz/hourly-ipv4,ziyadnz|hourly,2026-08-17T18:48:05Z,2026-08-17T18:48:05Z,
201.248.70.122,ipv4,malicious-ip,medium,WHITE,ziyadnz/hourly-ipv4,ziyadnz|hourly,2026-08-17T18:48:05Z,2026-08-17T18:48:05Z,
201.249.166.171,ipv4,malicious-ip,medium,WHITE,ziyadnz/hourly-ipv4,ziyadnz|hourly,2026-08-17T18:48:05Z,2026-08-17T18:48:05Z,
201.249.192.30,ipv4,malicious-ip,medium,WHITE,ziyadnz/hourly-ipv4,ziyadnz|hourly,2026-08-17T18:48:05Z,2026-08-17T18:48:05Z,
201.249.205.94,ipv4,malicious-ip,medium,WHITE,ziyadnz/hourly-ipv4,ziyadnz|hourly,2026-08-17T18:48:05Z,2026-08-17T18:48:05Z,
201.249.69.14,ipv4,malicious-ip,medium,WHITE,ziyadnz/hourly-ipv4,ziyadnz|hourly,2026-08-17T18:48:05Z,2026-08-17T18:48:05Z,
201.249.69.50,ipv4,malicious-ip,medium,WHITE,ziyadnz/hourly-ipv4,ziyadnz|hourly,2026-08-17T18:48:05Z,2026-08-17T18:48:05Z,
201.249.87.201,ipv4,malicious-ip,medium,WHITE,ziyadnz/hourly-ipv4,ziyadnz|hourly,2026-08-17T18:48:05Z,2026-08-17T18:48:05Z,
201.249.87.203,ipv4,malicious-ip,medium,WHITE,ziyadnz/hourly-ipv4,ziyadnz|hourly,2026-08-17T18:48:05Z,2026-08-17T18:48:05Z,
201.253.146.103,ipv4,malicious-ip,medium,WHITE,ziyadnz/hourly-ipv4,ziyadnz|hourly,2026-08-17T18:48:05Z,2026-08-17T18:48:05Z,
201.253.24.249,ipv4,malicious-ip,medium,WHITE,ziyadnz/hourly-ipv4,ziyadnz|hourly,2026-08-17T18:48:05Z,2026-08-17T18:48:05Z,
201.254.226.22,ipv4,malicious-ip,medium,WHITE,ziyadnz/hourly-ipv4,ziyadnz|hourly,2026-08-17T18:48:05Z,2026-08-17T18:48:05Z,
201.27.103.48,ipv4,malicious-ip,medium,WHITE,ziyadnz/hourly-ipv4,ziyadnz|hourly,2026-08-17T18:48:05Z,2026-08-17T18:48:05Z,
201.27.137.136,ipv4,malicious-ip,medium,WHITE,ziyadnz/hourly-ipv4,ziyadnz|hourly,2026-08-17T18:48:05Z,2026-08-17T18:48:05Z,
201.28.144.138,ipv4,malicious-ip,medium,WHITE,ziyadnz/hourly-ipv4,ziyadnz|hourly,2026-08-17T18:48:05Z,2026-08-17T18:48:05Z,
201.3.124.141,ipv4,malicious-ip,medium,WHITE,ziyadnz/hourly-ipv4,ziyadnz|hourly,2026-08-17T18:48:05Z,2026-08-17T18:48:05Z,
201.3.225.21,ipv4,malicious-ip,medium,WHITE,ziyadnz/hourly-ipv4,ziyadnz|hourly,2026-08-17T18:48:05Z,2026-08-17T18:48:05Z,
201.3.225.23,ipv4,malicious-ip,medium,WHITE,ziyadnz/hourly-ipv4,ziyadnz|hourly,2026-08-17T18:48:05Z,2026-08-17T18:48:05Z,
201.3.225.25,ipv4,malicious-ip,medium,WHITE,ziyadnz/hourly-ipv4,ziyadnz|hourly,2026-08-17T18:48:05Z,2026-08-17T18:48:05Z,
201.3.225.26,ipv4,malicious-ip,medium,WHITE,ziyadnz/hourly-ipv4,ziyadnz|hourly,2026-08-17T18:48:05Z,2026-08-17T18:48:05Z,
201.3.225.27,ipv4,malicious-ip,medium,WHITE,ziyadnz/hourly-ipv4,ziyadnz|hourly,2026-08-17T18:48:05Z,2026-08-17T18:48:05Z,
201.3.225.28,ipv4,malicious-ip,medium,WHITE,ziyadnz/hourly-ipv4,ziyadnz|hourly,2026-08-17T18:48:05Z,2026-08-17T18:48:05Z,
201.3.225.29,ipv4,malicious-ip,medium,WHITE,ziyadnz/hourly-ipv4,ziyadnz|hourly,2026-08-17T18:48:05Z,2026-08-17T18:48:05Z,
201.3.225.61,ipv4,malicious-ip,medium,WHITE,ziyadnz/hourly-ipv4,ziyadnz|hourly,2026-08-17T18:48:05Z,2026-08-17T18:48:05Z,
201.3.225.64,ipv4,malicious-ip,medium,WHITE,ziyadnz/hourly-ipv4,ziyadnz|hourly,2026-08-17T18:48:05Z,2026-08-17T18:48:05Z,
201.3.225.65,ipv4,malicious-ip,medium,WHITE,ziyadnz/hourly-ipv4,ziyadnz|hourly,2026-08-17T18:48:05Z,2026-08-17T18:48:05Z,
201.3.225.67,ipv4,malicious-ip,medium,WHITE,ziyadnz/hourly-ipv4,ziyadnz|hourly,2026-08-17T18:48:05Z,2026-08-17T18:48:05Z,
201.3.225.68,ipv4,malicious-ip,medium,WHITE,ziyadnz/hourly-ipv4,ziyadnz|hourly,2026-08-17T18:48:05Z,2026-08-17T18:48:05Z,
201.3.225.70,ipv4,malicious-ip,medium,WHITE,ziyadnz/hourly-ipv4,ziyadnz|hourly,2026-08-17T18:48:05Z,2026-08-17T18:48:05Z,
201.3.93.61,ipv4,malicious-ip,medium,WHITE,ziyadnz/hourly-ipv4,ziyadnz|hourly,2026-08-17T18:48:05Z,2026-08-17T18:48:05Z,
201.32.100.255,ipv4,malicious-ip,medium,WHITE,ziyadnz/hourly-ipv4,ziyadnz|hourly,2026-08-17T18:48:05Z,2026-08-17T18:48:05Z,
201.32.26.155,ipv4,malicious-ip,medium,WHITE,ziyadnz/hourly-ipv4,ziyadnz|hourly,2026-08-17T18:48:05Z,2026-08-17T18:48:05Z,
201.32.51.168,ipv4,malicious-ip,medium,WHITE,ziyadnz/hourly-ipv4,ziyadnz|hourly,2026-08-17T18:48:05Z,2026-08-17T18:48:05Z,
201.32.75.14,ipv4,malicious-ip,medium,WHITE,ziyadnz/hourly-ipv4,ziyadnz|hourly,2026-08-17T18:48:05Z,2026-08-17T18:48:05Z,
201.32.87.57,ipv4,malicious-ip,medium,WHITE,ziyadnz/hourly-ipv4,ziyadnz|hourly,2026-08-17T18:48:05Z,2026-08-17T18:48:05Z,
201.32.89.209,ipv4,malicious-ip,medium,WHITE,ziyadnz/hourly-ipv4,ziyadnz|hourly,2026-08-17T18:48:05Z,2026-08-17T18:48:05Z,
201.32.93.63,ipv4,malicious-ip,medium,WHITE,ziyadnz/hourly-ipv4,ziyadnz|hourly,2026-08-17T18:48:05Z,2026-08-17T18:48:05Z,
201.32.96.78,ipv4,malicious-ip,medium,WHITE,ziyadnz/hourly-ipv4,ziyadnz|hourly,2026-08-17T18:48:05Z,2026-08-17T18:48:05Z,
201.33.62.110,ipv4,malicious-ip,medium,WHITE,ziyadnz/hourly-ipv4,ziyadnz|hourly,2026-08-17T18:48:05Z,2026-08-17T18:48:05Z,
201.34.135.232,ipv4,malicious-ip,medium,WHITE,ziyadnz/hourly-ipv4,ziyadnz|hourly,2026-08-17T18:48:05Z,2026-08-17T18:48:05Z,
201.34.175.253,ipv4,malicious-ip,medium,WHITE,ziyadnz/hourly-ipv4,ziyadnz|hourly,2026-08-17T18:48:05Z,2026-08-17T18:48:05Z,
201.35.216.30,ipv4,malicious-ip,medium,WHITE,ziyadnz/hourly-ipv4,ziyadnz|hourly,2026-08-17T18:48:05Z,2026-08-17T18:48:05Z,
201.4.93.111,ipv4,malicious-ip,medium,WHITE,ziyadnz/hourly-ipv4,ziyadnz|hourly,2026-08-17T18:48:05Z,2026-08-17T18:48:05Z,
201.40.158.145,ipv4,malicious-ip,medium,WHITE,ziyadnz/hourly-ipv4,ziyadnz|hourly,2026-08-17T18:48:05Z,2026-08-17T18:48:05Z,
201.42.32.171,ipv4,malicious-ip,medium,WHITE,ziyadnz/hourly-ipv4,ziyadnz|hourly,2026-08-17T18:48:05Z,2026-08-17T18:48:05Z,
201.43.51.72,ipv4,malicious-ip,medium,WHITE,ziyadnz/hourly-ipv4,ziyadnz|hourly,2026-08-17T18:48:05Z,2026-08-17T18:48:05Z,
201.46.114.0,ipv4,malicious-ip,medium,WHITE,ziyadnz/hourly-ipv4,ziyadnz|hourly,2026-08-17T18:48:05Z,2026-08-17T18:48:05Z,
201.46.114.54,ipv4,malicious-ip,medium,WHITE,ziyadnz/hourly-ipv4,ziyadnz|hourly,2026-08-17T18:48:05Z,2026-08-17T18:48:05Z,
201.46.20.152,ipv4,malicious-ip,medium,WHITE,ziyadnz/hourly-ipv4,ziyadnz|hourly,2026-08-17T18:48:05Z,2026-08-17T18:48:05Z,
201.46.20.169,ipv4,malicious-ip,medium,WHITE,ziyadnz/hourly-ipv4,ziyadnz|hourly,2026-08-17T18:48:05Z,2026-08-17T18:48:05Z,
201.48.108.11,ipv4,malicious-ip,medium,WHITE,ziyadnz/hourly-ipv4,ziyadnz|hourly,2026-08-17T18:48:05Z,2026-08-17T18:48:05Z,
201.48.203.57,ipv4,malicious-ip,medium,WHITE,ziyadnz/hourly-ipv4,ziyadnz|hourly,2026-08-17T18:48:05Z,2026-08-17T18:48:05Z,
201.49.166.244,ipv4,malicious-ip,medium,WHITE,ziyadnz/hourly-ipv4,ziyadnz|hourly,2026-08-17T18:48:05Z,2026-08-17T18:48:05Z,
201.49.179.43,ipv4,malicious-ip,medium,WHITE,ziyadnz/hourly-ipv4,ziyadnz|hourly,2026-08-17T18:48:05Z,2026-08-17T18:48:05Z,
201.49.179.47,ipv4,malicious-ip,medium,WHITE,ziyadnz/hourly-ipv4,ziyadnz|hourly,2026-08-17T18:48:05Z,2026-08-17T18:48:05Z,
201.49.225.35,ipv4,malicious-ip,medium,WHITE,ziyadnz/hourly-ipv4,ziyadnz|hourly,2026-08-17T18:48:05Z,2026-08-17T18:48:05Z,
201.49.38.183,ipv4,malicious-ip,medium,WHITE,ziyadnz/hourly-ipv4,ziyadnz|hourly,2026-08-17T18:48:05Z,2026-08-17T18:48:05Z,
201.50.85.154,ipv4,malicious-ip,medium,WHITE,ziyadnz/hourly-ipv4,ziyadnz|hourly,2026-08-17T18:48:05Z,2026-08-17T18:48:05Z,
201.51.29.243,ipv4,malicious-ip,medium,WHITE,ziyadnz/hourly-ipv4,ziyadnz|hourly,2026-08-17T18:48:05Z,2026-08-17T18:48:05Z,
201.52.232.170,ipv4,malicious-ip,medium,WHITE,ziyadnz/hourly-ipv4,ziyadnz|hourly,2026-08-17T18:48:05Z,2026-08-17T18:48:05Z,
201.54.235.178,ipv4,malicious-ip,medium,WHITE,ziyadnz/hourly-ipv4,ziyadnz|hourly,2026-08-17T18:48:05Z,2026-08-17T18:48:05Z,
201.55.113.121,ipv4,malicious-ip,medium,WHITE,ziyadnz/hourly-ipv4,ziyadnz|hourly,2026-08-17T18:48:05Z,2026-08-17T18:48:05Z,
201.55.140.123,ipv4,malicious-ip,medium,WHITE,ziyadnz/hourly-ipv4,ziyadnz|hourly,2026-08-17T18:48:05Z,2026-08-17T18:48:05Z,
201.55.140.213,ipv4,malicious-ip,medium,WHITE,ziyadnz/hourly-ipv4,ziyadnz|hourly,2026-08-17T18:48:05Z,2026-08-17T18:48:05Z,
201.55.148.22,ipv4,malicious-ip,medium,WHITE,ziyadnz/hourly-ipv4,ziyadnz|hourly,2026-08-17T18:48:05Z,2026-08-17T18:48:05Z,
201.55.176.235,ipv4,malicious-ip,medium,WHITE,ziyadnz/hourly-ipv4,ziyadnz|hourly,2026-08-17T18:48:05Z,2026-08-17T18:48:05Z,
201.55.177.56,ipv4,malicious-ip,medium,WHITE,ziyadnz/hourly-ipv4,ziyadnz|hourly,2026-08-17T18:48:05Z,2026-08-17T18:48:05Z,
201.55.177.57,ipv4,malicious-ip,medium,WHITE,ziyadnz/hourly-ipv4,ziyadnz|hourly,2026-08-17T18:48:05Z,2026-08-17T18:48:05Z,
201.55.99.5,ipv4,malicious-ip,medium,WHITE,ziyadnz/hourly-ipv4,ziyadnz|hourly,2026-08-17T18:48:05Z,2026-08-17T18:48:05Z,
201.58.67.73,ipv4,malicious-ip,medium,WHITE,ziyadnz/hourly-ipv4,ziyadnz|hourly,2026-08-17T18:48:05Z,2026-08-17T18:48:05Z,
201.58.69.51,ipv4,malicious-ip,medium,WHITE,ziyadnz/hourly-ipv4,ziyadnz|hourly,2026-08-17T18:48:05Z,2026-08-17T18:48:05Z,
201.58.74.233,ipv4,malicious-ip,medium,WHITE,ziyadnz/hourly-ipv4,ziyadnz|hourly,2026-08-17T18:48:05Z,2026-08-17T18:48:05Z,
201.59.100.195,ipv4,malicious-ip,medium,WHITE,ziyadnz/hourly-ipv4,ziyadnz|hourly,2026-08-17T18:48:05Z,2026-08-17T18:48:05Z,
201.59.131.2,ipv4,malicious-ip,medium,WHITE,ziyadnz/hourly-ipv4,ziyadnz|hourly,2026-08-17T18:48:05Z,2026-08-17T18:48:05Z,
201.59.35.155,ipv4,malicious-ip,medium,WHITE,ziyadnz/hourly-ipv4,ziyadnz|hourly,2026-08-17T18:48:05Z,2026-08-17T18:48:05Z,
201.6.158.48,ipv4,malicious-ip,medium,WHITE,ziyadnz/hourly-ipv4,ziyadnz|hourly,2026-08-17T18:48:05Z,2026-08-17T18:48:05Z,
201.6.159.205,ipv4,malicious-ip,medium,WHITE,ziyadnz/hourly-ipv4,ziyadnz|hourly,2026-08-17T18:48:05Z,2026-08-17T18:48:05Z,
201.6.250.71,ipv4,malicious-ip,medium,WHITE,ziyadnz/hourly-ipv4,ziyadnz|hourly,2026-08-17T18:48:05Z,2026-08-17T18:48:05Z,
201.63.223.138,ipv4,malicious-ip,medium,WHITE,ziyadnz/hourly-ipv4,ziyadnz|hourly,2026-08-17T18:48:05Z,2026-08-17T18:48:05Z,
201.63.223.141,ipv4,malicious-ip,medium,WHITE,ziyadnz/hourly-ipv4,ziyadnz|hourly,2026-08-17T18:48:05Z,2026-08-17T18:48:05Z,
201.69.154.239,ipv4,malicious-ip,medium,WHITE,ziyadnz/hourly-ipv4,ziyadnz|hourly,2026-08-17T18:48:05Z,2026-08-17T18:48:05Z,
201.69.28.222,ipv4,malicious-ip,medium,WHITE,ziyadnz/hourly-ipv4,ziyadnz|hourly,2026-08-17T18:48:05Z,2026-08-17T18:48:05Z,
201.7.213.83,ipv4,malicious-ip,medium,WHITE,ziyadnz/hourly-ipv4,ziyadnz|hourly,2026-08-17T18:48:05Z,2026-08-17T18:48:05Z,
201.71.139.133,ipv4,malicious-ip,medium,WHITE,ziyadnz/hourly-ipv4,ziyadnz|hourly,2026-08-17T18:48:05Z,2026-08-17T18:48:05Z,
201.71.165.153,ipv4,malicious-ip,medium,WHITE,ziyadnz/hourly-ipv4,ziyadnz|hourly,2026-08-17T18:48:05Z,2026-08-17T18:48:05Z,
201.71.36.95,ipv4,malicious-ip,medium,WHITE,ziyadnz/hourly-ipv4,ziyadnz|hourly,2026-08-17T18:48:05Z,2026-08-17T18:48:05Z,
201.71.38.180,ipv4,malicious-ip,medium,WHITE,ziyadnz/hourly-ipv4,ziyadnz|hourly,2026-08-17T18:48:05Z,2026-08-17T18:48:05Z,
201.71.43.125,ipv4,malicious-ip,medium,WHITE,ziyadnz/hourly-ipv4,ziyadnz|hourly,2026-08-17T18:48:05Z,2026-08-17T18:48:05Z,
201.74.224.186,ipv4,malicious-ip,medium,WHITE,ziyadnz/hourly-ipv4,ziyadnz|hourly,2026-08-17T18:48:05Z,2026-08-17T18:48:05Z,
201.75.166.193,ipv4,malicious-ip,medium,WHITE,ziyadnz/hourly-ipv4,ziyadnz|hourly,2026-08-17T18:48:05Z,2026-08-17T18:48:05Z,
201.75.170.16,ipv4,malicious-ip,medium,WHITE,ziyadnz/hourly-ipv4,ziyadnz|hourly,2026-08-17T18:48:05Z,2026-08-17T18:48:05Z,
201.75.188.62,ipv4,malicious-ip,medium,WHITE,ziyadnz/hourly-ipv4,ziyadnz|hourly,2026-08-17T18:48:05Z,2026-08-17T18:48:05Z,
201.75.189.166,ipv4,malicious-ip,medium,WHITE,ziyadnz/hourly-ipv4,ziyadnz|hourly,2026-08-17T18:48:05Z,2026-08-17T18:48:05Z,
201.75.65.28,ipv4,malicious-ip,medium,WHITE,ziyadnz/hourly-ipv4,ziyadnz|hourly,2026-08-17T18:48:05Z,2026-08-17T18:48:05Z,
201.75.68.244,ipv4,malicious-ip,medium,WHITE,ziyadnz/hourly-ipv4,ziyadnz|hourly,2026-08-17T18:48:05Z,2026-08-17T18:48:05Z,
201.76.171.254,ipv4,malicious-ip,medium,WHITE,ziyadnz/hourly-ipv4,ziyadnz|hourly,2026-08-17T18:48:05Z,2026-08-17T18:48:05Z,
201.77.124.248,ipv4,malicious-ip,medium,WHITE,ziyadnz/hourly-ipv4,ziyadnz|hourly,2026-08-17T18:48:05Z,2026-08-17T18:48:05Z,
201.77.147.205,ipv4,malicious-ip,medium,WHITE,ziyadnz/hourly-ipv4,ziyadnz|hourly,2026-08-17T18:48:05Z,2026-08-17T18:48:05Z,
201.77.147.216,ipv4,malicious-ip,medium,WHITE,ziyadnz/hourly-ipv4,ziyadnz|hourly,2026-08-17T18:48:05Z,2026-08-17T18:48:05Z,
201.77.156.255,ipv4,malicious-ip,medium,WHITE,ziyadnz/hourly-ipv4,ziyadnz|hourly,2026-08-17T18:48:05Z,2026-08-17T18:48:05Z,
201.77.172.78,ipv4,malicious-ip,medium,WHITE,ziyadnz/hourly-ipv4,ziyadnz|hourly,2026-08-17T18:48:05Z,2026-08-17T18:48:05Z,
201.77.63.14,ipv4,malicious-ip,medium,WHITE,ziyadnz/hourly-ipv4,ziyadnz|hourly,2026-08-17T18:48:05Z,2026-08-17T18:48:05Z,
201.77.68.67,ipv4,malicious-ip,medium,WHITE,ziyadnz/hourly-ipv4,ziyadnz|hourly,2026-08-17T18:48:05Z,2026-08-17T18:48:05Z,
201.79.0.226,ipv4,malicious-ip,medium,WHITE,ziyadnz/hourly-ipv4,ziyadnz|hourly,2026-08-17T18:48:05Z,2026-08-17T18:48:05Z,
201.80.1.36,ipv4,malicious-ip,medium,WHITE,ziyadnz/hourly-ipv4,ziyadnz|hourly,2026-08-17T18:48:05Z,2026-08-17T18:48:05Z,
201.81.1.154,ipv4,malicious-ip,medium,WHITE,ziyadnz/hourly-ipv4,ziyadnz|hourly,2026-08-17T18:48:05Z,2026-08-17T18:48:05Z,
201.81.1.201,ipv4,malicious-ip,medium,WHITE,ziyadnz/hourly-ipv4,ziyadnz|hourly,2026-08-17T18:48:05Z,2026-08-17T18:48:05Z,
201.81.1.58,ipv4,malicious-ip,medium,WHITE,ziyadnz/hourly-ipv4,ziyadnz|hourly,2026-08-17T18:48:05Z,2026-08-17T18:48:05Z,
201.81.233.164,ipv4,malicious-ip,medium,WHITE,ziyadnz/hourly-ipv4,ziyadnz|hourly,2026-08-17T18:48:05Z,2026-08-17T18:48:05Z,
201.81.234.95,ipv4,malicious-ip,medium,WHITE,ziyadnz/hourly-ipv4,ziyadnz|hourly,2026-08-17T18:48:05Z,2026-08-17T18:48:05Z,
201.81.3.63,ipv4,malicious-ip,medium,WHITE,ziyadnz/hourly-ipv4,ziyadnz|hourly,2026-08-17T18:48:05Z,2026-08-17T18:48:05Z,
201.82.85.232,ipv4,malicious-ip,medium,WHITE,ziyadnz/hourly-ipv4,ziyadnz|hourly,2026-08-17T18:48:05Z,2026-08-17T18:48:05Z,
201.86.186.147,ipv4,malicious-ip,medium,WHITE,ziyadnz/hourly-ipv4,ziyadnz|hourly,2026-08-17T18:48:05Z,2026-08-17T18:48:05Z,
201.87.151.83,ipv4,malicious-ip,medium,WHITE,ziyadnz/hourly-ipv4,ziyadnz|hourly,2026-08-17T18:48:05Z,2026-08-17T18:48:05Z,
201.87.92.68,ipv4,malicious-ip,medium,WHITE,ziyadnz/hourly-ipv4,ziyadnz|hourly,2026-08-17T18:48:05Z,2026-08-17T18:48:05Z,
201.89.228.43,ipv4,malicious-ip,medium,WHITE,ziyadnz/hourly-ipv4,ziyadnz|hourly,2026-08-17T18:48:05Z,2026-08-17T18:48:05Z,
201.89.93.114,ipv4,malicious-ip,medium,WHITE,ziyadnz/hourly-ipv4,ziyadnz|hourly,2026-08-17T18:48:05Z,2026-08-17T18:48:05Z,
201.92.116.186,ipv4,malicious-ip,medium,WHITE,ziyadnz/hourly-ipv4,ziyadnz|hourly,2026-08-17T18:48:05Z,2026-08-17T18:48:05Z,
201.92.117.161,ipv4,malicious-ip,medium,WHITE,ziyadnz/hourly-ipv4,ziyadnz|hourly,2026-08-17T18:48:05Z,2026-08-17T18:48:05Z,
201.93.161.154,ipv4,malicious-ip,medium,WHITE,ziyadnz/hourly-ipv4,ziyadnz|hourly,2026-08-17T18:48:05Z,2026-08-17T18:48:05Z,
201.93.183.181,ipv4,malicious-ip,medium,WHITE,ziyadnz/hourly-ipv4,ziyadnz|hourly,2026-08-17T18:48:05Z,2026-08-17T18:48:05Z,
201.93.237.111,ipv4,malicious-ip,medium,WHITE,ziyadnz/hourly-ipv4,ziyadnz|hourly,2026-08-17T18:48:05Z,2026-08-17T18:48:05Z,
201.94.150.106,ipv4,malicious-ip,medium,WHITE,ziyadnz/hourly-ipv4,ziyadnz|hourly,2026-08-17T18:48:05Z,2026-08-17T18:48:05Z,
201.94.154.22,ipv4,malicious-ip,medium,WHITE,ziyadnz/hourly-ipv4,ziyadnz|hourly,2026-08-17T18:48:05Z,2026-08-17T18:48:05Z,
202.1.174.208,ipv4,malicious-ip,medium,WHITE,ziyadnz/hourly-ipv4,ziyadnz|hourly,2026-08-17T18:48:05Z,2026-08-17T18:48:05Z,
202.1.26.13,ipv4,malicious-ip,medium,WHITE,ziyadnz/hourly-ipv4,ziyadnz|hourly,2026-08-17T18:48:05Z,2026-08-17T18:48:05Z,
202.1.26.69,ipv4,malicious-ip,medium,WHITE,ziyadnz/hourly-ipv4,ziyadnz|hourly,2026-08-17T18:48:05Z,2026-08-17T18:48:05Z,
202.1.27.42,ipv4,malicious-ip,medium,WHITE,ziyadnz/hourly-ipv4,ziyadnz|hourly,2026-08-17T18:48:05Z,2026-08-17T18:48:05Z,
202.1.27.44,ipv4,malicious-ip,medium,WHITE,ziyadnz/hourly-ipv4,ziyadnz|hourly,2026-08-17T18:48:05Z,2026-08-17T18:48:05Z,
202.1.27.46,ipv4,malicious-ip,medium,WHITE,ziyadnz/hourly-ipv4,ziyadnz|hourly,2026-08-17T18:48:05Z,2026-08-17T18:48:05Z,
202.10.36.104,ipv4,malicious-ip,medium,WHITE,ziyadnz/hourly-ipv4,ziyadnz|hourly,2026-08-17T18:48:05Z,2026-08-17T18:48:05Z,
202.10.38.181,ipv4,malicious-ip,medium,WHITE,ziyadnz/hourly-ipv4,ziyadnz|hourly,2026-08-17T18:48:05Z,2026-08-17T18:48:05Z,
202.10.60.184,ipv4,malicious-ip,medium,WHITE,ziyadnz/hourly-ipv4,ziyadnz|hourly,2026-08-17T18:48:05Z,2026-08-17T18:48:05Z,
202.100.146.86,ipv4,malicious-ip,medium,WHITE,ziyadnz/hourly-ipv4,ziyadnz|hourly,2026-08-17T18:48:05Z,2026-08-17T18:48:05Z,
202.101.73.82,ipv4,malicious-ip,medium,WHITE,ziyadnz/hourly-ipv4,ziyadnz|hourly,2026-08-17T18:48:05Z,2026-08-17T18:48:05Z,
202.101.73.83,ipv4,malicious-ip,medium,WHITE,ziyadnz/hourly-ipv4,ziyadnz|hourly,2026-08-17T18:48:05Z,2026-08-17T18:48:05Z,
202.101.73.85,ipv4,malicious-ip,medium,WHITE,ziyadnz/hourly-ipv4,ziyadnz|hourly,2026-08-17T18:48:05Z,2026-08-17T18:48:05Z,
202.101.73.86,ipv4,malicious-ip,medium,WHITE,ziyadnz/hourly-ipv4,ziyadnz|hourly,2026-08-17T18:48:05Z,2026-08-17T18:48:05Z,
202.102.231.17,ipv4,malicious-ip,medium,WHITE,ziyadnz/hourly-ipv4,ziyadnz|hourly,2026-08-17T18:48:05Z,2026-08-17T18:48:05Z,
202.104.158.140,ipv4,malicious-ip,medium,WHITE,ziyadnz/hourly-ipv4,ziyadnz|hourly,2026-08-17T18:48:05Z,2026-08-17T18:48:05Z,
202.105.1.187,ipv4,malicious-ip,medium,WHITE,ziyadnz/hourly-ipv4,ziyadnz|hourly,2026-08-17T18:48:05Z,2026-08-17T18:48:05Z,
202.105.188.66,ipv4,malicious-ip,medium,WHITE,ziyadnz/hourly-ipv4,ziyadnz|hourly,2026-08-17T18:48:05Z,2026-08-17T18:48:05Z,
202.106.153.162,ipv4,malicious-ip,medium,WHITE,ziyadnz/hourly-ipv4,ziyadnz|hourly,2026-08-17T18:48:05Z,2026-08-17T18:48:05Z,
202.106.54.122,ipv4,malicious-ip,medium,WHITE,ziyadnz/hourly-ipv4,ziyadnz|hourly,2026-08-17T18:48:05Z,2026-08-17T18:48:05Z,
202.107.164.75,ipv4,malicious-ip,medium,WHITE,ziyadnz/hourly-ipv4,ziyadnz|hourly,2026-08-17T18:48:05Z,2026-08-17T18:48:05Z,
202.107.164.87,ipv4,malicious-ip,medium,WHITE,ziyadnz/hourly-ipv4,ziyadnz|hourly,2026-08-17T18:48:05Z,2026-08-17T18:48:05Z,
202.107.202.250,ipv4,malicious-ip,medium,WHITE,ziyadnz/hourly-ipv4,ziyadnz|hourly,2026-08-17T18:48:05Z,2026-08-17T18:48:05Z,
202.107.226.254,ipv4,malicious-ip,medium,WHITE,ziyadnz/hourly-ipv4,ziyadnz|hourly,2026-08-17T18:48:05Z,2026-08-17T18:48:05Z,
202.107.234.142,ipv4,malicious-ip,medium,WHITE,ziyadnz/hourly-ipv4,ziyadnz|hourly,2026-08-17T18:48:05Z,2026-08-17T18:48:05Z,
202.107.80.34,ipv4,malicious-ip,medium,WHITE,ziyadnz/hourly-ipv4,ziyadnz|hourly,2026-08-17T18:48:05Z,2026-08-17T18:48:05Z,
202.108.14.225,ipv4,malicious-ip,medium,WHITE,ziyadnz/hourly-ipv4,ziyadnz|hourly,2026-08-17T18:48:05Z,2026-08-17T18:48:05Z,
202.108.48.228,ipv4,malicious-ip,medium,WHITE,ziyadnz/hourly-ipv4,ziyadnz|hourly,2026-08-17T18:48:05Z,2026-08-17T18:48:05Z,
202.110.213.253,ipv4,malicious-ip,medium,WHITE,ziyadnz/hourly-ipv4,ziyadnz|hourly,2026-08-17T18:48:05Z,2026-08-17T18:48:05Z,
202.111.131.240,ipv4,malicious-ip,medium,WHITE,ziyadnz/hourly-ipv4,ziyadnz|hourly,2026-08-17T18:48:05Z,2026-08-17T18:48:05Z,
202.111.30.235,ipv4,malicious-ip,medium,WHITE,ziyadnz/hourly-ipv4,ziyadnz|hourly,2026-08-17T18:48:05Z,2026-08-17T18:48:05Z,
202.112.237.201,ipv4,malicious-ip,medium,WHITE,ziyadnz/hourly-ipv4,ziyadnz|hourly,2026-08-17T18:48:05Z,2026-08-17T18:48:05Z,
202.112.237.233,ipv4,malicious-ip,medium,WHITE,ziyadnz/hourly-ipv4,ziyadnz|hourly,2026-08-17T18:48:05Z,2026-08-17T18:48:05Z,
202.112.238.240,ipv4,malicious-ip,medium,WHITE,ziyadnz/hourly-ipv4,ziyadnz|hourly,2026-08-17T18:48:05Z,2026-08-17T18:48:05Z,
202.120.234.104,ipv4,malicious-ip,medium,WHITE,ziyadnz/hourly-ipv4,ziyadnz|hourly,2026-08-17T18:48:05Z,2026-08-17T18:48:05Z,
202.122.22.36,ipv4,malicious-ip,medium,WHITE,ziyadnz/hourly-ipv4,ziyadnz|hourly,2026-08-17T18:48:05Z,2026-08-17T18:48:05Z,
202.123.26.150,ipv4,malicious-ip,medium,WHITE,ziyadnz/hourly-ipv4,ziyadnz|hourly,2026-08-17T18:48:05Z,2026-08-17T18:48:05Z,
202.125.155.94,ipv4,malicious-ip,medium,WHITE,ziyadnz/hourly-ipv4,ziyadnz|hourly,2026-08-17T18:48:05Z,2026-08-17T18:48:05Z,
202.128.72.7,ipv4,malicious-ip,medium,WHITE,ziyadnz/hourly-ipv4,ziyadnz|hourly,2026-08-17T18:48:05Z,2026-08-17T18:48:05Z,
202.129.16.119,ipv4,malicious-ip,medium,WHITE,ziyadnz/hourly-ipv4,ziyadnz|hourly,2026-08-17T18:48:05Z,2026-08-17T18:48:05Z,
202.129.206.70,ipv4,malicious-ip,medium,WHITE,ziyadnz/hourly-ipv4,ziyadnz|hourly,2026-08-17T18:48:05Z,2026-08-17T18:48:05Z,
202.129.35.8,ipv4,malicious-ip,medium,WHITE,ziyadnz/hourly-ipv4,ziyadnz|hourly,2026-08-17T18:48:05Z,2026-08-17T18:48:05Z,
202.130.111.102,ipv4,malicious-ip,medium,WHITE,ziyadnz/hourly-ipv4,ziyadnz|hourly,2026-08-17T18:48:05Z,2026-08-17T18:48:05Z,
202.130.80.158,ipv4,malicious-ip,medium,WHITE,ziyadnz/hourly-ipv4,ziyadnz|hourly,2026-08-17T18:48:05Z,2026-08-17T18:48:05Z,
202.131.109.34,ipv4,malicious-ip,medium,WHITE,ziyadnz/hourly-ipv4,ziyadnz|hourly,2026-08-17T18:48:05Z,2026-08-17T18:48:05Z,
202.131.126.140,ipv4,malicious-ip,medium,WHITE,ziyadnz/hourly-ipv4,ziyadnz|hourly,2026-08-17T18:48:05Z,2026-08-17T18:48:05Z,
202.131.134.45,ipv4,malicious-ip,medium,WHITE,ziyadnz/hourly-ipv4,ziyadnz|hourly,2026-08-17T18:48:05Z,2026-08-17T18:48:05Z,
202.131.239.178,ipv4,malicious-ip,medium,WHITE,ziyadnz/hourly-ipv4,ziyadnz|hourly,2026-08-17T18:48:05Z,2026-08-17T18:48:05Z,
202.134.178.182,ipv4,malicious-ip,medium,WHITE,ziyadnz/hourly-ipv4,ziyadnz|hourly,2026-08-17T18:48:05Z,2026-08-17T18:48:05Z,
202.134.19.62,ipv4,malicious-ip,medium,WHITE,ziyadnz/hourly-ipv4,ziyadnz|hourly,2026-08-17T18:48:05Z,2026-08-17T18:48:05Z,
202.137.134.136,ipv4,malicious-ip,medium,WHITE,ziyadnz/hourly-ipv4,ziyadnz|hourly,2026-08-17T18:48:05Z,2026-08-17T18:48:05Z,
202.137.142.173,ipv4,malicious-ip,medium,WHITE,ziyadnz/hourly-ipv4,ziyadnz|hourly,2026-08-17T18:48:05Z,2026-08-17T18:48:05Z,
202.137.142.246,ipv4,malicious-ip,medium,WHITE,ziyadnz/hourly-ipv4,ziyadnz|hourly,2026-08-17T18:48:05Z,2026-08-17T18:48:05Z,
202.137.154.115,ipv4,malicious-ip,medium,WHITE,ziyadnz/hourly-ipv4,ziyadnz|hourly,2026-08-17T18:48:05Z,2026-08-17T18:48:05Z,
202.138.229.190,ipv4,malicious-ip,medium,WHITE,ziyadnz/hourly-ipv4,ziyadnz|hourly,2026-08-17T18:48:05Z,2026-08-17T18:48:05Z,
202.138.230.2,ipv4,malicious-ip,medium,WHITE,ziyadnz/hourly-ipv4,ziyadnz|hourly,2026-08-17T18:48:05Z,2026-08-17T18:48:05Z,
202.138.236.45,ipv4,malicious-ip,medium,WHITE,ziyadnz/hourly-ipv4,ziyadnz|hourly,2026-08-17T18:48:05Z,2026-08-17T18:48:05Z,
202.140.128.57,ipv4,malicious-ip,medium,WHITE,ziyadnz/hourly-ipv4,ziyadnz|hourly,2026-08-17T18:48:05Z,2026-08-17T18:48:05Z,
202.140.140.130,ipv4,malicious-ip,medium,WHITE,ziyadnz/hourly-ipv4,ziyadnz|hourly,2026-08-17T18:48:05Z,2026-08-17T18:48:05Z,
202.140.141.185,ipv4,malicious-ip,medium,WHITE,ziyadnz/hourly-ipv4,ziyadnz|hourly,2026-08-17T18:48:05Z,2026-08-17T18:48:05Z,
202.141.102.63,ipv4,malicious-ip,medium,WHITE,ziyadnz/hourly-ipv4,ziyadnz|hourly,2026-08-17T18:48:05Z,2026-08-17T18:48:05Z,
202.141.103.205,ipv4,malicious-ip,medium,WHITE,ziyadnz/hourly-ipv4,ziyadnz|hourly,2026-08-17T18:48:05Z,2026-08-17T18:48:05Z,
202.141.225.34,ipv4,malicious-ip,medium,WHITE,ziyadnz/hourly-ipv4,ziyadnz|hourly,2026-08-17T18:48:05Z,2026-08-17T18:48:05Z,
202.141.237.36,ipv4,malicious-ip,medium,WHITE,ziyadnz/hourly-ipv4,ziyadnz|hourly,2026-08-17T18:48:05Z,2026-08-17T18:48:05Z,
202.141.241.10,ipv4,malicious-ip,medium,WHITE,ziyadnz/hourly-ipv4,ziyadnz|hourly,2026-08-17T18:48:05Z,2026-08-17T18:48:05Z,
202.141.242.18,ipv4,malicious-ip,medium,WHITE,ziyadnz/hourly-ipv4,ziyadnz|hourly,2026-08-17T18:48:05Z,2026-08-17T18:48:05Z,
202.141.244.170,ipv4,malicious-ip,medium,WHITE,ziyadnz/hourly-ipv4,ziyadnz|hourly,2026-08-17T18:48:05Z,2026-08-17T18:48:05Z,
202.141.251.78,ipv4,malicious-ip,medium,WHITE,ziyadnz/hourly-ipv4,ziyadnz|hourly,2026-08-17T18:48:05Z,2026-08-17T18:48:05Z,
202.141.35.21,ipv4,malicious-ip,medium,WHITE,ziyadnz/hourly-ipv4,ziyadnz|hourly,2026-08-17T18:48:05Z,2026-08-17T18:48:05Z,
202.141.36.215,ipv4,malicious-ip,medium,WHITE,ziyadnz/hourly-ipv4,ziyadnz|hourly,2026-08-17T18:48:05Z,2026-08-17T18:48:05Z,
202.141.43.198,ipv4,malicious-ip,medium,WHITE,ziyadnz/hourly-ipv4,ziyadnz|hourly,2026-08-17T18:48:05Z,2026-08-17T18:48:05Z,
202.141.47.106,ipv4,malicious-ip,medium,WHITE,ziyadnz/hourly-ipv4,ziyadnz|hourly,2026-08-17T18:48:05Z,2026-08-17T18:48:05Z,
202.141.55.229,ipv4,malicious-ip,medium,WHITE,ziyadnz/hourly-ipv4,ziyadnz|hourly,2026-08-17T18:48:05Z,2026-08-17T18:48:05Z,
202.141.82.221,ipv4,malicious-ip,medium,WHITE,ziyadnz/hourly-ipv4,ziyadnz|hourly,2026-08-17T18:48:05Z,2026-08-17T18:48:05Z,
202.141.98.248,ipv4,malicious-ip,medium,WHITE,ziyadnz/hourly-ipv4,ziyadnz|hourly,2026-08-17T18:48:05Z,2026-08-17T18:48:05Z,
202.141.99.224,ipv4,malicious-ip,medium,WHITE,ziyadnz/hourly-ipv4,ziyadnz|hourly,2026-08-17T18:48:05Z,2026-08-17T18:48:05Z,
202.142.139.54,ipv4,malicious-ip,medium,WHITE,ziyadnz/hourly-ipv4,ziyadnz|hourly,2026-08-17T18:48:05Z,2026-08-17T18:48:05Z,
202.142.151.6,ipv4,malicious-ip,medium,WHITE,ziyadnz/hourly-ipv4,ziyadnz|hourly,2026-08-17T18:48:05Z,2026-08-17T18:48:05Z,
202.142.163.114,ipv4,malicious-ip,medium,WHITE,ziyadnz/hourly-ipv4,ziyadnz|hourly,2026-08-17T18:48:05Z,2026-08-17T18:48:05Z,
202.142.169.34,ipv4,malicious-ip,medium,WHITE,ziyadnz/hourly-ipv4,ziyadnz|hourly,2026-08-17T18:48:05Z,2026-08-17T18:48:05Z,
202.142.172.123,ipv4,malicious-ip,medium,WHITE,ziyadnz/hourly-ipv4,ziyadnz|hourly,2026-08-17T18:48:05Z,2026-08-17T18:48:05Z,
202.142.177.42,ipv4,malicious-ip,medium,WHITE,ziyadnz/hourly-ipv4,ziyadnz|hourly,2026-08-17T18:48:05Z,2026-08-17T18:48:05Z,
202.142.180.146,ipv4,malicious-ip,medium,WHITE,ziyadnz/hourly-ipv4,ziyadnz|hourly,2026-08-17T18:48:05Z,2026-08-17T18:48:05Z,
202.142.67.201,ipv4,malicious-ip,medium,WHITE,ziyadnz/hourly-ipv4,ziyadnz|hourly,2026-08-17T18:48:05Z,2026-08-17T18:48:05Z,
202.143.127.169,ipv4,malicious-ip,medium,WHITE,ziyadnz/hourly-ipv4,ziyadnz|hourly,2026-08-17T18:48:05Z,2026-08-17T18:48:05Z,
202.144.192.29,ipv4,malicious-ip,medium,WHITE,ziyadnz/hourly-ipv4,ziyadnz|hourly,2026-08-17T18:48:05Z,2026-08-17T18:48:05Z,
202.145.0.112,ipv4,malicious-ip,medium,WHITE,ziyadnz/hourly-ipv4,ziyadnz|hourly,2026-08-17T18:48:05Z,2026-08-17T18:48:05Z,
202.145.0.18,ipv4,malicious-ip,medium,WHITE,ziyadnz/hourly-ipv4,ziyadnz|hourly,2026-08-17T18:48:05Z,2026-08-17T18:48:05Z,
202.145.6.130,ipv4,malicious-ip,medium,WHITE,ziyadnz/hourly-ipv4,ziyadnz|hourly,2026-08-17T18:48:05Z,2026-08-17T18:48:05Z,
202.148.31.118,ipv4,malicious-ip,medium,WHITE,ziyadnz/hourly-ipv4,ziyadnz|hourly,2026-08-17T18:48:05Z,2026-08-17T18:48:05Z,
202.149.205.100,ipv4,malicious-ip,medium,WHITE,ziyadnz/hourly-ipv4,ziyadnz|hourly,2026-08-17T18:48:05Z,2026-08-17T18:48:05Z,
202.149.86.236,ipv4,malicious-ip,medium,WHITE,ziyadnz/hourly-ipv4,ziyadnz|hourly,2026-08-17T18:48:05Z,2026-08-17T18:48:05Z,
202.150.2.146,ipv4,malicious-ip,medium,WHITE,ziyadnz/hourly-ipv4,ziyadnz|hourly,2026-08-17T18:48:05Z,2026-08-17T18:48:05Z,
202.150.89.122,ipv4,malicious-ip,medium,WHITE,ziyadnz/hourly-ipv4,ziyadnz|hourly,2026-08-17T18:48:05Z,2026-08-17T18:48:05Z,
202.150.89.203,ipv4,malicious-ip,medium,WHITE,ziyadnz/hourly-ipv4,ziyadnz|hourly,2026-08-17T18:48:05Z,2026-08-17T18:48:05Z,
202.152.156.233,ipv4,malicious-ip,medium,WHITE,ziyadnz/hourly-ipv4,ziyadnz|hourly,2026-08-17T18:48:05Z,2026-08-17T18:48:05Z,
202.152.16.42,ipv4,malicious-ip,medium,WHITE,ziyadnz/hourly-ipv4,ziyadnz|hourly,2026-08-17T18:48:05Z,2026-08-17T18:48:05Z,
202.152.204.159,ipv4,malicious-ip,medium,WHITE,ziyadnz/hourly-ipv4,ziyadnz|hourly,2026-08-17T18:48:05Z,2026-08-17T18:48:05Z,
202.152.49.82,ipv4,malicious-ip,medium,WHITE,ziyadnz/hourly-ipv4,ziyadnz|hourly,2026-08-17T18:48:05Z,2026-08-17T18:48:05Z,
202.153.38.42,ipv4,malicious-ip,medium,WHITE,ziyadnz/hourly-ipv4,ziyadnz|hourly,2026-08-17T18:48:05Z,2026-08-17T18:48:05Z,
202.154.14.169,ipv4,malicious-ip,medium,WHITE,ziyadnz/hourly-ipv4,ziyadnz|hourly,2026-08-17T18:48:05Z,2026-08-17T18:48:05Z,
202.154.14.206,ipv4,malicious-ip,medium,WHITE,ziyadnz/hourly-ipv4,ziyadnz|hourly,2026-08-17T18:48:05Z,2026-08-17T18:48:05Z,
202.154.15.113,ipv4,malicious-ip,medium,WHITE,ziyadnz/hourly-ipv4,ziyadnz|hourly,2026-08-17T18:48:05Z,2026-08-17T18:48:05Z,
202.154.187.10,ipv4,malicious-ip,medium,WHITE,ziyadnz/hourly-ipv4,ziyadnz|hourly,2026-08-17T18:48:05Z,2026-08-17T18:48:05Z,
202.155.14.246,ipv4,malicious-ip,medium,WHITE,ziyadnz/hourly-ipv4,ziyadnz|hourly,2026-08-17T18:48:05Z,2026-08-17T18:48:05Z,
202.155.14.71,ipv4,malicious-ip,medium,WHITE,ziyadnz/hourly-ipv4,ziyadnz|hourly,2026-08-17T18:48:05Z,2026-08-17T18:48:05Z,
202.155.143.185,ipv4,malicious-ip,medium,WHITE,ziyadnz/hourly-ipv4,ziyadnz|hourly,2026-08-17T18:48:05Z,2026-08-17T18:48:05Z,
202.155.157.129,ipv4,malicious-ip,medium,WHITE,ziyadnz/hourly-ipv4,ziyadnz|hourly,2026-08-17T18:48:05Z,2026-08-17T18:48:05Z,
202.155.157.145,ipv4,malicious-ip,medium,WHITE,ziyadnz/hourly-ipv4,ziyadnz|hourly,2026-08-17T18:48:05Z,2026-08-17T18:48:05Z,
202.155.157.252,ipv4,malicious-ip,medium,WHITE,ziyadnz/hourly-ipv4,ziyadnz|hourly,2026-08-17T18:48:05Z,2026-08-17T18:48:05Z,
202.155.236.242,ipv4,malicious-ip,medium,WHITE,ziyadnz/hourly-ipv4,ziyadnz|hourly,2026-08-17T18:48:05Z,2026-08-17T18:48:05Z,
202.155.8.27,ipv4,malicious-ip,medium,WHITE,ziyadnz/hourly-ipv4,ziyadnz|hourly,2026-08-17T18:48:05Z,2026-08-17T18:48:05Z,
202.155.8.56,ipv4,malicious-ip,medium,WHITE,ziyadnz/hourly-ipv4,ziyadnz|hourly,2026-08-17T18:48:05Z,2026-08-17T18:48:05Z,
202.155.8.73,ipv4,malicious-ip,medium,WHITE,ziyadnz/hourly-ipv4,ziyadnz|hourly,2026-08-17T18:48:05Z,2026-08-17T18:48:05Z,
202.155.8.91,ipv4,malicious-ip,medium,WHITE,ziyadnz/hourly-ipv4,ziyadnz|hourly,2026-08-17T18:48:05Z,2026-08-17T18:48:05Z,
202.158.244.203,ipv4,malicious-ip,medium,WHITE,ziyadnz/hourly-ipv4,ziyadnz|hourly,2026-08-17T18:48:05Z,2026-08-17T18:48:05Z,
202.158.3.37,ipv4,malicious-ip,medium,WHITE,ziyadnz/hourly-ipv4,ziyadnz|hourly,2026-08-17T18:48:05Z,2026-08-17T18:48:05Z,
202.158.3.39,ipv4,malicious-ip,medium,WHITE,ziyadnz/hourly-ipv4,ziyadnz|hourly,2026-08-17T18:48:05Z,2026-08-17T18:48:05Z,
202.161.50.59,ipv4,malicious-ip,medium,WHITE,ziyadnz/hourly-ipv4,ziyadnz|hourly,2026-08-17T18:48:05Z,2026-08-17T18:48:05Z,
202.162.108.48,ipv4,malicious-ip,medium,WHITE,ziyadnz/hourly-ipv4,ziyadnz|hourly,2026-08-17T18:48:05Z,2026-08-17T18:48:05Z,
202.162.214.171,ipv4,malicious-ip,medium,WHITE,ziyadnz/hourly-ipv4,ziyadnz|hourly,2026-08-17T18:48:05Z,2026-08-17T18:48:05Z,
202.162.215.210,ipv4,malicious-ip,medium,WHITE,ziyadnz/hourly-ipv4,ziyadnz|hourly,2026-08-17T18:48:05Z,2026-08-17T18:48:05Z,
202.162.33.222,ipv4,malicious-ip,medium,WHITE,ziyadnz/hourly-ipv4,ziyadnz|hourly,2026-08-17T18:48:05Z,2026-08-17T18:48:05Z,
202.162.33.243,ipv4,malicious-ip,medium,WHITE,ziyadnz/hourly-ipv4,ziyadnz|hourly,2026-08-17T18:48:05Z,2026-08-17T18:48:05Z,
202.162.79.165,ipv4,malicious-ip,medium,WHITE,ziyadnz/hourly-ipv4,ziyadnz|hourly,2026-08-17T18:48:05Z,2026-08-17T18:48:05Z,
202.163.113.80,ipv4,malicious-ip,medium,WHITE,ziyadnz/hourly-ipv4,ziyadnz|hourly,2026-08-17T18:48:05Z,2026-08-17T18:48:05Z,
202.163.68.170,ipv4,malicious-ip,medium,WHITE,ziyadnz/hourly-ipv4,ziyadnz|hourly,2026-08-17T18:48:05Z,2026-08-17T18:48:05Z,
202.163.68.240,ipv4,malicious-ip,medium,WHITE,ziyadnz/hourly-ipv4,ziyadnz|hourly,2026-08-17T18:48:05Z,2026-08-17T18:48:05Z,
202.163.81.126,ipv4,malicious-ip,medium,WHITE,ziyadnz/hourly-ipv4,ziyadnz|hourly,2026-08-17T18:48:05Z,2026-08-17T18:48:05Z,
202.163.81.165,ipv4,malicious-ip,medium,WHITE,ziyadnz/hourly-ipv4,ziyadnz|hourly,2026-08-17T18:48:05Z,2026-08-17T18:48:05Z,
202.163.81.54,ipv4,malicious-ip,medium,WHITE,ziyadnz/hourly-ipv4,ziyadnz|hourly,2026-08-17T18:48:05Z,2026-08-17T18:48:05Z,
202.163.81.85,ipv4,malicious-ip,medium,WHITE,ziyadnz/hourly-ipv4,ziyadnz|hourly,2026-08-17T18:48:05Z,2026-08-17T18:48:05Z,
202.164.134.46,ipv4,malicious-ip,medium,WHITE,ziyadnz/hourly-ipv4,ziyadnz|hourly,2026-08-17T18:48:05Z,2026-08-17T18:48:05Z,
202.164.150.228,ipv4,malicious-ip,medium,WHITE,ziyadnz/hourly-ipv4,ziyadnz|hourly,2026-08-17T18:48:05Z,2026-08-17T18:48:05Z,
202.164.164.122,ipv4,malicious-ip,medium,WHITE,ziyadnz/hourly-ipv4,ziyadnz|hourly,2026-08-17T18:48:05Z,2026-08-17T18:48:05Z,
202.165.15.30,ipv4,malicious-ip,medium,WHITE,ziyadnz/hourly-ipv4,ziyadnz|hourly,2026-08-17T18:48:05Z,2026-08-17T18:48:05Z,
202.165.15.88,ipv4,malicious-ip,medium,WHITE,ziyadnz/hourly-ipv4,ziyadnz|hourly,2026-08-17T18:48:05Z,2026-08-17T18:48:05Z,
202.165.22.12,ipv4,malicious-ip,medium,WHITE,ziyadnz/hourly-ipv4,ziyadnz|hourly,2026-08-17T18:48:05Z,2026-08-17T18:48:05Z,
202.165.22.58,ipv4,malicious-ip,medium,WHITE,ziyadnz/hourly-ipv4,ziyadnz|hourly,2026-08-17T18:48:05Z,2026-08-17T18:48:05Z,
202.165.29.119,ipv4,malicious-ip,medium,WHITE,ziyadnz/hourly-ipv4,ziyadnz|hourly,2026-08-17T18:48:05Z,2026-08-17T18:48:05Z,
202.165.29.123,ipv4,malicious-ip,medium,WHITE,ziyadnz/hourly-ipv4,ziyadnz|hourly,2026-08-17T18:48:05Z,2026-08-17T18:48:05Z,
202.165.29.219,ipv4,malicious-ip,medium,WHITE,ziyadnz/hourly-ipv4,ziyadnz|hourly,2026-08-17T18:48:05Z,2026-08-17T18:48:05Z,
202.165.33.162,ipv4,malicious-ip,medium,WHITE,ziyadnz/hourly-ipv4,ziyadnz|hourly,2026-08-17T18:48:05Z,2026-08-17T18:48:05Z,
202.165.89.167,ipv4,malicious-ip,medium,WHITE,ziyadnz/hourly-ipv4,ziyadnz|hourly,2026-08-17T18:48:05Z,2026-08-17T18:48:05Z,
202.165.89.23,ipv4,malicious-ip,medium,WHITE,ziyadnz/hourly-ipv4,ziyadnz|hourly,2026-08-17T18:48:05Z,2026-08-17T18:48:05Z,
202.165.89.34,ipv4,malicious-ip,medium,WHITE,ziyadnz/hourly-ipv4,ziyadnz|hourly,2026-08-17T18:48:05Z,2026-08-17T18:48:05Z,
202.166.164.46,ipv4,malicious-ip,medium,WHITE,ziyadnz/hourly-ipv4,ziyadnz|hourly,2026-08-17T18:48:05Z,2026-08-17T18:48:05Z,
202.166.165.56,ipv4,malicious-ip,medium,WHITE,ziyadnz/hourly-ipv4,ziyadnz|hourly,2026-08-17T18:48:05Z,2026-08-17T18:48:05Z,
202.166.218.213,ipv4,malicious-ip,medium,WHITE,ziyadnz/hourly-ipv4,ziyadnz|hourly,2026-08-17T18:48:05Z,2026-08-17T18:48:05Z,
202.168.189.182,ipv4,malicious-ip,medium,WHITE,ziyadnz/hourly-ipv4,ziyadnz|hourly,2026-08-17T18:48:05Z,2026-08-17T18:48:05Z,
202.168.76.2,ipv4,malicious-ip,medium,WHITE,ziyadnz/hourly-ipv4,ziyadnz|hourly,2026-08-17T18:48:05Z,2026-08-17T18:48:05Z,
202.169.234.5,ipv4,malicious-ip,medium,WHITE,ziyadnz/hourly-ipv4,ziyadnz|hourly,2026-08-17T18:48:05Z,2026-08-17T18:48:05Z,
202.169.247.5,ipv4,malicious-ip,medium,WHITE,ziyadnz/hourly-ipv4,ziyadnz|hourly,2026-08-17T18:48:05Z,2026-08-17T18:48:05Z,
202.169.247.6,ipv4,malicious-ip,medium,WHITE,ziyadnz/hourly-ipv4,ziyadnz|hourly,2026-08-17T18:48:05Z,2026-08-17T18:48:05Z,
202.169.44.105,ipv4,malicious-ip,medium,WHITE,ziyadnz/hourly-ipv4,ziyadnz|hourly,2026-08-17T18:48:05Z,2026-08-17T18:48:05Z,
202.171.43.162,ipv4,malicious-ip,medium,WHITE,ziyadnz/hourly-ipv4,ziyadnz|hourly,2026-08-17T18:48:05Z,2026-08-17T18:48:05Z,
202.173.125.173,ipv4,malicious-ip,medium,WHITE,ziyadnz/hourly-ipv4,ziyadnz|hourly,2026-08-17T18:48:05Z,2026-08-17T18:48:05Z,
202.175.241.170,ipv4,malicious-ip,medium,WHITE,ziyadnz/hourly-ipv4,ziyadnz|hourly,2026-08-17T18:48:05Z,2026-08-17T18:48:05Z,
202.179.159.165,ipv4,malicious-ip,medium,WHITE,ziyadnz/hourly-ipv4,ziyadnz|hourly,2026-08-17T18:48:05Z,2026-08-17T18:48:05Z,
202.179.159.239,ipv4,malicious-ip,medium,WHITE,ziyadnz/hourly-ipv4,ziyadnz|hourly,2026-08-17T18:48:05Z,2026-08-17T18:48:05Z,
202.179.4.68,ipv4,malicious-ip,medium,WHITE,ziyadnz/hourly-ipv4,ziyadnz|hourly,2026-08-17T18:48:05Z,2026-08-17T18:48:05Z,
202.179.95.74,ipv4,malicious-ip,medium,WHITE,ziyadnz/hourly-ipv4,ziyadnz|hourly,2026-08-17T18:48:05Z,2026-08-17T18:48:05Z,
202.180.20.138,ipv4,malicious-ip,medium,WHITE,ziyadnz/hourly-ipv4,ziyadnz|hourly,2026-08-17T18:48:05Z,2026-08-17T18:48:05Z,
202.180.20.140,ipv4,malicious-ip,medium,WHITE,ziyadnz/hourly-ipv4,ziyadnz|hourly,2026-08-17T18:48:05Z,2026-08-17T18:48:05Z,
202.180.31.154,ipv4,malicious-ip,medium,WHITE,ziyadnz/hourly-ipv4,ziyadnz|hourly,2026-08-17T18:48:05Z,2026-08-17T18:48:05Z,
202.181.177.177,ipv4,malicious-ip,medium,WHITE,ziyadnz/hourly-ipv4,ziyadnz|hourly,2026-08-17T18:48:05Z,2026-08-17T18:48:05Z,
202.181.177.215,ipv4,malicious-ip,medium,WHITE,ziyadnz/hourly-ipv4,ziyadnz|hourly,2026-08-17T18:48:05Z,2026-08-17T18:48:05Z,
202.181.25.71,ipv4,malicious-ip,medium,WHITE,ziyadnz/hourly-ipv4,ziyadnz|hourly,2026-08-17T18:48:05Z,2026-08-17T18:48:05Z,
202.181.25.73,ipv4,malicious-ip,medium,WHITE,ziyadnz/hourly-ipv4,ziyadnz|hourly,2026-08-17T18:48:05Z,2026-08-17T18:48:05Z,
202.181.27.115,ipv4,malicious-ip,medium,WHITE,ziyadnz/hourly-ipv4,ziyadnz|hourly,2026-08-17T18:48:05Z,2026-08-17T18:48:05Z,
202.182.101.174,ipv4,malicious-ip,medium,WHITE,ziyadnz/hourly-ipv4,ziyadnz|hourly,2026-08-17T18:48:05Z,2026-08-17T18:48:05Z,
202.182.102.5,ipv4,malicious-ip,medium,WHITE,ziyadnz/hourly-ipv4,ziyadnz|hourly,2026-08-17T18:48:05Z,2026-08-17T18:48:05Z,
202.182.108.127,ipv4,malicious-ip,medium,WHITE,ziyadnz/hourly-ipv4,ziyadnz|hourly,2026-08-17T18:48:05Z,2026-08-17T18:48:05Z,
202.182.120.7,ipv4,malicious-ip,medium,WHITE,ziyadnz/hourly-ipv4,ziyadnz|hourly,2026-08-17T18:48:05Z,2026-08-17T18:48:05Z,
202.183.141.133,ipv4,malicious-ip,medium,WHITE,ziyadnz/hourly-ipv4,ziyadnz|hourly,2026-08-17T18:48:05Z,2026-08-17T18:48:05Z,
202.183.226.58,ipv4,malicious-ip,medium,WHITE,ziyadnz/hourly-ipv4,ziyadnz|hourly,2026-08-17T18:48:05Z,2026-08-17T18:48:05Z,
202.183.243.94,ipv4,malicious-ip,medium,WHITE,ziyadnz/hourly-ipv4,ziyadnz|hourly,2026-08-17T18:48:05Z,2026-08-17T18:48:05Z,
202.184.134.88,ipv4,malicious-ip,medium,WHITE,ziyadnz/hourly-ipv4,ziyadnz|hourly,2026-08-17T18:48:05Z,2026-08-17T18:48:05Z,
202.185.158.215,ipv4,malicious-ip,medium,WHITE,ziyadnz/hourly-ipv4,ziyadnz|hourly,2026-08-17T18:48:05Z,2026-08-17T18:48:05Z,
202.185.97.175,ipv4,malicious-ip,medium,WHITE,ziyadnz/hourly-ipv4,ziyadnz|hourly,2026-08-17T18:48:05Z,2026-08-17T18:48:05Z,
202.188.17.98,ipv4,malicious-ip,medium,WHITE,ziyadnz/hourly-ipv4,ziyadnz|hourly,2026-08-17T18:48:05Z,2026-08-17T18:48:05Z,
202.188.47.41,ipv4,malicious-ip,medium,WHITE,ziyadnz/hourly-ipv4,ziyadnz|hourly,2026-08-17T18:48:05Z,2026-08-17T18:48:05Z,
202.188.49.204,ipv4,malicious-ip,medium,WHITE,ziyadnz/hourly-ipv4,ziyadnz|hourly,2026-08-17T18:48:05Z,2026-08-17T18:48:05Z,
202.189.10.235,ipv4,malicious-ip,medium,WHITE,ziyadnz/hourly-ipv4,ziyadnz|hourly,2026-08-17T18:48:05Z,2026-08-17T18:48:05Z,
202.189.11.90,ipv4,malicious-ip,medium,WHITE,ziyadnz/hourly-ipv4,ziyadnz|hourly,2026-08-17T18:48:05Z,2026-08-17T18:48:05Z,
202.189.235.42,ipv4,malicious-ip,medium,WHITE,ziyadnz/hourly-ipv4,ziyadnz|hourly,2026-08-17T18:48:05Z,2026-08-17T18:48:05Z,
202.189.4.123,ipv4,malicious-ip,medium,WHITE,ziyadnz/hourly-ipv4,ziyadnz|hourly,2026-08-17T18:48:05Z,2026-08-17T18:48:05Z,
202.189.7.77,ipv4,malicious-ip,medium,WHITE,ziyadnz/hourly-ipv4,ziyadnz|hourly,2026-08-17T18:48:05Z,2026-08-17T18:48:05Z,
202.189.8.193,ipv4,malicious-ip,medium,WHITE,ziyadnz/hourly-ipv4,ziyadnz|hourly,2026-08-17T18:48:05Z,2026-08-17T18:48:05Z,
202.189.8.87,ipv4,malicious-ip,medium,WHITE,ziyadnz/hourly-ipv4,ziyadnz|hourly,2026-08-17T18:48:05Z,2026-08-17T18:48:05Z,
202.191.126.146,ipv4,malicious-ip,medium,WHITE,ziyadnz/hourly-ipv4,ziyadnz|hourly,2026-08-17T18:48:05Z,2026-08-17T18:48:05Z,
202.191.58.34,ipv4,malicious-ip,medium,WHITE,ziyadnz/hourly-ipv4,ziyadnz|hourly,2026-08-17T18:48:05Z,2026-08-17T18:48:05Z,
202.21.114.114,ipv4,malicious-ip,medium,WHITE,ziyadnz/hourly-ipv4,ziyadnz|hourly,2026-08-17T18:48:05Z,2026-08-17T18:48:05Z,
202.21.121.117,ipv4,malicious-ip,medium,WHITE,ziyadnz/hourly-ipv4,ziyadnz|hourly,2026-08-17T18:48:05Z,2026-08-17T18:48:05Z,
202.21.40.194,ipv4,malicious-ip,medium,WHITE,ziyadnz/hourly-ipv4,ziyadnz|hourly,2026-08-17T18:48:05Z,2026-08-17T18:48:05Z,
202.21.47.139,ipv4,malicious-ip,medium,WHITE,ziyadnz/hourly-ipv4,ziyadnz|hourly,2026-08-17T18:48:05Z,2026-08-17T18:48:05Z,
202.213.180.97,ipv4,malicious-ip,medium,WHITE,ziyadnz/hourly-ipv4,ziyadnz|hourly,2026-08-17T18:48:05Z,2026-08-17T18:48:05Z,
202.215.35.86,ipv4,malicious-ip,medium,WHITE,ziyadnz/hourly-ipv4,ziyadnz|hourly,2026-08-17T18:48:05Z,2026-08-17T18:48:05Z,
202.232.214.243,ipv4,malicious-ip,medium,WHITE,ziyadnz/hourly-ipv4,ziyadnz|hourly,2026-08-17T18:48:05Z,2026-08-17T18:48:05Z,
202.239.44.126,ipv4,malicious-ip,medium,WHITE,ziyadnz/hourly-ipv4,ziyadnz|hourly,2026-08-17T18:48:05Z,2026-08-17T18:48:05Z,
202.28.194.139,ipv4,malicious-ip,medium,WHITE,ziyadnz/hourly-ipv4,ziyadnz|hourly,2026-08-17T18:48:05Z,2026-08-17T18:48:05Z,
202.29.225.206,ipv4,malicious-ip,medium,WHITE,ziyadnz/hourly-ipv4,ziyadnz|hourly,2026-08-17T18:48:05Z,2026-08-17T18:48:05Z,
202.29.236.76,ipv4,malicious-ip,medium,WHITE,ziyadnz/hourly-ipv4,ziyadnz|hourly,2026-08-17T18:48:05Z,2026-08-17T18:48:05Z,
202.29.239.35,ipv4,malicious-ip,medium,WHITE,ziyadnz/hourly-ipv4,ziyadnz|hourly,2026-08-17T18:48:05Z,2026-08-17T18:48:05Z,
202.29.70.1,ipv4,malicious-ip,medium,WHITE,ziyadnz/hourly-ipv4,ziyadnz|hourly,2026-08-17T18:48:05Z,2026-08-17T18:48:05Z,
202.29.8.137,ipv4,malicious-ip,medium,WHITE,ziyadnz/hourly-ipv4,ziyadnz|hourly,2026-08-17T18:48:05Z,2026-08-17T18:48:05Z,
202.3.77.209,ipv4,malicious-ip,medium,WHITE,ziyadnz/hourly-ipv4,ziyadnz|hourly,2026-08-17T18:48:05Z,2026-08-17T18:48:05Z,
202.39.153.245,ipv4,malicious-ip,medium,WHITE,ziyadnz/hourly-ipv4,ziyadnz|hourly,2026-08-17T18:48:05Z,2026-08-17T18:48:05Z,
202.4.105.149,ipv4,malicious-ip,medium,WHITE,ziyadnz/hourly-ipv4,ziyadnz|hourly,2026-08-17T18:48:05Z,2026-08-17T18:48:05Z,
202.4.110.217,ipv4,malicious-ip,medium,WHITE,ziyadnz/hourly-ipv4,ziyadnz|hourly,2026-08-17T18:48:05Z,2026-08-17T18:48:05Z,
202.4.122.181,ipv4,malicious-ip,medium,WHITE,ziyadnz/hourly-ipv4,ziyadnz|hourly,2026-08-17T18:48:05Z,2026-08-17T18:48:05Z,
202.40.178.42,ipv4,malicious-ip,medium,WHITE,ziyadnz/hourly-ipv4,ziyadnz|hourly,2026-08-17T18:48:05Z,2026-08-17T18:48:05Z,
202.40.190.99,ipv4,malicious-ip,medium,WHITE,ziyadnz/hourly-ipv4,ziyadnz|hourly,2026-08-17T18:48:05Z,2026-08-17T18:48:05Z,
202.44.237.111,ipv4,malicious-ip,medium,WHITE,ziyadnz/hourly-ipv4,ziyadnz|hourly,2026-08-17T18:48:05Z,2026-08-17T18:48:05Z,
202.44.237.125,ipv4,malicious-ip,medium,WHITE,ziyadnz/hourly-ipv4,ziyadnz|hourly,2026-08-17T18:48:05Z,2026-08-17T18:48:05Z,
202.44.242.96,ipv4,malicious-ip,medium,WHITE,ziyadnz/hourly-ipv4,ziyadnz|hourly,2026-08-17T18:48:05Z,2026-08-17T18:48:05Z,
202.45.144.21,ipv4,malicious-ip,medium,WHITE,ziyadnz/hourly-ipv4,ziyadnz|hourly,2026-08-17T18:48:05Z,2026-08-17T18:48:05Z,
202.46.68.181,ipv4,malicious-ip,medium,WHITE,ziyadnz/hourly-ipv4,ziyadnz|hourly,2026-08-17T18:48:05Z,2026-08-17T18:48:05Z,
202.46.68.191,ipv4,malicious-ip,medium,WHITE,ziyadnz/hourly-ipv4,ziyadnz|hourly,2026-08-17T18:48:05Z,2026-08-17T18:48:05Z,
202.46.87.66,ipv4,malicious-ip,medium,WHITE,ziyadnz/hourly-ipv4,ziyadnz|hourly,2026-08-17T18:48:05Z,2026-08-17T18:48:05Z,
202.46.92.242,ipv4,malicious-ip,medium,WHITE,ziyadnz/hourly-ipv4,ziyadnz|hourly,2026-08-17T18:48:05Z,2026-08-17T18:48:05Z,
202.47.34.52,ipv4,malicious-ip,medium,WHITE,ziyadnz/hourly-ipv4,ziyadnz|hourly,2026-08-17T18:48:05Z,2026-08-17T18:48:05Z,
202.47.36.206,ipv4,malicious-ip,medium,WHITE,ziyadnz/hourly-ipv4,ziyadnz|hourly,2026-08-17T18:48:05Z,2026-08-17T18:48:05Z,
202.47.36.44,ipv4,malicious-ip,medium,WHITE,ziyadnz/hourly-ipv4,ziyadnz|hourly,2026-08-17T18:48:05Z,2026-08-17T18:48:05Z,
202.47.39.182,ipv4,malicious-ip,medium,WHITE,ziyadnz/hourly-ipv4,ziyadnz|hourly,2026-08-17T18:48:05Z,2026-08-17T18:48:05Z,
202.47.39.216,ipv4,malicious-ip,medium,WHITE,ziyadnz/hourly-ipv4,ziyadnz|hourly,2026-08-17T18:48:05Z,2026-08-17T18:48:05Z,
202.47.40.36,ipv4,malicious-ip,medium,WHITE,ziyadnz/hourly-ipv4,ziyadnz|hourly,2026-08-17T18:48:05Z,2026-08-17T18:48:05Z,
202.47.43.36,ipv4,malicious-ip,medium,WHITE,ziyadnz/hourly-ipv4,ziyadnz|hourly,2026-08-17T18:48:05Z,2026-08-17T18:48:05Z,
202.47.45.177,ipv4,malicious-ip,medium,WHITE,ziyadnz/hourly-ipv4,ziyadnz|hourly,2026-08-17T18:48:05Z,2026-08-17T18:48:05Z,
202.47.45.54,ipv4,malicious-ip,medium,WHITE,ziyadnz/hourly-ipv4,ziyadnz|hourly,2026-08-17T18:48:05Z,2026-08-17T18:48:05Z,
202.47.47.24,ipv4,malicious-ip,medium,WHITE,ziyadnz/hourly-ipv4,ziyadnz|hourly,2026-08-17T18:48:05Z,2026-08-17T18:48:05Z,
202.47.48.159,ipv4,malicious-ip,medium,WHITE,ziyadnz/hourly-ipv4,ziyadnz|hourly,2026-08-17T18:48:05Z,2026-08-17T18:48:05Z,
202.47.48.245,ipv4,malicious-ip,medium,WHITE,ziyadnz/hourly-ipv4,ziyadnz|hourly,2026-08-17T18:48:05Z,2026-08-17T18:48:05Z,
202.47.50.238,ipv4,malicious-ip,medium,WHITE,ziyadnz/hourly-ipv4,ziyadnz|hourly,2026-08-17T18:48:05Z,2026-08-17T18:48:05Z,
202.47.52.136,ipv4,malicious-ip,medium,WHITE,ziyadnz/hourly-ipv4,ziyadnz|hourly,2026-08-17T18:48:05Z,2026-08-17T18:48:05Z,
202.47.52.142,ipv4,malicious-ip,medium,WHITE,ziyadnz/hourly-ipv4,ziyadnz|hourly,2026-08-17T18:48:05Z,2026-08-17T18:48:05Z,
202.47.54.169,ipv4,malicious-ip,medium,WHITE,ziyadnz/hourly-ipv4,ziyadnz|hourly,2026-08-17T18:48:05Z,2026-08-17T18:48:05Z,
202.47.54.171,ipv4,malicious-ip,medium,WHITE,ziyadnz/hourly-ipv4,ziyadnz|hourly,2026-08-17T18:48:05Z,2026-08-17T18:48:05Z,
202.47.55.76,ipv4,malicious-ip,medium,WHITE,ziyadnz/hourly-ipv4,ziyadnz|hourly,2026-08-17T18:48:05Z,2026-08-17T18:48:05Z,
202.47.56.253,ipv4,malicious-ip,medium,WHITE,ziyadnz/hourly-ipv4,ziyadnz|hourly,2026-08-17T18:48:05Z,2026-08-17T18:48:05Z,
202.47.57.176,ipv4,malicious-ip,medium,WHITE,ziyadnz/hourly-ipv4,ziyadnz|hourly,2026-08-17T18:48:05Z,2026-08-17T18:48:05Z,
202.47.57.201,ipv4,malicious-ip,medium,WHITE,ziyadnz/hourly-ipv4,ziyadnz|hourly,2026-08-17T18:48:05Z,2026-08-17T18:48:05Z,
202.5.226.29,ipv4,malicious-ip,medium,WHITE,ziyadnz/hourly-ipv4,ziyadnz|hourly,2026-08-17T18:48:05Z,2026-08-17T18:48:05Z,
202.5.42.74,ipv4,malicious-ip,medium,WHITE,ziyadnz/hourly-ipv4,ziyadnz|hourly,2026-08-17T18:48:05Z,2026-08-17T18:48:05Z,
202.50.55.16,ipv4,malicious-ip,medium,WHITE,ziyadnz/hourly-ipv4,ziyadnz|hourly,2026-08-17T18:48:05Z,2026-08-17T18:48:05Z,
202.51.104.162,ipv4,malicious-ip,medium,WHITE,ziyadnz/hourly-ipv4,ziyadnz|hourly,2026-08-17T18:48:05Z,2026-08-17T18:48:05Z,
202.51.196.102,ipv4,malicious-ip,medium,WHITE,ziyadnz/hourly-ipv4,ziyadnz|hourly,2026-08-17T18:48:05Z,2026-08-17T18:48:05Z,
202.51.202.242,ipv4,malicious-ip,medium,WHITE,ziyadnz/hourly-ipv4,ziyadnz|hourly,2026-08-17T18:48:05Z,2026-08-17T18:48:05Z,
202.51.203.132,ipv4,malicious-ip,medium,WHITE,ziyadnz/hourly-ipv4,ziyadnz|hourly,2026-08-17T18:48:05Z,2026-08-17T18:48:05Z,
202.51.205.6,ipv4,malicious-ip,medium,WHITE,ziyadnz/hourly-ipv4,ziyadnz|hourly,2026-08-17T18:48:05Z,2026-08-17T18:48:05Z,
202.51.206.93,ipv4,malicious-ip,medium,WHITE,ziyadnz/hourly-ipv4,ziyadnz|hourly,2026-08-17T18:48:05Z,2026-08-17T18:48:05Z,
202.51.70.6,ipv4,malicious-ip,medium,WHITE,ziyadnz/hourly-ipv4,ziyadnz|hourly,2026-08-17T18:48:05Z,2026-08-17T18:48:05Z,
202.51.75.146,ipv4,malicious-ip,medium,WHITE,ziyadnz/hourly-ipv4,ziyadnz|hourly,2026-08-17T18:48:05Z,2026-08-17T18:48:05Z,
202.51.80.185,ipv4,malicious-ip,medium,WHITE,ziyadnz/hourly-ipv4,ziyadnz|hourly,2026-08-17T18:48:05Z,2026-08-17T18:48:05Z,
202.51.80.189,ipv4,malicious-ip,medium,WHITE,ziyadnz/hourly-ipv4,ziyadnz|hourly,2026-08-17T18:48:05Z,2026-08-17T18:48:05Z,
202.51.92.225,ipv4,malicious-ip,medium,WHITE,ziyadnz/hourly-ipv4,ziyadnz|hourly,2026-08-17T18:48:05Z,2026-08-17T18:48:05Z,
202.53.148.24,ipv4,malicious-ip,medium,WHITE,ziyadnz/hourly-ipv4,ziyadnz|hourly,2026-08-17T18:48:05Z,2026-08-17T18:48:05Z,
202.53.148.26,ipv4,malicious-ip,medium,WHITE,ziyadnz/hourly-ipv4,ziyadnz|hourly,2026-08-17T18:48:05Z,2026-08-17T18:48:05Z,
202.53.15.130,ipv4,malicious-ip,medium,WHITE,ziyadnz/hourly-ipv4,ziyadnz|hourly,2026-08-17T18:48:05Z,2026-08-17T18:48:05Z,
202.53.39.219,ipv4,malicious-ip,medium,WHITE,ziyadnz/hourly-ipv4,ziyadnz|hourly,2026-08-17T18:48:05Z,2026-08-17T18:48:05Z,
202.53.79.130,ipv4,malicious-ip,medium,WHITE,ziyadnz/hourly-ipv4,ziyadnz|hourly,2026-08-17T18:48:05Z,2026-08-17T18:48:05Z,
202.53.80.84,ipv4,malicious-ip,medium,WHITE,ziyadnz/hourly-ipv4,ziyadnz|hourly,2026-08-17T18:48:05Z,2026-08-17T18:48:05Z,
202.55.135.42,ipv4,malicious-ip,medium,WHITE,ziyadnz/hourly-ipv4,ziyadnz|hourly,2026-08-17T18:48:05Z,2026-08-17T18:48:05Z,
202.56.1.78,ipv4,malicious-ip,medium,WHITE,ziyadnz/hourly-ipv4,ziyadnz|hourly,2026-08-17T18:48:05Z,2026-08-17T18:48:05Z,
202.56.166.100,ipv4,malicious-ip,medium,WHITE,ziyadnz/hourly-ipv4,ziyadnz|hourly,2026-08-17T18:48:05Z,2026-08-17T18:48:05Z,
202.56.2.126,ipv4,malicious-ip,medium,WHITE,ziyadnz/hourly-ipv4,ziyadnz|hourly,2026-08-17T18:48:05Z,2026-08-17T18:48:05Z,
202.56.3.140,ipv4,malicious-ip,medium,WHITE,ziyadnz/hourly-ipv4,ziyadnz|hourly,2026-08-17T18:48:05Z,2026-08-17T18:48:05Z,
202.57.1.155,ipv4,malicious-ip,medium,WHITE,ziyadnz/hourly-ipv4,ziyadnz|hourly,2026-08-17T18:48:05Z,2026-08-17T18:48:05Z,
202.57.133.155,ipv4,malicious-ip,medium,WHITE,ziyadnz/hourly-ipv4,ziyadnz|hourly,2026-08-17T18:48:05Z,2026-08-17T18:48:05Z,
202.57.44.34,ipv4,malicious-ip,medium,WHITE,ziyadnz/hourly-ipv4,ziyadnz|hourly,2026-08-17T18:48:05Z,2026-08-17T18:48:05Z,
202.58.105.38,ipv4,malicious-ip,medium,WHITE,ziyadnz/hourly-ipv4,ziyadnz|hourly,2026-08-17T18:48:05Z,2026-08-17T18:48:05Z,
202.58.130.41,ipv4,malicious-ip,medium,WHITE,ziyadnz/hourly-ipv4,ziyadnz|hourly,2026-08-17T18:48:05Z,2026-08-17T18:48:05Z,
202.58.178.243,ipv4,malicious-ip,medium,WHITE,ziyadnz/hourly-ipv4,ziyadnz|hourly,2026-08-17T18:48:05Z,2026-08-17T18:48:05Z,
202.58.206.242,ipv4,malicious-ip,medium,WHITE,ziyadnz/hourly-ipv4,ziyadnz|hourly,2026-08-17T18:48:05Z,2026-08-17T18:48:05Z,
202.58.78.143,ipv4,malicious-ip,medium,WHITE,ziyadnz/hourly-ipv4,ziyadnz|hourly,2026-08-17T18:48:05Z,2026-08-17T18:48:05Z,
202.59.10.122,ipv4,malicious-ip,medium,WHITE,ziyadnz/hourly-ipv4,ziyadnz|hourly,2026-08-17T18:48:05Z,2026-08-17T18:48:05Z,
202.59.175.187,ipv4,malicious-ip,medium,WHITE,ziyadnz/hourly-ipv4,ziyadnz|hourly,2026-08-17T18:48:05Z,2026-08-17T18:48:05Z,
202.59.204.149,ipv4,malicious-ip,medium,WHITE,ziyadnz/hourly-ipv4,ziyadnz|hourly,2026-08-17T18:48:05Z,2026-08-17T18:48:05Z,
202.6.231.187,ipv4,malicious-ip,medium,WHITE,ziyadnz/hourly-ipv4,ziyadnz|hourly,2026-08-17T18:48:05Z,2026-08-17T18:48:05Z,
202.60.229.176,ipv4,malicious-ip,medium,WHITE,ziyadnz/hourly-ipv4,ziyadnz|hourly,2026-08-17T18:48:05Z,2026-08-17T18:48:05Z,
202.60.229.244,ipv4,malicious-ip,medium,WHITE,ziyadnz/hourly-ipv4,ziyadnz|hourly,2026-08-17T18:48:05Z,2026-08-17T18:48:05Z,
202.61.124.68,ipv4,malicious-ip,medium,WHITE,ziyadnz/hourly-ipv4,ziyadnz|hourly,2026-08-17T18:48:05Z,2026-08-17T18:48:05Z,
202.61.130.161,ipv4,malicious-ip,medium,WHITE,ziyadnz/hourly-ipv4,ziyadnz|hourly,2026-08-17T18:48:05Z,2026-08-17T18:48:05Z,
202.61.137.217,ipv4,malicious-ip,medium,WHITE,ziyadnz/hourly-ipv4,ziyadnz|hourly,2026-08-17T18:48:05Z,2026-08-17T18:48:05Z,
202.61.140.68,ipv4,malicious-ip,medium,WHITE,ziyadnz/hourly-ipv4,ziyadnz|hourly,2026-08-17T18:48:05Z,2026-08-17T18:48:05Z,
202.61.160.137,ipv4,malicious-ip,medium,WHITE,ziyadnz/hourly-ipv4,ziyadnz|hourly,2026-08-17T18:48:05Z,2026-08-17T18:48:05Z,
202.61.160.160,ipv4,malicious-ip,medium,WHITE,ziyadnz/hourly-ipv4,ziyadnz|hourly,2026-08-17T18:48:05Z,2026-08-17T18:48:05Z,
202.61.160.189,ipv4,malicious-ip,medium,WHITE,ziyadnz/hourly-ipv4,ziyadnz|hourly,2026-08-17T18:48:05Z,2026-08-17T18:48:05Z,
202.61.160.201,ipv4,malicious-ip,medium,WHITE,ziyadnz/hourly-ipv4,ziyadnz|hourly,2026-08-17T18:48:05Z,2026-08-17T18:48:05Z,
202.61.160.202,ipv4,malicious-ip,medium,WHITE,ziyadnz/hourly-ipv4,ziyadnz|hourly,2026-08-17T18:48:05Z,2026-08-17T18:48:05Z,
202.61.160.208,ipv4,malicious-ip,medium,WHITE,ziyadnz/hourly-ipv4,ziyadnz|hourly,2026-08-17T18:48:05Z,2026-08-17T18:48:05Z,
202.61.194.85,ipv4,malicious-ip,medium,WHITE,ziyadnz/hourly-ipv4,ziyadnz|hourly,2026-08-17T18:48:05Z,2026-08-17T18:48:05Z,
202.61.197.54,ipv4,malicious-ip,medium,WHITE,ziyadnz/hourly-ipv4,ziyadnz|hourly,2026-08-17T18:48:05Z,2026-08-17T18:48:05Z,
202.61.252.57,ipv4,malicious-ip,medium,WHITE,ziyadnz/hourly-ipv4,ziyadnz|hourly,2026-08-17T18:48:05Z,2026-08-17T18:48:05Z,
202.61.252.80,ipv4,malicious-ip,medium,WHITE,ziyadnz/hourly-ipv4,ziyadnz|hourly,2026-08-17T18:48:05Z,2026-08-17T18:48:05Z,
202.62.47.156,ipv4,malicious-ip,medium,WHITE,ziyadnz/hourly-ipv4,ziyadnz|hourly,2026-08-17T18:48:05Z,2026-08-17T18:48:05Z,
202.62.68.254,ipv4,malicious-ip,medium,WHITE,ziyadnz/hourly-ipv4,ziyadnz|hourly,2026-08-17T18:48:05Z,2026-08-17T18:48:05Z,
202.62.71.211,ipv4,malicious-ip,medium,WHITE,ziyadnz/hourly-ipv4,ziyadnz|hourly,2026-08-17T18:48:05Z,2026-08-17T18:48:05Z,
202.62.72.98,ipv4,malicious-ip,medium,WHITE,ziyadnz/hourly-ipv4,ziyadnz|hourly,2026-08-17T18:48:05Z,2026-08-17T18:48:05Z,
202.62.86.126,ipv4,malicious-ip,medium,WHITE,ziyadnz/hourly-ipv4,ziyadnz|hourly,2026-08-17T18:48:05Z,2026-08-17T18:48:05Z,
202.62.88.25,ipv4,malicious-ip,medium,WHITE,ziyadnz/hourly-ipv4,ziyadnz|hourly,2026-08-17T18:48:05Z,2026-08-17T18:48:05Z,
202.62.90.138,ipv4,malicious-ip,medium,WHITE,ziyadnz/hourly-ipv4,ziyadnz|hourly,2026-08-17T18:48:05Z,2026-08-17T18:48:05Z,
202.62.93.139,ipv4,malicious-ip,medium,WHITE,ziyadnz/hourly-ipv4,ziyadnz|hourly,2026-08-17T18:48:05Z,2026-08-17T18:48:05Z,
202.63.209.83,ipv4,malicious-ip,medium,WHITE,ziyadnz/hourly-ipv4,ziyadnz|hourly,2026-08-17T18:48:05Z,2026-08-17T18:48:05Z,
202.63.210.169,ipv4,malicious-ip,medium,WHITE,ziyadnz/hourly-ipv4,ziyadnz|hourly,2026-08-17T18:48:05Z,2026-08-17T18:48:05Z,
202.63.210.171,ipv4,malicious-ip,medium,WHITE,ziyadnz/hourly-ipv4,ziyadnz|hourly,2026-08-17T18:48:05Z,2026-08-17T18:48:05Z,
202.63.210.175,ipv4,malicious-ip,medium,WHITE,ziyadnz/hourly-ipv4,ziyadnz|hourly,2026-08-17T18:48:05Z,2026-08-17T18:48:05Z,
202.65.118.212,ipv4,malicious-ip,medium,WHITE,ziyadnz/hourly-ipv4,ziyadnz|hourly,2026-08-17T18:48:05Z,2026-08-17T18:48:05Z,
202.65.145.148,ipv4,malicious-ip,medium,WHITE,ziyadnz/hourly-ipv4,ziyadnz|hourly,2026-08-17T18:48:05Z,2026-08-17T18:48:05Z,
202.66.180.145,ipv4,malicious-ip,medium,WHITE,ziyadnz/hourly-ipv4,ziyadnz|hourly,2026-08-17T18:48:05Z,2026-08-17T18:48:05Z,
202.66.180.166,ipv4,malicious-ip,medium,WHITE,ziyadnz/hourly-ipv4,ziyadnz|hourly,2026-08-17T18:48:05Z,2026-08-17T18:48:05Z,
202.67.44.15,ipv4,malicious-ip,medium,WHITE,ziyadnz/hourly-ipv4,ziyadnz|hourly,2026-08-17T18:48:05Z,2026-08-17T18:48:05Z,
202.69.40.26,ipv4,malicious-ip,medium,WHITE,ziyadnz/hourly-ipv4,ziyadnz|hourly,2026-08-17T18:48:05Z,2026-08-17T18:48:05Z,
202.69.54.251,ipv4,malicious-ip,medium,WHITE,ziyadnz/hourly-ipv4,ziyadnz|hourly,2026-08-17T18:48:05Z,2026-08-17T18:48:05Z,
202.70.139.0,ipv4,malicious-ip,medium,WHITE,ziyadnz/hourly-ipv4,ziyadnz|hourly,2026-08-17T18:48:05Z,2026-08-17T18:48:05Z,
202.70.139.110,ipv4,malicious-ip,medium,WHITE,ziyadnz/hourly-ipv4,ziyadnz|hourly,2026-08-17T18:48:05Z,2026-08-17T18:48:05Z,
202.70.139.141,ipv4,malicious-ip,medium,WHITE,ziyadnz/hourly-ipv4,ziyadnz|hourly,2026-08-17T18:48:05Z,2026-08-17T18:48:05Z,
202.70.139.142,ipv4,malicious-ip,medium,WHITE,ziyadnz/hourly-ipv4,ziyadnz|hourly,2026-08-17T18:48:05Z,2026-08-17T18:48:05Z,
202.70.139.163,ipv4,malicious-ip,medium,WHITE,ziyadnz/hourly-ipv4,ziyadnz|hourly,2026-08-17T18:48:05Z,2026-08-17T18:48:05Z,
202.70.139.189,ipv4,malicious-ip,medium,WHITE,ziyadnz/hourly-ipv4,ziyadnz|hourly,2026-08-17T18:48:05Z,2026-08-17T18:48:05Z,
202.70.139.192,ipv4,malicious-ip,medium,WHITE,ziyadnz/hourly-ipv4,ziyadnz|hourly,2026-08-17T18:48:05Z,2026-08-17T18:48:05Z,
202.70.139.212,ipv4,malicious-ip,medium,WHITE,ziyadnz/hourly-ipv4,ziyadnz|hourly,2026-08-17T18:48:05Z,2026-08-17T18:48:05Z,
202.70.139.231,ipv4,malicious-ip,medium,WHITE,ziyadnz/hourly-ipv4,ziyadnz|hourly,2026-08-17T18:48:05Z,2026-08-17T18:48:05Z,
202.70.139.34,ipv4,malicious-ip,medium,WHITE,ziyadnz/hourly-ipv4,ziyadnz|hourly,2026-08-17T18:48:05Z,2026-08-17T18:48:05Z,
202.70.139.36,ipv4,malicious-ip,medium,WHITE,ziyadnz/hourly-ipv4,ziyadnz|hourly,2026-08-17T18:48:05Z,2026-08-17T18:48:05Z,
202.70.139.37,ipv4,malicious-ip,medium,WHITE,ziyadnz/hourly-ipv4,ziyadnz|hourly,2026-08-17T18:48:05Z,2026-08-17T18:48:05Z,
202.70.139.39,ipv4,malicious-ip,medium,WHITE,ziyadnz/hourly-ipv4,ziyadnz|hourly,2026-08-17T18:48:05Z,2026-08-17T18:48:05Z,
202.70.149.186,ipv4,malicious-ip,medium,WHITE,ziyadnz/hourly-ipv4,ziyadnz|hourly,2026-08-17T18:48:05Z,2026-08-17T18:48:05Z,
202.70.152.237,ipv4,malicious-ip,medium,WHITE,ziyadnz/hourly-ipv4,ziyadnz|hourly,2026-08-17T18:48:05Z,2026-08-17T18:48:05Z,
202.70.159.123,ipv4,malicious-ip,medium,WHITE,ziyadnz/hourly-ipv4,ziyadnz|hourly,2026-08-17T18:48:05Z,2026-08-17T18:48:05Z,
202.70.43.200,ipv4,malicious-ip,medium,WHITE,ziyadnz/hourly-ipv4,ziyadnz|hourly,2026-08-17T18:48:05Z,2026-08-17T18:48:05Z,
202.70.78.110,ipv4,malicious-ip,medium,WHITE,ziyadnz/hourly-ipv4,ziyadnz|hourly,2026-08-17T18:48:05Z,2026-08-17T18:48:05Z,
202.70.82.95,ipv4,malicious-ip,medium,WHITE,ziyadnz/hourly-ipv4,ziyadnz|hourly,2026-08-17T18:48:05Z,2026-08-17T18:48:05Z,
202.71.180.143,ipv4,malicious-ip,medium,WHITE,ziyadnz/hourly-ipv4,ziyadnz|hourly,2026-08-17T18:48:05Z,2026-08-17T18:48:05Z,
202.72.242.139,ipv4,malicious-ip,medium,WHITE,ziyadnz/hourly-ipv4,ziyadnz|hourly,2026-08-17T18:48:05Z,2026-08-17T18:48:05Z,
202.72.245.138,ipv4,malicious-ip,medium,WHITE,ziyadnz/hourly-ipv4,ziyadnz|hourly,2026-08-17T18:48:05Z,2026-08-17T18:48:05Z,
202.72.245.146,ipv4,malicious-ip,medium,WHITE,ziyadnz/hourly-ipv4,ziyadnz|hourly,2026-08-17T18:48:05Z,2026-08-17T18:48:05Z,
202.73.15.244,ipv4,malicious-ip,medium,WHITE,ziyadnz/hourly-ipv4,ziyadnz|hourly,2026-08-17T18:48:05Z,2026-08-17T18:48:05Z,
202.77.96.130,ipv4,malicious-ip,medium,WHITE,ziyadnz/hourly-ipv4,ziyadnz|hourly,2026-08-17T18:48:05Z,2026-08-17T18:48:05Z,
202.79.166.94,ipv4,malicious-ip,medium,WHITE,ziyadnz/hourly-ipv4,ziyadnz|hourly,2026-08-17T18:48:05Z,2026-08-17T18:48:05Z,
202.79.173.4,ipv4,malicious-ip,medium,WHITE,ziyadnz/hourly-ipv4,ziyadnz|hourly,2026-08-17T18:48:05Z,2026-08-17T18:48:05Z,
202.79.174.153,ipv4,malicious-ip,medium,WHITE,ziyadnz/hourly-ipv4,ziyadnz|hourly,2026-08-17T18:48:05Z,2026-08-17T18:48:05Z,
202.79.49.62,ipv4,malicious-ip,medium,WHITE,ziyadnz/hourly-ipv4,ziyadnz|hourly,2026-08-17T18:48:05Z,2026-08-17T18:48:05Z,
202.8.105.201,ipv4,malicious-ip,medium,WHITE,ziyadnz/hourly-ipv4,ziyadnz|hourly,2026-08-17T18:48:05Z,2026-08-17T18:48:05Z,
202.8.29.206,ipv4,malicious-ip,medium,WHITE,ziyadnz/hourly-ipv4,ziyadnz|hourly,2026-08-17T18:48:05Z,2026-08-17T18:48:05Z,
202.8.29.27,ipv4,malicious-ip,medium,WHITE,ziyadnz/hourly-ipv4,ziyadnz|hourly,2026-08-17T18:48:05Z,2026-08-17T18:48:05Z,
202.8.40.0,ipv4,malicious-ip,medium,WHITE,ziyadnz/hourly-ipv4,ziyadnz|hourly,2026-08-17T18:48:05Z,2026-08-17T18:48:05Z,
202.8.40.113,ipv4,malicious-ip,medium,WHITE,ziyadnz/hourly-ipv4,ziyadnz|hourly,2026-08-17T18:48:05Z,2026-08-17T18:48:05Z,
202.8.40.131,ipv4,malicious-ip,medium,WHITE,ziyadnz/hourly-ipv4,ziyadnz|hourly,2026-08-17T18:48:05Z,2026-08-17T18:48:05Z,
202.8.40.132,ipv4,malicious-ip,medium,WHITE,ziyadnz/hourly-ipv4,ziyadnz|hourly,2026-08-17T18:48:05Z,2026-08-17T18:48:05Z,
202.8.40.133,ipv4,malicious-ip,medium,WHITE,ziyadnz/hourly-ipv4,ziyadnz|hourly,2026-08-17T18:48:05Z,2026-08-17T18:48:05Z,
202.8.40.15,ipv4,malicious-ip,medium,WHITE,ziyadnz/hourly-ipv4,ziyadnz|hourly,2026-08-17T18:48:05Z,2026-08-17T18:48:05Z,
202.8.40.167,ipv4,malicious-ip,medium,WHITE,ziyadnz/hourly-ipv4,ziyadnz|hourly,2026-08-17T18:48:05Z,2026-08-17T18:48:05Z,
202.8.40.168,ipv4,malicious-ip,medium,WHITE,ziyadnz/hourly-ipv4,ziyadnz|hourly,2026-08-17T18:48:05Z,2026-08-17T18:48:05Z,
202.8.40.203,ipv4,malicious-ip,medium,WHITE,ziyadnz/hourly-ipv4,ziyadnz|hourly,2026-08-17T18:48:05Z,2026-08-17T18:48:05Z,
202.8.40.21,ipv4,malicious-ip,medium,WHITE,ziyadnz/hourly-ipv4,ziyadnz|hourly,2026-08-17T18:48:05Z,2026-08-17T18:48:05Z,
202.8.40.222,ipv4,malicious-ip,medium,WHITE,ziyadnz/hourly-ipv4,ziyadnz|hourly,2026-08-17T18:48:05Z,2026-08-17T18:48:05Z,
202.8.40.223,ipv4,malicious-ip,medium,WHITE,ziyadnz/hourly-ipv4,ziyadnz|hourly,2026-08-17T18:48:05Z,2026-08-17T18:48:05Z,
202.8.40.244,ipv4,malicious-ip,medium,WHITE,ziyadnz/hourly-ipv4,ziyadnz|hourly,2026-08-17T18:48:05Z,2026-08-17T18:48:05Z,
202.8.40.254,ipv4,malicious-ip,medium,WHITE,ziyadnz/hourly-ipv4,ziyadnz|hourly,2026-08-17T18:48:05Z,2026-08-17T18:48:05Z,
202.8.40.41,ipv4,malicious-ip,medium,WHITE,ziyadnz/hourly-ipv4,ziyadnz|hourly,2026-08-17T18:48:05Z,2026-08-17T18:48:05Z,
202.8.40.49,ipv4,malicious-ip,medium,WHITE,ziyadnz/hourly-ipv4,ziyadnz|hourly,2026-08-17T18:48:05Z,2026-08-17T18:48:05Z,
202.8.40.61,ipv4,malicious-ip,medium,WHITE,ziyadnz/hourly-ipv4,ziyadnz|hourly,2026-08-17T18:48:05Z,2026-08-17T18:48:05Z,
202.8.40.67,ipv4,malicious-ip,medium,WHITE,ziyadnz/hourly-ipv4,ziyadnz|hourly,2026-08-17T18:48:05Z,2026-08-17T18:48:05Z,
202.8.40.7,ipv4,malicious-ip,medium,WHITE,ziyadnz/hourly-ipv4,ziyadnz|hourly,2026-08-17T18:48:05Z,2026-08-17T18:48:05Z,
202.8.40.85,ipv4,malicious-ip,medium,WHITE,ziyadnz/hourly-ipv4,ziyadnz|hourly,2026-08-17T18:48:05Z,2026-08-17T18:48:05Z,
202.8.40.89,ipv4,malicious-ip,medium,WHITE,ziyadnz/hourly-ipv4,ziyadnz|hourly,2026-08-17T18:48:05Z,2026-08-17T18:48:05Z,
202.8.41.0,ipv4,malicious-ip,medium,WHITE,ziyadnz/hourly-ipv4,ziyadnz|hourly,2026-08-17T18:48:05Z,2026-08-17T18:48:05Z,
202.8.41.113,ipv4,malicious-ip,medium,WHITE,ziyadnz/hourly-ipv4,ziyadnz|hourly,2026-08-17T18:48:05Z,2026-08-17T18:48:05Z,
202.8.41.135,ipv4,malicious-ip,medium,WHITE,ziyadnz/hourly-ipv4,ziyadnz|hourly,2026-08-17T18:48:05Z,2026-08-17T18:48:05Z,
202.8.41.146,ipv4,malicious-ip,medium,WHITE,ziyadnz/hourly-ipv4,ziyadnz|hourly,2026-08-17T18:48:05Z,2026-08-17T18:48:05Z,
202.8.41.155,ipv4,malicious-ip,medium,WHITE,ziyadnz/hourly-ipv4,ziyadnz|hourly,2026-08-17T18:48:05Z,2026-08-17T18:48:05Z,
202.8.41.167,ipv4,malicious-ip,medium,WHITE,ziyadnz/hourly-ipv4,ziyadnz|hourly,2026-08-17T18:48:05Z,2026-08-17T18:48:05Z,
202.8.41.170,ipv4,malicious-ip,medium,WHITE,ziyadnz/hourly-ipv4,ziyadnz|hourly,2026-08-17T18:48:05Z,2026-08-17T18:48:05Z,
202.8.41.185,ipv4,malicious-ip,medium,WHITE,ziyadnz/hourly-ipv4,ziyadnz|hourly,2026-08-17T18:48:05Z,2026-08-17T18:48:05Z,
202.8.41.249,ipv4,malicious-ip,medium,WHITE,ziyadnz/hourly-ipv4,ziyadnz|hourly,2026-08-17T18:48:05Z,2026-08-17T18:48:05Z,
202.8.41.26,ipv4,malicious-ip,medium,WHITE,ziyadnz/hourly-ipv4,ziyadnz|hourly,2026-08-17T18:48:05Z,2026-08-17T18:48:05Z,
202.8.41.29,ipv4,malicious-ip,medium,WHITE,ziyadnz/hourly-ipv4,ziyadnz|hourly,2026-08-17T18:48:05Z,2026-08-17T18:48:05Z,
202.8.41.40,ipv4,malicious-ip,medium,WHITE,ziyadnz/hourly-ipv4,ziyadnz|hourly,2026-08-17T18:48:05Z,2026-08-17T18:48:05Z,
202.8.41.84,ipv4,malicious-ip,medium,WHITE,ziyadnz/hourly-ipv4,ziyadnz|hourly,2026-08-17T18:48:05Z,2026-08-17T18:48:05Z,
202.8.41.87,ipv4,malicious-ip,medium,WHITE,ziyadnz/hourly-ipv4,ziyadnz|hourly,2026-08-17T18:48:05Z,2026-08-17T18:48:05Z,
202.8.41.94,ipv4,malicious-ip,medium,WHITE,ziyadnz/hourly-ipv4,ziyadnz|hourly,2026-08-17T18:48:05Z,2026-08-17T18:48:05Z,
202.8.41.98,ipv4,malicious-ip,medium,WHITE,ziyadnz/hourly-ipv4,ziyadnz|hourly,2026-08-17T18:48:05Z,2026-08-17T18:48:05Z,
202.8.42.0,ipv4,malicious-ip,medium,WHITE,ziyadnz/hourly-ipv4,ziyadnz|hourly,2026-08-17T18:48:05Z,2026-08-17T18:48:05Z,
202.8.42.1,ipv4,malicious-ip,medium,WHITE,ziyadnz/hourly-ipv4,ziyadnz|hourly,2026-08-17T18:48:05Z,2026-08-17T18:48:05Z,
202.8.42.10,ipv4,malicious-ip,medium,WHITE,ziyadnz/hourly-ipv4,ziyadnz|hourly,2026-08-17T18:48:05Z,2026-08-17T18:48:05Z,
202.8.42.113,ipv4,malicious-ip,medium,WHITE,ziyadnz/hourly-ipv4,ziyadnz|hourly,2026-08-17T18:48:05Z,2026-08-17T18:48:05Z,
202.8.42.116,ipv4,malicious-ip,medium,WHITE,ziyadnz/hourly-ipv4,ziyadnz|hourly,2026-08-17T18:48:05Z,2026-08-17T18:48:05Z,
202.8.42.117,ipv4,malicious-ip,medium,WHITE,ziyadnz/hourly-ipv4,ziyadnz|hourly,2026-08-17T18:48:05Z,2026-08-17T18:48:05Z,
202.8.42.137,ipv4,malicious-ip,medium,WHITE,ziyadnz/hourly-ipv4,ziyadnz|hourly,2026-08-17T18:48:05Z,2026-08-17T18:48:05Z,
202.8.42.151,ipv4,malicious-ip,medium,WHITE,ziyadnz/hourly-ipv4,ziyadnz|hourly,2026-08-17T18:48:05Z,2026-08-17T18:48:05Z,
202.8.42.159,ipv4,malicious-ip,medium,WHITE,ziyadnz/hourly-ipv4,ziyadnz|hourly,2026-08-17T18:48:05Z,2026-08-17T18:48:05Z,
202.8.42.166,ipv4,malicious-ip,medium,WHITE,ziyadnz/hourly-ipv4,ziyadnz|hourly,2026-08-17T18:48:05Z,2026-08-17T18:48:05Z,
202.8.42.179,ipv4,malicious-ip,medium,WHITE,ziyadnz/hourly-ipv4,ziyadnz|hourly,2026-08-17T18:48:05Z,2026-08-17T18:48:05Z,
202.8.42.186,ipv4,malicious-ip,medium,WHITE,ziyadnz/hourly-ipv4,ziyadnz|hourly,2026-08-17T18:48:05Z,2026-08-17T18:48:05Z,
202.8.42.19,ipv4,malicious-ip,medium,WHITE,ziyadnz/hourly-ipv4,ziyadnz|hourly,2026-08-17T18:48:05Z,2026-08-17T18:48:05Z,
202.8.42.192,ipv4,malicious-ip,medium,WHITE,ziyadnz/hourly-ipv4,ziyadnz|hourly,2026-08-17T18:48:05Z,2026-08-17T18:48:05Z,
202.8.42.195,ipv4,malicious-ip,medium,WHITE,ziyadnz/hourly-ipv4,ziyadnz|hourly,2026-08-17T18:48:05Z,2026-08-17T18:48:05Z,
202.8.42.197,ipv4,malicious-ip,medium,WHITE,ziyadnz/hourly-ipv4,ziyadnz|hourly,2026-08-17T18:48:05Z,2026-08-17T18:48:05Z,
202.8.42.198,ipv4,malicious-ip,medium,WHITE,ziyadnz/hourly-ipv4,ziyadnz|hourly,2026-08-17T18:48:05Z,2026-08-17T18:48:05Z,
202.8.42.202,ipv4,malicious-ip,medium,WHITE,ziyadnz/hourly-ipv4,ziyadnz|hourly,2026-08-17T18:48:05Z,2026-08-17T18:48:05Z,
202.8.42.208,ipv4,malicious-ip,medium,WHITE,ziyadnz/hourly-ipv4,ziyadnz|hourly,2026-08-17T18:48:05Z,2026-08-17T18:48:05Z,
202.8.42.212,ipv4,malicious-ip,medium,WHITE,ziyadnz/hourly-ipv4,ziyadnz|hourly,2026-08-17T18:48:05Z,2026-08-17T18:48:05Z,
202.8.42.221,ipv4,malicious-ip,medium,WHITE,ziyadnz/hourly-ipv4,ziyadnz|hourly,2026-08-17T18:48:05Z,2026-08-17T18:48:05Z,
202.8.42.223,ipv4,malicious-ip,medium,WHITE,ziyadnz/hourly-ipv4,ziyadnz|hourly,2026-08-17T18:48:05Z,2026-08-17T18:48:05Z,
202.8.42.231,ipv4,malicious-ip,medium,WHITE,ziyadnz/hourly-ipv4,ziyadnz|hourly,2026-08-17T18:48:05Z,2026-08-17T18:48:05Z,
202.8.42.28,ipv4,malicious-ip,medium,WHITE,ziyadnz/hourly-ipv4,ziyadnz|hourly,2026-08-17T18:48:05Z,2026-08-17T18:48:05Z,
202.8.42.55,ipv4,malicious-ip,medium,WHITE,ziyadnz/hourly-ipv4,ziyadnz|hourly,2026-08-17T18:48:05Z,2026-08-17T18:48:05Z,
202.8.42.88,ipv4,malicious-ip,medium,WHITE,ziyadnz/hourly-ipv4,ziyadnz|hourly,2026-08-17T18:48:05Z,2026-08-17T18:48:05Z,
202.8.42.91,ipv4,malicious-ip,medium,WHITE,ziyadnz/hourly-ipv4,ziyadnz|hourly,2026-08-17T18:48:05Z,2026-08-17T18:48:05Z,
202.8.43.0,ipv4,malicious-ip,medium,WHITE,ziyadnz/hourly-ipv4,ziyadnz|hourly,2026-08-17T18:48:05Z,2026-08-17T18:48:05Z,
202.8.43.107,ipv4,malicious-ip,medium,WHITE,ziyadnz/hourly-ipv4,ziyadnz|hourly,2026-08-17T18:48:05Z,2026-08-17T18:48:05Z,
202.8.43.109,ipv4,malicious-ip,medium,WHITE,ziyadnz/hourly-ipv4,ziyadnz|hourly,2026-08-17T18:48:05Z,2026-08-17T18:48:05Z,
202.8.43.115,ipv4,malicious-ip,medium,WHITE,ziyadnz/hourly-ipv4,ziyadnz|hourly,2026-08-17T18:48:05Z,2026-08-17T18:48:05Z,
202.8.43.132,ipv4,malicious-ip,medium,WHITE,ziyadnz/hourly-ipv4,ziyadnz|hourly,2026-08-17T18:48:05Z,2026-08-17T18:48:05Z,
202.8.43.137,ipv4,malicious-ip,medium,WHITE,ziyadnz/hourly-ipv4,ziyadnz|hourly,2026-08-17T18:48:05Z,2026-08-17T18:48:05Z,
202.8.43.14,ipv4,malicious-ip,medium,WHITE,ziyadnz/hourly-ipv4,ziyadnz|hourly,2026-08-17T18:48:05Z,2026-08-17T18:48:05Z,
202.8.43.142,ipv4,malicious-ip,medium,WHITE,ziyadnz/hourly-ipv4,ziyadnz|hourly,2026-08-17T18:48:05Z,2026-08-17T18:48:05Z,
202.8.43.157,ipv4,malicious-ip,medium,WHITE,ziyadnz/hourly-ipv4,ziyadnz|hourly,2026-08-17T18:48:05Z,2026-08-17T18:48:05Z,
202.8.43.158,ipv4,malicious-ip,medium,WHITE,ziyadnz/hourly-ipv4,ziyadnz|hourly,2026-08-17T18:48:05Z,2026-08-17T18:48:05Z,
202.8.43.164,ipv4,malicious-ip,medium,WHITE,ziyadnz/hourly-ipv4,ziyadnz|hourly,2026-08-17T18:48:05Z,2026-08-17T18:48:05Z,
202.8.43.181,ipv4,malicious-ip,medium,WHITE,ziyadnz/hourly-ipv4,ziyadnz|hourly,2026-08-17T18:48:05Z,2026-08-17T18:48:05Z,
202.8.43.202,ipv4,malicious-ip,medium,WHITE,ziyadnz/hourly-ipv4,ziyadnz|hourly,2026-08-17T18:48:05Z,2026-08-17T18:48:05Z,
202.8.43.204,ipv4,malicious-ip,medium,WHITE,ziyadnz/hourly-ipv4,ziyadnz|hourly,2026-08-17T18:48:05Z,2026-08-17T18:48:05Z,
202.8.43.209,ipv4,malicious-ip,medium,WHITE,ziyadnz/hourly-ipv4,ziyadnz|hourly,2026-08-17T18:48:05Z,2026-08-17T18:48:05Z,
202.8.43.211,ipv4,malicious-ip,medium,WHITE,ziyadnz/hourly-ipv4,ziyadnz|hourly,2026-08-17T18:48:05Z,2026-08-17T18:48:05Z,
202.8.43.213,ipv4,malicious-ip,medium,WHITE,ziyadnz/hourly-ipv4,ziyadnz|hourly,2026-08-17T18:48:05Z,2026-08-17T18:48:05Z,
202.8.43.24,ipv4,malicious-ip,medium,WHITE,ziyadnz/hourly-ipv4,ziyadnz|hourly,2026-08-17T18:48:05Z,2026-08-17T18:48:05Z,
202.8.43.30,ipv4,malicious-ip,medium,WHITE,ziyadnz/hourly-ipv4,ziyadnz|hourly,2026-08-17T18:48:05Z,2026-08-17T18:48:05Z,
202.8.43.35,ipv4,malicious-ip,medium,WHITE,ziyadnz/hourly-ipv4,ziyadnz|hourly,2026-08-17T18:48:05Z,2026-08-17T18:48:05Z,
202.8.43.49,ipv4,malicious-ip,medium,WHITE,ziyadnz/hourly-ipv4,ziyadnz|hourly,2026-08-17T18:48:05Z,2026-08-17T18:48:05Z,
202.8.43.53,ipv4,malicious-ip,medium,WHITE,ziyadnz/hourly-ipv4,ziyadnz|hourly,2026-08-17T18:48:05Z,2026-08-17T18:48:05Z,
202.8.43.69,ipv4,malicious-ip,medium,WHITE,ziyadnz/hourly-ipv4,ziyadnz|hourly,2026-08-17T18:48:05Z,2026-08-17T18:48:05Z,
202.8.43.72,ipv4,malicious-ip,medium,WHITE,ziyadnz/hourly-ipv4,ziyadnz|hourly,2026-08-17T18:48:05Z,2026-08-17T18:48:05Z,
202.8.43.79,ipv4,malicious-ip,medium,WHITE,ziyadnz/hourly-ipv4,ziyadnz|hourly,2026-08-17T18:48:05Z,2026-08-17T18:48:05Z,
202.8.43.80,ipv4,malicious-ip,medium,WHITE,ziyadnz/hourly-ipv4,ziyadnz|hourly,2026-08-17T18:48:05Z,2026-08-17T18:48:05Z,
202.8.43.81,ipv4,malicious-ip,medium,WHITE,ziyadnz/hourly-ipv4,ziyadnz|hourly,2026-08-17T18:48:05Z,2026-08-17T18:48:05Z,
202.8.43.92,ipv4,malicious-ip,medium,WHITE,ziyadnz/hourly-ipv4,ziyadnz|hourly,2026-08-17T18:48:05Z,2026-08-17T18:48:05Z,
202.8.43.98,ipv4,malicious-ip,medium,WHITE,ziyadnz/hourly-ipv4,ziyadnz|hourly,2026-08-17T18:48:05Z,2026-08-17T18:48:05Z,
202.82.82.2,ipv4,malicious-ip,medium,WHITE,ziyadnz/hourly-ipv4,ziyadnz|hourly,2026-08-17T18:48:05Z,2026-08-17T18:48:05Z,
202.83.19.32,ipv4,malicious-ip,medium,WHITE,ziyadnz/hourly-ipv4,ziyadnz|hourly,2026-08-17T18:48:05Z,2026-08-17T18:48:05Z,
202.86.149.20,ipv4,malicious-ip,medium,WHITE,ziyadnz/hourly-ipv4,ziyadnz|hourly,2026-08-17T18:48:05Z,2026-08-17T18:48:05Z,
202.86.189.194,ipv4,malicious-ip,medium,WHITE,ziyadnz/hourly-ipv4,ziyadnz|hourly,2026-08-17T18:48:05Z,2026-08-17T18:48:05Z,
202.88.1.18,ipv4,malicious-ip,medium,WHITE,ziyadnz/hourly-ipv4,ziyadnz|hourly,2026-08-17T18:48:05Z,2026-08-17T18:48:05Z,
202.88.1.5,ipv4,malicious-ip,medium,WHITE,ziyadnz/hourly-ipv4,ziyadnz|hourly,2026-08-17T18:48:05Z,2026-08-17T18:48:05Z,
202.88.209.51,ipv4,malicious-ip,medium,WHITE,ziyadnz/hourly-ipv4,ziyadnz|hourly,2026-08-17T18:48:05Z,2026-08-17T18:48:05Z,
202.88.220.55,ipv4,malicious-ip,medium,WHITE,ziyadnz/hourly-ipv4,ziyadnz|hourly,2026-08-17T18:48:05Z,2026-08-17T18:48:05Z,
202.88.230.238,ipv4,malicious-ip,medium,WHITE,ziyadnz/hourly-ipv4,ziyadnz|hourly,2026-08-17T18:48:05Z,2026-08-17T18:48:05Z,
202.88.244.2,ipv4,malicious-ip,medium,WHITE,ziyadnz/hourly-ipv4,ziyadnz|hourly,2026-08-17T18:48:05Z,2026-08-17T18:48:05Z,
202.88.246.50,ipv4,malicious-ip,medium,WHITE,ziyadnz/hourly-ipv4,ziyadnz|hourly,2026-08-17T18:48:05Z,2026-08-17T18:48:05Z,
202.88.249.46,ipv4,malicious-ip,medium,WHITE,ziyadnz/hourly-ipv4,ziyadnz|hourly,2026-08-17T18:48:05Z,2026-08-17T18:48:05Z,
202.88.254.53,ipv4,malicious-ip,medium,WHITE,ziyadnz/hourly-ipv4,ziyadnz|hourly,2026-08-17T18:48:05Z,2026-08-17T18:48:05Z,
202.9.122.203,ipv4,malicious-ip,medium,WHITE,ziyadnz/hourly-ipv4,ziyadnz|hourly,2026-08-17T18:48:05Z,2026-08-17T18:48:05Z,
202.9.122.248,ipv4,malicious-ip,medium,WHITE,ziyadnz/hourly-ipv4,ziyadnz|hourly,2026-08-17T18:48:05Z,2026-08-17T18:48:05Z,
202.9.122.95,ipv4,malicious-ip,medium,WHITE,ziyadnz/hourly-ipv4,ziyadnz|hourly,2026-08-17T18:48:05Z,2026-08-17T18:48:05Z,
202.9.123.109,ipv4,malicious-ip,medium,WHITE,ziyadnz/hourly-ipv4,ziyadnz|hourly,2026-08-17T18:48:05Z,2026-08-17T18:48:05Z,
202.91.193.1,ipv4,malicious-ip,medium,WHITE,ziyadnz/hourly-ipv4,ziyadnz|hourly,2026-08-17T18:48:05Z,2026-08-17T18:48:05Z,
202.91.32.223,ipv4,malicious-ip,medium,WHITE,ziyadnz/hourly-ipv4,ziyadnz|hourly,2026-08-17T18:48:05Z,2026-08-17T18:48:05Z,
202.92.128.216,ipv4,malicious-ip,medium,WHITE,ziyadnz/hourly-ipv4,ziyadnz|hourly,2026-08-17T18:48:05Z,2026-08-17T18:48:05Z,
202.93.133.140,ipv4,malicious-ip,medium,WHITE,ziyadnz/hourly-ipv4,ziyadnz|hourly,2026-08-17T18:48:05Z,2026-08-17T18:48:05Z,
202.93.133.49,ipv4,malicious-ip,medium,WHITE,ziyadnz/hourly-ipv4,ziyadnz|hourly,2026-08-17T18:48:05Z,2026-08-17T18:48:05Z,
202.93.224.90,ipv4,malicious-ip,medium,WHITE,ziyadnz/hourly-ipv4,ziyadnz|hourly,2026-08-17T18:48:05Z,2026-08-17T18:48:05Z,
202.94.160.55,ipv4,malicious-ip,medium,WHITE,ziyadnz/hourly-ipv4,ziyadnz|hourly,2026-08-17T18:48:05Z,2026-08-17T18:48:05Z,
202.94.66.19,ipv4,malicious-ip,medium,WHITE,ziyadnz/hourly-ipv4,ziyadnz|hourly,2026-08-17T18:48:05Z,2026-08-17T18:48:05Z,
202.95.8.153,ipv4,malicious-ip,medium,WHITE,ziyadnz/hourly-ipv4,ziyadnz|hourly,2026-08-17T18:48:05Z,2026-08-17T18:48:05Z,
202.95.8.47,ipv4,malicious-ip,medium,WHITE,ziyadnz/hourly-ipv4,ziyadnz|hourly,2026-08-17T18:48:05Z,2026-08-17T18:48:05Z,
202.98.252.213,ipv4,malicious-ip,medium,WHITE,ziyadnz/hourly-ipv4,ziyadnz|hourly,2026-08-17T18:48:05Z,2026-08-17T18:48:05Z,
202.98.62.18,ipv4,malicious-ip,medium,WHITE,ziyadnz/hourly-ipv4,ziyadnz|hourly,2026-08-17T18:48:05Z,2026-08-17T18:48:05Z,
202.98.62.60,ipv4,malicious-ip,medium,WHITE,ziyadnz/hourly-ipv4,ziyadnz|hourly,2026-08-17T18:48:05Z,2026-08-17T18:48:05Z,
203.101.174.13,ipv4,malicious-ip,medium,WHITE,ziyadnz/hourly-ipv4,ziyadnz|hourly,2026-08-17T18:48:05Z,2026-08-17T18:48:05Z,
203.101.181.17,ipv4,malicious-ip,medium,WHITE,ziyadnz/hourly-ipv4,ziyadnz|hourly,2026-08-17T18:48:05Z,2026-08-17T18:48:05Z,
203.101.186.0,ipv4,malicious-ip,medium,WHITE,ziyadnz/hourly-ipv4,ziyadnz|hourly,2026-08-17T18:48:05Z,2026-08-17T18:48:05Z,
203.101.186.106,ipv4,malicious-ip,medium,WHITE,ziyadnz/hourly-ipv4,ziyadnz|hourly,2026-08-17T18:48:05Z,2026-08-17T18:48:05Z,
203.101.186.125,ipv4,malicious-ip,medium,WHITE,ziyadnz/hourly-ipv4,ziyadnz|hourly,2026-08-17T18:48:05Z,2026-08-17T18:48:05Z,
203.101.186.139,ipv4,malicious-ip,medium,WHITE,ziyadnz/hourly-ipv4,ziyadnz|hourly,2026-08-17T18:48:05Z,2026-08-17T18:48:05Z,
203.101.186.17,ipv4,malicious-ip,medium,WHITE,ziyadnz/hourly-ipv4,ziyadnz|hourly,2026-08-17T18:48:05Z,2026-08-17T18:48:05Z,
203.101.186.229,ipv4,malicious-ip,medium,WHITE,ziyadnz/hourly-ipv4,ziyadnz|hourly,2026-08-17T18:48:05Z,2026-08-17T18:48:05Z,
203.101.186.49,ipv4,malicious-ip,medium,WHITE,ziyadnz/hourly-ipv4,ziyadnz|hourly,2026-08-17T18:48:05Z,2026-08-17T18:48:05Z,
203.101.186.76,ipv4,malicious-ip,medium,WHITE,ziyadnz/hourly-ipv4,ziyadnz|hourly,2026-08-17T18:48:05Z,2026-08-17T18:48:05Z,
203.101.186.93,ipv4,malicious-ip,medium,WHITE,ziyadnz/hourly-ipv4,ziyadnz|hourly,2026-08-17T18:48:05Z,2026-08-17T18:48:05Z,
203.107.32.162,ipv4,malicious-ip,medium,WHITE,ziyadnz/hourly-ipv4,ziyadnz|hourly,2026-08-17T18:48:05Z,2026-08-17T18:48:05Z,
203.107.40.49,ipv4,malicious-ip,medium,WHITE,ziyadnz/hourly-ipv4,ziyadnz|hourly,2026-08-17T18:48:05Z,2026-08-17T18:48:05Z,
203.109.33.86,ipv4,malicious-ip,medium,WHITE,ziyadnz/hourly-ipv4,ziyadnz|hourly,2026-08-17T18:48:05Z,2026-08-17T18:48:05Z,
203.113.135.254,ipv4,malicious-ip,medium,WHITE,ziyadnz/hourly-ipv4,ziyadnz|hourly,2026-08-17T18:48:05Z,2026-08-17T18:48:05Z,
203.113.174.95,ipv4,malicious-ip,medium,WHITE,ziyadnz/hourly-ipv4,ziyadnz|hourly,2026-08-17T18:48:05Z,2026-08-17T18:48:05Z,
203.115.106.77,ipv4,malicious-ip,medium,WHITE,ziyadnz/hourly-ipv4,ziyadnz|hourly,2026-08-17T18:48:05Z,2026-08-17T18:48:05Z,
203.115.97.236,ipv4,malicious-ip,medium,WHITE,ziyadnz/hourly-ipv4,ziyadnz|hourly,2026-08-17T18:48:05Z,2026-08-17T18:48:05Z,
203.12.202.137,ipv4,malicious-ip,medium,WHITE,ziyadnz/hourly-ipv4,ziyadnz|hourly,2026-08-17T18:48:05Z,2026-08-17T18:48:05Z,
203.121.106.56,ipv4,malicious-ip,medium,WHITE,ziyadnz/hourly-ipv4,ziyadnz|hourly,2026-08-17T18:48:05Z,2026-08-17T18:48:05Z,
203.122.235.143,ipv4,malicious-ip,medium,WHITE,ziyadnz/hourly-ipv4,ziyadnz|hourly,2026-08-17T18:48:05Z,2026-08-17T18:48:05Z,
203.122.31.30,ipv4,malicious-ip,medium,WHITE,ziyadnz/hourly-ipv4,ziyadnz|hourly,2026-08-17T18:48:05Z,2026-08-17T18:48:05Z,
203.122.7.122,ipv4,malicious-ip,medium,WHITE,ziyadnz/hourly-ipv4,ziyadnz|hourly,2026-08-17T18:48:05Z,2026-08-17T18:48:05Z,
203.124.53.78,ipv4,malicious-ip,medium,WHITE,ziyadnz/hourly-ipv4,ziyadnz|hourly,2026-08-17T18:48:05Z,2026-08-17T18:48:05Z,
203.124.60.46,ipv4,malicious-ip,medium,WHITE,ziyadnz/hourly-ipv4,ziyadnz|hourly,2026-08-17T18:48:05Z,2026-08-17T18:48:05Z,
203.128.10.60,ipv4,malicious-ip,medium,WHITE,ziyadnz/hourly-ipv4,ziyadnz|hourly,2026-08-17T18:48:05Z,2026-08-17T18:48:05Z,
203.128.10.74,ipv4,malicious-ip,medium,WHITE,ziyadnz/hourly-ipv4,ziyadnz|hourly,2026-08-17T18:48:05Z,2026-08-17T18:48:05Z,
203.128.29.207,ipv4,malicious-ip,medium,WHITE,ziyadnz/hourly-ipv4,ziyadnz|hourly,2026-08-17T18:48:05Z,2026-08-17T18:48:05Z,
203.128.67.59,ipv4,malicious-ip,medium,WHITE,ziyadnz/hourly-ipv4,ziyadnz|hourly,2026-08-17T18:48:05Z,2026-08-17T18:48:05Z,
203.128.83.106,ipv4,malicious-ip,medium,WHITE,ziyadnz/hourly-ipv4,ziyadnz|hourly,2026-08-17T18:48:05Z,2026-08-17T18:48:05Z,
203.129.206.14,ipv4,malicious-ip,medium,WHITE,ziyadnz/hourly-ipv4,ziyadnz|hourly,2026-08-17T18:48:05Z,2026-08-17T18:48:05Z,
203.130.0.71,ipv4,malicious-ip,medium,WHITE,ziyadnz/hourly-ipv4,ziyadnz|hourly,2026-08-17T18:48:05Z,2026-08-17T18:48:05Z,
203.130.0.93,ipv4,malicious-ip,medium,WHITE,ziyadnz/hourly-ipv4,ziyadnz|hourly,2026-08-17T18:48:05Z,2026-08-17T18:48:05Z,
203.130.15.14,ipv4,malicious-ip,medium,WHITE,ziyadnz/hourly-ipv4,ziyadnz|hourly,2026-08-17T18:48:05Z,2026-08-17T18:48:05Z,
203.130.16.60,ipv4,malicious-ip,medium,WHITE,ziyadnz/hourly-ipv4,ziyadnz|hourly,2026-08-17T18:48:05Z,2026-08-17T18:48:05Z,
203.130.24.42,ipv4,malicious-ip,medium,WHITE,ziyadnz/hourly-ipv4,ziyadnz|hourly,2026-08-17T18:48:05Z,2026-08-17T18:48:05Z,
203.130.30.166,ipv4,malicious-ip,medium,WHITE,ziyadnz/hourly-ipv4,ziyadnz|hourly,2026-08-17T18:48:05Z,2026-08-17T18:48:05Z,
203.131.215.35,ipv4,malicious-ip,medium,WHITE,ziyadnz/hourly-ipv4,ziyadnz|hourly,2026-08-17T18:48:05Z,2026-08-17T18:48:05Z,
203.132.56.55,ipv4,malicious-ip,medium,WHITE,ziyadnz/hourly-ipv4,ziyadnz|hourly,2026-08-17T18:48:05Z,2026-08-17T18:48:05Z,
203.132.57.121,ipv4,malicious-ip,medium,WHITE,ziyadnz/hourly-ipv4,ziyadnz|hourly,2026-08-17T18:48:05Z,2026-08-17T18:48:05Z,
203.132.57.50,ipv4,malicious-ip,medium,WHITE,ziyadnz/hourly-ipv4,ziyadnz|hourly,2026-08-17T18:48:05Z,2026-08-17T18:48:05Z,
203.132.58.35,ipv4,malicious-ip,medium,WHITE,ziyadnz/hourly-ipv4,ziyadnz|hourly,2026-08-17T18:48:05Z,2026-08-17T18:48:05Z,
203.132.60.173,ipv4,malicious-ip,medium,WHITE,ziyadnz/hourly-ipv4,ziyadnz|hourly,2026-08-17T18:48:05Z,2026-08-17T18:48:05Z,
203.132.60.215,ipv4,malicious-ip,medium,WHITE,ziyadnz/hourly-ipv4,ziyadnz|hourly,2026-08-17T18:48:05Z,2026-08-17T18:48:05Z,
203.132.61.69,ipv4,malicious-ip,medium,WHITE,ziyadnz/hourly-ipv4,ziyadnz|hourly,2026-08-17T18:48:05Z,2026-08-17T18:48:05Z,
203.132.62.24,ipv4,malicious-ip,medium,WHITE,ziyadnz/hourly-ipv4,ziyadnz|hourly,2026-08-17T18:48:05Z,2026-08-17T18:48:05Z,
203.135.22.77,ipv4,malicious-ip,medium,WHITE,ziyadnz/hourly-ipv4,ziyadnz|hourly,2026-08-17T18:48:05Z,2026-08-17T18:48:05Z,
203.135.5.182,ipv4,malicious-ip,medium,WHITE,ziyadnz/hourly-ipv4,ziyadnz|hourly,2026-08-17T18:48:05Z,2026-08-17T18:48:05Z,
203.142.160.143,ipv4,malicious-ip,medium,WHITE,ziyadnz/hourly-ipv4,ziyadnz|hourly,2026-08-17T18:48:05Z,2026-08-17T18:48:05Z,
203.142.72.194,ipv4,malicious-ip,medium,WHITE,ziyadnz/hourly-ipv4,ziyadnz|hourly,2026-08-17T18:48:05Z,2026-08-17T18:48:05Z,
203.144.73.184,ipv4,malicious-ip,medium,WHITE,ziyadnz/hourly-ipv4,ziyadnz|hourly,2026-08-17T18:48:05Z,2026-08-17T18:48:05Z,
203.144.81.216,ipv4,malicious-ip,medium,WHITE,ziyadnz/hourly-ipv4,ziyadnz|hourly,2026-08-17T18:48:05Z,2026-08-17T18:48:05Z,
203.145.34.165,ipv4,malicious-ip,medium,WHITE,ziyadnz/hourly-ipv4,ziyadnz|hourly,2026-08-17T18:48:05Z,2026-08-17T18:48:05Z,
203.145.34.182,ipv4,malicious-ip,medium,WHITE,ziyadnz/hourly-ipv4,ziyadnz|hourly,2026-08-17T18:48:05Z,2026-08-17T18:48:05Z,
203.145.34.222,ipv4,malicious-ip,medium,WHITE,ziyadnz/hourly-ipv4,ziyadnz|hourly,2026-08-17T18:48:05Z,2026-08-17T18:48:05Z,
203.145.34.78,ipv4,malicious-ip,medium,WHITE,ziyadnz/hourly-ipv4,ziyadnz|hourly,2026-08-17T18:48:05Z,2026-08-17T18:48:05Z,
203.146.102.94,ipv4,malicious-ip,medium,WHITE,ziyadnz/hourly-ipv4,ziyadnz|hourly,2026-08-17T18:48:05Z,2026-08-17T18:48:05Z,
203.146.129.235,ipv4,malicious-ip,medium,WHITE,ziyadnz/hourly-ipv4,ziyadnz|hourly,2026-08-17T18:48:05Z,2026-08-17T18:48:05Z,
203.148.84.214,ipv4,malicious-ip,medium,WHITE,ziyadnz/hourly-ipv4,ziyadnz|hourly,2026-08-17T18:48:05Z,2026-08-17T18:48:05Z,
203.150.132.230,ipv4,malicious-ip,medium,WHITE,ziyadnz/hourly-ipv4,ziyadnz|hourly,2026-08-17T18:48:05Z,2026-08-17T18:48:05Z,
203.150.140.41,ipv4,malicious-ip,medium,WHITE,ziyadnz/hourly-ipv4,ziyadnz|hourly,2026-08-17T18:48:05Z,2026-08-17T18:48:05Z,
203.150.55.189,ipv4,malicious-ip,medium,WHITE,ziyadnz/hourly-ipv4,ziyadnz|hourly,2026-08-17T18:48:05Z,2026-08-17T18:48:05Z,
203.151.27.181,ipv4,malicious-ip,medium,WHITE,ziyadnz/hourly-ipv4,ziyadnz|hourly,2026-08-17T18:48:05Z,2026-08-17T18:48:05Z,
203.151.97.26,ipv4,malicious-ip,medium,WHITE,ziyadnz/hourly-ipv4,ziyadnz|hourly,2026-08-17T18:48:05Z,2026-08-17T18:48:05Z,
203.155.253.244,ipv4,malicious-ip,medium,WHITE,ziyadnz/hourly-ipv4,ziyadnz|hourly,2026-08-17T18:48:05Z,2026-08-17T18:48:05Z,
203.155.38.172,ipv4,malicious-ip,medium,WHITE,ziyadnz/hourly-ipv4,ziyadnz|hourly,2026-08-17T18:48:05Z,2026-08-17T18:48:05Z,
203.156.108.68,ipv4,malicious-ip,medium,WHITE,ziyadnz/hourly-ipv4,ziyadnz|hourly,2026-08-17T18:48:05Z,2026-08-17T18:48:05Z,
203.156.216.10,ipv4,malicious-ip,medium,WHITE,ziyadnz/hourly-ipv4,ziyadnz|hourly,2026-08-17T18:48:05Z,2026-08-17T18:48:05Z,
203.156.243.142,ipv4,malicious-ip,medium,WHITE,ziyadnz/hourly-ipv4,ziyadnz|hourly,2026-08-17T18:48:05Z,2026-08-17T18:48:05Z,
203.159.251.212,ipv4,malicious-ip,medium,WHITE,ziyadnz/hourly-ipv4,ziyadnz|hourly,2026-08-17T18:48:05Z,2026-08-17T18:48:05Z,
203.159.90.217,ipv4,malicious-ip,medium,WHITE,ziyadnz/hourly-ipv4,ziyadnz|hourly,2026-08-17T18:48:05Z,2026-08-17T18:48:05Z,
203.159.90.218,ipv4,malicious-ip,medium,WHITE,ziyadnz/hourly-ipv4,ziyadnz|hourly,2026-08-17T18:48:05Z,2026-08-17T18:48:05Z,
203.160.68.12,ipv4,malicious-ip,medium,WHITE,ziyadnz/hourly-ipv4,ziyadnz|hourly,2026-08-17T18:48:05Z,2026-08-17T18:48:05Z,
203.161.38.233,ipv4,malicious-ip,medium,WHITE,ziyadnz/hourly-ipv4,ziyadnz|hourly,2026-08-17T18:48:05Z,2026-08-17T18:48:05Z,
203.161.47.0,ipv4,malicious-ip,medium,WHITE,ziyadnz/hourly-ipv4,ziyadnz|hourly,2026-08-17T18:48:05Z,2026-08-17T18:48:05Z,
203.161.47.180,ipv4,malicious-ip,medium,WHITE,ziyadnz/hourly-ipv4,ziyadnz|hourly,2026-08-17T18:48:05Z,2026-08-17T18:48:05Z,
203.161.47.229,ipv4,malicious-ip,medium,WHITE,ziyadnz/hourly-ipv4,ziyadnz|hourly,2026-08-17T18:48:05Z,2026-08-17T18:48:05Z,
203.161.47.246,ipv4,malicious-ip,medium,WHITE,ziyadnz/hourly-ipv4,ziyadnz|hourly,2026-08-17T18:48:05Z,2026-08-17T18:48:05Z,
203.161.47.25,ipv4,malicious-ip,medium,WHITE,ziyadnz/hourly-ipv4,ziyadnz|hourly,2026-08-17T18:48:05Z,2026-08-17T18:48:05Z,
203.161.47.30,ipv4,malicious-ip,medium,WHITE,ziyadnz/hourly-ipv4,ziyadnz|hourly,2026-08-17T18:48:05Z,2026-08-17T18:48:05Z,
203.161.47.94,ipv4,malicious-ip,medium,WHITE,ziyadnz/hourly-ipv4,ziyadnz|hourly,2026-08-17T18:48:05Z,2026-08-17T18:48:05Z,
203.161.50.145,ipv4,malicious-ip,medium,WHITE,ziyadnz/hourly-ipv4,ziyadnz|hourly,2026-08-17T18:48:05Z,2026-08-17T18:48:05Z,
203.161.56.226,ipv4,malicious-ip,medium,WHITE,ziyadnz/hourly-ipv4,ziyadnz|hourly,2026-08-17T18:48:05Z,2026-08-17T18:48:05Z,
203.161.57.229,ipv4,malicious-ip,medium,WHITE,ziyadnz/hourly-ipv4,ziyadnz|hourly,2026-08-17T18:48:05Z,2026-08-17T18:48:05Z,
203.163.232.64,ipv4,malicious-ip,medium,WHITE,ziyadnz/hourly-ipv4,ziyadnz|hourly,2026-08-17T18:48:05Z,2026-08-17T18:48:05Z,
203.167.14.7,ipv4,malicious-ip,medium,WHITE,ziyadnz/hourly-ipv4,ziyadnz|hourly,2026-08-17T18:48:05Z,2026-08-17T18:48:05Z,
203.171.29.193,ipv4,malicious-ip,medium,WHITE,ziyadnz/hourly-ipv4,ziyadnz|hourly,2026-08-17T18:48:05Z,2026-08-17T18:48:05Z,
203.172.133.106,ipv4,malicious-ip,medium,WHITE,ziyadnz/hourly-ipv4,ziyadnz|hourly,2026-08-17T18:48:05Z,2026-08-17T18:48:05Z,
203.172.186.51,ipv4,malicious-ip,medium,WHITE,ziyadnz/hourly-ipv4,ziyadnz|hourly,2026-08-17T18:48:05Z,2026-08-17T18:48:05Z,
203.175.125.130,ipv4,malicious-ip,medium,WHITE,ziyadnz/hourly-ipv4,ziyadnz|hourly,2026-08-17T18:48:05Z,2026-08-17T18:48:05Z,
203.175.125.146,ipv4,malicious-ip,medium,WHITE,ziyadnz/hourly-ipv4,ziyadnz|hourly,2026-08-17T18:48:05Z,2026-08-17T18:48:05Z,
203.175.74.145,ipv4,malicious-ip,medium,WHITE,ziyadnz/hourly-ipv4,ziyadnz|hourly,2026-08-17T18:48:05Z,2026-08-17T18:48:05Z,
203.176.136.42,ipv4,malicious-ip,medium,WHITE,ziyadnz/hourly-ipv4,ziyadnz|hourly,2026-08-17T18:48:05Z,2026-08-17T18:48:05Z,
203.177.0.101,ipv4,malicious-ip,medium,WHITE,ziyadnz/hourly-ipv4,ziyadnz|hourly,2026-08-17T18:48:05Z,2026-08-17T18:48:05Z,
203.177.11.77,ipv4,malicious-ip,medium,WHITE,ziyadnz/hourly-ipv4,ziyadnz|hourly,2026-08-17T18:48:05Z,2026-08-17T18:48:05Z,
203.177.158.108,ipv4,malicious-ip,medium,WHITE,ziyadnz/hourly-ipv4,ziyadnz|hourly,2026-08-17T18:48:05Z,2026-08-17T18:48:05Z,
203.185.191.52,ipv4,malicious-ip,medium,WHITE,ziyadnz/hourly-ipv4,ziyadnz|hourly,2026-08-17T18:48:05Z,2026-08-17T18:48:05Z,
203.185.198.246,ipv4,malicious-ip,medium,WHITE,ziyadnz/hourly-ipv4,ziyadnz|hourly,2026-08-17T18:48:05Z,2026-08-17T18:48:05Z,
203.186.124.210,ipv4,malicious-ip,medium,WHITE,ziyadnz/hourly-ipv4,ziyadnz|hourly,2026-08-17T18:48:05Z,2026-08-17T18:48:05Z,
203.186.60.250,ipv4,malicious-ip,medium,WHITE,ziyadnz/hourly-ipv4,ziyadnz|hourly,2026-08-17T18:48:05Z,2026-08-17T18:48:05Z,
203.187.228.158,ipv4,malicious-ip,medium,WHITE,ziyadnz/hourly-ipv4,ziyadnz|hourly,2026-08-17T18:48:05Z,2026-08-17T18:48:05Z,
203.188.171.156,ipv4,malicious-ip,medium,WHITE,ziyadnz/hourly-ipv4,ziyadnz|hourly,2026-08-17T18:48:05Z,2026-08-17T18:48:05Z,
203.188.171.53,ipv4,malicious-ip,medium,WHITE,ziyadnz/hourly-ipv4,ziyadnz|hourly,2026-08-17T18:48:05Z,2026-08-17T18:48:05Z,
203.188.244.60,ipv4,malicious-ip,medium,WHITE,ziyadnz/hourly-ipv4,ziyadnz|hourly,2026-08-17T18:48:05Z,2026-08-17T18:48:05Z,
203.189.116.94,ipv4,malicious-ip,medium,WHITE,ziyadnz/hourly-ipv4,ziyadnz|hourly,2026-08-17T18:48:05Z,2026-08-17T18:48:05Z,
203.189.150.102,ipv4,malicious-ip,medium,WHITE,ziyadnz/hourly-ipv4,ziyadnz|hourly,2026-08-17T18:48:05Z,2026-08-17T18:48:05Z,
203.189.188.218,ipv4,malicious-ip,medium,WHITE,ziyadnz/hourly-ipv4,ziyadnz|hourly,2026-08-17T18:48:05Z,2026-08-17T18:48:05Z,
203.189.195.8,ipv4,malicious-ip,medium,WHITE,ziyadnz/hourly-ipv4,ziyadnz|hourly,2026-08-17T18:48:05Z,2026-08-17T18:48:05Z,
203.189.238.81,ipv4,malicious-ip,medium,WHITE,ziyadnz/hourly-ipv4,ziyadnz|hourly,2026-08-17T18:48:05Z,2026-08-17T18:48:05Z,
203.190.55.94,ipv4,malicious-ip,medium,WHITE,ziyadnz/hourly-ipv4,ziyadnz|hourly,2026-08-17T18:48:05Z,2026-08-17T18:48:05Z,
203.192.202.21,ipv4,malicious-ip,medium,WHITE,ziyadnz/hourly-ipv4,ziyadnz|hourly,2026-08-17T18:48:05Z,2026-08-17T18:48:05Z,
203.192.210.112,ipv4,malicious-ip,medium,WHITE,ziyadnz/hourly-ipv4,ziyadnz|hourly,2026-08-17T18:48:05Z,2026-08-17T18:48:05Z,
203.192.213.68,ipv4,malicious-ip,medium,WHITE,ziyadnz/hourly-ipv4,ziyadnz|hourly,2026-08-17T18:48:05Z,2026-08-17T18:48:05Z,
203.192.221.31,ipv4,malicious-ip,medium,WHITE,ziyadnz/hourly-ipv4,ziyadnz|hourly,2026-08-17T18:48:05Z,2026-08-17T18:48:05Z,
203.192.224.97,ipv4,malicious-ip,medium,WHITE,ziyadnz/hourly-ipv4,ziyadnz|hourly,2026-08-17T18:48:05Z,2026-08-17T18:48:05Z,
203.192.227.0,ipv4,malicious-ip,medium,WHITE,ziyadnz/hourly-ipv4,ziyadnz|hourly,2026-08-17T18:48:05Z,2026-08-17T18:48:05Z,
203.192.227.119,ipv4,malicious-ip,medium,WHITE,ziyadnz/hourly-ipv4,ziyadnz|hourly,2026-08-17T18:48:05Z,2026-08-17T18:48:05Z,
203.192.227.120,ipv4,malicious-ip,medium,WHITE,ziyadnz/hourly-ipv4,ziyadnz|hourly,2026-08-17T18:48:05Z,2026-08-17T18:48:05Z,
203.192.227.17,ipv4,malicious-ip,medium,WHITE,ziyadnz/hourly-ipv4,ziyadnz|hourly,2026-08-17T18:48:05Z,2026-08-17T18:48:05Z,
203.192.227.203,ipv4,malicious-ip,medium,WHITE,ziyadnz/hourly-ipv4,ziyadnz|hourly,2026-08-17T18:48:05Z,2026-08-17T18:48:05Z,
203.192.227.213,ipv4,malicious-ip,medium,WHITE,ziyadnz/hourly-ipv4,ziyadnz|hourly,2026-08-17T18:48:05Z,2026-08-17T18:48:05Z,
203.192.227.218,ipv4,malicious-ip,medium,WHITE,ziyadnz/hourly-ipv4,ziyadnz|hourly,2026-08-17T18:48:05Z,2026-08-17T18:48:05Z,
203.192.227.241,ipv4,malicious-ip,medium,WHITE,ziyadnz/hourly-ipv4,ziyadnz|hourly,2026-08-17T18:48:05Z,2026-08-17T18:48:05Z,
203.192.249.105,ipv4,malicious-ip,medium,WHITE,ziyadnz/hourly-ipv4,ziyadnz|hourly,2026-08-17T18:48:05Z,2026-08-17T18:48:05Z,
203.192.249.106,ipv4,malicious-ip,medium,WHITE,ziyadnz/hourly-ipv4,ziyadnz|hourly,2026-08-17T18:48:05Z,2026-08-17T18:48:05Z,
203.192.249.107,ipv4,malicious-ip,medium,WHITE,ziyadnz/hourly-ipv4,ziyadnz|hourly,2026-08-17T18:48:05Z,2026-08-17T18:48:05Z,
203.192.252.21,ipv4,malicious-ip,medium,WHITE,ziyadnz/hourly-ipv4,ziyadnz|hourly,2026-08-17T18:48:05Z,2026-08-17T18:48:05Z,
203.193.147.37,ipv4,malicious-ip,medium,WHITE,ziyadnz/hourly-ipv4,ziyadnz|hourly,2026-08-17T18:48:05Z,2026-08-17T18:48:05Z,
203.193.147.75,ipv4,malicious-ip,medium,WHITE,ziyadnz/hourly-ipv4,ziyadnz|hourly,2026-08-17T18:48:05Z,2026-08-17T18:48:05Z,
203.193.150.244,ipv4,malicious-ip,medium,WHITE,ziyadnz/hourly-ipv4,ziyadnz|hourly,2026-08-17T18:48:05Z,2026-08-17T18:48:05Z,
203.193.173.205,ipv4,malicious-ip,medium,WHITE,ziyadnz/hourly-ipv4,ziyadnz|hourly,2026-08-17T18:48:05Z,2026-08-17T18:48:05Z,
203.194.107.138,ipv4,malicious-ip,medium,WHITE,ziyadnz/hourly-ipv4,ziyadnz|hourly,2026-08-17T18:48:05Z,2026-08-17T18:48:05Z,
203.194.110.245,ipv4,malicious-ip,medium,WHITE,ziyadnz/hourly-ipv4,ziyadnz|hourly,2026-08-17T18:48:05Z,2026-08-17T18:48:05Z,
203.194.96.161,ipv4,malicious-ip,medium,WHITE,ziyadnz/hourly-ipv4,ziyadnz|hourly,2026-08-17T18:48:05Z,2026-08-17T18:48:05Z,
203.194.96.215,ipv4,malicious-ip,medium,WHITE,ziyadnz/hourly-ipv4,ziyadnz|hourly,2026-08-17T18:48:05Z,2026-08-17T18:48:05Z,
203.195.217.83,ipv4,malicious-ip,medium,WHITE,ziyadnz/hourly-ipv4,ziyadnz|hourly,2026-08-17T18:48:05Z,2026-08-17T18:48:05Z,
203.195.82.4,ipv4,malicious-ip,medium,WHITE,ziyadnz/hourly-ipv4,ziyadnz|hourly,2026-08-17T18:48:05Z,2026-08-17T18:48:05Z,
203.195.94.81,ipv4,malicious-ip,medium,WHITE,ziyadnz/hourly-ipv4,ziyadnz|hourly,2026-08-17T18:48:05Z,2026-08-17T18:48:05Z,
203.196.42.114,ipv4,malicious-ip,medium,WHITE,ziyadnz/hourly-ipv4,ziyadnz|hourly,2026-08-17T18:48:05Z,2026-08-17T18:48:05Z,
203.198.173.137,ipv4,malicious-ip,medium,WHITE,ziyadnz/hourly-ipv4,ziyadnz|hourly,2026-08-17T18:48:05Z,2026-08-17T18:48:05Z,
203.2.112.125,ipv4,malicious-ip,medium,WHITE,ziyadnz/hourly-ipv4,ziyadnz|hourly,2026-08-17T18:48:05Z,2026-08-17T18:48:05Z,
203.2.112.183,ipv4,malicious-ip,medium,WHITE,ziyadnz/hourly-ipv4,ziyadnz|hourly,2026-08-17T18:48:05Z,2026-08-17T18:48:05Z,
203.2.112.241,ipv4,malicious-ip,medium,WHITE,ziyadnz/hourly-ipv4,ziyadnz|hourly,2026-08-17T18:48:05Z,2026-08-17T18:48:05Z,
203.2.112.33,ipv4,malicious-ip,medium,WHITE,ziyadnz/hourly-ipv4,ziyadnz|hourly,2026-08-17T18:48:05Z,2026-08-17T18:48:05Z,
203.2.114.122,ipv4,malicious-ip,medium,WHITE,ziyadnz/hourly-ipv4,ziyadnz|hourly,2026-08-17T18:48:05Z,2026-08-17T18:48:05Z,
203.2.114.29,ipv4,malicious-ip,medium,WHITE,ziyadnz/hourly-ipv4,ziyadnz|hourly,2026-08-17T18:48:05Z,2026-08-17T18:48:05Z,
203.2.115.107,ipv4,malicious-ip,medium,WHITE,ziyadnz/hourly-ipv4,ziyadnz|hourly,2026-08-17T18:48:05Z,2026-08-17T18:48:05Z,
203.2.164.205,ipv4,malicious-ip,medium,WHITE,ziyadnz/hourly-ipv4,ziyadnz|hourly,2026-08-17T18:48:05Z,2026-08-17T18:48:05Z,
203.20.113.208,ipv4,malicious-ip,medium,WHITE,ziyadnz/hourly-ipv4,ziyadnz|hourly,2026-08-17T18:48:05Z,2026-08-17T18:48:05Z,
203.200.74.18,ipv4,malicious-ip,medium,WHITE,ziyadnz/hourly-ipv4,ziyadnz|hourly,2026-08-17T18:48:05Z,2026-08-17T18:48:05Z,
203.202.232.160,ipv4,malicious-ip,medium,WHITE,ziyadnz/hourly-ipv4,ziyadnz|hourly,2026-08-17T18:48:05Z,2026-08-17T18:48:05Z,
203.202.232.179,ipv4,malicious-ip,medium,WHITE,ziyadnz/hourly-ipv4,ziyadnz|hourly,2026-08-17T18:48:05Z,2026-08-17T18:48:05Z,
203.202.242.45,ipv4,malicious-ip,medium,WHITE,ziyadnz/hourly-ipv4,ziyadnz|hourly,2026-08-17T18:48:05Z,2026-08-17T18:48:05Z,
203.203.33.156,ipv4,malicious-ip,medium,WHITE,ziyadnz/hourly-ipv4,ziyadnz|hourly,2026-08-17T18:48:05Z,2026-08-17T18:48:05Z,
203.203.86.117,ipv4,malicious-ip,medium,WHITE,ziyadnz/hourly-ipv4,ziyadnz|hourly,2026-08-17T18:48:05Z,2026-08-17T18:48:05Z,
203.205.34.73,ipv4,malicious-ip,medium,WHITE,ziyadnz/hourly-ipv4,ziyadnz|hourly,2026-08-17T18:48:05Z,2026-08-17T18:48:05Z,
203.206.188.109,ipv4,malicious-ip,medium,WHITE,ziyadnz/hourly-ipv4,ziyadnz|hourly,2026-08-17T18:48:05Z,2026-08-17T18:48:05Z,
203.209.181.60,ipv4,malicious-ip,medium,WHITE,ziyadnz/hourly-ipv4,ziyadnz|hourly,2026-08-17T18:48:05Z,2026-08-17T18:48:05Z,
203.210.219.105,ipv4,malicious-ip,medium,WHITE,ziyadnz/hourly-ipv4,ziyadnz|hourly,2026-08-17T18:48:05Z,2026-08-17T18:48:05Z,
203.210.240.63,ipv4,malicious-ip,medium,WHITE,ziyadnz/hourly-ipv4,ziyadnz|hourly,2026-08-17T18:48:05Z,2026-08-17T18:48:05Z,
203.212.200.101,ipv4,malicious-ip,medium,WHITE,ziyadnz/hourly-ipv4,ziyadnz|hourly,2026-08-17T18:48:05Z,2026-08-17T18:48:05Z,
203.212.241.89,ipv4,malicious-ip,medium,WHITE,ziyadnz/hourly-ipv4,ziyadnz|hourly,2026-08-17T18:48:05Z,2026-08-17T18:48:05Z,
203.212.246.22,ipv4,malicious-ip,medium,WHITE,ziyadnz/hourly-ipv4,ziyadnz|hourly,2026-08-17T18:48:05Z,2026-08-17T18:48:05Z,
203.212.9.221,ipv4,malicious-ip,medium,WHITE,ziyadnz/hourly-ipv4,ziyadnz|hourly,2026-08-17T18:48:05Z,2026-08-17T18:48:05Z,
203.212.9.248,ipv4,malicious-ip,medium,WHITE,ziyadnz/hourly-ipv4,ziyadnz|hourly,2026-08-17T18:48:05Z,2026-08-17T18:48:05Z,
203.213.93.116,ipv4,malicious-ip,medium,WHITE,ziyadnz/hourly-ipv4,ziyadnz|hourly,2026-08-17T18:48:05Z,2026-08-17T18:48:05Z,
203.215.174.223,ipv4,malicious-ip,medium,WHITE,ziyadnz/hourly-ipv4,ziyadnz|hourly,2026-08-17T18:48:05Z,2026-08-17T18:48:05Z,
203.223.190.48,ipv4,malicious-ip,medium,WHITE,ziyadnz/hourly-ipv4,ziyadnz|hourly,2026-08-17T18:48:05Z,2026-08-17T18:48:05Z,
203.223.191.215,ipv4,malicious-ip,medium,WHITE,ziyadnz/hourly-ipv4,ziyadnz|hourly,2026-08-17T18:48:05Z,2026-08-17T18:48:05Z,
203.228.30.198,ipv4,malicious-ip,medium,WHITE,ziyadnz/hourly-ipv4,ziyadnz|hourly,2026-08-17T18:48:05Z,2026-08-17T18:48:05Z,
203.23.128.43,ipv4,malicious-ip,medium,WHITE,ziyadnz/hourly-ipv4,ziyadnz|hourly,2026-08-17T18:48:05Z,2026-08-17T18:48:05Z,
203.23.179.22,ipv4,malicious-ip,medium,WHITE,ziyadnz/hourly-ipv4,ziyadnz|hourly,2026-08-17T18:48:05Z,2026-08-17T18:48:05Z,
203.23.179.51,ipv4,malicious-ip,medium,WHITE,ziyadnz/hourly-ipv4,ziyadnz|hourly,2026-08-17T18:48:05Z,2026-08-17T18:48:05Z,
203.23.199.87,ipv4,malicious-ip,medium,WHITE,ziyadnz/hourly-ipv4,ziyadnz|hourly,2026-08-17T18:48:05Z,2026-08-17T18:48:05Z,
203.23.199.88,ipv4,malicious-ip,medium,WHITE,ziyadnz/hourly-ipv4,ziyadnz|hourly,2026-08-17T18:48:05Z,2026-08-17T18:48:05Z,
203.23.49.220,ipv4,malicious-ip,medium,WHITE,ziyadnz/hourly-ipv4,ziyadnz|hourly,2026-08-17T18:48:05Z,2026-08-17T18:48:05Z,
203.23.49.77,ipv4,malicious-ip,medium,WHITE,ziyadnz/hourly-ipv4,ziyadnz|hourly,2026-08-17T18:48:05Z,2026-08-17T18:48:05Z,
203.236.109.13,ipv4,malicious-ip,medium,WHITE,ziyadnz/hourly-ipv4,ziyadnz|hourly,2026-08-17T18:48:05Z,2026-08-17T18:48:05Z,
203.247.143.193,ipv4,malicious-ip,medium,WHITE,ziyadnz/hourly-ipv4,ziyadnz|hourly,2026-08-17T18:48:05Z,2026-08-17T18:48:05Z,
203.25.108.75,ipv4,malicious-ip,medium,WHITE,ziyadnz/hourly-ipv4,ziyadnz|hourly,2026-08-17T18:48:05Z,2026-08-17T18:48:05Z,
203.25.208.145,ipv4,malicious-ip,medium,WHITE,ziyadnz/hourly-ipv4,ziyadnz|hourly,2026-08-17T18:48:05Z,2026-08-17T18:48:05Z,
203.25.212.194,ipv4,malicious-ip,medium,WHITE,ziyadnz/hourly-ipv4,ziyadnz|hourly,2026-08-17T18:48:05Z,2026-08-17T18:48:05Z,
203.25.221.167,ipv4,malicious-ip,medium,WHITE,ziyadnz/hourly-ipv4,ziyadnz|hourly,2026-08-17T18:48:05Z,2026-08-17T18:48:05Z,
203.28.246.189,ipv4,malicious-ip,medium,WHITE,ziyadnz/hourly-ipv4,ziyadnz|hourly,2026-08-17T18:48:05Z,2026-08-17T18:48:05Z,
203.29.27.10,ipv4,malicious-ip,medium,WHITE,ziyadnz/hourly-ipv4,ziyadnz|hourly,2026-08-17T18:48:05Z,2026-08-17T18:48:05Z,
203.3.112.46,ipv4,malicious-ip,medium,WHITE,ziyadnz/hourly-ipv4,ziyadnz|hourly,2026-08-17T18:48:05Z,2026-08-17T18:48:05Z,
203.3.114.90,ipv4,malicious-ip,medium,WHITE,ziyadnz/hourly-ipv4,ziyadnz|hourly,2026-08-17T18:48:05Z,2026-08-17T18:48:05Z,
203.30.237.34,ipv4,malicious-ip,medium,WHITE,ziyadnz/hourly-ipv4,ziyadnz|hourly,2026-08-17T18:48:05Z,2026-08-17T18:48:05Z,
203.32.69.151,ipv4,malicious-ip,medium,WHITE,ziyadnz/hourly-ipv4,ziyadnz|hourly,2026-08-17T18:48:05Z,2026-08-17T18:48:05Z,
203.32.69.183,ipv4,malicious-ip,medium,WHITE,ziyadnz/hourly-ipv4,ziyadnz|hourly,2026-08-17T18:48:05Z,2026-08-17T18:48:05Z,
203.33.63.128,ipv4,malicious-ip,medium,WHITE,ziyadnz/hourly-ipv4,ziyadnz|hourly,2026-08-17T18:48:05Z,2026-08-17T18:48:05Z,
203.40.21.98,ipv4,malicious-ip,medium,WHITE,ziyadnz/hourly-ipv4,ziyadnz|hourly,2026-08-17T18:48:05Z,2026-08-17T18:48:05Z,
203.54.163.166,ipv4,malicious-ip,medium,WHITE,ziyadnz/hourly-ipv4,ziyadnz|hourly,2026-08-17T18:48:05Z,2026-08-17T18:48:05Z,
203.55.131.3,ipv4,malicious-ip,medium,WHITE,ziyadnz/hourly-ipv4,ziyadnz|hourly,2026-08-17T18:48:05Z,2026-08-17T18:48:05Z,
203.55.131.4,ipv4,malicious-ip,medium,WHITE,ziyadnz/hourly-ipv4,ziyadnz|hourly,2026-08-17T18:48:05Z,2026-08-17T18:48:05Z,
203.55.221.42,ipv4,malicious-ip,medium,WHITE,ziyadnz/hourly-ipv4,ziyadnz|hourly,2026-08-17T18:48:05Z,2026-08-17T18:48:05Z,
203.55.224.216,ipv4,malicious-ip,medium,WHITE,ziyadnz/hourly-ipv4,ziyadnz|hourly,2026-08-17T18:48:05Z,2026-08-17T18:48:05Z,
203.55.81.1,ipv4,malicious-ip,medium,WHITE,ziyadnz/hourly-ipv4,ziyadnz|hourly,2026-08-17T18:48:05Z,2026-08-17T18:48:05Z,
203.55.81.2,ipv4,malicious-ip,medium,WHITE,ziyadnz/hourly-ipv4,ziyadnz|hourly,2026-08-17T18:48:05Z,2026-08-17T18:48:05Z,
203.57.254.41,ipv4,malicious-ip,medium,WHITE,ziyadnz/hourly-ipv4,ziyadnz|hourly,2026-08-17T18:48:05Z,2026-08-17T18:48:05Z,
203.6.210.250,ipv4,malicious-ip,medium,WHITE,ziyadnz/hourly-ipv4,ziyadnz|hourly,2026-08-17T18:48:05Z,2026-08-17T18:48:05Z,
203.6.235.111,ipv4,malicious-ip,medium,WHITE,ziyadnz/hourly-ipv4,ziyadnz|hourly,2026-08-17T18:48:05Z,2026-08-17T18:48:05Z,
203.6.235.51,ipv4,malicious-ip,medium,WHITE,ziyadnz/hourly-ipv4,ziyadnz|hourly,2026-08-17T18:48:05Z,2026-08-17T18:48:05Z,
203.69.6.123,ipv4,malicious-ip,medium,WHITE,ziyadnz/hourly-ipv4,ziyadnz|hourly,2026-08-17T18:48:05Z,2026-08-17T18:48:05Z,
203.70.224.79,ipv4,malicious-ip,medium,WHITE,ziyadnz/hourly-ipv4,ziyadnz|hourly,2026-08-17T18:48:05Z,2026-08-17T18:48:05Z,
203.75.170.63,ipv4,malicious-ip,medium,WHITE,ziyadnz/hourly-ipv4,ziyadnz|hourly,2026-08-17T18:48:05Z,2026-08-17T18:48:05Z,
203.76.150.225,ipv4,malicious-ip,medium,WHITE,ziyadnz/hourly-ipv4,ziyadnz|hourly,2026-08-17T18:48:05Z,2026-08-17T18:48:05Z,
203.78.128.148,ipv4,malicious-ip,medium,WHITE,ziyadnz/hourly-ipv4,ziyadnz|hourly,2026-08-17T18:48:05Z,2026-08-17T18:48:05Z,
203.81.238.86,ipv4,malicious-ip,medium,WHITE,ziyadnz/hourly-ipv4,ziyadnz|hourly,2026-08-17T18:48:05Z,2026-08-17T18:48:05Z,
203.83.11.0,ipv4,malicious-ip,medium,WHITE,ziyadnz/hourly-ipv4,ziyadnz|hourly,2026-08-17T18:48:05Z,2026-08-17T18:48:05Z,
203.83.11.126,ipv4,malicious-ip,medium,WHITE,ziyadnz/hourly-ipv4,ziyadnz|hourly,2026-08-17T18:48:05Z,2026-08-17T18:48:05Z,
203.83.11.156,ipv4,malicious-ip,medium,WHITE,ziyadnz/hourly-ipv4,ziyadnz|hourly,2026-08-17T18:48:05Z,2026-08-17T18:48:05Z,
203.83.11.160,ipv4,malicious-ip,medium,WHITE,ziyadnz/hourly-ipv4,ziyadnz|hourly,2026-08-17T18:48:05Z,2026-08-17T18:48:05Z,
203.83.11.202,ipv4,malicious-ip,medium,WHITE,ziyadnz/hourly-ipv4,ziyadnz|hourly,2026-08-17T18:48:05Z,2026-08-17T18:48:05Z,
203.83.11.204,ipv4,malicious-ip,medium,WHITE,ziyadnz/hourly-ipv4,ziyadnz|hourly,2026-08-17T18:48:05Z,2026-08-17T18:48:05Z,
203.83.11.206,ipv4,malicious-ip,medium,WHITE,ziyadnz/hourly-ipv4,ziyadnz|hourly,2026-08-17T18:48:05Z,2026-08-17T18:48:05Z,
203.83.11.208,ipv4,malicious-ip,medium,WHITE,ziyadnz/hourly-ipv4,ziyadnz|hourly,2026-08-17T18:48:05Z,2026-08-17T18:48:05Z,
203.83.11.210,ipv4,malicious-ip,medium,WHITE,ziyadnz/hourly-ipv4,ziyadnz|hourly,2026-08-17T18:48:05Z,2026-08-17T18:48:05Z,
203.83.11.211,ipv4,malicious-ip,medium,WHITE,ziyadnz/hourly-ipv4,ziyadnz|hourly,2026-08-17T18:48:05Z,2026-08-17T18:48:05Z,
203.83.11.212,ipv4,malicious-ip,medium,WHITE,ziyadnz/hourly-ipv4,ziyadnz|hourly,2026-08-17T18:48:05Z,2026-08-17T18:48:05Z,
203.83.11.214,ipv4,malicious-ip,medium,WHITE,ziyadnz/hourly-ipv4,ziyadnz|hourly,2026-08-17T18:48:05Z,2026-08-17T18:48:05Z,
203.83.11.216,ipv4,malicious-ip,medium,WHITE,ziyadnz/hourly-ipv4,ziyadnz|hourly,2026-08-17T18:48:05Z,2026-08-17T18:48:05Z,
203.83.163.10,ipv4,malicious-ip,medium,WHITE,ziyadnz/hourly-ipv4,ziyadnz|hourly,2026-08-17T18:48:05Z,2026-08-17T18:48:05Z,
203.83.164.178,ipv4,malicious-ip,medium,WHITE,ziyadnz/hourly-ipv4,ziyadnz|hourly,2026-08-17T18:48:05Z,2026-08-17T18:48:05Z,
203.83.171.50,ipv4,malicious-ip,medium,WHITE,ziyadnz/hourly-ipv4,ziyadnz|hourly,2026-08-17T18:48:05Z,2026-08-17T18:48:05Z,
203.83.182.46,ipv4,malicious-ip,medium,WHITE,ziyadnz/hourly-ipv4,ziyadnz|hourly,2026-08-17T18:48:05Z,2026-08-17T18:48:05Z,
203.83.239.51,ipv4,malicious-ip,medium,WHITE,ziyadnz/hourly-ipv4,ziyadnz|hourly,2026-08-17T18:48:05Z,2026-08-17T18:48:05Z,
203.83.9.60,ipv4,malicious-ip,medium,WHITE,ziyadnz/hourly-ipv4,ziyadnz|hourly,2026-08-17T18:48:05Z,2026-08-17T18:48:05Z,
203.83.9.62,ipv4,malicious-ip,medium,WHITE,ziyadnz/hourly-ipv4,ziyadnz|hourly,2026-08-17T18:48:05Z,2026-08-17T18:48:05Z,
203.88.119.100,ipv4,malicious-ip,medium,WHITE,ziyadnz/hourly-ipv4,ziyadnz|hourly,2026-08-17T18:48:05Z,2026-08-17T18:48:05Z,
203.88.121.4,ipv4,malicious-ip,medium,WHITE,ziyadnz/hourly-ipv4,ziyadnz|hourly,2026-08-17T18:48:05Z,2026-08-17T18:48:05Z,
203.91.74.177,ipv4,malicious-ip,medium,WHITE,ziyadnz/hourly-ipv4,ziyadnz|hourly,2026-08-17T18:48:05Z,2026-08-17T18:48:05Z,
203.92.36.109,ipv4,malicious-ip,medium,WHITE,ziyadnz/hourly-ipv4,ziyadnz|hourly,2026-08-17T18:48:05Z,2026-08-17T18:48:05Z,
203.94.67.2,ipv4,malicious-ip,medium,WHITE,ziyadnz/hourly-ipv4,ziyadnz|hourly,2026-08-17T18:48:05Z,2026-08-17T18:48:05Z,
203.94.69.234,ipv4,malicious-ip,medium,WHITE,ziyadnz/hourly-ipv4,ziyadnz|hourly,2026-08-17T18:48:05Z,2026-08-17T18:48:05Z,
203.95.220.82,ipv4,malicious-ip,medium,WHITE,ziyadnz/hourly-ipv4,ziyadnz|hourly,2026-08-17T18:48:05Z,2026-08-17T18:48:05Z,
203.95.8.98,ipv4,malicious-ip,medium,WHITE,ziyadnz/hourly-ipv4,ziyadnz|hourly,2026-08-17T18:48:05Z,2026-08-17T18:48:05Z,
203.95.9.54,ipv4,malicious-ip,medium,WHITE,ziyadnz/hourly-ipv4,ziyadnz|hourly,2026-08-17T18:48:05Z,2026-08-17T18:48:05Z,
203.96.191.70,ipv4,malicious-ip,medium,WHITE,ziyadnz/hourly-ipv4,ziyadnz|hourly,2026-08-17T18:48:05Z,2026-08-17T18:48:05Z,
203.96.226.38,ipv4,malicious-ip,medium,WHITE,ziyadnz/hourly-ipv4,ziyadnz|hourly,2026-08-17T18:48:05Z,2026-08-17T18:48:05Z,
203.99.174.10,ipv4,malicious-ip,medium,WHITE,ziyadnz/hourly-ipv4,ziyadnz|hourly,2026-08-17T18:48:05Z,2026-08-17T18:48:05Z,
203.99.187.204,ipv4,malicious-ip,medium,WHITE,ziyadnz/hourly-ipv4,ziyadnz|hourly,2026-08-17T18:48:05Z,2026-08-17T18:48:05Z,
203.99.191.162,ipv4,malicious-ip,medium,WHITE,ziyadnz/hourly-ipv4,ziyadnz|hourly,2026-08-17T18:48:05Z,2026-08-17T18:48:05Z,
203.99.54.174,ipv4,malicious-ip,medium,WHITE,ziyadnz/hourly-ipv4,ziyadnz|hourly,2026-08-17T18:48:05Z,2026-08-17T18:48:05Z,
203.99.61.238,ipv4,malicious-ip,medium,WHITE,ziyadnz/hourly-ipv4,ziyadnz|hourly,2026-08-17T18:48:05Z,2026-08-17T18:48:05Z,
204.10.161.147,ipv4,malicious-ip,medium,WHITE,ziyadnz/hourly-ipv4,ziyadnz|hourly,2026-08-17T18:48:05Z,2026-08-17T18:48:05Z,
204.10.161.83,ipv4,malicious-ip,medium,WHITE,ziyadnz/hourly-ipv4,ziyadnz|hourly,2026-08-17T18:48:05Z,2026-08-17T18:48:05Z,
204.10.161.90,ipv4,malicious-ip,medium,WHITE,ziyadnz/hourly-ipv4,ziyadnz|hourly,2026-08-17T18:48:05Z,2026-08-17T18:48:05Z,
204.10.172.192,ipv4,malicious-ip,medium,WHITE,ziyadnz/hourly-ipv4,ziyadnz|hourly,2026-08-17T18:48:05Z,2026-08-17T18:48:05Z,
204.107.12.147,ipv4,malicious-ip,medium,WHITE,ziyadnz/hourly-ipv4,ziyadnz|hourly,2026-08-17T18:48:05Z,2026-08-17T18:48:05Z,
204.11.155.34,ipv4,malicious-ip,medium,WHITE,ziyadnz/hourly-ipv4,ziyadnz|hourly,2026-08-17T18:48:05Z,2026-08-17T18:48:05Z,
204.116.224.206,ipv4,malicious-ip,medium,WHITE,ziyadnz/hourly-ipv4,ziyadnz|hourly,2026-08-17T18:48:05Z,2026-08-17T18:48:05Z,
204.12.192.110,ipv4,malicious-ip,medium,WHITE,ziyadnz/hourly-ipv4,ziyadnz|hourly,2026-08-17T18:48:05Z,2026-08-17T18:48:05Z,
204.137.14.104,ipv4,malicious-ip,medium,WHITE,ziyadnz/hourly-ipv4,ziyadnz|hourly,2026-08-17T18:48:05Z,2026-08-17T18:48:05Z,
204.137.14.105,ipv4,malicious-ip,medium,WHITE,ziyadnz/hourly-ipv4,ziyadnz|hourly,2026-08-17T18:48:05Z,2026-08-17T18:48:05Z,
204.137.14.106,ipv4,malicious-ip,medium,WHITE,ziyadnz/hourly-ipv4,ziyadnz|hourly,2026-08-17T18:48:05Z,2026-08-17T18:48:05Z,
204.137.14.53,ipv4,malicious-ip,medium,WHITE,ziyadnz/hourly-ipv4,ziyadnz|hourly,2026-08-17T18:48:05Z,2026-08-17T18:48:05Z,
204.137.14.92,ipv4,malicious-ip,medium,WHITE,ziyadnz/hourly-ipv4,ziyadnz|hourly,2026-08-17T18:48:05Z,2026-08-17T18:48:05Z,
204.14.105.155,ipv4,malicious-ip,medium,WHITE,ziyadnz/hourly-ipv4,ziyadnz|hourly,2026-08-17T18:48:05Z,2026-08-17T18:48:05Z,
204.145.96.131,ipv4,malicious-ip,medium,WHITE,ziyadnz/hourly-ipv4,ziyadnz|hourly,2026-08-17T18:48:05Z,2026-08-17T18:48:05Z,
204.152.194.64,ipv4,malicious-ip,medium,WHITE,ziyadnz/hourly-ipv4,ziyadnz|hourly,2026-08-17T18:48:05Z,2026-08-17T18:48:05Z,
204.152.203.78,ipv4,malicious-ip,medium,WHITE,ziyadnz/hourly-ipv4,ziyadnz|hourly,2026-08-17T18:48:05Z,2026-08-17T18:48:05Z,
204.152.203.90,ipv4,malicious-ip,medium,WHITE,ziyadnz/hourly-ipv4,ziyadnz|hourly,2026-08-17T18:48:05Z,2026-08-17T18:48:05Z,
204.152.221.161,ipv4,malicious-ip,medium,WHITE,ziyadnz/hourly-ipv4,ziyadnz|hourly,2026-08-17T18:48:05Z,2026-08-17T18:48:05Z,
204.157.166.80,ipv4,malicious-ip,medium,WHITE,ziyadnz/hourly-ipv4,ziyadnz|hourly,2026-08-17T18:48:05Z,2026-08-17T18:48:05Z,
204.157.173.20,ipv4,malicious-ip,medium,WHITE,ziyadnz/hourly-ipv4,ziyadnz|hourly,2026-08-17T18:48:05Z,2026-08-17T18:48:05Z,
204.16.10.249,ipv4,malicious-ip,medium,WHITE,ziyadnz/hourly-ipv4,ziyadnz|hourly,2026-08-17T18:48:05Z,2026-08-17T18:48:05Z,
204.168.154.205,ipv4,malicious-ip,medium,WHITE,ziyadnz/hourly-ipv4,ziyadnz|hourly,2026-08-17T18:48:05Z,2026-08-17T18:48:05Z,
204.168.158.236,ipv4,malicious-ip,medium,WHITE,ziyadnz/hourly-ipv4,ziyadnz|hourly,2026-08-17T18:48:05Z,2026-08-17T18:48:05Z,
204.168.184.4,ipv4,malicious-ip,medium,WHITE,ziyadnz/hourly-ipv4,ziyadnz|hourly,2026-08-17T18:48:05Z,2026-08-17T18:48:05Z,
204.168.187.117,ipv4,malicious-ip,medium,WHITE,ziyadnz/hourly-ipv4,ziyadnz|hourly,2026-08-17T18:48:05Z,2026-08-17T18:48:05Z,
204.168.199.119,ipv4,malicious-ip,medium,WHITE,ziyadnz/hourly-ipv4,ziyadnz|hourly,2026-08-17T18:48:05Z,2026-08-17T18:48:05Z,
204.168.200.183,ipv4,malicious-ip,medium,WHITE,ziyadnz/hourly-ipv4,ziyadnz|hourly,2026-08-17T18:48:05Z,2026-08-17T18:48:05Z,
204.168.211.54,ipv4,malicious-ip,medium,WHITE,ziyadnz/hourly-ipv4,ziyadnz|hourly,2026-08-17T18:48:05Z,2026-08-17T18:48:05Z,
204.168.215.202,ipv4,malicious-ip,medium,WHITE,ziyadnz/hourly-ipv4,ziyadnz|hourly,2026-08-17T18:48:05Z,2026-08-17T18:48:05Z,
204.168.217.81,ipv4,malicious-ip,medium,WHITE,ziyadnz/hourly-ipv4,ziyadnz|hourly,2026-08-17T18:48:05Z,2026-08-17T18:48:05Z,
204.168.218.69,ipv4,malicious-ip,medium,WHITE,ziyadnz/hourly-ipv4,ziyadnz|hourly,2026-08-17T18:48:05Z,2026-08-17T18:48:05Z,
204.168.228.175,ipv4,malicious-ip,medium,WHITE,ziyadnz/hourly-ipv4,ziyadnz|hourly,2026-08-17T18:48:05Z,2026-08-17T18:48:05Z,
204.168.240.142,ipv4,malicious-ip,medium,WHITE,ziyadnz/hourly-ipv4,ziyadnz|hourly,2026-08-17T18:48:05Z,2026-08-17T18:48:05Z,
204.168.248.197,ipv4,malicious-ip,medium,WHITE,ziyadnz/hourly-ipv4,ziyadnz|hourly,2026-08-17T18:48:05Z,2026-08-17T18:48:05Z,
204.168.255.115,ipv4,malicious-ip,medium,WHITE,ziyadnz/hourly-ipv4,ziyadnz|hourly,2026-08-17T18:48:05Z,2026-08-17T18:48:05Z,
204.194.29.4,ipv4,malicious-ip,medium,WHITE,ziyadnz/hourly-ipv4,ziyadnz|hourly,2026-08-17T18:48:05Z,2026-08-17T18:48:05Z,
204.216.147.144,ipv4,malicious-ip,medium,WHITE,ziyadnz/hourly-ipv4,ziyadnz|hourly,2026-08-17T18:48:05Z,2026-08-17T18:48:05Z,
204.235.242.6,ipv4,malicious-ip,medium,WHITE,ziyadnz/hourly-ipv4,ziyadnz|hourly,2026-08-17T18:48:05Z,2026-08-17T18:48:05Z,
204.236.215.121,ipv4,malicious-ip,medium,WHITE,ziyadnz/hourly-ipv4,ziyadnz|hourly,2026-08-17T18:48:05Z,2026-08-17T18:48:05Z,
204.251.198.205,ipv4,malicious-ip,medium,WHITE,ziyadnz/hourly-ipv4,ziyadnz|hourly,2026-08-17T18:48:05Z,2026-08-17T18:48:05Z,
204.28.48.77,ipv4,malicious-ip,medium,WHITE,ziyadnz/hourly-ipv4,ziyadnz|hourly,2026-08-17T18:48:05Z,2026-08-17T18:48:05Z,
204.3.168.39,ipv4,malicious-ip,medium,WHITE,ziyadnz/hourly-ipv4,ziyadnz|hourly,2026-08-17T18:48:05Z,2026-08-17T18:48:05Z,
204.44.122.214,ipv4,malicious-ip,medium,WHITE,ziyadnz/hourly-ipv4,ziyadnz|hourly,2026-08-17T18:48:05Z,2026-08-17T18:48:05Z,
204.48.22.120,ipv4,malicious-ip,medium,WHITE,ziyadnz/hourly-ipv4,ziyadnz|hourly,2026-08-17T18:48:05Z,2026-08-17T18:48:05Z,
204.48.23.63,ipv4,malicious-ip,medium,WHITE,ziyadnz/hourly-ipv4,ziyadnz|hourly,2026-08-17T18:48:05Z,2026-08-17T18:48:05Z,
204.48.25.231,ipv4,malicious-ip,medium,WHITE,ziyadnz/hourly-ipv4,ziyadnz|hourly,2026-08-17T18:48:05Z,2026-08-17T18:48:05Z,
204.48.27.52,ipv4,malicious-ip,medium,WHITE,ziyadnz/hourly-ipv4,ziyadnz|hourly,2026-08-17T18:48:05Z,2026-08-17T18:48:05Z,
204.48.28.68,ipv4,malicious-ip,medium,WHITE,ziyadnz/hourly-ipv4,ziyadnz|hourly,2026-08-17T18:48:05Z,2026-08-17T18:48:05Z,
204.76.203.0,ipv4,malicious-ip,medium,WHITE,ziyadnz/hourly-ipv4,ziyadnz|hourly,2026-08-17T18:48:05Z,2026-08-17T18:48:05Z,
204.76.203.125,ipv4,malicious-ip,medium,WHITE,ziyadnz/hourly-ipv4,ziyadnz|hourly,2026-08-17T18:48:05Z,2026-08-17T18:48:05Z,
204.76.203.203,ipv4,malicious-ip,medium,WHITE,ziyadnz/hourly-ipv4,ziyadnz|hourly,2026-08-17T18:48:05Z,2026-08-17T18:48:05Z,
204.76.203.21,ipv4,malicious-ip,medium,WHITE,ziyadnz/hourly-ipv4,ziyadnz|hourly,2026-08-17T18:48:05Z,2026-08-17T18:48:05Z,
204.76.203.212,ipv4,malicious-ip,medium,WHITE,ziyadnz/hourly-ipv4,ziyadnz|hourly,2026-08-17T18:48:05Z,2026-08-17T18:48:05Z,
204.76.203.213,ipv4,malicious-ip,medium,WHITE,ziyadnz/hourly-ipv4,ziyadnz|hourly,2026-08-17T18:48:05Z,2026-08-17T18:48:05Z,
204.76.203.214,ipv4,malicious-ip,medium,WHITE,ziyadnz/hourly-ipv4,ziyadnz|hourly,2026-08-17T18:48:05Z,2026-08-17T18:48:05Z,
204.76.203.219,ipv4,malicious-ip,medium,WHITE,ziyadnz/hourly-ipv4,ziyadnz|hourly,2026-08-17T18:48:05Z,2026-08-17T18:48:05Z,
204.76.203.221,ipv4,malicious-ip,medium,WHITE,ziyadnz/hourly-ipv4,ziyadnz|hourly,2026-08-17T18:48:05Z,2026-08-17T18:48:05Z,
204.76.203.222,ipv4,malicious-ip,medium,WHITE,ziyadnz/hourly-ipv4,ziyadnz|hourly,2026-08-17T18:48:05Z,2026-08-17T18:48:05Z,
204.76.203.224,ipv4,malicious-ip,medium,WHITE,ziyadnz/hourly-ipv4,ziyadnz|hourly,2026-08-17T18:48:05Z,2026-08-17T18:48:05Z,
204.76.203.225,ipv4,malicious-ip,medium,WHITE,ziyadnz/hourly-ipv4,ziyadnz|hourly,2026-08-17T18:48:05Z,2026-08-17T18:48:05Z,
204.76.203.226,ipv4,malicious-ip,medium,WHITE,ziyadnz/hourly-ipv4,ziyadnz|hourly,2026-08-17T18:48:05Z,2026-08-17T18:48:05Z,
204.76.203.228,ipv4,malicious-ip,medium,WHITE,ziyadnz/hourly-ipv4,ziyadnz|hourly,2026-08-17T18:48:05Z,2026-08-17T18:48:05Z,
204.76.203.27,ipv4,malicious-ip,medium,WHITE,ziyadnz/hourly-ipv4,ziyadnz|hourly,2026-08-17T18:48:05Z,2026-08-17T18:48:05Z,
204.76.203.3,ipv4,malicious-ip,medium,WHITE,ziyadnz/hourly-ipv4,ziyadnz|hourly,2026-08-17T18:48:05Z,2026-08-17T18:48:05Z,
204.76.203.30,ipv4,malicious-ip,medium,WHITE,ziyadnz/hourly-ipv4,ziyadnz|hourly,2026-08-17T18:48:05Z,2026-08-17T18:48:05Z,
204.76.203.43,ipv4,malicious-ip,medium,WHITE,ziyadnz/hourly-ipv4,ziyadnz|hourly,2026-08-17T18:48:05Z,2026-08-17T18:48:05Z,
204.76.203.49,ipv4,malicious-ip,medium,WHITE,ziyadnz/hourly-ipv4,ziyadnz|hourly,2026-08-17T18:48:05Z,2026-08-17T18:48:05Z,
204.76.203.6,ipv4,malicious-ip,medium,WHITE,ziyadnz/hourly-ipv4,ziyadnz|hourly,2026-08-17T18:48:05Z,2026-08-17T18:48:05Z,
204.76.203.7,ipv4,malicious-ip,medium,WHITE,ziyadnz/hourly-ipv4,ziyadnz|hourly,2026-08-17T18:48:05Z,2026-08-17T18:48:05Z,
204.76.203.73,ipv4,malicious-ip,medium,WHITE,ziyadnz/hourly-ipv4,ziyadnz|hourly,2026-08-17T18:48:05Z,2026-08-17T18:48:05Z,
204.76.203.77,ipv4,malicious-ip,medium,WHITE,ziyadnz/hourly-ipv4,ziyadnz|hourly,2026-08-17T18:48:05Z,2026-08-17T18:48:05Z,
204.76.203.81,ipv4,malicious-ip,medium,WHITE,ziyadnz/hourly-ipv4,ziyadnz|hourly,2026-08-17T18:48:05Z,2026-08-17T18:48:05Z,
204.76.203.91,ipv4,malicious-ip,medium,WHITE,ziyadnz/hourly-ipv4,ziyadnz|hourly,2026-08-17T18:48:05Z,2026-08-17T18:48:05Z,
204.77.232.110,ipv4,malicious-ip,medium,WHITE,ziyadnz/hourly-ipv4,ziyadnz|hourly,2026-08-17T18:48:05Z,2026-08-17T18:48:05Z,
204.8.156.142,ipv4,malicious-ip,medium,WHITE,ziyadnz/hourly-ipv4,ziyadnz|hourly,2026-08-17T18:48:05Z,2026-08-17T18:48:05Z,
204.8.96.0,ipv4,malicious-ip,medium,WHITE,ziyadnz/hourly-ipv4,ziyadnz|hourly,2026-08-17T18:48:05Z,2026-08-17T18:48:05Z,
204.8.96.100,ipv4,malicious-ip,medium,WHITE,ziyadnz/hourly-ipv4,ziyadnz|hourly,2026-08-17T18:48:05Z,2026-08-17T18:48:05Z,
204.8.96.101,ipv4,malicious-ip,medium,WHITE,ziyadnz/hourly-ipv4,ziyadnz|hourly,2026-08-17T18:48:05Z,2026-08-17T18:48:05Z,
204.8.96.102,ipv4,malicious-ip,medium,WHITE,ziyadnz/hourly-ipv4,ziyadnz|hourly,2026-08-17T18:48:05Z,2026-08-17T18:48:05Z,
204.8.96.103,ipv4,malicious-ip,medium,WHITE,ziyadnz/hourly-ipv4,ziyadnz|hourly,2026-08-17T18:48:05Z,2026-08-17T18:48:05Z,
204.8.96.105,ipv4,malicious-ip,medium,WHITE,ziyadnz/hourly-ipv4,ziyadnz|hourly,2026-08-17T18:48:05Z,2026-08-17T18:48:05Z,
204.8.96.106,ipv4,malicious-ip,medium,WHITE,ziyadnz/hourly-ipv4,ziyadnz|hourly,2026-08-17T18:48:05Z,2026-08-17T18:48:05Z,
204.8.96.107,ipv4,malicious-ip,medium,WHITE,ziyadnz/hourly-ipv4,ziyadnz|hourly,2026-08-17T18:48:05Z,2026-08-17T18:48:05Z,
204.8.96.108,ipv4,malicious-ip,medium,WHITE,ziyadnz/hourly-ipv4,ziyadnz|hourly,2026-08-17T18:48:05Z,2026-08-17T18:48:05Z,
204.8.96.109,ipv4,malicious-ip,medium,WHITE,ziyadnz/hourly-ipv4,ziyadnz|hourly,2026-08-17T18:48:05Z,2026-08-17T18:48:05Z,
204.8.96.110,ipv4,malicious-ip,medium,WHITE,ziyadnz/hourly-ipv4,ziyadnz|hourly,2026-08-17T18:48:05Z,2026-08-17T18:48:05Z,
204.8.96.111,ipv4,malicious-ip,medium,WHITE,ziyadnz/hourly-ipv4,ziyadnz|hourly,2026-08-17T18:48:05Z,2026-08-17T18:48:05Z,
204.8.96.112,ipv4,malicious-ip,medium,WHITE,ziyadnz/hourly-ipv4,ziyadnz|hourly,2026-08-17T18:48:05Z,2026-08-17T18:48:05Z,
204.8.96.113,ipv4,malicious-ip,medium,WHITE,ziyadnz/hourly-ipv4,ziyadnz|hourly,2026-08-17T18:48:05Z,2026-08-17T18:48:05Z,
204.8.96.114,ipv4,malicious-ip,medium,WHITE,ziyadnz/hourly-ipv4,ziyadnz|hourly,2026-08-17T18:48:05Z,2026-08-17T18:48:05Z,
204.8.96.115,ipv4,malicious-ip,medium,WHITE,ziyadnz/hourly-ipv4,ziyadnz|hourly,2026-08-17T18:48:05Z,2026-08-17T18:48:05Z,
204.8.96.116,ipv4,malicious-ip,medium,WHITE,ziyadnz/hourly-ipv4,ziyadnz|hourly,2026-08-17T18:48:05Z,2026-08-17T18:48:05Z,
204.8.96.117,ipv4,malicious-ip,medium,WHITE,ziyadnz/hourly-ipv4,ziyadnz|hourly,2026-08-17T18:48:05Z,2026-08-17T18:48:05Z,
204.8.96.118,ipv4,malicious-ip,medium,WHITE,ziyadnz/hourly-ipv4,ziyadnz|hourly,2026-08-17T18:48:05Z,2026-08-17T18:48:05Z,
204.8.96.119,ipv4,malicious-ip,medium,WHITE,ziyadnz/hourly-ipv4,ziyadnz|hourly,2026-08-17T18:48:05Z,2026-08-17T18:48:05Z,
204.8.96.120,ipv4,malicious-ip,medium,WHITE,ziyadnz/hourly-ipv4,ziyadnz|hourly,2026-08-17T18:48:05Z,2026-08-17T18:48:05Z,
204.8.96.121,ipv4,malicious-ip,medium,WHITE,ziyadnz/hourly-ipv4,ziyadnz|hourly,2026-08-17T18:48:05Z,2026-08-17T18:48:05Z,
204.8.96.122,ipv4,malicious-ip,medium,WHITE,ziyadnz/hourly-ipv4,ziyadnz|hourly,2026-08-17T18:48:05Z,2026-08-17T18:48:05Z,
204.8.96.123,ipv4,malicious-ip,medium,WHITE,ziyadnz/hourly-ipv4,ziyadnz|hourly,2026-08-17T18:48:05Z,2026-08-17T18:48:05Z,
204.8.96.140,ipv4,malicious-ip,medium,WHITE,ziyadnz/hourly-ipv4,ziyadnz|hourly,2026-08-17T18:48:05Z,2026-08-17T18:48:05Z,
204.8.96.141,ipv4,malicious-ip,medium,WHITE,ziyadnz/hourly-ipv4,ziyadnz|hourly,2026-08-17T18:48:05Z,2026-08-17T18:48:05Z,
204.8.96.142,ipv4,malicious-ip,medium,WHITE,ziyadnz/hourly-ipv4,ziyadnz|hourly,2026-08-17T18:48:05Z,2026-08-17T18:48:05Z,
204.8.96.143,ipv4,malicious-ip,medium,WHITE,ziyadnz/hourly-ipv4,ziyadnz|hourly,2026-08-17T18:48:05Z,2026-08-17T18:48:05Z,
204.8.96.144,ipv4,malicious-ip,medium,WHITE,ziyadnz/hourly-ipv4,ziyadnz|hourly,2026-08-17T18:48:05Z,2026-08-17T18:48:05Z,
204.8.96.145,ipv4,malicious-ip,medium,WHITE,ziyadnz/hourly-ipv4,ziyadnz|hourly,2026-08-17T18:48:05Z,2026-08-17T18:48:05Z,
204.8.96.146,ipv4,malicious-ip,medium,WHITE,ziyadnz/hourly-ipv4,ziyadnz|hourly,2026-08-17T18:48:05Z,2026-08-17T18:48:05Z,
204.8.96.147,ipv4,malicious-ip,medium,WHITE,ziyadnz/hourly-ipv4,ziyadnz|hourly,2026-08-17T18:48:05Z,2026-08-17T18:48:05Z,
204.8.96.148,ipv4,malicious-ip,medium,WHITE,ziyadnz/hourly-ipv4,ziyadnz|hourly,2026-08-17T18:48:05Z,2026-08-17T18:48:05Z,
204.8.96.149,ipv4,malicious-ip,medium,WHITE,ziyadnz/hourly-ipv4,ziyadnz|hourly,2026-08-17T18:48:05Z,2026-08-17T18:48:05Z,
204.8.96.150,ipv4,malicious-ip,medium,WHITE,ziyadnz/hourly-ipv4,ziyadnz|hourly,2026-08-17T18:48:05Z,2026-08-17T18:48:05Z,
204.8.96.151,ipv4,malicious-ip,medium,WHITE,ziyadnz/hourly-ipv4,ziyadnz|hourly,2026-08-17T18:48:05Z,2026-08-17T18:48:05Z,
204.8.96.153,ipv4,malicious-ip,medium,WHITE,ziyadnz/hourly-ipv4,ziyadnz|hourly,2026-08-17T18:48:05Z,2026-08-17T18:48:05Z,
204.8.96.154,ipv4,malicious-ip,medium,WHITE,ziyadnz/hourly-ipv4,ziyadnz|hourly,2026-08-17T18:48:05Z,2026-08-17T18:48:05Z,
204.8.96.155,ipv4,malicious-ip,medium,WHITE,ziyadnz/hourly-ipv4,ziyadnz|hourly,2026-08-17T18:48:05Z,2026-08-17T18:48:05Z,
204.8.96.156,ipv4,malicious-ip,medium,WHITE,ziyadnz/hourly-ipv4,ziyadnz|hourly,2026-08-17T18:48:05Z,2026-08-17T18:48:05Z,
204.8.96.157,ipv4,malicious-ip,medium,WHITE,ziyadnz/hourly-ipv4,ziyadnz|hourly,2026-08-17T18:48:05Z,2026-08-17T18:48:05Z,
204.8.96.159,ipv4,malicious-ip,medium,WHITE,ziyadnz/hourly-ipv4,ziyadnz|hourly,2026-08-17T18:48:05Z,2026-08-17T18:48:05Z,
204.8.96.160,ipv4,malicious-ip,medium,WHITE,ziyadnz/hourly-ipv4,ziyadnz|hourly,2026-08-17T18:48:05Z,2026-08-17T18:48:05Z,
204.8.96.161,ipv4,malicious-ip,medium,WHITE,ziyadnz/hourly-ipv4,ziyadnz|hourly,2026-08-17T18:48:05Z,2026-08-17T18:48:05Z,
204.8.96.162,ipv4,malicious-ip,medium,WHITE,ziyadnz/hourly-ipv4,ziyadnz|hourly,2026-08-17T18:48:05Z,2026-08-17T18:48:05Z,
204.8.96.163,ipv4,malicious-ip,medium,WHITE,ziyadnz/hourly-ipv4,ziyadnz|hourly,2026-08-17T18:48:05Z,2026-08-17T18:48:05Z,
204.8.96.164,ipv4,malicious-ip,medium,WHITE,ziyadnz/hourly-ipv4,ziyadnz|hourly,2026-08-17T18:48:05Z,2026-08-17T18:48:05Z,
204.8.96.165,ipv4,malicious-ip,medium,WHITE,ziyadnz/hourly-ipv4,ziyadnz|hourly,2026-08-17T18:48:05Z,2026-08-17T18:48:05Z,
204.8.96.166,ipv4,malicious-ip,medium,WHITE,ziyadnz/hourly-ipv4,ziyadnz|hourly,2026-08-17T18:48:05Z,2026-08-17T18:48:05Z,
204.8.96.167,ipv4,malicious-ip,medium,WHITE,ziyadnz/hourly-ipv4,ziyadnz|hourly,2026-08-17T18:48:05Z,2026-08-17T18:48:05Z,
204.8.96.168,ipv4,malicious-ip,medium,WHITE,ziyadnz/hourly-ipv4,ziyadnz|hourly,2026-08-17T18:48:05Z,2026-08-17T18:48:05Z,
204.8.96.169,ipv4,malicious-ip,medium,WHITE,ziyadnz/hourly-ipv4,ziyadnz|hourly,2026-08-17T18:48:05Z,2026-08-17T18:48:05Z,
204.8.96.170,ipv4,malicious-ip,medium,WHITE,ziyadnz/hourly-ipv4,ziyadnz|hourly,2026-08-17T18:48:05Z,2026-08-17T18:48:05Z,
204.8.96.171,ipv4,malicious-ip,medium,WHITE,ziyadnz/hourly-ipv4,ziyadnz|hourly,2026-08-17T18:48:05Z,2026-08-17T18:48:05Z,
204.8.96.172,ipv4,malicious-ip,medium,WHITE,ziyadnz/hourly-ipv4,ziyadnz|hourly,2026-08-17T18:48:05Z,2026-08-17T18:48:05Z,
204.8.96.173,ipv4,malicious-ip,medium,WHITE,ziyadnz/hourly-ipv4,ziyadnz|hourly,2026-08-17T18:48:05Z,2026-08-17T18:48:05Z,
204.8.96.174,ipv4,malicious-ip,medium,WHITE,ziyadnz/hourly-ipv4,ziyadnz|hourly,2026-08-17T18:48:05Z,2026-08-17T18:48:05Z,
204.8.96.175,ipv4,malicious-ip,medium,WHITE,ziyadnz/hourly-ipv4,ziyadnz|hourly,2026-08-17T18:48:05Z,2026-08-17T18:48:05Z,
204.8.96.176,ipv4,malicious-ip,medium,WHITE,ziyadnz/hourly-ipv4,ziyadnz|hourly,2026-08-17T18:48:05Z,2026-08-17T18:48:05Z,
204.8.96.177,ipv4,malicious-ip,medium,WHITE,ziyadnz/hourly-ipv4,ziyadnz|hourly,2026-08-17T18:48:05Z,2026-08-17T18:48:05Z,
204.8.96.178,ipv4,malicious-ip,medium,WHITE,ziyadnz/hourly-ipv4,ziyadnz|hourly,2026-08-17T18:48:05Z,2026-08-17T18:48:05Z,
204.8.96.179,ipv4,malicious-ip,medium,WHITE,ziyadnz/hourly-ipv4,ziyadnz|hourly,2026-08-17T18:48:05Z,2026-08-17T18:48:05Z,
204.8.96.180,ipv4,malicious-ip,medium,WHITE,ziyadnz/hourly-ipv4,ziyadnz|hourly,2026-08-17T18:48:05Z,2026-08-17T18:48:05Z,
204.8.96.181,ipv4,malicious-ip,medium,WHITE,ziyadnz/hourly-ipv4,ziyadnz|hourly,2026-08-17T18:48:05Z,2026-08-17T18:48:05Z,
204.8.96.183,ipv4,malicious-ip,medium,WHITE,ziyadnz/hourly-ipv4,ziyadnz|hourly,2026-08-17T18:48:05Z,2026-08-17T18:48:05Z,
204.8.96.184,ipv4,malicious-ip,medium,WHITE,ziyadnz/hourly-ipv4,ziyadnz|hourly,2026-08-17T18:48:05Z,2026-08-17T18:48:05Z,
204.8.96.185,ipv4,malicious-ip,medium,WHITE,ziyadnz/hourly-ipv4,ziyadnz|hourly,2026-08-17T18:48:05Z,2026-08-17T18:48:05Z,
204.8.96.186,ipv4,malicious-ip,medium,WHITE,ziyadnz/hourly-ipv4,ziyadnz|hourly,2026-08-17T18:48:05Z,2026-08-17T18:48:05Z,
204.8.96.187,ipv4,malicious-ip,medium,WHITE,ziyadnz/hourly-ipv4,ziyadnz|hourly,2026-08-17T18:48:05Z,2026-08-17T18:48:05Z,
204.8.96.188,ipv4,malicious-ip,medium,WHITE,ziyadnz/hourly-ipv4,ziyadnz|hourly,2026-08-17T18:48:05Z,2026-08-17T18:48:05Z,
204.8.96.189,ipv4,malicious-ip,medium,WHITE,ziyadnz/hourly-ipv4,ziyadnz|hourly,2026-08-17T18:48:05Z,2026-08-17T18:48:05Z,
204.8.96.64,ipv4,malicious-ip,medium,WHITE,ziyadnz/hourly-ipv4,ziyadnz|hourly,2026-08-17T18:48:05Z,2026-08-17T18:48:05Z,
204.8.96.66,ipv4,malicious-ip,medium,WHITE,ziyadnz/hourly-ipv4,ziyadnz|hourly,2026-08-17T18:48:05Z,2026-08-17T18:48:05Z,
204.8.96.67,ipv4,malicious-ip,medium,WHITE,ziyadnz/hourly-ipv4,ziyadnz|hourly,2026-08-17T18:48:05Z,2026-08-17T18:48:05Z,
204.8.96.68,ipv4,malicious-ip,medium,WHITE,ziyadnz/hourly-ipv4,ziyadnz|hourly,2026-08-17T18:48:05Z,2026-08-17T18:48:05Z,
204.8.96.69,ipv4,malicious-ip,medium,WHITE,ziyadnz/hourly-ipv4,ziyadnz|hourly,2026-08-17T18:48:05Z,2026-08-17T18:48:05Z,
204.8.96.70,ipv4,malicious-ip,medium,WHITE,ziyadnz/hourly-ipv4,ziyadnz|hourly,2026-08-17T18:48:05Z,2026-08-17T18:48:05Z,
204.8.96.71,ipv4,malicious-ip,medium,WHITE,ziyadnz/hourly-ipv4,ziyadnz|hourly,2026-08-17T18:48:05Z,2026-08-17T18:48:05Z,
204.8.96.72,ipv4,malicious-ip,medium,WHITE,ziyadnz/hourly-ipv4,ziyadnz|hourly,2026-08-17T18:48:05Z,2026-08-17T18:48:05Z,
204.8.96.73,ipv4,malicious-ip,medium,WHITE,ziyadnz/hourly-ipv4,ziyadnz|hourly,2026-08-17T18:48:05Z,2026-08-17T18:48:05Z,
204.8.96.74,ipv4,malicious-ip,medium,WHITE,ziyadnz/hourly-ipv4,ziyadnz|hourly,2026-08-17T18:48:05Z,2026-08-17T18:48:05Z,
204.8.96.76,ipv4,malicious-ip,medium,WHITE,ziyadnz/hourly-ipv4,ziyadnz|hourly,2026-08-17T18:48:05Z,2026-08-17T18:48:05Z,
204.8.96.77,ipv4,malicious-ip,medium,WHITE,ziyadnz/hourly-ipv4,ziyadnz|hourly,2026-08-17T18:48:05Z,2026-08-17T18:48:05Z,
204.8.96.78,ipv4,malicious-ip,medium,WHITE,ziyadnz/hourly-ipv4,ziyadnz|hourly,2026-08-17T18:48:05Z,2026-08-17T18:48:05Z,
204.8.96.79,ipv4,malicious-ip,medium,WHITE,ziyadnz/hourly-ipv4,ziyadnz|hourly,2026-08-17T18:48:05Z,2026-08-17T18:48:05Z,
204.8.96.80,ipv4,malicious-ip,medium,WHITE,ziyadnz/hourly-ipv4,ziyadnz|hourly,2026-08-17T18:48:05Z,2026-08-17T18:48:05Z,
204.8.96.81,ipv4,malicious-ip,medium,WHITE,ziyadnz/hourly-ipv4,ziyadnz|hourly,2026-08-17T18:48:05Z,2026-08-17T18:48:05Z,
204.8.96.82,ipv4,malicious-ip,medium,WHITE,ziyadnz/hourly-ipv4,ziyadnz|hourly,2026-08-17T18:48:05Z,2026-08-17T18:48:05Z,
204.8.96.83,ipv4,malicious-ip,medium,WHITE,ziyadnz/hourly-ipv4,ziyadnz|hourly,2026-08-17T18:48:05Z,2026-08-17T18:48:05Z,
204.8.96.84,ipv4,malicious-ip,medium,WHITE,ziyadnz/hourly-ipv4,ziyadnz|hourly,2026-08-17T18:48:05Z,2026-08-17T18:48:05Z,
204.8.96.85,ipv4,malicious-ip,medium,WHITE,ziyadnz/hourly-ipv4,ziyadnz|hourly,2026-08-17T18:48:05Z,2026-08-17T18:48:05Z,
204.8.96.86,ipv4,malicious-ip,medium,WHITE,ziyadnz/hourly-ipv4,ziyadnz|hourly,2026-08-17T18:48:05Z,2026-08-17T18:48:05Z,
204.8.96.87,ipv4,malicious-ip,medium,WHITE,ziyadnz/hourly-ipv4,ziyadnz|hourly,2026-08-17T18:48:05Z,2026-08-17T18:48:05Z,
204.8.96.88,ipv4,malicious-ip,medium,WHITE,ziyadnz/hourly-ipv4,ziyadnz|hourly,2026-08-17T18:48:05Z,2026-08-17T18:48:05Z,
204.8.96.89,ipv4,malicious-ip,medium,WHITE,ziyadnz/hourly-ipv4,ziyadnz|hourly,2026-08-17T18:48:05Z,2026-08-17T18:48:05Z,
204.85.191.7,ipv4,malicious-ip,medium,WHITE,ziyadnz/hourly-ipv4,ziyadnz|hourly,2026-08-17T18:48:05Z,2026-08-17T18:48:05Z,
204.85.191.8,ipv4,malicious-ip,medium,WHITE,ziyadnz/hourly-ipv4,ziyadnz|hourly,2026-08-17T18:48:05Z,2026-08-17T18:48:05Z,
204.85.191.9,ipv4,malicious-ip,medium,WHITE,ziyadnz/hourly-ipv4,ziyadnz|hourly,2026-08-17T18:48:05Z,2026-08-17T18:48:05Z,
204.93.116.102,ipv4,malicious-ip,medium,WHITE,ziyadnz/hourly-ipv4,ziyadnz|hourly,2026-08-17T18:48:05Z,2026-08-17T18:48:05Z,
204.93.154.208,ipv4,malicious-ip,medium,WHITE,ziyadnz/hourly-ipv4,ziyadnz|hourly,2026-08-17T18:48:05Z,2026-08-17T18:48:05Z,
204.93.164.31,ipv4,malicious-ip,medium,WHITE,ziyadnz/hourly-ipv4,ziyadnz|hourly,2026-08-17T18:48:05Z,2026-08-17T18:48:05Z,
205.134.255.185,ipv4,malicious-ip,medium,WHITE,ziyadnz/hourly-ipv4,ziyadnz|hourly,2026-08-17T18:48:05Z,2026-08-17T18:48:05Z,
205.147.101.170,ipv4,malicious-ip,medium,WHITE,ziyadnz/hourly-ipv4,ziyadnz|hourly,2026-08-17T18:48:05Z,2026-08-17T18:48:05Z,
205.147.96.80,ipv4,malicious-ip,medium,WHITE,ziyadnz/hourly-ipv4,ziyadnz|hourly,2026-08-17T18:48:05Z,2026-08-17T18:48:05Z,
205.164.145.28,ipv4,malicious-ip,medium,WHITE,ziyadnz/hourly-ipv4,ziyadnz|hourly,2026-08-17T18:48:05Z,2026-08-17T18:48:05Z,
205.164.148.72,ipv4,malicious-ip,medium,WHITE,ziyadnz/hourly-ipv4,ziyadnz|hourly,2026-08-17T18:48:05Z,2026-08-17T18:48:05Z,
205.164.156.7,ipv4,malicious-ip,medium,WHITE,ziyadnz/hourly-ipv4,ziyadnz|hourly,2026-08-17T18:48:05Z,2026-08-17T18:48:05Z,
205.164.235.48,ipv4,malicious-ip,medium,WHITE,ziyadnz/hourly-ipv4,ziyadnz|hourly,2026-08-17T18:48:05Z,2026-08-17T18:48:05Z,
205.169.39.55,ipv4,malicious-ip,medium,WHITE,ziyadnz/hourly-ipv4,ziyadnz|hourly,2026-08-17T18:48:05Z,2026-08-17T18:48:05Z,
205.169.39.58,ipv4,malicious-ip,medium,WHITE,ziyadnz/hourly-ipv4,ziyadnz|hourly,2026-08-17T18:48:05Z,2026-08-17T18:48:05Z,
205.169.39.8,ipv4,malicious-ip,medium,WHITE,ziyadnz/hourly-ipv4,ziyadnz|hourly,2026-08-17T18:48:05Z,2026-08-17T18:48:05Z,
205.185.113.112,ipv4,malicious-ip,medium,WHITE,ziyadnz/hourly-ipv4,ziyadnz|hourly,2026-08-17T18:48:05Z,2026-08-17T18:48:05Z,
205.185.113.180,ipv4,malicious-ip,medium,WHITE,ziyadnz/hourly-ipv4,ziyadnz|hourly,2026-08-17T18:48:05Z,2026-08-17T18:48:05Z,
205.185.113.47,ipv4,malicious-ip,medium,WHITE,ziyadnz/hourly-ipv4,ziyadnz|hourly,2026-08-17T18:48:05Z,2026-08-17T18:48:05Z,
205.185.113.8,ipv4,malicious-ip,medium,WHITE,ziyadnz/hourly-ipv4,ziyadnz|hourly,2026-08-17T18:48:05Z,2026-08-17T18:48:05Z,
205.185.115.5,ipv4,malicious-ip,medium,WHITE,ziyadnz/hourly-ipv4,ziyadnz|hourly,2026-08-17T18:48:05Z,2026-08-17T18:48:05Z,
205.185.116.34,ipv4,malicious-ip,medium,WHITE,ziyadnz/hourly-ipv4,ziyadnz|hourly,2026-08-17T18:48:05Z,2026-08-17T18:48:05Z,
205.185.117.149,ipv4,malicious-ip,medium,WHITE,ziyadnz/hourly-ipv4,ziyadnz|hourly,2026-08-17T18:48:05Z,2026-08-17T18:48:05Z,
205.185.117.162,ipv4,malicious-ip,medium,WHITE,ziyadnz/hourly-ipv4,ziyadnz|hourly,2026-08-17T18:48:05Z,2026-08-17T18:48:05Z,
205.185.117.197,ipv4,malicious-ip,medium,WHITE,ziyadnz/hourly-ipv4,ziyadnz|hourly,2026-08-17T18:48:05Z,2026-08-17T18:48:05Z,
205.185.118.52,ipv4,malicious-ip,medium,WHITE,ziyadnz/hourly-ipv4,ziyadnz|hourly,2026-08-17T18:48:05Z,2026-08-17T18:48:05Z,
205.185.121.164,ipv4,malicious-ip,medium,WHITE,ziyadnz/hourly-ipv4,ziyadnz|hourly,2026-08-17T18:48:05Z,2026-08-17T18:48:05Z,
205.185.121.170,ipv4,malicious-ip,medium,WHITE,ziyadnz/hourly-ipv4,ziyadnz|hourly,2026-08-17T18:48:05Z,2026-08-17T18:48:05Z,
205.185.121.177,ipv4,malicious-ip,medium,WHITE,ziyadnz/hourly-ipv4,ziyadnz|hourly,2026-08-17T18:48:05Z,2026-08-17T18:48:05Z,
205.185.122.121,ipv4,malicious-ip,medium,WHITE,ziyadnz/hourly-ipv4,ziyadnz|hourly,2026-08-17T18:48:05Z,2026-08-17T18:48:05Z,
205.185.123.102,ipv4,malicious-ip,medium,WHITE,ziyadnz/hourly-ipv4,ziyadnz|hourly,2026-08-17T18:48:05Z,2026-08-17T18:48:05Z,
205.185.123.93,ipv4,malicious-ip,medium,WHITE,ziyadnz/hourly-ipv4,ziyadnz|hourly,2026-08-17T18:48:05Z,2026-08-17T18:48:05Z,
205.185.124.105,ipv4,malicious-ip,medium,WHITE,ziyadnz/hourly-ipv4,ziyadnz|hourly,2026-08-17T18:48:05Z,2026-08-17T18:48:05Z,
205.185.124.176,ipv4,malicious-ip,medium,WHITE,ziyadnz/hourly-ipv4,ziyadnz|hourly,2026-08-17T18:48:05Z,2026-08-17T18:48:05Z,
205.185.125.185,ipv4,malicious-ip,medium,WHITE,ziyadnz/hourly-ipv4,ziyadnz|hourly,2026-08-17T18:48:05Z,2026-08-17T18:48:05Z,
205.185.127.97,ipv4,malicious-ip,medium,WHITE,ziyadnz/hourly-ipv4,ziyadnz|hourly,2026-08-17T18:48:05Z,2026-08-17T18:48:05Z,
205.186.144.66,ipv4,malicious-ip,medium,WHITE,ziyadnz/hourly-ipv4,ziyadnz|hourly,2026-08-17T18:48:05Z,2026-08-17T18:48:05Z,
205.188.148.0,ipv4,malicious-ip,medium,WHITE,ziyadnz/hourly-ipv4,ziyadnz|hourly,2026-08-17T18:48:05Z,2026-08-17T18:48:05Z,
205.188.148.104,ipv4,malicious-ip,medium,WHITE,ziyadnz/hourly-ipv4,ziyadnz|hourly,2026-08-17T18:48:05Z,2026-08-17T18:48:05Z,
205.188.148.11,ipv4,malicious-ip,medium,WHITE,ziyadnz/hourly-ipv4,ziyadnz|hourly,2026-08-17T18:48:05Z,2026-08-17T18:48:05Z,
205.188.148.113,ipv4,malicious-ip,medium,WHITE,ziyadnz/hourly-ipv4,ziyadnz|hourly,2026-08-17T18:48:05Z,2026-08-17T18:48:05Z,
205.188.148.133,ipv4,malicious-ip,medium,WHITE,ziyadnz/hourly-ipv4,ziyadnz|hourly,2026-08-17T18:48:05Z,2026-08-17T18:48:05Z,
205.188.148.149,ipv4,malicious-ip,medium,WHITE,ziyadnz/hourly-ipv4,ziyadnz|hourly,2026-08-17T18:48:05Z,2026-08-17T18:48:05Z,
205.188.148.182,ipv4,malicious-ip,medium,WHITE,ziyadnz/hourly-ipv4,ziyadnz|hourly,2026-08-17T18:48:05Z,2026-08-17T18:48:05Z,
205.188.148.191,ipv4,malicious-ip,medium,WHITE,ziyadnz/hourly-ipv4,ziyadnz|hourly,2026-08-17T18:48:05Z,2026-08-17T18:48:05Z,
205.188.148.213,ipv4,malicious-ip,medium,WHITE,ziyadnz/hourly-ipv4,ziyadnz|hourly,2026-08-17T18:48:05Z,2026-08-17T18:48:05Z,
205.188.148.214,ipv4,malicious-ip,medium,WHITE,ziyadnz/hourly-ipv4,ziyadnz|hourly,2026-08-17T18:48:05Z,2026-08-17T18:48:05Z,
205.188.148.223,ipv4,malicious-ip,medium,WHITE,ziyadnz/hourly-ipv4,ziyadnz|hourly,2026-08-17T18:48:05Z,2026-08-17T18:48:05Z,
205.188.148.226,ipv4,malicious-ip,medium,WHITE,ziyadnz/hourly-ipv4,ziyadnz|hourly,2026-08-17T18:48:05Z,2026-08-17T18:48:05Z,
205.188.148.241,ipv4,malicious-ip,medium,WHITE,ziyadnz/hourly-ipv4,ziyadnz|hourly,2026-08-17T18:48:05Z,2026-08-17T18:48:05Z,
205.188.148.243,ipv4,malicious-ip,medium,WHITE,ziyadnz/hourly-ipv4,ziyadnz|hourly,2026-08-17T18:48:05Z,2026-08-17T18:48:05Z,
205.188.148.248,ipv4,malicious-ip,medium,WHITE,ziyadnz/hourly-ipv4,ziyadnz|hourly,2026-08-17T18:48:05Z,2026-08-17T18:48:05Z,
205.188.148.39,ipv4,malicious-ip,medium,WHITE,ziyadnz/hourly-ipv4,ziyadnz|hourly,2026-08-17T18:48:05Z,2026-08-17T18:48:05Z,
205.188.148.48,ipv4,malicious-ip,medium,WHITE,ziyadnz/hourly-ipv4,ziyadnz|hourly,2026-08-17T18:48:05Z,2026-08-17T18:48:05Z,
205.188.148.60,ipv4,malicious-ip,medium,WHITE,ziyadnz/hourly-ipv4,ziyadnz|hourly,2026-08-17T18:48:05Z,2026-08-17T18:48:05Z,
205.188.148.61,ipv4,malicious-ip,medium,WHITE,ziyadnz/hourly-ipv4,ziyadnz|hourly,2026-08-17T18:48:05Z,2026-08-17T18:48:05Z,
205.188.148.68,ipv4,malicious-ip,medium,WHITE,ziyadnz/hourly-ipv4,ziyadnz|hourly,2026-08-17T18:48:05Z,2026-08-17T18:48:05Z,
205.188.149.0,ipv4,malicious-ip,medium,WHITE,ziyadnz/hourly-ipv4,ziyadnz|hourly,2026-08-17T18:48:05Z,2026-08-17T18:48:05Z,
205.188.149.100,ipv4,malicious-ip,medium,WHITE,ziyadnz/hourly-ipv4,ziyadnz|hourly,2026-08-17T18:48:05Z,2026-08-17T18:48:05Z,
205.188.149.111,ipv4,malicious-ip,medium,WHITE,ziyadnz/hourly-ipv4,ziyadnz|hourly,2026-08-17T18:48:05Z,2026-08-17T18:48:05Z,
205.188.149.112,ipv4,malicious-ip,medium,WHITE,ziyadnz/hourly-ipv4,ziyadnz|hourly,2026-08-17T18:48:05Z,2026-08-17T18:48:05Z,
205.188.149.117,ipv4,malicious-ip,medium,WHITE,ziyadnz/hourly-ipv4,ziyadnz|hourly,2026-08-17T18:48:05Z,2026-08-17T18:48:05Z,
205.188.149.124,ipv4,malicious-ip,medium,WHITE,ziyadnz/hourly-ipv4,ziyadnz|hourly,2026-08-17T18:48:05Z,2026-08-17T18:48:05Z,
205.188.149.131,ipv4,malicious-ip,medium,WHITE,ziyadnz/hourly-ipv4,ziyadnz|hourly,2026-08-17T18:48:05Z,2026-08-17T18:48:05Z,
205.188.149.133,ipv4,malicious-ip,medium,WHITE,ziyadnz/hourly-ipv4,ziyadnz|hourly,2026-08-17T18:48:05Z,2026-08-17T18:48:05Z,
205.188.149.136,ipv4,malicious-ip,medium,WHITE,ziyadnz/hourly-ipv4,ziyadnz|hourly,2026-08-17T18:48:05Z,2026-08-17T18:48:05Z,
205.188.149.145,ipv4,malicious-ip,medium,WHITE,ziyadnz/hourly-ipv4,ziyadnz|hourly,2026-08-17T18:48:05Z,2026-08-17T18:48:05Z,
205.188.149.15,ipv4,malicious-ip,medium,WHITE,ziyadnz/hourly-ipv4,ziyadnz|hourly,2026-08-17T18:48:05Z,2026-08-17T18:48:05Z,
205.188.149.154,ipv4,malicious-ip,medium,WHITE,ziyadnz/hourly-ipv4,ziyadnz|hourly,2026-08-17T18:48:05Z,2026-08-17T18:48:05Z,
205.188.149.165,ipv4,malicious-ip,medium,WHITE,ziyadnz/hourly-ipv4,ziyadnz|hourly,2026-08-17T18:48:05Z,2026-08-17T18:48:05Z,
205.188.149.167,ipv4,malicious-ip,medium,WHITE,ziyadnz/hourly-ipv4,ziyadnz|hourly,2026-08-17T18:48:05Z,2026-08-17T18:48:05Z,
205.188.149.174,ipv4,malicious-ip,medium,WHITE,ziyadnz/hourly-ipv4,ziyadnz|hourly,2026-08-17T18:48:05Z,2026-08-17T18:48:05Z,
205.188.149.176,ipv4,malicious-ip,medium,WHITE,ziyadnz/hourly-ipv4,ziyadnz|hourly,2026-08-17T18:48:05Z,2026-08-17T18:48:05Z,
205.188.149.178,ipv4,malicious-ip,medium,WHITE,ziyadnz/hourly-ipv4,ziyadnz|hourly,2026-08-17T18:48:05Z,2026-08-17T18:48:05Z,
205.188.149.183,ipv4,malicious-ip,medium,WHITE,ziyadnz/hourly-ipv4,ziyadnz|hourly,2026-08-17T18:48:05Z,2026-08-17T18:48:05Z,
205.188.149.197,ipv4,malicious-ip,medium,WHITE,ziyadnz/hourly-ipv4,ziyadnz|hourly,2026-08-17T18:48:05Z,2026-08-17T18:48:05Z,
205.188.149.206,ipv4,malicious-ip,medium,WHITE,ziyadnz/hourly-ipv4,ziyadnz|hourly,2026-08-17T18:48:05Z,2026-08-17T18:48:05Z,
205.188.149.21,ipv4,malicious-ip,medium,WHITE,ziyadnz/hourly-ipv4,ziyadnz|hourly,2026-08-17T18:48:05Z,2026-08-17T18:48:05Z,
205.188.149.234,ipv4,malicious-ip,medium,WHITE,ziyadnz/hourly-ipv4,ziyadnz|hourly,2026-08-17T18:48:05Z,2026-08-17T18:48:05Z,
205.188.149.242,ipv4,malicious-ip,medium,WHITE,ziyadnz/hourly-ipv4,ziyadnz|hourly,2026-08-17T18:48:05Z,2026-08-17T18:48:05Z,
205.188.149.246,ipv4,malicious-ip,medium,WHITE,ziyadnz/hourly-ipv4,ziyadnz|hourly,2026-08-17T18:48:05Z,2026-08-17T18:48:05Z,
205.188.149.27,ipv4,malicious-ip,medium,WHITE,ziyadnz/hourly-ipv4,ziyadnz|hourly,2026-08-17T18:48:05Z,2026-08-17T18:48:05Z,
205.188.149.30,ipv4,malicious-ip,medium,WHITE,ziyadnz/hourly-ipv4,ziyadnz|hourly,2026-08-17T18:48:05Z,2026-08-17T18:48:05Z,
205.188.149.38,ipv4,malicious-ip,medium,WHITE,ziyadnz/hourly-ipv4,ziyadnz|hourly,2026-08-17T18:48:05Z,2026-08-17T18:48:05Z,
205.188.149.43,ipv4,malicious-ip,medium,WHITE,ziyadnz/hourly-ipv4,ziyadnz|hourly,2026-08-17T18:48:05Z,2026-08-17T18:48:05Z,
205.188.149.44,ipv4,malicious-ip,medium,WHITE,ziyadnz/hourly-ipv4,ziyadnz|hourly,2026-08-17T18:48:05Z,2026-08-17T18:48:05Z,
205.188.149.61,ipv4,malicious-ip,medium,WHITE,ziyadnz/hourly-ipv4,ziyadnz|hourly,2026-08-17T18:48:05Z,2026-08-17T18:48:05Z,
205.188.149.77,ipv4,malicious-ip,medium,WHITE,ziyadnz/hourly-ipv4,ziyadnz|hourly,2026-08-17T18:48:05Z,2026-08-17T18:48:05Z,
205.188.149.97,ipv4,malicious-ip,medium,WHITE,ziyadnz/hourly-ipv4,ziyadnz|hourly,2026-08-17T18:48:05Z,2026-08-17T18:48:05Z,
205.188.154.0,ipv4,malicious-ip,medium,WHITE,ziyadnz/hourly-ipv4,ziyadnz|hourly,2026-08-17T18:48:05Z,2026-08-17T18:48:05Z,
205.188.154.107,ipv4,malicious-ip,medium,WHITE,ziyadnz/hourly-ipv4,ziyadnz|hourly,2026-08-17T18:48:05Z,2026-08-17T18:48:05Z,
205.188.154.109,ipv4,malicious-ip,medium,WHITE,ziyadnz/hourly-ipv4,ziyadnz|hourly,2026-08-17T18:48:05Z,2026-08-17T18:48:05Z,
205.188.154.128,ipv4,malicious-ip,medium,WHITE,ziyadnz/hourly-ipv4,ziyadnz|hourly,2026-08-17T18:48:05Z,2026-08-17T18:48:05Z,
205.188.154.132,ipv4,malicious-ip,medium,WHITE,ziyadnz/hourly-ipv4,ziyadnz|hourly,2026-08-17T18:48:05Z,2026-08-17T18:48:05Z,
205.188.154.141,ipv4,malicious-ip,medium,WHITE,ziyadnz/hourly-ipv4,ziyadnz|hourly,2026-08-17T18:48:05Z,2026-08-17T18:48:05Z,
205.188.154.188,ipv4,malicious-ip,medium,WHITE,ziyadnz/hourly-ipv4,ziyadnz|hourly,2026-08-17T18:48:05Z,2026-08-17T18:48:05Z,
205.188.154.19,ipv4,malicious-ip,medium,WHITE,ziyadnz/hourly-ipv4,ziyadnz|hourly,2026-08-17T18:48:05Z,2026-08-17T18:48:05Z,
205.188.154.2,ipv4,malicious-ip,medium,WHITE,ziyadnz/hourly-ipv4,ziyadnz|hourly,2026-08-17T18:48:05Z,2026-08-17T18:48:05Z,
205.188.154.202,ipv4,malicious-ip,medium,WHITE,ziyadnz/hourly-ipv4,ziyadnz|hourly,2026-08-17T18:48:05Z,2026-08-17T18:48:05Z,
205.188.154.216,ipv4,malicious-ip,medium,WHITE,ziyadnz/hourly-ipv4,ziyadnz|hourly,2026-08-17T18:48:05Z,2026-08-17T18:48:05Z,
205.188.154.218,ipv4,malicious-ip,medium,WHITE,ziyadnz/hourly-ipv4,ziyadnz|hourly,2026-08-17T18:48:05Z,2026-08-17T18:48:05Z,
205.188.154.22,ipv4,malicious-ip,medium,WHITE,ziyadnz/hourly-ipv4,ziyadnz|hourly,2026-08-17T18:48:05Z,2026-08-17T18:48:05Z,
205.188.154.220,ipv4,malicious-ip,medium,WHITE,ziyadnz/hourly-ipv4,ziyadnz|hourly,2026-08-17T18:48:05Z,2026-08-17T18:48:05Z,
205.188.154.233,ipv4,malicious-ip,medium,WHITE,ziyadnz/hourly-ipv4,ziyadnz|hourly,2026-08-17T18:48:05Z,2026-08-17T18:48:05Z,
205.188.154.234,ipv4,malicious-ip,medium,WHITE,ziyadnz/hourly-ipv4,ziyadnz|hourly,2026-08-17T18:48:05Z,2026-08-17T18:48:05Z,
205.188.154.237,ipv4,malicious-ip,medium,WHITE,ziyadnz/hourly-ipv4,ziyadnz|hourly,2026-08-17T18:48:05Z,2026-08-17T18:48:05Z,
205.188.154.239,ipv4,malicious-ip,medium,WHITE,ziyadnz/hourly-ipv4,ziyadnz|hourly,2026-08-17T18:48:05Z,2026-08-17T18:48:05Z,
205.188.154.37,ipv4,malicious-ip,medium,WHITE,ziyadnz/hourly-ipv4,ziyadnz|hourly,2026-08-17T18:48:05Z,2026-08-17T18:48:05Z,
205.188.154.45,ipv4,malicious-ip,medium,WHITE,ziyadnz/hourly-ipv4,ziyadnz|hourly,2026-08-17T18:48:05Z,2026-08-17T18:48:05Z,
205.188.154.50,ipv4,malicious-ip,medium,WHITE,ziyadnz/hourly-ipv4,ziyadnz|hourly,2026-08-17T18:48:05Z,2026-08-17T18:48:05Z,
205.188.154.64,ipv4,malicious-ip,medium,WHITE,ziyadnz/hourly-ipv4,ziyadnz|hourly,2026-08-17T18:48:05Z,2026-08-17T18:48:05Z,
205.188.154.67,ipv4,malicious-ip,medium,WHITE,ziyadnz/hourly-ipv4,ziyadnz|hourly,2026-08-17T18:48:05Z,2026-08-17T18:48:05Z,
205.188.154.7,ipv4,malicious-ip,medium,WHITE,ziyadnz/hourly-ipv4,ziyadnz|hourly,2026-08-17T18:48:05Z,2026-08-17T18:48:05Z,
205.188.154.71,ipv4,malicious-ip,medium,WHITE,ziyadnz/hourly-ipv4,ziyadnz|hourly,2026-08-17T18:48:05Z,2026-08-17T18:48:05Z,
205.188.154.77,ipv4,malicious-ip,medium,WHITE,ziyadnz/hourly-ipv4,ziyadnz|hourly,2026-08-17T18:48:05Z,2026-08-17T18:48:05Z,
205.188.154.79,ipv4,malicious-ip,medium,WHITE,ziyadnz/hourly-ipv4,ziyadnz|hourly,2026-08-17T18:48:05Z,2026-08-17T18:48:05Z,
205.188.154.87,ipv4,malicious-ip,medium,WHITE,ziyadnz/hourly-ipv4,ziyadnz|hourly,2026-08-17T18:48:05Z,2026-08-17T18:48:05Z,
205.188.154.89,ipv4,malicious-ip,medium,WHITE,ziyadnz/hourly-ipv4,ziyadnz|hourly,2026-08-17T18:48:05Z,2026-08-17T18:48:05Z,
205.188.154.99,ipv4,malicious-ip,medium,WHITE,ziyadnz/hourly-ipv4,ziyadnz|hourly,2026-08-17T18:48:05Z,2026-08-17T18:48:05Z,
205.188.155.0,ipv4,malicious-ip,medium,WHITE,ziyadnz/hourly-ipv4,ziyadnz|hourly,2026-08-17T18:48:05Z,2026-08-17T18:48:05Z,
205.188.155.107,ipv4,malicious-ip,medium,WHITE,ziyadnz/hourly-ipv4,ziyadnz|hourly,2026-08-17T18:48:05Z,2026-08-17T18:48:05Z,
205.188.155.112,ipv4,malicious-ip,medium,WHITE,ziyadnz/hourly-ipv4,ziyadnz|hourly,2026-08-17T18:48:05Z,2026-08-17T18:48:05Z,
205.188.155.117,ipv4,malicious-ip,medium,WHITE,ziyadnz/hourly-ipv4,ziyadnz|hourly,2026-08-17T18:48:05Z,2026-08-17T18:48:05Z,
205.188.155.127,ipv4,malicious-ip,medium,WHITE,ziyadnz/hourly-ipv4,ziyadnz|hourly,2026-08-17T18:48:05Z,2026-08-17T18:48:05Z,
205.188.155.138,ipv4,malicious-ip,medium,WHITE,ziyadnz/hourly-ipv4,ziyadnz|hourly,2026-08-17T18:48:05Z,2026-08-17T18:48:05Z,
205.188.155.141,ipv4,malicious-ip,medium,WHITE,ziyadnz/hourly-ipv4,ziyadnz|hourly,2026-08-17T18:48:05Z,2026-08-17T18:48:05Z,
205.188.155.153,ipv4,malicious-ip,medium,WHITE,ziyadnz/hourly-ipv4,ziyadnz|hourly,2026-08-17T18:48:05Z,2026-08-17T18:48:05Z,
205.188.155.154,ipv4,malicious-ip,medium,WHITE,ziyadnz/hourly-ipv4,ziyadnz|hourly,2026-08-17T18:48:05Z,2026-08-17T18:48:05Z,
205.188.155.161,ipv4,malicious-ip,medium,WHITE,ziyadnz/hourly-ipv4,ziyadnz|hourly,2026-08-17T18:48:05Z,2026-08-17T18:48:05Z,
205.188.155.168,ipv4,malicious-ip,medium,WHITE,ziyadnz/hourly-ipv4,ziyadnz|hourly,2026-08-17T18:48:05Z,2026-08-17T18:48:05Z,
205.188.155.17,ipv4,malicious-ip,medium,WHITE,ziyadnz/hourly-ipv4,ziyadnz|hourly,2026-08-17T18:48:05Z,2026-08-17T18:48:05Z,
205.188.155.181,ipv4,malicious-ip,medium,WHITE,ziyadnz/hourly-ipv4,ziyadnz|hourly,2026-08-17T18:48:05Z,2026-08-17T18:48:05Z,
205.188.155.185,ipv4,malicious-ip,medium,WHITE,ziyadnz/hourly-ipv4,ziyadnz|hourly,2026-08-17T18:48:05Z,2026-08-17T18:48:05Z,
205.188.155.189,ipv4,malicious-ip,medium,WHITE,ziyadnz/hourly-ipv4,ziyadnz|hourly,2026-08-17T18:48:05Z,2026-08-17T18:48:05Z,
205.188.155.192,ipv4,malicious-ip,medium,WHITE,ziyadnz/hourly-ipv4,ziyadnz|hourly,2026-08-17T18:48:05Z,2026-08-17T18:48:05Z,
205.188.155.197,ipv4,malicious-ip,medium,WHITE,ziyadnz/hourly-ipv4,ziyadnz|hourly,2026-08-17T18:48:05Z,2026-08-17T18:48:05Z,
205.188.155.21,ipv4,malicious-ip,medium,WHITE,ziyadnz/hourly-ipv4,ziyadnz|hourly,2026-08-17T18:48:05Z,2026-08-17T18:48:05Z,
205.188.155.212,ipv4,malicious-ip,medium,WHITE,ziyadnz/hourly-ipv4,ziyadnz|hourly,2026-08-17T18:48:05Z,2026-08-17T18:48:05Z,
205.188.155.237,ipv4,malicious-ip,medium,WHITE,ziyadnz/hourly-ipv4,ziyadnz|hourly,2026-08-17T18:48:05Z,2026-08-17T18:48:05Z,
205.188.155.238,ipv4,malicious-ip,medium,WHITE,ziyadnz/hourly-ipv4,ziyadnz|hourly,2026-08-17T18:48:05Z,2026-08-17T18:48:05Z,
205.188.155.246,ipv4,malicious-ip,medium,WHITE,ziyadnz/hourly-ipv4,ziyadnz|hourly,2026-08-17T18:48:05Z,2026-08-17T18:48:05Z,
205.188.155.249,ipv4,malicious-ip,medium,WHITE,ziyadnz/hourly-ipv4,ziyadnz|hourly,2026-08-17T18:48:05Z,2026-08-17T18:48:05Z,
205.188.155.38,ipv4,malicious-ip,medium,WHITE,ziyadnz/hourly-ipv4,ziyadnz|hourly,2026-08-17T18:48:05Z,2026-08-17T18:48:05Z,
205.188.155.4,ipv4,malicious-ip,medium,WHITE,ziyadnz/hourly-ipv4,ziyadnz|hourly,2026-08-17T18:48:05Z,2026-08-17T18:48:05Z,
205.188.155.47,ipv4,malicious-ip,medium,WHITE,ziyadnz/hourly-ipv4,ziyadnz|hourly,2026-08-17T18:48:05Z,2026-08-17T18:48:05Z,
205.188.155.48,ipv4,malicious-ip,medium,WHITE,ziyadnz/hourly-ipv4,ziyadnz|hourly,2026-08-17T18:48:05Z,2026-08-17T18:48:05Z,
205.188.155.59,ipv4,malicious-ip,medium,WHITE,ziyadnz/hourly-ipv4,ziyadnz|hourly,2026-08-17T18:48:05Z,2026-08-17T18:48:05Z,
205.188.155.6,ipv4,malicious-ip,medium,WHITE,ziyadnz/hourly-ipv4,ziyadnz|hourly,2026-08-17T18:48:05Z,2026-08-17T18:48:05Z,
205.188.155.81,ipv4,malicious-ip,medium,WHITE,ziyadnz/hourly-ipv4,ziyadnz|hourly,2026-08-17T18:48:05Z,2026-08-17T18:48:05Z,
205.188.184.0,ipv4,malicious-ip,medium,WHITE,ziyadnz/hourly-ipv4,ziyadnz|hourly,2026-08-17T18:48:05Z,2026-08-17T18:48:05Z,
205.188.184.105,ipv4,malicious-ip,medium,WHITE,ziyadnz/hourly-ipv4,ziyadnz|hourly,2026-08-17T18:48:05Z,2026-08-17T18:48:05Z,
205.188.184.113,ipv4,malicious-ip,medium,WHITE,ziyadnz/hourly-ipv4,ziyadnz|hourly,2026-08-17T18:48:05Z,2026-08-17T18:48:05Z,
205.188.184.153,ipv4,malicious-ip,medium,WHITE,ziyadnz/hourly-ipv4,ziyadnz|hourly,2026-08-17T18:48:05Z,2026-08-17T18:48:05Z,
205.188.184.16,ipv4,malicious-ip,medium,WHITE,ziyadnz/hourly-ipv4,ziyadnz|hourly,2026-08-17T18:48:05Z,2026-08-17T18:48:05Z,
205.188.184.164,ipv4,malicious-ip,medium,WHITE,ziyadnz/hourly-ipv4,ziyadnz|hourly,2026-08-17T18:48:05Z,2026-08-17T18:48:05Z,
205.188.184.170,ipv4,malicious-ip,medium,WHITE,ziyadnz/hourly-ipv4,ziyadnz|hourly,2026-08-17T18:48:05Z,2026-08-17T18:48:05Z,
205.188.184.174,ipv4,malicious-ip,medium,WHITE,ziyadnz/hourly-ipv4,ziyadnz|hourly,2026-08-17T18:48:05Z,2026-08-17T18:48:05Z,
205.188.184.178,ipv4,malicious-ip,medium,WHITE,ziyadnz/hourly-ipv4,ziyadnz|hourly,2026-08-17T18:48:05Z,2026-08-17T18:48:05Z,
205.188.184.188,ipv4,malicious-ip,medium,WHITE,ziyadnz/hourly-ipv4,ziyadnz|hourly,2026-08-17T18:48:05Z,2026-08-17T18:48:05Z,
205.188.184.190,ipv4,malicious-ip,medium,WHITE,ziyadnz/hourly-ipv4,ziyadnz|hourly,2026-08-17T18:48:05Z,2026-08-17T18:48:05Z,
205.188.184.202,ipv4,malicious-ip,medium,WHITE,ziyadnz/hourly-ipv4,ziyadnz|hourly,2026-08-17T18:48:05Z,2026-08-17T18:48:05Z,
205.188.184.205,ipv4,malicious-ip,medium,WHITE,ziyadnz/hourly-ipv4,ziyadnz|hourly,2026-08-17T18:48:05Z,2026-08-17T18:48:05Z,
205.188.184.208,ipv4,malicious-ip,medium,WHITE,ziyadnz/hourly-ipv4,ziyadnz|hourly,2026-08-17T18:48:05Z,2026-08-17T18:48:05Z,
205.188.184.223,ipv4,malicious-ip,medium,WHITE,ziyadnz/hourly-ipv4,ziyadnz|hourly,2026-08-17T18:48:05Z,2026-08-17T18:48:05Z,
205.188.184.224,ipv4,malicious-ip,medium,WHITE,ziyadnz/hourly-ipv4,ziyadnz|hourly,2026-08-17T18:48:05Z,2026-08-17T18:48:05Z,
205.188.184.230,ipv4,malicious-ip,medium,WHITE,ziyadnz/hourly-ipv4,ziyadnz|hourly,2026-08-17T18:48:05Z,2026-08-17T18:48:05Z,
205.188.184.245,ipv4,malicious-ip,medium,WHITE,ziyadnz/hourly-ipv4,ziyadnz|hourly,2026-08-17T18:48:05Z,2026-08-17T18:48:05Z,
205.188.184.25,ipv4,malicious-ip,medium,WHITE,ziyadnz/hourly-ipv4,ziyadnz|hourly,2026-08-17T18:48:05Z,2026-08-17T18:48:05Z,
205.188.184.33,ipv4,malicious-ip,medium,WHITE,ziyadnz/hourly-ipv4,ziyadnz|hourly,2026-08-17T18:48:05Z,2026-08-17T18:48:05Z,
205.188.184.37,ipv4,malicious-ip,medium,WHITE,ziyadnz/hourly-ipv4,ziyadnz|hourly,2026-08-17T18:48:05Z,2026-08-17T18:48:05Z,
205.188.184.43,ipv4,malicious-ip,medium,WHITE,ziyadnz/hourly-ipv4,ziyadnz|hourly,2026-08-17T18:48:05Z,2026-08-17T18:48:05Z,
205.188.184.52,ipv4,malicious-ip,medium,WHITE,ziyadnz/hourly-ipv4,ziyadnz|hourly,2026-08-17T18:48:05Z,2026-08-17T18:48:05Z,
205.188.184.86,ipv4,malicious-ip,medium,WHITE,ziyadnz/hourly-ipv4,ziyadnz|hourly,2026-08-17T18:48:05Z,2026-08-17T18:48:05Z,
205.188.185.0,ipv4,malicious-ip,medium,WHITE,ziyadnz/hourly-ipv4,ziyadnz|hourly,2026-08-17T18:48:05Z,2026-08-17T18:48:05Z,
205.188.185.102,ipv4,malicious-ip,medium,WHITE,ziyadnz/hourly-ipv4,ziyadnz|hourly,2026-08-17T18:48:05Z,2026-08-17T18:48:05Z,
205.188.185.103,ipv4,malicious-ip,medium,WHITE,ziyadnz/hourly-ipv4,ziyadnz|hourly,2026-08-17T18:48:05Z,2026-08-17T18:48:05Z,
205.188.185.107,ipv4,malicious-ip,medium,WHITE,ziyadnz/hourly-ipv4,ziyadnz|hourly,2026-08-17T18:48:05Z,2026-08-17T18:48:05Z,
205.188.185.121,ipv4,malicious-ip,medium,WHITE,ziyadnz/hourly-ipv4,ziyadnz|hourly,2026-08-17T18:48:05Z,2026-08-17T18:48:05Z,
205.188.185.132,ipv4,malicious-ip,medium,WHITE,ziyadnz/hourly-ipv4,ziyadnz|hourly,2026-08-17T18:48:05Z,2026-08-17T18:48:05Z,
205.188.185.138,ipv4,malicious-ip,medium,WHITE,ziyadnz/hourly-ipv4,ziyadnz|hourly,2026-08-17T18:48:05Z,2026-08-17T18:48:05Z,
205.188.185.146,ipv4,malicious-ip,medium,WHITE,ziyadnz/hourly-ipv4,ziyadnz|hourly,2026-08-17T18:48:05Z,2026-08-17T18:48:05Z,
205.188.185.154,ipv4,malicious-ip,medium,WHITE,ziyadnz/hourly-ipv4,ziyadnz|hourly,2026-08-17T18:48:05Z,2026-08-17T18:48:05Z,
205.188.185.157,ipv4,malicious-ip,medium,WHITE,ziyadnz/hourly-ipv4,ziyadnz|hourly,2026-08-17T18:48:05Z,2026-08-17T18:48:05Z,
205.188.185.17,ipv4,malicious-ip,medium,WHITE,ziyadnz/hourly-ipv4,ziyadnz|hourly,2026-08-17T18:48:05Z,2026-08-17T18:48:05Z,
205.188.185.182,ipv4,malicious-ip,medium,WHITE,ziyadnz/hourly-ipv4,ziyadnz|hourly,2026-08-17T18:48:05Z,2026-08-17T18:48:05Z,
205.188.185.199,ipv4,malicious-ip,medium,WHITE,ziyadnz/hourly-ipv4,ziyadnz|hourly,2026-08-17T18:48:05Z,2026-08-17T18:48:05Z,
205.188.185.206,ipv4,malicious-ip,medium,WHITE,ziyadnz/hourly-ipv4,ziyadnz|hourly,2026-08-17T18:48:05Z,2026-08-17T18:48:05Z,
205.188.185.211,ipv4,malicious-ip,medium,WHITE,ziyadnz/hourly-ipv4,ziyadnz|hourly,2026-08-17T18:48:05Z,2026-08-17T18:48:05Z,
205.188.185.217,ipv4,malicious-ip,medium,WHITE,ziyadnz/hourly-ipv4,ziyadnz|hourly,2026-08-17T18:48:05Z,2026-08-17T18:48:05Z,
205.188.185.22,ipv4,malicious-ip,medium,WHITE,ziyadnz/hourly-ipv4,ziyadnz|hourly,2026-08-17T18:48:05Z,2026-08-17T18:48:05Z,
205.188.185.221,ipv4,malicious-ip,medium,WHITE,ziyadnz/hourly-ipv4,ziyadnz|hourly,2026-08-17T18:48:05Z,2026-08-17T18:48:05Z,
205.188.185.236,ipv4,malicious-ip,medium,WHITE,ziyadnz/hourly-ipv4,ziyadnz|hourly,2026-08-17T18:48:05Z,2026-08-17T18:48:05Z,
205.188.185.238,ipv4,malicious-ip,medium,WHITE,ziyadnz/hourly-ipv4,ziyadnz|hourly,2026-08-17T18:48:05Z,2026-08-17T18:48:05Z,
205.188.185.240,ipv4,malicious-ip,medium,WHITE,ziyadnz/hourly-ipv4,ziyadnz|hourly,2026-08-17T18:48:05Z,2026-08-17T18:48:05Z,
205.188.185.26,ipv4,malicious-ip,medium,WHITE,ziyadnz/hourly-ipv4,ziyadnz|hourly,2026-08-17T18:48:05Z,2026-08-17T18:48:05Z,
205.188.185.32,ipv4,malicious-ip,medium,WHITE,ziyadnz/hourly-ipv4,ziyadnz|hourly,2026-08-17T18:48:05Z,2026-08-17T18:48:05Z,
205.188.185.43,ipv4,malicious-ip,medium,WHITE,ziyadnz/hourly-ipv4,ziyadnz|hourly,2026-08-17T18:48:05Z,2026-08-17T18:48:05Z,
205.188.185.54,ipv4,malicious-ip,medium,WHITE,ziyadnz/hourly-ipv4,ziyadnz|hourly,2026-08-17T18:48:05Z,2026-08-17T18:48:05Z,
205.188.185.61,ipv4,malicious-ip,medium,WHITE,ziyadnz/hourly-ipv4,ziyadnz|hourly,2026-08-17T18:48:05Z,2026-08-17T18:48:05Z,
205.188.185.69,ipv4,malicious-ip,medium,WHITE,ziyadnz/hourly-ipv4,ziyadnz|hourly,2026-08-17T18:48:05Z,2026-08-17T18:48:05Z,
205.188.185.82,ipv4,malicious-ip,medium,WHITE,ziyadnz/hourly-ipv4,ziyadnz|hourly,2026-08-17T18:48:05Z,2026-08-17T18:48:05Z,
205.188.185.93,ipv4,malicious-ip,medium,WHITE,ziyadnz/hourly-ipv4,ziyadnz|hourly,2026-08-17T18:48:05Z,2026-08-17T18:48:05Z,
205.188.185.96,ipv4,malicious-ip,medium,WHITE,ziyadnz/hourly-ipv4,ziyadnz|hourly,2026-08-17T18:48:05Z,2026-08-17T18:48:05Z,
205.188.229.0,ipv4,malicious-ip,medium,WHITE,ziyadnz/hourly-ipv4,ziyadnz|hourly,2026-08-17T18:48:05Z,2026-08-17T18:48:05Z,
205.188.229.100,ipv4,malicious-ip,medium,WHITE,ziyadnz/hourly-ipv4,ziyadnz|hourly,2026-08-17T18:48:05Z,2026-08-17T18:48:05Z,
205.188.229.114,ipv4,malicious-ip,medium,WHITE,ziyadnz/hourly-ipv4,ziyadnz|hourly,2026-08-17T18:48:05Z,2026-08-17T18:48:05Z,
205.188.229.118,ipv4,malicious-ip,medium,WHITE,ziyadnz/hourly-ipv4,ziyadnz|hourly,2026-08-17T18:48:05Z,2026-08-17T18:48:05Z,
205.188.229.135,ipv4,malicious-ip,medium,WHITE,ziyadnz/hourly-ipv4,ziyadnz|hourly,2026-08-17T18:48:05Z,2026-08-17T18:48:05Z,
205.188.229.14,ipv4,malicious-ip,medium,WHITE,ziyadnz/hourly-ipv4,ziyadnz|hourly,2026-08-17T18:48:05Z,2026-08-17T18:48:05Z,
205.188.229.142,ipv4,malicious-ip,medium,WHITE,ziyadnz/hourly-ipv4,ziyadnz|hourly,2026-08-17T18:48:05Z,2026-08-17T18:48:05Z,
205.188.229.144,ipv4,malicious-ip,medium,WHITE,ziyadnz/hourly-ipv4,ziyadnz|hourly,2026-08-17T18:48:05Z,2026-08-17T18:48:05Z,
205.188.229.148,ipv4,malicious-ip,medium,WHITE,ziyadnz/hourly-ipv4,ziyadnz|hourly,2026-08-17T18:48:05Z,2026-08-17T18:48:05Z,
205.188.229.150,ipv4,malicious-ip,medium,WHITE,ziyadnz/hourly-ipv4,ziyadnz|hourly,2026-08-17T18:48:05Z,2026-08-17T18:48:05Z,
205.188.229.180,ipv4,malicious-ip,medium,WHITE,ziyadnz/hourly-ipv4,ziyadnz|hourly,2026-08-17T18:48:05Z,2026-08-17T18:48:05Z,
205.188.229.208,ipv4,malicious-ip,medium,WHITE,ziyadnz/hourly-ipv4,ziyadnz|hourly,2026-08-17T18:48:05Z,2026-08-17T18:48:05Z,
205.188.229.209,ipv4,malicious-ip,medium,WHITE,ziyadnz/hourly-ipv4,ziyadnz|hourly,2026-08-17T18:48:05Z,2026-08-17T18:48:05Z,
205.188.229.243,ipv4,malicious-ip,medium,WHITE,ziyadnz/hourly-ipv4,ziyadnz|hourly,2026-08-17T18:48:05Z,2026-08-17T18:48:05Z,
205.188.229.247,ipv4,malicious-ip,medium,WHITE,ziyadnz/hourly-ipv4,ziyadnz|hourly,2026-08-17T18:48:05Z,2026-08-17T18:48:05Z,
205.188.229.25,ipv4,malicious-ip,medium,WHITE,ziyadnz/hourly-ipv4,ziyadnz|hourly,2026-08-17T18:48:05Z,2026-08-17T18:48:05Z,
205.188.229.46,ipv4,malicious-ip,medium,WHITE,ziyadnz/hourly-ipv4,ziyadnz|hourly,2026-08-17T18:48:05Z,2026-08-17T18:48:05Z,
205.188.229.48,ipv4,malicious-ip,medium,WHITE,ziyadnz/hourly-ipv4,ziyadnz|hourly,2026-08-17T18:48:05Z,2026-08-17T18:48:05Z,
205.188.229.50,ipv4,malicious-ip,medium,WHITE,ziyadnz/hourly-ipv4,ziyadnz|hourly,2026-08-17T18:48:05Z,2026-08-17T18:48:05Z,
205.188.229.6,ipv4,malicious-ip,medium,WHITE,ziyadnz/hourly-ipv4,ziyadnz|hourly,2026-08-17T18:48:05Z,2026-08-17T18:48:05Z,
205.188.229.7,ipv4,malicious-ip,medium,WHITE,ziyadnz/hourly-ipv4,ziyadnz|hourly,2026-08-17T18:48:05Z,2026-08-17T18:48:05Z,
205.188.229.70,ipv4,malicious-ip,medium,WHITE,ziyadnz/hourly-ipv4,ziyadnz|hourly,2026-08-17T18:48:05Z,2026-08-17T18:48:05Z,
205.188.229.84,ipv4,malicious-ip,medium,WHITE,ziyadnz/hourly-ipv4,ziyadnz|hourly,2026-08-17T18:48:05Z,2026-08-17T18:48:05Z,
205.188.229.89,ipv4,malicious-ip,medium,WHITE,ziyadnz/hourly-ipv4,ziyadnz|hourly,2026-08-17T18:48:05Z,2026-08-17T18:48:05Z,
205.188.229.92,ipv4,malicious-ip,medium,WHITE,ziyadnz/hourly-ipv4,ziyadnz|hourly,2026-08-17T18:48:05Z,2026-08-17T18:48:05Z,
205.188.229.94,ipv4,malicious-ip,medium,WHITE,ziyadnz/hourly-ipv4,ziyadnz|hourly,2026-08-17T18:48:05Z,2026-08-17T18:48:05Z,
205.188.229.96,ipv4,malicious-ip,medium,WHITE,ziyadnz/hourly-ipv4,ziyadnz|hourly,2026-08-17T18:48:05Z,2026-08-17T18:48:05Z,
205.188.63.0,ipv4,malicious-ip,medium,WHITE,ziyadnz/hourly-ipv4,ziyadnz|hourly,2026-08-17T18:48:05Z,2026-08-17T18:48:05Z,
205.188.63.102,ipv4,malicious-ip,medium,WHITE,ziyadnz/hourly-ipv4,ziyadnz|hourly,2026-08-17T18:48:05Z,2026-08-17T18:48:05Z,
205.188.63.108,ipv4,malicious-ip,medium,WHITE,ziyadnz/hourly-ipv4,ziyadnz|hourly,2026-08-17T18:48:05Z,2026-08-17T18:48:05Z,
205.188.63.112,ipv4,malicious-ip,medium,WHITE,ziyadnz/hourly-ipv4,ziyadnz|hourly,2026-08-17T18:48:05Z,2026-08-17T18:48:05Z,
205.188.63.139,ipv4,malicious-ip,medium,WHITE,ziyadnz/hourly-ipv4,ziyadnz|hourly,2026-08-17T18:48:05Z,2026-08-17T18:48:05Z,
205.188.63.141,ipv4,malicious-ip,medium,WHITE,ziyadnz/hourly-ipv4,ziyadnz|hourly,2026-08-17T18:48:05Z,2026-08-17T18:48:05Z,
205.188.63.145,ipv4,malicious-ip,medium,WHITE,ziyadnz/hourly-ipv4,ziyadnz|hourly,2026-08-17T18:48:05Z,2026-08-17T18:48:05Z,
205.188.63.150,ipv4,malicious-ip,medium,WHITE,ziyadnz/hourly-ipv4,ziyadnz|hourly,2026-08-17T18:48:05Z,2026-08-17T18:48:05Z,
205.188.63.180,ipv4,malicious-ip,medium,WHITE,ziyadnz/hourly-ipv4,ziyadnz|hourly,2026-08-17T18:48:05Z,2026-08-17T18:48:05Z,
205.188.63.186,ipv4,malicious-ip,medium,WHITE,ziyadnz/hourly-ipv4,ziyadnz|hourly,2026-08-17T18:48:05Z,2026-08-17T18:48:05Z,
205.188.63.192,ipv4,malicious-ip,medium,WHITE,ziyadnz/hourly-ipv4,ziyadnz|hourly,2026-08-17T18:48:05Z,2026-08-17T18:48:05Z,
205.188.63.206,ipv4,malicious-ip,medium,WHITE,ziyadnz/hourly-ipv4,ziyadnz|hourly,2026-08-17T18:48:05Z,2026-08-17T18:48:05Z,
205.188.63.208,ipv4,malicious-ip,medium,WHITE,ziyadnz/hourly-ipv4,ziyadnz|hourly,2026-08-17T18:48:05Z,2026-08-17T18:48:05Z,
205.188.63.220,ipv4,malicious-ip,medium,WHITE,ziyadnz/hourly-ipv4,ziyadnz|hourly,2026-08-17T18:48:05Z,2026-08-17T18:48:05Z,
205.188.63.230,ipv4,malicious-ip,medium,WHITE,ziyadnz/hourly-ipv4,ziyadnz|hourly,2026-08-17T18:48:05Z,2026-08-17T18:48:05Z,
205.188.63.235,ipv4,malicious-ip,medium,WHITE,ziyadnz/hourly-ipv4,ziyadnz|hourly,2026-08-17T18:48:05Z,2026-08-17T18:48:05Z,
205.188.63.240,ipv4,malicious-ip,medium,WHITE,ziyadnz/hourly-ipv4,ziyadnz|hourly,2026-08-17T18:48:05Z,2026-08-17T18:48:05Z,
205.188.63.243,ipv4,malicious-ip,medium,WHITE,ziyadnz/hourly-ipv4,ziyadnz|hourly,2026-08-17T18:48:05Z,2026-08-17T18:48:05Z,
205.188.63.249,ipv4,malicious-ip,medium,WHITE,ziyadnz/hourly-ipv4,ziyadnz|hourly,2026-08-17T18:48:05Z,2026-08-17T18:48:05Z,
205.188.63.25,ipv4,malicious-ip,medium,WHITE,ziyadnz/hourly-ipv4,ziyadnz|hourly,2026-08-17T18:48:05Z,2026-08-17T18:48:05Z,
205.188.63.27,ipv4,malicious-ip,medium,WHITE,ziyadnz/hourly-ipv4,ziyadnz|hourly,2026-08-17T18:48:05Z,2026-08-17T18:48:05Z,
205.188.63.34,ipv4,malicious-ip,medium,WHITE,ziyadnz/hourly-ipv4,ziyadnz|hourly,2026-08-17T18:48:05Z,2026-08-17T18:48:05Z,
205.188.63.40,ipv4,malicious-ip,medium,WHITE,ziyadnz/hourly-ipv4,ziyadnz|hourly,2026-08-17T18:48:05Z,2026-08-17T18:48:05Z,
205.188.63.50,ipv4,malicious-ip,medium,WHITE,ziyadnz/hourly-ipv4,ziyadnz|hourly,2026-08-17T18:48:05Z,2026-08-17T18:48:05Z,
205.188.63.77,ipv4,malicious-ip,medium,WHITE,ziyadnz/hourly-ipv4,ziyadnz|hourly,2026-08-17T18:48:05Z,2026-08-17T18:48:05Z,
205.188.63.93,ipv4,malicious-ip,medium,WHITE,ziyadnz/hourly-ipv4,ziyadnz|hourly,2026-08-17T18:48:05Z,2026-08-17T18:48:05Z,
205.188.63.96,ipv4,malicious-ip,medium,WHITE,ziyadnz/hourly-ipv4,ziyadnz|hourly,2026-08-17T18:48:05Z,2026-08-17T18:48:05Z,
205.189.160.3,ipv4,malicious-ip,medium,WHITE,ziyadnz/hourly-ipv4,ziyadnz|hourly,2026-08-17T18:48:05Z,2026-08-17T18:48:05Z,
205.196.17.187,ipv4,malicious-ip,medium,WHITE,ziyadnz/hourly-ipv4,ziyadnz|hourly,2026-08-17T18:48:05Z,2026-08-17T18:48:05Z,
205.209.116.54,ipv4,malicious-ip,medium,WHITE,ziyadnz/hourly-ipv4,ziyadnz|hourly,2026-08-17T18:48:05Z,2026-08-17T18:48:05Z,
205.209.121.72,ipv4,malicious-ip,medium,WHITE,ziyadnz/hourly-ipv4,ziyadnz|hourly,2026-08-17T18:48:05Z,2026-08-17T18:48:05Z,
205.209.64.135,ipv4,malicious-ip,medium,WHITE,ziyadnz/hourly-ipv4,ziyadnz|hourly,2026-08-17T18:48:05Z,2026-08-17T18:48:05Z,
205.210.31.0,ipv4,malicious-ip,medium,WHITE,ziyadnz/hourly-ipv4,ziyadnz|hourly,2026-08-17T18:48:05Z,2026-08-17T18:48:05Z,
205.210.31.10,ipv4,malicious-ip,medium,WHITE,ziyadnz/hourly-ipv4,ziyadnz|hourly,2026-08-17T18:48:05Z,2026-08-17T18:48:05Z,
205.210.31.100,ipv4,malicious-ip,medium,WHITE,ziyadnz/hourly-ipv4,ziyadnz|hourly,2026-08-17T18:48:05Z,2026-08-17T18:48:05Z,
205.210.31.101,ipv4,malicious-ip,medium,WHITE,ziyadnz/hourly-ipv4,ziyadnz|hourly,2026-08-17T18:48:05Z,2026-08-17T18:48:05Z,
205.210.31.102,ipv4,malicious-ip,medium,WHITE,ziyadnz/hourly-ipv4,ziyadnz|hourly,2026-08-17T18:48:05Z,2026-08-17T18:48:05Z,
205.210.31.103,ipv4,malicious-ip,medium,WHITE,ziyadnz/hourly-ipv4,ziyadnz|hourly,2026-08-17T18:48:05Z,2026-08-17T18:48:05Z,
205.210.31.104,ipv4,malicious-ip,medium,WHITE,ziyadnz/hourly-ipv4,ziyadnz|hourly,2026-08-17T18:48:05Z,2026-08-17T18:48:05Z,
205.210.31.105,ipv4,malicious-ip,medium,WHITE,ziyadnz/hourly-ipv4,ziyadnz|hourly,2026-08-17T18:48:05Z,2026-08-17T18:48:05Z,
205.210.31.106,ipv4,malicious-ip,medium,WHITE,ziyadnz/hourly-ipv4,ziyadnz|hourly,2026-08-17T18:48:05Z,2026-08-17T18:48:05Z,
205.210.31.107,ipv4,malicious-ip,medium,WHITE,ziyadnz/hourly-ipv4,ziyadnz|hourly,2026-08-17T18:48:05Z,2026-08-17T18:48:05Z,
205.210.31.108,ipv4,malicious-ip,medium,WHITE,ziyadnz/hourly-ipv4,ziyadnz|hourly,2026-08-17T18:48:05Z,2026-08-17T18:48:05Z,
205.210.31.109,ipv4,malicious-ip,medium,WHITE,ziyadnz/hourly-ipv4,ziyadnz|hourly,2026-08-17T18:48:05Z,2026-08-17T18:48:05Z,
205.210.31.11,ipv4,malicious-ip,medium,WHITE,ziyadnz/hourly-ipv4,ziyadnz|hourly,2026-08-17T18:48:05Z,2026-08-17T18:48:05Z,
205.210.31.110,ipv4,malicious-ip,medium,WHITE,ziyadnz/hourly-ipv4,ziyadnz|hourly,2026-08-17T18:48:05Z,2026-08-17T18:48:05Z,
205.210.31.111,ipv4,malicious-ip,medium,WHITE,ziyadnz/hourly-ipv4,ziyadnz|hourly,2026-08-17T18:48:05Z,2026-08-17T18:48:05Z,
205.210.31.12,ipv4,malicious-ip,medium,WHITE,ziyadnz/hourly-ipv4,ziyadnz|hourly,2026-08-17T18:48:05Z,2026-08-17T18:48:05Z,
205.210.31.123,ipv4,malicious-ip,medium,WHITE,ziyadnz/hourly-ipv4,ziyadnz|hourly,2026-08-17T18:48:05Z,2026-08-17T18:48:05Z,
205.210.31.128,ipv4,malicious-ip,medium,WHITE,ziyadnz/hourly-ipv4,ziyadnz|hourly,2026-08-17T18:48:05Z,2026-08-17T18:48:05Z,
205.210.31.129,ipv4,malicious-ip,medium,WHITE,ziyadnz/hourly-ipv4,ziyadnz|hourly,2026-08-17T18:48:05Z,2026-08-17T18:48:05Z,
205.210.31.13,ipv4,malicious-ip,medium,WHITE,ziyadnz/hourly-ipv4,ziyadnz|hourly,2026-08-17T18:48:05Z,2026-08-17T18:48:05Z,
205.210.31.130,ipv4,malicious-ip,medium,WHITE,ziyadnz/hourly-ipv4,ziyadnz|hourly,2026-08-17T18:48:05Z,2026-08-17T18:48:05Z,
205.210.31.131,ipv4,malicious-ip,medium,WHITE,ziyadnz/hourly-ipv4,ziyadnz|hourly,2026-08-17T18:48:05Z,2026-08-17T18:48:05Z,
205.210.31.132,ipv4,malicious-ip,medium,WHITE,ziyadnz/hourly-ipv4,ziyadnz|hourly,2026-08-17T18:48:05Z,2026-08-17T18:48:05Z,
205.210.31.133,ipv4,malicious-ip,medium,WHITE,ziyadnz/hourly-ipv4,ziyadnz|hourly,2026-08-17T18:48:05Z,2026-08-17T18:48:05Z,
205.210.31.134,ipv4,malicious-ip,medium,WHITE,ziyadnz/hourly-ipv4,ziyadnz|hourly,2026-08-17T18:48:05Z,2026-08-17T18:48:05Z,
205.210.31.135,ipv4,malicious-ip,medium,WHITE,ziyadnz/hourly-ipv4,ziyadnz|hourly,2026-08-17T18:48:05Z,2026-08-17T18:48:05Z,
205.210.31.136,ipv4,malicious-ip,medium,WHITE,ziyadnz/hourly-ipv4,ziyadnz|hourly,2026-08-17T18:48:05Z,2026-08-17T18:48:05Z,
205.210.31.137,ipv4,malicious-ip,medium,WHITE,ziyadnz/hourly-ipv4,ziyadnz|hourly,2026-08-17T18:48:05Z,2026-08-17T18:48:05Z,
205.210.31.138,ipv4,malicious-ip,medium,WHITE,ziyadnz/hourly-ipv4,ziyadnz|hourly,2026-08-17T18:48:05Z,2026-08-17T18:48:05Z,
205.210.31.139,ipv4,malicious-ip,medium,WHITE,ziyadnz/hourly-ipv4,ziyadnz|hourly,2026-08-17T18:48:05Z,2026-08-17T18:48:05Z,
205.210.31.14,ipv4,malicious-ip,medium,WHITE,ziyadnz/hourly-ipv4,ziyadnz|hourly,2026-08-17T18:48:05Z,2026-08-17T18:48:05Z,
205.210.31.140,ipv4,malicious-ip,medium,WHITE,ziyadnz/hourly-ipv4,ziyadnz|hourly,2026-08-17T18:48:05Z,2026-08-17T18:48:05Z,
205.210.31.141,ipv4,malicious-ip,medium,WHITE,ziyadnz/hourly-ipv4,ziyadnz|hourly,2026-08-17T18:48:05Z,2026-08-17T18:48:05Z,
205.210.31.142,ipv4,malicious-ip,medium,WHITE,ziyadnz/hourly-ipv4,ziyadnz|hourly,2026-08-17T18:48:05Z,2026-08-17T18:48:05Z,
205.210.31.143,ipv4,malicious-ip,medium,WHITE,ziyadnz/hourly-ipv4,ziyadnz|hourly,2026-08-17T18:48:05Z,2026-08-17T18:48:05Z,
205.210.31.144,ipv4,malicious-ip,medium,WHITE,ziyadnz/hourly-ipv4,ziyadnz|hourly,2026-08-17T18:48:05Z,2026-08-17T18:48:05Z,
205.210.31.145,ipv4,malicious-ip,medium,WHITE,ziyadnz/hourly-ipv4,ziyadnz|hourly,2026-08-17T18:48:05Z,2026-08-17T18:48:05Z,
205.210.31.146,ipv4,malicious-ip,medium,WHITE,ziyadnz/hourly-ipv4,ziyadnz|hourly,2026-08-17T18:48:05Z,2026-08-17T18:48:05Z,
205.210.31.147,ipv4,malicious-ip,medium,WHITE,ziyadnz/hourly-ipv4,ziyadnz|hourly,2026-08-17T18:48:05Z,2026-08-17T18:48:05Z,
205.210.31.148,ipv4,malicious-ip,medium,WHITE,ziyadnz/hourly-ipv4,ziyadnz|hourly,2026-08-17T18:48:05Z,2026-08-17T18:48:05Z,
205.210.31.149,ipv4,malicious-ip,medium,WHITE,ziyadnz/hourly-ipv4,ziyadnz|hourly,2026-08-17T18:48:05Z,2026-08-17T18:48:05Z,
205.210.31.15,ipv4,malicious-ip,medium,WHITE,ziyadnz/hourly-ipv4,ziyadnz|hourly,2026-08-17T18:48:05Z,2026-08-17T18:48:05Z,
205.210.31.150,ipv4,malicious-ip,medium,WHITE,ziyadnz/hourly-ipv4,ziyadnz|hourly,2026-08-17T18:48:05Z,2026-08-17T18:48:05Z,
205.210.31.151,ipv4,malicious-ip,medium,WHITE,ziyadnz/hourly-ipv4,ziyadnz|hourly,2026-08-17T18:48:05Z,2026-08-17T18:48:05Z,
205.210.31.152,ipv4,malicious-ip,medium,WHITE,ziyadnz/hourly-ipv4,ziyadnz|hourly,2026-08-17T18:48:05Z,2026-08-17T18:48:05Z,
205.210.31.153,ipv4,malicious-ip,medium,WHITE,ziyadnz/hourly-ipv4,ziyadnz|hourly,2026-08-17T18:48:05Z,2026-08-17T18:48:05Z,
205.210.31.154,ipv4,malicious-ip,medium,WHITE,ziyadnz/hourly-ipv4,ziyadnz|hourly,2026-08-17T18:48:05Z,2026-08-17T18:48:05Z,
205.210.31.155,ipv4,malicious-ip,medium,WHITE,ziyadnz/hourly-ipv4,ziyadnz|hourly,2026-08-17T18:48:05Z,2026-08-17T18:48:05Z,
205.210.31.156,ipv4,malicious-ip,medium,WHITE,ziyadnz/hourly-ipv4,ziyadnz|hourly,2026-08-17T18:48:05Z,2026-08-17T18:48:05Z,
205.210.31.158,ipv4,malicious-ip,medium,WHITE,ziyadnz/hourly-ipv4,ziyadnz|hourly,2026-08-17T18:48:05Z,2026-08-17T18:48:05Z,
205.210.31.159,ipv4,malicious-ip,medium,WHITE,ziyadnz/hourly-ipv4,ziyadnz|hourly,2026-08-17T18:48:05Z,2026-08-17T18:48:05Z,
205.210.31.16,ipv4,malicious-ip,medium,WHITE,ziyadnz/hourly-ipv4,ziyadnz|hourly,2026-08-17T18:48:05Z,2026-08-17T18:48:05Z,
205.210.31.161,ipv4,malicious-ip,medium,WHITE,ziyadnz/hourly-ipv4,ziyadnz|hourly,2026-08-17T18:48:05Z,2026-08-17T18:48:05Z,
205.210.31.162,ipv4,malicious-ip,medium,WHITE,ziyadnz/hourly-ipv4,ziyadnz|hourly,2026-08-17T18:48:05Z,2026-08-17T18:48:05Z,
205.210.31.163,ipv4,malicious-ip,medium,WHITE,ziyadnz/hourly-ipv4,ziyadnz|hourly,2026-08-17T18:48:05Z,2026-08-17T18:48:05Z,
205.210.31.164,ipv4,malicious-ip,medium,WHITE,ziyadnz/hourly-ipv4,ziyadnz|hourly,2026-08-17T18:48:05Z,2026-08-17T18:48:05Z,
205.210.31.165,ipv4,malicious-ip,medium,WHITE,ziyadnz/hourly-ipv4,ziyadnz|hourly,2026-08-17T18:48:05Z,2026-08-17T18:48:05Z,
205.210.31.166,ipv4,malicious-ip,medium,WHITE,ziyadnz/hourly-ipv4,ziyadnz|hourly,2026-08-17T18:48:05Z,2026-08-17T18:48:05Z,
205.210.31.167,ipv4,malicious-ip,medium,WHITE,ziyadnz/hourly-ipv4,ziyadnz|hourly,2026-08-17T18:48:05Z,2026-08-17T18:48:05Z,
205.210.31.168,ipv4,malicious-ip,medium,WHITE,ziyadnz/hourly-ipv4,ziyadnz|hourly,2026-08-17T18:48:05Z,2026-08-17T18:48:05Z,
205.210.31.169,ipv4,malicious-ip,medium,WHITE,ziyadnz/hourly-ipv4,ziyadnz|hourly,2026-08-17T18:48:05Z,2026-08-17T18:48:05Z,
205.210.31.17,ipv4,malicious-ip,medium,WHITE,ziyadnz/hourly-ipv4,ziyadnz|hourly,2026-08-17T18:48:05Z,2026-08-17T18:48:05Z,
205.210.31.170,ipv4,malicious-ip,medium,WHITE,ziyadnz/hourly-ipv4,ziyadnz|hourly,2026-08-17T18:48:05Z,2026-08-17T18:48:05Z,
205.210.31.171,ipv4,malicious-ip,medium,WHITE,ziyadnz/hourly-ipv4,ziyadnz|hourly,2026-08-17T18:48:05Z,2026-08-17T18:48:05Z,
205.210.31.172,ipv4,malicious-ip,medium,WHITE,ziyadnz/hourly-ipv4,ziyadnz|hourly,2026-08-17T18:48:05Z,2026-08-17T18:48:05Z,
205.210.31.173,ipv4,malicious-ip,medium,WHITE,ziyadnz/hourly-ipv4,ziyadnz|hourly,2026-08-17T18:48:05Z,2026-08-17T18:48:05Z,
205.210.31.174,ipv4,malicious-ip,medium,WHITE,ziyadnz/hourly-ipv4,ziyadnz|hourly,2026-08-17T18:48:05Z,2026-08-17T18:48:05Z,
205.210.31.175,ipv4,malicious-ip,medium,WHITE,ziyadnz/hourly-ipv4,ziyadnz|hourly,2026-08-17T18:48:05Z,2026-08-17T18:48:05Z,
205.210.31.176,ipv4,malicious-ip,medium,WHITE,ziyadnz/hourly-ipv4,ziyadnz|hourly,2026-08-17T18:48:05Z,2026-08-17T18:48:05Z,
205.210.31.177,ipv4,malicious-ip,medium,WHITE,ziyadnz/hourly-ipv4,ziyadnz|hourly,2026-08-17T18:48:05Z,2026-08-17T18:48:05Z,
205.210.31.178,ipv4,malicious-ip,medium,WHITE,ziyadnz/hourly-ipv4,ziyadnz|hourly,2026-08-17T18:48:05Z,2026-08-17T18:48:05Z,
205.210.31.18,ipv4,malicious-ip,medium,WHITE,ziyadnz/hourly-ipv4,ziyadnz|hourly,2026-08-17T18:48:05Z,2026-08-17T18:48:05Z,
205.210.31.180,ipv4,malicious-ip,medium,WHITE,ziyadnz/hourly-ipv4,ziyadnz|hourly,2026-08-17T18:48:05Z,2026-08-17T18:48:05Z,
205.210.31.181,ipv4,malicious-ip,medium,WHITE,ziyadnz/hourly-ipv4,ziyadnz|hourly,2026-08-17T18:48:05Z,2026-08-17T18:48:05Z,
205.210.31.182,ipv4,malicious-ip,medium,WHITE,ziyadnz/hourly-ipv4,ziyadnz|hourly,2026-08-17T18:48:05Z,2026-08-17T18:48:05Z,
205.210.31.183,ipv4,malicious-ip,medium,WHITE,ziyadnz/hourly-ipv4,ziyadnz|hourly,2026-08-17T18:48:05Z,2026-08-17T18:48:05Z,
205.210.31.184,ipv4,malicious-ip,medium,WHITE,ziyadnz/hourly-ipv4,ziyadnz|hourly,2026-08-17T18:48:05Z,2026-08-17T18:48:05Z,
205.210.31.185,ipv4,malicious-ip,medium,WHITE,ziyadnz/hourly-ipv4,ziyadnz|hourly,2026-08-17T18:48:05Z,2026-08-17T18:48:05Z,
205.210.31.186,ipv4,malicious-ip,medium,WHITE,ziyadnz/hourly-ipv4,ziyadnz|hourly,2026-08-17T18:48:05Z,2026-08-17T18:48:05Z,
205.210.31.19,ipv4,malicious-ip,medium,WHITE,ziyadnz/hourly-ipv4,ziyadnz|hourly,2026-08-17T18:48:05Z,2026-08-17T18:48:05Z,
205.210.31.192,ipv4,malicious-ip,medium,WHITE,ziyadnz/hourly-ipv4,ziyadnz|hourly,2026-08-17T18:48:05Z,2026-08-17T18:48:05Z,
205.210.31.193,ipv4,malicious-ip,medium,WHITE,ziyadnz/hourly-ipv4,ziyadnz|hourly,2026-08-17T18:48:05Z,2026-08-17T18:48:05Z,
205.210.31.194,ipv4,malicious-ip,medium,WHITE,ziyadnz/hourly-ipv4,ziyadnz|hourly,2026-08-17T18:48:05Z,2026-08-17T18:48:05Z,
205.210.31.195,ipv4,malicious-ip,medium,WHITE,ziyadnz/hourly-ipv4,ziyadnz|hourly,2026-08-17T18:48:05Z,2026-08-17T18:48:05Z,
205.210.31.196,ipv4,malicious-ip,medium,WHITE,ziyadnz/hourly-ipv4,ziyadnz|hourly,2026-08-17T18:48:05Z,2026-08-17T18:48:05Z,
205.210.31.197,ipv4,malicious-ip,medium,WHITE,ziyadnz/hourly-ipv4,ziyadnz|hourly,2026-08-17T18:48:05Z,2026-08-17T18:48:05Z,
205.210.31.198,ipv4,malicious-ip,medium,WHITE,ziyadnz/hourly-ipv4,ziyadnz|hourly,2026-08-17T18:48:05Z,2026-08-17T18:48:05Z,
205.210.31.199,ipv4,malicious-ip,medium,WHITE,ziyadnz/hourly-ipv4,ziyadnz|hourly,2026-08-17T18:48:05Z,2026-08-17T18:48:05Z,
205.210.31.2,ipv4,malicious-ip,medium,WHITE,ziyadnz/hourly-ipv4,ziyadnz|hourly,2026-08-17T18:48:05Z,2026-08-17T18:48:05Z,
205.210.31.20,ipv4,malicious-ip,medium,WHITE,ziyadnz/hourly-ipv4,ziyadnz|hourly,2026-08-17T18:48:05Z,2026-08-17T18:48:05Z,
205.210.31.200,ipv4,malicious-ip,medium,WHITE,ziyadnz/hourly-ipv4,ziyadnz|hourly,2026-08-17T18:48:05Z,2026-08-17T18:48:05Z,
205.210.31.201,ipv4,malicious-ip,medium,WHITE,ziyadnz/hourly-ipv4,ziyadnz|hourly,2026-08-17T18:48:05Z,2026-08-17T18:48:05Z,
205.210.31.202,ipv4,malicious-ip,medium,WHITE,ziyadnz/hourly-ipv4,ziyadnz|hourly,2026-08-17T18:48:05Z,2026-08-17T18:48:05Z,
205.210.31.203,ipv4,malicious-ip,medium,WHITE,ziyadnz/hourly-ipv4,ziyadnz|hourly,2026-08-17T18:48:05Z,2026-08-17T18:48:05Z,
205.210.31.204,ipv4,malicious-ip,medium,WHITE,ziyadnz/hourly-ipv4,ziyadnz|hourly,2026-08-17T18:48:05Z,2026-08-17T18:48:05Z,
205.210.31.205,ipv4,malicious-ip,medium,WHITE,ziyadnz/hourly-ipv4,ziyadnz|hourly,2026-08-17T18:48:05Z,2026-08-17T18:48:05Z,
205.210.31.206,ipv4,malicious-ip,medium,WHITE,ziyadnz/hourly-ipv4,ziyadnz|hourly,2026-08-17T18:48:05Z,2026-08-17T18:48:05Z,
205.210.31.207,ipv4,malicious-ip,medium,WHITE,ziyadnz/hourly-ipv4,ziyadnz|hourly,2026-08-17T18:48:05Z,2026-08-17T18:48:05Z,
205.210.31.208,ipv4,malicious-ip,medium,WHITE,ziyadnz/hourly-ipv4,ziyadnz|hourly,2026-08-17T18:48:05Z,2026-08-17T18:48:05Z,
205.210.31.209,ipv4,malicious-ip,medium,WHITE,ziyadnz/hourly-ipv4,ziyadnz|hourly,2026-08-17T18:48:05Z,2026-08-17T18:48:05Z,
205.210.31.21,ipv4,malicious-ip,medium,WHITE,ziyadnz/hourly-ipv4,ziyadnz|hourly,2026-08-17T18:48:05Z,2026-08-17T18:48:05Z,
205.210.31.210,ipv4,malicious-ip,medium,WHITE,ziyadnz/hourly-ipv4,ziyadnz|hourly,2026-08-17T18:48:05Z,2026-08-17T18:48:05Z,
205.210.31.211,ipv4,malicious-ip,medium,WHITE,ziyadnz/hourly-ipv4,ziyadnz|hourly,2026-08-17T18:48:05Z,2026-08-17T18:48:05Z,
205.210.31.212,ipv4,malicious-ip,medium,WHITE,ziyadnz/hourly-ipv4,ziyadnz|hourly,2026-08-17T18:48:05Z,2026-08-17T18:48:05Z,
205.210.31.213,ipv4,malicious-ip,medium,WHITE,ziyadnz/hourly-ipv4,ziyadnz|hourly,2026-08-17T18:48:05Z,2026-08-17T18:48:05Z,
205.210.31.214,ipv4,malicious-ip,medium,WHITE,ziyadnz/hourly-ipv4,ziyadnz|hourly,2026-08-17T18:48:05Z,2026-08-17T18:48:05Z,
205.210.31.215,ipv4,malicious-ip,medium,WHITE,ziyadnz/hourly-ipv4,ziyadnz|hourly,2026-08-17T18:48:05Z,2026-08-17T18:48:05Z,
205.210.31.216,ipv4,malicious-ip,medium,WHITE,ziyadnz/hourly-ipv4,ziyadnz|hourly,2026-08-17T18:48:05Z,2026-08-17T18:48:05Z,
205.210.31.217,ipv4,malicious-ip,medium,WHITE,ziyadnz/hourly-ipv4,ziyadnz|hourly,2026-08-17T18:48:05Z,2026-08-17T18:48:05Z,
205.210.31.218,ipv4,malicious-ip,medium,WHITE,ziyadnz/hourly-ipv4,ziyadnz|hourly,2026-08-17T18:48:05Z,2026-08-17T18:48:05Z,
205.210.31.219,ipv4,malicious-ip,medium,WHITE,ziyadnz/hourly-ipv4,ziyadnz|hourly,2026-08-17T18:48:05Z,2026-08-17T18:48:05Z,
205.210.31.22,ipv4,malicious-ip,medium,WHITE,ziyadnz/hourly-ipv4,ziyadnz|hourly,2026-08-17T18:48:05Z,2026-08-17T18:48:05Z,
205.210.31.220,ipv4,malicious-ip,medium,WHITE,ziyadnz/hourly-ipv4,ziyadnz|hourly,2026-08-17T18:48:05Z,2026-08-17T18:48:05Z,
205.210.31.221,ipv4,malicious-ip,medium,WHITE,ziyadnz/hourly-ipv4,ziyadnz|hourly,2026-08-17T18:48:05Z,2026-08-17T18:48:05Z,
205.210.31.222,ipv4,malicious-ip,medium,WHITE,ziyadnz/hourly-ipv4,ziyadnz|hourly,2026-08-17T18:48:05Z,2026-08-17T18:48:05Z,
205.210.31.223,ipv4,malicious-ip,medium,WHITE,ziyadnz/hourly-ipv4,ziyadnz|hourly,2026-08-17T18:48:05Z,2026-08-17T18:48:05Z,
205.210.31.224,ipv4,malicious-ip,medium,WHITE,ziyadnz/hourly-ipv4,ziyadnz|hourly,2026-08-17T18:48:05Z,2026-08-17T18:48:05Z,
205.210.31.225,ipv4,malicious-ip,medium,WHITE,ziyadnz/hourly-ipv4,ziyadnz|hourly,2026-08-17T18:48:05Z,2026-08-17T18:48:05Z,
205.210.31.226,ipv4,malicious-ip,medium,WHITE,ziyadnz/hourly-ipv4,ziyadnz|hourly,2026-08-17T18:48:05Z,2026-08-17T18:48:05Z,
205.210.31.227,ipv4,malicious-ip,medium,WHITE,ziyadnz/hourly-ipv4,ziyadnz|hourly,2026-08-17T18:48:05Z,2026-08-17T18:48:05Z,
205.210.31.228,ipv4,malicious-ip,medium,WHITE,ziyadnz/hourly-ipv4,ziyadnz|hourly,2026-08-17T18:48:05Z,2026-08-17T18:48:05Z,
205.210.31.229,ipv4,malicious-ip,medium,WHITE,ziyadnz/hourly-ipv4,ziyadnz|hourly,2026-08-17T18:48:05Z,2026-08-17T18:48:05Z,
205.210.31.23,ipv4,malicious-ip,medium,WHITE,ziyadnz/hourly-ipv4,ziyadnz|hourly,2026-08-17T18:48:05Z,2026-08-17T18:48:05Z,
205.210.31.230,ipv4,malicious-ip,medium,WHITE,ziyadnz/hourly-ipv4,ziyadnz|hourly,2026-08-17T18:48:05Z,2026-08-17T18:48:05Z,
205.210.31.231,ipv4,malicious-ip,medium,WHITE,ziyadnz/hourly-ipv4,ziyadnz|hourly,2026-08-17T18:48:05Z,2026-08-17T18:48:05Z,
205.210.31.232,ipv4,malicious-ip,medium,WHITE,ziyadnz/hourly-ipv4,ziyadnz|hourly,2026-08-17T18:48:05Z,2026-08-17T18:48:05Z,
205.210.31.233,ipv4,malicious-ip,medium,WHITE,ziyadnz/hourly-ipv4,ziyadnz|hourly,2026-08-17T18:48:05Z,2026-08-17T18:48:05Z,
205.210.31.234,ipv4,malicious-ip,medium,WHITE,ziyadnz/hourly-ipv4,ziyadnz|hourly,2026-08-17T18:48:05Z,2026-08-17T18:48:05Z,
205.210.31.235,ipv4,malicious-ip,medium,WHITE,ziyadnz/hourly-ipv4,ziyadnz|hourly,2026-08-17T18:48:05Z,2026-08-17T18:48:05Z,
205.210.31.236,ipv4,malicious-ip,medium,WHITE,ziyadnz/hourly-ipv4,ziyadnz|hourly,2026-08-17T18:48:05Z,2026-08-17T18:48:05Z,
205.210.31.237,ipv4,malicious-ip,medium,WHITE,ziyadnz/hourly-ipv4,ziyadnz|hourly,2026-08-17T18:48:05Z,2026-08-17T18:48:05Z,
205.210.31.238,ipv4,malicious-ip,medium,WHITE,ziyadnz/hourly-ipv4,ziyadnz|hourly,2026-08-17T18:48:05Z,2026-08-17T18:48:05Z,
205.210.31.239,ipv4,malicious-ip,medium,WHITE,ziyadnz/hourly-ipv4,ziyadnz|hourly,2026-08-17T18:48:05Z,2026-08-17T18:48:05Z,
205.210.31.24,ipv4,malicious-ip,medium,WHITE,ziyadnz/hourly-ipv4,ziyadnz|hourly,2026-08-17T18:48:05Z,2026-08-17T18:48:05Z,
205.210.31.240,ipv4,malicious-ip,medium,WHITE,ziyadnz/hourly-ipv4,ziyadnz|hourly,2026-08-17T18:48:05Z,2026-08-17T18:48:05Z,
205.210.31.241,ipv4,malicious-ip,medium,WHITE,ziyadnz/hourly-ipv4,ziyadnz|hourly,2026-08-17T18:48:05Z,2026-08-17T18:48:05Z,
205.210.31.242,ipv4,malicious-ip,medium,WHITE,ziyadnz/hourly-ipv4,ziyadnz|hourly,2026-08-17T18:48:05Z,2026-08-17T18:48:05Z,
205.210.31.243,ipv4,malicious-ip,medium,WHITE,ziyadnz/hourly-ipv4,ziyadnz|hourly,2026-08-17T18:48:05Z,2026-08-17T18:48:05Z,
205.210.31.244,ipv4,malicious-ip,medium,WHITE,ziyadnz/hourly-ipv4,ziyadnz|hourly,2026-08-17T18:48:05Z,2026-08-17T18:48:05Z,
205.210.31.245,ipv4,malicious-ip,medium,WHITE,ziyadnz/hourly-ipv4,ziyadnz|hourly,2026-08-17T18:48:05Z,2026-08-17T18:48:05Z,
205.210.31.246,ipv4,malicious-ip,medium,WHITE,ziyadnz/hourly-ipv4,ziyadnz|hourly,2026-08-17T18:48:05Z,2026-08-17T18:48:05Z,
205.210.31.248,ipv4,malicious-ip,medium,WHITE,ziyadnz/hourly-ipv4,ziyadnz|hourly,2026-08-17T18:48:05Z,2026-08-17T18:48:05Z,
205.210.31.249,ipv4,malicious-ip,medium,WHITE,ziyadnz/hourly-ipv4,ziyadnz|hourly,2026-08-17T18:48:05Z,2026-08-17T18:48:05Z,
205.210.31.25,ipv4,malicious-ip,medium,WHITE,ziyadnz/hourly-ipv4,ziyadnz|hourly,2026-08-17T18:48:05Z,2026-08-17T18:48:05Z,
205.210.31.250,ipv4,malicious-ip,medium,WHITE,ziyadnz/hourly-ipv4,ziyadnz|hourly,2026-08-17T18:48:05Z,2026-08-17T18:48:05Z,
205.210.31.251,ipv4,malicious-ip,medium,WHITE,ziyadnz/hourly-ipv4,ziyadnz|hourly,2026-08-17T18:48:05Z,2026-08-17T18:48:05Z,
205.210.31.252,ipv4,malicious-ip,medium,WHITE,ziyadnz/hourly-ipv4,ziyadnz|hourly,2026-08-17T18:48:05Z,2026-08-17T18:48:05Z,
205.210.31.253,ipv4,malicious-ip,medium,WHITE,ziyadnz/hourly-ipv4,ziyadnz|hourly,2026-08-17T18:48:05Z,2026-08-17T18:48:05Z,
205.210.31.254,ipv4,malicious-ip,medium,WHITE,ziyadnz/hourly-ipv4,ziyadnz|hourly,2026-08-17T18:48:05Z,2026-08-17T18:48:05Z,
205.210.31.255,ipv4,malicious-ip,medium,WHITE,ziyadnz/hourly-ipv4,ziyadnz|hourly,2026-08-17T18:48:05Z,2026-08-17T18:48:05Z,
205.210.31.26,ipv4,malicious-ip,medium,WHITE,ziyadnz/hourly-ipv4,ziyadnz|hourly,2026-08-17T18:48:05Z,2026-08-17T18:48:05Z,
205.210.31.27,ipv4,malicious-ip,medium,WHITE,ziyadnz/hourly-ipv4,ziyadnz|hourly,2026-08-17T18:48:05Z,2026-08-17T18:48:05Z,
205.210.31.28,ipv4,malicious-ip,medium,WHITE,ziyadnz/hourly-ipv4,ziyadnz|hourly,2026-08-17T18:48:05Z,2026-08-17T18:48:05Z,
205.210.31.29,ipv4,malicious-ip,medium,WHITE,ziyadnz/hourly-ipv4,ziyadnz|hourly,2026-08-17T18:48:05Z,2026-08-17T18:48:05Z,
205.210.31.3,ipv4,malicious-ip,medium,WHITE,ziyadnz/hourly-ipv4,ziyadnz|hourly,2026-08-17T18:48:05Z,2026-08-17T18:48:05Z,
205.210.31.30,ipv4,malicious-ip,medium,WHITE,ziyadnz/hourly-ipv4,ziyadnz|hourly,2026-08-17T18:48:05Z,2026-08-17T18:48:05Z,
205.210.31.31,ipv4,malicious-ip,medium,WHITE,ziyadnz/hourly-ipv4,ziyadnz|hourly,2026-08-17T18:48:05Z,2026-08-17T18:48:05Z,
205.210.31.32,ipv4,malicious-ip,medium,WHITE,ziyadnz/hourly-ipv4,ziyadnz|hourly,2026-08-17T18:48:05Z,2026-08-17T18:48:05Z,
205.210.31.33,ipv4,malicious-ip,medium,WHITE,ziyadnz/hourly-ipv4,ziyadnz|hourly,2026-08-17T18:48:05Z,2026-08-17T18:48:05Z,
205.210.31.34,ipv4,malicious-ip,medium,WHITE,ziyadnz/hourly-ipv4,ziyadnz|hourly,2026-08-17T18:48:05Z,2026-08-17T18:48:05Z,
205.210.31.35,ipv4,malicious-ip,medium,WHITE,ziyadnz/hourly-ipv4,ziyadnz|hourly,2026-08-17T18:48:05Z,2026-08-17T18:48:05Z,
205.210.31.36,ipv4,malicious-ip,medium,WHITE,ziyadnz/hourly-ipv4,ziyadnz|hourly,2026-08-17T18:48:05Z,2026-08-17T18:48:05Z,
205.210.31.37,ipv4,malicious-ip,medium,WHITE,ziyadnz/hourly-ipv4,ziyadnz|hourly,2026-08-17T18:48:05Z,2026-08-17T18:48:05Z,
205.210.31.38,ipv4,malicious-ip,medium,WHITE,ziyadnz/hourly-ipv4,ziyadnz|hourly,2026-08-17T18:48:05Z,2026-08-17T18:48:05Z,
205.210.31.39,ipv4,malicious-ip,medium,WHITE,ziyadnz/hourly-ipv4,ziyadnz|hourly,2026-08-17T18:48:05Z,2026-08-17T18:48:05Z,
205.210.31.40,ipv4,malicious-ip,medium,WHITE,ziyadnz/hourly-ipv4,ziyadnz|hourly,2026-08-17T18:48:05Z,2026-08-17T18:48:05Z,
205.210.31.41,ipv4,malicious-ip,medium,WHITE,ziyadnz/hourly-ipv4,ziyadnz|hourly,2026-08-17T18:48:05Z,2026-08-17T18:48:05Z,
205.210.31.42,ipv4,malicious-ip,medium,WHITE,ziyadnz/hourly-ipv4,ziyadnz|hourly,2026-08-17T18:48:05Z,2026-08-17T18:48:05Z,
205.210.31.43,ipv4,malicious-ip,medium,WHITE,ziyadnz/hourly-ipv4,ziyadnz|hourly,2026-08-17T18:48:05Z,2026-08-17T18:48:05Z,
205.210.31.44,ipv4,malicious-ip,medium,WHITE,ziyadnz/hourly-ipv4,ziyadnz|hourly,2026-08-17T18:48:05Z,2026-08-17T18:48:05Z,
205.210.31.45,ipv4,malicious-ip,medium,WHITE,ziyadnz/hourly-ipv4,ziyadnz|hourly,2026-08-17T18:48:05Z,2026-08-17T18:48:05Z,
205.210.31.46,ipv4,malicious-ip,medium,WHITE,ziyadnz/hourly-ipv4,ziyadnz|hourly,2026-08-17T18:48:05Z,2026-08-17T18:48:05Z,
205.210.31.47,ipv4,malicious-ip,medium,WHITE,ziyadnz/hourly-ipv4,ziyadnz|hourly,2026-08-17T18:48:05Z,2026-08-17T18:48:05Z,
205.210.31.48,ipv4,malicious-ip,medium,WHITE,ziyadnz/hourly-ipv4,ziyadnz|hourly,2026-08-17T18:48:05Z,2026-08-17T18:48:05Z,
205.210.31.49,ipv4,malicious-ip,medium,WHITE,ziyadnz/hourly-ipv4,ziyadnz|hourly,2026-08-17T18:48:05Z,2026-08-17T18:48:05Z,
205.210.31.5,ipv4,malicious-ip,medium,WHITE,ziyadnz/hourly-ipv4,ziyadnz|hourly,2026-08-17T18:48:05Z,2026-08-17T18:48:05Z,
205.210.31.50,ipv4,malicious-ip,medium,WHITE,ziyadnz/hourly-ipv4,ziyadnz|hourly,2026-08-17T18:48:05Z,2026-08-17T18:48:05Z,
205.210.31.52,ipv4,malicious-ip,medium,WHITE,ziyadnz/hourly-ipv4,ziyadnz|hourly,2026-08-17T18:48:05Z,2026-08-17T18:48:05Z,
205.210.31.53,ipv4,malicious-ip,medium,WHITE,ziyadnz/hourly-ipv4,ziyadnz|hourly,2026-08-17T18:48:05Z,2026-08-17T18:48:05Z,
205.210.31.54,ipv4,malicious-ip,medium,WHITE,ziyadnz/hourly-ipv4,ziyadnz|hourly,2026-08-17T18:48:05Z,2026-08-17T18:48:05Z,
205.210.31.55,ipv4,malicious-ip,medium,WHITE,ziyadnz/hourly-ipv4,ziyadnz|hourly,2026-08-17T18:48:05Z,2026-08-17T18:48:05Z,
205.210.31.56,ipv4,malicious-ip,medium,WHITE,ziyadnz/hourly-ipv4,ziyadnz|hourly,2026-08-17T18:48:05Z,2026-08-17T18:48:05Z,
205.210.31.57,ipv4,malicious-ip,medium,WHITE,ziyadnz/hourly-ipv4,ziyadnz|hourly,2026-08-17T18:48:05Z,2026-08-17T18:48:05Z,
205.210.31.58,ipv4,malicious-ip,medium,WHITE,ziyadnz/hourly-ipv4,ziyadnz|hourly,2026-08-17T18:48:05Z,2026-08-17T18:48:05Z,
205.210.31.59,ipv4,malicious-ip,medium,WHITE,ziyadnz/hourly-ipv4,ziyadnz|hourly,2026-08-17T18:48:05Z,2026-08-17T18:48:05Z,
205.210.31.6,ipv4,malicious-ip,medium,WHITE,ziyadnz/hourly-ipv4,ziyadnz|hourly,2026-08-17T18:48:05Z,2026-08-17T18:48:05Z,
205.210.31.60,ipv4,malicious-ip,medium,WHITE,ziyadnz/hourly-ipv4,ziyadnz|hourly,2026-08-17T18:48:05Z,2026-08-17T18:48:05Z,
205.210.31.64,ipv4,malicious-ip,medium,WHITE,ziyadnz/hourly-ipv4,ziyadnz|hourly,2026-08-17T18:48:05Z,2026-08-17T18:48:05Z,
205.210.31.65,ipv4,malicious-ip,medium,WHITE,ziyadnz/hourly-ipv4,ziyadnz|hourly,2026-08-17T18:48:05Z,2026-08-17T18:48:05Z,
205.210.31.66,ipv4,malicious-ip,medium,WHITE,ziyadnz/hourly-ipv4,ziyadnz|hourly,2026-08-17T18:48:05Z,2026-08-17T18:48:05Z,
205.210.31.67,ipv4,malicious-ip,medium,WHITE,ziyadnz/hourly-ipv4,ziyadnz|hourly,2026-08-17T18:48:05Z,2026-08-17T18:48:05Z,
205.210.31.68,ipv4,malicious-ip,medium,WHITE,ziyadnz/hourly-ipv4,ziyadnz|hourly,2026-08-17T18:48:05Z,2026-08-17T18:48:05Z,
205.210.31.69,ipv4,malicious-ip,medium,WHITE,ziyadnz/hourly-ipv4,ziyadnz|hourly,2026-08-17T18:48:05Z,2026-08-17T18:48:05Z,
205.210.31.70,ipv4,malicious-ip,medium,WHITE,ziyadnz/hourly-ipv4,ziyadnz|hourly,2026-08-17T18:48:05Z,2026-08-17T18:48:05Z,
205.210.31.71,ipv4,malicious-ip,medium,WHITE,ziyadnz/hourly-ipv4,ziyadnz|hourly,2026-08-17T18:48:05Z,2026-08-17T18:48:05Z,
205.210.31.72,ipv4,malicious-ip,medium,WHITE,ziyadnz/hourly-ipv4,ziyadnz|hourly,2026-08-17T18:48:05Z,2026-08-17T18:48:05Z,
205.210.31.73,ipv4,malicious-ip,medium,WHITE,ziyadnz/hourly-ipv4,ziyadnz|hourly,2026-08-17T18:48:05Z,2026-08-17T18:48:05Z,
205.210.31.74,ipv4,malicious-ip,medium,WHITE,ziyadnz/hourly-ipv4,ziyadnz|hourly,2026-08-17T18:48:05Z,2026-08-17T18:48:05Z,
205.210.31.75,ipv4,malicious-ip,medium,WHITE,ziyadnz/hourly-ipv4,ziyadnz|hourly,2026-08-17T18:48:05Z,2026-08-17T18:48:05Z,
205.210.31.76,ipv4,malicious-ip,medium,WHITE,ziyadnz/hourly-ipv4,ziyadnz|hourly,2026-08-17T18:48:05Z,2026-08-17T18:48:05Z,
205.210.31.77,ipv4,malicious-ip,medium,WHITE,ziyadnz/hourly-ipv4,ziyadnz|hourly,2026-08-17T18:48:05Z,2026-08-17T18:48:05Z,
205.210.31.78,ipv4,malicious-ip,medium,WHITE,ziyadnz/hourly-ipv4,ziyadnz|hourly,2026-08-17T18:48:05Z,2026-08-17T18:48:05Z,
205.210.31.79,ipv4,malicious-ip,medium,WHITE,ziyadnz/hourly-ipv4,ziyadnz|hourly,2026-08-17T18:48:05Z,2026-08-17T18:48:05Z,
205.210.31.8,ipv4,malicious-ip,medium,WHITE,ziyadnz/hourly-ipv4,ziyadnz|hourly,2026-08-17T18:48:05Z,2026-08-17T18:48:05Z,
205.210.31.80,ipv4,malicious-ip,medium,WHITE,ziyadnz/hourly-ipv4,ziyadnz|hourly,2026-08-17T18:48:05Z,2026-08-17T18:48:05Z,
205.210.31.81,ipv4,malicious-ip,medium,WHITE,ziyadnz/hourly-ipv4,ziyadnz|hourly,2026-08-17T18:48:05Z,2026-08-17T18:48:05Z,
205.210.31.82,ipv4,malicious-ip,medium,WHITE,ziyadnz/hourly-ipv4,ziyadnz|hourly,2026-08-17T18:48:05Z,2026-08-17T18:48:05Z,
205.210.31.83,ipv4,malicious-ip,medium,WHITE,ziyadnz/hourly-ipv4,ziyadnz|hourly,2026-08-17T18:48:05Z,2026-08-17T18:48:05Z,
205.210.31.84,ipv4,malicious-ip,medium,WHITE,ziyadnz/hourly-ipv4,ziyadnz|hourly,2026-08-17T18:48:05Z,2026-08-17T18:48:05Z,
205.210.31.85,ipv4,malicious-ip,medium,WHITE,ziyadnz/hourly-ipv4,ziyadnz|hourly,2026-08-17T18:48:05Z,2026-08-17T18:48:05Z,
205.210.31.86,ipv4,malicious-ip,medium,WHITE,ziyadnz/hourly-ipv4,ziyadnz|hourly,2026-08-17T18:48:05Z,2026-08-17T18:48:05Z,
205.210.31.87,ipv4,malicious-ip,medium,WHITE,ziyadnz/hourly-ipv4,ziyadnz|hourly,2026-08-17T18:48:05Z,2026-08-17T18:48:05Z,
205.210.31.88,ipv4,malicious-ip,medium,WHITE,ziyadnz/hourly-ipv4,ziyadnz|hourly,2026-08-17T18:48:05Z,2026-08-17T18:48:05Z,
205.210.31.89,ipv4,malicious-ip,medium,WHITE,ziyadnz/hourly-ipv4,ziyadnz|hourly,2026-08-17T18:48:05Z,2026-08-17T18:48:05Z,
205.210.31.9,ipv4,malicious-ip,medium,WHITE,ziyadnz/hourly-ipv4,ziyadnz|hourly,2026-08-17T18:48:05Z,2026-08-17T18:48:05Z,
205.210.31.90,ipv4,malicious-ip,medium,WHITE,ziyadnz/hourly-ipv4,ziyadnz|hourly,2026-08-17T18:48:05Z,2026-08-17T18:48:05Z,
205.210.31.91,ipv4,malicious-ip,medium,WHITE,ziyadnz/hourly-ipv4,ziyadnz|hourly,2026-08-17T18:48:05Z,2026-08-17T18:48:05Z,
205.210.31.92,ipv4,malicious-ip,medium,WHITE,ziyadnz/hourly-ipv4,ziyadnz|hourly,2026-08-17T18:48:05Z,2026-08-17T18:48:05Z,
205.210.31.93,ipv4,malicious-ip,medium,WHITE,ziyadnz/hourly-ipv4,ziyadnz|hourly,2026-08-17T18:48:05Z,2026-08-17T18:48:05Z,
205.210.31.94,ipv4,malicious-ip,medium,WHITE,ziyadnz/hourly-ipv4,ziyadnz|hourly,2026-08-17T18:48:05Z,2026-08-17T18:48:05Z,
205.210.31.95,ipv4,malicious-ip,medium,WHITE,ziyadnz/hourly-ipv4,ziyadnz|hourly,2026-08-17T18:48:05Z,2026-08-17T18:48:05Z,
205.210.31.96,ipv4,malicious-ip,medium,WHITE,ziyadnz/hourly-ipv4,ziyadnz|hourly,2026-08-17T18:48:05Z,2026-08-17T18:48:05Z,
205.210.31.97,ipv4,malicious-ip,medium,WHITE,ziyadnz/hourly-ipv4,ziyadnz|hourly,2026-08-17T18:48:05Z,2026-08-17T18:48:05Z,
205.210.31.98,ipv4,malicious-ip,medium,WHITE,ziyadnz/hourly-ipv4,ziyadnz|hourly,2026-08-17T18:48:05Z,2026-08-17T18:48:05Z,
205.210.31.99,ipv4,malicious-ip,medium,WHITE,ziyadnz/hourly-ipv4,ziyadnz|hourly,2026-08-17T18:48:05Z,2026-08-17T18:48:05Z,
205.234.170.196,ipv4,malicious-ip,medium,WHITE,ziyadnz/hourly-ipv4,ziyadnz|hourly,2026-08-17T18:48:05Z,2026-08-17T18:48:05Z,
205.235.2.176,ipv4,malicious-ip,medium,WHITE,ziyadnz/hourly-ipv4,ziyadnz|hourly,2026-08-17T18:48:05Z,2026-08-17T18:48:05Z,
205.237.104.10,ipv4,malicious-ip,medium,WHITE,ziyadnz/hourly-ipv4,ziyadnz|hourly,2026-08-17T18:48:05Z,2026-08-17T18:48:05Z,
205.237.106.127,ipv4,malicious-ip,medium,WHITE,ziyadnz/hourly-ipv4,ziyadnz|hourly,2026-08-17T18:48:05Z,2026-08-17T18:48:05Z,
205.237.106.27,ipv4,malicious-ip,medium,WHITE,ziyadnz/hourly-ipv4,ziyadnz|hourly,2026-08-17T18:48:05Z,2026-08-17T18:48:05Z,
205.237.106.86,ipv4,malicious-ip,medium,WHITE,ziyadnz/hourly-ipv4,ziyadnz|hourly,2026-08-17T18:48:05Z,2026-08-17T18:48:05Z,
205.237.107.65,ipv4,malicious-ip,medium,WHITE,ziyadnz/hourly-ipv4,ziyadnz|hourly,2026-08-17T18:48:05Z,2026-08-17T18:48:05Z,
205.237.110.243,ipv4,malicious-ip,medium,WHITE,ziyadnz/hourly-ipv4,ziyadnz|hourly,2026-08-17T18:48:05Z,2026-08-17T18:48:05Z,
205.250.25.62,ipv4,malicious-ip,medium,WHITE,ziyadnz/hourly-ipv4,ziyadnz|hourly,2026-08-17T18:48:05Z,2026-08-17T18:48:05Z,
205.250.39.230,ipv4,malicious-ip,medium,WHITE,ziyadnz/hourly-ipv4,ziyadnz|hourly,2026-08-17T18:48:05Z,2026-08-17T18:48:05Z,
205.250.52.121,ipv4,malicious-ip,medium,WHITE,ziyadnz/hourly-ipv4,ziyadnz|hourly,2026-08-17T18:48:05Z,2026-08-17T18:48:05Z,
205.251.155.16,ipv4,malicious-ip,medium,WHITE,ziyadnz/hourly-ipv4,ziyadnz|hourly,2026-08-17T18:48:05Z,2026-08-17T18:48:05Z,
205.254.163.194,ipv4,malicious-ip,medium,WHITE,ziyadnz/hourly-ipv4,ziyadnz|hourly,2026-08-17T18:48:05Z,2026-08-17T18:48:05Z,
205.254.166.0,ipv4,malicious-ip,medium,WHITE,ziyadnz/hourly-ipv4,ziyadnz|hourly,2026-08-17T18:48:05Z,2026-08-17T18:48:05Z,
205.254.166.101,ipv4,malicious-ip,medium,WHITE,ziyadnz/hourly-ipv4,ziyadnz|hourly,2026-08-17T18:48:05Z,2026-08-17T18:48:05Z,
205.254.166.117,ipv4,malicious-ip,medium,WHITE,ziyadnz/hourly-ipv4,ziyadnz|hourly,2026-08-17T18:48:05Z,2026-08-17T18:48:05Z,
205.254.166.144,ipv4,malicious-ip,medium,WHITE,ziyadnz/hourly-ipv4,ziyadnz|hourly,2026-08-17T18:48:05Z,2026-08-17T18:48:05Z,
205.254.166.167,ipv4,malicious-ip,medium,WHITE,ziyadnz/hourly-ipv4,ziyadnz|hourly,2026-08-17T18:48:05Z,2026-08-17T18:48:05Z,
205.254.166.175,ipv4,malicious-ip,medium,WHITE,ziyadnz/hourly-ipv4,ziyadnz|hourly,2026-08-17T18:48:05Z,2026-08-17T18:48:05Z,
205.254.166.235,ipv4,malicious-ip,medium,WHITE,ziyadnz/hourly-ipv4,ziyadnz|hourly,2026-08-17T18:48:05Z,2026-08-17T18:48:05Z,
206.0.0.29,ipv4,malicious-ip,medium,WHITE,ziyadnz/hourly-ipv4,ziyadnz|hourly,2026-08-17T18:48:05Z,2026-08-17T18:48:05Z,
206.0.10.1,ipv4,malicious-ip,medium,WHITE,ziyadnz/hourly-ipv4,ziyadnz|hourly,2026-08-17T18:48:05Z,2026-08-17T18:48:05Z,
206.0.11.82,ipv4,malicious-ip,medium,WHITE,ziyadnz/hourly-ipv4,ziyadnz|hourly,2026-08-17T18:48:05Z,2026-08-17T18:48:05Z,
206.0.90.153,ipv4,malicious-ip,medium,WHITE,ziyadnz/hourly-ipv4,ziyadnz|hourly,2026-08-17T18:48:05Z,2026-08-17T18:48:05Z,
206.1.205.184,ipv4,malicious-ip,medium,WHITE,ziyadnz/hourly-ipv4,ziyadnz|hourly,2026-08-17T18:48:05Z,2026-08-17T18:48:05Z,
206.119.124.126,ipv4,malicious-ip,medium,WHITE,ziyadnz/hourly-ipv4,ziyadnz|hourly,2026-08-17T18:48:05Z,2026-08-17T18:48:05Z,
206.119.168.232,ipv4,malicious-ip,medium,WHITE,ziyadnz/hourly-ipv4,ziyadnz|hourly,2026-08-17T18:48:05Z,2026-08-17T18:48:05Z,
206.119.80.89,ipv4,malicious-ip,medium,WHITE,ziyadnz/hourly-ipv4,ziyadnz|hourly,2026-08-17T18:48:05Z,2026-08-17T18:48:05Z,
206.123.128.81,ipv4,malicious-ip,medium,WHITE,ziyadnz/hourly-ipv4,ziyadnz|hourly,2026-08-17T18:48:05Z,2026-08-17T18:48:05Z,
206.123.145.153,ipv4,malicious-ip,medium,WHITE,ziyadnz/hourly-ipv4,ziyadnz|hourly,2026-08-17T18:48:05Z,2026-08-17T18:48:05Z,
206.135.15.73,ipv4,malicious-ip,medium,WHITE,ziyadnz/hourly-ipv4,ziyadnz|hourly,2026-08-17T18:48:05Z,2026-08-17T18:48:05Z,
206.135.15.86,ipv4,malicious-ip,medium,WHITE,ziyadnz/hourly-ipv4,ziyadnz|hourly,2026-08-17T18:48:05Z,2026-08-17T18:48:05Z,
206.135.161.98,ipv4,malicious-ip,medium,WHITE,ziyadnz/hourly-ipv4,ziyadnz|hourly,2026-08-17T18:48:05Z,2026-08-17T18:48:05Z,
206.135.39.32,ipv4,malicious-ip,medium,WHITE,ziyadnz/hourly-ipv4,ziyadnz|hourly,2026-08-17T18:48:05Z,2026-08-17T18:48:05Z,
206.135.39.8,ipv4,malicious-ip,medium,WHITE,ziyadnz/hourly-ipv4,ziyadnz|hourly,2026-08-17T18:48:05Z,2026-08-17T18:48:05Z,
206.135.41.62,ipv4,malicious-ip,medium,WHITE,ziyadnz/hourly-ipv4,ziyadnz|hourly,2026-08-17T18:48:05Z,2026-08-17T18:48:05Z,
206.135.56.206,ipv4,malicious-ip,medium,WHITE,ziyadnz/hourly-ipv4,ziyadnz|hourly,2026-08-17T18:48:05Z,2026-08-17T18:48:05Z,
206.166.251.114,ipv4,malicious-ip,medium,WHITE,ziyadnz/hourly-ipv4,ziyadnz|hourly,2026-08-17T18:48:05Z,2026-08-17T18:48:05Z,
206.166.251.126,ipv4,malicious-ip,medium,WHITE,ziyadnz/hourly-ipv4,ziyadnz|hourly,2026-08-17T18:48:05Z,2026-08-17T18:48:05Z,
206.166.251.146,ipv4,malicious-ip,medium,WHITE,ziyadnz/hourly-ipv4,ziyadnz|hourly,2026-08-17T18:48:05Z,2026-08-17T18:48:05Z,
206.166.251.177,ipv4,malicious-ip,medium,WHITE,ziyadnz/hourly-ipv4,ziyadnz|hourly,2026-08-17T18:48:05Z,2026-08-17T18:48:05Z,
206.166.251.196,ipv4,malicious-ip,medium,WHITE,ziyadnz/hourly-ipv4,ziyadnz|hourly,2026-08-17T18:48:05Z,2026-08-17T18:48:05Z,
206.166.251.216,ipv4,malicious-ip,medium,WHITE,ziyadnz/hourly-ipv4,ziyadnz|hourly,2026-08-17T18:48:05Z,2026-08-17T18:48:05Z,
206.166.251.228,ipv4,malicious-ip,medium,WHITE,ziyadnz/hourly-ipv4,ziyadnz|hourly,2026-08-17T18:48:05Z,2026-08-17T18:48:05Z,
206.166.251.61,ipv4,malicious-ip,medium,WHITE,ziyadnz/hourly-ipv4,ziyadnz|hourly,2026-08-17T18:48:05Z,2026-08-17T18:48:05Z,
206.166.251.99,ipv4,malicious-ip,medium,WHITE,ziyadnz/hourly-ipv4,ziyadnz|hourly,2026-08-17T18:48:05Z,2026-08-17T18:48:05Z,
206.168.190.143,ipv4,malicious-ip,medium,WHITE,ziyadnz/hourly-ipv4,ziyadnz|hourly,2026-08-17T18:48:05Z,2026-08-17T18:48:05Z,
206.170.208.23,ipv4,malicious-ip,medium,WHITE,ziyadnz/hourly-ipv4,ziyadnz|hourly,2026-08-17T18:48:05Z,2026-08-17T18:48:05Z,
206.176.146.236,ipv4,malicious-ip,medium,WHITE,ziyadnz/hourly-ipv4,ziyadnz|hourly,2026-08-17T18:48:05Z,2026-08-17T18:48:05Z,
206.183.111.36,ipv4,malicious-ip,medium,WHITE,ziyadnz/hourly-ipv4,ziyadnz|hourly,2026-08-17T18:48:05Z,2026-08-17T18:48:05Z,
206.183.129.10,ipv4,malicious-ip,medium,WHITE,ziyadnz/hourly-ipv4,ziyadnz|hourly,2026-08-17T18:48:05Z,2026-08-17T18:48:05Z,
206.188.196.120,ipv4,malicious-ip,medium,WHITE,ziyadnz/hourly-ipv4,ziyadnz|hourly,2026-08-17T18:48:05Z,2026-08-17T18:48:05Z,
206.188.196.136,ipv4,malicious-ip,medium,WHITE,ziyadnz/hourly-ipv4,ziyadnz|hourly,2026-08-17T18:48:05Z,2026-08-17T18:48:05Z,
206.188.196.194,ipv4,malicious-ip,medium,WHITE,ziyadnz/hourly-ipv4,ziyadnz|hourly,2026-08-17T18:48:05Z,2026-08-17T18:48:05Z,
206.188.196.199,ipv4,malicious-ip,medium,WHITE,ziyadnz/hourly-ipv4,ziyadnz|hourly,2026-08-17T18:48:05Z,2026-08-17T18:48:05Z,
206.188.196.20,ipv4,malicious-ip,medium,WHITE,ziyadnz/hourly-ipv4,ziyadnz|hourly,2026-08-17T18:48:05Z,2026-08-17T18:48:05Z,
206.188.196.208,ipv4,malicious-ip,medium,WHITE,ziyadnz/hourly-ipv4,ziyadnz|hourly,2026-08-17T18:48:05Z,2026-08-17T18:48:05Z,
206.188.196.209,ipv4,malicious-ip,medium,WHITE,ziyadnz/hourly-ipv4,ziyadnz|hourly,2026-08-17T18:48:05Z,2026-08-17T18:48:05Z,
206.188.196.214,ipv4,malicious-ip,medium,WHITE,ziyadnz/hourly-ipv4,ziyadnz|hourly,2026-08-17T18:48:05Z,2026-08-17T18:48:05Z,
206.188.196.242,ipv4,malicious-ip,medium,WHITE,ziyadnz/hourly-ipv4,ziyadnz|hourly,2026-08-17T18:48:05Z,2026-08-17T18:48:05Z,
206.188.196.25,ipv4,malicious-ip,medium,WHITE,ziyadnz/hourly-ipv4,ziyadnz|hourly,2026-08-17T18:48:05Z,2026-08-17T18:48:05Z,
206.188.196.3,ipv4,malicious-ip,medium,WHITE,ziyadnz/hourly-ipv4,ziyadnz|hourly,2026-08-17T18:48:05Z,2026-08-17T18:48:05Z,
206.188.196.77,ipv4,malicious-ip,medium,WHITE,ziyadnz/hourly-ipv4,ziyadnz|hourly,2026-08-17T18:48:05Z,2026-08-17T18:48:05Z,
206.188.197.149,ipv4,malicious-ip,medium,WHITE,ziyadnz/hourly-ipv4,ziyadnz|hourly,2026-08-17T18:48:05Z,2026-08-17T18:48:05Z,
206.188.197.199,ipv4,malicious-ip,medium,WHITE,ziyadnz/hourly-ipv4,ziyadnz|hourly,2026-08-17T18:48:05Z,2026-08-17T18:48:05Z,
206.188.197.22,ipv4,malicious-ip,medium,WHITE,ziyadnz/hourly-ipv4,ziyadnz|hourly,2026-08-17T18:48:05Z,2026-08-17T18:48:05Z,
206.188.197.241,ipv4,malicious-ip,medium,WHITE,ziyadnz/hourly-ipv4,ziyadnz|hourly,2026-08-17T18:48:05Z,2026-08-17T18:48:05Z,
206.188.197.244,ipv4,malicious-ip,medium,WHITE,ziyadnz/hourly-ipv4,ziyadnz|hourly,2026-08-17T18:48:05Z,2026-08-17T18:48:05Z,
206.188.197.52,ipv4,malicious-ip,medium,WHITE,ziyadnz/hourly-ipv4,ziyadnz|hourly,2026-08-17T18:48:05Z,2026-08-17T18:48:05Z,
206.188.197.75,ipv4,malicious-ip,medium,WHITE,ziyadnz/hourly-ipv4,ziyadnz|hourly,2026-08-17T18:48:05Z,2026-08-17T18:48:05Z,
206.189.105.225,ipv4,malicious-ip,medium,WHITE,ziyadnz/hourly-ipv4,ziyadnz|hourly,2026-08-17T18:48:05Z,2026-08-17T18:48:05Z,
206.189.109.113,ipv4,malicious-ip,medium,WHITE,ziyadnz/hourly-ipv4,ziyadnz|hourly,2026-08-17T18:48:05Z,2026-08-17T18:48:05Z,
206.189.111.217,ipv4,malicious-ip,medium,WHITE,ziyadnz/hourly-ipv4,ziyadnz|hourly,2026-08-17T18:48:05Z,2026-08-17T18:48:05Z,
206.189.116.244,ipv4,malicious-ip,medium,WHITE,ziyadnz/hourly-ipv4,ziyadnz|hourly,2026-08-17T18:48:05Z,2026-08-17T18:48:05Z,
206.189.12.243,ipv4,malicious-ip,medium,WHITE,ziyadnz/hourly-ipv4,ziyadnz|hourly,2026-08-17T18:48:05Z,2026-08-17T18:48:05Z,
206.189.120.50,ipv4,malicious-ip,medium,WHITE,ziyadnz/hourly-ipv4,ziyadnz|hourly,2026-08-17T18:48:05Z,2026-08-17T18:48:05Z,
206.189.125.52,ipv4,malicious-ip,medium,WHITE,ziyadnz/hourly-ipv4,ziyadnz|hourly,2026-08-17T18:48:05Z,2026-08-17T18:48:05Z,
206.189.131.101,ipv4,malicious-ip,medium,WHITE,ziyadnz/hourly-ipv4,ziyadnz|hourly,2026-08-17T18:48:05Z,2026-08-17T18:48:05Z,
206.189.132.238,ipv4,malicious-ip,medium,WHITE,ziyadnz/hourly-ipv4,ziyadnz|hourly,2026-08-17T18:48:05Z,2026-08-17T18:48:05Z,
206.189.134.222,ipv4,malicious-ip,medium,WHITE,ziyadnz/hourly-ipv4,ziyadnz|hourly,2026-08-17T18:48:05Z,2026-08-17T18:48:05Z,
206.189.134.35,ipv4,malicious-ip,medium,WHITE,ziyadnz/hourly-ipv4,ziyadnz|hourly,2026-08-17T18:48:05Z,2026-08-17T18:48:05Z,
206.189.138.149,ipv4,malicious-ip,medium,WHITE,ziyadnz/hourly-ipv4,ziyadnz|hourly,2026-08-17T18:48:05Z,2026-08-17T18:48:05Z,
206.189.138.22,ipv4,malicious-ip,medium,WHITE,ziyadnz/hourly-ipv4,ziyadnz|hourly,2026-08-17T18:48:05Z,2026-08-17T18:48:05Z,
206.189.140.52,ipv4,malicious-ip,medium,WHITE,ziyadnz/hourly-ipv4,ziyadnz|hourly,2026-08-17T18:48:05Z,2026-08-17T18:48:05Z,
206.189.148.149,ipv4,malicious-ip,medium,WHITE,ziyadnz/hourly-ipv4,ziyadnz|hourly,2026-08-17T18:48:05Z,2026-08-17T18:48:05Z,
206.189.149.191,ipv4,malicious-ip,medium,WHITE,ziyadnz/hourly-ipv4,ziyadnz|hourly,2026-08-17T18:48:05Z,2026-08-17T18:48:05Z,
206.189.152.26,ipv4,malicious-ip,medium,WHITE,ziyadnz/hourly-ipv4,ziyadnz|hourly,2026-08-17T18:48:05Z,2026-08-17T18:48:05Z,
206.189.155.93,ipv4,malicious-ip,medium,WHITE,ziyadnz/hourly-ipv4,ziyadnz|hourly,2026-08-17T18:48:05Z,2026-08-17T18:48:05Z,
206.189.162.157,ipv4,malicious-ip,medium,WHITE,ziyadnz/hourly-ipv4,ziyadnz|hourly,2026-08-17T18:48:05Z,2026-08-17T18:48:05Z,
206.189.166.111,ipv4,malicious-ip,medium,WHITE,ziyadnz/hourly-ipv4,ziyadnz|hourly,2026-08-17T18:48:05Z,2026-08-17T18:48:05Z,
206.189.169.67,ipv4,malicious-ip,medium,WHITE,ziyadnz/hourly-ipv4,ziyadnz|hourly,2026-08-17T18:48:05Z,2026-08-17T18:48:05Z,
206.189.17.38,ipv4,malicious-ip,medium,WHITE,ziyadnz/hourly-ipv4,ziyadnz|hourly,2026-08-17T18:48:05Z,2026-08-17T18:48:05Z,
206.189.172.170,ipv4,malicious-ip,medium,WHITE,ziyadnz/hourly-ipv4,ziyadnz|hourly,2026-08-17T18:48:05Z,2026-08-17T18:48:05Z,
206.189.173.86,ipv4,malicious-ip,medium,WHITE,ziyadnz/hourly-ipv4,ziyadnz|hourly,2026-08-17T18:48:05Z,2026-08-17T18:48:05Z,
206.189.174.93,ipv4,malicious-ip,medium,WHITE,ziyadnz/hourly-ipv4,ziyadnz|hourly,2026-08-17T18:48:05Z,2026-08-17T18:48:05Z,
206.189.179.155,ipv4,malicious-ip,medium,WHITE,ziyadnz/hourly-ipv4,ziyadnz|hourly,2026-08-17T18:48:05Z,2026-08-17T18:48:05Z,
206.189.18.100,ipv4,malicious-ip,medium,WHITE,ziyadnz/hourly-ipv4,ziyadnz|hourly,2026-08-17T18:48:05Z,2026-08-17T18:48:05Z,
206.189.185.158,ipv4,malicious-ip,medium,WHITE,ziyadnz/hourly-ipv4,ziyadnz|hourly,2026-08-17T18:48:05Z,2026-08-17T18:48:05Z,
206.189.186.136,ipv4,malicious-ip,medium,WHITE,ziyadnz/hourly-ipv4,ziyadnz|hourly,2026-08-17T18:48:05Z,2026-08-17T18:48:05Z,
206.189.187.121,ipv4,malicious-ip,medium,WHITE,ziyadnz/hourly-ipv4,ziyadnz|hourly,2026-08-17T18:48:05Z,2026-08-17T18:48:05Z,
206.189.188.7,ipv4,malicious-ip,medium,WHITE,ziyadnz/hourly-ipv4,ziyadnz|hourly,2026-08-17T18:48:05Z,2026-08-17T18:48:05Z,
206.189.19.146,ipv4,malicious-ip,medium,WHITE,ziyadnz/hourly-ipv4,ziyadnz|hourly,2026-08-17T18:48:05Z,2026-08-17T18:48:05Z,
206.189.19.19,ipv4,malicious-ip,medium,WHITE,ziyadnz/hourly-ipv4,ziyadnz|hourly,2026-08-17T18:48:05Z,2026-08-17T18:48:05Z,
206.189.191.128,ipv4,malicious-ip,medium,WHITE,ziyadnz/hourly-ipv4,ziyadnz|hourly,2026-08-17T18:48:05Z,2026-08-17T18:48:05Z,
206.189.191.25,ipv4,malicious-ip,medium,WHITE,ziyadnz/hourly-ipv4,ziyadnz|hourly,2026-08-17T18:48:05Z,2026-08-17T18:48:05Z,
206.189.192.135,ipv4,malicious-ip,medium,WHITE,ziyadnz/hourly-ipv4,ziyadnz|hourly,2026-08-17T18:48:05Z,2026-08-17T18:48:05Z,
206.189.192.69,ipv4,malicious-ip,medium,WHITE,ziyadnz/hourly-ipv4,ziyadnz|hourly,2026-08-17T18:48:05Z,2026-08-17T18:48:05Z,
206.189.193.221,ipv4,malicious-ip,medium,WHITE,ziyadnz/hourly-ipv4,ziyadnz|hourly,2026-08-17T18:48:05Z,2026-08-17T18:48:05Z,
206.189.196.244,ipv4,malicious-ip,medium,WHITE,ziyadnz/hourly-ipv4,ziyadnz|hourly,2026-08-17T18:48:05Z,2026-08-17T18:48:05Z,
206.189.198.8,ipv4,malicious-ip,medium,WHITE,ziyadnz/hourly-ipv4,ziyadnz|hourly,2026-08-17T18:48:05Z,2026-08-17T18:48:05Z,
206.189.206.164,ipv4,malicious-ip,medium,WHITE,ziyadnz/hourly-ipv4,ziyadnz|hourly,2026-08-17T18:48:05Z,2026-08-17T18:48:05Z,
206.189.206.8,ipv4,malicious-ip,medium,WHITE,ziyadnz/hourly-ipv4,ziyadnz|hourly,2026-08-17T18:48:05Z,2026-08-17T18:48:05Z,
206.189.207.34,ipv4,malicious-ip,medium,WHITE,ziyadnz/hourly-ipv4,ziyadnz|hourly,2026-08-17T18:48:05Z,2026-08-17T18:48:05Z,
206.189.208.156,ipv4,malicious-ip,medium,WHITE,ziyadnz/hourly-ipv4,ziyadnz|hourly,2026-08-17T18:48:05Z,2026-08-17T18:48:05Z,
206.189.209.165,ipv4,malicious-ip,medium,WHITE,ziyadnz/hourly-ipv4,ziyadnz|hourly,2026-08-17T18:48:05Z,2026-08-17T18:48:05Z,
206.189.210.196,ipv4,malicious-ip,medium,WHITE,ziyadnz/hourly-ipv4,ziyadnz|hourly,2026-08-17T18:48:05Z,2026-08-17T18:48:05Z,
206.189.210.201,ipv4,malicious-ip,medium,WHITE,ziyadnz/hourly-ipv4,ziyadnz|hourly,2026-08-17T18:48:05Z,2026-08-17T18:48:05Z,
206.189.213.52,ipv4,malicious-ip,medium,WHITE,ziyadnz/hourly-ipv4,ziyadnz|hourly,2026-08-17T18:48:05Z,2026-08-17T18:48:05Z,
206.189.218.232,ipv4,malicious-ip,medium,WHITE,ziyadnz/hourly-ipv4,ziyadnz|hourly,2026-08-17T18:48:05Z,2026-08-17T18:48:05Z,
206.189.220.72,ipv4,malicious-ip,medium,WHITE,ziyadnz/hourly-ipv4,ziyadnz|hourly,2026-08-17T18:48:05Z,2026-08-17T18:48:05Z,
206.189.224.101,ipv4,malicious-ip,medium,WHITE,ziyadnz/hourly-ipv4,ziyadnz|hourly,2026-08-17T18:48:05Z,2026-08-17T18:48:05Z,
206.189.229.43,ipv4,malicious-ip,medium,WHITE,ziyadnz/hourly-ipv4,ziyadnz|hourly,2026-08-17T18:48:05Z,2026-08-17T18:48:05Z,
206.189.234.142,ipv4,malicious-ip,medium,WHITE,ziyadnz/hourly-ipv4,ziyadnz|hourly,2026-08-17T18:48:05Z,2026-08-17T18:48:05Z,
206.189.236.215,ipv4,malicious-ip,medium,WHITE,ziyadnz/hourly-ipv4,ziyadnz|hourly,2026-08-17T18:48:05Z,2026-08-17T18:48:05Z,
206.189.25.100,ipv4,malicious-ip,medium,WHITE,ziyadnz/hourly-ipv4,ziyadnz|hourly,2026-08-17T18:48:05Z,2026-08-17T18:48:05Z,
206.189.26.15,ipv4,malicious-ip,medium,WHITE,ziyadnz/hourly-ipv4,ziyadnz|hourly,2026-08-17T18:48:05Z,2026-08-17T18:48:05Z,
206.189.27.39,ipv4,malicious-ip,medium,WHITE,ziyadnz/hourly-ipv4,ziyadnz|hourly,2026-08-17T18:48:05Z,2026-08-17T18:48:05Z,
206.189.27.78,ipv4,malicious-ip,medium,WHITE,ziyadnz/hourly-ipv4,ziyadnz|hourly,2026-08-17T18:48:05Z,2026-08-17T18:48:05Z,
206.189.32.118,ipv4,malicious-ip,medium,WHITE,ziyadnz/hourly-ipv4,ziyadnz|hourly,2026-08-17T18:48:05Z,2026-08-17T18:48:05Z,
206.189.32.139,ipv4,malicious-ip,medium,WHITE,ziyadnz/hourly-ipv4,ziyadnz|hourly,2026-08-17T18:48:05Z,2026-08-17T18:48:05Z,
206.189.33.65,ipv4,malicious-ip,medium,WHITE,ziyadnz/hourly-ipv4,ziyadnz|hourly,2026-08-17T18:48:05Z,2026-08-17T18:48:05Z,
206.189.39.63,ipv4,malicious-ip,medium,WHITE,ziyadnz/hourly-ipv4,ziyadnz|hourly,2026-08-17T18:48:05Z,2026-08-17T18:48:05Z,
206.189.50.126,ipv4,malicious-ip,medium,WHITE,ziyadnz/hourly-ipv4,ziyadnz|hourly,2026-08-17T18:48:05Z,2026-08-17T18:48:05Z,
206.189.57.162,ipv4,malicious-ip,medium,WHITE,ziyadnz/hourly-ipv4,ziyadnz|hourly,2026-08-17T18:48:05Z,2026-08-17T18:48:05Z,
206.189.58.141,ipv4,malicious-ip,medium,WHITE,ziyadnz/hourly-ipv4,ziyadnz|hourly,2026-08-17T18:48:05Z,2026-08-17T18:48:05Z,
206.189.58.194,ipv4,malicious-ip,medium,WHITE,ziyadnz/hourly-ipv4,ziyadnz|hourly,2026-08-17T18:48:05Z,2026-08-17T18:48:05Z,
206.189.61.166,ipv4,malicious-ip,medium,WHITE,ziyadnz/hourly-ipv4,ziyadnz|hourly,2026-08-17T18:48:05Z,2026-08-17T18:48:05Z,
206.189.65.200,ipv4,malicious-ip,medium,WHITE,ziyadnz/hourly-ipv4,ziyadnz|hourly,2026-08-17T18:48:05Z,2026-08-17T18:48:05Z,
206.189.7.57,ipv4,malicious-ip,medium,WHITE,ziyadnz/hourly-ipv4,ziyadnz|hourly,2026-08-17T18:48:05Z,2026-08-17T18:48:05Z,
206.189.71.46,ipv4,malicious-ip,medium,WHITE,ziyadnz/hourly-ipv4,ziyadnz|hourly,2026-08-17T18:48:05Z,2026-08-17T18:48:05Z,
206.189.71.66,ipv4,malicious-ip,medium,WHITE,ziyadnz/hourly-ipv4,ziyadnz|hourly,2026-08-17T18:48:05Z,2026-08-17T18:48:05Z,
206.189.72.219,ipv4,malicious-ip,medium,WHITE,ziyadnz/hourly-ipv4,ziyadnz|hourly,2026-08-17T18:48:05Z,2026-08-17T18:48:05Z,
206.189.84.228,ipv4,malicious-ip,medium,WHITE,ziyadnz/hourly-ipv4,ziyadnz|hourly,2026-08-17T18:48:05Z,2026-08-17T18:48:05Z,
206.189.90.254,ipv4,malicious-ip,medium,WHITE,ziyadnz/hourly-ipv4,ziyadnz|hourly,2026-08-17T18:48:05Z,2026-08-17T18:48:05Z,
206.189.92.171,ipv4,malicious-ip,medium,WHITE,ziyadnz/hourly-ipv4,ziyadnz|hourly,2026-08-17T18:48:05Z,2026-08-17T18:48:05Z,
206.189.95.232,ipv4,malicious-ip,medium,WHITE,ziyadnz/hourly-ipv4,ziyadnz|hourly,2026-08-17T18:48:05Z,2026-08-17T18:48:05Z,
206.201.6.37,ipv4,malicious-ip,medium,WHITE,ziyadnz/hourly-ipv4,ziyadnz|hourly,2026-08-17T18:48:05Z,2026-08-17T18:48:05Z,
206.206.123.176,ipv4,malicious-ip,medium,WHITE,ziyadnz/hourly-ipv4,ziyadnz|hourly,2026-08-17T18:48:05Z,2026-08-17T18:48:05Z,
206.206.192.178,ipv4,malicious-ip,medium,WHITE,ziyadnz/hourly-ipv4,ziyadnz|hourly,2026-08-17T18:48:05Z,2026-08-17T18:48:05Z,
206.217.135.60,ipv4,malicious-ip,medium,WHITE,ziyadnz/hourly-ipv4,ziyadnz|hourly,2026-08-17T18:48:05Z,2026-08-17T18:48:05Z,
206.221.182.106,ipv4,malicious-ip,medium,WHITE,ziyadnz/hourly-ipv4,ziyadnz|hourly,2026-08-17T18:48:05Z,2026-08-17T18:48:05Z,
206.221.86.14,ipv4,malicious-ip,medium,WHITE,ziyadnz/hourly-ipv4,ziyadnz|hourly,2026-08-17T18:48:05Z,2026-08-17T18:48:05Z,
206.223.228.229,ipv4,malicious-ip,medium,WHITE,ziyadnz/hourly-ipv4,ziyadnz|hourly,2026-08-17T18:48:05Z,2026-08-17T18:48:05Z,
206.223.228.33,ipv4,malicious-ip,medium,WHITE,ziyadnz/hourly-ipv4,ziyadnz|hourly,2026-08-17T18:48:05Z,2026-08-17T18:48:05Z,
206.223.232.91,ipv4,malicious-ip,medium,WHITE,ziyadnz/hourly-ipv4,ziyadnz|hourly,2026-08-17T18:48:05Z,2026-08-17T18:48:05Z,
206.223.240.3,ipv4,malicious-ip,medium,WHITE,ziyadnz/hourly-ipv4,ziyadnz|hourly,2026-08-17T18:48:05Z,2026-08-17T18:48:05Z,
206.223.244.222,ipv4,malicious-ip,medium,WHITE,ziyadnz/hourly-ipv4,ziyadnz|hourly,2026-08-17T18:48:05Z,2026-08-17T18:48:05Z,
206.232.110.60,ipv4,malicious-ip,medium,WHITE,ziyadnz/hourly-ipv4,ziyadnz|hourly,2026-08-17T18:48:05Z,2026-08-17T18:48:05Z,
206.233.130.141,ipv4,malicious-ip,medium,WHITE,ziyadnz/hourly-ipv4,ziyadnz|hourly,2026-08-17T18:48:05Z,2026-08-17T18:48:05Z,
206.237.107.49,ipv4,malicious-ip,medium,WHITE,ziyadnz/hourly-ipv4,ziyadnz|hourly,2026-08-17T18:48:05Z,2026-08-17T18:48:05Z,
206.237.225.90,ipv4,malicious-ip,medium,WHITE,ziyadnz/hourly-ipv4,ziyadnz|hourly,2026-08-17T18:48:05Z,2026-08-17T18:48:05Z,
206.237.4.54,ipv4,malicious-ip,medium,WHITE,ziyadnz/hourly-ipv4,ziyadnz|hourly,2026-08-17T18:48:05Z,2026-08-17T18:48:05Z,
206.238.115.207,ipv4,malicious-ip,medium,WHITE,ziyadnz/hourly-ipv4,ziyadnz|hourly,2026-08-17T18:48:05Z,2026-08-17T18:48:05Z,
206.238.179.173,ipv4,malicious-ip,medium,WHITE,ziyadnz/hourly-ipv4,ziyadnz|hourly,2026-08-17T18:48:05Z,2026-08-17T18:48:05Z,
206.238.196.32,ipv4,malicious-ip,medium,WHITE,ziyadnz/hourly-ipv4,ziyadnz|hourly,2026-08-17T18:48:05Z,2026-08-17T18:48:05Z,
206.238.199.22,ipv4,malicious-ip,medium,WHITE,ziyadnz/hourly-ipv4,ziyadnz|hourly,2026-08-17T18:48:05Z,2026-08-17T18:48:05Z,
206.238.220.60,ipv4,malicious-ip,medium,WHITE,ziyadnz/hourly-ipv4,ziyadnz|hourly,2026-08-17T18:48:05Z,2026-08-17T18:48:05Z,
206.238.221.182,ipv4,malicious-ip,medium,WHITE,ziyadnz/hourly-ipv4,ziyadnz|hourly,2026-08-17T18:48:05Z,2026-08-17T18:48:05Z,
206.238.221.244,ipv4,malicious-ip,medium,WHITE,ziyadnz/hourly-ipv4,ziyadnz|hourly,2026-08-17T18:48:05Z,2026-08-17T18:48:05Z,
206.238.221.25,ipv4,malicious-ip,medium,WHITE,ziyadnz/hourly-ipv4,ziyadnz|hourly,2026-08-17T18:48:05Z,2026-08-17T18:48:05Z,
206.238.221.60,ipv4,malicious-ip,medium,WHITE,ziyadnz/hourly-ipv4,ziyadnz|hourly,2026-08-17T18:48:05Z,2026-08-17T18:48:05Z,
206.238.40.164,ipv4,malicious-ip,medium,WHITE,ziyadnz/hourly-ipv4,ziyadnz|hourly,2026-08-17T18:48:05Z,2026-08-17T18:48:05Z,
206.245.157.177,ipv4,malicious-ip,medium,WHITE,ziyadnz/hourly-ipv4,ziyadnz|hourly,2026-08-17T18:48:05Z,2026-08-17T18:48:05Z,
206.251.166.146,ipv4,malicious-ip,medium,WHITE,ziyadnz/hourly-ipv4,ziyadnz|hourly,2026-08-17T18:48:05Z,2026-08-17T18:48:05Z,
206.251.74.222,ipv4,malicious-ip,medium,WHITE,ziyadnz/hourly-ipv4,ziyadnz|hourly,2026-08-17T18:48:05Z,2026-08-17T18:48:05Z,
206.252.199.212,ipv4,malicious-ip,medium,WHITE,ziyadnz/hourly-ipv4,ziyadnz|hourly,2026-08-17T18:48:05Z,2026-08-17T18:48:05Z,
206.42.14.196,ipv4,malicious-ip,medium,WHITE,ziyadnz/hourly-ipv4,ziyadnz|hourly,2026-08-17T18:48:05Z,2026-08-17T18:48:05Z,
206.42.55.92,ipv4,malicious-ip,medium,WHITE,ziyadnz/hourly-ipv4,ziyadnz|hourly,2026-08-17T18:48:05Z,2026-08-17T18:48:05Z,
206.42.8.243,ipv4,malicious-ip,medium,WHITE,ziyadnz/hourly-ipv4,ziyadnz|hourly,2026-08-17T18:48:05Z,2026-08-17T18:48:05Z,
206.43.114.109,ipv4,malicious-ip,medium,WHITE,ziyadnz/hourly-ipv4,ziyadnz|hourly,2026-08-17T18:48:05Z,2026-08-17T18:48:05Z,
206.43.2.123,ipv4,malicious-ip,medium,WHITE,ziyadnz/hourly-ipv4,ziyadnz|hourly,2026-08-17T18:48:05Z,2026-08-17T18:48:05Z,
206.43.21.142,ipv4,malicious-ip,medium,WHITE,ziyadnz/hourly-ipv4,ziyadnz|hourly,2026-08-17T18:48:05Z,2026-08-17T18:48:05Z,
206.43.56.227,ipv4,malicious-ip,medium,WHITE,ziyadnz/hourly-ipv4,ziyadnz|hourly,2026-08-17T18:48:05Z,2026-08-17T18:48:05Z,
206.43.58.49,ipv4,malicious-ip,medium,WHITE,ziyadnz/hourly-ipv4,ziyadnz|hourly,2026-08-17T18:48:05Z,2026-08-17T18:48:05Z,
206.43.60.146,ipv4,malicious-ip,medium,WHITE,ziyadnz/hourly-ipv4,ziyadnz|hourly,2026-08-17T18:48:05Z,2026-08-17T18:48:05Z,
206.53.55.8,ipv4,malicious-ip,medium,WHITE,ziyadnz/hourly-ipv4,ziyadnz|hourly,2026-08-17T18:48:05Z,2026-08-17T18:48:05Z,
206.62.107.9,ipv4,malicious-ip,medium,WHITE,ziyadnz/hourly-ipv4,ziyadnz|hourly,2026-08-17T18:48:05Z,2026-08-17T18:48:05Z,
206.62.122.61,ipv4,malicious-ip,medium,WHITE,ziyadnz/hourly-ipv4,ziyadnz|hourly,2026-08-17T18:48:05Z,2026-08-17T18:48:05Z,
206.62.40.85,ipv4,malicious-ip,medium,WHITE,ziyadnz/hourly-ipv4,ziyadnz|hourly,2026-08-17T18:48:05Z,2026-08-17T18:48:05Z,
206.71.148.78,ipv4,malicious-ip,medium,WHITE,ziyadnz/hourly-ipv4,ziyadnz|hourly,2026-08-17T18:48:05Z,2026-08-17T18:48:05Z,
206.71.149.179,ipv4,malicious-ip,medium,WHITE,ziyadnz/hourly-ipv4,ziyadnz|hourly,2026-08-17T18:48:05Z,2026-08-17T18:48:05Z,
206.71.149.194,ipv4,malicious-ip,medium,WHITE,ziyadnz/hourly-ipv4,ziyadnz|hourly,2026-08-17T18:48:05Z,2026-08-17T18:48:05Z,
206.72.199.225,ipv4,malicious-ip,medium,WHITE,ziyadnz/hourly-ipv4,ziyadnz|hourly,2026-08-17T18:48:05Z,2026-08-17T18:48:05Z,
206.75.13.194,ipv4,malicious-ip,medium,WHITE,ziyadnz/hourly-ipv4,ziyadnz|hourly,2026-08-17T18:48:05Z,2026-08-17T18:48:05Z,
206.81.104.30,ipv4,malicious-ip,medium,WHITE,ziyadnz/hourly-ipv4,ziyadnz|hourly,2026-08-17T18:48:05Z,2026-08-17T18:48:05Z,
206.81.11.215,ipv4,malicious-ip,medium,WHITE,ziyadnz/hourly-ipv4,ziyadnz|hourly,2026-08-17T18:48:05Z,2026-08-17T18:48:05Z,
206.81.12.187,ipv4,malicious-ip,medium,WHITE,ziyadnz/hourly-ipv4,ziyadnz|hourly,2026-08-17T18:48:05Z,2026-08-17T18:48:05Z,
206.81.12.245,ipv4,malicious-ip,medium,WHITE,ziyadnz/hourly-ipv4,ziyadnz|hourly,2026-08-17T18:48:05Z,2026-08-17T18:48:05Z,
206.81.13.0,ipv4,malicious-ip,medium,WHITE,ziyadnz/hourly-ipv4,ziyadnz|hourly,2026-08-17T18:48:05Z,2026-08-17T18:48:05Z,
206.81.16.191,ipv4,malicious-ip,medium,WHITE,ziyadnz/hourly-ipv4,ziyadnz|hourly,2026-08-17T18:48:05Z,2026-08-17T18:48:05Z,
206.81.17.138,ipv4,malicious-ip,medium,WHITE,ziyadnz/hourly-ipv4,ziyadnz|hourly,2026-08-17T18:48:05Z,2026-08-17T18:48:05Z,
206.81.2.201,ipv4,malicious-ip,medium,WHITE,ziyadnz/hourly-ipv4,ziyadnz|hourly,2026-08-17T18:48:05Z,2026-08-17T18:48:05Z,
206.81.24.227,ipv4,malicious-ip,medium,WHITE,ziyadnz/hourly-ipv4,ziyadnz|hourly,2026-08-17T18:48:05Z,2026-08-17T18:48:05Z,
206.81.24.74,ipv4,malicious-ip,medium,WHITE,ziyadnz/hourly-ipv4,ziyadnz|hourly,2026-08-17T18:48:05Z,2026-08-17T18:48:05Z,
206.81.28.62,ipv4,malicious-ip,medium,WHITE,ziyadnz/hourly-ipv4,ziyadnz|hourly,2026-08-17T18:48:05Z,2026-08-17T18:48:05Z,
206.81.28.78,ipv4,malicious-ip,medium,WHITE,ziyadnz/hourly-ipv4,ziyadnz|hourly,2026-08-17T18:48:05Z,2026-08-17T18:48:05Z,
206.81.29.86,ipv4,malicious-ip,medium,WHITE,ziyadnz/hourly-ipv4,ziyadnz|hourly,2026-08-17T18:48:05Z,2026-08-17T18:48:05Z,
206.81.6.67,ipv4,malicious-ip,medium,WHITE,ziyadnz/hourly-ipv4,ziyadnz|hourly,2026-08-17T18:48:05Z,2026-08-17T18:48:05Z,
206.81.9.68,ipv4,malicious-ip,medium,WHITE,ziyadnz/hourly-ipv4,ziyadnz|hourly,2026-08-17T18:48:05Z,2026-08-17T18:48:05Z,
206.82.3.188,ipv4,malicious-ip,medium,WHITE,ziyadnz/hourly-ipv4,ziyadnz|hourly,2026-08-17T18:48:05Z,2026-08-17T18:48:05Z,
206.82.6.110,ipv4,malicious-ip,medium,WHITE,ziyadnz/hourly-ipv4,ziyadnz|hourly,2026-08-17T18:48:05Z,2026-08-17T18:48:05Z,
206.84.112.226,ipv4,malicious-ip,medium,WHITE,ziyadnz/hourly-ipv4,ziyadnz|hourly,2026-08-17T18:48:05Z,2026-08-17T18:48:05Z,
206.84.35.42,ipv4,malicious-ip,medium,WHITE,ziyadnz/hourly-ipv4,ziyadnz|hourly,2026-08-17T18:48:05Z,2026-08-17T18:48:05Z,
206.85.41.86,ipv4,malicious-ip,medium,WHITE,ziyadnz/hourly-ipv4,ziyadnz|hourly,2026-08-17T18:48:05Z,2026-08-17T18:48:05Z,
207.127.103.84,ipv4,malicious-ip,medium,WHITE,ziyadnz/hourly-ipv4,ziyadnz|hourly,2026-08-17T18:48:05Z,2026-08-17T18:48:05Z,
207.134.75.178,ipv4,malicious-ip,medium,WHITE,ziyadnz/hourly-ipv4,ziyadnz|hourly,2026-08-17T18:48:05Z,2026-08-17T18:48:05Z,
207.148.0.54,ipv4,malicious-ip,medium,WHITE,ziyadnz/hourly-ipv4,ziyadnz|hourly,2026-08-17T18:48:05Z,2026-08-17T18:48:05Z,
207.148.120.52,ipv4,malicious-ip,medium,WHITE,ziyadnz/hourly-ipv4,ziyadnz|hourly,2026-08-17T18:48:05Z,2026-08-17T18:48:05Z,
207.148.121.95,ipv4,malicious-ip,medium,WHITE,ziyadnz/hourly-ipv4,ziyadnz|hourly,2026-08-17T18:48:05Z,2026-08-17T18:48:05Z,
207.148.17.3,ipv4,malicious-ip,medium,WHITE,ziyadnz/hourly-ipv4,ziyadnz|hourly,2026-08-17T18:48:05Z,2026-08-17T18:48:05Z,
207.148.66.14,ipv4,malicious-ip,medium,WHITE,ziyadnz/hourly-ipv4,ziyadnz|hourly,2026-08-17T18:48:05Z,2026-08-17T18:48:05Z,
207.148.69.74,ipv4,malicious-ip,medium,WHITE,ziyadnz/hourly-ipv4,ziyadnz|hourly,2026-08-17T18:48:05Z,2026-08-17T18:48:05Z,
207.148.73.18,ipv4,malicious-ip,medium,WHITE,ziyadnz/hourly-ipv4,ziyadnz|hourly,2026-08-17T18:48:05Z,2026-08-17T18:48:05Z,
207.148.75.122,ipv4,malicious-ip,medium,WHITE,ziyadnz/hourly-ipv4,ziyadnz|hourly,2026-08-17T18:48:05Z,2026-08-17T18:48:05Z,
207.148.76.235,ipv4,malicious-ip,medium,WHITE,ziyadnz/hourly-ipv4,ziyadnz|hourly,2026-08-17T18:48:05Z,2026-08-17T18:48:05Z,
207.148.78.36,ipv4,malicious-ip,medium,WHITE,ziyadnz/hourly-ipv4,ziyadnz|hourly,2026-08-17T18:48:05Z,2026-08-17T18:48:05Z,
207.153.28.232,ipv4,malicious-ip,medium,WHITE,ziyadnz/hourly-ipv4,ziyadnz|hourly,2026-08-17T18:48:05Z,2026-08-17T18:48:05Z,
207.154.194.27,ipv4,malicious-ip,medium,WHITE,ziyadnz/hourly-ipv4,ziyadnz|hourly,2026-08-17T18:48:05Z,2026-08-17T18:48:05Z,
207.154.197.113,ipv4,malicious-ip,medium,WHITE,ziyadnz/hourly-ipv4,ziyadnz|hourly,2026-08-17T18:48:05Z,2026-08-17T18:48:05Z,
207.154.219.92,ipv4,malicious-ip,medium,WHITE,ziyadnz/hourly-ipv4,ziyadnz|hourly,2026-08-17T18:48:05Z,2026-08-17T18:48:05Z,
207.154.226.134,ipv4,malicious-ip,medium,WHITE,ziyadnz/hourly-ipv4,ziyadnz|hourly,2026-08-17T18:48:05Z,2026-08-17T18:48:05Z,
207.154.228.172,ipv4,malicious-ip,medium,WHITE,ziyadnz/hourly-ipv4,ziyadnz|hourly,2026-08-17T18:48:05Z,2026-08-17T18:48:05Z,
207.154.238.79,ipv4,malicious-ip,medium,WHITE,ziyadnz/hourly-ipv4,ziyadnz|hourly,2026-08-17T18:48:05Z,2026-08-17T18:48:05Z,
207.154.242.136,ipv4,malicious-ip,medium,WHITE,ziyadnz/hourly-ipv4,ziyadnz|hourly,2026-08-17T18:48:05Z,2026-08-17T18:48:05Z,
207.154.243.184,ipv4,malicious-ip,medium,WHITE,ziyadnz/hourly-ipv4,ziyadnz|hourly,2026-08-17T18:48:05Z,2026-08-17T18:48:05Z,
207.154.243.41,ipv4,malicious-ip,medium,WHITE,ziyadnz/hourly-ipv4,ziyadnz|hourly,2026-08-17T18:48:05Z,2026-08-17T18:48:05Z,
207.154.245.240,ipv4,malicious-ip,medium,WHITE,ziyadnz/hourly-ipv4,ziyadnz|hourly,2026-08-17T18:48:05Z,2026-08-17T18:48:05Z,
207.154.245.51,ipv4,malicious-ip,medium,WHITE,ziyadnz/hourly-ipv4,ziyadnz|hourly,2026-08-17T18:48:05Z,2026-08-17T18:48:05Z,
207.154.250.9,ipv4,malicious-ip,medium,WHITE,ziyadnz/hourly-ipv4,ziyadnz|hourly,2026-08-17T18:48:05Z,2026-08-17T18:48:05Z,
207.154.254.44,ipv4,malicious-ip,medium,WHITE,ziyadnz/hourly-ipv4,ziyadnz|hourly,2026-08-17T18:48:05Z,2026-08-17T18:48:05Z,
207.154.255.215,ipv4,malicious-ip,medium,WHITE,ziyadnz/hourly-ipv4,ziyadnz|hourly,2026-08-17T18:48:05Z,2026-08-17T18:48:05Z,
207.154.255.241,ipv4,malicious-ip,medium,WHITE,ziyadnz/hourly-ipv4,ziyadnz|hourly,2026-08-17T18:48:05Z,2026-08-17T18:48:05Z,
207.164.160.50,ipv4,malicious-ip,medium,WHITE,ziyadnz/hourly-ipv4,ziyadnz|hourly,2026-08-17T18:48:05Z,2026-08-17T18:48:05Z,
207.174.0.143,ipv4,malicious-ip,medium,WHITE,ziyadnz/hourly-ipv4,ziyadnz|hourly,2026-08-17T18:48:05Z,2026-08-17T18:48:05Z,
207.174.0.44,ipv4,malicious-ip,medium,WHITE,ziyadnz/hourly-ipv4,ziyadnz|hourly,2026-08-17T18:48:05Z,2026-08-17T18:48:05Z,
207.174.31.215,ipv4,malicious-ip,medium,WHITE,ziyadnz/hourly-ipv4,ziyadnz|hourly,2026-08-17T18:48:05Z,2026-08-17T18:48:05Z,
207.175.100.93,ipv4,malicious-ip,medium,WHITE,ziyadnz/hourly-ipv4,ziyadnz|hourly,2026-08-17T18:48:05Z,2026-08-17T18:48:05Z,
207.175.105.236,ipv4,malicious-ip,medium,WHITE,ziyadnz/hourly-ipv4,ziyadnz|hourly,2026-08-17T18:48:05Z,2026-08-17T18:48:05Z,
207.175.109.251,ipv4,malicious-ip,medium,WHITE,ziyadnz/hourly-ipv4,ziyadnz|hourly,2026-08-17T18:48:05Z,2026-08-17T18:48:05Z,
207.175.110.253,ipv4,malicious-ip,medium,WHITE,ziyadnz/hourly-ipv4,ziyadnz|hourly,2026-08-17T18:48:05Z,2026-08-17T18:48:05Z,
207.175.120.32,ipv4,malicious-ip,medium,WHITE,ziyadnz/hourly-ipv4,ziyadnz|hourly,2026-08-17T18:48:05Z,2026-08-17T18:48:05Z,
207.175.136.66,ipv4,malicious-ip,medium,WHITE,ziyadnz/hourly-ipv4,ziyadnz|hourly,2026-08-17T18:48:05Z,2026-08-17T18:48:05Z,
207.175.142.27,ipv4,malicious-ip,medium,WHITE,ziyadnz/hourly-ipv4,ziyadnz|hourly,2026-08-17T18:48:05Z,2026-08-17T18:48:05Z,
207.175.143.70,ipv4,malicious-ip,medium,WHITE,ziyadnz/hourly-ipv4,ziyadnz|hourly,2026-08-17T18:48:05Z,2026-08-17T18:48:05Z,
207.175.145.208,ipv4,malicious-ip,medium,WHITE,ziyadnz/hourly-ipv4,ziyadnz|hourly,2026-08-17T18:48:05Z,2026-08-17T18:48:05Z,
207.175.155.163,ipv4,malicious-ip,medium,WHITE,ziyadnz/hourly-ipv4,ziyadnz|hourly,2026-08-17T18:48:05Z,2026-08-17T18:48:05Z,
207.175.160.197,ipv4,malicious-ip,medium,WHITE,ziyadnz/hourly-ipv4,ziyadnz|hourly,2026-08-17T18:48:05Z,2026-08-17T18:48:05Z,
207.175.161.220,ipv4,malicious-ip,medium,WHITE,ziyadnz/hourly-ipv4,ziyadnz|hourly,2026-08-17T18:48:05Z,2026-08-17T18:48:05Z,
207.175.162.1,ipv4,malicious-ip,medium,WHITE,ziyadnz/hourly-ipv4,ziyadnz|hourly,2026-08-17T18:48:05Z,2026-08-17T18:48:05Z,
207.175.164.35,ipv4,malicious-ip,medium,WHITE,ziyadnz/hourly-ipv4,ziyadnz|hourly,2026-08-17T18:48:05Z,2026-08-17T18:48:05Z,
207.175.165.22,ipv4,malicious-ip,medium,WHITE,ziyadnz/hourly-ipv4,ziyadnz|hourly,2026-08-17T18:48:05Z,2026-08-17T18:48:05Z,
207.175.167.148,ipv4,malicious-ip,medium,WHITE,ziyadnz/hourly-ipv4,ziyadnz|hourly,2026-08-17T18:48:05Z,2026-08-17T18:48:05Z,
207.175.167.253,ipv4,malicious-ip,medium,WHITE,ziyadnz/hourly-ipv4,ziyadnz|hourly,2026-08-17T18:48:05Z,2026-08-17T18:48:05Z,
207.175.169.14,ipv4,malicious-ip,medium,WHITE,ziyadnz/hourly-ipv4,ziyadnz|hourly,2026-08-17T18:48:05Z,2026-08-17T18:48:05Z,
207.175.169.45,ipv4,malicious-ip,medium,WHITE,ziyadnz/hourly-ipv4,ziyadnz|hourly,2026-08-17T18:48:05Z,2026-08-17T18:48:05Z,
207.175.174.36,ipv4,malicious-ip,medium,WHITE,ziyadnz/hourly-ipv4,ziyadnz|hourly,2026-08-17T18:48:05Z,2026-08-17T18:48:05Z,
207.175.176.199,ipv4,malicious-ip,medium,WHITE,ziyadnz/hourly-ipv4,ziyadnz|hourly,2026-08-17T18:48:05Z,2026-08-17T18:48:05Z,
207.175.178.228,ipv4,malicious-ip,medium,WHITE,ziyadnz/hourly-ipv4,ziyadnz|hourly,2026-08-17T18:48:05Z,2026-08-17T18:48:05Z,
207.175.178.48,ipv4,malicious-ip,medium,WHITE,ziyadnz/hourly-ipv4,ziyadnz|hourly,2026-08-17T18:48:05Z,2026-08-17T18:48:05Z,
207.175.18.130,ipv4,malicious-ip,medium,WHITE,ziyadnz/hourly-ipv4,ziyadnz|hourly,2026-08-17T18:48:05Z,2026-08-17T18:48:05Z,
207.175.184.205,ipv4,malicious-ip,medium,WHITE,ziyadnz/hourly-ipv4,ziyadnz|hourly,2026-08-17T18:48:05Z,2026-08-17T18:48:05Z,
207.175.187.202,ipv4,malicious-ip,medium,WHITE,ziyadnz/hourly-ipv4,ziyadnz|hourly,2026-08-17T18:48:05Z,2026-08-17T18:48:05Z,
207.175.190.113,ipv4,malicious-ip,medium,WHITE,ziyadnz/hourly-ipv4,ziyadnz|hourly,2026-08-17T18:48:05Z,2026-08-17T18:48:05Z,
207.175.191.219,ipv4,malicious-ip,medium,WHITE,ziyadnz/hourly-ipv4,ziyadnz|hourly,2026-08-17T18:48:05Z,2026-08-17T18:48:05Z,
207.175.200.203,ipv4,malicious-ip,medium,WHITE,ziyadnz/hourly-ipv4,ziyadnz|hourly,2026-08-17T18:48:05Z,2026-08-17T18:48:05Z,
207.175.203.83,ipv4,malicious-ip,medium,WHITE,ziyadnz/hourly-ipv4,ziyadnz|hourly,2026-08-17T18:48:05Z,2026-08-17T18:48:05Z,
207.175.204.78,ipv4,malicious-ip,medium,WHITE,ziyadnz/hourly-ipv4,ziyadnz|hourly,2026-08-17T18:48:05Z,2026-08-17T18:48:05Z,
207.175.207.207,ipv4,malicious-ip,medium,WHITE,ziyadnz/hourly-ipv4,ziyadnz|hourly,2026-08-17T18:48:05Z,2026-08-17T18:48:05Z,
207.175.211.124,ipv4,malicious-ip,medium,WHITE,ziyadnz/hourly-ipv4,ziyadnz|hourly,2026-08-17T18:48:05Z,2026-08-17T18:48:05Z,
207.175.211.242,ipv4,malicious-ip,medium,WHITE,ziyadnz/hourly-ipv4,ziyadnz|hourly,2026-08-17T18:48:05Z,2026-08-17T18:48:05Z,
207.175.214.50,ipv4,malicious-ip,medium,WHITE,ziyadnz/hourly-ipv4,ziyadnz|hourly,2026-08-17T18:48:05Z,2026-08-17T18:48:05Z,
207.175.216.51,ipv4,malicious-ip,medium,WHITE,ziyadnz/hourly-ipv4,ziyadnz|hourly,2026-08-17T18:48:05Z,2026-08-17T18:48:05Z,
207.175.217.79,ipv4,malicious-ip,medium,WHITE,ziyadnz/hourly-ipv4,ziyadnz|hourly,2026-08-17T18:48:05Z,2026-08-17T18:48:05Z,
207.175.219.154,ipv4,malicious-ip,medium,WHITE,ziyadnz/hourly-ipv4,ziyadnz|hourly,2026-08-17T18:48:05Z,2026-08-17T18:48:05Z,
207.175.220.240,ipv4,malicious-ip,medium,WHITE,ziyadnz/hourly-ipv4,ziyadnz|hourly,2026-08-17T18:48:05Z,2026-08-17T18:48:05Z,
207.175.223.238,ipv4,malicious-ip,medium,WHITE,ziyadnz/hourly-ipv4,ziyadnz|hourly,2026-08-17T18:48:05Z,2026-08-17T18:48:05Z,
207.175.231.108,ipv4,malicious-ip,medium,WHITE,ziyadnz/hourly-ipv4,ziyadnz|hourly,2026-08-17T18:48:05Z,2026-08-17T18:48:05Z,
207.175.231.40,ipv4,malicious-ip,medium,WHITE,ziyadnz/hourly-ipv4,ziyadnz|hourly,2026-08-17T18:48:05Z,2026-08-17T18:48:05Z,
207.175.232.235,ipv4,malicious-ip,medium,WHITE,ziyadnz/hourly-ipv4,ziyadnz|hourly,2026-08-17T18:48:05Z,2026-08-17T18:48:05Z,
207.175.242.61,ipv4,malicious-ip,medium,WHITE,ziyadnz/hourly-ipv4,ziyadnz|hourly,2026-08-17T18:48:05Z,2026-08-17T18:48:05Z,
207.175.4.155,ipv4,malicious-ip,medium,WHITE,ziyadnz/hourly-ipv4,ziyadnz|hourly,2026-08-17T18:48:05Z,2026-08-17T18:48:05Z,
207.175.4.188,ipv4,malicious-ip,medium,WHITE,ziyadnz/hourly-ipv4,ziyadnz|hourly,2026-08-17T18:48:05Z,2026-08-17T18:48:05Z,
207.175.46.189,ipv4,malicious-ip,medium,WHITE,ziyadnz/hourly-ipv4,ziyadnz|hourly,2026-08-17T18:48:05Z,2026-08-17T18:48:05Z,
207.175.48.216,ipv4,malicious-ip,medium,WHITE,ziyadnz/hourly-ipv4,ziyadnz|hourly,2026-08-17T18:48:05Z,2026-08-17T18:48:05Z,
207.175.5.156,ipv4,malicious-ip,medium,WHITE,ziyadnz/hourly-ipv4,ziyadnz|hourly,2026-08-17T18:48:05Z,2026-08-17T18:48:05Z,
207.175.58.113,ipv4,malicious-ip,medium,WHITE,ziyadnz/hourly-ipv4,ziyadnz|hourly,2026-08-17T18:48:05Z,2026-08-17T18:48:05Z,
207.175.59.20,ipv4,malicious-ip,medium,WHITE,ziyadnz/hourly-ipv4,ziyadnz|hourly,2026-08-17T18:48:05Z,2026-08-17T18:48:05Z,
207.175.65.66,ipv4,malicious-ip,medium,WHITE,ziyadnz/hourly-ipv4,ziyadnz|hourly,2026-08-17T18:48:05Z,2026-08-17T18:48:05Z,
207.175.81.114,ipv4,malicious-ip,medium,WHITE,ziyadnz/hourly-ipv4,ziyadnz|hourly,2026-08-17T18:48:05Z,2026-08-17T18:48:05Z,
207.175.82.152,ipv4,malicious-ip,medium,WHITE,ziyadnz/hourly-ipv4,ziyadnz|hourly,2026-08-17T18:48:05Z,2026-08-17T18:48:05Z,
207.175.84.144,ipv4,malicious-ip,medium,WHITE,ziyadnz/hourly-ipv4,ziyadnz|hourly,2026-08-17T18:48:05Z,2026-08-17T18:48:05Z,
207.175.86.60,ipv4,malicious-ip,medium,WHITE,ziyadnz/hourly-ipv4,ziyadnz|hourly,2026-08-17T18:48:05Z,2026-08-17T18:48:05Z,
207.175.87.32,ipv4,malicious-ip,medium,WHITE,ziyadnz/hourly-ipv4,ziyadnz|hourly,2026-08-17T18:48:05Z,2026-08-17T18:48:05Z,
207.175.89.35,ipv4,malicious-ip,medium,WHITE,ziyadnz/hourly-ipv4,ziyadnz|hourly,2026-08-17T18:48:05Z,2026-08-17T18:48:05Z,
207.175.96.76,ipv4,malicious-ip,medium,WHITE,ziyadnz/hourly-ipv4,ziyadnz|hourly,2026-08-17T18:48:05Z,2026-08-17T18:48:05Z,
207.175.99.185,ipv4,malicious-ip,medium,WHITE,ziyadnz/hourly-ipv4,ziyadnz|hourly,2026-08-17T18:48:05Z,2026-08-17T18:48:05Z,
207.180.19.216,ipv4,malicious-ip,medium,WHITE,ziyadnz/hourly-ipv4,ziyadnz|hourly,2026-08-17T18:48:05Z,2026-08-17T18:48:05Z,
207.180.192.66,ipv4,malicious-ip,medium,WHITE,ziyadnz/hourly-ipv4,ziyadnz|hourly,2026-08-17T18:48:05Z,2026-08-17T18:48:05Z,
207.180.192.77,ipv4,malicious-ip,medium,WHITE,ziyadnz/hourly-ipv4,ziyadnz|hourly,2026-08-17T18:48:05Z,2026-08-17T18:48:05Z,
207.180.215.239,ipv4,malicious-ip,medium,WHITE,ziyadnz/hourly-ipv4,ziyadnz|hourly,2026-08-17T18:48:05Z,2026-08-17T18:48:05Z,
207.180.220.39,ipv4,malicious-ip,medium,WHITE,ziyadnz/hourly-ipv4,ziyadnz|hourly,2026-08-17T18:48:05Z,2026-08-17T18:48:05Z,
207.180.223.44,ipv4,malicious-ip,medium,WHITE,ziyadnz/hourly-ipv4,ziyadnz|hourly,2026-08-17T18:48:05Z,2026-08-17T18:48:05Z,
207.180.226.72,ipv4,malicious-ip,medium,WHITE,ziyadnz/hourly-ipv4,ziyadnz|hourly,2026-08-17T18:48:05Z,2026-08-17T18:48:05Z,
207.180.229.239,ipv4,malicious-ip,medium,WHITE,ziyadnz/hourly-ipv4,ziyadnz|hourly,2026-08-17T18:48:05Z,2026-08-17T18:48:05Z,
207.180.230.71,ipv4,malicious-ip,medium,WHITE,ziyadnz/hourly-ipv4,ziyadnz|hourly,2026-08-17T18:48:05Z,2026-08-17T18:48:05Z,
207.180.240.176,ipv4,malicious-ip,medium,WHITE,ziyadnz/hourly-ipv4,ziyadnz|hourly,2026-08-17T18:48:05Z,2026-08-17T18:48:05Z,
207.180.241.206,ipv4,malicious-ip,medium,WHITE,ziyadnz/hourly-ipv4,ziyadnz|hourly,2026-08-17T18:48:05Z,2026-08-17T18:48:05Z,
207.180.245.107,ipv4,malicious-ip,medium,WHITE,ziyadnz/hourly-ipv4,ziyadnz|hourly,2026-08-17T18:48:05Z,2026-08-17T18:48:05Z,
207.180.250.8,ipv4,malicious-ip,medium,WHITE,ziyadnz/hourly-ipv4,ziyadnz|hourly,2026-08-17T18:48:05Z,2026-08-17T18:48:05Z,
207.180.58.43,ipv4,malicious-ip,medium,WHITE,ziyadnz/hourly-ipv4,ziyadnz|hourly,2026-08-17T18:48:05Z,2026-08-17T18:48:05Z,
207.183.147.191,ipv4,malicious-ip,medium,WHITE,ziyadnz/hourly-ipv4,ziyadnz|hourly,2026-08-17T18:48:05Z,2026-08-17T18:48:05Z,
207.188.145.203,ipv4,malicious-ip,medium,WHITE,ziyadnz/hourly-ipv4,ziyadnz|hourly,2026-08-17T18:48:05Z,2026-08-17T18:48:05Z,
207.188.165.1,ipv4,malicious-ip,medium,WHITE,ziyadnz/hourly-ipv4,ziyadnz|hourly,2026-08-17T18:48:05Z,2026-08-17T18:48:05Z,
207.188.190.171,ipv4,malicious-ip,medium,WHITE,ziyadnz/hourly-ipv4,ziyadnz|hourly,2026-08-17T18:48:05Z,2026-08-17T18:48:05Z,
207.189.11.170,ipv4,malicious-ip,medium,WHITE,ziyadnz/hourly-ipv4,ziyadnz|hourly,2026-08-17T18:48:05Z,2026-08-17T18:48:05Z,
207.199.188.53,ipv4,malicious-ip,medium,WHITE,ziyadnz/hourly-ipv4,ziyadnz|hourly,2026-08-17T18:48:05Z,2026-08-17T18:48:05Z,
207.199.214.215,ipv4,malicious-ip,medium,WHITE,ziyadnz/hourly-ipv4,ziyadnz|hourly,2026-08-17T18:48:05Z,2026-08-17T18:48:05Z,
207.204.73.242,ipv4,malicious-ip,medium,WHITE,ziyadnz/hourly-ipv4,ziyadnz|hourly,2026-08-17T18:48:05Z,2026-08-17T18:48:05Z,
207.216.255.206,ipv4,malicious-ip,medium,WHITE,ziyadnz/hourly-ipv4,ziyadnz|hourly,2026-08-17T18:48:05Z,2026-08-17T18:48:05Z,
207.231.109.252,ipv4,malicious-ip,medium,WHITE,ziyadnz/hourly-ipv4,ziyadnz|hourly,2026-08-17T18:48:05Z,2026-08-17T18:48:05Z,
207.231.111.146,ipv4,malicious-ip,medium,WHITE,ziyadnz/hourly-ipv4,ziyadnz|hourly,2026-08-17T18:48:05Z,2026-08-17T18:48:05Z,
207.241.172.197,ipv4,malicious-ip,medium,WHITE,ziyadnz/hourly-ipv4,ziyadnz|hourly,2026-08-17T18:48:05Z,2026-08-17T18:48:05Z,
207.241.234.199,ipv4,malicious-ip,medium,WHITE,ziyadnz/hourly-ipv4,ziyadnz|hourly,2026-08-17T18:48:05Z,2026-08-17T18:48:05Z,
207.244.199.46,ipv4,malicious-ip,medium,WHITE,ziyadnz/hourly-ipv4,ziyadnz|hourly,2026-08-17T18:48:05Z,2026-08-17T18:48:05Z,
207.244.225.104,ipv4,malicious-ip,medium,WHITE,ziyadnz/hourly-ipv4,ziyadnz|hourly,2026-08-17T18:48:05Z,2026-08-17T18:48:05Z,
207.244.226.205,ipv4,malicious-ip,medium,WHITE,ziyadnz/hourly-ipv4,ziyadnz|hourly,2026-08-17T18:48:05Z,2026-08-17T18:48:05Z,
207.244.237.48,ipv4,malicious-ip,medium,WHITE,ziyadnz/hourly-ipv4,ziyadnz|hourly,2026-08-17T18:48:05Z,2026-08-17T18:48:05Z,
207.244.242.23,ipv4,malicious-ip,medium,WHITE,ziyadnz/hourly-ipv4,ziyadnz|hourly,2026-08-17T18:48:05Z,2026-08-17T18:48:05Z,
207.244.255.111,ipv4,malicious-ip,medium,WHITE,ziyadnz/hourly-ipv4,ziyadnz|hourly,2026-08-17T18:48:05Z,2026-08-17T18:48:05Z,
207.244.70.35,ipv4,malicious-ip,medium,WHITE,ziyadnz/hourly-ipv4,ziyadnz|hourly,2026-08-17T18:48:05Z,2026-08-17T18:48:05Z,
207.244.71.84,ipv4,malicious-ip,medium,WHITE,ziyadnz/hourly-ipv4,ziyadnz|hourly,2026-08-17T18:48:05Z,2026-08-17T18:48:05Z,
207.246.100.151,ipv4,malicious-ip,medium,WHITE,ziyadnz/hourly-ipv4,ziyadnz|hourly,2026-08-17T18:48:05Z,2026-08-17T18:48:05Z,
207.246.102.242,ipv4,malicious-ip,medium,WHITE,ziyadnz/hourly-ipv4,ziyadnz|hourly,2026-08-17T18:48:05Z,2026-08-17T18:48:05Z,
207.246.114.83,ipv4,malicious-ip,medium,WHITE,ziyadnz/hourly-ipv4,ziyadnz|hourly,2026-08-17T18:48:05Z,2026-08-17T18:48:05Z,
207.246.62.85,ipv4,malicious-ip,medium,WHITE,ziyadnz/hourly-ipv4,ziyadnz|hourly,2026-08-17T18:48:05Z,2026-08-17T18:48:05Z,
207.246.80.240,ipv4,malicious-ip,medium,WHITE,ziyadnz/hourly-ipv4,ziyadnz|hourly,2026-08-17T18:48:05Z,2026-08-17T18:48:05Z,
207.246.89.250,ipv4,malicious-ip,medium,WHITE,ziyadnz/hourly-ipv4,ziyadnz|hourly,2026-08-17T18:48:05Z,2026-08-17T18:48:05Z,
207.248.0.205,ipv4,malicious-ip,medium,WHITE,ziyadnz/hourly-ipv4,ziyadnz|hourly,2026-08-17T18:48:05Z,2026-08-17T18:48:05Z,
207.248.0.34,ipv4,malicious-ip,medium,WHITE,ziyadnz/hourly-ipv4,ziyadnz|hourly,2026-08-17T18:48:05Z,2026-08-17T18:48:05Z,
207.248.113.76,ipv4,malicious-ip,medium,WHITE,ziyadnz/hourly-ipv4,ziyadnz|hourly,2026-08-17T18:48:05Z,2026-08-17T18:48:05Z,
207.248.192.74,ipv4,malicious-ip,medium,WHITE,ziyadnz/hourly-ipv4,ziyadnz|hourly,2026-08-17T18:48:05Z,2026-08-17T18:48:05Z,
207.254.22.207,ipv4,malicious-ip,medium,WHITE,ziyadnz/hourly-ipv4,ziyadnz|hourly,2026-08-17T18:48:05Z,2026-08-17T18:48:05Z,
207.32.217.71,ipv4,malicious-ip,medium,WHITE,ziyadnz/hourly-ipv4,ziyadnz|hourly,2026-08-17T18:48:05Z,2026-08-17T18:48:05Z,
207.46.13.154,ipv4,malicious-ip,medium,WHITE,ziyadnz/hourly-ipv4,ziyadnz|hourly,2026-08-17T18:48:05Z,2026-08-17T18:48:05Z,
207.46.224.81,ipv4,malicious-ip,medium,WHITE,ziyadnz/hourly-ipv4,ziyadnz|hourly,2026-08-17T18:48:05Z,2026-08-17T18:48:05Z,
207.46.224.89,ipv4,malicious-ip,medium,WHITE,ziyadnz/hourly-ipv4,ziyadnz|hourly,2026-08-17T18:48:05Z,2026-08-17T18:48:05Z,
207.53.253.30,ipv4,malicious-ip,medium,WHITE,ziyadnz/hourly-ipv4,ziyadnz|hourly,2026-08-17T18:48:05Z,2026-08-17T18:48:05Z,
207.56.119.216,ipv4,malicious-ip,medium,WHITE,ziyadnz/hourly-ipv4,ziyadnz|hourly,2026-08-17T18:48:05Z,2026-08-17T18:48:05Z,
207.56.119.59,ipv4,malicious-ip,medium,WHITE,ziyadnz/hourly-ipv4,ziyadnz|hourly,2026-08-17T18:48:05Z,2026-08-17T18:48:05Z,
207.56.138.28,ipv4,malicious-ip,medium,WHITE,ziyadnz/hourly-ipv4,ziyadnz|hourly,2026-08-17T18:48:05Z,2026-08-17T18:48:05Z,
207.56.225.202,ipv4,malicious-ip,medium,WHITE,ziyadnz/hourly-ipv4,ziyadnz|hourly,2026-08-17T18:48:05Z,2026-08-17T18:48:05Z,
207.56.226.83,ipv4,malicious-ip,medium,WHITE,ziyadnz/hourly-ipv4,ziyadnz|hourly,2026-08-17T18:48:05Z,2026-08-17T18:48:05Z,
207.56.229.243,ipv4,malicious-ip,medium,WHITE,ziyadnz/hourly-ipv4,ziyadnz|hourly,2026-08-17T18:48:05Z,2026-08-17T18:48:05Z,
207.56.30.188,ipv4,malicious-ip,medium,WHITE,ziyadnz/hourly-ipv4,ziyadnz|hourly,2026-08-17T18:48:05Z,2026-08-17T18:48:05Z,
207.56.30.194,ipv4,malicious-ip,medium,WHITE,ziyadnz/hourly-ipv4,ziyadnz|hourly,2026-08-17T18:48:05Z,2026-08-17T18:48:05Z,
207.66.62.11,ipv4,malicious-ip,medium,WHITE,ziyadnz/hourly-ipv4,ziyadnz|hourly,2026-08-17T18:48:05Z,2026-08-17T18:48:05Z,
207.90.236.231,ipv4,malicious-ip,medium,WHITE,ziyadnz/hourly-ipv4,ziyadnz|hourly,2026-08-17T18:48:05Z,2026-08-17T18:48:05Z,
207.90.237.165,ipv4,malicious-ip,medium,WHITE,ziyadnz/hourly-ipv4,ziyadnz|hourly,2026-08-17T18:48:05Z,2026-08-17T18:48:05Z,
207.90.238.108,ipv4,malicious-ip,medium,WHITE,ziyadnz/hourly-ipv4,ziyadnz|hourly,2026-08-17T18:48:05Z,2026-08-17T18:48:05Z,
207.90.238.46,ipv4,malicious-ip,medium,WHITE,ziyadnz/hourly-ipv4,ziyadnz|hourly,2026-08-17T18:48:05Z,2026-08-17T18:48:05Z,
207.90.238.52,ipv4,malicious-ip,medium,WHITE,ziyadnz/hourly-ipv4,ziyadnz|hourly,2026-08-17T18:48:05Z,2026-08-17T18:48:05Z,
207.90.238.99,ipv4,malicious-ip,medium,WHITE,ziyadnz/hourly-ipv4,ziyadnz|hourly,2026-08-17T18:48:05Z,2026-08-17T18:48:05Z,
207.90.244.0,ipv4,malicious-ip,medium,WHITE,ziyadnz/hourly-ipv4,ziyadnz|hourly,2026-08-17T18:48:05Z,2026-08-17T18:48:05Z,
207.90.244.10,ipv4,malicious-ip,medium,WHITE,ziyadnz/hourly-ipv4,ziyadnz|hourly,2026-08-17T18:48:05Z,2026-08-17T18:48:05Z,
207.90.244.11,ipv4,malicious-ip,medium,WHITE,ziyadnz/hourly-ipv4,ziyadnz|hourly,2026-08-17T18:48:05Z,2026-08-17T18:48:05Z,
207.90.244.12,ipv4,malicious-ip,medium,WHITE,ziyadnz/hourly-ipv4,ziyadnz|hourly,2026-08-17T18:48:05Z,2026-08-17T18:48:05Z,
207.90.244.13,ipv4,malicious-ip,medium,WHITE,ziyadnz/hourly-ipv4,ziyadnz|hourly,2026-08-17T18:48:05Z,2026-08-17T18:48:05Z,
207.90.244.14,ipv4,malicious-ip,medium,WHITE,ziyadnz/hourly-ipv4,ziyadnz|hourly,2026-08-17T18:48:05Z,2026-08-17T18:48:05Z,
207.90.244.17,ipv4,malicious-ip,medium,WHITE,ziyadnz/hourly-ipv4,ziyadnz|hourly,2026-08-17T18:48:05Z,2026-08-17T18:48:05Z,
207.90.244.18,ipv4,malicious-ip,medium,WHITE,ziyadnz/hourly-ipv4,ziyadnz|hourly,2026-08-17T18:48:05Z,2026-08-17T18:48:05Z,
207.90.244.19,ipv4,malicious-ip,medium,WHITE,ziyadnz/hourly-ipv4,ziyadnz|hourly,2026-08-17T18:48:05Z,2026-08-17T18:48:05Z,
207.90.244.2,ipv4,malicious-ip,medium,WHITE,ziyadnz/hourly-ipv4,ziyadnz|hourly,2026-08-17T18:48:05Z,2026-08-17T18:48:05Z,
207.90.244.20,ipv4,malicious-ip,medium,WHITE,ziyadnz/hourly-ipv4,ziyadnz|hourly,2026-08-17T18:48:05Z,2026-08-17T18:48:05Z,
207.90.244.21,ipv4,malicious-ip,medium,WHITE,ziyadnz/hourly-ipv4,ziyadnz|hourly,2026-08-17T18:48:05Z,2026-08-17T18:48:05Z,
207.90.244.22,ipv4,malicious-ip,medium,WHITE,ziyadnz/hourly-ipv4,ziyadnz|hourly,2026-08-17T18:48:05Z,2026-08-17T18:48:05Z,
207.90.244.25,ipv4,malicious-ip,medium,WHITE,ziyadnz/hourly-ipv4,ziyadnz|hourly,2026-08-17T18:48:05Z,2026-08-17T18:48:05Z,
207.90.244.26,ipv4,malicious-ip,medium,WHITE,ziyadnz/hourly-ipv4,ziyadnz|hourly,2026-08-17T18:48:05Z,2026-08-17T18:48:05Z,
207.90.244.27,ipv4,malicious-ip,medium,WHITE,ziyadnz/hourly-ipv4,ziyadnz|hourly,2026-08-17T18:48:05Z,2026-08-17T18:48:05Z,
207.90.244.28,ipv4,malicious-ip,medium,WHITE,ziyadnz/hourly-ipv4,ziyadnz|hourly,2026-08-17T18:48:05Z,2026-08-17T18:48:05Z,
207.90.244.3,ipv4,malicious-ip,medium,WHITE,ziyadnz/hourly-ipv4,ziyadnz|hourly,2026-08-17T18:48:05Z,2026-08-17T18:48:05Z,
207.90.244.4,ipv4,malicious-ip,medium,WHITE,ziyadnz/hourly-ipv4,ziyadnz|hourly,2026-08-17T18:48:05Z,2026-08-17T18:48:05Z,
207.90.244.5,ipv4,malicious-ip,medium,WHITE,ziyadnz/hourly-ipv4,ziyadnz|hourly,2026-08-17T18:48:05Z,2026-08-17T18:48:05Z,
207.90.244.6,ipv4,malicious-ip,medium,WHITE,ziyadnz/hourly-ipv4,ziyadnz|hourly,2026-08-17T18:48:05Z,2026-08-17T18:48:05Z,
207.97.134.149,ipv4,malicious-ip,medium,WHITE,ziyadnz/hourly-ipv4,ziyadnz|hourly,2026-08-17T18:48:05Z,2026-08-17T18:48:05Z,
208.100.250.235,ipv4,malicious-ip,medium,WHITE,ziyadnz/hourly-ipv4,ziyadnz|hourly,2026-08-17T18:48:05Z,2026-08-17T18:48:05Z,
208.100.26.245,ipv4,malicious-ip,medium,WHITE,ziyadnz/hourly-ipv4,ziyadnz|hourly,2026-08-17T18:48:05Z,2026-08-17T18:48:05Z,
208.102.26.110,ipv4,malicious-ip,medium,WHITE,ziyadnz/hourly-ipv4,ziyadnz|hourly,2026-08-17T18:48:05Z,2026-08-17T18:48:05Z,
208.109.10.204,ipv4,malicious-ip,medium,WHITE,ziyadnz/hourly-ipv4,ziyadnz|hourly,2026-08-17T18:48:05Z,2026-08-17T18:48:05Z,
208.109.189.59,ipv4,malicious-ip,medium,WHITE,ziyadnz/hourly-ipv4,ziyadnz|hourly,2026-08-17T18:48:05Z,2026-08-17T18:48:05Z,
208.109.212.211,ipv4,malicious-ip,medium,WHITE,ziyadnz/hourly-ipv4,ziyadnz|hourly,2026-08-17T18:48:05Z,2026-08-17T18:48:05Z,
208.109.230.20,ipv4,malicious-ip,medium,WHITE,ziyadnz/hourly-ipv4,ziyadnz|hourly,2026-08-17T18:48:05Z,2026-08-17T18:48:05Z,
208.109.242.255,ipv4,malicious-ip,medium,WHITE,ziyadnz/hourly-ipv4,ziyadnz|hourly,2026-08-17T18:48:05Z,2026-08-17T18:48:05Z,
208.109.244.195,ipv4,malicious-ip,medium,WHITE,ziyadnz/hourly-ipv4,ziyadnz|hourly,2026-08-17T18:48:05Z,2026-08-17T18:48:05Z,
208.109.39.19,ipv4,malicious-ip,medium,WHITE,ziyadnz/hourly-ipv4,ziyadnz|hourly,2026-08-17T18:48:05Z,2026-08-17T18:48:05Z,
208.109.52.213,ipv4,malicious-ip,medium,WHITE,ziyadnz/hourly-ipv4,ziyadnz|hourly,2026-08-17T18:48:05Z,2026-08-17T18:48:05Z,
208.109.53.78,ipv4,malicious-ip,medium,WHITE,ziyadnz/hourly-ipv4,ziyadnz|hourly,2026-08-17T18:48:05Z,2026-08-17T18:48:05Z,
208.112.107.54,ipv4,malicious-ip,medium,WHITE,ziyadnz/hourly-ipv4,ziyadnz|hourly,2026-08-17T18:48:05Z,2026-08-17T18:48:05Z,
208.115.124.243,ipv4,malicious-ip,medium,WHITE,ziyadnz/hourly-ipv4,ziyadnz|hourly,2026-08-17T18:48:05Z,2026-08-17T18:48:05Z,
208.118.247.95,ipv4,malicious-ip,medium,WHITE,ziyadnz/hourly-ipv4,ziyadnz|hourly,2026-08-17T18:48:05Z,2026-08-17T18:48:05Z,
208.122.213.225,ipv4,malicious-ip,medium,WHITE,ziyadnz/hourly-ipv4,ziyadnz|hourly,2026-08-17T18:48:05Z,2026-08-17T18:48:05Z,
208.123.119.123,ipv4,malicious-ip,medium,WHITE,ziyadnz/hourly-ipv4,ziyadnz|hourly,2026-08-17T18:48:05Z,2026-08-17T18:48:05Z,
208.123.119.167,ipv4,malicious-ip,medium,WHITE,ziyadnz/hourly-ipv4,ziyadnz|hourly,2026-08-17T18:48:05Z,2026-08-17T18:48:05Z,
208.131.130.53,ipv4,malicious-ip,medium,WHITE,ziyadnz/hourly-ipv4,ziyadnz|hourly,2026-08-17T18:48:05Z,2026-08-17T18:48:05Z,
208.131.130.71,ipv4,malicious-ip,medium,WHITE,ziyadnz/hourly-ipv4,ziyadnz|hourly,2026-08-17T18:48:05Z,2026-08-17T18:48:05Z,
208.138.31.80,ipv4,malicious-ip,medium,WHITE,ziyadnz/hourly-ipv4,ziyadnz|hourly,2026-08-17T18:48:05Z,2026-08-17T18:48:05Z,
208.167.242.101,ipv4,malicious-ip,medium,WHITE,ziyadnz/hourly-ipv4,ziyadnz|hourly,2026-08-17T18:48:05Z,2026-08-17T18:48:05Z,
208.52.182.245,ipv4,malicious-ip,medium,WHITE,ziyadnz/hourly-ipv4,ziyadnz|hourly,2026-08-17T18:48:05Z,2026-08-17T18:48:05Z,
208.59.49.27,ipv4,malicious-ip,medium,WHITE,ziyadnz/hourly-ipv4,ziyadnz|hourly,2026-08-17T18:48:05Z,2026-08-17T18:48:05Z,
208.65.84.35,ipv4,malicious-ip,medium,WHITE,ziyadnz/hourly-ipv4,ziyadnz|hourly,2026-08-17T18:48:05Z,2026-08-17T18:48:05Z,
208.67.104.103,ipv4,malicious-ip,medium,WHITE,ziyadnz/hourly-ipv4,ziyadnz|hourly,2026-08-17T18:48:05Z,2026-08-17T18:48:05Z,
208.67.105.101,ipv4,malicious-ip,medium,WHITE,ziyadnz/hourly-ipv4,ziyadnz|hourly,2026-08-17T18:48:05Z,2026-08-17T18:48:05Z,
208.67.105.148,ipv4,malicious-ip,medium,WHITE,ziyadnz/hourly-ipv4,ziyadnz|hourly,2026-08-17T18:48:05Z,2026-08-17T18:48:05Z,
208.67.105.161,ipv4,malicious-ip,medium,WHITE,ziyadnz/hourly-ipv4,ziyadnz|hourly,2026-08-17T18:48:05Z,2026-08-17T18:48:05Z,
208.67.105.162,ipv4,malicious-ip,medium,WHITE,ziyadnz/hourly-ipv4,ziyadnz|hourly,2026-08-17T18:48:05Z,2026-08-17T18:48:05Z,
208.67.105.179,ipv4,malicious-ip,medium,WHITE,ziyadnz/hourly-ipv4,ziyadnz|hourly,2026-08-17T18:48:05Z,2026-08-17T18:48:05Z,
208.67.107.247,ipv4,malicious-ip,medium,WHITE,ziyadnz/hourly-ipv4,ziyadnz|hourly,2026-08-17T18:48:05Z,2026-08-17T18:48:05Z,
208.67.20.142,ipv4,malicious-ip,medium,WHITE,ziyadnz/hourly-ipv4,ziyadnz|hourly,2026-08-17T18:48:05Z,2026-08-17T18:48:05Z,
208.68.36.90,ipv4,malicious-ip,medium,WHITE,ziyadnz/hourly-ipv4,ziyadnz|hourly,2026-08-17T18:48:05Z,2026-08-17T18:48:05Z,
208.68.37.215,ipv4,malicious-ip,medium,WHITE,ziyadnz/hourly-ipv4,ziyadnz|hourly,2026-08-17T18:48:05Z,2026-08-17T18:48:05Z,
208.68.38.10,ipv4,malicious-ip,medium,WHITE,ziyadnz/hourly-ipv4,ziyadnz|hourly,2026-08-17T18:48:05Z,2026-08-17T18:48:05Z,
208.69.161.214,ipv4,malicious-ip,medium,WHITE,ziyadnz/hourly-ipv4,ziyadnz|hourly,2026-08-17T18:48:05Z,2026-08-17T18:48:05Z,
208.69.161.69,ipv4,malicious-ip,medium,WHITE,ziyadnz/hourly-ipv4,ziyadnz|hourly,2026-08-17T18:48:05Z,2026-08-17T18:48:05Z,
208.69.161.92,ipv4,malicious-ip,medium,WHITE,ziyadnz/hourly-ipv4,ziyadnz|hourly,2026-08-17T18:48:05Z,2026-08-17T18:48:05Z,
208.69.78.36,ipv4,malicious-ip,medium,WHITE,ziyadnz/hourly-ipv4,ziyadnz|hourly,2026-08-17T18:48:05Z,2026-08-17T18:48:05Z,
208.69.84.112,ipv4,malicious-ip,medium,WHITE,ziyadnz/hourly-ipv4,ziyadnz|hourly,2026-08-17T18:48:05Z,2026-08-17T18:48:05Z,
208.73.206.42,ipv4,malicious-ip,medium,WHITE,ziyadnz/hourly-ipv4,ziyadnz|hourly,2026-08-17T18:48:05Z,2026-08-17T18:48:05Z,
208.74.105.171,ipv4,malicious-ip,medium,WHITE,ziyadnz/hourly-ipv4,ziyadnz|hourly,2026-08-17T18:48:05Z,2026-08-17T18:48:05Z,
208.76.40.194,ipv4,malicious-ip,medium,WHITE,ziyadnz/hourly-ipv4,ziyadnz|hourly,2026-08-17T18:48:05Z,2026-08-17T18:48:05Z,
208.76.40.198,ipv4,malicious-ip,medium,WHITE,ziyadnz/hourly-ipv4,ziyadnz|hourly,2026-08-17T18:48:05Z,2026-08-17T18:48:05Z,
208.84.101.162,ipv4,malicious-ip,medium,WHITE,ziyadnz/hourly-ipv4,ziyadnz|hourly,2026-08-17T18:48:05Z,2026-08-17T18:48:05Z,
208.84.101.246,ipv4,malicious-ip,medium,WHITE,ziyadnz/hourly-ipv4,ziyadnz|hourly,2026-08-17T18:48:05Z,2026-08-17T18:48:05Z,
208.84.102.200,ipv4,malicious-ip,medium,WHITE,ziyadnz/hourly-ipv4,ziyadnz|hourly,2026-08-17T18:48:05Z,2026-08-17T18:48:05Z,
208.84.102.238,ipv4,malicious-ip,medium,WHITE,ziyadnz/hourly-ipv4,ziyadnz|hourly,2026-08-17T18:48:05Z,2026-08-17T18:48:05Z,
208.84.102.252,ipv4,malicious-ip,medium,WHITE,ziyadnz/hourly-ipv4,ziyadnz|hourly,2026-08-17T18:48:05Z,2026-08-17T18:48:05Z,
208.84.102.75,ipv4,malicious-ip,medium,WHITE,ziyadnz/hourly-ipv4,ziyadnz|hourly,2026-08-17T18:48:05Z,2026-08-17T18:48:05Z,
208.85.16.252,ipv4,malicious-ip,medium,WHITE,ziyadnz/hourly-ipv4,ziyadnz|hourly,2026-08-17T18:48:05Z,2026-08-17T18:48:05Z,
208.85.17.52,ipv4,malicious-ip,medium,WHITE,ziyadnz/hourly-ipv4,ziyadnz|hourly,2026-08-17T18:48:05Z,2026-08-17T18:48:05Z,
208.85.18.4,ipv4,malicious-ip,medium,WHITE,ziyadnz/hourly-ipv4,ziyadnz|hourly,2026-08-17T18:48:05Z,2026-08-17T18:48:05Z,
208.85.20.130,ipv4,malicious-ip,medium,WHITE,ziyadnz/hourly-ipv4,ziyadnz|hourly,2026-08-17T18:48:05Z,2026-08-17T18:48:05Z,
208.85.21.30,ipv4,malicious-ip,medium,WHITE,ziyadnz/hourly-ipv4,ziyadnz|hourly,2026-08-17T18:48:05Z,2026-08-17T18:48:05Z,
208.85.238.114,ipv4,malicious-ip,medium,WHITE,ziyadnz/hourly-ipv4,ziyadnz|hourly,2026-08-17T18:48:05Z,2026-08-17T18:48:05Z,
208.86.61.147,ipv4,malicious-ip,medium,WHITE,ziyadnz/hourly-ipv4,ziyadnz|hourly,2026-08-17T18:48:05Z,2026-08-17T18:48:05Z,
208.87.131.104,ipv4,malicious-ip,medium,WHITE,ziyadnz/hourly-ipv4,ziyadnz|hourly,2026-08-17T18:48:05Z,2026-08-17T18:48:05Z,
208.87.131.181,ipv4,malicious-ip,medium,WHITE,ziyadnz/hourly-ipv4,ziyadnz|hourly,2026-08-17T18:48:05Z,2026-08-17T18:48:05Z,
208.87.206.165,ipv4,malicious-ip,medium,WHITE,ziyadnz/hourly-ipv4,ziyadnz|hourly,2026-08-17T18:48:05Z,2026-08-17T18:48:05Z,
208.87.241.15,ipv4,malicious-ip,medium,WHITE,ziyadnz/hourly-ipv4,ziyadnz|hourly,2026-08-17T18:48:05Z,2026-08-17T18:48:05Z,
208.87.242.179,ipv4,malicious-ip,medium,WHITE,ziyadnz/hourly-ipv4,ziyadnz|hourly,2026-08-17T18:48:05Z,2026-08-17T18:48:05Z,
208.87.242.183,ipv4,malicious-ip,medium,WHITE,ziyadnz/hourly-ipv4,ziyadnz|hourly,2026-08-17T18:48:05Z,2026-08-17T18:48:05Z,
208.87.242.9,ipv4,malicious-ip,medium,WHITE,ziyadnz/hourly-ipv4,ziyadnz|hourly,2026-08-17T18:48:05Z,2026-08-17T18:48:05Z,
208.94.105.58,ipv4,malicious-ip,medium,WHITE,ziyadnz/hourly-ipv4,ziyadnz|hourly,2026-08-17T18:48:05Z,2026-08-17T18:48:05Z,
208.97.106.10,ipv4,malicious-ip,medium,WHITE,ziyadnz/hourly-ipv4,ziyadnz|hourly,2026-08-17T18:48:05Z,2026-08-17T18:48:05Z,
208.97.37.234,ipv4,malicious-ip,medium,WHITE,ziyadnz/hourly-ipv4,ziyadnz|hourly,2026-08-17T18:48:05Z,2026-08-17T18:48:05Z,
209.103.243.96,ipv4,malicious-ip,medium,WHITE,ziyadnz/hourly-ipv4,ziyadnz|hourly,2026-08-17T18:48:05Z,2026-08-17T18:48:05Z,
209.105.242.112,ipv4,malicious-ip,medium,WHITE,ziyadnz/hourly-ipv4,ziyadnz|hourly,2026-08-17T18:48:05Z,2026-08-17T18:48:05Z,
209.105.248.135,ipv4,malicious-ip,medium,WHITE,ziyadnz/hourly-ipv4,ziyadnz|hourly,2026-08-17T18:48:05Z,2026-08-17T18:48:05Z,
209.112.84.138,ipv4,malicious-ip,medium,WHITE,ziyadnz/hourly-ipv4,ziyadnz|hourly,2026-08-17T18:48:05Z,2026-08-17T18:48:05Z,
209.112.91.75,ipv4,malicious-ip,medium,WHITE,ziyadnz/hourly-ipv4,ziyadnz|hourly,2026-08-17T18:48:05Z,2026-08-17T18:48:05Z,
209.113.245.46,ipv4,malicious-ip,medium,WHITE,ziyadnz/hourly-ipv4,ziyadnz|hourly,2026-08-17T18:48:05Z,2026-08-17T18:48:05Z,
209.122.93.47,ipv4,malicious-ip,medium,WHITE,ziyadnz/hourly-ipv4,ziyadnz|hourly,2026-08-17T18:48:05Z,2026-08-17T18:48:05Z,
209.124.244.201,ipv4,malicious-ip,medium,WHITE,ziyadnz/hourly-ipv4,ziyadnz|hourly,2026-08-17T18:48:05Z,2026-08-17T18:48:05Z,
209.126.106.173,ipv4,malicious-ip,medium,WHITE,ziyadnz/hourly-ipv4,ziyadnz|hourly,2026-08-17T18:48:05Z,2026-08-17T18:48:05Z,
209.126.107.84,ipv4,malicious-ip,medium,WHITE,ziyadnz/hourly-ipv4,ziyadnz|hourly,2026-08-17T18:48:05Z,2026-08-17T18:48:05Z,
209.126.5.151,ipv4,malicious-ip,medium,WHITE,ziyadnz/hourly-ipv4,ziyadnz|hourly,2026-08-17T18:48:05Z,2026-08-17T18:48:05Z,
209.126.98.206,ipv4,malicious-ip,medium,WHITE,ziyadnz/hourly-ipv4,ziyadnz|hourly,2026-08-17T18:48:05Z,2026-08-17T18:48:05Z,
209.127.116.122,ipv4,malicious-ip,medium,WHITE,ziyadnz/hourly-ipv4,ziyadnz|hourly,2026-08-17T18:48:05Z,2026-08-17T18:48:05Z,
209.127.122.140,ipv4,malicious-ip,medium,WHITE,ziyadnz/hourly-ipv4,ziyadnz|hourly,2026-08-17T18:48:05Z,2026-08-17T18:48:05Z,
209.127.4.22,ipv4,malicious-ip,medium,WHITE,ziyadnz/hourly-ipv4,ziyadnz|hourly,2026-08-17T18:48:05Z,2026-08-17T18:48:05Z,
209.13.179.43,ipv4,malicious-ip,medium,WHITE,ziyadnz/hourly-ipv4,ziyadnz|hourly,2026-08-17T18:48:05Z,2026-08-17T18:48:05Z,
209.133.223.69,ipv4,malicious-ip,medium,WHITE,ziyadnz/hourly-ipv4,ziyadnz|hourly,2026-08-17T18:48:05Z,2026-08-17T18:48:05Z,
209.135.171.245,ipv4,malicious-ip,medium,WHITE,ziyadnz/hourly-ipv4,ziyadnz|hourly,2026-08-17T18:48:05Z,2026-08-17T18:48:05Z,
209.139.60.81,ipv4,malicious-ip,medium,WHITE,ziyadnz/hourly-ipv4,ziyadnz|hourly,2026-08-17T18:48:05Z,2026-08-17T18:48:05Z,
209.14.116.198,ipv4,malicious-ip,medium,WHITE,ziyadnz/hourly-ipv4,ziyadnz|hourly,2026-08-17T18:48:05Z,2026-08-17T18:48:05Z,
209.14.149.155,ipv4,malicious-ip,medium,WHITE,ziyadnz/hourly-ipv4,ziyadnz|hourly,2026-08-17T18:48:05Z,2026-08-17T18:48:05Z,
209.14.28.132,ipv4,malicious-ip,medium,WHITE,ziyadnz/hourly-ipv4,ziyadnz|hourly,2026-08-17T18:48:05Z,2026-08-17T18:48:05Z,
209.14.28.144,ipv4,malicious-ip,medium,WHITE,ziyadnz/hourly-ipv4,ziyadnz|hourly,2026-08-17T18:48:05Z,2026-08-17T18:48:05Z,
209.14.6.151,ipv4,malicious-ip,medium,WHITE,ziyadnz/hourly-ipv4,ziyadnz|hourly,2026-08-17T18:48:05Z,2026-08-17T18:48:05Z,
209.14.70.179,ipv4,malicious-ip,medium,WHITE,ziyadnz/hourly-ipv4,ziyadnz|hourly,2026-08-17T18:48:05Z,2026-08-17T18:48:05Z,
209.14.71.127,ipv4,malicious-ip,medium,WHITE,ziyadnz/hourly-ipv4,ziyadnz|hourly,2026-08-17T18:48:05Z,2026-08-17T18:48:05Z,
209.14.87.61,ipv4,malicious-ip,medium,WHITE,ziyadnz/hourly-ipv4,ziyadnz|hourly,2026-08-17T18:48:05Z,2026-08-17T18:48:05Z,
209.14.88.118,ipv4,malicious-ip,medium,WHITE,ziyadnz/hourly-ipv4,ziyadnz|hourly,2026-08-17T18:48:05Z,2026-08-17T18:48:05Z,
209.14.88.120,ipv4,malicious-ip,medium,WHITE,ziyadnz/hourly-ipv4,ziyadnz|hourly,2026-08-17T18:48:05Z,2026-08-17T18:48:05Z,
209.14.88.121,ipv4,malicious-ip,medium,WHITE,ziyadnz/hourly-ipv4,ziyadnz|hourly,2026-08-17T18:48:05Z,2026-08-17T18:48:05Z,
209.141.32.148,ipv4,malicious-ip,medium,WHITE,ziyadnz/hourly-ipv4,ziyadnz|hourly,2026-08-17T18:48:05Z,2026-08-17T18:48:05Z,
209.141.32.198,ipv4,malicious-ip,medium,WHITE,ziyadnz/hourly-ipv4,ziyadnz|hourly,2026-08-17T18:48:05Z,2026-08-17T18:48:05Z,
209.141.34.106,ipv4,malicious-ip,medium,WHITE,ziyadnz/hourly-ipv4,ziyadnz|hourly,2026-08-17T18:48:05Z,2026-08-17T18:48:05Z,
209.141.34.121,ipv4,malicious-ip,medium,WHITE,ziyadnz/hourly-ipv4,ziyadnz|hourly,2026-08-17T18:48:05Z,2026-08-17T18:48:05Z,
209.141.34.15,ipv4,malicious-ip,medium,WHITE,ziyadnz/hourly-ipv4,ziyadnz|hourly,2026-08-17T18:48:05Z,2026-08-17T18:48:05Z,
209.141.35.56,ipv4,malicious-ip,medium,WHITE,ziyadnz/hourly-ipv4,ziyadnz|hourly,2026-08-17T18:48:05Z,2026-08-17T18:48:05Z,
209.141.37.110,ipv4,malicious-ip,medium,WHITE,ziyadnz/hourly-ipv4,ziyadnz|hourly,2026-08-17T18:48:05Z,2026-08-17T18:48:05Z,
209.141.37.254,ipv4,malicious-ip,medium,WHITE,ziyadnz/hourly-ipv4,ziyadnz|hourly,2026-08-17T18:48:05Z,2026-08-17T18:48:05Z,
209.141.40.254,ipv4,malicious-ip,medium,WHITE,ziyadnz/hourly-ipv4,ziyadnz|hourly,2026-08-17T18:48:05Z,2026-08-17T18:48:05Z,
209.141.40.68,ipv4,malicious-ip,medium,WHITE,ziyadnz/hourly-ipv4,ziyadnz|hourly,2026-08-17T18:48:05Z,2026-08-17T18:48:05Z,
209.141.41.175,ipv4,malicious-ip,medium,WHITE,ziyadnz/hourly-ipv4,ziyadnz|hourly,2026-08-17T18:48:05Z,2026-08-17T18:48:05Z,
209.141.43.146,ipv4,malicious-ip,medium,WHITE,ziyadnz/hourly-ipv4,ziyadnz|hourly,2026-08-17T18:48:05Z,2026-08-17T18:48:05Z,
209.141.43.37,ipv4,malicious-ip,medium,WHITE,ziyadnz/hourly-ipv4,ziyadnz|hourly,2026-08-17T18:48:05Z,2026-08-17T18:48:05Z,
209.141.44.28,ipv4,malicious-ip,medium,WHITE,ziyadnz/hourly-ipv4,ziyadnz|hourly,2026-08-17T18:48:05Z,2026-08-17T18:48:05Z,
209.141.45.141,ipv4,malicious-ip,medium,WHITE,ziyadnz/hourly-ipv4,ziyadnz|hourly,2026-08-17T18:48:05Z,2026-08-17T18:48:05Z,
209.141.46.157,ipv4,malicious-ip,medium,WHITE,ziyadnz/hourly-ipv4,ziyadnz|hourly,2026-08-17T18:48:05Z,2026-08-17T18:48:05Z,
209.141.46.203,ipv4,malicious-ip,medium,WHITE,ziyadnz/hourly-ipv4,ziyadnz|hourly,2026-08-17T18:48:05Z,2026-08-17T18:48:05Z,
209.141.46.66,ipv4,malicious-ip,medium,WHITE,ziyadnz/hourly-ipv4,ziyadnz|hourly,2026-08-17T18:48:05Z,2026-08-17T18:48:05Z,
209.141.49.178,ipv4,malicious-ip,medium,WHITE,ziyadnz/hourly-ipv4,ziyadnz|hourly,2026-08-17T18:48:05Z,2026-08-17T18:48:05Z,
209.141.49.251,ipv4,malicious-ip,medium,WHITE,ziyadnz/hourly-ipv4,ziyadnz|hourly,2026-08-17T18:48:05Z,2026-08-17T18:48:05Z,
209.141.50.70,ipv4,malicious-ip,medium,WHITE,ziyadnz/hourly-ipv4,ziyadnz|hourly,2026-08-17T18:48:05Z,2026-08-17T18:48:05Z,
209.141.50.78,ipv4,malicious-ip,medium,WHITE,ziyadnz/hourly-ipv4,ziyadnz|hourly,2026-08-17T18:48:05Z,2026-08-17T18:48:05Z,
209.141.51.180,ipv4,malicious-ip,medium,WHITE,ziyadnz/hourly-ipv4,ziyadnz|hourly,2026-08-17T18:48:05Z,2026-08-17T18:48:05Z,
209.141.51.226,ipv4,malicious-ip,medium,WHITE,ziyadnz/hourly-ipv4,ziyadnz|hourly,2026-08-17T18:48:05Z,2026-08-17T18:48:05Z,
209.141.51.29,ipv4,malicious-ip,medium,WHITE,ziyadnz/hourly-ipv4,ziyadnz|hourly,2026-08-17T18:48:05Z,2026-08-17T18:48:05Z,
209.141.51.30,ipv4,malicious-ip,medium,WHITE,ziyadnz/hourly-ipv4,ziyadnz|hourly,2026-08-17T18:48:05Z,2026-08-17T18:48:05Z,
209.141.53.124,ipv4,malicious-ip,medium,WHITE,ziyadnz/hourly-ipv4,ziyadnz|hourly,2026-08-17T18:48:05Z,2026-08-17T18:48:05Z,
209.141.53.247,ipv4,malicious-ip,medium,WHITE,ziyadnz/hourly-ipv4,ziyadnz|hourly,2026-08-17T18:48:05Z,2026-08-17T18:48:05Z,
209.141.55.26,ipv4,malicious-ip,medium,WHITE,ziyadnz/hourly-ipv4,ziyadnz|hourly,2026-08-17T18:48:05Z,2026-08-17T18:48:05Z,
209.141.56.103,ipv4,malicious-ip,medium,WHITE,ziyadnz/hourly-ipv4,ziyadnz|hourly,2026-08-17T18:48:05Z,2026-08-17T18:48:05Z,
209.141.57.116,ipv4,malicious-ip,medium,WHITE,ziyadnz/hourly-ipv4,ziyadnz|hourly,2026-08-17T18:48:05Z,2026-08-17T18:48:05Z,
209.141.57.222,ipv4,malicious-ip,medium,WHITE,ziyadnz/hourly-ipv4,ziyadnz|hourly,2026-08-17T18:48:05Z,2026-08-17T18:48:05Z,
209.141.57.40,ipv4,malicious-ip,medium,WHITE,ziyadnz/hourly-ipv4,ziyadnz|hourly,2026-08-17T18:48:05Z,2026-08-17T18:48:05Z,
209.141.58.254,ipv4,malicious-ip,medium,WHITE,ziyadnz/hourly-ipv4,ziyadnz|hourly,2026-08-17T18:48:05Z,2026-08-17T18:48:05Z,
209.141.61.225,ipv4,malicious-ip,medium,WHITE,ziyadnz/hourly-ipv4,ziyadnz|hourly,2026-08-17T18:48:05Z,2026-08-17T18:48:05Z,
209.141.61.80,ipv4,malicious-ip,medium,WHITE,ziyadnz/hourly-ipv4,ziyadnz|hourly,2026-08-17T18:48:05Z,2026-08-17T18:48:05Z,
209.142.66.139,ipv4,malicious-ip,medium,WHITE,ziyadnz/hourly-ipv4,ziyadnz|hourly,2026-08-17T18:48:05Z,2026-08-17T18:48:05Z,
209.145.56.119,ipv4,malicious-ip,medium,WHITE,ziyadnz/hourly-ipv4,ziyadnz|hourly,2026-08-17T18:48:05Z,2026-08-17T18:48:05Z,
209.146.124.181,ipv4,malicious-ip,medium,WHITE,ziyadnz/hourly-ipv4,ziyadnz|hourly,2026-08-17T18:48:05Z,2026-08-17T18:48:05Z,
209.15.114.24,ipv4,malicious-ip,medium,WHITE,ziyadnz/hourly-ipv4,ziyadnz|hourly,2026-08-17T18:48:05Z,2026-08-17T18:48:05Z,
209.151.129.188,ipv4,malicious-ip,medium,WHITE,ziyadnz/hourly-ipv4,ziyadnz|hourly,2026-08-17T18:48:05Z,2026-08-17T18:48:05Z,
209.159.149.206,ipv4,malicious-ip,medium,WHITE,ziyadnz/hourly-ipv4,ziyadnz|hourly,2026-08-17T18:48:05Z,2026-08-17T18:48:05Z,
209.159.159.198,ipv4,malicious-ip,medium,WHITE,ziyadnz/hourly-ipv4,ziyadnz|hourly,2026-08-17T18:48:05Z,2026-08-17T18:48:05Z,
209.16.158.181,ipv4,malicious-ip,medium,WHITE,ziyadnz/hourly-ipv4,ziyadnz|hourly,2026-08-17T18:48:05Z,2026-08-17T18:48:05Z,
209.169.162.48,ipv4,malicious-ip,medium,WHITE,ziyadnz/hourly-ipv4,ziyadnz|hourly,2026-08-17T18:48:05Z,2026-08-17T18:48:05Z,
209.17.118.17,ipv4,malicious-ip,medium,WHITE,ziyadnz/hourly-ipv4,ziyadnz|hourly,2026-08-17T18:48:05Z,2026-08-17T18:48:05Z,
209.177.94.85,ipv4,malicious-ip,medium,WHITE,ziyadnz/hourly-ipv4,ziyadnz|hourly,2026-08-17T18:48:05Z,2026-08-17T18:48:05Z,
209.178.152.145,ipv4,malicious-ip,medium,WHITE,ziyadnz/hourly-ipv4,ziyadnz|hourly,2026-08-17T18:48:05Z,2026-08-17T18:48:05Z,
209.182.101.182,ipv4,malicious-ip,medium,WHITE,ziyadnz/hourly-ipv4,ziyadnz|hourly,2026-08-17T18:48:05Z,2026-08-17T18:48:05Z,
209.182.124.36,ipv4,malicious-ip,medium,WHITE,ziyadnz/hourly-ipv4,ziyadnz|hourly,2026-08-17T18:48:05Z,2026-08-17T18:48:05Z,
209.182.216.176,ipv4,malicious-ip,medium,WHITE,ziyadnz/hourly-ipv4,ziyadnz|hourly,2026-08-17T18:48:05Z,2026-08-17T18:48:05Z,
209.182.218.187,ipv4,malicious-ip,medium,WHITE,ziyadnz/hourly-ipv4,ziyadnz|hourly,2026-08-17T18:48:05Z,2026-08-17T18:48:05Z,
209.189.232.134,ipv4,malicious-ip,medium,WHITE,ziyadnz/hourly-ipv4,ziyadnz|hourly,2026-08-17T18:48:05Z,2026-08-17T18:48:05Z,
209.198.132.152,ipv4,malicious-ip,medium,WHITE,ziyadnz/hourly-ipv4,ziyadnz|hourly,2026-08-17T18:48:05Z,2026-08-17T18:48:05Z,
209.198.137.126,ipv4,malicious-ip,medium,WHITE,ziyadnz/hourly-ipv4,ziyadnz|hourly,2026-08-17T18:48:05Z,2026-08-17T18:48:05Z,
209.198.153.6,ipv4,malicious-ip,medium,WHITE,ziyadnz/hourly-ipv4,ziyadnz|hourly,2026-08-17T18:48:05Z,2026-08-17T18:48:05Z,
209.20.171.255,ipv4,malicious-ip,medium,WHITE,ziyadnz/hourly-ipv4,ziyadnz|hourly,2026-08-17T18:48:05Z,2026-08-17T18:48:05Z,
209.20.191.152,ipv4,malicious-ip,medium,WHITE,ziyadnz/hourly-ipv4,ziyadnz|hourly,2026-08-17T18:48:05Z,2026-08-17T18:48:05Z,
209.20.194.232,ipv4,malicious-ip,medium,WHITE,ziyadnz/hourly-ipv4,ziyadnz|hourly,2026-08-17T18:48:05Z,2026-08-17T18:48:05Z,
209.200.246.173,ipv4,malicious-ip,medium,WHITE,ziyadnz/hourly-ipv4,ziyadnz|hourly,2026-08-17T18:48:05Z,2026-08-17T18:48:05Z,
209.200.246.184,ipv4,malicious-ip,medium,WHITE,ziyadnz/hourly-ipv4,ziyadnz|hourly,2026-08-17T18:48:05Z,2026-08-17T18:48:05Z,
209.203.18.204,ipv4,malicious-ip,medium,WHITE,ziyadnz/hourly-ipv4,ziyadnz|hourly,2026-08-17T18:48:05Z,2026-08-17T18:48:05Z,
209.203.4.118,ipv4,malicious-ip,medium,WHITE,ziyadnz/hourly-ipv4,ziyadnz|hourly,2026-08-17T18:48:05Z,2026-08-17T18:48:05Z,
209.203.43.198,ipv4,malicious-ip,medium,WHITE,ziyadnz/hourly-ipv4,ziyadnz|hourly,2026-08-17T18:48:05Z,2026-08-17T18:48:05Z,
209.203.45.43,ipv4,malicious-ip,medium,WHITE,ziyadnz/hourly-ipv4,ziyadnz|hourly,2026-08-17T18:48:05Z,2026-08-17T18:48:05Z,
209.205.163.195,ipv4,malicious-ip,medium,WHITE,ziyadnz/hourly-ipv4,ziyadnz|hourly,2026-08-17T18:48:05Z,2026-08-17T18:48:05Z,
209.209.40.9,ipv4,malicious-ip,medium,WHITE,ziyadnz/hourly-ipv4,ziyadnz|hourly,2026-08-17T18:48:05Z,2026-08-17T18:48:05Z,
209.209.41.82,ipv4,malicious-ip,medium,WHITE,ziyadnz/hourly-ipv4,ziyadnz|hourly,2026-08-17T18:48:05Z,2026-08-17T18:48:05Z,
209.212.222.52,ipv4,malicious-ip,medium,WHITE,ziyadnz/hourly-ipv4,ziyadnz|hourly,2026-08-17T18:48:05Z,2026-08-17T18:48:05Z,
209.222.103.170,ipv4,malicious-ip,medium,WHITE,ziyadnz/hourly-ipv4,ziyadnz|hourly,2026-08-17T18:48:05Z,2026-08-17T18:48:05Z,
209.222.98.158,ipv4,malicious-ip,medium,WHITE,ziyadnz/hourly-ipv4,ziyadnz|hourly,2026-08-17T18:48:05Z,2026-08-17T18:48:05Z,
209.222.98.200,ipv4,malicious-ip,medium,WHITE,ziyadnz/hourly-ipv4,ziyadnz|hourly,2026-08-17T18:48:05Z,2026-08-17T18:48:05Z,
209.248.0.75,ipv4,malicious-ip,medium,WHITE,ziyadnz/hourly-ipv4,ziyadnz|hourly,2026-08-17T18:48:05Z,2026-08-17T18:48:05Z,
209.25.141.27,ipv4,malicious-ip,medium,WHITE,ziyadnz/hourly-ipv4,ziyadnz|hourly,2026-08-17T18:48:05Z,2026-08-17T18:48:05Z,
209.250.234.77,ipv4,malicious-ip,medium,WHITE,ziyadnz/hourly-ipv4,ziyadnz|hourly,2026-08-17T18:48:05Z,2026-08-17T18:48:05Z,
209.250.244.179,ipv4,malicious-ip,medium,WHITE,ziyadnz/hourly-ipv4,ziyadnz|hourly,2026-08-17T18:48:05Z,2026-08-17T18:48:05Z,
209.33.37.101,ipv4,malicious-ip,medium,WHITE,ziyadnz/hourly-ipv4,ziyadnz|hourly,2026-08-17T18:48:05Z,2026-08-17T18:48:05Z,
209.37.38.210,ipv4,malicious-ip,medium,WHITE,ziyadnz/hourly-ipv4,ziyadnz|hourly,2026-08-17T18:48:05Z,2026-08-17T18:48:05Z,
209.38.108.232,ipv4,malicious-ip,medium,WHITE,ziyadnz/hourly-ipv4,ziyadnz|hourly,2026-08-17T18:48:05Z,2026-08-17T18:48:05Z,
209.38.121.186,ipv4,malicious-ip,medium,WHITE,ziyadnz/hourly-ipv4,ziyadnz|hourly,2026-08-17T18:48:05Z,2026-08-17T18:48:05Z,
209.38.131.131,ipv4,malicious-ip,medium,WHITE,ziyadnz/hourly-ipv4,ziyadnz|hourly,2026-08-17T18:48:05Z,2026-08-17T18:48:05Z,
209.38.134.61,ipv4,malicious-ip,medium,WHITE,ziyadnz/hourly-ipv4,ziyadnz|hourly,2026-08-17T18:48:05Z,2026-08-17T18:48:05Z,
209.38.137.117,ipv4,malicious-ip,medium,WHITE,ziyadnz/hourly-ipv4,ziyadnz|hourly,2026-08-17T18:48:05Z,2026-08-17T18:48:05Z,
209.38.137.242,ipv4,malicious-ip,medium,WHITE,ziyadnz/hourly-ipv4,ziyadnz|hourly,2026-08-17T18:48:05Z,2026-08-17T18:48:05Z,
209.38.141.24,ipv4,malicious-ip,medium,WHITE,ziyadnz/hourly-ipv4,ziyadnz|hourly,2026-08-17T18:48:05Z,2026-08-17T18:48:05Z,
209.38.144.101,ipv4,malicious-ip,medium,WHITE,ziyadnz/hourly-ipv4,ziyadnz|hourly,2026-08-17T18:48:05Z,2026-08-17T18:48:05Z,
209.38.17.211,ipv4,malicious-ip,medium,WHITE,ziyadnz/hourly-ipv4,ziyadnz|hourly,2026-08-17T18:48:05Z,2026-08-17T18:48:05Z,
209.38.208.202,ipv4,malicious-ip,medium,WHITE,ziyadnz/hourly-ipv4,ziyadnz|hourly,2026-08-17T18:48:05Z,2026-08-17T18:48:05Z,
209.38.21.83,ipv4,malicious-ip,medium,WHITE,ziyadnz/hourly-ipv4,ziyadnz|hourly,2026-08-17T18:48:05Z,2026-08-17T18:48:05Z,
209.38.217.82,ipv4,malicious-ip,medium,WHITE,ziyadnz/hourly-ipv4,ziyadnz|hourly,2026-08-17T18:48:05Z,2026-08-17T18:48:05Z,
209.38.220.238,ipv4,malicious-ip,medium,WHITE,ziyadnz/hourly-ipv4,ziyadnz|hourly,2026-08-17T18:48:05Z,2026-08-17T18:48:05Z,
209.38.225.28,ipv4,malicious-ip,medium,WHITE,ziyadnz/hourly-ipv4,ziyadnz|hourly,2026-08-17T18:48:05Z,2026-08-17T18:48:05Z,
209.38.228.132,ipv4,malicious-ip,medium,WHITE,ziyadnz/hourly-ipv4,ziyadnz|hourly,2026-08-17T18:48:05Z,2026-08-17T18:48:05Z,
209.38.231.186,ipv4,malicious-ip,medium,WHITE,ziyadnz/hourly-ipv4,ziyadnz|hourly,2026-08-17T18:48:05Z,2026-08-17T18:48:05Z,
209.38.234.33,ipv4,malicious-ip,medium,WHITE,ziyadnz/hourly-ipv4,ziyadnz|hourly,2026-08-17T18:48:05Z,2026-08-17T18:48:05Z,
209.38.236.137,ipv4,malicious-ip,medium,WHITE,ziyadnz/hourly-ipv4,ziyadnz|hourly,2026-08-17T18:48:05Z,2026-08-17T18:48:05Z,
209.38.236.200,ipv4,malicious-ip,medium,WHITE,ziyadnz/hourly-ipv4,ziyadnz|hourly,2026-08-17T18:48:05Z,2026-08-17T18:48:05Z,
209.38.24.137,ipv4,malicious-ip,medium,WHITE,ziyadnz/hourly-ipv4,ziyadnz|hourly,2026-08-17T18:48:05Z,2026-08-17T18:48:05Z,
209.38.24.154,ipv4,malicious-ip,medium,WHITE,ziyadnz/hourly-ipv4,ziyadnz|hourly,2026-08-17T18:48:05Z,2026-08-17T18:48:05Z,
209.38.245.167,ipv4,malicious-ip,medium,WHITE,ziyadnz/hourly-ipv4,ziyadnz|hourly,2026-08-17T18:48:05Z,2026-08-17T18:48:05Z,
209.38.248.17,ipv4,malicious-ip,medium,WHITE,ziyadnz/hourly-ipv4,ziyadnz|hourly,2026-08-17T18:48:05Z,2026-08-17T18:48:05Z,
209.38.251.126,ipv4,malicious-ip,medium,WHITE,ziyadnz/hourly-ipv4,ziyadnz|hourly,2026-08-17T18:48:05Z,2026-08-17T18:48:05Z,
209.38.254.59,ipv4,malicious-ip,medium,WHITE,ziyadnz/hourly-ipv4,ziyadnz|hourly,2026-08-17T18:48:05Z,2026-08-17T18:48:05Z,
209.38.255.6,ipv4,malicious-ip,medium,WHITE,ziyadnz/hourly-ipv4,ziyadnz|hourly,2026-08-17T18:48:05Z,2026-08-17T18:48:05Z,
209.38.34.160,ipv4,malicious-ip,medium,WHITE,ziyadnz/hourly-ipv4,ziyadnz|hourly,2026-08-17T18:48:05Z,2026-08-17T18:48:05Z,
209.38.36.192,ipv4,malicious-ip,medium,WHITE,ziyadnz/hourly-ipv4,ziyadnz|hourly,2026-08-17T18:48:05Z,2026-08-17T18:48:05Z,
209.38.38.94,ipv4,malicious-ip,medium,WHITE,ziyadnz/hourly-ipv4,ziyadnz|hourly,2026-08-17T18:48:05Z,2026-08-17T18:48:05Z,
209.38.41.253,ipv4,malicious-ip,medium,WHITE,ziyadnz/hourly-ipv4,ziyadnz|hourly,2026-08-17T18:48:05Z,2026-08-17T18:48:05Z,
209.38.44.154,ipv4,malicious-ip,medium,WHITE,ziyadnz/hourly-ipv4,ziyadnz|hourly,2026-08-17T18:48:05Z,2026-08-17T18:48:05Z,
209.38.59.1,ipv4,malicious-ip,medium,WHITE,ziyadnz/hourly-ipv4,ziyadnz|hourly,2026-08-17T18:48:05Z,2026-08-17T18:48:05Z,
209.38.59.247,ipv4,malicious-ip,medium,WHITE,ziyadnz/hourly-ipv4,ziyadnz|hourly,2026-08-17T18:48:05Z,2026-08-17T18:48:05Z,
209.38.59.248,ipv4,malicious-ip,medium,WHITE,ziyadnz/hourly-ipv4,ziyadnz|hourly,2026-08-17T18:48:05Z,2026-08-17T18:48:05Z,
209.38.59.3,ipv4,malicious-ip,medium,WHITE,ziyadnz/hourly-ipv4,ziyadnz|hourly,2026-08-17T18:48:05Z,2026-08-17T18:48:05Z,
209.38.59.8,ipv4,malicious-ip,medium,WHITE,ziyadnz/hourly-ipv4,ziyadnz|hourly,2026-08-17T18:48:05Z,2026-08-17T18:48:05Z,
209.38.64.43,ipv4,malicious-ip,medium,WHITE,ziyadnz/hourly-ipv4,ziyadnz|hourly,2026-08-17T18:48:05Z,2026-08-17T18:48:05Z,
209.38.65.237,ipv4,malicious-ip,medium,WHITE,ziyadnz/hourly-ipv4,ziyadnz|hourly,2026-08-17T18:48:05Z,2026-08-17T18:48:05Z,
209.38.65.64,ipv4,malicious-ip,medium,WHITE,ziyadnz/hourly-ipv4,ziyadnz|hourly,2026-08-17T18:48:05Z,2026-08-17T18:48:05Z,
209.38.68.143,ipv4,malicious-ip,medium,WHITE,ziyadnz/hourly-ipv4,ziyadnz|hourly,2026-08-17T18:48:05Z,2026-08-17T18:48:05Z,
209.38.68.31,ipv4,malicious-ip,medium,WHITE,ziyadnz/hourly-ipv4,ziyadnz|hourly,2026-08-17T18:48:05Z,2026-08-17T18:48:05Z,
209.38.69.153,ipv4,malicious-ip,medium,WHITE,ziyadnz/hourly-ipv4,ziyadnz|hourly,2026-08-17T18:48:05Z,2026-08-17T18:48:05Z,
209.38.70.156,ipv4,malicious-ip,medium,WHITE,ziyadnz/hourly-ipv4,ziyadnz|hourly,2026-08-17T18:48:05Z,2026-08-17T18:48:05Z,
209.38.83.234,ipv4,malicious-ip,medium,WHITE,ziyadnz/hourly-ipv4,ziyadnz|hourly,2026-08-17T18:48:05Z,2026-08-17T18:48:05Z,
209.38.92.52,ipv4,malicious-ip,medium,WHITE,ziyadnz/hourly-ipv4,ziyadnz|hourly,2026-08-17T18:48:05Z,2026-08-17T18:48:05Z,
209.38.93.248,ipv4,malicious-ip,medium,WHITE,ziyadnz/hourly-ipv4,ziyadnz|hourly,2026-08-17T18:48:05Z,2026-08-17T18:48:05Z,
209.38.96.235,ipv4,malicious-ip,medium,WHITE,ziyadnz/hourly-ipv4,ziyadnz|hourly,2026-08-17T18:48:05Z,2026-08-17T18:48:05Z,
209.42.18.204,ipv4,malicious-ip,medium,WHITE,ziyadnz/hourly-ipv4,ziyadnz|hourly,2026-08-17T18:48:05Z,2026-08-17T18:48:05Z,
209.42.18.223,ipv4,malicious-ip,medium,WHITE,ziyadnz/hourly-ipv4,ziyadnz|hourly,2026-08-17T18:48:05Z,2026-08-17T18:48:05Z,
209.42.29.39,ipv4,malicious-ip,medium,WHITE,ziyadnz/hourly-ipv4,ziyadnz|hourly,2026-08-17T18:48:05Z,2026-08-17T18:48:05Z,
209.46.125.221,ipv4,malicious-ip,medium,WHITE,ziyadnz/hourly-ipv4,ziyadnz|hourly,2026-08-17T18:48:05Z,2026-08-17T18:48:05Z,
209.50.174.159,ipv4,malicious-ip,medium,WHITE,ziyadnz/hourly-ipv4,ziyadnz|hourly,2026-08-17T18:48:05Z,2026-08-17T18:48:05Z,
209.50.180.22,ipv4,malicious-ip,medium,WHITE,ziyadnz/hourly-ipv4,ziyadnz|hourly,2026-08-17T18:48:05Z,2026-08-17T18:48:05Z,
209.50.180.42,ipv4,malicious-ip,medium,WHITE,ziyadnz/hourly-ipv4,ziyadnz|hourly,2026-08-17T18:48:05Z,2026-08-17T18:48:05Z,
209.50.181.0,ipv4,malicious-ip,medium,WHITE,ziyadnz/hourly-ipv4,ziyadnz|hourly,2026-08-17T18:48:05Z,2026-08-17T18:48:05Z,
209.50.190.49,ipv4,malicious-ip,medium,WHITE,ziyadnz/hourly-ipv4,ziyadnz|hourly,2026-08-17T18:48:05Z,2026-08-17T18:48:05Z,
209.50.254.165,ipv4,malicious-ip,medium,WHITE,ziyadnz/hourly-ipv4,ziyadnz|hourly,2026-08-17T18:48:05Z,2026-08-17T18:48:05Z,
209.50.255.204,ipv4,malicious-ip,medium,WHITE,ziyadnz/hourly-ipv4,ziyadnz|hourly,2026-08-17T18:48:05Z,2026-08-17T18:48:05Z,
209.50.51.199,ipv4,malicious-ip,medium,WHITE,ziyadnz/hourly-ipv4,ziyadnz|hourly,2026-08-17T18:48:05Z,2026-08-17T18:48:05Z,
209.54.102.120,ipv4,malicious-ip,medium,WHITE,ziyadnz/hourly-ipv4,ziyadnz|hourly,2026-08-17T18:48:05Z,2026-08-17T18:48:05Z,
209.54.116.18,ipv4,malicious-ip,medium,WHITE,ziyadnz/hourly-ipv4,ziyadnz|hourly,2026-08-17T18:48:05Z,2026-08-17T18:48:05Z,
209.59.216.75,ipv4,malicious-ip,medium,WHITE,ziyadnz/hourly-ipv4,ziyadnz|hourly,2026-08-17T18:48:05Z,2026-08-17T18:48:05Z,
209.6.3.166,ipv4,malicious-ip,medium,WHITE,ziyadnz/hourly-ipv4,ziyadnz|hourly,2026-08-17T18:48:05Z,2026-08-17T18:48:05Z,
209.61.50.222,ipv4,malicious-ip,medium,WHITE,ziyadnz/hourly-ipv4,ziyadnz|hourly,2026-08-17T18:48:05Z,2026-08-17T18:48:05Z,
209.61.59.19,ipv4,malicious-ip,medium,WHITE,ziyadnz/hourly-ipv4,ziyadnz|hourly,2026-08-17T18:48:05Z,2026-08-17T18:48:05Z,
209.61.7.229,ipv4,malicious-ip,medium,WHITE,ziyadnz/hourly-ipv4,ziyadnz|hourly,2026-08-17T18:48:05Z,2026-08-17T18:48:05Z,
209.71.70.120,ipv4,malicious-ip,medium,WHITE,ziyadnz/hourly-ipv4,ziyadnz|hourly,2026-08-17T18:48:05Z,2026-08-17T18:48:05Z,
209.74.65.13,ipv4,malicious-ip,medium,WHITE,ziyadnz/hourly-ipv4,ziyadnz|hourly,2026-08-17T18:48:05Z,2026-08-17T18:48:05Z,
209.74.66.201,ipv4,malicious-ip,medium,WHITE,ziyadnz/hourly-ipv4,ziyadnz|hourly,2026-08-17T18:48:05Z,2026-08-17T18:48:05Z,
209.74.71.132,ipv4,malicious-ip,medium,WHITE,ziyadnz/hourly-ipv4,ziyadnz|hourly,2026-08-17T18:48:05Z,2026-08-17T18:48:05Z,
209.74.71.159,ipv4,malicious-ip,medium,WHITE,ziyadnz/hourly-ipv4,ziyadnz|hourly,2026-08-17T18:48:05Z,2026-08-17T18:48:05Z,
209.74.71.168,ipv4,malicious-ip,medium,WHITE,ziyadnz/hourly-ipv4,ziyadnz|hourly,2026-08-17T18:48:05Z,2026-08-17T18:48:05Z,
209.74.71.204,ipv4,malicious-ip,medium,WHITE,ziyadnz/hourly-ipv4,ziyadnz|hourly,2026-08-17T18:48:05Z,2026-08-17T18:48:05Z,
209.74.77.201,ipv4,malicious-ip,medium,WHITE,ziyadnz/hourly-ipv4,ziyadnz|hourly,2026-08-17T18:48:05Z,2026-08-17T18:48:05Z,
209.74.80.190,ipv4,malicious-ip,medium,WHITE,ziyadnz/hourly-ipv4,ziyadnz|hourly,2026-08-17T18:48:05Z,2026-08-17T18:48:05Z,
209.74.82.23,ipv4,malicious-ip,medium,WHITE,ziyadnz/hourly-ipv4,ziyadnz|hourly,2026-08-17T18:48:05Z,2026-08-17T18:48:05Z,
209.74.85.232,ipv4,malicious-ip,medium,WHITE,ziyadnz/hourly-ipv4,ziyadnz|hourly,2026-08-17T18:48:05Z,2026-08-17T18:48:05Z,
209.74.86.11,ipv4,malicious-ip,medium,WHITE,ziyadnz/hourly-ipv4,ziyadnz|hourly,2026-08-17T18:48:05Z,2026-08-17T18:48:05Z,
209.74.86.219,ipv4,malicious-ip,medium,WHITE,ziyadnz/hourly-ipv4,ziyadnz|hourly,2026-08-17T18:48:05Z,2026-08-17T18:48:05Z,
209.74.86.92,ipv4,malicious-ip,medium,WHITE,ziyadnz/hourly-ipv4,ziyadnz|hourly,2026-08-17T18:48:05Z,2026-08-17T18:48:05Z,
209.81.111.16,ipv4,malicious-ip,medium,WHITE,ziyadnz/hourly-ipv4,ziyadnz|hourly,2026-08-17T18:48:05Z,2026-08-17T18:48:05Z,
209.87.162.167,ipv4,malicious-ip,medium,WHITE,ziyadnz/hourly-ipv4,ziyadnz|hourly,2026-08-17T18:48:05Z,2026-08-17T18:48:05Z,
209.87.164.234,ipv4,malicious-ip,medium,WHITE,ziyadnz/hourly-ipv4,ziyadnz|hourly,2026-08-17T18:48:05Z,2026-08-17T18:48:05Z,
209.87.167.102,ipv4,malicious-ip,medium,WHITE,ziyadnz/hourly-ipv4,ziyadnz|hourly,2026-08-17T18:48:05Z,2026-08-17T18:48:05Z,
209.87.167.173,ipv4,malicious-ip,medium,WHITE,ziyadnz/hourly-ipv4,ziyadnz|hourly,2026-08-17T18:48:05Z,2026-08-17T18:48:05Z,
209.87.169.0,ipv4,malicious-ip,medium,WHITE,ziyadnz/hourly-ipv4,ziyadnz|hourly,2026-08-17T18:48:05Z,2026-08-17T18:48:05Z,
209.87.169.100,ipv4,malicious-ip,medium,WHITE,ziyadnz/hourly-ipv4,ziyadnz|hourly,2026-08-17T18:48:05Z,2026-08-17T18:48:05Z,
209.87.169.107,ipv4,malicious-ip,medium,WHITE,ziyadnz/hourly-ipv4,ziyadnz|hourly,2026-08-17T18:48:05Z,2026-08-17T18:48:05Z,
209.87.169.123,ipv4,malicious-ip,medium,WHITE,ziyadnz/hourly-ipv4,ziyadnz|hourly,2026-08-17T18:48:05Z,2026-08-17T18:48:05Z,
209.87.169.126,ipv4,malicious-ip,medium,WHITE,ziyadnz/hourly-ipv4,ziyadnz|hourly,2026-08-17T18:48:05Z,2026-08-17T18:48:05Z,
209.87.169.128,ipv4,malicious-ip,medium,WHITE,ziyadnz/hourly-ipv4,ziyadnz|hourly,2026-08-17T18:48:05Z,2026-08-17T18:48:05Z,
209.87.169.130,ipv4,malicious-ip,medium,WHITE,ziyadnz/hourly-ipv4,ziyadnz|hourly,2026-08-17T18:48:05Z,2026-08-17T18:48:05Z,
209.87.169.132,ipv4,malicious-ip,medium,WHITE,ziyadnz/hourly-ipv4,ziyadnz|hourly,2026-08-17T18:48:05Z,2026-08-17T18:48:05Z,
209.87.169.146,ipv4,malicious-ip,medium,WHITE,ziyadnz/hourly-ipv4,ziyadnz|hourly,2026-08-17T18:48:05Z,2026-08-17T18:48:05Z,
209.87.169.149,ipv4,malicious-ip,medium,WHITE,ziyadnz/hourly-ipv4,ziyadnz|hourly,2026-08-17T18:48:05Z,2026-08-17T18:48:05Z,
209.87.169.15,ipv4,malicious-ip,medium,WHITE,ziyadnz/hourly-ipv4,ziyadnz|hourly,2026-08-17T18:48:05Z,2026-08-17T18:48:05Z,
209.87.169.150,ipv4,malicious-ip,medium,WHITE,ziyadnz/hourly-ipv4,ziyadnz|hourly,2026-08-17T18:48:05Z,2026-08-17T18:48:05Z,
209.87.169.155,ipv4,malicious-ip,medium,WHITE,ziyadnz/hourly-ipv4,ziyadnz|hourly,2026-08-17T18:48:05Z,2026-08-17T18:48:05Z,
209.87.169.18,ipv4,malicious-ip,medium,WHITE,ziyadnz/hourly-ipv4,ziyadnz|hourly,2026-08-17T18:48:05Z,2026-08-17T18:48:05Z,
209.87.169.181,ipv4,malicious-ip,medium,WHITE,ziyadnz/hourly-ipv4,ziyadnz|hourly,2026-08-17T18:48:05Z,2026-08-17T18:48:05Z,
209.87.169.192,ipv4,malicious-ip,medium,WHITE,ziyadnz/hourly-ipv4,ziyadnz|hourly,2026-08-17T18:48:05Z,2026-08-17T18:48:05Z,
209.87.169.199,ipv4,malicious-ip,medium,WHITE,ziyadnz/hourly-ipv4,ziyadnz|hourly,2026-08-17T18:48:05Z,2026-08-17T18:48:05Z,
209.87.169.200,ipv4,malicious-ip,medium,WHITE,ziyadnz/hourly-ipv4,ziyadnz|hourly,2026-08-17T18:48:05Z,2026-08-17T18:48:05Z,
209.87.169.25,ipv4,malicious-ip,medium,WHITE,ziyadnz/hourly-ipv4,ziyadnz|hourly,2026-08-17T18:48:05Z,2026-08-17T18:48:05Z,
209.87.169.6,ipv4,malicious-ip,medium,WHITE,ziyadnz/hourly-ipv4,ziyadnz|hourly,2026-08-17T18:48:05Z,2026-08-17T18:48:05Z,
209.9.72.146,ipv4,malicious-ip,medium,WHITE,ziyadnz/hourly-ipv4,ziyadnz|hourly,2026-08-17T18:48:05Z,2026-08-17T18:48:05Z,
209.90.232.249,ipv4,malicious-ip,medium,WHITE,ziyadnz/hourly-ipv4,ziyadnz|hourly,2026-08-17T18:48:05Z,2026-08-17T18:48:05Z,
209.97.133.113,ipv4,malicious-ip,medium,WHITE,ziyadnz/hourly-ipv4,ziyadnz|hourly,2026-08-17T18:48:05Z,2026-08-17T18:48:05Z,
209.97.133.232,ipv4,malicious-ip,medium,WHITE,ziyadnz/hourly-ipv4,ziyadnz|hourly,2026-08-17T18:48:05Z,2026-08-17T18:48:05Z,
209.97.136.155,ipv4,malicious-ip,medium,WHITE,ziyadnz/hourly-ipv4,ziyadnz|hourly,2026-08-17T18:48:05Z,2026-08-17T18:48:05Z,
209.97.137.33,ipv4,malicious-ip,medium,WHITE,ziyadnz/hourly-ipv4,ziyadnz|hourly,2026-08-17T18:48:05Z,2026-08-17T18:48:05Z,
209.97.141.149,ipv4,malicious-ip,medium,WHITE,ziyadnz/hourly-ipv4,ziyadnz|hourly,2026-08-17T18:48:05Z,2026-08-17T18:48:05Z,
209.97.158.104,ipv4,malicious-ip,medium,WHITE,ziyadnz/hourly-ipv4,ziyadnz|hourly,2026-08-17T18:48:05Z,2026-08-17T18:48:05Z,
209.97.159.59,ipv4,malicious-ip,medium,WHITE,ziyadnz/hourly-ipv4,ziyadnz|hourly,2026-08-17T18:48:05Z,2026-08-17T18:48:05Z,
209.97.161.72,ipv4,malicious-ip,medium,WHITE,ziyadnz/hourly-ipv4,ziyadnz|hourly,2026-08-17T18:48:05Z,2026-08-17T18:48:05Z,
209.97.168.113,ipv4,malicious-ip,medium,WHITE,ziyadnz/hourly-ipv4,ziyadnz|hourly,2026-08-17T18:48:05Z,2026-08-17T18:48:05Z,
209.97.168.234,ipv4,malicious-ip,medium,WHITE,ziyadnz/hourly-ipv4,ziyadnz|hourly,2026-08-17T18:48:05Z,2026-08-17T18:48:05Z,
209.97.171.131,ipv4,malicious-ip,medium,WHITE,ziyadnz/hourly-ipv4,ziyadnz|hourly,2026-08-17T18:48:05Z,2026-08-17T18:48:05Z,
209.97.184.139,ipv4,malicious-ip,medium,WHITE,ziyadnz/hourly-ipv4,ziyadnz|hourly,2026-08-17T18:48:05Z,2026-08-17T18:48:05Z,
209.97.185.8,ipv4,malicious-ip,medium,WHITE,ziyadnz/hourly-ipv4,ziyadnz|hourly,2026-08-17T18:48:05Z,2026-08-17T18:48:05Z,
209.99.184.143,ipv4,malicious-ip,medium,WHITE,ziyadnz/hourly-ipv4,ziyadnz|hourly,2026-08-17T18:48:05Z,2026-08-17T18:48:05Z,
209.99.184.169,ipv4,malicious-ip,medium,WHITE,ziyadnz/hourly-ipv4,ziyadnz|hourly,2026-08-17T18:48:05Z,2026-08-17T18:48:05Z,
209.99.184.187,ipv4,malicious-ip,medium,WHITE,ziyadnz/hourly-ipv4,ziyadnz|hourly,2026-08-17T18:48:05Z,2026-08-17T18:48:05Z,
209.99.184.223,ipv4,malicious-ip,medium,WHITE,ziyadnz/hourly-ipv4,ziyadnz|hourly,2026-08-17T18:48:05Z,2026-08-17T18:48:05Z,
209.99.184.227,ipv4,malicious-ip,medium,WHITE,ziyadnz/hourly-ipv4,ziyadnz|hourly,2026-08-17T18:48:05Z,2026-08-17T18:48:05Z,
209.99.184.233,ipv4,malicious-ip,medium,WHITE,ziyadnz/hourly-ipv4,ziyadnz|hourly,2026-08-17T18:48:05Z,2026-08-17T18:48:05Z,
209.99.185.118,ipv4,malicious-ip,medium,WHITE,ziyadnz/hourly-ipv4,ziyadnz|hourly,2026-08-17T18:48:05Z,2026-08-17T18:48:05Z,
209.99.185.195,ipv4,malicious-ip,medium,WHITE,ziyadnz/hourly-ipv4,ziyadnz|hourly,2026-08-17T18:48:05Z,2026-08-17T18:48:05Z,
209.99.185.221,ipv4,malicious-ip,medium,WHITE,ziyadnz/hourly-ipv4,ziyadnz|hourly,2026-08-17T18:48:05Z,2026-08-17T18:48:05Z,
209.99.185.223,ipv4,malicious-ip,medium,WHITE,ziyadnz/hourly-ipv4,ziyadnz|hourly,2026-08-17T18:48:05Z,2026-08-17T18:48:05Z,
209.99.185.239,ipv4,malicious-ip,medium,WHITE,ziyadnz/hourly-ipv4,ziyadnz|hourly,2026-08-17T18:48:05Z,2026-08-17T18:48:05Z,
209.99.185.52,ipv4,malicious-ip,medium,WHITE,ziyadnz/hourly-ipv4,ziyadnz|hourly,2026-08-17T18:48:05Z,2026-08-17T18:48:05Z,
209.99.185.81,ipv4,malicious-ip,medium,WHITE,ziyadnz/hourly-ipv4,ziyadnz|hourly,2026-08-17T18:48:05Z,2026-08-17T18:48:05Z,
209.99.185.98,ipv4,malicious-ip,medium,WHITE,ziyadnz/hourly-ipv4,ziyadnz|hourly,2026-08-17T18:48:05Z,2026-08-17T18:48:05Z,
209.99.186.235,ipv4,malicious-ip,medium,WHITE,ziyadnz/hourly-ipv4,ziyadnz|hourly,2026-08-17T18:48:05Z,2026-08-17T18:48:05Z,
209.99.187.10,ipv4,malicious-ip,medium,WHITE,ziyadnz/hourly-ipv4,ziyadnz|hourly,2026-08-17T18:48:05Z,2026-08-17T18:48:05Z,
209.99.187.194,ipv4,malicious-ip,medium,WHITE,ziyadnz/hourly-ipv4,ziyadnz|hourly,2026-08-17T18:48:05Z,2026-08-17T18:48:05Z,
209.99.188.121,ipv4,malicious-ip,medium,WHITE,ziyadnz/hourly-ipv4,ziyadnz|hourly,2026-08-17T18:48:05Z,2026-08-17T18:48:05Z,
209.99.188.140,ipv4,malicious-ip,medium,WHITE,ziyadnz/hourly-ipv4,ziyadnz|hourly,2026-08-17T18:48:05Z,2026-08-17T18:48:05Z,
209.99.188.168,ipv4,malicious-ip,medium,WHITE,ziyadnz/hourly-ipv4,ziyadnz|hourly,2026-08-17T18:48:05Z,2026-08-17T18:48:05Z,
209.99.188.199,ipv4,malicious-ip,medium,WHITE,ziyadnz/hourly-ipv4,ziyadnz|hourly,2026-08-17T18:48:05Z,2026-08-17T18:48:05Z,
209.99.188.43,ipv4,malicious-ip,medium,WHITE,ziyadnz/hourly-ipv4,ziyadnz|hourly,2026-08-17T18:48:05Z,2026-08-17T18:48:05Z,
209.99.188.62,ipv4,malicious-ip,medium,WHITE,ziyadnz/hourly-ipv4,ziyadnz|hourly,2026-08-17T18:48:05Z,2026-08-17T18:48:05Z,
209.99.188.93,ipv4,malicious-ip,medium,WHITE,ziyadnz/hourly-ipv4,ziyadnz|hourly,2026-08-17T18:48:05Z,2026-08-17T18:48:05Z,
209.99.189.0,ipv4,malicious-ip,medium,WHITE,ziyadnz/hourly-ipv4,ziyadnz|hourly,2026-08-17T18:48:05Z,2026-08-17T18:48:05Z,
209.99.189.102,ipv4,malicious-ip,medium,WHITE,ziyadnz/hourly-ipv4,ziyadnz|hourly,2026-08-17T18:48:05Z,2026-08-17T18:48:05Z,
209.99.189.145,ipv4,malicious-ip,medium,WHITE,ziyadnz/hourly-ipv4,ziyadnz|hourly,2026-08-17T18:48:05Z,2026-08-17T18:48:05Z,
209.99.189.152,ipv4,malicious-ip,medium,WHITE,ziyadnz/hourly-ipv4,ziyadnz|hourly,2026-08-17T18:48:05Z,2026-08-17T18:48:05Z,
209.99.189.174,ipv4,malicious-ip,medium,WHITE,ziyadnz/hourly-ipv4,ziyadnz|hourly,2026-08-17T18:48:05Z,2026-08-17T18:48:05Z,
209.99.189.177,ipv4,malicious-ip,medium,WHITE,ziyadnz/hourly-ipv4,ziyadnz|hourly,2026-08-17T18:48:05Z,2026-08-17T18:48:05Z,
209.99.189.190,ipv4,malicious-ip,medium,WHITE,ziyadnz/hourly-ipv4,ziyadnz|hourly,2026-08-17T18:48:05Z,2026-08-17T18:48:05Z,
209.99.190.110,ipv4,malicious-ip,medium,WHITE,ziyadnz/hourly-ipv4,ziyadnz|hourly,2026-08-17T18:48:05Z,2026-08-17T18:48:05Z,
209.99.190.113,ipv4,malicious-ip,medium,WHITE,ziyadnz/hourly-ipv4,ziyadnz|hourly,2026-08-17T18:48:05Z,2026-08-17T18:48:05Z,
209.99.190.174,ipv4,malicious-ip,medium,WHITE,ziyadnz/hourly-ipv4,ziyadnz|hourly,2026-08-17T18:48:05Z,2026-08-17T18:48:05Z,
209.99.190.200,ipv4,malicious-ip,medium,WHITE,ziyadnz/hourly-ipv4,ziyadnz|hourly,2026-08-17T18:48:05Z,2026-08-17T18:48:05Z,
209.99.190.206,ipv4,malicious-ip,medium,WHITE,ziyadnz/hourly-ipv4,ziyadnz|hourly,2026-08-17T18:48:05Z,2026-08-17T18:48:05Z,
209.99.190.73,ipv4,malicious-ip,medium,WHITE,ziyadnz/hourly-ipv4,ziyadnz|hourly,2026-08-17T18:48:05Z,2026-08-17T18:48:05Z,
209.99.191.17,ipv4,malicious-ip,medium,WHITE,ziyadnz/hourly-ipv4,ziyadnz|hourly,2026-08-17T18:48:05Z,2026-08-17T18:48:05Z,
209.99.191.19,ipv4,malicious-ip,medium,WHITE,ziyadnz/hourly-ipv4,ziyadnz|hourly,2026-08-17T18:48:05Z,2026-08-17T18:48:05Z,
209.99.191.217,ipv4,malicious-ip,medium,WHITE,ziyadnz/hourly-ipv4,ziyadnz|hourly,2026-08-17T18:48:05Z,2026-08-17T18:48:05Z,
209.99.191.65,ipv4,malicious-ip,medium,WHITE,ziyadnz/hourly-ipv4,ziyadnz|hourly,2026-08-17T18:48:05Z,2026-08-17T18:48:05Z,
210.1.226.51,ipv4,malicious-ip,medium,WHITE,ziyadnz/hourly-ipv4,ziyadnz|hourly,2026-08-17T18:48:05Z,2026-08-17T18:48:05Z,
210.1.247.205,ipv4,malicious-ip,medium,WHITE,ziyadnz/hourly-ipv4,ziyadnz|hourly,2026-08-17T18:48:05Z,2026-08-17T18:48:05Z,
210.1.247.206,ipv4,malicious-ip,medium,WHITE,ziyadnz/hourly-ipv4,ziyadnz|hourly,2026-08-17T18:48:05Z,2026-08-17T18:48:05Z,
210.1.247.207,ipv4,malicious-ip,medium,WHITE,ziyadnz/hourly-ipv4,ziyadnz|hourly,2026-08-17T18:48:05Z,2026-08-17T18:48:05Z,
210.1.31.3,ipv4,malicious-ip,medium,WHITE,ziyadnz/hourly-ipv4,ziyadnz|hourly,2026-08-17T18:48:05Z,2026-08-17T18:48:05Z,
210.1.60.159,ipv4,malicious-ip,medium,WHITE,ziyadnz/hourly-ipv4,ziyadnz|hourly,2026-08-17T18:48:05Z,2026-08-17T18:48:05Z,
210.1.99.131,ipv4,malicious-ip,medium,WHITE,ziyadnz/hourly-ipv4,ziyadnz|hourly,2026-08-17T18:48:05Z,2026-08-17T18:48:05Z,
210.10.132.27,ipv4,malicious-ip,medium,WHITE,ziyadnz/hourly-ipv4,ziyadnz|hourly,2026-08-17T18:48:05Z,2026-08-17T18:48:05Z,
210.10.77.29,ipv4,malicious-ip,medium,WHITE,ziyadnz/hourly-ipv4,ziyadnz|hourly,2026-08-17T18:48:05Z,2026-08-17T18:48:05Z,
210.104.221.252,ipv4,malicious-ip,medium,WHITE,ziyadnz/hourly-ipv4,ziyadnz|hourly,2026-08-17T18:48:05Z,2026-08-17T18:48:05Z,
210.104.222.189,ipv4,malicious-ip,medium,WHITE,ziyadnz/hourly-ipv4,ziyadnz|hourly,2026-08-17T18:48:05Z,2026-08-17T18:48:05Z,
210.104.223.223,ipv4,malicious-ip,medium,WHITE,ziyadnz/hourly-ipv4,ziyadnz|hourly,2026-08-17T18:48:05Z,2026-08-17T18:48:05Z,
210.105.23.189,ipv4,malicious-ip,medium,WHITE,ziyadnz/hourly-ipv4,ziyadnz|hourly,2026-08-17T18:48:05Z,2026-08-17T18:48:05Z,
210.112.41.71,ipv4,malicious-ip,medium,WHITE,ziyadnz/hourly-ipv4,ziyadnz|hourly,2026-08-17T18:48:05Z,2026-08-17T18:48:05Z,
210.113.107.88,ipv4,malicious-ip,medium,WHITE,ziyadnz/hourly-ipv4,ziyadnz|hourly,2026-08-17T18:48:05Z,2026-08-17T18:48:05Z,
210.117.212.93,ipv4,malicious-ip,medium,WHITE,ziyadnz/hourly-ipv4,ziyadnz|hourly,2026-08-17T18:48:05Z,2026-08-17T18:48:05Z,
210.122.36.216,ipv4,malicious-ip,medium,WHITE,ziyadnz/hourly-ipv4,ziyadnz|hourly,2026-08-17T18:48:05Z,2026-08-17T18:48:05Z,
210.126.93.203,ipv4,malicious-ip,medium,WHITE,ziyadnz/hourly-ipv4,ziyadnz|hourly,2026-08-17T18:48:05Z,2026-08-17T18:48:05Z,
210.126.94.78,ipv4,malicious-ip,medium,WHITE,ziyadnz/hourly-ipv4,ziyadnz|hourly,2026-08-17T18:48:05Z,2026-08-17T18:48:05Z,
210.129.184.11,ipv4,malicious-ip,medium,WHITE,ziyadnz/hourly-ipv4,ziyadnz|hourly,2026-08-17T18:48:05Z,2026-08-17T18:48:05Z,
210.13.84.84,ipv4,malicious-ip,medium,WHITE,ziyadnz/hourly-ipv4,ziyadnz|hourly,2026-08-17T18:48:05Z,2026-08-17T18:48:05Z,
210.14.107.190,ipv4,malicious-ip,medium,WHITE,ziyadnz/hourly-ipv4,ziyadnz|hourly,2026-08-17T18:48:05Z,2026-08-17T18:48:05Z,
210.14.108.131,ipv4,malicious-ip,medium,WHITE,ziyadnz/hourly-ipv4,ziyadnz|hourly,2026-08-17T18:48:05Z,2026-08-17T18:48:05Z,
210.14.142.89,ipv4,malicious-ip,medium,WHITE,ziyadnz/hourly-ipv4,ziyadnz|hourly,2026-08-17T18:48:05Z,2026-08-17T18:48:05Z,
210.156.0.132,ipv4,malicious-ip,medium,WHITE,ziyadnz/hourly-ipv4,ziyadnz|hourly,2026-08-17T18:48:05Z,2026-08-17T18:48:05Z,
210.16.100.120,ipv4,malicious-ip,medium,WHITE,ziyadnz/hourly-ipv4,ziyadnz|hourly,2026-08-17T18:48:05Z,2026-08-17T18:48:05Z,
210.16.103.246,ipv4,malicious-ip,medium,WHITE,ziyadnz/hourly-ipv4,ziyadnz|hourly,2026-08-17T18:48:05Z,2026-08-17T18:48:05Z,
210.16.168.11,ipv4,malicious-ip,medium,WHITE,ziyadnz/hourly-ipv4,ziyadnz|hourly,2026-08-17T18:48:05Z,2026-08-17T18:48:05Z,
210.16.189.78,ipv4,malicious-ip,medium,WHITE,ziyadnz/hourly-ipv4,ziyadnz|hourly,2026-08-17T18:48:05Z,2026-08-17T18:48:05Z,
210.16.88.243,ipv4,malicious-ip,medium,WHITE,ziyadnz/hourly-ipv4,ziyadnz|hourly,2026-08-17T18:48:05Z,2026-08-17T18:48:05Z,
210.16.88.39,ipv4,malicious-ip,medium,WHITE,ziyadnz/hourly-ipv4,ziyadnz|hourly,2026-08-17T18:48:05Z,2026-08-17T18:48:05Z,
210.16.91.36,ipv4,malicious-ip,medium,WHITE,ziyadnz/hourly-ipv4,ziyadnz|hourly,2026-08-17T18:48:05Z,2026-08-17T18:48:05Z,
210.16.91.93,ipv4,malicious-ip,medium,WHITE,ziyadnz/hourly-ipv4,ziyadnz|hourly,2026-08-17T18:48:05Z,2026-08-17T18:48:05Z,
210.16.94.182,ipv4,malicious-ip,medium,WHITE,ziyadnz/hourly-ipv4,ziyadnz|hourly,2026-08-17T18:48:05Z,2026-08-17T18:48:05Z,
210.171.212.149,ipv4,malicious-ip,medium,WHITE,ziyadnz/hourly-ipv4,ziyadnz|hourly,2026-08-17T18:48:05Z,2026-08-17T18:48:05Z,
210.172.173.61,ipv4,malicious-ip,medium,WHITE,ziyadnz/hourly-ipv4,ziyadnz|hourly,2026-08-17T18:48:05Z,2026-08-17T18:48:05Z,
210.172.183.32,ipv4,malicious-ip,medium,WHITE,ziyadnz/hourly-ipv4,ziyadnz|hourly,2026-08-17T18:48:05Z,2026-08-17T18:48:05Z,
210.178.251.33,ipv4,malicious-ip,medium,WHITE,ziyadnz/hourly-ipv4,ziyadnz|hourly,2026-08-17T18:48:05Z,2026-08-17T18:48:05Z,
210.178.5.231,ipv4,malicious-ip,medium,WHITE,ziyadnz/hourly-ipv4,ziyadnz|hourly,2026-08-17T18:48:05Z,2026-08-17T18:48:05Z,
210.18.176.166,ipv4,malicious-ip,medium,WHITE,ziyadnz/hourly-ipv4,ziyadnz|hourly,2026-08-17T18:48:05Z,2026-08-17T18:48:05Z,
210.183.207.5,ipv4,malicious-ip,medium,WHITE,ziyadnz/hourly-ipv4,ziyadnz|hourly,2026-08-17T18:48:05Z,2026-08-17T18:48:05Z,
210.183.21.53,ipv4,malicious-ip,medium,WHITE,ziyadnz/hourly-ipv4,ziyadnz|hourly,2026-08-17T18:48:05Z,2026-08-17T18:48:05Z,
210.192.94.5,ipv4,malicious-ip,medium,WHITE,ziyadnz/hourly-ipv4,ziyadnz|hourly,2026-08-17T18:48:05Z,2026-08-17T18:48:05Z,
210.2.130.106,ipv4,malicious-ip,medium,WHITE,ziyadnz/hourly-ipv4,ziyadnz|hourly,2026-08-17T18:48:05Z,2026-08-17T18:48:05Z,
210.2.131.136,ipv4,malicious-ip,medium,WHITE,ziyadnz/hourly-ipv4,ziyadnz|hourly,2026-08-17T18:48:05Z,2026-08-17T18:48:05Z,
210.204.108.217,ipv4,malicious-ip,medium,WHITE,ziyadnz/hourly-ipv4,ziyadnz|hourly,2026-08-17T18:48:05Z,2026-08-17T18:48:05Z,
210.204.124.253,ipv4,malicious-ip,medium,WHITE,ziyadnz/hourly-ipv4,ziyadnz|hourly,2026-08-17T18:48:05Z,2026-08-17T18:48:05Z,
210.204.125.250,ipv4,malicious-ip,medium,WHITE,ziyadnz/hourly-ipv4,ziyadnz|hourly,2026-08-17T18:48:05Z,2026-08-17T18:48:05Z,
210.204.136.186,ipv4,malicious-ip,medium,WHITE,ziyadnz/hourly-ipv4,ziyadnz|hourly,2026-08-17T18:48:05Z,2026-08-17T18:48:05Z,
210.204.157.133,ipv4,malicious-ip,medium,WHITE,ziyadnz/hourly-ipv4,ziyadnz|hourly,2026-08-17T18:48:05Z,2026-08-17T18:48:05Z,
210.204.63.197,ipv4,malicious-ip,medium,WHITE,ziyadnz/hourly-ipv4,ziyadnz|hourly,2026-08-17T18:48:05Z,2026-08-17T18:48:05Z,
210.205.44.67,ipv4,malicious-ip,medium,WHITE,ziyadnz/hourly-ipv4,ziyadnz|hourly,2026-08-17T18:48:05Z,2026-08-17T18:48:05Z,
210.209.125.143,ipv4,malicious-ip,medium,WHITE,ziyadnz/hourly-ipv4,ziyadnz|hourly,2026-08-17T18:48:05Z,2026-08-17T18:48:05Z,
210.209.130.9,ipv4,malicious-ip,medium,WHITE,ziyadnz/hourly-ipv4,ziyadnz|hourly,2026-08-17T18:48:05Z,2026-08-17T18:48:05Z,
210.210.155.71,ipv4,malicious-ip,medium,WHITE,ziyadnz/hourly-ipv4,ziyadnz|hourly,2026-08-17T18:48:05Z,2026-08-17T18:48:05Z,
210.211.111.149,ipv4,malicious-ip,medium,WHITE,ziyadnz/hourly-ipv4,ziyadnz|hourly,2026-08-17T18:48:05Z,2026-08-17T18:48:05Z,
210.211.98.70,ipv4,malicious-ip,medium,WHITE,ziyadnz/hourly-ipv4,ziyadnz|hourly,2026-08-17T18:48:05Z,2026-08-17T18:48:05Z,
210.212.188.198,ipv4,malicious-ip,medium,WHITE,ziyadnz/hourly-ipv4,ziyadnz|hourly,2026-08-17T18:48:05Z,2026-08-17T18:48:05Z,
210.212.202.51,ipv4,malicious-ip,medium,WHITE,ziyadnz/hourly-ipv4,ziyadnz|hourly,2026-08-17T18:48:05Z,2026-08-17T18:48:05Z,
210.212.210.93,ipv4,malicious-ip,medium,WHITE,ziyadnz/hourly-ipv4,ziyadnz|hourly,2026-08-17T18:48:05Z,2026-08-17T18:48:05Z,
210.212.224.124,ipv4,malicious-ip,medium,WHITE,ziyadnz/hourly-ipv4,ziyadnz|hourly,2026-08-17T18:48:05Z,2026-08-17T18:48:05Z,
210.213.202.107,ipv4,malicious-ip,medium,WHITE,ziyadnz/hourly-ipv4,ziyadnz|hourly,2026-08-17T18:48:05Z,2026-08-17T18:48:05Z,
210.217.42.139,ipv4,malicious-ip,medium,WHITE,ziyadnz/hourly-ipv4,ziyadnz|hourly,2026-08-17T18:48:05Z,2026-08-17T18:48:05Z,
210.217.96.217,ipv4,malicious-ip,medium,WHITE,ziyadnz/hourly-ipv4,ziyadnz|hourly,2026-08-17T18:48:05Z,2026-08-17T18:48:05Z,
210.222.46.15,ipv4,malicious-ip,medium,WHITE,ziyadnz/hourly-ipv4,ziyadnz|hourly,2026-08-17T18:48:05Z,2026-08-17T18:48:05Z,
210.222.70.61,ipv4,malicious-ip,medium,WHITE,ziyadnz/hourly-ipv4,ziyadnz|hourly,2026-08-17T18:48:05Z,2026-08-17T18:48:05Z,
210.225.99.123,ipv4,malicious-ip,medium,WHITE,ziyadnz/hourly-ipv4,ziyadnz|hourly,2026-08-17T18:48:05Z,2026-08-17T18:48:05Z,
210.231.43.215,ipv4,malicious-ip,medium,WHITE,ziyadnz/hourly-ipv4,ziyadnz|hourly,2026-08-17T18:48:05Z,2026-08-17T18:48:05Z,
210.243.8.247,ipv4,malicious-ip,medium,WHITE,ziyadnz/hourly-ipv4,ziyadnz|hourly,2026-08-17T18:48:05Z,2026-08-17T18:48:05Z,
210.245.120.117,ipv4,malicious-ip,medium,WHITE,ziyadnz/hourly-ipv4,ziyadnz|hourly,2026-08-17T18:48:05Z,2026-08-17T18:48:05Z,
210.245.120.140,ipv4,malicious-ip,medium,WHITE,ziyadnz/hourly-ipv4,ziyadnz|hourly,2026-08-17T18:48:05Z,2026-08-17T18:48:05Z,
210.3.125.230,ipv4,malicious-ip,medium,WHITE,ziyadnz/hourly-ipv4,ziyadnz|hourly,2026-08-17T18:48:05Z,2026-08-17T18:48:05Z,
210.4.105.139,ipv4,malicious-ip,medium,WHITE,ziyadnz/hourly-ipv4,ziyadnz|hourly,2026-08-17T18:48:05Z,2026-08-17T18:48:05Z,
210.4.120.196,ipv4,malicious-ip,medium,WHITE,ziyadnz/hourly-ipv4,ziyadnz|hourly,2026-08-17T18:48:05Z,2026-08-17T18:48:05Z,
210.4.68.72,ipv4,malicious-ip,medium,WHITE,ziyadnz/hourly-ipv4,ziyadnz|hourly,2026-08-17T18:48:05Z,2026-08-17T18:48:05Z,
210.4.68.73,ipv4,malicious-ip,medium,WHITE,ziyadnz/hourly-ipv4,ziyadnz|hourly,2026-08-17T18:48:05Z,2026-08-17T18:48:05Z,
210.4.72.205,ipv4,malicious-ip,medium,WHITE,ziyadnz/hourly-ipv4,ziyadnz|hourly,2026-08-17T18:48:05Z,2026-08-17T18:48:05Z,
210.51.55.140,ipv4,malicious-ip,medium,WHITE,ziyadnz/hourly-ipv4,ziyadnz|hourly,2026-08-17T18:48:05Z,2026-08-17T18:48:05Z,
210.51.67.211,ipv4,malicious-ip,medium,WHITE,ziyadnz/hourly-ipv4,ziyadnz|hourly,2026-08-17T18:48:05Z,2026-08-17T18:48:05Z,
210.56.27.220,ipv4,malicious-ip,medium,WHITE,ziyadnz/hourly-ipv4,ziyadnz|hourly,2026-08-17T18:48:05Z,2026-08-17T18:48:05Z,
210.56.28.18,ipv4,malicious-ip,medium,WHITE,ziyadnz/hourly-ipv4,ziyadnz|hourly,2026-08-17T18:48:05Z,2026-08-17T18:48:05Z,
210.56.49.72,ipv4,malicious-ip,medium,WHITE,ziyadnz/hourly-ipv4,ziyadnz|hourly,2026-08-17T18:48:05Z,2026-08-17T18:48:05Z,
210.57.210.20,ipv4,malicious-ip,medium,WHITE,ziyadnz/hourly-ipv4,ziyadnz|hourly,2026-08-17T18:48:05Z,2026-08-17T18:48:05Z,
210.57.229.52,ipv4,malicious-ip,medium,WHITE,ziyadnz/hourly-ipv4,ziyadnz|hourly,2026-08-17T18:48:05Z,2026-08-17T18:48:05Z,
210.57.229.59,ipv4,malicious-ip,medium,WHITE,ziyadnz/hourly-ipv4,ziyadnz|hourly,2026-08-17T18:48:05Z,2026-08-17T18:48:05Z,
210.59.251.134,ipv4,malicious-ip,medium,WHITE,ziyadnz/hourly-ipv4,ziyadnz|hourly,2026-08-17T18:48:05Z,2026-08-17T18:48:05Z,
210.61.186.25,ipv4,malicious-ip,medium,WHITE,ziyadnz/hourly-ipv4,ziyadnz|hourly,2026-08-17T18:48:05Z,2026-08-17T18:48:05Z,
210.61.48.101,ipv4,malicious-ip,medium,WHITE,ziyadnz/hourly-ipv4,ziyadnz|hourly,2026-08-17T18:48:05Z,2026-08-17T18:48:05Z,
210.61.64.135,ipv4,malicious-ip,medium,WHITE,ziyadnz/hourly-ipv4,ziyadnz|hourly,2026-08-17T18:48:05Z,2026-08-17T18:48:05Z,
210.64.103.139,ipv4,malicious-ip,medium,WHITE,ziyadnz/hourly-ipv4,ziyadnz|hourly,2026-08-17T18:48:05Z,2026-08-17T18:48:05Z,
210.71.232.165,ipv4,malicious-ip,medium,WHITE,ziyadnz/hourly-ipv4,ziyadnz|hourly,2026-08-17T18:48:05Z,2026-08-17T18:48:05Z,
210.79.191.170,ipv4,malicious-ip,medium,WHITE,ziyadnz/hourly-ipv4,ziyadnz|hourly,2026-08-17T18:48:05Z,2026-08-17T18:48:05Z,
210.79.191.61,ipv4,malicious-ip,medium,WHITE,ziyadnz/hourly-ipv4,ziyadnz|hourly,2026-08-17T18:48:05Z,2026-08-17T18:48:05Z,
210.79.191.76,ipv4,malicious-ip,medium,WHITE,ziyadnz/hourly-ipv4,ziyadnz|hourly,2026-08-17T18:48:05Z,2026-08-17T18:48:05Z,
210.87.121.103,ipv4,malicious-ip,medium,WHITE,ziyadnz/hourly-ipv4,ziyadnz|hourly,2026-08-17T18:48:05Z,2026-08-17T18:48:05Z,
210.87.90.218,ipv4,malicious-ip,medium,WHITE,ziyadnz/hourly-ipv4,ziyadnz|hourly,2026-08-17T18:48:05Z,2026-08-17T18:48:05Z,
210.87.93.41,ipv4,malicious-ip,medium,WHITE,ziyadnz/hourly-ipv4,ziyadnz|hourly,2026-08-17T18:48:05Z,2026-08-17T18:48:05Z,
210.89.61.42,ipv4,malicious-ip,medium,WHITE,ziyadnz/hourly-ipv4,ziyadnz|hourly,2026-08-17T18:48:05Z,2026-08-17T18:48:05Z,
210.89.63.141,ipv4,malicious-ip,medium,WHITE,ziyadnz/hourly-ipv4,ziyadnz|hourly,2026-08-17T18:48:05Z,2026-08-17T18:48:05Z,
210.90.155.178,ipv4,malicious-ip,medium,WHITE,ziyadnz/hourly-ipv4,ziyadnz|hourly,2026-08-17T18:48:05Z,2026-08-17T18:48:05Z,
210.95.176.46,ipv4,malicious-ip,medium,WHITE,ziyadnz/hourly-ipv4,ziyadnz|hourly,2026-08-17T18:48:05Z,2026-08-17T18:48:05Z,
210.99.124.119,ipv4,malicious-ip,medium,WHITE,ziyadnz/hourly-ipv4,ziyadnz|hourly,2026-08-17T18:48:05Z,2026-08-17T18:48:05Z,
210.99.125.236,ipv4,malicious-ip,medium,WHITE,ziyadnz/hourly-ipv4,ziyadnz|hourly,2026-08-17T18:48:05Z,2026-08-17T18:48:05Z,
210.99.94.222,ipv4,malicious-ip,medium,WHITE,ziyadnz/hourly-ipv4,ziyadnz|hourly,2026-08-17T18:48:05Z,2026-08-17T18:48:05Z,
211.101.234.227,ipv4,malicious-ip,medium,WHITE,ziyadnz/hourly-ipv4,ziyadnz|hourly,2026-08-17T18:48:05Z,2026-08-17T18:48:05Z,
211.103.219.51,ipv4,malicious-ip,medium,WHITE,ziyadnz/hourly-ipv4,ziyadnz|hourly,2026-08-17T18:48:05Z,2026-08-17T18:48:05Z,
211.104.137.55,ipv4,malicious-ip,medium,WHITE,ziyadnz/hourly-ipv4,ziyadnz|hourly,2026-08-17T18:48:05Z,2026-08-17T18:48:05Z,
211.104.166.110,ipv4,malicious-ip,medium,WHITE,ziyadnz/hourly-ipv4,ziyadnz|hourly,2026-08-17T18:48:05Z,2026-08-17T18:48:05Z,
211.104.215.184,ipv4,malicious-ip,medium,WHITE,ziyadnz/hourly-ipv4,ziyadnz|hourly,2026-08-17T18:48:05Z,2026-08-17T18:48:05Z,
211.105.129.57,ipv4,malicious-ip,medium,WHITE,ziyadnz/hourly-ipv4,ziyadnz|hourly,2026-08-17T18:48:05Z,2026-08-17T18:48:05Z,
211.105.44.118,ipv4,malicious-ip,medium,WHITE,ziyadnz/hourly-ipv4,ziyadnz|hourly,2026-08-17T18:48:05Z,2026-08-17T18:48:05Z,
211.106.137.135,ipv4,malicious-ip,medium,WHITE,ziyadnz/hourly-ipv4,ziyadnz|hourly,2026-08-17T18:48:05Z,2026-08-17T18:48:05Z,
211.106.155.52,ipv4,malicious-ip,medium,WHITE,ziyadnz/hourly-ipv4,ziyadnz|hourly,2026-08-17T18:48:05Z,2026-08-17T18:48:05Z,
211.106.54.198,ipv4,malicious-ip,medium,WHITE,ziyadnz/hourly-ipv4,ziyadnz|hourly,2026-08-17T18:48:05Z,2026-08-17T18:48:05Z,
211.107.118.105,ipv4,malicious-ip,medium,WHITE,ziyadnz/hourly-ipv4,ziyadnz|hourly,2026-08-17T18:48:05Z,2026-08-17T18:48:05Z,
211.107.192.178,ipv4,malicious-ip,medium,WHITE,ziyadnz/hourly-ipv4,ziyadnz|hourly,2026-08-17T18:48:05Z,2026-08-17T18:48:05Z,
211.107.194.229,ipv4,malicious-ip,medium,WHITE,ziyadnz/hourly-ipv4,ziyadnz|hourly,2026-08-17T18:48:05Z,2026-08-17T18:48:05Z,
211.109.22.43,ipv4,malicious-ip,medium,WHITE,ziyadnz/hourly-ipv4,ziyadnz|hourly,2026-08-17T18:48:05Z,2026-08-17T18:48:05Z,
211.114.251.145,ipv4,malicious-ip,medium,WHITE,ziyadnz/hourly-ipv4,ziyadnz|hourly,2026-08-17T18:48:05Z,2026-08-17T18:48:05Z,
211.114.40.201,ipv4,malicious-ip,medium,WHITE,ziyadnz/hourly-ipv4,ziyadnz|hourly,2026-08-17T18:48:05Z,2026-08-17T18:48:05Z,
211.114.81.212,ipv4,malicious-ip,medium,WHITE,ziyadnz/hourly-ipv4,ziyadnz|hourly,2026-08-17T18:48:05Z,2026-08-17T18:48:05Z,
211.118.203.191,ipv4,malicious-ip,medium,WHITE,ziyadnz/hourly-ipv4,ziyadnz|hourly,2026-08-17T18:48:05Z,2026-08-17T18:48:05Z,
211.119.11.203,ipv4,malicious-ip,medium,WHITE,ziyadnz/hourly-ipv4,ziyadnz|hourly,2026-08-17T18:48:05Z,2026-08-17T18:48:05Z,
211.136.169.86,ipv4,malicious-ip,medium,WHITE,ziyadnz/hourly-ipv4,ziyadnz|hourly,2026-08-17T18:48:05Z,2026-08-17T18:48:05Z,
211.137.127.182,ipv4,malicious-ip,medium,WHITE,ziyadnz/hourly-ipv4,ziyadnz|hourly,2026-08-17T18:48:05Z,2026-08-17T18:48:05Z,
211.137.203.98,ipv4,malicious-ip,medium,WHITE,ziyadnz/hourly-ipv4,ziyadnz|hourly,2026-08-17T18:48:05Z,2026-08-17T18:48:05Z,
211.137.24.101,ipv4,malicious-ip,medium,WHITE,ziyadnz/hourly-ipv4,ziyadnz|hourly,2026-08-17T18:48:05Z,2026-08-17T18:48:05Z,
211.137.24.98,ipv4,malicious-ip,medium,WHITE,ziyadnz/hourly-ipv4,ziyadnz|hourly,2026-08-17T18:48:05Z,2026-08-17T18:48:05Z,
211.137.77.16,ipv4,malicious-ip,medium,WHITE,ziyadnz/hourly-ipv4,ziyadnz|hourly,2026-08-17T18:48:05Z,2026-08-17T18:48:05Z,
211.137.77.19,ipv4,malicious-ip,medium,WHITE,ziyadnz/hourly-ipv4,ziyadnz|hourly,2026-08-17T18:48:05Z,2026-08-17T18:48:05Z,
211.137.77.21,ipv4,malicious-ip,medium,WHITE,ziyadnz/hourly-ipv4,ziyadnz|hourly,2026-08-17T18:48:05Z,2026-08-17T18:48:05Z,
211.138.170.70,ipv4,malicious-ip,medium,WHITE,ziyadnz/hourly-ipv4,ziyadnz|hourly,2026-08-17T18:48:05Z,2026-08-17T18:48:05Z,
211.138.6.45,ipv4,malicious-ip,medium,WHITE,ziyadnz/hourly-ipv4,ziyadnz|hourly,2026-08-17T18:48:05Z,2026-08-17T18:48:05Z,
211.139.7.2,ipv4,malicious-ip,medium,WHITE,ziyadnz/hourly-ipv4,ziyadnz|hourly,2026-08-17T18:48:05Z,2026-08-17T18:48:05Z,
211.139.7.3,ipv4,malicious-ip,medium,WHITE,ziyadnz/hourly-ipv4,ziyadnz|hourly,2026-08-17T18:48:05Z,2026-08-17T18:48:05Z,
211.139.7.6,ipv4,malicious-ip,medium,WHITE,ziyadnz/hourly-ipv4,ziyadnz|hourly,2026-08-17T18:48:05Z,2026-08-17T18:48:05Z,
211.139.7.7,ipv4,malicious-ip,medium,WHITE,ziyadnz/hourly-ipv4,ziyadnz|hourly,2026-08-17T18:48:05Z,2026-08-17T18:48:05Z,
211.140.151.11,ipv4,malicious-ip,medium,WHITE,ziyadnz/hourly-ipv4,ziyadnz|hourly,2026-08-17T18:48:05Z,2026-08-17T18:48:05Z,
211.142.56.18,ipv4,malicious-ip,medium,WHITE,ziyadnz/hourly-ipv4,ziyadnz|hourly,2026-08-17T18:48:05Z,2026-08-17T18:48:05Z,
211.143.198.163,ipv4,malicious-ip,medium,WHITE,ziyadnz/hourly-ipv4,ziyadnz|hourly,2026-08-17T18:48:05Z,2026-08-17T18:48:05Z,
211.143.198.208,ipv4,malicious-ip,medium,WHITE,ziyadnz/hourly-ipv4,ziyadnz|hourly,2026-08-17T18:48:05Z,2026-08-17T18:48:05Z,
211.143.87.58,ipv4,malicious-ip,medium,WHITE,ziyadnz/hourly-ipv4,ziyadnz|hourly,2026-08-17T18:48:05Z,2026-08-17T18:48:05Z,
211.144.146.93,ipv4,malicious-ip,medium,WHITE,ziyadnz/hourly-ipv4,ziyadnz|hourly,2026-08-17T18:48:05Z,2026-08-17T18:48:05Z,
211.145.38.32,ipv4,malicious-ip,medium,WHITE,ziyadnz/hourly-ipv4,ziyadnz|hourly,2026-08-17T18:48:05Z,2026-08-17T18:48:05Z,
211.145.38.60,ipv4,malicious-ip,medium,WHITE,ziyadnz/hourly-ipv4,ziyadnz|hourly,2026-08-17T18:48:05Z,2026-08-17T18:48:05Z,
211.145.71.32,ipv4,malicious-ip,medium,WHITE,ziyadnz/hourly-ipv4,ziyadnz|hourly,2026-08-17T18:48:05Z,2026-08-17T18:48:05Z,
211.149.131.113,ipv4,malicious-ip,medium,WHITE,ziyadnz/hourly-ipv4,ziyadnz|hourly,2026-08-17T18:48:05Z,2026-08-17T18:48:05Z,
211.149.226.212,ipv4,malicious-ip,medium,WHITE,ziyadnz/hourly-ipv4,ziyadnz|hourly,2026-08-17T18:48:05Z,2026-08-17T18:48:05Z,
211.149.227.24,ipv4,malicious-ip,medium,WHITE,ziyadnz/hourly-ipv4,ziyadnz|hourly,2026-08-17T18:48:05Z,2026-08-17T18:48:05Z,
211.154.25.218,ipv4,malicious-ip,medium,WHITE,ziyadnz/hourly-ipv4,ziyadnz|hourly,2026-08-17T18:48:05Z,2026-08-17T18:48:05Z,
211.157.179.157,ipv4,malicious-ip,medium,WHITE,ziyadnz/hourly-ipv4,ziyadnz|hourly,2026-08-17T18:48:05Z,2026-08-17T18:48:05Z,
211.159.146.93,ipv4,malicious-ip,medium,WHITE,ziyadnz/hourly-ipv4,ziyadnz|hourly,2026-08-17T18:48:05Z,2026-08-17T18:48:05Z,
211.159.167.77,ipv4,malicious-ip,medium,WHITE,ziyadnz/hourly-ipv4,ziyadnz|hourly,2026-08-17T18:48:05Z,2026-08-17T18:48:05Z,
211.159.169.182,ipv4,malicious-ip,medium,WHITE,ziyadnz/hourly-ipv4,ziyadnz|hourly,2026-08-17T18:48:05Z,2026-08-17T18:48:05Z,
211.170.168.202,ipv4,malicious-ip,medium,WHITE,ziyadnz/hourly-ipv4,ziyadnz|hourly,2026-08-17T18:48:05Z,2026-08-17T18:48:05Z,
211.170.92.164,ipv4,malicious-ip,medium,WHITE,ziyadnz/hourly-ipv4,ziyadnz|hourly,2026-08-17T18:48:05Z,2026-08-17T18:48:05Z,
211.171.233.126,ipv4,malicious-ip,medium,WHITE,ziyadnz/hourly-ipv4,ziyadnz|hourly,2026-08-17T18:48:05Z,2026-08-17T18:48:05Z,
211.171.233.129,ipv4,malicious-ip,medium,WHITE,ziyadnz/hourly-ipv4,ziyadnz|hourly,2026-08-17T18:48:05Z,2026-08-17T18:48:05Z,
211.176.84.195,ipv4,malicious-ip,medium,WHITE,ziyadnz/hourly-ipv4,ziyadnz|hourly,2026-08-17T18:48:05Z,2026-08-17T18:48:05Z,
211.184.44.93,ipv4,malicious-ip,medium,WHITE,ziyadnz/hourly-ipv4,ziyadnz|hourly,2026-08-17T18:48:05Z,2026-08-17T18:48:05Z,
211.184.51.215,ipv4,malicious-ip,medium,WHITE,ziyadnz/hourly-ipv4,ziyadnz|hourly,2026-08-17T18:48:05Z,2026-08-17T18:48:05Z,
211.184.53.155,ipv4,malicious-ip,medium,WHITE,ziyadnz/hourly-ipv4,ziyadnz|hourly,2026-08-17T18:48:05Z,2026-08-17T18:48:05Z,
211.185.14.237,ipv4,malicious-ip,medium,WHITE,ziyadnz/hourly-ipv4,ziyadnz|hourly,2026-08-17T18:48:05Z,2026-08-17T18:48:05Z,
211.186.79.173,ipv4,malicious-ip,medium,WHITE,ziyadnz/hourly-ipv4,ziyadnz|hourly,2026-08-17T18:48:05Z,2026-08-17T18:48:05Z,
211.187.7.14,ipv4,malicious-ip,medium,WHITE,ziyadnz/hourly-ipv4,ziyadnz|hourly,2026-08-17T18:48:05Z,2026-08-17T18:48:05Z,
211.192.42.213,ipv4,malicious-ip,medium,WHITE,ziyadnz/hourly-ipv4,ziyadnz|hourly,2026-08-17T18:48:05Z,2026-08-17T18:48:05Z,
211.193.249.210,ipv4,malicious-ip,medium,WHITE,ziyadnz/hourly-ipv4,ziyadnz|hourly,2026-08-17T18:48:05Z,2026-08-17T18:48:05Z,
211.193.250.33,ipv4,malicious-ip,medium,WHITE,ziyadnz/hourly-ipv4,ziyadnz|hourly,2026-08-17T18:48:05Z,2026-08-17T18:48:05Z,
211.194.151.207,ipv4,malicious-ip,medium,WHITE,ziyadnz/hourly-ipv4,ziyadnz|hourly,2026-08-17T18:48:05Z,2026-08-17T18:48:05Z,
211.194.163.107,ipv4,malicious-ip,medium,WHITE,ziyadnz/hourly-ipv4,ziyadnz|hourly,2026-08-17T18:48:05Z,2026-08-17T18:48:05Z,
211.195.203.130,ipv4,malicious-ip,medium,WHITE,ziyadnz/hourly-ipv4,ziyadnz|hourly,2026-08-17T18:48:05Z,2026-08-17T18:48:05Z,
211.196.178.62,ipv4,malicious-ip,medium,WHITE,ziyadnz/hourly-ipv4,ziyadnz|hourly,2026-08-17T18:48:05Z,2026-08-17T18:48:05Z,
211.198.128.124,ipv4,malicious-ip,medium,WHITE,ziyadnz/hourly-ipv4,ziyadnz|hourly,2026-08-17T18:48:05Z,2026-08-17T18:48:05Z,
211.199.145.131,ipv4,malicious-ip,medium,WHITE,ziyadnz/hourly-ipv4,ziyadnz|hourly,2026-08-17T18:48:05Z,2026-08-17T18:48:05Z,
211.199.165.223,ipv4,malicious-ip,medium,WHITE,ziyadnz/hourly-ipv4,ziyadnz|hourly,2026-08-17T18:48:05Z,2026-08-17T18:48:05Z,
211.199.255.53,ipv4,malicious-ip,medium,WHITE,ziyadnz/hourly-ipv4,ziyadnz|hourly,2026-08-17T18:48:05Z,2026-08-17T18:48:05Z,
211.20.129.143,ipv4,malicious-ip,medium,WHITE,ziyadnz/hourly-ipv4,ziyadnz|hourly,2026-08-17T18:48:05Z,2026-08-17T18:48:05Z,
211.20.23.187,ipv4,malicious-ip,medium,WHITE,ziyadnz/hourly-ipv4,ziyadnz|hourly,2026-08-17T18:48:05Z,2026-08-17T18:48:05Z,
211.20.51.25,ipv4,malicious-ip,medium,WHITE,ziyadnz/hourly-ipv4,ziyadnz|hourly,2026-08-17T18:48:05Z,2026-08-17T18:48:05Z,
211.208.149.156,ipv4,malicious-ip,medium,WHITE,ziyadnz/hourly-ipv4,ziyadnz|hourly,2026-08-17T18:48:05Z,2026-08-17T18:48:05Z,
211.208.151.31,ipv4,malicious-ip,medium,WHITE,ziyadnz/hourly-ipv4,ziyadnz|hourly,2026-08-17T18:48:05Z,2026-08-17T18:48:05Z,
211.21.148.84,ipv4,malicious-ip,medium,WHITE,ziyadnz/hourly-ipv4,ziyadnz|hourly,2026-08-17T18:48:05Z,2026-08-17T18:48:05Z,
211.21.243.7,ipv4,malicious-ip,medium,WHITE,ziyadnz/hourly-ipv4,ziyadnz|hourly,2026-08-17T18:48:05Z,2026-08-17T18:48:05Z,
211.210.236.68,ipv4,malicious-ip,medium,WHITE,ziyadnz/hourly-ipv4,ziyadnz|hourly,2026-08-17T18:48:05Z,2026-08-17T18:48:05Z,
211.211.208.113,ipv4,malicious-ip,medium,WHITE,ziyadnz/hourly-ipv4,ziyadnz|hourly,2026-08-17T18:48:05Z,2026-08-17T18:48:05Z,
211.212.51.242,ipv4,malicious-ip,medium,WHITE,ziyadnz/hourly-ipv4,ziyadnz|hourly,2026-08-17T18:48:05Z,2026-08-17T18:48:05Z,
211.213.96.171,ipv4,malicious-ip,medium,WHITE,ziyadnz/hourly-ipv4,ziyadnz|hourly,2026-08-17T18:48:05Z,2026-08-17T18:48:05Z,
211.217.108.4,ipv4,malicious-ip,medium,WHITE,ziyadnz/hourly-ipv4,ziyadnz|hourly,2026-08-17T18:48:05Z,2026-08-17T18:48:05Z,
211.217.203.165,ipv4,malicious-ip,medium,WHITE,ziyadnz/hourly-ipv4,ziyadnz|hourly,2026-08-17T18:48:05Z,2026-08-17T18:48:05Z,
211.217.29.199,ipv4,malicious-ip,medium,WHITE,ziyadnz/hourly-ipv4,ziyadnz|hourly,2026-08-17T18:48:05Z,2026-08-17T18:48:05Z,
211.219.22.213,ipv4,malicious-ip,medium,WHITE,ziyadnz/hourly-ipv4,ziyadnz|hourly,2026-08-17T18:48:05Z,2026-08-17T18:48:05Z,
211.219.243.53,ipv4,malicious-ip,medium,WHITE,ziyadnz/hourly-ipv4,ziyadnz|hourly,2026-08-17T18:48:05Z,2026-08-17T18:48:05Z,
211.219.254.187,ipv4,malicious-ip,medium,WHITE,ziyadnz/hourly-ipv4,ziyadnz|hourly,2026-08-17T18:48:05Z,2026-08-17T18:48:05Z,
211.22.131.70,ipv4,malicious-ip,medium,WHITE,ziyadnz/hourly-ipv4,ziyadnz|hourly,2026-08-17T18:48:05Z,2026-08-17T18:48:05Z,
211.22.222.251,ipv4,malicious-ip,medium,WHITE,ziyadnz/hourly-ipv4,ziyadnz|hourly,2026-08-17T18:48:05Z,2026-08-17T18:48:05Z,
211.22.223.20,ipv4,malicious-ip,medium,WHITE,ziyadnz/hourly-ipv4,ziyadnz|hourly,2026-08-17T18:48:05Z,2026-08-17T18:48:05Z,
211.22.241.177,ipv4,malicious-ip,medium,WHITE,ziyadnz/hourly-ipv4,ziyadnz|hourly,2026-08-17T18:48:05Z,2026-08-17T18:48:05Z,
211.22.25.205,ipv4,malicious-ip,medium,WHITE,ziyadnz/hourly-ipv4,ziyadnz|hourly,2026-08-17T18:48:05Z,2026-08-17T18:48:05Z,
211.22.63.144,ipv4,malicious-ip,medium,WHITE,ziyadnz/hourly-ipv4,ziyadnz|hourly,2026-08-17T18:48:05Z,2026-08-17T18:48:05Z,
211.220.156.232,ipv4,malicious-ip,medium,WHITE,ziyadnz/hourly-ipv4,ziyadnz|hourly,2026-08-17T18:48:05Z,2026-08-17T18:48:05Z,
211.221.102.51,ipv4,malicious-ip,medium,WHITE,ziyadnz/hourly-ipv4,ziyadnz|hourly,2026-08-17T18:48:05Z,2026-08-17T18:48:05Z,
211.221.121.74,ipv4,malicious-ip,medium,WHITE,ziyadnz/hourly-ipv4,ziyadnz|hourly,2026-08-17T18:48:05Z,2026-08-17T18:48:05Z,
211.221.158.216,ipv4,malicious-ip,medium,WHITE,ziyadnz/hourly-ipv4,ziyadnz|hourly,2026-08-17T18:48:05Z,2026-08-17T18:48:05Z,
211.221.215.114,ipv4,malicious-ip,medium,WHITE,ziyadnz/hourly-ipv4,ziyadnz|hourly,2026-08-17T18:48:05Z,2026-08-17T18:48:05Z,
211.223.179.252,ipv4,malicious-ip,medium,WHITE,ziyadnz/hourly-ipv4,ziyadnz|hourly,2026-08-17T18:48:05Z,2026-08-17T18:48:05Z,
211.227.185.88,ipv4,malicious-ip,medium,WHITE,ziyadnz/hourly-ipv4,ziyadnz|hourly,2026-08-17T18:48:05Z,2026-08-17T18:48:05Z,
211.228.103.46,ipv4,malicious-ip,medium,WHITE,ziyadnz/hourly-ipv4,ziyadnz|hourly,2026-08-17T18:48:05Z,2026-08-17T18:48:05Z,
211.228.114.53,ipv4,malicious-ip,medium,WHITE,ziyadnz/hourly-ipv4,ziyadnz|hourly,2026-08-17T18:48:05Z,2026-08-17T18:48:05Z,
211.228.218.47,ipv4,malicious-ip,medium,WHITE,ziyadnz/hourly-ipv4,ziyadnz|hourly,2026-08-17T18:48:05Z,2026-08-17T18:48:05Z,
211.228.76.180,ipv4,malicious-ip,medium,WHITE,ziyadnz/hourly-ipv4,ziyadnz|hourly,2026-08-17T18:48:05Z,2026-08-17T18:48:05Z,
211.228.80.208,ipv4,malicious-ip,medium,WHITE,ziyadnz/hourly-ipv4,ziyadnz|hourly,2026-08-17T18:48:05Z,2026-08-17T18:48:05Z,
211.228.83.42,ipv4,malicious-ip,medium,WHITE,ziyadnz/hourly-ipv4,ziyadnz|hourly,2026-08-17T18:48:05Z,2026-08-17T18:48:05Z,
211.228.91.157,ipv4,malicious-ip,medium,WHITE,ziyadnz/hourly-ipv4,ziyadnz|hourly,2026-08-17T18:48:05Z,2026-08-17T18:48:05Z,
211.23.109.116,ipv4,malicious-ip,medium,WHITE,ziyadnz/hourly-ipv4,ziyadnz|hourly,2026-08-17T18:48:05Z,2026-08-17T18:48:05Z,
211.23.16.239,ipv4,malicious-ip,medium,WHITE,ziyadnz/hourly-ipv4,ziyadnz|hourly,2026-08-17T18:48:05Z,2026-08-17T18:48:05Z,
211.23.246.94,ipv4,malicious-ip,medium,WHITE,ziyadnz/hourly-ipv4,ziyadnz|hourly,2026-08-17T18:48:05Z,2026-08-17T18:48:05Z,
211.23.248.164,ipv4,malicious-ip,medium,WHITE,ziyadnz/hourly-ipv4,ziyadnz|hourly,2026-08-17T18:48:05Z,2026-08-17T18:48:05Z,
211.235.49.147,ipv4,malicious-ip,medium,WHITE,ziyadnz/hourly-ipv4,ziyadnz|hourly,2026-08-17T18:48:05Z,2026-08-17T18:48:05Z,
211.24.107.72,ipv4,malicious-ip,medium,WHITE,ziyadnz/hourly-ipv4,ziyadnz|hourly,2026-08-17T18:48:05Z,2026-08-17T18:48:05Z,
211.24.78.174,ipv4,malicious-ip,medium,WHITE,ziyadnz/hourly-ipv4,ziyadnz|hourly,2026-08-17T18:48:05Z,2026-08-17T18:48:05Z,
211.240.117.40,ipv4,malicious-ip,medium,WHITE,ziyadnz/hourly-ipv4,ziyadnz|hourly,2026-08-17T18:48:05Z,2026-08-17T18:48:05Z,
211.240.117.71,ipv4,malicious-ip,medium,WHITE,ziyadnz/hourly-ipv4,ziyadnz|hourly,2026-08-17T18:48:05Z,2026-08-17T18:48:05Z,
211.240.117.75,ipv4,malicious-ip,medium,WHITE,ziyadnz/hourly-ipv4,ziyadnz|hourly,2026-08-17T18:48:05Z,2026-08-17T18:48:05Z,
211.245.203.177,ipv4,malicious-ip,medium,WHITE,ziyadnz/hourly-ipv4,ziyadnz|hourly,2026-08-17T18:48:05Z,2026-08-17T18:48:05Z,
211.245.36.214,ipv4,malicious-ip,medium,WHITE,ziyadnz/hourly-ipv4,ziyadnz|hourly,2026-08-17T18:48:05Z,2026-08-17T18:48:05Z,
211.246.177.37,ipv4,malicious-ip,medium,WHITE,ziyadnz/hourly-ipv4,ziyadnz|hourly,2026-08-17T18:48:05Z,2026-08-17T18:48:05Z,
211.246.177.69,ipv4,malicious-ip,medium,WHITE,ziyadnz/hourly-ipv4,ziyadnz|hourly,2026-08-17T18:48:05Z,2026-08-17T18:48:05Z,
211.25.241.153,ipv4,malicious-ip,medium,WHITE,ziyadnz/hourly-ipv4,ziyadnz|hourly,2026-08-17T18:48:05Z,2026-08-17T18:48:05Z,
211.250.26.54,ipv4,malicious-ip,medium,WHITE,ziyadnz/hourly-ipv4,ziyadnz|hourly,2026-08-17T18:48:05Z,2026-08-17T18:48:05Z,
211.251.11.198,ipv4,malicious-ip,medium,WHITE,ziyadnz/hourly-ipv4,ziyadnz|hourly,2026-08-17T18:48:05Z,2026-08-17T18:48:05Z,
211.251.201.47,ipv4,malicious-ip,medium,WHITE,ziyadnz/hourly-ipv4,ziyadnz|hourly,2026-08-17T18:48:05Z,2026-08-17T18:48:05Z,
211.251.211.180,ipv4,malicious-ip,medium,WHITE,ziyadnz/hourly-ipv4,ziyadnz|hourly,2026-08-17T18:48:05Z,2026-08-17T18:48:05Z,
211.252.102.144,ipv4,malicious-ip,medium,WHITE,ziyadnz/hourly-ipv4,ziyadnz|hourly,2026-08-17T18:48:05Z,2026-08-17T18:48:05Z,
211.252.172.89,ipv4,malicious-ip,medium,WHITE,ziyadnz/hourly-ipv4,ziyadnz|hourly,2026-08-17T18:48:05Z,2026-08-17T18:48:05Z,
211.252.191.68,ipv4,malicious-ip,medium,WHITE,ziyadnz/hourly-ipv4,ziyadnz|hourly,2026-08-17T18:48:05Z,2026-08-17T18:48:05Z,
211.252.85.97,ipv4,malicious-ip,medium,WHITE,ziyadnz/hourly-ipv4,ziyadnz|hourly,2026-08-17T18:48:05Z,2026-08-17T18:48:05Z,
211.252.94.26,ipv4,malicious-ip,medium,WHITE,ziyadnz/hourly-ipv4,ziyadnz|hourly,2026-08-17T18:48:05Z,2026-08-17T18:48:05Z,
211.252.96.146,ipv4,malicious-ip,medium,WHITE,ziyadnz/hourly-ipv4,ziyadnz|hourly,2026-08-17T18:48:05Z,2026-08-17T18:48:05Z,
211.252.98.159,ipv4,malicious-ip,medium,WHITE,ziyadnz/hourly-ipv4,ziyadnz|hourly,2026-08-17T18:48:05Z,2026-08-17T18:48:05Z,
211.253.10.96,ipv4,malicious-ip,medium,WHITE,ziyadnz/hourly-ipv4,ziyadnz|hourly,2026-08-17T18:48:05Z,2026-08-17T18:48:05Z,
211.253.24.216,ipv4,malicious-ip,medium,WHITE,ziyadnz/hourly-ipv4,ziyadnz|hourly,2026-08-17T18:48:05Z,2026-08-17T18:48:05Z,
211.34.255.22,ipv4,malicious-ip,medium,WHITE,ziyadnz/hourly-ipv4,ziyadnz|hourly,2026-08-17T18:48:05Z,2026-08-17T18:48:05Z,
211.37.174.180,ipv4,malicious-ip,medium,WHITE,ziyadnz/hourly-ipv4,ziyadnz|hourly,2026-08-17T18:48:05Z,2026-08-17T18:48:05Z,
211.37.174.62,ipv4,malicious-ip,medium,WHITE,ziyadnz/hourly-ipv4,ziyadnz|hourly,2026-08-17T18:48:05Z,2026-08-17T18:48:05Z,
211.38.82.215,ipv4,malicious-ip,medium,WHITE,ziyadnz/hourly-ipv4,ziyadnz|hourly,2026-08-17T18:48:05Z,2026-08-17T18:48:05Z,
211.40.167.121,ipv4,malicious-ip,medium,WHITE,ziyadnz/hourly-ipv4,ziyadnz|hourly,2026-08-17T18:48:05Z,2026-08-17T18:48:05Z,
211.40.207.138,ipv4,malicious-ip,medium,WHITE,ziyadnz/hourly-ipv4,ziyadnz|hourly,2026-08-17T18:48:05Z,2026-08-17T18:48:05Z,
211.43.120.12,ipv4,malicious-ip,medium,WHITE,ziyadnz/hourly-ipv4,ziyadnz|hourly,2026-08-17T18:48:05Z,2026-08-17T18:48:05Z,
211.43.16.164,ipv4,malicious-ip,medium,WHITE,ziyadnz/hourly-ipv4,ziyadnz|hourly,2026-08-17T18:48:05Z,2026-08-17T18:48:05Z,
211.43.19.73,ipv4,malicious-ip,medium,WHITE,ziyadnz/hourly-ipv4,ziyadnz|hourly,2026-08-17T18:48:05Z,2026-08-17T18:48:05Z,
211.43.22.205,ipv4,malicious-ip,medium,WHITE,ziyadnz/hourly-ipv4,ziyadnz|hourly,2026-08-17T18:48:05Z,2026-08-17T18:48:05Z,
211.46.188.16,ipv4,malicious-ip,medium,WHITE,ziyadnz/hourly-ipv4,ziyadnz|hourly,2026-08-17T18:48:05Z,2026-08-17T18:48:05Z,
211.46.87.99,ipv4,malicious-ip,medium,WHITE,ziyadnz/hourly-ipv4,ziyadnz|hourly,2026-08-17T18:48:05Z,2026-08-17T18:48:05Z,
211.47.82.173,ipv4,malicious-ip,medium,WHITE,ziyadnz/hourly-ipv4,ziyadnz|hourly,2026-08-17T18:48:05Z,2026-08-17T18:48:05Z,
211.51.216.221,ipv4,malicious-ip,medium,WHITE,ziyadnz/hourly-ipv4,ziyadnz|hourly,2026-08-17T18:48:05Z,2026-08-17T18:48:05Z,
211.51.36.18,ipv4,malicious-ip,medium,WHITE,ziyadnz/hourly-ipv4,ziyadnz|hourly,2026-08-17T18:48:05Z,2026-08-17T18:48:05Z,
211.53.113.224,ipv4,malicious-ip,medium,WHITE,ziyadnz/hourly-ipv4,ziyadnz|hourly,2026-08-17T18:48:05Z,2026-08-17T18:48:05Z,
211.53.113.225,ipv4,malicious-ip,medium,WHITE,ziyadnz/hourly-ipv4,ziyadnz|hourly,2026-08-17T18:48:05Z,2026-08-17T18:48:05Z,
211.54.181.231,ipv4,malicious-ip,medium,WHITE,ziyadnz/hourly-ipv4,ziyadnz|hourly,2026-08-17T18:48:05Z,2026-08-17T18:48:05Z,
211.54.212.103,ipv4,malicious-ip,medium,WHITE,ziyadnz/hourly-ipv4,ziyadnz|hourly,2026-08-17T18:48:05Z,2026-08-17T18:48:05Z,
211.54.230.131,ipv4,malicious-ip,medium,WHITE,ziyadnz/hourly-ipv4,ziyadnz|hourly,2026-08-17T18:48:05Z,2026-08-17T18:48:05Z,
211.58.243.206,ipv4,malicious-ip,medium,WHITE,ziyadnz/hourly-ipv4,ziyadnz|hourly,2026-08-17T18:48:05Z,2026-08-17T18:48:05Z,
211.62.96.42,ipv4,malicious-ip,medium,WHITE,ziyadnz/hourly-ipv4,ziyadnz|hourly,2026-08-17T18:48:05Z,2026-08-17T18:48:05Z,
211.63.214.90,ipv4,malicious-ip,medium,WHITE,ziyadnz/hourly-ipv4,ziyadnz|hourly,2026-08-17T18:48:05Z,2026-08-17T18:48:05Z,
211.72.100.146,ipv4,malicious-ip,medium,WHITE,ziyadnz/hourly-ipv4,ziyadnz|hourly,2026-08-17T18:48:05Z,2026-08-17T18:48:05Z,
211.72.129.211,ipv4,malicious-ip,medium,WHITE,ziyadnz/hourly-ipv4,ziyadnz|hourly,2026-08-17T18:48:05Z,2026-08-17T18:48:05Z,
211.72.129.212,ipv4,malicious-ip,medium,WHITE,ziyadnz/hourly-ipv4,ziyadnz|hourly,2026-08-17T18:48:05Z,2026-08-17T18:48:05Z,
211.72.138.183,ipv4,malicious-ip,medium,WHITE,ziyadnz/hourly-ipv4,ziyadnz|hourly,2026-08-17T18:48:05Z,2026-08-17T18:48:05Z,
211.72.236.224,ipv4,malicious-ip,medium,WHITE,ziyadnz/hourly-ipv4,ziyadnz|hourly,2026-08-17T18:48:05Z,2026-08-17T18:48:05Z,
211.72.55.179,ipv4,malicious-ip,medium,WHITE,ziyadnz/hourly-ipv4,ziyadnz|hourly,2026-08-17T18:48:05Z,2026-08-17T18:48:05Z,
211.73.177.140,ipv4,malicious-ip,medium,WHITE,ziyadnz/hourly-ipv4,ziyadnz|hourly,2026-08-17T18:48:05Z,2026-08-17T18:48:05Z,
211.75.141.228,ipv4,malicious-ip,medium,WHITE,ziyadnz/hourly-ipv4,ziyadnz|hourly,2026-08-17T18:48:05Z,2026-08-17T18:48:05Z,
211.75.164.131,ipv4,malicious-ip,medium,WHITE,ziyadnz/hourly-ipv4,ziyadnz|hourly,2026-08-17T18:48:05Z,2026-08-17T18:48:05Z,
211.75.195.185,ipv4,malicious-ip,medium,WHITE,ziyadnz/hourly-ipv4,ziyadnz|hourly,2026-08-17T18:48:05Z,2026-08-17T18:48:05Z,
211.75.210.109,ipv4,malicious-ip,medium,WHITE,ziyadnz/hourly-ipv4,ziyadnz|hourly,2026-08-17T18:48:05Z,2026-08-17T18:48:05Z,
211.75.227.44,ipv4,malicious-ip,medium,WHITE,ziyadnz/hourly-ipv4,ziyadnz|hourly,2026-08-17T18:48:05Z,2026-08-17T18:48:05Z,
211.75.230.140,ipv4,malicious-ip,medium,WHITE,ziyadnz/hourly-ipv4,ziyadnz|hourly,2026-08-17T18:48:05Z,2026-08-17T18:48:05Z,
211.75.239.104,ipv4,malicious-ip,medium,WHITE,ziyadnz/hourly-ipv4,ziyadnz|hourly,2026-08-17T18:48:05Z,2026-08-17T18:48:05Z,
211.75.38.154,ipv4,malicious-ip,medium,WHITE,ziyadnz/hourly-ipv4,ziyadnz|hourly,2026-08-17T18:48:05Z,2026-08-17T18:48:05Z,
211.75.78.220,ipv4,malicious-ip,medium,WHITE,ziyadnz/hourly-ipv4,ziyadnz|hourly,2026-08-17T18:48:05Z,2026-08-17T18:48:05Z,
211.90.219.149,ipv4,malicious-ip,medium,WHITE,ziyadnz/hourly-ipv4,ziyadnz|hourly,2026-08-17T18:48:05Z,2026-08-17T18:48:05Z,
211.93.6.230,ipv4,malicious-ip,medium,WHITE,ziyadnz/hourly-ipv4,ziyadnz|hourly,2026-08-17T18:48:05Z,2026-08-17T18:48:05Z,
211.97.111.98,ipv4,malicious-ip,medium,WHITE,ziyadnz/hourly-ipv4,ziyadnz|hourly,2026-08-17T18:48:05Z,2026-08-17T18:48:05Z,
211.97.69.110,ipv4,malicious-ip,medium,WHITE,ziyadnz/hourly-ipv4,ziyadnz|hourly,2026-08-17T18:48:05Z,2026-08-17T18:48:05Z,
211.99.97.239,ipv4,malicious-ip,medium,WHITE,ziyadnz/hourly-ipv4,ziyadnz|hourly,2026-08-17T18:48:05Z,2026-08-17T18:48:05Z,
212.1.93.46,ipv4,malicious-ip,medium,WHITE,ziyadnz/hourly-ipv4,ziyadnz|hourly,2026-08-17T18:48:05Z,2026-08-17T18:48:05Z,
212.100.152.142,ipv4,malicious-ip,medium,WHITE,ziyadnz/hourly-ipv4,ziyadnz|hourly,2026-08-17T18:48:05Z,2026-08-17T18:48:05Z,
212.100.50.232,ipv4,malicious-ip,medium,WHITE,ziyadnz/hourly-ipv4,ziyadnz|hourly,2026-08-17T18:48:05Z,2026-08-17T18:48:05Z,
212.100.63.141,ipv4,malicious-ip,medium,WHITE,ziyadnz/hourly-ipv4,ziyadnz|hourly,2026-08-17T18:48:05Z,2026-08-17T18:48:05Z,
212.100.67.239,ipv4,malicious-ip,medium,WHITE,ziyadnz/hourly-ipv4,ziyadnz|hourly,2026-08-17T18:48:05Z,2026-08-17T18:48:05Z,
212.102.227.2,ipv4,malicious-ip,medium,WHITE,ziyadnz/hourly-ipv4,ziyadnz|hourly,2026-08-17T18:48:05Z,2026-08-17T18:48:05Z,
212.102.255.102,ipv4,malicious-ip,medium,WHITE,ziyadnz/hourly-ipv4,ziyadnz|hourly,2026-08-17T18:48:05Z,2026-08-17T18:48:05Z,
212.102.39.26,ipv4,malicious-ip,medium,WHITE,ziyadnz/hourly-ipv4,ziyadnz|hourly,2026-08-17T18:48:05Z,2026-08-17T18:48:05Z,
212.102.39.49,ipv4,malicious-ip,medium,WHITE,ziyadnz/hourly-ipv4,ziyadnz|hourly,2026-08-17T18:48:05Z,2026-08-17T18:48:05Z,
212.102.39.69,ipv4,malicious-ip,medium,WHITE,ziyadnz/hourly-ipv4,ziyadnz|hourly,2026-08-17T18:48:05Z,2026-08-17T18:48:05Z,
212.102.39.87,ipv4,malicious-ip,medium,WHITE,ziyadnz/hourly-ipv4,ziyadnz|hourly,2026-08-17T18:48:05Z,2026-08-17T18:48:05Z,
212.102.40.218,ipv4,malicious-ip,medium,WHITE,ziyadnz/hourly-ipv4,ziyadnz|hourly,2026-08-17T18:48:05Z,2026-08-17T18:48:05Z,
212.102.41.23,ipv4,malicious-ip,medium,WHITE,ziyadnz/hourly-ipv4,ziyadnz|hourly,2026-08-17T18:48:05Z,2026-08-17T18:48:05Z,
212.102.63.55,ipv4,malicious-ip,medium,WHITE,ziyadnz/hourly-ipv4,ziyadnz|hourly,2026-08-17T18:48:05Z,2026-08-17T18:48:05Z,
212.102.63.58,ipv4,malicious-ip,medium,WHITE,ziyadnz/hourly-ipv4,ziyadnz|hourly,2026-08-17T18:48:05Z,2026-08-17T18:48:05Z,
212.103.58.53,ipv4,malicious-ip,medium,WHITE,ziyadnz/hourly-ipv4,ziyadnz|hourly,2026-08-17T18:48:05Z,2026-08-17T18:48:05Z,
212.104.183.242,ipv4,malicious-ip,medium,WHITE,ziyadnz/hourly-ipv4,ziyadnz|hourly,2026-08-17T18:48:05Z,2026-08-17T18:48:05Z,
212.104.228.115,ipv4,malicious-ip,medium,WHITE,ziyadnz/hourly-ipv4,ziyadnz|hourly,2026-08-17T18:48:05Z,2026-08-17T18:48:05Z,
212.104.70.143,ipv4,malicious-ip,medium,WHITE,ziyadnz/hourly-ipv4,ziyadnz|hourly,2026-08-17T18:48:05Z,2026-08-17T18:48:05Z,
212.106.68.96,ipv4,malicious-ip,medium,WHITE,ziyadnz/hourly-ipv4,ziyadnz|hourly,2026-08-17T18:48:05Z,2026-08-17T18:48:05Z,
212.107.233.209,ipv4,malicious-ip,medium,WHITE,ziyadnz/hourly-ipv4,ziyadnz|hourly,2026-08-17T18:48:05Z,2026-08-17T18:48:05Z,
212.108.113.0,ipv4,malicious-ip,medium,WHITE,ziyadnz/hourly-ipv4,ziyadnz|hourly,2026-08-17T18:48:05Z,2026-08-17T18:48:05Z,
212.108.113.10,ipv4,malicious-ip,medium,WHITE,ziyadnz/hourly-ipv4,ziyadnz|hourly,2026-08-17T18:48:05Z,2026-08-17T18:48:05Z,
212.108.113.119,ipv4,malicious-ip,medium,WHITE,ziyadnz/hourly-ipv4,ziyadnz|hourly,2026-08-17T18:48:05Z,2026-08-17T18:48:05Z,
212.108.113.122,ipv4,malicious-ip,medium,WHITE,ziyadnz/hourly-ipv4,ziyadnz|hourly,2026-08-17T18:48:05Z,2026-08-17T18:48:05Z,
212.108.113.126,ipv4,malicious-ip,medium,WHITE,ziyadnz/hourly-ipv4,ziyadnz|hourly,2026-08-17T18:48:05Z,2026-08-17T18:48:05Z,
212.108.113.132,ipv4,malicious-ip,medium,WHITE,ziyadnz/hourly-ipv4,ziyadnz|hourly,2026-08-17T18:48:05Z,2026-08-17T18:48:05Z,
212.108.113.147,ipv4,malicious-ip,medium,WHITE,ziyadnz/hourly-ipv4,ziyadnz|hourly,2026-08-17T18:48:05Z,2026-08-17T18:48:05Z,
212.108.113.151,ipv4,malicious-ip,medium,WHITE,ziyadnz/hourly-ipv4,ziyadnz|hourly,2026-08-17T18:48:05Z,2026-08-17T18:48:05Z,
212.108.113.163,ipv4,malicious-ip,medium,WHITE,ziyadnz/hourly-ipv4,ziyadnz|hourly,2026-08-17T18:48:05Z,2026-08-17T18:48:05Z,
212.108.113.168,ipv4,malicious-ip,medium,WHITE,ziyadnz/hourly-ipv4,ziyadnz|hourly,2026-08-17T18:48:05Z,2026-08-17T18:48:05Z,
212.108.113.183,ipv4,malicious-ip,medium,WHITE,ziyadnz/hourly-ipv4,ziyadnz|hourly,2026-08-17T18:48:05Z,2026-08-17T18:48:05Z,
212.108.113.196,ipv4,malicious-ip,medium,WHITE,ziyadnz/hourly-ipv4,ziyadnz|hourly,2026-08-17T18:48:05Z,2026-08-17T18:48:05Z,
212.108.113.201,ipv4,malicious-ip,medium,WHITE,ziyadnz/hourly-ipv4,ziyadnz|hourly,2026-08-17T18:48:05Z,2026-08-17T18:48:05Z,
212.108.113.204,ipv4,malicious-ip,medium,WHITE,ziyadnz/hourly-ipv4,ziyadnz|hourly,2026-08-17T18:48:05Z,2026-08-17T18:48:05Z,
212.108.113.211,ipv4,malicious-ip,medium,WHITE,ziyadnz/hourly-ipv4,ziyadnz|hourly,2026-08-17T18:48:05Z,2026-08-17T18:48:05Z,
212.108.113.212,ipv4,malicious-ip,medium,WHITE,ziyadnz/hourly-ipv4,ziyadnz|hourly,2026-08-17T18:48:05Z,2026-08-17T18:48:05Z,
212.108.113.216,ipv4,malicious-ip,medium,WHITE,ziyadnz/hourly-ipv4,ziyadnz|hourly,2026-08-17T18:48:05Z,2026-08-17T18:48:05Z,
212.108.113.217,ipv4,malicious-ip,medium,WHITE,ziyadnz/hourly-ipv4,ziyadnz|hourly,2026-08-17T18:48:05Z,2026-08-17T18:48:05Z,
212.108.113.233,ipv4,malicious-ip,medium,WHITE,ziyadnz/hourly-ipv4,ziyadnz|hourly,2026-08-17T18:48:05Z,2026-08-17T18:48:05Z,
212.108.113.239,ipv4,malicious-ip,medium,WHITE,ziyadnz/hourly-ipv4,ziyadnz|hourly,2026-08-17T18:48:05Z,2026-08-17T18:48:05Z,
212.108.113.25,ipv4,malicious-ip,medium,WHITE,ziyadnz/hourly-ipv4,ziyadnz|hourly,2026-08-17T18:48:05Z,2026-08-17T18:48:05Z,
212.108.113.26,ipv4,malicious-ip,medium,WHITE,ziyadnz/hourly-ipv4,ziyadnz|hourly,2026-08-17T18:48:05Z,2026-08-17T18:48:05Z,
212.108.113.41,ipv4,malicious-ip,medium,WHITE,ziyadnz/hourly-ipv4,ziyadnz|hourly,2026-08-17T18:48:05Z,2026-08-17T18:48:05Z,
212.108.113.52,ipv4,malicious-ip,medium,WHITE,ziyadnz/hourly-ipv4,ziyadnz|hourly,2026-08-17T18:48:05Z,2026-08-17T18:48:05Z,
212.108.113.59,ipv4,malicious-ip,medium,WHITE,ziyadnz/hourly-ipv4,ziyadnz|hourly,2026-08-17T18:48:05Z,2026-08-17T18:48:05Z,
212.108.113.85,ipv4,malicious-ip,medium,WHITE,ziyadnz/hourly-ipv4,ziyadnz|hourly,2026-08-17T18:48:05Z,2026-08-17T18:48:05Z,
212.108.113.89,ipv4,malicious-ip,medium,WHITE,ziyadnz/hourly-ipv4,ziyadnz|hourly,2026-08-17T18:48:05Z,2026-08-17T18:48:05Z,
212.108.113.92,ipv4,malicious-ip,medium,WHITE,ziyadnz/hourly-ipv4,ziyadnz|hourly,2026-08-17T18:48:05Z,2026-08-17T18:48:05Z,
212.108.130.27,ipv4,malicious-ip,medium,WHITE,ziyadnz/hourly-ipv4,ziyadnz|hourly,2026-08-17T18:48:05Z,2026-08-17T18:48:05Z,
212.108.134.152,ipv4,malicious-ip,medium,WHITE,ziyadnz/hourly-ipv4,ziyadnz|hourly,2026-08-17T18:48:05Z,2026-08-17T18:48:05Z,
212.11.39.138,ipv4,malicious-ip,medium,WHITE,ziyadnz/hourly-ipv4,ziyadnz|hourly,2026-08-17T18:48:05Z,2026-08-17T18:48:05Z,
212.11.64.105,ipv4,malicious-ip,medium,WHITE,ziyadnz/hourly-ipv4,ziyadnz|hourly,2026-08-17T18:48:05Z,2026-08-17T18:48:05Z,
212.11.64.154,ipv4,malicious-ip,medium,WHITE,ziyadnz/hourly-ipv4,ziyadnz|hourly,2026-08-17T18:48:05Z,2026-08-17T18:48:05Z,
212.11.64.215,ipv4,malicious-ip,medium,WHITE,ziyadnz/hourly-ipv4,ziyadnz|hourly,2026-08-17T18:48:05Z,2026-08-17T18:48:05Z,
212.11.64.250,ipv4,malicious-ip,medium,WHITE,ziyadnz/hourly-ipv4,ziyadnz|hourly,2026-08-17T18:48:05Z,2026-08-17T18:48:05Z,
212.111.197.5,ipv4,malicious-ip,medium,WHITE,ziyadnz/hourly-ipv4,ziyadnz|hourly,2026-08-17T18:48:05Z,2026-08-17T18:48:05Z,
212.111.201.253,ipv4,malicious-ip,medium,WHITE,ziyadnz/hourly-ipv4,ziyadnz|hourly,2026-08-17T18:48:05Z,2026-08-17T18:48:05Z,
212.112.100.193,ipv4,malicious-ip,medium,WHITE,ziyadnz/hourly-ipv4,ziyadnz|hourly,2026-08-17T18:48:05Z,2026-08-17T18:48:05Z,
212.112.108.122,ipv4,malicious-ip,medium,WHITE,ziyadnz/hourly-ipv4,ziyadnz|hourly,2026-08-17T18:48:05Z,2026-08-17T18:48:05Z,
212.112.96.199,ipv4,malicious-ip,medium,WHITE,ziyadnz/hourly-ipv4,ziyadnz|hourly,2026-08-17T18:48:05Z,2026-08-17T18:48:05Z,
212.113.106.118,ipv4,malicious-ip,medium,WHITE,ziyadnz/hourly-ipv4,ziyadnz|hourly,2026-08-17T18:48:05Z,2026-08-17T18:48:05Z,
212.113.106.211,ipv4,malicious-ip,medium,WHITE,ziyadnz/hourly-ipv4,ziyadnz|hourly,2026-08-17T18:48:05Z,2026-08-17T18:48:05Z,
212.113.106.27,ipv4,malicious-ip,medium,WHITE,ziyadnz/hourly-ipv4,ziyadnz|hourly,2026-08-17T18:48:05Z,2026-08-17T18:48:05Z,
212.113.106.9,ipv4,malicious-ip,medium,WHITE,ziyadnz/hourly-ipv4,ziyadnz|hourly,2026-08-17T18:48:05Z,2026-08-17T18:48:05Z,
212.113.116.147,ipv4,malicious-ip,medium,WHITE,ziyadnz/hourly-ipv4,ziyadnz|hourly,2026-08-17T18:48:05Z,2026-08-17T18:48:05Z,
212.113.116.63,ipv4,malicious-ip,medium,WHITE,ziyadnz/hourly-ipv4,ziyadnz|hourly,2026-08-17T18:48:05Z,2026-08-17T18:48:05Z,
212.113.119.153,ipv4,malicious-ip,medium,WHITE,ziyadnz/hourly-ipv4,ziyadnz|hourly,2026-08-17T18:48:05Z,2026-08-17T18:48:05Z,
212.113.119.35,ipv4,malicious-ip,medium,WHITE,ziyadnz/hourly-ipv4,ziyadnz|hourly,2026-08-17T18:48:05Z,2026-08-17T18:48:05Z,
212.113.119.48,ipv4,malicious-ip,medium,WHITE,ziyadnz/hourly-ipv4,ziyadnz|hourly,2026-08-17T18:48:05Z,2026-08-17T18:48:05Z,
212.113.119.69,ipv4,malicious-ip,medium,WHITE,ziyadnz/hourly-ipv4,ziyadnz|hourly,2026-08-17T18:48:05Z,2026-08-17T18:48:05Z,
212.113.119.73,ipv4,malicious-ip,medium,WHITE,ziyadnz/hourly-ipv4,ziyadnz|hourly,2026-08-17T18:48:05Z,2026-08-17T18:48:05Z,
212.114.52.210,ipv4,malicious-ip,medium,WHITE,ziyadnz/hourly-ipv4,ziyadnz|hourly,2026-08-17T18:48:05Z,2026-08-17T18:48:05Z,
212.115.54.84,ipv4,malicious-ip,medium,WHITE,ziyadnz/hourly-ipv4,ziyadnz|hourly,2026-08-17T18:48:05Z,2026-08-17T18:48:05Z,
212.117.136.121,ipv4,malicious-ip,medium,WHITE,ziyadnz/hourly-ipv4,ziyadnz|hourly,2026-08-17T18:48:05Z,2026-08-17T18:48:05Z,
212.118.18.108,ipv4,malicious-ip,medium,WHITE,ziyadnz/hourly-ipv4,ziyadnz|hourly,2026-08-17T18:48:05Z,2026-08-17T18:48:05Z,
212.118.18.115,ipv4,malicious-ip,medium,WHITE,ziyadnz/hourly-ipv4,ziyadnz|hourly,2026-08-17T18:48:05Z,2026-08-17T18:48:05Z,
212.118.18.120,ipv4,malicious-ip,medium,WHITE,ziyadnz/hourly-ipv4,ziyadnz|hourly,2026-08-17T18:48:05Z,2026-08-17T18:48:05Z,
212.118.18.121,ipv4,malicious-ip,medium,WHITE,ziyadnz/hourly-ipv4,ziyadnz|hourly,2026-08-17T18:48:05Z,2026-08-17T18:48:05Z,
212.118.36.51,ipv4,malicious-ip,medium,WHITE,ziyadnz/hourly-ipv4,ziyadnz|hourly,2026-08-17T18:48:05Z,2026-08-17T18:48:05Z,
212.118.40.188,ipv4,malicious-ip,medium,WHITE,ziyadnz/hourly-ipv4,ziyadnz|hourly,2026-08-17T18:48:05Z,2026-08-17T18:48:05Z,
212.118.41.216,ipv4,malicious-ip,medium,WHITE,ziyadnz/hourly-ipv4,ziyadnz|hourly,2026-08-17T18:48:05Z,2026-08-17T18:48:05Z,
212.118.43.167,ipv4,malicious-ip,medium,WHITE,ziyadnz/hourly-ipv4,ziyadnz|hourly,2026-08-17T18:48:05Z,2026-08-17T18:48:05Z,
212.118.43.231,ipv4,malicious-ip,medium,WHITE,ziyadnz/hourly-ipv4,ziyadnz|hourly,2026-08-17T18:48:05Z,2026-08-17T18:48:05Z,
212.119.34.11,ipv4,malicious-ip,medium,WHITE,ziyadnz/hourly-ipv4,ziyadnz|hourly,2026-08-17T18:48:05Z,2026-08-17T18:48:05Z,
212.119.43.74,ipv4,malicious-ip,medium,WHITE,ziyadnz/hourly-ipv4,ziyadnz|hourly,2026-08-17T18:48:05Z,2026-08-17T18:48:05Z,
212.12.29.54,ipv4,malicious-ip,medium,WHITE,ziyadnz/hourly-ipv4,ziyadnz|hourly,2026-08-17T18:48:05Z,2026-08-17T18:48:05Z,
212.124.20.165,ipv4,malicious-ip,medium,WHITE,ziyadnz/hourly-ipv4,ziyadnz|hourly,2026-08-17T18:48:05Z,2026-08-17T18:48:05Z,
212.125.21.190,ipv4,malicious-ip,medium,WHITE,ziyadnz/hourly-ipv4,ziyadnz|hourly,2026-08-17T18:48:05Z,2026-08-17T18:48:05Z,
212.125.9.26,ipv4,malicious-ip,medium,WHITE,ziyadnz/hourly-ipv4,ziyadnz|hourly,2026-08-17T18:48:05Z,2026-08-17T18:48:05Z,
212.126.108.130,ipv4,malicious-ip,medium,WHITE,ziyadnz/hourly-ipv4,ziyadnz|hourly,2026-08-17T18:48:05Z,2026-08-17T18:48:05Z,
212.127.78.170,ipv4,malicious-ip,medium,WHITE,ziyadnz/hourly-ipv4,ziyadnz|hourly,2026-08-17T18:48:05Z,2026-08-17T18:48:05Z,
212.127.90.124,ipv4,malicious-ip,medium,WHITE,ziyadnz/hourly-ipv4,ziyadnz|hourly,2026-08-17T18:48:05Z,2026-08-17T18:48:05Z,
212.127.90.201,ipv4,malicious-ip,medium,WHITE,ziyadnz/hourly-ipv4,ziyadnz|hourly,2026-08-17T18:48:05Z,2026-08-17T18:48:05Z,
212.129.10.138,ipv4,malicious-ip,medium,WHITE,ziyadnz/hourly-ipv4,ziyadnz|hourly,2026-08-17T18:48:05Z,2026-08-17T18:48:05Z,
212.129.35.101,ipv4,malicious-ip,medium,WHITE,ziyadnz/hourly-ipv4,ziyadnz|hourly,2026-08-17T18:48:05Z,2026-08-17T18:48:05Z,
212.129.7.154,ipv4,malicious-ip,medium,WHITE,ziyadnz/hourly-ipv4,ziyadnz|hourly,2026-08-17T18:48:05Z,2026-08-17T18:48:05Z,
212.129.7.56,ipv4,malicious-ip,medium,WHITE,ziyadnz/hourly-ipv4,ziyadnz|hourly,2026-08-17T18:48:05Z,2026-08-17T18:48:05Z,
212.129.9.141,ipv4,malicious-ip,medium,WHITE,ziyadnz/hourly-ipv4,ziyadnz|hourly,2026-08-17T18:48:05Z,2026-08-17T18:48:05Z,
212.13.135.153,ipv4,malicious-ip,medium,WHITE,ziyadnz/hourly-ipv4,ziyadnz|hourly,2026-08-17T18:48:05Z,2026-08-17T18:48:05Z,
212.132.102.252,ipv4,malicious-ip,medium,WHITE,ziyadnz/hourly-ipv4,ziyadnz|hourly,2026-08-17T18:48:05Z,2026-08-17T18:48:05Z,
212.132.119.136,ipv4,malicious-ip,medium,WHITE,ziyadnz/hourly-ipv4,ziyadnz|hourly,2026-08-17T18:48:05Z,2026-08-17T18:48:05Z,
212.132.120.41,ipv4,malicious-ip,medium,WHITE,ziyadnz/hourly-ipv4,ziyadnz|hourly,2026-08-17T18:48:05Z,2026-08-17T18:48:05Z,
212.132.120.77,ipv4,malicious-ip,medium,WHITE,ziyadnz/hourly-ipv4,ziyadnz|hourly,2026-08-17T18:48:05Z,2026-08-17T18:48:05Z,
212.134.63.164,ipv4,malicious-ip,medium,WHITE,ziyadnz/hourly-ipv4,ziyadnz|hourly,2026-08-17T18:48:05Z,2026-08-17T18:48:05Z,
212.14.247.121,ipv4,malicious-ip,medium,WHITE,ziyadnz/hourly-ipv4,ziyadnz|hourly,2026-08-17T18:48:05Z,2026-08-17T18:48:05Z,
212.145.106.218,ipv4,malicious-ip,medium,WHITE,ziyadnz/hourly-ipv4,ziyadnz|hourly,2026-08-17T18:48:05Z,2026-08-17T18:48:05Z,
212.146.165.221,ipv4,malicious-ip,medium,WHITE,ziyadnz/hourly-ipv4,ziyadnz|hourly,2026-08-17T18:48:05Z,2026-08-17T18:48:05Z,
212.146.180.124,ipv4,malicious-ip,medium,WHITE,ziyadnz/hourly-ipv4,ziyadnz|hourly,2026-08-17T18:48:05Z,2026-08-17T18:48:05Z,
212.152.181.201,ipv4,malicious-ip,medium,WHITE,ziyadnz/hourly-ipv4,ziyadnz|hourly,2026-08-17T18:48:05Z,2026-08-17T18:48:05Z,
212.156.222.229,ipv4,malicious-ip,medium,WHITE,ziyadnz/hourly-ipv4,ziyadnz|hourly,2026-08-17T18:48:05Z,2026-08-17T18:48:05Z,
212.156.246.158,ipv4,malicious-ip,medium,WHITE,ziyadnz/hourly-ipv4,ziyadnz|hourly,2026-08-17T18:48:05Z,2026-08-17T18:48:05Z,
212.156.84.46,ipv4,malicious-ip,medium,WHITE,ziyadnz/hourly-ipv4,ziyadnz|hourly,2026-08-17T18:48:05Z,2026-08-17T18:48:05Z,
212.16.87.65,ipv4,malicious-ip,medium,WHITE,ziyadnz/hourly-ipv4,ziyadnz|hourly,2026-08-17T18:48:05Z,2026-08-17T18:48:05Z,
212.162.152.233,ipv4,malicious-ip,medium,WHITE,ziyadnz/hourly-ipv4,ziyadnz|hourly,2026-08-17T18:48:05Z,2026-08-17T18:48:05Z,
212.162.153.199,ipv4,malicious-ip,medium,WHITE,ziyadnz/hourly-ipv4,ziyadnz|hourly,2026-08-17T18:48:05Z,2026-08-17T18:48:05Z,
212.164.39.100,ipv4,malicious-ip,medium,WHITE,ziyadnz/hourly-ipv4,ziyadnz|hourly,2026-08-17T18:48:05Z,2026-08-17T18:48:05Z,
212.164.61.234,ipv4,malicious-ip,medium,WHITE,ziyadnz/hourly-ipv4,ziyadnz|hourly,2026-08-17T18:48:05Z,2026-08-17T18:48:05Z,
212.164.65.139,ipv4,malicious-ip,medium,WHITE,ziyadnz/hourly-ipv4,ziyadnz|hourly,2026-08-17T18:48:05Z,2026-08-17T18:48:05Z,
212.171.183.218,ipv4,malicious-ip,medium,WHITE,ziyadnz/hourly-ipv4,ziyadnz|hourly,2026-08-17T18:48:05Z,2026-08-17T18:48:05Z,
212.174.120.226,ipv4,malicious-ip,medium,WHITE,ziyadnz/hourly-ipv4,ziyadnz|hourly,2026-08-17T18:48:05Z,2026-08-17T18:48:05Z,
212.174.171.105,ipv4,malicious-ip,medium,WHITE,ziyadnz/hourly-ipv4,ziyadnz|hourly,2026-08-17T18:48:05Z,2026-08-17T18:48:05Z,
212.174.26.43,ipv4,malicious-ip,medium,WHITE,ziyadnz/hourly-ipv4,ziyadnz|hourly,2026-08-17T18:48:05Z,2026-08-17T18:48:05Z,
212.174.42.26,ipv4,malicious-ip,medium,WHITE,ziyadnz/hourly-ipv4,ziyadnz|hourly,2026-08-17T18:48:05Z,2026-08-17T18:48:05Z,
212.174.53.144,ipv4,malicious-ip,medium,WHITE,ziyadnz/hourly-ipv4,ziyadnz|hourly,2026-08-17T18:48:05Z,2026-08-17T18:48:05Z,
212.175.150.188,ipv4,malicious-ip,medium,WHITE,ziyadnz/hourly-ipv4,ziyadnz|hourly,2026-08-17T18:48:05Z,2026-08-17T18:48:05Z,
212.175.61.34,ipv4,malicious-ip,medium,WHITE,ziyadnz/hourly-ipv4,ziyadnz|hourly,2026-08-17T18:48:05Z,2026-08-17T18:48:05Z,
212.18.104.245,ipv4,malicious-ip,medium,WHITE,ziyadnz/hourly-ipv4,ziyadnz|hourly,2026-08-17T18:48:05Z,2026-08-17T18:48:05Z,
212.18.104.246,ipv4,malicious-ip,medium,WHITE,ziyadnz/hourly-ipv4,ziyadnz|hourly,2026-08-17T18:48:05Z,2026-08-17T18:48:05Z,
212.18.104.6,ipv4,malicious-ip,medium,WHITE,ziyadnz/hourly-ipv4,ziyadnz|hourly,2026-08-17T18:48:05Z,2026-08-17T18:48:05Z,
212.18.108.190,ipv4,malicious-ip,medium,WHITE,ziyadnz/hourly-ipv4,ziyadnz|hourly,2026-08-17T18:48:05Z,2026-08-17T18:48:05Z,
212.188.11.146,ipv4,malicious-ip,medium,WHITE,ziyadnz/hourly-ipv4,ziyadnz|hourly,2026-08-17T18:48:05Z,2026-08-17T18:48:05Z,
212.19.134.75,ipv4,malicious-ip,medium,WHITE,ziyadnz/hourly-ipv4,ziyadnz|hourly,2026-08-17T18:48:05Z,2026-08-17T18:48:05Z,
212.192.14.75,ipv4,malicious-ip,medium,WHITE,ziyadnz/hourly-ipv4,ziyadnz|hourly,2026-08-17T18:48:05Z,2026-08-17T18:48:05Z,
212.192.15.177,ipv4,malicious-ip,medium,WHITE,ziyadnz/hourly-ipv4,ziyadnz|hourly,2026-08-17T18:48:05Z,2026-08-17T18:48:05Z,
212.192.203.245,ipv4,malicious-ip,medium,WHITE,ziyadnz/hourly-ipv4,ziyadnz|hourly,2026-08-17T18:48:05Z,2026-08-17T18:48:05Z,
212.192.216.2,ipv4,malicious-ip,medium,WHITE,ziyadnz/hourly-ipv4,ziyadnz|hourly,2026-08-17T18:48:05Z,2026-08-17T18:48:05Z,
212.192.222.88,ipv4,malicious-ip,medium,WHITE,ziyadnz/hourly-ipv4,ziyadnz|hourly,2026-08-17T18:48:05Z,2026-08-17T18:48:05Z,
212.192.240.126,ipv4,malicious-ip,medium,WHITE,ziyadnz/hourly-ipv4,ziyadnz|hourly,2026-08-17T18:48:05Z,2026-08-17T18:48:05Z,
212.192.241.113,ipv4,malicious-ip,medium,WHITE,ziyadnz/hourly-ipv4,ziyadnz|hourly,2026-08-17T18:48:05Z,2026-08-17T18:48:05Z,
212.192.241.62,ipv4,malicious-ip,medium,WHITE,ziyadnz/hourly-ipv4,ziyadnz|hourly,2026-08-17T18:48:05Z,2026-08-17T18:48:05Z,
212.192.243.2,ipv4,malicious-ip,medium,WHITE,ziyadnz/hourly-ipv4,ziyadnz|hourly,2026-08-17T18:48:05Z,2026-08-17T18:48:05Z,
212.192.246.117,ipv4,malicious-ip,medium,WHITE,ziyadnz/hourly-ipv4,ziyadnz|hourly,2026-08-17T18:48:05Z,2026-08-17T18:48:05Z,
212.192.252.62,ipv4,malicious-ip,medium,WHITE,ziyadnz/hourly-ipv4,ziyadnz|hourly,2026-08-17T18:48:05Z,2026-08-17T18:48:05Z,
212.193.3.134,ipv4,malicious-ip,medium,WHITE,ziyadnz/hourly-ipv4,ziyadnz|hourly,2026-08-17T18:48:05Z,2026-08-17T18:48:05Z,
212.193.30.245,ipv4,malicious-ip,medium,WHITE,ziyadnz/hourly-ipv4,ziyadnz|hourly,2026-08-17T18:48:05Z,2026-08-17T18:48:05Z,
212.193.30.29,ipv4,malicious-ip,medium,WHITE,ziyadnz/hourly-ipv4,ziyadnz|hourly,2026-08-17T18:48:05Z,2026-08-17T18:48:05Z,
212.193.30.45,ipv4,malicious-ip,medium,WHITE,ziyadnz/hourly-ipv4,ziyadnz|hourly,2026-08-17T18:48:05Z,2026-08-17T18:48:05Z,
212.193.31.102,ipv4,malicious-ip,medium,WHITE,ziyadnz/hourly-ipv4,ziyadnz|hourly,2026-08-17T18:48:05Z,2026-08-17T18:48:05Z,
212.193.31.119,ipv4,malicious-ip,medium,WHITE,ziyadnz/hourly-ipv4,ziyadnz|hourly,2026-08-17T18:48:05Z,2026-08-17T18:48:05Z,
212.193.31.122,ipv4,malicious-ip,medium,WHITE,ziyadnz/hourly-ipv4,ziyadnz|hourly,2026-08-17T18:48:05Z,2026-08-17T18:48:05Z,
212.193.31.158,ipv4,malicious-ip,medium,WHITE,ziyadnz/hourly-ipv4,ziyadnz|hourly,2026-08-17T18:48:05Z,2026-08-17T18:48:05Z,
212.193.31.92,ipv4,malicious-ip,medium,WHITE,ziyadnz/hourly-ipv4,ziyadnz|hourly,2026-08-17T18:48:05Z,2026-08-17T18:48:05Z,
212.193.4.1,ipv4,malicious-ip,medium,WHITE,ziyadnz/hourly-ipv4,ziyadnz|hourly,2026-08-17T18:48:05Z,2026-08-17T18:48:05Z,
212.193.4.66,ipv4,malicious-ip,medium,WHITE,ziyadnz/hourly-ipv4,ziyadnz|hourly,2026-08-17T18:48:05Z,2026-08-17T18:48:05Z,
212.193.52.125,ipv4,malicious-ip,medium,WHITE,ziyadnz/hourly-ipv4,ziyadnz|hourly,2026-08-17T18:48:05Z,2026-08-17T18:48:05Z,
212.199.105.109,ipv4,malicious-ip,medium,WHITE,ziyadnz/hourly-ipv4,ziyadnz|hourly,2026-08-17T18:48:05Z,2026-08-17T18:48:05Z,
212.21.66.6,ipv4,malicious-ip,medium,WHITE,ziyadnz/hourly-ipv4,ziyadnz|hourly,2026-08-17T18:48:05Z,2026-08-17T18:48:05Z,
212.216.191.121,ipv4,malicious-ip,medium,WHITE,ziyadnz/hourly-ipv4,ziyadnz|hourly,2026-08-17T18:48:05Z,2026-08-17T18:48:05Z,
212.217.118.139,ipv4,malicious-ip,medium,WHITE,ziyadnz/hourly-ipv4,ziyadnz|hourly,2026-08-17T18:48:05Z,2026-08-17T18:48:05Z,
212.22.86.107,ipv4,malicious-ip,medium,WHITE,ziyadnz/hourly-ipv4,ziyadnz|hourly,2026-08-17T18:48:05Z,2026-08-17T18:48:05Z,
212.220.110.230,ipv4,malicious-ip,medium,WHITE,ziyadnz/hourly-ipv4,ziyadnz|hourly,2026-08-17T18:48:05Z,2026-08-17T18:48:05Z,
212.220.122.228,ipv4,malicious-ip,medium,WHITE,ziyadnz/hourly-ipv4,ziyadnz|hourly,2026-08-17T18:48:05Z,2026-08-17T18:48:05Z,
212.220.71.42,ipv4,malicious-ip,medium,WHITE,ziyadnz/hourly-ipv4,ziyadnz|hourly,2026-08-17T18:48:05Z,2026-08-17T18:48:05Z,
212.220.85.236,ipv4,malicious-ip,medium,WHITE,ziyadnz/hourly-ipv4,ziyadnz|hourly,2026-08-17T18:48:05Z,2026-08-17T18:48:05Z,
212.224.86.69,ipv4,malicious-ip,medium,WHITE,ziyadnz/hourly-ipv4,ziyadnz|hourly,2026-08-17T18:48:05Z,2026-08-17T18:48:05Z,
212.224.88.71,ipv4,malicious-ip,medium,WHITE,ziyadnz/hourly-ipv4,ziyadnz|hourly,2026-08-17T18:48:05Z,2026-08-17T18:48:05Z,
212.224.93.196,ipv4,malicious-ip,medium,WHITE,ziyadnz/hourly-ipv4,ziyadnz|hourly,2026-08-17T18:48:05Z,2026-08-17T18:48:05Z,
212.225.160.99,ipv4,malicious-ip,medium,WHITE,ziyadnz/hourly-ipv4,ziyadnz|hourly,2026-08-17T18:48:05Z,2026-08-17T18:48:05Z,
212.227.104.216,ipv4,malicious-ip,medium,WHITE,ziyadnz/hourly-ipv4,ziyadnz|hourly,2026-08-17T18:48:05Z,2026-08-17T18:48:05Z,
212.227.125.15,ipv4,malicious-ip,medium,WHITE,ziyadnz/hourly-ipv4,ziyadnz|hourly,2026-08-17T18:48:05Z,2026-08-17T18:48:05Z,
212.227.13.69,ipv4,malicious-ip,medium,WHITE,ziyadnz/hourly-ipv4,ziyadnz|hourly,2026-08-17T18:48:05Z,2026-08-17T18:48:05Z,
212.227.131.27,ipv4,malicious-ip,medium,WHITE,ziyadnz/hourly-ipv4,ziyadnz|hourly,2026-08-17T18:48:05Z,2026-08-17T18:48:05Z,
212.227.146.146,ipv4,malicious-ip,medium,WHITE,ziyadnz/hourly-ipv4,ziyadnz|hourly,2026-08-17T18:48:05Z,2026-08-17T18:48:05Z,
212.227.160.50,ipv4,malicious-ip,medium,WHITE,ziyadnz/hourly-ipv4,ziyadnz|hourly,2026-08-17T18:48:05Z,2026-08-17T18:48:05Z,
212.227.203.198,ipv4,malicious-ip,medium,WHITE,ziyadnz/hourly-ipv4,ziyadnz|hourly,2026-08-17T18:48:05Z,2026-08-17T18:48:05Z,
212.227.226.77,ipv4,malicious-ip,medium,WHITE,ziyadnz/hourly-ipv4,ziyadnz|hourly,2026-08-17T18:48:05Z,2026-08-17T18:48:05Z,
212.227.235.203,ipv4,malicious-ip,medium,WHITE,ziyadnz/hourly-ipv4,ziyadnz|hourly,2026-08-17T18:48:05Z,2026-08-17T18:48:05Z,
212.227.246.98,ipv4,malicious-ip,medium,WHITE,ziyadnz/hourly-ipv4,ziyadnz|hourly,2026-08-17T18:48:05Z,2026-08-17T18:48:05Z,
212.227.27.47,ipv4,malicious-ip,medium,WHITE,ziyadnz/hourly-ipv4,ziyadnz|hourly,2026-08-17T18:48:05Z,2026-08-17T18:48:05Z,
212.227.7.185,ipv4,malicious-ip,medium,WHITE,ziyadnz/hourly-ipv4,ziyadnz|hourly,2026-08-17T18:48:05Z,2026-08-17T18:48:05Z,
212.227.72.157,ipv4,malicious-ip,medium,WHITE,ziyadnz/hourly-ipv4,ziyadnz|hourly,2026-08-17T18:48:05Z,2026-08-17T18:48:05Z,
212.227.82.144,ipv4,malicious-ip,medium,WHITE,ziyadnz/hourly-ipv4,ziyadnz|hourly,2026-08-17T18:48:05Z,2026-08-17T18:48:05Z,
212.227.90.51,ipv4,malicious-ip,medium,WHITE,ziyadnz/hourly-ipv4,ziyadnz|hourly,2026-08-17T18:48:05Z,2026-08-17T18:48:05Z,
212.23.2.51,ipv4,malicious-ip,medium,WHITE,ziyadnz/hourly-ipv4,ziyadnz|hourly,2026-08-17T18:48:05Z,2026-08-17T18:48:05Z,
212.23.217.3,ipv4,malicious-ip,medium,WHITE,ziyadnz/hourly-ipv4,ziyadnz|hourly,2026-08-17T18:48:05Z,2026-08-17T18:48:05Z,
212.232.22.140,ipv4,malicious-ip,medium,WHITE,ziyadnz/hourly-ipv4,ziyadnz|hourly,2026-08-17T18:48:05Z,2026-08-17T18:48:05Z,
212.232.22.77,ipv4,malicious-ip,medium,WHITE,ziyadnz/hourly-ipv4,ziyadnz|hourly,2026-08-17T18:48:05Z,2026-08-17T18:48:05Z,
212.236.17.237,ipv4,malicious-ip,medium,WHITE,ziyadnz/hourly-ipv4,ziyadnz|hourly,2026-08-17T18:48:05Z,2026-08-17T18:48:05Z,
212.237.116.180,ipv4,malicious-ip,medium,WHITE,ziyadnz/hourly-ipv4,ziyadnz|hourly,2026-08-17T18:48:05Z,2026-08-17T18:48:05Z,
212.237.116.181,ipv4,malicious-ip,medium,WHITE,ziyadnz/hourly-ipv4,ziyadnz|hourly,2026-08-17T18:48:05Z,2026-08-17T18:48:05Z,
212.237.116.183,ipv4,malicious-ip,medium,WHITE,ziyadnz/hourly-ipv4,ziyadnz|hourly,2026-08-17T18:48:05Z,2026-08-17T18:48:05Z,
212.237.120.249,ipv4,malicious-ip,medium,WHITE,ziyadnz/hourly-ipv4,ziyadnz|hourly,2026-08-17T18:48:05Z,2026-08-17T18:48:05Z,
212.237.120.64,ipv4,malicious-ip,medium,WHITE,ziyadnz/hourly-ipv4,ziyadnz|hourly,2026-08-17T18:48:05Z,2026-08-17T18:48:05Z,
212.237.124.81,ipv4,malicious-ip,medium,WHITE,ziyadnz/hourly-ipv4,ziyadnz|hourly,2026-08-17T18:48:05Z,2026-08-17T18:48:05Z,
212.237.217.127,ipv4,malicious-ip,medium,WHITE,ziyadnz/hourly-ipv4,ziyadnz|hourly,2026-08-17T18:48:05Z,2026-08-17T18:48:05Z,
212.237.217.133,ipv4,malicious-ip,medium,WHITE,ziyadnz/hourly-ipv4,ziyadnz|hourly,2026-08-17T18:48:05Z,2026-08-17T18:48:05Z,
212.237.217.136,ipv4,malicious-ip,medium,WHITE,ziyadnz/hourly-ipv4,ziyadnz|hourly,2026-08-17T18:48:05Z,2026-08-17T18:48:05Z,
212.237.217.156,ipv4,malicious-ip,medium,WHITE,ziyadnz/hourly-ipv4,ziyadnz|hourly,2026-08-17T18:48:05Z,2026-08-17T18:48:05Z,
212.237.217.182,ipv4,malicious-ip,medium,WHITE,ziyadnz/hourly-ipv4,ziyadnz|hourly,2026-08-17T18:48:05Z,2026-08-17T18:48:05Z,
212.24.106.218,ipv4,malicious-ip,medium,WHITE,ziyadnz/hourly-ipv4,ziyadnz|hourly,2026-08-17T18:48:05Z,2026-08-17T18:48:05Z,
212.24.108.244,ipv4,malicious-ip,medium,WHITE,ziyadnz/hourly-ipv4,ziyadnz|hourly,2026-08-17T18:48:05Z,2026-08-17T18:48:05Z,
212.24.110.183,ipv4,malicious-ip,medium,WHITE,ziyadnz/hourly-ipv4,ziyadnz|hourly,2026-08-17T18:48:05Z,2026-08-17T18:48:05Z,
212.24.99.28,ipv4,malicious-ip,medium,WHITE,ziyadnz/hourly-ipv4,ziyadnz|hourly,2026-08-17T18:48:05Z,2026-08-17T18:48:05Z,
212.248.72.114,ipv4,malicious-ip,medium,WHITE,ziyadnz/hourly-ipv4,ziyadnz|hourly,2026-08-17T18:48:05Z,2026-08-17T18:48:05Z,
212.252.73.26,ipv4,malicious-ip,medium,WHITE,ziyadnz/hourly-ipv4,ziyadnz|hourly,2026-08-17T18:48:05Z,2026-08-17T18:48:05Z,
212.252.73.85,ipv4,malicious-ip,medium,WHITE,ziyadnz/hourly-ipv4,ziyadnz|hourly,2026-08-17T18:48:05Z,2026-08-17T18:48:05Z,
212.253.211.98,ipv4,malicious-ip,medium,WHITE,ziyadnz/hourly-ipv4,ziyadnz|hourly,2026-08-17T18:48:05Z,2026-08-17T18:48:05Z,
212.28.184.147,ipv4,malicious-ip,medium,WHITE,ziyadnz/hourly-ipv4,ziyadnz|hourly,2026-08-17T18:48:05Z,2026-08-17T18:48:05Z,
212.3.100.186,ipv4,malicious-ip,medium,WHITE,ziyadnz/hourly-ipv4,ziyadnz|hourly,2026-08-17T18:48:05Z,2026-08-17T18:48:05Z,
212.3.156.48,ipv4,malicious-ip,medium,WHITE,ziyadnz/hourly-ipv4,ziyadnz|hourly,2026-08-17T18:48:05Z,2026-08-17T18:48:05Z,
212.30.33.26,ipv4,malicious-ip,medium,WHITE,ziyadnz/hourly-ipv4,ziyadnz|hourly,2026-08-17T18:48:05Z,2026-08-17T18:48:05Z,
212.32.192.109,ipv4,malicious-ip,medium,WHITE,ziyadnz/hourly-ipv4,ziyadnz|hourly,2026-08-17T18:48:05Z,2026-08-17T18:48:05Z,
212.32.237.90,ipv4,malicious-ip,medium,WHITE,ziyadnz/hourly-ipv4,ziyadnz|hourly,2026-08-17T18:48:05Z,2026-08-17T18:48:05Z,
212.32.237.92,ipv4,malicious-ip,medium,WHITE,ziyadnz/hourly-ipv4,ziyadnz|hourly,2026-08-17T18:48:05Z,2026-08-17T18:48:05Z,
212.32.50.141,ipv4,malicious-ip,medium,WHITE,ziyadnz/hourly-ipv4,ziyadnz|hourly,2026-08-17T18:48:05Z,2026-08-17T18:48:05Z,
212.32.69.180,ipv4,malicious-ip,medium,WHITE,ziyadnz/hourly-ipv4,ziyadnz|hourly,2026-08-17T18:48:05Z,2026-08-17T18:48:05Z,
212.33.235.243,ipv4,malicious-ip,medium,WHITE,ziyadnz/hourly-ipv4,ziyadnz|hourly,2026-08-17T18:48:05Z,2026-08-17T18:48:05Z,
212.34.138.4,ipv4,malicious-ip,medium,WHITE,ziyadnz/hourly-ipv4,ziyadnz|hourly,2026-08-17T18:48:05Z,2026-08-17T18:48:05Z,
212.34.155.18,ipv4,malicious-ip,medium,WHITE,ziyadnz/hourly-ipv4,ziyadnz|hourly,2026-08-17T18:48:05Z,2026-08-17T18:48:05Z,
212.34.243.169,ipv4,malicious-ip,medium,WHITE,ziyadnz/hourly-ipv4,ziyadnz|hourly,2026-08-17T18:48:05Z,2026-08-17T18:48:05Z,
212.34.243.172,ipv4,malicious-ip,medium,WHITE,ziyadnz/hourly-ipv4,ziyadnz|hourly,2026-08-17T18:48:05Z,2026-08-17T18:48:05Z,
212.35.69.83,ipv4,malicious-ip,medium,WHITE,ziyadnz/hourly-ipv4,ziyadnz|hourly,2026-08-17T18:48:05Z,2026-08-17T18:48:05Z,
212.38.189.186,ipv4,malicious-ip,medium,WHITE,ziyadnz/hourly-ipv4,ziyadnz|hourly,2026-08-17T18:48:05Z,2026-08-17T18:48:05Z,
212.38.75.196,ipv4,malicious-ip,medium,WHITE,ziyadnz/hourly-ipv4,ziyadnz|hourly,2026-08-17T18:48:05Z,2026-08-17T18:48:05Z,
212.42.112.47,ipv4,malicious-ip,medium,WHITE,ziyadnz/hourly-ipv4,ziyadnz|hourly,2026-08-17T18:48:05Z,2026-08-17T18:48:05Z,
212.43.156.153,ipv4,malicious-ip,medium,WHITE,ziyadnz/hourly-ipv4,ziyadnz|hourly,2026-08-17T18:48:05Z,2026-08-17T18:48:05Z,
212.45.0.218,ipv4,malicious-ip,medium,WHITE,ziyadnz/hourly-ipv4,ziyadnz|hourly,2026-08-17T18:48:05Z,2026-08-17T18:48:05Z,
212.45.27.80,ipv4,malicious-ip,medium,WHITE,ziyadnz/hourly-ipv4,ziyadnz|hourly,2026-08-17T18:48:05Z,2026-08-17T18:48:05Z,
212.45.71.169,ipv4,malicious-ip,medium,WHITE,ziyadnz/hourly-ipv4,ziyadnz|hourly,2026-08-17T18:48:05Z,2026-08-17T18:48:05Z,
212.45.81.9,ipv4,malicious-ip,medium,WHITE,ziyadnz/hourly-ipv4,ziyadnz|hourly,2026-08-17T18:48:05Z,2026-08-17T18:48:05Z,
212.46.12.182,ipv4,malicious-ip,medium,WHITE,ziyadnz/hourly-ipv4,ziyadnz|hourly,2026-08-17T18:48:05Z,2026-08-17T18:48:05Z,
212.46.38.246,ipv4,malicious-ip,medium,WHITE,ziyadnz/hourly-ipv4,ziyadnz|hourly,2026-08-17T18:48:05Z,2026-08-17T18:48:05Z,
212.47.144.185,ipv4,malicious-ip,medium,WHITE,ziyadnz/hourly-ipv4,ziyadnz|hourly,2026-08-17T18:48:05Z,2026-08-17T18:48:05Z,
212.47.145.251,ipv4,malicious-ip,medium,WHITE,ziyadnz/hourly-ipv4,ziyadnz|hourly,2026-08-17T18:48:05Z,2026-08-17T18:48:05Z,
212.47.146.221,ipv4,malicious-ip,medium,WHITE,ziyadnz/hourly-ipv4,ziyadnz|hourly,2026-08-17T18:48:05Z,2026-08-17T18:48:05Z,
212.47.148.185,ipv4,malicious-ip,medium,WHITE,ziyadnz/hourly-ipv4,ziyadnz|hourly,2026-08-17T18:48:05Z,2026-08-17T18:48:05Z,
212.47.149.69,ipv4,malicious-ip,medium,WHITE,ziyadnz/hourly-ipv4,ziyadnz|hourly,2026-08-17T18:48:05Z,2026-08-17T18:48:05Z,
212.47.227.78,ipv4,malicious-ip,medium,WHITE,ziyadnz/hourly-ipv4,ziyadnz|hourly,2026-08-17T18:48:05Z,2026-08-17T18:48:05Z,
212.47.230.36,ipv4,malicious-ip,medium,WHITE,ziyadnz/hourly-ipv4,ziyadnz|hourly,2026-08-17T18:48:05Z,2026-08-17T18:48:05Z,
212.47.78.27,ipv4,malicious-ip,medium,WHITE,ziyadnz/hourly-ipv4,ziyadnz|hourly,2026-08-17T18:48:05Z,2026-08-17T18:48:05Z,
212.47.78.29,ipv4,malicious-ip,medium,WHITE,ziyadnz/hourly-ipv4,ziyadnz|hourly,2026-08-17T18:48:05Z,2026-08-17T18:48:05Z,
212.47.78.30,ipv4,malicious-ip,medium,WHITE,ziyadnz/hourly-ipv4,ziyadnz|hourly,2026-08-17T18:48:05Z,2026-08-17T18:48:05Z,
212.47.78.47,ipv4,malicious-ip,medium,WHITE,ziyadnz/hourly-ipv4,ziyadnz|hourly,2026-08-17T18:48:05Z,2026-08-17T18:48:05Z,
212.47.78.48,ipv4,malicious-ip,medium,WHITE,ziyadnz/hourly-ipv4,ziyadnz|hourly,2026-08-17T18:48:05Z,2026-08-17T18:48:05Z,
212.51.34.150,ipv4,malicious-ip,medium,WHITE,ziyadnz/hourly-ipv4,ziyadnz|hourly,2026-08-17T18:48:05Z,2026-08-17T18:48:05Z,
212.53.238.183,ipv4,malicious-ip,medium,WHITE,ziyadnz/hourly-ipv4,ziyadnz|hourly,2026-08-17T18:48:05Z,2026-08-17T18:48:05Z,
212.55.149.117,ipv4,malicious-ip,medium,WHITE,ziyadnz/hourly-ipv4,ziyadnz|hourly,2026-08-17T18:48:05Z,2026-08-17T18:48:05Z,
212.56.32.40,ipv4,malicious-ip,medium,WHITE,ziyadnz/hourly-ipv4,ziyadnz|hourly,2026-08-17T18:48:05Z,2026-08-17T18:48:05Z,
212.56.53.134,ipv4,malicious-ip,medium,WHITE,ziyadnz/hourly-ipv4,ziyadnz|hourly,2026-08-17T18:48:05Z,2026-08-17T18:48:05Z,
212.57.115.201,ipv4,malicious-ip,medium,WHITE,ziyadnz/hourly-ipv4,ziyadnz|hourly,2026-08-17T18:48:05Z,2026-08-17T18:48:05Z,
212.58.102.107,ipv4,malicious-ip,medium,WHITE,ziyadnz/hourly-ipv4,ziyadnz|hourly,2026-08-17T18:48:05Z,2026-08-17T18:48:05Z,
212.58.102.223,ipv4,malicious-ip,medium,WHITE,ziyadnz/hourly-ipv4,ziyadnz|hourly,2026-08-17T18:48:05Z,2026-08-17T18:48:05Z,
212.58.102.239,ipv4,malicious-ip,medium,WHITE,ziyadnz/hourly-ipv4,ziyadnz|hourly,2026-08-17T18:48:05Z,2026-08-17T18:48:05Z,
212.58.102.9,ipv4,malicious-ip,medium,WHITE,ziyadnz/hourly-ipv4,ziyadnz|hourly,2026-08-17T18:48:05Z,2026-08-17T18:48:05Z,
212.58.103.191,ipv4,malicious-ip,medium,WHITE,ziyadnz/hourly-ipv4,ziyadnz|hourly,2026-08-17T18:48:05Z,2026-08-17T18:48:05Z,
212.58.119.217,ipv4,malicious-ip,medium,WHITE,ziyadnz/hourly-ipv4,ziyadnz|hourly,2026-08-17T18:48:05Z,2026-08-17T18:48:05Z,
212.58.120.105,ipv4,malicious-ip,medium,WHITE,ziyadnz/hourly-ipv4,ziyadnz|hourly,2026-08-17T18:48:05Z,2026-08-17T18:48:05Z,
212.58.120.59,ipv4,malicious-ip,medium,WHITE,ziyadnz/hourly-ipv4,ziyadnz|hourly,2026-08-17T18:48:05Z,2026-08-17T18:48:05Z,
212.58.121.175,ipv4,malicious-ip,medium,WHITE,ziyadnz/hourly-ipv4,ziyadnz|hourly,2026-08-17T18:48:05Z,2026-08-17T18:48:05Z,
212.58.132.5,ipv4,malicious-ip,medium,WHITE,ziyadnz/hourly-ipv4,ziyadnz|hourly,2026-08-17T18:48:05Z,2026-08-17T18:48:05Z,
212.59.224.109,ipv4,malicious-ip,medium,WHITE,ziyadnz/hourly-ipv4,ziyadnz|hourly,2026-08-17T18:48:05Z,2026-08-17T18:48:05Z,
212.60.21.249,ipv4,malicious-ip,medium,WHITE,ziyadnz/hourly-ipv4,ziyadnz|hourly,2026-08-17T18:48:05Z,2026-08-17T18:48:05Z,
212.60.5.129,ipv4,malicious-ip,medium,WHITE,ziyadnz/hourly-ipv4,ziyadnz|hourly,2026-08-17T18:48:05Z,2026-08-17T18:48:05Z,
212.60.65.154,ipv4,malicious-ip,medium,WHITE,ziyadnz/hourly-ipv4,ziyadnz|hourly,2026-08-17T18:48:05Z,2026-08-17T18:48:05Z,
212.64.11.215,ipv4,malicious-ip,medium,WHITE,ziyadnz/hourly-ipv4,ziyadnz|hourly,2026-08-17T18:48:05Z,2026-08-17T18:48:05Z,
212.64.199.194,ipv4,malicious-ip,medium,WHITE,ziyadnz/hourly-ipv4,ziyadnz|hourly,2026-08-17T18:48:05Z,2026-08-17T18:48:05Z,
212.64.216.142,ipv4,malicious-ip,medium,WHITE,ziyadnz/hourly-ipv4,ziyadnz|hourly,2026-08-17T18:48:05Z,2026-08-17T18:48:05Z,
212.64.27.209,ipv4,malicious-ip,medium,WHITE,ziyadnz/hourly-ipv4,ziyadnz|hourly,2026-08-17T18:48:05Z,2026-08-17T18:48:05Z,
212.66.35.112,ipv4,malicious-ip,medium,WHITE,ziyadnz/hourly-ipv4,ziyadnz|hourly,2026-08-17T18:48:05Z,2026-08-17T18:48:05Z,
212.68.34.132,ipv4,malicious-ip,medium,WHITE,ziyadnz/hourly-ipv4,ziyadnz|hourly,2026-08-17T18:48:05Z,2026-08-17T18:48:05Z,
212.68.34.226,ipv4,malicious-ip,medium,WHITE,ziyadnz/hourly-ipv4,ziyadnz|hourly,2026-08-17T18:48:05Z,2026-08-17T18:48:05Z,
212.68.38.69,ipv4,malicious-ip,medium,WHITE,ziyadnz/hourly-ipv4,ziyadnz|hourly,2026-08-17T18:48:05Z,2026-08-17T18:48:05Z,
212.68.58.7,ipv4,malicious-ip,medium,WHITE,ziyadnz/hourly-ipv4,ziyadnz|hourly,2026-08-17T18:48:05Z,2026-08-17T18:48:05Z,
212.69.167.80,ipv4,malicious-ip,medium,WHITE,ziyadnz/hourly-ipv4,ziyadnz|hourly,2026-08-17T18:48:05Z,2026-08-17T18:48:05Z,
212.69.85.41,ipv4,malicious-ip,medium,WHITE,ziyadnz/hourly-ipv4,ziyadnz|hourly,2026-08-17T18:48:05Z,2026-08-17T18:48:05Z,
212.70.106.89,ipv4,malicious-ip,medium,WHITE,ziyadnz/hourly-ipv4,ziyadnz|hourly,2026-08-17T18:48:05Z,2026-08-17T18:48:05Z,
212.70.119.209,ipv4,malicious-ip,medium,WHITE,ziyadnz/hourly-ipv4,ziyadnz|hourly,2026-08-17T18:48:05Z,2026-08-17T18:48:05Z,
212.70.139.162,ipv4,malicious-ip,medium,WHITE,ziyadnz/hourly-ipv4,ziyadnz|hourly,2026-08-17T18:48:05Z,2026-08-17T18:48:05Z,
212.70.149.10,ipv4,malicious-ip,medium,WHITE,ziyadnz/hourly-ipv4,ziyadnz|hourly,2026-08-17T18:48:05Z,2026-08-17T18:48:05Z,
212.70.149.14,ipv4,malicious-ip,medium,WHITE,ziyadnz/hourly-ipv4,ziyadnz|hourly,2026-08-17T18:48:05Z,2026-08-17T18:48:05Z,
212.71.250.213,ipv4,malicious-ip,medium,WHITE,ziyadnz/hourly-ipv4,ziyadnz|hourly,2026-08-17T18:48:05Z,2026-08-17T18:48:05Z,
212.72.134.178,ipv4,malicious-ip,medium,WHITE,ziyadnz/hourly-ipv4,ziyadnz|hourly,2026-08-17T18:48:05Z,2026-08-17T18:48:05Z,
212.73.134.204,ipv4,malicious-ip,medium,WHITE,ziyadnz/hourly-ipv4,ziyadnz|hourly,2026-08-17T18:48:05Z,2026-08-17T18:48:05Z,
212.73.148.0,ipv4,malicious-ip,medium,WHITE,ziyadnz/hourly-ipv4,ziyadnz|hourly,2026-08-17T18:48:05Z,2026-08-17T18:48:05Z,
212.73.148.1,ipv4,malicious-ip,medium,WHITE,ziyadnz/hourly-ipv4,ziyadnz|hourly,2026-08-17T18:48:05Z,2026-08-17T18:48:05Z,
212.73.148.10,ipv4,malicious-ip,medium,WHITE,ziyadnz/hourly-ipv4,ziyadnz|hourly,2026-08-17T18:48:05Z,2026-08-17T18:48:05Z,
212.73.148.11,ipv4,malicious-ip,medium,WHITE,ziyadnz/hourly-ipv4,ziyadnz|hourly,2026-08-17T18:48:05Z,2026-08-17T18:48:05Z,
212.73.148.12,ipv4,malicious-ip,medium,WHITE,ziyadnz/hourly-ipv4,ziyadnz|hourly,2026-08-17T18:48:05Z,2026-08-17T18:48:05Z,
212.73.148.13,ipv4,malicious-ip,medium,WHITE,ziyadnz/hourly-ipv4,ziyadnz|hourly,2026-08-17T18:48:05Z,2026-08-17T18:48:05Z,
212.73.148.14,ipv4,malicious-ip,medium,WHITE,ziyadnz/hourly-ipv4,ziyadnz|hourly,2026-08-17T18:48:05Z,2026-08-17T18:48:05Z,
212.73.148.15,ipv4,malicious-ip,medium,WHITE,ziyadnz/hourly-ipv4,ziyadnz|hourly,2026-08-17T18:48:05Z,2026-08-17T18:48:05Z,
212.73.148.16,ipv4,malicious-ip,medium,WHITE,ziyadnz/hourly-ipv4,ziyadnz|hourly,2026-08-17T18:48:05Z,2026-08-17T18:48:05Z,
212.73.148.17,ipv4,malicious-ip,medium,WHITE,ziyadnz/hourly-ipv4,ziyadnz|hourly,2026-08-17T18:48:05Z,2026-08-17T18:48:05Z,
212.73.148.18,ipv4,malicious-ip,medium,WHITE,ziyadnz/hourly-ipv4,ziyadnz|hourly,2026-08-17T18:48:05Z,2026-08-17T18:48:05Z,
212.73.148.19,ipv4,malicious-ip,medium,WHITE,ziyadnz/hourly-ipv4,ziyadnz|hourly,2026-08-17T18:48:05Z,2026-08-17T18:48:05Z,
212.73.148.2,ipv4,malicious-ip,medium,WHITE,ziyadnz/hourly-ipv4,ziyadnz|hourly,2026-08-17T18:48:05Z,2026-08-17T18:48:05Z,
212.73.148.20,ipv4,malicious-ip,medium,WHITE,ziyadnz/hourly-ipv4,ziyadnz|hourly,2026-08-17T18:48:05Z,2026-08-17T18:48:05Z,
212.73.148.21,ipv4,malicious-ip,medium,WHITE,ziyadnz/hourly-ipv4,ziyadnz|hourly,2026-08-17T18:48:05Z,2026-08-17T18:48:05Z,
212.73.148.22,ipv4,malicious-ip,medium,WHITE,ziyadnz/hourly-ipv4,ziyadnz|hourly,2026-08-17T18:48:05Z,2026-08-17T18:48:05Z,
212.73.148.23,ipv4,malicious-ip,medium,WHITE,ziyadnz/hourly-ipv4,ziyadnz|hourly,2026-08-17T18:48:05Z,2026-08-17T18:48:05Z,
212.73.148.24,ipv4,malicious-ip,medium,WHITE,ziyadnz/hourly-ipv4,ziyadnz|hourly,2026-08-17T18:48:05Z,2026-08-17T18:48:05Z,
212.73.148.25,ipv4,malicious-ip,medium,WHITE,ziyadnz/hourly-ipv4,ziyadnz|hourly,2026-08-17T18:48:05Z,2026-08-17T18:48:05Z,
212.73.148.26,ipv4,malicious-ip,medium,WHITE,ziyadnz/hourly-ipv4,ziyadnz|hourly,2026-08-17T18:48:05Z,2026-08-17T18:48:05Z,
212.73.148.27,ipv4,malicious-ip,medium,WHITE,ziyadnz/hourly-ipv4,ziyadnz|hourly,2026-08-17T18:48:05Z,2026-08-17T18:48:05Z,
212.73.148.28,ipv4,malicious-ip,medium,WHITE,ziyadnz/hourly-ipv4,ziyadnz|hourly,2026-08-17T18:48:05Z,2026-08-17T18:48:05Z,
212.73.148.29,ipv4,malicious-ip,medium,WHITE,ziyadnz/hourly-ipv4,ziyadnz|hourly,2026-08-17T18:48:05Z,2026-08-17T18:48:05Z,
212.73.148.3,ipv4,malicious-ip,medium,WHITE,ziyadnz/hourly-ipv4,ziyadnz|hourly,2026-08-17T18:48:05Z,2026-08-17T18:48:05Z,
212.73.148.30,ipv4,malicious-ip,medium,WHITE,ziyadnz/hourly-ipv4,ziyadnz|hourly,2026-08-17T18:48:05Z,2026-08-17T18:48:05Z,
212.73.148.31,ipv4,malicious-ip,medium,WHITE,ziyadnz/hourly-ipv4,ziyadnz|hourly,2026-08-17T18:48:05Z,2026-08-17T18:48:05Z,
212.73.148.32,ipv4,malicious-ip,medium,WHITE,ziyadnz/hourly-ipv4,ziyadnz|hourly,2026-08-17T18:48:05Z,2026-08-17T18:48:05Z,
212.73.148.33,ipv4,malicious-ip,medium,WHITE,ziyadnz/hourly-ipv4,ziyadnz|hourly,2026-08-17T18:48:05Z,2026-08-17T18:48:05Z,
212.73.148.34,ipv4,malicious-ip,medium,WHITE,ziyadnz/hourly-ipv4,ziyadnz|hourly,2026-08-17T18:48:05Z,2026-08-17T18:48:05Z,
212.73.148.35,ipv4,malicious-ip,medium,WHITE,ziyadnz/hourly-ipv4,ziyadnz|hourly,2026-08-17T18:48:05Z,2026-08-17T18:48:05Z,
212.73.148.36,ipv4,malicious-ip,medium,WHITE,ziyadnz/hourly-ipv4,ziyadnz|hourly,2026-08-17T18:48:05Z,2026-08-17T18:48:05Z,
212.73.148.37,ipv4,malicious-ip,medium,WHITE,ziyadnz/hourly-ipv4,ziyadnz|hourly,2026-08-17T18:48:05Z,2026-08-17T18:48:05Z,
212.73.148.38,ipv4,malicious-ip,medium,WHITE,ziyadnz/hourly-ipv4,ziyadnz|hourly,2026-08-17T18:48:05Z,2026-08-17T18:48:05Z,
212.73.148.39,ipv4,malicious-ip,medium,WHITE,ziyadnz/hourly-ipv4,ziyadnz|hourly,2026-08-17T18:48:05Z,2026-08-17T18:48:05Z,
212.73.148.4,ipv4,malicious-ip,medium,WHITE,ziyadnz/hourly-ipv4,ziyadnz|hourly,2026-08-17T18:48:05Z,2026-08-17T18:48:05Z,
212.73.148.40,ipv4,malicious-ip,medium,WHITE,ziyadnz/hourly-ipv4,ziyadnz|hourly,2026-08-17T18:48:05Z,2026-08-17T18:48:05Z,
212.73.148.41,ipv4,malicious-ip,medium,WHITE,ziyadnz/hourly-ipv4,ziyadnz|hourly,2026-08-17T18:48:05Z,2026-08-17T18:48:05Z,
212.73.148.42,ipv4,malicious-ip,medium,WHITE,ziyadnz/hourly-ipv4,ziyadnz|hourly,2026-08-17T18:48:05Z,2026-08-17T18:48:05Z,
212.73.148.5,ipv4,malicious-ip,medium,WHITE,ziyadnz/hourly-ipv4,ziyadnz|hourly,2026-08-17T18:48:05Z,2026-08-17T18:48:05Z,
212.73.148.6,ipv4,malicious-ip,medium,WHITE,ziyadnz/hourly-ipv4,ziyadnz|hourly,2026-08-17T18:48:05Z,2026-08-17T18:48:05Z,
212.73.148.7,ipv4,malicious-ip,medium,WHITE,ziyadnz/hourly-ipv4,ziyadnz|hourly,2026-08-17T18:48:05Z,2026-08-17T18:48:05Z,
212.73.148.8,ipv4,malicious-ip,medium,WHITE,ziyadnz/hourly-ipv4,ziyadnz|hourly,2026-08-17T18:48:05Z,2026-08-17T18:48:05Z,
212.73.148.9,ipv4,malicious-ip,medium,WHITE,ziyadnz/hourly-ipv4,ziyadnz|hourly,2026-08-17T18:48:05Z,2026-08-17T18:48:05Z,
212.73.217.80,ipv4,malicious-ip,medium,WHITE,ziyadnz/hourly-ipv4,ziyadnz|hourly,2026-08-17T18:48:05Z,2026-08-17T18:48:05Z,
212.73.71.136,ipv4,malicious-ip,medium,WHITE,ziyadnz/hourly-ipv4,ziyadnz|hourly,2026-08-17T18:48:05Z,2026-08-17T18:48:05Z,
212.75.196.141,ipv4,malicious-ip,medium,WHITE,ziyadnz/hourly-ipv4,ziyadnz|hourly,2026-08-17T18:48:05Z,2026-08-17T18:48:05Z,
212.77.101.100,ipv4,malicious-ip,medium,WHITE,ziyadnz/hourly-ipv4,ziyadnz|hourly,2026-08-17T18:48:05Z,2026-08-17T18:48:05Z,
212.79.122.61,ipv4,malicious-ip,medium,WHITE,ziyadnz/hourly-ipv4,ziyadnz|hourly,2026-08-17T18:48:05Z,2026-08-17T18:48:05Z,
212.79.124.99,ipv4,malicious-ip,medium,WHITE,ziyadnz/hourly-ipv4,ziyadnz|hourly,2026-08-17T18:48:05Z,2026-08-17T18:48:05Z,
212.8.242.211,ipv4,malicious-ip,medium,WHITE,ziyadnz/hourly-ipv4,ziyadnz|hourly,2026-08-17T18:48:05Z,2026-08-17T18:48:05Z,
212.8.242.38,ipv4,malicious-ip,medium,WHITE,ziyadnz/hourly-ipv4,ziyadnz|hourly,2026-08-17T18:48:05Z,2026-08-17T18:48:05Z,
212.8.248.104,ipv4,malicious-ip,medium,WHITE,ziyadnz/hourly-ipv4,ziyadnz|hourly,2026-08-17T18:48:05Z,2026-08-17T18:48:05Z,
212.8.39.72,ipv4,malicious-ip,medium,WHITE,ziyadnz/hourly-ipv4,ziyadnz|hourly,2026-08-17T18:48:05Z,2026-08-17T18:48:05Z,
212.80.7.21,ipv4,malicious-ip,medium,WHITE,ziyadnz/hourly-ipv4,ziyadnz|hourly,2026-08-17T18:48:05Z,2026-08-17T18:48:05Z,
212.81.47.243,ipv4,malicious-ip,medium,WHITE,ziyadnz/hourly-ipv4,ziyadnz|hourly,2026-08-17T18:48:05Z,2026-08-17T18:48:05Z,
212.81.54.81,ipv4,malicious-ip,medium,WHITE,ziyadnz/hourly-ipv4,ziyadnz|hourly,2026-08-17T18:48:05Z,2026-08-17T18:48:05Z,
212.83.176.122,ipv4,malicious-ip,medium,WHITE,ziyadnz/hourly-ipv4,ziyadnz|hourly,2026-08-17T18:48:05Z,2026-08-17T18:48:05Z,
212.83.184.12,ipv4,malicious-ip,medium,WHITE,ziyadnz/hourly-ipv4,ziyadnz|hourly,2026-08-17T18:48:05Z,2026-08-17T18:48:05Z,
212.83.184.13,ipv4,malicious-ip,medium,WHITE,ziyadnz/hourly-ipv4,ziyadnz|hourly,2026-08-17T18:48:05Z,2026-08-17T18:48:05Z,
212.83.184.16,ipv4,malicious-ip,medium,WHITE,ziyadnz/hourly-ipv4,ziyadnz|hourly,2026-08-17T18:48:05Z,2026-08-17T18:48:05Z,
212.83.184.17,ipv4,malicious-ip,medium,WHITE,ziyadnz/hourly-ipv4,ziyadnz|hourly,2026-08-17T18:48:05Z,2026-08-17T18:48:05Z,
212.83.184.42,ipv4,malicious-ip,medium,WHITE,ziyadnz/hourly-ipv4,ziyadnz|hourly,2026-08-17T18:48:05Z,2026-08-17T18:48:05Z,
212.83.186.8,ipv4,malicious-ip,medium,WHITE,ziyadnz/hourly-ipv4,ziyadnz|hourly,2026-08-17T18:48:05Z,2026-08-17T18:48:05Z,
212.83.190.143,ipv4,malicious-ip,medium,WHITE,ziyadnz/hourly-ipv4,ziyadnz|hourly,2026-08-17T18:48:05Z,2026-08-17T18:48:05Z,
212.86.115.52,ipv4,malicious-ip,medium,WHITE,ziyadnz/hourly-ipv4,ziyadnz|hourly,2026-08-17T18:48:05Z,2026-08-17T18:48:05Z,
212.86.125.138,ipv4,malicious-ip,medium,WHITE,ziyadnz/hourly-ipv4,ziyadnz|hourly,2026-08-17T18:48:05Z,2026-08-17T18:48:05Z,
212.87.169.32,ipv4,malicious-ip,medium,WHITE,ziyadnz/hourly-ipv4,ziyadnz|hourly,2026-08-17T18:48:05Z,2026-08-17T18:48:05Z,
212.87.198.203,ipv4,malicious-ip,medium,WHITE,ziyadnz/hourly-ipv4,ziyadnz|hourly,2026-08-17T18:48:05Z,2026-08-17T18:48:05Z,
212.87.204.103,ipv4,malicious-ip,medium,WHITE,ziyadnz/hourly-ipv4,ziyadnz|hourly,2026-08-17T18:48:05Z,2026-08-17T18:48:05Z,
212.87.204.83,ipv4,malicious-ip,medium,WHITE,ziyadnz/hourly-ipv4,ziyadnz|hourly,2026-08-17T18:48:05Z,2026-08-17T18:48:05Z,
212.87.212.115,ipv4,malicious-ip,medium,WHITE,ziyadnz/hourly-ipv4,ziyadnz|hourly,2026-08-17T18:48:05Z,2026-08-17T18:48:05Z,
212.87.212.27,ipv4,malicious-ip,medium,WHITE,ziyadnz/hourly-ipv4,ziyadnz|hourly,2026-08-17T18:48:05Z,2026-08-17T18:48:05Z,
212.87.222.222,ipv4,malicious-ip,medium,WHITE,ziyadnz/hourly-ipv4,ziyadnz|hourly,2026-08-17T18:48:05Z,2026-08-17T18:48:05Z,
212.87.243.112,ipv4,malicious-ip,medium,WHITE,ziyadnz/hourly-ipv4,ziyadnz|hourly,2026-08-17T18:48:05Z,2026-08-17T18:48:05Z,
212.87.243.85,ipv4,malicious-ip,medium,WHITE,ziyadnz/hourly-ipv4,ziyadnz|hourly,2026-08-17T18:48:05Z,2026-08-17T18:48:05Z,
212.87.249.76,ipv4,malicious-ip,medium,WHITE,ziyadnz/hourly-ipv4,ziyadnz|hourly,2026-08-17T18:48:05Z,2026-08-17T18:48:05Z,
212.87.249.99,ipv4,malicious-ip,medium,WHITE,ziyadnz/hourly-ipv4,ziyadnz|hourly,2026-08-17T18:48:05Z,2026-08-17T18:48:05Z,
212.90.120.154,ipv4,malicious-ip,medium,WHITE,ziyadnz/hourly-ipv4,ziyadnz|hourly,2026-08-17T18:48:05Z,2026-08-17T18:48:05Z,
212.90.60.176,ipv4,malicious-ip,medium,WHITE,ziyadnz/hourly-ipv4,ziyadnz|hourly,2026-08-17T18:48:05Z,2026-08-17T18:48:05Z,
212.90.61.93,ipv4,malicious-ip,medium,WHITE,ziyadnz/hourly-ipv4,ziyadnz|hourly,2026-08-17T18:48:05Z,2026-08-17T18:48:05Z,
212.90.63.168,ipv4,malicious-ip,medium,WHITE,ziyadnz/hourly-ipv4,ziyadnz|hourly,2026-08-17T18:48:05Z,2026-08-17T18:48:05Z,
212.91.161.162,ipv4,malicious-ip,medium,WHITE,ziyadnz/hourly-ipv4,ziyadnz|hourly,2026-08-17T18:48:05Z,2026-08-17T18:48:05Z,
212.92.240.97,ipv4,malicious-ip,medium,WHITE,ziyadnz/hourly-ipv4,ziyadnz|hourly,2026-08-17T18:48:05Z,2026-08-17T18:48:05Z,
212.95.50.243,ipv4,malicious-ip,medium,WHITE,ziyadnz/hourly-ipv4,ziyadnz|hourly,2026-08-17T18:48:05Z,2026-08-17T18:48:05Z,
212.95.50.77,ipv4,malicious-ip,medium,WHITE,ziyadnz/hourly-ipv4,ziyadnz|hourly,2026-08-17T18:48:05Z,2026-08-17T18:48:05Z,
212.98.59.42,ipv4,malicious-ip,medium,WHITE,ziyadnz/hourly-ipv4,ziyadnz|hourly,2026-08-17T18:48:05Z,2026-08-17T18:48:05Z,
213.100.10.125,ipv4,malicious-ip,medium,WHITE,ziyadnz/hourly-ipv4,ziyadnz|hourly,2026-08-17T18:48:05Z,2026-08-17T18:48:05Z,
213.102.87.237,ipv4,malicious-ip,medium,WHITE,ziyadnz/hourly-ipv4,ziyadnz|hourly,2026-08-17T18:48:05Z,2026-08-17T18:48:05Z,
213.108.214.162,ipv4,malicious-ip,medium,WHITE,ziyadnz/hourly-ipv4,ziyadnz|hourly,2026-08-17T18:48:05Z,2026-08-17T18:48:05Z,
213.108.243.188,ipv4,malicious-ip,medium,WHITE,ziyadnz/hourly-ipv4,ziyadnz|hourly,2026-08-17T18:48:05Z,2026-08-17T18:48:05Z,
213.109.135.58,ipv4,malicious-ip,medium,WHITE,ziyadnz/hourly-ipv4,ziyadnz|hourly,2026-08-17T18:48:05Z,2026-08-17T18:48:05Z,
213.109.147.28,ipv4,malicious-ip,medium,WHITE,ziyadnz/hourly-ipv4,ziyadnz|hourly,2026-08-17T18:48:05Z,2026-08-17T18:48:05Z,
213.109.147.63,ipv4,malicious-ip,medium,WHITE,ziyadnz/hourly-ipv4,ziyadnz|hourly,2026-08-17T18:48:05Z,2026-08-17T18:48:05Z,
213.109.192.230,ipv4,malicious-ip,medium,WHITE,ziyadnz/hourly-ipv4,ziyadnz|hourly,2026-08-17T18:48:05Z,2026-08-17T18:48:05Z,
213.109.226.18,ipv4,malicious-ip,medium,WHITE,ziyadnz/hourly-ipv4,ziyadnz|hourly,2026-08-17T18:48:05Z,2026-08-17T18:48:05Z,
213.109.231.246,ipv4,malicious-ip,medium,WHITE,ziyadnz/hourly-ipv4,ziyadnz|hourly,2026-08-17T18:48:05Z,2026-08-17T18:48:05Z,
213.109.66.157,ipv4,malicious-ip,medium,WHITE,ziyadnz/hourly-ipv4,ziyadnz|hourly,2026-08-17T18:48:05Z,2026-08-17T18:48:05Z,
213.109.87.58,ipv4,malicious-ip,medium,WHITE,ziyadnz/hourly-ipv4,ziyadnz|hourly,2026-08-17T18:48:05Z,2026-08-17T18:48:05Z,
213.110.117.120,ipv4,malicious-ip,medium,WHITE,ziyadnz/hourly-ipv4,ziyadnz|hourly,2026-08-17T18:48:05Z,2026-08-17T18:48:05Z,
213.110.127.27,ipv4,malicious-ip,medium,WHITE,ziyadnz/hourly-ipv4,ziyadnz|hourly,2026-08-17T18:48:05Z,2026-08-17T18:48:05Z,
213.110.254.192,ipv4,malicious-ip,medium,WHITE,ziyadnz/hourly-ipv4,ziyadnz|hourly,2026-08-17T18:48:05Z,2026-08-17T18:48:05Z,
213.110.96.193,ipv4,malicious-ip,medium,WHITE,ziyadnz/hourly-ipv4,ziyadnz|hourly,2026-08-17T18:48:05Z,2026-08-17T18:48:05Z,
213.111.144.15,ipv4,malicious-ip,medium,WHITE,ziyadnz/hourly-ipv4,ziyadnz|hourly,2026-08-17T18:48:05Z,2026-08-17T18:48:05Z,
213.111.148.30,ipv4,malicious-ip,medium,WHITE,ziyadnz/hourly-ipv4,ziyadnz|hourly,2026-08-17T18:48:05Z,2026-08-17T18:48:05Z,
213.111.192.195,ipv4,malicious-ip,medium,WHITE,ziyadnz/hourly-ipv4,ziyadnz|hourly,2026-08-17T18:48:05Z,2026-08-17T18:48:05Z,
213.111.66.25,ipv4,malicious-ip,medium,WHITE,ziyadnz/hourly-ipv4,ziyadnz|hourly,2026-08-17T18:48:05Z,2026-08-17T18:48:05Z,
213.112.200.6,ipv4,malicious-ip,medium,WHITE,ziyadnz/hourly-ipv4,ziyadnz|hourly,2026-08-17T18:48:05Z,2026-08-17T18:48:05Z,
213.112.52.75,ipv4,malicious-ip,medium,WHITE,ziyadnz/hourly-ipv4,ziyadnz|hourly,2026-08-17T18:48:05Z,2026-08-17T18:48:05Z,
213.125.196.142,ipv4,malicious-ip,medium,WHITE,ziyadnz/hourly-ipv4,ziyadnz|hourly,2026-08-17T18:48:05Z,2026-08-17T18:48:05Z,
213.127.244.74,ipv4,malicious-ip,medium,WHITE,ziyadnz/hourly-ipv4,ziyadnz|hourly,2026-08-17T18:48:05Z,2026-08-17T18:48:05Z,
213.130.144.69,ipv4,malicious-ip,medium,WHITE,ziyadnz/hourly-ipv4,ziyadnz|hourly,2026-08-17T18:48:05Z,2026-08-17T18:48:05Z,
213.130.207.177,ipv4,malicious-ip,medium,WHITE,ziyadnz/hourly-ipv4,ziyadnz|hourly,2026-08-17T18:48:05Z,2026-08-17T18:48:05Z,
213.131.33.2,ipv4,malicious-ip,medium,WHITE,ziyadnz/hourly-ipv4,ziyadnz|hourly,2026-08-17T18:48:05Z,2026-08-17T18:48:05Z,
213.131.64.123,ipv4,malicious-ip,medium,WHITE,ziyadnz/hourly-ipv4,ziyadnz|hourly,2026-08-17T18:48:05Z,2026-08-17T18:48:05Z,
213.133.127.112,ipv4,malicious-ip,medium,WHITE,ziyadnz/hourly-ipv4,ziyadnz|hourly,2026-08-17T18:48:05Z,2026-08-17T18:48:05Z,
213.134.184.167,ipv4,malicious-ip,medium,WHITE,ziyadnz/hourly-ipv4,ziyadnz|hourly,2026-08-17T18:48:05Z,2026-08-17T18:48:05Z,
213.135.168.228,ipv4,malicious-ip,medium,WHITE,ziyadnz/hourly-ipv4,ziyadnz|hourly,2026-08-17T18:48:05Z,2026-08-17T18:48:05Z,
213.135.171.171,ipv4,malicious-ip,medium,WHITE,ziyadnz/hourly-ipv4,ziyadnz|hourly,2026-08-17T18:48:05Z,2026-08-17T18:48:05Z,
213.136.66.217,ipv4,malicious-ip,medium,WHITE,ziyadnz/hourly-ipv4,ziyadnz|hourly,2026-08-17T18:48:05Z,2026-08-17T18:48:05Z,
213.136.67.189,ipv4,malicious-ip,medium,WHITE,ziyadnz/hourly-ipv4,ziyadnz|hourly,2026-08-17T18:48:05Z,2026-08-17T18:48:05Z,
213.136.69.234,ipv4,malicious-ip,medium,WHITE,ziyadnz/hourly-ipv4,ziyadnz|hourly,2026-08-17T18:48:05Z,2026-08-17T18:48:05Z,
213.136.78.123,ipv4,malicious-ip,medium,WHITE,ziyadnz/hourly-ipv4,ziyadnz|hourly,2026-08-17T18:48:05Z,2026-08-17T18:48:05Z,
213.136.79.158,ipv4,malicious-ip,medium,WHITE,ziyadnz/hourly-ipv4,ziyadnz|hourly,2026-08-17T18:48:05Z,2026-08-17T18:48:05Z,
213.136.81.64,ipv4,malicious-ip,medium,WHITE,ziyadnz/hourly-ipv4,ziyadnz|hourly,2026-08-17T18:48:05Z,2026-08-17T18:48:05Z,
213.136.88.186,ipv4,malicious-ip,medium,WHITE,ziyadnz/hourly-ipv4,ziyadnz|hourly,2026-08-17T18:48:05Z,2026-08-17T18:48:05Z,
213.136.91.180,ipv4,malicious-ip,medium,WHITE,ziyadnz/hourly-ipv4,ziyadnz|hourly,2026-08-17T18:48:05Z,2026-08-17T18:48:05Z,
213.136.92.48,ipv4,malicious-ip,medium,WHITE,ziyadnz/hourly-ipv4,ziyadnz|hourly,2026-08-17T18:48:05Z,2026-08-17T18:48:05Z,
213.137.8.19,ipv4,malicious-ip,medium,WHITE,ziyadnz/hourly-ipv4,ziyadnz|hourly,2026-08-17T18:48:05Z,2026-08-17T18:48:05Z,
213.139.195.245,ipv4,malicious-ip,medium,WHITE,ziyadnz/hourly-ipv4,ziyadnz|hourly,2026-08-17T18:48:05Z,2026-08-17T18:48:05Z,
213.139.205.131,ipv4,malicious-ip,medium,WHITE,ziyadnz/hourly-ipv4,ziyadnz|hourly,2026-08-17T18:48:05Z,2026-08-17T18:48:05Z,
213.139.212.46,ipv4,malicious-ip,medium,WHITE,ziyadnz/hourly-ipv4,ziyadnz|hourly,2026-08-17T18:48:05Z,2026-08-17T18:48:05Z,
213.139.77.109,ipv4,malicious-ip,medium,WHITE,ziyadnz/hourly-ipv4,ziyadnz|hourly,2026-08-17T18:48:05Z,2026-08-17T18:48:05Z,
213.14.19.187,ipv4,malicious-ip,medium,WHITE,ziyadnz/hourly-ipv4,ziyadnz|hourly,2026-08-17T18:48:05Z,2026-08-17T18:48:05Z,
213.14.191.52,ipv4,malicious-ip,medium,WHITE,ziyadnz/hourly-ipv4,ziyadnz|hourly,2026-08-17T18:48:05Z,2026-08-17T18:48:05Z,
213.14.29.250,ipv4,malicious-ip,medium,WHITE,ziyadnz/hourly-ipv4,ziyadnz|hourly,2026-08-17T18:48:05Z,2026-08-17T18:48:05Z,
213.14.61.155,ipv4,malicious-ip,medium,WHITE,ziyadnz/hourly-ipv4,ziyadnz|hourly,2026-08-17T18:48:05Z,2026-08-17T18:48:05Z,
213.14.61.158,ipv4,malicious-ip,medium,WHITE,ziyadnz/hourly-ipv4,ziyadnz|hourly,2026-08-17T18:48:05Z,2026-08-17T18:48:05Z,
213.142.147.235,ipv4,malicious-ip,medium,WHITE,ziyadnz/hourly-ipv4,ziyadnz|hourly,2026-08-17T18:48:05Z,2026-08-17T18:48:05Z,
213.142.152.134,ipv4,malicious-ip,medium,WHITE,ziyadnz/hourly-ipv4,ziyadnz|hourly,2026-08-17T18:48:05Z,2026-08-17T18:48:05Z,
213.142.159.75,ipv4,malicious-ip,medium,WHITE,ziyadnz/hourly-ipv4,ziyadnz|hourly,2026-08-17T18:48:05Z,2026-08-17T18:48:05Z,
213.144.197.213,ipv4,malicious-ip,medium,WHITE,ziyadnz/hourly-ipv4,ziyadnz|hourly,2026-08-17T18:48:05Z,2026-08-17T18:48:05Z,
213.145.157.190,ipv4,malicious-ip,medium,WHITE,ziyadnz/hourly-ipv4,ziyadnz|hourly,2026-08-17T18:48:05Z,2026-08-17T18:48:05Z,
213.145.86.112,ipv4,malicious-ip,medium,WHITE,ziyadnz/hourly-ipv4,ziyadnz|hourly,2026-08-17T18:48:05Z,2026-08-17T18:48:05Z,
213.145.86.42,ipv4,malicious-ip,medium,WHITE,ziyadnz/hourly-ipv4,ziyadnz|hourly,2026-08-17T18:48:05Z,2026-08-17T18:48:05Z,
213.146.169.114,ipv4,malicious-ip,medium,WHITE,ziyadnz/hourly-ipv4,ziyadnz|hourly,2026-08-17T18:48:05Z,2026-08-17T18:48:05Z,
213.148.23.65,ipv4,malicious-ip,medium,WHITE,ziyadnz/hourly-ipv4,ziyadnz|hourly,2026-08-17T18:48:05Z,2026-08-17T18:48:05Z,
213.148.31.24,ipv4,malicious-ip,medium,WHITE,ziyadnz/hourly-ipv4,ziyadnz|hourly,2026-08-17T18:48:05Z,2026-08-17T18:48:05Z,
213.152.161.157,ipv4,malicious-ip,medium,WHITE,ziyadnz/hourly-ipv4,ziyadnz|hourly,2026-08-17T18:48:05Z,2026-08-17T18:48:05Z,
213.152.162.189,ipv4,malicious-ip,medium,WHITE,ziyadnz/hourly-ipv4,ziyadnz|hourly,2026-08-17T18:48:05Z,2026-08-17T18:48:05Z,
213.152.186.188,ipv4,malicious-ip,medium,WHITE,ziyadnz/hourly-ipv4,ziyadnz|hourly,2026-08-17T18:48:05Z,2026-08-17T18:48:05Z,
213.153.174.23,ipv4,malicious-ip,medium,WHITE,ziyadnz/hourly-ipv4,ziyadnz|hourly,2026-08-17T18:48:05Z,2026-08-17T18:48:05Z,
213.153.223.90,ipv4,malicious-ip,medium,WHITE,ziyadnz/hourly-ipv4,ziyadnz|hourly,2026-08-17T18:48:05Z,2026-08-17T18:48:05Z,
213.154.16.35,ipv4,malicious-ip,medium,WHITE,ziyadnz/hourly-ipv4,ziyadnz|hourly,2026-08-17T18:48:05Z,2026-08-17T18:48:05Z,
213.154.2.30,ipv4,malicious-ip,medium,WHITE,ziyadnz/hourly-ipv4,ziyadnz|hourly,2026-08-17T18:48:05Z,2026-08-17T18:48:05Z,
213.154.77.61,ipv4,malicious-ip,medium,WHITE,ziyadnz/hourly-ipv4,ziyadnz|hourly,2026-08-17T18:48:05Z,2026-08-17T18:48:05Z,
213.156.4.12,ipv4,malicious-ip,medium,WHITE,ziyadnz/hourly-ipv4,ziyadnz|hourly,2026-08-17T18:48:05Z,2026-08-17T18:48:05Z,
213.157.186.15,ipv4,malicious-ip,medium,WHITE,ziyadnz/hourly-ipv4,ziyadnz|hourly,2026-08-17T18:48:05Z,2026-08-17T18:48:05Z,
213.157.186.43,ipv4,malicious-ip,medium,WHITE,ziyadnz/hourly-ipv4,ziyadnz|hourly,2026-08-17T18:48:05Z,2026-08-17T18:48:05Z,
213.160.161.200,ipv4,malicious-ip,medium,WHITE,ziyadnz/hourly-ipv4,ziyadnz|hourly,2026-08-17T18:48:05Z,2026-08-17T18:48:05Z,
213.160.170.164,ipv4,malicious-ip,medium,WHITE,ziyadnz/hourly-ipv4,ziyadnz|hourly,2026-08-17T18:48:05Z,2026-08-17T18:48:05Z,
213.163.111.111,ipv4,malicious-ip,medium,WHITE,ziyadnz/hourly-ipv4,ziyadnz|hourly,2026-08-17T18:48:05Z,2026-08-17T18:48:05Z,
213.163.42.68,ipv4,malicious-ip,medium,WHITE,ziyadnz/hourly-ipv4,ziyadnz|hourly,2026-08-17T18:48:05Z,2026-08-17T18:48:05Z,
213.165.25.103,ipv4,malicious-ip,medium,WHITE,ziyadnz/hourly-ipv4,ziyadnz|hourly,2026-08-17T18:48:05Z,2026-08-17T18:48:05Z,
213.165.25.104,ipv4,malicious-ip,medium,WHITE,ziyadnz/hourly-ipv4,ziyadnz|hourly,2026-08-17T18:48:05Z,2026-08-17T18:48:05Z,
213.165.25.107,ipv4,malicious-ip,medium,WHITE,ziyadnz/hourly-ipv4,ziyadnz|hourly,2026-08-17T18:48:05Z,2026-08-17T18:48:05Z,
213.165.40.177,ipv4,malicious-ip,medium,WHITE,ziyadnz/hourly-ipv4,ziyadnz|hourly,2026-08-17T18:48:05Z,2026-08-17T18:48:05Z,
213.165.51.115,ipv4,malicious-ip,medium,WHITE,ziyadnz/hourly-ipv4,ziyadnz|hourly,2026-08-17T18:48:05Z,2026-08-17T18:48:05Z,
213.165.58.7,ipv4,malicious-ip,medium,WHITE,ziyadnz/hourly-ipv4,ziyadnz|hourly,2026-08-17T18:48:05Z,2026-08-17T18:48:05Z,
213.165.63.49,ipv4,malicious-ip,medium,WHITE,ziyadnz/hourly-ipv4,ziyadnz|hourly,2026-08-17T18:48:05Z,2026-08-17T18:48:05Z,
213.165.70.217,ipv4,malicious-ip,medium,WHITE,ziyadnz/hourly-ipv4,ziyadnz|hourly,2026-08-17T18:48:05Z,2026-08-17T18:48:05Z,
213.165.74.84,ipv4,malicious-ip,medium,WHITE,ziyadnz/hourly-ipv4,ziyadnz|hourly,2026-08-17T18:48:05Z,2026-08-17T18:48:05Z,
213.165.79.15,ipv4,malicious-ip,medium,WHITE,ziyadnz/hourly-ipv4,ziyadnz|hourly,2026-08-17T18:48:05Z,2026-08-17T18:48:05Z,
213.165.84.186,ipv4,malicious-ip,medium,WHITE,ziyadnz/hourly-ipv4,ziyadnz|hourly,2026-08-17T18:48:05Z,2026-08-17T18:48:05Z,
213.166.84.0,ipv4,malicious-ip,medium,WHITE,ziyadnz/hourly-ipv4,ziyadnz|hourly,2026-08-17T18:48:05Z,2026-08-17T18:48:05Z,
213.166.84.34,ipv4,malicious-ip,medium,WHITE,ziyadnz/hourly-ipv4,ziyadnz|hourly,2026-08-17T18:48:05Z,2026-08-17T18:48:05Z,
213.166.84.35,ipv4,malicious-ip,medium,WHITE,ziyadnz/hourly-ipv4,ziyadnz|hourly,2026-08-17T18:48:05Z,2026-08-17T18:48:05Z,
213.166.84.36,ipv4,malicious-ip,medium,WHITE,ziyadnz/hourly-ipv4,ziyadnz|hourly,2026-08-17T18:48:05Z,2026-08-17T18:48:05Z,
213.166.84.37,ipv4,malicious-ip,medium,WHITE,ziyadnz/hourly-ipv4,ziyadnz|hourly,2026-08-17T18:48:05Z,2026-08-17T18:48:05Z,
213.166.84.38,ipv4,malicious-ip,medium,WHITE,ziyadnz/hourly-ipv4,ziyadnz|hourly,2026-08-17T18:48:05Z,2026-08-17T18:48:05Z,
213.166.84.39,ipv4,malicious-ip,medium,WHITE,ziyadnz/hourly-ipv4,ziyadnz|hourly,2026-08-17T18:48:05Z,2026-08-17T18:48:05Z,
213.166.84.40,ipv4,malicious-ip,medium,WHITE,ziyadnz/hourly-ipv4,ziyadnz|hourly,2026-08-17T18:48:05Z,2026-08-17T18:48:05Z,
213.166.84.41,ipv4,malicious-ip,medium,WHITE,ziyadnz/hourly-ipv4,ziyadnz|hourly,2026-08-17T18:48:05Z,2026-08-17T18:48:05Z,
213.166.84.42,ipv4,malicious-ip,medium,WHITE,ziyadnz/hourly-ipv4,ziyadnz|hourly,2026-08-17T18:48:05Z,2026-08-17T18:48:05Z,
213.166.84.43,ipv4,malicious-ip,medium,WHITE,ziyadnz/hourly-ipv4,ziyadnz|hourly,2026-08-17T18:48:05Z,2026-08-17T18:48:05Z,
213.166.84.44,ipv4,malicious-ip,medium,WHITE,ziyadnz/hourly-ipv4,ziyadnz|hourly,2026-08-17T18:48:05Z,2026-08-17T18:48:05Z,
213.166.84.45,ipv4,malicious-ip,medium,WHITE,ziyadnz/hourly-ipv4,ziyadnz|hourly,2026-08-17T18:48:05Z,2026-08-17T18:48:05Z,
213.166.84.46,ipv4,malicious-ip,medium,WHITE,ziyadnz/hourly-ipv4,ziyadnz|hourly,2026-08-17T18:48:05Z,2026-08-17T18:48:05Z,
213.166.84.47,ipv4,malicious-ip,medium,WHITE,ziyadnz/hourly-ipv4,ziyadnz|hourly,2026-08-17T18:48:05Z,2026-08-17T18:48:05Z,
213.166.84.48,ipv4,malicious-ip,medium,WHITE,ziyadnz/hourly-ipv4,ziyadnz|hourly,2026-08-17T18:48:05Z,2026-08-17T18:48:05Z,
213.166.84.49,ipv4,malicious-ip,medium,WHITE,ziyadnz/hourly-ipv4,ziyadnz|hourly,2026-08-17T18:48:05Z,2026-08-17T18:48:05Z,
213.166.84.50,ipv4,malicious-ip,medium,WHITE,ziyadnz/hourly-ipv4,ziyadnz|hourly,2026-08-17T18:48:05Z,2026-08-17T18:48:05Z,
213.166.84.51,ipv4,malicious-ip,medium,WHITE,ziyadnz/hourly-ipv4,ziyadnz|hourly,2026-08-17T18:48:05Z,2026-08-17T18:48:05Z,
213.166.84.52,ipv4,malicious-ip,medium,WHITE,ziyadnz/hourly-ipv4,ziyadnz|hourly,2026-08-17T18:48:05Z,2026-08-17T18:48:05Z,
213.166.84.53,ipv4,malicious-ip,medium,WHITE,ziyadnz/hourly-ipv4,ziyadnz|hourly,2026-08-17T18:48:05Z,2026-08-17T18:48:05Z,
213.166.84.54,ipv4,malicious-ip,medium,WHITE,ziyadnz/hourly-ipv4,ziyadnz|hourly,2026-08-17T18:48:05Z,2026-08-17T18:48:05Z,
213.166.84.55,ipv4,malicious-ip,medium,WHITE,ziyadnz/hourly-ipv4,ziyadnz|hourly,2026-08-17T18:48:05Z,2026-08-17T18:48:05Z,
213.166.84.56,ipv4,malicious-ip,medium,WHITE,ziyadnz/hourly-ipv4,ziyadnz|hourly,2026-08-17T18:48:05Z,2026-08-17T18:48:05Z,
213.166.84.57,ipv4,malicious-ip,medium,WHITE,ziyadnz/hourly-ipv4,ziyadnz|hourly,2026-08-17T18:48:05Z,2026-08-17T18:48:05Z,
213.166.84.58,ipv4,malicious-ip,medium,WHITE,ziyadnz/hourly-ipv4,ziyadnz|hourly,2026-08-17T18:48:05Z,2026-08-17T18:48:05Z,
213.166.84.59,ipv4,malicious-ip,medium,WHITE,ziyadnz/hourly-ipv4,ziyadnz|hourly,2026-08-17T18:48:05Z,2026-08-17T18:48:05Z,
213.166.84.60,ipv4,malicious-ip,medium,WHITE,ziyadnz/hourly-ipv4,ziyadnz|hourly,2026-08-17T18:48:05Z,2026-08-17T18:48:05Z,
213.166.84.61,ipv4,malicious-ip,medium,WHITE,ziyadnz/hourly-ipv4,ziyadnz|hourly,2026-08-17T18:48:05Z,2026-08-17T18:48:05Z,
213.166.84.62,ipv4,malicious-ip,medium,WHITE,ziyadnz/hourly-ipv4,ziyadnz|hourly,2026-08-17T18:48:05Z,2026-08-17T18:48:05Z,
213.167.224.67,ipv4,malicious-ip,medium,WHITE,ziyadnz/hourly-ipv4,ziyadnz|hourly,2026-08-17T18:48:05Z,2026-08-17T18:48:05Z,
213.167.43.130,ipv4,malicious-ip,medium,WHITE,ziyadnz/hourly-ipv4,ziyadnz|hourly,2026-08-17T18:48:05Z,2026-08-17T18:48:05Z,
213.168.248.72,ipv4,malicious-ip,medium,WHITE,ziyadnz/hourly-ipv4,ziyadnz|hourly,2026-08-17T18:48:05Z,2026-08-17T18:48:05Z,
213.170.75.150,ipv4,malicious-ip,medium,WHITE,ziyadnz/hourly-ipv4,ziyadnz|hourly,2026-08-17T18:48:05Z,2026-08-17T18:48:05Z,
213.171.17.74,ipv4,malicious-ip,medium,WHITE,ziyadnz/hourly-ipv4,ziyadnz|hourly,2026-08-17T18:48:05Z,2026-08-17T18:48:05Z,
213.171.20.109,ipv4,malicious-ip,medium,WHITE,ziyadnz/hourly-ipv4,ziyadnz|hourly,2026-08-17T18:48:05Z,2026-08-17T18:48:05Z,
213.171.211.213,ipv4,malicious-ip,medium,WHITE,ziyadnz/hourly-ipv4,ziyadnz|hourly,2026-08-17T18:48:05Z,2026-08-17T18:48:05Z,
213.171.4.200,ipv4,malicious-ip,medium,WHITE,ziyadnz/hourly-ipv4,ziyadnz|hourly,2026-08-17T18:48:05Z,2026-08-17T18:48:05Z,
213.171.8.16,ipv4,malicious-ip,medium,WHITE,ziyadnz/hourly-ipv4,ziyadnz|hourly,2026-08-17T18:48:05Z,2026-08-17T18:48:05Z,
213.171.9.168,ipv4,malicious-ip,medium,WHITE,ziyadnz/hourly-ipv4,ziyadnz|hourly,2026-08-17T18:48:05Z,2026-08-17T18:48:05Z,
213.172.155.54,ipv4,malicious-ip,medium,WHITE,ziyadnz/hourly-ipv4,ziyadnz|hourly,2026-08-17T18:48:05Z,2026-08-17T18:48:05Z,
213.173.105.107,ipv4,malicious-ip,medium,WHITE,ziyadnz/hourly-ipv4,ziyadnz|hourly,2026-08-17T18:48:05Z,2026-08-17T18:48:05Z,
213.173.45.230,ipv4,malicious-ip,medium,WHITE,ziyadnz/hourly-ipv4,ziyadnz|hourly,2026-08-17T18:48:05Z,2026-08-17T18:48:05Z,
213.174.0.220,ipv4,malicious-ip,medium,WHITE,ziyadnz/hourly-ipv4,ziyadnz|hourly,2026-08-17T18:48:05Z,2026-08-17T18:48:05Z,
213.174.0.92,ipv4,malicious-ip,medium,WHITE,ziyadnz/hourly-ipv4,ziyadnz|hourly,2026-08-17T18:48:05Z,2026-08-17T18:48:05Z,
213.174.1.225,ipv4,malicious-ip,medium,WHITE,ziyadnz/hourly-ipv4,ziyadnz|hourly,2026-08-17T18:48:05Z,2026-08-17T18:48:05Z,
213.174.1.231,ipv4,malicious-ip,medium,WHITE,ziyadnz/hourly-ipv4,ziyadnz|hourly,2026-08-17T18:48:05Z,2026-08-17T18:48:05Z,
213.174.10.16,ipv4,malicious-ip,medium,WHITE,ziyadnz/hourly-ipv4,ziyadnz|hourly,2026-08-17T18:48:05Z,2026-08-17T18:48:05Z,
213.174.10.21,ipv4,malicious-ip,medium,WHITE,ziyadnz/hourly-ipv4,ziyadnz|hourly,2026-08-17T18:48:05Z,2026-08-17T18:48:05Z,
213.174.10.241,ipv4,malicious-ip,medium,WHITE,ziyadnz/hourly-ipv4,ziyadnz|hourly,2026-08-17T18:48:05Z,2026-08-17T18:48:05Z,
213.174.10.245,ipv4,malicious-ip,medium,WHITE,ziyadnz/hourly-ipv4,ziyadnz|hourly,2026-08-17T18:48:05Z,2026-08-17T18:48:05Z,
213.174.2.208,ipv4,malicious-ip,medium,WHITE,ziyadnz/hourly-ipv4,ziyadnz|hourly,2026-08-17T18:48:05Z,2026-08-17T18:48:05Z,
213.174.21.0,ipv4,malicious-ip,medium,WHITE,ziyadnz/hourly-ipv4,ziyadnz|hourly,2026-08-17T18:48:05Z,2026-08-17T18:48:05Z,
213.174.21.235,ipv4,malicious-ip,medium,WHITE,ziyadnz/hourly-ipv4,ziyadnz|hourly,2026-08-17T18:48:05Z,2026-08-17T18:48:05Z,
213.174.21.24,ipv4,malicious-ip,medium,WHITE,ziyadnz/hourly-ipv4,ziyadnz|hourly,2026-08-17T18:48:05Z,2026-08-17T18:48:05Z,
213.174.21.30,ipv4,malicious-ip,medium,WHITE,ziyadnz/hourly-ipv4,ziyadnz|hourly,2026-08-17T18:48:05Z,2026-08-17T18:48:05Z,
213.174.21.38,ipv4,malicious-ip,medium,WHITE,ziyadnz/hourly-ipv4,ziyadnz|hourly,2026-08-17T18:48:05Z,2026-08-17T18:48:05Z,
213.174.21.49,ipv4,malicious-ip,medium,WHITE,ziyadnz/hourly-ipv4,ziyadnz|hourly,2026-08-17T18:48:05Z,2026-08-17T18:48:05Z,
213.174.21.54,ipv4,malicious-ip,medium,WHITE,ziyadnz/hourly-ipv4,ziyadnz|hourly,2026-08-17T18:48:05Z,2026-08-17T18:48:05Z,
213.176.113.168,ipv4,malicious-ip,medium,WHITE,ziyadnz/hourly-ipv4,ziyadnz|hourly,2026-08-17T18:48:05Z,2026-08-17T18:48:05Z,
213.176.119.192,ipv4,malicious-ip,medium,WHITE,ziyadnz/hourly-ipv4,ziyadnz|hourly,2026-08-17T18:48:05Z,2026-08-17T18:48:05Z,
213.176.16.100,ipv4,malicious-ip,medium,WHITE,ziyadnz/hourly-ipv4,ziyadnz|hourly,2026-08-17T18:48:05Z,2026-08-17T18:48:05Z,
213.176.16.218,ipv4,malicious-ip,medium,WHITE,ziyadnz/hourly-ipv4,ziyadnz|hourly,2026-08-17T18:48:05Z,2026-08-17T18:48:05Z,
213.176.16.28,ipv4,malicious-ip,medium,WHITE,ziyadnz/hourly-ipv4,ziyadnz|hourly,2026-08-17T18:48:05Z,2026-08-17T18:48:05Z,
213.176.24.195,ipv4,malicious-ip,medium,WHITE,ziyadnz/hourly-ipv4,ziyadnz|hourly,2026-08-17T18:48:05Z,2026-08-17T18:48:05Z,
213.176.24.27,ipv4,malicious-ip,medium,WHITE,ziyadnz/hourly-ipv4,ziyadnz|hourly,2026-08-17T18:48:05Z,2026-08-17T18:48:05Z,
213.176.24.47,ipv4,malicious-ip,medium,WHITE,ziyadnz/hourly-ipv4,ziyadnz|hourly,2026-08-17T18:48:05Z,2026-08-17T18:48:05Z,
213.176.24.60,ipv4,malicious-ip,medium,WHITE,ziyadnz/hourly-ipv4,ziyadnz|hourly,2026-08-17T18:48:05Z,2026-08-17T18:48:05Z,
213.176.24.78,ipv4,malicious-ip,medium,WHITE,ziyadnz/hourly-ipv4,ziyadnz|hourly,2026-08-17T18:48:05Z,2026-08-17T18:48:05Z,
213.176.247.202,ipv4,malicious-ip,medium,WHITE,ziyadnz/hourly-ipv4,ziyadnz|hourly,2026-08-17T18:48:05Z,2026-08-17T18:48:05Z,
213.176.26.0,ipv4,malicious-ip,medium,WHITE,ziyadnz/hourly-ipv4,ziyadnz|hourly,2026-08-17T18:48:05Z,2026-08-17T18:48:05Z,
213.176.26.122,ipv4,malicious-ip,medium,WHITE,ziyadnz/hourly-ipv4,ziyadnz|hourly,2026-08-17T18:48:05Z,2026-08-17T18:48:05Z,
213.176.26.123,ipv4,malicious-ip,medium,WHITE,ziyadnz/hourly-ipv4,ziyadnz|hourly,2026-08-17T18:48:05Z,2026-08-17T18:48:05Z,
213.176.26.153,ipv4,malicious-ip,medium,WHITE,ziyadnz/hourly-ipv4,ziyadnz|hourly,2026-08-17T18:48:05Z,2026-08-17T18:48:05Z,
213.176.26.165,ipv4,malicious-ip,medium,WHITE,ziyadnz/hourly-ipv4,ziyadnz|hourly,2026-08-17T18:48:05Z,2026-08-17T18:48:05Z,
213.176.26.166,ipv4,malicious-ip,medium,WHITE,ziyadnz/hourly-ipv4,ziyadnz|hourly,2026-08-17T18:48:05Z,2026-08-17T18:48:05Z,
213.176.26.175,ipv4,malicious-ip,medium,WHITE,ziyadnz/hourly-ipv4,ziyadnz|hourly,2026-08-17T18:48:05Z,2026-08-17T18:48:05Z,
213.176.26.182,ipv4,malicious-ip,medium,WHITE,ziyadnz/hourly-ipv4,ziyadnz|hourly,2026-08-17T18:48:05Z,2026-08-17T18:48:05Z,
213.176.26.186,ipv4,malicious-ip,medium,WHITE,ziyadnz/hourly-ipv4,ziyadnz|hourly,2026-08-17T18:48:05Z,2026-08-17T18:48:05Z,
213.176.26.19,ipv4,malicious-ip,medium,WHITE,ziyadnz/hourly-ipv4,ziyadnz|hourly,2026-08-17T18:48:05Z,2026-08-17T18:48:05Z,
213.176.26.191,ipv4,malicious-ip,medium,WHITE,ziyadnz/hourly-ipv4,ziyadnz|hourly,2026-08-17T18:48:05Z,2026-08-17T18:48:05Z,
213.176.26.194,ipv4,malicious-ip,medium,WHITE,ziyadnz/hourly-ipv4,ziyadnz|hourly,2026-08-17T18:48:05Z,2026-08-17T18:48:05Z,
213.176.26.22,ipv4,malicious-ip,medium,WHITE,ziyadnz/hourly-ipv4,ziyadnz|hourly,2026-08-17T18:48:05Z,2026-08-17T18:48:05Z,
213.176.26.23,ipv4,malicious-ip,medium,WHITE,ziyadnz/hourly-ipv4,ziyadnz|hourly,2026-08-17T18:48:05Z,2026-08-17T18:48:05Z,
213.176.26.29,ipv4,malicious-ip,medium,WHITE,ziyadnz/hourly-ipv4,ziyadnz|hourly,2026-08-17T18:48:05Z,2026-08-17T18:48:05Z,
213.176.26.34,ipv4,malicious-ip,medium,WHITE,ziyadnz/hourly-ipv4,ziyadnz|hourly,2026-08-17T18:48:05Z,2026-08-17T18:48:05Z,
213.176.26.37,ipv4,malicious-ip,medium,WHITE,ziyadnz/hourly-ipv4,ziyadnz|hourly,2026-08-17T18:48:05Z,2026-08-17T18:48:05Z,
213.176.26.41,ipv4,malicious-ip,medium,WHITE,ziyadnz/hourly-ipv4,ziyadnz|hourly,2026-08-17T18:48:05Z,2026-08-17T18:48:05Z,
213.176.26.42,ipv4,malicious-ip,medium,WHITE,ziyadnz/hourly-ipv4,ziyadnz|hourly,2026-08-17T18:48:05Z,2026-08-17T18:48:05Z,
213.176.26.51,ipv4,malicious-ip,medium,WHITE,ziyadnz/hourly-ipv4,ziyadnz|hourly,2026-08-17T18:48:05Z,2026-08-17T18:48:05Z,
213.176.26.52,ipv4,malicious-ip,medium,WHITE,ziyadnz/hourly-ipv4,ziyadnz|hourly,2026-08-17T18:48:05Z,2026-08-17T18:48:05Z,
213.176.26.58,ipv4,malicious-ip,medium,WHITE,ziyadnz/hourly-ipv4,ziyadnz|hourly,2026-08-17T18:48:05Z,2026-08-17T18:48:05Z,
213.176.26.62,ipv4,malicious-ip,medium,WHITE,ziyadnz/hourly-ipv4,ziyadnz|hourly,2026-08-17T18:48:05Z,2026-08-17T18:48:05Z,
213.176.26.63,ipv4,malicious-ip,medium,WHITE,ziyadnz/hourly-ipv4,ziyadnz|hourly,2026-08-17T18:48:05Z,2026-08-17T18:48:05Z,
213.176.26.69,ipv4,malicious-ip,medium,WHITE,ziyadnz/hourly-ipv4,ziyadnz|hourly,2026-08-17T18:48:05Z,2026-08-17T18:48:05Z,
213.176.26.72,ipv4,malicious-ip,medium,WHITE,ziyadnz/hourly-ipv4,ziyadnz|hourly,2026-08-17T18:48:05Z,2026-08-17T18:48:05Z,
213.176.26.77,ipv4,malicious-ip,medium,WHITE,ziyadnz/hourly-ipv4,ziyadnz|hourly,2026-08-17T18:48:05Z,2026-08-17T18:48:05Z,
213.176.26.87,ipv4,malicious-ip,medium,WHITE,ziyadnz/hourly-ipv4,ziyadnz|hourly,2026-08-17T18:48:05Z,2026-08-17T18:48:05Z,
213.176.26.88,ipv4,malicious-ip,medium,WHITE,ziyadnz/hourly-ipv4,ziyadnz|hourly,2026-08-17T18:48:05Z,2026-08-17T18:48:05Z,
213.176.26.94,ipv4,malicious-ip,medium,WHITE,ziyadnz/hourly-ipv4,ziyadnz|hourly,2026-08-17T18:48:05Z,2026-08-17T18:48:05Z,
213.176.26.95,ipv4,malicious-ip,medium,WHITE,ziyadnz/hourly-ipv4,ziyadnz|hourly,2026-08-17T18:48:05Z,2026-08-17T18:48:05Z,
213.176.64.114,ipv4,malicious-ip,medium,WHITE,ziyadnz/hourly-ipv4,ziyadnz|hourly,2026-08-17T18:48:05Z,2026-08-17T18:48:05Z,
213.176.72.204,ipv4,malicious-ip,medium,WHITE,ziyadnz/hourly-ipv4,ziyadnz|hourly,2026-08-17T18:48:05Z,2026-08-17T18:48:05Z,
213.176.72.223,ipv4,malicious-ip,medium,WHITE,ziyadnz/hourly-ipv4,ziyadnz|hourly,2026-08-17T18:48:05Z,2026-08-17T18:48:05Z,
213.176.73.149,ipv4,malicious-ip,medium,WHITE,ziyadnz/hourly-ipv4,ziyadnz|hourly,2026-08-17T18:48:05Z,2026-08-17T18:48:05Z,
213.176.73.80,ipv4,malicious-ip,medium,WHITE,ziyadnz/hourly-ipv4,ziyadnz|hourly,2026-08-17T18:48:05Z,2026-08-17T18:48:05Z,
213.177.102.141,ipv4,malicious-ip,medium,WHITE,ziyadnz/hourly-ipv4,ziyadnz|hourly,2026-08-17T18:48:05Z,2026-08-17T18:48:05Z,
213.177.102.84,ipv4,malicious-ip,medium,WHITE,ziyadnz/hourly-ipv4,ziyadnz|hourly,2026-08-17T18:48:05Z,2026-08-17T18:48:05Z,
213.177.179.0,ipv4,malicious-ip,medium,WHITE,ziyadnz/hourly-ipv4,ziyadnz|hourly,2026-08-17T18:48:05Z,2026-08-17T18:48:05Z,
213.177.179.12,ipv4,malicious-ip,medium,WHITE,ziyadnz/hourly-ipv4,ziyadnz|hourly,2026-08-17T18:48:05Z,2026-08-17T18:48:05Z,
213.178.237.226,ipv4,malicious-ip,medium,WHITE,ziyadnz/hourly-ipv4,ziyadnz|hourly,2026-08-17T18:48:05Z,2026-08-17T18:48:05Z,
213.182.204.57,ipv4,malicious-ip,medium,WHITE,ziyadnz/hourly-ipv4,ziyadnz|hourly,2026-08-17T18:48:05Z,2026-08-17T18:48:05Z,
213.183.56.77,ipv4,malicious-ip,medium,WHITE,ziyadnz/hourly-ipv4,ziyadnz|hourly,2026-08-17T18:48:05Z,2026-08-17T18:48:05Z,
213.183.63.41,ipv4,malicious-ip,medium,WHITE,ziyadnz/hourly-ipv4,ziyadnz|hourly,2026-08-17T18:48:05Z,2026-08-17T18:48:05Z,
213.186.179.6,ipv4,malicious-ip,medium,WHITE,ziyadnz/hourly-ipv4,ziyadnz|hourly,2026-08-17T18:48:05Z,2026-08-17T18:48:05Z,
213.186.183.40,ipv4,malicious-ip,medium,WHITE,ziyadnz/hourly-ipv4,ziyadnz|hourly,2026-08-17T18:48:05Z,2026-08-17T18:48:05Z,
213.186.255.54,ipv4,malicious-ip,medium,WHITE,ziyadnz/hourly-ipv4,ziyadnz|hourly,2026-08-17T18:48:05Z,2026-08-17T18:48:05Z,
213.191.139.147,ipv4,malicious-ip,medium,WHITE,ziyadnz/hourly-ipv4,ziyadnz|hourly,2026-08-17T18:48:05Z,2026-08-17T18:48:05Z,
213.193.253.1,ipv4,malicious-ip,medium,WHITE,ziyadnz/hourly-ipv4,ziyadnz|hourly,2026-08-17T18:48:05Z,2026-08-17T18:48:05Z,
213.194.173.33,ipv4,malicious-ip,medium,WHITE,ziyadnz/hourly-ipv4,ziyadnz|hourly,2026-08-17T18:48:05Z,2026-08-17T18:48:05Z,
213.195.117.233,ipv4,malicious-ip,medium,WHITE,ziyadnz/hourly-ipv4,ziyadnz|hourly,2026-08-17T18:48:05Z,2026-08-17T18:48:05Z,
213.196.109.47,ipv4,malicious-ip,medium,WHITE,ziyadnz/hourly-ipv4,ziyadnz|hourly,2026-08-17T18:48:05Z,2026-08-17T18:48:05Z,
213.196.96.202,ipv4,malicious-ip,medium,WHITE,ziyadnz/hourly-ipv4,ziyadnz|hourly,2026-08-17T18:48:05Z,2026-08-17T18:48:05Z,
213.199.255.223,ipv4,malicious-ip,medium,WHITE,ziyadnz/hourly-ipv4,ziyadnz|hourly,2026-08-17T18:48:05Z,2026-08-17T18:48:05Z,
213.199.35.105,ipv4,malicious-ip,medium,WHITE,ziyadnz/hourly-ipv4,ziyadnz|hourly,2026-08-17T18:48:05Z,2026-08-17T18:48:05Z,
213.199.36.119,ipv4,malicious-ip,medium,WHITE,ziyadnz/hourly-ipv4,ziyadnz|hourly,2026-08-17T18:48:05Z,2026-08-17T18:48:05Z,
213.199.37.55,ipv4,malicious-ip,medium,WHITE,ziyadnz/hourly-ipv4,ziyadnz|hourly,2026-08-17T18:48:05Z,2026-08-17T18:48:05Z,
213.199.37.79,ipv4,malicious-ip,medium,WHITE,ziyadnz/hourly-ipv4,ziyadnz|hourly,2026-08-17T18:48:05Z,2026-08-17T18:48:05Z,
213.199.37.80,ipv4,malicious-ip,medium,WHITE,ziyadnz/hourly-ipv4,ziyadnz|hourly,2026-08-17T18:48:05Z,2026-08-17T18:48:05Z,
213.199.41.149,ipv4,malicious-ip,medium,WHITE,ziyadnz/hourly-ipv4,ziyadnz|hourly,2026-08-17T18:48:05Z,2026-08-17T18:48:05Z,
213.199.41.196,ipv4,malicious-ip,medium,WHITE,ziyadnz/hourly-ipv4,ziyadnz|hourly,2026-08-17T18:48:05Z,2026-08-17T18:48:05Z,
213.199.42.227,ipv4,malicious-ip,medium,WHITE,ziyadnz/hourly-ipv4,ziyadnz|hourly,2026-08-17T18:48:05Z,2026-08-17T18:48:05Z,
213.199.58.225,ipv4,malicious-ip,medium,WHITE,ziyadnz/hourly-ipv4,ziyadnz|hourly,2026-08-17T18:48:05Z,2026-08-17T18:48:05Z,
213.199.58.228,ipv4,malicious-ip,medium,WHITE,ziyadnz/hourly-ipv4,ziyadnz|hourly,2026-08-17T18:48:05Z,2026-08-17T18:48:05Z,
213.201.70.60,ipv4,malicious-ip,medium,WHITE,ziyadnz/hourly-ipv4,ziyadnz|hourly,2026-08-17T18:48:05Z,2026-08-17T18:48:05Z,
213.202.208.9,ipv4,malicious-ip,medium,WHITE,ziyadnz/hourly-ipv4,ziyadnz|hourly,2026-08-17T18:48:05Z,2026-08-17T18:48:05Z,
213.202.253.4,ipv4,malicious-ip,medium,WHITE,ziyadnz/hourly-ipv4,ziyadnz|hourly,2026-08-17T18:48:05Z,2026-08-17T18:48:05Z,
213.204.71.234,ipv4,malicious-ip,medium,WHITE,ziyadnz/hourly-ipv4,ziyadnz|hourly,2026-08-17T18:48:05Z,2026-08-17T18:48:05Z,
213.207.203.170,ipv4,malicious-ip,medium,WHITE,ziyadnz/hourly-ipv4,ziyadnz|hourly,2026-08-17T18:48:05Z,2026-08-17T18:48:05Z,
213.209.129.101,ipv4,malicious-ip,medium,WHITE,ziyadnz/hourly-ipv4,ziyadnz|hourly,2026-08-17T18:48:05Z,2026-08-17T18:48:05Z,
213.209.129.148,ipv4,malicious-ip,medium,WHITE,ziyadnz/hourly-ipv4,ziyadnz|hourly,2026-08-17T18:48:05Z,2026-08-17T18:48:05Z,
213.209.143.114,ipv4,malicious-ip,medium,WHITE,ziyadnz/hourly-ipv4,ziyadnz|hourly,2026-08-17T18:48:05Z,2026-08-17T18:48:05Z,
213.209.143.26,ipv4,malicious-ip,medium,WHITE,ziyadnz/hourly-ipv4,ziyadnz|hourly,2026-08-17T18:48:05Z,2026-08-17T18:48:05Z,
213.209.143.41,ipv4,malicious-ip,medium,WHITE,ziyadnz/hourly-ipv4,ziyadnz|hourly,2026-08-17T18:48:05Z,2026-08-17T18:48:05Z,
213.209.143.44,ipv4,malicious-ip,medium,WHITE,ziyadnz/hourly-ipv4,ziyadnz|hourly,2026-08-17T18:48:05Z,2026-08-17T18:48:05Z,
213.209.143.62,ipv4,malicious-ip,medium,WHITE,ziyadnz/hourly-ipv4,ziyadnz|hourly,2026-08-17T18:48:05Z,2026-08-17T18:48:05Z,
213.209.150.104,ipv4,malicious-ip,medium,WHITE,ziyadnz/hourly-ipv4,ziyadnz|hourly,2026-08-17T18:48:05Z,2026-08-17T18:48:05Z,
213.209.150.168,ipv4,malicious-ip,medium,WHITE,ziyadnz/hourly-ipv4,ziyadnz|hourly,2026-08-17T18:48:05Z,2026-08-17T18:48:05Z,
213.209.150.169,ipv4,malicious-ip,medium,WHITE,ziyadnz/hourly-ipv4,ziyadnz|hourly,2026-08-17T18:48:05Z,2026-08-17T18:48:05Z,
213.209.150.173,ipv4,malicious-ip,medium,WHITE,ziyadnz/hourly-ipv4,ziyadnz|hourly,2026-08-17T18:48:05Z,2026-08-17T18:48:05Z,
213.209.150.174,ipv4,malicious-ip,medium,WHITE,ziyadnz/hourly-ipv4,ziyadnz|hourly,2026-08-17T18:48:05Z,2026-08-17T18:48:05Z,
213.209.150.175,ipv4,malicious-ip,medium,WHITE,ziyadnz/hourly-ipv4,ziyadnz|hourly,2026-08-17T18:48:05Z,2026-08-17T18:48:05Z,
213.209.150.188,ipv4,malicious-ip,medium,WHITE,ziyadnz/hourly-ipv4,ziyadnz|hourly,2026-08-17T18:48:05Z,2026-08-17T18:48:05Z,
213.209.150.224,ipv4,malicious-ip,medium,WHITE,ziyadnz/hourly-ipv4,ziyadnz|hourly,2026-08-17T18:48:05Z,2026-08-17T18:48:05Z,
213.209.150.229,ipv4,malicious-ip,medium,WHITE,ziyadnz/hourly-ipv4,ziyadnz|hourly,2026-08-17T18:48:05Z,2026-08-17T18:48:05Z,
213.209.150.239,ipv4,malicious-ip,medium,WHITE,ziyadnz/hourly-ipv4,ziyadnz|hourly,2026-08-17T18:48:05Z,2026-08-17T18:48:05Z,
213.209.157.187,ipv4,malicious-ip,medium,WHITE,ziyadnz/hourly-ipv4,ziyadnz|hourly,2026-08-17T18:48:05Z,2026-08-17T18:48:05Z,
213.209.157.215,ipv4,malicious-ip,medium,WHITE,ziyadnz/hourly-ipv4,ziyadnz|hourly,2026-08-17T18:48:05Z,2026-08-17T18:48:05Z,
213.209.158.31,ipv4,malicious-ip,medium,WHITE,ziyadnz/hourly-ipv4,ziyadnz|hourly,2026-08-17T18:48:05Z,2026-08-17T18:48:05Z,
213.209.159.0,ipv4,malicious-ip,medium,WHITE,ziyadnz/hourly-ipv4,ziyadnz|hourly,2026-08-17T18:48:05Z,2026-08-17T18:48:05Z,
213.209.159.11,ipv4,malicious-ip,medium,WHITE,ziyadnz/hourly-ipv4,ziyadnz|hourly,2026-08-17T18:48:05Z,2026-08-17T18:48:05Z,
213.209.159.132,ipv4,malicious-ip,medium,WHITE,ziyadnz/hourly-ipv4,ziyadnz|hourly,2026-08-17T18:48:05Z,2026-08-17T18:48:05Z,
213.209.159.136,ipv4,malicious-ip,medium,WHITE,ziyadnz/hourly-ipv4,ziyadnz|hourly,2026-08-17T18:48:05Z,2026-08-17T18:48:05Z,
213.209.159.175,ipv4,malicious-ip,medium,WHITE,ziyadnz/hourly-ipv4,ziyadnz|hourly,2026-08-17T18:48:05Z,2026-08-17T18:48:05Z,
213.209.159.210,ipv4,malicious-ip,medium,WHITE,ziyadnz/hourly-ipv4,ziyadnz|hourly,2026-08-17T18:48:05Z,2026-08-17T18:48:05Z,
213.209.159.225,ipv4,malicious-ip,medium,WHITE,ziyadnz/hourly-ipv4,ziyadnz|hourly,2026-08-17T18:48:05Z,2026-08-17T18:48:05Z,
213.209.159.228,ipv4,malicious-ip,medium,WHITE,ziyadnz/hourly-ipv4,ziyadnz|hourly,2026-08-17T18:48:05Z,2026-08-17T18:48:05Z,
213.209.159.231,ipv4,malicious-ip,medium,WHITE,ziyadnz/hourly-ipv4,ziyadnz|hourly,2026-08-17T18:48:05Z,2026-08-17T18:48:05Z,
213.209.159.235,ipv4,malicious-ip,medium,WHITE,ziyadnz/hourly-ipv4,ziyadnz|hourly,2026-08-17T18:48:05Z,2026-08-17T18:48:05Z,
213.209.159.236,ipv4,malicious-ip,medium,WHITE,ziyadnz/hourly-ipv4,ziyadnz|hourly,2026-08-17T18:48:05Z,2026-08-17T18:48:05Z,
213.209.159.238,ipv4,malicious-ip,medium,WHITE,ziyadnz/hourly-ipv4,ziyadnz|hourly,2026-08-17T18:48:05Z,2026-08-17T18:48:05Z,
213.209.159.241,ipv4,malicious-ip,medium,WHITE,ziyadnz/hourly-ipv4,ziyadnz|hourly,2026-08-17T18:48:05Z,2026-08-17T18:48:05Z,
213.209.159.242,ipv4,malicious-ip,medium,WHITE,ziyadnz/hourly-ipv4,ziyadnz|hourly,2026-08-17T18:48:05Z,2026-08-17T18:48:05Z,
213.209.159.66,ipv4,malicious-ip,medium,WHITE,ziyadnz/hourly-ipv4,ziyadnz|hourly,2026-08-17T18:48:05Z,2026-08-17T18:48:05Z,
213.21.220.222,ipv4,malicious-ip,medium,WHITE,ziyadnz/hourly-ipv4,ziyadnz|hourly,2026-08-17T18:48:05Z,2026-08-17T18:48:05Z,
213.21.248.107,ipv4,malicious-ip,medium,WHITE,ziyadnz/hourly-ipv4,ziyadnz|hourly,2026-08-17T18:48:05Z,2026-08-17T18:48:05Z,
213.21.248.43,ipv4,malicious-ip,medium,WHITE,ziyadnz/hourly-ipv4,ziyadnz|hourly,2026-08-17T18:48:05Z,2026-08-17T18:48:05Z,
213.211.128.5,ipv4,malicious-ip,medium,WHITE,ziyadnz/hourly-ipv4,ziyadnz|hourly,2026-08-17T18:48:05Z,2026-08-17T18:48:05Z,
213.215.209.101,ipv4,malicious-ip,medium,WHITE,ziyadnz/hourly-ipv4,ziyadnz|hourly,2026-08-17T18:48:05Z,2026-08-17T18:48:05Z,
213.218.160.48,ipv4,malicious-ip,medium,WHITE,ziyadnz/hourly-ipv4,ziyadnz|hourly,2026-08-17T18:48:05Z,2026-08-17T18:48:05Z,
213.219.38.113,ipv4,malicious-ip,medium,WHITE,ziyadnz/hourly-ipv4,ziyadnz|hourly,2026-08-17T18:48:05Z,2026-08-17T18:48:05Z,
213.22.131.174,ipv4,malicious-ip,medium,WHITE,ziyadnz/hourly-ipv4,ziyadnz|hourly,2026-08-17T18:48:05Z,2026-08-17T18:48:05Z,
213.22.72.44,ipv4,malicious-ip,medium,WHITE,ziyadnz/hourly-ipv4,ziyadnz|hourly,2026-08-17T18:48:05Z,2026-08-17T18:48:05Z,
213.221.63.119,ipv4,malicious-ip,medium,WHITE,ziyadnz/hourly-ipv4,ziyadnz|hourly,2026-08-17T18:48:05Z,2026-08-17T18:48:05Z,
213.225.9.147,ipv4,malicious-ip,medium,WHITE,ziyadnz/hourly-ipv4,ziyadnz|hourly,2026-08-17T18:48:05Z,2026-08-17T18:48:05Z,
213.226.123.104,ipv4,malicious-ip,medium,WHITE,ziyadnz/hourly-ipv4,ziyadnz|hourly,2026-08-17T18:48:05Z,2026-08-17T18:48:05Z,
213.226.123.14,ipv4,malicious-ip,medium,WHITE,ziyadnz/hourly-ipv4,ziyadnz|hourly,2026-08-17T18:48:05Z,2026-08-17T18:48:05Z,
213.227.149.3,ipv4,malicious-ip,medium,WHITE,ziyadnz/hourly-ipv4,ziyadnz|hourly,2026-08-17T18:48:05Z,2026-08-17T18:48:05Z,
213.227.151.237,ipv4,malicious-ip,medium,WHITE,ziyadnz/hourly-ipv4,ziyadnz|hourly,2026-08-17T18:48:05Z,2026-08-17T18:48:05Z,
213.230.101.128,ipv4,malicious-ip,medium,WHITE,ziyadnz/hourly-ipv4,ziyadnz|hourly,2026-08-17T18:48:05Z,2026-08-17T18:48:05Z,
213.230.124.16,ipv4,malicious-ip,medium,WHITE,ziyadnz/hourly-ipv4,ziyadnz|hourly,2026-08-17T18:48:05Z,2026-08-17T18:48:05Z,
213.230.124.17,ipv4,malicious-ip,medium,WHITE,ziyadnz/hourly-ipv4,ziyadnz|hourly,2026-08-17T18:48:05Z,2026-08-17T18:48:05Z,
213.230.127.91,ipv4,malicious-ip,medium,WHITE,ziyadnz/hourly-ipv4,ziyadnz|hourly,2026-08-17T18:48:05Z,2026-08-17T18:48:05Z,
213.230.65.146,ipv4,malicious-ip,medium,WHITE,ziyadnz/hourly-ipv4,ziyadnz|hourly,2026-08-17T18:48:05Z,2026-08-17T18:48:05Z,
213.230.68.137,ipv4,malicious-ip,medium,WHITE,ziyadnz/hourly-ipv4,ziyadnz|hourly,2026-08-17T18:48:05Z,2026-08-17T18:48:05Z,
213.230.71.55,ipv4,malicious-ip,medium,WHITE,ziyadnz/hourly-ipv4,ziyadnz|hourly,2026-08-17T18:48:05Z,2026-08-17T18:48:05Z,
213.230.78.117,ipv4,malicious-ip,medium,WHITE,ziyadnz/hourly-ipv4,ziyadnz|hourly,2026-08-17T18:48:05Z,2026-08-17T18:48:05Z,
213.230.78.141,ipv4,malicious-ip,medium,WHITE,ziyadnz/hourly-ipv4,ziyadnz|hourly,2026-08-17T18:48:05Z,2026-08-17T18:48:05Z,
213.230.78.156,ipv4,malicious-ip,medium,WHITE,ziyadnz/hourly-ipv4,ziyadnz|hourly,2026-08-17T18:48:05Z,2026-08-17T18:48:05Z,
213.230.78.173,ipv4,malicious-ip,medium,WHITE,ziyadnz/hourly-ipv4,ziyadnz|hourly,2026-08-17T18:48:05Z,2026-08-17T18:48:05Z,
213.230.78.186,ipv4,malicious-ip,medium,WHITE,ziyadnz/hourly-ipv4,ziyadnz|hourly,2026-08-17T18:48:05Z,2026-08-17T18:48:05Z,
213.230.78.2,ipv4,malicious-ip,medium,WHITE,ziyadnz/hourly-ipv4,ziyadnz|hourly,2026-08-17T18:48:05Z,2026-08-17T18:48:05Z,
213.230.78.247,ipv4,malicious-ip,medium,WHITE,ziyadnz/hourly-ipv4,ziyadnz|hourly,2026-08-17T18:48:05Z,2026-08-17T18:48:05Z,
213.230.78.25,ipv4,malicious-ip,medium,WHITE,ziyadnz/hourly-ipv4,ziyadnz|hourly,2026-08-17T18:48:05Z,2026-08-17T18:48:05Z,
213.230.79.118,ipv4,malicious-ip,medium,WHITE,ziyadnz/hourly-ipv4,ziyadnz|hourly,2026-08-17T18:48:05Z,2026-08-17T18:48:05Z,
213.230.79.202,ipv4,malicious-ip,medium,WHITE,ziyadnz/hourly-ipv4,ziyadnz|hourly,2026-08-17T18:48:05Z,2026-08-17T18:48:05Z,
213.230.86.0,ipv4,malicious-ip,medium,WHITE,ziyadnz/hourly-ipv4,ziyadnz|hourly,2026-08-17T18:48:05Z,2026-08-17T18:48:05Z,
213.230.86.1,ipv4,malicious-ip,medium,WHITE,ziyadnz/hourly-ipv4,ziyadnz|hourly,2026-08-17T18:48:05Z,2026-08-17T18:48:05Z,
213.230.86.11,ipv4,malicious-ip,medium,WHITE,ziyadnz/hourly-ipv4,ziyadnz|hourly,2026-08-17T18:48:05Z,2026-08-17T18:48:05Z,
213.230.86.126,ipv4,malicious-ip,medium,WHITE,ziyadnz/hourly-ipv4,ziyadnz|hourly,2026-08-17T18:48:05Z,2026-08-17T18:48:05Z,
213.230.86.14,ipv4,malicious-ip,medium,WHITE,ziyadnz/hourly-ipv4,ziyadnz|hourly,2026-08-17T18:48:05Z,2026-08-17T18:48:05Z,
213.230.86.16,ipv4,malicious-ip,medium,WHITE,ziyadnz/hourly-ipv4,ziyadnz|hourly,2026-08-17T18:48:05Z,2026-08-17T18:48:05Z,
213.230.86.189,ipv4,malicious-ip,medium,WHITE,ziyadnz/hourly-ipv4,ziyadnz|hourly,2026-08-17T18:48:05Z,2026-08-17T18:48:05Z,
213.230.86.36,ipv4,malicious-ip,medium,WHITE,ziyadnz/hourly-ipv4,ziyadnz|hourly,2026-08-17T18:48:05Z,2026-08-17T18:48:05Z,
213.230.86.50,ipv4,malicious-ip,medium,WHITE,ziyadnz/hourly-ipv4,ziyadnz|hourly,2026-08-17T18:48:05Z,2026-08-17T18:48:05Z,
213.230.86.7,ipv4,malicious-ip,medium,WHITE,ziyadnz/hourly-ipv4,ziyadnz|hourly,2026-08-17T18:48:05Z,2026-08-17T18:48:05Z,
213.230.86.74,ipv4,malicious-ip,medium,WHITE,ziyadnz/hourly-ipv4,ziyadnz|hourly,2026-08-17T18:48:05Z,2026-08-17T18:48:05Z,
213.230.86.76,ipv4,malicious-ip,medium,WHITE,ziyadnz/hourly-ipv4,ziyadnz|hourly,2026-08-17T18:48:05Z,2026-08-17T18:48:05Z,
213.230.86.93,ipv4,malicious-ip,medium,WHITE,ziyadnz/hourly-ipv4,ziyadnz|hourly,2026-08-17T18:48:05Z,2026-08-17T18:48:05Z,
213.230.86.94,ipv4,malicious-ip,medium,WHITE,ziyadnz/hourly-ipv4,ziyadnz|hourly,2026-08-17T18:48:05Z,2026-08-17T18:48:05Z,
213.230.86.96,ipv4,malicious-ip,medium,WHITE,ziyadnz/hourly-ipv4,ziyadnz|hourly,2026-08-17T18:48:05Z,2026-08-17T18:48:05Z,
213.230.87.0,ipv4,malicious-ip,medium,WHITE,ziyadnz/hourly-ipv4,ziyadnz|hourly,2026-08-17T18:48:05Z,2026-08-17T18:48:05Z,
213.230.87.101,ipv4,malicious-ip,medium,WHITE,ziyadnz/hourly-ipv4,ziyadnz|hourly,2026-08-17T18:48:05Z,2026-08-17T18:48:05Z,
213.230.87.11,ipv4,malicious-ip,medium,WHITE,ziyadnz/hourly-ipv4,ziyadnz|hourly,2026-08-17T18:48:05Z,2026-08-17T18:48:05Z,
213.230.87.115,ipv4,malicious-ip,medium,WHITE,ziyadnz/hourly-ipv4,ziyadnz|hourly,2026-08-17T18:48:05Z,2026-08-17T18:48:05Z,
213.230.87.177,ipv4,malicious-ip,medium,WHITE,ziyadnz/hourly-ipv4,ziyadnz|hourly,2026-08-17T18:48:05Z,2026-08-17T18:48:05Z,
213.230.87.19,ipv4,malicious-ip,medium,WHITE,ziyadnz/hourly-ipv4,ziyadnz|hourly,2026-08-17T18:48:05Z,2026-08-17T18:48:05Z,
213.230.87.20,ipv4,malicious-ip,medium,WHITE,ziyadnz/hourly-ipv4,ziyadnz|hourly,2026-08-17T18:48:05Z,2026-08-17T18:48:05Z,
213.230.87.210,ipv4,malicious-ip,medium,WHITE,ziyadnz/hourly-ipv4,ziyadnz|hourly,2026-08-17T18:48:05Z,2026-08-17T18:48:05Z,
213.230.87.41,ipv4,malicious-ip,medium,WHITE,ziyadnz/hourly-ipv4,ziyadnz|hourly,2026-08-17T18:48:05Z,2026-08-17T18:48:05Z,
213.230.87.45,ipv4,malicious-ip,medium,WHITE,ziyadnz/hourly-ipv4,ziyadnz|hourly,2026-08-17T18:48:05Z,2026-08-17T18:48:05Z,
213.230.87.48,ipv4,malicious-ip,medium,WHITE,ziyadnz/hourly-ipv4,ziyadnz|hourly,2026-08-17T18:48:05Z,2026-08-17T18:48:05Z,
213.230.87.71,ipv4,malicious-ip,medium,WHITE,ziyadnz/hourly-ipv4,ziyadnz|hourly,2026-08-17T18:48:05Z,2026-08-17T18:48:05Z,
213.230.87.89,ipv4,malicious-ip,medium,WHITE,ziyadnz/hourly-ipv4,ziyadnz|hourly,2026-08-17T18:48:05Z,2026-08-17T18:48:05Z,
213.230.90.238,ipv4,malicious-ip,medium,WHITE,ziyadnz/hourly-ipv4,ziyadnz|hourly,2026-08-17T18:48:05Z,2026-08-17T18:48:05Z,
213.230.92.0,ipv4,malicious-ip,medium,WHITE,ziyadnz/hourly-ipv4,ziyadnz|hourly,2026-08-17T18:48:05Z,2026-08-17T18:48:05Z,
213.230.92.109,ipv4,malicious-ip,medium,WHITE,ziyadnz/hourly-ipv4,ziyadnz|hourly,2026-08-17T18:48:05Z,2026-08-17T18:48:05Z,
213.230.92.119,ipv4,malicious-ip,medium,WHITE,ziyadnz/hourly-ipv4,ziyadnz|hourly,2026-08-17T18:48:05Z,2026-08-17T18:48:05Z,
213.230.92.15,ipv4,malicious-ip,medium,WHITE,ziyadnz/hourly-ipv4,ziyadnz|hourly,2026-08-17T18:48:05Z,2026-08-17T18:48:05Z,
213.230.92.18,ipv4,malicious-ip,medium,WHITE,ziyadnz/hourly-ipv4,ziyadnz|hourly,2026-08-17T18:48:05Z,2026-08-17T18:48:05Z,
213.230.92.182,ipv4,malicious-ip,medium,WHITE,ziyadnz/hourly-ipv4,ziyadnz|hourly,2026-08-17T18:48:05Z,2026-08-17T18:48:05Z,
213.230.92.204,ipv4,malicious-ip,medium,WHITE,ziyadnz/hourly-ipv4,ziyadnz|hourly,2026-08-17T18:48:05Z,2026-08-17T18:48:05Z,
213.230.92.43,ipv4,malicious-ip,medium,WHITE,ziyadnz/hourly-ipv4,ziyadnz|hourly,2026-08-17T18:48:05Z,2026-08-17T18:48:05Z,
213.230.92.47,ipv4,malicious-ip,medium,WHITE,ziyadnz/hourly-ipv4,ziyadnz|hourly,2026-08-17T18:48:05Z,2026-08-17T18:48:05Z,
213.230.92.61,ipv4,malicious-ip,medium,WHITE,ziyadnz/hourly-ipv4,ziyadnz|hourly,2026-08-17T18:48:05Z,2026-08-17T18:48:05Z,
213.230.92.71,ipv4,malicious-ip,medium,WHITE,ziyadnz/hourly-ipv4,ziyadnz|hourly,2026-08-17T18:48:05Z,2026-08-17T18:48:05Z,
213.230.92.72,ipv4,malicious-ip,medium,WHITE,ziyadnz/hourly-ipv4,ziyadnz|hourly,2026-08-17T18:48:05Z,2026-08-17T18:48:05Z,
213.230.92.79,ipv4,malicious-ip,medium,WHITE,ziyadnz/hourly-ipv4,ziyadnz|hourly,2026-08-17T18:48:05Z,2026-08-17T18:48:05Z,
213.230.92.80,ipv4,malicious-ip,medium,WHITE,ziyadnz/hourly-ipv4,ziyadnz|hourly,2026-08-17T18:48:05Z,2026-08-17T18:48:05Z,
213.230.92.84,ipv4,malicious-ip,medium,WHITE,ziyadnz/hourly-ipv4,ziyadnz|hourly,2026-08-17T18:48:05Z,2026-08-17T18:48:05Z,
213.230.92.85,ipv4,malicious-ip,medium,WHITE,ziyadnz/hourly-ipv4,ziyadnz|hourly,2026-08-17T18:48:05Z,2026-08-17T18:48:05Z,
213.230.93.0,ipv4,malicious-ip,medium,WHITE,ziyadnz/hourly-ipv4,ziyadnz|hourly,2026-08-17T18:48:05Z,2026-08-17T18:48:05Z,
213.230.93.11,ipv4,malicious-ip,medium,WHITE,ziyadnz/hourly-ipv4,ziyadnz|hourly,2026-08-17T18:48:05Z,2026-08-17T18:48:05Z,
213.230.93.113,ipv4,malicious-ip,medium,WHITE,ziyadnz/hourly-ipv4,ziyadnz|hourly,2026-08-17T18:48:05Z,2026-08-17T18:48:05Z,
213.230.93.114,ipv4,malicious-ip,medium,WHITE,ziyadnz/hourly-ipv4,ziyadnz|hourly,2026-08-17T18:48:05Z,2026-08-17T18:48:05Z,
213.230.93.121,ipv4,malicious-ip,medium,WHITE,ziyadnz/hourly-ipv4,ziyadnz|hourly,2026-08-17T18:48:05Z,2026-08-17T18:48:05Z,
213.230.93.125,ipv4,malicious-ip,medium,WHITE,ziyadnz/hourly-ipv4,ziyadnz|hourly,2026-08-17T18:48:05Z,2026-08-17T18:48:05Z,
213.230.93.15,ipv4,malicious-ip,medium,WHITE,ziyadnz/hourly-ipv4,ziyadnz|hourly,2026-08-17T18:48:05Z,2026-08-17T18:48:05Z,
213.230.93.176,ipv4,malicious-ip,medium,WHITE,ziyadnz/hourly-ipv4,ziyadnz|hourly,2026-08-17T18:48:05Z,2026-08-17T18:48:05Z,
213.230.93.22,ipv4,malicious-ip,medium,WHITE,ziyadnz/hourly-ipv4,ziyadnz|hourly,2026-08-17T18:48:05Z,2026-08-17T18:48:05Z,
213.230.93.24,ipv4,malicious-ip,medium,WHITE,ziyadnz/hourly-ipv4,ziyadnz|hourly,2026-08-17T18:48:05Z,2026-08-17T18:48:05Z,
213.230.93.34,ipv4,malicious-ip,medium,WHITE,ziyadnz/hourly-ipv4,ziyadnz|hourly,2026-08-17T18:48:05Z,2026-08-17T18:48:05Z,
213.230.93.39,ipv4,malicious-ip,medium,WHITE,ziyadnz/hourly-ipv4,ziyadnz|hourly,2026-08-17T18:48:05Z,2026-08-17T18:48:05Z,
213.230.93.4,ipv4,malicious-ip,medium,WHITE,ziyadnz/hourly-ipv4,ziyadnz|hourly,2026-08-17T18:48:05Z,2026-08-17T18:48:05Z,
213.230.93.53,ipv4,malicious-ip,medium,WHITE,ziyadnz/hourly-ipv4,ziyadnz|hourly,2026-08-17T18:48:05Z,2026-08-17T18:48:05Z,
213.230.93.57,ipv4,malicious-ip,medium,WHITE,ziyadnz/hourly-ipv4,ziyadnz|hourly,2026-08-17T18:48:05Z,2026-08-17T18:48:05Z,
213.230.93.59,ipv4,malicious-ip,medium,WHITE,ziyadnz/hourly-ipv4,ziyadnz|hourly,2026-08-17T18:48:05Z,2026-08-17T18:48:05Z,
213.230.93.62,ipv4,malicious-ip,medium,WHITE,ziyadnz/hourly-ipv4,ziyadnz|hourly,2026-08-17T18:48:05Z,2026-08-17T18:48:05Z,
213.230.93.73,ipv4,malicious-ip,medium,WHITE,ziyadnz/hourly-ipv4,ziyadnz|hourly,2026-08-17T18:48:05Z,2026-08-17T18:48:05Z,
213.231.12.149,ipv4,malicious-ip,medium,WHITE,ziyadnz/hourly-ipv4,ziyadnz|hourly,2026-08-17T18:48:05Z,2026-08-17T18:48:05Z,
213.231.7.134,ipv4,malicious-ip,medium,WHITE,ziyadnz/hourly-ipv4,ziyadnz|hourly,2026-08-17T18:48:05Z,2026-08-17T18:48:05Z,
213.231.8.47,ipv4,malicious-ip,medium,WHITE,ziyadnz/hourly-ipv4,ziyadnz|hourly,2026-08-17T18:48:05Z,2026-08-17T18:48:05Z,
213.232.235.104,ipv4,malicious-ip,medium,WHITE,ziyadnz/hourly-ipv4,ziyadnz|hourly,2026-08-17T18:48:05Z,2026-08-17T18:48:05Z,
213.232.235.18,ipv4,malicious-ip,medium,WHITE,ziyadnz/hourly-ipv4,ziyadnz|hourly,2026-08-17T18:48:05Z,2026-08-17T18:48:05Z,
213.234.11.10,ipv4,malicious-ip,medium,WHITE,ziyadnz/hourly-ipv4,ziyadnz|hourly,2026-08-17T18:48:05Z,2026-08-17T18:48:05Z,
213.234.5.66,ipv4,malicious-ip,medium,WHITE,ziyadnz/hourly-ipv4,ziyadnz|hourly,2026-08-17T18:48:05Z,2026-08-17T18:48:05Z,
213.234.8.114,ipv4,malicious-ip,medium,WHITE,ziyadnz/hourly-ipv4,ziyadnz|hourly,2026-08-17T18:48:05Z,2026-08-17T18:48:05Z,
213.235.142.131,ipv4,malicious-ip,medium,WHITE,ziyadnz/hourly-ipv4,ziyadnz|hourly,2026-08-17T18:48:05Z,2026-08-17T18:48:05Z,
213.235.27.2,ipv4,malicious-ip,medium,WHITE,ziyadnz/hourly-ipv4,ziyadnz|hourly,2026-08-17T18:48:05Z,2026-08-17T18:48:05Z,
213.238.170.136,ipv4,malicious-ip,medium,WHITE,ziyadnz/hourly-ipv4,ziyadnz|hourly,2026-08-17T18:48:05Z,2026-08-17T18:48:05Z,
213.238.177.131,ipv4,malicious-ip,medium,WHITE,ziyadnz/hourly-ipv4,ziyadnz|hourly,2026-08-17T18:48:05Z,2026-08-17T18:48:05Z,
213.238.177.175,ipv4,malicious-ip,medium,WHITE,ziyadnz/hourly-ipv4,ziyadnz|hourly,2026-08-17T18:48:05Z,2026-08-17T18:48:05Z,
213.238.177.182,ipv4,malicious-ip,medium,WHITE,ziyadnz/hourly-ipv4,ziyadnz|hourly,2026-08-17T18:48:05Z,2026-08-17T18:48:05Z,
213.238.187.76,ipv4,malicious-ip,medium,WHITE,ziyadnz/hourly-ipv4,ziyadnz|hourly,2026-08-17T18:48:05Z,2026-08-17T18:48:05Z,
213.240.210.232,ipv4,malicious-ip,medium,WHITE,ziyadnz/hourly-ipv4,ziyadnz|hourly,2026-08-17T18:48:05Z,2026-08-17T18:48:05Z,
213.241.22.232,ipv4,malicious-ip,medium,WHITE,ziyadnz/hourly-ipv4,ziyadnz|hourly,2026-08-17T18:48:05Z,2026-08-17T18:48:05Z,
213.248.128.121,ipv4,malicious-ip,medium,WHITE,ziyadnz/hourly-ipv4,ziyadnz|hourly,2026-08-17T18:48:05Z,2026-08-17T18:48:05Z,
213.251.102.32,ipv4,malicious-ip,medium,WHITE,ziyadnz/hourly-ipv4,ziyadnz|hourly,2026-08-17T18:48:05Z,2026-08-17T18:48:05Z,
213.252.244.123,ipv4,malicious-ip,medium,WHITE,ziyadnz/hourly-ipv4,ziyadnz|hourly,2026-08-17T18:48:05Z,2026-08-17T18:48:05Z,
213.252.246.152,ipv4,malicious-ip,medium,WHITE,ziyadnz/hourly-ipv4,ziyadnz|hourly,2026-08-17T18:48:05Z,2026-08-17T18:48:05Z,
213.255.246.209,ipv4,malicious-ip,medium,WHITE,ziyadnz/hourly-ipv4,ziyadnz|hourly,2026-08-17T18:48:05Z,2026-08-17T18:48:05Z,
213.27.111.78,ipv4,malicious-ip,medium,WHITE,ziyadnz/hourly-ipv4,ziyadnz|hourly,2026-08-17T18:48:05Z,2026-08-17T18:48:05Z,
213.30.20.244,ipv4,malicious-ip,medium,WHITE,ziyadnz/hourly-ipv4,ziyadnz|hourly,2026-08-17T18:48:05Z,2026-08-17T18:48:05Z,
213.32.20.9,ipv4,malicious-ip,medium,WHITE,ziyadnz/hourly-ipv4,ziyadnz|hourly,2026-08-17T18:48:05Z,2026-08-17T18:48:05Z,
213.32.22.42,ipv4,malicious-ip,medium,WHITE,ziyadnz/hourly-ipv4,ziyadnz|hourly,2026-08-17T18:48:05Z,2026-08-17T18:48:05Z,
213.32.25.238,ipv4,malicious-ip,medium,WHITE,ziyadnz/hourly-ipv4,ziyadnz|hourly,2026-08-17T18:48:05Z,2026-08-17T18:48:05Z,
213.32.252.221,ipv4,malicious-ip,medium,WHITE,ziyadnz/hourly-ipv4,ziyadnz|hourly,2026-08-17T18:48:05Z,2026-08-17T18:48:05Z,
213.32.66.232,ipv4,malicious-ip,medium,WHITE,ziyadnz/hourly-ipv4,ziyadnz|hourly,2026-08-17T18:48:05Z,2026-08-17T18:48:05Z,
213.33.182.183,ipv4,malicious-ip,medium,WHITE,ziyadnz/hourly-ipv4,ziyadnz|hourly,2026-08-17T18:48:05Z,2026-08-17T18:48:05Z,
213.33.210.63,ipv4,malicious-ip,medium,WHITE,ziyadnz/hourly-ipv4,ziyadnz|hourly,2026-08-17T18:48:05Z,2026-08-17T18:48:05Z,
213.33.237.106,ipv4,malicious-ip,medium,WHITE,ziyadnz/hourly-ipv4,ziyadnz|hourly,2026-08-17T18:48:05Z,2026-08-17T18:48:05Z,
213.35.108.6,ipv4,malicious-ip,medium,WHITE,ziyadnz/hourly-ipv4,ziyadnz|hourly,2026-08-17T18:48:05Z,2026-08-17T18:48:05Z,
213.35.122.246,ipv4,malicious-ip,medium,WHITE,ziyadnz/hourly-ipv4,ziyadnz|hourly,2026-08-17T18:48:05Z,2026-08-17T18:48:05Z,
213.35.127.232,ipv4,malicious-ip,medium,WHITE,ziyadnz/hourly-ipv4,ziyadnz|hourly,2026-08-17T18:48:05Z,2026-08-17T18:48:05Z,
213.35.128.24,ipv4,malicious-ip,medium,WHITE,ziyadnz/hourly-ipv4,ziyadnz|hourly,2026-08-17T18:48:05Z,2026-08-17T18:48:05Z,
213.37.77.212,ipv4,malicious-ip,medium,WHITE,ziyadnz/hourly-ipv4,ziyadnz|hourly,2026-08-17T18:48:05Z,2026-08-17T18:48:05Z,
213.41.144.147,ipv4,malicious-ip,medium,WHITE,ziyadnz/hourly-ipv4,ziyadnz|hourly,2026-08-17T18:48:05Z,2026-08-17T18:48:05Z,
213.47.194.23,ipv4,malicious-ip,medium,WHITE,ziyadnz/hourly-ipv4,ziyadnz|hourly,2026-08-17T18:48:05Z,2026-08-17T18:48:05Z,
213.48.245.106,ipv4,malicious-ip,medium,WHITE,ziyadnz/hourly-ipv4,ziyadnz|hourly,2026-08-17T18:48:05Z,2026-08-17T18:48:05Z,
213.5.130.58,ipv4,malicious-ip,medium,WHITE,ziyadnz/hourly-ipv4,ziyadnz|hourly,2026-08-17T18:48:05Z,2026-08-17T18:48:05Z,
213.5.193.136,ipv4,malicious-ip,medium,WHITE,ziyadnz/hourly-ipv4,ziyadnz|hourly,2026-08-17T18:48:05Z,2026-08-17T18:48:05Z,
213.5.196.160,ipv4,malicious-ip,medium,WHITE,ziyadnz/hourly-ipv4,ziyadnz|hourly,2026-08-17T18:48:05Z,2026-08-17T18:48:05Z,
213.5.196.198,ipv4,malicious-ip,medium,WHITE,ziyadnz/hourly-ipv4,ziyadnz|hourly,2026-08-17T18:48:05Z,2026-08-17T18:48:05Z,
213.5.198.165,ipv4,malicious-ip,medium,WHITE,ziyadnz/hourly-ipv4,ziyadnz|hourly,2026-08-17T18:48:05Z,2026-08-17T18:48:05Z,
213.5.198.169,ipv4,malicious-ip,medium,WHITE,ziyadnz/hourly-ipv4,ziyadnz|hourly,2026-08-17T18:48:05Z,2026-08-17T18:48:05Z,
213.5.198.88,ipv4,malicious-ip,medium,WHITE,ziyadnz/hourly-ipv4,ziyadnz|hourly,2026-08-17T18:48:05Z,2026-08-17T18:48:05Z,
213.52.130.153,ipv4,malicious-ip,medium,WHITE,ziyadnz/hourly-ipv4,ziyadnz|hourly,2026-08-17T18:48:05Z,2026-08-17T18:48:05Z,
213.52.130.179,ipv4,malicious-ip,medium,WHITE,ziyadnz/hourly-ipv4,ziyadnz|hourly,2026-08-17T18:48:05Z,2026-08-17T18:48:05Z,
213.52.130.185,ipv4,malicious-ip,medium,WHITE,ziyadnz/hourly-ipv4,ziyadnz|hourly,2026-08-17T18:48:05Z,2026-08-17T18:48:05Z,
213.52.130.198,ipv4,malicious-ip,medium,WHITE,ziyadnz/hourly-ipv4,ziyadnz|hourly,2026-08-17T18:48:05Z,2026-08-17T18:48:05Z,
213.55.102.49,ipv4,malicious-ip,medium,WHITE,ziyadnz/hourly-ipv4,ziyadnz|hourly,2026-08-17T18:48:05Z,2026-08-17T18:48:05Z,
213.55.242.126,ipv4,malicious-ip,medium,WHITE,ziyadnz/hourly-ipv4,ziyadnz|hourly,2026-08-17T18:48:05Z,2026-08-17T18:48:05Z,
213.55.247.197,ipv4,malicious-ip,medium,WHITE,ziyadnz/hourly-ipv4,ziyadnz|hourly,2026-08-17T18:48:05Z,2026-08-17T18:48:05Z,
213.55.83.90,ipv4,malicious-ip,medium,WHITE,ziyadnz/hourly-ipv4,ziyadnz|hourly,2026-08-17T18:48:05Z,2026-08-17T18:48:05Z,
213.55.85.179,ipv4,malicious-ip,medium,WHITE,ziyadnz/hourly-ipv4,ziyadnz|hourly,2026-08-17T18:48:05Z,2026-08-17T18:48:05Z,
213.55.95.183,ipv4,malicious-ip,medium,WHITE,ziyadnz/hourly-ipv4,ziyadnz|hourly,2026-08-17T18:48:05Z,2026-08-17T18:48:05Z,
213.55.97.218,ipv4,malicious-ip,medium,WHITE,ziyadnz/hourly-ipv4,ziyadnz|hourly,2026-08-17T18:48:05Z,2026-08-17T18:48:05Z,
213.59.118.124,ipv4,malicious-ip,medium,WHITE,ziyadnz/hourly-ipv4,ziyadnz|hourly,2026-08-17T18:48:05Z,2026-08-17T18:48:05Z,
213.59.140.60,ipv4,malicious-ip,medium,WHITE,ziyadnz/hourly-ipv4,ziyadnz|hourly,2026-08-17T18:48:05Z,2026-08-17T18:48:05Z,
213.59.165.109,ipv4,malicious-ip,medium,WHITE,ziyadnz/hourly-ipv4,ziyadnz|hourly,2026-08-17T18:48:05Z,2026-08-17T18:48:05Z,
213.6.102.42,ipv4,malicious-ip,medium,WHITE,ziyadnz/hourly-ipv4,ziyadnz|hourly,2026-08-17T18:48:05Z,2026-08-17T18:48:05Z,
213.6.184.53,ipv4,malicious-ip,medium,WHITE,ziyadnz/hourly-ipv4,ziyadnz|hourly,2026-08-17T18:48:05Z,2026-08-17T18:48:05Z,
213.6.202.246,ipv4,malicious-ip,medium,WHITE,ziyadnz/hourly-ipv4,ziyadnz|hourly,2026-08-17T18:48:05Z,2026-08-17T18:48:05Z,
213.6.230.250,ipv4,malicious-ip,medium,WHITE,ziyadnz/hourly-ipv4,ziyadnz|hourly,2026-08-17T18:48:05Z,2026-08-17T18:48:05Z,
213.6.33.79,ipv4,malicious-ip,medium,WHITE,ziyadnz/hourly-ipv4,ziyadnz|hourly,2026-08-17T18:48:05Z,2026-08-17T18:48:05Z,
213.6.38.18,ipv4,malicious-ip,medium,WHITE,ziyadnz/hourly-ipv4,ziyadnz|hourly,2026-08-17T18:48:05Z,2026-08-17T18:48:05Z,
213.6.38.218,ipv4,malicious-ip,medium,WHITE,ziyadnz/hourly-ipv4,ziyadnz|hourly,2026-08-17T18:48:05Z,2026-08-17T18:48:05Z,
213.6.56.152,ipv4,malicious-ip,medium,WHITE,ziyadnz/hourly-ipv4,ziyadnz|hourly,2026-08-17T18:48:05Z,2026-08-17T18:48:05Z,
213.6.56.156,ipv4,malicious-ip,medium,WHITE,ziyadnz/hourly-ipv4,ziyadnz|hourly,2026-08-17T18:48:05Z,2026-08-17T18:48:05Z,
213.6.74.138,ipv4,malicious-ip,medium,WHITE,ziyadnz/hourly-ipv4,ziyadnz|hourly,2026-08-17T18:48:05Z,2026-08-17T18:48:05Z,
213.60.255.181,ipv4,malicious-ip,medium,WHITE,ziyadnz/hourly-ipv4,ziyadnz|hourly,2026-08-17T18:48:05Z,2026-08-17T18:48:05Z,
213.64.221.120,ipv4,malicious-ip,medium,WHITE,ziyadnz/hourly-ipv4,ziyadnz|hourly,2026-08-17T18:48:05Z,2026-08-17T18:48:05Z,
213.67.210.12,ipv4,malicious-ip,medium,WHITE,ziyadnz/hourly-ipv4,ziyadnz|hourly,2026-08-17T18:48:05Z,2026-08-17T18:48:05Z,
213.74.115.50,ipv4,malicious-ip,medium,WHITE,ziyadnz/hourly-ipv4,ziyadnz|hourly,2026-08-17T18:48:05Z,2026-08-17T18:48:05Z,
213.74.41.106,ipv4,malicious-ip,medium,WHITE,ziyadnz/hourly-ipv4,ziyadnz|hourly,2026-08-17T18:48:05Z,2026-08-17T18:48:05Z,
213.8.79.42,ipv4,malicious-ip,medium,WHITE,ziyadnz/hourly-ipv4,ziyadnz|hourly,2026-08-17T18:48:05Z,2026-08-17T18:48:05Z,
213.80.225.137,ipv4,malicious-ip,medium,WHITE,ziyadnz/hourly-ipv4,ziyadnz|hourly,2026-08-17T18:48:05Z,2026-08-17T18:48:05Z,
213.87.96.92,ipv4,malicious-ip,medium,WHITE,ziyadnz/hourly-ipv4,ziyadnz|hourly,2026-08-17T18:48:05Z,2026-08-17T18:48:05Z,
213.89.208.215,ipv4,malicious-ip,medium,WHITE,ziyadnz/hourly-ipv4,ziyadnz|hourly,2026-08-17T18:48:05Z,2026-08-17T18:48:05Z,
213.91.150.100,ipv4,malicious-ip,medium,WHITE,ziyadnz/hourly-ipv4,ziyadnz|hourly,2026-08-17T18:48:05Z,2026-08-17T18:48:05Z,
213.92.222.0,ipv4,malicious-ip,medium,WHITE,ziyadnz/hourly-ipv4,ziyadnz|hourly,2026-08-17T18:48:05Z,2026-08-17T18:48:05Z,
213.92.222.136,ipv4,malicious-ip,medium,WHITE,ziyadnz/hourly-ipv4,ziyadnz|hourly,2026-08-17T18:48:05Z,2026-08-17T18:48:05Z,
213.92.222.200,ipv4,malicious-ip,medium,WHITE,ziyadnz/hourly-ipv4,ziyadnz|hourly,2026-08-17T18:48:05Z,2026-08-17T18:48:05Z,
213.92.222.40,ipv4,malicious-ip,medium,WHITE,ziyadnz/hourly-ipv4,ziyadnz|hourly,2026-08-17T18:48:05Z,2026-08-17T18:48:05Z,
213.92.223.31,ipv4,malicious-ip,medium,WHITE,ziyadnz/hourly-ipv4,ziyadnz|hourly,2026-08-17T18:48:05Z,2026-08-17T18:48:05Z,
213.95.149.22,ipv4,malicious-ip,medium,WHITE,ziyadnz/hourly-ipv4,ziyadnz|hourly,2026-08-17T18:48:05Z,2026-08-17T18:48:05Z,
213.95.191.47,ipv4,malicious-ip,medium,WHITE,ziyadnz/hourly-ipv4,ziyadnz|hourly,2026-08-17T18:48:05Z,2026-08-17T18:48:05Z,
216.10.217.68,ipv4,malicious-ip,medium,WHITE,ziyadnz/hourly-ipv4,ziyadnz|hourly,2026-08-17T18:48:05Z,2026-08-17T18:48:05Z,
216.10.217.98,ipv4,malicious-ip,medium,WHITE,ziyadnz/hourly-ipv4,ziyadnz|hourly,2026-08-17T18:48:05Z,2026-08-17T18:48:05Z,
216.10.245.205,ipv4,malicious-ip,medium,WHITE,ziyadnz/hourly-ipv4,ziyadnz|hourly,2026-08-17T18:48:05Z,2026-08-17T18:48:05Z,
216.10.250.157,ipv4,malicious-ip,medium,WHITE,ziyadnz/hourly-ipv4,ziyadnz|hourly,2026-08-17T18:48:05Z,2026-08-17T18:48:05Z,
216.106.183.246,ipv4,malicious-ip,medium,WHITE,ziyadnz/hourly-ipv4,ziyadnz|hourly,2026-08-17T18:48:05Z,2026-08-17T18:48:05Z,
216.107.136.46,ipv4,malicious-ip,medium,WHITE,ziyadnz/hourly-ipv4,ziyadnz|hourly,2026-08-17T18:48:05Z,2026-08-17T18:48:05Z,
216.107.139.188,ipv4,malicious-ip,medium,WHITE,ziyadnz/hourly-ipv4,ziyadnz|hourly,2026-08-17T18:48:05Z,2026-08-17T18:48:05Z,
216.107.139.197,ipv4,malicious-ip,medium,WHITE,ziyadnz/hourly-ipv4,ziyadnz|hourly,2026-08-17T18:48:05Z,2026-08-17T18:48:05Z,
216.107.139.52,ipv4,malicious-ip,medium,WHITE,ziyadnz/hourly-ipv4,ziyadnz|hourly,2026-08-17T18:48:05Z,2026-08-17T18:48:05Z,
216.108.236.45,ipv4,malicious-ip,medium,WHITE,ziyadnz/hourly-ipv4,ziyadnz|hourly,2026-08-17T18:48:05Z,2026-08-17T18:48:05Z,
216.110.228.126,ipv4,malicious-ip,medium,WHITE,ziyadnz/hourly-ipv4,ziyadnz|hourly,2026-08-17T18:48:05Z,2026-08-17T18:48:05Z,
216.120.201.112,ipv4,malicious-ip,medium,WHITE,ziyadnz/hourly-ipv4,ziyadnz|hourly,2026-08-17T18:48:05Z,2026-08-17T18:48:05Z,
216.125.22.2,ipv4,malicious-ip,medium,WHITE,ziyadnz/hourly-ipv4,ziyadnz|hourly,2026-08-17T18:48:05Z,2026-08-17T18:48:05Z,
216.126.224.182,ipv4,malicious-ip,medium,WHITE,ziyadnz/hourly-ipv4,ziyadnz|hourly,2026-08-17T18:48:05Z,2026-08-17T18:48:05Z,
216.126.224.237,ipv4,malicious-ip,medium,WHITE,ziyadnz/hourly-ipv4,ziyadnz|hourly,2026-08-17T18:48:05Z,2026-08-17T18:48:05Z,
216.126.224.30,ipv4,malicious-ip,medium,WHITE,ziyadnz/hourly-ipv4,ziyadnz|hourly,2026-08-17T18:48:05Z,2026-08-17T18:48:05Z,
216.126.225.128,ipv4,malicious-ip,medium,WHITE,ziyadnz/hourly-ipv4,ziyadnz|hourly,2026-08-17T18:48:05Z,2026-08-17T18:48:05Z,
216.126.225.156,ipv4,malicious-ip,medium,WHITE,ziyadnz/hourly-ipv4,ziyadnz|hourly,2026-08-17T18:48:05Z,2026-08-17T18:48:05Z,
216.126.227.85,ipv4,malicious-ip,medium,WHITE,ziyadnz/hourly-ipv4,ziyadnz|hourly,2026-08-17T18:48:05Z,2026-08-17T18:48:05Z,
216.126.229.166,ipv4,malicious-ip,medium,WHITE,ziyadnz/hourly-ipv4,ziyadnz|hourly,2026-08-17T18:48:05Z,2026-08-17T18:48:05Z,
216.126.231.240,ipv4,malicious-ip,medium,WHITE,ziyadnz/hourly-ipv4,ziyadnz|hourly,2026-08-17T18:48:05Z,2026-08-17T18:48:05Z,
216.126.237.40,ipv4,malicious-ip,medium,WHITE,ziyadnz/hourly-ipv4,ziyadnz|hourly,2026-08-17T18:48:05Z,2026-08-17T18:48:05Z,
216.126.237.71,ipv4,malicious-ip,medium,WHITE,ziyadnz/hourly-ipv4,ziyadnz|hourly,2026-08-17T18:48:05Z,2026-08-17T18:48:05Z,
216.126.237.96,ipv4,malicious-ip,medium,WHITE,ziyadnz/hourly-ipv4,ziyadnz|hourly,2026-08-17T18:48:05Z,2026-08-17T18:48:05Z,
216.126.239.150,ipv4,malicious-ip,medium,WHITE,ziyadnz/hourly-ipv4,ziyadnz|hourly,2026-08-17T18:48:05Z,2026-08-17T18:48:05Z,
216.126.239.178,ipv4,malicious-ip,medium,WHITE,ziyadnz/hourly-ipv4,ziyadnz|hourly,2026-08-17T18:48:05Z,2026-08-17T18:48:05Z,
216.126.86.8,ipv4,malicious-ip,medium,WHITE,ziyadnz/hourly-ipv4,ziyadnz|hourly,2026-08-17T18:48:05Z,2026-08-17T18:48:05Z,
216.128.148.122,ipv4,malicious-ip,medium,WHITE,ziyadnz/hourly-ipv4,ziyadnz|hourly,2026-08-17T18:48:05Z,2026-08-17T18:48:05Z,
216.128.156.208,ipv4,malicious-ip,medium,WHITE,ziyadnz/hourly-ipv4,ziyadnz|hourly,2026-08-17T18:48:05Z,2026-08-17T18:48:05Z,
216.128.179.235,ipv4,malicious-ip,medium,WHITE,ziyadnz/hourly-ipv4,ziyadnz|hourly,2026-08-17T18:48:05Z,2026-08-17T18:48:05Z,
216.128.180.232,ipv4,malicious-ip,medium,WHITE,ziyadnz/hourly-ipv4,ziyadnz|hourly,2026-08-17T18:48:05Z,2026-08-17T18:48:05Z,
216.131.110.174,ipv4,malicious-ip,medium,WHITE,ziyadnz/hourly-ipv4,ziyadnz|hourly,2026-08-17T18:48:05Z,2026-08-17T18:48:05Z,
216.131.112.239,ipv4,malicious-ip,medium,WHITE,ziyadnz/hourly-ipv4,ziyadnz|hourly,2026-08-17T18:48:05Z,2026-08-17T18:48:05Z,
216.131.75.250,ipv4,malicious-ip,medium,WHITE,ziyadnz/hourly-ipv4,ziyadnz|hourly,2026-08-17T18:48:05Z,2026-08-17T18:48:05Z,
216.131.77.250,ipv4,malicious-ip,medium,WHITE,ziyadnz/hourly-ipv4,ziyadnz|hourly,2026-08-17T18:48:05Z,2026-08-17T18:48:05Z,
216.144.224.186,ipv4,malicious-ip,medium,WHITE,ziyadnz/hourly-ipv4,ziyadnz|hourly,2026-08-17T18:48:05Z,2026-08-17T18:48:05Z,
216.144.226.214,ipv4,malicious-ip,medium,WHITE,ziyadnz/hourly-ipv4,ziyadnz|hourly,2026-08-17T18:48:05Z,2026-08-17T18:48:05Z,
216.144.229.148,ipv4,malicious-ip,medium,WHITE,ziyadnz/hourly-ipv4,ziyadnz|hourly,2026-08-17T18:48:05Z,2026-08-17T18:48:05Z,
216.144.233.14,ipv4,malicious-ip,medium,WHITE,ziyadnz/hourly-ipv4,ziyadnz|hourly,2026-08-17T18:48:05Z,2026-08-17T18:48:05Z,
216.146.25.60,ipv4,malicious-ip,medium,WHITE,ziyadnz/hourly-ipv4,ziyadnz|hourly,2026-08-17T18:48:05Z,2026-08-17T18:48:05Z,
216.146.49.202,ipv4,malicious-ip,medium,WHITE,ziyadnz/hourly-ipv4,ziyadnz|hourly,2026-08-17T18:48:05Z,2026-08-17T18:48:05Z,
216.152.148.54,ipv4,malicious-ip,medium,WHITE,ziyadnz/hourly-ipv4,ziyadnz|hourly,2026-08-17T18:48:05Z,2026-08-17T18:48:05Z,
216.152.151.204,ipv4,malicious-ip,medium,WHITE,ziyadnz/hourly-ipv4,ziyadnz|hourly,2026-08-17T18:48:05Z,2026-08-17T18:48:05Z,
216.152.154.111,ipv4,malicious-ip,medium,WHITE,ziyadnz/hourly-ipv4,ziyadnz|hourly,2026-08-17T18:48:05Z,2026-08-17T18:48:05Z,
216.154.162.124,ipv4,malicious-ip,medium,WHITE,ziyadnz/hourly-ipv4,ziyadnz|hourly,2026-08-17T18:48:05Z,2026-08-17T18:48:05Z,
216.155.69.35,ipv4,malicious-ip,medium,WHITE,ziyadnz/hourly-ipv4,ziyadnz|hourly,2026-08-17T18:48:05Z,2026-08-17T18:48:05Z,
216.158.226.110,ipv4,malicious-ip,medium,WHITE,ziyadnz/hourly-ipv4,ziyadnz|hourly,2026-08-17T18:48:05Z,2026-08-17T18:48:05Z,
216.158.226.206,ipv4,malicious-ip,medium,WHITE,ziyadnz/hourly-ipv4,ziyadnz|hourly,2026-08-17T18:48:05Z,2026-08-17T18:48:05Z,
216.158.228.215,ipv4,malicious-ip,medium,WHITE,ziyadnz/hourly-ipv4,ziyadnz|hourly,2026-08-17T18:48:05Z,2026-08-17T18:48:05Z,
216.158.232.43,ipv4,malicious-ip,medium,WHITE,ziyadnz/hourly-ipv4,ziyadnz|hourly,2026-08-17T18:48:05Z,2026-08-17T18:48:05Z,
216.158.235.118,ipv4,malicious-ip,medium,WHITE,ziyadnz/hourly-ipv4,ziyadnz|hourly,2026-08-17T18:48:05Z,2026-08-17T18:48:05Z,
216.163.48.198,ipv4,malicious-ip,medium,WHITE,ziyadnz/hourly-ipv4,ziyadnz|hourly,2026-08-17T18:48:05Z,2026-08-17T18:48:05Z,
216.172.183.59,ipv4,malicious-ip,medium,WHITE,ziyadnz/hourly-ipv4,ziyadnz|hourly,2026-08-17T18:48:05Z,2026-08-17T18:48:05Z,
216.172.190.116,ipv4,malicious-ip,medium,WHITE,ziyadnz/hourly-ipv4,ziyadnz|hourly,2026-08-17T18:48:05Z,2026-08-17T18:48:05Z,
216.173.112.34,ipv4,malicious-ip,medium,WHITE,ziyadnz/hourly-ipv4,ziyadnz|hourly,2026-08-17T18:48:05Z,2026-08-17T18:48:05Z,
216.173.65.153,ipv4,malicious-ip,medium,WHITE,ziyadnz/hourly-ipv4,ziyadnz|hourly,2026-08-17T18:48:05Z,2026-08-17T18:48:05Z,
216.173.84.198,ipv4,malicious-ip,medium,WHITE,ziyadnz/hourly-ipv4,ziyadnz|hourly,2026-08-17T18:48:05Z,2026-08-17T18:48:05Z,
216.180.127.10,ipv4,malicious-ip,medium,WHITE,ziyadnz/hourly-ipv4,ziyadnz|hourly,2026-08-17T18:48:05Z,2026-08-17T18:48:05Z,
216.180.127.201,ipv4,malicious-ip,medium,WHITE,ziyadnz/hourly-ipv4,ziyadnz|hourly,2026-08-17T18:48:05Z,2026-08-17T18:48:05Z,
216.180.246.0,ipv4,malicious-ip,medium,WHITE,ziyadnz/hourly-ipv4,ziyadnz|hourly,2026-08-17T18:48:05Z,2026-08-17T18:48:05Z,
216.180.246.1,ipv4,malicious-ip,medium,WHITE,ziyadnz/hourly-ipv4,ziyadnz|hourly,2026-08-17T18:48:05Z,2026-08-17T18:48:05Z,
216.180.246.10,ipv4,malicious-ip,medium,WHITE,ziyadnz/hourly-ipv4,ziyadnz|hourly,2026-08-17T18:48:05Z,2026-08-17T18:48:05Z,
216.180.246.100,ipv4,malicious-ip,medium,WHITE,ziyadnz/hourly-ipv4,ziyadnz|hourly,2026-08-17T18:48:05Z,2026-08-17T18:48:05Z,
216.180.246.101,ipv4,malicious-ip,medium,WHITE,ziyadnz/hourly-ipv4,ziyadnz|hourly,2026-08-17T18:48:05Z,2026-08-17T18:48:05Z,
216.180.246.102,ipv4,malicious-ip,medium,WHITE,ziyadnz/hourly-ipv4,ziyadnz|hourly,2026-08-17T18:48:05Z,2026-08-17T18:48:05Z,
216.180.246.103,ipv4,malicious-ip,medium,WHITE,ziyadnz/hourly-ipv4,ziyadnz|hourly,2026-08-17T18:48:05Z,2026-08-17T18:48:05Z,
216.180.246.104,ipv4,malicious-ip,medium,WHITE,ziyadnz/hourly-ipv4,ziyadnz|hourly,2026-08-17T18:48:05Z,2026-08-17T18:48:05Z,
216.180.246.105,ipv4,malicious-ip,medium,WHITE,ziyadnz/hourly-ipv4,ziyadnz|hourly,2026-08-17T18:48:05Z,2026-08-17T18:48:05Z,
216.180.246.106,ipv4,malicious-ip,medium,WHITE,ziyadnz/hourly-ipv4,ziyadnz|hourly,2026-08-17T18:48:05Z,2026-08-17T18:48:05Z,
216.180.246.107,ipv4,malicious-ip,medium,WHITE,ziyadnz/hourly-ipv4,ziyadnz|hourly,2026-08-17T18:48:05Z,2026-08-17T18:48:05Z,
216.180.246.108,ipv4,malicious-ip,medium,WHITE,ziyadnz/hourly-ipv4,ziyadnz|hourly,2026-08-17T18:48:05Z,2026-08-17T18:48:05Z,
216.180.246.109,ipv4,malicious-ip,medium,WHITE,ziyadnz/hourly-ipv4,ziyadnz|hourly,2026-08-17T18:48:05Z,2026-08-17T18:48:05Z,
216.180.246.11,ipv4,malicious-ip,medium,WHITE,ziyadnz/hourly-ipv4,ziyadnz|hourly,2026-08-17T18:48:05Z,2026-08-17T18:48:05Z,
216.180.246.110,ipv4,malicious-ip,medium,WHITE,ziyadnz/hourly-ipv4,ziyadnz|hourly,2026-08-17T18:48:05Z,2026-08-17T18:48:05Z,
216.180.246.111,ipv4,malicious-ip,medium,WHITE,ziyadnz/hourly-ipv4,ziyadnz|hourly,2026-08-17T18:48:05Z,2026-08-17T18:48:05Z,
216.180.246.112,ipv4,malicious-ip,medium,WHITE,ziyadnz/hourly-ipv4,ziyadnz|hourly,2026-08-17T18:48:05Z,2026-08-17T18:48:05Z,
216.180.246.113,ipv4,malicious-ip,medium,WHITE,ziyadnz/hourly-ipv4,ziyadnz|hourly,2026-08-17T18:48:05Z,2026-08-17T18:48:05Z,
216.180.246.114,ipv4,malicious-ip,medium,WHITE,ziyadnz/hourly-ipv4,ziyadnz|hourly,2026-08-17T18:48:05Z,2026-08-17T18:48:05Z,
216.180.246.115,ipv4,malicious-ip,medium,WHITE,ziyadnz/hourly-ipv4,ziyadnz|hourly,2026-08-17T18:48:05Z,2026-08-17T18:48:05Z,
216.180.246.117,ipv4,malicious-ip,medium,WHITE,ziyadnz/hourly-ipv4,ziyadnz|hourly,2026-08-17T18:48:05Z,2026-08-17T18:48:05Z,
216.180.246.119,ipv4,malicious-ip,medium,WHITE,ziyadnz/hourly-ipv4,ziyadnz|hourly,2026-08-17T18:48:05Z,2026-08-17T18:48:05Z,
216.180.246.120,ipv4,malicious-ip,medium,WHITE,ziyadnz/hourly-ipv4,ziyadnz|hourly,2026-08-17T18:48:05Z,2026-08-17T18:48:05Z,
216.180.246.121,ipv4,malicious-ip,medium,WHITE,ziyadnz/hourly-ipv4,ziyadnz|hourly,2026-08-17T18:48:05Z,2026-08-17T18:48:05Z,
216.180.246.122,ipv4,malicious-ip,medium,WHITE,ziyadnz/hourly-ipv4,ziyadnz|hourly,2026-08-17T18:48:05Z,2026-08-17T18:48:05Z,
216.180.246.124,ipv4,malicious-ip,medium,WHITE,ziyadnz/hourly-ipv4,ziyadnz|hourly,2026-08-17T18:48:05Z,2026-08-17T18:48:05Z,
216.180.246.125,ipv4,malicious-ip,medium,WHITE,ziyadnz/hourly-ipv4,ziyadnz|hourly,2026-08-17T18:48:05Z,2026-08-17T18:48:05Z,
216.180.246.126,ipv4,malicious-ip,medium,WHITE,ziyadnz/hourly-ipv4,ziyadnz|hourly,2026-08-17T18:48:05Z,2026-08-17T18:48:05Z,
216.180.246.127,ipv4,malicious-ip,medium,WHITE,ziyadnz/hourly-ipv4,ziyadnz|hourly,2026-08-17T18:48:05Z,2026-08-17T18:48:05Z,
216.180.246.128,ipv4,malicious-ip,medium,WHITE,ziyadnz/hourly-ipv4,ziyadnz|hourly,2026-08-17T18:48:05Z,2026-08-17T18:48:05Z,
216.180.246.129,ipv4,malicious-ip,medium,WHITE,ziyadnz/hourly-ipv4,ziyadnz|hourly,2026-08-17T18:48:05Z,2026-08-17T18:48:05Z,
216.180.246.13,ipv4,malicious-ip,medium,WHITE,ziyadnz/hourly-ipv4,ziyadnz|hourly,2026-08-17T18:48:05Z,2026-08-17T18:48:05Z,
216.180.246.130,ipv4,malicious-ip,medium,WHITE,ziyadnz/hourly-ipv4,ziyadnz|hourly,2026-08-17T18:48:05Z,2026-08-17T18:48:05Z,
216.180.246.131,ipv4,malicious-ip,medium,WHITE,ziyadnz/hourly-ipv4,ziyadnz|hourly,2026-08-17T18:48:05Z,2026-08-17T18:48:05Z,
216.180.246.132,ipv4,malicious-ip,medium,WHITE,ziyadnz/hourly-ipv4,ziyadnz|hourly,2026-08-17T18:48:05Z,2026-08-17T18:48:05Z,
216.180.246.133,ipv4,malicious-ip,medium,WHITE,ziyadnz/hourly-ipv4,ziyadnz|hourly,2026-08-17T18:48:05Z,2026-08-17T18:48:05Z,
216.180.246.134,ipv4,malicious-ip,medium,WHITE,ziyadnz/hourly-ipv4,ziyadnz|hourly,2026-08-17T18:48:05Z,2026-08-17T18:48:05Z,
216.180.246.135,ipv4,malicious-ip,medium,WHITE,ziyadnz/hourly-ipv4,ziyadnz|hourly,2026-08-17T18:48:05Z,2026-08-17T18:48:05Z,
216.180.246.136,ipv4,malicious-ip,medium,WHITE,ziyadnz/hourly-ipv4,ziyadnz|hourly,2026-08-17T18:48:05Z,2026-08-17T18:48:05Z,
216.180.246.137,ipv4,malicious-ip,medium,WHITE,ziyadnz/hourly-ipv4,ziyadnz|hourly,2026-08-17T18:48:05Z,2026-08-17T18:48:05Z,
216.180.246.138,ipv4,malicious-ip,medium,WHITE,ziyadnz/hourly-ipv4,ziyadnz|hourly,2026-08-17T18:48:05Z,2026-08-17T18:48:05Z,
216.180.246.139,ipv4,malicious-ip,medium,WHITE,ziyadnz/hourly-ipv4,ziyadnz|hourly,2026-08-17T18:48:05Z,2026-08-17T18:48:05Z,
216.180.246.14,ipv4,malicious-ip,medium,WHITE,ziyadnz/hourly-ipv4,ziyadnz|hourly,2026-08-17T18:48:05Z,2026-08-17T18:48:05Z,
216.180.246.141,ipv4,malicious-ip,medium,WHITE,ziyadnz/hourly-ipv4,ziyadnz|hourly,2026-08-17T18:48:05Z,2026-08-17T18:48:05Z,
216.180.246.142,ipv4,malicious-ip,medium,WHITE,ziyadnz/hourly-ipv4,ziyadnz|hourly,2026-08-17T18:48:05Z,2026-08-17T18:48:05Z,
216.180.246.143,ipv4,malicious-ip,medium,WHITE,ziyadnz/hourly-ipv4,ziyadnz|hourly,2026-08-17T18:48:05Z,2026-08-17T18:48:05Z,
216.180.246.144,ipv4,malicious-ip,medium,WHITE,ziyadnz/hourly-ipv4,ziyadnz|hourly,2026-08-17T18:48:05Z,2026-08-17T18:48:05Z,
216.180.246.146,ipv4,malicious-ip,medium,WHITE,ziyadnz/hourly-ipv4,ziyadnz|hourly,2026-08-17T18:48:05Z,2026-08-17T18:48:05Z,
216.180.246.147,ipv4,malicious-ip,medium,WHITE,ziyadnz/hourly-ipv4,ziyadnz|hourly,2026-08-17T18:48:05Z,2026-08-17T18:48:05Z,
216.180.246.148,ipv4,malicious-ip,medium,WHITE,ziyadnz/hourly-ipv4,ziyadnz|hourly,2026-08-17T18:48:05Z,2026-08-17T18:48:05Z,
216.180.246.149,ipv4,malicious-ip,medium,WHITE,ziyadnz/hourly-ipv4,ziyadnz|hourly,2026-08-17T18:48:05Z,2026-08-17T18:48:05Z,
216.180.246.15,ipv4,malicious-ip,medium,WHITE,ziyadnz/hourly-ipv4,ziyadnz|hourly,2026-08-17T18:48:05Z,2026-08-17T18:48:05Z,
216.180.246.150,ipv4,malicious-ip,medium,WHITE,ziyadnz/hourly-ipv4,ziyadnz|hourly,2026-08-17T18:48:05Z,2026-08-17T18:48:05Z,
216.180.246.151,ipv4,malicious-ip,medium,WHITE,ziyadnz/hourly-ipv4,ziyadnz|hourly,2026-08-17T18:48:05Z,2026-08-17T18:48:05Z,
216.180.246.152,ipv4,malicious-ip,medium,WHITE,ziyadnz/hourly-ipv4,ziyadnz|hourly,2026-08-17T18:48:05Z,2026-08-17T18:48:05Z,
216.180.246.153,ipv4,malicious-ip,medium,WHITE,ziyadnz/hourly-ipv4,ziyadnz|hourly,2026-08-17T18:48:05Z,2026-08-17T18:48:05Z,
216.180.246.154,ipv4,malicious-ip,medium,WHITE,ziyadnz/hourly-ipv4,ziyadnz|hourly,2026-08-17T18:48:05Z,2026-08-17T18:48:05Z,
216.180.246.155,ipv4,malicious-ip,medium,WHITE,ziyadnz/hourly-ipv4,ziyadnz|hourly,2026-08-17T18:48:05Z,2026-08-17T18:48:05Z,
216.180.246.156,ipv4,malicious-ip,medium,WHITE,ziyadnz/hourly-ipv4,ziyadnz|hourly,2026-08-17T18:48:05Z,2026-08-17T18:48:05Z,
216.180.246.157,ipv4,malicious-ip,medium,WHITE,ziyadnz/hourly-ipv4,ziyadnz|hourly,2026-08-17T18:48:05Z,2026-08-17T18:48:05Z,
216.180.246.158,ipv4,malicious-ip,medium,WHITE,ziyadnz/hourly-ipv4,ziyadnz|hourly,2026-08-17T18:48:05Z,2026-08-17T18:48:05Z,
216.180.246.159,ipv4,malicious-ip,medium,WHITE,ziyadnz/hourly-ipv4,ziyadnz|hourly,2026-08-17T18:48:05Z,2026-08-17T18:48:05Z,
216.180.246.16,ipv4,malicious-ip,medium,WHITE,ziyadnz/hourly-ipv4,ziyadnz|hourly,2026-08-17T18:48:05Z,2026-08-17T18:48:05Z,
216.180.246.160,ipv4,malicious-ip,medium,WHITE,ziyadnz/hourly-ipv4,ziyadnz|hourly,2026-08-17T18:48:05Z,2026-08-17T18:48:05Z,
216.180.246.162,ipv4,malicious-ip,medium,WHITE,ziyadnz/hourly-ipv4,ziyadnz|hourly,2026-08-17T18:48:05Z,2026-08-17T18:48:05Z,
216.180.246.163,ipv4,malicious-ip,medium,WHITE,ziyadnz/hourly-ipv4,ziyadnz|hourly,2026-08-17T18:48:05Z,2026-08-17T18:48:05Z,
216.180.246.164,ipv4,malicious-ip,medium,WHITE,ziyadnz/hourly-ipv4,ziyadnz|hourly,2026-08-17T18:48:05Z,2026-08-17T18:48:05Z,
216.180.246.165,ipv4,malicious-ip,medium,WHITE,ziyadnz/hourly-ipv4,ziyadnz|hourly,2026-08-17T18:48:05Z,2026-08-17T18:48:05Z,
216.180.246.166,ipv4,malicious-ip,medium,WHITE,ziyadnz/hourly-ipv4,ziyadnz|hourly,2026-08-17T18:48:05Z,2026-08-17T18:48:05Z,
216.180.246.168,ipv4,malicious-ip,medium,WHITE,ziyadnz/hourly-ipv4,ziyadnz|hourly,2026-08-17T18:48:05Z,2026-08-17T18:48:05Z,
216.180.246.17,ipv4,malicious-ip,medium,WHITE,ziyadnz/hourly-ipv4,ziyadnz|hourly,2026-08-17T18:48:05Z,2026-08-17T18:48:05Z,
216.180.246.170,ipv4,malicious-ip,medium,WHITE,ziyadnz/hourly-ipv4,ziyadnz|hourly,2026-08-17T18:48:05Z,2026-08-17T18:48:05Z,
216.180.246.171,ipv4,malicious-ip,medium,WHITE,ziyadnz/hourly-ipv4,ziyadnz|hourly,2026-08-17T18:48:05Z,2026-08-17T18:48:05Z,
216.180.246.172,ipv4,malicious-ip,medium,WHITE,ziyadnz/hourly-ipv4,ziyadnz|hourly,2026-08-17T18:48:05Z,2026-08-17T18:48:05Z,
216.180.246.173,ipv4,malicious-ip,medium,WHITE,ziyadnz/hourly-ipv4,ziyadnz|hourly,2026-08-17T18:48:05Z,2026-08-17T18:48:05Z,
216.180.246.175,ipv4,malicious-ip,medium,WHITE,ziyadnz/hourly-ipv4,ziyadnz|hourly,2026-08-17T18:48:05Z,2026-08-17T18:48:05Z,
216.180.246.176,ipv4,malicious-ip,medium,WHITE,ziyadnz/hourly-ipv4,ziyadnz|hourly,2026-08-17T18:48:05Z,2026-08-17T18:48:05Z,
216.180.246.177,ipv4,malicious-ip,medium,WHITE,ziyadnz/hourly-ipv4,ziyadnz|hourly,2026-08-17T18:48:05Z,2026-08-17T18:48:05Z,
216.180.246.178,ipv4,malicious-ip,medium,WHITE,ziyadnz/hourly-ipv4,ziyadnz|hourly,2026-08-17T18:48:05Z,2026-08-17T18:48:05Z,
216.180.246.179,ipv4,malicious-ip,medium,WHITE,ziyadnz/hourly-ipv4,ziyadnz|hourly,2026-08-17T18:48:05Z,2026-08-17T18:48:05Z,
216.180.246.18,ipv4,malicious-ip,medium,WHITE,ziyadnz/hourly-ipv4,ziyadnz|hourly,2026-08-17T18:48:05Z,2026-08-17T18:48:05Z,
216.180.246.180,ipv4,malicious-ip,medium,WHITE,ziyadnz/hourly-ipv4,ziyadnz|hourly,2026-08-17T18:48:05Z,2026-08-17T18:48:05Z,
216.180.246.181,ipv4,malicious-ip,medium,WHITE,ziyadnz/hourly-ipv4,ziyadnz|hourly,2026-08-17T18:48:05Z,2026-08-17T18:48:05Z,
216.180.246.182,ipv4,malicious-ip,medium,WHITE,ziyadnz/hourly-ipv4,ziyadnz|hourly,2026-08-17T18:48:05Z,2026-08-17T18:48:05Z,
216.180.246.183,ipv4,malicious-ip,medium,WHITE,ziyadnz/hourly-ipv4,ziyadnz|hourly,2026-08-17T18:48:05Z,2026-08-17T18:48:05Z,
216.180.246.184,ipv4,malicious-ip,medium,WHITE,ziyadnz/hourly-ipv4,ziyadnz|hourly,2026-08-17T18:48:05Z,2026-08-17T18:48:05Z,
216.180.246.185,ipv4,malicious-ip,medium,WHITE,ziyadnz/hourly-ipv4,ziyadnz|hourly,2026-08-17T18:48:05Z,2026-08-17T18:48:05Z,
216.180.246.186,ipv4,malicious-ip,medium,WHITE,ziyadnz/hourly-ipv4,ziyadnz|hourly,2026-08-17T18:48:05Z,2026-08-17T18:48:05Z,
216.180.246.187,ipv4,malicious-ip,medium,WHITE,ziyadnz/hourly-ipv4,ziyadnz|hourly,2026-08-17T18:48:05Z,2026-08-17T18:48:05Z,
216.180.246.188,ipv4,malicious-ip,medium,WHITE,ziyadnz/hourly-ipv4,ziyadnz|hourly,2026-08-17T18:48:05Z,2026-08-17T18:48:05Z,
216.180.246.189,ipv4,malicious-ip,medium,WHITE,ziyadnz/hourly-ipv4,ziyadnz|hourly,2026-08-17T18:48:05Z,2026-08-17T18:48:05Z,
216.180.246.190,ipv4,malicious-ip,medium,WHITE,ziyadnz/hourly-ipv4,ziyadnz|hourly,2026-08-17T18:48:05Z,2026-08-17T18:48:05Z,
216.180.246.191,ipv4,malicious-ip,medium,WHITE,ziyadnz/hourly-ipv4,ziyadnz|hourly,2026-08-17T18:48:05Z,2026-08-17T18:48:05Z,
216.180.246.192,ipv4,malicious-ip,medium,WHITE,ziyadnz/hourly-ipv4,ziyadnz|hourly,2026-08-17T18:48:05Z,2026-08-17T18:48:05Z,
216.180.246.193,ipv4,malicious-ip,medium,WHITE,ziyadnz/hourly-ipv4,ziyadnz|hourly,2026-08-17T18:48:05Z,2026-08-17T18:48:05Z,
216.180.246.194,ipv4,malicious-ip,medium,WHITE,ziyadnz/hourly-ipv4,ziyadnz|hourly,2026-08-17T18:48:05Z,2026-08-17T18:48:05Z,
216.180.246.195,ipv4,malicious-ip,medium,WHITE,ziyadnz/hourly-ipv4,ziyadnz|hourly,2026-08-17T18:48:05Z,2026-08-17T18:48:05Z,
216.180.246.196,ipv4,malicious-ip,medium,WHITE,ziyadnz/hourly-ipv4,ziyadnz|hourly,2026-08-17T18:48:05Z,2026-08-17T18:48:05Z,
216.180.246.197,ipv4,malicious-ip,medium,WHITE,ziyadnz/hourly-ipv4,ziyadnz|hourly,2026-08-17T18:48:05Z,2026-08-17T18:48:05Z,
216.180.246.198,ipv4,malicious-ip,medium,WHITE,ziyadnz/hourly-ipv4,ziyadnz|hourly,2026-08-17T18:48:05Z,2026-08-17T18:48:05Z,
216.180.246.199,ipv4,malicious-ip,medium,WHITE,ziyadnz/hourly-ipv4,ziyadnz|hourly,2026-08-17T18:48:05Z,2026-08-17T18:48:05Z,
216.180.246.2,ipv4,malicious-ip,medium,WHITE,ziyadnz/hourly-ipv4,ziyadnz|hourly,2026-08-17T18:48:05Z,2026-08-17T18:48:05Z,
216.180.246.20,ipv4,malicious-ip,medium,WHITE,ziyadnz/hourly-ipv4,ziyadnz|hourly,2026-08-17T18:48:05Z,2026-08-17T18:48:05Z,
216.180.246.200,ipv4,malicious-ip,medium,WHITE,ziyadnz/hourly-ipv4,ziyadnz|hourly,2026-08-17T18:48:05Z,2026-08-17T18:48:05Z,
216.180.246.201,ipv4,malicious-ip,medium,WHITE,ziyadnz/hourly-ipv4,ziyadnz|hourly,2026-08-17T18:48:05Z,2026-08-17T18:48:05Z,
216.180.246.202,ipv4,malicious-ip,medium,WHITE,ziyadnz/hourly-ipv4,ziyadnz|hourly,2026-08-17T18:48:05Z,2026-08-17T18:48:05Z,
216.180.246.203,ipv4,malicious-ip,medium,WHITE,ziyadnz/hourly-ipv4,ziyadnz|hourly,2026-08-17T18:48:05Z,2026-08-17T18:48:05Z,
216.180.246.204,ipv4,malicious-ip,medium,WHITE,ziyadnz/hourly-ipv4,ziyadnz|hourly,2026-08-17T18:48:05Z,2026-08-17T18:48:05Z,
216.180.246.205,ipv4,malicious-ip,medium,WHITE,ziyadnz/hourly-ipv4,ziyadnz|hourly,2026-08-17T18:48:05Z,2026-08-17T18:48:05Z,
216.180.246.206,ipv4,malicious-ip,medium,WHITE,ziyadnz/hourly-ipv4,ziyadnz|hourly,2026-08-17T18:48:05Z,2026-08-17T18:48:05Z,
216.180.246.207,ipv4,malicious-ip,medium,WHITE,ziyadnz/hourly-ipv4,ziyadnz|hourly,2026-08-17T18:48:05Z,2026-08-17T18:48:05Z,
216.180.246.209,ipv4,malicious-ip,medium,WHITE,ziyadnz/hourly-ipv4,ziyadnz|hourly,2026-08-17T18:48:05Z,2026-08-17T18:48:05Z,
216.180.246.21,ipv4,malicious-ip,medium,WHITE,ziyadnz/hourly-ipv4,ziyadnz|hourly,2026-08-17T18:48:05Z,2026-08-17T18:48:05Z,
216.180.246.210,ipv4,malicious-ip,medium,WHITE,ziyadnz/hourly-ipv4,ziyadnz|hourly,2026-08-17T18:48:05Z,2026-08-17T18:48:05Z,
216.180.246.211,ipv4,malicious-ip,medium,WHITE,ziyadnz/hourly-ipv4,ziyadnz|hourly,2026-08-17T18:48:05Z,2026-08-17T18:48:05Z,
216.180.246.212,ipv4,malicious-ip,medium,WHITE,ziyadnz/hourly-ipv4,ziyadnz|hourly,2026-08-17T18:48:05Z,2026-08-17T18:48:05Z,
216.180.246.213,ipv4,malicious-ip,medium,WHITE,ziyadnz/hourly-ipv4,ziyadnz|hourly,2026-08-17T18:48:05Z,2026-08-17T18:48:05Z,
216.180.246.214,ipv4,malicious-ip,medium,WHITE,ziyadnz/hourly-ipv4,ziyadnz|hourly,2026-08-17T18:48:05Z,2026-08-17T18:48:05Z,
216.180.246.215,ipv4,malicious-ip,medium,WHITE,ziyadnz/hourly-ipv4,ziyadnz|hourly,2026-08-17T18:48:05Z,2026-08-17T18:48:05Z,
216.180.246.216,ipv4,malicious-ip,medium,WHITE,ziyadnz/hourly-ipv4,ziyadnz|hourly,2026-08-17T18:48:05Z,2026-08-17T18:48:05Z,
216.180.246.217,ipv4,malicious-ip,medium,WHITE,ziyadnz/hourly-ipv4,ziyadnz|hourly,2026-08-17T18:48:05Z,2026-08-17T18:48:05Z,
216.180.246.218,ipv4,malicious-ip,medium,WHITE,ziyadnz/hourly-ipv4,ziyadnz|hourly,2026-08-17T18:48:05Z,2026-08-17T18:48:05Z,
216.180.246.219,ipv4,malicious-ip,medium,WHITE,ziyadnz/hourly-ipv4,ziyadnz|hourly,2026-08-17T18:48:05Z,2026-08-17T18:48:05Z,
216.180.246.22,ipv4,malicious-ip,medium,WHITE,ziyadnz/hourly-ipv4,ziyadnz|hourly,2026-08-17T18:48:05Z,2026-08-17T18:48:05Z,
216.180.246.220,ipv4,malicious-ip,medium,WHITE,ziyadnz/hourly-ipv4,ziyadnz|hourly,2026-08-17T18:48:05Z,2026-08-17T18:48:05Z,
216.180.246.222,ipv4,malicious-ip,medium,WHITE,ziyadnz/hourly-ipv4,ziyadnz|hourly,2026-08-17T18:48:05Z,2026-08-17T18:48:05Z,
216.180.246.223,ipv4,malicious-ip,medium,WHITE,ziyadnz/hourly-ipv4,ziyadnz|hourly,2026-08-17T18:48:05Z,2026-08-17T18:48:05Z,
216.180.246.224,ipv4,malicious-ip,medium,WHITE,ziyadnz/hourly-ipv4,ziyadnz|hourly,2026-08-17T18:48:05Z,2026-08-17T18:48:05Z,
216.180.246.225,ipv4,malicious-ip,medium,WHITE,ziyadnz/hourly-ipv4,ziyadnz|hourly,2026-08-17T18:48:05Z,2026-08-17T18:48:05Z,
216.180.246.226,ipv4,malicious-ip,medium,WHITE,ziyadnz/hourly-ipv4,ziyadnz|hourly,2026-08-17T18:48:05Z,2026-08-17T18:48:05Z,
216.180.246.227,ipv4,malicious-ip,medium,WHITE,ziyadnz/hourly-ipv4,ziyadnz|hourly,2026-08-17T18:48:05Z,2026-08-17T18:48:05Z,
216.180.246.228,ipv4,malicious-ip,medium,WHITE,ziyadnz/hourly-ipv4,ziyadnz|hourly,2026-08-17T18:48:05Z,2026-08-17T18:48:05Z,
216.180.246.23,ipv4,malicious-ip,medium,WHITE,ziyadnz/hourly-ipv4,ziyadnz|hourly,2026-08-17T18:48:05Z,2026-08-17T18:48:05Z,
216.180.246.230,ipv4,malicious-ip,medium,WHITE,ziyadnz/hourly-ipv4,ziyadnz|hourly,2026-08-17T18:48:05Z,2026-08-17T18:48:05Z,
216.180.246.231,ipv4,malicious-ip,medium,WHITE,ziyadnz/hourly-ipv4,ziyadnz|hourly,2026-08-17T18:48:05Z,2026-08-17T18:48:05Z,
216.180.246.232,ipv4,malicious-ip,medium,WHITE,ziyadnz/hourly-ipv4,ziyadnz|hourly,2026-08-17T18:48:05Z,2026-08-17T18:48:05Z,
216.180.246.233,ipv4,malicious-ip,medium,WHITE,ziyadnz/hourly-ipv4,ziyadnz|hourly,2026-08-17T18:48:05Z,2026-08-17T18:48:05Z,
216.180.246.234,ipv4,malicious-ip,medium,WHITE,ziyadnz/hourly-ipv4,ziyadnz|hourly,2026-08-17T18:48:05Z,2026-08-17T18:48:05Z,
216.180.246.235,ipv4,malicious-ip,medium,WHITE,ziyadnz/hourly-ipv4,ziyadnz|hourly,2026-08-17T18:48:05Z,2026-08-17T18:48:05Z,
216.180.246.237,ipv4,malicious-ip,medium,WHITE,ziyadnz/hourly-ipv4,ziyadnz|hourly,2026-08-17T18:48:05Z,2026-08-17T18:48:05Z,
216.180.246.239,ipv4,malicious-ip,medium,WHITE,ziyadnz/hourly-ipv4,ziyadnz|hourly,2026-08-17T18:48:05Z,2026-08-17T18:48:05Z,
216.180.246.24,ipv4,malicious-ip,medium,WHITE,ziyadnz/hourly-ipv4,ziyadnz|hourly,2026-08-17T18:48:05Z,2026-08-17T18:48:05Z,
216.180.246.240,ipv4,malicious-ip,medium,WHITE,ziyadnz/hourly-ipv4,ziyadnz|hourly,2026-08-17T18:48:05Z,2026-08-17T18:48:05Z,
216.180.246.241,ipv4,malicious-ip,medium,WHITE,ziyadnz/hourly-ipv4,ziyadnz|hourly,2026-08-17T18:48:05Z,2026-08-17T18:48:05Z,
216.180.246.242,ipv4,malicious-ip,medium,WHITE,ziyadnz/hourly-ipv4,ziyadnz|hourly,2026-08-17T18:48:05Z,2026-08-17T18:48:05Z,
216.180.246.243,ipv4,malicious-ip,medium,WHITE,ziyadnz/hourly-ipv4,ziyadnz|hourly,2026-08-17T18:48:05Z,2026-08-17T18:48:05Z,
216.180.246.245,ipv4,malicious-ip,medium,WHITE,ziyadnz/hourly-ipv4,ziyadnz|hourly,2026-08-17T18:48:05Z,2026-08-17T18:48:05Z,
216.180.246.246,ipv4,malicious-ip,medium,WHITE,ziyadnz/hourly-ipv4,ziyadnz|hourly,2026-08-17T18:48:05Z,2026-08-17T18:48:05Z,
216.180.246.248,ipv4,malicious-ip,medium,WHITE,ziyadnz/hourly-ipv4,ziyadnz|hourly,2026-08-17T18:48:05Z,2026-08-17T18:48:05Z,
216.180.246.249,ipv4,malicious-ip,medium,WHITE,ziyadnz/hourly-ipv4,ziyadnz|hourly,2026-08-17T18:48:05Z,2026-08-17T18:48:05Z,
216.180.246.25,ipv4,malicious-ip,medium,WHITE,ziyadnz/hourly-ipv4,ziyadnz|hourly,2026-08-17T18:48:05Z,2026-08-17T18:48:05Z,
216.180.246.250,ipv4,malicious-ip,medium,WHITE,ziyadnz/hourly-ipv4,ziyadnz|hourly,2026-08-17T18:48:05Z,2026-08-17T18:48:05Z,
216.180.246.26,ipv4,malicious-ip,medium,WHITE,ziyadnz/hourly-ipv4,ziyadnz|hourly,2026-08-17T18:48:05Z,2026-08-17T18:48:05Z,
216.180.246.27,ipv4,malicious-ip,medium,WHITE,ziyadnz/hourly-ipv4,ziyadnz|hourly,2026-08-17T18:48:05Z,2026-08-17T18:48:05Z,
216.180.246.29,ipv4,malicious-ip,medium,WHITE,ziyadnz/hourly-ipv4,ziyadnz|hourly,2026-08-17T18:48:05Z,2026-08-17T18:48:05Z,
216.180.246.3,ipv4,malicious-ip,medium,WHITE,ziyadnz/hourly-ipv4,ziyadnz|hourly,2026-08-17T18:48:05Z,2026-08-17T18:48:05Z,
216.180.246.30,ipv4,malicious-ip,medium,WHITE,ziyadnz/hourly-ipv4,ziyadnz|hourly,2026-08-17T18:48:05Z,2026-08-17T18:48:05Z,
216.180.246.31,ipv4,malicious-ip,medium,WHITE,ziyadnz/hourly-ipv4,ziyadnz|hourly,2026-08-17T18:48:05Z,2026-08-17T18:48:05Z,
216.180.246.32,ipv4,malicious-ip,medium,WHITE,ziyadnz/hourly-ipv4,ziyadnz|hourly,2026-08-17T18:48:05Z,2026-08-17T18:48:05Z,
216.180.246.33,ipv4,malicious-ip,medium,WHITE,ziyadnz/hourly-ipv4,ziyadnz|hourly,2026-08-17T18:48:05Z,2026-08-17T18:48:05Z,
216.180.246.34,ipv4,malicious-ip,medium,WHITE,ziyadnz/hourly-ipv4,ziyadnz|hourly,2026-08-17T18:48:05Z,2026-08-17T18:48:05Z,
216.180.246.36,ipv4,malicious-ip,medium,WHITE,ziyadnz/hourly-ipv4,ziyadnz|hourly,2026-08-17T18:48:05Z,2026-08-17T18:48:05Z,
216.180.246.37,ipv4,malicious-ip,medium,WHITE,ziyadnz/hourly-ipv4,ziyadnz|hourly,2026-08-17T18:48:05Z,2026-08-17T18:48:05Z,
216.180.246.38,ipv4,malicious-ip,medium,WHITE,ziyadnz/hourly-ipv4,ziyadnz|hourly,2026-08-17T18:48:05Z,2026-08-17T18:48:05Z,
216.180.246.39,ipv4,malicious-ip,medium,WHITE,ziyadnz/hourly-ipv4,ziyadnz|hourly,2026-08-17T18:48:05Z,2026-08-17T18:48:05Z,
216.180.246.4,ipv4,malicious-ip,medium,WHITE,ziyadnz/hourly-ipv4,ziyadnz|hourly,2026-08-17T18:48:05Z,2026-08-17T18:48:05Z,
216.180.246.40,ipv4,malicious-ip,medium,WHITE,ziyadnz/hourly-ipv4,ziyadnz|hourly,2026-08-17T18:48:05Z,2026-08-17T18:48:05Z,
216.180.246.41,ipv4,malicious-ip,medium,WHITE,ziyadnz/hourly-ipv4,ziyadnz|hourly,2026-08-17T18:48:05Z,2026-08-17T18:48:05Z,
216.180.246.42,ipv4,malicious-ip,medium,WHITE,ziyadnz/hourly-ipv4,ziyadnz|hourly,2026-08-17T18:48:05Z,2026-08-17T18:48:05Z,
216.180.246.43,ipv4,malicious-ip,medium,WHITE,ziyadnz/hourly-ipv4,ziyadnz|hourly,2026-08-17T18:48:05Z,2026-08-17T18:48:05Z,
216.180.246.44,ipv4,malicious-ip,medium,WHITE,ziyadnz/hourly-ipv4,ziyadnz|hourly,2026-08-17T18:48:05Z,2026-08-17T18:48:05Z,
216.180.246.45,ipv4,malicious-ip,medium,WHITE,ziyadnz/hourly-ipv4,ziyadnz|hourly,2026-08-17T18:48:05Z,2026-08-17T18:48:05Z,
216.180.246.46,ipv4,malicious-ip,medium,WHITE,ziyadnz/hourly-ipv4,ziyadnz|hourly,2026-08-17T18:48:05Z,2026-08-17T18:48:05Z,
216.180.246.47,ipv4,malicious-ip,medium,WHITE,ziyadnz/hourly-ipv4,ziyadnz|hourly,2026-08-17T18:48:05Z,2026-08-17T18:48:05Z,
216.180.246.49,ipv4,malicious-ip,medium,WHITE,ziyadnz/hourly-ipv4,ziyadnz|hourly,2026-08-17T18:48:05Z,2026-08-17T18:48:05Z,
216.180.246.5,ipv4,malicious-ip,medium,WHITE,ziyadnz/hourly-ipv4,ziyadnz|hourly,2026-08-17T18:48:05Z,2026-08-17T18:48:05Z,
216.180.246.50,ipv4,malicious-ip,medium,WHITE,ziyadnz/hourly-ipv4,ziyadnz|hourly,2026-08-17T18:48:05Z,2026-08-17T18:48:05Z,
216.180.246.52,ipv4,malicious-ip,medium,WHITE,ziyadnz/hourly-ipv4,ziyadnz|hourly,2026-08-17T18:48:05Z,2026-08-17T18:48:05Z,
216.180.246.53,ipv4,malicious-ip,medium,WHITE,ziyadnz/hourly-ipv4,ziyadnz|hourly,2026-08-17T18:48:05Z,2026-08-17T18:48:05Z,
216.180.246.54,ipv4,malicious-ip,medium,WHITE,ziyadnz/hourly-ipv4,ziyadnz|hourly,2026-08-17T18:48:05Z,2026-08-17T18:48:05Z,
216.180.246.55,ipv4,malicious-ip,medium,WHITE,ziyadnz/hourly-ipv4,ziyadnz|hourly,2026-08-17T18:48:05Z,2026-08-17T18:48:05Z,
216.180.246.56,ipv4,malicious-ip,medium,WHITE,ziyadnz/hourly-ipv4,ziyadnz|hourly,2026-08-17T18:48:05Z,2026-08-17T18:48:05Z,
216.180.246.57,ipv4,malicious-ip,medium,WHITE,ziyadnz/hourly-ipv4,ziyadnz|hourly,2026-08-17T18:48:05Z,2026-08-17T18:48:05Z,
216.180.246.58,ipv4,malicious-ip,medium,WHITE,ziyadnz/hourly-ipv4,ziyadnz|hourly,2026-08-17T18:48:05Z,2026-08-17T18:48:05Z,
216.180.246.6,ipv4,malicious-ip,medium,WHITE,ziyadnz/hourly-ipv4,ziyadnz|hourly,2026-08-17T18:48:05Z,2026-08-17T18:48:05Z,
216.180.246.60,ipv4,malicious-ip,medium,WHITE,ziyadnz/hourly-ipv4,ziyadnz|hourly,2026-08-17T18:48:05Z,2026-08-17T18:48:05Z,
216.180.246.61,ipv4,malicious-ip,medium,WHITE,ziyadnz/hourly-ipv4,ziyadnz|hourly,2026-08-17T18:48:05Z,2026-08-17T18:48:05Z,
216.180.246.62,ipv4,malicious-ip,medium,WHITE,ziyadnz/hourly-ipv4,ziyadnz|hourly,2026-08-17T18:48:05Z,2026-08-17T18:48:05Z,
216.180.246.64,ipv4,malicious-ip,medium,WHITE,ziyadnz/hourly-ipv4,ziyadnz|hourly,2026-08-17T18:48:05Z,2026-08-17T18:48:05Z,
216.180.246.65,ipv4,malicious-ip,medium,WHITE,ziyadnz/hourly-ipv4,ziyadnz|hourly,2026-08-17T18:48:05Z,2026-08-17T18:48:05Z,
216.180.246.67,ipv4,malicious-ip,medium,WHITE,ziyadnz/hourly-ipv4,ziyadnz|hourly,2026-08-17T18:48:05Z,2026-08-17T18:48:05Z,
216.180.246.68,ipv4,malicious-ip,medium,WHITE,ziyadnz/hourly-ipv4,ziyadnz|hourly,2026-08-17T18:48:05Z,2026-08-17T18:48:05Z,
216.180.246.69,ipv4,malicious-ip,medium,WHITE,ziyadnz/hourly-ipv4,ziyadnz|hourly,2026-08-17T18:48:05Z,2026-08-17T18:48:05Z,
216.180.246.7,ipv4,malicious-ip,medium,WHITE,ziyadnz/hourly-ipv4,ziyadnz|hourly,2026-08-17T18:48:05Z,2026-08-17T18:48:05Z,
216.180.246.70,ipv4,malicious-ip,medium,WHITE,ziyadnz/hourly-ipv4,ziyadnz|hourly,2026-08-17T18:48:05Z,2026-08-17T18:48:05Z,
216.180.246.71,ipv4,malicious-ip,medium,WHITE,ziyadnz/hourly-ipv4,ziyadnz|hourly,2026-08-17T18:48:05Z,2026-08-17T18:48:05Z,
216.180.246.73,ipv4,malicious-ip,medium,WHITE,ziyadnz/hourly-ipv4,ziyadnz|hourly,2026-08-17T18:48:05Z,2026-08-17T18:48:05Z,
216.180.246.74,ipv4,malicious-ip,medium,WHITE,ziyadnz/hourly-ipv4,ziyadnz|hourly,2026-08-17T18:48:05Z,2026-08-17T18:48:05Z,
216.180.246.75,ipv4,malicious-ip,medium,WHITE,ziyadnz/hourly-ipv4,ziyadnz|hourly,2026-08-17T18:48:05Z,2026-08-17T18:48:05Z,
216.180.246.76,ipv4,malicious-ip,medium,WHITE,ziyadnz/hourly-ipv4,ziyadnz|hourly,2026-08-17T18:48:05Z,2026-08-17T18:48:05Z,
216.180.246.77,ipv4,malicious-ip,medium,WHITE,ziyadnz/hourly-ipv4,ziyadnz|hourly,2026-08-17T18:48:05Z,2026-08-17T18:48:05Z,
216.180.246.78,ipv4,malicious-ip,medium,WHITE,ziyadnz/hourly-ipv4,ziyadnz|hourly,2026-08-17T18:48:05Z,2026-08-17T18:48:05Z,
216.180.246.79,ipv4,malicious-ip,medium,WHITE,ziyadnz/hourly-ipv4,ziyadnz|hourly,2026-08-17T18:48:05Z,2026-08-17T18:48:05Z,
216.180.246.8,ipv4,malicious-ip,medium,WHITE,ziyadnz/hourly-ipv4,ziyadnz|hourly,2026-08-17T18:48:05Z,2026-08-17T18:48:05Z,
216.180.246.80,ipv4,malicious-ip,medium,WHITE,ziyadnz/hourly-ipv4,ziyadnz|hourly,2026-08-17T18:48:05Z,2026-08-17T18:48:05Z,
216.180.246.81,ipv4,malicious-ip,medium,WHITE,ziyadnz/hourly-ipv4,ziyadnz|hourly,2026-08-17T18:48:05Z,2026-08-17T18:48:05Z,
216.180.246.82,ipv4,malicious-ip,medium,WHITE,ziyadnz/hourly-ipv4,ziyadnz|hourly,2026-08-17T18:48:05Z,2026-08-17T18:48:05Z,
216.180.246.83,ipv4,malicious-ip,medium,WHITE,ziyadnz/hourly-ipv4,ziyadnz|hourly,2026-08-17T18:48:05Z,2026-08-17T18:48:05Z,
216.180.246.85,ipv4,malicious-ip,medium,WHITE,ziyadnz/hourly-ipv4,ziyadnz|hourly,2026-08-17T18:48:05Z,2026-08-17T18:48:05Z,
216.180.246.87,ipv4,malicious-ip,medium,WHITE,ziyadnz/hourly-ipv4,ziyadnz|hourly,2026-08-17T18:48:05Z,2026-08-17T18:48:05Z,
216.180.246.88,ipv4,malicious-ip,medium,WHITE,ziyadnz/hourly-ipv4,ziyadnz|hourly,2026-08-17T18:48:05Z,2026-08-17T18:48:05Z,
216.180.246.9,ipv4,malicious-ip,medium,WHITE,ziyadnz/hourly-ipv4,ziyadnz|hourly,2026-08-17T18:48:05Z,2026-08-17T18:48:05Z,
216.180.246.90,ipv4,malicious-ip,medium,WHITE,ziyadnz/hourly-ipv4,ziyadnz|hourly,2026-08-17T18:48:05Z,2026-08-17T18:48:05Z,
216.180.246.91,ipv4,malicious-ip,medium,WHITE,ziyadnz/hourly-ipv4,ziyadnz|hourly,2026-08-17T18:48:05Z,2026-08-17T18:48:05Z,
216.180.246.92,ipv4,malicious-ip,medium,WHITE,ziyadnz/hourly-ipv4,ziyadnz|hourly,2026-08-17T18:48:05Z,2026-08-17T18:48:05Z,
216.180.246.93,ipv4,malicious-ip,medium,WHITE,ziyadnz/hourly-ipv4,ziyadnz|hourly,2026-08-17T18:48:05Z,2026-08-17T18:48:05Z,
216.180.246.94,ipv4,malicious-ip,medium,WHITE,ziyadnz/hourly-ipv4,ziyadnz|hourly,2026-08-17T18:48:05Z,2026-08-17T18:48:05Z,
216.180.246.95,ipv4,malicious-ip,medium,WHITE,ziyadnz/hourly-ipv4,ziyadnz|hourly,2026-08-17T18:48:05Z,2026-08-17T18:48:05Z,
216.180.246.96,ipv4,malicious-ip,medium,WHITE,ziyadnz/hourly-ipv4,ziyadnz|hourly,2026-08-17T18:48:05Z,2026-08-17T18:48:05Z,
216.180.246.97,ipv4,malicious-ip,medium,WHITE,ziyadnz/hourly-ipv4,ziyadnz|hourly,2026-08-17T18:48:05Z,2026-08-17T18:48:05Z,
216.180.246.98,ipv4,malicious-ip,medium,WHITE,ziyadnz/hourly-ipv4,ziyadnz|hourly,2026-08-17T18:48:05Z,2026-08-17T18:48:05Z,
216.180.246.99,ipv4,malicious-ip,medium,WHITE,ziyadnz/hourly-ipv4,ziyadnz|hourly,2026-08-17T18:48:05Z,2026-08-17T18:48:05Z,
216.181.195.148,ipv4,malicious-ip,medium,WHITE,ziyadnz/hourly-ipv4,ziyadnz|hourly,2026-08-17T18:48:05Z,2026-08-17T18:48:05Z,
216.182.106.149,ipv4,malicious-ip,medium,WHITE,ziyadnz/hourly-ipv4,ziyadnz|hourly,2026-08-17T18:48:05Z,2026-08-17T18:48:05Z,
216.189.157.132,ipv4,malicious-ip,medium,WHITE,ziyadnz/hourly-ipv4,ziyadnz|hourly,2026-08-17T18:48:05Z,2026-08-17T18:48:05Z,
216.189.159.208,ipv4,malicious-ip,medium,WHITE,ziyadnz/hourly-ipv4,ziyadnz|hourly,2026-08-17T18:48:05Z,2026-08-17T18:48:05Z,
216.189.159.34,ipv4,malicious-ip,medium,WHITE,ziyadnz/hourly-ipv4,ziyadnz|hourly,2026-08-17T18:48:05Z,2026-08-17T18:48:05Z,
216.194.172.68,ipv4,malicious-ip,medium,WHITE,ziyadnz/hourly-ipv4,ziyadnz|hourly,2026-08-17T18:48:05Z,2026-08-17T18:48:05Z,
216.197.132.184,ipv4,malicious-ip,medium,WHITE,ziyadnz/hourly-ipv4,ziyadnz|hourly,2026-08-17T18:48:05Z,2026-08-17T18:48:05Z,
216.197.248.82,ipv4,malicious-ip,medium,WHITE,ziyadnz/hourly-ipv4,ziyadnz|hourly,2026-08-17T18:48:05Z,2026-08-17T18:48:05Z,
216.203.20.95,ipv4,malicious-ip,medium,WHITE,ziyadnz/hourly-ipv4,ziyadnz|hourly,2026-08-17T18:48:05Z,2026-08-17T18:48:05Z,
216.21.208.55,ipv4,malicious-ip,medium,WHITE,ziyadnz/hourly-ipv4,ziyadnz|hourly,2026-08-17T18:48:05Z,2026-08-17T18:48:05Z,
216.218.135.114,ipv4,malicious-ip,medium,WHITE,ziyadnz/hourly-ipv4,ziyadnz|hourly,2026-08-17T18:48:05Z,2026-08-17T18:48:05Z,
216.218.142.110,ipv4,malicious-ip,medium,WHITE,ziyadnz/hourly-ipv4,ziyadnz|hourly,2026-08-17T18:48:05Z,2026-08-17T18:48:05Z,
216.218.206.0,ipv4,malicious-ip,medium,WHITE,ziyadnz/hourly-ipv4,ziyadnz|hourly,2026-08-17T18:48:05Z,2026-08-17T18:48:05Z,
216.218.206.100,ipv4,malicious-ip,medium,WHITE,ziyadnz/hourly-ipv4,ziyadnz|hourly,2026-08-17T18:48:05Z,2026-08-17T18:48:05Z,
216.218.206.101,ipv4,malicious-ip,medium,WHITE,ziyadnz/hourly-ipv4,ziyadnz|hourly,2026-08-17T18:48:05Z,2026-08-17T18:48:05Z,
216.218.206.102,ipv4,malicious-ip,medium,WHITE,ziyadnz/hourly-ipv4,ziyadnz|hourly,2026-08-17T18:48:05Z,2026-08-17T18:48:05Z,
216.218.206.103,ipv4,malicious-ip,medium,WHITE,ziyadnz/hourly-ipv4,ziyadnz|hourly,2026-08-17T18:48:05Z,2026-08-17T18:48:05Z,
216.218.206.104,ipv4,malicious-ip,medium,WHITE,ziyadnz/hourly-ipv4,ziyadnz|hourly,2026-08-17T18:48:05Z,2026-08-17T18:48:05Z,
216.218.206.105,ipv4,malicious-ip,medium,WHITE,ziyadnz/hourly-ipv4,ziyadnz|hourly,2026-08-17T18:48:05Z,2026-08-17T18:48:05Z,
216.218.206.106,ipv4,malicious-ip,medium,WHITE,ziyadnz/hourly-ipv4,ziyadnz|hourly,2026-08-17T18:48:05Z,2026-08-17T18:48:05Z,
216.218.206.107,ipv4,malicious-ip,medium,WHITE,ziyadnz/hourly-ipv4,ziyadnz|hourly,2026-08-17T18:48:05Z,2026-08-17T18:48:05Z,
216.218.206.108,ipv4,malicious-ip,medium,WHITE,ziyadnz/hourly-ipv4,ziyadnz|hourly,2026-08-17T18:48:05Z,2026-08-17T18:48:05Z,
216.218.206.109,ipv4,malicious-ip,medium,WHITE,ziyadnz/hourly-ipv4,ziyadnz|hourly,2026-08-17T18:48:05Z,2026-08-17T18:48:05Z,
216.218.206.110,ipv4,malicious-ip,medium,WHITE,ziyadnz/hourly-ipv4,ziyadnz|hourly,2026-08-17T18:48:05Z,2026-08-17T18:48:05Z,
216.218.206.111,ipv4,malicious-ip,medium,WHITE,ziyadnz/hourly-ipv4,ziyadnz|hourly,2026-08-17T18:48:05Z,2026-08-17T18:48:05Z,
216.218.206.112,ipv4,malicious-ip,medium,WHITE,ziyadnz/hourly-ipv4,ziyadnz|hourly,2026-08-17T18:48:05Z,2026-08-17T18:48:05Z,
216.218.206.113,ipv4,malicious-ip,medium,WHITE,ziyadnz/hourly-ipv4,ziyadnz|hourly,2026-08-17T18:48:05Z,2026-08-17T18:48:05Z,
216.218.206.114,ipv4,malicious-ip,medium,WHITE,ziyadnz/hourly-ipv4,ziyadnz|hourly,2026-08-17T18:48:05Z,2026-08-17T18:48:05Z,
216.218.206.115,ipv4,malicious-ip,medium,WHITE,ziyadnz/hourly-ipv4,ziyadnz|hourly,2026-08-17T18:48:05Z,2026-08-17T18:48:05Z,
216.218.206.116,ipv4,malicious-ip,medium,WHITE,ziyadnz/hourly-ipv4,ziyadnz|hourly,2026-08-17T18:48:05Z,2026-08-17T18:48:05Z,
216.218.206.117,ipv4,malicious-ip,medium,WHITE,ziyadnz/hourly-ipv4,ziyadnz|hourly,2026-08-17T18:48:05Z,2026-08-17T18:48:05Z,
216.218.206.118,ipv4,malicious-ip,medium,WHITE,ziyadnz/hourly-ipv4,ziyadnz|hourly,2026-08-17T18:48:05Z,2026-08-17T18:48:05Z,
216.218.206.119,ipv4,malicious-ip,medium,WHITE,ziyadnz/hourly-ipv4,ziyadnz|hourly,2026-08-17T18:48:05Z,2026-08-17T18:48:05Z,
216.218.206.120,ipv4,malicious-ip,medium,WHITE,ziyadnz/hourly-ipv4,ziyadnz|hourly,2026-08-17T18:48:05Z,2026-08-17T18:48:05Z,
216.218.206.121,ipv4,malicious-ip,medium,WHITE,ziyadnz/hourly-ipv4,ziyadnz|hourly,2026-08-17T18:48:05Z,2026-08-17T18:48:05Z,
216.218.206.122,ipv4,malicious-ip,medium,WHITE,ziyadnz/hourly-ipv4,ziyadnz|hourly,2026-08-17T18:48:05Z,2026-08-17T18:48:05Z,
216.218.206.123,ipv4,malicious-ip,medium,WHITE,ziyadnz/hourly-ipv4,ziyadnz|hourly,2026-08-17T18:48:05Z,2026-08-17T18:48:05Z,
216.218.206.124,ipv4,malicious-ip,medium,WHITE,ziyadnz/hourly-ipv4,ziyadnz|hourly,2026-08-17T18:48:05Z,2026-08-17T18:48:05Z,
216.218.206.125,ipv4,malicious-ip,medium,WHITE,ziyadnz/hourly-ipv4,ziyadnz|hourly,2026-08-17T18:48:05Z,2026-08-17T18:48:05Z,
216.218.206.126,ipv4,malicious-ip,medium,WHITE,ziyadnz/hourly-ipv4,ziyadnz|hourly,2026-08-17T18:48:05Z,2026-08-17T18:48:05Z,
216.218.206.66,ipv4,malicious-ip,medium,WHITE,ziyadnz/hourly-ipv4,ziyadnz|hourly,2026-08-17T18:48:05Z,2026-08-17T18:48:05Z,
216.218.206.67,ipv4,malicious-ip,medium,WHITE,ziyadnz/hourly-ipv4,ziyadnz|hourly,2026-08-17T18:48:05Z,2026-08-17T18:48:05Z,
216.218.206.68,ipv4,malicious-ip,medium,WHITE,ziyadnz/hourly-ipv4,ziyadnz|hourly,2026-08-17T18:48:05Z,2026-08-17T18:48:05Z,
216.218.206.69,ipv4,malicious-ip,medium,WHITE,ziyadnz/hourly-ipv4,ziyadnz|hourly,2026-08-17T18:48:05Z,2026-08-17T18:48:05Z,
216.218.206.70,ipv4,malicious-ip,medium,WHITE,ziyadnz/hourly-ipv4,ziyadnz|hourly,2026-08-17T18:48:05Z,2026-08-17T18:48:05Z,
216.218.206.71,ipv4,malicious-ip,medium,WHITE,ziyadnz/hourly-ipv4,ziyadnz|hourly,2026-08-17T18:48:05Z,2026-08-17T18:48:05Z,
216.218.206.72,ipv4,malicious-ip,medium,WHITE,ziyadnz/hourly-ipv4,ziyadnz|hourly,2026-08-17T18:48:05Z,2026-08-17T18:48:05Z,
216.218.206.73,ipv4,malicious-ip,medium,WHITE,ziyadnz/hourly-ipv4,ziyadnz|hourly,2026-08-17T18:48:05Z,2026-08-17T18:48:05Z,
216.218.206.74,ipv4,malicious-ip,medium,WHITE,ziyadnz/hourly-ipv4,ziyadnz|hourly,2026-08-17T18:48:05Z,2026-08-17T18:48:05Z,
216.218.206.75,ipv4,malicious-ip,medium,WHITE,ziyadnz/hourly-ipv4,ziyadnz|hourly,2026-08-17T18:48:05Z,2026-08-17T18:48:05Z,
216.218.206.76,ipv4,malicious-ip,medium,WHITE,ziyadnz/hourly-ipv4,ziyadnz|hourly,2026-08-17T18:48:05Z,2026-08-17T18:48:05Z,
216.218.206.77,ipv4,malicious-ip,medium,WHITE,ziyadnz/hourly-ipv4,ziyadnz|hourly,2026-08-17T18:48:05Z,2026-08-17T18:48:05Z,
216.218.206.78,ipv4,malicious-ip,medium,WHITE,ziyadnz/hourly-ipv4,ziyadnz|hourly,2026-08-17T18:48:05Z,2026-08-17T18:48:05Z,
216.218.206.79,ipv4,malicious-ip,medium,WHITE,ziyadnz/hourly-ipv4,ziyadnz|hourly,2026-08-17T18:48:05Z,2026-08-17T18:48:05Z,
216.218.206.80,ipv4,malicious-ip,medium,WHITE,ziyadnz/hourly-ipv4,ziyadnz|hourly,2026-08-17T18:48:05Z,2026-08-17T18:48:05Z,
216.218.206.81,ipv4,malicious-ip,medium,WHITE,ziyadnz/hourly-ipv4,ziyadnz|hourly,2026-08-17T18:48:05Z,2026-08-17T18:48:05Z,
216.218.206.82,ipv4,malicious-ip,medium,WHITE,ziyadnz/hourly-ipv4,ziyadnz|hourly,2026-08-17T18:48:05Z,2026-08-17T18:48:05Z,
216.218.206.83,ipv4,malicious-ip,medium,WHITE,ziyadnz/hourly-ipv4,ziyadnz|hourly,2026-08-17T18:48:05Z,2026-08-17T18:48:05Z,
216.218.206.84,ipv4,malicious-ip,medium,WHITE,ziyadnz/hourly-ipv4,ziyadnz|hourly,2026-08-17T18:48:05Z,2026-08-17T18:48:05Z,
216.218.206.85,ipv4,malicious-ip,medium,WHITE,ziyadnz/hourly-ipv4,ziyadnz|hourly,2026-08-17T18:48:05Z,2026-08-17T18:48:05Z,
216.218.206.86,ipv4,malicious-ip,medium,WHITE,ziyadnz/hourly-ipv4,ziyadnz|hourly,2026-08-17T18:48:05Z,2026-08-17T18:48:05Z,
216.218.206.87,ipv4,malicious-ip,medium,WHITE,ziyadnz/hourly-ipv4,ziyadnz|hourly,2026-08-17T18:48:05Z,2026-08-17T18:48:05Z,
216.218.206.88,ipv4,malicious-ip,medium,WHITE,ziyadnz/hourly-ipv4,ziyadnz|hourly,2026-08-17T18:48:05Z,2026-08-17T18:48:05Z,
216.218.206.89,ipv4,malicious-ip,medium,WHITE,ziyadnz/hourly-ipv4,ziyadnz|hourly,2026-08-17T18:48:05Z,2026-08-17T18:48:05Z,
216.218.206.90,ipv4,malicious-ip,medium,WHITE,ziyadnz/hourly-ipv4,ziyadnz|hourly,2026-08-17T18:48:05Z,2026-08-17T18:48:05Z,
216.218.206.91,ipv4,malicious-ip,medium,WHITE,ziyadnz/hourly-ipv4,ziyadnz|hourly,2026-08-17T18:48:05Z,2026-08-17T18:48:05Z,
216.218.206.92,ipv4,malicious-ip,medium,WHITE,ziyadnz/hourly-ipv4,ziyadnz|hourly,2026-08-17T18:48:05Z,2026-08-17T18:48:05Z,
216.218.206.93,ipv4,malicious-ip,medium,WHITE,ziyadnz/hourly-ipv4,ziyadnz|hourly,2026-08-17T18:48:05Z,2026-08-17T18:48:05Z,
216.218.206.94,ipv4,malicious-ip,medium,WHITE,ziyadnz/hourly-ipv4,ziyadnz|hourly,2026-08-17T18:48:05Z,2026-08-17T18:48:05Z,
216.218.206.95,ipv4,malicious-ip,medium,WHITE,ziyadnz/hourly-ipv4,ziyadnz|hourly,2026-08-17T18:48:05Z,2026-08-17T18:48:05Z,
216.218.206.96,ipv4,malicious-ip,medium,WHITE,ziyadnz/hourly-ipv4,ziyadnz|hourly,2026-08-17T18:48:05Z,2026-08-17T18:48:05Z,
216.218.206.97,ipv4,malicious-ip,medium,WHITE,ziyadnz/hourly-ipv4,ziyadnz|hourly,2026-08-17T18:48:05Z,2026-08-17T18:48:05Z,
216.218.206.98,ipv4,malicious-ip,medium,WHITE,ziyadnz/hourly-ipv4,ziyadnz|hourly,2026-08-17T18:48:05Z,2026-08-17T18:48:05Z,
216.218.206.99,ipv4,malicious-ip,medium,WHITE,ziyadnz/hourly-ipv4,ziyadnz|hourly,2026-08-17T18:48:05Z,2026-08-17T18:48:05Z,
216.218.217.234,ipv4,malicious-ip,medium,WHITE,ziyadnz/hourly-ipv4,ziyadnz|hourly,2026-08-17T18:48:05Z,2026-08-17T18:48:05Z,
216.218.219.164,ipv4,malicious-ip,medium,WHITE,ziyadnz/hourly-ipv4,ziyadnz|hourly,2026-08-17T18:48:05Z,2026-08-17T18:48:05Z,
216.218.219.172,ipv4,malicious-ip,medium,WHITE,ziyadnz/hourly-ipv4,ziyadnz|hourly,2026-08-17T18:48:05Z,2026-08-17T18:48:05Z,
216.219.89.86,ipv4,malicious-ip,medium,WHITE,ziyadnz/hourly-ipv4,ziyadnz|hourly,2026-08-17T18:48:05Z,2026-08-17T18:48:05Z,
216.225.206.228,ipv4,malicious-ip,medium,WHITE,ziyadnz/hourly-ipv4,ziyadnz|hourly,2026-08-17T18:48:05Z,2026-08-17T18:48:05Z,
216.226.76.10,ipv4,malicious-ip,medium,WHITE,ziyadnz/hourly-ipv4,ziyadnz|hourly,2026-08-17T18:48:05Z,2026-08-17T18:48:05Z,
216.226.76.20,ipv4,malicious-ip,medium,WHITE,ziyadnz/hourly-ipv4,ziyadnz|hourly,2026-08-17T18:48:05Z,2026-08-17T18:48:05Z,
216.226.76.30,ipv4,malicious-ip,medium,WHITE,ziyadnz/hourly-ipv4,ziyadnz|hourly,2026-08-17T18:48:05Z,2026-08-17T18:48:05Z,
216.226.77.10,ipv4,malicious-ip,medium,WHITE,ziyadnz/hourly-ipv4,ziyadnz|hourly,2026-08-17T18:48:05Z,2026-08-17T18:48:05Z,
216.226.77.20,ipv4,malicious-ip,medium,WHITE,ziyadnz/hourly-ipv4,ziyadnz|hourly,2026-08-17T18:48:05Z,2026-08-17T18:48:05Z,
216.226.77.30,ipv4,malicious-ip,medium,WHITE,ziyadnz/hourly-ipv4,ziyadnz|hourly,2026-08-17T18:48:05Z,2026-08-17T18:48:05Z,
216.232.226.40,ipv4,malicious-ip,medium,WHITE,ziyadnz/hourly-ipv4,ziyadnz|hourly,2026-08-17T18:48:05Z,2026-08-17T18:48:05Z,
216.234.211.30,ipv4,malicious-ip,medium,WHITE,ziyadnz/hourly-ipv4,ziyadnz|hourly,2026-08-17T18:48:05Z,2026-08-17T18:48:05Z,
216.234.213.188,ipv4,malicious-ip,medium,WHITE,ziyadnz/hourly-ipv4,ziyadnz|hourly,2026-08-17T18:48:05Z,2026-08-17T18:48:05Z,
216.234.213.20,ipv4,malicious-ip,medium,WHITE,ziyadnz/hourly-ipv4,ziyadnz|hourly,2026-08-17T18:48:05Z,2026-08-17T18:48:05Z,
216.234.213.210,ipv4,malicious-ip,medium,WHITE,ziyadnz/hourly-ipv4,ziyadnz|hourly,2026-08-17T18:48:05Z,2026-08-17T18:48:05Z,
216.234.215.226,ipv4,malicious-ip,medium,WHITE,ziyadnz/hourly-ipv4,ziyadnz|hourly,2026-08-17T18:48:05Z,2026-08-17T18:48:05Z,
216.236.33.82,ipv4,malicious-ip,medium,WHITE,ziyadnz/hourly-ipv4,ziyadnz|hourly,2026-08-17T18:48:05Z,2026-08-17T18:48:05Z,
216.238.106.150,ipv4,malicious-ip,medium,WHITE,ziyadnz/hourly-ipv4,ziyadnz|hourly,2026-08-17T18:48:05Z,2026-08-17T18:48:05Z,
216.238.112.222,ipv4,malicious-ip,medium,WHITE,ziyadnz/hourly-ipv4,ziyadnz|hourly,2026-08-17T18:48:05Z,2026-08-17T18:48:05Z,
216.238.123.242,ipv4,malicious-ip,medium,WHITE,ziyadnz/hourly-ipv4,ziyadnz|hourly,2026-08-17T18:48:05Z,2026-08-17T18:48:05Z,
216.238.94.37,ipv4,malicious-ip,medium,WHITE,ziyadnz/hourly-ipv4,ziyadnz|hourly,2026-08-17T18:48:05Z,2026-08-17T18:48:05Z,
216.239.104.213,ipv4,malicious-ip,medium,WHITE,ziyadnz/hourly-ipv4,ziyadnz|hourly,2026-08-17T18:48:05Z,2026-08-17T18:48:05Z,
216.239.90.19,ipv4,malicious-ip,medium,WHITE,ziyadnz/hourly-ipv4,ziyadnz|hourly,2026-08-17T18:48:05Z,2026-08-17T18:48:05Z,
216.24.210.0,ipv4,malicious-ip,medium,WHITE,ziyadnz/hourly-ipv4,ziyadnz|hourly,2026-08-17T18:48:05Z,2026-08-17T18:48:05Z,
216.24.210.237,ipv4,malicious-ip,medium,WHITE,ziyadnz/hourly-ipv4,ziyadnz|hourly,2026-08-17T18:48:05Z,2026-08-17T18:48:05Z,
216.24.210.68,ipv4,malicious-ip,medium,WHITE,ziyadnz/hourly-ipv4,ziyadnz|hourly,2026-08-17T18:48:05Z,2026-08-17T18:48:05Z,
216.24.210.74,ipv4,malicious-ip,medium,WHITE,ziyadnz/hourly-ipv4,ziyadnz|hourly,2026-08-17T18:48:05Z,2026-08-17T18:48:05Z,
216.24.210.79,ipv4,malicious-ip,medium,WHITE,ziyadnz/hourly-ipv4,ziyadnz|hourly,2026-08-17T18:48:05Z,2026-08-17T18:48:05Z,
216.24.210.82,ipv4,malicious-ip,medium,WHITE,ziyadnz/hourly-ipv4,ziyadnz|hourly,2026-08-17T18:48:05Z,2026-08-17T18:48:05Z,
216.24.210.84,ipv4,malicious-ip,medium,WHITE,ziyadnz/hourly-ipv4,ziyadnz|hourly,2026-08-17T18:48:05Z,2026-08-17T18:48:05Z,
216.24.210.90,ipv4,malicious-ip,medium,WHITE,ziyadnz/hourly-ipv4,ziyadnz|hourly,2026-08-17T18:48:05Z,2026-08-17T18:48:05Z,
216.24.210.93,ipv4,malicious-ip,medium,WHITE,ziyadnz/hourly-ipv4,ziyadnz|hourly,2026-08-17T18:48:05Z,2026-08-17T18:48:05Z,
216.24.210.94,ipv4,malicious-ip,medium,WHITE,ziyadnz/hourly-ipv4,ziyadnz|hourly,2026-08-17T18:48:05Z,2026-08-17T18:48:05Z,
216.24.212.171,ipv4,malicious-ip,medium,WHITE,ziyadnz/hourly-ipv4,ziyadnz|hourly,2026-08-17T18:48:05Z,2026-08-17T18:48:05Z,
216.24.212.173,ipv4,malicious-ip,medium,WHITE,ziyadnz/hourly-ipv4,ziyadnz|hourly,2026-08-17T18:48:05Z,2026-08-17T18:48:05Z,
216.24.212.196,ipv4,malicious-ip,medium,WHITE,ziyadnz/hourly-ipv4,ziyadnz|hourly,2026-08-17T18:48:05Z,2026-08-17T18:48:05Z,
216.24.212.23,ipv4,malicious-ip,medium,WHITE,ziyadnz/hourly-ipv4,ziyadnz|hourly,2026-08-17T18:48:05Z,2026-08-17T18:48:05Z,
216.24.212.234,ipv4,malicious-ip,medium,WHITE,ziyadnz/hourly-ipv4,ziyadnz|hourly,2026-08-17T18:48:05Z,2026-08-17T18:48:05Z,
216.24.212.43,ipv4,malicious-ip,medium,WHITE,ziyadnz/hourly-ipv4,ziyadnz|hourly,2026-08-17T18:48:05Z,2026-08-17T18:48:05Z,
216.24.212.74,ipv4,malicious-ip,medium,WHITE,ziyadnz/hourly-ipv4,ziyadnz|hourly,2026-08-17T18:48:05Z,2026-08-17T18:48:05Z,
216.24.219.117,ipv4,malicious-ip,medium,WHITE,ziyadnz/hourly-ipv4,ziyadnz|hourly,2026-08-17T18:48:05Z,2026-08-17T18:48:05Z,
216.24.219.121,ipv4,malicious-ip,medium,WHITE,ziyadnz/hourly-ipv4,ziyadnz|hourly,2026-08-17T18:48:05Z,2026-08-17T18:48:05Z,
216.24.219.122,ipv4,malicious-ip,medium,WHITE,ziyadnz/hourly-ipv4,ziyadnz|hourly,2026-08-17T18:48:05Z,2026-08-17T18:48:05Z,
216.241.2.163,ipv4,malicious-ip,medium,WHITE,ziyadnz/hourly-ipv4,ziyadnz|hourly,2026-08-17T18:48:05Z,2026-08-17T18:48:05Z,
216.244.201.63,ipv4,malicious-ip,medium,WHITE,ziyadnz/hourly-ipv4,ziyadnz|hourly,2026-08-17T18:48:05Z,2026-08-17T18:48:05Z,
216.244.201.81,ipv4,malicious-ip,medium,WHITE,ziyadnz/hourly-ipv4,ziyadnz|hourly,2026-08-17T18:48:05Z,2026-08-17T18:48:05Z,
216.244.201.94,ipv4,malicious-ip,medium,WHITE,ziyadnz/hourly-ipv4,ziyadnz|hourly,2026-08-17T18:48:05Z,2026-08-17T18:48:05Z,
216.244.210.48,ipv4,malicious-ip,medium,WHITE,ziyadnz/hourly-ipv4,ziyadnz|hourly,2026-08-17T18:48:05Z,2026-08-17T18:48:05Z,
216.244.214.136,ipv4,malicious-ip,medium,WHITE,ziyadnz/hourly-ipv4,ziyadnz|hourly,2026-08-17T18:48:05Z,2026-08-17T18:48:05Z,
216.244.218.151,ipv4,malicious-ip,medium,WHITE,ziyadnz/hourly-ipv4,ziyadnz|hourly,2026-08-17T18:48:05Z,2026-08-17T18:48:05Z,
216.244.231.53,ipv4,malicious-ip,medium,WHITE,ziyadnz/hourly-ipv4,ziyadnz|hourly,2026-08-17T18:48:05Z,2026-08-17T18:48:05Z,
216.244.233.120,ipv4,malicious-ip,medium,WHITE,ziyadnz/hourly-ipv4,ziyadnz|hourly,2026-08-17T18:48:05Z,2026-08-17T18:48:05Z,
216.244.233.43,ipv4,malicious-ip,medium,WHITE,ziyadnz/hourly-ipv4,ziyadnz|hourly,2026-08-17T18:48:05Z,2026-08-17T18:48:05Z,
216.244.236.231,ipv4,malicious-ip,medium,WHITE,ziyadnz/hourly-ipv4,ziyadnz|hourly,2026-08-17T18:48:05Z,2026-08-17T18:48:05Z,
216.244.245.218,ipv4,malicious-ip,medium,WHITE,ziyadnz/hourly-ipv4,ziyadnz|hourly,2026-08-17T18:48:05Z,2026-08-17T18:48:05Z,
216.244.247.231,ipv4,malicious-ip,medium,WHITE,ziyadnz/hourly-ipv4,ziyadnz|hourly,2026-08-17T18:48:05Z,2026-08-17T18:48:05Z,
216.244.247.34,ipv4,malicious-ip,medium,WHITE,ziyadnz/hourly-ipv4,ziyadnz|hourly,2026-08-17T18:48:05Z,2026-08-17T18:48:05Z,
216.244.248.179,ipv4,malicious-ip,medium,WHITE,ziyadnz/hourly-ipv4,ziyadnz|hourly,2026-08-17T18:48:05Z,2026-08-17T18:48:05Z,
216.244.250.186,ipv4,malicious-ip,medium,WHITE,ziyadnz/hourly-ipv4,ziyadnz|hourly,2026-08-17T18:48:05Z,2026-08-17T18:48:05Z,
216.244.250.209,ipv4,malicious-ip,medium,WHITE,ziyadnz/hourly-ipv4,ziyadnz|hourly,2026-08-17T18:48:05Z,2026-08-17T18:48:05Z,
216.244.254.177,ipv4,malicious-ip,medium,WHITE,ziyadnz/hourly-ipv4,ziyadnz|hourly,2026-08-17T18:48:05Z,2026-08-17T18:48:05Z,
216.244.66.0,ipv4,malicious-ip,medium,WHITE,ziyadnz/hourly-ipv4,ziyadnz|hourly,2026-08-17T18:48:05Z,2026-08-17T18:48:05Z,
216.244.66.195,ipv4,malicious-ip,medium,WHITE,ziyadnz/hourly-ipv4,ziyadnz|hourly,2026-08-17T18:48:05Z,2026-08-17T18:48:05Z,
216.244.66.199,ipv4,malicious-ip,medium,WHITE,ziyadnz/hourly-ipv4,ziyadnz|hourly,2026-08-17T18:48:05Z,2026-08-17T18:48:05Z,
216.244.66.229,ipv4,malicious-ip,medium,WHITE,ziyadnz/hourly-ipv4,ziyadnz|hourly,2026-08-17T18:48:05Z,2026-08-17T18:48:05Z,
216.244.66.231,ipv4,malicious-ip,medium,WHITE,ziyadnz/hourly-ipv4,ziyadnz|hourly,2026-08-17T18:48:05Z,2026-08-17T18:48:05Z,
216.244.66.232,ipv4,malicious-ip,medium,WHITE,ziyadnz/hourly-ipv4,ziyadnz|hourly,2026-08-17T18:48:05Z,2026-08-17T18:48:05Z,
216.244.66.235,ipv4,malicious-ip,medium,WHITE,ziyadnz/hourly-ipv4,ziyadnz|hourly,2026-08-17T18:48:05Z,2026-08-17T18:48:05Z,
216.244.81.2,ipv4,malicious-ip,medium,WHITE,ziyadnz/hourly-ipv4,ziyadnz|hourly,2026-08-17T18:48:05Z,2026-08-17T18:48:05Z,
216.245.181.227,ipv4,malicious-ip,medium,WHITE,ziyadnz/hourly-ipv4,ziyadnz|hourly,2026-08-17T18:48:05Z,2026-08-17T18:48:05Z,
216.245.184.181,ipv4,malicious-ip,medium,WHITE,ziyadnz/hourly-ipv4,ziyadnz|hourly,2026-08-17T18:48:05Z,2026-08-17T18:48:05Z,
216.245.184.214,ipv4,malicious-ip,medium,WHITE,ziyadnz/hourly-ipv4,ziyadnz|hourly,2026-08-17T18:48:05Z,2026-08-17T18:48:05Z,
216.245.184.245,ipv4,malicious-ip,medium,WHITE,ziyadnz/hourly-ipv4,ziyadnz|hourly,2026-08-17T18:48:05Z,2026-08-17T18:48:05Z,
216.247.27.169,ipv4,malicious-ip,medium,WHITE,ziyadnz/hourly-ipv4,ziyadnz|hourly,2026-08-17T18:48:05Z,2026-08-17T18:48:05Z,
216.247.45.102,ipv4,malicious-ip,medium,WHITE,ziyadnz/hourly-ipv4,ziyadnz|hourly,2026-08-17T18:48:05Z,2026-08-17T18:48:05Z,
216.249.99.43,ipv4,malicious-ip,medium,WHITE,ziyadnz/hourly-ipv4,ziyadnz|hourly,2026-08-17T18:48:05Z,2026-08-17T18:48:05Z,
216.25.124.31,ipv4,malicious-ip,medium,WHITE,ziyadnz/hourly-ipv4,ziyadnz|hourly,2026-08-17T18:48:05Z,2026-08-17T18:48:05Z,
216.25.124.32,ipv4,malicious-ip,medium,WHITE,ziyadnz/hourly-ipv4,ziyadnz|hourly,2026-08-17T18:48:05Z,2026-08-17T18:48:05Z,
216.25.179.198,ipv4,malicious-ip,medium,WHITE,ziyadnz/hourly-ipv4,ziyadnz|hourly,2026-08-17T18:48:05Z,2026-08-17T18:48:05Z,
216.25.89.0,ipv4,malicious-ip,medium,WHITE,ziyadnz/hourly-ipv4,ziyadnz|hourly,2026-08-17T18:48:05Z,2026-08-17T18:48:05Z,
216.25.89.101,ipv4,malicious-ip,medium,WHITE,ziyadnz/hourly-ipv4,ziyadnz|hourly,2026-08-17T18:48:05Z,2026-08-17T18:48:05Z,
216.25.89.102,ipv4,malicious-ip,medium,WHITE,ziyadnz/hourly-ipv4,ziyadnz|hourly,2026-08-17T18:48:05Z,2026-08-17T18:48:05Z,
216.25.89.103,ipv4,malicious-ip,medium,WHITE,ziyadnz/hourly-ipv4,ziyadnz|hourly,2026-08-17T18:48:05Z,2026-08-17T18:48:05Z,
216.25.89.104,ipv4,malicious-ip,medium,WHITE,ziyadnz/hourly-ipv4,ziyadnz|hourly,2026-08-17T18:48:05Z,2026-08-17T18:48:05Z,
216.25.89.105,ipv4,malicious-ip,medium,WHITE,ziyadnz/hourly-ipv4,ziyadnz|hourly,2026-08-17T18:48:05Z,2026-08-17T18:48:05Z,
216.25.89.107,ipv4,malicious-ip,medium,WHITE,ziyadnz/hourly-ipv4,ziyadnz|hourly,2026-08-17T18:48:05Z,2026-08-17T18:48:05Z,
216.25.89.108,ipv4,malicious-ip,medium,WHITE,ziyadnz/hourly-ipv4,ziyadnz|hourly,2026-08-17T18:48:05Z,2026-08-17T18:48:05Z,
216.25.89.109,ipv4,malicious-ip,medium,WHITE,ziyadnz/hourly-ipv4,ziyadnz|hourly,2026-08-17T18:48:05Z,2026-08-17T18:48:05Z,
216.25.89.110,ipv4,malicious-ip,medium,WHITE,ziyadnz/hourly-ipv4,ziyadnz|hourly,2026-08-17T18:48:05Z,2026-08-17T18:48:05Z,
216.25.89.111,ipv4,malicious-ip,medium,WHITE,ziyadnz/hourly-ipv4,ziyadnz|hourly,2026-08-17T18:48:05Z,2026-08-17T18:48:05Z,
216.25.89.112,ipv4,malicious-ip,medium,WHITE,ziyadnz/hourly-ipv4,ziyadnz|hourly,2026-08-17T18:48:05Z,2026-08-17T18:48:05Z,
216.25.89.113,ipv4,malicious-ip,medium,WHITE,ziyadnz/hourly-ipv4,ziyadnz|hourly,2026-08-17T18:48:05Z,2026-08-17T18:48:05Z,
216.25.89.114,ipv4,malicious-ip,medium,WHITE,ziyadnz/hourly-ipv4,ziyadnz|hourly,2026-08-17T18:48:05Z,2026-08-17T18:48:05Z,
216.25.89.115,ipv4,malicious-ip,medium,WHITE,ziyadnz/hourly-ipv4,ziyadnz|hourly,2026-08-17T18:48:05Z,2026-08-17T18:48:05Z,
216.25.89.116,ipv4,malicious-ip,medium,WHITE,ziyadnz/hourly-ipv4,ziyadnz|hourly,2026-08-17T18:48:05Z,2026-08-17T18:48:05Z,
216.25.89.118,ipv4,malicious-ip,medium,WHITE,ziyadnz/hourly-ipv4,ziyadnz|hourly,2026-08-17T18:48:05Z,2026-08-17T18:48:05Z,
216.25.89.119,ipv4,malicious-ip,medium,WHITE,ziyadnz/hourly-ipv4,ziyadnz|hourly,2026-08-17T18:48:05Z,2026-08-17T18:48:05Z,
216.25.89.121,ipv4,malicious-ip,medium,WHITE,ziyadnz/hourly-ipv4,ziyadnz|hourly,2026-08-17T18:48:05Z,2026-08-17T18:48:05Z,
216.25.89.122,ipv4,malicious-ip,medium,WHITE,ziyadnz/hourly-ipv4,ziyadnz|hourly,2026-08-17T18:48:05Z,2026-08-17T18:48:05Z,
216.25.89.123,ipv4,malicious-ip,medium,WHITE,ziyadnz/hourly-ipv4,ziyadnz|hourly,2026-08-17T18:48:05Z,2026-08-17T18:48:05Z,
216.25.89.124,ipv4,malicious-ip,medium,WHITE,ziyadnz/hourly-ipv4,ziyadnz|hourly,2026-08-17T18:48:05Z,2026-08-17T18:48:05Z,
216.25.89.125,ipv4,malicious-ip,medium,WHITE,ziyadnz/hourly-ipv4,ziyadnz|hourly,2026-08-17T18:48:05Z,2026-08-17T18:48:05Z,
216.25.89.126,ipv4,malicious-ip,medium,WHITE,ziyadnz/hourly-ipv4,ziyadnz|hourly,2026-08-17T18:48:05Z,2026-08-17T18:48:05Z,
216.25.89.127,ipv4,malicious-ip,medium,WHITE,ziyadnz/hourly-ipv4,ziyadnz|hourly,2026-08-17T18:48:05Z,2026-08-17T18:48:05Z,
216.25.89.128,ipv4,malicious-ip,medium,WHITE,ziyadnz/hourly-ipv4,ziyadnz|hourly,2026-08-17T18:48:05Z,2026-08-17T18:48:05Z,
216.25.89.129,ipv4,malicious-ip,medium,WHITE,ziyadnz/hourly-ipv4,ziyadnz|hourly,2026-08-17T18:48:05Z,2026-08-17T18:48:05Z,
216.25.89.130,ipv4,malicious-ip,medium,WHITE,ziyadnz/hourly-ipv4,ziyadnz|hourly,2026-08-17T18:48:05Z,2026-08-17T18:48:05Z,
216.25.89.131,ipv4,malicious-ip,medium,WHITE,ziyadnz/hourly-ipv4,ziyadnz|hourly,2026-08-17T18:48:05Z,2026-08-17T18:48:05Z,
216.25.89.132,ipv4,malicious-ip,medium,WHITE,ziyadnz/hourly-ipv4,ziyadnz|hourly,2026-08-17T18:48:05Z,2026-08-17T18:48:05Z,
216.25.89.134,ipv4,malicious-ip,medium,WHITE,ziyadnz/hourly-ipv4,ziyadnz|hourly,2026-08-17T18:48:05Z,2026-08-17T18:48:05Z,
216.25.89.135,ipv4,malicious-ip,medium,WHITE,ziyadnz/hourly-ipv4,ziyadnz|hourly,2026-08-17T18:48:05Z,2026-08-17T18:48:05Z,
216.25.89.136,ipv4,malicious-ip,medium,WHITE,ziyadnz/hourly-ipv4,ziyadnz|hourly,2026-08-17T18:48:05Z,2026-08-17T18:48:05Z,
216.25.89.137,ipv4,malicious-ip,medium,WHITE,ziyadnz/hourly-ipv4,ziyadnz|hourly,2026-08-17T18:48:05Z,2026-08-17T18:48:05Z,
216.25.89.138,ipv4,malicious-ip,medium,WHITE,ziyadnz/hourly-ipv4,ziyadnz|hourly,2026-08-17T18:48:05Z,2026-08-17T18:48:05Z,
216.25.89.139,ipv4,malicious-ip,medium,WHITE,ziyadnz/hourly-ipv4,ziyadnz|hourly,2026-08-17T18:48:05Z,2026-08-17T18:48:05Z,
216.25.89.141,ipv4,malicious-ip,medium,WHITE,ziyadnz/hourly-ipv4,ziyadnz|hourly,2026-08-17T18:48:05Z,2026-08-17T18:48:05Z,
216.25.89.142,ipv4,malicious-ip,medium,WHITE,ziyadnz/hourly-ipv4,ziyadnz|hourly,2026-08-17T18:48:05Z,2026-08-17T18:48:05Z,
216.25.89.144,ipv4,malicious-ip,medium,WHITE,ziyadnz/hourly-ipv4,ziyadnz|hourly,2026-08-17T18:48:05Z,2026-08-17T18:48:05Z,
216.25.89.146,ipv4,malicious-ip,medium,WHITE,ziyadnz/hourly-ipv4,ziyadnz|hourly,2026-08-17T18:48:05Z,2026-08-17T18:48:05Z,
216.25.89.147,ipv4,malicious-ip,medium,WHITE,ziyadnz/hourly-ipv4,ziyadnz|hourly,2026-08-17T18:48:05Z,2026-08-17T18:48:05Z,
216.25.89.148,ipv4,malicious-ip,medium,WHITE,ziyadnz/hourly-ipv4,ziyadnz|hourly,2026-08-17T18:48:05Z,2026-08-17T18:48:05Z,
216.25.89.150,ipv4,malicious-ip,medium,WHITE,ziyadnz/hourly-ipv4,ziyadnz|hourly,2026-08-17T18:48:05Z,2026-08-17T18:48:05Z,
216.25.89.151,ipv4,malicious-ip,medium,WHITE,ziyadnz/hourly-ipv4,ziyadnz|hourly,2026-08-17T18:48:05Z,2026-08-17T18:48:05Z,
216.25.89.153,ipv4,malicious-ip,medium,WHITE,ziyadnz/hourly-ipv4,ziyadnz|hourly,2026-08-17T18:48:05Z,2026-08-17T18:48:05Z,
216.25.89.154,ipv4,malicious-ip,medium,WHITE,ziyadnz/hourly-ipv4,ziyadnz|hourly,2026-08-17T18:48:05Z,2026-08-17T18:48:05Z,
216.25.89.156,ipv4,malicious-ip,medium,WHITE,ziyadnz/hourly-ipv4,ziyadnz|hourly,2026-08-17T18:48:05Z,2026-08-17T18:48:05Z,
216.25.89.160,ipv4,malicious-ip,medium,WHITE,ziyadnz/hourly-ipv4,ziyadnz|hourly,2026-08-17T18:48:05Z,2026-08-17T18:48:05Z,
216.25.89.163,ipv4,malicious-ip,medium,WHITE,ziyadnz/hourly-ipv4,ziyadnz|hourly,2026-08-17T18:48:05Z,2026-08-17T18:48:05Z,
216.25.89.165,ipv4,malicious-ip,medium,WHITE,ziyadnz/hourly-ipv4,ziyadnz|hourly,2026-08-17T18:48:05Z,2026-08-17T18:48:05Z,
216.25.89.169,ipv4,malicious-ip,medium,WHITE,ziyadnz/hourly-ipv4,ziyadnz|hourly,2026-08-17T18:48:05Z,2026-08-17T18:48:05Z,
216.25.89.176,ipv4,malicious-ip,medium,WHITE,ziyadnz/hourly-ipv4,ziyadnz|hourly,2026-08-17T18:48:05Z,2026-08-17T18:48:05Z,
216.25.89.177,ipv4,malicious-ip,medium,WHITE,ziyadnz/hourly-ipv4,ziyadnz|hourly,2026-08-17T18:48:05Z,2026-08-17T18:48:05Z,
216.25.89.178,ipv4,malicious-ip,medium,WHITE,ziyadnz/hourly-ipv4,ziyadnz|hourly,2026-08-17T18:48:05Z,2026-08-17T18:48:05Z,
216.25.89.180,ipv4,malicious-ip,medium,WHITE,ziyadnz/hourly-ipv4,ziyadnz|hourly,2026-08-17T18:48:05Z,2026-08-17T18:48:05Z,
216.25.89.181,ipv4,malicious-ip,medium,WHITE,ziyadnz/hourly-ipv4,ziyadnz|hourly,2026-08-17T18:48:05Z,2026-08-17T18:48:05Z,
216.25.89.182,ipv4,malicious-ip,medium,WHITE,ziyadnz/hourly-ipv4,ziyadnz|hourly,2026-08-17T18:48:05Z,2026-08-17T18:48:05Z,
216.25.89.184,ipv4,malicious-ip,medium,WHITE,ziyadnz/hourly-ipv4,ziyadnz|hourly,2026-08-17T18:48:05Z,2026-08-17T18:48:05Z,
216.25.89.185,ipv4,malicious-ip,medium,WHITE,ziyadnz/hourly-ipv4,ziyadnz|hourly,2026-08-17T18:48:05Z,2026-08-17T18:48:05Z,
216.25.89.189,ipv4,malicious-ip,medium,WHITE,ziyadnz/hourly-ipv4,ziyadnz|hourly,2026-08-17T18:48:05Z,2026-08-17T18:48:05Z,
216.25.89.190,ipv4,malicious-ip,medium,WHITE,ziyadnz/hourly-ipv4,ziyadnz|hourly,2026-08-17T18:48:05Z,2026-08-17T18:48:05Z,
216.25.89.64,ipv4,malicious-ip,medium,WHITE,ziyadnz/hourly-ipv4,ziyadnz|hourly,2026-08-17T18:48:05Z,2026-08-17T18:48:05Z,
216.25.89.65,ipv4,malicious-ip,medium,WHITE,ziyadnz/hourly-ipv4,ziyadnz|hourly,2026-08-17T18:48:05Z,2026-08-17T18:48:05Z,
216.25.89.66,ipv4,malicious-ip,medium,WHITE,ziyadnz/hourly-ipv4,ziyadnz|hourly,2026-08-17T18:48:05Z,2026-08-17T18:48:05Z,
216.25.89.67,ipv4,malicious-ip,medium,WHITE,ziyadnz/hourly-ipv4,ziyadnz|hourly,2026-08-17T18:48:05Z,2026-08-17T18:48:05Z,
216.25.89.68,ipv4,malicious-ip,medium,WHITE,ziyadnz/hourly-ipv4,ziyadnz|hourly,2026-08-17T18:48:05Z,2026-08-17T18:48:05Z,
216.25.89.69,ipv4,malicious-ip,medium,WHITE,ziyadnz/hourly-ipv4,ziyadnz|hourly,2026-08-17T18:48:05Z,2026-08-17T18:48:05Z,
216.25.89.70,ipv4,malicious-ip,medium,WHITE,ziyadnz/hourly-ipv4,ziyadnz|hourly,2026-08-17T18:48:05Z,2026-08-17T18:48:05Z,
216.25.89.71,ipv4,malicious-ip,medium,WHITE,ziyadnz/hourly-ipv4,ziyadnz|hourly,2026-08-17T18:48:05Z,2026-08-17T18:48:05Z,
216.25.89.72,ipv4,malicious-ip,medium,WHITE,ziyadnz/hourly-ipv4,ziyadnz|hourly,2026-08-17T18:48:05Z,2026-08-17T18:48:05Z,
216.25.89.74,ipv4,malicious-ip,medium,WHITE,ziyadnz/hourly-ipv4,ziyadnz|hourly,2026-08-17T18:48:05Z,2026-08-17T18:48:05Z,
216.25.89.75,ipv4,malicious-ip,medium,WHITE,ziyadnz/hourly-ipv4,ziyadnz|hourly,2026-08-17T18:48:05Z,2026-08-17T18:48:05Z,
216.25.89.76,ipv4,malicious-ip,medium,WHITE,ziyadnz/hourly-ipv4,ziyadnz|hourly,2026-08-17T18:48:05Z,2026-08-17T18:48:05Z,
216.25.89.77,ipv4,malicious-ip,medium,WHITE,ziyadnz/hourly-ipv4,ziyadnz|hourly,2026-08-17T18:48:05Z,2026-08-17T18:48:05Z,
216.25.89.78,ipv4,malicious-ip,medium,WHITE,ziyadnz/hourly-ipv4,ziyadnz|hourly,2026-08-17T18:48:05Z,2026-08-17T18:48:05Z,
216.25.89.79,ipv4,malicious-ip,medium,WHITE,ziyadnz/hourly-ipv4,ziyadnz|hourly,2026-08-17T18:48:05Z,2026-08-17T18:48:05Z,
216.25.89.80,ipv4,malicious-ip,medium,WHITE,ziyadnz/hourly-ipv4,ziyadnz|hourly,2026-08-17T18:48:05Z,2026-08-17T18:48:05Z,
216.25.89.81,ipv4,malicious-ip,medium,WHITE,ziyadnz/hourly-ipv4,ziyadnz|hourly,2026-08-17T18:48:05Z,2026-08-17T18:48:05Z,
216.25.89.83,ipv4,malicious-ip,medium,WHITE,ziyadnz/hourly-ipv4,ziyadnz|hourly,2026-08-17T18:48:05Z,2026-08-17T18:48:05Z,
216.25.89.85,ipv4,malicious-ip,medium,WHITE,ziyadnz/hourly-ipv4,ziyadnz|hourly,2026-08-17T18:48:05Z,2026-08-17T18:48:05Z,
216.25.89.86,ipv4,malicious-ip,medium,WHITE,ziyadnz/hourly-ipv4,ziyadnz|hourly,2026-08-17T18:48:05Z,2026-08-17T18:48:05Z,
216.25.89.87,ipv4,malicious-ip,medium,WHITE,ziyadnz/hourly-ipv4,ziyadnz|hourly,2026-08-17T18:48:05Z,2026-08-17T18:48:05Z,
216.25.89.88,ipv4,malicious-ip,medium,WHITE,ziyadnz/hourly-ipv4,ziyadnz|hourly,2026-08-17T18:48:05Z,2026-08-17T18:48:05Z,
216.25.89.89,ipv4,malicious-ip,medium,WHITE,ziyadnz/hourly-ipv4,ziyadnz|hourly,2026-08-17T18:48:05Z,2026-08-17T18:48:05Z,
216.25.89.90,ipv4,malicious-ip,medium,WHITE,ziyadnz/hourly-ipv4,ziyadnz|hourly,2026-08-17T18:48:05Z,2026-08-17T18:48:05Z,
216.25.89.91,ipv4,malicious-ip,medium,WHITE,ziyadnz/hourly-ipv4,ziyadnz|hourly,2026-08-17T18:48:05Z,2026-08-17T18:48:05Z,
216.25.89.92,ipv4,malicious-ip,medium,WHITE,ziyadnz/hourly-ipv4,ziyadnz|hourly,2026-08-17T18:48:05Z,2026-08-17T18:48:05Z,
216.25.89.93,ipv4,malicious-ip,medium,WHITE,ziyadnz/hourly-ipv4,ziyadnz|hourly,2026-08-17T18:48:05Z,2026-08-17T18:48:05Z,
216.25.89.94,ipv4,malicious-ip,medium,WHITE,ziyadnz/hourly-ipv4,ziyadnz|hourly,2026-08-17T18:48:05Z,2026-08-17T18:48:05Z,
216.25.89.95,ipv4,malicious-ip,medium,WHITE,ziyadnz/hourly-ipv4,ziyadnz|hourly,2026-08-17T18:48:05Z,2026-08-17T18:48:05Z,
216.25.89.96,ipv4,malicious-ip,medium,WHITE,ziyadnz/hourly-ipv4,ziyadnz|hourly,2026-08-17T18:48:05Z,2026-08-17T18:48:05Z,
216.25.89.98,ipv4,malicious-ip,medium,WHITE,ziyadnz/hourly-ipv4,ziyadnz|hourly,2026-08-17T18:48:05Z,2026-08-17T18:48:05Z,
216.25.89.99,ipv4,malicious-ip,medium,WHITE,ziyadnz/hourly-ipv4,ziyadnz|hourly,2026-08-17T18:48:05Z,2026-08-17T18:48:05Z,
216.250.103.244,ipv4,malicious-ip,medium,WHITE,ziyadnz/hourly-ipv4,ziyadnz|hourly,2026-08-17T18:48:05Z,2026-08-17T18:48:05Z,
216.250.112.100,ipv4,malicious-ip,medium,WHITE,ziyadnz/hourly-ipv4,ziyadnz|hourly,2026-08-17T18:48:05Z,2026-08-17T18:48:05Z,
216.250.116.225,ipv4,malicious-ip,medium,WHITE,ziyadnz/hourly-ipv4,ziyadnz|hourly,2026-08-17T18:48:05Z,2026-08-17T18:48:05Z,
216.26.224.64,ipv4,malicious-ip,medium,WHITE,ziyadnz/hourly-ipv4,ziyadnz|hourly,2026-08-17T18:48:05Z,2026-08-17T18:48:05Z,
216.26.235.8,ipv4,malicious-ip,medium,WHITE,ziyadnz/hourly-ipv4,ziyadnz|hourly,2026-08-17T18:48:05Z,2026-08-17T18:48:05Z,
216.26.244.37,ipv4,malicious-ip,medium,WHITE,ziyadnz/hourly-ipv4,ziyadnz|hourly,2026-08-17T18:48:05Z,2026-08-17T18:48:05Z,
216.26.245.217,ipv4,malicious-ip,medium,WHITE,ziyadnz/hourly-ipv4,ziyadnz|hourly,2026-08-17T18:48:05Z,2026-08-17T18:48:05Z,
216.28.217.133,ipv4,malicious-ip,medium,WHITE,ziyadnz/hourly-ipv4,ziyadnz|hourly,2026-08-17T18:48:05Z,2026-08-17T18:48:05Z,
216.31.0.17,ipv4,malicious-ip,medium,WHITE,ziyadnz/hourly-ipv4,ziyadnz|hourly,2026-08-17T18:48:05Z,2026-08-17T18:48:05Z,
216.36.108.151,ipv4,malicious-ip,medium,WHITE,ziyadnz/hourly-ipv4,ziyadnz|hourly,2026-08-17T18:48:05Z,2026-08-17T18:48:05Z,
216.36.113.133,ipv4,malicious-ip,medium,WHITE,ziyadnz/hourly-ipv4,ziyadnz|hourly,2026-08-17T18:48:05Z,2026-08-17T18:48:05Z,
216.39.242.70,ipv4,malicious-ip,medium,WHITE,ziyadnz/hourly-ipv4,ziyadnz|hourly,2026-08-17T18:48:05Z,2026-08-17T18:48:05Z,
216.39.242.74,ipv4,malicious-ip,medium,WHITE,ziyadnz/hourly-ipv4,ziyadnz|hourly,2026-08-17T18:48:05Z,2026-08-17T18:48:05Z,
216.39.242.78,ipv4,malicious-ip,medium,WHITE,ziyadnz/hourly-ipv4,ziyadnz|hourly,2026-08-17T18:48:05Z,2026-08-17T18:48:05Z,
216.46.16.82,ipv4,malicious-ip,medium,WHITE,ziyadnz/hourly-ipv4,ziyadnz|hourly,2026-08-17T18:48:05Z,2026-08-17T18:48:05Z,
216.49.139.144,ipv4,malicious-ip,medium,WHITE,ziyadnz/hourly-ipv4,ziyadnz|hourly,2026-08-17T18:48:05Z,2026-08-17T18:48:05Z,
216.49.59.180,ipv4,malicious-ip,medium,WHITE,ziyadnz/hourly-ipv4,ziyadnz|hourly,2026-08-17T18:48:05Z,2026-08-17T18:48:05Z,
216.55.185.47,ipv4,malicious-ip,medium,WHITE,ziyadnz/hourly-ipv4,ziyadnz|hourly,2026-08-17T18:48:05Z,2026-08-17T18:48:05Z,
216.58.12.235,ipv4,malicious-ip,medium,WHITE,ziyadnz/hourly-ipv4,ziyadnz|hourly,2026-08-17T18:48:05Z,2026-08-17T18:48:05Z,
216.59.173.21,ipv4,malicious-ip,medium,WHITE,ziyadnz/hourly-ipv4,ziyadnz|hourly,2026-08-17T18:48:05Z,2026-08-17T18:48:05Z,
216.66.35.145,ipv4,malicious-ip,medium,WHITE,ziyadnz/hourly-ipv4,ziyadnz|hourly,2026-08-17T18:48:05Z,2026-08-17T18:48:05Z,
216.66.86.178,ipv4,malicious-ip,medium,WHITE,ziyadnz/hourly-ipv4,ziyadnz|hourly,2026-08-17T18:48:05Z,2026-08-17T18:48:05Z,
216.66.86.186,ipv4,malicious-ip,medium,WHITE,ziyadnz/hourly-ipv4,ziyadnz|hourly,2026-08-17T18:48:05Z,2026-08-17T18:48:05Z,
216.67.230.98,ipv4,malicious-ip,medium,WHITE,ziyadnz/hourly-ipv4,ziyadnz|hourly,2026-08-17T18:48:05Z,2026-08-17T18:48:05Z,
216.70.80.162,ipv4,malicious-ip,medium,WHITE,ziyadnz/hourly-ipv4,ziyadnz|hourly,2026-08-17T18:48:05Z,2026-08-17T18:48:05Z,
216.70.97.74,ipv4,malicious-ip,medium,WHITE,ziyadnz/hourly-ipv4,ziyadnz|hourly,2026-08-17T18:48:05Z,2026-08-17T18:48:05Z,
216.71.186.32,ipv4,malicious-ip,medium,WHITE,ziyadnz/hourly-ipv4,ziyadnz|hourly,2026-08-17T18:48:05Z,2026-08-17T18:48:05Z,
216.73.123.169,ipv4,malicious-ip,medium,WHITE,ziyadnz/hourly-ipv4,ziyadnz|hourly,2026-08-17T18:48:05Z,2026-08-17T18:48:05Z,
216.73.157.10,ipv4,malicious-ip,medium,WHITE,ziyadnz/hourly-ipv4,ziyadnz|hourly,2026-08-17T18:48:05Z,2026-08-17T18:48:05Z,
216.73.159.101,ipv4,malicious-ip,medium,WHITE,ziyadnz/hourly-ipv4,ziyadnz|hourly,2026-08-17T18:48:05Z,2026-08-17T18:48:05Z,
216.73.159.75,ipv4,malicious-ip,medium,WHITE,ziyadnz/hourly-ipv4,ziyadnz|hourly,2026-08-17T18:48:05Z,2026-08-17T18:48:05Z,
216.73.160.0,ipv4,malicious-ip,medium,WHITE,ziyadnz/hourly-ipv4,ziyadnz|hourly,2026-08-17T18:48:05Z,2026-08-17T18:48:05Z,
216.73.160.111,ipv4,malicious-ip,medium,WHITE,ziyadnz/hourly-ipv4,ziyadnz|hourly,2026-08-17T18:48:05Z,2026-08-17T18:48:05Z,
216.73.160.113,ipv4,malicious-ip,medium,WHITE,ziyadnz/hourly-ipv4,ziyadnz|hourly,2026-08-17T18:48:05Z,2026-08-17T18:48:05Z,
216.73.160.133,ipv4,malicious-ip,medium,WHITE,ziyadnz/hourly-ipv4,ziyadnz|hourly,2026-08-17T18:48:05Z,2026-08-17T18:48:05Z,
216.73.160.136,ipv4,malicious-ip,medium,WHITE,ziyadnz/hourly-ipv4,ziyadnz|hourly,2026-08-17T18:48:05Z,2026-08-17T18:48:05Z,
216.73.160.145,ipv4,malicious-ip,medium,WHITE,ziyadnz/hourly-ipv4,ziyadnz|hourly,2026-08-17T18:48:05Z,2026-08-17T18:48:05Z,
216.73.160.17,ipv4,malicious-ip,medium,WHITE,ziyadnz/hourly-ipv4,ziyadnz|hourly,2026-08-17T18:48:05Z,2026-08-17T18:48:05Z,
216.73.160.18,ipv4,malicious-ip,medium,WHITE,ziyadnz/hourly-ipv4,ziyadnz|hourly,2026-08-17T18:48:05Z,2026-08-17T18:48:05Z,
216.73.160.181,ipv4,malicious-ip,medium,WHITE,ziyadnz/hourly-ipv4,ziyadnz|hourly,2026-08-17T18:48:05Z,2026-08-17T18:48:05Z,
216.73.160.21,ipv4,malicious-ip,medium,WHITE,ziyadnz/hourly-ipv4,ziyadnz|hourly,2026-08-17T18:48:05Z,2026-08-17T18:48:05Z,
216.73.160.237,ipv4,malicious-ip,medium,WHITE,ziyadnz/hourly-ipv4,ziyadnz|hourly,2026-08-17T18:48:05Z,2026-08-17T18:48:05Z,
216.73.160.241,ipv4,malicious-ip,medium,WHITE,ziyadnz/hourly-ipv4,ziyadnz|hourly,2026-08-17T18:48:05Z,2026-08-17T18:48:05Z,
216.73.160.31,ipv4,malicious-ip,medium,WHITE,ziyadnz/hourly-ipv4,ziyadnz|hourly,2026-08-17T18:48:05Z,2026-08-17T18:48:05Z,
216.73.160.32,ipv4,malicious-ip,medium,WHITE,ziyadnz/hourly-ipv4,ziyadnz|hourly,2026-08-17T18:48:05Z,2026-08-17T18:48:05Z,
216.73.161.0,ipv4,malicious-ip,medium,WHITE,ziyadnz/hourly-ipv4,ziyadnz|hourly,2026-08-17T18:48:05Z,2026-08-17T18:48:05Z,
216.73.161.113,ipv4,malicious-ip,medium,WHITE,ziyadnz/hourly-ipv4,ziyadnz|hourly,2026-08-17T18:48:05Z,2026-08-17T18:48:05Z,
216.73.161.115,ipv4,malicious-ip,medium,WHITE,ziyadnz/hourly-ipv4,ziyadnz|hourly,2026-08-17T18:48:05Z,2026-08-17T18:48:05Z,
216.73.161.117,ipv4,malicious-ip,medium,WHITE,ziyadnz/hourly-ipv4,ziyadnz|hourly,2026-08-17T18:48:05Z,2026-08-17T18:48:05Z,
216.73.161.119,ipv4,malicious-ip,medium,WHITE,ziyadnz/hourly-ipv4,ziyadnz|hourly,2026-08-17T18:48:05Z,2026-08-17T18:48:05Z,
216.73.161.120,ipv4,malicious-ip,medium,WHITE,ziyadnz/hourly-ipv4,ziyadnz|hourly,2026-08-17T18:48:05Z,2026-08-17T18:48:05Z,
216.73.161.129,ipv4,malicious-ip,medium,WHITE,ziyadnz/hourly-ipv4,ziyadnz|hourly,2026-08-17T18:48:05Z,2026-08-17T18:48:05Z,
216.73.161.130,ipv4,malicious-ip,medium,WHITE,ziyadnz/hourly-ipv4,ziyadnz|hourly,2026-08-17T18:48:05Z,2026-08-17T18:48:05Z,
216.73.161.133,ipv4,malicious-ip,medium,WHITE,ziyadnz/hourly-ipv4,ziyadnz|hourly,2026-08-17T18:48:05Z,2026-08-17T18:48:05Z,
216.73.161.137,ipv4,malicious-ip,medium,WHITE,ziyadnz/hourly-ipv4,ziyadnz|hourly,2026-08-17T18:48:05Z,2026-08-17T18:48:05Z,
216.73.161.159,ipv4,malicious-ip,medium,WHITE,ziyadnz/hourly-ipv4,ziyadnz|hourly,2026-08-17T18:48:05Z,2026-08-17T18:48:05Z,
216.73.161.167,ipv4,malicious-ip,medium,WHITE,ziyadnz/hourly-ipv4,ziyadnz|hourly,2026-08-17T18:48:05Z,2026-08-17T18:48:05Z,
216.73.161.233,ipv4,malicious-ip,medium,WHITE,ziyadnz/hourly-ipv4,ziyadnz|hourly,2026-08-17T18:48:05Z,2026-08-17T18:48:05Z,
216.73.161.242,ipv4,malicious-ip,medium,WHITE,ziyadnz/hourly-ipv4,ziyadnz|hourly,2026-08-17T18:48:05Z,2026-08-17T18:48:05Z,
216.73.163.158,ipv4,malicious-ip,medium,WHITE,ziyadnz/hourly-ipv4,ziyadnz|hourly,2026-08-17T18:48:05Z,2026-08-17T18:48:05Z,
216.73.163.170,ipv4,malicious-ip,medium,WHITE,ziyadnz/hourly-ipv4,ziyadnz|hourly,2026-08-17T18:48:05Z,2026-08-17T18:48:05Z,
216.73.163.182,ipv4,malicious-ip,medium,WHITE,ziyadnz/hourly-ipv4,ziyadnz|hourly,2026-08-17T18:48:05Z,2026-08-17T18:48:05Z,
216.73.216.103,ipv4,malicious-ip,medium,WHITE,ziyadnz/hourly-ipv4,ziyadnz|hourly,2026-08-17T18:48:05Z,2026-08-17T18:48:05Z,
216.73.216.109,ipv4,malicious-ip,medium,WHITE,ziyadnz/hourly-ipv4,ziyadnz|hourly,2026-08-17T18:48:05Z,2026-08-17T18:48:05Z,
216.73.216.110,ipv4,malicious-ip,medium,WHITE,ziyadnz/hourly-ipv4,ziyadnz|hourly,2026-08-17T18:48:05Z,2026-08-17T18:48:05Z,
216.73.216.111,ipv4,malicious-ip,medium,WHITE,ziyadnz/hourly-ipv4,ziyadnz|hourly,2026-08-17T18:48:05Z,2026-08-17T18:48:05Z,
216.73.216.133,ipv4,malicious-ip,medium,WHITE,ziyadnz/hourly-ipv4,ziyadnz|hourly,2026-08-17T18:48:05Z,2026-08-17T18:48:05Z,
216.73.216.135,ipv4,malicious-ip,medium,WHITE,ziyadnz/hourly-ipv4,ziyadnz|hourly,2026-08-17T18:48:05Z,2026-08-17T18:48:05Z,
216.73.216.143,ipv4,malicious-ip,medium,WHITE,ziyadnz/hourly-ipv4,ziyadnz|hourly,2026-08-17T18:48:05Z,2026-08-17T18:48:05Z,
216.73.216.147,ipv4,malicious-ip,medium,WHITE,ziyadnz/hourly-ipv4,ziyadnz|hourly,2026-08-17T18:48:05Z,2026-08-17T18:48:05Z,
216.73.216.150,ipv4,malicious-ip,medium,WHITE,ziyadnz/hourly-ipv4,ziyadnz|hourly,2026-08-17T18:48:05Z,2026-08-17T18:48:05Z,
216.73.216.153,ipv4,malicious-ip,medium,WHITE,ziyadnz/hourly-ipv4,ziyadnz|hourly,2026-08-17T18:48:05Z,2026-08-17T18:48:05Z,
216.73.216.163,ipv4,malicious-ip,medium,WHITE,ziyadnz/hourly-ipv4,ziyadnz|hourly,2026-08-17T18:48:05Z,2026-08-17T18:48:05Z,
216.73.216.164,ipv4,malicious-ip,medium,WHITE,ziyadnz/hourly-ipv4,ziyadnz|hourly,2026-08-17T18:48:05Z,2026-08-17T18:48:05Z,
216.73.216.165,ipv4,malicious-ip,medium,WHITE,ziyadnz/hourly-ipv4,ziyadnz|hourly,2026-08-17T18:48:05Z,2026-08-17T18:48:05Z,
216.73.216.168,ipv4,malicious-ip,medium,WHITE,ziyadnz/hourly-ipv4,ziyadnz|hourly,2026-08-17T18:48:05Z,2026-08-17T18:48:05Z,
216.73.216.179,ipv4,malicious-ip,medium,WHITE,ziyadnz/hourly-ipv4,ziyadnz|hourly,2026-08-17T18:48:05Z,2026-08-17T18:48:05Z,
216.73.216.190,ipv4,malicious-ip,medium,WHITE,ziyadnz/hourly-ipv4,ziyadnz|hourly,2026-08-17T18:48:05Z,2026-08-17T18:48:05Z,
216.73.216.193,ipv4,malicious-ip,medium,WHITE,ziyadnz/hourly-ipv4,ziyadnz|hourly,2026-08-17T18:48:05Z,2026-08-17T18:48:05Z,
216.73.216.196,ipv4,malicious-ip,medium,WHITE,ziyadnz/hourly-ipv4,ziyadnz|hourly,2026-08-17T18:48:05Z,2026-08-17T18:48:05Z,
216.73.216.201,ipv4,malicious-ip,medium,WHITE,ziyadnz/hourly-ipv4,ziyadnz|hourly,2026-08-17T18:48:05Z,2026-08-17T18:48:05Z,
216.73.216.202,ipv4,malicious-ip,medium,WHITE,ziyadnz/hourly-ipv4,ziyadnz|hourly,2026-08-17T18:48:05Z,2026-08-17T18:48:05Z,
216.73.216.222,ipv4,malicious-ip,medium,WHITE,ziyadnz/hourly-ipv4,ziyadnz|hourly,2026-08-17T18:48:05Z,2026-08-17T18:48:05Z,
216.73.216.224,ipv4,malicious-ip,medium,WHITE,ziyadnz/hourly-ipv4,ziyadnz|hourly,2026-08-17T18:48:05Z,2026-08-17T18:48:05Z,
216.73.216.227,ipv4,malicious-ip,medium,WHITE,ziyadnz/hourly-ipv4,ziyadnz|hourly,2026-08-17T18:48:05Z,2026-08-17T18:48:05Z,
216.73.216.229,ipv4,malicious-ip,medium,WHITE,ziyadnz/hourly-ipv4,ziyadnz|hourly,2026-08-17T18:48:05Z,2026-08-17T18:48:05Z,
216.73.216.241,ipv4,malicious-ip,medium,WHITE,ziyadnz/hourly-ipv4,ziyadnz|hourly,2026-08-17T18:48:05Z,2026-08-17T18:48:05Z,
216.73.216.250,ipv4,malicious-ip,medium,WHITE,ziyadnz/hourly-ipv4,ziyadnz|hourly,2026-08-17T18:48:05Z,2026-08-17T18:48:05Z,
216.73.216.252,ipv4,malicious-ip,medium,WHITE,ziyadnz/hourly-ipv4,ziyadnz|hourly,2026-08-17T18:48:05Z,2026-08-17T18:48:05Z,
216.73.216.30,ipv4,malicious-ip,medium,WHITE,ziyadnz/hourly-ipv4,ziyadnz|hourly,2026-08-17T18:48:05Z,2026-08-17T18:48:05Z,
216.73.216.41,ipv4,malicious-ip,medium,WHITE,ziyadnz/hourly-ipv4,ziyadnz|hourly,2026-08-17T18:48:05Z,2026-08-17T18:48:05Z,
216.73.216.51,ipv4,malicious-ip,medium,WHITE,ziyadnz/hourly-ipv4,ziyadnz|hourly,2026-08-17T18:48:05Z,2026-08-17T18:48:05Z,
216.73.216.6,ipv4,malicious-ip,medium,WHITE,ziyadnz/hourly-ipv4,ziyadnz|hourly,2026-08-17T18:48:05Z,2026-08-17T18:48:05Z,
216.73.216.64,ipv4,malicious-ip,medium,WHITE,ziyadnz/hourly-ipv4,ziyadnz|hourly,2026-08-17T18:48:05Z,2026-08-17T18:48:05Z,
216.73.216.65,ipv4,malicious-ip,medium,WHITE,ziyadnz/hourly-ipv4,ziyadnz|hourly,2026-08-17T18:48:05Z,2026-08-17T18:48:05Z,
216.73.216.71,ipv4,malicious-ip,medium,WHITE,ziyadnz/hourly-ipv4,ziyadnz|hourly,2026-08-17T18:48:05Z,2026-08-17T18:48:05Z,
216.73.216.82,ipv4,malicious-ip,medium,WHITE,ziyadnz/hourly-ipv4,ziyadnz|hourly,2026-08-17T18:48:05Z,2026-08-17T18:48:05Z,
216.73.216.84,ipv4,malicious-ip,medium,WHITE,ziyadnz/hourly-ipv4,ziyadnz|hourly,2026-08-17T18:48:05Z,2026-08-17T18:48:05Z,
216.73.217.106,ipv4,malicious-ip,medium,WHITE,ziyadnz/hourly-ipv4,ziyadnz|hourly,2026-08-17T18:48:05Z,2026-08-17T18:48:05Z,
216.73.217.108,ipv4,malicious-ip,medium,WHITE,ziyadnz/hourly-ipv4,ziyadnz|hourly,2026-08-17T18:48:05Z,2026-08-17T18:48:05Z,
216.73.217.117,ipv4,malicious-ip,medium,WHITE,ziyadnz/hourly-ipv4,ziyadnz|hourly,2026-08-17T18:48:05Z,2026-08-17T18:48:05Z,
216.73.217.120,ipv4,malicious-ip,medium,WHITE,ziyadnz/hourly-ipv4,ziyadnz|hourly,2026-08-17T18:48:05Z,2026-08-17T18:48:05Z,
216.73.217.131,ipv4,malicious-ip,medium,WHITE,ziyadnz/hourly-ipv4,ziyadnz|hourly,2026-08-17T18:48:05Z,2026-08-17T18:48:05Z,
216.73.217.134,ipv4,malicious-ip,medium,WHITE,ziyadnz/hourly-ipv4,ziyadnz|hourly,2026-08-17T18:48:05Z,2026-08-17T18:48:05Z,
216.73.217.145,ipv4,malicious-ip,medium,WHITE,ziyadnz/hourly-ipv4,ziyadnz|hourly,2026-08-17T18:48:05Z,2026-08-17T18:48:05Z,
216.73.217.153,ipv4,malicious-ip,medium,WHITE,ziyadnz/hourly-ipv4,ziyadnz|hourly,2026-08-17T18:48:05Z,2026-08-17T18:48:05Z,
216.73.217.154,ipv4,malicious-ip,medium,WHITE,ziyadnz/hourly-ipv4,ziyadnz|hourly,2026-08-17T18:48:05Z,2026-08-17T18:48:05Z,
216.73.217.162,ipv4,malicious-ip,medium,WHITE,ziyadnz/hourly-ipv4,ziyadnz|hourly,2026-08-17T18:48:05Z,2026-08-17T18:48:05Z,
216.73.217.165,ipv4,malicious-ip,medium,WHITE,ziyadnz/hourly-ipv4,ziyadnz|hourly,2026-08-17T18:48:05Z,2026-08-17T18:48:05Z,
216.73.217.17,ipv4,malicious-ip,medium,WHITE,ziyadnz/hourly-ipv4,ziyadnz|hourly,2026-08-17T18:48:05Z,2026-08-17T18:48:05Z,
216.73.217.18,ipv4,malicious-ip,medium,WHITE,ziyadnz/hourly-ipv4,ziyadnz|hourly,2026-08-17T18:48:05Z,2026-08-17T18:48:05Z,
216.73.217.2,ipv4,malicious-ip,medium,WHITE,ziyadnz/hourly-ipv4,ziyadnz|hourly,2026-08-17T18:48:05Z,2026-08-17T18:48:05Z,
216.73.217.24,ipv4,malicious-ip,medium,WHITE,ziyadnz/hourly-ipv4,ziyadnz|hourly,2026-08-17T18:48:05Z,2026-08-17T18:48:05Z,
216.73.217.32,ipv4,malicious-ip,medium,WHITE,ziyadnz/hourly-ipv4,ziyadnz|hourly,2026-08-17T18:48:05Z,2026-08-17T18:48:05Z,
216.73.217.33,ipv4,malicious-ip,medium,WHITE,ziyadnz/hourly-ipv4,ziyadnz|hourly,2026-08-17T18:48:05Z,2026-08-17T18:48:05Z,
216.73.217.59,ipv4,malicious-ip,medium,WHITE,ziyadnz/hourly-ipv4,ziyadnz|hourly,2026-08-17T18:48:05Z,2026-08-17T18:48:05Z,
216.73.217.6,ipv4,malicious-ip,medium,WHITE,ziyadnz/hourly-ipv4,ziyadnz|hourly,2026-08-17T18:48:05Z,2026-08-17T18:48:05Z,
216.73.217.60,ipv4,malicious-ip,medium,WHITE,ziyadnz/hourly-ipv4,ziyadnz|hourly,2026-08-17T18:48:05Z,2026-08-17T18:48:05Z,
216.73.217.61,ipv4,malicious-ip,medium,WHITE,ziyadnz/hourly-ipv4,ziyadnz|hourly,2026-08-17T18:48:05Z,2026-08-17T18:48:05Z,
216.73.217.62,ipv4,malicious-ip,medium,WHITE,ziyadnz/hourly-ipv4,ziyadnz|hourly,2026-08-17T18:48:05Z,2026-08-17T18:48:05Z,
216.73.217.65,ipv4,malicious-ip,medium,WHITE,ziyadnz/hourly-ipv4,ziyadnz|hourly,2026-08-17T18:48:05Z,2026-08-17T18:48:05Z,
216.73.217.70,ipv4,malicious-ip,medium,WHITE,ziyadnz/hourly-ipv4,ziyadnz|hourly,2026-08-17T18:48:05Z,2026-08-17T18:48:05Z,
216.73.217.86,ipv4,malicious-ip,medium,WHITE,ziyadnz/hourly-ipv4,ziyadnz|hourly,2026-08-17T18:48:05Z,2026-08-17T18:48:05Z,
216.73.217.92,ipv4,malicious-ip,medium,WHITE,ziyadnz/hourly-ipv4,ziyadnz|hourly,2026-08-17T18:48:05Z,2026-08-17T18:48:05Z,
216.73.217.94,ipv4,malicious-ip,medium,WHITE,ziyadnz/hourly-ipv4,ziyadnz|hourly,2026-08-17T18:48:05Z,2026-08-17T18:48:05Z,
216.73.217.99,ipv4,malicious-ip,medium,WHITE,ziyadnz/hourly-ipv4,ziyadnz|hourly,2026-08-17T18:48:05Z,2026-08-17T18:48:05Z,
216.74.123.191,ipv4,malicious-ip,medium,WHITE,ziyadnz/hourly-ipv4,ziyadnz|hourly,2026-08-17T18:48:05Z,2026-08-17T18:48:05Z,
216.75.151.184,ipv4,malicious-ip,medium,WHITE,ziyadnz/hourly-ipv4,ziyadnz|hourly,2026-08-17T18:48:05Z,2026-08-17T18:48:05Z,
216.8.222.67,ipv4,malicious-ip,medium,WHITE,ziyadnz/hourly-ipv4,ziyadnz|hourly,2026-08-17T18:48:05Z,2026-08-17T18:48:05Z,
216.83.56.247,ipv4,malicious-ip,medium,WHITE,ziyadnz/hourly-ipv4,ziyadnz|hourly,2026-08-17T18:48:05Z,2026-08-17T18:48:05Z,
216.9.110.14,ipv4,malicious-ip,medium,WHITE,ziyadnz/hourly-ipv4,ziyadnz|hourly,2026-08-17T18:48:05Z,2026-08-17T18:48:05Z,
216.9.224.182,ipv4,malicious-ip,medium,WHITE,ziyadnz/hourly-ipv4,ziyadnz|hourly,2026-08-17T18:48:05Z,2026-08-17T18:48:05Z,
216.9.225.23,ipv4,malicious-ip,medium,WHITE,ziyadnz/hourly-ipv4,ziyadnz|hourly,2026-08-17T18:48:05Z,2026-08-17T18:48:05Z,
216.9.225.34,ipv4,malicious-ip,medium,WHITE,ziyadnz/hourly-ipv4,ziyadnz|hourly,2026-08-17T18:48:05Z,2026-08-17T18:48:05Z,
216.9.226.161,ipv4,malicious-ip,medium,WHITE,ziyadnz/hourly-ipv4,ziyadnz|hourly,2026-08-17T18:48:05Z,2026-08-17T18:48:05Z,
216.98.211.22,ipv4,malicious-ip,medium,WHITE,ziyadnz/hourly-ipv4,ziyadnz|hourly,2026-08-17T18:48:05Z,2026-08-17T18:48:05Z,
216.98.211.49,ipv4,malicious-ip,medium,WHITE,ziyadnz/hourly-ipv4,ziyadnz|hourly,2026-08-17T18:48:05Z,2026-08-17T18:48:05Z,
216.98.211.94,ipv4,malicious-ip,medium,WHITE,ziyadnz/hourly-ipv4,ziyadnz|hourly,2026-08-17T18:48:05Z,2026-08-17T18:48:05Z,
216.98.214.247,ipv4,malicious-ip,medium,WHITE,ziyadnz/hourly-ipv4,ziyadnz|hourly,2026-08-17T18:48:05Z,2026-08-17T18:48:05Z,
216.98.214.71,ipv4,malicious-ip,medium,WHITE,ziyadnz/hourly-ipv4,ziyadnz|hourly,2026-08-17T18:48:05Z,2026-08-17T18:48:05Z,
217.100.139.90,ipv4,malicious-ip,medium,WHITE,ziyadnz/hourly-ipv4,ziyadnz|hourly,2026-08-17T18:48:05Z,2026-08-17T18:48:05Z,
217.100.166.126,ipv4,malicious-ip,medium,WHITE,ziyadnz/hourly-ipv4,ziyadnz|hourly,2026-08-17T18:48:05Z,2026-08-17T18:48:05Z,
217.100.223.197,ipv4,malicious-ip,medium,WHITE,ziyadnz/hourly-ipv4,ziyadnz|hourly,2026-08-17T18:48:05Z,2026-08-17T18:48:05Z,
217.103.42.129,ipv4,malicious-ip,medium,WHITE,ziyadnz/hourly-ipv4,ziyadnz|hourly,2026-08-17T18:48:05Z,2026-08-17T18:48:05Z,
217.107.219.198,ipv4,malicious-ip,medium,WHITE,ziyadnz/hourly-ipv4,ziyadnz|hourly,2026-08-17T18:48:05Z,2026-08-17T18:48:05Z,
217.11.188.116,ipv4,malicious-ip,medium,WHITE,ziyadnz/hourly-ipv4,ziyadnz|hourly,2026-08-17T18:48:05Z,2026-08-17T18:48:05Z,
217.112.101.75,ipv4,malicious-ip,medium,WHITE,ziyadnz/hourly-ipv4,ziyadnz|hourly,2026-08-17T18:48:05Z,2026-08-17T18:48:05Z,
217.112.105.43,ipv4,malicious-ip,medium,WHITE,ziyadnz/hourly-ipv4,ziyadnz|hourly,2026-08-17T18:48:05Z,2026-08-17T18:48:05Z,
217.112.110.98,ipv4,malicious-ip,medium,WHITE,ziyadnz/hourly-ipv4,ziyadnz|hourly,2026-08-17T18:48:05Z,2026-08-17T18:48:05Z,
217.112.138.177,ipv4,malicious-ip,medium,WHITE,ziyadnz/hourly-ipv4,ziyadnz|hourly,2026-08-17T18:48:05Z,2026-08-17T18:48:05Z,
217.112.99.25,ipv4,malicious-ip,medium,WHITE,ziyadnz/hourly-ipv4,ziyadnz|hourly,2026-08-17T18:48:05Z,2026-08-17T18:48:05Z,
217.113.10.194,ipv4,malicious-ip,medium,WHITE,ziyadnz/hourly-ipv4,ziyadnz|hourly,2026-08-17T18:48:05Z,2026-08-17T18:48:05Z,
217.113.11.99,ipv4,malicious-ip,medium,WHITE,ziyadnz/hourly-ipv4,ziyadnz|hourly,2026-08-17T18:48:05Z,2026-08-17T18:48:05Z,
217.113.13.23,ipv4,malicious-ip,medium,WHITE,ziyadnz/hourly-ipv4,ziyadnz|hourly,2026-08-17T18:48:05Z,2026-08-17T18:48:05Z,
217.113.16.77,ipv4,malicious-ip,medium,WHITE,ziyadnz/hourly-ipv4,ziyadnz|hourly,2026-08-17T18:48:05Z,2026-08-17T18:48:05Z,
217.113.194.118,ipv4,malicious-ip,medium,WHITE,ziyadnz/hourly-ipv4,ziyadnz|hourly,2026-08-17T18:48:05Z,2026-08-17T18:48:05Z,
217.113.194.121,ipv4,malicious-ip,medium,WHITE,ziyadnz/hourly-ipv4,ziyadnz|hourly,2026-08-17T18:48:05Z,2026-08-17T18:48:05Z,
217.113.194.150,ipv4,malicious-ip,medium,WHITE,ziyadnz/hourly-ipv4,ziyadnz|hourly,2026-08-17T18:48:05Z,2026-08-17T18:48:05Z,
217.113.194.177,ipv4,malicious-ip,medium,WHITE,ziyadnz/hourly-ipv4,ziyadnz|hourly,2026-08-17T18:48:05Z,2026-08-17T18:48:05Z,
217.113.194.239,ipv4,malicious-ip,medium,WHITE,ziyadnz/hourly-ipv4,ziyadnz|hourly,2026-08-17T18:48:05Z,2026-08-17T18:48:05Z,
217.113.194.249,ipv4,malicious-ip,medium,WHITE,ziyadnz/hourly-ipv4,ziyadnz|hourly,2026-08-17T18:48:05Z,2026-08-17T18:48:05Z,
217.113.194.42,ipv4,malicious-ip,medium,WHITE,ziyadnz/hourly-ipv4,ziyadnz|hourly,2026-08-17T18:48:05Z,2026-08-17T18:48:05Z,
217.113.194.48,ipv4,malicious-ip,medium,WHITE,ziyadnz/hourly-ipv4,ziyadnz|hourly,2026-08-17T18:48:05Z,2026-08-17T18:48:05Z,
217.113.194.53,ipv4,malicious-ip,medium,WHITE,ziyadnz/hourly-ipv4,ziyadnz|hourly,2026-08-17T18:48:05Z,2026-08-17T18:48:05Z,
217.113.194.56,ipv4,malicious-ip,medium,WHITE,ziyadnz/hourly-ipv4,ziyadnz|hourly,2026-08-17T18:48:05Z,2026-08-17T18:48:05Z,
217.113.194.60,ipv4,malicious-ip,medium,WHITE,ziyadnz/hourly-ipv4,ziyadnz|hourly,2026-08-17T18:48:05Z,2026-08-17T18:48:05Z,
217.113.194.74,ipv4,malicious-ip,medium,WHITE,ziyadnz/hourly-ipv4,ziyadnz|hourly,2026-08-17T18:48:05Z,2026-08-17T18:48:05Z,
217.113.194.80,ipv4,malicious-ip,medium,WHITE,ziyadnz/hourly-ipv4,ziyadnz|hourly,2026-08-17T18:48:05Z,2026-08-17T18:48:05Z,
217.113.194.95,ipv4,malicious-ip,medium,WHITE,ziyadnz/hourly-ipv4,ziyadnz|hourly,2026-08-17T18:48:05Z,2026-08-17T18:48:05Z,
217.113.194.98,ipv4,malicious-ip,medium,WHITE,ziyadnz/hourly-ipv4,ziyadnz|hourly,2026-08-17T18:48:05Z,2026-08-17T18:48:05Z,
217.113.22.113,ipv4,malicious-ip,medium,WHITE,ziyadnz/hourly-ipv4,ziyadnz|hourly,2026-08-17T18:48:05Z,2026-08-17T18:48:05Z,
217.113.25.58,ipv4,malicious-ip,medium,WHITE,ziyadnz/hourly-ipv4,ziyadnz|hourly,2026-08-17T18:48:05Z,2026-08-17T18:48:05Z,
217.113.30.171,ipv4,malicious-ip,medium,WHITE,ziyadnz/hourly-ipv4,ziyadnz|hourly,2026-08-17T18:48:05Z,2026-08-17T18:48:05Z,
217.113.31.14,ipv4,malicious-ip,medium,WHITE,ziyadnz/hourly-ipv4,ziyadnz|hourly,2026-08-17T18:48:05Z,2026-08-17T18:48:05Z,
217.113.4.130,ipv4,malicious-ip,medium,WHITE,ziyadnz/hourly-ipv4,ziyadnz|hourly,2026-08-17T18:48:05Z,2026-08-17T18:48:05Z,
217.113.5.102,ipv4,malicious-ip,medium,WHITE,ziyadnz/hourly-ipv4,ziyadnz|hourly,2026-08-17T18:48:05Z,2026-08-17T18:48:05Z,
217.114.43.149,ipv4,malicious-ip,medium,WHITE,ziyadnz/hourly-ipv4,ziyadnz|hourly,2026-08-17T18:48:05Z,2026-08-17T18:48:05Z,
217.114.43.160,ipv4,malicious-ip,medium,WHITE,ziyadnz/hourly-ipv4,ziyadnz|hourly,2026-08-17T18:48:05Z,2026-08-17T18:48:05Z,
217.118.4.134,ipv4,malicious-ip,medium,WHITE,ziyadnz/hourly-ipv4,ziyadnz|hourly,2026-08-17T18:48:05Z,2026-08-17T18:48:05Z,
217.119.139.50,ipv4,malicious-ip,medium,WHITE,ziyadnz/hourly-ipv4,ziyadnz|hourly,2026-08-17T18:48:05Z,2026-08-17T18:48:05Z,
217.12.113.50,ipv4,malicious-ip,medium,WHITE,ziyadnz/hourly-ipv4,ziyadnz|hourly,2026-08-17T18:48:05Z,2026-08-17T18:48:05Z,
217.12.206.21,ipv4,malicious-ip,medium,WHITE,ziyadnz/hourly-ipv4,ziyadnz|hourly,2026-08-17T18:48:05Z,2026-08-17T18:48:05Z,
217.12.206.218,ipv4,malicious-ip,medium,WHITE,ziyadnz/hourly-ipv4,ziyadnz|hourly,2026-08-17T18:48:05Z,2026-08-17T18:48:05Z,
217.12.206.230,ipv4,malicious-ip,medium,WHITE,ziyadnz/hourly-ipv4,ziyadnz|hourly,2026-08-17T18:48:05Z,2026-08-17T18:48:05Z,
217.12.208.73,ipv4,malicious-ip,medium,WHITE,ziyadnz/hourly-ipv4,ziyadnz|hourly,2026-08-17T18:48:05Z,2026-08-17T18:48:05Z,
217.12.221.131,ipv4,malicious-ip,medium,WHITE,ziyadnz/hourly-ipv4,ziyadnz|hourly,2026-08-17T18:48:05Z,2026-08-17T18:48:05Z,
217.12.41.143,ipv4,malicious-ip,medium,WHITE,ziyadnz/hourly-ipv4,ziyadnz|hourly,2026-08-17T18:48:05Z,2026-08-17T18:48:05Z,
217.128.250.41,ipv4,malicious-ip,medium,WHITE,ziyadnz/hourly-ipv4,ziyadnz|hourly,2026-08-17T18:48:05Z,2026-08-17T18:48:05Z,
217.13.97.44,ipv4,malicious-ip,medium,WHITE,ziyadnz/hourly-ipv4,ziyadnz|hourly,2026-08-17T18:48:05Z,2026-08-17T18:48:05Z,
217.131.11.242,ipv4,malicious-ip,medium,WHITE,ziyadnz/hourly-ipv4,ziyadnz|hourly,2026-08-17T18:48:05Z,2026-08-17T18:48:05Z,
217.131.133.215,ipv4,malicious-ip,medium,WHITE,ziyadnz/hourly-ipv4,ziyadnz|hourly,2026-08-17T18:48:05Z,2026-08-17T18:48:05Z,
217.137.173.9,ipv4,malicious-ip,medium,WHITE,ziyadnz/hourly-ipv4,ziyadnz|hourly,2026-08-17T18:48:05Z,2026-08-17T18:48:05Z,
217.138.215.105,ipv4,malicious-ip,medium,WHITE,ziyadnz/hourly-ipv4,ziyadnz|hourly,2026-08-17T18:48:05Z,2026-08-17T18:48:05Z,
217.138.215.79,ipv4,malicious-ip,medium,WHITE,ziyadnz/hourly-ipv4,ziyadnz|hourly,2026-08-17T18:48:05Z,2026-08-17T18:48:05Z,
217.138.215.85,ipv4,malicious-ip,medium,WHITE,ziyadnz/hourly-ipv4,ziyadnz|hourly,2026-08-17T18:48:05Z,2026-08-17T18:48:05Z,
217.138.216.125,ipv4,malicious-ip,medium,WHITE,ziyadnz/hourly-ipv4,ziyadnz|hourly,2026-08-17T18:48:05Z,2026-08-17T18:48:05Z,
217.142.190.55,ipv4,malicious-ip,medium,WHITE,ziyadnz/hourly-ipv4,ziyadnz|hourly,2026-08-17T18:48:05Z,2026-08-17T18:48:05Z,
217.142.190.95,ipv4,malicious-ip,medium,WHITE,ziyadnz/hourly-ipv4,ziyadnz|hourly,2026-08-17T18:48:05Z,2026-08-17T18:48:05Z,
217.142.225.235,ipv4,malicious-ip,medium,WHITE,ziyadnz/hourly-ipv4,ziyadnz|hourly,2026-08-17T18:48:05Z,2026-08-17T18:48:05Z,
217.142.31.33,ipv4,malicious-ip,medium,WHITE,ziyadnz/hourly-ipv4,ziyadnz|hourly,2026-08-17T18:48:05Z,2026-08-17T18:48:05Z,
217.142.31.93,ipv4,malicious-ip,medium,WHITE,ziyadnz/hourly-ipv4,ziyadnz|hourly,2026-08-17T18:48:05Z,2026-08-17T18:48:05Z,
217.144.189.35,ipv4,malicious-ip,medium,WHITE,ziyadnz/hourly-ipv4,ziyadnz|hourly,2026-08-17T18:48:05Z,2026-08-17T18:48:05Z,
217.145.24.67,ipv4,malicious-ip,medium,WHITE,ziyadnz/hourly-ipv4,ziyadnz|hourly,2026-08-17T18:48:05Z,2026-08-17T18:48:05Z,
217.146.80.0,ipv4,malicious-ip,medium,WHITE,ziyadnz/hourly-ipv4,ziyadnz|hourly,2026-08-17T18:48:05Z,2026-08-17T18:48:05Z,
217.146.80.100,ipv4,malicious-ip,medium,WHITE,ziyadnz/hourly-ipv4,ziyadnz|hourly,2026-08-17T18:48:05Z,2026-08-17T18:48:05Z,
217.146.80.101,ipv4,malicious-ip,medium,WHITE,ziyadnz/hourly-ipv4,ziyadnz|hourly,2026-08-17T18:48:05Z,2026-08-17T18:48:05Z,
217.146.80.102,ipv4,malicious-ip,medium,WHITE,ziyadnz/hourly-ipv4,ziyadnz|hourly,2026-08-17T18:48:05Z,2026-08-17T18:48:05Z,
217.146.80.103,ipv4,malicious-ip,medium,WHITE,ziyadnz/hourly-ipv4,ziyadnz|hourly,2026-08-17T18:48:05Z,2026-08-17T18:48:05Z,
217.146.80.104,ipv4,malicious-ip,medium,WHITE,ziyadnz/hourly-ipv4,ziyadnz|hourly,2026-08-17T18:48:05Z,2026-08-17T18:48:05Z,
217.146.80.105,ipv4,malicious-ip,medium,WHITE,ziyadnz/hourly-ipv4,ziyadnz|hourly,2026-08-17T18:48:05Z,2026-08-17T18:48:05Z,
217.146.80.106,ipv4,malicious-ip,medium,WHITE,ziyadnz/hourly-ipv4,ziyadnz|hourly,2026-08-17T18:48:05Z,2026-08-17T18:48:05Z,
217.146.80.107,ipv4,malicious-ip,medium,WHITE,ziyadnz/hourly-ipv4,ziyadnz|hourly,2026-08-17T18:48:05Z,2026-08-17T18:48:05Z,
217.146.80.108,ipv4,malicious-ip,medium,WHITE,ziyadnz/hourly-ipv4,ziyadnz|hourly,2026-08-17T18:48:05Z,2026-08-17T18:48:05Z,
217.146.80.109,ipv4,malicious-ip,medium,WHITE,ziyadnz/hourly-ipv4,ziyadnz|hourly,2026-08-17T18:48:05Z,2026-08-17T18:48:05Z,
217.146.80.110,ipv4,malicious-ip,medium,WHITE,ziyadnz/hourly-ipv4,ziyadnz|hourly,2026-08-17T18:48:05Z,2026-08-17T18:48:05Z,
217.146.80.111,ipv4,malicious-ip,medium,WHITE,ziyadnz/hourly-ipv4,ziyadnz|hourly,2026-08-17T18:48:05Z,2026-08-17T18:48:05Z,
217.146.80.112,ipv4,malicious-ip,medium,WHITE,ziyadnz/hourly-ipv4,ziyadnz|hourly,2026-08-17T18:48:05Z,2026-08-17T18:48:05Z,
217.146.80.113,ipv4,malicious-ip,medium,WHITE,ziyadnz/hourly-ipv4,ziyadnz|hourly,2026-08-17T18:48:05Z,2026-08-17T18:48:05Z,
217.146.80.114,ipv4,malicious-ip,medium,WHITE,ziyadnz/hourly-ipv4,ziyadnz|hourly,2026-08-17T18:48:05Z,2026-08-17T18:48:05Z,
217.146.80.115,ipv4,malicious-ip,medium,WHITE,ziyadnz/hourly-ipv4,ziyadnz|hourly,2026-08-17T18:48:05Z,2026-08-17T18:48:05Z,
217.146.80.116,ipv4,malicious-ip,medium,WHITE,ziyadnz/hourly-ipv4,ziyadnz|hourly,2026-08-17T18:48:05Z,2026-08-17T18:48:05Z,
217.146.80.117,ipv4,malicious-ip,medium,WHITE,ziyadnz/hourly-ipv4,ziyadnz|hourly,2026-08-17T18:48:05Z,2026-08-17T18:48:05Z,
217.146.80.118,ipv4,malicious-ip,medium,WHITE,ziyadnz/hourly-ipv4,ziyadnz|hourly,2026-08-17T18:48:05Z,2026-08-17T18:48:05Z,
217.146.80.119,ipv4,malicious-ip,medium,WHITE,ziyadnz/hourly-ipv4,ziyadnz|hourly,2026-08-17T18:48:05Z,2026-08-17T18:48:05Z,
217.146.80.120,ipv4,malicious-ip,medium,WHITE,ziyadnz/hourly-ipv4,ziyadnz|hourly,2026-08-17T18:48:05Z,2026-08-17T18:48:05Z,
217.146.80.121,ipv4,malicious-ip,medium,WHITE,ziyadnz/hourly-ipv4,ziyadnz|hourly,2026-08-17T18:48:05Z,2026-08-17T18:48:05Z,
217.146.80.122,ipv4,malicious-ip,medium,WHITE,ziyadnz/hourly-ipv4,ziyadnz|hourly,2026-08-17T18:48:05Z,2026-08-17T18:48:05Z,
217.146.80.123,ipv4,malicious-ip,medium,WHITE,ziyadnz/hourly-ipv4,ziyadnz|hourly,2026-08-17T18:48:05Z,2026-08-17T18:48:05Z,
217.146.80.124,ipv4,malicious-ip,medium,WHITE,ziyadnz/hourly-ipv4,ziyadnz|hourly,2026-08-17T18:48:05Z,2026-08-17T18:48:05Z,
217.146.80.125,ipv4,malicious-ip,medium,WHITE,ziyadnz/hourly-ipv4,ziyadnz|hourly,2026-08-17T18:48:05Z,2026-08-17T18:48:05Z,
217.146.80.126,ipv4,malicious-ip,medium,WHITE,ziyadnz/hourly-ipv4,ziyadnz|hourly,2026-08-17T18:48:05Z,2026-08-17T18:48:05Z,
217.146.80.98,ipv4,malicious-ip,medium,WHITE,ziyadnz/hourly-ipv4,ziyadnz|hourly,2026-08-17T18:48:05Z,2026-08-17T18:48:05Z,
217.146.80.99,ipv4,malicious-ip,medium,WHITE,ziyadnz/hourly-ipv4,ziyadnz|hourly,2026-08-17T18:48:05Z,2026-08-17T18:48:05Z,
217.147.15.39,ipv4,malicious-ip,medium,WHITE,ziyadnz/hourly-ipv4,ziyadnz|hourly,2026-08-17T18:48:05Z,2026-08-17T18:48:05Z,
217.147.172.185,ipv4,malicious-ip,medium,WHITE,ziyadnz/hourly-ipv4,ziyadnz|hourly,2026-08-17T18:48:05Z,2026-08-17T18:48:05Z,
217.148.142.19,ipv4,malicious-ip,medium,WHITE,ziyadnz/hourly-ipv4,ziyadnz|hourly,2026-08-17T18:48:05Z,2026-08-17T18:48:05Z,
217.149.176.254,ipv4,malicious-ip,medium,WHITE,ziyadnz/hourly-ipv4,ziyadnz|hourly,2026-08-17T18:48:05Z,2026-08-17T18:48:05Z,
217.149.188.102,ipv4,malicious-ip,medium,WHITE,ziyadnz/hourly-ipv4,ziyadnz|hourly,2026-08-17T18:48:05Z,2026-08-17T18:48:05Z,
217.149.191.246,ipv4,malicious-ip,medium,WHITE,ziyadnz/hourly-ipv4,ziyadnz|hourly,2026-08-17T18:48:05Z,2026-08-17T18:48:05Z,
217.149.31.128,ipv4,malicious-ip,medium,WHITE,ziyadnz/hourly-ipv4,ziyadnz|hourly,2026-08-17T18:48:05Z,2026-08-17T18:48:05Z,
217.15.161.119,ipv4,malicious-ip,medium,WHITE,ziyadnz/hourly-ipv4,ziyadnz|hourly,2026-08-17T18:48:05Z,2026-08-17T18:48:05Z,
217.15.162.84,ipv4,malicious-ip,medium,WHITE,ziyadnz/hourly-ipv4,ziyadnz|hourly,2026-08-17T18:48:05Z,2026-08-17T18:48:05Z,
217.150.37.249,ipv4,malicious-ip,medium,WHITE,ziyadnz/hourly-ipv4,ziyadnz|hourly,2026-08-17T18:48:05Z,2026-08-17T18:48:05Z,
217.150.47.21,ipv4,malicious-ip,medium,WHITE,ziyadnz/hourly-ipv4,ziyadnz|hourly,2026-08-17T18:48:05Z,2026-08-17T18:48:05Z,
217.150.84.230,ipv4,malicious-ip,medium,WHITE,ziyadnz/hourly-ipv4,ziyadnz|hourly,2026-08-17T18:48:05Z,2026-08-17T18:48:05Z,
217.154.106.157,ipv4,malicious-ip,medium,WHITE,ziyadnz/hourly-ipv4,ziyadnz|hourly,2026-08-17T18:48:05Z,2026-08-17T18:48:05Z,
217.154.113.112,ipv4,malicious-ip,medium,WHITE,ziyadnz/hourly-ipv4,ziyadnz|hourly,2026-08-17T18:48:05Z,2026-08-17T18:48:05Z,
217.154.13.82,ipv4,malicious-ip,medium,WHITE,ziyadnz/hourly-ipv4,ziyadnz|hourly,2026-08-17T18:48:05Z,2026-08-17T18:48:05Z,
217.154.144.111,ipv4,malicious-ip,medium,WHITE,ziyadnz/hourly-ipv4,ziyadnz|hourly,2026-08-17T18:48:05Z,2026-08-17T18:48:05Z,
217.154.147.138,ipv4,malicious-ip,medium,WHITE,ziyadnz/hourly-ipv4,ziyadnz|hourly,2026-08-17T18:48:05Z,2026-08-17T18:48:05Z,
217.154.162.45,ipv4,malicious-ip,medium,WHITE,ziyadnz/hourly-ipv4,ziyadnz|hourly,2026-08-17T18:48:05Z,2026-08-17T18:48:05Z,
217.154.163.54,ipv4,malicious-ip,medium,WHITE,ziyadnz/hourly-ipv4,ziyadnz|hourly,2026-08-17T18:48:05Z,2026-08-17T18:48:05Z,
217.154.173.63,ipv4,malicious-ip,medium,WHITE,ziyadnz/hourly-ipv4,ziyadnz|hourly,2026-08-17T18:48:05Z,2026-08-17T18:48:05Z,
217.154.192.115,ipv4,malicious-ip,medium,WHITE,ziyadnz/hourly-ipv4,ziyadnz|hourly,2026-08-17T18:48:05Z,2026-08-17T18:48:05Z,
217.154.192.185,ipv4,malicious-ip,medium,WHITE,ziyadnz/hourly-ipv4,ziyadnz|hourly,2026-08-17T18:48:05Z,2026-08-17T18:48:05Z,
217.154.198.206,ipv4,malicious-ip,medium,WHITE,ziyadnz/hourly-ipv4,ziyadnz|hourly,2026-08-17T18:48:05Z,2026-08-17T18:48:05Z,
217.154.217.139,ipv4,malicious-ip,medium,WHITE,ziyadnz/hourly-ipv4,ziyadnz|hourly,2026-08-17T18:48:05Z,2026-08-17T18:48:05Z,
217.154.217.5,ipv4,malicious-ip,medium,WHITE,ziyadnz/hourly-ipv4,ziyadnz|hourly,2026-08-17T18:48:05Z,2026-08-17T18:48:05Z,
217.154.226.150,ipv4,malicious-ip,medium,WHITE,ziyadnz/hourly-ipv4,ziyadnz|hourly,2026-08-17T18:48:05Z,2026-08-17T18:48:05Z,
217.154.229.122,ipv4,malicious-ip,medium,WHITE,ziyadnz/hourly-ipv4,ziyadnz|hourly,2026-08-17T18:48:05Z,2026-08-17T18:48:05Z,
217.154.235.104,ipv4,malicious-ip,medium,WHITE,ziyadnz/hourly-ipv4,ziyadnz|hourly,2026-08-17T18:48:05Z,2026-08-17T18:48:05Z,
217.154.248.94,ipv4,malicious-ip,medium,WHITE,ziyadnz/hourly-ipv4,ziyadnz|hourly,2026-08-17T18:48:05Z,2026-08-17T18:48:05Z,
217.154.251.149,ipv4,malicious-ip,medium,WHITE,ziyadnz/hourly-ipv4,ziyadnz|hourly,2026-08-17T18:48:05Z,2026-08-17T18:48:05Z,
217.154.253.108,ipv4,malicious-ip,medium,WHITE,ziyadnz/hourly-ipv4,ziyadnz|hourly,2026-08-17T18:48:05Z,2026-08-17T18:48:05Z,
217.154.4.114,ipv4,malicious-ip,medium,WHITE,ziyadnz/hourly-ipv4,ziyadnz|hourly,2026-08-17T18:48:05Z,2026-08-17T18:48:05Z,
217.154.45.93,ipv4,malicious-ip,medium,WHITE,ziyadnz/hourly-ipv4,ziyadnz|hourly,2026-08-17T18:48:05Z,2026-08-17T18:48:05Z,
217.154.51.200,ipv4,malicious-ip,medium,WHITE,ziyadnz/hourly-ipv4,ziyadnz|hourly,2026-08-17T18:48:05Z,2026-08-17T18:48:05Z,
217.154.61.249,ipv4,malicious-ip,medium,WHITE,ziyadnz/hourly-ipv4,ziyadnz|hourly,2026-08-17T18:48:05Z,2026-08-17T18:48:05Z,
217.154.83.80,ipv4,malicious-ip,medium,WHITE,ziyadnz/hourly-ipv4,ziyadnz|hourly,2026-08-17T18:48:05Z,2026-08-17T18:48:05Z,
217.154.92.76,ipv4,malicious-ip,medium,WHITE,ziyadnz/hourly-ipv4,ziyadnz|hourly,2026-08-17T18:48:05Z,2026-08-17T18:48:05Z,
217.154.95.139,ipv4,malicious-ip,medium,WHITE,ziyadnz/hourly-ipv4,ziyadnz|hourly,2026-08-17T18:48:05Z,2026-08-17T18:48:05Z,
217.156.49.33,ipv4,malicious-ip,medium,WHITE,ziyadnz/hourly-ipv4,ziyadnz|hourly,2026-08-17T18:48:05Z,2026-08-17T18:48:05Z,
217.160.0.246,ipv4,malicious-ip,medium,WHITE,ziyadnz/hourly-ipv4,ziyadnz|hourly,2026-08-17T18:48:05Z,2026-08-17T18:48:05Z,
217.160.104.231,ipv4,malicious-ip,medium,WHITE,ziyadnz/hourly-ipv4,ziyadnz|hourly,2026-08-17T18:48:05Z,2026-08-17T18:48:05Z,
217.160.124.58,ipv4,malicious-ip,medium,WHITE,ziyadnz/hourly-ipv4,ziyadnz|hourly,2026-08-17T18:48:05Z,2026-08-17T18:48:05Z,
217.160.125.125,ipv4,malicious-ip,medium,WHITE,ziyadnz/hourly-ipv4,ziyadnz|hourly,2026-08-17T18:48:05Z,2026-08-17T18:48:05Z,
217.160.136.123,ipv4,malicious-ip,medium,WHITE,ziyadnz/hourly-ipv4,ziyadnz|hourly,2026-08-17T18:48:05Z,2026-08-17T18:48:05Z,
217.160.136.33,ipv4,malicious-ip,medium,WHITE,ziyadnz/hourly-ipv4,ziyadnz|hourly,2026-08-17T18:48:05Z,2026-08-17T18:48:05Z,
217.160.190.176,ipv4,malicious-ip,medium,WHITE,ziyadnz/hourly-ipv4,ziyadnz|hourly,2026-08-17T18:48:05Z,2026-08-17T18:48:05Z,
217.160.194.102,ipv4,malicious-ip,medium,WHITE,ziyadnz/hourly-ipv4,ziyadnz|hourly,2026-08-17T18:48:05Z,2026-08-17T18:48:05Z,
217.160.204.180,ipv4,malicious-ip,medium,WHITE,ziyadnz/hourly-ipv4,ziyadnz|hourly,2026-08-17T18:48:05Z,2026-08-17T18:48:05Z,
217.160.234.117,ipv4,malicious-ip,medium,WHITE,ziyadnz/hourly-ipv4,ziyadnz|hourly,2026-08-17T18:48:05Z,2026-08-17T18:48:05Z,
217.160.24.45,ipv4,malicious-ip,medium,WHITE,ziyadnz/hourly-ipv4,ziyadnz|hourly,2026-08-17T18:48:05Z,2026-08-17T18:48:05Z,
217.160.24.49,ipv4,malicious-ip,medium,WHITE,ziyadnz/hourly-ipv4,ziyadnz|hourly,2026-08-17T18:48:05Z,2026-08-17T18:48:05Z,
217.160.246.125,ipv4,malicious-ip,medium,WHITE,ziyadnz/hourly-ipv4,ziyadnz|hourly,2026-08-17T18:48:05Z,2026-08-17T18:48:05Z,
217.160.247.14,ipv4,malicious-ip,medium,WHITE,ziyadnz/hourly-ipv4,ziyadnz|hourly,2026-08-17T18:48:05Z,2026-08-17T18:48:05Z,
217.160.254.79,ipv4,malicious-ip,medium,WHITE,ziyadnz/hourly-ipv4,ziyadnz|hourly,2026-08-17T18:48:05Z,2026-08-17T18:48:05Z,
217.160.3.46,ipv4,malicious-ip,medium,WHITE,ziyadnz/hourly-ipv4,ziyadnz|hourly,2026-08-17T18:48:05Z,2026-08-17T18:48:05Z,
217.160.33.111,ipv4,malicious-ip,medium,WHITE,ziyadnz/hourly-ipv4,ziyadnz|hourly,2026-08-17T18:48:05Z,2026-08-17T18:48:05Z,
217.160.68.87,ipv4,malicious-ip,medium,WHITE,ziyadnz/hourly-ipv4,ziyadnz|hourly,2026-08-17T18:48:05Z,2026-08-17T18:48:05Z,
217.160.88.29,ipv4,malicious-ip,medium,WHITE,ziyadnz/hourly-ipv4,ziyadnz|hourly,2026-08-17T18:48:05Z,2026-08-17T18:48:05Z,
217.163.29.84,ipv4,malicious-ip,medium,WHITE,ziyadnz/hourly-ipv4,ziyadnz|hourly,2026-08-17T18:48:05Z,2026-08-17T18:48:05Z,
217.165.11.213,ipv4,malicious-ip,medium,WHITE,ziyadnz/hourly-ipv4,ziyadnz|hourly,2026-08-17T18:48:05Z,2026-08-17T18:48:05Z,
217.165.124.215,ipv4,malicious-ip,medium,WHITE,ziyadnz/hourly-ipv4,ziyadnz|hourly,2026-08-17T18:48:05Z,2026-08-17T18:48:05Z,
217.165.124.222,ipv4,malicious-ip,medium,WHITE,ziyadnz/hourly-ipv4,ziyadnz|hourly,2026-08-17T18:48:05Z,2026-08-17T18:48:05Z,
217.165.146.79,ipv4,malicious-ip,medium,WHITE,ziyadnz/hourly-ipv4,ziyadnz|hourly,2026-08-17T18:48:05Z,2026-08-17T18:48:05Z,
217.165.157.202,ipv4,malicious-ip,medium,WHITE,ziyadnz/hourly-ipv4,ziyadnz|hourly,2026-08-17T18:48:05Z,2026-08-17T18:48:05Z,
217.165.167.186,ipv4,malicious-ip,medium,WHITE,ziyadnz/hourly-ipv4,ziyadnz|hourly,2026-08-17T18:48:05Z,2026-08-17T18:48:05Z,
217.165.167.70,ipv4,malicious-ip,medium,WHITE,ziyadnz/hourly-ipv4,ziyadnz|hourly,2026-08-17T18:48:05Z,2026-08-17T18:48:05Z,
217.165.195.120,ipv4,malicious-ip,medium,WHITE,ziyadnz/hourly-ipv4,ziyadnz|hourly,2026-08-17T18:48:05Z,2026-08-17T18:48:05Z,
217.165.22.192,ipv4,malicious-ip,medium,WHITE,ziyadnz/hourly-ipv4,ziyadnz|hourly,2026-08-17T18:48:05Z,2026-08-17T18:48:05Z,
217.165.229.175,ipv4,malicious-ip,medium,WHITE,ziyadnz/hourly-ipv4,ziyadnz|hourly,2026-08-17T18:48:05Z,2026-08-17T18:48:05Z,
217.165.238.126,ipv4,malicious-ip,medium,WHITE,ziyadnz/hourly-ipv4,ziyadnz|hourly,2026-08-17T18:48:05Z,2026-08-17T18:48:05Z,
217.165.241.155,ipv4,malicious-ip,medium,WHITE,ziyadnz/hourly-ipv4,ziyadnz|hourly,2026-08-17T18:48:05Z,2026-08-17T18:48:05Z,
217.165.57.201,ipv4,malicious-ip,medium,WHITE,ziyadnz/hourly-ipv4,ziyadnz|hourly,2026-08-17T18:48:05Z,2026-08-17T18:48:05Z,
217.165.86.44,ipv4,malicious-ip,medium,WHITE,ziyadnz/hourly-ipv4,ziyadnz|hourly,2026-08-17T18:48:05Z,2026-08-17T18:48:05Z,
217.168.128.146,ipv4,malicious-ip,medium,WHITE,ziyadnz/hourly-ipv4,ziyadnz|hourly,2026-08-17T18:48:05Z,2026-08-17T18:48:05Z,
217.168.240.63,ipv4,malicious-ip,medium,WHITE,ziyadnz/hourly-ipv4,ziyadnz|hourly,2026-08-17T18:48:05Z,2026-08-17T18:48:05Z,
217.17.108.179,ipv4,malicious-ip,medium,WHITE,ziyadnz/hourly-ipv4,ziyadnz|hourly,2026-08-17T18:48:05Z,2026-08-17T18:48:05Z,
217.173.31.74,ipv4,malicious-ip,medium,WHITE,ziyadnz/hourly-ipv4,ziyadnz|hourly,2026-08-17T18:48:05Z,2026-08-17T18:48:05Z,
217.174.245.14,ipv4,malicious-ip,medium,WHITE,ziyadnz/hourly-ipv4,ziyadnz|hourly,2026-08-17T18:48:05Z,2026-08-17T18:48:05Z,
217.18.63.132,ipv4,malicious-ip,medium,WHITE,ziyadnz/hourly-ipv4,ziyadnz|hourly,2026-08-17T18:48:05Z,2026-08-17T18:48:05Z,
217.181.82.229,ipv4,malicious-ip,medium,WHITE,ziyadnz/hourly-ipv4,ziyadnz|hourly,2026-08-17T18:48:05Z,2026-08-17T18:48:05Z,
217.181.83.21,ipv4,malicious-ip,medium,WHITE,ziyadnz/hourly-ipv4,ziyadnz|hourly,2026-08-17T18:48:05Z,2026-08-17T18:48:05Z,
217.181.83.240,ipv4,malicious-ip,medium,WHITE,ziyadnz/hourly-ipv4,ziyadnz|hourly,2026-08-17T18:48:05Z,2026-08-17T18:48:05Z,
217.182.136.43,ipv4,malicious-ip,medium,WHITE,ziyadnz/hourly-ipv4,ziyadnz|hourly,2026-08-17T18:48:05Z,2026-08-17T18:48:05Z,
217.182.194.16,ipv4,malicious-ip,medium,WHITE,ziyadnz/hourly-ipv4,ziyadnz|hourly,2026-08-17T18:48:05Z,2026-08-17T18:48:05Z,
217.182.204.9,ipv4,malicious-ip,medium,WHITE,ziyadnz/hourly-ipv4,ziyadnz|hourly,2026-08-17T18:48:05Z,2026-08-17T18:48:05Z,
217.182.205.238,ipv4,malicious-ip,medium,WHITE,ziyadnz/hourly-ipv4,ziyadnz|hourly,2026-08-17T18:48:05Z,2026-08-17T18:48:05Z,
217.182.207.79,ipv4,malicious-ip,medium,WHITE,ziyadnz/hourly-ipv4,ziyadnz|hourly,2026-08-17T18:48:05Z,2026-08-17T18:48:05Z,
217.182.78.185,ipv4,malicious-ip,medium,WHITE,ziyadnz/hourly-ipv4,ziyadnz|hourly,2026-08-17T18:48:05Z,2026-08-17T18:48:05Z,
217.183.25.72,ipv4,malicious-ip,medium,WHITE,ziyadnz/hourly-ipv4,ziyadnz|hourly,2026-08-17T18:48:05Z,2026-08-17T18:48:05Z,
217.19.214.244,ipv4,malicious-ip,medium,WHITE,ziyadnz/hourly-ipv4,ziyadnz|hourly,2026-08-17T18:48:05Z,2026-08-17T18:48:05Z,
217.19.215.95,ipv4,malicious-ip,medium,WHITE,ziyadnz/hourly-ipv4,ziyadnz|hourly,2026-08-17T18:48:05Z,2026-08-17T18:48:05Z,
217.195.153.209,ipv4,malicious-ip,medium,WHITE,ziyadnz/hourly-ipv4,ziyadnz|hourly,2026-08-17T18:48:05Z,2026-08-17T18:48:05Z,
217.195.153.233,ipv4,malicious-ip,medium,WHITE,ziyadnz/hourly-ipv4,ziyadnz|hourly,2026-08-17T18:48:05Z,2026-08-17T18:48:05Z,
217.195.153.81,ipv4,malicious-ip,medium,WHITE,ziyadnz/hourly-ipv4,ziyadnz|hourly,2026-08-17T18:48:05Z,2026-08-17T18:48:05Z,
217.195.195.250,ipv4,malicious-ip,medium,WHITE,ziyadnz/hourly-ipv4,ziyadnz|hourly,2026-08-17T18:48:05Z,2026-08-17T18:48:05Z,
217.195.197.172,ipv4,malicious-ip,medium,WHITE,ziyadnz/hourly-ipv4,ziyadnz|hourly,2026-08-17T18:48:05Z,2026-08-17T18:48:05Z,
217.195.197.60,ipv4,malicious-ip,medium,WHITE,ziyadnz/hourly-ipv4,ziyadnz|hourly,2026-08-17T18:48:05Z,2026-08-17T18:48:05Z,
217.196.107.56,ipv4,malicious-ip,medium,WHITE,ziyadnz/hourly-ipv4,ziyadnz|hourly,2026-08-17T18:48:05Z,2026-08-17T18:48:05Z,
217.196.163.136,ipv4,malicious-ip,medium,WHITE,ziyadnz/hourly-ipv4,ziyadnz|hourly,2026-08-17T18:48:05Z,2026-08-17T18:48:05Z,
217.196.163.210,ipv4,malicious-ip,medium,WHITE,ziyadnz/hourly-ipv4,ziyadnz|hourly,2026-08-17T18:48:05Z,2026-08-17T18:48:05Z,
217.196.163.82,ipv4,malicious-ip,medium,WHITE,ziyadnz/hourly-ipv4,ziyadnz|hourly,2026-08-17T18:48:05Z,2026-08-17T18:48:05Z,
217.196.164.112,ipv4,malicious-ip,medium,WHITE,ziyadnz/hourly-ipv4,ziyadnz|hourly,2026-08-17T18:48:05Z,2026-08-17T18:48:05Z,
217.196.164.167,ipv4,malicious-ip,medium,WHITE,ziyadnz/hourly-ipv4,ziyadnz|hourly,2026-08-17T18:48:05Z,2026-08-17T18:48:05Z,
217.196.165.158,ipv4,malicious-ip,medium,WHITE,ziyadnz/hourly-ipv4,ziyadnz|hourly,2026-08-17T18:48:05Z,2026-08-17T18:48:05Z,
217.196.165.170,ipv4,malicious-ip,medium,WHITE,ziyadnz/hourly-ipv4,ziyadnz|hourly,2026-08-17T18:48:05Z,2026-08-17T18:48:05Z,
217.196.165.175,ipv4,malicious-ip,medium,WHITE,ziyadnz/hourly-ipv4,ziyadnz|hourly,2026-08-17T18:48:05Z,2026-08-17T18:48:05Z,
217.196.165.191,ipv4,malicious-ip,medium,WHITE,ziyadnz/hourly-ipv4,ziyadnz|hourly,2026-08-17T18:48:05Z,2026-08-17T18:48:05Z,
217.196.165.2,ipv4,malicious-ip,medium,WHITE,ziyadnz/hourly-ipv4,ziyadnz|hourly,2026-08-17T18:48:05Z,2026-08-17T18:48:05Z,
217.196.165.67,ipv4,malicious-ip,medium,WHITE,ziyadnz/hourly-ipv4,ziyadnz|hourly,2026-08-17T18:48:05Z,2026-08-17T18:48:05Z,
217.196.30.25,ipv4,malicious-ip,medium,WHITE,ziyadnz/hourly-ipv4,ziyadnz|hourly,2026-08-17T18:48:05Z,2026-08-17T18:48:05Z,
217.196.96.11,ipv4,malicious-ip,medium,WHITE,ziyadnz/hourly-ipv4,ziyadnz|hourly,2026-08-17T18:48:05Z,2026-08-17T18:48:05Z,
217.197.236.114,ipv4,malicious-ip,medium,WHITE,ziyadnz/hourly-ipv4,ziyadnz|hourly,2026-08-17T18:48:05Z,2026-08-17T18:48:05Z,
217.198.13.211,ipv4,malicious-ip,medium,WHITE,ziyadnz/hourly-ipv4,ziyadnz|hourly,2026-08-17T18:48:05Z,2026-08-17T18:48:05Z,
217.198.191.197,ipv4,malicious-ip,medium,WHITE,ziyadnz/hourly-ipv4,ziyadnz|hourly,2026-08-17T18:48:05Z,2026-08-17T18:48:05Z,
217.199.144.0,ipv4,malicious-ip,medium,WHITE,ziyadnz/hourly-ipv4,ziyadnz|hourly,2026-08-17T18:48:05Z,2026-08-17T18:48:05Z,
217.199.144.124,ipv4,malicious-ip,medium,WHITE,ziyadnz/hourly-ipv4,ziyadnz|hourly,2026-08-17T18:48:05Z,2026-08-17T18:48:05Z,
217.199.144.34,ipv4,malicious-ip,medium,WHITE,ziyadnz/hourly-ipv4,ziyadnz|hourly,2026-08-17T18:48:05Z,2026-08-17T18:48:05Z,
217.199.144.42,ipv4,malicious-ip,medium,WHITE,ziyadnz/hourly-ipv4,ziyadnz|hourly,2026-08-17T18:48:05Z,2026-08-17T18:48:05Z,
217.199.144.44,ipv4,malicious-ip,medium,WHITE,ziyadnz/hourly-ipv4,ziyadnz|hourly,2026-08-17T18:48:05Z,2026-08-17T18:48:05Z,
217.199.144.47,ipv4,malicious-ip,medium,WHITE,ziyadnz/hourly-ipv4,ziyadnz|hourly,2026-08-17T18:48:05Z,2026-08-17T18:48:05Z,
217.199.144.48,ipv4,malicious-ip,medium,WHITE,ziyadnz/hourly-ipv4,ziyadnz|hourly,2026-08-17T18:48:05Z,2026-08-17T18:48:05Z,
217.199.144.53,ipv4,malicious-ip,medium,WHITE,ziyadnz/hourly-ipv4,ziyadnz|hourly,2026-08-17T18:48:05Z,2026-08-17T18:48:05Z,
217.199.144.56,ipv4,malicious-ip,medium,WHITE,ziyadnz/hourly-ipv4,ziyadnz|hourly,2026-08-17T18:48:05Z,2026-08-17T18:48:05Z,
217.199.148.226,ipv4,malicious-ip,medium,WHITE,ziyadnz/hourly-ipv4,ziyadnz|hourly,2026-08-17T18:48:05Z,2026-08-17T18:48:05Z,
217.199.148.228,ipv4,malicious-ip,medium,WHITE,ziyadnz/hourly-ipv4,ziyadnz|hourly,2026-08-17T18:48:05Z,2026-08-17T18:48:05Z,
217.199.148.238,ipv4,malicious-ip,medium,WHITE,ziyadnz/hourly-ipv4,ziyadnz|hourly,2026-08-17T18:48:05Z,2026-08-17T18:48:05Z,
217.199.148.240,ipv4,malicious-ip,medium,WHITE,ziyadnz/hourly-ipv4,ziyadnz|hourly,2026-08-17T18:48:05Z,2026-08-17T18:48:05Z,
217.199.148.244,ipv4,malicious-ip,medium,WHITE,ziyadnz/hourly-ipv4,ziyadnz|hourly,2026-08-17T18:48:05Z,2026-08-17T18:48:05Z,
217.199.148.247,ipv4,malicious-ip,medium,WHITE,ziyadnz/hourly-ipv4,ziyadnz|hourly,2026-08-17T18:48:05Z,2026-08-17T18:48:05Z,
217.199.148.249,ipv4,malicious-ip,medium,WHITE,ziyadnz/hourly-ipv4,ziyadnz|hourly,2026-08-17T18:48:05Z,2026-08-17T18:48:05Z,
217.199.199.250,ipv4,malicious-ip,medium,WHITE,ziyadnz/hourly-ipv4,ziyadnz|hourly,2026-08-17T18:48:05Z,2026-08-17T18:48:05Z,
217.202.29.1,ipv4,malicious-ip,medium,WHITE,ziyadnz/hourly-ipv4,ziyadnz|hourly,2026-08-17T18:48:05Z,2026-08-17T18:48:05Z,
217.209.13.98,ipv4,malicious-ip,medium,WHITE,ziyadnz/hourly-ipv4,ziyadnz|hourly,2026-08-17T18:48:05Z,2026-08-17T18:48:05Z,
217.21.210.119,ipv4,malicious-ip,medium,WHITE,ziyadnz/hourly-ipv4,ziyadnz|hourly,2026-08-17T18:48:05Z,2026-08-17T18:48:05Z,
217.21.39.126,ipv4,malicious-ip,medium,WHITE,ziyadnz/hourly-ipv4,ziyadnz|hourly,2026-08-17T18:48:05Z,2026-08-17T18:48:05Z,
217.211.0.22,ipv4,malicious-ip,medium,WHITE,ziyadnz/hourly-ipv4,ziyadnz|hourly,2026-08-17T18:48:05Z,2026-08-17T18:48:05Z,
217.216.111.63,ipv4,malicious-ip,medium,WHITE,ziyadnz/hourly-ipv4,ziyadnz|hourly,2026-08-17T18:48:05Z,2026-08-17T18:48:05Z,
217.216.33.18,ipv4,malicious-ip,medium,WHITE,ziyadnz/hourly-ipv4,ziyadnz|hourly,2026-08-17T18:48:05Z,2026-08-17T18:48:05Z,
217.216.78.157,ipv4,malicious-ip,medium,WHITE,ziyadnz/hourly-ipv4,ziyadnz|hourly,2026-08-17T18:48:05Z,2026-08-17T18:48:05Z,
217.216.85.180,ipv4,malicious-ip,medium,WHITE,ziyadnz/hourly-ipv4,ziyadnz|hourly,2026-08-17T18:48:05Z,2026-08-17T18:48:05Z,
217.217.252.98,ipv4,malicious-ip,medium,WHITE,ziyadnz/hourly-ipv4,ziyadnz|hourly,2026-08-17T18:48:05Z,2026-08-17T18:48:05Z,
217.217.253.186,ipv4,malicious-ip,medium,WHITE,ziyadnz/hourly-ipv4,ziyadnz|hourly,2026-08-17T18:48:05Z,2026-08-17T18:48:05Z,
217.217.97.106,ipv4,malicious-ip,medium,WHITE,ziyadnz/hourly-ipv4,ziyadnz|hourly,2026-08-17T18:48:05Z,2026-08-17T18:48:05Z,
217.218.224.214,ipv4,malicious-ip,medium,WHITE,ziyadnz/hourly-ipv4,ziyadnz|hourly,2026-08-17T18:48:05Z,2026-08-17T18:48:05Z,
217.218.31.153,ipv4,malicious-ip,medium,WHITE,ziyadnz/hourly-ipv4,ziyadnz|hourly,2026-08-17T18:48:05Z,2026-08-17T18:48:05Z,
217.219.166.226,ipv4,malicious-ip,medium,WHITE,ziyadnz/hourly-ipv4,ziyadnz|hourly,2026-08-17T18:48:05Z,2026-08-17T18:48:05Z,
217.219.186.2,ipv4,malicious-ip,medium,WHITE,ziyadnz/hourly-ipv4,ziyadnz|hourly,2026-08-17T18:48:05Z,2026-08-17T18:48:05Z,
217.219.194.219,ipv4,malicious-ip,medium,WHITE,ziyadnz/hourly-ipv4,ziyadnz|hourly,2026-08-17T18:48:05Z,2026-08-17T18:48:05Z,
217.23.6.51,ipv4,malicious-ip,medium,WHITE,ziyadnz/hourly-ipv4,ziyadnz|hourly,2026-08-17T18:48:05Z,2026-08-17T18:48:05Z,
217.23.9.168,ipv4,malicious-ip,medium,WHITE,ziyadnz/hourly-ipv4,ziyadnz|hourly,2026-08-17T18:48:05Z,2026-08-17T18:48:05Z,
217.233.228.238,ipv4,malicious-ip,medium,WHITE,ziyadnz/hourly-ipv4,ziyadnz|hourly,2026-08-17T18:48:05Z,2026-08-17T18:48:05Z,
217.234.86.159,ipv4,malicious-ip,medium,WHITE,ziyadnz/hourly-ipv4,ziyadnz|hourly,2026-08-17T18:48:05Z,2026-08-17T18:48:05Z,
217.24.168.208,ipv4,malicious-ip,medium,WHITE,ziyadnz/hourly-ipv4,ziyadnz|hourly,2026-08-17T18:48:05Z,2026-08-17T18:48:05Z,
217.24.185.98,ipv4,malicious-ip,medium,WHITE,ziyadnz/hourly-ipv4,ziyadnz|hourly,2026-08-17T18:48:05Z,2026-08-17T18:48:05Z,
217.25.16.181,ipv4,malicious-ip,medium,WHITE,ziyadnz/hourly-ipv4,ziyadnz|hourly,2026-08-17T18:48:05Z,2026-08-17T18:48:05Z,
217.25.82.0,ipv4,malicious-ip,medium,WHITE,ziyadnz/hourly-ipv4,ziyadnz|hourly,2026-08-17T18:48:05Z,2026-08-17T18:48:05Z,
217.25.82.12,ipv4,malicious-ip,medium,WHITE,ziyadnz/hourly-ipv4,ziyadnz|hourly,2026-08-17T18:48:05Z,2026-08-17T18:48:05Z,
217.25.82.202,ipv4,malicious-ip,medium,WHITE,ziyadnz/hourly-ipv4,ziyadnz|hourly,2026-08-17T18:48:05Z,2026-08-17T18:48:05Z,
217.25.82.205,ipv4,malicious-ip,medium,WHITE,ziyadnz/hourly-ipv4,ziyadnz|hourly,2026-08-17T18:48:05Z,2026-08-17T18:48:05Z,
217.25.82.207,ipv4,malicious-ip,medium,WHITE,ziyadnz/hourly-ipv4,ziyadnz|hourly,2026-08-17T18:48:05Z,2026-08-17T18:48:05Z,
217.25.82.220,ipv4,malicious-ip,medium,WHITE,ziyadnz/hourly-ipv4,ziyadnz|hourly,2026-08-17T18:48:05Z,2026-08-17T18:48:05Z,
217.25.82.241,ipv4,malicious-ip,medium,WHITE,ziyadnz/hourly-ipv4,ziyadnz|hourly,2026-08-17T18:48:05Z,2026-08-17T18:48:05Z,
217.25.82.52,ipv4,malicious-ip,medium,WHITE,ziyadnz/hourly-ipv4,ziyadnz|hourly,2026-08-17T18:48:05Z,2026-08-17T18:48:05Z,
217.25.82.9,ipv4,malicious-ip,medium,WHITE,ziyadnz/hourly-ipv4,ziyadnz|hourly,2026-08-17T18:48:05Z,2026-08-17T18:48:05Z,
217.25.83.0,ipv4,malicious-ip,medium,WHITE,ziyadnz/hourly-ipv4,ziyadnz|hourly,2026-08-17T18:48:05Z,2026-08-17T18:48:05Z,
217.25.83.136,ipv4,malicious-ip,medium,WHITE,ziyadnz/hourly-ipv4,ziyadnz|hourly,2026-08-17T18:48:05Z,2026-08-17T18:48:05Z,
217.25.83.245,ipv4,malicious-ip,medium,WHITE,ziyadnz/hourly-ipv4,ziyadnz|hourly,2026-08-17T18:48:05Z,2026-08-17T18:48:05Z,
217.25.83.49,ipv4,malicious-ip,medium,WHITE,ziyadnz/hourly-ipv4,ziyadnz|hourly,2026-08-17T18:48:05Z,2026-08-17T18:48:05Z,
217.25.83.55,ipv4,malicious-ip,medium,WHITE,ziyadnz/hourly-ipv4,ziyadnz|hourly,2026-08-17T18:48:05Z,2026-08-17T18:48:05Z,
217.25.83.76,ipv4,malicious-ip,medium,WHITE,ziyadnz/hourly-ipv4,ziyadnz|hourly,2026-08-17T18:48:05Z,2026-08-17T18:48:05Z,
217.25.83.98,ipv4,malicious-ip,medium,WHITE,ziyadnz/hourly-ipv4,ziyadnz|hourly,2026-08-17T18:48:05Z,2026-08-17T18:48:05Z,
217.25.91.61,ipv4,malicious-ip,medium,WHITE,ziyadnz/hourly-ipv4,ziyadnz|hourly,2026-08-17T18:48:05Z,2026-08-17T18:48:05Z,
217.26.178.0,ipv4,malicious-ip,medium,WHITE,ziyadnz/hourly-ipv4,ziyadnz|hourly,2026-08-17T18:48:05Z,2026-08-17T18:48:05Z,
217.26.178.103,ipv4,malicious-ip,medium,WHITE,ziyadnz/hourly-ipv4,ziyadnz|hourly,2026-08-17T18:48:05Z,2026-08-17T18:48:05Z,
217.26.178.111,ipv4,malicious-ip,medium,WHITE,ziyadnz/hourly-ipv4,ziyadnz|hourly,2026-08-17T18:48:05Z,2026-08-17T18:48:05Z,
217.26.178.121,ipv4,malicious-ip,medium,WHITE,ziyadnz/hourly-ipv4,ziyadnz|hourly,2026-08-17T18:48:05Z,2026-08-17T18:48:05Z,
217.26.178.122,ipv4,malicious-ip,medium,WHITE,ziyadnz/hourly-ipv4,ziyadnz|hourly,2026-08-17T18:48:05Z,2026-08-17T18:48:05Z,
217.26.178.139,ipv4,malicious-ip,medium,WHITE,ziyadnz/hourly-ipv4,ziyadnz|hourly,2026-08-17T18:48:05Z,2026-08-17T18:48:05Z,
217.26.178.143,ipv4,malicious-ip,medium,WHITE,ziyadnz/hourly-ipv4,ziyadnz|hourly,2026-08-17T18:48:05Z,2026-08-17T18:48:05Z,
217.26.178.147,ipv4,malicious-ip,medium,WHITE,ziyadnz/hourly-ipv4,ziyadnz|hourly,2026-08-17T18:48:05Z,2026-08-17T18:48:05Z,
217.26.178.152,ipv4,malicious-ip,medium,WHITE,ziyadnz/hourly-ipv4,ziyadnz|hourly,2026-08-17T18:48:05Z,2026-08-17T18:48:05Z,
217.26.178.155,ipv4,malicious-ip,medium,WHITE,ziyadnz/hourly-ipv4,ziyadnz|hourly,2026-08-17T18:48:05Z,2026-08-17T18:48:05Z,
217.26.178.156,ipv4,malicious-ip,medium,WHITE,ziyadnz/hourly-ipv4,ziyadnz|hourly,2026-08-17T18:48:05Z,2026-08-17T18:48:05Z,
217.26.178.167,ipv4,malicious-ip,medium,WHITE,ziyadnz/hourly-ipv4,ziyadnz|hourly,2026-08-17T18:48:05Z,2026-08-17T18:48:05Z,
217.26.178.20,ipv4,malicious-ip,medium,WHITE,ziyadnz/hourly-ipv4,ziyadnz|hourly,2026-08-17T18:48:05Z,2026-08-17T18:48:05Z,
217.26.178.3,ipv4,malicious-ip,medium,WHITE,ziyadnz/hourly-ipv4,ziyadnz|hourly,2026-08-17T18:48:05Z,2026-08-17T18:48:05Z,
217.26.179.0,ipv4,malicious-ip,medium,WHITE,ziyadnz/hourly-ipv4,ziyadnz|hourly,2026-08-17T18:48:05Z,2026-08-17T18:48:05Z,
217.26.179.104,ipv4,malicious-ip,medium,WHITE,ziyadnz/hourly-ipv4,ziyadnz|hourly,2026-08-17T18:48:05Z,2026-08-17T18:48:05Z,
217.26.179.118,ipv4,malicious-ip,medium,WHITE,ziyadnz/hourly-ipv4,ziyadnz|hourly,2026-08-17T18:48:05Z,2026-08-17T18:48:05Z,
217.26.179.127,ipv4,malicious-ip,medium,WHITE,ziyadnz/hourly-ipv4,ziyadnz|hourly,2026-08-17T18:48:05Z,2026-08-17T18:48:05Z,
217.26.179.131,ipv4,malicious-ip,medium,WHITE,ziyadnz/hourly-ipv4,ziyadnz|hourly,2026-08-17T18:48:05Z,2026-08-17T18:48:05Z,
217.26.179.140,ipv4,malicious-ip,medium,WHITE,ziyadnz/hourly-ipv4,ziyadnz|hourly,2026-08-17T18:48:05Z,2026-08-17T18:48:05Z,
217.26.179.142,ipv4,malicious-ip,medium,WHITE,ziyadnz/hourly-ipv4,ziyadnz|hourly,2026-08-17T18:48:05Z,2026-08-17T18:48:05Z,
217.26.179.150,ipv4,malicious-ip,medium,WHITE,ziyadnz/hourly-ipv4,ziyadnz|hourly,2026-08-17T18:48:05Z,2026-08-17T18:48:05Z,
217.26.179.168,ipv4,malicious-ip,medium,WHITE,ziyadnz/hourly-ipv4,ziyadnz|hourly,2026-08-17T18:48:05Z,2026-08-17T18:48:05Z,
217.26.179.172,ipv4,malicious-ip,medium,WHITE,ziyadnz/hourly-ipv4,ziyadnz|hourly,2026-08-17T18:48:05Z,2026-08-17T18:48:05Z,
217.26.179.176,ipv4,malicious-ip,medium,WHITE,ziyadnz/hourly-ipv4,ziyadnz|hourly,2026-08-17T18:48:05Z,2026-08-17T18:48:05Z,
217.26.179.184,ipv4,malicious-ip,medium,WHITE,ziyadnz/hourly-ipv4,ziyadnz|hourly,2026-08-17T18:48:05Z,2026-08-17T18:48:05Z,
217.26.179.207,ipv4,malicious-ip,medium,WHITE,ziyadnz/hourly-ipv4,ziyadnz|hourly,2026-08-17T18:48:05Z,2026-08-17T18:48:05Z,
217.26.179.21,ipv4,malicious-ip,medium,WHITE,ziyadnz/hourly-ipv4,ziyadnz|hourly,2026-08-17T18:48:05Z,2026-08-17T18:48:05Z,
217.26.179.215,ipv4,malicious-ip,medium,WHITE,ziyadnz/hourly-ipv4,ziyadnz|hourly,2026-08-17T18:48:05Z,2026-08-17T18:48:05Z,
217.26.179.221,ipv4,malicious-ip,medium,WHITE,ziyadnz/hourly-ipv4,ziyadnz|hourly,2026-08-17T18:48:05Z,2026-08-17T18:48:05Z,
217.26.179.243,ipv4,malicious-ip,medium,WHITE,ziyadnz/hourly-ipv4,ziyadnz|hourly,2026-08-17T18:48:05Z,2026-08-17T18:48:05Z,
217.26.179.25,ipv4,malicious-ip,medium,WHITE,ziyadnz/hourly-ipv4,ziyadnz|hourly,2026-08-17T18:48:05Z,2026-08-17T18:48:05Z,
217.26.179.250,ipv4,malicious-ip,medium,WHITE,ziyadnz/hourly-ipv4,ziyadnz|hourly,2026-08-17T18:48:05Z,2026-08-17T18:48:05Z,
217.26.179.26,ipv4,malicious-ip,medium,WHITE,ziyadnz/hourly-ipv4,ziyadnz|hourly,2026-08-17T18:48:05Z,2026-08-17T18:48:05Z,
217.26.179.35,ipv4,malicious-ip,medium,WHITE,ziyadnz/hourly-ipv4,ziyadnz|hourly,2026-08-17T18:48:05Z,2026-08-17T18:48:05Z,
217.26.179.42,ipv4,malicious-ip,medium,WHITE,ziyadnz/hourly-ipv4,ziyadnz|hourly,2026-08-17T18:48:05Z,2026-08-17T18:48:05Z,
217.26.179.49,ipv4,malicious-ip,medium,WHITE,ziyadnz/hourly-ipv4,ziyadnz|hourly,2026-08-17T18:48:05Z,2026-08-17T18:48:05Z,
217.26.179.5,ipv4,malicious-ip,medium,WHITE,ziyadnz/hourly-ipv4,ziyadnz|hourly,2026-08-17T18:48:05Z,2026-08-17T18:48:05Z,
217.26.179.54,ipv4,malicious-ip,medium,WHITE,ziyadnz/hourly-ipv4,ziyadnz|hourly,2026-08-17T18:48:05Z,2026-08-17T18:48:05Z,
217.26.179.56,ipv4,malicious-ip,medium,WHITE,ziyadnz/hourly-ipv4,ziyadnz|hourly,2026-08-17T18:48:05Z,2026-08-17T18:48:05Z,
217.26.179.67,ipv4,malicious-ip,medium,WHITE,ziyadnz/hourly-ipv4,ziyadnz|hourly,2026-08-17T18:48:05Z,2026-08-17T18:48:05Z,
217.26.179.68,ipv4,malicious-ip,medium,WHITE,ziyadnz/hourly-ipv4,ziyadnz|hourly,2026-08-17T18:48:05Z,2026-08-17T18:48:05Z,
217.26.179.70,ipv4,malicious-ip,medium,WHITE,ziyadnz/hourly-ipv4,ziyadnz|hourly,2026-08-17T18:48:05Z,2026-08-17T18:48:05Z,
217.26.179.71,ipv4,malicious-ip,medium,WHITE,ziyadnz/hourly-ipv4,ziyadnz|hourly,2026-08-17T18:48:05Z,2026-08-17T18:48:05Z,
217.26.179.75,ipv4,malicious-ip,medium,WHITE,ziyadnz/hourly-ipv4,ziyadnz|hourly,2026-08-17T18:48:05Z,2026-08-17T18:48:05Z,
217.26.179.84,ipv4,malicious-ip,medium,WHITE,ziyadnz/hourly-ipv4,ziyadnz|hourly,2026-08-17T18:48:05Z,2026-08-17T18:48:05Z,
217.26.179.86,ipv4,malicious-ip,medium,WHITE,ziyadnz/hourly-ipv4,ziyadnz|hourly,2026-08-17T18:48:05Z,2026-08-17T18:48:05Z,
217.26.179.88,ipv4,malicious-ip,medium,WHITE,ziyadnz/hourly-ipv4,ziyadnz|hourly,2026-08-17T18:48:05Z,2026-08-17T18:48:05Z,
217.26.179.94,ipv4,malicious-ip,medium,WHITE,ziyadnz/hourly-ipv4,ziyadnz|hourly,2026-08-17T18:48:05Z,2026-08-17T18:48:05Z,
217.26.179.99,ipv4,malicious-ip,medium,WHITE,ziyadnz/hourly-ipv4,ziyadnz|hourly,2026-08-17T18:48:05Z,2026-08-17T18:48:05Z,
217.26.53.157,ipv4,malicious-ip,medium,WHITE,ziyadnz/hourly-ipv4,ziyadnz|hourly,2026-08-17T18:48:05Z,2026-08-17T18:48:05Z,
217.26.60.46,ipv4,malicious-ip,medium,WHITE,ziyadnz/hourly-ipv4,ziyadnz|hourly,2026-08-17T18:48:05Z,2026-08-17T18:48:05Z,
217.28.132.36,ipv4,malicious-ip,medium,WHITE,ziyadnz/hourly-ipv4,ziyadnz|hourly,2026-08-17T18:48:05Z,2026-08-17T18:48:05Z,
217.29.24.180,ipv4,malicious-ip,medium,WHITE,ziyadnz/hourly-ipv4,ziyadnz|hourly,2026-08-17T18:48:05Z,2026-08-17T18:48:05Z,
217.29.29.164,ipv4,malicious-ip,medium,WHITE,ziyadnz/hourly-ipv4,ziyadnz|hourly,2026-08-17T18:48:05Z,2026-08-17T18:48:05Z,
217.29.62.166,ipv4,malicious-ip,medium,WHITE,ziyadnz/hourly-ipv4,ziyadnz|hourly,2026-08-17T18:48:05Z,2026-08-17T18:48:05Z,
217.33.89.47,ipv4,malicious-ip,medium,WHITE,ziyadnz/hourly-ipv4,ziyadnz|hourly,2026-08-17T18:48:05Z,2026-08-17T18:48:05Z,
217.41.62.162,ipv4,malicious-ip,medium,WHITE,ziyadnz/hourly-ipv4,ziyadnz|hourly,2026-08-17T18:48:05Z,2026-08-17T18:48:05Z,
217.60.195.118,ipv4,malicious-ip,medium,WHITE,ziyadnz/hourly-ipv4,ziyadnz|hourly,2026-08-17T18:48:05Z,2026-08-17T18:48:05Z,
217.60.195.132,ipv4,malicious-ip,medium,WHITE,ziyadnz/hourly-ipv4,ziyadnz|hourly,2026-08-17T18:48:05Z,2026-08-17T18:48:05Z,
217.60.195.160,ipv4,malicious-ip,medium,WHITE,ziyadnz/hourly-ipv4,ziyadnz|hourly,2026-08-17T18:48:05Z,2026-08-17T18:48:05Z,
217.60.195.167,ipv4,malicious-ip,medium,WHITE,ziyadnz/hourly-ipv4,ziyadnz|hourly,2026-08-17T18:48:05Z,2026-08-17T18:48:05Z,
217.60.195.176,ipv4,malicious-ip,medium,WHITE,ziyadnz/hourly-ipv4,ziyadnz|hourly,2026-08-17T18:48:05Z,2026-08-17T18:48:05Z,
217.60.195.187,ipv4,malicious-ip,medium,WHITE,ziyadnz/hourly-ipv4,ziyadnz|hourly,2026-08-17T18:48:05Z,2026-08-17T18:48:05Z,
217.60.195.193,ipv4,malicious-ip,medium,WHITE,ziyadnz/hourly-ipv4,ziyadnz|hourly,2026-08-17T18:48:05Z,2026-08-17T18:48:05Z,
217.60.195.54,ipv4,malicious-ip,medium,WHITE,ziyadnz/hourly-ipv4,ziyadnz|hourly,2026-08-17T18:48:05Z,2026-08-17T18:48:05Z,
217.60.195.56,ipv4,malicious-ip,medium,WHITE,ziyadnz/hourly-ipv4,ziyadnz|hourly,2026-08-17T18:48:05Z,2026-08-17T18:48:05Z,
217.60.195.57,ipv4,malicious-ip,medium,WHITE,ziyadnz/hourly-ipv4,ziyadnz|hourly,2026-08-17T18:48:05Z,2026-08-17T18:48:05Z,
217.60.195.58,ipv4,malicious-ip,medium,WHITE,ziyadnz/hourly-ipv4,ziyadnz|hourly,2026-08-17T18:48:05Z,2026-08-17T18:48:05Z,
217.60.2.243,ipv4,malicious-ip,medium,WHITE,ziyadnz/hourly-ipv4,ziyadnz|hourly,2026-08-17T18:48:05Z,2026-08-17T18:48:05Z,
217.60.237.238,ipv4,malicious-ip,medium,WHITE,ziyadnz/hourly-ipv4,ziyadnz|hourly,2026-08-17T18:48:05Z,2026-08-17T18:48:05Z,
217.60.241.247,ipv4,malicious-ip,medium,WHITE,ziyadnz/hourly-ipv4,ziyadnz|hourly,2026-08-17T18:48:05Z,2026-08-17T18:48:05Z,
217.60.245.90,ipv4,malicious-ip,medium,WHITE,ziyadnz/hourly-ipv4,ziyadnz|hourly,2026-08-17T18:48:05Z,2026-08-17T18:48:05Z,
217.60.248.193,ipv4,malicious-ip,medium,WHITE,ziyadnz/hourly-ipv4,ziyadnz|hourly,2026-08-17T18:48:05Z,2026-08-17T18:48:05Z,
217.60.3.128,ipv4,malicious-ip,medium,WHITE,ziyadnz/hourly-ipv4,ziyadnz|hourly,2026-08-17T18:48:05Z,2026-08-17T18:48:05Z,
217.60.33.22,ipv4,malicious-ip,medium,WHITE,ziyadnz/hourly-ipv4,ziyadnz|hourly,2026-08-17T18:48:05Z,2026-08-17T18:48:05Z,
217.60.37.182,ipv4,malicious-ip,medium,WHITE,ziyadnz/hourly-ipv4,ziyadnz|hourly,2026-08-17T18:48:05Z,2026-08-17T18:48:05Z,
217.60.77.23,ipv4,malicious-ip,medium,WHITE,ziyadnz/hourly-ipv4,ziyadnz|hourly,2026-08-17T18:48:05Z,2026-08-17T18:48:05Z,
217.60.77.41,ipv4,malicious-ip,medium,WHITE,ziyadnz/hourly-ipv4,ziyadnz|hourly,2026-08-17T18:48:05Z,2026-08-17T18:48:05Z,
217.60.78.119,ipv4,malicious-ip,medium,WHITE,ziyadnz/hourly-ipv4,ziyadnz|hourly,2026-08-17T18:48:05Z,2026-08-17T18:48:05Z,
217.60.78.198,ipv4,malicious-ip,medium,WHITE,ziyadnz/hourly-ipv4,ziyadnz|hourly,2026-08-17T18:48:05Z,2026-08-17T18:48:05Z,
217.60.78.71,ipv4,malicious-ip,medium,WHITE,ziyadnz/hourly-ipv4,ziyadnz|hourly,2026-08-17T18:48:05Z,2026-08-17T18:48:05Z,
217.60.8.123,ipv4,malicious-ip,medium,WHITE,ziyadnz/hourly-ipv4,ziyadnz|hourly,2026-08-17T18:48:05Z,2026-08-17T18:48:05Z,
217.60.8.175,ipv4,malicious-ip,medium,WHITE,ziyadnz/hourly-ipv4,ziyadnz|hourly,2026-08-17T18:48:05Z,2026-08-17T18:48:05Z,
217.60.8.5,ipv4,malicious-ip,medium,WHITE,ziyadnz/hourly-ipv4,ziyadnz|hourly,2026-08-17T18:48:05Z,2026-08-17T18:48:05Z,
217.60.8.50,ipv4,malicious-ip,medium,WHITE,ziyadnz/hourly-ipv4,ziyadnz|hourly,2026-08-17T18:48:05Z,2026-08-17T18:48:05Z,
217.60.8.59,ipv4,malicious-ip,medium,WHITE,ziyadnz/hourly-ipv4,ziyadnz|hourly,2026-08-17T18:48:05Z,2026-08-17T18:48:05Z,
217.60.9.130,ipv4,malicious-ip,medium,WHITE,ziyadnz/hourly-ipv4,ziyadnz|hourly,2026-08-17T18:48:05Z,2026-08-17T18:48:05Z,
217.60.9.2,ipv4,malicious-ip,medium,WHITE,ziyadnz/hourly-ipv4,ziyadnz|hourly,2026-08-17T18:48:05Z,2026-08-17T18:48:05Z,
217.60.9.228,ipv4,malicious-ip,medium,WHITE,ziyadnz/hourly-ipv4,ziyadnz|hourly,2026-08-17T18:48:05Z,2026-08-17T18:48:05Z,
217.60.9.3,ipv4,malicious-ip,medium,WHITE,ziyadnz/hourly-ipv4,ziyadnz|hourly,2026-08-17T18:48:05Z,2026-08-17T18:48:05Z,
217.60.9.65,ipv4,malicious-ip,medium,WHITE,ziyadnz/hourly-ipv4,ziyadnz|hourly,2026-08-17T18:48:05Z,2026-08-17T18:48:05Z,
217.60.96.68,ipv4,malicious-ip,medium,WHITE,ziyadnz/hourly-ipv4,ziyadnz|hourly,2026-08-17T18:48:05Z,2026-08-17T18:48:05Z,
217.64.22.58,ipv4,malicious-ip,medium,WHITE,ziyadnz/hourly-ipv4,ziyadnz|hourly,2026-08-17T18:48:05Z,2026-08-17T18:48:05Z,
217.64.98.170,ipv4,malicious-ip,medium,WHITE,ziyadnz/hourly-ipv4,ziyadnz|hourly,2026-08-17T18:48:05Z,2026-08-17T18:48:05Z,
217.66.150.233,ipv4,malicious-ip,medium,WHITE,ziyadnz/hourly-ipv4,ziyadnz|hourly,2026-08-17T18:48:05Z,2026-08-17T18:48:05Z,
217.66.96.236,ipv4,malicious-ip,medium,WHITE,ziyadnz/hourly-ipv4,ziyadnz|hourly,2026-08-17T18:48:05Z,2026-08-17T18:48:05Z,
217.69.0.159,ipv4,malicious-ip,medium,WHITE,ziyadnz/hourly-ipv4,ziyadnz|hourly,2026-08-17T18:48:05Z,2026-08-17T18:48:05Z,
217.69.1.128,ipv4,malicious-ip,medium,WHITE,ziyadnz/hourly-ipv4,ziyadnz|hourly,2026-08-17T18:48:05Z,2026-08-17T18:48:05Z,
217.69.11.60,ipv4,malicious-ip,medium,WHITE,ziyadnz/hourly-ipv4,ziyadnz|hourly,2026-08-17T18:48:05Z,2026-08-17T18:48:05Z,
217.69.2.169,ipv4,malicious-ip,medium,WHITE,ziyadnz/hourly-ipv4,ziyadnz|hourly,2026-08-17T18:48:05Z,2026-08-17T18:48:05Z,
217.69.3.152,ipv4,malicious-ip,medium,WHITE,ziyadnz/hourly-ipv4,ziyadnz|hourly,2026-08-17T18:48:05Z,2026-08-17T18:48:05Z,
217.69.3.218,ipv4,malicious-ip,medium,WHITE,ziyadnz/hourly-ipv4,ziyadnz|hourly,2026-08-17T18:48:05Z,2026-08-17T18:48:05Z,
217.69.8.136,ipv4,malicious-ip,medium,WHITE,ziyadnz/hourly-ipv4,ziyadnz|hourly,2026-08-17T18:48:05Z,2026-08-17T18:48:05Z,
217.71.127.125,ipv4,malicious-ip,medium,WHITE,ziyadnz/hourly-ipv4,ziyadnz|hourly,2026-08-17T18:48:05Z,2026-08-17T18:48:05Z,
217.73.80.167,ipv4,malicious-ip,medium,WHITE,ziyadnz/hourly-ipv4,ziyadnz|hourly,2026-08-17T18:48:05Z,2026-08-17T18:48:05Z,
217.75.222.148,ipv4,malicious-ip,medium,WHITE,ziyadnz/hourly-ipv4,ziyadnz|hourly,2026-08-17T18:48:05Z,2026-08-17T18:48:05Z,
217.75.222.191,ipv4,malicious-ip,medium,WHITE,ziyadnz/hourly-ipv4,ziyadnz|hourly,2026-08-17T18:48:05Z,2026-08-17T18:48:05Z,
217.75.222.30,ipv4,malicious-ip,medium,WHITE,ziyadnz/hourly-ipv4,ziyadnz|hourly,2026-08-17T18:48:05Z,2026-08-17T18:48:05Z,
217.75.222.32,ipv4,malicious-ip,medium,WHITE,ziyadnz/hourly-ipv4,ziyadnz|hourly,2026-08-17T18:48:05Z,2026-08-17T18:48:05Z,
217.75.222.91,ipv4,malicious-ip,medium,WHITE,ziyadnz/hourly-ipv4,ziyadnz|hourly,2026-08-17T18:48:05Z,2026-08-17T18:48:05Z,
217.76.44.36,ipv4,malicious-ip,medium,WHITE,ziyadnz/hourly-ipv4,ziyadnz|hourly,2026-08-17T18:48:05Z,2026-08-17T18:48:05Z,
217.76.58.216,ipv4,malicious-ip,medium,WHITE,ziyadnz/hourly-ipv4,ziyadnz|hourly,2026-08-17T18:48:05Z,2026-08-17T18:48:05Z,
217.76.61.110,ipv4,malicious-ip,medium,WHITE,ziyadnz/hourly-ipv4,ziyadnz|hourly,2026-08-17T18:48:05Z,2026-08-17T18:48:05Z,
217.76.63.53,ipv4,malicious-ip,medium,WHITE,ziyadnz/hourly-ipv4,ziyadnz|hourly,2026-08-17T18:48:05Z,2026-08-17T18:48:05Z,
217.77.10.47,ipv4,malicious-ip,medium,WHITE,ziyadnz/hourly-ipv4,ziyadnz|hourly,2026-08-17T18:48:05Z,2026-08-17T18:48:05Z,
217.77.15.99,ipv4,malicious-ip,medium,WHITE,ziyadnz/hourly-ipv4,ziyadnz|hourly,2026-08-17T18:48:05Z,2026-08-17T18:48:05Z,
217.77.6.50,ipv4,malicious-ip,medium,WHITE,ziyadnz/hourly-ipv4,ziyadnz|hourly,2026-08-17T18:48:05Z,2026-08-17T18:48:05Z,
217.77.8.178,ipv4,malicious-ip,medium,WHITE,ziyadnz/hourly-ipv4,ziyadnz|hourly,2026-08-17T18:48:05Z,2026-08-17T18:48:05Z,
217.79.226.23,ipv4,malicious-ip,medium,WHITE,ziyadnz/hourly-ipv4,ziyadnz|hourly,2026-08-17T18:48:05Z,2026-08-17T18:48:05Z,
217.79.243.147,ipv4,malicious-ip,medium,WHITE,ziyadnz/hourly-ipv4,ziyadnz|hourly,2026-08-17T18:48:05Z,2026-08-17T18:48:05Z,
217.8.226.227,ipv4,malicious-ip,medium,WHITE,ziyadnz/hourly-ipv4,ziyadnz|hourly,2026-08-17T18:48:05Z,2026-08-17T18:48:05Z,
217.88.112.115,ipv4,malicious-ip,medium,WHITE,ziyadnz/hourly-ipv4,ziyadnz|hourly,2026-08-17T18:48:05Z,2026-08-17T18:48:05Z,
217.88.118.119,ipv4,malicious-ip,medium,WHITE,ziyadnz/hourly-ipv4,ziyadnz|hourly,2026-08-17T18:48:05Z,2026-08-17T18:48:05Z,
217.9.151.33,ipv4,malicious-ip,medium,WHITE,ziyadnz/hourly-ipv4,ziyadnz|hourly,2026-08-17T18:48:05Z,2026-08-17T18:48:05Z,
217.92.66.94,ipv4,malicious-ip,medium,WHITE,ziyadnz/hourly-ipv4,ziyadnz|hourly,2026-08-17T18:48:05Z,2026-08-17T18:48:05Z,
217.96.213.125,ipv4,malicious-ip,medium,WHITE,ziyadnz/hourly-ipv4,ziyadnz|hourly,2026-08-17T18:48:05Z,2026-08-17T18:48:05Z,
217.97.167.31,ipv4,malicious-ip,medium,WHITE,ziyadnz/hourly-ipv4,ziyadnz|hourly,2026-08-17T18:48:05Z,2026-08-17T18:48:05Z,
218.0.236.213,ipv4,malicious-ip,medium,WHITE,ziyadnz/hourly-ipv4,ziyadnz|hourly,2026-08-17T18:48:05Z,2026-08-17T18:48:05Z,
218.0.56.30,ipv4,malicious-ip,medium,WHITE,ziyadnz/hourly-ipv4,ziyadnz|hourly,2026-08-17T18:48:05Z,2026-08-17T18:48:05Z,
218.1.139.235,ipv4,malicious-ip,medium,WHITE,ziyadnz/hourly-ipv4,ziyadnz|hourly,2026-08-17T18:48:05Z,2026-08-17T18:48:05Z,
218.1.140.189,ipv4,malicious-ip,medium,WHITE,ziyadnz/hourly-ipv4,ziyadnz|hourly,2026-08-17T18:48:05Z,2026-08-17T18:48:05Z,
218.1.148.74,ipv4,malicious-ip,medium,WHITE,ziyadnz/hourly-ipv4,ziyadnz|hourly,2026-08-17T18:48:05Z,2026-08-17T18:48:05Z,
218.1.208.241,ipv4,malicious-ip,medium,WHITE,ziyadnz/hourly-ipv4,ziyadnz|hourly,2026-08-17T18:48:05Z,2026-08-17T18:48:05Z,
218.1.218.241,ipv4,malicious-ip,medium,WHITE,ziyadnz/hourly-ipv4,ziyadnz|hourly,2026-08-17T18:48:05Z,2026-08-17T18:48:05Z,
218.10.102.82,ipv4,malicious-ip,medium,WHITE,ziyadnz/hourly-ipv4,ziyadnz|hourly,2026-08-17T18:48:05Z,2026-08-17T18:48:05Z,
218.106.33.54,ipv4,malicious-ip,medium,WHITE,ziyadnz/hourly-ipv4,ziyadnz|hourly,2026-08-17T18:48:05Z,2026-08-17T18:48:05Z,
218.106.54.74,ipv4,malicious-ip,medium,WHITE,ziyadnz/hourly-ipv4,ziyadnz|hourly,2026-08-17T18:48:05Z,2026-08-17T18:48:05Z,
218.11.2.44,ipv4,malicious-ip,medium,WHITE,ziyadnz/hourly-ipv4,ziyadnz|hourly,2026-08-17T18:48:05Z,2026-08-17T18:48:05Z,
218.11.81.0,ipv4,malicious-ip,medium,WHITE,ziyadnz/hourly-ipv4,ziyadnz|hourly,2026-08-17T18:48:05Z,2026-08-17T18:48:05Z,
218.11.81.79,ipv4,malicious-ip,medium,WHITE,ziyadnz/hourly-ipv4,ziyadnz|hourly,2026-08-17T18:48:05Z,2026-08-17T18:48:05Z,
218.12.27.42,ipv4,malicious-ip,medium,WHITE,ziyadnz/hourly-ipv4,ziyadnz|hourly,2026-08-17T18:48:05Z,2026-08-17T18:48:05Z,
218.13.42.187,ipv4,malicious-ip,medium,WHITE,ziyadnz/hourly-ipv4,ziyadnz|hourly,2026-08-17T18:48:05Z,2026-08-17T18:48:05Z,
218.14.122.167,ipv4,malicious-ip,medium,WHITE,ziyadnz/hourly-ipv4,ziyadnz|hourly,2026-08-17T18:48:05Z,2026-08-17T18:48:05Z,
218.144.143.195,ipv4,malicious-ip,medium,WHITE,ziyadnz/hourly-ipv4,ziyadnz|hourly,2026-08-17T18:48:05Z,2026-08-17T18:48:05Z,
218.145.118.238,ipv4,malicious-ip,medium,WHITE,ziyadnz/hourly-ipv4,ziyadnz|hourly,2026-08-17T18:48:05Z,2026-08-17T18:48:05Z,
218.145.181.48,ipv4,malicious-ip,medium,WHITE,ziyadnz/hourly-ipv4,ziyadnz|hourly,2026-08-17T18:48:05Z,2026-08-17T18:48:05Z,
218.145.185.152,ipv4,malicious-ip,medium,WHITE,ziyadnz/hourly-ipv4,ziyadnz|hourly,2026-08-17T18:48:05Z,2026-08-17T18:48:05Z,
218.145.61.22,ipv4,malicious-ip,medium,WHITE,ziyadnz/hourly-ipv4,ziyadnz|hourly,2026-08-17T18:48:05Z,2026-08-17T18:48:05Z,
218.146.103.34,ipv4,malicious-ip,medium,WHITE,ziyadnz/hourly-ipv4,ziyadnz|hourly,2026-08-17T18:48:05Z,2026-08-17T18:48:05Z,
218.146.133.117,ipv4,malicious-ip,medium,WHITE,ziyadnz/hourly-ipv4,ziyadnz|hourly,2026-08-17T18:48:05Z,2026-08-17T18:48:05Z,
218.146.163.192,ipv4,malicious-ip,medium,WHITE,ziyadnz/hourly-ipv4,ziyadnz|hourly,2026-08-17T18:48:05Z,2026-08-17T18:48:05Z,
218.147.106.2,ipv4,malicious-ip,medium,WHITE,ziyadnz/hourly-ipv4,ziyadnz|hourly,2026-08-17T18:48:05Z,2026-08-17T18:48:05Z,
218.147.254.57,ipv4,malicious-ip,medium,WHITE,ziyadnz/hourly-ipv4,ziyadnz|hourly,2026-08-17T18:48:05Z,2026-08-17T18:48:05Z,
218.149.156.160,ipv4,malicious-ip,medium,WHITE,ziyadnz/hourly-ipv4,ziyadnz|hourly,2026-08-17T18:48:05Z,2026-08-17T18:48:05Z,
218.149.157.240,ipv4,malicious-ip,medium,WHITE,ziyadnz/hourly-ipv4,ziyadnz|hourly,2026-08-17T18:48:05Z,2026-08-17T18:48:05Z,
218.149.170.76,ipv4,malicious-ip,medium,WHITE,ziyadnz/hourly-ipv4,ziyadnz|hourly,2026-08-17T18:48:05Z,2026-08-17T18:48:05Z,
218.149.172.233,ipv4,malicious-ip,medium,WHITE,ziyadnz/hourly-ipv4,ziyadnz|hourly,2026-08-17T18:48:05Z,2026-08-17T18:48:05Z,
218.149.172.52,ipv4,malicious-ip,medium,WHITE,ziyadnz/hourly-ipv4,ziyadnz|hourly,2026-08-17T18:48:05Z,2026-08-17T18:48:05Z,
218.149.228.0,ipv4,malicious-ip,medium,WHITE,ziyadnz/hourly-ipv4,ziyadnz|hourly,2026-08-17T18:48:05Z,2026-08-17T18:48:05Z,
218.149.228.135,ipv4,malicious-ip,medium,WHITE,ziyadnz/hourly-ipv4,ziyadnz|hourly,2026-08-17T18:48:05Z,2026-08-17T18:48:05Z,
218.149.228.140,ipv4,malicious-ip,medium,WHITE,ziyadnz/hourly-ipv4,ziyadnz|hourly,2026-08-17T18:48:05Z,2026-08-17T18:48:05Z,
218.149.228.146,ipv4,malicious-ip,medium,WHITE,ziyadnz/hourly-ipv4,ziyadnz|hourly,2026-08-17T18:48:05Z,2026-08-17T18:48:05Z,
218.149.228.147,ipv4,malicious-ip,medium,WHITE,ziyadnz/hourly-ipv4,ziyadnz|hourly,2026-08-17T18:48:05Z,2026-08-17T18:48:05Z,
218.149.228.151,ipv4,malicious-ip,medium,WHITE,ziyadnz/hourly-ipv4,ziyadnz|hourly,2026-08-17T18:48:05Z,2026-08-17T18:48:05Z,
218.149.228.154,ipv4,malicious-ip,medium,WHITE,ziyadnz/hourly-ipv4,ziyadnz|hourly,2026-08-17T18:48:05Z,2026-08-17T18:48:05Z,
218.149.228.158,ipv4,malicious-ip,medium,WHITE,ziyadnz/hourly-ipv4,ziyadnz|hourly,2026-08-17T18:48:05Z,2026-08-17T18:48:05Z,
218.149.228.160,ipv4,malicious-ip,medium,WHITE,ziyadnz/hourly-ipv4,ziyadnz|hourly,2026-08-17T18:48:05Z,2026-08-17T18:48:05Z,
218.149.228.164,ipv4,malicious-ip,medium,WHITE,ziyadnz/hourly-ipv4,ziyadnz|hourly,2026-08-17T18:48:05Z,2026-08-17T18:48:05Z,
218.149.228.165,ipv4,malicious-ip,medium,WHITE,ziyadnz/hourly-ipv4,ziyadnz|hourly,2026-08-17T18:48:05Z,2026-08-17T18:48:05Z,
218.149.228.166,ipv4,malicious-ip,medium,WHITE,ziyadnz/hourly-ipv4,ziyadnz|hourly,2026-08-17T18:48:05Z,2026-08-17T18:48:05Z,
218.149.228.169,ipv4,malicious-ip,medium,WHITE,ziyadnz/hourly-ipv4,ziyadnz|hourly,2026-08-17T18:48:05Z,2026-08-17T18:48:05Z,
218.149.228.170,ipv4,malicious-ip,medium,WHITE,ziyadnz/hourly-ipv4,ziyadnz|hourly,2026-08-17T18:48:05Z,2026-08-17T18:48:05Z,
218.15.101.205,ipv4,malicious-ip,medium,WHITE,ziyadnz/hourly-ipv4,ziyadnz|hourly,2026-08-17T18:48:05Z,2026-08-17T18:48:05Z,
218.150.184.241,ipv4,malicious-ip,medium,WHITE,ziyadnz/hourly-ipv4,ziyadnz|hourly,2026-08-17T18:48:05Z,2026-08-17T18:48:05Z,
218.152.149.211,ipv4,malicious-ip,medium,WHITE,ziyadnz/hourly-ipv4,ziyadnz|hourly,2026-08-17T18:48:05Z,2026-08-17T18:48:05Z,
218.154.181.71,ipv4,malicious-ip,medium,WHITE,ziyadnz/hourly-ipv4,ziyadnz|hourly,2026-08-17T18:48:05Z,2026-08-17T18:48:05Z,
218.155.106.83,ipv4,malicious-ip,medium,WHITE,ziyadnz/hourly-ipv4,ziyadnz|hourly,2026-08-17T18:48:05Z,2026-08-17T18:48:05Z,
218.156.38.44,ipv4,malicious-ip,medium,WHITE,ziyadnz/hourly-ipv4,ziyadnz|hourly,2026-08-17T18:48:05Z,2026-08-17T18:48:05Z,
218.156.8.97,ipv4,malicious-ip,medium,WHITE,ziyadnz/hourly-ipv4,ziyadnz|hourly,2026-08-17T18:48:05Z,2026-08-17T18:48:05Z,
218.157.163.203,ipv4,malicious-ip,medium,WHITE,ziyadnz/hourly-ipv4,ziyadnz|hourly,2026-08-17T18:48:05Z,2026-08-17T18:48:05Z,
218.157.192.92,ipv4,malicious-ip,medium,WHITE,ziyadnz/hourly-ipv4,ziyadnz|hourly,2026-08-17T18:48:05Z,2026-08-17T18:48:05Z,
218.157.205.238,ipv4,malicious-ip,medium,WHITE,ziyadnz/hourly-ipv4,ziyadnz|hourly,2026-08-17T18:48:05Z,2026-08-17T18:48:05Z,
218.157.93.160,ipv4,malicious-ip,medium,WHITE,ziyadnz/hourly-ipv4,ziyadnz|hourly,2026-08-17T18:48:05Z,2026-08-17T18:48:05Z,
218.158.83.154,ipv4,malicious-ip,medium,WHITE,ziyadnz/hourly-ipv4,ziyadnz|hourly,2026-08-17T18:48:05Z,2026-08-17T18:48:05Z,
218.16.164.108,ipv4,malicious-ip,medium,WHITE,ziyadnz/hourly-ipv4,ziyadnz|hourly,2026-08-17T18:48:05Z,2026-08-17T18:48:05Z,
218.16.164.220,ipv4,malicious-ip,medium,WHITE,ziyadnz/hourly-ipv4,ziyadnz|hourly,2026-08-17T18:48:05Z,2026-08-17T18:48:05Z,
218.161.114.216,ipv4,malicious-ip,medium,WHITE,ziyadnz/hourly-ipv4,ziyadnz|hourly,2026-08-17T18:48:05Z,2026-08-17T18:48:05Z,
218.161.58.229,ipv4,malicious-ip,medium,WHITE,ziyadnz/hourly-ipv4,ziyadnz|hourly,2026-08-17T18:48:05Z,2026-08-17T18:48:05Z,
218.161.62.161,ipv4,malicious-ip,medium,WHITE,ziyadnz/hourly-ipv4,ziyadnz|hourly,2026-08-17T18:48:05Z,2026-08-17T18:48:05Z,
218.161.62.168,ipv4,malicious-ip,medium,WHITE,ziyadnz/hourly-ipv4,ziyadnz|hourly,2026-08-17T18:48:05Z,2026-08-17T18:48:05Z,
218.161.97.23,ipv4,malicious-ip,medium,WHITE,ziyadnz/hourly-ipv4,ziyadnz|hourly,2026-08-17T18:48:05Z,2026-08-17T18:48:05Z,
218.161.97.71,ipv4,malicious-ip,medium,WHITE,ziyadnz/hourly-ipv4,ziyadnz|hourly,2026-08-17T18:48:05Z,2026-08-17T18:48:05Z,
218.166.79.51,ipv4,malicious-ip,medium,WHITE,ziyadnz/hourly-ipv4,ziyadnz|hourly,2026-08-17T18:48:05Z,2026-08-17T18:48:05Z,
218.17.113.148,ipv4,malicious-ip,medium,WHITE,ziyadnz/hourly-ipv4,ziyadnz|hourly,2026-08-17T18:48:05Z,2026-08-17T18:48:05Z,
218.17.142.129,ipv4,malicious-ip,medium,WHITE,ziyadnz/hourly-ipv4,ziyadnz|hourly,2026-08-17T18:48:05Z,2026-08-17T18:48:05Z,
218.17.184.95,ipv4,malicious-ip,medium,WHITE,ziyadnz/hourly-ipv4,ziyadnz|hourly,2026-08-17T18:48:05Z,2026-08-17T18:48:05Z,
218.17.217.141,ipv4,malicious-ip,medium,WHITE,ziyadnz/hourly-ipv4,ziyadnz|hourly,2026-08-17T18:48:05Z,2026-08-17T18:48:05Z,
218.17.35.210,ipv4,malicious-ip,medium,WHITE,ziyadnz/hourly-ipv4,ziyadnz|hourly,2026-08-17T18:48:05Z,2026-08-17T18:48:05Z,
218.173.130.13,ipv4,malicious-ip,medium,WHITE,ziyadnz/hourly-ipv4,ziyadnz|hourly,2026-08-17T18:48:05Z,2026-08-17T18:48:05Z,
218.187.69.244,ipv4,malicious-ip,medium,WHITE,ziyadnz/hourly-ipv4,ziyadnz|hourly,2026-08-17T18:48:05Z,2026-08-17T18:48:05Z,
218.187.69.59,ipv4,malicious-ip,medium,WHITE,ziyadnz/hourly-ipv4,ziyadnz|hourly,2026-08-17T18:48:05Z,2026-08-17T18:48:05Z,
218.189.198.198,ipv4,malicious-ip,medium,WHITE,ziyadnz/hourly-ipv4,ziyadnz|hourly,2026-08-17T18:48:05Z,2026-08-17T18:48:05Z,
218.190.230.250,ipv4,malicious-ip,medium,WHITE,ziyadnz/hourly-ipv4,ziyadnz|hourly,2026-08-17T18:48:05Z,2026-08-17T18:48:05Z,
218.190.235.63,ipv4,malicious-ip,medium,WHITE,ziyadnz/hourly-ipv4,ziyadnz|hourly,2026-08-17T18:48:05Z,2026-08-17T18:48:05Z,
218.190.8.165,ipv4,malicious-ip,medium,WHITE,ziyadnz/hourly-ipv4,ziyadnz|hourly,2026-08-17T18:48:05Z,2026-08-17T18:48:05Z,
218.193.83.70,ipv4,malicious-ip,medium,WHITE,ziyadnz/hourly-ipv4,ziyadnz|hourly,2026-08-17T18:48:05Z,2026-08-17T18:48:05Z,
218.200.146.158,ipv4,malicious-ip,medium,WHITE,ziyadnz/hourly-ipv4,ziyadnz|hourly,2026-08-17T18:48:05Z,2026-08-17T18:48:05Z,
218.200.20.254,ipv4,malicious-ip,medium,WHITE,ziyadnz/hourly-ipv4,ziyadnz|hourly,2026-08-17T18:48:05Z,2026-08-17T18:48:05Z,
218.200.73.200,ipv4,malicious-ip,medium,WHITE,ziyadnz/hourly-ipv4,ziyadnz|hourly,2026-08-17T18:48:05Z,2026-08-17T18:48:05Z,
218.201.174.59,ipv4,malicious-ip,medium,WHITE,ziyadnz/hourly-ipv4,ziyadnz|hourly,2026-08-17T18:48:05Z,2026-08-17T18:48:05Z,
218.201.18.244,ipv4,malicious-ip,medium,WHITE,ziyadnz/hourly-ipv4,ziyadnz|hourly,2026-08-17T18:48:05Z,2026-08-17T18:48:05Z,
218.201.184.239,ipv4,malicious-ip,medium,WHITE,ziyadnz/hourly-ipv4,ziyadnz|hourly,2026-08-17T18:48:05Z,2026-08-17T18:48:05Z,
218.201.184.254,ipv4,malicious-ip,medium,WHITE,ziyadnz/hourly-ipv4,ziyadnz|hourly,2026-08-17T18:48:05Z,2026-08-17T18:48:05Z,
218.201.39.71,ipv4,malicious-ip,medium,WHITE,ziyadnz/hourly-ipv4,ziyadnz|hourly,2026-08-17T18:48:05Z,2026-08-17T18:48:05Z,
218.202.171.253,ipv4,malicious-ip,medium,WHITE,ziyadnz/hourly-ipv4,ziyadnz|hourly,2026-08-17T18:48:05Z,2026-08-17T18:48:05Z,
218.202.66.233,ipv4,malicious-ip,medium,WHITE,ziyadnz/hourly-ipv4,ziyadnz|hourly,2026-08-17T18:48:05Z,2026-08-17T18:48:05Z,
218.203.113.130,ipv4,malicious-ip,medium,WHITE,ziyadnz/hourly-ipv4,ziyadnz|hourly,2026-08-17T18:48:05Z,2026-08-17T18:48:05Z,
218.203.113.135,ipv4,malicious-ip,medium,WHITE,ziyadnz/hourly-ipv4,ziyadnz|hourly,2026-08-17T18:48:05Z,2026-08-17T18:48:05Z,
218.205.34.19,ipv4,malicious-ip,medium,WHITE,ziyadnz/hourly-ipv4,ziyadnz|hourly,2026-08-17T18:48:05Z,2026-08-17T18:48:05Z,
218.205.37.160,ipv4,malicious-ip,medium,WHITE,ziyadnz/hourly-ipv4,ziyadnz|hourly,2026-08-17T18:48:05Z,2026-08-17T18:48:05Z,
218.205.95.160,ipv4,malicious-ip,medium,WHITE,ziyadnz/hourly-ipv4,ziyadnz|hourly,2026-08-17T18:48:05Z,2026-08-17T18:48:05Z,
218.205.95.161,ipv4,malicious-ip,medium,WHITE,ziyadnz/hourly-ipv4,ziyadnz|hourly,2026-08-17T18:48:05Z,2026-08-17T18:48:05Z,
218.205.95.163,ipv4,malicious-ip,medium,WHITE,ziyadnz/hourly-ipv4,ziyadnz|hourly,2026-08-17T18:48:05Z,2026-08-17T18:48:05Z,
218.206.187.2,ipv4,malicious-ip,medium,WHITE,ziyadnz/hourly-ipv4,ziyadnz|hourly,2026-08-17T18:48:05Z,2026-08-17T18:48:05Z,
218.206.187.7,ipv4,malicious-ip,medium,WHITE,ziyadnz/hourly-ipv4,ziyadnz|hourly,2026-08-17T18:48:05Z,2026-08-17T18:48:05Z,
218.206.193.194,ipv4,malicious-ip,medium,WHITE,ziyadnz/hourly-ipv4,ziyadnz|hourly,2026-08-17T18:48:05Z,2026-08-17T18:48:05Z,
218.21.0.230,ipv4,malicious-ip,medium,WHITE,ziyadnz/hourly-ipv4,ziyadnz|hourly,2026-08-17T18:48:05Z,2026-08-17T18:48:05Z,
218.21.173.104,ipv4,malicious-ip,medium,WHITE,ziyadnz/hourly-ipv4,ziyadnz|hourly,2026-08-17T18:48:05Z,2026-08-17T18:48:05Z,
218.21.182.228,ipv4,malicious-ip,medium,WHITE,ziyadnz/hourly-ipv4,ziyadnz|hourly,2026-08-17T18:48:05Z,2026-08-17T18:48:05Z,
218.21.250.151,ipv4,malicious-ip,medium,WHITE,ziyadnz/hourly-ipv4,ziyadnz|hourly,2026-08-17T18:48:05Z,2026-08-17T18:48:05Z,
218.21.37.250,ipv4,malicious-ip,medium,WHITE,ziyadnz/hourly-ipv4,ziyadnz|hourly,2026-08-17T18:48:05Z,2026-08-17T18:48:05Z,
218.219.193.151,ipv4,malicious-ip,medium,WHITE,ziyadnz/hourly-ipv4,ziyadnz|hourly,2026-08-17T18:48:05Z,2026-08-17T18:48:05Z,
218.219.228.170,ipv4,malicious-ip,medium,WHITE,ziyadnz/hourly-ipv4,ziyadnz|hourly,2026-08-17T18:48:05Z,2026-08-17T18:48:05Z,
218.219.231.122,ipv4,malicious-ip,medium,WHITE,ziyadnz/hourly-ipv4,ziyadnz|hourly,2026-08-17T18:48:05Z,2026-08-17T18:48:05Z,
218.219.231.19,ipv4,malicious-ip,medium,WHITE,ziyadnz/hourly-ipv4,ziyadnz|hourly,2026-08-17T18:48:05Z,2026-08-17T18:48:05Z,
218.22.72.30,ipv4,malicious-ip,medium,WHITE,ziyadnz/hourly-ipv4,ziyadnz|hourly,2026-08-17T18:48:05Z,2026-08-17T18:48:05Z,
218.23.170.184,ipv4,malicious-ip,medium,WHITE,ziyadnz/hourly-ipv4,ziyadnz|hourly,2026-08-17T18:48:05Z,2026-08-17T18:48:05Z,
218.23.192.91,ipv4,malicious-ip,medium,WHITE,ziyadnz/hourly-ipv4,ziyadnz|hourly,2026-08-17T18:48:05Z,2026-08-17T18:48:05Z,
218.23.42.171,ipv4,malicious-ip,medium,WHITE,ziyadnz/hourly-ipv4,ziyadnz|hourly,2026-08-17T18:48:05Z,2026-08-17T18:48:05Z,
218.23.95.9,ipv4,malicious-ip,medium,WHITE,ziyadnz/hourly-ipv4,ziyadnz|hourly,2026-08-17T18:48:05Z,2026-08-17T18:48:05Z,
218.239.57.145,ipv4,malicious-ip,medium,WHITE,ziyadnz/hourly-ipv4,ziyadnz|hourly,2026-08-17T18:48:05Z,2026-08-17T18:48:05Z,
218.244.142.90,ipv4,malicious-ip,medium,WHITE,ziyadnz/hourly-ipv4,ziyadnz|hourly,2026-08-17T18:48:05Z,2026-08-17T18:48:05Z,
218.244.143.162,ipv4,malicious-ip,medium,WHITE,ziyadnz/hourly-ipv4,ziyadnz|hourly,2026-08-17T18:48:05Z,2026-08-17T18:48:05Z,
218.248.4.104,ipv4,malicious-ip,medium,WHITE,ziyadnz/hourly-ipv4,ziyadnz|hourly,2026-08-17T18:48:05Z,2026-08-17T18:48:05Z,
218.248.44.253,ipv4,malicious-ip,medium,WHITE,ziyadnz/hourly-ipv4,ziyadnz|hourly,2026-08-17T18:48:05Z,2026-08-17T18:48:05Z,
218.25.94.199,ipv4,malicious-ip,medium,WHITE,ziyadnz/hourly-ipv4,ziyadnz|hourly,2026-08-17T18:48:05Z,2026-08-17T18:48:05Z,
218.250.21.141,ipv4,malicious-ip,medium,WHITE,ziyadnz/hourly-ipv4,ziyadnz|hourly,2026-08-17T18:48:05Z,2026-08-17T18:48:05Z,
218.250.28.248,ipv4,malicious-ip,medium,WHITE,ziyadnz/hourly-ipv4,ziyadnz|hourly,2026-08-17T18:48:05Z,2026-08-17T18:48:05Z,
218.252.242.195,ipv4,malicious-ip,medium,WHITE,ziyadnz/hourly-ipv4,ziyadnz|hourly,2026-08-17T18:48:05Z,2026-08-17T18:48:05Z,
218.255.144.86,ipv4,malicious-ip,medium,WHITE,ziyadnz/hourly-ipv4,ziyadnz|hourly,2026-08-17T18:48:05Z,2026-08-17T18:48:05Z,
218.255.96.245,ipv4,malicious-ip,medium,WHITE,ziyadnz/hourly-ipv4,ziyadnz|hourly,2026-08-17T18:48:05Z,2026-08-17T18:48:05Z,
218.26.204.42,ipv4,malicious-ip,medium,WHITE,ziyadnz/hourly-ipv4,ziyadnz|hourly,2026-08-17T18:48:05Z,2026-08-17T18:48:05Z,
218.27.80.178,ipv4,malicious-ip,medium,WHITE,ziyadnz/hourly-ipv4,ziyadnz|hourly,2026-08-17T18:48:05Z,2026-08-17T18:48:05Z,
218.28.195.187,ipv4,malicious-ip,medium,WHITE,ziyadnz/hourly-ipv4,ziyadnz|hourly,2026-08-17T18:48:05Z,2026-08-17T18:48:05Z,
218.28.236.10,ipv4,malicious-ip,medium,WHITE,ziyadnz/hourly-ipv4,ziyadnz|hourly,2026-08-17T18:48:05Z,2026-08-17T18:48:05Z,
218.28.91.26,ipv4,malicious-ip,medium,WHITE,ziyadnz/hourly-ipv4,ziyadnz|hourly,2026-08-17T18:48:05Z,2026-08-17T18:48:05Z,
218.29.58.75,ipv4,malicious-ip,medium,WHITE,ziyadnz/hourly-ipv4,ziyadnz|hourly,2026-08-17T18:48:05Z,2026-08-17T18:48:05Z,
218.3.248.246,ipv4,malicious-ip,medium,WHITE,ziyadnz/hourly-ipv4,ziyadnz|hourly,2026-08-17T18:48:05Z,2026-08-17T18:48:05Z,
218.3.255.164,ipv4,malicious-ip,medium,WHITE,ziyadnz/hourly-ipv4,ziyadnz|hourly,2026-08-17T18:48:05Z,2026-08-17T18:48:05Z,
218.3.54.203,ipv4,malicious-ip,medium,WHITE,ziyadnz/hourly-ipv4,ziyadnz|hourly,2026-08-17T18:48:05Z,2026-08-17T18:48:05Z,
218.31.129.164,ipv4,malicious-ip,medium,WHITE,ziyadnz/hourly-ipv4,ziyadnz|hourly,2026-08-17T18:48:05Z,2026-08-17T18:48:05Z,
218.31.137.254,ipv4,malicious-ip,medium,WHITE,ziyadnz/hourly-ipv4,ziyadnz|hourly,2026-08-17T18:48:05Z,2026-08-17T18:48:05Z,
218.31.180.200,ipv4,malicious-ip,medium,WHITE,ziyadnz/hourly-ipv4,ziyadnz|hourly,2026-08-17T18:48:05Z,2026-08-17T18:48:05Z,
218.32.108.24,ipv4,malicious-ip,medium,WHITE,ziyadnz/hourly-ipv4,ziyadnz|hourly,2026-08-17T18:48:05Z,2026-08-17T18:48:05Z,
218.38.121.25,ipv4,malicious-ip,medium,WHITE,ziyadnz/hourly-ipv4,ziyadnz|hourly,2026-08-17T18:48:05Z,2026-08-17T18:48:05Z,
218.38.186.104,ipv4,malicious-ip,medium,WHITE,ziyadnz/hourly-ipv4,ziyadnz|hourly,2026-08-17T18:48:05Z,2026-08-17T18:48:05Z,
218.4.142.170,ipv4,malicious-ip,medium,WHITE,ziyadnz/hourly-ipv4,ziyadnz|hourly,2026-08-17T18:48:05Z,2026-08-17T18:48:05Z,
218.4.148.45,ipv4,malicious-ip,medium,WHITE,ziyadnz/hourly-ipv4,ziyadnz|hourly,2026-08-17T18:48:05Z,2026-08-17T18:48:05Z,
218.4.91.162,ipv4,malicious-ip,medium,WHITE,ziyadnz/hourly-ipv4,ziyadnz|hourly,2026-08-17T18:48:05Z,2026-08-17T18:48:05Z,
218.43.8.61,ipv4,malicious-ip,medium,WHITE,ziyadnz/hourly-ipv4,ziyadnz|hourly,2026-08-17T18:48:05Z,2026-08-17T18:48:05Z,
218.56.12.138,ipv4,malicious-ip,medium,WHITE,ziyadnz/hourly-ipv4,ziyadnz|hourly,2026-08-17T18:48:05Z,2026-08-17T18:48:05Z,
218.56.193.9,ipv4,malicious-ip,medium,WHITE,ziyadnz/hourly-ipv4,ziyadnz|hourly,2026-08-17T18:48:05Z,2026-08-17T18:48:05Z,
218.56.196.183,ipv4,malicious-ip,medium,WHITE,ziyadnz/hourly-ipv4,ziyadnz|hourly,2026-08-17T18:48:05Z,2026-08-17T18:48:05Z,
218.56.68.34,ipv4,malicious-ip,medium,WHITE,ziyadnz/hourly-ipv4,ziyadnz|hourly,2026-08-17T18:48:05Z,2026-08-17T18:48:05Z,
218.56.98.202,ipv4,malicious-ip,medium,WHITE,ziyadnz/hourly-ipv4,ziyadnz|hourly,2026-08-17T18:48:05Z,2026-08-17T18:48:05Z,
218.57.250.103,ipv4,malicious-ip,medium,WHITE,ziyadnz/hourly-ipv4,ziyadnz|hourly,2026-08-17T18:48:05Z,2026-08-17T18:48:05Z,
218.59.175.217,ipv4,malicious-ip,medium,WHITE,ziyadnz/hourly-ipv4,ziyadnz|hourly,2026-08-17T18:48:05Z,2026-08-17T18:48:05Z,
218.59.201.12,ipv4,malicious-ip,medium,WHITE,ziyadnz/hourly-ipv4,ziyadnz|hourly,2026-08-17T18:48:05Z,2026-08-17T18:48:05Z,
218.59.6.140,ipv4,malicious-ip,medium,WHITE,ziyadnz/hourly-ipv4,ziyadnz|hourly,2026-08-17T18:48:05Z,2026-08-17T18:48:05Z,
218.6.163.6,ipv4,malicious-ip,medium,WHITE,ziyadnz/hourly-ipv4,ziyadnz|hourly,2026-08-17T18:48:05Z,2026-08-17T18:48:05Z,
218.6.224.50,ipv4,malicious-ip,medium,WHITE,ziyadnz/hourly-ipv4,ziyadnz|hourly,2026-08-17T18:48:05Z,2026-08-17T18:48:05Z,
218.60.255.188,ipv4,malicious-ip,medium,WHITE,ziyadnz/hourly-ipv4,ziyadnz|hourly,2026-08-17T18:48:05Z,2026-08-17T18:48:05Z,
218.60.39.230,ipv4,malicious-ip,medium,WHITE,ziyadnz/hourly-ipv4,ziyadnz|hourly,2026-08-17T18:48:05Z,2026-08-17T18:48:05Z,
218.60.48.210,ipv4,malicious-ip,medium,WHITE,ziyadnz/hourly-ipv4,ziyadnz|hourly,2026-08-17T18:48:05Z,2026-08-17T18:48:05Z,
218.60.77.234,ipv4,malicious-ip,medium,WHITE,ziyadnz/hourly-ipv4,ziyadnz|hourly,2026-08-17T18:48:05Z,2026-08-17T18:48:05Z,
218.60.77.254,ipv4,malicious-ip,medium,WHITE,ziyadnz/hourly-ipv4,ziyadnz|hourly,2026-08-17T18:48:05Z,2026-08-17T18:48:05Z,
218.61.165.66,ipv4,malicious-ip,medium,WHITE,ziyadnz/hourly-ipv4,ziyadnz|hourly,2026-08-17T18:48:05Z,2026-08-17T18:48:05Z,
218.61.251.3,ipv4,malicious-ip,medium,WHITE,ziyadnz/hourly-ipv4,ziyadnz|hourly,2026-08-17T18:48:05Z,2026-08-17T18:48:05Z,
218.62.15.102,ipv4,malicious-ip,medium,WHITE,ziyadnz/hourly-ipv4,ziyadnz|hourly,2026-08-17T18:48:05Z,2026-08-17T18:48:05Z,
218.63.30.89,ipv4,malicious-ip,medium,WHITE,ziyadnz/hourly-ipv4,ziyadnz|hourly,2026-08-17T18:48:05Z,2026-08-17T18:48:05Z,
218.64.217.201,ipv4,malicious-ip,medium,WHITE,ziyadnz/hourly-ipv4,ziyadnz|hourly,2026-08-17T18:48:05Z,2026-08-17T18:48:05Z,
218.64.60.132,ipv4,malicious-ip,medium,WHITE,ziyadnz/hourly-ipv4,ziyadnz|hourly,2026-08-17T18:48:05Z,2026-08-17T18:48:05Z,
218.64.60.140,ipv4,malicious-ip,medium,WHITE,ziyadnz/hourly-ipv4,ziyadnz|hourly,2026-08-17T18:48:05Z,2026-08-17T18:48:05Z,
218.64.60.150,ipv4,malicious-ip,medium,WHITE,ziyadnz/hourly-ipv4,ziyadnz|hourly,2026-08-17T18:48:05Z,2026-08-17T18:48:05Z,
218.64.60.168,ipv4,malicious-ip,medium,WHITE,ziyadnz/hourly-ipv4,ziyadnz|hourly,2026-08-17T18:48:05Z,2026-08-17T18:48:05Z,
218.64.60.172,ipv4,malicious-ip,medium,WHITE,ziyadnz/hourly-ipv4,ziyadnz|hourly,2026-08-17T18:48:05Z,2026-08-17T18:48:05Z,
218.64.60.203,ipv4,malicious-ip,medium,WHITE,ziyadnz/hourly-ipv4,ziyadnz|hourly,2026-08-17T18:48:05Z,2026-08-17T18:48:05Z,
218.64.60.32,ipv4,malicious-ip,medium,WHITE,ziyadnz/hourly-ipv4,ziyadnz|hourly,2026-08-17T18:48:05Z,2026-08-17T18:48:05Z,
218.64.60.36,ipv4,malicious-ip,medium,WHITE,ziyadnz/hourly-ipv4,ziyadnz|hourly,2026-08-17T18:48:05Z,2026-08-17T18:48:05Z,
218.64.89.153,ipv4,malicious-ip,medium,WHITE,ziyadnz/hourly-ipv4,ziyadnz|hourly,2026-08-17T18:48:05Z,2026-08-17T18:48:05Z,
218.65.105.118,ipv4,malicious-ip,medium,WHITE,ziyadnz/hourly-ipv4,ziyadnz|hourly,2026-08-17T18:48:05Z,2026-08-17T18:48:05Z,
218.65.110.180,ipv4,malicious-ip,medium,WHITE,ziyadnz/hourly-ipv4,ziyadnz|hourly,2026-08-17T18:48:05Z,2026-08-17T18:48:05Z,
218.66.247.229,ipv4,malicious-ip,medium,WHITE,ziyadnz/hourly-ipv4,ziyadnz|hourly,2026-08-17T18:48:05Z,2026-08-17T18:48:05Z,
218.67.39.238,ipv4,malicious-ip,medium,WHITE,ziyadnz/hourly-ipv4,ziyadnz|hourly,2026-08-17T18:48:05Z,2026-08-17T18:48:05Z,
218.69.226.109,ipv4,malicious-ip,medium,WHITE,ziyadnz/hourly-ipv4,ziyadnz|hourly,2026-08-17T18:48:05Z,2026-08-17T18:48:05Z,
218.69.3.42,ipv4,malicious-ip,medium,WHITE,ziyadnz/hourly-ipv4,ziyadnz|hourly,2026-08-17T18:48:05Z,2026-08-17T18:48:05Z,
218.7.66.35,ipv4,malicious-ip,medium,WHITE,ziyadnz/hourly-ipv4,ziyadnz|hourly,2026-08-17T18:48:05Z,2026-08-17T18:48:05Z,
218.71.139.14,ipv4,malicious-ip,medium,WHITE,ziyadnz/hourly-ipv4,ziyadnz|hourly,2026-08-17T18:48:05Z,2026-08-17T18:48:05Z,
218.71.47.84,ipv4,malicious-ip,medium,WHITE,ziyadnz/hourly-ipv4,ziyadnz|hourly,2026-08-17T18:48:05Z,2026-08-17T18:48:05Z,
218.72.17.51,ipv4,malicious-ip,medium,WHITE,ziyadnz/hourly-ipv4,ziyadnz|hourly,2026-08-17T18:48:05Z,2026-08-17T18:48:05Z,
218.72.199.35,ipv4,malicious-ip,medium,WHITE,ziyadnz/hourly-ipv4,ziyadnz|hourly,2026-08-17T18:48:05Z,2026-08-17T18:48:05Z,
218.72.23.148,ipv4,malicious-ip,medium,WHITE,ziyadnz/hourly-ipv4,ziyadnz|hourly,2026-08-17T18:48:05Z,2026-08-17T18:48:05Z,
218.75.112.10,ipv4,malicious-ip,medium,WHITE,ziyadnz/hourly-ipv4,ziyadnz|hourly,2026-08-17T18:48:05Z,2026-08-17T18:48:05Z,
218.75.165.74,ipv4,malicious-ip,medium,WHITE,ziyadnz/hourly-ipv4,ziyadnz|hourly,2026-08-17T18:48:05Z,2026-08-17T18:48:05Z,
218.75.195.3,ipv4,malicious-ip,medium,WHITE,ziyadnz/hourly-ipv4,ziyadnz|hourly,2026-08-17T18:48:05Z,2026-08-17T18:48:05Z,
218.75.90.210,ipv4,malicious-ip,medium,WHITE,ziyadnz/hourly-ipv4,ziyadnz|hourly,2026-08-17T18:48:05Z,2026-08-17T18:48:05Z,
218.76.106.8,ipv4,malicious-ip,medium,WHITE,ziyadnz/hourly-ipv4,ziyadnz|hourly,2026-08-17T18:48:05Z,2026-08-17T18:48:05Z,
218.77.64.132,ipv4,malicious-ip,medium,WHITE,ziyadnz/hourly-ipv4,ziyadnz|hourly,2026-08-17T18:48:05Z,2026-08-17T18:48:05Z,
218.77.77.94,ipv4,malicious-ip,medium,WHITE,ziyadnz/hourly-ipv4,ziyadnz|hourly,2026-08-17T18:48:05Z,2026-08-17T18:48:05Z,
218.78.104.180,ipv4,malicious-ip,medium,WHITE,ziyadnz/hourly-ipv4,ziyadnz|hourly,2026-08-17T18:48:05Z,2026-08-17T18:48:05Z,
218.78.104.226,ipv4,malicious-ip,medium,WHITE,ziyadnz/hourly-ipv4,ziyadnz|hourly,2026-08-17T18:48:05Z,2026-08-17T18:48:05Z,
218.78.117.110,ipv4,malicious-ip,medium,WHITE,ziyadnz/hourly-ipv4,ziyadnz|hourly,2026-08-17T18:48:05Z,2026-08-17T18:48:05Z,
218.78.131.154,ipv4,malicious-ip,medium,WHITE,ziyadnz/hourly-ipv4,ziyadnz|hourly,2026-08-17T18:48:05Z,2026-08-17T18:48:05Z,
218.78.5.81,ipv4,malicious-ip,medium,WHITE,ziyadnz/hourly-ipv4,ziyadnz|hourly,2026-08-17T18:48:05Z,2026-08-17T18:48:05Z,
218.78.59.30,ipv4,malicious-ip,medium,WHITE,ziyadnz/hourly-ipv4,ziyadnz|hourly,2026-08-17T18:48:05Z,2026-08-17T18:48:05Z,
218.78.63.123,ipv4,malicious-ip,medium,WHITE,ziyadnz/hourly-ipv4,ziyadnz|hourly,2026-08-17T18:48:05Z,2026-08-17T18:48:05Z,
218.78.91.158,ipv4,malicious-ip,medium,WHITE,ziyadnz/hourly-ipv4,ziyadnz|hourly,2026-08-17T18:48:05Z,2026-08-17T18:48:05Z,
218.79.126.164,ipv4,malicious-ip,medium,WHITE,ziyadnz/hourly-ipv4,ziyadnz|hourly,2026-08-17T18:48:05Z,2026-08-17T18:48:05Z,
218.79.216.3,ipv4,malicious-ip,medium,WHITE,ziyadnz/hourly-ipv4,ziyadnz|hourly,2026-08-17T18:48:05Z,2026-08-17T18:48:05Z,
218.82.131.30,ipv4,malicious-ip,medium,WHITE,ziyadnz/hourly-ipv4,ziyadnz|hourly,2026-08-17T18:48:05Z,2026-08-17T18:48:05Z,
218.82.63.249,ipv4,malicious-ip,medium,WHITE,ziyadnz/hourly-ipv4,ziyadnz|hourly,2026-08-17T18:48:05Z,2026-08-17T18:48:05Z,
218.82.99.70,ipv4,malicious-ip,medium,WHITE,ziyadnz/hourly-ipv4,ziyadnz|hourly,2026-08-17T18:48:05Z,2026-08-17T18:48:05Z,
218.84.40.37,ipv4,malicious-ip,medium,WHITE,ziyadnz/hourly-ipv4,ziyadnz|hourly,2026-08-17T18:48:05Z,2026-08-17T18:48:05Z,
218.85.157.99,ipv4,malicious-ip,medium,WHITE,ziyadnz/hourly-ipv4,ziyadnz|hourly,2026-08-17T18:48:05Z,2026-08-17T18:48:05Z,
218.86.16.223,ipv4,malicious-ip,medium,WHITE,ziyadnz/hourly-ipv4,ziyadnz|hourly,2026-08-17T18:48:05Z,2026-08-17T18:48:05Z,
218.87.90.131,ipv4,malicious-ip,medium,WHITE,ziyadnz/hourly-ipv4,ziyadnz|hourly,2026-08-17T18:48:05Z,2026-08-17T18:48:05Z,
218.89.240.144,ipv4,malicious-ip,medium,WHITE,ziyadnz/hourly-ipv4,ziyadnz|hourly,2026-08-17T18:48:05Z,2026-08-17T18:48:05Z,
218.89.240.224,ipv4,malicious-ip,medium,WHITE,ziyadnz/hourly-ipv4,ziyadnz|hourly,2026-08-17T18:48:05Z,2026-08-17T18:48:05Z,
218.89.39.66,ipv4,malicious-ip,medium,WHITE,ziyadnz/hourly-ipv4,ziyadnz|hourly,2026-08-17T18:48:05Z,2026-08-17T18:48:05Z,
218.89.50.189,ipv4,malicious-ip,medium,WHITE,ziyadnz/hourly-ipv4,ziyadnz|hourly,2026-08-17T18:48:05Z,2026-08-17T18:48:05Z,
218.9.233.19,ipv4,malicious-ip,medium,WHITE,ziyadnz/hourly-ipv4,ziyadnz|hourly,2026-08-17T18:48:05Z,2026-08-17T18:48:05Z,
218.9.233.40,ipv4,malicious-ip,medium,WHITE,ziyadnz/hourly-ipv4,ziyadnz|hourly,2026-08-17T18:48:05Z,2026-08-17T18:48:05Z,
218.9.233.42,ipv4,malicious-ip,medium,WHITE,ziyadnz/hourly-ipv4,ziyadnz|hourly,2026-08-17T18:48:05Z,2026-08-17T18:48:05Z,
218.90.138.78,ipv4,malicious-ip,medium,WHITE,ziyadnz/hourly-ipv4,ziyadnz|hourly,2026-08-17T18:48:05Z,2026-08-17T18:48:05Z,
218.90.139.13,ipv4,malicious-ip,medium,WHITE,ziyadnz/hourly-ipv4,ziyadnz|hourly,2026-08-17T18:48:05Z,2026-08-17T18:48:05Z,
218.90.155.18,ipv4,malicious-ip,medium,WHITE,ziyadnz/hourly-ipv4,ziyadnz|hourly,2026-08-17T18:48:05Z,2026-08-17T18:48:05Z,
218.90.217.2,ipv4,malicious-ip,medium,WHITE,ziyadnz/hourly-ipv4,ziyadnz|hourly,2026-08-17T18:48:05Z,2026-08-17T18:48:05Z,
218.90.252.4,ipv4,malicious-ip,medium,WHITE,ziyadnz/hourly-ipv4,ziyadnz|hourly,2026-08-17T18:48:05Z,2026-08-17T18:48:05Z,
218.91.237.78,ipv4,malicious-ip,medium,WHITE,ziyadnz/hourly-ipv4,ziyadnz|hourly,2026-08-17T18:48:05Z,2026-08-17T18:48:05Z,
218.91.32.189,ipv4,malicious-ip,medium,WHITE,ziyadnz/hourly-ipv4,ziyadnz|hourly,2026-08-17T18:48:05Z,2026-08-17T18:48:05Z,
218.91.32.225,ipv4,malicious-ip,medium,WHITE,ziyadnz/hourly-ipv4,ziyadnz|hourly,2026-08-17T18:48:05Z,2026-08-17T18:48:05Z,
218.91.32.241,ipv4,malicious-ip,medium,WHITE,ziyadnz/hourly-ipv4,ziyadnz|hourly,2026-08-17T18:48:05Z,2026-08-17T18:48:05Z,
218.91.32.90,ipv4,malicious-ip,medium,WHITE,ziyadnz/hourly-ipv4,ziyadnz|hourly,2026-08-17T18:48:05Z,2026-08-17T18:48:05Z,
218.92.225.123,ipv4,malicious-ip,medium,WHITE,ziyadnz/hourly-ipv4,ziyadnz|hourly,2026-08-17T18:48:05Z,2026-08-17T18:48:05Z,
218.92.225.124,ipv4,malicious-ip,medium,WHITE,ziyadnz/hourly-ipv4,ziyadnz|hourly,2026-08-17T18:48:05Z,2026-08-17T18:48:05Z,
218.92.243.134,ipv4,malicious-ip,medium,WHITE,ziyadnz/hourly-ipv4,ziyadnz|hourly,2026-08-17T18:48:05Z,2026-08-17T18:48:05Z,
218.92.46.250,ipv4,malicious-ip,medium,WHITE,ziyadnz/hourly-ipv4,ziyadnz|hourly,2026-08-17T18:48:05Z,2026-08-17T18:48:05Z,
218.92.68.78,ipv4,malicious-ip,medium,WHITE,ziyadnz/hourly-ipv4,ziyadnz|hourly,2026-08-17T18:48:05Z,2026-08-17T18:48:05Z,
218.93.190.170,ipv4,malicious-ip,medium,WHITE,ziyadnz/hourly-ipv4,ziyadnz|hourly,2026-08-17T18:48:05Z,2026-08-17T18:48:05Z,
218.93.197.74,ipv4,malicious-ip,medium,WHITE,ziyadnz/hourly-ipv4,ziyadnz|hourly,2026-08-17T18:48:05Z,2026-08-17T18:48:05Z,
218.93.211.227,ipv4,malicious-ip,medium,WHITE,ziyadnz/hourly-ipv4,ziyadnz|hourly,2026-08-17T18:48:05Z,2026-08-17T18:48:05Z,
218.93.85.116,ipv4,malicious-ip,medium,WHITE,ziyadnz/hourly-ipv4,ziyadnz|hourly,2026-08-17T18:48:05Z,2026-08-17T18:48:05Z,
218.94.137.166,ipv4,malicious-ip,medium,WHITE,ziyadnz/hourly-ipv4,ziyadnz|hourly,2026-08-17T18:48:05Z,2026-08-17T18:48:05Z,
218.95.39.91,ipv4,malicious-ip,medium,WHITE,ziyadnz/hourly-ipv4,ziyadnz|hourly,2026-08-17T18:48:05Z,2026-08-17T18:48:05Z,
219.100.37.233,ipv4,malicious-ip,medium,WHITE,ziyadnz/hourly-ipv4,ziyadnz|hourly,2026-08-17T18:48:05Z,2026-08-17T18:48:05Z,
219.102.171.234,ipv4,malicious-ip,medium,WHITE,ziyadnz/hourly-ipv4,ziyadnz|hourly,2026-08-17T18:48:05Z,2026-08-17T18:48:05Z,
219.104.133.161,ipv4,malicious-ip,medium,WHITE,ziyadnz/hourly-ipv4,ziyadnz|hourly,2026-08-17T18:48:05Z,2026-08-17T18:48:05Z,
219.111.223.126,ipv4,malicious-ip,medium,WHITE,ziyadnz/hourly-ipv4,ziyadnz|hourly,2026-08-17T18:48:05Z,2026-08-17T18:48:05Z,
219.115.13.235,ipv4,malicious-ip,medium,WHITE,ziyadnz/hourly-ipv4,ziyadnz|hourly,2026-08-17T18:48:05Z,2026-08-17T18:48:05Z,
219.117.200.63,ipv4,malicious-ip,medium,WHITE,ziyadnz/hourly-ipv4,ziyadnz|hourly,2026-08-17T18:48:05Z,2026-08-17T18:48:05Z,
219.117.219.36,ipv4,malicious-ip,medium,WHITE,ziyadnz/hourly-ipv4,ziyadnz|hourly,2026-08-17T18:48:05Z,2026-08-17T18:48:05Z,
219.121.13.107,ipv4,malicious-ip,medium,WHITE,ziyadnz/hourly-ipv4,ziyadnz|hourly,2026-08-17T18:48:05Z,2026-08-17T18:48:05Z,
219.121.50.78,ipv4,malicious-ip,medium,WHITE,ziyadnz/hourly-ipv4,ziyadnz|hourly,2026-08-17T18:48:05Z,2026-08-17T18:48:05Z,
219.121.63.81,ipv4,malicious-ip,medium,WHITE,ziyadnz/hourly-ipv4,ziyadnz|hourly,2026-08-17T18:48:05Z,2026-08-17T18:48:05Z,
219.128.141.178,ipv4,malicious-ip,medium,WHITE,ziyadnz/hourly-ipv4,ziyadnz|hourly,2026-08-17T18:48:05Z,2026-08-17T18:48:05Z,
219.128.75.174,ipv4,malicious-ip,medium,WHITE,ziyadnz/hourly-ipv4,ziyadnz|hourly,2026-08-17T18:48:05Z,2026-08-17T18:48:05Z,
219.129.198.19,ipv4,malicious-ip,medium,WHITE,ziyadnz/hourly-ipv4,ziyadnz|hourly,2026-08-17T18:48:05Z,2026-08-17T18:48:05Z,
219.129.234.73,ipv4,malicious-ip,medium,WHITE,ziyadnz/hourly-ipv4,ziyadnz|hourly,2026-08-17T18:48:05Z,2026-08-17T18:48:05Z,
219.130.135.122,ipv4,malicious-ip,medium,WHITE,ziyadnz/hourly-ipv4,ziyadnz|hourly,2026-08-17T18:48:05Z,2026-08-17T18:48:05Z,
219.138.41.132,ipv4,malicious-ip,medium,WHITE,ziyadnz/hourly-ipv4,ziyadnz|hourly,2026-08-17T18:48:05Z,2026-08-17T18:48:05Z,
219.138.99.47,ipv4,malicious-ip,medium,WHITE,ziyadnz/hourly-ipv4,ziyadnz|hourly,2026-08-17T18:48:05Z,2026-08-17T18:48:05Z,
219.139.119.202,ipv4,malicious-ip,medium,WHITE,ziyadnz/hourly-ipv4,ziyadnz|hourly,2026-08-17T18:48:05Z,2026-08-17T18:48:05Z,
219.139.136.2,ipv4,malicious-ip,medium,WHITE,ziyadnz/hourly-ipv4,ziyadnz|hourly,2026-08-17T18:48:05Z,2026-08-17T18:48:05Z,
219.139.156.95,ipv4,malicious-ip,medium,WHITE,ziyadnz/hourly-ipv4,ziyadnz|hourly,2026-08-17T18:48:05Z,2026-08-17T18:48:05Z,
219.139.157.123,ipv4,malicious-ip,medium,WHITE,ziyadnz/hourly-ipv4,ziyadnz|hourly,2026-08-17T18:48:05Z,2026-08-17T18:48:05Z,
219.139.32.68,ipv4,malicious-ip,medium,WHITE,ziyadnz/hourly-ipv4,ziyadnz|hourly,2026-08-17T18:48:05Z,2026-08-17T18:48:05Z,
219.139.66.54,ipv4,malicious-ip,medium,WHITE,ziyadnz/hourly-ipv4,ziyadnz|hourly,2026-08-17T18:48:05Z,2026-08-17T18:48:05Z,
219.139.83.165,ipv4,malicious-ip,medium,WHITE,ziyadnz/hourly-ipv4,ziyadnz|hourly,2026-08-17T18:48:05Z,2026-08-17T18:48:05Z,
219.140.105.152,ipv4,malicious-ip,medium,WHITE,ziyadnz/hourly-ipv4,ziyadnz|hourly,2026-08-17T18:48:05Z,2026-08-17T18:48:05Z,
219.140.5.101,ipv4,malicious-ip,medium,WHITE,ziyadnz/hourly-ipv4,ziyadnz|hourly,2026-08-17T18:48:05Z,2026-08-17T18:48:05Z,
219.140.5.141,ipv4,malicious-ip,medium,WHITE,ziyadnz/hourly-ipv4,ziyadnz|hourly,2026-08-17T18:48:05Z,2026-08-17T18:48:05Z,
219.140.5.220,ipv4,malicious-ip,medium,WHITE,ziyadnz/hourly-ipv4,ziyadnz|hourly,2026-08-17T18:48:05Z,2026-08-17T18:48:05Z,
219.140.5.23,ipv4,malicious-ip,medium,WHITE,ziyadnz/hourly-ipv4,ziyadnz|hourly,2026-08-17T18:48:05Z,2026-08-17T18:48:05Z,
219.140.7.223,ipv4,malicious-ip,medium,WHITE,ziyadnz/hourly-ipv4,ziyadnz|hourly,2026-08-17T18:48:05Z,2026-08-17T18:48:05Z,
219.143.102.98,ipv4,malicious-ip,medium,WHITE,ziyadnz/hourly-ipv4,ziyadnz|hourly,2026-08-17T18:48:05Z,2026-08-17T18:48:05Z,
219.143.126.167,ipv4,malicious-ip,medium,WHITE,ziyadnz/hourly-ipv4,ziyadnz|hourly,2026-08-17T18:48:05Z,2026-08-17T18:48:05Z,
219.143.128.202,ipv4,malicious-ip,medium,WHITE,ziyadnz/hourly-ipv4,ziyadnz|hourly,2026-08-17T18:48:05Z,2026-08-17T18:48:05Z,
219.143.197.1,ipv4,malicious-ip,medium,WHITE,ziyadnz/hourly-ipv4,ziyadnz|hourly,2026-08-17T18:48:05Z,2026-08-17T18:48:05Z,
219.143.70.249,ipv4,malicious-ip,medium,WHITE,ziyadnz/hourly-ipv4,ziyadnz|hourly,2026-08-17T18:48:05Z,2026-08-17T18:48:05Z,
219.144.80.143,ipv4,malicious-ip,medium,WHITE,ziyadnz/hourly-ipv4,ziyadnz|hourly,2026-08-17T18:48:05Z,2026-08-17T18:48:05Z,
219.145.1.117,ipv4,malicious-ip,medium,WHITE,ziyadnz/hourly-ipv4,ziyadnz|hourly,2026-08-17T18:48:05Z,2026-08-17T18:48:05Z,
219.145.32.240,ipv4,malicious-ip,medium,WHITE,ziyadnz/hourly-ipv4,ziyadnz|hourly,2026-08-17T18:48:05Z,2026-08-17T18:48:05Z,
219.145.34.41,ipv4,malicious-ip,medium,WHITE,ziyadnz/hourly-ipv4,ziyadnz|hourly,2026-08-17T18:48:05Z,2026-08-17T18:48:05Z,
219.145.38.242,ipv4,malicious-ip,medium,WHITE,ziyadnz/hourly-ipv4,ziyadnz|hourly,2026-08-17T18:48:05Z,2026-08-17T18:48:05Z,
219.145.38.97,ipv4,malicious-ip,medium,WHITE,ziyadnz/hourly-ipv4,ziyadnz|hourly,2026-08-17T18:48:05Z,2026-08-17T18:48:05Z,
219.145.47.155,ipv4,malicious-ip,medium,WHITE,ziyadnz/hourly-ipv4,ziyadnz|hourly,2026-08-17T18:48:05Z,2026-08-17T18:48:05Z,
219.145.8.97,ipv4,malicious-ip,medium,WHITE,ziyadnz/hourly-ipv4,ziyadnz|hourly,2026-08-17T18:48:05Z,2026-08-17T18:48:05Z,
219.146.241.122,ipv4,malicious-ip,medium,WHITE,ziyadnz/hourly-ipv4,ziyadnz|hourly,2026-08-17T18:48:05Z,2026-08-17T18:48:05Z,
219.146.255.202,ipv4,malicious-ip,medium,WHITE,ziyadnz/hourly-ipv4,ziyadnz|hourly,2026-08-17T18:48:05Z,2026-08-17T18:48:05Z,
219.146.90.102,ipv4,malicious-ip,medium,WHITE,ziyadnz/hourly-ipv4,ziyadnz|hourly,2026-08-17T18:48:05Z,2026-08-17T18:48:05Z,
219.146.92.186,ipv4,malicious-ip,medium,WHITE,ziyadnz/hourly-ipv4,ziyadnz|hourly,2026-08-17T18:48:05Z,2026-08-17T18:48:05Z,
219.147.106.14,ipv4,malicious-ip,medium,WHITE,ziyadnz/hourly-ipv4,ziyadnz|hourly,2026-08-17T18:48:05Z,2026-08-17T18:48:05Z,
219.147.109.6,ipv4,malicious-ip,medium,WHITE,ziyadnz/hourly-ipv4,ziyadnz|hourly,2026-08-17T18:48:05Z,2026-08-17T18:48:05Z,
219.147.113.82,ipv4,malicious-ip,medium,WHITE,ziyadnz/hourly-ipv4,ziyadnz|hourly,2026-08-17T18:48:05Z,2026-08-17T18:48:05Z,
219.147.120.86,ipv4,malicious-ip,medium,WHITE,ziyadnz/hourly-ipv4,ziyadnz|hourly,2026-08-17T18:48:05Z,2026-08-17T18:48:05Z,
219.147.17.165,ipv4,malicious-ip,medium,WHITE,ziyadnz/hourly-ipv4,ziyadnz|hourly,2026-08-17T18:48:05Z,2026-08-17T18:48:05Z,
219.148.163.2,ipv4,malicious-ip,medium,WHITE,ziyadnz/hourly-ipv4,ziyadnz|hourly,2026-08-17T18:48:05Z,2026-08-17T18:48:05Z,
219.149.208.132,ipv4,malicious-ip,medium,WHITE,ziyadnz/hourly-ipv4,ziyadnz|hourly,2026-08-17T18:48:05Z,2026-08-17T18:48:05Z,
219.149.208.137,ipv4,malicious-ip,medium,WHITE,ziyadnz/hourly-ipv4,ziyadnz|hourly,2026-08-17T18:48:05Z,2026-08-17T18:48:05Z,
219.151.176.97,ipv4,malicious-ip,medium,WHITE,ziyadnz/hourly-ipv4,ziyadnz|hourly,2026-08-17T18:48:05Z,2026-08-17T18:48:05Z,
219.151.183.105,ipv4,malicious-ip,medium,WHITE,ziyadnz/hourly-ipv4,ziyadnz|hourly,2026-08-17T18:48:05Z,2026-08-17T18:48:05Z,
219.152.170.58,ipv4,malicious-ip,medium,WHITE,ziyadnz/hourly-ipv4,ziyadnz|hourly,2026-08-17T18:48:05Z,2026-08-17T18:48:05Z,
219.152.48.83,ipv4,malicious-ip,medium,WHITE,ziyadnz/hourly-ipv4,ziyadnz|hourly,2026-08-17T18:48:05Z,2026-08-17T18:48:05Z,
219.153.103.109,ipv4,malicious-ip,medium,WHITE,ziyadnz/hourly-ipv4,ziyadnz|hourly,2026-08-17T18:48:05Z,2026-08-17T18:48:05Z,
219.153.133.115,ipv4,malicious-ip,medium,WHITE,ziyadnz/hourly-ipv4,ziyadnz|hourly,2026-08-17T18:48:05Z,2026-08-17T18:48:05Z,
219.154.234.146,ipv4,malicious-ip,medium,WHITE,ziyadnz/hourly-ipv4,ziyadnz|hourly,2026-08-17T18:48:05Z,2026-08-17T18:48:05Z,
219.155.104.132,ipv4,malicious-ip,medium,WHITE,ziyadnz/hourly-ipv4,ziyadnz|hourly,2026-08-17T18:48:05Z,2026-08-17T18:48:05Z,
219.155.130.54,ipv4,malicious-ip,medium,WHITE,ziyadnz/hourly-ipv4,ziyadnz|hourly,2026-08-17T18:48:05Z,2026-08-17T18:48:05Z,
219.155.56.212,ipv4,malicious-ip,medium,WHITE,ziyadnz/hourly-ipv4,ziyadnz|hourly,2026-08-17T18:48:05Z,2026-08-17T18:48:05Z,
219.155.89.39,ipv4,malicious-ip,medium,WHITE,ziyadnz/hourly-ipv4,ziyadnz|hourly,2026-08-17T18:48:05Z,2026-08-17T18:48:05Z,
219.156.193.97,ipv4,malicious-ip,medium,WHITE,ziyadnz/hourly-ipv4,ziyadnz|hourly,2026-08-17T18:48:05Z,2026-08-17T18:48:05Z,
219.157.10.128,ipv4,malicious-ip,medium,WHITE,ziyadnz/hourly-ipv4,ziyadnz|hourly,2026-08-17T18:48:05Z,2026-08-17T18:48:05Z,
219.157.13.77,ipv4,malicious-ip,medium,WHITE,ziyadnz/hourly-ipv4,ziyadnz|hourly,2026-08-17T18:48:05Z,2026-08-17T18:48:05Z,
219.157.135.129,ipv4,malicious-ip,medium,WHITE,ziyadnz/hourly-ipv4,ziyadnz|hourly,2026-08-17T18:48:05Z,2026-08-17T18:48:05Z,
219.157.136.79,ipv4,malicious-ip,medium,WHITE,ziyadnz/hourly-ipv4,ziyadnz|hourly,2026-08-17T18:48:05Z,2026-08-17T18:48:05Z,
219.157.140.127,ipv4,malicious-ip,medium,WHITE,ziyadnz/hourly-ipv4,ziyadnz|hourly,2026-08-17T18:48:05Z,2026-08-17T18:48:05Z,
219.157.62.71,ipv4,malicious-ip,medium,WHITE,ziyadnz/hourly-ipv4,ziyadnz|hourly,2026-08-17T18:48:05Z,2026-08-17T18:48:05Z,
219.159.229.61,ipv4,malicious-ip,medium,WHITE,ziyadnz/hourly-ipv4,ziyadnz|hourly,2026-08-17T18:48:05Z,2026-08-17T18:48:05Z,
219.159.92.121,ipv4,malicious-ip,medium,WHITE,ziyadnz/hourly-ipv4,ziyadnz|hourly,2026-08-17T18:48:05Z,2026-08-17T18:48:05Z,
219.241.31.24,ipv4,malicious-ip,medium,WHITE,ziyadnz/hourly-ipv4,ziyadnz|hourly,2026-08-17T18:48:05Z,2026-08-17T18:48:05Z,
219.251.24.135,ipv4,malicious-ip,medium,WHITE,ziyadnz/hourly-ipv4,ziyadnz|hourly,2026-08-17T18:48:05Z,2026-08-17T18:48:05Z,
219.74.166.244,ipv4,malicious-ip,medium,WHITE,ziyadnz/hourly-ipv4,ziyadnz|hourly,2026-08-17T18:48:05Z,2026-08-17T18:48:05Z,
219.75.68.76,ipv4,malicious-ip,medium,WHITE,ziyadnz/hourly-ipv4,ziyadnz|hourly,2026-08-17T18:48:05Z,2026-08-17T18:48:05Z,
219.76.254.184,ipv4,malicious-ip,medium,WHITE,ziyadnz/hourly-ipv4,ziyadnz|hourly,2026-08-17T18:48:05Z,2026-08-17T18:48:05Z,
219.77.27.229,ipv4,malicious-ip,medium,WHITE,ziyadnz/hourly-ipv4,ziyadnz|hourly,2026-08-17T18:48:05Z,2026-08-17T18:48:05Z,
219.79.113.155,ipv4,malicious-ip,medium,WHITE,ziyadnz/hourly-ipv4,ziyadnz|hourly,2026-08-17T18:48:05Z,2026-08-17T18:48:05Z,
219.79.235.9,ipv4,malicious-ip,medium,WHITE,ziyadnz/hourly-ipv4,ziyadnz|hourly,2026-08-17T18:48:05Z,2026-08-17T18:48:05Z,
219.85.126.175,ipv4,malicious-ip,medium,WHITE,ziyadnz/hourly-ipv4,ziyadnz|hourly,2026-08-17T18:48:05Z,2026-08-17T18:48:05Z,
219.85.6.221,ipv4,malicious-ip,medium,WHITE,ziyadnz/hourly-ipv4,ziyadnz|hourly,2026-08-17T18:48:05Z,2026-08-17T18:48:05Z,
219.85.63.45,ipv4,malicious-ip,medium,WHITE,ziyadnz/hourly-ipv4,ziyadnz|hourly,2026-08-17T18:48:05Z,2026-08-17T18:48:05Z,
219.89.197.82,ipv4,malicious-ip,medium,WHITE,ziyadnz/hourly-ipv4,ziyadnz|hourly,2026-08-17T18:48:05Z,2026-08-17T18:48:05Z,
219.91.210.234,ipv4,malicious-ip,medium,WHITE,ziyadnz/hourly-ipv4,ziyadnz|hourly,2026-08-17T18:48:05Z,2026-08-17T18:48:05Z,
219.91.66.141,ipv4,malicious-ip,medium,WHITE,ziyadnz/hourly-ipv4,ziyadnz|hourly,2026-08-17T18:48:05Z,2026-08-17T18:48:05Z,
219.92.26.17,ipv4,malicious-ip,medium,WHITE,ziyadnz/hourly-ipv4,ziyadnz|hourly,2026-08-17T18:48:05Z,2026-08-17T18:48:05Z,
219.92.8.252,ipv4,malicious-ip,medium,WHITE,ziyadnz/hourly-ipv4,ziyadnz|hourly,2026-08-17T18:48:05Z,2026-08-17T18:48:05Z,
219.94.78.95,ipv4,malicious-ip,medium,WHITE,ziyadnz/hourly-ipv4,ziyadnz|hourly,2026-08-17T18:48:05Z,2026-08-17T18:48:05Z,
220.112.207.212,ipv4,malicious-ip,medium,WHITE,ziyadnz/hourly-ipv4,ziyadnz|hourly,2026-08-17T18:48:05Z,2026-08-17T18:48:05Z,
220.116.26.179,ipv4,malicious-ip,medium,WHITE,ziyadnz/hourly-ipv4,ziyadnz|hourly,2026-08-17T18:48:05Z,2026-08-17T18:48:05Z,
220.117.235.58,ipv4,malicious-ip,medium,WHITE,ziyadnz/hourly-ipv4,ziyadnz|hourly,2026-08-17T18:48:05Z,2026-08-17T18:48:05Z,
220.118.219.132,ipv4,malicious-ip,medium,WHITE,ziyadnz/hourly-ipv4,ziyadnz|hourly,2026-08-17T18:48:05Z,2026-08-17T18:48:05Z,
220.119.14.146,ipv4,malicious-ip,medium,WHITE,ziyadnz/hourly-ipv4,ziyadnz|hourly,2026-08-17T18:48:05Z,2026-08-17T18:48:05Z,
220.119.37.141,ipv4,malicious-ip,medium,WHITE,ziyadnz/hourly-ipv4,ziyadnz|hourly,2026-08-17T18:48:05Z,2026-08-17T18:48:05Z,
220.124.217.150,ipv4,malicious-ip,medium,WHITE,ziyadnz/hourly-ipv4,ziyadnz|hourly,2026-08-17T18:48:05Z,2026-08-17T18:48:05Z,
220.124.230.188,ipv4,malicious-ip,medium,WHITE,ziyadnz/hourly-ipv4,ziyadnz|hourly,2026-08-17T18:48:05Z,2026-08-17T18:48:05Z,
220.124.231.28,ipv4,malicious-ip,medium,WHITE,ziyadnz/hourly-ipv4,ziyadnz|hourly,2026-08-17T18:48:05Z,2026-08-17T18:48:05Z,
220.124.233.20,ipv4,malicious-ip,medium,WHITE,ziyadnz/hourly-ipv4,ziyadnz|hourly,2026-08-17T18:48:05Z,2026-08-17T18:48:05Z,
220.124.233.214,ipv4,malicious-ip,medium,WHITE,ziyadnz/hourly-ipv4,ziyadnz|hourly,2026-08-17T18:48:05Z,2026-08-17T18:48:05Z,
220.124.246.169,ipv4,malicious-ip,medium,WHITE,ziyadnz/hourly-ipv4,ziyadnz|hourly,2026-08-17T18:48:05Z,2026-08-17T18:48:05Z,
220.125.120.231,ipv4,malicious-ip,medium,WHITE,ziyadnz/hourly-ipv4,ziyadnz|hourly,2026-08-17T18:48:05Z,2026-08-17T18:48:05Z,
220.126.2.149,ipv4,malicious-ip,medium,WHITE,ziyadnz/hourly-ipv4,ziyadnz|hourly,2026-08-17T18:48:05Z,2026-08-17T18:48:05Z,
220.126.235.123,ipv4,malicious-ip,medium,WHITE,ziyadnz/hourly-ipv4,ziyadnz|hourly,2026-08-17T18:48:05Z,2026-08-17T18:48:05Z,
220.126.240.110,ipv4,malicious-ip,medium,WHITE,ziyadnz/hourly-ipv4,ziyadnz|hourly,2026-08-17T18:48:05Z,2026-08-17T18:48:05Z,
220.128.105.86,ipv4,malicious-ip,medium,WHITE,ziyadnz/hourly-ipv4,ziyadnz|hourly,2026-08-17T18:48:05Z,2026-08-17T18:48:05Z,
220.128.136.76,ipv4,malicious-ip,medium,WHITE,ziyadnz/hourly-ipv4,ziyadnz|hourly,2026-08-17T18:48:05Z,2026-08-17T18:48:05Z,
220.128.137.164,ipv4,malicious-ip,medium,WHITE,ziyadnz/hourly-ipv4,ziyadnz|hourly,2026-08-17T18:48:05Z,2026-08-17T18:48:05Z,
220.128.141.164,ipv4,malicious-ip,medium,WHITE,ziyadnz/hourly-ipv4,ziyadnz|hourly,2026-08-17T18:48:05Z,2026-08-17T18:48:05Z,
220.129.145.223,ipv4,malicious-ip,medium,WHITE,ziyadnz/hourly-ipv4,ziyadnz|hourly,2026-08-17T18:48:05Z,2026-08-17T18:48:05Z,
220.129.146.249,ipv4,malicious-ip,medium,WHITE,ziyadnz/hourly-ipv4,ziyadnz|hourly,2026-08-17T18:48:05Z,2026-08-17T18:48:05Z,
220.130.157.62,ipv4,malicious-ip,medium,WHITE,ziyadnz/hourly-ipv4,ziyadnz|hourly,2026-08-17T18:48:05Z,2026-08-17T18:48:05Z,
220.130.60.92,ipv4,malicious-ip,medium,WHITE,ziyadnz/hourly-ipv4,ziyadnz|hourly,2026-08-17T18:48:05Z,2026-08-17T18:48:05Z,
220.132.100.93,ipv4,malicious-ip,medium,WHITE,ziyadnz/hourly-ipv4,ziyadnz|hourly,2026-08-17T18:48:05Z,2026-08-17T18:48:05Z,
220.132.113.141,ipv4,malicious-ip,medium,WHITE,ziyadnz/hourly-ipv4,ziyadnz|hourly,2026-08-17T18:48:05Z,2026-08-17T18:48:05Z,
220.132.136.5,ipv4,malicious-ip,medium,WHITE,ziyadnz/hourly-ipv4,ziyadnz|hourly,2026-08-17T18:48:05Z,2026-08-17T18:48:05Z,
220.132.147.12,ipv4,malicious-ip,medium,WHITE,ziyadnz/hourly-ipv4,ziyadnz|hourly,2026-08-17T18:48:05Z,2026-08-17T18:48:05Z,
220.132.149.61,ipv4,malicious-ip,medium,WHITE,ziyadnz/hourly-ipv4,ziyadnz|hourly,2026-08-17T18:48:05Z,2026-08-17T18:48:05Z,
220.132.150.56,ipv4,malicious-ip,medium,WHITE,ziyadnz/hourly-ipv4,ziyadnz|hourly,2026-08-17T18:48:05Z,2026-08-17T18:48:05Z,
220.132.161.111,ipv4,malicious-ip,medium,WHITE,ziyadnz/hourly-ipv4,ziyadnz|hourly,2026-08-17T18:48:05Z,2026-08-17T18:48:05Z,
220.132.163.22,ipv4,malicious-ip,medium,WHITE,ziyadnz/hourly-ipv4,ziyadnz|hourly,2026-08-17T18:48:05Z,2026-08-17T18:48:05Z,
220.132.163.227,ipv4,malicious-ip,medium,WHITE,ziyadnz/hourly-ipv4,ziyadnz|hourly,2026-08-17T18:48:05Z,2026-08-17T18:48:05Z,
220.132.163.59,ipv4,malicious-ip,medium,WHITE,ziyadnz/hourly-ipv4,ziyadnz|hourly,2026-08-17T18:48:05Z,2026-08-17T18:48:05Z,
220.132.170.64,ipv4,malicious-ip,medium,WHITE,ziyadnz/hourly-ipv4,ziyadnz|hourly,2026-08-17T18:48:05Z,2026-08-17T18:48:05Z,
220.132.184.90,ipv4,malicious-ip,medium,WHITE,ziyadnz/hourly-ipv4,ziyadnz|hourly,2026-08-17T18:48:05Z,2026-08-17T18:48:05Z,
220.132.19.67,ipv4,malicious-ip,medium,WHITE,ziyadnz/hourly-ipv4,ziyadnz|hourly,2026-08-17T18:48:05Z,2026-08-17T18:48:05Z,
220.132.193.200,ipv4,malicious-ip,medium,WHITE,ziyadnz/hourly-ipv4,ziyadnz|hourly,2026-08-17T18:48:05Z,2026-08-17T18:48:05Z,
220.132.194.158,ipv4,malicious-ip,medium,WHITE,ziyadnz/hourly-ipv4,ziyadnz|hourly,2026-08-17T18:48:05Z,2026-08-17T18:48:05Z,
220.132.194.78,ipv4,malicious-ip,medium,WHITE,ziyadnz/hourly-ipv4,ziyadnz|hourly,2026-08-17T18:48:05Z,2026-08-17T18:48:05Z,
220.132.197.23,ipv4,malicious-ip,medium,WHITE,ziyadnz/hourly-ipv4,ziyadnz|hourly,2026-08-17T18:48:05Z,2026-08-17T18:48:05Z,
220.132.207.63,ipv4,malicious-ip,medium,WHITE,ziyadnz/hourly-ipv4,ziyadnz|hourly,2026-08-17T18:48:05Z,2026-08-17T18:48:05Z,
220.132.225.83,ipv4,malicious-ip,medium,WHITE,ziyadnz/hourly-ipv4,ziyadnz|hourly,2026-08-17T18:48:05Z,2026-08-17T18:48:05Z,
220.132.241.243,ipv4,malicious-ip,medium,WHITE,ziyadnz/hourly-ipv4,ziyadnz|hourly,2026-08-17T18:48:05Z,2026-08-17T18:48:05Z,
220.132.250.236,ipv4,malicious-ip,medium,WHITE,ziyadnz/hourly-ipv4,ziyadnz|hourly,2026-08-17T18:48:05Z,2026-08-17T18:48:05Z,
220.132.42.28,ipv4,malicious-ip,medium,WHITE,ziyadnz/hourly-ipv4,ziyadnz|hourly,2026-08-17T18:48:05Z,2026-08-17T18:48:05Z,
220.133.122.106,ipv4,malicious-ip,medium,WHITE,ziyadnz/hourly-ipv4,ziyadnz|hourly,2026-08-17T18:48:05Z,2026-08-17T18:48:05Z,
220.133.142.126,ipv4,malicious-ip,medium,WHITE,ziyadnz/hourly-ipv4,ziyadnz|hourly,2026-08-17T18:48:05Z,2026-08-17T18:48:05Z,
220.133.144.118,ipv4,malicious-ip,medium,WHITE,ziyadnz/hourly-ipv4,ziyadnz|hourly,2026-08-17T18:48:05Z,2026-08-17T18:48:05Z,
220.133.15.82,ipv4,malicious-ip,medium,WHITE,ziyadnz/hourly-ipv4,ziyadnz|hourly,2026-08-17T18:48:05Z,2026-08-17T18:48:05Z,
220.133.157.96,ipv4,malicious-ip,medium,WHITE,ziyadnz/hourly-ipv4,ziyadnz|hourly,2026-08-17T18:48:05Z,2026-08-17T18:48:05Z,
220.133.158.253,ipv4,malicious-ip,medium,WHITE,ziyadnz/hourly-ipv4,ziyadnz|hourly,2026-08-17T18:48:05Z,2026-08-17T18:48:05Z,
220.133.158.34,ipv4,malicious-ip,medium,WHITE,ziyadnz/hourly-ipv4,ziyadnz|hourly,2026-08-17T18:48:05Z,2026-08-17T18:48:05Z,
220.133.162.106,ipv4,malicious-ip,medium,WHITE,ziyadnz/hourly-ipv4,ziyadnz|hourly,2026-08-17T18:48:05Z,2026-08-17T18:48:05Z,
220.133.177.156,ipv4,malicious-ip,medium,WHITE,ziyadnz/hourly-ipv4,ziyadnz|hourly,2026-08-17T18:48:05Z,2026-08-17T18:48:05Z,
220.133.181.80,ipv4,malicious-ip,medium,WHITE,ziyadnz/hourly-ipv4,ziyadnz|hourly,2026-08-17T18:48:05Z,2026-08-17T18:48:05Z,
220.133.185.18,ipv4,malicious-ip,medium,WHITE,ziyadnz/hourly-ipv4,ziyadnz|hourly,2026-08-17T18:48:05Z,2026-08-17T18:48:05Z,
220.133.191.240,ipv4,malicious-ip,medium,WHITE,ziyadnz/hourly-ipv4,ziyadnz|hourly,2026-08-17T18:48:05Z,2026-08-17T18:48:05Z,
220.133.196.95,ipv4,malicious-ip,medium,WHITE,ziyadnz/hourly-ipv4,ziyadnz|hourly,2026-08-17T18:48:05Z,2026-08-17T18:48:05Z,
220.133.213.66,ipv4,malicious-ip,medium,WHITE,ziyadnz/hourly-ipv4,ziyadnz|hourly,2026-08-17T18:48:05Z,2026-08-17T18:48:05Z,
220.133.219.16,ipv4,malicious-ip,medium,WHITE,ziyadnz/hourly-ipv4,ziyadnz|hourly,2026-08-17T18:48:05Z,2026-08-17T18:48:05Z,
220.133.53.12,ipv4,malicious-ip,medium,WHITE,ziyadnz/hourly-ipv4,ziyadnz|hourly,2026-08-17T18:48:05Z,2026-08-17T18:48:05Z,
220.133.69.2,ipv4,malicious-ip,medium,WHITE,ziyadnz/hourly-ipv4,ziyadnz|hourly,2026-08-17T18:48:05Z,2026-08-17T18:48:05Z,
220.134.100.207,ipv4,malicious-ip,medium,WHITE,ziyadnz/hourly-ipv4,ziyadnz|hourly,2026-08-17T18:48:05Z,2026-08-17T18:48:05Z,
220.134.116.184,ipv4,malicious-ip,medium,WHITE,ziyadnz/hourly-ipv4,ziyadnz|hourly,2026-08-17T18:48:05Z,2026-08-17T18:48:05Z,
220.134.146.75,ipv4,malicious-ip,medium,WHITE,ziyadnz/hourly-ipv4,ziyadnz|hourly,2026-08-17T18:48:05Z,2026-08-17T18:48:05Z,
220.134.19.8,ipv4,malicious-ip,medium,WHITE,ziyadnz/hourly-ipv4,ziyadnz|hourly,2026-08-17T18:48:05Z,2026-08-17T18:48:05Z,
220.134.195.155,ipv4,malicious-ip,medium,WHITE,ziyadnz/hourly-ipv4,ziyadnz|hourly,2026-08-17T18:48:05Z,2026-08-17T18:48:05Z,
220.134.205.211,ipv4,malicious-ip,medium,WHITE,ziyadnz/hourly-ipv4,ziyadnz|hourly,2026-08-17T18:48:05Z,2026-08-17T18:48:05Z,
220.134.25.203,ipv4,malicious-ip,medium,WHITE,ziyadnz/hourly-ipv4,ziyadnz|hourly,2026-08-17T18:48:05Z,2026-08-17T18:48:05Z,
220.134.39.181,ipv4,malicious-ip,medium,WHITE,ziyadnz/hourly-ipv4,ziyadnz|hourly,2026-08-17T18:48:05Z,2026-08-17T18:48:05Z,
220.134.57.61,ipv4,malicious-ip,medium,WHITE,ziyadnz/hourly-ipv4,ziyadnz|hourly,2026-08-17T18:48:05Z,2026-08-17T18:48:05Z,
220.134.94.168,ipv4,malicious-ip,medium,WHITE,ziyadnz/hourly-ipv4,ziyadnz|hourly,2026-08-17T18:48:05Z,2026-08-17T18:48:05Z,
220.134.94.69,ipv4,malicious-ip,medium,WHITE,ziyadnz/hourly-ipv4,ziyadnz|hourly,2026-08-17T18:48:05Z,2026-08-17T18:48:05Z,
220.135.101.92,ipv4,malicious-ip,medium,WHITE,ziyadnz/hourly-ipv4,ziyadnz|hourly,2026-08-17T18:48:05Z,2026-08-17T18:48:05Z,
220.135.110.234,ipv4,malicious-ip,medium,WHITE,ziyadnz/hourly-ipv4,ziyadnz|hourly,2026-08-17T18:48:05Z,2026-08-17T18:48:05Z,
220.135.148.202,ipv4,malicious-ip,medium,WHITE,ziyadnz/hourly-ipv4,ziyadnz|hourly,2026-08-17T18:48:05Z,2026-08-17T18:48:05Z,
220.135.161.85,ipv4,malicious-ip,medium,WHITE,ziyadnz/hourly-ipv4,ziyadnz|hourly,2026-08-17T18:48:05Z,2026-08-17T18:48:05Z,
220.135.168.173,ipv4,malicious-ip,medium,WHITE,ziyadnz/hourly-ipv4,ziyadnz|hourly,2026-08-17T18:48:05Z,2026-08-17T18:48:05Z,
220.135.183.95,ipv4,malicious-ip,medium,WHITE,ziyadnz/hourly-ipv4,ziyadnz|hourly,2026-08-17T18:48:05Z,2026-08-17T18:48:05Z,
220.135.197.47,ipv4,malicious-ip,medium,WHITE,ziyadnz/hourly-ipv4,ziyadnz|hourly,2026-08-17T18:48:05Z,2026-08-17T18:48:05Z,
220.135.200.149,ipv4,malicious-ip,medium,WHITE,ziyadnz/hourly-ipv4,ziyadnz|hourly,2026-08-17T18:48:05Z,2026-08-17T18:48:05Z,
220.135.21.20,ipv4,malicious-ip,medium,WHITE,ziyadnz/hourly-ipv4,ziyadnz|hourly,2026-08-17T18:48:05Z,2026-08-17T18:48:05Z,
220.135.213.213,ipv4,malicious-ip,medium,WHITE,ziyadnz/hourly-ipv4,ziyadnz|hourly,2026-08-17T18:48:05Z,2026-08-17T18:48:05Z,
220.135.221.212,ipv4,malicious-ip,medium,WHITE,ziyadnz/hourly-ipv4,ziyadnz|hourly,2026-08-17T18:48:05Z,2026-08-17T18:48:05Z,
220.135.226.87,ipv4,malicious-ip,medium,WHITE,ziyadnz/hourly-ipv4,ziyadnz|hourly,2026-08-17T18:48:05Z,2026-08-17T18:48:05Z,
220.135.36.173,ipv4,malicious-ip,medium,WHITE,ziyadnz/hourly-ipv4,ziyadnz|hourly,2026-08-17T18:48:05Z,2026-08-17T18:48:05Z,
220.135.36.28,ipv4,malicious-ip,medium,WHITE,ziyadnz/hourly-ipv4,ziyadnz|hourly,2026-08-17T18:48:05Z,2026-08-17T18:48:05Z,
220.135.56.200,ipv4,malicious-ip,medium,WHITE,ziyadnz/hourly-ipv4,ziyadnz|hourly,2026-08-17T18:48:05Z,2026-08-17T18:48:05Z,
220.135.62.97,ipv4,malicious-ip,medium,WHITE,ziyadnz/hourly-ipv4,ziyadnz|hourly,2026-08-17T18:48:05Z,2026-08-17T18:48:05Z,
220.135.67.190,ipv4,malicious-ip,medium,WHITE,ziyadnz/hourly-ipv4,ziyadnz|hourly,2026-08-17T18:48:05Z,2026-08-17T18:48:05Z,
220.135.89.227,ipv4,malicious-ip,medium,WHITE,ziyadnz/hourly-ipv4,ziyadnz|hourly,2026-08-17T18:48:05Z,2026-08-17T18:48:05Z,
220.154.130.106,ipv4,malicious-ip,medium,WHITE,ziyadnz/hourly-ipv4,ziyadnz|hourly,2026-08-17T18:48:05Z,2026-08-17T18:48:05Z,
220.154.131.0,ipv4,malicious-ip,medium,WHITE,ziyadnz/hourly-ipv4,ziyadnz|hourly,2026-08-17T18:48:05Z,2026-08-17T18:48:05Z,
220.154.131.119,ipv4,malicious-ip,medium,WHITE,ziyadnz/hourly-ipv4,ziyadnz|hourly,2026-08-17T18:48:05Z,2026-08-17T18:48:05Z,
220.154.131.133,ipv4,malicious-ip,medium,WHITE,ziyadnz/hourly-ipv4,ziyadnz|hourly,2026-08-17T18:48:05Z,2026-08-17T18:48:05Z,
220.154.131.136,ipv4,malicious-ip,medium,WHITE,ziyadnz/hourly-ipv4,ziyadnz|hourly,2026-08-17T18:48:05Z,2026-08-17T18:48:05Z,
220.154.131.138,ipv4,malicious-ip,medium,WHITE,ziyadnz/hourly-ipv4,ziyadnz|hourly,2026-08-17T18:48:05Z,2026-08-17T18:48:05Z,
220.154.131.142,ipv4,malicious-ip,medium,WHITE,ziyadnz/hourly-ipv4,ziyadnz|hourly,2026-08-17T18:48:05Z,2026-08-17T18:48:05Z,
220.154.131.255,ipv4,malicious-ip,medium,WHITE,ziyadnz/hourly-ipv4,ziyadnz|hourly,2026-08-17T18:48:05Z,2026-08-17T18:48:05Z,
220.154.133.75,ipv4,malicious-ip,medium,WHITE,ziyadnz/hourly-ipv4,ziyadnz|hourly,2026-08-17T18:48:05Z,2026-08-17T18:48:05Z,
220.154.138.217,ipv4,malicious-ip,medium,WHITE,ziyadnz/hourly-ipv4,ziyadnz|hourly,2026-08-17T18:48:05Z,2026-08-17T18:48:05Z,
220.154.138.219,ipv4,malicious-ip,medium,WHITE,ziyadnz/hourly-ipv4,ziyadnz|hourly,2026-08-17T18:48:05Z,2026-08-17T18:48:05Z,
220.154.143.152,ipv4,malicious-ip,medium,WHITE,ziyadnz/hourly-ipv4,ziyadnz|hourly,2026-08-17T18:48:05Z,2026-08-17T18:48:05Z,
220.157.134.65,ipv4,malicious-ip,medium,WHITE,ziyadnz/hourly-ipv4,ziyadnz|hourly,2026-08-17T18:48:05Z,2026-08-17T18:48:05Z,
220.157.135.166,ipv4,malicious-ip,medium,WHITE,ziyadnz/hourly-ipv4,ziyadnz|hourly,2026-08-17T18:48:05Z,2026-08-17T18:48:05Z,
220.157.184.240,ipv4,malicious-ip,medium,WHITE,ziyadnz/hourly-ipv4,ziyadnz|hourly,2026-08-17T18:48:05Z,2026-08-17T18:48:05Z,
220.158.144.22,ipv4,malicious-ip,medium,WHITE,ziyadnz/hourly-ipv4,ziyadnz|hourly,2026-08-17T18:48:05Z,2026-08-17T18:48:05Z,
220.158.232.118,ipv4,malicious-ip,medium,WHITE,ziyadnz/hourly-ipv4,ziyadnz|hourly,2026-08-17T18:48:05Z,2026-08-17T18:48:05Z,
220.158.232.135,ipv4,malicious-ip,medium,WHITE,ziyadnz/hourly-ipv4,ziyadnz|hourly,2026-08-17T18:48:05Z,2026-08-17T18:48:05Z,
220.158.232.200,ipv4,malicious-ip,medium,WHITE,ziyadnz/hourly-ipv4,ziyadnz|hourly,2026-08-17T18:48:05Z,2026-08-17T18:48:05Z,
220.158.233.154,ipv4,malicious-ip,medium,WHITE,ziyadnz/hourly-ipv4,ziyadnz|hourly,2026-08-17T18:48:05Z,2026-08-17T18:48:05Z,
220.158.233.26,ipv4,malicious-ip,medium,WHITE,ziyadnz/hourly-ipv4,ziyadnz|hourly,2026-08-17T18:48:05Z,2026-08-17T18:48:05Z,
220.158.234.135,ipv4,malicious-ip,medium,WHITE,ziyadnz/hourly-ipv4,ziyadnz|hourly,2026-08-17T18:48:05Z,2026-08-17T18:48:05Z,
220.158.234.72,ipv4,malicious-ip,medium,WHITE,ziyadnz/hourly-ipv4,ziyadnz|hourly,2026-08-17T18:48:05Z,2026-08-17T18:48:05Z,
220.158.234.9,ipv4,malicious-ip,medium,WHITE,ziyadnz/hourly-ipv4,ziyadnz|hourly,2026-08-17T18:48:05Z,2026-08-17T18:48:05Z,
220.161.15.189,ipv4,malicious-ip,medium,WHITE,ziyadnz/hourly-ipv4,ziyadnz|hourly,2026-08-17T18:48:05Z,2026-08-17T18:48:05Z,
220.161.160.118,ipv4,malicious-ip,medium,WHITE,ziyadnz/hourly-ipv4,ziyadnz|hourly,2026-08-17T18:48:05Z,2026-08-17T18:48:05Z,
220.162.123.12,ipv4,malicious-ip,medium,WHITE,ziyadnz/hourly-ipv4,ziyadnz|hourly,2026-08-17T18:48:05Z,2026-08-17T18:48:05Z,
220.162.154.147,ipv4,malicious-ip,medium,WHITE,ziyadnz/hourly-ipv4,ziyadnz|hourly,2026-08-17T18:48:05Z,2026-08-17T18:48:05Z,
220.163.107.250,ipv4,malicious-ip,medium,WHITE,ziyadnz/hourly-ipv4,ziyadnz|hourly,2026-08-17T18:48:05Z,2026-08-17T18:48:05Z,
220.164.3.101,ipv4,malicious-ip,medium,WHITE,ziyadnz/hourly-ipv4,ziyadnz|hourly,2026-08-17T18:48:05Z,2026-08-17T18:48:05Z,
220.164.45.24,ipv4,malicious-ip,medium,WHITE,ziyadnz/hourly-ipv4,ziyadnz|hourly,2026-08-17T18:48:05Z,2026-08-17T18:48:05Z,
220.166.5.108,ipv4,malicious-ip,medium,WHITE,ziyadnz/hourly-ipv4,ziyadnz|hourly,2026-08-17T18:48:05Z,2026-08-17T18:48:05Z,
220.167.232.122,ipv4,malicious-ip,medium,WHITE,ziyadnz/hourly-ipv4,ziyadnz|hourly,2026-08-17T18:48:05Z,2026-08-17T18:48:05Z,
220.167.232.141,ipv4,malicious-ip,medium,WHITE,ziyadnz/hourly-ipv4,ziyadnz|hourly,2026-08-17T18:48:05Z,2026-08-17T18:48:05Z,
220.167.232.165,ipv4,malicious-ip,medium,WHITE,ziyadnz/hourly-ipv4,ziyadnz|hourly,2026-08-17T18:48:05Z,2026-08-17T18:48:05Z,
220.167.232.18,ipv4,malicious-ip,medium,WHITE,ziyadnz/hourly-ipv4,ziyadnz|hourly,2026-08-17T18:48:05Z,2026-08-17T18:48:05Z,
220.167.232.191,ipv4,malicious-ip,medium,WHITE,ziyadnz/hourly-ipv4,ziyadnz|hourly,2026-08-17T18:48:05Z,2026-08-17T18:48:05Z,
220.167.232.201,ipv4,malicious-ip,medium,WHITE,ziyadnz/hourly-ipv4,ziyadnz|hourly,2026-08-17T18:48:05Z,2026-08-17T18:48:05Z,
220.167.232.230,ipv4,malicious-ip,medium,WHITE,ziyadnz/hourly-ipv4,ziyadnz|hourly,2026-08-17T18:48:05Z,2026-08-17T18:48:05Z,
220.167.232.254,ipv4,malicious-ip,medium,WHITE,ziyadnz/hourly-ipv4,ziyadnz|hourly,2026-08-17T18:48:05Z,2026-08-17T18:48:05Z,
220.167.232.45,ipv4,malicious-ip,medium,WHITE,ziyadnz/hourly-ipv4,ziyadnz|hourly,2026-08-17T18:48:05Z,2026-08-17T18:48:05Z,
220.167.232.51,ipv4,malicious-ip,medium,WHITE,ziyadnz/hourly-ipv4,ziyadnz|hourly,2026-08-17T18:48:05Z,2026-08-17T18:48:05Z,
220.167.232.76,ipv4,malicious-ip,medium,WHITE,ziyadnz/hourly-ipv4,ziyadnz|hourly,2026-08-17T18:48:05Z,2026-08-17T18:48:05Z,
220.167.232.86,ipv4,malicious-ip,medium,WHITE,ziyadnz/hourly-ipv4,ziyadnz|hourly,2026-08-17T18:48:05Z,2026-08-17T18:48:05Z,
220.167.233.0,ipv4,malicious-ip,medium,WHITE,ziyadnz/hourly-ipv4,ziyadnz|hourly,2026-08-17T18:48:05Z,2026-08-17T18:48:05Z,
220.167.233.1,ipv4,malicious-ip,medium,WHITE,ziyadnz/hourly-ipv4,ziyadnz|hourly,2026-08-17T18:48:05Z,2026-08-17T18:48:05Z,
220.167.233.102,ipv4,malicious-ip,medium,WHITE,ziyadnz/hourly-ipv4,ziyadnz|hourly,2026-08-17T18:48:05Z,2026-08-17T18:48:05Z,
220.167.233.11,ipv4,malicious-ip,medium,WHITE,ziyadnz/hourly-ipv4,ziyadnz|hourly,2026-08-17T18:48:05Z,2026-08-17T18:48:05Z,
220.167.233.111,ipv4,malicious-ip,medium,WHITE,ziyadnz/hourly-ipv4,ziyadnz|hourly,2026-08-17T18:48:05Z,2026-08-17T18:48:05Z,
220.167.233.114,ipv4,malicious-ip,medium,WHITE,ziyadnz/hourly-ipv4,ziyadnz|hourly,2026-08-17T18:48:05Z,2026-08-17T18:48:05Z,
220.167.233.117,ipv4,malicious-ip,medium,WHITE,ziyadnz/hourly-ipv4,ziyadnz|hourly,2026-08-17T18:48:05Z,2026-08-17T18:48:05Z,
220.167.233.130,ipv4,malicious-ip,medium,WHITE,ziyadnz/hourly-ipv4,ziyadnz|hourly,2026-08-17T18:48:05Z,2026-08-17T18:48:05Z,
220.167.233.135,ipv4,malicious-ip,medium,WHITE,ziyadnz/hourly-ipv4,ziyadnz|hourly,2026-08-17T18:48:05Z,2026-08-17T18:48:05Z,
220.167.233.164,ipv4,malicious-ip,medium,WHITE,ziyadnz/hourly-ipv4,ziyadnz|hourly,2026-08-17T18:48:05Z,2026-08-17T18:48:05Z,
220.167.233.177,ipv4,malicious-ip,medium,WHITE,ziyadnz/hourly-ipv4,ziyadnz|hourly,2026-08-17T18:48:05Z,2026-08-17T18:48:05Z,
220.167.233.210,ipv4,malicious-ip,medium,WHITE,ziyadnz/hourly-ipv4,ziyadnz|hourly,2026-08-17T18:48:05Z,2026-08-17T18:48:05Z,
220.167.233.213,ipv4,malicious-ip,medium,WHITE,ziyadnz/hourly-ipv4,ziyadnz|hourly,2026-08-17T18:48:05Z,2026-08-17T18:48:05Z,
220.167.233.228,ipv4,malicious-ip,medium,WHITE,ziyadnz/hourly-ipv4,ziyadnz|hourly,2026-08-17T18:48:05Z,2026-08-17T18:48:05Z,
220.167.233.232,ipv4,malicious-ip,medium,WHITE,ziyadnz/hourly-ipv4,ziyadnz|hourly,2026-08-17T18:48:05Z,2026-08-17T18:48:05Z,
220.167.233.35,ipv4,malicious-ip,medium,WHITE,ziyadnz/hourly-ipv4,ziyadnz|hourly,2026-08-17T18:48:05Z,2026-08-17T18:48:05Z,
220.167.233.39,ipv4,malicious-ip,medium,WHITE,ziyadnz/hourly-ipv4,ziyadnz|hourly,2026-08-17T18:48:05Z,2026-08-17T18:48:05Z,
220.167.233.50,ipv4,malicious-ip,medium,WHITE,ziyadnz/hourly-ipv4,ziyadnz|hourly,2026-08-17T18:48:05Z,2026-08-17T18:48:05Z,
220.167.233.72,ipv4,malicious-ip,medium,WHITE,ziyadnz/hourly-ipv4,ziyadnz|hourly,2026-08-17T18:48:05Z,2026-08-17T18:48:05Z,
220.167.233.81,ipv4,malicious-ip,medium,WHITE,ziyadnz/hourly-ipv4,ziyadnz|hourly,2026-08-17T18:48:05Z,2026-08-17T18:48:05Z,
220.167.233.92,ipv4,malicious-ip,medium,WHITE,ziyadnz/hourly-ipv4,ziyadnz|hourly,2026-08-17T18:48:05Z,2026-08-17T18:48:05Z,
220.168.0.216,ipv4,malicious-ip,medium,WHITE,ziyadnz/hourly-ipv4,ziyadnz|hourly,2026-08-17T18:48:05Z,2026-08-17T18:48:05Z,
220.168.105.3,ipv4,malicious-ip,medium,WHITE,ziyadnz/hourly-ipv4,ziyadnz|hourly,2026-08-17T18:48:05Z,2026-08-17T18:48:05Z,
220.168.118.133,ipv4,malicious-ip,medium,WHITE,ziyadnz/hourly-ipv4,ziyadnz|hourly,2026-08-17T18:48:05Z,2026-08-17T18:48:05Z,
220.168.203.197,ipv4,malicious-ip,medium,WHITE,ziyadnz/hourly-ipv4,ziyadnz|hourly,2026-08-17T18:48:05Z,2026-08-17T18:48:05Z,
220.168.212.70,ipv4,malicious-ip,medium,WHITE,ziyadnz/hourly-ipv4,ziyadnz|hourly,2026-08-17T18:48:05Z,2026-08-17T18:48:05Z,
220.168.240.56,ipv4,malicious-ip,medium,WHITE,ziyadnz/hourly-ipv4,ziyadnz|hourly,2026-08-17T18:48:05Z,2026-08-17T18:48:05Z,
220.168.242.181,ipv4,malicious-ip,medium,WHITE,ziyadnz/hourly-ipv4,ziyadnz|hourly,2026-08-17T18:48:05Z,2026-08-17T18:48:05Z,
220.168.242.37,ipv4,malicious-ip,medium,WHITE,ziyadnz/hourly-ipv4,ziyadnz|hourly,2026-08-17T18:48:05Z,2026-08-17T18:48:05Z,
220.169.121.131,ipv4,malicious-ip,medium,WHITE,ziyadnz/hourly-ipv4,ziyadnz|hourly,2026-08-17T18:48:05Z,2026-08-17T18:48:05Z,
220.170.199.52,ipv4,malicious-ip,medium,WHITE,ziyadnz/hourly-ipv4,ziyadnz|hourly,2026-08-17T18:48:05Z,2026-08-17T18:48:05Z,
220.171.34.198,ipv4,malicious-ip,medium,WHITE,ziyadnz/hourly-ipv4,ziyadnz|hourly,2026-08-17T18:48:05Z,2026-08-17T18:48:05Z,
220.171.45.202,ipv4,malicious-ip,medium,WHITE,ziyadnz/hourly-ipv4,ziyadnz|hourly,2026-08-17T18:48:05Z,2026-08-17T18:48:05Z,
220.172.188.226,ipv4,malicious-ip,medium,WHITE,ziyadnz/hourly-ipv4,ziyadnz|hourly,2026-08-17T18:48:05Z,2026-08-17T18:48:05Z,
220.172.226.249,ipv4,malicious-ip,medium,WHITE,ziyadnz/hourly-ipv4,ziyadnz|hourly,2026-08-17T18:48:05Z,2026-08-17T18:48:05Z,
220.172.226.253,ipv4,malicious-ip,medium,WHITE,ziyadnz/hourly-ipv4,ziyadnz|hourly,2026-08-17T18:48:05Z,2026-08-17T18:48:05Z,
220.172.51.179,ipv4,malicious-ip,medium,WHITE,ziyadnz/hourly-ipv4,ziyadnz|hourly,2026-08-17T18:48:05Z,2026-08-17T18:48:05Z,
220.172.90.169,ipv4,malicious-ip,medium,WHITE,ziyadnz/hourly-ipv4,ziyadnz|hourly,2026-08-17T18:48:05Z,2026-08-17T18:48:05Z,
220.173.183.182,ipv4,malicious-ip,medium,WHITE,ziyadnz/hourly-ipv4,ziyadnz|hourly,2026-08-17T18:48:05Z,2026-08-17T18:48:05Z,
220.177.133.191,ipv4,malicious-ip,medium,WHITE,ziyadnz/hourly-ipv4,ziyadnz|hourly,2026-08-17T18:48:05Z,2026-08-17T18:48:05Z,
220.177.9.100,ipv4,malicious-ip,medium,WHITE,ziyadnz/hourly-ipv4,ziyadnz|hourly,2026-08-17T18:48:05Z,2026-08-17T18:48:05Z,
220.177.9.107,ipv4,malicious-ip,medium,WHITE,ziyadnz/hourly-ipv4,ziyadnz|hourly,2026-08-17T18:48:05Z,2026-08-17T18:48:05Z,
220.177.9.108,ipv4,malicious-ip,medium,WHITE,ziyadnz/hourly-ipv4,ziyadnz|hourly,2026-08-17T18:48:05Z,2026-08-17T18:48:05Z,
220.177.9.117,ipv4,malicious-ip,medium,WHITE,ziyadnz/hourly-ipv4,ziyadnz|hourly,2026-08-17T18:48:05Z,2026-08-17T18:48:05Z,
220.177.9.119,ipv4,malicious-ip,medium,WHITE,ziyadnz/hourly-ipv4,ziyadnz|hourly,2026-08-17T18:48:05Z,2026-08-17T18:48:05Z,
220.177.9.151,ipv4,malicious-ip,medium,WHITE,ziyadnz/hourly-ipv4,ziyadnz|hourly,2026-08-17T18:48:05Z,2026-08-17T18:48:05Z,
220.177.9.158,ipv4,malicious-ip,medium,WHITE,ziyadnz/hourly-ipv4,ziyadnz|hourly,2026-08-17T18:48:05Z,2026-08-17T18:48:05Z,
220.177.9.167,ipv4,malicious-ip,medium,WHITE,ziyadnz/hourly-ipv4,ziyadnz|hourly,2026-08-17T18:48:05Z,2026-08-17T18:48:05Z,
220.177.9.190,ipv4,malicious-ip,medium,WHITE,ziyadnz/hourly-ipv4,ziyadnz|hourly,2026-08-17T18:48:05Z,2026-08-17T18:48:05Z,
220.177.9.192,ipv4,malicious-ip,medium,WHITE,ziyadnz/hourly-ipv4,ziyadnz|hourly,2026-08-17T18:48:05Z,2026-08-17T18:48:05Z,
220.177.9.216,ipv4,malicious-ip,medium,WHITE,ziyadnz/hourly-ipv4,ziyadnz|hourly,2026-08-17T18:48:05Z,2026-08-17T18:48:05Z,
220.177.9.25,ipv4,malicious-ip,medium,WHITE,ziyadnz/hourly-ipv4,ziyadnz|hourly,2026-08-17T18:48:05Z,2026-08-17T18:48:05Z,
220.177.9.254,ipv4,malicious-ip,medium,WHITE,ziyadnz/hourly-ipv4,ziyadnz|hourly,2026-08-17T18:48:05Z,2026-08-17T18:48:05Z,
220.177.9.69,ipv4,malicious-ip,medium,WHITE,ziyadnz/hourly-ipv4,ziyadnz|hourly,2026-08-17T18:48:05Z,2026-08-17T18:48:05Z,
220.178.162.59,ipv4,malicious-ip,medium,WHITE,ziyadnz/hourly-ipv4,ziyadnz|hourly,2026-08-17T18:48:05Z,2026-08-17T18:48:05Z,
220.179.255.180,ipv4,malicious-ip,medium,WHITE,ziyadnz/hourly-ipv4,ziyadnz|hourly,2026-08-17T18:48:05Z,2026-08-17T18:48:05Z,
220.179.87.203,ipv4,malicious-ip,medium,WHITE,ziyadnz/hourly-ipv4,ziyadnz|hourly,2026-08-17T18:48:05Z,2026-08-17T18:48:05Z,
220.180.107.8,ipv4,malicious-ip,medium,WHITE,ziyadnz/hourly-ipv4,ziyadnz|hourly,2026-08-17T18:48:05Z,2026-08-17T18:48:05Z,
220.181.1.163,ipv4,malicious-ip,medium,WHITE,ziyadnz/hourly-ipv4,ziyadnz|hourly,2026-08-17T18:48:05Z,2026-08-17T18:48:05Z,
220.181.108.147,ipv4,malicious-ip,medium,WHITE,ziyadnz/hourly-ipv4,ziyadnz|hourly,2026-08-17T18:48:05Z,2026-08-17T18:48:05Z,
220.181.172.243,ipv4,malicious-ip,medium,WHITE,ziyadnz/hourly-ipv4,ziyadnz|hourly,2026-08-17T18:48:05Z,2026-08-17T18:48:05Z,
220.181.172.244,ipv4,malicious-ip,medium,WHITE,ziyadnz/hourly-ipv4,ziyadnz|hourly,2026-08-17T18:48:05Z,2026-08-17T18:48:05Z,
220.181.7.203,ipv4,malicious-ip,medium,WHITE,ziyadnz/hourly-ipv4,ziyadnz|hourly,2026-08-17T18:48:05Z,2026-08-17T18:48:05Z,
220.181.84.82,ipv4,malicious-ip,medium,WHITE,ziyadnz/hourly-ipv4,ziyadnz|hourly,2026-08-17T18:48:05Z,2026-08-17T18:48:05Z,
220.181.84.85,ipv4,malicious-ip,medium,WHITE,ziyadnz/hourly-ipv4,ziyadnz|hourly,2026-08-17T18:48:05Z,2026-08-17T18:48:05Z,
220.182.61.204,ipv4,malicious-ip,medium,WHITE,ziyadnz/hourly-ipv4,ziyadnz|hourly,2026-08-17T18:48:05Z,2026-08-17T18:48:05Z,
220.184.105.110,ipv4,malicious-ip,medium,WHITE,ziyadnz/hourly-ipv4,ziyadnz|hourly,2026-08-17T18:48:05Z,2026-08-17T18:48:05Z,
220.184.94.237,ipv4,malicious-ip,medium,WHITE,ziyadnz/hourly-ipv4,ziyadnz|hourly,2026-08-17T18:48:05Z,2026-08-17T18:48:05Z,
220.186.210.3,ipv4,malicious-ip,medium,WHITE,ziyadnz/hourly-ipv4,ziyadnz|hourly,2026-08-17T18:48:05Z,2026-08-17T18:48:05Z,
220.188.17.208,ipv4,malicious-ip,medium,WHITE,ziyadnz/hourly-ipv4,ziyadnz|hourly,2026-08-17T18:48:05Z,2026-08-17T18:48:05Z,
220.189.204.182,ipv4,malicious-ip,medium,WHITE,ziyadnz/hourly-ipv4,ziyadnz|hourly,2026-08-17T18:48:05Z,2026-08-17T18:48:05Z,
220.189.218.126,ipv4,malicious-ip,medium,WHITE,ziyadnz/hourly-ipv4,ziyadnz|hourly,2026-08-17T18:48:05Z,2026-08-17T18:48:05Z,
220.190.0.141,ipv4,malicious-ip,medium,WHITE,ziyadnz/hourly-ipv4,ziyadnz|hourly,2026-08-17T18:48:05Z,2026-08-17T18:48:05Z,
220.190.90.201,ipv4,malicious-ip,medium,WHITE,ziyadnz/hourly-ipv4,ziyadnz|hourly,2026-08-17T18:48:05Z,2026-08-17T18:48:05Z,
220.191.181.150,ipv4,malicious-ip,medium,WHITE,ziyadnz/hourly-ipv4,ziyadnz|hourly,2026-08-17T18:48:05Z,2026-08-17T18:48:05Z,
220.192.236.52,ipv4,malicious-ip,medium,WHITE,ziyadnz/hourly-ipv4,ziyadnz|hourly,2026-08-17T18:48:05Z,2026-08-17T18:48:05Z,
220.195.130.253,ipv4,malicious-ip,medium,WHITE,ziyadnz/hourly-ipv4,ziyadnz|hourly,2026-08-17T18:48:05Z,2026-08-17T18:48:05Z,
220.195.143.23,ipv4,malicious-ip,medium,WHITE,ziyadnz/hourly-ipv4,ziyadnz|hourly,2026-08-17T18:48:05Z,2026-08-17T18:48:05Z,
220.197.14.60,ipv4,malicious-ip,medium,WHITE,ziyadnz/hourly-ipv4,ziyadnz|hourly,2026-08-17T18:48:05Z,2026-08-17T18:48:05Z,
220.197.15.251,ipv4,malicious-ip,medium,WHITE,ziyadnz/hourly-ipv4,ziyadnz|hourly,2026-08-17T18:48:05Z,2026-08-17T18:48:05Z,
220.197.221.21,ipv4,malicious-ip,medium,WHITE,ziyadnz/hourly-ipv4,ziyadnz|hourly,2026-08-17T18:48:05Z,2026-08-17T18:48:05Z,
220.197.85.101,ipv4,malicious-ip,medium,WHITE,ziyadnz/hourly-ipv4,ziyadnz|hourly,2026-08-17T18:48:05Z,2026-08-17T18:48:05Z,
220.197.85.105,ipv4,malicious-ip,medium,WHITE,ziyadnz/hourly-ipv4,ziyadnz|hourly,2026-08-17T18:48:05Z,2026-08-17T18:48:05Z,
220.197.85.111,ipv4,malicious-ip,medium,WHITE,ziyadnz/hourly-ipv4,ziyadnz|hourly,2026-08-17T18:48:05Z,2026-08-17T18:48:05Z,
220.197.85.112,ipv4,malicious-ip,medium,WHITE,ziyadnz/hourly-ipv4,ziyadnz|hourly,2026-08-17T18:48:05Z,2026-08-17T18:48:05Z,
220.197.85.120,ipv4,malicious-ip,medium,WHITE,ziyadnz/hourly-ipv4,ziyadnz|hourly,2026-08-17T18:48:05Z,2026-08-17T18:48:05Z,
220.197.85.126,ipv4,malicious-ip,medium,WHITE,ziyadnz/hourly-ipv4,ziyadnz|hourly,2026-08-17T18:48:05Z,2026-08-17T18:48:05Z,
220.197.85.127,ipv4,malicious-ip,medium,WHITE,ziyadnz/hourly-ipv4,ziyadnz|hourly,2026-08-17T18:48:05Z,2026-08-17T18:48:05Z,
220.197.85.129,ipv4,malicious-ip,medium,WHITE,ziyadnz/hourly-ipv4,ziyadnz|hourly,2026-08-17T18:48:05Z,2026-08-17T18:48:05Z,
220.197.85.135,ipv4,malicious-ip,medium,WHITE,ziyadnz/hourly-ipv4,ziyadnz|hourly,2026-08-17T18:48:05Z,2026-08-17T18:48:05Z,
220.197.85.140,ipv4,malicious-ip,medium,WHITE,ziyadnz/hourly-ipv4,ziyadnz|hourly,2026-08-17T18:48:05Z,2026-08-17T18:48:05Z,
220.197.85.141,ipv4,malicious-ip,medium,WHITE,ziyadnz/hourly-ipv4,ziyadnz|hourly,2026-08-17T18:48:05Z,2026-08-17T18:48:05Z,
220.197.85.143,ipv4,malicious-ip,medium,WHITE,ziyadnz/hourly-ipv4,ziyadnz|hourly,2026-08-17T18:48:05Z,2026-08-17T18:48:05Z,
220.197.85.146,ipv4,malicious-ip,medium,WHITE,ziyadnz/hourly-ipv4,ziyadnz|hourly,2026-08-17T18:48:05Z,2026-08-17T18:48:05Z,
220.197.85.157,ipv4,malicious-ip,medium,WHITE,ziyadnz/hourly-ipv4,ziyadnz|hourly,2026-08-17T18:48:05Z,2026-08-17T18:48:05Z,
220.197.85.165,ipv4,malicious-ip,medium,WHITE,ziyadnz/hourly-ipv4,ziyadnz|hourly,2026-08-17T18:48:05Z,2026-08-17T18:48:05Z,
220.197.85.171,ipv4,malicious-ip,medium,WHITE,ziyadnz/hourly-ipv4,ziyadnz|hourly,2026-08-17T18:48:05Z,2026-08-17T18:48:05Z,
220.197.85.174,ipv4,malicious-ip,medium,WHITE,ziyadnz/hourly-ipv4,ziyadnz|hourly,2026-08-17T18:48:05Z,2026-08-17T18:48:05Z,
220.197.85.175,ipv4,malicious-ip,medium,WHITE,ziyadnz/hourly-ipv4,ziyadnz|hourly,2026-08-17T18:48:05Z,2026-08-17T18:48:05Z,
220.197.85.176,ipv4,malicious-ip,medium,WHITE,ziyadnz/hourly-ipv4,ziyadnz|hourly,2026-08-17T18:48:05Z,2026-08-17T18:48:05Z,
220.197.85.18,ipv4,malicious-ip,medium,WHITE,ziyadnz/hourly-ipv4,ziyadnz|hourly,2026-08-17T18:48:05Z,2026-08-17T18:48:05Z,
220.197.85.181,ipv4,malicious-ip,medium,WHITE,ziyadnz/hourly-ipv4,ziyadnz|hourly,2026-08-17T18:48:05Z,2026-08-17T18:48:05Z,
220.197.85.186,ipv4,malicious-ip,medium,WHITE,ziyadnz/hourly-ipv4,ziyadnz|hourly,2026-08-17T18:48:05Z,2026-08-17T18:48:05Z,
220.197.85.19,ipv4,malicious-ip,medium,WHITE,ziyadnz/hourly-ipv4,ziyadnz|hourly,2026-08-17T18:48:05Z,2026-08-17T18:48:05Z,
220.197.85.191,ipv4,malicious-ip,medium,WHITE,ziyadnz/hourly-ipv4,ziyadnz|hourly,2026-08-17T18:48:05Z,2026-08-17T18:48:05Z,
220.197.85.198,ipv4,malicious-ip,medium,WHITE,ziyadnz/hourly-ipv4,ziyadnz|hourly,2026-08-17T18:48:05Z,2026-08-17T18:48:05Z,
220.197.85.201,ipv4,malicious-ip,medium,WHITE,ziyadnz/hourly-ipv4,ziyadnz|hourly,2026-08-17T18:48:05Z,2026-08-17T18:48:05Z,
220.197.85.204,ipv4,malicious-ip,medium,WHITE,ziyadnz/hourly-ipv4,ziyadnz|hourly,2026-08-17T18:48:05Z,2026-08-17T18:48:05Z,
220.197.85.205,ipv4,malicious-ip,medium,WHITE,ziyadnz/hourly-ipv4,ziyadnz|hourly,2026-08-17T18:48:05Z,2026-08-17T18:48:05Z,
220.197.85.206,ipv4,malicious-ip,medium,WHITE,ziyadnz/hourly-ipv4,ziyadnz|hourly,2026-08-17T18:48:05Z,2026-08-17T18:48:05Z,
220.197.85.208,ipv4,malicious-ip,medium,WHITE,ziyadnz/hourly-ipv4,ziyadnz|hourly,2026-08-17T18:48:05Z,2026-08-17T18:48:05Z,
220.197.85.21,ipv4,malicious-ip,medium,WHITE,ziyadnz/hourly-ipv4,ziyadnz|hourly,2026-08-17T18:48:05Z,2026-08-17T18:48:05Z,
220.197.85.210,ipv4,malicious-ip,medium,WHITE,ziyadnz/hourly-ipv4,ziyadnz|hourly,2026-08-17T18:48:05Z,2026-08-17T18:48:05Z,
220.197.85.218,ipv4,malicious-ip,medium,WHITE,ziyadnz/hourly-ipv4,ziyadnz|hourly,2026-08-17T18:48:05Z,2026-08-17T18:48:05Z,
220.197.85.221,ipv4,malicious-ip,medium,WHITE,ziyadnz/hourly-ipv4,ziyadnz|hourly,2026-08-17T18:48:05Z,2026-08-17T18:48:05Z,
220.197.85.222,ipv4,malicious-ip,medium,WHITE,ziyadnz/hourly-ipv4,ziyadnz|hourly,2026-08-17T18:48:05Z,2026-08-17T18:48:05Z,
220.197.85.228,ipv4,malicious-ip,medium,WHITE,ziyadnz/hourly-ipv4,ziyadnz|hourly,2026-08-17T18:48:05Z,2026-08-17T18:48:05Z,
220.197.85.23,ipv4,malicious-ip,medium,WHITE,ziyadnz/hourly-ipv4,ziyadnz|hourly,2026-08-17T18:48:05Z,2026-08-17T18:48:05Z,
220.197.85.236,ipv4,malicious-ip,medium,WHITE,ziyadnz/hourly-ipv4,ziyadnz|hourly,2026-08-17T18:48:05Z,2026-08-17T18:48:05Z,
220.197.85.238,ipv4,malicious-ip,medium,WHITE,ziyadnz/hourly-ipv4,ziyadnz|hourly,2026-08-17T18:48:05Z,2026-08-17T18:48:05Z,
220.197.85.24,ipv4,malicious-ip,medium,WHITE,ziyadnz/hourly-ipv4,ziyadnz|hourly,2026-08-17T18:48:05Z,2026-08-17T18:48:05Z,
220.197.85.242,ipv4,malicious-ip,medium,WHITE,ziyadnz/hourly-ipv4,ziyadnz|hourly,2026-08-17T18:48:05Z,2026-08-17T18:48:05Z,
220.197.85.250,ipv4,malicious-ip,medium,WHITE,ziyadnz/hourly-ipv4,ziyadnz|hourly,2026-08-17T18:48:05Z,2026-08-17T18:48:05Z,
220.197.85.26,ipv4,malicious-ip,medium,WHITE,ziyadnz/hourly-ipv4,ziyadnz|hourly,2026-08-17T18:48:05Z,2026-08-17T18:48:05Z,
220.197.85.29,ipv4,malicious-ip,medium,WHITE,ziyadnz/hourly-ipv4,ziyadnz|hourly,2026-08-17T18:48:05Z,2026-08-17T18:48:05Z,
220.197.85.34,ipv4,malicious-ip,medium,WHITE,ziyadnz/hourly-ipv4,ziyadnz|hourly,2026-08-17T18:48:05Z,2026-08-17T18:48:05Z,
220.197.85.37,ipv4,malicious-ip,medium,WHITE,ziyadnz/hourly-ipv4,ziyadnz|hourly,2026-08-17T18:48:05Z,2026-08-17T18:48:05Z,
220.197.85.39,ipv4,malicious-ip,medium,WHITE,ziyadnz/hourly-ipv4,ziyadnz|hourly,2026-08-17T18:48:05Z,2026-08-17T18:48:05Z,
220.197.85.41,ipv4,malicious-ip,medium,WHITE,ziyadnz/hourly-ipv4,ziyadnz|hourly,2026-08-17T18:48:05Z,2026-08-17T18:48:05Z,
220.197.85.42,ipv4,malicious-ip,medium,WHITE,ziyadnz/hourly-ipv4,ziyadnz|hourly,2026-08-17T18:48:05Z,2026-08-17T18:48:05Z,
220.197.85.50,ipv4,malicious-ip,medium,WHITE,ziyadnz/hourly-ipv4,ziyadnz|hourly,2026-08-17T18:48:05Z,2026-08-17T18:48:05Z,
220.197.85.51,ipv4,malicious-ip,medium,WHITE,ziyadnz/hourly-ipv4,ziyadnz|hourly,2026-08-17T18:48:05Z,2026-08-17T18:48:05Z,
220.197.85.52,ipv4,malicious-ip,medium,WHITE,ziyadnz/hourly-ipv4,ziyadnz|hourly,2026-08-17T18:48:05Z,2026-08-17T18:48:05Z,
220.197.85.54,ipv4,malicious-ip,medium,WHITE,ziyadnz/hourly-ipv4,ziyadnz|hourly,2026-08-17T18:48:05Z,2026-08-17T18:48:05Z,
220.197.85.58,ipv4,malicious-ip,medium,WHITE,ziyadnz/hourly-ipv4,ziyadnz|hourly,2026-08-17T18:48:05Z,2026-08-17T18:48:05Z,
220.197.85.59,ipv4,malicious-ip,medium,WHITE,ziyadnz/hourly-ipv4,ziyadnz|hourly,2026-08-17T18:48:05Z,2026-08-17T18:48:05Z,
220.197.85.6,ipv4,malicious-ip,medium,WHITE,ziyadnz/hourly-ipv4,ziyadnz|hourly,2026-08-17T18:48:05Z,2026-08-17T18:48:05Z,
220.197.85.61,ipv4,malicious-ip,medium,WHITE,ziyadnz/hourly-ipv4,ziyadnz|hourly,2026-08-17T18:48:05Z,2026-08-17T18:48:05Z,
220.197.85.67,ipv4,malicious-ip,medium,WHITE,ziyadnz/hourly-ipv4,ziyadnz|hourly,2026-08-17T18:48:05Z,2026-08-17T18:48:05Z,
220.197.85.7,ipv4,malicious-ip,medium,WHITE,ziyadnz/hourly-ipv4,ziyadnz|hourly,2026-08-17T18:48:05Z,2026-08-17T18:48:05Z,
220.197.85.71,ipv4,malicious-ip,medium,WHITE,ziyadnz/hourly-ipv4,ziyadnz|hourly,2026-08-17T18:48:05Z,2026-08-17T18:48:05Z,
220.197.85.74,ipv4,malicious-ip,medium,WHITE,ziyadnz/hourly-ipv4,ziyadnz|hourly,2026-08-17T18:48:05Z,2026-08-17T18:48:05Z,
220.197.85.80,ipv4,malicious-ip,medium,WHITE,ziyadnz/hourly-ipv4,ziyadnz|hourly,2026-08-17T18:48:05Z,2026-08-17T18:48:05Z,
220.197.85.82,ipv4,malicious-ip,medium,WHITE,ziyadnz/hourly-ipv4,ziyadnz|hourly,2026-08-17T18:48:05Z,2026-08-17T18:48:05Z,
220.197.85.86,ipv4,malicious-ip,medium,WHITE,ziyadnz/hourly-ipv4,ziyadnz|hourly,2026-08-17T18:48:05Z,2026-08-17T18:48:05Z,
220.197.85.89,ipv4,malicious-ip,medium,WHITE,ziyadnz/hourly-ipv4,ziyadnz|hourly,2026-08-17T18:48:05Z,2026-08-17T18:48:05Z,
220.197.85.92,ipv4,malicious-ip,medium,WHITE,ziyadnz/hourly-ipv4,ziyadnz|hourly,2026-08-17T18:48:05Z,2026-08-17T18:48:05Z,
220.197.85.95,ipv4,malicious-ip,medium,WHITE,ziyadnz/hourly-ipv4,ziyadnz|hourly,2026-08-17T18:48:05Z,2026-08-17T18:48:05Z,
220.197.85.98,ipv4,malicious-ip,medium,WHITE,ziyadnz/hourly-ipv4,ziyadnz|hourly,2026-08-17T18:48:05Z,2026-08-17T18:48:05Z,
220.200.154.169,ipv4,malicious-ip,medium,WHITE,ziyadnz/hourly-ipv4,ziyadnz|hourly,2026-08-17T18:48:05Z,2026-08-17T18:48:05Z,
220.202.112.106,ipv4,malicious-ip,medium,WHITE,ziyadnz/hourly-ipv4,ziyadnz|hourly,2026-08-17T18:48:05Z,2026-08-17T18:48:05Z,
220.202.112.107,ipv4,malicious-ip,medium,WHITE,ziyadnz/hourly-ipv4,ziyadnz|hourly,2026-08-17T18:48:05Z,2026-08-17T18:48:05Z,
220.202.112.11,ipv4,malicious-ip,medium,WHITE,ziyadnz/hourly-ipv4,ziyadnz|hourly,2026-08-17T18:48:05Z,2026-08-17T18:48:05Z,
220.202.112.111,ipv4,malicious-ip,medium,WHITE,ziyadnz/hourly-ipv4,ziyadnz|hourly,2026-08-17T18:48:05Z,2026-08-17T18:48:05Z,
220.202.112.115,ipv4,malicious-ip,medium,WHITE,ziyadnz/hourly-ipv4,ziyadnz|hourly,2026-08-17T18:48:05Z,2026-08-17T18:48:05Z,
220.202.112.116,ipv4,malicious-ip,medium,WHITE,ziyadnz/hourly-ipv4,ziyadnz|hourly,2026-08-17T18:48:05Z,2026-08-17T18:48:05Z,
220.202.112.119,ipv4,malicious-ip,medium,WHITE,ziyadnz/hourly-ipv4,ziyadnz|hourly,2026-08-17T18:48:05Z,2026-08-17T18:48:05Z,
220.202.112.121,ipv4,malicious-ip,medium,WHITE,ziyadnz/hourly-ipv4,ziyadnz|hourly,2026-08-17T18:48:05Z,2026-08-17T18:48:05Z,
220.202.112.123,ipv4,malicious-ip,medium,WHITE,ziyadnz/hourly-ipv4,ziyadnz|hourly,2026-08-17T18:48:05Z,2026-08-17T18:48:05Z,
220.202.112.127,ipv4,malicious-ip,medium,WHITE,ziyadnz/hourly-ipv4,ziyadnz|hourly,2026-08-17T18:48:05Z,2026-08-17T18:48:05Z,
220.202.112.132,ipv4,malicious-ip,medium,WHITE,ziyadnz/hourly-ipv4,ziyadnz|hourly,2026-08-17T18:48:05Z,2026-08-17T18:48:05Z,
220.202.112.134,ipv4,malicious-ip,medium,WHITE,ziyadnz/hourly-ipv4,ziyadnz|hourly,2026-08-17T18:48:05Z,2026-08-17T18:48:05Z,
220.202.112.141,ipv4,malicious-ip,medium,WHITE,ziyadnz/hourly-ipv4,ziyadnz|hourly,2026-08-17T18:48:05Z,2026-08-17T18:48:05Z,
220.202.112.144,ipv4,malicious-ip,medium,WHITE,ziyadnz/hourly-ipv4,ziyadnz|hourly,2026-08-17T18:48:05Z,2026-08-17T18:48:05Z,
220.202.112.148,ipv4,malicious-ip,medium,WHITE,ziyadnz/hourly-ipv4,ziyadnz|hourly,2026-08-17T18:48:05Z,2026-08-17T18:48:05Z,
220.202.112.153,ipv4,malicious-ip,medium,WHITE,ziyadnz/hourly-ipv4,ziyadnz|hourly,2026-08-17T18:48:05Z,2026-08-17T18:48:05Z,
220.202.112.158,ipv4,malicious-ip,medium,WHITE,ziyadnz/hourly-ipv4,ziyadnz|hourly,2026-08-17T18:48:05Z,2026-08-17T18:48:05Z,
220.202.112.160,ipv4,malicious-ip,medium,WHITE,ziyadnz/hourly-ipv4,ziyadnz|hourly,2026-08-17T18:48:05Z,2026-08-17T18:48:05Z,
220.202.112.165,ipv4,malicious-ip,medium,WHITE,ziyadnz/hourly-ipv4,ziyadnz|hourly,2026-08-17T18:48:05Z,2026-08-17T18:48:05Z,
220.202.112.168,ipv4,malicious-ip,medium,WHITE,ziyadnz/hourly-ipv4,ziyadnz|hourly,2026-08-17T18:48:05Z,2026-08-17T18:48:05Z,
220.202.112.169,ipv4,malicious-ip,medium,WHITE,ziyadnz/hourly-ipv4,ziyadnz|hourly,2026-08-17T18:48:05Z,2026-08-17T18:48:05Z,
220.202.112.179,ipv4,malicious-ip,medium,WHITE,ziyadnz/hourly-ipv4,ziyadnz|hourly,2026-08-17T18:48:05Z,2026-08-17T18:48:05Z,
220.202.112.183,ipv4,malicious-ip,medium,WHITE,ziyadnz/hourly-ipv4,ziyadnz|hourly,2026-08-17T18:48:05Z,2026-08-17T18:48:05Z,
220.202.112.187,ipv4,malicious-ip,medium,WHITE,ziyadnz/hourly-ipv4,ziyadnz|hourly,2026-08-17T18:48:05Z,2026-08-17T18:48:05Z,
220.202.112.19,ipv4,malicious-ip,medium,WHITE,ziyadnz/hourly-ipv4,ziyadnz|hourly,2026-08-17T18:48:05Z,2026-08-17T18:48:05Z,
220.202.112.191,ipv4,malicious-ip,medium,WHITE,ziyadnz/hourly-ipv4,ziyadnz|hourly,2026-08-17T18:48:05Z,2026-08-17T18:48:05Z,
220.202.112.192,ipv4,malicious-ip,medium,WHITE,ziyadnz/hourly-ipv4,ziyadnz|hourly,2026-08-17T18:48:05Z,2026-08-17T18:48:05Z,
220.202.112.197,ipv4,malicious-ip,medium,WHITE,ziyadnz/hourly-ipv4,ziyadnz|hourly,2026-08-17T18:48:05Z,2026-08-17T18:48:05Z,
220.202.112.2,ipv4,malicious-ip,medium,WHITE,ziyadnz/hourly-ipv4,ziyadnz|hourly,2026-08-17T18:48:05Z,2026-08-17T18:48:05Z,
220.202.112.209,ipv4,malicious-ip,medium,WHITE,ziyadnz/hourly-ipv4,ziyadnz|hourly,2026-08-17T18:48:05Z,2026-08-17T18:48:05Z,
220.202.112.210,ipv4,malicious-ip,medium,WHITE,ziyadnz/hourly-ipv4,ziyadnz|hourly,2026-08-17T18:48:05Z,2026-08-17T18:48:05Z,
220.202.112.212,ipv4,malicious-ip,medium,WHITE,ziyadnz/hourly-ipv4,ziyadnz|hourly,2026-08-17T18:48:05Z,2026-08-17T18:48:05Z,
220.202.112.226,ipv4,malicious-ip,medium,WHITE,ziyadnz/hourly-ipv4,ziyadnz|hourly,2026-08-17T18:48:05Z,2026-08-17T18:48:05Z,
220.202.112.227,ipv4,malicious-ip,medium,WHITE,ziyadnz/hourly-ipv4,ziyadnz|hourly,2026-08-17T18:48:05Z,2026-08-17T18:48:05Z,
220.202.112.232,ipv4,malicious-ip,medium,WHITE,ziyadnz/hourly-ipv4,ziyadnz|hourly,2026-08-17T18:48:05Z,2026-08-17T18:48:05Z,
220.202.112.234,ipv4,malicious-ip,medium,WHITE,ziyadnz/hourly-ipv4,ziyadnz|hourly,2026-08-17T18:48:05Z,2026-08-17T18:48:05Z,
220.202.112.238,ipv4,malicious-ip,medium,WHITE,ziyadnz/hourly-ipv4,ziyadnz|hourly,2026-08-17T18:48:05Z,2026-08-17T18:48:05Z,
220.202.112.239,ipv4,malicious-ip,medium,WHITE,ziyadnz/hourly-ipv4,ziyadnz|hourly,2026-08-17T18:48:05Z,2026-08-17T18:48:05Z,
220.202.112.241,ipv4,malicious-ip,medium,WHITE,ziyadnz/hourly-ipv4,ziyadnz|hourly,2026-08-17T18:48:05Z,2026-08-17T18:48:05Z,
220.202.112.245,ipv4,malicious-ip,medium,WHITE,ziyadnz/hourly-ipv4,ziyadnz|hourly,2026-08-17T18:48:05Z,2026-08-17T18:48:05Z,
220.202.112.250,ipv4,malicious-ip,medium,WHITE,ziyadnz/hourly-ipv4,ziyadnz|hourly,2026-08-17T18:48:05Z,2026-08-17T18:48:05Z,
220.202.112.251,ipv4,malicious-ip,medium,WHITE,ziyadnz/hourly-ipv4,ziyadnz|hourly,2026-08-17T18:48:05Z,2026-08-17T18:48:05Z,
220.202.112.253,ipv4,malicious-ip,medium,WHITE,ziyadnz/hourly-ipv4,ziyadnz|hourly,2026-08-17T18:48:05Z,2026-08-17T18:48:05Z,
220.202.112.254,ipv4,malicious-ip,medium,WHITE,ziyadnz/hourly-ipv4,ziyadnz|hourly,2026-08-17T18:48:05Z,2026-08-17T18:48:05Z,
220.202.112.28,ipv4,malicious-ip,medium,WHITE,ziyadnz/hourly-ipv4,ziyadnz|hourly,2026-08-17T18:48:05Z,2026-08-17T18:48:05Z,
220.202.112.33,ipv4,malicious-ip,medium,WHITE,ziyadnz/hourly-ipv4,ziyadnz|hourly,2026-08-17T18:48:05Z,2026-08-17T18:48:05Z,
220.202.112.37,ipv4,malicious-ip,medium,WHITE,ziyadnz/hourly-ipv4,ziyadnz|hourly,2026-08-17T18:48:05Z,2026-08-17T18:48:05Z,
220.202.112.39,ipv4,malicious-ip,medium,WHITE,ziyadnz/hourly-ipv4,ziyadnz|hourly,2026-08-17T18:48:05Z,2026-08-17T18:48:05Z,
220.202.112.40,ipv4,malicious-ip,medium,WHITE,ziyadnz/hourly-ipv4,ziyadnz|hourly,2026-08-17T18:48:05Z,2026-08-17T18:48:05Z,
220.202.112.43,ipv4,malicious-ip,medium,WHITE,ziyadnz/hourly-ipv4,ziyadnz|hourly,2026-08-17T18:48:05Z,2026-08-17T18:48:05Z,
220.202.112.46,ipv4,malicious-ip,medium,WHITE,ziyadnz/hourly-ipv4,ziyadnz|hourly,2026-08-17T18:48:05Z,2026-08-17T18:48:05Z,
220.202.112.48,ipv4,malicious-ip,medium,WHITE,ziyadnz/hourly-ipv4,ziyadnz|hourly,2026-08-17T18:48:05Z,2026-08-17T18:48:05Z,
220.202.112.49,ipv4,malicious-ip,medium,WHITE,ziyadnz/hourly-ipv4,ziyadnz|hourly,2026-08-17T18:48:05Z,2026-08-17T18:48:05Z,
220.202.112.52,ipv4,malicious-ip,medium,WHITE,ziyadnz/hourly-ipv4,ziyadnz|hourly,2026-08-17T18:48:05Z,2026-08-17T18:48:05Z,
220.202.112.53,ipv4,malicious-ip,medium,WHITE,ziyadnz/hourly-ipv4,ziyadnz|hourly,2026-08-17T18:48:05Z,2026-08-17T18:48:05Z,
220.202.112.55,ipv4,malicious-ip,medium,WHITE,ziyadnz/hourly-ipv4,ziyadnz|hourly,2026-08-17T18:48:05Z,2026-08-17T18:48:05Z,
220.202.112.56,ipv4,malicious-ip,medium,WHITE,ziyadnz/hourly-ipv4,ziyadnz|hourly,2026-08-17T18:48:05Z,2026-08-17T18:48:05Z,
220.202.112.58,ipv4,malicious-ip,medium,WHITE,ziyadnz/hourly-ipv4,ziyadnz|hourly,2026-08-17T18:48:05Z,2026-08-17T18:48:05Z,
220.202.112.62,ipv4,malicious-ip,medium,WHITE,ziyadnz/hourly-ipv4,ziyadnz|hourly,2026-08-17T18:48:05Z,2026-08-17T18:48:05Z,
220.202.112.66,ipv4,malicious-ip,medium,WHITE,ziyadnz/hourly-ipv4,ziyadnz|hourly,2026-08-17T18:48:05Z,2026-08-17T18:48:05Z,
220.202.112.68,ipv4,malicious-ip,medium,WHITE,ziyadnz/hourly-ipv4,ziyadnz|hourly,2026-08-17T18:48:05Z,2026-08-17T18:48:05Z,
220.202.112.70,ipv4,malicious-ip,medium,WHITE,ziyadnz/hourly-ipv4,ziyadnz|hourly,2026-08-17T18:48:05Z,2026-08-17T18:48:05Z,
220.202.112.77,ipv4,malicious-ip,medium,WHITE,ziyadnz/hourly-ipv4,ziyadnz|hourly,2026-08-17T18:48:05Z,2026-08-17T18:48:05Z,
220.202.112.78,ipv4,malicious-ip,medium,WHITE,ziyadnz/hourly-ipv4,ziyadnz|hourly,2026-08-17T18:48:05Z,2026-08-17T18:48:05Z,
220.202.112.95,ipv4,malicious-ip,medium,WHITE,ziyadnz/hourly-ipv4,ziyadnz|hourly,2026-08-17T18:48:05Z,2026-08-17T18:48:05Z,
220.202.112.96,ipv4,malicious-ip,medium,WHITE,ziyadnz/hourly-ipv4,ziyadnz|hourly,2026-08-17T18:48:05Z,2026-08-17T18:48:05Z,
220.205.123.186,ipv4,malicious-ip,medium,WHITE,ziyadnz/hourly-ipv4,ziyadnz|hourly,2026-08-17T18:48:05Z,2026-08-17T18:48:05Z,
220.205.123.19,ipv4,malicious-ip,medium,WHITE,ziyadnz/hourly-ipv4,ziyadnz|hourly,2026-08-17T18:48:05Z,2026-08-17T18:48:05Z,
220.205.123.57,ipv4,malicious-ip,medium,WHITE,ziyadnz/hourly-ipv4,ziyadnz|hourly,2026-08-17T18:48:05Z,2026-08-17T18:48:05Z,
220.233.25.81,ipv4,malicious-ip,medium,WHITE,ziyadnz/hourly-ipv4,ziyadnz|hourly,2026-08-17T18:48:05Z,2026-08-17T18:48:05Z,
220.243.133.81,ipv4,malicious-ip,medium,WHITE,ziyadnz/hourly-ipv4,ziyadnz|hourly,2026-08-17T18:48:05Z,2026-08-17T18:48:05Z,
220.244.185.221,ipv4,malicious-ip,medium,WHITE,ziyadnz/hourly-ipv4,ziyadnz|hourly,2026-08-17T18:48:05Z,2026-08-17T18:48:05Z,
220.245.133.202,ipv4,malicious-ip,medium,WHITE,ziyadnz/hourly-ipv4,ziyadnz|hourly,2026-08-17T18:48:05Z,2026-08-17T18:48:05Z,
220.246.33.79,ipv4,malicious-ip,medium,WHITE,ziyadnz/hourly-ipv4,ziyadnz|hourly,2026-08-17T18:48:05Z,2026-08-17T18:48:05Z,
220.246.41.171,ipv4,malicious-ip,medium,WHITE,ziyadnz/hourly-ipv4,ziyadnz|hourly,2026-08-17T18:48:05Z,2026-08-17T18:48:05Z,
220.246.42.222,ipv4,malicious-ip,medium,WHITE,ziyadnz/hourly-ipv4,ziyadnz|hourly,2026-08-17T18:48:05Z,2026-08-17T18:48:05Z,
220.246.43.109,ipv4,malicious-ip,medium,WHITE,ziyadnz/hourly-ipv4,ziyadnz|hourly,2026-08-17T18:48:05Z,2026-08-17T18:48:05Z,
220.247.163.232,ipv4,malicious-ip,medium,WHITE,ziyadnz/hourly-ipv4,ziyadnz|hourly,2026-08-17T18:48:05Z,2026-08-17T18:48:05Z,
220.247.168.178,ipv4,malicious-ip,medium,WHITE,ziyadnz/hourly-ipv4,ziyadnz|hourly,2026-08-17T18:48:05Z,2026-08-17T18:48:05Z,
220.247.235.22,ipv4,malicious-ip,medium,WHITE,ziyadnz/hourly-ipv4,ziyadnz|hourly,2026-08-17T18:48:05Z,2026-08-17T18:48:05Z,
220.247.245.103,ipv4,malicious-ip,medium,WHITE,ziyadnz/hourly-ipv4,ziyadnz|hourly,2026-08-17T18:48:05Z,2026-08-17T18:48:05Z,
220.247.245.175,ipv4,malicious-ip,medium,WHITE,ziyadnz/hourly-ipv4,ziyadnz|hourly,2026-08-17T18:48:05Z,2026-08-17T18:48:05Z,
220.248.173.137,ipv4,malicious-ip,medium,WHITE,ziyadnz/hourly-ipv4,ziyadnz|hourly,2026-08-17T18:48:05Z,2026-08-17T18:48:05Z,
220.249.167.16,ipv4,malicious-ip,medium,WHITE,ziyadnz/hourly-ipv4,ziyadnz|hourly,2026-08-17T18:48:05Z,2026-08-17T18:48:05Z,
220.249.78.82,ipv4,malicious-ip,medium,WHITE,ziyadnz/hourly-ipv4,ziyadnz|hourly,2026-08-17T18:48:05Z,2026-08-17T18:48:05Z,
220.250.52.101,ipv4,malicious-ip,medium,WHITE,ziyadnz/hourly-ipv4,ziyadnz|hourly,2026-08-17T18:48:05Z,2026-08-17T18:48:05Z,
220.250.52.111,ipv4,malicious-ip,medium,WHITE,ziyadnz/hourly-ipv4,ziyadnz|hourly,2026-08-17T18:48:05Z,2026-08-17T18:48:05Z,
220.253.149.152,ipv4,malicious-ip,medium,WHITE,ziyadnz/hourly-ipv4,ziyadnz|hourly,2026-08-17T18:48:05Z,2026-08-17T18:48:05Z,
220.72.198.61,ipv4,malicious-ip,medium,WHITE,ziyadnz/hourly-ipv4,ziyadnz|hourly,2026-08-17T18:48:05Z,2026-08-17T18:48:05Z,
220.72.98.137,ipv4,malicious-ip,medium,WHITE,ziyadnz/hourly-ipv4,ziyadnz|hourly,2026-08-17T18:48:05Z,2026-08-17T18:48:05Z,
220.74.119.84,ipv4,malicious-ip,medium,WHITE,ziyadnz/hourly-ipv4,ziyadnz|hourly,2026-08-17T18:48:05Z,2026-08-17T18:48:05Z,
220.74.59.222,ipv4,malicious-ip,medium,WHITE,ziyadnz/hourly-ipv4,ziyadnz|hourly,2026-08-17T18:48:05Z,2026-08-17T18:48:05Z,
220.78.85.92,ipv4,malicious-ip,medium,WHITE,ziyadnz/hourly-ipv4,ziyadnz|hourly,2026-08-17T18:48:05Z,2026-08-17T18:48:05Z,
220.79.56.183,ipv4,malicious-ip,medium,WHITE,ziyadnz/hourly-ipv4,ziyadnz|hourly,2026-08-17T18:48:05Z,2026-08-17T18:48:05Z,
220.80.218.225,ipv4,malicious-ip,medium,WHITE,ziyadnz/hourly-ipv4,ziyadnz|hourly,2026-08-17T18:48:05Z,2026-08-17T18:48:05Z,
220.80.219.163,ipv4,malicious-ip,medium,WHITE,ziyadnz/hourly-ipv4,ziyadnz|hourly,2026-08-17T18:48:05Z,2026-08-17T18:48:05Z,
220.80.221.68,ipv4,malicious-ip,medium,WHITE,ziyadnz/hourly-ipv4,ziyadnz|hourly,2026-08-17T18:48:05Z,2026-08-17T18:48:05Z,
220.80.225.19,ipv4,malicious-ip,medium,WHITE,ziyadnz/hourly-ipv4,ziyadnz|hourly,2026-08-17T18:48:05Z,2026-08-17T18:48:05Z,
220.80.232.225,ipv4,malicious-ip,medium,WHITE,ziyadnz/hourly-ipv4,ziyadnz|hourly,2026-08-17T18:48:05Z,2026-08-17T18:48:05Z,
220.80.246.94,ipv4,malicious-ip,medium,WHITE,ziyadnz/hourly-ipv4,ziyadnz|hourly,2026-08-17T18:48:05Z,2026-08-17T18:48:05Z,
220.80.248.211,ipv4,malicious-ip,medium,WHITE,ziyadnz/hourly-ipv4,ziyadnz|hourly,2026-08-17T18:48:05Z,2026-08-17T18:48:05Z,
220.80.63.94,ipv4,malicious-ip,medium,WHITE,ziyadnz/hourly-ipv4,ziyadnz|hourly,2026-08-17T18:48:05Z,2026-08-17T18:48:05Z,
220.80.66.168,ipv4,malicious-ip,medium,WHITE,ziyadnz/hourly-ipv4,ziyadnz|hourly,2026-08-17T18:48:05Z,2026-08-17T18:48:05Z,
220.81.148.22,ipv4,malicious-ip,medium,WHITE,ziyadnz/hourly-ipv4,ziyadnz|hourly,2026-08-17T18:48:05Z,2026-08-17T18:48:05Z,
220.82.236.135,ipv4,malicious-ip,medium,WHITE,ziyadnz/hourly-ipv4,ziyadnz|hourly,2026-08-17T18:48:05Z,2026-08-17T18:48:05Z,
220.82.85.144,ipv4,malicious-ip,medium,WHITE,ziyadnz/hourly-ipv4,ziyadnz|hourly,2026-08-17T18:48:05Z,2026-08-17T18:48:05Z,
220.86.176.134,ipv4,malicious-ip,medium,WHITE,ziyadnz/hourly-ipv4,ziyadnz|hourly,2026-08-17T18:48:05Z,2026-08-17T18:48:05Z,
220.87.134.89,ipv4,malicious-ip,medium,WHITE,ziyadnz/hourly-ipv4,ziyadnz|hourly,2026-08-17T18:48:05Z,2026-08-17T18:48:05Z,
220.87.238.187,ipv4,malicious-ip,medium,WHITE,ziyadnz/hourly-ipv4,ziyadnz|hourly,2026-08-17T18:48:05Z,2026-08-17T18:48:05Z,
220.88.127.249,ipv4,malicious-ip,medium,WHITE,ziyadnz/hourly-ipv4,ziyadnz|hourly,2026-08-17T18:48:05Z,2026-08-17T18:48:05Z,
220.88.8.117,ipv4,malicious-ip,medium,WHITE,ziyadnz/hourly-ipv4,ziyadnz|hourly,2026-08-17T18:48:05Z,2026-08-17T18:48:05Z,
220.92.96.27,ipv4,malicious-ip,medium,WHITE,ziyadnz/hourly-ipv4,ziyadnz|hourly,2026-08-17T18:48:05Z,2026-08-17T18:48:05Z,
220.93.209.242,ipv4,malicious-ip,medium,WHITE,ziyadnz/hourly-ipv4,ziyadnz|hourly,2026-08-17T18:48:05Z,2026-08-17T18:48:05Z,
220.94.105.210,ipv4,malicious-ip,medium,WHITE,ziyadnz/hourly-ipv4,ziyadnz|hourly,2026-08-17T18:48:05Z,2026-08-17T18:48:05Z,
220.94.238.64,ipv4,malicious-ip,medium,WHITE,ziyadnz/hourly-ipv4,ziyadnz|hourly,2026-08-17T18:48:05Z,2026-08-17T18:48:05Z,
220.95.208.142,ipv4,malicious-ip,medium,WHITE,ziyadnz/hourly-ipv4,ziyadnz|hourly,2026-08-17T18:48:05Z,2026-08-17T18:48:05Z,
221.0.10.193,ipv4,malicious-ip,medium,WHITE,ziyadnz/hourly-ipv4,ziyadnz|hourly,2026-08-17T18:48:05Z,2026-08-17T18:48:05Z,
221.0.11.122,ipv4,malicious-ip,medium,WHITE,ziyadnz/hourly-ipv4,ziyadnz|hourly,2026-08-17T18:48:05Z,2026-08-17T18:48:05Z,
221.0.11.90,ipv4,malicious-ip,medium,WHITE,ziyadnz/hourly-ipv4,ziyadnz|hourly,2026-08-17T18:48:05Z,2026-08-17T18:48:05Z,
221.0.11.98,ipv4,malicious-ip,medium,WHITE,ziyadnz/hourly-ipv4,ziyadnz|hourly,2026-08-17T18:48:05Z,2026-08-17T18:48:05Z,
221.0.13.130,ipv4,malicious-ip,medium,WHITE,ziyadnz/hourly-ipv4,ziyadnz|hourly,2026-08-17T18:48:05Z,2026-08-17T18:48:05Z,
221.0.170.18,ipv4,malicious-ip,medium,WHITE,ziyadnz/hourly-ipv4,ziyadnz|hourly,2026-08-17T18:48:05Z,2026-08-17T18:48:05Z,
221.0.66.206,ipv4,malicious-ip,medium,WHITE,ziyadnz/hourly-ipv4,ziyadnz|hourly,2026-08-17T18:48:05Z,2026-08-17T18:48:05Z,
221.0.8.38,ipv4,malicious-ip,medium,WHITE,ziyadnz/hourly-ipv4,ziyadnz|hourly,2026-08-17T18:48:05Z,2026-08-17T18:48:05Z,
221.1.111.98,ipv4,malicious-ip,medium,WHITE,ziyadnz/hourly-ipv4,ziyadnz|hourly,2026-08-17T18:48:05Z,2026-08-17T18:48:05Z,
221.1.218.230,ipv4,malicious-ip,medium,WHITE,ziyadnz/hourly-ipv4,ziyadnz|hourly,2026-08-17T18:48:05Z,2026-08-17T18:48:05Z,
221.1.72.58,ipv4,malicious-ip,medium,WHITE,ziyadnz/hourly-ipv4,ziyadnz|hourly,2026-08-17T18:48:05Z,2026-08-17T18:48:05Z,
221.10.187.253,ipv4,malicious-ip,medium,WHITE,ziyadnz/hourly-ipv4,ziyadnz|hourly,2026-08-17T18:48:05Z,2026-08-17T18:48:05Z,
221.11.20.166,ipv4,malicious-ip,medium,WHITE,ziyadnz/hourly-ipv4,ziyadnz|hourly,2026-08-17T18:48:05Z,2026-08-17T18:48:05Z,
221.11.20.168,ipv4,malicious-ip,medium,WHITE,ziyadnz/hourly-ipv4,ziyadnz|hourly,2026-08-17T18:48:05Z,2026-08-17T18:48:05Z,
221.11.20.171,ipv4,malicious-ip,medium,WHITE,ziyadnz/hourly-ipv4,ziyadnz|hourly,2026-08-17T18:48:05Z,2026-08-17T18:48:05Z,
221.11.20.173,ipv4,malicious-ip,medium,WHITE,ziyadnz/hourly-ipv4,ziyadnz|hourly,2026-08-17T18:48:05Z,2026-08-17T18:48:05Z,
221.11.33.254,ipv4,malicious-ip,medium,WHITE,ziyadnz/hourly-ipv4,ziyadnz|hourly,2026-08-17T18:48:05Z,2026-08-17T18:48:05Z,
221.11.4.147,ipv4,malicious-ip,medium,WHITE,ziyadnz/hourly-ipv4,ziyadnz|hourly,2026-08-17T18:48:05Z,2026-08-17T18:48:05Z,
221.11.4.148,ipv4,malicious-ip,medium,WHITE,ziyadnz/hourly-ipv4,ziyadnz|hourly,2026-08-17T18:48:05Z,2026-08-17T18:48:05Z,
221.11.4.155,ipv4,malicious-ip,medium,WHITE,ziyadnz/hourly-ipv4,ziyadnz|hourly,2026-08-17T18:48:05Z,2026-08-17T18:48:05Z,
221.11.5.51,ipv4,malicious-ip,medium,WHITE,ziyadnz/hourly-ipv4,ziyadnz|hourly,2026-08-17T18:48:05Z,2026-08-17T18:48:05Z,
221.11.5.58,ipv4,malicious-ip,medium,WHITE,ziyadnz/hourly-ipv4,ziyadnz|hourly,2026-08-17T18:48:05Z,2026-08-17T18:48:05Z,
221.11.5.60,ipv4,malicious-ip,medium,WHITE,ziyadnz/hourly-ipv4,ziyadnz|hourly,2026-08-17T18:48:05Z,2026-08-17T18:48:05Z,
221.11.51.18,ipv4,malicious-ip,medium,WHITE,ziyadnz/hourly-ipv4,ziyadnz|hourly,2026-08-17T18:48:05Z,2026-08-17T18:48:05Z,
221.11.51.21,ipv4,malicious-ip,medium,WHITE,ziyadnz/hourly-ipv4,ziyadnz|hourly,2026-08-17T18:48:05Z,2026-08-17T18:48:05Z,
221.11.51.23,ipv4,malicious-ip,medium,WHITE,ziyadnz/hourly-ipv4,ziyadnz|hourly,2026-08-17T18:48:05Z,2026-08-17T18:48:05Z,
221.11.51.24,ipv4,malicious-ip,medium,WHITE,ziyadnz/hourly-ipv4,ziyadnz|hourly,2026-08-17T18:48:05Z,2026-08-17T18:48:05Z,
221.11.51.25,ipv4,malicious-ip,medium,WHITE,ziyadnz/hourly-ipv4,ziyadnz|hourly,2026-08-17T18:48:05Z,2026-08-17T18:48:05Z,
221.11.51.28,ipv4,malicious-ip,medium,WHITE,ziyadnz/hourly-ipv4,ziyadnz|hourly,2026-08-17T18:48:05Z,2026-08-17T18:48:05Z,
221.11.51.29,ipv4,malicious-ip,medium,WHITE,ziyadnz/hourly-ipv4,ziyadnz|hourly,2026-08-17T18:48:05Z,2026-08-17T18:48:05Z,
221.11.60.146,ipv4,malicious-ip,medium,WHITE,ziyadnz/hourly-ipv4,ziyadnz|hourly,2026-08-17T18:48:05Z,2026-08-17T18:48:05Z,
221.11.60.148,ipv4,malicious-ip,medium,WHITE,ziyadnz/hourly-ipv4,ziyadnz|hourly,2026-08-17T18:48:05Z,2026-08-17T18:48:05Z,
221.11.60.149,ipv4,malicious-ip,medium,WHITE,ziyadnz/hourly-ipv4,ziyadnz|hourly,2026-08-17T18:48:05Z,2026-08-17T18:48:05Z,
221.11.60.151,ipv4,malicious-ip,medium,WHITE,ziyadnz/hourly-ipv4,ziyadnz|hourly,2026-08-17T18:48:05Z,2026-08-17T18:48:05Z,
221.12.146.43,ipv4,malicious-ip,medium,WHITE,ziyadnz/hourly-ipv4,ziyadnz|hourly,2026-08-17T18:48:05Z,2026-08-17T18:48:05Z,
221.12.37.6,ipv4,malicious-ip,medium,WHITE,ziyadnz/hourly-ipv4,ziyadnz|hourly,2026-08-17T18:48:05Z,2026-08-17T18:48:05Z,
221.120.0.166,ipv4,malicious-ip,medium,WHITE,ziyadnz/hourly-ipv4,ziyadnz|hourly,2026-08-17T18:48:05Z,2026-08-17T18:48:05Z,
221.120.1.3,ipv4,malicious-ip,medium,WHITE,ziyadnz/hourly-ipv4,ziyadnz|hourly,2026-08-17T18:48:05Z,2026-08-17T18:48:05Z,
221.120.1.99,ipv4,malicious-ip,medium,WHITE,ziyadnz/hourly-ipv4,ziyadnz|hourly,2026-08-17T18:48:05Z,2026-08-17T18:48:05Z,
221.120.195.158,ipv4,malicious-ip,medium,WHITE,ziyadnz/hourly-ipv4,ziyadnz|hourly,2026-08-17T18:48:05Z,2026-08-17T18:48:05Z,
221.120.2.35,ipv4,malicious-ip,medium,WHITE,ziyadnz/hourly-ipv4,ziyadnz|hourly,2026-08-17T18:48:05Z,2026-08-17T18:48:05Z,
221.120.2.74,ipv4,malicious-ip,medium,WHITE,ziyadnz/hourly-ipv4,ziyadnz|hourly,2026-08-17T18:48:05Z,2026-08-17T18:48:05Z,
221.120.34.164,ipv4,malicious-ip,medium,WHITE,ziyadnz/hourly-ipv4,ziyadnz|hourly,2026-08-17T18:48:05Z,2026-08-17T18:48:05Z,
221.120.38.155,ipv4,malicious-ip,medium,WHITE,ziyadnz/hourly-ipv4,ziyadnz|hourly,2026-08-17T18:48:05Z,2026-08-17T18:48:05Z,
221.120.42.196,ipv4,malicious-ip,medium,WHITE,ziyadnz/hourly-ipv4,ziyadnz|hourly,2026-08-17T18:48:05Z,2026-08-17T18:48:05Z,
221.122.121.219,ipv4,malicious-ip,medium,WHITE,ziyadnz/hourly-ipv4,ziyadnz|hourly,2026-08-17T18:48:05Z,2026-08-17T18:48:05Z,
221.124.231.227,ipv4,malicious-ip,medium,WHITE,ziyadnz/hourly-ipv4,ziyadnz|hourly,2026-08-17T18:48:05Z,2026-08-17T18:48:05Z,
221.124.250.119,ipv4,malicious-ip,medium,WHITE,ziyadnz/hourly-ipv4,ziyadnz|hourly,2026-08-17T18:48:05Z,2026-08-17T18:48:05Z,
221.126.15.219,ipv4,malicious-ip,medium,WHITE,ziyadnz/hourly-ipv4,ziyadnz|hourly,2026-08-17T18:48:05Z,2026-08-17T18:48:05Z,
221.13.31.36,ipv4,malicious-ip,medium,WHITE,ziyadnz/hourly-ipv4,ziyadnz|hourly,2026-08-17T18:48:05Z,2026-08-17T18:48:05Z,
221.130.29.85,ipv4,malicious-ip,medium,WHITE,ziyadnz/hourly-ipv4,ziyadnz|hourly,2026-08-17T18:48:05Z,2026-08-17T18:48:05Z,
221.131.139.70,ipv4,malicious-ip,medium,WHITE,ziyadnz/hourly-ipv4,ziyadnz|hourly,2026-08-17T18:48:05Z,2026-08-17T18:48:05Z,
221.131.2.5,ipv4,malicious-ip,medium,WHITE,ziyadnz/hourly-ipv4,ziyadnz|hourly,2026-08-17T18:48:05Z,2026-08-17T18:48:05Z,
221.132.21.185,ipv4,malicious-ip,medium,WHITE,ziyadnz/hourly-ipv4,ziyadnz|hourly,2026-08-17T18:48:05Z,2026-08-17T18:48:05Z,
221.133.9.25,ipv4,malicious-ip,medium,WHITE,ziyadnz/hourly-ipv4,ziyadnz|hourly,2026-08-17T18:48:05Z,2026-08-17T18:48:05Z,
221.139.0.11,ipv4,malicious-ip,medium,WHITE,ziyadnz/hourly-ipv4,ziyadnz|hourly,2026-08-17T18:48:05Z,2026-08-17T18:48:05Z,
221.14.152.243,ipv4,malicious-ip,medium,WHITE,ziyadnz/hourly-ipv4,ziyadnz|hourly,2026-08-17T18:48:05Z,2026-08-17T18:48:05Z,
221.14.157.80,ipv4,malicious-ip,medium,WHITE,ziyadnz/hourly-ipv4,ziyadnz|hourly,2026-08-17T18:48:05Z,2026-08-17T18:48:05Z,
221.14.190.177,ipv4,malicious-ip,medium,WHITE,ziyadnz/hourly-ipv4,ziyadnz|hourly,2026-08-17T18:48:05Z,2026-08-17T18:48:05Z,
221.14.219.220,ipv4,malicious-ip,medium,WHITE,ziyadnz/hourly-ipv4,ziyadnz|hourly,2026-08-17T18:48:05Z,2026-08-17T18:48:05Z,
221.14.240.135,ipv4,malicious-ip,medium,WHITE,ziyadnz/hourly-ipv4,ziyadnz|hourly,2026-08-17T18:48:05Z,2026-08-17T18:48:05Z,
221.14.86.97,ipv4,malicious-ip,medium,WHITE,ziyadnz/hourly-ipv4,ziyadnz|hourly,2026-08-17T18:48:05Z,2026-08-17T18:48:05Z,
221.144.112.211,ipv4,malicious-ip,medium,WHITE,ziyadnz/hourly-ipv4,ziyadnz|hourly,2026-08-17T18:48:05Z,2026-08-17T18:48:05Z,
221.144.162.140,ipv4,malicious-ip,medium,WHITE,ziyadnz/hourly-ipv4,ziyadnz|hourly,2026-08-17T18:48:05Z,2026-08-17T18:48:05Z,
221.145.19.244,ipv4,malicious-ip,medium,WHITE,ziyadnz/hourly-ipv4,ziyadnz|hourly,2026-08-17T18:48:05Z,2026-08-17T18:48:05Z,
221.146.133.208,ipv4,malicious-ip,medium,WHITE,ziyadnz/hourly-ipv4,ziyadnz|hourly,2026-08-17T18:48:05Z,2026-08-17T18:48:05Z,
221.146.16.46,ipv4,malicious-ip,medium,WHITE,ziyadnz/hourly-ipv4,ziyadnz|hourly,2026-08-17T18:48:05Z,2026-08-17T18:48:05Z,
221.148.2.207,ipv4,malicious-ip,medium,WHITE,ziyadnz/hourly-ipv4,ziyadnz|hourly,2026-08-17T18:48:05Z,2026-08-17T18:48:05Z,
221.15.146.6,ipv4,malicious-ip,medium,WHITE,ziyadnz/hourly-ipv4,ziyadnz|hourly,2026-08-17T18:48:05Z,2026-08-17T18:48:05Z,
221.15.251.206,ipv4,malicious-ip,medium,WHITE,ziyadnz/hourly-ipv4,ziyadnz|hourly,2026-08-17T18:48:05Z,2026-08-17T18:48:05Z,
221.150.171.63,ipv4,malicious-ip,medium,WHITE,ziyadnz/hourly-ipv4,ziyadnz|hourly,2026-08-17T18:48:05Z,2026-08-17T18:48:05Z,
221.151.76.49,ipv4,malicious-ip,medium,WHITE,ziyadnz/hourly-ipv4,ziyadnz|hourly,2026-08-17T18:48:05Z,2026-08-17T18:48:05Z,
221.152.121.242,ipv4,malicious-ip,medium,WHITE,ziyadnz/hourly-ipv4,ziyadnz|hourly,2026-08-17T18:48:05Z,2026-08-17T18:48:05Z,
221.154.93.115,ipv4,malicious-ip,medium,WHITE,ziyadnz/hourly-ipv4,ziyadnz|hourly,2026-08-17T18:48:05Z,2026-08-17T18:48:05Z,
221.154.96.85,ipv4,malicious-ip,medium,WHITE,ziyadnz/hourly-ipv4,ziyadnz|hourly,2026-08-17T18:48:05Z,2026-08-17T18:48:05Z,
221.155.117.24,ipv4,malicious-ip,medium,WHITE,ziyadnz/hourly-ipv4,ziyadnz|hourly,2026-08-17T18:48:05Z,2026-08-17T18:48:05Z,
221.155.47.189,ipv4,malicious-ip,medium,WHITE,ziyadnz/hourly-ipv4,ziyadnz|hourly,2026-08-17T18:48:05Z,2026-08-17T18:48:05Z,
221.156.24.206,ipv4,malicious-ip,medium,WHITE,ziyadnz/hourly-ipv4,ziyadnz|hourly,2026-08-17T18:48:05Z,2026-08-17T18:48:05Z,
221.158.61.165,ipv4,malicious-ip,medium,WHITE,ziyadnz/hourly-ipv4,ziyadnz|hourly,2026-08-17T18:48:05Z,2026-08-17T18:48:05Z,
221.159.14.1,ipv4,malicious-ip,medium,WHITE,ziyadnz/hourly-ipv4,ziyadnz|hourly,2026-08-17T18:48:05Z,2026-08-17T18:48:05Z,
221.159.21.170,ipv4,malicious-ip,medium,WHITE,ziyadnz/hourly-ipv4,ziyadnz|hourly,2026-08-17T18:48:05Z,2026-08-17T18:48:05Z,
221.159.21.88,ipv4,malicious-ip,medium,WHITE,ziyadnz/hourly-ipv4,ziyadnz|hourly,2026-08-17T18:48:05Z,2026-08-17T18:48:05Z,
221.159.239.90,ipv4,malicious-ip,medium,WHITE,ziyadnz/hourly-ipv4,ziyadnz|hourly,2026-08-17T18:48:05Z,2026-08-17T18:48:05Z,
221.160.241.184,ipv4,malicious-ip,medium,WHITE,ziyadnz/hourly-ipv4,ziyadnz|hourly,2026-08-17T18:48:05Z,2026-08-17T18:48:05Z,
221.160.31.251,ipv4,malicious-ip,medium,WHITE,ziyadnz/hourly-ipv4,ziyadnz|hourly,2026-08-17T18:48:05Z,2026-08-17T18:48:05Z,
221.160.80.33,ipv4,malicious-ip,medium,WHITE,ziyadnz/hourly-ipv4,ziyadnz|hourly,2026-08-17T18:48:05Z,2026-08-17T18:48:05Z,
221.161.46.241,ipv4,malicious-ip,medium,WHITE,ziyadnz/hourly-ipv4,ziyadnz|hourly,2026-08-17T18:48:05Z,2026-08-17T18:48:05Z,
221.162.135.178,ipv4,malicious-ip,medium,WHITE,ziyadnz/hourly-ipv4,ziyadnz|hourly,2026-08-17T18:48:05Z,2026-08-17T18:48:05Z,
221.162.135.179,ipv4,malicious-ip,medium,WHITE,ziyadnz/hourly-ipv4,ziyadnz|hourly,2026-08-17T18:48:05Z,2026-08-17T18:48:05Z,
221.162.135.180,ipv4,malicious-ip,medium,WHITE,ziyadnz/hourly-ipv4,ziyadnz|hourly,2026-08-17T18:48:05Z,2026-08-17T18:48:05Z,
221.162.135.224,ipv4,malicious-ip,medium,WHITE,ziyadnz/hourly-ipv4,ziyadnz|hourly,2026-08-17T18:48:05Z,2026-08-17T18:48:05Z,
221.162.18.91,ipv4,malicious-ip,medium,WHITE,ziyadnz/hourly-ipv4,ziyadnz|hourly,2026-08-17T18:48:05Z,2026-08-17T18:48:05Z,
221.162.214.111,ipv4,malicious-ip,medium,WHITE,ziyadnz/hourly-ipv4,ziyadnz|hourly,2026-08-17T18:48:05Z,2026-08-17T18:48:05Z,
221.162.3.119,ipv4,malicious-ip,medium,WHITE,ziyadnz/hourly-ipv4,ziyadnz|hourly,2026-08-17T18:48:05Z,2026-08-17T18:48:05Z,
221.162.44.67,ipv4,malicious-ip,medium,WHITE,ziyadnz/hourly-ipv4,ziyadnz|hourly,2026-08-17T18:48:05Z,2026-08-17T18:48:05Z,
221.162.9.13,ipv4,malicious-ip,medium,WHITE,ziyadnz/hourly-ipv4,ziyadnz|hourly,2026-08-17T18:48:05Z,2026-08-17T18:48:05Z,
221.163.45.10,ipv4,malicious-ip,medium,WHITE,ziyadnz/hourly-ipv4,ziyadnz|hourly,2026-08-17T18:48:05Z,2026-08-17T18:48:05Z,
221.164.137.248,ipv4,malicious-ip,medium,WHITE,ziyadnz/hourly-ipv4,ziyadnz|hourly,2026-08-17T18:48:05Z,2026-08-17T18:48:05Z,
221.164.139.123,ipv4,malicious-ip,medium,WHITE,ziyadnz/hourly-ipv4,ziyadnz|hourly,2026-08-17T18:48:05Z,2026-08-17T18:48:05Z,
221.164.235.189,ipv4,malicious-ip,medium,WHITE,ziyadnz/hourly-ipv4,ziyadnz|hourly,2026-08-17T18:48:05Z,2026-08-17T18:48:05Z,
221.165.184.5,ipv4,malicious-ip,medium,WHITE,ziyadnz/hourly-ipv4,ziyadnz|hourly,2026-08-17T18:48:05Z,2026-08-17T18:48:05Z,
221.165.6.102,ipv4,malicious-ip,medium,WHITE,ziyadnz/hourly-ipv4,ziyadnz|hourly,2026-08-17T18:48:05Z,2026-08-17T18:48:05Z,
221.166.207.82,ipv4,malicious-ip,medium,WHITE,ziyadnz/hourly-ipv4,ziyadnz|hourly,2026-08-17T18:48:05Z,2026-08-17T18:48:05Z,
221.176.12.22,ipv4,malicious-ip,medium,WHITE,ziyadnz/hourly-ipv4,ziyadnz|hourly,2026-08-17T18:48:05Z,2026-08-17T18:48:05Z,
221.178.143.70,ipv4,malicious-ip,medium,WHITE,ziyadnz/hourly-ipv4,ziyadnz|hourly,2026-08-17T18:48:05Z,2026-08-17T18:48:05Z,
221.178.146.93,ipv4,malicious-ip,medium,WHITE,ziyadnz/hourly-ipv4,ziyadnz|hourly,2026-08-17T18:48:05Z,2026-08-17T18:48:05Z,
221.178.246.21,ipv4,malicious-ip,medium,WHITE,ziyadnz/hourly-ipv4,ziyadnz|hourly,2026-08-17T18:48:05Z,2026-08-17T18:48:05Z,
221.180.218.82,ipv4,malicious-ip,medium,WHITE,ziyadnz/hourly-ipv4,ziyadnz|hourly,2026-08-17T18:48:05Z,2026-08-17T18:48:05Z,
221.182.17.149,ipv4,malicious-ip,medium,WHITE,ziyadnz/hourly-ipv4,ziyadnz|hourly,2026-08-17T18:48:05Z,2026-08-17T18:48:05Z,
221.193.103.141,ipv4,malicious-ip,medium,WHITE,ziyadnz/hourly-ipv4,ziyadnz|hourly,2026-08-17T18:48:05Z,2026-08-17T18:48:05Z,
221.193.144.57,ipv4,malicious-ip,medium,WHITE,ziyadnz/hourly-ipv4,ziyadnz|hourly,2026-08-17T18:48:05Z,2026-08-17T18:48:05Z,
221.193.64.136,ipv4,malicious-ip,medium,WHITE,ziyadnz/hourly-ipv4,ziyadnz|hourly,2026-08-17T18:48:05Z,2026-08-17T18:48:05Z,
221.193.69.214,ipv4,malicious-ip,medium,WHITE,ziyadnz/hourly-ipv4,ziyadnz|hourly,2026-08-17T18:48:05Z,2026-08-17T18:48:05Z,
221.194.148.77,ipv4,malicious-ip,medium,WHITE,ziyadnz/hourly-ipv4,ziyadnz|hourly,2026-08-17T18:48:05Z,2026-08-17T18:48:05Z,
221.194.65.137,ipv4,malicious-ip,medium,WHITE,ziyadnz/hourly-ipv4,ziyadnz|hourly,2026-08-17T18:48:05Z,2026-08-17T18:48:05Z,
221.195.122.188,ipv4,malicious-ip,medium,WHITE,ziyadnz/hourly-ipv4,ziyadnz|hourly,2026-08-17T18:48:05Z,2026-08-17T18:48:05Z,
221.195.124.50,ipv4,malicious-ip,medium,WHITE,ziyadnz/hourly-ipv4,ziyadnz|hourly,2026-08-17T18:48:05Z,2026-08-17T18:48:05Z,
221.195.232.14,ipv4,malicious-ip,medium,WHITE,ziyadnz/hourly-ipv4,ziyadnz|hourly,2026-08-17T18:48:05Z,2026-08-17T18:48:05Z,
221.195.61.41,ipv4,malicious-ip,medium,WHITE,ziyadnz/hourly-ipv4,ziyadnz|hourly,2026-08-17T18:48:05Z,2026-08-17T18:48:05Z,
221.196.62.3,ipv4,malicious-ip,medium,WHITE,ziyadnz/hourly-ipv4,ziyadnz|hourly,2026-08-17T18:48:05Z,2026-08-17T18:48:05Z,
221.196.92.109,ipv4,malicious-ip,medium,WHITE,ziyadnz/hourly-ipv4,ziyadnz|hourly,2026-08-17T18:48:05Z,2026-08-17T18:48:05Z,
221.198.83.248,ipv4,malicious-ip,medium,WHITE,ziyadnz/hourly-ipv4,ziyadnz|hourly,2026-08-17T18:48:05Z,2026-08-17T18:48:05Z,
221.199.14.245,ipv4,malicious-ip,medium,WHITE,ziyadnz/hourly-ipv4,ziyadnz|hourly,2026-08-17T18:48:05Z,2026-08-17T18:48:05Z,
221.199.14.246,ipv4,malicious-ip,medium,WHITE,ziyadnz/hourly-ipv4,ziyadnz|hourly,2026-08-17T18:48:05Z,2026-08-17T18:48:05Z,
221.199.14.247,ipv4,malicious-ip,medium,WHITE,ziyadnz/hourly-ipv4,ziyadnz|hourly,2026-08-17T18:48:05Z,2026-08-17T18:48:05Z,
221.199.42.158,ipv4,malicious-ip,medium,WHITE,ziyadnz/hourly-ipv4,ziyadnz|hourly,2026-08-17T18:48:05Z,2026-08-17T18:48:05Z,
221.2.119.115,ipv4,malicious-ip,medium,WHITE,ziyadnz/hourly-ipv4,ziyadnz|hourly,2026-08-17T18:48:05Z,2026-08-17T18:48:05Z,
221.2.40.78,ipv4,malicious-ip,medium,WHITE,ziyadnz/hourly-ipv4,ziyadnz|hourly,2026-08-17T18:48:05Z,2026-08-17T18:48:05Z,
221.2.7.95,ipv4,malicious-ip,medium,WHITE,ziyadnz/hourly-ipv4,ziyadnz|hourly,2026-08-17T18:48:05Z,2026-08-17T18:48:05Z,
221.2.9.67,ipv4,malicious-ip,medium,WHITE,ziyadnz/hourly-ipv4,ziyadnz|hourly,2026-08-17T18:48:05Z,2026-08-17T18:48:05Z,
221.200.212.47,ipv4,malicious-ip,medium,WHITE,ziyadnz/hourly-ipv4,ziyadnz|hourly,2026-08-17T18:48:05Z,2026-08-17T18:48:05Z,
221.200.61.7,ipv4,malicious-ip,medium,WHITE,ziyadnz/hourly-ipv4,ziyadnz|hourly,2026-08-17T18:48:05Z,2026-08-17T18:48:05Z,
221.201.22.20,ipv4,malicious-ip,medium,WHITE,ziyadnz/hourly-ipv4,ziyadnz|hourly,2026-08-17T18:48:05Z,2026-08-17T18:48:05Z,
221.202.205.141,ipv4,malicious-ip,medium,WHITE,ziyadnz/hourly-ipv4,ziyadnz|hourly,2026-08-17T18:48:05Z,2026-08-17T18:48:05Z,
221.202.56.159,ipv4,malicious-ip,medium,WHITE,ziyadnz/hourly-ipv4,ziyadnz|hourly,2026-08-17T18:48:05Z,2026-08-17T18:48:05Z,
221.203.13.138,ipv4,malicious-ip,medium,WHITE,ziyadnz/hourly-ipv4,ziyadnz|hourly,2026-08-17T18:48:05Z,2026-08-17T18:48:05Z,
221.203.38.3,ipv4,malicious-ip,medium,WHITE,ziyadnz/hourly-ipv4,ziyadnz|hourly,2026-08-17T18:48:05Z,2026-08-17T18:48:05Z,
221.206.225.58,ipv4,malicious-ip,medium,WHITE,ziyadnz/hourly-ipv4,ziyadnz|hourly,2026-08-17T18:48:05Z,2026-08-17T18:48:05Z,
221.206.63.218,ipv4,malicious-ip,medium,WHITE,ziyadnz/hourly-ipv4,ziyadnz|hourly,2026-08-17T18:48:05Z,2026-08-17T18:48:05Z,
221.207.211.154,ipv4,malicious-ip,medium,WHITE,ziyadnz/hourly-ipv4,ziyadnz|hourly,2026-08-17T18:48:05Z,2026-08-17T18:48:05Z,
221.210.121.151,ipv4,malicious-ip,medium,WHITE,ziyadnz/hourly-ipv4,ziyadnz|hourly,2026-08-17T18:48:05Z,2026-08-17T18:48:05Z,
221.210.2.146,ipv4,malicious-ip,medium,WHITE,ziyadnz/hourly-ipv4,ziyadnz|hourly,2026-08-17T18:48:05Z,2026-08-17T18:48:05Z,
221.212.228.238,ipv4,malicious-ip,medium,WHITE,ziyadnz/hourly-ipv4,ziyadnz|hourly,2026-08-17T18:48:05Z,2026-08-17T18:48:05Z,
221.212.58.242,ipv4,malicious-ip,medium,WHITE,ziyadnz/hourly-ipv4,ziyadnz|hourly,2026-08-17T18:48:05Z,2026-08-17T18:48:05Z,
221.214.120.248,ipv4,malicious-ip,medium,WHITE,ziyadnz/hourly-ipv4,ziyadnz|hourly,2026-08-17T18:48:05Z,2026-08-17T18:48:05Z,
221.214.181.197,ipv4,malicious-ip,medium,WHITE,ziyadnz/hourly-ipv4,ziyadnz|hourly,2026-08-17T18:48:05Z,2026-08-17T18:48:05Z,
221.214.223.13,ipv4,malicious-ip,medium,WHITE,ziyadnz/hourly-ipv4,ziyadnz|hourly,2026-08-17T18:48:05Z,2026-08-17T18:48:05Z,
221.214.252.53,ipv4,malicious-ip,medium,WHITE,ziyadnz/hourly-ipv4,ziyadnz|hourly,2026-08-17T18:48:05Z,2026-08-17T18:48:05Z,
221.215.147.174,ipv4,malicious-ip,medium,WHITE,ziyadnz/hourly-ipv4,ziyadnz|hourly,2026-08-17T18:48:05Z,2026-08-17T18:48:05Z,
221.215.184.223,ipv4,malicious-ip,medium,WHITE,ziyadnz/hourly-ipv4,ziyadnz|hourly,2026-08-17T18:48:05Z,2026-08-17T18:48:05Z,
221.215.245.144,ipv4,malicious-ip,medium,WHITE,ziyadnz/hourly-ipv4,ziyadnz|hourly,2026-08-17T18:48:05Z,2026-08-17T18:48:05Z,
221.215.8.233,ipv4,malicious-ip,medium,WHITE,ziyadnz/hourly-ipv4,ziyadnz|hourly,2026-08-17T18:48:05Z,2026-08-17T18:48:05Z,
221.217.95.158,ipv4,malicious-ip,medium,WHITE,ziyadnz/hourly-ipv4,ziyadnz|hourly,2026-08-17T18:48:05Z,2026-08-17T18:48:05Z,
221.222.16.173,ipv4,malicious-ip,medium,WHITE,ziyadnz/hourly-ipv4,ziyadnz|hourly,2026-08-17T18:48:05Z,2026-08-17T18:48:05Z,
221.224.133.98,ipv4,malicious-ip,medium,WHITE,ziyadnz/hourly-ipv4,ziyadnz|hourly,2026-08-17T18:48:05Z,2026-08-17T18:48:05Z,
221.224.21.242,ipv4,malicious-ip,medium,WHITE,ziyadnz/hourly-ipv4,ziyadnz|hourly,2026-08-17T18:48:05Z,2026-08-17T18:48:05Z,
221.224.221.210,ipv4,malicious-ip,medium,WHITE,ziyadnz/hourly-ipv4,ziyadnz|hourly,2026-08-17T18:48:05Z,2026-08-17T18:48:05Z,
221.225.66.68,ipv4,malicious-ip,medium,WHITE,ziyadnz/hourly-ipv4,ziyadnz|hourly,2026-08-17T18:48:05Z,2026-08-17T18:48:05Z,
221.226.17.34,ipv4,malicious-ip,medium,WHITE,ziyadnz/hourly-ipv4,ziyadnz|hourly,2026-08-17T18:48:05Z,2026-08-17T18:48:05Z,
221.226.177.66,ipv4,malicious-ip,medium,WHITE,ziyadnz/hourly-ipv4,ziyadnz|hourly,2026-08-17T18:48:05Z,2026-08-17T18:48:05Z,
221.226.192.77,ipv4,malicious-ip,medium,WHITE,ziyadnz/hourly-ipv4,ziyadnz|hourly,2026-08-17T18:48:05Z,2026-08-17T18:48:05Z,
221.226.251.234,ipv4,malicious-ip,medium,WHITE,ziyadnz/hourly-ipv4,ziyadnz|hourly,2026-08-17T18:48:05Z,2026-08-17T18:48:05Z,
221.227.249.133,ipv4,malicious-ip,medium,WHITE,ziyadnz/hourly-ipv4,ziyadnz|hourly,2026-08-17T18:48:05Z,2026-08-17T18:48:05Z,
221.228.10.71,ipv4,malicious-ip,medium,WHITE,ziyadnz/hourly-ipv4,ziyadnz|hourly,2026-08-17T18:48:05Z,2026-08-17T18:48:05Z,
221.228.180.235,ipv4,malicious-ip,medium,WHITE,ziyadnz/hourly-ipv4,ziyadnz|hourly,2026-08-17T18:48:05Z,2026-08-17T18:48:05Z,
221.229.106.252,ipv4,malicious-ip,medium,WHITE,ziyadnz/hourly-ipv4,ziyadnz|hourly,2026-08-17T18:48:05Z,2026-08-17T18:48:05Z,
221.229.123.26,ipv4,malicious-ip,medium,WHITE,ziyadnz/hourly-ipv4,ziyadnz|hourly,2026-08-17T18:48:05Z,2026-08-17T18:48:05Z,
221.229.201.12,ipv4,malicious-ip,medium,WHITE,ziyadnz/hourly-ipv4,ziyadnz|hourly,2026-08-17T18:48:05Z,2026-08-17T18:48:05Z,
221.229.216.1,ipv4,malicious-ip,medium,WHITE,ziyadnz/hourly-ipv4,ziyadnz|hourly,2026-08-17T18:48:05Z,2026-08-17T18:48:05Z,
221.230.34.225,ipv4,malicious-ip,medium,WHITE,ziyadnz/hourly-ipv4,ziyadnz|hourly,2026-08-17T18:48:05Z,2026-08-17T18:48:05Z,
221.230.78.236,ipv4,malicious-ip,medium,WHITE,ziyadnz/hourly-ipv4,ziyadnz|hourly,2026-08-17T18:48:05Z,2026-08-17T18:48:05Z,
221.231.140.137,ipv4,malicious-ip,medium,WHITE,ziyadnz/hourly-ipv4,ziyadnz|hourly,2026-08-17T18:48:05Z,2026-08-17T18:48:05Z,
221.232.240.202,ipv4,malicious-ip,medium,WHITE,ziyadnz/hourly-ipv4,ziyadnz|hourly,2026-08-17T18:48:05Z,2026-08-17T18:48:05Z,
221.233.116.39,ipv4,malicious-ip,medium,WHITE,ziyadnz/hourly-ipv4,ziyadnz|hourly,2026-08-17T18:48:05Z,2026-08-17T18:48:05Z,
221.233.132.254,ipv4,malicious-ip,medium,WHITE,ziyadnz/hourly-ipv4,ziyadnz|hourly,2026-08-17T18:48:05Z,2026-08-17T18:48:05Z,
221.233.181.130,ipv4,malicious-ip,medium,WHITE,ziyadnz/hourly-ipv4,ziyadnz|hourly,2026-08-17T18:48:05Z,2026-08-17T18:48:05Z,
221.233.183.134,ipv4,malicious-ip,medium,WHITE,ziyadnz/hourly-ipv4,ziyadnz|hourly,2026-08-17T18:48:05Z,2026-08-17T18:48:05Z,
221.233.24.226,ipv4,malicious-ip,medium,WHITE,ziyadnz/hourly-ipv4,ziyadnz|hourly,2026-08-17T18:48:05Z,2026-08-17T18:48:05Z,
221.233.30.217,ipv4,malicious-ip,medium,WHITE,ziyadnz/hourly-ipv4,ziyadnz|hourly,2026-08-17T18:48:05Z,2026-08-17T18:48:05Z,
221.233.30.234,ipv4,malicious-ip,medium,WHITE,ziyadnz/hourly-ipv4,ziyadnz|hourly,2026-08-17T18:48:05Z,2026-08-17T18:48:05Z,
221.233.30.5,ipv4,malicious-ip,medium,WHITE,ziyadnz/hourly-ipv4,ziyadnz|hourly,2026-08-17T18:48:05Z,2026-08-17T18:48:05Z,
221.233.30.93,ipv4,malicious-ip,medium,WHITE,ziyadnz/hourly-ipv4,ziyadnz|hourly,2026-08-17T18:48:05Z,2026-08-17T18:48:05Z,
221.233.31.145,ipv4,malicious-ip,medium,WHITE,ziyadnz/hourly-ipv4,ziyadnz|hourly,2026-08-17T18:48:05Z,2026-08-17T18:48:05Z,
221.233.50.150,ipv4,malicious-ip,medium,WHITE,ziyadnz/hourly-ipv4,ziyadnz|hourly,2026-08-17T18:48:05Z,2026-08-17T18:48:05Z,
221.233.50.182,ipv4,malicious-ip,medium,WHITE,ziyadnz/hourly-ipv4,ziyadnz|hourly,2026-08-17T18:48:05Z,2026-08-17T18:48:05Z,
221.233.50.212,ipv4,malicious-ip,medium,WHITE,ziyadnz/hourly-ipv4,ziyadnz|hourly,2026-08-17T18:48:05Z,2026-08-17T18:48:05Z,
221.233.50.226,ipv4,malicious-ip,medium,WHITE,ziyadnz/hourly-ipv4,ziyadnz|hourly,2026-08-17T18:48:05Z,2026-08-17T18:48:05Z,
221.233.50.60,ipv4,malicious-ip,medium,WHITE,ziyadnz/hourly-ipv4,ziyadnz|hourly,2026-08-17T18:48:05Z,2026-08-17T18:48:05Z,
221.233.51.210,ipv4,malicious-ip,medium,WHITE,ziyadnz/hourly-ipv4,ziyadnz|hourly,2026-08-17T18:48:05Z,2026-08-17T18:48:05Z,
221.233.51.236,ipv4,malicious-ip,medium,WHITE,ziyadnz/hourly-ipv4,ziyadnz|hourly,2026-08-17T18:48:05Z,2026-08-17T18:48:05Z,
221.233.51.59,ipv4,malicious-ip,medium,WHITE,ziyadnz/hourly-ipv4,ziyadnz|hourly,2026-08-17T18:48:05Z,2026-08-17T18:48:05Z,
221.233.52.71,ipv4,malicious-ip,medium,WHITE,ziyadnz/hourly-ipv4,ziyadnz|hourly,2026-08-17T18:48:05Z,2026-08-17T18:48:05Z,
221.233.53.236,ipv4,malicious-ip,medium,WHITE,ziyadnz/hourly-ipv4,ziyadnz|hourly,2026-08-17T18:48:05Z,2026-08-17T18:48:05Z,
221.233.64.54,ipv4,malicious-ip,medium,WHITE,ziyadnz/hourly-ipv4,ziyadnz|hourly,2026-08-17T18:48:05Z,2026-08-17T18:48:05Z,
221.233.68.69,ipv4,malicious-ip,medium,WHITE,ziyadnz/hourly-ipv4,ziyadnz|hourly,2026-08-17T18:48:05Z,2026-08-17T18:48:05Z,
221.234.166.233,ipv4,malicious-ip,medium,WHITE,ziyadnz/hourly-ipv4,ziyadnz|hourly,2026-08-17T18:48:05Z,2026-08-17T18:48:05Z,
221.234.82.14,ipv4,malicious-ip,medium,WHITE,ziyadnz/hourly-ipv4,ziyadnz|hourly,2026-08-17T18:48:05Z,2026-08-17T18:48:05Z,
221.235.136.181,ipv4,malicious-ip,medium,WHITE,ziyadnz/hourly-ipv4,ziyadnz|hourly,2026-08-17T18:48:05Z,2026-08-17T18:48:05Z,
221.235.139.2,ipv4,malicious-ip,medium,WHITE,ziyadnz/hourly-ipv4,ziyadnz|hourly,2026-08-17T18:48:05Z,2026-08-17T18:48:05Z,
221.235.142.84,ipv4,malicious-ip,medium,WHITE,ziyadnz/hourly-ipv4,ziyadnz|hourly,2026-08-17T18:48:05Z,2026-08-17T18:48:05Z,
221.235.143.38,ipv4,malicious-ip,medium,WHITE,ziyadnz/hourly-ipv4,ziyadnz|hourly,2026-08-17T18:48:05Z,2026-08-17T18:48:05Z,
221.235.194.91,ipv4,malicious-ip,medium,WHITE,ziyadnz/hourly-ipv4,ziyadnz|hourly,2026-08-17T18:48:05Z,2026-08-17T18:48:05Z,
221.235.195.200,ipv4,malicious-ip,medium,WHITE,ziyadnz/hourly-ipv4,ziyadnz|hourly,2026-08-17T18:48:05Z,2026-08-17T18:48:05Z,
221.235.197.220,ipv4,malicious-ip,medium,WHITE,ziyadnz/hourly-ipv4,ziyadnz|hourly,2026-08-17T18:48:05Z,2026-08-17T18:48:05Z,
221.235.203.28,ipv4,malicious-ip,medium,WHITE,ziyadnz/hourly-ipv4,ziyadnz|hourly,2026-08-17T18:48:05Z,2026-08-17T18:48:05Z,
221.235.70.18,ipv4,malicious-ip,medium,WHITE,ziyadnz/hourly-ipv4,ziyadnz|hourly,2026-08-17T18:48:05Z,2026-08-17T18:48:05Z,
221.236.21.55,ipv4,malicious-ip,medium,WHITE,ziyadnz/hourly-ipv4,ziyadnz|hourly,2026-08-17T18:48:05Z,2026-08-17T18:48:05Z,
221.237.0.95,ipv4,malicious-ip,medium,WHITE,ziyadnz/hourly-ipv4,ziyadnz|hourly,2026-08-17T18:48:05Z,2026-08-17T18:48:05Z,
221.239.59.61,ipv4,malicious-ip,medium,WHITE,ziyadnz/hourly-ipv4,ziyadnz|hourly,2026-08-17T18:48:05Z,2026-08-17T18:48:05Z,
221.239.72.74,ipv4,malicious-ip,medium,WHITE,ziyadnz/hourly-ipv4,ziyadnz|hourly,2026-08-17T18:48:05Z,2026-08-17T18:48:05Z,
221.3.63.114,ipv4,malicious-ip,medium,WHITE,ziyadnz/hourly-ipv4,ziyadnz|hourly,2026-08-17T18:48:05Z,2026-08-17T18:48:05Z,
221.44.226.46,ipv4,malicious-ip,medium,WHITE,ziyadnz/hourly-ipv4,ziyadnz|hourly,2026-08-17T18:48:05Z,2026-08-17T18:48:05Z,
221.5.213.189,ipv4,malicious-ip,medium,WHITE,ziyadnz/hourly-ipv4,ziyadnz|hourly,2026-08-17T18:48:05Z,2026-08-17T18:48:05Z,
221.8.39.178,ipv4,malicious-ip,medium,WHITE,ziyadnz/hourly-ipv4,ziyadnz|hourly,2026-08-17T18:48:05Z,2026-08-17T18:48:05Z,
222.101.66.189,ipv4,malicious-ip,medium,WHITE,ziyadnz/hourly-ipv4,ziyadnz|hourly,2026-08-17T18:48:05Z,2026-08-17T18:48:05Z,
222.103.66.80,ipv4,malicious-ip,medium,WHITE,ziyadnz/hourly-ipv4,ziyadnz|hourly,2026-08-17T18:48:05Z,2026-08-17T18:48:05Z,
222.104.209.121,ipv4,malicious-ip,medium,WHITE,ziyadnz/hourly-ipv4,ziyadnz|hourly,2026-08-17T18:48:05Z,2026-08-17T18:48:05Z,
222.107.254.0,ipv4,malicious-ip,medium,WHITE,ziyadnz/hourly-ipv4,ziyadnz|hourly,2026-08-17T18:48:05Z,2026-08-17T18:48:05Z,
222.107.254.100,ipv4,malicious-ip,medium,WHITE,ziyadnz/hourly-ipv4,ziyadnz|hourly,2026-08-17T18:48:05Z,2026-08-17T18:48:05Z,
222.107.254.110,ipv4,malicious-ip,medium,WHITE,ziyadnz/hourly-ipv4,ziyadnz|hourly,2026-08-17T18:48:05Z,2026-08-17T18:48:05Z,
222.107.254.200,ipv4,malicious-ip,medium,WHITE,ziyadnz/hourly-ipv4,ziyadnz|hourly,2026-08-17T18:48:05Z,2026-08-17T18:48:05Z,
222.107.254.211,ipv4,malicious-ip,medium,WHITE,ziyadnz/hourly-ipv4,ziyadnz|hourly,2026-08-17T18:48:05Z,2026-08-17T18:48:05Z,
222.107.254.212,ipv4,malicious-ip,medium,WHITE,ziyadnz/hourly-ipv4,ziyadnz|hourly,2026-08-17T18:48:05Z,2026-08-17T18:48:05Z,
222.107.254.230,ipv4,malicious-ip,medium,WHITE,ziyadnz/hourly-ipv4,ziyadnz|hourly,2026-08-17T18:48:05Z,2026-08-17T18:48:05Z,
222.107.254.30,ipv4,malicious-ip,medium,WHITE,ziyadnz/hourly-ipv4,ziyadnz|hourly,2026-08-17T18:48:05Z,2026-08-17T18:48:05Z,
222.107.254.94,ipv4,malicious-ip,medium,WHITE,ziyadnz/hourly-ipv4,ziyadnz|hourly,2026-08-17T18:48:05Z,2026-08-17T18:48:05Z,
222.107.254.97,ipv4,malicious-ip,medium,WHITE,ziyadnz/hourly-ipv4,ziyadnz|hourly,2026-08-17T18:48:05Z,2026-08-17T18:48:05Z,
222.107.34.9,ipv4,malicious-ip,medium,WHITE,ziyadnz/hourly-ipv4,ziyadnz|hourly,2026-08-17T18:48:05Z,2026-08-17T18:48:05Z,
222.108.147.76,ipv4,malicious-ip,medium,WHITE,ziyadnz/hourly-ipv4,ziyadnz|hourly,2026-08-17T18:48:05Z,2026-08-17T18:48:05Z,
222.108.250.153,ipv4,malicious-ip,medium,WHITE,ziyadnz/hourly-ipv4,ziyadnz|hourly,2026-08-17T18:48:05Z,2026-08-17T18:48:05Z,
222.108.39.109,ipv4,malicious-ip,medium,WHITE,ziyadnz/hourly-ipv4,ziyadnz|hourly,2026-08-17T18:48:05Z,2026-08-17T18:48:05Z,
222.109.205.160,ipv4,malicious-ip,medium,WHITE,ziyadnz/hourly-ipv4,ziyadnz|hourly,2026-08-17T18:48:05Z,2026-08-17T18:48:05Z,
222.110.147.56,ipv4,malicious-ip,medium,WHITE,ziyadnz/hourly-ipv4,ziyadnz|hourly,2026-08-17T18:48:05Z,2026-08-17T18:48:05Z,
222.110.147.58,ipv4,malicious-ip,medium,WHITE,ziyadnz/hourly-ipv4,ziyadnz|hourly,2026-08-17T18:48:05Z,2026-08-17T18:48:05Z,
222.111.225.250,ipv4,malicious-ip,medium,WHITE,ziyadnz/hourly-ipv4,ziyadnz|hourly,2026-08-17T18:48:05Z,2026-08-17T18:48:05Z,
222.112.46.78,ipv4,malicious-ip,medium,WHITE,ziyadnz/hourly-ipv4,ziyadnz|hourly,2026-08-17T18:48:05Z,2026-08-17T18:48:05Z,
222.112.65.219,ipv4,malicious-ip,medium,WHITE,ziyadnz/hourly-ipv4,ziyadnz|hourly,2026-08-17T18:48:05Z,2026-08-17T18:48:05Z,
222.113.196.55,ipv4,malicious-ip,medium,WHITE,ziyadnz/hourly-ipv4,ziyadnz|hourly,2026-08-17T18:48:05Z,2026-08-17T18:48:05Z,
222.113.254.20,ipv4,malicious-ip,medium,WHITE,ziyadnz/hourly-ipv4,ziyadnz|hourly,2026-08-17T18:48:05Z,2026-08-17T18:48:05Z,
222.116.10.170,ipv4,malicious-ip,medium,WHITE,ziyadnz/hourly-ipv4,ziyadnz|hourly,2026-08-17T18:48:05Z,2026-08-17T18:48:05Z,
222.116.11.71,ipv4,malicious-ip,medium,WHITE,ziyadnz/hourly-ipv4,ziyadnz|hourly,2026-08-17T18:48:05Z,2026-08-17T18:48:05Z,
222.116.19.117,ipv4,malicious-ip,medium,WHITE,ziyadnz/hourly-ipv4,ziyadnz|hourly,2026-08-17T18:48:05Z,2026-08-17T18:48:05Z,
222.116.28.56,ipv4,malicious-ip,medium,WHITE,ziyadnz/hourly-ipv4,ziyadnz|hourly,2026-08-17T18:48:05Z,2026-08-17T18:48:05Z,
222.116.33.50,ipv4,malicious-ip,medium,WHITE,ziyadnz/hourly-ipv4,ziyadnz|hourly,2026-08-17T18:48:05Z,2026-08-17T18:48:05Z,
222.116.34.23,ipv4,malicious-ip,medium,WHITE,ziyadnz/hourly-ipv4,ziyadnz|hourly,2026-08-17T18:48:05Z,2026-08-17T18:48:05Z,
222.116.34.245,ipv4,malicious-ip,medium,WHITE,ziyadnz/hourly-ipv4,ziyadnz|hourly,2026-08-17T18:48:05Z,2026-08-17T18:48:05Z,
222.116.48.103,ipv4,malicious-ip,medium,WHITE,ziyadnz/hourly-ipv4,ziyadnz|hourly,2026-08-17T18:48:05Z,2026-08-17T18:48:05Z,
222.116.49.135,ipv4,malicious-ip,medium,WHITE,ziyadnz/hourly-ipv4,ziyadnz|hourly,2026-08-17T18:48:05Z,2026-08-17T18:48:05Z,
222.116.59.127,ipv4,malicious-ip,medium,WHITE,ziyadnz/hourly-ipv4,ziyadnz|hourly,2026-08-17T18:48:05Z,2026-08-17T18:48:05Z,
222.117.107.192,ipv4,malicious-ip,medium,WHITE,ziyadnz/hourly-ipv4,ziyadnz|hourly,2026-08-17T18:48:05Z,2026-08-17T18:48:05Z,
222.117.107.254,ipv4,malicious-ip,medium,WHITE,ziyadnz/hourly-ipv4,ziyadnz|hourly,2026-08-17T18:48:05Z,2026-08-17T18:48:05Z,
222.117.120.157,ipv4,malicious-ip,medium,WHITE,ziyadnz/hourly-ipv4,ziyadnz|hourly,2026-08-17T18:48:05Z,2026-08-17T18:48:05Z,
222.117.132.229,ipv4,malicious-ip,medium,WHITE,ziyadnz/hourly-ipv4,ziyadnz|hourly,2026-08-17T18:48:05Z,2026-08-17T18:48:05Z,
222.117.173.94,ipv4,malicious-ip,medium,WHITE,ziyadnz/hourly-ipv4,ziyadnz|hourly,2026-08-17T18:48:05Z,2026-08-17T18:48:05Z,
222.118.59.16,ipv4,malicious-ip,medium,WHITE,ziyadnz/hourly-ipv4,ziyadnz|hourly,2026-08-17T18:48:05Z,2026-08-17T18:48:05Z,
222.119.187.182,ipv4,malicious-ip,medium,WHITE,ziyadnz/hourly-ipv4,ziyadnz|hourly,2026-08-17T18:48:05Z,2026-08-17T18:48:05Z,
222.120.7.87,ipv4,malicious-ip,medium,WHITE,ziyadnz/hourly-ipv4,ziyadnz|hourly,2026-08-17T18:48:05Z,2026-08-17T18:48:05Z,
222.122.196.27,ipv4,malicious-ip,medium,WHITE,ziyadnz/hourly-ipv4,ziyadnz|hourly,2026-08-17T18:48:05Z,2026-08-17T18:48:05Z,
222.122.49.15,ipv4,malicious-ip,medium,WHITE,ziyadnz/hourly-ipv4,ziyadnz|hourly,2026-08-17T18:48:05Z,2026-08-17T18:48:05Z,
222.122.98.135,ipv4,malicious-ip,medium,WHITE,ziyadnz/hourly-ipv4,ziyadnz|hourly,2026-08-17T18:48:05Z,2026-08-17T18:48:05Z,
222.124.158.12,ipv4,malicious-ip,medium,WHITE,ziyadnz/hourly-ipv4,ziyadnz|hourly,2026-08-17T18:48:05Z,2026-08-17T18:48:05Z,
222.124.177.148,ipv4,malicious-ip,medium,WHITE,ziyadnz/hourly-ipv4,ziyadnz|hourly,2026-08-17T18:48:05Z,2026-08-17T18:48:05Z,
222.124.214.14,ipv4,malicious-ip,medium,WHITE,ziyadnz/hourly-ipv4,ziyadnz|hourly,2026-08-17T18:48:05Z,2026-08-17T18:48:05Z,
222.124.46.70,ipv4,malicious-ip,medium,WHITE,ziyadnz/hourly-ipv4,ziyadnz|hourly,2026-08-17T18:48:05Z,2026-08-17T18:48:05Z,
222.127.16.108,ipv4,malicious-ip,medium,WHITE,ziyadnz/hourly-ipv4,ziyadnz|hourly,2026-08-17T18:48:05Z,2026-08-17T18:48:05Z,
222.127.54.18,ipv4,malicious-ip,medium,WHITE,ziyadnz/hourly-ipv4,ziyadnz|hourly,2026-08-17T18:48:05Z,2026-08-17T18:48:05Z,
222.127.54.215,ipv4,malicious-ip,medium,WHITE,ziyadnz/hourly-ipv4,ziyadnz|hourly,2026-08-17T18:48:05Z,2026-08-17T18:48:05Z,
222.127.97.234,ipv4,malicious-ip,medium,WHITE,ziyadnz/hourly-ipv4,ziyadnz|hourly,2026-08-17T18:48:05Z,2026-08-17T18:48:05Z,
222.128.28.56,ipv4,malicious-ip,medium,WHITE,ziyadnz/hourly-ipv4,ziyadnz|hourly,2026-08-17T18:48:05Z,2026-08-17T18:48:05Z,
222.129.37.92,ipv4,malicious-ip,medium,WHITE,ziyadnz/hourly-ipv4,ziyadnz|hourly,2026-08-17T18:48:05Z,2026-08-17T18:48:05Z,
222.132.112.50,ipv4,malicious-ip,medium,WHITE,ziyadnz/hourly-ipv4,ziyadnz|hourly,2026-08-17T18:48:05Z,2026-08-17T18:48:05Z,
222.132.178.35,ipv4,malicious-ip,medium,WHITE,ziyadnz/hourly-ipv4,ziyadnz|hourly,2026-08-17T18:48:05Z,2026-08-17T18:48:05Z,
222.132.33.37,ipv4,malicious-ip,medium,WHITE,ziyadnz/hourly-ipv4,ziyadnz|hourly,2026-08-17T18:48:05Z,2026-08-17T18:48:05Z,
222.132.37.190,ipv4,malicious-ip,medium,WHITE,ziyadnz/hourly-ipv4,ziyadnz|hourly,2026-08-17T18:48:05Z,2026-08-17T18:48:05Z,
222.132.38.140,ipv4,malicious-ip,medium,WHITE,ziyadnz/hourly-ipv4,ziyadnz|hourly,2026-08-17T18:48:05Z,2026-08-17T18:48:05Z,
222.132.38.235,ipv4,malicious-ip,medium,WHITE,ziyadnz/hourly-ipv4,ziyadnz|hourly,2026-08-17T18:48:05Z,2026-08-17T18:48:05Z,
222.133.196.96,ipv4,malicious-ip,medium,WHITE,ziyadnz/hourly-ipv4,ziyadnz|hourly,2026-08-17T18:48:05Z,2026-08-17T18:48:05Z,
222.133.234.220,ipv4,malicious-ip,medium,WHITE,ziyadnz/hourly-ipv4,ziyadnz|hourly,2026-08-17T18:48:05Z,2026-08-17T18:48:05Z,
222.133.70.225,ipv4,malicious-ip,medium,WHITE,ziyadnz/hourly-ipv4,ziyadnz|hourly,2026-08-17T18:48:05Z,2026-08-17T18:48:05Z,
222.133.89.222,ipv4,malicious-ip,medium,WHITE,ziyadnz/hourly-ipv4,ziyadnz|hourly,2026-08-17T18:48:05Z,2026-08-17T18:48:05Z,
222.133.96.94,ipv4,malicious-ip,medium,WHITE,ziyadnz/hourly-ipv4,ziyadnz|hourly,2026-08-17T18:48:05Z,2026-08-17T18:48:05Z,
222.134.75.6,ipv4,malicious-ip,medium,WHITE,ziyadnz/hourly-ipv4,ziyadnz|hourly,2026-08-17T18:48:05Z,2026-08-17T18:48:05Z,
222.135.123.6,ipv4,malicious-ip,medium,WHITE,ziyadnz/hourly-ipv4,ziyadnz|hourly,2026-08-17T18:48:05Z,2026-08-17T18:48:05Z,
222.135.178.13,ipv4,malicious-ip,medium,WHITE,ziyadnz/hourly-ipv4,ziyadnz|hourly,2026-08-17T18:48:05Z,2026-08-17T18:48:05Z,
222.135.200.111,ipv4,malicious-ip,medium,WHITE,ziyadnz/hourly-ipv4,ziyadnz|hourly,2026-08-17T18:48:05Z,2026-08-17T18:48:05Z,
222.135.200.248,ipv4,malicious-ip,medium,WHITE,ziyadnz/hourly-ipv4,ziyadnz|hourly,2026-08-17T18:48:05Z,2026-08-17T18:48:05Z,
222.135.202.27,ipv4,malicious-ip,medium,WHITE,ziyadnz/hourly-ipv4,ziyadnz|hourly,2026-08-17T18:48:05Z,2026-08-17T18:48:05Z,
222.136.109.124,ipv4,malicious-ip,medium,WHITE,ziyadnz/hourly-ipv4,ziyadnz|hourly,2026-08-17T18:48:05Z,2026-08-17T18:48:05Z,
222.136.219.30,ipv4,malicious-ip,medium,WHITE,ziyadnz/hourly-ipv4,ziyadnz|hourly,2026-08-17T18:48:05Z,2026-08-17T18:48:05Z,
222.136.90.188,ipv4,malicious-ip,medium,WHITE,ziyadnz/hourly-ipv4,ziyadnz|hourly,2026-08-17T18:48:05Z,2026-08-17T18:48:05Z,
222.137.17.155,ipv4,malicious-ip,medium,WHITE,ziyadnz/hourly-ipv4,ziyadnz|hourly,2026-08-17T18:48:05Z,2026-08-17T18:48:05Z,
222.137.172.230,ipv4,malicious-ip,medium,WHITE,ziyadnz/hourly-ipv4,ziyadnz|hourly,2026-08-17T18:48:05Z,2026-08-17T18:48:05Z,
222.137.25.225,ipv4,malicious-ip,medium,WHITE,ziyadnz/hourly-ipv4,ziyadnz|hourly,2026-08-17T18:48:05Z,2026-08-17T18:48:05Z,
222.138.102.92,ipv4,malicious-ip,medium,WHITE,ziyadnz/hourly-ipv4,ziyadnz|hourly,2026-08-17T18:48:05Z,2026-08-17T18:48:05Z,
222.138.188.244,ipv4,malicious-ip,medium,WHITE,ziyadnz/hourly-ipv4,ziyadnz|hourly,2026-08-17T18:48:05Z,2026-08-17T18:48:05Z,
222.138.79.200,ipv4,malicious-ip,medium,WHITE,ziyadnz/hourly-ipv4,ziyadnz|hourly,2026-08-17T18:48:05Z,2026-08-17T18:48:05Z,
222.139.115.10,ipv4,malicious-ip,medium,WHITE,ziyadnz/hourly-ipv4,ziyadnz|hourly,2026-08-17T18:48:05Z,2026-08-17T18:48:05Z,
222.140.9.249,ipv4,malicious-ip,medium,WHITE,ziyadnz/hourly-ipv4,ziyadnz|hourly,2026-08-17T18:48:05Z,2026-08-17T18:48:05Z,
222.141.75.171,ipv4,malicious-ip,medium,WHITE,ziyadnz/hourly-ipv4,ziyadnz|hourly,2026-08-17T18:48:05Z,2026-08-17T18:48:05Z,
222.141.80.133,ipv4,malicious-ip,medium,WHITE,ziyadnz/hourly-ipv4,ziyadnz|hourly,2026-08-17T18:48:05Z,2026-08-17T18:48:05Z,
222.142.37.196,ipv4,malicious-ip,medium,WHITE,ziyadnz/hourly-ipv4,ziyadnz|hourly,2026-08-17T18:48:05Z,2026-08-17T18:48:05Z,
222.152.149.83,ipv4,malicious-ip,medium,WHITE,ziyadnz/hourly-ipv4,ziyadnz|hourly,2026-08-17T18:48:05Z,2026-08-17T18:48:05Z,
222.161.223.54,ipv4,malicious-ip,medium,WHITE,ziyadnz/hourly-ipv4,ziyadnz|hourly,2026-08-17T18:48:05Z,2026-08-17T18:48:05Z,
222.162.177.190,ipv4,malicious-ip,medium,WHITE,ziyadnz/hourly-ipv4,ziyadnz|hourly,2026-08-17T18:48:05Z,2026-08-17T18:48:05Z,
222.163.198.4,ipv4,malicious-ip,medium,WHITE,ziyadnz/hourly-ipv4,ziyadnz|hourly,2026-08-17T18:48:05Z,2026-08-17T18:48:05Z,
222.164.152.164,ipv4,malicious-ip,medium,WHITE,ziyadnz/hourly-ipv4,ziyadnz|hourly,2026-08-17T18:48:05Z,2026-08-17T18:48:05Z,
222.165.226.50,ipv4,malicious-ip,medium,WHITE,ziyadnz/hourly-ipv4,ziyadnz|hourly,2026-08-17T18:48:05Z,2026-08-17T18:48:05Z,
222.167.161.11,ipv4,malicious-ip,medium,WHITE,ziyadnz/hourly-ipv4,ziyadnz|hourly,2026-08-17T18:48:05Z,2026-08-17T18:48:05Z,
222.168.35.178,ipv4,malicious-ip,medium,WHITE,ziyadnz/hourly-ipv4,ziyadnz|hourly,2026-08-17T18:48:05Z,2026-08-17T18:48:05Z,
222.169.71.65,ipv4,malicious-ip,medium,WHITE,ziyadnz/hourly-ipv4,ziyadnz|hourly,2026-08-17T18:48:05Z,2026-08-17T18:48:05Z,
222.170.175.95,ipv4,malicious-ip,medium,WHITE,ziyadnz/hourly-ipv4,ziyadnz|hourly,2026-08-17T18:48:05Z,2026-08-17T18:48:05Z,
222.170.20.194,ipv4,malicious-ip,medium,WHITE,ziyadnz/hourly-ipv4,ziyadnz|hourly,2026-08-17T18:48:05Z,2026-08-17T18:48:05Z,
222.172.178.92,ipv4,malicious-ip,medium,WHITE,ziyadnz/hourly-ipv4,ziyadnz|hourly,2026-08-17T18:48:05Z,2026-08-17T18:48:05Z,
222.172.194.45,ipv4,malicious-ip,medium,WHITE,ziyadnz/hourly-ipv4,ziyadnz|hourly,2026-08-17T18:48:05Z,2026-08-17T18:48:05Z,
222.172.32.246,ipv4,malicious-ip,medium,WHITE,ziyadnz/hourly-ipv4,ziyadnz|hourly,2026-08-17T18:48:05Z,2026-08-17T18:48:05Z,
222.173.103.227,ipv4,malicious-ip,medium,WHITE,ziyadnz/hourly-ipv4,ziyadnz|hourly,2026-08-17T18:48:05Z,2026-08-17T18:48:05Z,
222.173.216.234,ipv4,malicious-ip,medium,WHITE,ziyadnz/hourly-ipv4,ziyadnz|hourly,2026-08-17T18:48:05Z,2026-08-17T18:48:05Z,
222.173.239.186,ipv4,malicious-ip,medium,WHITE,ziyadnz/hourly-ipv4,ziyadnz|hourly,2026-08-17T18:48:05Z,2026-08-17T18:48:05Z,
222.174.168.146,ipv4,malicious-ip,medium,WHITE,ziyadnz/hourly-ipv4,ziyadnz|hourly,2026-08-17T18:48:05Z,2026-08-17T18:48:05Z,
222.174.75.46,ipv4,malicious-ip,medium,WHITE,ziyadnz/hourly-ipv4,ziyadnz|hourly,2026-08-17T18:48:05Z,2026-08-17T18:48:05Z,
222.175.106.135,ipv4,malicious-ip,medium,WHITE,ziyadnz/hourly-ipv4,ziyadnz|hourly,2026-08-17T18:48:05Z,2026-08-17T18:48:05Z,
222.175.106.142,ipv4,malicious-ip,medium,WHITE,ziyadnz/hourly-ipv4,ziyadnz|hourly,2026-08-17T18:48:05Z,2026-08-17T18:48:05Z,
222.175.168.90,ipv4,malicious-ip,medium,WHITE,ziyadnz/hourly-ipv4,ziyadnz|hourly,2026-08-17T18:48:05Z,2026-08-17T18:48:05Z,
222.175.174.178,ipv4,malicious-ip,medium,WHITE,ziyadnz/hourly-ipv4,ziyadnz|hourly,2026-08-17T18:48:05Z,2026-08-17T18:48:05Z,
222.175.57.158,ipv4,malicious-ip,medium,WHITE,ziyadnz/hourly-ipv4,ziyadnz|hourly,2026-08-17T18:48:05Z,2026-08-17T18:48:05Z,
222.176.200.167,ipv4,malicious-ip,medium,WHITE,ziyadnz/hourly-ipv4,ziyadnz|hourly,2026-08-17T18:48:05Z,2026-08-17T18:48:05Z,
222.176.200.193,ipv4,malicious-ip,medium,WHITE,ziyadnz/hourly-ipv4,ziyadnz|hourly,2026-08-17T18:48:05Z,2026-08-17T18:48:05Z,
222.176.200.194,ipv4,malicious-ip,medium,WHITE,ziyadnz/hourly-ipv4,ziyadnz|hourly,2026-08-17T18:48:05Z,2026-08-17T18:48:05Z,
222.176.200.195,ipv4,malicious-ip,medium,WHITE,ziyadnz/hourly-ipv4,ziyadnz|hourly,2026-08-17T18:48:05Z,2026-08-17T18:48:05Z,
222.176.200.2,ipv4,malicious-ip,medium,WHITE,ziyadnz/hourly-ipv4,ziyadnz|hourly,2026-08-17T18:48:05Z,2026-08-17T18:48:05Z,
222.176.200.34,ipv4,malicious-ip,medium,WHITE,ziyadnz/hourly-ipv4,ziyadnz|hourly,2026-08-17T18:48:05Z,2026-08-17T18:48:05Z,
222.176.200.44,ipv4,malicious-ip,medium,WHITE,ziyadnz/hourly-ipv4,ziyadnz|hourly,2026-08-17T18:48:05Z,2026-08-17T18:48:05Z,
222.176.201.1,ipv4,malicious-ip,medium,WHITE,ziyadnz/hourly-ipv4,ziyadnz|hourly,2026-08-17T18:48:05Z,2026-08-17T18:48:05Z,
222.176.201.104,ipv4,malicious-ip,medium,WHITE,ziyadnz/hourly-ipv4,ziyadnz|hourly,2026-08-17T18:48:05Z,2026-08-17T18:48:05Z,
222.176.201.123,ipv4,malicious-ip,medium,WHITE,ziyadnz/hourly-ipv4,ziyadnz|hourly,2026-08-17T18:48:05Z,2026-08-17T18:48:05Z,
222.176.201.125,ipv4,malicious-ip,medium,WHITE,ziyadnz/hourly-ipv4,ziyadnz|hourly,2026-08-17T18:48:05Z,2026-08-17T18:48:05Z,
222.176.201.130,ipv4,malicious-ip,medium,WHITE,ziyadnz/hourly-ipv4,ziyadnz|hourly,2026-08-17T18:48:05Z,2026-08-17T18:48:05Z,
222.176.201.144,ipv4,malicious-ip,medium,WHITE,ziyadnz/hourly-ipv4,ziyadnz|hourly,2026-08-17T18:48:05Z,2026-08-17T18:48:05Z,
222.176.201.150,ipv4,malicious-ip,medium,WHITE,ziyadnz/hourly-ipv4,ziyadnz|hourly,2026-08-17T18:48:05Z,2026-08-17T18:48:05Z,
222.176.201.169,ipv4,malicious-ip,medium,WHITE,ziyadnz/hourly-ipv4,ziyadnz|hourly,2026-08-17T18:48:05Z,2026-08-17T18:48:05Z,
222.176.201.230,ipv4,malicious-ip,medium,WHITE,ziyadnz/hourly-ipv4,ziyadnz|hourly,2026-08-17T18:48:05Z,2026-08-17T18:48:05Z,
222.176.201.33,ipv4,malicious-ip,medium,WHITE,ziyadnz/hourly-ipv4,ziyadnz|hourly,2026-08-17T18:48:05Z,2026-08-17T18:48:05Z,
222.176.201.48,ipv4,malicious-ip,medium,WHITE,ziyadnz/hourly-ipv4,ziyadnz|hourly,2026-08-17T18:48:05Z,2026-08-17T18:48:05Z,
222.176.201.60,ipv4,malicious-ip,medium,WHITE,ziyadnz/hourly-ipv4,ziyadnz|hourly,2026-08-17T18:48:05Z,2026-08-17T18:48:05Z,
222.176.201.96,ipv4,malicious-ip,medium,WHITE,ziyadnz/hourly-ipv4,ziyadnz|hourly,2026-08-17T18:48:05Z,2026-08-17T18:48:05Z,
222.178.10.223,ipv4,malicious-ip,medium,WHITE,ziyadnz/hourly-ipv4,ziyadnz|hourly,2026-08-17T18:48:05Z,2026-08-17T18:48:05Z,
222.178.76.161,ipv4,malicious-ip,medium,WHITE,ziyadnz/hourly-ipv4,ziyadnz|hourly,2026-08-17T18:48:05Z,2026-08-17T18:48:05Z,
222.179.105.58,ipv4,malicious-ip,medium,WHITE,ziyadnz/hourly-ipv4,ziyadnz|hourly,2026-08-17T18:48:05Z,2026-08-17T18:48:05Z,
222.179.213.1,ipv4,malicious-ip,medium,WHITE,ziyadnz/hourly-ipv4,ziyadnz|hourly,2026-08-17T18:48:05Z,2026-08-17T18:48:05Z,
222.179.90.66,ipv4,malicious-ip,medium,WHITE,ziyadnz/hourly-ipv4,ziyadnz|hourly,2026-08-17T18:48:05Z,2026-08-17T18:48:05Z,
222.182.122.248,ipv4,malicious-ip,medium,WHITE,ziyadnz/hourly-ipv4,ziyadnz|hourly,2026-08-17T18:48:05Z,2026-08-17T18:48:05Z,
222.185.102.94,ipv4,malicious-ip,medium,WHITE,ziyadnz/hourly-ipv4,ziyadnz|hourly,2026-08-17T18:48:05Z,2026-08-17T18:48:05Z,
222.185.124.106,ipv4,malicious-ip,medium,WHITE,ziyadnz/hourly-ipv4,ziyadnz|hourly,2026-08-17T18:48:05Z,2026-08-17T18:48:05Z,
222.185.237.133,ipv4,malicious-ip,medium,WHITE,ziyadnz/hourly-ipv4,ziyadnz|hourly,2026-08-17T18:48:05Z,2026-08-17T18:48:05Z,
222.185.28.70,ipv4,malicious-ip,medium,WHITE,ziyadnz/hourly-ipv4,ziyadnz|hourly,2026-08-17T18:48:05Z,2026-08-17T18:48:05Z,
222.186.13.130,ipv4,malicious-ip,medium,WHITE,ziyadnz/hourly-ipv4,ziyadnz|hourly,2026-08-17T18:48:05Z,2026-08-17T18:48:05Z,
222.186.140.103,ipv4,malicious-ip,medium,WHITE,ziyadnz/hourly-ipv4,ziyadnz|hourly,2026-08-17T18:48:05Z,2026-08-17T18:48:05Z,
222.186.180.126,ipv4,malicious-ip,medium,WHITE,ziyadnz/hourly-ipv4,ziyadnz|hourly,2026-08-17T18:48:05Z,2026-08-17T18:48:05Z,
222.186.232.116,ipv4,malicious-ip,medium,WHITE,ziyadnz/hourly-ipv4,ziyadnz|hourly,2026-08-17T18:48:05Z,2026-08-17T18:48:05Z,
222.186.236.113,ipv4,malicious-ip,medium,WHITE,ziyadnz/hourly-ipv4,ziyadnz|hourly,2026-08-17T18:48:05Z,2026-08-17T18:48:05Z,
222.186.57.10,ipv4,malicious-ip,medium,WHITE,ziyadnz/hourly-ipv4,ziyadnz|hourly,2026-08-17T18:48:05Z,2026-08-17T18:48:05Z,
222.188.95.202,ipv4,malicious-ip,medium,WHITE,ziyadnz/hourly-ipv4,ziyadnz|hourly,2026-08-17T18:48:05Z,2026-08-17T18:48:05Z,
222.189.176.138,ipv4,malicious-ip,medium,WHITE,ziyadnz/hourly-ipv4,ziyadnz|hourly,2026-08-17T18:48:05Z,2026-08-17T18:48:05Z,
222.189.176.151,ipv4,malicious-ip,medium,WHITE,ziyadnz/hourly-ipv4,ziyadnz|hourly,2026-08-17T18:48:05Z,2026-08-17T18:48:05Z,
222.189.176.198,ipv4,malicious-ip,medium,WHITE,ziyadnz/hourly-ipv4,ziyadnz|hourly,2026-08-17T18:48:05Z,2026-08-17T18:48:05Z,
222.189.176.79,ipv4,malicious-ip,medium,WHITE,ziyadnz/hourly-ipv4,ziyadnz|hourly,2026-08-17T18:48:05Z,2026-08-17T18:48:05Z,
222.189.176.84,ipv4,malicious-ip,medium,WHITE,ziyadnz/hourly-ipv4,ziyadnz|hourly,2026-08-17T18:48:05Z,2026-08-17T18:48:05Z,
222.189.195.34,ipv4,malicious-ip,medium,WHITE,ziyadnz/hourly-ipv4,ziyadnz|hourly,2026-08-17T18:48:05Z,2026-08-17T18:48:05Z,
222.189.195.41,ipv4,malicious-ip,medium,WHITE,ziyadnz/hourly-ipv4,ziyadnz|hourly,2026-08-17T18:48:05Z,2026-08-17T18:48:05Z,
222.208.24.3,ipv4,malicious-ip,medium,WHITE,ziyadnz/hourly-ipv4,ziyadnz|hourly,2026-08-17T18:48:05Z,2026-08-17T18:48:05Z,
222.208.46.68,ipv4,malicious-ip,medium,WHITE,ziyadnz/hourly-ipv4,ziyadnz|hourly,2026-08-17T18:48:05Z,2026-08-17T18:48:05Z,
222.208.64.40,ipv4,malicious-ip,medium,WHITE,ziyadnz/hourly-ipv4,ziyadnz|hourly,2026-08-17T18:48:05Z,2026-08-17T18:48:05Z,
222.209.210.70,ipv4,malicious-ip,medium,WHITE,ziyadnz/hourly-ipv4,ziyadnz|hourly,2026-08-17T18:48:05Z,2026-08-17T18:48:05Z,
222.211.14.196,ipv4,malicious-ip,medium,WHITE,ziyadnz/hourly-ipv4,ziyadnz|hourly,2026-08-17T18:48:05Z,2026-08-17T18:48:05Z,
222.211.141.207,ipv4,malicious-ip,medium,WHITE,ziyadnz/hourly-ipv4,ziyadnz|hourly,2026-08-17T18:48:05Z,2026-08-17T18:48:05Z,
222.211.217.56,ipv4,malicious-ip,medium,WHITE,ziyadnz/hourly-ipv4,ziyadnz|hourly,2026-08-17T18:48:05Z,2026-08-17T18:48:05Z,
222.212.10.225,ipv4,malicious-ip,medium,WHITE,ziyadnz/hourly-ipv4,ziyadnz|hourly,2026-08-17T18:48:05Z,2026-08-17T18:48:05Z,
222.212.164.90,ipv4,malicious-ip,medium,WHITE,ziyadnz/hourly-ipv4,ziyadnz|hourly,2026-08-17T18:48:05Z,2026-08-17T18:48:05Z,
222.212.83.51,ipv4,malicious-ip,medium,WHITE,ziyadnz/hourly-ipv4,ziyadnz|hourly,2026-08-17T18:48:05Z,2026-08-17T18:48:05Z,
222.213.149.176,ipv4,malicious-ip,medium,WHITE,ziyadnz/hourly-ipv4,ziyadnz|hourly,2026-08-17T18:48:05Z,2026-08-17T18:48:05Z,
222.213.23.56,ipv4,malicious-ip,medium,WHITE,ziyadnz/hourly-ipv4,ziyadnz|hourly,2026-08-17T18:48:05Z,2026-08-17T18:48:05Z,
222.214.193.9,ipv4,malicious-ip,medium,WHITE,ziyadnz/hourly-ipv4,ziyadnz|hourly,2026-08-17T18:48:05Z,2026-08-17T18:48:05Z,
222.216.222.164,ipv4,malicious-ip,medium,WHITE,ziyadnz/hourly-ipv4,ziyadnz|hourly,2026-08-17T18:48:05Z,2026-08-17T18:48:05Z,
222.216.23.115,ipv4,malicious-ip,medium,WHITE,ziyadnz/hourly-ipv4,ziyadnz|hourly,2026-08-17T18:48:05Z,2026-08-17T18:48:05Z,
222.219.131.47,ipv4,malicious-ip,medium,WHITE,ziyadnz/hourly-ipv4,ziyadnz|hourly,2026-08-17T18:48:05Z,2026-08-17T18:48:05Z,
222.219.139.11,ipv4,malicious-ip,medium,WHITE,ziyadnz/hourly-ipv4,ziyadnz|hourly,2026-08-17T18:48:05Z,2026-08-17T18:48:05Z,
222.219.139.47,ipv4,malicious-ip,medium,WHITE,ziyadnz/hourly-ipv4,ziyadnz|hourly,2026-08-17T18:48:05Z,2026-08-17T18:48:05Z,
222.219.183.84,ipv4,malicious-ip,medium,WHITE,ziyadnz/hourly-ipv4,ziyadnz|hourly,2026-08-17T18:48:05Z,2026-08-17T18:48:05Z,
222.220.102.32,ipv4,malicious-ip,medium,WHITE,ziyadnz/hourly-ipv4,ziyadnz|hourly,2026-08-17T18:48:05Z,2026-08-17T18:48:05Z,
222.220.133.64,ipv4,malicious-ip,medium,WHITE,ziyadnz/hourly-ipv4,ziyadnz|hourly,2026-08-17T18:48:05Z,2026-08-17T18:48:05Z,
222.220.145.9,ipv4,malicious-ip,medium,WHITE,ziyadnz/hourly-ipv4,ziyadnz|hourly,2026-08-17T18:48:05Z,2026-08-17T18:48:05Z,
222.222.168.9,ipv4,malicious-ip,medium,WHITE,ziyadnz/hourly-ipv4,ziyadnz|hourly,2026-08-17T18:48:05Z,2026-08-17T18:48:05Z,
222.222.254.165,ipv4,malicious-ip,medium,WHITE,ziyadnz/hourly-ipv4,ziyadnz|hourly,2026-08-17T18:48:05Z,2026-08-17T18:48:05Z,
222.222.73.70,ipv4,malicious-ip,medium,WHITE,ziyadnz/hourly-ipv4,ziyadnz|hourly,2026-08-17T18:48:05Z,2026-08-17T18:48:05Z,
222.223.177.118,ipv4,malicious-ip,medium,WHITE,ziyadnz/hourly-ipv4,ziyadnz|hourly,2026-08-17T18:48:05Z,2026-08-17T18:48:05Z,
222.223.62.100,ipv4,malicious-ip,medium,WHITE,ziyadnz/hourly-ipv4,ziyadnz|hourly,2026-08-17T18:48:05Z,2026-08-17T18:48:05Z,
222.224.230.53,ipv4,malicious-ip,medium,WHITE,ziyadnz/hourly-ipv4,ziyadnz|hourly,2026-08-17T18:48:05Z,2026-08-17T18:48:05Z,
222.224.231.243,ipv4,malicious-ip,medium,WHITE,ziyadnz/hourly-ipv4,ziyadnz|hourly,2026-08-17T18:48:05Z,2026-08-17T18:48:05Z,
222.228.118.25,ipv4,malicious-ip,medium,WHITE,ziyadnz/hourly-ipv4,ziyadnz|hourly,2026-08-17T18:48:05Z,2026-08-17T18:48:05Z,
222.230.177.55,ipv4,malicious-ip,medium,WHITE,ziyadnz/hourly-ipv4,ziyadnz|hourly,2026-08-17T18:48:05Z,2026-08-17T18:48:05Z,
222.239.248.225,ipv4,malicious-ip,medium,WHITE,ziyadnz/hourly-ipv4,ziyadnz|hourly,2026-08-17T18:48:05Z,2026-08-17T18:48:05Z,
222.241.154.96,ipv4,malicious-ip,medium,WHITE,ziyadnz/hourly-ipv4,ziyadnz|hourly,2026-08-17T18:48:05Z,2026-08-17T18:48:05Z,
222.241.248.108,ipv4,malicious-ip,medium,WHITE,ziyadnz/hourly-ipv4,ziyadnz|hourly,2026-08-17T18:48:05Z,2026-08-17T18:48:05Z,
222.242.147.132,ipv4,malicious-ip,medium,WHITE,ziyadnz/hourly-ipv4,ziyadnz|hourly,2026-08-17T18:48:05Z,2026-08-17T18:48:05Z,
222.243.95.50,ipv4,malicious-ip,medium,WHITE,ziyadnz/hourly-ipv4,ziyadnz|hourly,2026-08-17T18:48:05Z,2026-08-17T18:48:05Z,
222.244.170.206,ipv4,malicious-ip,medium,WHITE,ziyadnz/hourly-ipv4,ziyadnz|hourly,2026-08-17T18:48:05Z,2026-08-17T18:48:05Z,
222.244.170.209,ipv4,malicious-ip,medium,WHITE,ziyadnz/hourly-ipv4,ziyadnz|hourly,2026-08-17T18:48:05Z,2026-08-17T18:48:05Z,
222.245.53.70,ipv4,malicious-ip,medium,WHITE,ziyadnz/hourly-ipv4,ziyadnz|hourly,2026-08-17T18:48:05Z,2026-08-17T18:48:05Z,
222.246.40.23,ipv4,malicious-ip,medium,WHITE,ziyadnz/hourly-ipv4,ziyadnz|hourly,2026-08-17T18:48:05Z,2026-08-17T18:48:05Z,
222.246.43.28,ipv4,malicious-ip,medium,WHITE,ziyadnz/hourly-ipv4,ziyadnz|hourly,2026-08-17T18:48:05Z,2026-08-17T18:48:05Z,
222.247.231.147,ipv4,malicious-ip,medium,WHITE,ziyadnz/hourly-ipv4,ziyadnz|hourly,2026-08-17T18:48:05Z,2026-08-17T18:48:05Z,
222.247.32.186,ipv4,malicious-ip,medium,WHITE,ziyadnz/hourly-ipv4,ziyadnz|hourly,2026-08-17T18:48:05Z,2026-08-17T18:48:05Z,
222.252.20.249,ipv4,malicious-ip,medium,WHITE,ziyadnz/hourly-ipv4,ziyadnz|hourly,2026-08-17T18:48:05Z,2026-08-17T18:48:05Z,
222.252.28.186,ipv4,malicious-ip,medium,WHITE,ziyadnz/hourly-ipv4,ziyadnz|hourly,2026-08-17T18:48:05Z,2026-08-17T18:48:05Z,
222.252.99.9,ipv4,malicious-ip,medium,WHITE,ziyadnz/hourly-ipv4,ziyadnz|hourly,2026-08-17T18:48:05Z,2026-08-17T18:48:05Z,
222.253.102.94,ipv4,malicious-ip,medium,WHITE,ziyadnz/hourly-ipv4,ziyadnz|hourly,2026-08-17T18:48:05Z,2026-08-17T18:48:05Z,
222.253.220.250,ipv4,malicious-ip,medium,WHITE,ziyadnz/hourly-ipv4,ziyadnz|hourly,2026-08-17T18:48:05Z,2026-08-17T18:48:05Z,
222.253.40.231,ipv4,malicious-ip,medium,WHITE,ziyadnz/hourly-ipv4,ziyadnz|hourly,2026-08-17T18:48:05Z,2026-08-17T18:48:05Z,
222.254.155.14,ipv4,malicious-ip,medium,WHITE,ziyadnz/hourly-ipv4,ziyadnz|hourly,2026-08-17T18:48:05Z,2026-08-17T18:48:05Z,
222.254.194.200,ipv4,malicious-ip,medium,WHITE,ziyadnz/hourly-ipv4,ziyadnz|hourly,2026-08-17T18:48:05Z,2026-08-17T18:48:05Z,
222.255.117.26,ipv4,malicious-ip,medium,WHITE,ziyadnz/hourly-ipv4,ziyadnz|hourly,2026-08-17T18:48:05Z,2026-08-17T18:48:05Z,
222.255.182.222,ipv4,malicious-ip,medium,WHITE,ziyadnz/hourly-ipv4,ziyadnz|hourly,2026-08-17T18:48:05Z,2026-08-17T18:48:05Z,
222.255.214.79,ipv4,malicious-ip,medium,WHITE,ziyadnz/hourly-ipv4,ziyadnz|hourly,2026-08-17T18:48:05Z,2026-08-17T18:48:05Z,
222.6.218.108,ipv4,malicious-ip,medium,WHITE,ziyadnz/hourly-ipv4,ziyadnz|hourly,2026-08-17T18:48:05Z,2026-08-17T18:48:05Z,
222.71.15.18,ipv4,malicious-ip,medium,WHITE,ziyadnz/hourly-ipv4,ziyadnz|hourly,2026-08-17T18:48:05Z,2026-08-17T18:48:05Z,
222.71.233.162,ipv4,malicious-ip,medium,WHITE,ziyadnz/hourly-ipv4,ziyadnz|hourly,2026-08-17T18:48:05Z,2026-08-17T18:48:05Z,
222.73.51.231,ipv4,malicious-ip,medium,WHITE,ziyadnz/hourly-ipv4,ziyadnz|hourly,2026-08-17T18:48:05Z,2026-08-17T18:48:05Z,
222.73.56.10,ipv4,malicious-ip,medium,WHITE,ziyadnz/hourly-ipv4,ziyadnz|hourly,2026-08-17T18:48:05Z,2026-08-17T18:48:05Z,
222.74.186.134,ipv4,malicious-ip,medium,WHITE,ziyadnz/hourly-ipv4,ziyadnz|hourly,2026-08-17T18:48:05Z,2026-08-17T18:48:05Z,
222.74.198.58,ipv4,malicious-ip,medium,WHITE,ziyadnz/hourly-ipv4,ziyadnz|hourly,2026-08-17T18:48:05Z,2026-08-17T18:48:05Z,
222.74.220.218,ipv4,malicious-ip,medium,WHITE,ziyadnz/hourly-ipv4,ziyadnz|hourly,2026-08-17T18:48:05Z,2026-08-17T18:48:05Z,
222.75.105.94,ipv4,malicious-ip,medium,WHITE,ziyadnz/hourly-ipv4,ziyadnz|hourly,2026-08-17T18:48:05Z,2026-08-17T18:48:05Z,
222.75.122.66,ipv4,malicious-ip,medium,WHITE,ziyadnz/hourly-ipv4,ziyadnz|hourly,2026-08-17T18:48:05Z,2026-08-17T18:48:05Z,
222.76.176.208,ipv4,malicious-ip,medium,WHITE,ziyadnz/hourly-ipv4,ziyadnz|hourly,2026-08-17T18:48:05Z,2026-08-17T18:48:05Z,
222.76.190.101,ipv4,malicious-ip,medium,WHITE,ziyadnz/hourly-ipv4,ziyadnz|hourly,2026-08-17T18:48:05Z,2026-08-17T18:48:05Z,
222.77.214.223,ipv4,malicious-ip,medium,WHITE,ziyadnz/hourly-ipv4,ziyadnz|hourly,2026-08-17T18:48:05Z,2026-08-17T18:48:05Z,
222.78.22.163,ipv4,malicious-ip,medium,WHITE,ziyadnz/hourly-ipv4,ziyadnz|hourly,2026-08-17T18:48:05Z,2026-08-17T18:48:05Z,
222.84.231.211,ipv4,malicious-ip,medium,WHITE,ziyadnz/hourly-ipv4,ziyadnz|hourly,2026-08-17T18:48:05Z,2026-08-17T18:48:05Z,
222.85.110.99,ipv4,malicious-ip,medium,WHITE,ziyadnz/hourly-ipv4,ziyadnz|hourly,2026-08-17T18:48:05Z,2026-08-17T18:48:05Z,
222.86.15.89,ipv4,malicious-ip,medium,WHITE,ziyadnz/hourly-ipv4,ziyadnz|hourly,2026-08-17T18:48:05Z,2026-08-17T18:48:05Z,
222.86.168.224,ipv4,malicious-ip,medium,WHITE,ziyadnz/hourly-ipv4,ziyadnz|hourly,2026-08-17T18:48:05Z,2026-08-17T18:48:05Z,
222.88.163.202,ipv4,malicious-ip,medium,WHITE,ziyadnz/hourly-ipv4,ziyadnz|hourly,2026-08-17T18:48:05Z,2026-08-17T18:48:05Z,
222.88.163.204,ipv4,malicious-ip,medium,WHITE,ziyadnz/hourly-ipv4,ziyadnz|hourly,2026-08-17T18:48:05Z,2026-08-17T18:48:05Z,
222.88.189.183,ipv4,malicious-ip,medium,WHITE,ziyadnz/hourly-ipv4,ziyadnz|hourly,2026-08-17T18:48:05Z,2026-08-17T18:48:05Z,
222.88.237.152,ipv4,malicious-ip,medium,WHITE,ziyadnz/hourly-ipv4,ziyadnz|hourly,2026-08-17T18:48:05Z,2026-08-17T18:48:05Z,
222.89.138.40,ipv4,malicious-ip,medium,WHITE,ziyadnz/hourly-ipv4,ziyadnz|hourly,2026-08-17T18:48:05Z,2026-08-17T18:48:05Z,
222.89.169.98,ipv4,malicious-ip,medium,WHITE,ziyadnz/hourly-ipv4,ziyadnz|hourly,2026-08-17T18:48:05Z,2026-08-17T18:48:05Z,
222.90.212.247,ipv4,malicious-ip,medium,WHITE,ziyadnz/hourly-ipv4,ziyadnz|hourly,2026-08-17T18:48:05Z,2026-08-17T18:48:05Z,
222.90.32.158,ipv4,malicious-ip,medium,WHITE,ziyadnz/hourly-ipv4,ziyadnz|hourly,2026-08-17T18:48:05Z,2026-08-17T18:48:05Z,
222.90.56.213,ipv4,malicious-ip,medium,WHITE,ziyadnz/hourly-ipv4,ziyadnz|hourly,2026-08-17T18:48:05Z,2026-08-17T18:48:05Z,
222.90.57.228,ipv4,malicious-ip,medium,WHITE,ziyadnz/hourly-ipv4,ziyadnz|hourly,2026-08-17T18:48:05Z,2026-08-17T18:48:05Z,
222.91.124.34,ipv4,malicious-ip,medium,WHITE,ziyadnz/hourly-ipv4,ziyadnz|hourly,2026-08-17T18:48:05Z,2026-08-17T18:48:05Z,
222.91.197.133,ipv4,malicious-ip,medium,WHITE,ziyadnz/hourly-ipv4,ziyadnz|hourly,2026-08-17T18:48:05Z,2026-08-17T18:48:05Z,
222.92.133.218,ipv4,malicious-ip,medium,WHITE,ziyadnz/hourly-ipv4,ziyadnz|hourly,2026-08-17T18:48:05Z,2026-08-17T18:48:05Z,
222.92.189.14,ipv4,malicious-ip,medium,WHITE,ziyadnz/hourly-ipv4,ziyadnz|hourly,2026-08-17T18:48:05Z,2026-08-17T18:48:05Z,
222.93.94.53,ipv4,malicious-ip,medium,WHITE,ziyadnz/hourly-ipv4,ziyadnz|hourly,2026-08-17T18:48:05Z,2026-08-17T18:48:05Z,
222.96.44.234,ipv4,malicious-ip,medium,WHITE,ziyadnz/hourly-ipv4,ziyadnz|hourly,2026-08-17T18:48:05Z,2026-08-17T18:48:05Z,
222.97.112.179,ipv4,malicious-ip,medium,WHITE,ziyadnz/hourly-ipv4,ziyadnz|hourly,2026-08-17T18:48:05Z,2026-08-17T18:48:05Z,
222.98.44.218,ipv4,malicious-ip,medium,WHITE,ziyadnz/hourly-ipv4,ziyadnz|hourly,2026-08-17T18:48:05Z,2026-08-17T18:48:05Z,
222.99.237.249,ipv4,malicious-ip,medium,WHITE,ziyadnz/hourly-ipv4,ziyadnz|hourly,2026-08-17T18:48:05Z,2026-08-17T18:48:05Z,
222.99.31.54,ipv4,malicious-ip,medium,WHITE,ziyadnz/hourly-ipv4,ziyadnz|hourly,2026-08-17T18:48:05Z,2026-08-17T18:48:05Z,
222.99.48.59,ipv4,malicious-ip,medium,WHITE,ziyadnz/hourly-ipv4,ziyadnz|hourly,2026-08-17T18:48:05Z,2026-08-17T18:48:05Z,
223.100.150.158,ipv4,malicious-ip,medium,WHITE,ziyadnz/hourly-ipv4,ziyadnz|hourly,2026-08-17T18:48:05Z,2026-08-17T18:48:05Z,
223.100.199.200,ipv4,malicious-ip,medium,WHITE,ziyadnz/hourly-ipv4,ziyadnz|hourly,2026-08-17T18:48:05Z,2026-08-17T18:48:05Z,
223.100.240.9,ipv4,malicious-ip,medium,WHITE,ziyadnz/hourly-ipv4,ziyadnz|hourly,2026-08-17T18:48:05Z,2026-08-17T18:48:05Z,
223.100.36.53,ipv4,malicious-ip,medium,WHITE,ziyadnz/hourly-ipv4,ziyadnz|hourly,2026-08-17T18:48:05Z,2026-08-17T18:48:05Z,
223.100.36.62,ipv4,malicious-ip,medium,WHITE,ziyadnz/hourly-ipv4,ziyadnz|hourly,2026-08-17T18:48:05Z,2026-08-17T18:48:05Z,
223.100.72.111,ipv4,malicious-ip,medium,WHITE,ziyadnz/hourly-ipv4,ziyadnz|hourly,2026-08-17T18:48:05Z,2026-08-17T18:48:05Z,
223.100.72.85,ipv4,malicious-ip,medium,WHITE,ziyadnz/hourly-ipv4,ziyadnz|hourly,2026-08-17T18:48:05Z,2026-08-17T18:48:05Z,
223.101.70.220,ipv4,malicious-ip,medium,WHITE,ziyadnz/hourly-ipv4,ziyadnz|hourly,2026-08-17T18:48:05Z,2026-08-17T18:48:05Z,
223.102.30.96,ipv4,malicious-ip,medium,WHITE,ziyadnz/hourly-ipv4,ziyadnz|hourly,2026-08-17T18:48:05Z,2026-08-17T18:48:05Z,
223.104.221.49,ipv4,malicious-ip,medium,WHITE,ziyadnz/hourly-ipv4,ziyadnz|hourly,2026-08-17T18:48:05Z,2026-08-17T18:48:05Z,
223.105.83.132,ipv4,malicious-ip,medium,WHITE,ziyadnz/hourly-ipv4,ziyadnz|hourly,2026-08-17T18:48:05Z,2026-08-17T18:48:05Z,
223.108.142.34,ipv4,malicious-ip,medium,WHITE,ziyadnz/hourly-ipv4,ziyadnz|hourly,2026-08-17T18:48:05Z,2026-08-17T18:48:05Z,
223.108.229.30,ipv4,malicious-ip,medium,WHITE,ziyadnz/hourly-ipv4,ziyadnz|hourly,2026-08-17T18:48:05Z,2026-08-17T18:48:05Z,
223.109.141.101,ipv4,malicious-ip,medium,WHITE,ziyadnz/hourly-ipv4,ziyadnz|hourly,2026-08-17T18:48:05Z,2026-08-17T18:48:05Z,
223.109.141.9,ipv4,malicious-ip,medium,WHITE,ziyadnz/hourly-ipv4,ziyadnz|hourly,2026-08-17T18:48:05Z,2026-08-17T18:48:05Z,
223.109.49.166,ipv4,malicious-ip,medium,WHITE,ziyadnz/hourly-ipv4,ziyadnz|hourly,2026-08-17T18:48:05Z,2026-08-17T18:48:05Z,
223.11.211.128,ipv4,malicious-ip,medium,WHITE,ziyadnz/hourly-ipv4,ziyadnz|hourly,2026-08-17T18:48:05Z,2026-08-17T18:48:05Z,
223.111.160.248,ipv4,malicious-ip,medium,WHITE,ziyadnz/hourly-ipv4,ziyadnz|hourly,2026-08-17T18:48:05Z,2026-08-17T18:48:05Z,
223.112.39.21,ipv4,malicious-ip,medium,WHITE,ziyadnz/hourly-ipv4,ziyadnz|hourly,2026-08-17T18:48:05Z,2026-08-17T18:48:05Z,
223.112.66.229,ipv4,malicious-ip,medium,WHITE,ziyadnz/hourly-ipv4,ziyadnz|hourly,2026-08-17T18:48:05Z,2026-08-17T18:48:05Z,
223.122.135.151,ipv4,malicious-ip,medium,WHITE,ziyadnz/hourly-ipv4,ziyadnz|hourly,2026-08-17T18:48:05Z,2026-08-17T18:48:05Z,
223.123.0.196,ipv4,malicious-ip,medium,WHITE,ziyadnz/hourly-ipv4,ziyadnz|hourly,2026-08-17T18:48:05Z,2026-08-17T18:48:05Z,
223.123.10.244,ipv4,malicious-ip,medium,WHITE,ziyadnz/hourly-ipv4,ziyadnz|hourly,2026-08-17T18:48:05Z,2026-08-17T18:48:05Z,
223.123.102.13,ipv4,malicious-ip,medium,WHITE,ziyadnz/hourly-ipv4,ziyadnz|hourly,2026-08-17T18:48:05Z,2026-08-17T18:48:05Z,
223.123.117.48,ipv4,malicious-ip,medium,WHITE,ziyadnz/hourly-ipv4,ziyadnz|hourly,2026-08-17T18:48:05Z,2026-08-17T18:48:05Z,
223.123.12.234,ipv4,malicious-ip,medium,WHITE,ziyadnz/hourly-ipv4,ziyadnz|hourly,2026-08-17T18:48:05Z,2026-08-17T18:48:05Z,
223.123.124.0,ipv4,malicious-ip,medium,WHITE,ziyadnz/hourly-ipv4,ziyadnz|hourly,2026-08-17T18:48:05Z,2026-08-17T18:48:05Z,
223.123.124.1,ipv4,malicious-ip,medium,WHITE,ziyadnz/hourly-ipv4,ziyadnz|hourly,2026-08-17T18:48:05Z,2026-08-17T18:48:05Z,
223.123.124.176,ipv4,malicious-ip,medium,WHITE,ziyadnz/hourly-ipv4,ziyadnz|hourly,2026-08-17T18:48:05Z,2026-08-17T18:48:05Z,
223.123.124.177,ipv4,malicious-ip,medium,WHITE,ziyadnz/hourly-ipv4,ziyadnz|hourly,2026-08-17T18:48:05Z,2026-08-17T18:48:05Z,
223.123.124.178,ipv4,malicious-ip,medium,WHITE,ziyadnz/hourly-ipv4,ziyadnz|hourly,2026-08-17T18:48:05Z,2026-08-17T18:48:05Z,
223.123.124.179,ipv4,malicious-ip,medium,WHITE,ziyadnz/hourly-ipv4,ziyadnz|hourly,2026-08-17T18:48:05Z,2026-08-17T18:48:05Z,
223.123.124.180,ipv4,malicious-ip,medium,WHITE,ziyadnz/hourly-ipv4,ziyadnz|hourly,2026-08-17T18:48:05Z,2026-08-17T18:48:05Z,
223.123.124.181,ipv4,malicious-ip,medium,WHITE,ziyadnz/hourly-ipv4,ziyadnz|hourly,2026-08-17T18:48:05Z,2026-08-17T18:48:05Z,
223.123.124.182,ipv4,malicious-ip,medium,WHITE,ziyadnz/hourly-ipv4,ziyadnz|hourly,2026-08-17T18:48:05Z,2026-08-17T18:48:05Z,
223.123.124.183,ipv4,malicious-ip,medium,WHITE,ziyadnz/hourly-ipv4,ziyadnz|hourly,2026-08-17T18:48:05Z,2026-08-17T18:48:05Z,
223.123.124.2,ipv4,malicious-ip,medium,WHITE,ziyadnz/hourly-ipv4,ziyadnz|hourly,2026-08-17T18:48:05Z,2026-08-17T18:48:05Z,
223.123.124.3,ipv4,malicious-ip,medium,WHITE,ziyadnz/hourly-ipv4,ziyadnz|hourly,2026-08-17T18:48:05Z,2026-08-17T18:48:05Z,
223.123.125.178,ipv4,malicious-ip,medium,WHITE,ziyadnz/hourly-ipv4,ziyadnz|hourly,2026-08-17T18:48:05Z,2026-08-17T18:48:05Z,
223.123.125.32,ipv4,malicious-ip,medium,WHITE,ziyadnz/hourly-ipv4,ziyadnz|hourly,2026-08-17T18:48:05Z,2026-08-17T18:48:05Z,
223.123.125.33,ipv4,malicious-ip,medium,WHITE,ziyadnz/hourly-ipv4,ziyadnz|hourly,2026-08-17T18:48:05Z,2026-08-17T18:48:05Z,
223.123.125.34,ipv4,malicious-ip,medium,WHITE,ziyadnz/hourly-ipv4,ziyadnz|hourly,2026-08-17T18:48:05Z,2026-08-17T18:48:05Z,
223.123.125.36,ipv4,malicious-ip,medium,WHITE,ziyadnz/hourly-ipv4,ziyadnz|hourly,2026-08-17T18:48:05Z,2026-08-17T18:48:05Z,
223.123.125.37,ipv4,malicious-ip,medium,WHITE,ziyadnz/hourly-ipv4,ziyadnz|hourly,2026-08-17T18:48:05Z,2026-08-17T18:48:05Z,
223.123.125.38,ipv4,malicious-ip,medium,WHITE,ziyadnz/hourly-ipv4,ziyadnz|hourly,2026-08-17T18:48:05Z,2026-08-17T18:48:05Z,
223.123.125.39,ipv4,malicious-ip,medium,WHITE,ziyadnz/hourly-ipv4,ziyadnz|hourly,2026-08-17T18:48:05Z,2026-08-17T18:48:05Z,
223.123.125.58,ipv4,malicious-ip,medium,WHITE,ziyadnz/hourly-ipv4,ziyadnz|hourly,2026-08-17T18:48:05Z,2026-08-17T18:48:05Z,
223.123.126.194,ipv4,malicious-ip,medium,WHITE,ziyadnz/hourly-ipv4,ziyadnz|hourly,2026-08-17T18:48:05Z,2026-08-17T18:48:05Z,
223.123.15.150,ipv4,malicious-ip,medium,WHITE,ziyadnz/hourly-ipv4,ziyadnz|hourly,2026-08-17T18:48:05Z,2026-08-17T18:48:05Z,
223.123.15.32,ipv4,malicious-ip,medium,WHITE,ziyadnz/hourly-ipv4,ziyadnz|hourly,2026-08-17T18:48:05Z,2026-08-17T18:48:05Z,
223.123.35.0,ipv4,malicious-ip,medium,WHITE,ziyadnz/hourly-ipv4,ziyadnz|hourly,2026-08-17T18:48:05Z,2026-08-17T18:48:05Z,
223.123.35.121,ipv4,malicious-ip,medium,WHITE,ziyadnz/hourly-ipv4,ziyadnz|hourly,2026-08-17T18:48:05Z,2026-08-17T18:48:05Z,
223.123.35.123,ipv4,malicious-ip,medium,WHITE,ziyadnz/hourly-ipv4,ziyadnz|hourly,2026-08-17T18:48:05Z,2026-08-17T18:48:05Z,
223.123.35.125,ipv4,malicious-ip,medium,WHITE,ziyadnz/hourly-ipv4,ziyadnz|hourly,2026-08-17T18:48:05Z,2026-08-17T18:48:05Z,
223.123.35.126,ipv4,malicious-ip,medium,WHITE,ziyadnz/hourly-ipv4,ziyadnz|hourly,2026-08-17T18:48:05Z,2026-08-17T18:48:05Z,
223.123.35.147,ipv4,malicious-ip,medium,WHITE,ziyadnz/hourly-ipv4,ziyadnz|hourly,2026-08-17T18:48:05Z,2026-08-17T18:48:05Z,
223.123.35.150,ipv4,malicious-ip,medium,WHITE,ziyadnz/hourly-ipv4,ziyadnz|hourly,2026-08-17T18:48:05Z,2026-08-17T18:48:05Z,
223.123.35.168,ipv4,malicious-ip,medium,WHITE,ziyadnz/hourly-ipv4,ziyadnz|hourly,2026-08-17T18:48:05Z,2026-08-17T18:48:05Z,
223.123.35.171,ipv4,malicious-ip,medium,WHITE,ziyadnz/hourly-ipv4,ziyadnz|hourly,2026-08-17T18:48:05Z,2026-08-17T18:48:05Z,
223.123.35.173,ipv4,malicious-ip,medium,WHITE,ziyadnz/hourly-ipv4,ziyadnz|hourly,2026-08-17T18:48:05Z,2026-08-17T18:48:05Z,
223.123.36.75,ipv4,malicious-ip,medium,WHITE,ziyadnz/hourly-ipv4,ziyadnz|hourly,2026-08-17T18:48:05Z,2026-08-17T18:48:05Z,
223.123.38.88,ipv4,malicious-ip,medium,WHITE,ziyadnz/hourly-ipv4,ziyadnz|hourly,2026-08-17T18:48:05Z,2026-08-17T18:48:05Z,
223.123.38.90,ipv4,malicious-ip,medium,WHITE,ziyadnz/hourly-ipv4,ziyadnz|hourly,2026-08-17T18:48:05Z,2026-08-17T18:48:05Z,
223.123.38.91,ipv4,malicious-ip,medium,WHITE,ziyadnz/hourly-ipv4,ziyadnz|hourly,2026-08-17T18:48:05Z,2026-08-17T18:48:05Z,
223.123.38.92,ipv4,malicious-ip,medium,WHITE,ziyadnz/hourly-ipv4,ziyadnz|hourly,2026-08-17T18:48:05Z,2026-08-17T18:48:05Z,
223.123.38.93,ipv4,malicious-ip,medium,WHITE,ziyadnz/hourly-ipv4,ziyadnz|hourly,2026-08-17T18:48:05Z,2026-08-17T18:48:05Z,
223.123.38.94,ipv4,malicious-ip,medium,WHITE,ziyadnz/hourly-ipv4,ziyadnz|hourly,2026-08-17T18:48:05Z,2026-08-17T18:48:05Z,
223.123.38.95,ipv4,malicious-ip,medium,WHITE,ziyadnz/hourly-ipv4,ziyadnz|hourly,2026-08-17T18:48:05Z,2026-08-17T18:48:05Z,
223.123.41.65,ipv4,malicious-ip,medium,WHITE,ziyadnz/hourly-ipv4,ziyadnz|hourly,2026-08-17T18:48:05Z,2026-08-17T18:48:05Z,
223.123.43.0,ipv4,malicious-ip,medium,WHITE,ziyadnz/hourly-ipv4,ziyadnz|hourly,2026-08-17T18:48:05Z,2026-08-17T18:48:05Z,
223.123.43.158,ipv4,malicious-ip,medium,WHITE,ziyadnz/hourly-ipv4,ziyadnz|hourly,2026-08-17T18:48:05Z,2026-08-17T18:48:05Z,
223.123.43.19,ipv4,malicious-ip,medium,WHITE,ziyadnz/hourly-ipv4,ziyadnz|hourly,2026-08-17T18:48:05Z,2026-08-17T18:48:05Z,
223.123.43.195,ipv4,malicious-ip,medium,WHITE,ziyadnz/hourly-ipv4,ziyadnz|hourly,2026-08-17T18:48:05Z,2026-08-17T18:48:05Z,
223.123.43.196,ipv4,malicious-ip,medium,WHITE,ziyadnz/hourly-ipv4,ziyadnz|hourly,2026-08-17T18:48:05Z,2026-08-17T18:48:05Z,
223.123.43.253,ipv4,malicious-ip,medium,WHITE,ziyadnz/hourly-ipv4,ziyadnz|hourly,2026-08-17T18:48:05Z,2026-08-17T18:48:05Z,
223.123.43.5,ipv4,malicious-ip,medium,WHITE,ziyadnz/hourly-ipv4,ziyadnz|hourly,2026-08-17T18:48:05Z,2026-08-17T18:48:05Z,
223.123.43.6,ipv4,malicious-ip,medium,WHITE,ziyadnz/hourly-ipv4,ziyadnz|hourly,2026-08-17T18:48:05Z,2026-08-17T18:48:05Z,
223.123.43.62,ipv4,malicious-ip,medium,WHITE,ziyadnz/hourly-ipv4,ziyadnz|hourly,2026-08-17T18:48:05Z,2026-08-17T18:48:05Z,
223.123.43.70,ipv4,malicious-ip,medium,WHITE,ziyadnz/hourly-ipv4,ziyadnz|hourly,2026-08-17T18:48:05Z,2026-08-17T18:48:05Z,
223.123.44.120,ipv4,malicious-ip,medium,WHITE,ziyadnz/hourly-ipv4,ziyadnz|hourly,2026-08-17T18:48:05Z,2026-08-17T18:48:05Z,
223.123.49.108,ipv4,malicious-ip,medium,WHITE,ziyadnz/hourly-ipv4,ziyadnz|hourly,2026-08-17T18:48:05Z,2026-08-17T18:48:05Z,
223.123.49.119,ipv4,malicious-ip,medium,WHITE,ziyadnz/hourly-ipv4,ziyadnz|hourly,2026-08-17T18:48:05Z,2026-08-17T18:48:05Z,
223.123.65.63,ipv4,malicious-ip,medium,WHITE,ziyadnz/hourly-ipv4,ziyadnz|hourly,2026-08-17T18:48:05Z,2026-08-17T18:48:05Z,
223.123.72.0,ipv4,malicious-ip,medium,WHITE,ziyadnz/hourly-ipv4,ziyadnz|hourly,2026-08-17T18:48:05Z,2026-08-17T18:48:05Z,
223.123.72.10,ipv4,malicious-ip,medium,WHITE,ziyadnz/hourly-ipv4,ziyadnz|hourly,2026-08-17T18:48:05Z,2026-08-17T18:48:05Z,
223.123.72.104,ipv4,malicious-ip,medium,WHITE,ziyadnz/hourly-ipv4,ziyadnz|hourly,2026-08-17T18:48:05Z,2026-08-17T18:48:05Z,
223.123.72.113,ipv4,malicious-ip,medium,WHITE,ziyadnz/hourly-ipv4,ziyadnz|hourly,2026-08-17T18:48:05Z,2026-08-17T18:48:05Z,
223.123.72.130,ipv4,malicious-ip,medium,WHITE,ziyadnz/hourly-ipv4,ziyadnz|hourly,2026-08-17T18:48:05Z,2026-08-17T18:48:05Z,
223.123.72.132,ipv4,malicious-ip,medium,WHITE,ziyadnz/hourly-ipv4,ziyadnz|hourly,2026-08-17T18:48:05Z,2026-08-17T18:48:05Z,
223.123.72.136,ipv4,malicious-ip,medium,WHITE,ziyadnz/hourly-ipv4,ziyadnz|hourly,2026-08-17T18:48:05Z,2026-08-17T18:48:05Z,
223.123.72.155,ipv4,malicious-ip,medium,WHITE,ziyadnz/hourly-ipv4,ziyadnz|hourly,2026-08-17T18:48:05Z,2026-08-17T18:48:05Z,
223.123.72.161,ipv4,malicious-ip,medium,WHITE,ziyadnz/hourly-ipv4,ziyadnz|hourly,2026-08-17T18:48:05Z,2026-08-17T18:48:05Z,
223.123.72.165,ipv4,malicious-ip,medium,WHITE,ziyadnz/hourly-ipv4,ziyadnz|hourly,2026-08-17T18:48:05Z,2026-08-17T18:48:05Z,
223.123.72.167,ipv4,malicious-ip,medium,WHITE,ziyadnz/hourly-ipv4,ziyadnz|hourly,2026-08-17T18:48:05Z,2026-08-17T18:48:05Z,
223.123.72.181,ipv4,malicious-ip,medium,WHITE,ziyadnz/hourly-ipv4,ziyadnz|hourly,2026-08-17T18:48:05Z,2026-08-17T18:48:05Z,
223.123.72.189,ipv4,malicious-ip,medium,WHITE,ziyadnz/hourly-ipv4,ziyadnz|hourly,2026-08-17T18:48:05Z,2026-08-17T18:48:05Z,
223.123.72.20,ipv4,malicious-ip,medium,WHITE,ziyadnz/hourly-ipv4,ziyadnz|hourly,2026-08-17T18:48:05Z,2026-08-17T18:48:05Z,
223.123.72.200,ipv4,malicious-ip,medium,WHITE,ziyadnz/hourly-ipv4,ziyadnz|hourly,2026-08-17T18:48:05Z,2026-08-17T18:48:05Z,
223.123.72.207,ipv4,malicious-ip,medium,WHITE,ziyadnz/hourly-ipv4,ziyadnz|hourly,2026-08-17T18:48:05Z,2026-08-17T18:48:05Z,
223.123.72.234,ipv4,malicious-ip,medium,WHITE,ziyadnz/hourly-ipv4,ziyadnz|hourly,2026-08-17T18:48:05Z,2026-08-17T18:48:05Z,
223.123.72.33,ipv4,malicious-ip,medium,WHITE,ziyadnz/hourly-ipv4,ziyadnz|hourly,2026-08-17T18:48:05Z,2026-08-17T18:48:05Z,
223.123.72.72,ipv4,malicious-ip,medium,WHITE,ziyadnz/hourly-ipv4,ziyadnz|hourly,2026-08-17T18:48:05Z,2026-08-17T18:48:05Z,
223.123.72.9,ipv4,malicious-ip,medium,WHITE,ziyadnz/hourly-ipv4,ziyadnz|hourly,2026-08-17T18:48:05Z,2026-08-17T18:48:05Z,
223.123.72.96,ipv4,malicious-ip,medium,WHITE,ziyadnz/hourly-ipv4,ziyadnz|hourly,2026-08-17T18:48:05Z,2026-08-17T18:48:05Z,
223.123.73.0,ipv4,malicious-ip,medium,WHITE,ziyadnz/hourly-ipv4,ziyadnz|hourly,2026-08-17T18:48:05Z,2026-08-17T18:48:05Z,
223.123.73.103,ipv4,malicious-ip,medium,WHITE,ziyadnz/hourly-ipv4,ziyadnz|hourly,2026-08-17T18:48:05Z,2026-08-17T18:48:05Z,
223.123.73.107,ipv4,malicious-ip,medium,WHITE,ziyadnz/hourly-ipv4,ziyadnz|hourly,2026-08-17T18:48:05Z,2026-08-17T18:48:05Z,
223.123.73.116,ipv4,malicious-ip,medium,WHITE,ziyadnz/hourly-ipv4,ziyadnz|hourly,2026-08-17T18:48:05Z,2026-08-17T18:48:05Z,
223.123.73.124,ipv4,malicious-ip,medium,WHITE,ziyadnz/hourly-ipv4,ziyadnz|hourly,2026-08-17T18:48:05Z,2026-08-17T18:48:05Z,
223.123.73.127,ipv4,malicious-ip,medium,WHITE,ziyadnz/hourly-ipv4,ziyadnz|hourly,2026-08-17T18:48:05Z,2026-08-17T18:48:05Z,
223.123.73.16,ipv4,malicious-ip,medium,WHITE,ziyadnz/hourly-ipv4,ziyadnz|hourly,2026-08-17T18:48:05Z,2026-08-17T18:48:05Z,
223.123.73.165,ipv4,malicious-ip,medium,WHITE,ziyadnz/hourly-ipv4,ziyadnz|hourly,2026-08-17T18:48:05Z,2026-08-17T18:48:05Z,
223.123.73.20,ipv4,malicious-ip,medium,WHITE,ziyadnz/hourly-ipv4,ziyadnz|hourly,2026-08-17T18:48:05Z,2026-08-17T18:48:05Z,
223.123.73.202,ipv4,malicious-ip,medium,WHITE,ziyadnz/hourly-ipv4,ziyadnz|hourly,2026-08-17T18:48:05Z,2026-08-17T18:48:05Z,
223.123.73.25,ipv4,malicious-ip,medium,WHITE,ziyadnz/hourly-ipv4,ziyadnz|hourly,2026-08-17T18:48:05Z,2026-08-17T18:48:05Z,
223.123.73.46,ipv4,malicious-ip,medium,WHITE,ziyadnz/hourly-ipv4,ziyadnz|hourly,2026-08-17T18:48:05Z,2026-08-17T18:48:05Z,
223.123.73.51,ipv4,malicious-ip,medium,WHITE,ziyadnz/hourly-ipv4,ziyadnz|hourly,2026-08-17T18:48:05Z,2026-08-17T18:48:05Z,
223.123.76.202,ipv4,malicious-ip,medium,WHITE,ziyadnz/hourly-ipv4,ziyadnz|hourly,2026-08-17T18:48:05Z,2026-08-17T18:48:05Z,
223.123.86.143,ipv4,malicious-ip,medium,WHITE,ziyadnz/hourly-ipv4,ziyadnz|hourly,2026-08-17T18:48:05Z,2026-08-17T18:48:05Z,
223.130.11.136,ipv4,malicious-ip,medium,WHITE,ziyadnz/hourly-ipv4,ziyadnz|hourly,2026-08-17T18:48:05Z,2026-08-17T18:48:05Z,
223.130.11.170,ipv4,malicious-ip,medium,WHITE,ziyadnz/hourly-ipv4,ziyadnz|hourly,2026-08-17T18:48:05Z,2026-08-17T18:48:05Z,
223.130.140.86,ipv4,malicious-ip,medium,WHITE,ziyadnz/hourly-ipv4,ziyadnz|hourly,2026-08-17T18:48:05Z,2026-08-17T18:48:05Z,
223.15.228.240,ipv4,malicious-ip,medium,WHITE,ziyadnz/hourly-ipv4,ziyadnz|hourly,2026-08-17T18:48:05Z,2026-08-17T18:48:05Z,
223.15.242.2,ipv4,malicious-ip,medium,WHITE,ziyadnz/hourly-ipv4,ziyadnz|hourly,2026-08-17T18:48:05Z,2026-08-17T18:48:05Z,
223.150.20.183,ipv4,malicious-ip,medium,WHITE,ziyadnz/hourly-ipv4,ziyadnz|hourly,2026-08-17T18:48:05Z,2026-08-17T18:48:05Z,
223.151.249.146,ipv4,malicious-ip,medium,WHITE,ziyadnz/hourly-ipv4,ziyadnz|hourly,2026-08-17T18:48:05Z,2026-08-17T18:48:05Z,
223.151.254.142,ipv4,malicious-ip,medium,WHITE,ziyadnz/hourly-ipv4,ziyadnz|hourly,2026-08-17T18:48:05Z,2026-08-17T18:48:05Z,
223.151.254.60,ipv4,malicious-ip,medium,WHITE,ziyadnz/hourly-ipv4,ziyadnz|hourly,2026-08-17T18:48:05Z,2026-08-17T18:48:05Z,
223.151.254.79,ipv4,malicious-ip,medium,WHITE,ziyadnz/hourly-ipv4,ziyadnz|hourly,2026-08-17T18:48:05Z,2026-08-17T18:48:05Z,
223.151.255.240,ipv4,malicious-ip,medium,WHITE,ziyadnz/hourly-ipv4,ziyadnz|hourly,2026-08-17T18:48:05Z,2026-08-17T18:48:05Z,
223.151.72.21,ipv4,malicious-ip,medium,WHITE,ziyadnz/hourly-ipv4,ziyadnz|hourly,2026-08-17T18:48:05Z,2026-08-17T18:48:05Z,
223.151.72.228,ipv4,malicious-ip,medium,WHITE,ziyadnz/hourly-ipv4,ziyadnz|hourly,2026-08-17T18:48:05Z,2026-08-17T18:48:05Z,
223.151.72.53,ipv4,malicious-ip,medium,WHITE,ziyadnz/hourly-ipv4,ziyadnz|hourly,2026-08-17T18:48:05Z,2026-08-17T18:48:05Z,
223.151.73.1,ipv4,malicious-ip,medium,WHITE,ziyadnz/hourly-ipv4,ziyadnz|hourly,2026-08-17T18:48:05Z,2026-08-17T18:48:05Z,
223.151.73.114,ipv4,malicious-ip,medium,WHITE,ziyadnz/hourly-ipv4,ziyadnz|hourly,2026-08-17T18:48:05Z,2026-08-17T18:48:05Z,
223.151.73.194,ipv4,malicious-ip,medium,WHITE,ziyadnz/hourly-ipv4,ziyadnz|hourly,2026-08-17T18:48:05Z,2026-08-17T18:48:05Z,
223.151.73.247,ipv4,malicious-ip,medium,WHITE,ziyadnz/hourly-ipv4,ziyadnz|hourly,2026-08-17T18:48:05Z,2026-08-17T18:48:05Z,
223.151.74.108,ipv4,malicious-ip,medium,WHITE,ziyadnz/hourly-ipv4,ziyadnz|hourly,2026-08-17T18:48:05Z,2026-08-17T18:48:05Z,
223.151.74.216,ipv4,malicious-ip,medium,WHITE,ziyadnz/hourly-ipv4,ziyadnz|hourly,2026-08-17T18:48:05Z,2026-08-17T18:48:05Z,
223.151.74.240,ipv4,malicious-ip,medium,WHITE,ziyadnz/hourly-ipv4,ziyadnz|hourly,2026-08-17T18:48:05Z,2026-08-17T18:48:05Z,
223.151.74.55,ipv4,malicious-ip,medium,WHITE,ziyadnz/hourly-ipv4,ziyadnz|hourly,2026-08-17T18:48:05Z,2026-08-17T18:48:05Z,
223.151.75.13,ipv4,malicious-ip,medium,WHITE,ziyadnz/hourly-ipv4,ziyadnz|hourly,2026-08-17T18:48:05Z,2026-08-17T18:48:05Z,
223.151.75.183,ipv4,malicious-ip,medium,WHITE,ziyadnz/hourly-ipv4,ziyadnz|hourly,2026-08-17T18:48:05Z,2026-08-17T18:48:05Z,
223.151.75.56,ipv4,malicious-ip,medium,WHITE,ziyadnz/hourly-ipv4,ziyadnz|hourly,2026-08-17T18:48:05Z,2026-08-17T18:48:05Z,
223.153.192.84,ipv4,malicious-ip,medium,WHITE,ziyadnz/hourly-ipv4,ziyadnz|hourly,2026-08-17T18:48:05Z,2026-08-17T18:48:05Z,
223.154.191.235,ipv4,malicious-ip,medium,WHITE,ziyadnz/hourly-ipv4,ziyadnz|hourly,2026-08-17T18:48:05Z,2026-08-17T18:48:05Z,
223.154.43.91,ipv4,malicious-ip,medium,WHITE,ziyadnz/hourly-ipv4,ziyadnz|hourly,2026-08-17T18:48:05Z,2026-08-17T18:48:05Z,
223.159.80.91,ipv4,malicious-ip,medium,WHITE,ziyadnz/hourly-ipv4,ziyadnz|hourly,2026-08-17T18:48:05Z,2026-08-17T18:48:05Z,
223.16.184.105,ipv4,malicious-ip,medium,WHITE,ziyadnz/hourly-ipv4,ziyadnz|hourly,2026-08-17T18:48:05Z,2026-08-17T18:48:05Z,
223.166.20.150,ipv4,malicious-ip,medium,WHITE,ziyadnz/hourly-ipv4,ziyadnz|hourly,2026-08-17T18:48:05Z,2026-08-17T18:48:05Z,
223.166.206.180,ipv4,malicious-ip,medium,WHITE,ziyadnz/hourly-ipv4,ziyadnz|hourly,2026-08-17T18:48:05Z,2026-08-17T18:48:05Z,
223.166.28.21,ipv4,malicious-ip,medium,WHITE,ziyadnz/hourly-ipv4,ziyadnz|hourly,2026-08-17T18:48:05Z,2026-08-17T18:48:05Z,
223.167.118.47,ipv4,malicious-ip,medium,WHITE,ziyadnz/hourly-ipv4,ziyadnz|hourly,2026-08-17T18:48:05Z,2026-08-17T18:48:05Z,
223.167.166.51,ipv4,malicious-ip,medium,WHITE,ziyadnz/hourly-ipv4,ziyadnz|hourly,2026-08-17T18:48:05Z,2026-08-17T18:48:05Z,
223.167.203.216,ipv4,malicious-ip,medium,WHITE,ziyadnz/hourly-ipv4,ziyadnz|hourly,2026-08-17T18:48:05Z,2026-08-17T18:48:05Z,
223.167.48.159,ipv4,malicious-ip,medium,WHITE,ziyadnz/hourly-ipv4,ziyadnz|hourly,2026-08-17T18:48:05Z,2026-08-17T18:48:05Z,
223.167.48.40,ipv4,malicious-ip,medium,WHITE,ziyadnz/hourly-ipv4,ziyadnz|hourly,2026-08-17T18:48:05Z,2026-08-17T18:48:05Z,
223.167.60.132,ipv4,malicious-ip,medium,WHITE,ziyadnz/hourly-ipv4,ziyadnz|hourly,2026-08-17T18:48:05Z,2026-08-17T18:48:05Z,
223.167.75.86,ipv4,malicious-ip,medium,WHITE,ziyadnz/hourly-ipv4,ziyadnz|hourly,2026-08-17T18:48:05Z,2026-08-17T18:48:05Z,
223.17.5.126,ipv4,malicious-ip,medium,WHITE,ziyadnz/hourly-ipv4,ziyadnz|hourly,2026-08-17T18:48:05Z,2026-08-17T18:48:05Z,
223.171.143.209,ipv4,malicious-ip,medium,WHITE,ziyadnz/hourly-ipv4,ziyadnz|hourly,2026-08-17T18:48:05Z,2026-08-17T18:48:05Z,
223.171.94.26,ipv4,malicious-ip,medium,WHITE,ziyadnz/hourly-ipv4,ziyadnz|hourly,2026-08-17T18:48:05Z,2026-08-17T18:48:05Z,
223.171.94.75,ipv4,malicious-ip,medium,WHITE,ziyadnz/hourly-ipv4,ziyadnz|hourly,2026-08-17T18:48:05Z,2026-08-17T18:48:05Z,
223.176.114.61,ipv4,malicious-ip,medium,WHITE,ziyadnz/hourly-ipv4,ziyadnz|hourly,2026-08-17T18:48:05Z,2026-08-17T18:48:05Z,
223.176.116.50,ipv4,malicious-ip,medium,WHITE,ziyadnz/hourly-ipv4,ziyadnz|hourly,2026-08-17T18:48:05Z,2026-08-17T18:48:05Z,
223.176.70.248,ipv4,malicious-ip,medium,WHITE,ziyadnz/hourly-ipv4,ziyadnz|hourly,2026-08-17T18:48:05Z,2026-08-17T18:48:05Z,
223.177.160.69,ipv4,malicious-ip,medium,WHITE,ziyadnz/hourly-ipv4,ziyadnz|hourly,2026-08-17T18:48:05Z,2026-08-17T18:48:05Z,
223.178.68.103,ipv4,malicious-ip,medium,WHITE,ziyadnz/hourly-ipv4,ziyadnz|hourly,2026-08-17T18:48:05Z,2026-08-17T18:48:05Z,
223.178.84.247,ipv4,malicious-ip,medium,WHITE,ziyadnz/hourly-ipv4,ziyadnz|hourly,2026-08-17T18:48:05Z,2026-08-17T18:48:05Z,
223.178.85.220,ipv4,malicious-ip,medium,WHITE,ziyadnz/hourly-ipv4,ziyadnz|hourly,2026-08-17T18:48:05Z,2026-08-17T18:48:05Z,
223.18.107.70,ipv4,malicious-ip,medium,WHITE,ziyadnz/hourly-ipv4,ziyadnz|hourly,2026-08-17T18:48:05Z,2026-08-17T18:48:05Z,
223.18.201.43,ipv4,malicious-ip,medium,WHITE,ziyadnz/hourly-ipv4,ziyadnz|hourly,2026-08-17T18:48:05Z,2026-08-17T18:48:05Z,
223.181.10.177,ipv4,malicious-ip,medium,WHITE,ziyadnz/hourly-ipv4,ziyadnz|hourly,2026-08-17T18:48:05Z,2026-08-17T18:48:05Z,
223.181.104.225,ipv4,malicious-ip,medium,WHITE,ziyadnz/hourly-ipv4,ziyadnz|hourly,2026-08-17T18:48:05Z,2026-08-17T18:48:05Z,
223.181.109.202,ipv4,malicious-ip,medium,WHITE,ziyadnz/hourly-ipv4,ziyadnz|hourly,2026-08-17T18:48:05Z,2026-08-17T18:48:05Z,
223.181.114.139,ipv4,malicious-ip,medium,WHITE,ziyadnz/hourly-ipv4,ziyadnz|hourly,2026-08-17T18:48:05Z,2026-08-17T18:48:05Z,
223.181.122.239,ipv4,malicious-ip,medium,WHITE,ziyadnz/hourly-ipv4,ziyadnz|hourly,2026-08-17T18:48:05Z,2026-08-17T18:48:05Z,
223.181.126.49,ipv4,malicious-ip,medium,WHITE,ziyadnz/hourly-ipv4,ziyadnz|hourly,2026-08-17T18:48:05Z,2026-08-17T18:48:05Z,
223.181.13.135,ipv4,malicious-ip,medium,WHITE,ziyadnz/hourly-ipv4,ziyadnz|hourly,2026-08-17T18:48:05Z,2026-08-17T18:48:05Z,
223.181.13.164,ipv4,malicious-ip,medium,WHITE,ziyadnz/hourly-ipv4,ziyadnz|hourly,2026-08-17T18:48:05Z,2026-08-17T18:48:05Z,
223.181.13.75,ipv4,malicious-ip,medium,WHITE,ziyadnz/hourly-ipv4,ziyadnz|hourly,2026-08-17T18:48:05Z,2026-08-17T18:48:05Z,
223.181.23.241,ipv4,malicious-ip,medium,WHITE,ziyadnz/hourly-ipv4,ziyadnz|hourly,2026-08-17T18:48:05Z,2026-08-17T18:48:05Z,
223.181.24.170,ipv4,malicious-ip,medium,WHITE,ziyadnz/hourly-ipv4,ziyadnz|hourly,2026-08-17T18:48:05Z,2026-08-17T18:48:05Z,
223.181.25.162,ipv4,malicious-ip,medium,WHITE,ziyadnz/hourly-ipv4,ziyadnz|hourly,2026-08-17T18:48:05Z,2026-08-17T18:48:05Z,
223.181.28.92,ipv4,malicious-ip,medium,WHITE,ziyadnz/hourly-ipv4,ziyadnz|hourly,2026-08-17T18:48:05Z,2026-08-17T18:48:05Z,
223.181.50.41,ipv4,malicious-ip,medium,WHITE,ziyadnz/hourly-ipv4,ziyadnz|hourly,2026-08-17T18:48:05Z,2026-08-17T18:48:05Z,
223.181.57.216,ipv4,malicious-ip,medium,WHITE,ziyadnz/hourly-ipv4,ziyadnz|hourly,2026-08-17T18:48:05Z,2026-08-17T18:48:05Z,
223.181.60.74,ipv4,malicious-ip,medium,WHITE,ziyadnz/hourly-ipv4,ziyadnz|hourly,2026-08-17T18:48:05Z,2026-08-17T18:48:05Z,
223.181.66.171,ipv4,malicious-ip,medium,WHITE,ziyadnz/hourly-ipv4,ziyadnz|hourly,2026-08-17T18:48:05Z,2026-08-17T18:48:05Z,
223.181.81.214,ipv4,malicious-ip,medium,WHITE,ziyadnz/hourly-ipv4,ziyadnz|hourly,2026-08-17T18:48:05Z,2026-08-17T18:48:05Z,
223.181.83.231,ipv4,malicious-ip,medium,WHITE,ziyadnz/hourly-ipv4,ziyadnz|hourly,2026-08-17T18:48:05Z,2026-08-17T18:48:05Z,
223.181.83.85,ipv4,malicious-ip,medium,WHITE,ziyadnz/hourly-ipv4,ziyadnz|hourly,2026-08-17T18:48:05Z,2026-08-17T18:48:05Z,
223.181.85.98,ipv4,malicious-ip,medium,WHITE,ziyadnz/hourly-ipv4,ziyadnz|hourly,2026-08-17T18:48:05Z,2026-08-17T18:48:05Z,
223.184.132.118,ipv4,malicious-ip,medium,WHITE,ziyadnz/hourly-ipv4,ziyadnz|hourly,2026-08-17T18:48:05Z,2026-08-17T18:48:05Z,
223.184.154.196,ipv4,malicious-ip,medium,WHITE,ziyadnz/hourly-ipv4,ziyadnz|hourly,2026-08-17T18:48:05Z,2026-08-17T18:48:05Z,
223.184.162.99,ipv4,malicious-ip,medium,WHITE,ziyadnz/hourly-ipv4,ziyadnz|hourly,2026-08-17T18:48:05Z,2026-08-17T18:48:05Z,
223.184.163.212,ipv4,malicious-ip,medium,WHITE,ziyadnz/hourly-ipv4,ziyadnz|hourly,2026-08-17T18:48:05Z,2026-08-17T18:48:05Z,
223.184.197.172,ipv4,malicious-ip,medium,WHITE,ziyadnz/hourly-ipv4,ziyadnz|hourly,2026-08-17T18:48:05Z,2026-08-17T18:48:05Z,
223.184.254.150,ipv4,malicious-ip,medium,WHITE,ziyadnz/hourly-ipv4,ziyadnz|hourly,2026-08-17T18:48:05Z,2026-08-17T18:48:05Z,
223.185.13.222,ipv4,malicious-ip,medium,WHITE,ziyadnz/hourly-ipv4,ziyadnz|hourly,2026-08-17T18:48:05Z,2026-08-17T18:48:05Z,
223.185.130.83,ipv4,malicious-ip,medium,WHITE,ziyadnz/hourly-ipv4,ziyadnz|hourly,2026-08-17T18:48:05Z,2026-08-17T18:48:05Z,
223.185.131.170,ipv4,malicious-ip,medium,WHITE,ziyadnz/hourly-ipv4,ziyadnz|hourly,2026-08-17T18:48:05Z,2026-08-17T18:48:05Z,
223.185.135.126,ipv4,malicious-ip,medium,WHITE,ziyadnz/hourly-ipv4,ziyadnz|hourly,2026-08-17T18:48:05Z,2026-08-17T18:48:05Z,
223.185.15.180,ipv4,malicious-ip,medium,WHITE,ziyadnz/hourly-ipv4,ziyadnz|hourly,2026-08-17T18:48:05Z,2026-08-17T18:48:05Z,
223.185.19.70,ipv4,malicious-ip,medium,WHITE,ziyadnz/hourly-ipv4,ziyadnz|hourly,2026-08-17T18:48:05Z,2026-08-17T18:48:05Z,
223.185.22.200,ipv4,malicious-ip,medium,WHITE,ziyadnz/hourly-ipv4,ziyadnz|hourly,2026-08-17T18:48:05Z,2026-08-17T18:48:05Z,
223.185.23.226,ipv4,malicious-ip,medium,WHITE,ziyadnz/hourly-ipv4,ziyadnz|hourly,2026-08-17T18:48:05Z,2026-08-17T18:48:05Z,
223.185.23.99,ipv4,malicious-ip,medium,WHITE,ziyadnz/hourly-ipv4,ziyadnz|hourly,2026-08-17T18:48:05Z,2026-08-17T18:48:05Z,
223.185.25.247,ipv4,malicious-ip,medium,WHITE,ziyadnz/hourly-ipv4,ziyadnz|hourly,2026-08-17T18:48:05Z,2026-08-17T18:48:05Z,
223.185.26.31,ipv4,malicious-ip,medium,WHITE,ziyadnz/hourly-ipv4,ziyadnz|hourly,2026-08-17T18:48:05Z,2026-08-17T18:48:05Z,
223.185.52.128,ipv4,malicious-ip,medium,WHITE,ziyadnz/hourly-ipv4,ziyadnz|hourly,2026-08-17T18:48:05Z,2026-08-17T18:48:05Z,
223.185.53.163,ipv4,malicious-ip,medium,WHITE,ziyadnz/hourly-ipv4,ziyadnz|hourly,2026-08-17T18:48:05Z,2026-08-17T18:48:05Z,
223.185.53.96,ipv4,malicious-ip,medium,WHITE,ziyadnz/hourly-ipv4,ziyadnz|hourly,2026-08-17T18:48:05Z,2026-08-17T18:48:05Z,
223.185.55.124,ipv4,malicious-ip,medium,WHITE,ziyadnz/hourly-ipv4,ziyadnz|hourly,2026-08-17T18:48:05Z,2026-08-17T18:48:05Z,
223.185.55.229,ipv4,malicious-ip,medium,WHITE,ziyadnz/hourly-ipv4,ziyadnz|hourly,2026-08-17T18:48:05Z,2026-08-17T18:48:05Z,
223.185.55.86,ipv4,malicious-ip,medium,WHITE,ziyadnz/hourly-ipv4,ziyadnz|hourly,2026-08-17T18:48:05Z,2026-08-17T18:48:05Z,
223.185.56.124,ipv4,malicious-ip,medium,WHITE,ziyadnz/hourly-ipv4,ziyadnz|hourly,2026-08-17T18:48:05Z,2026-08-17T18:48:05Z,
223.185.56.85,ipv4,malicious-ip,medium,WHITE,ziyadnz/hourly-ipv4,ziyadnz|hourly,2026-08-17T18:48:05Z,2026-08-17T18:48:05Z,
223.185.58.60,ipv4,malicious-ip,medium,WHITE,ziyadnz/hourly-ipv4,ziyadnz|hourly,2026-08-17T18:48:05Z,2026-08-17T18:48:05Z,
223.185.60.211,ipv4,malicious-ip,medium,WHITE,ziyadnz/hourly-ipv4,ziyadnz|hourly,2026-08-17T18:48:05Z,2026-08-17T18:48:05Z,
223.185.60.7,ipv4,malicious-ip,medium,WHITE,ziyadnz/hourly-ipv4,ziyadnz|hourly,2026-08-17T18:48:05Z,2026-08-17T18:48:05Z,
223.185.61.18,ipv4,malicious-ip,medium,WHITE,ziyadnz/hourly-ipv4,ziyadnz|hourly,2026-08-17T18:48:05Z,2026-08-17T18:48:05Z,
223.185.63.251,ipv4,malicious-ip,medium,WHITE,ziyadnz/hourly-ipv4,ziyadnz|hourly,2026-08-17T18:48:05Z,2026-08-17T18:48:05Z,
223.187.20.99,ipv4,malicious-ip,medium,WHITE,ziyadnz/hourly-ipv4,ziyadnz|hourly,2026-08-17T18:48:05Z,2026-08-17T18:48:05Z,
223.188.132.166,ipv4,malicious-ip,medium,WHITE,ziyadnz/hourly-ipv4,ziyadnz|hourly,2026-08-17T18:48:05Z,2026-08-17T18:48:05Z,
223.19.204.194,ipv4,malicious-ip,medium,WHITE,ziyadnz/hourly-ipv4,ziyadnz|hourly,2026-08-17T18:48:05Z,2026-08-17T18:48:05Z,
223.19.255.198,ipv4,malicious-ip,medium,WHITE,ziyadnz/hourly-ipv4,ziyadnz|hourly,2026-08-17T18:48:05Z,2026-08-17T18:48:05Z,
223.190.157.136,ipv4,malicious-ip,medium,WHITE,ziyadnz/hourly-ipv4,ziyadnz|hourly,2026-08-17T18:48:05Z,2026-08-17T18:48:05Z,
223.190.81.122,ipv4,malicious-ip,medium,WHITE,ziyadnz/hourly-ipv4,ziyadnz|hourly,2026-08-17T18:48:05Z,2026-08-17T18:48:05Z,
223.190.81.147,ipv4,malicious-ip,medium,WHITE,ziyadnz/hourly-ipv4,ziyadnz|hourly,2026-08-17T18:48:05Z,2026-08-17T18:48:05Z,
223.190.82.144,ipv4,malicious-ip,medium,WHITE,ziyadnz/hourly-ipv4,ziyadnz|hourly,2026-08-17T18:48:05Z,2026-08-17T18:48:05Z,
223.190.87.143,ipv4,malicious-ip,medium,WHITE,ziyadnz/hourly-ipv4,ziyadnz|hourly,2026-08-17T18:48:05Z,2026-08-17T18:48:05Z,
223.191.67.122,ipv4,malicious-ip,medium,WHITE,ziyadnz/hourly-ipv4,ziyadnz|hourly,2026-08-17T18:48:05Z,2026-08-17T18:48:05Z,
223.191.68.237,ipv4,malicious-ip,medium,WHITE,ziyadnz/hourly-ipv4,ziyadnz|hourly,2026-08-17T18:48:05Z,2026-08-17T18:48:05Z,
223.191.68.61,ipv4,malicious-ip,medium,WHITE,ziyadnz/hourly-ipv4,ziyadnz|hourly,2026-08-17T18:48:05Z,2026-08-17T18:48:05Z,
223.191.69.6,ipv4,malicious-ip,medium,WHITE,ziyadnz/hourly-ipv4,ziyadnz|hourly,2026-08-17T18:48:05Z,2026-08-17T18:48:05Z,
223.191.70.1,ipv4,malicious-ip,medium,WHITE,ziyadnz/hourly-ipv4,ziyadnz|hourly,2026-08-17T18:48:05Z,2026-08-17T18:48:05Z,
223.197.145.141,ipv4,malicious-ip,medium,WHITE,ziyadnz/hourly-ipv4,ziyadnz|hourly,2026-08-17T18:48:05Z,2026-08-17T18:48:05Z,
223.197.145.146,ipv4,malicious-ip,medium,WHITE,ziyadnz/hourly-ipv4,ziyadnz|hourly,2026-08-17T18:48:05Z,2026-08-17T18:48:05Z,
223.197.166.78,ipv4,malicious-ip,medium,WHITE,ziyadnz/hourly-ipv4,ziyadnz|hourly,2026-08-17T18:48:05Z,2026-08-17T18:48:05Z,
223.197.231.77,ipv4,malicious-ip,medium,WHITE,ziyadnz/hourly-ipv4,ziyadnz|hourly,2026-08-17T18:48:05Z,2026-08-17T18:48:05Z,
223.198.161.33,ipv4,malicious-ip,medium,WHITE,ziyadnz/hourly-ipv4,ziyadnz|hourly,2026-08-17T18:48:05Z,2026-08-17T18:48:05Z,
223.198.164.6,ipv4,malicious-ip,medium,WHITE,ziyadnz/hourly-ipv4,ziyadnz|hourly,2026-08-17T18:48:05Z,2026-08-17T18:48:05Z,
223.199.165.118,ipv4,malicious-ip,medium,WHITE,ziyadnz/hourly-ipv4,ziyadnz|hourly,2026-08-17T18:48:05Z,2026-08-17T18:48:05Z,
223.199.172.99,ipv4,malicious-ip,medium,WHITE,ziyadnz/hourly-ipv4,ziyadnz|hourly,2026-08-17T18:48:05Z,2026-08-17T18:48:05Z,
223.199.175.26,ipv4,malicious-ip,medium,WHITE,ziyadnz/hourly-ipv4,ziyadnz|hourly,2026-08-17T18:48:05Z,2026-08-17T18:48:05Z,
223.199.188.99,ipv4,malicious-ip,medium,WHITE,ziyadnz/hourly-ipv4,ziyadnz|hourly,2026-08-17T18:48:05Z,2026-08-17T18:48:05Z,
223.199.191.224,ipv4,malicious-ip,medium,WHITE,ziyadnz/hourly-ipv4,ziyadnz|hourly,2026-08-17T18:48:05Z,2026-08-17T18:48:05Z,
223.200.184.89,ipv4,malicious-ip,medium,WHITE,ziyadnz/hourly-ipv4,ziyadnz|hourly,2026-08-17T18:48:05Z,2026-08-17T18:48:05Z,
223.204.114.238,ipv4,malicious-ip,medium,WHITE,ziyadnz/hourly-ipv4,ziyadnz|hourly,2026-08-17T18:48:05Z,2026-08-17T18:48:05Z,
223.204.193.17,ipv4,malicious-ip,medium,WHITE,ziyadnz/hourly-ipv4,ziyadnz|hourly,2026-08-17T18:48:05Z,2026-08-17T18:48:05Z,
223.204.216.145,ipv4,malicious-ip,medium,WHITE,ziyadnz/hourly-ipv4,ziyadnz|hourly,2026-08-17T18:48:05Z,2026-08-17T18:48:05Z,
223.204.222.203,ipv4,malicious-ip,medium,WHITE,ziyadnz/hourly-ipv4,ziyadnz|hourly,2026-08-17T18:48:05Z,2026-08-17T18:48:05Z,
223.204.232.50,ipv4,malicious-ip,medium,WHITE,ziyadnz/hourly-ipv4,ziyadnz|hourly,2026-08-17T18:48:05Z,2026-08-17T18:48:05Z,
223.205.100.194,ipv4,malicious-ip,medium,WHITE,ziyadnz/hourly-ipv4,ziyadnz|hourly,2026-08-17T18:48:05Z,2026-08-17T18:48:05Z,
223.206.240.96,ipv4,malicious-ip,medium,WHITE,ziyadnz/hourly-ipv4,ziyadnz|hourly,2026-08-17T18:48:05Z,2026-08-17T18:48:05Z,
223.206.62.164,ipv4,malicious-ip,medium,WHITE,ziyadnz/hourly-ipv4,ziyadnz|hourly,2026-08-17T18:48:05Z,2026-08-17T18:48:05Z,
223.221.36.42,ipv4,malicious-ip,medium,WHITE,ziyadnz/hourly-ipv4,ziyadnz|hourly,2026-08-17T18:48:05Z,2026-08-17T18:48:05Z,
223.223.143.216,ipv4,malicious-ip,medium,WHITE,ziyadnz/hourly-ipv4,ziyadnz|hourly,2026-08-17T18:48:05Z,2026-08-17T18:48:05Z,
223.223.183.182,ipv4,malicious-ip,medium,WHITE,ziyadnz/hourly-ipv4,ziyadnz|hourly,2026-08-17T18:48:05Z,2026-08-17T18:48:05Z,
223.223.199.221,ipv4,malicious-ip,medium,WHITE,ziyadnz/hourly-ipv4,ziyadnz|hourly,2026-08-17T18:48:05Z,2026-08-17T18:48:05Z,
223.225.103.200,ipv4,malicious-ip,medium,WHITE,ziyadnz/hourly-ipv4,ziyadnz|hourly,2026-08-17T18:48:05Z,2026-08-17T18:48:05Z,
223.225.109.89,ipv4,malicious-ip,medium,WHITE,ziyadnz/hourly-ipv4,ziyadnz|hourly,2026-08-17T18:48:05Z,2026-08-17T18:48:05Z,
223.225.110.6,ipv4,malicious-ip,medium,WHITE,ziyadnz/hourly-ipv4,ziyadnz|hourly,2026-08-17T18:48:05Z,2026-08-17T18:48:05Z,
223.225.96.91,ipv4,malicious-ip,medium,WHITE,ziyadnz/hourly-ipv4,ziyadnz|hourly,2026-08-17T18:48:05Z,2026-08-17T18:48:05Z,
223.228.115.85,ipv4,malicious-ip,medium,WHITE,ziyadnz/hourly-ipv4,ziyadnz|hourly,2026-08-17T18:48:05Z,2026-08-17T18:48:05Z,
223.228.128.165,ipv4,malicious-ip,medium,WHITE,ziyadnz/hourly-ipv4,ziyadnz|hourly,2026-08-17T18:48:05Z,2026-08-17T18:48:05Z,
223.228.137.218,ipv4,malicious-ip,medium,WHITE,ziyadnz/hourly-ipv4,ziyadnz|hourly,2026-08-17T18:48:05Z,2026-08-17T18:48:05Z,
223.228.152.174,ipv4,malicious-ip,medium,WHITE,ziyadnz/hourly-ipv4,ziyadnz|hourly,2026-08-17T18:48:05Z,2026-08-17T18:48:05Z,
223.228.154.79,ipv4,malicious-ip,medium,WHITE,ziyadnz/hourly-ipv4,ziyadnz|hourly,2026-08-17T18:48:05Z,2026-08-17T18:48:05Z,
223.228.155.82,ipv4,malicious-ip,medium,WHITE,ziyadnz/hourly-ipv4,ziyadnz|hourly,2026-08-17T18:48:05Z,2026-08-17T18:48:05Z,
223.230.3.145,ipv4,malicious-ip,medium,WHITE,ziyadnz/hourly-ipv4,ziyadnz|hourly,2026-08-17T18:48:05Z,2026-08-17T18:48:05Z,
223.230.3.4,ipv4,malicious-ip,medium,WHITE,ziyadnz/hourly-ipv4,ziyadnz|hourly,2026-08-17T18:48:05Z,2026-08-17T18:48:05Z,
223.230.52.56,ipv4,malicious-ip,medium,WHITE,ziyadnz/hourly-ipv4,ziyadnz|hourly,2026-08-17T18:48:05Z,2026-08-17T18:48:05Z,
223.231.165.9,ipv4,malicious-ip,medium,WHITE,ziyadnz/hourly-ipv4,ziyadnz|hourly,2026-08-17T18:48:05Z,2026-08-17T18:48:05Z,
223.233.64.169,ipv4,malicious-ip,medium,WHITE,ziyadnz/hourly-ipv4,ziyadnz|hourly,2026-08-17T18:48:05Z,2026-08-17T18:48:05Z,
223.233.79.63,ipv4,malicious-ip,medium,WHITE,ziyadnz/hourly-ipv4,ziyadnz|hourly,2026-08-17T18:48:05Z,2026-08-17T18:48:05Z,
223.233.80.30,ipv4,malicious-ip,medium,WHITE,ziyadnz/hourly-ipv4,ziyadnz|hourly,2026-08-17T18:48:05Z,2026-08-17T18:48:05Z,
223.233.81.2,ipv4,malicious-ip,medium,WHITE,ziyadnz/hourly-ipv4,ziyadnz|hourly,2026-08-17T18:48:05Z,2026-08-17T18:48:05Z,
223.233.81.251,ipv4,malicious-ip,medium,WHITE,ziyadnz/hourly-ipv4,ziyadnz|hourly,2026-08-17T18:48:05Z,2026-08-17T18:48:05Z,
223.233.82.10,ipv4,malicious-ip,medium,WHITE,ziyadnz/hourly-ipv4,ziyadnz|hourly,2026-08-17T18:48:05Z,2026-08-17T18:48:05Z,
223.233.83.104,ipv4,malicious-ip,medium,WHITE,ziyadnz/hourly-ipv4,ziyadnz|hourly,2026-08-17T18:48:05Z,2026-08-17T18:48:05Z,
223.233.83.180,ipv4,malicious-ip,medium,WHITE,ziyadnz/hourly-ipv4,ziyadnz|hourly,2026-08-17T18:48:05Z,2026-08-17T18:48:05Z,
223.233.83.68,ipv4,malicious-ip,medium,WHITE,ziyadnz/hourly-ipv4,ziyadnz|hourly,2026-08-17T18:48:05Z,2026-08-17T18:48:05Z,
223.233.84.232,ipv4,malicious-ip,medium,WHITE,ziyadnz/hourly-ipv4,ziyadnz|hourly,2026-08-17T18:48:05Z,2026-08-17T18:48:05Z,
223.233.87.224,ipv4,malicious-ip,medium,WHITE,ziyadnz/hourly-ipv4,ziyadnz|hourly,2026-08-17T18:48:05Z,2026-08-17T18:48:05Z,
223.233.87.63,ipv4,malicious-ip,medium,WHITE,ziyadnz/hourly-ipv4,ziyadnz|hourly,2026-08-17T18:48:05Z,2026-08-17T18:48:05Z,
223.235.103.153,ipv4,malicious-ip,medium,WHITE,ziyadnz/hourly-ipv4,ziyadnz|hourly,2026-08-17T18:48:05Z,2026-08-17T18:48:05Z,
223.235.96.85,ipv4,malicious-ip,medium,WHITE,ziyadnz/hourly-ipv4,ziyadnz|hourly,2026-08-17T18:48:05Z,2026-08-17T18:48:05Z,
223.235.97.47,ipv4,malicious-ip,medium,WHITE,ziyadnz/hourly-ipv4,ziyadnz|hourly,2026-08-17T18:48:05Z,2026-08-17T18:48:05Z,
223.235.98.242,ipv4,malicious-ip,medium,WHITE,ziyadnz/hourly-ipv4,ziyadnz|hourly,2026-08-17T18:48:05Z,2026-08-17T18:48:05Z,
223.235.99.248,ipv4,malicious-ip,medium,WHITE,ziyadnz/hourly-ipv4,ziyadnz|hourly,2026-08-17T18:48:05Z,2026-08-17T18:48:05Z,
223.236.107.224,ipv4,malicious-ip,medium,WHITE,ziyadnz/hourly-ipv4,ziyadnz|hourly,2026-08-17T18:48:05Z,2026-08-17T18:48:05Z,
223.236.99.153,ipv4,malicious-ip,medium,WHITE,ziyadnz/hourly-ipv4,ziyadnz|hourly,2026-08-17T18:48:05Z,2026-08-17T18:48:05Z,
223.237.106.201,ipv4,malicious-ip,medium,WHITE,ziyadnz/hourly-ipv4,ziyadnz|hourly,2026-08-17T18:48:05Z,2026-08-17T18:48:05Z,
223.237.150.97,ipv4,malicious-ip,medium,WHITE,ziyadnz/hourly-ipv4,ziyadnz|hourly,2026-08-17T18:48:05Z,2026-08-17T18:48:05Z,
223.237.153.3,ipv4,malicious-ip,medium,WHITE,ziyadnz/hourly-ipv4,ziyadnz|hourly,2026-08-17T18:48:05Z,2026-08-17T18:48:05Z,
223.237.165.100,ipv4,malicious-ip,medium,WHITE,ziyadnz/hourly-ipv4,ziyadnz|hourly,2026-08-17T18:48:05Z,2026-08-17T18:48:05Z,
223.237.27.221,ipv4,malicious-ip,medium,WHITE,ziyadnz/hourly-ipv4,ziyadnz|hourly,2026-08-17T18:48:05Z,2026-08-17T18:48:05Z,
223.239.131.129,ipv4,malicious-ip,medium,WHITE,ziyadnz/hourly-ipv4,ziyadnz|hourly,2026-08-17T18:48:05Z,2026-08-17T18:48:05Z,
223.241.247.227,ipv4,malicious-ip,medium,WHITE,ziyadnz/hourly-ipv4,ziyadnz|hourly,2026-08-17T18:48:05Z,2026-08-17T18:48:05Z,
223.242.158.124,ipv4,malicious-ip,medium,WHITE,ziyadnz/hourly-ipv4,ziyadnz|hourly,2026-08-17T18:48:05Z,2026-08-17T18:48:05Z,
223.243.110.72,ipv4,malicious-ip,medium,WHITE,ziyadnz/hourly-ipv4,ziyadnz|hourly,2026-08-17T18:48:05Z,2026-08-17T18:48:05Z,
223.243.162.130,ipv4,malicious-ip,medium,WHITE,ziyadnz/hourly-ipv4,ziyadnz|hourly,2026-08-17T18:48:05Z,2026-08-17T18:48:05Z,
223.243.236.71,ipv4,malicious-ip,medium,WHITE,ziyadnz/hourly-ipv4,ziyadnz|hourly,2026-08-17T18:48:05Z,2026-08-17T18:48:05Z,
223.243.24.178,ipv4,malicious-ip,medium,WHITE,ziyadnz/hourly-ipv4,ziyadnz|hourly,2026-08-17T18:48:05Z,2026-08-17T18:48:05Z,
223.243.26.188,ipv4,malicious-ip,medium,WHITE,ziyadnz/hourly-ipv4,ziyadnz|hourly,2026-08-17T18:48:05Z,2026-08-17T18:48:05Z,
223.244.19.128,ipv4,malicious-ip,medium,WHITE,ziyadnz/hourly-ipv4,ziyadnz|hourly,2026-08-17T18:48:05Z,2026-08-17T18:48:05Z,
223.244.22.213,ipv4,malicious-ip,medium,WHITE,ziyadnz/hourly-ipv4,ziyadnz|hourly,2026-08-17T18:48:05Z,2026-08-17T18:48:05Z,
223.244.24.1,ipv4,malicious-ip,medium,WHITE,ziyadnz/hourly-ipv4,ziyadnz|hourly,2026-08-17T18:48:05Z,2026-08-17T18:48:05Z,
223.244.34.232,ipv4,malicious-ip,medium,WHITE,ziyadnz/hourly-ipv4,ziyadnz|hourly,2026-08-17T18:48:05Z,2026-08-17T18:48:05Z,
223.245.16.205,ipv4,malicious-ip,medium,WHITE,ziyadnz/hourly-ipv4,ziyadnz|hourly,2026-08-17T18:48:05Z,2026-08-17T18:48:05Z,
223.247.153.211,ipv4,malicious-ip,medium,WHITE,ziyadnz/hourly-ipv4,ziyadnz|hourly,2026-08-17T18:48:05Z,2026-08-17T18:48:05Z,
223.25.108.2,ipv4,malicious-ip,medium,WHITE,ziyadnz/hourly-ipv4,ziyadnz|hourly,2026-08-17T18:48:05Z,2026-08-17T18:48:05Z,
223.25.16.214,ipv4,malicious-ip,medium,WHITE,ziyadnz/hourly-ipv4,ziyadnz|hourly,2026-08-17T18:48:05Z,2026-08-17T18:48:05Z,
223.25.19.52,ipv4,malicious-ip,medium,WHITE,ziyadnz/hourly-ipv4,ziyadnz|hourly,2026-08-17T18:48:05Z,2026-08-17T18:48:05Z,
223.25.96.181,ipv4,malicious-ip,medium,WHITE,ziyadnz/hourly-ipv4,ziyadnz|hourly,2026-08-17T18:48:05Z,2026-08-17T18:48:05Z,
223.252.214.45,ipv4,malicious-ip,medium,WHITE,ziyadnz/hourly-ipv4,ziyadnz|hourly,2026-08-17T18:48:05Z,2026-08-17T18:48:05Z,
223.255.145.104,ipv4,malicious-ip,medium,WHITE,ziyadnz/hourly-ipv4,ziyadnz|hourly,2026-08-17T18:48:05Z,2026-08-17T18:48:05Z,
223.255.152.110,ipv4,malicious-ip,medium,WHITE,ziyadnz/hourly-ipv4,ziyadnz|hourly,2026-08-17T18:48:05Z,2026-08-17T18:48:05Z,
223.255.177.204,ipv4,malicious-ip,medium,WHITE,ziyadnz/hourly-ipv4,ziyadnz|hourly,2026-08-17T18:48:05Z,2026-08-17T18:48:05Z,
223.27.17.233,ipv4,malicious-ip,medium,WHITE,ziyadnz/hourly-ipv4,ziyadnz|hourly,2026-08-17T18:48:05Z,2026-08-17T18:48:05Z,
223.27.17.37,ipv4,malicious-ip,medium,WHITE,ziyadnz/hourly-ipv4,ziyadnz|hourly,2026-08-17T18:48:05Z,2026-08-17T18:48:05Z,
223.29.201.213,ipv4,malicious-ip,medium,WHITE,ziyadnz/hourly-ipv4,ziyadnz|hourly,2026-08-17T18:48:05Z,2026-08-17T18:48:05Z,
223.29.204.162,ipv4,malicious-ip,medium,WHITE,ziyadnz/hourly-ipv4,ziyadnz|hourly,2026-08-17T18:48:05Z,2026-08-17T18:48:05Z,
223.4.131.95,ipv4,malicious-ip,medium,WHITE,ziyadnz/hourly-ipv4,ziyadnz|hourly,2026-08-17T18:48:05Z,2026-08-17T18:48:05Z,
223.4.170.2,ipv4,malicious-ip,medium,WHITE,ziyadnz/hourly-ipv4,ziyadnz|hourly,2026-08-17T18:48:05Z,2026-08-17T18:48:05Z,
223.4.178.200,ipv4,malicious-ip,medium,WHITE,ziyadnz/hourly-ipv4,ziyadnz|hourly,2026-08-17T18:48:05Z,2026-08-17T18:48:05Z,
223.4.202.238,ipv4,malicious-ip,medium,WHITE,ziyadnz/hourly-ipv4,ziyadnz|hourly,2026-08-17T18:48:05Z,2026-08-17T18:48:05Z,
223.4.205.118,ipv4,malicious-ip,medium,WHITE,ziyadnz/hourly-ipv4,ziyadnz|hourly,2026-08-17T18:48:05Z,2026-08-17T18:48:05Z,
223.6.249.141,ipv4,malicious-ip,medium,WHITE,ziyadnz/hourly-ipv4,ziyadnz|hourly,2026-08-17T18:48:05Z,2026-08-17T18:48:05Z,
223.64.1.200,ipv4,malicious-ip,medium,WHITE,ziyadnz/hourly-ipv4,ziyadnz|hourly,2026-08-17T18:48:05Z,2026-08-17T18:48:05Z,
223.64.1.203,ipv4,malicious-ip,medium,WHITE,ziyadnz/hourly-ipv4,ziyadnz|hourly,2026-08-17T18:48:05Z,2026-08-17T18:48:05Z,
223.64.193.170,ipv4,malicious-ip,medium,WHITE,ziyadnz/hourly-ipv4,ziyadnz|hourly,2026-08-17T18:48:05Z,2026-08-17T18:48:05Z,
223.67.2.180,ipv4,malicious-ip,medium,WHITE,ziyadnz/hourly-ipv4,ziyadnz|hourly,2026-08-17T18:48:05Z,2026-08-17T18:48:05Z,
223.68.7.235,ipv4,malicious-ip,medium,WHITE,ziyadnz/hourly-ipv4,ziyadnz|hourly,2026-08-17T18:48:05Z,2026-08-17T18:48:05Z,
223.70.251.19,ipv4,malicious-ip,medium,WHITE,ziyadnz/hourly-ipv4,ziyadnz|hourly,2026-08-17T18:48:05Z,2026-08-17T18:48:05Z,
223.70.251.55,ipv4,malicious-ip,medium,WHITE,ziyadnz/hourly-ipv4,ziyadnz|hourly,2026-08-17T18:48:05Z,2026-08-17T18:48:05Z,
223.70.251.61,ipv4,malicious-ip,medium,WHITE,ziyadnz/hourly-ipv4,ziyadnz|hourly,2026-08-17T18:48:05Z,2026-08-17T18:48:05Z,
223.70.251.62,ipv4,malicious-ip,medium,WHITE,ziyadnz/hourly-ipv4,ziyadnz|hourly,2026-08-17T18:48:05Z,2026-08-17T18:48:05Z,
223.72.93.51,ipv4,malicious-ip,medium,WHITE,ziyadnz/hourly-ipv4,ziyadnz|hourly,2026-08-17T18:48:05Z,2026-08-17T18:48:05Z,
223.73.109.137,ipv4,malicious-ip,medium,WHITE,ziyadnz/hourly-ipv4,ziyadnz|hourly,2026-08-17T18:48:05Z,2026-08-17T18:48:05Z,
223.74.180.241,ipv4,malicious-ip,medium,WHITE,ziyadnz/hourly-ipv4,ziyadnz|hourly,2026-08-17T18:48:05Z,2026-08-17T18:48:05Z,
223.74.45.72,ipv4,malicious-ip,medium,WHITE,ziyadnz/hourly-ipv4,ziyadnz|hourly,2026-08-17T18:48:05Z,2026-08-17T18:48:05Z,
223.74.50.45,ipv4,malicious-ip,medium,WHITE,ziyadnz/hourly-ipv4,ziyadnz|hourly,2026-08-17T18:48:05Z,2026-08-17T18:48:05Z,
223.74.66.244,ipv4,malicious-ip,medium,WHITE,ziyadnz/hourly-ipv4,ziyadnz|hourly,2026-08-17T18:48:05Z,2026-08-17T18:48:05Z,
223.75.109.250,ipv4,malicious-ip,medium,WHITE,ziyadnz/hourly-ipv4,ziyadnz|hourly,2026-08-17T18:48:05Z,2026-08-17T18:48:05Z,
223.75.111.14,ipv4,malicious-ip,medium,WHITE,ziyadnz/hourly-ipv4,ziyadnz|hourly,2026-08-17T18:48:05Z,2026-08-17T18:48:05Z,
223.75.204.56,ipv4,malicious-ip,medium,WHITE,ziyadnz/hourly-ipv4,ziyadnz|hourly,2026-08-17T18:48:05Z,2026-08-17T18:48:05Z,
223.75.212.221,ipv4,malicious-ip,medium,WHITE,ziyadnz/hourly-ipv4,ziyadnz|hourly,2026-08-17T18:48:05Z,2026-08-17T18:48:05Z,
223.75.49.125,ipv4,malicious-ip,medium,WHITE,ziyadnz/hourly-ipv4,ziyadnz|hourly,2026-08-17T18:48:05Z,2026-08-17T18:48:05Z,
223.76.108.98,ipv4,malicious-ip,medium,WHITE,ziyadnz/hourly-ipv4,ziyadnz|hourly,2026-08-17T18:48:05Z,2026-08-17T18:48:05Z,
223.76.158.107,ipv4,malicious-ip,medium,WHITE,ziyadnz/hourly-ipv4,ziyadnz|hourly,2026-08-17T18:48:05Z,2026-08-17T18:48:05Z,
223.76.158.37,ipv4,malicious-ip,medium,WHITE,ziyadnz/hourly-ipv4,ziyadnz|hourly,2026-08-17T18:48:05Z,2026-08-17T18:48:05Z,
223.76.159.82,ipv4,malicious-ip,medium,WHITE,ziyadnz/hourly-ipv4,ziyadnz|hourly,2026-08-17T18:48:05Z,2026-08-17T18:48:05Z,
223.78.119.130,ipv4,malicious-ip,medium,WHITE,ziyadnz/hourly-ipv4,ziyadnz|hourly,2026-08-17T18:48:05Z,2026-08-17T18:48:05Z,
223.78.126.54,ipv4,malicious-ip,medium,WHITE,ziyadnz/hourly-ipv4,ziyadnz|hourly,2026-08-17T18:48:05Z,2026-08-17T18:48:05Z,
223.78.156.120,ipv4,malicious-ip,medium,WHITE,ziyadnz/hourly-ipv4,ziyadnz|hourly,2026-08-17T18:48:05Z,2026-08-17T18:48:05Z,
223.78.208.4,ipv4,malicious-ip,medium,WHITE,ziyadnz/hourly-ipv4,ziyadnz|hourly,2026-08-17T18:48:05Z,2026-08-17T18:48:05Z,
223.78.209.119,ipv4,malicious-ip,medium,WHITE,ziyadnz/hourly-ipv4,ziyadnz|hourly,2026-08-17T18:48:05Z,2026-08-17T18:48:05Z,
223.78.209.190,ipv4,malicious-ip,medium,WHITE,ziyadnz/hourly-ipv4,ziyadnz|hourly,2026-08-17T18:48:05Z,2026-08-17T18:48:05Z,
223.78.226.21,ipv4,malicious-ip,medium,WHITE,ziyadnz/hourly-ipv4,ziyadnz|hourly,2026-08-17T18:48:05Z,2026-08-17T18:48:05Z,
223.78.235.184,ipv4,malicious-ip,medium,WHITE,ziyadnz/hourly-ipv4,ziyadnz|hourly,2026-08-17T18:48:05Z,2026-08-17T18:48:05Z,
223.78.245.135,ipv4,malicious-ip,medium,WHITE,ziyadnz/hourly-ipv4,ziyadnz|hourly,2026-08-17T18:48:05Z,2026-08-17T18:48:05Z,
223.79.247.192,ipv4,malicious-ip,medium,WHITE,ziyadnz/hourly-ipv4,ziyadnz|hourly,2026-08-17T18:48:05Z,2026-08-17T18:48:05Z,
223.79.255.5,ipv4,malicious-ip,medium,WHITE,ziyadnz/hourly-ipv4,ziyadnz|hourly,2026-08-17T18:48:05Z,2026-08-17T18:48:05Z,
223.82.109.45,ipv4,malicious-ip,medium,WHITE,ziyadnz/hourly-ipv4,ziyadnz|hourly,2026-08-17T18:48:05Z,2026-08-17T18:48:05Z,
223.82.152.86,ipv4,malicious-ip,medium,WHITE,ziyadnz/hourly-ipv4,ziyadnz|hourly,2026-08-17T18:48:05Z,2026-08-17T18:48:05Z,
223.82.243.22,ipv4,malicious-ip,medium,WHITE,ziyadnz/hourly-ipv4,ziyadnz|hourly,2026-08-17T18:48:05Z,2026-08-17T18:48:05Z,
223.82.97.51,ipv4,malicious-ip,medium,WHITE,ziyadnz/hourly-ipv4,ziyadnz|hourly,2026-08-17T18:48:05Z,2026-08-17T18:48:05Z,
223.83.130.199,ipv4,malicious-ip,medium,WHITE,ziyadnz/hourly-ipv4,ziyadnz|hourly,2026-08-17T18:48:05Z,2026-08-17T18:48:05Z,
223.83.132.8,ipv4,malicious-ip,medium,WHITE,ziyadnz/hourly-ipv4,ziyadnz|hourly,2026-08-17T18:48:05Z,2026-08-17T18:48:05Z,
223.83.252.204,ipv4,malicious-ip,medium,WHITE,ziyadnz/hourly-ipv4,ziyadnz|hourly,2026-08-17T18:48:05Z,2026-08-17T18:48:05Z,
223.84.195.56,ipv4,malicious-ip,medium,WHITE,ziyadnz/hourly-ipv4,ziyadnz|hourly,2026-08-17T18:48:05Z,2026-08-17T18:48:05Z,
223.84.199.51,ipv4,malicious-ip,medium,WHITE,ziyadnz/hourly-ipv4,ziyadnz|hourly,2026-08-17T18:48:05Z,2026-08-17T18:48:05Z,
223.84.63.26,ipv4,malicious-ip,medium,WHITE,ziyadnz/hourly-ipv4,ziyadnz|hourly,2026-08-17T18:48:05Z,2026-08-17T18:48:05Z,
223.85.102.138,ipv4,malicious-ip,medium,WHITE,ziyadnz/hourly-ipv4,ziyadnz|hourly,2026-08-17T18:48:05Z,2026-08-17T18:48:05Z,
223.85.249.118,ipv4,malicious-ip,medium,WHITE,ziyadnz/hourly-ipv4,ziyadnz|hourly,2026-08-17T18:48:05Z,2026-08-17T18:48:05Z,
223.85.251.55,ipv4,malicious-ip,medium,WHITE,ziyadnz/hourly-ipv4,ziyadnz|hourly,2026-08-17T18:48:05Z,2026-08-17T18:48:05Z,
223.85.251.61,ipv4,malicious-ip,medium,WHITE,ziyadnz/hourly-ipv4,ziyadnz|hourly,2026-08-17T18:48:05Z,2026-08-17T18:48:05Z,
223.85.54.40,ipv4,malicious-ip,medium,WHITE,ziyadnz/hourly-ipv4,ziyadnz|hourly,2026-08-17T18:48:05Z,2026-08-17T18:48:05Z,
223.85.97.195,ipv4,malicious-ip,medium,WHITE,ziyadnz/hourly-ipv4,ziyadnz|hourly,2026-08-17T18:48:05Z,2026-08-17T18:48:05Z,
223.86.148.242,ipv4,malicious-ip,medium,WHITE,ziyadnz/hourly-ipv4,ziyadnz|hourly,2026-08-17T18:48:05Z,2026-08-17T18:48:05Z,
223.87.158.179,ipv4,malicious-ip,medium,WHITE,ziyadnz/hourly-ipv4,ziyadnz|hourly,2026-08-17T18:48:05Z,2026-08-17T18:48:05Z,
223.87.243.54,ipv4,malicious-ip,medium,WHITE,ziyadnz/hourly-ipv4,ziyadnz|hourly,2026-08-17T18:48:05Z,2026-08-17T18:48:05Z,
223.88.132.88,ipv4,malicious-ip,medium,WHITE,ziyadnz/hourly-ipv4,ziyadnz|hourly,2026-08-17T18:48:05Z,2026-08-17T18:48:05Z,
223.88.194.229,ipv4,malicious-ip,medium,WHITE,ziyadnz/hourly-ipv4,ziyadnz|hourly,2026-08-17T18:48:05Z,2026-08-17T18:48:05Z,
223.90.171.241,ipv4,malicious-ip,medium,WHITE,ziyadnz/hourly-ipv4,ziyadnz|hourly,2026-08-17T18:48:05Z,2026-08-17T18:48:05Z,
223.91.119.152,ipv4,malicious-ip,medium,WHITE,ziyadnz/hourly-ipv4,ziyadnz|hourly,2026-08-17T18:48:05Z,2026-08-17T18:48:05Z,
223.91.59.228,ipv4,malicious-ip,medium,WHITE,ziyadnz/hourly-ipv4,ziyadnz|hourly,2026-08-17T18:48:05Z,2026-08-17T18:48:05Z,
223.93.164.218,ipv4,malicious-ip,medium,WHITE,ziyadnz/hourly-ipv4,ziyadnz|hourly,2026-08-17T18:48:05Z,2026-08-17T18:48:05Z,
223.93.189.212,ipv4,malicious-ip,medium,WHITE,ziyadnz/hourly-ipv4,ziyadnz|hourly,2026-08-17T18:48:05Z,2026-08-17T18:48:05Z,
223.93.189.214,ipv4,malicious-ip,medium,WHITE,ziyadnz/hourly-ipv4,ziyadnz|hourly,2026-08-17T18:48:05Z,2026-08-17T18:48:05Z,
223.93.65.112,ipv4,malicious-ip,medium,WHITE,ziyadnz/hourly-ipv4,ziyadnz|hourly,2026-08-17T18:48:05Z,2026-08-17T18:48:05Z,
223.94.122.33,ipv4,malicious-ip,medium,WHITE,ziyadnz/hourly-ipv4,ziyadnz|hourly,2026-08-17T18:48:05Z,2026-08-17T18:48:05Z,
223.94.220.46,ipv4,malicious-ip,medium,WHITE,ziyadnz/hourly-ipv4,ziyadnz|hourly,2026-08-17T18:48:05Z,2026-08-17T18:48:05Z,
223.94.38.232,ipv4,malicious-ip,medium,WHITE,ziyadnz/hourly-ipv4,ziyadnz|hourly,2026-08-17T18:48:05Z,2026-08-17T18:48:05Z,
223.94.45.187,ipv4,malicious-ip,medium,WHITE,ziyadnz/hourly-ipv4,ziyadnz|hourly,2026-08-17T18:48:05Z,2026-08-17T18:48:05Z,
223.94.75.38,ipv4,malicious-ip,medium,WHITE,ziyadnz/hourly-ipv4,ziyadnz|hourly,2026-08-17T18:48:05Z,2026-08-17T18:48:05Z,
223.95.198.5,ipv4,malicious-ip,medium,WHITE,ziyadnz/hourly-ipv4,ziyadnz|hourly,2026-08-17T18:48:05Z,2026-08-17T18:48:05Z,
223.96.101.187,ipv4,malicious-ip,medium,WHITE,ziyadnz/hourly-ipv4,ziyadnz|hourly,2026-08-17T18:48:05Z,2026-08-17T18:48:05Z,
223.96.101.85,ipv4,malicious-ip,medium,WHITE,ziyadnz/hourly-ipv4,ziyadnz|hourly,2026-08-17T18:48:05Z,2026-08-17T18:48:05Z,
223.96.92.77,ipv4,malicious-ip,medium,WHITE,ziyadnz/hourly-ipv4,ziyadnz|hourly,2026-08-17T18:48:05Z,2026-08-17T18:48:05Z,
223.97.176.253,ipv4,malicious-ip,medium,WHITE,ziyadnz/hourly-ipv4,ziyadnz|hourly,2026-08-17T18:48:05Z,2026-08-17T18:48:05Z,
223.98.118.28,ipv4,malicious-ip,medium,WHITE,ziyadnz/hourly-ipv4,ziyadnz|hourly,2026-08-17T18:48:05Z,2026-08-17T18:48:05Z,
223.98.120.42,ipv4,malicious-ip,medium,WHITE,ziyadnz/hourly-ipv4,ziyadnz|hourly,2026-08-17T18:48:05Z,2026-08-17T18:48:05Z,
223.98.235.189,ipv4,malicious-ip,medium,WHITE,ziyadnz/hourly-ipv4,ziyadnz|hourly,2026-08-17T18:48:05Z,2026-08-17T18:48:05Z,
223.99.172.67,ipv4,malicious-ip,medium,WHITE,ziyadnz/hourly-ipv4,ziyadnz|hourly,2026-08-17T18:48:05Z,2026-08-17T18:48:05Z,
23.101.2.35,ipv4,malicious-ip,medium,WHITE,ziyadnz/hourly-ipv4,ziyadnz|hourly,2026-08-17T18:48:05Z,2026-08-17T18:48:05Z,
23.101.217.64,ipv4,malicious-ip,medium,WHITE,ziyadnz/hourly-ipv4,ziyadnz|hourly,2026-08-17T18:48:05Z,2026-08-17T18:48:05Z,
23.102.1.5,ipv4,malicious-ip,medium,WHITE,ziyadnz/hourly-ipv4,ziyadnz|hourly,2026-08-17T18:48:05Z,2026-08-17T18:48:05Z,
23.105.208.154,ipv4,malicious-ip,medium,WHITE,ziyadnz/hourly-ipv4,ziyadnz|hourly,2026-08-17T18:48:05Z,2026-08-17T18:48:05Z,
23.106.122.46,ipv4,malicious-ip,medium,WHITE,ziyadnz/hourly-ipv4,ziyadnz|hourly,2026-08-17T18:48:05Z,2026-08-17T18:48:05Z,
23.106.122.5,ipv4,malicious-ip,medium,WHITE,ziyadnz/hourly-ipv4,ziyadnz|hourly,2026-08-17T18:48:05Z,2026-08-17T18:48:05Z,
23.106.123.119,ipv4,malicious-ip,medium,WHITE,ziyadnz/hourly-ipv4,ziyadnz|hourly,2026-08-17T18:48:05Z,2026-08-17T18:48:05Z,
23.106.123.166,ipv4,malicious-ip,medium,WHITE,ziyadnz/hourly-ipv4,ziyadnz|hourly,2026-08-17T18:48:05Z,2026-08-17T18:48:05Z,
23.106.123.59,ipv4,malicious-ip,medium,WHITE,ziyadnz/hourly-ipv4,ziyadnz|hourly,2026-08-17T18:48:05Z,2026-08-17T18:48:05Z,
23.106.124.152,ipv4,malicious-ip,medium,WHITE,ziyadnz/hourly-ipv4,ziyadnz|hourly,2026-08-17T18:48:05Z,2026-08-17T18:48:05Z,
23.106.215.105,ipv4,malicious-ip,medium,WHITE,ziyadnz/hourly-ipv4,ziyadnz|hourly,2026-08-17T18:48:05Z,2026-08-17T18:48:05Z,
23.106.253.194,ipv4,malicious-ip,medium,WHITE,ziyadnz/hourly-ipv4,ziyadnz|hourly,2026-08-17T18:48:05Z,2026-08-17T18:48:05Z,
23.106.253.215,ipv4,malicious-ip,medium,WHITE,ziyadnz/hourly-ipv4,ziyadnz|hourly,2026-08-17T18:48:05Z,2026-08-17T18:48:05Z,
23.106.253.221,ipv4,malicious-ip,medium,WHITE,ziyadnz/hourly-ipv4,ziyadnz|hourly,2026-08-17T18:48:05Z,2026-08-17T18:48:05Z,
23.106.253.242,ipv4,malicious-ip,medium,WHITE,ziyadnz/hourly-ipv4,ziyadnz|hourly,2026-08-17T18:48:05Z,2026-08-17T18:48:05Z,
23.106.44.84,ipv4,malicious-ip,medium,WHITE,ziyadnz/hourly-ipv4,ziyadnz|hourly,2026-08-17T18:48:05Z,2026-08-17T18:48:05Z,
23.106.46.164,ipv4,malicious-ip,medium,WHITE,ziyadnz/hourly-ipv4,ziyadnz|hourly,2026-08-17T18:48:05Z,2026-08-17T18:48:05Z,
23.106.70.154,ipv4,malicious-ip,medium,WHITE,ziyadnz/hourly-ipv4,ziyadnz|hourly,2026-08-17T18:48:05Z,2026-08-17T18:48:05Z,
23.109.158.60,ipv4,malicious-ip,medium,WHITE,ziyadnz/hourly-ipv4,ziyadnz|hourly,2026-08-17T18:48:05Z,2026-08-17T18:48:05Z,
23.111.114.52,ipv4,malicious-ip,medium,WHITE,ziyadnz/hourly-ipv4,ziyadnz|hourly,2026-08-17T18:48:05Z,2026-08-17T18:48:05Z,
23.111.14.0,ipv4,malicious-ip,medium,WHITE,ziyadnz/hourly-ipv4,ziyadnz|hourly,2026-08-17T18:48:05Z,2026-08-17T18:48:05Z,
23.111.14.183,ipv4,malicious-ip,medium,WHITE,ziyadnz/hourly-ipv4,ziyadnz|hourly,2026-08-17T18:48:05Z,2026-08-17T18:48:05Z,
23.111.14.184,ipv4,malicious-ip,medium,WHITE,ziyadnz/hourly-ipv4,ziyadnz|hourly,2026-08-17T18:48:05Z,2026-08-17T18:48:05Z,
23.111.14.185,ipv4,malicious-ip,medium,WHITE,ziyadnz/hourly-ipv4,ziyadnz|hourly,2026-08-17T18:48:05Z,2026-08-17T18:48:05Z,
23.111.14.186,ipv4,malicious-ip,medium,WHITE,ziyadnz/hourly-ipv4,ziyadnz|hourly,2026-08-17T18:48:05Z,2026-08-17T18:48:05Z,
23.111.14.187,ipv4,malicious-ip,medium,WHITE,ziyadnz/hourly-ipv4,ziyadnz|hourly,2026-08-17T18:48:05Z,2026-08-17T18:48:05Z,
23.111.14.188,ipv4,malicious-ip,medium,WHITE,ziyadnz/hourly-ipv4,ziyadnz|hourly,2026-08-17T18:48:05Z,2026-08-17T18:48:05Z,
23.111.14.189,ipv4,malicious-ip,medium,WHITE,ziyadnz/hourly-ipv4,ziyadnz|hourly,2026-08-17T18:48:05Z,2026-08-17T18:48:05Z,
23.111.14.190,ipv4,malicious-ip,medium,WHITE,ziyadnz/hourly-ipv4,ziyadnz|hourly,2026-08-17T18:48:05Z,2026-08-17T18:48:05Z,
23.111.14.191,ipv4,malicious-ip,medium,WHITE,ziyadnz/hourly-ipv4,ziyadnz|hourly,2026-08-17T18:48:05Z,2026-08-17T18:48:05Z,
23.111.14.192,ipv4,malicious-ip,medium,WHITE,ziyadnz/hourly-ipv4,ziyadnz|hourly,2026-08-17T18:48:05Z,2026-08-17T18:48:05Z,
23.111.15.115,ipv4,malicious-ip,medium,WHITE,ziyadnz/hourly-ipv4,ziyadnz|hourly,2026-08-17T18:48:05Z,2026-08-17T18:48:05Z,
23.111.200.64,ipv4,malicious-ip,medium,WHITE,ziyadnz/hourly-ipv4,ziyadnz|hourly,2026-08-17T18:48:05Z,2026-08-17T18:48:05Z,
23.111.75.127,ipv4,malicious-ip,medium,WHITE,ziyadnz/hourly-ipv4,ziyadnz|hourly,2026-08-17T18:48:05Z,2026-08-17T18:48:05Z,
23.115.37.29,ipv4,malicious-ip,medium,WHITE,ziyadnz/hourly-ipv4,ziyadnz|hourly,2026-08-17T18:48:05Z,2026-08-17T18:48:05Z,
23.117.20.173,ipv4,malicious-ip,medium,WHITE,ziyadnz/hourly-ipv4,ziyadnz|hourly,2026-08-17T18:48:05Z,2026-08-17T18:48:05Z,
23.117.205.254,ipv4,malicious-ip,medium,WHITE,ziyadnz/hourly-ipv4,ziyadnz|hourly,2026-08-17T18:48:05Z,2026-08-17T18:48:05Z,
23.121.182.75,ipv4,malicious-ip,medium,WHITE,ziyadnz/hourly-ipv4,ziyadnz|hourly,2026-08-17T18:48:05Z,2026-08-17T18:48:05Z,
23.125.200.204,ipv4,malicious-ip,medium,WHITE,ziyadnz/hourly-ipv4,ziyadnz|hourly,2026-08-17T18:48:05Z,2026-08-17T18:48:05Z,
23.125.207.175,ipv4,malicious-ip,medium,WHITE,ziyadnz/hourly-ipv4,ziyadnz|hourly,2026-08-17T18:48:05Z,2026-08-17T18:48:05Z,
23.127.202.249,ipv4,malicious-ip,medium,WHITE,ziyadnz/hourly-ipv4,ziyadnz|hourly,2026-08-17T18:48:05Z,2026-08-17T18:48:05Z,
23.128.248.160,ipv4,malicious-ip,medium,WHITE,ziyadnz/hourly-ipv4,ziyadnz|hourly,2026-08-17T18:48:05Z,2026-08-17T18:48:05Z,
23.128.248.161,ipv4,malicious-ip,medium,WHITE,ziyadnz/hourly-ipv4,ziyadnz|hourly,2026-08-17T18:48:05Z,2026-08-17T18:48:05Z,
23.128.248.162,ipv4,malicious-ip,medium,WHITE,ziyadnz/hourly-ipv4,ziyadnz|hourly,2026-08-17T18:48:05Z,2026-08-17T18:48:05Z,
23.128.248.163,ipv4,malicious-ip,medium,WHITE,ziyadnz/hourly-ipv4,ziyadnz|hourly,2026-08-17T18:48:05Z,2026-08-17T18:48:05Z,
23.128.248.164,ipv4,malicious-ip,medium,WHITE,ziyadnz/hourly-ipv4,ziyadnz|hourly,2026-08-17T18:48:05Z,2026-08-17T18:48:05Z,
23.128.248.165,ipv4,malicious-ip,medium,WHITE,ziyadnz/hourly-ipv4,ziyadnz|hourly,2026-08-17T18:48:05Z,2026-08-17T18:48:05Z,
23.128.248.166,ipv4,malicious-ip,medium,WHITE,ziyadnz/hourly-ipv4,ziyadnz|hourly,2026-08-17T18:48:05Z,2026-08-17T18:48:05Z,
23.128.248.167,ipv4,malicious-ip,medium,WHITE,ziyadnz/hourly-ipv4,ziyadnz|hourly,2026-08-17T18:48:05Z,2026-08-17T18:48:05Z,
23.128.248.168,ipv4,malicious-ip,medium,WHITE,ziyadnz/hourly-ipv4,ziyadnz|hourly,2026-08-17T18:48:05Z,2026-08-17T18:48:05Z,
23.128.248.169,ipv4,malicious-ip,medium,WHITE,ziyadnz/hourly-ipv4,ziyadnz|hourly,2026-08-17T18:48:05Z,2026-08-17T18:48:05Z,
23.128.248.170,ipv4,malicious-ip,medium,WHITE,ziyadnz/hourly-ipv4,ziyadnz|hourly,2026-08-17T18:48:05Z,2026-08-17T18:48:05Z,
23.128.248.171,ipv4,malicious-ip,medium,WHITE,ziyadnz/hourly-ipv4,ziyadnz|hourly,2026-08-17T18:48:05Z,2026-08-17T18:48:05Z,
23.128.248.172,ipv4,malicious-ip,medium,WHITE,ziyadnz/hourly-ipv4,ziyadnz|hourly,2026-08-17T18:48:05Z,2026-08-17T18:48:05Z,
23.128.248.173,ipv4,malicious-ip,medium,WHITE,ziyadnz/hourly-ipv4,ziyadnz|hourly,2026-08-17T18:48:05Z,2026-08-17T18:48:05Z,
23.128.248.174,ipv4,malicious-ip,medium,WHITE,ziyadnz/hourly-ipv4,ziyadnz|hourly,2026-08-17T18:48:05Z,2026-08-17T18:48:05Z,
23.129.64.131,ipv4,malicious-ip,medium,WHITE,ziyadnz/hourly-ipv4,ziyadnz|hourly,2026-08-17T18:48:05Z,2026-08-17T18:48:05Z,
23.129.64.133,ipv4,malicious-ip,medium,WHITE,ziyadnz/hourly-ipv4,ziyadnz|hourly,2026-08-17T18:48:05Z,2026-08-17T18:48:05Z,
23.129.64.135,ipv4,malicious-ip,medium,WHITE,ziyadnz/hourly-ipv4,ziyadnz|hourly,2026-08-17T18:48:05Z,2026-08-17T18:48:05Z,
23.129.64.141,ipv4,malicious-ip,medium,WHITE,ziyadnz/hourly-ipv4,ziyadnz|hourly,2026-08-17T18:48:05Z,2026-08-17T18:48:05Z,
23.129.64.145,ipv4,malicious-ip,medium,WHITE,ziyadnz/hourly-ipv4,ziyadnz|hourly,2026-08-17T18:48:05Z,2026-08-17T18:48:05Z,
23.129.64.148,ipv4,malicious-ip,medium,WHITE,ziyadnz/hourly-ipv4,ziyadnz|hourly,2026-08-17T18:48:05Z,2026-08-17T18:48:05Z,
23.129.64.150,ipv4,malicious-ip,medium,WHITE,ziyadnz/hourly-ipv4,ziyadnz|hourly,2026-08-17T18:48:05Z,2026-08-17T18:48:05Z,
23.129.64.151,ipv4,malicious-ip,medium,WHITE,ziyadnz/hourly-ipv4,ziyadnz|hourly,2026-08-17T18:48:05Z,2026-08-17T18:48:05Z,
23.129.64.152,ipv4,malicious-ip,medium,WHITE,ziyadnz/hourly-ipv4,ziyadnz|hourly,2026-08-17T18:48:05Z,2026-08-17T18:48:05Z,
23.129.64.153,ipv4,malicious-ip,medium,WHITE,ziyadnz/hourly-ipv4,ziyadnz|hourly,2026-08-17T18:48:05Z,2026-08-17T18:48:05Z,
23.129.64.155,ipv4,malicious-ip,medium,WHITE,ziyadnz/hourly-ipv4,ziyadnz|hourly,2026-08-17T18:48:05Z,2026-08-17T18:48:05Z,
23.129.64.156,ipv4,malicious-ip,medium,WHITE,ziyadnz/hourly-ipv4,ziyadnz|hourly,2026-08-17T18:48:05Z,2026-08-17T18:48:05Z,
23.129.64.157,ipv4,malicious-ip,medium,WHITE,ziyadnz/hourly-ipv4,ziyadnz|hourly,2026-08-17T18:48:05Z,2026-08-17T18:48:05Z,
23.129.64.160,ipv4,malicious-ip,medium,WHITE,ziyadnz/hourly-ipv4,ziyadnz|hourly,2026-08-17T18:48:05Z,2026-08-17T18:48:05Z,
23.129.64.161,ipv4,malicious-ip,medium,WHITE,ziyadnz/hourly-ipv4,ziyadnz|hourly,2026-08-17T18:48:05Z,2026-08-17T18:48:05Z,
23.129.64.162,ipv4,malicious-ip,medium,WHITE,ziyadnz/hourly-ipv4,ziyadnz|hourly,2026-08-17T18:48:05Z,2026-08-17T18:48:05Z,
23.129.64.163,ipv4,malicious-ip,medium,WHITE,ziyadnz/hourly-ipv4,ziyadnz|hourly,2026-08-17T18:48:05Z,2026-08-17T18:48:05Z,
23.129.64.170,ipv4,malicious-ip,medium,WHITE,ziyadnz/hourly-ipv4,ziyadnz|hourly,2026-08-17T18:48:05Z,2026-08-17T18:48:05Z,
23.129.64.173,ipv4,malicious-ip,medium,WHITE,ziyadnz/hourly-ipv4,ziyadnz|hourly,2026-08-17T18:48:05Z,2026-08-17T18:48:05Z,
23.129.64.180,ipv4,malicious-ip,medium,WHITE,ziyadnz/hourly-ipv4,ziyadnz|hourly,2026-08-17T18:48:05Z,2026-08-17T18:48:05Z,
23.129.64.181,ipv4,malicious-ip,medium,WHITE,ziyadnz/hourly-ipv4,ziyadnz|hourly,2026-08-17T18:48:05Z,2026-08-17T18:48:05Z,
23.129.64.182,ipv4,malicious-ip,medium,WHITE,ziyadnz/hourly-ipv4,ziyadnz|hourly,2026-08-17T18:48:05Z,2026-08-17T18:48:05Z,
23.129.64.184,ipv4,malicious-ip,medium,WHITE,ziyadnz/hourly-ipv4,ziyadnz|hourly,2026-08-17T18:48:05Z,2026-08-17T18:48:05Z,
23.129.64.187,ipv4,malicious-ip,medium,WHITE,ziyadnz/hourly-ipv4,ziyadnz|hourly,2026-08-17T18:48:05Z,2026-08-17T18:48:05Z,
23.129.64.190,ipv4,malicious-ip,medium,WHITE,ziyadnz/hourly-ipv4,ziyadnz|hourly,2026-08-17T18:48:05Z,2026-08-17T18:48:05Z,
23.129.64.191,ipv4,malicious-ip,medium,WHITE,ziyadnz/hourly-ipv4,ziyadnz|hourly,2026-08-17T18:48:05Z,2026-08-17T18:48:05Z,
23.129.64.192,ipv4,malicious-ip,medium,WHITE,ziyadnz/hourly-ipv4,ziyadnz|hourly,2026-08-17T18:48:05Z,2026-08-17T18:48:05Z,
23.129.64.194,ipv4,malicious-ip,medium,WHITE,ziyadnz/hourly-ipv4,ziyadnz|hourly,2026-08-17T18:48:05Z,2026-08-17T18:48:05Z,
23.129.64.196,ipv4,malicious-ip,medium,WHITE,ziyadnz/hourly-ipv4,ziyadnz|hourly,2026-08-17T18:48:05Z,2026-08-17T18:48:05Z,
23.129.64.198,ipv4,malicious-ip,medium,WHITE,ziyadnz/hourly-ipv4,ziyadnz|hourly,2026-08-17T18:48:05Z,2026-08-17T18:48:05Z,
23.129.64.203,ipv4,malicious-ip,medium,WHITE,ziyadnz/hourly-ipv4,ziyadnz|hourly,2026-08-17T18:48:05Z,2026-08-17T18:48:05Z,
23.129.64.204,ipv4,malicious-ip,medium,WHITE,ziyadnz/hourly-ipv4,ziyadnz|hourly,2026-08-17T18:48:05Z,2026-08-17T18:48:05Z,
23.129.64.205,ipv4,malicious-ip,medium,WHITE,ziyadnz/hourly-ipv4,ziyadnz|hourly,2026-08-17T18:48:05Z,2026-08-17T18:48:05Z,
23.129.64.206,ipv4,malicious-ip,medium,WHITE,ziyadnz/hourly-ipv4,ziyadnz|hourly,2026-08-17T18:48:05Z,2026-08-17T18:48:05Z,
23.129.64.207,ipv4,malicious-ip,medium,WHITE,ziyadnz/hourly-ipv4,ziyadnz|hourly,2026-08-17T18:48:05Z,2026-08-17T18:48:05Z,
23.129.64.208,ipv4,malicious-ip,medium,WHITE,ziyadnz/hourly-ipv4,ziyadnz|hourly,2026-08-17T18:48:05Z,2026-08-17T18:48:05Z,
23.129.64.209,ipv4,malicious-ip,medium,WHITE,ziyadnz/hourly-ipv4,ziyadnz|hourly,2026-08-17T18:48:05Z,2026-08-17T18:48:05Z,
23.129.64.212,ipv4,malicious-ip,medium,WHITE,ziyadnz/hourly-ipv4,ziyadnz|hourly,2026-08-17T18:48:05Z,2026-08-17T18:48:05Z,
23.129.64.217,ipv4,malicious-ip,medium,WHITE,ziyadnz/hourly-ipv4,ziyadnz|hourly,2026-08-17T18:48:05Z,2026-08-17T18:48:05Z,
23.129.64.220,ipv4,malicious-ip,medium,WHITE,ziyadnz/hourly-ipv4,ziyadnz|hourly,2026-08-17T18:48:05Z,2026-08-17T18:48:05Z,
23.129.64.221,ipv4,malicious-ip,medium,WHITE,ziyadnz/hourly-ipv4,ziyadnz|hourly,2026-08-17T18:48:05Z,2026-08-17T18:48:05Z,
23.129.64.222,ipv4,malicious-ip,medium,WHITE,ziyadnz/hourly-ipv4,ziyadnz|hourly,2026-08-17T18:48:05Z,2026-08-17T18:48:05Z,
23.129.64.224,ipv4,malicious-ip,medium,WHITE,ziyadnz/hourly-ipv4,ziyadnz|hourly,2026-08-17T18:48:05Z,2026-08-17T18:48:05Z,
23.129.64.225,ipv4,malicious-ip,medium,WHITE,ziyadnz/hourly-ipv4,ziyadnz|hourly,2026-08-17T18:48:05Z,2026-08-17T18:48:05Z,
23.129.64.99,ipv4,malicious-ip,medium,WHITE,ziyadnz/hourly-ipv4,ziyadnz|hourly,2026-08-17T18:48:05Z,2026-08-17T18:48:05Z,
23.131.184.104,ipv4,malicious-ip,medium,WHITE,ziyadnz/hourly-ipv4,ziyadnz|hourly,2026-08-17T18:48:05Z,2026-08-17T18:48:05Z,
23.132.164.54,ipv4,malicious-ip,medium,WHITE,ziyadnz/hourly-ipv4,ziyadnz|hourly,2026-08-17T18:48:05Z,2026-08-17T18:48:05Z,
23.132.28.190,ipv4,malicious-ip,medium,WHITE,ziyadnz/hourly-ipv4,ziyadnz|hourly,2026-08-17T18:48:05Z,2026-08-17T18:48:05Z,
23.133.88.134,ipv4,malicious-ip,medium,WHITE,ziyadnz/hourly-ipv4,ziyadnz|hourly,2026-08-17T18:48:05Z,2026-08-17T18:48:05Z,
23.133.88.96,ipv4,malicious-ip,medium,WHITE,ziyadnz/hourly-ipv4,ziyadnz|hourly,2026-08-17T18:48:05Z,2026-08-17T18:48:05Z,
23.134.76.16,ipv4,malicious-ip,medium,WHITE,ziyadnz/hourly-ipv4,ziyadnz|hourly,2026-08-17T18:48:05Z,2026-08-17T18:48:05Z,
23.134.76.27,ipv4,malicious-ip,medium,WHITE,ziyadnz/hourly-ipv4,ziyadnz|hourly,2026-08-17T18:48:05Z,2026-08-17T18:48:05Z,
23.134.88.61,ipv4,malicious-ip,medium,WHITE,ziyadnz/hourly-ipv4,ziyadnz|hourly,2026-08-17T18:48:05Z,2026-08-17T18:48:05Z,
23.137.105.154,ipv4,malicious-ip,medium,WHITE,ziyadnz/hourly-ipv4,ziyadnz|hourly,2026-08-17T18:48:05Z,2026-08-17T18:48:05Z,
23.137.105.177,ipv4,malicious-ip,medium,WHITE,ziyadnz/hourly-ipv4,ziyadnz|hourly,2026-08-17T18:48:05Z,2026-08-17T18:48:05Z,
23.137.105.248,ipv4,malicious-ip,medium,WHITE,ziyadnz/hourly-ipv4,ziyadnz|hourly,2026-08-17T18:48:05Z,2026-08-17T18:48:05Z,
23.137.105.249,ipv4,malicious-ip,medium,WHITE,ziyadnz/hourly-ipv4,ziyadnz|hourly,2026-08-17T18:48:05Z,2026-08-17T18:48:05Z,
23.137.105.75,ipv4,malicious-ip,medium,WHITE,ziyadnz/hourly-ipv4,ziyadnz|hourly,2026-08-17T18:48:05Z,2026-08-17T18:48:05Z,
23.137.248.95,ipv4,malicious-ip,medium,WHITE,ziyadnz/hourly-ipv4,ziyadnz|hourly,2026-08-17T18:48:05Z,2026-08-17T18:48:05Z,
23.137.253.113,ipv4,malicious-ip,medium,WHITE,ziyadnz/hourly-ipv4,ziyadnz|hourly,2026-08-17T18:48:05Z,2026-08-17T18:48:05Z,
23.137.254.244,ipv4,malicious-ip,medium,WHITE,ziyadnz/hourly-ipv4,ziyadnz|hourly,2026-08-17T18:48:05Z,2026-08-17T18:48:05Z,
23.137.255.85,ipv4,malicious-ip,medium,WHITE,ziyadnz/hourly-ipv4,ziyadnz|hourly,2026-08-17T18:48:05Z,2026-08-17T18:48:05Z,
23.145.120.199,ipv4,malicious-ip,medium,WHITE,ziyadnz/hourly-ipv4,ziyadnz|hourly,2026-08-17T18:48:05Z,2026-08-17T18:48:05Z,
23.145.40.99,ipv4,malicious-ip,medium,WHITE,ziyadnz/hourly-ipv4,ziyadnz|hourly,2026-08-17T18:48:05Z,2026-08-17T18:48:05Z,
23.146.184.221,ipv4,malicious-ip,medium,WHITE,ziyadnz/hourly-ipv4,ziyadnz|hourly,2026-08-17T18:48:05Z,2026-08-17T18:48:05Z,
23.146.184.38,ipv4,malicious-ip,medium,WHITE,ziyadnz/hourly-ipv4,ziyadnz|hourly,2026-08-17T18:48:05Z,2026-08-17T18:48:05Z,
23.146.242.131,ipv4,malicious-ip,medium,WHITE,ziyadnz/hourly-ipv4,ziyadnz|hourly,2026-08-17T18:48:05Z,2026-08-17T18:48:05Z,
23.147.120.118,ipv4,malicious-ip,medium,WHITE,ziyadnz/hourly-ipv4,ziyadnz|hourly,2026-08-17T18:48:05Z,2026-08-17T18:48:05Z,
23.147.56.51,ipv4,malicious-ip,medium,WHITE,ziyadnz/hourly-ipv4,ziyadnz|hourly,2026-08-17T18:48:05Z,2026-08-17T18:48:05Z,
23.148.201.80,ipv4,malicious-ip,medium,WHITE,ziyadnz/hourly-ipv4,ziyadnz|hourly,2026-08-17T18:48:05Z,2026-08-17T18:48:05Z,
23.149.116.184,ipv4,malicious-ip,medium,WHITE,ziyadnz/hourly-ipv4,ziyadnz|hourly,2026-08-17T18:48:05Z,2026-08-17T18:48:05Z,
23.151.8.10,ipv4,malicious-ip,medium,WHITE,ziyadnz/hourly-ipv4,ziyadnz|hourly,2026-08-17T18:48:05Z,2026-08-17T18:48:05Z,
23.151.8.88,ipv4,malicious-ip,medium,WHITE,ziyadnz/hourly-ipv4,ziyadnz|hourly,2026-08-17T18:48:05Z,2026-08-17T18:48:05Z,
23.152.40.100,ipv4,malicious-ip,medium,WHITE,ziyadnz/hourly-ipv4,ziyadnz|hourly,2026-08-17T18:48:05Z,2026-08-17T18:48:05Z,
23.152.40.14,ipv4,malicious-ip,medium,WHITE,ziyadnz/hourly-ipv4,ziyadnz|hourly,2026-08-17T18:48:05Z,2026-08-17T18:48:05Z,
23.153.216.49,ipv4,malicious-ip,medium,WHITE,ziyadnz/hourly-ipv4,ziyadnz|hourly,2026-08-17T18:48:05Z,2026-08-17T18:48:05Z,
23.155.8.104,ipv4,malicious-ip,medium,WHITE,ziyadnz/hourly-ipv4,ziyadnz|hourly,2026-08-17T18:48:05Z,2026-08-17T18:48:05Z,
23.157.192.147,ipv4,malicious-ip,medium,WHITE,ziyadnz/hourly-ipv4,ziyadnz|hourly,2026-08-17T18:48:05Z,2026-08-17T18:48:05Z,
23.159.216.197,ipv4,malicious-ip,medium,WHITE,ziyadnz/hourly-ipv4,ziyadnz|hourly,2026-08-17T18:48:05Z,2026-08-17T18:48:05Z,
23.16.226.236,ipv4,malicious-ip,medium,WHITE,ziyadnz/hourly-ipv4,ziyadnz|hourly,2026-08-17T18:48:05Z,2026-08-17T18:48:05Z,
23.162.40.187,ipv4,malicious-ip,medium,WHITE,ziyadnz/hourly-ipv4,ziyadnz|hourly,2026-08-17T18:48:05Z,2026-08-17T18:48:05Z,
23.163.0.168,ipv4,malicious-ip,medium,WHITE,ziyadnz/hourly-ipv4,ziyadnz|hourly,2026-08-17T18:48:05Z,2026-08-17T18:48:05Z,
23.163.0.228,ipv4,malicious-ip,medium,WHITE,ziyadnz/hourly-ipv4,ziyadnz|hourly,2026-08-17T18:48:05Z,2026-08-17T18:48:05Z,
23.164.48.21,ipv4,malicious-ip,medium,WHITE,ziyadnz/hourly-ipv4,ziyadnz|hourly,2026-08-17T18:48:05Z,2026-08-17T18:48:05Z,
23.165.40.183,ipv4,malicious-ip,medium,WHITE,ziyadnz/hourly-ipv4,ziyadnz|hourly,2026-08-17T18:48:05Z,2026-08-17T18:48:05Z,
23.169.224.50,ipv4,malicious-ip,medium,WHITE,ziyadnz/hourly-ipv4,ziyadnz|hourly,2026-08-17T18:48:05Z,2026-08-17T18:48:05Z,
23.170.48.33,ipv4,malicious-ip,medium,WHITE,ziyadnz/hourly-ipv4,ziyadnz|hourly,2026-08-17T18:48:05Z,2026-08-17T18:48:05Z,
23.171.177.62,ipv4,malicious-ip,medium,WHITE,ziyadnz/hourly-ipv4,ziyadnz|hourly,2026-08-17T18:48:05Z,2026-08-17T18:48:05Z,
23.172.217.87,ipv4,malicious-ip,medium,WHITE,ziyadnz/hourly-ipv4,ziyadnz|hourly,2026-08-17T18:48:05Z,2026-08-17T18:48:05Z,
23.175.50.52,ipv4,malicious-ip,medium,WHITE,ziyadnz/hourly-ipv4,ziyadnz|hourly,2026-08-17T18:48:05Z,2026-08-17T18:48:05Z,
23.176.184.152,ipv4,malicious-ip,medium,WHITE,ziyadnz/hourly-ipv4,ziyadnz|hourly,2026-08-17T18:48:05Z,2026-08-17T18:48:05Z,
23.187.72.40,ipv4,malicious-ip,medium,WHITE,ziyadnz/hourly-ipv4,ziyadnz|hourly,2026-08-17T18:48:05Z,2026-08-17T18:48:05Z,
23.19.231.226,ipv4,malicious-ip,medium,WHITE,ziyadnz/hourly-ipv4,ziyadnz|hourly,2026-08-17T18:48:05Z,2026-08-17T18:48:05Z,
23.19.248.77,ipv4,malicious-ip,medium,WHITE,ziyadnz/hourly-ipv4,ziyadnz|hourly,2026-08-17T18:48:05Z,2026-08-17T18:48:05Z,
23.191.200.10,ipv4,malicious-ip,medium,WHITE,ziyadnz/hourly-ipv4,ziyadnz|hourly,2026-08-17T18:48:05Z,2026-08-17T18:48:05Z,
23.191.200.100,ipv4,malicious-ip,medium,WHITE,ziyadnz/hourly-ipv4,ziyadnz|hourly,2026-08-17T18:48:05Z,2026-08-17T18:48:05Z,
23.191.200.101,ipv4,malicious-ip,medium,WHITE,ziyadnz/hourly-ipv4,ziyadnz|hourly,2026-08-17T18:48:05Z,2026-08-17T18:48:05Z,
23.191.200.102,ipv4,malicious-ip,medium,WHITE,ziyadnz/hourly-ipv4,ziyadnz|hourly,2026-08-17T18:48:05Z,2026-08-17T18:48:05Z,
23.191.200.103,ipv4,malicious-ip,medium,WHITE,ziyadnz/hourly-ipv4,ziyadnz|hourly,2026-08-17T18:48:05Z,2026-08-17T18:48:05Z,
23.191.200.104,ipv4,malicious-ip,medium,WHITE,ziyadnz/hourly-ipv4,ziyadnz|hourly,2026-08-17T18:48:05Z,2026-08-17T18:48:05Z,
23.191.200.105,ipv4,malicious-ip,medium,WHITE,ziyadnz/hourly-ipv4,ziyadnz|hourly,2026-08-17T18:48:05Z,2026-08-17T18:48:05Z,
23.191.200.106,ipv4,malicious-ip,medium,WHITE,ziyadnz/hourly-ipv4,ziyadnz|hourly,2026-08-17T18:48:05Z,2026-08-17T18:48:05Z,
23.191.200.107,ipv4,malicious-ip,medium,WHITE,ziyadnz/hourly-ipv4,ziyadnz|hourly,2026-08-17T18:48:05Z,2026-08-17T18:48:05Z,
23.191.200.108,ipv4,malicious-ip,medium,WHITE,ziyadnz/hourly-ipv4,ziyadnz|hourly,2026-08-17T18:48:05Z,2026-08-17T18:48:05Z,
23.191.200.109,ipv4,malicious-ip,medium,WHITE,ziyadnz/hourly-ipv4,ziyadnz|hourly,2026-08-17T18:48:05Z,2026-08-17T18:48:05Z,
23.191.200.11,ipv4,malicious-ip,medium,WHITE,ziyadnz/hourly-ipv4,ziyadnz|hourly,2026-08-17T18:48:05Z,2026-08-17T18:48:05Z,
23.191.200.110,ipv4,malicious-ip,medium,WHITE,ziyadnz/hourly-ipv4,ziyadnz|hourly,2026-08-17T18:48:05Z,2026-08-17T18:48:05Z,
23.191.200.111,ipv4,malicious-ip,medium,WHITE,ziyadnz/hourly-ipv4,ziyadnz|hourly,2026-08-17T18:48:05Z,2026-08-17T18:48:05Z,
23.191.200.112,ipv4,malicious-ip,medium,WHITE,ziyadnz/hourly-ipv4,ziyadnz|hourly,2026-08-17T18:48:05Z,2026-08-17T18:48:05Z,
23.191.200.113,ipv4,malicious-ip,medium,WHITE,ziyadnz/hourly-ipv4,ziyadnz|hourly,2026-08-17T18:48:05Z,2026-08-17T18:48:05Z,
23.191.200.114,ipv4,malicious-ip,medium,WHITE,ziyadnz/hourly-ipv4,ziyadnz|hourly,2026-08-17T18:48:05Z,2026-08-17T18:48:05Z,
23.191.200.115,ipv4,malicious-ip,medium,WHITE,ziyadnz/hourly-ipv4,ziyadnz|hourly,2026-08-17T18:48:05Z,2026-08-17T18:48:05Z,
23.191.200.116,ipv4,malicious-ip,medium,WHITE,ziyadnz/hourly-ipv4,ziyadnz|hourly,2026-08-17T18:48:05Z,2026-08-17T18:48:05Z,
23.191.200.117,ipv4,malicious-ip,medium,WHITE,ziyadnz/hourly-ipv4,ziyadnz|hourly,2026-08-17T18:48:05Z,2026-08-17T18:48:05Z,
23.191.200.118,ipv4,malicious-ip,medium,WHITE,ziyadnz/hourly-ipv4,ziyadnz|hourly,2026-08-17T18:48:05Z,2026-08-17T18:48:05Z,
23.191.200.119,ipv4,malicious-ip,medium,WHITE,ziyadnz/hourly-ipv4,ziyadnz|hourly,2026-08-17T18:48:05Z,2026-08-17T18:48:05Z,
23.191.200.12,ipv4,malicious-ip,medium,WHITE,ziyadnz/hourly-ipv4,ziyadnz|hourly,2026-08-17T18:48:05Z,2026-08-17T18:48:05Z,
23.191.200.120,ipv4,malicious-ip,medium,WHITE,ziyadnz/hourly-ipv4,ziyadnz|hourly,2026-08-17T18:48:05Z,2026-08-17T18:48:05Z,
23.191.200.121,ipv4,malicious-ip,medium,WHITE,ziyadnz/hourly-ipv4,ziyadnz|hourly,2026-08-17T18:48:05Z,2026-08-17T18:48:05Z,
23.191.200.122,ipv4,malicious-ip,medium,WHITE,ziyadnz/hourly-ipv4,ziyadnz|hourly,2026-08-17T18:48:05Z,2026-08-17T18:48:05Z,
23.191.200.123,ipv4,malicious-ip,medium,WHITE,ziyadnz/hourly-ipv4,ziyadnz|hourly,2026-08-17T18:48:05Z,2026-08-17T18:48:05Z,
23.191.200.124,ipv4,malicious-ip,medium,WHITE,ziyadnz/hourly-ipv4,ziyadnz|hourly,2026-08-17T18:48:05Z,2026-08-17T18:48:05Z,
23.191.200.13,ipv4,malicious-ip,medium,WHITE,ziyadnz/hourly-ipv4,ziyadnz|hourly,2026-08-17T18:48:05Z,2026-08-17T18:48:05Z,
23.191.200.14,ipv4,malicious-ip,medium,WHITE,ziyadnz/hourly-ipv4,ziyadnz|hourly,2026-08-17T18:48:05Z,2026-08-17T18:48:05Z,
23.191.200.15,ipv4,malicious-ip,medium,WHITE,ziyadnz/hourly-ipv4,ziyadnz|hourly,2026-08-17T18:48:05Z,2026-08-17T18:48:05Z,
23.191.200.16,ipv4,malicious-ip,medium,WHITE,ziyadnz/hourly-ipv4,ziyadnz|hourly,2026-08-17T18:48:05Z,2026-08-17T18:48:05Z,
23.191.200.17,ipv4,malicious-ip,medium,WHITE,ziyadnz/hourly-ipv4,ziyadnz|hourly,2026-08-17T18:48:05Z,2026-08-17T18:48:05Z,
23.191.200.18,ipv4,malicious-ip,medium,WHITE,ziyadnz/hourly-ipv4,ziyadnz|hourly,2026-08-17T18:48:05Z,2026-08-17T18:48:05Z,
23.191.200.19,ipv4,malicious-ip,medium,WHITE,ziyadnz/hourly-ipv4,ziyadnz|hourly,2026-08-17T18:48:05Z,2026-08-17T18:48:05Z,
23.191.200.20,ipv4,malicious-ip,medium,WHITE,ziyadnz/hourly-ipv4,ziyadnz|hourly,2026-08-17T18:48:05Z,2026-08-17T18:48:05Z,
23.191.200.21,ipv4,malicious-ip,medium,WHITE,ziyadnz/hourly-ipv4,ziyadnz|hourly,2026-08-17T18:48:05Z,2026-08-17T18:48:05Z,
23.191.200.22,ipv4,malicious-ip,medium,WHITE,ziyadnz/hourly-ipv4,ziyadnz|hourly,2026-08-17T18:48:05Z,2026-08-17T18:48:05Z,
23.191.200.23,ipv4,malicious-ip,medium,WHITE,ziyadnz/hourly-ipv4,ziyadnz|hourly,2026-08-17T18:48:05Z,2026-08-17T18:48:05Z,
23.191.200.24,ipv4,malicious-ip,medium,WHITE,ziyadnz/hourly-ipv4,ziyadnz|hourly,2026-08-17T18:48:05Z,2026-08-17T18:48:05Z,
23.191.200.25,ipv4,malicious-ip,medium,WHITE,ziyadnz/hourly-ipv4,ziyadnz|hourly,2026-08-17T18:48:05Z,2026-08-17T18:48:05Z,
23.191.200.26,ipv4,malicious-ip,medium,WHITE,ziyadnz/hourly-ipv4,ziyadnz|hourly,2026-08-17T18:48:05Z,2026-08-17T18:48:05Z,
23.191.200.27,ipv4,malicious-ip,medium,WHITE,ziyadnz/hourly-ipv4,ziyadnz|hourly,2026-08-17T18:48:05Z,2026-08-17T18:48:05Z,
23.191.200.28,ipv4,malicious-ip,medium,WHITE,ziyadnz/hourly-ipv4,ziyadnz|hourly,2026-08-17T18:48:05Z,2026-08-17T18:48:05Z,
23.191.200.29,ipv4,malicious-ip,medium,WHITE,ziyadnz/hourly-ipv4,ziyadnz|hourly,2026-08-17T18:48:05Z,2026-08-17T18:48:05Z,
23.191.200.30,ipv4,malicious-ip,medium,WHITE,ziyadnz/hourly-ipv4,ziyadnz|hourly,2026-08-17T18:48:05Z,2026-08-17T18:48:05Z,
23.191.200.31,ipv4,malicious-ip,medium,WHITE,ziyadnz/hourly-ipv4,ziyadnz|hourly,2026-08-17T18:48:05Z,2026-08-17T18:48:05Z,
23.191.200.32,ipv4,malicious-ip,medium,WHITE,ziyadnz/hourly-ipv4,ziyadnz|hourly,2026-08-17T18:48:05Z,2026-08-17T18:48:05Z,
23.191.200.33,ipv4,malicious-ip,medium,WHITE,ziyadnz/hourly-ipv4,ziyadnz|hourly,2026-08-17T18:48:05Z,2026-08-17T18:48:05Z,
23.191.200.34,ipv4,malicious-ip,medium,WHITE,ziyadnz/hourly-ipv4,ziyadnz|hourly,2026-08-17T18:48:05Z,2026-08-17T18:48:05Z,
23.191.200.35,ipv4,malicious-ip,medium,WHITE,ziyadnz/hourly-ipv4,ziyadnz|hourly,2026-08-17T18:48:05Z,2026-08-17T18:48:05Z,
23.191.200.36,ipv4,malicious-ip,medium,WHITE,ziyadnz/hourly-ipv4,ziyadnz|hourly,2026-08-17T18:48:05Z,2026-08-17T18:48:05Z,
23.191.200.37,ipv4,malicious-ip,medium,WHITE,ziyadnz/hourly-ipv4,ziyadnz|hourly,2026-08-17T18:48:05Z,2026-08-17T18:48:05Z,
23.191.200.38,ipv4,malicious-ip,medium,WHITE,ziyadnz/hourly-ipv4,ziyadnz|hourly,2026-08-17T18:48:05Z,2026-08-17T18:48:05Z,
23.191.200.39,ipv4,malicious-ip,medium,WHITE,ziyadnz/hourly-ipv4,ziyadnz|hourly,2026-08-17T18:48:05Z,2026-08-17T18:48:05Z,
23.191.200.40,ipv4,malicious-ip,medium,WHITE,ziyadnz/hourly-ipv4,ziyadnz|hourly,2026-08-17T18:48:05Z,2026-08-17T18:48:05Z,
23.191.200.41,ipv4,malicious-ip,medium,WHITE,ziyadnz/hourly-ipv4,ziyadnz|hourly,2026-08-17T18:48:05Z,2026-08-17T18:48:05Z,
23.191.200.42,ipv4,malicious-ip,medium,WHITE,ziyadnz/hourly-ipv4,ziyadnz|hourly,2026-08-17T18:48:05Z,2026-08-17T18:48:05Z,
23.191.200.43,ipv4,malicious-ip,medium,WHITE,ziyadnz/hourly-ipv4,ziyadnz|hourly,2026-08-17T18:48:05Z,2026-08-17T18:48:05Z,
23.191.200.44,ipv4,malicious-ip,medium,WHITE,ziyadnz/hourly-ipv4,ziyadnz|hourly,2026-08-17T18:48:05Z,2026-08-17T18:48:05Z,
23.191.200.45,ipv4,malicious-ip,medium,WHITE,ziyadnz/hourly-ipv4,ziyadnz|hourly,2026-08-17T18:48:05Z,2026-08-17T18:48:05Z,
23.191.200.46,ipv4,malicious-ip,medium,WHITE,ziyadnz/hourly-ipv4,ziyadnz|hourly,2026-08-17T18:48:05Z,2026-08-17T18:48:05Z,
23.191.200.47,ipv4,malicious-ip,medium,WHITE,ziyadnz/hourly-ipv4,ziyadnz|hourly,2026-08-17T18:48:05Z,2026-08-17T18:48:05Z,
23.191.200.48,ipv4,malicious-ip,medium,WHITE,ziyadnz/hourly-ipv4,ziyadnz|hourly,2026-08-17T18:48:05Z,2026-08-17T18:48:05Z,
23.191.200.49,ipv4,malicious-ip,medium,WHITE,ziyadnz/hourly-ipv4,ziyadnz|hourly,2026-08-17T18:48:05Z,2026-08-17T18:48:05Z,
23.191.200.50,ipv4,malicious-ip,medium,WHITE,ziyadnz/hourly-ipv4,ziyadnz|hourly,2026-08-17T18:48:05Z,2026-08-17T18:48:05Z,
23.191.200.51,ipv4,malicious-ip,medium,WHITE,ziyadnz/hourly-ipv4,ziyadnz|hourly,2026-08-17T18:48:05Z,2026-08-17T18:48:05Z,
23.191.200.52,ipv4,malicious-ip,medium,WHITE,ziyadnz/hourly-ipv4,ziyadnz|hourly,2026-08-17T18:48:05Z,2026-08-17T18:48:05Z,
23.191.200.53,ipv4,malicious-ip,medium,WHITE,ziyadnz/hourly-ipv4,ziyadnz|hourly,2026-08-17T18:48:05Z,2026-08-17T18:48:05Z,
23.191.200.54,ipv4,malicious-ip,medium,WHITE,ziyadnz/hourly-ipv4,ziyadnz|hourly,2026-08-17T18:48:05Z,2026-08-17T18:48:05Z,
23.191.200.55,ipv4,malicious-ip,medium,WHITE,ziyadnz/hourly-ipv4,ziyadnz|hourly,2026-08-17T18:48:05Z,2026-08-17T18:48:05Z,
23.191.200.56,ipv4,malicious-ip,medium,WHITE,ziyadnz/hourly-ipv4,ziyadnz|hourly,2026-08-17T18:48:05Z,2026-08-17T18:48:05Z,
23.191.200.57,ipv4,malicious-ip,medium,WHITE,ziyadnz/hourly-ipv4,ziyadnz|hourly,2026-08-17T18:48:05Z,2026-08-17T18:48:05Z,
23.191.200.58,ipv4,malicious-ip,medium,WHITE,ziyadnz/hourly-ipv4,ziyadnz|hourly,2026-08-17T18:48:05Z,2026-08-17T18:48:05Z,
23.191.200.59,ipv4,malicious-ip,medium,WHITE,ziyadnz/hourly-ipv4,ziyadnz|hourly,2026-08-17T18:48:05Z,2026-08-17T18:48:05Z,
23.191.200.60,ipv4,malicious-ip,medium,WHITE,ziyadnz/hourly-ipv4,ziyadnz|hourly,2026-08-17T18:48:05Z,2026-08-17T18:48:05Z,
23.191.200.61,ipv4,malicious-ip,medium,WHITE,ziyadnz/hourly-ipv4,ziyadnz|hourly,2026-08-17T18:48:05Z,2026-08-17T18:48:05Z,
23.191.200.62,ipv4,malicious-ip,medium,WHITE,ziyadnz/hourly-ipv4,ziyadnz|hourly,2026-08-17T18:48:05Z,2026-08-17T18:48:05Z,
23.191.200.63,ipv4,malicious-ip,medium,WHITE,ziyadnz/hourly-ipv4,ziyadnz|hourly,2026-08-17T18:48:05Z,2026-08-17T18:48:05Z,
23.191.200.64,ipv4,malicious-ip,medium,WHITE,ziyadnz/hourly-ipv4,ziyadnz|hourly,2026-08-17T18:48:05Z,2026-08-17T18:48:05Z,
23.191.200.65,ipv4,malicious-ip,medium,WHITE,ziyadnz/hourly-ipv4,ziyadnz|hourly,2026-08-17T18:48:05Z,2026-08-17T18:48:05Z,
23.191.200.67,ipv4,malicious-ip,medium,WHITE,ziyadnz/hourly-ipv4,ziyadnz|hourly,2026-08-17T18:48:05Z,2026-08-17T18:48:05Z,
23.191.200.68,ipv4,malicious-ip,medium,WHITE,ziyadnz/hourly-ipv4,ziyadnz|hourly,2026-08-17T18:48:05Z,2026-08-17T18:48:05Z,
23.191.200.69,ipv4,malicious-ip,medium,WHITE,ziyadnz/hourly-ipv4,ziyadnz|hourly,2026-08-17T18:48:05Z,2026-08-17T18:48:05Z,
23.191.200.7,ipv4,malicious-ip,medium,WHITE,ziyadnz/hourly-ipv4,ziyadnz|hourly,2026-08-17T18:48:05Z,2026-08-17T18:48:05Z,
23.191.200.70,ipv4,malicious-ip,medium,WHITE,ziyadnz/hourly-ipv4,ziyadnz|hourly,2026-08-17T18:48:05Z,2026-08-17T18:48:05Z,
23.191.200.71,ipv4,malicious-ip,medium,WHITE,ziyadnz/hourly-ipv4,ziyadnz|hourly,2026-08-17T18:48:05Z,2026-08-17T18:48:05Z,
23.191.200.72,ipv4,malicious-ip,medium,WHITE,ziyadnz/hourly-ipv4,ziyadnz|hourly,2026-08-17T18:48:05Z,2026-08-17T18:48:05Z,
23.191.200.73,ipv4,malicious-ip,medium,WHITE,ziyadnz/hourly-ipv4,ziyadnz|hourly,2026-08-17T18:48:05Z,2026-08-17T18:48:05Z,
23.191.200.74,ipv4,malicious-ip,medium,WHITE,ziyadnz/hourly-ipv4,ziyadnz|hourly,2026-08-17T18:48:05Z,2026-08-17T18:48:05Z,
23.191.200.75,ipv4,malicious-ip,medium,WHITE,ziyadnz/hourly-ipv4,ziyadnz|hourly,2026-08-17T18:48:05Z,2026-08-17T18:48:05Z,
23.191.200.76,ipv4,malicious-ip,medium,WHITE,ziyadnz/hourly-ipv4,ziyadnz|hourly,2026-08-17T18:48:05Z,2026-08-17T18:48:05Z,
23.191.200.77,ipv4,malicious-ip,medium,WHITE,ziyadnz/hourly-ipv4,ziyadnz|hourly,2026-08-17T18:48:05Z,2026-08-17T18:48:05Z,
23.191.200.78,ipv4,malicious-ip,medium,WHITE,ziyadnz/hourly-ipv4,ziyadnz|hourly,2026-08-17T18:48:05Z,2026-08-17T18:48:05Z,
23.191.200.79,ipv4,malicious-ip,medium,WHITE,ziyadnz/hourly-ipv4,ziyadnz|hourly,2026-08-17T18:48:05Z,2026-08-17T18:48:05Z,
23.191.200.8,ipv4,malicious-ip,medium,WHITE,ziyadnz/hourly-ipv4,ziyadnz|hourly,2026-08-17T18:48:05Z,2026-08-17T18:48:05Z,
23.191.200.80,ipv4,malicious-ip,medium,WHITE,ziyadnz/hourly-ipv4,ziyadnz|hourly,2026-08-17T18:48:05Z,2026-08-17T18:48:05Z,
23.191.200.81,ipv4,malicious-ip,medium,WHITE,ziyadnz/hourly-ipv4,ziyadnz|hourly,2026-08-17T18:48:05Z,2026-08-17T18:48:05Z,
23.191.200.82,ipv4,malicious-ip,medium,WHITE,ziyadnz/hourly-ipv4,ziyadnz|hourly,2026-08-17T18:48:05Z,2026-08-17T18:48:05Z,
23.191.200.83,ipv4,malicious-ip,medium,WHITE,ziyadnz/hourly-ipv4,ziyadnz|hourly,2026-08-17T18:48:05Z,2026-08-17T18:48:05Z,
23.191.200.84,ipv4,malicious-ip,medium,WHITE,ziyadnz/hourly-ipv4,ziyadnz|hourly,2026-08-17T18:48:05Z,2026-08-17T18:48:05Z,
23.191.200.85,ipv4,malicious-ip,medium,WHITE,ziyadnz/hourly-ipv4,ziyadnz|hourly,2026-08-17T18:48:05Z,2026-08-17T18:48:05Z,
23.191.200.86,ipv4,malicious-ip,medium,WHITE,ziyadnz/hourly-ipv4,ziyadnz|hourly,2026-08-17T18:48:05Z,2026-08-17T18:48:05Z,
23.191.200.87,ipv4,malicious-ip,medium,WHITE,ziyadnz/hourly-ipv4,ziyadnz|hourly,2026-08-17T18:48:05Z,2026-08-17T18:48:05Z,
23.191.200.88,ipv4,malicious-ip,medium,WHITE,ziyadnz/hourly-ipv4,ziyadnz|hourly,2026-08-17T18:48:05Z,2026-08-17T18:48:05Z,
23.191.200.89,ipv4,malicious-ip,medium,WHITE,ziyadnz/hourly-ipv4,ziyadnz|hourly,2026-08-17T18:48:05Z,2026-08-17T18:48:05Z,
23.191.200.9,ipv4,malicious-ip,medium,WHITE,ziyadnz/hourly-ipv4,ziyadnz|hourly,2026-08-17T18:48:05Z,2026-08-17T18:48:05Z,
23.191.200.90,ipv4,malicious-ip,medium,WHITE,ziyadnz/hourly-ipv4,ziyadnz|hourly,2026-08-17T18:48:05Z,2026-08-17T18:48:05Z,
23.191.200.91,ipv4,malicious-ip,medium,WHITE,ziyadnz/hourly-ipv4,ziyadnz|hourly,2026-08-17T18:48:05Z,2026-08-17T18:48:05Z,
23.191.200.92,ipv4,malicious-ip,medium,WHITE,ziyadnz/hourly-ipv4,ziyadnz|hourly,2026-08-17T18:48:05Z,2026-08-17T18:48:05Z,
23.191.200.93,ipv4,malicious-ip,medium,WHITE,ziyadnz/hourly-ipv4,ziyadnz|hourly,2026-08-17T18:48:05Z,2026-08-17T18:48:05Z,
23.191.200.94,ipv4,malicious-ip,medium,WHITE,ziyadnz/hourly-ipv4,ziyadnz|hourly,2026-08-17T18:48:05Z,2026-08-17T18:48:05Z,
23.191.200.95,ipv4,malicious-ip,medium,WHITE,ziyadnz/hourly-ipv4,ziyadnz|hourly,2026-08-17T18:48:05Z,2026-08-17T18:48:05Z,
23.191.200.96,ipv4,malicious-ip,medium,WHITE,ziyadnz/hourly-ipv4,ziyadnz|hourly,2026-08-17T18:48:05Z,2026-08-17T18:48:05Z,
23.191.200.97,ipv4,malicious-ip,medium,WHITE,ziyadnz/hourly-ipv4,ziyadnz|hourly,2026-08-17T18:48:05Z,2026-08-17T18:48:05Z,
23.191.200.99,ipv4,malicious-ip,medium,WHITE,ziyadnz/hourly-ipv4,ziyadnz|hourly,2026-08-17T18:48:05Z,2026-08-17T18:48:05Z,
23.20.178.124,ipv4,malicious-ip,medium,WHITE,ziyadnz/hourly-ipv4,ziyadnz|hourly,2026-08-17T18:48:05Z,2026-08-17T18:48:05Z,
23.21.148.226,ipv4,malicious-ip,medium,WHITE,ziyadnz/hourly-ipv4,ziyadnz|hourly,2026-08-17T18:48:05Z,2026-08-17T18:48:05Z,
23.21.175.228,ipv4,malicious-ip,medium,WHITE,ziyadnz/hourly-ipv4,ziyadnz|hourly,2026-08-17T18:48:05Z,2026-08-17T18:48:05Z,
23.21.204.95,ipv4,malicious-ip,medium,WHITE,ziyadnz/hourly-ipv4,ziyadnz|hourly,2026-08-17T18:48:05Z,2026-08-17T18:48:05Z,
23.21.227.240,ipv4,malicious-ip,medium,WHITE,ziyadnz/hourly-ipv4,ziyadnz|hourly,2026-08-17T18:48:05Z,2026-08-17T18:48:05Z,
23.21.250.48,ipv4,malicious-ip,medium,WHITE,ziyadnz/hourly-ipv4,ziyadnz|hourly,2026-08-17T18:48:05Z,2026-08-17T18:48:05Z,
23.224.152.54,ipv4,malicious-ip,medium,WHITE,ziyadnz/hourly-ipv4,ziyadnz|hourly,2026-08-17T18:48:05Z,2026-08-17T18:48:05Z,
23.224.4.114,ipv4,malicious-ip,medium,WHITE,ziyadnz/hourly-ipv4,ziyadnz|hourly,2026-08-17T18:48:05Z,2026-08-17T18:48:05Z,
23.224.42.5,ipv4,malicious-ip,medium,WHITE,ziyadnz/hourly-ipv4,ziyadnz|hourly,2026-08-17T18:48:05Z,2026-08-17T18:48:05Z,
23.224.93.50,ipv4,malicious-ip,medium,WHITE,ziyadnz/hourly-ipv4,ziyadnz|hourly,2026-08-17T18:48:05Z,2026-08-17T18:48:05Z,
23.225.116.3,ipv4,malicious-ip,medium,WHITE,ziyadnz/hourly-ipv4,ziyadnz|hourly,2026-08-17T18:48:05Z,2026-08-17T18:48:05Z,
23.225.32.162,ipv4,malicious-ip,medium,WHITE,ziyadnz/hourly-ipv4,ziyadnz|hourly,2026-08-17T18:48:05Z,2026-08-17T18:48:05Z,
23.226.138.143,ipv4,malicious-ip,medium,WHITE,ziyadnz/hourly-ipv4,ziyadnz|hourly,2026-08-17T18:48:05Z,2026-08-17T18:48:05Z,
23.226.138.161,ipv4,malicious-ip,medium,WHITE,ziyadnz/hourly-ipv4,ziyadnz|hourly,2026-08-17T18:48:05Z,2026-08-17T18:48:05Z,
23.226.71.197,ipv4,malicious-ip,medium,WHITE,ziyadnz/hourly-ipv4,ziyadnz|hourly,2026-08-17T18:48:05Z,2026-08-17T18:48:05Z,
23.226.71.200,ipv4,malicious-ip,medium,WHITE,ziyadnz/hourly-ipv4,ziyadnz|hourly,2026-08-17T18:48:05Z,2026-08-17T18:48:05Z,
23.226.71.209,ipv4,malicious-ip,medium,WHITE,ziyadnz/hourly-ipv4,ziyadnz|hourly,2026-08-17T18:48:05Z,2026-08-17T18:48:05Z,
23.227.147.163,ipv4,malicious-ip,medium,WHITE,ziyadnz/hourly-ipv4,ziyadnz|hourly,2026-08-17T18:48:05Z,2026-08-17T18:48:05Z,
23.227.173.175,ipv4,malicious-ip,medium,WHITE,ziyadnz/hourly-ipv4,ziyadnz|hourly,2026-08-17T18:48:05Z,2026-08-17T18:48:05Z,
23.227.190.216,ipv4,malicious-ip,medium,WHITE,ziyadnz/hourly-ipv4,ziyadnz|hourly,2026-08-17T18:48:05Z,2026-08-17T18:48:05Z,
23.227.196.140,ipv4,malicious-ip,medium,WHITE,ziyadnz/hourly-ipv4,ziyadnz|hourly,2026-08-17T18:48:05Z,2026-08-17T18:48:05Z,
23.227.196.22,ipv4,malicious-ip,medium,WHITE,ziyadnz/hourly-ipv4,ziyadnz|hourly,2026-08-17T18:48:05Z,2026-08-17T18:48:05Z,
23.227.198.208,ipv4,malicious-ip,medium,WHITE,ziyadnz/hourly-ipv4,ziyadnz|hourly,2026-08-17T18:48:05Z,2026-08-17T18:48:05Z,
23.227.198.247,ipv4,malicious-ip,medium,WHITE,ziyadnz/hourly-ipv4,ziyadnz|hourly,2026-08-17T18:48:05Z,2026-08-17T18:48:05Z,
23.227.199.77,ipv4,malicious-ip,medium,WHITE,ziyadnz/hourly-ipv4,ziyadnz|hourly,2026-08-17T18:48:05Z,2026-08-17T18:48:05Z,
23.227.199.80,ipv4,malicious-ip,medium,WHITE,ziyadnz/hourly-ipv4,ziyadnz|hourly,2026-08-17T18:48:05Z,2026-08-17T18:48:05Z,
23.227.202.114,ipv4,malicious-ip,medium,WHITE,ziyadnz/hourly-ipv4,ziyadnz|hourly,2026-08-17T18:48:05Z,2026-08-17T18:48:05Z,
23.227.202.242,ipv4,malicious-ip,medium,WHITE,ziyadnz/hourly-ipv4,ziyadnz|hourly,2026-08-17T18:48:05Z,2026-08-17T18:48:05Z,
23.227.202.244,ipv4,malicious-ip,medium,WHITE,ziyadnz/hourly-ipv4,ziyadnz|hourly,2026-08-17T18:48:05Z,2026-08-17T18:48:05Z,
23.227.202.253,ipv4,malicious-ip,medium,WHITE,ziyadnz/hourly-ipv4,ziyadnz|hourly,2026-08-17T18:48:05Z,2026-08-17T18:48:05Z,
23.227.203.123,ipv4,malicious-ip,medium,WHITE,ziyadnz/hourly-ipv4,ziyadnz|hourly,2026-08-17T18:48:05Z,2026-08-17T18:48:05Z,
23.227.203.190,ipv4,malicious-ip,medium,WHITE,ziyadnz/hourly-ipv4,ziyadnz|hourly,2026-08-17T18:48:05Z,2026-08-17T18:48:05Z,
23.227.203.205,ipv4,malicious-ip,medium,WHITE,ziyadnz/hourly-ipv4,ziyadnz|hourly,2026-08-17T18:48:05Z,2026-08-17T18:48:05Z,
23.227.203.36,ipv4,malicious-ip,medium,WHITE,ziyadnz/hourly-ipv4,ziyadnz|hourly,2026-08-17T18:48:05Z,2026-08-17T18:48:05Z,
23.23.103.31,ipv4,malicious-ip,medium,WHITE,ziyadnz/hourly-ipv4,ziyadnz|hourly,2026-08-17T18:48:05Z,2026-08-17T18:48:05Z,
23.23.104.107,ipv4,malicious-ip,medium,WHITE,ziyadnz/hourly-ipv4,ziyadnz|hourly,2026-08-17T18:48:05Z,2026-08-17T18:48:05Z,
23.23.137.202,ipv4,malicious-ip,medium,WHITE,ziyadnz/hourly-ipv4,ziyadnz|hourly,2026-08-17T18:48:05Z,2026-08-17T18:48:05Z,
23.23.180.225,ipv4,malicious-ip,medium,WHITE,ziyadnz/hourly-ipv4,ziyadnz|hourly,2026-08-17T18:48:05Z,2026-08-17T18:48:05Z,
23.23.212.212,ipv4,malicious-ip,medium,WHITE,ziyadnz/hourly-ipv4,ziyadnz|hourly,2026-08-17T18:48:05Z,2026-08-17T18:48:05Z,
23.23.213.182,ipv4,malicious-ip,medium,WHITE,ziyadnz/hourly-ipv4,ziyadnz|hourly,2026-08-17T18:48:05Z,2026-08-17T18:48:05Z,
23.23.99.55,ipv4,malicious-ip,medium,WHITE,ziyadnz/hourly-ipv4,ziyadnz|hourly,2026-08-17T18:48:05Z,2026-08-17T18:48:05Z,
23.230.234.0,ipv4,malicious-ip,medium,WHITE,ziyadnz/hourly-ipv4,ziyadnz|hourly,2026-08-17T18:48:05Z,2026-08-17T18:48:05Z,
23.230.234.109,ipv4,malicious-ip,medium,WHITE,ziyadnz/hourly-ipv4,ziyadnz|hourly,2026-08-17T18:48:05Z,2026-08-17T18:48:05Z,
23.230.234.114,ipv4,malicious-ip,medium,WHITE,ziyadnz/hourly-ipv4,ziyadnz|hourly,2026-08-17T18:48:05Z,2026-08-17T18:48:05Z,
23.230.234.142,ipv4,malicious-ip,medium,WHITE,ziyadnz/hourly-ipv4,ziyadnz|hourly,2026-08-17T18:48:05Z,2026-08-17T18:48:05Z,
23.230.234.146,ipv4,malicious-ip,medium,WHITE,ziyadnz/hourly-ipv4,ziyadnz|hourly,2026-08-17T18:48:05Z,2026-08-17T18:48:05Z,
23.230.234.151,ipv4,malicious-ip,medium,WHITE,ziyadnz/hourly-ipv4,ziyadnz|hourly,2026-08-17T18:48:05Z,2026-08-17T18:48:05Z,
23.230.234.168,ipv4,malicious-ip,medium,WHITE,ziyadnz/hourly-ipv4,ziyadnz|hourly,2026-08-17T18:48:05Z,2026-08-17T18:48:05Z,
23.230.234.200,ipv4,malicious-ip,medium,WHITE,ziyadnz/hourly-ipv4,ziyadnz|hourly,2026-08-17T18:48:05Z,2026-08-17T18:48:05Z,
23.230.234.207,ipv4,malicious-ip,medium,WHITE,ziyadnz/hourly-ipv4,ziyadnz|hourly,2026-08-17T18:48:05Z,2026-08-17T18:48:05Z,
23.230.234.226,ipv4,malicious-ip,medium,WHITE,ziyadnz/hourly-ipv4,ziyadnz|hourly,2026-08-17T18:48:05Z,2026-08-17T18:48:05Z,
23.230.234.244,ipv4,malicious-ip,medium,WHITE,ziyadnz/hourly-ipv4,ziyadnz|hourly,2026-08-17T18:48:05Z,2026-08-17T18:48:05Z,
23.230.234.3,ipv4,malicious-ip,medium,WHITE,ziyadnz/hourly-ipv4,ziyadnz|hourly,2026-08-17T18:48:05Z,2026-08-17T18:48:05Z,
23.230.234.40,ipv4,malicious-ip,medium,WHITE,ziyadnz/hourly-ipv4,ziyadnz|hourly,2026-08-17T18:48:05Z,2026-08-17T18:48:05Z,
23.230.234.43,ipv4,malicious-ip,medium,WHITE,ziyadnz/hourly-ipv4,ziyadnz|hourly,2026-08-17T18:48:05Z,2026-08-17T18:48:05Z,
23.230.234.54,ipv4,malicious-ip,medium,WHITE,ziyadnz/hourly-ipv4,ziyadnz|hourly,2026-08-17T18:48:05Z,2026-08-17T18:48:05Z,
23.230.234.56,ipv4,malicious-ip,medium,WHITE,ziyadnz/hourly-ipv4,ziyadnz|hourly,2026-08-17T18:48:05Z,2026-08-17T18:48:05Z,
23.230.234.75,ipv4,malicious-ip,medium,WHITE,ziyadnz/hourly-ipv4,ziyadnz|hourly,2026-08-17T18:48:05Z,2026-08-17T18:48:05Z,
23.230.234.89,ipv4,malicious-ip,medium,WHITE,ziyadnz/hourly-ipv4,ziyadnz|hourly,2026-08-17T18:48:05Z,2026-08-17T18:48:05Z,
23.230.234.92,ipv4,malicious-ip,medium,WHITE,ziyadnz/hourly-ipv4,ziyadnz|hourly,2026-08-17T18:48:05Z,2026-08-17T18:48:05Z,
23.230.234.95,ipv4,malicious-ip,medium,WHITE,ziyadnz/hourly-ipv4,ziyadnz|hourly,2026-08-17T18:48:05Z,2026-08-17T18:48:05Z,
23.230.234.96,ipv4,malicious-ip,medium,WHITE,ziyadnz/hourly-ipv4,ziyadnz|hourly,2026-08-17T18:48:05Z,2026-08-17T18:48:05Z,
23.230.54.3,ipv4,malicious-ip,medium,WHITE,ziyadnz/hourly-ipv4,ziyadnz|hourly,2026-08-17T18:48:05Z,2026-08-17T18:48:05Z,
23.233.92.174,ipv4,malicious-ip,medium,WHITE,ziyadnz/hourly-ipv4,ziyadnz|hourly,2026-08-17T18:48:05Z,2026-08-17T18:48:05Z,
23.234.100.107,ipv4,malicious-ip,medium,WHITE,ziyadnz/hourly-ipv4,ziyadnz|hourly,2026-08-17T18:48:05Z,2026-08-17T18:48:05Z,
23.234.100.235,ipv4,malicious-ip,medium,WHITE,ziyadnz/hourly-ipv4,ziyadnz|hourly,2026-08-17T18:48:05Z,2026-08-17T18:48:05Z,
23.234.108.69,ipv4,malicious-ip,medium,WHITE,ziyadnz/hourly-ipv4,ziyadnz|hourly,2026-08-17T18:48:05Z,2026-08-17T18:48:05Z,
23.234.200.42,ipv4,malicious-ip,medium,WHITE,ziyadnz/hourly-ipv4,ziyadnz|hourly,2026-08-17T18:48:05Z,2026-08-17T18:48:05Z,
23.234.62.103,ipv4,malicious-ip,medium,WHITE,ziyadnz/hourly-ipv4,ziyadnz|hourly,2026-08-17T18:48:05Z,2026-08-17T18:48:05Z,
23.234.69.167,ipv4,malicious-ip,medium,WHITE,ziyadnz/hourly-ipv4,ziyadnz|hourly,2026-08-17T18:48:05Z,2026-08-17T18:48:05Z,
23.234.72.38,ipv4,malicious-ip,medium,WHITE,ziyadnz/hourly-ipv4,ziyadnz|hourly,2026-08-17T18:48:05Z,2026-08-17T18:48:05Z,
23.234.75.84,ipv4,malicious-ip,medium,WHITE,ziyadnz/hourly-ipv4,ziyadnz|hourly,2026-08-17T18:48:05Z,2026-08-17T18:48:05Z,
23.234.85.20,ipv4,malicious-ip,medium,WHITE,ziyadnz/hourly-ipv4,ziyadnz|hourly,2026-08-17T18:48:05Z,2026-08-17T18:48:05Z,
23.234.94.43,ipv4,malicious-ip,medium,WHITE,ziyadnz/hourly-ipv4,ziyadnz|hourly,2026-08-17T18:48:05Z,2026-08-17T18:48:05Z,
23.234.97.195,ipv4,malicious-ip,medium,WHITE,ziyadnz/hourly-ipv4,ziyadnz|hourly,2026-08-17T18:48:05Z,2026-08-17T18:48:05Z,
23.235.188.3,ipv4,malicious-ip,medium,WHITE,ziyadnz/hourly-ipv4,ziyadnz|hourly,2026-08-17T18:48:05Z,2026-08-17T18:48:05Z,
23.236.143.214,ipv4,malicious-ip,medium,WHITE,ziyadnz/hourly-ipv4,ziyadnz|hourly,2026-08-17T18:48:05Z,2026-08-17T18:48:05Z,
23.236.181.102,ipv4,malicious-ip,medium,WHITE,ziyadnz/hourly-ipv4,ziyadnz|hourly,2026-08-17T18:48:05Z,2026-08-17T18:48:05Z,
23.236.181.105,ipv4,malicious-ip,medium,WHITE,ziyadnz/hourly-ipv4,ziyadnz|hourly,2026-08-17T18:48:05Z,2026-08-17T18:48:05Z,
23.236.212.102,ipv4,malicious-ip,medium,WHITE,ziyadnz/hourly-ipv4,ziyadnz|hourly,2026-08-17T18:48:05Z,2026-08-17T18:48:05Z,
23.236.212.148,ipv4,malicious-ip,medium,WHITE,ziyadnz/hourly-ipv4,ziyadnz|hourly,2026-08-17T18:48:05Z,2026-08-17T18:48:05Z,
23.236.67.139,ipv4,malicious-ip,medium,WHITE,ziyadnz/hourly-ipv4,ziyadnz|hourly,2026-08-17T18:48:05Z,2026-08-17T18:48:05Z,
23.237.182.122,ipv4,malicious-ip,medium,WHITE,ziyadnz/hourly-ipv4,ziyadnz|hourly,2026-08-17T18:48:05Z,2026-08-17T18:48:05Z,
23.237.196.170,ipv4,malicious-ip,medium,WHITE,ziyadnz/hourly-ipv4,ziyadnz|hourly,2026-08-17T18:48:05Z,2026-08-17T18:48:05Z,
23.237.25.246,ipv4,malicious-ip,medium,WHITE,ziyadnz/hourly-ipv4,ziyadnz|hourly,2026-08-17T18:48:05Z,2026-08-17T18:48:05Z,
23.237.47.159,ipv4,malicious-ip,medium,WHITE,ziyadnz/hourly-ipv4,ziyadnz|hourly,2026-08-17T18:48:05Z,2026-08-17T18:48:05Z,
23.238.36.235,ipv4,malicious-ip,medium,WHITE,ziyadnz/hourly-ipv4,ziyadnz|hourly,2026-08-17T18:48:05Z,2026-08-17T18:48:05Z,
23.238.70.236,ipv4,malicious-ip,medium,WHITE,ziyadnz/hourly-ipv4,ziyadnz|hourly,2026-08-17T18:48:05Z,2026-08-17T18:48:05Z,
23.238.80.30,ipv4,malicious-ip,medium,WHITE,ziyadnz/hourly-ipv4,ziyadnz|hourly,2026-08-17T18:48:05Z,2026-08-17T18:48:05Z,
23.239.11.64,ipv4,malicious-ip,medium,WHITE,ziyadnz/hourly-ipv4,ziyadnz|hourly,2026-08-17T18:48:05Z,2026-08-17T18:48:05Z,
23.239.12.177,ipv4,malicious-ip,medium,WHITE,ziyadnz/hourly-ipv4,ziyadnz|hourly,2026-08-17T18:48:05Z,2026-08-17T18:48:05Z,
23.239.12.251,ipv4,malicious-ip,medium,WHITE,ziyadnz/hourly-ipv4,ziyadnz|hourly,2026-08-17T18:48:05Z,2026-08-17T18:48:05Z,
23.239.26.120,ipv4,malicious-ip,medium,WHITE,ziyadnz/hourly-ipv4,ziyadnz|hourly,2026-08-17T18:48:05Z,2026-08-17T18:48:05Z,
23.239.29.116,ipv4,malicious-ip,medium,WHITE,ziyadnz/hourly-ipv4,ziyadnz|hourly,2026-08-17T18:48:05Z,2026-08-17T18:48:05Z,
23.239.29.151,ipv4,malicious-ip,medium,WHITE,ziyadnz/hourly-ipv4,ziyadnz|hourly,2026-08-17T18:48:05Z,2026-08-17T18:48:05Z,
23.239.29.212,ipv4,malicious-ip,medium,WHITE,ziyadnz/hourly-ipv4,ziyadnz|hourly,2026-08-17T18:48:05Z,2026-08-17T18:48:05Z,
23.239.29.33,ipv4,malicious-ip,medium,WHITE,ziyadnz/hourly-ipv4,ziyadnz|hourly,2026-08-17T18:48:05Z,2026-08-17T18:48:05Z,
23.239.29.46,ipv4,malicious-ip,medium,WHITE,ziyadnz/hourly-ipv4,ziyadnz|hourly,2026-08-17T18:48:05Z,2026-08-17T18:48:05Z,
23.240.180.193,ipv4,malicious-ip,medium,WHITE,ziyadnz/hourly-ipv4,ziyadnz|hourly,2026-08-17T18:48:05Z,2026-08-17T18:48:05Z,
23.242.122.159,ipv4,malicious-ip,medium,WHITE,ziyadnz/hourly-ipv4,ziyadnz|hourly,2026-08-17T18:48:05Z,2026-08-17T18:48:05Z,
23.242.193.144,ipv4,malicious-ip,medium,WHITE,ziyadnz/hourly-ipv4,ziyadnz|hourly,2026-08-17T18:48:05Z,2026-08-17T18:48:05Z,
23.242.238.231,ipv4,malicious-ip,medium,WHITE,ziyadnz/hourly-ipv4,ziyadnz|hourly,2026-08-17T18:48:05Z,2026-08-17T18:48:05Z,
23.249.28.115,ipv4,malicious-ip,medium,WHITE,ziyadnz/hourly-ipv4,ziyadnz|hourly,2026-08-17T18:48:05Z,2026-08-17T18:48:05Z,
23.249.28.200,ipv4,malicious-ip,medium,WHITE,ziyadnz/hourly-ipv4,ziyadnz|hourly,2026-08-17T18:48:05Z,2026-08-17T18:48:05Z,
23.249.28.88,ipv4,malicious-ip,medium,WHITE,ziyadnz/hourly-ipv4,ziyadnz|hourly,2026-08-17T18:48:05Z,2026-08-17T18:48:05Z,
23.251.131.30,ipv4,malicious-ip,medium,WHITE,ziyadnz/hourly-ipv4,ziyadnz|hourly,2026-08-17T18:48:05Z,2026-08-17T18:48:05Z,
23.251.131.60,ipv4,malicious-ip,medium,WHITE,ziyadnz/hourly-ipv4,ziyadnz|hourly,2026-08-17T18:48:05Z,2026-08-17T18:48:05Z,
23.251.135.99,ipv4,malicious-ip,medium,WHITE,ziyadnz/hourly-ipv4,ziyadnz|hourly,2026-08-17T18:48:05Z,2026-08-17T18:48:05Z,
23.251.146.115,ipv4,malicious-ip,medium,WHITE,ziyadnz/hourly-ipv4,ziyadnz|hourly,2026-08-17T18:48:05Z,2026-08-17T18:48:05Z,
23.251.57.59,ipv4,malicious-ip,medium,WHITE,ziyadnz/hourly-ipv4,ziyadnz|hourly,2026-08-17T18:48:05Z,2026-08-17T18:48:05Z,
23.251.65.195,ipv4,malicious-ip,medium,WHITE,ziyadnz/hourly-ipv4,ziyadnz|hourly,2026-08-17T18:48:05Z,2026-08-17T18:48:05Z,
23.252.167.35,ipv4,malicious-ip,medium,WHITE,ziyadnz/hourly-ipv4,ziyadnz|hourly,2026-08-17T18:48:05Z,2026-08-17T18:48:05Z,
23.254.128.223,ipv4,malicious-ip,medium,WHITE,ziyadnz/hourly-ipv4,ziyadnz|hourly,2026-08-17T18:48:05Z,2026-08-17T18:48:05Z,
23.254.130.126,ipv4,malicious-ip,medium,WHITE,ziyadnz/hourly-ipv4,ziyadnz|hourly,2026-08-17T18:48:05Z,2026-08-17T18:48:05Z,
23.254.136.60,ipv4,malicious-ip,medium,WHITE,ziyadnz/hourly-ipv4,ziyadnz|hourly,2026-08-17T18:48:05Z,2026-08-17T18:48:05Z,
23.254.138.211,ipv4,malicious-ip,medium,WHITE,ziyadnz/hourly-ipv4,ziyadnz|hourly,2026-08-17T18:48:05Z,2026-08-17T18:48:05Z,
23.254.150.2,ipv4,malicious-ip,medium,WHITE,ziyadnz/hourly-ipv4,ziyadnz|hourly,2026-08-17T18:48:05Z,2026-08-17T18:48:05Z,
23.254.164.123,ipv4,malicious-ip,medium,WHITE,ziyadnz/hourly-ipv4,ziyadnz|hourly,2026-08-17T18:48:05Z,2026-08-17T18:48:05Z,
23.254.164.156,ipv4,malicious-ip,medium,WHITE,ziyadnz/hourly-ipv4,ziyadnz|hourly,2026-08-17T18:48:05Z,2026-08-17T18:48:05Z,
23.254.164.92,ipv4,malicious-ip,medium,WHITE,ziyadnz/hourly-ipv4,ziyadnz|hourly,2026-08-17T18:48:05Z,2026-08-17T18:48:05Z,
23.254.167.216,ipv4,malicious-ip,medium,WHITE,ziyadnz/hourly-ipv4,ziyadnz|hourly,2026-08-17T18:48:05Z,2026-08-17T18:48:05Z,
23.254.178.52,ipv4,malicious-ip,medium,WHITE,ziyadnz/hourly-ipv4,ziyadnz|hourly,2026-08-17T18:48:05Z,2026-08-17T18:48:05Z,
23.254.202.85,ipv4,malicious-ip,medium,WHITE,ziyadnz/hourly-ipv4,ziyadnz|hourly,2026-08-17T18:48:05Z,2026-08-17T18:48:05Z,
23.254.208.165,ipv4,malicious-ip,medium,WHITE,ziyadnz/hourly-ipv4,ziyadnz|hourly,2026-08-17T18:48:05Z,2026-08-17T18:48:05Z,
23.254.212.184,ipv4,malicious-ip,medium,WHITE,ziyadnz/hourly-ipv4,ziyadnz|hourly,2026-08-17T18:48:05Z,2026-08-17T18:48:05Z,
23.254.224.79,ipv4,malicious-ip,medium,WHITE,ziyadnz/hourly-ipv4,ziyadnz|hourly,2026-08-17T18:48:05Z,2026-08-17T18:48:05Z,
23.254.226.240,ipv4,malicious-ip,medium,WHITE,ziyadnz/hourly-ipv4,ziyadnz|hourly,2026-08-17T18:48:05Z,2026-08-17T18:48:05Z,
23.254.226.86,ipv4,malicious-ip,medium,WHITE,ziyadnz/hourly-ipv4,ziyadnz|hourly,2026-08-17T18:48:05Z,2026-08-17T18:48:05Z,
23.254.226.90,ipv4,malicious-ip,medium,WHITE,ziyadnz/hourly-ipv4,ziyadnz|hourly,2026-08-17T18:48:05Z,2026-08-17T18:48:05Z,
23.254.227.121,ipv4,malicious-ip,medium,WHITE,ziyadnz/hourly-ipv4,ziyadnz|hourly,2026-08-17T18:48:05Z,2026-08-17T18:48:05Z,
23.254.228.135,ipv4,malicious-ip,medium,WHITE,ziyadnz/hourly-ipv4,ziyadnz|hourly,2026-08-17T18:48:05Z,2026-08-17T18:48:05Z,
23.254.229.101,ipv4,malicious-ip,medium,WHITE,ziyadnz/hourly-ipv4,ziyadnz|hourly,2026-08-17T18:48:05Z,2026-08-17T18:48:05Z,
23.254.231.83,ipv4,malicious-ip,medium,WHITE,ziyadnz/hourly-ipv4,ziyadnz|hourly,2026-08-17T18:48:05Z,2026-08-17T18:48:05Z,
23.254.242.32,ipv4,malicious-ip,medium,WHITE,ziyadnz/hourly-ipv4,ziyadnz|hourly,2026-08-17T18:48:05Z,2026-08-17T18:48:05Z,
23.26.137.225,ipv4,malicious-ip,medium,WHITE,ziyadnz/hourly-ipv4,ziyadnz|hourly,2026-08-17T18:48:05Z,2026-08-17T18:48:05Z,
23.26.206.99,ipv4,malicious-ip,medium,WHITE,ziyadnz/hourly-ipv4,ziyadnz|hourly,2026-08-17T18:48:05Z,2026-08-17T18:48:05Z,
23.26.237.24,ipv4,malicious-ip,medium,WHITE,ziyadnz/hourly-ipv4,ziyadnz|hourly,2026-08-17T18:48:05Z,2026-08-17T18:48:05Z,
23.26.237.250,ipv4,malicious-ip,medium,WHITE,ziyadnz/hourly-ipv4,ziyadnz|hourly,2026-08-17T18:48:05Z,2026-08-17T18:48:05Z,
23.26.237.80,ipv4,malicious-ip,medium,WHITE,ziyadnz/hourly-ipv4,ziyadnz|hourly,2026-08-17T18:48:05Z,2026-08-17T18:48:05Z,
23.26.35.67,ipv4,malicious-ip,medium,WHITE,ziyadnz/hourly-ipv4,ziyadnz|hourly,2026-08-17T18:48:05Z,2026-08-17T18:48:05Z,
23.27.120.142,ipv4,malicious-ip,medium,WHITE,ziyadnz/hourly-ipv4,ziyadnz|hourly,2026-08-17T18:48:05Z,2026-08-17T18:48:05Z,
23.27.124.228,ipv4,malicious-ip,medium,WHITE,ziyadnz/hourly-ipv4,ziyadnz|hourly,2026-08-17T18:48:05Z,2026-08-17T18:48:05Z,
23.27.124.91,ipv4,malicious-ip,medium,WHITE,ziyadnz/hourly-ipv4,ziyadnz|hourly,2026-08-17T18:48:05Z,2026-08-17T18:48:05Z,
23.27.13.43,ipv4,malicious-ip,medium,WHITE,ziyadnz/hourly-ipv4,ziyadnz|hourly,2026-08-17T18:48:05Z,2026-08-17T18:48:05Z,
23.27.140.135,ipv4,malicious-ip,medium,WHITE,ziyadnz/hourly-ipv4,ziyadnz|hourly,2026-08-17T18:48:05Z,2026-08-17T18:48:05Z,
23.27.140.228,ipv4,malicious-ip,medium,WHITE,ziyadnz/hourly-ipv4,ziyadnz|hourly,2026-08-17T18:48:05Z,2026-08-17T18:48:05Z,
23.27.140.49,ipv4,malicious-ip,medium,WHITE,ziyadnz/hourly-ipv4,ziyadnz|hourly,2026-08-17T18:48:05Z,2026-08-17T18:48:05Z,
23.27.140.65,ipv4,malicious-ip,medium,WHITE,ziyadnz/hourly-ipv4,ziyadnz|hourly,2026-08-17T18:48:05Z,2026-08-17T18:48:05Z,
23.27.175.241,ipv4,malicious-ip,medium,WHITE,ziyadnz/hourly-ipv4,ziyadnz|hourly,2026-08-17T18:48:05Z,2026-08-17T18:48:05Z,
23.27.180.36,ipv4,malicious-ip,medium,WHITE,ziyadnz/hourly-ipv4,ziyadnz|hourly,2026-08-17T18:48:05Z,2026-08-17T18:48:05Z,
23.27.20.143,ipv4,malicious-ip,medium,WHITE,ziyadnz/hourly-ipv4,ziyadnz|hourly,2026-08-17T18:48:05Z,2026-08-17T18:48:05Z,
23.27.20.239,ipv4,malicious-ip,medium,WHITE,ziyadnz/hourly-ipv4,ziyadnz|hourly,2026-08-17T18:48:05Z,2026-08-17T18:48:05Z,
23.27.202.27,ipv4,malicious-ip,medium,WHITE,ziyadnz/hourly-ipv4,ziyadnz|hourly,2026-08-17T18:48:05Z,2026-08-17T18:48:05Z,
23.27.24.30,ipv4,malicious-ip,medium,WHITE,ziyadnz/hourly-ipv4,ziyadnz|hourly,2026-08-17T18:48:05Z,2026-08-17T18:48:05Z,
23.27.31.0,ipv4,malicious-ip,medium,WHITE,ziyadnz/hourly-ipv4,ziyadnz|hourly,2026-08-17T18:48:05Z,2026-08-17T18:48:05Z,
23.27.31.122,ipv4,malicious-ip,medium,WHITE,ziyadnz/hourly-ipv4,ziyadnz|hourly,2026-08-17T18:48:05Z,2026-08-17T18:48:05Z,
23.27.31.127,ipv4,malicious-ip,medium,WHITE,ziyadnz/hourly-ipv4,ziyadnz|hourly,2026-08-17T18:48:05Z,2026-08-17T18:48:05Z,
23.27.31.139,ipv4,malicious-ip,medium,WHITE,ziyadnz/hourly-ipv4,ziyadnz|hourly,2026-08-17T18:48:05Z,2026-08-17T18:48:05Z,
23.27.31.153,ipv4,malicious-ip,medium,WHITE,ziyadnz/hourly-ipv4,ziyadnz|hourly,2026-08-17T18:48:05Z,2026-08-17T18:48:05Z,
23.27.31.167,ipv4,malicious-ip,medium,WHITE,ziyadnz/hourly-ipv4,ziyadnz|hourly,2026-08-17T18:48:05Z,2026-08-17T18:48:05Z,
23.27.31.168,ipv4,malicious-ip,medium,WHITE,ziyadnz/hourly-ipv4,ziyadnz|hourly,2026-08-17T18:48:05Z,2026-08-17T18:48:05Z,
23.27.31.188,ipv4,malicious-ip,medium,WHITE,ziyadnz/hourly-ipv4,ziyadnz|hourly,2026-08-17T18:48:05Z,2026-08-17T18:48:05Z,
23.27.31.191,ipv4,malicious-ip,medium,WHITE,ziyadnz/hourly-ipv4,ziyadnz|hourly,2026-08-17T18:48:05Z,2026-08-17T18:48:05Z,
23.27.31.2,ipv4,malicious-ip,medium,WHITE,ziyadnz/hourly-ipv4,ziyadnz|hourly,2026-08-17T18:48:05Z,2026-08-17T18:48:05Z,
23.27.31.221,ipv4,malicious-ip,medium,WHITE,ziyadnz/hourly-ipv4,ziyadnz|hourly,2026-08-17T18:48:05Z,2026-08-17T18:48:05Z,
23.27.31.222,ipv4,malicious-ip,medium,WHITE,ziyadnz/hourly-ipv4,ziyadnz|hourly,2026-08-17T18:48:05Z,2026-08-17T18:48:05Z,
23.27.31.225,ipv4,malicious-ip,medium,WHITE,ziyadnz/hourly-ipv4,ziyadnz|hourly,2026-08-17T18:48:05Z,2026-08-17T18:48:05Z,
23.27.31.231,ipv4,malicious-ip,medium,WHITE,ziyadnz/hourly-ipv4,ziyadnz|hourly,2026-08-17T18:48:05Z,2026-08-17T18:48:05Z,
23.27.31.244,ipv4,malicious-ip,medium,WHITE,ziyadnz/hourly-ipv4,ziyadnz|hourly,2026-08-17T18:48:05Z,2026-08-17T18:48:05Z,
23.27.31.29,ipv4,malicious-ip,medium,WHITE,ziyadnz/hourly-ipv4,ziyadnz|hourly,2026-08-17T18:48:05Z,2026-08-17T18:48:05Z,
23.27.31.46,ipv4,malicious-ip,medium,WHITE,ziyadnz/hourly-ipv4,ziyadnz|hourly,2026-08-17T18:48:05Z,2026-08-17T18:48:05Z,
23.27.31.55,ipv4,malicious-ip,medium,WHITE,ziyadnz/hourly-ipv4,ziyadnz|hourly,2026-08-17T18:48:05Z,2026-08-17T18:48:05Z,
23.27.31.76,ipv4,malicious-ip,medium,WHITE,ziyadnz/hourly-ipv4,ziyadnz|hourly,2026-08-17T18:48:05Z,2026-08-17T18:48:05Z,
23.27.31.8,ipv4,malicious-ip,medium,WHITE,ziyadnz/hourly-ipv4,ziyadnz|hourly,2026-08-17T18:48:05Z,2026-08-17T18:48:05Z,
23.27.31.84,ipv4,malicious-ip,medium,WHITE,ziyadnz/hourly-ipv4,ziyadnz|hourly,2026-08-17T18:48:05Z,2026-08-17T18:48:05Z,
23.27.31.99,ipv4,malicious-ip,medium,WHITE,ziyadnz/hourly-ipv4,ziyadnz|hourly,2026-08-17T18:48:05Z,2026-08-17T18:48:05Z,
23.27.49.143,ipv4,malicious-ip,medium,WHITE,ziyadnz/hourly-ipv4,ziyadnz|hourly,2026-08-17T18:48:05Z,2026-08-17T18:48:05Z,
23.27.51.244,ipv4,malicious-ip,medium,WHITE,ziyadnz/hourly-ipv4,ziyadnz|hourly,2026-08-17T18:48:05Z,2026-08-17T18:48:05Z,
23.29.115.171,ipv4,malicious-ip,medium,WHITE,ziyadnz/hourly-ipv4,ziyadnz|hourly,2026-08-17T18:48:05Z,2026-08-17T18:48:05Z,
23.29.115.186,ipv4,malicious-ip,medium,WHITE,ziyadnz/hourly-ipv4,ziyadnz|hourly,2026-08-17T18:48:05Z,2026-08-17T18:48:05Z,
23.30.239.246,ipv4,malicious-ip,medium,WHITE,ziyadnz/hourly-ipv4,ziyadnz|hourly,2026-08-17T18:48:05Z,2026-08-17T18:48:05Z,
23.81.246.152,ipv4,malicious-ip,medium,WHITE,ziyadnz/hourly-ipv4,ziyadnz|hourly,2026-08-17T18:48:05Z,2026-08-17T18:48:05Z,
23.81.36.246,ipv4,malicious-ip,medium,WHITE,ziyadnz/hourly-ipv4,ziyadnz|hourly,2026-08-17T18:48:05Z,2026-08-17T18:48:05Z,
23.81.41.166,ipv4,malicious-ip,medium,WHITE,ziyadnz/hourly-ipv4,ziyadnz|hourly,2026-08-17T18:48:05Z,2026-08-17T18:48:05Z,
23.83.218.24,ipv4,malicious-ip,medium,WHITE,ziyadnz/hourly-ipv4,ziyadnz|hourly,2026-08-17T18:48:05Z,2026-08-17T18:48:05Z,
23.88.116.117,ipv4,malicious-ip,medium,WHITE,ziyadnz/hourly-ipv4,ziyadnz|hourly,2026-08-17T18:48:05Z,2026-08-17T18:48:05Z,
23.88.62.111,ipv4,malicious-ip,medium,WHITE,ziyadnz/hourly-ipv4,ziyadnz|hourly,2026-08-17T18:48:05Z,2026-08-17T18:48:05Z,
23.91.247.93,ipv4,malicious-ip,medium,WHITE,ziyadnz/hourly-ipv4,ziyadnz|hourly,2026-08-17T18:48:05Z,2026-08-17T18:48:05Z,
23.91.97.170,ipv4,malicious-ip,medium,WHITE,ziyadnz/hourly-ipv4,ziyadnz|hourly,2026-08-17T18:48:05Z,2026-08-17T18:48:05Z,
23.91.97.213,ipv4,malicious-ip,medium,WHITE,ziyadnz/hourly-ipv4,ziyadnz|hourly,2026-08-17T18:48:05Z,2026-08-17T18:48:05Z,
23.92.27.179,ipv4,malicious-ip,medium,WHITE,ziyadnz/hourly-ipv4,ziyadnz|hourly,2026-08-17T18:48:05Z,2026-08-17T18:48:05Z,
23.92.27.206,ipv4,malicious-ip,medium,WHITE,ziyadnz/hourly-ipv4,ziyadnz|hourly,2026-08-17T18:48:05Z,2026-08-17T18:48:05Z,
23.93.77.114,ipv4,malicious-ip,medium,WHITE,ziyadnz/hourly-ipv4,ziyadnz|hourly,2026-08-17T18:48:05Z,2026-08-17T18:48:05Z,
23.94.102.136,ipv4,malicious-ip,medium,WHITE,ziyadnz/hourly-ipv4,ziyadnz|hourly,2026-08-17T18:48:05Z,2026-08-17T18:48:05Z,
23.94.11.86,ipv4,malicious-ip,medium,WHITE,ziyadnz/hourly-ipv4,ziyadnz|hourly,2026-08-17T18:48:05Z,2026-08-17T18:48:05Z,
23.94.112.16,ipv4,malicious-ip,medium,WHITE,ziyadnz/hourly-ipv4,ziyadnz|hourly,2026-08-17T18:48:05Z,2026-08-17T18:48:05Z,
23.94.123.66,ipv4,malicious-ip,medium,WHITE,ziyadnz/hourly-ipv4,ziyadnz|hourly,2026-08-17T18:48:05Z,2026-08-17T18:48:05Z,
23.94.126.63,ipv4,malicious-ip,medium,WHITE,ziyadnz/hourly-ipv4,ziyadnz|hourly,2026-08-17T18:48:05Z,2026-08-17T18:48:05Z,
23.94.136.36,ipv4,malicious-ip,medium,WHITE,ziyadnz/hourly-ipv4,ziyadnz|hourly,2026-08-17T18:48:05Z,2026-08-17T18:48:05Z,
23.94.145.120,ipv4,malicious-ip,medium,WHITE,ziyadnz/hourly-ipv4,ziyadnz|hourly,2026-08-17T18:48:05Z,2026-08-17T18:48:05Z,
23.94.145.5,ipv4,malicious-ip,medium,WHITE,ziyadnz/hourly-ipv4,ziyadnz|hourly,2026-08-17T18:48:05Z,2026-08-17T18:48:05Z,
23.94.148.12,ipv4,malicious-ip,medium,WHITE,ziyadnz/hourly-ipv4,ziyadnz|hourly,2026-08-17T18:48:05Z,2026-08-17T18:48:05Z,
23.94.148.16,ipv4,malicious-ip,medium,WHITE,ziyadnz/hourly-ipv4,ziyadnz|hourly,2026-08-17T18:48:05Z,2026-08-17T18:48:05Z,
23.94.171.239,ipv4,malicious-ip,medium,WHITE,ziyadnz/hourly-ipv4,ziyadnz|hourly,2026-08-17T18:48:05Z,2026-08-17T18:48:05Z,
23.94.177.42,ipv4,malicious-ip,medium,WHITE,ziyadnz/hourly-ipv4,ziyadnz|hourly,2026-08-17T18:48:05Z,2026-08-17T18:48:05Z,
23.94.184.100,ipv4,malicious-ip,medium,WHITE,ziyadnz/hourly-ipv4,ziyadnz|hourly,2026-08-17T18:48:05Z,2026-08-17T18:48:05Z,
23.94.184.22,ipv4,malicious-ip,medium,WHITE,ziyadnz/hourly-ipv4,ziyadnz|hourly,2026-08-17T18:48:05Z,2026-08-17T18:48:05Z,
23.94.184.78,ipv4,malicious-ip,medium,WHITE,ziyadnz/hourly-ipv4,ziyadnz|hourly,2026-08-17T18:48:05Z,2026-08-17T18:48:05Z,
23.94.197.131,ipv4,malicious-ip,medium,WHITE,ziyadnz/hourly-ipv4,ziyadnz|hourly,2026-08-17T18:48:05Z,2026-08-17T18:48:05Z,
23.94.213.157,ipv4,malicious-ip,medium,WHITE,ziyadnz/hourly-ipv4,ziyadnz|hourly,2026-08-17T18:48:05Z,2026-08-17T18:48:05Z,
23.94.216.234,ipv4,malicious-ip,medium,WHITE,ziyadnz/hourly-ipv4,ziyadnz|hourly,2026-08-17T18:48:05Z,2026-08-17T18:48:05Z,
23.94.243.208,ipv4,malicious-ip,medium,WHITE,ziyadnz/hourly-ipv4,ziyadnz|hourly,2026-08-17T18:48:05Z,2026-08-17T18:48:05Z,
23.94.248.134,ipv4,malicious-ip,medium,WHITE,ziyadnz/hourly-ipv4,ziyadnz|hourly,2026-08-17T18:48:05Z,2026-08-17T18:48:05Z,
23.94.251.163,ipv4,malicious-ip,medium,WHITE,ziyadnz/hourly-ipv4,ziyadnz|hourly,2026-08-17T18:48:05Z,2026-08-17T18:48:05Z,
23.94.252.10,ipv4,malicious-ip,medium,WHITE,ziyadnz/hourly-ipv4,ziyadnz|hourly,2026-08-17T18:48:05Z,2026-08-17T18:48:05Z,
23.94.252.249,ipv4,malicious-ip,medium,WHITE,ziyadnz/hourly-ipv4,ziyadnz|hourly,2026-08-17T18:48:05Z,2026-08-17T18:48:05Z,
23.94.29.214,ipv4,malicious-ip,medium,WHITE,ziyadnz/hourly-ipv4,ziyadnz|hourly,2026-08-17T18:48:05Z,2026-08-17T18:48:05Z,
23.94.40.119,ipv4,malicious-ip,medium,WHITE,ziyadnz/hourly-ipv4,ziyadnz|hourly,2026-08-17T18:48:05Z,2026-08-17T18:48:05Z,
23.94.52.3,ipv4,malicious-ip,medium,WHITE,ziyadnz/hourly-ipv4,ziyadnz|hourly,2026-08-17T18:48:05Z,2026-08-17T18:48:05Z,
23.94.57.201,ipv4,malicious-ip,medium,WHITE,ziyadnz/hourly-ipv4,ziyadnz|hourly,2026-08-17T18:48:05Z,2026-08-17T18:48:05Z,
23.94.61.208,ipv4,malicious-ip,medium,WHITE,ziyadnz/hourly-ipv4,ziyadnz|hourly,2026-08-17T18:48:05Z,2026-08-17T18:48:05Z,
23.94.67.179,ipv4,malicious-ip,medium,WHITE,ziyadnz/hourly-ipv4,ziyadnz|hourly,2026-08-17T18:48:05Z,2026-08-17T18:48:05Z,
23.94.67.242,ipv4,malicious-ip,medium,WHITE,ziyadnz/hourly-ipv4,ziyadnz|hourly,2026-08-17T18:48:05Z,2026-08-17T18:48:05Z,
23.94.84.118,ipv4,malicious-ip,medium,WHITE,ziyadnz/hourly-ipv4,ziyadnz|hourly,2026-08-17T18:48:05Z,2026-08-17T18:48:05Z,
23.94.9.10,ipv4,malicious-ip,medium,WHITE,ziyadnz/hourly-ipv4,ziyadnz|hourly,2026-08-17T18:48:05Z,2026-08-17T18:48:05Z,
23.94.92.52,ipv4,malicious-ip,medium,WHITE,ziyadnz/hourly-ipv4,ziyadnz|hourly,2026-08-17T18:48:05Z,2026-08-17T18:48:05Z,
23.95.10.173,ipv4,malicious-ip,medium,WHITE,ziyadnz/hourly-ipv4,ziyadnz|hourly,2026-08-17T18:48:05Z,2026-08-17T18:48:05Z,
23.95.117.249,ipv4,malicious-ip,medium,WHITE,ziyadnz/hourly-ipv4,ziyadnz|hourly,2026-08-17T18:48:05Z,2026-08-17T18:48:05Z,
23.95.123.5,ipv4,malicious-ip,medium,WHITE,ziyadnz/hourly-ipv4,ziyadnz|hourly,2026-08-17T18:48:05Z,2026-08-17T18:48:05Z,
23.95.132.59,ipv4,malicious-ip,medium,WHITE,ziyadnz/hourly-ipv4,ziyadnz|hourly,2026-08-17T18:48:05Z,2026-08-17T18:48:05Z,
23.95.132.61,ipv4,malicious-ip,medium,WHITE,ziyadnz/hourly-ipv4,ziyadnz|hourly,2026-08-17T18:48:05Z,2026-08-17T18:48:05Z,
23.95.168.162,ipv4,malicious-ip,medium,WHITE,ziyadnz/hourly-ipv4,ziyadnz|hourly,2026-08-17T18:48:05Z,2026-08-17T18:48:05Z,
23.95.171.112,ipv4,malicious-ip,medium,WHITE,ziyadnz/hourly-ipv4,ziyadnz|hourly,2026-08-17T18:48:05Z,2026-08-17T18:48:05Z,
23.95.182.59,ipv4,malicious-ip,medium,WHITE,ziyadnz/hourly-ipv4,ziyadnz|hourly,2026-08-17T18:48:05Z,2026-08-17T18:48:05Z,
23.95.186.183,ipv4,malicious-ip,medium,WHITE,ziyadnz/hourly-ipv4,ziyadnz|hourly,2026-08-17T18:48:05Z,2026-08-17T18:48:05Z,
23.95.191.213,ipv4,malicious-ip,medium,WHITE,ziyadnz/hourly-ipv4,ziyadnz|hourly,2026-08-17T18:48:05Z,2026-08-17T18:48:05Z,
23.95.191.250,ipv4,malicious-ip,medium,WHITE,ziyadnz/hourly-ipv4,ziyadnz|hourly,2026-08-17T18:48:05Z,2026-08-17T18:48:05Z,
23.95.193.99,ipv4,malicious-ip,medium,WHITE,ziyadnz/hourly-ipv4,ziyadnz|hourly,2026-08-17T18:48:05Z,2026-08-17T18:48:05Z,
23.95.2.82,ipv4,malicious-ip,medium,WHITE,ziyadnz/hourly-ipv4,ziyadnz|hourly,2026-08-17T18:48:05Z,2026-08-17T18:48:05Z,
23.95.204.251,ipv4,malicious-ip,medium,WHITE,ziyadnz/hourly-ipv4,ziyadnz|hourly,2026-08-17T18:48:05Z,2026-08-17T18:48:05Z,
23.95.206.162,ipv4,malicious-ip,medium,WHITE,ziyadnz/hourly-ipv4,ziyadnz|hourly,2026-08-17T18:48:05Z,2026-08-17T18:48:05Z,
23.95.214.29,ipv4,malicious-ip,medium,WHITE,ziyadnz/hourly-ipv4,ziyadnz|hourly,2026-08-17T18:48:05Z,2026-08-17T18:48:05Z,
23.95.235.22,ipv4,malicious-ip,medium,WHITE,ziyadnz/hourly-ipv4,ziyadnz|hourly,2026-08-17T18:48:05Z,2026-08-17T18:48:05Z,
23.95.248.48,ipv4,malicious-ip,medium,WHITE,ziyadnz/hourly-ipv4,ziyadnz|hourly,2026-08-17T18:48:05Z,2026-08-17T18:48:05Z,
23.95.31.116,ipv4,malicious-ip,medium,WHITE,ziyadnz/hourly-ipv4,ziyadnz|hourly,2026-08-17T18:48:05Z,2026-08-17T18:48:05Z,
23.95.35.41,ipv4,malicious-ip,medium,WHITE,ziyadnz/hourly-ipv4,ziyadnz|hourly,2026-08-17T18:48:05Z,2026-08-17T18:48:05Z,
23.95.44.80,ipv4,malicious-ip,medium,WHITE,ziyadnz/hourly-ipv4,ziyadnz|hourly,2026-08-17T18:48:05Z,2026-08-17T18:48:05Z,
23.95.50.198,ipv4,malicious-ip,medium,WHITE,ziyadnz/hourly-ipv4,ziyadnz|hourly,2026-08-17T18:48:05Z,2026-08-17T18:48:05Z,
23.95.8.100,ipv4,malicious-ip,medium,WHITE,ziyadnz/hourly-ipv4,ziyadnz|hourly,2026-08-17T18:48:05Z,2026-08-17T18:48:05Z,
23.97.62.112,ipv4,malicious-ip,medium,WHITE,ziyadnz/hourly-ipv4,ziyadnz|hourly,2026-08-17T18:48:05Z,2026-08-17T18:48:05Z,
23.97.62.146,ipv4,malicious-ip,medium,WHITE,ziyadnz/hourly-ipv4,ziyadnz|hourly,2026-08-17T18:48:05Z,2026-08-17T18:48:05Z,
23.98.177.152,ipv4,malicious-ip,medium,WHITE,ziyadnz/hourly-ipv4,ziyadnz|hourly,2026-08-17T18:48:05Z,2026-08-17T18:48:05Z,
23.99.130.35,ipv4,malicious-ip,medium,WHITE,ziyadnz/hourly-ipv4,ziyadnz|hourly,2026-08-17T18:48:05Z,2026-08-17T18:48:05Z,
24.104.192.251,ipv4,malicious-ip,medium,WHITE,ziyadnz/hourly-ipv4,ziyadnz|hourly,2026-08-17T18:48:05Z,2026-08-17T18:48:05Z,
24.104.225.201,ipv4,malicious-ip,medium,WHITE,ziyadnz/hourly-ipv4,ziyadnz|hourly,2026-08-17T18:48:05Z,2026-08-17T18:48:05Z,
24.107.145.152,ipv4,malicious-ip,medium,WHITE,ziyadnz/hourly-ipv4,ziyadnz|hourly,2026-08-17T18:48:05Z,2026-08-17T18:48:05Z,
24.109.1.130,ipv4,malicious-ip,medium,WHITE,ziyadnz/hourly-ipv4,ziyadnz|hourly,2026-08-17T18:48:05Z,2026-08-17T18:48:05Z,
24.111.174.110,ipv4,malicious-ip,medium,WHITE,ziyadnz/hourly-ipv4,ziyadnz|hourly,2026-08-17T18:48:05Z,2026-08-17T18:48:05Z,
24.111.227.52,ipv4,malicious-ip,medium,WHITE,ziyadnz/hourly-ipv4,ziyadnz|hourly,2026-08-17T18:48:05Z,2026-08-17T18:48:05Z,
24.115.42.124,ipv4,malicious-ip,medium,WHITE,ziyadnz/hourly-ipv4,ziyadnz|hourly,2026-08-17T18:48:05Z,2026-08-17T18:48:05Z,
24.118.142.76,ipv4,malicious-ip,medium,WHITE,ziyadnz/hourly-ipv4,ziyadnz|hourly,2026-08-17T18:48:05Z,2026-08-17T18:48:05Z,
24.12.253.2,ipv4,malicious-ip,medium,WHITE,ziyadnz/hourly-ipv4,ziyadnz|hourly,2026-08-17T18:48:05Z,2026-08-17T18:48:05Z,
24.122.230.252,ipv4,malicious-ip,medium,WHITE,ziyadnz/hourly-ipv4,ziyadnz|hourly,2026-08-17T18:48:05Z,2026-08-17T18:48:05Z,
24.123.244.130,ipv4,malicious-ip,medium,WHITE,ziyadnz/hourly-ipv4,ziyadnz|hourly,2026-08-17T18:48:05Z,2026-08-17T18:48:05Z,
24.125.13.171,ipv4,malicious-ip,medium,WHITE,ziyadnz/hourly-ipv4,ziyadnz|hourly,2026-08-17T18:48:05Z,2026-08-17T18:48:05Z,
24.127.162.112,ipv4,malicious-ip,medium,WHITE,ziyadnz/hourly-ipv4,ziyadnz|hourly,2026-08-17T18:48:05Z,2026-08-17T18:48:05Z,
24.13.8.164,ipv4,malicious-ip,medium,WHITE,ziyadnz/hourly-ipv4,ziyadnz|hourly,2026-08-17T18:48:05Z,2026-08-17T18:48:05Z,
24.130.254.164,ipv4,malicious-ip,medium,WHITE,ziyadnz/hourly-ipv4,ziyadnz|hourly,2026-08-17T18:48:05Z,2026-08-17T18:48:05Z,
24.131.215.165,ipv4,malicious-ip,medium,WHITE,ziyadnz/hourly-ipv4,ziyadnz|hourly,2026-08-17T18:48:05Z,2026-08-17T18:48:05Z,
24.135.219.185,ipv4,malicious-ip,medium,WHITE,ziyadnz/hourly-ipv4,ziyadnz|hourly,2026-08-17T18:48:05Z,2026-08-17T18:48:05Z,
24.136.29.233,ipv4,malicious-ip,medium,WHITE,ziyadnz/hourly-ipv4,ziyadnz|hourly,2026-08-17T18:48:05Z,2026-08-17T18:48:05Z,
24.137.45.234,ipv4,malicious-ip,medium,WHITE,ziyadnz/hourly-ipv4,ziyadnz|hourly,2026-08-17T18:48:05Z,2026-08-17T18:48:05Z,
24.137.45.53,ipv4,malicious-ip,medium,WHITE,ziyadnz/hourly-ipv4,ziyadnz|hourly,2026-08-17T18:48:05Z,2026-08-17T18:48:05Z,
24.137.47.204,ipv4,malicious-ip,medium,WHITE,ziyadnz/hourly-ipv4,ziyadnz|hourly,2026-08-17T18:48:05Z,2026-08-17T18:48:05Z,
24.139.32.206,ipv4,malicious-ip,medium,WHITE,ziyadnz/hourly-ipv4,ziyadnz|hourly,2026-08-17T18:48:05Z,2026-08-17T18:48:05Z,
24.140.136.20,ipv4,malicious-ip,medium,WHITE,ziyadnz/hourly-ipv4,ziyadnz|hourly,2026-08-17T18:48:05Z,2026-08-17T18:48:05Z,
24.142.165.2,ipv4,malicious-ip,medium,WHITE,ziyadnz/hourly-ipv4,ziyadnz|hourly,2026-08-17T18:48:05Z,2026-08-17T18:48:05Z,
24.144.104.83,ipv4,malicious-ip,medium,WHITE,ziyadnz/hourly-ipv4,ziyadnz|hourly,2026-08-17T18:48:05Z,2026-08-17T18:48:05Z,
24.144.114.246,ipv4,malicious-ip,medium,WHITE,ziyadnz/hourly-ipv4,ziyadnz|hourly,2026-08-17T18:48:05Z,2026-08-17T18:48:05Z,
24.144.114.85,ipv4,malicious-ip,medium,WHITE,ziyadnz/hourly-ipv4,ziyadnz|hourly,2026-08-17T18:48:05Z,2026-08-17T18:48:05Z,
24.144.120.29,ipv4,malicious-ip,medium,WHITE,ziyadnz/hourly-ipv4,ziyadnz|hourly,2026-08-17T18:48:05Z,2026-08-17T18:48:05Z,
24.144.126.12,ipv4,malicious-ip,medium,WHITE,ziyadnz/hourly-ipv4,ziyadnz|hourly,2026-08-17T18:48:05Z,2026-08-17T18:48:05Z,
24.144.81.106,ipv4,malicious-ip,medium,WHITE,ziyadnz/hourly-ipv4,ziyadnz|hourly,2026-08-17T18:48:05Z,2026-08-17T18:48:05Z,
24.144.81.99,ipv4,malicious-ip,medium,WHITE,ziyadnz/hourly-ipv4,ziyadnz|hourly,2026-08-17T18:48:05Z,2026-08-17T18:48:05Z,
24.144.82.155,ipv4,malicious-ip,medium,WHITE,ziyadnz/hourly-ipv4,ziyadnz|hourly,2026-08-17T18:48:05Z,2026-08-17T18:48:05Z,
24.144.84.8,ipv4,malicious-ip,medium,WHITE,ziyadnz/hourly-ipv4,ziyadnz|hourly,2026-08-17T18:48:05Z,2026-08-17T18:48:05Z,
24.144.86.188,ipv4,malicious-ip,medium,WHITE,ziyadnz/hourly-ipv4,ziyadnz|hourly,2026-08-17T18:48:05Z,2026-08-17T18:48:05Z,
24.144.87.14,ipv4,malicious-ip,medium,WHITE,ziyadnz/hourly-ipv4,ziyadnz|hourly,2026-08-17T18:48:05Z,2026-08-17T18:48:05Z,
24.144.88.227,ipv4,malicious-ip,medium,WHITE,ziyadnz/hourly-ipv4,ziyadnz|hourly,2026-08-17T18:48:05Z,2026-08-17T18:48:05Z,
24.144.90.55,ipv4,malicious-ip,medium,WHITE,ziyadnz/hourly-ipv4,ziyadnz|hourly,2026-08-17T18:48:05Z,2026-08-17T18:48:05Z,
24.144.91.67,ipv4,malicious-ip,medium,WHITE,ziyadnz/hourly-ipv4,ziyadnz|hourly,2026-08-17T18:48:05Z,2026-08-17T18:48:05Z,
24.144.94.195,ipv4,malicious-ip,medium,WHITE,ziyadnz/hourly-ipv4,ziyadnz|hourly,2026-08-17T18:48:05Z,2026-08-17T18:48:05Z,
24.144.96.15,ipv4,malicious-ip,medium,WHITE,ziyadnz/hourly-ipv4,ziyadnz|hourly,2026-08-17T18:48:05Z,2026-08-17T18:48:05Z,
24.147.241.133,ipv4,malicious-ip,medium,WHITE,ziyadnz/hourly-ipv4,ziyadnz|hourly,2026-08-17T18:48:05Z,2026-08-17T18:48:05Z,
24.15.5.126,ipv4,malicious-ip,medium,WHITE,ziyadnz/hourly-ipv4,ziyadnz|hourly,2026-08-17T18:48:05Z,2026-08-17T18:48:05Z,
24.15.74.210,ipv4,malicious-ip,medium,WHITE,ziyadnz/hourly-ipv4,ziyadnz|hourly,2026-08-17T18:48:05Z,2026-08-17T18:48:05Z,
24.150.233.22,ipv4,malicious-ip,medium,WHITE,ziyadnz/hourly-ipv4,ziyadnz|hourly,2026-08-17T18:48:05Z,2026-08-17T18:48:05Z,
24.152.119.54,ipv4,malicious-ip,medium,WHITE,ziyadnz/hourly-ipv4,ziyadnz|hourly,2026-08-17T18:48:05Z,2026-08-17T18:48:05Z,
24.152.155.26,ipv4,malicious-ip,medium,WHITE,ziyadnz/hourly-ipv4,ziyadnz|hourly,2026-08-17T18:48:05Z,2026-08-17T18:48:05Z,
24.152.18.100,ipv4,malicious-ip,medium,WHITE,ziyadnz/hourly-ipv4,ziyadnz|hourly,2026-08-17T18:48:05Z,2026-08-17T18:48:05Z,
24.152.36.241,ipv4,malicious-ip,medium,WHITE,ziyadnz/hourly-ipv4,ziyadnz|hourly,2026-08-17T18:48:05Z,2026-08-17T18:48:05Z,
24.152.37.60,ipv4,malicious-ip,medium,WHITE,ziyadnz/hourly-ipv4,ziyadnz|hourly,2026-08-17T18:48:05Z,2026-08-17T18:48:05Z,
24.152.40.233,ipv4,malicious-ip,medium,WHITE,ziyadnz/hourly-ipv4,ziyadnz|hourly,2026-08-17T18:48:05Z,2026-08-17T18:48:05Z,
24.152.50.60,ipv4,malicious-ip,medium,WHITE,ziyadnz/hourly-ipv4,ziyadnz|hourly,2026-08-17T18:48:05Z,2026-08-17T18:48:05Z,
24.152.63.230,ipv4,malicious-ip,medium,WHITE,ziyadnz/hourly-ipv4,ziyadnz|hourly,2026-08-17T18:48:05Z,2026-08-17T18:48:05Z,
24.152.81.146,ipv4,malicious-ip,medium,WHITE,ziyadnz/hourly-ipv4,ziyadnz|hourly,2026-08-17T18:48:05Z,2026-08-17T18:48:05Z,
24.152.81.150,ipv4,malicious-ip,medium,WHITE,ziyadnz/hourly-ipv4,ziyadnz|hourly,2026-08-17T18:48:05Z,2026-08-17T18:48:05Z,
24.152.97.98,ipv4,malicious-ip,medium,WHITE,ziyadnz/hourly-ipv4,ziyadnz|hourly,2026-08-17T18:48:05Z,2026-08-17T18:48:05Z,
24.158.115.145,ipv4,malicious-ip,medium,WHITE,ziyadnz/hourly-ipv4,ziyadnz|hourly,2026-08-17T18:48:05Z,2026-08-17T18:48:05Z,
24.158.209.168,ipv4,malicious-ip,medium,WHITE,ziyadnz/hourly-ipv4,ziyadnz|hourly,2026-08-17T18:48:05Z,2026-08-17T18:48:05Z,
24.158.23.166,ipv4,malicious-ip,medium,WHITE,ziyadnz/hourly-ipv4,ziyadnz|hourly,2026-08-17T18:48:05Z,2026-08-17T18:48:05Z,
24.160.91.156,ipv4,malicious-ip,medium,WHITE,ziyadnz/hourly-ipv4,ziyadnz|hourly,2026-08-17T18:48:05Z,2026-08-17T18:48:05Z,
24.164.26.172,ipv4,malicious-ip,medium,WHITE,ziyadnz/hourly-ipv4,ziyadnz|hourly,2026-08-17T18:48:05Z,2026-08-17T18:48:05Z,
24.175.234.167,ipv4,malicious-ip,medium,WHITE,ziyadnz/hourly-ipv4,ziyadnz|hourly,2026-08-17T18:48:05Z,2026-08-17T18:48:05Z,
24.175.252.30,ipv4,malicious-ip,medium,WHITE,ziyadnz/hourly-ipv4,ziyadnz|hourly,2026-08-17T18:48:05Z,2026-08-17T18:48:05Z,
24.178.8.157,ipv4,malicious-ip,medium,WHITE,ziyadnz/hourly-ipv4,ziyadnz|hourly,2026-08-17T18:48:05Z,2026-08-17T18:48:05Z,
24.179.110.26,ipv4,malicious-ip,medium,WHITE,ziyadnz/hourly-ipv4,ziyadnz|hourly,2026-08-17T18:48:05Z,2026-08-17T18:48:05Z,
24.18.106.212,ipv4,malicious-ip,medium,WHITE,ziyadnz/hourly-ipv4,ziyadnz|hourly,2026-08-17T18:48:05Z,2026-08-17T18:48:05Z,
24.181.69.247,ipv4,malicious-ip,medium,WHITE,ziyadnz/hourly-ipv4,ziyadnz|hourly,2026-08-17T18:48:05Z,2026-08-17T18:48:05Z,
24.187.213.29,ipv4,malicious-ip,medium,WHITE,ziyadnz/hourly-ipv4,ziyadnz|hourly,2026-08-17T18:48:05Z,2026-08-17T18:48:05Z,
24.187.54.175,ipv4,malicious-ip,medium,WHITE,ziyadnz/hourly-ipv4,ziyadnz|hourly,2026-08-17T18:48:05Z,2026-08-17T18:48:05Z,
24.19.160.116,ipv4,malicious-ip,medium,WHITE,ziyadnz/hourly-ipv4,ziyadnz|hourly,2026-08-17T18:48:05Z,2026-08-17T18:48:05Z,
24.190.11.236,ipv4,malicious-ip,medium,WHITE,ziyadnz/hourly-ipv4,ziyadnz|hourly,2026-08-17T18:48:05Z,2026-08-17T18:48:05Z,
24.192.76.79,ipv4,malicious-ip,medium,WHITE,ziyadnz/hourly-ipv4,ziyadnz|hourly,2026-08-17T18:48:05Z,2026-08-17T18:48:05Z,
24.192.97.3,ipv4,malicious-ip,medium,WHITE,ziyadnz/hourly-ipv4,ziyadnz|hourly,2026-08-17T18:48:05Z,2026-08-17T18:48:05Z,
24.193.147.183,ipv4,malicious-ip,medium,WHITE,ziyadnz/hourly-ipv4,ziyadnz|hourly,2026-08-17T18:48:05Z,2026-08-17T18:48:05Z,
24.196.19.22,ipv4,malicious-ip,medium,WHITE,ziyadnz/hourly-ipv4,ziyadnz|hourly,2026-08-17T18:48:05Z,2026-08-17T18:48:05Z,
24.197.189.13,ipv4,malicious-ip,medium,WHITE,ziyadnz/hourly-ipv4,ziyadnz|hourly,2026-08-17T18:48:05Z,2026-08-17T18:48:05Z,
24.198.174.79,ipv4,malicious-ip,medium,WHITE,ziyadnz/hourly-ipv4,ziyadnz|hourly,2026-08-17T18:48:05Z,2026-08-17T18:48:05Z,
24.199.106.100,ipv4,malicious-ip,medium,WHITE,ziyadnz/hourly-ipv4,ziyadnz|hourly,2026-08-17T18:48:05Z,2026-08-17T18:48:05Z,
24.199.107.51,ipv4,malicious-ip,medium,WHITE,ziyadnz/hourly-ipv4,ziyadnz|hourly,2026-08-17T18:48:05Z,2026-08-17T18:48:05Z,
24.199.111.169,ipv4,malicious-ip,medium,WHITE,ziyadnz/hourly-ipv4,ziyadnz|hourly,2026-08-17T18:48:05Z,2026-08-17T18:48:05Z,
24.199.116.59,ipv4,malicious-ip,medium,WHITE,ziyadnz/hourly-ipv4,ziyadnz|hourly,2026-08-17T18:48:05Z,2026-08-17T18:48:05Z,
24.199.124.103,ipv4,malicious-ip,medium,WHITE,ziyadnz/hourly-ipv4,ziyadnz|hourly,2026-08-17T18:48:05Z,2026-08-17T18:48:05Z,
24.199.124.22,ipv4,malicious-ip,medium,WHITE,ziyadnz/hourly-ipv4,ziyadnz|hourly,2026-08-17T18:48:05Z,2026-08-17T18:48:05Z,
24.199.126.56,ipv4,malicious-ip,medium,WHITE,ziyadnz/hourly-ipv4,ziyadnz|hourly,2026-08-17T18:48:05Z,2026-08-17T18:48:05Z,
24.199.83.208,ipv4,malicious-ip,medium,WHITE,ziyadnz/hourly-ipv4,ziyadnz|hourly,2026-08-17T18:48:05Z,2026-08-17T18:48:05Z,
24.199.83.229,ipv4,malicious-ip,medium,WHITE,ziyadnz/hourly-ipv4,ziyadnz|hourly,2026-08-17T18:48:05Z,2026-08-17T18:48:05Z,
24.199.86.179,ipv4,malicious-ip,medium,WHITE,ziyadnz/hourly-ipv4,ziyadnz|hourly,2026-08-17T18:48:05Z,2026-08-17T18:48:05Z,
24.199.88.4,ipv4,malicious-ip,medium,WHITE,ziyadnz/hourly-ipv4,ziyadnz|hourly,2026-08-17T18:48:05Z,2026-08-17T18:48:05Z,
24.199.90.58,ipv4,malicious-ip,medium,WHITE,ziyadnz/hourly-ipv4,ziyadnz|hourly,2026-08-17T18:48:05Z,2026-08-17T18:48:05Z,
24.199.94.176,ipv4,malicious-ip,medium,WHITE,ziyadnz/hourly-ipv4,ziyadnz|hourly,2026-08-17T18:48:05Z,2026-08-17T18:48:05Z,
24.199.96.139,ipv4,malicious-ip,medium,WHITE,ziyadnz/hourly-ipv4,ziyadnz|hourly,2026-08-17T18:48:05Z,2026-08-17T18:48:05Z,
24.199.96.223,ipv4,malicious-ip,medium,WHITE,ziyadnz/hourly-ipv4,ziyadnz|hourly,2026-08-17T18:48:05Z,2026-08-17T18:48:05Z,
24.199.98.128,ipv4,malicious-ip,medium,WHITE,ziyadnz/hourly-ipv4,ziyadnz|hourly,2026-08-17T18:48:05Z,2026-08-17T18:48:05Z,
24.199.98.186,ipv4,malicious-ip,medium,WHITE,ziyadnz/hourly-ipv4,ziyadnz|hourly,2026-08-17T18:48:05Z,2026-08-17T18:48:05Z,
24.199.98.33,ipv4,malicious-ip,medium,WHITE,ziyadnz/hourly-ipv4,ziyadnz|hourly,2026-08-17T18:48:05Z,2026-08-17T18:48:05Z,
24.200.21.41,ipv4,malicious-ip,medium,WHITE,ziyadnz/hourly-ipv4,ziyadnz|hourly,2026-08-17T18:48:05Z,2026-08-17T18:48:05Z,
24.201.198.90,ipv4,malicious-ip,medium,WHITE,ziyadnz/hourly-ipv4,ziyadnz|hourly,2026-08-17T18:48:05Z,2026-08-17T18:48:05Z,
24.202.146.185,ipv4,malicious-ip,medium,WHITE,ziyadnz/hourly-ipv4,ziyadnz|hourly,2026-08-17T18:48:05Z,2026-08-17T18:48:05Z,
24.202.153.107,ipv4,malicious-ip,medium,WHITE,ziyadnz/hourly-ipv4,ziyadnz|hourly,2026-08-17T18:48:05Z,2026-08-17T18:48:05Z,
24.210.87.206,ipv4,malicious-ip,medium,WHITE,ziyadnz/hourly-ipv4,ziyadnz|hourly,2026-08-17T18:48:05Z,2026-08-17T18:48:05Z,
24.212.225.54,ipv4,malicious-ip,medium,WHITE,ziyadnz/hourly-ipv4,ziyadnz|hourly,2026-08-17T18:48:05Z,2026-08-17T18:48:05Z,
24.212.56.34,ipv4,malicious-ip,medium,WHITE,ziyadnz/hourly-ipv4,ziyadnz|hourly,2026-08-17T18:48:05Z,2026-08-17T18:48:05Z,
24.214.251.91,ipv4,malicious-ip,medium,WHITE,ziyadnz/hourly-ipv4,ziyadnz|hourly,2026-08-17T18:48:05Z,2026-08-17T18:48:05Z,
24.217.103.13,ipv4,malicious-ip,medium,WHITE,ziyadnz/hourly-ipv4,ziyadnz|hourly,2026-08-17T18:48:05Z,2026-08-17T18:48:05Z,
24.220.110.56,ipv4,malicious-ip,medium,WHITE,ziyadnz/hourly-ipv4,ziyadnz|hourly,2026-08-17T18:48:05Z,2026-08-17T18:48:05Z,
24.224.110.35,ipv4,malicious-ip,medium,WHITE,ziyadnz/hourly-ipv4,ziyadnz|hourly,2026-08-17T18:48:05Z,2026-08-17T18:48:05Z,
24.229.201.49,ipv4,malicious-ip,medium,WHITE,ziyadnz/hourly-ipv4,ziyadnz|hourly,2026-08-17T18:48:05Z,2026-08-17T18:48:05Z,
24.23.65.1,ipv4,malicious-ip,medium,WHITE,ziyadnz/hourly-ipv4,ziyadnz|hourly,2026-08-17T18:48:05Z,2026-08-17T18:48:05Z,
24.231.22.31,ipv4,malicious-ip,medium,WHITE,ziyadnz/hourly-ipv4,ziyadnz|hourly,2026-08-17T18:48:05Z,2026-08-17T18:48:05Z,
24.232.153.182,ipv4,malicious-ip,medium,WHITE,ziyadnz/hourly-ipv4,ziyadnz|hourly,2026-08-17T18:48:05Z,2026-08-17T18:48:05Z,
24.232.28.147,ipv4,malicious-ip,medium,WHITE,ziyadnz/hourly-ipv4,ziyadnz|hourly,2026-08-17T18:48:05Z,2026-08-17T18:48:05Z,
24.233.0.101,ipv4,malicious-ip,medium,WHITE,ziyadnz/hourly-ipv4,ziyadnz|hourly,2026-08-17T18:48:05Z,2026-08-17T18:48:05Z,
24.233.0.36,ipv4,malicious-ip,medium,WHITE,ziyadnz/hourly-ipv4,ziyadnz|hourly,2026-08-17T18:48:05Z,2026-08-17T18:48:05Z,
24.233.3.73,ipv4,malicious-ip,medium,WHITE,ziyadnz/hourly-ipv4,ziyadnz|hourly,2026-08-17T18:48:05Z,2026-08-17T18:48:05Z,
24.234.135.71,ipv4,malicious-ip,medium,WHITE,ziyadnz/hourly-ipv4,ziyadnz|hourly,2026-08-17T18:48:05Z,2026-08-17T18:48:05Z,
24.234.157.122,ipv4,malicious-ip,medium,WHITE,ziyadnz/hourly-ipv4,ziyadnz|hourly,2026-08-17T18:48:05Z,2026-08-17T18:48:05Z,
24.234.202.117,ipv4,malicious-ip,medium,WHITE,ziyadnz/hourly-ipv4,ziyadnz|hourly,2026-08-17T18:48:05Z,2026-08-17T18:48:05Z,
24.234.225.76,ipv4,malicious-ip,medium,WHITE,ziyadnz/hourly-ipv4,ziyadnz|hourly,2026-08-17T18:48:05Z,2026-08-17T18:48:05Z,
24.234.239.13,ipv4,malicious-ip,medium,WHITE,ziyadnz/hourly-ipv4,ziyadnz|hourly,2026-08-17T18:48:05Z,2026-08-17T18:48:05Z,
24.237.6.67,ipv4,malicious-ip,medium,WHITE,ziyadnz/hourly-ipv4,ziyadnz|hourly,2026-08-17T18:48:05Z,2026-08-17T18:48:05Z,
24.238.85.105,ipv4,malicious-ip,medium,WHITE,ziyadnz/hourly-ipv4,ziyadnz|hourly,2026-08-17T18:48:05Z,2026-08-17T18:48:05Z,
24.242.232.211,ipv4,malicious-ip,medium,WHITE,ziyadnz/hourly-ipv4,ziyadnz|hourly,2026-08-17T18:48:05Z,2026-08-17T18:48:05Z,
24.242.93.122,ipv4,malicious-ip,medium,WHITE,ziyadnz/hourly-ipv4,ziyadnz|hourly,2026-08-17T18:48:05Z,2026-08-17T18:48:05Z,
24.244.92.212,ipv4,malicious-ip,medium,WHITE,ziyadnz/hourly-ipv4,ziyadnz|hourly,2026-08-17T18:48:05Z,2026-08-17T18:48:05Z,
24.245.133.224,ipv4,malicious-ip,medium,WHITE,ziyadnz/hourly-ipv4,ziyadnz|hourly,2026-08-17T18:48:05Z,2026-08-17T18:48:05Z,
24.246.190.43,ipv4,malicious-ip,medium,WHITE,ziyadnz/hourly-ipv4,ziyadnz|hourly,2026-08-17T18:48:05Z,2026-08-17T18:48:05Z,
24.249.199.12,ipv4,malicious-ip,medium,WHITE,ziyadnz/hourly-ipv4,ziyadnz|hourly,2026-08-17T18:48:05Z,2026-08-17T18:48:05Z,
24.251.161.219,ipv4,malicious-ip,medium,WHITE,ziyadnz/hourly-ipv4,ziyadnz|hourly,2026-08-17T18:48:05Z,2026-08-17T18:48:05Z,
24.253.123.211,ipv4,malicious-ip,medium,WHITE,ziyadnz/hourly-ipv4,ziyadnz|hourly,2026-08-17T18:48:05Z,2026-08-17T18:48:05Z,
24.33.55.127,ipv4,malicious-ip,medium,WHITE,ziyadnz/hourly-ipv4,ziyadnz|hourly,2026-08-17T18:48:05Z,2026-08-17T18:48:05Z,
24.36.189.207,ipv4,malicious-ip,medium,WHITE,ziyadnz/hourly-ipv4,ziyadnz|hourly,2026-08-17T18:48:05Z,2026-08-17T18:48:05Z,
24.36.255.67,ipv4,malicious-ip,medium,WHITE,ziyadnz/hourly-ipv4,ziyadnz|hourly,2026-08-17T18:48:05Z,2026-08-17T18:48:05Z,
24.37.227.130,ipv4,malicious-ip,medium,WHITE,ziyadnz/hourly-ipv4,ziyadnz|hourly,2026-08-17T18:48:05Z,2026-08-17T18:48:05Z,
24.37.254.66,ipv4,malicious-ip,medium,WHITE,ziyadnz/hourly-ipv4,ziyadnz|hourly,2026-08-17T18:48:05Z,2026-08-17T18:48:05Z,
24.41.187.135,ipv4,malicious-ip,medium,WHITE,ziyadnz/hourly-ipv4,ziyadnz|hourly,2026-08-17T18:48:05Z,2026-08-17T18:48:05Z,
24.43.161.211,ipv4,malicious-ip,medium,WHITE,ziyadnz/hourly-ipv4,ziyadnz|hourly,2026-08-17T18:48:05Z,2026-08-17T18:48:05Z,
24.43.161.216,ipv4,malicious-ip,medium,WHITE,ziyadnz/hourly-ipv4,ziyadnz|hourly,2026-08-17T18:48:05Z,2026-08-17T18:48:05Z,
24.43.161.222,ipv4,malicious-ip,medium,WHITE,ziyadnz/hourly-ipv4,ziyadnz|hourly,2026-08-17T18:48:05Z,2026-08-17T18:48:05Z,
24.45.208.86,ipv4,malicious-ip,medium,WHITE,ziyadnz/hourly-ipv4,ziyadnz|hourly,2026-08-17T18:48:05Z,2026-08-17T18:48:05Z,
24.46.241.244,ipv4,malicious-ip,medium,WHITE,ziyadnz/hourly-ipv4,ziyadnz|hourly,2026-08-17T18:48:05Z,2026-08-17T18:48:05Z,
24.46.242.125,ipv4,malicious-ip,medium,WHITE,ziyadnz/hourly-ipv4,ziyadnz|hourly,2026-08-17T18:48:05Z,2026-08-17T18:48:05Z,
24.47.192.100,ipv4,malicious-ip,medium,WHITE,ziyadnz/hourly-ipv4,ziyadnz|hourly,2026-08-17T18:48:05Z,2026-08-17T18:48:05Z,
24.47.243.113,ipv4,malicious-ip,medium,WHITE,ziyadnz/hourly-ipv4,ziyadnz|hourly,2026-08-17T18:48:05Z,2026-08-17T18:48:05Z,
24.49.217.14,ipv4,malicious-ip,medium,WHITE,ziyadnz/hourly-ipv4,ziyadnz|hourly,2026-08-17T18:48:05Z,2026-08-17T18:48:05Z,
24.49.232.96,ipv4,malicious-ip,medium,WHITE,ziyadnz/hourly-ipv4,ziyadnz|hourly,2026-08-17T18:48:05Z,2026-08-17T18:48:05Z,
24.5.173.177,ipv4,malicious-ip,medium,WHITE,ziyadnz/hourly-ipv4,ziyadnz|hourly,2026-08-17T18:48:05Z,2026-08-17T18:48:05Z,
24.50.227.191,ipv4,malicious-ip,medium,WHITE,ziyadnz/hourly-ipv4,ziyadnz|hourly,2026-08-17T18:48:05Z,2026-08-17T18:48:05Z,
24.54.48.11,ipv4,malicious-ip,medium,WHITE,ziyadnz/hourly-ipv4,ziyadnz|hourly,2026-08-17T18:48:05Z,2026-08-17T18:48:05Z,
24.6.144.43,ipv4,malicious-ip,medium,WHITE,ziyadnz/hourly-ipv4,ziyadnz|hourly,2026-08-17T18:48:05Z,2026-08-17T18:48:05Z,
24.60.122.11,ipv4,malicious-ip,medium,WHITE,ziyadnz/hourly-ipv4,ziyadnz|hourly,2026-08-17T18:48:05Z,2026-08-17T18:48:05Z,
24.62.198.196,ipv4,malicious-ip,medium,WHITE,ziyadnz/hourly-ipv4,ziyadnz|hourly,2026-08-17T18:48:05Z,2026-08-17T18:48:05Z,
24.63.76.249,ipv4,malicious-ip,medium,WHITE,ziyadnz/hourly-ipv4,ziyadnz|hourly,2026-08-17T18:48:05Z,2026-08-17T18:48:05Z,
24.64.114.59,ipv4,malicious-ip,medium,WHITE,ziyadnz/hourly-ipv4,ziyadnz|hourly,2026-08-17T18:48:05Z,2026-08-17T18:48:05Z,
24.64.129.217,ipv4,malicious-ip,medium,WHITE,ziyadnz/hourly-ipv4,ziyadnz|hourly,2026-08-17T18:48:05Z,2026-08-17T18:48:05Z,
24.67.45.207,ipv4,malicious-ip,medium,WHITE,ziyadnz/hourly-ipv4,ziyadnz|hourly,2026-08-17T18:48:05Z,2026-08-17T18:48:05Z,
24.69.189.139,ipv4,malicious-ip,medium,WHITE,ziyadnz/hourly-ipv4,ziyadnz|hourly,2026-08-17T18:48:05Z,2026-08-17T18:48:05Z,
24.72.29.49,ipv4,malicious-ip,medium,WHITE,ziyadnz/hourly-ipv4,ziyadnz|hourly,2026-08-17T18:48:05Z,2026-08-17T18:48:05Z,
24.76.172.191,ipv4,malicious-ip,medium,WHITE,ziyadnz/hourly-ipv4,ziyadnz|hourly,2026-08-17T18:48:05Z,2026-08-17T18:48:05Z,
24.77.115.16,ipv4,malicious-ip,medium,WHITE,ziyadnz/hourly-ipv4,ziyadnz|hourly,2026-08-17T18:48:05Z,2026-08-17T18:48:05Z,
24.77.77.1,ipv4,malicious-ip,medium,WHITE,ziyadnz/hourly-ipv4,ziyadnz|hourly,2026-08-17T18:48:05Z,2026-08-17T18:48:05Z,
24.78.143.131,ipv4,malicious-ip,medium,WHITE,ziyadnz/hourly-ipv4,ziyadnz|hourly,2026-08-17T18:48:05Z,2026-08-17T18:48:05Z,
24.79.181.65,ipv4,malicious-ip,medium,WHITE,ziyadnz/hourly-ipv4,ziyadnz|hourly,2026-08-17T18:48:05Z,2026-08-17T18:48:05Z,
24.80.12.239,ipv4,malicious-ip,medium,WHITE,ziyadnz/hourly-ipv4,ziyadnz|hourly,2026-08-17T18:48:05Z,2026-08-17T18:48:05Z,
24.83.200.235,ipv4,malicious-ip,medium,WHITE,ziyadnz/hourly-ipv4,ziyadnz|hourly,2026-08-17T18:48:05Z,2026-08-17T18:48:05Z,
24.84.30.89,ipv4,malicious-ip,medium,WHITE,ziyadnz/hourly-ipv4,ziyadnz|hourly,2026-08-17T18:48:05Z,2026-08-17T18:48:05Z,
24.85.200.177,ipv4,malicious-ip,medium,WHITE,ziyadnz/hourly-ipv4,ziyadnz|hourly,2026-08-17T18:48:05Z,2026-08-17T18:48:05Z,
24.88.151.49,ipv4,malicious-ip,medium,WHITE,ziyadnz/hourly-ipv4,ziyadnz|hourly,2026-08-17T18:48:05Z,2026-08-17T18:48:05Z,
24.88.204.150,ipv4,malicious-ip,medium,WHITE,ziyadnz/hourly-ipv4,ziyadnz|hourly,2026-08-17T18:48:05Z,2026-08-17T18:48:05Z,
24.88.237.41,ipv4,malicious-ip,medium,WHITE,ziyadnz/hourly-ipv4,ziyadnz|hourly,2026-08-17T18:48:05Z,2026-08-17T18:48:05Z,
24.88.242.17,ipv4,malicious-ip,medium,WHITE,ziyadnz/hourly-ipv4,ziyadnz|hourly,2026-08-17T18:48:05Z,2026-08-17T18:48:05Z,
24.88.87.29,ipv4,malicious-ip,medium,WHITE,ziyadnz/hourly-ipv4,ziyadnz|hourly,2026-08-17T18:48:05Z,2026-08-17T18:48:05Z,
24.9.18.85,ipv4,malicious-ip,medium,WHITE,ziyadnz/hourly-ipv4,ziyadnz|hourly,2026-08-17T18:48:05Z,2026-08-17T18:48:05Z,
24.90.122.168,ipv4,malicious-ip,medium,WHITE,ziyadnz/hourly-ipv4,ziyadnz|hourly,2026-08-17T18:48:05Z,2026-08-17T18:48:05Z,
24.90.130.43,ipv4,malicious-ip,medium,WHITE,ziyadnz/hourly-ipv4,ziyadnz|hourly,2026-08-17T18:48:05Z,2026-08-17T18:48:05Z,
24.94.181.216,ipv4,malicious-ip,medium,WHITE,ziyadnz/hourly-ipv4,ziyadnz|hourly,2026-08-17T18:48:05Z,2026-08-17T18:48:05Z,
24.95.128.170,ipv4,malicious-ip,medium,WHITE,ziyadnz/hourly-ipv4,ziyadnz|hourly,2026-08-17T18:48:05Z,2026-08-17T18:48:05Z,
24.96.14.46,ipv4,malicious-ip,medium,WHITE,ziyadnz/hourly-ipv4,ziyadnz|hourly,2026-08-17T18:48:05Z,2026-08-17T18:48:05Z,
26.226.113.195,ipv4,malicious-ip,medium,WHITE,ziyadnz/hourly-ipv4,ziyadnz|hourly,2026-08-17T18:48:05Z,2026-08-17T18:48:05Z,
27.0.221.174,ipv4,malicious-ip,medium,WHITE,ziyadnz/hourly-ipv4,ziyadnz|hourly,2026-08-17T18:48:05Z,2026-08-17T18:48:05Z,
27.0.221.181,ipv4,malicious-ip,medium,WHITE,ziyadnz/hourly-ipv4,ziyadnz|hourly,2026-08-17T18:48:05Z,2026-08-17T18:48:05Z,
27.0.221.182,ipv4,malicious-ip,medium,WHITE,ziyadnz/hourly-ipv4,ziyadnz|hourly,2026-08-17T18:48:05Z,2026-08-17T18:48:05Z,
27.0.221.187,ipv4,malicious-ip,medium,WHITE,ziyadnz/hourly-ipv4,ziyadnz|hourly,2026-08-17T18:48:05Z,2026-08-17T18:48:05Z,
27.0.232.172,ipv4,malicious-ip,medium,WHITE,ziyadnz/hourly-ipv4,ziyadnz|hourly,2026-08-17T18:48:05Z,2026-08-17T18:48:05Z,
27.10.216.230,ipv4,malicious-ip,medium,WHITE,ziyadnz/hourly-ipv4,ziyadnz|hourly,2026-08-17T18:48:05Z,2026-08-17T18:48:05Z,
27.100.36.84,ipv4,malicious-ip,medium,WHITE,ziyadnz/hourly-ipv4,ziyadnz|hourly,2026-08-17T18:48:05Z,2026-08-17T18:48:05Z,
27.100.38.198,ipv4,malicious-ip,medium,WHITE,ziyadnz/hourly-ipv4,ziyadnz|hourly,2026-08-17T18:48:05Z,2026-08-17T18:48:05Z,
27.102.107.224,ipv4,malicious-ip,medium,WHITE,ziyadnz/hourly-ipv4,ziyadnz|hourly,2026-08-17T18:48:05Z,2026-08-17T18:48:05Z,
27.102.107.230,ipv4,malicious-ip,medium,WHITE,ziyadnz/hourly-ipv4,ziyadnz|hourly,2026-08-17T18:48:05Z,2026-08-17T18:48:05Z,
27.102.107.233,ipv4,malicious-ip,medium,WHITE,ziyadnz/hourly-ipv4,ziyadnz|hourly,2026-08-17T18:48:05Z,2026-08-17T18:48:05Z,
27.102.107.234,ipv4,malicious-ip,medium,WHITE,ziyadnz/hourly-ipv4,ziyadnz|hourly,2026-08-17T18:48:05Z,2026-08-17T18:48:05Z,
27.102.107.235,ipv4,malicious-ip,medium,WHITE,ziyadnz/hourly-ipv4,ziyadnz|hourly,2026-08-17T18:48:05Z,2026-08-17T18:48:05Z,
27.102.113.88,ipv4,malicious-ip,medium,WHITE,ziyadnz/hourly-ipv4,ziyadnz|hourly,2026-08-17T18:48:05Z,2026-08-17T18:48:05Z,
27.102.115.207,ipv4,malicious-ip,medium,WHITE,ziyadnz/hourly-ipv4,ziyadnz|hourly,2026-08-17T18:48:05Z,2026-08-17T18:48:05Z,
27.102.118.204,ipv4,malicious-ip,medium,WHITE,ziyadnz/hourly-ipv4,ziyadnz|hourly,2026-08-17T18:48:05Z,2026-08-17T18:48:05Z,
27.102.128.152,ipv4,malicious-ip,medium,WHITE,ziyadnz/hourly-ipv4,ziyadnz|hourly,2026-08-17T18:48:05Z,2026-08-17T18:48:05Z,
27.102.129.196,ipv4,malicious-ip,medium,WHITE,ziyadnz/hourly-ipv4,ziyadnz|hourly,2026-08-17T18:48:05Z,2026-08-17T18:48:05Z,
27.102.134.178,ipv4,malicious-ip,medium,WHITE,ziyadnz/hourly-ipv4,ziyadnz|hourly,2026-08-17T18:48:05Z,2026-08-17T18:48:05Z,
27.102.137.126,ipv4,malicious-ip,medium,WHITE,ziyadnz/hourly-ipv4,ziyadnz|hourly,2026-08-17T18:48:05Z,2026-08-17T18:48:05Z,
27.102.137.159,ipv4,malicious-ip,medium,WHITE,ziyadnz/hourly-ipv4,ziyadnz|hourly,2026-08-17T18:48:05Z,2026-08-17T18:48:05Z,
27.102.138.44,ipv4,malicious-ip,medium,WHITE,ziyadnz/hourly-ipv4,ziyadnz|hourly,2026-08-17T18:48:05Z,2026-08-17T18:48:05Z,
27.107.102.154,ipv4,malicious-ip,medium,WHITE,ziyadnz/hourly-ipv4,ziyadnz|hourly,2026-08-17T18:48:05Z,2026-08-17T18:48:05Z,
27.107.228.82,ipv4,malicious-ip,medium,WHITE,ziyadnz/hourly-ipv4,ziyadnz|hourly,2026-08-17T18:48:05Z,2026-08-17T18:48:05Z,
27.11.63.32,ipv4,malicious-ip,medium,WHITE,ziyadnz/hourly-ipv4,ziyadnz|hourly,2026-08-17T18:48:05Z,2026-08-17T18:48:05Z,
27.111.11.8,ipv4,malicious-ip,medium,WHITE,ziyadnz/hourly-ipv4,ziyadnz|hourly,2026-08-17T18:48:05Z,2026-08-17T18:48:05Z,
27.112.71.3,ipv4,malicious-ip,medium,WHITE,ziyadnz/hourly-ipv4,ziyadnz|hourly,2026-08-17T18:48:05Z,2026-08-17T18:48:05Z,
27.112.78.170,ipv4,malicious-ip,medium,WHITE,ziyadnz/hourly-ipv4,ziyadnz|hourly,2026-08-17T18:48:05Z,2026-08-17T18:48:05Z,
27.114.80.65,ipv4,malicious-ip,medium,WHITE,ziyadnz/hourly-ipv4,ziyadnz|hourly,2026-08-17T18:48:05Z,2026-08-17T18:48:05Z,
27.115.107.234,ipv4,malicious-ip,medium,WHITE,ziyadnz/hourly-ipv4,ziyadnz|hourly,2026-08-17T18:48:05Z,2026-08-17T18:48:05Z,
27.115.124.70,ipv4,malicious-ip,medium,WHITE,ziyadnz/hourly-ipv4,ziyadnz|hourly,2026-08-17T18:48:05Z,2026-08-17T18:48:05Z,
27.116.21.219,ipv4,malicious-ip,medium,WHITE,ziyadnz/hourly-ipv4,ziyadnz|hourly,2026-08-17T18:48:05Z,2026-08-17T18:48:05Z,
27.116.21.236,ipv4,malicious-ip,medium,WHITE,ziyadnz/hourly-ipv4,ziyadnz|hourly,2026-08-17T18:48:05Z,2026-08-17T18:48:05Z,
27.118.25.248,ipv4,malicious-ip,medium,WHITE,ziyadnz/hourly-ipv4,ziyadnz|hourly,2026-08-17T18:48:05Z,2026-08-17T18:48:05Z,
27.119.7.6,ipv4,malicious-ip,medium,WHITE,ziyadnz/hourly-ipv4,ziyadnz|hourly,2026-08-17T18:48:05Z,2026-08-17T18:48:05Z,
27.121.100.187,ipv4,malicious-ip,medium,WHITE,ziyadnz/hourly-ipv4,ziyadnz|hourly,2026-08-17T18:48:05Z,2026-08-17T18:48:05Z,
27.121.80.18,ipv4,malicious-ip,medium,WHITE,ziyadnz/hourly-ipv4,ziyadnz|hourly,2026-08-17T18:48:05Z,2026-08-17T18:48:05Z,
27.123.1.118,ipv4,malicious-ip,medium,WHITE,ziyadnz/hourly-ipv4,ziyadnz|hourly,2026-08-17T18:48:05Z,2026-08-17T18:48:05Z,
27.123.107.154,ipv4,malicious-ip,medium,WHITE,ziyadnz/hourly-ipv4,ziyadnz|hourly,2026-08-17T18:48:05Z,2026-08-17T18:48:05Z,
27.123.111.110,ipv4,malicious-ip,medium,WHITE,ziyadnz/hourly-ipv4,ziyadnz|hourly,2026-08-17T18:48:05Z,2026-08-17T18:48:05Z,
27.123.113.10,ipv4,malicious-ip,medium,WHITE,ziyadnz/hourly-ipv4,ziyadnz|hourly,2026-08-17T18:48:05Z,2026-08-17T18:48:05Z,
27.123.114.190,ipv4,malicious-ip,medium,WHITE,ziyadnz/hourly-ipv4,ziyadnz|hourly,2026-08-17T18:48:05Z,2026-08-17T18:48:05Z,
27.123.249.210,ipv4,malicious-ip,medium,WHITE,ziyadnz/hourly-ipv4,ziyadnz|hourly,2026-08-17T18:48:05Z,2026-08-17T18:48:05Z,
27.123.254.227,ipv4,malicious-ip,medium,WHITE,ziyadnz/hourly-ipv4,ziyadnz|hourly,2026-08-17T18:48:05Z,2026-08-17T18:48:05Z,
27.123.254.229,ipv4,malicious-ip,medium,WHITE,ziyadnz/hourly-ipv4,ziyadnz|hourly,2026-08-17T18:48:05Z,2026-08-17T18:48:05Z,
27.123.84.54,ipv4,malicious-ip,medium,WHITE,ziyadnz/hourly-ipv4,ziyadnz|hourly,2026-08-17T18:48:05Z,2026-08-17T18:48:05Z,
27.124.13.32,ipv4,malicious-ip,medium,WHITE,ziyadnz/hourly-ipv4,ziyadnz|hourly,2026-08-17T18:48:05Z,2026-08-17T18:48:05Z,
27.124.2.12,ipv4,malicious-ip,medium,WHITE,ziyadnz/hourly-ipv4,ziyadnz|hourly,2026-08-17T18:48:05Z,2026-08-17T18:48:05Z,
27.124.26.83,ipv4,malicious-ip,medium,WHITE,ziyadnz/hourly-ipv4,ziyadnz|hourly,2026-08-17T18:48:05Z,2026-08-17T18:48:05Z,
27.124.26.86,ipv4,malicious-ip,medium,WHITE,ziyadnz/hourly-ipv4,ziyadnz|hourly,2026-08-17T18:48:05Z,2026-08-17T18:48:05Z,
27.124.37.59,ipv4,malicious-ip,medium,WHITE,ziyadnz/hourly-ipv4,ziyadnz|hourly,2026-08-17T18:48:05Z,2026-08-17T18:48:05Z,
27.124.37.64,ipv4,malicious-ip,medium,WHITE,ziyadnz/hourly-ipv4,ziyadnz|hourly,2026-08-17T18:48:05Z,2026-08-17T18:48:05Z,
27.124.4.188,ipv4,malicious-ip,medium,WHITE,ziyadnz/hourly-ipv4,ziyadnz|hourly,2026-08-17T18:48:05Z,2026-08-17T18:48:05Z,
27.124.43.226,ipv4,malicious-ip,medium,WHITE,ziyadnz/hourly-ipv4,ziyadnz|hourly,2026-08-17T18:48:05Z,2026-08-17T18:48:05Z,
27.124.43.69,ipv4,malicious-ip,medium,WHITE,ziyadnz/hourly-ipv4,ziyadnz|hourly,2026-08-17T18:48:05Z,2026-08-17T18:48:05Z,
27.124.64.29,ipv4,malicious-ip,medium,WHITE,ziyadnz/hourly-ipv4,ziyadnz|hourly,2026-08-17T18:48:05Z,2026-08-17T18:48:05Z,
27.125.244.0,ipv4,malicious-ip,medium,WHITE,ziyadnz/hourly-ipv4,ziyadnz|hourly,2026-08-17T18:48:05Z,2026-08-17T18:48:05Z,
27.125.244.119,ipv4,malicious-ip,medium,WHITE,ziyadnz/hourly-ipv4,ziyadnz|hourly,2026-08-17T18:48:05Z,2026-08-17T18:48:05Z,
27.125.244.177,ipv4,malicious-ip,medium,WHITE,ziyadnz/hourly-ipv4,ziyadnz|hourly,2026-08-17T18:48:05Z,2026-08-17T18:48:05Z,
27.125.244.188,ipv4,malicious-ip,medium,WHITE,ziyadnz/hourly-ipv4,ziyadnz|hourly,2026-08-17T18:48:05Z,2026-08-17T18:48:05Z,
27.125.244.219,ipv4,malicious-ip,medium,WHITE,ziyadnz/hourly-ipv4,ziyadnz|hourly,2026-08-17T18:48:05Z,2026-08-17T18:48:05Z,
27.125.244.222,ipv4,malicious-ip,medium,WHITE,ziyadnz/hourly-ipv4,ziyadnz|hourly,2026-08-17T18:48:05Z,2026-08-17T18:48:05Z,
27.125.244.232,ipv4,malicious-ip,medium,WHITE,ziyadnz/hourly-ipv4,ziyadnz|hourly,2026-08-17T18:48:05Z,2026-08-17T18:48:05Z,
27.125.251.114,ipv4,malicious-ip,medium,WHITE,ziyadnz/hourly-ipv4,ziyadnz|hourly,2026-08-17T18:48:05Z,2026-08-17T18:48:05Z,
27.125.251.154,ipv4,malicious-ip,medium,WHITE,ziyadnz/hourly-ipv4,ziyadnz|hourly,2026-08-17T18:48:05Z,2026-08-17T18:48:05Z,
27.125.251.194,ipv4,malicious-ip,medium,WHITE,ziyadnz/hourly-ipv4,ziyadnz|hourly,2026-08-17T18:48:05Z,2026-08-17T18:48:05Z,
27.125.251.234,ipv4,malicious-ip,medium,WHITE,ziyadnz/hourly-ipv4,ziyadnz|hourly,2026-08-17T18:48:05Z,2026-08-17T18:48:05Z,
27.125.251.74,ipv4,malicious-ip,medium,WHITE,ziyadnz/hourly-ipv4,ziyadnz|hourly,2026-08-17T18:48:05Z,2026-08-17T18:48:05Z,
27.126.14.74,ipv4,malicious-ip,medium,WHITE,ziyadnz/hourly-ipv4,ziyadnz|hourly,2026-08-17T18:48:05Z,2026-08-17T18:48:05Z,
27.128.160.208,ipv4,malicious-ip,medium,WHITE,ziyadnz/hourly-ipv4,ziyadnz|hourly,2026-08-17T18:48:05Z,2026-08-17T18:48:05Z,
27.128.170.160,ipv4,malicious-ip,medium,WHITE,ziyadnz/hourly-ipv4,ziyadnz|hourly,2026-08-17T18:48:05Z,2026-08-17T18:48:05Z,
27.128.175.119,ipv4,malicious-ip,medium,WHITE,ziyadnz/hourly-ipv4,ziyadnz|hourly,2026-08-17T18:48:05Z,2026-08-17T18:48:05Z,
27.128.185.198,ipv4,malicious-ip,medium,WHITE,ziyadnz/hourly-ipv4,ziyadnz|hourly,2026-08-17T18:48:05Z,2026-08-17T18:48:05Z,
27.128.202.156,ipv4,malicious-ip,medium,WHITE,ziyadnz/hourly-ipv4,ziyadnz|hourly,2026-08-17T18:48:05Z,2026-08-17T18:48:05Z,
27.129.144.224,ipv4,malicious-ip,medium,WHITE,ziyadnz/hourly-ipv4,ziyadnz|hourly,2026-08-17T18:48:05Z,2026-08-17T18:48:05Z,
27.129.246.82,ipv4,malicious-ip,medium,WHITE,ziyadnz/hourly-ipv4,ziyadnz|hourly,2026-08-17T18:48:05Z,2026-08-17T18:48:05Z,
27.130.199.162,ipv4,malicious-ip,medium,WHITE,ziyadnz/hourly-ipv4,ziyadnz|hourly,2026-08-17T18:48:05Z,2026-08-17T18:48:05Z,
27.130.211.251,ipv4,malicious-ip,medium,WHITE,ziyadnz/hourly-ipv4,ziyadnz|hourly,2026-08-17T18:48:05Z,2026-08-17T18:48:05Z,
27.130.234.37,ipv4,malicious-ip,medium,WHITE,ziyadnz/hourly-ipv4,ziyadnz|hourly,2026-08-17T18:48:05Z,2026-08-17T18:48:05Z,
27.130.50.111,ipv4,malicious-ip,medium,WHITE,ziyadnz/hourly-ipv4,ziyadnz|hourly,2026-08-17T18:48:05Z,2026-08-17T18:48:05Z,
27.130.51.239,ipv4,malicious-ip,medium,WHITE,ziyadnz/hourly-ipv4,ziyadnz|hourly,2026-08-17T18:48:05Z,2026-08-17T18:48:05Z,
27.130.51.82,ipv4,malicious-ip,medium,WHITE,ziyadnz/hourly-ipv4,ziyadnz|hourly,2026-08-17T18:48:05Z,2026-08-17T18:48:05Z,
27.137.233.190,ipv4,malicious-ip,medium,WHITE,ziyadnz/hourly-ipv4,ziyadnz|hourly,2026-08-17T18:48:05Z,2026-08-17T18:48:05Z,
27.14.159.8,ipv4,malicious-ip,medium,WHITE,ziyadnz/hourly-ipv4,ziyadnz|hourly,2026-08-17T18:48:05Z,2026-08-17T18:48:05Z,
27.14.47.76,ipv4,malicious-ip,medium,WHITE,ziyadnz/hourly-ipv4,ziyadnz|hourly,2026-08-17T18:48:05Z,2026-08-17T18:48:05Z,
27.145.120.146,ipv4,malicious-ip,medium,WHITE,ziyadnz/hourly-ipv4,ziyadnz|hourly,2026-08-17T18:48:05Z,2026-08-17T18:48:05Z,
27.147.137.115,ipv4,malicious-ip,medium,WHITE,ziyadnz/hourly-ipv4,ziyadnz|hourly,2026-08-17T18:48:05Z,2026-08-17T18:48:05Z,
27.147.171.67,ipv4,malicious-ip,medium,WHITE,ziyadnz/hourly-ipv4,ziyadnz|hourly,2026-08-17T18:48:05Z,2026-08-17T18:48:05Z,
27.147.200.180,ipv4,malicious-ip,medium,WHITE,ziyadnz/hourly-ipv4,ziyadnz|hourly,2026-08-17T18:48:05Z,2026-08-17T18:48:05Z,
27.147.201.232,ipv4,malicious-ip,medium,WHITE,ziyadnz/hourly-ipv4,ziyadnz|hourly,2026-08-17T18:48:05Z,2026-08-17T18:48:05Z,
27.147.205.81,ipv4,malicious-ip,medium,WHITE,ziyadnz/hourly-ipv4,ziyadnz|hourly,2026-08-17T18:48:05Z,2026-08-17T18:48:05Z,
27.147.206.114,ipv4,malicious-ip,medium,WHITE,ziyadnz/hourly-ipv4,ziyadnz|hourly,2026-08-17T18:48:05Z,2026-08-17T18:48:05Z,
27.147.207.79,ipv4,malicious-ip,medium,WHITE,ziyadnz/hourly-ipv4,ziyadnz|hourly,2026-08-17T18:48:05Z,2026-08-17T18:48:05Z,
27.147.218.169,ipv4,malicious-ip,medium,WHITE,ziyadnz/hourly-ipv4,ziyadnz|hourly,2026-08-17T18:48:05Z,2026-08-17T18:48:05Z,
27.147.223.2,ipv4,malicious-ip,medium,WHITE,ziyadnz/hourly-ipv4,ziyadnz|hourly,2026-08-17T18:48:05Z,2026-08-17T18:48:05Z,
27.147.235.43,ipv4,malicious-ip,medium,WHITE,ziyadnz/hourly-ipv4,ziyadnz|hourly,2026-08-17T18:48:05Z,2026-08-17T18:48:05Z,
27.147.240.162,ipv4,malicious-ip,medium,WHITE,ziyadnz/hourly-ipv4,ziyadnz|hourly,2026-08-17T18:48:05Z,2026-08-17T18:48:05Z,
27.147.249.147,ipv4,malicious-ip,medium,WHITE,ziyadnz/hourly-ipv4,ziyadnz|hourly,2026-08-17T18:48:05Z,2026-08-17T18:48:05Z,
27.147.28.51,ipv4,malicious-ip,medium,WHITE,ziyadnz/hourly-ipv4,ziyadnz|hourly,2026-08-17T18:48:05Z,2026-08-17T18:48:05Z,
27.147.29.42,ipv4,malicious-ip,medium,WHITE,ziyadnz/hourly-ipv4,ziyadnz|hourly,2026-08-17T18:48:05Z,2026-08-17T18:48:05Z,
27.15.87.97,ipv4,malicious-ip,medium,WHITE,ziyadnz/hourly-ipv4,ziyadnz|hourly,2026-08-17T18:48:05Z,2026-08-17T18:48:05Z,
27.150.170.101,ipv4,malicious-ip,medium,WHITE,ziyadnz/hourly-ipv4,ziyadnz|hourly,2026-08-17T18:48:05Z,2026-08-17T18:48:05Z,
27.150.188.148,ipv4,malicious-ip,medium,WHITE,ziyadnz/hourly-ipv4,ziyadnz|hourly,2026-08-17T18:48:05Z,2026-08-17T18:48:05Z,
27.151.188.41,ipv4,malicious-ip,medium,WHITE,ziyadnz/hourly-ipv4,ziyadnz|hourly,2026-08-17T18:48:05Z,2026-08-17T18:48:05Z,
27.151.4.72,ipv4,malicious-ip,medium,WHITE,ziyadnz/hourly-ipv4,ziyadnz|hourly,2026-08-17T18:48:05Z,2026-08-17T18:48:05Z,
27.152.34.45,ipv4,malicious-ip,medium,WHITE,ziyadnz/hourly-ipv4,ziyadnz|hourly,2026-08-17T18:48:05Z,2026-08-17T18:48:05Z,
27.152.54.255,ipv4,malicious-ip,medium,WHITE,ziyadnz/hourly-ipv4,ziyadnz|hourly,2026-08-17T18:48:05Z,2026-08-17T18:48:05Z,
27.152.8.238,ipv4,malicious-ip,medium,WHITE,ziyadnz/hourly-ipv4,ziyadnz|hourly,2026-08-17T18:48:05Z,2026-08-17T18:48:05Z,
27.152.90.252,ipv4,malicious-ip,medium,WHITE,ziyadnz/hourly-ipv4,ziyadnz|hourly,2026-08-17T18:48:05Z,2026-08-17T18:48:05Z,
27.153.144.193,ipv4,malicious-ip,medium,WHITE,ziyadnz/hourly-ipv4,ziyadnz|hourly,2026-08-17T18:48:05Z,2026-08-17T18:48:05Z,
27.155.92.28,ipv4,malicious-ip,medium,WHITE,ziyadnz/hourly-ipv4,ziyadnz|hourly,2026-08-17T18:48:05Z,2026-08-17T18:48:05Z,
27.156.155.98,ipv4,malicious-ip,medium,WHITE,ziyadnz/hourly-ipv4,ziyadnz|hourly,2026-08-17T18:48:05Z,2026-08-17T18:48:05Z,
27.156.3.21,ipv4,malicious-ip,medium,WHITE,ziyadnz/hourly-ipv4,ziyadnz|hourly,2026-08-17T18:48:05Z,2026-08-17T18:48:05Z,
27.156.69.166,ipv4,malicious-ip,medium,WHITE,ziyadnz/hourly-ipv4,ziyadnz|hourly,2026-08-17T18:48:05Z,2026-08-17T18:48:05Z,
27.156.92.133,ipv4,malicious-ip,medium,WHITE,ziyadnz/hourly-ipv4,ziyadnz|hourly,2026-08-17T18:48:05Z,2026-08-17T18:48:05Z,
27.156.98.194,ipv4,malicious-ip,medium,WHITE,ziyadnz/hourly-ipv4,ziyadnz|hourly,2026-08-17T18:48:05Z,2026-08-17T18:48:05Z,
27.158.161.186,ipv4,malicious-ip,medium,WHITE,ziyadnz/hourly-ipv4,ziyadnz|hourly,2026-08-17T18:48:05Z,2026-08-17T18:48:05Z,
27.158.233.100,ipv4,malicious-ip,medium,WHITE,ziyadnz/hourly-ipv4,ziyadnz|hourly,2026-08-17T18:48:05Z,2026-08-17T18:48:05Z,
27.158.39.64,ipv4,malicious-ip,medium,WHITE,ziyadnz/hourly-ipv4,ziyadnz|hourly,2026-08-17T18:48:05Z,2026-08-17T18:48:05Z,
27.16.237.182,ipv4,malicious-ip,medium,WHITE,ziyadnz/hourly-ipv4,ziyadnz|hourly,2026-08-17T18:48:05Z,2026-08-17T18:48:05Z,
27.16.237.68,ipv4,malicious-ip,medium,WHITE,ziyadnz/hourly-ipv4,ziyadnz|hourly,2026-08-17T18:48:05Z,2026-08-17T18:48:05Z,
27.17.143.217,ipv4,malicious-ip,medium,WHITE,ziyadnz/hourly-ipv4,ziyadnz|hourly,2026-08-17T18:48:05Z,2026-08-17T18:48:05Z,
27.17.143.22,ipv4,malicious-ip,medium,WHITE,ziyadnz/hourly-ipv4,ziyadnz|hourly,2026-08-17T18:48:05Z,2026-08-17T18:48:05Z,
27.17.185.204,ipv4,malicious-ip,medium,WHITE,ziyadnz/hourly-ipv4,ziyadnz|hourly,2026-08-17T18:48:05Z,2026-08-17T18:48:05Z,
27.17.194.204,ipv4,malicious-ip,medium,WHITE,ziyadnz/hourly-ipv4,ziyadnz|hourly,2026-08-17T18:48:05Z,2026-08-17T18:48:05Z,
27.17.194.216,ipv4,malicious-ip,medium,WHITE,ziyadnz/hourly-ipv4,ziyadnz|hourly,2026-08-17T18:48:05Z,2026-08-17T18:48:05Z,
27.17.214.77,ipv4,malicious-ip,medium,WHITE,ziyadnz/hourly-ipv4,ziyadnz|hourly,2026-08-17T18:48:05Z,2026-08-17T18:48:05Z,
27.17.233.136,ipv4,malicious-ip,medium,WHITE,ziyadnz/hourly-ipv4,ziyadnz|hourly,2026-08-17T18:48:05Z,2026-08-17T18:48:05Z,
27.18.134.7,ipv4,malicious-ip,medium,WHITE,ziyadnz/hourly-ipv4,ziyadnz|hourly,2026-08-17T18:48:05Z,2026-08-17T18:48:05Z,
27.18.137.70,ipv4,malicious-ip,medium,WHITE,ziyadnz/hourly-ipv4,ziyadnz|hourly,2026-08-17T18:48:05Z,2026-08-17T18:48:05Z,
27.18.138.108,ipv4,malicious-ip,medium,WHITE,ziyadnz/hourly-ipv4,ziyadnz|hourly,2026-08-17T18:48:05Z,2026-08-17T18:48:05Z,
27.18.152.167,ipv4,malicious-ip,medium,WHITE,ziyadnz/hourly-ipv4,ziyadnz|hourly,2026-08-17T18:48:05Z,2026-08-17T18:48:05Z,
27.18.166.73,ipv4,malicious-ip,medium,WHITE,ziyadnz/hourly-ipv4,ziyadnz|hourly,2026-08-17T18:48:05Z,2026-08-17T18:48:05Z,
27.18.179.4,ipv4,malicious-ip,medium,WHITE,ziyadnz/hourly-ipv4,ziyadnz|hourly,2026-08-17T18:48:05Z,2026-08-17T18:48:05Z,
27.18.249.181,ipv4,malicious-ip,medium,WHITE,ziyadnz/hourly-ipv4,ziyadnz|hourly,2026-08-17T18:48:05Z,2026-08-17T18:48:05Z,
27.18.84.143,ipv4,malicious-ip,medium,WHITE,ziyadnz/hourly-ipv4,ziyadnz|hourly,2026-08-17T18:48:05Z,2026-08-17T18:48:05Z,
27.18.90.130,ipv4,malicious-ip,medium,WHITE,ziyadnz/hourly-ipv4,ziyadnz|hourly,2026-08-17T18:48:05Z,2026-08-17T18:48:05Z,
27.184.129.35,ipv4,malicious-ip,medium,WHITE,ziyadnz/hourly-ipv4,ziyadnz|hourly,2026-08-17T18:48:05Z,2026-08-17T18:48:05Z,
27.185.107.167,ipv4,malicious-ip,medium,WHITE,ziyadnz/hourly-ipv4,ziyadnz|hourly,2026-08-17T18:48:05Z,2026-08-17T18:48:05Z,
27.185.17.40,ipv4,malicious-ip,medium,WHITE,ziyadnz/hourly-ipv4,ziyadnz|hourly,2026-08-17T18:48:05Z,2026-08-17T18:48:05Z,
27.185.41.158,ipv4,malicious-ip,medium,WHITE,ziyadnz/hourly-ipv4,ziyadnz|hourly,2026-08-17T18:48:05Z,2026-08-17T18:48:05Z,
27.185.57.13,ipv4,malicious-ip,medium,WHITE,ziyadnz/hourly-ipv4,ziyadnz|hourly,2026-08-17T18:48:05Z,2026-08-17T18:48:05Z,
27.186.149.185,ipv4,malicious-ip,medium,WHITE,ziyadnz/hourly-ipv4,ziyadnz|hourly,2026-08-17T18:48:05Z,2026-08-17T18:48:05Z,
27.186.243.38,ipv4,malicious-ip,medium,WHITE,ziyadnz/hourly-ipv4,ziyadnz|hourly,2026-08-17T18:48:05Z,2026-08-17T18:48:05Z,
27.187.191.112,ipv4,malicious-ip,medium,WHITE,ziyadnz/hourly-ipv4,ziyadnz|hourly,2026-08-17T18:48:05Z,2026-08-17T18:48:05Z,
27.19.116.214,ipv4,malicious-ip,medium,WHITE,ziyadnz/hourly-ipv4,ziyadnz|hourly,2026-08-17T18:48:05Z,2026-08-17T18:48:05Z,
27.19.145.8,ipv4,malicious-ip,medium,WHITE,ziyadnz/hourly-ipv4,ziyadnz|hourly,2026-08-17T18:48:05Z,2026-08-17T18:48:05Z,
27.19.147.199,ipv4,malicious-ip,medium,WHITE,ziyadnz/hourly-ipv4,ziyadnz|hourly,2026-08-17T18:48:05Z,2026-08-17T18:48:05Z,
27.19.213.78,ipv4,malicious-ip,medium,WHITE,ziyadnz/hourly-ipv4,ziyadnz|hourly,2026-08-17T18:48:05Z,2026-08-17T18:48:05Z,
27.19.49.146,ipv4,malicious-ip,medium,WHITE,ziyadnz/hourly-ipv4,ziyadnz|hourly,2026-08-17T18:48:05Z,2026-08-17T18:48:05Z,
27.19.51.96,ipv4,malicious-ip,medium,WHITE,ziyadnz/hourly-ipv4,ziyadnz|hourly,2026-08-17T18:48:05Z,2026-08-17T18:48:05Z,
27.19.59.90,ipv4,malicious-ip,medium,WHITE,ziyadnz/hourly-ipv4,ziyadnz|hourly,2026-08-17T18:48:05Z,2026-08-17T18:48:05Z,
27.19.65.209,ipv4,malicious-ip,medium,WHITE,ziyadnz/hourly-ipv4,ziyadnz|hourly,2026-08-17T18:48:05Z,2026-08-17T18:48:05Z,
27.19.81.76,ipv4,malicious-ip,medium,WHITE,ziyadnz/hourly-ipv4,ziyadnz|hourly,2026-08-17T18:48:05Z,2026-08-17T18:48:05Z,
27.192.129.117,ipv4,malicious-ip,medium,WHITE,ziyadnz/hourly-ipv4,ziyadnz|hourly,2026-08-17T18:48:05Z,2026-08-17T18:48:05Z,
27.192.135.115,ipv4,malicious-ip,medium,WHITE,ziyadnz/hourly-ipv4,ziyadnz|hourly,2026-08-17T18:48:05Z,2026-08-17T18:48:05Z,
27.192.139.199,ipv4,malicious-ip,medium,WHITE,ziyadnz/hourly-ipv4,ziyadnz|hourly,2026-08-17T18:48:05Z,2026-08-17T18:48:05Z,
27.192.22.29,ipv4,malicious-ip,medium,WHITE,ziyadnz/hourly-ipv4,ziyadnz|hourly,2026-08-17T18:48:05Z,2026-08-17T18:48:05Z,
27.192.24.146,ipv4,malicious-ip,medium,WHITE,ziyadnz/hourly-ipv4,ziyadnz|hourly,2026-08-17T18:48:05Z,2026-08-17T18:48:05Z,
27.192.41.36,ipv4,malicious-ip,medium,WHITE,ziyadnz/hourly-ipv4,ziyadnz|hourly,2026-08-17T18:48:05Z,2026-08-17T18:48:05Z,
27.192.59.252,ipv4,malicious-ip,medium,WHITE,ziyadnz/hourly-ipv4,ziyadnz|hourly,2026-08-17T18:48:05Z,2026-08-17T18:48:05Z,
27.192.61.235,ipv4,malicious-ip,medium,WHITE,ziyadnz/hourly-ipv4,ziyadnz|hourly,2026-08-17T18:48:05Z,2026-08-17T18:48:05Z,
27.192.68.182,ipv4,malicious-ip,medium,WHITE,ziyadnz/hourly-ipv4,ziyadnz|hourly,2026-08-17T18:48:05Z,2026-08-17T18:48:05Z,
27.192.92.171,ipv4,malicious-ip,medium,WHITE,ziyadnz/hourly-ipv4,ziyadnz|hourly,2026-08-17T18:48:05Z,2026-08-17T18:48:05Z,
27.193.202.157,ipv4,malicious-ip,medium,WHITE,ziyadnz/hourly-ipv4,ziyadnz|hourly,2026-08-17T18:48:05Z,2026-08-17T18:48:05Z,
27.193.202.217,ipv4,malicious-ip,medium,WHITE,ziyadnz/hourly-ipv4,ziyadnz|hourly,2026-08-17T18:48:05Z,2026-08-17T18:48:05Z,
27.194.132.182,ipv4,malicious-ip,medium,WHITE,ziyadnz/hourly-ipv4,ziyadnz|hourly,2026-08-17T18:48:05Z,2026-08-17T18:48:05Z,
27.194.71.2,ipv4,malicious-ip,medium,WHITE,ziyadnz/hourly-ipv4,ziyadnz|hourly,2026-08-17T18:48:05Z,2026-08-17T18:48:05Z,
27.194.97.137,ipv4,malicious-ip,medium,WHITE,ziyadnz/hourly-ipv4,ziyadnz|hourly,2026-08-17T18:48:05Z,2026-08-17T18:48:05Z,
27.195.15.163,ipv4,malicious-ip,medium,WHITE,ziyadnz/hourly-ipv4,ziyadnz|hourly,2026-08-17T18:48:05Z,2026-08-17T18:48:05Z,
27.195.160.243,ipv4,malicious-ip,medium,WHITE,ziyadnz/hourly-ipv4,ziyadnz|hourly,2026-08-17T18:48:05Z,2026-08-17T18:48:05Z,
27.195.198.230,ipv4,malicious-ip,medium,WHITE,ziyadnz/hourly-ipv4,ziyadnz|hourly,2026-08-17T18:48:05Z,2026-08-17T18:48:05Z,
27.196.114.201,ipv4,malicious-ip,medium,WHITE,ziyadnz/hourly-ipv4,ziyadnz|hourly,2026-08-17T18:48:05Z,2026-08-17T18:48:05Z,
27.196.120.174,ipv4,malicious-ip,medium,WHITE,ziyadnz/hourly-ipv4,ziyadnz|hourly,2026-08-17T18:48:05Z,2026-08-17T18:48:05Z,
27.196.195.122,ipv4,malicious-ip,medium,WHITE,ziyadnz/hourly-ipv4,ziyadnz|hourly,2026-08-17T18:48:05Z,2026-08-17T18:48:05Z,
27.196.199.200,ipv4,malicious-ip,medium,WHITE,ziyadnz/hourly-ipv4,ziyadnz|hourly,2026-08-17T18:48:05Z,2026-08-17T18:48:05Z,
27.196.27.215,ipv4,malicious-ip,medium,WHITE,ziyadnz/hourly-ipv4,ziyadnz|hourly,2026-08-17T18:48:05Z,2026-08-17T18:48:05Z,
27.196.43.228,ipv4,malicious-ip,medium,WHITE,ziyadnz/hourly-ipv4,ziyadnz|hourly,2026-08-17T18:48:05Z,2026-08-17T18:48:05Z,
27.196.47.110,ipv4,malicious-ip,medium,WHITE,ziyadnz/hourly-ipv4,ziyadnz|hourly,2026-08-17T18:48:05Z,2026-08-17T18:48:05Z,
27.196.53.210,ipv4,malicious-ip,medium,WHITE,ziyadnz/hourly-ipv4,ziyadnz|hourly,2026-08-17T18:48:05Z,2026-08-17T18:48:05Z,
27.196.53.251,ipv4,malicious-ip,medium,WHITE,ziyadnz/hourly-ipv4,ziyadnz|hourly,2026-08-17T18:48:05Z,2026-08-17T18:48:05Z,
27.196.67.154,ipv4,malicious-ip,medium,WHITE,ziyadnz/hourly-ipv4,ziyadnz|hourly,2026-08-17T18:48:05Z,2026-08-17T18:48:05Z,
27.197.47.109,ipv4,malicious-ip,medium,WHITE,ziyadnz/hourly-ipv4,ziyadnz|hourly,2026-08-17T18:48:05Z,2026-08-17T18:48:05Z,
27.198.113.221,ipv4,malicious-ip,medium,WHITE,ziyadnz/hourly-ipv4,ziyadnz|hourly,2026-08-17T18:48:05Z,2026-08-17T18:48:05Z,
27.198.248.69,ipv4,malicious-ip,medium,WHITE,ziyadnz/hourly-ipv4,ziyadnz|hourly,2026-08-17T18:48:05Z,2026-08-17T18:48:05Z,
27.198.84.121,ipv4,malicious-ip,medium,WHITE,ziyadnz/hourly-ipv4,ziyadnz|hourly,2026-08-17T18:48:05Z,2026-08-17T18:48:05Z,
27.198.92.156,ipv4,malicious-ip,medium,WHITE,ziyadnz/hourly-ipv4,ziyadnz|hourly,2026-08-17T18:48:05Z,2026-08-17T18:48:05Z,
27.198.98.141,ipv4,malicious-ip,medium,WHITE,ziyadnz/hourly-ipv4,ziyadnz|hourly,2026-08-17T18:48:05Z,2026-08-17T18:48:05Z,
27.199.118.177,ipv4,malicious-ip,medium,WHITE,ziyadnz/hourly-ipv4,ziyadnz|hourly,2026-08-17T18:48:05Z,2026-08-17T18:48:05Z,
27.199.14.59,ipv4,malicious-ip,medium,WHITE,ziyadnz/hourly-ipv4,ziyadnz|hourly,2026-08-17T18:48:05Z,2026-08-17T18:48:05Z,
27.199.180.164,ipv4,malicious-ip,medium,WHITE,ziyadnz/hourly-ipv4,ziyadnz|hourly,2026-08-17T18:48:05Z,2026-08-17T18:48:05Z,
27.199.254.211,ipv4,malicious-ip,medium,WHITE,ziyadnz/hourly-ipv4,ziyadnz|hourly,2026-08-17T18:48:05Z,2026-08-17T18:48:05Z,
27.199.27.213,ipv4,malicious-ip,medium,WHITE,ziyadnz/hourly-ipv4,ziyadnz|hourly,2026-08-17T18:48:05Z,2026-08-17T18:48:05Z,
27.199.61.78,ipv4,malicious-ip,medium,WHITE,ziyadnz/hourly-ipv4,ziyadnz|hourly,2026-08-17T18:48:05Z,2026-08-17T18:48:05Z,
27.199.66.161,ipv4,malicious-ip,medium,WHITE,ziyadnz/hourly-ipv4,ziyadnz|hourly,2026-08-17T18:48:05Z,2026-08-17T18:48:05Z,
27.199.68.135,ipv4,malicious-ip,medium,WHITE,ziyadnz/hourly-ipv4,ziyadnz|hourly,2026-08-17T18:48:05Z,2026-08-17T18:48:05Z,
27.20.128.40,ipv4,malicious-ip,medium,WHITE,ziyadnz/hourly-ipv4,ziyadnz|hourly,2026-08-17T18:48:05Z,2026-08-17T18:48:05Z,
27.20.178.54,ipv4,malicious-ip,medium,WHITE,ziyadnz/hourly-ipv4,ziyadnz|hourly,2026-08-17T18:48:05Z,2026-08-17T18:48:05Z,
27.20.223.158,ipv4,malicious-ip,medium,WHITE,ziyadnz/hourly-ipv4,ziyadnz|hourly,2026-08-17T18:48:05Z,2026-08-17T18:48:05Z,
27.200.121.234,ipv4,malicious-ip,medium,WHITE,ziyadnz/hourly-ipv4,ziyadnz|hourly,2026-08-17T18:48:05Z,2026-08-17T18:48:05Z,
27.200.23.140,ipv4,malicious-ip,medium,WHITE,ziyadnz/hourly-ipv4,ziyadnz|hourly,2026-08-17T18:48:05Z,2026-08-17T18:48:05Z,
27.200.3.79,ipv4,malicious-ip,medium,WHITE,ziyadnz/hourly-ipv4,ziyadnz|hourly,2026-08-17T18:48:05Z,2026-08-17T18:48:05Z,
27.200.66.1,ipv4,malicious-ip,medium,WHITE,ziyadnz/hourly-ipv4,ziyadnz|hourly,2026-08-17T18:48:05Z,2026-08-17T18:48:05Z,
27.200.82.212,ipv4,malicious-ip,medium,WHITE,ziyadnz/hourly-ipv4,ziyadnz|hourly,2026-08-17T18:48:05Z,2026-08-17T18:48:05Z,
27.201.195.120,ipv4,malicious-ip,medium,WHITE,ziyadnz/hourly-ipv4,ziyadnz|hourly,2026-08-17T18:48:05Z,2026-08-17T18:48:05Z,
27.201.211.117,ipv4,malicious-ip,medium,WHITE,ziyadnz/hourly-ipv4,ziyadnz|hourly,2026-08-17T18:48:05Z,2026-08-17T18:48:05Z,
27.201.212.108,ipv4,malicious-ip,medium,WHITE,ziyadnz/hourly-ipv4,ziyadnz|hourly,2026-08-17T18:48:05Z,2026-08-17T18:48:05Z,
27.201.250.215,ipv4,malicious-ip,medium,WHITE,ziyadnz/hourly-ipv4,ziyadnz|hourly,2026-08-17T18:48:05Z,2026-08-17T18:48:05Z,
27.202.109.173,ipv4,malicious-ip,medium,WHITE,ziyadnz/hourly-ipv4,ziyadnz|hourly,2026-08-17T18:48:05Z,2026-08-17T18:48:05Z,
27.202.208.93,ipv4,malicious-ip,medium,WHITE,ziyadnz/hourly-ipv4,ziyadnz|hourly,2026-08-17T18:48:05Z,2026-08-17T18:48:05Z,
27.202.238.71,ipv4,malicious-ip,medium,WHITE,ziyadnz/hourly-ipv4,ziyadnz|hourly,2026-08-17T18:48:05Z,2026-08-17T18:48:05Z,
27.202.250.4,ipv4,malicious-ip,medium,WHITE,ziyadnz/hourly-ipv4,ziyadnz|hourly,2026-08-17T18:48:05Z,2026-08-17T18:48:05Z,
27.202.57.197,ipv4,malicious-ip,medium,WHITE,ziyadnz/hourly-ipv4,ziyadnz|hourly,2026-08-17T18:48:05Z,2026-08-17T18:48:05Z,
27.203.108.41,ipv4,malicious-ip,medium,WHITE,ziyadnz/hourly-ipv4,ziyadnz|hourly,2026-08-17T18:48:05Z,2026-08-17T18:48:05Z,
27.203.133.21,ipv4,malicious-ip,medium,WHITE,ziyadnz/hourly-ipv4,ziyadnz|hourly,2026-08-17T18:48:05Z,2026-08-17T18:48:05Z,
27.203.150.103,ipv4,malicious-ip,medium,WHITE,ziyadnz/hourly-ipv4,ziyadnz|hourly,2026-08-17T18:48:05Z,2026-08-17T18:48:05Z,
27.203.155.40,ipv4,malicious-ip,medium,WHITE,ziyadnz/hourly-ipv4,ziyadnz|hourly,2026-08-17T18:48:05Z,2026-08-17T18:48:05Z,
27.203.158.156,ipv4,malicious-ip,medium,WHITE,ziyadnz/hourly-ipv4,ziyadnz|hourly,2026-08-17T18:48:05Z,2026-08-17T18:48:05Z,
27.203.181.161,ipv4,malicious-ip,medium,WHITE,ziyadnz/hourly-ipv4,ziyadnz|hourly,2026-08-17T18:48:05Z,2026-08-17T18:48:05Z,
27.203.211.242,ipv4,malicious-ip,medium,WHITE,ziyadnz/hourly-ipv4,ziyadnz|hourly,2026-08-17T18:48:05Z,2026-08-17T18:48:05Z,
27.204.144.178,ipv4,malicious-ip,medium,WHITE,ziyadnz/hourly-ipv4,ziyadnz|hourly,2026-08-17T18:48:05Z,2026-08-17T18:48:05Z,
27.204.146.241,ipv4,malicious-ip,medium,WHITE,ziyadnz/hourly-ipv4,ziyadnz|hourly,2026-08-17T18:48:05Z,2026-08-17T18:48:05Z,
27.204.21.10,ipv4,malicious-ip,medium,WHITE,ziyadnz/hourly-ipv4,ziyadnz|hourly,2026-08-17T18:48:05Z,2026-08-17T18:48:05Z,
27.204.85.231,ipv4,malicious-ip,medium,WHITE,ziyadnz/hourly-ipv4,ziyadnz|hourly,2026-08-17T18:48:05Z,2026-08-17T18:48:05Z,
27.205.154.73,ipv4,malicious-ip,medium,WHITE,ziyadnz/hourly-ipv4,ziyadnz|hourly,2026-08-17T18:48:05Z,2026-08-17T18:48:05Z,
27.205.37.63,ipv4,malicious-ip,medium,WHITE,ziyadnz/hourly-ipv4,ziyadnz|hourly,2026-08-17T18:48:05Z,2026-08-17T18:48:05Z,
27.205.56.42,ipv4,malicious-ip,medium,WHITE,ziyadnz/hourly-ipv4,ziyadnz|hourly,2026-08-17T18:48:05Z,2026-08-17T18:48:05Z,
27.205.65.144,ipv4,malicious-ip,medium,WHITE,ziyadnz/hourly-ipv4,ziyadnz|hourly,2026-08-17T18:48:05Z,2026-08-17T18:48:05Z,
27.206.111.187,ipv4,malicious-ip,medium,WHITE,ziyadnz/hourly-ipv4,ziyadnz|hourly,2026-08-17T18:48:05Z,2026-08-17T18:48:05Z,
27.206.137.96,ipv4,malicious-ip,medium,WHITE,ziyadnz/hourly-ipv4,ziyadnz|hourly,2026-08-17T18:48:05Z,2026-08-17T18:48:05Z,
27.206.149.183,ipv4,malicious-ip,medium,WHITE,ziyadnz/hourly-ipv4,ziyadnz|hourly,2026-08-17T18:48:05Z,2026-08-17T18:48:05Z,
27.206.164.161,ipv4,malicious-ip,medium,WHITE,ziyadnz/hourly-ipv4,ziyadnz|hourly,2026-08-17T18:48:05Z,2026-08-17T18:48:05Z,
27.206.183.37,ipv4,malicious-ip,medium,WHITE,ziyadnz/hourly-ipv4,ziyadnz|hourly,2026-08-17T18:48:05Z,2026-08-17T18:48:05Z,
27.206.24.151,ipv4,malicious-ip,medium,WHITE,ziyadnz/hourly-ipv4,ziyadnz|hourly,2026-08-17T18:48:05Z,2026-08-17T18:48:05Z,
27.206.240.62,ipv4,malicious-ip,medium,WHITE,ziyadnz/hourly-ipv4,ziyadnz|hourly,2026-08-17T18:48:05Z,2026-08-17T18:48:05Z,
27.206.244.186,ipv4,malicious-ip,medium,WHITE,ziyadnz/hourly-ipv4,ziyadnz|hourly,2026-08-17T18:48:05Z,2026-08-17T18:48:05Z,
27.206.25.24,ipv4,malicious-ip,medium,WHITE,ziyadnz/hourly-ipv4,ziyadnz|hourly,2026-08-17T18:48:05Z,2026-08-17T18:48:05Z,
27.206.47.61,ipv4,malicious-ip,medium,WHITE,ziyadnz/hourly-ipv4,ziyadnz|hourly,2026-08-17T18:48:05Z,2026-08-17T18:48:05Z,
27.206.56.147,ipv4,malicious-ip,medium,WHITE,ziyadnz/hourly-ipv4,ziyadnz|hourly,2026-08-17T18:48:05Z,2026-08-17T18:48:05Z,
27.206.77.5,ipv4,malicious-ip,medium,WHITE,ziyadnz/hourly-ipv4,ziyadnz|hourly,2026-08-17T18:48:05Z,2026-08-17T18:48:05Z,
27.206.89.163,ipv4,malicious-ip,medium,WHITE,ziyadnz/hourly-ipv4,ziyadnz|hourly,2026-08-17T18:48:05Z,2026-08-17T18:48:05Z,
27.206.91.63,ipv4,malicious-ip,medium,WHITE,ziyadnz/hourly-ipv4,ziyadnz|hourly,2026-08-17T18:48:05Z,2026-08-17T18:48:05Z,
27.207.109.70,ipv4,malicious-ip,medium,WHITE,ziyadnz/hourly-ipv4,ziyadnz|hourly,2026-08-17T18:48:05Z,2026-08-17T18:48:05Z,
27.207.120.157,ipv4,malicious-ip,medium,WHITE,ziyadnz/hourly-ipv4,ziyadnz|hourly,2026-08-17T18:48:05Z,2026-08-17T18:48:05Z,
27.207.156.158,ipv4,malicious-ip,medium,WHITE,ziyadnz/hourly-ipv4,ziyadnz|hourly,2026-08-17T18:48:05Z,2026-08-17T18:48:05Z,
27.207.230.87,ipv4,malicious-ip,medium,WHITE,ziyadnz/hourly-ipv4,ziyadnz|hourly,2026-08-17T18:48:05Z,2026-08-17T18:48:05Z,
27.207.237.155,ipv4,malicious-ip,medium,WHITE,ziyadnz/hourly-ipv4,ziyadnz|hourly,2026-08-17T18:48:05Z,2026-08-17T18:48:05Z,
27.207.243.204,ipv4,malicious-ip,medium,WHITE,ziyadnz/hourly-ipv4,ziyadnz|hourly,2026-08-17T18:48:05Z,2026-08-17T18:48:05Z,
27.207.243.77,ipv4,malicious-ip,medium,WHITE,ziyadnz/hourly-ipv4,ziyadnz|hourly,2026-08-17T18:48:05Z,2026-08-17T18:48:05Z,
27.207.38.41,ipv4,malicious-ip,medium,WHITE,ziyadnz/hourly-ipv4,ziyadnz|hourly,2026-08-17T18:48:05Z,2026-08-17T18:48:05Z,
27.207.50.196,ipv4,malicious-ip,medium,WHITE,ziyadnz/hourly-ipv4,ziyadnz|hourly,2026-08-17T18:48:05Z,2026-08-17T18:48:05Z,
27.207.8.82,ipv4,malicious-ip,medium,WHITE,ziyadnz/hourly-ipv4,ziyadnz|hourly,2026-08-17T18:48:05Z,2026-08-17T18:48:05Z,
27.209.1.181,ipv4,malicious-ip,medium,WHITE,ziyadnz/hourly-ipv4,ziyadnz|hourly,2026-08-17T18:48:05Z,2026-08-17T18:48:05Z,
27.209.105.113,ipv4,malicious-ip,medium,WHITE,ziyadnz/hourly-ipv4,ziyadnz|hourly,2026-08-17T18:48:05Z,2026-08-17T18:48:05Z,
27.209.115.154,ipv4,malicious-ip,medium,WHITE,ziyadnz/hourly-ipv4,ziyadnz|hourly,2026-08-17T18:48:05Z,2026-08-17T18:48:05Z,
27.209.128.220,ipv4,malicious-ip,medium,WHITE,ziyadnz/hourly-ipv4,ziyadnz|hourly,2026-08-17T18:48:05Z,2026-08-17T18:48:05Z,
27.209.169.224,ipv4,malicious-ip,medium,WHITE,ziyadnz/hourly-ipv4,ziyadnz|hourly,2026-08-17T18:48:05Z,2026-08-17T18:48:05Z,
27.209.185.48,ipv4,malicious-ip,medium,WHITE,ziyadnz/hourly-ipv4,ziyadnz|hourly,2026-08-17T18:48:05Z,2026-08-17T18:48:05Z,
27.209.189.206,ipv4,malicious-ip,medium,WHITE,ziyadnz/hourly-ipv4,ziyadnz|hourly,2026-08-17T18:48:05Z,2026-08-17T18:48:05Z,
27.209.201.127,ipv4,malicious-ip,medium,WHITE,ziyadnz/hourly-ipv4,ziyadnz|hourly,2026-08-17T18:48:05Z,2026-08-17T18:48:05Z,
27.209.223.254,ipv4,malicious-ip,medium,WHITE,ziyadnz/hourly-ipv4,ziyadnz|hourly,2026-08-17T18:48:05Z,2026-08-17T18:48:05Z,
27.209.234.31,ipv4,malicious-ip,medium,WHITE,ziyadnz/hourly-ipv4,ziyadnz|hourly,2026-08-17T18:48:05Z,2026-08-17T18:48:05Z,
27.209.247.169,ipv4,malicious-ip,medium,WHITE,ziyadnz/hourly-ipv4,ziyadnz|hourly,2026-08-17T18:48:05Z,2026-08-17T18:48:05Z,
27.209.43.141,ipv4,malicious-ip,medium,WHITE,ziyadnz/hourly-ipv4,ziyadnz|hourly,2026-08-17T18:48:05Z,2026-08-17T18:48:05Z,
27.209.69.158,ipv4,malicious-ip,medium,WHITE,ziyadnz/hourly-ipv4,ziyadnz|hourly,2026-08-17T18:48:05Z,2026-08-17T18:48:05Z,
27.21.112.235,ipv4,malicious-ip,medium,WHITE,ziyadnz/hourly-ipv4,ziyadnz|hourly,2026-08-17T18:48:05Z,2026-08-17T18:48:05Z,
27.21.122.122,ipv4,malicious-ip,medium,WHITE,ziyadnz/hourly-ipv4,ziyadnz|hourly,2026-08-17T18:48:05Z,2026-08-17T18:48:05Z,
27.21.156.173,ipv4,malicious-ip,medium,WHITE,ziyadnz/hourly-ipv4,ziyadnz|hourly,2026-08-17T18:48:05Z,2026-08-17T18:48:05Z,
27.21.24.116,ipv4,malicious-ip,medium,WHITE,ziyadnz/hourly-ipv4,ziyadnz|hourly,2026-08-17T18:48:05Z,2026-08-17T18:48:05Z,
27.21.24.47,ipv4,malicious-ip,medium,WHITE,ziyadnz/hourly-ipv4,ziyadnz|hourly,2026-08-17T18:48:05Z,2026-08-17T18:48:05Z,
27.21.25.156,ipv4,malicious-ip,medium,WHITE,ziyadnz/hourly-ipv4,ziyadnz|hourly,2026-08-17T18:48:05Z,2026-08-17T18:48:05Z,
27.21.25.33,ipv4,malicious-ip,medium,WHITE,ziyadnz/hourly-ipv4,ziyadnz|hourly,2026-08-17T18:48:05Z,2026-08-17T18:48:05Z,
27.21.26.189,ipv4,malicious-ip,medium,WHITE,ziyadnz/hourly-ipv4,ziyadnz|hourly,2026-08-17T18:48:05Z,2026-08-17T18:48:05Z,
27.21.27.1,ipv4,malicious-ip,medium,WHITE,ziyadnz/hourly-ipv4,ziyadnz|hourly,2026-08-17T18:48:05Z,2026-08-17T18:48:05Z,
27.21.27.171,ipv4,malicious-ip,medium,WHITE,ziyadnz/hourly-ipv4,ziyadnz|hourly,2026-08-17T18:48:05Z,2026-08-17T18:48:05Z,
27.21.27.184,ipv4,malicious-ip,medium,WHITE,ziyadnz/hourly-ipv4,ziyadnz|hourly,2026-08-17T18:48:05Z,2026-08-17T18:48:05Z,
27.21.28.200,ipv4,malicious-ip,medium,WHITE,ziyadnz/hourly-ipv4,ziyadnz|hourly,2026-08-17T18:48:05Z,2026-08-17T18:48:05Z,
27.21.28.236,ipv4,malicious-ip,medium,WHITE,ziyadnz/hourly-ipv4,ziyadnz|hourly,2026-08-17T18:48:05Z,2026-08-17T18:48:05Z,
27.21.29.134,ipv4,malicious-ip,medium,WHITE,ziyadnz/hourly-ipv4,ziyadnz|hourly,2026-08-17T18:48:05Z,2026-08-17T18:48:05Z,
27.21.29.151,ipv4,malicious-ip,medium,WHITE,ziyadnz/hourly-ipv4,ziyadnz|hourly,2026-08-17T18:48:05Z,2026-08-17T18:48:05Z,
27.21.29.241,ipv4,malicious-ip,medium,WHITE,ziyadnz/hourly-ipv4,ziyadnz|hourly,2026-08-17T18:48:05Z,2026-08-17T18:48:05Z,
27.21.29.67,ipv4,malicious-ip,medium,WHITE,ziyadnz/hourly-ipv4,ziyadnz|hourly,2026-08-17T18:48:05Z,2026-08-17T18:48:05Z,
27.21.30.201,ipv4,malicious-ip,medium,WHITE,ziyadnz/hourly-ipv4,ziyadnz|hourly,2026-08-17T18:48:05Z,2026-08-17T18:48:05Z,
27.21.31.184,ipv4,malicious-ip,medium,WHITE,ziyadnz/hourly-ipv4,ziyadnz|hourly,2026-08-17T18:48:05Z,2026-08-17T18:48:05Z,
27.21.31.188,ipv4,malicious-ip,medium,WHITE,ziyadnz/hourly-ipv4,ziyadnz|hourly,2026-08-17T18:48:05Z,2026-08-17T18:48:05Z,
27.21.31.82,ipv4,malicious-ip,medium,WHITE,ziyadnz/hourly-ipv4,ziyadnz|hourly,2026-08-17T18:48:05Z,2026-08-17T18:48:05Z,
27.210.111.121,ipv4,malicious-ip,medium,WHITE,ziyadnz/hourly-ipv4,ziyadnz|hourly,2026-08-17T18:48:05Z,2026-08-17T18:48:05Z,
27.210.177.33,ipv4,malicious-ip,medium,WHITE,ziyadnz/hourly-ipv4,ziyadnz|hourly,2026-08-17T18:48:05Z,2026-08-17T18:48:05Z,
27.210.253.233,ipv4,malicious-ip,medium,WHITE,ziyadnz/hourly-ipv4,ziyadnz|hourly,2026-08-17T18:48:05Z,2026-08-17T18:48:05Z,
27.212.111.170,ipv4,malicious-ip,medium,WHITE,ziyadnz/hourly-ipv4,ziyadnz|hourly,2026-08-17T18:48:05Z,2026-08-17T18:48:05Z,
27.213.120.252,ipv4,malicious-ip,medium,WHITE,ziyadnz/hourly-ipv4,ziyadnz|hourly,2026-08-17T18:48:05Z,2026-08-17T18:48:05Z,
27.213.242.214,ipv4,malicious-ip,medium,WHITE,ziyadnz/hourly-ipv4,ziyadnz|hourly,2026-08-17T18:48:05Z,2026-08-17T18:48:05Z,
27.213.56.171,ipv4,malicious-ip,medium,WHITE,ziyadnz/hourly-ipv4,ziyadnz|hourly,2026-08-17T18:48:05Z,2026-08-17T18:48:05Z,
27.214.206.68,ipv4,malicious-ip,medium,WHITE,ziyadnz/hourly-ipv4,ziyadnz|hourly,2026-08-17T18:48:05Z,2026-08-17T18:48:05Z,
27.214.209.20,ipv4,malicious-ip,medium,WHITE,ziyadnz/hourly-ipv4,ziyadnz|hourly,2026-08-17T18:48:05Z,2026-08-17T18:48:05Z,
27.214.211.23,ipv4,malicious-ip,medium,WHITE,ziyadnz/hourly-ipv4,ziyadnz|hourly,2026-08-17T18:48:05Z,2026-08-17T18:48:05Z,
27.214.28.78,ipv4,malicious-ip,medium,WHITE,ziyadnz/hourly-ipv4,ziyadnz|hourly,2026-08-17T18:48:05Z,2026-08-17T18:48:05Z,
27.214.29.38,ipv4,malicious-ip,medium,WHITE,ziyadnz/hourly-ipv4,ziyadnz|hourly,2026-08-17T18:48:05Z,2026-08-17T18:48:05Z,
27.214.60.175,ipv4,malicious-ip,medium,WHITE,ziyadnz/hourly-ipv4,ziyadnz|hourly,2026-08-17T18:48:05Z,2026-08-17T18:48:05Z,
27.214.94.122,ipv4,malicious-ip,medium,WHITE,ziyadnz/hourly-ipv4,ziyadnz|hourly,2026-08-17T18:48:05Z,2026-08-17T18:48:05Z,
27.215.108.44,ipv4,malicious-ip,medium,WHITE,ziyadnz/hourly-ipv4,ziyadnz|hourly,2026-08-17T18:48:05Z,2026-08-17T18:48:05Z,
27.215.124.165,ipv4,malicious-ip,medium,WHITE,ziyadnz/hourly-ipv4,ziyadnz|hourly,2026-08-17T18:48:05Z,2026-08-17T18:48:05Z,
27.215.126.200,ipv4,malicious-ip,medium,WHITE,ziyadnz/hourly-ipv4,ziyadnz|hourly,2026-08-17T18:48:05Z,2026-08-17T18:48:05Z,
27.215.138.143,ipv4,malicious-ip,medium,WHITE,ziyadnz/hourly-ipv4,ziyadnz|hourly,2026-08-17T18:48:05Z,2026-08-17T18:48:05Z,
27.215.40.139,ipv4,malicious-ip,medium,WHITE,ziyadnz/hourly-ipv4,ziyadnz|hourly,2026-08-17T18:48:05Z,2026-08-17T18:48:05Z,
27.215.48.9,ipv4,malicious-ip,medium,WHITE,ziyadnz/hourly-ipv4,ziyadnz|hourly,2026-08-17T18:48:05Z,2026-08-17T18:48:05Z,
27.215.78.91,ipv4,malicious-ip,medium,WHITE,ziyadnz/hourly-ipv4,ziyadnz|hourly,2026-08-17T18:48:05Z,2026-08-17T18:48:05Z,
27.216.122.181,ipv4,malicious-ip,medium,WHITE,ziyadnz/hourly-ipv4,ziyadnz|hourly,2026-08-17T18:48:05Z,2026-08-17T18:48:05Z,
27.216.134.211,ipv4,malicious-ip,medium,WHITE,ziyadnz/hourly-ipv4,ziyadnz|hourly,2026-08-17T18:48:05Z,2026-08-17T18:48:05Z,
27.216.27.163,ipv4,malicious-ip,medium,WHITE,ziyadnz/hourly-ipv4,ziyadnz|hourly,2026-08-17T18:48:05Z,2026-08-17T18:48:05Z,
27.216.5.255,ipv4,malicious-ip,medium,WHITE,ziyadnz/hourly-ipv4,ziyadnz|hourly,2026-08-17T18:48:05Z,2026-08-17T18:48:05Z,
27.217.209.22,ipv4,malicious-ip,medium,WHITE,ziyadnz/hourly-ipv4,ziyadnz|hourly,2026-08-17T18:48:05Z,2026-08-17T18:48:05Z,
27.217.67.104,ipv4,malicious-ip,medium,WHITE,ziyadnz/hourly-ipv4,ziyadnz|hourly,2026-08-17T18:48:05Z,2026-08-17T18:48:05Z,
27.218.188.166,ipv4,malicious-ip,medium,WHITE,ziyadnz/hourly-ipv4,ziyadnz|hourly,2026-08-17T18:48:05Z,2026-08-17T18:48:05Z,
27.218.212.85,ipv4,malicious-ip,medium,WHITE,ziyadnz/hourly-ipv4,ziyadnz|hourly,2026-08-17T18:48:05Z,2026-08-17T18:48:05Z,
27.218.237.206,ipv4,malicious-ip,medium,WHITE,ziyadnz/hourly-ipv4,ziyadnz|hourly,2026-08-17T18:48:05Z,2026-08-17T18:48:05Z,
27.218.65.175,ipv4,malicious-ip,medium,WHITE,ziyadnz/hourly-ipv4,ziyadnz|hourly,2026-08-17T18:48:05Z,2026-08-17T18:48:05Z,
27.219.114.81,ipv4,malicious-ip,medium,WHITE,ziyadnz/hourly-ipv4,ziyadnz|hourly,2026-08-17T18:48:05Z,2026-08-17T18:48:05Z,
27.219.20.233,ipv4,malicious-ip,medium,WHITE,ziyadnz/hourly-ipv4,ziyadnz|hourly,2026-08-17T18:48:05Z,2026-08-17T18:48:05Z,
27.219.44.150,ipv4,malicious-ip,medium,WHITE,ziyadnz/hourly-ipv4,ziyadnz|hourly,2026-08-17T18:48:05Z,2026-08-17T18:48:05Z,
27.219.73.38,ipv4,malicious-ip,medium,WHITE,ziyadnz/hourly-ipv4,ziyadnz|hourly,2026-08-17T18:48:05Z,2026-08-17T18:48:05Z,
27.22.105.234,ipv4,malicious-ip,medium,WHITE,ziyadnz/hourly-ipv4,ziyadnz|hourly,2026-08-17T18:48:05Z,2026-08-17T18:48:05Z,
27.22.118.50,ipv4,malicious-ip,medium,WHITE,ziyadnz/hourly-ipv4,ziyadnz|hourly,2026-08-17T18:48:05Z,2026-08-17T18:48:05Z,
27.22.118.8,ipv4,malicious-ip,medium,WHITE,ziyadnz/hourly-ipv4,ziyadnz|hourly,2026-08-17T18:48:05Z,2026-08-17T18:48:05Z,
27.22.119.147,ipv4,malicious-ip,medium,WHITE,ziyadnz/hourly-ipv4,ziyadnz|hourly,2026-08-17T18:48:05Z,2026-08-17T18:48:05Z,
27.22.196.83,ipv4,malicious-ip,medium,WHITE,ziyadnz/hourly-ipv4,ziyadnz|hourly,2026-08-17T18:48:05Z,2026-08-17T18:48:05Z,
27.22.209.84,ipv4,malicious-ip,medium,WHITE,ziyadnz/hourly-ipv4,ziyadnz|hourly,2026-08-17T18:48:05Z,2026-08-17T18:48:05Z,
27.22.236.17,ipv4,malicious-ip,medium,WHITE,ziyadnz/hourly-ipv4,ziyadnz|hourly,2026-08-17T18:48:05Z,2026-08-17T18:48:05Z,
27.22.237.165,ipv4,malicious-ip,medium,WHITE,ziyadnz/hourly-ipv4,ziyadnz|hourly,2026-08-17T18:48:05Z,2026-08-17T18:48:05Z,
27.22.60.20,ipv4,malicious-ip,medium,WHITE,ziyadnz/hourly-ipv4,ziyadnz|hourly,2026-08-17T18:48:05Z,2026-08-17T18:48:05Z,
27.22.65.117,ipv4,malicious-ip,medium,WHITE,ziyadnz/hourly-ipv4,ziyadnz|hourly,2026-08-17T18:48:05Z,2026-08-17T18:48:05Z,
27.22.65.98,ipv4,malicious-ip,medium,WHITE,ziyadnz/hourly-ipv4,ziyadnz|hourly,2026-08-17T18:48:05Z,2026-08-17T18:48:05Z,
27.22.67.21,ipv4,malicious-ip,medium,WHITE,ziyadnz/hourly-ipv4,ziyadnz|hourly,2026-08-17T18:48:05Z,2026-08-17T18:48:05Z,
27.22.73.137,ipv4,malicious-ip,medium,WHITE,ziyadnz/hourly-ipv4,ziyadnz|hourly,2026-08-17T18:48:05Z,2026-08-17T18:48:05Z,
27.22.73.223,ipv4,malicious-ip,medium,WHITE,ziyadnz/hourly-ipv4,ziyadnz|hourly,2026-08-17T18:48:05Z,2026-08-17T18:48:05Z,
27.22.73.45,ipv4,malicious-ip,medium,WHITE,ziyadnz/hourly-ipv4,ziyadnz|hourly,2026-08-17T18:48:05Z,2026-08-17T18:48:05Z,
27.220.11.95,ipv4,malicious-ip,medium,WHITE,ziyadnz/hourly-ipv4,ziyadnz|hourly,2026-08-17T18:48:05Z,2026-08-17T18:48:05Z,
27.220.110.23,ipv4,malicious-ip,medium,WHITE,ziyadnz/hourly-ipv4,ziyadnz|hourly,2026-08-17T18:48:05Z,2026-08-17T18:48:05Z,
27.220.116.51,ipv4,malicious-ip,medium,WHITE,ziyadnz/hourly-ipv4,ziyadnz|hourly,2026-08-17T18:48:05Z,2026-08-17T18:48:05Z,
27.220.133.148,ipv4,malicious-ip,medium,WHITE,ziyadnz/hourly-ipv4,ziyadnz|hourly,2026-08-17T18:48:05Z,2026-08-17T18:48:05Z,
27.220.17.236,ipv4,malicious-ip,medium,WHITE,ziyadnz/hourly-ipv4,ziyadnz|hourly,2026-08-17T18:48:05Z,2026-08-17T18:48:05Z,
27.220.2.49,ipv4,malicious-ip,medium,WHITE,ziyadnz/hourly-ipv4,ziyadnz|hourly,2026-08-17T18:48:05Z,2026-08-17T18:48:05Z,
27.220.214.247,ipv4,malicious-ip,medium,WHITE,ziyadnz/hourly-ipv4,ziyadnz|hourly,2026-08-17T18:48:05Z,2026-08-17T18:48:05Z,
27.220.228.124,ipv4,malicious-ip,medium,WHITE,ziyadnz/hourly-ipv4,ziyadnz|hourly,2026-08-17T18:48:05Z,2026-08-17T18:48:05Z,
27.220.23.82,ipv4,malicious-ip,medium,WHITE,ziyadnz/hourly-ipv4,ziyadnz|hourly,2026-08-17T18:48:05Z,2026-08-17T18:48:05Z,
27.220.242.117,ipv4,malicious-ip,medium,WHITE,ziyadnz/hourly-ipv4,ziyadnz|hourly,2026-08-17T18:48:05Z,2026-08-17T18:48:05Z,
27.220.255.1,ipv4,malicious-ip,medium,WHITE,ziyadnz/hourly-ipv4,ziyadnz|hourly,2026-08-17T18:48:05Z,2026-08-17T18:48:05Z,
27.220.39.0,ipv4,malicious-ip,medium,WHITE,ziyadnz/hourly-ipv4,ziyadnz|hourly,2026-08-17T18:48:05Z,2026-08-17T18:48:05Z,
27.220.40.164,ipv4,malicious-ip,medium,WHITE,ziyadnz/hourly-ipv4,ziyadnz|hourly,2026-08-17T18:48:05Z,2026-08-17T18:48:05Z,
27.220.43.139,ipv4,malicious-ip,medium,WHITE,ziyadnz/hourly-ipv4,ziyadnz|hourly,2026-08-17T18:48:05Z,2026-08-17T18:48:05Z,
27.220.7.74,ipv4,malicious-ip,medium,WHITE,ziyadnz/hourly-ipv4,ziyadnz|hourly,2026-08-17T18:48:05Z,2026-08-17T18:48:05Z,
27.220.73.183,ipv4,malicious-ip,medium,WHITE,ziyadnz/hourly-ipv4,ziyadnz|hourly,2026-08-17T18:48:05Z,2026-08-17T18:48:05Z,
27.221.13.239,ipv4,malicious-ip,medium,WHITE,ziyadnz/hourly-ipv4,ziyadnz|hourly,2026-08-17T18:48:05Z,2026-08-17T18:48:05Z,
27.221.131.243,ipv4,malicious-ip,medium,WHITE,ziyadnz/hourly-ipv4,ziyadnz|hourly,2026-08-17T18:48:05Z,2026-08-17T18:48:05Z,
27.221.167.35,ipv4,malicious-ip,medium,WHITE,ziyadnz/hourly-ipv4,ziyadnz|hourly,2026-08-17T18:48:05Z,2026-08-17T18:48:05Z,
27.221.170.96,ipv4,malicious-ip,medium,WHITE,ziyadnz/hourly-ipv4,ziyadnz|hourly,2026-08-17T18:48:05Z,2026-08-17T18:48:05Z,
27.221.188.152,ipv4,malicious-ip,medium,WHITE,ziyadnz/hourly-ipv4,ziyadnz|hourly,2026-08-17T18:48:05Z,2026-08-17T18:48:05Z,
27.221.255.83,ipv4,malicious-ip,medium,WHITE,ziyadnz/hourly-ipv4,ziyadnz|hourly,2026-08-17T18:48:05Z,2026-08-17T18:48:05Z,
27.222.107.75,ipv4,malicious-ip,medium,WHITE,ziyadnz/hourly-ipv4,ziyadnz|hourly,2026-08-17T18:48:05Z,2026-08-17T18:48:05Z,
27.222.146.68,ipv4,malicious-ip,medium,WHITE,ziyadnz/hourly-ipv4,ziyadnz|hourly,2026-08-17T18:48:05Z,2026-08-17T18:48:05Z,
27.222.169.233,ipv4,malicious-ip,medium,WHITE,ziyadnz/hourly-ipv4,ziyadnz|hourly,2026-08-17T18:48:05Z,2026-08-17T18:48:05Z,
27.222.203.57,ipv4,malicious-ip,medium,WHITE,ziyadnz/hourly-ipv4,ziyadnz|hourly,2026-08-17T18:48:05Z,2026-08-17T18:48:05Z,
27.222.209.150,ipv4,malicious-ip,medium,WHITE,ziyadnz/hourly-ipv4,ziyadnz|hourly,2026-08-17T18:48:05Z,2026-08-17T18:48:05Z,
27.222.222.60,ipv4,malicious-ip,medium,WHITE,ziyadnz/hourly-ipv4,ziyadnz|hourly,2026-08-17T18:48:05Z,2026-08-17T18:48:05Z,
27.222.233.107,ipv4,malicious-ip,medium,WHITE,ziyadnz/hourly-ipv4,ziyadnz|hourly,2026-08-17T18:48:05Z,2026-08-17T18:48:05Z,
27.223.135.119,ipv4,malicious-ip,medium,WHITE,ziyadnz/hourly-ipv4,ziyadnz|hourly,2026-08-17T18:48:05Z,2026-08-17T18:48:05Z,
27.223.15.94,ipv4,malicious-ip,medium,WHITE,ziyadnz/hourly-ipv4,ziyadnz|hourly,2026-08-17T18:48:05Z,2026-08-17T18:48:05Z,
27.223.153.27,ipv4,malicious-ip,medium,WHITE,ziyadnz/hourly-ipv4,ziyadnz|hourly,2026-08-17T18:48:05Z,2026-08-17T18:48:05Z,
27.223.40.76,ipv4,malicious-ip,medium,WHITE,ziyadnz/hourly-ipv4,ziyadnz|hourly,2026-08-17T18:48:05Z,2026-08-17T18:48:05Z,
27.223.45.215,ipv4,malicious-ip,medium,WHITE,ziyadnz/hourly-ipv4,ziyadnz|hourly,2026-08-17T18:48:05Z,2026-08-17T18:48:05Z,
27.227.202.206,ipv4,malicious-ip,medium,WHITE,ziyadnz/hourly-ipv4,ziyadnz|hourly,2026-08-17T18:48:05Z,2026-08-17T18:48:05Z,
27.23.115.119,ipv4,malicious-ip,medium,WHITE,ziyadnz/hourly-ipv4,ziyadnz|hourly,2026-08-17T18:48:05Z,2026-08-17T18:48:05Z,
27.23.66.33,ipv4,malicious-ip,medium,WHITE,ziyadnz/hourly-ipv4,ziyadnz|hourly,2026-08-17T18:48:05Z,2026-08-17T18:48:05Z,
27.23.67.50,ipv4,malicious-ip,medium,WHITE,ziyadnz/hourly-ipv4,ziyadnz|hourly,2026-08-17T18:48:05Z,2026-08-17T18:48:05Z,
27.24.107.62,ipv4,malicious-ip,medium,WHITE,ziyadnz/hourly-ipv4,ziyadnz|hourly,2026-08-17T18:48:05Z,2026-08-17T18:48:05Z,
27.24.141.0,ipv4,malicious-ip,medium,WHITE,ziyadnz/hourly-ipv4,ziyadnz|hourly,2026-08-17T18:48:05Z,2026-08-17T18:48:05Z,
27.24.141.169,ipv4,malicious-ip,medium,WHITE,ziyadnz/hourly-ipv4,ziyadnz|hourly,2026-08-17T18:48:05Z,2026-08-17T18:48:05Z,
27.24.141.88,ipv4,malicious-ip,medium,WHITE,ziyadnz/hourly-ipv4,ziyadnz|hourly,2026-08-17T18:48:05Z,2026-08-17T18:48:05Z,
27.24.15.62,ipv4,malicious-ip,medium,WHITE,ziyadnz/hourly-ipv4,ziyadnz|hourly,2026-08-17T18:48:05Z,2026-08-17T18:48:05Z,
27.24.87.65,ipv4,malicious-ip,medium,WHITE,ziyadnz/hourly-ipv4,ziyadnz|hourly,2026-08-17T18:48:05Z,2026-08-17T18:48:05Z,
27.24.91.112,ipv4,malicious-ip,medium,WHITE,ziyadnz/hourly-ipv4,ziyadnz|hourly,2026-08-17T18:48:05Z,2026-08-17T18:48:05Z,
27.25.100.223,ipv4,malicious-ip,medium,WHITE,ziyadnz/hourly-ipv4,ziyadnz|hourly,2026-08-17T18:48:05Z,2026-08-17T18:48:05Z,
27.25.124.175,ipv4,malicious-ip,medium,WHITE,ziyadnz/hourly-ipv4,ziyadnz|hourly,2026-08-17T18:48:05Z,2026-08-17T18:48:05Z,
27.25.148.183,ipv4,malicious-ip,medium,WHITE,ziyadnz/hourly-ipv4,ziyadnz|hourly,2026-08-17T18:48:05Z,2026-08-17T18:48:05Z,
27.25.18.255,ipv4,malicious-ip,medium,WHITE,ziyadnz/hourly-ipv4,ziyadnz|hourly,2026-08-17T18:48:05Z,2026-08-17T18:48:05Z,
27.25.19.244,ipv4,malicious-ip,medium,WHITE,ziyadnz/hourly-ipv4,ziyadnz|hourly,2026-08-17T18:48:05Z,2026-08-17T18:48:05Z,
27.25.20.67,ipv4,malicious-ip,medium,WHITE,ziyadnz/hourly-ipv4,ziyadnz|hourly,2026-08-17T18:48:05Z,2026-08-17T18:48:05Z,
27.25.21.199,ipv4,malicious-ip,medium,WHITE,ziyadnz/hourly-ipv4,ziyadnz|hourly,2026-08-17T18:48:05Z,2026-08-17T18:48:05Z,
27.25.64.6,ipv4,malicious-ip,medium,WHITE,ziyadnz/hourly-ipv4,ziyadnz|hourly,2026-08-17T18:48:05Z,2026-08-17T18:48:05Z,
27.25.66.111,ipv4,malicious-ip,medium,WHITE,ziyadnz/hourly-ipv4,ziyadnz|hourly,2026-08-17T18:48:05Z,2026-08-17T18:48:05Z,
27.25.67.144,ipv4,malicious-ip,medium,WHITE,ziyadnz/hourly-ipv4,ziyadnz|hourly,2026-08-17T18:48:05Z,2026-08-17T18:48:05Z,
27.25.70.182,ipv4,malicious-ip,medium,WHITE,ziyadnz/hourly-ipv4,ziyadnz|hourly,2026-08-17T18:48:05Z,2026-08-17T18:48:05Z,
27.25.75.34,ipv4,malicious-ip,medium,WHITE,ziyadnz/hourly-ipv4,ziyadnz|hourly,2026-08-17T18:48:05Z,2026-08-17T18:48:05Z,
27.254.77.155,ipv4,malicious-ip,medium,WHITE,ziyadnz/hourly-ipv4,ziyadnz|hourly,2026-08-17T18:48:05Z,2026-08-17T18:48:05Z,
27.27.200.94,ipv4,malicious-ip,medium,WHITE,ziyadnz/hourly-ipv4,ziyadnz|hourly,2026-08-17T18:48:05Z,2026-08-17T18:48:05Z,
27.28.229.24,ipv4,malicious-ip,medium,WHITE,ziyadnz/hourly-ipv4,ziyadnz|hourly,2026-08-17T18:48:05Z,2026-08-17T18:48:05Z,
27.28.43.176,ipv4,malicious-ip,medium,WHITE,ziyadnz/hourly-ipv4,ziyadnz|hourly,2026-08-17T18:48:05Z,2026-08-17T18:48:05Z,
27.28.99.216,ipv4,malicious-ip,medium,WHITE,ziyadnz/hourly-ipv4,ziyadnz|hourly,2026-08-17T18:48:05Z,2026-08-17T18:48:05Z,
27.29.16.2,ipv4,malicious-ip,medium,WHITE,ziyadnz/hourly-ipv4,ziyadnz|hourly,2026-08-17T18:48:05Z,2026-08-17T18:48:05Z,
27.29.165.168,ipv4,malicious-ip,medium,WHITE,ziyadnz/hourly-ipv4,ziyadnz|hourly,2026-08-17T18:48:05Z,2026-08-17T18:48:05Z,
27.29.167.163,ipv4,malicious-ip,medium,WHITE,ziyadnz/hourly-ipv4,ziyadnz|hourly,2026-08-17T18:48:05Z,2026-08-17T18:48:05Z,
27.29.67.81,ipv4,malicious-ip,medium,WHITE,ziyadnz/hourly-ipv4,ziyadnz|hourly,2026-08-17T18:48:05Z,2026-08-17T18:48:05Z,
27.3.129.140,ipv4,malicious-ip,medium,WHITE,ziyadnz/hourly-ipv4,ziyadnz|hourly,2026-08-17T18:48:05Z,2026-08-17T18:48:05Z,
27.3.20.27,ipv4,malicious-ip,medium,WHITE,ziyadnz/hourly-ipv4,ziyadnz|hourly,2026-08-17T18:48:05Z,2026-08-17T18:48:05Z,
27.3.44.202,ipv4,malicious-ip,medium,WHITE,ziyadnz/hourly-ipv4,ziyadnz|hourly,2026-08-17T18:48:05Z,2026-08-17T18:48:05Z,
27.30.78.74,ipv4,malicious-ip,medium,WHITE,ziyadnz/hourly-ipv4,ziyadnz|hourly,2026-08-17T18:48:05Z,2026-08-17T18:48:05Z,
27.31.108.46,ipv4,malicious-ip,medium,WHITE,ziyadnz/hourly-ipv4,ziyadnz|hourly,2026-08-17T18:48:05Z,2026-08-17T18:48:05Z,
27.31.110.238,ipv4,malicious-ip,medium,WHITE,ziyadnz/hourly-ipv4,ziyadnz|hourly,2026-08-17T18:48:05Z,2026-08-17T18:48:05Z,
27.31.111.139,ipv4,malicious-ip,medium,WHITE,ziyadnz/hourly-ipv4,ziyadnz|hourly,2026-08-17T18:48:05Z,2026-08-17T18:48:05Z,
27.31.111.156,ipv4,malicious-ip,medium,WHITE,ziyadnz/hourly-ipv4,ziyadnz|hourly,2026-08-17T18:48:05Z,2026-08-17T18:48:05Z,
27.34.111.60,ipv4,malicious-ip,medium,WHITE,ziyadnz/hourly-ipv4,ziyadnz|hourly,2026-08-17T18:48:05Z,2026-08-17T18:48:05Z,
27.34.64.120,ipv4,malicious-ip,medium,WHITE,ziyadnz/hourly-ipv4,ziyadnz|hourly,2026-08-17T18:48:05Z,2026-08-17T18:48:05Z,
27.34.64.154,ipv4,malicious-ip,medium,WHITE,ziyadnz/hourly-ipv4,ziyadnz|hourly,2026-08-17T18:48:05Z,2026-08-17T18:48:05Z,
27.34.64.235,ipv4,malicious-ip,medium,WHITE,ziyadnz/hourly-ipv4,ziyadnz|hourly,2026-08-17T18:48:05Z,2026-08-17T18:48:05Z,
27.34.64.37,ipv4,malicious-ip,medium,WHITE,ziyadnz/hourly-ipv4,ziyadnz|hourly,2026-08-17T18:48:05Z,2026-08-17T18:48:05Z,
27.34.64.55,ipv4,malicious-ip,medium,WHITE,ziyadnz/hourly-ipv4,ziyadnz|hourly,2026-08-17T18:48:05Z,2026-08-17T18:48:05Z,
27.34.65.159,ipv4,malicious-ip,medium,WHITE,ziyadnz/hourly-ipv4,ziyadnz|hourly,2026-08-17T18:48:05Z,2026-08-17T18:48:05Z,
27.34.65.210,ipv4,malicious-ip,medium,WHITE,ziyadnz/hourly-ipv4,ziyadnz|hourly,2026-08-17T18:48:05Z,2026-08-17T18:48:05Z,
27.34.65.33,ipv4,malicious-ip,medium,WHITE,ziyadnz/hourly-ipv4,ziyadnz|hourly,2026-08-17T18:48:05Z,2026-08-17T18:48:05Z,
27.34.66.50,ipv4,malicious-ip,medium,WHITE,ziyadnz/hourly-ipv4,ziyadnz|hourly,2026-08-17T18:48:05Z,2026-08-17T18:48:05Z,
27.34.68.0,ipv4,malicious-ip,medium,WHITE,ziyadnz/hourly-ipv4,ziyadnz|hourly,2026-08-17T18:48:05Z,2026-08-17T18:48:05Z,
27.34.68.101,ipv4,malicious-ip,medium,WHITE,ziyadnz/hourly-ipv4,ziyadnz|hourly,2026-08-17T18:48:05Z,2026-08-17T18:48:05Z,
27.34.68.102,ipv4,malicious-ip,medium,WHITE,ziyadnz/hourly-ipv4,ziyadnz|hourly,2026-08-17T18:48:05Z,2026-08-17T18:48:05Z,
27.34.68.116,ipv4,malicious-ip,medium,WHITE,ziyadnz/hourly-ipv4,ziyadnz|hourly,2026-08-17T18:48:05Z,2026-08-17T18:48:05Z,
27.34.68.13,ipv4,malicious-ip,medium,WHITE,ziyadnz/hourly-ipv4,ziyadnz|hourly,2026-08-17T18:48:05Z,2026-08-17T18:48:05Z,
27.34.68.153,ipv4,malicious-ip,medium,WHITE,ziyadnz/hourly-ipv4,ziyadnz|hourly,2026-08-17T18:48:05Z,2026-08-17T18:48:05Z,
27.34.68.165,ipv4,malicious-ip,medium,WHITE,ziyadnz/hourly-ipv4,ziyadnz|hourly,2026-08-17T18:48:05Z,2026-08-17T18:48:05Z,
27.34.68.23,ipv4,malicious-ip,medium,WHITE,ziyadnz/hourly-ipv4,ziyadnz|hourly,2026-08-17T18:48:05Z,2026-08-17T18:48:05Z,
27.34.68.34,ipv4,malicious-ip,medium,WHITE,ziyadnz/hourly-ipv4,ziyadnz|hourly,2026-08-17T18:48:05Z,2026-08-17T18:48:05Z,
27.34.68.43,ipv4,malicious-ip,medium,WHITE,ziyadnz/hourly-ipv4,ziyadnz|hourly,2026-08-17T18:48:05Z,2026-08-17T18:48:05Z,
27.34.68.62,ipv4,malicious-ip,medium,WHITE,ziyadnz/hourly-ipv4,ziyadnz|hourly,2026-08-17T18:48:05Z,2026-08-17T18:48:05Z,
27.34.68.93,ipv4,malicious-ip,medium,WHITE,ziyadnz/hourly-ipv4,ziyadnz|hourly,2026-08-17T18:48:05Z,2026-08-17T18:48:05Z,
27.34.68.94,ipv4,malicious-ip,medium,WHITE,ziyadnz/hourly-ipv4,ziyadnz|hourly,2026-08-17T18:48:05Z,2026-08-17T18:48:05Z,
27.34.69.196,ipv4,malicious-ip,medium,WHITE,ziyadnz/hourly-ipv4,ziyadnz|hourly,2026-08-17T18:48:05Z,2026-08-17T18:48:05Z,
27.34.69.219,ipv4,malicious-ip,medium,WHITE,ziyadnz/hourly-ipv4,ziyadnz|hourly,2026-08-17T18:48:05Z,2026-08-17T18:48:05Z,
27.34.69.27,ipv4,malicious-ip,medium,WHITE,ziyadnz/hourly-ipv4,ziyadnz|hourly,2026-08-17T18:48:05Z,2026-08-17T18:48:05Z,
27.34.71.91,ipv4,malicious-ip,medium,WHITE,ziyadnz/hourly-ipv4,ziyadnz|hourly,2026-08-17T18:48:05Z,2026-08-17T18:48:05Z,
27.34.73.145,ipv4,malicious-ip,medium,WHITE,ziyadnz/hourly-ipv4,ziyadnz|hourly,2026-08-17T18:48:05Z,2026-08-17T18:48:05Z,
27.34.73.174,ipv4,malicious-ip,medium,WHITE,ziyadnz/hourly-ipv4,ziyadnz|hourly,2026-08-17T18:48:05Z,2026-08-17T18:48:05Z,
27.34.73.190,ipv4,malicious-ip,medium,WHITE,ziyadnz/hourly-ipv4,ziyadnz|hourly,2026-08-17T18:48:05Z,2026-08-17T18:48:05Z,
27.34.73.220,ipv4,malicious-ip,medium,WHITE,ziyadnz/hourly-ipv4,ziyadnz|hourly,2026-08-17T18:48:05Z,2026-08-17T18:48:05Z,
27.34.73.237,ipv4,malicious-ip,medium,WHITE,ziyadnz/hourly-ipv4,ziyadnz|hourly,2026-08-17T18:48:05Z,2026-08-17T18:48:05Z,
27.35.65.22,ipv4,malicious-ip,medium,WHITE,ziyadnz/hourly-ipv4,ziyadnz|hourly,2026-08-17T18:48:05Z,2026-08-17T18:48:05Z,
27.35.8.135,ipv4,malicious-ip,medium,WHITE,ziyadnz/hourly-ipv4,ziyadnz|hourly,2026-08-17T18:48:05Z,2026-08-17T18:48:05Z,
27.36.0.31,ipv4,malicious-ip,medium,WHITE,ziyadnz/hourly-ipv4,ziyadnz|hourly,2026-08-17T18:48:05Z,2026-08-17T18:48:05Z,
27.37.25.113,ipv4,malicious-ip,medium,WHITE,ziyadnz/hourly-ipv4,ziyadnz|hourly,2026-08-17T18:48:05Z,2026-08-17T18:48:05Z,
27.38.126.224,ipv4,malicious-ip,medium,WHITE,ziyadnz/hourly-ipv4,ziyadnz|hourly,2026-08-17T18:48:05Z,2026-08-17T18:48:05Z,
27.39.128.127,ipv4,malicious-ip,medium,WHITE,ziyadnz/hourly-ipv4,ziyadnz|hourly,2026-08-17T18:48:05Z,2026-08-17T18:48:05Z,
27.39.128.170,ipv4,malicious-ip,medium,WHITE,ziyadnz/hourly-ipv4,ziyadnz|hourly,2026-08-17T18:48:05Z,2026-08-17T18:48:05Z,
27.41.249.160,ipv4,malicious-ip,medium,WHITE,ziyadnz/hourly-ipv4,ziyadnz|hourly,2026-08-17T18:48:05Z,2026-08-17T18:48:05Z,
27.41.250.229,ipv4,malicious-ip,medium,WHITE,ziyadnz/hourly-ipv4,ziyadnz|hourly,2026-08-17T18:48:05Z,2026-08-17T18:48:05Z,
27.41.250.251,ipv4,malicious-ip,medium,WHITE,ziyadnz/hourly-ipv4,ziyadnz|hourly,2026-08-17T18:48:05Z,2026-08-17T18:48:05Z,
27.41.251.49,ipv4,malicious-ip,medium,WHITE,ziyadnz/hourly-ipv4,ziyadnz|hourly,2026-08-17T18:48:05Z,2026-08-17T18:48:05Z,
27.42.160.84,ipv4,malicious-ip,medium,WHITE,ziyadnz/hourly-ipv4,ziyadnz|hourly,2026-08-17T18:48:05Z,2026-08-17T18:48:05Z,
27.42.172.175,ipv4,malicious-ip,medium,WHITE,ziyadnz/hourly-ipv4,ziyadnz|hourly,2026-08-17T18:48:05Z,2026-08-17T18:48:05Z,
27.42.248.79,ipv4,malicious-ip,medium,WHITE,ziyadnz/hourly-ipv4,ziyadnz|hourly,2026-08-17T18:48:05Z,2026-08-17T18:48:05Z,
27.43.224.92,ipv4,malicious-ip,medium,WHITE,ziyadnz/hourly-ipv4,ziyadnz|hourly,2026-08-17T18:48:05Z,2026-08-17T18:48:05Z,
27.44.125.87,ipv4,malicious-ip,medium,WHITE,ziyadnz/hourly-ipv4,ziyadnz|hourly,2026-08-17T18:48:05Z,2026-08-17T18:48:05Z,
27.47.34.217,ipv4,malicious-ip,medium,WHITE,ziyadnz/hourly-ipv4,ziyadnz|hourly,2026-08-17T18:48:05Z,2026-08-17T18:48:05Z,
27.49.12.71,ipv4,malicious-ip,medium,WHITE,ziyadnz/hourly-ipv4,ziyadnz|hourly,2026-08-17T18:48:05Z,2026-08-17T18:48:05Z,
27.50.25.190,ipv4,malicious-ip,medium,WHITE,ziyadnz/hourly-ipv4,ziyadnz|hourly,2026-08-17T18:48:05Z,2026-08-17T18:48:05Z,
27.50.63.40,ipv4,malicious-ip,medium,WHITE,ziyadnz/hourly-ipv4,ziyadnz|hourly,2026-08-17T18:48:05Z,2026-08-17T18:48:05Z,
27.58.116.44,ipv4,malicious-ip,medium,WHITE,ziyadnz/hourly-ipv4,ziyadnz|hourly,2026-08-17T18:48:05Z,2026-08-17T18:48:05Z,
27.59.108.131,ipv4,malicious-ip,medium,WHITE,ziyadnz/hourly-ipv4,ziyadnz|hourly,2026-08-17T18:48:05Z,2026-08-17T18:48:05Z,
27.59.125.91,ipv4,malicious-ip,medium,WHITE,ziyadnz/hourly-ipv4,ziyadnz|hourly,2026-08-17T18:48:05Z,2026-08-17T18:48:05Z,
27.59.93.25,ipv4,malicious-ip,medium,WHITE,ziyadnz/hourly-ipv4,ziyadnz|hourly,2026-08-17T18:48:05Z,2026-08-17T18:48:05Z,
27.6.28.25,ipv4,malicious-ip,medium,WHITE,ziyadnz/hourly-ipv4,ziyadnz|hourly,2026-08-17T18:48:05Z,2026-08-17T18:48:05Z,
27.60.140.84,ipv4,malicious-ip,medium,WHITE,ziyadnz/hourly-ipv4,ziyadnz|hourly,2026-08-17T18:48:05Z,2026-08-17T18:48:05Z,
27.61.38.4,ipv4,malicious-ip,medium,WHITE,ziyadnz/hourly-ipv4,ziyadnz|hourly,2026-08-17T18:48:05Z,2026-08-17T18:48:05Z,
27.64.139.53,ipv4,malicious-ip,medium,WHITE,ziyadnz/hourly-ipv4,ziyadnz|hourly,2026-08-17T18:48:05Z,2026-08-17T18:48:05Z,
27.65.159.108,ipv4,malicious-ip,medium,WHITE,ziyadnz/hourly-ipv4,ziyadnz|hourly,2026-08-17T18:48:05Z,2026-08-17T18:48:05Z,
27.65.253.41,ipv4,malicious-ip,medium,WHITE,ziyadnz/hourly-ipv4,ziyadnz|hourly,2026-08-17T18:48:05Z,2026-08-17T18:48:05Z,
27.7.157.56,ipv4,malicious-ip,medium,WHITE,ziyadnz/hourly-ipv4,ziyadnz|hourly,2026-08-17T18:48:05Z,2026-08-17T18:48:05Z,
27.71.230.31,ipv4,malicious-ip,medium,WHITE,ziyadnz/hourly-ipv4,ziyadnz|hourly,2026-08-17T18:48:05Z,2026-08-17T18:48:05Z,
27.71.234.61,ipv4,malicious-ip,medium,WHITE,ziyadnz/hourly-ipv4,ziyadnz|hourly,2026-08-17T18:48:05Z,2026-08-17T18:48:05Z,
27.71.237.45,ipv4,malicious-ip,medium,WHITE,ziyadnz/hourly-ipv4,ziyadnz|hourly,2026-08-17T18:48:05Z,2026-08-17T18:48:05Z,
27.71.25.140,ipv4,malicious-ip,medium,WHITE,ziyadnz/hourly-ipv4,ziyadnz|hourly,2026-08-17T18:48:05Z,2026-08-17T18:48:05Z,
27.71.27.209,ipv4,malicious-ip,medium,WHITE,ziyadnz/hourly-ipv4,ziyadnz|hourly,2026-08-17T18:48:05Z,2026-08-17T18:48:05Z,
27.72.109.30,ipv4,malicious-ip,medium,WHITE,ziyadnz/hourly-ipv4,ziyadnz|hourly,2026-08-17T18:48:05Z,2026-08-17T18:48:05Z,
27.72.248.213,ipv4,malicious-ip,medium,WHITE,ziyadnz/hourly-ipv4,ziyadnz|hourly,2026-08-17T18:48:05Z,2026-08-17T18:48:05Z,
27.72.29.63,ipv4,malicious-ip,medium,WHITE,ziyadnz/hourly-ipv4,ziyadnz|hourly,2026-08-17T18:48:05Z,2026-08-17T18:48:05Z,
27.72.46.152,ipv4,malicious-ip,medium,WHITE,ziyadnz/hourly-ipv4,ziyadnz|hourly,2026-08-17T18:48:05Z,2026-08-17T18:48:05Z,
27.72.90.137,ipv4,malicious-ip,medium,WHITE,ziyadnz/hourly-ipv4,ziyadnz|hourly,2026-08-17T18:48:05Z,2026-08-17T18:48:05Z,
27.72.91.174,ipv4,malicious-ip,medium,WHITE,ziyadnz/hourly-ipv4,ziyadnz|hourly,2026-08-17T18:48:05Z,2026-08-17T18:48:05Z,
27.72.97.93,ipv4,malicious-ip,medium,WHITE,ziyadnz/hourly-ipv4,ziyadnz|hourly,2026-08-17T18:48:05Z,2026-08-17T18:48:05Z,
27.73.248.28,ipv4,malicious-ip,medium,WHITE,ziyadnz/hourly-ipv4,ziyadnz|hourly,2026-08-17T18:48:05Z,2026-08-17T18:48:05Z,
27.73.37.162,ipv4,malicious-ip,medium,WHITE,ziyadnz/hourly-ipv4,ziyadnz|hourly,2026-08-17T18:48:05Z,2026-08-17T18:48:05Z,
27.74.245.18,ipv4,malicious-ip,medium,WHITE,ziyadnz/hourly-ipv4,ziyadnz|hourly,2026-08-17T18:48:05Z,2026-08-17T18:48:05Z,
27.74.252.240,ipv4,malicious-ip,medium,WHITE,ziyadnz/hourly-ipv4,ziyadnz|hourly,2026-08-17T18:48:05Z,2026-08-17T18:48:05Z,
27.77.182.50,ipv4,malicious-ip,medium,WHITE,ziyadnz/hourly-ipv4,ziyadnz|hourly,2026-08-17T18:48:05Z,2026-08-17T18:48:05Z,
27.77.238.36,ipv4,malicious-ip,medium,WHITE,ziyadnz/hourly-ipv4,ziyadnz|hourly,2026-08-17T18:48:05Z,2026-08-17T18:48:05Z,
27.78.68.129,ipv4,malicious-ip,medium,WHITE,ziyadnz/hourly-ipv4,ziyadnz|hourly,2026-08-17T18:48:05Z,2026-08-17T18:48:05Z,
27.78.70.85,ipv4,malicious-ip,medium,WHITE,ziyadnz/hourly-ipv4,ziyadnz|hourly,2026-08-17T18:48:05Z,2026-08-17T18:48:05Z,
27.79.0.183,ipv4,malicious-ip,medium,WHITE,ziyadnz/hourly-ipv4,ziyadnz|hourly,2026-08-17T18:48:05Z,2026-08-17T18:48:05Z,
27.79.0.190,ipv4,malicious-ip,medium,WHITE,ziyadnz/hourly-ipv4,ziyadnz|hourly,2026-08-17T18:48:05Z,2026-08-17T18:48:05Z,
27.79.0.66,ipv4,malicious-ip,medium,WHITE,ziyadnz/hourly-ipv4,ziyadnz|hourly,2026-08-17T18:48:05Z,2026-08-17T18:48:05Z,
27.79.1.152,ipv4,malicious-ip,medium,WHITE,ziyadnz/hourly-ipv4,ziyadnz|hourly,2026-08-17T18:48:05Z,2026-08-17T18:48:05Z,
27.79.1.84,ipv4,malicious-ip,medium,WHITE,ziyadnz/hourly-ipv4,ziyadnz|hourly,2026-08-17T18:48:05Z,2026-08-17T18:48:05Z,
27.79.155.121,ipv4,malicious-ip,medium,WHITE,ziyadnz/hourly-ipv4,ziyadnz|hourly,2026-08-17T18:48:05Z,2026-08-17T18:48:05Z,
27.79.173.222,ipv4,malicious-ip,medium,WHITE,ziyadnz/hourly-ipv4,ziyadnz|hourly,2026-08-17T18:48:05Z,2026-08-17T18:48:05Z,
27.79.2.118,ipv4,malicious-ip,medium,WHITE,ziyadnz/hourly-ipv4,ziyadnz|hourly,2026-08-17T18:48:05Z,2026-08-17T18:48:05Z,
27.79.2.127,ipv4,malicious-ip,medium,WHITE,ziyadnz/hourly-ipv4,ziyadnz|hourly,2026-08-17T18:48:05Z,2026-08-17T18:48:05Z,
27.79.2.165,ipv4,malicious-ip,medium,WHITE,ziyadnz/hourly-ipv4,ziyadnz|hourly,2026-08-17T18:48:05Z,2026-08-17T18:48:05Z,
27.79.2.167,ipv4,malicious-ip,medium,WHITE,ziyadnz/hourly-ipv4,ziyadnz|hourly,2026-08-17T18:48:05Z,2026-08-17T18:48:05Z,
27.79.3.114,ipv4,malicious-ip,medium,WHITE,ziyadnz/hourly-ipv4,ziyadnz|hourly,2026-08-17T18:48:05Z,2026-08-17T18:48:05Z,
27.79.3.146,ipv4,malicious-ip,medium,WHITE,ziyadnz/hourly-ipv4,ziyadnz|hourly,2026-08-17T18:48:05Z,2026-08-17T18:48:05Z,
27.79.3.164,ipv4,malicious-ip,medium,WHITE,ziyadnz/hourly-ipv4,ziyadnz|hourly,2026-08-17T18:48:05Z,2026-08-17T18:48:05Z,
27.79.4.105,ipv4,malicious-ip,medium,WHITE,ziyadnz/hourly-ipv4,ziyadnz|hourly,2026-08-17T18:48:05Z,2026-08-17T18:48:05Z,
27.79.4.213,ipv4,malicious-ip,medium,WHITE,ziyadnz/hourly-ipv4,ziyadnz|hourly,2026-08-17T18:48:05Z,2026-08-17T18:48:05Z,
27.79.4.247,ipv4,malicious-ip,medium,WHITE,ziyadnz/hourly-ipv4,ziyadnz|hourly,2026-08-17T18:48:05Z,2026-08-17T18:48:05Z,
27.79.4.71,ipv4,malicious-ip,medium,WHITE,ziyadnz/hourly-ipv4,ziyadnz|hourly,2026-08-17T18:48:05Z,2026-08-17T18:48:05Z,
27.79.40.0,ipv4,malicious-ip,medium,WHITE,ziyadnz/hourly-ipv4,ziyadnz|hourly,2026-08-17T18:48:05Z,2026-08-17T18:48:05Z,
27.79.40.165,ipv4,malicious-ip,medium,WHITE,ziyadnz/hourly-ipv4,ziyadnz|hourly,2026-08-17T18:48:05Z,2026-08-17T18:48:05Z,
27.79.40.182,ipv4,malicious-ip,medium,WHITE,ziyadnz/hourly-ipv4,ziyadnz|hourly,2026-08-17T18:48:05Z,2026-08-17T18:48:05Z,
27.79.40.20,ipv4,malicious-ip,medium,WHITE,ziyadnz/hourly-ipv4,ziyadnz|hourly,2026-08-17T18:48:05Z,2026-08-17T18:48:05Z,
27.79.40.209,ipv4,malicious-ip,medium,WHITE,ziyadnz/hourly-ipv4,ziyadnz|hourly,2026-08-17T18:48:05Z,2026-08-17T18:48:05Z,
27.79.40.234,ipv4,malicious-ip,medium,WHITE,ziyadnz/hourly-ipv4,ziyadnz|hourly,2026-08-17T18:48:05Z,2026-08-17T18:48:05Z,
27.79.40.244,ipv4,malicious-ip,medium,WHITE,ziyadnz/hourly-ipv4,ziyadnz|hourly,2026-08-17T18:48:05Z,2026-08-17T18:48:05Z,
27.79.40.79,ipv4,malicious-ip,medium,WHITE,ziyadnz/hourly-ipv4,ziyadnz|hourly,2026-08-17T18:48:05Z,2026-08-17T18:48:05Z,
27.79.41.0,ipv4,malicious-ip,medium,WHITE,ziyadnz/hourly-ipv4,ziyadnz|hourly,2026-08-17T18:48:05Z,2026-08-17T18:48:05Z,
27.79.41.130,ipv4,malicious-ip,medium,WHITE,ziyadnz/hourly-ipv4,ziyadnz|hourly,2026-08-17T18:48:05Z,2026-08-17T18:48:05Z,
27.79.41.136,ipv4,malicious-ip,medium,WHITE,ziyadnz/hourly-ipv4,ziyadnz|hourly,2026-08-17T18:48:05Z,2026-08-17T18:48:05Z,
27.79.41.166,ipv4,malicious-ip,medium,WHITE,ziyadnz/hourly-ipv4,ziyadnz|hourly,2026-08-17T18:48:05Z,2026-08-17T18:48:05Z,
27.79.41.170,ipv4,malicious-ip,medium,WHITE,ziyadnz/hourly-ipv4,ziyadnz|hourly,2026-08-17T18:48:05Z,2026-08-17T18:48:05Z,
27.79.41.176,ipv4,malicious-ip,medium,WHITE,ziyadnz/hourly-ipv4,ziyadnz|hourly,2026-08-17T18:48:05Z,2026-08-17T18:48:05Z,
27.79.41.18,ipv4,malicious-ip,medium,WHITE,ziyadnz/hourly-ipv4,ziyadnz|hourly,2026-08-17T18:48:05Z,2026-08-17T18:48:05Z,
27.79.41.196,ipv4,malicious-ip,medium,WHITE,ziyadnz/hourly-ipv4,ziyadnz|hourly,2026-08-17T18:48:05Z,2026-08-17T18:48:05Z,
27.79.41.236,ipv4,malicious-ip,medium,WHITE,ziyadnz/hourly-ipv4,ziyadnz|hourly,2026-08-17T18:48:05Z,2026-08-17T18:48:05Z,
27.79.41.238,ipv4,malicious-ip,medium,WHITE,ziyadnz/hourly-ipv4,ziyadnz|hourly,2026-08-17T18:48:05Z,2026-08-17T18:48:05Z,
27.79.41.47,ipv4,malicious-ip,medium,WHITE,ziyadnz/hourly-ipv4,ziyadnz|hourly,2026-08-17T18:48:05Z,2026-08-17T18:48:05Z,
27.79.41.68,ipv4,malicious-ip,medium,WHITE,ziyadnz/hourly-ipv4,ziyadnz|hourly,2026-08-17T18:48:05Z,2026-08-17T18:48:05Z,
27.79.41.73,ipv4,malicious-ip,medium,WHITE,ziyadnz/hourly-ipv4,ziyadnz|hourly,2026-08-17T18:48:05Z,2026-08-17T18:48:05Z,
27.79.41.76,ipv4,malicious-ip,medium,WHITE,ziyadnz/hourly-ipv4,ziyadnz|hourly,2026-08-17T18:48:05Z,2026-08-17T18:48:05Z,
27.79.41.78,ipv4,malicious-ip,medium,WHITE,ziyadnz/hourly-ipv4,ziyadnz|hourly,2026-08-17T18:48:05Z,2026-08-17T18:48:05Z,
27.79.42.155,ipv4,malicious-ip,medium,WHITE,ziyadnz/hourly-ipv4,ziyadnz|hourly,2026-08-17T18:48:05Z,2026-08-17T18:48:05Z,
27.79.42.48,ipv4,malicious-ip,medium,WHITE,ziyadnz/hourly-ipv4,ziyadnz|hourly,2026-08-17T18:48:05Z,2026-08-17T18:48:05Z,
27.79.43.170,ipv4,malicious-ip,medium,WHITE,ziyadnz/hourly-ipv4,ziyadnz|hourly,2026-08-17T18:48:05Z,2026-08-17T18:48:05Z,
27.79.43.198,ipv4,malicious-ip,medium,WHITE,ziyadnz/hourly-ipv4,ziyadnz|hourly,2026-08-17T18:48:05Z,2026-08-17T18:48:05Z,
27.79.43.239,ipv4,malicious-ip,medium,WHITE,ziyadnz/hourly-ipv4,ziyadnz|hourly,2026-08-17T18:48:05Z,2026-08-17T18:48:05Z,
27.79.43.245,ipv4,malicious-ip,medium,WHITE,ziyadnz/hourly-ipv4,ziyadnz|hourly,2026-08-17T18:48:05Z,2026-08-17T18:48:05Z,
27.79.43.30,ipv4,malicious-ip,medium,WHITE,ziyadnz/hourly-ipv4,ziyadnz|hourly,2026-08-17T18:48:05Z,2026-08-17T18:48:05Z,
27.79.44.0,ipv4,malicious-ip,medium,WHITE,ziyadnz/hourly-ipv4,ziyadnz|hourly,2026-08-17T18:48:05Z,2026-08-17T18:48:05Z,
27.79.44.157,ipv4,malicious-ip,medium,WHITE,ziyadnz/hourly-ipv4,ziyadnz|hourly,2026-08-17T18:48:05Z,2026-08-17T18:48:05Z,
27.79.44.195,ipv4,malicious-ip,medium,WHITE,ziyadnz/hourly-ipv4,ziyadnz|hourly,2026-08-17T18:48:05Z,2026-08-17T18:48:05Z,
27.79.44.206,ipv4,malicious-ip,medium,WHITE,ziyadnz/hourly-ipv4,ziyadnz|hourly,2026-08-17T18:48:05Z,2026-08-17T18:48:05Z,
27.79.44.21,ipv4,malicious-ip,medium,WHITE,ziyadnz/hourly-ipv4,ziyadnz|hourly,2026-08-17T18:48:05Z,2026-08-17T18:48:05Z,
27.79.44.223,ipv4,malicious-ip,medium,WHITE,ziyadnz/hourly-ipv4,ziyadnz|hourly,2026-08-17T18:48:05Z,2026-08-17T18:48:05Z,
27.79.44.248,ipv4,malicious-ip,medium,WHITE,ziyadnz/hourly-ipv4,ziyadnz|hourly,2026-08-17T18:48:05Z,2026-08-17T18:48:05Z,
27.79.45.0,ipv4,malicious-ip,medium,WHITE,ziyadnz/hourly-ipv4,ziyadnz|hourly,2026-08-17T18:48:05Z,2026-08-17T18:48:05Z,
27.79.45.112,ipv4,malicious-ip,medium,WHITE,ziyadnz/hourly-ipv4,ziyadnz|hourly,2026-08-17T18:48:05Z,2026-08-17T18:48:05Z,
27.79.45.13,ipv4,malicious-ip,medium,WHITE,ziyadnz/hourly-ipv4,ziyadnz|hourly,2026-08-17T18:48:05Z,2026-08-17T18:48:05Z,
27.79.45.15,ipv4,malicious-ip,medium,WHITE,ziyadnz/hourly-ipv4,ziyadnz|hourly,2026-08-17T18:48:05Z,2026-08-17T18:48:05Z,
27.79.45.243,ipv4,malicious-ip,medium,WHITE,ziyadnz/hourly-ipv4,ziyadnz|hourly,2026-08-17T18:48:05Z,2026-08-17T18:48:05Z,
27.79.45.247,ipv4,malicious-ip,medium,WHITE,ziyadnz/hourly-ipv4,ziyadnz|hourly,2026-08-17T18:48:05Z,2026-08-17T18:48:05Z,
27.79.45.52,ipv4,malicious-ip,medium,WHITE,ziyadnz/hourly-ipv4,ziyadnz|hourly,2026-08-17T18:48:05Z,2026-08-17T18:48:05Z,
27.79.45.78,ipv4,malicious-ip,medium,WHITE,ziyadnz/hourly-ipv4,ziyadnz|hourly,2026-08-17T18:48:05Z,2026-08-17T18:48:05Z,
27.79.45.95,ipv4,malicious-ip,medium,WHITE,ziyadnz/hourly-ipv4,ziyadnz|hourly,2026-08-17T18:48:05Z,2026-08-17T18:48:05Z,
27.79.46.13,ipv4,malicious-ip,medium,WHITE,ziyadnz/hourly-ipv4,ziyadnz|hourly,2026-08-17T18:48:05Z,2026-08-17T18:48:05Z,
27.79.46.191,ipv4,malicious-ip,medium,WHITE,ziyadnz/hourly-ipv4,ziyadnz|hourly,2026-08-17T18:48:05Z,2026-08-17T18:48:05Z,
27.79.46.216,ipv4,malicious-ip,medium,WHITE,ziyadnz/hourly-ipv4,ziyadnz|hourly,2026-08-17T18:48:05Z,2026-08-17T18:48:05Z,
27.79.46.84,ipv4,malicious-ip,medium,WHITE,ziyadnz/hourly-ipv4,ziyadnz|hourly,2026-08-17T18:48:05Z,2026-08-17T18:48:05Z,
27.79.47.0,ipv4,malicious-ip,medium,WHITE,ziyadnz/hourly-ipv4,ziyadnz|hourly,2026-08-17T18:48:05Z,2026-08-17T18:48:05Z,
27.79.47.115,ipv4,malicious-ip,medium,WHITE,ziyadnz/hourly-ipv4,ziyadnz|hourly,2026-08-17T18:48:05Z,2026-08-17T18:48:05Z,
27.79.47.12,ipv4,malicious-ip,medium,WHITE,ziyadnz/hourly-ipv4,ziyadnz|hourly,2026-08-17T18:48:05Z,2026-08-17T18:48:05Z,
27.79.47.131,ipv4,malicious-ip,medium,WHITE,ziyadnz/hourly-ipv4,ziyadnz|hourly,2026-08-17T18:48:05Z,2026-08-17T18:48:05Z,
27.79.47.171,ipv4,malicious-ip,medium,WHITE,ziyadnz/hourly-ipv4,ziyadnz|hourly,2026-08-17T18:48:05Z,2026-08-17T18:48:05Z,
27.79.47.240,ipv4,malicious-ip,medium,WHITE,ziyadnz/hourly-ipv4,ziyadnz|hourly,2026-08-17T18:48:05Z,2026-08-17T18:48:05Z,
27.79.47.47,ipv4,malicious-ip,medium,WHITE,ziyadnz/hourly-ipv4,ziyadnz|hourly,2026-08-17T18:48:05Z,2026-08-17T18:48:05Z,
27.79.5.0,ipv4,malicious-ip,medium,WHITE,ziyadnz/hourly-ipv4,ziyadnz|hourly,2026-08-17T18:48:05Z,2026-08-17T18:48:05Z,
27.79.5.119,ipv4,malicious-ip,medium,WHITE,ziyadnz/hourly-ipv4,ziyadnz|hourly,2026-08-17T18:48:05Z,2026-08-17T18:48:05Z,
27.79.5.133,ipv4,malicious-ip,medium,WHITE,ziyadnz/hourly-ipv4,ziyadnz|hourly,2026-08-17T18:48:05Z,2026-08-17T18:48:05Z,
27.79.5.163,ipv4,malicious-ip,medium,WHITE,ziyadnz/hourly-ipv4,ziyadnz|hourly,2026-08-17T18:48:05Z,2026-08-17T18:48:05Z,
27.79.5.184,ipv4,malicious-ip,medium,WHITE,ziyadnz/hourly-ipv4,ziyadnz|hourly,2026-08-17T18:48:05Z,2026-08-17T18:48:05Z,
27.79.5.2,ipv4,malicious-ip,medium,WHITE,ziyadnz/hourly-ipv4,ziyadnz|hourly,2026-08-17T18:48:05Z,2026-08-17T18:48:05Z,
27.79.5.224,ipv4,malicious-ip,medium,WHITE,ziyadnz/hourly-ipv4,ziyadnz|hourly,2026-08-17T18:48:05Z,2026-08-17T18:48:05Z,
27.79.5.60,ipv4,malicious-ip,medium,WHITE,ziyadnz/hourly-ipv4,ziyadnz|hourly,2026-08-17T18:48:05Z,2026-08-17T18:48:05Z,
27.79.6.12,ipv4,malicious-ip,medium,WHITE,ziyadnz/hourly-ipv4,ziyadnz|hourly,2026-08-17T18:48:05Z,2026-08-17T18:48:05Z,
27.79.6.245,ipv4,malicious-ip,medium,WHITE,ziyadnz/hourly-ipv4,ziyadnz|hourly,2026-08-17T18:48:05Z,2026-08-17T18:48:05Z,
27.79.6.28,ipv4,malicious-ip,medium,WHITE,ziyadnz/hourly-ipv4,ziyadnz|hourly,2026-08-17T18:48:05Z,2026-08-17T18:48:05Z,
27.79.6.50,ipv4,malicious-ip,medium,WHITE,ziyadnz/hourly-ipv4,ziyadnz|hourly,2026-08-17T18:48:05Z,2026-08-17T18:48:05Z,
27.79.6.77,ipv4,malicious-ip,medium,WHITE,ziyadnz/hourly-ipv4,ziyadnz|hourly,2026-08-17T18:48:05Z,2026-08-17T18:48:05Z,
27.8.135.33,ipv4,malicious-ip,medium,WHITE,ziyadnz/hourly-ipv4,ziyadnz|hourly,2026-08-17T18:48:05Z,2026-08-17T18:48:05Z,
27.8.136.192,ipv4,malicious-ip,medium,WHITE,ziyadnz/hourly-ipv4,ziyadnz|hourly,2026-08-17T18:48:05Z,2026-08-17T18:48:05Z,
27.8.234.221,ipv4,malicious-ip,medium,WHITE,ziyadnz/hourly-ipv4,ziyadnz|hourly,2026-08-17T18:48:05Z,2026-08-17T18:48:05Z,
27.84.48.31,ipv4,malicious-ip,medium,WHITE,ziyadnz/hourly-ipv4,ziyadnz|hourly,2026-08-17T18:48:05Z,2026-08-17T18:48:05Z,
27.96.228.235,ipv4,malicious-ip,medium,WHITE,ziyadnz/hourly-ipv4,ziyadnz|hourly,2026-08-17T18:48:05Z,2026-08-17T18:48:05Z,
27.96.88.116,ipv4,malicious-ip,medium,WHITE,ziyadnz/hourly-ipv4,ziyadnz|hourly,2026-08-17T18:48:05Z,2026-08-17T18:48:05Z,
27.96.92.16,ipv4,malicious-ip,medium,WHITE,ziyadnz/hourly-ipv4,ziyadnz|hourly,2026-08-17T18:48:05Z,2026-08-17T18:48:05Z,
27.96.92.231,ipv4,malicious-ip,medium,WHITE,ziyadnz/hourly-ipv4,ziyadnz|hourly,2026-08-17T18:48:05Z,2026-08-17T18:48:05Z,
27.96.93.32,ipv4,malicious-ip,medium,WHITE,ziyadnz/hourly-ipv4,ziyadnz|hourly,2026-08-17T18:48:05Z,2026-08-17T18:48:05Z,
27.96.94.13,ipv4,malicious-ip,medium,WHITE,ziyadnz/hourly-ipv4,ziyadnz|hourly,2026-08-17T18:48:05Z,2026-08-17T18:48:05Z,
27.97.183.14,ipv4,malicious-ip,medium,WHITE,ziyadnz/hourly-ipv4,ziyadnz|hourly,2026-08-17T18:48:05Z,2026-08-17T18:48:05Z,
27.97.183.32,ipv4,malicious-ip,medium,WHITE,ziyadnz/hourly-ipv4,ziyadnz|hourly,2026-08-17T18:48:05Z,2026-08-17T18:48:05Z,
29.40.48.21,ipv4,malicious-ip,medium,WHITE,ziyadnz/hourly-ipv4,ziyadnz|hourly,2026-08-17T18:48:05Z,2026-08-17T18:48:05Z,
3.10.180.87,ipv4,malicious-ip,medium,WHITE,ziyadnz/hourly-ipv4,ziyadnz|hourly,2026-08-17T18:48:05Z,2026-08-17T18:48:05Z,
3.101.118.175,ipv4,malicious-ip,medium,WHITE,ziyadnz/hourly-ipv4,ziyadnz|hourly,2026-08-17T18:48:05Z,2026-08-17T18:48:05Z,
3.101.17.89,ipv4,malicious-ip,medium,WHITE,ziyadnz/hourly-ipv4,ziyadnz|hourly,2026-08-17T18:48:05Z,2026-08-17T18:48:05Z,
3.108.167.233,ipv4,malicious-ip,medium,WHITE,ziyadnz/hourly-ipv4,ziyadnz|hourly,2026-08-17T18:48:05Z,2026-08-17T18:48:05Z,
3.110.96.50,ipv4,malicious-ip,medium,WHITE,ziyadnz/hourly-ipv4,ziyadnz|hourly,2026-08-17T18:48:05Z,2026-08-17T18:48:05Z,
3.111.38.23,ipv4,malicious-ip,medium,WHITE,ziyadnz/hourly-ipv4,ziyadnz|hourly,2026-08-17T18:48:05Z,2026-08-17T18:48:05Z,
3.112.192.119,ipv4,malicious-ip,medium,WHITE,ziyadnz/hourly-ipv4,ziyadnz|hourly,2026-08-17T18:48:05Z,2026-08-17T18:48:05Z,
3.115.6.184,ipv4,malicious-ip,medium,WHITE,ziyadnz/hourly-ipv4,ziyadnz|hourly,2026-08-17T18:48:05Z,2026-08-17T18:48:05Z,
3.125.133.196,ipv4,malicious-ip,medium,WHITE,ziyadnz/hourly-ipv4,ziyadnz|hourly,2026-08-17T18:48:05Z,2026-08-17T18:48:05Z,
3.125.168.113,ipv4,malicious-ip,medium,WHITE,ziyadnz/hourly-ipv4,ziyadnz|hourly,2026-08-17T18:48:05Z,2026-08-17T18:48:05Z,
3.131.220.121,ipv4,malicious-ip,medium,WHITE,ziyadnz/hourly-ipv4,ziyadnz|hourly,2026-08-17T18:48:05Z,2026-08-17T18:48:05Z,
3.131.24.55,ipv4,malicious-ip,medium,WHITE,ziyadnz/hourly-ipv4,ziyadnz|hourly,2026-08-17T18:48:05Z,2026-08-17T18:48:05Z,
3.132.96.216,ipv4,malicious-ip,medium,WHITE,ziyadnz/hourly-ipv4,ziyadnz|hourly,2026-08-17T18:48:05Z,2026-08-17T18:48:05Z,
3.134.216.108,ipv4,malicious-ip,medium,WHITE,ziyadnz/hourly-ipv4,ziyadnz|hourly,2026-08-17T18:48:05Z,2026-08-17T18:48:05Z,
3.134.244.221,ipv4,malicious-ip,medium,WHITE,ziyadnz/hourly-ipv4,ziyadnz|hourly,2026-08-17T18:48:05Z,2026-08-17T18:48:05Z,
3.134.61.218,ipv4,malicious-ip,medium,WHITE,ziyadnz/hourly-ipv4,ziyadnz|hourly,2026-08-17T18:48:05Z,2026-08-17T18:48:05Z,
3.135.232.158,ipv4,malicious-ip,medium,WHITE,ziyadnz/hourly-ipv4,ziyadnz|hourly,2026-08-17T18:48:05Z,2026-08-17T18:48:05Z,
3.136.16.137,ipv4,malicious-ip,medium,WHITE,ziyadnz/hourly-ipv4,ziyadnz|hourly,2026-08-17T18:48:05Z,2026-08-17T18:48:05Z,
3.138.247.99,ipv4,malicious-ip,medium,WHITE,ziyadnz/hourly-ipv4,ziyadnz|hourly,2026-08-17T18:48:05Z,2026-08-17T18:48:05Z,
3.141.17.177,ipv4,malicious-ip,medium,WHITE,ziyadnz/hourly-ipv4,ziyadnz|hourly,2026-08-17T18:48:05Z,2026-08-17T18:48:05Z,
3.142.170.60,ipv4,malicious-ip,medium,WHITE,ziyadnz/hourly-ipv4,ziyadnz|hourly,2026-08-17T18:48:05Z,2026-08-17T18:48:05Z,
3.144.231.7,ipv4,malicious-ip,medium,WHITE,ziyadnz/hourly-ipv4,ziyadnz|hourly,2026-08-17T18:48:05Z,2026-08-17T18:48:05Z,
3.145.210.169,ipv4,malicious-ip,medium,WHITE,ziyadnz/hourly-ipv4,ziyadnz|hourly,2026-08-17T18:48:05Z,2026-08-17T18:48:05Z,
3.147.122.184,ipv4,malicious-ip,medium,WHITE,ziyadnz/hourly-ipv4,ziyadnz|hourly,2026-08-17T18:48:05Z,2026-08-17T18:48:05Z,
3.148.191.150,ipv4,malicious-ip,medium,WHITE,ziyadnz/hourly-ipv4,ziyadnz|hourly,2026-08-17T18:48:05Z,2026-08-17T18:48:05Z,
3.151.241.153,ipv4,malicious-ip,medium,WHITE,ziyadnz/hourly-ipv4,ziyadnz|hourly,2026-08-17T18:48:05Z,2026-08-17T18:48:05Z,
3.18.102.11,ipv4,malicious-ip,medium,WHITE,ziyadnz/hourly-ipv4,ziyadnz|hourly,2026-08-17T18:48:05Z,2026-08-17T18:48:05Z,
3.18.186.238,ipv4,malicious-ip,medium,WHITE,ziyadnz/hourly-ipv4,ziyadnz|hourly,2026-08-17T18:48:05Z,2026-08-17T18:48:05Z,
3.208.156.9,ipv4,malicious-ip,medium,WHITE,ziyadnz/hourly-ipv4,ziyadnz|hourly,2026-08-17T18:48:05Z,2026-08-17T18:48:05Z,
3.208.27.95,ipv4,malicious-ip,medium,WHITE,ziyadnz/hourly-ipv4,ziyadnz|hourly,2026-08-17T18:48:05Z,2026-08-17T18:48:05Z,
3.209.174.110,ipv4,malicious-ip,medium,WHITE,ziyadnz/hourly-ipv4,ziyadnz|hourly,2026-08-17T18:48:05Z,2026-08-17T18:48:05Z,
3.21.103.84,ipv4,malicious-ip,medium,WHITE,ziyadnz/hourly-ipv4,ziyadnz|hourly,2026-08-17T18:48:05Z,2026-08-17T18:48:05Z,
3.210.114.189,ipv4,malicious-ip,medium,WHITE,ziyadnz/hourly-ipv4,ziyadnz|hourly,2026-08-17T18:48:05Z,2026-08-17T18:48:05Z,
3.210.223.61,ipv4,malicious-ip,medium,WHITE,ziyadnz/hourly-ipv4,ziyadnz|hourly,2026-08-17T18:48:05Z,2026-08-17T18:48:05Z,
3.210.29.96,ipv4,malicious-ip,medium,WHITE,ziyadnz/hourly-ipv4,ziyadnz|hourly,2026-08-17T18:48:05Z,2026-08-17T18:48:05Z,
3.210.8.90,ipv4,malicious-ip,medium,WHITE,ziyadnz/hourly-ipv4,ziyadnz|hourly,2026-08-17T18:48:05Z,2026-08-17T18:48:05Z,
3.211.105.134,ipv4,malicious-ip,medium,WHITE,ziyadnz/hourly-ipv4,ziyadnz|hourly,2026-08-17T18:48:05Z,2026-08-17T18:48:05Z,
3.212.219.113,ipv4,malicious-ip,medium,WHITE,ziyadnz/hourly-ipv4,ziyadnz|hourly,2026-08-17T18:48:05Z,2026-08-17T18:48:05Z,
3.212.28.130,ipv4,malicious-ip,medium,WHITE,ziyadnz/hourly-ipv4,ziyadnz|hourly,2026-08-17T18:48:05Z,2026-08-17T18:48:05Z,
3.212.86.97,ipv4,malicious-ip,medium,WHITE,ziyadnz/hourly-ipv4,ziyadnz|hourly,2026-08-17T18:48:05Z,2026-08-17T18:48:05Z,
3.213.213.161,ipv4,malicious-ip,medium,WHITE,ziyadnz/hourly-ipv4,ziyadnz|hourly,2026-08-17T18:48:05Z,2026-08-17T18:48:05Z,
3.213.226.45,ipv4,malicious-ip,medium,WHITE,ziyadnz/hourly-ipv4,ziyadnz|hourly,2026-08-17T18:48:05Z,2026-08-17T18:48:05Z,
3.213.46.222,ipv4,malicious-ip,medium,WHITE,ziyadnz/hourly-ipv4,ziyadnz|hourly,2026-08-17T18:48:05Z,2026-08-17T18:48:05Z,
3.214.176.44,ipv4,malicious-ip,medium,WHITE,ziyadnz/hourly-ipv4,ziyadnz|hourly,2026-08-17T18:48:05Z,2026-08-17T18:48:05Z,
3.215.221.125,ipv4,malicious-ip,medium,WHITE,ziyadnz/hourly-ipv4,ziyadnz|hourly,2026-08-17T18:48:05Z,2026-08-17T18:48:05Z,
3.216.86.144,ipv4,malicious-ip,medium,WHITE,ziyadnz/hourly-ipv4,ziyadnz|hourly,2026-08-17T18:48:05Z,2026-08-17T18:48:05Z,
3.217.171.106,ipv4,malicious-ip,medium,WHITE,ziyadnz/hourly-ipv4,ziyadnz|hourly,2026-08-17T18:48:05Z,2026-08-17T18:48:05Z,
3.217.82.254,ipv4,malicious-ip,medium,WHITE,ziyadnz/hourly-ipv4,ziyadnz|hourly,2026-08-17T18:48:05Z,2026-08-17T18:48:05Z,
3.218.185.161,ipv4,malicious-ip,medium,WHITE,ziyadnz/hourly-ipv4,ziyadnz|hourly,2026-08-17T18:48:05Z,2026-08-17T18:48:05Z,
3.219.81.66,ipv4,malicious-ip,medium,WHITE,ziyadnz/hourly-ipv4,ziyadnz|hourly,2026-08-17T18:48:05Z,2026-08-17T18:48:05Z,
3.221.156.96,ipv4,malicious-ip,medium,WHITE,ziyadnz/hourly-ipv4,ziyadnz|hourly,2026-08-17T18:48:05Z,2026-08-17T18:48:05Z,
3.221.222.168,ipv4,malicious-ip,medium,WHITE,ziyadnz/hourly-ipv4,ziyadnz|hourly,2026-08-17T18:48:05Z,2026-08-17T18:48:05Z,
3.221.244.28,ipv4,malicious-ip,medium,WHITE,ziyadnz/hourly-ipv4,ziyadnz|hourly,2026-08-17T18:48:05Z,2026-08-17T18:48:05Z,
3.221.50.71,ipv4,malicious-ip,medium,WHITE,ziyadnz/hourly-ipv4,ziyadnz|hourly,2026-08-17T18:48:05Z,2026-08-17T18:48:05Z,
3.222.190.107,ipv4,malicious-ip,medium,WHITE,ziyadnz/hourly-ipv4,ziyadnz|hourly,2026-08-17T18:48:05Z,2026-08-17T18:48:05Z,
3.222.85.38,ipv4,malicious-ip,medium,WHITE,ziyadnz/hourly-ipv4,ziyadnz|hourly,2026-08-17T18:48:05Z,2026-08-17T18:48:05Z,
3.223.181.32,ipv4,malicious-ip,medium,WHITE,ziyadnz/hourly-ipv4,ziyadnz|hourly,2026-08-17T18:48:05Z,2026-08-17T18:48:05Z,
3.224.215.150,ipv4,malicious-ip,medium,WHITE,ziyadnz/hourly-ipv4,ziyadnz|hourly,2026-08-17T18:48:05Z,2026-08-17T18:48:05Z,
3.225.10.85,ipv4,malicious-ip,medium,WHITE,ziyadnz/hourly-ipv4,ziyadnz|hourly,2026-08-17T18:48:05Z,2026-08-17T18:48:05Z,
3.225.45.252,ipv4,malicious-ip,medium,WHITE,ziyadnz/hourly-ipv4,ziyadnz|hourly,2026-08-17T18:48:05Z,2026-08-17T18:48:05Z,
3.226.34.98,ipv4,malicious-ip,medium,WHITE,ziyadnz/hourly-ipv4,ziyadnz|hourly,2026-08-17T18:48:05Z,2026-08-17T18:48:05Z,
3.227.192.235,ipv4,malicious-ip,medium,WHITE,ziyadnz/hourly-ipv4,ziyadnz|hourly,2026-08-17T18:48:05Z,2026-08-17T18:48:05Z,
3.228.54.173,ipv4,malicious-ip,medium,WHITE,ziyadnz/hourly-ipv4,ziyadnz|hourly,2026-08-17T18:48:05Z,2026-08-17T18:48:05Z,
3.229.95.193,ipv4,malicious-ip,medium,WHITE,ziyadnz/hourly-ipv4,ziyadnz|hourly,2026-08-17T18:48:05Z,2026-08-17T18:48:05Z,
3.23.89.91,ipv4,malicious-ip,medium,WHITE,ziyadnz/hourly-ipv4,ziyadnz|hourly,2026-08-17T18:48:05Z,2026-08-17T18:48:05Z,
3.230.224.6,ipv4,malicious-ip,medium,WHITE,ziyadnz/hourly-ipv4,ziyadnz|hourly,2026-08-17T18:48:05Z,2026-08-17T18:48:05Z,
3.231.193.38,ipv4,malicious-ip,medium,WHITE,ziyadnz/hourly-ipv4,ziyadnz|hourly,2026-08-17T18:48:05Z,2026-08-17T18:48:05Z,
3.232.39.98,ipv4,malicious-ip,medium,WHITE,ziyadnz/hourly-ipv4,ziyadnz|hourly,2026-08-17T18:48:05Z,2026-08-17T18:48:05Z,
3.235.143.37,ipv4,malicious-ip,medium,WHITE,ziyadnz/hourly-ipv4,ziyadnz|hourly,2026-08-17T18:48:05Z,2026-08-17T18:48:05Z,
3.235.165.151,ipv4,malicious-ip,medium,WHITE,ziyadnz/hourly-ipv4,ziyadnz|hourly,2026-08-17T18:48:05Z,2026-08-17T18:48:05Z,
3.235.215.92,ipv4,malicious-ip,medium,WHITE,ziyadnz/hourly-ipv4,ziyadnz|hourly,2026-08-17T18:48:05Z,2026-08-17T18:48:05Z,
3.236.130.255,ipv4,malicious-ip,medium,WHITE,ziyadnz/hourly-ipv4,ziyadnz|hourly,2026-08-17T18:48:05Z,2026-08-17T18:48:05Z,
3.236.161.7,ipv4,malicious-ip,medium,WHITE,ziyadnz/hourly-ipv4,ziyadnz|hourly,2026-08-17T18:48:05Z,2026-08-17T18:48:05Z,
3.238.64.245,ipv4,malicious-ip,medium,WHITE,ziyadnz/hourly-ipv4,ziyadnz|hourly,2026-08-17T18:48:05Z,2026-08-17T18:48:05Z,
3.239.185.222,ipv4,malicious-ip,medium,WHITE,ziyadnz/hourly-ipv4,ziyadnz|hourly,2026-08-17T18:48:05Z,2026-08-17T18:48:05Z,
3.248.29.155,ipv4,malicious-ip,medium,WHITE,ziyadnz/hourly-ipv4,ziyadnz|hourly,2026-08-17T18:48:05Z,2026-08-17T18:48:05Z,
3.249.103.4,ipv4,malicious-ip,medium,WHITE,ziyadnz/hourly-ipv4,ziyadnz|hourly,2026-08-17T18:48:05Z,2026-08-17T18:48:05Z,
3.249.112.5,ipv4,malicious-ip,medium,WHITE,ziyadnz/hourly-ipv4,ziyadnz|hourly,2026-08-17T18:48:05Z,2026-08-17T18:48:05Z,
3.249.128.5,ipv4,malicious-ip,medium,WHITE,ziyadnz/hourly-ipv4,ziyadnz|hourly,2026-08-17T18:48:05Z,2026-08-17T18:48:05Z,
3.249.210.63,ipv4,malicious-ip,medium,WHITE,ziyadnz/hourly-ipv4,ziyadnz|hourly,2026-08-17T18:48:05Z,2026-08-17T18:48:05Z,
3.250.119.3,ipv4,malicious-ip,medium,WHITE,ziyadnz/hourly-ipv4,ziyadnz|hourly,2026-08-17T18:48:05Z,2026-08-17T18:48:05Z,
3.250.144.68,ipv4,malicious-ip,medium,WHITE,ziyadnz/hourly-ipv4,ziyadnz|hourly,2026-08-17T18:48:05Z,2026-08-17T18:48:05Z,
3.252.163.235,ipv4,malicious-ip,medium,WHITE,ziyadnz/hourly-ipv4,ziyadnz|hourly,2026-08-17T18:48:05Z,2026-08-17T18:48:05Z,
3.252.235.34,ipv4,malicious-ip,medium,WHITE,ziyadnz/hourly-ipv4,ziyadnz|hourly,2026-08-17T18:48:05Z,2026-08-17T18:48:05Z,
3.253.172.31,ipv4,malicious-ip,medium,WHITE,ziyadnz/hourly-ipv4,ziyadnz|hourly,2026-08-17T18:48:05Z,2026-08-17T18:48:05Z,
3.253.42.152,ipv4,malicious-ip,medium,WHITE,ziyadnz/hourly-ipv4,ziyadnz|hourly,2026-08-17T18:48:05Z,2026-08-17T18:48:05Z,
3.253.49.145,ipv4,malicious-ip,medium,WHITE,ziyadnz/hourly-ipv4,ziyadnz|hourly,2026-08-17T18:48:05Z,2026-08-17T18:48:05Z,
3.254.149.13,ipv4,malicious-ip,medium,WHITE,ziyadnz/hourly-ipv4,ziyadnz|hourly,2026-08-17T18:48:05Z,2026-08-17T18:48:05Z,
3.254.87.240,ipv4,malicious-ip,medium,WHITE,ziyadnz/hourly-ipv4,ziyadnz|hourly,2026-08-17T18:48:05Z,2026-08-17T18:48:05Z,
3.36.160.246,ipv4,malicious-ip,medium,WHITE,ziyadnz/hourly-ipv4,ziyadnz|hourly,2026-08-17T18:48:05Z,2026-08-17T18:48:05Z,
3.38.127.185,ipv4,malicious-ip,medium,WHITE,ziyadnz/hourly-ipv4,ziyadnz|hourly,2026-08-17T18:48:05Z,2026-08-17T18:48:05Z,
3.42.1.67,ipv4,malicious-ip,medium,WHITE,ziyadnz/hourly-ipv4,ziyadnz|hourly,2026-08-17T18:48:05Z,2026-08-17T18:48:05Z,
3.68.167.203,ipv4,malicious-ip,medium,WHITE,ziyadnz/hourly-ipv4,ziyadnz|hourly,2026-08-17T18:48:05Z,2026-08-17T18:48:05Z,
3.69.115.178,ipv4,malicious-ip,medium,WHITE,ziyadnz/hourly-ipv4,ziyadnz|hourly,2026-08-17T18:48:05Z,2026-08-17T18:48:05Z,
3.69.78.1,ipv4,malicious-ip,medium,WHITE,ziyadnz/hourly-ipv4,ziyadnz|hourly,2026-08-17T18:48:05Z,2026-08-17T18:48:05Z,
3.7.75.187,ipv4,malicious-ip,medium,WHITE,ziyadnz/hourly-ipv4,ziyadnz|hourly,2026-08-17T18:48:05Z,2026-08-17T18:48:05Z,
3.70.175.161,ipv4,malicious-ip,medium,WHITE,ziyadnz/hourly-ipv4,ziyadnz|hourly,2026-08-17T18:48:05Z,2026-08-17T18:48:05Z,
3.70.54.182,ipv4,malicious-ip,medium,WHITE,ziyadnz/hourly-ipv4,ziyadnz|hourly,2026-08-17T18:48:05Z,2026-08-17T18:48:05Z,
3.72.21.30,ipv4,malicious-ip,medium,WHITE,ziyadnz/hourly-ipv4,ziyadnz|hourly,2026-08-17T18:48:05Z,2026-08-17T18:48:05Z,
3.75.239.94,ipv4,malicious-ip,medium,WHITE,ziyadnz/hourly-ipv4,ziyadnz|hourly,2026-08-17T18:48:05Z,2026-08-17T18:48:05Z,
3.75.249.11,ipv4,malicious-ip,medium,WHITE,ziyadnz/hourly-ipv4,ziyadnz|hourly,2026-08-17T18:48:05Z,2026-08-17T18:48:05Z,
3.76.10.174,ipv4,malicious-ip,medium,WHITE,ziyadnz/hourly-ipv4,ziyadnz|hourly,2026-08-17T18:48:05Z,2026-08-17T18:48:05Z,
3.76.214.22,ipv4,malicious-ip,medium,WHITE,ziyadnz/hourly-ipv4,ziyadnz|hourly,2026-08-17T18:48:05Z,2026-08-17T18:48:05Z,
3.76.217.234,ipv4,malicious-ip,medium,WHITE,ziyadnz/hourly-ipv4,ziyadnz|hourly,2026-08-17T18:48:05Z,2026-08-17T18:48:05Z,
3.76.72.143,ipv4,malicious-ip,medium,WHITE,ziyadnz/hourly-ipv4,ziyadnz|hourly,2026-08-17T18:48:05Z,2026-08-17T18:48:05Z,
3.77.221.157,ipv4,malicious-ip,medium,WHITE,ziyadnz/hourly-ipv4,ziyadnz|hourly,2026-08-17T18:48:05Z,2026-08-17T18:48:05Z,
3.77.24.41,ipv4,malicious-ip,medium,WHITE,ziyadnz/hourly-ipv4,ziyadnz|hourly,2026-08-17T18:48:05Z,2026-08-17T18:48:05Z,
3.80.11.43,ipv4,malicious-ip,medium,WHITE,ziyadnz/hourly-ipv4,ziyadnz|hourly,2026-08-17T18:48:05Z,2026-08-17T18:48:05Z,
3.80.146.66,ipv4,malicious-ip,medium,WHITE,ziyadnz/hourly-ipv4,ziyadnz|hourly,2026-08-17T18:48:05Z,2026-08-17T18:48:05Z,
3.80.225.254,ipv4,malicious-ip,medium,WHITE,ziyadnz/hourly-ipv4,ziyadnz|hourly,2026-08-17T18:48:05Z,2026-08-17T18:48:05Z,
3.80.95.138,ipv4,malicious-ip,medium,WHITE,ziyadnz/hourly-ipv4,ziyadnz|hourly,2026-08-17T18:48:05Z,2026-08-17T18:48:05Z,
3.82.139.248,ipv4,malicious-ip,medium,WHITE,ziyadnz/hourly-ipv4,ziyadnz|hourly,2026-08-17T18:48:05Z,2026-08-17T18:48:05Z,
3.82.209.93,ipv4,malicious-ip,medium,WHITE,ziyadnz/hourly-ipv4,ziyadnz|hourly,2026-08-17T18:48:05Z,2026-08-17T18:48:05Z,
3.83.16.103,ipv4,malicious-ip,medium,WHITE,ziyadnz/hourly-ipv4,ziyadnz|hourly,2026-08-17T18:48:05Z,2026-08-17T18:48:05Z,
3.83.162.99,ipv4,malicious-ip,medium,WHITE,ziyadnz/hourly-ipv4,ziyadnz|hourly,2026-08-17T18:48:05Z,2026-08-17T18:48:05Z,
3.83.233.56,ipv4,malicious-ip,medium,WHITE,ziyadnz/hourly-ipv4,ziyadnz|hourly,2026-08-17T18:48:05Z,2026-08-17T18:48:05Z,
3.83.80.160,ipv4,malicious-ip,medium,WHITE,ziyadnz/hourly-ipv4,ziyadnz|hourly,2026-08-17T18:48:05Z,2026-08-17T18:48:05Z,
3.84.11.32,ipv4,malicious-ip,medium,WHITE,ziyadnz/hourly-ipv4,ziyadnz|hourly,2026-08-17T18:48:05Z,2026-08-17T18:48:05Z,
3.84.145.62,ipv4,malicious-ip,medium,WHITE,ziyadnz/hourly-ipv4,ziyadnz|hourly,2026-08-17T18:48:05Z,2026-08-17T18:48:05Z,
3.84.74.119,ipv4,malicious-ip,medium,WHITE,ziyadnz/hourly-ipv4,ziyadnz|hourly,2026-08-17T18:48:05Z,2026-08-17T18:48:05Z,
3.85.190.121,ipv4,malicious-ip,medium,WHITE,ziyadnz/hourly-ipv4,ziyadnz|hourly,2026-08-17T18:48:05Z,2026-08-17T18:48:05Z,
3.85.30.112,ipv4,malicious-ip,medium,WHITE,ziyadnz/hourly-ipv4,ziyadnz|hourly,2026-08-17T18:48:05Z,2026-08-17T18:48:05Z,
3.85.51.81,ipv4,malicious-ip,medium,WHITE,ziyadnz/hourly-ipv4,ziyadnz|hourly,2026-08-17T18:48:05Z,2026-08-17T18:48:05Z,
3.85.57.190,ipv4,malicious-ip,medium,WHITE,ziyadnz/hourly-ipv4,ziyadnz|hourly,2026-08-17T18:48:05Z,2026-08-17T18:48:05Z,
3.86.101.5,ipv4,malicious-ip,medium,WHITE,ziyadnz/hourly-ipv4,ziyadnz|hourly,2026-08-17T18:48:05Z,2026-08-17T18:48:05Z,
3.86.104.237,ipv4,malicious-ip,medium,WHITE,ziyadnz/hourly-ipv4,ziyadnz|hourly,2026-08-17T18:48:05Z,2026-08-17T18:48:05Z,
3.86.114.186,ipv4,malicious-ip,medium,WHITE,ziyadnz/hourly-ipv4,ziyadnz|hourly,2026-08-17T18:48:05Z,2026-08-17T18:48:05Z,
3.86.210.219,ipv4,malicious-ip,medium,WHITE,ziyadnz/hourly-ipv4,ziyadnz|hourly,2026-08-17T18:48:05Z,2026-08-17T18:48:05Z,
3.86.230.159,ipv4,malicious-ip,medium,WHITE,ziyadnz/hourly-ipv4,ziyadnz|hourly,2026-08-17T18:48:05Z,2026-08-17T18:48:05Z,
3.86.239.220,ipv4,malicious-ip,medium,WHITE,ziyadnz/hourly-ipv4,ziyadnz|hourly,2026-08-17T18:48:05Z,2026-08-17T18:48:05Z,
3.86.250.116,ipv4,malicious-ip,medium,WHITE,ziyadnz/hourly-ipv4,ziyadnz|hourly,2026-08-17T18:48:05Z,2026-08-17T18:48:05Z,
3.87.186.57,ipv4,malicious-ip,medium,WHITE,ziyadnz/hourly-ipv4,ziyadnz|hourly,2026-08-17T18:48:05Z,2026-08-17T18:48:05Z,
3.87.196.69,ipv4,malicious-ip,medium,WHITE,ziyadnz/hourly-ipv4,ziyadnz|hourly,2026-08-17T18:48:05Z,2026-08-17T18:48:05Z,
3.87.52.46,ipv4,malicious-ip,medium,WHITE,ziyadnz/hourly-ipv4,ziyadnz|hourly,2026-08-17T18:48:05Z,2026-08-17T18:48:05Z,
3.88.155.51,ipv4,malicious-ip,medium,WHITE,ziyadnz/hourly-ipv4,ziyadnz|hourly,2026-08-17T18:48:05Z,2026-08-17T18:48:05Z,
3.88.203.46,ipv4,malicious-ip,medium,WHITE,ziyadnz/hourly-ipv4,ziyadnz|hourly,2026-08-17T18:48:05Z,2026-08-17T18:48:05Z,
3.89.113.104,ipv4,malicious-ip,medium,WHITE,ziyadnz/hourly-ipv4,ziyadnz|hourly,2026-08-17T18:48:05Z,2026-08-17T18:48:05Z,
3.89.170.186,ipv4,malicious-ip,medium,WHITE,ziyadnz/hourly-ipv4,ziyadnz|hourly,2026-08-17T18:48:05Z,2026-08-17T18:48:05Z,
3.89.176.255,ipv4,malicious-ip,medium,WHITE,ziyadnz/hourly-ipv4,ziyadnz|hourly,2026-08-17T18:48:05Z,2026-08-17T18:48:05Z,
3.89.209.40,ipv4,malicious-ip,medium,WHITE,ziyadnz/hourly-ipv4,ziyadnz|hourly,2026-08-17T18:48:05Z,2026-08-17T18:48:05Z,
3.89.231.206,ipv4,malicious-ip,medium,WHITE,ziyadnz/hourly-ipv4,ziyadnz|hourly,2026-08-17T18:48:05Z,2026-08-17T18:48:05Z,
3.90.104.12,ipv4,malicious-ip,medium,WHITE,ziyadnz/hourly-ipv4,ziyadnz|hourly,2026-08-17T18:48:05Z,2026-08-17T18:48:05Z,
3.90.73.206,ipv4,malicious-ip,medium,WHITE,ziyadnz/hourly-ipv4,ziyadnz|hourly,2026-08-17T18:48:05Z,2026-08-17T18:48:05Z,
3.91.151.163,ipv4,malicious-ip,medium,WHITE,ziyadnz/hourly-ipv4,ziyadnz|hourly,2026-08-17T18:48:05Z,2026-08-17T18:48:05Z,
3.91.159.225,ipv4,malicious-ip,medium,WHITE,ziyadnz/hourly-ipv4,ziyadnz|hourly,2026-08-17T18:48:05Z,2026-08-17T18:48:05Z,
3.91.175.250,ipv4,malicious-ip,medium,WHITE,ziyadnz/hourly-ipv4,ziyadnz|hourly,2026-08-17T18:48:05Z,2026-08-17T18:48:05Z,
3.91.61.197,ipv4,malicious-ip,medium,WHITE,ziyadnz/hourly-ipv4,ziyadnz|hourly,2026-08-17T18:48:05Z,2026-08-17T18:48:05Z,
3.93.163.167,ipv4,malicious-ip,medium,WHITE,ziyadnz/hourly-ipv4,ziyadnz|hourly,2026-08-17T18:48:05Z,2026-08-17T18:48:05Z,
3.93.211.16,ipv4,malicious-ip,medium,WHITE,ziyadnz/hourly-ipv4,ziyadnz|hourly,2026-08-17T18:48:05Z,2026-08-17T18:48:05Z,
3.93.253.174,ipv4,malicious-ip,medium,WHITE,ziyadnz/hourly-ipv4,ziyadnz|hourly,2026-08-17T18:48:05Z,2026-08-17T18:48:05Z,
3.93.76.26,ipv4,malicious-ip,medium,WHITE,ziyadnz/hourly-ipv4,ziyadnz|hourly,2026-08-17T18:48:05Z,2026-08-17T18:48:05Z,
3.93.81.46,ipv4,malicious-ip,medium,WHITE,ziyadnz/hourly-ipv4,ziyadnz|hourly,2026-08-17T18:48:05Z,2026-08-17T18:48:05Z,
3.93.98.99,ipv4,malicious-ip,medium,WHITE,ziyadnz/hourly-ipv4,ziyadnz|hourly,2026-08-17T18:48:05Z,2026-08-17T18:48:05Z,
3.94.156.104,ipv4,malicious-ip,medium,WHITE,ziyadnz/hourly-ipv4,ziyadnz|hourly,2026-08-17T18:48:05Z,2026-08-17T18:48:05Z,
3.94.157.25,ipv4,malicious-ip,medium,WHITE,ziyadnz/hourly-ipv4,ziyadnz|hourly,2026-08-17T18:48:05Z,2026-08-17T18:48:05Z,
3.94.186.181,ipv4,malicious-ip,medium,WHITE,ziyadnz/hourly-ipv4,ziyadnz|hourly,2026-08-17T18:48:05Z,2026-08-17T18:48:05Z,
3.94.199.128,ipv4,malicious-ip,medium,WHITE,ziyadnz/hourly-ipv4,ziyadnz|hourly,2026-08-17T18:48:05Z,2026-08-17T18:48:05Z,
3.95.169.233,ipv4,malicious-ip,medium,WHITE,ziyadnz/hourly-ipv4,ziyadnz|hourly,2026-08-17T18:48:05Z,2026-08-17T18:48:05Z,
3.95.176.169,ipv4,malicious-ip,medium,WHITE,ziyadnz/hourly-ipv4,ziyadnz|hourly,2026-08-17T18:48:05Z,2026-08-17T18:48:05Z,
3.95.247.164,ipv4,malicious-ip,medium,WHITE,ziyadnz/hourly-ipv4,ziyadnz|hourly,2026-08-17T18:48:05Z,2026-08-17T18:48:05Z,
3.95.5.114,ipv4,malicious-ip,medium,WHITE,ziyadnz/hourly-ipv4,ziyadnz|hourly,2026-08-17T18:48:05Z,2026-08-17T18:48:05Z,
3.95.56.199,ipv4,malicious-ip,medium,WHITE,ziyadnz/hourly-ipv4,ziyadnz|hourly,2026-08-17T18:48:05Z,2026-08-17T18:48:05Z,
3.96.158.229,ipv4,malicious-ip,medium,WHITE,ziyadnz/hourly-ipv4,ziyadnz|hourly,2026-08-17T18:48:05Z,2026-08-17T18:48:05Z,
31.0.144.9,ipv4,malicious-ip,medium,WHITE,ziyadnz/hourly-ipv4,ziyadnz|hourly,2026-08-17T18:48:05Z,2026-08-17T18:48:05Z,
31.0.204.47,ipv4,malicious-ip,medium,WHITE,ziyadnz/hourly-ipv4,ziyadnz|hourly,2026-08-17T18:48:05Z,2026-08-17T18:48:05Z,
31.10.155.18,ipv4,malicious-ip,medium,WHITE,ziyadnz/hourly-ipv4,ziyadnz|hourly,2026-08-17T18:48:05Z,2026-08-17T18:48:05Z,
31.11.70.84,ipv4,malicious-ip,medium,WHITE,ziyadnz/hourly-ipv4,ziyadnz|hourly,2026-08-17T18:48:05Z,2026-08-17T18:48:05Z,
31.12.73.26,ipv4,malicious-ip,medium,WHITE,ziyadnz/hourly-ipv4,ziyadnz|hourly,2026-08-17T18:48:05Z,2026-08-17T18:48:05Z,
31.127.225.141,ipv4,malicious-ip,medium,WHITE,ziyadnz/hourly-ipv4,ziyadnz|hourly,2026-08-17T18:48:05Z,2026-08-17T18:48:05Z,
31.128.168.124,ipv4,malicious-ip,medium,WHITE,ziyadnz/hourly-ipv4,ziyadnz|hourly,2026-08-17T18:48:05Z,2026-08-17T18:48:05Z,
31.128.172.237,ipv4,malicious-ip,medium,WHITE,ziyadnz/hourly-ipv4,ziyadnz|hourly,2026-08-17T18:48:05Z,2026-08-17T18:48:05Z,
31.128.179.166,ipv4,malicious-ip,medium,WHITE,ziyadnz/hourly-ipv4,ziyadnz|hourly,2026-08-17T18:48:05Z,2026-08-17T18:48:05Z,
31.128.179.214,ipv4,malicious-ip,medium,WHITE,ziyadnz/hourly-ipv4,ziyadnz|hourly,2026-08-17T18:48:05Z,2026-08-17T18:48:05Z,
31.128.179.52,ipv4,malicious-ip,medium,WHITE,ziyadnz/hourly-ipv4,ziyadnz|hourly,2026-08-17T18:48:05Z,2026-08-17T18:48:05Z,
31.128.191.111,ipv4,malicious-ip,medium,WHITE,ziyadnz/hourly-ipv4,ziyadnz|hourly,2026-08-17T18:48:05Z,2026-08-17T18:48:05Z,
31.128.191.158,ipv4,malicious-ip,medium,WHITE,ziyadnz/hourly-ipv4,ziyadnz|hourly,2026-08-17T18:48:05Z,2026-08-17T18:48:05Z,
31.128.191.175,ipv4,malicious-ip,medium,WHITE,ziyadnz/hourly-ipv4,ziyadnz|hourly,2026-08-17T18:48:05Z,2026-08-17T18:48:05Z,
31.128.191.211,ipv4,malicious-ip,medium,WHITE,ziyadnz/hourly-ipv4,ziyadnz|hourly,2026-08-17T18:48:05Z,2026-08-17T18:48:05Z,
31.128.245.181,ipv4,malicious-ip,medium,WHITE,ziyadnz/hourly-ipv4,ziyadnz|hourly,2026-08-17T18:48:05Z,2026-08-17T18:48:05Z,
31.128.247.140,ipv4,malicious-ip,medium,WHITE,ziyadnz/hourly-ipv4,ziyadnz|hourly,2026-08-17T18:48:05Z,2026-08-17T18:48:05Z,
31.128.249.189,ipv4,malicious-ip,medium,WHITE,ziyadnz/hourly-ipv4,ziyadnz|hourly,2026-08-17T18:48:05Z,2026-08-17T18:48:05Z,
31.128.249.236,ipv4,malicious-ip,medium,WHITE,ziyadnz/hourly-ipv4,ziyadnz|hourly,2026-08-17T18:48:05Z,2026-08-17T18:48:05Z,
31.128.251.108,ipv4,malicious-ip,medium,WHITE,ziyadnz/hourly-ipv4,ziyadnz|hourly,2026-08-17T18:48:05Z,2026-08-17T18:48:05Z,
31.128.251.111,ipv4,malicious-ip,medium,WHITE,ziyadnz/hourly-ipv4,ziyadnz|hourly,2026-08-17T18:48:05Z,2026-08-17T18:48:05Z,
31.128.253.33,ipv4,malicious-ip,medium,WHITE,ziyadnz/hourly-ipv4,ziyadnz|hourly,2026-08-17T18:48:05Z,2026-08-17T18:48:05Z,
31.128.254.40,ipv4,malicious-ip,medium,WHITE,ziyadnz/hourly-ipv4,ziyadnz|hourly,2026-08-17T18:48:05Z,2026-08-17T18:48:05Z,
31.128.255.1,ipv4,malicious-ip,medium,WHITE,ziyadnz/hourly-ipv4,ziyadnz|hourly,2026-08-17T18:48:05Z,2026-08-17T18:48:05Z,
31.128.43.79,ipv4,malicious-ip,medium,WHITE,ziyadnz/hourly-ipv4,ziyadnz|hourly,2026-08-17T18:48:05Z,2026-08-17T18:48:05Z,
31.128.44.194,ipv4,malicious-ip,medium,WHITE,ziyadnz/hourly-ipv4,ziyadnz|hourly,2026-08-17T18:48:05Z,2026-08-17T18:48:05Z,
31.128.76.40,ipv4,malicious-ip,medium,WHITE,ziyadnz/hourly-ipv4,ziyadnz|hourly,2026-08-17T18:48:05Z,2026-08-17T18:48:05Z,
31.128.77.30,ipv4,malicious-ip,medium,WHITE,ziyadnz/hourly-ipv4,ziyadnz|hourly,2026-08-17T18:48:05Z,2026-08-17T18:48:05Z,
31.129.101.33,ipv4,malicious-ip,medium,WHITE,ziyadnz/hourly-ipv4,ziyadnz|hourly,2026-08-17T18:48:05Z,2026-08-17T18:48:05Z,
31.129.155.48,ipv4,malicious-ip,medium,WHITE,ziyadnz/hourly-ipv4,ziyadnz|hourly,2026-08-17T18:48:05Z,2026-08-17T18:48:05Z,
31.129.182.70,ipv4,malicious-ip,medium,WHITE,ziyadnz/hourly-ipv4,ziyadnz|hourly,2026-08-17T18:48:05Z,2026-08-17T18:48:05Z,
31.129.22.65,ipv4,malicious-ip,medium,WHITE,ziyadnz/hourly-ipv4,ziyadnz|hourly,2026-08-17T18:48:05Z,2026-08-17T18:48:05Z,
31.129.22.7,ipv4,malicious-ip,medium,WHITE,ziyadnz/hourly-ipv4,ziyadnz|hourly,2026-08-17T18:48:05Z,2026-08-17T18:48:05Z,
31.129.232.98,ipv4,malicious-ip,medium,WHITE,ziyadnz/hourly-ipv4,ziyadnz|hourly,2026-08-17T18:48:05Z,2026-08-17T18:48:05Z,
31.129.235.139,ipv4,malicious-ip,medium,WHITE,ziyadnz/hourly-ipv4,ziyadnz|hourly,2026-08-17T18:48:05Z,2026-08-17T18:48:05Z,
31.129.240.132,ipv4,malicious-ip,medium,WHITE,ziyadnz/hourly-ipv4,ziyadnz|hourly,2026-08-17T18:48:05Z,2026-08-17T18:48:05Z,
31.129.252.247,ipv4,malicious-ip,medium,WHITE,ziyadnz/hourly-ipv4,ziyadnz|hourly,2026-08-17T18:48:05Z,2026-08-17T18:48:05Z,
31.13.128.250,ipv4,malicious-ip,medium,WHITE,ziyadnz/hourly-ipv4,ziyadnz|hourly,2026-08-17T18:48:05Z,2026-08-17T18:48:05Z,
31.13.138.139,ipv4,malicious-ip,medium,WHITE,ziyadnz/hourly-ipv4,ziyadnz|hourly,2026-08-17T18:48:05Z,2026-08-17T18:48:05Z,
31.13.248.89,ipv4,malicious-ip,medium,WHITE,ziyadnz/hourly-ipv4,ziyadnz|hourly,2026-08-17T18:48:05Z,2026-08-17T18:48:05Z,
31.130.118.138,ipv4,malicious-ip,medium,WHITE,ziyadnz/hourly-ipv4,ziyadnz|hourly,2026-08-17T18:48:05Z,2026-08-17T18:48:05Z,
31.130.12.173,ipv4,malicious-ip,medium,WHITE,ziyadnz/hourly-ipv4,ziyadnz|hourly,2026-08-17T18:48:05Z,2026-08-17T18:48:05Z,
31.130.132.89,ipv4,malicious-ip,medium,WHITE,ziyadnz/hourly-ipv4,ziyadnz|hourly,2026-08-17T18:48:05Z,2026-08-17T18:48:05Z,
31.130.148.221,ipv4,malicious-ip,medium,WHITE,ziyadnz/hourly-ipv4,ziyadnz|hourly,2026-08-17T18:48:05Z,2026-08-17T18:48:05Z,
31.131.213.47,ipv4,malicious-ip,medium,WHITE,ziyadnz/hourly-ipv4,ziyadnz|hourly,2026-08-17T18:48:05Z,2026-08-17T18:48:05Z,
31.131.26.161,ipv4,malicious-ip,medium,WHITE,ziyadnz/hourly-ipv4,ziyadnz|hourly,2026-08-17T18:48:05Z,2026-08-17T18:48:05Z,
31.131.31.243,ipv4,malicious-ip,medium,WHITE,ziyadnz/hourly-ipv4,ziyadnz|hourly,2026-08-17T18:48:05Z,2026-08-17T18:48:05Z,
31.132.232.163,ipv4,malicious-ip,medium,WHITE,ziyadnz/hourly-ipv4,ziyadnz|hourly,2026-08-17T18:48:05Z,2026-08-17T18:48:05Z,
31.132.55.0,ipv4,malicious-ip,medium,WHITE,ziyadnz/hourly-ipv4,ziyadnz|hourly,2026-08-17T18:48:05Z,2026-08-17T18:48:05Z,
31.132.55.103,ipv4,malicious-ip,medium,WHITE,ziyadnz/hourly-ipv4,ziyadnz|hourly,2026-08-17T18:48:05Z,2026-08-17T18:48:05Z,
31.132.55.111,ipv4,malicious-ip,medium,WHITE,ziyadnz/hourly-ipv4,ziyadnz|hourly,2026-08-17T18:48:05Z,2026-08-17T18:48:05Z,
31.132.55.112,ipv4,malicious-ip,medium,WHITE,ziyadnz/hourly-ipv4,ziyadnz|hourly,2026-08-17T18:48:05Z,2026-08-17T18:48:05Z,
31.132.55.133,ipv4,malicious-ip,medium,WHITE,ziyadnz/hourly-ipv4,ziyadnz|hourly,2026-08-17T18:48:05Z,2026-08-17T18:48:05Z,
31.132.55.137,ipv4,malicious-ip,medium,WHITE,ziyadnz/hourly-ipv4,ziyadnz|hourly,2026-08-17T18:48:05Z,2026-08-17T18:48:05Z,
31.132.55.144,ipv4,malicious-ip,medium,WHITE,ziyadnz/hourly-ipv4,ziyadnz|hourly,2026-08-17T18:48:05Z,2026-08-17T18:48:05Z,
31.132.55.161,ipv4,malicious-ip,medium,WHITE,ziyadnz/hourly-ipv4,ziyadnz|hourly,2026-08-17T18:48:05Z,2026-08-17T18:48:05Z,
31.132.55.183,ipv4,malicious-ip,medium,WHITE,ziyadnz/hourly-ipv4,ziyadnz|hourly,2026-08-17T18:48:05Z,2026-08-17T18:48:05Z,
31.132.55.200,ipv4,malicious-ip,medium,WHITE,ziyadnz/hourly-ipv4,ziyadnz|hourly,2026-08-17T18:48:05Z,2026-08-17T18:48:05Z,
31.132.55.208,ipv4,malicious-ip,medium,WHITE,ziyadnz/hourly-ipv4,ziyadnz|hourly,2026-08-17T18:48:05Z,2026-08-17T18:48:05Z,
31.132.55.210,ipv4,malicious-ip,medium,WHITE,ziyadnz/hourly-ipv4,ziyadnz|hourly,2026-08-17T18:48:05Z,2026-08-17T18:48:05Z,
31.132.55.219,ipv4,malicious-ip,medium,WHITE,ziyadnz/hourly-ipv4,ziyadnz|hourly,2026-08-17T18:48:05Z,2026-08-17T18:48:05Z,
31.132.55.223,ipv4,malicious-ip,medium,WHITE,ziyadnz/hourly-ipv4,ziyadnz|hourly,2026-08-17T18:48:05Z,2026-08-17T18:48:05Z,
31.132.55.232,ipv4,malicious-ip,medium,WHITE,ziyadnz/hourly-ipv4,ziyadnz|hourly,2026-08-17T18:48:05Z,2026-08-17T18:48:05Z,
31.132.55.31,ipv4,malicious-ip,medium,WHITE,ziyadnz/hourly-ipv4,ziyadnz|hourly,2026-08-17T18:48:05Z,2026-08-17T18:48:05Z,
31.132.55.33,ipv4,malicious-ip,medium,WHITE,ziyadnz/hourly-ipv4,ziyadnz|hourly,2026-08-17T18:48:05Z,2026-08-17T18:48:05Z,
31.132.55.46,ipv4,malicious-ip,medium,WHITE,ziyadnz/hourly-ipv4,ziyadnz|hourly,2026-08-17T18:48:05Z,2026-08-17T18:48:05Z,
31.132.55.49,ipv4,malicious-ip,medium,WHITE,ziyadnz/hourly-ipv4,ziyadnz|hourly,2026-08-17T18:48:05Z,2026-08-17T18:48:05Z,
31.132.55.50,ipv4,malicious-ip,medium,WHITE,ziyadnz/hourly-ipv4,ziyadnz|hourly,2026-08-17T18:48:05Z,2026-08-17T18:48:05Z,
31.132.55.59,ipv4,malicious-ip,medium,WHITE,ziyadnz/hourly-ipv4,ziyadnz|hourly,2026-08-17T18:48:05Z,2026-08-17T18:48:05Z,
31.132.55.60,ipv4,malicious-ip,medium,WHITE,ziyadnz/hourly-ipv4,ziyadnz|hourly,2026-08-17T18:48:05Z,2026-08-17T18:48:05Z,
31.132.55.73,ipv4,malicious-ip,medium,WHITE,ziyadnz/hourly-ipv4,ziyadnz|hourly,2026-08-17T18:48:05Z,2026-08-17T18:48:05Z,
31.132.55.80,ipv4,malicious-ip,medium,WHITE,ziyadnz/hourly-ipv4,ziyadnz|hourly,2026-08-17T18:48:05Z,2026-08-17T18:48:05Z,
31.132.55.82,ipv4,malicious-ip,medium,WHITE,ziyadnz/hourly-ipv4,ziyadnz|hourly,2026-08-17T18:48:05Z,2026-08-17T18:48:05Z,
31.132.55.96,ipv4,malicious-ip,medium,WHITE,ziyadnz/hourly-ipv4,ziyadnz|hourly,2026-08-17T18:48:05Z,2026-08-17T18:48:05Z,
31.133.0.235,ipv4,malicious-ip,medium,WHITE,ziyadnz/hourly-ipv4,ziyadnz|hourly,2026-08-17T18:48:05Z,2026-08-17T18:48:05Z,
31.133.1.80,ipv4,malicious-ip,medium,WHITE,ziyadnz/hourly-ipv4,ziyadnz|hourly,2026-08-17T18:48:05Z,2026-08-17T18:48:05Z,
31.133.32.102,ipv4,malicious-ip,medium,WHITE,ziyadnz/hourly-ipv4,ziyadnz|hourly,2026-08-17T18:48:05Z,2026-08-17T18:48:05Z,
31.134.103.247,ipv4,malicious-ip,medium,WHITE,ziyadnz/hourly-ipv4,ziyadnz|hourly,2026-08-17T18:48:05Z,2026-08-17T18:48:05Z,
31.134.105.128,ipv4,malicious-ip,medium,WHITE,ziyadnz/hourly-ipv4,ziyadnz|hourly,2026-08-17T18:48:05Z,2026-08-17T18:48:05Z,
31.134.107.229,ipv4,malicious-ip,medium,WHITE,ziyadnz/hourly-ipv4,ziyadnz|hourly,2026-08-17T18:48:05Z,2026-08-17T18:48:05Z,
31.134.66.169,ipv4,malicious-ip,medium,WHITE,ziyadnz/hourly-ipv4,ziyadnz|hourly,2026-08-17T18:48:05Z,2026-08-17T18:48:05Z,
31.134.82.220,ipv4,malicious-ip,medium,WHITE,ziyadnz/hourly-ipv4,ziyadnz|hourly,2026-08-17T18:48:05Z,2026-08-17T18:48:05Z,
31.134.83.14,ipv4,malicious-ip,medium,WHITE,ziyadnz/hourly-ipv4,ziyadnz|hourly,2026-08-17T18:48:05Z,2026-08-17T18:48:05Z,
31.134.98.75,ipv4,malicious-ip,medium,WHITE,ziyadnz/hourly-ipv4,ziyadnz|hourly,2026-08-17T18:48:05Z,2026-08-17T18:48:05Z,
31.134.99.132,ipv4,malicious-ip,medium,WHITE,ziyadnz/hourly-ipv4,ziyadnz|hourly,2026-08-17T18:48:05Z,2026-08-17T18:48:05Z,
31.135.199.145,ipv4,malicious-ip,medium,WHITE,ziyadnz/hourly-ipv4,ziyadnz|hourly,2026-08-17T18:48:05Z,2026-08-17T18:48:05Z,
31.135.91.15,ipv4,malicious-ip,medium,WHITE,ziyadnz/hourly-ipv4,ziyadnz|hourly,2026-08-17T18:48:05Z,2026-08-17T18:48:05Z,
31.14.127.135,ipv4,malicious-ip,medium,WHITE,ziyadnz/hourly-ipv4,ziyadnz|hourly,2026-08-17T18:48:05Z,2026-08-17T18:48:05Z,
31.14.142.50,ipv4,malicious-ip,medium,WHITE,ziyadnz/hourly-ipv4,ziyadnz|hourly,2026-08-17T18:48:05Z,2026-08-17T18:48:05Z,
31.14.254.0,ipv4,malicious-ip,medium,WHITE,ziyadnz/hourly-ipv4,ziyadnz|hourly,2026-08-17T18:48:05Z,2026-08-17T18:48:05Z,
31.14.254.10,ipv4,malicious-ip,medium,WHITE,ziyadnz/hourly-ipv4,ziyadnz|hourly,2026-08-17T18:48:05Z,2026-08-17T18:48:05Z,
31.14.254.100,ipv4,malicious-ip,medium,WHITE,ziyadnz/hourly-ipv4,ziyadnz|hourly,2026-08-17T18:48:05Z,2026-08-17T18:48:05Z,
31.14.254.102,ipv4,malicious-ip,medium,WHITE,ziyadnz/hourly-ipv4,ziyadnz|hourly,2026-08-17T18:48:05Z,2026-08-17T18:48:05Z,
31.14.254.103,ipv4,malicious-ip,medium,WHITE,ziyadnz/hourly-ipv4,ziyadnz|hourly,2026-08-17T18:48:05Z,2026-08-17T18:48:05Z,
31.14.254.104,ipv4,malicious-ip,medium,WHITE,ziyadnz/hourly-ipv4,ziyadnz|hourly,2026-08-17T18:48:05Z,2026-08-17T18:48:05Z,
31.14.254.105,ipv4,malicious-ip,medium,WHITE,ziyadnz/hourly-ipv4,ziyadnz|hourly,2026-08-17T18:48:05Z,2026-08-17T18:48:05Z,
31.14.254.106,ipv4,malicious-ip,medium,WHITE,ziyadnz/hourly-ipv4,ziyadnz|hourly,2026-08-17T18:48:05Z,2026-08-17T18:48:05Z,
31.14.254.107,ipv4,malicious-ip,medium,WHITE,ziyadnz/hourly-ipv4,ziyadnz|hourly,2026-08-17T18:48:05Z,2026-08-17T18:48:05Z,
31.14.254.108,ipv4,malicious-ip,medium,WHITE,ziyadnz/hourly-ipv4,ziyadnz|hourly,2026-08-17T18:48:05Z,2026-08-17T18:48:05Z,
31.14.254.109,ipv4,malicious-ip,medium,WHITE,ziyadnz/hourly-ipv4,ziyadnz|hourly,2026-08-17T18:48:05Z,2026-08-17T18:48:05Z,
31.14.254.11,ipv4,malicious-ip,medium,WHITE,ziyadnz/hourly-ipv4,ziyadnz|hourly,2026-08-17T18:48:05Z,2026-08-17T18:48:05Z,
31.14.254.110,ipv4,malicious-ip,medium,WHITE,ziyadnz/hourly-ipv4,ziyadnz|hourly,2026-08-17T18:48:05Z,2026-08-17T18:48:05Z,
31.14.254.111,ipv4,malicious-ip,medium,WHITE,ziyadnz/hourly-ipv4,ziyadnz|hourly,2026-08-17T18:48:05Z,2026-08-17T18:48:05Z,
31.14.254.112,ipv4,malicious-ip,medium,WHITE,ziyadnz/hourly-ipv4,ziyadnz|hourly,2026-08-17T18:48:05Z,2026-08-17T18:48:05Z,
31.14.254.113,ipv4,malicious-ip,medium,WHITE,ziyadnz/hourly-ipv4,ziyadnz|hourly,2026-08-17T18:48:05Z,2026-08-17T18:48:05Z,
31.14.254.114,ipv4,malicious-ip,medium,WHITE,ziyadnz/hourly-ipv4,ziyadnz|hourly,2026-08-17T18:48:05Z,2026-08-17T18:48:05Z,
31.14.254.115,ipv4,malicious-ip,medium,WHITE,ziyadnz/hourly-ipv4,ziyadnz|hourly,2026-08-17T18:48:05Z,2026-08-17T18:48:05Z,
31.14.254.116,ipv4,malicious-ip,medium,WHITE,ziyadnz/hourly-ipv4,ziyadnz|hourly,2026-08-17T18:48:05Z,2026-08-17T18:48:05Z,
31.14.254.117,ipv4,malicious-ip,medium,WHITE,ziyadnz/hourly-ipv4,ziyadnz|hourly,2026-08-17T18:48:05Z,2026-08-17T18:48:05Z,
31.14.254.118,ipv4,malicious-ip,medium,WHITE,ziyadnz/hourly-ipv4,ziyadnz|hourly,2026-08-17T18:48:05Z,2026-08-17T18:48:05Z,
31.14.254.12,ipv4,malicious-ip,medium,WHITE,ziyadnz/hourly-ipv4,ziyadnz|hourly,2026-08-17T18:48:05Z,2026-08-17T18:48:05Z,
31.14.254.120,ipv4,malicious-ip,medium,WHITE,ziyadnz/hourly-ipv4,ziyadnz|hourly,2026-08-17T18:48:05Z,2026-08-17T18:48:05Z,
31.14.254.121,ipv4,malicious-ip,medium,WHITE,ziyadnz/hourly-ipv4,ziyadnz|hourly,2026-08-17T18:48:05Z,2026-08-17T18:48:05Z,
31.14.254.122,ipv4,malicious-ip,medium,WHITE,ziyadnz/hourly-ipv4,ziyadnz|hourly,2026-08-17T18:48:05Z,2026-08-17T18:48:05Z,
31.14.254.123,ipv4,malicious-ip,medium,WHITE,ziyadnz/hourly-ipv4,ziyadnz|hourly,2026-08-17T18:48:05Z,2026-08-17T18:48:05Z,
31.14.254.124,ipv4,malicious-ip,medium,WHITE,ziyadnz/hourly-ipv4,ziyadnz|hourly,2026-08-17T18:48:05Z,2026-08-17T18:48:05Z,
31.14.254.125,ipv4,malicious-ip,medium,WHITE,ziyadnz/hourly-ipv4,ziyadnz|hourly,2026-08-17T18:48:05Z,2026-08-17T18:48:05Z,
31.14.254.126,ipv4,malicious-ip,medium,WHITE,ziyadnz/hourly-ipv4,ziyadnz|hourly,2026-08-17T18:48:05Z,2026-08-17T18:48:05Z,
31.14.254.13,ipv4,malicious-ip,medium,WHITE,ziyadnz/hourly-ipv4,ziyadnz|hourly,2026-08-17T18:48:05Z,2026-08-17T18:48:05Z,
31.14.254.14,ipv4,malicious-ip,medium,WHITE,ziyadnz/hourly-ipv4,ziyadnz|hourly,2026-08-17T18:48:05Z,2026-08-17T18:48:05Z,
31.14.254.15,ipv4,malicious-ip,medium,WHITE,ziyadnz/hourly-ipv4,ziyadnz|hourly,2026-08-17T18:48:05Z,2026-08-17T18:48:05Z,
31.14.254.16,ipv4,malicious-ip,medium,WHITE,ziyadnz/hourly-ipv4,ziyadnz|hourly,2026-08-17T18:48:05Z,2026-08-17T18:48:05Z,
31.14.254.17,ipv4,malicious-ip,medium,WHITE,ziyadnz/hourly-ipv4,ziyadnz|hourly,2026-08-17T18:48:05Z,2026-08-17T18:48:05Z,
31.14.254.18,ipv4,malicious-ip,medium,WHITE,ziyadnz/hourly-ipv4,ziyadnz|hourly,2026-08-17T18:48:05Z,2026-08-17T18:48:05Z,
31.14.254.19,ipv4,malicious-ip,medium,WHITE,ziyadnz/hourly-ipv4,ziyadnz|hourly,2026-08-17T18:48:05Z,2026-08-17T18:48:05Z,
31.14.254.2,ipv4,malicious-ip,medium,WHITE,ziyadnz/hourly-ipv4,ziyadnz|hourly,2026-08-17T18:48:05Z,2026-08-17T18:48:05Z,
31.14.254.20,ipv4,malicious-ip,medium,WHITE,ziyadnz/hourly-ipv4,ziyadnz|hourly,2026-08-17T18:48:05Z,2026-08-17T18:48:05Z,
31.14.254.21,ipv4,malicious-ip,medium,WHITE,ziyadnz/hourly-ipv4,ziyadnz|hourly,2026-08-17T18:48:05Z,2026-08-17T18:48:05Z,
31.14.254.22,ipv4,malicious-ip,medium,WHITE,ziyadnz/hourly-ipv4,ziyadnz|hourly,2026-08-17T18:48:05Z,2026-08-17T18:48:05Z,
31.14.254.23,ipv4,malicious-ip,medium,WHITE,ziyadnz/hourly-ipv4,ziyadnz|hourly,2026-08-17T18:48:05Z,2026-08-17T18:48:05Z,
31.14.254.24,ipv4,malicious-ip,medium,WHITE,ziyadnz/hourly-ipv4,ziyadnz|hourly,2026-08-17T18:48:05Z,2026-08-17T18:48:05Z,
31.14.254.25,ipv4,malicious-ip,medium,WHITE,ziyadnz/hourly-ipv4,ziyadnz|hourly,2026-08-17T18:48:05Z,2026-08-17T18:48:05Z,
31.14.254.26,ipv4,malicious-ip,medium,WHITE,ziyadnz/hourly-ipv4,ziyadnz|hourly,2026-08-17T18:48:05Z,2026-08-17T18:48:05Z,
31.14.254.27,ipv4,malicious-ip,medium,WHITE,ziyadnz/hourly-ipv4,ziyadnz|hourly,2026-08-17T18:48:05Z,2026-08-17T18:48:05Z,
31.14.254.28,ipv4,malicious-ip,medium,WHITE,ziyadnz/hourly-ipv4,ziyadnz|hourly,2026-08-17T18:48:05Z,2026-08-17T18:48:05Z,
31.14.254.29,ipv4,malicious-ip,medium,WHITE,ziyadnz/hourly-ipv4,ziyadnz|hourly,2026-08-17T18:48:05Z,2026-08-17T18:48:05Z,
31.14.254.3,ipv4,malicious-ip,medium,WHITE,ziyadnz/hourly-ipv4,ziyadnz|hourly,2026-08-17T18:48:05Z,2026-08-17T18:48:05Z,
31.14.254.30,ipv4,malicious-ip,medium,WHITE,ziyadnz/hourly-ipv4,ziyadnz|hourly,2026-08-17T18:48:05Z,2026-08-17T18:48:05Z,
31.14.254.31,ipv4,malicious-ip,medium,WHITE,ziyadnz/hourly-ipv4,ziyadnz|hourly,2026-08-17T18:48:05Z,2026-08-17T18:48:05Z,
31.14.254.32,ipv4,malicious-ip,medium,WHITE,ziyadnz/hourly-ipv4,ziyadnz|hourly,2026-08-17T18:48:05Z,2026-08-17T18:48:05Z,
31.14.254.33,ipv4,malicious-ip,medium,WHITE,ziyadnz/hourly-ipv4,ziyadnz|hourly,2026-08-17T18:48:05Z,2026-08-17T18:48:05Z,
31.14.254.34,ipv4,malicious-ip,medium,WHITE,ziyadnz/hourly-ipv4,ziyadnz|hourly,2026-08-17T18:48:05Z,2026-08-17T18:48:05Z,
31.14.254.35,ipv4,malicious-ip,medium,WHITE,ziyadnz/hourly-ipv4,ziyadnz|hourly,2026-08-17T18:48:05Z,2026-08-17T18:48:05Z,
31.14.254.36,ipv4,malicious-ip,medium,WHITE,ziyadnz/hourly-ipv4,ziyadnz|hourly,2026-08-17T18:48:05Z,2026-08-17T18:48:05Z,
31.14.254.37,ipv4,malicious-ip,medium,WHITE,ziyadnz/hourly-ipv4,ziyadnz|hourly,2026-08-17T18:48:05Z,2026-08-17T18:48:05Z,
31.14.254.38,ipv4,malicious-ip,medium,WHITE,ziyadnz/hourly-ipv4,ziyadnz|hourly,2026-08-17T18:48:05Z,2026-08-17T18:48:05Z,
31.14.254.39,ipv4,malicious-ip,medium,WHITE,ziyadnz/hourly-ipv4,ziyadnz|hourly,2026-08-17T18:48:05Z,2026-08-17T18:48:05Z,
31.14.254.4,ipv4,malicious-ip,medium,WHITE,ziyadnz/hourly-ipv4,ziyadnz|hourly,2026-08-17T18:48:05Z,2026-08-17T18:48:05Z,
31.14.254.40,ipv4,malicious-ip,medium,WHITE,ziyadnz/hourly-ipv4,ziyadnz|hourly,2026-08-17T18:48:05Z,2026-08-17T18:48:05Z,
31.14.254.41,ipv4,malicious-ip,medium,WHITE,ziyadnz/hourly-ipv4,ziyadnz|hourly,2026-08-17T18:48:05Z,2026-08-17T18:48:05Z,
31.14.254.42,ipv4,malicious-ip,medium,WHITE,ziyadnz/hourly-ipv4,ziyadnz|hourly,2026-08-17T18:48:05Z,2026-08-17T18:48:05Z,
31.14.254.43,ipv4,malicious-ip,medium,WHITE,ziyadnz/hourly-ipv4,ziyadnz|hourly,2026-08-17T18:48:05Z,2026-08-17T18:48:05Z,
31.14.254.44,ipv4,malicious-ip,medium,WHITE,ziyadnz/hourly-ipv4,ziyadnz|hourly,2026-08-17T18:48:05Z,2026-08-17T18:48:05Z,
31.14.254.45,ipv4,malicious-ip,medium,WHITE,ziyadnz/hourly-ipv4,ziyadnz|hourly,2026-08-17T18:48:05Z,2026-08-17T18:48:05Z,
31.14.254.46,ipv4,malicious-ip,medium,WHITE,ziyadnz/hourly-ipv4,ziyadnz|hourly,2026-08-17T18:48:05Z,2026-08-17T18:48:05Z,
31.14.254.47,ipv4,malicious-ip,medium,WHITE,ziyadnz/hourly-ipv4,ziyadnz|hourly,2026-08-17T18:48:05Z,2026-08-17T18:48:05Z,
31.14.254.48,ipv4,malicious-ip,medium,WHITE,ziyadnz/hourly-ipv4,ziyadnz|hourly,2026-08-17T18:48:05Z,2026-08-17T18:48:05Z,
31.14.254.49,ipv4,malicious-ip,medium,WHITE,ziyadnz/hourly-ipv4,ziyadnz|hourly,2026-08-17T18:48:05Z,2026-08-17T18:48:05Z,
31.14.254.5,ipv4,malicious-ip,medium,WHITE,ziyadnz/hourly-ipv4,ziyadnz|hourly,2026-08-17T18:48:05Z,2026-08-17T18:48:05Z,
31.14.254.50,ipv4,malicious-ip,medium,WHITE,ziyadnz/hourly-ipv4,ziyadnz|hourly,2026-08-17T18:48:05Z,2026-08-17T18:48:05Z,
31.14.254.51,ipv4,malicious-ip,medium,WHITE,ziyadnz/hourly-ipv4,ziyadnz|hourly,2026-08-17T18:48:05Z,2026-08-17T18:48:05Z,
31.14.254.52,ipv4,malicious-ip,medium,WHITE,ziyadnz/hourly-ipv4,ziyadnz|hourly,2026-08-17T18:48:05Z,2026-08-17T18:48:05Z,
31.14.254.53,ipv4,malicious-ip,medium,WHITE,ziyadnz/hourly-ipv4,ziyadnz|hourly,2026-08-17T18:48:05Z,2026-08-17T18:48:05Z,
31.14.254.54,ipv4,malicious-ip,medium,WHITE,ziyadnz/hourly-ipv4,ziyadnz|hourly,2026-08-17T18:48:05Z,2026-08-17T18:48:05Z,
31.14.254.55,ipv4,malicious-ip,medium,WHITE,ziyadnz/hourly-ipv4,ziyadnz|hourly,2026-08-17T18:48:05Z,2026-08-17T18:48:05Z,
31.14.254.56,ipv4,malicious-ip,medium,WHITE,ziyadnz/hourly-ipv4,ziyadnz|hourly,2026-08-17T18:48:05Z,2026-08-17T18:48:05Z,
31.14.254.57,ipv4,malicious-ip,medium,WHITE,ziyadnz/hourly-ipv4,ziyadnz|hourly,2026-08-17T18:48:05Z,2026-08-17T18:48:05Z,
31.14.254.58,ipv4,malicious-ip,medium,WHITE,ziyadnz/hourly-ipv4,ziyadnz|hourly,2026-08-17T18:48:05Z,2026-08-17T18:48:05Z,
31.14.254.59,ipv4,malicious-ip,medium,WHITE,ziyadnz/hourly-ipv4,ziyadnz|hourly,2026-08-17T18:48:05Z,2026-08-17T18:48:05Z,
31.14.254.6,ipv4,malicious-ip,medium,WHITE,ziyadnz/hourly-ipv4,ziyadnz|hourly,2026-08-17T18:48:05Z,2026-08-17T18:48:05Z,
31.14.254.60,ipv4,malicious-ip,medium,WHITE,ziyadnz/hourly-ipv4,ziyadnz|hourly,2026-08-17T18:48:05Z,2026-08-17T18:48:05Z,
31.14.254.61,ipv4,malicious-ip,medium,WHITE,ziyadnz/hourly-ipv4,ziyadnz|hourly,2026-08-17T18:48:05Z,2026-08-17T18:48:05Z,
31.14.254.62,ipv4,malicious-ip,medium,WHITE,ziyadnz/hourly-ipv4,ziyadnz|hourly,2026-08-17T18:48:05Z,2026-08-17T18:48:05Z,
31.14.254.63,ipv4,malicious-ip,medium,WHITE,ziyadnz/hourly-ipv4,ziyadnz|hourly,2026-08-17T18:48:05Z,2026-08-17T18:48:05Z,
31.14.254.64,ipv4,malicious-ip,medium,WHITE,ziyadnz/hourly-ipv4,ziyadnz|hourly,2026-08-17T18:48:05Z,2026-08-17T18:48:05Z,
31.14.254.65,ipv4,malicious-ip,medium,WHITE,ziyadnz/hourly-ipv4,ziyadnz|hourly,2026-08-17T18:48:05Z,2026-08-17T18:48:05Z,
31.14.254.66,ipv4,malicious-ip,medium,WHITE,ziyadnz/hourly-ipv4,ziyadnz|hourly,2026-08-17T18:48:05Z,2026-08-17T18:48:05Z,
31.14.254.67,ipv4,malicious-ip,medium,WHITE,ziyadnz/hourly-ipv4,ziyadnz|hourly,2026-08-17T18:48:05Z,2026-08-17T18:48:05Z,
31.14.254.69,ipv4,malicious-ip,medium,WHITE,ziyadnz/hourly-ipv4,ziyadnz|hourly,2026-08-17T18:48:05Z,2026-08-17T18:48:05Z,
31.14.254.7,ipv4,malicious-ip,medium,WHITE,ziyadnz/hourly-ipv4,ziyadnz|hourly,2026-08-17T18:48:05Z,2026-08-17T18:48:05Z,
31.14.254.70,ipv4,malicious-ip,medium,WHITE,ziyadnz/hourly-ipv4,ziyadnz|hourly,2026-08-17T18:48:05Z,2026-08-17T18:48:05Z,
31.14.254.71,ipv4,malicious-ip,medium,WHITE,ziyadnz/hourly-ipv4,ziyadnz|hourly,2026-08-17T18:48:05Z,2026-08-17T18:48:05Z,
31.14.254.72,ipv4,malicious-ip,medium,WHITE,ziyadnz/hourly-ipv4,ziyadnz|hourly,2026-08-17T18:48:05Z,2026-08-17T18:48:05Z,
31.14.254.74,ipv4,malicious-ip,medium,WHITE,ziyadnz/hourly-ipv4,ziyadnz|hourly,2026-08-17T18:48:05Z,2026-08-17T18:48:05Z,
31.14.254.75,ipv4,malicious-ip,medium,WHITE,ziyadnz/hourly-ipv4,ziyadnz|hourly,2026-08-17T18:48:05Z,2026-08-17T18:48:05Z,
31.14.254.76,ipv4,malicious-ip,medium,WHITE,ziyadnz/hourly-ipv4,ziyadnz|hourly,2026-08-17T18:48:05Z,2026-08-17T18:48:05Z,
31.14.254.77,ipv4,malicious-ip,medium,WHITE,ziyadnz/hourly-ipv4,ziyadnz|hourly,2026-08-17T18:48:05Z,2026-08-17T18:48:05Z,
31.14.254.78,ipv4,malicious-ip,medium,WHITE,ziyadnz/hourly-ipv4,ziyadnz|hourly,2026-08-17T18:48:05Z,2026-08-17T18:48:05Z,
31.14.254.79,ipv4,malicious-ip,medium,WHITE,ziyadnz/hourly-ipv4,ziyadnz|hourly,2026-08-17T18:48:05Z,2026-08-17T18:48:05Z,
31.14.254.8,ipv4,malicious-ip,medium,WHITE,ziyadnz/hourly-ipv4,ziyadnz|hourly,2026-08-17T18:48:05Z,2026-08-17T18:48:05Z,
31.14.254.80,ipv4,malicious-ip,medium,WHITE,ziyadnz/hourly-ipv4,ziyadnz|hourly,2026-08-17T18:48:05Z,2026-08-17T18:48:05Z,
31.14.254.81,ipv4,malicious-ip,medium,WHITE,ziyadnz/hourly-ipv4,ziyadnz|hourly,2026-08-17T18:48:05Z,2026-08-17T18:48:05Z,
31.14.254.82,ipv4,malicious-ip,medium,WHITE,ziyadnz/hourly-ipv4,ziyadnz|hourly,2026-08-17T18:48:05Z,2026-08-17T18:48:05Z,
31.14.254.83,ipv4,malicious-ip,medium,WHITE,ziyadnz/hourly-ipv4,ziyadnz|hourly,2026-08-17T18:48:05Z,2026-08-17T18:48:05Z,
31.14.254.84,ipv4,malicious-ip,medium,WHITE,ziyadnz/hourly-ipv4,ziyadnz|hourly,2026-08-17T18:48:05Z,2026-08-17T18:48:05Z,
31.14.254.85,ipv4,malicious-ip,medium,WHITE,ziyadnz/hourly-ipv4,ziyadnz|hourly,2026-08-17T18:48:05Z,2026-08-17T18:48:05Z,
31.14.254.87,ipv4,malicious-ip,medium,WHITE,ziyadnz/hourly-ipv4,ziyadnz|hourly,2026-08-17T18:48:05Z,2026-08-17T18:48:05Z,
31.14.254.88,ipv4,malicious-ip,medium,WHITE,ziyadnz/hourly-ipv4,ziyadnz|hourly,2026-08-17T18:48:05Z,2026-08-17T18:48:05Z,
31.14.254.89,ipv4,malicious-ip,medium,WHITE,ziyadnz/hourly-ipv4,ziyadnz|hourly,2026-08-17T18:48:05Z,2026-08-17T18:48:05Z,
31.14.254.9,ipv4,malicious-ip,medium,WHITE,ziyadnz/hourly-ipv4,ziyadnz|hourly,2026-08-17T18:48:05Z,2026-08-17T18:48:05Z,
31.14.254.90,ipv4,malicious-ip,medium,WHITE,ziyadnz/hourly-ipv4,ziyadnz|hourly,2026-08-17T18:48:05Z,2026-08-17T18:48:05Z,
31.14.254.91,ipv4,malicious-ip,medium,WHITE,ziyadnz/hourly-ipv4,ziyadnz|hourly,2026-08-17T18:48:05Z,2026-08-17T18:48:05Z,
31.14.254.93,ipv4,malicious-ip,medium,WHITE,ziyadnz/hourly-ipv4,ziyadnz|hourly,2026-08-17T18:48:05Z,2026-08-17T18:48:05Z,
31.14.254.94,ipv4,malicious-ip,medium,WHITE,ziyadnz/hourly-ipv4,ziyadnz|hourly,2026-08-17T18:48:05Z,2026-08-17T18:48:05Z,
31.14.254.95,ipv4,malicious-ip,medium,WHITE,ziyadnz/hourly-ipv4,ziyadnz|hourly,2026-08-17T18:48:05Z,2026-08-17T18:48:05Z,
31.14.254.96,ipv4,malicious-ip,medium,WHITE,ziyadnz/hourly-ipv4,ziyadnz|hourly,2026-08-17T18:48:05Z,2026-08-17T18:48:05Z,
31.14.254.97,ipv4,malicious-ip,medium,WHITE,ziyadnz/hourly-ipv4,ziyadnz|hourly,2026-08-17T18:48:05Z,2026-08-17T18:48:05Z,
31.14.254.98,ipv4,malicious-ip,medium,WHITE,ziyadnz/hourly-ipv4,ziyadnz|hourly,2026-08-17T18:48:05Z,2026-08-17T18:48:05Z,
31.14.254.99,ipv4,malicious-ip,medium,WHITE,ziyadnz/hourly-ipv4,ziyadnz|hourly,2026-08-17T18:48:05Z,2026-08-17T18:48:05Z,
31.14.32.4,ipv4,malicious-ip,medium,WHITE,ziyadnz/hourly-ipv4,ziyadnz|hourly,2026-08-17T18:48:05Z,2026-08-17T18:48:05Z,
31.14.32.6,ipv4,malicious-ip,medium,WHITE,ziyadnz/hourly-ipv4,ziyadnz|hourly,2026-08-17T18:48:05Z,2026-08-17T18:48:05Z,
31.14.32.7,ipv4,malicious-ip,medium,WHITE,ziyadnz/hourly-ipv4,ziyadnz|hourly,2026-08-17T18:48:05Z,2026-08-17T18:48:05Z,
31.14.32.8,ipv4,malicious-ip,medium,WHITE,ziyadnz/hourly-ipv4,ziyadnz|hourly,2026-08-17T18:48:05Z,2026-08-17T18:48:05Z,
31.14.72.130,ipv4,malicious-ip,medium,WHITE,ziyadnz/hourly-ipv4,ziyadnz|hourly,2026-08-17T18:48:05Z,2026-08-17T18:48:05Z,
31.14.72.5,ipv4,malicious-ip,medium,WHITE,ziyadnz/hourly-ipv4,ziyadnz|hourly,2026-08-17T18:48:05Z,2026-08-17T18:48:05Z,
31.14.97.32,ipv4,malicious-ip,medium,WHITE,ziyadnz/hourly-ipv4,ziyadnz|hourly,2026-08-17T18:48:05Z,2026-08-17T18:48:05Z,
31.141.184.131,ipv4,malicious-ip,medium,WHITE,ziyadnz/hourly-ipv4,ziyadnz|hourly,2026-08-17T18:48:05Z,2026-08-17T18:48:05Z,
31.141.253.58,ipv4,malicious-ip,medium,WHITE,ziyadnz/hourly-ipv4,ziyadnz|hourly,2026-08-17T18:48:05Z,2026-08-17T18:48:05Z,
31.141.254.52,ipv4,malicious-ip,medium,WHITE,ziyadnz/hourly-ipv4,ziyadnz|hourly,2026-08-17T18:48:05Z,2026-08-17T18:48:05Z,
31.145.106.145,ipv4,malicious-ip,medium,WHITE,ziyadnz/hourly-ipv4,ziyadnz|hourly,2026-08-17T18:48:05Z,2026-08-17T18:48:05Z,
31.145.131.202,ipv4,malicious-ip,medium,WHITE,ziyadnz/hourly-ipv4,ziyadnz|hourly,2026-08-17T18:48:05Z,2026-08-17T18:48:05Z,
31.145.146.231,ipv4,malicious-ip,medium,WHITE,ziyadnz/hourly-ipv4,ziyadnz|hourly,2026-08-17T18:48:05Z,2026-08-17T18:48:05Z,
31.145.185.179,ipv4,malicious-ip,medium,WHITE,ziyadnz/hourly-ipv4,ziyadnz|hourly,2026-08-17T18:48:05Z,2026-08-17T18:48:05Z,
31.145.189.190,ipv4,malicious-ip,medium,WHITE,ziyadnz/hourly-ipv4,ziyadnz|hourly,2026-08-17T18:48:05Z,2026-08-17T18:48:05Z,
31.146.212.37,ipv4,malicious-ip,medium,WHITE,ziyadnz/hourly-ipv4,ziyadnz|hourly,2026-08-17T18:48:05Z,2026-08-17T18:48:05Z,
31.146.223.126,ipv4,malicious-ip,medium,WHITE,ziyadnz/hourly-ipv4,ziyadnz|hourly,2026-08-17T18:48:05Z,2026-08-17T18:48:05Z,
31.146.64.60,ipv4,malicious-ip,medium,WHITE,ziyadnz/hourly-ipv4,ziyadnz|hourly,2026-08-17T18:48:05Z,2026-08-17T18:48:05Z,
31.148.149.226,ipv4,malicious-ip,medium,WHITE,ziyadnz/hourly-ipv4,ziyadnz|hourly,2026-08-17T18:48:05Z,2026-08-17T18:48:05Z,
31.148.149.233,ipv4,malicious-ip,medium,WHITE,ziyadnz/hourly-ipv4,ziyadnz|hourly,2026-08-17T18:48:05Z,2026-08-17T18:48:05Z,
31.148.149.253,ipv4,malicious-ip,medium,WHITE,ziyadnz/hourly-ipv4,ziyadnz|hourly,2026-08-17T18:48:05Z,2026-08-17T18:48:05Z,
31.148.161.210,ipv4,malicious-ip,medium,WHITE,ziyadnz/hourly-ipv4,ziyadnz|hourly,2026-08-17T18:48:05Z,2026-08-17T18:48:05Z,
31.148.168.29,ipv4,malicious-ip,medium,WHITE,ziyadnz/hourly-ipv4,ziyadnz|hourly,2026-08-17T18:48:05Z,2026-08-17T18:48:05Z,
31.148.20.210,ipv4,malicious-ip,medium,WHITE,ziyadnz/hourly-ipv4,ziyadnz|hourly,2026-08-17T18:48:05Z,2026-08-17T18:48:05Z,
31.148.20.213,ipv4,malicious-ip,medium,WHITE,ziyadnz/hourly-ipv4,ziyadnz|hourly,2026-08-17T18:48:05Z,2026-08-17T18:48:05Z,
31.148.20.254,ipv4,malicious-ip,medium,WHITE,ziyadnz/hourly-ipv4,ziyadnz|hourly,2026-08-17T18:48:05Z,2026-08-17T18:48:05Z,
31.148.206.208,ipv4,malicious-ip,medium,WHITE,ziyadnz/hourly-ipv4,ziyadnz|hourly,2026-08-17T18:48:05Z,2026-08-17T18:48:05Z,
31.148.207.200,ipv4,malicious-ip,medium,WHITE,ziyadnz/hourly-ipv4,ziyadnz|hourly,2026-08-17T18:48:05Z,2026-08-17T18:48:05Z,
31.148.28.27,ipv4,malicious-ip,medium,WHITE,ziyadnz/hourly-ipv4,ziyadnz|hourly,2026-08-17T18:48:05Z,2026-08-17T18:48:05Z,
31.149.213.145,ipv4,malicious-ip,medium,WHITE,ziyadnz/hourly-ipv4,ziyadnz|hourly,2026-08-17T18:48:05Z,2026-08-17T18:48:05Z,
31.15.18.254,ipv4,malicious-ip,medium,WHITE,ziyadnz/hourly-ipv4,ziyadnz|hourly,2026-08-17T18:48:05Z,2026-08-17T18:48:05Z,
31.15.7.234,ipv4,malicious-ip,medium,WHITE,ziyadnz/hourly-ipv4,ziyadnz|hourly,2026-08-17T18:48:05Z,2026-08-17T18:48:05Z,
31.153.42.170,ipv4,malicious-ip,medium,WHITE,ziyadnz/hourly-ipv4,ziyadnz|hourly,2026-08-17T18:48:05Z,2026-08-17T18:48:05Z,
31.153.67.119,ipv4,malicious-ip,medium,WHITE,ziyadnz/hourly-ipv4,ziyadnz|hourly,2026-08-17T18:48:05Z,2026-08-17T18:48:05Z,
31.155.254.64,ipv4,malicious-ip,medium,WHITE,ziyadnz/hourly-ipv4,ziyadnz|hourly,2026-08-17T18:48:05Z,2026-08-17T18:48:05Z,
31.156.193.220,ipv4,malicious-ip,medium,WHITE,ziyadnz/hourly-ipv4,ziyadnz|hourly,2026-08-17T18:48:05Z,2026-08-17T18:48:05Z,
31.162.170.37,ipv4,malicious-ip,medium,WHITE,ziyadnz/hourly-ipv4,ziyadnz|hourly,2026-08-17T18:48:05Z,2026-08-17T18:48:05Z,
31.163.104.250,ipv4,malicious-ip,medium,WHITE,ziyadnz/hourly-ipv4,ziyadnz|hourly,2026-08-17T18:48:05Z,2026-08-17T18:48:05Z,
31.164.195.197,ipv4,malicious-ip,medium,WHITE,ziyadnz/hourly-ipv4,ziyadnz|hourly,2026-08-17T18:48:05Z,2026-08-17T18:48:05Z,
31.167.132.86,ipv4,malicious-ip,medium,WHITE,ziyadnz/hourly-ipv4,ziyadnz|hourly,2026-08-17T18:48:05Z,2026-08-17T18:48:05Z,
31.167.151.118,ipv4,malicious-ip,medium,WHITE,ziyadnz/hourly-ipv4,ziyadnz|hourly,2026-08-17T18:48:05Z,2026-08-17T18:48:05Z,
31.169.53.31,ipv4,malicious-ip,medium,WHITE,ziyadnz/hourly-ipv4,ziyadnz|hourly,2026-08-17T18:48:05Z,2026-08-17T18:48:05Z,
31.169.76.240,ipv4,malicious-ip,medium,WHITE,ziyadnz/hourly-ipv4,ziyadnz|hourly,2026-08-17T18:48:05Z,2026-08-17T18:48:05Z,
31.170.100.154,ipv4,malicious-ip,medium,WHITE,ziyadnz/hourly-ipv4,ziyadnz|hourly,2026-08-17T18:48:05Z,2026-08-17T18:48:05Z,
31.170.155.3,ipv4,malicious-ip,medium,WHITE,ziyadnz/hourly-ipv4,ziyadnz|hourly,2026-08-17T18:48:05Z,2026-08-17T18:48:05Z,
31.170.189.83,ipv4,malicious-ip,medium,WHITE,ziyadnz/hourly-ipv4,ziyadnz|hourly,2026-08-17T18:48:05Z,2026-08-17T18:48:05Z,
31.170.22.196,ipv4,malicious-ip,medium,WHITE,ziyadnz/hourly-ipv4,ziyadnz|hourly,2026-08-17T18:48:05Z,2026-08-17T18:48:05Z,
31.170.22.205,ipv4,malicious-ip,medium,WHITE,ziyadnz/hourly-ipv4,ziyadnz|hourly,2026-08-17T18:48:05Z,2026-08-17T18:48:05Z,
31.170.22.206,ipv4,malicious-ip,medium,WHITE,ziyadnz/hourly-ipv4,ziyadnz|hourly,2026-08-17T18:48:05Z,2026-08-17T18:48:05Z,
31.170.22.5,ipv4,malicious-ip,medium,WHITE,ziyadnz/hourly-ipv4,ziyadnz|hourly,2026-08-17T18:48:05Z,2026-08-17T18:48:05Z,
31.171.155.145,ipv4,malicious-ip,medium,WHITE,ziyadnz/hourly-ipv4,ziyadnz|hourly,2026-08-17T18:48:05Z,2026-08-17T18:48:05Z,
31.171.222.178,ipv4,malicious-ip,medium,WHITE,ziyadnz/hourly-ipv4,ziyadnz|hourly,2026-08-17T18:48:05Z,2026-08-17T18:48:05Z,
31.171.223.252,ipv4,malicious-ip,medium,WHITE,ziyadnz/hourly-ipv4,ziyadnz|hourly,2026-08-17T18:48:05Z,2026-08-17T18:48:05Z,
31.171.66.150,ipv4,malicious-ip,medium,WHITE,ziyadnz/hourly-ipv4,ziyadnz|hourly,2026-08-17T18:48:05Z,2026-08-17T18:48:05Z,
31.171.80.255,ipv4,malicious-ip,medium,WHITE,ziyadnz/hourly-ipv4,ziyadnz|hourly,2026-08-17T18:48:05Z,2026-08-17T18:48:05Z,
31.172.67.59,ipv4,malicious-ip,medium,WHITE,ziyadnz/hourly-ipv4,ziyadnz|hourly,2026-08-17T18:48:05Z,2026-08-17T18:48:05Z,
31.172.76.107,ipv4,malicious-ip,medium,WHITE,ziyadnz/hourly-ipv4,ziyadnz|hourly,2026-08-17T18:48:05Z,2026-08-17T18:48:05Z,
31.172.87.19,ipv4,malicious-ip,medium,WHITE,ziyadnz/hourly-ipv4,ziyadnz|hourly,2026-08-17T18:48:05Z,2026-08-17T18:48:05Z,
31.172.87.20,ipv4,malicious-ip,medium,WHITE,ziyadnz/hourly-ipv4,ziyadnz|hourly,2026-08-17T18:48:05Z,2026-08-17T18:48:05Z,
31.172.87.248,ipv4,malicious-ip,medium,WHITE,ziyadnz/hourly-ipv4,ziyadnz|hourly,2026-08-17T18:48:05Z,2026-08-17T18:48:05Z,
31.173.0.140,ipv4,malicious-ip,medium,WHITE,ziyadnz/hourly-ipv4,ziyadnz|hourly,2026-08-17T18:48:05Z,2026-08-17T18:48:05Z,
31.173.12.29,ipv4,malicious-ip,medium,WHITE,ziyadnz/hourly-ipv4,ziyadnz|hourly,2026-08-17T18:48:05Z,2026-08-17T18:48:05Z,
31.173.161.184,ipv4,malicious-ip,medium,WHITE,ziyadnz/hourly-ipv4,ziyadnz|hourly,2026-08-17T18:48:05Z,2026-08-17T18:48:05Z,
31.173.170.183,ipv4,malicious-ip,medium,WHITE,ziyadnz/hourly-ipv4,ziyadnz|hourly,2026-08-17T18:48:05Z,2026-08-17T18:48:05Z,
31.173.2.172,ipv4,malicious-ip,medium,WHITE,ziyadnz/hourly-ipv4,ziyadnz|hourly,2026-08-17T18:48:05Z,2026-08-17T18:48:05Z,
31.173.2.182,ipv4,malicious-ip,medium,WHITE,ziyadnz/hourly-ipv4,ziyadnz|hourly,2026-08-17T18:48:05Z,2026-08-17T18:48:05Z,
31.173.29.136,ipv4,malicious-ip,medium,WHITE,ziyadnz/hourly-ipv4,ziyadnz|hourly,2026-08-17T18:48:05Z,2026-08-17T18:48:05Z,
31.173.31.109,ipv4,malicious-ip,medium,WHITE,ziyadnz/hourly-ipv4,ziyadnz|hourly,2026-08-17T18:48:05Z,2026-08-17T18:48:05Z,
31.173.31.49,ipv4,malicious-ip,medium,WHITE,ziyadnz/hourly-ipv4,ziyadnz|hourly,2026-08-17T18:48:05Z,2026-08-17T18:48:05Z,
31.173.31.66,ipv4,malicious-ip,medium,WHITE,ziyadnz/hourly-ipv4,ziyadnz|hourly,2026-08-17T18:48:05Z,2026-08-17T18:48:05Z,
31.173.66.222,ipv4,malicious-ip,medium,WHITE,ziyadnz/hourly-ipv4,ziyadnz|hourly,2026-08-17T18:48:05Z,2026-08-17T18:48:05Z,
31.173.67.115,ipv4,malicious-ip,medium,WHITE,ziyadnz/hourly-ipv4,ziyadnz|hourly,2026-08-17T18:48:05Z,2026-08-17T18:48:05Z,
31.173.67.123,ipv4,malicious-ip,medium,WHITE,ziyadnz/hourly-ipv4,ziyadnz|hourly,2026-08-17T18:48:05Z,2026-08-17T18:48:05Z,
31.173.67.141,ipv4,malicious-ip,medium,WHITE,ziyadnz/hourly-ipv4,ziyadnz|hourly,2026-08-17T18:48:05Z,2026-08-17T18:48:05Z,
31.173.70.207,ipv4,malicious-ip,medium,WHITE,ziyadnz/hourly-ipv4,ziyadnz|hourly,2026-08-17T18:48:05Z,2026-08-17T18:48:05Z,
31.177.109.39,ipv4,malicious-ip,medium,WHITE,ziyadnz/hourly-ipv4,ziyadnz|hourly,2026-08-17T18:48:05Z,2026-08-17T18:48:05Z,
31.177.110.99,ipv4,malicious-ip,medium,WHITE,ziyadnz/hourly-ipv4,ziyadnz|hourly,2026-08-17T18:48:05Z,2026-08-17T18:48:05Z,
31.177.83.48,ipv4,malicious-ip,medium,WHITE,ziyadnz/hourly-ipv4,ziyadnz|hourly,2026-08-17T18:48:05Z,2026-08-17T18:48:05Z,
31.178.148.42,ipv4,malicious-ip,medium,WHITE,ziyadnz/hourly-ipv4,ziyadnz|hourly,2026-08-17T18:48:05Z,2026-08-17T18:48:05Z,
31.179.197.26,ipv4,malicious-ip,medium,WHITE,ziyadnz/hourly-ipv4,ziyadnz|hourly,2026-08-17T18:48:05Z,2026-08-17T18:48:05Z,
31.179.228.119,ipv4,malicious-ip,medium,WHITE,ziyadnz/hourly-ipv4,ziyadnz|hourly,2026-08-17T18:48:05Z,2026-08-17T18:48:05Z,
31.179.228.60,ipv4,malicious-ip,medium,WHITE,ziyadnz/hourly-ipv4,ziyadnz|hourly,2026-08-17T18:48:05Z,2026-08-17T18:48:05Z,
31.182.57.86,ipv4,malicious-ip,medium,WHITE,ziyadnz/hourly-ipv4,ziyadnz|hourly,2026-08-17T18:48:05Z,2026-08-17T18:48:05Z,
31.183.0.54,ipv4,malicious-ip,medium,WHITE,ziyadnz/hourly-ipv4,ziyadnz|hourly,2026-08-17T18:48:05Z,2026-08-17T18:48:05Z,
31.183.137.227,ipv4,malicious-ip,medium,WHITE,ziyadnz/hourly-ipv4,ziyadnz|hourly,2026-08-17T18:48:05Z,2026-08-17T18:48:05Z,
31.184.204.42,ipv4,malicious-ip,medium,WHITE,ziyadnz/hourly-ipv4,ziyadnz|hourly,2026-08-17T18:48:05Z,2026-08-17T18:48:05Z,
31.184.215.135,ipv4,malicious-ip,medium,WHITE,ziyadnz/hourly-ipv4,ziyadnz|hourly,2026-08-17T18:48:05Z,2026-08-17T18:48:05Z,
31.184.240.34,ipv4,malicious-ip,medium,WHITE,ziyadnz/hourly-ipv4,ziyadnz|hourly,2026-08-17T18:48:05Z,2026-08-17T18:48:05Z,
31.186.222.94,ipv4,malicious-ip,medium,WHITE,ziyadnz/hourly-ipv4,ziyadnz|hourly,2026-08-17T18:48:05Z,2026-08-17T18:48:05Z,
31.190.100.181,ipv4,malicious-ip,medium,WHITE,ziyadnz/hourly-ipv4,ziyadnz|hourly,2026-08-17T18:48:05Z,2026-08-17T18:48:05Z,
31.190.105.84,ipv4,malicious-ip,medium,WHITE,ziyadnz/hourly-ipv4,ziyadnz|hourly,2026-08-17T18:48:05Z,2026-08-17T18:48:05Z,
31.190.199.254,ipv4,malicious-ip,medium,WHITE,ziyadnz/hourly-ipv4,ziyadnz|hourly,2026-08-17T18:48:05Z,2026-08-17T18:48:05Z,
31.190.239.22,ipv4,malicious-ip,medium,WHITE,ziyadnz/hourly-ipv4,ziyadnz|hourly,2026-08-17T18:48:05Z,2026-08-17T18:48:05Z,
31.190.243.110,ipv4,malicious-ip,medium,WHITE,ziyadnz/hourly-ipv4,ziyadnz|hourly,2026-08-17T18:48:05Z,2026-08-17T18:48:05Z,
31.190.51.25,ipv4,malicious-ip,medium,WHITE,ziyadnz/hourly-ipv4,ziyadnz|hourly,2026-08-17T18:48:05Z,2026-08-17T18:48:05Z,
31.192.105.28,ipv4,malicious-ip,medium,WHITE,ziyadnz/hourly-ipv4,ziyadnz|hourly,2026-08-17T18:48:05Z,2026-08-17T18:48:05Z,
31.192.107.157,ipv4,malicious-ip,medium,WHITE,ziyadnz/hourly-ipv4,ziyadnz|hourly,2026-08-17T18:48:05Z,2026-08-17T18:48:05Z,
31.192.107.165,ipv4,malicious-ip,medium,WHITE,ziyadnz/hourly-ipv4,ziyadnz|hourly,2026-08-17T18:48:05Z,2026-08-17T18:48:05Z,
31.192.107.237,ipv4,malicious-ip,medium,WHITE,ziyadnz/hourly-ipv4,ziyadnz|hourly,2026-08-17T18:48:05Z,2026-08-17T18:48:05Z,
31.192.108.140,ipv4,malicious-ip,medium,WHITE,ziyadnz/hourly-ipv4,ziyadnz|hourly,2026-08-17T18:48:05Z,2026-08-17T18:48:05Z,
31.192.188.178,ipv4,malicious-ip,medium,WHITE,ziyadnz/hourly-ipv4,ziyadnz|hourly,2026-08-17T18:48:05Z,2026-08-17T18:48:05Z,
31.192.234.22,ipv4,malicious-ip,medium,WHITE,ziyadnz/hourly-ipv4,ziyadnz|hourly,2026-08-17T18:48:05Z,2026-08-17T18:48:05Z,
31.192.237.207,ipv4,malicious-ip,medium,WHITE,ziyadnz/hourly-ipv4,ziyadnz|hourly,2026-08-17T18:48:05Z,2026-08-17T18:48:05Z,
31.192.237.75,ipv4,malicious-ip,medium,WHITE,ziyadnz/hourly-ipv4,ziyadnz|hourly,2026-08-17T18:48:05Z,2026-08-17T18:48:05Z,
31.195.210.101,ipv4,malicious-ip,medium,WHITE,ziyadnz/hourly-ipv4,ziyadnz|hourly,2026-08-17T18:48:05Z,2026-08-17T18:48:05Z,
31.20.24.157,ipv4,malicious-ip,medium,WHITE,ziyadnz/hourly-ipv4,ziyadnz|hourly,2026-08-17T18:48:05Z,2026-08-17T18:48:05Z,
31.200.234.27,ipv4,malicious-ip,medium,WHITE,ziyadnz/hourly-ipv4,ziyadnz|hourly,2026-08-17T18:48:05Z,2026-08-17T18:48:05Z,
31.202.120.177,ipv4,malicious-ip,medium,WHITE,ziyadnz/hourly-ipv4,ziyadnz|hourly,2026-08-17T18:48:05Z,2026-08-17T18:48:05Z,
31.202.123.56,ipv4,malicious-ip,medium,WHITE,ziyadnz/hourly-ipv4,ziyadnz|hourly,2026-08-17T18:48:05Z,2026-08-17T18:48:05Z,
31.202.147.66,ipv4,malicious-ip,medium,WHITE,ziyadnz/hourly-ipv4,ziyadnz|hourly,2026-08-17T18:48:05Z,2026-08-17T18:48:05Z,
31.202.154.197,ipv4,malicious-ip,medium,WHITE,ziyadnz/hourly-ipv4,ziyadnz|hourly,2026-08-17T18:48:05Z,2026-08-17T18:48:05Z,
31.202.158.199,ipv4,malicious-ip,medium,WHITE,ziyadnz/hourly-ipv4,ziyadnz|hourly,2026-08-17T18:48:05Z,2026-08-17T18:48:05Z,
31.202.178.143,ipv4,malicious-ip,medium,WHITE,ziyadnz/hourly-ipv4,ziyadnz|hourly,2026-08-17T18:48:05Z,2026-08-17T18:48:05Z,
31.202.179.198,ipv4,malicious-ip,medium,WHITE,ziyadnz/hourly-ipv4,ziyadnz|hourly,2026-08-17T18:48:05Z,2026-08-17T18:48:05Z,
31.202.185.197,ipv4,malicious-ip,medium,WHITE,ziyadnz/hourly-ipv4,ziyadnz|hourly,2026-08-17T18:48:05Z,2026-08-17T18:48:05Z,
31.202.42.116,ipv4,malicious-ip,medium,WHITE,ziyadnz/hourly-ipv4,ziyadnz|hourly,2026-08-17T18:48:05Z,2026-08-17T18:48:05Z,
31.202.42.234,ipv4,malicious-ip,medium,WHITE,ziyadnz/hourly-ipv4,ziyadnz|hourly,2026-08-17T18:48:05Z,2026-08-17T18:48:05Z,
31.202.53.91,ipv4,malicious-ip,medium,WHITE,ziyadnz/hourly-ipv4,ziyadnz|hourly,2026-08-17T18:48:05Z,2026-08-17T18:48:05Z,
31.202.67.72,ipv4,malicious-ip,medium,WHITE,ziyadnz/hourly-ipv4,ziyadnz|hourly,2026-08-17T18:48:05Z,2026-08-17T18:48:05Z,
31.202.85.41,ipv4,malicious-ip,medium,WHITE,ziyadnz/hourly-ipv4,ziyadnz|hourly,2026-08-17T18:48:05Z,2026-08-17T18:48:05Z,
31.202.87.158,ipv4,malicious-ip,medium,WHITE,ziyadnz/hourly-ipv4,ziyadnz|hourly,2026-08-17T18:48:05Z,2026-08-17T18:48:05Z,
31.202.88.69,ipv4,malicious-ip,medium,WHITE,ziyadnz/hourly-ipv4,ziyadnz|hourly,2026-08-17T18:48:05Z,2026-08-17T18:48:05Z,
31.208.188.18,ipv4,malicious-ip,medium,WHITE,ziyadnz/hourly-ipv4,ziyadnz|hourly,2026-08-17T18:48:05Z,2026-08-17T18:48:05Z,
31.208.22.146,ipv4,malicious-ip,medium,WHITE,ziyadnz/hourly-ipv4,ziyadnz|hourly,2026-08-17T18:48:05Z,2026-08-17T18:48:05Z,
31.208.59.4,ipv4,malicious-ip,medium,WHITE,ziyadnz/hourly-ipv4,ziyadnz|hourly,2026-08-17T18:48:05Z,2026-08-17T18:48:05Z,
31.208.75.143,ipv4,malicious-ip,medium,WHITE,ziyadnz/hourly-ipv4,ziyadnz|hourly,2026-08-17T18:48:05Z,2026-08-17T18:48:05Z,
31.208.97.26,ipv4,malicious-ip,medium,WHITE,ziyadnz/hourly-ipv4,ziyadnz|hourly,2026-08-17T18:48:05Z,2026-08-17T18:48:05Z,
31.210.20.100,ipv4,malicious-ip,medium,WHITE,ziyadnz/hourly-ipv4,ziyadnz|hourly,2026-08-17T18:48:05Z,2026-08-17T18:48:05Z,
31.210.216.85,ipv4,malicious-ip,medium,WHITE,ziyadnz/hourly-ipv4,ziyadnz|hourly,2026-08-17T18:48:05Z,2026-08-17T18:48:05Z,
31.210.42.196,ipv4,malicious-ip,medium,WHITE,ziyadnz/hourly-ipv4,ziyadnz|hourly,2026-08-17T18:48:05Z,2026-08-17T18:48:05Z,
31.211.87.140,ipv4,malicious-ip,medium,WHITE,ziyadnz/hourly-ipv4,ziyadnz|hourly,2026-08-17T18:48:05Z,2026-08-17T18:48:05Z,
31.214.157.49,ipv4,malicious-ip,medium,WHITE,ziyadnz/hourly-ipv4,ziyadnz|hourly,2026-08-17T18:48:05Z,2026-08-17T18:48:05Z,
31.215.132.234,ipv4,malicious-ip,medium,WHITE,ziyadnz/hourly-ipv4,ziyadnz|hourly,2026-08-17T18:48:05Z,2026-08-17T18:48:05Z,
31.215.55.89,ipv4,malicious-ip,medium,WHITE,ziyadnz/hourly-ipv4,ziyadnz|hourly,2026-08-17T18:48:05Z,2026-08-17T18:48:05Z,
31.22.91.251,ipv4,malicious-ip,medium,WHITE,ziyadnz/hourly-ipv4,ziyadnz|hourly,2026-08-17T18:48:05Z,2026-08-17T18:48:05Z,
31.220.0.26,ipv4,malicious-ip,medium,WHITE,ziyadnz/hourly-ipv4,ziyadnz|hourly,2026-08-17T18:48:05Z,2026-08-17T18:48:05Z,
31.220.1.44,ipv4,malicious-ip,medium,WHITE,ziyadnz/hourly-ipv4,ziyadnz|hourly,2026-08-17T18:48:05Z,2026-08-17T18:48:05Z,
31.220.1.83,ipv4,malicious-ip,medium,WHITE,ziyadnz/hourly-ipv4,ziyadnz|hourly,2026-08-17T18:48:05Z,2026-08-17T18:48:05Z,
31.220.3.165,ipv4,malicious-ip,medium,WHITE,ziyadnz/hourly-ipv4,ziyadnz|hourly,2026-08-17T18:48:05Z,2026-08-17T18:48:05Z,
31.220.45.74,ipv4,malicious-ip,medium,WHITE,ziyadnz/hourly-ipv4,ziyadnz|hourly,2026-08-17T18:48:05Z,2026-08-17T18:48:05Z,
31.220.72.132,ipv4,malicious-ip,medium,WHITE,ziyadnz/hourly-ipv4,ziyadnz|hourly,2026-08-17T18:48:05Z,2026-08-17T18:48:05Z,
31.220.73.57,ipv4,malicious-ip,medium,WHITE,ziyadnz/hourly-ipv4,ziyadnz|hourly,2026-08-17T18:48:05Z,2026-08-17T18:48:05Z,
31.220.83.227,ipv4,malicious-ip,medium,WHITE,ziyadnz/hourly-ipv4,ziyadnz|hourly,2026-08-17T18:48:05Z,2026-08-17T18:48:05Z,
31.222.1.179,ipv4,malicious-ip,medium,WHITE,ziyadnz/hourly-ipv4,ziyadnz|hourly,2026-08-17T18:48:05Z,2026-08-17T18:48:05Z,
31.222.12.0,ipv4,malicious-ip,medium,WHITE,ziyadnz/hourly-ipv4,ziyadnz|hourly,2026-08-17T18:48:05Z,2026-08-17T18:48:05Z,
31.222.12.1,ipv4,malicious-ip,medium,WHITE,ziyadnz/hourly-ipv4,ziyadnz|hourly,2026-08-17T18:48:05Z,2026-08-17T18:48:05Z,
31.222.12.180,ipv4,malicious-ip,medium,WHITE,ziyadnz/hourly-ipv4,ziyadnz|hourly,2026-08-17T18:48:05Z,2026-08-17T18:48:05Z,
31.222.12.25,ipv4,malicious-ip,medium,WHITE,ziyadnz/hourly-ipv4,ziyadnz|hourly,2026-08-17T18:48:05Z,2026-08-17T18:48:05Z,
31.222.12.250,ipv4,malicious-ip,medium,WHITE,ziyadnz/hourly-ipv4,ziyadnz|hourly,2026-08-17T18:48:05Z,2026-08-17T18:48:05Z,
31.222.12.85,ipv4,malicious-ip,medium,WHITE,ziyadnz/hourly-ipv4,ziyadnz|hourly,2026-08-17T18:48:05Z,2026-08-17T18:48:05Z,
31.222.12.89,ipv4,malicious-ip,medium,WHITE,ziyadnz/hourly-ipv4,ziyadnz|hourly,2026-08-17T18:48:05Z,2026-08-17T18:48:05Z,
31.222.13.161,ipv4,malicious-ip,medium,WHITE,ziyadnz/hourly-ipv4,ziyadnz|hourly,2026-08-17T18:48:05Z,2026-08-17T18:48:05Z,
31.222.13.224,ipv4,malicious-ip,medium,WHITE,ziyadnz/hourly-ipv4,ziyadnz|hourly,2026-08-17T18:48:05Z,2026-08-17T18:48:05Z,
31.222.235.198,ipv4,malicious-ip,medium,WHITE,ziyadnz/hourly-ipv4,ziyadnz|hourly,2026-08-17T18:48:05Z,2026-08-17T18:48:05Z,
31.222.254.27,ipv4,malicious-ip,medium,WHITE,ziyadnz/hourly-ipv4,ziyadnz|hourly,2026-08-17T18:48:05Z,2026-08-17T18:48:05Z,
31.222.6.11,ipv4,malicious-ip,medium,WHITE,ziyadnz/hourly-ipv4,ziyadnz|hourly,2026-08-17T18:48:05Z,2026-08-17T18:48:05Z,
31.222.6.154,ipv4,malicious-ip,medium,WHITE,ziyadnz/hourly-ipv4,ziyadnz|hourly,2026-08-17T18:48:05Z,2026-08-17T18:48:05Z,
31.222.6.212,ipv4,malicious-ip,medium,WHITE,ziyadnz/hourly-ipv4,ziyadnz|hourly,2026-08-17T18:48:05Z,2026-08-17T18:48:05Z,
31.223.135.229,ipv4,malicious-ip,medium,WHITE,ziyadnz/hourly-ipv4,ziyadnz|hourly,2026-08-17T18:48:05Z,2026-08-17T18:48:05Z,
31.223.34.170,ipv4,malicious-ip,medium,WHITE,ziyadnz/hourly-ipv4,ziyadnz|hourly,2026-08-17T18:48:05Z,2026-08-17T18:48:05Z,
31.223.46.184,ipv4,malicious-ip,medium,WHITE,ziyadnz/hourly-ipv4,ziyadnz|hourly,2026-08-17T18:48:05Z,2026-08-17T18:48:05Z,
31.223.51.171,ipv4,malicious-ip,medium,WHITE,ziyadnz/hourly-ipv4,ziyadnz|hourly,2026-08-17T18:48:05Z,2026-08-17T18:48:05Z,
31.223.52.24,ipv4,malicious-ip,medium,WHITE,ziyadnz/hourly-ipv4,ziyadnz|hourly,2026-08-17T18:48:05Z,2026-08-17T18:48:05Z,
31.223.56.170,ipv4,malicious-ip,medium,WHITE,ziyadnz/hourly-ipv4,ziyadnz|hourly,2026-08-17T18:48:05Z,2026-08-17T18:48:05Z,
31.223.60.33,ipv4,malicious-ip,medium,WHITE,ziyadnz/hourly-ipv4,ziyadnz|hourly,2026-08-17T18:48:05Z,2026-08-17T18:48:05Z,
31.23.162.80,ipv4,malicious-ip,medium,WHITE,ziyadnz/hourly-ipv4,ziyadnz|hourly,2026-08-17T18:48:05Z,2026-08-17T18:48:05Z,
31.24.158.56,ipv4,malicious-ip,medium,WHITE,ziyadnz/hourly-ipv4,ziyadnz|hourly,2026-08-17T18:48:05Z,2026-08-17T18:48:05Z,
31.24.41.70,ipv4,malicious-ip,medium,WHITE,ziyadnz/hourly-ipv4,ziyadnz|hourly,2026-08-17T18:48:05Z,2026-08-17T18:48:05Z,
31.25.11.143,ipv4,malicious-ip,medium,WHITE,ziyadnz/hourly-ipv4,ziyadnz|hourly,2026-08-17T18:48:05Z,2026-08-17T18:48:05Z,
31.25.128.5,ipv4,malicious-ip,medium,WHITE,ziyadnz/hourly-ipv4,ziyadnz|hourly,2026-08-17T18:48:05Z,2026-08-17T18:48:05Z,
31.25.235.115,ipv4,malicious-ip,medium,WHITE,ziyadnz/hourly-ipv4,ziyadnz|hourly,2026-08-17T18:48:05Z,2026-08-17T18:48:05Z,
31.25.235.235,ipv4,malicious-ip,medium,WHITE,ziyadnz/hourly-ipv4,ziyadnz|hourly,2026-08-17T18:48:05Z,2026-08-17T18:48:05Z,
31.25.26.233,ipv4,malicious-ip,medium,WHITE,ziyadnz/hourly-ipv4,ziyadnz|hourly,2026-08-17T18:48:05Z,2026-08-17T18:48:05Z,
31.25.29.163,ipv4,malicious-ip,medium,WHITE,ziyadnz/hourly-ipv4,ziyadnz|hourly,2026-08-17T18:48:05Z,2026-08-17T18:48:05Z,
31.25.92.192,ipv4,malicious-ip,medium,WHITE,ziyadnz/hourly-ipv4,ziyadnz|hourly,2026-08-17T18:48:05Z,2026-08-17T18:48:05Z,
31.28.9.212,ipv4,malicious-ip,medium,WHITE,ziyadnz/hourly-ipv4,ziyadnz|hourly,2026-08-17T18:48:05Z,2026-08-17T18:48:05Z,
31.30.177.10,ipv4,malicious-ip,medium,WHITE,ziyadnz/hourly-ipv4,ziyadnz|hourly,2026-08-17T18:48:05Z,2026-08-17T18:48:05Z,
31.31.111.204,ipv4,malicious-ip,medium,WHITE,ziyadnz/hourly-ipv4,ziyadnz|hourly,2026-08-17T18:48:05Z,2026-08-17T18:48:05Z,
31.31.19.220,ipv4,malicious-ip,medium,WHITE,ziyadnz/hourly-ipv4,ziyadnz|hourly,2026-08-17T18:48:05Z,2026-08-17T18:48:05Z,
31.36.163.95,ipv4,malicious-ip,medium,WHITE,ziyadnz/hourly-ipv4,ziyadnz|hourly,2026-08-17T18:48:05Z,2026-08-17T18:48:05Z,
31.40.16.32,ipv4,malicious-ip,medium,WHITE,ziyadnz/hourly-ipv4,ziyadnz|hourly,2026-08-17T18:48:05Z,2026-08-17T18:48:05Z,
31.40.19.191,ipv4,malicious-ip,medium,WHITE,ziyadnz/hourly-ipv4,ziyadnz|hourly,2026-08-17T18:48:05Z,2026-08-17T18:48:05Z,
31.40.19.30,ipv4,malicious-ip,medium,WHITE,ziyadnz/hourly-ipv4,ziyadnz|hourly,2026-08-17T18:48:05Z,2026-08-17T18:48:05Z,
31.40.19.45,ipv4,malicious-ip,medium,WHITE,ziyadnz/hourly-ipv4,ziyadnz|hourly,2026-08-17T18:48:05Z,2026-08-17T18:48:05Z,
31.40.204.151,ipv4,malicious-ip,medium,WHITE,ziyadnz/hourly-ipv4,ziyadnz|hourly,2026-08-17T18:48:05Z,2026-08-17T18:48:05Z,
31.40.206.220,ipv4,malicious-ip,medium,WHITE,ziyadnz/hourly-ipv4,ziyadnz|hourly,2026-08-17T18:48:05Z,2026-08-17T18:48:05Z,
31.40.29.121,ipv4,malicious-ip,medium,WHITE,ziyadnz/hourly-ipv4,ziyadnz|hourly,2026-08-17T18:48:05Z,2026-08-17T18:48:05Z,
31.41.152.180,ipv4,malicious-ip,medium,WHITE,ziyadnz/hourly-ipv4,ziyadnz|hourly,2026-08-17T18:48:05Z,2026-08-17T18:48:05Z,
31.41.221.158,ipv4,malicious-ip,medium,WHITE,ziyadnz/hourly-ipv4,ziyadnz|hourly,2026-08-17T18:48:05Z,2026-08-17T18:48:05Z,
31.41.244.11,ipv4,malicious-ip,medium,WHITE,ziyadnz/hourly-ipv4,ziyadnz|hourly,2026-08-17T18:48:05Z,2026-08-17T18:48:05Z,
31.41.244.146,ipv4,malicious-ip,medium,WHITE,ziyadnz/hourly-ipv4,ziyadnz|hourly,2026-08-17T18:48:05Z,2026-08-17T18:48:05Z,
31.41.244.15,ipv4,malicious-ip,medium,WHITE,ziyadnz/hourly-ipv4,ziyadnz|hourly,2026-08-17T18:48:05Z,2026-08-17T18:48:05Z,
31.41.244.158,ipv4,malicious-ip,medium,WHITE,ziyadnz/hourly-ipv4,ziyadnz|hourly,2026-08-17T18:48:05Z,2026-08-17T18:48:05Z,
31.41.244.17,ipv4,malicious-ip,medium,WHITE,ziyadnz/hourly-ipv4,ziyadnz|hourly,2026-08-17T18:48:05Z,2026-08-17T18:48:05Z,
31.41.244.200,ipv4,malicious-ip,medium,WHITE,ziyadnz/hourly-ipv4,ziyadnz|hourly,2026-08-17T18:48:05Z,2026-08-17T18:48:05Z,
31.41.244.231,ipv4,malicious-ip,medium,WHITE,ziyadnz/hourly-ipv4,ziyadnz|hourly,2026-08-17T18:48:05Z,2026-08-17T18:48:05Z,
31.41.244.235,ipv4,malicious-ip,medium,WHITE,ziyadnz/hourly-ipv4,ziyadnz|hourly,2026-08-17T18:48:05Z,2026-08-17T18:48:05Z,
31.41.244.60,ipv4,malicious-ip,medium,WHITE,ziyadnz/hourly-ipv4,ziyadnz|hourly,2026-08-17T18:48:05Z,2026-08-17T18:48:05Z,
31.41.244.77,ipv4,malicious-ip,medium,WHITE,ziyadnz/hourly-ipv4,ziyadnz|hourly,2026-08-17T18:48:05Z,2026-08-17T18:48:05Z,
31.41.244.92,ipv4,malicious-ip,medium,WHITE,ziyadnz/hourly-ipv4,ziyadnz|hourly,2026-08-17T18:48:05Z,2026-08-17T18:48:05Z,
31.41.66.130,ipv4,malicious-ip,medium,WHITE,ziyadnz/hourly-ipv4,ziyadnz|hourly,2026-08-17T18:48:05Z,2026-08-17T18:48:05Z,
31.41.67.40,ipv4,malicious-ip,medium,WHITE,ziyadnz/hourly-ipv4,ziyadnz|hourly,2026-08-17T18:48:05Z,2026-08-17T18:48:05Z,
31.41.68.163,ipv4,malicious-ip,medium,WHITE,ziyadnz/hourly-ipv4,ziyadnz|hourly,2026-08-17T18:48:05Z,2026-08-17T18:48:05Z,
31.41.68.189,ipv4,malicious-ip,medium,WHITE,ziyadnz/hourly-ipv4,ziyadnz|hourly,2026-08-17T18:48:05Z,2026-08-17T18:48:05Z,
31.41.68.209,ipv4,malicious-ip,medium,WHITE,ziyadnz/hourly-ipv4,ziyadnz|hourly,2026-08-17T18:48:05Z,2026-08-17T18:48:05Z,
31.41.68.225,ipv4,malicious-ip,medium,WHITE,ziyadnz/hourly-ipv4,ziyadnz|hourly,2026-08-17T18:48:05Z,2026-08-17T18:48:05Z,
31.41.68.229,ipv4,malicious-ip,medium,WHITE,ziyadnz/hourly-ipv4,ziyadnz|hourly,2026-08-17T18:48:05Z,2026-08-17T18:48:05Z,
31.41.69.107,ipv4,malicious-ip,medium,WHITE,ziyadnz/hourly-ipv4,ziyadnz|hourly,2026-08-17T18:48:05Z,2026-08-17T18:48:05Z,
31.41.71.22,ipv4,malicious-ip,medium,WHITE,ziyadnz/hourly-ipv4,ziyadnz|hourly,2026-08-17T18:48:05Z,2026-08-17T18:48:05Z,
31.41.88.88,ipv4,malicious-ip,medium,WHITE,ziyadnz/hourly-ipv4,ziyadnz|hourly,2026-08-17T18:48:05Z,2026-08-17T18:48:05Z,
31.41.89.126,ipv4,malicious-ip,medium,WHITE,ziyadnz/hourly-ipv4,ziyadnz|hourly,2026-08-17T18:48:05Z,2026-08-17T18:48:05Z,
31.41.89.36,ipv4,malicious-ip,medium,WHITE,ziyadnz/hourly-ipv4,ziyadnz|hourly,2026-08-17T18:48:05Z,2026-08-17T18:48:05Z,
31.41.89.57,ipv4,malicious-ip,medium,WHITE,ziyadnz/hourly-ipv4,ziyadnz|hourly,2026-08-17T18:48:05Z,2026-08-17T18:48:05Z,
31.41.94.249,ipv4,malicious-ip,medium,WHITE,ziyadnz/hourly-ipv4,ziyadnz|hourly,2026-08-17T18:48:05Z,2026-08-17T18:48:05Z,
31.41.94.250,ipv4,malicious-ip,medium,WHITE,ziyadnz/hourly-ipv4,ziyadnz|hourly,2026-08-17T18:48:05Z,2026-08-17T18:48:05Z,
31.41.94.65,ipv4,malicious-ip,medium,WHITE,ziyadnz/hourly-ipv4,ziyadnz|hourly,2026-08-17T18:48:05Z,2026-08-17T18:48:05Z,
31.41.94.66,ipv4,malicious-ip,medium,WHITE,ziyadnz/hourly-ipv4,ziyadnz|hourly,2026-08-17T18:48:05Z,2026-08-17T18:48:05Z,
31.41.94.82,ipv4,malicious-ip,medium,WHITE,ziyadnz/hourly-ipv4,ziyadnz|hourly,2026-08-17T18:48:05Z,2026-08-17T18:48:05Z,
31.42.125.148,ipv4,malicious-ip,medium,WHITE,ziyadnz/hourly-ipv4,ziyadnz|hourly,2026-08-17T18:48:05Z,2026-08-17T18:48:05Z,
31.42.176.142,ipv4,malicious-ip,medium,WHITE,ziyadnz/hourly-ipv4,ziyadnz|hourly,2026-08-17T18:48:05Z,2026-08-17T18:48:05Z,
31.42.177.114,ipv4,malicious-ip,medium,WHITE,ziyadnz/hourly-ipv4,ziyadnz|hourly,2026-08-17T18:48:05Z,2026-08-17T18:48:05Z,
31.42.177.96,ipv4,malicious-ip,medium,WHITE,ziyadnz/hourly-ipv4,ziyadnz|hourly,2026-08-17T18:48:05Z,2026-08-17T18:48:05Z,
31.42.181.84,ipv4,malicious-ip,medium,WHITE,ziyadnz/hourly-ipv4,ziyadnz|hourly,2026-08-17T18:48:05Z,2026-08-17T18:48:05Z,
31.42.189.9,ipv4,malicious-ip,medium,WHITE,ziyadnz/hourly-ipv4,ziyadnz|hourly,2026-08-17T18:48:05Z,2026-08-17T18:48:05Z,
31.42.4.138,ipv4,malicious-ip,medium,WHITE,ziyadnz/hourly-ipv4,ziyadnz|hourly,2026-08-17T18:48:05Z,2026-08-17T18:48:05Z,
31.42.57.181,ipv4,malicious-ip,medium,WHITE,ziyadnz/hourly-ipv4,ziyadnz|hourly,2026-08-17T18:48:05Z,2026-08-17T18:48:05Z,
31.43.185.85,ipv4,malicious-ip,medium,WHITE,ziyadnz/hourly-ipv4,ziyadnz|hourly,2026-08-17T18:48:05Z,2026-08-17T18:48:05Z,
31.43.191.220,ipv4,malicious-ip,medium,WHITE,ziyadnz/hourly-ipv4,ziyadnz|hourly,2026-08-17T18:48:05Z,2026-08-17T18:48:05Z,
31.43.215.155,ipv4,malicious-ip,medium,WHITE,ziyadnz/hourly-ipv4,ziyadnz|hourly,2026-08-17T18:48:05Z,2026-08-17T18:48:05Z,
31.43.235.223,ipv4,malicious-ip,medium,WHITE,ziyadnz/hourly-ipv4,ziyadnz|hourly,2026-08-17T18:48:05Z,2026-08-17T18:48:05Z,
31.43.239.220,ipv4,malicious-ip,medium,WHITE,ziyadnz/hourly-ipv4,ziyadnz|hourly,2026-08-17T18:48:05Z,2026-08-17T18:48:05Z,
31.43.240.149,ipv4,malicious-ip,medium,WHITE,ziyadnz/hourly-ipv4,ziyadnz|hourly,2026-08-17T18:48:05Z,2026-08-17T18:48:05Z,
31.43.241.42,ipv4,malicious-ip,medium,WHITE,ziyadnz/hourly-ipv4,ziyadnz|hourly,2026-08-17T18:48:05Z,2026-08-17T18:48:05Z,
31.43.255.139,ipv4,malicious-ip,medium,WHITE,ziyadnz/hourly-ipv4,ziyadnz|hourly,2026-08-17T18:48:05Z,2026-08-17T18:48:05Z,
31.43.255.253,ipv4,malicious-ip,medium,WHITE,ziyadnz/hourly-ipv4,ziyadnz|hourly,2026-08-17T18:48:05Z,2026-08-17T18:48:05Z,
31.43.33.142,ipv4,malicious-ip,medium,WHITE,ziyadnz/hourly-ipv4,ziyadnz|hourly,2026-08-17T18:48:05Z,2026-08-17T18:48:05Z,
31.43.37.130,ipv4,malicious-ip,medium,WHITE,ziyadnz/hourly-ipv4,ziyadnz|hourly,2026-08-17T18:48:05Z,2026-08-17T18:48:05Z,
31.43.37.170,ipv4,malicious-ip,medium,WHITE,ziyadnz/hourly-ipv4,ziyadnz|hourly,2026-08-17T18:48:05Z,2026-08-17T18:48:05Z,
31.43.37.200,ipv4,malicious-ip,medium,WHITE,ziyadnz/hourly-ipv4,ziyadnz|hourly,2026-08-17T18:48:05Z,2026-08-17T18:48:05Z,
31.43.38.210,ipv4,malicious-ip,medium,WHITE,ziyadnz/hourly-ipv4,ziyadnz|hourly,2026-08-17T18:48:05Z,2026-08-17T18:48:05Z,
31.43.42.159,ipv4,malicious-ip,medium,WHITE,ziyadnz/hourly-ipv4,ziyadnz|hourly,2026-08-17T18:48:05Z,2026-08-17T18:48:05Z,
31.43.49.0,ipv4,malicious-ip,medium,WHITE,ziyadnz/hourly-ipv4,ziyadnz|hourly,2026-08-17T18:48:05Z,2026-08-17T18:48:05Z,
31.43.49.101,ipv4,malicious-ip,medium,WHITE,ziyadnz/hourly-ipv4,ziyadnz|hourly,2026-08-17T18:48:05Z,2026-08-17T18:48:05Z,
31.43.49.11,ipv4,malicious-ip,medium,WHITE,ziyadnz/hourly-ipv4,ziyadnz|hourly,2026-08-17T18:48:05Z,2026-08-17T18:48:05Z,
31.43.49.157,ipv4,malicious-ip,medium,WHITE,ziyadnz/hourly-ipv4,ziyadnz|hourly,2026-08-17T18:48:05Z,2026-08-17T18:48:05Z,
31.43.49.176,ipv4,malicious-ip,medium,WHITE,ziyadnz/hourly-ipv4,ziyadnz|hourly,2026-08-17T18:48:05Z,2026-08-17T18:48:05Z,
31.43.49.192,ipv4,malicious-ip,medium,WHITE,ziyadnz/hourly-ipv4,ziyadnz|hourly,2026-08-17T18:48:05Z,2026-08-17T18:48:05Z,
31.43.49.219,ipv4,malicious-ip,medium,WHITE,ziyadnz/hourly-ipv4,ziyadnz|hourly,2026-08-17T18:48:05Z,2026-08-17T18:48:05Z,
31.43.49.244,ipv4,malicious-ip,medium,WHITE,ziyadnz/hourly-ipv4,ziyadnz|hourly,2026-08-17T18:48:05Z,2026-08-17T18:48:05Z,
31.43.49.252,ipv4,malicious-ip,medium,WHITE,ziyadnz/hourly-ipv4,ziyadnz|hourly,2026-08-17T18:48:05Z,2026-08-17T18:48:05Z,
31.43.49.55,ipv4,malicious-ip,medium,WHITE,ziyadnz/hourly-ipv4,ziyadnz|hourly,2026-08-17T18:48:05Z,2026-08-17T18:48:05Z,
31.43.49.71,ipv4,malicious-ip,medium,WHITE,ziyadnz/hourly-ipv4,ziyadnz|hourly,2026-08-17T18:48:05Z,2026-08-17T18:48:05Z,
31.43.49.92,ipv4,malicious-ip,medium,WHITE,ziyadnz/hourly-ipv4,ziyadnz|hourly,2026-08-17T18:48:05Z,2026-08-17T18:48:05Z,
31.43.51.0,ipv4,malicious-ip,medium,WHITE,ziyadnz/hourly-ipv4,ziyadnz|hourly,2026-08-17T18:48:05Z,2026-08-17T18:48:05Z,
31.43.51.200,ipv4,malicious-ip,medium,WHITE,ziyadnz/hourly-ipv4,ziyadnz|hourly,2026-08-17T18:48:05Z,2026-08-17T18:48:05Z,
31.43.51.209,ipv4,malicious-ip,medium,WHITE,ziyadnz/hourly-ipv4,ziyadnz|hourly,2026-08-17T18:48:05Z,2026-08-17T18:48:05Z,
31.43.51.231,ipv4,malicious-ip,medium,WHITE,ziyadnz/hourly-ipv4,ziyadnz|hourly,2026-08-17T18:48:05Z,2026-08-17T18:48:05Z,
31.43.51.232,ipv4,malicious-ip,medium,WHITE,ziyadnz/hourly-ipv4,ziyadnz|hourly,2026-08-17T18:48:05Z,2026-08-17T18:48:05Z,
31.43.51.234,ipv4,malicious-ip,medium,WHITE,ziyadnz/hourly-ipv4,ziyadnz|hourly,2026-08-17T18:48:05Z,2026-08-17T18:48:05Z,
31.43.51.239,ipv4,malicious-ip,medium,WHITE,ziyadnz/hourly-ipv4,ziyadnz|hourly,2026-08-17T18:48:05Z,2026-08-17T18:48:05Z,
31.43.51.241,ipv4,malicious-ip,medium,WHITE,ziyadnz/hourly-ipv4,ziyadnz|hourly,2026-08-17T18:48:05Z,2026-08-17T18:48:05Z,
31.43.51.246,ipv4,malicious-ip,medium,WHITE,ziyadnz/hourly-ipv4,ziyadnz|hourly,2026-08-17T18:48:05Z,2026-08-17T18:48:05Z,
31.43.51.254,ipv4,malicious-ip,medium,WHITE,ziyadnz/hourly-ipv4,ziyadnz|hourly,2026-08-17T18:48:05Z,2026-08-17T18:48:05Z,
31.43.59.104,ipv4,malicious-ip,medium,WHITE,ziyadnz/hourly-ipv4,ziyadnz|hourly,2026-08-17T18:48:05Z,2026-08-17T18:48:05Z,
31.43.59.106,ipv4,malicious-ip,medium,WHITE,ziyadnz/hourly-ipv4,ziyadnz|hourly,2026-08-17T18:48:05Z,2026-08-17T18:48:05Z,
31.43.59.54,ipv4,malicious-ip,medium,WHITE,ziyadnz/hourly-ipv4,ziyadnz|hourly,2026-08-17T18:48:05Z,2026-08-17T18:48:05Z,
31.43.59.71,ipv4,malicious-ip,medium,WHITE,ziyadnz/hourly-ipv4,ziyadnz|hourly,2026-08-17T18:48:05Z,2026-08-17T18:48:05Z,
31.43.59.72,ipv4,malicious-ip,medium,WHITE,ziyadnz/hourly-ipv4,ziyadnz|hourly,2026-08-17T18:48:05Z,2026-08-17T18:48:05Z,
31.43.60.141,ipv4,malicious-ip,medium,WHITE,ziyadnz/hourly-ipv4,ziyadnz|hourly,2026-08-17T18:48:05Z,2026-08-17T18:48:05Z,
31.43.60.149,ipv4,malicious-ip,medium,WHITE,ziyadnz/hourly-ipv4,ziyadnz|hourly,2026-08-17T18:48:05Z,2026-08-17T18:48:05Z,
31.43.60.150,ipv4,malicious-ip,medium,WHITE,ziyadnz/hourly-ipv4,ziyadnz|hourly,2026-08-17T18:48:05Z,2026-08-17T18:48:05Z,
31.43.97.48,ipv4,malicious-ip,medium,WHITE,ziyadnz/hourly-ipv4,ziyadnz|hourly,2026-08-17T18:48:05Z,2026-08-17T18:48:05Z,
31.44.184.40,ipv4,malicious-ip,medium,WHITE,ziyadnz/hourly-ipv4,ziyadnz|hourly,2026-08-17T18:48:05Z,2026-08-17T18:48:05Z,
31.44.184.41,ipv4,malicious-ip,medium,WHITE,ziyadnz/hourly-ipv4,ziyadnz|hourly,2026-08-17T18:48:05Z,2026-08-17T18:48:05Z,
31.44.185.235,ipv4,malicious-ip,medium,WHITE,ziyadnz/hourly-ipv4,ziyadnz|hourly,2026-08-17T18:48:05Z,2026-08-17T18:48:05Z,
31.44.254.252,ipv4,malicious-ip,medium,WHITE,ziyadnz/hourly-ipv4,ziyadnz|hourly,2026-08-17T18:48:05Z,2026-08-17T18:48:05Z,
31.44.3.110,ipv4,malicious-ip,medium,WHITE,ziyadnz/hourly-ipv4,ziyadnz|hourly,2026-08-17T18:48:05Z,2026-08-17T18:48:05Z,
31.44.4.40,ipv4,malicious-ip,medium,WHITE,ziyadnz/hourly-ipv4,ziyadnz|hourly,2026-08-17T18:48:05Z,2026-08-17T18:48:05Z,
31.44.6.24,ipv4,malicious-ip,medium,WHITE,ziyadnz/hourly-ipv4,ziyadnz|hourly,2026-08-17T18:48:05Z,2026-08-17T18:48:05Z,
31.46.22.134,ipv4,malicious-ip,medium,WHITE,ziyadnz/hourly-ipv4,ziyadnz|hourly,2026-08-17T18:48:05Z,2026-08-17T18:48:05Z,
31.46.22.137,ipv4,malicious-ip,medium,WHITE,ziyadnz/hourly-ipv4,ziyadnz|hourly,2026-08-17T18:48:05Z,2026-08-17T18:48:05Z,
31.46.244.20,ipv4,malicious-ip,medium,WHITE,ziyadnz/hourly-ipv4,ziyadnz|hourly,2026-08-17T18:48:05Z,2026-08-17T18:48:05Z,
31.47.199.39,ipv4,malicious-ip,medium,WHITE,ziyadnz/hourly-ipv4,ziyadnz|hourly,2026-08-17T18:48:05Z,2026-08-17T18:48:05Z,
31.47.78.80,ipv4,malicious-ip,medium,WHITE,ziyadnz/hourly-ipv4,ziyadnz|hourly,2026-08-17T18:48:05Z,2026-08-17T18:48:05Z,
31.47.99.66,ipv4,malicious-ip,medium,WHITE,ziyadnz/hourly-ipv4,ziyadnz|hourly,2026-08-17T18:48:05Z,2026-08-17T18:48:05Z,
31.52.36.21,ipv4,malicious-ip,medium,WHITE,ziyadnz/hourly-ipv4,ziyadnz|hourly,2026-08-17T18:48:05Z,2026-08-17T18:48:05Z,
31.54.6.16,ipv4,malicious-ip,medium,WHITE,ziyadnz/hourly-ipv4,ziyadnz|hourly,2026-08-17T18:48:05Z,2026-08-17T18:48:05Z,
31.56.117.93,ipv4,malicious-ip,medium,WHITE,ziyadnz/hourly-ipv4,ziyadnz|hourly,2026-08-17T18:48:05Z,2026-08-17T18:48:05Z,
31.56.178.132,ipv4,malicious-ip,medium,WHITE,ziyadnz/hourly-ipv4,ziyadnz|hourly,2026-08-17T18:48:05Z,2026-08-17T18:48:05Z,
31.56.196.120,ipv4,malicious-ip,medium,WHITE,ziyadnz/hourly-ipv4,ziyadnz|hourly,2026-08-17T18:48:05Z,2026-08-17T18:48:05Z,
31.56.197.158,ipv4,malicious-ip,medium,WHITE,ziyadnz/hourly-ipv4,ziyadnz|hourly,2026-08-17T18:48:05Z,2026-08-17T18:48:05Z,
31.56.204.231,ipv4,malicious-ip,medium,WHITE,ziyadnz/hourly-ipv4,ziyadnz|hourly,2026-08-17T18:48:05Z,2026-08-17T18:48:05Z,
31.56.204.74,ipv4,malicious-ip,medium,WHITE,ziyadnz/hourly-ipv4,ziyadnz|hourly,2026-08-17T18:48:05Z,2026-08-17T18:48:05Z,
31.56.209.8,ipv4,malicious-ip,medium,WHITE,ziyadnz/hourly-ipv4,ziyadnz|hourly,2026-08-17T18:48:05Z,2026-08-17T18:48:05Z,
31.56.209.85,ipv4,malicious-ip,medium,WHITE,ziyadnz/hourly-ipv4,ziyadnz|hourly,2026-08-17T18:48:05Z,2026-08-17T18:48:05Z,
31.56.228.191,ipv4,malicious-ip,medium,WHITE,ziyadnz/hourly-ipv4,ziyadnz|hourly,2026-08-17T18:48:05Z,2026-08-17T18:48:05Z,
31.56.229.221,ipv4,malicious-ip,medium,WHITE,ziyadnz/hourly-ipv4,ziyadnz|hourly,2026-08-17T18:48:05Z,2026-08-17T18:48:05Z,
31.56.233.141,ipv4,malicious-ip,medium,WHITE,ziyadnz/hourly-ipv4,ziyadnz|hourly,2026-08-17T18:48:05Z,2026-08-17T18:48:05Z,
31.56.240.23,ipv4,malicious-ip,medium,WHITE,ziyadnz/hourly-ipv4,ziyadnz|hourly,2026-08-17T18:48:05Z,2026-08-17T18:48:05Z,
31.56.27.76,ipv4,malicious-ip,medium,WHITE,ziyadnz/hourly-ipv4,ziyadnz|hourly,2026-08-17T18:48:05Z,2026-08-17T18:48:05Z,
31.56.27.97,ipv4,malicious-ip,medium,WHITE,ziyadnz/hourly-ipv4,ziyadnz|hourly,2026-08-17T18:48:05Z,2026-08-17T18:48:05Z,
31.56.44.105,ipv4,malicious-ip,medium,WHITE,ziyadnz/hourly-ipv4,ziyadnz|hourly,2026-08-17T18:48:05Z,2026-08-17T18:48:05Z,
31.56.44.58,ipv4,malicious-ip,medium,WHITE,ziyadnz/hourly-ipv4,ziyadnz|hourly,2026-08-17T18:48:05Z,2026-08-17T18:48:05Z,
31.56.47.164,ipv4,malicious-ip,medium,WHITE,ziyadnz/hourly-ipv4,ziyadnz|hourly,2026-08-17T18:48:05Z,2026-08-17T18:48:05Z,
31.56.48.26,ipv4,malicious-ip,medium,WHITE,ziyadnz/hourly-ipv4,ziyadnz|hourly,2026-08-17T18:48:05Z,2026-08-17T18:48:05Z,
31.56.53.172,ipv4,malicious-ip,medium,WHITE,ziyadnz/hourly-ipv4,ziyadnz|hourly,2026-08-17T18:48:05Z,2026-08-17T18:48:05Z,
31.56.53.39,ipv4,malicious-ip,medium,WHITE,ziyadnz/hourly-ipv4,ziyadnz|hourly,2026-08-17T18:48:05Z,2026-08-17T18:48:05Z,
31.57.10.60,ipv4,malicious-ip,medium,WHITE,ziyadnz/hourly-ipv4,ziyadnz|hourly,2026-08-17T18:48:05Z,2026-08-17T18:48:05Z,
31.57.105.47,ipv4,malicious-ip,medium,WHITE,ziyadnz/hourly-ipv4,ziyadnz|hourly,2026-08-17T18:48:05Z,2026-08-17T18:48:05Z,
31.57.106.233,ipv4,malicious-ip,medium,WHITE,ziyadnz/hourly-ipv4,ziyadnz|hourly,2026-08-17T18:48:05Z,2026-08-17T18:48:05Z,
31.57.109.72,ipv4,malicious-ip,medium,WHITE,ziyadnz/hourly-ipv4,ziyadnz|hourly,2026-08-17T18:48:05Z,2026-08-17T18:48:05Z,
31.57.129.10,ipv4,malicious-ip,medium,WHITE,ziyadnz/hourly-ipv4,ziyadnz|hourly,2026-08-17T18:48:05Z,2026-08-17T18:48:05Z,
31.57.156.183,ipv4,malicious-ip,medium,WHITE,ziyadnz/hourly-ipv4,ziyadnz|hourly,2026-08-17T18:48:05Z,2026-08-17T18:48:05Z,
31.57.184.154,ipv4,malicious-ip,medium,WHITE,ziyadnz/hourly-ipv4,ziyadnz|hourly,2026-08-17T18:48:05Z,2026-08-17T18:48:05Z,
31.57.184.232,ipv4,malicious-ip,medium,WHITE,ziyadnz/hourly-ipv4,ziyadnz|hourly,2026-08-17T18:48:05Z,2026-08-17T18:48:05Z,
31.57.184.247,ipv4,malicious-ip,medium,WHITE,ziyadnz/hourly-ipv4,ziyadnz|hourly,2026-08-17T18:48:05Z,2026-08-17T18:48:05Z,
31.57.184.55,ipv4,malicious-ip,medium,WHITE,ziyadnz/hourly-ipv4,ziyadnz|hourly,2026-08-17T18:48:05Z,2026-08-17T18:48:05Z,
31.57.216.6,ipv4,malicious-ip,medium,WHITE,ziyadnz/hourly-ipv4,ziyadnz|hourly,2026-08-17T18:48:05Z,2026-08-17T18:48:05Z,
31.57.216.62,ipv4,malicious-ip,medium,WHITE,ziyadnz/hourly-ipv4,ziyadnz|hourly,2026-08-17T18:48:05Z,2026-08-17T18:48:05Z,
31.57.243.154,ipv4,malicious-ip,medium,WHITE,ziyadnz/hourly-ipv4,ziyadnz|hourly,2026-08-17T18:48:05Z,2026-08-17T18:48:05Z,
31.57.243.190,ipv4,malicious-ip,medium,WHITE,ziyadnz/hourly-ipv4,ziyadnz|hourly,2026-08-17T18:48:05Z,2026-08-17T18:48:05Z,
31.57.27.21,ipv4,malicious-ip,medium,WHITE,ziyadnz/hourly-ipv4,ziyadnz|hourly,2026-08-17T18:48:05Z,2026-08-17T18:48:05Z,
31.57.28.54,ipv4,malicious-ip,medium,WHITE,ziyadnz/hourly-ipv4,ziyadnz|hourly,2026-08-17T18:48:05Z,2026-08-17T18:48:05Z,
31.57.35.223,ipv4,malicious-ip,medium,WHITE,ziyadnz/hourly-ipv4,ziyadnz|hourly,2026-08-17T18:48:05Z,2026-08-17T18:48:05Z,
31.57.38.244,ipv4,malicious-ip,medium,WHITE,ziyadnz/hourly-ipv4,ziyadnz|hourly,2026-08-17T18:48:05Z,2026-08-17T18:48:05Z,
31.57.61.19,ipv4,malicious-ip,medium,WHITE,ziyadnz/hourly-ipv4,ziyadnz|hourly,2026-08-17T18:48:05Z,2026-08-17T18:48:05Z,
31.58.169.92,ipv4,malicious-ip,medium,WHITE,ziyadnz/hourly-ipv4,ziyadnz|hourly,2026-08-17T18:48:05Z,2026-08-17T18:48:05Z,
31.58.169.96,ipv4,malicious-ip,medium,WHITE,ziyadnz/hourly-ipv4,ziyadnz|hourly,2026-08-17T18:48:05Z,2026-08-17T18:48:05Z,
31.58.208.206,ipv4,malicious-ip,medium,WHITE,ziyadnz/hourly-ipv4,ziyadnz|hourly,2026-08-17T18:48:05Z,2026-08-17T18:48:05Z,
31.58.232.121,ipv4,malicious-ip,medium,WHITE,ziyadnz/hourly-ipv4,ziyadnz|hourly,2026-08-17T18:48:05Z,2026-08-17T18:48:05Z,
31.58.232.20,ipv4,malicious-ip,medium,WHITE,ziyadnz/hourly-ipv4,ziyadnz|hourly,2026-08-17T18:48:05Z,2026-08-17T18:48:05Z,
31.58.232.44,ipv4,malicious-ip,medium,WHITE,ziyadnz/hourly-ipv4,ziyadnz|hourly,2026-08-17T18:48:05Z,2026-08-17T18:48:05Z,
31.58.232.45,ipv4,malicious-ip,medium,WHITE,ziyadnz/hourly-ipv4,ziyadnz|hourly,2026-08-17T18:48:05Z,2026-08-17T18:48:05Z,
31.58.232.78,ipv4,malicious-ip,medium,WHITE,ziyadnz/hourly-ipv4,ziyadnz|hourly,2026-08-17T18:48:05Z,2026-08-17T18:48:05Z,
31.58.233.135,ipv4,malicious-ip,medium,WHITE,ziyadnz/hourly-ipv4,ziyadnz|hourly,2026-08-17T18:48:05Z,2026-08-17T18:48:05Z,
31.58.233.148,ipv4,malicious-ip,medium,WHITE,ziyadnz/hourly-ipv4,ziyadnz|hourly,2026-08-17T18:48:05Z,2026-08-17T18:48:05Z,
31.58.233.186,ipv4,malicious-ip,medium,WHITE,ziyadnz/hourly-ipv4,ziyadnz|hourly,2026-08-17T18:48:05Z,2026-08-17T18:48:05Z,
31.58.233.223,ipv4,malicious-ip,medium,WHITE,ziyadnz/hourly-ipv4,ziyadnz|hourly,2026-08-17T18:48:05Z,2026-08-17T18:48:05Z,
31.58.233.236,ipv4,malicious-ip,medium,WHITE,ziyadnz/hourly-ipv4,ziyadnz|hourly,2026-08-17T18:48:05Z,2026-08-17T18:48:05Z,
31.58.236.100,ipv4,malicious-ip,medium,WHITE,ziyadnz/hourly-ipv4,ziyadnz|hourly,2026-08-17T18:48:05Z,2026-08-17T18:48:05Z,
31.58.236.217,ipv4,malicious-ip,medium,WHITE,ziyadnz/hourly-ipv4,ziyadnz|hourly,2026-08-17T18:48:05Z,2026-08-17T18:48:05Z,
31.58.51.222,ipv4,malicious-ip,medium,WHITE,ziyadnz/hourly-ipv4,ziyadnz|hourly,2026-08-17T18:48:05Z,2026-08-17T18:48:05Z,
31.58.51.55,ipv4,malicious-ip,medium,WHITE,ziyadnz/hourly-ipv4,ziyadnz|hourly,2026-08-17T18:48:05Z,2026-08-17T18:48:05Z,
31.58.51.57,ipv4,malicious-ip,medium,WHITE,ziyadnz/hourly-ipv4,ziyadnz|hourly,2026-08-17T18:48:05Z,2026-08-17T18:48:05Z,
31.58.51.98,ipv4,malicious-ip,medium,WHITE,ziyadnz/hourly-ipv4,ziyadnz|hourly,2026-08-17T18:48:05Z,2026-08-17T18:48:05Z,
31.58.58.115,ipv4,malicious-ip,medium,WHITE,ziyadnz/hourly-ipv4,ziyadnz|hourly,2026-08-17T18:48:05Z,2026-08-17T18:48:05Z,
31.58.77.118,ipv4,malicious-ip,medium,WHITE,ziyadnz/hourly-ipv4,ziyadnz|hourly,2026-08-17T18:48:05Z,2026-08-17T18:48:05Z,
31.58.87.216,ipv4,malicious-ip,medium,WHITE,ziyadnz/hourly-ipv4,ziyadnz|hourly,2026-08-17T18:48:05Z,2026-08-17T18:48:05Z,
31.58.91.205,ipv4,malicious-ip,medium,WHITE,ziyadnz/hourly-ipv4,ziyadnz|hourly,2026-08-17T18:48:05Z,2026-08-17T18:48:05Z,
31.59.102.61,ipv4,malicious-ip,medium,WHITE,ziyadnz/hourly-ipv4,ziyadnz|hourly,2026-08-17T18:48:05Z,2026-08-17T18:48:05Z,
31.59.105.179,ipv4,malicious-ip,medium,WHITE,ziyadnz/hourly-ipv4,ziyadnz|hourly,2026-08-17T18:48:05Z,2026-08-17T18:48:05Z,
31.59.129.233,ipv4,malicious-ip,medium,WHITE,ziyadnz/hourly-ipv4,ziyadnz|hourly,2026-08-17T18:48:05Z,2026-08-17T18:48:05Z,
31.59.139.111,ipv4,malicious-ip,medium,WHITE,ziyadnz/hourly-ipv4,ziyadnz|hourly,2026-08-17T18:48:05Z,2026-08-17T18:48:05Z,
31.59.170.149,ipv4,malicious-ip,medium,WHITE,ziyadnz/hourly-ipv4,ziyadnz|hourly,2026-08-17T18:48:05Z,2026-08-17T18:48:05Z,
31.59.39.212,ipv4,malicious-ip,medium,WHITE,ziyadnz/hourly-ipv4,ziyadnz|hourly,2026-08-17T18:48:05Z,2026-08-17T18:48:05Z,
31.59.39.232,ipv4,malicious-ip,medium,WHITE,ziyadnz/hourly-ipv4,ziyadnz|hourly,2026-08-17T18:48:05Z,2026-08-17T18:48:05Z,
31.59.39.237,ipv4,malicious-ip,medium,WHITE,ziyadnz/hourly-ipv4,ziyadnz|hourly,2026-08-17T18:48:05Z,2026-08-17T18:48:05Z,
31.59.39.72,ipv4,malicious-ip,medium,WHITE,ziyadnz/hourly-ipv4,ziyadnz|hourly,2026-08-17T18:48:05Z,2026-08-17T18:48:05Z,
31.59.39.99,ipv4,malicious-ip,medium,WHITE,ziyadnz/hourly-ipv4,ziyadnz|hourly,2026-08-17T18:48:05Z,2026-08-17T18:48:05Z,
31.59.40.94,ipv4,malicious-ip,medium,WHITE,ziyadnz/hourly-ipv4,ziyadnz|hourly,2026-08-17T18:48:05Z,2026-08-17T18:48:05Z,
31.59.41.152,ipv4,malicious-ip,medium,WHITE,ziyadnz/hourly-ipv4,ziyadnz|hourly,2026-08-17T18:48:05Z,2026-08-17T18:48:05Z,
31.59.58.209,ipv4,malicious-ip,medium,WHITE,ziyadnz/hourly-ipv4,ziyadnz|hourly,2026-08-17T18:48:05Z,2026-08-17T18:48:05Z,
31.59.58.84,ipv4,malicious-ip,medium,WHITE,ziyadnz/hourly-ipv4,ziyadnz|hourly,2026-08-17T18:48:05Z,2026-08-17T18:48:05Z,
31.59.89.180,ipv4,malicious-ip,medium,WHITE,ziyadnz/hourly-ipv4,ziyadnz|hourly,2026-08-17T18:48:05Z,2026-08-17T18:48:05Z,
31.59.89.71,ipv4,malicious-ip,medium,WHITE,ziyadnz/hourly-ipv4,ziyadnz|hourly,2026-08-17T18:48:05Z,2026-08-17T18:48:05Z,
31.59.92.15,ipv4,malicious-ip,medium,WHITE,ziyadnz/hourly-ipv4,ziyadnz|hourly,2026-08-17T18:48:05Z,2026-08-17T18:48:05Z,
31.6.219.96,ipv4,malicious-ip,medium,WHITE,ziyadnz/hourly-ipv4,ziyadnz|hourly,2026-08-17T18:48:05Z,2026-08-17T18:48:05Z,
31.7.56.52,ipv4,malicious-ip,medium,WHITE,ziyadnz/hourly-ipv4,ziyadnz|hourly,2026-08-17T18:48:05Z,2026-08-17T18:48:05Z,
31.7.56.61,ipv4,malicious-ip,medium,WHITE,ziyadnz/hourly-ipv4,ziyadnz|hourly,2026-08-17T18:48:05Z,2026-08-17T18:48:05Z,
31.7.58.82,ipv4,malicious-ip,medium,WHITE,ziyadnz/hourly-ipv4,ziyadnz|hourly,2026-08-17T18:48:05Z,2026-08-17T18:48:05Z,
31.7.66.163,ipv4,malicious-ip,medium,WHITE,ziyadnz/hourly-ipv4,ziyadnz|hourly,2026-08-17T18:48:05Z,2026-08-17T18:48:05Z,
31.70.112.87,ipv4,malicious-ip,medium,WHITE,ziyadnz/hourly-ipv4,ziyadnz|hourly,2026-08-17T18:48:05Z,2026-08-17T18:48:05Z,
31.70.66.9,ipv4,malicious-ip,medium,WHITE,ziyadnz/hourly-ipv4,ziyadnz|hourly,2026-08-17T18:48:05Z,2026-08-17T18:48:05Z,
31.70.71.228,ipv4,malicious-ip,medium,WHITE,ziyadnz/hourly-ipv4,ziyadnz|hourly,2026-08-17T18:48:05Z,2026-08-17T18:48:05Z,
31.70.75.104,ipv4,malicious-ip,medium,WHITE,ziyadnz/hourly-ipv4,ziyadnz|hourly,2026-08-17T18:48:05Z,2026-08-17T18:48:05Z,
31.70.75.109,ipv4,malicious-ip,medium,WHITE,ziyadnz/hourly-ipv4,ziyadnz|hourly,2026-08-17T18:48:05Z,2026-08-17T18:48:05Z,
31.70.75.115,ipv4,malicious-ip,medium,WHITE,ziyadnz/hourly-ipv4,ziyadnz|hourly,2026-08-17T18:48:05Z,2026-08-17T18:48:05Z,
31.70.84.142,ipv4,malicious-ip,medium,WHITE,ziyadnz/hourly-ipv4,ziyadnz|hourly,2026-08-17T18:48:05Z,2026-08-17T18:48:05Z,
31.70.89.172,ipv4,malicious-ip,medium,WHITE,ziyadnz/hourly-ipv4,ziyadnz|hourly,2026-08-17T18:48:05Z,2026-08-17T18:48:05Z,
31.70.92.5,ipv4,malicious-ip,medium,WHITE,ziyadnz/hourly-ipv4,ziyadnz|hourly,2026-08-17T18:48:05Z,2026-08-17T18:48:05Z,
31.70.93.40,ipv4,malicious-ip,medium,WHITE,ziyadnz/hourly-ipv4,ziyadnz|hourly,2026-08-17T18:48:05Z,2026-08-17T18:48:05Z,
31.76.110.60,ipv4,malicious-ip,medium,WHITE,ziyadnz/hourly-ipv4,ziyadnz|hourly,2026-08-17T18:48:05Z,2026-08-17T18:48:05Z,
31.76.111.27,ipv4,malicious-ip,medium,WHITE,ziyadnz/hourly-ipv4,ziyadnz|hourly,2026-08-17T18:48:05Z,2026-08-17T18:48:05Z,
31.76.13.207,ipv4,malicious-ip,medium,WHITE,ziyadnz/hourly-ipv4,ziyadnz|hourly,2026-08-17T18:48:05Z,2026-08-17T18:48:05Z,
31.76.13.73,ipv4,malicious-ip,medium,WHITE,ziyadnz/hourly-ipv4,ziyadnz|hourly,2026-08-17T18:48:05Z,2026-08-17T18:48:05Z,
31.76.191.0,ipv4,malicious-ip,medium,WHITE,ziyadnz/hourly-ipv4,ziyadnz|hourly,2026-08-17T18:48:05Z,2026-08-17T18:48:05Z,
31.76.191.123,ipv4,malicious-ip,medium,WHITE,ziyadnz/hourly-ipv4,ziyadnz|hourly,2026-08-17T18:48:05Z,2026-08-17T18:48:05Z,
31.76.191.141,ipv4,malicious-ip,medium,WHITE,ziyadnz/hourly-ipv4,ziyadnz|hourly,2026-08-17T18:48:05Z,2026-08-17T18:48:05Z,
31.76.191.163,ipv4,malicious-ip,medium,WHITE,ziyadnz/hourly-ipv4,ziyadnz|hourly,2026-08-17T18:48:05Z,2026-08-17T18:48:05Z,
31.76.191.177,ipv4,malicious-ip,medium,WHITE,ziyadnz/hourly-ipv4,ziyadnz|hourly,2026-08-17T18:48:05Z,2026-08-17T18:48:05Z,
31.76.191.180,ipv4,malicious-ip,medium,WHITE,ziyadnz/hourly-ipv4,ziyadnz|hourly,2026-08-17T18:48:05Z,2026-08-17T18:48:05Z,
31.76.191.206,ipv4,malicious-ip,medium,WHITE,ziyadnz/hourly-ipv4,ziyadnz|hourly,2026-08-17T18:48:05Z,2026-08-17T18:48:05Z,
31.76.191.210,ipv4,malicious-ip,medium,WHITE,ziyadnz/hourly-ipv4,ziyadnz|hourly,2026-08-17T18:48:05Z,2026-08-17T18:48:05Z,
31.76.191.220,ipv4,malicious-ip,medium,WHITE,ziyadnz/hourly-ipv4,ziyadnz|hourly,2026-08-17T18:48:05Z,2026-08-17T18:48:05Z,
31.76.191.225,ipv4,malicious-ip,medium,WHITE,ziyadnz/hourly-ipv4,ziyadnz|hourly,2026-08-17T18:48:05Z,2026-08-17T18:48:05Z,
31.76.191.231,ipv4,malicious-ip,medium,WHITE,ziyadnz/hourly-ipv4,ziyadnz|hourly,2026-08-17T18:48:05Z,2026-08-17T18:48:05Z,
31.76.191.243,ipv4,malicious-ip,medium,WHITE,ziyadnz/hourly-ipv4,ziyadnz|hourly,2026-08-17T18:48:05Z,2026-08-17T18:48:05Z,
31.76.191.25,ipv4,malicious-ip,medium,WHITE,ziyadnz/hourly-ipv4,ziyadnz|hourly,2026-08-17T18:48:05Z,2026-08-17T18:48:05Z,
31.76.191.43,ipv4,malicious-ip,medium,WHITE,ziyadnz/hourly-ipv4,ziyadnz|hourly,2026-08-17T18:48:05Z,2026-08-17T18:48:05Z,
31.76.191.44,ipv4,malicious-ip,medium,WHITE,ziyadnz/hourly-ipv4,ziyadnz|hourly,2026-08-17T18:48:05Z,2026-08-17T18:48:05Z,
31.76.191.55,ipv4,malicious-ip,medium,WHITE,ziyadnz/hourly-ipv4,ziyadnz|hourly,2026-08-17T18:48:05Z,2026-08-17T18:48:05Z,
31.76.191.56,ipv4,malicious-ip,medium,WHITE,ziyadnz/hourly-ipv4,ziyadnz|hourly,2026-08-17T18:48:05Z,2026-08-17T18:48:05Z,
31.76.191.60,ipv4,malicious-ip,medium,WHITE,ziyadnz/hourly-ipv4,ziyadnz|hourly,2026-08-17T18:48:05Z,2026-08-17T18:48:05Z,
31.76.191.73,ipv4,malicious-ip,medium,WHITE,ziyadnz/hourly-ipv4,ziyadnz|hourly,2026-08-17T18:48:05Z,2026-08-17T18:48:05Z,
31.76.191.76,ipv4,malicious-ip,medium,WHITE,ziyadnz/hourly-ipv4,ziyadnz|hourly,2026-08-17T18:48:05Z,2026-08-17T18:48:05Z,
31.76.191.94,ipv4,malicious-ip,medium,WHITE,ziyadnz/hourly-ipv4,ziyadnz|hourly,2026-08-17T18:48:05Z,2026-08-17T18:48:05Z,
31.76.191.99,ipv4,malicious-ip,medium,WHITE,ziyadnz/hourly-ipv4,ziyadnz|hourly,2026-08-17T18:48:05Z,2026-08-17T18:48:05Z,
31.76.27.231,ipv4,malicious-ip,medium,WHITE,ziyadnz/hourly-ipv4,ziyadnz|hourly,2026-08-17T18:48:05Z,2026-08-17T18:48:05Z,
31.76.28.231,ipv4,malicious-ip,medium,WHITE,ziyadnz/hourly-ipv4,ziyadnz|hourly,2026-08-17T18:48:05Z,2026-08-17T18:48:05Z,
31.76.29.13,ipv4,malicious-ip,medium,WHITE,ziyadnz/hourly-ipv4,ziyadnz|hourly,2026-08-17T18:48:05Z,2026-08-17T18:48:05Z,
31.76.45.158,ipv4,malicious-ip,medium,WHITE,ziyadnz/hourly-ipv4,ziyadnz|hourly,2026-08-17T18:48:05Z,2026-08-17T18:48:05Z,
31.76.77.218,ipv4,malicious-ip,medium,WHITE,ziyadnz/hourly-ipv4,ziyadnz|hourly,2026-08-17T18:48:05Z,2026-08-17T18:48:05Z,
31.76.78.140,ipv4,malicious-ip,medium,WHITE,ziyadnz/hourly-ipv4,ziyadnz|hourly,2026-08-17T18:48:05Z,2026-08-17T18:48:05Z,
31.76.9.151,ipv4,malicious-ip,medium,WHITE,ziyadnz/hourly-ipv4,ziyadnz|hourly,2026-08-17T18:48:05Z,2026-08-17T18:48:05Z,
31.77.131.189,ipv4,malicious-ip,medium,WHITE,ziyadnz/hourly-ipv4,ziyadnz|hourly,2026-08-17T18:48:05Z,2026-08-17T18:48:05Z,
31.77.146.148,ipv4,malicious-ip,medium,WHITE,ziyadnz/hourly-ipv4,ziyadnz|hourly,2026-08-17T18:48:05Z,2026-08-17T18:48:05Z,
31.77.192.4,ipv4,malicious-ip,medium,WHITE,ziyadnz/hourly-ipv4,ziyadnz|hourly,2026-08-17T18:48:05Z,2026-08-17T18:48:05Z,
31.77.192.7,ipv4,malicious-ip,medium,WHITE,ziyadnz/hourly-ipv4,ziyadnz|hourly,2026-08-17T18:48:05Z,2026-08-17T18:48:05Z,
31.77.195.32,ipv4,malicious-ip,medium,WHITE,ziyadnz/hourly-ipv4,ziyadnz|hourly,2026-08-17T18:48:05Z,2026-08-17T18:48:05Z,
31.77.227.11,ipv4,malicious-ip,medium,WHITE,ziyadnz/hourly-ipv4,ziyadnz|hourly,2026-08-17T18:48:05Z,2026-08-17T18:48:05Z,
31.77.227.119,ipv4,malicious-ip,medium,WHITE,ziyadnz/hourly-ipv4,ziyadnz|hourly,2026-08-17T18:48:05Z,2026-08-17T18:48:05Z,
31.8.196.3,ipv4,malicious-ip,medium,WHITE,ziyadnz/hourly-ipv4,ziyadnz|hourly,2026-08-17T18:48:05Z,2026-08-17T18:48:05Z,
31.8.2.79,ipv4,malicious-ip,medium,WHITE,ziyadnz/hourly-ipv4,ziyadnz|hourly,2026-08-17T18:48:05Z,2026-08-17T18:48:05Z,
31.9.50.79,ipv4,malicious-ip,medium,WHITE,ziyadnz/hourly-ipv4,ziyadnz|hourly,2026-08-17T18:48:05Z,2026-08-17T18:48:05Z,
31.97.137.157,ipv4,malicious-ip,medium,WHITE,ziyadnz/hourly-ipv4,ziyadnz|hourly,2026-08-17T18:48:05Z,2026-08-17T18:48:05Z,
31.97.17.73,ipv4,malicious-ip,medium,WHITE,ziyadnz/hourly-ipv4,ziyadnz|hourly,2026-08-17T18:48:05Z,2026-08-17T18:48:05Z,
31.97.230.150,ipv4,malicious-ip,medium,WHITE,ziyadnz/hourly-ipv4,ziyadnz|hourly,2026-08-17T18:48:05Z,2026-08-17T18:48:05Z,
31.97.41.166,ipv4,malicious-ip,medium,WHITE,ziyadnz/hourly-ipv4,ziyadnz|hourly,2026-08-17T18:48:05Z,2026-08-17T18:48:05Z,
31.99.203.160,ipv4,malicious-ip,medium,WHITE,ziyadnz/hourly-ipv4,ziyadnz|hourly,2026-08-17T18:48:05Z,2026-08-17T18:48:05Z,
32.143.50.222,ipv4,malicious-ip,medium,WHITE,ziyadnz/hourly-ipv4,ziyadnz|hourly,2026-08-17T18:48:05Z,2026-08-17T18:48:05Z,
32.192.67.220,ipv4,malicious-ip,medium,WHITE,ziyadnz/hourly-ipv4,ziyadnz|hourly,2026-08-17T18:48:05Z,2026-08-17T18:48:05Z,
32.193.241.45,ipv4,malicious-ip,medium,WHITE,ziyadnz/hourly-ipv4,ziyadnz|hourly,2026-08-17T18:48:05Z,2026-08-17T18:48:05Z,
32.199.173.55,ipv4,malicious-ip,medium,WHITE,ziyadnz/hourly-ipv4,ziyadnz|hourly,2026-08-17T18:48:05Z,2026-08-17T18:48:05Z,
32.199.191.214,ipv4,malicious-ip,medium,WHITE,ziyadnz/hourly-ipv4,ziyadnz|hourly,2026-08-17T18:48:05Z,2026-08-17T18:48:05Z,
32.212.83.103,ipv4,malicious-ip,medium,WHITE,ziyadnz/hourly-ipv4,ziyadnz|hourly,2026-08-17T18:48:05Z,2026-08-17T18:48:05Z,
32.218.27.58,ipv4,malicious-ip,medium,WHITE,ziyadnz/hourly-ipv4,ziyadnz|hourly,2026-08-17T18:48:05Z,2026-08-17T18:48:05Z,
32.223.166.175,ipv4,malicious-ip,medium,WHITE,ziyadnz/hourly-ipv4,ziyadnz|hourly,2026-08-17T18:48:05Z,2026-08-17T18:48:05Z,
33.27.66.57,ipv4,malicious-ip,medium,WHITE,ziyadnz/hourly-ipv4,ziyadnz|hourly,2026-08-17T18:48:05Z,2026-08-17T18:48:05Z,
33.27.76.82,ipv4,malicious-ip,medium,WHITE,ziyadnz/hourly-ipv4,ziyadnz|hourly,2026-08-17T18:48:05Z,2026-08-17T18:48:05Z,
34.0.13.61,ipv4,malicious-ip,medium,WHITE,ziyadnz/hourly-ipv4,ziyadnz|hourly,2026-08-17T18:48:05Z,2026-08-17T18:48:05Z,
34.10.107.114,ipv4,malicious-ip,medium,WHITE,ziyadnz/hourly-ipv4,ziyadnz|hourly,2026-08-17T18:48:05Z,2026-08-17T18:48:05Z,
34.10.14.81,ipv4,malicious-ip,medium,WHITE,ziyadnz/hourly-ipv4,ziyadnz|hourly,2026-08-17T18:48:05Z,2026-08-17T18:48:05Z,
34.10.26.17,ipv4,malicious-ip,medium,WHITE,ziyadnz/hourly-ipv4,ziyadnz|hourly,2026-08-17T18:48:05Z,2026-08-17T18:48:05Z,
34.10.27.238,ipv4,malicious-ip,medium,WHITE,ziyadnz/hourly-ipv4,ziyadnz|hourly,2026-08-17T18:48:05Z,2026-08-17T18:48:05Z,
34.10.40.122,ipv4,malicious-ip,medium,WHITE,ziyadnz/hourly-ipv4,ziyadnz|hourly,2026-08-17T18:48:05Z,2026-08-17T18:48:05Z,
34.10.59.205,ipv4,malicious-ip,medium,WHITE,ziyadnz/hourly-ipv4,ziyadnz|hourly,2026-08-17T18:48:05Z,2026-08-17T18:48:05Z,
34.101.61.112,ipv4,malicious-ip,medium,WHITE,ziyadnz/hourly-ipv4,ziyadnz|hourly,2026-08-17T18:48:05Z,2026-08-17T18:48:05Z,
34.101.77.163,ipv4,malicious-ip,medium,WHITE,ziyadnz/hourly-ipv4,ziyadnz|hourly,2026-08-17T18:48:05Z,2026-08-17T18:48:05Z,
34.102.108.204,ipv4,malicious-ip,medium,WHITE,ziyadnz/hourly-ipv4,ziyadnz|hourly,2026-08-17T18:48:05Z,2026-08-17T18:48:05Z,
34.104.129.159,ipv4,malicious-ip,medium,WHITE,ziyadnz/hourly-ipv4,ziyadnz|hourly,2026-08-17T18:48:05Z,2026-08-17T18:48:05Z,
34.104.135.55,ipv4,malicious-ip,medium,WHITE,ziyadnz/hourly-ipv4,ziyadnz|hourly,2026-08-17T18:48:05Z,2026-08-17T18:48:05Z,
34.104.229.207,ipv4,malicious-ip,medium,WHITE,ziyadnz/hourly-ipv4,ziyadnz|hourly,2026-08-17T18:48:05Z,2026-08-17T18:48:05Z,
34.104.253.140,ipv4,malicious-ip,medium,WHITE,ziyadnz/hourly-ipv4,ziyadnz|hourly,2026-08-17T18:48:05Z,2026-08-17T18:48:05Z,
34.105.115.12,ipv4,malicious-ip,medium,WHITE,ziyadnz/hourly-ipv4,ziyadnz|hourly,2026-08-17T18:48:05Z,2026-08-17T18:48:05Z,
34.105.16.239,ipv4,malicious-ip,medium,WHITE,ziyadnz/hourly-ipv4,ziyadnz|hourly,2026-08-17T18:48:05Z,2026-08-17T18:48:05Z,
34.105.92.184,ipv4,malicious-ip,medium,WHITE,ziyadnz/hourly-ipv4,ziyadnz|hourly,2026-08-17T18:48:05Z,2026-08-17T18:48:05Z,
34.106.133.120,ipv4,malicious-ip,medium,WHITE,ziyadnz/hourly-ipv4,ziyadnz|hourly,2026-08-17T18:48:05Z,2026-08-17T18:48:05Z,
34.106.157.75,ipv4,malicious-ip,medium,WHITE,ziyadnz/hourly-ipv4,ziyadnz|hourly,2026-08-17T18:48:05Z,2026-08-17T18:48:05Z,
34.106.42.65,ipv4,malicious-ip,medium,WHITE,ziyadnz/hourly-ipv4,ziyadnz|hourly,2026-08-17T18:48:05Z,2026-08-17T18:48:05Z,
34.106.78.37,ipv4,malicious-ip,medium,WHITE,ziyadnz/hourly-ipv4,ziyadnz|hourly,2026-08-17T18:48:05Z,2026-08-17T18:48:05Z,
34.11.104.33,ipv4,malicious-ip,medium,WHITE,ziyadnz/hourly-ipv4,ziyadnz|hourly,2026-08-17T18:48:05Z,2026-08-17T18:48:05Z,
34.11.11.48,ipv4,malicious-ip,medium,WHITE,ziyadnz/hourly-ipv4,ziyadnz|hourly,2026-08-17T18:48:05Z,2026-08-17T18:48:05Z,
34.11.112.60,ipv4,malicious-ip,medium,WHITE,ziyadnz/hourly-ipv4,ziyadnz|hourly,2026-08-17T18:48:05Z,2026-08-17T18:48:05Z,
34.11.132.97,ipv4,malicious-ip,medium,WHITE,ziyadnz/hourly-ipv4,ziyadnz|hourly,2026-08-17T18:48:05Z,2026-08-17T18:48:05Z,
34.11.15.5,ipv4,malicious-ip,medium,WHITE,ziyadnz/hourly-ipv4,ziyadnz|hourly,2026-08-17T18:48:05Z,2026-08-17T18:48:05Z,
34.11.201.81,ipv4,malicious-ip,medium,WHITE,ziyadnz/hourly-ipv4,ziyadnz|hourly,2026-08-17T18:48:05Z,2026-08-17T18:48:05Z,
34.11.209.174,ipv4,malicious-ip,medium,WHITE,ziyadnz/hourly-ipv4,ziyadnz|hourly,2026-08-17T18:48:05Z,2026-08-17T18:48:05Z,
34.11.22.191,ipv4,malicious-ip,medium,WHITE,ziyadnz/hourly-ipv4,ziyadnz|hourly,2026-08-17T18:48:05Z,2026-08-17T18:48:05Z,
34.11.220.100,ipv4,malicious-ip,medium,WHITE,ziyadnz/hourly-ipv4,ziyadnz|hourly,2026-08-17T18:48:05Z,2026-08-17T18:48:05Z,
34.11.5.81,ipv4,malicious-ip,medium,WHITE,ziyadnz/hourly-ipv4,ziyadnz|hourly,2026-08-17T18:48:05Z,2026-08-17T18:48:05Z,
34.11.57.161,ipv4,malicious-ip,medium,WHITE,ziyadnz/hourly-ipv4,ziyadnz|hourly,2026-08-17T18:48:05Z,2026-08-17T18:48:05Z,
34.11.58.23,ipv4,malicious-ip,medium,WHITE,ziyadnz/hourly-ipv4,ziyadnz|hourly,2026-08-17T18:48:05Z,2026-08-17T18:48:05Z,
34.11.58.232,ipv4,malicious-ip,medium,WHITE,ziyadnz/hourly-ipv4,ziyadnz|hourly,2026-08-17T18:48:05Z,2026-08-17T18:48:05Z,
34.11.64.194,ipv4,malicious-ip,medium,WHITE,ziyadnz/hourly-ipv4,ziyadnz|hourly,2026-08-17T18:48:05Z,2026-08-17T18:48:05Z,
34.11.85.120,ipv4,malicious-ip,medium,WHITE,ziyadnz/hourly-ipv4,ziyadnz|hourly,2026-08-17T18:48:05Z,2026-08-17T18:48:05Z,
34.11.87.239,ipv4,malicious-ip,medium,WHITE,ziyadnz/hourly-ipv4,ziyadnz|hourly,2026-08-17T18:48:05Z,2026-08-17T18:48:05Z,
34.11.88.47,ipv4,malicious-ip,medium,WHITE,ziyadnz/hourly-ipv4,ziyadnz|hourly,2026-08-17T18:48:05Z,2026-08-17T18:48:05Z,
34.11.89.24,ipv4,malicious-ip,medium,WHITE,ziyadnz/hourly-ipv4,ziyadnz|hourly,2026-08-17T18:48:05Z,2026-08-17T18:48:05Z,
34.11.89.252,ipv4,malicious-ip,medium,WHITE,ziyadnz/hourly-ipv4,ziyadnz|hourly,2026-08-17T18:48:05Z,2026-08-17T18:48:05Z,
34.11.97.8,ipv4,malicious-ip,medium,WHITE,ziyadnz/hourly-ipv4,ziyadnz|hourly,2026-08-17T18:48:05Z,2026-08-17T18:48:05Z,
34.116.131.88,ipv4,malicious-ip,medium,WHITE,ziyadnz/hourly-ipv4,ziyadnz|hourly,2026-08-17T18:48:05Z,2026-08-17T18:48:05Z,
34.118.254.176,ipv4,malicious-ip,medium,WHITE,ziyadnz/hourly-ipv4,ziyadnz|hourly,2026-08-17T18:48:05Z,2026-08-17T18:48:05Z,
34.118.30.16,ipv4,malicious-ip,medium,WHITE,ziyadnz/hourly-ipv4,ziyadnz|hourly,2026-08-17T18:48:05Z,2026-08-17T18:48:05Z,
34.12.117.226,ipv4,malicious-ip,medium,WHITE,ziyadnz/hourly-ipv4,ziyadnz|hourly,2026-08-17T18:48:05Z,2026-08-17T18:48:05Z,
34.12.131.130,ipv4,malicious-ip,medium,WHITE,ziyadnz/hourly-ipv4,ziyadnz|hourly,2026-08-17T18:48:05Z,2026-08-17T18:48:05Z,
34.12.136.201,ipv4,malicious-ip,medium,WHITE,ziyadnz/hourly-ipv4,ziyadnz|hourly,2026-08-17T18:48:05Z,2026-08-17T18:48:05Z,
34.12.14.197,ipv4,malicious-ip,medium,WHITE,ziyadnz/hourly-ipv4,ziyadnz|hourly,2026-08-17T18:48:05Z,2026-08-17T18:48:05Z,
34.12.168.153,ipv4,malicious-ip,medium,WHITE,ziyadnz/hourly-ipv4,ziyadnz|hourly,2026-08-17T18:48:05Z,2026-08-17T18:48:05Z,
34.12.205.35,ipv4,malicious-ip,medium,WHITE,ziyadnz/hourly-ipv4,ziyadnz|hourly,2026-08-17T18:48:05Z,2026-08-17T18:48:05Z,
34.12.207.173,ipv4,malicious-ip,medium,WHITE,ziyadnz/hourly-ipv4,ziyadnz|hourly,2026-08-17T18:48:05Z,2026-08-17T18:48:05Z,
34.12.210.179,ipv4,malicious-ip,medium,WHITE,ziyadnz/hourly-ipv4,ziyadnz|hourly,2026-08-17T18:48:05Z,2026-08-17T18:48:05Z,
34.12.225.6,ipv4,malicious-ip,medium,WHITE,ziyadnz/hourly-ipv4,ziyadnz|hourly,2026-08-17T18:48:05Z,2026-08-17T18:48:05Z,
34.12.29.13,ipv4,malicious-ip,medium,WHITE,ziyadnz/hourly-ipv4,ziyadnz|hourly,2026-08-17T18:48:05Z,2026-08-17T18:48:05Z,
34.12.69.235,ipv4,malicious-ip,medium,WHITE,ziyadnz/hourly-ipv4,ziyadnz|hourly,2026-08-17T18:48:05Z,2026-08-17T18:48:05Z,
34.121.114.254,ipv4,malicious-ip,medium,WHITE,ziyadnz/hourly-ipv4,ziyadnz|hourly,2026-08-17T18:48:05Z,2026-08-17T18:48:05Z,
34.121.138.255,ipv4,malicious-ip,medium,WHITE,ziyadnz/hourly-ipv4,ziyadnz|hourly,2026-08-17T18:48:05Z,2026-08-17T18:48:05Z,
34.121.207.116,ipv4,malicious-ip,medium,WHITE,ziyadnz/hourly-ipv4,ziyadnz|hourly,2026-08-17T18:48:05Z,2026-08-17T18:48:05Z,
34.122.147.229,ipv4,malicious-ip,medium,WHITE,ziyadnz/hourly-ipv4,ziyadnz|hourly,2026-08-17T18:48:05Z,2026-08-17T18:48:05Z,
34.122.173.216,ipv4,malicious-ip,medium,WHITE,ziyadnz/hourly-ipv4,ziyadnz|hourly,2026-08-17T18:48:05Z,2026-08-17T18:48:05Z,
34.122.58.0,ipv4,malicious-ip,medium,WHITE,ziyadnz/hourly-ipv4,ziyadnz|hourly,2026-08-17T18:48:05Z,2026-08-17T18:48:05Z,
34.123.106.176,ipv4,malicious-ip,medium,WHITE,ziyadnz/hourly-ipv4,ziyadnz|hourly,2026-08-17T18:48:05Z,2026-08-17T18:48:05Z,
34.123.146.212,ipv4,malicious-ip,medium,WHITE,ziyadnz/hourly-ipv4,ziyadnz|hourly,2026-08-17T18:48:05Z,2026-08-17T18:48:05Z,
34.123.149.87,ipv4,malicious-ip,medium,WHITE,ziyadnz/hourly-ipv4,ziyadnz|hourly,2026-08-17T18:48:05Z,2026-08-17T18:48:05Z,
34.123.170.104,ipv4,malicious-ip,medium,WHITE,ziyadnz/hourly-ipv4,ziyadnz|hourly,2026-08-17T18:48:05Z,2026-08-17T18:48:05Z,
34.123.33.125,ipv4,malicious-ip,medium,WHITE,ziyadnz/hourly-ipv4,ziyadnz|hourly,2026-08-17T18:48:05Z,2026-08-17T18:48:05Z,
34.123.40.207,ipv4,malicious-ip,medium,WHITE,ziyadnz/hourly-ipv4,ziyadnz|hourly,2026-08-17T18:48:05Z,2026-08-17T18:48:05Z,
34.124.130.177,ipv4,malicious-ip,medium,WHITE,ziyadnz/hourly-ipv4,ziyadnz|hourly,2026-08-17T18:48:05Z,2026-08-17T18:48:05Z,
34.124.148.28,ipv4,malicious-ip,medium,WHITE,ziyadnz/hourly-ipv4,ziyadnz|hourly,2026-08-17T18:48:05Z,2026-08-17T18:48:05Z,
34.124.148.87,ipv4,malicious-ip,medium,WHITE,ziyadnz/hourly-ipv4,ziyadnz|hourly,2026-08-17T18:48:05Z,2026-08-17T18:48:05Z,
34.124.151.3,ipv4,malicious-ip,medium,WHITE,ziyadnz/hourly-ipv4,ziyadnz|hourly,2026-08-17T18:48:05Z,2026-08-17T18:48:05Z,
34.124.153.171,ipv4,malicious-ip,medium,WHITE,ziyadnz/hourly-ipv4,ziyadnz|hourly,2026-08-17T18:48:05Z,2026-08-17T18:48:05Z,
34.124.153.36,ipv4,malicious-ip,medium,WHITE,ziyadnz/hourly-ipv4,ziyadnz|hourly,2026-08-17T18:48:05Z,2026-08-17T18:48:05Z,
34.124.167.131,ipv4,malicious-ip,medium,WHITE,ziyadnz/hourly-ipv4,ziyadnz|hourly,2026-08-17T18:48:05Z,2026-08-17T18:48:05Z,
34.124.186.232,ipv4,malicious-ip,medium,WHITE,ziyadnz/hourly-ipv4,ziyadnz|hourly,2026-08-17T18:48:05Z,2026-08-17T18:48:05Z,
34.124.250.221,ipv4,malicious-ip,medium,WHITE,ziyadnz/hourly-ipv4,ziyadnz|hourly,2026-08-17T18:48:05Z,2026-08-17T18:48:05Z,
34.125.117.155,ipv4,malicious-ip,medium,WHITE,ziyadnz/hourly-ipv4,ziyadnz|hourly,2026-08-17T18:48:05Z,2026-08-17T18:48:05Z,
34.125.128.212,ipv4,malicious-ip,medium,WHITE,ziyadnz/hourly-ipv4,ziyadnz|hourly,2026-08-17T18:48:05Z,2026-08-17T18:48:05Z,
34.125.131.114,ipv4,malicious-ip,medium,WHITE,ziyadnz/hourly-ipv4,ziyadnz|hourly,2026-08-17T18:48:05Z,2026-08-17T18:48:05Z,
34.125.152.250,ipv4,malicious-ip,medium,WHITE,ziyadnz/hourly-ipv4,ziyadnz|hourly,2026-08-17T18:48:05Z,2026-08-17T18:48:05Z,
34.125.169.50,ipv4,malicious-ip,medium,WHITE,ziyadnz/hourly-ipv4,ziyadnz|hourly,2026-08-17T18:48:05Z,2026-08-17T18:48:05Z,
34.125.181.190,ipv4,malicious-ip,medium,WHITE,ziyadnz/hourly-ipv4,ziyadnz|hourly,2026-08-17T18:48:05Z,2026-08-17T18:48:05Z,
34.125.187.230,ipv4,malicious-ip,medium,WHITE,ziyadnz/hourly-ipv4,ziyadnz|hourly,2026-08-17T18:48:05Z,2026-08-17T18:48:05Z,
34.125.198.35,ipv4,malicious-ip,medium,WHITE,ziyadnz/hourly-ipv4,ziyadnz|hourly,2026-08-17T18:48:05Z,2026-08-17T18:48:05Z,
34.125.20.32,ipv4,malicious-ip,medium,WHITE,ziyadnz/hourly-ipv4,ziyadnz|hourly,2026-08-17T18:48:05Z,2026-08-17T18:48:05Z,
34.125.209.116,ipv4,malicious-ip,medium,WHITE,ziyadnz/hourly-ipv4,ziyadnz|hourly,2026-08-17T18:48:05Z,2026-08-17T18:48:05Z,
34.125.219.56,ipv4,malicious-ip,medium,WHITE,ziyadnz/hourly-ipv4,ziyadnz|hourly,2026-08-17T18:48:05Z,2026-08-17T18:48:05Z,
34.125.225.154,ipv4,malicious-ip,medium,WHITE,ziyadnz/hourly-ipv4,ziyadnz|hourly,2026-08-17T18:48:05Z,2026-08-17T18:48:05Z,
34.125.225.206,ipv4,malicious-ip,medium,WHITE,ziyadnz/hourly-ipv4,ziyadnz|hourly,2026-08-17T18:48:05Z,2026-08-17T18:48:05Z,
34.125.240.161,ipv4,malicious-ip,medium,WHITE,ziyadnz/hourly-ipv4,ziyadnz|hourly,2026-08-17T18:48:05Z,2026-08-17T18:48:05Z,
34.125.61.197,ipv4,malicious-ip,medium,WHITE,ziyadnz/hourly-ipv4,ziyadnz|hourly,2026-08-17T18:48:05Z,2026-08-17T18:48:05Z,
34.125.86.111,ipv4,malicious-ip,medium,WHITE,ziyadnz/hourly-ipv4,ziyadnz|hourly,2026-08-17T18:48:05Z,2026-08-17T18:48:05Z,
34.126.133.72,ipv4,malicious-ip,medium,WHITE,ziyadnz/hourly-ipv4,ziyadnz|hourly,2026-08-17T18:48:05Z,2026-08-17T18:48:05Z,
34.126.75.137,ipv4,malicious-ip,medium,WHITE,ziyadnz/hourly-ipv4,ziyadnz|hourly,2026-08-17T18:48:05Z,2026-08-17T18:48:05Z,
34.127.40.142,ipv4,malicious-ip,medium,WHITE,ziyadnz/hourly-ipv4,ziyadnz|hourly,2026-08-17T18:48:05Z,2026-08-17T18:48:05Z,
34.127.88.32,ipv4,malicious-ip,medium,WHITE,ziyadnz/hourly-ipv4,ziyadnz|hourly,2026-08-17T18:48:05Z,2026-08-17T18:48:05Z,
34.128.77.56,ipv4,malicious-ip,medium,WHITE,ziyadnz/hourly-ipv4,ziyadnz|hourly,2026-08-17T18:48:05Z,2026-08-17T18:48:05Z,
34.128.95.203,ipv4,malicious-ip,medium,WHITE,ziyadnz/hourly-ipv4,ziyadnz|hourly,2026-08-17T18:48:05Z,2026-08-17T18:48:05Z,
34.128.97.59,ipv4,malicious-ip,medium,WHITE,ziyadnz/hourly-ipv4,ziyadnz|hourly,2026-08-17T18:48:05Z,2026-08-17T18:48:05Z,
34.129.111.66,ipv4,malicious-ip,medium,WHITE,ziyadnz/hourly-ipv4,ziyadnz|hourly,2026-08-17T18:48:05Z,2026-08-17T18:48:05Z,
34.129.168.58,ipv4,malicious-ip,medium,WHITE,ziyadnz/hourly-ipv4,ziyadnz|hourly,2026-08-17T18:48:05Z,2026-08-17T18:48:05Z,
34.129.192.86,ipv4,malicious-ip,medium,WHITE,ziyadnz/hourly-ipv4,ziyadnz|hourly,2026-08-17T18:48:05Z,2026-08-17T18:48:05Z,
34.129.22.214,ipv4,malicious-ip,medium,WHITE,ziyadnz/hourly-ipv4,ziyadnz|hourly,2026-08-17T18:48:05Z,2026-08-17T18:48:05Z,
34.130.150.140,ipv4,malicious-ip,medium,WHITE,ziyadnz/hourly-ipv4,ziyadnz|hourly,2026-08-17T18:48:05Z,2026-08-17T18:48:05Z,
34.130.209.95,ipv4,malicious-ip,medium,WHITE,ziyadnz/hourly-ipv4,ziyadnz|hourly,2026-08-17T18:48:05Z,2026-08-17T18:48:05Z,
34.130.235.97,ipv4,malicious-ip,medium,WHITE,ziyadnz/hourly-ipv4,ziyadnz|hourly,2026-08-17T18:48:05Z,2026-08-17T18:48:05Z,
34.130.86.254,ipv4,malicious-ip,medium,WHITE,ziyadnz/hourly-ipv4,ziyadnz|hourly,2026-08-17T18:48:05Z,2026-08-17T18:48:05Z,
34.131.106.59,ipv4,malicious-ip,medium,WHITE,ziyadnz/hourly-ipv4,ziyadnz|hourly,2026-08-17T18:48:05Z,2026-08-17T18:48:05Z,
34.131.145.81,ipv4,malicious-ip,medium,WHITE,ziyadnz/hourly-ipv4,ziyadnz|hourly,2026-08-17T18:48:05Z,2026-08-17T18:48:05Z,
34.131.155.4,ipv4,malicious-ip,medium,WHITE,ziyadnz/hourly-ipv4,ziyadnz|hourly,2026-08-17T18:48:05Z,2026-08-17T18:48:05Z,
34.132.0.34,ipv4,malicious-ip,medium,WHITE,ziyadnz/hourly-ipv4,ziyadnz|hourly,2026-08-17T18:48:05Z,2026-08-17T18:48:05Z,
34.132.86.117,ipv4,malicious-ip,medium,WHITE,ziyadnz/hourly-ipv4,ziyadnz|hourly,2026-08-17T18:48:05Z,2026-08-17T18:48:05Z,
34.133.115.142,ipv4,malicious-ip,medium,WHITE,ziyadnz/hourly-ipv4,ziyadnz|hourly,2026-08-17T18:48:05Z,2026-08-17T18:48:05Z,
34.133.206.166,ipv4,malicious-ip,medium,WHITE,ziyadnz/hourly-ipv4,ziyadnz|hourly,2026-08-17T18:48:05Z,2026-08-17T18:48:05Z,
34.134.160.150,ipv4,malicious-ip,medium,WHITE,ziyadnz/hourly-ipv4,ziyadnz|hourly,2026-08-17T18:48:05Z,2026-08-17T18:48:05Z,
34.134.163.149,ipv4,malicious-ip,medium,WHITE,ziyadnz/hourly-ipv4,ziyadnz|hourly,2026-08-17T18:48:05Z,2026-08-17T18:48:05Z,
34.134.26.114,ipv4,malicious-ip,medium,WHITE,ziyadnz/hourly-ipv4,ziyadnz|hourly,2026-08-17T18:48:05Z,2026-08-17T18:48:05Z,
34.135.147.165,ipv4,malicious-ip,medium,WHITE,ziyadnz/hourly-ipv4,ziyadnz|hourly,2026-08-17T18:48:05Z,2026-08-17T18:48:05Z,
34.135.189.109,ipv4,malicious-ip,medium,WHITE,ziyadnz/hourly-ipv4,ziyadnz|hourly,2026-08-17T18:48:05Z,2026-08-17T18:48:05Z,
34.135.199.40,ipv4,malicious-ip,medium,WHITE,ziyadnz/hourly-ipv4,ziyadnz|hourly,2026-08-17T18:48:05Z,2026-08-17T18:48:05Z,
34.136.1.157,ipv4,malicious-ip,medium,WHITE,ziyadnz/hourly-ipv4,ziyadnz|hourly,2026-08-17T18:48:05Z,2026-08-17T18:48:05Z,
34.136.113.28,ipv4,malicious-ip,medium,WHITE,ziyadnz/hourly-ipv4,ziyadnz|hourly,2026-08-17T18:48:05Z,2026-08-17T18:48:05Z,
34.136.235.163,ipv4,malicious-ip,medium,WHITE,ziyadnz/hourly-ipv4,ziyadnz|hourly,2026-08-17T18:48:05Z,2026-08-17T18:48:05Z,
34.136.28.246,ipv4,malicious-ip,medium,WHITE,ziyadnz/hourly-ipv4,ziyadnz|hourly,2026-08-17T18:48:05Z,2026-08-17T18:48:05Z,
34.136.81.153,ipv4,malicious-ip,medium,WHITE,ziyadnz/hourly-ipv4,ziyadnz|hourly,2026-08-17T18:48:05Z,2026-08-17T18:48:05Z,
34.138.105.31,ipv4,malicious-ip,medium,WHITE,ziyadnz/hourly-ipv4,ziyadnz|hourly,2026-08-17T18:48:05Z,2026-08-17T18:48:05Z,
34.138.122.176,ipv4,malicious-ip,medium,WHITE,ziyadnz/hourly-ipv4,ziyadnz|hourly,2026-08-17T18:48:05Z,2026-08-17T18:48:05Z,
34.138.129.177,ipv4,malicious-ip,medium,WHITE,ziyadnz/hourly-ipv4,ziyadnz|hourly,2026-08-17T18:48:05Z,2026-08-17T18:48:05Z,
34.138.135.178,ipv4,malicious-ip,medium,WHITE,ziyadnz/hourly-ipv4,ziyadnz|hourly,2026-08-17T18:48:05Z,2026-08-17T18:48:05Z,
34.138.136.149,ipv4,malicious-ip,medium,WHITE,ziyadnz/hourly-ipv4,ziyadnz|hourly,2026-08-17T18:48:05Z,2026-08-17T18:48:05Z,
34.138.136.186,ipv4,malicious-ip,medium,WHITE,ziyadnz/hourly-ipv4,ziyadnz|hourly,2026-08-17T18:48:05Z,2026-08-17T18:48:05Z,
34.138.167.186,ipv4,malicious-ip,medium,WHITE,ziyadnz/hourly-ipv4,ziyadnz|hourly,2026-08-17T18:48:05Z,2026-08-17T18:48:05Z,
34.138.176.69,ipv4,malicious-ip,medium,WHITE,ziyadnz/hourly-ipv4,ziyadnz|hourly,2026-08-17T18:48:05Z,2026-08-17T18:48:05Z,
34.138.181.9,ipv4,malicious-ip,medium,WHITE,ziyadnz/hourly-ipv4,ziyadnz|hourly,2026-08-17T18:48:05Z,2026-08-17T18:48:05Z,
34.138.196.50,ipv4,malicious-ip,medium,WHITE,ziyadnz/hourly-ipv4,ziyadnz|hourly,2026-08-17T18:48:05Z,2026-08-17T18:48:05Z,
34.138.198.162,ipv4,malicious-ip,medium,WHITE,ziyadnz/hourly-ipv4,ziyadnz|hourly,2026-08-17T18:48:05Z,2026-08-17T18:48:05Z,
34.138.217.59,ipv4,malicious-ip,medium,WHITE,ziyadnz/hourly-ipv4,ziyadnz|hourly,2026-08-17T18:48:05Z,2026-08-17T18:48:05Z,
34.138.223.239,ipv4,malicious-ip,medium,WHITE,ziyadnz/hourly-ipv4,ziyadnz|hourly,2026-08-17T18:48:05Z,2026-08-17T18:48:05Z,
34.138.236.179,ipv4,malicious-ip,medium,WHITE,ziyadnz/hourly-ipv4,ziyadnz|hourly,2026-08-17T18:48:05Z,2026-08-17T18:48:05Z,
34.138.25.13,ipv4,malicious-ip,medium,WHITE,ziyadnz/hourly-ipv4,ziyadnz|hourly,2026-08-17T18:48:05Z,2026-08-17T18:48:05Z,
34.138.33.83,ipv4,malicious-ip,medium,WHITE,ziyadnz/hourly-ipv4,ziyadnz|hourly,2026-08-17T18:48:05Z,2026-08-17T18:48:05Z,
34.138.46.23,ipv4,malicious-ip,medium,WHITE,ziyadnz/hourly-ipv4,ziyadnz|hourly,2026-08-17T18:48:05Z,2026-08-17T18:48:05Z,
34.138.87.81,ipv4,malicious-ip,medium,WHITE,ziyadnz/hourly-ipv4,ziyadnz|hourly,2026-08-17T18:48:05Z,2026-08-17T18:48:05Z,
34.138.96.214,ipv4,malicious-ip,medium,WHITE,ziyadnz/hourly-ipv4,ziyadnz|hourly,2026-08-17T18:48:05Z,2026-08-17T18:48:05Z,
34.139.12.118,ipv4,malicious-ip,medium,WHITE,ziyadnz/hourly-ipv4,ziyadnz|hourly,2026-08-17T18:48:05Z,2026-08-17T18:48:05Z,
34.139.122.18,ipv4,malicious-ip,medium,WHITE,ziyadnz/hourly-ipv4,ziyadnz|hourly,2026-08-17T18:48:05Z,2026-08-17T18:48:05Z,
34.139.128.241,ipv4,malicious-ip,medium,WHITE,ziyadnz/hourly-ipv4,ziyadnz|hourly,2026-08-17T18:48:05Z,2026-08-17T18:48:05Z,
34.139.133.40,ipv4,malicious-ip,medium,WHITE,ziyadnz/hourly-ipv4,ziyadnz|hourly,2026-08-17T18:48:05Z,2026-08-17T18:48:05Z,
34.139.138.115,ipv4,malicious-ip,medium,WHITE,ziyadnz/hourly-ipv4,ziyadnz|hourly,2026-08-17T18:48:05Z,2026-08-17T18:48:05Z,
34.139.152.36,ipv4,malicious-ip,medium,WHITE,ziyadnz/hourly-ipv4,ziyadnz|hourly,2026-08-17T18:48:05Z,2026-08-17T18:48:05Z,
34.139.186.87,ipv4,malicious-ip,medium,WHITE,ziyadnz/hourly-ipv4,ziyadnz|hourly,2026-08-17T18:48:05Z,2026-08-17T18:48:05Z,
34.139.194.66,ipv4,malicious-ip,medium,WHITE,ziyadnz/hourly-ipv4,ziyadnz|hourly,2026-08-17T18:48:05Z,2026-08-17T18:48:05Z,
34.139.207.112,ipv4,malicious-ip,medium,WHITE,ziyadnz/hourly-ipv4,ziyadnz|hourly,2026-08-17T18:48:05Z,2026-08-17T18:48:05Z,
34.139.207.250,ipv4,malicious-ip,medium,WHITE,ziyadnz/hourly-ipv4,ziyadnz|hourly,2026-08-17T18:48:05Z,2026-08-17T18:48:05Z,
34.139.207.95,ipv4,malicious-ip,medium,WHITE,ziyadnz/hourly-ipv4,ziyadnz|hourly,2026-08-17T18:48:05Z,2026-08-17T18:48:05Z,
34.139.210.223,ipv4,malicious-ip,medium,WHITE,ziyadnz/hourly-ipv4,ziyadnz|hourly,2026-08-17T18:48:05Z,2026-08-17T18:48:05Z,
34.139.211.11,ipv4,malicious-ip,medium,WHITE,ziyadnz/hourly-ipv4,ziyadnz|hourly,2026-08-17T18:48:05Z,2026-08-17T18:48:05Z,
34.139.212.70,ipv4,malicious-ip,medium,WHITE,ziyadnz/hourly-ipv4,ziyadnz|hourly,2026-08-17T18:48:05Z,2026-08-17T18:48:05Z,
34.139.221.69,ipv4,malicious-ip,medium,WHITE,ziyadnz/hourly-ipv4,ziyadnz|hourly,2026-08-17T18:48:05Z,2026-08-17T18:48:05Z,
34.139.231.213,ipv4,malicious-ip,medium,WHITE,ziyadnz/hourly-ipv4,ziyadnz|hourly,2026-08-17T18:48:05Z,2026-08-17T18:48:05Z,
34.139.236.114,ipv4,malicious-ip,medium,WHITE,ziyadnz/hourly-ipv4,ziyadnz|hourly,2026-08-17T18:48:05Z,2026-08-17T18:48:05Z,
34.139.243.120,ipv4,malicious-ip,medium,WHITE,ziyadnz/hourly-ipv4,ziyadnz|hourly,2026-08-17T18:48:05Z,2026-08-17T18:48:05Z,
34.139.252.104,ipv4,malicious-ip,medium,WHITE,ziyadnz/hourly-ipv4,ziyadnz|hourly,2026-08-17T18:48:05Z,2026-08-17T18:48:05Z,
34.139.254.138,ipv4,malicious-ip,medium,WHITE,ziyadnz/hourly-ipv4,ziyadnz|hourly,2026-08-17T18:48:05Z,2026-08-17T18:48:05Z,
34.139.43.67,ipv4,malicious-ip,medium,WHITE,ziyadnz/hourly-ipv4,ziyadnz|hourly,2026-08-17T18:48:05Z,2026-08-17T18:48:05Z,
34.139.78.14,ipv4,malicious-ip,medium,WHITE,ziyadnz/hourly-ipv4,ziyadnz|hourly,2026-08-17T18:48:05Z,2026-08-17T18:48:05Z,
34.139.78.85,ipv4,malicious-ip,medium,WHITE,ziyadnz/hourly-ipv4,ziyadnz|hourly,2026-08-17T18:48:05Z,2026-08-17T18:48:05Z,
34.139.99.172,ipv4,malicious-ip,medium,WHITE,ziyadnz/hourly-ipv4,ziyadnz|hourly,2026-08-17T18:48:05Z,2026-08-17T18:48:05Z,
34.14.107.181,ipv4,malicious-ip,medium,WHITE,ziyadnz/hourly-ipv4,ziyadnz|hourly,2026-08-17T18:48:05Z,2026-08-17T18:48:05Z,
34.14.11.151,ipv4,malicious-ip,medium,WHITE,ziyadnz/hourly-ipv4,ziyadnz|hourly,2026-08-17T18:48:05Z,2026-08-17T18:48:05Z,
34.14.113.7,ipv4,malicious-ip,medium,WHITE,ziyadnz/hourly-ipv4,ziyadnz|hourly,2026-08-17T18:48:05Z,2026-08-17T18:48:05Z,
34.14.12.156,ipv4,malicious-ip,medium,WHITE,ziyadnz/hourly-ipv4,ziyadnz|hourly,2026-08-17T18:48:05Z,2026-08-17T18:48:05Z,
34.14.120.226,ipv4,malicious-ip,medium,WHITE,ziyadnz/hourly-ipv4,ziyadnz|hourly,2026-08-17T18:48:05Z,2026-08-17T18:48:05Z,
34.14.125.139,ipv4,malicious-ip,medium,WHITE,ziyadnz/hourly-ipv4,ziyadnz|hourly,2026-08-17T18:48:05Z,2026-08-17T18:48:05Z,
34.14.127.248,ipv4,malicious-ip,medium,WHITE,ziyadnz/hourly-ipv4,ziyadnz|hourly,2026-08-17T18:48:05Z,2026-08-17T18:48:05Z,
34.14.16.35,ipv4,malicious-ip,medium,WHITE,ziyadnz/hourly-ipv4,ziyadnz|hourly,2026-08-17T18:48:05Z,2026-08-17T18:48:05Z,
34.14.171.247,ipv4,malicious-ip,medium,WHITE,ziyadnz/hourly-ipv4,ziyadnz|hourly,2026-08-17T18:48:05Z,2026-08-17T18:48:05Z,
34.14.2.246,ipv4,malicious-ip,medium,WHITE,ziyadnz/hourly-ipv4,ziyadnz|hourly,2026-08-17T18:48:05Z,2026-08-17T18:48:05Z,
34.14.20.98,ipv4,malicious-ip,medium,WHITE,ziyadnz/hourly-ipv4,ziyadnz|hourly,2026-08-17T18:48:05Z,2026-08-17T18:48:05Z,
34.14.214.227,ipv4,malicious-ip,medium,WHITE,ziyadnz/hourly-ipv4,ziyadnz|hourly,2026-08-17T18:48:05Z,2026-08-17T18:48:05Z,
34.14.25.23,ipv4,malicious-ip,medium,WHITE,ziyadnz/hourly-ipv4,ziyadnz|hourly,2026-08-17T18:48:05Z,2026-08-17T18:48:05Z,
34.14.26.124,ipv4,malicious-ip,medium,WHITE,ziyadnz/hourly-ipv4,ziyadnz|hourly,2026-08-17T18:48:05Z,2026-08-17T18:48:05Z,
34.14.27.106,ipv4,malicious-ip,medium,WHITE,ziyadnz/hourly-ipv4,ziyadnz|hourly,2026-08-17T18:48:05Z,2026-08-17T18:48:05Z,
34.14.4.153,ipv4,malicious-ip,medium,WHITE,ziyadnz/hourly-ipv4,ziyadnz|hourly,2026-08-17T18:48:05Z,2026-08-17T18:48:05Z,
34.14.4.252,ipv4,malicious-ip,medium,WHITE,ziyadnz/hourly-ipv4,ziyadnz|hourly,2026-08-17T18:48:05Z,2026-08-17T18:48:05Z,
34.14.57.67,ipv4,malicious-ip,medium,WHITE,ziyadnz/hourly-ipv4,ziyadnz|hourly,2026-08-17T18:48:05Z,2026-08-17T18:48:05Z,
34.14.75.153,ipv4,malicious-ip,medium,WHITE,ziyadnz/hourly-ipv4,ziyadnz|hourly,2026-08-17T18:48:05Z,2026-08-17T18:48:05Z,
34.14.77.4,ipv4,malicious-ip,medium,WHITE,ziyadnz/hourly-ipv4,ziyadnz|hourly,2026-08-17T18:48:05Z,2026-08-17T18:48:05Z,
34.14.94.18,ipv4,malicious-ip,medium,WHITE,ziyadnz/hourly-ipv4,ziyadnz|hourly,2026-08-17T18:48:05Z,2026-08-17T18:48:05Z,
34.14.95.194,ipv4,malicious-ip,medium,WHITE,ziyadnz/hourly-ipv4,ziyadnz|hourly,2026-08-17T18:48:05Z,2026-08-17T18:48:05Z,
34.14.96.38,ipv4,malicious-ip,medium,WHITE,ziyadnz/hourly-ipv4,ziyadnz|hourly,2026-08-17T18:48:05Z,2026-08-17T18:48:05Z,
34.140.110.179,ipv4,malicious-ip,medium,WHITE,ziyadnz/hourly-ipv4,ziyadnz|hourly,2026-08-17T18:48:05Z,2026-08-17T18:48:05Z,
34.140.112.104,ipv4,malicious-ip,medium,WHITE,ziyadnz/hourly-ipv4,ziyadnz|hourly,2026-08-17T18:48:05Z,2026-08-17T18:48:05Z,
34.140.112.95,ipv4,malicious-ip,medium,WHITE,ziyadnz/hourly-ipv4,ziyadnz|hourly,2026-08-17T18:48:05Z,2026-08-17T18:48:05Z,
34.140.118.79,ipv4,malicious-ip,medium,WHITE,ziyadnz/hourly-ipv4,ziyadnz|hourly,2026-08-17T18:48:05Z,2026-08-17T18:48:05Z,
34.140.123.172,ipv4,malicious-ip,medium,WHITE,ziyadnz/hourly-ipv4,ziyadnz|hourly,2026-08-17T18:48:05Z,2026-08-17T18:48:05Z,
34.140.139.154,ipv4,malicious-ip,medium,WHITE,ziyadnz/hourly-ipv4,ziyadnz|hourly,2026-08-17T18:48:05Z,2026-08-17T18:48:05Z,
34.140.143.231,ipv4,malicious-ip,medium,WHITE,ziyadnz/hourly-ipv4,ziyadnz|hourly,2026-08-17T18:48:05Z,2026-08-17T18:48:05Z,
34.140.15.108,ipv4,malicious-ip,medium,WHITE,ziyadnz/hourly-ipv4,ziyadnz|hourly,2026-08-17T18:48:05Z,2026-08-17T18:48:05Z,
34.140.179.214,ipv4,malicious-ip,medium,WHITE,ziyadnz/hourly-ipv4,ziyadnz|hourly,2026-08-17T18:48:05Z,2026-08-17T18:48:05Z,
34.140.18.26,ipv4,malicious-ip,medium,WHITE,ziyadnz/hourly-ipv4,ziyadnz|hourly,2026-08-17T18:48:05Z,2026-08-17T18:48:05Z,
34.140.190.102,ipv4,malicious-ip,medium,WHITE,ziyadnz/hourly-ipv4,ziyadnz|hourly,2026-08-17T18:48:05Z,2026-08-17T18:48:05Z,
34.140.203.94,ipv4,malicious-ip,medium,WHITE,ziyadnz/hourly-ipv4,ziyadnz|hourly,2026-08-17T18:48:05Z,2026-08-17T18:48:05Z,
34.140.204.249,ipv4,malicious-ip,medium,WHITE,ziyadnz/hourly-ipv4,ziyadnz|hourly,2026-08-17T18:48:05Z,2026-08-17T18:48:05Z,
34.140.220.26,ipv4,malicious-ip,medium,WHITE,ziyadnz/hourly-ipv4,ziyadnz|hourly,2026-08-17T18:48:05Z,2026-08-17T18:48:05Z,
34.140.228.27,ipv4,malicious-ip,medium,WHITE,ziyadnz/hourly-ipv4,ziyadnz|hourly,2026-08-17T18:48:05Z,2026-08-17T18:48:05Z,
34.140.232.27,ipv4,malicious-ip,medium,WHITE,ziyadnz/hourly-ipv4,ziyadnz|hourly,2026-08-17T18:48:05Z,2026-08-17T18:48:05Z,
34.140.245.211,ipv4,malicious-ip,medium,WHITE,ziyadnz/hourly-ipv4,ziyadnz|hourly,2026-08-17T18:48:05Z,2026-08-17T18:48:05Z,
34.140.251.242,ipv4,malicious-ip,medium,WHITE,ziyadnz/hourly-ipv4,ziyadnz|hourly,2026-08-17T18:48:05Z,2026-08-17T18:48:05Z,
34.140.252.159,ipv4,malicious-ip,medium,WHITE,ziyadnz/hourly-ipv4,ziyadnz|hourly,2026-08-17T18:48:05Z,2026-08-17T18:48:05Z,
34.140.26.82,ipv4,malicious-ip,medium,WHITE,ziyadnz/hourly-ipv4,ziyadnz|hourly,2026-08-17T18:48:05Z,2026-08-17T18:48:05Z,
34.140.33.66,ipv4,malicious-ip,medium,WHITE,ziyadnz/hourly-ipv4,ziyadnz|hourly,2026-08-17T18:48:05Z,2026-08-17T18:48:05Z,
34.140.46.84,ipv4,malicious-ip,medium,WHITE,ziyadnz/hourly-ipv4,ziyadnz|hourly,2026-08-17T18:48:05Z,2026-08-17T18:48:05Z,
34.140.48.247,ipv4,malicious-ip,medium,WHITE,ziyadnz/hourly-ipv4,ziyadnz|hourly,2026-08-17T18:48:05Z,2026-08-17T18:48:05Z,
34.140.5.29,ipv4,malicious-ip,medium,WHITE,ziyadnz/hourly-ipv4,ziyadnz|hourly,2026-08-17T18:48:05Z,2026-08-17T18:48:05Z,
34.140.52.237,ipv4,malicious-ip,medium,WHITE,ziyadnz/hourly-ipv4,ziyadnz|hourly,2026-08-17T18:48:05Z,2026-08-17T18:48:05Z,
34.140.61.109,ipv4,malicious-ip,medium,WHITE,ziyadnz/hourly-ipv4,ziyadnz|hourly,2026-08-17T18:48:05Z,2026-08-17T18:48:05Z,
34.140.61.9,ipv4,malicious-ip,medium,WHITE,ziyadnz/hourly-ipv4,ziyadnz|hourly,2026-08-17T18:48:05Z,2026-08-17T18:48:05Z,
34.140.69.206,ipv4,malicious-ip,medium,WHITE,ziyadnz/hourly-ipv4,ziyadnz|hourly,2026-08-17T18:48:05Z,2026-08-17T18:48:05Z,
34.140.71.27,ipv4,malicious-ip,medium,WHITE,ziyadnz/hourly-ipv4,ziyadnz|hourly,2026-08-17T18:48:05Z,2026-08-17T18:48:05Z,
34.140.8.35,ipv4,malicious-ip,medium,WHITE,ziyadnz/hourly-ipv4,ziyadnz|hourly,2026-08-17T18:48:05Z,2026-08-17T18:48:05Z,
34.140.84.138,ipv4,malicious-ip,medium,WHITE,ziyadnz/hourly-ipv4,ziyadnz|hourly,2026-08-17T18:48:05Z,2026-08-17T18:48:05Z,
34.140.93.214,ipv4,malicious-ip,medium,WHITE,ziyadnz/hourly-ipv4,ziyadnz|hourly,2026-08-17T18:48:05Z,2026-08-17T18:48:05Z,
34.141.130.179,ipv4,malicious-ip,medium,WHITE,ziyadnz/hourly-ipv4,ziyadnz|hourly,2026-08-17T18:48:05Z,2026-08-17T18:48:05Z,
34.141.159.113,ipv4,malicious-ip,medium,WHITE,ziyadnz/hourly-ipv4,ziyadnz|hourly,2026-08-17T18:48:05Z,2026-08-17T18:48:05Z,
34.141.230.154,ipv4,malicious-ip,medium,WHITE,ziyadnz/hourly-ipv4,ziyadnz|hourly,2026-08-17T18:48:05Z,2026-08-17T18:48:05Z,
34.141.250.7,ipv4,malicious-ip,medium,WHITE,ziyadnz/hourly-ipv4,ziyadnz|hourly,2026-08-17T18:48:05Z,2026-08-17T18:48:05Z,
34.141.78.164,ipv4,malicious-ip,medium,WHITE,ziyadnz/hourly-ipv4,ziyadnz|hourly,2026-08-17T18:48:05Z,2026-08-17T18:48:05Z,
34.142.135.108,ipv4,malicious-ip,medium,WHITE,ziyadnz/hourly-ipv4,ziyadnz|hourly,2026-08-17T18:48:05Z,2026-08-17T18:48:05Z,
34.142.182.6,ipv4,malicious-ip,medium,WHITE,ziyadnz/hourly-ipv4,ziyadnz|hourly,2026-08-17T18:48:05Z,2026-08-17T18:48:05Z,
34.142.202.54,ipv4,malicious-ip,medium,WHITE,ziyadnz/hourly-ipv4,ziyadnz|hourly,2026-08-17T18:48:05Z,2026-08-17T18:48:05Z,
34.142.231.209,ipv4,malicious-ip,medium,WHITE,ziyadnz/hourly-ipv4,ziyadnz|hourly,2026-08-17T18:48:05Z,2026-08-17T18:48:05Z,
34.143.51.195,ipv4,malicious-ip,medium,WHITE,ziyadnz/hourly-ipv4,ziyadnz|hourly,2026-08-17T18:48:05Z,2026-08-17T18:48:05Z,
34.145.105.100,ipv4,malicious-ip,medium,WHITE,ziyadnz/hourly-ipv4,ziyadnz|hourly,2026-08-17T18:48:05Z,2026-08-17T18:48:05Z,
34.145.118.179,ipv4,malicious-ip,medium,WHITE,ziyadnz/hourly-ipv4,ziyadnz|hourly,2026-08-17T18:48:05Z,2026-08-17T18:48:05Z,
34.145.14.235,ipv4,malicious-ip,medium,WHITE,ziyadnz/hourly-ipv4,ziyadnz|hourly,2026-08-17T18:48:05Z,2026-08-17T18:48:05Z,
34.145.152.108,ipv4,malicious-ip,medium,WHITE,ziyadnz/hourly-ipv4,ziyadnz|hourly,2026-08-17T18:48:05Z,2026-08-17T18:48:05Z,
34.145.164.124,ipv4,malicious-ip,medium,WHITE,ziyadnz/hourly-ipv4,ziyadnz|hourly,2026-08-17T18:48:05Z,2026-08-17T18:48:05Z,
34.145.186.94,ipv4,malicious-ip,medium,WHITE,ziyadnz/hourly-ipv4,ziyadnz|hourly,2026-08-17T18:48:05Z,2026-08-17T18:48:05Z,
34.145.199.133,ipv4,malicious-ip,medium,WHITE,ziyadnz/hourly-ipv4,ziyadnz|hourly,2026-08-17T18:48:05Z,2026-08-17T18:48:05Z,
34.145.210.6,ipv4,malicious-ip,medium,WHITE,ziyadnz/hourly-ipv4,ziyadnz|hourly,2026-08-17T18:48:05Z,2026-08-17T18:48:05Z,
34.145.223.142,ipv4,malicious-ip,medium,WHITE,ziyadnz/hourly-ipv4,ziyadnz|hourly,2026-08-17T18:48:05Z,2026-08-17T18:48:05Z,
34.145.225.156,ipv4,malicious-ip,medium,WHITE,ziyadnz/hourly-ipv4,ziyadnz|hourly,2026-08-17T18:48:05Z,2026-08-17T18:48:05Z,
34.145.58.185,ipv4,malicious-ip,medium,WHITE,ziyadnz/hourly-ipv4,ziyadnz|hourly,2026-08-17T18:48:05Z,2026-08-17T18:48:05Z,
34.145.67.11,ipv4,malicious-ip,medium,WHITE,ziyadnz/hourly-ipv4,ziyadnz|hourly,2026-08-17T18:48:05Z,2026-08-17T18:48:05Z,
34.145.79.39,ipv4,malicious-ip,medium,WHITE,ziyadnz/hourly-ipv4,ziyadnz|hourly,2026-08-17T18:48:05Z,2026-08-17T18:48:05Z,
34.145.9.43,ipv4,malicious-ip,medium,WHITE,ziyadnz/hourly-ipv4,ziyadnz|hourly,2026-08-17T18:48:05Z,2026-08-17T18:48:05Z,
34.146.79.239,ipv4,malicious-ip,medium,WHITE,ziyadnz/hourly-ipv4,ziyadnz|hourly,2026-08-17T18:48:05Z,2026-08-17T18:48:05Z,
34.147.126.192,ipv4,malicious-ip,medium,WHITE,ziyadnz/hourly-ipv4,ziyadnz|hourly,2026-08-17T18:48:05Z,2026-08-17T18:48:05Z,
34.147.212.89,ipv4,malicious-ip,medium,WHITE,ziyadnz/hourly-ipv4,ziyadnz|hourly,2026-08-17T18:48:05Z,2026-08-17T18:48:05Z,
34.147.71.207,ipv4,malicious-ip,medium,WHITE,ziyadnz/hourly-ipv4,ziyadnz|hourly,2026-08-17T18:48:05Z,2026-08-17T18:48:05Z,
34.147.77.185,ipv4,malicious-ip,medium,WHITE,ziyadnz/hourly-ipv4,ziyadnz|hourly,2026-08-17T18:48:05Z,2026-08-17T18:48:05Z,
34.147.88.45,ipv4,malicious-ip,medium,WHITE,ziyadnz/hourly-ipv4,ziyadnz|hourly,2026-08-17T18:48:05Z,2026-08-17T18:48:05Z,
34.147.93.247,ipv4,malicious-ip,medium,WHITE,ziyadnz/hourly-ipv4,ziyadnz|hourly,2026-08-17T18:48:05Z,2026-08-17T18:48:05Z,
34.148.105.57,ipv4,malicious-ip,medium,WHITE,ziyadnz/hourly-ipv4,ziyadnz|hourly,2026-08-17T18:48:05Z,2026-08-17T18:48:05Z,
34.148.107.195,ipv4,malicious-ip,medium,WHITE,ziyadnz/hourly-ipv4,ziyadnz|hourly,2026-08-17T18:48:05Z,2026-08-17T18:48:05Z,
34.148.117.182,ipv4,malicious-ip,medium,WHITE,ziyadnz/hourly-ipv4,ziyadnz|hourly,2026-08-17T18:48:05Z,2026-08-17T18:48:05Z,
34.148.120.226,ipv4,malicious-ip,medium,WHITE,ziyadnz/hourly-ipv4,ziyadnz|hourly,2026-08-17T18:48:05Z,2026-08-17T18:48:05Z,
34.148.13.113,ipv4,malicious-ip,medium,WHITE,ziyadnz/hourly-ipv4,ziyadnz|hourly,2026-08-17T18:48:05Z,2026-08-17T18:48:05Z,
34.148.134.25,ipv4,malicious-ip,medium,WHITE,ziyadnz/hourly-ipv4,ziyadnz|hourly,2026-08-17T18:48:05Z,2026-08-17T18:48:05Z,
34.148.138.229,ipv4,malicious-ip,medium,WHITE,ziyadnz/hourly-ipv4,ziyadnz|hourly,2026-08-17T18:48:05Z,2026-08-17T18:48:05Z,
34.148.140.254,ipv4,malicious-ip,medium,WHITE,ziyadnz/hourly-ipv4,ziyadnz|hourly,2026-08-17T18:48:05Z,2026-08-17T18:48:05Z,
34.148.153.89,ipv4,malicious-ip,medium,WHITE,ziyadnz/hourly-ipv4,ziyadnz|hourly,2026-08-17T18:48:05Z,2026-08-17T18:48:05Z,
34.148.173.27,ipv4,malicious-ip,medium,WHITE,ziyadnz/hourly-ipv4,ziyadnz|hourly,2026-08-17T18:48:05Z,2026-08-17T18:48:05Z,
34.148.177.62,ipv4,malicious-ip,medium,WHITE,ziyadnz/hourly-ipv4,ziyadnz|hourly,2026-08-17T18:48:05Z,2026-08-17T18:48:05Z,
34.148.178.163,ipv4,malicious-ip,medium,WHITE,ziyadnz/hourly-ipv4,ziyadnz|hourly,2026-08-17T18:48:05Z,2026-08-17T18:48:05Z,
34.148.187.43,ipv4,malicious-ip,medium,WHITE,ziyadnz/hourly-ipv4,ziyadnz|hourly,2026-08-17T18:48:05Z,2026-08-17T18:48:05Z,
34.148.198.65,ipv4,malicious-ip,medium,WHITE,ziyadnz/hourly-ipv4,ziyadnz|hourly,2026-08-17T18:48:05Z,2026-08-17T18:48:05Z,
34.148.199.57,ipv4,malicious-ip,medium,WHITE,ziyadnz/hourly-ipv4,ziyadnz|hourly,2026-08-17T18:48:05Z,2026-08-17T18:48:05Z,
34.148.203.95,ipv4,malicious-ip,medium,WHITE,ziyadnz/hourly-ipv4,ziyadnz|hourly,2026-08-17T18:48:05Z,2026-08-17T18:48:05Z,
34.148.204.93,ipv4,malicious-ip,medium,WHITE,ziyadnz/hourly-ipv4,ziyadnz|hourly,2026-08-17T18:48:05Z,2026-08-17T18:48:05Z,
34.148.209.65,ipv4,malicious-ip,medium,WHITE,ziyadnz/hourly-ipv4,ziyadnz|hourly,2026-08-17T18:48:05Z,2026-08-17T18:48:05Z,
34.148.212.197,ipv4,malicious-ip,medium,WHITE,ziyadnz/hourly-ipv4,ziyadnz|hourly,2026-08-17T18:48:05Z,2026-08-17T18:48:05Z,
34.148.224.3,ipv4,malicious-ip,medium,WHITE,ziyadnz/hourly-ipv4,ziyadnz|hourly,2026-08-17T18:48:05Z,2026-08-17T18:48:05Z,
34.148.225.192,ipv4,malicious-ip,medium,WHITE,ziyadnz/hourly-ipv4,ziyadnz|hourly,2026-08-17T18:48:05Z,2026-08-17T18:48:05Z,
34.148.226.192,ipv4,malicious-ip,medium,WHITE,ziyadnz/hourly-ipv4,ziyadnz|hourly,2026-08-17T18:48:05Z,2026-08-17T18:48:05Z,
34.148.26.73,ipv4,malicious-ip,medium,WHITE,ziyadnz/hourly-ipv4,ziyadnz|hourly,2026-08-17T18:48:05Z,2026-08-17T18:48:05Z,
34.148.49.137,ipv4,malicious-ip,medium,WHITE,ziyadnz/hourly-ipv4,ziyadnz|hourly,2026-08-17T18:48:05Z,2026-08-17T18:48:05Z,
34.148.51.111,ipv4,malicious-ip,medium,WHITE,ziyadnz/hourly-ipv4,ziyadnz|hourly,2026-08-17T18:48:05Z,2026-08-17T18:48:05Z,
34.148.66.190,ipv4,malicious-ip,medium,WHITE,ziyadnz/hourly-ipv4,ziyadnz|hourly,2026-08-17T18:48:05Z,2026-08-17T18:48:05Z,
34.148.7.255,ipv4,malicious-ip,medium,WHITE,ziyadnz/hourly-ipv4,ziyadnz|hourly,2026-08-17T18:48:05Z,2026-08-17T18:48:05Z,
34.148.74.227,ipv4,malicious-ip,medium,WHITE,ziyadnz/hourly-ipv4,ziyadnz|hourly,2026-08-17T18:48:05Z,2026-08-17T18:48:05Z,
34.148.8.63,ipv4,malicious-ip,medium,WHITE,ziyadnz/hourly-ipv4,ziyadnz|hourly,2026-08-17T18:48:05Z,2026-08-17T18:48:05Z,
34.150.139.228,ipv4,malicious-ip,medium,WHITE,ziyadnz/hourly-ipv4,ziyadnz|hourly,2026-08-17T18:48:05Z,2026-08-17T18:48:05Z,
34.150.150.241,ipv4,malicious-ip,medium,WHITE,ziyadnz/hourly-ipv4,ziyadnz|hourly,2026-08-17T18:48:05Z,2026-08-17T18:48:05Z,
34.150.169.214,ipv4,malicious-ip,medium,WHITE,ziyadnz/hourly-ipv4,ziyadnz|hourly,2026-08-17T18:48:05Z,2026-08-17T18:48:05Z,
34.150.172.159,ipv4,malicious-ip,medium,WHITE,ziyadnz/hourly-ipv4,ziyadnz|hourly,2026-08-17T18:48:05Z,2026-08-17T18:48:05Z,
34.150.176.115,ipv4,malicious-ip,medium,WHITE,ziyadnz/hourly-ipv4,ziyadnz|hourly,2026-08-17T18:48:05Z,2026-08-17T18:48:05Z,
34.150.183.100,ipv4,malicious-ip,medium,WHITE,ziyadnz/hourly-ipv4,ziyadnz|hourly,2026-08-17T18:48:05Z,2026-08-17T18:48:05Z,
34.150.240.213,ipv4,malicious-ip,medium,WHITE,ziyadnz/hourly-ipv4,ziyadnz|hourly,2026-08-17T18:48:05Z,2026-08-17T18:48:05Z,
34.151.103.225,ipv4,malicious-ip,medium,WHITE,ziyadnz/hourly-ipv4,ziyadnz|hourly,2026-08-17T18:48:05Z,2026-08-17T18:48:05Z,
34.151.155.66,ipv4,malicious-ip,medium,WHITE,ziyadnz/hourly-ipv4,ziyadnz|hourly,2026-08-17T18:48:05Z,2026-08-17T18:48:05Z,
34.153.19.67,ipv4,malicious-ip,medium,WHITE,ziyadnz/hourly-ipv4,ziyadnz|hourly,2026-08-17T18:48:05Z,2026-08-17T18:48:05Z,
34.153.214.66,ipv4,malicious-ip,medium,WHITE,ziyadnz/hourly-ipv4,ziyadnz|hourly,2026-08-17T18:48:05Z,2026-08-17T18:48:05Z,
34.153.215.38,ipv4,malicious-ip,medium,WHITE,ziyadnz/hourly-ipv4,ziyadnz|hourly,2026-08-17T18:48:05Z,2026-08-17T18:48:05Z,
34.155.81.155,ipv4,malicious-ip,medium,WHITE,ziyadnz/hourly-ipv4,ziyadnz|hourly,2026-08-17T18:48:05Z,2026-08-17T18:48:05Z,
34.155.85.143,ipv4,malicious-ip,medium,WHITE,ziyadnz/hourly-ipv4,ziyadnz|hourly,2026-08-17T18:48:05Z,2026-08-17T18:48:05Z,
34.156.0.65,ipv4,malicious-ip,medium,WHITE,ziyadnz/hourly-ipv4,ziyadnz|hourly,2026-08-17T18:48:05Z,2026-08-17T18:48:05Z,
34.156.101.139,ipv4,malicious-ip,medium,WHITE,ziyadnz/hourly-ipv4,ziyadnz|hourly,2026-08-17T18:48:05Z,2026-08-17T18:48:05Z,
34.156.106.155,ipv4,malicious-ip,medium,WHITE,ziyadnz/hourly-ipv4,ziyadnz|hourly,2026-08-17T18:48:05Z,2026-08-17T18:48:05Z,
34.156.120.189,ipv4,malicious-ip,medium,WHITE,ziyadnz/hourly-ipv4,ziyadnz|hourly,2026-08-17T18:48:05Z,2026-08-17T18:48:05Z,
34.156.121.149,ipv4,malicious-ip,medium,WHITE,ziyadnz/hourly-ipv4,ziyadnz|hourly,2026-08-17T18:48:05Z,2026-08-17T18:48:05Z,
34.156.122.37,ipv4,malicious-ip,medium,WHITE,ziyadnz/hourly-ipv4,ziyadnz|hourly,2026-08-17T18:48:05Z,2026-08-17T18:48:05Z,
34.156.126.195,ipv4,malicious-ip,medium,WHITE,ziyadnz/hourly-ipv4,ziyadnz|hourly,2026-08-17T18:48:05Z,2026-08-17T18:48:05Z,
34.156.126.32,ipv4,malicious-ip,medium,WHITE,ziyadnz/hourly-ipv4,ziyadnz|hourly,2026-08-17T18:48:05Z,2026-08-17T18:48:05Z,
34.156.129.190,ipv4,malicious-ip,medium,WHITE,ziyadnz/hourly-ipv4,ziyadnz|hourly,2026-08-17T18:48:05Z,2026-08-17T18:48:05Z,
34.156.13.220,ipv4,malicious-ip,medium,WHITE,ziyadnz/hourly-ipv4,ziyadnz|hourly,2026-08-17T18:48:05Z,2026-08-17T18:48:05Z,
34.156.132.111,ipv4,malicious-ip,medium,WHITE,ziyadnz/hourly-ipv4,ziyadnz|hourly,2026-08-17T18:48:05Z,2026-08-17T18:48:05Z,
34.156.133.176,ipv4,malicious-ip,medium,WHITE,ziyadnz/hourly-ipv4,ziyadnz|hourly,2026-08-17T18:48:05Z,2026-08-17T18:48:05Z,
34.156.137.33,ipv4,malicious-ip,medium,WHITE,ziyadnz/hourly-ipv4,ziyadnz|hourly,2026-08-17T18:48:05Z,2026-08-17T18:48:05Z,
34.156.144.87,ipv4,malicious-ip,medium,WHITE,ziyadnz/hourly-ipv4,ziyadnz|hourly,2026-08-17T18:48:05Z,2026-08-17T18:48:05Z,
34.156.145.170,ipv4,malicious-ip,medium,WHITE,ziyadnz/hourly-ipv4,ziyadnz|hourly,2026-08-17T18:48:05Z,2026-08-17T18:48:05Z,
34.156.146.250,ipv4,malicious-ip,medium,WHITE,ziyadnz/hourly-ipv4,ziyadnz|hourly,2026-08-17T18:48:05Z,2026-08-17T18:48:05Z,
34.156.147.146,ipv4,malicious-ip,medium,WHITE,ziyadnz/hourly-ipv4,ziyadnz|hourly,2026-08-17T18:48:05Z,2026-08-17T18:48:05Z,
34.156.149.204,ipv4,malicious-ip,medium,WHITE,ziyadnz/hourly-ipv4,ziyadnz|hourly,2026-08-17T18:48:05Z,2026-08-17T18:48:05Z,
34.156.150.114,ipv4,malicious-ip,medium,WHITE,ziyadnz/hourly-ipv4,ziyadnz|hourly,2026-08-17T18:48:05Z,2026-08-17T18:48:05Z,
34.156.155.117,ipv4,malicious-ip,medium,WHITE,ziyadnz/hourly-ipv4,ziyadnz|hourly,2026-08-17T18:48:05Z,2026-08-17T18:48:05Z,
34.156.155.96,ipv4,malicious-ip,medium,WHITE,ziyadnz/hourly-ipv4,ziyadnz|hourly,2026-08-17T18:48:05Z,2026-08-17T18:48:05Z,
34.156.156.224,ipv4,malicious-ip,medium,WHITE,ziyadnz/hourly-ipv4,ziyadnz|hourly,2026-08-17T18:48:05Z,2026-08-17T18:48:05Z,
34.156.158.202,ipv4,malicious-ip,medium,WHITE,ziyadnz/hourly-ipv4,ziyadnz|hourly,2026-08-17T18:48:05Z,2026-08-17T18:48:05Z,
34.156.164.208,ipv4,malicious-ip,medium,WHITE,ziyadnz/hourly-ipv4,ziyadnz|hourly,2026-08-17T18:48:05Z,2026-08-17T18:48:05Z,
34.156.164.254,ipv4,malicious-ip,medium,WHITE,ziyadnz/hourly-ipv4,ziyadnz|hourly,2026-08-17T18:48:05Z,2026-08-17T18:48:05Z,
34.156.165.97,ipv4,malicious-ip,medium,WHITE,ziyadnz/hourly-ipv4,ziyadnz|hourly,2026-08-17T18:48:05Z,2026-08-17T18:48:05Z,
34.156.171.62,ipv4,malicious-ip,medium,WHITE,ziyadnz/hourly-ipv4,ziyadnz|hourly,2026-08-17T18:48:05Z,2026-08-17T18:48:05Z,
34.156.18.48,ipv4,malicious-ip,medium,WHITE,ziyadnz/hourly-ipv4,ziyadnz|hourly,2026-08-17T18:48:05Z,2026-08-17T18:48:05Z,
34.156.183.146,ipv4,malicious-ip,medium,WHITE,ziyadnz/hourly-ipv4,ziyadnz|hourly,2026-08-17T18:48:05Z,2026-08-17T18:48:05Z,
34.156.184.96,ipv4,malicious-ip,medium,WHITE,ziyadnz/hourly-ipv4,ziyadnz|hourly,2026-08-17T18:48:05Z,2026-08-17T18:48:05Z,
34.156.187.171,ipv4,malicious-ip,medium,WHITE,ziyadnz/hourly-ipv4,ziyadnz|hourly,2026-08-17T18:48:05Z,2026-08-17T18:48:05Z,
34.156.188.131,ipv4,malicious-ip,medium,WHITE,ziyadnz/hourly-ipv4,ziyadnz|hourly,2026-08-17T18:48:05Z,2026-08-17T18:48:05Z,
34.156.188.139,ipv4,malicious-ip,medium,WHITE,ziyadnz/hourly-ipv4,ziyadnz|hourly,2026-08-17T18:48:05Z,2026-08-17T18:48:05Z,
34.156.192.235,ipv4,malicious-ip,medium,WHITE,ziyadnz/hourly-ipv4,ziyadnz|hourly,2026-08-17T18:48:05Z,2026-08-17T18:48:05Z,
34.156.198.179,ipv4,malicious-ip,medium,WHITE,ziyadnz/hourly-ipv4,ziyadnz|hourly,2026-08-17T18:48:05Z,2026-08-17T18:48:05Z,
34.156.2.60,ipv4,malicious-ip,medium,WHITE,ziyadnz/hourly-ipv4,ziyadnz|hourly,2026-08-17T18:48:05Z,2026-08-17T18:48:05Z,
34.156.20.199,ipv4,malicious-ip,medium,WHITE,ziyadnz/hourly-ipv4,ziyadnz|hourly,2026-08-17T18:48:05Z,2026-08-17T18:48:05Z,
34.156.201.90,ipv4,malicious-ip,medium,WHITE,ziyadnz/hourly-ipv4,ziyadnz|hourly,2026-08-17T18:48:05Z,2026-08-17T18:48:05Z,
34.156.203.223,ipv4,malicious-ip,medium,WHITE,ziyadnz/hourly-ipv4,ziyadnz|hourly,2026-08-17T18:48:05Z,2026-08-17T18:48:05Z,
34.156.205.114,ipv4,malicious-ip,medium,WHITE,ziyadnz/hourly-ipv4,ziyadnz|hourly,2026-08-17T18:48:05Z,2026-08-17T18:48:05Z,
34.156.205.136,ipv4,malicious-ip,medium,WHITE,ziyadnz/hourly-ipv4,ziyadnz|hourly,2026-08-17T18:48:05Z,2026-08-17T18:48:05Z,
34.156.207.129,ipv4,malicious-ip,medium,WHITE,ziyadnz/hourly-ipv4,ziyadnz|hourly,2026-08-17T18:48:05Z,2026-08-17T18:48:05Z,
34.156.21.216,ipv4,malicious-ip,medium,WHITE,ziyadnz/hourly-ipv4,ziyadnz|hourly,2026-08-17T18:48:05Z,2026-08-17T18:48:05Z,
34.156.213.214,ipv4,malicious-ip,medium,WHITE,ziyadnz/hourly-ipv4,ziyadnz|hourly,2026-08-17T18:48:05Z,2026-08-17T18:48:05Z,
34.156.214.161,ipv4,malicious-ip,medium,WHITE,ziyadnz/hourly-ipv4,ziyadnz|hourly,2026-08-17T18:48:05Z,2026-08-17T18:48:05Z,
34.156.215.14,ipv4,malicious-ip,medium,WHITE,ziyadnz/hourly-ipv4,ziyadnz|hourly,2026-08-17T18:48:05Z,2026-08-17T18:48:05Z,
34.156.227.159,ipv4,malicious-ip,medium,WHITE,ziyadnz/hourly-ipv4,ziyadnz|hourly,2026-08-17T18:48:05Z,2026-08-17T18:48:05Z,
34.156.227.98,ipv4,malicious-ip,medium,WHITE,ziyadnz/hourly-ipv4,ziyadnz|hourly,2026-08-17T18:48:05Z,2026-08-17T18:48:05Z,
34.156.231.27,ipv4,malicious-ip,medium,WHITE,ziyadnz/hourly-ipv4,ziyadnz|hourly,2026-08-17T18:48:05Z,2026-08-17T18:48:05Z,
34.156.235.76,ipv4,malicious-ip,medium,WHITE,ziyadnz/hourly-ipv4,ziyadnz|hourly,2026-08-17T18:48:05Z,2026-08-17T18:48:05Z,
34.156.33.112,ipv4,malicious-ip,medium,WHITE,ziyadnz/hourly-ipv4,ziyadnz|hourly,2026-08-17T18:48:05Z,2026-08-17T18:48:05Z,
34.156.33.202,ipv4,malicious-ip,medium,WHITE,ziyadnz/hourly-ipv4,ziyadnz|hourly,2026-08-17T18:48:05Z,2026-08-17T18:48:05Z,
34.156.34.252,ipv4,malicious-ip,medium,WHITE,ziyadnz/hourly-ipv4,ziyadnz|hourly,2026-08-17T18:48:05Z,2026-08-17T18:48:05Z,
34.156.36.208,ipv4,malicious-ip,medium,WHITE,ziyadnz/hourly-ipv4,ziyadnz|hourly,2026-08-17T18:48:05Z,2026-08-17T18:48:05Z,
34.156.38.33,ipv4,malicious-ip,medium,WHITE,ziyadnz/hourly-ipv4,ziyadnz|hourly,2026-08-17T18:48:05Z,2026-08-17T18:48:05Z,
34.156.40.11,ipv4,malicious-ip,medium,WHITE,ziyadnz/hourly-ipv4,ziyadnz|hourly,2026-08-17T18:48:05Z,2026-08-17T18:48:05Z,
34.156.40.32,ipv4,malicious-ip,medium,WHITE,ziyadnz/hourly-ipv4,ziyadnz|hourly,2026-08-17T18:48:05Z,2026-08-17T18:48:05Z,
34.156.45.37,ipv4,malicious-ip,medium,WHITE,ziyadnz/hourly-ipv4,ziyadnz|hourly,2026-08-17T18:48:05Z,2026-08-17T18:48:05Z,
34.156.47.249,ipv4,malicious-ip,medium,WHITE,ziyadnz/hourly-ipv4,ziyadnz|hourly,2026-08-17T18:48:05Z,2026-08-17T18:48:05Z,
34.156.50.201,ipv4,malicious-ip,medium,WHITE,ziyadnz/hourly-ipv4,ziyadnz|hourly,2026-08-17T18:48:05Z,2026-08-17T18:48:05Z,
34.156.58.79,ipv4,malicious-ip,medium,WHITE,ziyadnz/hourly-ipv4,ziyadnz|hourly,2026-08-17T18:48:05Z,2026-08-17T18:48:05Z,
34.156.59.177,ipv4,malicious-ip,medium,WHITE,ziyadnz/hourly-ipv4,ziyadnz|hourly,2026-08-17T18:48:05Z,2026-08-17T18:48:05Z,
34.156.61.93,ipv4,malicious-ip,medium,WHITE,ziyadnz/hourly-ipv4,ziyadnz|hourly,2026-08-17T18:48:05Z,2026-08-17T18:48:05Z,
34.156.64.137,ipv4,malicious-ip,medium,WHITE,ziyadnz/hourly-ipv4,ziyadnz|hourly,2026-08-17T18:48:05Z,2026-08-17T18:48:05Z,
34.156.64.227,ipv4,malicious-ip,medium,WHITE,ziyadnz/hourly-ipv4,ziyadnz|hourly,2026-08-17T18:48:05Z,2026-08-17T18:48:05Z,
34.156.67.7,ipv4,malicious-ip,medium,WHITE,ziyadnz/hourly-ipv4,ziyadnz|hourly,2026-08-17T18:48:05Z,2026-08-17T18:48:05Z,
34.156.68.0,ipv4,malicious-ip,medium,WHITE,ziyadnz/hourly-ipv4,ziyadnz|hourly,2026-08-17T18:48:05Z,2026-08-17T18:48:05Z,
34.156.70.66,ipv4,malicious-ip,medium,WHITE,ziyadnz/hourly-ipv4,ziyadnz|hourly,2026-08-17T18:48:05Z,2026-08-17T18:48:05Z,
34.156.70.89,ipv4,malicious-ip,medium,WHITE,ziyadnz/hourly-ipv4,ziyadnz|hourly,2026-08-17T18:48:05Z,2026-08-17T18:48:05Z,
34.156.71.79,ipv4,malicious-ip,medium,WHITE,ziyadnz/hourly-ipv4,ziyadnz|hourly,2026-08-17T18:48:05Z,2026-08-17T18:48:05Z,
34.156.72.132,ipv4,malicious-ip,medium,WHITE,ziyadnz/hourly-ipv4,ziyadnz|hourly,2026-08-17T18:48:05Z,2026-08-17T18:48:05Z,
34.156.87.81,ipv4,malicious-ip,medium,WHITE,ziyadnz/hourly-ipv4,ziyadnz|hourly,2026-08-17T18:48:05Z,2026-08-17T18:48:05Z,
34.156.93.127,ipv4,malicious-ip,medium,WHITE,ziyadnz/hourly-ipv4,ziyadnz|hourly,2026-08-17T18:48:05Z,2026-08-17T18:48:05Z,
34.156.96.116,ipv4,malicious-ip,medium,WHITE,ziyadnz/hourly-ipv4,ziyadnz|hourly,2026-08-17T18:48:05Z,2026-08-17T18:48:05Z,
34.156.97.37,ipv4,malicious-ip,medium,WHITE,ziyadnz/hourly-ipv4,ziyadnz|hourly,2026-08-17T18:48:05Z,2026-08-17T18:48:05Z,
34.156.98.72,ipv4,malicious-ip,medium,WHITE,ziyadnz/hourly-ipv4,ziyadnz|hourly,2026-08-17T18:48:05Z,2026-08-17T18:48:05Z,
34.158.118.85,ipv4,malicious-ip,medium,WHITE,ziyadnz/hourly-ipv4,ziyadnz|hourly,2026-08-17T18:48:05Z,2026-08-17T18:48:05Z,
34.158.154.32,ipv4,malicious-ip,medium,WHITE,ziyadnz/hourly-ipv4,ziyadnz|hourly,2026-08-17T18:48:05Z,2026-08-17T18:48:05Z,
34.158.168.254,ipv4,malicious-ip,medium,WHITE,ziyadnz/hourly-ipv4,ziyadnz|hourly,2026-08-17T18:48:05Z,2026-08-17T18:48:05Z,
34.158.182.17,ipv4,malicious-ip,medium,WHITE,ziyadnz/hourly-ipv4,ziyadnz|hourly,2026-08-17T18:48:05Z,2026-08-17T18:48:05Z,
34.158.232.193,ipv4,malicious-ip,medium,WHITE,ziyadnz/hourly-ipv4,ziyadnz|hourly,2026-08-17T18:48:05Z,2026-08-17T18:48:05Z,
34.158.243.92,ipv4,malicious-ip,medium,WHITE,ziyadnz/hourly-ipv4,ziyadnz|hourly,2026-08-17T18:48:05Z,2026-08-17T18:48:05Z,
34.158.36.72,ipv4,malicious-ip,medium,WHITE,ziyadnz/hourly-ipv4,ziyadnz|hourly,2026-08-17T18:48:05Z,2026-08-17T18:48:05Z,
34.158.38.172,ipv4,malicious-ip,medium,WHITE,ziyadnz/hourly-ipv4,ziyadnz|hourly,2026-08-17T18:48:05Z,2026-08-17T18:48:05Z,
34.158.76.16,ipv4,malicious-ip,medium,WHITE,ziyadnz/hourly-ipv4,ziyadnz|hourly,2026-08-17T18:48:05Z,2026-08-17T18:48:05Z,
34.158.92.88,ipv4,malicious-ip,medium,WHITE,ziyadnz/hourly-ipv4,ziyadnz|hourly,2026-08-17T18:48:05Z,2026-08-17T18:48:05Z,
34.159.125.129,ipv4,malicious-ip,medium,WHITE,ziyadnz/hourly-ipv4,ziyadnz|hourly,2026-08-17T18:48:05Z,2026-08-17T18:48:05Z,
34.159.36.200,ipv4,malicious-ip,medium,WHITE,ziyadnz/hourly-ipv4,ziyadnz|hourly,2026-08-17T18:48:05Z,2026-08-17T18:48:05Z,
34.16.100.131,ipv4,malicious-ip,medium,WHITE,ziyadnz/hourly-ipv4,ziyadnz|hourly,2026-08-17T18:48:05Z,2026-08-17T18:48:05Z,
34.16.141.110,ipv4,malicious-ip,medium,WHITE,ziyadnz/hourly-ipv4,ziyadnz|hourly,2026-08-17T18:48:05Z,2026-08-17T18:48:05Z,
34.16.184.1,ipv4,malicious-ip,medium,WHITE,ziyadnz/hourly-ipv4,ziyadnz|hourly,2026-08-17T18:48:05Z,2026-08-17T18:48:05Z,
34.16.195.6,ipv4,malicious-ip,medium,WHITE,ziyadnz/hourly-ipv4,ziyadnz|hourly,2026-08-17T18:48:05Z,2026-08-17T18:48:05Z,
34.16.215.110,ipv4,malicious-ip,medium,WHITE,ziyadnz/hourly-ipv4,ziyadnz|hourly,2026-08-17T18:48:05Z,2026-08-17T18:48:05Z,
34.16.219.48,ipv4,malicious-ip,medium,WHITE,ziyadnz/hourly-ipv4,ziyadnz|hourly,2026-08-17T18:48:05Z,2026-08-17T18:48:05Z,
34.16.223.77,ipv4,malicious-ip,medium,WHITE,ziyadnz/hourly-ipv4,ziyadnz|hourly,2026-08-17T18:48:05Z,2026-08-17T18:48:05Z,
34.16.249.132,ipv4,malicious-ip,medium,WHITE,ziyadnz/hourly-ipv4,ziyadnz|hourly,2026-08-17T18:48:05Z,2026-08-17T18:48:05Z,
34.16.27.32,ipv4,malicious-ip,medium,WHITE,ziyadnz/hourly-ipv4,ziyadnz|hourly,2026-08-17T18:48:05Z,2026-08-17T18:48:05Z,
34.162.100.48,ipv4,malicious-ip,medium,WHITE,ziyadnz/hourly-ipv4,ziyadnz|hourly,2026-08-17T18:48:05Z,2026-08-17T18:48:05Z,
34.163.139.164,ipv4,malicious-ip,medium,WHITE,ziyadnz/hourly-ipv4,ziyadnz|hourly,2026-08-17T18:48:05Z,2026-08-17T18:48:05Z,
34.165.4.34,ipv4,malicious-ip,medium,WHITE,ziyadnz/hourly-ipv4,ziyadnz|hourly,2026-08-17T18:48:05Z,2026-08-17T18:48:05Z,
34.165.89.23,ipv4,malicious-ip,medium,WHITE,ziyadnz/hourly-ipv4,ziyadnz|hourly,2026-08-17T18:48:05Z,2026-08-17T18:48:05Z,
34.166.28.66,ipv4,malicious-ip,medium,WHITE,ziyadnz/hourly-ipv4,ziyadnz|hourly,2026-08-17T18:48:05Z,2026-08-17T18:48:05Z,
34.168.1.175,ipv4,malicious-ip,medium,WHITE,ziyadnz/hourly-ipv4,ziyadnz|hourly,2026-08-17T18:48:05Z,2026-08-17T18:48:05Z,
34.168.100.35,ipv4,malicious-ip,medium,WHITE,ziyadnz/hourly-ipv4,ziyadnz|hourly,2026-08-17T18:48:05Z,2026-08-17T18:48:05Z,
34.168.115.225,ipv4,malicious-ip,medium,WHITE,ziyadnz/hourly-ipv4,ziyadnz|hourly,2026-08-17T18:48:05Z,2026-08-17T18:48:05Z,
34.168.160.193,ipv4,malicious-ip,medium,WHITE,ziyadnz/hourly-ipv4,ziyadnz|hourly,2026-08-17T18:48:05Z,2026-08-17T18:48:05Z,
34.168.190.202,ipv4,malicious-ip,medium,WHITE,ziyadnz/hourly-ipv4,ziyadnz|hourly,2026-08-17T18:48:05Z,2026-08-17T18:48:05Z,
34.168.214.156,ipv4,malicious-ip,medium,WHITE,ziyadnz/hourly-ipv4,ziyadnz|hourly,2026-08-17T18:48:05Z,2026-08-17T18:48:05Z,
34.168.25.177,ipv4,malicious-ip,medium,WHITE,ziyadnz/hourly-ipv4,ziyadnz|hourly,2026-08-17T18:48:05Z,2026-08-17T18:48:05Z,
34.168.58.246,ipv4,malicious-ip,medium,WHITE,ziyadnz/hourly-ipv4,ziyadnz|hourly,2026-08-17T18:48:05Z,2026-08-17T18:48:05Z,
34.169.116.234,ipv4,malicious-ip,medium,WHITE,ziyadnz/hourly-ipv4,ziyadnz|hourly,2026-08-17T18:48:05Z,2026-08-17T18:48:05Z,
34.169.120.36,ipv4,malicious-ip,medium,WHITE,ziyadnz/hourly-ipv4,ziyadnz|hourly,2026-08-17T18:48:05Z,2026-08-17T18:48:05Z,
34.169.173.242,ipv4,malicious-ip,medium,WHITE,ziyadnz/hourly-ipv4,ziyadnz|hourly,2026-08-17T18:48:05Z,2026-08-17T18:48:05Z,
34.169.204.177,ipv4,malicious-ip,medium,WHITE,ziyadnz/hourly-ipv4,ziyadnz|hourly,2026-08-17T18:48:05Z,2026-08-17T18:48:05Z,
34.169.205.61,ipv4,malicious-ip,medium,WHITE,ziyadnz/hourly-ipv4,ziyadnz|hourly,2026-08-17T18:48:05Z,2026-08-17T18:48:05Z,
34.169.226.2,ipv4,malicious-ip,medium,WHITE,ziyadnz/hourly-ipv4,ziyadnz|hourly,2026-08-17T18:48:05Z,2026-08-17T18:48:05Z,
34.169.230.128,ipv4,malicious-ip,medium,WHITE,ziyadnz/hourly-ipv4,ziyadnz|hourly,2026-08-17T18:48:05Z,2026-08-17T18:48:05Z,
34.169.37.159,ipv4,malicious-ip,medium,WHITE,ziyadnz/hourly-ipv4,ziyadnz|hourly,2026-08-17T18:48:05Z,2026-08-17T18:48:05Z,
34.169.50.247,ipv4,malicious-ip,medium,WHITE,ziyadnz/hourly-ipv4,ziyadnz|hourly,2026-08-17T18:48:05Z,2026-08-17T18:48:05Z,
34.17.21.161,ipv4,malicious-ip,medium,WHITE,ziyadnz/hourly-ipv4,ziyadnz|hourly,2026-08-17T18:48:05Z,2026-08-17T18:48:05Z,
34.170.128.224,ipv4,malicious-ip,medium,WHITE,ziyadnz/hourly-ipv4,ziyadnz|hourly,2026-08-17T18:48:05Z,2026-08-17T18:48:05Z,
34.170.143.183,ipv4,malicious-ip,medium,WHITE,ziyadnz/hourly-ipv4,ziyadnz|hourly,2026-08-17T18:48:05Z,2026-08-17T18:48:05Z,
34.170.4.156,ipv4,malicious-ip,medium,WHITE,ziyadnz/hourly-ipv4,ziyadnz|hourly,2026-08-17T18:48:05Z,2026-08-17T18:48:05Z,
34.170.94.251,ipv4,malicious-ip,medium,WHITE,ziyadnz/hourly-ipv4,ziyadnz|hourly,2026-08-17T18:48:05Z,2026-08-17T18:48:05Z,
34.171.103.2,ipv4,malicious-ip,medium,WHITE,ziyadnz/hourly-ipv4,ziyadnz|hourly,2026-08-17T18:48:05Z,2026-08-17T18:48:05Z,
34.171.173.244,ipv4,malicious-ip,medium,WHITE,ziyadnz/hourly-ipv4,ziyadnz|hourly,2026-08-17T18:48:05Z,2026-08-17T18:48:05Z,
34.171.68.95,ipv4,malicious-ip,medium,WHITE,ziyadnz/hourly-ipv4,ziyadnz|hourly,2026-08-17T18:48:05Z,2026-08-17T18:48:05Z,
34.172.20.255,ipv4,malicious-ip,medium,WHITE,ziyadnz/hourly-ipv4,ziyadnz|hourly,2026-08-17T18:48:05Z,2026-08-17T18:48:05Z,
34.172.211.67,ipv4,malicious-ip,medium,WHITE,ziyadnz/hourly-ipv4,ziyadnz|hourly,2026-08-17T18:48:05Z,2026-08-17T18:48:05Z,
34.173.100.146,ipv4,malicious-ip,medium,WHITE,ziyadnz/hourly-ipv4,ziyadnz|hourly,2026-08-17T18:48:05Z,2026-08-17T18:48:05Z,
34.173.121.96,ipv4,malicious-ip,medium,WHITE,ziyadnz/hourly-ipv4,ziyadnz|hourly,2026-08-17T18:48:05Z,2026-08-17T18:48:05Z,
34.173.134.142,ipv4,malicious-ip,medium,WHITE,ziyadnz/hourly-ipv4,ziyadnz|hourly,2026-08-17T18:48:05Z,2026-08-17T18:48:05Z,
34.173.135.211,ipv4,malicious-ip,medium,WHITE,ziyadnz/hourly-ipv4,ziyadnz|hourly,2026-08-17T18:48:05Z,2026-08-17T18:48:05Z,
34.173.188.33,ipv4,malicious-ip,medium,WHITE,ziyadnz/hourly-ipv4,ziyadnz|hourly,2026-08-17T18:48:05Z,2026-08-17T18:48:05Z,
34.173.72.86,ipv4,malicious-ip,medium,WHITE,ziyadnz/hourly-ipv4,ziyadnz|hourly,2026-08-17T18:48:05Z,2026-08-17T18:48:05Z,
34.173.99.57,ipv4,malicious-ip,medium,WHITE,ziyadnz/hourly-ipv4,ziyadnz|hourly,2026-08-17T18:48:05Z,2026-08-17T18:48:05Z,
34.174.107.16,ipv4,malicious-ip,medium,WHITE,ziyadnz/hourly-ipv4,ziyadnz|hourly,2026-08-17T18:48:05Z,2026-08-17T18:48:05Z,
34.174.158.9,ipv4,malicious-ip,medium,WHITE,ziyadnz/hourly-ipv4,ziyadnz|hourly,2026-08-17T18:48:05Z,2026-08-17T18:48:05Z,
34.174.3.226,ipv4,malicious-ip,medium,WHITE,ziyadnz/hourly-ipv4,ziyadnz|hourly,2026-08-17T18:48:05Z,2026-08-17T18:48:05Z,
34.174.38.138,ipv4,malicious-ip,medium,WHITE,ziyadnz/hourly-ipv4,ziyadnz|hourly,2026-08-17T18:48:05Z,2026-08-17T18:48:05Z,
34.174.95.150,ipv4,malicious-ip,medium,WHITE,ziyadnz/hourly-ipv4,ziyadnz|hourly,2026-08-17T18:48:05Z,2026-08-17T18:48:05Z,
34.175.255.55,ipv4,malicious-ip,medium,WHITE,ziyadnz/hourly-ipv4,ziyadnz|hourly,2026-08-17T18:48:05Z,2026-08-17T18:48:05Z,
34.177.104.62,ipv4,malicious-ip,medium,WHITE,ziyadnz/hourly-ipv4,ziyadnz|hourly,2026-08-17T18:48:05Z,2026-08-17T18:48:05Z,
34.177.83.77,ipv4,malicious-ip,medium,WHITE,ziyadnz/hourly-ipv4,ziyadnz|hourly,2026-08-17T18:48:05Z,2026-08-17T18:48:05Z,
34.177.84.49,ipv4,malicious-ip,medium,WHITE,ziyadnz/hourly-ipv4,ziyadnz|hourly,2026-08-17T18:48:05Z,2026-08-17T18:48:05Z,
34.178.160.168,ipv4,malicious-ip,medium,WHITE,ziyadnz/hourly-ipv4,ziyadnz|hourly,2026-08-17T18:48:05Z,2026-08-17T18:48:05Z,
34.178.167.152,ipv4,malicious-ip,medium,WHITE,ziyadnz/hourly-ipv4,ziyadnz|hourly,2026-08-17T18:48:05Z,2026-08-17T18:48:05Z,
34.178.180.66,ipv4,malicious-ip,medium,WHITE,ziyadnz/hourly-ipv4,ziyadnz|hourly,2026-08-17T18:48:05Z,2026-08-17T18:48:05Z,
34.178.182.226,ipv4,malicious-ip,medium,WHITE,ziyadnz/hourly-ipv4,ziyadnz|hourly,2026-08-17T18:48:05Z,2026-08-17T18:48:05Z,
34.178.203.120,ipv4,malicious-ip,medium,WHITE,ziyadnz/hourly-ipv4,ziyadnz|hourly,2026-08-17T18:48:05Z,2026-08-17T18:48:05Z,
34.178.21.247,ipv4,malicious-ip,medium,WHITE,ziyadnz/hourly-ipv4,ziyadnz|hourly,2026-08-17T18:48:05Z,2026-08-17T18:48:05Z,
34.178.214.106,ipv4,malicious-ip,medium,WHITE,ziyadnz/hourly-ipv4,ziyadnz|hourly,2026-08-17T18:48:05Z,2026-08-17T18:48:05Z,
34.178.238.201,ipv4,malicious-ip,medium,WHITE,ziyadnz/hourly-ipv4,ziyadnz|hourly,2026-08-17T18:48:05Z,2026-08-17T18:48:05Z,
34.178.241.121,ipv4,malicious-ip,medium,WHITE,ziyadnz/hourly-ipv4,ziyadnz|hourly,2026-08-17T18:48:05Z,2026-08-17T18:48:05Z,
34.178.242.71,ipv4,malicious-ip,medium,WHITE,ziyadnz/hourly-ipv4,ziyadnz|hourly,2026-08-17T18:48:05Z,2026-08-17T18:48:05Z,
34.178.42.171,ipv4,malicious-ip,medium,WHITE,ziyadnz/hourly-ipv4,ziyadnz|hourly,2026-08-17T18:48:05Z,2026-08-17T18:48:05Z,
34.178.46.9,ipv4,malicious-ip,medium,WHITE,ziyadnz/hourly-ipv4,ziyadnz|hourly,2026-08-17T18:48:05Z,2026-08-17T18:48:05Z,
34.178.47.95,ipv4,malicious-ip,medium,WHITE,ziyadnz/hourly-ipv4,ziyadnz|hourly,2026-08-17T18:48:05Z,2026-08-17T18:48:05Z,
34.178.85.155,ipv4,malicious-ip,medium,WHITE,ziyadnz/hourly-ipv4,ziyadnz|hourly,2026-08-17T18:48:05Z,2026-08-17T18:48:05Z,
34.179.155.212,ipv4,malicious-ip,medium,WHITE,ziyadnz/hourly-ipv4,ziyadnz|hourly,2026-08-17T18:48:05Z,2026-08-17T18:48:05Z,
34.179.165.82,ipv4,malicious-ip,medium,WHITE,ziyadnz/hourly-ipv4,ziyadnz|hourly,2026-08-17T18:48:05Z,2026-08-17T18:48:05Z,
34.179.232.168,ipv4,malicious-ip,medium,WHITE,ziyadnz/hourly-ipv4,ziyadnz|hourly,2026-08-17T18:48:05Z,2026-08-17T18:48:05Z,
34.179.235.102,ipv4,malicious-ip,medium,WHITE,ziyadnz/hourly-ipv4,ziyadnz|hourly,2026-08-17T18:48:05Z,2026-08-17T18:48:05Z,
34.18.141.120,ipv4,malicious-ip,medium,WHITE,ziyadnz/hourly-ipv4,ziyadnz|hourly,2026-08-17T18:48:05Z,2026-08-17T18:48:05Z,
34.18.20.129,ipv4,malicious-ip,medium,WHITE,ziyadnz/hourly-ipv4,ziyadnz|hourly,2026-08-17T18:48:05Z,2026-08-17T18:48:05Z,
34.18.62.244,ipv4,malicious-ip,medium,WHITE,ziyadnz/hourly-ipv4,ziyadnz|hourly,2026-08-17T18:48:05Z,2026-08-17T18:48:05Z,
34.180.75.62,ipv4,malicious-ip,medium,WHITE,ziyadnz/hourly-ipv4,ziyadnz|hourly,2026-08-17T18:48:05Z,2026-08-17T18:48:05Z,
34.180.88.212,ipv4,malicious-ip,medium,WHITE,ziyadnz/hourly-ipv4,ziyadnz|hourly,2026-08-17T18:48:05Z,2026-08-17T18:48:05Z,
34.180.92.161,ipv4,malicious-ip,medium,WHITE,ziyadnz/hourly-ipv4,ziyadnz|hourly,2026-08-17T18:48:05Z,2026-08-17T18:48:05Z,
34.181.132.189,ipv4,malicious-ip,medium,WHITE,ziyadnz/hourly-ipv4,ziyadnz|hourly,2026-08-17T18:48:05Z,2026-08-17T18:48:05Z,
34.181.140.127,ipv4,malicious-ip,medium,WHITE,ziyadnz/hourly-ipv4,ziyadnz|hourly,2026-08-17T18:48:05Z,2026-08-17T18:48:05Z,
34.181.143.205,ipv4,malicious-ip,medium,WHITE,ziyadnz/hourly-ipv4,ziyadnz|hourly,2026-08-17T18:48:05Z,2026-08-17T18:48:05Z,
34.181.146.106,ipv4,malicious-ip,medium,WHITE,ziyadnz/hourly-ipv4,ziyadnz|hourly,2026-08-17T18:48:05Z,2026-08-17T18:48:05Z,
34.181.149.120,ipv4,malicious-ip,medium,WHITE,ziyadnz/hourly-ipv4,ziyadnz|hourly,2026-08-17T18:48:05Z,2026-08-17T18:48:05Z,
34.181.156.75,ipv4,malicious-ip,medium,WHITE,ziyadnz/hourly-ipv4,ziyadnz|hourly,2026-08-17T18:48:05Z,2026-08-17T18:48:05Z,
34.181.157.141,ipv4,malicious-ip,medium,WHITE,ziyadnz/hourly-ipv4,ziyadnz|hourly,2026-08-17T18:48:05Z,2026-08-17T18:48:05Z,
34.181.182.107,ipv4,malicious-ip,medium,WHITE,ziyadnz/hourly-ipv4,ziyadnz|hourly,2026-08-17T18:48:05Z,2026-08-17T18:48:05Z,
34.181.185.114,ipv4,malicious-ip,medium,WHITE,ziyadnz/hourly-ipv4,ziyadnz|hourly,2026-08-17T18:48:05Z,2026-08-17T18:48:05Z,
34.181.191.55,ipv4,malicious-ip,medium,WHITE,ziyadnz/hourly-ipv4,ziyadnz|hourly,2026-08-17T18:48:05Z,2026-08-17T18:48:05Z,
34.181.200.250,ipv4,malicious-ip,medium,WHITE,ziyadnz/hourly-ipv4,ziyadnz|hourly,2026-08-17T18:48:05Z,2026-08-17T18:48:05Z,
34.181.201.117,ipv4,malicious-ip,medium,WHITE,ziyadnz/hourly-ipv4,ziyadnz|hourly,2026-08-17T18:48:05Z,2026-08-17T18:48:05Z,
34.181.204.177,ipv4,malicious-ip,medium,WHITE,ziyadnz/hourly-ipv4,ziyadnz|hourly,2026-08-17T18:48:05Z,2026-08-17T18:48:05Z,
34.181.204.195,ipv4,malicious-ip,medium,WHITE,ziyadnz/hourly-ipv4,ziyadnz|hourly,2026-08-17T18:48:05Z,2026-08-17T18:48:05Z,
34.181.206.217,ipv4,malicious-ip,medium,WHITE,ziyadnz/hourly-ipv4,ziyadnz|hourly,2026-08-17T18:48:05Z,2026-08-17T18:48:05Z,
34.181.210.84,ipv4,malicious-ip,medium,WHITE,ziyadnz/hourly-ipv4,ziyadnz|hourly,2026-08-17T18:48:05Z,2026-08-17T18:48:05Z,
34.181.213.15,ipv4,malicious-ip,medium,WHITE,ziyadnz/hourly-ipv4,ziyadnz|hourly,2026-08-17T18:48:05Z,2026-08-17T18:48:05Z,
34.181.213.60,ipv4,malicious-ip,medium,WHITE,ziyadnz/hourly-ipv4,ziyadnz|hourly,2026-08-17T18:48:05Z,2026-08-17T18:48:05Z,
34.181.217.181,ipv4,malicious-ip,medium,WHITE,ziyadnz/hourly-ipv4,ziyadnz|hourly,2026-08-17T18:48:05Z,2026-08-17T18:48:05Z,
34.181.218.55,ipv4,malicious-ip,medium,WHITE,ziyadnz/hourly-ipv4,ziyadnz|hourly,2026-08-17T18:48:05Z,2026-08-17T18:48:05Z,
34.181.223.110,ipv4,malicious-ip,medium,WHITE,ziyadnz/hourly-ipv4,ziyadnz|hourly,2026-08-17T18:48:05Z,2026-08-17T18:48:05Z,
34.181.232.12,ipv4,malicious-ip,medium,WHITE,ziyadnz/hourly-ipv4,ziyadnz|hourly,2026-08-17T18:48:05Z,2026-08-17T18:48:05Z,
34.181.233.84,ipv4,malicious-ip,medium,WHITE,ziyadnz/hourly-ipv4,ziyadnz|hourly,2026-08-17T18:48:05Z,2026-08-17T18:48:05Z,
34.181.234.210,ipv4,malicious-ip,medium,WHITE,ziyadnz/hourly-ipv4,ziyadnz|hourly,2026-08-17T18:48:05Z,2026-08-17T18:48:05Z,
34.181.234.67,ipv4,malicious-ip,medium,WHITE,ziyadnz/hourly-ipv4,ziyadnz|hourly,2026-08-17T18:48:05Z,2026-08-17T18:48:05Z,
34.181.234.86,ipv4,malicious-ip,medium,WHITE,ziyadnz/hourly-ipv4,ziyadnz|hourly,2026-08-17T18:48:05Z,2026-08-17T18:48:05Z,
34.181.234.93,ipv4,malicious-ip,medium,WHITE,ziyadnz/hourly-ipv4,ziyadnz|hourly,2026-08-17T18:48:05Z,2026-08-17T18:48:05Z,
34.181.242.177,ipv4,malicious-ip,medium,WHITE,ziyadnz/hourly-ipv4,ziyadnz|hourly,2026-08-17T18:48:05Z,2026-08-17T18:48:05Z,
34.181.249.119,ipv4,malicious-ip,medium,WHITE,ziyadnz/hourly-ipv4,ziyadnz|hourly,2026-08-17T18:48:05Z,2026-08-17T18:48:05Z,
34.181.252.68,ipv4,malicious-ip,medium,WHITE,ziyadnz/hourly-ipv4,ziyadnz|hourly,2026-08-17T18:48:05Z,2026-08-17T18:48:05Z,
34.181.254.142,ipv4,malicious-ip,medium,WHITE,ziyadnz/hourly-ipv4,ziyadnz|hourly,2026-08-17T18:48:05Z,2026-08-17T18:48:05Z,
34.182.134.241,ipv4,malicious-ip,medium,WHITE,ziyadnz/hourly-ipv4,ziyadnz|hourly,2026-08-17T18:48:05Z,2026-08-17T18:48:05Z,
34.182.135.72,ipv4,malicious-ip,medium,WHITE,ziyadnz/hourly-ipv4,ziyadnz|hourly,2026-08-17T18:48:05Z,2026-08-17T18:48:05Z,
34.182.138.216,ipv4,malicious-ip,medium,WHITE,ziyadnz/hourly-ipv4,ziyadnz|hourly,2026-08-17T18:48:05Z,2026-08-17T18:48:05Z,
34.182.166.217,ipv4,malicious-ip,medium,WHITE,ziyadnz/hourly-ipv4,ziyadnz|hourly,2026-08-17T18:48:05Z,2026-08-17T18:48:05Z,
34.182.168.167,ipv4,malicious-ip,medium,WHITE,ziyadnz/hourly-ipv4,ziyadnz|hourly,2026-08-17T18:48:05Z,2026-08-17T18:48:05Z,
34.182.169.2,ipv4,malicious-ip,medium,WHITE,ziyadnz/hourly-ipv4,ziyadnz|hourly,2026-08-17T18:48:05Z,2026-08-17T18:48:05Z,
34.182.174.217,ipv4,malicious-ip,medium,WHITE,ziyadnz/hourly-ipv4,ziyadnz|hourly,2026-08-17T18:48:05Z,2026-08-17T18:48:05Z,
34.182.179.128,ipv4,malicious-ip,medium,WHITE,ziyadnz/hourly-ipv4,ziyadnz|hourly,2026-08-17T18:48:05Z,2026-08-17T18:48:05Z,
34.182.179.197,ipv4,malicious-ip,medium,WHITE,ziyadnz/hourly-ipv4,ziyadnz|hourly,2026-08-17T18:48:05Z,2026-08-17T18:48:05Z,
34.182.193.215,ipv4,malicious-ip,medium,WHITE,ziyadnz/hourly-ipv4,ziyadnz|hourly,2026-08-17T18:48:05Z,2026-08-17T18:48:05Z,
34.182.194.49,ipv4,malicious-ip,medium,WHITE,ziyadnz/hourly-ipv4,ziyadnz|hourly,2026-08-17T18:48:05Z,2026-08-17T18:48:05Z,
34.182.198.22,ipv4,malicious-ip,medium,WHITE,ziyadnz/hourly-ipv4,ziyadnz|hourly,2026-08-17T18:48:05Z,2026-08-17T18:48:05Z,
34.182.223.116,ipv4,malicious-ip,medium,WHITE,ziyadnz/hourly-ipv4,ziyadnz|hourly,2026-08-17T18:48:05Z,2026-08-17T18:48:05Z,
34.182.225.166,ipv4,malicious-ip,medium,WHITE,ziyadnz/hourly-ipv4,ziyadnz|hourly,2026-08-17T18:48:05Z,2026-08-17T18:48:05Z,
34.182.227.62,ipv4,malicious-ip,medium,WHITE,ziyadnz/hourly-ipv4,ziyadnz|hourly,2026-08-17T18:48:05Z,2026-08-17T18:48:05Z,
34.182.241.145,ipv4,malicious-ip,medium,WHITE,ziyadnz/hourly-ipv4,ziyadnz|hourly,2026-08-17T18:48:05Z,2026-08-17T18:48:05Z,
34.182.50.181,ipv4,malicious-ip,medium,WHITE,ziyadnz/hourly-ipv4,ziyadnz|hourly,2026-08-17T18:48:05Z,2026-08-17T18:48:05Z,
34.182.63.170,ipv4,malicious-ip,medium,WHITE,ziyadnz/hourly-ipv4,ziyadnz|hourly,2026-08-17T18:48:05Z,2026-08-17T18:48:05Z,
34.182.69.58,ipv4,malicious-ip,medium,WHITE,ziyadnz/hourly-ipv4,ziyadnz|hourly,2026-08-17T18:48:05Z,2026-08-17T18:48:05Z,
34.182.76.126,ipv4,malicious-ip,medium,WHITE,ziyadnz/hourly-ipv4,ziyadnz|hourly,2026-08-17T18:48:05Z,2026-08-17T18:48:05Z,
34.182.99.221,ipv4,malicious-ip,medium,WHITE,ziyadnz/hourly-ipv4,ziyadnz|hourly,2026-08-17T18:48:05Z,2026-08-17T18:48:05Z,
34.185.82.199,ipv4,malicious-ip,medium,WHITE,ziyadnz/hourly-ipv4,ziyadnz|hourly,2026-08-17T18:48:05Z,2026-08-17T18:48:05Z,
34.186.116.37,ipv4,malicious-ip,medium,WHITE,ziyadnz/hourly-ipv4,ziyadnz|hourly,2026-08-17T18:48:05Z,2026-08-17T18:48:05Z,
34.186.118.222,ipv4,malicious-ip,medium,WHITE,ziyadnz/hourly-ipv4,ziyadnz|hourly,2026-08-17T18:48:05Z,2026-08-17T18:48:05Z,
34.186.27.151,ipv4,malicious-ip,medium,WHITE,ziyadnz/hourly-ipv4,ziyadnz|hourly,2026-08-17T18:48:05Z,2026-08-17T18:48:05Z,
34.186.34.205,ipv4,malicious-ip,medium,WHITE,ziyadnz/hourly-ipv4,ziyadnz|hourly,2026-08-17T18:48:05Z,2026-08-17T18:48:05Z,
34.186.49.126,ipv4,malicious-ip,medium,WHITE,ziyadnz/hourly-ipv4,ziyadnz|hourly,2026-08-17T18:48:05Z,2026-08-17T18:48:05Z,
34.186.90.72,ipv4,malicious-ip,medium,WHITE,ziyadnz/hourly-ipv4,ziyadnz|hourly,2026-08-17T18:48:05Z,2026-08-17T18:48:05Z,
34.186.95.110,ipv4,malicious-ip,medium,WHITE,ziyadnz/hourly-ipv4,ziyadnz|hourly,2026-08-17T18:48:05Z,2026-08-17T18:48:05Z,
34.186.99.159,ipv4,malicious-ip,medium,WHITE,ziyadnz/hourly-ipv4,ziyadnz|hourly,2026-08-17T18:48:05Z,2026-08-17T18:48:05Z,
34.187.115.88,ipv4,malicious-ip,medium,WHITE,ziyadnz/hourly-ipv4,ziyadnz|hourly,2026-08-17T18:48:05Z,2026-08-17T18:48:05Z,
34.187.116.241,ipv4,malicious-ip,medium,WHITE,ziyadnz/hourly-ipv4,ziyadnz|hourly,2026-08-17T18:48:05Z,2026-08-17T18:48:05Z,
34.187.17.82,ipv4,malicious-ip,medium,WHITE,ziyadnz/hourly-ipv4,ziyadnz|hourly,2026-08-17T18:48:05Z,2026-08-17T18:48:05Z,
34.187.170.186,ipv4,malicious-ip,medium,WHITE,ziyadnz/hourly-ipv4,ziyadnz|hourly,2026-08-17T18:48:05Z,2026-08-17T18:48:05Z,
34.187.203.198,ipv4,malicious-ip,medium,WHITE,ziyadnz/hourly-ipv4,ziyadnz|hourly,2026-08-17T18:48:05Z,2026-08-17T18:48:05Z,
34.187.228.146,ipv4,malicious-ip,medium,WHITE,ziyadnz/hourly-ipv4,ziyadnz|hourly,2026-08-17T18:48:05Z,2026-08-17T18:48:05Z,
34.187.234.167,ipv4,malicious-ip,medium,WHITE,ziyadnz/hourly-ipv4,ziyadnz|hourly,2026-08-17T18:48:05Z,2026-08-17T18:48:05Z,
34.187.249.115,ipv4,malicious-ip,medium,WHITE,ziyadnz/hourly-ipv4,ziyadnz|hourly,2026-08-17T18:48:05Z,2026-08-17T18:48:05Z,
34.187.36.140,ipv4,malicious-ip,medium,WHITE,ziyadnz/hourly-ipv4,ziyadnz|hourly,2026-08-17T18:48:05Z,2026-08-17T18:48:05Z,
34.187.36.77,ipv4,malicious-ip,medium,WHITE,ziyadnz/hourly-ipv4,ziyadnz|hourly,2026-08-17T18:48:05Z,2026-08-17T18:48:05Z,
34.187.50.111,ipv4,malicious-ip,medium,WHITE,ziyadnz/hourly-ipv4,ziyadnz|hourly,2026-08-17T18:48:05Z,2026-08-17T18:48:05Z,
34.187.53.222,ipv4,malicious-ip,medium,WHITE,ziyadnz/hourly-ipv4,ziyadnz|hourly,2026-08-17T18:48:05Z,2026-08-17T18:48:05Z,
34.187.85.143,ipv4,malicious-ip,medium,WHITE,ziyadnz/hourly-ipv4,ziyadnz|hourly,2026-08-17T18:48:05Z,2026-08-17T18:48:05Z,
34.187.86.208,ipv4,malicious-ip,medium,WHITE,ziyadnz/hourly-ipv4,ziyadnz|hourly,2026-08-17T18:48:05Z,2026-08-17T18:48:05Z,
34.187.98.11,ipv4,malicious-ip,medium,WHITE,ziyadnz/hourly-ipv4,ziyadnz|hourly,2026-08-17T18:48:05Z,2026-08-17T18:48:05Z,
34.19.116.52,ipv4,malicious-ip,medium,WHITE,ziyadnz/hourly-ipv4,ziyadnz|hourly,2026-08-17T18:48:05Z,2026-08-17T18:48:05Z,
34.19.116.57,ipv4,malicious-ip,medium,WHITE,ziyadnz/hourly-ipv4,ziyadnz|hourly,2026-08-17T18:48:05Z,2026-08-17T18:48:05Z,
34.19.119.214,ipv4,malicious-ip,medium,WHITE,ziyadnz/hourly-ipv4,ziyadnz|hourly,2026-08-17T18:48:05Z,2026-08-17T18:48:05Z,
34.19.127.176,ipv4,malicious-ip,medium,WHITE,ziyadnz/hourly-ipv4,ziyadnz|hourly,2026-08-17T18:48:05Z,2026-08-17T18:48:05Z,
34.19.127.185,ipv4,malicious-ip,medium,WHITE,ziyadnz/hourly-ipv4,ziyadnz|hourly,2026-08-17T18:48:05Z,2026-08-17T18:48:05Z,
34.19.127.193,ipv4,malicious-ip,medium,WHITE,ziyadnz/hourly-ipv4,ziyadnz|hourly,2026-08-17T18:48:05Z,2026-08-17T18:48:05Z,
34.19.127.200,ipv4,malicious-ip,medium,WHITE,ziyadnz/hourly-ipv4,ziyadnz|hourly,2026-08-17T18:48:05Z,2026-08-17T18:48:05Z,
34.19.206.249,ipv4,malicious-ip,medium,WHITE,ziyadnz/hourly-ipv4,ziyadnz|hourly,2026-08-17T18:48:05Z,2026-08-17T18:48:05Z,
34.19.31.119,ipv4,malicious-ip,medium,WHITE,ziyadnz/hourly-ipv4,ziyadnz|hourly,2026-08-17T18:48:05Z,2026-08-17T18:48:05Z,
34.19.45.82,ipv4,malicious-ip,medium,WHITE,ziyadnz/hourly-ipv4,ziyadnz|hourly,2026-08-17T18:48:05Z,2026-08-17T18:48:05Z,
34.19.49.47,ipv4,malicious-ip,medium,WHITE,ziyadnz/hourly-ipv4,ziyadnz|hourly,2026-08-17T18:48:05Z,2026-08-17T18:48:05Z,
34.19.53.231,ipv4,malicious-ip,medium,WHITE,ziyadnz/hourly-ipv4,ziyadnz|hourly,2026-08-17T18:48:05Z,2026-08-17T18:48:05Z,
34.19.65.223,ipv4,malicious-ip,medium,WHITE,ziyadnz/hourly-ipv4,ziyadnz|hourly,2026-08-17T18:48:05Z,2026-08-17T18:48:05Z,
34.19.82.22,ipv4,malicious-ip,medium,WHITE,ziyadnz/hourly-ipv4,ziyadnz|hourly,2026-08-17T18:48:05Z,2026-08-17T18:48:05Z,
34.19.84.122,ipv4,malicious-ip,medium,WHITE,ziyadnz/hourly-ipv4,ziyadnz|hourly,2026-08-17T18:48:05Z,2026-08-17T18:48:05Z,
34.19.96.221,ipv4,malicious-ip,medium,WHITE,ziyadnz/hourly-ipv4,ziyadnz|hourly,2026-08-17T18:48:05Z,2026-08-17T18:48:05Z,
34.192.125.239,ipv4,malicious-ip,medium,WHITE,ziyadnz/hourly-ipv4,ziyadnz|hourly,2026-08-17T18:48:05Z,2026-08-17T18:48:05Z,
34.193.119.44,ipv4,malicious-ip,medium,WHITE,ziyadnz/hourly-ipv4,ziyadnz|hourly,2026-08-17T18:48:05Z,2026-08-17T18:48:05Z,
34.194.226.74,ipv4,malicious-ip,medium,WHITE,ziyadnz/hourly-ipv4,ziyadnz|hourly,2026-08-17T18:48:05Z,2026-08-17T18:48:05Z,
34.194.233.48,ipv4,malicious-ip,medium,WHITE,ziyadnz/hourly-ipv4,ziyadnz|hourly,2026-08-17T18:48:05Z,2026-08-17T18:48:05Z,
34.195.60.66,ipv4,malicious-ip,medium,WHITE,ziyadnz/hourly-ipv4,ziyadnz|hourly,2026-08-17T18:48:05Z,2026-08-17T18:48:05Z,
34.196.237.236,ipv4,malicious-ip,medium,WHITE,ziyadnz/hourly-ipv4,ziyadnz|hourly,2026-08-17T18:48:05Z,2026-08-17T18:48:05Z,
34.196.6.199,ipv4,malicious-ip,medium,WHITE,ziyadnz/hourly-ipv4,ziyadnz|hourly,2026-08-17T18:48:05Z,2026-08-17T18:48:05Z,
34.197.70.90,ipv4,malicious-ip,medium,WHITE,ziyadnz/hourly-ipv4,ziyadnz|hourly,2026-08-17T18:48:05Z,2026-08-17T18:48:05Z,
34.199.252.22,ipv4,malicious-ip,medium,WHITE,ziyadnz/hourly-ipv4,ziyadnz|hourly,2026-08-17T18:48:05Z,2026-08-17T18:48:05Z,
34.20.191.240,ipv4,malicious-ip,medium,WHITE,ziyadnz/hourly-ipv4,ziyadnz|hourly,2026-08-17T18:48:05Z,2026-08-17T18:48:05Z,
34.20.218.57,ipv4,malicious-ip,medium,WHITE,ziyadnz/hourly-ipv4,ziyadnz|hourly,2026-08-17T18:48:05Z,2026-08-17T18:48:05Z,
34.201.71.24,ipv4,malicious-ip,medium,WHITE,ziyadnz/hourly-ipv4,ziyadnz|hourly,2026-08-17T18:48:05Z,2026-08-17T18:48:05Z,
34.203.111.15,ipv4,malicious-ip,medium,WHITE,ziyadnz/hourly-ipv4,ziyadnz|hourly,2026-08-17T18:48:05Z,2026-08-17T18:48:05Z,
34.203.202.222,ipv4,malicious-ip,medium,WHITE,ziyadnz/hourly-ipv4,ziyadnz|hourly,2026-08-17T18:48:05Z,2026-08-17T18:48:05Z,
34.203.242.177,ipv4,malicious-ip,medium,WHITE,ziyadnz/hourly-ipv4,ziyadnz|hourly,2026-08-17T18:48:05Z,2026-08-17T18:48:05Z,
34.204.50.181,ipv4,malicious-ip,medium,WHITE,ziyadnz/hourly-ipv4,ziyadnz|hourly,2026-08-17T18:48:05Z,2026-08-17T18:48:05Z,
34.204.52.48,ipv4,malicious-ip,medium,WHITE,ziyadnz/hourly-ipv4,ziyadnz|hourly,2026-08-17T18:48:05Z,2026-08-17T18:48:05Z,
34.204.53.150,ipv4,malicious-ip,medium,WHITE,ziyadnz/hourly-ipv4,ziyadnz|hourly,2026-08-17T18:48:05Z,2026-08-17T18:48:05Z,
34.205.139.179,ipv4,malicious-ip,medium,WHITE,ziyadnz/hourly-ipv4,ziyadnz|hourly,2026-08-17T18:48:05Z,2026-08-17T18:48:05Z,
34.205.18.102,ipv4,malicious-ip,medium,WHITE,ziyadnz/hourly-ipv4,ziyadnz|hourly,2026-08-17T18:48:05Z,2026-08-17T18:48:05Z,
34.205.72.252,ipv4,malicious-ip,medium,WHITE,ziyadnz/hourly-ipv4,ziyadnz|hourly,2026-08-17T18:48:05Z,2026-08-17T18:48:05Z,
34.205.73.195,ipv4,malicious-ip,medium,WHITE,ziyadnz/hourly-ipv4,ziyadnz|hourly,2026-08-17T18:48:05Z,2026-08-17T18:48:05Z,
34.206.212.24,ipv4,malicious-ip,medium,WHITE,ziyadnz/hourly-ipv4,ziyadnz|hourly,2026-08-17T18:48:05Z,2026-08-17T18:48:05Z,
34.206.249.188,ipv4,malicious-ip,medium,WHITE,ziyadnz/hourly-ipv4,ziyadnz|hourly,2026-08-17T18:48:05Z,2026-08-17T18:48:05Z,
34.207.109.220,ipv4,malicious-ip,medium,WHITE,ziyadnz/hourly-ipv4,ziyadnz|hourly,2026-08-17T18:48:05Z,2026-08-17T18:48:05Z,
34.208.194.230,ipv4,malicious-ip,medium,WHITE,ziyadnz/hourly-ipv4,ziyadnz|hourly,2026-08-17T18:48:05Z,2026-08-17T18:48:05Z,
34.21.1.36,ipv4,malicious-ip,medium,WHITE,ziyadnz/hourly-ipv4,ziyadnz|hourly,2026-08-17T18:48:05Z,2026-08-17T18:48:05Z,
34.21.1.44,ipv4,malicious-ip,medium,WHITE,ziyadnz/hourly-ipv4,ziyadnz|hourly,2026-08-17T18:48:05Z,2026-08-17T18:48:05Z,
34.21.109.63,ipv4,malicious-ip,medium,WHITE,ziyadnz/hourly-ipv4,ziyadnz|hourly,2026-08-17T18:48:05Z,2026-08-17T18:48:05Z,
34.21.110.6,ipv4,malicious-ip,medium,WHITE,ziyadnz/hourly-ipv4,ziyadnz|hourly,2026-08-17T18:48:05Z,2026-08-17T18:48:05Z,
34.21.121.177,ipv4,malicious-ip,medium,WHITE,ziyadnz/hourly-ipv4,ziyadnz|hourly,2026-08-17T18:48:05Z,2026-08-17T18:48:05Z,
34.21.122.72,ipv4,malicious-ip,medium,WHITE,ziyadnz/hourly-ipv4,ziyadnz|hourly,2026-08-17T18:48:05Z,2026-08-17T18:48:05Z,
34.21.125.112,ipv4,malicious-ip,medium,WHITE,ziyadnz/hourly-ipv4,ziyadnz|hourly,2026-08-17T18:48:05Z,2026-08-17T18:48:05Z,
34.21.140.156,ipv4,malicious-ip,medium,WHITE,ziyadnz/hourly-ipv4,ziyadnz|hourly,2026-08-17T18:48:05Z,2026-08-17T18:48:05Z,
34.21.149.184,ipv4,malicious-ip,medium,WHITE,ziyadnz/hourly-ipv4,ziyadnz|hourly,2026-08-17T18:48:05Z,2026-08-17T18:48:05Z,
34.21.167.71,ipv4,malicious-ip,medium,WHITE,ziyadnz/hourly-ipv4,ziyadnz|hourly,2026-08-17T18:48:05Z,2026-08-17T18:48:05Z,
34.21.168.87,ipv4,malicious-ip,medium,WHITE,ziyadnz/hourly-ipv4,ziyadnz|hourly,2026-08-17T18:48:05Z,2026-08-17T18:48:05Z,
34.21.185.143,ipv4,malicious-ip,medium,WHITE,ziyadnz/hourly-ipv4,ziyadnz|hourly,2026-08-17T18:48:05Z,2026-08-17T18:48:05Z,
34.21.196.47,ipv4,malicious-ip,medium,WHITE,ziyadnz/hourly-ipv4,ziyadnz|hourly,2026-08-17T18:48:05Z,2026-08-17T18:48:05Z,
34.21.201.204,ipv4,malicious-ip,medium,WHITE,ziyadnz/hourly-ipv4,ziyadnz|hourly,2026-08-17T18:48:05Z,2026-08-17T18:48:05Z,
34.21.226.56,ipv4,malicious-ip,medium,WHITE,ziyadnz/hourly-ipv4,ziyadnz|hourly,2026-08-17T18:48:05Z,2026-08-17T18:48:05Z,
34.21.249.194,ipv4,malicious-ip,medium,WHITE,ziyadnz/hourly-ipv4,ziyadnz|hourly,2026-08-17T18:48:05Z,2026-08-17T18:48:05Z,
34.21.29.104,ipv4,malicious-ip,medium,WHITE,ziyadnz/hourly-ipv4,ziyadnz|hourly,2026-08-17T18:48:05Z,2026-08-17T18:48:05Z,
34.21.3.190,ipv4,malicious-ip,medium,WHITE,ziyadnz/hourly-ipv4,ziyadnz|hourly,2026-08-17T18:48:05Z,2026-08-17T18:48:05Z,
34.21.3.83,ipv4,malicious-ip,medium,WHITE,ziyadnz/hourly-ipv4,ziyadnz|hourly,2026-08-17T18:48:05Z,2026-08-17T18:48:05Z,
34.21.35.122,ipv4,malicious-ip,medium,WHITE,ziyadnz/hourly-ipv4,ziyadnz|hourly,2026-08-17T18:48:05Z,2026-08-17T18:48:05Z,
34.21.43.37,ipv4,malicious-ip,medium,WHITE,ziyadnz/hourly-ipv4,ziyadnz|hourly,2026-08-17T18:48:05Z,2026-08-17T18:48:05Z,
34.21.62.31,ipv4,malicious-ip,medium,WHITE,ziyadnz/hourly-ipv4,ziyadnz|hourly,2026-08-17T18:48:05Z,2026-08-17T18:48:05Z,
34.21.7.252,ipv4,malicious-ip,medium,WHITE,ziyadnz/hourly-ipv4,ziyadnz|hourly,2026-08-17T18:48:05Z,2026-08-17T18:48:05Z,
34.21.79.252,ipv4,malicious-ip,medium,WHITE,ziyadnz/hourly-ipv4,ziyadnz|hourly,2026-08-17T18:48:05Z,2026-08-17T18:48:05Z,
34.21.92.248,ipv4,malicious-ip,medium,WHITE,ziyadnz/hourly-ipv4,ziyadnz|hourly,2026-08-17T18:48:05Z,2026-08-17T18:48:05Z,
34.212.0.60,ipv4,malicious-ip,medium,WHITE,ziyadnz/hourly-ipv4,ziyadnz|hourly,2026-08-17T18:48:05Z,2026-08-17T18:48:05Z,
34.215.10.49,ipv4,malicious-ip,medium,WHITE,ziyadnz/hourly-ipv4,ziyadnz|hourly,2026-08-17T18:48:05Z,2026-08-17T18:48:05Z,
34.219.145.47,ipv4,malicious-ip,medium,WHITE,ziyadnz/hourly-ipv4,ziyadnz|hourly,2026-08-17T18:48:05Z,2026-08-17T18:48:05Z,
34.22.118.30,ipv4,malicious-ip,medium,WHITE,ziyadnz/hourly-ipv4,ziyadnz|hourly,2026-08-17T18:48:05Z,2026-08-17T18:48:05Z,
34.22.121.99,ipv4,malicious-ip,medium,WHITE,ziyadnz/hourly-ipv4,ziyadnz|hourly,2026-08-17T18:48:05Z,2026-08-17T18:48:05Z,
34.22.123.154,ipv4,malicious-ip,medium,WHITE,ziyadnz/hourly-ipv4,ziyadnz|hourly,2026-08-17T18:48:05Z,2026-08-17T18:48:05Z,
34.22.124.117,ipv4,malicious-ip,medium,WHITE,ziyadnz/hourly-ipv4,ziyadnz|hourly,2026-08-17T18:48:05Z,2026-08-17T18:48:05Z,
34.22.131.137,ipv4,malicious-ip,medium,WHITE,ziyadnz/hourly-ipv4,ziyadnz|hourly,2026-08-17T18:48:05Z,2026-08-17T18:48:05Z,
34.22.155.27,ipv4,malicious-ip,medium,WHITE,ziyadnz/hourly-ipv4,ziyadnz|hourly,2026-08-17T18:48:05Z,2026-08-17T18:48:05Z,
34.22.162.67,ipv4,malicious-ip,medium,WHITE,ziyadnz/hourly-ipv4,ziyadnz|hourly,2026-08-17T18:48:05Z,2026-08-17T18:48:05Z,
34.22.164.121,ipv4,malicious-ip,medium,WHITE,ziyadnz/hourly-ipv4,ziyadnz|hourly,2026-08-17T18:48:05Z,2026-08-17T18:48:05Z,
34.22.168.161,ipv4,malicious-ip,medium,WHITE,ziyadnz/hourly-ipv4,ziyadnz|hourly,2026-08-17T18:48:05Z,2026-08-17T18:48:05Z,
34.22.175.229,ipv4,malicious-ip,medium,WHITE,ziyadnz/hourly-ipv4,ziyadnz|hourly,2026-08-17T18:48:05Z,2026-08-17T18:48:05Z,
34.22.186.163,ipv4,malicious-ip,medium,WHITE,ziyadnz/hourly-ipv4,ziyadnz|hourly,2026-08-17T18:48:05Z,2026-08-17T18:48:05Z,
34.22.193.156,ipv4,malicious-ip,medium,WHITE,ziyadnz/hourly-ipv4,ziyadnz|hourly,2026-08-17T18:48:05Z,2026-08-17T18:48:05Z,
34.22.197.2,ipv4,malicious-ip,medium,WHITE,ziyadnz/hourly-ipv4,ziyadnz|hourly,2026-08-17T18:48:05Z,2026-08-17T18:48:05Z,
34.22.211.166,ipv4,malicious-ip,medium,WHITE,ziyadnz/hourly-ipv4,ziyadnz|hourly,2026-08-17T18:48:05Z,2026-08-17T18:48:05Z,
34.22.213.40,ipv4,malicious-ip,medium,WHITE,ziyadnz/hourly-ipv4,ziyadnz|hourly,2026-08-17T18:48:05Z,2026-08-17T18:48:05Z,
34.22.218.67,ipv4,malicious-ip,medium,WHITE,ziyadnz/hourly-ipv4,ziyadnz|hourly,2026-08-17T18:48:05Z,2026-08-17T18:48:05Z,
34.22.230.155,ipv4,malicious-ip,medium,WHITE,ziyadnz/hourly-ipv4,ziyadnz|hourly,2026-08-17T18:48:05Z,2026-08-17T18:48:05Z,
34.22.234.236,ipv4,malicious-ip,medium,WHITE,ziyadnz/hourly-ipv4,ziyadnz|hourly,2026-08-17T18:48:05Z,2026-08-17T18:48:05Z,
34.22.244.250,ipv4,malicious-ip,medium,WHITE,ziyadnz/hourly-ipv4,ziyadnz|hourly,2026-08-17T18:48:05Z,2026-08-17T18:48:05Z,
34.22.251.168,ipv4,malicious-ip,medium,WHITE,ziyadnz/hourly-ipv4,ziyadnz|hourly,2026-08-17T18:48:05Z,2026-08-17T18:48:05Z,
34.22.253.167,ipv4,malicious-ip,medium,WHITE,ziyadnz/hourly-ipv4,ziyadnz|hourly,2026-08-17T18:48:05Z,2026-08-17T18:48:05Z,
34.220.206.121,ipv4,malicious-ip,medium,WHITE,ziyadnz/hourly-ipv4,ziyadnz|hourly,2026-08-17T18:48:05Z,2026-08-17T18:48:05Z,
34.224.168.204,ipv4,malicious-ip,medium,WHITE,ziyadnz/hourly-ipv4,ziyadnz|hourly,2026-08-17T18:48:05Z,2026-08-17T18:48:05Z,
34.224.9.144,ipv4,malicious-ip,medium,WHITE,ziyadnz/hourly-ipv4,ziyadnz|hourly,2026-08-17T18:48:05Z,2026-08-17T18:48:05Z,
34.225.24.180,ipv4,malicious-ip,medium,WHITE,ziyadnz/hourly-ipv4,ziyadnz|hourly,2026-08-17T18:48:05Z,2026-08-17T18:48:05Z,
34.225.243.131,ipv4,malicious-ip,medium,WHITE,ziyadnz/hourly-ipv4,ziyadnz|hourly,2026-08-17T18:48:05Z,2026-08-17T18:48:05Z,
34.225.87.80,ipv4,malicious-ip,medium,WHITE,ziyadnz/hourly-ipv4,ziyadnz|hourly,2026-08-17T18:48:05Z,2026-08-17T18:48:05Z,
34.226.89.140,ipv4,malicious-ip,medium,WHITE,ziyadnz/hourly-ipv4,ziyadnz|hourly,2026-08-17T18:48:05Z,2026-08-17T18:48:05Z,
34.227.14.187,ipv4,malicious-ip,medium,WHITE,ziyadnz/hourly-ipv4,ziyadnz|hourly,2026-08-17T18:48:05Z,2026-08-17T18:48:05Z,
34.227.148.44,ipv4,malicious-ip,medium,WHITE,ziyadnz/hourly-ipv4,ziyadnz|hourly,2026-08-17T18:48:05Z,2026-08-17T18:48:05Z,
34.227.156.153,ipv4,malicious-ip,medium,WHITE,ziyadnz/hourly-ipv4,ziyadnz|hourly,2026-08-17T18:48:05Z,2026-08-17T18:48:05Z,
34.227.234.246,ipv4,malicious-ip,medium,WHITE,ziyadnz/hourly-ipv4,ziyadnz|hourly,2026-08-17T18:48:05Z,2026-08-17T18:48:05Z,
34.228.104.231,ipv4,malicious-ip,medium,WHITE,ziyadnz/hourly-ipv4,ziyadnz|hourly,2026-08-17T18:48:05Z,2026-08-17T18:48:05Z,
34.228.60.106,ipv4,malicious-ip,medium,WHITE,ziyadnz/hourly-ipv4,ziyadnz|hourly,2026-08-17T18:48:05Z,2026-08-17T18:48:05Z,
34.228.63.53,ipv4,malicious-ip,medium,WHITE,ziyadnz/hourly-ipv4,ziyadnz|hourly,2026-08-17T18:48:05Z,2026-08-17T18:48:05Z,
34.229.16.77,ipv4,malicious-ip,medium,WHITE,ziyadnz/hourly-ipv4,ziyadnz|hourly,2026-08-17T18:48:05Z,2026-08-17T18:48:05Z,
34.229.166.45,ipv4,malicious-ip,medium,WHITE,ziyadnz/hourly-ipv4,ziyadnz|hourly,2026-08-17T18:48:05Z,2026-08-17T18:48:05Z,
34.23.116.92,ipv4,malicious-ip,medium,WHITE,ziyadnz/hourly-ipv4,ziyadnz|hourly,2026-08-17T18:48:05Z,2026-08-17T18:48:05Z,
34.23.147.99,ipv4,malicious-ip,medium,WHITE,ziyadnz/hourly-ipv4,ziyadnz|hourly,2026-08-17T18:48:05Z,2026-08-17T18:48:05Z,
34.23.151.57,ipv4,malicious-ip,medium,WHITE,ziyadnz/hourly-ipv4,ziyadnz|hourly,2026-08-17T18:48:05Z,2026-08-17T18:48:05Z,
34.23.153.121,ipv4,malicious-ip,medium,WHITE,ziyadnz/hourly-ipv4,ziyadnz|hourly,2026-08-17T18:48:05Z,2026-08-17T18:48:05Z,
34.23.161.109,ipv4,malicious-ip,medium,WHITE,ziyadnz/hourly-ipv4,ziyadnz|hourly,2026-08-17T18:48:05Z,2026-08-17T18:48:05Z,
34.23.163.18,ipv4,malicious-ip,medium,WHITE,ziyadnz/hourly-ipv4,ziyadnz|hourly,2026-08-17T18:48:05Z,2026-08-17T18:48:05Z,
34.23.167.124,ipv4,malicious-ip,medium,WHITE,ziyadnz/hourly-ipv4,ziyadnz|hourly,2026-08-17T18:48:05Z,2026-08-17T18:48:05Z,
34.23.167.172,ipv4,malicious-ip,medium,WHITE,ziyadnz/hourly-ipv4,ziyadnz|hourly,2026-08-17T18:48:05Z,2026-08-17T18:48:05Z,
34.23.18.127,ipv4,malicious-ip,medium,WHITE,ziyadnz/hourly-ipv4,ziyadnz|hourly,2026-08-17T18:48:05Z,2026-08-17T18:48:05Z,
34.23.180.5,ipv4,malicious-ip,medium,WHITE,ziyadnz/hourly-ipv4,ziyadnz|hourly,2026-08-17T18:48:05Z,2026-08-17T18:48:05Z,
34.23.182.30,ipv4,malicious-ip,medium,WHITE,ziyadnz/hourly-ipv4,ziyadnz|hourly,2026-08-17T18:48:05Z,2026-08-17T18:48:05Z,
34.23.186.31,ipv4,malicious-ip,medium,WHITE,ziyadnz/hourly-ipv4,ziyadnz|hourly,2026-08-17T18:48:05Z,2026-08-17T18:48:05Z,
34.23.187.23,ipv4,malicious-ip,medium,WHITE,ziyadnz/hourly-ipv4,ziyadnz|hourly,2026-08-17T18:48:05Z,2026-08-17T18:48:05Z,
34.23.193.206,ipv4,malicious-ip,medium,WHITE,ziyadnz/hourly-ipv4,ziyadnz|hourly,2026-08-17T18:48:05Z,2026-08-17T18:48:05Z,
34.23.206.187,ipv4,malicious-ip,medium,WHITE,ziyadnz/hourly-ipv4,ziyadnz|hourly,2026-08-17T18:48:05Z,2026-08-17T18:48:05Z,
34.23.211.53,ipv4,malicious-ip,medium,WHITE,ziyadnz/hourly-ipv4,ziyadnz|hourly,2026-08-17T18:48:05Z,2026-08-17T18:48:05Z,
34.23.213.224,ipv4,malicious-ip,medium,WHITE,ziyadnz/hourly-ipv4,ziyadnz|hourly,2026-08-17T18:48:05Z,2026-08-17T18:48:05Z,
34.23.227.251,ipv4,malicious-ip,medium,WHITE,ziyadnz/hourly-ipv4,ziyadnz|hourly,2026-08-17T18:48:05Z,2026-08-17T18:48:05Z,
34.23.233.101,ipv4,malicious-ip,medium,WHITE,ziyadnz/hourly-ipv4,ziyadnz|hourly,2026-08-17T18:48:05Z,2026-08-17T18:48:05Z,
34.23.34.141,ipv4,malicious-ip,medium,WHITE,ziyadnz/hourly-ipv4,ziyadnz|hourly,2026-08-17T18:48:05Z,2026-08-17T18:48:05Z,
34.23.44.185,ipv4,malicious-ip,medium,WHITE,ziyadnz/hourly-ipv4,ziyadnz|hourly,2026-08-17T18:48:05Z,2026-08-17T18:48:05Z,
34.23.47.172,ipv4,malicious-ip,medium,WHITE,ziyadnz/hourly-ipv4,ziyadnz|hourly,2026-08-17T18:48:05Z,2026-08-17T18:48:05Z,
34.23.52.228,ipv4,malicious-ip,medium,WHITE,ziyadnz/hourly-ipv4,ziyadnz|hourly,2026-08-17T18:48:05Z,2026-08-17T18:48:05Z,
34.23.75.126,ipv4,malicious-ip,medium,WHITE,ziyadnz/hourly-ipv4,ziyadnz|hourly,2026-08-17T18:48:05Z,2026-08-17T18:48:05Z,
34.23.79.164,ipv4,malicious-ip,medium,WHITE,ziyadnz/hourly-ipv4,ziyadnz|hourly,2026-08-17T18:48:05Z,2026-08-17T18:48:05Z,
34.23.9.178,ipv4,malicious-ip,medium,WHITE,ziyadnz/hourly-ipv4,ziyadnz|hourly,2026-08-17T18:48:05Z,2026-08-17T18:48:05Z,
34.230.124.21,ipv4,malicious-ip,medium,WHITE,ziyadnz/hourly-ipv4,ziyadnz|hourly,2026-08-17T18:48:05Z,2026-08-17T18:48:05Z,
34.230.205.18,ipv4,malicious-ip,medium,WHITE,ziyadnz/hourly-ipv4,ziyadnz|hourly,2026-08-17T18:48:05Z,2026-08-17T18:48:05Z,
34.230.221.101,ipv4,malicious-ip,medium,WHITE,ziyadnz/hourly-ipv4,ziyadnz|hourly,2026-08-17T18:48:05Z,2026-08-17T18:48:05Z,
34.231.156.59,ipv4,malicious-ip,medium,WHITE,ziyadnz/hourly-ipv4,ziyadnz|hourly,2026-08-17T18:48:05Z,2026-08-17T18:48:05Z,
34.231.181.240,ipv4,malicious-ip,medium,WHITE,ziyadnz/hourly-ipv4,ziyadnz|hourly,2026-08-17T18:48:05Z,2026-08-17T18:48:05Z,
34.231.29.16,ipv4,malicious-ip,medium,WHITE,ziyadnz/hourly-ipv4,ziyadnz|hourly,2026-08-17T18:48:05Z,2026-08-17T18:48:05Z,
34.231.45.47,ipv4,malicious-ip,medium,WHITE,ziyadnz/hourly-ipv4,ziyadnz|hourly,2026-08-17T18:48:05Z,2026-08-17T18:48:05Z,
34.231.77.232,ipv4,malicious-ip,medium,WHITE,ziyadnz/hourly-ipv4,ziyadnz|hourly,2026-08-17T18:48:05Z,2026-08-17T18:48:05Z,
34.233.114.237,ipv4,malicious-ip,medium,WHITE,ziyadnz/hourly-ipv4,ziyadnz|hourly,2026-08-17T18:48:05Z,2026-08-17T18:48:05Z,
34.233.154.174,ipv4,malicious-ip,medium,WHITE,ziyadnz/hourly-ipv4,ziyadnz|hourly,2026-08-17T18:48:05Z,2026-08-17T18:48:05Z,
34.234.197.175,ipv4,malicious-ip,medium,WHITE,ziyadnz/hourly-ipv4,ziyadnz|hourly,2026-08-17T18:48:05Z,2026-08-17T18:48:05Z,
34.234.206.30,ipv4,malicious-ip,medium,WHITE,ziyadnz/hourly-ipv4,ziyadnz|hourly,2026-08-17T18:48:05Z,2026-08-17T18:48:05Z,
34.234.82.70,ipv4,malicious-ip,medium,WHITE,ziyadnz/hourly-ipv4,ziyadnz|hourly,2026-08-17T18:48:05Z,2026-08-17T18:48:05Z,
34.234.96.245,ipv4,malicious-ip,medium,WHITE,ziyadnz/hourly-ipv4,ziyadnz|hourly,2026-08-17T18:48:05Z,2026-08-17T18:48:05Z,
34.235.3.233,ipv4,malicious-ip,medium,WHITE,ziyadnz/hourly-ipv4,ziyadnz|hourly,2026-08-17T18:48:05Z,2026-08-17T18:48:05Z,
34.236.135.14,ipv4,malicious-ip,medium,WHITE,ziyadnz/hourly-ipv4,ziyadnz|hourly,2026-08-17T18:48:05Z,2026-08-17T18:48:05Z,
34.236.185.101,ipv4,malicious-ip,medium,WHITE,ziyadnz/hourly-ipv4,ziyadnz|hourly,2026-08-17T18:48:05Z,2026-08-17T18:48:05Z,
34.238.45.183,ipv4,malicious-ip,medium,WHITE,ziyadnz/hourly-ipv4,ziyadnz|hourly,2026-08-17T18:48:05Z,2026-08-17T18:48:05Z,
34.239.130.59,ipv4,malicious-ip,medium,WHITE,ziyadnz/hourly-ipv4,ziyadnz|hourly,2026-08-17T18:48:05Z,2026-08-17T18:48:05Z,
34.239.247.180,ipv4,malicious-ip,medium,WHITE,ziyadnz/hourly-ipv4,ziyadnz|hourly,2026-08-17T18:48:05Z,2026-08-17T18:48:05Z,
34.239.85.139,ipv4,malicious-ip,medium,WHITE,ziyadnz/hourly-ipv4,ziyadnz|hourly,2026-08-17T18:48:05Z,2026-08-17T18:48:05Z,
34.24.105.106,ipv4,malicious-ip,medium,WHITE,ziyadnz/hourly-ipv4,ziyadnz|hourly,2026-08-17T18:48:05Z,2026-08-17T18:48:05Z,
34.24.108.218,ipv4,malicious-ip,medium,WHITE,ziyadnz/hourly-ipv4,ziyadnz|hourly,2026-08-17T18:48:05Z,2026-08-17T18:48:05Z,
34.24.127.197,ipv4,malicious-ip,medium,WHITE,ziyadnz/hourly-ipv4,ziyadnz|hourly,2026-08-17T18:48:05Z,2026-08-17T18:48:05Z,
34.24.152.132,ipv4,malicious-ip,medium,WHITE,ziyadnz/hourly-ipv4,ziyadnz|hourly,2026-08-17T18:48:05Z,2026-08-17T18:48:05Z,
34.24.152.182,ipv4,malicious-ip,medium,WHITE,ziyadnz/hourly-ipv4,ziyadnz|hourly,2026-08-17T18:48:05Z,2026-08-17T18:48:05Z,
34.24.162.145,ipv4,malicious-ip,medium,WHITE,ziyadnz/hourly-ipv4,ziyadnz|hourly,2026-08-17T18:48:05Z,2026-08-17T18:48:05Z,
34.24.167.18,ipv4,malicious-ip,medium,WHITE,ziyadnz/hourly-ipv4,ziyadnz|hourly,2026-08-17T18:48:05Z,2026-08-17T18:48:05Z,
34.24.168.62,ipv4,malicious-ip,medium,WHITE,ziyadnz/hourly-ipv4,ziyadnz|hourly,2026-08-17T18:48:05Z,2026-08-17T18:48:05Z,
34.24.172.48,ipv4,malicious-ip,medium,WHITE,ziyadnz/hourly-ipv4,ziyadnz|hourly,2026-08-17T18:48:05Z,2026-08-17T18:48:05Z,
34.24.173.224,ipv4,malicious-ip,medium,WHITE,ziyadnz/hourly-ipv4,ziyadnz|hourly,2026-08-17T18:48:05Z,2026-08-17T18:48:05Z,
34.24.178.248,ipv4,malicious-ip,medium,WHITE,ziyadnz/hourly-ipv4,ziyadnz|hourly,2026-08-17T18:48:05Z,2026-08-17T18:48:05Z,
34.24.193.238,ipv4,malicious-ip,medium,WHITE,ziyadnz/hourly-ipv4,ziyadnz|hourly,2026-08-17T18:48:05Z,2026-08-17T18:48:05Z,
34.24.200.132,ipv4,malicious-ip,medium,WHITE,ziyadnz/hourly-ipv4,ziyadnz|hourly,2026-08-17T18:48:05Z,2026-08-17T18:48:05Z,
34.24.200.205,ipv4,malicious-ip,medium,WHITE,ziyadnz/hourly-ipv4,ziyadnz|hourly,2026-08-17T18:48:05Z,2026-08-17T18:48:05Z,
34.24.214.119,ipv4,malicious-ip,medium,WHITE,ziyadnz/hourly-ipv4,ziyadnz|hourly,2026-08-17T18:48:05Z,2026-08-17T18:48:05Z,
34.24.218.21,ipv4,malicious-ip,medium,WHITE,ziyadnz/hourly-ipv4,ziyadnz|hourly,2026-08-17T18:48:05Z,2026-08-17T18:48:05Z,
34.24.232.36,ipv4,malicious-ip,medium,WHITE,ziyadnz/hourly-ipv4,ziyadnz|hourly,2026-08-17T18:48:05Z,2026-08-17T18:48:05Z,
34.24.236.196,ipv4,malicious-ip,medium,WHITE,ziyadnz/hourly-ipv4,ziyadnz|hourly,2026-08-17T18:48:05Z,2026-08-17T18:48:05Z,
34.24.239.47,ipv4,malicious-ip,medium,WHITE,ziyadnz/hourly-ipv4,ziyadnz|hourly,2026-08-17T18:48:05Z,2026-08-17T18:48:05Z,
34.24.31.52,ipv4,malicious-ip,medium,WHITE,ziyadnz/hourly-ipv4,ziyadnz|hourly,2026-08-17T18:48:05Z,2026-08-17T18:48:05Z,
34.24.4.157,ipv4,malicious-ip,medium,WHITE,ziyadnz/hourly-ipv4,ziyadnz|hourly,2026-08-17T18:48:05Z,2026-08-17T18:48:05Z,
34.24.45.70,ipv4,malicious-ip,medium,WHITE,ziyadnz/hourly-ipv4,ziyadnz|hourly,2026-08-17T18:48:05Z,2026-08-17T18:48:05Z,
34.24.50.66,ipv4,malicious-ip,medium,WHITE,ziyadnz/hourly-ipv4,ziyadnz|hourly,2026-08-17T18:48:05Z,2026-08-17T18:48:05Z,
34.24.54.138,ipv4,malicious-ip,medium,WHITE,ziyadnz/hourly-ipv4,ziyadnz|hourly,2026-08-17T18:48:05Z,2026-08-17T18:48:05Z,
34.24.56.83,ipv4,malicious-ip,medium,WHITE,ziyadnz/hourly-ipv4,ziyadnz|hourly,2026-08-17T18:48:05Z,2026-08-17T18:48:05Z,
34.24.63.116,ipv4,malicious-ip,medium,WHITE,ziyadnz/hourly-ipv4,ziyadnz|hourly,2026-08-17T18:48:05Z,2026-08-17T18:48:05Z,
34.24.66.252,ipv4,malicious-ip,medium,WHITE,ziyadnz/hourly-ipv4,ziyadnz|hourly,2026-08-17T18:48:05Z,2026-08-17T18:48:05Z,
34.24.67.64,ipv4,malicious-ip,medium,WHITE,ziyadnz/hourly-ipv4,ziyadnz|hourly,2026-08-17T18:48:05Z,2026-08-17T18:48:05Z,
34.24.8.143,ipv4,malicious-ip,medium,WHITE,ziyadnz/hourly-ipv4,ziyadnz|hourly,2026-08-17T18:48:05Z,2026-08-17T18:48:05Z,
34.24.86.138,ipv4,malicious-ip,medium,WHITE,ziyadnz/hourly-ipv4,ziyadnz|hourly,2026-08-17T18:48:05Z,2026-08-17T18:48:05Z,
34.24.87.4,ipv4,malicious-ip,medium,WHITE,ziyadnz/hourly-ipv4,ziyadnz|hourly,2026-08-17T18:48:05Z,2026-08-17T18:48:05Z,
34.24.99.114,ipv4,malicious-ip,medium,WHITE,ziyadnz/hourly-ipv4,ziyadnz|hourly,2026-08-17T18:48:05Z,2026-08-17T18:48:05Z,
34.240.247.23,ipv4,malicious-ip,medium,WHITE,ziyadnz/hourly-ipv4,ziyadnz|hourly,2026-08-17T18:48:05Z,2026-08-17T18:48:05Z,
34.241.185.92,ipv4,malicious-ip,medium,WHITE,ziyadnz/hourly-ipv4,ziyadnz|hourly,2026-08-17T18:48:05Z,2026-08-17T18:48:05Z,
34.242.6.247,ipv4,malicious-ip,medium,WHITE,ziyadnz/hourly-ipv4,ziyadnz|hourly,2026-08-17T18:48:05Z,2026-08-17T18:48:05Z,
34.243.88.91,ipv4,malicious-ip,medium,WHITE,ziyadnz/hourly-ipv4,ziyadnz|hourly,2026-08-17T18:48:05Z,2026-08-17T18:48:05Z,
34.244.0.9,ipv4,malicious-ip,medium,WHITE,ziyadnz/hourly-ipv4,ziyadnz|hourly,2026-08-17T18:48:05Z,2026-08-17T18:48:05Z,
34.244.114.252,ipv4,malicious-ip,medium,WHITE,ziyadnz/hourly-ipv4,ziyadnz|hourly,2026-08-17T18:48:05Z,2026-08-17T18:48:05Z,
34.244.144.115,ipv4,malicious-ip,medium,WHITE,ziyadnz/hourly-ipv4,ziyadnz|hourly,2026-08-17T18:48:05Z,2026-08-17T18:48:05Z,
34.245.101.79,ipv4,malicious-ip,medium,WHITE,ziyadnz/hourly-ipv4,ziyadnz|hourly,2026-08-17T18:48:05Z,2026-08-17T18:48:05Z,
34.245.126.41,ipv4,malicious-ip,medium,WHITE,ziyadnz/hourly-ipv4,ziyadnz|hourly,2026-08-17T18:48:05Z,2026-08-17T18:48:05Z,
34.245.207.198,ipv4,malicious-ip,medium,WHITE,ziyadnz/hourly-ipv4,ziyadnz|hourly,2026-08-17T18:48:05Z,2026-08-17T18:48:05Z,
34.245.24.26,ipv4,malicious-ip,medium,WHITE,ziyadnz/hourly-ipv4,ziyadnz|hourly,2026-08-17T18:48:05Z,2026-08-17T18:48:05Z,
34.247.32.53,ipv4,malicious-ip,medium,WHITE,ziyadnz/hourly-ipv4,ziyadnz|hourly,2026-08-17T18:48:05Z,2026-08-17T18:48:05Z,
34.249.176.90,ipv4,malicious-ip,medium,WHITE,ziyadnz/hourly-ipv4,ziyadnz|hourly,2026-08-17T18:48:05Z,2026-08-17T18:48:05Z,
34.251.164.164,ipv4,malicious-ip,medium,WHITE,ziyadnz/hourly-ipv4,ziyadnz|hourly,2026-08-17T18:48:05Z,2026-08-17T18:48:05Z,
34.252.44.31,ipv4,malicious-ip,medium,WHITE,ziyadnz/hourly-ipv4,ziyadnz|hourly,2026-08-17T18:48:05Z,2026-08-17T18:48:05Z,
34.253.176.69,ipv4,malicious-ip,medium,WHITE,ziyadnz/hourly-ipv4,ziyadnz|hourly,2026-08-17T18:48:05Z,2026-08-17T18:48:05Z,
34.255.178.202,ipv4,malicious-ip,medium,WHITE,ziyadnz/hourly-ipv4,ziyadnz|hourly,2026-08-17T18:48:05Z,2026-08-17T18:48:05Z,
34.26.101.14,ipv4,malicious-ip,medium,WHITE,ziyadnz/hourly-ipv4,ziyadnz|hourly,2026-08-17T18:48:05Z,2026-08-17T18:48:05Z,
34.26.104.91,ipv4,malicious-ip,medium,WHITE,ziyadnz/hourly-ipv4,ziyadnz|hourly,2026-08-17T18:48:05Z,2026-08-17T18:48:05Z,
34.26.106.24,ipv4,malicious-ip,medium,WHITE,ziyadnz/hourly-ipv4,ziyadnz|hourly,2026-08-17T18:48:05Z,2026-08-17T18:48:05Z,
34.26.112.130,ipv4,malicious-ip,medium,WHITE,ziyadnz/hourly-ipv4,ziyadnz|hourly,2026-08-17T18:48:05Z,2026-08-17T18:48:05Z,
34.26.123.45,ipv4,malicious-ip,medium,WHITE,ziyadnz/hourly-ipv4,ziyadnz|hourly,2026-08-17T18:48:05Z,2026-08-17T18:48:05Z,
34.26.133.101,ipv4,malicious-ip,medium,WHITE,ziyadnz/hourly-ipv4,ziyadnz|hourly,2026-08-17T18:48:05Z,2026-08-17T18:48:05Z,
34.26.138.152,ipv4,malicious-ip,medium,WHITE,ziyadnz/hourly-ipv4,ziyadnz|hourly,2026-08-17T18:48:05Z,2026-08-17T18:48:05Z,
34.26.153.142,ipv4,malicious-ip,medium,WHITE,ziyadnz/hourly-ipv4,ziyadnz|hourly,2026-08-17T18:48:05Z,2026-08-17T18:48:05Z,
34.26.159.247,ipv4,malicious-ip,medium,WHITE,ziyadnz/hourly-ipv4,ziyadnz|hourly,2026-08-17T18:48:05Z,2026-08-17T18:48:05Z,
34.26.175.209,ipv4,malicious-ip,medium,WHITE,ziyadnz/hourly-ipv4,ziyadnz|hourly,2026-08-17T18:48:05Z,2026-08-17T18:48:05Z,
34.26.185.254,ipv4,malicious-ip,medium,WHITE,ziyadnz/hourly-ipv4,ziyadnz|hourly,2026-08-17T18:48:05Z,2026-08-17T18:48:05Z,
34.26.196.83,ipv4,malicious-ip,medium,WHITE,ziyadnz/hourly-ipv4,ziyadnz|hourly,2026-08-17T18:48:05Z,2026-08-17T18:48:05Z,
34.26.202.64,ipv4,malicious-ip,medium,WHITE,ziyadnz/hourly-ipv4,ziyadnz|hourly,2026-08-17T18:48:05Z,2026-08-17T18:48:05Z,
34.26.219.176,ipv4,malicious-ip,medium,WHITE,ziyadnz/hourly-ipv4,ziyadnz|hourly,2026-08-17T18:48:05Z,2026-08-17T18:48:05Z,
34.26.225.221,ipv4,malicious-ip,medium,WHITE,ziyadnz/hourly-ipv4,ziyadnz|hourly,2026-08-17T18:48:05Z,2026-08-17T18:48:05Z,
34.26.225.65,ipv4,malicious-ip,medium,WHITE,ziyadnz/hourly-ipv4,ziyadnz|hourly,2026-08-17T18:48:05Z,2026-08-17T18:48:05Z,
34.26.225.67,ipv4,malicious-ip,medium,WHITE,ziyadnz/hourly-ipv4,ziyadnz|hourly,2026-08-17T18:48:05Z,2026-08-17T18:48:05Z,
34.26.231.215,ipv4,malicious-ip,medium,WHITE,ziyadnz/hourly-ipv4,ziyadnz|hourly,2026-08-17T18:48:05Z,2026-08-17T18:48:05Z,
34.26.249.128,ipv4,malicious-ip,medium,WHITE,ziyadnz/hourly-ipv4,ziyadnz|hourly,2026-08-17T18:48:05Z,2026-08-17T18:48:05Z,
34.26.29.143,ipv4,malicious-ip,medium,WHITE,ziyadnz/hourly-ipv4,ziyadnz|hourly,2026-08-17T18:48:05Z,2026-08-17T18:48:05Z,
34.26.30.4,ipv4,malicious-ip,medium,WHITE,ziyadnz/hourly-ipv4,ziyadnz|hourly,2026-08-17T18:48:05Z,2026-08-17T18:48:05Z,
34.26.36.243,ipv4,malicious-ip,medium,WHITE,ziyadnz/hourly-ipv4,ziyadnz|hourly,2026-08-17T18:48:05Z,2026-08-17T18:48:05Z,
34.26.57.145,ipv4,malicious-ip,medium,WHITE,ziyadnz/hourly-ipv4,ziyadnz|hourly,2026-08-17T18:48:05Z,2026-08-17T18:48:05Z,
34.26.77.79,ipv4,malicious-ip,medium,WHITE,ziyadnz/hourly-ipv4,ziyadnz|hourly,2026-08-17T18:48:05Z,2026-08-17T18:48:05Z,
34.26.8.75,ipv4,malicious-ip,medium,WHITE,ziyadnz/hourly-ipv4,ziyadnz|hourly,2026-08-17T18:48:05Z,2026-08-17T18:48:05Z,
34.26.83.49,ipv4,malicious-ip,medium,WHITE,ziyadnz/hourly-ipv4,ziyadnz|hourly,2026-08-17T18:48:05Z,2026-08-17T18:48:05Z,
34.27.27.186,ipv4,malicious-ip,medium,WHITE,ziyadnz/hourly-ipv4,ziyadnz|hourly,2026-08-17T18:48:05Z,2026-08-17T18:48:05Z,
34.27.42.6,ipv4,malicious-ip,medium,WHITE,ziyadnz/hourly-ipv4,ziyadnz|hourly,2026-08-17T18:48:05Z,2026-08-17T18:48:05Z,
34.27.62.173,ipv4,malicious-ip,medium,WHITE,ziyadnz/hourly-ipv4,ziyadnz|hourly,2026-08-17T18:48:05Z,2026-08-17T18:48:05Z,
34.28.187.122,ipv4,malicious-ip,medium,WHITE,ziyadnz/hourly-ipv4,ziyadnz|hourly,2026-08-17T18:48:05Z,2026-08-17T18:48:05Z,
34.28.233.29,ipv4,malicious-ip,medium,WHITE,ziyadnz/hourly-ipv4,ziyadnz|hourly,2026-08-17T18:48:05Z,2026-08-17T18:48:05Z,
34.29.194.125,ipv4,malicious-ip,medium,WHITE,ziyadnz/hourly-ipv4,ziyadnz|hourly,2026-08-17T18:48:05Z,2026-08-17T18:48:05Z,
34.29.54.42,ipv4,malicious-ip,medium,WHITE,ziyadnz/hourly-ipv4,ziyadnz|hourly,2026-08-17T18:48:05Z,2026-08-17T18:48:05Z,
34.30.182.132,ipv4,malicious-ip,medium,WHITE,ziyadnz/hourly-ipv4,ziyadnz|hourly,2026-08-17T18:48:05Z,2026-08-17T18:48:05Z,
34.30.252.77,ipv4,malicious-ip,medium,WHITE,ziyadnz/hourly-ipv4,ziyadnz|hourly,2026-08-17T18:48:05Z,2026-08-17T18:48:05Z,
34.30.61.112,ipv4,malicious-ip,medium,WHITE,ziyadnz/hourly-ipv4,ziyadnz|hourly,2026-08-17T18:48:05Z,2026-08-17T18:48:05Z,
34.31.189.181,ipv4,malicious-ip,medium,WHITE,ziyadnz/hourly-ipv4,ziyadnz|hourly,2026-08-17T18:48:05Z,2026-08-17T18:48:05Z,
34.31.203.120,ipv4,malicious-ip,medium,WHITE,ziyadnz/hourly-ipv4,ziyadnz|hourly,2026-08-17T18:48:05Z,2026-08-17T18:48:05Z,
34.31.206.240,ipv4,malicious-ip,medium,WHITE,ziyadnz/hourly-ipv4,ziyadnz|hourly,2026-08-17T18:48:05Z,2026-08-17T18:48:05Z,
34.31.213.92,ipv4,malicious-ip,medium,WHITE,ziyadnz/hourly-ipv4,ziyadnz|hourly,2026-08-17T18:48:05Z,2026-08-17T18:48:05Z,
34.31.220.64,ipv4,malicious-ip,medium,WHITE,ziyadnz/hourly-ipv4,ziyadnz|hourly,2026-08-17T18:48:05Z,2026-08-17T18:48:05Z,
34.31.71.6,ipv4,malicious-ip,medium,WHITE,ziyadnz/hourly-ipv4,ziyadnz|hourly,2026-08-17T18:48:05Z,2026-08-17T18:48:05Z,
34.31.99.156,ipv4,malicious-ip,medium,WHITE,ziyadnz/hourly-ipv4,ziyadnz|hourly,2026-08-17T18:48:05Z,2026-08-17T18:48:05Z,
34.32.189.58,ipv4,malicious-ip,medium,WHITE,ziyadnz/hourly-ipv4,ziyadnz|hourly,2026-08-17T18:48:05Z,2026-08-17T18:48:05Z,
34.32.225.205,ipv4,malicious-ip,medium,WHITE,ziyadnz/hourly-ipv4,ziyadnz|hourly,2026-08-17T18:48:05Z,2026-08-17T18:48:05Z,
34.34.118.230,ipv4,malicious-ip,medium,WHITE,ziyadnz/hourly-ipv4,ziyadnz|hourly,2026-08-17T18:48:05Z,2026-08-17T18:48:05Z,
34.34.12.109,ipv4,malicious-ip,medium,WHITE,ziyadnz/hourly-ipv4,ziyadnz|hourly,2026-08-17T18:48:05Z,2026-08-17T18:48:05Z,
34.34.138.170,ipv4,malicious-ip,medium,WHITE,ziyadnz/hourly-ipv4,ziyadnz|hourly,2026-08-17T18:48:05Z,2026-08-17T18:48:05Z,
34.34.15.42,ipv4,malicious-ip,medium,WHITE,ziyadnz/hourly-ipv4,ziyadnz|hourly,2026-08-17T18:48:05Z,2026-08-17T18:48:05Z,
34.34.151.205,ipv4,malicious-ip,medium,WHITE,ziyadnz/hourly-ipv4,ziyadnz|hourly,2026-08-17T18:48:05Z,2026-08-17T18:48:05Z,
34.34.166.170,ipv4,malicious-ip,medium,WHITE,ziyadnz/hourly-ipv4,ziyadnz|hourly,2026-08-17T18:48:05Z,2026-08-17T18:48:05Z,
34.34.185.169,ipv4,malicious-ip,medium,WHITE,ziyadnz/hourly-ipv4,ziyadnz|hourly,2026-08-17T18:48:05Z,2026-08-17T18:48:05Z,
34.34.185.236,ipv4,malicious-ip,medium,WHITE,ziyadnz/hourly-ipv4,ziyadnz|hourly,2026-08-17T18:48:05Z,2026-08-17T18:48:05Z,
34.34.190.37,ipv4,malicious-ip,medium,WHITE,ziyadnz/hourly-ipv4,ziyadnz|hourly,2026-08-17T18:48:05Z,2026-08-17T18:48:05Z,
34.34.223.108,ipv4,malicious-ip,medium,WHITE,ziyadnz/hourly-ipv4,ziyadnz|hourly,2026-08-17T18:48:05Z,2026-08-17T18:48:05Z,
34.34.65.97,ipv4,malicious-ip,medium,WHITE,ziyadnz/hourly-ipv4,ziyadnz|hourly,2026-08-17T18:48:05Z,2026-08-17T18:48:05Z,
34.34.84.121,ipv4,malicious-ip,medium,WHITE,ziyadnz/hourly-ipv4,ziyadnz|hourly,2026-08-17T18:48:05Z,2026-08-17T18:48:05Z,
34.35.139.195,ipv4,malicious-ip,medium,WHITE,ziyadnz/hourly-ipv4,ziyadnz|hourly,2026-08-17T18:48:05Z,2026-08-17T18:48:05Z,
34.35.70.255,ipv4,malicious-ip,medium,WHITE,ziyadnz/hourly-ipv4,ziyadnz|hourly,2026-08-17T18:48:05Z,2026-08-17T18:48:05Z,
34.38.104.86,ipv4,malicious-ip,medium,WHITE,ziyadnz/hourly-ipv4,ziyadnz|hourly,2026-08-17T18:48:05Z,2026-08-17T18:48:05Z,
34.38.108.126,ipv4,malicious-ip,medium,WHITE,ziyadnz/hourly-ipv4,ziyadnz|hourly,2026-08-17T18:48:05Z,2026-08-17T18:48:05Z,
34.38.114.216,ipv4,malicious-ip,medium,WHITE,ziyadnz/hourly-ipv4,ziyadnz|hourly,2026-08-17T18:48:05Z,2026-08-17T18:48:05Z,
34.38.114.9,ipv4,malicious-ip,medium,WHITE,ziyadnz/hourly-ipv4,ziyadnz|hourly,2026-08-17T18:48:05Z,2026-08-17T18:48:05Z,
34.38.125.174,ipv4,malicious-ip,medium,WHITE,ziyadnz/hourly-ipv4,ziyadnz|hourly,2026-08-17T18:48:05Z,2026-08-17T18:48:05Z,
34.38.133.229,ipv4,malicious-ip,medium,WHITE,ziyadnz/hourly-ipv4,ziyadnz|hourly,2026-08-17T18:48:05Z,2026-08-17T18:48:05Z,
34.38.133.84,ipv4,malicious-ip,medium,WHITE,ziyadnz/hourly-ipv4,ziyadnz|hourly,2026-08-17T18:48:05Z,2026-08-17T18:48:05Z,
34.38.139.5,ipv4,malicious-ip,medium,WHITE,ziyadnz/hourly-ipv4,ziyadnz|hourly,2026-08-17T18:48:05Z,2026-08-17T18:48:05Z,
34.38.15.225,ipv4,malicious-ip,medium,WHITE,ziyadnz/hourly-ipv4,ziyadnz|hourly,2026-08-17T18:48:05Z,2026-08-17T18:48:05Z,
34.38.153.155,ipv4,malicious-ip,medium,WHITE,ziyadnz/hourly-ipv4,ziyadnz|hourly,2026-08-17T18:48:05Z,2026-08-17T18:48:05Z,
34.38.154.176,ipv4,malicious-ip,medium,WHITE,ziyadnz/hourly-ipv4,ziyadnz|hourly,2026-08-17T18:48:05Z,2026-08-17T18:48:05Z,
34.38.155.223,ipv4,malicious-ip,medium,WHITE,ziyadnz/hourly-ipv4,ziyadnz|hourly,2026-08-17T18:48:05Z,2026-08-17T18:48:05Z,
34.38.161.196,ipv4,malicious-ip,medium,WHITE,ziyadnz/hourly-ipv4,ziyadnz|hourly,2026-08-17T18:48:05Z,2026-08-17T18:48:05Z,
34.38.185.57,ipv4,malicious-ip,medium,WHITE,ziyadnz/hourly-ipv4,ziyadnz|hourly,2026-08-17T18:48:05Z,2026-08-17T18:48:05Z,
34.38.197.6,ipv4,malicious-ip,medium,WHITE,ziyadnz/hourly-ipv4,ziyadnz|hourly,2026-08-17T18:48:05Z,2026-08-17T18:48:05Z,
34.38.20.1,ipv4,malicious-ip,medium,WHITE,ziyadnz/hourly-ipv4,ziyadnz|hourly,2026-08-17T18:48:05Z,2026-08-17T18:48:05Z,
34.38.205.10,ipv4,malicious-ip,medium,WHITE,ziyadnz/hourly-ipv4,ziyadnz|hourly,2026-08-17T18:48:05Z,2026-08-17T18:48:05Z,
34.38.214.20,ipv4,malicious-ip,medium,WHITE,ziyadnz/hourly-ipv4,ziyadnz|hourly,2026-08-17T18:48:05Z,2026-08-17T18:48:05Z,
34.38.229.14,ipv4,malicious-ip,medium,WHITE,ziyadnz/hourly-ipv4,ziyadnz|hourly,2026-08-17T18:48:05Z,2026-08-17T18:48:05Z,
34.38.230.60,ipv4,malicious-ip,medium,WHITE,ziyadnz/hourly-ipv4,ziyadnz|hourly,2026-08-17T18:48:05Z,2026-08-17T18:48:05Z,
34.38.232.134,ipv4,malicious-ip,medium,WHITE,ziyadnz/hourly-ipv4,ziyadnz|hourly,2026-08-17T18:48:05Z,2026-08-17T18:48:05Z,
34.38.232.3,ipv4,malicious-ip,medium,WHITE,ziyadnz/hourly-ipv4,ziyadnz|hourly,2026-08-17T18:48:05Z,2026-08-17T18:48:05Z,
34.38.237.211,ipv4,malicious-ip,medium,WHITE,ziyadnz/hourly-ipv4,ziyadnz|hourly,2026-08-17T18:48:05Z,2026-08-17T18:48:05Z,
34.38.237.247,ipv4,malicious-ip,medium,WHITE,ziyadnz/hourly-ipv4,ziyadnz|hourly,2026-08-17T18:48:05Z,2026-08-17T18:48:05Z,
34.38.243.96,ipv4,malicious-ip,medium,WHITE,ziyadnz/hourly-ipv4,ziyadnz|hourly,2026-08-17T18:48:05Z,2026-08-17T18:48:05Z,
34.38.245.25,ipv4,malicious-ip,medium,WHITE,ziyadnz/hourly-ipv4,ziyadnz|hourly,2026-08-17T18:48:05Z,2026-08-17T18:48:05Z,
34.38.249.115,ipv4,malicious-ip,medium,WHITE,ziyadnz/hourly-ipv4,ziyadnz|hourly,2026-08-17T18:48:05Z,2026-08-17T18:48:05Z,
34.38.254.144,ipv4,malicious-ip,medium,WHITE,ziyadnz/hourly-ipv4,ziyadnz|hourly,2026-08-17T18:48:05Z,2026-08-17T18:48:05Z,
34.38.65.41,ipv4,malicious-ip,medium,WHITE,ziyadnz/hourly-ipv4,ziyadnz|hourly,2026-08-17T18:48:05Z,2026-08-17T18:48:05Z,
34.38.91.225,ipv4,malicious-ip,medium,WHITE,ziyadnz/hourly-ipv4,ziyadnz|hourly,2026-08-17T18:48:05Z,2026-08-17T18:48:05Z,
34.38.93.139,ipv4,malicious-ip,medium,WHITE,ziyadnz/hourly-ipv4,ziyadnz|hourly,2026-08-17T18:48:05Z,2026-08-17T18:48:05Z,
34.38.96.1,ipv4,malicious-ip,medium,WHITE,ziyadnz/hourly-ipv4,ziyadnz|hourly,2026-08-17T18:48:05Z,2026-08-17T18:48:05Z,
34.38.98.247,ipv4,malicious-ip,medium,WHITE,ziyadnz/hourly-ipv4,ziyadnz|hourly,2026-08-17T18:48:05Z,2026-08-17T18:48:05Z,
34.39.161.96,ipv4,malicious-ip,medium,WHITE,ziyadnz/hourly-ipv4,ziyadnz|hourly,2026-08-17T18:48:05Z,2026-08-17T18:48:05Z,
34.39.58.191,ipv4,malicious-ip,medium,WHITE,ziyadnz/hourly-ipv4,ziyadnz|hourly,2026-08-17T18:48:05Z,2026-08-17T18:48:05Z,
34.39.95.255,ipv4,malicious-ip,medium,WHITE,ziyadnz/hourly-ipv4,ziyadnz|hourly,2026-08-17T18:48:05Z,2026-08-17T18:48:05Z,
34.40.39.31,ipv4,malicious-ip,medium,WHITE,ziyadnz/hourly-ipv4,ziyadnz|hourly,2026-08-17T18:48:05Z,2026-08-17T18:48:05Z,
34.40.47.120,ipv4,malicious-ip,medium,WHITE,ziyadnz/hourly-ipv4,ziyadnz|hourly,2026-08-17T18:48:05Z,2026-08-17T18:48:05Z,
34.41.162.139,ipv4,malicious-ip,medium,WHITE,ziyadnz/hourly-ipv4,ziyadnz|hourly,2026-08-17T18:48:05Z,2026-08-17T18:48:05Z,
34.41.163.97,ipv4,malicious-ip,medium,WHITE,ziyadnz/hourly-ipv4,ziyadnz|hourly,2026-08-17T18:48:05Z,2026-08-17T18:48:05Z,
34.41.239.187,ipv4,malicious-ip,medium,WHITE,ziyadnz/hourly-ipv4,ziyadnz|hourly,2026-08-17T18:48:05Z,2026-08-17T18:48:05Z,
34.41.99.32,ipv4,malicious-ip,medium,WHITE,ziyadnz/hourly-ipv4,ziyadnz|hourly,2026-08-17T18:48:05Z,2026-08-17T18:48:05Z,
34.42.14.20,ipv4,malicious-ip,medium,WHITE,ziyadnz/hourly-ipv4,ziyadnz|hourly,2026-08-17T18:48:05Z,2026-08-17T18:48:05Z,
34.42.158.113,ipv4,malicious-ip,medium,WHITE,ziyadnz/hourly-ipv4,ziyadnz|hourly,2026-08-17T18:48:05Z,2026-08-17T18:48:05Z,
34.42.180.246,ipv4,malicious-ip,medium,WHITE,ziyadnz/hourly-ipv4,ziyadnz|hourly,2026-08-17T18:48:05Z,2026-08-17T18:48:05Z,
34.42.191.30,ipv4,malicious-ip,medium,WHITE,ziyadnz/hourly-ipv4,ziyadnz|hourly,2026-08-17T18:48:05Z,2026-08-17T18:48:05Z,
34.42.21.27,ipv4,malicious-ip,medium,WHITE,ziyadnz/hourly-ipv4,ziyadnz|hourly,2026-08-17T18:48:05Z,2026-08-17T18:48:05Z,
34.44.100.235,ipv4,malicious-ip,medium,WHITE,ziyadnz/hourly-ipv4,ziyadnz|hourly,2026-08-17T18:48:05Z,2026-08-17T18:48:05Z,
34.44.142.114,ipv4,malicious-ip,medium,WHITE,ziyadnz/hourly-ipv4,ziyadnz|hourly,2026-08-17T18:48:05Z,2026-08-17T18:48:05Z,
34.44.155.197,ipv4,malicious-ip,medium,WHITE,ziyadnz/hourly-ipv4,ziyadnz|hourly,2026-08-17T18:48:05Z,2026-08-17T18:48:05Z,
34.44.179.242,ipv4,malicious-ip,medium,WHITE,ziyadnz/hourly-ipv4,ziyadnz|hourly,2026-08-17T18:48:05Z,2026-08-17T18:48:05Z,
34.44.183.157,ipv4,malicious-ip,medium,WHITE,ziyadnz/hourly-ipv4,ziyadnz|hourly,2026-08-17T18:48:05Z,2026-08-17T18:48:05Z,
34.44.196.215,ipv4,malicious-ip,medium,WHITE,ziyadnz/hourly-ipv4,ziyadnz|hourly,2026-08-17T18:48:05Z,2026-08-17T18:48:05Z,
34.44.216.2,ipv4,malicious-ip,medium,WHITE,ziyadnz/hourly-ipv4,ziyadnz|hourly,2026-08-17T18:48:05Z,2026-08-17T18:48:05Z,
34.44.246.108,ipv4,malicious-ip,medium,WHITE,ziyadnz/hourly-ipv4,ziyadnz|hourly,2026-08-17T18:48:05Z,2026-08-17T18:48:05Z,
34.44.65.136,ipv4,malicious-ip,medium,WHITE,ziyadnz/hourly-ipv4,ziyadnz|hourly,2026-08-17T18:48:05Z,2026-08-17T18:48:05Z,
34.45.187.128,ipv4,malicious-ip,medium,WHITE,ziyadnz/hourly-ipv4,ziyadnz|hourly,2026-08-17T18:48:05Z,2026-08-17T18:48:05Z,
34.45.216.43,ipv4,malicious-ip,medium,WHITE,ziyadnz/hourly-ipv4,ziyadnz|hourly,2026-08-17T18:48:05Z,2026-08-17T18:48:05Z,
34.45.218.229,ipv4,malicious-ip,medium,WHITE,ziyadnz/hourly-ipv4,ziyadnz|hourly,2026-08-17T18:48:05Z,2026-08-17T18:48:05Z,
34.46.0.142,ipv4,malicious-ip,medium,WHITE,ziyadnz/hourly-ipv4,ziyadnz|hourly,2026-08-17T18:48:05Z,2026-08-17T18:48:05Z,
34.46.120.62,ipv4,malicious-ip,medium,WHITE,ziyadnz/hourly-ipv4,ziyadnz|hourly,2026-08-17T18:48:05Z,2026-08-17T18:48:05Z,
34.46.156.91,ipv4,malicious-ip,medium,WHITE,ziyadnz/hourly-ipv4,ziyadnz|hourly,2026-08-17T18:48:05Z,2026-08-17T18:48:05Z,
34.47.113.238,ipv4,malicious-ip,medium,WHITE,ziyadnz/hourly-ipv4,ziyadnz|hourly,2026-08-17T18:48:05Z,2026-08-17T18:48:05Z,
34.47.117.139,ipv4,malicious-ip,medium,WHITE,ziyadnz/hourly-ipv4,ziyadnz|hourly,2026-08-17T18:48:05Z,2026-08-17T18:48:05Z,
34.48.108.205,ipv4,malicious-ip,medium,WHITE,ziyadnz/hourly-ipv4,ziyadnz|hourly,2026-08-17T18:48:05Z,2026-08-17T18:48:05Z,
34.48.112.158,ipv4,malicious-ip,medium,WHITE,ziyadnz/hourly-ipv4,ziyadnz|hourly,2026-08-17T18:48:05Z,2026-08-17T18:48:05Z,
34.48.140.215,ipv4,malicious-ip,medium,WHITE,ziyadnz/hourly-ipv4,ziyadnz|hourly,2026-08-17T18:48:05Z,2026-08-17T18:48:05Z,
34.48.147.222,ipv4,malicious-ip,medium,WHITE,ziyadnz/hourly-ipv4,ziyadnz|hourly,2026-08-17T18:48:05Z,2026-08-17T18:48:05Z,
34.48.152.123,ipv4,malicious-ip,medium,WHITE,ziyadnz/hourly-ipv4,ziyadnz|hourly,2026-08-17T18:48:05Z,2026-08-17T18:48:05Z,
34.48.153.63,ipv4,malicious-ip,medium,WHITE,ziyadnz/hourly-ipv4,ziyadnz|hourly,2026-08-17T18:48:05Z,2026-08-17T18:48:05Z,
34.48.159.32,ipv4,malicious-ip,medium,WHITE,ziyadnz/hourly-ipv4,ziyadnz|hourly,2026-08-17T18:48:05Z,2026-08-17T18:48:05Z,
34.48.16.172,ipv4,malicious-ip,medium,WHITE,ziyadnz/hourly-ipv4,ziyadnz|hourly,2026-08-17T18:48:05Z,2026-08-17T18:48:05Z,
34.48.160.113,ipv4,malicious-ip,medium,WHITE,ziyadnz/hourly-ipv4,ziyadnz|hourly,2026-08-17T18:48:05Z,2026-08-17T18:48:05Z,
34.48.176.250,ipv4,malicious-ip,medium,WHITE,ziyadnz/hourly-ipv4,ziyadnz|hourly,2026-08-17T18:48:05Z,2026-08-17T18:48:05Z,
34.48.179.192,ipv4,malicious-ip,medium,WHITE,ziyadnz/hourly-ipv4,ziyadnz|hourly,2026-08-17T18:48:05Z,2026-08-17T18:48:05Z,
34.48.179.67,ipv4,malicious-ip,medium,WHITE,ziyadnz/hourly-ipv4,ziyadnz|hourly,2026-08-17T18:48:05Z,2026-08-17T18:48:05Z,
34.48.183.88,ipv4,malicious-ip,medium,WHITE,ziyadnz/hourly-ipv4,ziyadnz|hourly,2026-08-17T18:48:05Z,2026-08-17T18:48:05Z,
34.48.194.31,ipv4,malicious-ip,medium,WHITE,ziyadnz/hourly-ipv4,ziyadnz|hourly,2026-08-17T18:48:05Z,2026-08-17T18:48:05Z,
34.48.196.204,ipv4,malicious-ip,medium,WHITE,ziyadnz/hourly-ipv4,ziyadnz|hourly,2026-08-17T18:48:05Z,2026-08-17T18:48:05Z,
34.48.201.137,ipv4,malicious-ip,medium,WHITE,ziyadnz/hourly-ipv4,ziyadnz|hourly,2026-08-17T18:48:05Z,2026-08-17T18:48:05Z,
34.48.239.126,ipv4,malicious-ip,medium,WHITE,ziyadnz/hourly-ipv4,ziyadnz|hourly,2026-08-17T18:48:05Z,2026-08-17T18:48:05Z,
34.48.251.181,ipv4,malicious-ip,medium,WHITE,ziyadnz/hourly-ipv4,ziyadnz|hourly,2026-08-17T18:48:05Z,2026-08-17T18:48:05Z,
34.48.32.16,ipv4,malicious-ip,medium,WHITE,ziyadnz/hourly-ipv4,ziyadnz|hourly,2026-08-17T18:48:05Z,2026-08-17T18:48:05Z,
34.48.36.27,ipv4,malicious-ip,medium,WHITE,ziyadnz/hourly-ipv4,ziyadnz|hourly,2026-08-17T18:48:05Z,2026-08-17T18:48:05Z,
34.48.41.31,ipv4,malicious-ip,medium,WHITE,ziyadnz/hourly-ipv4,ziyadnz|hourly,2026-08-17T18:48:05Z,2026-08-17T18:48:05Z,
34.48.41.82,ipv4,malicious-ip,medium,WHITE,ziyadnz/hourly-ipv4,ziyadnz|hourly,2026-08-17T18:48:05Z,2026-08-17T18:48:05Z,
34.48.47.146,ipv4,malicious-ip,medium,WHITE,ziyadnz/hourly-ipv4,ziyadnz|hourly,2026-08-17T18:48:05Z,2026-08-17T18:48:05Z,
34.48.73.79,ipv4,malicious-ip,medium,WHITE,ziyadnz/hourly-ipv4,ziyadnz|hourly,2026-08-17T18:48:05Z,2026-08-17T18:48:05Z,
34.48.9.209,ipv4,malicious-ip,medium,WHITE,ziyadnz/hourly-ipv4,ziyadnz|hourly,2026-08-17T18:48:05Z,2026-08-17T18:48:05Z,
34.50.161.212,ipv4,malicious-ip,medium,WHITE,ziyadnz/hourly-ipv4,ziyadnz|hourly,2026-08-17T18:48:05Z,2026-08-17T18:48:05Z,
34.50.176.139,ipv4,malicious-ip,medium,WHITE,ziyadnz/hourly-ipv4,ziyadnz|hourly,2026-08-17T18:48:05Z,2026-08-17T18:48:05Z,
34.50.185.87,ipv4,malicious-ip,medium,WHITE,ziyadnz/hourly-ipv4,ziyadnz|hourly,2026-08-17T18:48:05Z,2026-08-17T18:48:05Z,
34.50.186.116,ipv4,malicious-ip,medium,WHITE,ziyadnz/hourly-ipv4,ziyadnz|hourly,2026-08-17T18:48:05Z,2026-08-17T18:48:05Z,
34.51.100.165,ipv4,malicious-ip,medium,WHITE,ziyadnz/hourly-ipv4,ziyadnz|hourly,2026-08-17T18:48:05Z,2026-08-17T18:48:05Z,
34.51.213.81,ipv4,malicious-ip,medium,WHITE,ziyadnz/hourly-ipv4,ziyadnz|hourly,2026-08-17T18:48:05Z,2026-08-17T18:48:05Z,
34.52.133.3,ipv4,malicious-ip,medium,WHITE,ziyadnz/hourly-ipv4,ziyadnz|hourly,2026-08-17T18:48:05Z,2026-08-17T18:48:05Z,
34.52.137.190,ipv4,malicious-ip,medium,WHITE,ziyadnz/hourly-ipv4,ziyadnz|hourly,2026-08-17T18:48:05Z,2026-08-17T18:48:05Z,
34.52.139.66,ipv4,malicious-ip,medium,WHITE,ziyadnz/hourly-ipv4,ziyadnz|hourly,2026-08-17T18:48:05Z,2026-08-17T18:48:05Z,
34.52.140.183,ipv4,malicious-ip,medium,WHITE,ziyadnz/hourly-ipv4,ziyadnz|hourly,2026-08-17T18:48:05Z,2026-08-17T18:48:05Z,
34.52.159.185,ipv4,malicious-ip,medium,WHITE,ziyadnz/hourly-ipv4,ziyadnz|hourly,2026-08-17T18:48:05Z,2026-08-17T18:48:05Z,
34.52.167.244,ipv4,malicious-ip,medium,WHITE,ziyadnz/hourly-ipv4,ziyadnz|hourly,2026-08-17T18:48:05Z,2026-08-17T18:48:05Z,
34.52.168.85,ipv4,malicious-ip,medium,WHITE,ziyadnz/hourly-ipv4,ziyadnz|hourly,2026-08-17T18:48:05Z,2026-08-17T18:48:05Z,
34.52.169.0,ipv4,malicious-ip,medium,WHITE,ziyadnz/hourly-ipv4,ziyadnz|hourly,2026-08-17T18:48:05Z,2026-08-17T18:48:05Z,
34.52.171.29,ipv4,malicious-ip,medium,WHITE,ziyadnz/hourly-ipv4,ziyadnz|hourly,2026-08-17T18:48:05Z,2026-08-17T18:48:05Z,
34.52.176.171,ipv4,malicious-ip,medium,WHITE,ziyadnz/hourly-ipv4,ziyadnz|hourly,2026-08-17T18:48:05Z,2026-08-17T18:48:05Z,
34.52.177.86,ipv4,malicious-ip,medium,WHITE,ziyadnz/hourly-ipv4,ziyadnz|hourly,2026-08-17T18:48:05Z,2026-08-17T18:48:05Z,
34.52.178.179,ipv4,malicious-ip,medium,WHITE,ziyadnz/hourly-ipv4,ziyadnz|hourly,2026-08-17T18:48:05Z,2026-08-17T18:48:05Z,
34.52.178.4,ipv4,malicious-ip,medium,WHITE,ziyadnz/hourly-ipv4,ziyadnz|hourly,2026-08-17T18:48:05Z,2026-08-17T18:48:05Z,
34.52.182.132,ipv4,malicious-ip,medium,WHITE,ziyadnz/hourly-ipv4,ziyadnz|hourly,2026-08-17T18:48:05Z,2026-08-17T18:48:05Z,
34.52.196.56,ipv4,malicious-ip,medium,WHITE,ziyadnz/hourly-ipv4,ziyadnz|hourly,2026-08-17T18:48:05Z,2026-08-17T18:48:05Z,
34.52.200.5,ipv4,malicious-ip,medium,WHITE,ziyadnz/hourly-ipv4,ziyadnz|hourly,2026-08-17T18:48:05Z,2026-08-17T18:48:05Z,
34.52.203.32,ipv4,malicious-ip,medium,WHITE,ziyadnz/hourly-ipv4,ziyadnz|hourly,2026-08-17T18:48:05Z,2026-08-17T18:48:05Z,
34.52.225.238,ipv4,malicious-ip,medium,WHITE,ziyadnz/hourly-ipv4,ziyadnz|hourly,2026-08-17T18:48:05Z,2026-08-17T18:48:05Z,
34.52.225.43,ipv4,malicious-ip,medium,WHITE,ziyadnz/hourly-ipv4,ziyadnz|hourly,2026-08-17T18:48:05Z,2026-08-17T18:48:05Z,
34.52.225.95,ipv4,malicious-ip,medium,WHITE,ziyadnz/hourly-ipv4,ziyadnz|hourly,2026-08-17T18:48:05Z,2026-08-17T18:48:05Z,
34.52.229.132,ipv4,malicious-ip,medium,WHITE,ziyadnz/hourly-ipv4,ziyadnz|hourly,2026-08-17T18:48:05Z,2026-08-17T18:48:05Z,
34.52.230.167,ipv4,malicious-ip,medium,WHITE,ziyadnz/hourly-ipv4,ziyadnz|hourly,2026-08-17T18:48:05Z,2026-08-17T18:48:05Z,
34.52.244.47,ipv4,malicious-ip,medium,WHITE,ziyadnz/hourly-ipv4,ziyadnz|hourly,2026-08-17T18:48:05Z,2026-08-17T18:48:05Z,
34.53.102.36,ipv4,malicious-ip,medium,WHITE,ziyadnz/hourly-ipv4,ziyadnz|hourly,2026-08-17T18:48:05Z,2026-08-17T18:48:05Z,
34.53.119.161,ipv4,malicious-ip,medium,WHITE,ziyadnz/hourly-ipv4,ziyadnz|hourly,2026-08-17T18:48:05Z,2026-08-17T18:48:05Z,
34.53.131.93,ipv4,malicious-ip,medium,WHITE,ziyadnz/hourly-ipv4,ziyadnz|hourly,2026-08-17T18:48:05Z,2026-08-17T18:48:05Z,
34.53.140.24,ipv4,malicious-ip,medium,WHITE,ziyadnz/hourly-ipv4,ziyadnz|hourly,2026-08-17T18:48:05Z,2026-08-17T18:48:05Z,
34.53.150.181,ipv4,malicious-ip,medium,WHITE,ziyadnz/hourly-ipv4,ziyadnz|hourly,2026-08-17T18:48:05Z,2026-08-17T18:48:05Z,
34.53.164.145,ipv4,malicious-ip,medium,WHITE,ziyadnz/hourly-ipv4,ziyadnz|hourly,2026-08-17T18:48:05Z,2026-08-17T18:48:05Z,
34.53.171.39,ipv4,malicious-ip,medium,WHITE,ziyadnz/hourly-ipv4,ziyadnz|hourly,2026-08-17T18:48:05Z,2026-08-17T18:48:05Z,
34.53.173.43,ipv4,malicious-ip,medium,WHITE,ziyadnz/hourly-ipv4,ziyadnz|hourly,2026-08-17T18:48:05Z,2026-08-17T18:48:05Z,
34.53.176.164,ipv4,malicious-ip,medium,WHITE,ziyadnz/hourly-ipv4,ziyadnz|hourly,2026-08-17T18:48:05Z,2026-08-17T18:48:05Z,
34.53.181.183,ipv4,malicious-ip,medium,WHITE,ziyadnz/hourly-ipv4,ziyadnz|hourly,2026-08-17T18:48:05Z,2026-08-17T18:48:05Z,
34.53.182.253,ipv4,malicious-ip,medium,WHITE,ziyadnz/hourly-ipv4,ziyadnz|hourly,2026-08-17T18:48:05Z,2026-08-17T18:48:05Z,
34.53.184.224,ipv4,malicious-ip,medium,WHITE,ziyadnz/hourly-ipv4,ziyadnz|hourly,2026-08-17T18:48:05Z,2026-08-17T18:48:05Z,
34.53.189.180,ipv4,malicious-ip,medium,WHITE,ziyadnz/hourly-ipv4,ziyadnz|hourly,2026-08-17T18:48:05Z,2026-08-17T18:48:05Z,
34.53.191.22,ipv4,malicious-ip,medium,WHITE,ziyadnz/hourly-ipv4,ziyadnz|hourly,2026-08-17T18:48:05Z,2026-08-17T18:48:05Z,
34.53.192.217,ipv4,malicious-ip,medium,WHITE,ziyadnz/hourly-ipv4,ziyadnz|hourly,2026-08-17T18:48:05Z,2026-08-17T18:48:05Z,
34.53.194.57,ipv4,malicious-ip,medium,WHITE,ziyadnz/hourly-ipv4,ziyadnz|hourly,2026-08-17T18:48:05Z,2026-08-17T18:48:05Z,
34.53.196.182,ipv4,malicious-ip,medium,WHITE,ziyadnz/hourly-ipv4,ziyadnz|hourly,2026-08-17T18:48:05Z,2026-08-17T18:48:05Z,
34.53.196.43,ipv4,malicious-ip,medium,WHITE,ziyadnz/hourly-ipv4,ziyadnz|hourly,2026-08-17T18:48:05Z,2026-08-17T18:48:05Z,
34.53.198.37,ipv4,malicious-ip,medium,WHITE,ziyadnz/hourly-ipv4,ziyadnz|hourly,2026-08-17T18:48:05Z,2026-08-17T18:48:05Z,
34.53.200.185,ipv4,malicious-ip,medium,WHITE,ziyadnz/hourly-ipv4,ziyadnz|hourly,2026-08-17T18:48:05Z,2026-08-17T18:48:05Z,
34.53.202.156,ipv4,malicious-ip,medium,WHITE,ziyadnz/hourly-ipv4,ziyadnz|hourly,2026-08-17T18:48:05Z,2026-08-17T18:48:05Z,
34.53.208.192,ipv4,malicious-ip,medium,WHITE,ziyadnz/hourly-ipv4,ziyadnz|hourly,2026-08-17T18:48:05Z,2026-08-17T18:48:05Z,
34.53.210.124,ipv4,malicious-ip,medium,WHITE,ziyadnz/hourly-ipv4,ziyadnz|hourly,2026-08-17T18:48:05Z,2026-08-17T18:48:05Z,
34.53.213.125,ipv4,malicious-ip,medium,WHITE,ziyadnz/hourly-ipv4,ziyadnz|hourly,2026-08-17T18:48:05Z,2026-08-17T18:48:05Z,
34.53.213.231,ipv4,malicious-ip,medium,WHITE,ziyadnz/hourly-ipv4,ziyadnz|hourly,2026-08-17T18:48:05Z,2026-08-17T18:48:05Z,
34.53.216.85,ipv4,malicious-ip,medium,WHITE,ziyadnz/hourly-ipv4,ziyadnz|hourly,2026-08-17T18:48:05Z,2026-08-17T18:48:05Z,
34.53.221.238,ipv4,malicious-ip,medium,WHITE,ziyadnz/hourly-ipv4,ziyadnz|hourly,2026-08-17T18:48:05Z,2026-08-17T18:48:05Z,
34.53.229.18,ipv4,malicious-ip,medium,WHITE,ziyadnz/hourly-ipv4,ziyadnz|hourly,2026-08-17T18:48:05Z,2026-08-17T18:48:05Z,
34.53.232.26,ipv4,malicious-ip,medium,WHITE,ziyadnz/hourly-ipv4,ziyadnz|hourly,2026-08-17T18:48:05Z,2026-08-17T18:48:05Z,
34.53.233.72,ipv4,malicious-ip,medium,WHITE,ziyadnz/hourly-ipv4,ziyadnz|hourly,2026-08-17T18:48:05Z,2026-08-17T18:48:05Z,
34.53.238.35,ipv4,malicious-ip,medium,WHITE,ziyadnz/hourly-ipv4,ziyadnz|hourly,2026-08-17T18:48:05Z,2026-08-17T18:48:05Z,
34.53.241.250,ipv4,malicious-ip,medium,WHITE,ziyadnz/hourly-ipv4,ziyadnz|hourly,2026-08-17T18:48:05Z,2026-08-17T18:48:05Z,
34.53.242.36,ipv4,malicious-ip,medium,WHITE,ziyadnz/hourly-ipv4,ziyadnz|hourly,2026-08-17T18:48:05Z,2026-08-17T18:48:05Z,
34.53.246.61,ipv4,malicious-ip,medium,WHITE,ziyadnz/hourly-ipv4,ziyadnz|hourly,2026-08-17T18:48:05Z,2026-08-17T18:48:05Z,
34.53.248.195,ipv4,malicious-ip,medium,WHITE,ziyadnz/hourly-ipv4,ziyadnz|hourly,2026-08-17T18:48:05Z,2026-08-17T18:48:05Z,
34.53.250.215,ipv4,malicious-ip,medium,WHITE,ziyadnz/hourly-ipv4,ziyadnz|hourly,2026-08-17T18:48:05Z,2026-08-17T18:48:05Z,
34.53.36.135,ipv4,malicious-ip,medium,WHITE,ziyadnz/hourly-ipv4,ziyadnz|hourly,2026-08-17T18:48:05Z,2026-08-17T18:48:05Z,
34.53.60.57,ipv4,malicious-ip,medium,WHITE,ziyadnz/hourly-ipv4,ziyadnz|hourly,2026-08-17T18:48:05Z,2026-08-17T18:48:05Z,
34.53.79.248,ipv4,malicious-ip,medium,WHITE,ziyadnz/hourly-ipv4,ziyadnz|hourly,2026-08-17T18:48:05Z,2026-08-17T18:48:05Z,
34.53.90.188,ipv4,malicious-ip,medium,WHITE,ziyadnz/hourly-ipv4,ziyadnz|hourly,2026-08-17T18:48:05Z,2026-08-17T18:48:05Z,
34.55.154.217,ipv4,malicious-ip,medium,WHITE,ziyadnz/hourly-ipv4,ziyadnz|hourly,2026-08-17T18:48:05Z,2026-08-17T18:48:05Z,
34.55.50.241,ipv4,malicious-ip,medium,WHITE,ziyadnz/hourly-ipv4,ziyadnz|hourly,2026-08-17T18:48:05Z,2026-08-17T18:48:05Z,
34.55.72.57,ipv4,malicious-ip,medium,WHITE,ziyadnz/hourly-ipv4,ziyadnz|hourly,2026-08-17T18:48:05Z,2026-08-17T18:48:05Z,
34.56.216.147,ipv4,malicious-ip,medium,WHITE,ziyadnz/hourly-ipv4,ziyadnz|hourly,2026-08-17T18:48:05Z,2026-08-17T18:48:05Z,
34.56.220.217,ipv4,malicious-ip,medium,WHITE,ziyadnz/hourly-ipv4,ziyadnz|hourly,2026-08-17T18:48:05Z,2026-08-17T18:48:05Z,
34.56.223.128,ipv4,malicious-ip,medium,WHITE,ziyadnz/hourly-ipv4,ziyadnz|hourly,2026-08-17T18:48:05Z,2026-08-17T18:48:05Z,
34.56.53.225,ipv4,malicious-ip,medium,WHITE,ziyadnz/hourly-ipv4,ziyadnz|hourly,2026-08-17T18:48:05Z,2026-08-17T18:48:05Z,
34.57.144.95,ipv4,malicious-ip,medium,WHITE,ziyadnz/hourly-ipv4,ziyadnz|hourly,2026-08-17T18:48:05Z,2026-08-17T18:48:05Z,
34.57.181.167,ipv4,malicious-ip,medium,WHITE,ziyadnz/hourly-ipv4,ziyadnz|hourly,2026-08-17T18:48:05Z,2026-08-17T18:48:05Z,
34.57.228.62,ipv4,malicious-ip,medium,WHITE,ziyadnz/hourly-ipv4,ziyadnz|hourly,2026-08-17T18:48:05Z,2026-08-17T18:48:05Z,
34.57.36.253,ipv4,malicious-ip,medium,WHITE,ziyadnz/hourly-ipv4,ziyadnz|hourly,2026-08-17T18:48:05Z,2026-08-17T18:48:05Z,
34.58.139.61,ipv4,malicious-ip,medium,WHITE,ziyadnz/hourly-ipv4,ziyadnz|hourly,2026-08-17T18:48:05Z,2026-08-17T18:48:05Z,
34.58.171.114,ipv4,malicious-ip,medium,WHITE,ziyadnz/hourly-ipv4,ziyadnz|hourly,2026-08-17T18:48:05Z,2026-08-17T18:48:05Z,
34.58.214.232,ipv4,malicious-ip,medium,WHITE,ziyadnz/hourly-ipv4,ziyadnz|hourly,2026-08-17T18:48:05Z,2026-08-17T18:48:05Z,
34.58.255.126,ipv4,malicious-ip,medium,WHITE,ziyadnz/hourly-ipv4,ziyadnz|hourly,2026-08-17T18:48:05Z,2026-08-17T18:48:05Z,
34.59.194.49,ipv4,malicious-ip,medium,WHITE,ziyadnz/hourly-ipv4,ziyadnz|hourly,2026-08-17T18:48:05Z,2026-08-17T18:48:05Z,
34.59.250.193,ipv4,malicious-ip,medium,WHITE,ziyadnz/hourly-ipv4,ziyadnz|hourly,2026-08-17T18:48:05Z,2026-08-17T18:48:05Z,
34.59.44.234,ipv4,malicious-ip,medium,WHITE,ziyadnz/hourly-ipv4,ziyadnz|hourly,2026-08-17T18:48:05Z,2026-08-17T18:48:05Z,
34.6.141.63,ipv4,malicious-ip,medium,WHITE,ziyadnz/hourly-ipv4,ziyadnz|hourly,2026-08-17T18:48:05Z,2026-08-17T18:48:05Z,
34.6.168.74,ipv4,malicious-ip,medium,WHITE,ziyadnz/hourly-ipv4,ziyadnz|hourly,2026-08-17T18:48:05Z,2026-08-17T18:48:05Z,
34.6.20.219,ipv4,malicious-ip,medium,WHITE,ziyadnz/hourly-ipv4,ziyadnz|hourly,2026-08-17T18:48:05Z,2026-08-17T18:48:05Z,
34.6.202.106,ipv4,malicious-ip,medium,WHITE,ziyadnz/hourly-ipv4,ziyadnz|hourly,2026-08-17T18:48:05Z,2026-08-17T18:48:05Z,
34.6.203.90,ipv4,malicious-ip,medium,WHITE,ziyadnz/hourly-ipv4,ziyadnz|hourly,2026-08-17T18:48:05Z,2026-08-17T18:48:05Z,
34.6.233.84,ipv4,malicious-ip,medium,WHITE,ziyadnz/hourly-ipv4,ziyadnz|hourly,2026-08-17T18:48:05Z,2026-08-17T18:48:05Z,
34.6.38.79,ipv4,malicious-ip,medium,WHITE,ziyadnz/hourly-ipv4,ziyadnz|hourly,2026-08-17T18:48:05Z,2026-08-17T18:48:05Z,
34.6.46.201,ipv4,malicious-ip,medium,WHITE,ziyadnz/hourly-ipv4,ziyadnz|hourly,2026-08-17T18:48:05Z,2026-08-17T18:48:05Z,
34.6.69.209,ipv4,malicious-ip,medium,WHITE,ziyadnz/hourly-ipv4,ziyadnz|hourly,2026-08-17T18:48:05Z,2026-08-17T18:48:05Z,
34.6.76.125,ipv4,malicious-ip,medium,WHITE,ziyadnz/hourly-ipv4,ziyadnz|hourly,2026-08-17T18:48:05Z,2026-08-17T18:48:05Z,
34.60.200.17,ipv4,malicious-ip,medium,WHITE,ziyadnz/hourly-ipv4,ziyadnz|hourly,2026-08-17T18:48:05Z,2026-08-17T18:48:05Z,
34.60.235.212,ipv4,malicious-ip,medium,WHITE,ziyadnz/hourly-ipv4,ziyadnz|hourly,2026-08-17T18:48:05Z,2026-08-17T18:48:05Z,
34.60.99.73,ipv4,malicious-ip,medium,WHITE,ziyadnz/hourly-ipv4,ziyadnz|hourly,2026-08-17T18:48:05Z,2026-08-17T18:48:05Z,
34.61.192.64,ipv4,malicious-ip,medium,WHITE,ziyadnz/hourly-ipv4,ziyadnz|hourly,2026-08-17T18:48:05Z,2026-08-17T18:48:05Z,
34.61.242.27,ipv4,malicious-ip,medium,WHITE,ziyadnz/hourly-ipv4,ziyadnz|hourly,2026-08-17T18:48:05Z,2026-08-17T18:48:05Z,
34.61.47.165,ipv4,malicious-ip,medium,WHITE,ziyadnz/hourly-ipv4,ziyadnz|hourly,2026-08-17T18:48:05Z,2026-08-17T18:48:05Z,
34.62.1.188,ipv4,malicious-ip,medium,WHITE,ziyadnz/hourly-ipv4,ziyadnz|hourly,2026-08-17T18:48:05Z,2026-08-17T18:48:05Z,
34.62.10.240,ipv4,malicious-ip,medium,WHITE,ziyadnz/hourly-ipv4,ziyadnz|hourly,2026-08-17T18:48:05Z,2026-08-17T18:48:05Z,
34.62.100.174,ipv4,malicious-ip,medium,WHITE,ziyadnz/hourly-ipv4,ziyadnz|hourly,2026-08-17T18:48:05Z,2026-08-17T18:48:05Z,
34.62.103.225,ipv4,malicious-ip,medium,WHITE,ziyadnz/hourly-ipv4,ziyadnz|hourly,2026-08-17T18:48:05Z,2026-08-17T18:48:05Z,
34.62.103.229,ipv4,malicious-ip,medium,WHITE,ziyadnz/hourly-ipv4,ziyadnz|hourly,2026-08-17T18:48:05Z,2026-08-17T18:48:05Z,
34.62.106.228,ipv4,malicious-ip,medium,WHITE,ziyadnz/hourly-ipv4,ziyadnz|hourly,2026-08-17T18:48:05Z,2026-08-17T18:48:05Z,
34.62.108.65,ipv4,malicious-ip,medium,WHITE,ziyadnz/hourly-ipv4,ziyadnz|hourly,2026-08-17T18:48:05Z,2026-08-17T18:48:05Z,
34.62.112.250,ipv4,malicious-ip,medium,WHITE,ziyadnz/hourly-ipv4,ziyadnz|hourly,2026-08-17T18:48:05Z,2026-08-17T18:48:05Z,
34.62.117.22,ipv4,malicious-ip,medium,WHITE,ziyadnz/hourly-ipv4,ziyadnz|hourly,2026-08-17T18:48:05Z,2026-08-17T18:48:05Z,
34.62.118.252,ipv4,malicious-ip,medium,WHITE,ziyadnz/hourly-ipv4,ziyadnz|hourly,2026-08-17T18:48:05Z,2026-08-17T18:48:05Z,
34.62.123.235,ipv4,malicious-ip,medium,WHITE,ziyadnz/hourly-ipv4,ziyadnz|hourly,2026-08-17T18:48:05Z,2026-08-17T18:48:05Z,
34.62.124.55,ipv4,malicious-ip,medium,WHITE,ziyadnz/hourly-ipv4,ziyadnz|hourly,2026-08-17T18:48:05Z,2026-08-17T18:48:05Z,
34.62.13.113,ipv4,malicious-ip,medium,WHITE,ziyadnz/hourly-ipv4,ziyadnz|hourly,2026-08-17T18:48:05Z,2026-08-17T18:48:05Z,
34.62.13.13,ipv4,malicious-ip,medium,WHITE,ziyadnz/hourly-ipv4,ziyadnz|hourly,2026-08-17T18:48:05Z,2026-08-17T18:48:05Z,
34.62.132.208,ipv4,malicious-ip,medium,WHITE,ziyadnz/hourly-ipv4,ziyadnz|hourly,2026-08-17T18:48:05Z,2026-08-17T18:48:05Z,
34.62.14.51,ipv4,malicious-ip,medium,WHITE,ziyadnz/hourly-ipv4,ziyadnz|hourly,2026-08-17T18:48:05Z,2026-08-17T18:48:05Z,
34.62.144.224,ipv4,malicious-ip,medium,WHITE,ziyadnz/hourly-ipv4,ziyadnz|hourly,2026-08-17T18:48:05Z,2026-08-17T18:48:05Z,
34.62.150.101,ipv4,malicious-ip,medium,WHITE,ziyadnz/hourly-ipv4,ziyadnz|hourly,2026-08-17T18:48:05Z,2026-08-17T18:48:05Z,
34.62.161.219,ipv4,malicious-ip,medium,WHITE,ziyadnz/hourly-ipv4,ziyadnz|hourly,2026-08-17T18:48:05Z,2026-08-17T18:48:05Z,
34.62.164.236,ipv4,malicious-ip,medium,WHITE,ziyadnz/hourly-ipv4,ziyadnz|hourly,2026-08-17T18:48:05Z,2026-08-17T18:48:05Z,
34.62.165.32,ipv4,malicious-ip,medium,WHITE,ziyadnz/hourly-ipv4,ziyadnz|hourly,2026-08-17T18:48:05Z,2026-08-17T18:48:05Z,
34.62.166.252,ipv4,malicious-ip,medium,WHITE,ziyadnz/hourly-ipv4,ziyadnz|hourly,2026-08-17T18:48:05Z,2026-08-17T18:48:05Z,
34.62.168.168,ipv4,malicious-ip,medium,WHITE,ziyadnz/hourly-ipv4,ziyadnz|hourly,2026-08-17T18:48:05Z,2026-08-17T18:48:05Z,
34.62.169.175,ipv4,malicious-ip,medium,WHITE,ziyadnz/hourly-ipv4,ziyadnz|hourly,2026-08-17T18:48:05Z,2026-08-17T18:48:05Z,
34.62.175.133,ipv4,malicious-ip,medium,WHITE,ziyadnz/hourly-ipv4,ziyadnz|hourly,2026-08-17T18:48:05Z,2026-08-17T18:48:05Z,
34.62.177.116,ipv4,malicious-ip,medium,WHITE,ziyadnz/hourly-ipv4,ziyadnz|hourly,2026-08-17T18:48:05Z,2026-08-17T18:48:05Z,
34.62.182.190,ipv4,malicious-ip,medium,WHITE,ziyadnz/hourly-ipv4,ziyadnz|hourly,2026-08-17T18:48:05Z,2026-08-17T18:48:05Z,
34.62.185.23,ipv4,malicious-ip,medium,WHITE,ziyadnz/hourly-ipv4,ziyadnz|hourly,2026-08-17T18:48:05Z,2026-08-17T18:48:05Z,
34.62.187.241,ipv4,malicious-ip,medium,WHITE,ziyadnz/hourly-ipv4,ziyadnz|hourly,2026-08-17T18:48:05Z,2026-08-17T18:48:05Z,
34.62.193.100,ipv4,malicious-ip,medium,WHITE,ziyadnz/hourly-ipv4,ziyadnz|hourly,2026-08-17T18:48:05Z,2026-08-17T18:48:05Z,
34.62.203.137,ipv4,malicious-ip,medium,WHITE,ziyadnz/hourly-ipv4,ziyadnz|hourly,2026-08-17T18:48:05Z,2026-08-17T18:48:05Z,
34.62.204.183,ipv4,malicious-ip,medium,WHITE,ziyadnz/hourly-ipv4,ziyadnz|hourly,2026-08-17T18:48:05Z,2026-08-17T18:48:05Z,
34.62.204.214,ipv4,malicious-ip,medium,WHITE,ziyadnz/hourly-ipv4,ziyadnz|hourly,2026-08-17T18:48:05Z,2026-08-17T18:48:05Z,
34.62.21.137,ipv4,malicious-ip,medium,WHITE,ziyadnz/hourly-ipv4,ziyadnz|hourly,2026-08-17T18:48:05Z,2026-08-17T18:48:05Z,
34.62.212.78,ipv4,malicious-ip,medium,WHITE,ziyadnz/hourly-ipv4,ziyadnz|hourly,2026-08-17T18:48:05Z,2026-08-17T18:48:05Z,
34.62.216.95,ipv4,malicious-ip,medium,WHITE,ziyadnz/hourly-ipv4,ziyadnz|hourly,2026-08-17T18:48:05Z,2026-08-17T18:48:05Z,
34.62.218.9,ipv4,malicious-ip,medium,WHITE,ziyadnz/hourly-ipv4,ziyadnz|hourly,2026-08-17T18:48:05Z,2026-08-17T18:48:05Z,
34.62.223.47,ipv4,malicious-ip,medium,WHITE,ziyadnz/hourly-ipv4,ziyadnz|hourly,2026-08-17T18:48:05Z,2026-08-17T18:48:05Z,
34.62.226.193,ipv4,malicious-ip,medium,WHITE,ziyadnz/hourly-ipv4,ziyadnz|hourly,2026-08-17T18:48:05Z,2026-08-17T18:48:05Z,
34.62.227.109,ipv4,malicious-ip,medium,WHITE,ziyadnz/hourly-ipv4,ziyadnz|hourly,2026-08-17T18:48:05Z,2026-08-17T18:48:05Z,
34.62.227.159,ipv4,malicious-ip,medium,WHITE,ziyadnz/hourly-ipv4,ziyadnz|hourly,2026-08-17T18:48:05Z,2026-08-17T18:48:05Z,
34.62.244.188,ipv4,malicious-ip,medium,WHITE,ziyadnz/hourly-ipv4,ziyadnz|hourly,2026-08-17T18:48:05Z,2026-08-17T18:48:05Z,
34.62.244.82,ipv4,malicious-ip,medium,WHITE,ziyadnz/hourly-ipv4,ziyadnz|hourly,2026-08-17T18:48:05Z,2026-08-17T18:48:05Z,
34.62.246.103,ipv4,malicious-ip,medium,WHITE,ziyadnz/hourly-ipv4,ziyadnz|hourly,2026-08-17T18:48:05Z,2026-08-17T18:48:05Z,
34.62.246.229,ipv4,malicious-ip,medium,WHITE,ziyadnz/hourly-ipv4,ziyadnz|hourly,2026-08-17T18:48:05Z,2026-08-17T18:48:05Z,
34.62.246.47,ipv4,malicious-ip,medium,WHITE,ziyadnz/hourly-ipv4,ziyadnz|hourly,2026-08-17T18:48:05Z,2026-08-17T18:48:05Z,
34.62.250.72,ipv4,malicious-ip,medium,WHITE,ziyadnz/hourly-ipv4,ziyadnz|hourly,2026-08-17T18:48:05Z,2026-08-17T18:48:05Z,
34.62.253.230,ipv4,malicious-ip,medium,WHITE,ziyadnz/hourly-ipv4,ziyadnz|hourly,2026-08-17T18:48:05Z,2026-08-17T18:48:05Z,
34.62.253.7,ipv4,malicious-ip,medium,WHITE,ziyadnz/hourly-ipv4,ziyadnz|hourly,2026-08-17T18:48:05Z,2026-08-17T18:48:05Z,
34.62.26.217,ipv4,malicious-ip,medium,WHITE,ziyadnz/hourly-ipv4,ziyadnz|hourly,2026-08-17T18:48:05Z,2026-08-17T18:48:05Z,
34.62.30.180,ipv4,malicious-ip,medium,WHITE,ziyadnz/hourly-ipv4,ziyadnz|hourly,2026-08-17T18:48:05Z,2026-08-17T18:48:05Z,
34.62.33.11,ipv4,malicious-ip,medium,WHITE,ziyadnz/hourly-ipv4,ziyadnz|hourly,2026-08-17T18:48:05Z,2026-08-17T18:48:05Z,
34.62.37.143,ipv4,malicious-ip,medium,WHITE,ziyadnz/hourly-ipv4,ziyadnz|hourly,2026-08-17T18:48:05Z,2026-08-17T18:48:05Z,
34.62.40.167,ipv4,malicious-ip,medium,WHITE,ziyadnz/hourly-ipv4,ziyadnz|hourly,2026-08-17T18:48:05Z,2026-08-17T18:48:05Z,
34.62.56.59,ipv4,malicious-ip,medium,WHITE,ziyadnz/hourly-ipv4,ziyadnz|hourly,2026-08-17T18:48:05Z,2026-08-17T18:48:05Z,
34.62.62.45,ipv4,malicious-ip,medium,WHITE,ziyadnz/hourly-ipv4,ziyadnz|hourly,2026-08-17T18:48:05Z,2026-08-17T18:48:05Z,
34.62.64.48,ipv4,malicious-ip,medium,WHITE,ziyadnz/hourly-ipv4,ziyadnz|hourly,2026-08-17T18:48:05Z,2026-08-17T18:48:05Z,
34.62.65.112,ipv4,malicious-ip,medium,WHITE,ziyadnz/hourly-ipv4,ziyadnz|hourly,2026-08-17T18:48:05Z,2026-08-17T18:48:05Z,
34.62.67.11,ipv4,malicious-ip,medium,WHITE,ziyadnz/hourly-ipv4,ziyadnz|hourly,2026-08-17T18:48:05Z,2026-08-17T18:48:05Z,
34.62.7.178,ipv4,malicious-ip,medium,WHITE,ziyadnz/hourly-ipv4,ziyadnz|hourly,2026-08-17T18:48:05Z,2026-08-17T18:48:05Z,
34.62.70.116,ipv4,malicious-ip,medium,WHITE,ziyadnz/hourly-ipv4,ziyadnz|hourly,2026-08-17T18:48:05Z,2026-08-17T18:48:05Z,
34.62.75.87,ipv4,malicious-ip,medium,WHITE,ziyadnz/hourly-ipv4,ziyadnz|hourly,2026-08-17T18:48:05Z,2026-08-17T18:48:05Z,
34.62.85.137,ipv4,malicious-ip,medium,WHITE,ziyadnz/hourly-ipv4,ziyadnz|hourly,2026-08-17T18:48:05Z,2026-08-17T18:48:05Z,
34.62.88.10,ipv4,malicious-ip,medium,WHITE,ziyadnz/hourly-ipv4,ziyadnz|hourly,2026-08-17T18:48:05Z,2026-08-17T18:48:05Z,
34.62.90.133,ipv4,malicious-ip,medium,WHITE,ziyadnz/hourly-ipv4,ziyadnz|hourly,2026-08-17T18:48:05Z,2026-08-17T18:48:05Z,
34.62.97.56,ipv4,malicious-ip,medium,WHITE,ziyadnz/hourly-ipv4,ziyadnz|hourly,2026-08-17T18:48:05Z,2026-08-17T18:48:05Z,
34.62.98.254,ipv4,malicious-ip,medium,WHITE,ziyadnz/hourly-ipv4,ziyadnz|hourly,2026-08-17T18:48:05Z,2026-08-17T18:48:05Z,
34.62.99.144,ipv4,malicious-ip,medium,WHITE,ziyadnz/hourly-ipv4,ziyadnz|hourly,2026-08-17T18:48:05Z,2026-08-17T18:48:05Z,
34.63.103.78,ipv4,malicious-ip,medium,WHITE,ziyadnz/hourly-ipv4,ziyadnz|hourly,2026-08-17T18:48:05Z,2026-08-17T18:48:05Z,
34.63.21.15,ipv4,malicious-ip,medium,WHITE,ziyadnz/hourly-ipv4,ziyadnz|hourly,2026-08-17T18:48:05Z,2026-08-17T18:48:05Z,
34.63.220.37,ipv4,malicious-ip,medium,WHITE,ziyadnz/hourly-ipv4,ziyadnz|hourly,2026-08-17T18:48:05Z,2026-08-17T18:48:05Z,
34.63.248.13,ipv4,malicious-ip,medium,WHITE,ziyadnz/hourly-ipv4,ziyadnz|hourly,2026-08-17T18:48:05Z,2026-08-17T18:48:05Z,
34.63.252.237,ipv4,malicious-ip,medium,WHITE,ziyadnz/hourly-ipv4,ziyadnz|hourly,2026-08-17T18:48:05Z,2026-08-17T18:48:05Z,
34.63.87.94,ipv4,malicious-ip,medium,WHITE,ziyadnz/hourly-ipv4,ziyadnz|hourly,2026-08-17T18:48:05Z,2026-08-17T18:48:05Z,
34.63.90.140,ipv4,malicious-ip,medium,WHITE,ziyadnz/hourly-ipv4,ziyadnz|hourly,2026-08-17T18:48:05Z,2026-08-17T18:48:05Z,
34.64.159.25,ipv4,malicious-ip,medium,WHITE,ziyadnz/hourly-ipv4,ziyadnz|hourly,2026-08-17T18:48:05Z,2026-08-17T18:48:05Z,
34.64.246.127,ipv4,malicious-ip,medium,WHITE,ziyadnz/hourly-ipv4,ziyadnz|hourly,2026-08-17T18:48:05Z,2026-08-17T18:48:05Z,
34.65.116.208,ipv4,malicious-ip,medium,WHITE,ziyadnz/hourly-ipv4,ziyadnz|hourly,2026-08-17T18:48:05Z,2026-08-17T18:48:05Z,
34.65.160.219,ipv4,malicious-ip,medium,WHITE,ziyadnz/hourly-ipv4,ziyadnz|hourly,2026-08-17T18:48:05Z,2026-08-17T18:48:05Z,
34.66.24.104,ipv4,malicious-ip,medium,WHITE,ziyadnz/hourly-ipv4,ziyadnz|hourly,2026-08-17T18:48:05Z,2026-08-17T18:48:05Z,
34.66.43.162,ipv4,malicious-ip,medium,WHITE,ziyadnz/hourly-ipv4,ziyadnz|hourly,2026-08-17T18:48:05Z,2026-08-17T18:48:05Z,
34.66.68.89,ipv4,malicious-ip,medium,WHITE,ziyadnz/hourly-ipv4,ziyadnz|hourly,2026-08-17T18:48:05Z,2026-08-17T18:48:05Z,
34.66.85.241,ipv4,malicious-ip,medium,WHITE,ziyadnz/hourly-ipv4,ziyadnz|hourly,2026-08-17T18:48:05Z,2026-08-17T18:48:05Z,
34.67.125.57,ipv4,malicious-ip,medium,WHITE,ziyadnz/hourly-ipv4,ziyadnz|hourly,2026-08-17T18:48:05Z,2026-08-17T18:48:05Z,
34.67.216.136,ipv4,malicious-ip,medium,WHITE,ziyadnz/hourly-ipv4,ziyadnz|hourly,2026-08-17T18:48:05Z,2026-08-17T18:48:05Z,
34.67.29.82,ipv4,malicious-ip,medium,WHITE,ziyadnz/hourly-ipv4,ziyadnz|hourly,2026-08-17T18:48:05Z,2026-08-17T18:48:05Z,
34.67.32.209,ipv4,malicious-ip,medium,WHITE,ziyadnz/hourly-ipv4,ziyadnz|hourly,2026-08-17T18:48:05Z,2026-08-17T18:48:05Z,
34.68.129.63,ipv4,malicious-ip,medium,WHITE,ziyadnz/hourly-ipv4,ziyadnz|hourly,2026-08-17T18:48:05Z,2026-08-17T18:48:05Z,
34.68.187.165,ipv4,malicious-ip,medium,WHITE,ziyadnz/hourly-ipv4,ziyadnz|hourly,2026-08-17T18:48:05Z,2026-08-17T18:48:05Z,
34.68.241.133,ipv4,malicious-ip,medium,WHITE,ziyadnz/hourly-ipv4,ziyadnz|hourly,2026-08-17T18:48:05Z,2026-08-17T18:48:05Z,
34.68.34.0,ipv4,malicious-ip,medium,WHITE,ziyadnz/hourly-ipv4,ziyadnz|hourly,2026-08-17T18:48:05Z,2026-08-17T18:48:05Z,
34.68.34.65,ipv4,malicious-ip,medium,WHITE,ziyadnz/hourly-ipv4,ziyadnz|hourly,2026-08-17T18:48:05Z,2026-08-17T18:48:05Z,
34.68.34.68,ipv4,malicious-ip,medium,WHITE,ziyadnz/hourly-ipv4,ziyadnz|hourly,2026-08-17T18:48:05Z,2026-08-17T18:48:05Z,
34.68.34.71,ipv4,malicious-ip,medium,WHITE,ziyadnz/hourly-ipv4,ziyadnz|hourly,2026-08-17T18:48:05Z,2026-08-17T18:48:05Z,
34.68.34.72,ipv4,malicious-ip,medium,WHITE,ziyadnz/hourly-ipv4,ziyadnz|hourly,2026-08-17T18:48:05Z,2026-08-17T18:48:05Z,
34.68.34.75,ipv4,malicious-ip,medium,WHITE,ziyadnz/hourly-ipv4,ziyadnz|hourly,2026-08-17T18:48:05Z,2026-08-17T18:48:05Z,
34.68.34.76,ipv4,malicious-ip,medium,WHITE,ziyadnz/hourly-ipv4,ziyadnz|hourly,2026-08-17T18:48:05Z,2026-08-17T18:48:05Z,
34.68.34.78,ipv4,malicious-ip,medium,WHITE,ziyadnz/hourly-ipv4,ziyadnz|hourly,2026-08-17T18:48:05Z,2026-08-17T18:48:05Z,
34.68.34.80,ipv4,malicious-ip,medium,WHITE,ziyadnz/hourly-ipv4,ziyadnz|hourly,2026-08-17T18:48:05Z,2026-08-17T18:48:05Z,
34.68.34.85,ipv4,malicious-ip,medium,WHITE,ziyadnz/hourly-ipv4,ziyadnz|hourly,2026-08-17T18:48:05Z,2026-08-17T18:48:05Z,
34.69.169.152,ipv4,malicious-ip,medium,WHITE,ziyadnz/hourly-ipv4,ziyadnz|hourly,2026-08-17T18:48:05Z,2026-08-17T18:48:05Z,
34.69.248.8,ipv4,malicious-ip,medium,WHITE,ziyadnz/hourly-ipv4,ziyadnz|hourly,2026-08-17T18:48:05Z,2026-08-17T18:48:05Z,
34.69.45.78,ipv4,malicious-ip,medium,WHITE,ziyadnz/hourly-ipv4,ziyadnz|hourly,2026-08-17T18:48:05Z,2026-08-17T18:48:05Z,
34.69.75.193,ipv4,malicious-ip,medium,WHITE,ziyadnz/hourly-ipv4,ziyadnz|hourly,2026-08-17T18:48:05Z,2026-08-17T18:48:05Z,
34.7.125.17,ipv4,malicious-ip,medium,WHITE,ziyadnz/hourly-ipv4,ziyadnz|hourly,2026-08-17T18:48:05Z,2026-08-17T18:48:05Z,
34.7.134.59,ipv4,malicious-ip,medium,WHITE,ziyadnz/hourly-ipv4,ziyadnz|hourly,2026-08-17T18:48:05Z,2026-08-17T18:48:05Z,
34.7.18.131,ipv4,malicious-ip,medium,WHITE,ziyadnz/hourly-ipv4,ziyadnz|hourly,2026-08-17T18:48:05Z,2026-08-17T18:48:05Z,
34.70.62.16,ipv4,malicious-ip,medium,WHITE,ziyadnz/hourly-ipv4,ziyadnz|hourly,2026-08-17T18:48:05Z,2026-08-17T18:48:05Z,
34.71.111.34,ipv4,malicious-ip,medium,WHITE,ziyadnz/hourly-ipv4,ziyadnz|hourly,2026-08-17T18:48:05Z,2026-08-17T18:48:05Z,
34.71.167.225,ipv4,malicious-ip,medium,WHITE,ziyadnz/hourly-ipv4,ziyadnz|hourly,2026-08-17T18:48:05Z,2026-08-17T18:48:05Z,
34.71.168.255,ipv4,malicious-ip,medium,WHITE,ziyadnz/hourly-ipv4,ziyadnz|hourly,2026-08-17T18:48:05Z,2026-08-17T18:48:05Z,
34.71.242.20,ipv4,malicious-ip,medium,WHITE,ziyadnz/hourly-ipv4,ziyadnz|hourly,2026-08-17T18:48:05Z,2026-08-17T18:48:05Z,
34.71.30.159,ipv4,malicious-ip,medium,WHITE,ziyadnz/hourly-ipv4,ziyadnz|hourly,2026-08-17T18:48:05Z,2026-08-17T18:48:05Z,
34.71.92.209,ipv4,malicious-ip,medium,WHITE,ziyadnz/hourly-ipv4,ziyadnz|hourly,2026-08-17T18:48:05Z,2026-08-17T18:48:05Z,
34.72.134.143,ipv4,malicious-ip,medium,WHITE,ziyadnz/hourly-ipv4,ziyadnz|hourly,2026-08-17T18:48:05Z,2026-08-17T18:48:05Z,
34.72.176.129,ipv4,malicious-ip,medium,WHITE,ziyadnz/hourly-ipv4,ziyadnz|hourly,2026-08-17T18:48:05Z,2026-08-17T18:48:05Z,
34.72.204.219,ipv4,malicious-ip,medium,WHITE,ziyadnz/hourly-ipv4,ziyadnz|hourly,2026-08-17T18:48:05Z,2026-08-17T18:48:05Z,
34.72.208.101,ipv4,malicious-ip,medium,WHITE,ziyadnz/hourly-ipv4,ziyadnz|hourly,2026-08-17T18:48:05Z,2026-08-17T18:48:05Z,
34.72.217.170,ipv4,malicious-ip,medium,WHITE,ziyadnz/hourly-ipv4,ziyadnz|hourly,2026-08-17T18:48:05Z,2026-08-17T18:48:05Z,
34.72.219.228,ipv4,malicious-ip,medium,WHITE,ziyadnz/hourly-ipv4,ziyadnz|hourly,2026-08-17T18:48:05Z,2026-08-17T18:48:05Z,
34.72.225.196,ipv4,malicious-ip,medium,WHITE,ziyadnz/hourly-ipv4,ziyadnz|hourly,2026-08-17T18:48:05Z,2026-08-17T18:48:05Z,
34.72.34.156,ipv4,malicious-ip,medium,WHITE,ziyadnz/hourly-ipv4,ziyadnz|hourly,2026-08-17T18:48:05Z,2026-08-17T18:48:05Z,
34.73.101.251,ipv4,malicious-ip,medium,WHITE,ziyadnz/hourly-ipv4,ziyadnz|hourly,2026-08-17T18:48:05Z,2026-08-17T18:48:05Z,
34.73.103.64,ipv4,malicious-ip,medium,WHITE,ziyadnz/hourly-ipv4,ziyadnz|hourly,2026-08-17T18:48:05Z,2026-08-17T18:48:05Z,
34.73.110.110,ipv4,malicious-ip,medium,WHITE,ziyadnz/hourly-ipv4,ziyadnz|hourly,2026-08-17T18:48:05Z,2026-08-17T18:48:05Z,
34.73.120.127,ipv4,malicious-ip,medium,WHITE,ziyadnz/hourly-ipv4,ziyadnz|hourly,2026-08-17T18:48:05Z,2026-08-17T18:48:05Z,
34.73.120.224,ipv4,malicious-ip,medium,WHITE,ziyadnz/hourly-ipv4,ziyadnz|hourly,2026-08-17T18:48:05Z,2026-08-17T18:48:05Z,
34.73.129.180,ipv4,malicious-ip,medium,WHITE,ziyadnz/hourly-ipv4,ziyadnz|hourly,2026-08-17T18:48:05Z,2026-08-17T18:48:05Z,
34.73.132.248,ipv4,malicious-ip,medium,WHITE,ziyadnz/hourly-ipv4,ziyadnz|hourly,2026-08-17T18:48:05Z,2026-08-17T18:48:05Z,
34.73.184.211,ipv4,malicious-ip,medium,WHITE,ziyadnz/hourly-ipv4,ziyadnz|hourly,2026-08-17T18:48:05Z,2026-08-17T18:48:05Z,
34.73.211.182,ipv4,malicious-ip,medium,WHITE,ziyadnz/hourly-ipv4,ziyadnz|hourly,2026-08-17T18:48:05Z,2026-08-17T18:48:05Z,
34.73.216.149,ipv4,malicious-ip,medium,WHITE,ziyadnz/hourly-ipv4,ziyadnz|hourly,2026-08-17T18:48:05Z,2026-08-17T18:48:05Z,
34.73.220.10,ipv4,malicious-ip,medium,WHITE,ziyadnz/hourly-ipv4,ziyadnz|hourly,2026-08-17T18:48:05Z,2026-08-17T18:48:05Z,
34.73.230.219,ipv4,malicious-ip,medium,WHITE,ziyadnz/hourly-ipv4,ziyadnz|hourly,2026-08-17T18:48:05Z,2026-08-17T18:48:05Z,
34.73.247.157,ipv4,malicious-ip,medium,WHITE,ziyadnz/hourly-ipv4,ziyadnz|hourly,2026-08-17T18:48:05Z,2026-08-17T18:48:05Z,
34.73.25.141,ipv4,malicious-ip,medium,WHITE,ziyadnz/hourly-ipv4,ziyadnz|hourly,2026-08-17T18:48:05Z,2026-08-17T18:48:05Z,
34.73.33.204,ipv4,malicious-ip,medium,WHITE,ziyadnz/hourly-ipv4,ziyadnz|hourly,2026-08-17T18:48:05Z,2026-08-17T18:48:05Z,
34.73.36.169,ipv4,malicious-ip,medium,WHITE,ziyadnz/hourly-ipv4,ziyadnz|hourly,2026-08-17T18:48:05Z,2026-08-17T18:48:05Z,
34.73.46.182,ipv4,malicious-ip,medium,WHITE,ziyadnz/hourly-ipv4,ziyadnz|hourly,2026-08-17T18:48:05Z,2026-08-17T18:48:05Z,
34.73.53.43,ipv4,malicious-ip,medium,WHITE,ziyadnz/hourly-ipv4,ziyadnz|hourly,2026-08-17T18:48:05Z,2026-08-17T18:48:05Z,
34.73.62.234,ipv4,malicious-ip,medium,WHITE,ziyadnz/hourly-ipv4,ziyadnz|hourly,2026-08-17T18:48:05Z,2026-08-17T18:48:05Z,
34.73.62.80,ipv4,malicious-ip,medium,WHITE,ziyadnz/hourly-ipv4,ziyadnz|hourly,2026-08-17T18:48:05Z,2026-08-17T18:48:05Z,
34.73.78.42,ipv4,malicious-ip,medium,WHITE,ziyadnz/hourly-ipv4,ziyadnz|hourly,2026-08-17T18:48:05Z,2026-08-17T18:48:05Z,
34.73.8.251,ipv4,malicious-ip,medium,WHITE,ziyadnz/hourly-ipv4,ziyadnz|hourly,2026-08-17T18:48:05Z,2026-08-17T18:48:05Z,
34.73.86.226,ipv4,malicious-ip,medium,WHITE,ziyadnz/hourly-ipv4,ziyadnz|hourly,2026-08-17T18:48:05Z,2026-08-17T18:48:05Z,
34.74.103.183,ipv4,malicious-ip,medium,WHITE,ziyadnz/hourly-ipv4,ziyadnz|hourly,2026-08-17T18:48:05Z,2026-08-17T18:48:05Z,
34.74.104.151,ipv4,malicious-ip,medium,WHITE,ziyadnz/hourly-ipv4,ziyadnz|hourly,2026-08-17T18:48:05Z,2026-08-17T18:48:05Z,
34.74.107.118,ipv4,malicious-ip,medium,WHITE,ziyadnz/hourly-ipv4,ziyadnz|hourly,2026-08-17T18:48:05Z,2026-08-17T18:48:05Z,
34.74.11.85,ipv4,malicious-ip,medium,WHITE,ziyadnz/hourly-ipv4,ziyadnz|hourly,2026-08-17T18:48:05Z,2026-08-17T18:48:05Z,
34.74.118.2,ipv4,malicious-ip,medium,WHITE,ziyadnz/hourly-ipv4,ziyadnz|hourly,2026-08-17T18:48:05Z,2026-08-17T18:48:05Z,
34.74.120.113,ipv4,malicious-ip,medium,WHITE,ziyadnz/hourly-ipv4,ziyadnz|hourly,2026-08-17T18:48:05Z,2026-08-17T18:48:05Z,
34.74.127.121,ipv4,malicious-ip,medium,WHITE,ziyadnz/hourly-ipv4,ziyadnz|hourly,2026-08-17T18:48:05Z,2026-08-17T18:48:05Z,
34.74.130.198,ipv4,malicious-ip,medium,WHITE,ziyadnz/hourly-ipv4,ziyadnz|hourly,2026-08-17T18:48:05Z,2026-08-17T18:48:05Z,
34.74.154.244,ipv4,malicious-ip,medium,WHITE,ziyadnz/hourly-ipv4,ziyadnz|hourly,2026-08-17T18:48:05Z,2026-08-17T18:48:05Z,
34.74.169.220,ipv4,malicious-ip,medium,WHITE,ziyadnz/hourly-ipv4,ziyadnz|hourly,2026-08-17T18:48:05Z,2026-08-17T18:48:05Z,
34.74.2.103,ipv4,malicious-ip,medium,WHITE,ziyadnz/hourly-ipv4,ziyadnz|hourly,2026-08-17T18:48:05Z,2026-08-17T18:48:05Z,
34.74.203.70,ipv4,malicious-ip,medium,WHITE,ziyadnz/hourly-ipv4,ziyadnz|hourly,2026-08-17T18:48:05Z,2026-08-17T18:48:05Z,
34.74.211.163,ipv4,malicious-ip,medium,WHITE,ziyadnz/hourly-ipv4,ziyadnz|hourly,2026-08-17T18:48:05Z,2026-08-17T18:48:05Z,
34.74.232.134,ipv4,malicious-ip,medium,WHITE,ziyadnz/hourly-ipv4,ziyadnz|hourly,2026-08-17T18:48:05Z,2026-08-17T18:48:05Z,
34.74.253.47,ipv4,malicious-ip,medium,WHITE,ziyadnz/hourly-ipv4,ziyadnz|hourly,2026-08-17T18:48:05Z,2026-08-17T18:48:05Z,
34.74.27.247,ipv4,malicious-ip,medium,WHITE,ziyadnz/hourly-ipv4,ziyadnz|hourly,2026-08-17T18:48:05Z,2026-08-17T18:48:05Z,
34.74.34.75,ipv4,malicious-ip,medium,WHITE,ziyadnz/hourly-ipv4,ziyadnz|hourly,2026-08-17T18:48:05Z,2026-08-17T18:48:05Z,
34.75.118.13,ipv4,malicious-ip,medium,WHITE,ziyadnz/hourly-ipv4,ziyadnz|hourly,2026-08-17T18:48:05Z,2026-08-17T18:48:05Z,
34.75.132.137,ipv4,malicious-ip,medium,WHITE,ziyadnz/hourly-ipv4,ziyadnz|hourly,2026-08-17T18:48:05Z,2026-08-17T18:48:05Z,
34.75.164.170,ipv4,malicious-ip,medium,WHITE,ziyadnz/hourly-ipv4,ziyadnz|hourly,2026-08-17T18:48:05Z,2026-08-17T18:48:05Z,
34.75.167.18,ipv4,malicious-ip,medium,WHITE,ziyadnz/hourly-ipv4,ziyadnz|hourly,2026-08-17T18:48:05Z,2026-08-17T18:48:05Z,
34.75.199.253,ipv4,malicious-ip,medium,WHITE,ziyadnz/hourly-ipv4,ziyadnz|hourly,2026-08-17T18:48:05Z,2026-08-17T18:48:05Z,
34.75.218.145,ipv4,malicious-ip,medium,WHITE,ziyadnz/hourly-ipv4,ziyadnz|hourly,2026-08-17T18:48:05Z,2026-08-17T18:48:05Z,
34.75.227.182,ipv4,malicious-ip,medium,WHITE,ziyadnz/hourly-ipv4,ziyadnz|hourly,2026-08-17T18:48:05Z,2026-08-17T18:48:05Z,
34.75.236.152,ipv4,malicious-ip,medium,WHITE,ziyadnz/hourly-ipv4,ziyadnz|hourly,2026-08-17T18:48:05Z,2026-08-17T18:48:05Z,
34.75.240.53,ipv4,malicious-ip,medium,WHITE,ziyadnz/hourly-ipv4,ziyadnz|hourly,2026-08-17T18:48:05Z,2026-08-17T18:48:05Z,
34.75.35.255,ipv4,malicious-ip,medium,WHITE,ziyadnz/hourly-ipv4,ziyadnz|hourly,2026-08-17T18:48:05Z,2026-08-17T18:48:05Z,
34.75.42.110,ipv4,malicious-ip,medium,WHITE,ziyadnz/hourly-ipv4,ziyadnz|hourly,2026-08-17T18:48:05Z,2026-08-17T18:48:05Z,
34.75.42.239,ipv4,malicious-ip,medium,WHITE,ziyadnz/hourly-ipv4,ziyadnz|hourly,2026-08-17T18:48:05Z,2026-08-17T18:48:05Z,
34.75.43.129,ipv4,malicious-ip,medium,WHITE,ziyadnz/hourly-ipv4,ziyadnz|hourly,2026-08-17T18:48:05Z,2026-08-17T18:48:05Z,
34.75.69.187,ipv4,malicious-ip,medium,WHITE,ziyadnz/hourly-ipv4,ziyadnz|hourly,2026-08-17T18:48:05Z,2026-08-17T18:48:05Z,
34.75.71.47,ipv4,malicious-ip,medium,WHITE,ziyadnz/hourly-ipv4,ziyadnz|hourly,2026-08-17T18:48:05Z,2026-08-17T18:48:05Z,
34.75.98.240,ipv4,malicious-ip,medium,WHITE,ziyadnz/hourly-ipv4,ziyadnz|hourly,2026-08-17T18:48:05Z,2026-08-17T18:48:05Z,
34.76.109.193,ipv4,malicious-ip,medium,WHITE,ziyadnz/hourly-ipv4,ziyadnz|hourly,2026-08-17T18:48:05Z,2026-08-17T18:48:05Z,
34.76.112.51,ipv4,malicious-ip,medium,WHITE,ziyadnz/hourly-ipv4,ziyadnz|hourly,2026-08-17T18:48:05Z,2026-08-17T18:48:05Z,
34.76.115.116,ipv4,malicious-ip,medium,WHITE,ziyadnz/hourly-ipv4,ziyadnz|hourly,2026-08-17T18:48:05Z,2026-08-17T18:48:05Z,
34.76.122.119,ipv4,malicious-ip,medium,WHITE,ziyadnz/hourly-ipv4,ziyadnz|hourly,2026-08-17T18:48:05Z,2026-08-17T18:48:05Z,
34.76.13.10,ipv4,malicious-ip,medium,WHITE,ziyadnz/hourly-ipv4,ziyadnz|hourly,2026-08-17T18:48:05Z,2026-08-17T18:48:05Z,
34.76.141.16,ipv4,malicious-ip,medium,WHITE,ziyadnz/hourly-ipv4,ziyadnz|hourly,2026-08-17T18:48:05Z,2026-08-17T18:48:05Z,
34.76.145.86,ipv4,malicious-ip,medium,WHITE,ziyadnz/hourly-ipv4,ziyadnz|hourly,2026-08-17T18:48:05Z,2026-08-17T18:48:05Z,
34.76.156.85,ipv4,malicious-ip,medium,WHITE,ziyadnz/hourly-ipv4,ziyadnz|hourly,2026-08-17T18:48:05Z,2026-08-17T18:48:05Z,
34.76.162.55,ipv4,malicious-ip,medium,WHITE,ziyadnz/hourly-ipv4,ziyadnz|hourly,2026-08-17T18:48:05Z,2026-08-17T18:48:05Z,
34.76.163.71,ipv4,malicious-ip,medium,WHITE,ziyadnz/hourly-ipv4,ziyadnz|hourly,2026-08-17T18:48:05Z,2026-08-17T18:48:05Z,
34.76.166.203,ipv4,malicious-ip,medium,WHITE,ziyadnz/hourly-ipv4,ziyadnz|hourly,2026-08-17T18:48:05Z,2026-08-17T18:48:05Z,
34.76.169.2,ipv4,malicious-ip,medium,WHITE,ziyadnz/hourly-ipv4,ziyadnz|hourly,2026-08-17T18:48:05Z,2026-08-17T18:48:05Z,
34.76.172.23,ipv4,malicious-ip,medium,WHITE,ziyadnz/hourly-ipv4,ziyadnz|hourly,2026-08-17T18:48:05Z,2026-08-17T18:48:05Z,
34.76.173.179,ipv4,malicious-ip,medium,WHITE,ziyadnz/hourly-ipv4,ziyadnz|hourly,2026-08-17T18:48:05Z,2026-08-17T18:48:05Z,
34.76.176.47,ipv4,malicious-ip,medium,WHITE,ziyadnz/hourly-ipv4,ziyadnz|hourly,2026-08-17T18:48:05Z,2026-08-17T18:48:05Z,
34.76.182.63,ipv4,malicious-ip,medium,WHITE,ziyadnz/hourly-ipv4,ziyadnz|hourly,2026-08-17T18:48:05Z,2026-08-17T18:48:05Z,
34.76.193.13,ipv4,malicious-ip,medium,WHITE,ziyadnz/hourly-ipv4,ziyadnz|hourly,2026-08-17T18:48:05Z,2026-08-17T18:48:05Z,
34.76.199.251,ipv4,malicious-ip,medium,WHITE,ziyadnz/hourly-ipv4,ziyadnz|hourly,2026-08-17T18:48:05Z,2026-08-17T18:48:05Z,
34.76.199.89,ipv4,malicious-ip,medium,WHITE,ziyadnz/hourly-ipv4,ziyadnz|hourly,2026-08-17T18:48:05Z,2026-08-17T18:48:05Z,
34.76.202.211,ipv4,malicious-ip,medium,WHITE,ziyadnz/hourly-ipv4,ziyadnz|hourly,2026-08-17T18:48:05Z,2026-08-17T18:48:05Z,
34.76.212.209,ipv4,malicious-ip,medium,WHITE,ziyadnz/hourly-ipv4,ziyadnz|hourly,2026-08-17T18:48:05Z,2026-08-17T18:48:05Z,
34.76.212.3,ipv4,malicious-ip,medium,WHITE,ziyadnz/hourly-ipv4,ziyadnz|hourly,2026-08-17T18:48:05Z,2026-08-17T18:48:05Z,
34.76.236.112,ipv4,malicious-ip,medium,WHITE,ziyadnz/hourly-ipv4,ziyadnz|hourly,2026-08-17T18:48:05Z,2026-08-17T18:48:05Z,
34.76.237.190,ipv4,malicious-ip,medium,WHITE,ziyadnz/hourly-ipv4,ziyadnz|hourly,2026-08-17T18:48:05Z,2026-08-17T18:48:05Z,
34.76.247.203,ipv4,malicious-ip,medium,WHITE,ziyadnz/hourly-ipv4,ziyadnz|hourly,2026-08-17T18:48:05Z,2026-08-17T18:48:05Z,
34.76.249.64,ipv4,malicious-ip,medium,WHITE,ziyadnz/hourly-ipv4,ziyadnz|hourly,2026-08-17T18:48:05Z,2026-08-17T18:48:05Z,
34.76.250.175,ipv4,malicious-ip,medium,WHITE,ziyadnz/hourly-ipv4,ziyadnz|hourly,2026-08-17T18:48:05Z,2026-08-17T18:48:05Z,
34.76.250.204,ipv4,malicious-ip,medium,WHITE,ziyadnz/hourly-ipv4,ziyadnz|hourly,2026-08-17T18:48:05Z,2026-08-17T18:48:05Z,
34.76.27.53,ipv4,malicious-ip,medium,WHITE,ziyadnz/hourly-ipv4,ziyadnz|hourly,2026-08-17T18:48:05Z,2026-08-17T18:48:05Z,
34.76.31.34,ipv4,malicious-ip,medium,WHITE,ziyadnz/hourly-ipv4,ziyadnz|hourly,2026-08-17T18:48:05Z,2026-08-17T18:48:05Z,
34.76.43.137,ipv4,malicious-ip,medium,WHITE,ziyadnz/hourly-ipv4,ziyadnz|hourly,2026-08-17T18:48:05Z,2026-08-17T18:48:05Z,
34.76.51.81,ipv4,malicious-ip,medium,WHITE,ziyadnz/hourly-ipv4,ziyadnz|hourly,2026-08-17T18:48:05Z,2026-08-17T18:48:05Z,
34.76.56.105,ipv4,malicious-ip,medium,WHITE,ziyadnz/hourly-ipv4,ziyadnz|hourly,2026-08-17T18:48:05Z,2026-08-17T18:48:05Z,
34.76.63.6,ipv4,malicious-ip,medium,WHITE,ziyadnz/hourly-ipv4,ziyadnz|hourly,2026-08-17T18:48:05Z,2026-08-17T18:48:05Z,
34.76.67.82,ipv4,malicious-ip,medium,WHITE,ziyadnz/hourly-ipv4,ziyadnz|hourly,2026-08-17T18:48:05Z,2026-08-17T18:48:05Z,
34.76.77.148,ipv4,malicious-ip,medium,WHITE,ziyadnz/hourly-ipv4,ziyadnz|hourly,2026-08-17T18:48:05Z,2026-08-17T18:48:05Z,
34.76.80.239,ipv4,malicious-ip,medium,WHITE,ziyadnz/hourly-ipv4,ziyadnz|hourly,2026-08-17T18:48:05Z,2026-08-17T18:48:05Z,
34.76.95.207,ipv4,malicious-ip,medium,WHITE,ziyadnz/hourly-ipv4,ziyadnz|hourly,2026-08-17T18:48:05Z,2026-08-17T18:48:05Z,
34.76.99.207,ipv4,malicious-ip,medium,WHITE,ziyadnz/hourly-ipv4,ziyadnz|hourly,2026-08-17T18:48:05Z,2026-08-17T18:48:05Z,
34.77.10.237,ipv4,malicious-ip,medium,WHITE,ziyadnz/hourly-ipv4,ziyadnz|hourly,2026-08-17T18:48:05Z,2026-08-17T18:48:05Z,
34.77.103.127,ipv4,malicious-ip,medium,WHITE,ziyadnz/hourly-ipv4,ziyadnz|hourly,2026-08-17T18:48:05Z,2026-08-17T18:48:05Z,
34.77.103.44,ipv4,malicious-ip,medium,WHITE,ziyadnz/hourly-ipv4,ziyadnz|hourly,2026-08-17T18:48:05Z,2026-08-17T18:48:05Z,
34.77.116.212,ipv4,malicious-ip,medium,WHITE,ziyadnz/hourly-ipv4,ziyadnz|hourly,2026-08-17T18:48:05Z,2026-08-17T18:48:05Z,
34.77.116.247,ipv4,malicious-ip,medium,WHITE,ziyadnz/hourly-ipv4,ziyadnz|hourly,2026-08-17T18:48:05Z,2026-08-17T18:48:05Z,
34.77.127.30,ipv4,malicious-ip,medium,WHITE,ziyadnz/hourly-ipv4,ziyadnz|hourly,2026-08-17T18:48:05Z,2026-08-17T18:48:05Z,
34.77.13.213,ipv4,malicious-ip,medium,WHITE,ziyadnz/hourly-ipv4,ziyadnz|hourly,2026-08-17T18:48:05Z,2026-08-17T18:48:05Z,
34.77.139.215,ipv4,malicious-ip,medium,WHITE,ziyadnz/hourly-ipv4,ziyadnz|hourly,2026-08-17T18:48:05Z,2026-08-17T18:48:05Z,
34.77.141.98,ipv4,malicious-ip,medium,WHITE,ziyadnz/hourly-ipv4,ziyadnz|hourly,2026-08-17T18:48:05Z,2026-08-17T18:48:05Z,
34.77.157.232,ipv4,malicious-ip,medium,WHITE,ziyadnz/hourly-ipv4,ziyadnz|hourly,2026-08-17T18:48:05Z,2026-08-17T18:48:05Z,
34.77.159.57,ipv4,malicious-ip,medium,WHITE,ziyadnz/hourly-ipv4,ziyadnz|hourly,2026-08-17T18:48:05Z,2026-08-17T18:48:05Z,
34.77.166.77,ipv4,malicious-ip,medium,WHITE,ziyadnz/hourly-ipv4,ziyadnz|hourly,2026-08-17T18:48:05Z,2026-08-17T18:48:05Z,
34.77.170.240,ipv4,malicious-ip,medium,WHITE,ziyadnz/hourly-ipv4,ziyadnz|hourly,2026-08-17T18:48:05Z,2026-08-17T18:48:05Z,
34.77.177.107,ipv4,malicious-ip,medium,WHITE,ziyadnz/hourly-ipv4,ziyadnz|hourly,2026-08-17T18:48:05Z,2026-08-17T18:48:05Z,
34.77.180.123,ipv4,malicious-ip,medium,WHITE,ziyadnz/hourly-ipv4,ziyadnz|hourly,2026-08-17T18:48:05Z,2026-08-17T18:48:05Z,
34.77.182.238,ipv4,malicious-ip,medium,WHITE,ziyadnz/hourly-ipv4,ziyadnz|hourly,2026-08-17T18:48:05Z,2026-08-17T18:48:05Z,
34.77.188.194,ipv4,malicious-ip,medium,WHITE,ziyadnz/hourly-ipv4,ziyadnz|hourly,2026-08-17T18:48:05Z,2026-08-17T18:48:05Z,
34.77.191.231,ipv4,malicious-ip,medium,WHITE,ziyadnz/hourly-ipv4,ziyadnz|hourly,2026-08-17T18:48:05Z,2026-08-17T18:48:05Z,
34.77.193.157,ipv4,malicious-ip,medium,WHITE,ziyadnz/hourly-ipv4,ziyadnz|hourly,2026-08-17T18:48:05Z,2026-08-17T18:48:05Z,
34.77.195.141,ipv4,malicious-ip,medium,WHITE,ziyadnz/hourly-ipv4,ziyadnz|hourly,2026-08-17T18:48:05Z,2026-08-17T18:48:05Z,
34.77.195.38,ipv4,malicious-ip,medium,WHITE,ziyadnz/hourly-ipv4,ziyadnz|hourly,2026-08-17T18:48:05Z,2026-08-17T18:48:05Z,
34.77.196.237,ipv4,malicious-ip,medium,WHITE,ziyadnz/hourly-ipv4,ziyadnz|hourly,2026-08-17T18:48:05Z,2026-08-17T18:48:05Z,
34.77.198.7,ipv4,malicious-ip,medium,WHITE,ziyadnz/hourly-ipv4,ziyadnz|hourly,2026-08-17T18:48:05Z,2026-08-17T18:48:05Z,
34.77.199.26,ipv4,malicious-ip,medium,WHITE,ziyadnz/hourly-ipv4,ziyadnz|hourly,2026-08-17T18:48:05Z,2026-08-17T18:48:05Z,
34.77.206.66,ipv4,malicious-ip,medium,WHITE,ziyadnz/hourly-ipv4,ziyadnz|hourly,2026-08-17T18:48:05Z,2026-08-17T18:48:05Z,
34.77.206.91,ipv4,malicious-ip,medium,WHITE,ziyadnz/hourly-ipv4,ziyadnz|hourly,2026-08-17T18:48:05Z,2026-08-17T18:48:05Z,
34.77.210.156,ipv4,malicious-ip,medium,WHITE,ziyadnz/hourly-ipv4,ziyadnz|hourly,2026-08-17T18:48:05Z,2026-08-17T18:48:05Z,
34.77.221.231,ipv4,malicious-ip,medium,WHITE,ziyadnz/hourly-ipv4,ziyadnz|hourly,2026-08-17T18:48:05Z,2026-08-17T18:48:05Z,
34.77.229.84,ipv4,malicious-ip,medium,WHITE,ziyadnz/hourly-ipv4,ziyadnz|hourly,2026-08-17T18:48:05Z,2026-08-17T18:48:05Z,
34.77.235.190,ipv4,malicious-ip,medium,WHITE,ziyadnz/hourly-ipv4,ziyadnz|hourly,2026-08-17T18:48:05Z,2026-08-17T18:48:05Z,
34.77.237.213,ipv4,malicious-ip,medium,WHITE,ziyadnz/hourly-ipv4,ziyadnz|hourly,2026-08-17T18:48:05Z,2026-08-17T18:48:05Z,
34.77.238.176,ipv4,malicious-ip,medium,WHITE,ziyadnz/hourly-ipv4,ziyadnz|hourly,2026-08-17T18:48:05Z,2026-08-17T18:48:05Z,
34.77.24.154,ipv4,malicious-ip,medium,WHITE,ziyadnz/hourly-ipv4,ziyadnz|hourly,2026-08-17T18:48:05Z,2026-08-17T18:48:05Z,
34.77.245.127,ipv4,malicious-ip,medium,WHITE,ziyadnz/hourly-ipv4,ziyadnz|hourly,2026-08-17T18:48:05Z,2026-08-17T18:48:05Z,
34.77.248.52,ipv4,malicious-ip,medium,WHITE,ziyadnz/hourly-ipv4,ziyadnz|hourly,2026-08-17T18:48:05Z,2026-08-17T18:48:05Z,
34.77.30.64,ipv4,malicious-ip,medium,WHITE,ziyadnz/hourly-ipv4,ziyadnz|hourly,2026-08-17T18:48:05Z,2026-08-17T18:48:05Z,
34.77.35.188,ipv4,malicious-ip,medium,WHITE,ziyadnz/hourly-ipv4,ziyadnz|hourly,2026-08-17T18:48:05Z,2026-08-17T18:48:05Z,
34.77.45.197,ipv4,malicious-ip,medium,WHITE,ziyadnz/hourly-ipv4,ziyadnz|hourly,2026-08-17T18:48:05Z,2026-08-17T18:48:05Z,
34.77.45.222,ipv4,malicious-ip,medium,WHITE,ziyadnz/hourly-ipv4,ziyadnz|hourly,2026-08-17T18:48:05Z,2026-08-17T18:48:05Z,
34.77.47.152,ipv4,malicious-ip,medium,WHITE,ziyadnz/hourly-ipv4,ziyadnz|hourly,2026-08-17T18:48:05Z,2026-08-17T18:48:05Z,
34.77.48.202,ipv4,malicious-ip,medium,WHITE,ziyadnz/hourly-ipv4,ziyadnz|hourly,2026-08-17T18:48:05Z,2026-08-17T18:48:05Z,
34.77.57.173,ipv4,malicious-ip,medium,WHITE,ziyadnz/hourly-ipv4,ziyadnz|hourly,2026-08-17T18:48:05Z,2026-08-17T18:48:05Z,
34.77.59.103,ipv4,malicious-ip,medium,WHITE,ziyadnz/hourly-ipv4,ziyadnz|hourly,2026-08-17T18:48:05Z,2026-08-17T18:48:05Z,
34.77.63.242,ipv4,malicious-ip,medium,WHITE,ziyadnz/hourly-ipv4,ziyadnz|hourly,2026-08-17T18:48:05Z,2026-08-17T18:48:05Z,
34.77.7.251,ipv4,malicious-ip,medium,WHITE,ziyadnz/hourly-ipv4,ziyadnz|hourly,2026-08-17T18:48:05Z,2026-08-17T18:48:05Z,
34.77.75.47,ipv4,malicious-ip,medium,WHITE,ziyadnz/hourly-ipv4,ziyadnz|hourly,2026-08-17T18:48:05Z,2026-08-17T18:48:05Z,
34.77.82.135,ipv4,malicious-ip,medium,WHITE,ziyadnz/hourly-ipv4,ziyadnz|hourly,2026-08-17T18:48:05Z,2026-08-17T18:48:05Z,
34.77.97.79,ipv4,malicious-ip,medium,WHITE,ziyadnz/hourly-ipv4,ziyadnz|hourly,2026-08-17T18:48:05Z,2026-08-17T18:48:05Z,
34.78.10.58,ipv4,malicious-ip,medium,WHITE,ziyadnz/hourly-ipv4,ziyadnz|hourly,2026-08-17T18:48:05Z,2026-08-17T18:48:05Z,
34.78.100.228,ipv4,malicious-ip,medium,WHITE,ziyadnz/hourly-ipv4,ziyadnz|hourly,2026-08-17T18:48:05Z,2026-08-17T18:48:05Z,
34.78.114.220,ipv4,malicious-ip,medium,WHITE,ziyadnz/hourly-ipv4,ziyadnz|hourly,2026-08-17T18:48:05Z,2026-08-17T18:48:05Z,
34.78.114.97,ipv4,malicious-ip,medium,WHITE,ziyadnz/hourly-ipv4,ziyadnz|hourly,2026-08-17T18:48:05Z,2026-08-17T18:48:05Z,
34.78.120.132,ipv4,malicious-ip,medium,WHITE,ziyadnz/hourly-ipv4,ziyadnz|hourly,2026-08-17T18:48:05Z,2026-08-17T18:48:05Z,
34.78.121.138,ipv4,malicious-ip,medium,WHITE,ziyadnz/hourly-ipv4,ziyadnz|hourly,2026-08-17T18:48:05Z,2026-08-17T18:48:05Z,
34.78.122.126,ipv4,malicious-ip,medium,WHITE,ziyadnz/hourly-ipv4,ziyadnz|hourly,2026-08-17T18:48:05Z,2026-08-17T18:48:05Z,
34.78.131.165,ipv4,malicious-ip,medium,WHITE,ziyadnz/hourly-ipv4,ziyadnz|hourly,2026-08-17T18:48:05Z,2026-08-17T18:48:05Z,
34.78.14.5,ipv4,malicious-ip,medium,WHITE,ziyadnz/hourly-ipv4,ziyadnz|hourly,2026-08-17T18:48:05Z,2026-08-17T18:48:05Z,
34.78.140.132,ipv4,malicious-ip,medium,WHITE,ziyadnz/hourly-ipv4,ziyadnz|hourly,2026-08-17T18:48:05Z,2026-08-17T18:48:05Z,
34.78.158.246,ipv4,malicious-ip,medium,WHITE,ziyadnz/hourly-ipv4,ziyadnz|hourly,2026-08-17T18:48:05Z,2026-08-17T18:48:05Z,
34.78.162.233,ipv4,malicious-ip,medium,WHITE,ziyadnz/hourly-ipv4,ziyadnz|hourly,2026-08-17T18:48:05Z,2026-08-17T18:48:05Z,
34.78.182.101,ipv4,malicious-ip,medium,WHITE,ziyadnz/hourly-ipv4,ziyadnz|hourly,2026-08-17T18:48:05Z,2026-08-17T18:48:05Z,
34.78.185.249,ipv4,malicious-ip,medium,WHITE,ziyadnz/hourly-ipv4,ziyadnz|hourly,2026-08-17T18:48:05Z,2026-08-17T18:48:05Z,
34.78.205.101,ipv4,malicious-ip,medium,WHITE,ziyadnz/hourly-ipv4,ziyadnz|hourly,2026-08-17T18:48:05Z,2026-08-17T18:48:05Z,
34.78.209.118,ipv4,malicious-ip,medium,WHITE,ziyadnz/hourly-ipv4,ziyadnz|hourly,2026-08-17T18:48:05Z,2026-08-17T18:48:05Z,
34.78.218.79,ipv4,malicious-ip,medium,WHITE,ziyadnz/hourly-ipv4,ziyadnz|hourly,2026-08-17T18:48:05Z,2026-08-17T18:48:05Z,
34.78.23.176,ipv4,malicious-ip,medium,WHITE,ziyadnz/hourly-ipv4,ziyadnz|hourly,2026-08-17T18:48:05Z,2026-08-17T18:48:05Z,
34.78.23.69,ipv4,malicious-ip,medium,WHITE,ziyadnz/hourly-ipv4,ziyadnz|hourly,2026-08-17T18:48:05Z,2026-08-17T18:48:05Z,
34.78.230.146,ipv4,malicious-ip,medium,WHITE,ziyadnz/hourly-ipv4,ziyadnz|hourly,2026-08-17T18:48:05Z,2026-08-17T18:48:05Z,
34.78.243.65,ipv4,malicious-ip,medium,WHITE,ziyadnz/hourly-ipv4,ziyadnz|hourly,2026-08-17T18:48:05Z,2026-08-17T18:48:05Z,
34.78.243.72,ipv4,malicious-ip,medium,WHITE,ziyadnz/hourly-ipv4,ziyadnz|hourly,2026-08-17T18:48:05Z,2026-08-17T18:48:05Z,
34.78.247.170,ipv4,malicious-ip,medium,WHITE,ziyadnz/hourly-ipv4,ziyadnz|hourly,2026-08-17T18:48:05Z,2026-08-17T18:48:05Z,
34.78.27.30,ipv4,malicious-ip,medium,WHITE,ziyadnz/hourly-ipv4,ziyadnz|hourly,2026-08-17T18:48:05Z,2026-08-17T18:48:05Z,
34.78.29.254,ipv4,malicious-ip,medium,WHITE,ziyadnz/hourly-ipv4,ziyadnz|hourly,2026-08-17T18:48:05Z,2026-08-17T18:48:05Z,
34.78.37.61,ipv4,malicious-ip,medium,WHITE,ziyadnz/hourly-ipv4,ziyadnz|hourly,2026-08-17T18:48:05Z,2026-08-17T18:48:05Z,
34.78.43.69,ipv4,malicious-ip,medium,WHITE,ziyadnz/hourly-ipv4,ziyadnz|hourly,2026-08-17T18:48:05Z,2026-08-17T18:48:05Z,
34.78.49.81,ipv4,malicious-ip,medium,WHITE,ziyadnz/hourly-ipv4,ziyadnz|hourly,2026-08-17T18:48:05Z,2026-08-17T18:48:05Z,
34.78.52.101,ipv4,malicious-ip,medium,WHITE,ziyadnz/hourly-ipv4,ziyadnz|hourly,2026-08-17T18:48:05Z,2026-08-17T18:48:05Z,
34.78.59.113,ipv4,malicious-ip,medium,WHITE,ziyadnz/hourly-ipv4,ziyadnz|hourly,2026-08-17T18:48:05Z,2026-08-17T18:48:05Z,
34.78.6.235,ipv4,malicious-ip,medium,WHITE,ziyadnz/hourly-ipv4,ziyadnz|hourly,2026-08-17T18:48:05Z,2026-08-17T18:48:05Z,
34.78.64.144,ipv4,malicious-ip,medium,WHITE,ziyadnz/hourly-ipv4,ziyadnz|hourly,2026-08-17T18:48:05Z,2026-08-17T18:48:05Z,
34.78.76.20,ipv4,malicious-ip,medium,WHITE,ziyadnz/hourly-ipv4,ziyadnz|hourly,2026-08-17T18:48:05Z,2026-08-17T18:48:05Z,
34.78.77.201,ipv4,malicious-ip,medium,WHITE,ziyadnz/hourly-ipv4,ziyadnz|hourly,2026-08-17T18:48:05Z,2026-08-17T18:48:05Z,
34.78.84.79,ipv4,malicious-ip,medium,WHITE,ziyadnz/hourly-ipv4,ziyadnz|hourly,2026-08-17T18:48:05Z,2026-08-17T18:48:05Z,
34.78.85.22,ipv4,malicious-ip,medium,WHITE,ziyadnz/hourly-ipv4,ziyadnz|hourly,2026-08-17T18:48:05Z,2026-08-17T18:48:05Z,
34.78.87.196,ipv4,malicious-ip,medium,WHITE,ziyadnz/hourly-ipv4,ziyadnz|hourly,2026-08-17T18:48:05Z,2026-08-17T18:48:05Z,
34.78.89.35,ipv4,malicious-ip,medium,WHITE,ziyadnz/hourly-ipv4,ziyadnz|hourly,2026-08-17T18:48:05Z,2026-08-17T18:48:05Z,
34.78.97.33,ipv4,malicious-ip,medium,WHITE,ziyadnz/hourly-ipv4,ziyadnz|hourly,2026-08-17T18:48:05Z,2026-08-17T18:48:05Z,
34.78.99.123,ipv4,malicious-ip,medium,WHITE,ziyadnz/hourly-ipv4,ziyadnz|hourly,2026-08-17T18:48:05Z,2026-08-17T18:48:05Z,
34.79.0.167,ipv4,malicious-ip,medium,WHITE,ziyadnz/hourly-ipv4,ziyadnz|hourly,2026-08-17T18:48:05Z,2026-08-17T18:48:05Z,
34.79.106.59,ipv4,malicious-ip,medium,WHITE,ziyadnz/hourly-ipv4,ziyadnz|hourly,2026-08-17T18:48:05Z,2026-08-17T18:48:05Z,
34.79.147.154,ipv4,malicious-ip,medium,WHITE,ziyadnz/hourly-ipv4,ziyadnz|hourly,2026-08-17T18:48:05Z,2026-08-17T18:48:05Z,
34.79.156.110,ipv4,malicious-ip,medium,WHITE,ziyadnz/hourly-ipv4,ziyadnz|hourly,2026-08-17T18:48:05Z,2026-08-17T18:48:05Z,
34.79.163.146,ipv4,malicious-ip,medium,WHITE,ziyadnz/hourly-ipv4,ziyadnz|hourly,2026-08-17T18:48:05Z,2026-08-17T18:48:05Z,
34.79.169.204,ipv4,malicious-ip,medium,WHITE,ziyadnz/hourly-ipv4,ziyadnz|hourly,2026-08-17T18:48:05Z,2026-08-17T18:48:05Z,
34.79.187.104,ipv4,malicious-ip,medium,WHITE,ziyadnz/hourly-ipv4,ziyadnz|hourly,2026-08-17T18:48:05Z,2026-08-17T18:48:05Z,
34.79.190.254,ipv4,malicious-ip,medium,WHITE,ziyadnz/hourly-ipv4,ziyadnz|hourly,2026-08-17T18:48:05Z,2026-08-17T18:48:05Z,
34.79.2.177,ipv4,malicious-ip,medium,WHITE,ziyadnz/hourly-ipv4,ziyadnz|hourly,2026-08-17T18:48:05Z,2026-08-17T18:48:05Z,
34.79.2.54,ipv4,malicious-ip,medium,WHITE,ziyadnz/hourly-ipv4,ziyadnz|hourly,2026-08-17T18:48:05Z,2026-08-17T18:48:05Z,
34.79.217.48,ipv4,malicious-ip,medium,WHITE,ziyadnz/hourly-ipv4,ziyadnz|hourly,2026-08-17T18:48:05Z,2026-08-17T18:48:05Z,
34.79.218.42,ipv4,malicious-ip,medium,WHITE,ziyadnz/hourly-ipv4,ziyadnz|hourly,2026-08-17T18:48:05Z,2026-08-17T18:48:05Z,
34.79.223.250,ipv4,malicious-ip,medium,WHITE,ziyadnz/hourly-ipv4,ziyadnz|hourly,2026-08-17T18:48:05Z,2026-08-17T18:48:05Z,
34.79.24.88,ipv4,malicious-ip,medium,WHITE,ziyadnz/hourly-ipv4,ziyadnz|hourly,2026-08-17T18:48:05Z,2026-08-17T18:48:05Z,
34.79.240.161,ipv4,malicious-ip,medium,WHITE,ziyadnz/hourly-ipv4,ziyadnz|hourly,2026-08-17T18:48:05Z,2026-08-17T18:48:05Z,
34.79.25.43,ipv4,malicious-ip,medium,WHITE,ziyadnz/hourly-ipv4,ziyadnz|hourly,2026-08-17T18:48:05Z,2026-08-17T18:48:05Z,
34.79.26.129,ipv4,malicious-ip,medium,WHITE,ziyadnz/hourly-ipv4,ziyadnz|hourly,2026-08-17T18:48:05Z,2026-08-17T18:48:05Z,
34.79.26.79,ipv4,malicious-ip,medium,WHITE,ziyadnz/hourly-ipv4,ziyadnz|hourly,2026-08-17T18:48:05Z,2026-08-17T18:48:05Z,
34.79.30.206,ipv4,malicious-ip,medium,WHITE,ziyadnz/hourly-ipv4,ziyadnz|hourly,2026-08-17T18:48:05Z,2026-08-17T18:48:05Z,
34.79.33.140,ipv4,malicious-ip,medium,WHITE,ziyadnz/hourly-ipv4,ziyadnz|hourly,2026-08-17T18:48:05Z,2026-08-17T18:48:05Z,
34.79.53.17,ipv4,malicious-ip,medium,WHITE,ziyadnz/hourly-ipv4,ziyadnz|hourly,2026-08-17T18:48:05Z,2026-08-17T18:48:05Z,
34.79.53.218,ipv4,malicious-ip,medium,WHITE,ziyadnz/hourly-ipv4,ziyadnz|hourly,2026-08-17T18:48:05Z,2026-08-17T18:48:05Z,
34.79.53.222,ipv4,malicious-ip,medium,WHITE,ziyadnz/hourly-ipv4,ziyadnz|hourly,2026-08-17T18:48:05Z,2026-08-17T18:48:05Z,
34.79.55.80,ipv4,malicious-ip,medium,WHITE,ziyadnz/hourly-ipv4,ziyadnz|hourly,2026-08-17T18:48:05Z,2026-08-17T18:48:05Z,
34.79.57.13,ipv4,malicious-ip,medium,WHITE,ziyadnz/hourly-ipv4,ziyadnz|hourly,2026-08-17T18:48:05Z,2026-08-17T18:48:05Z,
34.79.58.144,ipv4,malicious-ip,medium,WHITE,ziyadnz/hourly-ipv4,ziyadnz|hourly,2026-08-17T18:48:05Z,2026-08-17T18:48:05Z,
34.79.6.222,ipv4,malicious-ip,medium,WHITE,ziyadnz/hourly-ipv4,ziyadnz|hourly,2026-08-17T18:48:05Z,2026-08-17T18:48:05Z,
34.79.62.239,ipv4,malicious-ip,medium,WHITE,ziyadnz/hourly-ipv4,ziyadnz|hourly,2026-08-17T18:48:05Z,2026-08-17T18:48:05Z,
34.79.63.137,ipv4,malicious-ip,medium,WHITE,ziyadnz/hourly-ipv4,ziyadnz|hourly,2026-08-17T18:48:05Z,2026-08-17T18:48:05Z,
34.79.7.67,ipv4,malicious-ip,medium,WHITE,ziyadnz/hourly-ipv4,ziyadnz|hourly,2026-08-17T18:48:05Z,2026-08-17T18:48:05Z,
34.79.8.173,ipv4,malicious-ip,medium,WHITE,ziyadnz/hourly-ipv4,ziyadnz|hourly,2026-08-17T18:48:05Z,2026-08-17T18:48:05Z,
34.79.91.49,ipv4,malicious-ip,medium,WHITE,ziyadnz/hourly-ipv4,ziyadnz|hourly,2026-08-17T18:48:05Z,2026-08-17T18:48:05Z,
34.80.59.191,ipv4,malicious-ip,medium,WHITE,ziyadnz/hourly-ipv4,ziyadnz|hourly,2026-08-17T18:48:05Z,2026-08-17T18:48:05Z,
34.81.109.45,ipv4,malicious-ip,medium,WHITE,ziyadnz/hourly-ipv4,ziyadnz|hourly,2026-08-17T18:48:05Z,2026-08-17T18:48:05Z,
34.81.29.85,ipv4,malicious-ip,medium,WHITE,ziyadnz/hourly-ipv4,ziyadnz|hourly,2026-08-17T18:48:05Z,2026-08-17T18:48:05Z,
34.81.36.168,ipv4,malicious-ip,medium,WHITE,ziyadnz/hourly-ipv4,ziyadnz|hourly,2026-08-17T18:48:05Z,2026-08-17T18:48:05Z,
34.81.37.151,ipv4,malicious-ip,medium,WHITE,ziyadnz/hourly-ipv4,ziyadnz|hourly,2026-08-17T18:48:05Z,2026-08-17T18:48:05Z,
34.81.52.121,ipv4,malicious-ip,medium,WHITE,ziyadnz/hourly-ipv4,ziyadnz|hourly,2026-08-17T18:48:05Z,2026-08-17T18:48:05Z,
34.81.72.185,ipv4,malicious-ip,medium,WHITE,ziyadnz/hourly-ipv4,ziyadnz|hourly,2026-08-17T18:48:05Z,2026-08-17T18:48:05Z,
34.81.72.51,ipv4,malicious-ip,medium,WHITE,ziyadnz/hourly-ipv4,ziyadnz|hourly,2026-08-17T18:48:05Z,2026-08-17T18:48:05Z,
34.82.123.219,ipv4,malicious-ip,medium,WHITE,ziyadnz/hourly-ipv4,ziyadnz|hourly,2026-08-17T18:48:05Z,2026-08-17T18:48:05Z,
34.82.132.195,ipv4,malicious-ip,medium,WHITE,ziyadnz/hourly-ipv4,ziyadnz|hourly,2026-08-17T18:48:05Z,2026-08-17T18:48:05Z,
34.82.164.130,ipv4,malicious-ip,medium,WHITE,ziyadnz/hourly-ipv4,ziyadnz|hourly,2026-08-17T18:48:05Z,2026-08-17T18:48:05Z,
34.82.175.191,ipv4,malicious-ip,medium,WHITE,ziyadnz/hourly-ipv4,ziyadnz|hourly,2026-08-17T18:48:05Z,2026-08-17T18:48:05Z,
34.82.176.106,ipv4,malicious-ip,medium,WHITE,ziyadnz/hourly-ipv4,ziyadnz|hourly,2026-08-17T18:48:05Z,2026-08-17T18:48:05Z,
34.82.20.84,ipv4,malicious-ip,medium,WHITE,ziyadnz/hourly-ipv4,ziyadnz|hourly,2026-08-17T18:48:05Z,2026-08-17T18:48:05Z,
34.82.220.26,ipv4,malicious-ip,medium,WHITE,ziyadnz/hourly-ipv4,ziyadnz|hourly,2026-08-17T18:48:05Z,2026-08-17T18:48:05Z,
34.82.247.164,ipv4,malicious-ip,medium,WHITE,ziyadnz/hourly-ipv4,ziyadnz|hourly,2026-08-17T18:48:05Z,2026-08-17T18:48:05Z,
34.82.84.206,ipv4,malicious-ip,medium,WHITE,ziyadnz/hourly-ipv4,ziyadnz|hourly,2026-08-17T18:48:05Z,2026-08-17T18:48:05Z,
34.82.85.28,ipv4,malicious-ip,medium,WHITE,ziyadnz/hourly-ipv4,ziyadnz|hourly,2026-08-17T18:48:05Z,2026-08-17T18:48:05Z,
34.83.138.72,ipv4,malicious-ip,medium,WHITE,ziyadnz/hourly-ipv4,ziyadnz|hourly,2026-08-17T18:48:05Z,2026-08-17T18:48:05Z,
34.83.171.30,ipv4,malicious-ip,medium,WHITE,ziyadnz/hourly-ipv4,ziyadnz|hourly,2026-08-17T18:48:05Z,2026-08-17T18:48:05Z,
34.83.172.107,ipv4,malicious-ip,medium,WHITE,ziyadnz/hourly-ipv4,ziyadnz|hourly,2026-08-17T18:48:05Z,2026-08-17T18:48:05Z,
34.83.183.237,ipv4,malicious-ip,medium,WHITE,ziyadnz/hourly-ipv4,ziyadnz|hourly,2026-08-17T18:48:05Z,2026-08-17T18:48:05Z,
34.83.233.168,ipv4,malicious-ip,medium,WHITE,ziyadnz/hourly-ipv4,ziyadnz|hourly,2026-08-17T18:48:05Z,2026-08-17T18:48:05Z,
34.83.26.39,ipv4,malicious-ip,medium,WHITE,ziyadnz/hourly-ipv4,ziyadnz|hourly,2026-08-17T18:48:05Z,2026-08-17T18:48:05Z,
34.85.137.63,ipv4,malicious-ip,medium,WHITE,ziyadnz/hourly-ipv4,ziyadnz|hourly,2026-08-17T18:48:05Z,2026-08-17T18:48:05Z,
34.85.149.145,ipv4,malicious-ip,medium,WHITE,ziyadnz/hourly-ipv4,ziyadnz|hourly,2026-08-17T18:48:05Z,2026-08-17T18:48:05Z,
34.85.158.118,ipv4,malicious-ip,medium,WHITE,ziyadnz/hourly-ipv4,ziyadnz|hourly,2026-08-17T18:48:05Z,2026-08-17T18:48:05Z,
34.85.160.245,ipv4,malicious-ip,medium,WHITE,ziyadnz/hourly-ipv4,ziyadnz|hourly,2026-08-17T18:48:05Z,2026-08-17T18:48:05Z,
34.85.209.236,ipv4,malicious-ip,medium,WHITE,ziyadnz/hourly-ipv4,ziyadnz|hourly,2026-08-17T18:48:05Z,2026-08-17T18:48:05Z,
34.85.213.31,ipv4,malicious-ip,medium,WHITE,ziyadnz/hourly-ipv4,ziyadnz|hourly,2026-08-17T18:48:05Z,2026-08-17T18:48:05Z,
34.85.229.30,ipv4,malicious-ip,medium,WHITE,ziyadnz/hourly-ipv4,ziyadnz|hourly,2026-08-17T18:48:05Z,2026-08-17T18:48:05Z,
34.85.250.232,ipv4,malicious-ip,medium,WHITE,ziyadnz/hourly-ipv4,ziyadnz|hourly,2026-08-17T18:48:05Z,2026-08-17T18:48:05Z,
34.86.106.217,ipv4,malicious-ip,medium,WHITE,ziyadnz/hourly-ipv4,ziyadnz|hourly,2026-08-17T18:48:05Z,2026-08-17T18:48:05Z,
34.86.126.65,ipv4,malicious-ip,medium,WHITE,ziyadnz/hourly-ipv4,ziyadnz|hourly,2026-08-17T18:48:05Z,2026-08-17T18:48:05Z,
34.86.184.97,ipv4,malicious-ip,medium,WHITE,ziyadnz/hourly-ipv4,ziyadnz|hourly,2026-08-17T18:48:05Z,2026-08-17T18:48:05Z,
34.86.193.236,ipv4,malicious-ip,medium,WHITE,ziyadnz/hourly-ipv4,ziyadnz|hourly,2026-08-17T18:48:05Z,2026-08-17T18:48:05Z,
34.86.203.181,ipv4,malicious-ip,medium,WHITE,ziyadnz/hourly-ipv4,ziyadnz|hourly,2026-08-17T18:48:05Z,2026-08-17T18:48:05Z,
34.86.206.17,ipv4,malicious-ip,medium,WHITE,ziyadnz/hourly-ipv4,ziyadnz|hourly,2026-08-17T18:48:05Z,2026-08-17T18:48:05Z,
34.86.213.40,ipv4,malicious-ip,medium,WHITE,ziyadnz/hourly-ipv4,ziyadnz|hourly,2026-08-17T18:48:05Z,2026-08-17T18:48:05Z,
34.86.213.47,ipv4,malicious-ip,medium,WHITE,ziyadnz/hourly-ipv4,ziyadnz|hourly,2026-08-17T18:48:05Z,2026-08-17T18:48:05Z,
34.86.224.39,ipv4,malicious-ip,medium,WHITE,ziyadnz/hourly-ipv4,ziyadnz|hourly,2026-08-17T18:48:05Z,2026-08-17T18:48:05Z,
34.86.237.150,ipv4,malicious-ip,medium,WHITE,ziyadnz/hourly-ipv4,ziyadnz|hourly,2026-08-17T18:48:05Z,2026-08-17T18:48:05Z,
34.86.37.203,ipv4,malicious-ip,medium,WHITE,ziyadnz/hourly-ipv4,ziyadnz|hourly,2026-08-17T18:48:05Z,2026-08-17T18:48:05Z,
34.86.5.227,ipv4,malicious-ip,medium,WHITE,ziyadnz/hourly-ipv4,ziyadnz|hourly,2026-08-17T18:48:05Z,2026-08-17T18:48:05Z,
34.86.53.198,ipv4,malicious-ip,medium,WHITE,ziyadnz/hourly-ipv4,ziyadnz|hourly,2026-08-17T18:48:05Z,2026-08-17T18:48:05Z,
34.86.87.240,ipv4,malicious-ip,medium,WHITE,ziyadnz/hourly-ipv4,ziyadnz|hourly,2026-08-17T18:48:05Z,2026-08-17T18:48:05Z,
34.86.95.193,ipv4,malicious-ip,medium,WHITE,ziyadnz/hourly-ipv4,ziyadnz|hourly,2026-08-17T18:48:05Z,2026-08-17T18:48:05Z,
34.87.140.238,ipv4,malicious-ip,medium,WHITE,ziyadnz/hourly-ipv4,ziyadnz|hourly,2026-08-17T18:48:05Z,2026-08-17T18:48:05Z,
34.87.20.121,ipv4,malicious-ip,medium,WHITE,ziyadnz/hourly-ipv4,ziyadnz|hourly,2026-08-17T18:48:05Z,2026-08-17T18:48:05Z,
34.87.96.33,ipv4,malicious-ip,medium,WHITE,ziyadnz/hourly-ipv4,ziyadnz|hourly,2026-08-17T18:48:05Z,2026-08-17T18:48:05Z,
34.88.12.50,ipv4,malicious-ip,medium,WHITE,ziyadnz/hourly-ipv4,ziyadnz|hourly,2026-08-17T18:48:05Z,2026-08-17T18:48:05Z,
34.88.122.84,ipv4,malicious-ip,medium,WHITE,ziyadnz/hourly-ipv4,ziyadnz|hourly,2026-08-17T18:48:05Z,2026-08-17T18:48:05Z,
34.88.192.128,ipv4,malicious-ip,medium,WHITE,ziyadnz/hourly-ipv4,ziyadnz|hourly,2026-08-17T18:48:05Z,2026-08-17T18:48:05Z,
34.9.178.200,ipv4,malicious-ip,medium,WHITE,ziyadnz/hourly-ipv4,ziyadnz|hourly,2026-08-17T18:48:05Z,2026-08-17T18:48:05Z,
34.9.33.176,ipv4,malicious-ip,medium,WHITE,ziyadnz/hourly-ipv4,ziyadnz|hourly,2026-08-17T18:48:05Z,2026-08-17T18:48:05Z,
34.9.61.102,ipv4,malicious-ip,medium,WHITE,ziyadnz/hourly-ipv4,ziyadnz|hourly,2026-08-17T18:48:05Z,2026-08-17T18:48:05Z,
34.90.144.127,ipv4,malicious-ip,medium,WHITE,ziyadnz/hourly-ipv4,ziyadnz|hourly,2026-08-17T18:48:05Z,2026-08-17T18:48:05Z,
34.90.168.35,ipv4,malicious-ip,medium,WHITE,ziyadnz/hourly-ipv4,ziyadnz|hourly,2026-08-17T18:48:05Z,2026-08-17T18:48:05Z,
34.90.210.134,ipv4,malicious-ip,medium,WHITE,ziyadnz/hourly-ipv4,ziyadnz|hourly,2026-08-17T18:48:05Z,2026-08-17T18:48:05Z,
34.90.212.51,ipv4,malicious-ip,medium,WHITE,ziyadnz/hourly-ipv4,ziyadnz|hourly,2026-08-17T18:48:05Z,2026-08-17T18:48:05Z,
34.90.216.213,ipv4,malicious-ip,medium,WHITE,ziyadnz/hourly-ipv4,ziyadnz|hourly,2026-08-17T18:48:05Z,2026-08-17T18:48:05Z,
34.90.231.51,ipv4,malicious-ip,medium,WHITE,ziyadnz/hourly-ipv4,ziyadnz|hourly,2026-08-17T18:48:05Z,2026-08-17T18:48:05Z,
34.90.249.103,ipv4,malicious-ip,medium,WHITE,ziyadnz/hourly-ipv4,ziyadnz|hourly,2026-08-17T18:48:05Z,2026-08-17T18:48:05Z,
34.90.252.195,ipv4,malicious-ip,medium,WHITE,ziyadnz/hourly-ipv4,ziyadnz|hourly,2026-08-17T18:48:05Z,2026-08-17T18:48:05Z,
34.90.69.83,ipv4,malicious-ip,medium,WHITE,ziyadnz/hourly-ipv4,ziyadnz|hourly,2026-08-17T18:48:05Z,2026-08-17T18:48:05Z,
34.91.101.47,ipv4,malicious-ip,medium,WHITE,ziyadnz/hourly-ipv4,ziyadnz|hourly,2026-08-17T18:48:05Z,2026-08-17T18:48:05Z,
34.91.192.115,ipv4,malicious-ip,medium,WHITE,ziyadnz/hourly-ipv4,ziyadnz|hourly,2026-08-17T18:48:05Z,2026-08-17T18:48:05Z,
34.91.193.133,ipv4,malicious-ip,medium,WHITE,ziyadnz/hourly-ipv4,ziyadnz|hourly,2026-08-17T18:48:05Z,2026-08-17T18:48:05Z,
34.91.197.153,ipv4,malicious-ip,medium,WHITE,ziyadnz/hourly-ipv4,ziyadnz|hourly,2026-08-17T18:48:05Z,2026-08-17T18:48:05Z,
34.91.217.225,ipv4,malicious-ip,medium,WHITE,ziyadnz/hourly-ipv4,ziyadnz|hourly,2026-08-17T18:48:05Z,2026-08-17T18:48:05Z,
34.91.248.220,ipv4,malicious-ip,medium,WHITE,ziyadnz/hourly-ipv4,ziyadnz|hourly,2026-08-17T18:48:05Z,2026-08-17T18:48:05Z,
34.91.28.141,ipv4,malicious-ip,medium,WHITE,ziyadnz/hourly-ipv4,ziyadnz|hourly,2026-08-17T18:48:05Z,2026-08-17T18:48:05Z,
34.91.5.58,ipv4,malicious-ip,medium,WHITE,ziyadnz/hourly-ipv4,ziyadnz|hourly,2026-08-17T18:48:05Z,2026-08-17T18:48:05Z,
34.92.150.93,ipv4,malicious-ip,medium,WHITE,ziyadnz/hourly-ipv4,ziyadnz|hourly,2026-08-17T18:48:05Z,2026-08-17T18:48:05Z,
34.92.17.63,ipv4,malicious-ip,medium,WHITE,ziyadnz/hourly-ipv4,ziyadnz|hourly,2026-08-17T18:48:05Z,2026-08-17T18:48:05Z,
34.92.240.75,ipv4,malicious-ip,medium,WHITE,ziyadnz/hourly-ipv4,ziyadnz|hourly,2026-08-17T18:48:05Z,2026-08-17T18:48:05Z,
34.92.243.143,ipv4,malicious-ip,medium,WHITE,ziyadnz/hourly-ipv4,ziyadnz|hourly,2026-08-17T18:48:05Z,2026-08-17T18:48:05Z,
34.92.33.224,ipv4,malicious-ip,medium,WHITE,ziyadnz/hourly-ipv4,ziyadnz|hourly,2026-08-17T18:48:05Z,2026-08-17T18:48:05Z,
34.92.60.37,ipv4,malicious-ip,medium,WHITE,ziyadnz/hourly-ipv4,ziyadnz|hourly,2026-08-17T18:48:05Z,2026-08-17T18:48:05Z,
34.92.62.225,ipv4,malicious-ip,medium,WHITE,ziyadnz/hourly-ipv4,ziyadnz|hourly,2026-08-17T18:48:05Z,2026-08-17T18:48:05Z,
34.93.191.230,ipv4,malicious-ip,medium,WHITE,ziyadnz/hourly-ipv4,ziyadnz|hourly,2026-08-17T18:48:05Z,2026-08-17T18:48:05Z,
34.93.241.217,ipv4,malicious-ip,medium,WHITE,ziyadnz/hourly-ipv4,ziyadnz|hourly,2026-08-17T18:48:05Z,2026-08-17T18:48:05Z,
34.94.175.122,ipv4,malicious-ip,medium,WHITE,ziyadnz/hourly-ipv4,ziyadnz|hourly,2026-08-17T18:48:05Z,2026-08-17T18:48:05Z,
34.95.194.249,ipv4,malicious-ip,medium,WHITE,ziyadnz/hourly-ipv4,ziyadnz|hourly,2026-08-17T18:48:05Z,2026-08-17T18:48:05Z,
34.95.197.36,ipv4,malicious-ip,medium,WHITE,ziyadnz/hourly-ipv4,ziyadnz|hourly,2026-08-17T18:48:05Z,2026-08-17T18:48:05Z,
34.96.46.120,ipv4,malicious-ip,medium,WHITE,ziyadnz/hourly-ipv4,ziyadnz|hourly,2026-08-17T18:48:05Z,2026-08-17T18:48:05Z,
34.96.48.23,ipv4,malicious-ip,medium,WHITE,ziyadnz/hourly-ipv4,ziyadnz|hourly,2026-08-17T18:48:05Z,2026-08-17T18:48:05Z,
34.97.115.22,ipv4,malicious-ip,medium,WHITE,ziyadnz/hourly-ipv4,ziyadnz|hourly,2026-08-17T18:48:05Z,2026-08-17T18:48:05Z,
34.97.206.67,ipv4,malicious-ip,medium,WHITE,ziyadnz/hourly-ipv4,ziyadnz|hourly,2026-08-17T18:48:05Z,2026-08-17T18:48:05Z,
34.97.220.127,ipv4,malicious-ip,medium,WHITE,ziyadnz/hourly-ipv4,ziyadnz|hourly,2026-08-17T18:48:05Z,2026-08-17T18:48:05Z,
35.0.127.52,ipv4,malicious-ip,medium,WHITE,ziyadnz/hourly-ipv4,ziyadnz|hourly,2026-08-17T18:48:05Z,2026-08-17T18:48:05Z,
35.129.111.5,ipv4,malicious-ip,medium,WHITE,ziyadnz/hourly-ipv4,ziyadnz|hourly,2026-08-17T18:48:05Z,2026-08-17T18:48:05Z,
35.136.73.18,ipv4,malicious-ip,medium,WHITE,ziyadnz/hourly-ipv4,ziyadnz|hourly,2026-08-17T18:48:05Z,2026-08-17T18:48:05Z,
35.137.184.179,ipv4,malicious-ip,medium,WHITE,ziyadnz/hourly-ipv4,ziyadnz|hourly,2026-08-17T18:48:05Z,2026-08-17T18:48:05Z,
35.141.27.253,ipv4,malicious-ip,medium,WHITE,ziyadnz/hourly-ipv4,ziyadnz|hourly,2026-08-17T18:48:05Z,2026-08-17T18:48:05Z,
35.144.1.131,ipv4,malicious-ip,medium,WHITE,ziyadnz/hourly-ipv4,ziyadnz|hourly,2026-08-17T18:48:05Z,2026-08-17T18:48:05Z,
35.144.105.60,ipv4,malicious-ip,medium,WHITE,ziyadnz/hourly-ipv4,ziyadnz|hourly,2026-08-17T18:48:05Z,2026-08-17T18:48:05Z,
35.144.114.82,ipv4,malicious-ip,medium,WHITE,ziyadnz/hourly-ipv4,ziyadnz|hourly,2026-08-17T18:48:05Z,2026-08-17T18:48:05Z,
35.144.133.70,ipv4,malicious-ip,medium,WHITE,ziyadnz/hourly-ipv4,ziyadnz|hourly,2026-08-17T18:48:05Z,2026-08-17T18:48:05Z,
35.144.159.201,ipv4,malicious-ip,medium,WHITE,ziyadnz/hourly-ipv4,ziyadnz|hourly,2026-08-17T18:48:05Z,2026-08-17T18:48:05Z,
35.144.171.35,ipv4,malicious-ip,medium,WHITE,ziyadnz/hourly-ipv4,ziyadnz|hourly,2026-08-17T18:48:05Z,2026-08-17T18:48:05Z,
35.144.61.147,ipv4,malicious-ip,medium,WHITE,ziyadnz/hourly-ipv4,ziyadnz|hourly,2026-08-17T18:48:05Z,2026-08-17T18:48:05Z,
35.144.63.132,ipv4,malicious-ip,medium,WHITE,ziyadnz/hourly-ipv4,ziyadnz|hourly,2026-08-17T18:48:05Z,2026-08-17T18:48:05Z,
35.144.67.128,ipv4,malicious-ip,medium,WHITE,ziyadnz/hourly-ipv4,ziyadnz|hourly,2026-08-17T18:48:05Z,2026-08-17T18:48:05Z,
35.144.84.121,ipv4,malicious-ip,medium,WHITE,ziyadnz/hourly-ipv4,ziyadnz|hourly,2026-08-17T18:48:05Z,2026-08-17T18:48:05Z,
35.145.148.64,ipv4,malicious-ip,medium,WHITE,ziyadnz/hourly-ipv4,ziyadnz|hourly,2026-08-17T18:48:05Z,2026-08-17T18:48:05Z,
35.145.180.16,ipv4,malicious-ip,medium,WHITE,ziyadnz/hourly-ipv4,ziyadnz|hourly,2026-08-17T18:48:05Z,2026-08-17T18:48:05Z,
35.145.183.34,ipv4,malicious-ip,medium,WHITE,ziyadnz/hourly-ipv4,ziyadnz|hourly,2026-08-17T18:48:05Z,2026-08-17T18:48:05Z,
35.145.231.62,ipv4,malicious-ip,medium,WHITE,ziyadnz/hourly-ipv4,ziyadnz|hourly,2026-08-17T18:48:05Z,2026-08-17T18:48:05Z,
35.145.98.19,ipv4,malicious-ip,medium,WHITE,ziyadnz/hourly-ipv4,ziyadnz|hourly,2026-08-17T18:48:05Z,2026-08-17T18:48:05Z,
35.146.149.197,ipv4,malicious-ip,medium,WHITE,ziyadnz/hourly-ipv4,ziyadnz|hourly,2026-08-17T18:48:05Z,2026-08-17T18:48:05Z,
35.146.242.197,ipv4,malicious-ip,medium,WHITE,ziyadnz/hourly-ipv4,ziyadnz|hourly,2026-08-17T18:48:05Z,2026-08-17T18:48:05Z,
35.146.46.37,ipv4,malicious-ip,medium,WHITE,ziyadnz/hourly-ipv4,ziyadnz|hourly,2026-08-17T18:48:05Z,2026-08-17T18:48:05Z,
35.147.117.234,ipv4,malicious-ip,medium,WHITE,ziyadnz/hourly-ipv4,ziyadnz|hourly,2026-08-17T18:48:05Z,2026-08-17T18:48:05Z,
35.147.126.163,ipv4,malicious-ip,medium,WHITE,ziyadnz/hourly-ipv4,ziyadnz|hourly,2026-08-17T18:48:05Z,2026-08-17T18:48:05Z,
35.147.179.128,ipv4,malicious-ip,medium,WHITE,ziyadnz/hourly-ipv4,ziyadnz|hourly,2026-08-17T18:48:05Z,2026-08-17T18:48:05Z,
35.148.144.162,ipv4,malicious-ip,medium,WHITE,ziyadnz/hourly-ipv4,ziyadnz|hourly,2026-08-17T18:48:05Z,2026-08-17T18:48:05Z,
35.148.218.141,ipv4,malicious-ip,medium,WHITE,ziyadnz/hourly-ipv4,ziyadnz|hourly,2026-08-17T18:48:05Z,2026-08-17T18:48:05Z,
35.148.221.125,ipv4,malicious-ip,medium,WHITE,ziyadnz/hourly-ipv4,ziyadnz|hourly,2026-08-17T18:48:05Z,2026-08-17T18:48:05Z,
35.149.187.121,ipv4,malicious-ip,medium,WHITE,ziyadnz/hourly-ipv4,ziyadnz|hourly,2026-08-17T18:48:05Z,2026-08-17T18:48:05Z,
35.149.35.111,ipv4,malicious-ip,medium,WHITE,ziyadnz/hourly-ipv4,ziyadnz|hourly,2026-08-17T18:48:05Z,2026-08-17T18:48:05Z,
35.150.128.153,ipv4,malicious-ip,medium,WHITE,ziyadnz/hourly-ipv4,ziyadnz|hourly,2026-08-17T18:48:05Z,2026-08-17T18:48:05Z,
35.150.138.104,ipv4,malicious-ip,medium,WHITE,ziyadnz/hourly-ipv4,ziyadnz|hourly,2026-08-17T18:48:05Z,2026-08-17T18:48:05Z,
35.150.165.159,ipv4,malicious-ip,medium,WHITE,ziyadnz/hourly-ipv4,ziyadnz|hourly,2026-08-17T18:48:05Z,2026-08-17T18:48:05Z,
35.150.19.45,ipv4,malicious-ip,medium,WHITE,ziyadnz/hourly-ipv4,ziyadnz|hourly,2026-08-17T18:48:05Z,2026-08-17T18:48:05Z,
35.153.86.200,ipv4,malicious-ip,medium,WHITE,ziyadnz/hourly-ipv4,ziyadnz|hourly,2026-08-17T18:48:05Z,2026-08-17T18:48:05Z,
35.154.98.207,ipv4,malicious-ip,medium,WHITE,ziyadnz/hourly-ipv4,ziyadnz|hourly,2026-08-17T18:48:05Z,2026-08-17T18:48:05Z,
35.155.211.73,ipv4,malicious-ip,medium,WHITE,ziyadnz/hourly-ipv4,ziyadnz|hourly,2026-08-17T18:48:05Z,2026-08-17T18:48:05Z,
35.162.25.228,ipv4,malicious-ip,medium,WHITE,ziyadnz/hourly-ipv4,ziyadnz|hourly,2026-08-17T18:48:05Z,2026-08-17T18:48:05Z,
35.166.88.192,ipv4,malicious-ip,medium,WHITE,ziyadnz/hourly-ipv4,ziyadnz|hourly,2026-08-17T18:48:05Z,2026-08-17T18:48:05Z,
35.168.238.50,ipv4,malicious-ip,medium,WHITE,ziyadnz/hourly-ipv4,ziyadnz|hourly,2026-08-17T18:48:05Z,2026-08-17T18:48:05Z,
35.168.26.206,ipv4,malicious-ip,medium,WHITE,ziyadnz/hourly-ipv4,ziyadnz|hourly,2026-08-17T18:48:05Z,2026-08-17T18:48:05Z,
35.169.119.108,ipv4,malicious-ip,medium,WHITE,ziyadnz/hourly-ipv4,ziyadnz|hourly,2026-08-17T18:48:05Z,2026-08-17T18:48:05Z,
35.169.206.177,ipv4,malicious-ip,medium,WHITE,ziyadnz/hourly-ipv4,ziyadnz|hourly,2026-08-17T18:48:05Z,2026-08-17T18:48:05Z,
35.170.205.140,ipv4,malicious-ip,medium,WHITE,ziyadnz/hourly-ipv4,ziyadnz|hourly,2026-08-17T18:48:05Z,2026-08-17T18:48:05Z,
35.171.117.160,ipv4,malicious-ip,medium,WHITE,ziyadnz/hourly-ipv4,ziyadnz|hourly,2026-08-17T18:48:05Z,2026-08-17T18:48:05Z,
35.172.121.199,ipv4,malicious-ip,medium,WHITE,ziyadnz/hourly-ipv4,ziyadnz|hourly,2026-08-17T18:48:05Z,2026-08-17T18:48:05Z,
35.172.134.248,ipv4,malicious-ip,medium,WHITE,ziyadnz/hourly-ipv4,ziyadnz|hourly,2026-08-17T18:48:05Z,2026-08-17T18:48:05Z,
35.174.141.243,ipv4,malicious-ip,medium,WHITE,ziyadnz/hourly-ipv4,ziyadnz|hourly,2026-08-17T18:48:05Z,2026-08-17T18:48:05Z,
35.174.253.85,ipv4,malicious-ip,medium,WHITE,ziyadnz/hourly-ipv4,ziyadnz|hourly,2026-08-17T18:48:05Z,2026-08-17T18:48:05Z,
35.175.153.217,ipv4,malicious-ip,medium,WHITE,ziyadnz/hourly-ipv4,ziyadnz|hourly,2026-08-17T18:48:05Z,2026-08-17T18:48:05Z,
35.175.190.38,ipv4,malicious-ip,medium,WHITE,ziyadnz/hourly-ipv4,ziyadnz|hourly,2026-08-17T18:48:05Z,2026-08-17T18:48:05Z,
35.178.174.31,ipv4,malicious-ip,medium,WHITE,ziyadnz/hourly-ipv4,ziyadnz|hourly,2026-08-17T18:48:05Z,2026-08-17T18:48:05Z,
35.182.32.110,ipv4,malicious-ip,medium,WHITE,ziyadnz/hourly-ipv4,ziyadnz|hourly,2026-08-17T18:48:05Z,2026-08-17T18:48:05Z,
35.184.138.246,ipv4,malicious-ip,medium,WHITE,ziyadnz/hourly-ipv4,ziyadnz|hourly,2026-08-17T18:48:05Z,2026-08-17T18:48:05Z,
35.184.171.243,ipv4,malicious-ip,medium,WHITE,ziyadnz/hourly-ipv4,ziyadnz|hourly,2026-08-17T18:48:05Z,2026-08-17T18:48:05Z,
35.184.205.113,ipv4,malicious-ip,medium,WHITE,ziyadnz/hourly-ipv4,ziyadnz|hourly,2026-08-17T18:48:05Z,2026-08-17T18:48:05Z,
35.184.77.217,ipv4,malicious-ip,medium,WHITE,ziyadnz/hourly-ipv4,ziyadnz|hourly,2026-08-17T18:48:05Z,2026-08-17T18:48:05Z,
35.185.101.69,ipv4,malicious-ip,medium,WHITE,ziyadnz/hourly-ipv4,ziyadnz|hourly,2026-08-17T18:48:05Z,2026-08-17T18:48:05Z,
35.185.11.127,ipv4,malicious-ip,medium,WHITE,ziyadnz/hourly-ipv4,ziyadnz|hourly,2026-08-17T18:48:05Z,2026-08-17T18:48:05Z,
35.185.114.69,ipv4,malicious-ip,medium,WHITE,ziyadnz/hourly-ipv4,ziyadnz|hourly,2026-08-17T18:48:05Z,2026-08-17T18:48:05Z,
35.185.12.84,ipv4,malicious-ip,medium,WHITE,ziyadnz/hourly-ipv4,ziyadnz|hourly,2026-08-17T18:48:05Z,2026-08-17T18:48:05Z,
35.185.125.136,ipv4,malicious-ip,medium,WHITE,ziyadnz/hourly-ipv4,ziyadnz|hourly,2026-08-17T18:48:05Z,2026-08-17T18:48:05Z,
35.185.204.16,ipv4,malicious-ip,medium,WHITE,ziyadnz/hourly-ipv4,ziyadnz|hourly,2026-08-17T18:48:05Z,2026-08-17T18:48:05Z,
35.185.218.153,ipv4,malicious-ip,medium,WHITE,ziyadnz/hourly-ipv4,ziyadnz|hourly,2026-08-17T18:48:05Z,2026-08-17T18:48:05Z,
35.185.219.184,ipv4,malicious-ip,medium,WHITE,ziyadnz/hourly-ipv4,ziyadnz|hourly,2026-08-17T18:48:05Z,2026-08-17T18:48:05Z,
35.185.23.2,ipv4,malicious-ip,medium,WHITE,ziyadnz/hourly-ipv4,ziyadnz|hourly,2026-08-17T18:48:05Z,2026-08-17T18:48:05Z,
35.185.236.80,ipv4,malicious-ip,medium,WHITE,ziyadnz/hourly-ipv4,ziyadnz|hourly,2026-08-17T18:48:05Z,2026-08-17T18:48:05Z,
35.185.25.36,ipv4,malicious-ip,medium,WHITE,ziyadnz/hourly-ipv4,ziyadnz|hourly,2026-08-17T18:48:05Z,2026-08-17T18:48:05Z,
35.185.255.83,ipv4,malicious-ip,medium,WHITE,ziyadnz/hourly-ipv4,ziyadnz|hourly,2026-08-17T18:48:05Z,2026-08-17T18:48:05Z,
35.185.40.118,ipv4,malicious-ip,medium,WHITE,ziyadnz/hourly-ipv4,ziyadnz|hourly,2026-08-17T18:48:05Z,2026-08-17T18:48:05Z,
35.185.41.139,ipv4,malicious-ip,medium,WHITE,ziyadnz/hourly-ipv4,ziyadnz|hourly,2026-08-17T18:48:05Z,2026-08-17T18:48:05Z,
35.185.5.117,ipv4,malicious-ip,medium,WHITE,ziyadnz/hourly-ipv4,ziyadnz|hourly,2026-08-17T18:48:05Z,2026-08-17T18:48:05Z,
35.185.83.196,ipv4,malicious-ip,medium,WHITE,ziyadnz/hourly-ipv4,ziyadnz|hourly,2026-08-17T18:48:05Z,2026-08-17T18:48:05Z,
35.186.151.38,ipv4,malicious-ip,medium,WHITE,ziyadnz/hourly-ipv4,ziyadnz|hourly,2026-08-17T18:48:05Z,2026-08-17T18:48:05Z,
35.186.185.171,ipv4,malicious-ip,medium,WHITE,ziyadnz/hourly-ipv4,ziyadnz|hourly,2026-08-17T18:48:05Z,2026-08-17T18:48:05Z,
35.186.190.43,ipv4,malicious-ip,medium,WHITE,ziyadnz/hourly-ipv4,ziyadnz|hourly,2026-08-17T18:48:05Z,2026-08-17T18:48:05Z,
35.187.102.88,ipv4,malicious-ip,medium,WHITE,ziyadnz/hourly-ipv4,ziyadnz|hourly,2026-08-17T18:48:05Z,2026-08-17T18:48:05Z,
35.187.110.141,ipv4,malicious-ip,medium,WHITE,ziyadnz/hourly-ipv4,ziyadnz|hourly,2026-08-17T18:48:05Z,2026-08-17T18:48:05Z,
35.187.111.80,ipv4,malicious-ip,medium,WHITE,ziyadnz/hourly-ipv4,ziyadnz|hourly,2026-08-17T18:48:05Z,2026-08-17T18:48:05Z,
35.187.114.247,ipv4,malicious-ip,medium,WHITE,ziyadnz/hourly-ipv4,ziyadnz|hourly,2026-08-17T18:48:05Z,2026-08-17T18:48:05Z,
35.187.115.30,ipv4,malicious-ip,medium,WHITE,ziyadnz/hourly-ipv4,ziyadnz|hourly,2026-08-17T18:48:05Z,2026-08-17T18:48:05Z,
35.187.119.198,ipv4,malicious-ip,medium,WHITE,ziyadnz/hourly-ipv4,ziyadnz|hourly,2026-08-17T18:48:05Z,2026-08-17T18:48:05Z,
35.187.124.69,ipv4,malicious-ip,medium,WHITE,ziyadnz/hourly-ipv4,ziyadnz|hourly,2026-08-17T18:48:05Z,2026-08-17T18:48:05Z,
35.187.127.227,ipv4,malicious-ip,medium,WHITE,ziyadnz/hourly-ipv4,ziyadnz|hourly,2026-08-17T18:48:05Z,2026-08-17T18:48:05Z,
35.187.160.223,ipv4,malicious-ip,medium,WHITE,ziyadnz/hourly-ipv4,ziyadnz|hourly,2026-08-17T18:48:05Z,2026-08-17T18:48:05Z,
35.187.161.35,ipv4,malicious-ip,medium,WHITE,ziyadnz/hourly-ipv4,ziyadnz|hourly,2026-08-17T18:48:05Z,2026-08-17T18:48:05Z,
35.187.178.201,ipv4,malicious-ip,medium,WHITE,ziyadnz/hourly-ipv4,ziyadnz|hourly,2026-08-17T18:48:05Z,2026-08-17T18:48:05Z,
35.187.18.134,ipv4,malicious-ip,medium,WHITE,ziyadnz/hourly-ipv4,ziyadnz|hourly,2026-08-17T18:48:05Z,2026-08-17T18:48:05Z,
35.187.181.99,ipv4,malicious-ip,medium,WHITE,ziyadnz/hourly-ipv4,ziyadnz|hourly,2026-08-17T18:48:05Z,2026-08-17T18:48:05Z,
35.187.182.211,ipv4,malicious-ip,medium,WHITE,ziyadnz/hourly-ipv4,ziyadnz|hourly,2026-08-17T18:48:05Z,2026-08-17T18:48:05Z,
35.187.184.122,ipv4,malicious-ip,medium,WHITE,ziyadnz/hourly-ipv4,ziyadnz|hourly,2026-08-17T18:48:05Z,2026-08-17T18:48:05Z,
35.187.23.61,ipv4,malicious-ip,medium,WHITE,ziyadnz/hourly-ipv4,ziyadnz|hourly,2026-08-17T18:48:05Z,2026-08-17T18:48:05Z,
35.187.232.13,ipv4,malicious-ip,medium,WHITE,ziyadnz/hourly-ipv4,ziyadnz|hourly,2026-08-17T18:48:05Z,2026-08-17T18:48:05Z,
35.187.28.244,ipv4,malicious-ip,medium,WHITE,ziyadnz/hourly-ipv4,ziyadnz|hourly,2026-08-17T18:48:05Z,2026-08-17T18:48:05Z,
35.187.3.94,ipv4,malicious-ip,medium,WHITE,ziyadnz/hourly-ipv4,ziyadnz|hourly,2026-08-17T18:48:05Z,2026-08-17T18:48:05Z,
35.187.32.14,ipv4,malicious-ip,medium,WHITE,ziyadnz/hourly-ipv4,ziyadnz|hourly,2026-08-17T18:48:05Z,2026-08-17T18:48:05Z,
35.187.38.161,ipv4,malicious-ip,medium,WHITE,ziyadnz/hourly-ipv4,ziyadnz|hourly,2026-08-17T18:48:05Z,2026-08-17T18:48:05Z,
35.187.44.153,ipv4,malicious-ip,medium,WHITE,ziyadnz/hourly-ipv4,ziyadnz|hourly,2026-08-17T18:48:05Z,2026-08-17T18:48:05Z,
35.187.47.42,ipv4,malicious-ip,medium,WHITE,ziyadnz/hourly-ipv4,ziyadnz|hourly,2026-08-17T18:48:05Z,2026-08-17T18:48:05Z,
35.187.5.186,ipv4,malicious-ip,medium,WHITE,ziyadnz/hourly-ipv4,ziyadnz|hourly,2026-08-17T18:48:05Z,2026-08-17T18:48:05Z,
35.187.58.104,ipv4,malicious-ip,medium,WHITE,ziyadnz/hourly-ipv4,ziyadnz|hourly,2026-08-17T18:48:05Z,2026-08-17T18:48:05Z,
35.187.6.127,ipv4,malicious-ip,medium,WHITE,ziyadnz/hourly-ipv4,ziyadnz|hourly,2026-08-17T18:48:05Z,2026-08-17T18:48:05Z,
35.187.94.117,ipv4,malicious-ip,medium,WHITE,ziyadnz/hourly-ipv4,ziyadnz|hourly,2026-08-17T18:48:05Z,2026-08-17T18:48:05Z,
35.188.207.104,ipv4,malicious-ip,medium,WHITE,ziyadnz/hourly-ipv4,ziyadnz|hourly,2026-08-17T18:48:05Z,2026-08-17T18:48:05Z,
35.188.213.33,ipv4,malicious-ip,medium,WHITE,ziyadnz/hourly-ipv4,ziyadnz|hourly,2026-08-17T18:48:05Z,2026-08-17T18:48:05Z,
35.188.231.78,ipv4,malicious-ip,medium,WHITE,ziyadnz/hourly-ipv4,ziyadnz|hourly,2026-08-17T18:48:05Z,2026-08-17T18:48:05Z,
35.188.235.148,ipv4,malicious-ip,medium,WHITE,ziyadnz/hourly-ipv4,ziyadnz|hourly,2026-08-17T18:48:05Z,2026-08-17T18:48:05Z,
35.188.236.11,ipv4,malicious-ip,medium,WHITE,ziyadnz/hourly-ipv4,ziyadnz|hourly,2026-08-17T18:48:05Z,2026-08-17T18:48:05Z,
35.188.75.233,ipv4,malicious-ip,medium,WHITE,ziyadnz/hourly-ipv4,ziyadnz|hourly,2026-08-17T18:48:05Z,2026-08-17T18:48:05Z,
35.189.106.162,ipv4,malicious-ip,medium,WHITE,ziyadnz/hourly-ipv4,ziyadnz|hourly,2026-08-17T18:48:05Z,2026-08-17T18:48:05Z,
35.189.196.46,ipv4,malicious-ip,medium,WHITE,ziyadnz/hourly-ipv4,ziyadnz|hourly,2026-08-17T18:48:05Z,2026-08-17T18:48:05Z,
35.189.199.177,ipv4,malicious-ip,medium,WHITE,ziyadnz/hourly-ipv4,ziyadnz|hourly,2026-08-17T18:48:05Z,2026-08-17T18:48:05Z,
35.189.201.23,ipv4,malicious-ip,medium,WHITE,ziyadnz/hourly-ipv4,ziyadnz|hourly,2026-08-17T18:48:05Z,2026-08-17T18:48:05Z,
35.189.210.227,ipv4,malicious-ip,medium,WHITE,ziyadnz/hourly-ipv4,ziyadnz|hourly,2026-08-17T18:48:05Z,2026-08-17T18:48:05Z,
35.189.222.44,ipv4,malicious-ip,medium,WHITE,ziyadnz/hourly-ipv4,ziyadnz|hourly,2026-08-17T18:48:05Z,2026-08-17T18:48:05Z,
35.189.238.138,ipv4,malicious-ip,medium,WHITE,ziyadnz/hourly-ipv4,ziyadnz|hourly,2026-08-17T18:48:05Z,2026-08-17T18:48:05Z,
35.189.245.122,ipv4,malicious-ip,medium,WHITE,ziyadnz/hourly-ipv4,ziyadnz|hourly,2026-08-17T18:48:05Z,2026-08-17T18:48:05Z,
35.189.245.248,ipv4,malicious-ip,medium,WHITE,ziyadnz/hourly-ipv4,ziyadnz|hourly,2026-08-17T18:48:05Z,2026-08-17T18:48:05Z,
35.189.246.61,ipv4,malicious-ip,medium,WHITE,ziyadnz/hourly-ipv4,ziyadnz|hourly,2026-08-17T18:48:05Z,2026-08-17T18:48:05Z,
35.190.128.60,ipv4,malicious-ip,medium,WHITE,ziyadnz/hourly-ipv4,ziyadnz|hourly,2026-08-17T18:48:05Z,2026-08-17T18:48:05Z,
35.190.142.170,ipv4,malicious-ip,medium,WHITE,ziyadnz/hourly-ipv4,ziyadnz|hourly,2026-08-17T18:48:05Z,2026-08-17T18:48:05Z,
35.190.146.89,ipv4,malicious-ip,medium,WHITE,ziyadnz/hourly-ipv4,ziyadnz|hourly,2026-08-17T18:48:05Z,2026-08-17T18:48:05Z,
35.190.148.82,ipv4,malicious-ip,medium,WHITE,ziyadnz/hourly-ipv4,ziyadnz|hourly,2026-08-17T18:48:05Z,2026-08-17T18:48:05Z,
35.190.164.224,ipv4,malicious-ip,medium,WHITE,ziyadnz/hourly-ipv4,ziyadnz|hourly,2026-08-17T18:48:05Z,2026-08-17T18:48:05Z,
35.190.171.90,ipv4,malicious-ip,medium,WHITE,ziyadnz/hourly-ipv4,ziyadnz|hourly,2026-08-17T18:48:05Z,2026-08-17T18:48:05Z,
35.190.177.53,ipv4,malicious-ip,medium,WHITE,ziyadnz/hourly-ipv4,ziyadnz|hourly,2026-08-17T18:48:05Z,2026-08-17T18:48:05Z,
35.190.196.219,ipv4,malicious-ip,medium,WHITE,ziyadnz/hourly-ipv4,ziyadnz|hourly,2026-08-17T18:48:05Z,2026-08-17T18:48:05Z,
35.190.201.131,ipv4,malicious-ip,medium,WHITE,ziyadnz/hourly-ipv4,ziyadnz|hourly,2026-08-17T18:48:05Z,2026-08-17T18:48:05Z,
35.190.209.69,ipv4,malicious-ip,medium,WHITE,ziyadnz/hourly-ipv4,ziyadnz|hourly,2026-08-17T18:48:05Z,2026-08-17T18:48:05Z,
35.192.133.34,ipv4,malicious-ip,medium,WHITE,ziyadnz/hourly-ipv4,ziyadnz|hourly,2026-08-17T18:48:05Z,2026-08-17T18:48:05Z,
35.193.107.40,ipv4,malicious-ip,medium,WHITE,ziyadnz/hourly-ipv4,ziyadnz|hourly,2026-08-17T18:48:05Z,2026-08-17T18:48:05Z,
35.193.145.117,ipv4,malicious-ip,medium,WHITE,ziyadnz/hourly-ipv4,ziyadnz|hourly,2026-08-17T18:48:05Z,2026-08-17T18:48:05Z,
35.193.212.113,ipv4,malicious-ip,medium,WHITE,ziyadnz/hourly-ipv4,ziyadnz|hourly,2026-08-17T18:48:05Z,2026-08-17T18:48:05Z,
35.193.233.255,ipv4,malicious-ip,medium,WHITE,ziyadnz/hourly-ipv4,ziyadnz|hourly,2026-08-17T18:48:05Z,2026-08-17T18:48:05Z,
35.193.52.91,ipv4,malicious-ip,medium,WHITE,ziyadnz/hourly-ipv4,ziyadnz|hourly,2026-08-17T18:48:05Z,2026-08-17T18:48:05Z,
35.194.0.176,ipv4,malicious-ip,medium,WHITE,ziyadnz/hourly-ipv4,ziyadnz|hourly,2026-08-17T18:48:05Z,2026-08-17T18:48:05Z,
35.194.126.222,ipv4,malicious-ip,medium,WHITE,ziyadnz/hourly-ipv4,ziyadnz|hourly,2026-08-17T18:48:05Z,2026-08-17T18:48:05Z,
35.194.191.218,ipv4,malicious-ip,medium,WHITE,ziyadnz/hourly-ipv4,ziyadnz|hourly,2026-08-17T18:48:05Z,2026-08-17T18:48:05Z,
35.194.199.14,ipv4,malicious-ip,medium,WHITE,ziyadnz/hourly-ipv4,ziyadnz|hourly,2026-08-17T18:48:05Z,2026-08-17T18:48:05Z,
35.194.242.174,ipv4,malicious-ip,medium,WHITE,ziyadnz/hourly-ipv4,ziyadnz|hourly,2026-08-17T18:48:05Z,2026-08-17T18:48:05Z,
35.194.67.153,ipv4,malicious-ip,medium,WHITE,ziyadnz/hourly-ipv4,ziyadnz|hourly,2026-08-17T18:48:05Z,2026-08-17T18:48:05Z,
35.194.72.56,ipv4,malicious-ip,medium,WHITE,ziyadnz/hourly-ipv4,ziyadnz|hourly,2026-08-17T18:48:05Z,2026-08-17T18:48:05Z,
35.195.102.118,ipv4,malicious-ip,medium,WHITE,ziyadnz/hourly-ipv4,ziyadnz|hourly,2026-08-17T18:48:05Z,2026-08-17T18:48:05Z,
35.195.11.198,ipv4,malicious-ip,medium,WHITE,ziyadnz/hourly-ipv4,ziyadnz|hourly,2026-08-17T18:48:05Z,2026-08-17T18:48:05Z,
35.195.113.126,ipv4,malicious-ip,medium,WHITE,ziyadnz/hourly-ipv4,ziyadnz|hourly,2026-08-17T18:48:05Z,2026-08-17T18:48:05Z,
35.195.115.29,ipv4,malicious-ip,medium,WHITE,ziyadnz/hourly-ipv4,ziyadnz|hourly,2026-08-17T18:48:05Z,2026-08-17T18:48:05Z,
35.195.120.206,ipv4,malicious-ip,medium,WHITE,ziyadnz/hourly-ipv4,ziyadnz|hourly,2026-08-17T18:48:05Z,2026-08-17T18:48:05Z,
35.195.121.186,ipv4,malicious-ip,medium,WHITE,ziyadnz/hourly-ipv4,ziyadnz|hourly,2026-08-17T18:48:05Z,2026-08-17T18:48:05Z,
35.195.123.4,ipv4,malicious-ip,medium,WHITE,ziyadnz/hourly-ipv4,ziyadnz|hourly,2026-08-17T18:48:05Z,2026-08-17T18:48:05Z,
35.195.13.217,ipv4,malicious-ip,medium,WHITE,ziyadnz/hourly-ipv4,ziyadnz|hourly,2026-08-17T18:48:05Z,2026-08-17T18:48:05Z,
35.195.140.97,ipv4,malicious-ip,medium,WHITE,ziyadnz/hourly-ipv4,ziyadnz|hourly,2026-08-17T18:48:05Z,2026-08-17T18:48:05Z,
35.195.149.172,ipv4,malicious-ip,medium,WHITE,ziyadnz/hourly-ipv4,ziyadnz|hourly,2026-08-17T18:48:05Z,2026-08-17T18:48:05Z,
35.195.154.68,ipv4,malicious-ip,medium,WHITE,ziyadnz/hourly-ipv4,ziyadnz|hourly,2026-08-17T18:48:05Z,2026-08-17T18:48:05Z,
35.195.167.148,ipv4,malicious-ip,medium,WHITE,ziyadnz/hourly-ipv4,ziyadnz|hourly,2026-08-17T18:48:05Z,2026-08-17T18:48:05Z,
35.195.167.99,ipv4,malicious-ip,medium,WHITE,ziyadnz/hourly-ipv4,ziyadnz|hourly,2026-08-17T18:48:05Z,2026-08-17T18:48:05Z,
35.195.170.239,ipv4,malicious-ip,medium,WHITE,ziyadnz/hourly-ipv4,ziyadnz|hourly,2026-08-17T18:48:05Z,2026-08-17T18:48:05Z,
35.195.18.131,ipv4,malicious-ip,medium,WHITE,ziyadnz/hourly-ipv4,ziyadnz|hourly,2026-08-17T18:48:05Z,2026-08-17T18:48:05Z,
35.195.184.0,ipv4,malicious-ip,medium,WHITE,ziyadnz/hourly-ipv4,ziyadnz|hourly,2026-08-17T18:48:05Z,2026-08-17T18:48:05Z,
35.195.192.10,ipv4,malicious-ip,medium,WHITE,ziyadnz/hourly-ipv4,ziyadnz|hourly,2026-08-17T18:48:05Z,2026-08-17T18:48:05Z,
35.195.192.228,ipv4,malicious-ip,medium,WHITE,ziyadnz/hourly-ipv4,ziyadnz|hourly,2026-08-17T18:48:05Z,2026-08-17T18:48:05Z,
35.195.198.137,ipv4,malicious-ip,medium,WHITE,ziyadnz/hourly-ipv4,ziyadnz|hourly,2026-08-17T18:48:05Z,2026-08-17T18:48:05Z,
35.195.204.77,ipv4,malicious-ip,medium,WHITE,ziyadnz/hourly-ipv4,ziyadnz|hourly,2026-08-17T18:48:05Z,2026-08-17T18:48:05Z,
35.195.216.134,ipv4,malicious-ip,medium,WHITE,ziyadnz/hourly-ipv4,ziyadnz|hourly,2026-08-17T18:48:05Z,2026-08-17T18:48:05Z,
35.195.226.9,ipv4,malicious-ip,medium,WHITE,ziyadnz/hourly-ipv4,ziyadnz|hourly,2026-08-17T18:48:05Z,2026-08-17T18:48:05Z,
35.195.234.50,ipv4,malicious-ip,medium,WHITE,ziyadnz/hourly-ipv4,ziyadnz|hourly,2026-08-17T18:48:05Z,2026-08-17T18:48:05Z,
35.195.237.131,ipv4,malicious-ip,medium,WHITE,ziyadnz/hourly-ipv4,ziyadnz|hourly,2026-08-17T18:48:05Z,2026-08-17T18:48:05Z,
35.195.240.99,ipv4,malicious-ip,medium,WHITE,ziyadnz/hourly-ipv4,ziyadnz|hourly,2026-08-17T18:48:05Z,2026-08-17T18:48:05Z,
35.195.33.74,ipv4,malicious-ip,medium,WHITE,ziyadnz/hourly-ipv4,ziyadnz|hourly,2026-08-17T18:48:05Z,2026-08-17T18:48:05Z,
35.195.37.9,ipv4,malicious-ip,medium,WHITE,ziyadnz/hourly-ipv4,ziyadnz|hourly,2026-08-17T18:48:05Z,2026-08-17T18:48:05Z,
35.195.38.62,ipv4,malicious-ip,medium,WHITE,ziyadnz/hourly-ipv4,ziyadnz|hourly,2026-08-17T18:48:05Z,2026-08-17T18:48:05Z,
35.195.56.244,ipv4,malicious-ip,medium,WHITE,ziyadnz/hourly-ipv4,ziyadnz|hourly,2026-08-17T18:48:05Z,2026-08-17T18:48:05Z,
35.195.59.116,ipv4,malicious-ip,medium,WHITE,ziyadnz/hourly-ipv4,ziyadnz|hourly,2026-08-17T18:48:05Z,2026-08-17T18:48:05Z,
35.195.60.25,ipv4,malicious-ip,medium,WHITE,ziyadnz/hourly-ipv4,ziyadnz|hourly,2026-08-17T18:48:05Z,2026-08-17T18:48:05Z,
35.195.71.31,ipv4,malicious-ip,medium,WHITE,ziyadnz/hourly-ipv4,ziyadnz|hourly,2026-08-17T18:48:05Z,2026-08-17T18:48:05Z,
35.195.76.243,ipv4,malicious-ip,medium,WHITE,ziyadnz/hourly-ipv4,ziyadnz|hourly,2026-08-17T18:48:05Z,2026-08-17T18:48:05Z,
35.195.83.253,ipv4,malicious-ip,medium,WHITE,ziyadnz/hourly-ipv4,ziyadnz|hourly,2026-08-17T18:48:05Z,2026-08-17T18:48:05Z,
35.195.91.21,ipv4,malicious-ip,medium,WHITE,ziyadnz/hourly-ipv4,ziyadnz|hourly,2026-08-17T18:48:05Z,2026-08-17T18:48:05Z,
35.195.92.41,ipv4,malicious-ip,medium,WHITE,ziyadnz/hourly-ipv4,ziyadnz|hourly,2026-08-17T18:48:05Z,2026-08-17T18:48:05Z,
35.195.92.86,ipv4,malicious-ip,medium,WHITE,ziyadnz/hourly-ipv4,ziyadnz|hourly,2026-08-17T18:48:05Z,2026-08-17T18:48:05Z,
35.195.99.250,ipv4,malicious-ip,medium,WHITE,ziyadnz/hourly-ipv4,ziyadnz|hourly,2026-08-17T18:48:05Z,2026-08-17T18:48:05Z,
35.195.99.54,ipv4,malicious-ip,medium,WHITE,ziyadnz/hourly-ipv4,ziyadnz|hourly,2026-08-17T18:48:05Z,2026-08-17T18:48:05Z,
35.196.102.96,ipv4,malicious-ip,medium,WHITE,ziyadnz/hourly-ipv4,ziyadnz|hourly,2026-08-17T18:48:05Z,2026-08-17T18:48:05Z,
35.196.103.86,ipv4,malicious-ip,medium,WHITE,ziyadnz/hourly-ipv4,ziyadnz|hourly,2026-08-17T18:48:05Z,2026-08-17T18:48:05Z,
35.196.112.87,ipv4,malicious-ip,medium,WHITE,ziyadnz/hourly-ipv4,ziyadnz|hourly,2026-08-17T18:48:05Z,2026-08-17T18:48:05Z,
35.196.12.172,ipv4,malicious-ip,medium,WHITE,ziyadnz/hourly-ipv4,ziyadnz|hourly,2026-08-17T18:48:05Z,2026-08-17T18:48:05Z,
35.196.125.163,ipv4,malicious-ip,medium,WHITE,ziyadnz/hourly-ipv4,ziyadnz|hourly,2026-08-17T18:48:05Z,2026-08-17T18:48:05Z,
35.196.139.66,ipv4,malicious-ip,medium,WHITE,ziyadnz/hourly-ipv4,ziyadnz|hourly,2026-08-17T18:48:05Z,2026-08-17T18:48:05Z,
35.196.148.158,ipv4,malicious-ip,medium,WHITE,ziyadnz/hourly-ipv4,ziyadnz|hourly,2026-08-17T18:48:05Z,2026-08-17T18:48:05Z,
35.196.148.72,ipv4,malicious-ip,medium,WHITE,ziyadnz/hourly-ipv4,ziyadnz|hourly,2026-08-17T18:48:05Z,2026-08-17T18:48:05Z,
35.196.190.211,ipv4,malicious-ip,medium,WHITE,ziyadnz/hourly-ipv4,ziyadnz|hourly,2026-08-17T18:48:05Z,2026-08-17T18:48:05Z,
35.196.205.135,ipv4,malicious-ip,medium,WHITE,ziyadnz/hourly-ipv4,ziyadnz|hourly,2026-08-17T18:48:05Z,2026-08-17T18:48:05Z,
35.196.217.33,ipv4,malicious-ip,medium,WHITE,ziyadnz/hourly-ipv4,ziyadnz|hourly,2026-08-17T18:48:05Z,2026-08-17T18:48:05Z,
35.196.37.76,ipv4,malicious-ip,medium,WHITE,ziyadnz/hourly-ipv4,ziyadnz|hourly,2026-08-17T18:48:05Z,2026-08-17T18:48:05Z,
35.196.59.149,ipv4,malicious-ip,medium,WHITE,ziyadnz/hourly-ipv4,ziyadnz|hourly,2026-08-17T18:48:05Z,2026-08-17T18:48:05Z,
35.196.61.4,ipv4,malicious-ip,medium,WHITE,ziyadnz/hourly-ipv4,ziyadnz|hourly,2026-08-17T18:48:05Z,2026-08-17T18:48:05Z,
35.196.61.93,ipv4,malicious-ip,medium,WHITE,ziyadnz/hourly-ipv4,ziyadnz|hourly,2026-08-17T18:48:05Z,2026-08-17T18:48:05Z,
35.196.64.214,ipv4,malicious-ip,medium,WHITE,ziyadnz/hourly-ipv4,ziyadnz|hourly,2026-08-17T18:48:05Z,2026-08-17T18:48:05Z,
35.196.74.252,ipv4,malicious-ip,medium,WHITE,ziyadnz/hourly-ipv4,ziyadnz|hourly,2026-08-17T18:48:05Z,2026-08-17T18:48:05Z,
35.196.76.24,ipv4,malicious-ip,medium,WHITE,ziyadnz/hourly-ipv4,ziyadnz|hourly,2026-08-17T18:48:05Z,2026-08-17T18:48:05Z,
35.197.10.131,ipv4,malicious-ip,medium,WHITE,ziyadnz/hourly-ipv4,ziyadnz|hourly,2026-08-17T18:48:05Z,2026-08-17T18:48:05Z,
35.197.100.232,ipv4,malicious-ip,medium,WHITE,ziyadnz/hourly-ipv4,ziyadnz|hourly,2026-08-17T18:48:05Z,2026-08-17T18:48:05Z,
35.197.117.124,ipv4,malicious-ip,medium,WHITE,ziyadnz/hourly-ipv4,ziyadnz|hourly,2026-08-17T18:48:05Z,2026-08-17T18:48:05Z,
35.197.121.92,ipv4,malicious-ip,medium,WHITE,ziyadnz/hourly-ipv4,ziyadnz|hourly,2026-08-17T18:48:05Z,2026-08-17T18:48:05Z,
35.197.124.244,ipv4,malicious-ip,medium,WHITE,ziyadnz/hourly-ipv4,ziyadnz|hourly,2026-08-17T18:48:05Z,2026-08-17T18:48:05Z,
35.197.140.136,ipv4,malicious-ip,medium,WHITE,ziyadnz/hourly-ipv4,ziyadnz|hourly,2026-08-17T18:48:05Z,2026-08-17T18:48:05Z,
35.197.155.163,ipv4,malicious-ip,medium,WHITE,ziyadnz/hourly-ipv4,ziyadnz|hourly,2026-08-17T18:48:05Z,2026-08-17T18:48:05Z,
35.197.251.116,ipv4,malicious-ip,medium,WHITE,ziyadnz/hourly-ipv4,ziyadnz|hourly,2026-08-17T18:48:05Z,2026-08-17T18:48:05Z,
35.197.30.95,ipv4,malicious-ip,medium,WHITE,ziyadnz/hourly-ipv4,ziyadnz|hourly,2026-08-17T18:48:05Z,2026-08-17T18:48:05Z,
35.197.64.130,ipv4,malicious-ip,medium,WHITE,ziyadnz/hourly-ipv4,ziyadnz|hourly,2026-08-17T18:48:05Z,2026-08-17T18:48:05Z,
35.197.8.218,ipv4,malicious-ip,medium,WHITE,ziyadnz/hourly-ipv4,ziyadnz|hourly,2026-08-17T18:48:05Z,2026-08-17T18:48:05Z,
35.197.92.58,ipv4,malicious-ip,medium,WHITE,ziyadnz/hourly-ipv4,ziyadnz|hourly,2026-08-17T18:48:05Z,2026-08-17T18:48:05Z,
35.198.113.100,ipv4,malicious-ip,medium,WHITE,ziyadnz/hourly-ipv4,ziyadnz|hourly,2026-08-17T18:48:05Z,2026-08-17T18:48:05Z,
35.198.16.181,ipv4,malicious-ip,medium,WHITE,ziyadnz/hourly-ipv4,ziyadnz|hourly,2026-08-17T18:48:05Z,2026-08-17T18:48:05Z,
35.198.200.132,ipv4,malicious-ip,medium,WHITE,ziyadnz/hourly-ipv4,ziyadnz|hourly,2026-08-17T18:48:05Z,2026-08-17T18:48:05Z,
35.198.225.164,ipv4,malicious-ip,medium,WHITE,ziyadnz/hourly-ipv4,ziyadnz|hourly,2026-08-17T18:48:05Z,2026-08-17T18:48:05Z,
35.198.41.118,ipv4,malicious-ip,medium,WHITE,ziyadnz/hourly-ipv4,ziyadnz|hourly,2026-08-17T18:48:05Z,2026-08-17T18:48:05Z,
35.198.79.84,ipv4,malicious-ip,medium,WHITE,ziyadnz/hourly-ipv4,ziyadnz|hourly,2026-08-17T18:48:05Z,2026-08-17T18:48:05Z,
35.199.17.35,ipv4,malicious-ip,medium,WHITE,ziyadnz/hourly-ipv4,ziyadnz|hourly,2026-08-17T18:48:05Z,2026-08-17T18:48:05Z,
35.199.43.25,ipv4,malicious-ip,medium,WHITE,ziyadnz/hourly-ipv4,ziyadnz|hourly,2026-08-17T18:48:05Z,2026-08-17T18:48:05Z,
35.199.8.171,ipv4,malicious-ip,medium,WHITE,ziyadnz/hourly-ipv4,ziyadnz|hourly,2026-08-17T18:48:05Z,2026-08-17T18:48:05Z,
35.200.148.6,ipv4,malicious-ip,medium,WHITE,ziyadnz/hourly-ipv4,ziyadnz|hourly,2026-08-17T18:48:05Z,2026-08-17T18:48:05Z,
35.200.190.223,ipv4,malicious-ip,medium,WHITE,ziyadnz/hourly-ipv4,ziyadnz|hourly,2026-08-17T18:48:05Z,2026-08-17T18:48:05Z,
35.200.191.248,ipv4,malicious-ip,medium,WHITE,ziyadnz/hourly-ipv4,ziyadnz|hourly,2026-08-17T18:48:05Z,2026-08-17T18:48:05Z,
35.200.237.19,ipv4,malicious-ip,medium,WHITE,ziyadnz/hourly-ipv4,ziyadnz|hourly,2026-08-17T18:48:05Z,2026-08-17T18:48:05Z,
35.200.70.101,ipv4,malicious-ip,medium,WHITE,ziyadnz/hourly-ipv4,ziyadnz|hourly,2026-08-17T18:48:05Z,2026-08-17T18:48:05Z,
35.201.238.183,ipv4,malicious-ip,medium,WHITE,ziyadnz/hourly-ipv4,ziyadnz|hourly,2026-08-17T18:48:05Z,2026-08-17T18:48:05Z,
35.202.157.125,ipv4,malicious-ip,medium,WHITE,ziyadnz/hourly-ipv4,ziyadnz|hourly,2026-08-17T18:48:05Z,2026-08-17T18:48:05Z,
35.202.57.165,ipv4,malicious-ip,medium,WHITE,ziyadnz/hourly-ipv4,ziyadnz|hourly,2026-08-17T18:48:05Z,2026-08-17T18:48:05Z,
35.202.89.120,ipv4,malicious-ip,medium,WHITE,ziyadnz/hourly-ipv4,ziyadnz|hourly,2026-08-17T18:48:05Z,2026-08-17T18:48:05Z,
35.202.9.133,ipv4,malicious-ip,medium,WHITE,ziyadnz/hourly-ipv4,ziyadnz|hourly,2026-08-17T18:48:05Z,2026-08-17T18:48:05Z,
35.203.111.228,ipv4,malicious-ip,medium,WHITE,ziyadnz/hourly-ipv4,ziyadnz|hourly,2026-08-17T18:48:05Z,2026-08-17T18:48:05Z,
35.203.155.46,ipv4,malicious-ip,medium,WHITE,ziyadnz/hourly-ipv4,ziyadnz|hourly,2026-08-17T18:48:05Z,2026-08-17T18:48:05Z,
35.203.159.206,ipv4,malicious-ip,medium,WHITE,ziyadnz/hourly-ipv4,ziyadnz|hourly,2026-08-17T18:48:05Z,2026-08-17T18:48:05Z,
35.203.210.0,ipv4,malicious-ip,medium,WHITE,ziyadnz/hourly-ipv4,ziyadnz|hourly,2026-08-17T18:48:05Z,2026-08-17T18:48:05Z,
35.203.210.10,ipv4,malicious-ip,medium,WHITE,ziyadnz/hourly-ipv4,ziyadnz|hourly,2026-08-17T18:48:05Z,2026-08-17T18:48:05Z,
35.203.210.100,ipv4,malicious-ip,medium,WHITE,ziyadnz/hourly-ipv4,ziyadnz|hourly,2026-08-17T18:48:05Z,2026-08-17T18:48:05Z,
35.203.210.101,ipv4,malicious-ip,medium,WHITE,ziyadnz/hourly-ipv4,ziyadnz|hourly,2026-08-17T18:48:05Z,2026-08-17T18:48:05Z,
35.203.210.102,ipv4,malicious-ip,medium,WHITE,ziyadnz/hourly-ipv4,ziyadnz|hourly,2026-08-17T18:48:05Z,2026-08-17T18:48:05Z,
35.203.210.103,ipv4,malicious-ip,medium,WHITE,ziyadnz/hourly-ipv4,ziyadnz|hourly,2026-08-17T18:48:05Z,2026-08-17T18:48:05Z,
35.203.210.104,ipv4,malicious-ip,medium,WHITE,ziyadnz/hourly-ipv4,ziyadnz|hourly,2026-08-17T18:48:05Z,2026-08-17T18:48:05Z,
35.203.210.105,ipv4,malicious-ip,medium,WHITE,ziyadnz/hourly-ipv4,ziyadnz|hourly,2026-08-17T18:48:05Z,2026-08-17T18:48:05Z,
35.203.210.106,ipv4,malicious-ip,medium,WHITE,ziyadnz/hourly-ipv4,ziyadnz|hourly,2026-08-17T18:48:05Z,2026-08-17T18:48:05Z,
35.203.210.107,ipv4,malicious-ip,medium,WHITE,ziyadnz/hourly-ipv4,ziyadnz|hourly,2026-08-17T18:48:05Z,2026-08-17T18:48:05Z,
35.203.210.108,ipv4,malicious-ip,medium,WHITE,ziyadnz/hourly-ipv4,ziyadnz|hourly,2026-08-17T18:48:05Z,2026-08-17T18:48:05Z,
35.203.210.109,ipv4,malicious-ip,medium,WHITE,ziyadnz/hourly-ipv4,ziyadnz|hourly,2026-08-17T18:48:05Z,2026-08-17T18:48:05Z,
35.203.210.11,ipv4,malicious-ip,medium,WHITE,ziyadnz/hourly-ipv4,ziyadnz|hourly,2026-08-17T18:48:05Z,2026-08-17T18:48:05Z,
35.203.210.110,ipv4,malicious-ip,medium,WHITE,ziyadnz/hourly-ipv4,ziyadnz|hourly,2026-08-17T18:48:05Z,2026-08-17T18:48:05Z,
35.203.210.111,ipv4,malicious-ip,medium,WHITE,ziyadnz/hourly-ipv4,ziyadnz|hourly,2026-08-17T18:48:05Z,2026-08-17T18:48:05Z,
35.203.210.113,ipv4,malicious-ip,medium,WHITE,ziyadnz/hourly-ipv4,ziyadnz|hourly,2026-08-17T18:48:05Z,2026-08-17T18:48:05Z,
35.203.210.114,ipv4,malicious-ip,medium,WHITE,ziyadnz/hourly-ipv4,ziyadnz|hourly,2026-08-17T18:48:05Z,2026-08-17T18:48:05Z,
35.203.210.115,ipv4,malicious-ip,medium,WHITE,ziyadnz/hourly-ipv4,ziyadnz|hourly,2026-08-17T18:48:05Z,2026-08-17T18:48:05Z,
35.203.210.116,ipv4,malicious-ip,medium,WHITE,ziyadnz/hourly-ipv4,ziyadnz|hourly,2026-08-17T18:48:05Z,2026-08-17T18:48:05Z,
35.203.210.117,ipv4,malicious-ip,medium,WHITE,ziyadnz/hourly-ipv4,ziyadnz|hourly,2026-08-17T18:48:05Z,2026-08-17T18:48:05Z,
35.203.210.118,ipv4,malicious-ip,medium,WHITE,ziyadnz/hourly-ipv4,ziyadnz|hourly,2026-08-17T18:48:05Z,2026-08-17T18:48:05Z,
35.203.210.119,ipv4,malicious-ip,medium,WHITE,ziyadnz/hourly-ipv4,ziyadnz|hourly,2026-08-17T18:48:05Z,2026-08-17T18:48:05Z,
35.203.210.12,ipv4,malicious-ip,medium,WHITE,ziyadnz/hourly-ipv4,ziyadnz|hourly,2026-08-17T18:48:05Z,2026-08-17T18:48:05Z,
35.203.210.120,ipv4,malicious-ip,medium,WHITE,ziyadnz/hourly-ipv4,ziyadnz|hourly,2026-08-17T18:48:05Z,2026-08-17T18:48:05Z,
35.203.210.121,ipv4,malicious-ip,medium,WHITE,ziyadnz/hourly-ipv4,ziyadnz|hourly,2026-08-17T18:48:05Z,2026-08-17T18:48:05Z,
35.203.210.122,ipv4,malicious-ip,medium,WHITE,ziyadnz/hourly-ipv4,ziyadnz|hourly,2026-08-17T18:48:05Z,2026-08-17T18:48:05Z,
35.203.210.123,ipv4,malicious-ip,medium,WHITE,ziyadnz/hourly-ipv4,ziyadnz|hourly,2026-08-17T18:48:05Z,2026-08-17T18:48:05Z,
35.203.210.124,ipv4,malicious-ip,medium,WHITE,ziyadnz/hourly-ipv4,ziyadnz|hourly,2026-08-17T18:48:05Z,2026-08-17T18:48:05Z,
35.203.210.125,ipv4,malicious-ip,medium,WHITE,ziyadnz/hourly-ipv4,ziyadnz|hourly,2026-08-17T18:48:05Z,2026-08-17T18:48:05Z,
35.203.210.126,ipv4,malicious-ip,medium,WHITE,ziyadnz/hourly-ipv4,ziyadnz|hourly,2026-08-17T18:48:05Z,2026-08-17T18:48:05Z,
35.203.210.127,ipv4,malicious-ip,medium,WHITE,ziyadnz/hourly-ipv4,ziyadnz|hourly,2026-08-17T18:48:05Z,2026-08-17T18:48:05Z,
35.203.210.128,ipv4,malicious-ip,medium,WHITE,ziyadnz/hourly-ipv4,ziyadnz|hourly,2026-08-17T18:48:05Z,2026-08-17T18:48:05Z,
35.203.210.129,ipv4,malicious-ip,medium,WHITE,ziyadnz/hourly-ipv4,ziyadnz|hourly,2026-08-17T18:48:05Z,2026-08-17T18:48:05Z,
35.203.210.13,ipv4,malicious-ip,medium,WHITE,ziyadnz/hourly-ipv4,ziyadnz|hourly,2026-08-17T18:48:05Z,2026-08-17T18:48:05Z,
35.203.210.130,ipv4,malicious-ip,medium,WHITE,ziyadnz/hourly-ipv4,ziyadnz|hourly,2026-08-17T18:48:05Z,2026-08-17T18:48:05Z,
35.203.210.131,ipv4,malicious-ip,medium,WHITE,ziyadnz/hourly-ipv4,ziyadnz|hourly,2026-08-17T18:48:05Z,2026-08-17T18:48:05Z,
35.203.210.132,ipv4,malicious-ip,medium,WHITE,ziyadnz/hourly-ipv4,ziyadnz|hourly,2026-08-17T18:48:05Z,2026-08-17T18:48:05Z,
35.203.210.133,ipv4,malicious-ip,medium,WHITE,ziyadnz/hourly-ipv4,ziyadnz|hourly,2026-08-17T18:48:05Z,2026-08-17T18:48:05Z,
35.203.210.134,ipv4,malicious-ip,medium,WHITE,ziyadnz/hourly-ipv4,ziyadnz|hourly,2026-08-17T18:48:05Z,2026-08-17T18:48:05Z,
35.203.210.135,ipv4,malicious-ip,medium,WHITE,ziyadnz/hourly-ipv4,ziyadnz|hourly,2026-08-17T18:48:05Z,2026-08-17T18:48:05Z,
35.203.210.136,ipv4,malicious-ip,medium,WHITE,ziyadnz/hourly-ipv4,ziyadnz|hourly,2026-08-17T18:48:05Z,2026-08-17T18:48:05Z,
35.203.210.137,ipv4,malicious-ip,medium,WHITE,ziyadnz/hourly-ipv4,ziyadnz|hourly,2026-08-17T18:48:05Z,2026-08-17T18:48:05Z,
35.203.210.139,ipv4,malicious-ip,medium,WHITE,ziyadnz/hourly-ipv4,ziyadnz|hourly,2026-08-17T18:48:05Z,2026-08-17T18:48:05Z,
35.203.210.14,ipv4,malicious-ip,medium,WHITE,ziyadnz/hourly-ipv4,ziyadnz|hourly,2026-08-17T18:48:05Z,2026-08-17T18:48:05Z,
35.203.210.141,ipv4,malicious-ip,medium,WHITE,ziyadnz/hourly-ipv4,ziyadnz|hourly,2026-08-17T18:48:05Z,2026-08-17T18:48:05Z,
35.203.210.142,ipv4,malicious-ip,medium,WHITE,ziyadnz/hourly-ipv4,ziyadnz|hourly,2026-08-17T18:48:05Z,2026-08-17T18:48:05Z,
35.203.210.143,ipv4,malicious-ip,medium,WHITE,ziyadnz/hourly-ipv4,ziyadnz|hourly,2026-08-17T18:48:05Z,2026-08-17T18:48:05Z,
35.203.210.144,ipv4,malicious-ip,medium,WHITE,ziyadnz/hourly-ipv4,ziyadnz|hourly,2026-08-17T18:48:05Z,2026-08-17T18:48:05Z,
35.203.210.145,ipv4,malicious-ip,medium,WHITE,ziyadnz/hourly-ipv4,ziyadnz|hourly,2026-08-17T18:48:05Z,2026-08-17T18:48:05Z,
35.203.210.146,ipv4,malicious-ip,medium,WHITE,ziyadnz/hourly-ipv4,ziyadnz|hourly,2026-08-17T18:48:05Z,2026-08-17T18:48:05Z,
35.203.210.147,ipv4,malicious-ip,medium,WHITE,ziyadnz/hourly-ipv4,ziyadnz|hourly,2026-08-17T18:48:05Z,2026-08-17T18:48:05Z,
35.203.210.148,ipv4,malicious-ip,medium,WHITE,ziyadnz/hourly-ipv4,ziyadnz|hourly,2026-08-17T18:48:05Z,2026-08-17T18:48:05Z,
35.203.210.149,ipv4,malicious-ip,medium,WHITE,ziyadnz/hourly-ipv4,ziyadnz|hourly,2026-08-17T18:48:05Z,2026-08-17T18:48:05Z,
35.203.210.15,ipv4,malicious-ip,medium,WHITE,ziyadnz/hourly-ipv4,ziyadnz|hourly,2026-08-17T18:48:05Z,2026-08-17T18:48:05Z,
35.203.210.150,ipv4,malicious-ip,medium,WHITE,ziyadnz/hourly-ipv4,ziyadnz|hourly,2026-08-17T18:48:05Z,2026-08-17T18:48:05Z,
35.203.210.151,ipv4,malicious-ip,medium,WHITE,ziyadnz/hourly-ipv4,ziyadnz|hourly,2026-08-17T18:48:05Z,2026-08-17T18:48:05Z,
35.203.210.152,ipv4,malicious-ip,medium,WHITE,ziyadnz/hourly-ipv4,ziyadnz|hourly,2026-08-17T18:48:05Z,2026-08-17T18:48:05Z,
35.203.210.153,ipv4,malicious-ip,medium,WHITE,ziyadnz/hourly-ipv4,ziyadnz|hourly,2026-08-17T18:48:05Z,2026-08-17T18:48:05Z,
35.203.210.154,ipv4,malicious-ip,medium,WHITE,ziyadnz/hourly-ipv4,ziyadnz|hourly,2026-08-17T18:48:05Z,2026-08-17T18:48:05Z,
35.203.210.156,ipv4,malicious-ip,medium,WHITE,ziyadnz/hourly-ipv4,ziyadnz|hourly,2026-08-17T18:48:05Z,2026-08-17T18:48:05Z,
35.203.210.157,ipv4,malicious-ip,medium,WHITE,ziyadnz/hourly-ipv4,ziyadnz|hourly,2026-08-17T18:48:05Z,2026-08-17T18:48:05Z,
35.203.210.158,ipv4,malicious-ip,medium,WHITE,ziyadnz/hourly-ipv4,ziyadnz|hourly,2026-08-17T18:48:05Z,2026-08-17T18:48:05Z,
35.203.210.159,ipv4,malicious-ip,medium,WHITE,ziyadnz/hourly-ipv4,ziyadnz|hourly,2026-08-17T18:48:05Z,2026-08-17T18:48:05Z,
35.203.210.16,ipv4,malicious-ip,medium,WHITE,ziyadnz/hourly-ipv4,ziyadnz|hourly,2026-08-17T18:48:05Z,2026-08-17T18:48:05Z,
35.203.210.160,ipv4,malicious-ip,medium,WHITE,ziyadnz/hourly-ipv4,ziyadnz|hourly,2026-08-17T18:48:05Z,2026-08-17T18:48:05Z,
35.203.210.161,ipv4,malicious-ip,medium,WHITE,ziyadnz/hourly-ipv4,ziyadnz|hourly,2026-08-17T18:48:05Z,2026-08-17T18:48:05Z,
35.203.210.163,ipv4,malicious-ip,medium,WHITE,ziyadnz/hourly-ipv4,ziyadnz|hourly,2026-08-17T18:48:05Z,2026-08-17T18:48:05Z,
35.203.210.164,ipv4,malicious-ip,medium,WHITE,ziyadnz/hourly-ipv4,ziyadnz|hourly,2026-08-17T18:48:05Z,2026-08-17T18:48:05Z,
35.203.210.165,ipv4,malicious-ip,medium,WHITE,ziyadnz/hourly-ipv4,ziyadnz|hourly,2026-08-17T18:48:05Z,2026-08-17T18:48:05Z,
35.203.210.166,ipv4,malicious-ip,medium,WHITE,ziyadnz/hourly-ipv4,ziyadnz|hourly,2026-08-17T18:48:05Z,2026-08-17T18:48:05Z,
35.203.210.167,ipv4,malicious-ip,medium,WHITE,ziyadnz/hourly-ipv4,ziyadnz|hourly,2026-08-17T18:48:05Z,2026-08-17T18:48:05Z,
35.203.210.168,ipv4,malicious-ip,medium,WHITE,ziyadnz/hourly-ipv4,ziyadnz|hourly,2026-08-17T18:48:05Z,2026-08-17T18:48:05Z,
35.203.210.169,ipv4,malicious-ip,medium,WHITE,ziyadnz/hourly-ipv4,ziyadnz|hourly,2026-08-17T18:48:05Z,2026-08-17T18:48:05Z,
35.203.210.17,ipv4,malicious-ip,medium,WHITE,ziyadnz/hourly-ipv4,ziyadnz|hourly,2026-08-17T18:48:05Z,2026-08-17T18:48:05Z,
35.203.210.170,ipv4,malicious-ip,medium,WHITE,ziyadnz/hourly-ipv4,ziyadnz|hourly,2026-08-17T18:48:05Z,2026-08-17T18:48:05Z,
35.203.210.171,ipv4,malicious-ip,medium,WHITE,ziyadnz/hourly-ipv4,ziyadnz|hourly,2026-08-17T18:48:05Z,2026-08-17T18:48:05Z,
35.203.210.172,ipv4,malicious-ip,medium,WHITE,ziyadnz/hourly-ipv4,ziyadnz|hourly,2026-08-17T18:48:05Z,2026-08-17T18:48:05Z,
35.203.210.174,ipv4,malicious-ip,medium,WHITE,ziyadnz/hourly-ipv4,ziyadnz|hourly,2026-08-17T18:48:05Z,2026-08-17T18:48:05Z,
35.203.210.175,ipv4,malicious-ip,medium,WHITE,ziyadnz/hourly-ipv4,ziyadnz|hourly,2026-08-17T18:48:05Z,2026-08-17T18:48:05Z,
35.203.210.176,ipv4,malicious-ip,medium,WHITE,ziyadnz/hourly-ipv4,ziyadnz|hourly,2026-08-17T18:48:05Z,2026-08-17T18:48:05Z,
35.203.210.177,ipv4,malicious-ip,medium,WHITE,ziyadnz/hourly-ipv4,ziyadnz|hourly,2026-08-17T18:48:05Z,2026-08-17T18:48:05Z,
35.203.210.18,ipv4,malicious-ip,medium,WHITE,ziyadnz/hourly-ipv4,ziyadnz|hourly,2026-08-17T18:48:05Z,2026-08-17T18:48:05Z,
35.203.210.180,ipv4,malicious-ip,medium,WHITE,ziyadnz/hourly-ipv4,ziyadnz|hourly,2026-08-17T18:48:05Z,2026-08-17T18:48:05Z,
35.203.210.181,ipv4,malicious-ip,medium,WHITE,ziyadnz/hourly-ipv4,ziyadnz|hourly,2026-08-17T18:48:05Z,2026-08-17T18:48:05Z,
35.203.210.182,ipv4,malicious-ip,medium,WHITE,ziyadnz/hourly-ipv4,ziyadnz|hourly,2026-08-17T18:48:05Z,2026-08-17T18:48:05Z,
35.203.210.183,ipv4,malicious-ip,medium,WHITE,ziyadnz/hourly-ipv4,ziyadnz|hourly,2026-08-17T18:48:05Z,2026-08-17T18:48:05Z,
35.203.210.184,ipv4,malicious-ip,medium,WHITE,ziyadnz/hourly-ipv4,ziyadnz|hourly,2026-08-17T18:48:05Z,2026-08-17T18:48:05Z,
35.203.210.185,ipv4,malicious-ip,medium,WHITE,ziyadnz/hourly-ipv4,ziyadnz|hourly,2026-08-17T18:48:05Z,2026-08-17T18:48:05Z,
35.203.210.186,ipv4,malicious-ip,medium,WHITE,ziyadnz/hourly-ipv4,ziyadnz|hourly,2026-08-17T18:48:05Z,2026-08-17T18:48:05Z,
35.203.210.187,ipv4,malicious-ip,medium,WHITE,ziyadnz/hourly-ipv4,ziyadnz|hourly,2026-08-17T18:48:05Z,2026-08-17T18:48:05Z,
35.203.210.188,ipv4,malicious-ip,medium,WHITE,ziyadnz/hourly-ipv4,ziyadnz|hourly,2026-08-17T18:48:05Z,2026-08-17T18:48:05Z,
35.203.210.189,ipv4,malicious-ip,medium,WHITE,ziyadnz/hourly-ipv4,ziyadnz|hourly,2026-08-17T18:48:05Z,2026-08-17T18:48:05Z,
35.203.210.19,ipv4,malicious-ip,medium,WHITE,ziyadnz/hourly-ipv4,ziyadnz|hourly,2026-08-17T18:48:05Z,2026-08-17T18:48:05Z,
35.203.210.190,ipv4,malicious-ip,medium,WHITE,ziyadnz/hourly-ipv4,ziyadnz|hourly,2026-08-17T18:48:05Z,2026-08-17T18:48:05Z,
35.203.210.191,ipv4,malicious-ip,medium,WHITE,ziyadnz/hourly-ipv4,ziyadnz|hourly,2026-08-17T18:48:05Z,2026-08-17T18:48:05Z,
35.203.210.192,ipv4,malicious-ip,medium,WHITE,ziyadnz/hourly-ipv4,ziyadnz|hourly,2026-08-17T18:48:05Z,2026-08-17T18:48:05Z,
35.203.210.193,ipv4,malicious-ip,medium,WHITE,ziyadnz/hourly-ipv4,ziyadnz|hourly,2026-08-17T18:48:05Z,2026-08-17T18:48:05Z,
35.203.210.194,ipv4,malicious-ip,medium,WHITE,ziyadnz/hourly-ipv4,ziyadnz|hourly,2026-08-17T18:48:05Z,2026-08-17T18:48:05Z,
35.203.210.195,ipv4,malicious-ip,medium,WHITE,ziyadnz/hourly-ipv4,ziyadnz|hourly,2026-08-17T18:48:05Z,2026-08-17T18:48:05Z,
35.203.210.196,ipv4,malicious-ip,medium,WHITE,ziyadnz/hourly-ipv4,ziyadnz|hourly,2026-08-17T18:48:05Z,2026-08-17T18:48:05Z,
35.203.210.197,ipv4,malicious-ip,medium,WHITE,ziyadnz/hourly-ipv4,ziyadnz|hourly,2026-08-17T18:48:05Z,2026-08-17T18:48:05Z,
35.203.210.198,ipv4,malicious-ip,medium,WHITE,ziyadnz/hourly-ipv4,ziyadnz|hourly,2026-08-17T18:48:05Z,2026-08-17T18:48:05Z,
35.203.210.199,ipv4,malicious-ip,medium,WHITE,ziyadnz/hourly-ipv4,ziyadnz|hourly,2026-08-17T18:48:05Z,2026-08-17T18:48:05Z,
35.203.210.20,ipv4,malicious-ip,medium,WHITE,ziyadnz/hourly-ipv4,ziyadnz|hourly,2026-08-17T18:48:05Z,2026-08-17T18:48:05Z,
35.203.210.200,ipv4,malicious-ip,medium,WHITE,ziyadnz/hourly-ipv4,ziyadnz|hourly,2026-08-17T18:48:05Z,2026-08-17T18:48:05Z,
35.203.210.201,ipv4,malicious-ip,medium,WHITE,ziyadnz/hourly-ipv4,ziyadnz|hourly,2026-08-17T18:48:05Z,2026-08-17T18:48:05Z,
35.203.210.202,ipv4,malicious-ip,medium,WHITE,ziyadnz/hourly-ipv4,ziyadnz|hourly,2026-08-17T18:48:05Z,2026-08-17T18:48:05Z,
35.203.210.203,ipv4,malicious-ip,medium,WHITE,ziyadnz/hourly-ipv4,ziyadnz|hourly,2026-08-17T18:48:05Z,2026-08-17T18:48:05Z,
35.203.210.204,ipv4,malicious-ip,medium,WHITE,ziyadnz/hourly-ipv4,ziyadnz|hourly,2026-08-17T18:48:05Z,2026-08-17T18:48:05Z,
35.203.210.205,ipv4,malicious-ip,medium,WHITE,ziyadnz/hourly-ipv4,ziyadnz|hourly,2026-08-17T18:48:05Z,2026-08-17T18:48:05Z,
35.203.210.206,ipv4,malicious-ip,medium,WHITE,ziyadnz/hourly-ipv4,ziyadnz|hourly,2026-08-17T18:48:05Z,2026-08-17T18:48:05Z,
35.203.210.207,ipv4,malicious-ip,medium,WHITE,ziyadnz/hourly-ipv4,ziyadnz|hourly,2026-08-17T18:48:05Z,2026-08-17T18:48:05Z,
35.203.210.208,ipv4,malicious-ip,medium,WHITE,ziyadnz/hourly-ipv4,ziyadnz|hourly,2026-08-17T18:48:05Z,2026-08-17T18:48:05Z,
35.203.210.209,ipv4,malicious-ip,medium,WHITE,ziyadnz/hourly-ipv4,ziyadnz|hourly,2026-08-17T18:48:05Z,2026-08-17T18:48:05Z,
35.203.210.21,ipv4,malicious-ip,medium,WHITE,ziyadnz/hourly-ipv4,ziyadnz|hourly,2026-08-17T18:48:05Z,2026-08-17T18:48:05Z,
35.203.210.210,ipv4,malicious-ip,medium,WHITE,ziyadnz/hourly-ipv4,ziyadnz|hourly,2026-08-17T18:48:05Z,2026-08-17T18:48:05Z,
35.203.210.212,ipv4,malicious-ip,medium,WHITE,ziyadnz/hourly-ipv4,ziyadnz|hourly,2026-08-17T18:48:05Z,2026-08-17T18:48:05Z,
35.203.210.213,ipv4,malicious-ip,medium,WHITE,ziyadnz/hourly-ipv4,ziyadnz|hourly,2026-08-17T18:48:05Z,2026-08-17T18:48:05Z,
35.203.210.214,ipv4,malicious-ip,medium,WHITE,ziyadnz/hourly-ipv4,ziyadnz|hourly,2026-08-17T18:48:05Z,2026-08-17T18:48:05Z,
35.203.210.215,ipv4,malicious-ip,medium,WHITE,ziyadnz/hourly-ipv4,ziyadnz|hourly,2026-08-17T18:48:05Z,2026-08-17T18:48:05Z,
35.203.210.216,ipv4,malicious-ip,medium,WHITE,ziyadnz/hourly-ipv4,ziyadnz|hourly,2026-08-17T18:48:05Z,2026-08-17T18:48:05Z,
35.203.210.217,ipv4,malicious-ip,medium,WHITE,ziyadnz/hourly-ipv4,ziyadnz|hourly,2026-08-17T18:48:05Z,2026-08-17T18:48:05Z,
35.203.210.219,ipv4,malicious-ip,medium,WHITE,ziyadnz/hourly-ipv4,ziyadnz|hourly,2026-08-17T18:48:05Z,2026-08-17T18:48:05Z,
35.203.210.22,ipv4,malicious-ip,medium,WHITE,ziyadnz/hourly-ipv4,ziyadnz|hourly,2026-08-17T18:48:05Z,2026-08-17T18:48:05Z,
35.203.210.220,ipv4,malicious-ip,medium,WHITE,ziyadnz/hourly-ipv4,ziyadnz|hourly,2026-08-17T18:48:05Z,2026-08-17T18:48:05Z,
35.203.210.221,ipv4,malicious-ip,medium,WHITE,ziyadnz/hourly-ipv4,ziyadnz|hourly,2026-08-17T18:48:05Z,2026-08-17T18:48:05Z,
35.203.210.222,ipv4,malicious-ip,medium,WHITE,ziyadnz/hourly-ipv4,ziyadnz|hourly,2026-08-17T18:48:05Z,2026-08-17T18:48:05Z,
35.203.210.223,ipv4,malicious-ip,medium,WHITE,ziyadnz/hourly-ipv4,ziyadnz|hourly,2026-08-17T18:48:05Z,2026-08-17T18:48:05Z,
35.203.210.224,ipv4,malicious-ip,medium,WHITE,ziyadnz/hourly-ipv4,ziyadnz|hourly,2026-08-17T18:48:05Z,2026-08-17T18:48:05Z,
35.203.210.225,ipv4,malicious-ip,medium,WHITE,ziyadnz/hourly-ipv4,ziyadnz|hourly,2026-08-17T18:48:05Z,2026-08-17T18:48:05Z,
35.203.210.226,ipv4,malicious-ip,medium,WHITE,ziyadnz/hourly-ipv4,ziyadnz|hourly,2026-08-17T18:48:05Z,2026-08-17T18:48:05Z,
35.203.210.227,ipv4,malicious-ip,medium,WHITE,ziyadnz/hourly-ipv4,ziyadnz|hourly,2026-08-17T18:48:05Z,2026-08-17T18:48:05Z,
35.203.210.228,ipv4,malicious-ip,medium,WHITE,ziyadnz/hourly-ipv4,ziyadnz|hourly,2026-08-17T18:48:05Z,2026-08-17T18:48:05Z,
35.203.210.229,ipv4,malicious-ip,medium,WHITE,ziyadnz/hourly-ipv4,ziyadnz|hourly,2026-08-17T18:48:05Z,2026-08-17T18:48:05Z,
35.203.210.230,ipv4,malicious-ip,medium,WHITE,ziyadnz/hourly-ipv4,ziyadnz|hourly,2026-08-17T18:48:05Z,2026-08-17T18:48:05Z,
35.203.210.231,ipv4,malicious-ip,medium,WHITE,ziyadnz/hourly-ipv4,ziyadnz|hourly,2026-08-17T18:48:05Z,2026-08-17T18:48:05Z,
35.203.210.233,ipv4,malicious-ip,medium,WHITE,ziyadnz/hourly-ipv4,ziyadnz|hourly,2026-08-17T18:48:05Z,2026-08-17T18:48:05Z,
35.203.210.234,ipv4,malicious-ip,medium,WHITE,ziyadnz/hourly-ipv4,ziyadnz|hourly,2026-08-17T18:48:05Z,2026-08-17T18:48:05Z,
35.203.210.235,ipv4,malicious-ip,medium,WHITE,ziyadnz/hourly-ipv4,ziyadnz|hourly,2026-08-17T18:48:05Z,2026-08-17T18:48:05Z,
35.203.210.236,ipv4,malicious-ip,medium,WHITE,ziyadnz/hourly-ipv4,ziyadnz|hourly,2026-08-17T18:48:05Z,2026-08-17T18:48:05Z,
35.203.210.237,ipv4,malicious-ip,medium,WHITE,ziyadnz/hourly-ipv4,ziyadnz|hourly,2026-08-17T18:48:05Z,2026-08-17T18:48:05Z,
35.203.210.238,ipv4,malicious-ip,medium,WHITE,ziyadnz/hourly-ipv4,ziyadnz|hourly,2026-08-17T18:48:05Z,2026-08-17T18:48:05Z,
35.203.210.239,ipv4,malicious-ip,medium,WHITE,ziyadnz/hourly-ipv4,ziyadnz|hourly,2026-08-17T18:48:05Z,2026-08-17T18:48:05Z,
35.203.210.24,ipv4,malicious-ip,medium,WHITE,ziyadnz/hourly-ipv4,ziyadnz|hourly,2026-08-17T18:48:05Z,2026-08-17T18:48:05Z,
35.203.210.240,ipv4,malicious-ip,medium,WHITE,ziyadnz/hourly-ipv4,ziyadnz|hourly,2026-08-17T18:48:05Z,2026-08-17T18:48:05Z,
35.203.210.241,ipv4,malicious-ip,medium,WHITE,ziyadnz/hourly-ipv4,ziyadnz|hourly,2026-08-17T18:48:05Z,2026-08-17T18:48:05Z,
35.203.210.243,ipv4,malicious-ip,medium,WHITE,ziyadnz/hourly-ipv4,ziyadnz|hourly,2026-08-17T18:48:05Z,2026-08-17T18:48:05Z,
35.203.210.244,ipv4,malicious-ip,medium,WHITE,ziyadnz/hourly-ipv4,ziyadnz|hourly,2026-08-17T18:48:05Z,2026-08-17T18:48:05Z,
35.203.210.245,ipv4,malicious-ip,medium,WHITE,ziyadnz/hourly-ipv4,ziyadnz|hourly,2026-08-17T18:48:05Z,2026-08-17T18:48:05Z,
35.203.210.246,ipv4,malicious-ip,medium,WHITE,ziyadnz/hourly-ipv4,ziyadnz|hourly,2026-08-17T18:48:05Z,2026-08-17T18:48:05Z,
35.203.210.247,ipv4,malicious-ip,medium,WHITE,ziyadnz/hourly-ipv4,ziyadnz|hourly,2026-08-17T18:48:05Z,2026-08-17T18:48:05Z,
35.203.210.248,ipv4,malicious-ip,medium,WHITE,ziyadnz/hourly-ipv4,ziyadnz|hourly,2026-08-17T18:48:05Z,2026-08-17T18:48:05Z,
35.203.210.249,ipv4,malicious-ip,medium,WHITE,ziyadnz/hourly-ipv4,ziyadnz|hourly,2026-08-17T18:48:05Z,2026-08-17T18:48:05Z,
35.203.210.25,ipv4,malicious-ip,medium,WHITE,ziyadnz/hourly-ipv4,ziyadnz|hourly,2026-08-17T18:48:05Z,2026-08-17T18:48:05Z,
35.203.210.250,ipv4,malicious-ip,medium,WHITE,ziyadnz/hourly-ipv4,ziyadnz|hourly,2026-08-17T18:48:05Z,2026-08-17T18:48:05Z,
35.203.210.251,ipv4,malicious-ip,medium,WHITE,ziyadnz/hourly-ipv4,ziyadnz|hourly,2026-08-17T18:48:05Z,2026-08-17T18:48:05Z,
35.203.210.252,ipv4,malicious-ip,medium,WHITE,ziyadnz/hourly-ipv4,ziyadnz|hourly,2026-08-17T18:48:05Z,2026-08-17T18:48:05Z,
35.203.210.253,ipv4,malicious-ip,medium,WHITE,ziyadnz/hourly-ipv4,ziyadnz|hourly,2026-08-17T18:48:05Z,2026-08-17T18:48:05Z,
35.203.210.254,ipv4,malicious-ip,medium,WHITE,ziyadnz/hourly-ipv4,ziyadnz|hourly,2026-08-17T18:48:05Z,2026-08-17T18:48:05Z,
35.203.210.26,ipv4,malicious-ip,medium,WHITE,ziyadnz/hourly-ipv4,ziyadnz|hourly,2026-08-17T18:48:05Z,2026-08-17T18:48:05Z,
35.203.210.27,ipv4,malicious-ip,medium,WHITE,ziyadnz/hourly-ipv4,ziyadnz|hourly,2026-08-17T18:48:05Z,2026-08-17T18:48:05Z,
35.203.210.28,ipv4,malicious-ip,medium,WHITE,ziyadnz/hourly-ipv4,ziyadnz|hourly,2026-08-17T18:48:05Z,2026-08-17T18:48:05Z,
35.203.210.3,ipv4,malicious-ip,medium,WHITE,ziyadnz/hourly-ipv4,ziyadnz|hourly,2026-08-17T18:48:05Z,2026-08-17T18:48:05Z,
35.203.210.30,ipv4,malicious-ip,medium,WHITE,ziyadnz/hourly-ipv4,ziyadnz|hourly,2026-08-17T18:48:05Z,2026-08-17T18:48:05Z,
35.203.210.31,ipv4,malicious-ip,medium,WHITE,ziyadnz/hourly-ipv4,ziyadnz|hourly,2026-08-17T18:48:05Z,2026-08-17T18:48:05Z,
35.203.210.32,ipv4,malicious-ip,medium,WHITE,ziyadnz/hourly-ipv4,ziyadnz|hourly,2026-08-17T18:48:05Z,2026-08-17T18:48:05Z,
35.203.210.33,ipv4,malicious-ip,medium,WHITE,ziyadnz/hourly-ipv4,ziyadnz|hourly,2026-08-17T18:48:05Z,2026-08-17T18:48:05Z,
35.203.210.34,ipv4,malicious-ip,medium,WHITE,ziyadnz/hourly-ipv4,ziyadnz|hourly,2026-08-17T18:48:05Z,2026-08-17T18:48:05Z,
35.203.210.35,ipv4,malicious-ip,medium,WHITE,ziyadnz/hourly-ipv4,ziyadnz|hourly,2026-08-17T18:48:05Z,2026-08-17T18:48:05Z,
35.203.210.36,ipv4,malicious-ip,medium,WHITE,ziyadnz/hourly-ipv4,ziyadnz|hourly,2026-08-17T18:48:05Z,2026-08-17T18:48:05Z,
35.203.210.37,ipv4,malicious-ip,medium,WHITE,ziyadnz/hourly-ipv4,ziyadnz|hourly,2026-08-17T18:48:05Z,2026-08-17T18:48:05Z,
35.203.210.38,ipv4,malicious-ip,medium,WHITE,ziyadnz/hourly-ipv4,ziyadnz|hourly,2026-08-17T18:48:05Z,2026-08-17T18:48:05Z,
35.203.210.39,ipv4,malicious-ip,medium,WHITE,ziyadnz/hourly-ipv4,ziyadnz|hourly,2026-08-17T18:48:05Z,2026-08-17T18:48:05Z,
35.203.210.4,ipv4,malicious-ip,medium,WHITE,ziyadnz/hourly-ipv4,ziyadnz|hourly,2026-08-17T18:48:05Z,2026-08-17T18:48:05Z,
35.203.210.40,ipv4,malicious-ip,medium,WHITE,ziyadnz/hourly-ipv4,ziyadnz|hourly,2026-08-17T18:48:05Z,2026-08-17T18:48:05Z,
35.203.210.41,ipv4,malicious-ip,medium,WHITE,ziyadnz/hourly-ipv4,ziyadnz|hourly,2026-08-17T18:48:05Z,2026-08-17T18:48:05Z,
35.203.210.42,ipv4,malicious-ip,medium,WHITE,ziyadnz/hourly-ipv4,ziyadnz|hourly,2026-08-17T18:48:05Z,2026-08-17T18:48:05Z,
35.203.210.43,ipv4,malicious-ip,medium,WHITE,ziyadnz/hourly-ipv4,ziyadnz|hourly,2026-08-17T18:48:05Z,2026-08-17T18:48:05Z,
35.203.210.44,ipv4,malicious-ip,medium,WHITE,ziyadnz/hourly-ipv4,ziyadnz|hourly,2026-08-17T18:48:05Z,2026-08-17T18:48:05Z,
35.203.210.45,ipv4,malicious-ip,medium,WHITE,ziyadnz/hourly-ipv4,ziyadnz|hourly,2026-08-17T18:48:05Z,2026-08-17T18:48:05Z,
35.203.210.46,ipv4,malicious-ip,medium,WHITE,ziyadnz/hourly-ipv4,ziyadnz|hourly,2026-08-17T18:48:05Z,2026-08-17T18:48:05Z,
35.203.210.47,ipv4,malicious-ip,medium,WHITE,ziyadnz/hourly-ipv4,ziyadnz|hourly,2026-08-17T18:48:05Z,2026-08-17T18:48:05Z,
35.203.210.48,ipv4,malicious-ip,medium,WHITE,ziyadnz/hourly-ipv4,ziyadnz|hourly,2026-08-17T18:48:05Z,2026-08-17T18:48:05Z,
35.203.210.49,ipv4,malicious-ip,medium,WHITE,ziyadnz/hourly-ipv4,ziyadnz|hourly,2026-08-17T18:48:05Z,2026-08-17T18:48:05Z,
35.203.210.5,ipv4,malicious-ip,medium,WHITE,ziyadnz/hourly-ipv4,ziyadnz|hourly,2026-08-17T18:48:05Z,2026-08-17T18:48:05Z,
35.203.210.50,ipv4,malicious-ip,medium,WHITE,ziyadnz/hourly-ipv4,ziyadnz|hourly,2026-08-17T18:48:05Z,2026-08-17T18:48:05Z,
35.203.210.52,ipv4,malicious-ip,medium,WHITE,ziyadnz/hourly-ipv4,ziyadnz|hourly,2026-08-17T18:48:05Z,2026-08-17T18:48:05Z,
35.203.210.53,ipv4,malicious-ip,medium,WHITE,ziyadnz/hourly-ipv4,ziyadnz|hourly,2026-08-17T18:48:05Z,2026-08-17T18:48:05Z,
35.203.210.54,ipv4,malicious-ip,medium,WHITE,ziyadnz/hourly-ipv4,ziyadnz|hourly,2026-08-17T18:48:05Z,2026-08-17T18:48:05Z,
35.203.210.55,ipv4,malicious-ip,medium,WHITE,ziyadnz/hourly-ipv4,ziyadnz|hourly,2026-08-17T18:48:05Z,2026-08-17T18:48:05Z,
35.203.210.56,ipv4,malicious-ip,medium,WHITE,ziyadnz/hourly-ipv4,ziyadnz|hourly,2026-08-17T18:48:05Z,2026-08-17T18:48:05Z,
35.203.210.57,ipv4,malicious-ip,medium,WHITE,ziyadnz/hourly-ipv4,ziyadnz|hourly,2026-08-17T18:48:05Z,2026-08-17T18:48:05Z,
35.203.210.58,ipv4,malicious-ip,medium,WHITE,ziyadnz/hourly-ipv4,ziyadnz|hourly,2026-08-17T18:48:05Z,2026-08-17T18:48:05Z,
35.203.210.59,ipv4,malicious-ip,medium,WHITE,ziyadnz/hourly-ipv4,ziyadnz|hourly,2026-08-17T18:48:05Z,2026-08-17T18:48:05Z,
35.203.210.6,ipv4,malicious-ip,medium,WHITE,ziyadnz/hourly-ipv4,ziyadnz|hourly,2026-08-17T18:48:05Z,2026-08-17T18:48:05Z,
35.203.210.60,ipv4,malicious-ip,medium,WHITE,ziyadnz/hourly-ipv4,ziyadnz|hourly,2026-08-17T18:48:05Z,2026-08-17T18:48:05Z,
35.203.210.61,ipv4,malicious-ip,medium,WHITE,ziyadnz/hourly-ipv4,ziyadnz|hourly,2026-08-17T18:48:05Z,2026-08-17T18:48:05Z,
35.203.210.62,ipv4,malicious-ip,medium,WHITE,ziyadnz/hourly-ipv4,ziyadnz|hourly,2026-08-17T18:48:05Z,2026-08-17T18:48:05Z,
35.203.210.63,ipv4,malicious-ip,medium,WHITE,ziyadnz/hourly-ipv4,ziyadnz|hourly,2026-08-17T18:48:05Z,2026-08-17T18:48:05Z,
35.203.210.64,ipv4,malicious-ip,medium,WHITE,ziyadnz/hourly-ipv4,ziyadnz|hourly,2026-08-17T18:48:05Z,2026-08-17T18:48:05Z,
35.203.210.65,ipv4,malicious-ip,medium,WHITE,ziyadnz/hourly-ipv4,ziyadnz|hourly,2026-08-17T18:48:05Z,2026-08-17T18:48:05Z,
35.203.210.66,ipv4,malicious-ip,medium,WHITE,ziyadnz/hourly-ipv4,ziyadnz|hourly,2026-08-17T18:48:05Z,2026-08-17T18:48:05Z,
35.203.210.67,ipv4,malicious-ip,medium,WHITE,ziyadnz/hourly-ipv4,ziyadnz|hourly,2026-08-17T18:48:05Z,2026-08-17T18:48:05Z,
35.203.210.69,ipv4,malicious-ip,medium,WHITE,ziyadnz/hourly-ipv4,ziyadnz|hourly,2026-08-17T18:48:05Z,2026-08-17T18:48:05Z,
35.203.210.7,ipv4,malicious-ip,medium,WHITE,ziyadnz/hourly-ipv4,ziyadnz|hourly,2026-08-17T18:48:05Z,2026-08-17T18:48:05Z,
35.203.210.70,ipv4,malicious-ip,medium,WHITE,ziyadnz/hourly-ipv4,ziyadnz|hourly,2026-08-17T18:48:05Z,2026-08-17T18:48:05Z,
35.203.210.71,ipv4,malicious-ip,medium,WHITE,ziyadnz/hourly-ipv4,ziyadnz|hourly,2026-08-17T18:48:05Z,2026-08-17T18:48:05Z,
35.203.210.72,ipv4,malicious-ip,medium,WHITE,ziyadnz/hourly-ipv4,ziyadnz|hourly,2026-08-17T18:48:05Z,2026-08-17T18:48:05Z,
35.203.210.73,ipv4,malicious-ip,medium,WHITE,ziyadnz/hourly-ipv4,ziyadnz|hourly,2026-08-17T18:48:05Z,2026-08-17T18:48:05Z,
35.203.210.74,ipv4,malicious-ip,medium,WHITE,ziyadnz/hourly-ipv4,ziyadnz|hourly,2026-08-17T18:48:05Z,2026-08-17T18:48:05Z,
35.203.210.75,ipv4,malicious-ip,medium,WHITE,ziyadnz/hourly-ipv4,ziyadnz|hourly,2026-08-17T18:48:05Z,2026-08-17T18:48:05Z,
35.203.210.77,ipv4,malicious-ip,medium,WHITE,ziyadnz/hourly-ipv4,ziyadnz|hourly,2026-08-17T18:48:05Z,2026-08-17T18:48:05Z,
35.203.210.78,ipv4,malicious-ip,medium,WHITE,ziyadnz/hourly-ipv4,ziyadnz|hourly,2026-08-17T18:48:05Z,2026-08-17T18:48:05Z,
35.203.210.79,ipv4,malicious-ip,medium,WHITE,ziyadnz/hourly-ipv4,ziyadnz|hourly,2026-08-17T18:48:05Z,2026-08-17T18:48:05Z,
35.203.210.8,ipv4,malicious-ip,medium,WHITE,ziyadnz/hourly-ipv4,ziyadnz|hourly,2026-08-17T18:48:05Z,2026-08-17T18:48:05Z,
35.203.210.80,ipv4,malicious-ip,medium,WHITE,ziyadnz/hourly-ipv4,ziyadnz|hourly,2026-08-17T18:48:05Z,2026-08-17T18:48:05Z,
35.203.210.81,ipv4,malicious-ip,medium,WHITE,ziyadnz/hourly-ipv4,ziyadnz|hourly,2026-08-17T18:48:05Z,2026-08-17T18:48:05Z,
35.203.210.83,ipv4,malicious-ip,medium,WHITE,ziyadnz/hourly-ipv4,ziyadnz|hourly,2026-08-17T18:48:05Z,2026-08-17T18:48:05Z,
35.203.210.84,ipv4,malicious-ip,medium,WHITE,ziyadnz/hourly-ipv4,ziyadnz|hourly,2026-08-17T18:48:05Z,2026-08-17T18:48:05Z,
35.203.210.85,ipv4,malicious-ip,medium,WHITE,ziyadnz/hourly-ipv4,ziyadnz|hourly,2026-08-17T18:48:05Z,2026-08-17T18:48:05Z,
35.203.210.86,ipv4,malicious-ip,medium,WHITE,ziyadnz/hourly-ipv4,ziyadnz|hourly,2026-08-17T18:48:05Z,2026-08-17T18:48:05Z,
35.203.210.87,ipv4,malicious-ip,medium,WHITE,ziyadnz/hourly-ipv4,ziyadnz|hourly,2026-08-17T18:48:05Z,2026-08-17T18:48:05Z,
35.203.210.88,ipv4,malicious-ip,medium,WHITE,ziyadnz/hourly-ipv4,ziyadnz|hourly,2026-08-17T18:48:05Z,2026-08-17T18:48:05Z,
35.203.210.89,ipv4,malicious-ip,medium,WHITE,ziyadnz/hourly-ipv4,ziyadnz|hourly,2026-08-17T18:48:05Z,2026-08-17T18:48:05Z,
35.203.210.9,ipv4,malicious-ip,medium,WHITE,ziyadnz/hourly-ipv4,ziyadnz|hourly,2026-08-17T18:48:05Z,2026-08-17T18:48:05Z,
35.203.210.90,ipv4,malicious-ip,medium,WHITE,ziyadnz/hourly-ipv4,ziyadnz|hourly,2026-08-17T18:48:05Z,2026-08-17T18:48:05Z,
35.203.210.91,ipv4,malicious-ip,medium,WHITE,ziyadnz/hourly-ipv4,ziyadnz|hourly,2026-08-17T18:48:05Z,2026-08-17T18:48:05Z,
35.203.210.92,ipv4,malicious-ip,medium,WHITE,ziyadnz/hourly-ipv4,ziyadnz|hourly,2026-08-17T18:48:05Z,2026-08-17T18:48:05Z,
35.203.210.94,ipv4,malicious-ip,medium,WHITE,ziyadnz/hourly-ipv4,ziyadnz|hourly,2026-08-17T18:48:05Z,2026-08-17T18:48:05Z,
35.203.210.95,ipv4,malicious-ip,medium,WHITE,ziyadnz/hourly-ipv4,ziyadnz|hourly,2026-08-17T18:48:05Z,2026-08-17T18:48:05Z,
35.203.210.96,ipv4,malicious-ip,medium,WHITE,ziyadnz/hourly-ipv4,ziyadnz|hourly,2026-08-17T18:48:05Z,2026-08-17T18:48:05Z,
35.203.210.97,ipv4,malicious-ip,medium,WHITE,ziyadnz/hourly-ipv4,ziyadnz|hourly,2026-08-17T18:48:05Z,2026-08-17T18:48:05Z,
35.203.210.98,ipv4,malicious-ip,medium,WHITE,ziyadnz/hourly-ipv4,ziyadnz|hourly,2026-08-17T18:48:05Z,2026-08-17T18:48:05Z,
35.203.210.99,ipv4,malicious-ip,medium,WHITE,ziyadnz/hourly-ipv4,ziyadnz|hourly,2026-08-17T18:48:05Z,2026-08-17T18:48:05Z,
35.203.211.0,ipv4,malicious-ip,medium,WHITE,ziyadnz/hourly-ipv4,ziyadnz|hourly,2026-08-17T18:48:05Z,2026-08-17T18:48:05Z,
35.203.211.10,ipv4,malicious-ip,medium,WHITE,ziyadnz/hourly-ipv4,ziyadnz|hourly,2026-08-17T18:48:05Z,2026-08-17T18:48:05Z,
35.203.211.100,ipv4,malicious-ip,medium,WHITE,ziyadnz/hourly-ipv4,ziyadnz|hourly,2026-08-17T18:48:05Z,2026-08-17T18:48:05Z,
35.203.211.101,ipv4,malicious-ip,medium,WHITE,ziyadnz/hourly-ipv4,ziyadnz|hourly,2026-08-17T18:48:05Z,2026-08-17T18:48:05Z,
35.203.211.102,ipv4,malicious-ip,medium,WHITE,ziyadnz/hourly-ipv4,ziyadnz|hourly,2026-08-17T18:48:05Z,2026-08-17T18:48:05Z,
35.203.211.103,ipv4,malicious-ip,medium,WHITE,ziyadnz/hourly-ipv4,ziyadnz|hourly,2026-08-17T18:48:05Z,2026-08-17T18:48:05Z,
35.203.211.104,ipv4,malicious-ip,medium,WHITE,ziyadnz/hourly-ipv4,ziyadnz|hourly,2026-08-17T18:48:05Z,2026-08-17T18:48:05Z,
35.203.211.105,ipv4,malicious-ip,medium,WHITE,ziyadnz/hourly-ipv4,ziyadnz|hourly,2026-08-17T18:48:05Z,2026-08-17T18:48:05Z,
35.203.211.106,ipv4,malicious-ip,medium,WHITE,ziyadnz/hourly-ipv4,ziyadnz|hourly,2026-08-17T18:48:05Z,2026-08-17T18:48:05Z,
35.203.211.108,ipv4,malicious-ip,medium,WHITE,ziyadnz/hourly-ipv4,ziyadnz|hourly,2026-08-17T18:48:05Z,2026-08-17T18:48:05Z,
35.203.211.109,ipv4,malicious-ip,medium,WHITE,ziyadnz/hourly-ipv4,ziyadnz|hourly,2026-08-17T18:48:05Z,2026-08-17T18:48:05Z,
35.203.211.11,ipv4,malicious-ip,medium,WHITE,ziyadnz/hourly-ipv4,ziyadnz|hourly,2026-08-17T18:48:05Z,2026-08-17T18:48:05Z,
35.203.211.110,ipv4,malicious-ip,medium,WHITE,ziyadnz/hourly-ipv4,ziyadnz|hourly,2026-08-17T18:48:05Z,2026-08-17T18:48:05Z,
35.203.211.112,ipv4,malicious-ip,medium,WHITE,ziyadnz/hourly-ipv4,ziyadnz|hourly,2026-08-17T18:48:05Z,2026-08-17T18:48:05Z,
35.203.211.113,ipv4,malicious-ip,medium,WHITE,ziyadnz/hourly-ipv4,ziyadnz|hourly,2026-08-17T18:48:05Z,2026-08-17T18:48:05Z,
35.203.211.114,ipv4,malicious-ip,medium,WHITE,ziyadnz/hourly-ipv4,ziyadnz|hourly,2026-08-17T18:48:05Z,2026-08-17T18:48:05Z,
35.203.211.115,ipv4,malicious-ip,medium,WHITE,ziyadnz/hourly-ipv4,ziyadnz|hourly,2026-08-17T18:48:05Z,2026-08-17T18:48:05Z,
35.203.211.116,ipv4,malicious-ip,medium,WHITE,ziyadnz/hourly-ipv4,ziyadnz|hourly,2026-08-17T18:48:05Z,2026-08-17T18:48:05Z,
35.203.211.117,ipv4,malicious-ip,medium,WHITE,ziyadnz/hourly-ipv4,ziyadnz|hourly,2026-08-17T18:48:05Z,2026-08-17T18:48:05Z,
35.203.211.118,ipv4,malicious-ip,medium,WHITE,ziyadnz/hourly-ipv4,ziyadnz|hourly,2026-08-17T18:48:05Z,2026-08-17T18:48:05Z,
35.203.211.119,ipv4,malicious-ip,medium,WHITE,ziyadnz/hourly-ipv4,ziyadnz|hourly,2026-08-17T18:48:05Z,2026-08-17T18:48:05Z,
35.203.211.12,ipv4,malicious-ip,medium,WHITE,ziyadnz/hourly-ipv4,ziyadnz|hourly,2026-08-17T18:48:05Z,2026-08-17T18:48:05Z,
35.203.211.120,ipv4,malicious-ip,medium,WHITE,ziyadnz/hourly-ipv4,ziyadnz|hourly,2026-08-17T18:48:05Z,2026-08-17T18:48:05Z,
35.203.211.121,ipv4,malicious-ip,medium,WHITE,ziyadnz/hourly-ipv4,ziyadnz|hourly,2026-08-17T18:48:05Z,2026-08-17T18:48:05Z,
35.203.211.123,ipv4,malicious-ip,medium,WHITE,ziyadnz/hourly-ipv4,ziyadnz|hourly,2026-08-17T18:48:05Z,2026-08-17T18:48:05Z,
35.203.211.124,ipv4,malicious-ip,medium,WHITE,ziyadnz/hourly-ipv4,ziyadnz|hourly,2026-08-17T18:48:05Z,2026-08-17T18:48:05Z,
35.203.211.125,ipv4,malicious-ip,medium,WHITE,ziyadnz/hourly-ipv4,ziyadnz|hourly,2026-08-17T18:48:05Z,2026-08-17T18:48:05Z,
35.203.211.126,ipv4,malicious-ip,medium,WHITE,ziyadnz/hourly-ipv4,ziyadnz|hourly,2026-08-17T18:48:05Z,2026-08-17T18:48:05Z,
35.203.211.127,ipv4,malicious-ip,medium,WHITE,ziyadnz/hourly-ipv4,ziyadnz|hourly,2026-08-17T18:48:05Z,2026-08-17T18:48:05Z,
35.203.211.128,ipv4,malicious-ip,medium,WHITE,ziyadnz/hourly-ipv4,ziyadnz|hourly,2026-08-17T18:48:05Z,2026-08-17T18:48:05Z,
35.203.211.129,ipv4,malicious-ip,medium,WHITE,ziyadnz/hourly-ipv4,ziyadnz|hourly,2026-08-17T18:48:05Z,2026-08-17T18:48:05Z,
35.203.211.13,ipv4,malicious-ip,medium,WHITE,ziyadnz/hourly-ipv4,ziyadnz|hourly,2026-08-17T18:48:05Z,2026-08-17T18:48:05Z,
35.203.211.130,ipv4,malicious-ip,medium,WHITE,ziyadnz/hourly-ipv4,ziyadnz|hourly,2026-08-17T18:48:05Z,2026-08-17T18:48:05Z,
35.203.211.131,ipv4,malicious-ip,medium,WHITE,ziyadnz/hourly-ipv4,ziyadnz|hourly,2026-08-17T18:48:05Z,2026-08-17T18:48:05Z,
35.203.211.132,ipv4,malicious-ip,medium,WHITE,ziyadnz/hourly-ipv4,ziyadnz|hourly,2026-08-17T18:48:05Z,2026-08-17T18:48:05Z,
35.203.211.133,ipv4,malicious-ip,medium,WHITE,ziyadnz/hourly-ipv4,ziyadnz|hourly,2026-08-17T18:48:05Z,2026-08-17T18:48:05Z,
35.203.211.134,ipv4,malicious-ip,medium,WHITE,ziyadnz/hourly-ipv4,ziyadnz|hourly,2026-08-17T18:48:05Z,2026-08-17T18:48:05Z,
35.203.211.135,ipv4,malicious-ip,medium,WHITE,ziyadnz/hourly-ipv4,ziyadnz|hourly,2026-08-17T18:48:05Z,2026-08-17T18:48:05Z,
35.203.211.137,ipv4,malicious-ip,medium,WHITE,ziyadnz/hourly-ipv4,ziyadnz|hourly,2026-08-17T18:48:05Z,2026-08-17T18:48:05Z,
35.203.211.138,ipv4,malicious-ip,medium,WHITE,ziyadnz/hourly-ipv4,ziyadnz|hourly,2026-08-17T18:48:05Z,2026-08-17T18:48:05Z,
35.203.211.139,ipv4,malicious-ip,medium,WHITE,ziyadnz/hourly-ipv4,ziyadnz|hourly,2026-08-17T18:48:05Z,2026-08-17T18:48:05Z,
35.203.211.14,ipv4,malicious-ip,medium,WHITE,ziyadnz/hourly-ipv4,ziyadnz|hourly,2026-08-17T18:48:05Z,2026-08-17T18:48:05Z,
35.203.211.140,ipv4,malicious-ip,medium,WHITE,ziyadnz/hourly-ipv4,ziyadnz|hourly,2026-08-17T18:48:05Z,2026-08-17T18:48:05Z,
35.203.211.141,ipv4,malicious-ip,medium,WHITE,ziyadnz/hourly-ipv4,ziyadnz|hourly,2026-08-17T18:48:05Z,2026-08-17T18:48:05Z,
35.203.211.142,ipv4,malicious-ip,medium,WHITE,ziyadnz/hourly-ipv4,ziyadnz|hourly,2026-08-17T18:48:05Z,2026-08-17T18:48:05Z,
35.203.211.143,ipv4,malicious-ip,medium,WHITE,ziyadnz/hourly-ipv4,ziyadnz|hourly,2026-08-17T18:48:05Z,2026-08-17T18:48:05Z,
35.203.211.144,ipv4,malicious-ip,medium,WHITE,ziyadnz/hourly-ipv4,ziyadnz|hourly,2026-08-17T18:48:05Z,2026-08-17T18:48:05Z,
35.203.211.145,ipv4,malicious-ip,medium,WHITE,ziyadnz/hourly-ipv4,ziyadnz|hourly,2026-08-17T18:48:05Z,2026-08-17T18:48:05Z,
35.203.211.146,ipv4,malicious-ip,medium,WHITE,ziyadnz/hourly-ipv4,ziyadnz|hourly,2026-08-17T18:48:05Z,2026-08-17T18:48:05Z,
35.203.211.147,ipv4,malicious-ip,medium,WHITE,ziyadnz/hourly-ipv4,ziyadnz|hourly,2026-08-17T18:48:05Z,2026-08-17T18:48:05Z,
35.203.211.149,ipv4,malicious-ip,medium,WHITE,ziyadnz/hourly-ipv4,ziyadnz|hourly,2026-08-17T18:48:05Z,2026-08-17T18:48:05Z,
35.203.211.15,ipv4,malicious-ip,medium,WHITE,ziyadnz/hourly-ipv4,ziyadnz|hourly,2026-08-17T18:48:05Z,2026-08-17T18:48:05Z,
35.203.211.151,ipv4,malicious-ip,medium,WHITE,ziyadnz/hourly-ipv4,ziyadnz|hourly,2026-08-17T18:48:05Z,2026-08-17T18:48:05Z,
35.203.211.152,ipv4,malicious-ip,medium,WHITE,ziyadnz/hourly-ipv4,ziyadnz|hourly,2026-08-17T18:48:05Z,2026-08-17T18:48:05Z,
35.203.211.153,ipv4,malicious-ip,medium,WHITE,ziyadnz/hourly-ipv4,ziyadnz|hourly,2026-08-17T18:48:05Z,2026-08-17T18:48:05Z,
35.203.211.154,ipv4,malicious-ip,medium,WHITE,ziyadnz/hourly-ipv4,ziyadnz|hourly,2026-08-17T18:48:05Z,2026-08-17T18:48:05Z,
35.203.211.155,ipv4,malicious-ip,medium,WHITE,ziyadnz/hourly-ipv4,ziyadnz|hourly,2026-08-17T18:48:05Z,2026-08-17T18:48:05Z,
35.203.211.156,ipv4,malicious-ip,medium,WHITE,ziyadnz/hourly-ipv4,ziyadnz|hourly,2026-08-17T18:48:05Z,2026-08-17T18:48:05Z,
35.203.211.157,ipv4,malicious-ip,medium,WHITE,ziyadnz/hourly-ipv4,ziyadnz|hourly,2026-08-17T18:48:05Z,2026-08-17T18:48:05Z,
35.203.211.158,ipv4,malicious-ip,medium,WHITE,ziyadnz/hourly-ipv4,ziyadnz|hourly,2026-08-17T18:48:05Z,2026-08-17T18:48:05Z,
35.203.211.159,ipv4,malicious-ip,medium,WHITE,ziyadnz/hourly-ipv4,ziyadnz|hourly,2026-08-17T18:48:05Z,2026-08-17T18:48:05Z,
35.203.211.16,ipv4,malicious-ip,medium,WHITE,ziyadnz/hourly-ipv4,ziyadnz|hourly,2026-08-17T18:48:05Z,2026-08-17T18:48:05Z,
35.203.211.160,ipv4,malicious-ip,medium,WHITE,ziyadnz/hourly-ipv4,ziyadnz|hourly,2026-08-17T18:48:05Z,2026-08-17T18:48:05Z,
35.203.211.161,ipv4,malicious-ip,medium,WHITE,ziyadnz/hourly-ipv4,ziyadnz|hourly,2026-08-17T18:48:05Z,2026-08-17T18:48:05Z,
35.203.211.162,ipv4,malicious-ip,medium,WHITE,ziyadnz/hourly-ipv4,ziyadnz|hourly,2026-08-17T18:48:05Z,2026-08-17T18:48:05Z,
35.203.211.163,ipv4,malicious-ip,medium,WHITE,ziyadnz/hourly-ipv4,ziyadnz|hourly,2026-08-17T18:48:05Z,2026-08-17T18:48:05Z,
35.203.211.164,ipv4,malicious-ip,medium,WHITE,ziyadnz/hourly-ipv4,ziyadnz|hourly,2026-08-17T18:48:05Z,2026-08-17T18:48:05Z,
35.203.211.165,ipv4,malicious-ip,medium,WHITE,ziyadnz/hourly-ipv4,ziyadnz|hourly,2026-08-17T18:48:05Z,2026-08-17T18:48:05Z,
35.203.211.166,ipv4,malicious-ip,medium,WHITE,ziyadnz/hourly-ipv4,ziyadnz|hourly,2026-08-17T18:48:05Z,2026-08-17T18:48:05Z,
35.203.211.167,ipv4,malicious-ip,medium,WHITE,ziyadnz/hourly-ipv4,ziyadnz|hourly,2026-08-17T18:48:05Z,2026-08-17T18:48:05Z,
35.203.211.168,ipv4,malicious-ip,medium,WHITE,ziyadnz/hourly-ipv4,ziyadnz|hourly,2026-08-17T18:48:05Z,2026-08-17T18:48:05Z,
35.203.211.169,ipv4,malicious-ip,medium,WHITE,ziyadnz/hourly-ipv4,ziyadnz|hourly,2026-08-17T18:48:05Z,2026-08-17T18:48:05Z,
35.203.211.17,ipv4,malicious-ip,medium,WHITE,ziyadnz/hourly-ipv4,ziyadnz|hourly,2026-08-17T18:48:05Z,2026-08-17T18:48:05Z,
35.203.211.170,ipv4,malicious-ip,medium,WHITE,ziyadnz/hourly-ipv4,ziyadnz|hourly,2026-08-17T18:48:05Z,2026-08-17T18:48:05Z,
35.203.211.171,ipv4,malicious-ip,medium,WHITE,ziyadnz/hourly-ipv4,ziyadnz|hourly,2026-08-17T18:48:05Z,2026-08-17T18:48:05Z,
35.203.211.172,ipv4,malicious-ip,medium,WHITE,ziyadnz/hourly-ipv4,ziyadnz|hourly,2026-08-17T18:48:05Z,2026-08-17T18:48:05Z,
35.203.211.173,ipv4,malicious-ip,medium,WHITE,ziyadnz/hourly-ipv4,ziyadnz|hourly,2026-08-17T18:48:05Z,2026-08-17T18:48:05Z,
35.203.211.174,ipv4,malicious-ip,medium,WHITE,ziyadnz/hourly-ipv4,ziyadnz|hourly,2026-08-17T18:48:05Z,2026-08-17T18:48:05Z,
35.203.211.175,ipv4,malicious-ip,medium,WHITE,ziyadnz/hourly-ipv4,ziyadnz|hourly,2026-08-17T18:48:05Z,2026-08-17T18:48:05Z,
35.203.211.176,ipv4,malicious-ip,medium,WHITE,ziyadnz/hourly-ipv4,ziyadnz|hourly,2026-08-17T18:48:05Z,2026-08-17T18:48:05Z,
35.203.211.177,ipv4,malicious-ip,medium,WHITE,ziyadnz/hourly-ipv4,ziyadnz|hourly,2026-08-17T18:48:05Z,2026-08-17T18:48:05Z,
35.203.211.178,ipv4,malicious-ip,medium,WHITE,ziyadnz/hourly-ipv4,ziyadnz|hourly,2026-08-17T18:48:05Z,2026-08-17T18:48:05Z,
35.203.211.179,ipv4,malicious-ip,medium,WHITE,ziyadnz/hourly-ipv4,ziyadnz|hourly,2026-08-17T18:48:05Z,2026-08-17T18:48:05Z,
35.203.211.18,ipv4,malicious-ip,medium,WHITE,ziyadnz/hourly-ipv4,ziyadnz|hourly,2026-08-17T18:48:05Z,2026-08-17T18:48:05Z,
35.203.211.180,ipv4,malicious-ip,medium,WHITE,ziyadnz/hourly-ipv4,ziyadnz|hourly,2026-08-17T18:48:05Z,2026-08-17T18:48:05Z,
35.203.211.181,ipv4,malicious-ip,medium,WHITE,ziyadnz/hourly-ipv4,ziyadnz|hourly,2026-08-17T18:48:05Z,2026-08-17T18:48:05Z,
35.203.211.182,ipv4,malicious-ip,medium,WHITE,ziyadnz/hourly-ipv4,ziyadnz|hourly,2026-08-17T18:48:05Z,2026-08-17T18:48:05Z,
35.203.211.183,ipv4,malicious-ip,medium,WHITE,ziyadnz/hourly-ipv4,ziyadnz|hourly,2026-08-17T18:48:05Z,2026-08-17T18:48:05Z,
35.203.211.184,ipv4,malicious-ip,medium,WHITE,ziyadnz/hourly-ipv4,ziyadnz|hourly,2026-08-17T18:48:05Z,2026-08-17T18:48:05Z,
35.203.211.185,ipv4,malicious-ip,medium,WHITE,ziyadnz/hourly-ipv4,ziyadnz|hourly,2026-08-17T18:48:05Z,2026-08-17T18:48:05Z,
35.203.211.186,ipv4,malicious-ip,medium,WHITE,ziyadnz/hourly-ipv4,ziyadnz|hourly,2026-08-17T18:48:05Z,2026-08-17T18:48:05Z,
35.203.211.187,ipv4,malicious-ip,medium,WHITE,ziyadnz/hourly-ipv4,ziyadnz|hourly,2026-08-17T18:48:05Z,2026-08-17T18:48:05Z,
35.203.211.188,ipv4,malicious-ip,medium,WHITE,ziyadnz/hourly-ipv4,ziyadnz|hourly,2026-08-17T18:48:05Z,2026-08-17T18:48:05Z,
35.203.211.19,ipv4,malicious-ip,medium,WHITE,ziyadnz/hourly-ipv4,ziyadnz|hourly,2026-08-17T18:48:05Z,2026-08-17T18:48:05Z,
35.203.211.190,ipv4,malicious-ip,medium,WHITE,ziyadnz/hourly-ipv4,ziyadnz|hourly,2026-08-17T18:48:05Z,2026-08-17T18:48:05Z,
35.203.211.191,ipv4,malicious-ip,medium,WHITE,ziyadnz/hourly-ipv4,ziyadnz|hourly,2026-08-17T18:48:05Z,2026-08-17T18:48:05Z,
35.203.211.192,ipv4,malicious-ip,medium,WHITE,ziyadnz/hourly-ipv4,ziyadnz|hourly,2026-08-17T18:48:05Z,2026-08-17T18:48:05Z,
35.203.211.193,ipv4,malicious-ip,medium,WHITE,ziyadnz/hourly-ipv4,ziyadnz|hourly,2026-08-17T18:48:05Z,2026-08-17T18:48:05Z,
35.203.211.195,ipv4,malicious-ip,medium,WHITE,ziyadnz/hourly-ipv4,ziyadnz|hourly,2026-08-17T18:48:05Z,2026-08-17T18:48:05Z,
35.203.211.196,ipv4,malicious-ip,medium,WHITE,ziyadnz/hourly-ipv4,ziyadnz|hourly,2026-08-17T18:48:05Z,2026-08-17T18:48:05Z,
35.203.211.197,ipv4,malicious-ip,medium,WHITE,ziyadnz/hourly-ipv4,ziyadnz|hourly,2026-08-17T18:48:05Z,2026-08-17T18:48:05Z,
35.203.211.198,ipv4,malicious-ip,medium,WHITE,ziyadnz/hourly-ipv4,ziyadnz|hourly,2026-08-17T18:48:05Z,2026-08-17T18:48:05Z,
35.203.211.199,ipv4,malicious-ip,medium,WHITE,ziyadnz/hourly-ipv4,ziyadnz|hourly,2026-08-17T18:48:05Z,2026-08-17T18:48:05Z,
35.203.211.20,ipv4,malicious-ip,medium,WHITE,ziyadnz/hourly-ipv4,ziyadnz|hourly,2026-08-17T18:48:05Z,2026-08-17T18:48:05Z,
35.203.211.200,ipv4,malicious-ip,medium,WHITE,ziyadnz/hourly-ipv4,ziyadnz|hourly,2026-08-17T18:48:05Z,2026-08-17T18:48:05Z,
35.203.211.201,ipv4,malicious-ip,medium,WHITE,ziyadnz/hourly-ipv4,ziyadnz|hourly,2026-08-17T18:48:05Z,2026-08-17T18:48:05Z,
35.203.211.202,ipv4,malicious-ip,medium,WHITE,ziyadnz/hourly-ipv4,ziyadnz|hourly,2026-08-17T18:48:05Z,2026-08-17T18:48:05Z,
35.203.211.203,ipv4,malicious-ip,medium,WHITE,ziyadnz/hourly-ipv4,ziyadnz|hourly,2026-08-17T18:48:05Z,2026-08-17T18:48:05Z,
35.203.211.204,ipv4,malicious-ip,medium,WHITE,ziyadnz/hourly-ipv4,ziyadnz|hourly,2026-08-17T18:48:05Z,2026-08-17T18:48:05Z,
35.203.211.205,ipv4,malicious-ip,medium,WHITE,ziyadnz/hourly-ipv4,ziyadnz|hourly,2026-08-17T18:48:05Z,2026-08-17T18:48:05Z,
35.203.211.206,ipv4,malicious-ip,medium,WHITE,ziyadnz/hourly-ipv4,ziyadnz|hourly,2026-08-17T18:48:05Z,2026-08-17T18:48:05Z,
35.203.211.207,ipv4,malicious-ip,medium,WHITE,ziyadnz/hourly-ipv4,ziyadnz|hourly,2026-08-17T18:48:05Z,2026-08-17T18:48:05Z,
35.203.211.208,ipv4,malicious-ip,medium,WHITE,ziyadnz/hourly-ipv4,ziyadnz|hourly,2026-08-17T18:48:05Z,2026-08-17T18:48:05Z,
35.203.211.21,ipv4,malicious-ip,medium,WHITE,ziyadnz/hourly-ipv4,ziyadnz|hourly,2026-08-17T18:48:05Z,2026-08-17T18:48:05Z,
35.203.211.210,ipv4,malicious-ip,medium,WHITE,ziyadnz/hourly-ipv4,ziyadnz|hourly,2026-08-17T18:48:05Z,2026-08-17T18:48:05Z,
35.203.211.211,ipv4,malicious-ip,medium,WHITE,ziyadnz/hourly-ipv4,ziyadnz|hourly,2026-08-17T18:48:05Z,2026-08-17T18:48:05Z,
35.203.211.212,ipv4,malicious-ip,medium,WHITE,ziyadnz/hourly-ipv4,ziyadnz|hourly,2026-08-17T18:48:05Z,2026-08-17T18:48:05Z,
35.203.211.213,ipv4,malicious-ip,medium,WHITE,ziyadnz/hourly-ipv4,ziyadnz|hourly,2026-08-17T18:48:05Z,2026-08-17T18:48:05Z,
35.203.211.214,ipv4,malicious-ip,medium,WHITE,ziyadnz/hourly-ipv4,ziyadnz|hourly,2026-08-17T18:48:05Z,2026-08-17T18:48:05Z,
35.203.211.215,ipv4,malicious-ip,medium,WHITE,ziyadnz/hourly-ipv4,ziyadnz|hourly,2026-08-17T18:48:05Z,2026-08-17T18:48:05Z,
35.203.211.216,ipv4,malicious-ip,medium,WHITE,ziyadnz/hourly-ipv4,ziyadnz|hourly,2026-08-17T18:48:05Z,2026-08-17T18:48:05Z,
35.203.211.217,ipv4,malicious-ip,medium,WHITE,ziyadnz/hourly-ipv4,ziyadnz|hourly,2026-08-17T18:48:05Z,2026-08-17T18:48:05Z,
35.203.211.218,ipv4,malicious-ip,medium,WHITE,ziyadnz/hourly-ipv4,ziyadnz|hourly,2026-08-17T18:48:05Z,2026-08-17T18:48:05Z,
35.203.211.219,ipv4,malicious-ip,medium,WHITE,ziyadnz/hourly-ipv4,ziyadnz|hourly,2026-08-17T18:48:05Z,2026-08-17T18:48:05Z,
35.203.211.22,ipv4,malicious-ip,medium,WHITE,ziyadnz/hourly-ipv4,ziyadnz|hourly,2026-08-17T18:48:05Z,2026-08-17T18:48:05Z,
35.203.211.220,ipv4,malicious-ip,medium,WHITE,ziyadnz/hourly-ipv4,ziyadnz|hourly,2026-08-17T18:48:05Z,2026-08-17T18:48:05Z,
35.203.211.221,ipv4,malicious-ip,medium,WHITE,ziyadnz/hourly-ipv4,ziyadnz|hourly,2026-08-17T18:48:05Z,2026-08-17T18:48:05Z,
35.203.211.222,ipv4,malicious-ip,medium,WHITE,ziyadnz/hourly-ipv4,ziyadnz|hourly,2026-08-17T18:48:05Z,2026-08-17T18:48:05Z,
35.203.211.223,ipv4,malicious-ip,medium,WHITE,ziyadnz/hourly-ipv4,ziyadnz|hourly,2026-08-17T18:48:05Z,2026-08-17T18:48:05Z,
35.203.211.224,ipv4,malicious-ip,medium,WHITE,ziyadnz/hourly-ipv4,ziyadnz|hourly,2026-08-17T18:48:05Z,2026-08-17T18:48:05Z,
35.203.211.225,ipv4,malicious-ip,medium,WHITE,ziyadnz/hourly-ipv4,ziyadnz|hourly,2026-08-17T18:48:05Z,2026-08-17T18:48:05Z,
35.203.211.226,ipv4,malicious-ip,medium,WHITE,ziyadnz/hourly-ipv4,ziyadnz|hourly,2026-08-17T18:48:05Z,2026-08-17T18:48:05Z,
35.203.211.227,ipv4,malicious-ip,medium,WHITE,ziyadnz/hourly-ipv4,ziyadnz|hourly,2026-08-17T18:48:05Z,2026-08-17T18:48:05Z,
35.203.211.228,ipv4,malicious-ip,medium,WHITE,ziyadnz/hourly-ipv4,ziyadnz|hourly,2026-08-17T18:48:05Z,2026-08-17T18:48:05Z,
35.203.211.229,ipv4,malicious-ip,medium,WHITE,ziyadnz/hourly-ipv4,ziyadnz|hourly,2026-08-17T18:48:05Z,2026-08-17T18:48:05Z,
35.203.211.23,ipv4,malicious-ip,medium,WHITE,ziyadnz/hourly-ipv4,ziyadnz|hourly,2026-08-17T18:48:05Z,2026-08-17T18:48:05Z,
35.203.211.230,ipv4,malicious-ip,medium,WHITE,ziyadnz/hourly-ipv4,ziyadnz|hourly,2026-08-17T18:48:05Z,2026-08-17T18:48:05Z,
35.203.211.231,ipv4,malicious-ip,medium,WHITE,ziyadnz/hourly-ipv4,ziyadnz|hourly,2026-08-17T18:48:05Z,2026-08-17T18:48:05Z,
35.203.211.232,ipv4,malicious-ip,medium,WHITE,ziyadnz/hourly-ipv4,ziyadnz|hourly,2026-08-17T18:48:05Z,2026-08-17T18:48:05Z,
35.203.211.233,ipv4,malicious-ip,medium,WHITE,ziyadnz/hourly-ipv4,ziyadnz|hourly,2026-08-17T18:48:05Z,2026-08-17T18:48:05Z,
35.203.211.235,ipv4,malicious-ip,medium,WHITE,ziyadnz/hourly-ipv4,ziyadnz|hourly,2026-08-17T18:48:05Z,2026-08-17T18:48:05Z,
35.203.211.236,ipv4,malicious-ip,medium,WHITE,ziyadnz/hourly-ipv4,ziyadnz|hourly,2026-08-17T18:48:05Z,2026-08-17T18:48:05Z,
35.203.211.237,ipv4,malicious-ip,medium,WHITE,ziyadnz/hourly-ipv4,ziyadnz|hourly,2026-08-17T18:48:05Z,2026-08-17T18:48:05Z,
35.203.211.238,ipv4,malicious-ip,medium,WHITE,ziyadnz/hourly-ipv4,ziyadnz|hourly,2026-08-17T18:48:05Z,2026-08-17T18:48:05Z,
35.203.211.239,ipv4,malicious-ip,medium,WHITE,ziyadnz/hourly-ipv4,ziyadnz|hourly,2026-08-17T18:48:05Z,2026-08-17T18:48:05Z,
35.203.211.24,ipv4,malicious-ip,medium,WHITE,ziyadnz/hourly-ipv4,ziyadnz|hourly,2026-08-17T18:48:05Z,2026-08-17T18:48:05Z,
35.203.211.240,ipv4,malicious-ip,medium,WHITE,ziyadnz/hourly-ipv4,ziyadnz|hourly,2026-08-17T18:48:05Z,2026-08-17T18:48:05Z,
35.203.211.241,ipv4,malicious-ip,medium,WHITE,ziyadnz/hourly-ipv4,ziyadnz|hourly,2026-08-17T18:48:05Z,2026-08-17T18:48:05Z,
35.203.211.242,ipv4,malicious-ip,medium,WHITE,ziyadnz/hourly-ipv4,ziyadnz|hourly,2026-08-17T18:48:05Z,2026-08-17T18:48:05Z,
35.203.211.243,ipv4,malicious-ip,medium,WHITE,ziyadnz/hourly-ipv4,ziyadnz|hourly,2026-08-17T18:48:05Z,2026-08-17T18:48:05Z,
35.203.211.244,ipv4,malicious-ip,medium,WHITE,ziyadnz/hourly-ipv4,ziyadnz|hourly,2026-08-17T18:48:05Z,2026-08-17T18:48:05Z,
35.203.211.245,ipv4,malicious-ip,medium,WHITE,ziyadnz/hourly-ipv4,ziyadnz|hourly,2026-08-17T18:48:05Z,2026-08-17T18:48:05Z,
35.203.211.246,ipv4,malicious-ip,medium,WHITE,ziyadnz/hourly-ipv4,ziyadnz|hourly,2026-08-17T18:48:05Z,2026-08-17T18:48:05Z,
35.203.211.247,ipv4,malicious-ip,medium,WHITE,ziyadnz/hourly-ipv4,ziyadnz|hourly,2026-08-17T18:48:05Z,2026-08-17T18:48:05Z,
35.203.211.248,ipv4,malicious-ip,medium,WHITE,ziyadnz/hourly-ipv4,ziyadnz|hourly,2026-08-17T18:48:05Z,2026-08-17T18:48:05Z,
35.203.211.249,ipv4,malicious-ip,medium,WHITE,ziyadnz/hourly-ipv4,ziyadnz|hourly,2026-08-17T18:48:05Z,2026-08-17T18:48:05Z,
35.203.211.25,ipv4,malicious-ip,medium,WHITE,ziyadnz/hourly-ipv4,ziyadnz|hourly,2026-08-17T18:48:05Z,2026-08-17T18:48:05Z,
35.203.211.250,ipv4,malicious-ip,medium,WHITE,ziyadnz/hourly-ipv4,ziyadnz|hourly,2026-08-17T18:48:05Z,2026-08-17T18:48:05Z,
35.203.211.251,ipv4,malicious-ip,medium,WHITE,ziyadnz/hourly-ipv4,ziyadnz|hourly,2026-08-17T18:48:05Z,2026-08-17T18:48:05Z,
35.203.211.252,ipv4,malicious-ip,medium,WHITE,ziyadnz/hourly-ipv4,ziyadnz|hourly,2026-08-17T18:48:05Z,2026-08-17T18:48:05Z,
35.203.211.253,ipv4,malicious-ip,medium,WHITE,ziyadnz/hourly-ipv4,ziyadnz|hourly,2026-08-17T18:48:05Z,2026-08-17T18:48:05Z,
35.203.211.254,ipv4,malicious-ip,medium,WHITE,ziyadnz/hourly-ipv4,ziyadnz|hourly,2026-08-17T18:48:05Z,2026-08-17T18:48:05Z,
35.203.211.26,ipv4,malicious-ip,medium,WHITE,ziyadnz/hourly-ipv4,ziyadnz|hourly,2026-08-17T18:48:05Z,2026-08-17T18:48:05Z,
35.203.211.27,ipv4,malicious-ip,medium,WHITE,ziyadnz/hourly-ipv4,ziyadnz|hourly,2026-08-17T18:48:05Z,2026-08-17T18:48:05Z,
35.203.211.28,ipv4,malicious-ip,medium,WHITE,ziyadnz/hourly-ipv4,ziyadnz|hourly,2026-08-17T18:48:05Z,2026-08-17T18:48:05Z,
35.203.211.29,ipv4,malicious-ip,medium,WHITE,ziyadnz/hourly-ipv4,ziyadnz|hourly,2026-08-17T18:48:05Z,2026-08-17T18:48:05Z,
35.203.211.3,ipv4,malicious-ip,medium,WHITE,ziyadnz/hourly-ipv4,ziyadnz|hourly,2026-08-17T18:48:05Z,2026-08-17T18:48:05Z,
35.203.211.30,ipv4,malicious-ip,medium,WHITE,ziyadnz/hourly-ipv4,ziyadnz|hourly,2026-08-17T18:48:05Z,2026-08-17T18:48:05Z,
35.203.211.32,ipv4,malicious-ip,medium,WHITE,ziyadnz/hourly-ipv4,ziyadnz|hourly,2026-08-17T18:48:05Z,2026-08-17T18:48:05Z,
35.203.211.33,ipv4,malicious-ip,medium,WHITE,ziyadnz/hourly-ipv4,ziyadnz|hourly,2026-08-17T18:48:05Z,2026-08-17T18:48:05Z,
35.203.211.34,ipv4,malicious-ip,medium,WHITE,ziyadnz/hourly-ipv4,ziyadnz|hourly,2026-08-17T18:48:05Z,2026-08-17T18:48:05Z,
35.203.211.35,ipv4,malicious-ip,medium,WHITE,ziyadnz/hourly-ipv4,ziyadnz|hourly,2026-08-17T18:48:05Z,2026-08-17T18:48:05Z,
35.203.211.36,ipv4,malicious-ip,medium,WHITE,ziyadnz/hourly-ipv4,ziyadnz|hourly,2026-08-17T18:48:05Z,2026-08-17T18:48:05Z,
35.203.211.37,ipv4,malicious-ip,medium,WHITE,ziyadnz/hourly-ipv4,ziyadnz|hourly,2026-08-17T18:48:05Z,2026-08-17T18:48:05Z,
35.203.211.38,ipv4,malicious-ip,medium,WHITE,ziyadnz/hourly-ipv4,ziyadnz|hourly,2026-08-17T18:48:05Z,2026-08-17T18:48:05Z,
35.203.211.39,ipv4,malicious-ip,medium,WHITE,ziyadnz/hourly-ipv4,ziyadnz|hourly,2026-08-17T18:48:05Z,2026-08-17T18:48:05Z,
35.203.211.4,ipv4,malicious-ip,medium,WHITE,ziyadnz/hourly-ipv4,ziyadnz|hourly,2026-08-17T18:48:05Z,2026-08-17T18:48:05Z,
35.203.211.40,ipv4,malicious-ip,medium,WHITE,ziyadnz/hourly-ipv4,ziyadnz|hourly,2026-08-17T18:48:05Z,2026-08-17T18:48:05Z,
35.203.211.41,ipv4,malicious-ip,medium,WHITE,ziyadnz/hourly-ipv4,ziyadnz|hourly,2026-08-17T18:48:05Z,2026-08-17T18:48:05Z,
35.203.211.42,ipv4,malicious-ip,medium,WHITE,ziyadnz/hourly-ipv4,ziyadnz|hourly,2026-08-17T18:48:05Z,2026-08-17T18:48:05Z,
35.203.211.43,ipv4,malicious-ip,medium,WHITE,ziyadnz/hourly-ipv4,ziyadnz|hourly,2026-08-17T18:48:05Z,2026-08-17T18:48:05Z,
35.203.211.44,ipv4,malicious-ip,medium,WHITE,ziyadnz/hourly-ipv4,ziyadnz|hourly,2026-08-17T18:48:05Z,2026-08-17T18:48:05Z,
35.203.211.45,ipv4,malicious-ip,medium,WHITE,ziyadnz/hourly-ipv4,ziyadnz|hourly,2026-08-17T18:48:05Z,2026-08-17T18:48:05Z,
35.203.211.46,ipv4,malicious-ip,medium,WHITE,ziyadnz/hourly-ipv4,ziyadnz|hourly,2026-08-17T18:48:05Z,2026-08-17T18:48:05Z,
35.203.211.47,ipv4,malicious-ip,medium,WHITE,ziyadnz/hourly-ipv4,ziyadnz|hourly,2026-08-17T18:48:05Z,2026-08-17T18:48:05Z,
35.203.211.48,ipv4,malicious-ip,medium,WHITE,ziyadnz/hourly-ipv4,ziyadnz|hourly,2026-08-17T18:48:05Z,2026-08-17T18:48:05Z,
35.203.211.49,ipv4,malicious-ip,medium,WHITE,ziyadnz/hourly-ipv4,ziyadnz|hourly,2026-08-17T18:48:05Z,2026-08-17T18:48:05Z,
35.203.211.5,ipv4,malicious-ip,medium,WHITE,ziyadnz/hourly-ipv4,ziyadnz|hourly,2026-08-17T18:48:05Z,2026-08-17T18:48:05Z,
35.203.211.51,ipv4,malicious-ip,medium,WHITE,ziyadnz/hourly-ipv4,ziyadnz|hourly,2026-08-17T18:48:05Z,2026-08-17T18:48:05Z,
35.203.211.52,ipv4,malicious-ip,medium,WHITE,ziyadnz/hourly-ipv4,ziyadnz|hourly,2026-08-17T18:48:05Z,2026-08-17T18:48:05Z,
35.203.211.53,ipv4,malicious-ip,medium,WHITE,ziyadnz/hourly-ipv4,ziyadnz|hourly,2026-08-17T18:48:05Z,2026-08-17T18:48:05Z,
35.203.211.54,ipv4,malicious-ip,medium,WHITE,ziyadnz/hourly-ipv4,ziyadnz|hourly,2026-08-17T18:48:05Z,2026-08-17T18:48:05Z,
35.203.211.55,ipv4,malicious-ip,medium,WHITE,ziyadnz/hourly-ipv4,ziyadnz|hourly,2026-08-17T18:48:05Z,2026-08-17T18:48:05Z,
35.203.211.56,ipv4,malicious-ip,medium,WHITE,ziyadnz/hourly-ipv4,ziyadnz|hourly,2026-08-17T18:48:05Z,2026-08-17T18:48:05Z,
35.203.211.57,ipv4,malicious-ip,medium,WHITE,ziyadnz/hourly-ipv4,ziyadnz|hourly,2026-08-17T18:48:05Z,2026-08-17T18:48:05Z,
35.203.211.58,ipv4,malicious-ip,medium,WHITE,ziyadnz/hourly-ipv4,ziyadnz|hourly,2026-08-17T18:48:05Z,2026-08-17T18:48:05Z,
35.203.211.59,ipv4,malicious-ip,medium,WHITE,ziyadnz/hourly-ipv4,ziyadnz|hourly,2026-08-17T18:48:05Z,2026-08-17T18:48:05Z,
35.203.211.6,ipv4,malicious-ip,medium,WHITE,ziyadnz/hourly-ipv4,ziyadnz|hourly,2026-08-17T18:48:05Z,2026-08-17T18:48:05Z,
35.203.211.60,ipv4,malicious-ip,medium,WHITE,ziyadnz/hourly-ipv4,ziyadnz|hourly,2026-08-17T18:48:05Z,2026-08-17T18:48:05Z,
35.203.211.61,ipv4,malicious-ip,medium,WHITE,ziyadnz/hourly-ipv4,ziyadnz|hourly,2026-08-17T18:48:05Z,2026-08-17T18:48:05Z,
35.203.211.62,ipv4,malicious-ip,medium,WHITE,ziyadnz/hourly-ipv4,ziyadnz|hourly,2026-08-17T18:48:05Z,2026-08-17T18:48:05Z,
35.203.211.63,ipv4,malicious-ip,medium,WHITE,ziyadnz/hourly-ipv4,ziyadnz|hourly,2026-08-17T18:48:05Z,2026-08-17T18:48:05Z,
35.203.211.64,ipv4,malicious-ip,medium,WHITE,ziyadnz/hourly-ipv4,ziyadnz|hourly,2026-08-17T18:48:05Z,2026-08-17T18:48:05Z,
35.203.211.65,ipv4,malicious-ip,medium,WHITE,ziyadnz/hourly-ipv4,ziyadnz|hourly,2026-08-17T18:48:05Z,2026-08-17T18:48:05Z,
35.203.211.66,ipv4,malicious-ip,medium,WHITE,ziyadnz/hourly-ipv4,ziyadnz|hourly,2026-08-17T18:48:05Z,2026-08-17T18:48:05Z,
35.203.211.67,ipv4,malicious-ip,medium,WHITE,ziyadnz/hourly-ipv4,ziyadnz|hourly,2026-08-17T18:48:05Z,2026-08-17T18:48:05Z,
35.203.211.68,ipv4,malicious-ip,medium,WHITE,ziyadnz/hourly-ipv4,ziyadnz|hourly,2026-08-17T18:48:05Z,2026-08-17T18:48:05Z,
35.203.211.69,ipv4,malicious-ip,medium,WHITE,ziyadnz/hourly-ipv4,ziyadnz|hourly,2026-08-17T18:48:05Z,2026-08-17T18:48:05Z,
35.203.211.7,ipv4,malicious-ip,medium,WHITE,ziyadnz/hourly-ipv4,ziyadnz|hourly,2026-08-17T18:48:05Z,2026-08-17T18:48:05Z,
35.203.211.70,ipv4,malicious-ip,medium,WHITE,ziyadnz/hourly-ipv4,ziyadnz|hourly,2026-08-17T18:48:05Z,2026-08-17T18:48:05Z,
35.203.211.71,ipv4,malicious-ip,medium,WHITE,ziyadnz/hourly-ipv4,ziyadnz|hourly,2026-08-17T18:48:05Z,2026-08-17T18:48:05Z,
35.203.211.72,ipv4,malicious-ip,medium,WHITE,ziyadnz/hourly-ipv4,ziyadnz|hourly,2026-08-17T18:48:05Z,2026-08-17T18:48:05Z,
35.203.211.73,ipv4,malicious-ip,medium,WHITE,ziyadnz/hourly-ipv4,ziyadnz|hourly,2026-08-17T18:48:05Z,2026-08-17T18:48:05Z,
35.203.211.74,ipv4,malicious-ip,medium,WHITE,ziyadnz/hourly-ipv4,ziyadnz|hourly,2026-08-17T18:48:05Z,2026-08-17T18:48:05Z,
35.203.211.75,ipv4,malicious-ip,medium,WHITE,ziyadnz/hourly-ipv4,ziyadnz|hourly,2026-08-17T18:48:05Z,2026-08-17T18:48:05Z,
35.203.211.76,ipv4,malicious-ip,medium,WHITE,ziyadnz/hourly-ipv4,ziyadnz|hourly,2026-08-17T18:48:05Z,2026-08-17T18:48:05Z,
35.203.211.77,ipv4,malicious-ip,medium,WHITE,ziyadnz/hourly-ipv4,ziyadnz|hourly,2026-08-17T18:48:05Z,2026-08-17T18:48:05Z,
35.203.211.78,ipv4,malicious-ip,medium,WHITE,ziyadnz/hourly-ipv4,ziyadnz|hourly,2026-08-17T18:48:05Z,2026-08-17T18:48:05Z,
35.203.211.79,ipv4,malicious-ip,medium,WHITE,ziyadnz/hourly-ipv4,ziyadnz|hourly,2026-08-17T18:48:05Z,2026-08-17T18:48:05Z,
35.203.211.8,ipv4,malicious-ip,medium,WHITE,ziyadnz/hourly-ipv4,ziyadnz|hourly,2026-08-17T18:48:05Z,2026-08-17T18:48:05Z,
35.203.211.80,ipv4,malicious-ip,medium,WHITE,ziyadnz/hourly-ipv4,ziyadnz|hourly,2026-08-17T18:48:05Z,2026-08-17T18:48:05Z,
35.203.211.81,ipv4,malicious-ip,medium,WHITE,ziyadnz/hourly-ipv4,ziyadnz|hourly,2026-08-17T18:48:05Z,2026-08-17T18:48:05Z,
35.203.211.82,ipv4,malicious-ip,medium,WHITE,ziyadnz/hourly-ipv4,ziyadnz|hourly,2026-08-17T18:48:05Z,2026-08-17T18:48:05Z,
35.203.211.83,ipv4,malicious-ip,medium,WHITE,ziyadnz/hourly-ipv4,ziyadnz|hourly,2026-08-17T18:48:05Z,2026-08-17T18:48:05Z,
35.203.211.84,ipv4,malicious-ip,medium,WHITE,ziyadnz/hourly-ipv4,ziyadnz|hourly,2026-08-17T18:48:05Z,2026-08-17T18:48:05Z,
35.203.211.85,ipv4,malicious-ip,medium,WHITE,ziyadnz/hourly-ipv4,ziyadnz|hourly,2026-08-17T18:48:05Z,2026-08-17T18:48:05Z,
35.203.211.86,ipv4,malicious-ip,medium,WHITE,ziyadnz/hourly-ipv4,ziyadnz|hourly,2026-08-17T18:48:05Z,2026-08-17T18:48:05Z,
35.203.211.87,ipv4,malicious-ip,medium,WHITE,ziyadnz/hourly-ipv4,ziyadnz|hourly,2026-08-17T18:48:05Z,2026-08-17T18:48:05Z,
35.203.211.88,ipv4,malicious-ip,medium,WHITE,ziyadnz/hourly-ipv4,ziyadnz|hourly,2026-08-17T18:48:05Z,2026-08-17T18:48:05Z,
35.203.211.89,ipv4,malicious-ip,medium,WHITE,ziyadnz/hourly-ipv4,ziyadnz|hourly,2026-08-17T18:48:05Z,2026-08-17T18:48:05Z,
35.203.211.9,ipv4,malicious-ip,medium,WHITE,ziyadnz/hourly-ipv4,ziyadnz|hourly,2026-08-17T18:48:05Z,2026-08-17T18:48:05Z,
35.203.211.90,ipv4,malicious-ip,medium,WHITE,ziyadnz/hourly-ipv4,ziyadnz|hourly,2026-08-17T18:48:05Z,2026-08-17T18:48:05Z,
35.203.211.91,ipv4,malicious-ip,medium,WHITE,ziyadnz/hourly-ipv4,ziyadnz|hourly,2026-08-17T18:48:05Z,2026-08-17T18:48:05Z,
35.203.211.92,ipv4,malicious-ip,medium,WHITE,ziyadnz/hourly-ipv4,ziyadnz|hourly,2026-08-17T18:48:05Z,2026-08-17T18:48:05Z,
35.203.211.93,ipv4,malicious-ip,medium,WHITE,ziyadnz/hourly-ipv4,ziyadnz|hourly,2026-08-17T18:48:05Z,2026-08-17T18:48:05Z,
35.203.211.94,ipv4,malicious-ip,medium,WHITE,ziyadnz/hourly-ipv4,ziyadnz|hourly,2026-08-17T18:48:05Z,2026-08-17T18:48:05Z,
35.203.211.95,ipv4,malicious-ip,medium,WHITE,ziyadnz/hourly-ipv4,ziyadnz|hourly,2026-08-17T18:48:05Z,2026-08-17T18:48:05Z,
35.203.211.96,ipv4,malicious-ip,medium,WHITE,ziyadnz/hourly-ipv4,ziyadnz|hourly,2026-08-17T18:48:05Z,2026-08-17T18:48:05Z,
35.203.211.97,ipv4,malicious-ip,medium,WHITE,ziyadnz/hourly-ipv4,ziyadnz|hourly,2026-08-17T18:48:05Z,2026-08-17T18:48:05Z,
35.203.211.98,ipv4,malicious-ip,medium,WHITE,ziyadnz/hourly-ipv4,ziyadnz|hourly,2026-08-17T18:48:05Z,2026-08-17T18:48:05Z,
35.203.211.99,ipv4,malicious-ip,medium,WHITE,ziyadnz/hourly-ipv4,ziyadnz|hourly,2026-08-17T18:48:05Z,2026-08-17T18:48:05Z,
35.204.168.135,ipv4,malicious-ip,medium,WHITE,ziyadnz/hourly-ipv4,ziyadnz|hourly,2026-08-17T18:48:05Z,2026-08-17T18:48:05Z,
35.204.193.245,ipv4,malicious-ip,medium,WHITE,ziyadnz/hourly-ipv4,ziyadnz|hourly,2026-08-17T18:48:05Z,2026-08-17T18:48:05Z,
35.204.238.143,ipv4,malicious-ip,medium,WHITE,ziyadnz/hourly-ipv4,ziyadnz|hourly,2026-08-17T18:48:05Z,2026-08-17T18:48:05Z,
35.204.24.252,ipv4,malicious-ip,medium,WHITE,ziyadnz/hourly-ipv4,ziyadnz|hourly,2026-08-17T18:48:05Z,2026-08-17T18:48:05Z,
35.205.108.250,ipv4,malicious-ip,medium,WHITE,ziyadnz/hourly-ipv4,ziyadnz|hourly,2026-08-17T18:48:05Z,2026-08-17T18:48:05Z,
35.205.109.181,ipv4,malicious-ip,medium,WHITE,ziyadnz/hourly-ipv4,ziyadnz|hourly,2026-08-17T18:48:05Z,2026-08-17T18:48:05Z,
35.205.111.118,ipv4,malicious-ip,medium,WHITE,ziyadnz/hourly-ipv4,ziyadnz|hourly,2026-08-17T18:48:05Z,2026-08-17T18:48:05Z,
35.205.114.239,ipv4,malicious-ip,medium,WHITE,ziyadnz/hourly-ipv4,ziyadnz|hourly,2026-08-17T18:48:05Z,2026-08-17T18:48:05Z,
35.205.13.7,ipv4,malicious-ip,medium,WHITE,ziyadnz/hourly-ipv4,ziyadnz|hourly,2026-08-17T18:48:05Z,2026-08-17T18:48:05Z,
35.205.131.200,ipv4,malicious-ip,medium,WHITE,ziyadnz/hourly-ipv4,ziyadnz|hourly,2026-08-17T18:48:05Z,2026-08-17T18:48:05Z,
35.205.14.80,ipv4,malicious-ip,medium,WHITE,ziyadnz/hourly-ipv4,ziyadnz|hourly,2026-08-17T18:48:05Z,2026-08-17T18:48:05Z,
35.205.149.20,ipv4,malicious-ip,medium,WHITE,ziyadnz/hourly-ipv4,ziyadnz|hourly,2026-08-17T18:48:05Z,2026-08-17T18:48:05Z,
35.205.15.168,ipv4,malicious-ip,medium,WHITE,ziyadnz/hourly-ipv4,ziyadnz|hourly,2026-08-17T18:48:05Z,2026-08-17T18:48:05Z,
35.205.152.193,ipv4,malicious-ip,medium,WHITE,ziyadnz/hourly-ipv4,ziyadnz|hourly,2026-08-17T18:48:05Z,2026-08-17T18:48:05Z,
35.205.153.229,ipv4,malicious-ip,medium,WHITE,ziyadnz/hourly-ipv4,ziyadnz|hourly,2026-08-17T18:48:05Z,2026-08-17T18:48:05Z,
35.205.16.167,ipv4,malicious-ip,medium,WHITE,ziyadnz/hourly-ipv4,ziyadnz|hourly,2026-08-17T18:48:05Z,2026-08-17T18:48:05Z,
35.205.170.104,ipv4,malicious-ip,medium,WHITE,ziyadnz/hourly-ipv4,ziyadnz|hourly,2026-08-17T18:48:05Z,2026-08-17T18:48:05Z,
35.205.174.149,ipv4,malicious-ip,medium,WHITE,ziyadnz/hourly-ipv4,ziyadnz|hourly,2026-08-17T18:48:05Z,2026-08-17T18:48:05Z,
35.205.180.74,ipv4,malicious-ip,medium,WHITE,ziyadnz/hourly-ipv4,ziyadnz|hourly,2026-08-17T18:48:05Z,2026-08-17T18:48:05Z,
35.205.192.74,ipv4,malicious-ip,medium,WHITE,ziyadnz/hourly-ipv4,ziyadnz|hourly,2026-08-17T18:48:05Z,2026-08-17T18:48:05Z,
35.205.2.121,ipv4,malicious-ip,medium,WHITE,ziyadnz/hourly-ipv4,ziyadnz|hourly,2026-08-17T18:48:05Z,2026-08-17T18:48:05Z,
35.205.200.203,ipv4,malicious-ip,medium,WHITE,ziyadnz/hourly-ipv4,ziyadnz|hourly,2026-08-17T18:48:05Z,2026-08-17T18:48:05Z,
35.205.207.38,ipv4,malicious-ip,medium,WHITE,ziyadnz/hourly-ipv4,ziyadnz|hourly,2026-08-17T18:48:05Z,2026-08-17T18:48:05Z,
35.205.211.238,ipv4,malicious-ip,medium,WHITE,ziyadnz/hourly-ipv4,ziyadnz|hourly,2026-08-17T18:48:05Z,2026-08-17T18:48:05Z,
35.205.217.32,ipv4,malicious-ip,medium,WHITE,ziyadnz/hourly-ipv4,ziyadnz|hourly,2026-08-17T18:48:05Z,2026-08-17T18:48:05Z,
35.205.221.235,ipv4,malicious-ip,medium,WHITE,ziyadnz/hourly-ipv4,ziyadnz|hourly,2026-08-17T18:48:05Z,2026-08-17T18:48:05Z,
35.205.223.50,ipv4,malicious-ip,medium,WHITE,ziyadnz/hourly-ipv4,ziyadnz|hourly,2026-08-17T18:48:05Z,2026-08-17T18:48:05Z,
35.205.225.96,ipv4,malicious-ip,medium,WHITE,ziyadnz/hourly-ipv4,ziyadnz|hourly,2026-08-17T18:48:05Z,2026-08-17T18:48:05Z,
35.205.229.124,ipv4,malicious-ip,medium,WHITE,ziyadnz/hourly-ipv4,ziyadnz|hourly,2026-08-17T18:48:05Z,2026-08-17T18:48:05Z,
35.205.23.175,ipv4,malicious-ip,medium,WHITE,ziyadnz/hourly-ipv4,ziyadnz|hourly,2026-08-17T18:48:05Z,2026-08-17T18:48:05Z,
35.205.231.178,ipv4,malicious-ip,medium,WHITE,ziyadnz/hourly-ipv4,ziyadnz|hourly,2026-08-17T18:48:05Z,2026-08-17T18:48:05Z,
35.205.232.203,ipv4,malicious-ip,medium,WHITE,ziyadnz/hourly-ipv4,ziyadnz|hourly,2026-08-17T18:48:05Z,2026-08-17T18:48:05Z,
35.205.233.197,ipv4,malicious-ip,medium,WHITE,ziyadnz/hourly-ipv4,ziyadnz|hourly,2026-08-17T18:48:05Z,2026-08-17T18:48:05Z,
35.205.235.152,ipv4,malicious-ip,medium,WHITE,ziyadnz/hourly-ipv4,ziyadnz|hourly,2026-08-17T18:48:05Z,2026-08-17T18:48:05Z,
35.205.243.124,ipv4,malicious-ip,medium,WHITE,ziyadnz/hourly-ipv4,ziyadnz|hourly,2026-08-17T18:48:05Z,2026-08-17T18:48:05Z,
35.205.254.202,ipv4,malicious-ip,medium,WHITE,ziyadnz/hourly-ipv4,ziyadnz|hourly,2026-08-17T18:48:05Z,2026-08-17T18:48:05Z,
35.205.29.241,ipv4,malicious-ip,medium,WHITE,ziyadnz/hourly-ipv4,ziyadnz|hourly,2026-08-17T18:48:05Z,2026-08-17T18:48:05Z,
35.205.37.126,ipv4,malicious-ip,medium,WHITE,ziyadnz/hourly-ipv4,ziyadnz|hourly,2026-08-17T18:48:05Z,2026-08-17T18:48:05Z,
35.205.50.183,ipv4,malicious-ip,medium,WHITE,ziyadnz/hourly-ipv4,ziyadnz|hourly,2026-08-17T18:48:05Z,2026-08-17T18:48:05Z,
35.205.54.179,ipv4,malicious-ip,medium,WHITE,ziyadnz/hourly-ipv4,ziyadnz|hourly,2026-08-17T18:48:05Z,2026-08-17T18:48:05Z,
35.205.59.62,ipv4,malicious-ip,medium,WHITE,ziyadnz/hourly-ipv4,ziyadnz|hourly,2026-08-17T18:48:05Z,2026-08-17T18:48:05Z,
35.205.60.73,ipv4,malicious-ip,medium,WHITE,ziyadnz/hourly-ipv4,ziyadnz|hourly,2026-08-17T18:48:05Z,2026-08-17T18:48:05Z,
35.205.70.211,ipv4,malicious-ip,medium,WHITE,ziyadnz/hourly-ipv4,ziyadnz|hourly,2026-08-17T18:48:05Z,2026-08-17T18:48:05Z,
35.205.75.88,ipv4,malicious-ip,medium,WHITE,ziyadnz/hourly-ipv4,ziyadnz|hourly,2026-08-17T18:48:05Z,2026-08-17T18:48:05Z,
35.205.81.255,ipv4,malicious-ip,medium,WHITE,ziyadnz/hourly-ipv4,ziyadnz|hourly,2026-08-17T18:48:05Z,2026-08-17T18:48:05Z,
35.205.82.243,ipv4,malicious-ip,medium,WHITE,ziyadnz/hourly-ipv4,ziyadnz|hourly,2026-08-17T18:48:05Z,2026-08-17T18:48:05Z,
35.205.85.244,ipv4,malicious-ip,medium,WHITE,ziyadnz/hourly-ipv4,ziyadnz|hourly,2026-08-17T18:48:05Z,2026-08-17T18:48:05Z,
35.205.86.222,ipv4,malicious-ip,medium,WHITE,ziyadnz/hourly-ipv4,ziyadnz|hourly,2026-08-17T18:48:05Z,2026-08-17T18:48:05Z,
35.205.92.108,ipv4,malicious-ip,medium,WHITE,ziyadnz/hourly-ipv4,ziyadnz|hourly,2026-08-17T18:48:05Z,2026-08-17T18:48:05Z,
35.208.7.216,ipv4,malicious-ip,medium,WHITE,ziyadnz/hourly-ipv4,ziyadnz|hourly,2026-08-17T18:48:05Z,2026-08-17T18:48:05Z,
35.209.146.224,ipv4,malicious-ip,medium,WHITE,ziyadnz/hourly-ipv4,ziyadnz|hourly,2026-08-17T18:48:05Z,2026-08-17T18:48:05Z,
35.213.122.22,ipv4,malicious-ip,medium,WHITE,ziyadnz/hourly-ipv4,ziyadnz|hourly,2026-08-17T18:48:05Z,2026-08-17T18:48:05Z,
35.213.184.226,ipv4,malicious-ip,medium,WHITE,ziyadnz/hourly-ipv4,ziyadnz|hourly,2026-08-17T18:48:05Z,2026-08-17T18:48:05Z,
35.219.37.131,ipv4,malicious-ip,medium,WHITE,ziyadnz/hourly-ipv4,ziyadnz|hourly,2026-08-17T18:48:05Z,2026-08-17T18:48:05Z,
35.221.132.233,ipv4,malicious-ip,medium,WHITE,ziyadnz/hourly-ipv4,ziyadnz|hourly,2026-08-17T18:48:05Z,2026-08-17T18:48:05Z,
35.221.147.172,ipv4,malicious-ip,medium,WHITE,ziyadnz/hourly-ipv4,ziyadnz|hourly,2026-08-17T18:48:05Z,2026-08-17T18:48:05Z,
35.221.202.171,ipv4,malicious-ip,medium,WHITE,ziyadnz/hourly-ipv4,ziyadnz|hourly,2026-08-17T18:48:05Z,2026-08-17T18:48:05Z,
35.221.21.111,ipv4,malicious-ip,medium,WHITE,ziyadnz/hourly-ipv4,ziyadnz|hourly,2026-08-17T18:48:05Z,2026-08-17T18:48:05Z,
35.221.225.75,ipv4,malicious-ip,medium,WHITE,ziyadnz/hourly-ipv4,ziyadnz|hourly,2026-08-17T18:48:05Z,2026-08-17T18:48:05Z,
35.221.26.68,ipv4,malicious-ip,medium,WHITE,ziyadnz/hourly-ipv4,ziyadnz|hourly,2026-08-17T18:48:05Z,2026-08-17T18:48:05Z,
35.221.33.202,ipv4,malicious-ip,medium,WHITE,ziyadnz/hourly-ipv4,ziyadnz|hourly,2026-08-17T18:48:05Z,2026-08-17T18:48:05Z,
35.221.37.97,ipv4,malicious-ip,medium,WHITE,ziyadnz/hourly-ipv4,ziyadnz|hourly,2026-08-17T18:48:05Z,2026-08-17T18:48:05Z,
35.221.5.154,ipv4,malicious-ip,medium,WHITE,ziyadnz/hourly-ipv4,ziyadnz|hourly,2026-08-17T18:48:05Z,2026-08-17T18:48:05Z,
35.221.51.59,ipv4,malicious-ip,medium,WHITE,ziyadnz/hourly-ipv4,ziyadnz|hourly,2026-08-17T18:48:05Z,2026-08-17T18:48:05Z,
35.221.56.125,ipv4,malicious-ip,medium,WHITE,ziyadnz/hourly-ipv4,ziyadnz|hourly,2026-08-17T18:48:05Z,2026-08-17T18:48:05Z,
35.221.87.155,ipv4,malicious-ip,medium,WHITE,ziyadnz/hourly-ipv4,ziyadnz|hourly,2026-08-17T18:48:05Z,2026-08-17T18:48:05Z,
35.222.41.107,ipv4,malicious-ip,medium,WHITE,ziyadnz/hourly-ipv4,ziyadnz|hourly,2026-08-17T18:48:05Z,2026-08-17T18:48:05Z,
35.223.147.6,ipv4,malicious-ip,medium,WHITE,ziyadnz/hourly-ipv4,ziyadnz|hourly,2026-08-17T18:48:05Z,2026-08-17T18:48:05Z,
35.223.157.96,ipv4,malicious-ip,medium,WHITE,ziyadnz/hourly-ipv4,ziyadnz|hourly,2026-08-17T18:48:05Z,2026-08-17T18:48:05Z,
35.223.197.165,ipv4,malicious-ip,medium,WHITE,ziyadnz/hourly-ipv4,ziyadnz|hourly,2026-08-17T18:48:05Z,2026-08-17T18:48:05Z,
35.223.212.217,ipv4,malicious-ip,medium,WHITE,ziyadnz/hourly-ipv4,ziyadnz|hourly,2026-08-17T18:48:05Z,2026-08-17T18:48:05Z,
35.223.23.88,ipv4,malicious-ip,medium,WHITE,ziyadnz/hourly-ipv4,ziyadnz|hourly,2026-08-17T18:48:05Z,2026-08-17T18:48:05Z,
35.223.74.119,ipv4,malicious-ip,medium,WHITE,ziyadnz/hourly-ipv4,ziyadnz|hourly,2026-08-17T18:48:05Z,2026-08-17T18:48:05Z,
35.223.98.144,ipv4,malicious-ip,medium,WHITE,ziyadnz/hourly-ipv4,ziyadnz|hourly,2026-08-17T18:48:05Z,2026-08-17T18:48:05Z,
35.224.127.57,ipv4,malicious-ip,medium,WHITE,ziyadnz/hourly-ipv4,ziyadnz|hourly,2026-08-17T18:48:05Z,2026-08-17T18:48:05Z,
35.224.134.31,ipv4,malicious-ip,medium,WHITE,ziyadnz/hourly-ipv4,ziyadnz|hourly,2026-08-17T18:48:05Z,2026-08-17T18:48:05Z,
35.224.140.15,ipv4,malicious-ip,medium,WHITE,ziyadnz/hourly-ipv4,ziyadnz|hourly,2026-08-17T18:48:05Z,2026-08-17T18:48:05Z,
35.224.202.65,ipv4,malicious-ip,medium,WHITE,ziyadnz/hourly-ipv4,ziyadnz|hourly,2026-08-17T18:48:05Z,2026-08-17T18:48:05Z,
35.224.213.81,ipv4,malicious-ip,medium,WHITE,ziyadnz/hourly-ipv4,ziyadnz|hourly,2026-08-17T18:48:05Z,2026-08-17T18:48:05Z,
35.224.219.114,ipv4,malicious-ip,medium,WHITE,ziyadnz/hourly-ipv4,ziyadnz|hourly,2026-08-17T18:48:05Z,2026-08-17T18:48:05Z,
35.224.252.102,ipv4,malicious-ip,medium,WHITE,ziyadnz/hourly-ipv4,ziyadnz|hourly,2026-08-17T18:48:05Z,2026-08-17T18:48:05Z,
35.224.30.240,ipv4,malicious-ip,medium,WHITE,ziyadnz/hourly-ipv4,ziyadnz|hourly,2026-08-17T18:48:05Z,2026-08-17T18:48:05Z,
35.225.105.64,ipv4,malicious-ip,medium,WHITE,ziyadnz/hourly-ipv4,ziyadnz|hourly,2026-08-17T18:48:05Z,2026-08-17T18:48:05Z,
35.225.112.85,ipv4,malicious-ip,medium,WHITE,ziyadnz/hourly-ipv4,ziyadnz|hourly,2026-08-17T18:48:05Z,2026-08-17T18:48:05Z,
35.225.143.166,ipv4,malicious-ip,medium,WHITE,ziyadnz/hourly-ipv4,ziyadnz|hourly,2026-08-17T18:48:05Z,2026-08-17T18:48:05Z,
35.225.143.184,ipv4,malicious-ip,medium,WHITE,ziyadnz/hourly-ipv4,ziyadnz|hourly,2026-08-17T18:48:05Z,2026-08-17T18:48:05Z,
35.225.56.202,ipv4,malicious-ip,medium,WHITE,ziyadnz/hourly-ipv4,ziyadnz|hourly,2026-08-17T18:48:05Z,2026-08-17T18:48:05Z,
35.225.65.131,ipv4,malicious-ip,medium,WHITE,ziyadnz/hourly-ipv4,ziyadnz|hourly,2026-08-17T18:48:05Z,2026-08-17T18:48:05Z,
35.226.12.39,ipv4,malicious-ip,medium,WHITE,ziyadnz/hourly-ipv4,ziyadnz|hourly,2026-08-17T18:48:05Z,2026-08-17T18:48:05Z,
35.226.13.101,ipv4,malicious-ip,medium,WHITE,ziyadnz/hourly-ipv4,ziyadnz|hourly,2026-08-17T18:48:05Z,2026-08-17T18:48:05Z,
35.226.183.41,ipv4,malicious-ip,medium,WHITE,ziyadnz/hourly-ipv4,ziyadnz|hourly,2026-08-17T18:48:05Z,2026-08-17T18:48:05Z,
35.226.206.173,ipv4,malicious-ip,medium,WHITE,ziyadnz/hourly-ipv4,ziyadnz|hourly,2026-08-17T18:48:05Z,2026-08-17T18:48:05Z,
35.226.60.112,ipv4,malicious-ip,medium,WHITE,ziyadnz/hourly-ipv4,ziyadnz|hourly,2026-08-17T18:48:05Z,2026-08-17T18:48:05Z,
35.227.111.55,ipv4,malicious-ip,medium,WHITE,ziyadnz/hourly-ipv4,ziyadnz|hourly,2026-08-17T18:48:05Z,2026-08-17T18:48:05Z,
35.227.121.24,ipv4,malicious-ip,medium,WHITE,ziyadnz/hourly-ipv4,ziyadnz|hourly,2026-08-17T18:48:05Z,2026-08-17T18:48:05Z,
35.227.123.56,ipv4,malicious-ip,medium,WHITE,ziyadnz/hourly-ipv4,ziyadnz|hourly,2026-08-17T18:48:05Z,2026-08-17T18:48:05Z,
35.227.191.84,ipv4,malicious-ip,medium,WHITE,ziyadnz/hourly-ipv4,ziyadnz|hourly,2026-08-17T18:48:05Z,2026-08-17T18:48:05Z,
35.227.2.213,ipv4,malicious-ip,medium,WHITE,ziyadnz/hourly-ipv4,ziyadnz|hourly,2026-08-17T18:48:05Z,2026-08-17T18:48:05Z,
35.227.94.141,ipv4,malicious-ip,medium,WHITE,ziyadnz/hourly-ipv4,ziyadnz|hourly,2026-08-17T18:48:05Z,2026-08-17T18:48:05Z,
35.227.94.44,ipv4,malicious-ip,medium,WHITE,ziyadnz/hourly-ipv4,ziyadnz|hourly,2026-08-17T18:48:05Z,2026-08-17T18:48:05Z,
35.228.124.187,ipv4,malicious-ip,medium,WHITE,ziyadnz/hourly-ipv4,ziyadnz|hourly,2026-08-17T18:48:05Z,2026-08-17T18:48:05Z,
35.228.195.197,ipv4,malicious-ip,medium,WHITE,ziyadnz/hourly-ipv4,ziyadnz|hourly,2026-08-17T18:48:05Z,2026-08-17T18:48:05Z,
35.228.237.7,ipv4,malicious-ip,medium,WHITE,ziyadnz/hourly-ipv4,ziyadnz|hourly,2026-08-17T18:48:05Z,2026-08-17T18:48:05Z,
35.229.114.220,ipv4,malicious-ip,medium,WHITE,ziyadnz/hourly-ipv4,ziyadnz|hourly,2026-08-17T18:48:05Z,2026-08-17T18:48:05Z,
35.229.117.217,ipv4,malicious-ip,medium,WHITE,ziyadnz/hourly-ipv4,ziyadnz|hourly,2026-08-17T18:48:05Z,2026-08-17T18:48:05Z,
35.229.117.62,ipv4,malicious-ip,medium,WHITE,ziyadnz/hourly-ipv4,ziyadnz|hourly,2026-08-17T18:48:05Z,2026-08-17T18:48:05Z,
35.229.125.98,ipv4,malicious-ip,medium,WHITE,ziyadnz/hourly-ipv4,ziyadnz|hourly,2026-08-17T18:48:05Z,2026-08-17T18:48:05Z,
35.229.128.140,ipv4,malicious-ip,medium,WHITE,ziyadnz/hourly-ipv4,ziyadnz|hourly,2026-08-17T18:48:05Z,2026-08-17T18:48:05Z,
35.229.135.179,ipv4,malicious-ip,medium,WHITE,ziyadnz/hourly-ipv4,ziyadnz|hourly,2026-08-17T18:48:05Z,2026-08-17T18:48:05Z,
35.229.18.237,ipv4,malicious-ip,medium,WHITE,ziyadnz/hourly-ipv4,ziyadnz|hourly,2026-08-17T18:48:05Z,2026-08-17T18:48:05Z,
35.229.192.135,ipv4,malicious-ip,medium,WHITE,ziyadnz/hourly-ipv4,ziyadnz|hourly,2026-08-17T18:48:05Z,2026-08-17T18:48:05Z,
35.229.195.158,ipv4,malicious-ip,medium,WHITE,ziyadnz/hourly-ipv4,ziyadnz|hourly,2026-08-17T18:48:05Z,2026-08-17T18:48:05Z,
35.229.231.9,ipv4,malicious-ip,medium,WHITE,ziyadnz/hourly-ipv4,ziyadnz|hourly,2026-08-17T18:48:05Z,2026-08-17T18:48:05Z,
35.229.25.96,ipv4,malicious-ip,medium,WHITE,ziyadnz/hourly-ipv4,ziyadnz|hourly,2026-08-17T18:48:05Z,2026-08-17T18:48:05Z,
35.229.47.202,ipv4,malicious-ip,medium,WHITE,ziyadnz/hourly-ipv4,ziyadnz|hourly,2026-08-17T18:48:05Z,2026-08-17T18:48:05Z,
35.229.49.143,ipv4,malicious-ip,medium,WHITE,ziyadnz/hourly-ipv4,ziyadnz|hourly,2026-08-17T18:48:05Z,2026-08-17T18:48:05Z,
35.229.54.50,ipv4,malicious-ip,medium,WHITE,ziyadnz/hourly-ipv4,ziyadnz|hourly,2026-08-17T18:48:05Z,2026-08-17T18:48:05Z,
35.229.65.31,ipv4,malicious-ip,medium,WHITE,ziyadnz/hourly-ipv4,ziyadnz|hourly,2026-08-17T18:48:05Z,2026-08-17T18:48:05Z,
35.229.71.166,ipv4,malicious-ip,medium,WHITE,ziyadnz/hourly-ipv4,ziyadnz|hourly,2026-08-17T18:48:05Z,2026-08-17T18:48:05Z,
35.230.14.129,ipv4,malicious-ip,medium,WHITE,ziyadnz/hourly-ipv4,ziyadnz|hourly,2026-08-17T18:48:05Z,2026-08-17T18:48:05Z,
35.230.160.236,ipv4,malicious-ip,medium,WHITE,ziyadnz/hourly-ipv4,ziyadnz|hourly,2026-08-17T18:48:05Z,2026-08-17T18:48:05Z,
35.230.3.133,ipv4,malicious-ip,medium,WHITE,ziyadnz/hourly-ipv4,ziyadnz|hourly,2026-08-17T18:48:05Z,2026-08-17T18:48:05Z,
35.230.35.98,ipv4,malicious-ip,medium,WHITE,ziyadnz/hourly-ipv4,ziyadnz|hourly,2026-08-17T18:48:05Z,2026-08-17T18:48:05Z,
35.230.90.186,ipv4,malicious-ip,medium,WHITE,ziyadnz/hourly-ipv4,ziyadnz|hourly,2026-08-17T18:48:05Z,2026-08-17T18:48:05Z,
35.231.107.187,ipv4,malicious-ip,medium,WHITE,ziyadnz/hourly-ipv4,ziyadnz|hourly,2026-08-17T18:48:05Z,2026-08-17T18:48:05Z,
35.231.114.26,ipv4,malicious-ip,medium,WHITE,ziyadnz/hourly-ipv4,ziyadnz|hourly,2026-08-17T18:48:05Z,2026-08-17T18:48:05Z,
35.231.130.249,ipv4,malicious-ip,medium,WHITE,ziyadnz/hourly-ipv4,ziyadnz|hourly,2026-08-17T18:48:05Z,2026-08-17T18:48:05Z,
35.231.15.10,ipv4,malicious-ip,medium,WHITE,ziyadnz/hourly-ipv4,ziyadnz|hourly,2026-08-17T18:48:05Z,2026-08-17T18:48:05Z,
35.231.160.149,ipv4,malicious-ip,medium,WHITE,ziyadnz/hourly-ipv4,ziyadnz|hourly,2026-08-17T18:48:05Z,2026-08-17T18:48:05Z,
35.231.182.99,ipv4,malicious-ip,medium,WHITE,ziyadnz/hourly-ipv4,ziyadnz|hourly,2026-08-17T18:48:05Z,2026-08-17T18:48:05Z,
35.231.184.141,ipv4,malicious-ip,medium,WHITE,ziyadnz/hourly-ipv4,ziyadnz|hourly,2026-08-17T18:48:05Z,2026-08-17T18:48:05Z,
35.231.232.118,ipv4,malicious-ip,medium,WHITE,ziyadnz/hourly-ipv4,ziyadnz|hourly,2026-08-17T18:48:05Z,2026-08-17T18:48:05Z,
35.231.40.23,ipv4,malicious-ip,medium,WHITE,ziyadnz/hourly-ipv4,ziyadnz|hourly,2026-08-17T18:48:05Z,2026-08-17T18:48:05Z,
35.231.41.225,ipv4,malicious-ip,medium,WHITE,ziyadnz/hourly-ipv4,ziyadnz|hourly,2026-08-17T18:48:05Z,2026-08-17T18:48:05Z,
35.231.49.114,ipv4,malicious-ip,medium,WHITE,ziyadnz/hourly-ipv4,ziyadnz|hourly,2026-08-17T18:48:05Z,2026-08-17T18:48:05Z,
35.231.51.32,ipv4,malicious-ip,medium,WHITE,ziyadnz/hourly-ipv4,ziyadnz|hourly,2026-08-17T18:48:05Z,2026-08-17T18:48:05Z,
35.231.74.47,ipv4,malicious-ip,medium,WHITE,ziyadnz/hourly-ipv4,ziyadnz|hourly,2026-08-17T18:48:05Z,2026-08-17T18:48:05Z,
35.231.99.1,ipv4,malicious-ip,medium,WHITE,ziyadnz/hourly-ipv4,ziyadnz|hourly,2026-08-17T18:48:05Z,2026-08-17T18:48:05Z,
35.231.99.244,ipv4,malicious-ip,medium,WHITE,ziyadnz/hourly-ipv4,ziyadnz|hourly,2026-08-17T18:48:05Z,2026-08-17T18:48:05Z,
35.232.100.64,ipv4,malicious-ip,medium,WHITE,ziyadnz/hourly-ipv4,ziyadnz|hourly,2026-08-17T18:48:05Z,2026-08-17T18:48:05Z,
35.232.215.74,ipv4,malicious-ip,medium,WHITE,ziyadnz/hourly-ipv4,ziyadnz|hourly,2026-08-17T18:48:05Z,2026-08-17T18:48:05Z,
35.233.0.191,ipv4,malicious-ip,medium,WHITE,ziyadnz/hourly-ipv4,ziyadnz|hourly,2026-08-17T18:48:05Z,2026-08-17T18:48:05Z,
35.233.10.140,ipv4,malicious-ip,medium,WHITE,ziyadnz/hourly-ipv4,ziyadnz|hourly,2026-08-17T18:48:05Z,2026-08-17T18:48:05Z,
35.233.106.226,ipv4,malicious-ip,medium,WHITE,ziyadnz/hourly-ipv4,ziyadnz|hourly,2026-08-17T18:48:05Z,2026-08-17T18:48:05Z,
35.233.106.244,ipv4,malicious-ip,medium,WHITE,ziyadnz/hourly-ipv4,ziyadnz|hourly,2026-08-17T18:48:05Z,2026-08-17T18:48:05Z,
35.233.12.28,ipv4,malicious-ip,medium,WHITE,ziyadnz/hourly-ipv4,ziyadnz|hourly,2026-08-17T18:48:05Z,2026-08-17T18:48:05Z,
35.233.120.136,ipv4,malicious-ip,medium,WHITE,ziyadnz/hourly-ipv4,ziyadnz|hourly,2026-08-17T18:48:05Z,2026-08-17T18:48:05Z,
35.233.13.82,ipv4,malicious-ip,medium,WHITE,ziyadnz/hourly-ipv4,ziyadnz|hourly,2026-08-17T18:48:05Z,2026-08-17T18:48:05Z,
35.233.143.98,ipv4,malicious-ip,medium,WHITE,ziyadnz/hourly-ipv4,ziyadnz|hourly,2026-08-17T18:48:05Z,2026-08-17T18:48:05Z,
35.233.149.97,ipv4,malicious-ip,medium,WHITE,ziyadnz/hourly-ipv4,ziyadnz|hourly,2026-08-17T18:48:05Z,2026-08-17T18:48:05Z,
35.233.157.147,ipv4,malicious-ip,medium,WHITE,ziyadnz/hourly-ipv4,ziyadnz|hourly,2026-08-17T18:48:05Z,2026-08-17T18:48:05Z,
35.233.18.38,ipv4,malicious-ip,medium,WHITE,ziyadnz/hourly-ipv4,ziyadnz|hourly,2026-08-17T18:48:05Z,2026-08-17T18:48:05Z,
35.233.19.91,ipv4,malicious-ip,medium,WHITE,ziyadnz/hourly-ipv4,ziyadnz|hourly,2026-08-17T18:48:05Z,2026-08-17T18:48:05Z,
35.233.20.175,ipv4,malicious-ip,medium,WHITE,ziyadnz/hourly-ipv4,ziyadnz|hourly,2026-08-17T18:48:05Z,2026-08-17T18:48:05Z,
35.233.208.61,ipv4,malicious-ip,medium,WHITE,ziyadnz/hourly-ipv4,ziyadnz|hourly,2026-08-17T18:48:05Z,2026-08-17T18:48:05Z,
35.233.218.177,ipv4,malicious-ip,medium,WHITE,ziyadnz/hourly-ipv4,ziyadnz|hourly,2026-08-17T18:48:05Z,2026-08-17T18:48:05Z,
35.233.224.183,ipv4,malicious-ip,medium,WHITE,ziyadnz/hourly-ipv4,ziyadnz|hourly,2026-08-17T18:48:05Z,2026-08-17T18:48:05Z,
35.233.230.52,ipv4,malicious-ip,medium,WHITE,ziyadnz/hourly-ipv4,ziyadnz|hourly,2026-08-17T18:48:05Z,2026-08-17T18:48:05Z,
35.233.231.69,ipv4,malicious-ip,medium,WHITE,ziyadnz/hourly-ipv4,ziyadnz|hourly,2026-08-17T18:48:05Z,2026-08-17T18:48:05Z,
35.233.237.2,ipv4,malicious-ip,medium,WHITE,ziyadnz/hourly-ipv4,ziyadnz|hourly,2026-08-17T18:48:05Z,2026-08-17T18:48:05Z,
35.233.27.234,ipv4,malicious-ip,medium,WHITE,ziyadnz/hourly-ipv4,ziyadnz|hourly,2026-08-17T18:48:05Z,2026-08-17T18:48:05Z,
35.233.3.160,ipv4,malicious-ip,medium,WHITE,ziyadnz/hourly-ipv4,ziyadnz|hourly,2026-08-17T18:48:05Z,2026-08-17T18:48:05Z,
35.233.31.128,ipv4,malicious-ip,medium,WHITE,ziyadnz/hourly-ipv4,ziyadnz|hourly,2026-08-17T18:48:05Z,2026-08-17T18:48:05Z,
35.233.32.23,ipv4,malicious-ip,medium,WHITE,ziyadnz/hourly-ipv4,ziyadnz|hourly,2026-08-17T18:48:05Z,2026-08-17T18:48:05Z,
35.233.45.134,ipv4,malicious-ip,medium,WHITE,ziyadnz/hourly-ipv4,ziyadnz|hourly,2026-08-17T18:48:05Z,2026-08-17T18:48:05Z,
35.233.48.243,ipv4,malicious-ip,medium,WHITE,ziyadnz/hourly-ipv4,ziyadnz|hourly,2026-08-17T18:48:05Z,2026-08-17T18:48:05Z,
35.233.51.125,ipv4,malicious-ip,medium,WHITE,ziyadnz/hourly-ipv4,ziyadnz|hourly,2026-08-17T18:48:05Z,2026-08-17T18:48:05Z,
35.233.54.57,ipv4,malicious-ip,medium,WHITE,ziyadnz/hourly-ipv4,ziyadnz|hourly,2026-08-17T18:48:05Z,2026-08-17T18:48:05Z,
35.233.57.29,ipv4,malicious-ip,medium,WHITE,ziyadnz/hourly-ipv4,ziyadnz|hourly,2026-08-17T18:48:05Z,2026-08-17T18:48:05Z,
35.233.64.180,ipv4,malicious-ip,medium,WHITE,ziyadnz/hourly-ipv4,ziyadnz|hourly,2026-08-17T18:48:05Z,2026-08-17T18:48:05Z,
35.233.68.241,ipv4,malicious-ip,medium,WHITE,ziyadnz/hourly-ipv4,ziyadnz|hourly,2026-08-17T18:48:05Z,2026-08-17T18:48:05Z,
35.233.69.172,ipv4,malicious-ip,medium,WHITE,ziyadnz/hourly-ipv4,ziyadnz|hourly,2026-08-17T18:48:05Z,2026-08-17T18:48:05Z,
35.233.69.31,ipv4,malicious-ip,medium,WHITE,ziyadnz/hourly-ipv4,ziyadnz|hourly,2026-08-17T18:48:05Z,2026-08-17T18:48:05Z,
35.233.84.209,ipv4,malicious-ip,medium,WHITE,ziyadnz/hourly-ipv4,ziyadnz|hourly,2026-08-17T18:48:05Z,2026-08-17T18:48:05Z,
35.234.165.129,ipv4,malicious-ip,medium,WHITE,ziyadnz/hourly-ipv4,ziyadnz|hourly,2026-08-17T18:48:05Z,2026-08-17T18:48:05Z,
35.234.173.128,ipv4,malicious-ip,medium,WHITE,ziyadnz/hourly-ipv4,ziyadnz|hourly,2026-08-17T18:48:05Z,2026-08-17T18:48:05Z,
35.234.178.56,ipv4,malicious-ip,medium,WHITE,ziyadnz/hourly-ipv4,ziyadnz|hourly,2026-08-17T18:48:05Z,2026-08-17T18:48:05Z,
35.234.186.76,ipv4,malicious-ip,medium,WHITE,ziyadnz/hourly-ipv4,ziyadnz|hourly,2026-08-17T18:48:05Z,2026-08-17T18:48:05Z,
35.234.187.3,ipv4,malicious-ip,medium,WHITE,ziyadnz/hourly-ipv4,ziyadnz|hourly,2026-08-17T18:48:05Z,2026-08-17T18:48:05Z,
35.235.81.47,ipv4,malicious-ip,medium,WHITE,ziyadnz/hourly-ipv4,ziyadnz|hourly,2026-08-17T18:48:05Z,2026-08-17T18:48:05Z,
35.236.158.226,ipv4,malicious-ip,medium,WHITE,ziyadnz/hourly-ipv4,ziyadnz|hourly,2026-08-17T18:48:05Z,2026-08-17T18:48:05Z,
35.236.208.149,ipv4,malicious-ip,medium,WHITE,ziyadnz/hourly-ipv4,ziyadnz|hourly,2026-08-17T18:48:05Z,2026-08-17T18:48:05Z,
35.236.210.32,ipv4,malicious-ip,medium,WHITE,ziyadnz/hourly-ipv4,ziyadnz|hourly,2026-08-17T18:48:05Z,2026-08-17T18:48:05Z,
35.236.227.190,ipv4,malicious-ip,medium,WHITE,ziyadnz/hourly-ipv4,ziyadnz|hourly,2026-08-17T18:48:05Z,2026-08-17T18:48:05Z,
35.236.227.69,ipv4,malicious-ip,medium,WHITE,ziyadnz/hourly-ipv4,ziyadnz|hourly,2026-08-17T18:48:05Z,2026-08-17T18:48:05Z,
35.236.240.85,ipv4,malicious-ip,medium,WHITE,ziyadnz/hourly-ipv4,ziyadnz|hourly,2026-08-17T18:48:05Z,2026-08-17T18:48:05Z,
35.236.251.108,ipv4,malicious-ip,medium,WHITE,ziyadnz/hourly-ipv4,ziyadnz|hourly,2026-08-17T18:48:05Z,2026-08-17T18:48:05Z,
35.237.119.196,ipv4,malicious-ip,medium,WHITE,ziyadnz/hourly-ipv4,ziyadnz|hourly,2026-08-17T18:48:05Z,2026-08-17T18:48:05Z,
35.237.121.98,ipv4,malicious-ip,medium,WHITE,ziyadnz/hourly-ipv4,ziyadnz|hourly,2026-08-17T18:48:05Z,2026-08-17T18:48:05Z,
35.237.141.132,ipv4,malicious-ip,medium,WHITE,ziyadnz/hourly-ipv4,ziyadnz|hourly,2026-08-17T18:48:05Z,2026-08-17T18:48:05Z,
35.237.152.221,ipv4,malicious-ip,medium,WHITE,ziyadnz/hourly-ipv4,ziyadnz|hourly,2026-08-17T18:48:05Z,2026-08-17T18:48:05Z,
35.237.167.70,ipv4,malicious-ip,medium,WHITE,ziyadnz/hourly-ipv4,ziyadnz|hourly,2026-08-17T18:48:05Z,2026-08-17T18:48:05Z,
35.237.17.12,ipv4,malicious-ip,medium,WHITE,ziyadnz/hourly-ipv4,ziyadnz|hourly,2026-08-17T18:48:05Z,2026-08-17T18:48:05Z,
35.237.183.9,ipv4,malicious-ip,medium,WHITE,ziyadnz/hourly-ipv4,ziyadnz|hourly,2026-08-17T18:48:05Z,2026-08-17T18:48:05Z,
35.237.194.69,ipv4,malicious-ip,medium,WHITE,ziyadnz/hourly-ipv4,ziyadnz|hourly,2026-08-17T18:48:05Z,2026-08-17T18:48:05Z,
35.237.230.39,ipv4,malicious-ip,medium,WHITE,ziyadnz/hourly-ipv4,ziyadnz|hourly,2026-08-17T18:48:05Z,2026-08-17T18:48:05Z,
35.237.233.102,ipv4,malicious-ip,medium,WHITE,ziyadnz/hourly-ipv4,ziyadnz|hourly,2026-08-17T18:48:05Z,2026-08-17T18:48:05Z,
35.237.247.224,ipv4,malicious-ip,medium,WHITE,ziyadnz/hourly-ipv4,ziyadnz|hourly,2026-08-17T18:48:05Z,2026-08-17T18:48:05Z,
35.237.27.192,ipv4,malicious-ip,medium,WHITE,ziyadnz/hourly-ipv4,ziyadnz|hourly,2026-08-17T18:48:05Z,2026-08-17T18:48:05Z,
35.237.37.97,ipv4,malicious-ip,medium,WHITE,ziyadnz/hourly-ipv4,ziyadnz|hourly,2026-08-17T18:48:05Z,2026-08-17T18:48:05Z,
35.237.45.179,ipv4,malicious-ip,medium,WHITE,ziyadnz/hourly-ipv4,ziyadnz|hourly,2026-08-17T18:48:05Z,2026-08-17T18:48:05Z,
35.237.65.195,ipv4,malicious-ip,medium,WHITE,ziyadnz/hourly-ipv4,ziyadnz|hourly,2026-08-17T18:48:05Z,2026-08-17T18:48:05Z,
35.237.69.186,ipv4,malicious-ip,medium,WHITE,ziyadnz/hourly-ipv4,ziyadnz|hourly,2026-08-17T18:48:05Z,2026-08-17T18:48:05Z,
35.237.76.237,ipv4,malicious-ip,medium,WHITE,ziyadnz/hourly-ipv4,ziyadnz|hourly,2026-08-17T18:48:05Z,2026-08-17T18:48:05Z,
35.237.93.174,ipv4,malicious-ip,medium,WHITE,ziyadnz/hourly-ipv4,ziyadnz|hourly,2026-08-17T18:48:05Z,2026-08-17T18:48:05Z,
35.238.131.47,ipv4,malicious-ip,medium,WHITE,ziyadnz/hourly-ipv4,ziyadnz|hourly,2026-08-17T18:48:05Z,2026-08-17T18:48:05Z,
35.238.134.61,ipv4,malicious-ip,medium,WHITE,ziyadnz/hourly-ipv4,ziyadnz|hourly,2026-08-17T18:48:05Z,2026-08-17T18:48:05Z,
35.238.170.100,ipv4,malicious-ip,medium,WHITE,ziyadnz/hourly-ipv4,ziyadnz|hourly,2026-08-17T18:48:05Z,2026-08-17T18:48:05Z,
35.238.184.168,ipv4,malicious-ip,medium,WHITE,ziyadnz/hourly-ipv4,ziyadnz|hourly,2026-08-17T18:48:05Z,2026-08-17T18:48:05Z,
35.239.1.211,ipv4,malicious-ip,medium,WHITE,ziyadnz/hourly-ipv4,ziyadnz|hourly,2026-08-17T18:48:05Z,2026-08-17T18:48:05Z,
35.239.202.235,ipv4,malicious-ip,medium,WHITE,ziyadnz/hourly-ipv4,ziyadnz|hourly,2026-08-17T18:48:05Z,2026-08-17T18:48:05Z,
35.239.48.204,ipv4,malicious-ip,medium,WHITE,ziyadnz/hourly-ipv4,ziyadnz|hourly,2026-08-17T18:48:05Z,2026-08-17T18:48:05Z,
35.239.84.11,ipv4,malicious-ip,medium,WHITE,ziyadnz/hourly-ipv4,ziyadnz|hourly,2026-08-17T18:48:05Z,2026-08-17T18:48:05Z,
35.240.0.139,ipv4,malicious-ip,medium,WHITE,ziyadnz/hourly-ipv4,ziyadnz|hourly,2026-08-17T18:48:05Z,2026-08-17T18:48:05Z,
35.240.101.182,ipv4,malicious-ip,medium,WHITE,ziyadnz/hourly-ipv4,ziyadnz|hourly,2026-08-17T18:48:05Z,2026-08-17T18:48:05Z,
35.240.111.199,ipv4,malicious-ip,medium,WHITE,ziyadnz/hourly-ipv4,ziyadnz|hourly,2026-08-17T18:48:05Z,2026-08-17T18:48:05Z,
35.240.148.124,ipv4,malicious-ip,medium,WHITE,ziyadnz/hourly-ipv4,ziyadnz|hourly,2026-08-17T18:48:05Z,2026-08-17T18:48:05Z,
35.240.15.231,ipv4,malicious-ip,medium,WHITE,ziyadnz/hourly-ipv4,ziyadnz|hourly,2026-08-17T18:48:05Z,2026-08-17T18:48:05Z,
35.240.18.72,ipv4,malicious-ip,medium,WHITE,ziyadnz/hourly-ipv4,ziyadnz|hourly,2026-08-17T18:48:05Z,2026-08-17T18:48:05Z,
35.240.20.20,ipv4,malicious-ip,medium,WHITE,ziyadnz/hourly-ipv4,ziyadnz|hourly,2026-08-17T18:48:05Z,2026-08-17T18:48:05Z,
35.240.211.164,ipv4,malicious-ip,medium,WHITE,ziyadnz/hourly-ipv4,ziyadnz|hourly,2026-08-17T18:48:05Z,2026-08-17T18:48:05Z,
35.240.27.66,ipv4,malicious-ip,medium,WHITE,ziyadnz/hourly-ipv4,ziyadnz|hourly,2026-08-17T18:48:05Z,2026-08-17T18:48:05Z,
35.240.28.130,ipv4,malicious-ip,medium,WHITE,ziyadnz/hourly-ipv4,ziyadnz|hourly,2026-08-17T18:48:05Z,2026-08-17T18:48:05Z,
35.240.28.203,ipv4,malicious-ip,medium,WHITE,ziyadnz/hourly-ipv4,ziyadnz|hourly,2026-08-17T18:48:05Z,2026-08-17T18:48:05Z,
35.240.29.20,ipv4,malicious-ip,medium,WHITE,ziyadnz/hourly-ipv4,ziyadnz|hourly,2026-08-17T18:48:05Z,2026-08-17T18:48:05Z,
35.240.38.246,ipv4,malicious-ip,medium,WHITE,ziyadnz/hourly-ipv4,ziyadnz|hourly,2026-08-17T18:48:05Z,2026-08-17T18:48:05Z,
35.240.4.249,ipv4,malicious-ip,medium,WHITE,ziyadnz/hourly-ipv4,ziyadnz|hourly,2026-08-17T18:48:05Z,2026-08-17T18:48:05Z,
35.240.42.254,ipv4,malicious-ip,medium,WHITE,ziyadnz/hourly-ipv4,ziyadnz|hourly,2026-08-17T18:48:05Z,2026-08-17T18:48:05Z,
35.240.47.5,ipv4,malicious-ip,medium,WHITE,ziyadnz/hourly-ipv4,ziyadnz|hourly,2026-08-17T18:48:05Z,2026-08-17T18:48:05Z,
35.240.50.216,ipv4,malicious-ip,medium,WHITE,ziyadnz/hourly-ipv4,ziyadnz|hourly,2026-08-17T18:48:05Z,2026-08-17T18:48:05Z,
35.240.53.110,ipv4,malicious-ip,medium,WHITE,ziyadnz/hourly-ipv4,ziyadnz|hourly,2026-08-17T18:48:05Z,2026-08-17T18:48:05Z,
35.240.55.230,ipv4,malicious-ip,medium,WHITE,ziyadnz/hourly-ipv4,ziyadnz|hourly,2026-08-17T18:48:05Z,2026-08-17T18:48:05Z,
35.240.55.6,ipv4,malicious-ip,medium,WHITE,ziyadnz/hourly-ipv4,ziyadnz|hourly,2026-08-17T18:48:05Z,2026-08-17T18:48:05Z,
35.240.57.59,ipv4,malicious-ip,medium,WHITE,ziyadnz/hourly-ipv4,ziyadnz|hourly,2026-08-17T18:48:05Z,2026-08-17T18:48:05Z,
35.240.59.95,ipv4,malicious-ip,medium,WHITE,ziyadnz/hourly-ipv4,ziyadnz|hourly,2026-08-17T18:48:05Z,2026-08-17T18:48:05Z,
35.240.70.252,ipv4,malicious-ip,medium,WHITE,ziyadnz/hourly-ipv4,ziyadnz|hourly,2026-08-17T18:48:05Z,2026-08-17T18:48:05Z,
35.240.75.51,ipv4,malicious-ip,medium,WHITE,ziyadnz/hourly-ipv4,ziyadnz|hourly,2026-08-17T18:48:05Z,2026-08-17T18:48:05Z,
35.240.79.171,ipv4,malicious-ip,medium,WHITE,ziyadnz/hourly-ipv4,ziyadnz|hourly,2026-08-17T18:48:05Z,2026-08-17T18:48:05Z,
35.240.83.204,ipv4,malicious-ip,medium,WHITE,ziyadnz/hourly-ipv4,ziyadnz|hourly,2026-08-17T18:48:05Z,2026-08-17T18:48:05Z,
35.240.83.224,ipv4,malicious-ip,medium,WHITE,ziyadnz/hourly-ipv4,ziyadnz|hourly,2026-08-17T18:48:05Z,2026-08-17T18:48:05Z,
35.240.9.101,ipv4,malicious-ip,medium,WHITE,ziyadnz/hourly-ipv4,ziyadnz|hourly,2026-08-17T18:48:05Z,2026-08-17T18:48:05Z,
35.240.97.242,ipv4,malicious-ip,medium,WHITE,ziyadnz/hourly-ipv4,ziyadnz|hourly,2026-08-17T18:48:05Z,2026-08-17T18:48:05Z,
35.241.124.118,ipv4,malicious-ip,medium,WHITE,ziyadnz/hourly-ipv4,ziyadnz|hourly,2026-08-17T18:48:05Z,2026-08-17T18:48:05Z,
35.241.136.156,ipv4,malicious-ip,medium,WHITE,ziyadnz/hourly-ipv4,ziyadnz|hourly,2026-08-17T18:48:05Z,2026-08-17T18:48:05Z,
35.241.144.126,ipv4,malicious-ip,medium,WHITE,ziyadnz/hourly-ipv4,ziyadnz|hourly,2026-08-17T18:48:05Z,2026-08-17T18:48:05Z,
35.241.160.144,ipv4,malicious-ip,medium,WHITE,ziyadnz/hourly-ipv4,ziyadnz|hourly,2026-08-17T18:48:05Z,2026-08-17T18:48:05Z,
35.241.170.38,ipv4,malicious-ip,medium,WHITE,ziyadnz/hourly-ipv4,ziyadnz|hourly,2026-08-17T18:48:05Z,2026-08-17T18:48:05Z,
35.241.172.118,ipv4,malicious-ip,medium,WHITE,ziyadnz/hourly-ipv4,ziyadnz|hourly,2026-08-17T18:48:05Z,2026-08-17T18:48:05Z,
35.241.174.223,ipv4,malicious-ip,medium,WHITE,ziyadnz/hourly-ipv4,ziyadnz|hourly,2026-08-17T18:48:05Z,2026-08-17T18:48:05Z,
35.241.206.51,ipv4,malicious-ip,medium,WHITE,ziyadnz/hourly-ipv4,ziyadnz|hourly,2026-08-17T18:48:05Z,2026-08-17T18:48:05Z,
35.241.211.215,ipv4,malicious-ip,medium,WHITE,ziyadnz/hourly-ipv4,ziyadnz|hourly,2026-08-17T18:48:05Z,2026-08-17T18:48:05Z,
35.241.215.154,ipv4,malicious-ip,medium,WHITE,ziyadnz/hourly-ipv4,ziyadnz|hourly,2026-08-17T18:48:05Z,2026-08-17T18:48:05Z,
35.241.236.5,ipv4,malicious-ip,medium,WHITE,ziyadnz/hourly-ipv4,ziyadnz|hourly,2026-08-17T18:48:05Z,2026-08-17T18:48:05Z,
35.241.251.33,ipv4,malicious-ip,medium,WHITE,ziyadnz/hourly-ipv4,ziyadnz|hourly,2026-08-17T18:48:05Z,2026-08-17T18:48:05Z,
35.241.252.185,ipv4,malicious-ip,medium,WHITE,ziyadnz/hourly-ipv4,ziyadnz|hourly,2026-08-17T18:48:05Z,2026-08-17T18:48:05Z,
35.241.255.58,ipv4,malicious-ip,medium,WHITE,ziyadnz/hourly-ipv4,ziyadnz|hourly,2026-08-17T18:48:05Z,2026-08-17T18:48:05Z,
35.243.117.99,ipv4,malicious-ip,medium,WHITE,ziyadnz/hourly-ipv4,ziyadnz|hourly,2026-08-17T18:48:05Z,2026-08-17T18:48:05Z,
35.243.129.97,ipv4,malicious-ip,medium,WHITE,ziyadnz/hourly-ipv4,ziyadnz|hourly,2026-08-17T18:48:05Z,2026-08-17T18:48:05Z,
35.243.137.193,ipv4,malicious-ip,medium,WHITE,ziyadnz/hourly-ipv4,ziyadnz|hourly,2026-08-17T18:48:05Z,2026-08-17T18:48:05Z,
35.243.156.65,ipv4,malicious-ip,medium,WHITE,ziyadnz/hourly-ipv4,ziyadnz|hourly,2026-08-17T18:48:05Z,2026-08-17T18:48:05Z,
35.243.164.109,ipv4,malicious-ip,medium,WHITE,ziyadnz/hourly-ipv4,ziyadnz|hourly,2026-08-17T18:48:05Z,2026-08-17T18:48:05Z,
35.243.164.230,ipv4,malicious-ip,medium,WHITE,ziyadnz/hourly-ipv4,ziyadnz|hourly,2026-08-17T18:48:05Z,2026-08-17T18:48:05Z,
35.243.178.94,ipv4,malicious-ip,medium,WHITE,ziyadnz/hourly-ipv4,ziyadnz|hourly,2026-08-17T18:48:05Z,2026-08-17T18:48:05Z,
35.243.183.114,ipv4,malicious-ip,medium,WHITE,ziyadnz/hourly-ipv4,ziyadnz|hourly,2026-08-17T18:48:05Z,2026-08-17T18:48:05Z,
35.243.184.236,ipv4,malicious-ip,medium,WHITE,ziyadnz/hourly-ipv4,ziyadnz|hourly,2026-08-17T18:48:05Z,2026-08-17T18:48:05Z,
35.243.187.165,ipv4,malicious-ip,medium,WHITE,ziyadnz/hourly-ipv4,ziyadnz|hourly,2026-08-17T18:48:05Z,2026-08-17T18:48:05Z,
35.243.191.20,ipv4,malicious-ip,medium,WHITE,ziyadnz/hourly-ipv4,ziyadnz|hourly,2026-08-17T18:48:05Z,2026-08-17T18:48:05Z,
35.243.209.227,ipv4,malicious-ip,medium,WHITE,ziyadnz/hourly-ipv4,ziyadnz|hourly,2026-08-17T18:48:05Z,2026-08-17T18:48:05Z,
35.243.222.225,ipv4,malicious-ip,medium,WHITE,ziyadnz/hourly-ipv4,ziyadnz|hourly,2026-08-17T18:48:05Z,2026-08-17T18:48:05Z,
35.243.230.174,ipv4,malicious-ip,medium,WHITE,ziyadnz/hourly-ipv4,ziyadnz|hourly,2026-08-17T18:48:05Z,2026-08-17T18:48:05Z,
35.243.238.62,ipv4,malicious-ip,medium,WHITE,ziyadnz/hourly-ipv4,ziyadnz|hourly,2026-08-17T18:48:05Z,2026-08-17T18:48:05Z,
35.243.40.70,ipv4,malicious-ip,medium,WHITE,ziyadnz/hourly-ipv4,ziyadnz|hourly,2026-08-17T18:48:05Z,2026-08-17T18:48:05Z,
35.244.32.91,ipv4,malicious-ip,medium,WHITE,ziyadnz/hourly-ipv4,ziyadnz|hourly,2026-08-17T18:48:05Z,2026-08-17T18:48:05Z,
35.245.101.140,ipv4,malicious-ip,medium,WHITE,ziyadnz/hourly-ipv4,ziyadnz|hourly,2026-08-17T18:48:05Z,2026-08-17T18:48:05Z,
35.245.112.182,ipv4,malicious-ip,medium,WHITE,ziyadnz/hourly-ipv4,ziyadnz|hourly,2026-08-17T18:48:05Z,2026-08-17T18:48:05Z,
35.245.123.23,ipv4,malicious-ip,medium,WHITE,ziyadnz/hourly-ipv4,ziyadnz|hourly,2026-08-17T18:48:05Z,2026-08-17T18:48:05Z,
35.245.130.107,ipv4,malicious-ip,medium,WHITE,ziyadnz/hourly-ipv4,ziyadnz|hourly,2026-08-17T18:48:05Z,2026-08-17T18:48:05Z,
35.245.156.216,ipv4,malicious-ip,medium,WHITE,ziyadnz/hourly-ipv4,ziyadnz|hourly,2026-08-17T18:48:05Z,2026-08-17T18:48:05Z,
35.245.160.49,ipv4,malicious-ip,medium,WHITE,ziyadnz/hourly-ipv4,ziyadnz|hourly,2026-08-17T18:48:05Z,2026-08-17T18:48:05Z,
35.245.166.177,ipv4,malicious-ip,medium,WHITE,ziyadnz/hourly-ipv4,ziyadnz|hourly,2026-08-17T18:48:05Z,2026-08-17T18:48:05Z,
35.245.175.247,ipv4,malicious-ip,medium,WHITE,ziyadnz/hourly-ipv4,ziyadnz|hourly,2026-08-17T18:48:05Z,2026-08-17T18:48:05Z,
35.245.184.114,ipv4,malicious-ip,medium,WHITE,ziyadnz/hourly-ipv4,ziyadnz|hourly,2026-08-17T18:48:05Z,2026-08-17T18:48:05Z,
35.245.184.150,ipv4,malicious-ip,medium,WHITE,ziyadnz/hourly-ipv4,ziyadnz|hourly,2026-08-17T18:48:05Z,2026-08-17T18:48:05Z,
35.245.185.80,ipv4,malicious-ip,medium,WHITE,ziyadnz/hourly-ipv4,ziyadnz|hourly,2026-08-17T18:48:05Z,2026-08-17T18:48:05Z,
35.245.193.139,ipv4,malicious-ip,medium,WHITE,ziyadnz/hourly-ipv4,ziyadnz|hourly,2026-08-17T18:48:05Z,2026-08-17T18:48:05Z,
35.245.199.204,ipv4,malicious-ip,medium,WHITE,ziyadnz/hourly-ipv4,ziyadnz|hourly,2026-08-17T18:48:05Z,2026-08-17T18:48:05Z,
35.245.199.223,ipv4,malicious-ip,medium,WHITE,ziyadnz/hourly-ipv4,ziyadnz|hourly,2026-08-17T18:48:05Z,2026-08-17T18:48:05Z,
35.245.206.199,ipv4,malicious-ip,medium,WHITE,ziyadnz/hourly-ipv4,ziyadnz|hourly,2026-08-17T18:48:05Z,2026-08-17T18:48:05Z,
35.245.215.85,ipv4,malicious-ip,medium,WHITE,ziyadnz/hourly-ipv4,ziyadnz|hourly,2026-08-17T18:48:05Z,2026-08-17T18:48:05Z,
35.245.230.57,ipv4,malicious-ip,medium,WHITE,ziyadnz/hourly-ipv4,ziyadnz|hourly,2026-08-17T18:48:05Z,2026-08-17T18:48:05Z,
35.245.234.63,ipv4,malicious-ip,medium,WHITE,ziyadnz/hourly-ipv4,ziyadnz|hourly,2026-08-17T18:48:05Z,2026-08-17T18:48:05Z,
35.245.236.80,ipv4,malicious-ip,medium,WHITE,ziyadnz/hourly-ipv4,ziyadnz|hourly,2026-08-17T18:48:05Z,2026-08-17T18:48:05Z,
35.245.39.27,ipv4,malicious-ip,medium,WHITE,ziyadnz/hourly-ipv4,ziyadnz|hourly,2026-08-17T18:48:05Z,2026-08-17T18:48:05Z,
35.245.47.204,ipv4,malicious-ip,medium,WHITE,ziyadnz/hourly-ipv4,ziyadnz|hourly,2026-08-17T18:48:05Z,2026-08-17T18:48:05Z,
35.245.48.195,ipv4,malicious-ip,medium,WHITE,ziyadnz/hourly-ipv4,ziyadnz|hourly,2026-08-17T18:48:05Z,2026-08-17T18:48:05Z,
35.245.52.137,ipv4,malicious-ip,medium,WHITE,ziyadnz/hourly-ipv4,ziyadnz|hourly,2026-08-17T18:48:05Z,2026-08-17T18:48:05Z,
35.246.28.199,ipv4,malicious-ip,medium,WHITE,ziyadnz/hourly-ipv4,ziyadnz|hourly,2026-08-17T18:48:05Z,2026-08-17T18:48:05Z,
35.247.1.60,ipv4,malicious-ip,medium,WHITE,ziyadnz/hourly-ipv4,ziyadnz|hourly,2026-08-17T18:48:05Z,2026-08-17T18:48:05Z,
35.247.100.14,ipv4,malicious-ip,medium,WHITE,ziyadnz/hourly-ipv4,ziyadnz|hourly,2026-08-17T18:48:05Z,2026-08-17T18:48:05Z,
35.247.120.30,ipv4,malicious-ip,medium,WHITE,ziyadnz/hourly-ipv4,ziyadnz|hourly,2026-08-17T18:48:05Z,2026-08-17T18:48:05Z,
35.247.128.20,ipv4,malicious-ip,medium,WHITE,ziyadnz/hourly-ipv4,ziyadnz|hourly,2026-08-17T18:48:05Z,2026-08-17T18:48:05Z,
35.247.138.6,ipv4,malicious-ip,medium,WHITE,ziyadnz/hourly-ipv4,ziyadnz|hourly,2026-08-17T18:48:05Z,2026-08-17T18:48:05Z,
35.247.194.72,ipv4,malicious-ip,medium,WHITE,ziyadnz/hourly-ipv4,ziyadnz|hourly,2026-08-17T18:48:05Z,2026-08-17T18:48:05Z,
35.247.249.217,ipv4,malicious-ip,medium,WHITE,ziyadnz/hourly-ipv4,ziyadnz|hourly,2026-08-17T18:48:05Z,2026-08-17T18:48:05Z,
35.247.37.53,ipv4,malicious-ip,medium,WHITE,ziyadnz/hourly-ipv4,ziyadnz|hourly,2026-08-17T18:48:05Z,2026-08-17T18:48:05Z,
35.252.114.110,ipv4,malicious-ip,medium,WHITE,ziyadnz/hourly-ipv4,ziyadnz|hourly,2026-08-17T18:48:05Z,2026-08-17T18:48:05Z,
35.252.115.184,ipv4,malicious-ip,medium,WHITE,ziyadnz/hourly-ipv4,ziyadnz|hourly,2026-08-17T18:48:05Z,2026-08-17T18:48:05Z,
35.252.121.181,ipv4,malicious-ip,medium,WHITE,ziyadnz/hourly-ipv4,ziyadnz|hourly,2026-08-17T18:48:05Z,2026-08-17T18:48:05Z,
35.252.126.16,ipv4,malicious-ip,medium,WHITE,ziyadnz/hourly-ipv4,ziyadnz|hourly,2026-08-17T18:48:05Z,2026-08-17T18:48:05Z,
35.252.127.169,ipv4,malicious-ip,medium,WHITE,ziyadnz/hourly-ipv4,ziyadnz|hourly,2026-08-17T18:48:05Z,2026-08-17T18:48:05Z,
35.252.133.238,ipv4,malicious-ip,medium,WHITE,ziyadnz/hourly-ipv4,ziyadnz|hourly,2026-08-17T18:48:05Z,2026-08-17T18:48:05Z,
35.252.134.66,ipv4,malicious-ip,medium,WHITE,ziyadnz/hourly-ipv4,ziyadnz|hourly,2026-08-17T18:48:05Z,2026-08-17T18:48:05Z,
35.252.155.100,ipv4,malicious-ip,medium,WHITE,ziyadnz/hourly-ipv4,ziyadnz|hourly,2026-08-17T18:48:05Z,2026-08-17T18:48:05Z,
35.252.160.189,ipv4,malicious-ip,medium,WHITE,ziyadnz/hourly-ipv4,ziyadnz|hourly,2026-08-17T18:48:05Z,2026-08-17T18:48:05Z,
35.252.201.19,ipv4,malicious-ip,medium,WHITE,ziyadnz/hourly-ipv4,ziyadnz|hourly,2026-08-17T18:48:05Z,2026-08-17T18:48:05Z,
35.252.204.129,ipv4,malicious-ip,medium,WHITE,ziyadnz/hourly-ipv4,ziyadnz|hourly,2026-08-17T18:48:05Z,2026-08-17T18:48:05Z,
35.252.206.45,ipv4,malicious-ip,medium,WHITE,ziyadnz/hourly-ipv4,ziyadnz|hourly,2026-08-17T18:48:05Z,2026-08-17T18:48:05Z,
35.252.211.27,ipv4,malicious-ip,medium,WHITE,ziyadnz/hourly-ipv4,ziyadnz|hourly,2026-08-17T18:48:05Z,2026-08-17T18:48:05Z,
35.252.212.214,ipv4,malicious-ip,medium,WHITE,ziyadnz/hourly-ipv4,ziyadnz|hourly,2026-08-17T18:48:05Z,2026-08-17T18:48:05Z,
35.252.221.93,ipv4,malicious-ip,medium,WHITE,ziyadnz/hourly-ipv4,ziyadnz|hourly,2026-08-17T18:48:05Z,2026-08-17T18:48:05Z,
35.252.244.154,ipv4,malicious-ip,medium,WHITE,ziyadnz/hourly-ipv4,ziyadnz|hourly,2026-08-17T18:48:05Z,2026-08-17T18:48:05Z,
35.252.254.77,ipv4,malicious-ip,medium,WHITE,ziyadnz/hourly-ipv4,ziyadnz|hourly,2026-08-17T18:48:05Z,2026-08-17T18:48:05Z,
35.252.74.57,ipv4,malicious-ip,medium,WHITE,ziyadnz/hourly-ipv4,ziyadnz|hourly,2026-08-17T18:48:05Z,2026-08-17T18:48:05Z,
35.253.225.224,ipv4,malicious-ip,medium,WHITE,ziyadnz/hourly-ipv4,ziyadnz|hourly,2026-08-17T18:48:05Z,2026-08-17T18:48:05Z,
35.253.79.45,ipv4,malicious-ip,medium,WHITE,ziyadnz/hourly-ipv4,ziyadnz|hourly,2026-08-17T18:48:05Z,2026-08-17T18:48:05Z,
35.254.255.121,ipv4,malicious-ip,medium,WHITE,ziyadnz/hourly-ipv4,ziyadnz|hourly,2026-08-17T18:48:05Z,2026-08-17T18:48:05Z,
35.254.61.152,ipv4,malicious-ip,medium,WHITE,ziyadnz/hourly-ipv4,ziyadnz|hourly,2026-08-17T18:48:05Z,2026-08-17T18:48:05Z,
35.254.86.234,ipv4,malicious-ip,medium,WHITE,ziyadnz/hourly-ipv4,ziyadnz|hourly,2026-08-17T18:48:05Z,2026-08-17T18:48:05Z,
35.254.9.197,ipv4,malicious-ip,medium,WHITE,ziyadnz/hourly-ipv4,ziyadnz|hourly,2026-08-17T18:48:05Z,2026-08-17T18:48:05Z,
35.255.125.217,ipv4,malicious-ip,medium,WHITE,ziyadnz/hourly-ipv4,ziyadnz|hourly,2026-08-17T18:48:05Z,2026-08-17T18:48:05Z,
35.255.170.157,ipv4,malicious-ip,medium,WHITE,ziyadnz/hourly-ipv4,ziyadnz|hourly,2026-08-17T18:48:05Z,2026-08-17T18:48:05Z,
35.255.228.253,ipv4,malicious-ip,medium,WHITE,ziyadnz/hourly-ipv4,ziyadnz|hourly,2026-08-17T18:48:05Z,2026-08-17T18:48:05Z,
35.255.254.191,ipv4,malicious-ip,medium,WHITE,ziyadnz/hourly-ipv4,ziyadnz|hourly,2026-08-17T18:48:05Z,2026-08-17T18:48:05Z,
35.255.88.19,ipv4,malicious-ip,medium,WHITE,ziyadnz/hourly-ipv4,ziyadnz|hourly,2026-08-17T18:48:05Z,2026-08-17T18:48:05Z,
35.81.39.40,ipv4,malicious-ip,medium,WHITE,ziyadnz/hourly-ipv4,ziyadnz|hourly,2026-08-17T18:48:05Z,2026-08-17T18:48:05Z,
35.89.242.124,ipv4,malicious-ip,medium,WHITE,ziyadnz/hourly-ipv4,ziyadnz|hourly,2026-08-17T18:48:05Z,2026-08-17T18:48:05Z,
35.94.37.201,ipv4,malicious-ip,medium,WHITE,ziyadnz/hourly-ipv4,ziyadnz|hourly,2026-08-17T18:48:05Z,2026-08-17T18:48:05Z,
36.102.73.39,ipv4,malicious-ip,medium,WHITE,ziyadnz/hourly-ipv4,ziyadnz|hourly,2026-08-17T18:48:05Z,2026-08-17T18:48:05Z,
36.102.84.134,ipv4,malicious-ip,medium,WHITE,ziyadnz/hourly-ipv4,ziyadnz|hourly,2026-08-17T18:48:05Z,2026-08-17T18:48:05Z,
36.102.90.224,ipv4,malicious-ip,medium,WHITE,ziyadnz/hourly-ipv4,ziyadnz|hourly,2026-08-17T18:48:05Z,2026-08-17T18:48:05Z,
36.102.91.184,ipv4,malicious-ip,medium,WHITE,ziyadnz/hourly-ipv4,ziyadnz|hourly,2026-08-17T18:48:05Z,2026-08-17T18:48:05Z,
36.103.173.7,ipv4,malicious-ip,medium,WHITE,ziyadnz/hourly-ipv4,ziyadnz|hourly,2026-08-17T18:48:05Z,2026-08-17T18:48:05Z,
36.103.199.90,ipv4,malicious-ip,medium,WHITE,ziyadnz/hourly-ipv4,ziyadnz|hourly,2026-08-17T18:48:05Z,2026-08-17T18:48:05Z,
36.103.204.54,ipv4,malicious-ip,medium,WHITE,ziyadnz/hourly-ipv4,ziyadnz|hourly,2026-08-17T18:48:05Z,2026-08-17T18:48:05Z,
36.103.229.21,ipv4,malicious-ip,medium,WHITE,ziyadnz/hourly-ipv4,ziyadnz|hourly,2026-08-17T18:48:05Z,2026-08-17T18:48:05Z,
36.103.251.73,ipv4,malicious-ip,medium,WHITE,ziyadnz/hourly-ipv4,ziyadnz|hourly,2026-08-17T18:48:05Z,2026-08-17T18:48:05Z,
36.106.107.223,ipv4,malicious-ip,medium,WHITE,ziyadnz/hourly-ipv4,ziyadnz|hourly,2026-08-17T18:48:05Z,2026-08-17T18:48:05Z,
36.106.166.101,ipv4,malicious-ip,medium,WHITE,ziyadnz/hourly-ipv4,ziyadnz|hourly,2026-08-17T18:48:05Z,2026-08-17T18:48:05Z,
36.106.166.108,ipv4,malicious-ip,medium,WHITE,ziyadnz/hourly-ipv4,ziyadnz|hourly,2026-08-17T18:48:05Z,2026-08-17T18:48:05Z,
36.106.166.117,ipv4,malicious-ip,medium,WHITE,ziyadnz/hourly-ipv4,ziyadnz|hourly,2026-08-17T18:48:05Z,2026-08-17T18:48:05Z,
36.106.166.124,ipv4,malicious-ip,medium,WHITE,ziyadnz/hourly-ipv4,ziyadnz|hourly,2026-08-17T18:48:05Z,2026-08-17T18:48:05Z,
36.106.166.126,ipv4,malicious-ip,medium,WHITE,ziyadnz/hourly-ipv4,ziyadnz|hourly,2026-08-17T18:48:05Z,2026-08-17T18:48:05Z,
36.106.166.143,ipv4,malicious-ip,medium,WHITE,ziyadnz/hourly-ipv4,ziyadnz|hourly,2026-08-17T18:48:05Z,2026-08-17T18:48:05Z,
36.106.166.145,ipv4,malicious-ip,medium,WHITE,ziyadnz/hourly-ipv4,ziyadnz|hourly,2026-08-17T18:48:05Z,2026-08-17T18:48:05Z,
36.106.166.174,ipv4,malicious-ip,medium,WHITE,ziyadnz/hourly-ipv4,ziyadnz|hourly,2026-08-17T18:48:05Z,2026-08-17T18:48:05Z,
36.106.166.189,ipv4,malicious-ip,medium,WHITE,ziyadnz/hourly-ipv4,ziyadnz|hourly,2026-08-17T18:48:05Z,2026-08-17T18:48:05Z,
36.106.166.194,ipv4,malicious-ip,medium,WHITE,ziyadnz/hourly-ipv4,ziyadnz|hourly,2026-08-17T18:48:05Z,2026-08-17T18:48:05Z,
36.106.166.2,ipv4,malicious-ip,medium,WHITE,ziyadnz/hourly-ipv4,ziyadnz|hourly,2026-08-17T18:48:05Z,2026-08-17T18:48:05Z,
36.106.166.221,ipv4,malicious-ip,medium,WHITE,ziyadnz/hourly-ipv4,ziyadnz|hourly,2026-08-17T18:48:05Z,2026-08-17T18:48:05Z,
36.106.166.244,ipv4,malicious-ip,medium,WHITE,ziyadnz/hourly-ipv4,ziyadnz|hourly,2026-08-17T18:48:05Z,2026-08-17T18:48:05Z,
36.106.166.247,ipv4,malicious-ip,medium,WHITE,ziyadnz/hourly-ipv4,ziyadnz|hourly,2026-08-17T18:48:05Z,2026-08-17T18:48:05Z,
36.106.166.30,ipv4,malicious-ip,medium,WHITE,ziyadnz/hourly-ipv4,ziyadnz|hourly,2026-08-17T18:48:05Z,2026-08-17T18:48:05Z,
36.106.166.34,ipv4,malicious-ip,medium,WHITE,ziyadnz/hourly-ipv4,ziyadnz|hourly,2026-08-17T18:48:05Z,2026-08-17T18:48:05Z,
36.106.166.35,ipv4,malicious-ip,medium,WHITE,ziyadnz/hourly-ipv4,ziyadnz|hourly,2026-08-17T18:48:05Z,2026-08-17T18:48:05Z,
36.106.166.47,ipv4,malicious-ip,medium,WHITE,ziyadnz/hourly-ipv4,ziyadnz|hourly,2026-08-17T18:48:05Z,2026-08-17T18:48:05Z,
36.106.166.49,ipv4,malicious-ip,medium,WHITE,ziyadnz/hourly-ipv4,ziyadnz|hourly,2026-08-17T18:48:05Z,2026-08-17T18:48:05Z,
36.106.166.65,ipv4,malicious-ip,medium,WHITE,ziyadnz/hourly-ipv4,ziyadnz|hourly,2026-08-17T18:48:05Z,2026-08-17T18:48:05Z,
36.106.166.87,ipv4,malicious-ip,medium,WHITE,ziyadnz/hourly-ipv4,ziyadnz|hourly,2026-08-17T18:48:05Z,2026-08-17T18:48:05Z,
36.106.166.94,ipv4,malicious-ip,medium,WHITE,ziyadnz/hourly-ipv4,ziyadnz|hourly,2026-08-17T18:48:05Z,2026-08-17T18:48:05Z,
36.106.167.0,ipv4,malicious-ip,medium,WHITE,ziyadnz/hourly-ipv4,ziyadnz|hourly,2026-08-17T18:48:05Z,2026-08-17T18:48:05Z,
36.106.167.101,ipv4,malicious-ip,medium,WHITE,ziyadnz/hourly-ipv4,ziyadnz|hourly,2026-08-17T18:48:05Z,2026-08-17T18:48:05Z,
36.106.167.110,ipv4,malicious-ip,medium,WHITE,ziyadnz/hourly-ipv4,ziyadnz|hourly,2026-08-17T18:48:05Z,2026-08-17T18:48:05Z,
36.106.167.112,ipv4,malicious-ip,medium,WHITE,ziyadnz/hourly-ipv4,ziyadnz|hourly,2026-08-17T18:48:05Z,2026-08-17T18:48:05Z,
36.106.167.121,ipv4,malicious-ip,medium,WHITE,ziyadnz/hourly-ipv4,ziyadnz|hourly,2026-08-17T18:48:05Z,2026-08-17T18:48:05Z,
36.106.167.123,ipv4,malicious-ip,medium,WHITE,ziyadnz/hourly-ipv4,ziyadnz|hourly,2026-08-17T18:48:05Z,2026-08-17T18:48:05Z,
36.106.167.128,ipv4,malicious-ip,medium,WHITE,ziyadnz/hourly-ipv4,ziyadnz|hourly,2026-08-17T18:48:05Z,2026-08-17T18:48:05Z,
36.106.167.137,ipv4,malicious-ip,medium,WHITE,ziyadnz/hourly-ipv4,ziyadnz|hourly,2026-08-17T18:48:05Z,2026-08-17T18:48:05Z,
36.106.167.141,ipv4,malicious-ip,medium,WHITE,ziyadnz/hourly-ipv4,ziyadnz|hourly,2026-08-17T18:48:05Z,2026-08-17T18:48:05Z,
36.106.167.15,ipv4,malicious-ip,medium,WHITE,ziyadnz/hourly-ipv4,ziyadnz|hourly,2026-08-17T18:48:05Z,2026-08-17T18:48:05Z,
36.106.167.150,ipv4,malicious-ip,medium,WHITE,ziyadnz/hourly-ipv4,ziyadnz|hourly,2026-08-17T18:48:05Z,2026-08-17T18:48:05Z,
36.106.167.154,ipv4,malicious-ip,medium,WHITE,ziyadnz/hourly-ipv4,ziyadnz|hourly,2026-08-17T18:48:05Z,2026-08-17T18:48:05Z,
36.106.167.170,ipv4,malicious-ip,medium,WHITE,ziyadnz/hourly-ipv4,ziyadnz|hourly,2026-08-17T18:48:05Z,2026-08-17T18:48:05Z,
36.106.167.2,ipv4,malicious-ip,medium,WHITE,ziyadnz/hourly-ipv4,ziyadnz|hourly,2026-08-17T18:48:05Z,2026-08-17T18:48:05Z,
36.106.167.213,ipv4,malicious-ip,medium,WHITE,ziyadnz/hourly-ipv4,ziyadnz|hourly,2026-08-17T18:48:05Z,2026-08-17T18:48:05Z,
36.106.167.221,ipv4,malicious-ip,medium,WHITE,ziyadnz/hourly-ipv4,ziyadnz|hourly,2026-08-17T18:48:05Z,2026-08-17T18:48:05Z,
36.106.167.239,ipv4,malicious-ip,medium,WHITE,ziyadnz/hourly-ipv4,ziyadnz|hourly,2026-08-17T18:48:05Z,2026-08-17T18:48:05Z,
36.106.167.240,ipv4,malicious-ip,medium,WHITE,ziyadnz/hourly-ipv4,ziyadnz|hourly,2026-08-17T18:48:05Z,2026-08-17T18:48:05Z,
36.106.167.26,ipv4,malicious-ip,medium,WHITE,ziyadnz/hourly-ipv4,ziyadnz|hourly,2026-08-17T18:48:05Z,2026-08-17T18:48:05Z,
36.106.167.53,ipv4,malicious-ip,medium,WHITE,ziyadnz/hourly-ipv4,ziyadnz|hourly,2026-08-17T18:48:05Z,2026-08-17T18:48:05Z,
36.106.167.54,ipv4,malicious-ip,medium,WHITE,ziyadnz/hourly-ipv4,ziyadnz|hourly,2026-08-17T18:48:05Z,2026-08-17T18:48:05Z,
36.106.167.7,ipv4,malicious-ip,medium,WHITE,ziyadnz/hourly-ipv4,ziyadnz|hourly,2026-08-17T18:48:05Z,2026-08-17T18:48:05Z,
36.106.167.76,ipv4,malicious-ip,medium,WHITE,ziyadnz/hourly-ipv4,ziyadnz|hourly,2026-08-17T18:48:05Z,2026-08-17T18:48:05Z,
36.107.230.113,ipv4,malicious-ip,medium,WHITE,ziyadnz/hourly-ipv4,ziyadnz|hourly,2026-08-17T18:48:05Z,2026-08-17T18:48:05Z,
36.107.94.60,ipv4,malicious-ip,medium,WHITE,ziyadnz/hourly-ipv4,ziyadnz|hourly,2026-08-17T18:48:05Z,2026-08-17T18:48:05Z,
36.108.175.251,ipv4,malicious-ip,medium,WHITE,ziyadnz/hourly-ipv4,ziyadnz|hourly,2026-08-17T18:48:05Z,2026-08-17T18:48:05Z,
36.108.214.78,ipv4,malicious-ip,medium,WHITE,ziyadnz/hourly-ipv4,ziyadnz|hourly,2026-08-17T18:48:05Z,2026-08-17T18:48:05Z,
36.110.116.167,ipv4,malicious-ip,medium,WHITE,ziyadnz/hourly-ipv4,ziyadnz|hourly,2026-08-17T18:48:05Z,2026-08-17T18:48:05Z,
36.110.131.127,ipv4,malicious-ip,medium,WHITE,ziyadnz/hourly-ipv4,ziyadnz|hourly,2026-08-17T18:48:05Z,2026-08-17T18:48:05Z,
36.110.131.227,ipv4,malicious-ip,medium,WHITE,ziyadnz/hourly-ipv4,ziyadnz|hourly,2026-08-17T18:48:05Z,2026-08-17T18:48:05Z,
36.110.172.218,ipv4,malicious-ip,medium,WHITE,ziyadnz/hourly-ipv4,ziyadnz|hourly,2026-08-17T18:48:05Z,2026-08-17T18:48:05Z,
36.110.43.126,ipv4,malicious-ip,medium,WHITE,ziyadnz/hourly-ipv4,ziyadnz|hourly,2026-08-17T18:48:05Z,2026-08-17T18:48:05Z,
36.111.150.151,ipv4,malicious-ip,medium,WHITE,ziyadnz/hourly-ipv4,ziyadnz|hourly,2026-08-17T18:48:05Z,2026-08-17T18:48:05Z,
36.111.174.126,ipv4,malicious-ip,medium,WHITE,ziyadnz/hourly-ipv4,ziyadnz|hourly,2026-08-17T18:48:05Z,2026-08-17T18:48:05Z,
36.111.191.43,ipv4,malicious-ip,medium,WHITE,ziyadnz/hourly-ipv4,ziyadnz|hourly,2026-08-17T18:48:05Z,2026-08-17T18:48:05Z,
36.112.122.130,ipv4,malicious-ip,medium,WHITE,ziyadnz/hourly-ipv4,ziyadnz|hourly,2026-08-17T18:48:05Z,2026-08-17T18:48:05Z,
36.112.133.74,ipv4,malicious-ip,medium,WHITE,ziyadnz/hourly-ipv4,ziyadnz|hourly,2026-08-17T18:48:05Z,2026-08-17T18:48:05Z,
36.112.17.125,ipv4,malicious-ip,medium,WHITE,ziyadnz/hourly-ipv4,ziyadnz|hourly,2026-08-17T18:48:05Z,2026-08-17T18:48:05Z,
36.112.213.23,ipv4,malicious-ip,medium,WHITE,ziyadnz/hourly-ipv4,ziyadnz|hourly,2026-08-17T18:48:05Z,2026-08-17T18:48:05Z,
36.112.213.61,ipv4,malicious-ip,medium,WHITE,ziyadnz/hourly-ipv4,ziyadnz|hourly,2026-08-17T18:48:05Z,2026-08-17T18:48:05Z,
36.112.30.31,ipv4,malicious-ip,medium,WHITE,ziyadnz/hourly-ipv4,ziyadnz|hourly,2026-08-17T18:48:05Z,2026-08-17T18:48:05Z,
36.129.58.147,ipv4,malicious-ip,medium,WHITE,ziyadnz/hourly-ipv4,ziyadnz|hourly,2026-08-17T18:48:05Z,2026-08-17T18:48:05Z,
36.132.228.123,ipv4,malicious-ip,medium,WHITE,ziyadnz/hourly-ipv4,ziyadnz|hourly,2026-08-17T18:48:05Z,2026-08-17T18:48:05Z,
36.132.37.47,ipv4,malicious-ip,medium,WHITE,ziyadnz/hourly-ipv4,ziyadnz|hourly,2026-08-17T18:48:05Z,2026-08-17T18:48:05Z,
36.133.110.233,ipv4,malicious-ip,medium,WHITE,ziyadnz/hourly-ipv4,ziyadnz|hourly,2026-08-17T18:48:05Z,2026-08-17T18:48:05Z,
36.133.118.11,ipv4,malicious-ip,medium,WHITE,ziyadnz/hourly-ipv4,ziyadnz|hourly,2026-08-17T18:48:05Z,2026-08-17T18:48:05Z,
36.133.119.47,ipv4,malicious-ip,medium,WHITE,ziyadnz/hourly-ipv4,ziyadnz|hourly,2026-08-17T18:48:05Z,2026-08-17T18:48:05Z,
36.133.130.103,ipv4,malicious-ip,medium,WHITE,ziyadnz/hourly-ipv4,ziyadnz|hourly,2026-08-17T18:48:05Z,2026-08-17T18:48:05Z,
36.133.137.73,ipv4,malicious-ip,medium,WHITE,ziyadnz/hourly-ipv4,ziyadnz|hourly,2026-08-17T18:48:05Z,2026-08-17T18:48:05Z,
36.133.16.40,ipv4,malicious-ip,medium,WHITE,ziyadnz/hourly-ipv4,ziyadnz|hourly,2026-08-17T18:48:05Z,2026-08-17T18:48:05Z,
36.133.208.182,ipv4,malicious-ip,medium,WHITE,ziyadnz/hourly-ipv4,ziyadnz|hourly,2026-08-17T18:48:05Z,2026-08-17T18:48:05Z,
36.133.212.147,ipv4,malicious-ip,medium,WHITE,ziyadnz/hourly-ipv4,ziyadnz|hourly,2026-08-17T18:48:05Z,2026-08-17T18:48:05Z,
36.133.22.107,ipv4,malicious-ip,medium,WHITE,ziyadnz/hourly-ipv4,ziyadnz|hourly,2026-08-17T18:48:05Z,2026-08-17T18:48:05Z,
36.133.44.205,ipv4,malicious-ip,medium,WHITE,ziyadnz/hourly-ipv4,ziyadnz|hourly,2026-08-17T18:48:05Z,2026-08-17T18:48:05Z,
36.133.44.233,ipv4,malicious-ip,medium,WHITE,ziyadnz/hourly-ipv4,ziyadnz|hourly,2026-08-17T18:48:05Z,2026-08-17T18:48:05Z,
36.133.45.189,ipv4,malicious-ip,medium,WHITE,ziyadnz/hourly-ipv4,ziyadnz|hourly,2026-08-17T18:48:05Z,2026-08-17T18:48:05Z,
36.134.203.156,ipv4,malicious-ip,medium,WHITE,ziyadnz/hourly-ipv4,ziyadnz|hourly,2026-08-17T18:48:05Z,2026-08-17T18:48:05Z,
36.134.211.170,ipv4,malicious-ip,medium,WHITE,ziyadnz/hourly-ipv4,ziyadnz|hourly,2026-08-17T18:48:05Z,2026-08-17T18:48:05Z,
36.134.27.91,ipv4,malicious-ip,medium,WHITE,ziyadnz/hourly-ipv4,ziyadnz|hourly,2026-08-17T18:48:05Z,2026-08-17T18:48:05Z,
36.134.4.131,ipv4,malicious-ip,medium,WHITE,ziyadnz/hourly-ipv4,ziyadnz|hourly,2026-08-17T18:48:05Z,2026-08-17T18:48:05Z,
36.134.43.211,ipv4,malicious-ip,medium,WHITE,ziyadnz/hourly-ipv4,ziyadnz|hourly,2026-08-17T18:48:05Z,2026-08-17T18:48:05Z,
36.134.69.161,ipv4,malicious-ip,medium,WHITE,ziyadnz/hourly-ipv4,ziyadnz|hourly,2026-08-17T18:48:05Z,2026-08-17T18:48:05Z,
36.134.80.112,ipv4,malicious-ip,medium,WHITE,ziyadnz/hourly-ipv4,ziyadnz|hourly,2026-08-17T18:48:05Z,2026-08-17T18:48:05Z,
36.135.62.0,ipv4,malicious-ip,medium,WHITE,ziyadnz/hourly-ipv4,ziyadnz|hourly,2026-08-17T18:48:05Z,2026-08-17T18:48:05Z,
36.135.62.79,ipv4,malicious-ip,medium,WHITE,ziyadnz/hourly-ipv4,ziyadnz|hourly,2026-08-17T18:48:05Z,2026-08-17T18:48:05Z,
36.135.94.148,ipv4,malicious-ip,medium,WHITE,ziyadnz/hourly-ipv4,ziyadnz|hourly,2026-08-17T18:48:05Z,2026-08-17T18:48:05Z,
36.136.13.248,ipv4,malicious-ip,medium,WHITE,ziyadnz/hourly-ipv4,ziyadnz|hourly,2026-08-17T18:48:05Z,2026-08-17T18:48:05Z,
36.136.13.69,ipv4,malicious-ip,medium,WHITE,ziyadnz/hourly-ipv4,ziyadnz|hourly,2026-08-17T18:48:05Z,2026-08-17T18:48:05Z,
36.137.113.226,ipv4,malicious-ip,medium,WHITE,ziyadnz/hourly-ipv4,ziyadnz|hourly,2026-08-17T18:48:05Z,2026-08-17T18:48:05Z,
36.137.158.226,ipv4,malicious-ip,medium,WHITE,ziyadnz/hourly-ipv4,ziyadnz|hourly,2026-08-17T18:48:05Z,2026-08-17T18:48:05Z,
36.137.168.190,ipv4,malicious-ip,medium,WHITE,ziyadnz/hourly-ipv4,ziyadnz|hourly,2026-08-17T18:48:05Z,2026-08-17T18:48:05Z,
36.137.21.225,ipv4,malicious-ip,medium,WHITE,ziyadnz/hourly-ipv4,ziyadnz|hourly,2026-08-17T18:48:05Z,2026-08-17T18:48:05Z,
36.137.210.100,ipv4,malicious-ip,medium,WHITE,ziyadnz/hourly-ipv4,ziyadnz|hourly,2026-08-17T18:48:05Z,2026-08-17T18:48:05Z,
36.137.210.163,ipv4,malicious-ip,medium,WHITE,ziyadnz/hourly-ipv4,ziyadnz|hourly,2026-08-17T18:48:05Z,2026-08-17T18:48:05Z,
36.137.35.42,ipv4,malicious-ip,medium,WHITE,ziyadnz/hourly-ipv4,ziyadnz|hourly,2026-08-17T18:48:05Z,2026-08-17T18:48:05Z,
36.137.38.119,ipv4,malicious-ip,medium,WHITE,ziyadnz/hourly-ipv4,ziyadnz|hourly,2026-08-17T18:48:05Z,2026-08-17T18:48:05Z,
36.137.78.152,ipv4,malicious-ip,medium,WHITE,ziyadnz/hourly-ipv4,ziyadnz|hourly,2026-08-17T18:48:05Z,2026-08-17T18:48:05Z,
36.138.202.60,ipv4,malicious-ip,medium,WHITE,ziyadnz/hourly-ipv4,ziyadnz|hourly,2026-08-17T18:48:05Z,2026-08-17T18:48:05Z,
36.138.233.4,ipv4,malicious-ip,medium,WHITE,ziyadnz/hourly-ipv4,ziyadnz|hourly,2026-08-17T18:48:05Z,2026-08-17T18:48:05Z,
36.138.44.211,ipv4,malicious-ip,medium,WHITE,ziyadnz/hourly-ipv4,ziyadnz|hourly,2026-08-17T18:48:05Z,2026-08-17T18:48:05Z,
36.139.127.231,ipv4,malicious-ip,medium,WHITE,ziyadnz/hourly-ipv4,ziyadnz|hourly,2026-08-17T18:48:05Z,2026-08-17T18:48:05Z,
36.139.133.195,ipv4,malicious-ip,medium,WHITE,ziyadnz/hourly-ipv4,ziyadnz|hourly,2026-08-17T18:48:05Z,2026-08-17T18:48:05Z,
36.139.138.72,ipv4,malicious-ip,medium,WHITE,ziyadnz/hourly-ipv4,ziyadnz|hourly,2026-08-17T18:48:05Z,2026-08-17T18:48:05Z,
36.139.149.87,ipv4,malicious-ip,medium,WHITE,ziyadnz/hourly-ipv4,ziyadnz|hourly,2026-08-17T18:48:05Z,2026-08-17T18:48:05Z,
36.139.163.48,ipv4,malicious-ip,medium,WHITE,ziyadnz/hourly-ipv4,ziyadnz|hourly,2026-08-17T18:48:05Z,2026-08-17T18:48:05Z,
36.140.100.172,ipv4,malicious-ip,medium,WHITE,ziyadnz/hourly-ipv4,ziyadnz|hourly,2026-08-17T18:48:05Z,2026-08-17T18:48:05Z,
36.140.122.122,ipv4,malicious-ip,medium,WHITE,ziyadnz/hourly-ipv4,ziyadnz|hourly,2026-08-17T18:48:05Z,2026-08-17T18:48:05Z,
36.140.123.73,ipv4,malicious-ip,medium,WHITE,ziyadnz/hourly-ipv4,ziyadnz|hourly,2026-08-17T18:48:05Z,2026-08-17T18:48:05Z,
36.140.148.41,ipv4,malicious-ip,medium,WHITE,ziyadnz/hourly-ipv4,ziyadnz|hourly,2026-08-17T18:48:05Z,2026-08-17T18:48:05Z,
36.140.173.223,ipv4,malicious-ip,medium,WHITE,ziyadnz/hourly-ipv4,ziyadnz|hourly,2026-08-17T18:48:05Z,2026-08-17T18:48:05Z,
36.140.175.34,ipv4,malicious-ip,medium,WHITE,ziyadnz/hourly-ipv4,ziyadnz|hourly,2026-08-17T18:48:05Z,2026-08-17T18:48:05Z,
36.140.95.239,ipv4,malicious-ip,medium,WHITE,ziyadnz/hourly-ipv4,ziyadnz|hourly,2026-08-17T18:48:05Z,2026-08-17T18:48:05Z,
36.142.108.166,ipv4,malicious-ip,medium,WHITE,ziyadnz/hourly-ipv4,ziyadnz|hourly,2026-08-17T18:48:05Z,2026-08-17T18:48:05Z,
36.142.115.2,ipv4,malicious-ip,medium,WHITE,ziyadnz/hourly-ipv4,ziyadnz|hourly,2026-08-17T18:48:05Z,2026-08-17T18:48:05Z,
36.142.144.10,ipv4,malicious-ip,medium,WHITE,ziyadnz/hourly-ipv4,ziyadnz|hourly,2026-08-17T18:48:05Z,2026-08-17T18:48:05Z,
36.142.148.105,ipv4,malicious-ip,medium,WHITE,ziyadnz/hourly-ipv4,ziyadnz|hourly,2026-08-17T18:48:05Z,2026-08-17T18:48:05Z,
36.142.154.250,ipv4,malicious-ip,medium,WHITE,ziyadnz/hourly-ipv4,ziyadnz|hourly,2026-08-17T18:48:05Z,2026-08-17T18:48:05Z,
36.142.155.226,ipv4,malicious-ip,medium,WHITE,ziyadnz/hourly-ipv4,ziyadnz|hourly,2026-08-17T18:48:05Z,2026-08-17T18:48:05Z,
36.142.156.59,ipv4,malicious-ip,medium,WHITE,ziyadnz/hourly-ipv4,ziyadnz|hourly,2026-08-17T18:48:05Z,2026-08-17T18:48:05Z,
36.142.161.92,ipv4,malicious-ip,medium,WHITE,ziyadnz/hourly-ipv4,ziyadnz|hourly,2026-08-17T18:48:05Z,2026-08-17T18:48:05Z,
36.142.172.222,ipv4,malicious-ip,medium,WHITE,ziyadnz/hourly-ipv4,ziyadnz|hourly,2026-08-17T18:48:05Z,2026-08-17T18:48:05Z,
36.142.191.106,ipv4,malicious-ip,medium,WHITE,ziyadnz/hourly-ipv4,ziyadnz|hourly,2026-08-17T18:48:05Z,2026-08-17T18:48:05Z,
36.142.191.234,ipv4,malicious-ip,medium,WHITE,ziyadnz/hourly-ipv4,ziyadnz|hourly,2026-08-17T18:48:05Z,2026-08-17T18:48:05Z,
36.142.203.166,ipv4,malicious-ip,medium,WHITE,ziyadnz/hourly-ipv4,ziyadnz|hourly,2026-08-17T18:48:05Z,2026-08-17T18:48:05Z,
36.142.205.242,ipv4,malicious-ip,medium,WHITE,ziyadnz/hourly-ipv4,ziyadnz|hourly,2026-08-17T18:48:05Z,2026-08-17T18:48:05Z,
36.142.38.128,ipv4,malicious-ip,medium,WHITE,ziyadnz/hourly-ipv4,ziyadnz|hourly,2026-08-17T18:48:05Z,2026-08-17T18:48:05Z,
36.142.47.38,ipv4,malicious-ip,medium,WHITE,ziyadnz/hourly-ipv4,ziyadnz|hourly,2026-08-17T18:48:05Z,2026-08-17T18:48:05Z,
36.142.82.162,ipv4,malicious-ip,medium,WHITE,ziyadnz/hourly-ipv4,ziyadnz|hourly,2026-08-17T18:48:05Z,2026-08-17T18:48:05Z,
36.142.84.202,ipv4,malicious-ip,medium,WHITE,ziyadnz/hourly-ipv4,ziyadnz|hourly,2026-08-17T18:48:05Z,2026-08-17T18:48:05Z,
36.143.123.119,ipv4,malicious-ip,medium,WHITE,ziyadnz/hourly-ipv4,ziyadnz|hourly,2026-08-17T18:48:05Z,2026-08-17T18:48:05Z,
36.143.134.187,ipv4,malicious-ip,medium,WHITE,ziyadnz/hourly-ipv4,ziyadnz|hourly,2026-08-17T18:48:05Z,2026-08-17T18:48:05Z,
36.143.181.248,ipv4,malicious-ip,medium,WHITE,ziyadnz/hourly-ipv4,ziyadnz|hourly,2026-08-17T18:48:05Z,2026-08-17T18:48:05Z,
36.143.66.4,ipv4,malicious-ip,medium,WHITE,ziyadnz/hourly-ipv4,ziyadnz|hourly,2026-08-17T18:48:05Z,2026-08-17T18:48:05Z,
36.144.72.180,ipv4,malicious-ip,medium,WHITE,ziyadnz/hourly-ipv4,ziyadnz|hourly,2026-08-17T18:48:05Z,2026-08-17T18:48:05Z,
36.147.78.166,ipv4,malicious-ip,medium,WHITE,ziyadnz/hourly-ipv4,ziyadnz|hourly,2026-08-17T18:48:05Z,2026-08-17T18:48:05Z,
36.149.190.80,ipv4,malicious-ip,medium,WHITE,ziyadnz/hourly-ipv4,ziyadnz|hourly,2026-08-17T18:48:05Z,2026-08-17T18:48:05Z,
36.150.236.49,ipv4,malicious-ip,medium,WHITE,ziyadnz/hourly-ipv4,ziyadnz|hourly,2026-08-17T18:48:05Z,2026-08-17T18:48:05Z,
36.151.143.49,ipv4,malicious-ip,medium,WHITE,ziyadnz/hourly-ipv4,ziyadnz|hourly,2026-08-17T18:48:05Z,2026-08-17T18:48:05Z,
36.151.144.184,ipv4,malicious-ip,medium,WHITE,ziyadnz/hourly-ipv4,ziyadnz|hourly,2026-08-17T18:48:05Z,2026-08-17T18:48:05Z,
36.151.146.152,ipv4,malicious-ip,medium,WHITE,ziyadnz/hourly-ipv4,ziyadnz|hourly,2026-08-17T18:48:05Z,2026-08-17T18:48:05Z,
36.151.146.246,ipv4,malicious-ip,medium,WHITE,ziyadnz/hourly-ipv4,ziyadnz|hourly,2026-08-17T18:48:05Z,2026-08-17T18:48:05Z,
36.151.148.85,ipv4,malicious-ip,medium,WHITE,ziyadnz/hourly-ipv4,ziyadnz|hourly,2026-08-17T18:48:05Z,2026-08-17T18:48:05Z,
36.151.149.247,ipv4,malicious-ip,medium,WHITE,ziyadnz/hourly-ipv4,ziyadnz|hourly,2026-08-17T18:48:05Z,2026-08-17T18:48:05Z,
36.152.102.46,ipv4,malicious-ip,medium,WHITE,ziyadnz/hourly-ipv4,ziyadnz|hourly,2026-08-17T18:48:05Z,2026-08-17T18:48:05Z,
36.152.9.62,ipv4,malicious-ip,medium,WHITE,ziyadnz/hourly-ipv4,ziyadnz|hourly,2026-08-17T18:48:05Z,2026-08-17T18:48:05Z,
36.153.7.120,ipv4,malicious-ip,medium,WHITE,ziyadnz/hourly-ipv4,ziyadnz|hourly,2026-08-17T18:48:05Z,2026-08-17T18:48:05Z,
36.153.7.121,ipv4,malicious-ip,medium,WHITE,ziyadnz/hourly-ipv4,ziyadnz|hourly,2026-08-17T18:48:05Z,2026-08-17T18:48:05Z,
36.153.7.122,ipv4,malicious-ip,medium,WHITE,ziyadnz/hourly-ipv4,ziyadnz|hourly,2026-08-17T18:48:05Z,2026-08-17T18:48:05Z,
36.153.7.123,ipv4,malicious-ip,medium,WHITE,ziyadnz/hourly-ipv4,ziyadnz|hourly,2026-08-17T18:48:05Z,2026-08-17T18:48:05Z,
36.153.7.91,ipv4,malicious-ip,medium,WHITE,ziyadnz/hourly-ipv4,ziyadnz|hourly,2026-08-17T18:48:05Z,2026-08-17T18:48:05Z,
36.155.101.97,ipv4,malicious-ip,medium,WHITE,ziyadnz/hourly-ipv4,ziyadnz|hourly,2026-08-17T18:48:05Z,2026-08-17T18:48:05Z,
36.156.22.2,ipv4,malicious-ip,medium,WHITE,ziyadnz/hourly-ipv4,ziyadnz|hourly,2026-08-17T18:48:05Z,2026-08-17T18:48:05Z,
36.157.119.72,ipv4,malicious-ip,medium,WHITE,ziyadnz/hourly-ipv4,ziyadnz|hourly,2026-08-17T18:48:05Z,2026-08-17T18:48:05Z,
36.158.55.221,ipv4,malicious-ip,medium,WHITE,ziyadnz/hourly-ipv4,ziyadnz|hourly,2026-08-17T18:48:05Z,2026-08-17T18:48:05Z,
36.159.117.82,ipv4,malicious-ip,medium,WHITE,ziyadnz/hourly-ipv4,ziyadnz|hourly,2026-08-17T18:48:05Z,2026-08-17T18:48:05Z,
36.159.199.105,ipv4,malicious-ip,medium,WHITE,ziyadnz/hourly-ipv4,ziyadnz|hourly,2026-08-17T18:48:05Z,2026-08-17T18:48:05Z,
36.161.204.20,ipv4,malicious-ip,medium,WHITE,ziyadnz/hourly-ipv4,ziyadnz|hourly,2026-08-17T18:48:05Z,2026-08-17T18:48:05Z,
36.161.30.29,ipv4,malicious-ip,medium,WHITE,ziyadnz/hourly-ipv4,ziyadnz|hourly,2026-08-17T18:48:05Z,2026-08-17T18:48:05Z,
36.161.9.180,ipv4,malicious-ip,medium,WHITE,ziyadnz/hourly-ipv4,ziyadnz|hourly,2026-08-17T18:48:05Z,2026-08-17T18:48:05Z,
36.161.9.200,ipv4,malicious-ip,medium,WHITE,ziyadnz/hourly-ipv4,ziyadnz|hourly,2026-08-17T18:48:05Z,2026-08-17T18:48:05Z,
36.163.199.22,ipv4,malicious-ip,medium,WHITE,ziyadnz/hourly-ipv4,ziyadnz|hourly,2026-08-17T18:48:05Z,2026-08-17T18:48:05Z,
36.163.227.186,ipv4,malicious-ip,medium,WHITE,ziyadnz/hourly-ipv4,ziyadnz|hourly,2026-08-17T18:48:05Z,2026-08-17T18:48:05Z,
36.189.207.209,ipv4,malicious-ip,medium,WHITE,ziyadnz/hourly-ipv4,ziyadnz|hourly,2026-08-17T18:48:05Z,2026-08-17T18:48:05Z,
36.189.82.46,ipv4,malicious-ip,medium,WHITE,ziyadnz/hourly-ipv4,ziyadnz|hourly,2026-08-17T18:48:05Z,2026-08-17T18:48:05Z,
36.212.143.217,ipv4,malicious-ip,medium,WHITE,ziyadnz/hourly-ipv4,ziyadnz|hourly,2026-08-17T18:48:05Z,2026-08-17T18:48:05Z,
36.212.146.153,ipv4,malicious-ip,medium,WHITE,ziyadnz/hourly-ipv4,ziyadnz|hourly,2026-08-17T18:48:05Z,2026-08-17T18:48:05Z,
36.212.159.65,ipv4,malicious-ip,medium,WHITE,ziyadnz/hourly-ipv4,ziyadnz|hourly,2026-08-17T18:48:05Z,2026-08-17T18:48:05Z,
36.212.227.224,ipv4,malicious-ip,medium,WHITE,ziyadnz/hourly-ipv4,ziyadnz|hourly,2026-08-17T18:48:05Z,2026-08-17T18:48:05Z,
36.212.237.93,ipv4,malicious-ip,medium,WHITE,ziyadnz/hourly-ipv4,ziyadnz|hourly,2026-08-17T18:48:05Z,2026-08-17T18:48:05Z,
36.212.31.122,ipv4,malicious-ip,medium,WHITE,ziyadnz/hourly-ipv4,ziyadnz|hourly,2026-08-17T18:48:05Z,2026-08-17T18:48:05Z,
36.212.51.198,ipv4,malicious-ip,medium,WHITE,ziyadnz/hourly-ipv4,ziyadnz|hourly,2026-08-17T18:48:05Z,2026-08-17T18:48:05Z,
36.212.7.130,ipv4,malicious-ip,medium,WHITE,ziyadnz/hourly-ipv4,ziyadnz|hourly,2026-08-17T18:48:05Z,2026-08-17T18:48:05Z,
36.213.0.140,ipv4,malicious-ip,medium,WHITE,ziyadnz/hourly-ipv4,ziyadnz|hourly,2026-08-17T18:48:05Z,2026-08-17T18:48:05Z,
36.213.184.103,ipv4,malicious-ip,medium,WHITE,ziyadnz/hourly-ipv4,ziyadnz|hourly,2026-08-17T18:48:05Z,2026-08-17T18:48:05Z,
36.213.97.209,ipv4,malicious-ip,medium,WHITE,ziyadnz/hourly-ipv4,ziyadnz|hourly,2026-08-17T18:48:05Z,2026-08-17T18:48:05Z,
36.22.113.10,ipv4,malicious-ip,medium,WHITE,ziyadnz/hourly-ipv4,ziyadnz|hourly,2026-08-17T18:48:05Z,2026-08-17T18:48:05Z,
36.224.7.23,ipv4,malicious-ip,medium,WHITE,ziyadnz/hourly-ipv4,ziyadnz|hourly,2026-08-17T18:48:05Z,2026-08-17T18:48:05Z,
36.224.9.163,ipv4,malicious-ip,medium,WHITE,ziyadnz/hourly-ipv4,ziyadnz|hourly,2026-08-17T18:48:05Z,2026-08-17T18:48:05Z,
36.227.208.80,ipv4,malicious-ip,medium,WHITE,ziyadnz/hourly-ipv4,ziyadnz|hourly,2026-08-17T18:48:05Z,2026-08-17T18:48:05Z,
36.227.232.30,ipv4,malicious-ip,medium,WHITE,ziyadnz/hourly-ipv4,ziyadnz|hourly,2026-08-17T18:48:05Z,2026-08-17T18:48:05Z,
36.227.89.110,ipv4,malicious-ip,medium,WHITE,ziyadnz/hourly-ipv4,ziyadnz|hourly,2026-08-17T18:48:05Z,2026-08-17T18:48:05Z,
36.229.237.131,ipv4,malicious-ip,medium,WHITE,ziyadnz/hourly-ipv4,ziyadnz|hourly,2026-08-17T18:48:05Z,2026-08-17T18:48:05Z,
36.229.246.146,ipv4,malicious-ip,medium,WHITE,ziyadnz/hourly-ipv4,ziyadnz|hourly,2026-08-17T18:48:05Z,2026-08-17T18:48:05Z,
36.231.33.21,ipv4,malicious-ip,medium,WHITE,ziyadnz/hourly-ipv4,ziyadnz|hourly,2026-08-17T18:48:05Z,2026-08-17T18:48:05Z,
36.231.43.73,ipv4,malicious-ip,medium,WHITE,ziyadnz/hourly-ipv4,ziyadnz|hourly,2026-08-17T18:48:05Z,2026-08-17T18:48:05Z,
36.232.125.59,ipv4,malicious-ip,medium,WHITE,ziyadnz/hourly-ipv4,ziyadnz|hourly,2026-08-17T18:48:05Z,2026-08-17T18:48:05Z,
36.232.67.139,ipv4,malicious-ip,medium,WHITE,ziyadnz/hourly-ipv4,ziyadnz|hourly,2026-08-17T18:48:05Z,2026-08-17T18:48:05Z,
36.233.141.62,ipv4,malicious-ip,medium,WHITE,ziyadnz/hourly-ipv4,ziyadnz|hourly,2026-08-17T18:48:05Z,2026-08-17T18:48:05Z,
36.233.145.160,ipv4,malicious-ip,medium,WHITE,ziyadnz/hourly-ipv4,ziyadnz|hourly,2026-08-17T18:48:05Z,2026-08-17T18:48:05Z,
36.233.166.164,ipv4,malicious-ip,medium,WHITE,ziyadnz/hourly-ipv4,ziyadnz|hourly,2026-08-17T18:48:05Z,2026-08-17T18:48:05Z,
36.233.198.50,ipv4,malicious-ip,medium,WHITE,ziyadnz/hourly-ipv4,ziyadnz|hourly,2026-08-17T18:48:05Z,2026-08-17T18:48:05Z,
36.234.101.139,ipv4,malicious-ip,medium,WHITE,ziyadnz/hourly-ipv4,ziyadnz|hourly,2026-08-17T18:48:05Z,2026-08-17T18:48:05Z,
36.234.117.244,ipv4,malicious-ip,medium,WHITE,ziyadnz/hourly-ipv4,ziyadnz|hourly,2026-08-17T18:48:05Z,2026-08-17T18:48:05Z,
36.234.189.104,ipv4,malicious-ip,medium,WHITE,ziyadnz/hourly-ipv4,ziyadnz|hourly,2026-08-17T18:48:05Z,2026-08-17T18:48:05Z,
36.235.49.108,ipv4,malicious-ip,medium,WHITE,ziyadnz/hourly-ipv4,ziyadnz|hourly,2026-08-17T18:48:05Z,2026-08-17T18:48:05Z,
36.248.200.22,ipv4,malicious-ip,medium,WHITE,ziyadnz/hourly-ipv4,ziyadnz|hourly,2026-08-17T18:48:05Z,2026-08-17T18:48:05Z,
36.248.83.25,ipv4,malicious-ip,medium,WHITE,ziyadnz/hourly-ipv4,ziyadnz|hourly,2026-08-17T18:48:05Z,2026-08-17T18:48:05Z,
36.249.162.81,ipv4,malicious-ip,medium,WHITE,ziyadnz/hourly-ipv4,ziyadnz|hourly,2026-08-17T18:48:05Z,2026-08-17T18:48:05Z,
36.25.110.242,ipv4,malicious-ip,medium,WHITE,ziyadnz/hourly-ipv4,ziyadnz|hourly,2026-08-17T18:48:05Z,2026-08-17T18:48:05Z,
36.25.34.199,ipv4,malicious-ip,medium,WHITE,ziyadnz/hourly-ipv4,ziyadnz|hourly,2026-08-17T18:48:05Z,2026-08-17T18:48:05Z,
36.25.96.195,ipv4,malicious-ip,medium,WHITE,ziyadnz/hourly-ipv4,ziyadnz|hourly,2026-08-17T18:48:05Z,2026-08-17T18:48:05Z,
36.250.220.105,ipv4,malicious-ip,medium,WHITE,ziyadnz/hourly-ipv4,ziyadnz|hourly,2026-08-17T18:48:05Z,2026-08-17T18:48:05Z,
36.250.220.137,ipv4,malicious-ip,medium,WHITE,ziyadnz/hourly-ipv4,ziyadnz|hourly,2026-08-17T18:48:05Z,2026-08-17T18:48:05Z,
36.250.220.242,ipv4,malicious-ip,medium,WHITE,ziyadnz/hourly-ipv4,ziyadnz|hourly,2026-08-17T18:48:05Z,2026-08-17T18:48:05Z,
36.250.220.36,ipv4,malicious-ip,medium,WHITE,ziyadnz/hourly-ipv4,ziyadnz|hourly,2026-08-17T18:48:05Z,2026-08-17T18:48:05Z,
36.250.220.49,ipv4,malicious-ip,medium,WHITE,ziyadnz/hourly-ipv4,ziyadnz|hourly,2026-08-17T18:48:05Z,2026-08-17T18:48:05Z,
36.250.220.58,ipv4,malicious-ip,medium,WHITE,ziyadnz/hourly-ipv4,ziyadnz|hourly,2026-08-17T18:48:05Z,2026-08-17T18:48:05Z,
36.250.221.0,ipv4,malicious-ip,medium,WHITE,ziyadnz/hourly-ipv4,ziyadnz|hourly,2026-08-17T18:48:05Z,2026-08-17T18:48:05Z,
36.250.221.151,ipv4,malicious-ip,medium,WHITE,ziyadnz/hourly-ipv4,ziyadnz|hourly,2026-08-17T18:48:05Z,2026-08-17T18:48:05Z,
36.250.221.179,ipv4,malicious-ip,medium,WHITE,ziyadnz/hourly-ipv4,ziyadnz|hourly,2026-08-17T18:48:05Z,2026-08-17T18:48:05Z,
36.250.221.181,ipv4,malicious-ip,medium,WHITE,ziyadnz/hourly-ipv4,ziyadnz|hourly,2026-08-17T18:48:05Z,2026-08-17T18:48:05Z,
36.250.221.190,ipv4,malicious-ip,medium,WHITE,ziyadnz/hourly-ipv4,ziyadnz|hourly,2026-08-17T18:48:05Z,2026-08-17T18:48:05Z,
36.250.221.37,ipv4,malicious-ip,medium,WHITE,ziyadnz/hourly-ipv4,ziyadnz|hourly,2026-08-17T18:48:05Z,2026-08-17T18:48:05Z,
36.250.221.46,ipv4,malicious-ip,medium,WHITE,ziyadnz/hourly-ipv4,ziyadnz|hourly,2026-08-17T18:48:05Z,2026-08-17T18:48:05Z,
36.250.221.67,ipv4,malicious-ip,medium,WHITE,ziyadnz/hourly-ipv4,ziyadnz|hourly,2026-08-17T18:48:05Z,2026-08-17T18:48:05Z,
36.250.221.68,ipv4,malicious-ip,medium,WHITE,ziyadnz/hourly-ipv4,ziyadnz|hourly,2026-08-17T18:48:05Z,2026-08-17T18:48:05Z,
36.251.98.203,ipv4,malicious-ip,medium,WHITE,ziyadnz/hourly-ipv4,ziyadnz|hourly,2026-08-17T18:48:05Z,2026-08-17T18:48:05Z,
36.253.9.69,ipv4,malicious-ip,medium,WHITE,ziyadnz/hourly-ipv4,ziyadnz|hourly,2026-08-17T18:48:05Z,2026-08-17T18:48:05Z,
36.255.17.78,ipv4,malicious-ip,medium,WHITE,ziyadnz/hourly-ipv4,ziyadnz|hourly,2026-08-17T18:48:05Z,2026-08-17T18:48:05Z,
36.255.182.229,ipv4,malicious-ip,medium,WHITE,ziyadnz/hourly-ipv4,ziyadnz|hourly,2026-08-17T18:48:05Z,2026-08-17T18:48:05Z,
36.255.220.118,ipv4,malicious-ip,medium,WHITE,ziyadnz/hourly-ipv4,ziyadnz|hourly,2026-08-17T18:48:05Z,2026-08-17T18:48:05Z,
36.255.220.145,ipv4,malicious-ip,medium,WHITE,ziyadnz/hourly-ipv4,ziyadnz|hourly,2026-08-17T18:48:05Z,2026-08-17T18:48:05Z,
36.255.220.229,ipv4,malicious-ip,medium,WHITE,ziyadnz/hourly-ipv4,ziyadnz|hourly,2026-08-17T18:48:05Z,2026-08-17T18:48:05Z,
36.255.220.44,ipv4,malicious-ip,medium,WHITE,ziyadnz/hourly-ipv4,ziyadnz|hourly,2026-08-17T18:48:05Z,2026-08-17T18:48:05Z,
36.255.32.12,ipv4,malicious-ip,medium,WHITE,ziyadnz/hourly-ipv4,ziyadnz|hourly,2026-08-17T18:48:05Z,2026-08-17T18:48:05Z,
36.255.33.0,ipv4,malicious-ip,medium,WHITE,ziyadnz/hourly-ipv4,ziyadnz|hourly,2026-08-17T18:48:05Z,2026-08-17T18:48:05Z,
36.255.33.108,ipv4,malicious-ip,medium,WHITE,ziyadnz/hourly-ipv4,ziyadnz|hourly,2026-08-17T18:48:05Z,2026-08-17T18:48:05Z,
36.255.33.115,ipv4,malicious-ip,medium,WHITE,ziyadnz/hourly-ipv4,ziyadnz|hourly,2026-08-17T18:48:05Z,2026-08-17T18:48:05Z,
36.255.33.132,ipv4,malicious-ip,medium,WHITE,ziyadnz/hourly-ipv4,ziyadnz|hourly,2026-08-17T18:48:05Z,2026-08-17T18:48:05Z,
36.255.33.139,ipv4,malicious-ip,medium,WHITE,ziyadnz/hourly-ipv4,ziyadnz|hourly,2026-08-17T18:48:05Z,2026-08-17T18:48:05Z,
36.255.33.160,ipv4,malicious-ip,medium,WHITE,ziyadnz/hourly-ipv4,ziyadnz|hourly,2026-08-17T18:48:05Z,2026-08-17T18:48:05Z,
36.255.33.179,ipv4,malicious-ip,medium,WHITE,ziyadnz/hourly-ipv4,ziyadnz|hourly,2026-08-17T18:48:05Z,2026-08-17T18:48:05Z,
36.255.33.2,ipv4,malicious-ip,medium,WHITE,ziyadnz/hourly-ipv4,ziyadnz|hourly,2026-08-17T18:48:05Z,2026-08-17T18:48:05Z,
36.255.33.254,ipv4,malicious-ip,medium,WHITE,ziyadnz/hourly-ipv4,ziyadnz|hourly,2026-08-17T18:48:05Z,2026-08-17T18:48:05Z,
36.255.33.66,ipv4,malicious-ip,medium,WHITE,ziyadnz/hourly-ipv4,ziyadnz|hourly,2026-08-17T18:48:05Z,2026-08-17T18:48:05Z,
36.255.40.143,ipv4,malicious-ip,medium,WHITE,ziyadnz/hourly-ipv4,ziyadnz|hourly,2026-08-17T18:48:05Z,2026-08-17T18:48:05Z,
36.255.40.35,ipv4,malicious-ip,medium,WHITE,ziyadnz/hourly-ipv4,ziyadnz|hourly,2026-08-17T18:48:05Z,2026-08-17T18:48:05Z,
36.255.40.71,ipv4,malicious-ip,medium,WHITE,ziyadnz/hourly-ipv4,ziyadnz|hourly,2026-08-17T18:48:05Z,2026-08-17T18:48:05Z,
36.255.41.139,ipv4,malicious-ip,medium,WHITE,ziyadnz/hourly-ipv4,ziyadnz|hourly,2026-08-17T18:48:05Z,2026-08-17T18:48:05Z,
36.255.61.133,ipv4,malicious-ip,medium,WHITE,ziyadnz/hourly-ipv4,ziyadnz|hourly,2026-08-17T18:48:05Z,2026-08-17T18:48:05Z,
36.255.66.26,ipv4,malicious-ip,medium,WHITE,ziyadnz/hourly-ipv4,ziyadnz|hourly,2026-08-17T18:48:05Z,2026-08-17T18:48:05Z,
36.255.7.234,ipv4,malicious-ip,medium,WHITE,ziyadnz/hourly-ipv4,ziyadnz|hourly,2026-08-17T18:48:05Z,2026-08-17T18:48:05Z,
36.255.85.219,ipv4,malicious-ip,medium,WHITE,ziyadnz/hourly-ipv4,ziyadnz|hourly,2026-08-17T18:48:05Z,2026-08-17T18:48:05Z,
36.255.97.0,ipv4,malicious-ip,medium,WHITE,ziyadnz/hourly-ipv4,ziyadnz|hourly,2026-08-17T18:48:05Z,2026-08-17T18:48:05Z,
36.255.97.14,ipv4,malicious-ip,medium,WHITE,ziyadnz/hourly-ipv4,ziyadnz|hourly,2026-08-17T18:48:05Z,2026-08-17T18:48:05Z,
36.255.97.25,ipv4,malicious-ip,medium,WHITE,ziyadnz/hourly-ipv4,ziyadnz|hourly,2026-08-17T18:48:05Z,2026-08-17T18:48:05Z,
36.255.97.27,ipv4,malicious-ip,medium,WHITE,ziyadnz/hourly-ipv4,ziyadnz|hourly,2026-08-17T18:48:05Z,2026-08-17T18:48:05Z,
36.255.97.28,ipv4,malicious-ip,medium,WHITE,ziyadnz/hourly-ipv4,ziyadnz|hourly,2026-08-17T18:48:05Z,2026-08-17T18:48:05Z,
36.255.97.29,ipv4,malicious-ip,medium,WHITE,ziyadnz/hourly-ipv4,ziyadnz|hourly,2026-08-17T18:48:05Z,2026-08-17T18:48:05Z,
36.255.97.32,ipv4,malicious-ip,medium,WHITE,ziyadnz/hourly-ipv4,ziyadnz|hourly,2026-08-17T18:48:05Z,2026-08-17T18:48:05Z,
36.255.97.33,ipv4,malicious-ip,medium,WHITE,ziyadnz/hourly-ipv4,ziyadnz|hourly,2026-08-17T18:48:05Z,2026-08-17T18:48:05Z,
36.255.97.34,ipv4,malicious-ip,medium,WHITE,ziyadnz/hourly-ipv4,ziyadnz|hourly,2026-08-17T18:48:05Z,2026-08-17T18:48:05Z,
36.255.97.39,ipv4,malicious-ip,medium,WHITE,ziyadnz/hourly-ipv4,ziyadnz|hourly,2026-08-17T18:48:05Z,2026-08-17T18:48:05Z,
36.255.97.4,ipv4,malicious-ip,medium,WHITE,ziyadnz/hourly-ipv4,ziyadnz|hourly,2026-08-17T18:48:05Z,2026-08-17T18:48:05Z,
36.255.97.40,ipv4,malicious-ip,medium,WHITE,ziyadnz/hourly-ipv4,ziyadnz|hourly,2026-08-17T18:48:05Z,2026-08-17T18:48:05Z,
36.255.97.41,ipv4,malicious-ip,medium,WHITE,ziyadnz/hourly-ipv4,ziyadnz|hourly,2026-08-17T18:48:05Z,2026-08-17T18:48:05Z,
36.255.97.42,ipv4,malicious-ip,medium,WHITE,ziyadnz/hourly-ipv4,ziyadnz|hourly,2026-08-17T18:48:05Z,2026-08-17T18:48:05Z,
36.255.97.43,ipv4,malicious-ip,medium,WHITE,ziyadnz/hourly-ipv4,ziyadnz|hourly,2026-08-17T18:48:05Z,2026-08-17T18:48:05Z,
36.255.97.44,ipv4,malicious-ip,medium,WHITE,ziyadnz/hourly-ipv4,ziyadnz|hourly,2026-08-17T18:48:05Z,2026-08-17T18:48:05Z,
36.255.97.72,ipv4,malicious-ip,medium,WHITE,ziyadnz/hourly-ipv4,ziyadnz|hourly,2026-08-17T18:48:05Z,2026-08-17T18:48:05Z,
36.255.98.152,ipv4,malicious-ip,medium,WHITE,ziyadnz/hourly-ipv4,ziyadnz|hourly,2026-08-17T18:48:05Z,2026-08-17T18:48:05Z,
36.255.98.159,ipv4,malicious-ip,medium,WHITE,ziyadnz/hourly-ipv4,ziyadnz|hourly,2026-08-17T18:48:05Z,2026-08-17T18:48:05Z,
36.255.98.160,ipv4,malicious-ip,medium,WHITE,ziyadnz/hourly-ipv4,ziyadnz|hourly,2026-08-17T18:48:05Z,2026-08-17T18:48:05Z,
36.255.98.165,ipv4,malicious-ip,medium,WHITE,ziyadnz/hourly-ipv4,ziyadnz|hourly,2026-08-17T18:48:05Z,2026-08-17T18:48:05Z,
36.255.98.179,ipv4,malicious-ip,medium,WHITE,ziyadnz/hourly-ipv4,ziyadnz|hourly,2026-08-17T18:48:05Z,2026-08-17T18:48:05Z,
36.26.224.180,ipv4,malicious-ip,medium,WHITE,ziyadnz/hourly-ipv4,ziyadnz|hourly,2026-08-17T18:48:05Z,2026-08-17T18:48:05Z,
36.26.225.152,ipv4,malicious-ip,medium,WHITE,ziyadnz/hourly-ipv4,ziyadnz|hourly,2026-08-17T18:48:05Z,2026-08-17T18:48:05Z,
36.26.235.125,ipv4,malicious-ip,medium,WHITE,ziyadnz/hourly-ipv4,ziyadnz|hourly,2026-08-17T18:48:05Z,2026-08-17T18:48:05Z,
36.26.238.232,ipv4,malicious-ip,medium,WHITE,ziyadnz/hourly-ipv4,ziyadnz|hourly,2026-08-17T18:48:05Z,2026-08-17T18:48:05Z,
36.26.30.150,ipv4,malicious-ip,medium,WHITE,ziyadnz/hourly-ipv4,ziyadnz|hourly,2026-08-17T18:48:05Z,2026-08-17T18:48:05Z,
36.26.74.162,ipv4,malicious-ip,medium,WHITE,ziyadnz/hourly-ipv4,ziyadnz|hourly,2026-08-17T18:48:05Z,2026-08-17T18:48:05Z,
36.26.82.246,ipv4,malicious-ip,medium,WHITE,ziyadnz/hourly-ipv4,ziyadnz|hourly,2026-08-17T18:48:05Z,2026-08-17T18:48:05Z,
36.27.192.187,ipv4,malicious-ip,medium,WHITE,ziyadnz/hourly-ipv4,ziyadnz|hourly,2026-08-17T18:48:05Z,2026-08-17T18:48:05Z,
36.27.37.186,ipv4,malicious-ip,medium,WHITE,ziyadnz/hourly-ipv4,ziyadnz|hourly,2026-08-17T18:48:05Z,2026-08-17T18:48:05Z,
36.32.156.196,ipv4,malicious-ip,medium,WHITE,ziyadnz/hourly-ipv4,ziyadnz|hourly,2026-08-17T18:48:05Z,2026-08-17T18:48:05Z,
36.32.156.214,ipv4,malicious-ip,medium,WHITE,ziyadnz/hourly-ipv4,ziyadnz|hourly,2026-08-17T18:48:05Z,2026-08-17T18:48:05Z,
36.32.156.230,ipv4,malicious-ip,medium,WHITE,ziyadnz/hourly-ipv4,ziyadnz|hourly,2026-08-17T18:48:05Z,2026-08-17T18:48:05Z,
36.32.156.93,ipv4,malicious-ip,medium,WHITE,ziyadnz/hourly-ipv4,ziyadnz|hourly,2026-08-17T18:48:05Z,2026-08-17T18:48:05Z,
36.32.3.120,ipv4,malicious-ip,medium,WHITE,ziyadnz/hourly-ipv4,ziyadnz|hourly,2026-08-17T18:48:05Z,2026-08-17T18:48:05Z,
36.32.70.0,ipv4,malicious-ip,medium,WHITE,ziyadnz/hourly-ipv4,ziyadnz|hourly,2026-08-17T18:48:05Z,2026-08-17T18:48:05Z,
36.32.71.132,ipv4,malicious-ip,medium,WHITE,ziyadnz/hourly-ipv4,ziyadnz|hourly,2026-08-17T18:48:05Z,2026-08-17T18:48:05Z,
36.34.82.54,ipv4,malicious-ip,medium,WHITE,ziyadnz/hourly-ipv4,ziyadnz|hourly,2026-08-17T18:48:05Z,2026-08-17T18:48:05Z,
36.35.166.20,ipv4,malicious-ip,medium,WHITE,ziyadnz/hourly-ipv4,ziyadnz|hourly,2026-08-17T18:48:05Z,2026-08-17T18:48:05Z,
36.37.117.50,ipv4,malicious-ip,medium,WHITE,ziyadnz/hourly-ipv4,ziyadnz|hourly,2026-08-17T18:48:05Z,2026-08-17T18:48:05Z,
36.37.122.175,ipv4,malicious-ip,medium,WHITE,ziyadnz/hourly-ipv4,ziyadnz|hourly,2026-08-17T18:48:05Z,2026-08-17T18:48:05Z,
36.37.213.181,ipv4,malicious-ip,medium,WHITE,ziyadnz/hourly-ipv4,ziyadnz|hourly,2026-08-17T18:48:05Z,2026-08-17T18:48:05Z,
36.37.227.184,ipv4,malicious-ip,medium,WHITE,ziyadnz/hourly-ipv4,ziyadnz|hourly,2026-08-17T18:48:05Z,2026-08-17T18:48:05Z,
36.37.92.210,ipv4,malicious-ip,medium,WHITE,ziyadnz/hourly-ipv4,ziyadnz|hourly,2026-08-17T18:48:05Z,2026-08-17T18:48:05Z,
36.38.56.82,ipv4,malicious-ip,medium,WHITE,ziyadnz/hourly-ipv4,ziyadnz|hourly,2026-08-17T18:48:05Z,2026-08-17T18:48:05Z,
36.39.140.2,ipv4,malicious-ip,medium,WHITE,ziyadnz/hourly-ipv4,ziyadnz|hourly,2026-08-17T18:48:05Z,2026-08-17T18:48:05Z,
36.39.206.10,ipv4,malicious-ip,medium,WHITE,ziyadnz/hourly-ipv4,ziyadnz|hourly,2026-08-17T18:48:05Z,2026-08-17T18:48:05Z,
36.39.206.15,ipv4,malicious-ip,medium,WHITE,ziyadnz/hourly-ipv4,ziyadnz|hourly,2026-08-17T18:48:05Z,2026-08-17T18:48:05Z,
36.39.206.32,ipv4,malicious-ip,medium,WHITE,ziyadnz/hourly-ipv4,ziyadnz|hourly,2026-08-17T18:48:05Z,2026-08-17T18:48:05Z,
36.39.206.5,ipv4,malicious-ip,medium,WHITE,ziyadnz/hourly-ipv4,ziyadnz|hourly,2026-08-17T18:48:05Z,2026-08-17T18:48:05Z,
36.4.1.7,ipv4,malicious-ip,medium,WHITE,ziyadnz/hourly-ipv4,ziyadnz|hourly,2026-08-17T18:48:05Z,2026-08-17T18:48:05Z,
36.41.173.197,ipv4,malicious-ip,medium,WHITE,ziyadnz/hourly-ipv4,ziyadnz|hourly,2026-08-17T18:48:05Z,2026-08-17T18:48:05Z,
36.41.184.119,ipv4,malicious-ip,medium,WHITE,ziyadnz/hourly-ipv4,ziyadnz|hourly,2026-08-17T18:48:05Z,2026-08-17T18:48:05Z,
36.41.186.9,ipv4,malicious-ip,medium,WHITE,ziyadnz/hourly-ipv4,ziyadnz|hourly,2026-08-17T18:48:05Z,2026-08-17T18:48:05Z,
36.49.87.130,ipv4,malicious-ip,medium,WHITE,ziyadnz/hourly-ipv4,ziyadnz|hourly,2026-08-17T18:48:05Z,2026-08-17T18:48:05Z,
36.5.159.93,ipv4,malicious-ip,medium,WHITE,ziyadnz/hourly-ipv4,ziyadnz|hourly,2026-08-17T18:48:05Z,2026-08-17T18:48:05Z,
36.50.135.229,ipv4,malicious-ip,medium,WHITE,ziyadnz/hourly-ipv4,ziyadnz|hourly,2026-08-17T18:48:05Z,2026-08-17T18:48:05Z,
36.50.151.66,ipv4,malicious-ip,medium,WHITE,ziyadnz/hourly-ipv4,ziyadnz|hourly,2026-08-17T18:48:05Z,2026-08-17T18:48:05Z,
36.50.163.46,ipv4,malicious-ip,medium,WHITE,ziyadnz/hourly-ipv4,ziyadnz|hourly,2026-08-17T18:48:05Z,2026-08-17T18:48:05Z,
36.50.176.139,ipv4,malicious-ip,medium,WHITE,ziyadnz/hourly-ipv4,ziyadnz|hourly,2026-08-17T18:48:05Z,2026-08-17T18:48:05Z,
36.50.176.144,ipv4,malicious-ip,medium,WHITE,ziyadnz/hourly-ipv4,ziyadnz|hourly,2026-08-17T18:48:05Z,2026-08-17T18:48:05Z,
36.50.179.219,ipv4,malicious-ip,medium,WHITE,ziyadnz/hourly-ipv4,ziyadnz|hourly,2026-08-17T18:48:05Z,2026-08-17T18:48:05Z,
36.50.43.62,ipv4,malicious-ip,medium,WHITE,ziyadnz/hourly-ipv4,ziyadnz|hourly,2026-08-17T18:48:05Z,2026-08-17T18:48:05Z,
36.50.52.29,ipv4,malicious-ip,medium,WHITE,ziyadnz/hourly-ipv4,ziyadnz|hourly,2026-08-17T18:48:05Z,2026-08-17T18:48:05Z,
36.50.54.201,ipv4,malicious-ip,medium,WHITE,ziyadnz/hourly-ipv4,ziyadnz|hourly,2026-08-17T18:48:05Z,2026-08-17T18:48:05Z,
36.50.54.62,ipv4,malicious-ip,medium,WHITE,ziyadnz/hourly-ipv4,ziyadnz|hourly,2026-08-17T18:48:05Z,2026-08-17T18:48:05Z,
36.6.144.189,ipv4,malicious-ip,medium,WHITE,ziyadnz/hourly-ipv4,ziyadnz|hourly,2026-08-17T18:48:05Z,2026-08-17T18:48:05Z,
36.62.94.189,ipv4,malicious-ip,medium,WHITE,ziyadnz/hourly-ipv4,ziyadnz|hourly,2026-08-17T18:48:05Z,2026-08-17T18:48:05Z,
36.64.159.106,ipv4,malicious-ip,medium,WHITE,ziyadnz/hourly-ipv4,ziyadnz|hourly,2026-08-17T18:48:05Z,2026-08-17T18:48:05Z,
36.64.162.195,ipv4,malicious-ip,medium,WHITE,ziyadnz/hourly-ipv4,ziyadnz|hourly,2026-08-17T18:48:05Z,2026-08-17T18:48:05Z,
36.64.163.191,ipv4,malicious-ip,medium,WHITE,ziyadnz/hourly-ipv4,ziyadnz|hourly,2026-08-17T18:48:05Z,2026-08-17T18:48:05Z,
36.64.169.242,ipv4,malicious-ip,medium,WHITE,ziyadnz/hourly-ipv4,ziyadnz|hourly,2026-08-17T18:48:05Z,2026-08-17T18:48:05Z,
36.64.185.74,ipv4,malicious-ip,medium,WHITE,ziyadnz/hourly-ipv4,ziyadnz|hourly,2026-08-17T18:48:05Z,2026-08-17T18:48:05Z,
36.64.202.189,ipv4,malicious-ip,medium,WHITE,ziyadnz/hourly-ipv4,ziyadnz|hourly,2026-08-17T18:48:05Z,2026-08-17T18:48:05Z,
36.64.211.219,ipv4,malicious-ip,medium,WHITE,ziyadnz/hourly-ipv4,ziyadnz|hourly,2026-08-17T18:48:05Z,2026-08-17T18:48:05Z,
36.64.211.93,ipv4,malicious-ip,medium,WHITE,ziyadnz/hourly-ipv4,ziyadnz|hourly,2026-08-17T18:48:05Z,2026-08-17T18:48:05Z,
36.64.244.228,ipv4,malicious-ip,medium,WHITE,ziyadnz/hourly-ipv4,ziyadnz|hourly,2026-08-17T18:48:05Z,2026-08-17T18:48:05Z,
36.64.36.101,ipv4,malicious-ip,medium,WHITE,ziyadnz/hourly-ipv4,ziyadnz|hourly,2026-08-17T18:48:05Z,2026-08-17T18:48:05Z,
36.65.201.184,ipv4,malicious-ip,medium,WHITE,ziyadnz/hourly-ipv4,ziyadnz|hourly,2026-08-17T18:48:05Z,2026-08-17T18:48:05Z,
36.65.214.24,ipv4,malicious-ip,medium,WHITE,ziyadnz/hourly-ipv4,ziyadnz|hourly,2026-08-17T18:48:05Z,2026-08-17T18:48:05Z,
36.65.239.85,ipv4,malicious-ip,medium,WHITE,ziyadnz/hourly-ipv4,ziyadnz|hourly,2026-08-17T18:48:05Z,2026-08-17T18:48:05Z,
36.65.99.226,ipv4,malicious-ip,medium,WHITE,ziyadnz/hourly-ipv4,ziyadnz|hourly,2026-08-17T18:48:05Z,2026-08-17T18:48:05Z,
36.66.162.10,ipv4,malicious-ip,medium,WHITE,ziyadnz/hourly-ipv4,ziyadnz|hourly,2026-08-17T18:48:05Z,2026-08-17T18:48:05Z,
36.66.162.11,ipv4,malicious-ip,medium,WHITE,ziyadnz/hourly-ipv4,ziyadnz|hourly,2026-08-17T18:48:05Z,2026-08-17T18:48:05Z,
36.67.11.250,ipv4,malicious-ip,medium,WHITE,ziyadnz/hourly-ipv4,ziyadnz|hourly,2026-08-17T18:48:05Z,2026-08-17T18:48:05Z,
36.67.115.225,ipv4,malicious-ip,medium,WHITE,ziyadnz/hourly-ipv4,ziyadnz|hourly,2026-08-17T18:48:05Z,2026-08-17T18:48:05Z,
36.67.127.60,ipv4,malicious-ip,medium,WHITE,ziyadnz/hourly-ipv4,ziyadnz|hourly,2026-08-17T18:48:05Z,2026-08-17T18:48:05Z,
36.67.186.130,ipv4,malicious-ip,medium,WHITE,ziyadnz/hourly-ipv4,ziyadnz|hourly,2026-08-17T18:48:05Z,2026-08-17T18:48:05Z,
36.67.224.143,ipv4,malicious-ip,medium,WHITE,ziyadnz/hourly-ipv4,ziyadnz|hourly,2026-08-17T18:48:05Z,2026-08-17T18:48:05Z,
36.67.26.34,ipv4,malicious-ip,medium,WHITE,ziyadnz/hourly-ipv4,ziyadnz|hourly,2026-08-17T18:48:05Z,2026-08-17T18:48:05Z,
36.67.6.139,ipv4,malicious-ip,medium,WHITE,ziyadnz/hourly-ipv4,ziyadnz|hourly,2026-08-17T18:48:05Z,2026-08-17T18:48:05Z,
36.68.158.232,ipv4,malicious-ip,medium,WHITE,ziyadnz/hourly-ipv4,ziyadnz|hourly,2026-08-17T18:48:05Z,2026-08-17T18:48:05Z,
36.68.52.238,ipv4,malicious-ip,medium,WHITE,ziyadnz/hourly-ipv4,ziyadnz|hourly,2026-08-17T18:48:05Z,2026-08-17T18:48:05Z,
36.68.53.138,ipv4,malicious-ip,medium,WHITE,ziyadnz/hourly-ipv4,ziyadnz|hourly,2026-08-17T18:48:05Z,2026-08-17T18:48:05Z,
36.68.53.151,ipv4,malicious-ip,medium,WHITE,ziyadnz/hourly-ipv4,ziyadnz|hourly,2026-08-17T18:48:05Z,2026-08-17T18:48:05Z,
36.68.54.97,ipv4,malicious-ip,medium,WHITE,ziyadnz/hourly-ipv4,ziyadnz|hourly,2026-08-17T18:48:05Z,2026-08-17T18:48:05Z,
36.68.8.199,ipv4,malicious-ip,medium,WHITE,ziyadnz/hourly-ipv4,ziyadnz|hourly,2026-08-17T18:48:05Z,2026-08-17T18:48:05Z,
36.69.129.67,ipv4,malicious-ip,medium,WHITE,ziyadnz/hourly-ipv4,ziyadnz|hourly,2026-08-17T18:48:05Z,2026-08-17T18:48:05Z,
36.69.129.95,ipv4,malicious-ip,medium,WHITE,ziyadnz/hourly-ipv4,ziyadnz|hourly,2026-08-17T18:48:05Z,2026-08-17T18:48:05Z,
36.69.144.59,ipv4,malicious-ip,medium,WHITE,ziyadnz/hourly-ipv4,ziyadnz|hourly,2026-08-17T18:48:05Z,2026-08-17T18:48:05Z,
36.69.156.92,ipv4,malicious-ip,medium,WHITE,ziyadnz/hourly-ipv4,ziyadnz|hourly,2026-08-17T18:48:05Z,2026-08-17T18:48:05Z,
36.69.158.140,ipv4,malicious-ip,medium,WHITE,ziyadnz/hourly-ipv4,ziyadnz|hourly,2026-08-17T18:48:05Z,2026-08-17T18:48:05Z,
36.69.58.145,ipv4,malicious-ip,medium,WHITE,ziyadnz/hourly-ipv4,ziyadnz|hourly,2026-08-17T18:48:05Z,2026-08-17T18:48:05Z,
36.70.153.130,ipv4,malicious-ip,medium,WHITE,ziyadnz/hourly-ipv4,ziyadnz|hourly,2026-08-17T18:48:05Z,2026-08-17T18:48:05Z,
36.70.237.96,ipv4,malicious-ip,medium,WHITE,ziyadnz/hourly-ipv4,ziyadnz|hourly,2026-08-17T18:48:05Z,2026-08-17T18:48:05Z,
36.70.94.103,ipv4,malicious-ip,medium,WHITE,ziyadnz/hourly-ipv4,ziyadnz|hourly,2026-08-17T18:48:05Z,2026-08-17T18:48:05Z,
36.71.17.122,ipv4,malicious-ip,medium,WHITE,ziyadnz/hourly-ipv4,ziyadnz|hourly,2026-08-17T18:48:05Z,2026-08-17T18:48:05Z,
36.71.66.55,ipv4,malicious-ip,medium,WHITE,ziyadnz/hourly-ipv4,ziyadnz|hourly,2026-08-17T18:48:05Z,2026-08-17T18:48:05Z,
36.74.217.62,ipv4,malicious-ip,medium,WHITE,ziyadnz/hourly-ipv4,ziyadnz|hourly,2026-08-17T18:48:05Z,2026-08-17T18:48:05Z,
36.74.221.209,ipv4,malicious-ip,medium,WHITE,ziyadnz/hourly-ipv4,ziyadnz|hourly,2026-08-17T18:48:05Z,2026-08-17T18:48:05Z,
36.74.236.62,ipv4,malicious-ip,medium,WHITE,ziyadnz/hourly-ipv4,ziyadnz|hourly,2026-08-17T18:48:05Z,2026-08-17T18:48:05Z,
36.75.248.225,ipv4,malicious-ip,medium,WHITE,ziyadnz/hourly-ipv4,ziyadnz|hourly,2026-08-17T18:48:05Z,2026-08-17T18:48:05Z,
36.77.107.252,ipv4,malicious-ip,medium,WHITE,ziyadnz/hourly-ipv4,ziyadnz|hourly,2026-08-17T18:48:05Z,2026-08-17T18:48:05Z,
36.78.107.155,ipv4,malicious-ip,medium,WHITE,ziyadnz/hourly-ipv4,ziyadnz|hourly,2026-08-17T18:48:05Z,2026-08-17T18:48:05Z,
36.78.107.60,ipv4,malicious-ip,medium,WHITE,ziyadnz/hourly-ipv4,ziyadnz|hourly,2026-08-17T18:48:05Z,2026-08-17T18:48:05Z,
36.78.151.70,ipv4,malicious-ip,medium,WHITE,ziyadnz/hourly-ipv4,ziyadnz|hourly,2026-08-17T18:48:05Z,2026-08-17T18:48:05Z,
36.79.148.76,ipv4,malicious-ip,medium,WHITE,ziyadnz/hourly-ipv4,ziyadnz|hourly,2026-08-17T18:48:05Z,2026-08-17T18:48:05Z,
36.79.151.69,ipv4,malicious-ip,medium,WHITE,ziyadnz/hourly-ipv4,ziyadnz|hourly,2026-08-17T18:48:05Z,2026-08-17T18:48:05Z,
36.79.236.127,ipv4,malicious-ip,medium,WHITE,ziyadnz/hourly-ipv4,ziyadnz|hourly,2026-08-17T18:48:05Z,2026-08-17T18:48:05Z,
36.80.116.146,ipv4,malicious-ip,medium,WHITE,ziyadnz/hourly-ipv4,ziyadnz|hourly,2026-08-17T18:48:05Z,2026-08-17T18:48:05Z,
36.80.184.69,ipv4,malicious-ip,medium,WHITE,ziyadnz/hourly-ipv4,ziyadnz|hourly,2026-08-17T18:48:05Z,2026-08-17T18:48:05Z,
36.80.187.189,ipv4,malicious-ip,medium,WHITE,ziyadnz/hourly-ipv4,ziyadnz|hourly,2026-08-17T18:48:05Z,2026-08-17T18:48:05Z,
36.80.187.229,ipv4,malicious-ip,medium,WHITE,ziyadnz/hourly-ipv4,ziyadnz|hourly,2026-08-17T18:48:05Z,2026-08-17T18:48:05Z,
36.81.93.125,ipv4,malicious-ip,medium,WHITE,ziyadnz/hourly-ipv4,ziyadnz|hourly,2026-08-17T18:48:05Z,2026-08-17T18:48:05Z,
36.82.125.33,ipv4,malicious-ip,medium,WHITE,ziyadnz/hourly-ipv4,ziyadnz|hourly,2026-08-17T18:48:05Z,2026-08-17T18:48:05Z,
36.82.45.61,ipv4,malicious-ip,medium,WHITE,ziyadnz/hourly-ipv4,ziyadnz|hourly,2026-08-17T18:48:05Z,2026-08-17T18:48:05Z,
36.83.129.203,ipv4,malicious-ip,medium,WHITE,ziyadnz/hourly-ipv4,ziyadnz|hourly,2026-08-17T18:48:05Z,2026-08-17T18:48:05Z,
36.83.131.210,ipv4,malicious-ip,medium,WHITE,ziyadnz/hourly-ipv4,ziyadnz|hourly,2026-08-17T18:48:05Z,2026-08-17T18:48:05Z,
36.83.138.137,ipv4,malicious-ip,medium,WHITE,ziyadnz/hourly-ipv4,ziyadnz|hourly,2026-08-17T18:48:05Z,2026-08-17T18:48:05Z,
36.83.226.78,ipv4,malicious-ip,medium,WHITE,ziyadnz/hourly-ipv4,ziyadnz|hourly,2026-08-17T18:48:05Z,2026-08-17T18:48:05Z,
36.85.110.142,ipv4,malicious-ip,medium,WHITE,ziyadnz/hourly-ipv4,ziyadnz|hourly,2026-08-17T18:48:05Z,2026-08-17T18:48:05Z,
36.85.187.21,ipv4,malicious-ip,medium,WHITE,ziyadnz/hourly-ipv4,ziyadnz|hourly,2026-08-17T18:48:05Z,2026-08-17T18:48:05Z,
36.85.205.114,ipv4,malicious-ip,medium,WHITE,ziyadnz/hourly-ipv4,ziyadnz|hourly,2026-08-17T18:48:05Z,2026-08-17T18:48:05Z,
36.88.16.31,ipv4,malicious-ip,medium,WHITE,ziyadnz/hourly-ipv4,ziyadnz|hourly,2026-08-17T18:48:05Z,2026-08-17T18:48:05Z,
36.89.62.181,ipv4,malicious-ip,medium,WHITE,ziyadnz/hourly-ipv4,ziyadnz|hourly,2026-08-17T18:48:05Z,2026-08-17T18:48:05Z,
36.90.174.20,ipv4,malicious-ip,medium,WHITE,ziyadnz/hourly-ipv4,ziyadnz|hourly,2026-08-17T18:48:05Z,2026-08-17T18:48:05Z,
36.90.65.89,ipv4,malicious-ip,medium,WHITE,ziyadnz/hourly-ipv4,ziyadnz|hourly,2026-08-17T18:48:05Z,2026-08-17T18:48:05Z,
36.91.166.189,ipv4,malicious-ip,medium,WHITE,ziyadnz/hourly-ipv4,ziyadnz|hourly,2026-08-17T18:48:05Z,2026-08-17T18:48:05Z,
36.91.182.122,ipv4,malicious-ip,medium,WHITE,ziyadnz/hourly-ipv4,ziyadnz|hourly,2026-08-17T18:48:05Z,2026-08-17T18:48:05Z,
36.91.194.103,ipv4,malicious-ip,medium,WHITE,ziyadnz/hourly-ipv4,ziyadnz|hourly,2026-08-17T18:48:05Z,2026-08-17T18:48:05Z,
36.91.6.68,ipv4,malicious-ip,medium,WHITE,ziyadnz/hourly-ipv4,ziyadnz|hourly,2026-08-17T18:48:05Z,2026-08-17T18:48:05Z,
36.91.75.189,ipv4,malicious-ip,medium,WHITE,ziyadnz/hourly-ipv4,ziyadnz|hourly,2026-08-17T18:48:05Z,2026-08-17T18:48:05Z,
36.91.81.195,ipv4,malicious-ip,medium,WHITE,ziyadnz/hourly-ipv4,ziyadnz|hourly,2026-08-17T18:48:05Z,2026-08-17T18:48:05Z,
36.92.107.106,ipv4,malicious-ip,medium,WHITE,ziyadnz/hourly-ipv4,ziyadnz|hourly,2026-08-17T18:48:05Z,2026-08-17T18:48:05Z,
36.92.154.210,ipv4,malicious-ip,medium,WHITE,ziyadnz/hourly-ipv4,ziyadnz|hourly,2026-08-17T18:48:05Z,2026-08-17T18:48:05Z,
36.92.165.237,ipv4,malicious-ip,medium,WHITE,ziyadnz/hourly-ipv4,ziyadnz|hourly,2026-08-17T18:48:05Z,2026-08-17T18:48:05Z,
36.92.188.66,ipv4,malicious-ip,medium,WHITE,ziyadnz/hourly-ipv4,ziyadnz|hourly,2026-08-17T18:48:05Z,2026-08-17T18:48:05Z,
36.92.246.14,ipv4,malicious-ip,medium,WHITE,ziyadnz/hourly-ipv4,ziyadnz|hourly,2026-08-17T18:48:05Z,2026-08-17T18:48:05Z,
36.92.32.151,ipv4,malicious-ip,medium,WHITE,ziyadnz/hourly-ipv4,ziyadnz|hourly,2026-08-17T18:48:05Z,2026-08-17T18:48:05Z,
36.92.35.211,ipv4,malicious-ip,medium,WHITE,ziyadnz/hourly-ipv4,ziyadnz|hourly,2026-08-17T18:48:05Z,2026-08-17T18:48:05Z,
36.92.41.115,ipv4,malicious-ip,medium,WHITE,ziyadnz/hourly-ipv4,ziyadnz|hourly,2026-08-17T18:48:05Z,2026-08-17T18:48:05Z,
36.92.6.45,ipv4,malicious-ip,medium,WHITE,ziyadnz/hourly-ipv4,ziyadnz|hourly,2026-08-17T18:48:05Z,2026-08-17T18:48:05Z,
36.92.68.241,ipv4,malicious-ip,medium,WHITE,ziyadnz/hourly-ipv4,ziyadnz|hourly,2026-08-17T18:48:05Z,2026-08-17T18:48:05Z,
36.92.84.133,ipv4,malicious-ip,medium,WHITE,ziyadnz/hourly-ipv4,ziyadnz|hourly,2026-08-17T18:48:05Z,2026-08-17T18:48:05Z,
36.92.98.135,ipv4,malicious-ip,medium,WHITE,ziyadnz/hourly-ipv4,ziyadnz|hourly,2026-08-17T18:48:05Z,2026-08-17T18:48:05Z,
36.93.10.74,ipv4,malicious-ip,medium,WHITE,ziyadnz/hourly-ipv4,ziyadnz|hourly,2026-08-17T18:48:05Z,2026-08-17T18:48:05Z,
36.93.123.91,ipv4,malicious-ip,medium,WHITE,ziyadnz/hourly-ipv4,ziyadnz|hourly,2026-08-17T18:48:05Z,2026-08-17T18:48:05Z,
36.93.152.155,ipv4,malicious-ip,medium,WHITE,ziyadnz/hourly-ipv4,ziyadnz|hourly,2026-08-17T18:48:05Z,2026-08-17T18:48:05Z,
36.93.154.207,ipv4,malicious-ip,medium,WHITE,ziyadnz/hourly-ipv4,ziyadnz|hourly,2026-08-17T18:48:05Z,2026-08-17T18:48:05Z,
36.93.191.110,ipv4,malicious-ip,medium,WHITE,ziyadnz/hourly-ipv4,ziyadnz|hourly,2026-08-17T18:48:05Z,2026-08-17T18:48:05Z,
36.93.224.153,ipv4,malicious-ip,medium,WHITE,ziyadnz/hourly-ipv4,ziyadnz|hourly,2026-08-17T18:48:05Z,2026-08-17T18:48:05Z,
36.93.65.93,ipv4,malicious-ip,medium,WHITE,ziyadnz/hourly-ipv4,ziyadnz|hourly,2026-08-17T18:48:05Z,2026-08-17T18:48:05Z,
36.93.83.73,ipv4,malicious-ip,medium,WHITE,ziyadnz/hourly-ipv4,ziyadnz|hourly,2026-08-17T18:48:05Z,2026-08-17T18:48:05Z,
36.93.89.130,ipv4,malicious-ip,medium,WHITE,ziyadnz/hourly-ipv4,ziyadnz|hourly,2026-08-17T18:48:05Z,2026-08-17T18:48:05Z,
36.94.105.46,ipv4,malicious-ip,medium,WHITE,ziyadnz/hourly-ipv4,ziyadnz|hourly,2026-08-17T18:48:05Z,2026-08-17T18:48:05Z,
36.94.136.161,ipv4,malicious-ip,medium,WHITE,ziyadnz/hourly-ipv4,ziyadnz|hourly,2026-08-17T18:48:05Z,2026-08-17T18:48:05Z,
36.94.137.167,ipv4,malicious-ip,medium,WHITE,ziyadnz/hourly-ipv4,ziyadnz|hourly,2026-08-17T18:48:05Z,2026-08-17T18:48:05Z,
36.94.2.141,ipv4,malicious-ip,medium,WHITE,ziyadnz/hourly-ipv4,ziyadnz|hourly,2026-08-17T18:48:05Z,2026-08-17T18:48:05Z,
36.94.216.223,ipv4,malicious-ip,medium,WHITE,ziyadnz/hourly-ipv4,ziyadnz|hourly,2026-08-17T18:48:05Z,2026-08-17T18:48:05Z,
36.94.228.17,ipv4,malicious-ip,medium,WHITE,ziyadnz/hourly-ipv4,ziyadnz|hourly,2026-08-17T18:48:05Z,2026-08-17T18:48:05Z,
36.95.104.106,ipv4,malicious-ip,medium,WHITE,ziyadnz/hourly-ipv4,ziyadnz|hourly,2026-08-17T18:48:05Z,2026-08-17T18:48:05Z,
36.95.130.197,ipv4,malicious-ip,medium,WHITE,ziyadnz/hourly-ipv4,ziyadnz|hourly,2026-08-17T18:48:05Z,2026-08-17T18:48:05Z,
36.95.194.51,ipv4,malicious-ip,medium,WHITE,ziyadnz/hourly-ipv4,ziyadnz|hourly,2026-08-17T18:48:05Z,2026-08-17T18:48:05Z,
36.95.194.54,ipv4,malicious-ip,medium,WHITE,ziyadnz/hourly-ipv4,ziyadnz|hourly,2026-08-17T18:48:05Z,2026-08-17T18:48:05Z,
36.95.221.140,ipv4,malicious-ip,medium,WHITE,ziyadnz/hourly-ipv4,ziyadnz|hourly,2026-08-17T18:48:05Z,2026-08-17T18:48:05Z,
36.95.228.227,ipv4,malicious-ip,medium,WHITE,ziyadnz/hourly-ipv4,ziyadnz|hourly,2026-08-17T18:48:05Z,2026-08-17T18:48:05Z,
36.95.248.97,ipv4,malicious-ip,medium,WHITE,ziyadnz/hourly-ipv4,ziyadnz|hourly,2026-08-17T18:48:05Z,2026-08-17T18:48:05Z,
36.95.74.85,ipv4,malicious-ip,medium,WHITE,ziyadnz/hourly-ipv4,ziyadnz|hourly,2026-08-17T18:48:05Z,2026-08-17T18:48:05Z,
36.95.77.99,ipv4,malicious-ip,medium,WHITE,ziyadnz/hourly-ipv4,ziyadnz|hourly,2026-08-17T18:48:05Z,2026-08-17T18:48:05Z,
36.96.107.194,ipv4,malicious-ip,medium,WHITE,ziyadnz/hourly-ipv4,ziyadnz|hourly,2026-08-17T18:48:05Z,2026-08-17T18:48:05Z,
36.99.136.128,ipv4,malicious-ip,medium,WHITE,ziyadnz/hourly-ipv4,ziyadnz|hourly,2026-08-17T18:48:05Z,2026-08-17T18:48:05Z,
36.99.238.134,ipv4,malicious-ip,medium,WHITE,ziyadnz/hourly-ipv4,ziyadnz|hourly,2026-08-17T18:48:05Z,2026-08-17T18:48:05Z,
36.99.46.101,ipv4,malicious-ip,medium,WHITE,ziyadnz/hourly-ipv4,ziyadnz|hourly,2026-08-17T18:48:05Z,2026-08-17T18:48:05Z,
37.0.11.215,ipv4,malicious-ip,medium,WHITE,ziyadnz/hourly-ipv4,ziyadnz|hourly,2026-08-17T18:48:05Z,2026-08-17T18:48:05Z,
37.0.168.65,ipv4,malicious-ip,medium,WHITE,ziyadnz/hourly-ipv4,ziyadnz|hourly,2026-08-17T18:48:05Z,2026-08-17T18:48:05Z,
37.1.196.35,ipv4,malicious-ip,medium,WHITE,ziyadnz/hourly-ipv4,ziyadnz|hourly,2026-08-17T18:48:05Z,2026-08-17T18:48:05Z,
37.1.206.174,ipv4,malicious-ip,medium,WHITE,ziyadnz/hourly-ipv4,ziyadnz|hourly,2026-08-17T18:48:05Z,2026-08-17T18:48:05Z,
37.1.209.19,ipv4,malicious-ip,medium,WHITE,ziyadnz/hourly-ipv4,ziyadnz|hourly,2026-08-17T18:48:05Z,2026-08-17T18:48:05Z,
37.1.212.18,ipv4,malicious-ip,medium,WHITE,ziyadnz/hourly-ipv4,ziyadnz|hourly,2026-08-17T18:48:05Z,2026-08-17T18:48:05Z,
37.1.212.198,ipv4,malicious-ip,medium,WHITE,ziyadnz/hourly-ipv4,ziyadnz|hourly,2026-08-17T18:48:05Z,2026-08-17T18:48:05Z,
37.1.213.152,ipv4,malicious-ip,medium,WHITE,ziyadnz/hourly-ipv4,ziyadnz|hourly,2026-08-17T18:48:05Z,2026-08-17T18:48:05Z,
37.1.221.132,ipv4,malicious-ip,medium,WHITE,ziyadnz/hourly-ipv4,ziyadnz|hourly,2026-08-17T18:48:05Z,2026-08-17T18:48:05Z,
37.1.221.249,ipv4,malicious-ip,medium,WHITE,ziyadnz/hourly-ipv4,ziyadnz|hourly,2026-08-17T18:48:05Z,2026-08-17T18:48:05Z,
37.10.113.0,ipv4,malicious-ip,medium,WHITE,ziyadnz/hourly-ipv4,ziyadnz|hourly,2026-08-17T18:48:05Z,2026-08-17T18:48:05Z,
37.10.113.211,ipv4,malicious-ip,medium,WHITE,ziyadnz/hourly-ipv4,ziyadnz|hourly,2026-08-17T18:48:05Z,2026-08-17T18:48:05Z,
37.10.113.212,ipv4,malicious-ip,medium,WHITE,ziyadnz/hourly-ipv4,ziyadnz|hourly,2026-08-17T18:48:05Z,2026-08-17T18:48:05Z,
37.10.113.213,ipv4,malicious-ip,medium,WHITE,ziyadnz/hourly-ipv4,ziyadnz|hourly,2026-08-17T18:48:05Z,2026-08-17T18:48:05Z,
37.10.113.214,ipv4,malicious-ip,medium,WHITE,ziyadnz/hourly-ipv4,ziyadnz|hourly,2026-08-17T18:48:05Z,2026-08-17T18:48:05Z,
37.10.113.215,ipv4,malicious-ip,medium,WHITE,ziyadnz/hourly-ipv4,ziyadnz|hourly,2026-08-17T18:48:05Z,2026-08-17T18:48:05Z,
37.10.113.216,ipv4,malicious-ip,medium,WHITE,ziyadnz/hourly-ipv4,ziyadnz|hourly,2026-08-17T18:48:05Z,2026-08-17T18:48:05Z,
37.10.113.217,ipv4,malicious-ip,medium,WHITE,ziyadnz/hourly-ipv4,ziyadnz|hourly,2026-08-17T18:48:05Z,2026-08-17T18:48:05Z,
37.10.113.218,ipv4,malicious-ip,medium,WHITE,ziyadnz/hourly-ipv4,ziyadnz|hourly,2026-08-17T18:48:05Z,2026-08-17T18:48:05Z,
37.10.113.219,ipv4,malicious-ip,medium,WHITE,ziyadnz/hourly-ipv4,ziyadnz|hourly,2026-08-17T18:48:05Z,2026-08-17T18:48:05Z,
37.10.113.220,ipv4,malicious-ip,medium,WHITE,ziyadnz/hourly-ipv4,ziyadnz|hourly,2026-08-17T18:48:05Z,2026-08-17T18:48:05Z,
37.10.113.221,ipv4,malicious-ip,medium,WHITE,ziyadnz/hourly-ipv4,ziyadnz|hourly,2026-08-17T18:48:05Z,2026-08-17T18:48:05Z,
37.10.113.222,ipv4,malicious-ip,medium,WHITE,ziyadnz/hourly-ipv4,ziyadnz|hourly,2026-08-17T18:48:05Z,2026-08-17T18:48:05Z,
37.101.255.78,ipv4,malicious-ip,medium,WHITE,ziyadnz/hourly-ipv4,ziyadnz|hourly,2026-08-17T18:48:05Z,2026-08-17T18:48:05Z,
37.103.233.172,ipv4,malicious-ip,medium,WHITE,ziyadnz/hourly-ipv4,ziyadnz|hourly,2026-08-17T18:48:05Z,2026-08-17T18:48:05Z,
37.103.236.99,ipv4,malicious-ip,medium,WHITE,ziyadnz/hourly-ipv4,ziyadnz|hourly,2026-08-17T18:48:05Z,2026-08-17T18:48:05Z,
37.103.238.117,ipv4,malicious-ip,medium,WHITE,ziyadnz/hourly-ipv4,ziyadnz|hourly,2026-08-17T18:48:05Z,2026-08-17T18:48:05Z,
37.103.81.25,ipv4,malicious-ip,medium,WHITE,ziyadnz/hourly-ipv4,ziyadnz|hourly,2026-08-17T18:48:05Z,2026-08-17T18:48:05Z,
37.109.175.179,ipv4,malicious-ip,medium,WHITE,ziyadnz/hourly-ipv4,ziyadnz|hourly,2026-08-17T18:48:05Z,2026-08-17T18:48:05Z,
37.11.121.78,ipv4,malicious-ip,medium,WHITE,ziyadnz/hourly-ipv4,ziyadnz|hourly,2026-08-17T18:48:05Z,2026-08-17T18:48:05Z,
37.110.171.165,ipv4,malicious-ip,medium,WHITE,ziyadnz/hourly-ipv4,ziyadnz|hourly,2026-08-17T18:48:05Z,2026-08-17T18:48:05Z,
37.111.148.239,ipv4,malicious-ip,medium,WHITE,ziyadnz/hourly-ipv4,ziyadnz|hourly,2026-08-17T18:48:05Z,2026-08-17T18:48:05Z,
37.111.221.173,ipv4,malicious-ip,medium,WHITE,ziyadnz/hourly-ipv4,ziyadnz|hourly,2026-08-17T18:48:05Z,2026-08-17T18:48:05Z,
37.111.43.12,ipv4,malicious-ip,medium,WHITE,ziyadnz/hourly-ipv4,ziyadnz|hourly,2026-08-17T18:48:05Z,2026-08-17T18:48:05Z,
37.111.53.110,ipv4,malicious-ip,medium,WHITE,ziyadnz/hourly-ipv4,ziyadnz|hourly,2026-08-17T18:48:05Z,2026-08-17T18:48:05Z,
37.111.56.14,ipv4,malicious-ip,medium,WHITE,ziyadnz/hourly-ipv4,ziyadnz|hourly,2026-08-17T18:48:05Z,2026-08-17T18:48:05Z,
37.112.116.182,ipv4,malicious-ip,medium,WHITE,ziyadnz/hourly-ipv4,ziyadnz|hourly,2026-08-17T18:48:05Z,2026-08-17T18:48:05Z,
37.112.26.249,ipv4,malicious-ip,medium,WHITE,ziyadnz/hourly-ipv4,ziyadnz|hourly,2026-08-17T18:48:05Z,2026-08-17T18:48:05Z,
37.113.113.77,ipv4,malicious-ip,medium,WHITE,ziyadnz/hourly-ipv4,ziyadnz|hourly,2026-08-17T18:48:05Z,2026-08-17T18:48:05Z,
37.113.237.171,ipv4,malicious-ip,medium,WHITE,ziyadnz/hourly-ipv4,ziyadnz|hourly,2026-08-17T18:48:05Z,2026-08-17T18:48:05Z,
37.113.43.40,ipv4,malicious-ip,medium,WHITE,ziyadnz/hourly-ipv4,ziyadnz|hourly,2026-08-17T18:48:05Z,2026-08-17T18:48:05Z,
37.114.145.156,ipv4,malicious-ip,medium,WHITE,ziyadnz/hourly-ipv4,ziyadnz|hourly,2026-08-17T18:48:05Z,2026-08-17T18:48:05Z,
37.114.145.194,ipv4,malicious-ip,medium,WHITE,ziyadnz/hourly-ipv4,ziyadnz|hourly,2026-08-17T18:48:05Z,2026-08-17T18:48:05Z,
37.114.145.32,ipv4,malicious-ip,medium,WHITE,ziyadnz/hourly-ipv4,ziyadnz|hourly,2026-08-17T18:48:05Z,2026-08-17T18:48:05Z,
37.114.147.25,ipv4,malicious-ip,medium,WHITE,ziyadnz/hourly-ipv4,ziyadnz|hourly,2026-08-17T18:48:05Z,2026-08-17T18:48:05Z,
37.114.151.215,ipv4,malicious-ip,medium,WHITE,ziyadnz/hourly-ipv4,ziyadnz|hourly,2026-08-17T18:48:05Z,2026-08-17T18:48:05Z,
37.114.181.196,ipv4,malicious-ip,medium,WHITE,ziyadnz/hourly-ipv4,ziyadnz|hourly,2026-08-17T18:48:05Z,2026-08-17T18:48:05Z,
37.114.37.184,ipv4,malicious-ip,medium,WHITE,ziyadnz/hourly-ipv4,ziyadnz|hourly,2026-08-17T18:48:05Z,2026-08-17T18:48:05Z,
37.114.46.25,ipv4,malicious-ip,medium,WHITE,ziyadnz/hourly-ipv4,ziyadnz|hourly,2026-08-17T18:48:05Z,2026-08-17T18:48:05Z,
37.114.50.124,ipv4,malicious-ip,medium,WHITE,ziyadnz/hourly-ipv4,ziyadnz|hourly,2026-08-17T18:48:05Z,2026-08-17T18:48:05Z,
37.114.50.142,ipv4,malicious-ip,medium,WHITE,ziyadnz/hourly-ipv4,ziyadnz|hourly,2026-08-17T18:48:05Z,2026-08-17T18:48:05Z,
37.114.50.174,ipv4,malicious-ip,medium,WHITE,ziyadnz/hourly-ipv4,ziyadnz|hourly,2026-08-17T18:48:05Z,2026-08-17T18:48:05Z,
37.114.50.18,ipv4,malicious-ip,medium,WHITE,ziyadnz/hourly-ipv4,ziyadnz|hourly,2026-08-17T18:48:05Z,2026-08-17T18:48:05Z,
37.114.50.27,ipv4,malicious-ip,medium,WHITE,ziyadnz/hourly-ipv4,ziyadnz|hourly,2026-08-17T18:48:05Z,2026-08-17T18:48:05Z,
37.114.63.100,ipv4,malicious-ip,medium,WHITE,ziyadnz/hourly-ipv4,ziyadnz|hourly,2026-08-17T18:48:05Z,2026-08-17T18:48:05Z,
37.114.63.5,ipv4,malicious-ip,medium,WHITE,ziyadnz/hourly-ipv4,ziyadnz|hourly,2026-08-17T18:48:05Z,2026-08-17T18:48:05Z,
37.116.1.31,ipv4,malicious-ip,medium,WHITE,ziyadnz/hourly-ipv4,ziyadnz|hourly,2026-08-17T18:48:05Z,2026-08-17T18:48:05Z,
37.120.131.214,ipv4,malicious-ip,medium,WHITE,ziyadnz/hourly-ipv4,ziyadnz|hourly,2026-08-17T18:48:05Z,2026-08-17T18:48:05Z,
37.120.141.140,ipv4,malicious-ip,medium,WHITE,ziyadnz/hourly-ipv4,ziyadnz|hourly,2026-08-17T18:48:05Z,2026-08-17T18:48:05Z,
37.120.149.6,ipv4,malicious-ip,medium,WHITE,ziyadnz/hourly-ipv4,ziyadnz|hourly,2026-08-17T18:48:05Z,2026-08-17T18:48:05Z,
37.120.153.42,ipv4,malicious-ip,medium,WHITE,ziyadnz/hourly-ipv4,ziyadnz|hourly,2026-08-17T18:48:05Z,2026-08-17T18:48:05Z,
37.120.155.26,ipv4,malicious-ip,medium,WHITE,ziyadnz/hourly-ipv4,ziyadnz|hourly,2026-08-17T18:48:05Z,2026-08-17T18:48:05Z,
37.120.158.229,ipv4,malicious-ip,medium,WHITE,ziyadnz/hourly-ipv4,ziyadnz|hourly,2026-08-17T18:48:05Z,2026-08-17T18:48:05Z,
37.120.191.93,ipv4,malicious-ip,medium,WHITE,ziyadnz/hourly-ipv4,ziyadnz|hourly,2026-08-17T18:48:05Z,2026-08-17T18:48:05Z,
37.120.198.226,ipv4,malicious-ip,medium,WHITE,ziyadnz/hourly-ipv4,ziyadnz|hourly,2026-08-17T18:48:05Z,2026-08-17T18:48:05Z,
37.120.206.97,ipv4,malicious-ip,medium,WHITE,ziyadnz/hourly-ipv4,ziyadnz|hourly,2026-08-17T18:48:05Z,2026-08-17T18:48:05Z,
37.120.222.115,ipv4,malicious-ip,medium,WHITE,ziyadnz/hourly-ipv4,ziyadnz|hourly,2026-08-17T18:48:05Z,2026-08-17T18:48:05Z,
37.120.222.168,ipv4,malicious-ip,medium,WHITE,ziyadnz/hourly-ipv4,ziyadnz|hourly,2026-08-17T18:48:05Z,2026-08-17T18:48:05Z,
37.120.222.191,ipv4,malicious-ip,medium,WHITE,ziyadnz/hourly-ipv4,ziyadnz|hourly,2026-08-17T18:48:05Z,2026-08-17T18:48:05Z,
37.120.238.190,ipv4,malicious-ip,medium,WHITE,ziyadnz/hourly-ipv4,ziyadnz|hourly,2026-08-17T18:48:05Z,2026-08-17T18:48:05Z,
37.120.239.187,ipv4,malicious-ip,medium,WHITE,ziyadnz/hourly-ipv4,ziyadnz|hourly,2026-08-17T18:48:05Z,2026-08-17T18:48:05Z,
37.120.239.33,ipv4,malicious-ip,medium,WHITE,ziyadnz/hourly-ipv4,ziyadnz|hourly,2026-08-17T18:48:05Z,2026-08-17T18:48:05Z,
37.120.239.52,ipv4,malicious-ip,medium,WHITE,ziyadnz/hourly-ipv4,ziyadnz|hourly,2026-08-17T18:48:05Z,2026-08-17T18:48:05Z,
37.120.247.214,ipv4,malicious-ip,medium,WHITE,ziyadnz/hourly-ipv4,ziyadnz|hourly,2026-08-17T18:48:05Z,2026-08-17T18:48:05Z,
37.122.153.137,ipv4,malicious-ip,medium,WHITE,ziyadnz/hourly-ipv4,ziyadnz|hourly,2026-08-17T18:48:05Z,2026-08-17T18:48:05Z,
37.122.153.76,ipv4,malicious-ip,medium,WHITE,ziyadnz/hourly-ipv4,ziyadnz|hourly,2026-08-17T18:48:05Z,2026-08-17T18:48:05Z,
37.123.192.41,ipv4,malicious-ip,medium,WHITE,ziyadnz/hourly-ipv4,ziyadnz|hourly,2026-08-17T18:48:05Z,2026-08-17T18:48:05Z,
37.123.193.103,ipv4,malicious-ip,medium,WHITE,ziyadnz/hourly-ipv4,ziyadnz|hourly,2026-08-17T18:48:05Z,2026-08-17T18:48:05Z,
37.128.240.47,ipv4,malicious-ip,medium,WHITE,ziyadnz/hourly-ipv4,ziyadnz|hourly,2026-08-17T18:48:05Z,2026-08-17T18:48:05Z,
37.131.104.236,ipv4,malicious-ip,medium,WHITE,ziyadnz/hourly-ipv4,ziyadnz|hourly,2026-08-17T18:48:05Z,2026-08-17T18:48:05Z,
37.132.113.97,ipv4,malicious-ip,medium,WHITE,ziyadnz/hourly-ipv4,ziyadnz|hourly,2026-08-17T18:48:05Z,2026-08-17T18:48:05Z,
37.134.114.21,ipv4,malicious-ip,medium,WHITE,ziyadnz/hourly-ipv4,ziyadnz|hourly,2026-08-17T18:48:05Z,2026-08-17T18:48:05Z,
37.139.128.107,ipv4,malicious-ip,medium,WHITE,ziyadnz/hourly-ipv4,ziyadnz|hourly,2026-08-17T18:48:05Z,2026-08-17T18:48:05Z,
37.139.129.11,ipv4,malicious-ip,medium,WHITE,ziyadnz/hourly-ipv4,ziyadnz|hourly,2026-08-17T18:48:05Z,2026-08-17T18:48:05Z,
37.139.129.145,ipv4,malicious-ip,medium,WHITE,ziyadnz/hourly-ipv4,ziyadnz|hourly,2026-08-17T18:48:05Z,2026-08-17T18:48:05Z,
37.139.165.127,ipv4,malicious-ip,medium,WHITE,ziyadnz/hourly-ipv4,ziyadnz|hourly,2026-08-17T18:48:05Z,2026-08-17T18:48:05Z,
37.140.164.30,ipv4,malicious-ip,medium,WHITE,ziyadnz/hourly-ipv4,ziyadnz|hourly,2026-08-17T18:48:05Z,2026-08-17T18:48:05Z,
37.140.216.204,ipv4,malicious-ip,medium,WHITE,ziyadnz/hourly-ipv4,ziyadnz|hourly,2026-08-17T18:48:05Z,2026-08-17T18:48:05Z,
37.140.223.0,ipv4,malicious-ip,medium,WHITE,ziyadnz/hourly-ipv4,ziyadnz|hourly,2026-08-17T18:48:05Z,2026-08-17T18:48:05Z,
37.140.223.111,ipv4,malicious-ip,medium,WHITE,ziyadnz/hourly-ipv4,ziyadnz|hourly,2026-08-17T18:48:05Z,2026-08-17T18:48:05Z,
37.140.223.133,ipv4,malicious-ip,medium,WHITE,ziyadnz/hourly-ipv4,ziyadnz|hourly,2026-08-17T18:48:05Z,2026-08-17T18:48:05Z,
37.140.223.140,ipv4,malicious-ip,medium,WHITE,ziyadnz/hourly-ipv4,ziyadnz|hourly,2026-08-17T18:48:05Z,2026-08-17T18:48:05Z,
37.140.223.148,ipv4,malicious-ip,medium,WHITE,ziyadnz/hourly-ipv4,ziyadnz|hourly,2026-08-17T18:48:05Z,2026-08-17T18:48:05Z,
37.140.223.151,ipv4,malicious-ip,medium,WHITE,ziyadnz/hourly-ipv4,ziyadnz|hourly,2026-08-17T18:48:05Z,2026-08-17T18:48:05Z,
37.140.223.64,ipv4,malicious-ip,medium,WHITE,ziyadnz/hourly-ipv4,ziyadnz|hourly,2026-08-17T18:48:05Z,2026-08-17T18:48:05Z,
37.140.223.66,ipv4,malicious-ip,medium,WHITE,ziyadnz/hourly-ipv4,ziyadnz|hourly,2026-08-17T18:48:05Z,2026-08-17T18:48:05Z,
37.140.223.76,ipv4,malicious-ip,medium,WHITE,ziyadnz/hourly-ipv4,ziyadnz|hourly,2026-08-17T18:48:05Z,2026-08-17T18:48:05Z,
37.140.223.83,ipv4,malicious-ip,medium,WHITE,ziyadnz/hourly-ipv4,ziyadnz|hourly,2026-08-17T18:48:05Z,2026-08-17T18:48:05Z,
37.140.242.31,ipv4,malicious-ip,medium,WHITE,ziyadnz/hourly-ipv4,ziyadnz|hourly,2026-08-17T18:48:05Z,2026-08-17T18:48:05Z,
37.140.242.54,ipv4,malicious-ip,medium,WHITE,ziyadnz/hourly-ipv4,ziyadnz|hourly,2026-08-17T18:48:05Z,2026-08-17T18:48:05Z,
37.142.136.247,ipv4,malicious-ip,medium,WHITE,ziyadnz/hourly-ipv4,ziyadnz|hourly,2026-08-17T18:48:05Z,2026-08-17T18:48:05Z,
37.142.186.20,ipv4,malicious-ip,medium,WHITE,ziyadnz/hourly-ipv4,ziyadnz|hourly,2026-08-17T18:48:05Z,2026-08-17T18:48:05Z,
37.142.217.45,ipv4,malicious-ip,medium,WHITE,ziyadnz/hourly-ipv4,ziyadnz|hourly,2026-08-17T18:48:05Z,2026-08-17T18:48:05Z,
37.143.26.182,ipv4,malicious-ip,medium,WHITE,ziyadnz/hourly-ipv4,ziyadnz|hourly,2026-08-17T18:48:05Z,2026-08-17T18:48:05Z,
37.143.61.0,ipv4,malicious-ip,medium,WHITE,ziyadnz/hourly-ipv4,ziyadnz|hourly,2026-08-17T18:48:05Z,2026-08-17T18:48:05Z,
37.143.61.130,ipv4,malicious-ip,medium,WHITE,ziyadnz/hourly-ipv4,ziyadnz|hourly,2026-08-17T18:48:05Z,2026-08-17T18:48:05Z,
37.143.61.132,ipv4,malicious-ip,medium,WHITE,ziyadnz/hourly-ipv4,ziyadnz|hourly,2026-08-17T18:48:05Z,2026-08-17T18:48:05Z,
37.143.61.16,ipv4,malicious-ip,medium,WHITE,ziyadnz/hourly-ipv4,ziyadnz|hourly,2026-08-17T18:48:05Z,2026-08-17T18:48:05Z,
37.143.61.165,ipv4,malicious-ip,medium,WHITE,ziyadnz/hourly-ipv4,ziyadnz|hourly,2026-08-17T18:48:05Z,2026-08-17T18:48:05Z,
37.143.61.192,ipv4,malicious-ip,medium,WHITE,ziyadnz/hourly-ipv4,ziyadnz|hourly,2026-08-17T18:48:05Z,2026-08-17T18:48:05Z,
37.143.61.241,ipv4,malicious-ip,medium,WHITE,ziyadnz/hourly-ipv4,ziyadnz|hourly,2026-08-17T18:48:05Z,2026-08-17T18:48:05Z,
37.143.61.243,ipv4,malicious-ip,medium,WHITE,ziyadnz/hourly-ipv4,ziyadnz|hourly,2026-08-17T18:48:05Z,2026-08-17T18:48:05Z,
37.143.61.248,ipv4,malicious-ip,medium,WHITE,ziyadnz/hourly-ipv4,ziyadnz|hourly,2026-08-17T18:48:05Z,2026-08-17T18:48:05Z,
37.143.61.60,ipv4,malicious-ip,medium,WHITE,ziyadnz/hourly-ipv4,ziyadnz|hourly,2026-08-17T18:48:05Z,2026-08-17T18:48:05Z,
37.143.61.84,ipv4,malicious-ip,medium,WHITE,ziyadnz/hourly-ipv4,ziyadnz|hourly,2026-08-17T18:48:05Z,2026-08-17T18:48:05Z,
37.148.11.194,ipv4,malicious-ip,medium,WHITE,ziyadnz/hourly-ipv4,ziyadnz|hourly,2026-08-17T18:48:05Z,2026-08-17T18:48:05Z,
37.148.204.190,ipv4,malicious-ip,medium,WHITE,ziyadnz/hourly-ipv4,ziyadnz|hourly,2026-08-17T18:48:05Z,2026-08-17T18:48:05Z,
37.148.212.93,ipv4,malicious-ip,medium,WHITE,ziyadnz/hourly-ipv4,ziyadnz|hourly,2026-08-17T18:48:05Z,2026-08-17T18:48:05Z,
37.148.39.125,ipv4,malicious-ip,medium,WHITE,ziyadnz/hourly-ipv4,ziyadnz|hourly,2026-08-17T18:48:05Z,2026-08-17T18:48:05Z,
37.148.41.133,ipv4,malicious-ip,medium,WHITE,ziyadnz/hourly-ipv4,ziyadnz|hourly,2026-08-17T18:48:05Z,2026-08-17T18:48:05Z,
37.150.170.153,ipv4,malicious-ip,medium,WHITE,ziyadnz/hourly-ipv4,ziyadnz|hourly,2026-08-17T18:48:05Z,2026-08-17T18:48:05Z,
37.150.87.223,ipv4,malicious-ip,medium,WHITE,ziyadnz/hourly-ipv4,ziyadnz|hourly,2026-08-17T18:48:05Z,2026-08-17T18:48:05Z,
37.151.135.43,ipv4,malicious-ip,medium,WHITE,ziyadnz/hourly-ipv4,ziyadnz|hourly,2026-08-17T18:48:05Z,2026-08-17T18:48:05Z,
37.152.143.68,ipv4,malicious-ip,medium,WHITE,ziyadnz/hourly-ipv4,ziyadnz|hourly,2026-08-17T18:48:05Z,2026-08-17T18:48:05Z,
37.152.74.23,ipv4,malicious-ip,medium,WHITE,ziyadnz/hourly-ipv4,ziyadnz|hourly,2026-08-17T18:48:05Z,2026-08-17T18:48:05Z,
37.153.89.23,ipv4,malicious-ip,medium,WHITE,ziyadnz/hourly-ipv4,ziyadnz|hourly,2026-08-17T18:48:05Z,2026-08-17T18:48:05Z,
37.153.89.252,ipv4,malicious-ip,medium,WHITE,ziyadnz/hourly-ipv4,ziyadnz|hourly,2026-08-17T18:48:05Z,2026-08-17T18:48:05Z,
37.153.90.88,ipv4,malicious-ip,medium,WHITE,ziyadnz/hourly-ipv4,ziyadnz|hourly,2026-08-17T18:48:05Z,2026-08-17T18:48:05Z,
37.155.178.153,ipv4,malicious-ip,medium,WHITE,ziyadnz/hourly-ipv4,ziyadnz|hourly,2026-08-17T18:48:05Z,2026-08-17T18:48:05Z,
37.156.44.25,ipv4,malicious-ip,medium,WHITE,ziyadnz/hourly-ipv4,ziyadnz|hourly,2026-08-17T18:48:05Z,2026-08-17T18:48:05Z,
37.156.8.131,ipv4,malicious-ip,medium,WHITE,ziyadnz/hourly-ipv4,ziyadnz|hourly,2026-08-17T18:48:05Z,2026-08-17T18:48:05Z,
37.157.194.134,ipv4,malicious-ip,medium,WHITE,ziyadnz/hourly-ipv4,ziyadnz|hourly,2026-08-17T18:48:05Z,2026-08-17T18:48:05Z,
37.157.212.188,ipv4,malicious-ip,medium,WHITE,ziyadnz/hourly-ipv4,ziyadnz|hourly,2026-08-17T18:48:05Z,2026-08-17T18:48:05Z,
37.157.255.175,ipv4,malicious-ip,medium,WHITE,ziyadnz/hourly-ipv4,ziyadnz|hourly,2026-08-17T18:48:05Z,2026-08-17T18:48:05Z,
37.157.40.4,ipv4,malicious-ip,medium,WHITE,ziyadnz/hourly-ipv4,ziyadnz|hourly,2026-08-17T18:48:05Z,2026-08-17T18:48:05Z,
37.16.74.24,ipv4,malicious-ip,medium,WHITE,ziyadnz/hourly-ipv4,ziyadnz|hourly,2026-08-17T18:48:05Z,2026-08-17T18:48:05Z,
37.16.75.69,ipv4,malicious-ip,medium,WHITE,ziyadnz/hourly-ipv4,ziyadnz|hourly,2026-08-17T18:48:05Z,2026-08-17T18:48:05Z,
37.17.225.231,ipv4,malicious-ip,medium,WHITE,ziyadnz/hourly-ipv4,ziyadnz|hourly,2026-08-17T18:48:05Z,2026-08-17T18:48:05Z,
37.18.25.28,ipv4,malicious-ip,medium,WHITE,ziyadnz/hourly-ipv4,ziyadnz|hourly,2026-08-17T18:48:05Z,2026-08-17T18:48:05Z,
37.18.41.54,ipv4,malicious-ip,medium,WHITE,ziyadnz/hourly-ipv4,ziyadnz|hourly,2026-08-17T18:48:05Z,2026-08-17T18:48:05Z,
37.18.99.116,ipv4,malicious-ip,medium,WHITE,ziyadnz/hourly-ipv4,ziyadnz|hourly,2026-08-17T18:48:05Z,2026-08-17T18:48:05Z,
37.183.193.243,ipv4,malicious-ip,medium,WHITE,ziyadnz/hourly-ipv4,ziyadnz|hourly,2026-08-17T18:48:05Z,2026-08-17T18:48:05Z,
37.186.112.73,ipv4,malicious-ip,medium,WHITE,ziyadnz/hourly-ipv4,ziyadnz|hourly,2026-08-17T18:48:05Z,2026-08-17T18:48:05Z,
37.186.114.181,ipv4,malicious-ip,medium,WHITE,ziyadnz/hourly-ipv4,ziyadnz|hourly,2026-08-17T18:48:05Z,2026-08-17T18:48:05Z,
37.186.121.108,ipv4,malicious-ip,medium,WHITE,ziyadnz/hourly-ipv4,ziyadnz|hourly,2026-08-17T18:48:05Z,2026-08-17T18:48:05Z,
37.186.121.186,ipv4,malicious-ip,medium,WHITE,ziyadnz/hourly-ipv4,ziyadnz|hourly,2026-08-17T18:48:05Z,2026-08-17T18:48:05Z,
37.186.122.154,ipv4,malicious-ip,medium,WHITE,ziyadnz/hourly-ipv4,ziyadnz|hourly,2026-08-17T18:48:05Z,2026-08-17T18:48:05Z,
37.186.34.20,ipv4,malicious-ip,medium,WHITE,ziyadnz/hourly-ipv4,ziyadnz|hourly,2026-08-17T18:48:05Z,2026-08-17T18:48:05Z,
37.186.41.197,ipv4,malicious-ip,medium,WHITE,ziyadnz/hourly-ipv4,ziyadnz|hourly,2026-08-17T18:48:05Z,2026-08-17T18:48:05Z,
37.186.41.206,ipv4,malicious-ip,medium,WHITE,ziyadnz/hourly-ipv4,ziyadnz|hourly,2026-08-17T18:48:05Z,2026-08-17T18:48:05Z,
37.186.41.221,ipv4,malicious-ip,medium,WHITE,ziyadnz/hourly-ipv4,ziyadnz|hourly,2026-08-17T18:48:05Z,2026-08-17T18:48:05Z,
37.186.41.88,ipv4,malicious-ip,medium,WHITE,ziyadnz/hourly-ipv4,ziyadnz|hourly,2026-08-17T18:48:05Z,2026-08-17T18:48:05Z,
37.186.58.99,ipv4,malicious-ip,medium,WHITE,ziyadnz/hourly-ipv4,ziyadnz|hourly,2026-08-17T18:48:05Z,2026-08-17T18:48:05Z,
37.187.122.227,ipv4,malicious-ip,medium,WHITE,ziyadnz/hourly-ipv4,ziyadnz|hourly,2026-08-17T18:48:05Z,2026-08-17T18:48:05Z,
37.187.142.187,ipv4,malicious-ip,medium,WHITE,ziyadnz/hourly-ipv4,ziyadnz|hourly,2026-08-17T18:48:05Z,2026-08-17T18:48:05Z,
37.187.143.172,ipv4,malicious-ip,medium,WHITE,ziyadnz/hourly-ipv4,ziyadnz|hourly,2026-08-17T18:48:05Z,2026-08-17T18:48:05Z,
37.187.148.204,ipv4,malicious-ip,medium,WHITE,ziyadnz/hourly-ipv4,ziyadnz|hourly,2026-08-17T18:48:05Z,2026-08-17T18:48:05Z,
37.187.151.4,ipv4,malicious-ip,medium,WHITE,ziyadnz/hourly-ipv4,ziyadnz|hourly,2026-08-17T18:48:05Z,2026-08-17T18:48:05Z,
37.187.154.79,ipv4,malicious-ip,medium,WHITE,ziyadnz/hourly-ipv4,ziyadnz|hourly,2026-08-17T18:48:05Z,2026-08-17T18:48:05Z,
37.187.197.111,ipv4,malicious-ip,medium,WHITE,ziyadnz/hourly-ipv4,ziyadnz|hourly,2026-08-17T18:48:05Z,2026-08-17T18:48:05Z,
37.187.226.30,ipv4,malicious-ip,medium,WHITE,ziyadnz/hourly-ipv4,ziyadnz|hourly,2026-08-17T18:48:05Z,2026-08-17T18:48:05Z,
37.187.27.125,ipv4,malicious-ip,medium,WHITE,ziyadnz/hourly-ipv4,ziyadnz|hourly,2026-08-17T18:48:05Z,2026-08-17T18:48:05Z,
37.187.5.192,ipv4,malicious-ip,medium,WHITE,ziyadnz/hourly-ipv4,ziyadnz|hourly,2026-08-17T18:48:05Z,2026-08-17T18:48:05Z,
37.187.74.75,ipv4,malicious-ip,medium,WHITE,ziyadnz/hourly-ipv4,ziyadnz|hourly,2026-08-17T18:48:05Z,2026-08-17T18:48:05Z,
37.187.95.110,ipv4,malicious-ip,medium,WHITE,ziyadnz/hourly-ipv4,ziyadnz|hourly,2026-08-17T18:48:05Z,2026-08-17T18:48:05Z,
37.19.196.65,ipv4,malicious-ip,medium,WHITE,ziyadnz/hourly-ipv4,ziyadnz|hourly,2026-08-17T18:48:05Z,2026-08-17T18:48:05Z,
37.19.200.132,ipv4,malicious-ip,medium,WHITE,ziyadnz/hourly-ipv4,ziyadnz|hourly,2026-08-17T18:48:05Z,2026-08-17T18:48:05Z,
37.19.200.141,ipv4,malicious-ip,medium,WHITE,ziyadnz/hourly-ipv4,ziyadnz|hourly,2026-08-17T18:48:05Z,2026-08-17T18:48:05Z,
37.19.200.154,ipv4,malicious-ip,medium,WHITE,ziyadnz/hourly-ipv4,ziyadnz|hourly,2026-08-17T18:48:05Z,2026-08-17T18:48:05Z,
37.19.200.167,ipv4,malicious-ip,medium,WHITE,ziyadnz/hourly-ipv4,ziyadnz|hourly,2026-08-17T18:48:05Z,2026-08-17T18:48:05Z,
37.19.205.205,ipv4,malicious-ip,medium,WHITE,ziyadnz/hourly-ipv4,ziyadnz|hourly,2026-08-17T18:48:05Z,2026-08-17T18:48:05Z,
37.19.210.32,ipv4,malicious-ip,medium,WHITE,ziyadnz/hourly-ipv4,ziyadnz|hourly,2026-08-17T18:48:05Z,2026-08-17T18:48:05Z,
37.19.221.179,ipv4,malicious-ip,medium,WHITE,ziyadnz/hourly-ipv4,ziyadnz|hourly,2026-08-17T18:48:05Z,2026-08-17T18:48:05Z,
37.19.221.180,ipv4,malicious-ip,medium,WHITE,ziyadnz/hourly-ipv4,ziyadnz|hourly,2026-08-17T18:48:05Z,2026-08-17T18:48:05Z,
37.19.223.116,ipv4,malicious-ip,medium,WHITE,ziyadnz/hourly-ipv4,ziyadnz|hourly,2026-08-17T18:48:05Z,2026-08-17T18:48:05Z,
37.192.147.189,ipv4,malicious-ip,medium,WHITE,ziyadnz/hourly-ipv4,ziyadnz|hourly,2026-08-17T18:48:05Z,2026-08-17T18:48:05Z,
37.192.192.117,ipv4,malicious-ip,medium,WHITE,ziyadnz/hourly-ipv4,ziyadnz|hourly,2026-08-17T18:48:05Z,2026-08-17T18:48:05Z,
37.192.47.229,ipv4,malicious-ip,medium,WHITE,ziyadnz/hourly-ipv4,ziyadnz|hourly,2026-08-17T18:48:05Z,2026-08-17T18:48:05Z,
37.192.77.5,ipv4,malicious-ip,medium,WHITE,ziyadnz/hourly-ipv4,ziyadnz|hourly,2026-08-17T18:48:05Z,2026-08-17T18:48:05Z,
37.193.156.57,ipv4,malicious-ip,medium,WHITE,ziyadnz/hourly-ipv4,ziyadnz|hourly,2026-08-17T18:48:05Z,2026-08-17T18:48:05Z,
37.193.227.5,ipv4,malicious-ip,medium,WHITE,ziyadnz/hourly-ipv4,ziyadnz|hourly,2026-08-17T18:48:05Z,2026-08-17T18:48:05Z,
37.193.56.149,ipv4,malicious-ip,medium,WHITE,ziyadnz/hourly-ipv4,ziyadnz|hourly,2026-08-17T18:48:05Z,2026-08-17T18:48:05Z,
37.194.63.220,ipv4,malicious-ip,medium,WHITE,ziyadnz/hourly-ipv4,ziyadnz|hourly,2026-08-17T18:48:05Z,2026-08-17T18:48:05Z,
37.194.7.95,ipv4,malicious-ip,medium,WHITE,ziyadnz/hourly-ipv4,ziyadnz|hourly,2026-08-17T18:48:05Z,2026-08-17T18:48:05Z,
37.195.171.219,ipv4,malicious-ip,medium,WHITE,ziyadnz/hourly-ipv4,ziyadnz|hourly,2026-08-17T18:48:05Z,2026-08-17T18:48:05Z,
37.195.194.93,ipv4,malicious-ip,medium,WHITE,ziyadnz/hourly-ipv4,ziyadnz|hourly,2026-08-17T18:48:05Z,2026-08-17T18:48:05Z,
37.200.230.13,ipv4,malicious-ip,medium,WHITE,ziyadnz/hourly-ipv4,ziyadnz|hourly,2026-08-17T18:48:05Z,2026-08-17T18:48:05Z,
37.202.154.113,ipv4,malicious-ip,medium,WHITE,ziyadnz/hourly-ipv4,ziyadnz|hourly,2026-08-17T18:48:05Z,2026-08-17T18:48:05Z,
37.202.157.245,ipv4,malicious-ip,medium,WHITE,ziyadnz/hourly-ipv4,ziyadnz|hourly,2026-08-17T18:48:05Z,2026-08-17T18:48:05Z,
37.202.168.251,ipv4,malicious-ip,medium,WHITE,ziyadnz/hourly-ipv4,ziyadnz|hourly,2026-08-17T18:48:05Z,2026-08-17T18:48:05Z,
37.202.175.111,ipv4,malicious-ip,medium,WHITE,ziyadnz/hourly-ipv4,ziyadnz|hourly,2026-08-17T18:48:05Z,2026-08-17T18:48:05Z,
37.202.236.238,ipv4,malicious-ip,medium,WHITE,ziyadnz/hourly-ipv4,ziyadnz|hourly,2026-08-17T18:48:05Z,2026-08-17T18:48:05Z,
37.202.237.125,ipv4,malicious-ip,medium,WHITE,ziyadnz/hourly-ipv4,ziyadnz|hourly,2026-08-17T18:48:05Z,2026-08-17T18:48:05Z,
37.203.17.221,ipv4,malicious-ip,medium,WHITE,ziyadnz/hourly-ipv4,ziyadnz|hourly,2026-08-17T18:48:05Z,2026-08-17T18:48:05Z,
37.203.49.124,ipv4,malicious-ip,medium,WHITE,ziyadnz/hourly-ipv4,ziyadnz|hourly,2026-08-17T18:48:05Z,2026-08-17T18:48:05Z,
37.203.49.132,ipv4,malicious-ip,medium,WHITE,ziyadnz/hourly-ipv4,ziyadnz|hourly,2026-08-17T18:48:05Z,2026-08-17T18:48:05Z,
37.203.49.64,ipv4,malicious-ip,medium,WHITE,ziyadnz/hourly-ipv4,ziyadnz|hourly,2026-08-17T18:48:05Z,2026-08-17T18:48:05Z,
37.203.52.20,ipv4,malicious-ip,medium,WHITE,ziyadnz/hourly-ipv4,ziyadnz|hourly,2026-08-17T18:48:05Z,2026-08-17T18:48:05Z,
37.204.151.152,ipv4,malicious-ip,medium,WHITE,ziyadnz/hourly-ipv4,ziyadnz|hourly,2026-08-17T18:48:05Z,2026-08-17T18:48:05Z,
37.207.215.2,ipv4,malicious-ip,medium,WHITE,ziyadnz/hourly-ipv4,ziyadnz|hourly,2026-08-17T18:48:05Z,2026-08-17T18:48:05Z,
37.208.149.22,ipv4,malicious-ip,medium,WHITE,ziyadnz/hourly-ipv4,ziyadnz|hourly,2026-08-17T18:48:05Z,2026-08-17T18:48:05Z,
37.208.46.130,ipv4,malicious-ip,medium,WHITE,ziyadnz/hourly-ipv4,ziyadnz|hourly,2026-08-17T18:48:05Z,2026-08-17T18:48:05Z,
37.210.199.216,ipv4,malicious-ip,medium,WHITE,ziyadnz/hourly-ipv4,ziyadnz|hourly,2026-08-17T18:48:05Z,2026-08-17T18:48:05Z,
37.210.214.139,ipv4,malicious-ip,medium,WHITE,ziyadnz/hourly-ipv4,ziyadnz|hourly,2026-08-17T18:48:05Z,2026-08-17T18:48:05Z,
37.211.0.110,ipv4,malicious-ip,medium,WHITE,ziyadnz/hourly-ipv4,ziyadnz|hourly,2026-08-17T18:48:05Z,2026-08-17T18:48:05Z,
37.211.145.91,ipv4,malicious-ip,medium,WHITE,ziyadnz/hourly-ipv4,ziyadnz|hourly,2026-08-17T18:48:05Z,2026-08-17T18:48:05Z,
37.211.153.143,ipv4,malicious-ip,medium,WHITE,ziyadnz/hourly-ipv4,ziyadnz|hourly,2026-08-17T18:48:05Z,2026-08-17T18:48:05Z,
37.211.58.22,ipv4,malicious-ip,medium,WHITE,ziyadnz/hourly-ipv4,ziyadnz|hourly,2026-08-17T18:48:05Z,2026-08-17T18:48:05Z,
37.211.79.164,ipv4,malicious-ip,medium,WHITE,ziyadnz/hourly-ipv4,ziyadnz|hourly,2026-08-17T18:48:05Z,2026-08-17T18:48:05Z,
37.220.123.125,ipv4,malicious-ip,medium,WHITE,ziyadnz/hourly-ipv4,ziyadnz|hourly,2026-08-17T18:48:05Z,2026-08-17T18:48:05Z,
37.220.132.13,ipv4,malicious-ip,medium,WHITE,ziyadnz/hourly-ipv4,ziyadnz|hourly,2026-08-17T18:48:05Z,2026-08-17T18:48:05Z,
37.220.86.6,ipv4,malicious-ip,medium,WHITE,ziyadnz/hourly-ipv4,ziyadnz|hourly,2026-08-17T18:48:05Z,2026-08-17T18:48:05Z,
37.220.87.13,ipv4,malicious-ip,medium,WHITE,ziyadnz/hourly-ipv4,ziyadnz|hourly,2026-08-17T18:48:05Z,2026-08-17T18:48:05Z,
37.220.87.2,ipv4,malicious-ip,medium,WHITE,ziyadnz/hourly-ipv4,ziyadnz|hourly,2026-08-17T18:48:05Z,2026-08-17T18:48:05Z,
37.220.87.63,ipv4,malicious-ip,medium,WHITE,ziyadnz/hourly-ipv4,ziyadnz|hourly,2026-08-17T18:48:05Z,2026-08-17T18:48:05Z,
37.220.87.65,ipv4,malicious-ip,medium,WHITE,ziyadnz/hourly-ipv4,ziyadnz|hourly,2026-08-17T18:48:05Z,2026-08-17T18:48:05Z,
37.220.87.66,ipv4,malicious-ip,medium,WHITE,ziyadnz/hourly-ipv4,ziyadnz|hourly,2026-08-17T18:48:05Z,2026-08-17T18:48:05Z,
37.220.87.68,ipv4,malicious-ip,medium,WHITE,ziyadnz/hourly-ipv4,ziyadnz|hourly,2026-08-17T18:48:05Z,2026-08-17T18:48:05Z,
37.220.87.69,ipv4,malicious-ip,medium,WHITE,ziyadnz/hourly-ipv4,ziyadnz|hourly,2026-08-17T18:48:05Z,2026-08-17T18:48:05Z,
37.220.87.70,ipv4,malicious-ip,medium,WHITE,ziyadnz/hourly-ipv4,ziyadnz|hourly,2026-08-17T18:48:05Z,2026-08-17T18:48:05Z,
37.220.87.71,ipv4,malicious-ip,medium,WHITE,ziyadnz/hourly-ipv4,ziyadnz|hourly,2026-08-17T18:48:05Z,2026-08-17T18:48:05Z,
37.220.87.76,ipv4,malicious-ip,medium,WHITE,ziyadnz/hourly-ipv4,ziyadnz|hourly,2026-08-17T18:48:05Z,2026-08-17T18:48:05Z,
37.220.87.91,ipv4,malicious-ip,medium,WHITE,ziyadnz/hourly-ipv4,ziyadnz|hourly,2026-08-17T18:48:05Z,2026-08-17T18:48:05Z,
37.220.87.93,ipv4,malicious-ip,medium,WHITE,ziyadnz/hourly-ipv4,ziyadnz|hourly,2026-08-17T18:48:05Z,2026-08-17T18:48:05Z,
37.221.123.240,ipv4,malicious-ip,medium,WHITE,ziyadnz/hourly-ipv4,ziyadnz|hourly,2026-08-17T18:48:05Z,2026-08-17T18:48:05Z,
37.221.128.2,ipv4,malicious-ip,medium,WHITE,ziyadnz/hourly-ipv4,ziyadnz|hourly,2026-08-17T18:48:05Z,2026-08-17T18:48:05Z,
37.221.128.31,ipv4,malicious-ip,medium,WHITE,ziyadnz/hourly-ipv4,ziyadnz|hourly,2026-08-17T18:48:05Z,2026-08-17T18:48:05Z,
37.221.128.56,ipv4,malicious-ip,medium,WHITE,ziyadnz/hourly-ipv4,ziyadnz|hourly,2026-08-17T18:48:05Z,2026-08-17T18:48:05Z,
37.221.129.169,ipv4,malicious-ip,medium,WHITE,ziyadnz/hourly-ipv4,ziyadnz|hourly,2026-08-17T18:48:05Z,2026-08-17T18:48:05Z,
37.221.129.224,ipv4,malicious-ip,medium,WHITE,ziyadnz/hourly-ipv4,ziyadnz|hourly,2026-08-17T18:48:05Z,2026-08-17T18:48:05Z,
37.221.129.238,ipv4,malicious-ip,medium,WHITE,ziyadnz/hourly-ipv4,ziyadnz|hourly,2026-08-17T18:48:05Z,2026-08-17T18:48:05Z,
37.221.129.33,ipv4,malicious-ip,medium,WHITE,ziyadnz/hourly-ipv4,ziyadnz|hourly,2026-08-17T18:48:05Z,2026-08-17T18:48:05Z,
37.221.129.75,ipv4,malicious-ip,medium,WHITE,ziyadnz/hourly-ipv4,ziyadnz|hourly,2026-08-17T18:48:05Z,2026-08-17T18:48:05Z,
37.221.130.190,ipv4,malicious-ip,medium,WHITE,ziyadnz/hourly-ipv4,ziyadnz|hourly,2026-08-17T18:48:05Z,2026-08-17T18:48:05Z,
37.221.130.246,ipv4,malicious-ip,medium,WHITE,ziyadnz/hourly-ipv4,ziyadnz|hourly,2026-08-17T18:48:05Z,2026-08-17T18:48:05Z,
37.221.130.247,ipv4,malicious-ip,medium,WHITE,ziyadnz/hourly-ipv4,ziyadnz|hourly,2026-08-17T18:48:05Z,2026-08-17T18:48:05Z,
37.221.130.83,ipv4,malicious-ip,medium,WHITE,ziyadnz/hourly-ipv4,ziyadnz|hourly,2026-08-17T18:48:05Z,2026-08-17T18:48:05Z,
37.221.131.0,ipv4,malicious-ip,medium,WHITE,ziyadnz/hourly-ipv4,ziyadnz|hourly,2026-08-17T18:48:05Z,2026-08-17T18:48:05Z,
37.221.131.110,ipv4,malicious-ip,medium,WHITE,ziyadnz/hourly-ipv4,ziyadnz|hourly,2026-08-17T18:48:05Z,2026-08-17T18:48:05Z,
37.221.131.113,ipv4,malicious-ip,medium,WHITE,ziyadnz/hourly-ipv4,ziyadnz|hourly,2026-08-17T18:48:05Z,2026-08-17T18:48:05Z,
37.221.131.122,ipv4,malicious-ip,medium,WHITE,ziyadnz/hourly-ipv4,ziyadnz|hourly,2026-08-17T18:48:05Z,2026-08-17T18:48:05Z,
37.221.131.133,ipv4,malicious-ip,medium,WHITE,ziyadnz/hourly-ipv4,ziyadnz|hourly,2026-08-17T18:48:05Z,2026-08-17T18:48:05Z,
37.221.131.170,ipv4,malicious-ip,medium,WHITE,ziyadnz/hourly-ipv4,ziyadnz|hourly,2026-08-17T18:48:05Z,2026-08-17T18:48:05Z,
37.221.131.204,ipv4,malicious-ip,medium,WHITE,ziyadnz/hourly-ipv4,ziyadnz|hourly,2026-08-17T18:48:05Z,2026-08-17T18:48:05Z,
37.221.131.221,ipv4,malicious-ip,medium,WHITE,ziyadnz/hourly-ipv4,ziyadnz|hourly,2026-08-17T18:48:05Z,2026-08-17T18:48:05Z,
37.221.131.226,ipv4,malicious-ip,medium,WHITE,ziyadnz/hourly-ipv4,ziyadnz|hourly,2026-08-17T18:48:05Z,2026-08-17T18:48:05Z,
37.221.131.235,ipv4,malicious-ip,medium,WHITE,ziyadnz/hourly-ipv4,ziyadnz|hourly,2026-08-17T18:48:05Z,2026-08-17T18:48:05Z,
37.221.131.45,ipv4,malicious-ip,medium,WHITE,ziyadnz/hourly-ipv4,ziyadnz|hourly,2026-08-17T18:48:05Z,2026-08-17T18:48:05Z,
37.221.132.239,ipv4,malicious-ip,medium,WHITE,ziyadnz/hourly-ipv4,ziyadnz|hourly,2026-08-17T18:48:05Z,2026-08-17T18:48:05Z,
37.221.133.104,ipv4,malicious-ip,medium,WHITE,ziyadnz/hourly-ipv4,ziyadnz|hourly,2026-08-17T18:48:05Z,2026-08-17T18:48:05Z,
37.221.133.163,ipv4,malicious-ip,medium,WHITE,ziyadnz/hourly-ipv4,ziyadnz|hourly,2026-08-17T18:48:05Z,2026-08-17T18:48:05Z,
37.221.133.254,ipv4,malicious-ip,medium,WHITE,ziyadnz/hourly-ipv4,ziyadnz|hourly,2026-08-17T18:48:05Z,2026-08-17T18:48:05Z,
37.221.134.0,ipv4,malicious-ip,medium,WHITE,ziyadnz/hourly-ipv4,ziyadnz|hourly,2026-08-17T18:48:05Z,2026-08-17T18:48:05Z,
37.221.134.129,ipv4,malicious-ip,medium,WHITE,ziyadnz/hourly-ipv4,ziyadnz|hourly,2026-08-17T18:48:05Z,2026-08-17T18:48:05Z,
37.221.134.153,ipv4,malicious-ip,medium,WHITE,ziyadnz/hourly-ipv4,ziyadnz|hourly,2026-08-17T18:48:05Z,2026-08-17T18:48:05Z,
37.221.134.98,ipv4,malicious-ip,medium,WHITE,ziyadnz/hourly-ipv4,ziyadnz|hourly,2026-08-17T18:48:05Z,2026-08-17T18:48:05Z,
37.221.135.211,ipv4,malicious-ip,medium,WHITE,ziyadnz/hourly-ipv4,ziyadnz|hourly,2026-08-17T18:48:05Z,2026-08-17T18:48:05Z,
37.221.135.232,ipv4,malicious-ip,medium,WHITE,ziyadnz/hourly-ipv4,ziyadnz|hourly,2026-08-17T18:48:05Z,2026-08-17T18:48:05Z,
37.221.135.96,ipv4,malicious-ip,medium,WHITE,ziyadnz/hourly-ipv4,ziyadnz|hourly,2026-08-17T18:48:05Z,2026-08-17T18:48:05Z,
37.221.136.0,ipv4,malicious-ip,medium,WHITE,ziyadnz/hourly-ipv4,ziyadnz|hourly,2026-08-17T18:48:05Z,2026-08-17T18:48:05Z,
37.221.136.15,ipv4,malicious-ip,medium,WHITE,ziyadnz/hourly-ipv4,ziyadnz|hourly,2026-08-17T18:48:05Z,2026-08-17T18:48:05Z,
37.221.136.181,ipv4,malicious-ip,medium,WHITE,ziyadnz/hourly-ipv4,ziyadnz|hourly,2026-08-17T18:48:05Z,2026-08-17T18:48:05Z,
37.221.136.183,ipv4,malicious-ip,medium,WHITE,ziyadnz/hourly-ipv4,ziyadnz|hourly,2026-08-17T18:48:05Z,2026-08-17T18:48:05Z,
37.221.136.226,ipv4,malicious-ip,medium,WHITE,ziyadnz/hourly-ipv4,ziyadnz|hourly,2026-08-17T18:48:05Z,2026-08-17T18:48:05Z,
37.221.136.83,ipv4,malicious-ip,medium,WHITE,ziyadnz/hourly-ipv4,ziyadnz|hourly,2026-08-17T18:48:05Z,2026-08-17T18:48:05Z,
37.221.136.89,ipv4,malicious-ip,medium,WHITE,ziyadnz/hourly-ipv4,ziyadnz|hourly,2026-08-17T18:48:05Z,2026-08-17T18:48:05Z,
37.221.137.141,ipv4,malicious-ip,medium,WHITE,ziyadnz/hourly-ipv4,ziyadnz|hourly,2026-08-17T18:48:05Z,2026-08-17T18:48:05Z,
37.221.137.212,ipv4,malicious-ip,medium,WHITE,ziyadnz/hourly-ipv4,ziyadnz|hourly,2026-08-17T18:48:05Z,2026-08-17T18:48:05Z,
37.221.138.0,ipv4,malicious-ip,medium,WHITE,ziyadnz/hourly-ipv4,ziyadnz|hourly,2026-08-17T18:48:05Z,2026-08-17T18:48:05Z,
37.221.138.12,ipv4,malicious-ip,medium,WHITE,ziyadnz/hourly-ipv4,ziyadnz|hourly,2026-08-17T18:48:05Z,2026-08-17T18:48:05Z,
37.221.138.154,ipv4,malicious-ip,medium,WHITE,ziyadnz/hourly-ipv4,ziyadnz|hourly,2026-08-17T18:48:05Z,2026-08-17T18:48:05Z,
37.221.138.66,ipv4,malicious-ip,medium,WHITE,ziyadnz/hourly-ipv4,ziyadnz|hourly,2026-08-17T18:48:05Z,2026-08-17T18:48:05Z,
37.221.139.45,ipv4,malicious-ip,medium,WHITE,ziyadnz/hourly-ipv4,ziyadnz|hourly,2026-08-17T18:48:05Z,2026-08-17T18:48:05Z,
37.221.139.91,ipv4,malicious-ip,medium,WHITE,ziyadnz/hourly-ipv4,ziyadnz|hourly,2026-08-17T18:48:05Z,2026-08-17T18:48:05Z,
37.221.139.92,ipv4,malicious-ip,medium,WHITE,ziyadnz/hourly-ipv4,ziyadnz|hourly,2026-08-17T18:48:05Z,2026-08-17T18:48:05Z,
37.221.140.139,ipv4,malicious-ip,medium,WHITE,ziyadnz/hourly-ipv4,ziyadnz|hourly,2026-08-17T18:48:05Z,2026-08-17T18:48:05Z,
37.221.141.0,ipv4,malicious-ip,medium,WHITE,ziyadnz/hourly-ipv4,ziyadnz|hourly,2026-08-17T18:48:05Z,2026-08-17T18:48:05Z,
37.221.141.103,ipv4,malicious-ip,medium,WHITE,ziyadnz/hourly-ipv4,ziyadnz|hourly,2026-08-17T18:48:05Z,2026-08-17T18:48:05Z,
37.221.141.158,ipv4,malicious-ip,medium,WHITE,ziyadnz/hourly-ipv4,ziyadnz|hourly,2026-08-17T18:48:05Z,2026-08-17T18:48:05Z,
37.221.141.191,ipv4,malicious-ip,medium,WHITE,ziyadnz/hourly-ipv4,ziyadnz|hourly,2026-08-17T18:48:05Z,2026-08-17T18:48:05Z,
37.221.141.2,ipv4,malicious-ip,medium,WHITE,ziyadnz/hourly-ipv4,ziyadnz|hourly,2026-08-17T18:48:05Z,2026-08-17T18:48:05Z,
37.221.141.28,ipv4,malicious-ip,medium,WHITE,ziyadnz/hourly-ipv4,ziyadnz|hourly,2026-08-17T18:48:05Z,2026-08-17T18:48:05Z,
37.221.141.90,ipv4,malicious-ip,medium,WHITE,ziyadnz/hourly-ipv4,ziyadnz|hourly,2026-08-17T18:48:05Z,2026-08-17T18:48:05Z,
37.221.142.108,ipv4,malicious-ip,medium,WHITE,ziyadnz/hourly-ipv4,ziyadnz|hourly,2026-08-17T18:48:05Z,2026-08-17T18:48:05Z,
37.221.142.184,ipv4,malicious-ip,medium,WHITE,ziyadnz/hourly-ipv4,ziyadnz|hourly,2026-08-17T18:48:05Z,2026-08-17T18:48:05Z,
37.221.142.73,ipv4,malicious-ip,medium,WHITE,ziyadnz/hourly-ipv4,ziyadnz|hourly,2026-08-17T18:48:05Z,2026-08-17T18:48:05Z,
37.221.142.90,ipv4,malicious-ip,medium,WHITE,ziyadnz/hourly-ipv4,ziyadnz|hourly,2026-08-17T18:48:05Z,2026-08-17T18:48:05Z,
37.221.142.98,ipv4,malicious-ip,medium,WHITE,ziyadnz/hourly-ipv4,ziyadnz|hourly,2026-08-17T18:48:05Z,2026-08-17T18:48:05Z,
37.221.143.47,ipv4,malicious-ip,medium,WHITE,ziyadnz/hourly-ipv4,ziyadnz|hourly,2026-08-17T18:48:05Z,2026-08-17T18:48:05Z,
37.221.143.60,ipv4,malicious-ip,medium,WHITE,ziyadnz/hourly-ipv4,ziyadnz|hourly,2026-08-17T18:48:05Z,2026-08-17T18:48:05Z,
37.221.144.12,ipv4,malicious-ip,medium,WHITE,ziyadnz/hourly-ipv4,ziyadnz|hourly,2026-08-17T18:48:05Z,2026-08-17T18:48:05Z,
37.221.144.133,ipv4,malicious-ip,medium,WHITE,ziyadnz/hourly-ipv4,ziyadnz|hourly,2026-08-17T18:48:05Z,2026-08-17T18:48:05Z,
37.221.144.215,ipv4,malicious-ip,medium,WHITE,ziyadnz/hourly-ipv4,ziyadnz|hourly,2026-08-17T18:48:05Z,2026-08-17T18:48:05Z,
37.221.144.54,ipv4,malicious-ip,medium,WHITE,ziyadnz/hourly-ipv4,ziyadnz|hourly,2026-08-17T18:48:05Z,2026-08-17T18:48:05Z,
37.221.145.154,ipv4,malicious-ip,medium,WHITE,ziyadnz/hourly-ipv4,ziyadnz|hourly,2026-08-17T18:48:05Z,2026-08-17T18:48:05Z,
37.221.145.24,ipv4,malicious-ip,medium,WHITE,ziyadnz/hourly-ipv4,ziyadnz|hourly,2026-08-17T18:48:05Z,2026-08-17T18:48:05Z,
37.221.146.19,ipv4,malicious-ip,medium,WHITE,ziyadnz/hourly-ipv4,ziyadnz|hourly,2026-08-17T18:48:05Z,2026-08-17T18:48:05Z,
37.221.146.234,ipv4,malicious-ip,medium,WHITE,ziyadnz/hourly-ipv4,ziyadnz|hourly,2026-08-17T18:48:05Z,2026-08-17T18:48:05Z,
37.221.147.0,ipv4,malicious-ip,medium,WHITE,ziyadnz/hourly-ipv4,ziyadnz|hourly,2026-08-17T18:48:05Z,2026-08-17T18:48:05Z,
37.221.147.109,ipv4,malicious-ip,medium,WHITE,ziyadnz/hourly-ipv4,ziyadnz|hourly,2026-08-17T18:48:05Z,2026-08-17T18:48:05Z,
37.221.147.138,ipv4,malicious-ip,medium,WHITE,ziyadnz/hourly-ipv4,ziyadnz|hourly,2026-08-17T18:48:05Z,2026-08-17T18:48:05Z,
37.221.147.178,ipv4,malicious-ip,medium,WHITE,ziyadnz/hourly-ipv4,ziyadnz|hourly,2026-08-17T18:48:05Z,2026-08-17T18:48:05Z,
37.221.147.221,ipv4,malicious-ip,medium,WHITE,ziyadnz/hourly-ipv4,ziyadnz|hourly,2026-08-17T18:48:05Z,2026-08-17T18:48:05Z,
37.221.147.228,ipv4,malicious-ip,medium,WHITE,ziyadnz/hourly-ipv4,ziyadnz|hourly,2026-08-17T18:48:05Z,2026-08-17T18:48:05Z,
37.221.147.235,ipv4,malicious-ip,medium,WHITE,ziyadnz/hourly-ipv4,ziyadnz|hourly,2026-08-17T18:48:05Z,2026-08-17T18:48:05Z,
37.221.148.145,ipv4,malicious-ip,medium,WHITE,ziyadnz/hourly-ipv4,ziyadnz|hourly,2026-08-17T18:48:05Z,2026-08-17T18:48:05Z,
37.221.148.180,ipv4,malicious-ip,medium,WHITE,ziyadnz/hourly-ipv4,ziyadnz|hourly,2026-08-17T18:48:05Z,2026-08-17T18:48:05Z,
37.221.148.185,ipv4,malicious-ip,medium,WHITE,ziyadnz/hourly-ipv4,ziyadnz|hourly,2026-08-17T18:48:05Z,2026-08-17T18:48:05Z,
37.221.148.189,ipv4,malicious-ip,medium,WHITE,ziyadnz/hourly-ipv4,ziyadnz|hourly,2026-08-17T18:48:05Z,2026-08-17T18:48:05Z,
37.221.148.7,ipv4,malicious-ip,medium,WHITE,ziyadnz/hourly-ipv4,ziyadnz|hourly,2026-08-17T18:48:05Z,2026-08-17T18:48:05Z,
37.221.149.0,ipv4,malicious-ip,medium,WHITE,ziyadnz/hourly-ipv4,ziyadnz|hourly,2026-08-17T18:48:05Z,2026-08-17T18:48:05Z,
37.221.149.11,ipv4,malicious-ip,medium,WHITE,ziyadnz/hourly-ipv4,ziyadnz|hourly,2026-08-17T18:48:05Z,2026-08-17T18:48:05Z,
37.221.149.110,ipv4,malicious-ip,medium,WHITE,ziyadnz/hourly-ipv4,ziyadnz|hourly,2026-08-17T18:48:05Z,2026-08-17T18:48:05Z,
37.221.149.196,ipv4,malicious-ip,medium,WHITE,ziyadnz/hourly-ipv4,ziyadnz|hourly,2026-08-17T18:48:05Z,2026-08-17T18:48:05Z,
37.221.149.198,ipv4,malicious-ip,medium,WHITE,ziyadnz/hourly-ipv4,ziyadnz|hourly,2026-08-17T18:48:05Z,2026-08-17T18:48:05Z,
37.221.149.2,ipv4,malicious-ip,medium,WHITE,ziyadnz/hourly-ipv4,ziyadnz|hourly,2026-08-17T18:48:05Z,2026-08-17T18:48:05Z,
37.221.149.23,ipv4,malicious-ip,medium,WHITE,ziyadnz/hourly-ipv4,ziyadnz|hourly,2026-08-17T18:48:05Z,2026-08-17T18:48:05Z,
37.221.149.247,ipv4,malicious-ip,medium,WHITE,ziyadnz/hourly-ipv4,ziyadnz|hourly,2026-08-17T18:48:05Z,2026-08-17T18:48:05Z,
37.221.149.38,ipv4,malicious-ip,medium,WHITE,ziyadnz/hourly-ipv4,ziyadnz|hourly,2026-08-17T18:48:05Z,2026-08-17T18:48:05Z,
37.221.149.80,ipv4,malicious-ip,medium,WHITE,ziyadnz/hourly-ipv4,ziyadnz|hourly,2026-08-17T18:48:05Z,2026-08-17T18:48:05Z,
37.221.149.98,ipv4,malicious-ip,medium,WHITE,ziyadnz/hourly-ipv4,ziyadnz|hourly,2026-08-17T18:48:05Z,2026-08-17T18:48:05Z,
37.221.150.0,ipv4,malicious-ip,medium,WHITE,ziyadnz/hourly-ipv4,ziyadnz|hourly,2026-08-17T18:48:05Z,2026-08-17T18:48:05Z,
37.221.150.132,ipv4,malicious-ip,medium,WHITE,ziyadnz/hourly-ipv4,ziyadnz|hourly,2026-08-17T18:48:05Z,2026-08-17T18:48:05Z,
37.221.150.177,ipv4,malicious-ip,medium,WHITE,ziyadnz/hourly-ipv4,ziyadnz|hourly,2026-08-17T18:48:05Z,2026-08-17T18:48:05Z,
37.221.150.200,ipv4,malicious-ip,medium,WHITE,ziyadnz/hourly-ipv4,ziyadnz|hourly,2026-08-17T18:48:05Z,2026-08-17T18:48:05Z,
37.221.150.41,ipv4,malicious-ip,medium,WHITE,ziyadnz/hourly-ipv4,ziyadnz|hourly,2026-08-17T18:48:05Z,2026-08-17T18:48:05Z,
37.221.150.9,ipv4,malicious-ip,medium,WHITE,ziyadnz/hourly-ipv4,ziyadnz|hourly,2026-08-17T18:48:05Z,2026-08-17T18:48:05Z,
37.221.151.16,ipv4,malicious-ip,medium,WHITE,ziyadnz/hourly-ipv4,ziyadnz|hourly,2026-08-17T18:48:05Z,2026-08-17T18:48:05Z,
37.221.151.19,ipv4,malicious-ip,medium,WHITE,ziyadnz/hourly-ipv4,ziyadnz|hourly,2026-08-17T18:48:05Z,2026-08-17T18:48:05Z,
37.221.152.218,ipv4,malicious-ip,medium,WHITE,ziyadnz/hourly-ipv4,ziyadnz|hourly,2026-08-17T18:48:05Z,2026-08-17T18:48:05Z,
37.221.153.0,ipv4,malicious-ip,medium,WHITE,ziyadnz/hourly-ipv4,ziyadnz|hourly,2026-08-17T18:48:05Z,2026-08-17T18:48:05Z,
37.221.153.114,ipv4,malicious-ip,medium,WHITE,ziyadnz/hourly-ipv4,ziyadnz|hourly,2026-08-17T18:48:05Z,2026-08-17T18:48:05Z,
37.221.153.121,ipv4,malicious-ip,medium,WHITE,ziyadnz/hourly-ipv4,ziyadnz|hourly,2026-08-17T18:48:05Z,2026-08-17T18:48:05Z,
37.221.153.141,ipv4,malicious-ip,medium,WHITE,ziyadnz/hourly-ipv4,ziyadnz|hourly,2026-08-17T18:48:05Z,2026-08-17T18:48:05Z,
37.221.153.144,ipv4,malicious-ip,medium,WHITE,ziyadnz/hourly-ipv4,ziyadnz|hourly,2026-08-17T18:48:05Z,2026-08-17T18:48:05Z,
37.221.153.185,ipv4,malicious-ip,medium,WHITE,ziyadnz/hourly-ipv4,ziyadnz|hourly,2026-08-17T18:48:05Z,2026-08-17T18:48:05Z,
37.221.153.205,ipv4,malicious-ip,medium,WHITE,ziyadnz/hourly-ipv4,ziyadnz|hourly,2026-08-17T18:48:05Z,2026-08-17T18:48:05Z,
37.221.153.212,ipv4,malicious-ip,medium,WHITE,ziyadnz/hourly-ipv4,ziyadnz|hourly,2026-08-17T18:48:05Z,2026-08-17T18:48:05Z,
37.221.153.240,ipv4,malicious-ip,medium,WHITE,ziyadnz/hourly-ipv4,ziyadnz|hourly,2026-08-17T18:48:05Z,2026-08-17T18:48:05Z,
37.221.153.252,ipv4,malicious-ip,medium,WHITE,ziyadnz/hourly-ipv4,ziyadnz|hourly,2026-08-17T18:48:05Z,2026-08-17T18:48:05Z,
37.221.153.73,ipv4,malicious-ip,medium,WHITE,ziyadnz/hourly-ipv4,ziyadnz|hourly,2026-08-17T18:48:05Z,2026-08-17T18:48:05Z,
37.221.153.85,ipv4,malicious-ip,medium,WHITE,ziyadnz/hourly-ipv4,ziyadnz|hourly,2026-08-17T18:48:05Z,2026-08-17T18:48:05Z,
37.221.154.18,ipv4,malicious-ip,medium,WHITE,ziyadnz/hourly-ipv4,ziyadnz|hourly,2026-08-17T18:48:05Z,2026-08-17T18:48:05Z,
37.221.157.115,ipv4,malicious-ip,medium,WHITE,ziyadnz/hourly-ipv4,ziyadnz|hourly,2026-08-17T18:48:05Z,2026-08-17T18:48:05Z,
37.221.157.130,ipv4,malicious-ip,medium,WHITE,ziyadnz/hourly-ipv4,ziyadnz|hourly,2026-08-17T18:48:05Z,2026-08-17T18:48:05Z,
37.221.157.20,ipv4,malicious-ip,medium,WHITE,ziyadnz/hourly-ipv4,ziyadnz|hourly,2026-08-17T18:48:05Z,2026-08-17T18:48:05Z,
37.221.158.210,ipv4,malicious-ip,medium,WHITE,ziyadnz/hourly-ipv4,ziyadnz|hourly,2026-08-17T18:48:05Z,2026-08-17T18:48:05Z,
37.221.158.217,ipv4,malicious-ip,medium,WHITE,ziyadnz/hourly-ipv4,ziyadnz|hourly,2026-08-17T18:48:05Z,2026-08-17T18:48:05Z,
37.221.158.37,ipv4,malicious-ip,medium,WHITE,ziyadnz/hourly-ipv4,ziyadnz|hourly,2026-08-17T18:48:05Z,2026-08-17T18:48:05Z,
37.221.159.0,ipv4,malicious-ip,medium,WHITE,ziyadnz/hourly-ipv4,ziyadnz|hourly,2026-08-17T18:48:05Z,2026-08-17T18:48:05Z,
37.221.159.175,ipv4,malicious-ip,medium,WHITE,ziyadnz/hourly-ipv4,ziyadnz|hourly,2026-08-17T18:48:05Z,2026-08-17T18:48:05Z,
37.221.159.194,ipv4,malicious-ip,medium,WHITE,ziyadnz/hourly-ipv4,ziyadnz|hourly,2026-08-17T18:48:05Z,2026-08-17T18:48:05Z,
37.221.159.204,ipv4,malicious-ip,medium,WHITE,ziyadnz/hourly-ipv4,ziyadnz|hourly,2026-08-17T18:48:05Z,2026-08-17T18:48:05Z,
37.221.159.216,ipv4,malicious-ip,medium,WHITE,ziyadnz/hourly-ipv4,ziyadnz|hourly,2026-08-17T18:48:05Z,2026-08-17T18:48:05Z,
37.221.159.66,ipv4,malicious-ip,medium,WHITE,ziyadnz/hourly-ipv4,ziyadnz|hourly,2026-08-17T18:48:05Z,2026-08-17T18:48:05Z,
37.221.159.80,ipv4,malicious-ip,medium,WHITE,ziyadnz/hourly-ipv4,ziyadnz|hourly,2026-08-17T18:48:05Z,2026-08-17T18:48:05Z,
37.221.196.248,ipv4,malicious-ip,medium,WHITE,ziyadnz/hourly-ipv4,ziyadnz|hourly,2026-08-17T18:48:05Z,2026-08-17T18:48:05Z,
37.221.208.71,ipv4,malicious-ip,medium,WHITE,ziyadnz/hourly-ipv4,ziyadnz|hourly,2026-08-17T18:48:05Z,2026-08-17T18:48:05Z,
37.221.209.192,ipv4,malicious-ip,medium,WHITE,ziyadnz/hourly-ipv4,ziyadnz|hourly,2026-08-17T18:48:05Z,2026-08-17T18:48:05Z,
37.221.210.165,ipv4,malicious-ip,medium,WHITE,ziyadnz/hourly-ipv4,ziyadnz|hourly,2026-08-17T18:48:05Z,2026-08-17T18:48:05Z,
37.221.64.131,ipv4,malicious-ip,medium,WHITE,ziyadnz/hourly-ipv4,ziyadnz|hourly,2026-08-17T18:48:05Z,2026-08-17T18:48:05Z,
37.221.65.2,ipv4,malicious-ip,medium,WHITE,ziyadnz/hourly-ipv4,ziyadnz|hourly,2026-08-17T18:48:05Z,2026-08-17T18:48:05Z,
37.221.65.215,ipv4,malicious-ip,medium,WHITE,ziyadnz/hourly-ipv4,ziyadnz|hourly,2026-08-17T18:48:05Z,2026-08-17T18:48:05Z,
37.221.66.174,ipv4,malicious-ip,medium,WHITE,ziyadnz/hourly-ipv4,ziyadnz|hourly,2026-08-17T18:48:05Z,2026-08-17T18:48:05Z,
37.221.66.27,ipv4,malicious-ip,medium,WHITE,ziyadnz/hourly-ipv4,ziyadnz|hourly,2026-08-17T18:48:05Z,2026-08-17T18:48:05Z,
37.221.67.30,ipv4,malicious-ip,medium,WHITE,ziyadnz/hourly-ipv4,ziyadnz|hourly,2026-08-17T18:48:05Z,2026-08-17T18:48:05Z,
37.221.92.204,ipv4,malicious-ip,medium,WHITE,ziyadnz/hourly-ipv4,ziyadnz|hourly,2026-08-17T18:48:05Z,2026-08-17T18:48:05Z,
37.221.93.101,ipv4,malicious-ip,medium,WHITE,ziyadnz/hourly-ipv4,ziyadnz|hourly,2026-08-17T18:48:05Z,2026-08-17T18:48:05Z,
37.221.93.42,ipv4,malicious-ip,medium,WHITE,ziyadnz/hourly-ipv4,ziyadnz|hourly,2026-08-17T18:48:05Z,2026-08-17T18:48:05Z,
37.222.188.4,ipv4,malicious-ip,medium,WHITE,ziyadnz/hourly-ipv4,ziyadnz|hourly,2026-08-17T18:48:05Z,2026-08-17T18:48:05Z,
37.228.117.247,ipv4,malicious-ip,medium,WHITE,ziyadnz/hourly-ipv4,ziyadnz|hourly,2026-08-17T18:48:05Z,2026-08-17T18:48:05Z,
37.228.129.128,ipv4,malicious-ip,medium,WHITE,ziyadnz/hourly-ipv4,ziyadnz|hourly,2026-08-17T18:48:05Z,2026-08-17T18:48:05Z,
37.228.129.162,ipv4,malicious-ip,medium,WHITE,ziyadnz/hourly-ipv4,ziyadnz|hourly,2026-08-17T18:48:05Z,2026-08-17T18:48:05Z,
37.228.129.168,ipv4,malicious-ip,medium,WHITE,ziyadnz/hourly-ipv4,ziyadnz|hourly,2026-08-17T18:48:05Z,2026-08-17T18:48:05Z,
37.228.129.224,ipv4,malicious-ip,medium,WHITE,ziyadnz/hourly-ipv4,ziyadnz|hourly,2026-08-17T18:48:05Z,2026-08-17T18:48:05Z,
37.228.129.241,ipv4,malicious-ip,medium,WHITE,ziyadnz/hourly-ipv4,ziyadnz|hourly,2026-08-17T18:48:05Z,2026-08-17T18:48:05Z,
37.228.129.63,ipv4,malicious-ip,medium,WHITE,ziyadnz/hourly-ipv4,ziyadnz|hourly,2026-08-17T18:48:05Z,2026-08-17T18:48:05Z,
37.228.155.196,ipv4,malicious-ip,medium,WHITE,ziyadnz/hourly-ipv4,ziyadnz|hourly,2026-08-17T18:48:05Z,2026-08-17T18:48:05Z,
37.228.64.54,ipv4,malicious-ip,medium,WHITE,ziyadnz/hourly-ipv4,ziyadnz|hourly,2026-08-17T18:48:05Z,2026-08-17T18:48:05Z,
37.228.93.225,ipv4,malicious-ip,medium,WHITE,ziyadnz/hourly-ipv4,ziyadnz|hourly,2026-08-17T18:48:05Z,2026-08-17T18:48:05Z,
37.230.153.195,ipv4,malicious-ip,medium,WHITE,ziyadnz/hourly-ipv4,ziyadnz|hourly,2026-08-17T18:48:05Z,2026-08-17T18:48:05Z,
37.230.158.4,ipv4,malicious-ip,medium,WHITE,ziyadnz/hourly-ipv4,ziyadnz|hourly,2026-08-17T18:48:05Z,2026-08-17T18:48:05Z,
37.230.158.65,ipv4,malicious-ip,medium,WHITE,ziyadnz/hourly-ipv4,ziyadnz|hourly,2026-08-17T18:48:05Z,2026-08-17T18:48:05Z,
37.230.169.11,ipv4,malicious-ip,medium,WHITE,ziyadnz/hourly-ipv4,ziyadnz|hourly,2026-08-17T18:48:05Z,2026-08-17T18:48:05Z,
37.230.62.25,ipv4,malicious-ip,medium,WHITE,ziyadnz/hourly-ipv4,ziyadnz|hourly,2026-08-17T18:48:05Z,2026-08-17T18:48:05Z,
37.230.79.168,ipv4,malicious-ip,medium,WHITE,ziyadnz/hourly-ipv4,ziyadnz|hourly,2026-08-17T18:48:05Z,2026-08-17T18:48:05Z,
37.231.157.44,ipv4,malicious-ip,medium,WHITE,ziyadnz/hourly-ipv4,ziyadnz|hourly,2026-08-17T18:48:05Z,2026-08-17T18:48:05Z,
37.232.156.101,ipv4,malicious-ip,medium,WHITE,ziyadnz/hourly-ipv4,ziyadnz|hourly,2026-08-17T18:48:05Z,2026-08-17T18:48:05Z,
37.232.186.36,ipv4,malicious-ip,medium,WHITE,ziyadnz/hourly-ipv4,ziyadnz|hourly,2026-08-17T18:48:05Z,2026-08-17T18:48:05Z,
37.232.231.19,ipv4,malicious-ip,medium,WHITE,ziyadnz/hourly-ipv4,ziyadnz|hourly,2026-08-17T18:48:05Z,2026-08-17T18:48:05Z,
37.233.43.170,ipv4,malicious-ip,medium,WHITE,ziyadnz/hourly-ipv4,ziyadnz|hourly,2026-08-17T18:48:05Z,2026-08-17T18:48:05Z,
37.233.52.59,ipv4,malicious-ip,medium,WHITE,ziyadnz/hourly-ipv4,ziyadnz|hourly,2026-08-17T18:48:05Z,2026-08-17T18:48:05Z,
37.235.54.59,ipv4,malicious-ip,medium,WHITE,ziyadnz/hourly-ipv4,ziyadnz|hourly,2026-08-17T18:48:05Z,2026-08-17T18:48:05Z,
37.237.188.19,ipv4,malicious-ip,medium,WHITE,ziyadnz/hourly-ipv4,ziyadnz|hourly,2026-08-17T18:48:05Z,2026-08-17T18:48:05Z,
37.237.191.73,ipv4,malicious-ip,medium,WHITE,ziyadnz/hourly-ipv4,ziyadnz|hourly,2026-08-17T18:48:05Z,2026-08-17T18:48:05Z,
37.237.225.15,ipv4,malicious-ip,medium,WHITE,ziyadnz/hourly-ipv4,ziyadnz|hourly,2026-08-17T18:48:05Z,2026-08-17T18:48:05Z,
37.238.138.135,ipv4,malicious-ip,medium,WHITE,ziyadnz/hourly-ipv4,ziyadnz|hourly,2026-08-17T18:48:05Z,2026-08-17T18:48:05Z,
37.238.41.57,ipv4,malicious-ip,medium,WHITE,ziyadnz/hourly-ipv4,ziyadnz|hourly,2026-08-17T18:48:05Z,2026-08-17T18:48:05Z,
37.238.45.202,ipv4,malicious-ip,medium,WHITE,ziyadnz/hourly-ipv4,ziyadnz|hourly,2026-08-17T18:48:05Z,2026-08-17T18:48:05Z,
37.238.97.72,ipv4,malicious-ip,medium,WHITE,ziyadnz/hourly-ipv4,ziyadnz|hourly,2026-08-17T18:48:05Z,2026-08-17T18:48:05Z,
37.239.136.107,ipv4,malicious-ip,medium,WHITE,ziyadnz/hourly-ipv4,ziyadnz|hourly,2026-08-17T18:48:05Z,2026-08-17T18:48:05Z,
37.239.25.16,ipv4,malicious-ip,medium,WHITE,ziyadnz/hourly-ipv4,ziyadnz|hourly,2026-08-17T18:48:05Z,2026-08-17T18:48:05Z,
37.247.101.30,ipv4,malicious-ip,medium,WHITE,ziyadnz/hourly-ipv4,ziyadnz|hourly,2026-08-17T18:48:05Z,2026-08-17T18:48:05Z,
37.247.108.223,ipv4,malicious-ip,medium,WHITE,ziyadnz/hourly-ipv4,ziyadnz|hourly,2026-08-17T18:48:05Z,2026-08-17T18:48:05Z,
37.25.98.183,ipv4,malicious-ip,medium,WHITE,ziyadnz/hourly-ipv4,ziyadnz|hourly,2026-08-17T18:48:05Z,2026-08-17T18:48:05Z,
37.252.17.144,ipv4,malicious-ip,medium,WHITE,ziyadnz/hourly-ipv4,ziyadnz|hourly,2026-08-17T18:48:05Z,2026-08-17T18:48:05Z,
37.252.189.216,ipv4,malicious-ip,medium,WHITE,ziyadnz/hourly-ipv4,ziyadnz|hourly,2026-08-17T18:48:05Z,2026-08-17T18:48:05Z,
37.252.21.227,ipv4,malicious-ip,medium,WHITE,ziyadnz/hourly-ipv4,ziyadnz|hourly,2026-08-17T18:48:05Z,2026-08-17T18:48:05Z,
37.252.69.10,ipv4,malicious-ip,medium,WHITE,ziyadnz/hourly-ipv4,ziyadnz|hourly,2026-08-17T18:48:05Z,2026-08-17T18:48:05Z,
37.254.192.4,ipv4,malicious-ip,medium,WHITE,ziyadnz/hourly-ipv4,ziyadnz|hourly,2026-08-17T18:48:05Z,2026-08-17T18:48:05Z,
37.255.128.90,ipv4,malicious-ip,medium,WHITE,ziyadnz/hourly-ipv4,ziyadnz|hourly,2026-08-17T18:48:05Z,2026-08-17T18:48:05Z,
37.255.220.246,ipv4,malicious-ip,medium,WHITE,ziyadnz/hourly-ipv4,ziyadnz|hourly,2026-08-17T18:48:05Z,2026-08-17T18:48:05Z,
37.255.235.133,ipv4,malicious-ip,medium,WHITE,ziyadnz/hourly-ipv4,ziyadnz|hourly,2026-08-17T18:48:05Z,2026-08-17T18:48:05Z,
37.255.239.81,ipv4,malicious-ip,medium,WHITE,ziyadnz/hourly-ipv4,ziyadnz|hourly,2026-08-17T18:48:05Z,2026-08-17T18:48:05Z,
37.26.198.15,ipv4,malicious-ip,medium,WHITE,ziyadnz/hourly-ipv4,ziyadnz|hourly,2026-08-17T18:48:05Z,2026-08-17T18:48:05Z,
37.27.129.201,ipv4,malicious-ip,medium,WHITE,ziyadnz/hourly-ipv4,ziyadnz|hourly,2026-08-17T18:48:05Z,2026-08-17T18:48:05Z,
37.27.182.109,ipv4,malicious-ip,medium,WHITE,ziyadnz/hourly-ipv4,ziyadnz|hourly,2026-08-17T18:48:05Z,2026-08-17T18:48:05Z,
37.27.20.160,ipv4,malicious-ip,medium,WHITE,ziyadnz/hourly-ipv4,ziyadnz|hourly,2026-08-17T18:48:05Z,2026-08-17T18:48:05Z,
37.27.217.205,ipv4,malicious-ip,medium,WHITE,ziyadnz/hourly-ipv4,ziyadnz|hourly,2026-08-17T18:48:05Z,2026-08-17T18:48:05Z,
37.27.244.222,ipv4,malicious-ip,medium,WHITE,ziyadnz/hourly-ipv4,ziyadnz|hourly,2026-08-17T18:48:05Z,2026-08-17T18:48:05Z,
37.27.27.186,ipv4,malicious-ip,medium,WHITE,ziyadnz/hourly-ipv4,ziyadnz|hourly,2026-08-17T18:48:05Z,2026-08-17T18:48:05Z,
37.27.70.253,ipv4,malicious-ip,medium,WHITE,ziyadnz/hourly-ipv4,ziyadnz|hourly,2026-08-17T18:48:05Z,2026-08-17T18:48:05Z,
37.27.83.212,ipv4,malicious-ip,medium,WHITE,ziyadnz/hourly-ipv4,ziyadnz|hourly,2026-08-17T18:48:05Z,2026-08-17T18:48:05Z,
37.27.96.153,ipv4,malicious-ip,medium,WHITE,ziyadnz/hourly-ipv4,ziyadnz|hourly,2026-08-17T18:48:05Z,2026-08-17T18:48:05Z,
37.27.97.122,ipv4,malicious-ip,medium,WHITE,ziyadnz/hourly-ipv4,ziyadnz|hourly,2026-08-17T18:48:05Z,2026-08-17T18:48:05Z,
37.28.177.141,ipv4,malicious-ip,medium,WHITE,ziyadnz/hourly-ipv4,ziyadnz|hourly,2026-08-17T18:48:05Z,2026-08-17T18:48:05Z,
37.28.181.6,ipv4,malicious-ip,medium,WHITE,ziyadnz/hourly-ipv4,ziyadnz|hourly,2026-08-17T18:48:05Z,2026-08-17T18:48:05Z,
37.28.65.98,ipv4,malicious-ip,medium,WHITE,ziyadnz/hourly-ipv4,ziyadnz|hourly,2026-08-17T18:48:05Z,2026-08-17T18:48:05Z,
37.29.17.222,ipv4,malicious-ip,medium,WHITE,ziyadnz/hourly-ipv4,ziyadnz|hourly,2026-08-17T18:48:05Z,2026-08-17T18:48:05Z,
37.32.11.205,ipv4,malicious-ip,medium,WHITE,ziyadnz/hourly-ipv4,ziyadnz|hourly,2026-08-17T18:48:05Z,2026-08-17T18:48:05Z,
37.32.12.103,ipv4,malicious-ip,medium,WHITE,ziyadnz/hourly-ipv4,ziyadnz|hourly,2026-08-17T18:48:05Z,2026-08-17T18:48:05Z,
37.32.13.146,ipv4,malicious-ip,medium,WHITE,ziyadnz/hourly-ipv4,ziyadnz|hourly,2026-08-17T18:48:05Z,2026-08-17T18:48:05Z,
37.32.15.158,ipv4,malicious-ip,medium,WHITE,ziyadnz/hourly-ipv4,ziyadnz|hourly,2026-08-17T18:48:05Z,2026-08-17T18:48:05Z,
37.32.20.103,ipv4,malicious-ip,medium,WHITE,ziyadnz/hourly-ipv4,ziyadnz|hourly,2026-08-17T18:48:05Z,2026-08-17T18:48:05Z,
37.32.71.22,ipv4,malicious-ip,medium,WHITE,ziyadnz/hourly-ipv4,ziyadnz|hourly,2026-08-17T18:48:05Z,2026-08-17T18:48:05Z,
37.32.71.26,ipv4,malicious-ip,medium,WHITE,ziyadnz/hourly-ipv4,ziyadnz|hourly,2026-08-17T18:48:05Z,2026-08-17T18:48:05Z,
37.32.73.156,ipv4,malicious-ip,medium,WHITE,ziyadnz/hourly-ipv4,ziyadnz|hourly,2026-08-17T18:48:05Z,2026-08-17T18:48:05Z,
37.32.77.142,ipv4,malicious-ip,medium,WHITE,ziyadnz/hourly-ipv4,ziyadnz|hourly,2026-08-17T18:48:05Z,2026-08-17T18:48:05Z,
37.32.78.235,ipv4,malicious-ip,medium,WHITE,ziyadnz/hourly-ipv4,ziyadnz|hourly,2026-08-17T18:48:05Z,2026-08-17T18:48:05Z,
37.34.172.134,ipv4,malicious-ip,medium,WHITE,ziyadnz/hourly-ipv4,ziyadnz|hourly,2026-08-17T18:48:05Z,2026-08-17T18:48:05Z,
37.34.181.111,ipv4,malicious-ip,medium,WHITE,ziyadnz/hourly-ipv4,ziyadnz|hourly,2026-08-17T18:48:05Z,2026-08-17T18:48:05Z,
37.34.185.179,ipv4,malicious-ip,medium,WHITE,ziyadnz/hourly-ipv4,ziyadnz|hourly,2026-08-17T18:48:05Z,2026-08-17T18:48:05Z,
37.34.209.216,ipv4,malicious-ip,medium,WHITE,ziyadnz/hourly-ipv4,ziyadnz|hourly,2026-08-17T18:48:05Z,2026-08-17T18:48:05Z,
37.34.242.99,ipv4,malicious-ip,medium,WHITE,ziyadnz/hourly-ipv4,ziyadnz|hourly,2026-08-17T18:48:05Z,2026-08-17T18:48:05Z,
37.34.248.33,ipv4,malicious-ip,medium,WHITE,ziyadnz/hourly-ipv4,ziyadnz|hourly,2026-08-17T18:48:05Z,2026-08-17T18:48:05Z,
37.34.252.18,ipv4,malicious-ip,medium,WHITE,ziyadnz/hourly-ipv4,ziyadnz|hourly,2026-08-17T18:48:05Z,2026-08-17T18:48:05Z,
37.34.253.233,ipv4,malicious-ip,medium,WHITE,ziyadnz/hourly-ipv4,ziyadnz|hourly,2026-08-17T18:48:05Z,2026-08-17T18:48:05Z,
37.35.66.91,ipv4,malicious-ip,medium,WHITE,ziyadnz/hourly-ipv4,ziyadnz|hourly,2026-08-17T18:48:05Z,2026-08-17T18:48:05Z,
37.40.225.13,ipv4,malicious-ip,medium,WHITE,ziyadnz/hourly-ipv4,ziyadnz|hourly,2026-08-17T18:48:05Z,2026-08-17T18:48:05Z,
37.40.225.3,ipv4,malicious-ip,medium,WHITE,ziyadnz/hourly-ipv4,ziyadnz|hourly,2026-08-17T18:48:05Z,2026-08-17T18:48:05Z,
37.40.226.165,ipv4,malicious-ip,medium,WHITE,ziyadnz/hourly-ipv4,ziyadnz|hourly,2026-08-17T18:48:05Z,2026-08-17T18:48:05Z,
37.40.227.133,ipv4,malicious-ip,medium,WHITE,ziyadnz/hourly-ipv4,ziyadnz|hourly,2026-08-17T18:48:05Z,2026-08-17T18:48:05Z,
37.40.227.44,ipv4,malicious-ip,medium,WHITE,ziyadnz/hourly-ipv4,ziyadnz|hourly,2026-08-17T18:48:05Z,2026-08-17T18:48:05Z,
37.40.239.191,ipv4,malicious-ip,medium,WHITE,ziyadnz/hourly-ipv4,ziyadnz|hourly,2026-08-17T18:48:05Z,2026-08-17T18:48:05Z,
37.41.145.15,ipv4,malicious-ip,medium,WHITE,ziyadnz/hourly-ipv4,ziyadnz|hourly,2026-08-17T18:48:05Z,2026-08-17T18:48:05Z,
37.41.158.238,ipv4,malicious-ip,medium,WHITE,ziyadnz/hourly-ipv4,ziyadnz|hourly,2026-08-17T18:48:05Z,2026-08-17T18:48:05Z,
37.41.188.96,ipv4,malicious-ip,medium,WHITE,ziyadnz/hourly-ipv4,ziyadnz|hourly,2026-08-17T18:48:05Z,2026-08-17T18:48:05Z,
37.41.253.197,ipv4,malicious-ip,medium,WHITE,ziyadnz/hourly-ipv4,ziyadnz|hourly,2026-08-17T18:48:05Z,2026-08-17T18:48:05Z,
37.41.8.227,ipv4,malicious-ip,medium,WHITE,ziyadnz/hourly-ipv4,ziyadnz|hourly,2026-08-17T18:48:05Z,2026-08-17T18:48:05Z,
37.41.80.221,ipv4,malicious-ip,medium,WHITE,ziyadnz/hourly-ipv4,ziyadnz|hourly,2026-08-17T18:48:05Z,2026-08-17T18:48:05Z,
37.41.86.17,ipv4,malicious-ip,medium,WHITE,ziyadnz/hourly-ipv4,ziyadnz|hourly,2026-08-17T18:48:05Z,2026-08-17T18:48:05Z,
37.44.238.144,ipv4,malicious-ip,medium,WHITE,ziyadnz/hourly-ipv4,ziyadnz|hourly,2026-08-17T18:48:05Z,2026-08-17T18:48:05Z,
37.44.238.150,ipv4,malicious-ip,medium,WHITE,ziyadnz/hourly-ipv4,ziyadnz|hourly,2026-08-17T18:48:05Z,2026-08-17T18:48:05Z,
37.44.238.203,ipv4,malicious-ip,medium,WHITE,ziyadnz/hourly-ipv4,ziyadnz|hourly,2026-08-17T18:48:05Z,2026-08-17T18:48:05Z,
37.44.238.213,ipv4,malicious-ip,medium,WHITE,ziyadnz/hourly-ipv4,ziyadnz|hourly,2026-08-17T18:48:05Z,2026-08-17T18:48:05Z,
37.46.113.228,ipv4,malicious-ip,medium,WHITE,ziyadnz/hourly-ipv4,ziyadnz|hourly,2026-08-17T18:48:05Z,2026-08-17T18:48:05Z,
37.46.113.241,ipv4,malicious-ip,medium,WHITE,ziyadnz/hourly-ipv4,ziyadnz|hourly,2026-08-17T18:48:05Z,2026-08-17T18:48:05Z,
37.46.150.243,ipv4,malicious-ip,medium,WHITE,ziyadnz/hourly-ipv4,ziyadnz|hourly,2026-08-17T18:48:05Z,2026-08-17T18:48:05Z,
37.46.18.151,ipv4,malicious-ip,medium,WHITE,ziyadnz/hourly-ipv4,ziyadnz|hourly,2026-08-17T18:48:05Z,2026-08-17T18:48:05Z,
37.46.190.251,ipv4,malicious-ip,medium,WHITE,ziyadnz/hourly-ipv4,ziyadnz|hourly,2026-08-17T18:48:05Z,2026-08-17T18:48:05Z,
37.46.99.99,ipv4,malicious-ip,medium,WHITE,ziyadnz/hourly-ipv4,ziyadnz|hourly,2026-08-17T18:48:05Z,2026-08-17T18:48:05Z,
37.48.70.156,ipv4,malicious-ip,medium,WHITE,ziyadnz/hourly-ipv4,ziyadnz|hourly,2026-08-17T18:48:05Z,2026-08-17T18:48:05Z,
37.49.163.12,ipv4,malicious-ip,medium,WHITE,ziyadnz/hourly-ipv4,ziyadnz|hourly,2026-08-17T18:48:05Z,2026-08-17T18:48:05Z,
37.49.224.189,ipv4,malicious-ip,medium,WHITE,ziyadnz/hourly-ipv4,ziyadnz|hourly,2026-08-17T18:48:05Z,2026-08-17T18:48:05Z,
37.49.228.224,ipv4,malicious-ip,medium,WHITE,ziyadnz/hourly-ipv4,ziyadnz|hourly,2026-08-17T18:48:05Z,2026-08-17T18:48:05Z,
37.49.230.219,ipv4,malicious-ip,medium,WHITE,ziyadnz/hourly-ipv4,ziyadnz|hourly,2026-08-17T18:48:05Z,2026-08-17T18:48:05Z,
37.49.230.54,ipv4,malicious-ip,medium,WHITE,ziyadnz/hourly-ipv4,ziyadnz|hourly,2026-08-17T18:48:05Z,2026-08-17T18:48:05Z,
37.49.230.74,ipv4,malicious-ip,medium,WHITE,ziyadnz/hourly-ipv4,ziyadnz|hourly,2026-08-17T18:48:05Z,2026-08-17T18:48:05Z,
37.5.254.140,ipv4,malicious-ip,medium,WHITE,ziyadnz/hourly-ipv4,ziyadnz|hourly,2026-08-17T18:48:05Z,2026-08-17T18:48:05Z,
37.52.113.119,ipv4,malicious-ip,medium,WHITE,ziyadnz/hourly-ipv4,ziyadnz|hourly,2026-08-17T18:48:05Z,2026-08-17T18:48:05Z,
37.52.121.42,ipv4,malicious-ip,medium,WHITE,ziyadnz/hourly-ipv4,ziyadnz|hourly,2026-08-17T18:48:05Z,2026-08-17T18:48:05Z,
37.52.137.75,ipv4,malicious-ip,medium,WHITE,ziyadnz/hourly-ipv4,ziyadnz|hourly,2026-08-17T18:48:05Z,2026-08-17T18:48:05Z,
37.52.161.25,ipv4,malicious-ip,medium,WHITE,ziyadnz/hourly-ipv4,ziyadnz|hourly,2026-08-17T18:48:05Z,2026-08-17T18:48:05Z,
37.52.164.33,ipv4,malicious-ip,medium,WHITE,ziyadnz/hourly-ipv4,ziyadnz|hourly,2026-08-17T18:48:05Z,2026-08-17T18:48:05Z,
37.52.169.4,ipv4,malicious-ip,medium,WHITE,ziyadnz/hourly-ipv4,ziyadnz|hourly,2026-08-17T18:48:05Z,2026-08-17T18:48:05Z,
37.52.181.113,ipv4,malicious-ip,medium,WHITE,ziyadnz/hourly-ipv4,ziyadnz|hourly,2026-08-17T18:48:05Z,2026-08-17T18:48:05Z,
37.52.187.254,ipv4,malicious-ip,medium,WHITE,ziyadnz/hourly-ipv4,ziyadnz|hourly,2026-08-17T18:48:05Z,2026-08-17T18:48:05Z,
37.52.190.197,ipv4,malicious-ip,medium,WHITE,ziyadnz/hourly-ipv4,ziyadnz|hourly,2026-08-17T18:48:05Z,2026-08-17T18:48:05Z,
37.52.193.248,ipv4,malicious-ip,medium,WHITE,ziyadnz/hourly-ipv4,ziyadnz|hourly,2026-08-17T18:48:05Z,2026-08-17T18:48:05Z,
37.52.210.45,ipv4,malicious-ip,medium,WHITE,ziyadnz/hourly-ipv4,ziyadnz|hourly,2026-08-17T18:48:05Z,2026-08-17T18:48:05Z,
37.52.218.105,ipv4,malicious-ip,medium,WHITE,ziyadnz/hourly-ipv4,ziyadnz|hourly,2026-08-17T18:48:05Z,2026-08-17T18:48:05Z,
37.52.243.50,ipv4,malicious-ip,medium,WHITE,ziyadnz/hourly-ipv4,ziyadnz|hourly,2026-08-17T18:48:05Z,2026-08-17T18:48:05Z,
37.52.244.3,ipv4,malicious-ip,medium,WHITE,ziyadnz/hourly-ipv4,ziyadnz|hourly,2026-08-17T18:48:05Z,2026-08-17T18:48:05Z,
37.52.252.178,ipv4,malicious-ip,medium,WHITE,ziyadnz/hourly-ipv4,ziyadnz|hourly,2026-08-17T18:48:05Z,2026-08-17T18:48:05Z,
37.52.4.109,ipv4,malicious-ip,medium,WHITE,ziyadnz/hourly-ipv4,ziyadnz|hourly,2026-08-17T18:48:05Z,2026-08-17T18:48:05Z,
37.52.74.143,ipv4,malicious-ip,medium,WHITE,ziyadnz/hourly-ipv4,ziyadnz|hourly,2026-08-17T18:48:05Z,2026-08-17T18:48:05Z,
37.52.96.233,ipv4,malicious-ip,medium,WHITE,ziyadnz/hourly-ipv4,ziyadnz|hourly,2026-08-17T18:48:05Z,2026-08-17T18:48:05Z,
37.52.97.132,ipv4,malicious-ip,medium,WHITE,ziyadnz/hourly-ipv4,ziyadnz|hourly,2026-08-17T18:48:05Z,2026-08-17T18:48:05Z,
37.53.104.39,ipv4,malicious-ip,medium,WHITE,ziyadnz/hourly-ipv4,ziyadnz|hourly,2026-08-17T18:48:05Z,2026-08-17T18:48:05Z,
37.53.121.110,ipv4,malicious-ip,medium,WHITE,ziyadnz/hourly-ipv4,ziyadnz|hourly,2026-08-17T18:48:05Z,2026-08-17T18:48:05Z,
37.53.123.2,ipv4,malicious-ip,medium,WHITE,ziyadnz/hourly-ipv4,ziyadnz|hourly,2026-08-17T18:48:05Z,2026-08-17T18:48:05Z,
37.53.148.130,ipv4,malicious-ip,medium,WHITE,ziyadnz/hourly-ipv4,ziyadnz|hourly,2026-08-17T18:48:05Z,2026-08-17T18:48:05Z,
37.53.157.144,ipv4,malicious-ip,medium,WHITE,ziyadnz/hourly-ipv4,ziyadnz|hourly,2026-08-17T18:48:05Z,2026-08-17T18:48:05Z,
37.53.158.62,ipv4,malicious-ip,medium,WHITE,ziyadnz/hourly-ipv4,ziyadnz|hourly,2026-08-17T18:48:05Z,2026-08-17T18:48:05Z,
37.53.220.171,ipv4,malicious-ip,medium,WHITE,ziyadnz/hourly-ipv4,ziyadnz|hourly,2026-08-17T18:48:05Z,2026-08-17T18:48:05Z,
37.53.223.28,ipv4,malicious-ip,medium,WHITE,ziyadnz/hourly-ipv4,ziyadnz|hourly,2026-08-17T18:48:05Z,2026-08-17T18:48:05Z,
37.53.235.218,ipv4,malicious-ip,medium,WHITE,ziyadnz/hourly-ipv4,ziyadnz|hourly,2026-08-17T18:48:05Z,2026-08-17T18:48:05Z,
37.53.237.231,ipv4,malicious-ip,medium,WHITE,ziyadnz/hourly-ipv4,ziyadnz|hourly,2026-08-17T18:48:05Z,2026-08-17T18:48:05Z,
37.53.41.57,ipv4,malicious-ip,medium,WHITE,ziyadnz/hourly-ipv4,ziyadnz|hourly,2026-08-17T18:48:05Z,2026-08-17T18:48:05Z,
37.53.61.221,ipv4,malicious-ip,medium,WHITE,ziyadnz/hourly-ipv4,ziyadnz|hourly,2026-08-17T18:48:05Z,2026-08-17T18:48:05Z,
37.53.68.40,ipv4,malicious-ip,medium,WHITE,ziyadnz/hourly-ipv4,ziyadnz|hourly,2026-08-17T18:48:05Z,2026-08-17T18:48:05Z,
37.53.74.216,ipv4,malicious-ip,medium,WHITE,ziyadnz/hourly-ipv4,ziyadnz|hourly,2026-08-17T18:48:05Z,2026-08-17T18:48:05Z,
37.54.194.143,ipv4,malicious-ip,medium,WHITE,ziyadnz/hourly-ipv4,ziyadnz|hourly,2026-08-17T18:48:05Z,2026-08-17T18:48:05Z,
37.54.210.73,ipv4,malicious-ip,medium,WHITE,ziyadnz/hourly-ipv4,ziyadnz|hourly,2026-08-17T18:48:05Z,2026-08-17T18:48:05Z,
37.54.211.131,ipv4,malicious-ip,medium,WHITE,ziyadnz/hourly-ipv4,ziyadnz|hourly,2026-08-17T18:48:05Z,2026-08-17T18:48:05Z,
37.54.211.94,ipv4,malicious-ip,medium,WHITE,ziyadnz/hourly-ipv4,ziyadnz|hourly,2026-08-17T18:48:05Z,2026-08-17T18:48:05Z,
37.54.213.16,ipv4,malicious-ip,medium,WHITE,ziyadnz/hourly-ipv4,ziyadnz|hourly,2026-08-17T18:48:05Z,2026-08-17T18:48:05Z,
37.54.214.189,ipv4,malicious-ip,medium,WHITE,ziyadnz/hourly-ipv4,ziyadnz|hourly,2026-08-17T18:48:05Z,2026-08-17T18:48:05Z,
37.54.215.253,ipv4,malicious-ip,medium,WHITE,ziyadnz/hourly-ipv4,ziyadnz|hourly,2026-08-17T18:48:05Z,2026-08-17T18:48:05Z,
37.54.233.7,ipv4,malicious-ip,medium,WHITE,ziyadnz/hourly-ipv4,ziyadnz|hourly,2026-08-17T18:48:05Z,2026-08-17T18:48:05Z,
37.54.236.223,ipv4,malicious-ip,medium,WHITE,ziyadnz/hourly-ipv4,ziyadnz|hourly,2026-08-17T18:48:05Z,2026-08-17T18:48:05Z,
37.54.24.149,ipv4,malicious-ip,medium,WHITE,ziyadnz/hourly-ipv4,ziyadnz|hourly,2026-08-17T18:48:05Z,2026-08-17T18:48:05Z,
37.54.35.33,ipv4,malicious-ip,medium,WHITE,ziyadnz/hourly-ipv4,ziyadnz|hourly,2026-08-17T18:48:05Z,2026-08-17T18:48:05Z,
37.55.118.147,ipv4,malicious-ip,medium,WHITE,ziyadnz/hourly-ipv4,ziyadnz|hourly,2026-08-17T18:48:05Z,2026-08-17T18:48:05Z,
37.55.140.140,ipv4,malicious-ip,medium,WHITE,ziyadnz/hourly-ipv4,ziyadnz|hourly,2026-08-17T18:48:05Z,2026-08-17T18:48:05Z,
37.55.158.242,ipv4,malicious-ip,medium,WHITE,ziyadnz/hourly-ipv4,ziyadnz|hourly,2026-08-17T18:48:05Z,2026-08-17T18:48:05Z,
37.55.173.75,ipv4,malicious-ip,medium,WHITE,ziyadnz/hourly-ipv4,ziyadnz|hourly,2026-08-17T18:48:05Z,2026-08-17T18:48:05Z,
37.55.187.125,ipv4,malicious-ip,medium,WHITE,ziyadnz/hourly-ipv4,ziyadnz|hourly,2026-08-17T18:48:05Z,2026-08-17T18:48:05Z,
37.55.217.48,ipv4,malicious-ip,medium,WHITE,ziyadnz/hourly-ipv4,ziyadnz|hourly,2026-08-17T18:48:05Z,2026-08-17T18:48:05Z,
37.55.38.36,ipv4,malicious-ip,medium,WHITE,ziyadnz/hourly-ipv4,ziyadnz|hourly,2026-08-17T18:48:05Z,2026-08-17T18:48:05Z,
37.55.41.67,ipv4,malicious-ip,medium,WHITE,ziyadnz/hourly-ipv4,ziyadnz|hourly,2026-08-17T18:48:05Z,2026-08-17T18:48:05Z,
37.55.48.179,ipv4,malicious-ip,medium,WHITE,ziyadnz/hourly-ipv4,ziyadnz|hourly,2026-08-17T18:48:05Z,2026-08-17T18:48:05Z,
37.55.69.187,ipv4,malicious-ip,medium,WHITE,ziyadnz/hourly-ipv4,ziyadnz|hourly,2026-08-17T18:48:05Z,2026-08-17T18:48:05Z,
37.57.123.237,ipv4,malicious-ip,medium,WHITE,ziyadnz/hourly-ipv4,ziyadnz|hourly,2026-08-17T18:48:05Z,2026-08-17T18:48:05Z,
37.57.155.25,ipv4,malicious-ip,medium,WHITE,ziyadnz/hourly-ipv4,ziyadnz|hourly,2026-08-17T18:48:05Z,2026-08-17T18:48:05Z,
37.57.176.192,ipv4,malicious-ip,medium,WHITE,ziyadnz/hourly-ipv4,ziyadnz|hourly,2026-08-17T18:48:05Z,2026-08-17T18:48:05Z,
37.57.203.108,ipv4,malicious-ip,medium,WHITE,ziyadnz/hourly-ipv4,ziyadnz|hourly,2026-08-17T18:48:05Z,2026-08-17T18:48:05Z,
37.57.224.130,ipv4,malicious-ip,medium,WHITE,ziyadnz/hourly-ipv4,ziyadnz|hourly,2026-08-17T18:48:05Z,2026-08-17T18:48:05Z,
37.57.44.85,ipv4,malicious-ip,medium,WHITE,ziyadnz/hourly-ipv4,ziyadnz|hourly,2026-08-17T18:48:05Z,2026-08-17T18:48:05Z,
37.57.52.3,ipv4,malicious-ip,medium,WHITE,ziyadnz/hourly-ipv4,ziyadnz|hourly,2026-08-17T18:48:05Z,2026-08-17T18:48:05Z,
37.57.86.200,ipv4,malicious-ip,medium,WHITE,ziyadnz/hourly-ipv4,ziyadnz|hourly,2026-08-17T18:48:05Z,2026-08-17T18:48:05Z,
37.58.136.133,ipv4,malicious-ip,medium,WHITE,ziyadnz/hourly-ipv4,ziyadnz|hourly,2026-08-17T18:48:05Z,2026-08-17T18:48:05Z,
37.59.100.74,ipv4,malicious-ip,medium,WHITE,ziyadnz/hourly-ipv4,ziyadnz|hourly,2026-08-17T18:48:05Z,2026-08-17T18:48:05Z,
37.59.110.211,ipv4,malicious-ip,medium,WHITE,ziyadnz/hourly-ipv4,ziyadnz|hourly,2026-08-17T18:48:05Z,2026-08-17T18:48:05Z,
37.59.110.4,ipv4,malicious-ip,medium,WHITE,ziyadnz/hourly-ipv4,ziyadnz|hourly,2026-08-17T18:48:05Z,2026-08-17T18:48:05Z,
37.59.112.122,ipv4,malicious-ip,medium,WHITE,ziyadnz/hourly-ipv4,ziyadnz|hourly,2026-08-17T18:48:05Z,2026-08-17T18:48:05Z,
37.59.112.235,ipv4,malicious-ip,medium,WHITE,ziyadnz/hourly-ipv4,ziyadnz|hourly,2026-08-17T18:48:05Z,2026-08-17T18:48:05Z,
37.59.120.68,ipv4,malicious-ip,medium,WHITE,ziyadnz/hourly-ipv4,ziyadnz|hourly,2026-08-17T18:48:05Z,2026-08-17T18:48:05Z,
37.59.123.164,ipv4,malicious-ip,medium,WHITE,ziyadnz/hourly-ipv4,ziyadnz|hourly,2026-08-17T18:48:05Z,2026-08-17T18:48:05Z,
37.59.154.75,ipv4,malicious-ip,medium,WHITE,ziyadnz/hourly-ipv4,ziyadnz|hourly,2026-08-17T18:48:05Z,2026-08-17T18:48:05Z,
37.59.204.0,ipv4,malicious-ip,medium,WHITE,ziyadnz/hourly-ipv4,ziyadnz|hourly,2026-08-17T18:48:05Z,2026-08-17T18:48:05Z,
37.59.204.130,ipv4,malicious-ip,medium,WHITE,ziyadnz/hourly-ipv4,ziyadnz|hourly,2026-08-17T18:48:05Z,2026-08-17T18:48:05Z,
37.59.204.134,ipv4,malicious-ip,medium,WHITE,ziyadnz/hourly-ipv4,ziyadnz|hourly,2026-08-17T18:48:05Z,2026-08-17T18:48:05Z,
37.59.204.136,ipv4,malicious-ip,medium,WHITE,ziyadnz/hourly-ipv4,ziyadnz|hourly,2026-08-17T18:48:05Z,2026-08-17T18:48:05Z,
37.59.204.137,ipv4,malicious-ip,medium,WHITE,ziyadnz/hourly-ipv4,ziyadnz|hourly,2026-08-17T18:48:05Z,2026-08-17T18:48:05Z,
37.59.204.138,ipv4,malicious-ip,medium,WHITE,ziyadnz/hourly-ipv4,ziyadnz|hourly,2026-08-17T18:48:05Z,2026-08-17T18:48:05Z,
37.59.204.146,ipv4,malicious-ip,medium,WHITE,ziyadnz/hourly-ipv4,ziyadnz|hourly,2026-08-17T18:48:05Z,2026-08-17T18:48:05Z,
37.59.204.147,ipv4,malicious-ip,medium,WHITE,ziyadnz/hourly-ipv4,ziyadnz|hourly,2026-08-17T18:48:05Z,2026-08-17T18:48:05Z,
37.59.204.149,ipv4,malicious-ip,medium,WHITE,ziyadnz/hourly-ipv4,ziyadnz|hourly,2026-08-17T18:48:05Z,2026-08-17T18:48:05Z,
37.59.204.152,ipv4,malicious-ip,medium,WHITE,ziyadnz/hourly-ipv4,ziyadnz|hourly,2026-08-17T18:48:05Z,2026-08-17T18:48:05Z,
37.59.204.154,ipv4,malicious-ip,medium,WHITE,ziyadnz/hourly-ipv4,ziyadnz|hourly,2026-08-17T18:48:05Z,2026-08-17T18:48:05Z,
37.59.204.155,ipv4,malicious-ip,medium,WHITE,ziyadnz/hourly-ipv4,ziyadnz|hourly,2026-08-17T18:48:05Z,2026-08-17T18:48:05Z,
37.59.204.158,ipv4,malicious-ip,medium,WHITE,ziyadnz/hourly-ipv4,ziyadnz|hourly,2026-08-17T18:48:05Z,2026-08-17T18:48:05Z,
37.59.204.159,ipv4,malicious-ip,medium,WHITE,ziyadnz/hourly-ipv4,ziyadnz|hourly,2026-08-17T18:48:05Z,2026-08-17T18:48:05Z,
37.59.229.51,ipv4,malicious-ip,medium,WHITE,ziyadnz/hourly-ipv4,ziyadnz|hourly,2026-08-17T18:48:05Z,2026-08-17T18:48:05Z,
37.59.43.131,ipv4,malicious-ip,medium,WHITE,ziyadnz/hourly-ipv4,ziyadnz|hourly,2026-08-17T18:48:05Z,2026-08-17T18:48:05Z,
37.59.43.136,ipv4,malicious-ip,medium,WHITE,ziyadnz/hourly-ipv4,ziyadnz|hourly,2026-08-17T18:48:05Z,2026-08-17T18:48:05Z,
37.59.44.193,ipv4,malicious-ip,medium,WHITE,ziyadnz/hourly-ipv4,ziyadnz|hourly,2026-08-17T18:48:05Z,2026-08-17T18:48:05Z,
37.59.44.68,ipv4,malicious-ip,medium,WHITE,ziyadnz/hourly-ipv4,ziyadnz|hourly,2026-08-17T18:48:05Z,2026-08-17T18:48:05Z,
37.59.44.93,ipv4,malicious-ip,medium,WHITE,ziyadnz/hourly-ipv4,ziyadnz|hourly,2026-08-17T18:48:05Z,2026-08-17T18:48:05Z,
37.59.45.174,ipv4,malicious-ip,medium,WHITE,ziyadnz/hourly-ipv4,ziyadnz|hourly,2026-08-17T18:48:05Z,2026-08-17T18:48:05Z,
37.59.49.7,ipv4,malicious-ip,medium,WHITE,ziyadnz/hourly-ipv4,ziyadnz|hourly,2026-08-17T18:48:05Z,2026-08-17T18:48:05Z,
37.59.51.212,ipv4,malicious-ip,medium,WHITE,ziyadnz/hourly-ipv4,ziyadnz|hourly,2026-08-17T18:48:05Z,2026-08-17T18:48:05Z,
37.59.52.83,ipv4,malicious-ip,medium,WHITE,ziyadnz/hourly-ipv4,ziyadnz|hourly,2026-08-17T18:48:05Z,2026-08-17T18:48:05Z,
37.59.54.205,ipv4,malicious-ip,medium,WHITE,ziyadnz/hourly-ipv4,ziyadnz|hourly,2026-08-17T18:48:05Z,2026-08-17T18:48:05Z,
37.59.55.60,ipv4,malicious-ip,medium,WHITE,ziyadnz/hourly-ipv4,ziyadnz|hourly,2026-08-17T18:48:05Z,2026-08-17T18:48:05Z,
37.59.56.102,ipv4,malicious-ip,medium,WHITE,ziyadnz/hourly-ipv4,ziyadnz|hourly,2026-08-17T18:48:05Z,2026-08-17T18:48:05Z,
37.59.65.41,ipv4,malicious-ip,medium,WHITE,ziyadnz/hourly-ipv4,ziyadnz|hourly,2026-08-17T18:48:05Z,2026-08-17T18:48:05Z,
37.59.79.205,ipv4,malicious-ip,medium,WHITE,ziyadnz/hourly-ipv4,ziyadnz|hourly,2026-08-17T18:48:05Z,2026-08-17T18:48:05Z,
37.60.225.239,ipv4,malicious-ip,medium,WHITE,ziyadnz/hourly-ipv4,ziyadnz|hourly,2026-08-17T18:48:05Z,2026-08-17T18:48:05Z,
37.60.242.85,ipv4,malicious-ip,medium,WHITE,ziyadnz/hourly-ipv4,ziyadnz|hourly,2026-08-17T18:48:05Z,2026-08-17T18:48:05Z,
37.60.242.86,ipv4,malicious-ip,medium,WHITE,ziyadnz/hourly-ipv4,ziyadnz|hourly,2026-08-17T18:48:05Z,2026-08-17T18:48:05Z,
37.60.250.160,ipv4,malicious-ip,medium,WHITE,ziyadnz/hourly-ipv4,ziyadnz|hourly,2026-08-17T18:48:05Z,2026-08-17T18:48:05Z,
37.61.112.211,ipv4,malicious-ip,medium,WHITE,ziyadnz/hourly-ipv4,ziyadnz|hourly,2026-08-17T18:48:05Z,2026-08-17T18:48:05Z,
37.61.116.40,ipv4,malicious-ip,medium,WHITE,ziyadnz/hourly-ipv4,ziyadnz|hourly,2026-08-17T18:48:05Z,2026-08-17T18:48:05Z,
37.61.117.143,ipv4,malicious-ip,medium,WHITE,ziyadnz/hourly-ipv4,ziyadnz|hourly,2026-08-17T18:48:05Z,2026-08-17T18:48:05Z,
37.61.119.35,ipv4,malicious-ip,medium,WHITE,ziyadnz/hourly-ipv4,ziyadnz|hourly,2026-08-17T18:48:05Z,2026-08-17T18:48:05Z,
37.61.121.83,ipv4,malicious-ip,medium,WHITE,ziyadnz/hourly-ipv4,ziyadnz|hourly,2026-08-17T18:48:05Z,2026-08-17T18:48:05Z,
37.61.125.49,ipv4,malicious-ip,medium,WHITE,ziyadnz/hourly-ipv4,ziyadnz|hourly,2026-08-17T18:48:05Z,2026-08-17T18:48:05Z,
37.61.126.3,ipv4,malicious-ip,medium,WHITE,ziyadnz/hourly-ipv4,ziyadnz|hourly,2026-08-17T18:48:05Z,2026-08-17T18:48:05Z,
37.61.78.122,ipv4,malicious-ip,medium,WHITE,ziyadnz/hourly-ipv4,ziyadnz|hourly,2026-08-17T18:48:05Z,2026-08-17T18:48:05Z,
37.61.78.224,ipv4,malicious-ip,medium,WHITE,ziyadnz/hourly-ipv4,ziyadnz|hourly,2026-08-17T18:48:05Z,2026-08-17T18:48:05Z,
37.61.78.82,ipv4,malicious-ip,medium,WHITE,ziyadnz/hourly-ipv4,ziyadnz|hourly,2026-08-17T18:48:05Z,2026-08-17T18:48:05Z,
37.63.7.12,ipv4,malicious-ip,medium,WHITE,ziyadnz/hourly-ipv4,ziyadnz|hourly,2026-08-17T18:48:05Z,2026-08-17T18:48:05Z,
37.65.123.126,ipv4,malicious-ip,medium,WHITE,ziyadnz/hourly-ipv4,ziyadnz|hourly,2026-08-17T18:48:05Z,2026-08-17T18:48:05Z,
37.65.13.165,ipv4,malicious-ip,medium,WHITE,ziyadnz/hourly-ipv4,ziyadnz|hourly,2026-08-17T18:48:05Z,2026-08-17T18:48:05Z,
37.65.160.114,ipv4,malicious-ip,medium,WHITE,ziyadnz/hourly-ipv4,ziyadnz|hourly,2026-08-17T18:48:05Z,2026-08-17T18:48:05Z,
37.65.179.180,ipv4,malicious-ip,medium,WHITE,ziyadnz/hourly-ipv4,ziyadnz|hourly,2026-08-17T18:48:05Z,2026-08-17T18:48:05Z,
37.65.23.28,ipv4,malicious-ip,medium,WHITE,ziyadnz/hourly-ipv4,ziyadnz|hourly,2026-08-17T18:48:05Z,2026-08-17T18:48:05Z,
37.65.27.65,ipv4,malicious-ip,medium,WHITE,ziyadnz/hourly-ipv4,ziyadnz|hourly,2026-08-17T18:48:05Z,2026-08-17T18:48:05Z,
37.65.38.55,ipv4,malicious-ip,medium,WHITE,ziyadnz/hourly-ipv4,ziyadnz|hourly,2026-08-17T18:48:05Z,2026-08-17T18:48:05Z,
37.65.8.108,ipv4,malicious-ip,medium,WHITE,ziyadnz/hourly-ipv4,ziyadnz|hourly,2026-08-17T18:48:05Z,2026-08-17T18:48:05Z,
37.66.145.102,ipv4,malicious-ip,medium,WHITE,ziyadnz/hourly-ipv4,ziyadnz|hourly,2026-08-17T18:48:05Z,2026-08-17T18:48:05Z,
37.66.149.74,ipv4,malicious-ip,medium,WHITE,ziyadnz/hourly-ipv4,ziyadnz|hourly,2026-08-17T18:48:05Z,2026-08-17T18:48:05Z,
37.66.152.2,ipv4,malicious-ip,medium,WHITE,ziyadnz/hourly-ipv4,ziyadnz|hourly,2026-08-17T18:48:05Z,2026-08-17T18:48:05Z,
37.66.173.66,ipv4,malicious-ip,medium,WHITE,ziyadnz/hourly-ipv4,ziyadnz|hourly,2026-08-17T18:48:05Z,2026-08-17T18:48:05Z,
37.66.228.70,ipv4,malicious-ip,medium,WHITE,ziyadnz/hourly-ipv4,ziyadnz|hourly,2026-08-17T18:48:05Z,2026-08-17T18:48:05Z,
37.66.237.169,ipv4,malicious-ip,medium,WHITE,ziyadnz/hourly-ipv4,ziyadnz|hourly,2026-08-17T18:48:05Z,2026-08-17T18:48:05Z,
37.66.29.15,ipv4,malicious-ip,medium,WHITE,ziyadnz/hourly-ipv4,ziyadnz|hourly,2026-08-17T18:48:05Z,2026-08-17T18:48:05Z,
37.66.43.56,ipv4,malicious-ip,medium,WHITE,ziyadnz/hourly-ipv4,ziyadnz|hourly,2026-08-17T18:48:05Z,2026-08-17T18:48:05Z,
37.66.51.223,ipv4,malicious-ip,medium,WHITE,ziyadnz/hourly-ipv4,ziyadnz|hourly,2026-08-17T18:48:05Z,2026-08-17T18:48:05Z,
37.66.54.16,ipv4,malicious-ip,medium,WHITE,ziyadnz/hourly-ipv4,ziyadnz|hourly,2026-08-17T18:48:05Z,2026-08-17T18:48:05Z,
37.66.61.156,ipv4,malicious-ip,medium,WHITE,ziyadnz/hourly-ipv4,ziyadnz|hourly,2026-08-17T18:48:05Z,2026-08-17T18:48:05Z,
37.67.105.155,ipv4,malicious-ip,medium,WHITE,ziyadnz/hourly-ipv4,ziyadnz|hourly,2026-08-17T18:48:05Z,2026-08-17T18:48:05Z,
37.67.146.250,ipv4,malicious-ip,medium,WHITE,ziyadnz/hourly-ipv4,ziyadnz|hourly,2026-08-17T18:48:05Z,2026-08-17T18:48:05Z,
37.67.197.95,ipv4,malicious-ip,medium,WHITE,ziyadnz/hourly-ipv4,ziyadnz|hourly,2026-08-17T18:48:05Z,2026-08-17T18:48:05Z,
37.67.74.92,ipv4,malicious-ip,medium,WHITE,ziyadnz/hourly-ipv4,ziyadnz|hourly,2026-08-17T18:48:05Z,2026-08-17T18:48:05Z,
37.72.11.189,ipv4,malicious-ip,medium,WHITE,ziyadnz/hourly-ipv4,ziyadnz|hourly,2026-08-17T18:48:05Z,2026-08-17T18:48:05Z,
37.72.172.110,ipv4,malicious-ip,medium,WHITE,ziyadnz/hourly-ipv4,ziyadnz|hourly,2026-08-17T18:48:05Z,2026-08-17T18:48:05Z,
37.72.243.118,ipv4,malicious-ip,medium,WHITE,ziyadnz/hourly-ipv4,ziyadnz|hourly,2026-08-17T18:48:05Z,2026-08-17T18:48:05Z,
37.75.128.150,ipv4,malicious-ip,medium,WHITE,ziyadnz/hourly-ipv4,ziyadnz|hourly,2026-08-17T18:48:05Z,2026-08-17T18:48:05Z,
37.76.125.1,ipv4,malicious-ip,medium,WHITE,ziyadnz/hourly-ipv4,ziyadnz|hourly,2026-08-17T18:48:05Z,2026-08-17T18:48:05Z,
37.77.104.150,ipv4,malicious-ip,medium,WHITE,ziyadnz/hourly-ipv4,ziyadnz|hourly,2026-08-17T18:48:05Z,2026-08-17T18:48:05Z,
37.77.109.42,ipv4,malicious-ip,medium,WHITE,ziyadnz/hourly-ipv4,ziyadnz|hourly,2026-08-17T18:48:05Z,2026-08-17T18:48:05Z,
37.77.149.71,ipv4,malicious-ip,medium,WHITE,ziyadnz/hourly-ipv4,ziyadnz|hourly,2026-08-17T18:48:05Z,2026-08-17T18:48:05Z,
37.77.56.238,ipv4,malicious-ip,medium,WHITE,ziyadnz/hourly-ipv4,ziyadnz|hourly,2026-08-17T18:48:05Z,2026-08-17T18:48:05Z,
37.8.106.201,ipv4,malicious-ip,medium,WHITE,ziyadnz/hourly-ipv4,ziyadnz|hourly,2026-08-17T18:48:05Z,2026-08-17T18:48:05Z,
37.8.89.249,ipv4,malicious-ip,medium,WHITE,ziyadnz/hourly-ipv4,ziyadnz|hourly,2026-08-17T18:48:05Z,2026-08-17T18:48:05Z,
37.9.13.246,ipv4,malicious-ip,medium,WHITE,ziyadnz/hourly-ipv4,ziyadnz|hourly,2026-08-17T18:48:05Z,2026-08-17T18:48:05Z,
37.98.194.35,ipv4,malicious-ip,medium,WHITE,ziyadnz/hourly-ipv4,ziyadnz|hourly,2026-08-17T18:48:05Z,2026-08-17T18:48:05Z,
37.98.253.231,ipv4,malicious-ip,medium,WHITE,ziyadnz/hourly-ipv4,ziyadnz|hourly,2026-08-17T18:48:05Z,2026-08-17T18:48:05Z,
38.10.114.13,ipv4,malicious-ip,medium,WHITE,ziyadnz/hourly-ipv4,ziyadnz|hourly,2026-08-17T18:48:05Z,2026-08-17T18:48:05Z,
38.10.236.66,ipv4,malicious-ip,medium,WHITE,ziyadnz/hourly-ipv4,ziyadnz|hourly,2026-08-17T18:48:05Z,2026-08-17T18:48:05Z,
38.10.70.125,ipv4,malicious-ip,medium,WHITE,ziyadnz/hourly-ipv4,ziyadnz|hourly,2026-08-17T18:48:05Z,2026-08-17T18:48:05Z,
38.10.70.126,ipv4,malicious-ip,medium,WHITE,ziyadnz/hourly-ipv4,ziyadnz|hourly,2026-08-17T18:48:05Z,2026-08-17T18:48:05Z,
38.100.220.170,ipv4,malicious-ip,medium,WHITE,ziyadnz/hourly-ipv4,ziyadnz|hourly,2026-08-17T18:48:05Z,2026-08-17T18:48:05Z,
38.100.220.62,ipv4,malicious-ip,medium,WHITE,ziyadnz/hourly-ipv4,ziyadnz|hourly,2026-08-17T18:48:05Z,2026-08-17T18:48:05Z,
38.100.221.102,ipv4,malicious-ip,medium,WHITE,ziyadnz/hourly-ipv4,ziyadnz|hourly,2026-08-17T18:48:05Z,2026-08-17T18:48:05Z,
38.100.221.195,ipv4,malicious-ip,medium,WHITE,ziyadnz/hourly-ipv4,ziyadnz|hourly,2026-08-17T18:48:05Z,2026-08-17T18:48:05Z,
38.100.221.53,ipv4,malicious-ip,medium,WHITE,ziyadnz/hourly-ipv4,ziyadnz|hourly,2026-08-17T18:48:05Z,2026-08-17T18:48:05Z,
38.100.222.158,ipv4,malicious-ip,medium,WHITE,ziyadnz/hourly-ipv4,ziyadnz|hourly,2026-08-17T18:48:05Z,2026-08-17T18:48:05Z,
38.100.222.42,ipv4,malicious-ip,medium,WHITE,ziyadnz/hourly-ipv4,ziyadnz|hourly,2026-08-17T18:48:05Z,2026-08-17T18:48:05Z,
38.101.151.160,ipv4,malicious-ip,medium,WHITE,ziyadnz/hourly-ipv4,ziyadnz|hourly,2026-08-17T18:48:05Z,2026-08-17T18:48:05Z,
38.101.88.170,ipv4,malicious-ip,medium,WHITE,ziyadnz/hourly-ipv4,ziyadnz|hourly,2026-08-17T18:48:05Z,2026-08-17T18:48:05Z,
38.102.9.247,ipv4,malicious-ip,medium,WHITE,ziyadnz/hourly-ipv4,ziyadnz|hourly,2026-08-17T18:48:05Z,2026-08-17T18:48:05Z,
38.103.170.206,ipv4,malicious-ip,medium,WHITE,ziyadnz/hourly-ipv4,ziyadnz|hourly,2026-08-17T18:48:05Z,2026-08-17T18:48:05Z,
38.108.68.174,ipv4,malicious-ip,medium,WHITE,ziyadnz/hourly-ipv4,ziyadnz|hourly,2026-08-17T18:48:05Z,2026-08-17T18:48:05Z,
38.108.83.2,ipv4,malicious-ip,medium,WHITE,ziyadnz/hourly-ipv4,ziyadnz|hourly,2026-08-17T18:48:05Z,2026-08-17T18:48:05Z,
38.110.1.185,ipv4,malicious-ip,medium,WHITE,ziyadnz/hourly-ipv4,ziyadnz|hourly,2026-08-17T18:48:05Z,2026-08-17T18:48:05Z,
38.110.228.125,ipv4,malicious-ip,medium,WHITE,ziyadnz/hourly-ipv4,ziyadnz|hourly,2026-08-17T18:48:05Z,2026-08-17T18:48:05Z,
38.110.228.165,ipv4,malicious-ip,medium,WHITE,ziyadnz/hourly-ipv4,ziyadnz|hourly,2026-08-17T18:48:05Z,2026-08-17T18:48:05Z,
38.110.228.33,ipv4,malicious-ip,medium,WHITE,ziyadnz/hourly-ipv4,ziyadnz|hourly,2026-08-17T18:48:05Z,2026-08-17T18:48:05Z,
38.110.228.43,ipv4,malicious-ip,medium,WHITE,ziyadnz/hourly-ipv4,ziyadnz|hourly,2026-08-17T18:48:05Z,2026-08-17T18:48:05Z,
38.110.228.57,ipv4,malicious-ip,medium,WHITE,ziyadnz/hourly-ipv4,ziyadnz|hourly,2026-08-17T18:48:05Z,2026-08-17T18:48:05Z,
38.110.4.150,ipv4,malicious-ip,medium,WHITE,ziyadnz/hourly-ipv4,ziyadnz|hourly,2026-08-17T18:48:05Z,2026-08-17T18:48:05Z,
38.114.121.110,ipv4,malicious-ip,medium,WHITE,ziyadnz/hourly-ipv4,ziyadnz|hourly,2026-08-17T18:48:05Z,2026-08-17T18:48:05Z,
38.12.1.47,ipv4,malicious-ip,medium,WHITE,ziyadnz/hourly-ipv4,ziyadnz|hourly,2026-08-17T18:48:05Z,2026-08-17T18:48:05Z,
38.12.30.135,ipv4,malicious-ip,medium,WHITE,ziyadnz/hourly-ipv4,ziyadnz|hourly,2026-08-17T18:48:05Z,2026-08-17T18:48:05Z,
38.12.31.247,ipv4,malicious-ip,medium,WHITE,ziyadnz/hourly-ipv4,ziyadnz|hourly,2026-08-17T18:48:05Z,2026-08-17T18:48:05Z,
38.123.213.115,ipv4,malicious-ip,medium,WHITE,ziyadnz/hourly-ipv4,ziyadnz|hourly,2026-08-17T18:48:05Z,2026-08-17T18:48:05Z,
38.123.67.244,ipv4,malicious-ip,medium,WHITE,ziyadnz/hourly-ipv4,ziyadnz|hourly,2026-08-17T18:48:05Z,2026-08-17T18:48:05Z,
38.127.61.13,ipv4,malicious-ip,medium,WHITE,ziyadnz/hourly-ipv4,ziyadnz|hourly,2026-08-17T18:48:05Z,2026-08-17T18:48:05Z,
38.13.107.96,ipv4,malicious-ip,medium,WHITE,ziyadnz/hourly-ipv4,ziyadnz|hourly,2026-08-17T18:48:05Z,2026-08-17T18:48:05Z,
38.130.71.18,ipv4,malicious-ip,medium,WHITE,ziyadnz/hourly-ipv4,ziyadnz|hourly,2026-08-17T18:48:05Z,2026-08-17T18:48:05Z,
38.131.63.196,ipv4,malicious-ip,medium,WHITE,ziyadnz/hourly-ipv4,ziyadnz|hourly,2026-08-17T18:48:05Z,2026-08-17T18:48:05Z,
38.132.101.38,ipv4,malicious-ip,medium,WHITE,ziyadnz/hourly-ipv4,ziyadnz|hourly,2026-08-17T18:48:05Z,2026-08-17T18:48:05Z,
38.132.101.45,ipv4,malicious-ip,medium,WHITE,ziyadnz/hourly-ipv4,ziyadnz|hourly,2026-08-17T18:48:05Z,2026-08-17T18:48:05Z,
38.132.109.165,ipv4,malicious-ip,medium,WHITE,ziyadnz/hourly-ipv4,ziyadnz|hourly,2026-08-17T18:48:05Z,2026-08-17T18:48:05Z,
38.133.189.67,ipv4,malicious-ip,medium,WHITE,ziyadnz/hourly-ipv4,ziyadnz|hourly,2026-08-17T18:48:05Z,2026-08-17T18:48:05Z,
38.134.148.20,ipv4,malicious-ip,medium,WHITE,ziyadnz/hourly-ipv4,ziyadnz|hourly,2026-08-17T18:48:05Z,2026-08-17T18:48:05Z,
38.134.148.218,ipv4,malicious-ip,medium,WHITE,ziyadnz/hourly-ipv4,ziyadnz|hourly,2026-08-17T18:48:05Z,2026-08-17T18:48:05Z,
38.134.148.74,ipv4,malicious-ip,medium,WHITE,ziyadnz/hourly-ipv4,ziyadnz|hourly,2026-08-17T18:48:05Z,2026-08-17T18:48:05Z,
38.135.104.189,ipv4,malicious-ip,medium,WHITE,ziyadnz/hourly-ipv4,ziyadnz|hourly,2026-08-17T18:48:05Z,2026-08-17T18:48:05Z,
38.135.42.99,ipv4,malicious-ip,medium,WHITE,ziyadnz/hourly-ipv4,ziyadnz|hourly,2026-08-17T18:48:05Z,2026-08-17T18:48:05Z,
38.135.52.151,ipv4,malicious-ip,medium,WHITE,ziyadnz/hourly-ipv4,ziyadnz|hourly,2026-08-17T18:48:05Z,2026-08-17T18:48:05Z,
38.137.11.14,ipv4,malicious-ip,medium,WHITE,ziyadnz/hourly-ipv4,ziyadnz|hourly,2026-08-17T18:48:05Z,2026-08-17T18:48:05Z,
38.137.121.183,ipv4,malicious-ip,medium,WHITE,ziyadnz/hourly-ipv4,ziyadnz|hourly,2026-08-17T18:48:05Z,2026-08-17T18:48:05Z,
38.137.17.205,ipv4,malicious-ip,medium,WHITE,ziyadnz/hourly-ipv4,ziyadnz|hourly,2026-08-17T18:48:05Z,2026-08-17T18:48:05Z,
38.137.22.210,ipv4,malicious-ip,medium,WHITE,ziyadnz/hourly-ipv4,ziyadnz|hourly,2026-08-17T18:48:05Z,2026-08-17T18:48:05Z,
38.137.233.93,ipv4,malicious-ip,medium,WHITE,ziyadnz/hourly-ipv4,ziyadnz|hourly,2026-08-17T18:48:05Z,2026-08-17T18:48:05Z,
38.137.250.247,ipv4,malicious-ip,medium,WHITE,ziyadnz/hourly-ipv4,ziyadnz|hourly,2026-08-17T18:48:05Z,2026-08-17T18:48:05Z,
38.137.35.165,ipv4,malicious-ip,medium,WHITE,ziyadnz/hourly-ipv4,ziyadnz|hourly,2026-08-17T18:48:05Z,2026-08-17T18:48:05Z,
38.137.4.111,ipv4,malicious-ip,medium,WHITE,ziyadnz/hourly-ipv4,ziyadnz|hourly,2026-08-17T18:48:05Z,2026-08-17T18:48:05Z,
38.14.254.88,ipv4,malicious-ip,medium,WHITE,ziyadnz/hourly-ipv4,ziyadnz|hourly,2026-08-17T18:48:05Z,2026-08-17T18:48:05Z,
38.14.255.23,ipv4,malicious-ip,medium,WHITE,ziyadnz/hourly-ipv4,ziyadnz|hourly,2026-08-17T18:48:05Z,2026-08-17T18:48:05Z,
38.140.236.92,ipv4,malicious-ip,medium,WHITE,ziyadnz/hourly-ipv4,ziyadnz|hourly,2026-08-17T18:48:05Z,2026-08-17T18:48:05Z,
38.143.19.97,ipv4,malicious-ip,medium,WHITE,ziyadnz/hourly-ipv4,ziyadnz|hourly,2026-08-17T18:48:05Z,2026-08-17T18:48:05Z,
38.146.28.132,ipv4,malicious-ip,medium,WHITE,ziyadnz/hourly-ipv4,ziyadnz|hourly,2026-08-17T18:48:05Z,2026-08-17T18:48:05Z,
38.146.28.242,ipv4,malicious-ip,medium,WHITE,ziyadnz/hourly-ipv4,ziyadnz|hourly,2026-08-17T18:48:05Z,2026-08-17T18:48:05Z,
38.146.28.70,ipv4,malicious-ip,medium,WHITE,ziyadnz/hourly-ipv4,ziyadnz|hourly,2026-08-17T18:48:05Z,2026-08-17T18:48:05Z,
38.146.28.75,ipv4,malicious-ip,medium,WHITE,ziyadnz/hourly-ipv4,ziyadnz|hourly,2026-08-17T18:48:05Z,2026-08-17T18:48:05Z,
38.146.28.93,ipv4,malicious-ip,medium,WHITE,ziyadnz/hourly-ipv4,ziyadnz|hourly,2026-08-17T18:48:05Z,2026-08-17T18:48:05Z,
38.146.29.239,ipv4,malicious-ip,medium,WHITE,ziyadnz/hourly-ipv4,ziyadnz|hourly,2026-08-17T18:48:05Z,2026-08-17T18:48:05Z,
38.147.122.123,ipv4,malicious-ip,medium,WHITE,ziyadnz/hourly-ipv4,ziyadnz|hourly,2026-08-17T18:48:05Z,2026-08-17T18:48:05Z,
38.147.160.129,ipv4,malicious-ip,medium,WHITE,ziyadnz/hourly-ipv4,ziyadnz|hourly,2026-08-17T18:48:05Z,2026-08-17T18:48:05Z,
38.147.170.145,ipv4,malicious-ip,medium,WHITE,ziyadnz/hourly-ipv4,ziyadnz|hourly,2026-08-17T18:48:05Z,2026-08-17T18:48:05Z,
38.147.171.53,ipv4,malicious-ip,medium,WHITE,ziyadnz/hourly-ipv4,ziyadnz|hourly,2026-08-17T18:48:05Z,2026-08-17T18:48:05Z,
38.148.20.90,ipv4,malicious-ip,medium,WHITE,ziyadnz/hourly-ipv4,ziyadnz|hourly,2026-08-17T18:48:05Z,2026-08-17T18:48:05Z,
38.148.249.2,ipv4,malicious-ip,medium,WHITE,ziyadnz/hourly-ipv4,ziyadnz|hourly,2026-08-17T18:48:05Z,2026-08-17T18:48:05Z,
38.150.89.85,ipv4,malicious-ip,medium,WHITE,ziyadnz/hourly-ipv4,ziyadnz|hourly,2026-08-17T18:48:05Z,2026-08-17T18:48:05Z,
38.153.51.13,ipv4,malicious-ip,medium,WHITE,ziyadnz/hourly-ipv4,ziyadnz|hourly,2026-08-17T18:48:05Z,2026-08-17T18:48:05Z,
38.153.51.4,ipv4,malicious-ip,medium,WHITE,ziyadnz/hourly-ipv4,ziyadnz|hourly,2026-08-17T18:48:05Z,2026-08-17T18:48:05Z,
38.154.237.100,ipv4,malicious-ip,medium,WHITE,ziyadnz/hourly-ipv4,ziyadnz|hourly,2026-08-17T18:48:05Z,2026-08-17T18:48:05Z,
38.156.13.26,ipv4,malicious-ip,medium,WHITE,ziyadnz/hourly-ipv4,ziyadnz|hourly,2026-08-17T18:48:05Z,2026-08-17T18:48:05Z,
38.156.13.43,ipv4,malicious-ip,medium,WHITE,ziyadnz/hourly-ipv4,ziyadnz|hourly,2026-08-17T18:48:05Z,2026-08-17T18:48:05Z,
38.156.65.122,ipv4,malicious-ip,medium,WHITE,ziyadnz/hourly-ipv4,ziyadnz|hourly,2026-08-17T18:48:05Z,2026-08-17T18:48:05Z,
38.158.119.206,ipv4,malicious-ip,medium,WHITE,ziyadnz/hourly-ipv4,ziyadnz|hourly,2026-08-17T18:48:05Z,2026-08-17T18:48:05Z,
38.158.80.165,ipv4,malicious-ip,medium,WHITE,ziyadnz/hourly-ipv4,ziyadnz|hourly,2026-08-17T18:48:05Z,2026-08-17T18:48:05Z,
38.159.180.43,ipv4,malicious-ip,medium,WHITE,ziyadnz/hourly-ipv4,ziyadnz|hourly,2026-08-17T18:48:05Z,2026-08-17T18:48:05Z,
38.159.191.6,ipv4,malicious-ip,medium,WHITE,ziyadnz/hourly-ipv4,ziyadnz|hourly,2026-08-17T18:48:05Z,2026-08-17T18:48:05Z,
38.159.226.157,ipv4,malicious-ip,medium,WHITE,ziyadnz/hourly-ipv4,ziyadnz|hourly,2026-08-17T18:48:05Z,2026-08-17T18:48:05Z,
38.159.34.247,ipv4,malicious-ip,medium,WHITE,ziyadnz/hourly-ipv4,ziyadnz|hourly,2026-08-17T18:48:05Z,2026-08-17T18:48:05Z,
38.159.54.54,ipv4,malicious-ip,medium,WHITE,ziyadnz/hourly-ipv4,ziyadnz|hourly,2026-08-17T18:48:05Z,2026-08-17T18:48:05Z,
38.159.57.82,ipv4,malicious-ip,medium,WHITE,ziyadnz/hourly-ipv4,ziyadnz|hourly,2026-08-17T18:48:05Z,2026-08-17T18:48:05Z,
38.159.59.32,ipv4,malicious-ip,medium,WHITE,ziyadnz/hourly-ipv4,ziyadnz|hourly,2026-08-17T18:48:05Z,2026-08-17T18:48:05Z,
38.159.73.61,ipv4,malicious-ip,medium,WHITE,ziyadnz/hourly-ipv4,ziyadnz|hourly,2026-08-17T18:48:05Z,2026-08-17T18:48:05Z,
38.159.79.41,ipv4,malicious-ip,medium,WHITE,ziyadnz/hourly-ipv4,ziyadnz|hourly,2026-08-17T18:48:05Z,2026-08-17T18:48:05Z,
38.159.82.193,ipv4,malicious-ip,medium,WHITE,ziyadnz/hourly-ipv4,ziyadnz|hourly,2026-08-17T18:48:05Z,2026-08-17T18:48:05Z,
38.162.112.141,ipv4,malicious-ip,medium,WHITE,ziyadnz/hourly-ipv4,ziyadnz|hourly,2026-08-17T18:48:05Z,2026-08-17T18:48:05Z,
38.165.17.121,ipv4,malicious-ip,medium,WHITE,ziyadnz/hourly-ipv4,ziyadnz|hourly,2026-08-17T18:48:05Z,2026-08-17T18:48:05Z,
38.165.44.205,ipv4,malicious-ip,medium,WHITE,ziyadnz/hourly-ipv4,ziyadnz|hourly,2026-08-17T18:48:05Z,2026-08-17T18:48:05Z,
38.166.121.178,ipv4,malicious-ip,medium,WHITE,ziyadnz/hourly-ipv4,ziyadnz|hourly,2026-08-17T18:48:05Z,2026-08-17T18:48:05Z,
38.17.158.68,ipv4,malicious-ip,medium,WHITE,ziyadnz/hourly-ipv4,ziyadnz|hourly,2026-08-17T18:48:05Z,2026-08-17T18:48:05Z,
38.17.189.118,ipv4,malicious-ip,medium,WHITE,ziyadnz/hourly-ipv4,ziyadnz|hourly,2026-08-17T18:48:05Z,2026-08-17T18:48:05Z,
38.171.247.245,ipv4,malicious-ip,medium,WHITE,ziyadnz/hourly-ipv4,ziyadnz|hourly,2026-08-17T18:48:05Z,2026-08-17T18:48:05Z,
38.172.162.107,ipv4,malicious-ip,medium,WHITE,ziyadnz/hourly-ipv4,ziyadnz|hourly,2026-08-17T18:48:05Z,2026-08-17T18:48:05Z,
38.172.162.90,ipv4,malicious-ip,medium,WHITE,ziyadnz/hourly-ipv4,ziyadnz|hourly,2026-08-17T18:48:05Z,2026-08-17T18:48:05Z,
38.172.170.163,ipv4,malicious-ip,medium,WHITE,ziyadnz/hourly-ipv4,ziyadnz|hourly,2026-08-17T18:48:05Z,2026-08-17T18:48:05Z,
38.172.182.192,ipv4,malicious-ip,medium,WHITE,ziyadnz/hourly-ipv4,ziyadnz|hourly,2026-08-17T18:48:05Z,2026-08-17T18:48:05Z,
38.172.184.129,ipv4,malicious-ip,medium,WHITE,ziyadnz/hourly-ipv4,ziyadnz|hourly,2026-08-17T18:48:05Z,2026-08-17T18:48:05Z,
38.172.184.144,ipv4,malicious-ip,medium,WHITE,ziyadnz/hourly-ipv4,ziyadnz|hourly,2026-08-17T18:48:05Z,2026-08-17T18:48:05Z,
38.172.216.38,ipv4,malicious-ip,medium,WHITE,ziyadnz/hourly-ipv4,ziyadnz|hourly,2026-08-17T18:48:05Z,2026-08-17T18:48:05Z,
38.172.220.51,ipv4,malicious-ip,medium,WHITE,ziyadnz/hourly-ipv4,ziyadnz|hourly,2026-08-17T18:48:05Z,2026-08-17T18:48:05Z,
38.172.44.239,ipv4,malicious-ip,medium,WHITE,ziyadnz/hourly-ipv4,ziyadnz|hourly,2026-08-17T18:48:05Z,2026-08-17T18:48:05Z,
38.172.56.16,ipv4,malicious-ip,medium,WHITE,ziyadnz/hourly-ipv4,ziyadnz|hourly,2026-08-17T18:48:05Z,2026-08-17T18:48:05Z,
38.174.20.25,ipv4,malicious-ip,medium,WHITE,ziyadnz/hourly-ipv4,ziyadnz|hourly,2026-08-17T18:48:05Z,2026-08-17T18:48:05Z,
38.175.197.50,ipv4,malicious-ip,medium,WHITE,ziyadnz/hourly-ipv4,ziyadnz|hourly,2026-08-17T18:48:05Z,2026-08-17T18:48:05Z,
38.178.71.141,ipv4,malicious-ip,medium,WHITE,ziyadnz/hourly-ipv4,ziyadnz|hourly,2026-08-17T18:48:05Z,2026-08-17T18:48:05Z,
38.18.157.250,ipv4,malicious-ip,medium,WHITE,ziyadnz/hourly-ipv4,ziyadnz|hourly,2026-08-17T18:48:05Z,2026-08-17T18:48:05Z,
38.18.241.112,ipv4,malicious-ip,medium,WHITE,ziyadnz/hourly-ipv4,ziyadnz|hourly,2026-08-17T18:48:05Z,2026-08-17T18:48:05Z,
38.180.101.12,ipv4,malicious-ip,medium,WHITE,ziyadnz/hourly-ipv4,ziyadnz|hourly,2026-08-17T18:48:05Z,2026-08-17T18:48:05Z,
38.180.107.76,ipv4,malicious-ip,medium,WHITE,ziyadnz/hourly-ipv4,ziyadnz|hourly,2026-08-17T18:48:05Z,2026-08-17T18:48:05Z,
38.180.120.148,ipv4,malicious-ip,medium,WHITE,ziyadnz/hourly-ipv4,ziyadnz|hourly,2026-08-17T18:48:05Z,2026-08-17T18:48:05Z,
38.180.137.230,ipv4,malicious-ip,medium,WHITE,ziyadnz/hourly-ipv4,ziyadnz|hourly,2026-08-17T18:48:05Z,2026-08-17T18:48:05Z,
38.180.146.174,ipv4,malicious-ip,medium,WHITE,ziyadnz/hourly-ipv4,ziyadnz|hourly,2026-08-17T18:48:05Z,2026-08-17T18:48:05Z,
38.180.146.194,ipv4,malicious-ip,medium,WHITE,ziyadnz/hourly-ipv4,ziyadnz|hourly,2026-08-17T18:48:05Z,2026-08-17T18:48:05Z,
38.180.147.18,ipv4,malicious-ip,medium,WHITE,ziyadnz/hourly-ipv4,ziyadnz|hourly,2026-08-17T18:48:05Z,2026-08-17T18:48:05Z,
38.180.157.197,ipv4,malicious-ip,medium,WHITE,ziyadnz/hourly-ipv4,ziyadnz|hourly,2026-08-17T18:48:05Z,2026-08-17T18:48:05Z,
38.180.192.243,ipv4,malicious-ip,medium,WHITE,ziyadnz/hourly-ipv4,ziyadnz|hourly,2026-08-17T18:48:05Z,2026-08-17T18:48:05Z,
38.180.195.187,ipv4,malicious-ip,medium,WHITE,ziyadnz/hourly-ipv4,ziyadnz|hourly,2026-08-17T18:48:05Z,2026-08-17T18:48:05Z,
38.180.205.14,ipv4,malicious-ip,medium,WHITE,ziyadnz/hourly-ipv4,ziyadnz|hourly,2026-08-17T18:48:05Z,2026-08-17T18:48:05Z,
38.180.25.3,ipv4,malicious-ip,medium,WHITE,ziyadnz/hourly-ipv4,ziyadnz|hourly,2026-08-17T18:48:05Z,2026-08-17T18:48:05Z,
38.180.76.31,ipv4,malicious-ip,medium,WHITE,ziyadnz/hourly-ipv4,ziyadnz|hourly,2026-08-17T18:48:05Z,2026-08-17T18:48:05Z,
38.180.80.158,ipv4,malicious-ip,medium,WHITE,ziyadnz/hourly-ipv4,ziyadnz|hourly,2026-08-17T18:48:05Z,2026-08-17T18:48:05Z,
38.180.81.153,ipv4,malicious-ip,medium,WHITE,ziyadnz/hourly-ipv4,ziyadnz|hourly,2026-08-17T18:48:05Z,2026-08-17T18:48:05Z,
38.180.91.117,ipv4,malicious-ip,medium,WHITE,ziyadnz/hourly-ipv4,ziyadnz|hourly,2026-08-17T18:48:05Z,2026-08-17T18:48:05Z,
38.181.45.59,ipv4,malicious-ip,medium,WHITE,ziyadnz/hourly-ipv4,ziyadnz|hourly,2026-08-17T18:48:05Z,2026-08-17T18:48:05Z,
38.182.100.165,ipv4,malicious-ip,medium,WHITE,ziyadnz/hourly-ipv4,ziyadnz|hourly,2026-08-17T18:48:05Z,2026-08-17T18:48:05Z,
38.182.122.181,ipv4,malicious-ip,medium,WHITE,ziyadnz/hourly-ipv4,ziyadnz|hourly,2026-08-17T18:48:05Z,2026-08-17T18:48:05Z,
38.183.152.52,ipv4,malicious-ip,medium,WHITE,ziyadnz/hourly-ipv4,ziyadnz|hourly,2026-08-17T18:48:05Z,2026-08-17T18:48:05Z,
38.183.184.20,ipv4,malicious-ip,medium,WHITE,ziyadnz/hourly-ipv4,ziyadnz|hourly,2026-08-17T18:48:05Z,2026-08-17T18:48:05Z,
38.183.184.41,ipv4,malicious-ip,medium,WHITE,ziyadnz/hourly-ipv4,ziyadnz|hourly,2026-08-17T18:48:05Z,2026-08-17T18:48:05Z,
38.183.2.25,ipv4,malicious-ip,medium,WHITE,ziyadnz/hourly-ipv4,ziyadnz|hourly,2026-08-17T18:48:05Z,2026-08-17T18:48:05Z,
38.183.6.176,ipv4,malicious-ip,medium,WHITE,ziyadnz/hourly-ipv4,ziyadnz|hourly,2026-08-17T18:48:05Z,2026-08-17T18:48:05Z,
38.183.8.122,ipv4,malicious-ip,medium,WHITE,ziyadnz/hourly-ipv4,ziyadnz|hourly,2026-08-17T18:48:05Z,2026-08-17T18:48:05Z,
38.183.87.233,ipv4,malicious-ip,medium,WHITE,ziyadnz/hourly-ipv4,ziyadnz|hourly,2026-08-17T18:48:05Z,2026-08-17T18:48:05Z,
38.183.91.128,ipv4,malicious-ip,medium,WHITE,ziyadnz/hourly-ipv4,ziyadnz|hourly,2026-08-17T18:48:05Z,2026-08-17T18:48:05Z,
38.188.225.50,ipv4,malicious-ip,medium,WHITE,ziyadnz/hourly-ipv4,ziyadnz|hourly,2026-08-17T18:48:05Z,2026-08-17T18:48:05Z,
38.188.240.142,ipv4,malicious-ip,medium,WHITE,ziyadnz/hourly-ipv4,ziyadnz|hourly,2026-08-17T18:48:05Z,2026-08-17T18:48:05Z,
38.19.145.144,ipv4,malicious-ip,medium,WHITE,ziyadnz/hourly-ipv4,ziyadnz|hourly,2026-08-17T18:48:05Z,2026-08-17T18:48:05Z,
38.19.156.18,ipv4,malicious-ip,medium,WHITE,ziyadnz/hourly-ipv4,ziyadnz|hourly,2026-08-17T18:48:05Z,2026-08-17T18:48:05Z,
38.19.156.227,ipv4,malicious-ip,medium,WHITE,ziyadnz/hourly-ipv4,ziyadnz|hourly,2026-08-17T18:48:05Z,2026-08-17T18:48:05Z,
38.19.159.254,ipv4,malicious-ip,medium,WHITE,ziyadnz/hourly-ipv4,ziyadnz|hourly,2026-08-17T18:48:05Z,2026-08-17T18:48:05Z,
38.19.198.38,ipv4,malicious-ip,medium,WHITE,ziyadnz/hourly-ipv4,ziyadnz|hourly,2026-08-17T18:48:05Z,2026-08-17T18:48:05Z,
38.19.206.76,ipv4,malicious-ip,medium,WHITE,ziyadnz/hourly-ipv4,ziyadnz|hourly,2026-08-17T18:48:05Z,2026-08-17T18:48:05Z,
38.19.219.59,ipv4,malicious-ip,medium,WHITE,ziyadnz/hourly-ipv4,ziyadnz|hourly,2026-08-17T18:48:05Z,2026-08-17T18:48:05Z,
38.19.42.254,ipv4,malicious-ip,medium,WHITE,ziyadnz/hourly-ipv4,ziyadnz|hourly,2026-08-17T18:48:05Z,2026-08-17T18:48:05Z,
38.19.51.22,ipv4,malicious-ip,medium,WHITE,ziyadnz/hourly-ipv4,ziyadnz|hourly,2026-08-17T18:48:05Z,2026-08-17T18:48:05Z,
38.190.107.22,ipv4,malicious-ip,medium,WHITE,ziyadnz/hourly-ipv4,ziyadnz|hourly,2026-08-17T18:48:05Z,2026-08-17T18:48:05Z,
38.190.13.157,ipv4,malicious-ip,medium,WHITE,ziyadnz/hourly-ipv4,ziyadnz|hourly,2026-08-17T18:48:05Z,2026-08-17T18:48:05Z,
38.190.133.18,ipv4,malicious-ip,medium,WHITE,ziyadnz/hourly-ipv4,ziyadnz|hourly,2026-08-17T18:48:05Z,2026-08-17T18:48:05Z,
38.190.138.239,ipv4,malicious-ip,medium,WHITE,ziyadnz/hourly-ipv4,ziyadnz|hourly,2026-08-17T18:48:05Z,2026-08-17T18:48:05Z,
38.190.150.42,ipv4,malicious-ip,medium,WHITE,ziyadnz/hourly-ipv4,ziyadnz|hourly,2026-08-17T18:48:05Z,2026-08-17T18:48:05Z,
38.190.254.76,ipv4,malicious-ip,medium,WHITE,ziyadnz/hourly-ipv4,ziyadnz|hourly,2026-08-17T18:48:05Z,2026-08-17T18:48:05Z,
38.190.26.46,ipv4,malicious-ip,medium,WHITE,ziyadnz/hourly-ipv4,ziyadnz|hourly,2026-08-17T18:48:05Z,2026-08-17T18:48:05Z,
38.190.27.210,ipv4,malicious-ip,medium,WHITE,ziyadnz/hourly-ipv4,ziyadnz|hourly,2026-08-17T18:48:05Z,2026-08-17T18:48:05Z,
38.191.125.1,ipv4,malicious-ip,medium,WHITE,ziyadnz/hourly-ipv4,ziyadnz|hourly,2026-08-17T18:48:05Z,2026-08-17T18:48:05Z,
38.191.150.142,ipv4,malicious-ip,medium,WHITE,ziyadnz/hourly-ipv4,ziyadnz|hourly,2026-08-17T18:48:05Z,2026-08-17T18:48:05Z,
38.191.154.248,ipv4,malicious-ip,medium,WHITE,ziyadnz/hourly-ipv4,ziyadnz|hourly,2026-08-17T18:48:05Z,2026-08-17T18:48:05Z,
38.191.193.183,ipv4,malicious-ip,medium,WHITE,ziyadnz/hourly-ipv4,ziyadnz|hourly,2026-08-17T18:48:05Z,2026-08-17T18:48:05Z,
38.191.202.137,ipv4,malicious-ip,medium,WHITE,ziyadnz/hourly-ipv4,ziyadnz|hourly,2026-08-17T18:48:05Z,2026-08-17T18:48:05Z,
38.191.213.147,ipv4,malicious-ip,medium,WHITE,ziyadnz/hourly-ipv4,ziyadnz|hourly,2026-08-17T18:48:05Z,2026-08-17T18:48:05Z,
38.191.236.30,ipv4,malicious-ip,medium,WHITE,ziyadnz/hourly-ipv4,ziyadnz|hourly,2026-08-17T18:48:05Z,2026-08-17T18:48:05Z,
38.191.248.41,ipv4,malicious-ip,medium,WHITE,ziyadnz/hourly-ipv4,ziyadnz|hourly,2026-08-17T18:48:05Z,2026-08-17T18:48:05Z,
38.191.37.126,ipv4,malicious-ip,medium,WHITE,ziyadnz/hourly-ipv4,ziyadnz|hourly,2026-08-17T18:48:05Z,2026-08-17T18:48:05Z,
38.191.41.191,ipv4,malicious-ip,medium,WHITE,ziyadnz/hourly-ipv4,ziyadnz|hourly,2026-08-17T18:48:05Z,2026-08-17T18:48:05Z,
38.191.46.171,ipv4,malicious-ip,medium,WHITE,ziyadnz/hourly-ipv4,ziyadnz|hourly,2026-08-17T18:48:05Z,2026-08-17T18:48:05Z,
38.191.83.111,ipv4,malicious-ip,medium,WHITE,ziyadnz/hourly-ipv4,ziyadnz|hourly,2026-08-17T18:48:05Z,2026-08-17T18:48:05Z,
38.196.218.4,ipv4,malicious-ip,medium,WHITE,ziyadnz/hourly-ipv4,ziyadnz|hourly,2026-08-17T18:48:05Z,2026-08-17T18:48:05Z,
38.199.103.106,ipv4,malicious-ip,medium,WHITE,ziyadnz/hourly-ipv4,ziyadnz|hourly,2026-08-17T18:48:05Z,2026-08-17T18:48:05Z,
38.199.201.32,ipv4,malicious-ip,medium,WHITE,ziyadnz/hourly-ipv4,ziyadnz|hourly,2026-08-17T18:48:05Z,2026-08-17T18:48:05Z,
38.199.201.77,ipv4,malicious-ip,medium,WHITE,ziyadnz/hourly-ipv4,ziyadnz|hourly,2026-08-17T18:48:05Z,2026-08-17T18:48:05Z,
38.199.201.82,ipv4,malicious-ip,medium,WHITE,ziyadnz/hourly-ipv4,ziyadnz|hourly,2026-08-17T18:48:05Z,2026-08-17T18:48:05Z,
38.199.202.10,ipv4,malicious-ip,medium,WHITE,ziyadnz/hourly-ipv4,ziyadnz|hourly,2026-08-17T18:48:05Z,2026-08-17T18:48:05Z,
38.199.202.16,ipv4,malicious-ip,medium,WHITE,ziyadnz/hourly-ipv4,ziyadnz|hourly,2026-08-17T18:48:05Z,2026-08-17T18:48:05Z,
38.199.203.104,ipv4,malicious-ip,medium,WHITE,ziyadnz/hourly-ipv4,ziyadnz|hourly,2026-08-17T18:48:05Z,2026-08-17T18:48:05Z,
38.199.28.2,ipv4,malicious-ip,medium,WHITE,ziyadnz/hourly-ipv4,ziyadnz|hourly,2026-08-17T18:48:05Z,2026-08-17T18:48:05Z,
38.199.46.12,ipv4,malicious-ip,medium,WHITE,ziyadnz/hourly-ipv4,ziyadnz|hourly,2026-08-17T18:48:05Z,2026-08-17T18:48:05Z,
38.199.65.133,ipv4,malicious-ip,medium,WHITE,ziyadnz/hourly-ipv4,ziyadnz|hourly,2026-08-17T18:48:05Z,2026-08-17T18:48:05Z,
38.20.11.199,ipv4,malicious-ip,medium,WHITE,ziyadnz/hourly-ipv4,ziyadnz|hourly,2026-08-17T18:48:05Z,2026-08-17T18:48:05Z,
38.207.132.98,ipv4,malicious-ip,medium,WHITE,ziyadnz/hourly-ipv4,ziyadnz|hourly,2026-08-17T18:48:05Z,2026-08-17T18:48:05Z,
38.207.136.155,ipv4,malicious-ip,medium,WHITE,ziyadnz/hourly-ipv4,ziyadnz|hourly,2026-08-17T18:48:05Z,2026-08-17T18:48:05Z,
38.207.136.238,ipv4,malicious-ip,medium,WHITE,ziyadnz/hourly-ipv4,ziyadnz|hourly,2026-08-17T18:48:05Z,2026-08-17T18:48:05Z,
38.207.148.147,ipv4,malicious-ip,medium,WHITE,ziyadnz/hourly-ipv4,ziyadnz|hourly,2026-08-17T18:48:05Z,2026-08-17T18:48:05Z,
38.207.158.2,ipv4,malicious-ip,medium,WHITE,ziyadnz/hourly-ipv4,ziyadnz|hourly,2026-08-17T18:48:05Z,2026-08-17T18:48:05Z,
38.207.170.249,ipv4,malicious-ip,medium,WHITE,ziyadnz/hourly-ipv4,ziyadnz|hourly,2026-08-17T18:48:05Z,2026-08-17T18:48:05Z,
38.207.177.71,ipv4,malicious-ip,medium,WHITE,ziyadnz/hourly-ipv4,ziyadnz|hourly,2026-08-17T18:48:05Z,2026-08-17T18:48:05Z,
38.209.123.64,ipv4,malicious-ip,medium,WHITE,ziyadnz/hourly-ipv4,ziyadnz|hourly,2026-08-17T18:48:05Z,2026-08-17T18:48:05Z,
38.21.240.73,ipv4,malicious-ip,medium,WHITE,ziyadnz/hourly-ipv4,ziyadnz|hourly,2026-08-17T18:48:05Z,2026-08-17T18:48:05Z,
38.21.244.90,ipv4,malicious-ip,medium,WHITE,ziyadnz/hourly-ipv4,ziyadnz|hourly,2026-08-17T18:48:05Z,2026-08-17T18:48:05Z,
38.210.105.10,ipv4,malicious-ip,medium,WHITE,ziyadnz/hourly-ipv4,ziyadnz|hourly,2026-08-17T18:48:05Z,2026-08-17T18:48:05Z,
38.210.185.74,ipv4,malicious-ip,medium,WHITE,ziyadnz/hourly-ipv4,ziyadnz|hourly,2026-08-17T18:48:05Z,2026-08-17T18:48:05Z,
38.210.187.8,ipv4,malicious-ip,medium,WHITE,ziyadnz/hourly-ipv4,ziyadnz|hourly,2026-08-17T18:48:05Z,2026-08-17T18:48:05Z,
38.210.202.119,ipv4,malicious-ip,medium,WHITE,ziyadnz/hourly-ipv4,ziyadnz|hourly,2026-08-17T18:48:05Z,2026-08-17T18:48:05Z,
38.210.202.12,ipv4,malicious-ip,medium,WHITE,ziyadnz/hourly-ipv4,ziyadnz|hourly,2026-08-17T18:48:05Z,2026-08-17T18:48:05Z,
38.210.211.171,ipv4,malicious-ip,medium,WHITE,ziyadnz/hourly-ipv4,ziyadnz|hourly,2026-08-17T18:48:05Z,2026-08-17T18:48:05Z,
38.210.230.157,ipv4,malicious-ip,medium,WHITE,ziyadnz/hourly-ipv4,ziyadnz|hourly,2026-08-17T18:48:05Z,2026-08-17T18:48:05Z,
38.210.56.3,ipv4,malicious-ip,medium,WHITE,ziyadnz/hourly-ipv4,ziyadnz|hourly,2026-08-17T18:48:05Z,2026-08-17T18:48:05Z,
38.210.89.12,ipv4,malicious-ip,medium,WHITE,ziyadnz/hourly-ipv4,ziyadnz|hourly,2026-08-17T18:48:05Z,2026-08-17T18:48:05Z,
38.211.206.14,ipv4,malicious-ip,medium,WHITE,ziyadnz/hourly-ipv4,ziyadnz|hourly,2026-08-17T18:48:05Z,2026-08-17T18:48:05Z,
38.211.206.215,ipv4,malicious-ip,medium,WHITE,ziyadnz/hourly-ipv4,ziyadnz|hourly,2026-08-17T18:48:05Z,2026-08-17T18:48:05Z,
38.211.32.108,ipv4,malicious-ip,medium,WHITE,ziyadnz/hourly-ipv4,ziyadnz|hourly,2026-08-17T18:48:05Z,2026-08-17T18:48:05Z,
38.211.32.11,ipv4,malicious-ip,medium,WHITE,ziyadnz/hourly-ipv4,ziyadnz|hourly,2026-08-17T18:48:05Z,2026-08-17T18:48:05Z,
38.211.32.114,ipv4,malicious-ip,medium,WHITE,ziyadnz/hourly-ipv4,ziyadnz|hourly,2026-08-17T18:48:05Z,2026-08-17T18:48:05Z,
38.211.32.124,ipv4,malicious-ip,medium,WHITE,ziyadnz/hourly-ipv4,ziyadnz|hourly,2026-08-17T18:48:05Z,2026-08-17T18:48:05Z,
38.211.32.165,ipv4,malicious-ip,medium,WHITE,ziyadnz/hourly-ipv4,ziyadnz|hourly,2026-08-17T18:48:05Z,2026-08-17T18:48:05Z,
38.211.32.170,ipv4,malicious-ip,medium,WHITE,ziyadnz/hourly-ipv4,ziyadnz|hourly,2026-08-17T18:48:05Z,2026-08-17T18:48:05Z,
38.211.32.220,ipv4,malicious-ip,medium,WHITE,ziyadnz/hourly-ipv4,ziyadnz|hourly,2026-08-17T18:48:05Z,2026-08-17T18:48:05Z,
38.211.49.137,ipv4,malicious-ip,medium,WHITE,ziyadnz/hourly-ipv4,ziyadnz|hourly,2026-08-17T18:48:05Z,2026-08-17T18:48:05Z,
38.22.104.226,ipv4,malicious-ip,medium,WHITE,ziyadnz/hourly-ipv4,ziyadnz|hourly,2026-08-17T18:48:05Z,2026-08-17T18:48:05Z,
38.22.164.235,ipv4,malicious-ip,medium,WHITE,ziyadnz/hourly-ipv4,ziyadnz|hourly,2026-08-17T18:48:05Z,2026-08-17T18:48:05Z,
38.22.170.10,ipv4,malicious-ip,medium,WHITE,ziyadnz/hourly-ipv4,ziyadnz|hourly,2026-08-17T18:48:05Z,2026-08-17T18:48:05Z,
38.224.153.128,ipv4,malicious-ip,medium,WHITE,ziyadnz/hourly-ipv4,ziyadnz|hourly,2026-08-17T18:48:05Z,2026-08-17T18:48:05Z,
38.224.153.78,ipv4,malicious-ip,medium,WHITE,ziyadnz/hourly-ipv4,ziyadnz|hourly,2026-08-17T18:48:05Z,2026-08-17T18:48:05Z,
38.224.232.9,ipv4,malicious-ip,medium,WHITE,ziyadnz/hourly-ipv4,ziyadnz|hourly,2026-08-17T18:48:05Z,2026-08-17T18:48:05Z,
38.224.244.117,ipv4,malicious-ip,medium,WHITE,ziyadnz/hourly-ipv4,ziyadnz|hourly,2026-08-17T18:48:05Z,2026-08-17T18:48:05Z,
38.224.244.118,ipv4,malicious-ip,medium,WHITE,ziyadnz/hourly-ipv4,ziyadnz|hourly,2026-08-17T18:48:05Z,2026-08-17T18:48:05Z,
38.224.245.17,ipv4,malicious-ip,medium,WHITE,ziyadnz/hourly-ipv4,ziyadnz|hourly,2026-08-17T18:48:05Z,2026-08-17T18:48:05Z,
38.224.32.131,ipv4,malicious-ip,medium,WHITE,ziyadnz/hourly-ipv4,ziyadnz|hourly,2026-08-17T18:48:05Z,2026-08-17T18:48:05Z,
38.224.32.132,ipv4,malicious-ip,medium,WHITE,ziyadnz/hourly-ipv4,ziyadnz|hourly,2026-08-17T18:48:05Z,2026-08-17T18:48:05Z,
38.224.32.133,ipv4,malicious-ip,medium,WHITE,ziyadnz/hourly-ipv4,ziyadnz|hourly,2026-08-17T18:48:05Z,2026-08-17T18:48:05Z,
38.224.49.7,ipv4,malicious-ip,medium,WHITE,ziyadnz/hourly-ipv4,ziyadnz|hourly,2026-08-17T18:48:05Z,2026-08-17T18:48:05Z,
38.224.73.139,ipv4,malicious-ip,medium,WHITE,ziyadnz/hourly-ipv4,ziyadnz|hourly,2026-08-17T18:48:05Z,2026-08-17T18:48:05Z,
38.224.81.123,ipv4,malicious-ip,medium,WHITE,ziyadnz/hourly-ipv4,ziyadnz|hourly,2026-08-17T18:48:05Z,2026-08-17T18:48:05Z,
38.225.206.87,ipv4,malicious-ip,medium,WHITE,ziyadnz/hourly-ipv4,ziyadnz|hourly,2026-08-17T18:48:05Z,2026-08-17T18:48:05Z,
38.225.206.88,ipv4,malicious-ip,medium,WHITE,ziyadnz/hourly-ipv4,ziyadnz|hourly,2026-08-17T18:48:05Z,2026-08-17T18:48:05Z,
38.225.209.122,ipv4,malicious-ip,medium,WHITE,ziyadnz/hourly-ipv4,ziyadnz|hourly,2026-08-17T18:48:05Z,2026-08-17T18:48:05Z,
38.225.209.229,ipv4,malicious-ip,medium,WHITE,ziyadnz/hourly-ipv4,ziyadnz|hourly,2026-08-17T18:48:05Z,2026-08-17T18:48:05Z,
38.225.226.252,ipv4,malicious-ip,medium,WHITE,ziyadnz/hourly-ipv4,ziyadnz|hourly,2026-08-17T18:48:05Z,2026-08-17T18:48:05Z,
38.226.1.62,ipv4,malicious-ip,medium,WHITE,ziyadnz/hourly-ipv4,ziyadnz|hourly,2026-08-17T18:48:05Z,2026-08-17T18:48:05Z,
38.226.106.210,ipv4,malicious-ip,medium,WHITE,ziyadnz/hourly-ipv4,ziyadnz|hourly,2026-08-17T18:48:05Z,2026-08-17T18:48:05Z,
38.226.139.50,ipv4,malicious-ip,medium,WHITE,ziyadnz/hourly-ipv4,ziyadnz|hourly,2026-08-17T18:48:05Z,2026-08-17T18:48:05Z,
38.226.233.86,ipv4,malicious-ip,medium,WHITE,ziyadnz/hourly-ipv4,ziyadnz|hourly,2026-08-17T18:48:05Z,2026-08-17T18:48:05Z,
38.236.106.92,ipv4,malicious-ip,medium,WHITE,ziyadnz/hourly-ipv4,ziyadnz|hourly,2026-08-17T18:48:05Z,2026-08-17T18:48:05Z,
38.236.106.93,ipv4,malicious-ip,medium,WHITE,ziyadnz/hourly-ipv4,ziyadnz|hourly,2026-08-17T18:48:05Z,2026-08-17T18:48:05Z,
38.236.209.126,ipv4,malicious-ip,medium,WHITE,ziyadnz/hourly-ipv4,ziyadnz|hourly,2026-08-17T18:48:05Z,2026-08-17T18:48:05Z,
38.239.98.13,ipv4,malicious-ip,medium,WHITE,ziyadnz/hourly-ipv4,ziyadnz|hourly,2026-08-17T18:48:05Z,2026-08-17T18:48:05Z,
38.242.130.36,ipv4,malicious-ip,medium,WHITE,ziyadnz/hourly-ipv4,ziyadnz|hourly,2026-08-17T18:48:05Z,2026-08-17T18:48:05Z,
38.242.148.189,ipv4,malicious-ip,medium,WHITE,ziyadnz/hourly-ipv4,ziyadnz|hourly,2026-08-17T18:48:05Z,2026-08-17T18:48:05Z,
38.242.149.89,ipv4,malicious-ip,medium,WHITE,ziyadnz/hourly-ipv4,ziyadnz|hourly,2026-08-17T18:48:05Z,2026-08-17T18:48:05Z,
38.242.155.229,ipv4,malicious-ip,medium,WHITE,ziyadnz/hourly-ipv4,ziyadnz|hourly,2026-08-17T18:48:05Z,2026-08-17T18:48:05Z,
38.242.197.156,ipv4,malicious-ip,medium,WHITE,ziyadnz/hourly-ipv4,ziyadnz|hourly,2026-08-17T18:48:05Z,2026-08-17T18:48:05Z,
38.242.207.123,ipv4,malicious-ip,medium,WHITE,ziyadnz/hourly-ipv4,ziyadnz|hourly,2026-08-17T18:48:05Z,2026-08-17T18:48:05Z,
38.242.212.219,ipv4,malicious-ip,medium,WHITE,ziyadnz/hourly-ipv4,ziyadnz|hourly,2026-08-17T18:48:05Z,2026-08-17T18:48:05Z,
38.242.220.166,ipv4,malicious-ip,medium,WHITE,ziyadnz/hourly-ipv4,ziyadnz|hourly,2026-08-17T18:48:05Z,2026-08-17T18:48:05Z,
38.242.222.182,ipv4,malicious-ip,medium,WHITE,ziyadnz/hourly-ipv4,ziyadnz|hourly,2026-08-17T18:48:05Z,2026-08-17T18:48:05Z,
38.242.230.113,ipv4,malicious-ip,medium,WHITE,ziyadnz/hourly-ipv4,ziyadnz|hourly,2026-08-17T18:48:05Z,2026-08-17T18:48:05Z,
38.242.238.115,ipv4,malicious-ip,medium,WHITE,ziyadnz/hourly-ipv4,ziyadnz|hourly,2026-08-17T18:48:05Z,2026-08-17T18:48:05Z,
38.242.242.149,ipv4,malicious-ip,medium,WHITE,ziyadnz/hourly-ipv4,ziyadnz|hourly,2026-08-17T18:48:05Z,2026-08-17T18:48:05Z,
38.242.242.5,ipv4,malicious-ip,medium,WHITE,ziyadnz/hourly-ipv4,ziyadnz|hourly,2026-08-17T18:48:05Z,2026-08-17T18:48:05Z,
38.242.245.42,ipv4,malicious-ip,medium,WHITE,ziyadnz/hourly-ipv4,ziyadnz|hourly,2026-08-17T18:48:05Z,2026-08-17T18:48:05Z,
38.244.14.159,ipv4,malicious-ip,medium,WHITE,ziyadnz/hourly-ipv4,ziyadnz|hourly,2026-08-17T18:48:05Z,2026-08-17T18:48:05Z,
38.244.158.103,ipv4,malicious-ip,medium,WHITE,ziyadnz/hourly-ipv4,ziyadnz|hourly,2026-08-17T18:48:05Z,2026-08-17T18:48:05Z,
38.244.158.56,ipv4,malicious-ip,medium,WHITE,ziyadnz/hourly-ipv4,ziyadnz|hourly,2026-08-17T18:48:05Z,2026-08-17T18:48:05Z,
38.244.205.244,ipv4,malicious-ip,medium,WHITE,ziyadnz/hourly-ipv4,ziyadnz|hourly,2026-08-17T18:48:05Z,2026-08-17T18:48:05Z,
38.246.125.115,ipv4,malicious-ip,medium,WHITE,ziyadnz/hourly-ipv4,ziyadnz|hourly,2026-08-17T18:48:05Z,2026-08-17T18:48:05Z,
38.247.144.15,ipv4,malicious-ip,medium,WHITE,ziyadnz/hourly-ipv4,ziyadnz|hourly,2026-08-17T18:48:05Z,2026-08-17T18:48:05Z,
38.248.169.133,ipv4,malicious-ip,medium,WHITE,ziyadnz/hourly-ipv4,ziyadnz|hourly,2026-08-17T18:48:05Z,2026-08-17T18:48:05Z,
38.248.173.221,ipv4,malicious-ip,medium,WHITE,ziyadnz/hourly-ipv4,ziyadnz|hourly,2026-08-17T18:48:05Z,2026-08-17T18:48:05Z,
38.25.17.61,ipv4,malicious-ip,medium,WHITE,ziyadnz/hourly-ipv4,ziyadnz|hourly,2026-08-17T18:48:05Z,2026-08-17T18:48:05Z,
38.25.28.12,ipv4,malicious-ip,medium,WHITE,ziyadnz/hourly-ipv4,ziyadnz|hourly,2026-08-17T18:48:05Z,2026-08-17T18:48:05Z,
38.25.40.121,ipv4,malicious-ip,medium,WHITE,ziyadnz/hourly-ipv4,ziyadnz|hourly,2026-08-17T18:48:05Z,2026-08-17T18:48:05Z,
38.25.50.114,ipv4,malicious-ip,medium,WHITE,ziyadnz/hourly-ipv4,ziyadnz|hourly,2026-08-17T18:48:05Z,2026-08-17T18:48:05Z,
38.25.51.164,ipv4,malicious-ip,medium,WHITE,ziyadnz/hourly-ipv4,ziyadnz|hourly,2026-08-17T18:48:05Z,2026-08-17T18:48:05Z,
38.25.57.74,ipv4,malicious-ip,medium,WHITE,ziyadnz/hourly-ipv4,ziyadnz|hourly,2026-08-17T18:48:05Z,2026-08-17T18:48:05Z,
38.25.58.209,ipv4,malicious-ip,medium,WHITE,ziyadnz/hourly-ipv4,ziyadnz|hourly,2026-08-17T18:48:05Z,2026-08-17T18:48:05Z,
38.25.65.200,ipv4,malicious-ip,medium,WHITE,ziyadnz/hourly-ipv4,ziyadnz|hourly,2026-08-17T18:48:05Z,2026-08-17T18:48:05Z,
38.25.80.12,ipv4,malicious-ip,medium,WHITE,ziyadnz/hourly-ipv4,ziyadnz|hourly,2026-08-17T18:48:05Z,2026-08-17T18:48:05Z,
38.25.84.50,ipv4,malicious-ip,medium,WHITE,ziyadnz/hourly-ipv4,ziyadnz|hourly,2026-08-17T18:48:05Z,2026-08-17T18:48:05Z,
38.250.116.213,ipv4,malicious-ip,medium,WHITE,ziyadnz/hourly-ipv4,ziyadnz|hourly,2026-08-17T18:48:05Z,2026-08-17T18:48:05Z,
38.250.131.68,ipv4,malicious-ip,medium,WHITE,ziyadnz/hourly-ipv4,ziyadnz|hourly,2026-08-17T18:48:05Z,2026-08-17T18:48:05Z,
38.250.145.26,ipv4,malicious-ip,medium,WHITE,ziyadnz/hourly-ipv4,ziyadnz|hourly,2026-08-17T18:48:05Z,2026-08-17T18:48:05Z,
38.250.154.40,ipv4,malicious-ip,medium,WHITE,ziyadnz/hourly-ipv4,ziyadnz|hourly,2026-08-17T18:48:05Z,2026-08-17T18:48:05Z,
38.250.157.92,ipv4,malicious-ip,medium,WHITE,ziyadnz/hourly-ipv4,ziyadnz|hourly,2026-08-17T18:48:05Z,2026-08-17T18:48:05Z,
38.250.177.10,ipv4,malicious-ip,medium,WHITE,ziyadnz/hourly-ipv4,ziyadnz|hourly,2026-08-17T18:48:05Z,2026-08-17T18:48:05Z,
38.250.214.193,ipv4,malicious-ip,medium,WHITE,ziyadnz/hourly-ipv4,ziyadnz|hourly,2026-08-17T18:48:05Z,2026-08-17T18:48:05Z,
38.250.229.31,ipv4,malicious-ip,medium,WHITE,ziyadnz/hourly-ipv4,ziyadnz|hourly,2026-08-17T18:48:05Z,2026-08-17T18:48:05Z,
38.252.110.242,ipv4,malicious-ip,medium,WHITE,ziyadnz/hourly-ipv4,ziyadnz|hourly,2026-08-17T18:48:05Z,2026-08-17T18:48:05Z,
38.252.150.156,ipv4,malicious-ip,medium,WHITE,ziyadnz/hourly-ipv4,ziyadnz|hourly,2026-08-17T18:48:05Z,2026-08-17T18:48:05Z,
38.252.157.163,ipv4,malicious-ip,medium,WHITE,ziyadnz/hourly-ipv4,ziyadnz|hourly,2026-08-17T18:48:05Z,2026-08-17T18:48:05Z,
38.252.158.234,ipv4,malicious-ip,medium,WHITE,ziyadnz/hourly-ipv4,ziyadnz|hourly,2026-08-17T18:48:05Z,2026-08-17T18:48:05Z,
38.252.213.122,ipv4,malicious-ip,medium,WHITE,ziyadnz/hourly-ipv4,ziyadnz|hourly,2026-08-17T18:48:05Z,2026-08-17T18:48:05Z,
38.252.218.70,ipv4,malicious-ip,medium,WHITE,ziyadnz/hourly-ipv4,ziyadnz|hourly,2026-08-17T18:48:05Z,2026-08-17T18:48:05Z,
38.252.64.174,ipv4,malicious-ip,medium,WHITE,ziyadnz/hourly-ipv4,ziyadnz|hourly,2026-08-17T18:48:05Z,2026-08-17T18:48:05Z,
38.252.65.36,ipv4,malicious-ip,medium,WHITE,ziyadnz/hourly-ipv4,ziyadnz|hourly,2026-08-17T18:48:05Z,2026-08-17T18:48:05Z,
38.253.145.40,ipv4,malicious-ip,medium,WHITE,ziyadnz/hourly-ipv4,ziyadnz|hourly,2026-08-17T18:48:05Z,2026-08-17T18:48:05Z,
38.253.147.27,ipv4,malicious-ip,medium,WHITE,ziyadnz/hourly-ipv4,ziyadnz|hourly,2026-08-17T18:48:05Z,2026-08-17T18:48:05Z,
38.253.151.137,ipv4,malicious-ip,medium,WHITE,ziyadnz/hourly-ipv4,ziyadnz|hourly,2026-08-17T18:48:05Z,2026-08-17T18:48:05Z,
38.253.165.84,ipv4,malicious-ip,medium,WHITE,ziyadnz/hourly-ipv4,ziyadnz|hourly,2026-08-17T18:48:05Z,2026-08-17T18:48:05Z,
38.253.224.0,ipv4,malicious-ip,medium,WHITE,ziyadnz/hourly-ipv4,ziyadnz|hourly,2026-08-17T18:48:05Z,2026-08-17T18:48:05Z,
38.253.224.2,ipv4,malicious-ip,medium,WHITE,ziyadnz/hourly-ipv4,ziyadnz|hourly,2026-08-17T18:48:05Z,2026-08-17T18:48:05Z,
38.253.224.25,ipv4,malicious-ip,medium,WHITE,ziyadnz/hourly-ipv4,ziyadnz|hourly,2026-08-17T18:48:05Z,2026-08-17T18:48:05Z,
38.253.224.3,ipv4,malicious-ip,medium,WHITE,ziyadnz/hourly-ipv4,ziyadnz|hourly,2026-08-17T18:48:05Z,2026-08-17T18:48:05Z,
38.253.224.30,ipv4,malicious-ip,medium,WHITE,ziyadnz/hourly-ipv4,ziyadnz|hourly,2026-08-17T18:48:05Z,2026-08-17T18:48:05Z,
38.253.224.32,ipv4,malicious-ip,medium,WHITE,ziyadnz/hourly-ipv4,ziyadnz|hourly,2026-08-17T18:48:05Z,2026-08-17T18:48:05Z,
38.253.224.40,ipv4,malicious-ip,medium,WHITE,ziyadnz/hourly-ipv4,ziyadnz|hourly,2026-08-17T18:48:05Z,2026-08-17T18:48:05Z,
38.253.239.21,ipv4,malicious-ip,medium,WHITE,ziyadnz/hourly-ipv4,ziyadnz|hourly,2026-08-17T18:48:05Z,2026-08-17T18:48:05Z,
38.253.239.66,ipv4,malicious-ip,medium,WHITE,ziyadnz/hourly-ipv4,ziyadnz|hourly,2026-08-17T18:48:05Z,2026-08-17T18:48:05Z,
38.254.105.20,ipv4,malicious-ip,medium,WHITE,ziyadnz/hourly-ipv4,ziyadnz|hourly,2026-08-17T18:48:05Z,2026-08-17T18:48:05Z,
38.254.116.146,ipv4,malicious-ip,medium,WHITE,ziyadnz/hourly-ipv4,ziyadnz|hourly,2026-08-17T18:48:05Z,2026-08-17T18:48:05Z,
38.254.176.21,ipv4,malicious-ip,medium,WHITE,ziyadnz/hourly-ipv4,ziyadnz|hourly,2026-08-17T18:48:05Z,2026-08-17T18:48:05Z,
38.254.176.29,ipv4,malicious-ip,medium,WHITE,ziyadnz/hourly-ipv4,ziyadnz|hourly,2026-08-17T18:48:05Z,2026-08-17T18:48:05Z,
38.255.105.106,ipv4,malicious-ip,medium,WHITE,ziyadnz/hourly-ipv4,ziyadnz|hourly,2026-08-17T18:48:05Z,2026-08-17T18:48:05Z,
38.255.105.12,ipv4,malicious-ip,medium,WHITE,ziyadnz/hourly-ipv4,ziyadnz|hourly,2026-08-17T18:48:05Z,2026-08-17T18:48:05Z,
38.255.114.108,ipv4,malicious-ip,medium,WHITE,ziyadnz/hourly-ipv4,ziyadnz|hourly,2026-08-17T18:48:05Z,2026-08-17T18:48:05Z,
38.255.6.77,ipv4,malicious-ip,medium,WHITE,ziyadnz/hourly-ipv4,ziyadnz|hourly,2026-08-17T18:48:05Z,2026-08-17T18:48:05Z,
38.255.78.56,ipv4,malicious-ip,medium,WHITE,ziyadnz/hourly-ipv4,ziyadnz|hourly,2026-08-17T18:48:05Z,2026-08-17T18:48:05Z,
38.3.143.148,ipv4,malicious-ip,medium,WHITE,ziyadnz/hourly-ipv4,ziyadnz|hourly,2026-08-17T18:48:05Z,2026-08-17T18:48:05Z,
38.3.158.38,ipv4,malicious-ip,medium,WHITE,ziyadnz/hourly-ipv4,ziyadnz|hourly,2026-08-17T18:48:05Z,2026-08-17T18:48:05Z,
38.3.195.184,ipv4,malicious-ip,medium,WHITE,ziyadnz/hourly-ipv4,ziyadnz|hourly,2026-08-17T18:48:05Z,2026-08-17T18:48:05Z,
38.3.208.100,ipv4,malicious-ip,medium,WHITE,ziyadnz/hourly-ipv4,ziyadnz|hourly,2026-08-17T18:48:05Z,2026-08-17T18:48:05Z,
38.3.208.96,ipv4,malicious-ip,medium,WHITE,ziyadnz/hourly-ipv4,ziyadnz|hourly,2026-08-17T18:48:05Z,2026-08-17T18:48:05Z,
38.3.209.72,ipv4,malicious-ip,medium,WHITE,ziyadnz/hourly-ipv4,ziyadnz|hourly,2026-08-17T18:48:05Z,2026-08-17T18:48:05Z,
38.32.68.195,ipv4,malicious-ip,medium,WHITE,ziyadnz/hourly-ipv4,ziyadnz|hourly,2026-08-17T18:48:05Z,2026-08-17T18:48:05Z,
38.35.157.8,ipv4,malicious-ip,medium,WHITE,ziyadnz/hourly-ipv4,ziyadnz|hourly,2026-08-17T18:48:05Z,2026-08-17T18:48:05Z,
38.35.225.197,ipv4,malicious-ip,medium,WHITE,ziyadnz/hourly-ipv4,ziyadnz|hourly,2026-08-17T18:48:05Z,2026-08-17T18:48:05Z,
38.35.226.173,ipv4,malicious-ip,medium,WHITE,ziyadnz/hourly-ipv4,ziyadnz|hourly,2026-08-17T18:48:05Z,2026-08-17T18:48:05Z,
38.41.236.98,ipv4,malicious-ip,medium,WHITE,ziyadnz/hourly-ipv4,ziyadnz|hourly,2026-08-17T18:48:05Z,2026-08-17T18:48:05Z,
38.41.27.189,ipv4,malicious-ip,medium,WHITE,ziyadnz/hourly-ipv4,ziyadnz|hourly,2026-08-17T18:48:05Z,2026-08-17T18:48:05Z,
38.41.40.114,ipv4,malicious-ip,medium,WHITE,ziyadnz/hourly-ipv4,ziyadnz|hourly,2026-08-17T18:48:05Z,2026-08-17T18:48:05Z,
38.41.5.108,ipv4,malicious-ip,medium,WHITE,ziyadnz/hourly-ipv4,ziyadnz|hourly,2026-08-17T18:48:05Z,2026-08-17T18:48:05Z,
38.41.50.38,ipv4,malicious-ip,medium,WHITE,ziyadnz/hourly-ipv4,ziyadnz|hourly,2026-08-17T18:48:05Z,2026-08-17T18:48:05Z,
38.42.59.171,ipv4,malicious-ip,medium,WHITE,ziyadnz/hourly-ipv4,ziyadnz|hourly,2026-08-17T18:48:05Z,2026-08-17T18:48:05Z,
38.43.127.218,ipv4,malicious-ip,medium,WHITE,ziyadnz/hourly-ipv4,ziyadnz|hourly,2026-08-17T18:48:05Z,2026-08-17T18:48:05Z,
38.43.208.5,ipv4,malicious-ip,medium,WHITE,ziyadnz/hourly-ipv4,ziyadnz|hourly,2026-08-17T18:48:05Z,2026-08-17T18:48:05Z,
38.43.213.195,ipv4,malicious-ip,medium,WHITE,ziyadnz/hourly-ipv4,ziyadnz|hourly,2026-08-17T18:48:05Z,2026-08-17T18:48:05Z,
38.44.64.7,ipv4,malicious-ip,medium,WHITE,ziyadnz/hourly-ipv4,ziyadnz|hourly,2026-08-17T18:48:05Z,2026-08-17T18:48:05Z,
38.45.122.162,ipv4,malicious-ip,medium,WHITE,ziyadnz/hourly-ipv4,ziyadnz|hourly,2026-08-17T18:48:05Z,2026-08-17T18:48:05Z,
38.45.126.242,ipv4,malicious-ip,medium,WHITE,ziyadnz/hourly-ipv4,ziyadnz|hourly,2026-08-17T18:48:05Z,2026-08-17T18:48:05Z,
38.45.200.163,ipv4,malicious-ip,medium,WHITE,ziyadnz/hourly-ipv4,ziyadnz|hourly,2026-08-17T18:48:05Z,2026-08-17T18:48:05Z,
38.45.66.77,ipv4,malicious-ip,medium,WHITE,ziyadnz/hourly-ipv4,ziyadnz|hourly,2026-08-17T18:48:05Z,2026-08-17T18:48:05Z,
38.46.219.162,ipv4,malicious-ip,medium,WHITE,ziyadnz/hourly-ipv4,ziyadnz|hourly,2026-08-17T18:48:05Z,2026-08-17T18:48:05Z,
38.46.219.163,ipv4,malicious-ip,medium,WHITE,ziyadnz/hourly-ipv4,ziyadnz|hourly,2026-08-17T18:48:05Z,2026-08-17T18:48:05Z,
38.46.219.166,ipv4,malicious-ip,medium,WHITE,ziyadnz/hourly-ipv4,ziyadnz|hourly,2026-08-17T18:48:05Z,2026-08-17T18:48:05Z,
38.47.103.117,ipv4,malicious-ip,medium,WHITE,ziyadnz/hourly-ipv4,ziyadnz|hourly,2026-08-17T18:48:05Z,2026-08-17T18:48:05Z,
38.47.109.154,ipv4,malicious-ip,medium,WHITE,ziyadnz/hourly-ipv4,ziyadnz|hourly,2026-08-17T18:48:05Z,2026-08-17T18:48:05Z,
38.47.207.213,ipv4,malicious-ip,medium,WHITE,ziyadnz/hourly-ipv4,ziyadnz|hourly,2026-08-17T18:48:05Z,2026-08-17T18:48:05Z,
38.47.213.101,ipv4,malicious-ip,medium,WHITE,ziyadnz/hourly-ipv4,ziyadnz|hourly,2026-08-17T18:48:05Z,2026-08-17T18:48:05Z,
38.49.134.134,ipv4,malicious-ip,medium,WHITE,ziyadnz/hourly-ipv4,ziyadnz|hourly,2026-08-17T18:48:05Z,2026-08-17T18:48:05Z,
38.49.137.90,ipv4,malicious-ip,medium,WHITE,ziyadnz/hourly-ipv4,ziyadnz|hourly,2026-08-17T18:48:05Z,2026-08-17T18:48:05Z,
38.49.148.19,ipv4,malicious-ip,medium,WHITE,ziyadnz/hourly-ipv4,ziyadnz|hourly,2026-08-17T18:48:05Z,2026-08-17T18:48:05Z,
38.49.208.18,ipv4,malicious-ip,medium,WHITE,ziyadnz/hourly-ipv4,ziyadnz|hourly,2026-08-17T18:48:05Z,2026-08-17T18:48:05Z,
38.49.208.237,ipv4,malicious-ip,medium,WHITE,ziyadnz/hourly-ipv4,ziyadnz|hourly,2026-08-17T18:48:05Z,2026-08-17T18:48:05Z,
38.49.54.212,ipv4,malicious-ip,medium,WHITE,ziyadnz/hourly-ipv4,ziyadnz|hourly,2026-08-17T18:48:05Z,2026-08-17T18:48:05Z,
38.50.166.11,ipv4,malicious-ip,medium,WHITE,ziyadnz/hourly-ipv4,ziyadnz|hourly,2026-08-17T18:48:05Z,2026-08-17T18:48:05Z,
38.50.166.14,ipv4,malicious-ip,medium,WHITE,ziyadnz/hourly-ipv4,ziyadnz|hourly,2026-08-17T18:48:05Z,2026-08-17T18:48:05Z,
38.50.25.140,ipv4,malicious-ip,medium,WHITE,ziyadnz/hourly-ipv4,ziyadnz|hourly,2026-08-17T18:48:05Z,2026-08-17T18:48:05Z,
38.50.95.133,ipv4,malicious-ip,medium,WHITE,ziyadnz/hourly-ipv4,ziyadnz|hourly,2026-08-17T18:48:05Z,2026-08-17T18:48:05Z,
38.51.129.203,ipv4,malicious-ip,medium,WHITE,ziyadnz/hourly-ipv4,ziyadnz|hourly,2026-08-17T18:48:05Z,2026-08-17T18:48:05Z,
38.51.19.242,ipv4,malicious-ip,medium,WHITE,ziyadnz/hourly-ipv4,ziyadnz|hourly,2026-08-17T18:48:05Z,2026-08-17T18:48:05Z,
38.51.210.222,ipv4,malicious-ip,medium,WHITE,ziyadnz/hourly-ipv4,ziyadnz|hourly,2026-08-17T18:48:05Z,2026-08-17T18:48:05Z,
38.51.216.3,ipv4,malicious-ip,medium,WHITE,ziyadnz/hourly-ipv4,ziyadnz|hourly,2026-08-17T18:48:05Z,2026-08-17T18:48:05Z,
38.51.216.33,ipv4,malicious-ip,medium,WHITE,ziyadnz/hourly-ipv4,ziyadnz|hourly,2026-08-17T18:48:05Z,2026-08-17T18:48:05Z,
38.51.216.89,ipv4,malicious-ip,medium,WHITE,ziyadnz/hourly-ipv4,ziyadnz|hourly,2026-08-17T18:48:05Z,2026-08-17T18:48:05Z,
38.51.234.40,ipv4,malicious-ip,medium,WHITE,ziyadnz/hourly-ipv4,ziyadnz|hourly,2026-08-17T18:48:05Z,2026-08-17T18:48:05Z,
38.51.236.44,ipv4,malicious-ip,medium,WHITE,ziyadnz/hourly-ipv4,ziyadnz|hourly,2026-08-17T18:48:05Z,2026-08-17T18:48:05Z,
38.51.26.85,ipv4,malicious-ip,medium,WHITE,ziyadnz/hourly-ipv4,ziyadnz|hourly,2026-08-17T18:48:05Z,2026-08-17T18:48:05Z,
38.51.35.121,ipv4,malicious-ip,medium,WHITE,ziyadnz/hourly-ipv4,ziyadnz|hourly,2026-08-17T18:48:05Z,2026-08-17T18:48:05Z,
38.52.138.101,ipv4,malicious-ip,medium,WHITE,ziyadnz/hourly-ipv4,ziyadnz|hourly,2026-08-17T18:48:05Z,2026-08-17T18:48:05Z,
38.52.198.49,ipv4,malicious-ip,medium,WHITE,ziyadnz/hourly-ipv4,ziyadnz|hourly,2026-08-17T18:48:05Z,2026-08-17T18:48:05Z,
38.54.107.103,ipv4,malicious-ip,medium,WHITE,ziyadnz/hourly-ipv4,ziyadnz|hourly,2026-08-17T18:48:05Z,2026-08-17T18:48:05Z,
38.54.112.184,ipv4,malicious-ip,medium,WHITE,ziyadnz/hourly-ipv4,ziyadnz|hourly,2026-08-17T18:48:05Z,2026-08-17T18:48:05Z,
38.54.125.134,ipv4,malicious-ip,medium,WHITE,ziyadnz/hourly-ipv4,ziyadnz|hourly,2026-08-17T18:48:05Z,2026-08-17T18:48:05Z,
38.54.125.192,ipv4,malicious-ip,medium,WHITE,ziyadnz/hourly-ipv4,ziyadnz|hourly,2026-08-17T18:48:05Z,2026-08-17T18:48:05Z,
38.54.17.131,ipv4,malicious-ip,medium,WHITE,ziyadnz/hourly-ipv4,ziyadnz|hourly,2026-08-17T18:48:05Z,2026-08-17T18:48:05Z,
38.54.31.146,ipv4,malicious-ip,medium,WHITE,ziyadnz/hourly-ipv4,ziyadnz|hourly,2026-08-17T18:48:05Z,2026-08-17T18:48:05Z,
38.54.32.244,ipv4,malicious-ip,medium,WHITE,ziyadnz/hourly-ipv4,ziyadnz|hourly,2026-08-17T18:48:05Z,2026-08-17T18:48:05Z,
38.54.32.94,ipv4,malicious-ip,medium,WHITE,ziyadnz/hourly-ipv4,ziyadnz|hourly,2026-08-17T18:48:05Z,2026-08-17T18:48:05Z,
38.54.33.228,ipv4,malicious-ip,medium,WHITE,ziyadnz/hourly-ipv4,ziyadnz|hourly,2026-08-17T18:48:05Z,2026-08-17T18:48:05Z,
38.54.33.239,ipv4,malicious-ip,medium,WHITE,ziyadnz/hourly-ipv4,ziyadnz|hourly,2026-08-17T18:48:05Z,2026-08-17T18:48:05Z,
38.54.37.196,ipv4,malicious-ip,medium,WHITE,ziyadnz/hourly-ipv4,ziyadnz|hourly,2026-08-17T18:48:05Z,2026-08-17T18:48:05Z,
38.54.40.156,ipv4,malicious-ip,medium,WHITE,ziyadnz/hourly-ipv4,ziyadnz|hourly,2026-08-17T18:48:05Z,2026-08-17T18:48:05Z,
38.54.50.182,ipv4,malicious-ip,medium,WHITE,ziyadnz/hourly-ipv4,ziyadnz|hourly,2026-08-17T18:48:05Z,2026-08-17T18:48:05Z,
38.54.50.212,ipv4,malicious-ip,medium,WHITE,ziyadnz/hourly-ipv4,ziyadnz|hourly,2026-08-17T18:48:05Z,2026-08-17T18:48:05Z,
38.54.57.130,ipv4,malicious-ip,medium,WHITE,ziyadnz/hourly-ipv4,ziyadnz|hourly,2026-08-17T18:48:05Z,2026-08-17T18:48:05Z,
38.54.59.96,ipv4,malicious-ip,medium,WHITE,ziyadnz/hourly-ipv4,ziyadnz|hourly,2026-08-17T18:48:05Z,2026-08-17T18:48:05Z,
38.54.73.35,ipv4,malicious-ip,medium,WHITE,ziyadnz/hourly-ipv4,ziyadnz|hourly,2026-08-17T18:48:05Z,2026-08-17T18:48:05Z,
38.54.76.52,ipv4,malicious-ip,medium,WHITE,ziyadnz/hourly-ipv4,ziyadnz|hourly,2026-08-17T18:48:05Z,2026-08-17T18:48:05Z,
38.54.82.69,ipv4,malicious-ip,medium,WHITE,ziyadnz/hourly-ipv4,ziyadnz|hourly,2026-08-17T18:48:05Z,2026-08-17T18:48:05Z,
38.54.88.201,ipv4,malicious-ip,medium,WHITE,ziyadnz/hourly-ipv4,ziyadnz|hourly,2026-08-17T18:48:05Z,2026-08-17T18:48:05Z,
38.54.88.203,ipv4,malicious-ip,medium,WHITE,ziyadnz/hourly-ipv4,ziyadnz|hourly,2026-08-17T18:48:05Z,2026-08-17T18:48:05Z,
38.54.94.13,ipv4,malicious-ip,medium,WHITE,ziyadnz/hourly-ipv4,ziyadnz|hourly,2026-08-17T18:48:05Z,2026-08-17T18:48:05Z,
38.54.95.226,ipv4,malicious-ip,medium,WHITE,ziyadnz/hourly-ipv4,ziyadnz|hourly,2026-08-17T18:48:05Z,2026-08-17T18:48:05Z,
38.54.96.97,ipv4,malicious-ip,medium,WHITE,ziyadnz/hourly-ipv4,ziyadnz|hourly,2026-08-17T18:48:05Z,2026-08-17T18:48:05Z,
38.55.145.239,ipv4,malicious-ip,medium,WHITE,ziyadnz/hourly-ipv4,ziyadnz|hourly,2026-08-17T18:48:05Z,2026-08-17T18:48:05Z,
38.55.151.63,ipv4,malicious-ip,medium,WHITE,ziyadnz/hourly-ipv4,ziyadnz|hourly,2026-08-17T18:48:05Z,2026-08-17T18:48:05Z,
38.55.194.34,ipv4,malicious-ip,medium,WHITE,ziyadnz/hourly-ipv4,ziyadnz|hourly,2026-08-17T18:48:05Z,2026-08-17T18:48:05Z,
38.55.198.117,ipv4,malicious-ip,medium,WHITE,ziyadnz/hourly-ipv4,ziyadnz|hourly,2026-08-17T18:48:05Z,2026-08-17T18:48:05Z,
38.55.97.178,ipv4,malicious-ip,medium,WHITE,ziyadnz/hourly-ipv4,ziyadnz|hourly,2026-08-17T18:48:05Z,2026-08-17T18:48:05Z,
38.56.20.111,ipv4,malicious-ip,medium,WHITE,ziyadnz/hourly-ipv4,ziyadnz|hourly,2026-08-17T18:48:05Z,2026-08-17T18:48:05Z,
38.56.20.112,ipv4,malicious-ip,medium,WHITE,ziyadnz/hourly-ipv4,ziyadnz|hourly,2026-08-17T18:48:05Z,2026-08-17T18:48:05Z,
38.56.203.222,ipv4,malicious-ip,medium,WHITE,ziyadnz/hourly-ipv4,ziyadnz|hourly,2026-08-17T18:48:05Z,2026-08-17T18:48:05Z,
38.56.21.66,ipv4,malicious-ip,medium,WHITE,ziyadnz/hourly-ipv4,ziyadnz|hourly,2026-08-17T18:48:05Z,2026-08-17T18:48:05Z,
38.56.227.236,ipv4,malicious-ip,medium,WHITE,ziyadnz/hourly-ipv4,ziyadnz|hourly,2026-08-17T18:48:05Z,2026-08-17T18:48:05Z,
38.56.250.142,ipv4,malicious-ip,medium,WHITE,ziyadnz/hourly-ipv4,ziyadnz|hourly,2026-08-17T18:48:05Z,2026-08-17T18:48:05Z,
38.58.179.138,ipv4,malicious-ip,medium,WHITE,ziyadnz/hourly-ipv4,ziyadnz|hourly,2026-08-17T18:48:05Z,2026-08-17T18:48:05Z,
38.58.38.25,ipv4,malicious-ip,medium,WHITE,ziyadnz/hourly-ipv4,ziyadnz|hourly,2026-08-17T18:48:05Z,2026-08-17T18:48:05Z,
38.59.219.27,ipv4,malicious-ip,medium,WHITE,ziyadnz/hourly-ipv4,ziyadnz|hourly,2026-08-17T18:48:05Z,2026-08-17T18:48:05Z,
38.6.160.44,ipv4,malicious-ip,medium,WHITE,ziyadnz/hourly-ipv4,ziyadnz|hourly,2026-08-17T18:48:05Z,2026-08-17T18:48:05Z,
38.6.224.24,ipv4,malicious-ip,medium,WHITE,ziyadnz/hourly-ipv4,ziyadnz|hourly,2026-08-17T18:48:05Z,2026-08-17T18:48:05Z,
38.6.224.248,ipv4,malicious-ip,medium,WHITE,ziyadnz/hourly-ipv4,ziyadnz|hourly,2026-08-17T18:48:05Z,2026-08-17T18:48:05Z,
38.60.110.235,ipv4,malicious-ip,medium,WHITE,ziyadnz/hourly-ipv4,ziyadnz|hourly,2026-08-17T18:48:05Z,2026-08-17T18:48:05Z,
38.60.142.56,ipv4,malicious-ip,medium,WHITE,ziyadnz/hourly-ipv4,ziyadnz|hourly,2026-08-17T18:48:05Z,2026-08-17T18:48:05Z,
38.60.146.78,ipv4,malicious-ip,medium,WHITE,ziyadnz/hourly-ipv4,ziyadnz|hourly,2026-08-17T18:48:05Z,2026-08-17T18:48:05Z,
38.60.157.139,ipv4,malicious-ip,medium,WHITE,ziyadnz/hourly-ipv4,ziyadnz|hourly,2026-08-17T18:48:05Z,2026-08-17T18:48:05Z,
38.60.171.242,ipv4,malicious-ip,medium,WHITE,ziyadnz/hourly-ipv4,ziyadnz|hourly,2026-08-17T18:48:05Z,2026-08-17T18:48:05Z,
38.60.192.208,ipv4,malicious-ip,medium,WHITE,ziyadnz/hourly-ipv4,ziyadnz|hourly,2026-08-17T18:48:05Z,2026-08-17T18:48:05Z,
38.60.194.21,ipv4,malicious-ip,medium,WHITE,ziyadnz/hourly-ipv4,ziyadnz|hourly,2026-08-17T18:48:05Z,2026-08-17T18:48:05Z,
38.60.199.34,ipv4,malicious-ip,medium,WHITE,ziyadnz/hourly-ipv4,ziyadnz|hourly,2026-08-17T18:48:05Z,2026-08-17T18:48:05Z,
38.60.203.110,ipv4,malicious-ip,medium,WHITE,ziyadnz/hourly-ipv4,ziyadnz|hourly,2026-08-17T18:48:05Z,2026-08-17T18:48:05Z,
38.60.203.135,ipv4,malicious-ip,medium,WHITE,ziyadnz/hourly-ipv4,ziyadnz|hourly,2026-08-17T18:48:05Z,2026-08-17T18:48:05Z,
38.60.203.184,ipv4,malicious-ip,medium,WHITE,ziyadnz/hourly-ipv4,ziyadnz|hourly,2026-08-17T18:48:05Z,2026-08-17T18:48:05Z,
38.60.211.190,ipv4,malicious-ip,medium,WHITE,ziyadnz/hourly-ipv4,ziyadnz|hourly,2026-08-17T18:48:05Z,2026-08-17T18:48:05Z,
38.60.212.97,ipv4,malicious-ip,medium,WHITE,ziyadnz/hourly-ipv4,ziyadnz|hourly,2026-08-17T18:48:05Z,2026-08-17T18:48:05Z,
38.60.214.5,ipv4,malicious-ip,medium,WHITE,ziyadnz/hourly-ipv4,ziyadnz|hourly,2026-08-17T18:48:05Z,2026-08-17T18:48:05Z,
38.60.220.133,ipv4,malicious-ip,medium,WHITE,ziyadnz/hourly-ipv4,ziyadnz|hourly,2026-08-17T18:48:05Z,2026-08-17T18:48:05Z,
38.60.224.25,ipv4,malicious-ip,medium,WHITE,ziyadnz/hourly-ipv4,ziyadnz|hourly,2026-08-17T18:48:05Z,2026-08-17T18:48:05Z,
38.60.227.104,ipv4,malicious-ip,medium,WHITE,ziyadnz/hourly-ipv4,ziyadnz|hourly,2026-08-17T18:48:05Z,2026-08-17T18:48:05Z,
38.60.227.172,ipv4,malicious-ip,medium,WHITE,ziyadnz/hourly-ipv4,ziyadnz|hourly,2026-08-17T18:48:05Z,2026-08-17T18:48:05Z,
38.60.245.37,ipv4,malicious-ip,medium,WHITE,ziyadnz/hourly-ipv4,ziyadnz|hourly,2026-08-17T18:48:05Z,2026-08-17T18:48:05Z,
38.60.252.66,ipv4,malicious-ip,medium,WHITE,ziyadnz/hourly-ipv4,ziyadnz|hourly,2026-08-17T18:48:05Z,2026-08-17T18:48:05Z,
38.60.91.176,ipv4,malicious-ip,medium,WHITE,ziyadnz/hourly-ipv4,ziyadnz|hourly,2026-08-17T18:48:05Z,2026-08-17T18:48:05Z,
38.61.160.191,ipv4,malicious-ip,medium,WHITE,ziyadnz/hourly-ipv4,ziyadnz|hourly,2026-08-17T18:48:05Z,2026-08-17T18:48:05Z,
38.61.218.113,ipv4,malicious-ip,medium,WHITE,ziyadnz/hourly-ipv4,ziyadnz|hourly,2026-08-17T18:48:05Z,2026-08-17T18:48:05Z,
38.61.253.4,ipv4,malicious-ip,medium,WHITE,ziyadnz/hourly-ipv4,ziyadnz|hourly,2026-08-17T18:48:05Z,2026-08-17T18:48:05Z,
38.62.69.40,ipv4,malicious-ip,medium,WHITE,ziyadnz/hourly-ipv4,ziyadnz|hourly,2026-08-17T18:48:05Z,2026-08-17T18:48:05Z,
38.65.137.0,ipv4,malicious-ip,medium,WHITE,ziyadnz/hourly-ipv4,ziyadnz|hourly,2026-08-17T18:48:05Z,2026-08-17T18:48:05Z,
38.65.137.102,ipv4,malicious-ip,medium,WHITE,ziyadnz/hourly-ipv4,ziyadnz|hourly,2026-08-17T18:48:05Z,2026-08-17T18:48:05Z,
38.65.137.106,ipv4,malicious-ip,medium,WHITE,ziyadnz/hourly-ipv4,ziyadnz|hourly,2026-08-17T18:48:05Z,2026-08-17T18:48:05Z,
38.65.137.107,ipv4,malicious-ip,medium,WHITE,ziyadnz/hourly-ipv4,ziyadnz|hourly,2026-08-17T18:48:05Z,2026-08-17T18:48:05Z,
38.65.137.120,ipv4,malicious-ip,medium,WHITE,ziyadnz/hourly-ipv4,ziyadnz|hourly,2026-08-17T18:48:05Z,2026-08-17T18:48:05Z,
38.65.174.234,ipv4,malicious-ip,medium,WHITE,ziyadnz/hourly-ipv4,ziyadnz|hourly,2026-08-17T18:48:05Z,2026-08-17T18:48:05Z,
38.65.227.91,ipv4,malicious-ip,medium,WHITE,ziyadnz/hourly-ipv4,ziyadnz|hourly,2026-08-17T18:48:05Z,2026-08-17T18:48:05Z,
38.65.250.35,ipv4,malicious-ip,medium,WHITE,ziyadnz/hourly-ipv4,ziyadnz|hourly,2026-08-17T18:48:05Z,2026-08-17T18:48:05Z,
38.68.179.16,ipv4,malicious-ip,medium,WHITE,ziyadnz/hourly-ipv4,ziyadnz|hourly,2026-08-17T18:48:05Z,2026-08-17T18:48:05Z,
38.68.183.43,ipv4,malicious-ip,medium,WHITE,ziyadnz/hourly-ipv4,ziyadnz|hourly,2026-08-17T18:48:05Z,2026-08-17T18:48:05Z,
38.68.184.88,ipv4,malicious-ip,medium,WHITE,ziyadnz/hourly-ipv4,ziyadnz|hourly,2026-08-17T18:48:05Z,2026-08-17T18:48:05Z,
38.68.184.92,ipv4,malicious-ip,medium,WHITE,ziyadnz/hourly-ipv4,ziyadnz|hourly,2026-08-17T18:48:05Z,2026-08-17T18:48:05Z,
38.68.184.94,ipv4,malicious-ip,medium,WHITE,ziyadnz/hourly-ipv4,ziyadnz|hourly,2026-08-17T18:48:05Z,2026-08-17T18:48:05Z,
38.69.12.158,ipv4,malicious-ip,medium,WHITE,ziyadnz/hourly-ipv4,ziyadnz|hourly,2026-08-17T18:48:05Z,2026-08-17T18:48:05Z,
38.7.192.109,ipv4,malicious-ip,medium,WHITE,ziyadnz/hourly-ipv4,ziyadnz|hourly,2026-08-17T18:48:05Z,2026-08-17T18:48:05Z,
38.7.23.18,ipv4,malicious-ip,medium,WHITE,ziyadnz/hourly-ipv4,ziyadnz|hourly,2026-08-17T18:48:05Z,2026-08-17T18:48:05Z,
38.7.30.205,ipv4,malicious-ip,medium,WHITE,ziyadnz/hourly-ipv4,ziyadnz|hourly,2026-08-17T18:48:05Z,2026-08-17T18:48:05Z,
38.7.54.9,ipv4,malicious-ip,medium,WHITE,ziyadnz/hourly-ipv4,ziyadnz|hourly,2026-08-17T18:48:05Z,2026-08-17T18:48:05Z,
38.7.83.199,ipv4,malicious-ip,medium,WHITE,ziyadnz/hourly-ipv4,ziyadnz|hourly,2026-08-17T18:48:05Z,2026-08-17T18:48:05Z,
38.71.99.145,ipv4,malicious-ip,medium,WHITE,ziyadnz/hourly-ipv4,ziyadnz|hourly,2026-08-17T18:48:05Z,2026-08-17T18:48:05Z,
38.76.139.52,ipv4,malicious-ip,medium,WHITE,ziyadnz/hourly-ipv4,ziyadnz|hourly,2026-08-17T18:48:05Z,2026-08-17T18:48:05Z,
38.76.139.53,ipv4,malicious-ip,medium,WHITE,ziyadnz/hourly-ipv4,ziyadnz|hourly,2026-08-17T18:48:05Z,2026-08-17T18:48:05Z,
38.76.139.54,ipv4,malicious-ip,medium,WHITE,ziyadnz/hourly-ipv4,ziyadnz|hourly,2026-08-17T18:48:05Z,2026-08-17T18:48:05Z,
38.76.139.55,ipv4,malicious-ip,medium,WHITE,ziyadnz/hourly-ipv4,ziyadnz|hourly,2026-08-17T18:48:05Z,2026-08-17T18:48:05Z,
38.76.163.14,ipv4,malicious-ip,medium,WHITE,ziyadnz/hourly-ipv4,ziyadnz|hourly,2026-08-17T18:48:05Z,2026-08-17T18:48:05Z,
38.76.163.36,ipv4,malicious-ip,medium,WHITE,ziyadnz/hourly-ipv4,ziyadnz|hourly,2026-08-17T18:48:05Z,2026-08-17T18:48:05Z,
38.76.199.164,ipv4,malicious-ip,medium,WHITE,ziyadnz/hourly-ipv4,ziyadnz|hourly,2026-08-17T18:48:05Z,2026-08-17T18:48:05Z,
38.76.205.249,ipv4,malicious-ip,medium,WHITE,ziyadnz/hourly-ipv4,ziyadnz|hourly,2026-08-17T18:48:05Z,2026-08-17T18:48:05Z,
38.76.208.114,ipv4,malicious-ip,medium,WHITE,ziyadnz/hourly-ipv4,ziyadnz|hourly,2026-08-17T18:48:05Z,2026-08-17T18:48:05Z,
38.76.209.139,ipv4,malicious-ip,medium,WHITE,ziyadnz/hourly-ipv4,ziyadnz|hourly,2026-08-17T18:48:05Z,2026-08-17T18:48:05Z,
38.76.229.147,ipv4,malicious-ip,medium,WHITE,ziyadnz/hourly-ipv4,ziyadnz|hourly,2026-08-17T18:48:05Z,2026-08-17T18:48:05Z,
38.76.73.5,ipv4,malicious-ip,medium,WHITE,ziyadnz/hourly-ipv4,ziyadnz|hourly,2026-08-17T18:48:05Z,2026-08-17T18:48:05Z,
38.76.73.6,ipv4,malicious-ip,medium,WHITE,ziyadnz/hourly-ipv4,ziyadnz|hourly,2026-08-17T18:48:05Z,2026-08-17T18:48:05Z,
38.76.97.173,ipv4,malicious-ip,medium,WHITE,ziyadnz/hourly-ipv4,ziyadnz|hourly,2026-08-17T18:48:05Z,2026-08-17T18:48:05Z,
38.78.150.54,ipv4,malicious-ip,medium,WHITE,ziyadnz/hourly-ipv4,ziyadnz|hourly,2026-08-17T18:48:05Z,2026-08-17T18:48:05Z,
38.79.154.87,ipv4,malicious-ip,medium,WHITE,ziyadnz/hourly-ipv4,ziyadnz|hourly,2026-08-17T18:48:05Z,2026-08-17T18:48:05Z,
38.81.107.139,ipv4,malicious-ip,medium,WHITE,ziyadnz/hourly-ipv4,ziyadnz|hourly,2026-08-17T18:48:05Z,2026-08-17T18:48:05Z,
38.82.223.82,ipv4,malicious-ip,medium,WHITE,ziyadnz/hourly-ipv4,ziyadnz|hourly,2026-08-17T18:48:05Z,2026-08-17T18:48:05Z,
38.86.1.217,ipv4,malicious-ip,medium,WHITE,ziyadnz/hourly-ipv4,ziyadnz|hourly,2026-08-17T18:48:05Z,2026-08-17T18:48:05Z,
38.9.96.9,ipv4,malicious-ip,medium,WHITE,ziyadnz/hourly-ipv4,ziyadnz|hourly,2026-08-17T18:48:05Z,2026-08-17T18:48:05Z,
38.91.113.58,ipv4,malicious-ip,medium,WHITE,ziyadnz/hourly-ipv4,ziyadnz|hourly,2026-08-17T18:48:05Z,2026-08-17T18:48:05Z,
38.91.113.59,ipv4,malicious-ip,medium,WHITE,ziyadnz/hourly-ipv4,ziyadnz|hourly,2026-08-17T18:48:05Z,2026-08-17T18:48:05Z,
38.92.20.50,ipv4,malicious-ip,medium,WHITE,ziyadnz/hourly-ipv4,ziyadnz|hourly,2026-08-17T18:48:05Z,2026-08-17T18:48:05Z,
38.92.47.151,ipv4,malicious-ip,medium,WHITE,ziyadnz/hourly-ipv4,ziyadnz|hourly,2026-08-17T18:48:05Z,2026-08-17T18:48:05Z,
38.92.47.85,ipv4,malicious-ip,medium,WHITE,ziyadnz/hourly-ipv4,ziyadnz|hourly,2026-08-17T18:48:05Z,2026-08-17T18:48:05Z,
38.92.47.91,ipv4,malicious-ip,medium,WHITE,ziyadnz/hourly-ipv4,ziyadnz|hourly,2026-08-17T18:48:05Z,2026-08-17T18:48:05Z,
38.95.74.33,ipv4,malicious-ip,medium,WHITE,ziyadnz/hourly-ipv4,ziyadnz|hourly,2026-08-17T18:48:05Z,2026-08-17T18:48:05Z,
38.95.75.98,ipv4,malicious-ip,medium,WHITE,ziyadnz/hourly-ipv4,ziyadnz|hourly,2026-08-17T18:48:05Z,2026-08-17T18:48:05Z,
38.96.178.220,ipv4,malicious-ip,medium,WHITE,ziyadnz/hourly-ipv4,ziyadnz|hourly,2026-08-17T18:48:05Z,2026-08-17T18:48:05Z,
38.97.214.81,ipv4,malicious-ip,medium,WHITE,ziyadnz/hourly-ipv4,ziyadnz|hourly,2026-08-17T18:48:05Z,2026-08-17T18:48:05Z,
38.97.56.200,ipv4,malicious-ip,medium,WHITE,ziyadnz/hourly-ipv4,ziyadnz|hourly,2026-08-17T18:48:05Z,2026-08-17T18:48:05Z,
38.99.239.208,ipv4,malicious-ip,medium,WHITE,ziyadnz/hourly-ipv4,ziyadnz|hourly,2026-08-17T18:48:05Z,2026-08-17T18:48:05Z,
38.99.243.184,ipv4,malicious-ip,medium,WHITE,ziyadnz/hourly-ipv4,ziyadnz|hourly,2026-08-17T18:48:05Z,2026-08-17T18:48:05Z,
39.100.183.18,ipv4,malicious-ip,medium,WHITE,ziyadnz/hourly-ipv4,ziyadnz|hourly,2026-08-17T18:48:05Z,2026-08-17T18:48:05Z,
39.100.71.170,ipv4,malicious-ip,medium,WHITE,ziyadnz/hourly-ipv4,ziyadnz|hourly,2026-08-17T18:48:05Z,2026-08-17T18:48:05Z,
39.100.77.18,ipv4,malicious-ip,medium,WHITE,ziyadnz/hourly-ipv4,ziyadnz|hourly,2026-08-17T18:48:05Z,2026-08-17T18:48:05Z,
39.100.77.59,ipv4,malicious-ip,medium,WHITE,ziyadnz/hourly-ipv4,ziyadnz|hourly,2026-08-17T18:48:05Z,2026-08-17T18:48:05Z,
39.100.80.169,ipv4,malicious-ip,medium,WHITE,ziyadnz/hourly-ipv4,ziyadnz|hourly,2026-08-17T18:48:05Z,2026-08-17T18:48:05Z,
39.100.80.76,ipv4,malicious-ip,medium,WHITE,ziyadnz/hourly-ipv4,ziyadnz|hourly,2026-08-17T18:48:05Z,2026-08-17T18:48:05Z,
39.100.81.0,ipv4,malicious-ip,medium,WHITE,ziyadnz/hourly-ipv4,ziyadnz|hourly,2026-08-17T18:48:05Z,2026-08-17T18:48:05Z,
39.100.83.5,ipv4,malicious-ip,medium,WHITE,ziyadnz/hourly-ipv4,ziyadnz|hourly,2026-08-17T18:48:05Z,2026-08-17T18:48:05Z,
39.100.84.245,ipv4,malicious-ip,medium,WHITE,ziyadnz/hourly-ipv4,ziyadnz|hourly,2026-08-17T18:48:05Z,2026-08-17T18:48:05Z,
39.100.85.255,ipv4,malicious-ip,medium,WHITE,ziyadnz/hourly-ipv4,ziyadnz|hourly,2026-08-17T18:48:05Z,2026-08-17T18:48:05Z,
39.100.86.165,ipv4,malicious-ip,medium,WHITE,ziyadnz/hourly-ipv4,ziyadnz|hourly,2026-08-17T18:48:05Z,2026-08-17T18:48:05Z,
39.101.149.26,ipv4,malicious-ip,medium,WHITE,ziyadnz/hourly-ipv4,ziyadnz|hourly,2026-08-17T18:48:05Z,2026-08-17T18:48:05Z,
39.101.69.5,ipv4,malicious-ip,medium,WHITE,ziyadnz/hourly-ipv4,ziyadnz|hourly,2026-08-17T18:48:05Z,2026-08-17T18:48:05Z,
39.101.78.248,ipv4,malicious-ip,medium,WHITE,ziyadnz/hourly-ipv4,ziyadnz|hourly,2026-08-17T18:48:05Z,2026-08-17T18:48:05Z,
39.102.148.6,ipv4,malicious-ip,medium,WHITE,ziyadnz/hourly-ipv4,ziyadnz|hourly,2026-08-17T18:48:05Z,2026-08-17T18:48:05Z,
39.102.51.195,ipv4,malicious-ip,medium,WHITE,ziyadnz/hourly-ipv4,ziyadnz|hourly,2026-08-17T18:48:05Z,2026-08-17T18:48:05Z,
39.102.52.160,ipv4,malicious-ip,medium,WHITE,ziyadnz/hourly-ipv4,ziyadnz|hourly,2026-08-17T18:48:05Z,2026-08-17T18:48:05Z,
39.102.84.110,ipv4,malicious-ip,medium,WHITE,ziyadnz/hourly-ipv4,ziyadnz|hourly,2026-08-17T18:48:05Z,2026-08-17T18:48:05Z,
39.102.84.206,ipv4,malicious-ip,medium,WHITE,ziyadnz/hourly-ipv4,ziyadnz|hourly,2026-08-17T18:48:05Z,2026-08-17T18:48:05Z,
39.102.98.224,ipv4,malicious-ip,medium,WHITE,ziyadnz/hourly-ipv4,ziyadnz|hourly,2026-08-17T18:48:05Z,2026-08-17T18:48:05Z,
39.103.169.109,ipv4,malicious-ip,medium,WHITE,ziyadnz/hourly-ipv4,ziyadnz|hourly,2026-08-17T18:48:05Z,2026-08-17T18:48:05Z,
39.103.56.123,ipv4,malicious-ip,medium,WHITE,ziyadnz/hourly-ipv4,ziyadnz|hourly,2026-08-17T18:48:05Z,2026-08-17T18:48:05Z,
39.104.14.73,ipv4,malicious-ip,medium,WHITE,ziyadnz/hourly-ipv4,ziyadnz|hourly,2026-08-17T18:48:05Z,2026-08-17T18:48:05Z,
39.104.169.129,ipv4,malicious-ip,medium,WHITE,ziyadnz/hourly-ipv4,ziyadnz|hourly,2026-08-17T18:48:05Z,2026-08-17T18:48:05Z,
39.104.204.14,ipv4,malicious-ip,medium,WHITE,ziyadnz/hourly-ipv4,ziyadnz|hourly,2026-08-17T18:48:05Z,2026-08-17T18:48:05Z,
39.104.50.26,ipv4,malicious-ip,medium,WHITE,ziyadnz/hourly-ipv4,ziyadnz|hourly,2026-08-17T18:48:05Z,2026-08-17T18:48:05Z,
39.104.55.60,ipv4,malicious-ip,medium,WHITE,ziyadnz/hourly-ipv4,ziyadnz|hourly,2026-08-17T18:48:05Z,2026-08-17T18:48:05Z,
39.104.78.118,ipv4,malicious-ip,medium,WHITE,ziyadnz/hourly-ipv4,ziyadnz|hourly,2026-08-17T18:48:05Z,2026-08-17T18:48:05Z,
39.104.86.159,ipv4,malicious-ip,medium,WHITE,ziyadnz/hourly-ipv4,ziyadnz|hourly,2026-08-17T18:48:05Z,2026-08-17T18:48:05Z,
39.104.87.170,ipv4,malicious-ip,medium,WHITE,ziyadnz/hourly-ipv4,ziyadnz|hourly,2026-08-17T18:48:05Z,2026-08-17T18:48:05Z,
39.104.90.45,ipv4,malicious-ip,medium,WHITE,ziyadnz/hourly-ipv4,ziyadnz|hourly,2026-08-17T18:48:05Z,2026-08-17T18:48:05Z,
39.104.94.99,ipv4,malicious-ip,medium,WHITE,ziyadnz/hourly-ipv4,ziyadnz|hourly,2026-08-17T18:48:05Z,2026-08-17T18:48:05Z,
39.105.12.222,ipv4,malicious-ip,medium,WHITE,ziyadnz/hourly-ipv4,ziyadnz|hourly,2026-08-17T18:48:05Z,2026-08-17T18:48:05Z,
39.105.133.77,ipv4,malicious-ip,medium,WHITE,ziyadnz/hourly-ipv4,ziyadnz|hourly,2026-08-17T18:48:05Z,2026-08-17T18:48:05Z,
39.105.15.222,ipv4,malicious-ip,medium,WHITE,ziyadnz/hourly-ipv4,ziyadnz|hourly,2026-08-17T18:48:05Z,2026-08-17T18:48:05Z,
39.105.165.220,ipv4,malicious-ip,medium,WHITE,ziyadnz/hourly-ipv4,ziyadnz|hourly,2026-08-17T18:48:05Z,2026-08-17T18:48:05Z,
39.105.202.192,ipv4,malicious-ip,medium,WHITE,ziyadnz/hourly-ipv4,ziyadnz|hourly,2026-08-17T18:48:05Z,2026-08-17T18:48:05Z,
39.105.204.188,ipv4,malicious-ip,medium,WHITE,ziyadnz/hourly-ipv4,ziyadnz|hourly,2026-08-17T18:48:05Z,2026-08-17T18:48:05Z,
39.105.205.153,ipv4,malicious-ip,medium,WHITE,ziyadnz/hourly-ipv4,ziyadnz|hourly,2026-08-17T18:48:05Z,2026-08-17T18:48:05Z,
39.105.207.93,ipv4,malicious-ip,medium,WHITE,ziyadnz/hourly-ipv4,ziyadnz|hourly,2026-08-17T18:48:05Z,2026-08-17T18:48:05Z,
39.105.212.205,ipv4,malicious-ip,medium,WHITE,ziyadnz/hourly-ipv4,ziyadnz|hourly,2026-08-17T18:48:05Z,2026-08-17T18:48:05Z,
39.105.217.27,ipv4,malicious-ip,medium,WHITE,ziyadnz/hourly-ipv4,ziyadnz|hourly,2026-08-17T18:48:05Z,2026-08-17T18:48:05Z,
39.105.218.153,ipv4,malicious-ip,medium,WHITE,ziyadnz/hourly-ipv4,ziyadnz|hourly,2026-08-17T18:48:05Z,2026-08-17T18:48:05Z,
39.105.223.127,ipv4,malicious-ip,medium,WHITE,ziyadnz/hourly-ipv4,ziyadnz|hourly,2026-08-17T18:48:05Z,2026-08-17T18:48:05Z,
39.105.23.148,ipv4,malicious-ip,medium,WHITE,ziyadnz/hourly-ipv4,ziyadnz|hourly,2026-08-17T18:48:05Z,2026-08-17T18:48:05Z,
39.105.26.204,ipv4,malicious-ip,medium,WHITE,ziyadnz/hourly-ipv4,ziyadnz|hourly,2026-08-17T18:48:05Z,2026-08-17T18:48:05Z,
39.105.33.203,ipv4,malicious-ip,medium,WHITE,ziyadnz/hourly-ipv4,ziyadnz|hourly,2026-08-17T18:48:05Z,2026-08-17T18:48:05Z,
39.105.85.43,ipv4,malicious-ip,medium,WHITE,ziyadnz/hourly-ipv4,ziyadnz|hourly,2026-08-17T18:48:05Z,2026-08-17T18:48:05Z,
39.106.12.36,ipv4,malicious-ip,medium,WHITE,ziyadnz/hourly-ipv4,ziyadnz|hourly,2026-08-17T18:48:05Z,2026-08-17T18:48:05Z,
39.106.130.159,ipv4,malicious-ip,medium,WHITE,ziyadnz/hourly-ipv4,ziyadnz|hourly,2026-08-17T18:48:05Z,2026-08-17T18:48:05Z,
39.106.136.217,ipv4,malicious-ip,medium,WHITE,ziyadnz/hourly-ipv4,ziyadnz|hourly,2026-08-17T18:48:05Z,2026-08-17T18:48:05Z,
39.106.143.163,ipv4,malicious-ip,medium,WHITE,ziyadnz/hourly-ipv4,ziyadnz|hourly,2026-08-17T18:48:05Z,2026-08-17T18:48:05Z,
39.106.180.192,ipv4,malicious-ip,medium,WHITE,ziyadnz/hourly-ipv4,ziyadnz|hourly,2026-08-17T18:48:05Z,2026-08-17T18:48:05Z,
39.106.19.145,ipv4,malicious-ip,medium,WHITE,ziyadnz/hourly-ipv4,ziyadnz|hourly,2026-08-17T18:48:05Z,2026-08-17T18:48:05Z,
39.106.224.228,ipv4,malicious-ip,medium,WHITE,ziyadnz/hourly-ipv4,ziyadnz|hourly,2026-08-17T18:48:05Z,2026-08-17T18:48:05Z,
39.106.23.166,ipv4,malicious-ip,medium,WHITE,ziyadnz/hourly-ipv4,ziyadnz|hourly,2026-08-17T18:48:05Z,2026-08-17T18:48:05Z,
39.106.230.113,ipv4,malicious-ip,medium,WHITE,ziyadnz/hourly-ipv4,ziyadnz|hourly,2026-08-17T18:48:05Z,2026-08-17T18:48:05Z,
39.106.61.225,ipv4,malicious-ip,medium,WHITE,ziyadnz/hourly-ipv4,ziyadnz|hourly,2026-08-17T18:48:05Z,2026-08-17T18:48:05Z,
39.106.93.134,ipv4,malicious-ip,medium,WHITE,ziyadnz/hourly-ipv4,ziyadnz|hourly,2026-08-17T18:48:05Z,2026-08-17T18:48:05Z,
39.107.103.199,ipv4,malicious-ip,medium,WHITE,ziyadnz/hourly-ipv4,ziyadnz|hourly,2026-08-17T18:48:05Z,2026-08-17T18:48:05Z,
39.107.104.228,ipv4,malicious-ip,medium,WHITE,ziyadnz/hourly-ipv4,ziyadnz|hourly,2026-08-17T18:48:05Z,2026-08-17T18:48:05Z,
39.107.136.130,ipv4,malicious-ip,medium,WHITE,ziyadnz/hourly-ipv4,ziyadnz|hourly,2026-08-17T18:48:05Z,2026-08-17T18:48:05Z,
39.107.156.136,ipv4,malicious-ip,medium,WHITE,ziyadnz/hourly-ipv4,ziyadnz|hourly,2026-08-17T18:48:05Z,2026-08-17T18:48:05Z,
39.107.244.123,ipv4,malicious-ip,medium,WHITE,ziyadnz/hourly-ipv4,ziyadnz|hourly,2026-08-17T18:48:05Z,2026-08-17T18:48:05Z,
39.107.60.51,ipv4,malicious-ip,medium,WHITE,ziyadnz/hourly-ipv4,ziyadnz|hourly,2026-08-17T18:48:05Z,2026-08-17T18:48:05Z,
39.107.61.230,ipv4,malicious-ip,medium,WHITE,ziyadnz/hourly-ipv4,ziyadnz|hourly,2026-08-17T18:48:05Z,2026-08-17T18:48:05Z,
39.107.68.215,ipv4,malicious-ip,medium,WHITE,ziyadnz/hourly-ipv4,ziyadnz|hourly,2026-08-17T18:48:05Z,2026-08-17T18:48:05Z,
39.107.91.252,ipv4,malicious-ip,medium,WHITE,ziyadnz/hourly-ipv4,ziyadnz|hourly,2026-08-17T18:48:05Z,2026-08-17T18:48:05Z,
39.108.173.220,ipv4,malicious-ip,medium,WHITE,ziyadnz/hourly-ipv4,ziyadnz|hourly,2026-08-17T18:48:05Z,2026-08-17T18:48:05Z,
39.108.191.208,ipv4,malicious-ip,medium,WHITE,ziyadnz/hourly-ipv4,ziyadnz|hourly,2026-08-17T18:48:05Z,2026-08-17T18:48:05Z,
39.108.72.32,ipv4,malicious-ip,medium,WHITE,ziyadnz/hourly-ipv4,ziyadnz|hourly,2026-08-17T18:48:05Z,2026-08-17T18:48:05Z,
39.108.91.46,ipv4,malicious-ip,medium,WHITE,ziyadnz/hourly-ipv4,ziyadnz|hourly,2026-08-17T18:48:05Z,2026-08-17T18:48:05Z,
39.109.104.252,ipv4,malicious-ip,medium,WHITE,ziyadnz/hourly-ipv4,ziyadnz|hourly,2026-08-17T18:48:05Z,2026-08-17T18:48:05Z,
39.109.123.199,ipv4,malicious-ip,medium,WHITE,ziyadnz/hourly-ipv4,ziyadnz|hourly,2026-08-17T18:48:05Z,2026-08-17T18:48:05Z,
39.113.77.91,ipv4,malicious-ip,medium,WHITE,ziyadnz/hourly-ipv4,ziyadnz|hourly,2026-08-17T18:48:05Z,2026-08-17T18:48:05Z,
39.115.183.206,ipv4,malicious-ip,medium,WHITE,ziyadnz/hourly-ipv4,ziyadnz|hourly,2026-08-17T18:48:05Z,2026-08-17T18:48:05Z,
39.115.195.164,ipv4,malicious-ip,medium,WHITE,ziyadnz/hourly-ipv4,ziyadnz|hourly,2026-08-17T18:48:05Z,2026-08-17T18:48:05Z,
39.123.115.235,ipv4,malicious-ip,medium,WHITE,ziyadnz/hourly-ipv4,ziyadnz|hourly,2026-08-17T18:48:05Z,2026-08-17T18:48:05Z,
39.123.249.114,ipv4,malicious-ip,medium,WHITE,ziyadnz/hourly-ipv4,ziyadnz|hourly,2026-08-17T18:48:05Z,2026-08-17T18:48:05Z,
39.126.138.29,ipv4,malicious-ip,medium,WHITE,ziyadnz/hourly-ipv4,ziyadnz|hourly,2026-08-17T18:48:05Z,2026-08-17T18:48:05Z,
39.126.174.31,ipv4,malicious-ip,medium,WHITE,ziyadnz/hourly-ipv4,ziyadnz|hourly,2026-08-17T18:48:05Z,2026-08-17T18:48:05Z,
39.129.102.30,ipv4,malicious-ip,medium,WHITE,ziyadnz/hourly-ipv4,ziyadnz|hourly,2026-08-17T18:48:05Z,2026-08-17T18:48:05Z,
39.129.125.124,ipv4,malicious-ip,medium,WHITE,ziyadnz/hourly-ipv4,ziyadnz|hourly,2026-08-17T18:48:05Z,2026-08-17T18:48:05Z,
39.129.179.9,ipv4,malicious-ip,medium,WHITE,ziyadnz/hourly-ipv4,ziyadnz|hourly,2026-08-17T18:48:05Z,2026-08-17T18:48:05Z,
39.129.6.194,ipv4,malicious-ip,medium,WHITE,ziyadnz/hourly-ipv4,ziyadnz|hourly,2026-08-17T18:48:05Z,2026-08-17T18:48:05Z,
39.129.66.171,ipv4,malicious-ip,medium,WHITE,ziyadnz/hourly-ipv4,ziyadnz|hourly,2026-08-17T18:48:05Z,2026-08-17T18:48:05Z,
39.129.8.129,ipv4,malicious-ip,medium,WHITE,ziyadnz/hourly-ipv4,ziyadnz|hourly,2026-08-17T18:48:05Z,2026-08-17T18:48:05Z,
39.129.8.134,ipv4,malicious-ip,medium,WHITE,ziyadnz/hourly-ipv4,ziyadnz|hourly,2026-08-17T18:48:05Z,2026-08-17T18:48:05Z,
39.129.90.146,ipv4,malicious-ip,medium,WHITE,ziyadnz/hourly-ipv4,ziyadnz|hourly,2026-08-17T18:48:05Z,2026-08-17T18:48:05Z,
39.130.224.118,ipv4,malicious-ip,medium,WHITE,ziyadnz/hourly-ipv4,ziyadnz|hourly,2026-08-17T18:48:05Z,2026-08-17T18:48:05Z,
39.130.240.177,ipv4,malicious-ip,medium,WHITE,ziyadnz/hourly-ipv4,ziyadnz|hourly,2026-08-17T18:48:05Z,2026-08-17T18:48:05Z,
39.130.240.253,ipv4,malicious-ip,medium,WHITE,ziyadnz/hourly-ipv4,ziyadnz|hourly,2026-08-17T18:48:05Z,2026-08-17T18:48:05Z,
39.144.144.7,ipv4,malicious-ip,medium,WHITE,ziyadnz/hourly-ipv4,ziyadnz|hourly,2026-08-17T18:48:05Z,2026-08-17T18:48:05Z,
39.144.46.60,ipv4,malicious-ip,medium,WHITE,ziyadnz/hourly-ipv4,ziyadnz|hourly,2026-08-17T18:48:05Z,2026-08-17T18:48:05Z,
39.144.78.181,ipv4,malicious-ip,medium,WHITE,ziyadnz/hourly-ipv4,ziyadnz|hourly,2026-08-17T18:48:05Z,2026-08-17T18:48:05Z,
39.144.94.227,ipv4,malicious-ip,medium,WHITE,ziyadnz/hourly-ipv4,ziyadnz|hourly,2026-08-17T18:48:05Z,2026-08-17T18:48:05Z,
39.146.11.128,ipv4,malicious-ip,medium,WHITE,ziyadnz/hourly-ipv4,ziyadnz|hourly,2026-08-17T18:48:05Z,2026-08-17T18:48:05Z,
39.146.31.153,ipv4,malicious-ip,medium,WHITE,ziyadnz/hourly-ipv4,ziyadnz|hourly,2026-08-17T18:48:05Z,2026-08-17T18:48:05Z,
39.146.42.206,ipv4,malicious-ip,medium,WHITE,ziyadnz/hourly-ipv4,ziyadnz|hourly,2026-08-17T18:48:05Z,2026-08-17T18:48:05Z,
39.146.48.11,ipv4,malicious-ip,medium,WHITE,ziyadnz/hourly-ipv4,ziyadnz|hourly,2026-08-17T18:48:05Z,2026-08-17T18:48:05Z,
39.146.7.160,ipv4,malicious-ip,medium,WHITE,ziyadnz/hourly-ipv4,ziyadnz|hourly,2026-08-17T18:48:05Z,2026-08-17T18:48:05Z,
39.146.85.192,ipv4,malicious-ip,medium,WHITE,ziyadnz/hourly-ipv4,ziyadnz|hourly,2026-08-17T18:48:05Z,2026-08-17T18:48:05Z,
39.148.102.209,ipv4,malicious-ip,medium,WHITE,ziyadnz/hourly-ipv4,ziyadnz|hourly,2026-08-17T18:48:05Z,2026-08-17T18:48:05Z,
39.148.94.100,ipv4,malicious-ip,medium,WHITE,ziyadnz/hourly-ipv4,ziyadnz|hourly,2026-08-17T18:48:05Z,2026-08-17T18:48:05Z,
39.150.24.242,ipv4,malicious-ip,medium,WHITE,ziyadnz/hourly-ipv4,ziyadnz|hourly,2026-08-17T18:48:05Z,2026-08-17T18:48:05Z,
39.151.102.31,ipv4,malicious-ip,medium,WHITE,ziyadnz/hourly-ipv4,ziyadnz|hourly,2026-08-17T18:48:05Z,2026-08-17T18:48:05Z,
39.151.103.147,ipv4,malicious-ip,medium,WHITE,ziyadnz/hourly-ipv4,ziyadnz|hourly,2026-08-17T18:48:05Z,2026-08-17T18:48:05Z,
39.152.100.5,ipv4,malicious-ip,medium,WHITE,ziyadnz/hourly-ipv4,ziyadnz|hourly,2026-08-17T18:48:05Z,2026-08-17T18:48:05Z,
39.152.106.126,ipv4,malicious-ip,medium,WHITE,ziyadnz/hourly-ipv4,ziyadnz|hourly,2026-08-17T18:48:05Z,2026-08-17T18:48:05Z,
39.152.157.54,ipv4,malicious-ip,medium,WHITE,ziyadnz/hourly-ipv4,ziyadnz|hourly,2026-08-17T18:48:05Z,2026-08-17T18:48:05Z,
39.152.175.13,ipv4,malicious-ip,medium,WHITE,ziyadnz/hourly-ipv4,ziyadnz|hourly,2026-08-17T18:48:05Z,2026-08-17T18:48:05Z,
39.152.176.56,ipv4,malicious-ip,medium,WHITE,ziyadnz/hourly-ipv4,ziyadnz|hourly,2026-08-17T18:48:05Z,2026-08-17T18:48:05Z,
39.152.202.211,ipv4,malicious-ip,medium,WHITE,ziyadnz/hourly-ipv4,ziyadnz|hourly,2026-08-17T18:48:05Z,2026-08-17T18:48:05Z,
39.152.202.72,ipv4,malicious-ip,medium,WHITE,ziyadnz/hourly-ipv4,ziyadnz|hourly,2026-08-17T18:48:05Z,2026-08-17T18:48:05Z,
39.152.34.224,ipv4,malicious-ip,medium,WHITE,ziyadnz/hourly-ipv4,ziyadnz|hourly,2026-08-17T18:48:05Z,2026-08-17T18:48:05Z,
39.152.38.173,ipv4,malicious-ip,medium,WHITE,ziyadnz/hourly-ipv4,ziyadnz|hourly,2026-08-17T18:48:05Z,2026-08-17T18:48:05Z,
39.152.47.4,ipv4,malicious-ip,medium,WHITE,ziyadnz/hourly-ipv4,ziyadnz|hourly,2026-08-17T18:48:05Z,2026-08-17T18:48:05Z,
39.152.6.12,ipv4,malicious-ip,medium,WHITE,ziyadnz/hourly-ipv4,ziyadnz|hourly,2026-08-17T18:48:05Z,2026-08-17T18:48:05Z,
39.152.72.36,ipv4,malicious-ip,medium,WHITE,ziyadnz/hourly-ipv4,ziyadnz|hourly,2026-08-17T18:48:05Z,2026-08-17T18:48:05Z,
39.153.130.172,ipv4,malicious-ip,medium,WHITE,ziyadnz/hourly-ipv4,ziyadnz|hourly,2026-08-17T18:48:05Z,2026-08-17T18:48:05Z,
39.153.174.99,ipv4,malicious-ip,medium,WHITE,ziyadnz/hourly-ipv4,ziyadnz|hourly,2026-08-17T18:48:05Z,2026-08-17T18:48:05Z,
39.153.189.207,ipv4,malicious-ip,medium,WHITE,ziyadnz/hourly-ipv4,ziyadnz|hourly,2026-08-17T18:48:05Z,2026-08-17T18:48:05Z,
39.153.220.38,ipv4,malicious-ip,medium,WHITE,ziyadnz/hourly-ipv4,ziyadnz|hourly,2026-08-17T18:48:05Z,2026-08-17T18:48:05Z,
39.153.247.75,ipv4,malicious-ip,medium,WHITE,ziyadnz/hourly-ipv4,ziyadnz|hourly,2026-08-17T18:48:05Z,2026-08-17T18:48:05Z,
39.153.251.118,ipv4,malicious-ip,medium,WHITE,ziyadnz/hourly-ipv4,ziyadnz|hourly,2026-08-17T18:48:05Z,2026-08-17T18:48:05Z,
39.153.252.196,ipv4,malicious-ip,medium,WHITE,ziyadnz/hourly-ipv4,ziyadnz|hourly,2026-08-17T18:48:05Z,2026-08-17T18:48:05Z,
39.154.7.131,ipv4,malicious-ip,medium,WHITE,ziyadnz/hourly-ipv4,ziyadnz|hourly,2026-08-17T18:48:05Z,2026-08-17T18:48:05Z,
39.156.194.58,ipv4,malicious-ip,medium,WHITE,ziyadnz/hourly-ipv4,ziyadnz|hourly,2026-08-17T18:48:05Z,2026-08-17T18:48:05Z,
39.156.194.60,ipv4,malicious-ip,medium,WHITE,ziyadnz/hourly-ipv4,ziyadnz|hourly,2026-08-17T18:48:05Z,2026-08-17T18:48:05Z,
39.158.43.39,ipv4,malicious-ip,medium,WHITE,ziyadnz/hourly-ipv4,ziyadnz|hourly,2026-08-17T18:48:05Z,2026-08-17T18:48:05Z,
39.160.20.137,ipv4,malicious-ip,medium,WHITE,ziyadnz/hourly-ipv4,ziyadnz|hourly,2026-08-17T18:48:05Z,2026-08-17T18:48:05Z,
39.160.20.158,ipv4,malicious-ip,medium,WHITE,ziyadnz/hourly-ipv4,ziyadnz|hourly,2026-08-17T18:48:05Z,2026-08-17T18:48:05Z,
39.162.10.2,ipv4,malicious-ip,medium,WHITE,ziyadnz/hourly-ipv4,ziyadnz|hourly,2026-08-17T18:48:05Z,2026-08-17T18:48:05Z,
39.162.23.126,ipv4,malicious-ip,medium,WHITE,ziyadnz/hourly-ipv4,ziyadnz|hourly,2026-08-17T18:48:05Z,2026-08-17T18:48:05Z,
39.162.24.20,ipv4,malicious-ip,medium,WHITE,ziyadnz/hourly-ipv4,ziyadnz|hourly,2026-08-17T18:48:05Z,2026-08-17T18:48:05Z,
39.162.24.34,ipv4,malicious-ip,medium,WHITE,ziyadnz/hourly-ipv4,ziyadnz|hourly,2026-08-17T18:48:05Z,2026-08-17T18:48:05Z,
39.164.76.31,ipv4,malicious-ip,medium,WHITE,ziyadnz/hourly-ipv4,ziyadnz|hourly,2026-08-17T18:48:05Z,2026-08-17T18:48:05Z,
39.164.85.232,ipv4,malicious-ip,medium,WHITE,ziyadnz/hourly-ipv4,ziyadnz|hourly,2026-08-17T18:48:05Z,2026-08-17T18:48:05Z,
39.164.93.2,ipv4,malicious-ip,medium,WHITE,ziyadnz/hourly-ipv4,ziyadnz|hourly,2026-08-17T18:48:05Z,2026-08-17T18:48:05Z,
39.165.123.171,ipv4,malicious-ip,medium,WHITE,ziyadnz/hourly-ipv4,ziyadnz|hourly,2026-08-17T18:48:05Z,2026-08-17T18:48:05Z,
39.165.152.18,ipv4,malicious-ip,medium,WHITE,ziyadnz/hourly-ipv4,ziyadnz|hourly,2026-08-17T18:48:05Z,2026-08-17T18:48:05Z,
39.165.162.28,ipv4,malicious-ip,medium,WHITE,ziyadnz/hourly-ipv4,ziyadnz|hourly,2026-08-17T18:48:05Z,2026-08-17T18:48:05Z,
39.165.234.24,ipv4,malicious-ip,medium,WHITE,ziyadnz/hourly-ipv4,ziyadnz|hourly,2026-08-17T18:48:05Z,2026-08-17T18:48:05Z,
39.165.53.17,ipv4,malicious-ip,medium,WHITE,ziyadnz/hourly-ipv4,ziyadnz|hourly,2026-08-17T18:48:05Z,2026-08-17T18:48:05Z,
39.170.121.57,ipv4,malicious-ip,medium,WHITE,ziyadnz/hourly-ipv4,ziyadnz|hourly,2026-08-17T18:48:05Z,2026-08-17T18:48:05Z,
39.170.134.113,ipv4,malicious-ip,medium,WHITE,ziyadnz/hourly-ipv4,ziyadnz|hourly,2026-08-17T18:48:05Z,2026-08-17T18:48:05Z,
39.170.134.98,ipv4,malicious-ip,medium,WHITE,ziyadnz/hourly-ipv4,ziyadnz|hourly,2026-08-17T18:48:05Z,2026-08-17T18:48:05Z,
39.170.26.74,ipv4,malicious-ip,medium,WHITE,ziyadnz/hourly-ipv4,ziyadnz|hourly,2026-08-17T18:48:05Z,2026-08-17T18:48:05Z,
39.170.30.136,ipv4,malicious-ip,medium,WHITE,ziyadnz/hourly-ipv4,ziyadnz|hourly,2026-08-17T18:48:05Z,2026-08-17T18:48:05Z,
39.170.42.35,ipv4,malicious-ip,medium,WHITE,ziyadnz/hourly-ipv4,ziyadnz|hourly,2026-08-17T18:48:05Z,2026-08-17T18:48:05Z,
39.170.9.163,ipv4,malicious-ip,medium,WHITE,ziyadnz/hourly-ipv4,ziyadnz|hourly,2026-08-17T18:48:05Z,2026-08-17T18:48:05Z,
39.171.192.168,ipv4,malicious-ip,medium,WHITE,ziyadnz/hourly-ipv4,ziyadnz|hourly,2026-08-17T18:48:05Z,2026-08-17T18:48:05Z,
39.171.95.67,ipv4,malicious-ip,medium,WHITE,ziyadnz/hourly-ipv4,ziyadnz|hourly,2026-08-17T18:48:05Z,2026-08-17T18:48:05Z,
39.172.11.61,ipv4,malicious-ip,medium,WHITE,ziyadnz/hourly-ipv4,ziyadnz|hourly,2026-08-17T18:48:05Z,2026-08-17T18:48:05Z,
39.172.84.55,ipv4,malicious-ip,medium,WHITE,ziyadnz/hourly-ipv4,ziyadnz|hourly,2026-08-17T18:48:05Z,2026-08-17T18:48:05Z,
39.172.91.147,ipv4,malicious-ip,medium,WHITE,ziyadnz/hourly-ipv4,ziyadnz|hourly,2026-08-17T18:48:05Z,2026-08-17T18:48:05Z,
39.174.171.8,ipv4,malicious-ip,medium,WHITE,ziyadnz/hourly-ipv4,ziyadnz|hourly,2026-08-17T18:48:05Z,2026-08-17T18:48:05Z,
39.174.42.18,ipv4,malicious-ip,medium,WHITE,ziyadnz/hourly-ipv4,ziyadnz|hourly,2026-08-17T18:48:05Z,2026-08-17T18:48:05Z,
39.175.51.58,ipv4,malicious-ip,medium,WHITE,ziyadnz/hourly-ipv4,ziyadnz|hourly,2026-08-17T18:48:05Z,2026-08-17T18:48:05Z,
39.181.105.121,ipv4,malicious-ip,medium,WHITE,ziyadnz/hourly-ipv4,ziyadnz|hourly,2026-08-17T18:48:05Z,2026-08-17T18:48:05Z,
39.181.166.239,ipv4,malicious-ip,medium,WHITE,ziyadnz/hourly-ipv4,ziyadnz|hourly,2026-08-17T18:48:05Z,2026-08-17T18:48:05Z,
39.181.29.162,ipv4,malicious-ip,medium,WHITE,ziyadnz/hourly-ipv4,ziyadnz|hourly,2026-08-17T18:48:05Z,2026-08-17T18:48:05Z,
39.181.57.69,ipv4,malicious-ip,medium,WHITE,ziyadnz/hourly-ipv4,ziyadnz|hourly,2026-08-17T18:48:05Z,2026-08-17T18:48:05Z,
39.181.84.10,ipv4,malicious-ip,medium,WHITE,ziyadnz/hourly-ipv4,ziyadnz|hourly,2026-08-17T18:48:05Z,2026-08-17T18:48:05Z,
39.182.11.155,ipv4,malicious-ip,medium,WHITE,ziyadnz/hourly-ipv4,ziyadnz|hourly,2026-08-17T18:48:05Z,2026-08-17T18:48:05Z,
39.182.5.222,ipv4,malicious-ip,medium,WHITE,ziyadnz/hourly-ipv4,ziyadnz|hourly,2026-08-17T18:48:05Z,2026-08-17T18:48:05Z,
39.182.50.227,ipv4,malicious-ip,medium,WHITE,ziyadnz/hourly-ipv4,ziyadnz|hourly,2026-08-17T18:48:05Z,2026-08-17T18:48:05Z,
39.182.51.131,ipv4,malicious-ip,medium,WHITE,ziyadnz/hourly-ipv4,ziyadnz|hourly,2026-08-17T18:48:05Z,2026-08-17T18:48:05Z,
39.183.162.243,ipv4,malicious-ip,medium,WHITE,ziyadnz/hourly-ipv4,ziyadnz|hourly,2026-08-17T18:48:05Z,2026-08-17T18:48:05Z,
39.184.136.50,ipv4,malicious-ip,medium,WHITE,ziyadnz/hourly-ipv4,ziyadnz|hourly,2026-08-17T18:48:05Z,2026-08-17T18:48:05Z,
39.184.146.79,ipv4,malicious-ip,medium,WHITE,ziyadnz/hourly-ipv4,ziyadnz|hourly,2026-08-17T18:48:05Z,2026-08-17T18:48:05Z,
39.184.153.248,ipv4,malicious-ip,medium,WHITE,ziyadnz/hourly-ipv4,ziyadnz|hourly,2026-08-17T18:48:05Z,2026-08-17T18:48:05Z,
39.184.159.223,ipv4,malicious-ip,medium,WHITE,ziyadnz/hourly-ipv4,ziyadnz|hourly,2026-08-17T18:48:05Z,2026-08-17T18:48:05Z,
39.184.202.248,ipv4,malicious-ip,medium,WHITE,ziyadnz/hourly-ipv4,ziyadnz|hourly,2026-08-17T18:48:05Z,2026-08-17T18:48:05Z,
39.184.219.121,ipv4,malicious-ip,medium,WHITE,ziyadnz/hourly-ipv4,ziyadnz|hourly,2026-08-17T18:48:05Z,2026-08-17T18:48:05Z,
39.187.211.30,ipv4,malicious-ip,medium,WHITE,ziyadnz/hourly-ipv4,ziyadnz|hourly,2026-08-17T18:48:05Z,2026-08-17T18:48:05Z,
39.187.230.7,ipv4,malicious-ip,medium,WHITE,ziyadnz/hourly-ipv4,ziyadnz|hourly,2026-08-17T18:48:05Z,2026-08-17T18:48:05Z,
39.187.88.86,ipv4,malicious-ip,medium,WHITE,ziyadnz/hourly-ipv4,ziyadnz|hourly,2026-08-17T18:48:05Z,2026-08-17T18:48:05Z,
39.190.164.248,ipv4,malicious-ip,medium,WHITE,ziyadnz/hourly-ipv4,ziyadnz|hourly,2026-08-17T18:48:05Z,2026-08-17T18:48:05Z,
39.194.1.206,ipv4,malicious-ip,medium,WHITE,ziyadnz/hourly-ipv4,ziyadnz|hourly,2026-08-17T18:48:05Z,2026-08-17T18:48:05Z,
39.194.1.43,ipv4,malicious-ip,medium,WHITE,ziyadnz/hourly-ipv4,ziyadnz|hourly,2026-08-17T18:48:05Z,2026-08-17T18:48:05Z,
39.194.2.90,ipv4,malicious-ip,medium,WHITE,ziyadnz/hourly-ipv4,ziyadnz|hourly,2026-08-17T18:48:05Z,2026-08-17T18:48:05Z,
39.194.3.243,ipv4,malicious-ip,medium,WHITE,ziyadnz/hourly-ipv4,ziyadnz|hourly,2026-08-17T18:48:05Z,2026-08-17T18:48:05Z,
39.32.18.198,ipv4,malicious-ip,medium,WHITE,ziyadnz/hourly-ipv4,ziyadnz|hourly,2026-08-17T18:48:05Z,2026-08-17T18:48:05Z,
39.32.37.209,ipv4,malicious-ip,medium,WHITE,ziyadnz/hourly-ipv4,ziyadnz|hourly,2026-08-17T18:48:05Z,2026-08-17T18:48:05Z,
39.32.48.150,ipv4,malicious-ip,medium,WHITE,ziyadnz/hourly-ipv4,ziyadnz|hourly,2026-08-17T18:48:05Z,2026-08-17T18:48:05Z,
39.34.121.39,ipv4,malicious-ip,medium,WHITE,ziyadnz/hourly-ipv4,ziyadnz|hourly,2026-08-17T18:48:05Z,2026-08-17T18:48:05Z,
39.34.160.57,ipv4,malicious-ip,medium,WHITE,ziyadnz/hourly-ipv4,ziyadnz|hourly,2026-08-17T18:48:05Z,2026-08-17T18:48:05Z,
39.34.166.113,ipv4,malicious-ip,medium,WHITE,ziyadnz/hourly-ipv4,ziyadnz|hourly,2026-08-17T18:48:05Z,2026-08-17T18:48:05Z,
39.34.189.78,ipv4,malicious-ip,medium,WHITE,ziyadnz/hourly-ipv4,ziyadnz|hourly,2026-08-17T18:48:05Z,2026-08-17T18:48:05Z,
39.34.189.96,ipv4,malicious-ip,medium,WHITE,ziyadnz/hourly-ipv4,ziyadnz|hourly,2026-08-17T18:48:05Z,2026-08-17T18:48:05Z,
39.34.191.60,ipv4,malicious-ip,medium,WHITE,ziyadnz/hourly-ipv4,ziyadnz|hourly,2026-08-17T18:48:05Z,2026-08-17T18:48:05Z,
39.34.195.53,ipv4,malicious-ip,medium,WHITE,ziyadnz/hourly-ipv4,ziyadnz|hourly,2026-08-17T18:48:05Z,2026-08-17T18:48:05Z,
39.34.39.243,ipv4,malicious-ip,medium,WHITE,ziyadnz/hourly-ipv4,ziyadnz|hourly,2026-08-17T18:48:05Z,2026-08-17T18:48:05Z,
39.34.42.120,ipv4,malicious-ip,medium,WHITE,ziyadnz/hourly-ipv4,ziyadnz|hourly,2026-08-17T18:48:05Z,2026-08-17T18:48:05Z,
39.34.47.104,ipv4,malicious-ip,medium,WHITE,ziyadnz/hourly-ipv4,ziyadnz|hourly,2026-08-17T18:48:05Z,2026-08-17T18:48:05Z,
39.34.68.206,ipv4,malicious-ip,medium,WHITE,ziyadnz/hourly-ipv4,ziyadnz|hourly,2026-08-17T18:48:05Z,2026-08-17T18:48:05Z,
39.35.192.253,ipv4,malicious-ip,medium,WHITE,ziyadnz/hourly-ipv4,ziyadnz|hourly,2026-08-17T18:48:05Z,2026-08-17T18:48:05Z,
39.35.198.90,ipv4,malicious-ip,medium,WHITE,ziyadnz/hourly-ipv4,ziyadnz|hourly,2026-08-17T18:48:05Z,2026-08-17T18:48:05Z,
39.35.202.188,ipv4,malicious-ip,medium,WHITE,ziyadnz/hourly-ipv4,ziyadnz|hourly,2026-08-17T18:48:05Z,2026-08-17T18:48:05Z,
39.35.207.163,ipv4,malicious-ip,medium,WHITE,ziyadnz/hourly-ipv4,ziyadnz|hourly,2026-08-17T18:48:05Z,2026-08-17T18:48:05Z,
39.35.210.71,ipv4,malicious-ip,medium,WHITE,ziyadnz/hourly-ipv4,ziyadnz|hourly,2026-08-17T18:48:05Z,2026-08-17T18:48:05Z,
39.35.216.227,ipv4,malicious-ip,medium,WHITE,ziyadnz/hourly-ipv4,ziyadnz|hourly,2026-08-17T18:48:05Z,2026-08-17T18:48:05Z,
39.35.224.204,ipv4,malicious-ip,medium,WHITE,ziyadnz/hourly-ipv4,ziyadnz|hourly,2026-08-17T18:48:05Z,2026-08-17T18:48:05Z,
39.35.228.88,ipv4,malicious-ip,medium,WHITE,ziyadnz/hourly-ipv4,ziyadnz|hourly,2026-08-17T18:48:05Z,2026-08-17T18:48:05Z,
39.35.232.230,ipv4,malicious-ip,medium,WHITE,ziyadnz/hourly-ipv4,ziyadnz|hourly,2026-08-17T18:48:05Z,2026-08-17T18:48:05Z,
39.35.232.42,ipv4,malicious-ip,medium,WHITE,ziyadnz/hourly-ipv4,ziyadnz|hourly,2026-08-17T18:48:05Z,2026-08-17T18:48:05Z,
39.36.202.182,ipv4,malicious-ip,medium,WHITE,ziyadnz/hourly-ipv4,ziyadnz|hourly,2026-08-17T18:48:05Z,2026-08-17T18:48:05Z,
39.36.217.14,ipv4,malicious-ip,medium,WHITE,ziyadnz/hourly-ipv4,ziyadnz|hourly,2026-08-17T18:48:05Z,2026-08-17T18:48:05Z,
39.36.251.10,ipv4,malicious-ip,medium,WHITE,ziyadnz/hourly-ipv4,ziyadnz|hourly,2026-08-17T18:48:05Z,2026-08-17T18:48:05Z,
39.36.254.162,ipv4,malicious-ip,medium,WHITE,ziyadnz/hourly-ipv4,ziyadnz|hourly,2026-08-17T18:48:05Z,2026-08-17T18:48:05Z,
39.36.255.239,ipv4,malicious-ip,medium,WHITE,ziyadnz/hourly-ipv4,ziyadnz|hourly,2026-08-17T18:48:05Z,2026-08-17T18:48:05Z,
39.37.172.46,ipv4,malicious-ip,medium,WHITE,ziyadnz/hourly-ipv4,ziyadnz|hourly,2026-08-17T18:48:05Z,2026-08-17T18:48:05Z,
39.37.236.122,ipv4,malicious-ip,medium,WHITE,ziyadnz/hourly-ipv4,ziyadnz|hourly,2026-08-17T18:48:05Z,2026-08-17T18:48:05Z,
39.38.106.182,ipv4,malicious-ip,medium,WHITE,ziyadnz/hourly-ipv4,ziyadnz|hourly,2026-08-17T18:48:05Z,2026-08-17T18:48:05Z,
39.38.117.216,ipv4,malicious-ip,medium,WHITE,ziyadnz/hourly-ipv4,ziyadnz|hourly,2026-08-17T18:48:05Z,2026-08-17T18:48:05Z,
39.38.118.52,ipv4,malicious-ip,medium,WHITE,ziyadnz/hourly-ipv4,ziyadnz|hourly,2026-08-17T18:48:05Z,2026-08-17T18:48:05Z,
39.38.65.91,ipv4,malicious-ip,medium,WHITE,ziyadnz/hourly-ipv4,ziyadnz|hourly,2026-08-17T18:48:05Z,2026-08-17T18:48:05Z,
39.38.85.91,ipv4,malicious-ip,medium,WHITE,ziyadnz/hourly-ipv4,ziyadnz|hourly,2026-08-17T18:48:05Z,2026-08-17T18:48:05Z,
39.40.164.164,ipv4,malicious-ip,medium,WHITE,ziyadnz/hourly-ipv4,ziyadnz|hourly,2026-08-17T18:48:05Z,2026-08-17T18:48:05Z,
39.41.244.21,ipv4,malicious-ip,medium,WHITE,ziyadnz/hourly-ipv4,ziyadnz|hourly,2026-08-17T18:48:05Z,2026-08-17T18:48:05Z,
39.41.90.210,ipv4,malicious-ip,medium,WHITE,ziyadnz/hourly-ipv4,ziyadnz|hourly,2026-08-17T18:48:05Z,2026-08-17T18:48:05Z,
39.42.143.132,ipv4,malicious-ip,medium,WHITE,ziyadnz/hourly-ipv4,ziyadnz|hourly,2026-08-17T18:48:05Z,2026-08-17T18:48:05Z,
39.44.116.107,ipv4,malicious-ip,medium,WHITE,ziyadnz/hourly-ipv4,ziyadnz|hourly,2026-08-17T18:48:05Z,2026-08-17T18:48:05Z,
39.44.16.138,ipv4,malicious-ip,medium,WHITE,ziyadnz/hourly-ipv4,ziyadnz|hourly,2026-08-17T18:48:05Z,2026-08-17T18:48:05Z,
39.44.36.29,ipv4,malicious-ip,medium,WHITE,ziyadnz/hourly-ipv4,ziyadnz|hourly,2026-08-17T18:48:05Z,2026-08-17T18:48:05Z,
39.44.90.111,ipv4,malicious-ip,medium,WHITE,ziyadnz/hourly-ipv4,ziyadnz|hourly,2026-08-17T18:48:05Z,2026-08-17T18:48:05Z,
39.45.159.22,ipv4,malicious-ip,medium,WHITE,ziyadnz/hourly-ipv4,ziyadnz|hourly,2026-08-17T18:48:05Z,2026-08-17T18:48:05Z,
39.45.202.92,ipv4,malicious-ip,medium,WHITE,ziyadnz/hourly-ipv4,ziyadnz|hourly,2026-08-17T18:48:05Z,2026-08-17T18:48:05Z,
39.45.230.72,ipv4,malicious-ip,medium,WHITE,ziyadnz/hourly-ipv4,ziyadnz|hourly,2026-08-17T18:48:05Z,2026-08-17T18:48:05Z,
39.45.96.239,ipv4,malicious-ip,medium,WHITE,ziyadnz/hourly-ipv4,ziyadnz|hourly,2026-08-17T18:48:05Z,2026-08-17T18:48:05Z,
39.46.156.160,ipv4,malicious-ip,medium,WHITE,ziyadnz/hourly-ipv4,ziyadnz|hourly,2026-08-17T18:48:05Z,2026-08-17T18:48:05Z,
39.46.252.151,ipv4,malicious-ip,medium,WHITE,ziyadnz/hourly-ipv4,ziyadnz|hourly,2026-08-17T18:48:05Z,2026-08-17T18:48:05Z,
39.46.86.110,ipv4,malicious-ip,medium,WHITE,ziyadnz/hourly-ipv4,ziyadnz|hourly,2026-08-17T18:48:05Z,2026-08-17T18:48:05Z,
39.47.23.17,ipv4,malicious-ip,medium,WHITE,ziyadnz/hourly-ipv4,ziyadnz|hourly,2026-08-17T18:48:05Z,2026-08-17T18:48:05Z,
39.47.49.31,ipv4,malicious-ip,medium,WHITE,ziyadnz/hourly-ipv4,ziyadnz|hourly,2026-08-17T18:48:05Z,2026-08-17T18:48:05Z,
39.48.75.58,ipv4,malicious-ip,medium,WHITE,ziyadnz/hourly-ipv4,ziyadnz|hourly,2026-08-17T18:48:05Z,2026-08-17T18:48:05Z,
39.48.76.179,ipv4,malicious-ip,medium,WHITE,ziyadnz/hourly-ipv4,ziyadnz|hourly,2026-08-17T18:48:05Z,2026-08-17T18:48:05Z,
39.48.82.175,ipv4,malicious-ip,medium,WHITE,ziyadnz/hourly-ipv4,ziyadnz|hourly,2026-08-17T18:48:05Z,2026-08-17T18:48:05Z,
39.48.83.106,ipv4,malicious-ip,medium,WHITE,ziyadnz/hourly-ipv4,ziyadnz|hourly,2026-08-17T18:48:05Z,2026-08-17T18:48:05Z,
39.48.87.73,ipv4,malicious-ip,medium,WHITE,ziyadnz/hourly-ipv4,ziyadnz|hourly,2026-08-17T18:48:05Z,2026-08-17T18:48:05Z,
39.49.11.215,ipv4,malicious-ip,medium,WHITE,ziyadnz/hourly-ipv4,ziyadnz|hourly,2026-08-17T18:48:05Z,2026-08-17T18:48:05Z,
39.49.146.248,ipv4,malicious-ip,medium,WHITE,ziyadnz/hourly-ipv4,ziyadnz|hourly,2026-08-17T18:48:05Z,2026-08-17T18:48:05Z,
39.49.245.207,ipv4,malicious-ip,medium,WHITE,ziyadnz/hourly-ipv4,ziyadnz|hourly,2026-08-17T18:48:05Z,2026-08-17T18:48:05Z,
39.49.48.167,ipv4,malicious-ip,medium,WHITE,ziyadnz/hourly-ipv4,ziyadnz|hourly,2026-08-17T18:48:05Z,2026-08-17T18:48:05Z,
39.49.85.198,ipv4,malicious-ip,medium,WHITE,ziyadnz/hourly-ipv4,ziyadnz|hourly,2026-08-17T18:48:05Z,2026-08-17T18:48:05Z,
39.50.147.28,ipv4,malicious-ip,medium,WHITE,ziyadnz/hourly-ipv4,ziyadnz|hourly,2026-08-17T18:48:05Z,2026-08-17T18:48:05Z,
39.50.158.12,ipv4,malicious-ip,medium,WHITE,ziyadnz/hourly-ipv4,ziyadnz|hourly,2026-08-17T18:48:05Z,2026-08-17T18:48:05Z,
39.50.185.147,ipv4,malicious-ip,medium,WHITE,ziyadnz/hourly-ipv4,ziyadnz|hourly,2026-08-17T18:48:05Z,2026-08-17T18:48:05Z,
39.50.236.250,ipv4,malicious-ip,medium,WHITE,ziyadnz/hourly-ipv4,ziyadnz|hourly,2026-08-17T18:48:05Z,2026-08-17T18:48:05Z,
39.50.239.74,ipv4,malicious-ip,medium,WHITE,ziyadnz/hourly-ipv4,ziyadnz|hourly,2026-08-17T18:48:05Z,2026-08-17T18:48:05Z,
39.51.57.111,ipv4,malicious-ip,medium,WHITE,ziyadnz/hourly-ipv4,ziyadnz|hourly,2026-08-17T18:48:05Z,2026-08-17T18:48:05Z,
39.52.44.132,ipv4,malicious-ip,medium,WHITE,ziyadnz/hourly-ipv4,ziyadnz|hourly,2026-08-17T18:48:05Z,2026-08-17T18:48:05Z,
39.52.94.54,ipv4,malicious-ip,medium,WHITE,ziyadnz/hourly-ipv4,ziyadnz|hourly,2026-08-17T18:48:05Z,2026-08-17T18:48:05Z,
39.53.139.2,ipv4,malicious-ip,medium,WHITE,ziyadnz/hourly-ipv4,ziyadnz|hourly,2026-08-17T18:48:05Z,2026-08-17T18:48:05Z,
39.53.215.110,ipv4,malicious-ip,medium,WHITE,ziyadnz/hourly-ipv4,ziyadnz|hourly,2026-08-17T18:48:05Z,2026-08-17T18:48:05Z,
39.55.118.186,ipv4,malicious-ip,medium,WHITE,ziyadnz/hourly-ipv4,ziyadnz|hourly,2026-08-17T18:48:05Z,2026-08-17T18:48:05Z,
39.55.134.208,ipv4,malicious-ip,medium,WHITE,ziyadnz/hourly-ipv4,ziyadnz|hourly,2026-08-17T18:48:05Z,2026-08-17T18:48:05Z,
39.56.66.199,ipv4,malicious-ip,medium,WHITE,ziyadnz/hourly-ipv4,ziyadnz|hourly,2026-08-17T18:48:05Z,2026-08-17T18:48:05Z,
39.56.69.58,ipv4,malicious-ip,medium,WHITE,ziyadnz/hourly-ipv4,ziyadnz|hourly,2026-08-17T18:48:05Z,2026-08-17T18:48:05Z,
39.57.188.80,ipv4,malicious-ip,medium,WHITE,ziyadnz/hourly-ipv4,ziyadnz|hourly,2026-08-17T18:48:05Z,2026-08-17T18:48:05Z,
39.57.198.244,ipv4,malicious-ip,medium,WHITE,ziyadnz/hourly-ipv4,ziyadnz|hourly,2026-08-17T18:48:05Z,2026-08-17T18:48:05Z,
39.57.56.11,ipv4,malicious-ip,medium,WHITE,ziyadnz/hourly-ipv4,ziyadnz|hourly,2026-08-17T18:48:05Z,2026-08-17T18:48:05Z,
39.58.146.98,ipv4,malicious-ip,medium,WHITE,ziyadnz/hourly-ipv4,ziyadnz|hourly,2026-08-17T18:48:05Z,2026-08-17T18:48:05Z,
39.58.180.60,ipv4,malicious-ip,medium,WHITE,ziyadnz/hourly-ipv4,ziyadnz|hourly,2026-08-17T18:48:05Z,2026-08-17T18:48:05Z,
39.59.115.165,ipv4,malicious-ip,medium,WHITE,ziyadnz/hourly-ipv4,ziyadnz|hourly,2026-08-17T18:48:05Z,2026-08-17T18:48:05Z,
39.59.15.145,ipv4,malicious-ip,medium,WHITE,ziyadnz/hourly-ipv4,ziyadnz|hourly,2026-08-17T18:48:05Z,2026-08-17T18:48:05Z,
39.60.71.169,ipv4,malicious-ip,medium,WHITE,ziyadnz/hourly-ipv4,ziyadnz|hourly,2026-08-17T18:48:05Z,2026-08-17T18:48:05Z,
39.60.81.247,ipv4,malicious-ip,medium,WHITE,ziyadnz/hourly-ipv4,ziyadnz|hourly,2026-08-17T18:48:05Z,2026-08-17T18:48:05Z,
39.60.92.130,ipv4,malicious-ip,medium,WHITE,ziyadnz/hourly-ipv4,ziyadnz|hourly,2026-08-17T18:48:05Z,2026-08-17T18:48:05Z,
39.61.126.91,ipv4,malicious-ip,medium,WHITE,ziyadnz/hourly-ipv4,ziyadnz|hourly,2026-08-17T18:48:05Z,2026-08-17T18:48:05Z,
39.61.43.154,ipv4,malicious-ip,medium,WHITE,ziyadnz/hourly-ipv4,ziyadnz|hourly,2026-08-17T18:48:05Z,2026-08-17T18:48:05Z,
39.61.46.10,ipv4,malicious-ip,medium,WHITE,ziyadnz/hourly-ipv4,ziyadnz|hourly,2026-08-17T18:48:05Z,2026-08-17T18:48:05Z,
39.61.46.143,ipv4,malicious-ip,medium,WHITE,ziyadnz/hourly-ipv4,ziyadnz|hourly,2026-08-17T18:48:05Z,2026-08-17T18:48:05Z,
39.61.46.148,ipv4,malicious-ip,medium,WHITE,ziyadnz/hourly-ipv4,ziyadnz|hourly,2026-08-17T18:48:05Z,2026-08-17T18:48:05Z,
39.61.48.179,ipv4,malicious-ip,medium,WHITE,ziyadnz/hourly-ipv4,ziyadnz|hourly,2026-08-17T18:48:05Z,2026-08-17T18:48:05Z,
39.61.48.79,ipv4,malicious-ip,medium,WHITE,ziyadnz/hourly-ipv4,ziyadnz|hourly,2026-08-17T18:48:05Z,2026-08-17T18:48:05Z,
39.61.51.126,ipv4,malicious-ip,medium,WHITE,ziyadnz/hourly-ipv4,ziyadnz|hourly,2026-08-17T18:48:05Z,2026-08-17T18:48:05Z,
39.62.172.180,ipv4,malicious-ip,medium,WHITE,ziyadnz/hourly-ipv4,ziyadnz|hourly,2026-08-17T18:48:05Z,2026-08-17T18:48:05Z,
39.62.185.240,ipv4,malicious-ip,medium,WHITE,ziyadnz/hourly-ipv4,ziyadnz|hourly,2026-08-17T18:48:05Z,2026-08-17T18:48:05Z,
39.63.148.61,ipv4,malicious-ip,medium,WHITE,ziyadnz/hourly-ipv4,ziyadnz|hourly,2026-08-17T18:48:05Z,2026-08-17T18:48:05Z,
39.63.150.141,ipv4,malicious-ip,medium,WHITE,ziyadnz/hourly-ipv4,ziyadnz|hourly,2026-08-17T18:48:05Z,2026-08-17T18:48:05Z,
39.64.210.32,ipv4,malicious-ip,medium,WHITE,ziyadnz/hourly-ipv4,ziyadnz|hourly,2026-08-17T18:48:05Z,2026-08-17T18:48:05Z,
39.64.61.184,ipv4,malicious-ip,medium,WHITE,ziyadnz/hourly-ipv4,ziyadnz|hourly,2026-08-17T18:48:05Z,2026-08-17T18:48:05Z,
39.65.103.236,ipv4,malicious-ip,medium,WHITE,ziyadnz/hourly-ipv4,ziyadnz|hourly,2026-08-17T18:48:05Z,2026-08-17T18:48:05Z,
39.65.125.13,ipv4,malicious-ip,medium,WHITE,ziyadnz/hourly-ipv4,ziyadnz|hourly,2026-08-17T18:48:05Z,2026-08-17T18:48:05Z,
39.65.132.118,ipv4,malicious-ip,medium,WHITE,ziyadnz/hourly-ipv4,ziyadnz|hourly,2026-08-17T18:48:05Z,2026-08-17T18:48:05Z,
39.65.145.8,ipv4,malicious-ip,medium,WHITE,ziyadnz/hourly-ipv4,ziyadnz|hourly,2026-08-17T18:48:05Z,2026-08-17T18:48:05Z,
39.65.15.47,ipv4,malicious-ip,medium,WHITE,ziyadnz/hourly-ipv4,ziyadnz|hourly,2026-08-17T18:48:05Z,2026-08-17T18:48:05Z,
39.65.197.65,ipv4,malicious-ip,medium,WHITE,ziyadnz/hourly-ipv4,ziyadnz|hourly,2026-08-17T18:48:05Z,2026-08-17T18:48:05Z,
39.65.94.170,ipv4,malicious-ip,medium,WHITE,ziyadnz/hourly-ipv4,ziyadnz|hourly,2026-08-17T18:48:05Z,2026-08-17T18:48:05Z,
39.65.95.55,ipv4,malicious-ip,medium,WHITE,ziyadnz/hourly-ipv4,ziyadnz|hourly,2026-08-17T18:48:05Z,2026-08-17T18:48:05Z,
39.66.113.228,ipv4,malicious-ip,medium,WHITE,ziyadnz/hourly-ipv4,ziyadnz|hourly,2026-08-17T18:48:05Z,2026-08-17T18:48:05Z,
39.66.63.49,ipv4,malicious-ip,medium,WHITE,ziyadnz/hourly-ipv4,ziyadnz|hourly,2026-08-17T18:48:05Z,2026-08-17T18:48:05Z,
39.66.80.208,ipv4,malicious-ip,medium,WHITE,ziyadnz/hourly-ipv4,ziyadnz|hourly,2026-08-17T18:48:05Z,2026-08-17T18:48:05Z,
39.66.92.42,ipv4,malicious-ip,medium,WHITE,ziyadnz/hourly-ipv4,ziyadnz|hourly,2026-08-17T18:48:05Z,2026-08-17T18:48:05Z,
39.66.99.101,ipv4,malicious-ip,medium,WHITE,ziyadnz/hourly-ipv4,ziyadnz|hourly,2026-08-17T18:48:05Z,2026-08-17T18:48:05Z,
39.67.142.207,ipv4,malicious-ip,medium,WHITE,ziyadnz/hourly-ipv4,ziyadnz|hourly,2026-08-17T18:48:05Z,2026-08-17T18:48:05Z,
39.67.150.186,ipv4,malicious-ip,medium,WHITE,ziyadnz/hourly-ipv4,ziyadnz|hourly,2026-08-17T18:48:05Z,2026-08-17T18:48:05Z,
39.67.202.173,ipv4,malicious-ip,medium,WHITE,ziyadnz/hourly-ipv4,ziyadnz|hourly,2026-08-17T18:48:05Z,2026-08-17T18:48:05Z,
39.67.71.214,ipv4,malicious-ip,medium,WHITE,ziyadnz/hourly-ipv4,ziyadnz|hourly,2026-08-17T18:48:05Z,2026-08-17T18:48:05Z,
39.68.1.118,ipv4,malicious-ip,medium,WHITE,ziyadnz/hourly-ipv4,ziyadnz|hourly,2026-08-17T18:48:05Z,2026-08-17T18:48:05Z,
39.68.125.34,ipv4,malicious-ip,medium,WHITE,ziyadnz/hourly-ipv4,ziyadnz|hourly,2026-08-17T18:48:05Z,2026-08-17T18:48:05Z,
39.68.154.98,ipv4,malicious-ip,medium,WHITE,ziyadnz/hourly-ipv4,ziyadnz|hourly,2026-08-17T18:48:05Z,2026-08-17T18:48:05Z,
39.68.171.199,ipv4,malicious-ip,medium,WHITE,ziyadnz/hourly-ipv4,ziyadnz|hourly,2026-08-17T18:48:05Z,2026-08-17T18:48:05Z,
39.68.254.81,ipv4,malicious-ip,medium,WHITE,ziyadnz/hourly-ipv4,ziyadnz|hourly,2026-08-17T18:48:05Z,2026-08-17T18:48:05Z,
39.68.89.92,ipv4,malicious-ip,medium,WHITE,ziyadnz/hourly-ipv4,ziyadnz|hourly,2026-08-17T18:48:05Z,2026-08-17T18:48:05Z,
39.69.143.138,ipv4,malicious-ip,medium,WHITE,ziyadnz/hourly-ipv4,ziyadnz|hourly,2026-08-17T18:48:05Z,2026-08-17T18:48:05Z,
39.69.150.10,ipv4,malicious-ip,medium,WHITE,ziyadnz/hourly-ipv4,ziyadnz|hourly,2026-08-17T18:48:05Z,2026-08-17T18:48:05Z,
39.69.24.62,ipv4,malicious-ip,medium,WHITE,ziyadnz/hourly-ipv4,ziyadnz|hourly,2026-08-17T18:48:05Z,2026-08-17T18:48:05Z,
39.69.29.90,ipv4,malicious-ip,medium,WHITE,ziyadnz/hourly-ipv4,ziyadnz|hourly,2026-08-17T18:48:05Z,2026-08-17T18:48:05Z,
39.69.78.131,ipv4,malicious-ip,medium,WHITE,ziyadnz/hourly-ipv4,ziyadnz|hourly,2026-08-17T18:48:05Z,2026-08-17T18:48:05Z,
39.69.99.81,ipv4,malicious-ip,medium,WHITE,ziyadnz/hourly-ipv4,ziyadnz|hourly,2026-08-17T18:48:05Z,2026-08-17T18:48:05Z,
39.70.11.3,ipv4,malicious-ip,medium,WHITE,ziyadnz/hourly-ipv4,ziyadnz|hourly,2026-08-17T18:48:05Z,2026-08-17T18:48:05Z,
39.70.115.105,ipv4,malicious-ip,medium,WHITE,ziyadnz/hourly-ipv4,ziyadnz|hourly,2026-08-17T18:48:05Z,2026-08-17T18:48:05Z,
39.70.173.213,ipv4,malicious-ip,medium,WHITE,ziyadnz/hourly-ipv4,ziyadnz|hourly,2026-08-17T18:48:05Z,2026-08-17T18:48:05Z,
39.70.177.67,ipv4,malicious-ip,medium,WHITE,ziyadnz/hourly-ipv4,ziyadnz|hourly,2026-08-17T18:48:05Z,2026-08-17T18:48:05Z,
39.70.180.148,ipv4,malicious-ip,medium,WHITE,ziyadnz/hourly-ipv4,ziyadnz|hourly,2026-08-17T18:48:05Z,2026-08-17T18:48:05Z,
39.70.190.73,ipv4,malicious-ip,medium,WHITE,ziyadnz/hourly-ipv4,ziyadnz|hourly,2026-08-17T18:48:05Z,2026-08-17T18:48:05Z,
39.70.221.174,ipv4,malicious-ip,medium,WHITE,ziyadnz/hourly-ipv4,ziyadnz|hourly,2026-08-17T18:48:05Z,2026-08-17T18:48:05Z,
39.70.223.118,ipv4,malicious-ip,medium,WHITE,ziyadnz/hourly-ipv4,ziyadnz|hourly,2026-08-17T18:48:05Z,2026-08-17T18:48:05Z,
39.70.223.33,ipv4,malicious-ip,medium,WHITE,ziyadnz/hourly-ipv4,ziyadnz|hourly,2026-08-17T18:48:05Z,2026-08-17T18:48:05Z,
39.70.239.182,ipv4,malicious-ip,medium,WHITE,ziyadnz/hourly-ipv4,ziyadnz|hourly,2026-08-17T18:48:05Z,2026-08-17T18:48:05Z,
39.70.245.115,ipv4,malicious-ip,medium,WHITE,ziyadnz/hourly-ipv4,ziyadnz|hourly,2026-08-17T18:48:05Z,2026-08-17T18:48:05Z,
39.70.67.194,ipv4,malicious-ip,medium,WHITE,ziyadnz/hourly-ipv4,ziyadnz|hourly,2026-08-17T18:48:05Z,2026-08-17T18:48:05Z,
39.70.84.231,ipv4,malicious-ip,medium,WHITE,ziyadnz/hourly-ipv4,ziyadnz|hourly,2026-08-17T18:48:05Z,2026-08-17T18:48:05Z,
39.71.166.172,ipv4,malicious-ip,medium,WHITE,ziyadnz/hourly-ipv4,ziyadnz|hourly,2026-08-17T18:48:05Z,2026-08-17T18:48:05Z,
39.71.237.192,ipv4,malicious-ip,medium,WHITE,ziyadnz/hourly-ipv4,ziyadnz|hourly,2026-08-17T18:48:05Z,2026-08-17T18:48:05Z,
39.72.232.175,ipv4,malicious-ip,medium,WHITE,ziyadnz/hourly-ipv4,ziyadnz|hourly,2026-08-17T18:48:05Z,2026-08-17T18:48:05Z,
39.72.252.72,ipv4,malicious-ip,medium,WHITE,ziyadnz/hourly-ipv4,ziyadnz|hourly,2026-08-17T18:48:05Z,2026-08-17T18:48:05Z,
39.72.253.43,ipv4,malicious-ip,medium,WHITE,ziyadnz/hourly-ipv4,ziyadnz|hourly,2026-08-17T18:48:05Z,2026-08-17T18:48:05Z,
39.72.91.143,ipv4,malicious-ip,medium,WHITE,ziyadnz/hourly-ipv4,ziyadnz|hourly,2026-08-17T18:48:05Z,2026-08-17T18:48:05Z,
39.73.0.25,ipv4,malicious-ip,medium,WHITE,ziyadnz/hourly-ipv4,ziyadnz|hourly,2026-08-17T18:48:05Z,2026-08-17T18:48:05Z,
39.73.39.58,ipv4,malicious-ip,medium,WHITE,ziyadnz/hourly-ipv4,ziyadnz|hourly,2026-08-17T18:48:05Z,2026-08-17T18:48:05Z,
39.73.70.228,ipv4,malicious-ip,medium,WHITE,ziyadnz/hourly-ipv4,ziyadnz|hourly,2026-08-17T18:48:05Z,2026-08-17T18:48:05Z,
39.74.109.74,ipv4,malicious-ip,medium,WHITE,ziyadnz/hourly-ipv4,ziyadnz|hourly,2026-08-17T18:48:05Z,2026-08-17T18:48:05Z,
39.74.114.130,ipv4,malicious-ip,medium,WHITE,ziyadnz/hourly-ipv4,ziyadnz|hourly,2026-08-17T18:48:05Z,2026-08-17T18:48:05Z,
39.74.114.50,ipv4,malicious-ip,medium,WHITE,ziyadnz/hourly-ipv4,ziyadnz|hourly,2026-08-17T18:48:05Z,2026-08-17T18:48:05Z,
39.74.123.40,ipv4,malicious-ip,medium,WHITE,ziyadnz/hourly-ipv4,ziyadnz|hourly,2026-08-17T18:48:05Z,2026-08-17T18:48:05Z,
39.74.124.14,ipv4,malicious-ip,medium,WHITE,ziyadnz/hourly-ipv4,ziyadnz|hourly,2026-08-17T18:48:05Z,2026-08-17T18:48:05Z,
39.74.146.168,ipv4,malicious-ip,medium,WHITE,ziyadnz/hourly-ipv4,ziyadnz|hourly,2026-08-17T18:48:05Z,2026-08-17T18:48:05Z,
39.74.183.34,ipv4,malicious-ip,medium,WHITE,ziyadnz/hourly-ipv4,ziyadnz|hourly,2026-08-17T18:48:05Z,2026-08-17T18:48:05Z,
39.74.218.156,ipv4,malicious-ip,medium,WHITE,ziyadnz/hourly-ipv4,ziyadnz|hourly,2026-08-17T18:48:05Z,2026-08-17T18:48:05Z,
39.74.220.216,ipv4,malicious-ip,medium,WHITE,ziyadnz/hourly-ipv4,ziyadnz|hourly,2026-08-17T18:48:05Z,2026-08-17T18:48:05Z,
39.74.226.169,ipv4,malicious-ip,medium,WHITE,ziyadnz/hourly-ipv4,ziyadnz|hourly,2026-08-17T18:48:05Z,2026-08-17T18:48:05Z,
39.74.31.254,ipv4,malicious-ip,medium,WHITE,ziyadnz/hourly-ipv4,ziyadnz|hourly,2026-08-17T18:48:05Z,2026-08-17T18:48:05Z,
39.75.103.214,ipv4,malicious-ip,medium,WHITE,ziyadnz/hourly-ipv4,ziyadnz|hourly,2026-08-17T18:48:05Z,2026-08-17T18:48:05Z,
39.75.128.78,ipv4,malicious-ip,medium,WHITE,ziyadnz/hourly-ipv4,ziyadnz|hourly,2026-08-17T18:48:05Z,2026-08-17T18:48:05Z,
39.75.224.161,ipv4,malicious-ip,medium,WHITE,ziyadnz/hourly-ipv4,ziyadnz|hourly,2026-08-17T18:48:05Z,2026-08-17T18:48:05Z,
39.75.250.195,ipv4,malicious-ip,medium,WHITE,ziyadnz/hourly-ipv4,ziyadnz|hourly,2026-08-17T18:48:05Z,2026-08-17T18:48:05Z,
39.75.86.28,ipv4,malicious-ip,medium,WHITE,ziyadnz/hourly-ipv4,ziyadnz|hourly,2026-08-17T18:48:05Z,2026-08-17T18:48:05Z,
39.76.116.254,ipv4,malicious-ip,medium,WHITE,ziyadnz/hourly-ipv4,ziyadnz|hourly,2026-08-17T18:48:05Z,2026-08-17T18:48:05Z,
39.76.203.59,ipv4,malicious-ip,medium,WHITE,ziyadnz/hourly-ipv4,ziyadnz|hourly,2026-08-17T18:48:05Z,2026-08-17T18:48:05Z,
39.77.106.240,ipv4,malicious-ip,medium,WHITE,ziyadnz/hourly-ipv4,ziyadnz|hourly,2026-08-17T18:48:05Z,2026-08-17T18:48:05Z,
39.78.18.90,ipv4,malicious-ip,medium,WHITE,ziyadnz/hourly-ipv4,ziyadnz|hourly,2026-08-17T18:48:05Z,2026-08-17T18:48:05Z,
39.78.196.250,ipv4,malicious-ip,medium,WHITE,ziyadnz/hourly-ipv4,ziyadnz|hourly,2026-08-17T18:48:05Z,2026-08-17T18:48:05Z,
39.78.197.8,ipv4,malicious-ip,medium,WHITE,ziyadnz/hourly-ipv4,ziyadnz|hourly,2026-08-17T18:48:05Z,2026-08-17T18:48:05Z,
39.78.22.25,ipv4,malicious-ip,medium,WHITE,ziyadnz/hourly-ipv4,ziyadnz|hourly,2026-08-17T18:48:05Z,2026-08-17T18:48:05Z,
39.78.241.183,ipv4,malicious-ip,medium,WHITE,ziyadnz/hourly-ipv4,ziyadnz|hourly,2026-08-17T18:48:05Z,2026-08-17T18:48:05Z,
39.79.105.126,ipv4,malicious-ip,medium,WHITE,ziyadnz/hourly-ipv4,ziyadnz|hourly,2026-08-17T18:48:05Z,2026-08-17T18:48:05Z,
39.79.121.160,ipv4,malicious-ip,medium,WHITE,ziyadnz/hourly-ipv4,ziyadnz|hourly,2026-08-17T18:48:05Z,2026-08-17T18:48:05Z,
39.79.131.253,ipv4,malicious-ip,medium,WHITE,ziyadnz/hourly-ipv4,ziyadnz|hourly,2026-08-17T18:48:05Z,2026-08-17T18:48:05Z,
39.79.39.240,ipv4,malicious-ip,medium,WHITE,ziyadnz/hourly-ipv4,ziyadnz|hourly,2026-08-17T18:48:05Z,2026-08-17T18:48:05Z,
39.79.75.0,ipv4,malicious-ip,medium,WHITE,ziyadnz/hourly-ipv4,ziyadnz|hourly,2026-08-17T18:48:05Z,2026-08-17T18:48:05Z,
39.79.89.191,ipv4,malicious-ip,medium,WHITE,ziyadnz/hourly-ipv4,ziyadnz|hourly,2026-08-17T18:48:05Z,2026-08-17T18:48:05Z,
39.80.187.17,ipv4,malicious-ip,medium,WHITE,ziyadnz/hourly-ipv4,ziyadnz|hourly,2026-08-17T18:48:05Z,2026-08-17T18:48:05Z,
39.80.195.241,ipv4,malicious-ip,medium,WHITE,ziyadnz/hourly-ipv4,ziyadnz|hourly,2026-08-17T18:48:05Z,2026-08-17T18:48:05Z,
39.80.91.143,ipv4,malicious-ip,medium,WHITE,ziyadnz/hourly-ipv4,ziyadnz|hourly,2026-08-17T18:48:05Z,2026-08-17T18:48:05Z,
39.81.114.28,ipv4,malicious-ip,medium,WHITE,ziyadnz/hourly-ipv4,ziyadnz|hourly,2026-08-17T18:48:05Z,2026-08-17T18:48:05Z,
39.81.121.177,ipv4,malicious-ip,medium,WHITE,ziyadnz/hourly-ipv4,ziyadnz|hourly,2026-08-17T18:48:05Z,2026-08-17T18:48:05Z,
39.81.143.39,ipv4,malicious-ip,medium,WHITE,ziyadnz/hourly-ipv4,ziyadnz|hourly,2026-08-17T18:48:05Z,2026-08-17T18:48:05Z,
39.81.181.184,ipv4,malicious-ip,medium,WHITE,ziyadnz/hourly-ipv4,ziyadnz|hourly,2026-08-17T18:48:05Z,2026-08-17T18:48:05Z,
39.81.212.166,ipv4,malicious-ip,medium,WHITE,ziyadnz/hourly-ipv4,ziyadnz|hourly,2026-08-17T18:48:05Z,2026-08-17T18:48:05Z,
39.81.243.21,ipv4,malicious-ip,medium,WHITE,ziyadnz/hourly-ipv4,ziyadnz|hourly,2026-08-17T18:48:05Z,2026-08-17T18:48:05Z,
39.81.81.143,ipv4,malicious-ip,medium,WHITE,ziyadnz/hourly-ipv4,ziyadnz|hourly,2026-08-17T18:48:05Z,2026-08-17T18:48:05Z,
39.81.85.134,ipv4,malicious-ip,medium,WHITE,ziyadnz/hourly-ipv4,ziyadnz|hourly,2026-08-17T18:48:05Z,2026-08-17T18:48:05Z,
39.82.150.120,ipv4,malicious-ip,medium,WHITE,ziyadnz/hourly-ipv4,ziyadnz|hourly,2026-08-17T18:48:05Z,2026-08-17T18:48:05Z,
39.82.39.3,ipv4,malicious-ip,medium,WHITE,ziyadnz/hourly-ipv4,ziyadnz|hourly,2026-08-17T18:48:05Z,2026-08-17T18:48:05Z,
39.83.118.33,ipv4,malicious-ip,medium,WHITE,ziyadnz/hourly-ipv4,ziyadnz|hourly,2026-08-17T18:48:05Z,2026-08-17T18:48:05Z,
39.83.150.240,ipv4,malicious-ip,medium,WHITE,ziyadnz/hourly-ipv4,ziyadnz|hourly,2026-08-17T18:48:05Z,2026-08-17T18:48:05Z,
39.83.161.197,ipv4,malicious-ip,medium,WHITE,ziyadnz/hourly-ipv4,ziyadnz|hourly,2026-08-17T18:48:05Z,2026-08-17T18:48:05Z,
39.83.197.140,ipv4,malicious-ip,medium,WHITE,ziyadnz/hourly-ipv4,ziyadnz|hourly,2026-08-17T18:48:05Z,2026-08-17T18:48:05Z,
39.83.204.109,ipv4,malicious-ip,medium,WHITE,ziyadnz/hourly-ipv4,ziyadnz|hourly,2026-08-17T18:48:05Z,2026-08-17T18:48:05Z,
39.83.220.70,ipv4,malicious-ip,medium,WHITE,ziyadnz/hourly-ipv4,ziyadnz|hourly,2026-08-17T18:48:05Z,2026-08-17T18:48:05Z,
39.83.251.52,ipv4,malicious-ip,medium,WHITE,ziyadnz/hourly-ipv4,ziyadnz|hourly,2026-08-17T18:48:05Z,2026-08-17T18:48:05Z,
39.84.86.193,ipv4,malicious-ip,medium,WHITE,ziyadnz/hourly-ipv4,ziyadnz|hourly,2026-08-17T18:48:05Z,2026-08-17T18:48:05Z,
39.85.103.227,ipv4,malicious-ip,medium,WHITE,ziyadnz/hourly-ipv4,ziyadnz|hourly,2026-08-17T18:48:05Z,2026-08-17T18:48:05Z,
39.85.104.30,ipv4,malicious-ip,medium,WHITE,ziyadnz/hourly-ipv4,ziyadnz|hourly,2026-08-17T18:48:05Z,2026-08-17T18:48:05Z,
39.85.2.214,ipv4,malicious-ip,medium,WHITE,ziyadnz/hourly-ipv4,ziyadnz|hourly,2026-08-17T18:48:05Z,2026-08-17T18:48:05Z,
39.85.70.134,ipv4,malicious-ip,medium,WHITE,ziyadnz/hourly-ipv4,ziyadnz|hourly,2026-08-17T18:48:05Z,2026-08-17T18:48:05Z,
39.86.110.6,ipv4,malicious-ip,medium,WHITE,ziyadnz/hourly-ipv4,ziyadnz|hourly,2026-08-17T18:48:05Z,2026-08-17T18:48:05Z,
39.86.145.18,ipv4,malicious-ip,medium,WHITE,ziyadnz/hourly-ipv4,ziyadnz|hourly,2026-08-17T18:48:05Z,2026-08-17T18:48:05Z,
39.86.232.236,ipv4,malicious-ip,medium,WHITE,ziyadnz/hourly-ipv4,ziyadnz|hourly,2026-08-17T18:48:05Z,2026-08-17T18:48:05Z,
39.87.13.216,ipv4,malicious-ip,medium,WHITE,ziyadnz/hourly-ipv4,ziyadnz|hourly,2026-08-17T18:48:05Z,2026-08-17T18:48:05Z,
39.87.18.73,ipv4,malicious-ip,medium,WHITE,ziyadnz/hourly-ipv4,ziyadnz|hourly,2026-08-17T18:48:05Z,2026-08-17T18:48:05Z,
39.87.196.226,ipv4,malicious-ip,medium,WHITE,ziyadnz/hourly-ipv4,ziyadnz|hourly,2026-08-17T18:48:05Z,2026-08-17T18:48:05Z,
39.87.197.79,ipv4,malicious-ip,medium,WHITE,ziyadnz/hourly-ipv4,ziyadnz|hourly,2026-08-17T18:48:05Z,2026-08-17T18:48:05Z,
39.87.24.36,ipv4,malicious-ip,medium,WHITE,ziyadnz/hourly-ipv4,ziyadnz|hourly,2026-08-17T18:48:05Z,2026-08-17T18:48:05Z,
39.87.252.151,ipv4,malicious-ip,medium,WHITE,ziyadnz/hourly-ipv4,ziyadnz|hourly,2026-08-17T18:48:05Z,2026-08-17T18:48:05Z,
39.87.28.154,ipv4,malicious-ip,medium,WHITE,ziyadnz/hourly-ipv4,ziyadnz|hourly,2026-08-17T18:48:05Z,2026-08-17T18:48:05Z,
39.87.28.96,ipv4,malicious-ip,medium,WHITE,ziyadnz/hourly-ipv4,ziyadnz|hourly,2026-08-17T18:48:05Z,2026-08-17T18:48:05Z,
39.87.38.221,ipv4,malicious-ip,medium,WHITE,ziyadnz/hourly-ipv4,ziyadnz|hourly,2026-08-17T18:48:05Z,2026-08-17T18:48:05Z,
39.87.47.114,ipv4,malicious-ip,medium,WHITE,ziyadnz/hourly-ipv4,ziyadnz|hourly,2026-08-17T18:48:05Z,2026-08-17T18:48:05Z,
39.87.61.67,ipv4,malicious-ip,medium,WHITE,ziyadnz/hourly-ipv4,ziyadnz|hourly,2026-08-17T18:48:05Z,2026-08-17T18:48:05Z,
39.87.70.182,ipv4,malicious-ip,medium,WHITE,ziyadnz/hourly-ipv4,ziyadnz|hourly,2026-08-17T18:48:05Z,2026-08-17T18:48:05Z,
39.87.91.208,ipv4,malicious-ip,medium,WHITE,ziyadnz/hourly-ipv4,ziyadnz|hourly,2026-08-17T18:48:05Z,2026-08-17T18:48:05Z,
39.87.95.100,ipv4,malicious-ip,medium,WHITE,ziyadnz/hourly-ipv4,ziyadnz|hourly,2026-08-17T18:48:05Z,2026-08-17T18:48:05Z,
39.88.120.199,ipv4,malicious-ip,medium,WHITE,ziyadnz/hourly-ipv4,ziyadnz|hourly,2026-08-17T18:48:05Z,2026-08-17T18:48:05Z,
39.88.3.202,ipv4,malicious-ip,medium,WHITE,ziyadnz/hourly-ipv4,ziyadnz|hourly,2026-08-17T18:48:05Z,2026-08-17T18:48:05Z,
39.88.91.196,ipv4,malicious-ip,medium,WHITE,ziyadnz/hourly-ipv4,ziyadnz|hourly,2026-08-17T18:48:05Z,2026-08-17T18:48:05Z,
39.88.95.92,ipv4,malicious-ip,medium,WHITE,ziyadnz/hourly-ipv4,ziyadnz|hourly,2026-08-17T18:48:05Z,2026-08-17T18:48:05Z,
39.89.193.188,ipv4,malicious-ip,medium,WHITE,ziyadnz/hourly-ipv4,ziyadnz|hourly,2026-08-17T18:48:05Z,2026-08-17T18:48:05Z,
39.89.229.244,ipv4,malicious-ip,medium,WHITE,ziyadnz/hourly-ipv4,ziyadnz|hourly,2026-08-17T18:48:05Z,2026-08-17T18:48:05Z,
39.90.11.238,ipv4,malicious-ip,medium,WHITE,ziyadnz/hourly-ipv4,ziyadnz|hourly,2026-08-17T18:48:05Z,2026-08-17T18:48:05Z,
39.90.114.140,ipv4,malicious-ip,medium,WHITE,ziyadnz/hourly-ipv4,ziyadnz|hourly,2026-08-17T18:48:05Z,2026-08-17T18:48:05Z,
39.90.188.188,ipv4,malicious-ip,medium,WHITE,ziyadnz/hourly-ipv4,ziyadnz|hourly,2026-08-17T18:48:05Z,2026-08-17T18:48:05Z,
39.90.211.242,ipv4,malicious-ip,medium,WHITE,ziyadnz/hourly-ipv4,ziyadnz|hourly,2026-08-17T18:48:05Z,2026-08-17T18:48:05Z,
39.90.218.167,ipv4,malicious-ip,medium,WHITE,ziyadnz/hourly-ipv4,ziyadnz|hourly,2026-08-17T18:48:05Z,2026-08-17T18:48:05Z,
39.90.235.117,ipv4,malicious-ip,medium,WHITE,ziyadnz/hourly-ipv4,ziyadnz|hourly,2026-08-17T18:48:05Z,2026-08-17T18:48:05Z,
39.90.43.4,ipv4,malicious-ip,medium,WHITE,ziyadnz/hourly-ipv4,ziyadnz|hourly,2026-08-17T18:48:05Z,2026-08-17T18:48:05Z,
39.90.5.111,ipv4,malicious-ip,medium,WHITE,ziyadnz/hourly-ipv4,ziyadnz|hourly,2026-08-17T18:48:05Z,2026-08-17T18:48:05Z,
39.90.67.244,ipv4,malicious-ip,medium,WHITE,ziyadnz/hourly-ipv4,ziyadnz|hourly,2026-08-17T18:48:05Z,2026-08-17T18:48:05Z,
39.90.69.112,ipv4,malicious-ip,medium,WHITE,ziyadnz/hourly-ipv4,ziyadnz|hourly,2026-08-17T18:48:05Z,2026-08-17T18:48:05Z,
39.90.82.20,ipv4,malicious-ip,medium,WHITE,ziyadnz/hourly-ipv4,ziyadnz|hourly,2026-08-17T18:48:05Z,2026-08-17T18:48:05Z,
39.91.112.251,ipv4,malicious-ip,medium,WHITE,ziyadnz/hourly-ipv4,ziyadnz|hourly,2026-08-17T18:48:05Z,2026-08-17T18:48:05Z,
39.91.34.104,ipv4,malicious-ip,medium,WHITE,ziyadnz/hourly-ipv4,ziyadnz|hourly,2026-08-17T18:48:05Z,2026-08-17T18:48:05Z,
39.96.175.154,ipv4,malicious-ip,medium,WHITE,ziyadnz/hourly-ipv4,ziyadnz|hourly,2026-08-17T18:48:05Z,2026-08-17T18:48:05Z,
39.96.175.203,ipv4,malicious-ip,medium,WHITE,ziyadnz/hourly-ipv4,ziyadnz|hourly,2026-08-17T18:48:05Z,2026-08-17T18:48:05Z,
39.96.19.51,ipv4,malicious-ip,medium,WHITE,ziyadnz/hourly-ipv4,ziyadnz|hourly,2026-08-17T18:48:05Z,2026-08-17T18:48:05Z,
39.96.197.8,ipv4,malicious-ip,medium,WHITE,ziyadnz/hourly-ipv4,ziyadnz|hourly,2026-08-17T18:48:05Z,2026-08-17T18:48:05Z,
39.96.198.211,ipv4,malicious-ip,medium,WHITE,ziyadnz/hourly-ipv4,ziyadnz|hourly,2026-08-17T18:48:05Z,2026-08-17T18:48:05Z,
39.96.203.7,ipv4,malicious-ip,medium,WHITE,ziyadnz/hourly-ipv4,ziyadnz|hourly,2026-08-17T18:48:05Z,2026-08-17T18:48:05Z,
39.96.217.92,ipv4,malicious-ip,medium,WHITE,ziyadnz/hourly-ipv4,ziyadnz|hourly,2026-08-17T18:48:05Z,2026-08-17T18:48:05Z,
39.96.222.211,ipv4,malicious-ip,medium,WHITE,ziyadnz/hourly-ipv4,ziyadnz|hourly,2026-08-17T18:48:05Z,2026-08-17T18:48:05Z,
39.96.40.96,ipv4,malicious-ip,medium,WHITE,ziyadnz/hourly-ipv4,ziyadnz|hourly,2026-08-17T18:48:05Z,2026-08-17T18:48:05Z,
39.96.6.171,ipv4,malicious-ip,medium,WHITE,ziyadnz/hourly-ipv4,ziyadnz|hourly,2026-08-17T18:48:05Z,2026-08-17T18:48:05Z,
39.96.9.43,ipv4,malicious-ip,medium,WHITE,ziyadnz/hourly-ipv4,ziyadnz|hourly,2026-08-17T18:48:05Z,2026-08-17T18:48:05Z,
39.97.224.78,ipv4,malicious-ip,medium,WHITE,ziyadnz/hourly-ipv4,ziyadnz|hourly,2026-08-17T18:48:05Z,2026-08-17T18:48:05Z,
39.97.229.220,ipv4,malicious-ip,medium,WHITE,ziyadnz/hourly-ipv4,ziyadnz|hourly,2026-08-17T18:48:05Z,2026-08-17T18:48:05Z,
39.97.231.245,ipv4,malicious-ip,medium,WHITE,ziyadnz/hourly-ipv4,ziyadnz|hourly,2026-08-17T18:48:05Z,2026-08-17T18:48:05Z,
39.97.238.183,ipv4,malicious-ip,medium,WHITE,ziyadnz/hourly-ipv4,ziyadnz|hourly,2026-08-17T18:48:05Z,2026-08-17T18:48:05Z,
39.97.249.70,ipv4,malicious-ip,medium,WHITE,ziyadnz/hourly-ipv4,ziyadnz|hourly,2026-08-17T18:48:05Z,2026-08-17T18:48:05Z,
39.97.253.71,ipv4,malicious-ip,medium,WHITE,ziyadnz/hourly-ipv4,ziyadnz|hourly,2026-08-17T18:48:05Z,2026-08-17T18:48:05Z,
39.97.36.137,ipv4,malicious-ip,medium,WHITE,ziyadnz/hourly-ipv4,ziyadnz|hourly,2026-08-17T18:48:05Z,2026-08-17T18:48:05Z,
39.97.44.13,ipv4,malicious-ip,medium,WHITE,ziyadnz/hourly-ipv4,ziyadnz|hourly,2026-08-17T18:48:05Z,2026-08-17T18:48:05Z,
39.97.53.147,ipv4,malicious-ip,medium,WHITE,ziyadnz/hourly-ipv4,ziyadnz|hourly,2026-08-17T18:48:05Z,2026-08-17T18:48:05Z,
39.97.54.189,ipv4,malicious-ip,medium,WHITE,ziyadnz/hourly-ipv4,ziyadnz|hourly,2026-08-17T18:48:05Z,2026-08-17T18:48:05Z,
39.97.7.22,ipv4,malicious-ip,medium,WHITE,ziyadnz/hourly-ipv4,ziyadnz|hourly,2026-08-17T18:48:05Z,2026-08-17T18:48:05Z,
39.98.202.253,ipv4,malicious-ip,medium,WHITE,ziyadnz/hourly-ipv4,ziyadnz|hourly,2026-08-17T18:48:05Z,2026-08-17T18:48:05Z,
39.99.218.78,ipv4,malicious-ip,medium,WHITE,ziyadnz/hourly-ipv4,ziyadnz|hourly,2026-08-17T18:48:05Z,2026-08-17T18:48:05Z,
39.99.254.170,ipv4,malicious-ip,medium,WHITE,ziyadnz/hourly-ipv4,ziyadnz|hourly,2026-08-17T18:48:05Z,2026-08-17T18:48:05Z,
4.150.190.180,ipv4,malicious-ip,medium,WHITE,ziyadnz/hourly-ipv4,ziyadnz|hourly,2026-08-17T18:48:05Z,2026-08-17T18:48:05Z,
4.151.203.174,ipv4,malicious-ip,medium,WHITE,ziyadnz/hourly-ipv4,ziyadnz|hourly,2026-08-17T18:48:05Z,2026-08-17T18:48:05Z,
4.154.183.180,ipv4,malicious-ip,medium,WHITE,ziyadnz/hourly-ipv4,ziyadnz|hourly,2026-08-17T18:48:05Z,2026-08-17T18:48:05Z,
4.155.197.86,ipv4,malicious-ip,medium,WHITE,ziyadnz/hourly-ipv4,ziyadnz|hourly,2026-08-17T18:48:05Z,2026-08-17T18:48:05Z,
4.184.238.149,ipv4,malicious-ip,medium,WHITE,ziyadnz/hourly-ipv4,ziyadnz|hourly,2026-08-17T18:48:05Z,2026-08-17T18:48:05Z,
4.184.246.230,ipv4,malicious-ip,medium,WHITE,ziyadnz/hourly-ipv4,ziyadnz|hourly,2026-08-17T18:48:05Z,2026-08-17T18:48:05Z,
4.186.40.232,ipv4,malicious-ip,medium,WHITE,ziyadnz/hourly-ipv4,ziyadnz|hourly,2026-08-17T18:48:05Z,2026-08-17T18:48:05Z,
4.193.139.29,ipv4,malicious-ip,medium,WHITE,ziyadnz/hourly-ipv4,ziyadnz|hourly,2026-08-17T18:48:05Z,2026-08-17T18:48:05Z,
4.193.142.113,ipv4,malicious-ip,medium,WHITE,ziyadnz/hourly-ipv4,ziyadnz|hourly,2026-08-17T18:48:05Z,2026-08-17T18:48:05Z,
4.193.172.45,ipv4,malicious-ip,medium,WHITE,ziyadnz/hourly-ipv4,ziyadnz|hourly,2026-08-17T18:48:05Z,2026-08-17T18:48:05Z,
4.193.194.216,ipv4,malicious-ip,medium,WHITE,ziyadnz/hourly-ipv4,ziyadnz|hourly,2026-08-17T18:48:05Z,2026-08-17T18:48:05Z,
4.194.19.2,ipv4,malicious-ip,medium,WHITE,ziyadnz/hourly-ipv4,ziyadnz|hourly,2026-08-17T18:48:05Z,2026-08-17T18:48:05Z,
4.194.4.255,ipv4,malicious-ip,medium,WHITE,ziyadnz/hourly-ipv4,ziyadnz|hourly,2026-08-17T18:48:05Z,2026-08-17T18:48:05Z,
4.204.204.51,ipv4,malicious-ip,medium,WHITE,ziyadnz/hourly-ipv4,ziyadnz|hourly,2026-08-17T18:48:05Z,2026-08-17T18:48:05Z,
4.210.186.201,ipv4,malicious-ip,medium,WHITE,ziyadnz/hourly-ipv4,ziyadnz|hourly,2026-08-17T18:48:05Z,2026-08-17T18:48:05Z,
4.210.253.44,ipv4,malicious-ip,medium,WHITE,ziyadnz/hourly-ipv4,ziyadnz|hourly,2026-08-17T18:48:05Z,2026-08-17T18:48:05Z,
4.213.160.153,ipv4,malicious-ip,medium,WHITE,ziyadnz/hourly-ipv4,ziyadnz|hourly,2026-08-17T18:48:05Z,2026-08-17T18:48:05Z,
4.213.169.8,ipv4,malicious-ip,medium,WHITE,ziyadnz/hourly-ipv4,ziyadnz|hourly,2026-08-17T18:48:05Z,2026-08-17T18:48:05Z,
4.213.224.194,ipv4,malicious-ip,medium,WHITE,ziyadnz/hourly-ipv4,ziyadnz|hourly,2026-08-17T18:48:05Z,2026-08-17T18:48:05Z,
4.213.65.96,ipv4,malicious-ip,medium,WHITE,ziyadnz/hourly-ipv4,ziyadnz|hourly,2026-08-17T18:48:05Z,2026-08-17T18:48:05Z,
4.221.186.70,ipv4,malicious-ip,medium,WHITE,ziyadnz/hourly-ipv4,ziyadnz|hourly,2026-08-17T18:48:05Z,2026-08-17T18:48:05Z,
4.223.73.90,ipv4,malicious-ip,medium,WHITE,ziyadnz/hourly-ipv4,ziyadnz|hourly,2026-08-17T18:48:05Z,2026-08-17T18:48:05Z,
4.224.59.75,ipv4,malicious-ip,medium,WHITE,ziyadnz/hourly-ipv4,ziyadnz|hourly,2026-08-17T18:48:05Z,2026-08-17T18:48:05Z,
4.224.61.94,ipv4,malicious-ip,medium,WHITE,ziyadnz/hourly-ipv4,ziyadnz|hourly,2026-08-17T18:48:05Z,2026-08-17T18:48:05Z,
4.224.81.31,ipv4,malicious-ip,medium,WHITE,ziyadnz/hourly-ipv4,ziyadnz|hourly,2026-08-17T18:48:05Z,2026-08-17T18:48:05Z,
4.225.166.176,ipv4,malicious-ip,medium,WHITE,ziyadnz/hourly-ipv4,ziyadnz|hourly,2026-08-17T18:48:05Z,2026-08-17T18:48:05Z,
4.225.203.22,ipv4,malicious-ip,medium,WHITE,ziyadnz/hourly-ipv4,ziyadnz|hourly,2026-08-17T18:48:05Z,2026-08-17T18:48:05Z,
4.227.178.177,ipv4,malicious-ip,medium,WHITE,ziyadnz/hourly-ipv4,ziyadnz|hourly,2026-08-17T18:48:05Z,2026-08-17T18:48:05Z,
4.227.178.194,ipv4,malicious-ip,medium,WHITE,ziyadnz/hourly-ipv4,ziyadnz|hourly,2026-08-17T18:48:05Z,2026-08-17T18:48:05Z,
4.227.178.199,ipv4,malicious-ip,medium,WHITE,ziyadnz/hourly-ipv4,ziyadnz|hourly,2026-08-17T18:48:05Z,2026-08-17T18:48:05Z,
4.227.178.208,ipv4,malicious-ip,medium,WHITE,ziyadnz/hourly-ipv4,ziyadnz|hourly,2026-08-17T18:48:05Z,2026-08-17T18:48:05Z,
4.227.179.79,ipv4,malicious-ip,medium,WHITE,ziyadnz/hourly-ipv4,ziyadnz|hourly,2026-08-17T18:48:05Z,2026-08-17T18:48:05Z,
4.227.180.186,ipv4,malicious-ip,medium,WHITE,ziyadnz/hourly-ipv4,ziyadnz|hourly,2026-08-17T18:48:05Z,2026-08-17T18:48:05Z,
4.227.180.232,ipv4,malicious-ip,medium,WHITE,ziyadnz/hourly-ipv4,ziyadnz|hourly,2026-08-17T18:48:05Z,2026-08-17T18:48:05Z,
4.227.220.251,ipv4,malicious-ip,medium,WHITE,ziyadnz/hourly-ipv4,ziyadnz|hourly,2026-08-17T18:48:05Z,2026-08-17T18:48:05Z,
4.228.106.19,ipv4,malicious-ip,medium,WHITE,ziyadnz/hourly-ipv4,ziyadnz|hourly,2026-08-17T18:48:05Z,2026-08-17T18:48:05Z,
4.229.232.110,ipv4,malicious-ip,medium,WHITE,ziyadnz/hourly-ipv4,ziyadnz|hourly,2026-08-17T18:48:05Z,2026-08-17T18:48:05Z,
4.231.218.79,ipv4,malicious-ip,medium,WHITE,ziyadnz/hourly-ipv4,ziyadnz|hourly,2026-08-17T18:48:05Z,2026-08-17T18:48:05Z,
4.231.96.134,ipv4,malicious-ip,medium,WHITE,ziyadnz/hourly-ipv4,ziyadnz|hourly,2026-08-17T18:48:05Z,2026-08-17T18:48:05Z,
4.232.147.36,ipv4,malicious-ip,medium,WHITE,ziyadnz/hourly-ipv4,ziyadnz|hourly,2026-08-17T18:48:05Z,2026-08-17T18:48:05Z,
4.232.185.161,ipv4,malicious-ip,medium,WHITE,ziyadnz/hourly-ipv4,ziyadnz|hourly,2026-08-17T18:48:05Z,2026-08-17T18:48:05Z,
4.232.185.206,ipv4,malicious-ip,medium,WHITE,ziyadnz/hourly-ipv4,ziyadnz|hourly,2026-08-17T18:48:05Z,2026-08-17T18:48:05Z,
4.232.185.87,ipv4,malicious-ip,medium,WHITE,ziyadnz/hourly-ipv4,ziyadnz|hourly,2026-08-17T18:48:05Z,2026-08-17T18:48:05Z,
4.232.88.180,ipv4,malicious-ip,medium,WHITE,ziyadnz/hourly-ipv4,ziyadnz|hourly,2026-08-17T18:48:05Z,2026-08-17T18:48:05Z,
4.232.90.220,ipv4,malicious-ip,medium,WHITE,ziyadnz/hourly-ipv4,ziyadnz|hourly,2026-08-17T18:48:05Z,2026-08-17T18:48:05Z,
4.232.91.42,ipv4,malicious-ip,medium,WHITE,ziyadnz/hourly-ipv4,ziyadnz|hourly,2026-08-17T18:48:05Z,2026-08-17T18:48:05Z,
4.236.161.123,ipv4,malicious-ip,medium,WHITE,ziyadnz/hourly-ipv4,ziyadnz|hourly,2026-08-17T18:48:05Z,2026-08-17T18:48:05Z,
4.236.164.165,ipv4,malicious-ip,medium,WHITE,ziyadnz/hourly-ipv4,ziyadnz|hourly,2026-08-17T18:48:05Z,2026-08-17T18:48:05Z,
4.239.240.98,ipv4,malicious-ip,medium,WHITE,ziyadnz/hourly-ipv4,ziyadnz|hourly,2026-08-17T18:48:05Z,2026-08-17T18:48:05Z,
4.240.101.158,ipv4,malicious-ip,medium,WHITE,ziyadnz/hourly-ipv4,ziyadnz|hourly,2026-08-17T18:48:05Z,2026-08-17T18:48:05Z,
4.240.112.173,ipv4,malicious-ip,medium,WHITE,ziyadnz/hourly-ipv4,ziyadnz|hourly,2026-08-17T18:48:05Z,2026-08-17T18:48:05Z,
4.240.8.92,ipv4,malicious-ip,medium,WHITE,ziyadnz/hourly-ipv4,ziyadnz|hourly,2026-08-17T18:48:05Z,2026-08-17T18:48:05Z,
4.240.80.29,ipv4,malicious-ip,medium,WHITE,ziyadnz/hourly-ipv4,ziyadnz|hourly,2026-08-17T18:48:05Z,2026-08-17T18:48:05Z,
4.240.96.30,ipv4,malicious-ip,medium,WHITE,ziyadnz/hourly-ipv4,ziyadnz|hourly,2026-08-17T18:48:05Z,2026-08-17T18:48:05Z,
4.241.110.54,ipv4,malicious-ip,medium,WHITE,ziyadnz/hourly-ipv4,ziyadnz|hourly,2026-08-17T18:48:05Z,2026-08-17T18:48:05Z,
4.245.218.170,ipv4,malicious-ip,medium,WHITE,ziyadnz/hourly-ipv4,ziyadnz|hourly,2026-08-17T18:48:05Z,2026-08-17T18:48:05Z,
4.246.135.69,ipv4,malicious-ip,medium,WHITE,ziyadnz/hourly-ipv4,ziyadnz|hourly,2026-08-17T18:48:05Z,2026-08-17T18:48:05Z,
4.246.135.70,ipv4,malicious-ip,medium,WHITE,ziyadnz/hourly-ipv4,ziyadnz|hourly,2026-08-17T18:48:05Z,2026-08-17T18:48:05Z,
4.246.231.57,ipv4,malicious-ip,medium,WHITE,ziyadnz/hourly-ipv4,ziyadnz|hourly,2026-08-17T18:48:05Z,2026-08-17T18:48:05Z,
4.247.141.61,ipv4,malicious-ip,medium,WHITE,ziyadnz/hourly-ipv4,ziyadnz|hourly,2026-08-17T18:48:05Z,2026-08-17T18:48:05Z,
4.53.151.27,ipv4,malicious-ip,medium,WHITE,ziyadnz/hourly-ipv4,ziyadnz|hourly,2026-08-17T18:48:05Z,2026-08-17T18:48:05Z,
40.115.3.53,ipv4,malicious-ip,medium,WHITE,ziyadnz/hourly-ipv4,ziyadnz|hourly,2026-08-17T18:48:05Z,2026-08-17T18:48:05Z,
40.119.26.30,ipv4,malicious-ip,medium,WHITE,ziyadnz/hourly-ipv4,ziyadnz|hourly,2026-08-17T18:48:05Z,2026-08-17T18:48:05Z,
40.119.28.203,ipv4,malicious-ip,medium,WHITE,ziyadnz/hourly-ipv4,ziyadnz|hourly,2026-08-17T18:48:05Z,2026-08-17T18:48:05Z,
40.119.29.137,ipv4,malicious-ip,medium,WHITE,ziyadnz/hourly-ipv4,ziyadnz|hourly,2026-08-17T18:48:05Z,2026-08-17T18:48:05Z,
40.119.32.47,ipv4,malicious-ip,medium,WHITE,ziyadnz/hourly-ipv4,ziyadnz|hourly,2026-08-17T18:48:05Z,2026-08-17T18:48:05Z,
40.119.33.98,ipv4,malicious-ip,medium,WHITE,ziyadnz/hourly-ipv4,ziyadnz|hourly,2026-08-17T18:48:05Z,2026-08-17T18:48:05Z,
40.119.40.152,ipv4,malicious-ip,medium,WHITE,ziyadnz/hourly-ipv4,ziyadnz|hourly,2026-08-17T18:48:05Z,2026-08-17T18:48:05Z,
40.119.40.156,ipv4,malicious-ip,medium,WHITE,ziyadnz/hourly-ipv4,ziyadnz|hourly,2026-08-17T18:48:05Z,2026-08-17T18:48:05Z,
40.119.41.182,ipv4,malicious-ip,medium,WHITE,ziyadnz/hourly-ipv4,ziyadnz|hourly,2026-08-17T18:48:05Z,2026-08-17T18:48:05Z,
40.119.43.103,ipv4,malicious-ip,medium,WHITE,ziyadnz/hourly-ipv4,ziyadnz|hourly,2026-08-17T18:48:05Z,2026-08-17T18:48:05Z,
40.119.43.133,ipv4,malicious-ip,medium,WHITE,ziyadnz/hourly-ipv4,ziyadnz|hourly,2026-08-17T18:48:05Z,2026-08-17T18:48:05Z,
40.119.46.97,ipv4,malicious-ip,medium,WHITE,ziyadnz/hourly-ipv4,ziyadnz|hourly,2026-08-17T18:48:05Z,2026-08-17T18:48:05Z,
40.121.90.194,ipv4,malicious-ip,medium,WHITE,ziyadnz/hourly-ipv4,ziyadnz|hourly,2026-08-17T18:48:05Z,2026-08-17T18:48:05Z,
40.124.114.161,ipv4,malicious-ip,medium,WHITE,ziyadnz/hourly-ipv4,ziyadnz|hourly,2026-08-17T18:48:05Z,2026-08-17T18:48:05Z,
40.124.116.126,ipv4,malicious-ip,medium,WHITE,ziyadnz/hourly-ipv4,ziyadnz|hourly,2026-08-17T18:48:05Z,2026-08-17T18:48:05Z,
40.124.117.126,ipv4,malicious-ip,medium,WHITE,ziyadnz/hourly-ipv4,ziyadnz|hourly,2026-08-17T18:48:05Z,2026-08-17T18:48:05Z,
40.124.119.20,ipv4,malicious-ip,medium,WHITE,ziyadnz/hourly-ipv4,ziyadnz|hourly,2026-08-17T18:48:05Z,2026-08-17T18:48:05Z,
40.124.120.41,ipv4,malicious-ip,medium,WHITE,ziyadnz/hourly-ipv4,ziyadnz|hourly,2026-08-17T18:48:05Z,2026-08-17T18:48:05Z,
40.124.120.52,ipv4,malicious-ip,medium,WHITE,ziyadnz/hourly-ipv4,ziyadnz|hourly,2026-08-17T18:48:05Z,2026-08-17T18:48:05Z,
40.124.127.239,ipv4,malicious-ip,medium,WHITE,ziyadnz/hourly-ipv4,ziyadnz|hourly,2026-08-17T18:48:05Z,2026-08-17T18:48:05Z,
40.124.168.156,ipv4,malicious-ip,medium,WHITE,ziyadnz/hourly-ipv4,ziyadnz|hourly,2026-08-17T18:48:05Z,2026-08-17T18:48:05Z,
40.124.168.253,ipv4,malicious-ip,medium,WHITE,ziyadnz/hourly-ipv4,ziyadnz|hourly,2026-08-17T18:48:05Z,2026-08-17T18:48:05Z,
40.124.169.38,ipv4,malicious-ip,medium,WHITE,ziyadnz/hourly-ipv4,ziyadnz|hourly,2026-08-17T18:48:05Z,2026-08-17T18:48:05Z,
40.124.170.45,ipv4,malicious-ip,medium,WHITE,ziyadnz/hourly-ipv4,ziyadnz|hourly,2026-08-17T18:48:05Z,2026-08-17T18:48:05Z,
40.124.171.173,ipv4,malicious-ip,medium,WHITE,ziyadnz/hourly-ipv4,ziyadnz|hourly,2026-08-17T18:48:05Z,2026-08-17T18:48:05Z,
40.124.171.82,ipv4,malicious-ip,medium,WHITE,ziyadnz/hourly-ipv4,ziyadnz|hourly,2026-08-17T18:48:05Z,2026-08-17T18:48:05Z,
40.124.172.100,ipv4,malicious-ip,medium,WHITE,ziyadnz/hourly-ipv4,ziyadnz|hourly,2026-08-17T18:48:05Z,2026-08-17T18:48:05Z,
40.124.172.146,ipv4,malicious-ip,medium,WHITE,ziyadnz/hourly-ipv4,ziyadnz|hourly,2026-08-17T18:48:05Z,2026-08-17T18:48:05Z,
40.124.172.38,ipv4,malicious-ip,medium,WHITE,ziyadnz/hourly-ipv4,ziyadnz|hourly,2026-08-17T18:48:05Z,2026-08-17T18:48:05Z,
40.124.172.78,ipv4,malicious-ip,medium,WHITE,ziyadnz/hourly-ipv4,ziyadnz|hourly,2026-08-17T18:48:05Z,2026-08-17T18:48:05Z,
40.124.173.0,ipv4,malicious-ip,medium,WHITE,ziyadnz/hourly-ipv4,ziyadnz|hourly,2026-08-17T18:48:05Z,2026-08-17T18:48:05Z,
40.124.173.115,ipv4,malicious-ip,medium,WHITE,ziyadnz/hourly-ipv4,ziyadnz|hourly,2026-08-17T18:48:05Z,2026-08-17T18:48:05Z,
40.124.173.139,ipv4,malicious-ip,medium,WHITE,ziyadnz/hourly-ipv4,ziyadnz|hourly,2026-08-17T18:48:05Z,2026-08-17T18:48:05Z,
40.124.173.157,ipv4,malicious-ip,medium,WHITE,ziyadnz/hourly-ipv4,ziyadnz|hourly,2026-08-17T18:48:05Z,2026-08-17T18:48:05Z,
40.124.173.160,ipv4,malicious-ip,medium,WHITE,ziyadnz/hourly-ipv4,ziyadnz|hourly,2026-08-17T18:48:05Z,2026-08-17T18:48:05Z,
40.124.173.168,ipv4,malicious-ip,medium,WHITE,ziyadnz/hourly-ipv4,ziyadnz|hourly,2026-08-17T18:48:05Z,2026-08-17T18:48:05Z,
40.124.173.171,ipv4,malicious-ip,medium,WHITE,ziyadnz/hourly-ipv4,ziyadnz|hourly,2026-08-17T18:48:05Z,2026-08-17T18:48:05Z,
40.124.173.173,ipv4,malicious-ip,medium,WHITE,ziyadnz/hourly-ipv4,ziyadnz|hourly,2026-08-17T18:48:05Z,2026-08-17T18:48:05Z,
40.124.173.185,ipv4,malicious-ip,medium,WHITE,ziyadnz/hourly-ipv4,ziyadnz|hourly,2026-08-17T18:48:05Z,2026-08-17T18:48:05Z,
40.124.173.2,ipv4,malicious-ip,medium,WHITE,ziyadnz/hourly-ipv4,ziyadnz|hourly,2026-08-17T18:48:05Z,2026-08-17T18:48:05Z,
40.124.173.206,ipv4,malicious-ip,medium,WHITE,ziyadnz/hourly-ipv4,ziyadnz|hourly,2026-08-17T18:48:05Z,2026-08-17T18:48:05Z,
40.124.173.224,ipv4,malicious-ip,medium,WHITE,ziyadnz/hourly-ipv4,ziyadnz|hourly,2026-08-17T18:48:05Z,2026-08-17T18:48:05Z,
40.124.173.234,ipv4,malicious-ip,medium,WHITE,ziyadnz/hourly-ipv4,ziyadnz|hourly,2026-08-17T18:48:05Z,2026-08-17T18:48:05Z,
40.124.173.235,ipv4,malicious-ip,medium,WHITE,ziyadnz/hourly-ipv4,ziyadnz|hourly,2026-08-17T18:48:05Z,2026-08-17T18:48:05Z,
40.124.173.251,ipv4,malicious-ip,medium,WHITE,ziyadnz/hourly-ipv4,ziyadnz|hourly,2026-08-17T18:48:05Z,2026-08-17T18:48:05Z,
40.124.173.31,ipv4,malicious-ip,medium,WHITE,ziyadnz/hourly-ipv4,ziyadnz|hourly,2026-08-17T18:48:05Z,2026-08-17T18:48:05Z,
40.124.173.6,ipv4,malicious-ip,medium,WHITE,ziyadnz/hourly-ipv4,ziyadnz|hourly,2026-08-17T18:48:05Z,2026-08-17T18:48:05Z,
40.124.173.7,ipv4,malicious-ip,medium,WHITE,ziyadnz/hourly-ipv4,ziyadnz|hourly,2026-08-17T18:48:05Z,2026-08-17T18:48:05Z,
40.124.173.90,ipv4,malicious-ip,medium,WHITE,ziyadnz/hourly-ipv4,ziyadnz|hourly,2026-08-17T18:48:05Z,2026-08-17T18:48:05Z,
40.124.173.94,ipv4,malicious-ip,medium,WHITE,ziyadnz/hourly-ipv4,ziyadnz|hourly,2026-08-17T18:48:05Z,2026-08-17T18:48:05Z,
40.124.174.0,ipv4,malicious-ip,medium,WHITE,ziyadnz/hourly-ipv4,ziyadnz|hourly,2026-08-17T18:48:05Z,2026-08-17T18:48:05Z,
40.124.174.133,ipv4,malicious-ip,medium,WHITE,ziyadnz/hourly-ipv4,ziyadnz|hourly,2026-08-17T18:48:05Z,2026-08-17T18:48:05Z,
40.124.174.138,ipv4,malicious-ip,medium,WHITE,ziyadnz/hourly-ipv4,ziyadnz|hourly,2026-08-17T18:48:05Z,2026-08-17T18:48:05Z,
40.124.174.148,ipv4,malicious-ip,medium,WHITE,ziyadnz/hourly-ipv4,ziyadnz|hourly,2026-08-17T18:48:05Z,2026-08-17T18:48:05Z,
40.124.174.149,ipv4,malicious-ip,medium,WHITE,ziyadnz/hourly-ipv4,ziyadnz|hourly,2026-08-17T18:48:05Z,2026-08-17T18:48:05Z,
40.124.174.155,ipv4,malicious-ip,medium,WHITE,ziyadnz/hourly-ipv4,ziyadnz|hourly,2026-08-17T18:48:05Z,2026-08-17T18:48:05Z,
40.124.174.167,ipv4,malicious-ip,medium,WHITE,ziyadnz/hourly-ipv4,ziyadnz|hourly,2026-08-17T18:48:05Z,2026-08-17T18:48:05Z,
40.124.174.187,ipv4,malicious-ip,medium,WHITE,ziyadnz/hourly-ipv4,ziyadnz|hourly,2026-08-17T18:48:05Z,2026-08-17T18:48:05Z,
40.124.174.199,ipv4,malicious-ip,medium,WHITE,ziyadnz/hourly-ipv4,ziyadnz|hourly,2026-08-17T18:48:05Z,2026-08-17T18:48:05Z,
40.124.174.207,ipv4,malicious-ip,medium,WHITE,ziyadnz/hourly-ipv4,ziyadnz|hourly,2026-08-17T18:48:05Z,2026-08-17T18:48:05Z,
40.124.174.209,ipv4,malicious-ip,medium,WHITE,ziyadnz/hourly-ipv4,ziyadnz|hourly,2026-08-17T18:48:05Z,2026-08-17T18:48:05Z,
40.124.174.226,ipv4,malicious-ip,medium,WHITE,ziyadnz/hourly-ipv4,ziyadnz|hourly,2026-08-17T18:48:05Z,2026-08-17T18:48:05Z,
40.124.174.245,ipv4,malicious-ip,medium,WHITE,ziyadnz/hourly-ipv4,ziyadnz|hourly,2026-08-17T18:48:05Z,2026-08-17T18:48:05Z,
40.124.174.247,ipv4,malicious-ip,medium,WHITE,ziyadnz/hourly-ipv4,ziyadnz|hourly,2026-08-17T18:48:05Z,2026-08-17T18:48:05Z,
40.124.174.248,ipv4,malicious-ip,medium,WHITE,ziyadnz/hourly-ipv4,ziyadnz|hourly,2026-08-17T18:48:05Z,2026-08-17T18:48:05Z,
40.124.174.61,ipv4,malicious-ip,medium,WHITE,ziyadnz/hourly-ipv4,ziyadnz|hourly,2026-08-17T18:48:05Z,2026-08-17T18:48:05Z,
40.124.174.73,ipv4,malicious-ip,medium,WHITE,ziyadnz/hourly-ipv4,ziyadnz|hourly,2026-08-17T18:48:05Z,2026-08-17T18:48:05Z,
40.124.175.0,ipv4,malicious-ip,medium,WHITE,ziyadnz/hourly-ipv4,ziyadnz|hourly,2026-08-17T18:48:05Z,2026-08-17T18:48:05Z,
40.124.175.103,ipv4,malicious-ip,medium,WHITE,ziyadnz/hourly-ipv4,ziyadnz|hourly,2026-08-17T18:48:05Z,2026-08-17T18:48:05Z,
40.124.175.131,ipv4,malicious-ip,medium,WHITE,ziyadnz/hourly-ipv4,ziyadnz|hourly,2026-08-17T18:48:05Z,2026-08-17T18:48:05Z,
40.124.175.155,ipv4,malicious-ip,medium,WHITE,ziyadnz/hourly-ipv4,ziyadnz|hourly,2026-08-17T18:48:05Z,2026-08-17T18:48:05Z,
40.124.175.16,ipv4,malicious-ip,medium,WHITE,ziyadnz/hourly-ipv4,ziyadnz|hourly,2026-08-17T18:48:05Z,2026-08-17T18:48:05Z,
40.124.175.164,ipv4,malicious-ip,medium,WHITE,ziyadnz/hourly-ipv4,ziyadnz|hourly,2026-08-17T18:48:05Z,2026-08-17T18:48:05Z,
40.124.175.166,ipv4,malicious-ip,medium,WHITE,ziyadnz/hourly-ipv4,ziyadnz|hourly,2026-08-17T18:48:05Z,2026-08-17T18:48:05Z,
40.124.175.174,ipv4,malicious-ip,medium,WHITE,ziyadnz/hourly-ipv4,ziyadnz|hourly,2026-08-17T18:48:05Z,2026-08-17T18:48:05Z,
40.124.175.184,ipv4,malicious-ip,medium,WHITE,ziyadnz/hourly-ipv4,ziyadnz|hourly,2026-08-17T18:48:05Z,2026-08-17T18:48:05Z,
40.124.175.188,ipv4,malicious-ip,medium,WHITE,ziyadnz/hourly-ipv4,ziyadnz|hourly,2026-08-17T18:48:05Z,2026-08-17T18:48:05Z,
40.124.175.197,ipv4,malicious-ip,medium,WHITE,ziyadnz/hourly-ipv4,ziyadnz|hourly,2026-08-17T18:48:05Z,2026-08-17T18:48:05Z,
40.124.175.201,ipv4,malicious-ip,medium,WHITE,ziyadnz/hourly-ipv4,ziyadnz|hourly,2026-08-17T18:48:05Z,2026-08-17T18:48:05Z,
40.124.175.225,ipv4,malicious-ip,medium,WHITE,ziyadnz/hourly-ipv4,ziyadnz|hourly,2026-08-17T18:48:05Z,2026-08-17T18:48:05Z,
40.124.175.226,ipv4,malicious-ip,medium,WHITE,ziyadnz/hourly-ipv4,ziyadnz|hourly,2026-08-17T18:48:05Z,2026-08-17T18:48:05Z,
40.124.175.233,ipv4,malicious-ip,medium,WHITE,ziyadnz/hourly-ipv4,ziyadnz|hourly,2026-08-17T18:48:05Z,2026-08-17T18:48:05Z,
40.124.175.234,ipv4,malicious-ip,medium,WHITE,ziyadnz/hourly-ipv4,ziyadnz|hourly,2026-08-17T18:48:05Z,2026-08-17T18:48:05Z,
40.124.175.251,ipv4,malicious-ip,medium,WHITE,ziyadnz/hourly-ipv4,ziyadnz|hourly,2026-08-17T18:48:05Z,2026-08-17T18:48:05Z,
40.124.175.26,ipv4,malicious-ip,medium,WHITE,ziyadnz/hourly-ipv4,ziyadnz|hourly,2026-08-17T18:48:05Z,2026-08-17T18:48:05Z,
40.124.175.29,ipv4,malicious-ip,medium,WHITE,ziyadnz/hourly-ipv4,ziyadnz|hourly,2026-08-17T18:48:05Z,2026-08-17T18:48:05Z,
40.124.175.30,ipv4,malicious-ip,medium,WHITE,ziyadnz/hourly-ipv4,ziyadnz|hourly,2026-08-17T18:48:05Z,2026-08-17T18:48:05Z,
40.124.175.39,ipv4,malicious-ip,medium,WHITE,ziyadnz/hourly-ipv4,ziyadnz|hourly,2026-08-17T18:48:05Z,2026-08-17T18:48:05Z,
40.124.175.5,ipv4,malicious-ip,medium,WHITE,ziyadnz/hourly-ipv4,ziyadnz|hourly,2026-08-17T18:48:05Z,2026-08-17T18:48:05Z,
40.124.175.52,ipv4,malicious-ip,medium,WHITE,ziyadnz/hourly-ipv4,ziyadnz|hourly,2026-08-17T18:48:05Z,2026-08-17T18:48:05Z,
40.124.175.58,ipv4,malicious-ip,medium,WHITE,ziyadnz/hourly-ipv4,ziyadnz|hourly,2026-08-17T18:48:05Z,2026-08-17T18:48:05Z,
40.124.175.60,ipv4,malicious-ip,medium,WHITE,ziyadnz/hourly-ipv4,ziyadnz|hourly,2026-08-17T18:48:05Z,2026-08-17T18:48:05Z,
40.124.175.75,ipv4,malicious-ip,medium,WHITE,ziyadnz/hourly-ipv4,ziyadnz|hourly,2026-08-17T18:48:05Z,2026-08-17T18:48:05Z,
40.124.175.76,ipv4,malicious-ip,medium,WHITE,ziyadnz/hourly-ipv4,ziyadnz|hourly,2026-08-17T18:48:05Z,2026-08-17T18:48:05Z,
40.124.175.86,ipv4,malicious-ip,medium,WHITE,ziyadnz/hourly-ipv4,ziyadnz|hourly,2026-08-17T18:48:05Z,2026-08-17T18:48:05Z,
40.124.176.81,ipv4,malicious-ip,medium,WHITE,ziyadnz/hourly-ipv4,ziyadnz|hourly,2026-08-17T18:48:05Z,2026-08-17T18:48:05Z,
40.124.178.49,ipv4,malicious-ip,medium,WHITE,ziyadnz/hourly-ipv4,ziyadnz|hourly,2026-08-17T18:48:05Z,2026-08-17T18:48:05Z,
40.124.179.252,ipv4,malicious-ip,medium,WHITE,ziyadnz/hourly-ipv4,ziyadnz|hourly,2026-08-17T18:48:05Z,2026-08-17T18:48:05Z,
40.124.180.92,ipv4,malicious-ip,medium,WHITE,ziyadnz/hourly-ipv4,ziyadnz|hourly,2026-08-17T18:48:05Z,2026-08-17T18:48:05Z,
40.124.183.177,ipv4,malicious-ip,medium,WHITE,ziyadnz/hourly-ipv4,ziyadnz|hourly,2026-08-17T18:48:05Z,2026-08-17T18:48:05Z,
40.124.184.27,ipv4,malicious-ip,medium,WHITE,ziyadnz/hourly-ipv4,ziyadnz|hourly,2026-08-17T18:48:05Z,2026-08-17T18:48:05Z,
40.124.184.7,ipv4,malicious-ip,medium,WHITE,ziyadnz/hourly-ipv4,ziyadnz|hourly,2026-08-17T18:48:05Z,2026-08-17T18:48:05Z,
40.124.185.206,ipv4,malicious-ip,medium,WHITE,ziyadnz/hourly-ipv4,ziyadnz|hourly,2026-08-17T18:48:05Z,2026-08-17T18:48:05Z,
40.124.185.212,ipv4,malicious-ip,medium,WHITE,ziyadnz/hourly-ipv4,ziyadnz|hourly,2026-08-17T18:48:05Z,2026-08-17T18:48:05Z,
40.124.185.213,ipv4,malicious-ip,medium,WHITE,ziyadnz/hourly-ipv4,ziyadnz|hourly,2026-08-17T18:48:05Z,2026-08-17T18:48:05Z,
40.124.185.240,ipv4,malicious-ip,medium,WHITE,ziyadnz/hourly-ipv4,ziyadnz|hourly,2026-08-17T18:48:05Z,2026-08-17T18:48:05Z,
40.124.185.25,ipv4,malicious-ip,medium,WHITE,ziyadnz/hourly-ipv4,ziyadnz|hourly,2026-08-17T18:48:05Z,2026-08-17T18:48:05Z,
40.124.186.0,ipv4,malicious-ip,medium,WHITE,ziyadnz/hourly-ipv4,ziyadnz|hourly,2026-08-17T18:48:05Z,2026-08-17T18:48:05Z,
40.124.186.100,ipv4,malicious-ip,medium,WHITE,ziyadnz/hourly-ipv4,ziyadnz|hourly,2026-08-17T18:48:05Z,2026-08-17T18:48:05Z,
40.124.186.101,ipv4,malicious-ip,medium,WHITE,ziyadnz/hourly-ipv4,ziyadnz|hourly,2026-08-17T18:48:05Z,2026-08-17T18:48:05Z,
40.124.186.154,ipv4,malicious-ip,medium,WHITE,ziyadnz/hourly-ipv4,ziyadnz|hourly,2026-08-17T18:48:05Z,2026-08-17T18:48:05Z,
40.124.186.155,ipv4,malicious-ip,medium,WHITE,ziyadnz/hourly-ipv4,ziyadnz|hourly,2026-08-17T18:48:05Z,2026-08-17T18:48:05Z,
40.124.186.156,ipv4,malicious-ip,medium,WHITE,ziyadnz/hourly-ipv4,ziyadnz|hourly,2026-08-17T18:48:05Z,2026-08-17T18:48:05Z,
40.124.186.157,ipv4,malicious-ip,medium,WHITE,ziyadnz/hourly-ipv4,ziyadnz|hourly,2026-08-17T18:48:05Z,2026-08-17T18:48:05Z,
40.124.186.160,ipv4,malicious-ip,medium,WHITE,ziyadnz/hourly-ipv4,ziyadnz|hourly,2026-08-17T18:48:05Z,2026-08-17T18:48:05Z,
40.124.80.149,ipv4,malicious-ip,medium,WHITE,ziyadnz/hourly-ipv4,ziyadnz|hourly,2026-08-17T18:48:05Z,2026-08-17T18:48:05Z,
40.124.80.250,ipv4,malicious-ip,medium,WHITE,ziyadnz/hourly-ipv4,ziyadnz|hourly,2026-08-17T18:48:05Z,2026-08-17T18:48:05Z,
40.124.81.157,ipv4,malicious-ip,medium,WHITE,ziyadnz/hourly-ipv4,ziyadnz|hourly,2026-08-17T18:48:05Z,2026-08-17T18:48:05Z,
40.124.86.76,ipv4,malicious-ip,medium,WHITE,ziyadnz/hourly-ipv4,ziyadnz|hourly,2026-08-17T18:48:05Z,2026-08-17T18:48:05Z,
40.134.34.145,ipv4,malicious-ip,medium,WHITE,ziyadnz/hourly-ipv4,ziyadnz|hourly,2026-08-17T18:48:05Z,2026-08-17T18:48:05Z,
40.160.2.239,ipv4,malicious-ip,medium,WHITE,ziyadnz/hourly-ipv4,ziyadnz|hourly,2026-08-17T18:48:05Z,2026-08-17T18:48:05Z,
40.176.173.109,ipv4,malicious-ip,medium,WHITE,ziyadnz/hourly-ipv4,ziyadnz|hourly,2026-08-17T18:48:05Z,2026-08-17T18:48:05Z,
40.233.2.200,ipv4,malicious-ip,medium,WHITE,ziyadnz/hourly-ipv4,ziyadnz|hourly,2026-08-17T18:48:05Z,2026-08-17T18:48:05Z,
40.233.3.138,ipv4,malicious-ip,medium,WHITE,ziyadnz/hourly-ipv4,ziyadnz|hourly,2026-08-17T18:48:05Z,2026-08-17T18:48:05Z,
40.27.47.194,ipv4,malicious-ip,medium,WHITE,ziyadnz/hourly-ipv4,ziyadnz|hourly,2026-08-17T18:48:05Z,2026-08-17T18:48:05Z,
40.65.186.117,ipv4,malicious-ip,medium,WHITE,ziyadnz/hourly-ipv4,ziyadnz|hourly,2026-08-17T18:48:05Z,2026-08-17T18:48:05Z,
40.67.177.206,ipv4,malicious-ip,medium,WHITE,ziyadnz/hourly-ipv4,ziyadnz|hourly,2026-08-17T18:48:05Z,2026-08-17T18:48:05Z,
40.68.219.101,ipv4,malicious-ip,medium,WHITE,ziyadnz/hourly-ipv4,ziyadnz|hourly,2026-08-17T18:48:05Z,2026-08-17T18:48:05Z,
40.68.94.149,ipv4,malicious-ip,medium,WHITE,ziyadnz/hourly-ipv4,ziyadnz|hourly,2026-08-17T18:48:05Z,2026-08-17T18:48:05Z,
40.69.208.247,ipv4,malicious-ip,medium,WHITE,ziyadnz/hourly-ipv4,ziyadnz|hourly,2026-08-17T18:48:05Z,2026-08-17T18:48:05Z,
40.70.128.167,ipv4,malicious-ip,medium,WHITE,ziyadnz/hourly-ipv4,ziyadnz|hourly,2026-08-17T18:48:05Z,2026-08-17T18:48:05Z,
40.74.208.138,ipv4,malicious-ip,medium,WHITE,ziyadnz/hourly-ipv4,ziyadnz|hourly,2026-08-17T18:48:05Z,2026-08-17T18:48:05Z,
40.74.208.9,ipv4,malicious-ip,medium,WHITE,ziyadnz/hourly-ipv4,ziyadnz|hourly,2026-08-17T18:48:05Z,2026-08-17T18:48:05Z,
40.74.212.73,ipv4,malicious-ip,medium,WHITE,ziyadnz/hourly-ipv4,ziyadnz|hourly,2026-08-17T18:48:05Z,2026-08-17T18:48:05Z,
40.74.43.163,ipv4,malicious-ip,medium,WHITE,ziyadnz/hourly-ipv4,ziyadnz|hourly,2026-08-17T18:48:05Z,2026-08-17T18:48:05Z,
40.74.66.191,ipv4,malicious-ip,medium,WHITE,ziyadnz/hourly-ipv4,ziyadnz|hourly,2026-08-17T18:48:05Z,2026-08-17T18:48:05Z,
40.74.70.239,ipv4,malicious-ip,medium,WHITE,ziyadnz/hourly-ipv4,ziyadnz|hourly,2026-08-17T18:48:05Z,2026-08-17T18:48:05Z,
40.74.95.186,ipv4,malicious-ip,medium,WHITE,ziyadnz/hourly-ipv4,ziyadnz|hourly,2026-08-17T18:48:05Z,2026-08-17T18:48:05Z,
40.75.112.187,ipv4,malicious-ip,medium,WHITE,ziyadnz/hourly-ipv4,ziyadnz|hourly,2026-08-17T18:48:05Z,2026-08-17T18:48:05Z,
40.75.143.164,ipv4,malicious-ip,medium,WHITE,ziyadnz/hourly-ipv4,ziyadnz|hourly,2026-08-17T18:48:05Z,2026-08-17T18:48:05Z,
40.76.116.105,ipv4,malicious-ip,medium,WHITE,ziyadnz/hourly-ipv4,ziyadnz|hourly,2026-08-17T18:48:05Z,2026-08-17T18:48:05Z,
40.76.116.132,ipv4,malicious-ip,medium,WHITE,ziyadnz/hourly-ipv4,ziyadnz|hourly,2026-08-17T18:48:05Z,2026-08-17T18:48:05Z,
40.76.116.231,ipv4,malicious-ip,medium,WHITE,ziyadnz/hourly-ipv4,ziyadnz|hourly,2026-08-17T18:48:05Z,2026-08-17T18:48:05Z,
40.76.116.33,ipv4,malicious-ip,medium,WHITE,ziyadnz/hourly-ipv4,ziyadnz|hourly,2026-08-17T18:48:05Z,2026-08-17T18:48:05Z,
40.76.117.18,ipv4,malicious-ip,medium,WHITE,ziyadnz/hourly-ipv4,ziyadnz|hourly,2026-08-17T18:48:05Z,2026-08-17T18:48:05Z,
40.76.124.110,ipv4,malicious-ip,medium,WHITE,ziyadnz/hourly-ipv4,ziyadnz|hourly,2026-08-17T18:48:05Z,2026-08-17T18:48:05Z,
40.76.124.118,ipv4,malicious-ip,medium,WHITE,ziyadnz/hourly-ipv4,ziyadnz|hourly,2026-08-17T18:48:05Z,2026-08-17T18:48:05Z,
40.76.124.166,ipv4,malicious-ip,medium,WHITE,ziyadnz/hourly-ipv4,ziyadnz|hourly,2026-08-17T18:48:05Z,2026-08-17T18:48:05Z,
40.76.124.195,ipv4,malicious-ip,medium,WHITE,ziyadnz/hourly-ipv4,ziyadnz|hourly,2026-08-17T18:48:05Z,2026-08-17T18:48:05Z,
40.76.124.68,ipv4,malicious-ip,medium,WHITE,ziyadnz/hourly-ipv4,ziyadnz|hourly,2026-08-17T18:48:05Z,2026-08-17T18:48:05Z,
40.76.125.17,ipv4,malicious-ip,medium,WHITE,ziyadnz/hourly-ipv4,ziyadnz|hourly,2026-08-17T18:48:05Z,2026-08-17T18:48:05Z,
40.76.137.103,ipv4,malicious-ip,medium,WHITE,ziyadnz/hourly-ipv4,ziyadnz|hourly,2026-08-17T18:48:05Z,2026-08-17T18:48:05Z,
40.76.139.157,ipv4,malicious-ip,medium,WHITE,ziyadnz/hourly-ipv4,ziyadnz|hourly,2026-08-17T18:48:05Z,2026-08-17T18:48:05Z,
40.76.140.215,ipv4,malicious-ip,medium,WHITE,ziyadnz/hourly-ipv4,ziyadnz|hourly,2026-08-17T18:48:05Z,2026-08-17T18:48:05Z,
40.76.20.24,ipv4,malicious-ip,medium,WHITE,ziyadnz/hourly-ipv4,ziyadnz|hourly,2026-08-17T18:48:05Z,2026-08-17T18:48:05Z,
40.76.248.118,ipv4,malicious-ip,medium,WHITE,ziyadnz/hourly-ipv4,ziyadnz|hourly,2026-08-17T18:48:05Z,2026-08-17T18:48:05Z,
40.76.248.252,ipv4,malicious-ip,medium,WHITE,ziyadnz/hourly-ipv4,ziyadnz|hourly,2026-08-17T18:48:05Z,2026-08-17T18:48:05Z,
40.76.248.253,ipv4,malicious-ip,medium,WHITE,ziyadnz/hourly-ipv4,ziyadnz|hourly,2026-08-17T18:48:05Z,2026-08-17T18:48:05Z,
40.76.250.51,ipv4,malicious-ip,medium,WHITE,ziyadnz/hourly-ipv4,ziyadnz|hourly,2026-08-17T18:48:05Z,2026-08-17T18:48:05Z,
40.77.167.126,ipv4,malicious-ip,medium,WHITE,ziyadnz/hourly-ipv4,ziyadnz|hourly,2026-08-17T18:48:05Z,2026-08-17T18:48:05Z,
40.77.167.154,ipv4,malicious-ip,medium,WHITE,ziyadnz/hourly-ipv4,ziyadnz|hourly,2026-08-17T18:48:05Z,2026-08-17T18:48:05Z,
40.77.167.26,ipv4,malicious-ip,medium,WHITE,ziyadnz/hourly-ipv4,ziyadnz|hourly,2026-08-17T18:48:05Z,2026-08-17T18:48:05Z,
40.77.167.3,ipv4,malicious-ip,medium,WHITE,ziyadnz/hourly-ipv4,ziyadnz|hourly,2026-08-17T18:48:05Z,2026-08-17T18:48:05Z,
40.77.167.41,ipv4,malicious-ip,medium,WHITE,ziyadnz/hourly-ipv4,ziyadnz|hourly,2026-08-17T18:48:05Z,2026-08-17T18:48:05Z,
40.77.167.47,ipv4,malicious-ip,medium,WHITE,ziyadnz/hourly-ipv4,ziyadnz|hourly,2026-08-17T18:48:05Z,2026-08-17T18:48:05Z,
40.77.167.53,ipv4,malicious-ip,medium,WHITE,ziyadnz/hourly-ipv4,ziyadnz|hourly,2026-08-17T18:48:05Z,2026-08-17T18:48:05Z,
40.77.167.56,ipv4,malicious-ip,medium,WHITE,ziyadnz/hourly-ipv4,ziyadnz|hourly,2026-08-17T18:48:05Z,2026-08-17T18:48:05Z,
40.77.167.57,ipv4,malicious-ip,medium,WHITE,ziyadnz/hourly-ipv4,ziyadnz|hourly,2026-08-17T18:48:05Z,2026-08-17T18:48:05Z,
40.77.167.67,ipv4,malicious-ip,medium,WHITE,ziyadnz/hourly-ipv4,ziyadnz|hourly,2026-08-17T18:48:05Z,2026-08-17T18:48:05Z,
40.77.167.70,ipv4,malicious-ip,medium,WHITE,ziyadnz/hourly-ipv4,ziyadnz|hourly,2026-08-17T18:48:05Z,2026-08-17T18:48:05Z,
40.77.167.79,ipv4,malicious-ip,medium,WHITE,ziyadnz/hourly-ipv4,ziyadnz|hourly,2026-08-17T18:48:05Z,2026-08-17T18:48:05Z,
40.77.178.193,ipv4,malicious-ip,medium,WHITE,ziyadnz/hourly-ipv4,ziyadnz|hourly,2026-08-17T18:48:05Z,2026-08-17T18:48:05Z,
40.78.155.180,ipv4,malicious-ip,medium,WHITE,ziyadnz/hourly-ipv4,ziyadnz|hourly,2026-08-17T18:48:05Z,2026-08-17T18:48:05Z,
40.80.200.186,ipv4,malicious-ip,medium,WHITE,ziyadnz/hourly-ipv4,ziyadnz|hourly,2026-08-17T18:48:05Z,2026-08-17T18:48:05Z,
40.80.200.216,ipv4,malicious-ip,medium,WHITE,ziyadnz/hourly-ipv4,ziyadnz|hourly,2026-08-17T18:48:05Z,2026-08-17T18:48:05Z,
40.80.201.49,ipv4,malicious-ip,medium,WHITE,ziyadnz/hourly-ipv4,ziyadnz|hourly,2026-08-17T18:48:05Z,2026-08-17T18:48:05Z,
40.80.203.87,ipv4,malicious-ip,medium,WHITE,ziyadnz/hourly-ipv4,ziyadnz|hourly,2026-08-17T18:48:05Z,2026-08-17T18:48:05Z,
40.80.204.149,ipv4,malicious-ip,medium,WHITE,ziyadnz/hourly-ipv4,ziyadnz|hourly,2026-08-17T18:48:05Z,2026-08-17T18:48:05Z,
40.80.206.136,ipv4,malicious-ip,medium,WHITE,ziyadnz/hourly-ipv4,ziyadnz|hourly,2026-08-17T18:48:05Z,2026-08-17T18:48:05Z,
40.80.206.215,ipv4,malicious-ip,medium,WHITE,ziyadnz/hourly-ipv4,ziyadnz|hourly,2026-08-17T18:48:05Z,2026-08-17T18:48:05Z,
40.80.207.25,ipv4,malicious-ip,medium,WHITE,ziyadnz/hourly-ipv4,ziyadnz|hourly,2026-08-17T18:48:05Z,2026-08-17T18:48:05Z,
40.80.90.100,ipv4,malicious-ip,medium,WHITE,ziyadnz/hourly-ipv4,ziyadnz|hourly,2026-08-17T18:48:05Z,2026-08-17T18:48:05Z,
40.81.16.11,ipv4,malicious-ip,medium,WHITE,ziyadnz/hourly-ipv4,ziyadnz|hourly,2026-08-17T18:48:05Z,2026-08-17T18:48:05Z,
40.81.16.211,ipv4,malicious-ip,medium,WHITE,ziyadnz/hourly-ipv4,ziyadnz|hourly,2026-08-17T18:48:05Z,2026-08-17T18:48:05Z,
40.81.224.201,ipv4,malicious-ip,medium,WHITE,ziyadnz/hourly-ipv4,ziyadnz|hourly,2026-08-17T18:48:05Z,2026-08-17T18:48:05Z,
40.81.224.203,ipv4,malicious-ip,medium,WHITE,ziyadnz/hourly-ipv4,ziyadnz|hourly,2026-08-17T18:48:05Z,2026-08-17T18:48:05Z,
40.81.31.179,ipv4,malicious-ip,medium,WHITE,ziyadnz/hourly-ipv4,ziyadnz|hourly,2026-08-17T18:48:05Z,2026-08-17T18:48:05Z,
40.82.143.66,ipv4,malicious-ip,medium,WHITE,ziyadnz/hourly-ipv4,ziyadnz|hourly,2026-08-17T18:48:05Z,2026-08-17T18:48:05Z,
40.83.72.103,ipv4,malicious-ip,medium,WHITE,ziyadnz/hourly-ipv4,ziyadnz|hourly,2026-08-17T18:48:05Z,2026-08-17T18:48:05Z,
40.83.93.253,ipv4,malicious-ip,medium,WHITE,ziyadnz/hourly-ipv4,ziyadnz|hourly,2026-08-17T18:48:05Z,2026-08-17T18:48:05Z,
40.84.128.138,ipv4,malicious-ip,medium,WHITE,ziyadnz/hourly-ipv4,ziyadnz|hourly,2026-08-17T18:48:05Z,2026-08-17T18:48:05Z,
40.90.234.147,ipv4,malicious-ip,medium,WHITE,ziyadnz/hourly-ipv4,ziyadnz|hourly,2026-08-17T18:48:05Z,2026-08-17T18:48:05Z,
40.90.235.65,ipv4,malicious-ip,medium,WHITE,ziyadnz/hourly-ipv4,ziyadnz|hourly,2026-08-17T18:48:05Z,2026-08-17T18:48:05Z,
40.90.248.110,ipv4,malicious-ip,medium,WHITE,ziyadnz/hourly-ipv4,ziyadnz|hourly,2026-08-17T18:48:05Z,2026-08-17T18:48:05Z,
40.90.249.111,ipv4,malicious-ip,medium,WHITE,ziyadnz/hourly-ipv4,ziyadnz|hourly,2026-08-17T18:48:05Z,2026-08-17T18:48:05Z,
40.90.249.80,ipv4,malicious-ip,medium,WHITE,ziyadnz/hourly-ipv4,ziyadnz|hourly,2026-08-17T18:48:05Z,2026-08-17T18:48:05Z,
40.90.250.163,ipv4,malicious-ip,medium,WHITE,ziyadnz/hourly-ipv4,ziyadnz|hourly,2026-08-17T18:48:05Z,2026-08-17T18:48:05Z,
40.90.251.69,ipv4,malicious-ip,medium,WHITE,ziyadnz/hourly-ipv4,ziyadnz|hourly,2026-08-17T18:48:05Z,2026-08-17T18:48:05Z,
41.0.216.78,ipv4,malicious-ip,medium,WHITE,ziyadnz/hourly-ipv4,ziyadnz|hourly,2026-08-17T18:48:05Z,2026-08-17T18:48:05Z,
41.10.88.36,ipv4,malicious-ip,medium,WHITE,ziyadnz/hourly-ipv4,ziyadnz|hourly,2026-08-17T18:48:05Z,2026-08-17T18:48:05Z,
41.103.142.187,ipv4,malicious-ip,medium,WHITE,ziyadnz/hourly-ipv4,ziyadnz|hourly,2026-08-17T18:48:05Z,2026-08-17T18:48:05Z,
41.103.177.61,ipv4,malicious-ip,medium,WHITE,ziyadnz/hourly-ipv4,ziyadnz|hourly,2026-08-17T18:48:05Z,2026-08-17T18:48:05Z,
41.103.58.164,ipv4,malicious-ip,medium,WHITE,ziyadnz/hourly-ipv4,ziyadnz|hourly,2026-08-17T18:48:05Z,2026-08-17T18:48:05Z,
41.104.141.54,ipv4,malicious-ip,medium,WHITE,ziyadnz/hourly-ipv4,ziyadnz|hourly,2026-08-17T18:48:05Z,2026-08-17T18:48:05Z,
41.111.132.94,ipv4,malicious-ip,medium,WHITE,ziyadnz/hourly-ipv4,ziyadnz|hourly,2026-08-17T18:48:05Z,2026-08-17T18:48:05Z,
41.111.178.165,ipv4,malicious-ip,medium,WHITE,ziyadnz/hourly-ipv4,ziyadnz|hourly,2026-08-17T18:48:05Z,2026-08-17T18:48:05Z,
41.111.183.198,ipv4,malicious-ip,medium,WHITE,ziyadnz/hourly-ipv4,ziyadnz|hourly,2026-08-17T18:48:05Z,2026-08-17T18:48:05Z,
41.111.208.66,ipv4,malicious-ip,medium,WHITE,ziyadnz/hourly-ipv4,ziyadnz|hourly,2026-08-17T18:48:05Z,2026-08-17T18:48:05Z,
41.111.213.190,ipv4,malicious-ip,medium,WHITE,ziyadnz/hourly-ipv4,ziyadnz|hourly,2026-08-17T18:48:05Z,2026-08-17T18:48:05Z,
41.111.234.86,ipv4,malicious-ip,medium,WHITE,ziyadnz/hourly-ipv4,ziyadnz|hourly,2026-08-17T18:48:05Z,2026-08-17T18:48:05Z,
41.114.58.144,ipv4,malicious-ip,medium,WHITE,ziyadnz/hourly-ipv4,ziyadnz|hourly,2026-08-17T18:48:05Z,2026-08-17T18:48:05Z,
41.116.94.136,ipv4,malicious-ip,medium,WHITE,ziyadnz/hourly-ipv4,ziyadnz|hourly,2026-08-17T18:48:05Z,2026-08-17T18:48:05Z,
41.124.154.170,ipv4,malicious-ip,medium,WHITE,ziyadnz/hourly-ipv4,ziyadnz|hourly,2026-08-17T18:48:05Z,2026-08-17T18:48:05Z,
41.126.206.234,ipv4,malicious-ip,medium,WHITE,ziyadnz/hourly-ipv4,ziyadnz|hourly,2026-08-17T18:48:05Z,2026-08-17T18:48:05Z,
41.128.130.115,ipv4,malicious-ip,medium,WHITE,ziyadnz/hourly-ipv4,ziyadnz|hourly,2026-08-17T18:48:05Z,2026-08-17T18:48:05Z,
41.128.72.161,ipv4,malicious-ip,medium,WHITE,ziyadnz/hourly-ipv4,ziyadnz|hourly,2026-08-17T18:48:05Z,2026-08-17T18:48:05Z,
41.130.140.33,ipv4,malicious-ip,medium,WHITE,ziyadnz/hourly-ipv4,ziyadnz|hourly,2026-08-17T18:48:05Z,2026-08-17T18:48:05Z,
41.132.28.55,ipv4,malicious-ip,medium,WHITE,ziyadnz/hourly-ipv4,ziyadnz|hourly,2026-08-17T18:48:05Z,2026-08-17T18:48:05Z,
41.132.30.186,ipv4,malicious-ip,medium,WHITE,ziyadnz/hourly-ipv4,ziyadnz|hourly,2026-08-17T18:48:05Z,2026-08-17T18:48:05Z,
41.132.59.81,ipv4,malicious-ip,medium,WHITE,ziyadnz/hourly-ipv4,ziyadnz|hourly,2026-08-17T18:48:05Z,2026-08-17T18:48:05Z,
41.135.211.230,ipv4,malicious-ip,medium,WHITE,ziyadnz/hourly-ipv4,ziyadnz|hourly,2026-08-17T18:48:05Z,2026-08-17T18:48:05Z,
41.135.218.227,ipv4,malicious-ip,medium,WHITE,ziyadnz/hourly-ipv4,ziyadnz|hourly,2026-08-17T18:48:05Z,2026-08-17T18:48:05Z,
41.135.29.31,ipv4,malicious-ip,medium,WHITE,ziyadnz/hourly-ipv4,ziyadnz|hourly,2026-08-17T18:48:05Z,2026-08-17T18:48:05Z,
41.136.49.151,ipv4,malicious-ip,medium,WHITE,ziyadnz/hourly-ipv4,ziyadnz|hourly,2026-08-17T18:48:05Z,2026-08-17T18:48:05Z,
41.138.171.53,ipv4,malicious-ip,medium,WHITE,ziyadnz/hourly-ipv4,ziyadnz|hourly,2026-08-17T18:48:05Z,2026-08-17T18:48:05Z,
41.138.89.199,ipv4,malicious-ip,medium,WHITE,ziyadnz/hourly-ipv4,ziyadnz|hourly,2026-08-17T18:48:05Z,2026-08-17T18:48:05Z,
41.139.0.0,ipv4,malicious-ip,medium,WHITE,ziyadnz/hourly-ipv4,ziyadnz|hourly,2026-08-17T18:48:05Z,2026-08-17T18:48:05Z,
41.139.0.127,ipv4,malicious-ip,medium,WHITE,ziyadnz/hourly-ipv4,ziyadnz|hourly,2026-08-17T18:48:05Z,2026-08-17T18:48:05Z,
41.139.0.135,ipv4,malicious-ip,medium,WHITE,ziyadnz/hourly-ipv4,ziyadnz|hourly,2026-08-17T18:48:05Z,2026-08-17T18:48:05Z,
41.139.0.140,ipv4,malicious-ip,medium,WHITE,ziyadnz/hourly-ipv4,ziyadnz|hourly,2026-08-17T18:48:05Z,2026-08-17T18:48:05Z,
41.139.0.142,ipv4,malicious-ip,medium,WHITE,ziyadnz/hourly-ipv4,ziyadnz|hourly,2026-08-17T18:48:05Z,2026-08-17T18:48:05Z,
41.139.0.144,ipv4,malicious-ip,medium,WHITE,ziyadnz/hourly-ipv4,ziyadnz|hourly,2026-08-17T18:48:05Z,2026-08-17T18:48:05Z,
41.139.0.62,ipv4,malicious-ip,medium,WHITE,ziyadnz/hourly-ipv4,ziyadnz|hourly,2026-08-17T18:48:05Z,2026-08-17T18:48:05Z,
41.139.0.81,ipv4,malicious-ip,medium,WHITE,ziyadnz/hourly-ipv4,ziyadnz|hourly,2026-08-17T18:48:05Z,2026-08-17T18:48:05Z,
41.139.0.93,ipv4,malicious-ip,medium,WHITE,ziyadnz/hourly-ipv4,ziyadnz|hourly,2026-08-17T18:48:05Z,2026-08-17T18:48:05Z,
41.139.0.94,ipv4,malicious-ip,medium,WHITE,ziyadnz/hourly-ipv4,ziyadnz|hourly,2026-08-17T18:48:05Z,2026-08-17T18:48:05Z,
41.139.10.127,ipv4,malicious-ip,medium,WHITE,ziyadnz/hourly-ipv4,ziyadnz|hourly,2026-08-17T18:48:05Z,2026-08-17T18:48:05Z,
41.139.10.195,ipv4,malicious-ip,medium,WHITE,ziyadnz/hourly-ipv4,ziyadnz|hourly,2026-08-17T18:48:05Z,2026-08-17T18:48:05Z,
41.139.10.218,ipv4,malicious-ip,medium,WHITE,ziyadnz/hourly-ipv4,ziyadnz|hourly,2026-08-17T18:48:05Z,2026-08-17T18:48:05Z,
41.139.11.0,ipv4,malicious-ip,medium,WHITE,ziyadnz/hourly-ipv4,ziyadnz|hourly,2026-08-17T18:48:05Z,2026-08-17T18:48:05Z,
41.139.11.119,ipv4,malicious-ip,medium,WHITE,ziyadnz/hourly-ipv4,ziyadnz|hourly,2026-08-17T18:48:05Z,2026-08-17T18:48:05Z,
41.139.11.135,ipv4,malicious-ip,medium,WHITE,ziyadnz/hourly-ipv4,ziyadnz|hourly,2026-08-17T18:48:05Z,2026-08-17T18:48:05Z,
41.139.11.173,ipv4,malicious-ip,medium,WHITE,ziyadnz/hourly-ipv4,ziyadnz|hourly,2026-08-17T18:48:05Z,2026-08-17T18:48:05Z,
41.139.11.243,ipv4,malicious-ip,medium,WHITE,ziyadnz/hourly-ipv4,ziyadnz|hourly,2026-08-17T18:48:05Z,2026-08-17T18:48:05Z,
41.139.11.249,ipv4,malicious-ip,medium,WHITE,ziyadnz/hourly-ipv4,ziyadnz|hourly,2026-08-17T18:48:05Z,2026-08-17T18:48:05Z,
41.139.11.48,ipv4,malicious-ip,medium,WHITE,ziyadnz/hourly-ipv4,ziyadnz|hourly,2026-08-17T18:48:05Z,2026-08-17T18:48:05Z,
41.139.11.99,ipv4,malicious-ip,medium,WHITE,ziyadnz/hourly-ipv4,ziyadnz|hourly,2026-08-17T18:48:05Z,2026-08-17T18:48:05Z,
41.139.129.81,ipv4,malicious-ip,medium,WHITE,ziyadnz/hourly-ipv4,ziyadnz|hourly,2026-08-17T18:48:05Z,2026-08-17T18:48:05Z,
41.139.133.163,ipv4,malicious-ip,medium,WHITE,ziyadnz/hourly-ipv4,ziyadnz|hourly,2026-08-17T18:48:05Z,2026-08-17T18:48:05Z,
41.139.150.175,ipv4,malicious-ip,medium,WHITE,ziyadnz/hourly-ipv4,ziyadnz|hourly,2026-08-17T18:48:05Z,2026-08-17T18:48:05Z,
41.139.16.25,ipv4,malicious-ip,medium,WHITE,ziyadnz/hourly-ipv4,ziyadnz|hourly,2026-08-17T18:48:05Z,2026-08-17T18:48:05Z,
41.139.16.61,ipv4,malicious-ip,medium,WHITE,ziyadnz/hourly-ipv4,ziyadnz|hourly,2026-08-17T18:48:05Z,2026-08-17T18:48:05Z,
41.139.17.117,ipv4,malicious-ip,medium,WHITE,ziyadnz/hourly-ipv4,ziyadnz|hourly,2026-08-17T18:48:05Z,2026-08-17T18:48:05Z,
41.139.179.61,ipv4,malicious-ip,medium,WHITE,ziyadnz/hourly-ipv4,ziyadnz|hourly,2026-08-17T18:48:05Z,2026-08-17T18:48:05Z,
41.139.18.0,ipv4,malicious-ip,medium,WHITE,ziyadnz/hourly-ipv4,ziyadnz|hourly,2026-08-17T18:48:05Z,2026-08-17T18:48:05Z,
41.139.18.100,ipv4,malicious-ip,medium,WHITE,ziyadnz/hourly-ipv4,ziyadnz|hourly,2026-08-17T18:48:05Z,2026-08-17T18:48:05Z,
41.139.18.218,ipv4,malicious-ip,medium,WHITE,ziyadnz/hourly-ipv4,ziyadnz|hourly,2026-08-17T18:48:05Z,2026-08-17T18:48:05Z,
41.139.18.23,ipv4,malicious-ip,medium,WHITE,ziyadnz/hourly-ipv4,ziyadnz|hourly,2026-08-17T18:48:05Z,2026-08-17T18:48:05Z,
41.139.18.235,ipv4,malicious-ip,medium,WHITE,ziyadnz/hourly-ipv4,ziyadnz|hourly,2026-08-17T18:48:05Z,2026-08-17T18:48:05Z,
41.139.19.159,ipv4,malicious-ip,medium,WHITE,ziyadnz/hourly-ipv4,ziyadnz|hourly,2026-08-17T18:48:05Z,2026-08-17T18:48:05Z,
41.139.19.239,ipv4,malicious-ip,medium,WHITE,ziyadnz/hourly-ipv4,ziyadnz|hourly,2026-08-17T18:48:05Z,2026-08-17T18:48:05Z,
41.139.196.27,ipv4,malicious-ip,medium,WHITE,ziyadnz/hourly-ipv4,ziyadnz|hourly,2026-08-17T18:48:05Z,2026-08-17T18:48:05Z,
41.139.202.227,ipv4,malicious-ip,medium,WHITE,ziyadnz/hourly-ipv4,ziyadnz|hourly,2026-08-17T18:48:05Z,2026-08-17T18:48:05Z,
41.139.239.83,ipv4,malicious-ip,medium,WHITE,ziyadnz/hourly-ipv4,ziyadnz|hourly,2026-08-17T18:48:05Z,2026-08-17T18:48:05Z,
41.139.28.0,ipv4,malicious-ip,medium,WHITE,ziyadnz/hourly-ipv4,ziyadnz|hourly,2026-08-17T18:48:05Z,2026-08-17T18:48:05Z,
41.139.28.151,ipv4,malicious-ip,medium,WHITE,ziyadnz/hourly-ipv4,ziyadnz|hourly,2026-08-17T18:48:05Z,2026-08-17T18:48:05Z,
41.139.28.178,ipv4,malicious-ip,medium,WHITE,ziyadnz/hourly-ipv4,ziyadnz|hourly,2026-08-17T18:48:05Z,2026-08-17T18:48:05Z,
41.139.28.42,ipv4,malicious-ip,medium,WHITE,ziyadnz/hourly-ipv4,ziyadnz|hourly,2026-08-17T18:48:05Z,2026-08-17T18:48:05Z,
41.139.28.6,ipv4,malicious-ip,medium,WHITE,ziyadnz/hourly-ipv4,ziyadnz|hourly,2026-08-17T18:48:05Z,2026-08-17T18:48:05Z,
41.139.37.100,ipv4,malicious-ip,medium,WHITE,ziyadnz/hourly-ipv4,ziyadnz|hourly,2026-08-17T18:48:05Z,2026-08-17T18:48:05Z,
41.139.37.122,ipv4,malicious-ip,medium,WHITE,ziyadnz/hourly-ipv4,ziyadnz|hourly,2026-08-17T18:48:05Z,2026-08-17T18:48:05Z,
41.139.37.237,ipv4,malicious-ip,medium,WHITE,ziyadnz/hourly-ipv4,ziyadnz|hourly,2026-08-17T18:48:05Z,2026-08-17T18:48:05Z,
41.139.4.125,ipv4,malicious-ip,medium,WHITE,ziyadnz/hourly-ipv4,ziyadnz|hourly,2026-08-17T18:48:05Z,2026-08-17T18:48:05Z,
41.139.4.79,ipv4,malicious-ip,medium,WHITE,ziyadnz/hourly-ipv4,ziyadnz|hourly,2026-08-17T18:48:05Z,2026-08-17T18:48:05Z,
41.139.4.81,ipv4,malicious-ip,medium,WHITE,ziyadnz/hourly-ipv4,ziyadnz|hourly,2026-08-17T18:48:05Z,2026-08-17T18:48:05Z,
41.139.44.0,ipv4,malicious-ip,medium,WHITE,ziyadnz/hourly-ipv4,ziyadnz|hourly,2026-08-17T18:48:05Z,2026-08-17T18:48:05Z,
41.139.44.123,ipv4,malicious-ip,medium,WHITE,ziyadnz/hourly-ipv4,ziyadnz|hourly,2026-08-17T18:48:05Z,2026-08-17T18:48:05Z,
41.139.44.205,ipv4,malicious-ip,medium,WHITE,ziyadnz/hourly-ipv4,ziyadnz|hourly,2026-08-17T18:48:05Z,2026-08-17T18:48:05Z,
41.139.44.240,ipv4,malicious-ip,medium,WHITE,ziyadnz/hourly-ipv4,ziyadnz|hourly,2026-08-17T18:48:05Z,2026-08-17T18:48:05Z,
41.139.44.242,ipv4,malicious-ip,medium,WHITE,ziyadnz/hourly-ipv4,ziyadnz|hourly,2026-08-17T18:48:05Z,2026-08-17T18:48:05Z,
41.139.44.31,ipv4,malicious-ip,medium,WHITE,ziyadnz/hourly-ipv4,ziyadnz|hourly,2026-08-17T18:48:05Z,2026-08-17T18:48:05Z,
41.139.47.0,ipv4,malicious-ip,medium,WHITE,ziyadnz/hourly-ipv4,ziyadnz|hourly,2026-08-17T18:48:05Z,2026-08-17T18:48:05Z,
41.139.47.190,ipv4,malicious-ip,medium,WHITE,ziyadnz/hourly-ipv4,ziyadnz|hourly,2026-08-17T18:48:05Z,2026-08-17T18:48:05Z,
41.139.47.196,ipv4,malicious-ip,medium,WHITE,ziyadnz/hourly-ipv4,ziyadnz|hourly,2026-08-17T18:48:05Z,2026-08-17T18:48:05Z,
41.139.47.201,ipv4,malicious-ip,medium,WHITE,ziyadnz/hourly-ipv4,ziyadnz|hourly,2026-08-17T18:48:05Z,2026-08-17T18:48:05Z,
41.139.47.230,ipv4,malicious-ip,medium,WHITE,ziyadnz/hourly-ipv4,ziyadnz|hourly,2026-08-17T18:48:05Z,2026-08-17T18:48:05Z,
41.139.47.235,ipv4,malicious-ip,medium,WHITE,ziyadnz/hourly-ipv4,ziyadnz|hourly,2026-08-17T18:48:05Z,2026-08-17T18:48:05Z,
41.139.47.243,ipv4,malicious-ip,medium,WHITE,ziyadnz/hourly-ipv4,ziyadnz|hourly,2026-08-17T18:48:05Z,2026-08-17T18:48:05Z,
41.139.5.0,ipv4,malicious-ip,medium,WHITE,ziyadnz/hourly-ipv4,ziyadnz|hourly,2026-08-17T18:48:05Z,2026-08-17T18:48:05Z,
41.139.5.160,ipv4,malicious-ip,medium,WHITE,ziyadnz/hourly-ipv4,ziyadnz|hourly,2026-08-17T18:48:05Z,2026-08-17T18:48:05Z,
41.139.5.210,ipv4,malicious-ip,medium,WHITE,ziyadnz/hourly-ipv4,ziyadnz|hourly,2026-08-17T18:48:05Z,2026-08-17T18:48:05Z,
41.139.5.223,ipv4,malicious-ip,medium,WHITE,ziyadnz/hourly-ipv4,ziyadnz|hourly,2026-08-17T18:48:05Z,2026-08-17T18:48:05Z,
41.139.5.242,ipv4,malicious-ip,medium,WHITE,ziyadnz/hourly-ipv4,ziyadnz|hourly,2026-08-17T18:48:05Z,2026-08-17T18:48:05Z,
41.139.60.247,ipv4,malicious-ip,medium,WHITE,ziyadnz/hourly-ipv4,ziyadnz|hourly,2026-08-17T18:48:05Z,2026-08-17T18:48:05Z,
41.139.60.62,ipv4,malicious-ip,medium,WHITE,ziyadnz/hourly-ipv4,ziyadnz|hourly,2026-08-17T18:48:05Z,2026-08-17T18:48:05Z,
41.139.8.46,ipv4,malicious-ip,medium,WHITE,ziyadnz/hourly-ipv4,ziyadnz|hourly,2026-08-17T18:48:05Z,2026-08-17T18:48:05Z,
41.139.8.49,ipv4,malicious-ip,medium,WHITE,ziyadnz/hourly-ipv4,ziyadnz|hourly,2026-08-17T18:48:05Z,2026-08-17T18:48:05Z,
41.139.9.5,ipv4,malicious-ip,medium,WHITE,ziyadnz/hourly-ipv4,ziyadnz|hourly,2026-08-17T18:48:05Z,2026-08-17T18:48:05Z,
41.141.181.181,ipv4,malicious-ip,medium,WHITE,ziyadnz/hourly-ipv4,ziyadnz|hourly,2026-08-17T18:48:05Z,2026-08-17T18:48:05Z,
41.141.186.17,ipv4,malicious-ip,medium,WHITE,ziyadnz/hourly-ipv4,ziyadnz|hourly,2026-08-17T18:48:05Z,2026-08-17T18:48:05Z,
41.142.250.82,ipv4,malicious-ip,medium,WHITE,ziyadnz/hourly-ipv4,ziyadnz|hourly,2026-08-17T18:48:05Z,2026-08-17T18:48:05Z,
41.143.15.205,ipv4,malicious-ip,medium,WHITE,ziyadnz/hourly-ipv4,ziyadnz|hourly,2026-08-17T18:48:05Z,2026-08-17T18:48:05Z,
41.143.24.50,ipv4,malicious-ip,medium,WHITE,ziyadnz/hourly-ipv4,ziyadnz|hourly,2026-08-17T18:48:05Z,2026-08-17T18:48:05Z,
41.153.30.107,ipv4,malicious-ip,medium,WHITE,ziyadnz/hourly-ipv4,ziyadnz|hourly,2026-08-17T18:48:05Z,2026-08-17T18:48:05Z,
41.153.30.124,ipv4,malicious-ip,medium,WHITE,ziyadnz/hourly-ipv4,ziyadnz|hourly,2026-08-17T18:48:05Z,2026-08-17T18:48:05Z,
41.155.0.38,ipv4,malicious-ip,medium,WHITE,ziyadnz/hourly-ipv4,ziyadnz|hourly,2026-08-17T18:48:05Z,2026-08-17T18:48:05Z,
41.157.194.107,ipv4,malicious-ip,medium,WHITE,ziyadnz/hourly-ipv4,ziyadnz|hourly,2026-08-17T18:48:05Z,2026-08-17T18:48:05Z,
41.158.224.228,ipv4,malicious-ip,medium,WHITE,ziyadnz/hourly-ipv4,ziyadnz|hourly,2026-08-17T18:48:05Z,2026-08-17T18:48:05Z,
41.159.30.221,ipv4,malicious-ip,medium,WHITE,ziyadnz/hourly-ipv4,ziyadnz|hourly,2026-08-17T18:48:05Z,2026-08-17T18:48:05Z,
41.160.51.244,ipv4,malicious-ip,medium,WHITE,ziyadnz/hourly-ipv4,ziyadnz|hourly,2026-08-17T18:48:05Z,2026-08-17T18:48:05Z,
41.162.56.37,ipv4,malicious-ip,medium,WHITE,ziyadnz/hourly-ipv4,ziyadnz|hourly,2026-08-17T18:48:05Z,2026-08-17T18:48:05Z,
41.162.88.82,ipv4,malicious-ip,medium,WHITE,ziyadnz/hourly-ipv4,ziyadnz|hourly,2026-08-17T18:48:05Z,2026-08-17T18:48:05Z,
41.168.10.139,ipv4,malicious-ip,medium,WHITE,ziyadnz/hourly-ipv4,ziyadnz|hourly,2026-08-17T18:48:05Z,2026-08-17T18:48:05Z,
41.170.33.85,ipv4,malicious-ip,medium,WHITE,ziyadnz/hourly-ipv4,ziyadnz|hourly,2026-08-17T18:48:05Z,2026-08-17T18:48:05Z,
41.173.177.50,ipv4,malicious-ip,medium,WHITE,ziyadnz/hourly-ipv4,ziyadnz|hourly,2026-08-17T18:48:05Z,2026-08-17T18:48:05Z,
41.173.236.119,ipv4,malicious-ip,medium,WHITE,ziyadnz/hourly-ipv4,ziyadnz|hourly,2026-08-17T18:48:05Z,2026-08-17T18:48:05Z,
41.173.37.99,ipv4,malicious-ip,medium,WHITE,ziyadnz/hourly-ipv4,ziyadnz|hourly,2026-08-17T18:48:05Z,2026-08-17T18:48:05Z,
41.174.111.231,ipv4,malicious-ip,medium,WHITE,ziyadnz/hourly-ipv4,ziyadnz|hourly,2026-08-17T18:48:05Z,2026-08-17T18:48:05Z,
41.174.84.149,ipv4,malicious-ip,medium,WHITE,ziyadnz/hourly-ipv4,ziyadnz|hourly,2026-08-17T18:48:05Z,2026-08-17T18:48:05Z,
41.174.84.218,ipv4,malicious-ip,medium,WHITE,ziyadnz/hourly-ipv4,ziyadnz|hourly,2026-08-17T18:48:05Z,2026-08-17T18:48:05Z,
41.174.94.210,ipv4,malicious-ip,medium,WHITE,ziyadnz/hourly-ipv4,ziyadnz|hourly,2026-08-17T18:48:05Z,2026-08-17T18:48:05Z,
41.175.143.216,ipv4,malicious-ip,medium,WHITE,ziyadnz/hourly-ipv4,ziyadnz|hourly,2026-08-17T18:48:05Z,2026-08-17T18:48:05Z,
41.178.230.115,ipv4,malicious-ip,medium,WHITE,ziyadnz/hourly-ipv4,ziyadnz|hourly,2026-08-17T18:48:05Z,2026-08-17T18:48:05Z,
41.182.167.52,ipv4,malicious-ip,medium,WHITE,ziyadnz/hourly-ipv4,ziyadnz|hourly,2026-08-17T18:48:05Z,2026-08-17T18:48:05Z,
41.182.188.220,ipv4,malicious-ip,medium,WHITE,ziyadnz/hourly-ipv4,ziyadnz|hourly,2026-08-17T18:48:05Z,2026-08-17T18:48:05Z,
41.182.85.17,ipv4,malicious-ip,medium,WHITE,ziyadnz/hourly-ipv4,ziyadnz|hourly,2026-08-17T18:48:05Z,2026-08-17T18:48:05Z,
41.184.176.185,ipv4,malicious-ip,medium,WHITE,ziyadnz/hourly-ipv4,ziyadnz|hourly,2026-08-17T18:48:05Z,2026-08-17T18:48:05Z,
41.184.55.66,ipv4,malicious-ip,medium,WHITE,ziyadnz/hourly-ipv4,ziyadnz|hourly,2026-08-17T18:48:05Z,2026-08-17T18:48:05Z,
41.186.188.100,ipv4,malicious-ip,medium,WHITE,ziyadnz/hourly-ipv4,ziyadnz|hourly,2026-08-17T18:48:05Z,2026-08-17T18:48:05Z,
41.188.115.83,ipv4,malicious-ip,medium,WHITE,ziyadnz/hourly-ipv4,ziyadnz|hourly,2026-08-17T18:48:05Z,2026-08-17T18:48:05Z,
41.188.43.53,ipv4,malicious-ip,medium,WHITE,ziyadnz/hourly-ipv4,ziyadnz|hourly,2026-08-17T18:48:05Z,2026-08-17T18:48:05Z,
41.189.41.243,ipv4,malicious-ip,medium,WHITE,ziyadnz/hourly-ipv4,ziyadnz|hourly,2026-08-17T18:48:05Z,2026-08-17T18:48:05Z,
41.190.130.26,ipv4,malicious-ip,medium,WHITE,ziyadnz/hourly-ipv4,ziyadnz|hourly,2026-08-17T18:48:05Z,2026-08-17T18:48:05Z,
41.190.134.37,ipv4,malicious-ip,medium,WHITE,ziyadnz/hourly-ipv4,ziyadnz|hourly,2026-08-17T18:48:05Z,2026-08-17T18:48:05Z,
41.191.229.226,ipv4,malicious-ip,medium,WHITE,ziyadnz/hourly-ipv4,ziyadnz|hourly,2026-08-17T18:48:05Z,2026-08-17T18:48:05Z,
41.191.231.170,ipv4,malicious-ip,medium,WHITE,ziyadnz/hourly-ipv4,ziyadnz|hourly,2026-08-17T18:48:05Z,2026-08-17T18:48:05Z,
41.193.100.133,ipv4,malicious-ip,medium,WHITE,ziyadnz/hourly-ipv4,ziyadnz|hourly,2026-08-17T18:48:05Z,2026-08-17T18:48:05Z,
41.193.115.192,ipv4,malicious-ip,medium,WHITE,ziyadnz/hourly-ipv4,ziyadnz|hourly,2026-08-17T18:48:05Z,2026-08-17T18:48:05Z,
41.193.124.82,ipv4,malicious-ip,medium,WHITE,ziyadnz/hourly-ipv4,ziyadnz|hourly,2026-08-17T18:48:05Z,2026-08-17T18:48:05Z,
41.193.154.189,ipv4,malicious-ip,medium,WHITE,ziyadnz/hourly-ipv4,ziyadnz|hourly,2026-08-17T18:48:05Z,2026-08-17T18:48:05Z,
41.193.169.199,ipv4,malicious-ip,medium,WHITE,ziyadnz/hourly-ipv4,ziyadnz|hourly,2026-08-17T18:48:05Z,2026-08-17T18:48:05Z,
41.193.214.130,ipv4,malicious-ip,medium,WHITE,ziyadnz/hourly-ipv4,ziyadnz|hourly,2026-08-17T18:48:05Z,2026-08-17T18:48:05Z,
41.193.244.73,ipv4,malicious-ip,medium,WHITE,ziyadnz/hourly-ipv4,ziyadnz|hourly,2026-08-17T18:48:05Z,2026-08-17T18:48:05Z,
41.193.97.13,ipv4,malicious-ip,medium,WHITE,ziyadnz/hourly-ipv4,ziyadnz|hourly,2026-08-17T18:48:05Z,2026-08-17T18:48:05Z,
41.198.141.91,ipv4,malicious-ip,medium,WHITE,ziyadnz/hourly-ipv4,ziyadnz|hourly,2026-08-17T18:48:05Z,2026-08-17T18:48:05Z,
41.198.154.108,ipv4,malicious-ip,medium,WHITE,ziyadnz/hourly-ipv4,ziyadnz|hourly,2026-08-17T18:48:05Z,2026-08-17T18:48:05Z,
41.198.155.34,ipv4,malicious-ip,medium,WHITE,ziyadnz/hourly-ipv4,ziyadnz|hourly,2026-08-17T18:48:05Z,2026-08-17T18:48:05Z,
41.198.159.59,ipv4,malicious-ip,medium,WHITE,ziyadnz/hourly-ipv4,ziyadnz|hourly,2026-08-17T18:48:05Z,2026-08-17T18:48:05Z,
41.198.159.61,ipv4,malicious-ip,medium,WHITE,ziyadnz/hourly-ipv4,ziyadnz|hourly,2026-08-17T18:48:05Z,2026-08-17T18:48:05Z,
41.198.164.195,ipv4,malicious-ip,medium,WHITE,ziyadnz/hourly-ipv4,ziyadnz|hourly,2026-08-17T18:48:05Z,2026-08-17T18:48:05Z,
41.198.165.63,ipv4,malicious-ip,medium,WHITE,ziyadnz/hourly-ipv4,ziyadnz|hourly,2026-08-17T18:48:05Z,2026-08-17T18:48:05Z,
41.198.165.64,ipv4,malicious-ip,medium,WHITE,ziyadnz/hourly-ipv4,ziyadnz|hourly,2026-08-17T18:48:05Z,2026-08-17T18:48:05Z,
41.203.212.53,ipv4,malicious-ip,medium,WHITE,ziyadnz/hourly-ipv4,ziyadnz|hourly,2026-08-17T18:48:05Z,2026-08-17T18:48:05Z,
41.203.212.69,ipv4,malicious-ip,medium,WHITE,ziyadnz/hourly-ipv4,ziyadnz|hourly,2026-08-17T18:48:05Z,2026-08-17T18:48:05Z,
41.203.213.8,ipv4,malicious-ip,medium,WHITE,ziyadnz/hourly-ipv4,ziyadnz|hourly,2026-08-17T18:48:05Z,2026-08-17T18:48:05Z,
41.203.84.45,ipv4,malicious-ip,medium,WHITE,ziyadnz/hourly-ipv4,ziyadnz|hourly,2026-08-17T18:48:05Z,2026-08-17T18:48:05Z,
41.204.32.189,ipv4,malicious-ip,medium,WHITE,ziyadnz/hourly-ipv4,ziyadnz|hourly,2026-08-17T18:48:05Z,2026-08-17T18:48:05Z,
41.204.75.246,ipv4,malicious-ip,medium,WHITE,ziyadnz/hourly-ipv4,ziyadnz|hourly,2026-08-17T18:48:05Z,2026-08-17T18:48:05Z,
41.204.82.238,ipv4,malicious-ip,medium,WHITE,ziyadnz/hourly-ipv4,ziyadnz|hourly,2026-08-17T18:48:05Z,2026-08-17T18:48:05Z,
41.207.20.82,ipv4,malicious-ip,medium,WHITE,ziyadnz/hourly-ipv4,ziyadnz|hourly,2026-08-17T18:48:05Z,2026-08-17T18:48:05Z,
41.209.10.180,ipv4,malicious-ip,medium,WHITE,ziyadnz/hourly-ipv4,ziyadnz|hourly,2026-08-17T18:48:05Z,2026-08-17T18:48:05Z,
41.209.10.242,ipv4,malicious-ip,medium,WHITE,ziyadnz/hourly-ipv4,ziyadnz|hourly,2026-08-17T18:48:05Z,2026-08-17T18:48:05Z,
41.209.3.94,ipv4,malicious-ip,medium,WHITE,ziyadnz/hourly-ipv4,ziyadnz|hourly,2026-08-17T18:48:05Z,2026-08-17T18:48:05Z,
41.209.9.69,ipv4,malicious-ip,medium,WHITE,ziyadnz/hourly-ipv4,ziyadnz|hourly,2026-08-17T18:48:05Z,2026-08-17T18:48:05Z,
41.209.9.98,ipv4,malicious-ip,medium,WHITE,ziyadnz/hourly-ipv4,ziyadnz|hourly,2026-08-17T18:48:05Z,2026-08-17T18:48:05Z,
41.209.92.39,ipv4,malicious-ip,medium,WHITE,ziyadnz/hourly-ipv4,ziyadnz|hourly,2026-08-17T18:48:05Z,2026-08-17T18:48:05Z,
41.210.131.212,ipv4,malicious-ip,medium,WHITE,ziyadnz/hourly-ipv4,ziyadnz|hourly,2026-08-17T18:48:05Z,2026-08-17T18:48:05Z,
41.210.138.218,ipv4,malicious-ip,medium,WHITE,ziyadnz/hourly-ipv4,ziyadnz|hourly,2026-08-17T18:48:05Z,2026-08-17T18:48:05Z,
41.210.142.151,ipv4,malicious-ip,medium,WHITE,ziyadnz/hourly-ipv4,ziyadnz|hourly,2026-08-17T18:48:05Z,2026-08-17T18:48:05Z,
41.210.145.149,ipv4,malicious-ip,medium,WHITE,ziyadnz/hourly-ipv4,ziyadnz|hourly,2026-08-17T18:48:05Z,2026-08-17T18:48:05Z,
41.210.154.207,ipv4,malicious-ip,medium,WHITE,ziyadnz/hourly-ipv4,ziyadnz|hourly,2026-08-17T18:48:05Z,2026-08-17T18:48:05Z,
41.210.157.130,ipv4,malicious-ip,medium,WHITE,ziyadnz/hourly-ipv4,ziyadnz|hourly,2026-08-17T18:48:05Z,2026-08-17T18:48:05Z,
41.211.16.0,ipv4,malicious-ip,medium,WHITE,ziyadnz/hourly-ipv4,ziyadnz|hourly,2026-08-17T18:48:05Z,2026-08-17T18:48:05Z,
41.211.16.117,ipv4,malicious-ip,medium,WHITE,ziyadnz/hourly-ipv4,ziyadnz|hourly,2026-08-17T18:48:05Z,2026-08-17T18:48:05Z,
41.211.16.124,ipv4,malicious-ip,medium,WHITE,ziyadnz/hourly-ipv4,ziyadnz|hourly,2026-08-17T18:48:05Z,2026-08-17T18:48:05Z,
41.211.16.153,ipv4,malicious-ip,medium,WHITE,ziyadnz/hourly-ipv4,ziyadnz|hourly,2026-08-17T18:48:05Z,2026-08-17T18:48:05Z,
41.211.16.169,ipv4,malicious-ip,medium,WHITE,ziyadnz/hourly-ipv4,ziyadnz|hourly,2026-08-17T18:48:05Z,2026-08-17T18:48:05Z,
41.211.16.179,ipv4,malicious-ip,medium,WHITE,ziyadnz/hourly-ipv4,ziyadnz|hourly,2026-08-17T18:48:05Z,2026-08-17T18:48:05Z,
41.211.16.233,ipv4,malicious-ip,medium,WHITE,ziyadnz/hourly-ipv4,ziyadnz|hourly,2026-08-17T18:48:05Z,2026-08-17T18:48:05Z,
41.211.21.11,ipv4,malicious-ip,medium,WHITE,ziyadnz/hourly-ipv4,ziyadnz|hourly,2026-08-17T18:48:05Z,2026-08-17T18:48:05Z,
41.211.21.18,ipv4,malicious-ip,medium,WHITE,ziyadnz/hourly-ipv4,ziyadnz|hourly,2026-08-17T18:48:05Z,2026-08-17T18:48:05Z,
41.211.24.126,ipv4,malicious-ip,medium,WHITE,ziyadnz/hourly-ipv4,ziyadnz|hourly,2026-08-17T18:48:05Z,2026-08-17T18:48:05Z,
41.211.4.0,ipv4,malicious-ip,medium,WHITE,ziyadnz/hourly-ipv4,ziyadnz|hourly,2026-08-17T18:48:05Z,2026-08-17T18:48:05Z,
41.211.4.215,ipv4,malicious-ip,medium,WHITE,ziyadnz/hourly-ipv4,ziyadnz|hourly,2026-08-17T18:48:05Z,2026-08-17T18:48:05Z,
41.211.4.226,ipv4,malicious-ip,medium,WHITE,ziyadnz/hourly-ipv4,ziyadnz|hourly,2026-08-17T18:48:05Z,2026-08-17T18:48:05Z,
41.211.4.245,ipv4,malicious-ip,medium,WHITE,ziyadnz/hourly-ipv4,ziyadnz|hourly,2026-08-17T18:48:05Z,2026-08-17T18:48:05Z,
41.211.4.249,ipv4,malicious-ip,medium,WHITE,ziyadnz/hourly-ipv4,ziyadnz|hourly,2026-08-17T18:48:05Z,2026-08-17T18:48:05Z,
41.211.4.53,ipv4,malicious-ip,medium,WHITE,ziyadnz/hourly-ipv4,ziyadnz|hourly,2026-08-17T18:48:05Z,2026-08-17T18:48:05Z,
41.212.98.200,ipv4,malicious-ip,medium,WHITE,ziyadnz/hourly-ipv4,ziyadnz|hourly,2026-08-17T18:48:05Z,2026-08-17T18:48:05Z,
41.213.162.15,ipv4,malicious-ip,medium,WHITE,ziyadnz/hourly-ipv4,ziyadnz|hourly,2026-08-17T18:48:05Z,2026-08-17T18:48:05Z,
41.214.3.174,ipv4,malicious-ip,medium,WHITE,ziyadnz/hourly-ipv4,ziyadnz|hourly,2026-08-17T18:48:05Z,2026-08-17T18:48:05Z,
41.214.44.152,ipv4,malicious-ip,medium,WHITE,ziyadnz/hourly-ipv4,ziyadnz|hourly,2026-08-17T18:48:05Z,2026-08-17T18:48:05Z,
41.214.55.235,ipv4,malicious-ip,medium,WHITE,ziyadnz/hourly-ipv4,ziyadnz|hourly,2026-08-17T18:48:05Z,2026-08-17T18:48:05Z,
41.215.125.250,ipv4,malicious-ip,medium,WHITE,ziyadnz/hourly-ipv4,ziyadnz|hourly,2026-08-17T18:48:05Z,2026-08-17T18:48:05Z,
41.215.128.124,ipv4,malicious-ip,medium,WHITE,ziyadnz/hourly-ipv4,ziyadnz|hourly,2026-08-17T18:48:05Z,2026-08-17T18:48:05Z,
41.215.13.130,ipv4,malicious-ip,medium,WHITE,ziyadnz/hourly-ipv4,ziyadnz|hourly,2026-08-17T18:48:05Z,2026-08-17T18:48:05Z,
41.215.235.113,ipv4,malicious-ip,medium,WHITE,ziyadnz/hourly-ipv4,ziyadnz|hourly,2026-08-17T18:48:05Z,2026-08-17T18:48:05Z,
41.215.28.241,ipv4,malicious-ip,medium,WHITE,ziyadnz/hourly-ipv4,ziyadnz|hourly,2026-08-17T18:48:05Z,2026-08-17T18:48:05Z,
41.215.37.30,ipv4,malicious-ip,medium,WHITE,ziyadnz/hourly-ipv4,ziyadnz|hourly,2026-08-17T18:48:05Z,2026-08-17T18:48:05Z,
41.215.80.74,ipv4,malicious-ip,medium,WHITE,ziyadnz/hourly-ipv4,ziyadnz|hourly,2026-08-17T18:48:05Z,2026-08-17T18:48:05Z,
41.215.89.71,ipv4,malicious-ip,medium,WHITE,ziyadnz/hourly-ipv4,ziyadnz|hourly,2026-08-17T18:48:05Z,2026-08-17T18:48:05Z,
41.216.120.177,ipv4,malicious-ip,medium,WHITE,ziyadnz/hourly-ipv4,ziyadnz|hourly,2026-08-17T18:48:05Z,2026-08-17T18:48:05Z,
41.216.178.69,ipv4,malicious-ip,medium,WHITE,ziyadnz/hourly-ipv4,ziyadnz|hourly,2026-08-17T18:48:05Z,2026-08-17T18:48:05Z,
41.216.183.49,ipv4,malicious-ip,medium,WHITE,ziyadnz/hourly-ipv4,ziyadnz|hourly,2026-08-17T18:48:05Z,2026-08-17T18:48:05Z,
41.216.188.205,ipv4,malicious-ip,medium,WHITE,ziyadnz/hourly-ipv4,ziyadnz|hourly,2026-08-17T18:48:05Z,2026-08-17T18:48:05Z,
41.216.188.218,ipv4,malicious-ip,medium,WHITE,ziyadnz/hourly-ipv4,ziyadnz|hourly,2026-08-17T18:48:05Z,2026-08-17T18:48:05Z,
41.216.188.36,ipv4,malicious-ip,medium,WHITE,ziyadnz/hourly-ipv4,ziyadnz|hourly,2026-08-17T18:48:05Z,2026-08-17T18:48:05Z,
41.216.189.234,ipv4,malicious-ip,medium,WHITE,ziyadnz/hourly-ipv4,ziyadnz|hourly,2026-08-17T18:48:05Z,2026-08-17T18:48:05Z,
41.216.189.88,ipv4,malicious-ip,medium,WHITE,ziyadnz/hourly-ipv4,ziyadnz|hourly,2026-08-17T18:48:05Z,2026-08-17T18:48:05Z,
41.216.209.2,ipv4,malicious-ip,medium,WHITE,ziyadnz/hourly-ipv4,ziyadnz|hourly,2026-08-17T18:48:05Z,2026-08-17T18:48:05Z,
41.216.210.34,ipv4,malicious-ip,medium,WHITE,ziyadnz/hourly-ipv4,ziyadnz|hourly,2026-08-17T18:48:05Z,2026-08-17T18:48:05Z,
41.216.210.37,ipv4,malicious-ip,medium,WHITE,ziyadnz/hourly-ipv4,ziyadnz|hourly,2026-08-17T18:48:05Z,2026-08-17T18:48:05Z,
41.216.210.54,ipv4,malicious-ip,medium,WHITE,ziyadnz/hourly-ipv4,ziyadnz|hourly,2026-08-17T18:48:05Z,2026-08-17T18:48:05Z,
41.216.211.0,ipv4,malicious-ip,medium,WHITE,ziyadnz/hourly-ipv4,ziyadnz|hourly,2026-08-17T18:48:05Z,2026-08-17T18:48:05Z,
41.216.211.66,ipv4,malicious-ip,medium,WHITE,ziyadnz/hourly-ipv4,ziyadnz|hourly,2026-08-17T18:48:05Z,2026-08-17T18:48:05Z,
41.216.211.67,ipv4,malicious-ip,medium,WHITE,ziyadnz/hourly-ipv4,ziyadnz|hourly,2026-08-17T18:48:05Z,2026-08-17T18:48:05Z,
41.216.211.69,ipv4,malicious-ip,medium,WHITE,ziyadnz/hourly-ipv4,ziyadnz|hourly,2026-08-17T18:48:05Z,2026-08-17T18:48:05Z,
41.216.211.94,ipv4,malicious-ip,medium,WHITE,ziyadnz/hourly-ipv4,ziyadnz|hourly,2026-08-17T18:48:05Z,2026-08-17T18:48:05Z,
41.216.213.0,ipv4,malicious-ip,medium,WHITE,ziyadnz/hourly-ipv4,ziyadnz|hourly,2026-08-17T18:48:05Z,2026-08-17T18:48:05Z,
41.216.213.12,ipv4,malicious-ip,medium,WHITE,ziyadnz/hourly-ipv4,ziyadnz|hourly,2026-08-17T18:48:05Z,2026-08-17T18:48:05Z,
41.216.213.131,ipv4,malicious-ip,medium,WHITE,ziyadnz/hourly-ipv4,ziyadnz|hourly,2026-08-17T18:48:05Z,2026-08-17T18:48:05Z,
41.216.213.138,ipv4,malicious-ip,medium,WHITE,ziyadnz/hourly-ipv4,ziyadnz|hourly,2026-08-17T18:48:05Z,2026-08-17T18:48:05Z,
41.216.213.15,ipv4,malicious-ip,medium,WHITE,ziyadnz/hourly-ipv4,ziyadnz|hourly,2026-08-17T18:48:05Z,2026-08-17T18:48:05Z,
41.216.213.44,ipv4,malicious-ip,medium,WHITE,ziyadnz/hourly-ipv4,ziyadnz|hourly,2026-08-17T18:48:05Z,2026-08-17T18:48:05Z,
41.216.213.53,ipv4,malicious-ip,medium,WHITE,ziyadnz/hourly-ipv4,ziyadnz|hourly,2026-08-17T18:48:05Z,2026-08-17T18:48:05Z,
41.216.214.226,ipv4,malicious-ip,medium,WHITE,ziyadnz/hourly-ipv4,ziyadnz|hourly,2026-08-17T18:48:05Z,2026-08-17T18:48:05Z,
41.216.214.29,ipv4,malicious-ip,medium,WHITE,ziyadnz/hourly-ipv4,ziyadnz|hourly,2026-08-17T18:48:05Z,2026-08-17T18:48:05Z,
41.216.215.131,ipv4,malicious-ip,medium,WHITE,ziyadnz/hourly-ipv4,ziyadnz|hourly,2026-08-17T18:48:05Z,2026-08-17T18:48:05Z,
41.216.215.133,ipv4,malicious-ip,medium,WHITE,ziyadnz/hourly-ipv4,ziyadnz|hourly,2026-08-17T18:48:05Z,2026-08-17T18:48:05Z,
41.216.215.138,ipv4,malicious-ip,medium,WHITE,ziyadnz/hourly-ipv4,ziyadnz|hourly,2026-08-17T18:48:05Z,2026-08-17T18:48:05Z,
41.216.215.142,ipv4,malicious-ip,medium,WHITE,ziyadnz/hourly-ipv4,ziyadnz|hourly,2026-08-17T18:48:05Z,2026-08-17T18:48:05Z,
41.216.49.26,ipv4,malicious-ip,medium,WHITE,ziyadnz/hourly-ipv4,ziyadnz|hourly,2026-08-17T18:48:05Z,2026-08-17T18:48:05Z,
41.219.190.66,ipv4,malicious-ip,medium,WHITE,ziyadnz/hourly-ipv4,ziyadnz|hourly,2026-08-17T18:48:05Z,2026-08-17T18:48:05Z,
41.219.61.253,ipv4,malicious-ip,medium,WHITE,ziyadnz/hourly-ipv4,ziyadnz|hourly,2026-08-17T18:48:05Z,2026-08-17T18:48:05Z,
41.220.116.230,ipv4,malicious-ip,medium,WHITE,ziyadnz/hourly-ipv4,ziyadnz|hourly,2026-08-17T18:48:05Z,2026-08-17T18:48:05Z,
41.220.172.34,ipv4,malicious-ip,medium,WHITE,ziyadnz/hourly-ipv4,ziyadnz|hourly,2026-08-17T18:48:05Z,2026-08-17T18:48:05Z,
41.220.235.44,ipv4,malicious-ip,medium,WHITE,ziyadnz/hourly-ipv4,ziyadnz|hourly,2026-08-17T18:48:05Z,2026-08-17T18:48:05Z,
41.221.203.141,ipv4,malicious-ip,medium,WHITE,ziyadnz/hourly-ipv4,ziyadnz|hourly,2026-08-17T18:48:05Z,2026-08-17T18:48:05Z,
41.221.235.2,ipv4,malicious-ip,medium,WHITE,ziyadnz/hourly-ipv4,ziyadnz|hourly,2026-08-17T18:48:05Z,2026-08-17T18:48:05Z,
41.221.41.13,ipv4,malicious-ip,medium,WHITE,ziyadnz/hourly-ipv4,ziyadnz|hourly,2026-08-17T18:48:05Z,2026-08-17T18:48:05Z,
41.222.113.136,ipv4,malicious-ip,medium,WHITE,ziyadnz/hourly-ipv4,ziyadnz|hourly,2026-08-17T18:48:05Z,2026-08-17T18:48:05Z,
41.222.180.240,ipv4,malicious-ip,medium,WHITE,ziyadnz/hourly-ipv4,ziyadnz|hourly,2026-08-17T18:48:05Z,2026-08-17T18:48:05Z,
41.222.202.170,ipv4,malicious-ip,medium,WHITE,ziyadnz/hourly-ipv4,ziyadnz|hourly,2026-08-17T18:48:05Z,2026-08-17T18:48:05Z,
41.222.252.81,ipv4,malicious-ip,medium,WHITE,ziyadnz/hourly-ipv4,ziyadnz|hourly,2026-08-17T18:48:05Z,2026-08-17T18:48:05Z,
41.223.109.134,ipv4,malicious-ip,medium,WHITE,ziyadnz/hourly-ipv4,ziyadnz|hourly,2026-08-17T18:48:05Z,2026-08-17T18:48:05Z,
41.223.116.243,ipv4,malicious-ip,medium,WHITE,ziyadnz/hourly-ipv4,ziyadnz|hourly,2026-08-17T18:48:05Z,2026-08-17T18:48:05Z,
41.223.249.194,ipv4,malicious-ip,medium,WHITE,ziyadnz/hourly-ipv4,ziyadnz|hourly,2026-08-17T18:48:05Z,2026-08-17T18:48:05Z,
41.223.251.135,ipv4,malicious-ip,medium,WHITE,ziyadnz/hourly-ipv4,ziyadnz|hourly,2026-08-17T18:48:05Z,2026-08-17T18:48:05Z,
41.223.251.150,ipv4,malicious-ip,medium,WHITE,ziyadnz/hourly-ipv4,ziyadnz|hourly,2026-08-17T18:48:05Z,2026-08-17T18:48:05Z,
41.223.251.172,ipv4,malicious-ip,medium,WHITE,ziyadnz/hourly-ipv4,ziyadnz|hourly,2026-08-17T18:48:05Z,2026-08-17T18:48:05Z,
41.224.58.90,ipv4,malicious-ip,medium,WHITE,ziyadnz/hourly-ipv4,ziyadnz|hourly,2026-08-17T18:48:05Z,2026-08-17T18:48:05Z,
41.224.62.206,ipv4,malicious-ip,medium,WHITE,ziyadnz/hourly-ipv4,ziyadnz|hourly,2026-08-17T18:48:05Z,2026-08-17T18:48:05Z,
41.224.9.132,ipv4,malicious-ip,medium,WHITE,ziyadnz/hourly-ipv4,ziyadnz|hourly,2026-08-17T18:48:05Z,2026-08-17T18:48:05Z,
41.225.129.84,ipv4,malicious-ip,medium,WHITE,ziyadnz/hourly-ipv4,ziyadnz|hourly,2026-08-17T18:48:05Z,2026-08-17T18:48:05Z,
41.225.168.60,ipv4,malicious-ip,medium,WHITE,ziyadnz/hourly-ipv4,ziyadnz|hourly,2026-08-17T18:48:05Z,2026-08-17T18:48:05Z,
41.226.15.209,ipv4,malicious-ip,medium,WHITE,ziyadnz/hourly-ipv4,ziyadnz|hourly,2026-08-17T18:48:05Z,2026-08-17T18:48:05Z,
41.226.161.193,ipv4,malicious-ip,medium,WHITE,ziyadnz/hourly-ipv4,ziyadnz|hourly,2026-08-17T18:48:05Z,2026-08-17T18:48:05Z,
41.23.167.140,ipv4,malicious-ip,medium,WHITE,ziyadnz/hourly-ipv4,ziyadnz|hourly,2026-08-17T18:48:05Z,2026-08-17T18:48:05Z,
41.230.0.23,ipv4,malicious-ip,medium,WHITE,ziyadnz/hourly-ipv4,ziyadnz|hourly,2026-08-17T18:48:05Z,2026-08-17T18:48:05Z,
41.230.60.199,ipv4,malicious-ip,medium,WHITE,ziyadnz/hourly-ipv4,ziyadnz|hourly,2026-08-17T18:48:05Z,2026-08-17T18:48:05Z,
41.231.122.89,ipv4,malicious-ip,medium,WHITE,ziyadnz/hourly-ipv4,ziyadnz|hourly,2026-08-17T18:48:05Z,2026-08-17T18:48:05Z,
41.231.37.153,ipv4,malicious-ip,medium,WHITE,ziyadnz/hourly-ipv4,ziyadnz|hourly,2026-08-17T18:48:05Z,2026-08-17T18:48:05Z,
41.231.85.75,ipv4,malicious-ip,medium,WHITE,ziyadnz/hourly-ipv4,ziyadnz|hourly,2026-08-17T18:48:05Z,2026-08-17T18:48:05Z,
41.231.87.9,ipv4,malicious-ip,medium,WHITE,ziyadnz/hourly-ipv4,ziyadnz|hourly,2026-08-17T18:48:05Z,2026-08-17T18:48:05Z,
41.234.179.88,ipv4,malicious-ip,medium,WHITE,ziyadnz/hourly-ipv4,ziyadnz|hourly,2026-08-17T18:48:05Z,2026-08-17T18:48:05Z,
41.235.123.202,ipv4,malicious-ip,medium,WHITE,ziyadnz/hourly-ipv4,ziyadnz|hourly,2026-08-17T18:48:05Z,2026-08-17T18:48:05Z,
41.235.206.63,ipv4,malicious-ip,medium,WHITE,ziyadnz/hourly-ipv4,ziyadnz|hourly,2026-08-17T18:48:05Z,2026-08-17T18:48:05Z,
41.235.228.111,ipv4,malicious-ip,medium,WHITE,ziyadnz/hourly-ipv4,ziyadnz|hourly,2026-08-17T18:48:05Z,2026-08-17T18:48:05Z,
41.235.242.250,ipv4,malicious-ip,medium,WHITE,ziyadnz/hourly-ipv4,ziyadnz|hourly,2026-08-17T18:48:05Z,2026-08-17T18:48:05Z,
41.235.25.133,ipv4,malicious-ip,medium,WHITE,ziyadnz/hourly-ipv4,ziyadnz|hourly,2026-08-17T18:48:05Z,2026-08-17T18:48:05Z,
41.235.80.236,ipv4,malicious-ip,medium,WHITE,ziyadnz/hourly-ipv4,ziyadnz|hourly,2026-08-17T18:48:05Z,2026-08-17T18:48:05Z,
41.236.31.16,ipv4,malicious-ip,medium,WHITE,ziyadnz/hourly-ipv4,ziyadnz|hourly,2026-08-17T18:48:05Z,2026-08-17T18:48:05Z,
41.237.84.240,ipv4,malicious-ip,medium,WHITE,ziyadnz/hourly-ipv4,ziyadnz|hourly,2026-08-17T18:48:05Z,2026-08-17T18:48:05Z,
41.239.134.144,ipv4,malicious-ip,medium,WHITE,ziyadnz/hourly-ipv4,ziyadnz|hourly,2026-08-17T18:48:05Z,2026-08-17T18:48:05Z,
41.239.16.215,ipv4,malicious-ip,medium,WHITE,ziyadnz/hourly-ipv4,ziyadnz|hourly,2026-08-17T18:48:05Z,2026-08-17T18:48:05Z,
41.24.73.82,ipv4,malicious-ip,medium,WHITE,ziyadnz/hourly-ipv4,ziyadnz|hourly,2026-08-17T18:48:05Z,2026-08-17T18:48:05Z,
41.242.152.238,ipv4,malicious-ip,medium,WHITE,ziyadnz/hourly-ipv4,ziyadnz|hourly,2026-08-17T18:48:05Z,2026-08-17T18:48:05Z,
41.242.163.12,ipv4,malicious-ip,medium,WHITE,ziyadnz/hourly-ipv4,ziyadnz|hourly,2026-08-17T18:48:05Z,2026-08-17T18:48:05Z,
41.242.18.1,ipv4,malicious-ip,medium,WHITE,ziyadnz/hourly-ipv4,ziyadnz|hourly,2026-08-17T18:48:05Z,2026-08-17T18:48:05Z,
41.242.60.226,ipv4,malicious-ip,medium,WHITE,ziyadnz/hourly-ipv4,ziyadnz|hourly,2026-08-17T18:48:05Z,2026-08-17T18:48:05Z,
41.242.96.2,ipv4,malicious-ip,medium,WHITE,ziyadnz/hourly-ipv4,ziyadnz|hourly,2026-08-17T18:48:05Z,2026-08-17T18:48:05Z,
41.243.21.178,ipv4,malicious-ip,medium,WHITE,ziyadnz/hourly-ipv4,ziyadnz|hourly,2026-08-17T18:48:05Z,2026-08-17T18:48:05Z,
41.248.238.57,ipv4,malicious-ip,medium,WHITE,ziyadnz/hourly-ipv4,ziyadnz|hourly,2026-08-17T18:48:05Z,2026-08-17T18:48:05Z,
41.249.196.92,ipv4,malicious-ip,medium,WHITE,ziyadnz/hourly-ipv4,ziyadnz|hourly,2026-08-17T18:48:05Z,2026-08-17T18:48:05Z,
41.25.40.194,ipv4,malicious-ip,medium,WHITE,ziyadnz/hourly-ipv4,ziyadnz|hourly,2026-08-17T18:48:05Z,2026-08-17T18:48:05Z,
41.251.108.174,ipv4,malicious-ip,medium,WHITE,ziyadnz/hourly-ipv4,ziyadnz|hourly,2026-08-17T18:48:05Z,2026-08-17T18:48:05Z,
41.251.122.137,ipv4,malicious-ip,medium,WHITE,ziyadnz/hourly-ipv4,ziyadnz|hourly,2026-08-17T18:48:05Z,2026-08-17T18:48:05Z,
41.251.122.165,ipv4,malicious-ip,medium,WHITE,ziyadnz/hourly-ipv4,ziyadnz|hourly,2026-08-17T18:48:05Z,2026-08-17T18:48:05Z,
41.251.124.124,ipv4,malicious-ip,medium,WHITE,ziyadnz/hourly-ipv4,ziyadnz|hourly,2026-08-17T18:48:05Z,2026-08-17T18:48:05Z,
41.251.69.168,ipv4,malicious-ip,medium,WHITE,ziyadnz/hourly-ipv4,ziyadnz|hourly,2026-08-17T18:48:05Z,2026-08-17T18:48:05Z,
41.251.78.180,ipv4,malicious-ip,medium,WHITE,ziyadnz/hourly-ipv4,ziyadnz|hourly,2026-08-17T18:48:05Z,2026-08-17T18:48:05Z,
41.32.152.11,ipv4,malicious-ip,medium,WHITE,ziyadnz/hourly-ipv4,ziyadnz|hourly,2026-08-17T18:48:05Z,2026-08-17T18:48:05Z,
41.32.25.178,ipv4,malicious-ip,medium,WHITE,ziyadnz/hourly-ipv4,ziyadnz|hourly,2026-08-17T18:48:05Z,2026-08-17T18:48:05Z,
41.32.37.195,ipv4,malicious-ip,medium,WHITE,ziyadnz/hourly-ipv4,ziyadnz|hourly,2026-08-17T18:48:05Z,2026-08-17T18:48:05Z,
41.33.15.210,ipv4,malicious-ip,medium,WHITE,ziyadnz/hourly-ipv4,ziyadnz|hourly,2026-08-17T18:48:05Z,2026-08-17T18:48:05Z,
41.33.15.36,ipv4,malicious-ip,medium,WHITE,ziyadnz/hourly-ipv4,ziyadnz|hourly,2026-08-17T18:48:05Z,2026-08-17T18:48:05Z,
41.33.169.196,ipv4,malicious-ip,medium,WHITE,ziyadnz/hourly-ipv4,ziyadnz|hourly,2026-08-17T18:48:05Z,2026-08-17T18:48:05Z,
41.33.179.67,ipv4,malicious-ip,medium,WHITE,ziyadnz/hourly-ipv4,ziyadnz|hourly,2026-08-17T18:48:05Z,2026-08-17T18:48:05Z,
41.33.199.13,ipv4,malicious-ip,medium,WHITE,ziyadnz/hourly-ipv4,ziyadnz|hourly,2026-08-17T18:48:05Z,2026-08-17T18:48:05Z,
41.33.209.188,ipv4,malicious-ip,medium,WHITE,ziyadnz/hourly-ipv4,ziyadnz|hourly,2026-08-17T18:48:05Z,2026-08-17T18:48:05Z,
41.33.211.195,ipv4,malicious-ip,medium,WHITE,ziyadnz/hourly-ipv4,ziyadnz|hourly,2026-08-17T18:48:05Z,2026-08-17T18:48:05Z,
41.33.240.115,ipv4,malicious-ip,medium,WHITE,ziyadnz/hourly-ipv4,ziyadnz|hourly,2026-08-17T18:48:05Z,2026-08-17T18:48:05Z,
41.33.255.138,ipv4,malicious-ip,medium,WHITE,ziyadnz/hourly-ipv4,ziyadnz|hourly,2026-08-17T18:48:05Z,2026-08-17T18:48:05Z,
41.33.38.102,ipv4,malicious-ip,medium,WHITE,ziyadnz/hourly-ipv4,ziyadnz|hourly,2026-08-17T18:48:05Z,2026-08-17T18:48:05Z,
41.33.44.115,ipv4,malicious-ip,medium,WHITE,ziyadnz/hourly-ipv4,ziyadnz|hourly,2026-08-17T18:48:05Z,2026-08-17T18:48:05Z,
41.33.58.148,ipv4,malicious-ip,medium,WHITE,ziyadnz/hourly-ipv4,ziyadnz|hourly,2026-08-17T18:48:05Z,2026-08-17T18:48:05Z,
41.33.60.164,ipv4,malicious-ip,medium,WHITE,ziyadnz/hourly-ipv4,ziyadnz|hourly,2026-08-17T18:48:05Z,2026-08-17T18:48:05Z,
41.33.69.242,ipv4,malicious-ip,medium,WHITE,ziyadnz/hourly-ipv4,ziyadnz|hourly,2026-08-17T18:48:05Z,2026-08-17T18:48:05Z,
41.33.84.225,ipv4,malicious-ip,medium,WHITE,ziyadnz/hourly-ipv4,ziyadnz|hourly,2026-08-17T18:48:05Z,2026-08-17T18:48:05Z,
41.33.91.226,ipv4,malicious-ip,medium,WHITE,ziyadnz/hourly-ipv4,ziyadnz|hourly,2026-08-17T18:48:05Z,2026-08-17T18:48:05Z,
41.33.98.163,ipv4,malicious-ip,medium,WHITE,ziyadnz/hourly-ipv4,ziyadnz|hourly,2026-08-17T18:48:05Z,2026-08-17T18:48:05Z,
41.36.92.50,ipv4,malicious-ip,medium,WHITE,ziyadnz/hourly-ipv4,ziyadnz|hourly,2026-08-17T18:48:05Z,2026-08-17T18:48:05Z,
41.38.104.234,ipv4,malicious-ip,medium,WHITE,ziyadnz/hourly-ipv4,ziyadnz|hourly,2026-08-17T18:48:05Z,2026-08-17T18:48:05Z,
41.38.14.67,ipv4,malicious-ip,medium,WHITE,ziyadnz/hourly-ipv4,ziyadnz|hourly,2026-08-17T18:48:05Z,2026-08-17T18:48:05Z,
41.38.141.133,ipv4,malicious-ip,medium,WHITE,ziyadnz/hourly-ipv4,ziyadnz|hourly,2026-08-17T18:48:05Z,2026-08-17T18:48:05Z,
41.38.154.226,ipv4,malicious-ip,medium,WHITE,ziyadnz/hourly-ipv4,ziyadnz|hourly,2026-08-17T18:48:05Z,2026-08-17T18:48:05Z,
41.38.160.139,ipv4,malicious-ip,medium,WHITE,ziyadnz/hourly-ipv4,ziyadnz|hourly,2026-08-17T18:48:05Z,2026-08-17T18:48:05Z,
41.38.184.249,ipv4,malicious-ip,medium,WHITE,ziyadnz/hourly-ipv4,ziyadnz|hourly,2026-08-17T18:48:05Z,2026-08-17T18:48:05Z,
41.38.193.159,ipv4,malicious-ip,medium,WHITE,ziyadnz/hourly-ipv4,ziyadnz|hourly,2026-08-17T18:48:05Z,2026-08-17T18:48:05Z,
41.38.195.120,ipv4,malicious-ip,medium,WHITE,ziyadnz/hourly-ipv4,ziyadnz|hourly,2026-08-17T18:48:05Z,2026-08-17T18:48:05Z,
41.38.203.242,ipv4,malicious-ip,medium,WHITE,ziyadnz/hourly-ipv4,ziyadnz|hourly,2026-08-17T18:48:05Z,2026-08-17T18:48:05Z,
41.38.208.53,ipv4,malicious-ip,medium,WHITE,ziyadnz/hourly-ipv4,ziyadnz|hourly,2026-08-17T18:48:05Z,2026-08-17T18:48:05Z,
41.38.25.202,ipv4,malicious-ip,medium,WHITE,ziyadnz/hourly-ipv4,ziyadnz|hourly,2026-08-17T18:48:05Z,2026-08-17T18:48:05Z,
41.38.31.83,ipv4,malicious-ip,medium,WHITE,ziyadnz/hourly-ipv4,ziyadnz|hourly,2026-08-17T18:48:05Z,2026-08-17T18:48:05Z,
41.38.39.27,ipv4,malicious-ip,medium,WHITE,ziyadnz/hourly-ipv4,ziyadnz|hourly,2026-08-17T18:48:05Z,2026-08-17T18:48:05Z,
41.38.46.80,ipv4,malicious-ip,medium,WHITE,ziyadnz/hourly-ipv4,ziyadnz|hourly,2026-08-17T18:48:05Z,2026-08-17T18:48:05Z,
41.38.49.252,ipv4,malicious-ip,medium,WHITE,ziyadnz/hourly-ipv4,ziyadnz|hourly,2026-08-17T18:48:05Z,2026-08-17T18:48:05Z,
41.38.58.80,ipv4,malicious-ip,medium,WHITE,ziyadnz/hourly-ipv4,ziyadnz|hourly,2026-08-17T18:48:05Z,2026-08-17T18:48:05Z,
41.38.60.130,ipv4,malicious-ip,medium,WHITE,ziyadnz/hourly-ipv4,ziyadnz|hourly,2026-08-17T18:48:05Z,2026-08-17T18:48:05Z,
41.38.70.49,ipv4,malicious-ip,medium,WHITE,ziyadnz/hourly-ipv4,ziyadnz|hourly,2026-08-17T18:48:05Z,2026-08-17T18:48:05Z,
41.38.72.211,ipv4,malicious-ip,medium,WHITE,ziyadnz/hourly-ipv4,ziyadnz|hourly,2026-08-17T18:48:05Z,2026-08-17T18:48:05Z,
41.38.72.58,ipv4,malicious-ip,medium,WHITE,ziyadnz/hourly-ipv4,ziyadnz|hourly,2026-08-17T18:48:05Z,2026-08-17T18:48:05Z,
41.38.96.201,ipv4,malicious-ip,medium,WHITE,ziyadnz/hourly-ipv4,ziyadnz|hourly,2026-08-17T18:48:05Z,2026-08-17T18:48:05Z,
41.39.54.45,ipv4,malicious-ip,medium,WHITE,ziyadnz/hourly-ipv4,ziyadnz|hourly,2026-08-17T18:48:05Z,2026-08-17T18:48:05Z,
41.41.196.49,ipv4,malicious-ip,medium,WHITE,ziyadnz/hourly-ipv4,ziyadnz|hourly,2026-08-17T18:48:05Z,2026-08-17T18:48:05Z,
41.42.203.16,ipv4,malicious-ip,medium,WHITE,ziyadnz/hourly-ipv4,ziyadnz|hourly,2026-08-17T18:48:05Z,2026-08-17T18:48:05Z,
41.42.7.152,ipv4,malicious-ip,medium,WHITE,ziyadnz/hourly-ipv4,ziyadnz|hourly,2026-08-17T18:48:05Z,2026-08-17T18:48:05Z,
41.42.80.142,ipv4,malicious-ip,medium,WHITE,ziyadnz/hourly-ipv4,ziyadnz|hourly,2026-08-17T18:48:05Z,2026-08-17T18:48:05Z,
41.45.187.205,ipv4,malicious-ip,medium,WHITE,ziyadnz/hourly-ipv4,ziyadnz|hourly,2026-08-17T18:48:05Z,2026-08-17T18:48:05Z,
41.45.27.120,ipv4,malicious-ip,medium,WHITE,ziyadnz/hourly-ipv4,ziyadnz|hourly,2026-08-17T18:48:05Z,2026-08-17T18:48:05Z,
41.45.50.34,ipv4,malicious-ip,medium,WHITE,ziyadnz/hourly-ipv4,ziyadnz|hourly,2026-08-17T18:48:05Z,2026-08-17T18:48:05Z,
41.56.136.185,ipv4,malicious-ip,medium,WHITE,ziyadnz/hourly-ipv4,ziyadnz|hourly,2026-08-17T18:48:05Z,2026-08-17T18:48:05Z,
41.59.169.189,ipv4,malicious-ip,medium,WHITE,ziyadnz/hourly-ipv4,ziyadnz|hourly,2026-08-17T18:48:05Z,2026-08-17T18:48:05Z,
41.59.175.148,ipv4,malicious-ip,medium,WHITE,ziyadnz/hourly-ipv4,ziyadnz|hourly,2026-08-17T18:48:05Z,2026-08-17T18:48:05Z,
41.59.200.22,ipv4,malicious-ip,medium,WHITE,ziyadnz/hourly-ipv4,ziyadnz|hourly,2026-08-17T18:48:05Z,2026-08-17T18:48:05Z,
41.59.203.173,ipv4,malicious-ip,medium,WHITE,ziyadnz/hourly-ipv4,ziyadnz|hourly,2026-08-17T18:48:05Z,2026-08-17T18:48:05Z,
41.59.229.33,ipv4,malicious-ip,medium,WHITE,ziyadnz/hourly-ipv4,ziyadnz|hourly,2026-08-17T18:48:05Z,2026-08-17T18:48:05Z,
41.59.36.15,ipv4,malicious-ip,medium,WHITE,ziyadnz/hourly-ipv4,ziyadnz|hourly,2026-08-17T18:48:05Z,2026-08-17T18:48:05Z,
41.59.67.142,ipv4,malicious-ip,medium,WHITE,ziyadnz/hourly-ipv4,ziyadnz|hourly,2026-08-17T18:48:05Z,2026-08-17T18:48:05Z,
41.59.9.125,ipv4,malicious-ip,medium,WHITE,ziyadnz/hourly-ipv4,ziyadnz|hourly,2026-08-17T18:48:05Z,2026-08-17T18:48:05Z,
41.60.145.198,ipv4,malicious-ip,medium,WHITE,ziyadnz/hourly-ipv4,ziyadnz|hourly,2026-08-17T18:48:05Z,2026-08-17T18:48:05Z,
41.60.152.179,ipv4,malicious-ip,medium,WHITE,ziyadnz/hourly-ipv4,ziyadnz|hourly,2026-08-17T18:48:05Z,2026-08-17T18:48:05Z,
41.60.23.246,ipv4,malicious-ip,medium,WHITE,ziyadnz/hourly-ipv4,ziyadnz|hourly,2026-08-17T18:48:05Z,2026-08-17T18:48:05Z,
41.60.23.42,ipv4,malicious-ip,medium,WHITE,ziyadnz/hourly-ipv4,ziyadnz|hourly,2026-08-17T18:48:05Z,2026-08-17T18:48:05Z,
41.60.232.117,ipv4,malicious-ip,medium,WHITE,ziyadnz/hourly-ipv4,ziyadnz|hourly,2026-08-17T18:48:05Z,2026-08-17T18:48:05Z,
41.60.239.123,ipv4,malicious-ip,medium,WHITE,ziyadnz/hourly-ipv4,ziyadnz|hourly,2026-08-17T18:48:05Z,2026-08-17T18:48:05Z,
41.60.66.191,ipv4,malicious-ip,medium,WHITE,ziyadnz/hourly-ipv4,ziyadnz|hourly,2026-08-17T18:48:05Z,2026-08-17T18:48:05Z,
41.63.0.88,ipv4,malicious-ip,medium,WHITE,ziyadnz/hourly-ipv4,ziyadnz|hourly,2026-08-17T18:48:05Z,2026-08-17T18:48:05Z,
41.63.61.165,ipv4,malicious-ip,medium,WHITE,ziyadnz/hourly-ipv4,ziyadnz|hourly,2026-08-17T18:48:05Z,2026-08-17T18:48:05Z,
41.63.63.134,ipv4,malicious-ip,medium,WHITE,ziyadnz/hourly-ipv4,ziyadnz|hourly,2026-08-17T18:48:05Z,2026-08-17T18:48:05Z,
41.63.96.128,ipv4,malicious-ip,medium,WHITE,ziyadnz/hourly-ipv4,ziyadnz|hourly,2026-08-17T18:48:05Z,2026-08-17T18:48:05Z,
41.64.172.51,ipv4,malicious-ip,medium,WHITE,ziyadnz/hourly-ipv4,ziyadnz|hourly,2026-08-17T18:48:05Z,2026-08-17T18:48:05Z,
41.65.68.75,ipv4,malicious-ip,medium,WHITE,ziyadnz/hourly-ipv4,ziyadnz|hourly,2026-08-17T18:48:05Z,2026-08-17T18:48:05Z,
41.66.194.51,ipv4,malicious-ip,medium,WHITE,ziyadnz/hourly-ipv4,ziyadnz|hourly,2026-08-17T18:48:05Z,2026-08-17T18:48:05Z,
41.66.38.156,ipv4,malicious-ip,medium,WHITE,ziyadnz/hourly-ipv4,ziyadnz|hourly,2026-08-17T18:48:05Z,2026-08-17T18:48:05Z,
41.69.12.212,ipv4,malicious-ip,medium,WHITE,ziyadnz/hourly-ipv4,ziyadnz|hourly,2026-08-17T18:48:05Z,2026-08-17T18:48:05Z,
41.69.225.142,ipv4,malicious-ip,medium,WHITE,ziyadnz/hourly-ipv4,ziyadnz|hourly,2026-08-17T18:48:05Z,2026-08-17T18:48:05Z,
41.69.30.129,ipv4,malicious-ip,medium,WHITE,ziyadnz/hourly-ipv4,ziyadnz|hourly,2026-08-17T18:48:05Z,2026-08-17T18:48:05Z,
41.70.23.9,ipv4,malicious-ip,medium,WHITE,ziyadnz/hourly-ipv4,ziyadnz|hourly,2026-08-17T18:48:05Z,2026-08-17T18:48:05Z,
41.71.47.172,ipv4,malicious-ip,medium,WHITE,ziyadnz/hourly-ipv4,ziyadnz|hourly,2026-08-17T18:48:05Z,2026-08-17T18:48:05Z,
41.71.62.29,ipv4,malicious-ip,medium,WHITE,ziyadnz/hourly-ipv4,ziyadnz|hourly,2026-08-17T18:48:05Z,2026-08-17T18:48:05Z,
41.72.96.58,ipv4,malicious-ip,medium,WHITE,ziyadnz/hourly-ipv4,ziyadnz|hourly,2026-08-17T18:48:05Z,2026-08-17T18:48:05Z,
41.73.0.47,ipv4,malicious-ip,medium,WHITE,ziyadnz/hourly-ipv4,ziyadnz|hourly,2026-08-17T18:48:05Z,2026-08-17T18:48:05Z,
41.73.123.137,ipv4,malicious-ip,medium,WHITE,ziyadnz/hourly-ipv4,ziyadnz|hourly,2026-08-17T18:48:05Z,2026-08-17T18:48:05Z,
41.73.56.11,ipv4,malicious-ip,medium,WHITE,ziyadnz/hourly-ipv4,ziyadnz|hourly,2026-08-17T18:48:05Z,2026-08-17T18:48:05Z,
41.73.98.144,ipv4,malicious-ip,medium,WHITE,ziyadnz/hourly-ipv4,ziyadnz|hourly,2026-08-17T18:48:05Z,2026-08-17T18:48:05Z,
41.73.98.56,ipv4,malicious-ip,medium,WHITE,ziyadnz/hourly-ipv4,ziyadnz|hourly,2026-08-17T18:48:05Z,2026-08-17T18:48:05Z,
41.74.6.71,ipv4,malicious-ip,medium,WHITE,ziyadnz/hourly-ipv4,ziyadnz|hourly,2026-08-17T18:48:05Z,2026-08-17T18:48:05Z,
41.74.7.160,ipv4,malicious-ip,medium,WHITE,ziyadnz/hourly-ipv4,ziyadnz|hourly,2026-08-17T18:48:05Z,2026-08-17T18:48:05Z,
41.74.9.142,ipv4,malicious-ip,medium,WHITE,ziyadnz/hourly-ipv4,ziyadnz|hourly,2026-08-17T18:48:05Z,2026-08-17T18:48:05Z,
41.74.9.222,ipv4,malicious-ip,medium,WHITE,ziyadnz/hourly-ipv4,ziyadnz|hourly,2026-08-17T18:48:05Z,2026-08-17T18:48:05Z,
41.74.91.200,ipv4,malicious-ip,medium,WHITE,ziyadnz/hourly-ipv4,ziyadnz|hourly,2026-08-17T18:48:05Z,2026-08-17T18:48:05Z,
41.75.114.30,ipv4,malicious-ip,medium,WHITE,ziyadnz/hourly-ipv4,ziyadnz|hourly,2026-08-17T18:48:05Z,2026-08-17T18:48:05Z,
41.76.192.17,ipv4,malicious-ip,medium,WHITE,ziyadnz/hourly-ipv4,ziyadnz|hourly,2026-08-17T18:48:05Z,2026-08-17T18:48:05Z,
41.76.209.240,ipv4,malicious-ip,medium,WHITE,ziyadnz/hourly-ipv4,ziyadnz|hourly,2026-08-17T18:48:05Z,2026-08-17T18:48:05Z,
41.76.247.141,ipv4,malicious-ip,medium,WHITE,ziyadnz/hourly-ipv4,ziyadnz|hourly,2026-08-17T18:48:05Z,2026-08-17T18:48:05Z,
41.76.247.148,ipv4,malicious-ip,medium,WHITE,ziyadnz/hourly-ipv4,ziyadnz|hourly,2026-08-17T18:48:05Z,2026-08-17T18:48:05Z,
41.76.247.150,ipv4,malicious-ip,medium,WHITE,ziyadnz/hourly-ipv4,ziyadnz|hourly,2026-08-17T18:48:05Z,2026-08-17T18:48:05Z,
41.76.247.30,ipv4,malicious-ip,medium,WHITE,ziyadnz/hourly-ipv4,ziyadnz|hourly,2026-08-17T18:48:05Z,2026-08-17T18:48:05Z,
41.76.82.80,ipv4,malicious-ip,medium,WHITE,ziyadnz/hourly-ipv4,ziyadnz|hourly,2026-08-17T18:48:05Z,2026-08-17T18:48:05Z,
41.77.4.1,ipv4,malicious-ip,medium,WHITE,ziyadnz/hourly-ipv4,ziyadnz|hourly,2026-08-17T18:48:05Z,2026-08-17T18:48:05Z,
41.78.111.186,ipv4,malicious-ip,medium,WHITE,ziyadnz/hourly-ipv4,ziyadnz|hourly,2026-08-17T18:48:05Z,2026-08-17T18:48:05Z,
41.78.169.229,ipv4,malicious-ip,medium,WHITE,ziyadnz/hourly-ipv4,ziyadnz|hourly,2026-08-17T18:48:05Z,2026-08-17T18:48:05Z,
41.78.221.250,ipv4,malicious-ip,medium,WHITE,ziyadnz/hourly-ipv4,ziyadnz|hourly,2026-08-17T18:48:05Z,2026-08-17T18:48:05Z,
41.78.74.209,ipv4,malicious-ip,medium,WHITE,ziyadnz/hourly-ipv4,ziyadnz|hourly,2026-08-17T18:48:05Z,2026-08-17T18:48:05Z,
41.79.217.121,ipv4,malicious-ip,medium,WHITE,ziyadnz/hourly-ipv4,ziyadnz|hourly,2026-08-17T18:48:05Z,2026-08-17T18:48:05Z,
41.79.219.102,ipv4,malicious-ip,medium,WHITE,ziyadnz/hourly-ipv4,ziyadnz|hourly,2026-08-17T18:48:05Z,2026-08-17T18:48:05Z,
41.79.219.166,ipv4,malicious-ip,medium,WHITE,ziyadnz/hourly-ipv4,ziyadnz|hourly,2026-08-17T18:48:05Z,2026-08-17T18:48:05Z,
41.79.219.211,ipv4,malicious-ip,medium,WHITE,ziyadnz/hourly-ipv4,ziyadnz|hourly,2026-08-17T18:48:05Z,2026-08-17T18:48:05Z,
41.79.219.74,ipv4,malicious-ip,medium,WHITE,ziyadnz/hourly-ipv4,ziyadnz|hourly,2026-08-17T18:48:05Z,2026-08-17T18:48:05Z,
41.79.29.242,ipv4,malicious-ip,medium,WHITE,ziyadnz/hourly-ipv4,ziyadnz|hourly,2026-08-17T18:48:05Z,2026-08-17T18:48:05Z,
41.79.35.253,ipv4,malicious-ip,medium,WHITE,ziyadnz/hourly-ipv4,ziyadnz|hourly,2026-08-17T18:48:05Z,2026-08-17T18:48:05Z,
41.79.51.218,ipv4,malicious-ip,medium,WHITE,ziyadnz/hourly-ipv4,ziyadnz|hourly,2026-08-17T18:48:05Z,2026-08-17T18:48:05Z,
41.79.59.1,ipv4,malicious-ip,medium,WHITE,ziyadnz/hourly-ipv4,ziyadnz|hourly,2026-08-17T18:48:05Z,2026-08-17T18:48:05Z,
41.79.66.105,ipv4,malicious-ip,medium,WHITE,ziyadnz/hourly-ipv4,ziyadnz|hourly,2026-08-17T18:48:05Z,2026-08-17T18:48:05Z,
41.79.7.166,ipv4,malicious-ip,medium,WHITE,ziyadnz/hourly-ipv4,ziyadnz|hourly,2026-08-17T18:48:05Z,2026-08-17T18:48:05Z,
41.79.97.5,ipv4,malicious-ip,medium,WHITE,ziyadnz/hourly-ipv4,ziyadnz|hourly,2026-08-17T18:48:05Z,2026-08-17T18:48:05Z,
41.81.177.148,ipv4,malicious-ip,medium,WHITE,ziyadnz/hourly-ipv4,ziyadnz|hourly,2026-08-17T18:48:05Z,2026-08-17T18:48:05Z,
41.82.113.123,ipv4,malicious-ip,medium,WHITE,ziyadnz/hourly-ipv4,ziyadnz|hourly,2026-08-17T18:48:05Z,2026-08-17T18:48:05Z,
41.82.144.40,ipv4,malicious-ip,medium,WHITE,ziyadnz/hourly-ipv4,ziyadnz|hourly,2026-08-17T18:48:05Z,2026-08-17T18:48:05Z,
41.82.158.109,ipv4,malicious-ip,medium,WHITE,ziyadnz/hourly-ipv4,ziyadnz|hourly,2026-08-17T18:48:05Z,2026-08-17T18:48:05Z,
41.82.226.122,ipv4,malicious-ip,medium,WHITE,ziyadnz/hourly-ipv4,ziyadnz|hourly,2026-08-17T18:48:05Z,2026-08-17T18:48:05Z,
41.82.31.228,ipv4,malicious-ip,medium,WHITE,ziyadnz/hourly-ipv4,ziyadnz|hourly,2026-08-17T18:48:05Z,2026-08-17T18:48:05Z,
41.82.50.218,ipv4,malicious-ip,medium,WHITE,ziyadnz/hourly-ipv4,ziyadnz|hourly,2026-08-17T18:48:05Z,2026-08-17T18:48:05Z,
41.83.2.120,ipv4,malicious-ip,medium,WHITE,ziyadnz/hourly-ipv4,ziyadnz|hourly,2026-08-17T18:48:05Z,2026-08-17T18:48:05Z,
41.83.235.29,ipv4,malicious-ip,medium,WHITE,ziyadnz/hourly-ipv4,ziyadnz|hourly,2026-08-17T18:48:05Z,2026-08-17T18:48:05Z,
41.84.132.142,ipv4,malicious-ip,medium,WHITE,ziyadnz/hourly-ipv4,ziyadnz|hourly,2026-08-17T18:48:05Z,2026-08-17T18:48:05Z,
41.84.202.63,ipv4,malicious-ip,medium,WHITE,ziyadnz/hourly-ipv4,ziyadnz|hourly,2026-08-17T18:48:05Z,2026-08-17T18:48:05Z,
41.84.247.100,ipv4,malicious-ip,medium,WHITE,ziyadnz/hourly-ipv4,ziyadnz|hourly,2026-08-17T18:48:05Z,2026-08-17T18:48:05Z,
41.85.185.42,ipv4,malicious-ip,medium,WHITE,ziyadnz/hourly-ipv4,ziyadnz|hourly,2026-08-17T18:48:05Z,2026-08-17T18:48:05Z,
41.86.151.22,ipv4,malicious-ip,medium,WHITE,ziyadnz/hourly-ipv4,ziyadnz|hourly,2026-08-17T18:48:05Z,2026-08-17T18:48:05Z,
41.86.34.139,ipv4,malicious-ip,medium,WHITE,ziyadnz/hourly-ipv4,ziyadnz|hourly,2026-08-17T18:48:05Z,2026-08-17T18:48:05Z,
41.87.200.129,ipv4,malicious-ip,medium,WHITE,ziyadnz/hourly-ipv4,ziyadnz|hourly,2026-08-17T18:48:05Z,2026-08-17T18:48:05Z,
41.87.200.132,ipv4,malicious-ip,medium,WHITE,ziyadnz/hourly-ipv4,ziyadnz|hourly,2026-08-17T18:48:05Z,2026-08-17T18:48:05Z,
41.87.200.135,ipv4,malicious-ip,medium,WHITE,ziyadnz/hourly-ipv4,ziyadnz|hourly,2026-08-17T18:48:05Z,2026-08-17T18:48:05Z,
41.87.200.139,ipv4,malicious-ip,medium,WHITE,ziyadnz/hourly-ipv4,ziyadnz|hourly,2026-08-17T18:48:05Z,2026-08-17T18:48:05Z,
41.87.200.141,ipv4,malicious-ip,medium,WHITE,ziyadnz/hourly-ipv4,ziyadnz|hourly,2026-08-17T18:48:05Z,2026-08-17T18:48:05Z,
41.87.200.142,ipv4,malicious-ip,medium,WHITE,ziyadnz/hourly-ipv4,ziyadnz|hourly,2026-08-17T18:48:05Z,2026-08-17T18:48:05Z,
41.89.128.6,ipv4,malicious-ip,medium,WHITE,ziyadnz/hourly-ipv4,ziyadnz|hourly,2026-08-17T18:48:05Z,2026-08-17T18:48:05Z,
41.89.195.25,ipv4,malicious-ip,medium,WHITE,ziyadnz/hourly-ipv4,ziyadnz|hourly,2026-08-17T18:48:05Z,2026-08-17T18:48:05Z,
41.89.227.164,ipv4,malicious-ip,medium,WHITE,ziyadnz/hourly-ipv4,ziyadnz|hourly,2026-08-17T18:48:05Z,2026-08-17T18:48:05Z,
41.89.234.2,ipv4,malicious-ip,medium,WHITE,ziyadnz/hourly-ipv4,ziyadnz|hourly,2026-08-17T18:48:05Z,2026-08-17T18:48:05Z,
41.89.55.158,ipv4,malicious-ip,medium,WHITE,ziyadnz/hourly-ipv4,ziyadnz|hourly,2026-08-17T18:48:05Z,2026-08-17T18:48:05Z,
41.89.96.242,ipv4,malicious-ip,medium,WHITE,ziyadnz/hourly-ipv4,ziyadnz|hourly,2026-08-17T18:48:05Z,2026-08-17T18:48:05Z,
41.89.96.246,ipv4,malicious-ip,medium,WHITE,ziyadnz/hourly-ipv4,ziyadnz|hourly,2026-08-17T18:48:05Z,2026-08-17T18:48:05Z,
41.89.96.253,ipv4,malicious-ip,medium,WHITE,ziyadnz/hourly-ipv4,ziyadnz|hourly,2026-08-17T18:48:05Z,2026-08-17T18:48:05Z,
41.90.100.147,ipv4,malicious-ip,medium,WHITE,ziyadnz/hourly-ipv4,ziyadnz|hourly,2026-08-17T18:48:05Z,2026-08-17T18:48:05Z,
41.90.140.121,ipv4,malicious-ip,medium,WHITE,ziyadnz/hourly-ipv4,ziyadnz|hourly,2026-08-17T18:48:05Z,2026-08-17T18:48:05Z,
41.90.144.140,ipv4,malicious-ip,medium,WHITE,ziyadnz/hourly-ipv4,ziyadnz|hourly,2026-08-17T18:48:05Z,2026-08-17T18:48:05Z,
41.90.144.210,ipv4,malicious-ip,medium,WHITE,ziyadnz/hourly-ipv4,ziyadnz|hourly,2026-08-17T18:48:05Z,2026-08-17T18:48:05Z,
41.90.172.160,ipv4,malicious-ip,medium,WHITE,ziyadnz/hourly-ipv4,ziyadnz|hourly,2026-08-17T18:48:05Z,2026-08-17T18:48:05Z,
41.90.172.186,ipv4,malicious-ip,medium,WHITE,ziyadnz/hourly-ipv4,ziyadnz|hourly,2026-08-17T18:48:05Z,2026-08-17T18:48:05Z,
41.90.172.61,ipv4,malicious-ip,medium,WHITE,ziyadnz/hourly-ipv4,ziyadnz|hourly,2026-08-17T18:48:05Z,2026-08-17T18:48:05Z,
41.90.177.129,ipv4,malicious-ip,medium,WHITE,ziyadnz/hourly-ipv4,ziyadnz|hourly,2026-08-17T18:48:05Z,2026-08-17T18:48:05Z,
41.90.232.95,ipv4,malicious-ip,medium,WHITE,ziyadnz/hourly-ipv4,ziyadnz|hourly,2026-08-17T18:48:05Z,2026-08-17T18:48:05Z,
41.90.243.186,ipv4,malicious-ip,medium,WHITE,ziyadnz/hourly-ipv4,ziyadnz|hourly,2026-08-17T18:48:05Z,2026-08-17T18:48:05Z,
41.92.96.137,ipv4,malicious-ip,medium,WHITE,ziyadnz/hourly-ipv4,ziyadnz|hourly,2026-08-17T18:48:05Z,2026-08-17T18:48:05Z,
41.93.28.4,ipv4,malicious-ip,medium,WHITE,ziyadnz/hourly-ipv4,ziyadnz|hourly,2026-08-17T18:48:05Z,2026-08-17T18:48:05Z,
41.93.28.9,ipv4,malicious-ip,medium,WHITE,ziyadnz/hourly-ipv4,ziyadnz|hourly,2026-08-17T18:48:05Z,2026-08-17T18:48:05Z,
41.93.32.39,ipv4,malicious-ip,medium,WHITE,ziyadnz/hourly-ipv4,ziyadnz|hourly,2026-08-17T18:48:05Z,2026-08-17T18:48:05Z,
41.93.32.48,ipv4,malicious-ip,medium,WHITE,ziyadnz/hourly-ipv4,ziyadnz|hourly,2026-08-17T18:48:05Z,2026-08-17T18:48:05Z,
41.93.32.88,ipv4,malicious-ip,medium,WHITE,ziyadnz/hourly-ipv4,ziyadnz|hourly,2026-08-17T18:48:05Z,2026-08-17T18:48:05Z,
41.93.82.201,ipv4,malicious-ip,medium,WHITE,ziyadnz/hourly-ipv4,ziyadnz|hourly,2026-08-17T18:48:05Z,2026-08-17T18:48:05Z,
42.1.117.94,ipv4,malicious-ip,medium,WHITE,ziyadnz/hourly-ipv4,ziyadnz|hourly,2026-08-17T18:48:05Z,2026-08-17T18:48:05Z,
42.1.120.215,ipv4,malicious-ip,medium,WHITE,ziyadnz/hourly-ipv4,ziyadnz|hourly,2026-08-17T18:48:05Z,2026-08-17T18:48:05Z,
42.1.125.15,ipv4,malicious-ip,medium,WHITE,ziyadnz/hourly-ipv4,ziyadnz|hourly,2026-08-17T18:48:05Z,2026-08-17T18:48:05Z,
42.1.65.162,ipv4,malicious-ip,medium,WHITE,ziyadnz/hourly-ipv4,ziyadnz|hourly,2026-08-17T18:48:05Z,2026-08-17T18:48:05Z,
42.1.94.62,ipv4,malicious-ip,medium,WHITE,ziyadnz/hourly-ipv4,ziyadnz|hourly,2026-08-17T18:48:05Z,2026-08-17T18:48:05Z,
42.1.98.26,ipv4,malicious-ip,medium,WHITE,ziyadnz/hourly-ipv4,ziyadnz|hourly,2026-08-17T18:48:05Z,2026-08-17T18:48:05Z,
42.100.20.207,ipv4,malicious-ip,medium,WHITE,ziyadnz/hourly-ipv4,ziyadnz|hourly,2026-08-17T18:48:05Z,2026-08-17T18:48:05Z,
42.100.21.115,ipv4,malicious-ip,medium,WHITE,ziyadnz/hourly-ipv4,ziyadnz|hourly,2026-08-17T18:48:05Z,2026-08-17T18:48:05Z,
42.100.21.133,ipv4,malicious-ip,medium,WHITE,ziyadnz/hourly-ipv4,ziyadnz|hourly,2026-08-17T18:48:05Z,2026-08-17T18:48:05Z,
42.100.21.14,ipv4,malicious-ip,medium,WHITE,ziyadnz/hourly-ipv4,ziyadnz|hourly,2026-08-17T18:48:05Z,2026-08-17T18:48:05Z,
42.100.21.90,ipv4,malicious-ip,medium,WHITE,ziyadnz/hourly-ipv4,ziyadnz|hourly,2026-08-17T18:48:05Z,2026-08-17T18:48:05Z,
42.100.21.96,ipv4,malicious-ip,medium,WHITE,ziyadnz/hourly-ipv4,ziyadnz|hourly,2026-08-17T18:48:05Z,2026-08-17T18:48:05Z,
42.100.22.100,ipv4,malicious-ip,medium,WHITE,ziyadnz/hourly-ipv4,ziyadnz|hourly,2026-08-17T18:48:05Z,2026-08-17T18:48:05Z,
42.100.22.141,ipv4,malicious-ip,medium,WHITE,ziyadnz/hourly-ipv4,ziyadnz|hourly,2026-08-17T18:48:05Z,2026-08-17T18:48:05Z,
42.100.22.218,ipv4,malicious-ip,medium,WHITE,ziyadnz/hourly-ipv4,ziyadnz|hourly,2026-08-17T18:48:05Z,2026-08-17T18:48:05Z,
42.100.22.40,ipv4,malicious-ip,medium,WHITE,ziyadnz/hourly-ipv4,ziyadnz|hourly,2026-08-17T18:48:05Z,2026-08-17T18:48:05Z,
42.100.23.112,ipv4,malicious-ip,medium,WHITE,ziyadnz/hourly-ipv4,ziyadnz|hourly,2026-08-17T18:48:05Z,2026-08-17T18:48:05Z,
42.100.24.118,ipv4,malicious-ip,medium,WHITE,ziyadnz/hourly-ipv4,ziyadnz|hourly,2026-08-17T18:48:05Z,2026-08-17T18:48:05Z,
42.100.24.251,ipv4,malicious-ip,medium,WHITE,ziyadnz/hourly-ipv4,ziyadnz|hourly,2026-08-17T18:48:05Z,2026-08-17T18:48:05Z,
42.100.25.177,ipv4,malicious-ip,medium,WHITE,ziyadnz/hourly-ipv4,ziyadnz|hourly,2026-08-17T18:48:05Z,2026-08-17T18:48:05Z,
42.100.25.183,ipv4,malicious-ip,medium,WHITE,ziyadnz/hourly-ipv4,ziyadnz|hourly,2026-08-17T18:48:05Z,2026-08-17T18:48:05Z,
42.100.26.21,ipv4,malicious-ip,medium,WHITE,ziyadnz/hourly-ipv4,ziyadnz|hourly,2026-08-17T18:48:05Z,2026-08-17T18:48:05Z,
42.100.27.126,ipv4,malicious-ip,medium,WHITE,ziyadnz/hourly-ipv4,ziyadnz|hourly,2026-08-17T18:48:05Z,2026-08-17T18:48:05Z,
42.100.27.232,ipv4,malicious-ip,medium,WHITE,ziyadnz/hourly-ipv4,ziyadnz|hourly,2026-08-17T18:48:05Z,2026-08-17T18:48:05Z,
42.100.27.233,ipv4,malicious-ip,medium,WHITE,ziyadnz/hourly-ipv4,ziyadnz|hourly,2026-08-17T18:48:05Z,2026-08-17T18:48:05Z,
42.100.27.37,ipv4,malicious-ip,medium,WHITE,ziyadnz/hourly-ipv4,ziyadnz|hourly,2026-08-17T18:48:05Z,2026-08-17T18:48:05Z,
42.100.27.56,ipv4,malicious-ip,medium,WHITE,ziyadnz/hourly-ipv4,ziyadnz|hourly,2026-08-17T18:48:05Z,2026-08-17T18:48:05Z,
42.100.57.252,ipv4,malicious-ip,medium,WHITE,ziyadnz/hourly-ipv4,ziyadnz|hourly,2026-08-17T18:48:05Z,2026-08-17T18:48:05Z,
42.100.57.68,ipv4,malicious-ip,medium,WHITE,ziyadnz/hourly-ipv4,ziyadnz|hourly,2026-08-17T18:48:05Z,2026-08-17T18:48:05Z,
42.100.58.128,ipv4,malicious-ip,medium,WHITE,ziyadnz/hourly-ipv4,ziyadnz|hourly,2026-08-17T18:48:05Z,2026-08-17T18:48:05Z,
42.100.58.180,ipv4,malicious-ip,medium,WHITE,ziyadnz/hourly-ipv4,ziyadnz|hourly,2026-08-17T18:48:05Z,2026-08-17T18:48:05Z,
42.100.58.223,ipv4,malicious-ip,medium,WHITE,ziyadnz/hourly-ipv4,ziyadnz|hourly,2026-08-17T18:48:05Z,2026-08-17T18:48:05Z,
42.100.58.229,ipv4,malicious-ip,medium,WHITE,ziyadnz/hourly-ipv4,ziyadnz|hourly,2026-08-17T18:48:05Z,2026-08-17T18:48:05Z,
42.100.59.155,ipv4,malicious-ip,medium,WHITE,ziyadnz/hourly-ipv4,ziyadnz|hourly,2026-08-17T18:48:05Z,2026-08-17T18:48:05Z,
42.100.59.24,ipv4,malicious-ip,medium,WHITE,ziyadnz/hourly-ipv4,ziyadnz|hourly,2026-08-17T18:48:05Z,2026-08-17T18:48:05Z,
42.100.60.117,ipv4,malicious-ip,medium,WHITE,ziyadnz/hourly-ipv4,ziyadnz|hourly,2026-08-17T18:48:05Z,2026-08-17T18:48:05Z,
42.100.60.125,ipv4,malicious-ip,medium,WHITE,ziyadnz/hourly-ipv4,ziyadnz|hourly,2026-08-17T18:48:05Z,2026-08-17T18:48:05Z,
42.100.60.209,ipv4,malicious-ip,medium,WHITE,ziyadnz/hourly-ipv4,ziyadnz|hourly,2026-08-17T18:48:05Z,2026-08-17T18:48:05Z,
42.100.60.35,ipv4,malicious-ip,medium,WHITE,ziyadnz/hourly-ipv4,ziyadnz|hourly,2026-08-17T18:48:05Z,2026-08-17T18:48:05Z,
42.100.60.44,ipv4,malicious-ip,medium,WHITE,ziyadnz/hourly-ipv4,ziyadnz|hourly,2026-08-17T18:48:05Z,2026-08-17T18:48:05Z,
42.100.61.100,ipv4,malicious-ip,medium,WHITE,ziyadnz/hourly-ipv4,ziyadnz|hourly,2026-08-17T18:48:05Z,2026-08-17T18:48:05Z,
42.100.62.182,ipv4,malicious-ip,medium,WHITE,ziyadnz/hourly-ipv4,ziyadnz|hourly,2026-08-17T18:48:05Z,2026-08-17T18:48:05Z,
42.100.62.204,ipv4,malicious-ip,medium,WHITE,ziyadnz/hourly-ipv4,ziyadnz|hourly,2026-08-17T18:48:05Z,2026-08-17T18:48:05Z,
42.100.63.166,ipv4,malicious-ip,medium,WHITE,ziyadnz/hourly-ipv4,ziyadnz|hourly,2026-08-17T18:48:05Z,2026-08-17T18:48:05Z,
42.100.63.176,ipv4,malicious-ip,medium,WHITE,ziyadnz/hourly-ipv4,ziyadnz|hourly,2026-08-17T18:48:05Z,2026-08-17T18:48:05Z,
42.100.63.180,ipv4,malicious-ip,medium,WHITE,ziyadnz/hourly-ipv4,ziyadnz|hourly,2026-08-17T18:48:05Z,2026-08-17T18:48:05Z,
42.100.63.213,ipv4,malicious-ip,medium,WHITE,ziyadnz/hourly-ipv4,ziyadnz|hourly,2026-08-17T18:48:05Z,2026-08-17T18:48:05Z,
42.101.44.37,ipv4,malicious-ip,medium,WHITE,ziyadnz/hourly-ipv4,ziyadnz|hourly,2026-08-17T18:48:05Z,2026-08-17T18:48:05Z,
42.102.117.213,ipv4,malicious-ip,medium,WHITE,ziyadnz/hourly-ipv4,ziyadnz|hourly,2026-08-17T18:48:05Z,2026-08-17T18:48:05Z,
42.106.134.35,ipv4,malicious-ip,medium,WHITE,ziyadnz/hourly-ipv4,ziyadnz|hourly,2026-08-17T18:48:05Z,2026-08-17T18:48:05Z,
42.106.149.102,ipv4,malicious-ip,medium,WHITE,ziyadnz/hourly-ipv4,ziyadnz|hourly,2026-08-17T18:48:05Z,2026-08-17T18:48:05Z,
42.107.140.229,ipv4,malicious-ip,medium,WHITE,ziyadnz/hourly-ipv4,ziyadnz|hourly,2026-08-17T18:48:05Z,2026-08-17T18:48:05Z,
42.107.140.87,ipv4,malicious-ip,medium,WHITE,ziyadnz/hourly-ipv4,ziyadnz|hourly,2026-08-17T18:48:05Z,2026-08-17T18:48:05Z,
42.107.208.213,ipv4,malicious-ip,medium,WHITE,ziyadnz/hourly-ipv4,ziyadnz|hourly,2026-08-17T18:48:05Z,2026-08-17T18:48:05Z,
42.107.213.220,ipv4,malicious-ip,medium,WHITE,ziyadnz/hourly-ipv4,ziyadnz|hourly,2026-08-17T18:48:05Z,2026-08-17T18:48:05Z,
42.107.213.71,ipv4,malicious-ip,medium,WHITE,ziyadnz/hourly-ipv4,ziyadnz|hourly,2026-08-17T18:48:05Z,2026-08-17T18:48:05Z,
42.109.128.71,ipv4,malicious-ip,medium,WHITE,ziyadnz/hourly-ipv4,ziyadnz|hourly,2026-08-17T18:48:05Z,2026-08-17T18:48:05Z,
42.109.146.46,ipv4,malicious-ip,medium,WHITE,ziyadnz/hourly-ipv4,ziyadnz|hourly,2026-08-17T18:48:05Z,2026-08-17T18:48:05Z,
42.112.129.200,ipv4,malicious-ip,medium,WHITE,ziyadnz/hourly-ipv4,ziyadnz|hourly,2026-08-17T18:48:05Z,2026-08-17T18:48:05Z,
42.112.168.112,ipv4,malicious-ip,medium,WHITE,ziyadnz/hourly-ipv4,ziyadnz|hourly,2026-08-17T18:48:05Z,2026-08-17T18:48:05Z,
42.112.26.36,ipv4,malicious-ip,medium,WHITE,ziyadnz/hourly-ipv4,ziyadnz|hourly,2026-08-17T18:48:05Z,2026-08-17T18:48:05Z,
42.112.26.45,ipv4,malicious-ip,medium,WHITE,ziyadnz/hourly-ipv4,ziyadnz|hourly,2026-08-17T18:48:05Z,2026-08-17T18:48:05Z,
42.113.119.123,ipv4,malicious-ip,medium,WHITE,ziyadnz/hourly-ipv4,ziyadnz|hourly,2026-08-17T18:48:05Z,2026-08-17T18:48:05Z,
42.113.119.163,ipv4,malicious-ip,medium,WHITE,ziyadnz/hourly-ipv4,ziyadnz|hourly,2026-08-17T18:48:05Z,2026-08-17T18:48:05Z,
42.113.242.194,ipv4,malicious-ip,medium,WHITE,ziyadnz/hourly-ipv4,ziyadnz|hourly,2026-08-17T18:48:05Z,2026-08-17T18:48:05Z,
42.115.204.148,ipv4,malicious-ip,medium,WHITE,ziyadnz/hourly-ipv4,ziyadnz|hourly,2026-08-17T18:48:05Z,2026-08-17T18:48:05Z,
42.115.88.200,ipv4,malicious-ip,medium,WHITE,ziyadnz/hourly-ipv4,ziyadnz|hourly,2026-08-17T18:48:05Z,2026-08-17T18:48:05Z,
42.116.14.247,ipv4,malicious-ip,medium,WHITE,ziyadnz/hourly-ipv4,ziyadnz|hourly,2026-08-17T18:48:05Z,2026-08-17T18:48:05Z,
42.116.184.127,ipv4,malicious-ip,medium,WHITE,ziyadnz/hourly-ipv4,ziyadnz|hourly,2026-08-17T18:48:05Z,2026-08-17T18:48:05Z,
42.116.35.246,ipv4,malicious-ip,medium,WHITE,ziyadnz/hourly-ipv4,ziyadnz|hourly,2026-08-17T18:48:05Z,2026-08-17T18:48:05Z,
42.118.116.206,ipv4,malicious-ip,medium,WHITE,ziyadnz/hourly-ipv4,ziyadnz|hourly,2026-08-17T18:48:05Z,2026-08-17T18:48:05Z,
42.118.16.80,ipv4,malicious-ip,medium,WHITE,ziyadnz/hourly-ipv4,ziyadnz|hourly,2026-08-17T18:48:05Z,2026-08-17T18:48:05Z,
42.119.111.97,ipv4,malicious-ip,medium,WHITE,ziyadnz/hourly-ipv4,ziyadnz|hourly,2026-08-17T18:48:05Z,2026-08-17T18:48:05Z,
42.119.4.158,ipv4,malicious-ip,medium,WHITE,ziyadnz/hourly-ipv4,ziyadnz|hourly,2026-08-17T18:48:05Z,2026-08-17T18:48:05Z,
42.119.42.233,ipv4,malicious-ip,medium,WHITE,ziyadnz/hourly-ipv4,ziyadnz|hourly,2026-08-17T18:48:05Z,2026-08-17T18:48:05Z,
42.119.42.249,ipv4,malicious-ip,medium,WHITE,ziyadnz/hourly-ipv4,ziyadnz|hourly,2026-08-17T18:48:05Z,2026-08-17T18:48:05Z,
42.119.92.52,ipv4,malicious-ip,medium,WHITE,ziyadnz/hourly-ipv4,ziyadnz|hourly,2026-08-17T18:48:05Z,2026-08-17T18:48:05Z,
42.119.93.218,ipv4,malicious-ip,medium,WHITE,ziyadnz/hourly-ipv4,ziyadnz|hourly,2026-08-17T18:48:05Z,2026-08-17T18:48:05Z,
42.121.111.112,ipv4,malicious-ip,medium,WHITE,ziyadnz/hourly-ipv4,ziyadnz|hourly,2026-08-17T18:48:05Z,2026-08-17T18:48:05Z,
42.121.219.54,ipv4,malicious-ip,medium,WHITE,ziyadnz/hourly-ipv4,ziyadnz|hourly,2026-08-17T18:48:05Z,2026-08-17T18:48:05Z,
42.121.254.48,ipv4,malicious-ip,medium,WHITE,ziyadnz/hourly-ipv4,ziyadnz|hourly,2026-08-17T18:48:05Z,2026-08-17T18:48:05Z,
42.122.66.172,ipv4,malicious-ip,medium,WHITE,ziyadnz/hourly-ipv4,ziyadnz|hourly,2026-08-17T18:48:05Z,2026-08-17T18:48:05Z,
42.123.121.114,ipv4,malicious-ip,medium,WHITE,ziyadnz/hourly-ipv4,ziyadnz|hourly,2026-08-17T18:48:05Z,2026-08-17T18:48:05Z,
42.123.123.238,ipv4,malicious-ip,medium,WHITE,ziyadnz/hourly-ipv4,ziyadnz|hourly,2026-08-17T18:48:05Z,2026-08-17T18:48:05Z,
42.123.123.77,ipv4,malicious-ip,medium,WHITE,ziyadnz/hourly-ipv4,ziyadnz|hourly,2026-08-17T18:48:05Z,2026-08-17T18:48:05Z,
42.123.124.192,ipv4,malicious-ip,medium,WHITE,ziyadnz/hourly-ipv4,ziyadnz|hourly,2026-08-17T18:48:05Z,2026-08-17T18:48:05Z,
42.123.126.29,ipv4,malicious-ip,medium,WHITE,ziyadnz/hourly-ipv4,ziyadnz|hourly,2026-08-17T18:48:05Z,2026-08-17T18:48:05Z,
42.123.72.50,ipv4,malicious-ip,medium,WHITE,ziyadnz/hourly-ipv4,ziyadnz|hourly,2026-08-17T18:48:05Z,2026-08-17T18:48:05Z,
42.177.76.174,ipv4,malicious-ip,medium,WHITE,ziyadnz/hourly-ipv4,ziyadnz|hourly,2026-08-17T18:48:05Z,2026-08-17T18:48:05Z,
42.178.146.236,ipv4,malicious-ip,medium,WHITE,ziyadnz/hourly-ipv4,ziyadnz|hourly,2026-08-17T18:48:05Z,2026-08-17T18:48:05Z,
42.180.4.166,ipv4,malicious-ip,medium,WHITE,ziyadnz/hourly-ipv4,ziyadnz|hourly,2026-08-17T18:48:05Z,2026-08-17T18:48:05Z,
42.180.83.183,ipv4,malicious-ip,medium,WHITE,ziyadnz/hourly-ipv4,ziyadnz|hourly,2026-08-17T18:48:05Z,2026-08-17T18:48:05Z,
42.191.102.253,ipv4,malicious-ip,medium,WHITE,ziyadnz/hourly-ipv4,ziyadnz|hourly,2026-08-17T18:48:05Z,2026-08-17T18:48:05Z,
42.192.106.149,ipv4,malicious-ip,medium,WHITE,ziyadnz/hourly-ipv4,ziyadnz|hourly,2026-08-17T18:48:05Z,2026-08-17T18:48:05Z,
42.192.206.174,ipv4,malicious-ip,medium,WHITE,ziyadnz/hourly-ipv4,ziyadnz|hourly,2026-08-17T18:48:05Z,2026-08-17T18:48:05Z,
42.192.5.77,ipv4,malicious-ip,medium,WHITE,ziyadnz/hourly-ipv4,ziyadnz|hourly,2026-08-17T18:48:05Z,2026-08-17T18:48:05Z,
42.193.121.206,ipv4,malicious-ip,medium,WHITE,ziyadnz/hourly-ipv4,ziyadnz|hourly,2026-08-17T18:48:05Z,2026-08-17T18:48:05Z,
42.193.122.146,ipv4,malicious-ip,medium,WHITE,ziyadnz/hourly-ipv4,ziyadnz|hourly,2026-08-17T18:48:05Z,2026-08-17T18:48:05Z,
42.193.137.243,ipv4,malicious-ip,medium,WHITE,ziyadnz/hourly-ipv4,ziyadnz|hourly,2026-08-17T18:48:05Z,2026-08-17T18:48:05Z,
42.193.148.52,ipv4,malicious-ip,medium,WHITE,ziyadnz/hourly-ipv4,ziyadnz|hourly,2026-08-17T18:48:05Z,2026-08-17T18:48:05Z,
42.193.154.91,ipv4,malicious-ip,medium,WHITE,ziyadnz/hourly-ipv4,ziyadnz|hourly,2026-08-17T18:48:05Z,2026-08-17T18:48:05Z,
42.193.174.134,ipv4,malicious-ip,medium,WHITE,ziyadnz/hourly-ipv4,ziyadnz|hourly,2026-08-17T18:48:05Z,2026-08-17T18:48:05Z,
42.193.185.122,ipv4,malicious-ip,medium,WHITE,ziyadnz/hourly-ipv4,ziyadnz|hourly,2026-08-17T18:48:05Z,2026-08-17T18:48:05Z,
42.193.201.58,ipv4,malicious-ip,medium,WHITE,ziyadnz/hourly-ipv4,ziyadnz|hourly,2026-08-17T18:48:05Z,2026-08-17T18:48:05Z,
42.193.229.200,ipv4,malicious-ip,medium,WHITE,ziyadnz/hourly-ipv4,ziyadnz|hourly,2026-08-17T18:48:05Z,2026-08-17T18:48:05Z,
42.193.242.180,ipv4,malicious-ip,medium,WHITE,ziyadnz/hourly-ipv4,ziyadnz|hourly,2026-08-17T18:48:05Z,2026-08-17T18:48:05Z,
42.193.99.27,ipv4,malicious-ip,medium,WHITE,ziyadnz/hourly-ipv4,ziyadnz|hourly,2026-08-17T18:48:05Z,2026-08-17T18:48:05Z,
42.194.145.140,ipv4,malicious-ip,medium,WHITE,ziyadnz/hourly-ipv4,ziyadnz|hourly,2026-08-17T18:48:05Z,2026-08-17T18:48:05Z,
42.194.187.12,ipv4,malicious-ip,medium,WHITE,ziyadnz/hourly-ipv4,ziyadnz|hourly,2026-08-17T18:48:05Z,2026-08-17T18:48:05Z,
42.194.202.99,ipv4,malicious-ip,medium,WHITE,ziyadnz/hourly-ipv4,ziyadnz|hourly,2026-08-17T18:48:05Z,2026-08-17T18:48:05Z,
42.194.225.248,ipv4,malicious-ip,medium,WHITE,ziyadnz/hourly-ipv4,ziyadnz|hourly,2026-08-17T18:48:05Z,2026-08-17T18:48:05Z,
42.194.226.229,ipv4,malicious-ip,medium,WHITE,ziyadnz/hourly-ipv4,ziyadnz|hourly,2026-08-17T18:48:05Z,2026-08-17T18:48:05Z,
42.194.240.188,ipv4,malicious-ip,medium,WHITE,ziyadnz/hourly-ipv4,ziyadnz|hourly,2026-08-17T18:48:05Z,2026-08-17T18:48:05Z,
42.194.245.125,ipv4,malicious-ip,medium,WHITE,ziyadnz/hourly-ipv4,ziyadnz|hourly,2026-08-17T18:48:05Z,2026-08-17T18:48:05Z,
42.200.111.13,ipv4,malicious-ip,medium,WHITE,ziyadnz/hourly-ipv4,ziyadnz|hourly,2026-08-17T18:48:05Z,2026-08-17T18:48:05Z,
42.200.142.163,ipv4,malicious-ip,medium,WHITE,ziyadnz/hourly-ipv4,ziyadnz|hourly,2026-08-17T18:48:05Z,2026-08-17T18:48:05Z,
42.200.172.14,ipv4,malicious-ip,medium,WHITE,ziyadnz/hourly-ipv4,ziyadnz|hourly,2026-08-17T18:48:05Z,2026-08-17T18:48:05Z,
42.200.172.59,ipv4,malicious-ip,medium,WHITE,ziyadnz/hourly-ipv4,ziyadnz|hourly,2026-08-17T18:48:05Z,2026-08-17T18:48:05Z,
42.200.193.83,ipv4,malicious-ip,medium,WHITE,ziyadnz/hourly-ipv4,ziyadnz|hourly,2026-08-17T18:48:05Z,2026-08-17T18:48:05Z,
42.200.212.95,ipv4,malicious-ip,medium,WHITE,ziyadnz/hourly-ipv4,ziyadnz|hourly,2026-08-17T18:48:05Z,2026-08-17T18:48:05Z,
42.200.213.82,ipv4,malicious-ip,medium,WHITE,ziyadnz/hourly-ipv4,ziyadnz|hourly,2026-08-17T18:48:05Z,2026-08-17T18:48:05Z,
42.200.231.182,ipv4,malicious-ip,medium,WHITE,ziyadnz/hourly-ipv4,ziyadnz|hourly,2026-08-17T18:48:05Z,2026-08-17T18:48:05Z,
42.200.231.39,ipv4,malicious-ip,medium,WHITE,ziyadnz/hourly-ipv4,ziyadnz|hourly,2026-08-17T18:48:05Z,2026-08-17T18:48:05Z,
42.202.60.28,ipv4,malicious-ip,medium,WHITE,ziyadnz/hourly-ipv4,ziyadnz|hourly,2026-08-17T18:48:05Z,2026-08-17T18:48:05Z,
42.203.68.77,ipv4,malicious-ip,medium,WHITE,ziyadnz/hourly-ipv4,ziyadnz|hourly,2026-08-17T18:48:05Z,2026-08-17T18:48:05Z,
42.224.140.170,ipv4,malicious-ip,medium,WHITE,ziyadnz/hourly-ipv4,ziyadnz|hourly,2026-08-17T18:48:05Z,2026-08-17T18:48:05Z,
42.224.196.18,ipv4,malicious-ip,medium,WHITE,ziyadnz/hourly-ipv4,ziyadnz|hourly,2026-08-17T18:48:05Z,2026-08-17T18:48:05Z,
42.224.4.4,ipv4,malicious-ip,medium,WHITE,ziyadnz/hourly-ipv4,ziyadnz|hourly,2026-08-17T18:48:05Z,2026-08-17T18:48:05Z,
42.224.8.122,ipv4,malicious-ip,medium,WHITE,ziyadnz/hourly-ipv4,ziyadnz|hourly,2026-08-17T18:48:05Z,2026-08-17T18:48:05Z,
42.225.152.69,ipv4,malicious-ip,medium,WHITE,ziyadnz/hourly-ipv4,ziyadnz|hourly,2026-08-17T18:48:05Z,2026-08-17T18:48:05Z,
42.225.219.53,ipv4,malicious-ip,medium,WHITE,ziyadnz/hourly-ipv4,ziyadnz|hourly,2026-08-17T18:48:05Z,2026-08-17T18:48:05Z,
42.226.74.101,ipv4,malicious-ip,medium,WHITE,ziyadnz/hourly-ipv4,ziyadnz|hourly,2026-08-17T18:48:05Z,2026-08-17T18:48:05Z,
42.227.113.69,ipv4,malicious-ip,medium,WHITE,ziyadnz/hourly-ipv4,ziyadnz|hourly,2026-08-17T18:48:05Z,2026-08-17T18:48:05Z,
42.227.172.218,ipv4,malicious-ip,medium,WHITE,ziyadnz/hourly-ipv4,ziyadnz|hourly,2026-08-17T18:48:05Z,2026-08-17T18:48:05Z,
42.227.200.11,ipv4,malicious-ip,medium,WHITE,ziyadnz/hourly-ipv4,ziyadnz|hourly,2026-08-17T18:48:05Z,2026-08-17T18:48:05Z,
42.227.34.50,ipv4,malicious-ip,medium,WHITE,ziyadnz/hourly-ipv4,ziyadnz|hourly,2026-08-17T18:48:05Z,2026-08-17T18:48:05Z,
42.228.19.2,ipv4,malicious-ip,medium,WHITE,ziyadnz/hourly-ipv4,ziyadnz|hourly,2026-08-17T18:48:05Z,2026-08-17T18:48:05Z,
42.229.136.166,ipv4,malicious-ip,medium,WHITE,ziyadnz/hourly-ipv4,ziyadnz|hourly,2026-08-17T18:48:05Z,2026-08-17T18:48:05Z,
42.229.167.86,ipv4,malicious-ip,medium,WHITE,ziyadnz/hourly-ipv4,ziyadnz|hourly,2026-08-17T18:48:05Z,2026-08-17T18:48:05Z,
42.229.32.71,ipv4,malicious-ip,medium,WHITE,ziyadnz/hourly-ipv4,ziyadnz|hourly,2026-08-17T18:48:05Z,2026-08-17T18:48:05Z,
42.230.47.16,ipv4,malicious-ip,medium,WHITE,ziyadnz/hourly-ipv4,ziyadnz|hourly,2026-08-17T18:48:05Z,2026-08-17T18:48:05Z,
42.231.104.216,ipv4,malicious-ip,medium,WHITE,ziyadnz/hourly-ipv4,ziyadnz|hourly,2026-08-17T18:48:05Z,2026-08-17T18:48:05Z,
42.231.114.206,ipv4,malicious-ip,medium,WHITE,ziyadnz/hourly-ipv4,ziyadnz|hourly,2026-08-17T18:48:05Z,2026-08-17T18:48:05Z,
42.231.189.92,ipv4,malicious-ip,medium,WHITE,ziyadnz/hourly-ipv4,ziyadnz|hourly,2026-08-17T18:48:05Z,2026-08-17T18:48:05Z,
42.231.234.247,ipv4,malicious-ip,medium,WHITE,ziyadnz/hourly-ipv4,ziyadnz|hourly,2026-08-17T18:48:05Z,2026-08-17T18:48:05Z,
42.231.254.11,ipv4,malicious-ip,medium,WHITE,ziyadnz/hourly-ipv4,ziyadnz|hourly,2026-08-17T18:48:05Z,2026-08-17T18:48:05Z,
42.231.44.238,ipv4,malicious-ip,medium,WHITE,ziyadnz/hourly-ipv4,ziyadnz|hourly,2026-08-17T18:48:05Z,2026-08-17T18:48:05Z,
42.231.52.36,ipv4,malicious-ip,medium,WHITE,ziyadnz/hourly-ipv4,ziyadnz|hourly,2026-08-17T18:48:05Z,2026-08-17T18:48:05Z,
42.232.228.116,ipv4,malicious-ip,medium,WHITE,ziyadnz/hourly-ipv4,ziyadnz|hourly,2026-08-17T18:48:05Z,2026-08-17T18:48:05Z,
42.232.85.191,ipv4,malicious-ip,medium,WHITE,ziyadnz/hourly-ipv4,ziyadnz|hourly,2026-08-17T18:48:05Z,2026-08-17T18:48:05Z,
42.233.105.79,ipv4,malicious-ip,medium,WHITE,ziyadnz/hourly-ipv4,ziyadnz|hourly,2026-08-17T18:48:05Z,2026-08-17T18:48:05Z,
42.233.154.221,ipv4,malicious-ip,medium,WHITE,ziyadnz/hourly-ipv4,ziyadnz|hourly,2026-08-17T18:48:05Z,2026-08-17T18:48:05Z,
42.233.195.187,ipv4,malicious-ip,medium,WHITE,ziyadnz/hourly-ipv4,ziyadnz|hourly,2026-08-17T18:48:05Z,2026-08-17T18:48:05Z,
42.233.195.230,ipv4,malicious-ip,medium,WHITE,ziyadnz/hourly-ipv4,ziyadnz|hourly,2026-08-17T18:48:05Z,2026-08-17T18:48:05Z,
42.233.224.8,ipv4,malicious-ip,medium,WHITE,ziyadnz/hourly-ipv4,ziyadnz|hourly,2026-08-17T18:48:05Z,2026-08-17T18:48:05Z,
42.234.100.255,ipv4,malicious-ip,medium,WHITE,ziyadnz/hourly-ipv4,ziyadnz|hourly,2026-08-17T18:48:05Z,2026-08-17T18:48:05Z,
42.234.214.186,ipv4,malicious-ip,medium,WHITE,ziyadnz/hourly-ipv4,ziyadnz|hourly,2026-08-17T18:48:05Z,2026-08-17T18:48:05Z,
42.234.62.159,ipv4,malicious-ip,medium,WHITE,ziyadnz/hourly-ipv4,ziyadnz|hourly,2026-08-17T18:48:05Z,2026-08-17T18:48:05Z,
42.235.94.115,ipv4,malicious-ip,medium,WHITE,ziyadnz/hourly-ipv4,ziyadnz|hourly,2026-08-17T18:48:05Z,2026-08-17T18:48:05Z,
42.236.73.172,ipv4,malicious-ip,medium,WHITE,ziyadnz/hourly-ipv4,ziyadnz|hourly,2026-08-17T18:48:05Z,2026-08-17T18:48:05Z,
42.237.104.125,ipv4,malicious-ip,medium,WHITE,ziyadnz/hourly-ipv4,ziyadnz|hourly,2026-08-17T18:48:05Z,2026-08-17T18:48:05Z,
42.237.5.22,ipv4,malicious-ip,medium,WHITE,ziyadnz/hourly-ipv4,ziyadnz|hourly,2026-08-17T18:48:05Z,2026-08-17T18:48:05Z,
42.238.139.107,ipv4,malicious-ip,medium,WHITE,ziyadnz/hourly-ipv4,ziyadnz|hourly,2026-08-17T18:48:05Z,2026-08-17T18:48:05Z,
42.238.139.91,ipv4,malicious-ip,medium,WHITE,ziyadnz/hourly-ipv4,ziyadnz|hourly,2026-08-17T18:48:05Z,2026-08-17T18:48:05Z,
42.238.198.204,ipv4,malicious-ip,medium,WHITE,ziyadnz/hourly-ipv4,ziyadnz|hourly,2026-08-17T18:48:05Z,2026-08-17T18:48:05Z,
42.238.22.160,ipv4,malicious-ip,medium,WHITE,ziyadnz/hourly-ipv4,ziyadnz|hourly,2026-08-17T18:48:05Z,2026-08-17T18:48:05Z,
42.239.147.31,ipv4,malicious-ip,medium,WHITE,ziyadnz/hourly-ipv4,ziyadnz|hourly,2026-08-17T18:48:05Z,2026-08-17T18:48:05Z,
42.239.158.82,ipv4,malicious-ip,medium,WHITE,ziyadnz/hourly-ipv4,ziyadnz|hourly,2026-08-17T18:48:05Z,2026-08-17T18:48:05Z,
42.239.227.39,ipv4,malicious-ip,medium,WHITE,ziyadnz/hourly-ipv4,ziyadnz|hourly,2026-08-17T18:48:05Z,2026-08-17T18:48:05Z,
42.239.90.57,ipv4,malicious-ip,medium,WHITE,ziyadnz/hourly-ipv4,ziyadnz|hourly,2026-08-17T18:48:05Z,2026-08-17T18:48:05Z,
42.240.134.226,ipv4,malicious-ip,medium,WHITE,ziyadnz/hourly-ipv4,ziyadnz|hourly,2026-08-17T18:48:05Z,2026-08-17T18:48:05Z,
42.242.156.120,ipv4,malicious-ip,medium,WHITE,ziyadnz/hourly-ipv4,ziyadnz|hourly,2026-08-17T18:48:05Z,2026-08-17T18:48:05Z,
42.243.133.112,ipv4,malicious-ip,medium,WHITE,ziyadnz/hourly-ipv4,ziyadnz|hourly,2026-08-17T18:48:05Z,2026-08-17T18:48:05Z,
42.252.99.59,ipv4,malicious-ip,medium,WHITE,ziyadnz/hourly-ipv4,ziyadnz|hourly,2026-08-17T18:48:05Z,2026-08-17T18:48:05Z,
42.48.195.22,ipv4,malicious-ip,medium,WHITE,ziyadnz/hourly-ipv4,ziyadnz|hourly,2026-08-17T18:48:05Z,2026-08-17T18:48:05Z,
42.48.81.118,ipv4,malicious-ip,medium,WHITE,ziyadnz/hourly-ipv4,ziyadnz|hourly,2026-08-17T18:48:05Z,2026-08-17T18:48:05Z,
42.49.201.24,ipv4,malicious-ip,medium,WHITE,ziyadnz/hourly-ipv4,ziyadnz|hourly,2026-08-17T18:48:05Z,2026-08-17T18:48:05Z,
42.5.187.38,ipv4,malicious-ip,medium,WHITE,ziyadnz/hourly-ipv4,ziyadnz|hourly,2026-08-17T18:48:05Z,2026-08-17T18:48:05Z,
42.5.3.34,ipv4,malicious-ip,medium,WHITE,ziyadnz/hourly-ipv4,ziyadnz|hourly,2026-08-17T18:48:05Z,2026-08-17T18:48:05Z,
42.51.13.91,ipv4,malicious-ip,medium,WHITE,ziyadnz/hourly-ipv4,ziyadnz|hourly,2026-08-17T18:48:05Z,2026-08-17T18:48:05Z,
42.51.32.228,ipv4,malicious-ip,medium,WHITE,ziyadnz/hourly-ipv4,ziyadnz|hourly,2026-08-17T18:48:05Z,2026-08-17T18:48:05Z,
42.51.33.162,ipv4,malicious-ip,medium,WHITE,ziyadnz/hourly-ipv4,ziyadnz|hourly,2026-08-17T18:48:05Z,2026-08-17T18:48:05Z,
42.51.34.251,ipv4,malicious-ip,medium,WHITE,ziyadnz/hourly-ipv4,ziyadnz|hourly,2026-08-17T18:48:05Z,2026-08-17T18:48:05Z,
42.51.40.180,ipv4,malicious-ip,medium,WHITE,ziyadnz/hourly-ipv4,ziyadnz|hourly,2026-08-17T18:48:05Z,2026-08-17T18:48:05Z,
42.51.40.184,ipv4,malicious-ip,medium,WHITE,ziyadnz/hourly-ipv4,ziyadnz|hourly,2026-08-17T18:48:05Z,2026-08-17T18:48:05Z,
42.51.40.99,ipv4,malicious-ip,medium,WHITE,ziyadnz/hourly-ipv4,ziyadnz|hourly,2026-08-17T18:48:05Z,2026-08-17T18:48:05Z,
42.51.41.137,ipv4,malicious-ip,medium,WHITE,ziyadnz/hourly-ipv4,ziyadnz|hourly,2026-08-17T18:48:05Z,2026-08-17T18:48:05Z,
42.51.41.201,ipv4,malicious-ip,medium,WHITE,ziyadnz/hourly-ipv4,ziyadnz|hourly,2026-08-17T18:48:05Z,2026-08-17T18:48:05Z,
42.51.41.252,ipv4,malicious-ip,medium,WHITE,ziyadnz/hourly-ipv4,ziyadnz|hourly,2026-08-17T18:48:05Z,2026-08-17T18:48:05Z,
42.51.42.209,ipv4,malicious-ip,medium,WHITE,ziyadnz/hourly-ipv4,ziyadnz|hourly,2026-08-17T18:48:05Z,2026-08-17T18:48:05Z,
42.51.45.158,ipv4,malicious-ip,medium,WHITE,ziyadnz/hourly-ipv4,ziyadnz|hourly,2026-08-17T18:48:05Z,2026-08-17T18:48:05Z,
42.51.49.239,ipv4,malicious-ip,medium,WHITE,ziyadnz/hourly-ipv4,ziyadnz|hourly,2026-08-17T18:48:05Z,2026-08-17T18:48:05Z,
42.52.248.116,ipv4,malicious-ip,medium,WHITE,ziyadnz/hourly-ipv4,ziyadnz|hourly,2026-08-17T18:48:05Z,2026-08-17T18:48:05Z,
42.53.135.127,ipv4,malicious-ip,medium,WHITE,ziyadnz/hourly-ipv4,ziyadnz|hourly,2026-08-17T18:48:05Z,2026-08-17T18:48:05Z,
42.54.9.235,ipv4,malicious-ip,medium,WHITE,ziyadnz/hourly-ipv4,ziyadnz|hourly,2026-08-17T18:48:05Z,2026-08-17T18:48:05Z,
42.56.190.246,ipv4,malicious-ip,medium,WHITE,ziyadnz/hourly-ipv4,ziyadnz|hourly,2026-08-17T18:48:05Z,2026-08-17T18:48:05Z,
42.57.129.129,ipv4,malicious-ip,medium,WHITE,ziyadnz/hourly-ipv4,ziyadnz|hourly,2026-08-17T18:48:05Z,2026-08-17T18:48:05Z,
42.57.33.245,ipv4,malicious-ip,medium,WHITE,ziyadnz/hourly-ipv4,ziyadnz|hourly,2026-08-17T18:48:05Z,2026-08-17T18:48:05Z,
42.59.117.60,ipv4,malicious-ip,medium,WHITE,ziyadnz/hourly-ipv4,ziyadnz|hourly,2026-08-17T18:48:05Z,2026-08-17T18:48:05Z,
42.59.153.62,ipv4,malicious-ip,medium,WHITE,ziyadnz/hourly-ipv4,ziyadnz|hourly,2026-08-17T18:48:05Z,2026-08-17T18:48:05Z,
42.59.156.132,ipv4,malicious-ip,medium,WHITE,ziyadnz/hourly-ipv4,ziyadnz|hourly,2026-08-17T18:48:05Z,2026-08-17T18:48:05Z,
42.59.156.66,ipv4,malicious-ip,medium,WHITE,ziyadnz/hourly-ipv4,ziyadnz|hourly,2026-08-17T18:48:05Z,2026-08-17T18:48:05Z,
42.59.200.38,ipv4,malicious-ip,medium,WHITE,ziyadnz/hourly-ipv4,ziyadnz|hourly,2026-08-17T18:48:05Z,2026-08-17T18:48:05Z,
42.59.204.119,ipv4,malicious-ip,medium,WHITE,ziyadnz/hourly-ipv4,ziyadnz|hourly,2026-08-17T18:48:05Z,2026-08-17T18:48:05Z,
42.7.143.224,ipv4,malicious-ip,medium,WHITE,ziyadnz/hourly-ipv4,ziyadnz|hourly,2026-08-17T18:48:05Z,2026-08-17T18:48:05Z,
42.7.180.255,ipv4,malicious-ip,medium,WHITE,ziyadnz/hourly-ipv4,ziyadnz|hourly,2026-08-17T18:48:05Z,2026-08-17T18:48:05Z,
42.81.126.27,ipv4,malicious-ip,medium,WHITE,ziyadnz/hourly-ipv4,ziyadnz|hourly,2026-08-17T18:48:05Z,2026-08-17T18:48:05Z,
42.81.216.141,ipv4,malicious-ip,medium,WHITE,ziyadnz/hourly-ipv4,ziyadnz|hourly,2026-08-17T18:48:05Z,2026-08-17T18:48:05Z,
42.82.180.58,ipv4,malicious-ip,medium,WHITE,ziyadnz/hourly-ipv4,ziyadnz|hourly,2026-08-17T18:48:05Z,2026-08-17T18:48:05Z,
42.82.224.73,ipv4,malicious-ip,medium,WHITE,ziyadnz/hourly-ipv4,ziyadnz|hourly,2026-08-17T18:48:05Z,2026-08-17T18:48:05Z,
42.82.224.83,ipv4,malicious-ip,medium,WHITE,ziyadnz/hourly-ipv4,ziyadnz|hourly,2026-08-17T18:48:05Z,2026-08-17T18:48:05Z,
42.82.237.139,ipv4,malicious-ip,medium,WHITE,ziyadnz/hourly-ipv4,ziyadnz|hourly,2026-08-17T18:48:05Z,2026-08-17T18:48:05Z,
42.82.237.142,ipv4,malicious-ip,medium,WHITE,ziyadnz/hourly-ipv4,ziyadnz|hourly,2026-08-17T18:48:05Z,2026-08-17T18:48:05Z,
42.82.237.8,ipv4,malicious-ip,medium,WHITE,ziyadnz/hourly-ipv4,ziyadnz|hourly,2026-08-17T18:48:05Z,2026-08-17T18:48:05Z,
42.84.228.232,ipv4,malicious-ip,medium,WHITE,ziyadnz/hourly-ipv4,ziyadnz|hourly,2026-08-17T18:48:05Z,2026-08-17T18:48:05Z,
42.86.140.155,ipv4,malicious-ip,medium,WHITE,ziyadnz/hourly-ipv4,ziyadnz|hourly,2026-08-17T18:48:05Z,2026-08-17T18:48:05Z,
42.86.204.248,ipv4,malicious-ip,medium,WHITE,ziyadnz/hourly-ipv4,ziyadnz|hourly,2026-08-17T18:48:05Z,2026-08-17T18:48:05Z,
42.86.73.79,ipv4,malicious-ip,medium,WHITE,ziyadnz/hourly-ipv4,ziyadnz|hourly,2026-08-17T18:48:05Z,2026-08-17T18:48:05Z,
42.87.173.217,ipv4,malicious-ip,medium,WHITE,ziyadnz/hourly-ipv4,ziyadnz|hourly,2026-08-17T18:48:05Z,2026-08-17T18:48:05Z,
42.92.124.33,ipv4,malicious-ip,medium,WHITE,ziyadnz/hourly-ipv4,ziyadnz|hourly,2026-08-17T18:48:05Z,2026-08-17T18:48:05Z,
42.92.202.100,ipv4,malicious-ip,medium,WHITE,ziyadnz/hourly-ipv4,ziyadnz|hourly,2026-08-17T18:48:05Z,2026-08-17T18:48:05Z,
42.96.17.227,ipv4,malicious-ip,medium,WHITE,ziyadnz/hourly-ipv4,ziyadnz|hourly,2026-08-17T18:48:05Z,2026-08-17T18:48:05Z,
42.96.17.228,ipv4,malicious-ip,medium,WHITE,ziyadnz/hourly-ipv4,ziyadnz|hourly,2026-08-17T18:48:05Z,2026-08-17T18:48:05Z,
42.96.17.249,ipv4,malicious-ip,medium,WHITE,ziyadnz/hourly-ipv4,ziyadnz|hourly,2026-08-17T18:48:05Z,2026-08-17T18:48:05Z,
42.96.19.157,ipv4,malicious-ip,medium,WHITE,ziyadnz/hourly-ipv4,ziyadnz|hourly,2026-08-17T18:48:05Z,2026-08-17T18:48:05Z,
42.96.33.3,ipv4,malicious-ip,medium,WHITE,ziyadnz/hourly-ipv4,ziyadnz|hourly,2026-08-17T18:48:05Z,2026-08-17T18:48:05Z,
42.96.4.94,ipv4,malicious-ip,medium,WHITE,ziyadnz/hourly-ipv4,ziyadnz|hourly,2026-08-17T18:48:05Z,2026-08-17T18:48:05Z,
42.96.43.148,ipv4,malicious-ip,medium,WHITE,ziyadnz/hourly-ipv4,ziyadnz|hourly,2026-08-17T18:48:05Z,2026-08-17T18:48:05Z,
42.98.121.218,ipv4,malicious-ip,medium,WHITE,ziyadnz/hourly-ipv4,ziyadnz|hourly,2026-08-17T18:48:05Z,2026-08-17T18:48:05Z,
42.98.214.130,ipv4,malicious-ip,medium,WHITE,ziyadnz/hourly-ipv4,ziyadnz|hourly,2026-08-17T18:48:05Z,2026-08-17T18:48:05Z,
42.98.5.225,ipv4,malicious-ip,medium,WHITE,ziyadnz/hourly-ipv4,ziyadnz|hourly,2026-08-17T18:48:05Z,2026-08-17T18:48:05Z,
43.100.6.101,ipv4,malicious-ip,medium,WHITE,ziyadnz/hourly-ipv4,ziyadnz|hourly,2026-08-17T18:48:05Z,2026-08-17T18:48:05Z,
43.100.80.224,ipv4,malicious-ip,medium,WHITE,ziyadnz/hourly-ipv4,ziyadnz|hourly,2026-08-17T18:48:05Z,2026-08-17T18:48:05Z,
43.103.44.223,ipv4,malicious-ip,medium,WHITE,ziyadnz/hourly-ipv4,ziyadnz|hourly,2026-08-17T18:48:05Z,2026-08-17T18:48:05Z,
43.103.47.32,ipv4,malicious-ip,medium,WHITE,ziyadnz/hourly-ipv4,ziyadnz|hourly,2026-08-17T18:48:05Z,2026-08-17T18:48:05Z,
43.103.49.52,ipv4,malicious-ip,medium,WHITE,ziyadnz/hourly-ipv4,ziyadnz|hourly,2026-08-17T18:48:05Z,2026-08-17T18:48:05Z,
43.103.52.114,ipv4,malicious-ip,medium,WHITE,ziyadnz/hourly-ipv4,ziyadnz|hourly,2026-08-17T18:48:05Z,2026-08-17T18:48:05Z,
43.103.52.52,ipv4,malicious-ip,medium,WHITE,ziyadnz/hourly-ipv4,ziyadnz|hourly,2026-08-17T18:48:05Z,2026-08-17T18:48:05Z,
43.106.142.143,ipv4,malicious-ip,medium,WHITE,ziyadnz/hourly-ipv4,ziyadnz|hourly,2026-08-17T18:48:05Z,2026-08-17T18:48:05Z,
43.106.4.251,ipv4,malicious-ip,medium,WHITE,ziyadnz/hourly-ipv4,ziyadnz|hourly,2026-08-17T18:48:05Z,2026-08-17T18:48:05Z,
43.106.48.137,ipv4,malicious-ip,medium,WHITE,ziyadnz/hourly-ipv4,ziyadnz|hourly,2026-08-17T18:48:05Z,2026-08-17T18:48:05Z,
43.106.48.185,ipv4,malicious-ip,medium,WHITE,ziyadnz/hourly-ipv4,ziyadnz|hourly,2026-08-17T18:48:05Z,2026-08-17T18:48:05Z,
43.106.48.221,ipv4,malicious-ip,medium,WHITE,ziyadnz/hourly-ipv4,ziyadnz|hourly,2026-08-17T18:48:05Z,2026-08-17T18:48:05Z,
43.106.48.36,ipv4,malicious-ip,medium,WHITE,ziyadnz/hourly-ipv4,ziyadnz|hourly,2026-08-17T18:48:05Z,2026-08-17T18:48:05Z,
43.106.49.116,ipv4,malicious-ip,medium,WHITE,ziyadnz/hourly-ipv4,ziyadnz|hourly,2026-08-17T18:48:05Z,2026-08-17T18:48:05Z,
43.106.49.126,ipv4,malicious-ip,medium,WHITE,ziyadnz/hourly-ipv4,ziyadnz|hourly,2026-08-17T18:48:05Z,2026-08-17T18:48:05Z,
43.106.49.164,ipv4,malicious-ip,medium,WHITE,ziyadnz/hourly-ipv4,ziyadnz|hourly,2026-08-17T18:48:05Z,2026-08-17T18:48:05Z,
43.106.49.222,ipv4,malicious-ip,medium,WHITE,ziyadnz/hourly-ipv4,ziyadnz|hourly,2026-08-17T18:48:05Z,2026-08-17T18:48:05Z,
43.106.50.130,ipv4,malicious-ip,medium,WHITE,ziyadnz/hourly-ipv4,ziyadnz|hourly,2026-08-17T18:48:05Z,2026-08-17T18:48:05Z,
43.106.50.147,ipv4,malicious-ip,medium,WHITE,ziyadnz/hourly-ipv4,ziyadnz|hourly,2026-08-17T18:48:05Z,2026-08-17T18:48:05Z,
43.106.50.192,ipv4,malicious-ip,medium,WHITE,ziyadnz/hourly-ipv4,ziyadnz|hourly,2026-08-17T18:48:05Z,2026-08-17T18:48:05Z,
43.106.51.101,ipv4,malicious-ip,medium,WHITE,ziyadnz/hourly-ipv4,ziyadnz|hourly,2026-08-17T18:48:05Z,2026-08-17T18:48:05Z,
43.106.51.116,ipv4,malicious-ip,medium,WHITE,ziyadnz/hourly-ipv4,ziyadnz|hourly,2026-08-17T18:48:05Z,2026-08-17T18:48:05Z,
43.108.14.37,ipv4,malicious-ip,medium,WHITE,ziyadnz/hourly-ipv4,ziyadnz|hourly,2026-08-17T18:48:05Z,2026-08-17T18:48:05Z,
43.108.17.172,ipv4,malicious-ip,medium,WHITE,ziyadnz/hourly-ipv4,ziyadnz|hourly,2026-08-17T18:48:05Z,2026-08-17T18:48:05Z,
43.108.34.145,ipv4,malicious-ip,medium,WHITE,ziyadnz/hourly-ipv4,ziyadnz|hourly,2026-08-17T18:48:05Z,2026-08-17T18:48:05Z,
43.108.34.65,ipv4,malicious-ip,medium,WHITE,ziyadnz/hourly-ipv4,ziyadnz|hourly,2026-08-17T18:48:05Z,2026-08-17T18:48:05Z,
43.108.35.231,ipv4,malicious-ip,medium,WHITE,ziyadnz/hourly-ipv4,ziyadnz|hourly,2026-08-17T18:48:05Z,2026-08-17T18:48:05Z,
43.108.38.160,ipv4,malicious-ip,medium,WHITE,ziyadnz/hourly-ipv4,ziyadnz|hourly,2026-08-17T18:48:05Z,2026-08-17T18:48:05Z,
43.108.38.3,ipv4,malicious-ip,medium,WHITE,ziyadnz/hourly-ipv4,ziyadnz|hourly,2026-08-17T18:48:05Z,2026-08-17T18:48:05Z,
43.108.47.221,ipv4,malicious-ip,medium,WHITE,ziyadnz/hourly-ipv4,ziyadnz|hourly,2026-08-17T18:48:05Z,2026-08-17T18:48:05Z,
43.108.8.203,ipv4,malicious-ip,medium,WHITE,ziyadnz/hourly-ipv4,ziyadnz|hourly,2026-08-17T18:48:05Z,2026-08-17T18:48:05Z,
43.110.36.163,ipv4,malicious-ip,medium,WHITE,ziyadnz/hourly-ipv4,ziyadnz|hourly,2026-08-17T18:48:05Z,2026-08-17T18:48:05Z,
43.110.36.69,ipv4,malicious-ip,medium,WHITE,ziyadnz/hourly-ipv4,ziyadnz|hourly,2026-08-17T18:48:05Z,2026-08-17T18:48:05Z,
43.110.37.217,ipv4,malicious-ip,medium,WHITE,ziyadnz/hourly-ipv4,ziyadnz|hourly,2026-08-17T18:48:05Z,2026-08-17T18:48:05Z,
43.110.38.5,ipv4,malicious-ip,medium,WHITE,ziyadnz/hourly-ipv4,ziyadnz|hourly,2026-08-17T18:48:05Z,2026-08-17T18:48:05Z,
43.128.100.201,ipv4,malicious-ip,medium,WHITE,ziyadnz/hourly-ipv4,ziyadnz|hourly,2026-08-17T18:48:05Z,2026-08-17T18:48:05Z,
43.128.101.247,ipv4,malicious-ip,medium,WHITE,ziyadnz/hourly-ipv4,ziyadnz|hourly,2026-08-17T18:48:05Z,2026-08-17T18:48:05Z,
43.128.102.61,ipv4,malicious-ip,medium,WHITE,ziyadnz/hourly-ipv4,ziyadnz|hourly,2026-08-17T18:48:05Z,2026-08-17T18:48:05Z,
43.128.105.139,ipv4,malicious-ip,medium,WHITE,ziyadnz/hourly-ipv4,ziyadnz|hourly,2026-08-17T18:48:05Z,2026-08-17T18:48:05Z,
43.128.105.214,ipv4,malicious-ip,medium,WHITE,ziyadnz/hourly-ipv4,ziyadnz|hourly,2026-08-17T18:48:05Z,2026-08-17T18:48:05Z,
43.128.106.207,ipv4,malicious-ip,medium,WHITE,ziyadnz/hourly-ipv4,ziyadnz|hourly,2026-08-17T18:48:05Z,2026-08-17T18:48:05Z,
43.128.106.237,ipv4,malicious-ip,medium,WHITE,ziyadnz/hourly-ipv4,ziyadnz|hourly,2026-08-17T18:48:05Z,2026-08-17T18:48:05Z,
43.128.107.129,ipv4,malicious-ip,medium,WHITE,ziyadnz/hourly-ipv4,ziyadnz|hourly,2026-08-17T18:48:05Z,2026-08-17T18:48:05Z,
43.128.110.64,ipv4,malicious-ip,medium,WHITE,ziyadnz/hourly-ipv4,ziyadnz|hourly,2026-08-17T18:48:05Z,2026-08-17T18:48:05Z,
43.128.111.187,ipv4,malicious-ip,medium,WHITE,ziyadnz/hourly-ipv4,ziyadnz|hourly,2026-08-17T18:48:05Z,2026-08-17T18:48:05Z,
43.128.111.31,ipv4,malicious-ip,medium,WHITE,ziyadnz/hourly-ipv4,ziyadnz|hourly,2026-08-17T18:48:05Z,2026-08-17T18:48:05Z,
43.128.112.183,ipv4,malicious-ip,medium,WHITE,ziyadnz/hourly-ipv4,ziyadnz|hourly,2026-08-17T18:48:05Z,2026-08-17T18:48:05Z,
43.128.112.197,ipv4,malicious-ip,medium,WHITE,ziyadnz/hourly-ipv4,ziyadnz|hourly,2026-08-17T18:48:05Z,2026-08-17T18:48:05Z,
43.128.120.247,ipv4,malicious-ip,medium,WHITE,ziyadnz/hourly-ipv4,ziyadnz|hourly,2026-08-17T18:48:05Z,2026-08-17T18:48:05Z,
43.128.122.242,ipv4,malicious-ip,medium,WHITE,ziyadnz/hourly-ipv4,ziyadnz|hourly,2026-08-17T18:48:05Z,2026-08-17T18:48:05Z,
43.128.142.30,ipv4,malicious-ip,medium,WHITE,ziyadnz/hourly-ipv4,ziyadnz|hourly,2026-08-17T18:48:05Z,2026-08-17T18:48:05Z,
43.128.149.102,ipv4,malicious-ip,medium,WHITE,ziyadnz/hourly-ipv4,ziyadnz|hourly,2026-08-17T18:48:05Z,2026-08-17T18:48:05Z,
43.128.149.159,ipv4,malicious-ip,medium,WHITE,ziyadnz/hourly-ipv4,ziyadnz|hourly,2026-08-17T18:48:05Z,2026-08-17T18:48:05Z,
43.128.156.124,ipv4,malicious-ip,medium,WHITE,ziyadnz/hourly-ipv4,ziyadnz|hourly,2026-08-17T18:48:05Z,2026-08-17T18:48:05Z,
43.128.23.104,ipv4,malicious-ip,medium,WHITE,ziyadnz/hourly-ipv4,ziyadnz|hourly,2026-08-17T18:48:05Z,2026-08-17T18:48:05Z,
43.128.232.117,ipv4,malicious-ip,medium,WHITE,ziyadnz/hourly-ipv4,ziyadnz|hourly,2026-08-17T18:48:05Z,2026-08-17T18:48:05Z,
43.128.237.167,ipv4,malicious-ip,medium,WHITE,ziyadnz/hourly-ipv4,ziyadnz|hourly,2026-08-17T18:48:05Z,2026-08-17T18:48:05Z,
43.128.237.224,ipv4,malicious-ip,medium,WHITE,ziyadnz/hourly-ipv4,ziyadnz|hourly,2026-08-17T18:48:05Z,2026-08-17T18:48:05Z,
43.128.26.132,ipv4,malicious-ip,medium,WHITE,ziyadnz/hourly-ipv4,ziyadnz|hourly,2026-08-17T18:48:05Z,2026-08-17T18:48:05Z,
43.128.39.134,ipv4,malicious-ip,medium,WHITE,ziyadnz/hourly-ipv4,ziyadnz|hourly,2026-08-17T18:48:05Z,2026-08-17T18:48:05Z,
43.128.60.40,ipv4,malicious-ip,medium,WHITE,ziyadnz/hourly-ipv4,ziyadnz|hourly,2026-08-17T18:48:05Z,2026-08-17T18:48:05Z,
43.128.66.198,ipv4,malicious-ip,medium,WHITE,ziyadnz/hourly-ipv4,ziyadnz|hourly,2026-08-17T18:48:05Z,2026-08-17T18:48:05Z,
43.128.66.35,ipv4,malicious-ip,medium,WHITE,ziyadnz/hourly-ipv4,ziyadnz|hourly,2026-08-17T18:48:05Z,2026-08-17T18:48:05Z,
43.128.67.185,ipv4,malicious-ip,medium,WHITE,ziyadnz/hourly-ipv4,ziyadnz|hourly,2026-08-17T18:48:05Z,2026-08-17T18:48:05Z,
43.128.68.24,ipv4,malicious-ip,medium,WHITE,ziyadnz/hourly-ipv4,ziyadnz|hourly,2026-08-17T18:48:05Z,2026-08-17T18:48:05Z,
43.128.68.62,ipv4,malicious-ip,medium,WHITE,ziyadnz/hourly-ipv4,ziyadnz|hourly,2026-08-17T18:48:05Z,2026-08-17T18:48:05Z,
43.128.68.83,ipv4,malicious-ip,medium,WHITE,ziyadnz/hourly-ipv4,ziyadnz|hourly,2026-08-17T18:48:05Z,2026-08-17T18:48:05Z,
43.128.69.195,ipv4,malicious-ip,medium,WHITE,ziyadnz/hourly-ipv4,ziyadnz|hourly,2026-08-17T18:48:05Z,2026-08-17T18:48:05Z,
43.128.69.90,ipv4,malicious-ip,medium,WHITE,ziyadnz/hourly-ipv4,ziyadnz|hourly,2026-08-17T18:48:05Z,2026-08-17T18:48:05Z,
43.128.71.100,ipv4,malicious-ip,medium,WHITE,ziyadnz/hourly-ipv4,ziyadnz|hourly,2026-08-17T18:48:05Z,2026-08-17T18:48:05Z,
43.128.71.41,ipv4,malicious-ip,medium,WHITE,ziyadnz/hourly-ipv4,ziyadnz|hourly,2026-08-17T18:48:05Z,2026-08-17T18:48:05Z,
43.128.72.189,ipv4,malicious-ip,medium,WHITE,ziyadnz/hourly-ipv4,ziyadnz|hourly,2026-08-17T18:48:05Z,2026-08-17T18:48:05Z,
43.128.73.234,ipv4,malicious-ip,medium,WHITE,ziyadnz/hourly-ipv4,ziyadnz|hourly,2026-08-17T18:48:05Z,2026-08-17T18:48:05Z,
43.128.84.41,ipv4,malicious-ip,medium,WHITE,ziyadnz/hourly-ipv4,ziyadnz|hourly,2026-08-17T18:48:05Z,2026-08-17T18:48:05Z,
43.128.85.101,ipv4,malicious-ip,medium,WHITE,ziyadnz/hourly-ipv4,ziyadnz|hourly,2026-08-17T18:48:05Z,2026-08-17T18:48:05Z,
43.128.86.117,ipv4,malicious-ip,medium,WHITE,ziyadnz/hourly-ipv4,ziyadnz|hourly,2026-08-17T18:48:05Z,2026-08-17T18:48:05Z,
43.129.172.230,ipv4,malicious-ip,medium,WHITE,ziyadnz/hourly-ipv4,ziyadnz|hourly,2026-08-17T18:48:05Z,2026-08-17T18:48:05Z,
43.129.187.217,ipv4,malicious-ip,medium,WHITE,ziyadnz/hourly-ipv4,ziyadnz|hourly,2026-08-17T18:48:05Z,2026-08-17T18:48:05Z,
43.129.211.157,ipv4,malicious-ip,medium,WHITE,ziyadnz/hourly-ipv4,ziyadnz|hourly,2026-08-17T18:48:05Z,2026-08-17T18:48:05Z,
43.129.233.146,ipv4,malicious-ip,medium,WHITE,ziyadnz/hourly-ipv4,ziyadnz|hourly,2026-08-17T18:48:05Z,2026-08-17T18:48:05Z,
43.129.233.99,ipv4,malicious-ip,medium,WHITE,ziyadnz/hourly-ipv4,ziyadnz|hourly,2026-08-17T18:48:05Z,2026-08-17T18:48:05Z,
43.129.241.249,ipv4,malicious-ip,medium,WHITE,ziyadnz/hourly-ipv4,ziyadnz|hourly,2026-08-17T18:48:05Z,2026-08-17T18:48:05Z,
43.129.253.2,ipv4,malicious-ip,medium,WHITE,ziyadnz/hourly-ipv4,ziyadnz|hourly,2026-08-17T18:48:05Z,2026-08-17T18:48:05Z,
43.129.33.244,ipv4,malicious-ip,medium,WHITE,ziyadnz/hourly-ipv4,ziyadnz|hourly,2026-08-17T18:48:05Z,2026-08-17T18:48:05Z,
43.129.38.37,ipv4,malicious-ip,medium,WHITE,ziyadnz/hourly-ipv4,ziyadnz|hourly,2026-08-17T18:48:05Z,2026-08-17T18:48:05Z,
43.129.44.66,ipv4,malicious-ip,medium,WHITE,ziyadnz/hourly-ipv4,ziyadnz|hourly,2026-08-17T18:48:05Z,2026-08-17T18:48:05Z,
43.129.50.124,ipv4,malicious-ip,medium,WHITE,ziyadnz/hourly-ipv4,ziyadnz|hourly,2026-08-17T18:48:05Z,2026-08-17T18:48:05Z,
43.129.54.130,ipv4,malicious-ip,medium,WHITE,ziyadnz/hourly-ipv4,ziyadnz|hourly,2026-08-17T18:48:05Z,2026-08-17T18:48:05Z,
43.129.69.48,ipv4,malicious-ip,medium,WHITE,ziyadnz/hourly-ipv4,ziyadnz|hourly,2026-08-17T18:48:05Z,2026-08-17T18:48:05Z,
43.129.7.189,ipv4,malicious-ip,medium,WHITE,ziyadnz/hourly-ipv4,ziyadnz|hourly,2026-08-17T18:48:05Z,2026-08-17T18:48:05Z,
43.130.0.200,ipv4,malicious-ip,medium,WHITE,ziyadnz/hourly-ipv4,ziyadnz|hourly,2026-08-17T18:48:05Z,2026-08-17T18:48:05Z,
43.130.0.218,ipv4,malicious-ip,medium,WHITE,ziyadnz/hourly-ipv4,ziyadnz|hourly,2026-08-17T18:48:05Z,2026-08-17T18:48:05Z,
43.130.0.58,ipv4,malicious-ip,medium,WHITE,ziyadnz/hourly-ipv4,ziyadnz|hourly,2026-08-17T18:48:05Z,2026-08-17T18:48:05Z,
43.130.1.222,ipv4,malicious-ip,medium,WHITE,ziyadnz/hourly-ipv4,ziyadnz|hourly,2026-08-17T18:48:05Z,2026-08-17T18:48:05Z,
43.130.10.141,ipv4,malicious-ip,medium,WHITE,ziyadnz/hourly-ipv4,ziyadnz|hourly,2026-08-17T18:48:05Z,2026-08-17T18:48:05Z,
43.130.10.94,ipv4,malicious-ip,medium,WHITE,ziyadnz/hourly-ipv4,ziyadnz|hourly,2026-08-17T18:48:05Z,2026-08-17T18:48:05Z,
43.130.101.151,ipv4,malicious-ip,medium,WHITE,ziyadnz/hourly-ipv4,ziyadnz|hourly,2026-08-17T18:48:05Z,2026-08-17T18:48:05Z,
43.130.11.191,ipv4,malicious-ip,medium,WHITE,ziyadnz/hourly-ipv4,ziyadnz|hourly,2026-08-17T18:48:05Z,2026-08-17T18:48:05Z,
43.130.11.98,ipv4,malicious-ip,medium,WHITE,ziyadnz/hourly-ipv4,ziyadnz|hourly,2026-08-17T18:48:05Z,2026-08-17T18:48:05Z,
43.130.111.40,ipv4,malicious-ip,medium,WHITE,ziyadnz/hourly-ipv4,ziyadnz|hourly,2026-08-17T18:48:05Z,2026-08-17T18:48:05Z,
43.130.116.87,ipv4,malicious-ip,medium,WHITE,ziyadnz/hourly-ipv4,ziyadnz|hourly,2026-08-17T18:48:05Z,2026-08-17T18:48:05Z,
43.130.13.234,ipv4,malicious-ip,medium,WHITE,ziyadnz/hourly-ipv4,ziyadnz|hourly,2026-08-17T18:48:05Z,2026-08-17T18:48:05Z,
43.130.13.35,ipv4,malicious-ip,medium,WHITE,ziyadnz/hourly-ipv4,ziyadnz|hourly,2026-08-17T18:48:05Z,2026-08-17T18:48:05Z,
43.130.131.18,ipv4,malicious-ip,medium,WHITE,ziyadnz/hourly-ipv4,ziyadnz|hourly,2026-08-17T18:48:05Z,2026-08-17T18:48:05Z,
43.130.139.136,ipv4,malicious-ip,medium,WHITE,ziyadnz/hourly-ipv4,ziyadnz|hourly,2026-08-17T18:48:05Z,2026-08-17T18:48:05Z,
43.130.14.19,ipv4,malicious-ip,medium,WHITE,ziyadnz/hourly-ipv4,ziyadnz|hourly,2026-08-17T18:48:05Z,2026-08-17T18:48:05Z,
43.130.14.245,ipv4,malicious-ip,medium,WHITE,ziyadnz/hourly-ipv4,ziyadnz|hourly,2026-08-17T18:48:05Z,2026-08-17T18:48:05Z,
43.130.141.193,ipv4,malicious-ip,medium,WHITE,ziyadnz/hourly-ipv4,ziyadnz|hourly,2026-08-17T18:48:05Z,2026-08-17T18:48:05Z,
43.130.15.86,ipv4,malicious-ip,medium,WHITE,ziyadnz/hourly-ipv4,ziyadnz|hourly,2026-08-17T18:48:05Z,2026-08-17T18:48:05Z,
43.130.16.140,ipv4,malicious-ip,medium,WHITE,ziyadnz/hourly-ipv4,ziyadnz|hourly,2026-08-17T18:48:05Z,2026-08-17T18:48:05Z,
43.130.16.212,ipv4,malicious-ip,medium,WHITE,ziyadnz/hourly-ipv4,ziyadnz|hourly,2026-08-17T18:48:05Z,2026-08-17T18:48:05Z,
43.130.16.4,ipv4,malicious-ip,medium,WHITE,ziyadnz/hourly-ipv4,ziyadnz|hourly,2026-08-17T18:48:05Z,2026-08-17T18:48:05Z,
43.130.174.37,ipv4,malicious-ip,medium,WHITE,ziyadnz/hourly-ipv4,ziyadnz|hourly,2026-08-17T18:48:05Z,2026-08-17T18:48:05Z,
43.130.2.126,ipv4,malicious-ip,medium,WHITE,ziyadnz/hourly-ipv4,ziyadnz|hourly,2026-08-17T18:48:05Z,2026-08-17T18:48:05Z,
43.130.225.150,ipv4,malicious-ip,medium,WHITE,ziyadnz/hourly-ipv4,ziyadnz|hourly,2026-08-17T18:48:05Z,2026-08-17T18:48:05Z,
43.130.229.105,ipv4,malicious-ip,medium,WHITE,ziyadnz/hourly-ipv4,ziyadnz|hourly,2026-08-17T18:48:05Z,2026-08-17T18:48:05Z,
43.130.232.24,ipv4,malicious-ip,medium,WHITE,ziyadnz/hourly-ipv4,ziyadnz|hourly,2026-08-17T18:48:05Z,2026-08-17T18:48:05Z,
43.130.246.117,ipv4,malicious-ip,medium,WHITE,ziyadnz/hourly-ipv4,ziyadnz|hourly,2026-08-17T18:48:05Z,2026-08-17T18:48:05Z,
43.130.26.3,ipv4,malicious-ip,medium,WHITE,ziyadnz/hourly-ipv4,ziyadnz|hourly,2026-08-17T18:48:05Z,2026-08-17T18:48:05Z,
43.130.27.53,ipv4,malicious-ip,medium,WHITE,ziyadnz/hourly-ipv4,ziyadnz|hourly,2026-08-17T18:48:05Z,2026-08-17T18:48:05Z,
43.130.28.157,ipv4,malicious-ip,medium,WHITE,ziyadnz/hourly-ipv4,ziyadnz|hourly,2026-08-17T18:48:05Z,2026-08-17T18:48:05Z,
43.130.28.8,ipv4,malicious-ip,medium,WHITE,ziyadnz/hourly-ipv4,ziyadnz|hourly,2026-08-17T18:48:05Z,2026-08-17T18:48:05Z,
43.130.29.217,ipv4,malicious-ip,medium,WHITE,ziyadnz/hourly-ipv4,ziyadnz|hourly,2026-08-17T18:48:05Z,2026-08-17T18:48:05Z,
43.130.29.69,ipv4,malicious-ip,medium,WHITE,ziyadnz/hourly-ipv4,ziyadnz|hourly,2026-08-17T18:48:05Z,2026-08-17T18:48:05Z,
43.130.3.129,ipv4,malicious-ip,medium,WHITE,ziyadnz/hourly-ipv4,ziyadnz|hourly,2026-08-17T18:48:05Z,2026-08-17T18:48:05Z,
43.130.3.237,ipv4,malicious-ip,medium,WHITE,ziyadnz/hourly-ipv4,ziyadnz|hourly,2026-08-17T18:48:05Z,2026-08-17T18:48:05Z,
43.130.31.151,ipv4,malicious-ip,medium,WHITE,ziyadnz/hourly-ipv4,ziyadnz|hourly,2026-08-17T18:48:05Z,2026-08-17T18:48:05Z,
43.130.31.164,ipv4,malicious-ip,medium,WHITE,ziyadnz/hourly-ipv4,ziyadnz|hourly,2026-08-17T18:48:05Z,2026-08-17T18:48:05Z,
43.130.31.17,ipv4,malicious-ip,medium,WHITE,ziyadnz/hourly-ipv4,ziyadnz|hourly,2026-08-17T18:48:05Z,2026-08-17T18:48:05Z,
43.130.33.245,ipv4,malicious-ip,medium,WHITE,ziyadnz/hourly-ipv4,ziyadnz|hourly,2026-08-17T18:48:05Z,2026-08-17T18:48:05Z,
43.130.33.97,ipv4,malicious-ip,medium,WHITE,ziyadnz/hourly-ipv4,ziyadnz|hourly,2026-08-17T18:48:05Z,2026-08-17T18:48:05Z,
43.130.34.74,ipv4,malicious-ip,medium,WHITE,ziyadnz/hourly-ipv4,ziyadnz|hourly,2026-08-17T18:48:05Z,2026-08-17T18:48:05Z,
43.130.35.229,ipv4,malicious-ip,medium,WHITE,ziyadnz/hourly-ipv4,ziyadnz|hourly,2026-08-17T18:48:05Z,2026-08-17T18:48:05Z,
43.130.36.12,ipv4,malicious-ip,medium,WHITE,ziyadnz/hourly-ipv4,ziyadnz|hourly,2026-08-17T18:48:05Z,2026-08-17T18:48:05Z,
43.130.36.207,ipv4,malicious-ip,medium,WHITE,ziyadnz/hourly-ipv4,ziyadnz|hourly,2026-08-17T18:48:05Z,2026-08-17T18:48:05Z,
43.130.36.39,ipv4,malicious-ip,medium,WHITE,ziyadnz/hourly-ipv4,ziyadnz|hourly,2026-08-17T18:48:05Z,2026-08-17T18:48:05Z,
43.130.36.78,ipv4,malicious-ip,medium,WHITE,ziyadnz/hourly-ipv4,ziyadnz|hourly,2026-08-17T18:48:05Z,2026-08-17T18:48:05Z,
43.130.36.97,ipv4,malicious-ip,medium,WHITE,ziyadnz/hourly-ipv4,ziyadnz|hourly,2026-08-17T18:48:05Z,2026-08-17T18:48:05Z,
43.130.37.10,ipv4,malicious-ip,medium,WHITE,ziyadnz/hourly-ipv4,ziyadnz|hourly,2026-08-17T18:48:05Z,2026-08-17T18:48:05Z,
43.130.37.243,ipv4,malicious-ip,medium,WHITE,ziyadnz/hourly-ipv4,ziyadnz|hourly,2026-08-17T18:48:05Z,2026-08-17T18:48:05Z,
43.130.38.88,ipv4,malicious-ip,medium,WHITE,ziyadnz/hourly-ipv4,ziyadnz|hourly,2026-08-17T18:48:05Z,2026-08-17T18:48:05Z,
43.130.39.169,ipv4,malicious-ip,medium,WHITE,ziyadnz/hourly-ipv4,ziyadnz|hourly,2026-08-17T18:48:05Z,2026-08-17T18:48:05Z,
43.130.39.62,ipv4,malicious-ip,medium,WHITE,ziyadnz/hourly-ipv4,ziyadnz|hourly,2026-08-17T18:48:05Z,2026-08-17T18:48:05Z,
43.130.40.194,ipv4,malicious-ip,medium,WHITE,ziyadnz/hourly-ipv4,ziyadnz|hourly,2026-08-17T18:48:05Z,2026-08-17T18:48:05Z,
43.130.41.190,ipv4,malicious-ip,medium,WHITE,ziyadnz/hourly-ipv4,ziyadnz|hourly,2026-08-17T18:48:05Z,2026-08-17T18:48:05Z,
43.130.44.24,ipv4,malicious-ip,medium,WHITE,ziyadnz/hourly-ipv4,ziyadnz|hourly,2026-08-17T18:48:05Z,2026-08-17T18:48:05Z,
43.130.46.110,ipv4,malicious-ip,medium,WHITE,ziyadnz/hourly-ipv4,ziyadnz|hourly,2026-08-17T18:48:05Z,2026-08-17T18:48:05Z,
43.130.46.27,ipv4,malicious-ip,medium,WHITE,ziyadnz/hourly-ipv4,ziyadnz|hourly,2026-08-17T18:48:05Z,2026-08-17T18:48:05Z,
43.130.47.253,ipv4,malicious-ip,medium,WHITE,ziyadnz/hourly-ipv4,ziyadnz|hourly,2026-08-17T18:48:05Z,2026-08-17T18:48:05Z,
43.130.48.246,ipv4,malicious-ip,medium,WHITE,ziyadnz/hourly-ipv4,ziyadnz|hourly,2026-08-17T18:48:05Z,2026-08-17T18:48:05Z,
43.130.48.59,ipv4,malicious-ip,medium,WHITE,ziyadnz/hourly-ipv4,ziyadnz|hourly,2026-08-17T18:48:05Z,2026-08-17T18:48:05Z,
43.130.49.22,ipv4,malicious-ip,medium,WHITE,ziyadnz/hourly-ipv4,ziyadnz|hourly,2026-08-17T18:48:05Z,2026-08-17T18:48:05Z,
43.130.57.37,ipv4,malicious-ip,medium,WHITE,ziyadnz/hourly-ipv4,ziyadnz|hourly,2026-08-17T18:48:05Z,2026-08-17T18:48:05Z,
43.130.58.135,ipv4,malicious-ip,medium,WHITE,ziyadnz/hourly-ipv4,ziyadnz|hourly,2026-08-17T18:48:05Z,2026-08-17T18:48:05Z,
43.130.58.49,ipv4,malicious-ip,medium,WHITE,ziyadnz/hourly-ipv4,ziyadnz|hourly,2026-08-17T18:48:05Z,2026-08-17T18:48:05Z,
43.130.59.24,ipv4,malicious-ip,medium,WHITE,ziyadnz/hourly-ipv4,ziyadnz|hourly,2026-08-17T18:48:05Z,2026-08-17T18:48:05Z,
43.130.60.108,ipv4,malicious-ip,medium,WHITE,ziyadnz/hourly-ipv4,ziyadnz|hourly,2026-08-17T18:48:05Z,2026-08-17T18:48:05Z,
43.130.60.110,ipv4,malicious-ip,medium,WHITE,ziyadnz/hourly-ipv4,ziyadnz|hourly,2026-08-17T18:48:05Z,2026-08-17T18:48:05Z,
43.130.60.195,ipv4,malicious-ip,medium,WHITE,ziyadnz/hourly-ipv4,ziyadnz|hourly,2026-08-17T18:48:05Z,2026-08-17T18:48:05Z,
43.130.60.240,ipv4,malicious-ip,medium,WHITE,ziyadnz/hourly-ipv4,ziyadnz|hourly,2026-08-17T18:48:05Z,2026-08-17T18:48:05Z,
43.130.61.103,ipv4,malicious-ip,medium,WHITE,ziyadnz/hourly-ipv4,ziyadnz|hourly,2026-08-17T18:48:05Z,2026-08-17T18:48:05Z,
43.130.61.20,ipv4,malicious-ip,medium,WHITE,ziyadnz/hourly-ipv4,ziyadnz|hourly,2026-08-17T18:48:05Z,2026-08-17T18:48:05Z,
43.130.62.68,ipv4,malicious-ip,medium,WHITE,ziyadnz/hourly-ipv4,ziyadnz|hourly,2026-08-17T18:48:05Z,2026-08-17T18:48:05Z,
43.130.67.33,ipv4,malicious-ip,medium,WHITE,ziyadnz/hourly-ipv4,ziyadnz|hourly,2026-08-17T18:48:05Z,2026-08-17T18:48:05Z,
43.130.71.237,ipv4,malicious-ip,medium,WHITE,ziyadnz/hourly-ipv4,ziyadnz|hourly,2026-08-17T18:48:05Z,2026-08-17T18:48:05Z,
43.130.72.177,ipv4,malicious-ip,medium,WHITE,ziyadnz/hourly-ipv4,ziyadnz|hourly,2026-08-17T18:48:05Z,2026-08-17T18:48:05Z,
43.130.9.111,ipv4,malicious-ip,medium,WHITE,ziyadnz/hourly-ipv4,ziyadnz|hourly,2026-08-17T18:48:05Z,2026-08-17T18:48:05Z,
43.131.17.204,ipv4,malicious-ip,medium,WHITE,ziyadnz/hourly-ipv4,ziyadnz|hourly,2026-08-17T18:48:05Z,2026-08-17T18:48:05Z,
43.131.23.154,ipv4,malicious-ip,medium,WHITE,ziyadnz/hourly-ipv4,ziyadnz|hourly,2026-08-17T18:48:05Z,2026-08-17T18:48:05Z,
43.131.243.61,ipv4,malicious-ip,medium,WHITE,ziyadnz/hourly-ipv4,ziyadnz|hourly,2026-08-17T18:48:05Z,2026-08-17T18:48:05Z,
43.131.253.14,ipv4,malicious-ip,medium,WHITE,ziyadnz/hourly-ipv4,ziyadnz|hourly,2026-08-17T18:48:05Z,2026-08-17T18:48:05Z,
43.131.26.226,ipv4,malicious-ip,medium,WHITE,ziyadnz/hourly-ipv4,ziyadnz|hourly,2026-08-17T18:48:05Z,2026-08-17T18:48:05Z,
43.131.32.36,ipv4,malicious-ip,medium,WHITE,ziyadnz/hourly-ipv4,ziyadnz|hourly,2026-08-17T18:48:05Z,2026-08-17T18:48:05Z,
43.131.36.84,ipv4,malicious-ip,medium,WHITE,ziyadnz/hourly-ipv4,ziyadnz|hourly,2026-08-17T18:48:05Z,2026-08-17T18:48:05Z,
43.131.39.179,ipv4,malicious-ip,medium,WHITE,ziyadnz/hourly-ipv4,ziyadnz|hourly,2026-08-17T18:48:05Z,2026-08-17T18:48:05Z,
43.131.45.213,ipv4,malicious-ip,medium,WHITE,ziyadnz/hourly-ipv4,ziyadnz|hourly,2026-08-17T18:48:05Z,2026-08-17T18:48:05Z,
43.131.58.26,ipv4,malicious-ip,medium,WHITE,ziyadnz/hourly-ipv4,ziyadnz|hourly,2026-08-17T18:48:05Z,2026-08-17T18:48:05Z,
43.132.105.118,ipv4,malicious-ip,medium,WHITE,ziyadnz/hourly-ipv4,ziyadnz|hourly,2026-08-17T18:48:05Z,2026-08-17T18:48:05Z,
43.132.150.89,ipv4,malicious-ip,medium,WHITE,ziyadnz/hourly-ipv4,ziyadnz|hourly,2026-08-17T18:48:05Z,2026-08-17T18:48:05Z,
43.132.196.160,ipv4,malicious-ip,medium,WHITE,ziyadnz/hourly-ipv4,ziyadnz|hourly,2026-08-17T18:48:05Z,2026-08-17T18:48:05Z,
43.132.208.152,ipv4,malicious-ip,medium,WHITE,ziyadnz/hourly-ipv4,ziyadnz|hourly,2026-08-17T18:48:05Z,2026-08-17T18:48:05Z,
43.132.212.111,ipv4,malicious-ip,medium,WHITE,ziyadnz/hourly-ipv4,ziyadnz|hourly,2026-08-17T18:48:05Z,2026-08-17T18:48:05Z,
43.132.215.237,ipv4,malicious-ip,medium,WHITE,ziyadnz/hourly-ipv4,ziyadnz|hourly,2026-08-17T18:48:05Z,2026-08-17T18:48:05Z,
43.132.227.251,ipv4,malicious-ip,medium,WHITE,ziyadnz/hourly-ipv4,ziyadnz|hourly,2026-08-17T18:48:05Z,2026-08-17T18:48:05Z,
43.132.228.37,ipv4,malicious-ip,medium,WHITE,ziyadnz/hourly-ipv4,ziyadnz|hourly,2026-08-17T18:48:05Z,2026-08-17T18:48:05Z,
43.132.235.4,ipv4,malicious-ip,medium,WHITE,ziyadnz/hourly-ipv4,ziyadnz|hourly,2026-08-17T18:48:05Z,2026-08-17T18:48:05Z,
43.133.11.30,ipv4,malicious-ip,medium,WHITE,ziyadnz/hourly-ipv4,ziyadnz|hourly,2026-08-17T18:48:05Z,2026-08-17T18:48:05Z,
43.133.139.6,ipv4,malicious-ip,medium,WHITE,ziyadnz/hourly-ipv4,ziyadnz|hourly,2026-08-17T18:48:05Z,2026-08-17T18:48:05Z,
43.133.148.170,ipv4,malicious-ip,medium,WHITE,ziyadnz/hourly-ipv4,ziyadnz|hourly,2026-08-17T18:48:05Z,2026-08-17T18:48:05Z,
43.133.186.13,ipv4,malicious-ip,medium,WHITE,ziyadnz/hourly-ipv4,ziyadnz|hourly,2026-08-17T18:48:05Z,2026-08-17T18:48:05Z,
43.133.187.11,ipv4,malicious-ip,medium,WHITE,ziyadnz/hourly-ipv4,ziyadnz|hourly,2026-08-17T18:48:05Z,2026-08-17T18:48:05Z,
43.133.190.103,ipv4,malicious-ip,medium,WHITE,ziyadnz/hourly-ipv4,ziyadnz|hourly,2026-08-17T18:48:05Z,2026-08-17T18:48:05Z,
43.133.191.75,ipv4,malicious-ip,medium,WHITE,ziyadnz/hourly-ipv4,ziyadnz|hourly,2026-08-17T18:48:05Z,2026-08-17T18:48:05Z,
43.133.194.186,ipv4,malicious-ip,medium,WHITE,ziyadnz/hourly-ipv4,ziyadnz|hourly,2026-08-17T18:48:05Z,2026-08-17T18:48:05Z,
43.133.220.37,ipv4,malicious-ip,medium,WHITE,ziyadnz/hourly-ipv4,ziyadnz|hourly,2026-08-17T18:48:05Z,2026-08-17T18:48:05Z,
43.133.221.163,ipv4,malicious-ip,medium,WHITE,ziyadnz/hourly-ipv4,ziyadnz|hourly,2026-08-17T18:48:05Z,2026-08-17T18:48:05Z,
43.133.234.40,ipv4,malicious-ip,medium,WHITE,ziyadnz/hourly-ipv4,ziyadnz|hourly,2026-08-17T18:48:05Z,2026-08-17T18:48:05Z,
43.133.253.253,ipv4,malicious-ip,medium,WHITE,ziyadnz/hourly-ipv4,ziyadnz|hourly,2026-08-17T18:48:05Z,2026-08-17T18:48:05Z,
43.133.26.159,ipv4,malicious-ip,medium,WHITE,ziyadnz/hourly-ipv4,ziyadnz|hourly,2026-08-17T18:48:05Z,2026-08-17T18:48:05Z,
43.133.34.13,ipv4,malicious-ip,medium,WHITE,ziyadnz/hourly-ipv4,ziyadnz|hourly,2026-08-17T18:48:05Z,2026-08-17T18:48:05Z,
43.133.35.186,ipv4,malicious-ip,medium,WHITE,ziyadnz/hourly-ipv4,ziyadnz|hourly,2026-08-17T18:48:05Z,2026-08-17T18:48:05Z,
43.133.36.176,ipv4,malicious-ip,medium,WHITE,ziyadnz/hourly-ipv4,ziyadnz|hourly,2026-08-17T18:48:05Z,2026-08-17T18:48:05Z,
43.133.39.206,ipv4,malicious-ip,medium,WHITE,ziyadnz/hourly-ipv4,ziyadnz|hourly,2026-08-17T18:48:05Z,2026-08-17T18:48:05Z,
43.133.40.156,ipv4,malicious-ip,medium,WHITE,ziyadnz/hourly-ipv4,ziyadnz|hourly,2026-08-17T18:48:05Z,2026-08-17T18:48:05Z,
43.133.41.233,ipv4,malicious-ip,medium,WHITE,ziyadnz/hourly-ipv4,ziyadnz|hourly,2026-08-17T18:48:05Z,2026-08-17T18:48:05Z,
43.133.41.37,ipv4,malicious-ip,medium,WHITE,ziyadnz/hourly-ipv4,ziyadnz|hourly,2026-08-17T18:48:05Z,2026-08-17T18:48:05Z,
43.133.5.118,ipv4,malicious-ip,medium,WHITE,ziyadnz/hourly-ipv4,ziyadnz|hourly,2026-08-17T18:48:05Z,2026-08-17T18:48:05Z,
43.133.59.29,ipv4,malicious-ip,medium,WHITE,ziyadnz/hourly-ipv4,ziyadnz|hourly,2026-08-17T18:48:05Z,2026-08-17T18:48:05Z,
43.133.60.217,ipv4,malicious-ip,medium,WHITE,ziyadnz/hourly-ipv4,ziyadnz|hourly,2026-08-17T18:48:05Z,2026-08-17T18:48:05Z,
43.133.60.94,ipv4,malicious-ip,medium,WHITE,ziyadnz/hourly-ipv4,ziyadnz|hourly,2026-08-17T18:48:05Z,2026-08-17T18:48:05Z,
43.133.61.11,ipv4,malicious-ip,medium,WHITE,ziyadnz/hourly-ipv4,ziyadnz|hourly,2026-08-17T18:48:05Z,2026-08-17T18:48:05Z,
43.133.62.188,ipv4,malicious-ip,medium,WHITE,ziyadnz/hourly-ipv4,ziyadnz|hourly,2026-08-17T18:48:05Z,2026-08-17T18:48:05Z,
43.133.65.220,ipv4,malicious-ip,medium,WHITE,ziyadnz/hourly-ipv4,ziyadnz|hourly,2026-08-17T18:48:05Z,2026-08-17T18:48:05Z,
43.133.80.51,ipv4,malicious-ip,medium,WHITE,ziyadnz/hourly-ipv4,ziyadnz|hourly,2026-08-17T18:48:05Z,2026-08-17T18:48:05Z,
43.134.0.191,ipv4,malicious-ip,medium,WHITE,ziyadnz/hourly-ipv4,ziyadnz|hourly,2026-08-17T18:48:05Z,2026-08-17T18:48:05Z,
43.134.0.85,ipv4,malicious-ip,medium,WHITE,ziyadnz/hourly-ipv4,ziyadnz|hourly,2026-08-17T18:48:05Z,2026-08-17T18:48:05Z,
43.134.1.45,ipv4,malicious-ip,medium,WHITE,ziyadnz/hourly-ipv4,ziyadnz|hourly,2026-08-17T18:48:05Z,2026-08-17T18:48:05Z,
43.134.10.23,ipv4,malicious-ip,medium,WHITE,ziyadnz/hourly-ipv4,ziyadnz|hourly,2026-08-17T18:48:05Z,2026-08-17T18:48:05Z,
43.134.100.154,ipv4,malicious-ip,medium,WHITE,ziyadnz/hourly-ipv4,ziyadnz|hourly,2026-08-17T18:48:05Z,2026-08-17T18:48:05Z,
43.134.100.175,ipv4,malicious-ip,medium,WHITE,ziyadnz/hourly-ipv4,ziyadnz|hourly,2026-08-17T18:48:05Z,2026-08-17T18:48:05Z,
43.134.100.20,ipv4,malicious-ip,medium,WHITE,ziyadnz/hourly-ipv4,ziyadnz|hourly,2026-08-17T18:48:05Z,2026-08-17T18:48:05Z,
43.134.102.13,ipv4,malicious-ip,medium,WHITE,ziyadnz/hourly-ipv4,ziyadnz|hourly,2026-08-17T18:48:05Z,2026-08-17T18:48:05Z,
43.134.102.240,ipv4,malicious-ip,medium,WHITE,ziyadnz/hourly-ipv4,ziyadnz|hourly,2026-08-17T18:48:05Z,2026-08-17T18:48:05Z,
43.134.103.217,ipv4,malicious-ip,medium,WHITE,ziyadnz/hourly-ipv4,ziyadnz|hourly,2026-08-17T18:48:05Z,2026-08-17T18:48:05Z,
43.134.103.74,ipv4,malicious-ip,medium,WHITE,ziyadnz/hourly-ipv4,ziyadnz|hourly,2026-08-17T18:48:05Z,2026-08-17T18:48:05Z,
43.134.104.121,ipv4,malicious-ip,medium,WHITE,ziyadnz/hourly-ipv4,ziyadnz|hourly,2026-08-17T18:48:05Z,2026-08-17T18:48:05Z,
43.134.104.184,ipv4,malicious-ip,medium,WHITE,ziyadnz/hourly-ipv4,ziyadnz|hourly,2026-08-17T18:48:05Z,2026-08-17T18:48:05Z,
43.134.104.218,ipv4,malicious-ip,medium,WHITE,ziyadnz/hourly-ipv4,ziyadnz|hourly,2026-08-17T18:48:05Z,2026-08-17T18:48:05Z,
43.134.109.147,ipv4,malicious-ip,medium,WHITE,ziyadnz/hourly-ipv4,ziyadnz|hourly,2026-08-17T18:48:05Z,2026-08-17T18:48:05Z,
43.134.110.87,ipv4,malicious-ip,medium,WHITE,ziyadnz/hourly-ipv4,ziyadnz|hourly,2026-08-17T18:48:05Z,2026-08-17T18:48:05Z,
43.134.112.216,ipv4,malicious-ip,medium,WHITE,ziyadnz/hourly-ipv4,ziyadnz|hourly,2026-08-17T18:48:05Z,2026-08-17T18:48:05Z,
43.134.112.237,ipv4,malicious-ip,medium,WHITE,ziyadnz/hourly-ipv4,ziyadnz|hourly,2026-08-17T18:48:05Z,2026-08-17T18:48:05Z,
43.134.113.23,ipv4,malicious-ip,medium,WHITE,ziyadnz/hourly-ipv4,ziyadnz|hourly,2026-08-17T18:48:05Z,2026-08-17T18:48:05Z,
43.134.114.43,ipv4,malicious-ip,medium,WHITE,ziyadnz/hourly-ipv4,ziyadnz|hourly,2026-08-17T18:48:05Z,2026-08-17T18:48:05Z,
43.134.114.90,ipv4,malicious-ip,medium,WHITE,ziyadnz/hourly-ipv4,ziyadnz|hourly,2026-08-17T18:48:05Z,2026-08-17T18:48:05Z,
43.134.117.237,ipv4,malicious-ip,medium,WHITE,ziyadnz/hourly-ipv4,ziyadnz|hourly,2026-08-17T18:48:05Z,2026-08-17T18:48:05Z,
43.134.12.12,ipv4,malicious-ip,medium,WHITE,ziyadnz/hourly-ipv4,ziyadnz|hourly,2026-08-17T18:48:05Z,2026-08-17T18:48:05Z,
43.134.120.245,ipv4,malicious-ip,medium,WHITE,ziyadnz/hourly-ipv4,ziyadnz|hourly,2026-08-17T18:48:05Z,2026-08-17T18:48:05Z,
43.134.122.107,ipv4,malicious-ip,medium,WHITE,ziyadnz/hourly-ipv4,ziyadnz|hourly,2026-08-17T18:48:05Z,2026-08-17T18:48:05Z,
43.134.122.166,ipv4,malicious-ip,medium,WHITE,ziyadnz/hourly-ipv4,ziyadnz|hourly,2026-08-17T18:48:05Z,2026-08-17T18:48:05Z,
43.134.124.193,ipv4,malicious-ip,medium,WHITE,ziyadnz/hourly-ipv4,ziyadnz|hourly,2026-08-17T18:48:05Z,2026-08-17T18:48:05Z,
43.134.125.191,ipv4,malicious-ip,medium,WHITE,ziyadnz/hourly-ipv4,ziyadnz|hourly,2026-08-17T18:48:05Z,2026-08-17T18:48:05Z,
43.134.13.135,ipv4,malicious-ip,medium,WHITE,ziyadnz/hourly-ipv4,ziyadnz|hourly,2026-08-17T18:48:05Z,2026-08-17T18:48:05Z,
43.134.13.67,ipv4,malicious-ip,medium,WHITE,ziyadnz/hourly-ipv4,ziyadnz|hourly,2026-08-17T18:48:05Z,2026-08-17T18:48:05Z,
43.134.130.2,ipv4,malicious-ip,medium,WHITE,ziyadnz/hourly-ipv4,ziyadnz|hourly,2026-08-17T18:48:05Z,2026-08-17T18:48:05Z,
43.134.141.186,ipv4,malicious-ip,medium,WHITE,ziyadnz/hourly-ipv4,ziyadnz|hourly,2026-08-17T18:48:05Z,2026-08-17T18:48:05Z,
43.134.141.99,ipv4,malicious-ip,medium,WHITE,ziyadnz/hourly-ipv4,ziyadnz|hourly,2026-08-17T18:48:05Z,2026-08-17T18:48:05Z,
43.134.142.121,ipv4,malicious-ip,medium,WHITE,ziyadnz/hourly-ipv4,ziyadnz|hourly,2026-08-17T18:48:05Z,2026-08-17T18:48:05Z,
43.134.142.173,ipv4,malicious-ip,medium,WHITE,ziyadnz/hourly-ipv4,ziyadnz|hourly,2026-08-17T18:48:05Z,2026-08-17T18:48:05Z,
43.134.142.250,ipv4,malicious-ip,medium,WHITE,ziyadnz/hourly-ipv4,ziyadnz|hourly,2026-08-17T18:48:05Z,2026-08-17T18:48:05Z,
43.134.142.42,ipv4,malicious-ip,medium,WHITE,ziyadnz/hourly-ipv4,ziyadnz|hourly,2026-08-17T18:48:05Z,2026-08-17T18:48:05Z,
43.134.15.174,ipv4,malicious-ip,medium,WHITE,ziyadnz/hourly-ipv4,ziyadnz|hourly,2026-08-17T18:48:05Z,2026-08-17T18:48:05Z,
43.134.16.233,ipv4,malicious-ip,medium,WHITE,ziyadnz/hourly-ipv4,ziyadnz|hourly,2026-08-17T18:48:05Z,2026-08-17T18:48:05Z,
43.134.163.229,ipv4,malicious-ip,medium,WHITE,ziyadnz/hourly-ipv4,ziyadnz|hourly,2026-08-17T18:48:05Z,2026-08-17T18:48:05Z,
43.134.163.73,ipv4,malicious-ip,medium,WHITE,ziyadnz/hourly-ipv4,ziyadnz|hourly,2026-08-17T18:48:05Z,2026-08-17T18:48:05Z,
43.134.165.205,ipv4,malicious-ip,medium,WHITE,ziyadnz/hourly-ipv4,ziyadnz|hourly,2026-08-17T18:48:05Z,2026-08-17T18:48:05Z,
43.134.165.239,ipv4,malicious-ip,medium,WHITE,ziyadnz/hourly-ipv4,ziyadnz|hourly,2026-08-17T18:48:05Z,2026-08-17T18:48:05Z,
43.134.167.218,ipv4,malicious-ip,medium,WHITE,ziyadnz/hourly-ipv4,ziyadnz|hourly,2026-08-17T18:48:05Z,2026-08-17T18:48:05Z,
43.134.167.82,ipv4,malicious-ip,medium,WHITE,ziyadnz/hourly-ipv4,ziyadnz|hourly,2026-08-17T18:48:05Z,2026-08-17T18:48:05Z,
43.134.168.33,ipv4,malicious-ip,medium,WHITE,ziyadnz/hourly-ipv4,ziyadnz|hourly,2026-08-17T18:48:05Z,2026-08-17T18:48:05Z,
43.134.17.228,ipv4,malicious-ip,medium,WHITE,ziyadnz/hourly-ipv4,ziyadnz|hourly,2026-08-17T18:48:05Z,2026-08-17T18:48:05Z,
43.134.174.106,ipv4,malicious-ip,medium,WHITE,ziyadnz/hourly-ipv4,ziyadnz|hourly,2026-08-17T18:48:05Z,2026-08-17T18:48:05Z,
43.134.174.204,ipv4,malicious-ip,medium,WHITE,ziyadnz/hourly-ipv4,ziyadnz|hourly,2026-08-17T18:48:05Z,2026-08-17T18:48:05Z,
43.134.175.151,ipv4,malicious-ip,medium,WHITE,ziyadnz/hourly-ipv4,ziyadnz|hourly,2026-08-17T18:48:05Z,2026-08-17T18:48:05Z,
43.134.175.218,ipv4,malicious-ip,medium,WHITE,ziyadnz/hourly-ipv4,ziyadnz|hourly,2026-08-17T18:48:05Z,2026-08-17T18:48:05Z,
43.134.177.220,ipv4,malicious-ip,medium,WHITE,ziyadnz/hourly-ipv4,ziyadnz|hourly,2026-08-17T18:48:05Z,2026-08-17T18:48:05Z,
43.134.177.27,ipv4,malicious-ip,medium,WHITE,ziyadnz/hourly-ipv4,ziyadnz|hourly,2026-08-17T18:48:05Z,2026-08-17T18:48:05Z,
43.134.18.49,ipv4,malicious-ip,medium,WHITE,ziyadnz/hourly-ipv4,ziyadnz|hourly,2026-08-17T18:48:05Z,2026-08-17T18:48:05Z,
43.134.181.248,ipv4,malicious-ip,medium,WHITE,ziyadnz/hourly-ipv4,ziyadnz|hourly,2026-08-17T18:48:05Z,2026-08-17T18:48:05Z,
43.134.182.227,ipv4,malicious-ip,medium,WHITE,ziyadnz/hourly-ipv4,ziyadnz|hourly,2026-08-17T18:48:05Z,2026-08-17T18:48:05Z,
43.134.182.81,ipv4,malicious-ip,medium,WHITE,ziyadnz/hourly-ipv4,ziyadnz|hourly,2026-08-17T18:48:05Z,2026-08-17T18:48:05Z,
43.134.183.141,ipv4,malicious-ip,medium,WHITE,ziyadnz/hourly-ipv4,ziyadnz|hourly,2026-08-17T18:48:05Z,2026-08-17T18:48:05Z,
43.134.184.25,ipv4,malicious-ip,medium,WHITE,ziyadnz/hourly-ipv4,ziyadnz|hourly,2026-08-17T18:48:05Z,2026-08-17T18:48:05Z,
43.134.184.253,ipv4,malicious-ip,medium,WHITE,ziyadnz/hourly-ipv4,ziyadnz|hourly,2026-08-17T18:48:05Z,2026-08-17T18:48:05Z,
43.134.185.147,ipv4,malicious-ip,medium,WHITE,ziyadnz/hourly-ipv4,ziyadnz|hourly,2026-08-17T18:48:05Z,2026-08-17T18:48:05Z,
43.134.186.184,ipv4,malicious-ip,medium,WHITE,ziyadnz/hourly-ipv4,ziyadnz|hourly,2026-08-17T18:48:05Z,2026-08-17T18:48:05Z,
43.134.188.32,ipv4,malicious-ip,medium,WHITE,ziyadnz/hourly-ipv4,ziyadnz|hourly,2026-08-17T18:48:05Z,2026-08-17T18:48:05Z,
43.134.188.74,ipv4,malicious-ip,medium,WHITE,ziyadnz/hourly-ipv4,ziyadnz|hourly,2026-08-17T18:48:05Z,2026-08-17T18:48:05Z,
43.134.2.239,ipv4,malicious-ip,medium,WHITE,ziyadnz/hourly-ipv4,ziyadnz|hourly,2026-08-17T18:48:05Z,2026-08-17T18:48:05Z,
43.134.22.100,ipv4,malicious-ip,medium,WHITE,ziyadnz/hourly-ipv4,ziyadnz|hourly,2026-08-17T18:48:05Z,2026-08-17T18:48:05Z,
43.134.22.167,ipv4,malicious-ip,medium,WHITE,ziyadnz/hourly-ipv4,ziyadnz|hourly,2026-08-17T18:48:05Z,2026-08-17T18:48:05Z,
43.134.22.22,ipv4,malicious-ip,medium,WHITE,ziyadnz/hourly-ipv4,ziyadnz|hourly,2026-08-17T18:48:05Z,2026-08-17T18:48:05Z,
43.134.225.131,ipv4,malicious-ip,medium,WHITE,ziyadnz/hourly-ipv4,ziyadnz|hourly,2026-08-17T18:48:05Z,2026-08-17T18:48:05Z,
43.134.228.151,ipv4,malicious-ip,medium,WHITE,ziyadnz/hourly-ipv4,ziyadnz|hourly,2026-08-17T18:48:05Z,2026-08-17T18:48:05Z,
43.134.228.189,ipv4,malicious-ip,medium,WHITE,ziyadnz/hourly-ipv4,ziyadnz|hourly,2026-08-17T18:48:05Z,2026-08-17T18:48:05Z,
43.134.229.144,ipv4,malicious-ip,medium,WHITE,ziyadnz/hourly-ipv4,ziyadnz|hourly,2026-08-17T18:48:05Z,2026-08-17T18:48:05Z,
43.134.229.19,ipv4,malicious-ip,medium,WHITE,ziyadnz/hourly-ipv4,ziyadnz|hourly,2026-08-17T18:48:05Z,2026-08-17T18:48:05Z,
43.134.229.242,ipv4,malicious-ip,medium,WHITE,ziyadnz/hourly-ipv4,ziyadnz|hourly,2026-08-17T18:48:05Z,2026-08-17T18:48:05Z,
43.134.229.48,ipv4,malicious-ip,medium,WHITE,ziyadnz/hourly-ipv4,ziyadnz|hourly,2026-08-17T18:48:05Z,2026-08-17T18:48:05Z,
43.134.23.41,ipv4,malicious-ip,medium,WHITE,ziyadnz/hourly-ipv4,ziyadnz|hourly,2026-08-17T18:48:05Z,2026-08-17T18:48:05Z,
43.134.231.213,ipv4,malicious-ip,medium,WHITE,ziyadnz/hourly-ipv4,ziyadnz|hourly,2026-08-17T18:48:05Z,2026-08-17T18:48:05Z,
43.134.231.36,ipv4,malicious-ip,medium,WHITE,ziyadnz/hourly-ipv4,ziyadnz|hourly,2026-08-17T18:48:05Z,2026-08-17T18:48:05Z,
43.134.236.36,ipv4,malicious-ip,medium,WHITE,ziyadnz/hourly-ipv4,ziyadnz|hourly,2026-08-17T18:48:05Z,2026-08-17T18:48:05Z,
43.134.237.128,ipv4,malicious-ip,medium,WHITE,ziyadnz/hourly-ipv4,ziyadnz|hourly,2026-08-17T18:48:05Z,2026-08-17T18:48:05Z,
43.134.238.223,ipv4,malicious-ip,medium,WHITE,ziyadnz/hourly-ipv4,ziyadnz|hourly,2026-08-17T18:48:05Z,2026-08-17T18:48:05Z,
43.134.24.11,ipv4,malicious-ip,medium,WHITE,ziyadnz/hourly-ipv4,ziyadnz|hourly,2026-08-17T18:48:05Z,2026-08-17T18:48:05Z,
43.134.25.105,ipv4,malicious-ip,medium,WHITE,ziyadnz/hourly-ipv4,ziyadnz|hourly,2026-08-17T18:48:05Z,2026-08-17T18:48:05Z,
43.134.25.139,ipv4,malicious-ip,medium,WHITE,ziyadnz/hourly-ipv4,ziyadnz|hourly,2026-08-17T18:48:05Z,2026-08-17T18:48:05Z,
43.134.25.249,ipv4,malicious-ip,medium,WHITE,ziyadnz/hourly-ipv4,ziyadnz|hourly,2026-08-17T18:48:05Z,2026-08-17T18:48:05Z,
43.134.26.151,ipv4,malicious-ip,medium,WHITE,ziyadnz/hourly-ipv4,ziyadnz|hourly,2026-08-17T18:48:05Z,2026-08-17T18:48:05Z,
43.134.27.11,ipv4,malicious-ip,medium,WHITE,ziyadnz/hourly-ipv4,ziyadnz|hourly,2026-08-17T18:48:05Z,2026-08-17T18:48:05Z,
43.134.27.142,ipv4,malicious-ip,medium,WHITE,ziyadnz/hourly-ipv4,ziyadnz|hourly,2026-08-17T18:48:05Z,2026-08-17T18:48:05Z,
43.134.27.26,ipv4,malicious-ip,medium,WHITE,ziyadnz/hourly-ipv4,ziyadnz|hourly,2026-08-17T18:48:05Z,2026-08-17T18:48:05Z,
43.134.27.32,ipv4,malicious-ip,medium,WHITE,ziyadnz/hourly-ipv4,ziyadnz|hourly,2026-08-17T18:48:05Z,2026-08-17T18:48:05Z,
43.134.27.52,ipv4,malicious-ip,medium,WHITE,ziyadnz/hourly-ipv4,ziyadnz|hourly,2026-08-17T18:48:05Z,2026-08-17T18:48:05Z,
43.134.28.107,ipv4,malicious-ip,medium,WHITE,ziyadnz/hourly-ipv4,ziyadnz|hourly,2026-08-17T18:48:05Z,2026-08-17T18:48:05Z,
43.134.28.150,ipv4,malicious-ip,medium,WHITE,ziyadnz/hourly-ipv4,ziyadnz|hourly,2026-08-17T18:48:05Z,2026-08-17T18:48:05Z,
43.134.28.29,ipv4,malicious-ip,medium,WHITE,ziyadnz/hourly-ipv4,ziyadnz|hourly,2026-08-17T18:48:05Z,2026-08-17T18:48:05Z,
43.134.29.124,ipv4,malicious-ip,medium,WHITE,ziyadnz/hourly-ipv4,ziyadnz|hourly,2026-08-17T18:48:05Z,2026-08-17T18:48:05Z,
43.134.29.231,ipv4,malicious-ip,medium,WHITE,ziyadnz/hourly-ipv4,ziyadnz|hourly,2026-08-17T18:48:05Z,2026-08-17T18:48:05Z,
43.134.29.26,ipv4,malicious-ip,medium,WHITE,ziyadnz/hourly-ipv4,ziyadnz|hourly,2026-08-17T18:48:05Z,2026-08-17T18:48:05Z,
43.134.3.111,ipv4,malicious-ip,medium,WHITE,ziyadnz/hourly-ipv4,ziyadnz|hourly,2026-08-17T18:48:05Z,2026-08-17T18:48:05Z,
43.134.3.169,ipv4,malicious-ip,medium,WHITE,ziyadnz/hourly-ipv4,ziyadnz|hourly,2026-08-17T18:48:05Z,2026-08-17T18:48:05Z,
43.134.3.96,ipv4,malicious-ip,medium,WHITE,ziyadnz/hourly-ipv4,ziyadnz|hourly,2026-08-17T18:48:05Z,2026-08-17T18:48:05Z,
43.134.31.226,ipv4,malicious-ip,medium,WHITE,ziyadnz/hourly-ipv4,ziyadnz|hourly,2026-08-17T18:48:05Z,2026-08-17T18:48:05Z,
43.134.32.136,ipv4,malicious-ip,medium,WHITE,ziyadnz/hourly-ipv4,ziyadnz|hourly,2026-08-17T18:48:05Z,2026-08-17T18:48:05Z,
43.134.32.65,ipv4,malicious-ip,medium,WHITE,ziyadnz/hourly-ipv4,ziyadnz|hourly,2026-08-17T18:48:05Z,2026-08-17T18:48:05Z,
43.134.33.250,ipv4,malicious-ip,medium,WHITE,ziyadnz/hourly-ipv4,ziyadnz|hourly,2026-08-17T18:48:05Z,2026-08-17T18:48:05Z,
43.134.35.12,ipv4,malicious-ip,medium,WHITE,ziyadnz/hourly-ipv4,ziyadnz|hourly,2026-08-17T18:48:05Z,2026-08-17T18:48:05Z,
43.134.37.25,ipv4,malicious-ip,medium,WHITE,ziyadnz/hourly-ipv4,ziyadnz|hourly,2026-08-17T18:48:05Z,2026-08-17T18:48:05Z,
43.134.38.171,ipv4,malicious-ip,medium,WHITE,ziyadnz/hourly-ipv4,ziyadnz|hourly,2026-08-17T18:48:05Z,2026-08-17T18:48:05Z,
43.134.38.185,ipv4,malicious-ip,medium,WHITE,ziyadnz/hourly-ipv4,ziyadnz|hourly,2026-08-17T18:48:05Z,2026-08-17T18:48:05Z,
43.134.39.159,ipv4,malicious-ip,medium,WHITE,ziyadnz/hourly-ipv4,ziyadnz|hourly,2026-08-17T18:48:05Z,2026-08-17T18:48:05Z,
43.134.39.226,ipv4,malicious-ip,medium,WHITE,ziyadnz/hourly-ipv4,ziyadnz|hourly,2026-08-17T18:48:05Z,2026-08-17T18:48:05Z,
43.134.39.26,ipv4,malicious-ip,medium,WHITE,ziyadnz/hourly-ipv4,ziyadnz|hourly,2026-08-17T18:48:05Z,2026-08-17T18:48:05Z,
43.134.42.6,ipv4,malicious-ip,medium,WHITE,ziyadnz/hourly-ipv4,ziyadnz|hourly,2026-08-17T18:48:05Z,2026-08-17T18:48:05Z,
43.134.46.186,ipv4,malicious-ip,medium,WHITE,ziyadnz/hourly-ipv4,ziyadnz|hourly,2026-08-17T18:48:05Z,2026-08-17T18:48:05Z,
43.134.46.188,ipv4,malicious-ip,medium,WHITE,ziyadnz/hourly-ipv4,ziyadnz|hourly,2026-08-17T18:48:05Z,2026-08-17T18:48:05Z,
43.134.49.202,ipv4,malicious-ip,medium,WHITE,ziyadnz/hourly-ipv4,ziyadnz|hourly,2026-08-17T18:48:05Z,2026-08-17T18:48:05Z,
43.134.51.147,ipv4,malicious-ip,medium,WHITE,ziyadnz/hourly-ipv4,ziyadnz|hourly,2026-08-17T18:48:05Z,2026-08-17T18:48:05Z,
43.134.52.155,ipv4,malicious-ip,medium,WHITE,ziyadnz/hourly-ipv4,ziyadnz|hourly,2026-08-17T18:48:05Z,2026-08-17T18:48:05Z,
43.134.53.225,ipv4,malicious-ip,medium,WHITE,ziyadnz/hourly-ipv4,ziyadnz|hourly,2026-08-17T18:48:05Z,2026-08-17T18:48:05Z,
43.134.54.78,ipv4,malicious-ip,medium,WHITE,ziyadnz/hourly-ipv4,ziyadnz|hourly,2026-08-17T18:48:05Z,2026-08-17T18:48:05Z,
43.134.55.151,ipv4,malicious-ip,medium,WHITE,ziyadnz/hourly-ipv4,ziyadnz|hourly,2026-08-17T18:48:05Z,2026-08-17T18:48:05Z,
43.134.56.214,ipv4,malicious-ip,medium,WHITE,ziyadnz/hourly-ipv4,ziyadnz|hourly,2026-08-17T18:48:05Z,2026-08-17T18:48:05Z,
43.134.56.240,ipv4,malicious-ip,medium,WHITE,ziyadnz/hourly-ipv4,ziyadnz|hourly,2026-08-17T18:48:05Z,2026-08-17T18:48:05Z,
43.134.56.77,ipv4,malicious-ip,medium,WHITE,ziyadnz/hourly-ipv4,ziyadnz|hourly,2026-08-17T18:48:05Z,2026-08-17T18:48:05Z,
43.134.58.15,ipv4,malicious-ip,medium,WHITE,ziyadnz/hourly-ipv4,ziyadnz|hourly,2026-08-17T18:48:05Z,2026-08-17T18:48:05Z,
43.134.58.45,ipv4,malicious-ip,medium,WHITE,ziyadnz/hourly-ipv4,ziyadnz|hourly,2026-08-17T18:48:05Z,2026-08-17T18:48:05Z,
43.134.59.158,ipv4,malicious-ip,medium,WHITE,ziyadnz/hourly-ipv4,ziyadnz|hourly,2026-08-17T18:48:05Z,2026-08-17T18:48:05Z,
43.134.60.100,ipv4,malicious-ip,medium,WHITE,ziyadnz/hourly-ipv4,ziyadnz|hourly,2026-08-17T18:48:05Z,2026-08-17T18:48:05Z,
43.134.60.116,ipv4,malicious-ip,medium,WHITE,ziyadnz/hourly-ipv4,ziyadnz|hourly,2026-08-17T18:48:05Z,2026-08-17T18:48:05Z,
43.134.60.66,ipv4,malicious-ip,medium,WHITE,ziyadnz/hourly-ipv4,ziyadnz|hourly,2026-08-17T18:48:05Z,2026-08-17T18:48:05Z,
43.134.61.186,ipv4,malicious-ip,medium,WHITE,ziyadnz/hourly-ipv4,ziyadnz|hourly,2026-08-17T18:48:05Z,2026-08-17T18:48:05Z,
43.134.61.3,ipv4,malicious-ip,medium,WHITE,ziyadnz/hourly-ipv4,ziyadnz|hourly,2026-08-17T18:48:05Z,2026-08-17T18:48:05Z,
43.134.62.67,ipv4,malicious-ip,medium,WHITE,ziyadnz/hourly-ipv4,ziyadnz|hourly,2026-08-17T18:48:05Z,2026-08-17T18:48:05Z,
43.134.63.33,ipv4,malicious-ip,medium,WHITE,ziyadnz/hourly-ipv4,ziyadnz|hourly,2026-08-17T18:48:05Z,2026-08-17T18:48:05Z,
43.134.64.117,ipv4,malicious-ip,medium,WHITE,ziyadnz/hourly-ipv4,ziyadnz|hourly,2026-08-17T18:48:05Z,2026-08-17T18:48:05Z,
43.134.67.245,ipv4,malicious-ip,medium,WHITE,ziyadnz/hourly-ipv4,ziyadnz|hourly,2026-08-17T18:48:05Z,2026-08-17T18:48:05Z,
43.134.67.7,ipv4,malicious-ip,medium,WHITE,ziyadnz/hourly-ipv4,ziyadnz|hourly,2026-08-17T18:48:05Z,2026-08-17T18:48:05Z,
43.134.67.93,ipv4,malicious-ip,medium,WHITE,ziyadnz/hourly-ipv4,ziyadnz|hourly,2026-08-17T18:48:05Z,2026-08-17T18:48:05Z,
43.134.68.154,ipv4,malicious-ip,medium,WHITE,ziyadnz/hourly-ipv4,ziyadnz|hourly,2026-08-17T18:48:05Z,2026-08-17T18:48:05Z,
43.134.68.207,ipv4,malicious-ip,medium,WHITE,ziyadnz/hourly-ipv4,ziyadnz|hourly,2026-08-17T18:48:05Z,2026-08-17T18:48:05Z,
43.134.68.29,ipv4,malicious-ip,medium,WHITE,ziyadnz/hourly-ipv4,ziyadnz|hourly,2026-08-17T18:48:05Z,2026-08-17T18:48:05Z,
43.134.71.112,ipv4,malicious-ip,medium,WHITE,ziyadnz/hourly-ipv4,ziyadnz|hourly,2026-08-17T18:48:05Z,2026-08-17T18:48:05Z,
43.134.71.6,ipv4,malicious-ip,medium,WHITE,ziyadnz/hourly-ipv4,ziyadnz|hourly,2026-08-17T18:48:05Z,2026-08-17T18:48:05Z,
43.134.71.92,ipv4,malicious-ip,medium,WHITE,ziyadnz/hourly-ipv4,ziyadnz|hourly,2026-08-17T18:48:05Z,2026-08-17T18:48:05Z,
43.134.72.170,ipv4,malicious-ip,medium,WHITE,ziyadnz/hourly-ipv4,ziyadnz|hourly,2026-08-17T18:48:05Z,2026-08-17T18:48:05Z,
43.134.72.220,ipv4,malicious-ip,medium,WHITE,ziyadnz/hourly-ipv4,ziyadnz|hourly,2026-08-17T18:48:05Z,2026-08-17T18:48:05Z,
43.134.78.217,ipv4,malicious-ip,medium,WHITE,ziyadnz/hourly-ipv4,ziyadnz|hourly,2026-08-17T18:48:05Z,2026-08-17T18:48:05Z,
43.134.82.122,ipv4,malicious-ip,medium,WHITE,ziyadnz/hourly-ipv4,ziyadnz|hourly,2026-08-17T18:48:05Z,2026-08-17T18:48:05Z,
43.134.82.23,ipv4,malicious-ip,medium,WHITE,ziyadnz/hourly-ipv4,ziyadnz|hourly,2026-08-17T18:48:05Z,2026-08-17T18:48:05Z,
43.134.87.90,ipv4,malicious-ip,medium,WHITE,ziyadnz/hourly-ipv4,ziyadnz|hourly,2026-08-17T18:48:05Z,2026-08-17T18:48:05Z,
43.134.9.123,ipv4,malicious-ip,medium,WHITE,ziyadnz/hourly-ipv4,ziyadnz|hourly,2026-08-17T18:48:05Z,2026-08-17T18:48:05Z,
43.134.9.189,ipv4,malicious-ip,medium,WHITE,ziyadnz/hourly-ipv4,ziyadnz|hourly,2026-08-17T18:48:05Z,2026-08-17T18:48:05Z,
43.134.90.181,ipv4,malicious-ip,medium,WHITE,ziyadnz/hourly-ipv4,ziyadnz|hourly,2026-08-17T18:48:05Z,2026-08-17T18:48:05Z,
43.134.90.38,ipv4,malicious-ip,medium,WHITE,ziyadnz/hourly-ipv4,ziyadnz|hourly,2026-08-17T18:48:05Z,2026-08-17T18:48:05Z,
43.134.91.147,ipv4,malicious-ip,medium,WHITE,ziyadnz/hourly-ipv4,ziyadnz|hourly,2026-08-17T18:48:05Z,2026-08-17T18:48:05Z,
43.134.91.35,ipv4,malicious-ip,medium,WHITE,ziyadnz/hourly-ipv4,ziyadnz|hourly,2026-08-17T18:48:05Z,2026-08-17T18:48:05Z,
43.134.94.132,ipv4,malicious-ip,medium,WHITE,ziyadnz/hourly-ipv4,ziyadnz|hourly,2026-08-17T18:48:05Z,2026-08-17T18:48:05Z,
43.134.94.154,ipv4,malicious-ip,medium,WHITE,ziyadnz/hourly-ipv4,ziyadnz|hourly,2026-08-17T18:48:05Z,2026-08-17T18:48:05Z,
43.134.94.96,ipv4,malicious-ip,medium,WHITE,ziyadnz/hourly-ipv4,ziyadnz|hourly,2026-08-17T18:48:05Z,2026-08-17T18:48:05Z,
43.134.96.187,ipv4,malicious-ip,medium,WHITE,ziyadnz/hourly-ipv4,ziyadnz|hourly,2026-08-17T18:48:05Z,2026-08-17T18:48:05Z,
43.134.97.138,ipv4,malicious-ip,medium,WHITE,ziyadnz/hourly-ipv4,ziyadnz|hourly,2026-08-17T18:48:05Z,2026-08-17T18:48:05Z,
43.134.97.194,ipv4,malicious-ip,medium,WHITE,ziyadnz/hourly-ipv4,ziyadnz|hourly,2026-08-17T18:48:05Z,2026-08-17T18:48:05Z,
43.135.128.97,ipv4,malicious-ip,medium,WHITE,ziyadnz/hourly-ipv4,ziyadnz|hourly,2026-08-17T18:48:05Z,2026-08-17T18:48:05Z,
43.135.129.144,ipv4,malicious-ip,medium,WHITE,ziyadnz/hourly-ipv4,ziyadnz|hourly,2026-08-17T18:48:05Z,2026-08-17T18:48:05Z,
43.135.130.196,ipv4,malicious-ip,medium,WHITE,ziyadnz/hourly-ipv4,ziyadnz|hourly,2026-08-17T18:48:05Z,2026-08-17T18:48:05Z,
43.135.133.143,ipv4,malicious-ip,medium,WHITE,ziyadnz/hourly-ipv4,ziyadnz|hourly,2026-08-17T18:48:05Z,2026-08-17T18:48:05Z,
43.135.133.158,ipv4,malicious-ip,medium,WHITE,ziyadnz/hourly-ipv4,ziyadnz|hourly,2026-08-17T18:48:05Z,2026-08-17T18:48:05Z,
43.135.133.194,ipv4,malicious-ip,medium,WHITE,ziyadnz/hourly-ipv4,ziyadnz|hourly,2026-08-17T18:48:05Z,2026-08-17T18:48:05Z,
43.135.133.241,ipv4,malicious-ip,medium,WHITE,ziyadnz/hourly-ipv4,ziyadnz|hourly,2026-08-17T18:48:05Z,2026-08-17T18:48:05Z,
43.135.134.219,ipv4,malicious-ip,medium,WHITE,ziyadnz/hourly-ipv4,ziyadnz|hourly,2026-08-17T18:48:05Z,2026-08-17T18:48:05Z,
43.135.135.126,ipv4,malicious-ip,medium,WHITE,ziyadnz/hourly-ipv4,ziyadnz|hourly,2026-08-17T18:48:05Z,2026-08-17T18:48:05Z,
43.135.135.17,ipv4,malicious-ip,medium,WHITE,ziyadnz/hourly-ipv4,ziyadnz|hourly,2026-08-17T18:48:05Z,2026-08-17T18:48:05Z,
43.135.135.211,ipv4,malicious-ip,medium,WHITE,ziyadnz/hourly-ipv4,ziyadnz|hourly,2026-08-17T18:48:05Z,2026-08-17T18:48:05Z,
43.135.135.57,ipv4,malicious-ip,medium,WHITE,ziyadnz/hourly-ipv4,ziyadnz|hourly,2026-08-17T18:48:05Z,2026-08-17T18:48:05Z,
43.135.135.8,ipv4,malicious-ip,medium,WHITE,ziyadnz/hourly-ipv4,ziyadnz|hourly,2026-08-17T18:48:05Z,2026-08-17T18:48:05Z,
43.135.138.128,ipv4,malicious-ip,medium,WHITE,ziyadnz/hourly-ipv4,ziyadnz|hourly,2026-08-17T18:48:05Z,2026-08-17T18:48:05Z,
43.135.138.154,ipv4,malicious-ip,medium,WHITE,ziyadnz/hourly-ipv4,ziyadnz|hourly,2026-08-17T18:48:05Z,2026-08-17T18:48:05Z,
43.135.139.206,ipv4,malicious-ip,medium,WHITE,ziyadnz/hourly-ipv4,ziyadnz|hourly,2026-08-17T18:48:05Z,2026-08-17T18:48:05Z,
43.135.139.74,ipv4,malicious-ip,medium,WHITE,ziyadnz/hourly-ipv4,ziyadnz|hourly,2026-08-17T18:48:05Z,2026-08-17T18:48:05Z,
43.135.140.130,ipv4,malicious-ip,medium,WHITE,ziyadnz/hourly-ipv4,ziyadnz|hourly,2026-08-17T18:48:05Z,2026-08-17T18:48:05Z,
43.135.142.15,ipv4,malicious-ip,medium,WHITE,ziyadnz/hourly-ipv4,ziyadnz|hourly,2026-08-17T18:48:05Z,2026-08-17T18:48:05Z,
43.135.142.7,ipv4,malicious-ip,medium,WHITE,ziyadnz/hourly-ipv4,ziyadnz|hourly,2026-08-17T18:48:05Z,2026-08-17T18:48:05Z,
43.135.143.31,ipv4,malicious-ip,medium,WHITE,ziyadnz/hourly-ipv4,ziyadnz|hourly,2026-08-17T18:48:05Z,2026-08-17T18:48:05Z,
43.135.145.117,ipv4,malicious-ip,medium,WHITE,ziyadnz/hourly-ipv4,ziyadnz|hourly,2026-08-17T18:48:05Z,2026-08-17T18:48:05Z,
43.135.145.61,ipv4,malicious-ip,medium,WHITE,ziyadnz/hourly-ipv4,ziyadnz|hourly,2026-08-17T18:48:05Z,2026-08-17T18:48:05Z,
43.135.145.73,ipv4,malicious-ip,medium,WHITE,ziyadnz/hourly-ipv4,ziyadnz|hourly,2026-08-17T18:48:05Z,2026-08-17T18:48:05Z,
43.135.147.63,ipv4,malicious-ip,medium,WHITE,ziyadnz/hourly-ipv4,ziyadnz|hourly,2026-08-17T18:48:05Z,2026-08-17T18:48:05Z,
43.135.148.92,ipv4,malicious-ip,medium,WHITE,ziyadnz/hourly-ipv4,ziyadnz|hourly,2026-08-17T18:48:05Z,2026-08-17T18:48:05Z,
43.135.154.131,ipv4,malicious-ip,medium,WHITE,ziyadnz/hourly-ipv4,ziyadnz|hourly,2026-08-17T18:48:05Z,2026-08-17T18:48:05Z,
43.135.154.38,ipv4,malicious-ip,medium,WHITE,ziyadnz/hourly-ipv4,ziyadnz|hourly,2026-08-17T18:48:05Z,2026-08-17T18:48:05Z,
43.135.157.10,ipv4,malicious-ip,medium,WHITE,ziyadnz/hourly-ipv4,ziyadnz|hourly,2026-08-17T18:48:05Z,2026-08-17T18:48:05Z,
43.135.157.164,ipv4,malicious-ip,medium,WHITE,ziyadnz/hourly-ipv4,ziyadnz|hourly,2026-08-17T18:48:05Z,2026-08-17T18:48:05Z,
43.135.157.166,ipv4,malicious-ip,medium,WHITE,ziyadnz/hourly-ipv4,ziyadnz|hourly,2026-08-17T18:48:05Z,2026-08-17T18:48:05Z,
43.135.157.241,ipv4,malicious-ip,medium,WHITE,ziyadnz/hourly-ipv4,ziyadnz|hourly,2026-08-17T18:48:05Z,2026-08-17T18:48:05Z,
43.135.157.27,ipv4,malicious-ip,medium,WHITE,ziyadnz/hourly-ipv4,ziyadnz|hourly,2026-08-17T18:48:05Z,2026-08-17T18:48:05Z,
43.135.158.166,ipv4,malicious-ip,medium,WHITE,ziyadnz/hourly-ipv4,ziyadnz|hourly,2026-08-17T18:48:05Z,2026-08-17T18:48:05Z,
43.135.158.171,ipv4,malicious-ip,medium,WHITE,ziyadnz/hourly-ipv4,ziyadnz|hourly,2026-08-17T18:48:05Z,2026-08-17T18:48:05Z,
43.135.159.100,ipv4,malicious-ip,medium,WHITE,ziyadnz/hourly-ipv4,ziyadnz|hourly,2026-08-17T18:48:05Z,2026-08-17T18:48:05Z,
43.135.160.24,ipv4,malicious-ip,medium,WHITE,ziyadnz/hourly-ipv4,ziyadnz|hourly,2026-08-17T18:48:05Z,2026-08-17T18:48:05Z,
43.135.162.121,ipv4,malicious-ip,medium,WHITE,ziyadnz/hourly-ipv4,ziyadnz|hourly,2026-08-17T18:48:05Z,2026-08-17T18:48:05Z,
43.135.164.198,ipv4,malicious-ip,medium,WHITE,ziyadnz/hourly-ipv4,ziyadnz|hourly,2026-08-17T18:48:05Z,2026-08-17T18:48:05Z,
43.135.165.118,ipv4,malicious-ip,medium,WHITE,ziyadnz/hourly-ipv4,ziyadnz|hourly,2026-08-17T18:48:05Z,2026-08-17T18:48:05Z,
43.135.165.250,ipv4,malicious-ip,medium,WHITE,ziyadnz/hourly-ipv4,ziyadnz|hourly,2026-08-17T18:48:05Z,2026-08-17T18:48:05Z,
43.135.166.25,ipv4,malicious-ip,medium,WHITE,ziyadnz/hourly-ipv4,ziyadnz|hourly,2026-08-17T18:48:05Z,2026-08-17T18:48:05Z,
43.135.168.114,ipv4,malicious-ip,medium,WHITE,ziyadnz/hourly-ipv4,ziyadnz|hourly,2026-08-17T18:48:05Z,2026-08-17T18:48:05Z,
43.135.168.126,ipv4,malicious-ip,medium,WHITE,ziyadnz/hourly-ipv4,ziyadnz|hourly,2026-08-17T18:48:05Z,2026-08-17T18:48:05Z,
43.135.168.243,ipv4,malicious-ip,medium,WHITE,ziyadnz/hourly-ipv4,ziyadnz|hourly,2026-08-17T18:48:05Z,2026-08-17T18:48:05Z,
43.135.168.245,ipv4,malicious-ip,medium,WHITE,ziyadnz/hourly-ipv4,ziyadnz|hourly,2026-08-17T18:48:05Z,2026-08-17T18:48:05Z,
43.135.174.47,ipv4,malicious-ip,medium,WHITE,ziyadnz/hourly-ipv4,ziyadnz|hourly,2026-08-17T18:48:05Z,2026-08-17T18:48:05Z,
43.135.176.251,ipv4,malicious-ip,medium,WHITE,ziyadnz/hourly-ipv4,ziyadnz|hourly,2026-08-17T18:48:05Z,2026-08-17T18:48:05Z,
43.135.177.217,ipv4,malicious-ip,medium,WHITE,ziyadnz/hourly-ipv4,ziyadnz|hourly,2026-08-17T18:48:05Z,2026-08-17T18:48:05Z,
43.135.178.122,ipv4,malicious-ip,medium,WHITE,ziyadnz/hourly-ipv4,ziyadnz|hourly,2026-08-17T18:48:05Z,2026-08-17T18:48:05Z,
43.135.180.42,ipv4,malicious-ip,medium,WHITE,ziyadnz/hourly-ipv4,ziyadnz|hourly,2026-08-17T18:48:05Z,2026-08-17T18:48:05Z,
43.135.181.21,ipv4,malicious-ip,medium,WHITE,ziyadnz/hourly-ipv4,ziyadnz|hourly,2026-08-17T18:48:05Z,2026-08-17T18:48:05Z,
43.135.182.112,ipv4,malicious-ip,medium,WHITE,ziyadnz/hourly-ipv4,ziyadnz|hourly,2026-08-17T18:48:05Z,2026-08-17T18:48:05Z,
43.135.182.46,ipv4,malicious-ip,medium,WHITE,ziyadnz/hourly-ipv4,ziyadnz|hourly,2026-08-17T18:48:05Z,2026-08-17T18:48:05Z,
43.135.182.61,ipv4,malicious-ip,medium,WHITE,ziyadnz/hourly-ipv4,ziyadnz|hourly,2026-08-17T18:48:05Z,2026-08-17T18:48:05Z,
43.135.182.66,ipv4,malicious-ip,medium,WHITE,ziyadnz/hourly-ipv4,ziyadnz|hourly,2026-08-17T18:48:05Z,2026-08-17T18:48:05Z,
43.135.183.130,ipv4,malicious-ip,medium,WHITE,ziyadnz/hourly-ipv4,ziyadnz|hourly,2026-08-17T18:48:05Z,2026-08-17T18:48:05Z,
43.135.183.82,ipv4,malicious-ip,medium,WHITE,ziyadnz/hourly-ipv4,ziyadnz|hourly,2026-08-17T18:48:05Z,2026-08-17T18:48:05Z,
43.135.185.59,ipv4,malicious-ip,medium,WHITE,ziyadnz/hourly-ipv4,ziyadnz|hourly,2026-08-17T18:48:05Z,2026-08-17T18:48:05Z,
43.135.186.135,ipv4,malicious-ip,medium,WHITE,ziyadnz/hourly-ipv4,ziyadnz|hourly,2026-08-17T18:48:05Z,2026-08-17T18:48:05Z,
43.135.211.148,ipv4,malicious-ip,medium,WHITE,ziyadnz/hourly-ipv4,ziyadnz|hourly,2026-08-17T18:48:05Z,2026-08-17T18:48:05Z,
43.135.216.191,ipv4,malicious-ip,medium,WHITE,ziyadnz/hourly-ipv4,ziyadnz|hourly,2026-08-17T18:48:05Z,2026-08-17T18:48:05Z,
43.135.36.201,ipv4,malicious-ip,medium,WHITE,ziyadnz/hourly-ipv4,ziyadnz|hourly,2026-08-17T18:48:05Z,2026-08-17T18:48:05Z,
43.136.110.113,ipv4,malicious-ip,medium,WHITE,ziyadnz/hourly-ipv4,ziyadnz|hourly,2026-08-17T18:48:05Z,2026-08-17T18:48:05Z,
43.136.184.226,ipv4,malicious-ip,medium,WHITE,ziyadnz/hourly-ipv4,ziyadnz|hourly,2026-08-17T18:48:05Z,2026-08-17T18:48:05Z,
43.136.243.229,ipv4,malicious-ip,medium,WHITE,ziyadnz/hourly-ipv4,ziyadnz|hourly,2026-08-17T18:48:05Z,2026-08-17T18:48:05Z,
43.136.39.92,ipv4,malicious-ip,medium,WHITE,ziyadnz/hourly-ipv4,ziyadnz|hourly,2026-08-17T18:48:05Z,2026-08-17T18:48:05Z,
43.136.79.172,ipv4,malicious-ip,medium,WHITE,ziyadnz/hourly-ipv4,ziyadnz|hourly,2026-08-17T18:48:05Z,2026-08-17T18:48:05Z,
43.136.86.241,ipv4,malicious-ip,medium,WHITE,ziyadnz/hourly-ipv4,ziyadnz|hourly,2026-08-17T18:48:05Z,2026-08-17T18:48:05Z,
43.137.10.26,ipv4,malicious-ip,medium,WHITE,ziyadnz/hourly-ipv4,ziyadnz|hourly,2026-08-17T18:48:05Z,2026-08-17T18:48:05Z,
43.137.14.49,ipv4,malicious-ip,medium,WHITE,ziyadnz/hourly-ipv4,ziyadnz|hourly,2026-08-17T18:48:05Z,2026-08-17T18:48:05Z,
43.137.217.156,ipv4,malicious-ip,medium,WHITE,ziyadnz/hourly-ipv4,ziyadnz|hourly,2026-08-17T18:48:05Z,2026-08-17T18:48:05Z,
43.137.36.159,ipv4,malicious-ip,medium,WHITE,ziyadnz/hourly-ipv4,ziyadnz|hourly,2026-08-17T18:48:05Z,2026-08-17T18:48:05Z,
43.137.36.53,ipv4,malicious-ip,medium,WHITE,ziyadnz/hourly-ipv4,ziyadnz|hourly,2026-08-17T18:48:05Z,2026-08-17T18:48:05Z,
43.138.1.78,ipv4,malicious-ip,medium,WHITE,ziyadnz/hourly-ipv4,ziyadnz|hourly,2026-08-17T18:48:05Z,2026-08-17T18:48:05Z,
43.138.155.106,ipv4,malicious-ip,medium,WHITE,ziyadnz/hourly-ipv4,ziyadnz|hourly,2026-08-17T18:48:05Z,2026-08-17T18:48:05Z,
43.138.168.59,ipv4,malicious-ip,medium,WHITE,ziyadnz/hourly-ipv4,ziyadnz|hourly,2026-08-17T18:48:05Z,2026-08-17T18:48:05Z,
43.138.176.231,ipv4,malicious-ip,medium,WHITE,ziyadnz/hourly-ipv4,ziyadnz|hourly,2026-08-17T18:48:05Z,2026-08-17T18:48:05Z,
43.138.176.5,ipv4,malicious-ip,medium,WHITE,ziyadnz/hourly-ipv4,ziyadnz|hourly,2026-08-17T18:48:05Z,2026-08-17T18:48:05Z,
43.138.184.44,ipv4,malicious-ip,medium,WHITE,ziyadnz/hourly-ipv4,ziyadnz|hourly,2026-08-17T18:48:05Z,2026-08-17T18:48:05Z,
43.138.199.241,ipv4,malicious-ip,medium,WHITE,ziyadnz/hourly-ipv4,ziyadnz|hourly,2026-08-17T18:48:05Z,2026-08-17T18:48:05Z,
43.138.204.175,ipv4,malicious-ip,medium,WHITE,ziyadnz/hourly-ipv4,ziyadnz|hourly,2026-08-17T18:48:05Z,2026-08-17T18:48:05Z,
43.138.215.177,ipv4,malicious-ip,medium,WHITE,ziyadnz/hourly-ipv4,ziyadnz|hourly,2026-08-17T18:48:05Z,2026-08-17T18:48:05Z,
43.138.223.84,ipv4,malicious-ip,medium,WHITE,ziyadnz/hourly-ipv4,ziyadnz|hourly,2026-08-17T18:48:05Z,2026-08-17T18:48:05Z,
43.138.247.211,ipv4,malicious-ip,medium,WHITE,ziyadnz/hourly-ipv4,ziyadnz|hourly,2026-08-17T18:48:05Z,2026-08-17T18:48:05Z,
43.138.48.216,ipv4,malicious-ip,medium,WHITE,ziyadnz/hourly-ipv4,ziyadnz|hourly,2026-08-17T18:48:05Z,2026-08-17T18:48:05Z,
43.138.5.244,ipv4,malicious-ip,medium,WHITE,ziyadnz/hourly-ipv4,ziyadnz|hourly,2026-08-17T18:48:05Z,2026-08-17T18:48:05Z,
43.138.85.209,ipv4,malicious-ip,medium,WHITE,ziyadnz/hourly-ipv4,ziyadnz|hourly,2026-08-17T18:48:05Z,2026-08-17T18:48:05Z,
43.139.101.11,ipv4,malicious-ip,medium,WHITE,ziyadnz/hourly-ipv4,ziyadnz|hourly,2026-08-17T18:48:05Z,2026-08-17T18:48:05Z,
43.139.103.63,ipv4,malicious-ip,medium,WHITE,ziyadnz/hourly-ipv4,ziyadnz|hourly,2026-08-17T18:48:05Z,2026-08-17T18:48:05Z,
43.139.152.76,ipv4,malicious-ip,medium,WHITE,ziyadnz/hourly-ipv4,ziyadnz|hourly,2026-08-17T18:48:05Z,2026-08-17T18:48:05Z,
43.139.153.132,ipv4,malicious-ip,medium,WHITE,ziyadnz/hourly-ipv4,ziyadnz|hourly,2026-08-17T18:48:05Z,2026-08-17T18:48:05Z,
43.139.21.40,ipv4,malicious-ip,medium,WHITE,ziyadnz/hourly-ipv4,ziyadnz|hourly,2026-08-17T18:48:05Z,2026-08-17T18:48:05Z,
43.139.28.187,ipv4,malicious-ip,medium,WHITE,ziyadnz/hourly-ipv4,ziyadnz|hourly,2026-08-17T18:48:05Z,2026-08-17T18:48:05Z,
43.139.35.42,ipv4,malicious-ip,medium,WHITE,ziyadnz/hourly-ipv4,ziyadnz|hourly,2026-08-17T18:48:05Z,2026-08-17T18:48:05Z,
43.140.246.103,ipv4,malicious-ip,medium,WHITE,ziyadnz/hourly-ipv4,ziyadnz|hourly,2026-08-17T18:48:05Z,2026-08-17T18:48:05Z,
43.140.251.218,ipv4,malicious-ip,medium,WHITE,ziyadnz/hourly-ipv4,ziyadnz|hourly,2026-08-17T18:48:05Z,2026-08-17T18:48:05Z,
43.142.176.53,ipv4,malicious-ip,medium,WHITE,ziyadnz/hourly-ipv4,ziyadnz|hourly,2026-08-17T18:48:05Z,2026-08-17T18:48:05Z,
43.142.87.72,ipv4,malicious-ip,medium,WHITE,ziyadnz/hourly-ipv4,ziyadnz|hourly,2026-08-17T18:48:05Z,2026-08-17T18:48:05Z,
43.142.96.163,ipv4,malicious-ip,medium,WHITE,ziyadnz/hourly-ipv4,ziyadnz|hourly,2026-08-17T18:48:05Z,2026-08-17T18:48:05Z,
43.143.133.108,ipv4,malicious-ip,medium,WHITE,ziyadnz/hourly-ipv4,ziyadnz|hourly,2026-08-17T18:48:05Z,2026-08-17T18:48:05Z,
43.143.138.41,ipv4,malicious-ip,medium,WHITE,ziyadnz/hourly-ipv4,ziyadnz|hourly,2026-08-17T18:48:05Z,2026-08-17T18:48:05Z,
43.143.207.130,ipv4,malicious-ip,medium,WHITE,ziyadnz/hourly-ipv4,ziyadnz|hourly,2026-08-17T18:48:05Z,2026-08-17T18:48:05Z,
43.143.214.209,ipv4,malicious-ip,medium,WHITE,ziyadnz/hourly-ipv4,ziyadnz|hourly,2026-08-17T18:48:05Z,2026-08-17T18:48:05Z,
43.143.225.178,ipv4,malicious-ip,medium,WHITE,ziyadnz/hourly-ipv4,ziyadnz|hourly,2026-08-17T18:48:05Z,2026-08-17T18:48:05Z,
43.143.226.163,ipv4,malicious-ip,medium,WHITE,ziyadnz/hourly-ipv4,ziyadnz|hourly,2026-08-17T18:48:05Z,2026-08-17T18:48:05Z,
43.143.247.58,ipv4,malicious-ip,medium,WHITE,ziyadnz/hourly-ipv4,ziyadnz|hourly,2026-08-17T18:48:05Z,2026-08-17T18:48:05Z,
43.143.57.31,ipv4,malicious-ip,medium,WHITE,ziyadnz/hourly-ipv4,ziyadnz|hourly,2026-08-17T18:48:05Z,2026-08-17T18:48:05Z,
43.143.64.185,ipv4,malicious-ip,medium,WHITE,ziyadnz/hourly-ipv4,ziyadnz|hourly,2026-08-17T18:48:05Z,2026-08-17T18:48:05Z,
43.144.106.194,ipv4,malicious-ip,medium,WHITE,ziyadnz/hourly-ipv4,ziyadnz|hourly,2026-08-17T18:48:05Z,2026-08-17T18:48:05Z,
43.152.72.127,ipv4,malicious-ip,medium,WHITE,ziyadnz/hourly-ipv4,ziyadnz|hourly,2026-08-17T18:48:05Z,2026-08-17T18:48:05Z,
43.152.72.247,ipv4,malicious-ip,medium,WHITE,ziyadnz/hourly-ipv4,ziyadnz|hourly,2026-08-17T18:48:05Z,2026-08-17T18:48:05Z,
43.152.72.38,ipv4,malicious-ip,medium,WHITE,ziyadnz/hourly-ipv4,ziyadnz|hourly,2026-08-17T18:48:05Z,2026-08-17T18:48:05Z,
43.153.0.117,ipv4,malicious-ip,medium,WHITE,ziyadnz/hourly-ipv4,ziyadnz|hourly,2026-08-17T18:48:05Z,2026-08-17T18:48:05Z,
43.153.0.59,ipv4,malicious-ip,medium,WHITE,ziyadnz/hourly-ipv4,ziyadnz|hourly,2026-08-17T18:48:05Z,2026-08-17T18:48:05Z,
43.153.0.90,ipv4,malicious-ip,medium,WHITE,ziyadnz/hourly-ipv4,ziyadnz|hourly,2026-08-17T18:48:05Z,2026-08-17T18:48:05Z,
43.153.1.155,ipv4,malicious-ip,medium,WHITE,ziyadnz/hourly-ipv4,ziyadnz|hourly,2026-08-17T18:48:05Z,2026-08-17T18:48:05Z,
43.153.1.156,ipv4,malicious-ip,medium,WHITE,ziyadnz/hourly-ipv4,ziyadnz|hourly,2026-08-17T18:48:05Z,2026-08-17T18:48:05Z,
43.153.1.66,ipv4,malicious-ip,medium,WHITE,ziyadnz/hourly-ipv4,ziyadnz|hourly,2026-08-17T18:48:05Z,2026-08-17T18:48:05Z,
43.153.10.13,ipv4,malicious-ip,medium,WHITE,ziyadnz/hourly-ipv4,ziyadnz|hourly,2026-08-17T18:48:05Z,2026-08-17T18:48:05Z,
43.153.100.190,ipv4,malicious-ip,medium,WHITE,ziyadnz/hourly-ipv4,ziyadnz|hourly,2026-08-17T18:48:05Z,2026-08-17T18:48:05Z,
43.153.100.210,ipv4,malicious-ip,medium,WHITE,ziyadnz/hourly-ipv4,ziyadnz|hourly,2026-08-17T18:48:05Z,2026-08-17T18:48:05Z,
43.153.103.101,ipv4,malicious-ip,medium,WHITE,ziyadnz/hourly-ipv4,ziyadnz|hourly,2026-08-17T18:48:05Z,2026-08-17T18:48:05Z,
43.153.103.34,ipv4,malicious-ip,medium,WHITE,ziyadnz/hourly-ipv4,ziyadnz|hourly,2026-08-17T18:48:05Z,2026-08-17T18:48:05Z,
43.153.104.136,ipv4,malicious-ip,medium,WHITE,ziyadnz/hourly-ipv4,ziyadnz|hourly,2026-08-17T18:48:05Z,2026-08-17T18:48:05Z,
43.153.104.156,ipv4,malicious-ip,medium,WHITE,ziyadnz/hourly-ipv4,ziyadnz|hourly,2026-08-17T18:48:05Z,2026-08-17T18:48:05Z,
43.153.104.196,ipv4,malicious-ip,medium,WHITE,ziyadnz/hourly-ipv4,ziyadnz|hourly,2026-08-17T18:48:05Z,2026-08-17T18:48:05Z,
43.153.104.252,ipv4,malicious-ip,medium,WHITE,ziyadnz/hourly-ipv4,ziyadnz|hourly,2026-08-17T18:48:05Z,2026-08-17T18:48:05Z,
43.153.105.182,ipv4,malicious-ip,medium,WHITE,ziyadnz/hourly-ipv4,ziyadnz|hourly,2026-08-17T18:48:05Z,2026-08-17T18:48:05Z,
43.153.106.169,ipv4,malicious-ip,medium,WHITE,ziyadnz/hourly-ipv4,ziyadnz|hourly,2026-08-17T18:48:05Z,2026-08-17T18:48:05Z,
43.153.106.92,ipv4,malicious-ip,medium,WHITE,ziyadnz/hourly-ipv4,ziyadnz|hourly,2026-08-17T18:48:05Z,2026-08-17T18:48:05Z,
43.153.107.215,ipv4,malicious-ip,medium,WHITE,ziyadnz/hourly-ipv4,ziyadnz|hourly,2026-08-17T18:48:05Z,2026-08-17T18:48:05Z,
43.153.107.22,ipv4,malicious-ip,medium,WHITE,ziyadnz/hourly-ipv4,ziyadnz|hourly,2026-08-17T18:48:05Z,2026-08-17T18:48:05Z,
43.153.109.19,ipv4,malicious-ip,medium,WHITE,ziyadnz/hourly-ipv4,ziyadnz|hourly,2026-08-17T18:48:05Z,2026-08-17T18:48:05Z,
43.153.11.253,ipv4,malicious-ip,medium,WHITE,ziyadnz/hourly-ipv4,ziyadnz|hourly,2026-08-17T18:48:05Z,2026-08-17T18:48:05Z,
43.153.110.229,ipv4,malicious-ip,medium,WHITE,ziyadnz/hourly-ipv4,ziyadnz|hourly,2026-08-17T18:48:05Z,2026-08-17T18:48:05Z,
43.153.112.253,ipv4,malicious-ip,medium,WHITE,ziyadnz/hourly-ipv4,ziyadnz|hourly,2026-08-17T18:48:05Z,2026-08-17T18:48:05Z,
43.153.113.127,ipv4,malicious-ip,medium,WHITE,ziyadnz/hourly-ipv4,ziyadnz|hourly,2026-08-17T18:48:05Z,2026-08-17T18:48:05Z,
43.153.114.203,ipv4,malicious-ip,medium,WHITE,ziyadnz/hourly-ipv4,ziyadnz|hourly,2026-08-17T18:48:05Z,2026-08-17T18:48:05Z,
43.153.114.25,ipv4,malicious-ip,medium,WHITE,ziyadnz/hourly-ipv4,ziyadnz|hourly,2026-08-17T18:48:05Z,2026-08-17T18:48:05Z,
43.153.116.166,ipv4,malicious-ip,medium,WHITE,ziyadnz/hourly-ipv4,ziyadnz|hourly,2026-08-17T18:48:05Z,2026-08-17T18:48:05Z,
43.153.116.223,ipv4,malicious-ip,medium,WHITE,ziyadnz/hourly-ipv4,ziyadnz|hourly,2026-08-17T18:48:05Z,2026-08-17T18:48:05Z,
43.153.118.119,ipv4,malicious-ip,medium,WHITE,ziyadnz/hourly-ipv4,ziyadnz|hourly,2026-08-17T18:48:05Z,2026-08-17T18:48:05Z,
43.153.119.154,ipv4,malicious-ip,medium,WHITE,ziyadnz/hourly-ipv4,ziyadnz|hourly,2026-08-17T18:48:05Z,2026-08-17T18:48:05Z,
43.153.12.158,ipv4,malicious-ip,medium,WHITE,ziyadnz/hourly-ipv4,ziyadnz|hourly,2026-08-17T18:48:05Z,2026-08-17T18:48:05Z,
43.153.12.2,ipv4,malicious-ip,medium,WHITE,ziyadnz/hourly-ipv4,ziyadnz|hourly,2026-08-17T18:48:05Z,2026-08-17T18:48:05Z,
43.153.12.68,ipv4,malicious-ip,medium,WHITE,ziyadnz/hourly-ipv4,ziyadnz|hourly,2026-08-17T18:48:05Z,2026-08-17T18:48:05Z,
43.153.122.26,ipv4,malicious-ip,medium,WHITE,ziyadnz/hourly-ipv4,ziyadnz|hourly,2026-08-17T18:48:05Z,2026-08-17T18:48:05Z,
43.153.123.149,ipv4,malicious-ip,medium,WHITE,ziyadnz/hourly-ipv4,ziyadnz|hourly,2026-08-17T18:48:05Z,2026-08-17T18:48:05Z,
43.153.123.3,ipv4,malicious-ip,medium,WHITE,ziyadnz/hourly-ipv4,ziyadnz|hourly,2026-08-17T18:48:05Z,2026-08-17T18:48:05Z,
43.153.124.133,ipv4,malicious-ip,medium,WHITE,ziyadnz/hourly-ipv4,ziyadnz|hourly,2026-08-17T18:48:05Z,2026-08-17T18:48:05Z,
43.153.124.153,ipv4,malicious-ip,medium,WHITE,ziyadnz/hourly-ipv4,ziyadnz|hourly,2026-08-17T18:48:05Z,2026-08-17T18:48:05Z,
43.153.124.19,ipv4,malicious-ip,medium,WHITE,ziyadnz/hourly-ipv4,ziyadnz|hourly,2026-08-17T18:48:05Z,2026-08-17T18:48:05Z,
43.153.13.30,ipv4,malicious-ip,medium,WHITE,ziyadnz/hourly-ipv4,ziyadnz|hourly,2026-08-17T18:48:05Z,2026-08-17T18:48:05Z,
43.153.135.208,ipv4,malicious-ip,medium,WHITE,ziyadnz/hourly-ipv4,ziyadnz|hourly,2026-08-17T18:48:05Z,2026-08-17T18:48:05Z,
43.153.136.241,ipv4,malicious-ip,medium,WHITE,ziyadnz/hourly-ipv4,ziyadnz|hourly,2026-08-17T18:48:05Z,2026-08-17T18:48:05Z,
43.153.140.169,ipv4,malicious-ip,medium,WHITE,ziyadnz/hourly-ipv4,ziyadnz|hourly,2026-08-17T18:48:05Z,2026-08-17T18:48:05Z,
43.153.147.41,ipv4,malicious-ip,medium,WHITE,ziyadnz/hourly-ipv4,ziyadnz|hourly,2026-08-17T18:48:05Z,2026-08-17T18:48:05Z,
43.153.15.205,ipv4,malicious-ip,medium,WHITE,ziyadnz/hourly-ipv4,ziyadnz|hourly,2026-08-17T18:48:05Z,2026-08-17T18:48:05Z,
43.153.15.51,ipv4,malicious-ip,medium,WHITE,ziyadnz/hourly-ipv4,ziyadnz|hourly,2026-08-17T18:48:05Z,2026-08-17T18:48:05Z,
43.153.150.122,ipv4,malicious-ip,medium,WHITE,ziyadnz/hourly-ipv4,ziyadnz|hourly,2026-08-17T18:48:05Z,2026-08-17T18:48:05Z,
43.153.150.130,ipv4,malicious-ip,medium,WHITE,ziyadnz/hourly-ipv4,ziyadnz|hourly,2026-08-17T18:48:05Z,2026-08-17T18:48:05Z,
43.153.158.44,ipv4,malicious-ip,medium,WHITE,ziyadnz/hourly-ipv4,ziyadnz|hourly,2026-08-17T18:48:05Z,2026-08-17T18:48:05Z,
43.153.16.188,ipv4,malicious-ip,medium,WHITE,ziyadnz/hourly-ipv4,ziyadnz|hourly,2026-08-17T18:48:05Z,2026-08-17T18:48:05Z,
43.153.17.104,ipv4,malicious-ip,medium,WHITE,ziyadnz/hourly-ipv4,ziyadnz|hourly,2026-08-17T18:48:05Z,2026-08-17T18:48:05Z,
43.153.17.245,ipv4,malicious-ip,medium,WHITE,ziyadnz/hourly-ipv4,ziyadnz|hourly,2026-08-17T18:48:05Z,2026-08-17T18:48:05Z,
43.153.185.56,ipv4,malicious-ip,medium,WHITE,ziyadnz/hourly-ipv4,ziyadnz|hourly,2026-08-17T18:48:05Z,2026-08-17T18:48:05Z,
43.153.186.153,ipv4,malicious-ip,medium,WHITE,ziyadnz/hourly-ipv4,ziyadnz|hourly,2026-08-17T18:48:05Z,2026-08-17T18:48:05Z,
43.153.19.173,ipv4,malicious-ip,medium,WHITE,ziyadnz/hourly-ipv4,ziyadnz|hourly,2026-08-17T18:48:05Z,2026-08-17T18:48:05Z,
43.153.192.109,ipv4,malicious-ip,medium,WHITE,ziyadnz/hourly-ipv4,ziyadnz|hourly,2026-08-17T18:48:05Z,2026-08-17T18:48:05Z,
43.153.193.67,ipv4,malicious-ip,medium,WHITE,ziyadnz/hourly-ipv4,ziyadnz|hourly,2026-08-17T18:48:05Z,2026-08-17T18:48:05Z,
43.153.194.147,ipv4,malicious-ip,medium,WHITE,ziyadnz/hourly-ipv4,ziyadnz|hourly,2026-08-17T18:48:05Z,2026-08-17T18:48:05Z,
43.153.194.188,ipv4,malicious-ip,medium,WHITE,ziyadnz/hourly-ipv4,ziyadnz|hourly,2026-08-17T18:48:05Z,2026-08-17T18:48:05Z,
43.153.20.43,ipv4,malicious-ip,medium,WHITE,ziyadnz/hourly-ipv4,ziyadnz|hourly,2026-08-17T18:48:05Z,2026-08-17T18:48:05Z,
43.153.20.78,ipv4,malicious-ip,medium,WHITE,ziyadnz/hourly-ipv4,ziyadnz|hourly,2026-08-17T18:48:05Z,2026-08-17T18:48:05Z,
43.153.205.159,ipv4,malicious-ip,medium,WHITE,ziyadnz/hourly-ipv4,ziyadnz|hourly,2026-08-17T18:48:05Z,2026-08-17T18:48:05Z,
43.153.206.243,ipv4,malicious-ip,medium,WHITE,ziyadnz/hourly-ipv4,ziyadnz|hourly,2026-08-17T18:48:05Z,2026-08-17T18:48:05Z,
43.153.208.144,ipv4,malicious-ip,medium,WHITE,ziyadnz/hourly-ipv4,ziyadnz|hourly,2026-08-17T18:48:05Z,2026-08-17T18:48:05Z,
43.153.208.208,ipv4,malicious-ip,medium,WHITE,ziyadnz/hourly-ipv4,ziyadnz|hourly,2026-08-17T18:48:05Z,2026-08-17T18:48:05Z,
43.153.21.121,ipv4,malicious-ip,medium,WHITE,ziyadnz/hourly-ipv4,ziyadnz|hourly,2026-08-17T18:48:05Z,2026-08-17T18:48:05Z,
43.153.21.149,ipv4,malicious-ip,medium,WHITE,ziyadnz/hourly-ipv4,ziyadnz|hourly,2026-08-17T18:48:05Z,2026-08-17T18:48:05Z,
43.153.21.160,ipv4,malicious-ip,medium,WHITE,ziyadnz/hourly-ipv4,ziyadnz|hourly,2026-08-17T18:48:05Z,2026-08-17T18:48:05Z,
43.153.213.101,ipv4,malicious-ip,medium,WHITE,ziyadnz/hourly-ipv4,ziyadnz|hourly,2026-08-17T18:48:05Z,2026-08-17T18:48:05Z,
43.153.213.119,ipv4,malicious-ip,medium,WHITE,ziyadnz/hourly-ipv4,ziyadnz|hourly,2026-08-17T18:48:05Z,2026-08-17T18:48:05Z,
43.153.213.150,ipv4,malicious-ip,medium,WHITE,ziyadnz/hourly-ipv4,ziyadnz|hourly,2026-08-17T18:48:05Z,2026-08-17T18:48:05Z,
43.153.214.189,ipv4,malicious-ip,medium,WHITE,ziyadnz/hourly-ipv4,ziyadnz|hourly,2026-08-17T18:48:05Z,2026-08-17T18:48:05Z,
43.153.216.93,ipv4,malicious-ip,medium,WHITE,ziyadnz/hourly-ipv4,ziyadnz|hourly,2026-08-17T18:48:05Z,2026-08-17T18:48:05Z,
43.153.22.121,ipv4,malicious-ip,medium,WHITE,ziyadnz/hourly-ipv4,ziyadnz|hourly,2026-08-17T18:48:05Z,2026-08-17T18:48:05Z,
43.153.22.143,ipv4,malicious-ip,medium,WHITE,ziyadnz/hourly-ipv4,ziyadnz|hourly,2026-08-17T18:48:05Z,2026-08-17T18:48:05Z,
43.153.23.166,ipv4,malicious-ip,medium,WHITE,ziyadnz/hourly-ipv4,ziyadnz|hourly,2026-08-17T18:48:05Z,2026-08-17T18:48:05Z,
43.153.23.197,ipv4,malicious-ip,medium,WHITE,ziyadnz/hourly-ipv4,ziyadnz|hourly,2026-08-17T18:48:05Z,2026-08-17T18:48:05Z,
43.153.24.252,ipv4,malicious-ip,medium,WHITE,ziyadnz/hourly-ipv4,ziyadnz|hourly,2026-08-17T18:48:05Z,2026-08-17T18:48:05Z,
43.153.24.75,ipv4,malicious-ip,medium,WHITE,ziyadnz/hourly-ipv4,ziyadnz|hourly,2026-08-17T18:48:05Z,2026-08-17T18:48:05Z,
43.153.24.9,ipv4,malicious-ip,medium,WHITE,ziyadnz/hourly-ipv4,ziyadnz|hourly,2026-08-17T18:48:05Z,2026-08-17T18:48:05Z,
43.153.26.165,ipv4,malicious-ip,medium,WHITE,ziyadnz/hourly-ipv4,ziyadnz|hourly,2026-08-17T18:48:05Z,2026-08-17T18:48:05Z,
43.153.27.162,ipv4,malicious-ip,medium,WHITE,ziyadnz/hourly-ipv4,ziyadnz|hourly,2026-08-17T18:48:05Z,2026-08-17T18:48:05Z,
43.153.27.200,ipv4,malicious-ip,medium,WHITE,ziyadnz/hourly-ipv4,ziyadnz|hourly,2026-08-17T18:48:05Z,2026-08-17T18:48:05Z,
43.153.27.42,ipv4,malicious-ip,medium,WHITE,ziyadnz/hourly-ipv4,ziyadnz|hourly,2026-08-17T18:48:05Z,2026-08-17T18:48:05Z,
43.153.28.97,ipv4,malicious-ip,medium,WHITE,ziyadnz/hourly-ipv4,ziyadnz|hourly,2026-08-17T18:48:05Z,2026-08-17T18:48:05Z,
43.153.29.41,ipv4,malicious-ip,medium,WHITE,ziyadnz/hourly-ipv4,ziyadnz|hourly,2026-08-17T18:48:05Z,2026-08-17T18:48:05Z,
43.153.3.129,ipv4,malicious-ip,medium,WHITE,ziyadnz/hourly-ipv4,ziyadnz|hourly,2026-08-17T18:48:05Z,2026-08-17T18:48:05Z,
43.153.3.229,ipv4,malicious-ip,medium,WHITE,ziyadnz/hourly-ipv4,ziyadnz|hourly,2026-08-17T18:48:05Z,2026-08-17T18:48:05Z,
43.153.3.6,ipv4,malicious-ip,medium,WHITE,ziyadnz/hourly-ipv4,ziyadnz|hourly,2026-08-17T18:48:05Z,2026-08-17T18:48:05Z,
43.153.3.64,ipv4,malicious-ip,medium,WHITE,ziyadnz/hourly-ipv4,ziyadnz|hourly,2026-08-17T18:48:05Z,2026-08-17T18:48:05Z,
43.153.30.53,ipv4,malicious-ip,medium,WHITE,ziyadnz/hourly-ipv4,ziyadnz|hourly,2026-08-17T18:48:05Z,2026-08-17T18:48:05Z,
43.153.30.60,ipv4,malicious-ip,medium,WHITE,ziyadnz/hourly-ipv4,ziyadnz|hourly,2026-08-17T18:48:05Z,2026-08-17T18:48:05Z,
43.153.31.146,ipv4,malicious-ip,medium,WHITE,ziyadnz/hourly-ipv4,ziyadnz|hourly,2026-08-17T18:48:05Z,2026-08-17T18:48:05Z,
43.153.31.20,ipv4,malicious-ip,medium,WHITE,ziyadnz/hourly-ipv4,ziyadnz|hourly,2026-08-17T18:48:05Z,2026-08-17T18:48:05Z,
43.153.31.29,ipv4,malicious-ip,medium,WHITE,ziyadnz/hourly-ipv4,ziyadnz|hourly,2026-08-17T18:48:05Z,2026-08-17T18:48:05Z,
43.153.32.106,ipv4,malicious-ip,medium,WHITE,ziyadnz/hourly-ipv4,ziyadnz|hourly,2026-08-17T18:48:05Z,2026-08-17T18:48:05Z,
43.153.34.179,ipv4,malicious-ip,medium,WHITE,ziyadnz/hourly-ipv4,ziyadnz|hourly,2026-08-17T18:48:05Z,2026-08-17T18:48:05Z,
43.153.34.211,ipv4,malicious-ip,medium,WHITE,ziyadnz/hourly-ipv4,ziyadnz|hourly,2026-08-17T18:48:05Z,2026-08-17T18:48:05Z,
43.153.35.63,ipv4,malicious-ip,medium,WHITE,ziyadnz/hourly-ipv4,ziyadnz|hourly,2026-08-17T18:48:05Z,2026-08-17T18:48:05Z,
43.153.35.95,ipv4,malicious-ip,medium,WHITE,ziyadnz/hourly-ipv4,ziyadnz|hourly,2026-08-17T18:48:05Z,2026-08-17T18:48:05Z,
43.153.36.113,ipv4,malicious-ip,medium,WHITE,ziyadnz/hourly-ipv4,ziyadnz|hourly,2026-08-17T18:48:05Z,2026-08-17T18:48:05Z,
43.153.36.218,ipv4,malicious-ip,medium,WHITE,ziyadnz/hourly-ipv4,ziyadnz|hourly,2026-08-17T18:48:05Z,2026-08-17T18:48:05Z,
43.153.36.83,ipv4,malicious-ip,medium,WHITE,ziyadnz/hourly-ipv4,ziyadnz|hourly,2026-08-17T18:48:05Z,2026-08-17T18:48:05Z,
43.153.37.39,ipv4,malicious-ip,medium,WHITE,ziyadnz/hourly-ipv4,ziyadnz|hourly,2026-08-17T18:48:05Z,2026-08-17T18:48:05Z,
43.153.37.45,ipv4,malicious-ip,medium,WHITE,ziyadnz/hourly-ipv4,ziyadnz|hourly,2026-08-17T18:48:05Z,2026-08-17T18:48:05Z,
43.153.38.129,ipv4,malicious-ip,medium,WHITE,ziyadnz/hourly-ipv4,ziyadnz|hourly,2026-08-17T18:48:05Z,2026-08-17T18:48:05Z,
43.153.38.2,ipv4,malicious-ip,medium,WHITE,ziyadnz/hourly-ipv4,ziyadnz|hourly,2026-08-17T18:48:05Z,2026-08-17T18:48:05Z,
43.153.39.191,ipv4,malicious-ip,medium,WHITE,ziyadnz/hourly-ipv4,ziyadnz|hourly,2026-08-17T18:48:05Z,2026-08-17T18:48:05Z,
43.153.40.232,ipv4,malicious-ip,medium,WHITE,ziyadnz/hourly-ipv4,ziyadnz|hourly,2026-08-17T18:48:05Z,2026-08-17T18:48:05Z,
43.153.41.82,ipv4,malicious-ip,medium,WHITE,ziyadnz/hourly-ipv4,ziyadnz|hourly,2026-08-17T18:48:05Z,2026-08-17T18:48:05Z,
43.153.42.13,ipv4,malicious-ip,medium,WHITE,ziyadnz/hourly-ipv4,ziyadnz|hourly,2026-08-17T18:48:05Z,2026-08-17T18:48:05Z,
43.153.43.62,ipv4,malicious-ip,medium,WHITE,ziyadnz/hourly-ipv4,ziyadnz|hourly,2026-08-17T18:48:05Z,2026-08-17T18:48:05Z,
43.153.43.65,ipv4,malicious-ip,medium,WHITE,ziyadnz/hourly-ipv4,ziyadnz|hourly,2026-08-17T18:48:05Z,2026-08-17T18:48:05Z,
43.153.47.12,ipv4,malicious-ip,medium,WHITE,ziyadnz/hourly-ipv4,ziyadnz|hourly,2026-08-17T18:48:05Z,2026-08-17T18:48:05Z,
43.153.49.151,ipv4,malicious-ip,medium,WHITE,ziyadnz/hourly-ipv4,ziyadnz|hourly,2026-08-17T18:48:05Z,2026-08-17T18:48:05Z,
43.153.5.160,ipv4,malicious-ip,medium,WHITE,ziyadnz/hourly-ipv4,ziyadnz|hourly,2026-08-17T18:48:05Z,2026-08-17T18:48:05Z,
43.153.50.108,ipv4,malicious-ip,medium,WHITE,ziyadnz/hourly-ipv4,ziyadnz|hourly,2026-08-17T18:48:05Z,2026-08-17T18:48:05Z,
43.153.50.142,ipv4,malicious-ip,medium,WHITE,ziyadnz/hourly-ipv4,ziyadnz|hourly,2026-08-17T18:48:05Z,2026-08-17T18:48:05Z,
43.153.50.197,ipv4,malicious-ip,medium,WHITE,ziyadnz/hourly-ipv4,ziyadnz|hourly,2026-08-17T18:48:05Z,2026-08-17T18:48:05Z,
43.153.51.53,ipv4,malicious-ip,medium,WHITE,ziyadnz/hourly-ipv4,ziyadnz|hourly,2026-08-17T18:48:05Z,2026-08-17T18:48:05Z,
43.153.52.44,ipv4,malicious-ip,medium,WHITE,ziyadnz/hourly-ipv4,ziyadnz|hourly,2026-08-17T18:48:05Z,2026-08-17T18:48:05Z,
43.153.53.110,ipv4,malicious-ip,medium,WHITE,ziyadnz/hourly-ipv4,ziyadnz|hourly,2026-08-17T18:48:05Z,2026-08-17T18:48:05Z,
43.153.54.120,ipv4,malicious-ip,medium,WHITE,ziyadnz/hourly-ipv4,ziyadnz|hourly,2026-08-17T18:48:05Z,2026-08-17T18:48:05Z,
43.153.55.169,ipv4,malicious-ip,medium,WHITE,ziyadnz/hourly-ipv4,ziyadnz|hourly,2026-08-17T18:48:05Z,2026-08-17T18:48:05Z,
43.153.56.192,ipv4,malicious-ip,medium,WHITE,ziyadnz/hourly-ipv4,ziyadnz|hourly,2026-08-17T18:48:05Z,2026-08-17T18:48:05Z,
43.153.56.205,ipv4,malicious-ip,medium,WHITE,ziyadnz/hourly-ipv4,ziyadnz|hourly,2026-08-17T18:48:05Z,2026-08-17T18:48:05Z,
43.153.57.200,ipv4,malicious-ip,medium,WHITE,ziyadnz/hourly-ipv4,ziyadnz|hourly,2026-08-17T18:48:05Z,2026-08-17T18:48:05Z,
43.153.57.81,ipv4,malicious-ip,medium,WHITE,ziyadnz/hourly-ipv4,ziyadnz|hourly,2026-08-17T18:48:05Z,2026-08-17T18:48:05Z,
43.153.59.240,ipv4,malicious-ip,medium,WHITE,ziyadnz/hourly-ipv4,ziyadnz|hourly,2026-08-17T18:48:05Z,2026-08-17T18:48:05Z,
43.153.6.165,ipv4,malicious-ip,medium,WHITE,ziyadnz/hourly-ipv4,ziyadnz|hourly,2026-08-17T18:48:05Z,2026-08-17T18:48:05Z,
43.153.6.228,ipv4,malicious-ip,medium,WHITE,ziyadnz/hourly-ipv4,ziyadnz|hourly,2026-08-17T18:48:05Z,2026-08-17T18:48:05Z,
43.153.6.3,ipv4,malicious-ip,medium,WHITE,ziyadnz/hourly-ipv4,ziyadnz|hourly,2026-08-17T18:48:05Z,2026-08-17T18:48:05Z,
43.153.60.125,ipv4,malicious-ip,medium,WHITE,ziyadnz/hourly-ipv4,ziyadnz|hourly,2026-08-17T18:48:05Z,2026-08-17T18:48:05Z,
43.153.60.186,ipv4,malicious-ip,medium,WHITE,ziyadnz/hourly-ipv4,ziyadnz|hourly,2026-08-17T18:48:05Z,2026-08-17T18:48:05Z,
43.153.61.81,ipv4,malicious-ip,medium,WHITE,ziyadnz/hourly-ipv4,ziyadnz|hourly,2026-08-17T18:48:05Z,2026-08-17T18:48:05Z,
43.153.63.156,ipv4,malicious-ip,medium,WHITE,ziyadnz/hourly-ipv4,ziyadnz|hourly,2026-08-17T18:48:05Z,2026-08-17T18:48:05Z,
43.153.63.169,ipv4,malicious-ip,medium,WHITE,ziyadnz/hourly-ipv4,ziyadnz|hourly,2026-08-17T18:48:05Z,2026-08-17T18:48:05Z,
43.153.64.163,ipv4,malicious-ip,medium,WHITE,ziyadnz/hourly-ipv4,ziyadnz|hourly,2026-08-17T18:48:05Z,2026-08-17T18:48:05Z,
43.153.64.216,ipv4,malicious-ip,medium,WHITE,ziyadnz/hourly-ipv4,ziyadnz|hourly,2026-08-17T18:48:05Z,2026-08-17T18:48:05Z,
43.153.65.139,ipv4,malicious-ip,medium,WHITE,ziyadnz/hourly-ipv4,ziyadnz|hourly,2026-08-17T18:48:05Z,2026-08-17T18:48:05Z,
43.153.66.131,ipv4,malicious-ip,medium,WHITE,ziyadnz/hourly-ipv4,ziyadnz|hourly,2026-08-17T18:48:05Z,2026-08-17T18:48:05Z,
43.153.67.243,ipv4,malicious-ip,medium,WHITE,ziyadnz/hourly-ipv4,ziyadnz|hourly,2026-08-17T18:48:05Z,2026-08-17T18:48:05Z,
43.153.69.201,ipv4,malicious-ip,medium,WHITE,ziyadnz/hourly-ipv4,ziyadnz|hourly,2026-08-17T18:48:05Z,2026-08-17T18:48:05Z,
43.153.7.120,ipv4,malicious-ip,medium,WHITE,ziyadnz/hourly-ipv4,ziyadnz|hourly,2026-08-17T18:48:05Z,2026-08-17T18:48:05Z,
43.153.7.148,ipv4,malicious-ip,medium,WHITE,ziyadnz/hourly-ipv4,ziyadnz|hourly,2026-08-17T18:48:05Z,2026-08-17T18:48:05Z,
43.153.7.191,ipv4,malicious-ip,medium,WHITE,ziyadnz/hourly-ipv4,ziyadnz|hourly,2026-08-17T18:48:05Z,2026-08-17T18:48:05Z,
43.153.7.4,ipv4,malicious-ip,medium,WHITE,ziyadnz/hourly-ipv4,ziyadnz|hourly,2026-08-17T18:48:05Z,2026-08-17T18:48:05Z,
43.153.70.163,ipv4,malicious-ip,medium,WHITE,ziyadnz/hourly-ipv4,ziyadnz|hourly,2026-08-17T18:48:05Z,2026-08-17T18:48:05Z,
43.153.70.187,ipv4,malicious-ip,medium,WHITE,ziyadnz/hourly-ipv4,ziyadnz|hourly,2026-08-17T18:48:05Z,2026-08-17T18:48:05Z,
43.153.70.218,ipv4,malicious-ip,medium,WHITE,ziyadnz/hourly-ipv4,ziyadnz|hourly,2026-08-17T18:48:05Z,2026-08-17T18:48:05Z,
43.153.70.247,ipv4,malicious-ip,medium,WHITE,ziyadnz/hourly-ipv4,ziyadnz|hourly,2026-08-17T18:48:05Z,2026-08-17T18:48:05Z,
43.153.73.119,ipv4,malicious-ip,medium,WHITE,ziyadnz/hourly-ipv4,ziyadnz|hourly,2026-08-17T18:48:05Z,2026-08-17T18:48:05Z,
43.153.73.186,ipv4,malicious-ip,medium,WHITE,ziyadnz/hourly-ipv4,ziyadnz|hourly,2026-08-17T18:48:05Z,2026-08-17T18:48:05Z,
43.153.73.200,ipv4,malicious-ip,medium,WHITE,ziyadnz/hourly-ipv4,ziyadnz|hourly,2026-08-17T18:48:05Z,2026-08-17T18:48:05Z,
43.153.74.75,ipv4,malicious-ip,medium,WHITE,ziyadnz/hourly-ipv4,ziyadnz|hourly,2026-08-17T18:48:05Z,2026-08-17T18:48:05Z,
43.153.76.103,ipv4,malicious-ip,medium,WHITE,ziyadnz/hourly-ipv4,ziyadnz|hourly,2026-08-17T18:48:05Z,2026-08-17T18:48:05Z,
43.153.76.40,ipv4,malicious-ip,medium,WHITE,ziyadnz/hourly-ipv4,ziyadnz|hourly,2026-08-17T18:48:05Z,2026-08-17T18:48:05Z,
43.153.8.105,ipv4,malicious-ip,medium,WHITE,ziyadnz/hourly-ipv4,ziyadnz|hourly,2026-08-17T18:48:05Z,2026-08-17T18:48:05Z,
43.153.80.50,ipv4,malicious-ip,medium,WHITE,ziyadnz/hourly-ipv4,ziyadnz|hourly,2026-08-17T18:48:05Z,2026-08-17T18:48:05Z,
43.153.80.54,ipv4,malicious-ip,medium,WHITE,ziyadnz/hourly-ipv4,ziyadnz|hourly,2026-08-17T18:48:05Z,2026-08-17T18:48:05Z,
43.153.81.32,ipv4,malicious-ip,medium,WHITE,ziyadnz/hourly-ipv4,ziyadnz|hourly,2026-08-17T18:48:05Z,2026-08-17T18:48:05Z,
43.153.83.10,ipv4,malicious-ip,medium,WHITE,ziyadnz/hourly-ipv4,ziyadnz|hourly,2026-08-17T18:48:05Z,2026-08-17T18:48:05Z,
43.153.84.91,ipv4,malicious-ip,medium,WHITE,ziyadnz/hourly-ipv4,ziyadnz|hourly,2026-08-17T18:48:05Z,2026-08-17T18:48:05Z,
43.153.85.214,ipv4,malicious-ip,medium,WHITE,ziyadnz/hourly-ipv4,ziyadnz|hourly,2026-08-17T18:48:05Z,2026-08-17T18:48:05Z,
43.153.85.27,ipv4,malicious-ip,medium,WHITE,ziyadnz/hourly-ipv4,ziyadnz|hourly,2026-08-17T18:48:05Z,2026-08-17T18:48:05Z,
43.153.85.46,ipv4,malicious-ip,medium,WHITE,ziyadnz/hourly-ipv4,ziyadnz|hourly,2026-08-17T18:48:05Z,2026-08-17T18:48:05Z,
43.153.86.78,ipv4,malicious-ip,medium,WHITE,ziyadnz/hourly-ipv4,ziyadnz|hourly,2026-08-17T18:48:05Z,2026-08-17T18:48:05Z,
43.153.86.85,ipv4,malicious-ip,medium,WHITE,ziyadnz/hourly-ipv4,ziyadnz|hourly,2026-08-17T18:48:05Z,2026-08-17T18:48:05Z,
43.153.87.236,ipv4,malicious-ip,medium,WHITE,ziyadnz/hourly-ipv4,ziyadnz|hourly,2026-08-17T18:48:05Z,2026-08-17T18:48:05Z,
43.153.87.91,ipv4,malicious-ip,medium,WHITE,ziyadnz/hourly-ipv4,ziyadnz|hourly,2026-08-17T18:48:05Z,2026-08-17T18:48:05Z,
43.153.88.185,ipv4,malicious-ip,medium,WHITE,ziyadnz/hourly-ipv4,ziyadnz|hourly,2026-08-17T18:48:05Z,2026-08-17T18:48:05Z,
43.153.90.20,ipv4,malicious-ip,medium,WHITE,ziyadnz/hourly-ipv4,ziyadnz|hourly,2026-08-17T18:48:05Z,2026-08-17T18:48:05Z,
43.153.91.238,ipv4,malicious-ip,medium,WHITE,ziyadnz/hourly-ipv4,ziyadnz|hourly,2026-08-17T18:48:05Z,2026-08-17T18:48:05Z,
43.153.92.8,ipv4,malicious-ip,medium,WHITE,ziyadnz/hourly-ipv4,ziyadnz|hourly,2026-08-17T18:48:05Z,2026-08-17T18:48:05Z,
43.153.93.68,ipv4,malicious-ip,medium,WHITE,ziyadnz/hourly-ipv4,ziyadnz|hourly,2026-08-17T18:48:05Z,2026-08-17T18:48:05Z,
43.153.93.86,ipv4,malicious-ip,medium,WHITE,ziyadnz/hourly-ipv4,ziyadnz|hourly,2026-08-17T18:48:05Z,2026-08-17T18:48:05Z,
43.153.94.73,ipv4,malicious-ip,medium,WHITE,ziyadnz/hourly-ipv4,ziyadnz|hourly,2026-08-17T18:48:05Z,2026-08-17T18:48:05Z,
43.153.95.56,ipv4,malicious-ip,medium,WHITE,ziyadnz/hourly-ipv4,ziyadnz|hourly,2026-08-17T18:48:05Z,2026-08-17T18:48:05Z,
43.153.96.109,ipv4,malicious-ip,medium,WHITE,ziyadnz/hourly-ipv4,ziyadnz|hourly,2026-08-17T18:48:05Z,2026-08-17T18:48:05Z,
43.153.97.124,ipv4,malicious-ip,medium,WHITE,ziyadnz/hourly-ipv4,ziyadnz|hourly,2026-08-17T18:48:05Z,2026-08-17T18:48:05Z,
43.153.98.119,ipv4,malicious-ip,medium,WHITE,ziyadnz/hourly-ipv4,ziyadnz|hourly,2026-08-17T18:48:05Z,2026-08-17T18:48:05Z,
43.153.99.149,ipv4,malicious-ip,medium,WHITE,ziyadnz/hourly-ipv4,ziyadnz|hourly,2026-08-17T18:48:05Z,2026-08-17T18:48:05Z,
43.153.99.32,ipv4,malicious-ip,medium,WHITE,ziyadnz/hourly-ipv4,ziyadnz|hourly,2026-08-17T18:48:05Z,2026-08-17T18:48:05Z,
43.154.127.188,ipv4,malicious-ip,medium,WHITE,ziyadnz/hourly-ipv4,ziyadnz|hourly,2026-08-17T18:48:05Z,2026-08-17T18:48:05Z,
43.154.171.153,ipv4,malicious-ip,medium,WHITE,ziyadnz/hourly-ipv4,ziyadnz|hourly,2026-08-17T18:48:05Z,2026-08-17T18:48:05Z,
43.154.191.214,ipv4,malicious-ip,medium,WHITE,ziyadnz/hourly-ipv4,ziyadnz|hourly,2026-08-17T18:48:05Z,2026-08-17T18:48:05Z,
43.154.238.130,ipv4,malicious-ip,medium,WHITE,ziyadnz/hourly-ipv4,ziyadnz|hourly,2026-08-17T18:48:05Z,2026-08-17T18:48:05Z,
43.154.250.181,ipv4,malicious-ip,medium,WHITE,ziyadnz/hourly-ipv4,ziyadnz|hourly,2026-08-17T18:48:05Z,2026-08-17T18:48:05Z,
43.154.68.193,ipv4,malicious-ip,medium,WHITE,ziyadnz/hourly-ipv4,ziyadnz|hourly,2026-08-17T18:48:05Z,2026-08-17T18:48:05Z,
43.154.8.36,ipv4,malicious-ip,medium,WHITE,ziyadnz/hourly-ipv4,ziyadnz|hourly,2026-08-17T18:48:05Z,2026-08-17T18:48:05Z,
43.155.129.131,ipv4,malicious-ip,medium,WHITE,ziyadnz/hourly-ipv4,ziyadnz|hourly,2026-08-17T18:48:05Z,2026-08-17T18:48:05Z,
43.155.130.208,ipv4,malicious-ip,medium,WHITE,ziyadnz/hourly-ipv4,ziyadnz|hourly,2026-08-17T18:48:05Z,2026-08-17T18:48:05Z,
43.155.131.250,ipv4,malicious-ip,medium,WHITE,ziyadnz/hourly-ipv4,ziyadnz|hourly,2026-08-17T18:48:05Z,2026-08-17T18:48:05Z,
43.155.137.19,ipv4,malicious-ip,medium,WHITE,ziyadnz/hourly-ipv4,ziyadnz|hourly,2026-08-17T18:48:05Z,2026-08-17T18:48:05Z,
43.155.138.38,ipv4,malicious-ip,medium,WHITE,ziyadnz/hourly-ipv4,ziyadnz|hourly,2026-08-17T18:48:05Z,2026-08-17T18:48:05Z,
43.155.140.157,ipv4,malicious-ip,medium,WHITE,ziyadnz/hourly-ipv4,ziyadnz|hourly,2026-08-17T18:48:05Z,2026-08-17T18:48:05Z,
43.155.141.192,ipv4,malicious-ip,medium,WHITE,ziyadnz/hourly-ipv4,ziyadnz|hourly,2026-08-17T18:48:05Z,2026-08-17T18:48:05Z,
43.155.157.239,ipv4,malicious-ip,medium,WHITE,ziyadnz/hourly-ipv4,ziyadnz|hourly,2026-08-17T18:48:05Z,2026-08-17T18:48:05Z,
43.155.162.41,ipv4,malicious-ip,medium,WHITE,ziyadnz/hourly-ipv4,ziyadnz|hourly,2026-08-17T18:48:05Z,2026-08-17T18:48:05Z,
43.155.167.170,ipv4,malicious-ip,medium,WHITE,ziyadnz/hourly-ipv4,ziyadnz|hourly,2026-08-17T18:48:05Z,2026-08-17T18:48:05Z,
43.155.172.154,ipv4,malicious-ip,medium,WHITE,ziyadnz/hourly-ipv4,ziyadnz|hourly,2026-08-17T18:48:05Z,2026-08-17T18:48:05Z,
43.155.188.157,ipv4,malicious-ip,medium,WHITE,ziyadnz/hourly-ipv4,ziyadnz|hourly,2026-08-17T18:48:05Z,2026-08-17T18:48:05Z,
43.155.195.141,ipv4,malicious-ip,medium,WHITE,ziyadnz/hourly-ipv4,ziyadnz|hourly,2026-08-17T18:48:05Z,2026-08-17T18:48:05Z,
43.155.206.57,ipv4,malicious-ip,medium,WHITE,ziyadnz/hourly-ipv4,ziyadnz|hourly,2026-08-17T18:48:05Z,2026-08-17T18:48:05Z,
43.155.214.159,ipv4,malicious-ip,medium,WHITE,ziyadnz/hourly-ipv4,ziyadnz|hourly,2026-08-17T18:48:05Z,2026-08-17T18:48:05Z,
43.155.223.190,ipv4,malicious-ip,medium,WHITE,ziyadnz/hourly-ipv4,ziyadnz|hourly,2026-08-17T18:48:05Z,2026-08-17T18:48:05Z,
43.155.238.153,ipv4,malicious-ip,medium,WHITE,ziyadnz/hourly-ipv4,ziyadnz|hourly,2026-08-17T18:48:05Z,2026-08-17T18:48:05Z,
43.155.239.183,ipv4,malicious-ip,medium,WHITE,ziyadnz/hourly-ipv4,ziyadnz|hourly,2026-08-17T18:48:05Z,2026-08-17T18:48:05Z,
43.155.26.193,ipv4,malicious-ip,medium,WHITE,ziyadnz/hourly-ipv4,ziyadnz|hourly,2026-08-17T18:48:05Z,2026-08-17T18:48:05Z,
43.155.27.244,ipv4,malicious-ip,medium,WHITE,ziyadnz/hourly-ipv4,ziyadnz|hourly,2026-08-17T18:48:05Z,2026-08-17T18:48:05Z,
43.155.40.91,ipv4,malicious-ip,medium,WHITE,ziyadnz/hourly-ipv4,ziyadnz|hourly,2026-08-17T18:48:05Z,2026-08-17T18:48:05Z,
43.155.62.54,ipv4,malicious-ip,medium,WHITE,ziyadnz/hourly-ipv4,ziyadnz|hourly,2026-08-17T18:48:05Z,2026-08-17T18:48:05Z,
43.156.0.171,ipv4,malicious-ip,medium,WHITE,ziyadnz/hourly-ipv4,ziyadnz|hourly,2026-08-17T18:48:05Z,2026-08-17T18:48:05Z,
43.156.100.167,ipv4,malicious-ip,medium,WHITE,ziyadnz/hourly-ipv4,ziyadnz|hourly,2026-08-17T18:48:05Z,2026-08-17T18:48:05Z,
43.156.100.6,ipv4,malicious-ip,medium,WHITE,ziyadnz/hourly-ipv4,ziyadnz|hourly,2026-08-17T18:48:05Z,2026-08-17T18:48:05Z,
43.156.101.79,ipv4,malicious-ip,medium,WHITE,ziyadnz/hourly-ipv4,ziyadnz|hourly,2026-08-17T18:48:05Z,2026-08-17T18:48:05Z,
43.156.107.107,ipv4,malicious-ip,medium,WHITE,ziyadnz/hourly-ipv4,ziyadnz|hourly,2026-08-17T18:48:05Z,2026-08-17T18:48:05Z,
43.156.107.62,ipv4,malicious-ip,medium,WHITE,ziyadnz/hourly-ipv4,ziyadnz|hourly,2026-08-17T18:48:05Z,2026-08-17T18:48:05Z,
43.156.108.51,ipv4,malicious-ip,medium,WHITE,ziyadnz/hourly-ipv4,ziyadnz|hourly,2026-08-17T18:48:05Z,2026-08-17T18:48:05Z,
43.156.109.74,ipv4,malicious-ip,medium,WHITE,ziyadnz/hourly-ipv4,ziyadnz|hourly,2026-08-17T18:48:05Z,2026-08-17T18:48:05Z,
43.156.111.141,ipv4,malicious-ip,medium,WHITE,ziyadnz/hourly-ipv4,ziyadnz|hourly,2026-08-17T18:48:05Z,2026-08-17T18:48:05Z,
43.156.111.59,ipv4,malicious-ip,medium,WHITE,ziyadnz/hourly-ipv4,ziyadnz|hourly,2026-08-17T18:48:05Z,2026-08-17T18:48:05Z,
43.156.117.191,ipv4,malicious-ip,medium,WHITE,ziyadnz/hourly-ipv4,ziyadnz|hourly,2026-08-17T18:48:05Z,2026-08-17T18:48:05Z,
43.156.118.72,ipv4,malicious-ip,medium,WHITE,ziyadnz/hourly-ipv4,ziyadnz|hourly,2026-08-17T18:48:05Z,2026-08-17T18:48:05Z,
43.156.119.246,ipv4,malicious-ip,medium,WHITE,ziyadnz/hourly-ipv4,ziyadnz|hourly,2026-08-17T18:48:05Z,2026-08-17T18:48:05Z,
43.156.126.57,ipv4,malicious-ip,medium,WHITE,ziyadnz/hourly-ipv4,ziyadnz|hourly,2026-08-17T18:48:05Z,2026-08-17T18:48:05Z,
43.156.13.13,ipv4,malicious-ip,medium,WHITE,ziyadnz/hourly-ipv4,ziyadnz|hourly,2026-08-17T18:48:05Z,2026-08-17T18:48:05Z,
43.156.13.196,ipv4,malicious-ip,medium,WHITE,ziyadnz/hourly-ipv4,ziyadnz|hourly,2026-08-17T18:48:05Z,2026-08-17T18:48:05Z,
43.156.130.252,ipv4,malicious-ip,medium,WHITE,ziyadnz/hourly-ipv4,ziyadnz|hourly,2026-08-17T18:48:05Z,2026-08-17T18:48:05Z,
43.156.132.89,ipv4,malicious-ip,medium,WHITE,ziyadnz/hourly-ipv4,ziyadnz|hourly,2026-08-17T18:48:05Z,2026-08-17T18:48:05Z,
43.156.136.152,ipv4,malicious-ip,medium,WHITE,ziyadnz/hourly-ipv4,ziyadnz|hourly,2026-08-17T18:48:05Z,2026-08-17T18:48:05Z,
43.156.148.224,ipv4,malicious-ip,medium,WHITE,ziyadnz/hourly-ipv4,ziyadnz|hourly,2026-08-17T18:48:05Z,2026-08-17T18:48:05Z,
43.156.16.95,ipv4,malicious-ip,medium,WHITE,ziyadnz/hourly-ipv4,ziyadnz|hourly,2026-08-17T18:48:05Z,2026-08-17T18:48:05Z,
43.156.162.193,ipv4,malicious-ip,medium,WHITE,ziyadnz/hourly-ipv4,ziyadnz|hourly,2026-08-17T18:48:05Z,2026-08-17T18:48:05Z,
43.156.168.37,ipv4,malicious-ip,medium,WHITE,ziyadnz/hourly-ipv4,ziyadnz|hourly,2026-08-17T18:48:05Z,2026-08-17T18:48:05Z,
43.156.17.27,ipv4,malicious-ip,medium,WHITE,ziyadnz/hourly-ipv4,ziyadnz|hourly,2026-08-17T18:48:05Z,2026-08-17T18:48:05Z,
43.156.172.110,ipv4,malicious-ip,medium,WHITE,ziyadnz/hourly-ipv4,ziyadnz|hourly,2026-08-17T18:48:05Z,2026-08-17T18:48:05Z,
43.156.18.98,ipv4,malicious-ip,medium,WHITE,ziyadnz/hourly-ipv4,ziyadnz|hourly,2026-08-17T18:48:05Z,2026-08-17T18:48:05Z,
43.156.183.223,ipv4,malicious-ip,medium,WHITE,ziyadnz/hourly-ipv4,ziyadnz|hourly,2026-08-17T18:48:05Z,2026-08-17T18:48:05Z,
43.156.19.73,ipv4,malicious-ip,medium,WHITE,ziyadnz/hourly-ipv4,ziyadnz|hourly,2026-08-17T18:48:05Z,2026-08-17T18:48:05Z,
43.156.2.209,ipv4,malicious-ip,medium,WHITE,ziyadnz/hourly-ipv4,ziyadnz|hourly,2026-08-17T18:48:05Z,2026-08-17T18:48:05Z,
43.156.2.226,ipv4,malicious-ip,medium,WHITE,ziyadnz/hourly-ipv4,ziyadnz|hourly,2026-08-17T18:48:05Z,2026-08-17T18:48:05Z,
43.156.201.48,ipv4,malicious-ip,medium,WHITE,ziyadnz/hourly-ipv4,ziyadnz|hourly,2026-08-17T18:48:05Z,2026-08-17T18:48:05Z,
43.156.203.174,ipv4,malicious-ip,medium,WHITE,ziyadnz/hourly-ipv4,ziyadnz|hourly,2026-08-17T18:48:05Z,2026-08-17T18:48:05Z,
43.156.212.86,ipv4,malicious-ip,medium,WHITE,ziyadnz/hourly-ipv4,ziyadnz|hourly,2026-08-17T18:48:05Z,2026-08-17T18:48:05Z,
43.156.226.183,ipv4,malicious-ip,medium,WHITE,ziyadnz/hourly-ipv4,ziyadnz|hourly,2026-08-17T18:48:05Z,2026-08-17T18:48:05Z,
43.156.227.3,ipv4,malicious-ip,medium,WHITE,ziyadnz/hourly-ipv4,ziyadnz|hourly,2026-08-17T18:48:05Z,2026-08-17T18:48:05Z,
43.156.228.27,ipv4,malicious-ip,medium,WHITE,ziyadnz/hourly-ipv4,ziyadnz|hourly,2026-08-17T18:48:05Z,2026-08-17T18:48:05Z,
43.156.229.76,ipv4,malicious-ip,medium,WHITE,ziyadnz/hourly-ipv4,ziyadnz|hourly,2026-08-17T18:48:05Z,2026-08-17T18:48:05Z,
43.156.232.154,ipv4,malicious-ip,medium,WHITE,ziyadnz/hourly-ipv4,ziyadnz|hourly,2026-08-17T18:48:05Z,2026-08-17T18:48:05Z,
43.156.232.227,ipv4,malicious-ip,medium,WHITE,ziyadnz/hourly-ipv4,ziyadnz|hourly,2026-08-17T18:48:05Z,2026-08-17T18:48:05Z,
43.156.237.246,ipv4,malicious-ip,medium,WHITE,ziyadnz/hourly-ipv4,ziyadnz|hourly,2026-08-17T18:48:05Z,2026-08-17T18:48:05Z,
43.156.238.201,ipv4,malicious-ip,medium,WHITE,ziyadnz/hourly-ipv4,ziyadnz|hourly,2026-08-17T18:48:05Z,2026-08-17T18:48:05Z,
43.156.238.21,ipv4,malicious-ip,medium,WHITE,ziyadnz/hourly-ipv4,ziyadnz|hourly,2026-08-17T18:48:05Z,2026-08-17T18:48:05Z,
43.156.239.194,ipv4,malicious-ip,medium,WHITE,ziyadnz/hourly-ipv4,ziyadnz|hourly,2026-08-17T18:48:05Z,2026-08-17T18:48:05Z,
43.156.239.91,ipv4,malicious-ip,medium,WHITE,ziyadnz/hourly-ipv4,ziyadnz|hourly,2026-08-17T18:48:05Z,2026-08-17T18:48:05Z,
43.156.24.132,ipv4,malicious-ip,medium,WHITE,ziyadnz/hourly-ipv4,ziyadnz|hourly,2026-08-17T18:48:05Z,2026-08-17T18:48:05Z,
43.156.240.243,ipv4,malicious-ip,medium,WHITE,ziyadnz/hourly-ipv4,ziyadnz|hourly,2026-08-17T18:48:05Z,2026-08-17T18:48:05Z,
43.156.240.71,ipv4,malicious-ip,medium,WHITE,ziyadnz/hourly-ipv4,ziyadnz|hourly,2026-08-17T18:48:05Z,2026-08-17T18:48:05Z,
43.156.245.244,ipv4,malicious-ip,medium,WHITE,ziyadnz/hourly-ipv4,ziyadnz|hourly,2026-08-17T18:48:05Z,2026-08-17T18:48:05Z,
43.156.248.98,ipv4,malicious-ip,medium,WHITE,ziyadnz/hourly-ipv4,ziyadnz|hourly,2026-08-17T18:48:05Z,2026-08-17T18:48:05Z,
43.156.249.139,ipv4,malicious-ip,medium,WHITE,ziyadnz/hourly-ipv4,ziyadnz|hourly,2026-08-17T18:48:05Z,2026-08-17T18:48:05Z,
43.156.250.245,ipv4,malicious-ip,medium,WHITE,ziyadnz/hourly-ipv4,ziyadnz|hourly,2026-08-17T18:48:05Z,2026-08-17T18:48:05Z,
43.156.253.35,ipv4,malicious-ip,medium,WHITE,ziyadnz/hourly-ipv4,ziyadnz|hourly,2026-08-17T18:48:05Z,2026-08-17T18:48:05Z,
43.156.26.234,ipv4,malicious-ip,medium,WHITE,ziyadnz/hourly-ipv4,ziyadnz|hourly,2026-08-17T18:48:05Z,2026-08-17T18:48:05Z,
43.156.26.92,ipv4,malicious-ip,medium,WHITE,ziyadnz/hourly-ipv4,ziyadnz|hourly,2026-08-17T18:48:05Z,2026-08-17T18:48:05Z,
43.156.28.136,ipv4,malicious-ip,medium,WHITE,ziyadnz/hourly-ipv4,ziyadnz|hourly,2026-08-17T18:48:05Z,2026-08-17T18:48:05Z,
43.156.29.110,ipv4,malicious-ip,medium,WHITE,ziyadnz/hourly-ipv4,ziyadnz|hourly,2026-08-17T18:48:05Z,2026-08-17T18:48:05Z,
43.156.3.122,ipv4,malicious-ip,medium,WHITE,ziyadnz/hourly-ipv4,ziyadnz|hourly,2026-08-17T18:48:05Z,2026-08-17T18:48:05Z,
43.156.3.248,ipv4,malicious-ip,medium,WHITE,ziyadnz/hourly-ipv4,ziyadnz|hourly,2026-08-17T18:48:05Z,2026-08-17T18:48:05Z,
43.156.33.235,ipv4,malicious-ip,medium,WHITE,ziyadnz/hourly-ipv4,ziyadnz|hourly,2026-08-17T18:48:05Z,2026-08-17T18:48:05Z,
43.156.34.165,ipv4,malicious-ip,medium,WHITE,ziyadnz/hourly-ipv4,ziyadnz|hourly,2026-08-17T18:48:05Z,2026-08-17T18:48:05Z,
43.156.35.69,ipv4,malicious-ip,medium,WHITE,ziyadnz/hourly-ipv4,ziyadnz|hourly,2026-08-17T18:48:05Z,2026-08-17T18:48:05Z,
43.156.36.169,ipv4,malicious-ip,medium,WHITE,ziyadnz/hourly-ipv4,ziyadnz|hourly,2026-08-17T18:48:05Z,2026-08-17T18:48:05Z,
43.156.36.214,ipv4,malicious-ip,medium,WHITE,ziyadnz/hourly-ipv4,ziyadnz|hourly,2026-08-17T18:48:05Z,2026-08-17T18:48:05Z,
43.156.38.144,ipv4,malicious-ip,medium,WHITE,ziyadnz/hourly-ipv4,ziyadnz|hourly,2026-08-17T18:48:05Z,2026-08-17T18:48:05Z,
43.156.38.44,ipv4,malicious-ip,medium,WHITE,ziyadnz/hourly-ipv4,ziyadnz|hourly,2026-08-17T18:48:05Z,2026-08-17T18:48:05Z,
43.156.39.221,ipv4,malicious-ip,medium,WHITE,ziyadnz/hourly-ipv4,ziyadnz|hourly,2026-08-17T18:48:05Z,2026-08-17T18:48:05Z,
43.156.39.228,ipv4,malicious-ip,medium,WHITE,ziyadnz/hourly-ipv4,ziyadnz|hourly,2026-08-17T18:48:05Z,2026-08-17T18:48:05Z,
43.156.39.240,ipv4,malicious-ip,medium,WHITE,ziyadnz/hourly-ipv4,ziyadnz|hourly,2026-08-17T18:48:05Z,2026-08-17T18:48:05Z,
43.156.40.88,ipv4,malicious-ip,medium,WHITE,ziyadnz/hourly-ipv4,ziyadnz|hourly,2026-08-17T18:48:05Z,2026-08-17T18:48:05Z,
43.156.46.210,ipv4,malicious-ip,medium,WHITE,ziyadnz/hourly-ipv4,ziyadnz|hourly,2026-08-17T18:48:05Z,2026-08-17T18:48:05Z,
43.156.46.84,ipv4,malicious-ip,medium,WHITE,ziyadnz/hourly-ipv4,ziyadnz|hourly,2026-08-17T18:48:05Z,2026-08-17T18:48:05Z,
43.156.47.209,ipv4,malicious-ip,medium,WHITE,ziyadnz/hourly-ipv4,ziyadnz|hourly,2026-08-17T18:48:05Z,2026-08-17T18:48:05Z,
43.156.51.143,ipv4,malicious-ip,medium,WHITE,ziyadnz/hourly-ipv4,ziyadnz|hourly,2026-08-17T18:48:05Z,2026-08-17T18:48:05Z,
43.156.53.120,ipv4,malicious-ip,medium,WHITE,ziyadnz/hourly-ipv4,ziyadnz|hourly,2026-08-17T18:48:05Z,2026-08-17T18:48:05Z,
43.156.53.131,ipv4,malicious-ip,medium,WHITE,ziyadnz/hourly-ipv4,ziyadnz|hourly,2026-08-17T18:48:05Z,2026-08-17T18:48:05Z,
43.156.58.250,ipv4,malicious-ip,medium,WHITE,ziyadnz/hourly-ipv4,ziyadnz|hourly,2026-08-17T18:48:05Z,2026-08-17T18:48:05Z,
43.156.60.15,ipv4,malicious-ip,medium,WHITE,ziyadnz/hourly-ipv4,ziyadnz|hourly,2026-08-17T18:48:05Z,2026-08-17T18:48:05Z,
43.156.63.254,ipv4,malicious-ip,medium,WHITE,ziyadnz/hourly-ipv4,ziyadnz|hourly,2026-08-17T18:48:05Z,2026-08-17T18:48:05Z,
43.156.65.178,ipv4,malicious-ip,medium,WHITE,ziyadnz/hourly-ipv4,ziyadnz|hourly,2026-08-17T18:48:05Z,2026-08-17T18:48:05Z,
43.156.66.47,ipv4,malicious-ip,medium,WHITE,ziyadnz/hourly-ipv4,ziyadnz|hourly,2026-08-17T18:48:05Z,2026-08-17T18:48:05Z,
43.156.70.120,ipv4,malicious-ip,medium,WHITE,ziyadnz/hourly-ipv4,ziyadnz|hourly,2026-08-17T18:48:05Z,2026-08-17T18:48:05Z,
43.156.70.172,ipv4,malicious-ip,medium,WHITE,ziyadnz/hourly-ipv4,ziyadnz|hourly,2026-08-17T18:48:05Z,2026-08-17T18:48:05Z,
43.156.71.219,ipv4,malicious-ip,medium,WHITE,ziyadnz/hourly-ipv4,ziyadnz|hourly,2026-08-17T18:48:05Z,2026-08-17T18:48:05Z,
43.156.79.172,ipv4,malicious-ip,medium,WHITE,ziyadnz/hourly-ipv4,ziyadnz|hourly,2026-08-17T18:48:05Z,2026-08-17T18:48:05Z,
43.156.82.40,ipv4,malicious-ip,medium,WHITE,ziyadnz/hourly-ipv4,ziyadnz|hourly,2026-08-17T18:48:05Z,2026-08-17T18:48:05Z,
43.156.89.145,ipv4,malicious-ip,medium,WHITE,ziyadnz/hourly-ipv4,ziyadnz|hourly,2026-08-17T18:48:05Z,2026-08-17T18:48:05Z,
43.156.91.175,ipv4,malicious-ip,medium,WHITE,ziyadnz/hourly-ipv4,ziyadnz|hourly,2026-08-17T18:48:05Z,2026-08-17T18:48:05Z,
43.156.91.197,ipv4,malicious-ip,medium,WHITE,ziyadnz/hourly-ipv4,ziyadnz|hourly,2026-08-17T18:48:05Z,2026-08-17T18:48:05Z,
43.156.95.186,ipv4,malicious-ip,medium,WHITE,ziyadnz/hourly-ipv4,ziyadnz|hourly,2026-08-17T18:48:05Z,2026-08-17T18:48:05Z,
43.156.95.199,ipv4,malicious-ip,medium,WHITE,ziyadnz/hourly-ipv4,ziyadnz|hourly,2026-08-17T18:48:05Z,2026-08-17T18:48:05Z,
43.156.96.15,ipv4,malicious-ip,medium,WHITE,ziyadnz/hourly-ipv4,ziyadnz|hourly,2026-08-17T18:48:05Z,2026-08-17T18:48:05Z,
43.156.96.97,ipv4,malicious-ip,medium,WHITE,ziyadnz/hourly-ipv4,ziyadnz|hourly,2026-08-17T18:48:05Z,2026-08-17T18:48:05Z,
43.156.97.116,ipv4,malicious-ip,medium,WHITE,ziyadnz/hourly-ipv4,ziyadnz|hourly,2026-08-17T18:48:05Z,2026-08-17T18:48:05Z,
43.156.97.164,ipv4,malicious-ip,medium,WHITE,ziyadnz/hourly-ipv4,ziyadnz|hourly,2026-08-17T18:48:05Z,2026-08-17T18:48:05Z,
43.157.118.169,ipv4,malicious-ip,medium,WHITE,ziyadnz/hourly-ipv4,ziyadnz|hourly,2026-08-17T18:48:05Z,2026-08-17T18:48:05Z,
43.157.142.101,ipv4,malicious-ip,medium,WHITE,ziyadnz/hourly-ipv4,ziyadnz|hourly,2026-08-17T18:48:05Z,2026-08-17T18:48:05Z,
43.157.147.3,ipv4,malicious-ip,medium,WHITE,ziyadnz/hourly-ipv4,ziyadnz|hourly,2026-08-17T18:48:05Z,2026-08-17T18:48:05Z,
43.157.148.168,ipv4,malicious-ip,medium,WHITE,ziyadnz/hourly-ipv4,ziyadnz|hourly,2026-08-17T18:48:05Z,2026-08-17T18:48:05Z,
43.157.148.38,ipv4,malicious-ip,medium,WHITE,ziyadnz/hourly-ipv4,ziyadnz|hourly,2026-08-17T18:48:05Z,2026-08-17T18:48:05Z,
43.157.149.188,ipv4,malicious-ip,medium,WHITE,ziyadnz/hourly-ipv4,ziyadnz|hourly,2026-08-17T18:48:05Z,2026-08-17T18:48:05Z,
43.157.150.69,ipv4,malicious-ip,medium,WHITE,ziyadnz/hourly-ipv4,ziyadnz|hourly,2026-08-17T18:48:05Z,2026-08-17T18:48:05Z,
43.157.151.131,ipv4,malicious-ip,medium,WHITE,ziyadnz/hourly-ipv4,ziyadnz|hourly,2026-08-17T18:48:05Z,2026-08-17T18:48:05Z,
43.157.151.226,ipv4,malicious-ip,medium,WHITE,ziyadnz/hourly-ipv4,ziyadnz|hourly,2026-08-17T18:48:05Z,2026-08-17T18:48:05Z,
43.157.153.236,ipv4,malicious-ip,medium,WHITE,ziyadnz/hourly-ipv4,ziyadnz|hourly,2026-08-17T18:48:05Z,2026-08-17T18:48:05Z,
43.157.156.190,ipv4,malicious-ip,medium,WHITE,ziyadnz/hourly-ipv4,ziyadnz|hourly,2026-08-17T18:48:05Z,2026-08-17T18:48:05Z,
43.157.158.108,ipv4,malicious-ip,medium,WHITE,ziyadnz/hourly-ipv4,ziyadnz|hourly,2026-08-17T18:48:05Z,2026-08-17T18:48:05Z,
43.157.163.155,ipv4,malicious-ip,medium,WHITE,ziyadnz/hourly-ipv4,ziyadnz|hourly,2026-08-17T18:48:05Z,2026-08-17T18:48:05Z,
43.157.168.43,ipv4,malicious-ip,medium,WHITE,ziyadnz/hourly-ipv4,ziyadnz|hourly,2026-08-17T18:48:05Z,2026-08-17T18:48:05Z,
43.157.170.126,ipv4,malicious-ip,medium,WHITE,ziyadnz/hourly-ipv4,ziyadnz|hourly,2026-08-17T18:48:05Z,2026-08-17T18:48:05Z,
43.157.174.200,ipv4,malicious-ip,medium,WHITE,ziyadnz/hourly-ipv4,ziyadnz|hourly,2026-08-17T18:48:05Z,2026-08-17T18:48:05Z,
43.157.174.69,ipv4,malicious-ip,medium,WHITE,ziyadnz/hourly-ipv4,ziyadnz|hourly,2026-08-17T18:48:05Z,2026-08-17T18:48:05Z,
43.157.175.122,ipv4,malicious-ip,medium,WHITE,ziyadnz/hourly-ipv4,ziyadnz|hourly,2026-08-17T18:48:05Z,2026-08-17T18:48:05Z,
43.157.179.227,ipv4,malicious-ip,medium,WHITE,ziyadnz/hourly-ipv4,ziyadnz|hourly,2026-08-17T18:48:05Z,2026-08-17T18:48:05Z,
43.157.180.116,ipv4,malicious-ip,medium,WHITE,ziyadnz/hourly-ipv4,ziyadnz|hourly,2026-08-17T18:48:05Z,2026-08-17T18:48:05Z,
43.157.181.189,ipv4,malicious-ip,medium,WHITE,ziyadnz/hourly-ipv4,ziyadnz|hourly,2026-08-17T18:48:05Z,2026-08-17T18:48:05Z,
43.157.191.20,ipv4,malicious-ip,medium,WHITE,ziyadnz/hourly-ipv4,ziyadnz|hourly,2026-08-17T18:48:05Z,2026-08-17T18:48:05Z,
43.157.20.63,ipv4,malicious-ip,medium,WHITE,ziyadnz/hourly-ipv4,ziyadnz|hourly,2026-08-17T18:48:05Z,2026-08-17T18:48:05Z,
43.157.203.234,ipv4,malicious-ip,medium,WHITE,ziyadnz/hourly-ipv4,ziyadnz|hourly,2026-08-17T18:48:05Z,2026-08-17T18:48:05Z,
43.157.206.189,ipv4,malicious-ip,medium,WHITE,ziyadnz/hourly-ipv4,ziyadnz|hourly,2026-08-17T18:48:05Z,2026-08-17T18:48:05Z,
43.157.209.93,ipv4,malicious-ip,medium,WHITE,ziyadnz/hourly-ipv4,ziyadnz|hourly,2026-08-17T18:48:05Z,2026-08-17T18:48:05Z,
43.157.213.31,ipv4,malicious-ip,medium,WHITE,ziyadnz/hourly-ipv4,ziyadnz|hourly,2026-08-17T18:48:05Z,2026-08-17T18:48:05Z,
43.157.22.109,ipv4,malicious-ip,medium,WHITE,ziyadnz/hourly-ipv4,ziyadnz|hourly,2026-08-17T18:48:05Z,2026-08-17T18:48:05Z,
43.157.22.57,ipv4,malicious-ip,medium,WHITE,ziyadnz/hourly-ipv4,ziyadnz|hourly,2026-08-17T18:48:05Z,2026-08-17T18:48:05Z,
43.157.38.228,ipv4,malicious-ip,medium,WHITE,ziyadnz/hourly-ipv4,ziyadnz|hourly,2026-08-17T18:48:05Z,2026-08-17T18:48:05Z,
43.157.43.147,ipv4,malicious-ip,medium,WHITE,ziyadnz/hourly-ipv4,ziyadnz|hourly,2026-08-17T18:48:05Z,2026-08-17T18:48:05Z,
43.157.46.118,ipv4,malicious-ip,medium,WHITE,ziyadnz/hourly-ipv4,ziyadnz|hourly,2026-08-17T18:48:05Z,2026-08-17T18:48:05Z,
43.157.50.58,ipv4,malicious-ip,medium,WHITE,ziyadnz/hourly-ipv4,ziyadnz|hourly,2026-08-17T18:48:05Z,2026-08-17T18:48:05Z,
43.157.52.37,ipv4,malicious-ip,medium,WHITE,ziyadnz/hourly-ipv4,ziyadnz|hourly,2026-08-17T18:48:05Z,2026-08-17T18:48:05Z,
43.157.62.101,ipv4,malicious-ip,medium,WHITE,ziyadnz/hourly-ipv4,ziyadnz|hourly,2026-08-17T18:48:05Z,2026-08-17T18:48:05Z,
43.157.65.44,ipv4,malicious-ip,medium,WHITE,ziyadnz/hourly-ipv4,ziyadnz|hourly,2026-08-17T18:48:05Z,2026-08-17T18:48:05Z,
43.157.67.70,ipv4,malicious-ip,medium,WHITE,ziyadnz/hourly-ipv4,ziyadnz|hourly,2026-08-17T18:48:05Z,2026-08-17T18:48:05Z,
43.157.82.252,ipv4,malicious-ip,medium,WHITE,ziyadnz/hourly-ipv4,ziyadnz|hourly,2026-08-17T18:48:05Z,2026-08-17T18:48:05Z,
43.157.95.239,ipv4,malicious-ip,medium,WHITE,ziyadnz/hourly-ipv4,ziyadnz|hourly,2026-08-17T18:48:05Z,2026-08-17T18:48:05Z,
43.157.98.118,ipv4,malicious-ip,medium,WHITE,ziyadnz/hourly-ipv4,ziyadnz|hourly,2026-08-17T18:48:05Z,2026-08-17T18:48:05Z,
43.157.98.187,ipv4,malicious-ip,medium,WHITE,ziyadnz/hourly-ipv4,ziyadnz|hourly,2026-08-17T18:48:05Z,2026-08-17T18:48:05Z,
43.158.91.178,ipv4,malicious-ip,medium,WHITE,ziyadnz/hourly-ipv4,ziyadnz|hourly,2026-08-17T18:48:05Z,2026-08-17T18:48:05Z,
43.158.91.71,ipv4,malicious-ip,medium,WHITE,ziyadnz/hourly-ipv4,ziyadnz|hourly,2026-08-17T18:48:05Z,2026-08-17T18:48:05Z,
43.159.128.247,ipv4,malicious-ip,medium,WHITE,ziyadnz/hourly-ipv4,ziyadnz|hourly,2026-08-17T18:48:05Z,2026-08-17T18:48:05Z,
43.159.130.244,ipv4,malicious-ip,medium,WHITE,ziyadnz/hourly-ipv4,ziyadnz|hourly,2026-08-17T18:48:05Z,2026-08-17T18:48:05Z,
43.159.131.139,ipv4,malicious-ip,medium,WHITE,ziyadnz/hourly-ipv4,ziyadnz|hourly,2026-08-17T18:48:05Z,2026-08-17T18:48:05Z,
43.159.132.116,ipv4,malicious-ip,medium,WHITE,ziyadnz/hourly-ipv4,ziyadnz|hourly,2026-08-17T18:48:05Z,2026-08-17T18:48:05Z,
43.159.132.150,ipv4,malicious-ip,medium,WHITE,ziyadnz/hourly-ipv4,ziyadnz|hourly,2026-08-17T18:48:05Z,2026-08-17T18:48:05Z,
43.159.132.153,ipv4,malicious-ip,medium,WHITE,ziyadnz/hourly-ipv4,ziyadnz|hourly,2026-08-17T18:48:05Z,2026-08-17T18:48:05Z,
43.159.134.34,ipv4,malicious-ip,medium,WHITE,ziyadnz/hourly-ipv4,ziyadnz|hourly,2026-08-17T18:48:05Z,2026-08-17T18:48:05Z,
43.159.135.203,ipv4,malicious-ip,medium,WHITE,ziyadnz/hourly-ipv4,ziyadnz|hourly,2026-08-17T18:48:05Z,2026-08-17T18:48:05Z,
43.159.135.95,ipv4,malicious-ip,medium,WHITE,ziyadnz/hourly-ipv4,ziyadnz|hourly,2026-08-17T18:48:05Z,2026-08-17T18:48:05Z,
43.159.136.201,ipv4,malicious-ip,medium,WHITE,ziyadnz/hourly-ipv4,ziyadnz|hourly,2026-08-17T18:48:05Z,2026-08-17T18:48:05Z,
43.159.136.59,ipv4,malicious-ip,medium,WHITE,ziyadnz/hourly-ipv4,ziyadnz|hourly,2026-08-17T18:48:05Z,2026-08-17T18:48:05Z,
43.159.137.23,ipv4,malicious-ip,medium,WHITE,ziyadnz/hourly-ipv4,ziyadnz|hourly,2026-08-17T18:48:05Z,2026-08-17T18:48:05Z,
43.159.137.44,ipv4,malicious-ip,medium,WHITE,ziyadnz/hourly-ipv4,ziyadnz|hourly,2026-08-17T18:48:05Z,2026-08-17T18:48:05Z,
43.159.139.126,ipv4,malicious-ip,medium,WHITE,ziyadnz/hourly-ipv4,ziyadnz|hourly,2026-08-17T18:48:05Z,2026-08-17T18:48:05Z,
43.159.139.164,ipv4,malicious-ip,medium,WHITE,ziyadnz/hourly-ipv4,ziyadnz|hourly,2026-08-17T18:48:05Z,2026-08-17T18:48:05Z,
43.159.140.236,ipv4,malicious-ip,medium,WHITE,ziyadnz/hourly-ipv4,ziyadnz|hourly,2026-08-17T18:48:05Z,2026-08-17T18:48:05Z,
43.159.143.139,ipv4,malicious-ip,medium,WHITE,ziyadnz/hourly-ipv4,ziyadnz|hourly,2026-08-17T18:48:05Z,2026-08-17T18:48:05Z,
43.159.143.187,ipv4,malicious-ip,medium,WHITE,ziyadnz/hourly-ipv4,ziyadnz|hourly,2026-08-17T18:48:05Z,2026-08-17T18:48:05Z,
43.159.143.190,ipv4,malicious-ip,medium,WHITE,ziyadnz/hourly-ipv4,ziyadnz|hourly,2026-08-17T18:48:05Z,2026-08-17T18:48:05Z,
43.159.144.16,ipv4,malicious-ip,medium,WHITE,ziyadnz/hourly-ipv4,ziyadnz|hourly,2026-08-17T18:48:05Z,2026-08-17T18:48:05Z,
43.159.145.149,ipv4,malicious-ip,medium,WHITE,ziyadnz/hourly-ipv4,ziyadnz|hourly,2026-08-17T18:48:05Z,2026-08-17T18:48:05Z,
43.159.145.203,ipv4,malicious-ip,medium,WHITE,ziyadnz/hourly-ipv4,ziyadnz|hourly,2026-08-17T18:48:05Z,2026-08-17T18:48:05Z,
43.159.145.52,ipv4,malicious-ip,medium,WHITE,ziyadnz/hourly-ipv4,ziyadnz|hourly,2026-08-17T18:48:05Z,2026-08-17T18:48:05Z,
43.159.145.66,ipv4,malicious-ip,medium,WHITE,ziyadnz/hourly-ipv4,ziyadnz|hourly,2026-08-17T18:48:05Z,2026-08-17T18:48:05Z,
43.159.148.221,ipv4,malicious-ip,medium,WHITE,ziyadnz/hourly-ipv4,ziyadnz|hourly,2026-08-17T18:48:05Z,2026-08-17T18:48:05Z,
43.159.149.146,ipv4,malicious-ip,medium,WHITE,ziyadnz/hourly-ipv4,ziyadnz|hourly,2026-08-17T18:48:05Z,2026-08-17T18:48:05Z,
43.159.149.205,ipv4,malicious-ip,medium,WHITE,ziyadnz/hourly-ipv4,ziyadnz|hourly,2026-08-17T18:48:05Z,2026-08-17T18:48:05Z,
43.159.149.216,ipv4,malicious-ip,medium,WHITE,ziyadnz/hourly-ipv4,ziyadnz|hourly,2026-08-17T18:48:05Z,2026-08-17T18:48:05Z,
43.159.152.162,ipv4,malicious-ip,medium,WHITE,ziyadnz/hourly-ipv4,ziyadnz|hourly,2026-08-17T18:48:05Z,2026-08-17T18:48:05Z,
43.159.152.184,ipv4,malicious-ip,medium,WHITE,ziyadnz/hourly-ipv4,ziyadnz|hourly,2026-08-17T18:48:05Z,2026-08-17T18:48:05Z,
43.159.152.195,ipv4,malicious-ip,medium,WHITE,ziyadnz/hourly-ipv4,ziyadnz|hourly,2026-08-17T18:48:05Z,2026-08-17T18:48:05Z,
43.159.168.205,ipv4,malicious-ip,medium,WHITE,ziyadnz/hourly-ipv4,ziyadnz|hourly,2026-08-17T18:48:05Z,2026-08-17T18:48:05Z,
43.159.168.55,ipv4,malicious-ip,medium,WHITE,ziyadnz/hourly-ipv4,ziyadnz|hourly,2026-08-17T18:48:05Z,2026-08-17T18:48:05Z,
43.159.168.95,ipv4,malicious-ip,medium,WHITE,ziyadnz/hourly-ipv4,ziyadnz|hourly,2026-08-17T18:48:05Z,2026-08-17T18:48:05Z,
43.159.169.17,ipv4,malicious-ip,medium,WHITE,ziyadnz/hourly-ipv4,ziyadnz|hourly,2026-08-17T18:48:05Z,2026-08-17T18:48:05Z,
43.159.169.242,ipv4,malicious-ip,medium,WHITE,ziyadnz/hourly-ipv4,ziyadnz|hourly,2026-08-17T18:48:05Z,2026-08-17T18:48:05Z,
43.159.169.93,ipv4,malicious-ip,medium,WHITE,ziyadnz/hourly-ipv4,ziyadnz|hourly,2026-08-17T18:48:05Z,2026-08-17T18:48:05Z,
43.159.170.156,ipv4,malicious-ip,medium,WHITE,ziyadnz/hourly-ipv4,ziyadnz|hourly,2026-08-17T18:48:05Z,2026-08-17T18:48:05Z,
43.159.170.199,ipv4,malicious-ip,medium,WHITE,ziyadnz/hourly-ipv4,ziyadnz|hourly,2026-08-17T18:48:05Z,2026-08-17T18:48:05Z,
43.159.170.32,ipv4,malicious-ip,medium,WHITE,ziyadnz/hourly-ipv4,ziyadnz|hourly,2026-08-17T18:48:05Z,2026-08-17T18:48:05Z,
43.159.171.142,ipv4,malicious-ip,medium,WHITE,ziyadnz/hourly-ipv4,ziyadnz|hourly,2026-08-17T18:48:05Z,2026-08-17T18:48:05Z,
43.159.177.40,ipv4,malicious-ip,medium,WHITE,ziyadnz/hourly-ipv4,ziyadnz|hourly,2026-08-17T18:48:05Z,2026-08-17T18:48:05Z,
43.159.192.196,ipv4,malicious-ip,medium,WHITE,ziyadnz/hourly-ipv4,ziyadnz|hourly,2026-08-17T18:48:05Z,2026-08-17T18:48:05Z,
43.159.22.127,ipv4,malicious-ip,medium,WHITE,ziyadnz/hourly-ipv4,ziyadnz|hourly,2026-08-17T18:48:05Z,2026-08-17T18:48:05Z,
43.159.230.49,ipv4,malicious-ip,medium,WHITE,ziyadnz/hourly-ipv4,ziyadnz|hourly,2026-08-17T18:48:05Z,2026-08-17T18:48:05Z,
43.159.33.6,ipv4,malicious-ip,medium,WHITE,ziyadnz/hourly-ipv4,ziyadnz|hourly,2026-08-17T18:48:05Z,2026-08-17T18:48:05Z,
43.159.34.167,ipv4,malicious-ip,medium,WHITE,ziyadnz/hourly-ipv4,ziyadnz|hourly,2026-08-17T18:48:05Z,2026-08-17T18:48:05Z,
43.159.34.214,ipv4,malicious-ip,medium,WHITE,ziyadnz/hourly-ipv4,ziyadnz|hourly,2026-08-17T18:48:05Z,2026-08-17T18:48:05Z,
43.159.34.84,ipv4,malicious-ip,medium,WHITE,ziyadnz/hourly-ipv4,ziyadnz|hourly,2026-08-17T18:48:05Z,2026-08-17T18:48:05Z,
43.159.35.188,ipv4,malicious-ip,medium,WHITE,ziyadnz/hourly-ipv4,ziyadnz|hourly,2026-08-17T18:48:05Z,2026-08-17T18:48:05Z,
43.159.35.199,ipv4,malicious-ip,medium,WHITE,ziyadnz/hourly-ipv4,ziyadnz|hourly,2026-08-17T18:48:05Z,2026-08-17T18:48:05Z,
43.159.35.21,ipv4,malicious-ip,medium,WHITE,ziyadnz/hourly-ipv4,ziyadnz|hourly,2026-08-17T18:48:05Z,2026-08-17T18:48:05Z,
43.159.35.38,ipv4,malicious-ip,medium,WHITE,ziyadnz/hourly-ipv4,ziyadnz|hourly,2026-08-17T18:48:05Z,2026-08-17T18:48:05Z,
43.159.35.60,ipv4,malicious-ip,medium,WHITE,ziyadnz/hourly-ipv4,ziyadnz|hourly,2026-08-17T18:48:05Z,2026-08-17T18:48:05Z,
43.159.36.158,ipv4,malicious-ip,medium,WHITE,ziyadnz/hourly-ipv4,ziyadnz|hourly,2026-08-17T18:48:05Z,2026-08-17T18:48:05Z,
43.159.36.180,ipv4,malicious-ip,medium,WHITE,ziyadnz/hourly-ipv4,ziyadnz|hourly,2026-08-17T18:48:05Z,2026-08-17T18:48:05Z,
43.159.36.185,ipv4,malicious-ip,medium,WHITE,ziyadnz/hourly-ipv4,ziyadnz|hourly,2026-08-17T18:48:05Z,2026-08-17T18:48:05Z,
43.159.37.239,ipv4,malicious-ip,medium,WHITE,ziyadnz/hourly-ipv4,ziyadnz|hourly,2026-08-17T18:48:05Z,2026-08-17T18:48:05Z,
43.159.38.89,ipv4,malicious-ip,medium,WHITE,ziyadnz/hourly-ipv4,ziyadnz|hourly,2026-08-17T18:48:05Z,2026-08-17T18:48:05Z,
43.159.39.160,ipv4,malicious-ip,medium,WHITE,ziyadnz/hourly-ipv4,ziyadnz|hourly,2026-08-17T18:48:05Z,2026-08-17T18:48:05Z,
43.159.39.191,ipv4,malicious-ip,medium,WHITE,ziyadnz/hourly-ipv4,ziyadnz|hourly,2026-08-17T18:48:05Z,2026-08-17T18:48:05Z,
43.159.39.252,ipv4,malicious-ip,medium,WHITE,ziyadnz/hourly-ipv4,ziyadnz|hourly,2026-08-17T18:48:05Z,2026-08-17T18:48:05Z,
43.159.40.53,ipv4,malicious-ip,medium,WHITE,ziyadnz/hourly-ipv4,ziyadnz|hourly,2026-08-17T18:48:05Z,2026-08-17T18:48:05Z,
43.159.41.181,ipv4,malicious-ip,medium,WHITE,ziyadnz/hourly-ipv4,ziyadnz|hourly,2026-08-17T18:48:05Z,2026-08-17T18:48:05Z,
43.159.46.152,ipv4,malicious-ip,medium,WHITE,ziyadnz/hourly-ipv4,ziyadnz|hourly,2026-08-17T18:48:05Z,2026-08-17T18:48:05Z,
43.159.47.71,ipv4,malicious-ip,medium,WHITE,ziyadnz/hourly-ipv4,ziyadnz|hourly,2026-08-17T18:48:05Z,2026-08-17T18:48:05Z,
43.159.50.229,ipv4,malicious-ip,medium,WHITE,ziyadnz/hourly-ipv4,ziyadnz|hourly,2026-08-17T18:48:05Z,2026-08-17T18:48:05Z,
43.159.51.7,ipv4,malicious-ip,medium,WHITE,ziyadnz/hourly-ipv4,ziyadnz|hourly,2026-08-17T18:48:05Z,2026-08-17T18:48:05Z,
43.159.56.133,ipv4,malicious-ip,medium,WHITE,ziyadnz/hourly-ipv4,ziyadnz|hourly,2026-08-17T18:48:05Z,2026-08-17T18:48:05Z,
43.159.56.153,ipv4,malicious-ip,medium,WHITE,ziyadnz/hourly-ipv4,ziyadnz|hourly,2026-08-17T18:48:05Z,2026-08-17T18:48:05Z,
43.159.57.244,ipv4,malicious-ip,medium,WHITE,ziyadnz/hourly-ipv4,ziyadnz|hourly,2026-08-17T18:48:05Z,2026-08-17T18:48:05Z,
43.159.58.134,ipv4,malicious-ip,medium,WHITE,ziyadnz/hourly-ipv4,ziyadnz|hourly,2026-08-17T18:48:05Z,2026-08-17T18:48:05Z,
43.159.62.129,ipv4,malicious-ip,medium,WHITE,ziyadnz/hourly-ipv4,ziyadnz|hourly,2026-08-17T18:48:05Z,2026-08-17T18:48:05Z,
43.159.62.94,ipv4,malicious-ip,medium,WHITE,ziyadnz/hourly-ipv4,ziyadnz|hourly,2026-08-17T18:48:05Z,2026-08-17T18:48:05Z,
43.160.195.94,ipv4,malicious-ip,medium,WHITE,ziyadnz/hourly-ipv4,ziyadnz|hourly,2026-08-17T18:48:05Z,2026-08-17T18:48:05Z,
43.160.200.19,ipv4,malicious-ip,medium,WHITE,ziyadnz/hourly-ipv4,ziyadnz|hourly,2026-08-17T18:48:05Z,2026-08-17T18:48:05Z,
43.160.204.7,ipv4,malicious-ip,medium,WHITE,ziyadnz/hourly-ipv4,ziyadnz|hourly,2026-08-17T18:48:05Z,2026-08-17T18:48:05Z,
43.160.206.186,ipv4,malicious-ip,medium,WHITE,ziyadnz/hourly-ipv4,ziyadnz|hourly,2026-08-17T18:48:05Z,2026-08-17T18:48:05Z,
43.160.206.89,ipv4,malicious-ip,medium,WHITE,ziyadnz/hourly-ipv4,ziyadnz|hourly,2026-08-17T18:48:05Z,2026-08-17T18:48:05Z,
43.160.207.109,ipv4,malicious-ip,medium,WHITE,ziyadnz/hourly-ipv4,ziyadnz|hourly,2026-08-17T18:48:05Z,2026-08-17T18:48:05Z,
43.160.207.32,ipv4,malicious-ip,medium,WHITE,ziyadnz/hourly-ipv4,ziyadnz|hourly,2026-08-17T18:48:05Z,2026-08-17T18:48:05Z,
43.160.213.194,ipv4,malicious-ip,medium,WHITE,ziyadnz/hourly-ipv4,ziyadnz|hourly,2026-08-17T18:48:05Z,2026-08-17T18:48:05Z,
43.160.214.131,ipv4,malicious-ip,medium,WHITE,ziyadnz/hourly-ipv4,ziyadnz|hourly,2026-08-17T18:48:05Z,2026-08-17T18:48:05Z,
43.160.214.230,ipv4,malicious-ip,medium,WHITE,ziyadnz/hourly-ipv4,ziyadnz|hourly,2026-08-17T18:48:05Z,2026-08-17T18:48:05Z,
43.160.214.25,ipv4,malicious-ip,medium,WHITE,ziyadnz/hourly-ipv4,ziyadnz|hourly,2026-08-17T18:48:05Z,2026-08-17T18:48:05Z,
43.160.215.203,ipv4,malicious-ip,medium,WHITE,ziyadnz/hourly-ipv4,ziyadnz|hourly,2026-08-17T18:48:05Z,2026-08-17T18:48:05Z,
43.160.219.138,ipv4,malicious-ip,medium,WHITE,ziyadnz/hourly-ipv4,ziyadnz|hourly,2026-08-17T18:48:05Z,2026-08-17T18:48:05Z,
43.160.219.175,ipv4,malicious-ip,medium,WHITE,ziyadnz/hourly-ipv4,ziyadnz|hourly,2026-08-17T18:48:05Z,2026-08-17T18:48:05Z,
43.160.219.206,ipv4,malicious-ip,medium,WHITE,ziyadnz/hourly-ipv4,ziyadnz|hourly,2026-08-17T18:48:05Z,2026-08-17T18:48:05Z,
43.160.225.169,ipv4,malicious-ip,medium,WHITE,ziyadnz/hourly-ipv4,ziyadnz|hourly,2026-08-17T18:48:05Z,2026-08-17T18:48:05Z,
43.160.233.2,ipv4,malicious-ip,medium,WHITE,ziyadnz/hourly-ipv4,ziyadnz|hourly,2026-08-17T18:48:05Z,2026-08-17T18:48:05Z,
43.160.233.207,ipv4,malicious-ip,medium,WHITE,ziyadnz/hourly-ipv4,ziyadnz|hourly,2026-08-17T18:48:05Z,2026-08-17T18:48:05Z,
43.160.236.33,ipv4,malicious-ip,medium,WHITE,ziyadnz/hourly-ipv4,ziyadnz|hourly,2026-08-17T18:48:05Z,2026-08-17T18:48:05Z,
43.160.237.65,ipv4,malicious-ip,medium,WHITE,ziyadnz/hourly-ipv4,ziyadnz|hourly,2026-08-17T18:48:05Z,2026-08-17T18:48:05Z,
43.160.241.129,ipv4,malicious-ip,medium,WHITE,ziyadnz/hourly-ipv4,ziyadnz|hourly,2026-08-17T18:48:05Z,2026-08-17T18:48:05Z,
43.160.241.42,ipv4,malicious-ip,medium,WHITE,ziyadnz/hourly-ipv4,ziyadnz|hourly,2026-08-17T18:48:05Z,2026-08-17T18:48:05Z,
43.160.243.51,ipv4,malicious-ip,medium,WHITE,ziyadnz/hourly-ipv4,ziyadnz|hourly,2026-08-17T18:48:05Z,2026-08-17T18:48:05Z,
43.160.245.106,ipv4,malicious-ip,medium,WHITE,ziyadnz/hourly-ipv4,ziyadnz|hourly,2026-08-17T18:48:05Z,2026-08-17T18:48:05Z,
43.160.245.79,ipv4,malicious-ip,medium,WHITE,ziyadnz/hourly-ipv4,ziyadnz|hourly,2026-08-17T18:48:05Z,2026-08-17T18:48:05Z,
43.160.247.24,ipv4,malicious-ip,medium,WHITE,ziyadnz/hourly-ipv4,ziyadnz|hourly,2026-08-17T18:48:05Z,2026-08-17T18:48:05Z,
43.160.248.138,ipv4,malicious-ip,medium,WHITE,ziyadnz/hourly-ipv4,ziyadnz|hourly,2026-08-17T18:48:05Z,2026-08-17T18:48:05Z,
43.160.249.143,ipv4,malicious-ip,medium,WHITE,ziyadnz/hourly-ipv4,ziyadnz|hourly,2026-08-17T18:48:05Z,2026-08-17T18:48:05Z,
43.160.249.52,ipv4,malicious-ip,medium,WHITE,ziyadnz/hourly-ipv4,ziyadnz|hourly,2026-08-17T18:48:05Z,2026-08-17T18:48:05Z,
43.160.249.98,ipv4,malicious-ip,medium,WHITE,ziyadnz/hourly-ipv4,ziyadnz|hourly,2026-08-17T18:48:05Z,2026-08-17T18:48:05Z,
43.160.250.64,ipv4,malicious-ip,medium,WHITE,ziyadnz/hourly-ipv4,ziyadnz|hourly,2026-08-17T18:48:05Z,2026-08-17T18:48:05Z,
43.160.251.117,ipv4,malicious-ip,medium,WHITE,ziyadnz/hourly-ipv4,ziyadnz|hourly,2026-08-17T18:48:05Z,2026-08-17T18:48:05Z,
43.160.251.13,ipv4,malicious-ip,medium,WHITE,ziyadnz/hourly-ipv4,ziyadnz|hourly,2026-08-17T18:48:05Z,2026-08-17T18:48:05Z,
43.160.253.145,ipv4,malicious-ip,medium,WHITE,ziyadnz/hourly-ipv4,ziyadnz|hourly,2026-08-17T18:48:05Z,2026-08-17T18:48:05Z,
43.160.253.60,ipv4,malicious-ip,medium,WHITE,ziyadnz/hourly-ipv4,ziyadnz|hourly,2026-08-17T18:48:05Z,2026-08-17T18:48:05Z,
43.161.217.205,ipv4,malicious-ip,medium,WHITE,ziyadnz/hourly-ipv4,ziyadnz|hourly,2026-08-17T18:48:05Z,2026-08-17T18:48:05Z,
43.161.221.153,ipv4,malicious-ip,medium,WHITE,ziyadnz/hourly-ipv4,ziyadnz|hourly,2026-08-17T18:48:05Z,2026-08-17T18:48:05Z,
43.161.233.190,ipv4,malicious-ip,medium,WHITE,ziyadnz/hourly-ipv4,ziyadnz|hourly,2026-08-17T18:48:05Z,2026-08-17T18:48:05Z,
43.161.234.148,ipv4,malicious-ip,medium,WHITE,ziyadnz/hourly-ipv4,ziyadnz|hourly,2026-08-17T18:48:05Z,2026-08-17T18:48:05Z,
43.161.246.189,ipv4,malicious-ip,medium,WHITE,ziyadnz/hourly-ipv4,ziyadnz|hourly,2026-08-17T18:48:05Z,2026-08-17T18:48:05Z,
43.161.251.162,ipv4,malicious-ip,medium,WHITE,ziyadnz/hourly-ipv4,ziyadnz|hourly,2026-08-17T18:48:05Z,2026-08-17T18:48:05Z,
43.162.103.213,ipv4,malicious-ip,medium,WHITE,ziyadnz/hourly-ipv4,ziyadnz|hourly,2026-08-17T18:48:05Z,2026-08-17T18:48:05Z,
43.162.105.23,ipv4,malicious-ip,medium,WHITE,ziyadnz/hourly-ipv4,ziyadnz|hourly,2026-08-17T18:48:05Z,2026-08-17T18:48:05Z,
43.162.108.214,ipv4,malicious-ip,medium,WHITE,ziyadnz/hourly-ipv4,ziyadnz|hourly,2026-08-17T18:48:05Z,2026-08-17T18:48:05Z,
43.162.109.147,ipv4,malicious-ip,medium,WHITE,ziyadnz/hourly-ipv4,ziyadnz|hourly,2026-08-17T18:48:05Z,2026-08-17T18:48:05Z,
43.162.112.135,ipv4,malicious-ip,medium,WHITE,ziyadnz/hourly-ipv4,ziyadnz|hourly,2026-08-17T18:48:05Z,2026-08-17T18:48:05Z,
43.162.112.238,ipv4,malicious-ip,medium,WHITE,ziyadnz/hourly-ipv4,ziyadnz|hourly,2026-08-17T18:48:05Z,2026-08-17T18:48:05Z,
43.162.122.222,ipv4,malicious-ip,medium,WHITE,ziyadnz/hourly-ipv4,ziyadnz|hourly,2026-08-17T18:48:05Z,2026-08-17T18:48:05Z,
43.162.127.79,ipv4,malicious-ip,medium,WHITE,ziyadnz/hourly-ipv4,ziyadnz|hourly,2026-08-17T18:48:05Z,2026-08-17T18:48:05Z,
43.162.82.212,ipv4,malicious-ip,medium,WHITE,ziyadnz/hourly-ipv4,ziyadnz|hourly,2026-08-17T18:48:05Z,2026-08-17T18:48:05Z,
43.162.89.43,ipv4,malicious-ip,medium,WHITE,ziyadnz/hourly-ipv4,ziyadnz|hourly,2026-08-17T18:48:05Z,2026-08-17T18:48:05Z,
43.162.92.13,ipv4,malicious-ip,medium,WHITE,ziyadnz/hourly-ipv4,ziyadnz|hourly,2026-08-17T18:48:05Z,2026-08-17T18:48:05Z,
43.162.96.166,ipv4,malicious-ip,medium,WHITE,ziyadnz/hourly-ipv4,ziyadnz|hourly,2026-08-17T18:48:05Z,2026-08-17T18:48:05Z,
43.162.97.170,ipv4,malicious-ip,medium,WHITE,ziyadnz/hourly-ipv4,ziyadnz|hourly,2026-08-17T18:48:05Z,2026-08-17T18:48:05Z,
43.162.98.142,ipv4,malicious-ip,medium,WHITE,ziyadnz/hourly-ipv4,ziyadnz|hourly,2026-08-17T18:48:05Z,2026-08-17T18:48:05Z,
43.162.99.8,ipv4,malicious-ip,medium,WHITE,ziyadnz/hourly-ipv4,ziyadnz|hourly,2026-08-17T18:48:05Z,2026-08-17T18:48:05Z,
43.163.0.37,ipv4,malicious-ip,medium,WHITE,ziyadnz/hourly-ipv4,ziyadnz|hourly,2026-08-17T18:48:05Z,2026-08-17T18:48:05Z,
43.163.1.135,ipv4,malicious-ip,medium,WHITE,ziyadnz/hourly-ipv4,ziyadnz|hourly,2026-08-17T18:48:05Z,2026-08-17T18:48:05Z,
43.163.1.166,ipv4,malicious-ip,medium,WHITE,ziyadnz/hourly-ipv4,ziyadnz|hourly,2026-08-17T18:48:05Z,2026-08-17T18:48:05Z,
43.163.100.199,ipv4,malicious-ip,medium,WHITE,ziyadnz/hourly-ipv4,ziyadnz|hourly,2026-08-17T18:48:05Z,2026-08-17T18:48:05Z,
43.163.102.146,ipv4,malicious-ip,medium,WHITE,ziyadnz/hourly-ipv4,ziyadnz|hourly,2026-08-17T18:48:05Z,2026-08-17T18:48:05Z,
43.163.102.207,ipv4,malicious-ip,medium,WHITE,ziyadnz/hourly-ipv4,ziyadnz|hourly,2026-08-17T18:48:05Z,2026-08-17T18:48:05Z,
43.163.102.24,ipv4,malicious-ip,medium,WHITE,ziyadnz/hourly-ipv4,ziyadnz|hourly,2026-08-17T18:48:05Z,2026-08-17T18:48:05Z,
43.163.102.252,ipv4,malicious-ip,medium,WHITE,ziyadnz/hourly-ipv4,ziyadnz|hourly,2026-08-17T18:48:05Z,2026-08-17T18:48:05Z,
43.163.103.13,ipv4,malicious-ip,medium,WHITE,ziyadnz/hourly-ipv4,ziyadnz|hourly,2026-08-17T18:48:05Z,2026-08-17T18:48:05Z,
43.163.103.45,ipv4,malicious-ip,medium,WHITE,ziyadnz/hourly-ipv4,ziyadnz|hourly,2026-08-17T18:48:05Z,2026-08-17T18:48:05Z,
43.163.105.85,ipv4,malicious-ip,medium,WHITE,ziyadnz/hourly-ipv4,ziyadnz|hourly,2026-08-17T18:48:05Z,2026-08-17T18:48:05Z,
43.163.106.162,ipv4,malicious-ip,medium,WHITE,ziyadnz/hourly-ipv4,ziyadnz|hourly,2026-08-17T18:48:05Z,2026-08-17T18:48:05Z,
43.163.106.88,ipv4,malicious-ip,medium,WHITE,ziyadnz/hourly-ipv4,ziyadnz|hourly,2026-08-17T18:48:05Z,2026-08-17T18:48:05Z,
43.163.107.154,ipv4,malicious-ip,medium,WHITE,ziyadnz/hourly-ipv4,ziyadnz|hourly,2026-08-17T18:48:05Z,2026-08-17T18:48:05Z,
43.163.107.68,ipv4,malicious-ip,medium,WHITE,ziyadnz/hourly-ipv4,ziyadnz|hourly,2026-08-17T18:48:05Z,2026-08-17T18:48:05Z,
43.163.108.149,ipv4,malicious-ip,medium,WHITE,ziyadnz/hourly-ipv4,ziyadnz|hourly,2026-08-17T18:48:05Z,2026-08-17T18:48:05Z,
43.163.110.27,ipv4,malicious-ip,medium,WHITE,ziyadnz/hourly-ipv4,ziyadnz|hourly,2026-08-17T18:48:05Z,2026-08-17T18:48:05Z,
43.163.111.6,ipv4,malicious-ip,medium,WHITE,ziyadnz/hourly-ipv4,ziyadnz|hourly,2026-08-17T18:48:05Z,2026-08-17T18:48:05Z,
43.163.112.196,ipv4,malicious-ip,medium,WHITE,ziyadnz/hourly-ipv4,ziyadnz|hourly,2026-08-17T18:48:05Z,2026-08-17T18:48:05Z,
43.163.113.118,ipv4,malicious-ip,medium,WHITE,ziyadnz/hourly-ipv4,ziyadnz|hourly,2026-08-17T18:48:05Z,2026-08-17T18:48:05Z,
43.163.113.186,ipv4,malicious-ip,medium,WHITE,ziyadnz/hourly-ipv4,ziyadnz|hourly,2026-08-17T18:48:05Z,2026-08-17T18:48:05Z,
43.163.113.89,ipv4,malicious-ip,medium,WHITE,ziyadnz/hourly-ipv4,ziyadnz|hourly,2026-08-17T18:48:05Z,2026-08-17T18:48:05Z,
43.163.114.185,ipv4,malicious-ip,medium,WHITE,ziyadnz/hourly-ipv4,ziyadnz|hourly,2026-08-17T18:48:05Z,2026-08-17T18:48:05Z,
43.163.114.238,ipv4,malicious-ip,medium,WHITE,ziyadnz/hourly-ipv4,ziyadnz|hourly,2026-08-17T18:48:05Z,2026-08-17T18:48:05Z,
43.163.115.242,ipv4,malicious-ip,medium,WHITE,ziyadnz/hourly-ipv4,ziyadnz|hourly,2026-08-17T18:48:05Z,2026-08-17T18:48:05Z,
43.163.116.117,ipv4,malicious-ip,medium,WHITE,ziyadnz/hourly-ipv4,ziyadnz|hourly,2026-08-17T18:48:05Z,2026-08-17T18:48:05Z,
43.163.117.104,ipv4,malicious-ip,medium,WHITE,ziyadnz/hourly-ipv4,ziyadnz|hourly,2026-08-17T18:48:05Z,2026-08-17T18:48:05Z,
43.163.119.105,ipv4,malicious-ip,medium,WHITE,ziyadnz/hourly-ipv4,ziyadnz|hourly,2026-08-17T18:48:05Z,2026-08-17T18:48:05Z,
43.163.119.121,ipv4,malicious-ip,medium,WHITE,ziyadnz/hourly-ipv4,ziyadnz|hourly,2026-08-17T18:48:05Z,2026-08-17T18:48:05Z,
43.163.120.11,ipv4,malicious-ip,medium,WHITE,ziyadnz/hourly-ipv4,ziyadnz|hourly,2026-08-17T18:48:05Z,2026-08-17T18:48:05Z,
43.163.120.185,ipv4,malicious-ip,medium,WHITE,ziyadnz/hourly-ipv4,ziyadnz|hourly,2026-08-17T18:48:05Z,2026-08-17T18:48:05Z,
43.163.121.195,ipv4,malicious-ip,medium,WHITE,ziyadnz/hourly-ipv4,ziyadnz|hourly,2026-08-17T18:48:05Z,2026-08-17T18:48:05Z,
43.163.121.249,ipv4,malicious-ip,medium,WHITE,ziyadnz/hourly-ipv4,ziyadnz|hourly,2026-08-17T18:48:05Z,2026-08-17T18:48:05Z,
43.163.121.3,ipv4,malicious-ip,medium,WHITE,ziyadnz/hourly-ipv4,ziyadnz|hourly,2026-08-17T18:48:05Z,2026-08-17T18:48:05Z,
43.163.127.196,ipv4,malicious-ip,medium,WHITE,ziyadnz/hourly-ipv4,ziyadnz|hourly,2026-08-17T18:48:05Z,2026-08-17T18:48:05Z,
43.163.127.253,ipv4,malicious-ip,medium,WHITE,ziyadnz/hourly-ipv4,ziyadnz|hourly,2026-08-17T18:48:05Z,2026-08-17T18:48:05Z,
43.163.195.170,ipv4,malicious-ip,medium,WHITE,ziyadnz/hourly-ipv4,ziyadnz|hourly,2026-08-17T18:48:05Z,2026-08-17T18:48:05Z,
43.163.2.154,ipv4,malicious-ip,medium,WHITE,ziyadnz/hourly-ipv4,ziyadnz|hourly,2026-08-17T18:48:05Z,2026-08-17T18:48:05Z,
43.163.2.214,ipv4,malicious-ip,medium,WHITE,ziyadnz/hourly-ipv4,ziyadnz|hourly,2026-08-17T18:48:05Z,2026-08-17T18:48:05Z,
43.163.206.70,ipv4,malicious-ip,medium,WHITE,ziyadnz/hourly-ipv4,ziyadnz|hourly,2026-08-17T18:48:05Z,2026-08-17T18:48:05Z,
43.163.213.113,ipv4,malicious-ip,medium,WHITE,ziyadnz/hourly-ipv4,ziyadnz|hourly,2026-08-17T18:48:05Z,2026-08-17T18:48:05Z,
43.163.220.207,ipv4,malicious-ip,medium,WHITE,ziyadnz/hourly-ipv4,ziyadnz|hourly,2026-08-17T18:48:05Z,2026-08-17T18:48:05Z,
43.163.225.36,ipv4,malicious-ip,medium,WHITE,ziyadnz/hourly-ipv4,ziyadnz|hourly,2026-08-17T18:48:05Z,2026-08-17T18:48:05Z,
43.163.229.203,ipv4,malicious-ip,medium,WHITE,ziyadnz/hourly-ipv4,ziyadnz|hourly,2026-08-17T18:48:05Z,2026-08-17T18:48:05Z,
43.163.231.32,ipv4,malicious-ip,medium,WHITE,ziyadnz/hourly-ipv4,ziyadnz|hourly,2026-08-17T18:48:05Z,2026-08-17T18:48:05Z,
43.163.239.58,ipv4,malicious-ip,medium,WHITE,ziyadnz/hourly-ipv4,ziyadnz|hourly,2026-08-17T18:48:05Z,2026-08-17T18:48:05Z,
43.163.251.62,ipv4,malicious-ip,medium,WHITE,ziyadnz/hourly-ipv4,ziyadnz|hourly,2026-08-17T18:48:05Z,2026-08-17T18:48:05Z,
43.163.4.156,ipv4,malicious-ip,medium,WHITE,ziyadnz/hourly-ipv4,ziyadnz|hourly,2026-08-17T18:48:05Z,2026-08-17T18:48:05Z,
43.163.4.16,ipv4,malicious-ip,medium,WHITE,ziyadnz/hourly-ipv4,ziyadnz|hourly,2026-08-17T18:48:05Z,2026-08-17T18:48:05Z,
43.163.4.187,ipv4,malicious-ip,medium,WHITE,ziyadnz/hourly-ipv4,ziyadnz|hourly,2026-08-17T18:48:05Z,2026-08-17T18:48:05Z,
43.163.5.204,ipv4,malicious-ip,medium,WHITE,ziyadnz/hourly-ipv4,ziyadnz|hourly,2026-08-17T18:48:05Z,2026-08-17T18:48:05Z,
43.163.6.99,ipv4,malicious-ip,medium,WHITE,ziyadnz/hourly-ipv4,ziyadnz|hourly,2026-08-17T18:48:05Z,2026-08-17T18:48:05Z,
43.163.7.4,ipv4,malicious-ip,medium,WHITE,ziyadnz/hourly-ipv4,ziyadnz|hourly,2026-08-17T18:48:05Z,2026-08-17T18:48:05Z,
43.163.8.126,ipv4,malicious-ip,medium,WHITE,ziyadnz/hourly-ipv4,ziyadnz|hourly,2026-08-17T18:48:05Z,2026-08-17T18:48:05Z,
43.163.80.154,ipv4,malicious-ip,medium,WHITE,ziyadnz/hourly-ipv4,ziyadnz|hourly,2026-08-17T18:48:05Z,2026-08-17T18:48:05Z,
43.163.81.111,ipv4,malicious-ip,medium,WHITE,ziyadnz/hourly-ipv4,ziyadnz|hourly,2026-08-17T18:48:05Z,2026-08-17T18:48:05Z,
43.163.81.215,ipv4,malicious-ip,medium,WHITE,ziyadnz/hourly-ipv4,ziyadnz|hourly,2026-08-17T18:48:05Z,2026-08-17T18:48:05Z,
43.163.81.22,ipv4,malicious-ip,medium,WHITE,ziyadnz/hourly-ipv4,ziyadnz|hourly,2026-08-17T18:48:05Z,2026-08-17T18:48:05Z,
43.163.83.137,ipv4,malicious-ip,medium,WHITE,ziyadnz/hourly-ipv4,ziyadnz|hourly,2026-08-17T18:48:05Z,2026-08-17T18:48:05Z,
43.163.84.53,ipv4,malicious-ip,medium,WHITE,ziyadnz/hourly-ipv4,ziyadnz|hourly,2026-08-17T18:48:05Z,2026-08-17T18:48:05Z,
43.163.85.168,ipv4,malicious-ip,medium,WHITE,ziyadnz/hourly-ipv4,ziyadnz|hourly,2026-08-17T18:48:05Z,2026-08-17T18:48:05Z,
43.163.85.189,ipv4,malicious-ip,medium,WHITE,ziyadnz/hourly-ipv4,ziyadnz|hourly,2026-08-17T18:48:05Z,2026-08-17T18:48:05Z,
43.163.85.238,ipv4,malicious-ip,medium,WHITE,ziyadnz/hourly-ipv4,ziyadnz|hourly,2026-08-17T18:48:05Z,2026-08-17T18:48:05Z,
43.163.86.65,ipv4,malicious-ip,medium,WHITE,ziyadnz/hourly-ipv4,ziyadnz|hourly,2026-08-17T18:48:05Z,2026-08-17T18:48:05Z,
43.163.87.200,ipv4,malicious-ip,medium,WHITE,ziyadnz/hourly-ipv4,ziyadnz|hourly,2026-08-17T18:48:05Z,2026-08-17T18:48:05Z,
43.163.88.25,ipv4,malicious-ip,medium,WHITE,ziyadnz/hourly-ipv4,ziyadnz|hourly,2026-08-17T18:48:05Z,2026-08-17T18:48:05Z,
43.163.89.150,ipv4,malicious-ip,medium,WHITE,ziyadnz/hourly-ipv4,ziyadnz|hourly,2026-08-17T18:48:05Z,2026-08-17T18:48:05Z,
43.163.89.240,ipv4,malicious-ip,medium,WHITE,ziyadnz/hourly-ipv4,ziyadnz|hourly,2026-08-17T18:48:05Z,2026-08-17T18:48:05Z,
43.163.9.125,ipv4,malicious-ip,medium,WHITE,ziyadnz/hourly-ipv4,ziyadnz|hourly,2026-08-17T18:48:05Z,2026-08-17T18:48:05Z,
43.163.90.141,ipv4,malicious-ip,medium,WHITE,ziyadnz/hourly-ipv4,ziyadnz|hourly,2026-08-17T18:48:05Z,2026-08-17T18:48:05Z,
43.163.90.81,ipv4,malicious-ip,medium,WHITE,ziyadnz/hourly-ipv4,ziyadnz|hourly,2026-08-17T18:48:05Z,2026-08-17T18:48:05Z,
43.163.91.100,ipv4,malicious-ip,medium,WHITE,ziyadnz/hourly-ipv4,ziyadnz|hourly,2026-08-17T18:48:05Z,2026-08-17T18:48:05Z,
43.163.91.104,ipv4,malicious-ip,medium,WHITE,ziyadnz/hourly-ipv4,ziyadnz|hourly,2026-08-17T18:48:05Z,2026-08-17T18:48:05Z,
43.163.92.224,ipv4,malicious-ip,medium,WHITE,ziyadnz/hourly-ipv4,ziyadnz|hourly,2026-08-17T18:48:05Z,2026-08-17T18:48:05Z,
43.163.93.241,ipv4,malicious-ip,medium,WHITE,ziyadnz/hourly-ipv4,ziyadnz|hourly,2026-08-17T18:48:05Z,2026-08-17T18:48:05Z,
43.163.95.179,ipv4,malicious-ip,medium,WHITE,ziyadnz/hourly-ipv4,ziyadnz|hourly,2026-08-17T18:48:05Z,2026-08-17T18:48:05Z,
43.163.95.54,ipv4,malicious-ip,medium,WHITE,ziyadnz/hourly-ipv4,ziyadnz|hourly,2026-08-17T18:48:05Z,2026-08-17T18:48:05Z,
43.163.96.237,ipv4,malicious-ip,medium,WHITE,ziyadnz/hourly-ipv4,ziyadnz|hourly,2026-08-17T18:48:05Z,2026-08-17T18:48:05Z,
43.163.97.57,ipv4,malicious-ip,medium,WHITE,ziyadnz/hourly-ipv4,ziyadnz|hourly,2026-08-17T18:48:05Z,2026-08-17T18:48:05Z,
43.163.97.85,ipv4,malicious-ip,medium,WHITE,ziyadnz/hourly-ipv4,ziyadnz|hourly,2026-08-17T18:48:05Z,2026-08-17T18:48:05Z,
43.163.98.17,ipv4,malicious-ip,medium,WHITE,ziyadnz/hourly-ipv4,ziyadnz|hourly,2026-08-17T18:48:05Z,2026-08-17T18:48:05Z,
43.163.98.211,ipv4,malicious-ip,medium,WHITE,ziyadnz/hourly-ipv4,ziyadnz|hourly,2026-08-17T18:48:05Z,2026-08-17T18:48:05Z,
43.164.0.21,ipv4,malicious-ip,medium,WHITE,ziyadnz/hourly-ipv4,ziyadnz|hourly,2026-08-17T18:48:05Z,2026-08-17T18:48:05Z,
43.164.0.96,ipv4,malicious-ip,medium,WHITE,ziyadnz/hourly-ipv4,ziyadnz|hourly,2026-08-17T18:48:05Z,2026-08-17T18:48:05Z,
43.164.1.207,ipv4,malicious-ip,medium,WHITE,ziyadnz/hourly-ipv4,ziyadnz|hourly,2026-08-17T18:48:05Z,2026-08-17T18:48:05Z,
43.164.1.211,ipv4,malicious-ip,medium,WHITE,ziyadnz/hourly-ipv4,ziyadnz|hourly,2026-08-17T18:48:05Z,2026-08-17T18:48:05Z,
43.164.129.84,ipv4,malicious-ip,medium,WHITE,ziyadnz/hourly-ipv4,ziyadnz|hourly,2026-08-17T18:48:05Z,2026-08-17T18:48:05Z,
43.164.131.148,ipv4,malicious-ip,medium,WHITE,ziyadnz/hourly-ipv4,ziyadnz|hourly,2026-08-17T18:48:05Z,2026-08-17T18:48:05Z,
43.164.131.52,ipv4,malicious-ip,medium,WHITE,ziyadnz/hourly-ipv4,ziyadnz|hourly,2026-08-17T18:48:05Z,2026-08-17T18:48:05Z,
43.164.136.189,ipv4,malicious-ip,medium,WHITE,ziyadnz/hourly-ipv4,ziyadnz|hourly,2026-08-17T18:48:05Z,2026-08-17T18:48:05Z,
43.164.190.124,ipv4,malicious-ip,medium,WHITE,ziyadnz/hourly-ipv4,ziyadnz|hourly,2026-08-17T18:48:05Z,2026-08-17T18:48:05Z,
43.164.190.238,ipv4,malicious-ip,medium,WHITE,ziyadnz/hourly-ipv4,ziyadnz|hourly,2026-08-17T18:48:05Z,2026-08-17T18:48:05Z,
43.164.190.28,ipv4,malicious-ip,medium,WHITE,ziyadnz/hourly-ipv4,ziyadnz|hourly,2026-08-17T18:48:05Z,2026-08-17T18:48:05Z,
43.164.192.151,ipv4,malicious-ip,medium,WHITE,ziyadnz/hourly-ipv4,ziyadnz|hourly,2026-08-17T18:48:05Z,2026-08-17T18:48:05Z,
43.164.192.38,ipv4,malicious-ip,medium,WHITE,ziyadnz/hourly-ipv4,ziyadnz|hourly,2026-08-17T18:48:05Z,2026-08-17T18:48:05Z,
43.164.192.40,ipv4,malicious-ip,medium,WHITE,ziyadnz/hourly-ipv4,ziyadnz|hourly,2026-08-17T18:48:05Z,2026-08-17T18:48:05Z,
43.164.194.198,ipv4,malicious-ip,medium,WHITE,ziyadnz/hourly-ipv4,ziyadnz|hourly,2026-08-17T18:48:05Z,2026-08-17T18:48:05Z,
43.164.194.33,ipv4,malicious-ip,medium,WHITE,ziyadnz/hourly-ipv4,ziyadnz|hourly,2026-08-17T18:48:05Z,2026-08-17T18:48:05Z,
43.164.195.160,ipv4,malicious-ip,medium,WHITE,ziyadnz/hourly-ipv4,ziyadnz|hourly,2026-08-17T18:48:05Z,2026-08-17T18:48:05Z,
43.164.196.114,ipv4,malicious-ip,medium,WHITE,ziyadnz/hourly-ipv4,ziyadnz|hourly,2026-08-17T18:48:05Z,2026-08-17T18:48:05Z,
43.164.196.244,ipv4,malicious-ip,medium,WHITE,ziyadnz/hourly-ipv4,ziyadnz|hourly,2026-08-17T18:48:05Z,2026-08-17T18:48:05Z,
43.164.196.47,ipv4,malicious-ip,medium,WHITE,ziyadnz/hourly-ipv4,ziyadnz|hourly,2026-08-17T18:48:05Z,2026-08-17T18:48:05Z,
43.164.197.117,ipv4,malicious-ip,medium,WHITE,ziyadnz/hourly-ipv4,ziyadnz|hourly,2026-08-17T18:48:05Z,2026-08-17T18:48:05Z,
43.164.3.124,ipv4,malicious-ip,medium,WHITE,ziyadnz/hourly-ipv4,ziyadnz|hourly,2026-08-17T18:48:05Z,2026-08-17T18:48:05Z,
43.164.3.182,ipv4,malicious-ip,medium,WHITE,ziyadnz/hourly-ipv4,ziyadnz|hourly,2026-08-17T18:48:05Z,2026-08-17T18:48:05Z,
43.164.3.23,ipv4,malicious-ip,medium,WHITE,ziyadnz/hourly-ipv4,ziyadnz|hourly,2026-08-17T18:48:05Z,2026-08-17T18:48:05Z,
43.164.77.109,ipv4,malicious-ip,medium,WHITE,ziyadnz/hourly-ipv4,ziyadnz|hourly,2026-08-17T18:48:05Z,2026-08-17T18:48:05Z,
43.165.1.55,ipv4,malicious-ip,medium,WHITE,ziyadnz/hourly-ipv4,ziyadnz|hourly,2026-08-17T18:48:05Z,2026-08-17T18:48:05Z,
43.165.125.130,ipv4,malicious-ip,medium,WHITE,ziyadnz/hourly-ipv4,ziyadnz|hourly,2026-08-17T18:48:05Z,2026-08-17T18:48:05Z,
43.165.126.130,ipv4,malicious-ip,medium,WHITE,ziyadnz/hourly-ipv4,ziyadnz|hourly,2026-08-17T18:48:05Z,2026-08-17T18:48:05Z,
43.165.127.225,ipv4,malicious-ip,medium,WHITE,ziyadnz/hourly-ipv4,ziyadnz|hourly,2026-08-17T18:48:05Z,2026-08-17T18:48:05Z,
43.165.167.69,ipv4,malicious-ip,medium,WHITE,ziyadnz/hourly-ipv4,ziyadnz|hourly,2026-08-17T18:48:05Z,2026-08-17T18:48:05Z,
43.165.167.72,ipv4,malicious-ip,medium,WHITE,ziyadnz/hourly-ipv4,ziyadnz|hourly,2026-08-17T18:48:05Z,2026-08-17T18:48:05Z,
43.165.170.119,ipv4,malicious-ip,medium,WHITE,ziyadnz/hourly-ipv4,ziyadnz|hourly,2026-08-17T18:48:05Z,2026-08-17T18:48:05Z,
43.165.173.229,ipv4,malicious-ip,medium,WHITE,ziyadnz/hourly-ipv4,ziyadnz|hourly,2026-08-17T18:48:05Z,2026-08-17T18:48:05Z,
43.165.173.33,ipv4,malicious-ip,medium,WHITE,ziyadnz/hourly-ipv4,ziyadnz|hourly,2026-08-17T18:48:05Z,2026-08-17T18:48:05Z,
43.165.174.53,ipv4,malicious-ip,medium,WHITE,ziyadnz/hourly-ipv4,ziyadnz|hourly,2026-08-17T18:48:05Z,2026-08-17T18:48:05Z,
43.165.178.246,ipv4,malicious-ip,medium,WHITE,ziyadnz/hourly-ipv4,ziyadnz|hourly,2026-08-17T18:48:05Z,2026-08-17T18:48:05Z,
43.165.185.71,ipv4,malicious-ip,medium,WHITE,ziyadnz/hourly-ipv4,ziyadnz|hourly,2026-08-17T18:48:05Z,2026-08-17T18:48:05Z,
43.165.186.188,ipv4,malicious-ip,medium,WHITE,ziyadnz/hourly-ipv4,ziyadnz|hourly,2026-08-17T18:48:05Z,2026-08-17T18:48:05Z,
43.165.189.237,ipv4,malicious-ip,medium,WHITE,ziyadnz/hourly-ipv4,ziyadnz|hourly,2026-08-17T18:48:05Z,2026-08-17T18:48:05Z,
43.165.190.81,ipv4,malicious-ip,medium,WHITE,ziyadnz/hourly-ipv4,ziyadnz|hourly,2026-08-17T18:48:05Z,2026-08-17T18:48:05Z,
43.165.195.234,ipv4,malicious-ip,medium,WHITE,ziyadnz/hourly-ipv4,ziyadnz|hourly,2026-08-17T18:48:05Z,2026-08-17T18:48:05Z,
43.165.197.116,ipv4,malicious-ip,medium,WHITE,ziyadnz/hourly-ipv4,ziyadnz|hourly,2026-08-17T18:48:05Z,2026-08-17T18:48:05Z,
43.165.197.76,ipv4,malicious-ip,medium,WHITE,ziyadnz/hourly-ipv4,ziyadnz|hourly,2026-08-17T18:48:05Z,2026-08-17T18:48:05Z,
43.165.198.224,ipv4,malicious-ip,medium,WHITE,ziyadnz/hourly-ipv4,ziyadnz|hourly,2026-08-17T18:48:05Z,2026-08-17T18:48:05Z,
43.165.198.5,ipv4,malicious-ip,medium,WHITE,ziyadnz/hourly-ipv4,ziyadnz|hourly,2026-08-17T18:48:05Z,2026-08-17T18:48:05Z,
43.165.3.187,ipv4,malicious-ip,medium,WHITE,ziyadnz/hourly-ipv4,ziyadnz|hourly,2026-08-17T18:48:05Z,2026-08-17T18:48:05Z,
43.165.3.20,ipv4,malicious-ip,medium,WHITE,ziyadnz/hourly-ipv4,ziyadnz|hourly,2026-08-17T18:48:05Z,2026-08-17T18:48:05Z,
43.165.4.2,ipv4,malicious-ip,medium,WHITE,ziyadnz/hourly-ipv4,ziyadnz|hourly,2026-08-17T18:48:05Z,2026-08-17T18:48:05Z,
43.165.62.10,ipv4,malicious-ip,medium,WHITE,ziyadnz/hourly-ipv4,ziyadnz|hourly,2026-08-17T18:48:05Z,2026-08-17T18:48:05Z,
43.165.65.117,ipv4,malicious-ip,medium,WHITE,ziyadnz/hourly-ipv4,ziyadnz|hourly,2026-08-17T18:48:05Z,2026-08-17T18:48:05Z,
43.165.67.31,ipv4,malicious-ip,medium,WHITE,ziyadnz/hourly-ipv4,ziyadnz|hourly,2026-08-17T18:48:05Z,2026-08-17T18:48:05Z,
43.165.7.132,ipv4,malicious-ip,medium,WHITE,ziyadnz/hourly-ipv4,ziyadnz|hourly,2026-08-17T18:48:05Z,2026-08-17T18:48:05Z,
43.166.1.243,ipv4,malicious-ip,medium,WHITE,ziyadnz/hourly-ipv4,ziyadnz|hourly,2026-08-17T18:48:05Z,2026-08-17T18:48:05Z,
43.166.129.247,ipv4,malicious-ip,medium,WHITE,ziyadnz/hourly-ipv4,ziyadnz|hourly,2026-08-17T18:48:05Z,2026-08-17T18:48:05Z,
43.166.130.123,ipv4,malicious-ip,medium,WHITE,ziyadnz/hourly-ipv4,ziyadnz|hourly,2026-08-17T18:48:05Z,2026-08-17T18:48:05Z,
43.166.136.153,ipv4,malicious-ip,medium,WHITE,ziyadnz/hourly-ipv4,ziyadnz|hourly,2026-08-17T18:48:05Z,2026-08-17T18:48:05Z,
43.166.136.24,ipv4,malicious-ip,medium,WHITE,ziyadnz/hourly-ipv4,ziyadnz|hourly,2026-08-17T18:48:05Z,2026-08-17T18:48:05Z,
43.166.137.151,ipv4,malicious-ip,medium,WHITE,ziyadnz/hourly-ipv4,ziyadnz|hourly,2026-08-17T18:48:05Z,2026-08-17T18:48:05Z,
43.166.142.76,ipv4,malicious-ip,medium,WHITE,ziyadnz/hourly-ipv4,ziyadnz|hourly,2026-08-17T18:48:05Z,2026-08-17T18:48:05Z,
43.166.207.233,ipv4,malicious-ip,medium,WHITE,ziyadnz/hourly-ipv4,ziyadnz|hourly,2026-08-17T18:48:05Z,2026-08-17T18:48:05Z,
43.166.215.169,ipv4,malicious-ip,medium,WHITE,ziyadnz/hourly-ipv4,ziyadnz|hourly,2026-08-17T18:48:05Z,2026-08-17T18:48:05Z,
43.166.226.57,ipv4,malicious-ip,medium,WHITE,ziyadnz/hourly-ipv4,ziyadnz|hourly,2026-08-17T18:48:05Z,2026-08-17T18:48:05Z,
43.166.237.57,ipv4,malicious-ip,medium,WHITE,ziyadnz/hourly-ipv4,ziyadnz|hourly,2026-08-17T18:48:05Z,2026-08-17T18:48:05Z,
43.166.239.145,ipv4,malicious-ip,medium,WHITE,ziyadnz/hourly-ipv4,ziyadnz|hourly,2026-08-17T18:48:05Z,2026-08-17T18:48:05Z,
43.166.239.78,ipv4,malicious-ip,medium,WHITE,ziyadnz/hourly-ipv4,ziyadnz|hourly,2026-08-17T18:48:05Z,2026-08-17T18:48:05Z,
43.166.244.192,ipv4,malicious-ip,medium,WHITE,ziyadnz/hourly-ipv4,ziyadnz|hourly,2026-08-17T18:48:05Z,2026-08-17T18:48:05Z,
43.166.244.66,ipv4,malicious-ip,medium,WHITE,ziyadnz/hourly-ipv4,ziyadnz|hourly,2026-08-17T18:48:05Z,2026-08-17T18:48:05Z,
43.166.246.180,ipv4,malicious-ip,medium,WHITE,ziyadnz/hourly-ipv4,ziyadnz|hourly,2026-08-17T18:48:05Z,2026-08-17T18:48:05Z,
43.166.247.82,ipv4,malicious-ip,medium,WHITE,ziyadnz/hourly-ipv4,ziyadnz|hourly,2026-08-17T18:48:05Z,2026-08-17T18:48:05Z,
43.166.250.187,ipv4,malicious-ip,medium,WHITE,ziyadnz/hourly-ipv4,ziyadnz|hourly,2026-08-17T18:48:05Z,2026-08-17T18:48:05Z,
43.166.251.233,ipv4,malicious-ip,medium,WHITE,ziyadnz/hourly-ipv4,ziyadnz|hourly,2026-08-17T18:48:05Z,2026-08-17T18:48:05Z,
43.166.253.94,ipv4,malicious-ip,medium,WHITE,ziyadnz/hourly-ipv4,ziyadnz|hourly,2026-08-17T18:48:05Z,2026-08-17T18:48:05Z,
43.166.255.102,ipv4,malicious-ip,medium,WHITE,ziyadnz/hourly-ipv4,ziyadnz|hourly,2026-08-17T18:48:05Z,2026-08-17T18:48:05Z,
43.166.7.113,ipv4,malicious-ip,medium,WHITE,ziyadnz/hourly-ipv4,ziyadnz|hourly,2026-08-17T18:48:05Z,2026-08-17T18:48:05Z,
43.167.15.72,ipv4,malicious-ip,medium,WHITE,ziyadnz/hourly-ipv4,ziyadnz|hourly,2026-08-17T18:48:05Z,2026-08-17T18:48:05Z,
43.167.157.240,ipv4,malicious-ip,medium,WHITE,ziyadnz/hourly-ipv4,ziyadnz|hourly,2026-08-17T18:48:05Z,2026-08-17T18:48:05Z,
43.167.168.163,ipv4,malicious-ip,medium,WHITE,ziyadnz/hourly-ipv4,ziyadnz|hourly,2026-08-17T18:48:05Z,2026-08-17T18:48:05Z,
43.167.168.2,ipv4,malicious-ip,medium,WHITE,ziyadnz/hourly-ipv4,ziyadnz|hourly,2026-08-17T18:48:05Z,2026-08-17T18:48:05Z,
43.167.173.44,ipv4,malicious-ip,medium,WHITE,ziyadnz/hourly-ipv4,ziyadnz|hourly,2026-08-17T18:48:05Z,2026-08-17T18:48:05Z,
43.167.197.100,ipv4,malicious-ip,medium,WHITE,ziyadnz/hourly-ipv4,ziyadnz|hourly,2026-08-17T18:48:05Z,2026-08-17T18:48:05Z,
43.167.212.236,ipv4,malicious-ip,medium,WHITE,ziyadnz/hourly-ipv4,ziyadnz|hourly,2026-08-17T18:48:05Z,2026-08-17T18:48:05Z,
43.167.225.244,ipv4,malicious-ip,medium,WHITE,ziyadnz/hourly-ipv4,ziyadnz|hourly,2026-08-17T18:48:05Z,2026-08-17T18:48:05Z,
43.167.227.231,ipv4,malicious-ip,medium,WHITE,ziyadnz/hourly-ipv4,ziyadnz|hourly,2026-08-17T18:48:05Z,2026-08-17T18:48:05Z,
43.167.232.38,ipv4,malicious-ip,medium,WHITE,ziyadnz/hourly-ipv4,ziyadnz|hourly,2026-08-17T18:48:05Z,2026-08-17T18:48:05Z,
43.167.235.83,ipv4,malicious-ip,medium,WHITE,ziyadnz/hourly-ipv4,ziyadnz|hourly,2026-08-17T18:48:05Z,2026-08-17T18:48:05Z,
43.167.236.228,ipv4,malicious-ip,medium,WHITE,ziyadnz/hourly-ipv4,ziyadnz|hourly,2026-08-17T18:48:05Z,2026-08-17T18:48:05Z,
43.167.239.142,ipv4,malicious-ip,medium,WHITE,ziyadnz/hourly-ipv4,ziyadnz|hourly,2026-08-17T18:48:05Z,2026-08-17T18:48:05Z,
43.167.239.66,ipv4,malicious-ip,medium,WHITE,ziyadnz/hourly-ipv4,ziyadnz|hourly,2026-08-17T18:48:05Z,2026-08-17T18:48:05Z,
43.167.241.222,ipv4,malicious-ip,medium,WHITE,ziyadnz/hourly-ipv4,ziyadnz|hourly,2026-08-17T18:48:05Z,2026-08-17T18:48:05Z,
43.167.241.46,ipv4,malicious-ip,medium,WHITE,ziyadnz/hourly-ipv4,ziyadnz|hourly,2026-08-17T18:48:05Z,2026-08-17T18:48:05Z,
43.172.69.45,ipv4,malicious-ip,medium,WHITE,ziyadnz/hourly-ipv4,ziyadnz|hourly,2026-08-17T18:48:05Z,2026-08-17T18:48:05Z,
43.172.74.146,ipv4,malicious-ip,medium,WHITE,ziyadnz/hourly-ipv4,ziyadnz|hourly,2026-08-17T18:48:05Z,2026-08-17T18:48:05Z,
43.173.1.69,ipv4,malicious-ip,medium,WHITE,ziyadnz/hourly-ipv4,ziyadnz|hourly,2026-08-17T18:48:05Z,2026-08-17T18:48:05Z,
43.173.100.171,ipv4,malicious-ip,medium,WHITE,ziyadnz/hourly-ipv4,ziyadnz|hourly,2026-08-17T18:48:05Z,2026-08-17T18:48:05Z,
43.173.102.99,ipv4,malicious-ip,medium,WHITE,ziyadnz/hourly-ipv4,ziyadnz|hourly,2026-08-17T18:48:05Z,2026-08-17T18:48:05Z,
43.173.104.156,ipv4,malicious-ip,medium,WHITE,ziyadnz/hourly-ipv4,ziyadnz|hourly,2026-08-17T18:48:05Z,2026-08-17T18:48:05Z,
43.173.105.161,ipv4,malicious-ip,medium,WHITE,ziyadnz/hourly-ipv4,ziyadnz|hourly,2026-08-17T18:48:05Z,2026-08-17T18:48:05Z,
43.173.105.83,ipv4,malicious-ip,medium,WHITE,ziyadnz/hourly-ipv4,ziyadnz|hourly,2026-08-17T18:48:05Z,2026-08-17T18:48:05Z,
43.173.11.104,ipv4,malicious-ip,medium,WHITE,ziyadnz/hourly-ipv4,ziyadnz|hourly,2026-08-17T18:48:05Z,2026-08-17T18:48:05Z,
43.173.119.179,ipv4,malicious-ip,medium,WHITE,ziyadnz/hourly-ipv4,ziyadnz|hourly,2026-08-17T18:48:05Z,2026-08-17T18:48:05Z,
43.173.121.117,ipv4,malicious-ip,medium,WHITE,ziyadnz/hourly-ipv4,ziyadnz|hourly,2026-08-17T18:48:05Z,2026-08-17T18:48:05Z,
43.173.122.127,ipv4,malicious-ip,medium,WHITE,ziyadnz/hourly-ipv4,ziyadnz|hourly,2026-08-17T18:48:05Z,2026-08-17T18:48:05Z,
43.173.124.138,ipv4,malicious-ip,medium,WHITE,ziyadnz/hourly-ipv4,ziyadnz|hourly,2026-08-17T18:48:05Z,2026-08-17T18:48:05Z,
43.173.125.185,ipv4,malicious-ip,medium,WHITE,ziyadnz/hourly-ipv4,ziyadnz|hourly,2026-08-17T18:48:05Z,2026-08-17T18:48:05Z,
43.173.125.87,ipv4,malicious-ip,medium,WHITE,ziyadnz/hourly-ipv4,ziyadnz|hourly,2026-08-17T18:48:05Z,2026-08-17T18:48:05Z,
43.173.126.5,ipv4,malicious-ip,medium,WHITE,ziyadnz/hourly-ipv4,ziyadnz|hourly,2026-08-17T18:48:05Z,2026-08-17T18:48:05Z,
43.173.126.81,ipv4,malicious-ip,medium,WHITE,ziyadnz/hourly-ipv4,ziyadnz|hourly,2026-08-17T18:48:05Z,2026-08-17T18:48:05Z,
43.173.182.92,ipv4,malicious-ip,medium,WHITE,ziyadnz/hourly-ipv4,ziyadnz|hourly,2026-08-17T18:48:05Z,2026-08-17T18:48:05Z,
43.173.252.111,ipv4,malicious-ip,medium,WHITE,ziyadnz/hourly-ipv4,ziyadnz|hourly,2026-08-17T18:48:05Z,2026-08-17T18:48:05Z,
43.173.66.18,ipv4,malicious-ip,medium,WHITE,ziyadnz/hourly-ipv4,ziyadnz|hourly,2026-08-17T18:48:05Z,2026-08-17T18:48:05Z,
43.173.66.215,ipv4,malicious-ip,medium,WHITE,ziyadnz/hourly-ipv4,ziyadnz|hourly,2026-08-17T18:48:05Z,2026-08-17T18:48:05Z,
43.173.66.49,ipv4,malicious-ip,medium,WHITE,ziyadnz/hourly-ipv4,ziyadnz|hourly,2026-08-17T18:48:05Z,2026-08-17T18:48:05Z,
43.173.67.129,ipv4,malicious-ip,medium,WHITE,ziyadnz/hourly-ipv4,ziyadnz|hourly,2026-08-17T18:48:05Z,2026-08-17T18:48:05Z,
43.173.67.15,ipv4,malicious-ip,medium,WHITE,ziyadnz/hourly-ipv4,ziyadnz|hourly,2026-08-17T18:48:05Z,2026-08-17T18:48:05Z,
43.173.67.176,ipv4,malicious-ip,medium,WHITE,ziyadnz/hourly-ipv4,ziyadnz|hourly,2026-08-17T18:48:05Z,2026-08-17T18:48:05Z,
43.173.68.205,ipv4,malicious-ip,medium,WHITE,ziyadnz/hourly-ipv4,ziyadnz|hourly,2026-08-17T18:48:05Z,2026-08-17T18:48:05Z,
43.173.68.216,ipv4,malicious-ip,medium,WHITE,ziyadnz/hourly-ipv4,ziyadnz|hourly,2026-08-17T18:48:05Z,2026-08-17T18:48:05Z,
43.173.69.147,ipv4,malicious-ip,medium,WHITE,ziyadnz/hourly-ipv4,ziyadnz|hourly,2026-08-17T18:48:05Z,2026-08-17T18:48:05Z,
43.173.69.32,ipv4,malicious-ip,medium,WHITE,ziyadnz/hourly-ipv4,ziyadnz|hourly,2026-08-17T18:48:05Z,2026-08-17T18:48:05Z,
43.173.69.40,ipv4,malicious-ip,medium,WHITE,ziyadnz/hourly-ipv4,ziyadnz|hourly,2026-08-17T18:48:05Z,2026-08-17T18:48:05Z,
43.173.83.154,ipv4,malicious-ip,medium,WHITE,ziyadnz/hourly-ipv4,ziyadnz|hourly,2026-08-17T18:48:05Z,2026-08-17T18:48:05Z,
43.173.84.162,ipv4,malicious-ip,medium,WHITE,ziyadnz/hourly-ipv4,ziyadnz|hourly,2026-08-17T18:48:05Z,2026-08-17T18:48:05Z,
43.173.84.18,ipv4,malicious-ip,medium,WHITE,ziyadnz/hourly-ipv4,ziyadnz|hourly,2026-08-17T18:48:05Z,2026-08-17T18:48:05Z,
43.173.84.253,ipv4,malicious-ip,medium,WHITE,ziyadnz/hourly-ipv4,ziyadnz|hourly,2026-08-17T18:48:05Z,2026-08-17T18:48:05Z,
43.173.84.56,ipv4,malicious-ip,medium,WHITE,ziyadnz/hourly-ipv4,ziyadnz|hourly,2026-08-17T18:48:05Z,2026-08-17T18:48:05Z,
43.173.85.181,ipv4,malicious-ip,medium,WHITE,ziyadnz/hourly-ipv4,ziyadnz|hourly,2026-08-17T18:48:05Z,2026-08-17T18:48:05Z,
43.173.85.232,ipv4,malicious-ip,medium,WHITE,ziyadnz/hourly-ipv4,ziyadnz|hourly,2026-08-17T18:48:05Z,2026-08-17T18:48:05Z,
43.173.86.115,ipv4,malicious-ip,medium,WHITE,ziyadnz/hourly-ipv4,ziyadnz|hourly,2026-08-17T18:48:05Z,2026-08-17T18:48:05Z,
43.173.86.227,ipv4,malicious-ip,medium,WHITE,ziyadnz/hourly-ipv4,ziyadnz|hourly,2026-08-17T18:48:05Z,2026-08-17T18:48:05Z,
43.173.87.133,ipv4,malicious-ip,medium,WHITE,ziyadnz/hourly-ipv4,ziyadnz|hourly,2026-08-17T18:48:05Z,2026-08-17T18:48:05Z,
43.173.87.244,ipv4,malicious-ip,medium,WHITE,ziyadnz/hourly-ipv4,ziyadnz|hourly,2026-08-17T18:48:05Z,2026-08-17T18:48:05Z,
43.173.87.253,ipv4,malicious-ip,medium,WHITE,ziyadnz/hourly-ipv4,ziyadnz|hourly,2026-08-17T18:48:05Z,2026-08-17T18:48:05Z,
43.173.87.5,ipv4,malicious-ip,medium,WHITE,ziyadnz/hourly-ipv4,ziyadnz|hourly,2026-08-17T18:48:05Z,2026-08-17T18:48:05Z,
43.173.87.73,ipv4,malicious-ip,medium,WHITE,ziyadnz/hourly-ipv4,ziyadnz|hourly,2026-08-17T18:48:05Z,2026-08-17T18:48:05Z,
43.173.88.125,ipv4,malicious-ip,medium,WHITE,ziyadnz/hourly-ipv4,ziyadnz|hourly,2026-08-17T18:48:05Z,2026-08-17T18:48:05Z,
43.173.88.204,ipv4,malicious-ip,medium,WHITE,ziyadnz/hourly-ipv4,ziyadnz|hourly,2026-08-17T18:48:05Z,2026-08-17T18:48:05Z,
43.173.88.240,ipv4,malicious-ip,medium,WHITE,ziyadnz/hourly-ipv4,ziyadnz|hourly,2026-08-17T18:48:05Z,2026-08-17T18:48:05Z,
43.173.89.20,ipv4,malicious-ip,medium,WHITE,ziyadnz/hourly-ipv4,ziyadnz|hourly,2026-08-17T18:48:05Z,2026-08-17T18:48:05Z,
43.173.89.31,ipv4,malicious-ip,medium,WHITE,ziyadnz/hourly-ipv4,ziyadnz|hourly,2026-08-17T18:48:05Z,2026-08-17T18:48:05Z,
43.173.89.45,ipv4,malicious-ip,medium,WHITE,ziyadnz/hourly-ipv4,ziyadnz|hourly,2026-08-17T18:48:05Z,2026-08-17T18:48:05Z,
43.173.89.56,ipv4,malicious-ip,medium,WHITE,ziyadnz/hourly-ipv4,ziyadnz|hourly,2026-08-17T18:48:05Z,2026-08-17T18:48:05Z,
43.173.90.78,ipv4,malicious-ip,medium,WHITE,ziyadnz/hourly-ipv4,ziyadnz|hourly,2026-08-17T18:48:05Z,2026-08-17T18:48:05Z,
43.173.91.132,ipv4,malicious-ip,medium,WHITE,ziyadnz/hourly-ipv4,ziyadnz|hourly,2026-08-17T18:48:05Z,2026-08-17T18:48:05Z,
43.173.92.13,ipv4,malicious-ip,medium,WHITE,ziyadnz/hourly-ipv4,ziyadnz|hourly,2026-08-17T18:48:05Z,2026-08-17T18:48:05Z,
43.173.92.87,ipv4,malicious-ip,medium,WHITE,ziyadnz/hourly-ipv4,ziyadnz|hourly,2026-08-17T18:48:05Z,2026-08-17T18:48:05Z,
43.198.16.19,ipv4,malicious-ip,medium,WHITE,ziyadnz/hourly-ipv4,ziyadnz|hourly,2026-08-17T18:48:05Z,2026-08-17T18:48:05Z,
43.198.254.75,ipv4,malicious-ip,medium,WHITE,ziyadnz/hourly-ipv4,ziyadnz|hourly,2026-08-17T18:48:05Z,2026-08-17T18:48:05Z,
43.199.209.35,ipv4,malicious-ip,medium,WHITE,ziyadnz/hourly-ipv4,ziyadnz|hourly,2026-08-17T18:48:05Z,2026-08-17T18:48:05Z,
43.202.170.236,ipv4,malicious-ip,medium,WHITE,ziyadnz/hourly-ipv4,ziyadnz|hourly,2026-08-17T18:48:05Z,2026-08-17T18:48:05Z,
43.202.83.36,ipv4,malicious-ip,medium,WHITE,ziyadnz/hourly-ipv4,ziyadnz|hourly,2026-08-17T18:48:05Z,2026-08-17T18:48:05Z,
43.204.237.183,ipv4,malicious-ip,medium,WHITE,ziyadnz/hourly-ipv4,ziyadnz|hourly,2026-08-17T18:48:05Z,2026-08-17T18:48:05Z,
43.204.28.253,ipv4,malicious-ip,medium,WHITE,ziyadnz/hourly-ipv4,ziyadnz|hourly,2026-08-17T18:48:05Z,2026-08-17T18:48:05Z,
43.205.209.116,ipv4,malicious-ip,medium,WHITE,ziyadnz/hourly-ipv4,ziyadnz|hourly,2026-08-17T18:48:05Z,2026-08-17T18:48:05Z,
43.205.240.248,ipv4,malicious-ip,medium,WHITE,ziyadnz/hourly-ipv4,ziyadnz|hourly,2026-08-17T18:48:05Z,2026-08-17T18:48:05Z,
43.224.0.226,ipv4,malicious-ip,medium,WHITE,ziyadnz/hourly-ipv4,ziyadnz|hourly,2026-08-17T18:48:05Z,2026-08-17T18:48:05Z,
43.224.125.54,ipv4,malicious-ip,medium,WHITE,ziyadnz/hourly-ipv4,ziyadnz|hourly,2026-08-17T18:48:05Z,2026-08-17T18:48:05Z,
43.224.126.185,ipv4,malicious-ip,medium,WHITE,ziyadnz/hourly-ipv4,ziyadnz|hourly,2026-08-17T18:48:05Z,2026-08-17T18:48:05Z,
43.224.2.229,ipv4,malicious-ip,medium,WHITE,ziyadnz/hourly-ipv4,ziyadnz|hourly,2026-08-17T18:48:05Z,2026-08-17T18:48:05Z,
43.224.224.19,ipv4,malicious-ip,medium,WHITE,ziyadnz/hourly-ipv4,ziyadnz|hourly,2026-08-17T18:48:05Z,2026-08-17T18:48:05Z,
43.224.66.196,ipv4,malicious-ip,medium,WHITE,ziyadnz/hourly-ipv4,ziyadnz|hourly,2026-08-17T18:48:05Z,2026-08-17T18:48:05Z,
43.225.148.225,ipv4,malicious-ip,medium,WHITE,ziyadnz/hourly-ipv4,ziyadnz|hourly,2026-08-17T18:48:05Z,2026-08-17T18:48:05Z,
43.225.159.150,ipv4,malicious-ip,medium,WHITE,ziyadnz/hourly-ipv4,ziyadnz|hourly,2026-08-17T18:48:05Z,2026-08-17T18:48:05Z,
43.225.161.100,ipv4,malicious-ip,medium,WHITE,ziyadnz/hourly-ipv4,ziyadnz|hourly,2026-08-17T18:48:05Z,2026-08-17T18:48:05Z,
43.225.164.6,ipv4,malicious-ip,medium,WHITE,ziyadnz/hourly-ipv4,ziyadnz|hourly,2026-08-17T18:48:05Z,2026-08-17T18:48:05Z,
43.225.166.65,ipv4,malicious-ip,medium,WHITE,ziyadnz/hourly-ipv4,ziyadnz|hourly,2026-08-17T18:48:05Z,2026-08-17T18:48:05Z,
43.225.167.70,ipv4,malicious-ip,medium,WHITE,ziyadnz/hourly-ipv4,ziyadnz|hourly,2026-08-17T18:48:05Z,2026-08-17T18:48:05Z,
43.225.20.186,ipv4,malicious-ip,medium,WHITE,ziyadnz/hourly-ipv4,ziyadnz|hourly,2026-08-17T18:48:05Z,2026-08-17T18:48:05Z,
43.225.212.190,ipv4,malicious-ip,medium,WHITE,ziyadnz/hourly-ipv4,ziyadnz|hourly,2026-08-17T18:48:05Z,2026-08-17T18:48:05Z,
43.225.26.110,ipv4,malicious-ip,medium,WHITE,ziyadnz/hourly-ipv4,ziyadnz|hourly,2026-08-17T18:48:05Z,2026-08-17T18:48:05Z,
43.225.52.111,ipv4,malicious-ip,medium,WHITE,ziyadnz/hourly-ipv4,ziyadnz|hourly,2026-08-17T18:48:05Z,2026-08-17T18:48:05Z,
43.225.53.201,ipv4,malicious-ip,medium,WHITE,ziyadnz/hourly-ipv4,ziyadnz|hourly,2026-08-17T18:48:05Z,2026-08-17T18:48:05Z,
43.226.126.164,ipv4,malicious-ip,medium,WHITE,ziyadnz/hourly-ipv4,ziyadnz|hourly,2026-08-17T18:48:05Z,2026-08-17T18:48:05Z,
43.226.126.165,ipv4,malicious-ip,medium,WHITE,ziyadnz/hourly-ipv4,ziyadnz|hourly,2026-08-17T18:48:05Z,2026-08-17T18:48:05Z,
43.226.36.17,ipv4,malicious-ip,medium,WHITE,ziyadnz/hourly-ipv4,ziyadnz|hourly,2026-08-17T18:48:05Z,2026-08-17T18:48:05Z,
43.226.36.89,ipv4,malicious-ip,medium,WHITE,ziyadnz/hourly-ipv4,ziyadnz|hourly,2026-08-17T18:48:05Z,2026-08-17T18:48:05Z,
43.226.37.138,ipv4,malicious-ip,medium,WHITE,ziyadnz/hourly-ipv4,ziyadnz|hourly,2026-08-17T18:48:05Z,2026-08-17T18:48:05Z,
43.226.38.159,ipv4,malicious-ip,medium,WHITE,ziyadnz/hourly-ipv4,ziyadnz|hourly,2026-08-17T18:48:05Z,2026-08-17T18:48:05Z,
43.226.39.177,ipv4,malicious-ip,medium,WHITE,ziyadnz/hourly-ipv4,ziyadnz|hourly,2026-08-17T18:48:05Z,2026-08-17T18:48:05Z,
43.226.40.202,ipv4,malicious-ip,medium,WHITE,ziyadnz/hourly-ipv4,ziyadnz|hourly,2026-08-17T18:48:05Z,2026-08-17T18:48:05Z,
43.226.44.125,ipv4,malicious-ip,medium,WHITE,ziyadnz/hourly-ipv4,ziyadnz|hourly,2026-08-17T18:48:05Z,2026-08-17T18:48:05Z,
43.226.44.226,ipv4,malicious-ip,medium,WHITE,ziyadnz/hourly-ipv4,ziyadnz|hourly,2026-08-17T18:48:05Z,2026-08-17T18:48:05Z,
43.226.44.4,ipv4,malicious-ip,medium,WHITE,ziyadnz/hourly-ipv4,ziyadnz|hourly,2026-08-17T18:48:05Z,2026-08-17T18:48:05Z,
43.226.45.124,ipv4,malicious-ip,medium,WHITE,ziyadnz/hourly-ipv4,ziyadnz|hourly,2026-08-17T18:48:05Z,2026-08-17T18:48:05Z,
43.226.63.235,ipv4,malicious-ip,medium,WHITE,ziyadnz/hourly-ipv4,ziyadnz|hourly,2026-08-17T18:48:05Z,2026-08-17T18:48:05Z,
43.226.79.143,ipv4,malicious-ip,medium,WHITE,ziyadnz/hourly-ipv4,ziyadnz|hourly,2026-08-17T18:48:05Z,2026-08-17T18:48:05Z,
43.226.79.54,ipv4,malicious-ip,medium,WHITE,ziyadnz/hourly-ipv4,ziyadnz|hourly,2026-08-17T18:48:05Z,2026-08-17T18:48:05Z,
43.227.185.238,ipv4,malicious-ip,medium,WHITE,ziyadnz/hourly-ipv4,ziyadnz|hourly,2026-08-17T18:48:05Z,2026-08-17T18:48:05Z,
43.227.225.134,ipv4,malicious-ip,medium,WHITE,ziyadnz/hourly-ipv4,ziyadnz|hourly,2026-08-17T18:48:05Z,2026-08-17T18:48:05Z,
43.228.112.154,ipv4,malicious-ip,medium,WHITE,ziyadnz/hourly-ipv4,ziyadnz|hourly,2026-08-17T18:48:05Z,2026-08-17T18:48:05Z,
43.228.112.254,ipv4,malicious-ip,medium,WHITE,ziyadnz/hourly-ipv4,ziyadnz|hourly,2026-08-17T18:48:05Z,2026-08-17T18:48:05Z,
43.228.126.4,ipv4,malicious-ip,medium,WHITE,ziyadnz/hourly-ipv4,ziyadnz|hourly,2026-08-17T18:48:05Z,2026-08-17T18:48:05Z,
43.228.128.226,ipv4,malicious-ip,medium,WHITE,ziyadnz/hourly-ipv4,ziyadnz|hourly,2026-08-17T18:48:05Z,2026-08-17T18:48:05Z,
43.228.157.0,ipv4,malicious-ip,medium,WHITE,ziyadnz/hourly-ipv4,ziyadnz|hourly,2026-08-17T18:48:05Z,2026-08-17T18:48:05Z,
43.228.157.10,ipv4,malicious-ip,medium,WHITE,ziyadnz/hourly-ipv4,ziyadnz|hourly,2026-08-17T18:48:05Z,2026-08-17T18:48:05Z,
43.228.157.121,ipv4,malicious-ip,medium,WHITE,ziyadnz/hourly-ipv4,ziyadnz|hourly,2026-08-17T18:48:05Z,2026-08-17T18:48:05Z,
43.228.157.123,ipv4,malicious-ip,medium,WHITE,ziyadnz/hourly-ipv4,ziyadnz|hourly,2026-08-17T18:48:05Z,2026-08-17T18:48:05Z,
43.228.157.133,ipv4,malicious-ip,medium,WHITE,ziyadnz/hourly-ipv4,ziyadnz|hourly,2026-08-17T18:48:05Z,2026-08-17T18:48:05Z,
43.228.157.136,ipv4,malicious-ip,medium,WHITE,ziyadnz/hourly-ipv4,ziyadnz|hourly,2026-08-17T18:48:05Z,2026-08-17T18:48:05Z,
43.228.157.139,ipv4,malicious-ip,medium,WHITE,ziyadnz/hourly-ipv4,ziyadnz|hourly,2026-08-17T18:48:05Z,2026-08-17T18:48:05Z,
43.228.157.14,ipv4,malicious-ip,medium,WHITE,ziyadnz/hourly-ipv4,ziyadnz|hourly,2026-08-17T18:48:05Z,2026-08-17T18:48:05Z,
43.228.157.148,ipv4,malicious-ip,medium,WHITE,ziyadnz/hourly-ipv4,ziyadnz|hourly,2026-08-17T18:48:05Z,2026-08-17T18:48:05Z,
43.228.157.152,ipv4,malicious-ip,medium,WHITE,ziyadnz/hourly-ipv4,ziyadnz|hourly,2026-08-17T18:48:05Z,2026-08-17T18:48:05Z,
43.228.157.155,ipv4,malicious-ip,medium,WHITE,ziyadnz/hourly-ipv4,ziyadnz|hourly,2026-08-17T18:48:05Z,2026-08-17T18:48:05Z,
43.228.157.161,ipv4,malicious-ip,medium,WHITE,ziyadnz/hourly-ipv4,ziyadnz|hourly,2026-08-17T18:48:05Z,2026-08-17T18:48:05Z,
43.228.157.166,ipv4,malicious-ip,medium,WHITE,ziyadnz/hourly-ipv4,ziyadnz|hourly,2026-08-17T18:48:05Z,2026-08-17T18:48:05Z,
43.228.157.17,ipv4,malicious-ip,medium,WHITE,ziyadnz/hourly-ipv4,ziyadnz|hourly,2026-08-17T18:48:05Z,2026-08-17T18:48:05Z,
43.228.157.174,ipv4,malicious-ip,medium,WHITE,ziyadnz/hourly-ipv4,ziyadnz|hourly,2026-08-17T18:48:05Z,2026-08-17T18:48:05Z,
43.228.157.178,ipv4,malicious-ip,medium,WHITE,ziyadnz/hourly-ipv4,ziyadnz|hourly,2026-08-17T18:48:05Z,2026-08-17T18:48:05Z,
43.228.157.180,ipv4,malicious-ip,medium,WHITE,ziyadnz/hourly-ipv4,ziyadnz|hourly,2026-08-17T18:48:05Z,2026-08-17T18:48:05Z,
43.228.157.183,ipv4,malicious-ip,medium,WHITE,ziyadnz/hourly-ipv4,ziyadnz|hourly,2026-08-17T18:48:05Z,2026-08-17T18:48:05Z,
43.228.157.200,ipv4,malicious-ip,medium,WHITE,ziyadnz/hourly-ipv4,ziyadnz|hourly,2026-08-17T18:48:05Z,2026-08-17T18:48:05Z,
43.228.157.202,ipv4,malicious-ip,medium,WHITE,ziyadnz/hourly-ipv4,ziyadnz|hourly,2026-08-17T18:48:05Z,2026-08-17T18:48:05Z,
43.228.157.211,ipv4,malicious-ip,medium,WHITE,ziyadnz/hourly-ipv4,ziyadnz|hourly,2026-08-17T18:48:05Z,2026-08-17T18:48:05Z,
43.228.157.220,ipv4,malicious-ip,medium,WHITE,ziyadnz/hourly-ipv4,ziyadnz|hourly,2026-08-17T18:48:05Z,2026-08-17T18:48:05Z,
43.228.157.228,ipv4,malicious-ip,medium,WHITE,ziyadnz/hourly-ipv4,ziyadnz|hourly,2026-08-17T18:48:05Z,2026-08-17T18:48:05Z,
43.228.157.243,ipv4,malicious-ip,medium,WHITE,ziyadnz/hourly-ipv4,ziyadnz|hourly,2026-08-17T18:48:05Z,2026-08-17T18:48:05Z,
43.228.157.245,ipv4,malicious-ip,medium,WHITE,ziyadnz/hourly-ipv4,ziyadnz|hourly,2026-08-17T18:48:05Z,2026-08-17T18:48:05Z,
43.228.157.250,ipv4,malicious-ip,medium,WHITE,ziyadnz/hourly-ipv4,ziyadnz|hourly,2026-08-17T18:48:05Z,2026-08-17T18:48:05Z,
43.228.157.40,ipv4,malicious-ip,medium,WHITE,ziyadnz/hourly-ipv4,ziyadnz|hourly,2026-08-17T18:48:05Z,2026-08-17T18:48:05Z,
43.228.157.49,ipv4,malicious-ip,medium,WHITE,ziyadnz/hourly-ipv4,ziyadnz|hourly,2026-08-17T18:48:05Z,2026-08-17T18:48:05Z,
43.228.157.62,ipv4,malicious-ip,medium,WHITE,ziyadnz/hourly-ipv4,ziyadnz|hourly,2026-08-17T18:48:05Z,2026-08-17T18:48:05Z,
43.228.157.75,ipv4,malicious-ip,medium,WHITE,ziyadnz/hourly-ipv4,ziyadnz|hourly,2026-08-17T18:48:05Z,2026-08-17T18:48:05Z,
43.228.157.8,ipv4,malicious-ip,medium,WHITE,ziyadnz/hourly-ipv4,ziyadnz|hourly,2026-08-17T18:48:05Z,2026-08-17T18:48:05Z,
43.228.157.80,ipv4,malicious-ip,medium,WHITE,ziyadnz/hourly-ipv4,ziyadnz|hourly,2026-08-17T18:48:05Z,2026-08-17T18:48:05Z,
43.228.157.82,ipv4,malicious-ip,medium,WHITE,ziyadnz/hourly-ipv4,ziyadnz|hourly,2026-08-17T18:48:05Z,2026-08-17T18:48:05Z,
43.228.157.9,ipv4,malicious-ip,medium,WHITE,ziyadnz/hourly-ipv4,ziyadnz|hourly,2026-08-17T18:48:05Z,2026-08-17T18:48:05Z,
43.228.157.94,ipv4,malicious-ip,medium,WHITE,ziyadnz/hourly-ipv4,ziyadnz|hourly,2026-08-17T18:48:05Z,2026-08-17T18:48:05Z,
43.228.166.224,ipv4,malicious-ip,medium,WHITE,ziyadnz/hourly-ipv4,ziyadnz|hourly,2026-08-17T18:48:05Z,2026-08-17T18:48:05Z,
43.228.166.225,ipv4,malicious-ip,medium,WHITE,ziyadnz/hourly-ipv4,ziyadnz|hourly,2026-08-17T18:48:05Z,2026-08-17T18:48:05Z,
43.228.166.226,ipv4,malicious-ip,medium,WHITE,ziyadnz/hourly-ipv4,ziyadnz|hourly,2026-08-17T18:48:05Z,2026-08-17T18:48:05Z,
43.228.217.173,ipv4,malicious-ip,medium,WHITE,ziyadnz/hourly-ipv4,ziyadnz|hourly,2026-08-17T18:48:05Z,2026-08-17T18:48:05Z,
43.228.217.82,ipv4,malicious-ip,medium,WHITE,ziyadnz/hourly-ipv4,ziyadnz|hourly,2026-08-17T18:48:05Z,2026-08-17T18:48:05Z,
43.228.37.109,ipv4,malicious-ip,medium,WHITE,ziyadnz/hourly-ipv4,ziyadnz|hourly,2026-08-17T18:48:05Z,2026-08-17T18:48:05Z,
43.228.72.130,ipv4,malicious-ip,medium,WHITE,ziyadnz/hourly-ipv4,ziyadnz|hourly,2026-08-17T18:48:05Z,2026-08-17T18:48:05Z,
43.228.73.146,ipv4,malicious-ip,medium,WHITE,ziyadnz/hourly-ipv4,ziyadnz|hourly,2026-08-17T18:48:05Z,2026-08-17T18:48:05Z,
43.229.12.153,ipv4,malicious-ip,medium,WHITE,ziyadnz/hourly-ipv4,ziyadnz|hourly,2026-08-17T18:48:05Z,2026-08-17T18:48:05Z,
43.229.150.94,ipv4,malicious-ip,medium,WHITE,ziyadnz/hourly-ipv4,ziyadnz|hourly,2026-08-17T18:48:05Z,2026-08-17T18:48:05Z,
43.229.225.101,ipv4,malicious-ip,medium,WHITE,ziyadnz/hourly-ipv4,ziyadnz|hourly,2026-08-17T18:48:05Z,2026-08-17T18:48:05Z,
43.229.225.56,ipv4,malicious-ip,medium,WHITE,ziyadnz/hourly-ipv4,ziyadnz|hourly,2026-08-17T18:48:05Z,2026-08-17T18:48:05Z,
43.229.79.163,ipv4,malicious-ip,medium,WHITE,ziyadnz/hourly-ipv4,ziyadnz|hourly,2026-08-17T18:48:05Z,2026-08-17T18:48:05Z,
43.229.89.16,ipv4,malicious-ip,medium,WHITE,ziyadnz/hourly-ipv4,ziyadnz|hourly,2026-08-17T18:48:05Z,2026-08-17T18:48:05Z,
43.230.203.181,ipv4,malicious-ip,medium,WHITE,ziyadnz/hourly-ipv4,ziyadnz|hourly,2026-08-17T18:48:05Z,2026-08-17T18:48:05Z,
43.230.8.21,ipv4,malicious-ip,medium,WHITE,ziyadnz/hourly-ipv4,ziyadnz|hourly,2026-08-17T18:48:05Z,2026-08-17T18:48:05Z,
43.230.92.0,ipv4,malicious-ip,medium,WHITE,ziyadnz/hourly-ipv4,ziyadnz|hourly,2026-08-17T18:48:05Z,2026-08-17T18:48:05Z,
43.230.92.32,ipv4,malicious-ip,medium,WHITE,ziyadnz/hourly-ipv4,ziyadnz|hourly,2026-08-17T18:48:05Z,2026-08-17T18:48:05Z,
43.230.92.34,ipv4,malicious-ip,medium,WHITE,ziyadnz/hourly-ipv4,ziyadnz|hourly,2026-08-17T18:48:05Z,2026-08-17T18:48:05Z,
43.230.92.35,ipv4,malicious-ip,medium,WHITE,ziyadnz/hourly-ipv4,ziyadnz|hourly,2026-08-17T18:48:05Z,2026-08-17T18:48:05Z,
43.230.92.36,ipv4,malicious-ip,medium,WHITE,ziyadnz/hourly-ipv4,ziyadnz|hourly,2026-08-17T18:48:05Z,2026-08-17T18:48:05Z,
43.230.92.37,ipv4,malicious-ip,medium,WHITE,ziyadnz/hourly-ipv4,ziyadnz|hourly,2026-08-17T18:48:05Z,2026-08-17T18:48:05Z,
43.230.92.38,ipv4,malicious-ip,medium,WHITE,ziyadnz/hourly-ipv4,ziyadnz|hourly,2026-08-17T18:48:05Z,2026-08-17T18:48:05Z,
43.230.92.40,ipv4,malicious-ip,medium,WHITE,ziyadnz/hourly-ipv4,ziyadnz|hourly,2026-08-17T18:48:05Z,2026-08-17T18:48:05Z,
43.230.92.41,ipv4,malicious-ip,medium,WHITE,ziyadnz/hourly-ipv4,ziyadnz|hourly,2026-08-17T18:48:05Z,2026-08-17T18:48:05Z,
43.230.92.42,ipv4,malicious-ip,medium,WHITE,ziyadnz/hourly-ipv4,ziyadnz|hourly,2026-08-17T18:48:05Z,2026-08-17T18:48:05Z,
43.230.92.44,ipv4,malicious-ip,medium,WHITE,ziyadnz/hourly-ipv4,ziyadnz|hourly,2026-08-17T18:48:05Z,2026-08-17T18:48:05Z,
43.230.92.45,ipv4,malicious-ip,medium,WHITE,ziyadnz/hourly-ipv4,ziyadnz|hourly,2026-08-17T18:48:05Z,2026-08-17T18:48:05Z,
43.230.92.47,ipv4,malicious-ip,medium,WHITE,ziyadnz/hourly-ipv4,ziyadnz|hourly,2026-08-17T18:48:05Z,2026-08-17T18:48:05Z,
43.230.94.0,ipv4,malicious-ip,medium,WHITE,ziyadnz/hourly-ipv4,ziyadnz|hourly,2026-08-17T18:48:05Z,2026-08-17T18:48:05Z,
43.230.94.176,ipv4,malicious-ip,medium,WHITE,ziyadnz/hourly-ipv4,ziyadnz|hourly,2026-08-17T18:48:05Z,2026-08-17T18:48:05Z,
43.230.94.177,ipv4,malicious-ip,medium,WHITE,ziyadnz/hourly-ipv4,ziyadnz|hourly,2026-08-17T18:48:05Z,2026-08-17T18:48:05Z,
43.230.94.178,ipv4,malicious-ip,medium,WHITE,ziyadnz/hourly-ipv4,ziyadnz|hourly,2026-08-17T18:48:05Z,2026-08-17T18:48:05Z,
43.230.94.179,ipv4,malicious-ip,medium,WHITE,ziyadnz/hourly-ipv4,ziyadnz|hourly,2026-08-17T18:48:05Z,2026-08-17T18:48:05Z,
43.230.94.180,ipv4,malicious-ip,medium,WHITE,ziyadnz/hourly-ipv4,ziyadnz|hourly,2026-08-17T18:48:05Z,2026-08-17T18:48:05Z,
43.230.94.181,ipv4,malicious-ip,medium,WHITE,ziyadnz/hourly-ipv4,ziyadnz|hourly,2026-08-17T18:48:05Z,2026-08-17T18:48:05Z,
43.230.94.182,ipv4,malicious-ip,medium,WHITE,ziyadnz/hourly-ipv4,ziyadnz|hourly,2026-08-17T18:48:05Z,2026-08-17T18:48:05Z,
43.230.94.183,ipv4,malicious-ip,medium,WHITE,ziyadnz/hourly-ipv4,ziyadnz|hourly,2026-08-17T18:48:05Z,2026-08-17T18:48:05Z,
43.230.94.185,ipv4,malicious-ip,medium,WHITE,ziyadnz/hourly-ipv4,ziyadnz|hourly,2026-08-17T18:48:05Z,2026-08-17T18:48:05Z,
43.230.94.186,ipv4,malicious-ip,medium,WHITE,ziyadnz/hourly-ipv4,ziyadnz|hourly,2026-08-17T18:48:05Z,2026-08-17T18:48:05Z,
43.230.94.187,ipv4,malicious-ip,medium,WHITE,ziyadnz/hourly-ipv4,ziyadnz|hourly,2026-08-17T18:48:05Z,2026-08-17T18:48:05Z,
43.230.94.188,ipv4,malicious-ip,medium,WHITE,ziyadnz/hourly-ipv4,ziyadnz|hourly,2026-08-17T18:48:05Z,2026-08-17T18:48:05Z,
43.230.94.189,ipv4,malicious-ip,medium,WHITE,ziyadnz/hourly-ipv4,ziyadnz|hourly,2026-08-17T18:48:05Z,2026-08-17T18:48:05Z,
43.230.94.190,ipv4,malicious-ip,medium,WHITE,ziyadnz/hourly-ipv4,ziyadnz|hourly,2026-08-17T18:48:05Z,2026-08-17T18:48:05Z,
43.230.94.191,ipv4,malicious-ip,medium,WHITE,ziyadnz/hourly-ipv4,ziyadnz|hourly,2026-08-17T18:48:05Z,2026-08-17T18:48:05Z,
43.231.128.191,ipv4,malicious-ip,medium,WHITE,ziyadnz/hourly-ipv4,ziyadnz|hourly,2026-08-17T18:48:05Z,2026-08-17T18:48:05Z,
43.231.133.162,ipv4,malicious-ip,medium,WHITE,ziyadnz/hourly-ipv4,ziyadnz|hourly,2026-08-17T18:48:05Z,2026-08-17T18:48:05Z,
43.231.210.101,ipv4,malicious-ip,medium,WHITE,ziyadnz/hourly-ipv4,ziyadnz|hourly,2026-08-17T18:48:05Z,2026-08-17T18:48:05Z,
43.231.253.199,ipv4,malicious-ip,medium,WHITE,ziyadnz/hourly-ipv4,ziyadnz|hourly,2026-08-17T18:48:05Z,2026-08-17T18:48:05Z,
43.231.70.214,ipv4,malicious-ip,medium,WHITE,ziyadnz/hourly-ipv4,ziyadnz|hourly,2026-08-17T18:48:05Z,2026-08-17T18:48:05Z,
43.239.110.69,ipv4,malicious-ip,medium,WHITE,ziyadnz/hourly-ipv4,ziyadnz|hourly,2026-08-17T18:48:05Z,2026-08-17T18:48:05Z,
43.239.207.25,ipv4,malicious-ip,medium,WHITE,ziyadnz/hourly-ipv4,ziyadnz|hourly,2026-08-17T18:48:05Z,2026-08-17T18:48:05Z,
43.239.78.250,ipv4,malicious-ip,medium,WHITE,ziyadnz/hourly-ipv4,ziyadnz|hourly,2026-08-17T18:48:05Z,2026-08-17T18:48:05Z,
43.240.10.198,ipv4,malicious-ip,medium,WHITE,ziyadnz/hourly-ipv4,ziyadnz|hourly,2026-08-17T18:48:05Z,2026-08-17T18:48:05Z,
43.240.12.34,ipv4,malicious-ip,medium,WHITE,ziyadnz/hourly-ipv4,ziyadnz|hourly,2026-08-17T18:48:05Z,2026-08-17T18:48:05Z,
43.240.12.35,ipv4,malicious-ip,medium,WHITE,ziyadnz/hourly-ipv4,ziyadnz|hourly,2026-08-17T18:48:05Z,2026-08-17T18:48:05Z,
43.240.13.47,ipv4,malicious-ip,medium,WHITE,ziyadnz/hourly-ipv4,ziyadnz|hourly,2026-08-17T18:48:05Z,2026-08-17T18:48:05Z,
43.240.193.105,ipv4,malicious-ip,medium,WHITE,ziyadnz/hourly-ipv4,ziyadnz|hourly,2026-08-17T18:48:05Z,2026-08-17T18:48:05Z,
43.240.193.217,ipv4,malicious-ip,medium,WHITE,ziyadnz/hourly-ipv4,ziyadnz|hourly,2026-08-17T18:48:05Z,2026-08-17T18:48:05Z,
43.240.55.106,ipv4,malicious-ip,medium,WHITE,ziyadnz/hourly-ipv4,ziyadnz|hourly,2026-08-17T18:48:05Z,2026-08-17T18:48:05Z,
43.240.55.82,ipv4,malicious-ip,medium,WHITE,ziyadnz/hourly-ipv4,ziyadnz|hourly,2026-08-17T18:48:05Z,2026-08-17T18:48:05Z,
43.240.64.77,ipv4,malicious-ip,medium,WHITE,ziyadnz/hourly-ipv4,ziyadnz|hourly,2026-08-17T18:48:05Z,2026-08-17T18:48:05Z,
43.241.144.109,ipv4,malicious-ip,medium,WHITE,ziyadnz/hourly-ipv4,ziyadnz|hourly,2026-08-17T18:48:05Z,2026-08-17T18:48:05Z,
43.241.146.100,ipv4,malicious-ip,medium,WHITE,ziyadnz/hourly-ipv4,ziyadnz|hourly,2026-08-17T18:48:05Z,2026-08-17T18:48:05Z,
43.241.147.144,ipv4,malicious-ip,medium,WHITE,ziyadnz/hourly-ipv4,ziyadnz|hourly,2026-08-17T18:48:05Z,2026-08-17T18:48:05Z,
43.241.25.154,ipv4,malicious-ip,medium,WHITE,ziyadnz/hourly-ipv4,ziyadnz|hourly,2026-08-17T18:48:05Z,2026-08-17T18:48:05Z,
43.241.66.25,ipv4,malicious-ip,medium,WHITE,ziyadnz/hourly-ipv4,ziyadnz|hourly,2026-08-17T18:48:05Z,2026-08-17T18:48:05Z,
43.241.66.93,ipv4,malicious-ip,medium,WHITE,ziyadnz/hourly-ipv4,ziyadnz|hourly,2026-08-17T18:48:05Z,2026-08-17T18:48:05Z,
43.242.203.115,ipv4,malicious-ip,medium,WHITE,ziyadnz/hourly-ipv4,ziyadnz|hourly,2026-08-17T18:48:05Z,2026-08-17T18:48:05Z,
43.242.209.122,ipv4,malicious-ip,medium,WHITE,ziyadnz/hourly-ipv4,ziyadnz|hourly,2026-08-17T18:48:05Z,2026-08-17T18:48:05Z,
43.242.209.124,ipv4,malicious-ip,medium,WHITE,ziyadnz/hourly-ipv4,ziyadnz|hourly,2026-08-17T18:48:05Z,2026-08-17T18:48:05Z,
43.242.226.214,ipv4,malicious-ip,medium,WHITE,ziyadnz/hourly-ipv4,ziyadnz|hourly,2026-08-17T18:48:05Z,2026-08-17T18:48:05Z,
43.242.97.17,ipv4,malicious-ip,medium,WHITE,ziyadnz/hourly-ipv4,ziyadnz|hourly,2026-08-17T18:48:05Z,2026-08-17T18:48:05Z,
43.243.142.42,ipv4,malicious-ip,medium,WHITE,ziyadnz/hourly-ipv4,ziyadnz|hourly,2026-08-17T18:48:05Z,2026-08-17T18:48:05Z,
43.245.131.60,ipv4,malicious-ip,medium,WHITE,ziyadnz/hourly-ipv4,ziyadnz|hourly,2026-08-17T18:48:05Z,2026-08-17T18:48:05Z,
43.245.137.199,ipv4,malicious-ip,medium,WHITE,ziyadnz/hourly-ipv4,ziyadnz|hourly,2026-08-17T18:48:05Z,2026-08-17T18:48:05Z,
43.245.140.114,ipv4,malicious-ip,medium,WHITE,ziyadnz/hourly-ipv4,ziyadnz|hourly,2026-08-17T18:48:05Z,2026-08-17T18:48:05Z,
43.245.249.251,ipv4,malicious-ip,medium,WHITE,ziyadnz/hourly-ipv4,ziyadnz|hourly,2026-08-17T18:48:05Z,2026-08-17T18:48:05Z,
43.245.97.82,ipv4,malicious-ip,medium,WHITE,ziyadnz/hourly-ipv4,ziyadnz|hourly,2026-08-17T18:48:05Z,2026-08-17T18:48:05Z,
43.245.98.60,ipv4,malicious-ip,medium,WHITE,ziyadnz/hourly-ipv4,ziyadnz|hourly,2026-08-17T18:48:05Z,2026-08-17T18:48:05Z,
43.246.198.56,ipv4,malicious-ip,medium,WHITE,ziyadnz/hourly-ipv4,ziyadnz|hourly,2026-08-17T18:48:05Z,2026-08-17T18:48:05Z,
43.246.200.106,ipv4,malicious-ip,medium,WHITE,ziyadnz/hourly-ipv4,ziyadnz|hourly,2026-08-17T18:48:05Z,2026-08-17T18:48:05Z,
43.246.208.179,ipv4,malicious-ip,medium,WHITE,ziyadnz/hourly-ipv4,ziyadnz|hourly,2026-08-17T18:48:05Z,2026-08-17T18:48:05Z,
43.246.208.207,ipv4,malicious-ip,medium,WHITE,ziyadnz/hourly-ipv4,ziyadnz|hourly,2026-08-17T18:48:05Z,2026-08-17T18:48:05Z,
43.246.208.236,ipv4,malicious-ip,medium,WHITE,ziyadnz/hourly-ipv4,ziyadnz|hourly,2026-08-17T18:48:05Z,2026-08-17T18:48:05Z,
43.247.122.31,ipv4,malicious-ip,medium,WHITE,ziyadnz/hourly-ipv4,ziyadnz|hourly,2026-08-17T18:48:05Z,2026-08-17T18:48:05Z,
43.247.133.243,ipv4,malicious-ip,medium,WHITE,ziyadnz/hourly-ipv4,ziyadnz|hourly,2026-08-17T18:48:05Z,2026-08-17T18:48:05Z,
43.247.134.215,ipv4,malicious-ip,medium,WHITE,ziyadnz/hourly-ipv4,ziyadnz|hourly,2026-08-17T18:48:05Z,2026-08-17T18:48:05Z,
43.247.135.185,ipv4,malicious-ip,medium,WHITE,ziyadnz/hourly-ipv4,ziyadnz|hourly,2026-08-17T18:48:05Z,2026-08-17T18:48:05Z,
43.247.162.16,ipv4,malicious-ip,medium,WHITE,ziyadnz/hourly-ipv4,ziyadnz|hourly,2026-08-17T18:48:05Z,2026-08-17T18:48:05Z,
43.247.250.115,ipv4,malicious-ip,medium,WHITE,ziyadnz/hourly-ipv4,ziyadnz|hourly,2026-08-17T18:48:05Z,2026-08-17T18:48:05Z,
43.247.41.241,ipv4,malicious-ip,medium,WHITE,ziyadnz/hourly-ipv4,ziyadnz|hourly,2026-08-17T18:48:05Z,2026-08-17T18:48:05Z,
43.248.10.233,ipv4,malicious-ip,medium,WHITE,ziyadnz/hourly-ipv4,ziyadnz|hourly,2026-08-17T18:48:05Z,2026-08-17T18:48:05Z,
43.248.103.105,ipv4,malicious-ip,medium,WHITE,ziyadnz/hourly-ipv4,ziyadnz|hourly,2026-08-17T18:48:05Z,2026-08-17T18:48:05Z,
43.248.108.10,ipv4,malicious-ip,medium,WHITE,ziyadnz/hourly-ipv4,ziyadnz|hourly,2026-08-17T18:48:05Z,2026-08-17T18:48:05Z,
43.248.108.100,ipv4,malicious-ip,medium,WHITE,ziyadnz/hourly-ipv4,ziyadnz|hourly,2026-08-17T18:48:05Z,2026-08-17T18:48:05Z,
43.248.108.103,ipv4,malicious-ip,medium,WHITE,ziyadnz/hourly-ipv4,ziyadnz|hourly,2026-08-17T18:48:05Z,2026-08-17T18:48:05Z,
43.248.108.104,ipv4,malicious-ip,medium,WHITE,ziyadnz/hourly-ipv4,ziyadnz|hourly,2026-08-17T18:48:05Z,2026-08-17T18:48:05Z,
43.248.108.111,ipv4,malicious-ip,medium,WHITE,ziyadnz/hourly-ipv4,ziyadnz|hourly,2026-08-17T18:48:05Z,2026-08-17T18:48:05Z,
43.248.108.115,ipv4,malicious-ip,medium,WHITE,ziyadnz/hourly-ipv4,ziyadnz|hourly,2026-08-17T18:48:05Z,2026-08-17T18:48:05Z,
43.248.108.118,ipv4,malicious-ip,medium,WHITE,ziyadnz/hourly-ipv4,ziyadnz|hourly,2026-08-17T18:48:05Z,2026-08-17T18:48:05Z,
43.248.108.119,ipv4,malicious-ip,medium,WHITE,ziyadnz/hourly-ipv4,ziyadnz|hourly,2026-08-17T18:48:05Z,2026-08-17T18:48:05Z,
43.248.108.12,ipv4,malicious-ip,medium,WHITE,ziyadnz/hourly-ipv4,ziyadnz|hourly,2026-08-17T18:48:05Z,2026-08-17T18:48:05Z,
43.248.108.127,ipv4,malicious-ip,medium,WHITE,ziyadnz/hourly-ipv4,ziyadnz|hourly,2026-08-17T18:48:05Z,2026-08-17T18:48:05Z,
43.248.108.140,ipv4,malicious-ip,medium,WHITE,ziyadnz/hourly-ipv4,ziyadnz|hourly,2026-08-17T18:48:05Z,2026-08-17T18:48:05Z,
43.248.108.143,ipv4,malicious-ip,medium,WHITE,ziyadnz/hourly-ipv4,ziyadnz|hourly,2026-08-17T18:48:05Z,2026-08-17T18:48:05Z,
43.248.108.145,ipv4,malicious-ip,medium,WHITE,ziyadnz/hourly-ipv4,ziyadnz|hourly,2026-08-17T18:48:05Z,2026-08-17T18:48:05Z,
43.248.108.147,ipv4,malicious-ip,medium,WHITE,ziyadnz/hourly-ipv4,ziyadnz|hourly,2026-08-17T18:48:05Z,2026-08-17T18:48:05Z,
43.248.108.149,ipv4,malicious-ip,medium,WHITE,ziyadnz/hourly-ipv4,ziyadnz|hourly,2026-08-17T18:48:05Z,2026-08-17T18:48:05Z,
43.248.108.154,ipv4,malicious-ip,medium,WHITE,ziyadnz/hourly-ipv4,ziyadnz|hourly,2026-08-17T18:48:05Z,2026-08-17T18:48:05Z,
43.248.108.160,ipv4,malicious-ip,medium,WHITE,ziyadnz/hourly-ipv4,ziyadnz|hourly,2026-08-17T18:48:05Z,2026-08-17T18:48:05Z,
43.248.108.162,ipv4,malicious-ip,medium,WHITE,ziyadnz/hourly-ipv4,ziyadnz|hourly,2026-08-17T18:48:05Z,2026-08-17T18:48:05Z,
43.248.108.164,ipv4,malicious-ip,medium,WHITE,ziyadnz/hourly-ipv4,ziyadnz|hourly,2026-08-17T18:48:05Z,2026-08-17T18:48:05Z,
43.248.108.167,ipv4,malicious-ip,medium,WHITE,ziyadnz/hourly-ipv4,ziyadnz|hourly,2026-08-17T18:48:05Z,2026-08-17T18:48:05Z,
43.248.108.17,ipv4,malicious-ip,medium,WHITE,ziyadnz/hourly-ipv4,ziyadnz|hourly,2026-08-17T18:48:05Z,2026-08-17T18:48:05Z,
43.248.108.173,ipv4,malicious-ip,medium,WHITE,ziyadnz/hourly-ipv4,ziyadnz|hourly,2026-08-17T18:48:05Z,2026-08-17T18:48:05Z,
43.248.108.179,ipv4,malicious-ip,medium,WHITE,ziyadnz/hourly-ipv4,ziyadnz|hourly,2026-08-17T18:48:05Z,2026-08-17T18:48:05Z,
43.248.108.187,ipv4,malicious-ip,medium,WHITE,ziyadnz/hourly-ipv4,ziyadnz|hourly,2026-08-17T18:48:05Z,2026-08-17T18:48:05Z,
43.248.108.188,ipv4,malicious-ip,medium,WHITE,ziyadnz/hourly-ipv4,ziyadnz|hourly,2026-08-17T18:48:05Z,2026-08-17T18:48:05Z,
43.248.108.190,ipv4,malicious-ip,medium,WHITE,ziyadnz/hourly-ipv4,ziyadnz|hourly,2026-08-17T18:48:05Z,2026-08-17T18:48:05Z,
43.248.108.197,ipv4,malicious-ip,medium,WHITE,ziyadnz/hourly-ipv4,ziyadnz|hourly,2026-08-17T18:48:05Z,2026-08-17T18:48:05Z,
43.248.108.198,ipv4,malicious-ip,medium,WHITE,ziyadnz/hourly-ipv4,ziyadnz|hourly,2026-08-17T18:48:05Z,2026-08-17T18:48:05Z,
43.248.108.199,ipv4,malicious-ip,medium,WHITE,ziyadnz/hourly-ipv4,ziyadnz|hourly,2026-08-17T18:48:05Z,2026-08-17T18:48:05Z,
43.248.108.201,ipv4,malicious-ip,medium,WHITE,ziyadnz/hourly-ipv4,ziyadnz|hourly,2026-08-17T18:48:05Z,2026-08-17T18:48:05Z,
43.248.108.207,ipv4,malicious-ip,medium,WHITE,ziyadnz/hourly-ipv4,ziyadnz|hourly,2026-08-17T18:48:05Z,2026-08-17T18:48:05Z,
43.248.108.208,ipv4,malicious-ip,medium,WHITE,ziyadnz/hourly-ipv4,ziyadnz|hourly,2026-08-17T18:48:05Z,2026-08-17T18:48:05Z,
43.248.108.210,ipv4,malicious-ip,medium,WHITE,ziyadnz/hourly-ipv4,ziyadnz|hourly,2026-08-17T18:48:05Z,2026-08-17T18:48:05Z,
43.248.108.218,ipv4,malicious-ip,medium,WHITE,ziyadnz/hourly-ipv4,ziyadnz|hourly,2026-08-17T18:48:05Z,2026-08-17T18:48:05Z,
43.248.108.229,ipv4,malicious-ip,medium,WHITE,ziyadnz/hourly-ipv4,ziyadnz|hourly,2026-08-17T18:48:05Z,2026-08-17T18:48:05Z,
43.248.108.231,ipv4,malicious-ip,medium,WHITE,ziyadnz/hourly-ipv4,ziyadnz|hourly,2026-08-17T18:48:05Z,2026-08-17T18:48:05Z,
43.248.108.235,ipv4,malicious-ip,medium,WHITE,ziyadnz/hourly-ipv4,ziyadnz|hourly,2026-08-17T18:48:05Z,2026-08-17T18:48:05Z,
43.248.108.236,ipv4,malicious-ip,medium,WHITE,ziyadnz/hourly-ipv4,ziyadnz|hourly,2026-08-17T18:48:05Z,2026-08-17T18:48:05Z,
43.248.108.237,ipv4,malicious-ip,medium,WHITE,ziyadnz/hourly-ipv4,ziyadnz|hourly,2026-08-17T18:48:05Z,2026-08-17T18:48:05Z,
43.248.108.239,ipv4,malicious-ip,medium,WHITE,ziyadnz/hourly-ipv4,ziyadnz|hourly,2026-08-17T18:48:05Z,2026-08-17T18:48:05Z,
43.248.108.245,ipv4,malicious-ip,medium,WHITE,ziyadnz/hourly-ipv4,ziyadnz|hourly,2026-08-17T18:48:05Z,2026-08-17T18:48:05Z,
43.248.108.246,ipv4,malicious-ip,medium,WHITE,ziyadnz/hourly-ipv4,ziyadnz|hourly,2026-08-17T18:48:05Z,2026-08-17T18:48:05Z,
43.248.108.25,ipv4,malicious-ip,medium,WHITE,ziyadnz/hourly-ipv4,ziyadnz|hourly,2026-08-17T18:48:05Z,2026-08-17T18:48:05Z,
43.248.108.252,ipv4,malicious-ip,medium,WHITE,ziyadnz/hourly-ipv4,ziyadnz|hourly,2026-08-17T18:48:05Z,2026-08-17T18:48:05Z,
43.248.108.27,ipv4,malicious-ip,medium,WHITE,ziyadnz/hourly-ipv4,ziyadnz|hourly,2026-08-17T18:48:05Z,2026-08-17T18:48:05Z,
43.248.108.3,ipv4,malicious-ip,medium,WHITE,ziyadnz/hourly-ipv4,ziyadnz|hourly,2026-08-17T18:48:05Z,2026-08-17T18:48:05Z,
43.248.108.30,ipv4,malicious-ip,medium,WHITE,ziyadnz/hourly-ipv4,ziyadnz|hourly,2026-08-17T18:48:05Z,2026-08-17T18:48:05Z,
43.248.108.37,ipv4,malicious-ip,medium,WHITE,ziyadnz/hourly-ipv4,ziyadnz|hourly,2026-08-17T18:48:05Z,2026-08-17T18:48:05Z,
43.248.108.38,ipv4,malicious-ip,medium,WHITE,ziyadnz/hourly-ipv4,ziyadnz|hourly,2026-08-17T18:48:05Z,2026-08-17T18:48:05Z,
43.248.108.44,ipv4,malicious-ip,medium,WHITE,ziyadnz/hourly-ipv4,ziyadnz|hourly,2026-08-17T18:48:05Z,2026-08-17T18:48:05Z,
43.248.108.49,ipv4,malicious-ip,medium,WHITE,ziyadnz/hourly-ipv4,ziyadnz|hourly,2026-08-17T18:48:05Z,2026-08-17T18:48:05Z,
43.248.108.55,ipv4,malicious-ip,medium,WHITE,ziyadnz/hourly-ipv4,ziyadnz|hourly,2026-08-17T18:48:05Z,2026-08-17T18:48:05Z,
43.248.108.68,ipv4,malicious-ip,medium,WHITE,ziyadnz/hourly-ipv4,ziyadnz|hourly,2026-08-17T18:48:05Z,2026-08-17T18:48:05Z,
43.248.108.69,ipv4,malicious-ip,medium,WHITE,ziyadnz/hourly-ipv4,ziyadnz|hourly,2026-08-17T18:48:05Z,2026-08-17T18:48:05Z,
43.248.108.74,ipv4,malicious-ip,medium,WHITE,ziyadnz/hourly-ipv4,ziyadnz|hourly,2026-08-17T18:48:05Z,2026-08-17T18:48:05Z,
43.248.108.80,ipv4,malicious-ip,medium,WHITE,ziyadnz/hourly-ipv4,ziyadnz|hourly,2026-08-17T18:48:05Z,2026-08-17T18:48:05Z,
43.248.108.83,ipv4,malicious-ip,medium,WHITE,ziyadnz/hourly-ipv4,ziyadnz|hourly,2026-08-17T18:48:05Z,2026-08-17T18:48:05Z,
43.248.108.89,ipv4,malicious-ip,medium,WHITE,ziyadnz/hourly-ipv4,ziyadnz|hourly,2026-08-17T18:48:05Z,2026-08-17T18:48:05Z,
43.248.133.27,ipv4,malicious-ip,medium,WHITE,ziyadnz/hourly-ipv4,ziyadnz|hourly,2026-08-17T18:48:05Z,2026-08-17T18:48:05Z,
43.248.136.110,ipv4,malicious-ip,medium,WHITE,ziyadnz/hourly-ipv4,ziyadnz|hourly,2026-08-17T18:48:05Z,2026-08-17T18:48:05Z,
43.248.136.125,ipv4,malicious-ip,medium,WHITE,ziyadnz/hourly-ipv4,ziyadnz|hourly,2026-08-17T18:48:05Z,2026-08-17T18:48:05Z,
43.248.136.215,ipv4,malicious-ip,medium,WHITE,ziyadnz/hourly-ipv4,ziyadnz|hourly,2026-08-17T18:48:05Z,2026-08-17T18:48:05Z,
43.248.136.241,ipv4,malicious-ip,medium,WHITE,ziyadnz/hourly-ipv4,ziyadnz|hourly,2026-08-17T18:48:05Z,2026-08-17T18:48:05Z,
43.248.142.237,ipv4,malicious-ip,medium,WHITE,ziyadnz/hourly-ipv4,ziyadnz|hourly,2026-08-17T18:48:05Z,2026-08-17T18:48:05Z,
43.248.15.89,ipv4,malicious-ip,medium,WHITE,ziyadnz/hourly-ipv4,ziyadnz|hourly,2026-08-17T18:48:05Z,2026-08-17T18:48:05Z,
43.248.153.144,ipv4,malicious-ip,medium,WHITE,ziyadnz/hourly-ipv4,ziyadnz|hourly,2026-08-17T18:48:05Z,2026-08-17T18:48:05Z,
43.248.172.13,ipv4,malicious-ip,medium,WHITE,ziyadnz/hourly-ipv4,ziyadnz|hourly,2026-08-17T18:48:05Z,2026-08-17T18:48:05Z,
43.248.184.188,ipv4,malicious-ip,medium,WHITE,ziyadnz/hourly-ipv4,ziyadnz|hourly,2026-08-17T18:48:05Z,2026-08-17T18:48:05Z,
43.248.188.139,ipv4,malicious-ip,medium,WHITE,ziyadnz/hourly-ipv4,ziyadnz|hourly,2026-08-17T18:48:05Z,2026-08-17T18:48:05Z,
43.248.213.232,ipv4,malicious-ip,medium,WHITE,ziyadnz/hourly-ipv4,ziyadnz|hourly,2026-08-17T18:48:05Z,2026-08-17T18:48:05Z,
43.248.59.192,ipv4,malicious-ip,medium,WHITE,ziyadnz/hourly-ipv4,ziyadnz|hourly,2026-08-17T18:48:05Z,2026-08-17T18:48:05Z,
43.248.59.195,ipv4,malicious-ip,medium,WHITE,ziyadnz/hourly-ipv4,ziyadnz|hourly,2026-08-17T18:48:05Z,2026-08-17T18:48:05Z,
43.248.69.7,ipv4,malicious-ip,medium,WHITE,ziyadnz/hourly-ipv4,ziyadnz|hourly,2026-08-17T18:48:05Z,2026-08-17T18:48:05Z,
43.248.8.108,ipv4,malicious-ip,medium,WHITE,ziyadnz/hourly-ipv4,ziyadnz|hourly,2026-08-17T18:48:05Z,2026-08-17T18:48:05Z,
43.249.225.91,ipv4,malicious-ip,medium,WHITE,ziyadnz/hourly-ipv4,ziyadnz|hourly,2026-08-17T18:48:05Z,2026-08-17T18:48:05Z,
43.249.9.245,ipv4,malicious-ip,medium,WHITE,ziyadnz/hourly-ipv4,ziyadnz|hourly,2026-08-17T18:48:05Z,2026-08-17T18:48:05Z,
43.250.158.90,ipv4,malicious-ip,medium,WHITE,ziyadnz/hourly-ipv4,ziyadnz|hourly,2026-08-17T18:48:05Z,2026-08-17T18:48:05Z,
43.250.165.131,ipv4,malicious-ip,medium,WHITE,ziyadnz/hourly-ipv4,ziyadnz|hourly,2026-08-17T18:48:05Z,2026-08-17T18:48:05Z,
43.250.173.180,ipv4,malicious-ip,medium,WHITE,ziyadnz/hourly-ipv4,ziyadnz|hourly,2026-08-17T18:48:05Z,2026-08-17T18:48:05Z,
43.250.174.250,ipv4,malicious-ip,medium,WHITE,ziyadnz/hourly-ipv4,ziyadnz|hourly,2026-08-17T18:48:05Z,2026-08-17T18:48:05Z,
43.250.252.140,ipv4,malicious-ip,medium,WHITE,ziyadnz/hourly-ipv4,ziyadnz|hourly,2026-08-17T18:48:05Z,2026-08-17T18:48:05Z,
43.250.252.245,ipv4,malicious-ip,medium,WHITE,ziyadnz/hourly-ipv4,ziyadnz|hourly,2026-08-17T18:48:05Z,2026-08-17T18:48:05Z,
43.250.252.46,ipv4,malicious-ip,medium,WHITE,ziyadnz/hourly-ipv4,ziyadnz|hourly,2026-08-17T18:48:05Z,2026-08-17T18:48:05Z,
43.250.253.3,ipv4,malicious-ip,medium,WHITE,ziyadnz/hourly-ipv4,ziyadnz|hourly,2026-08-17T18:48:05Z,2026-08-17T18:48:05Z,
43.251.17.236,ipv4,malicious-ip,medium,WHITE,ziyadnz/hourly-ipv4,ziyadnz|hourly,2026-08-17T18:48:05Z,2026-08-17T18:48:05Z,
43.251.252.179,ipv4,malicious-ip,medium,WHITE,ziyadnz/hourly-ipv4,ziyadnz|hourly,2026-08-17T18:48:05Z,2026-08-17T18:48:05Z,
43.252.10.166,ipv4,malicious-ip,medium,WHITE,ziyadnz/hourly-ipv4,ziyadnz|hourly,2026-08-17T18:48:05Z,2026-08-17T18:48:05Z,
43.252.159.79,ipv4,malicious-ip,medium,WHITE,ziyadnz/hourly-ipv4,ziyadnz|hourly,2026-08-17T18:48:05Z,2026-08-17T18:48:05Z,
43.252.230.112,ipv4,malicious-ip,medium,WHITE,ziyadnz/hourly-ipv4,ziyadnz|hourly,2026-08-17T18:48:05Z,2026-08-17T18:48:05Z,
43.252.230.23,ipv4,malicious-ip,medium,WHITE,ziyadnz/hourly-ipv4,ziyadnz|hourly,2026-08-17T18:48:05Z,2026-08-17T18:48:05Z,
43.252.231.213,ipv4,malicious-ip,medium,WHITE,ziyadnz/hourly-ipv4,ziyadnz|hourly,2026-08-17T18:48:05Z,2026-08-17T18:48:05Z,
43.252.236.237,ipv4,malicious-ip,medium,WHITE,ziyadnz/hourly-ipv4,ziyadnz|hourly,2026-08-17T18:48:05Z,2026-08-17T18:48:05Z,
43.252.9.194,ipv4,malicious-ip,medium,WHITE,ziyadnz/hourly-ipv4,ziyadnz|hourly,2026-08-17T18:48:05Z,2026-08-17T18:48:05Z,
43.252.9.54,ipv4,malicious-ip,medium,WHITE,ziyadnz/hourly-ipv4,ziyadnz|hourly,2026-08-17T18:48:05Z,2026-08-17T18:48:05Z,
43.254.132.118,ipv4,malicious-ip,medium,WHITE,ziyadnz/hourly-ipv4,ziyadnz|hourly,2026-08-17T18:48:05Z,2026-08-17T18:48:05Z,
43.254.132.217,ipv4,malicious-ip,medium,WHITE,ziyadnz/hourly-ipv4,ziyadnz|hourly,2026-08-17T18:48:05Z,2026-08-17T18:48:05Z,
43.254.132.242,ipv4,malicious-ip,medium,WHITE,ziyadnz/hourly-ipv4,ziyadnz|hourly,2026-08-17T18:48:05Z,2026-08-17T18:48:05Z,
43.254.216.195,ipv4,malicious-ip,medium,WHITE,ziyadnz/hourly-ipv4,ziyadnz|hourly,2026-08-17T18:48:05Z,2026-08-17T18:48:05Z,
43.254.217.138,ipv4,malicious-ip,medium,WHITE,ziyadnz/hourly-ipv4,ziyadnz|hourly,2026-08-17T18:48:05Z,2026-08-17T18:48:05Z,
43.254.218.128,ipv4,malicious-ip,medium,WHITE,ziyadnz/hourly-ipv4,ziyadnz|hourly,2026-08-17T18:48:05Z,2026-08-17T18:48:05Z,
43.254.218.69,ipv4,malicious-ip,medium,WHITE,ziyadnz/hourly-ipv4,ziyadnz|hourly,2026-08-17T18:48:05Z,2026-08-17T18:48:05Z,
43.254.31.198,ipv4,malicious-ip,medium,WHITE,ziyadnz/hourly-ipv4,ziyadnz|hourly,2026-08-17T18:48:05Z,2026-08-17T18:48:05Z,
43.255.118.11,ipv4,malicious-ip,medium,WHITE,ziyadnz/hourly-ipv4,ziyadnz|hourly,2026-08-17T18:48:05Z,2026-08-17T18:48:05Z,
43.255.165.22,ipv4,malicious-ip,medium,WHITE,ziyadnz/hourly-ipv4,ziyadnz|hourly,2026-08-17T18:48:05Z,2026-08-17T18:48:05Z,
43.98.167.246,ipv4,malicious-ip,medium,WHITE,ziyadnz/hourly-ipv4,ziyadnz|hourly,2026-08-17T18:48:05Z,2026-08-17T18:48:05Z,
43.98.169.139,ipv4,malicious-ip,medium,WHITE,ziyadnz/hourly-ipv4,ziyadnz|hourly,2026-08-17T18:48:05Z,2026-08-17T18:48:05Z,
43.98.171.38,ipv4,malicious-ip,medium,WHITE,ziyadnz/hourly-ipv4,ziyadnz|hourly,2026-08-17T18:48:05Z,2026-08-17T18:48:05Z,
43.98.172.126,ipv4,malicious-ip,medium,WHITE,ziyadnz/hourly-ipv4,ziyadnz|hourly,2026-08-17T18:48:05Z,2026-08-17T18:48:05Z,
43.98.182.15,ipv4,malicious-ip,medium,WHITE,ziyadnz/hourly-ipv4,ziyadnz|hourly,2026-08-17T18:48:05Z,2026-08-17T18:48:05Z,
43.98.188.109,ipv4,malicious-ip,medium,WHITE,ziyadnz/hourly-ipv4,ziyadnz|hourly,2026-08-17T18:48:05Z,2026-08-17T18:48:05Z,
43.98.191.185,ipv4,malicious-ip,medium,WHITE,ziyadnz/hourly-ipv4,ziyadnz|hourly,2026-08-17T18:48:05Z,2026-08-17T18:48:05Z,
43.98.192.236,ipv4,malicious-ip,medium,WHITE,ziyadnz/hourly-ipv4,ziyadnz|hourly,2026-08-17T18:48:05Z,2026-08-17T18:48:05Z,
43.98.197.11,ipv4,malicious-ip,medium,WHITE,ziyadnz/hourly-ipv4,ziyadnz|hourly,2026-08-17T18:48:05Z,2026-08-17T18:48:05Z,
43.98.197.51,ipv4,malicious-ip,medium,WHITE,ziyadnz/hourly-ipv4,ziyadnz|hourly,2026-08-17T18:48:05Z,2026-08-17T18:48:05Z,
43.98.199.60,ipv4,malicious-ip,medium,WHITE,ziyadnz/hourly-ipv4,ziyadnz|hourly,2026-08-17T18:48:05Z,2026-08-17T18:48:05Z,
43.98.200.101,ipv4,malicious-ip,medium,WHITE,ziyadnz/hourly-ipv4,ziyadnz|hourly,2026-08-17T18:48:05Z,2026-08-17T18:48:05Z,
43.98.201.169,ipv4,malicious-ip,medium,WHITE,ziyadnz/hourly-ipv4,ziyadnz|hourly,2026-08-17T18:48:05Z,2026-08-17T18:48:05Z,
43.98.201.57,ipv4,malicious-ip,medium,WHITE,ziyadnz/hourly-ipv4,ziyadnz|hourly,2026-08-17T18:48:05Z,2026-08-17T18:48:05Z,
43.98.201.58,ipv4,malicious-ip,medium,WHITE,ziyadnz/hourly-ipv4,ziyadnz|hourly,2026-08-17T18:48:05Z,2026-08-17T18:48:05Z,
43.98.203.146,ipv4,malicious-ip,medium,WHITE,ziyadnz/hourly-ipv4,ziyadnz|hourly,2026-08-17T18:48:05Z,2026-08-17T18:48:05Z,
43.98.206.214,ipv4,malicious-ip,medium,WHITE,ziyadnz/hourly-ipv4,ziyadnz|hourly,2026-08-17T18:48:05Z,2026-08-17T18:48:05Z,
43.98.207.99,ipv4,malicious-ip,medium,WHITE,ziyadnz/hourly-ipv4,ziyadnz|hourly,2026-08-17T18:48:05Z,2026-08-17T18:48:05Z,
43.98.248.70,ipv4,malicious-ip,medium,WHITE,ziyadnz/hourly-ipv4,ziyadnz|hourly,2026-08-17T18:48:05Z,2026-08-17T18:48:05Z,
43.99.48.196,ipv4,malicious-ip,medium,WHITE,ziyadnz/hourly-ipv4,ziyadnz|hourly,2026-08-17T18:48:05Z,2026-08-17T18:48:05Z,
43.99.66.254,ipv4,malicious-ip,medium,WHITE,ziyadnz/hourly-ipv4,ziyadnz|hourly,2026-08-17T18:48:05Z,2026-08-17T18:48:05Z,
43.99.67.188,ipv4,malicious-ip,medium,WHITE,ziyadnz/hourly-ipv4,ziyadnz|hourly,2026-08-17T18:48:05Z,2026-08-17T18:48:05Z,
43.99.90.138,ipv4,malicious-ip,medium,WHITE,ziyadnz/hourly-ipv4,ziyadnz|hourly,2026-08-17T18:48:05Z,2026-08-17T18:48:05Z,
44.193.115.232,ipv4,malicious-ip,medium,WHITE,ziyadnz/hourly-ipv4,ziyadnz|hourly,2026-08-17T18:48:05Z,2026-08-17T18:48:05Z,
44.194.139.149,ipv4,malicious-ip,medium,WHITE,ziyadnz/hourly-ipv4,ziyadnz|hourly,2026-08-17T18:48:05Z,2026-08-17T18:48:05Z,
44.195.145.102,ipv4,malicious-ip,medium,WHITE,ziyadnz/hourly-ipv4,ziyadnz|hourly,2026-08-17T18:48:05Z,2026-08-17T18:48:05Z,
44.195.79.166,ipv4,malicious-ip,medium,WHITE,ziyadnz/hourly-ipv4,ziyadnz|hourly,2026-08-17T18:48:05Z,2026-08-17T18:48:05Z,
44.196.118.6,ipv4,malicious-ip,medium,WHITE,ziyadnz/hourly-ipv4,ziyadnz|hourly,2026-08-17T18:48:05Z,2026-08-17T18:48:05Z,
44.197.76.210,ipv4,malicious-ip,medium,WHITE,ziyadnz/hourly-ipv4,ziyadnz|hourly,2026-08-17T18:48:05Z,2026-08-17T18:48:05Z,
44.201.107.251,ipv4,malicious-ip,medium,WHITE,ziyadnz/hourly-ipv4,ziyadnz|hourly,2026-08-17T18:48:05Z,2026-08-17T18:48:05Z,
44.201.116.222,ipv4,malicious-ip,medium,WHITE,ziyadnz/hourly-ipv4,ziyadnz|hourly,2026-08-17T18:48:05Z,2026-08-17T18:48:05Z,
44.201.127.28,ipv4,malicious-ip,medium,WHITE,ziyadnz/hourly-ipv4,ziyadnz|hourly,2026-08-17T18:48:05Z,2026-08-17T18:48:05Z,
44.201.163.116,ipv4,malicious-ip,medium,WHITE,ziyadnz/hourly-ipv4,ziyadnz|hourly,2026-08-17T18:48:05Z,2026-08-17T18:48:05Z,
44.201.218.27,ipv4,malicious-ip,medium,WHITE,ziyadnz/hourly-ipv4,ziyadnz|hourly,2026-08-17T18:48:05Z,2026-08-17T18:48:05Z,
44.201.252.11,ipv4,malicious-ip,medium,WHITE,ziyadnz/hourly-ipv4,ziyadnz|hourly,2026-08-17T18:48:05Z,2026-08-17T18:48:05Z,
44.201.87.69,ipv4,malicious-ip,medium,WHITE,ziyadnz/hourly-ipv4,ziyadnz|hourly,2026-08-17T18:48:05Z,2026-08-17T18:48:05Z,
44.202.18.236,ipv4,malicious-ip,medium,WHITE,ziyadnz/hourly-ipv4,ziyadnz|hourly,2026-08-17T18:48:05Z,2026-08-17T18:48:05Z,
44.202.7.21,ipv4,malicious-ip,medium,WHITE,ziyadnz/hourly-ipv4,ziyadnz|hourly,2026-08-17T18:48:05Z,2026-08-17T18:48:05Z,
44.203.114.235,ipv4,malicious-ip,medium,WHITE,ziyadnz/hourly-ipv4,ziyadnz|hourly,2026-08-17T18:48:05Z,2026-08-17T18:48:05Z,
44.203.125.226,ipv4,malicious-ip,medium,WHITE,ziyadnz/hourly-ipv4,ziyadnz|hourly,2026-08-17T18:48:05Z,2026-08-17T18:48:05Z,
44.203.139.246,ipv4,malicious-ip,medium,WHITE,ziyadnz/hourly-ipv4,ziyadnz|hourly,2026-08-17T18:48:05Z,2026-08-17T18:48:05Z,
44.203.143.87,ipv4,malicious-ip,medium,WHITE,ziyadnz/hourly-ipv4,ziyadnz|hourly,2026-08-17T18:48:05Z,2026-08-17T18:48:05Z,
44.204.28.166,ipv4,malicious-ip,medium,WHITE,ziyadnz/hourly-ipv4,ziyadnz|hourly,2026-08-17T18:48:05Z,2026-08-17T18:48:05Z,
44.204.37.191,ipv4,malicious-ip,medium,WHITE,ziyadnz/hourly-ipv4,ziyadnz|hourly,2026-08-17T18:48:05Z,2026-08-17T18:48:05Z,
44.204.80.36,ipv4,malicious-ip,medium,WHITE,ziyadnz/hourly-ipv4,ziyadnz|hourly,2026-08-17T18:48:05Z,2026-08-17T18:48:05Z,
44.205.120.22,ipv4,malicious-ip,medium,WHITE,ziyadnz/hourly-ipv4,ziyadnz|hourly,2026-08-17T18:48:05Z,2026-08-17T18:48:05Z,
44.205.74.196,ipv4,malicious-ip,medium,WHITE,ziyadnz/hourly-ipv4,ziyadnz|hourly,2026-08-17T18:48:05Z,2026-08-17T18:48:05Z,
44.206.237.89,ipv4,malicious-ip,medium,WHITE,ziyadnz/hourly-ipv4,ziyadnz|hourly,2026-08-17T18:48:05Z,2026-08-17T18:48:05Z,
44.206.65.8,ipv4,malicious-ip,medium,WHITE,ziyadnz/hourly-ipv4,ziyadnz|hourly,2026-08-17T18:48:05Z,2026-08-17T18:48:05Z,
44.206.93.215,ipv4,malicious-ip,medium,WHITE,ziyadnz/hourly-ipv4,ziyadnz|hourly,2026-08-17T18:48:05Z,2026-08-17T18:48:05Z,
44.207.207.36,ipv4,malicious-ip,medium,WHITE,ziyadnz/hourly-ipv4,ziyadnz|hourly,2026-08-17T18:48:05Z,2026-08-17T18:48:05Z,
44.207.95.59,ipv4,malicious-ip,medium,WHITE,ziyadnz/hourly-ipv4,ziyadnz|hourly,2026-08-17T18:48:05Z,2026-08-17T18:48:05Z,
44.208.193.63,ipv4,malicious-ip,medium,WHITE,ziyadnz/hourly-ipv4,ziyadnz|hourly,2026-08-17T18:48:05Z,2026-08-17T18:48:05Z,
44.208.223.68,ipv4,malicious-ip,medium,WHITE,ziyadnz/hourly-ipv4,ziyadnz|hourly,2026-08-17T18:48:05Z,2026-08-17T18:48:05Z,
44.208.26.105,ipv4,malicious-ip,medium,WHITE,ziyadnz/hourly-ipv4,ziyadnz|hourly,2026-08-17T18:48:05Z,2026-08-17T18:48:05Z,
44.209.210.89,ipv4,malicious-ip,medium,WHITE,ziyadnz/hourly-ipv4,ziyadnz|hourly,2026-08-17T18:48:05Z,2026-08-17T18:48:05Z,
44.210.204.255,ipv4,malicious-ip,medium,WHITE,ziyadnz/hourly-ipv4,ziyadnz|hourly,2026-08-17T18:48:05Z,2026-08-17T18:48:05Z,
44.210.213.220,ipv4,malicious-ip,medium,WHITE,ziyadnz/hourly-ipv4,ziyadnz|hourly,2026-08-17T18:48:05Z,2026-08-17T18:48:05Z,
44.211.148.114,ipv4,malicious-ip,medium,WHITE,ziyadnz/hourly-ipv4,ziyadnz|hourly,2026-08-17T18:48:05Z,2026-08-17T18:48:05Z,
44.211.62.153,ipv4,malicious-ip,medium,WHITE,ziyadnz/hourly-ipv4,ziyadnz|hourly,2026-08-17T18:48:05Z,2026-08-17T18:48:05Z,
44.212.106.171,ipv4,malicious-ip,medium,WHITE,ziyadnz/hourly-ipv4,ziyadnz|hourly,2026-08-17T18:48:05Z,2026-08-17T18:48:05Z,
44.212.145.46,ipv4,malicious-ip,medium,WHITE,ziyadnz/hourly-ipv4,ziyadnz|hourly,2026-08-17T18:48:05Z,2026-08-17T18:48:05Z,
44.212.74.78,ipv4,malicious-ip,medium,WHITE,ziyadnz/hourly-ipv4,ziyadnz|hourly,2026-08-17T18:48:05Z,2026-08-17T18:48:05Z,
44.212.9.14,ipv4,malicious-ip,medium,WHITE,ziyadnz/hourly-ipv4,ziyadnz|hourly,2026-08-17T18:48:05Z,2026-08-17T18:48:05Z,
44.214.19.8,ipv4,malicious-ip,medium,WHITE,ziyadnz/hourly-ipv4,ziyadnz|hourly,2026-08-17T18:48:05Z,2026-08-17T18:48:05Z,
44.215.108.109,ipv4,malicious-ip,medium,WHITE,ziyadnz/hourly-ipv4,ziyadnz|hourly,2026-08-17T18:48:05Z,2026-08-17T18:48:05Z,
44.215.219.236,ipv4,malicious-ip,medium,WHITE,ziyadnz/hourly-ipv4,ziyadnz|hourly,2026-08-17T18:48:05Z,2026-08-17T18:48:05Z,
44.215.235.20,ipv4,malicious-ip,medium,WHITE,ziyadnz/hourly-ipv4,ziyadnz|hourly,2026-08-17T18:48:05Z,2026-08-17T18:48:05Z,
44.215.61.66,ipv4,malicious-ip,medium,WHITE,ziyadnz/hourly-ipv4,ziyadnz|hourly,2026-08-17T18:48:05Z,2026-08-17T18:48:05Z,
44.216.172.204,ipv4,malicious-ip,medium,WHITE,ziyadnz/hourly-ipv4,ziyadnz|hourly,2026-08-17T18:48:05Z,2026-08-17T18:48:05Z,
44.217.177.142,ipv4,malicious-ip,medium,WHITE,ziyadnz/hourly-ipv4,ziyadnz|hourly,2026-08-17T18:48:05Z,2026-08-17T18:48:05Z,
44.218.170.184,ipv4,malicious-ip,medium,WHITE,ziyadnz/hourly-ipv4,ziyadnz|hourly,2026-08-17T18:48:05Z,2026-08-17T18:48:05Z,
44.220.145.170,ipv4,malicious-ip,medium,WHITE,ziyadnz/hourly-ipv4,ziyadnz|hourly,2026-08-17T18:48:05Z,2026-08-17T18:48:05Z,
44.220.177.175,ipv4,malicious-ip,medium,WHITE,ziyadnz/hourly-ipv4,ziyadnz|hourly,2026-08-17T18:48:05Z,2026-08-17T18:48:05Z,
44.220.185.0,ipv4,malicious-ip,medium,WHITE,ziyadnz/hourly-ipv4,ziyadnz|hourly,2026-08-17T18:48:05Z,2026-08-17T18:48:05Z,
44.220.185.101,ipv4,malicious-ip,medium,WHITE,ziyadnz/hourly-ipv4,ziyadnz|hourly,2026-08-17T18:48:05Z,2026-08-17T18:48:05Z,
44.220.185.115,ipv4,malicious-ip,medium,WHITE,ziyadnz/hourly-ipv4,ziyadnz|hourly,2026-08-17T18:48:05Z,2026-08-17T18:48:05Z,
44.220.185.134,ipv4,malicious-ip,medium,WHITE,ziyadnz/hourly-ipv4,ziyadnz|hourly,2026-08-17T18:48:05Z,2026-08-17T18:48:05Z,
44.220.185.149,ipv4,malicious-ip,medium,WHITE,ziyadnz/hourly-ipv4,ziyadnz|hourly,2026-08-17T18:48:05Z,2026-08-17T18:48:05Z,
44.220.185.169,ipv4,malicious-ip,medium,WHITE,ziyadnz/hourly-ipv4,ziyadnz|hourly,2026-08-17T18:48:05Z,2026-08-17T18:48:05Z,
44.220.185.185,ipv4,malicious-ip,medium,WHITE,ziyadnz/hourly-ipv4,ziyadnz|hourly,2026-08-17T18:48:05Z,2026-08-17T18:48:05Z,
44.220.185.204,ipv4,malicious-ip,medium,WHITE,ziyadnz/hourly-ipv4,ziyadnz|hourly,2026-08-17T18:48:05Z,2026-08-17T18:48:05Z,
44.220.185.224,ipv4,malicious-ip,medium,WHITE,ziyadnz/hourly-ipv4,ziyadnz|hourly,2026-08-17T18:48:05Z,2026-08-17T18:48:05Z,
44.220.188.116,ipv4,malicious-ip,medium,WHITE,ziyadnz/hourly-ipv4,ziyadnz|hourly,2026-08-17T18:48:05Z,2026-08-17T18:48:05Z,
44.220.188.133,ipv4,malicious-ip,medium,WHITE,ziyadnz/hourly-ipv4,ziyadnz|hourly,2026-08-17T18:48:05Z,2026-08-17T18:48:05Z,
44.220.188.145,ipv4,malicious-ip,medium,WHITE,ziyadnz/hourly-ipv4,ziyadnz|hourly,2026-08-17T18:48:05Z,2026-08-17T18:48:05Z,
44.220.188.166,ipv4,malicious-ip,medium,WHITE,ziyadnz/hourly-ipv4,ziyadnz|hourly,2026-08-17T18:48:05Z,2026-08-17T18:48:05Z,
44.220.188.180,ipv4,malicious-ip,medium,WHITE,ziyadnz/hourly-ipv4,ziyadnz|hourly,2026-08-17T18:48:05Z,2026-08-17T18:48:05Z,
44.220.188.199,ipv4,malicious-ip,medium,WHITE,ziyadnz/hourly-ipv4,ziyadnz|hourly,2026-08-17T18:48:05Z,2026-08-17T18:48:05Z,
44.220.188.210,ipv4,malicious-ip,medium,WHITE,ziyadnz/hourly-ipv4,ziyadnz|hourly,2026-08-17T18:48:05Z,2026-08-17T18:48:05Z,
44.220.188.220,ipv4,malicious-ip,medium,WHITE,ziyadnz/hourly-ipv4,ziyadnz|hourly,2026-08-17T18:48:05Z,2026-08-17T18:48:05Z,
44.220.188.251,ipv4,malicious-ip,medium,WHITE,ziyadnz/hourly-ipv4,ziyadnz|hourly,2026-08-17T18:48:05Z,2026-08-17T18:48:05Z,
44.220.188.45,ipv4,malicious-ip,medium,WHITE,ziyadnz/hourly-ipv4,ziyadnz|hourly,2026-08-17T18:48:05Z,2026-08-17T18:48:05Z,
44.220.188.74,ipv4,malicious-ip,medium,WHITE,ziyadnz/hourly-ipv4,ziyadnz|hourly,2026-08-17T18:48:05Z,2026-08-17T18:48:05Z,
44.220.188.8,ipv4,malicious-ip,medium,WHITE,ziyadnz/hourly-ipv4,ziyadnz|hourly,2026-08-17T18:48:05Z,2026-08-17T18:48:05Z,
44.220.188.95,ipv4,malicious-ip,medium,WHITE,ziyadnz/hourly-ipv4,ziyadnz|hourly,2026-08-17T18:48:05Z,2026-08-17T18:48:05Z,
44.220.2.97,ipv4,malicious-ip,medium,WHITE,ziyadnz/hourly-ipv4,ziyadnz|hourly,2026-08-17T18:48:05Z,2026-08-17T18:48:05Z,
44.221.180.179,ipv4,malicious-ip,medium,WHITE,ziyadnz/hourly-ipv4,ziyadnz|hourly,2026-08-17T18:48:05Z,2026-08-17T18:48:05Z,
44.221.227.90,ipv4,malicious-ip,medium,WHITE,ziyadnz/hourly-ipv4,ziyadnz|hourly,2026-08-17T18:48:05Z,2026-08-17T18:48:05Z,
44.221.37.41,ipv4,malicious-ip,medium,WHITE,ziyadnz/hourly-ipv4,ziyadnz|hourly,2026-08-17T18:48:05Z,2026-08-17T18:48:05Z,
44.223.116.180,ipv4,malicious-ip,medium,WHITE,ziyadnz/hourly-ipv4,ziyadnz|hourly,2026-08-17T18:48:05Z,2026-08-17T18:48:05Z,
44.223.232.55,ipv4,malicious-ip,medium,WHITE,ziyadnz/hourly-ipv4,ziyadnz|hourly,2026-08-17T18:48:05Z,2026-08-17T18:48:05Z,
44.232.102.196,ipv4,malicious-ip,medium,WHITE,ziyadnz/hourly-ipv4,ziyadnz|hourly,2026-08-17T18:48:05Z,2026-08-17T18:48:05Z,
44.234.116.81,ipv4,malicious-ip,medium,WHITE,ziyadnz/hourly-ipv4,ziyadnz|hourly,2026-08-17T18:48:05Z,2026-08-17T18:48:05Z,
44.239.192.10,ipv4,malicious-ip,medium,WHITE,ziyadnz/hourly-ipv4,ziyadnz|hourly,2026-08-17T18:48:05Z,2026-08-17T18:48:05Z,
44.243.20.55,ipv4,malicious-ip,medium,WHITE,ziyadnz/hourly-ipv4,ziyadnz|hourly,2026-08-17T18:48:05Z,2026-08-17T18:48:05Z,
44.246.78.181,ipv4,malicious-ip,medium,WHITE,ziyadnz/hourly-ipv4,ziyadnz|hourly,2026-08-17T18:48:05Z,2026-08-17T18:48:05Z,
44.255.173.149,ipv4,malicious-ip,medium,WHITE,ziyadnz/hourly-ipv4,ziyadnz|hourly,2026-08-17T18:48:05Z,2026-08-17T18:48:05Z,
44.255.215.207,ipv4,malicious-ip,medium,WHITE,ziyadnz/hourly-ipv4,ziyadnz|hourly,2026-08-17T18:48:05Z,2026-08-17T18:48:05Z,
44.30.4.69,ipv4,malicious-ip,medium,WHITE,ziyadnz/hourly-ipv4,ziyadnz|hourly,2026-08-17T18:48:05Z,2026-08-17T18:48:05Z,
45.10.154.176,ipv4,malicious-ip,medium,WHITE,ziyadnz/hourly-ipv4,ziyadnz|hourly,2026-08-17T18:48:05Z,2026-08-17T18:48:05Z,
45.10.160.45,ipv4,malicious-ip,medium,WHITE,ziyadnz/hourly-ipv4,ziyadnz|hourly,2026-08-17T18:48:05Z,2026-08-17T18:48:05Z,
45.10.175.193,ipv4,malicious-ip,medium,WHITE,ziyadnz/hourly-ipv4,ziyadnz|hourly,2026-08-17T18:48:05Z,2026-08-17T18:48:05Z,
45.10.243.47,ipv4,malicious-ip,medium,WHITE,ziyadnz/hourly-ipv4,ziyadnz|hourly,2026-08-17T18:48:05Z,2026-08-17T18:48:05Z,
45.10.4.53,ipv4,malicious-ip,medium,WHITE,ziyadnz/hourly-ipv4,ziyadnz|hourly,2026-08-17T18:48:05Z,2026-08-17T18:48:05Z,
45.10.42.221,ipv4,malicious-ip,medium,WHITE,ziyadnz/hourly-ipv4,ziyadnz|hourly,2026-08-17T18:48:05Z,2026-08-17T18:48:05Z,
45.10.90.153,ipv4,malicious-ip,medium,WHITE,ziyadnz/hourly-ipv4,ziyadnz|hourly,2026-08-17T18:48:05Z,2026-08-17T18:48:05Z,
45.10.91.135,ipv4,malicious-ip,medium,WHITE,ziyadnz/hourly-ipv4,ziyadnz|hourly,2026-08-17T18:48:05Z,2026-08-17T18:48:05Z,
45.104.76.182,ipv4,malicious-ip,medium,WHITE,ziyadnz/hourly-ipv4,ziyadnz|hourly,2026-08-17T18:48:05Z,2026-08-17T18:48:05Z,
45.11.172.156,ipv4,malicious-ip,medium,WHITE,ziyadnz/hourly-ipv4,ziyadnz|hourly,2026-08-17T18:48:05Z,2026-08-17T18:48:05Z,
45.11.180.174,ipv4,malicious-ip,medium,WHITE,ziyadnz/hourly-ipv4,ziyadnz|hourly,2026-08-17T18:48:05Z,2026-08-17T18:48:05Z,
45.11.183.123,ipv4,malicious-ip,medium,WHITE,ziyadnz/hourly-ipv4,ziyadnz|hourly,2026-08-17T18:48:05Z,2026-08-17T18:48:05Z,
45.11.183.31,ipv4,malicious-ip,medium,WHITE,ziyadnz/hourly-ipv4,ziyadnz|hourly,2026-08-17T18:48:05Z,2026-08-17T18:48:05Z,
45.11.200.44,ipv4,malicious-ip,medium,WHITE,ziyadnz/hourly-ipv4,ziyadnz|hourly,2026-08-17T18:48:05Z,2026-08-17T18:48:05Z,
45.11.229.11,ipv4,malicious-ip,medium,WHITE,ziyadnz/hourly-ipv4,ziyadnz|hourly,2026-08-17T18:48:05Z,2026-08-17T18:48:05Z,
45.11.26.186,ipv4,malicious-ip,medium,WHITE,ziyadnz/hourly-ipv4,ziyadnz|hourly,2026-08-17T18:48:05Z,2026-08-17T18:48:05Z,
45.11.89.19,ipv4,malicious-ip,medium,WHITE,ziyadnz/hourly-ipv4,ziyadnz|hourly,2026-08-17T18:48:05Z,2026-08-17T18:48:05Z,
45.11.92.176,ipv4,malicious-ip,medium,WHITE,ziyadnz/hourly-ipv4,ziyadnz|hourly,2026-08-17T18:48:05Z,2026-08-17T18:48:05Z,
45.112.149.170,ipv4,malicious-ip,medium,WHITE,ziyadnz/hourly-ipv4,ziyadnz|hourly,2026-08-17T18:48:05Z,2026-08-17T18:48:05Z,
45.112.194.249,ipv4,malicious-ip,medium,WHITE,ziyadnz/hourly-ipv4,ziyadnz|hourly,2026-08-17T18:48:05Z,2026-08-17T18:48:05Z,
45.112.194.82,ipv4,malicious-ip,medium,WHITE,ziyadnz/hourly-ipv4,ziyadnz|hourly,2026-08-17T18:48:05Z,2026-08-17T18:48:05Z,
45.112.71.106,ipv4,malicious-ip,medium,WHITE,ziyadnz/hourly-ipv4,ziyadnz|hourly,2026-08-17T18:48:05Z,2026-08-17T18:48:05Z,
45.113.202.135,ipv4,malicious-ip,medium,WHITE,ziyadnz/hourly-ipv4,ziyadnz|hourly,2026-08-17T18:48:05Z,2026-08-17T18:48:05Z,
45.113.226.106,ipv4,malicious-ip,medium,WHITE,ziyadnz/hourly-ipv4,ziyadnz|hourly,2026-08-17T18:48:05Z,2026-08-17T18:48:05Z,
45.113.226.242,ipv4,malicious-ip,medium,WHITE,ziyadnz/hourly-ipv4,ziyadnz|hourly,2026-08-17T18:48:05Z,2026-08-17T18:48:05Z,
45.113.251.5,ipv4,malicious-ip,medium,WHITE,ziyadnz/hourly-ipv4,ziyadnz|hourly,2026-08-17T18:48:05Z,2026-08-17T18:48:05Z,
45.114.124.44,ipv4,malicious-ip,medium,WHITE,ziyadnz/hourly-ipv4,ziyadnz|hourly,2026-08-17T18:48:05Z,2026-08-17T18:48:05Z,
45.114.125.136,ipv4,malicious-ip,medium,WHITE,ziyadnz/hourly-ipv4,ziyadnz|hourly,2026-08-17T18:48:05Z,2026-08-17T18:48:05Z,
45.114.192.137,ipv4,malicious-ip,medium,WHITE,ziyadnz/hourly-ipv4,ziyadnz|hourly,2026-08-17T18:48:05Z,2026-08-17T18:48:05Z,
45.114.63.133,ipv4,malicious-ip,medium,WHITE,ziyadnz/hourly-ipv4,ziyadnz|hourly,2026-08-17T18:48:05Z,2026-08-17T18:48:05Z,
45.114.84.126,ipv4,malicious-ip,medium,WHITE,ziyadnz/hourly-ipv4,ziyadnz|hourly,2026-08-17T18:48:05Z,2026-08-17T18:48:05Z,
45.115.107.203,ipv4,malicious-ip,medium,WHITE,ziyadnz/hourly-ipv4,ziyadnz|hourly,2026-08-17T18:48:05Z,2026-08-17T18:48:05Z,
45.115.217.53,ipv4,malicious-ip,medium,WHITE,ziyadnz/hourly-ipv4,ziyadnz|hourly,2026-08-17T18:48:05Z,2026-08-17T18:48:05Z,
45.115.224.32,ipv4,malicious-ip,medium,WHITE,ziyadnz/hourly-ipv4,ziyadnz|hourly,2026-08-17T18:48:05Z,2026-08-17T18:48:05Z,
45.115.224.67,ipv4,malicious-ip,medium,WHITE,ziyadnz/hourly-ipv4,ziyadnz|hourly,2026-08-17T18:48:05Z,2026-08-17T18:48:05Z,
45.115.253.34,ipv4,malicious-ip,medium,WHITE,ziyadnz/hourly-ipv4,ziyadnz|hourly,2026-08-17T18:48:05Z,2026-08-17T18:48:05Z,
45.115.55.12,ipv4,malicious-ip,medium,WHITE,ziyadnz/hourly-ipv4,ziyadnz|hourly,2026-08-17T18:48:05Z,2026-08-17T18:48:05Z,
45.115.85.146,ipv4,malicious-ip,medium,WHITE,ziyadnz/hourly-ipv4,ziyadnz|hourly,2026-08-17T18:48:05Z,2026-08-17T18:48:05Z,
45.115.85.93,ipv4,malicious-ip,medium,WHITE,ziyadnz/hourly-ipv4,ziyadnz|hourly,2026-08-17T18:48:05Z,2026-08-17T18:48:05Z,
45.115.89.118,ipv4,malicious-ip,medium,WHITE,ziyadnz/hourly-ipv4,ziyadnz|hourly,2026-08-17T18:48:05Z,2026-08-17T18:48:05Z,
45.116.114.15,ipv4,malicious-ip,medium,WHITE,ziyadnz/hourly-ipv4,ziyadnz|hourly,2026-08-17T18:48:05Z,2026-08-17T18:48:05Z,
45.116.35.149,ipv4,malicious-ip,medium,WHITE,ziyadnz/hourly-ipv4,ziyadnz|hourly,2026-08-17T18:48:05Z,2026-08-17T18:48:05Z,
45.116.76.138,ipv4,malicious-ip,medium,WHITE,ziyadnz/hourly-ipv4,ziyadnz|hourly,2026-08-17T18:48:05Z,2026-08-17T18:48:05Z,
45.117.179.232,ipv4,malicious-ip,medium,WHITE,ziyadnz/hourly-ipv4,ziyadnz|hourly,2026-08-17T18:48:05Z,2026-08-17T18:48:05Z,
45.117.180.12,ipv4,malicious-ip,medium,WHITE,ziyadnz/hourly-ipv4,ziyadnz|hourly,2026-08-17T18:48:05Z,2026-08-17T18:48:05Z,
45.117.61.180,ipv4,malicious-ip,medium,WHITE,ziyadnz/hourly-ipv4,ziyadnz|hourly,2026-08-17T18:48:05Z,2026-08-17T18:48:05Z,
45.117.61.181,ipv4,malicious-ip,medium,WHITE,ziyadnz/hourly-ipv4,ziyadnz|hourly,2026-08-17T18:48:05Z,2026-08-17T18:48:05Z,
45.118.106.52,ipv4,malicious-ip,medium,WHITE,ziyadnz/hourly-ipv4,ziyadnz|hourly,2026-08-17T18:48:05Z,2026-08-17T18:48:05Z,
45.118.115.99,ipv4,malicious-ip,medium,WHITE,ziyadnz/hourly-ipv4,ziyadnz|hourly,2026-08-17T18:48:05Z,2026-08-17T18:48:05Z,
45.118.133.150,ipv4,malicious-ip,medium,WHITE,ziyadnz/hourly-ipv4,ziyadnz|hourly,2026-08-17T18:48:05Z,2026-08-17T18:48:05Z,
45.118.135.203,ipv4,malicious-ip,medium,WHITE,ziyadnz/hourly-ipv4,ziyadnz|hourly,2026-08-17T18:48:05Z,2026-08-17T18:48:05Z,
45.118.136.33,ipv4,malicious-ip,medium,WHITE,ziyadnz/hourly-ipv4,ziyadnz|hourly,2026-08-17T18:48:05Z,2026-08-17T18:48:05Z,
45.118.144.36,ipv4,malicious-ip,medium,WHITE,ziyadnz/hourly-ipv4,ziyadnz|hourly,2026-08-17T18:48:05Z,2026-08-17T18:48:05Z,
45.118.159.87,ipv4,malicious-ip,medium,WHITE,ziyadnz/hourly-ipv4,ziyadnz|hourly,2026-08-17T18:48:05Z,2026-08-17T18:48:05Z,
45.118.164.88,ipv4,malicious-ip,medium,WHITE,ziyadnz/hourly-ipv4,ziyadnz|hourly,2026-08-17T18:48:05Z,2026-08-17T18:48:05Z,
45.118.32.4,ipv4,malicious-ip,medium,WHITE,ziyadnz/hourly-ipv4,ziyadnz|hourly,2026-08-17T18:48:05Z,2026-08-17T18:48:05Z,
45.118.34.0,ipv4,malicious-ip,medium,WHITE,ziyadnz/hourly-ipv4,ziyadnz|hourly,2026-08-17T18:48:05Z,2026-08-17T18:48:05Z,
45.118.34.196,ipv4,malicious-ip,medium,WHITE,ziyadnz/hourly-ipv4,ziyadnz|hourly,2026-08-17T18:48:05Z,2026-08-17T18:48:05Z,
45.118.34.201,ipv4,malicious-ip,medium,WHITE,ziyadnz/hourly-ipv4,ziyadnz|hourly,2026-08-17T18:48:05Z,2026-08-17T18:48:05Z,
45.118.34.220,ipv4,malicious-ip,medium,WHITE,ziyadnz/hourly-ipv4,ziyadnz|hourly,2026-08-17T18:48:05Z,2026-08-17T18:48:05Z,
45.118.34.227,ipv4,malicious-ip,medium,WHITE,ziyadnz/hourly-ipv4,ziyadnz|hourly,2026-08-17T18:48:05Z,2026-08-17T18:48:05Z,
45.118.34.26,ipv4,malicious-ip,medium,WHITE,ziyadnz/hourly-ipv4,ziyadnz|hourly,2026-08-17T18:48:05Z,2026-08-17T18:48:05Z,
45.118.34.40,ipv4,malicious-ip,medium,WHITE,ziyadnz/hourly-ipv4,ziyadnz|hourly,2026-08-17T18:48:05Z,2026-08-17T18:48:05Z,
45.118.34.45,ipv4,malicious-ip,medium,WHITE,ziyadnz/hourly-ipv4,ziyadnz|hourly,2026-08-17T18:48:05Z,2026-08-17T18:48:05Z,
45.118.34.58,ipv4,malicious-ip,medium,WHITE,ziyadnz/hourly-ipv4,ziyadnz|hourly,2026-08-17T18:48:05Z,2026-08-17T18:48:05Z,
45.118.35.3,ipv4,malicious-ip,medium,WHITE,ziyadnz/hourly-ipv4,ziyadnz|hourly,2026-08-17T18:48:05Z,2026-08-17T18:48:05Z,
45.118.35.40,ipv4,malicious-ip,medium,WHITE,ziyadnz/hourly-ipv4,ziyadnz|hourly,2026-08-17T18:48:05Z,2026-08-17T18:48:05Z,
45.119.212.106,ipv4,malicious-ip,medium,WHITE,ziyadnz/hourly-ipv4,ziyadnz|hourly,2026-08-17T18:48:05Z,2026-08-17T18:48:05Z,
45.119.55.66,ipv4,malicious-ip,medium,WHITE,ziyadnz/hourly-ipv4,ziyadnz|hourly,2026-08-17T18:48:05Z,2026-08-17T18:48:05Z,
45.119.84.196,ipv4,malicious-ip,medium,WHITE,ziyadnz/hourly-ipv4,ziyadnz|hourly,2026-08-17T18:48:05Z,2026-08-17T18:48:05Z,
45.12.114.156,ipv4,malicious-ip,medium,WHITE,ziyadnz/hourly-ipv4,ziyadnz|hourly,2026-08-17T18:48:05Z,2026-08-17T18:48:05Z,
45.12.114.54,ipv4,malicious-ip,medium,WHITE,ziyadnz/hourly-ipv4,ziyadnz|hourly,2026-08-17T18:48:05Z,2026-08-17T18:48:05Z,
45.12.130.27,ipv4,malicious-ip,medium,WHITE,ziyadnz/hourly-ipv4,ziyadnz|hourly,2026-08-17T18:48:05Z,2026-08-17T18:48:05Z,
45.12.2.158,ipv4,malicious-ip,medium,WHITE,ziyadnz/hourly-ipv4,ziyadnz|hourly,2026-08-17T18:48:05Z,2026-08-17T18:48:05Z,
45.12.236.9,ipv4,malicious-ip,medium,WHITE,ziyadnz/hourly-ipv4,ziyadnz|hourly,2026-08-17T18:48:05Z,2026-08-17T18:48:05Z,
45.12.24.102,ipv4,malicious-ip,medium,WHITE,ziyadnz/hourly-ipv4,ziyadnz|hourly,2026-08-17T18:48:05Z,2026-08-17T18:48:05Z,
45.12.24.14,ipv4,malicious-ip,medium,WHITE,ziyadnz/hourly-ipv4,ziyadnz|hourly,2026-08-17T18:48:05Z,2026-08-17T18:48:05Z,
45.12.25.89,ipv4,malicious-ip,medium,WHITE,ziyadnz/hourly-ipv4,ziyadnz|hourly,2026-08-17T18:48:05Z,2026-08-17T18:48:05Z,
45.12.253.107,ipv4,malicious-ip,medium,WHITE,ziyadnz/hourly-ipv4,ziyadnz|hourly,2026-08-17T18:48:05Z,2026-08-17T18:48:05Z,
45.12.254.237,ipv4,malicious-ip,medium,WHITE,ziyadnz/hourly-ipv4,ziyadnz|hourly,2026-08-17T18:48:05Z,2026-08-17T18:48:05Z,
45.12.26.10,ipv4,malicious-ip,medium,WHITE,ziyadnz/hourly-ipv4,ziyadnz|hourly,2026-08-17T18:48:05Z,2026-08-17T18:48:05Z,
45.12.28.218,ipv4,malicious-ip,medium,WHITE,ziyadnz/hourly-ipv4,ziyadnz|hourly,2026-08-17T18:48:05Z,2026-08-17T18:48:05Z,
45.12.3.80,ipv4,malicious-ip,medium,WHITE,ziyadnz/hourly-ipv4,ziyadnz|hourly,2026-08-17T18:48:05Z,2026-08-17T18:48:05Z,
45.12.54.97,ipv4,malicious-ip,medium,WHITE,ziyadnz/hourly-ipv4,ziyadnz|hourly,2026-08-17T18:48:05Z,2026-08-17T18:48:05Z,
45.12.88.171,ipv4,malicious-ip,medium,WHITE,ziyadnz/hourly-ipv4,ziyadnz|hourly,2026-08-17T18:48:05Z,2026-08-17T18:48:05Z,
45.120.115.150,ipv4,malicious-ip,medium,WHITE,ziyadnz/hourly-ipv4,ziyadnz|hourly,2026-08-17T18:48:05Z,2026-08-17T18:48:05Z,
45.120.126.66,ipv4,malicious-ip,medium,WHITE,ziyadnz/hourly-ipv4,ziyadnz|hourly,2026-08-17T18:48:05Z,2026-08-17T18:48:05Z,
45.120.177.178,ipv4,malicious-ip,medium,WHITE,ziyadnz/hourly-ipv4,ziyadnz|hourly,2026-08-17T18:48:05Z,2026-08-17T18:48:05Z,
45.120.177.220,ipv4,malicious-ip,medium,WHITE,ziyadnz/hourly-ipv4,ziyadnz|hourly,2026-08-17T18:48:05Z,2026-08-17T18:48:05Z,
45.120.177.8,ipv4,malicious-ip,medium,WHITE,ziyadnz/hourly-ipv4,ziyadnz|hourly,2026-08-17T18:48:05Z,2026-08-17T18:48:05Z,
45.120.59.2,ipv4,malicious-ip,medium,WHITE,ziyadnz/hourly-ipv4,ziyadnz|hourly,2026-08-17T18:48:05Z,2026-08-17T18:48:05Z,
45.120.97.216,ipv4,malicious-ip,medium,WHITE,ziyadnz/hourly-ipv4,ziyadnz|hourly,2026-08-17T18:48:05Z,2026-08-17T18:48:05Z,
45.120.97.217,ipv4,malicious-ip,medium,WHITE,ziyadnz/hourly-ipv4,ziyadnz|hourly,2026-08-17T18:48:05Z,2026-08-17T18:48:05Z,
45.120.97.219,ipv4,malicious-ip,medium,WHITE,ziyadnz/hourly-ipv4,ziyadnz|hourly,2026-08-17T18:48:05Z,2026-08-17T18:48:05Z,
45.121.24.222,ipv4,malicious-ip,medium,WHITE,ziyadnz/hourly-ipv4,ziyadnz|hourly,2026-08-17T18:48:05Z,2026-08-17T18:48:05Z,
45.121.88.153,ipv4,malicious-ip,medium,WHITE,ziyadnz/hourly-ipv4,ziyadnz|hourly,2026-08-17T18:48:05Z,2026-08-17T18:48:05Z,
45.123.188.180,ipv4,malicious-ip,medium,WHITE,ziyadnz/hourly-ipv4,ziyadnz|hourly,2026-08-17T18:48:05Z,2026-08-17T18:48:05Z,
45.123.217.22,ipv4,malicious-ip,medium,WHITE,ziyadnz/hourly-ipv4,ziyadnz|hourly,2026-08-17T18:48:05Z,2026-08-17T18:48:05Z,
45.123.220.211,ipv4,malicious-ip,medium,WHITE,ziyadnz/hourly-ipv4,ziyadnz|hourly,2026-08-17T18:48:05Z,2026-08-17T18:48:05Z,
45.124.13.41,ipv4,malicious-ip,medium,WHITE,ziyadnz/hourly-ipv4,ziyadnz|hourly,2026-08-17T18:48:05Z,2026-08-17T18:48:05Z,
45.124.14.69,ipv4,malicious-ip,medium,WHITE,ziyadnz/hourly-ipv4,ziyadnz|hourly,2026-08-17T18:48:05Z,2026-08-17T18:48:05Z,
45.124.14.71,ipv4,malicious-ip,medium,WHITE,ziyadnz/hourly-ipv4,ziyadnz|hourly,2026-08-17T18:48:05Z,2026-08-17T18:48:05Z,
45.124.169.54,ipv4,malicious-ip,medium,WHITE,ziyadnz/hourly-ipv4,ziyadnz|hourly,2026-08-17T18:48:05Z,2026-08-17T18:48:05Z,
45.125.15.100,ipv4,malicious-ip,medium,WHITE,ziyadnz/hourly-ipv4,ziyadnz|hourly,2026-08-17T18:48:05Z,2026-08-17T18:48:05Z,
45.125.15.104,ipv4,malicious-ip,medium,WHITE,ziyadnz/hourly-ipv4,ziyadnz|hourly,2026-08-17T18:48:05Z,2026-08-17T18:48:05Z,
45.125.15.111,ipv4,malicious-ip,medium,WHITE,ziyadnz/hourly-ipv4,ziyadnz|hourly,2026-08-17T18:48:05Z,2026-08-17T18:48:05Z,
45.125.15.114,ipv4,malicious-ip,medium,WHITE,ziyadnz/hourly-ipv4,ziyadnz|hourly,2026-08-17T18:48:05Z,2026-08-17T18:48:05Z,
45.125.15.115,ipv4,malicious-ip,medium,WHITE,ziyadnz/hourly-ipv4,ziyadnz|hourly,2026-08-17T18:48:05Z,2026-08-17T18:48:05Z,
45.125.194.18,ipv4,malicious-ip,medium,WHITE,ziyadnz/hourly-ipv4,ziyadnz|hourly,2026-08-17T18:48:05Z,2026-08-17T18:48:05Z,
45.125.194.34,ipv4,malicious-ip,medium,WHITE,ziyadnz/hourly-ipv4,ziyadnz|hourly,2026-08-17T18:48:05Z,2026-08-17T18:48:05Z,
45.125.216.54,ipv4,malicious-ip,medium,WHITE,ziyadnz/hourly-ipv4,ziyadnz|hourly,2026-08-17T18:48:05Z,2026-08-17T18:48:05Z,
45.125.34.126,ipv4,malicious-ip,medium,WHITE,ziyadnz/hourly-ipv4,ziyadnz|hourly,2026-08-17T18:48:05Z,2026-08-17T18:48:05Z,
45.125.35.225,ipv4,malicious-ip,medium,WHITE,ziyadnz/hourly-ipv4,ziyadnz|hourly,2026-08-17T18:48:05Z,2026-08-17T18:48:05Z,
45.125.35.226,ipv4,malicious-ip,medium,WHITE,ziyadnz/hourly-ipv4,ziyadnz|hourly,2026-08-17T18:48:05Z,2026-08-17T18:48:05Z,
45.125.35.227,ipv4,malicious-ip,medium,WHITE,ziyadnz/hourly-ipv4,ziyadnz|hourly,2026-08-17T18:48:05Z,2026-08-17T18:48:05Z,
45.125.35.229,ipv4,malicious-ip,medium,WHITE,ziyadnz/hourly-ipv4,ziyadnz|hourly,2026-08-17T18:48:05Z,2026-08-17T18:48:05Z,
45.125.35.230,ipv4,malicious-ip,medium,WHITE,ziyadnz/hourly-ipv4,ziyadnz|hourly,2026-08-17T18:48:05Z,2026-08-17T18:48:05Z,
45.125.35.231,ipv4,malicious-ip,medium,WHITE,ziyadnz/hourly-ipv4,ziyadnz|hourly,2026-08-17T18:48:05Z,2026-08-17T18:48:05Z,
45.125.35.233,ipv4,malicious-ip,medium,WHITE,ziyadnz/hourly-ipv4,ziyadnz|hourly,2026-08-17T18:48:05Z,2026-08-17T18:48:05Z,
45.125.35.234,ipv4,malicious-ip,medium,WHITE,ziyadnz/hourly-ipv4,ziyadnz|hourly,2026-08-17T18:48:05Z,2026-08-17T18:48:05Z,
45.125.35.235,ipv4,malicious-ip,medium,WHITE,ziyadnz/hourly-ipv4,ziyadnz|hourly,2026-08-17T18:48:05Z,2026-08-17T18:48:05Z,
45.125.35.236,ipv4,malicious-ip,medium,WHITE,ziyadnz/hourly-ipv4,ziyadnz|hourly,2026-08-17T18:48:05Z,2026-08-17T18:48:05Z,
45.125.5.27,ipv4,malicious-ip,medium,WHITE,ziyadnz/hourly-ipv4,ziyadnz|hourly,2026-08-17T18:48:05Z,2026-08-17T18:48:05Z,
45.125.64.195,ipv4,malicious-ip,medium,WHITE,ziyadnz/hourly-ipv4,ziyadnz|hourly,2026-08-17T18:48:05Z,2026-08-17T18:48:05Z,
45.125.66.129,ipv4,malicious-ip,medium,WHITE,ziyadnz/hourly-ipv4,ziyadnz|hourly,2026-08-17T18:48:05Z,2026-08-17T18:48:05Z,
45.125.66.89,ipv4,malicious-ip,medium,WHITE,ziyadnz/hourly-ipv4,ziyadnz|hourly,2026-08-17T18:48:05Z,2026-08-17T18:48:05Z,
45.125.66.90,ipv4,malicious-ip,medium,WHITE,ziyadnz/hourly-ipv4,ziyadnz|hourly,2026-08-17T18:48:05Z,2026-08-17T18:48:05Z,
45.125.67.144,ipv4,malicious-ip,medium,WHITE,ziyadnz/hourly-ipv4,ziyadnz|hourly,2026-08-17T18:48:05Z,2026-08-17T18:48:05Z,
45.125.67.172,ipv4,malicious-ip,medium,WHITE,ziyadnz/hourly-ipv4,ziyadnz|hourly,2026-08-17T18:48:05Z,2026-08-17T18:48:05Z,
45.125.67.226,ipv4,malicious-ip,medium,WHITE,ziyadnz/hourly-ipv4,ziyadnz|hourly,2026-08-17T18:48:05Z,2026-08-17T18:48:05Z,
45.126.125.72,ipv4,malicious-ip,medium,WHITE,ziyadnz/hourly-ipv4,ziyadnz|hourly,2026-08-17T18:48:05Z,2026-08-17T18:48:05Z,
45.126.211.167,ipv4,malicious-ip,medium,WHITE,ziyadnz/hourly-ipv4,ziyadnz|hourly,2026-08-17T18:48:05Z,2026-08-17T18:48:05Z,
45.126.252.146,ipv4,malicious-ip,medium,WHITE,ziyadnz/hourly-ipv4,ziyadnz|hourly,2026-08-17T18:48:05Z,2026-08-17T18:48:05Z,
45.126.43.37,ipv4,malicious-ip,medium,WHITE,ziyadnz/hourly-ipv4,ziyadnz|hourly,2026-08-17T18:48:05Z,2026-08-17T18:48:05Z,
45.127.102.193,ipv4,malicious-ip,medium,WHITE,ziyadnz/hourly-ipv4,ziyadnz|hourly,2026-08-17T18:48:05Z,2026-08-17T18:48:05Z,
45.127.121.242,ipv4,malicious-ip,medium,WHITE,ziyadnz/hourly-ipv4,ziyadnz|hourly,2026-08-17T18:48:05Z,2026-08-17T18:48:05Z,
45.127.122.2,ipv4,malicious-ip,medium,WHITE,ziyadnz/hourly-ipv4,ziyadnz|hourly,2026-08-17T18:48:05Z,2026-08-17T18:48:05Z,
45.127.246.113,ipv4,malicious-ip,medium,WHITE,ziyadnz/hourly-ipv4,ziyadnz|hourly,2026-08-17T18:48:05Z,2026-08-17T18:48:05Z,
45.127.58.70,ipv4,malicious-ip,medium,WHITE,ziyadnz/hourly-ipv4,ziyadnz|hourly,2026-08-17T18:48:05Z,2026-08-17T18:48:05Z,
45.128.133.202,ipv4,malicious-ip,medium,WHITE,ziyadnz/hourly-ipv4,ziyadnz|hourly,2026-08-17T18:48:05Z,2026-08-17T18:48:05Z,
45.128.133.242,ipv4,malicious-ip,medium,WHITE,ziyadnz/hourly-ipv4,ziyadnz|hourly,2026-08-17T18:48:05Z,2026-08-17T18:48:05Z,
45.128.199.244,ipv4,malicious-ip,medium,WHITE,ziyadnz/hourly-ipv4,ziyadnz|hourly,2026-08-17T18:48:05Z,2026-08-17T18:48:05Z,
45.128.232.130,ipv4,malicious-ip,medium,WHITE,ziyadnz/hourly-ipv4,ziyadnz|hourly,2026-08-17T18:48:05Z,2026-08-17T18:48:05Z,
45.128.232.143,ipv4,malicious-ip,medium,WHITE,ziyadnz/hourly-ipv4,ziyadnz|hourly,2026-08-17T18:48:05Z,2026-08-17T18:48:05Z,
45.128.232.15,ipv4,malicious-ip,medium,WHITE,ziyadnz/hourly-ipv4,ziyadnz|hourly,2026-08-17T18:48:05Z,2026-08-17T18:48:05Z,
45.128.232.200,ipv4,malicious-ip,medium,WHITE,ziyadnz/hourly-ipv4,ziyadnz|hourly,2026-08-17T18:48:05Z,2026-08-17T18:48:05Z,
45.128.232.235,ipv4,malicious-ip,medium,WHITE,ziyadnz/hourly-ipv4,ziyadnz|hourly,2026-08-17T18:48:05Z,2026-08-17T18:48:05Z,
45.128.96.121,ipv4,malicious-ip,medium,WHITE,ziyadnz/hourly-ipv4,ziyadnz|hourly,2026-08-17T18:48:05Z,2026-08-17T18:48:05Z,
45.128.96.170,ipv4,malicious-ip,medium,WHITE,ziyadnz/hourly-ipv4,ziyadnz|hourly,2026-08-17T18:48:05Z,2026-08-17T18:48:05Z,
45.128.96.21,ipv4,malicious-ip,medium,WHITE,ziyadnz/hourly-ipv4,ziyadnz|hourly,2026-08-17T18:48:05Z,2026-08-17T18:48:05Z,
45.128.99.35,ipv4,malicious-ip,medium,WHITE,ziyadnz/hourly-ipv4,ziyadnz|hourly,2026-08-17T18:48:05Z,2026-08-17T18:48:05Z,
45.129.0.125,ipv4,malicious-ip,medium,WHITE,ziyadnz/hourly-ipv4,ziyadnz|hourly,2026-08-17T18:48:05Z,2026-08-17T18:48:05Z,
45.129.137.232,ipv4,malicious-ip,medium,WHITE,ziyadnz/hourly-ipv4,ziyadnz|hourly,2026-08-17T18:48:05Z,2026-08-17T18:48:05Z,
45.129.137.233,ipv4,malicious-ip,medium,WHITE,ziyadnz/hourly-ipv4,ziyadnz|hourly,2026-08-17T18:48:05Z,2026-08-17T18:48:05Z,
45.129.185.7,ipv4,malicious-ip,medium,WHITE,ziyadnz/hourly-ipv4,ziyadnz|hourly,2026-08-17T18:48:05Z,2026-08-17T18:48:05Z,
45.129.199.200,ipv4,malicious-ip,medium,WHITE,ziyadnz/hourly-ipv4,ziyadnz|hourly,2026-08-17T18:48:05Z,2026-08-17T18:48:05Z,
45.129.199.222,ipv4,malicious-ip,medium,WHITE,ziyadnz/hourly-ipv4,ziyadnz|hourly,2026-08-17T18:48:05Z,2026-08-17T18:48:05Z,
45.129.230.38,ipv4,malicious-ip,medium,WHITE,ziyadnz/hourly-ipv4,ziyadnz|hourly,2026-08-17T18:48:05Z,2026-08-17T18:48:05Z,
45.129.242.233,ipv4,malicious-ip,medium,WHITE,ziyadnz/hourly-ipv4,ziyadnz|hourly,2026-08-17T18:48:05Z,2026-08-17T18:48:05Z,
45.129.242.47,ipv4,malicious-ip,medium,WHITE,ziyadnz/hourly-ipv4,ziyadnz|hourly,2026-08-17T18:48:05Z,2026-08-17T18:48:05Z,
45.129.39.62,ipv4,malicious-ip,medium,WHITE,ziyadnz/hourly-ipv4,ziyadnz|hourly,2026-08-17T18:48:05Z,2026-08-17T18:48:05Z,
45.129.86.176,ipv4,malicious-ip,medium,WHITE,ziyadnz/hourly-ipv4,ziyadnz|hourly,2026-08-17T18:48:05Z,2026-08-17T18:48:05Z,
45.13.119.116,ipv4,malicious-ip,medium,WHITE,ziyadnz/hourly-ipv4,ziyadnz|hourly,2026-08-17T18:48:05Z,2026-08-17T18:48:05Z,
45.13.186.11,ipv4,malicious-ip,medium,WHITE,ziyadnz/hourly-ipv4,ziyadnz|hourly,2026-08-17T18:48:05Z,2026-08-17T18:48:05Z,
45.13.186.163,ipv4,malicious-ip,medium,WHITE,ziyadnz/hourly-ipv4,ziyadnz|hourly,2026-08-17T18:48:05Z,2026-08-17T18:48:05Z,
45.13.186.198,ipv4,malicious-ip,medium,WHITE,ziyadnz/hourly-ipv4,ziyadnz|hourly,2026-08-17T18:48:05Z,2026-08-17T18:48:05Z,
45.13.186.42,ipv4,malicious-ip,medium,WHITE,ziyadnz/hourly-ipv4,ziyadnz|hourly,2026-08-17T18:48:05Z,2026-08-17T18:48:05Z,
45.13.199.209,ipv4,malicious-ip,medium,WHITE,ziyadnz/hourly-ipv4,ziyadnz|hourly,2026-08-17T18:48:05Z,2026-08-17T18:48:05Z,
45.13.212.232,ipv4,malicious-ip,medium,WHITE,ziyadnz/hourly-ipv4,ziyadnz|hourly,2026-08-17T18:48:05Z,2026-08-17T18:48:05Z,
45.13.212.248,ipv4,malicious-ip,medium,WHITE,ziyadnz/hourly-ipv4,ziyadnz|hourly,2026-08-17T18:48:05Z,2026-08-17T18:48:05Z,
45.13.212.250,ipv4,malicious-ip,medium,WHITE,ziyadnz/hourly-ipv4,ziyadnz|hourly,2026-08-17T18:48:05Z,2026-08-17T18:48:05Z,
45.13.212.251,ipv4,malicious-ip,medium,WHITE,ziyadnz/hourly-ipv4,ziyadnz|hourly,2026-08-17T18:48:05Z,2026-08-17T18:48:05Z,
45.13.212.7,ipv4,malicious-ip,medium,WHITE,ziyadnz/hourly-ipv4,ziyadnz|hourly,2026-08-17T18:48:05Z,2026-08-17T18:48:05Z,
45.13.225.69,ipv4,malicious-ip,medium,WHITE,ziyadnz/hourly-ipv4,ziyadnz|hourly,2026-08-17T18:48:05Z,2026-08-17T18:48:05Z,
45.13.225.78,ipv4,malicious-ip,medium,WHITE,ziyadnz/hourly-ipv4,ziyadnz|hourly,2026-08-17T18:48:05Z,2026-08-17T18:48:05Z,
45.13.227.97,ipv4,malicious-ip,medium,WHITE,ziyadnz/hourly-ipv4,ziyadnz|hourly,2026-08-17T18:48:05Z,2026-08-17T18:48:05Z,
45.13.69.218,ipv4,malicious-ip,medium,WHITE,ziyadnz/hourly-ipv4,ziyadnz|hourly,2026-08-17T18:48:05Z,2026-08-17T18:48:05Z,
45.130.127.106,ipv4,malicious-ip,medium,WHITE,ziyadnz/hourly-ipv4,ziyadnz|hourly,2026-08-17T18:48:05Z,2026-08-17T18:48:05Z,
45.130.148.198,ipv4,malicious-ip,medium,WHITE,ziyadnz/hourly-ipv4,ziyadnz|hourly,2026-08-17T18:48:05Z,2026-08-17T18:48:05Z,
45.130.200.112,ipv4,malicious-ip,medium,WHITE,ziyadnz/hourly-ipv4,ziyadnz|hourly,2026-08-17T18:48:05Z,2026-08-17T18:48:05Z,
45.130.214.237,ipv4,malicious-ip,medium,WHITE,ziyadnz/hourly-ipv4,ziyadnz|hourly,2026-08-17T18:48:05Z,2026-08-17T18:48:05Z,
45.130.22.219,ipv4,malicious-ip,medium,WHITE,ziyadnz/hourly-ipv4,ziyadnz|hourly,2026-08-17T18:48:05Z,2026-08-17T18:48:05Z,
45.130.41.89,ipv4,malicious-ip,medium,WHITE,ziyadnz/hourly-ipv4,ziyadnz|hourly,2026-08-17T18:48:05Z,2026-08-17T18:48:05Z,
45.130.83.0,ipv4,malicious-ip,medium,WHITE,ziyadnz/hourly-ipv4,ziyadnz|hourly,2026-08-17T18:48:05Z,2026-08-17T18:48:05Z,
45.130.83.103,ipv4,malicious-ip,medium,WHITE,ziyadnz/hourly-ipv4,ziyadnz|hourly,2026-08-17T18:48:05Z,2026-08-17T18:48:05Z,
45.130.83.109,ipv4,malicious-ip,medium,WHITE,ziyadnz/hourly-ipv4,ziyadnz|hourly,2026-08-17T18:48:05Z,2026-08-17T18:48:05Z,
45.130.83.115,ipv4,malicious-ip,medium,WHITE,ziyadnz/hourly-ipv4,ziyadnz|hourly,2026-08-17T18:48:05Z,2026-08-17T18:48:05Z,
45.130.83.116,ipv4,malicious-ip,medium,WHITE,ziyadnz/hourly-ipv4,ziyadnz|hourly,2026-08-17T18:48:05Z,2026-08-17T18:48:05Z,
45.130.83.60,ipv4,malicious-ip,medium,WHITE,ziyadnz/hourly-ipv4,ziyadnz|hourly,2026-08-17T18:48:05Z,2026-08-17T18:48:05Z,
45.130.83.68,ipv4,malicious-ip,medium,WHITE,ziyadnz/hourly-ipv4,ziyadnz|hourly,2026-08-17T18:48:05Z,2026-08-17T18:48:05Z,
45.130.83.75,ipv4,malicious-ip,medium,WHITE,ziyadnz/hourly-ipv4,ziyadnz|hourly,2026-08-17T18:48:05Z,2026-08-17T18:48:05Z,
45.130.83.90,ipv4,malicious-ip,medium,WHITE,ziyadnz/hourly-ipv4,ziyadnz|hourly,2026-08-17T18:48:05Z,2026-08-17T18:48:05Z,
45.130.83.93,ipv4,malicious-ip,medium,WHITE,ziyadnz/hourly-ipv4,ziyadnz|hourly,2026-08-17T18:48:05Z,2026-08-17T18:48:05Z,
45.130.83.99,ipv4,malicious-ip,medium,WHITE,ziyadnz/hourly-ipv4,ziyadnz|hourly,2026-08-17T18:48:05Z,2026-08-17T18:48:05Z,
45.131.108.107,ipv4,malicious-ip,medium,WHITE,ziyadnz/hourly-ipv4,ziyadnz|hourly,2026-08-17T18:48:05Z,2026-08-17T18:48:05Z,
45.131.109.76,ipv4,malicious-ip,medium,WHITE,ziyadnz/hourly-ipv4,ziyadnz|hourly,2026-08-17T18:48:05Z,2026-08-17T18:48:05Z,
45.131.111.142,ipv4,malicious-ip,medium,WHITE,ziyadnz/hourly-ipv4,ziyadnz|hourly,2026-08-17T18:48:05Z,2026-08-17T18:48:05Z,
45.131.111.37,ipv4,malicious-ip,medium,WHITE,ziyadnz/hourly-ipv4,ziyadnz|hourly,2026-08-17T18:48:05Z,2026-08-17T18:48:05Z,
45.131.179.24,ipv4,malicious-ip,medium,WHITE,ziyadnz/hourly-ipv4,ziyadnz|hourly,2026-08-17T18:48:05Z,2026-08-17T18:48:05Z,
45.131.194.164,ipv4,malicious-ip,medium,WHITE,ziyadnz/hourly-ipv4,ziyadnz|hourly,2026-08-17T18:48:05Z,2026-08-17T18:48:05Z,
45.131.194.173,ipv4,malicious-ip,medium,WHITE,ziyadnz/hourly-ipv4,ziyadnz|hourly,2026-08-17T18:48:05Z,2026-08-17T18:48:05Z,
45.131.194.179,ipv4,malicious-ip,medium,WHITE,ziyadnz/hourly-ipv4,ziyadnz|hourly,2026-08-17T18:48:05Z,2026-08-17T18:48:05Z,
45.131.194.183,ipv4,malicious-ip,medium,WHITE,ziyadnz/hourly-ipv4,ziyadnz|hourly,2026-08-17T18:48:05Z,2026-08-17T18:48:05Z,
45.131.194.186,ipv4,malicious-ip,medium,WHITE,ziyadnz/hourly-ipv4,ziyadnz|hourly,2026-08-17T18:48:05Z,2026-08-17T18:48:05Z,
45.131.195.0,ipv4,malicious-ip,medium,WHITE,ziyadnz/hourly-ipv4,ziyadnz|hourly,2026-08-17T18:48:05Z,2026-08-17T18:48:05Z,
45.131.195.107,ipv4,malicious-ip,medium,WHITE,ziyadnz/hourly-ipv4,ziyadnz|hourly,2026-08-17T18:48:05Z,2026-08-17T18:48:05Z,
45.131.195.113,ipv4,malicious-ip,medium,WHITE,ziyadnz/hourly-ipv4,ziyadnz|hourly,2026-08-17T18:48:05Z,2026-08-17T18:48:05Z,
45.131.195.117,ipv4,malicious-ip,medium,WHITE,ziyadnz/hourly-ipv4,ziyadnz|hourly,2026-08-17T18:48:05Z,2026-08-17T18:48:05Z,
45.131.195.118,ipv4,malicious-ip,medium,WHITE,ziyadnz/hourly-ipv4,ziyadnz|hourly,2026-08-17T18:48:05Z,2026-08-17T18:48:05Z,
45.131.195.122,ipv4,malicious-ip,medium,WHITE,ziyadnz/hourly-ipv4,ziyadnz|hourly,2026-08-17T18:48:05Z,2026-08-17T18:48:05Z,
45.131.195.127,ipv4,malicious-ip,medium,WHITE,ziyadnz/hourly-ipv4,ziyadnz|hourly,2026-08-17T18:48:05Z,2026-08-17T18:48:05Z,
45.131.195.13,ipv4,malicious-ip,medium,WHITE,ziyadnz/hourly-ipv4,ziyadnz|hourly,2026-08-17T18:48:05Z,2026-08-17T18:48:05Z,
45.131.195.133,ipv4,malicious-ip,medium,WHITE,ziyadnz/hourly-ipv4,ziyadnz|hourly,2026-08-17T18:48:05Z,2026-08-17T18:48:05Z,
45.131.195.137,ipv4,malicious-ip,medium,WHITE,ziyadnz/hourly-ipv4,ziyadnz|hourly,2026-08-17T18:48:05Z,2026-08-17T18:48:05Z,
45.131.195.138,ipv4,malicious-ip,medium,WHITE,ziyadnz/hourly-ipv4,ziyadnz|hourly,2026-08-17T18:48:05Z,2026-08-17T18:48:05Z,
45.131.195.14,ipv4,malicious-ip,medium,WHITE,ziyadnz/hourly-ipv4,ziyadnz|hourly,2026-08-17T18:48:05Z,2026-08-17T18:48:05Z,
45.131.195.142,ipv4,malicious-ip,medium,WHITE,ziyadnz/hourly-ipv4,ziyadnz|hourly,2026-08-17T18:48:05Z,2026-08-17T18:48:05Z,
45.131.195.166,ipv4,malicious-ip,medium,WHITE,ziyadnz/hourly-ipv4,ziyadnz|hourly,2026-08-17T18:48:05Z,2026-08-17T18:48:05Z,
45.131.195.21,ipv4,malicious-ip,medium,WHITE,ziyadnz/hourly-ipv4,ziyadnz|hourly,2026-08-17T18:48:05Z,2026-08-17T18:48:05Z,
45.131.195.24,ipv4,malicious-ip,medium,WHITE,ziyadnz/hourly-ipv4,ziyadnz|hourly,2026-08-17T18:48:05Z,2026-08-17T18:48:05Z,
45.131.195.240,ipv4,malicious-ip,medium,WHITE,ziyadnz/hourly-ipv4,ziyadnz|hourly,2026-08-17T18:48:05Z,2026-08-17T18:48:05Z,
45.131.195.245,ipv4,malicious-ip,medium,WHITE,ziyadnz/hourly-ipv4,ziyadnz|hourly,2026-08-17T18:48:05Z,2026-08-17T18:48:05Z,
45.131.195.29,ipv4,malicious-ip,medium,WHITE,ziyadnz/hourly-ipv4,ziyadnz|hourly,2026-08-17T18:48:05Z,2026-08-17T18:48:05Z,
45.131.195.31,ipv4,malicious-ip,medium,WHITE,ziyadnz/hourly-ipv4,ziyadnz|hourly,2026-08-17T18:48:05Z,2026-08-17T18:48:05Z,
45.131.195.33,ipv4,malicious-ip,medium,WHITE,ziyadnz/hourly-ipv4,ziyadnz|hourly,2026-08-17T18:48:05Z,2026-08-17T18:48:05Z,
45.131.195.34,ipv4,malicious-ip,medium,WHITE,ziyadnz/hourly-ipv4,ziyadnz|hourly,2026-08-17T18:48:05Z,2026-08-17T18:48:05Z,
45.131.195.36,ipv4,malicious-ip,medium,WHITE,ziyadnz/hourly-ipv4,ziyadnz|hourly,2026-08-17T18:48:05Z,2026-08-17T18:48:05Z,
45.131.195.38,ipv4,malicious-ip,medium,WHITE,ziyadnz/hourly-ipv4,ziyadnz|hourly,2026-08-17T18:48:05Z,2026-08-17T18:48:05Z,
45.131.195.47,ipv4,malicious-ip,medium,WHITE,ziyadnz/hourly-ipv4,ziyadnz|hourly,2026-08-17T18:48:05Z,2026-08-17T18:48:05Z,
45.131.195.48,ipv4,malicious-ip,medium,WHITE,ziyadnz/hourly-ipv4,ziyadnz|hourly,2026-08-17T18:48:05Z,2026-08-17T18:48:05Z,
45.131.195.51,ipv4,malicious-ip,medium,WHITE,ziyadnz/hourly-ipv4,ziyadnz|hourly,2026-08-17T18:48:05Z,2026-08-17T18:48:05Z,
45.131.195.59,ipv4,malicious-ip,medium,WHITE,ziyadnz/hourly-ipv4,ziyadnz|hourly,2026-08-17T18:48:05Z,2026-08-17T18:48:05Z,
45.131.195.7,ipv4,malicious-ip,medium,WHITE,ziyadnz/hourly-ipv4,ziyadnz|hourly,2026-08-17T18:48:05Z,2026-08-17T18:48:05Z,
45.131.195.80,ipv4,malicious-ip,medium,WHITE,ziyadnz/hourly-ipv4,ziyadnz|hourly,2026-08-17T18:48:05Z,2026-08-17T18:48:05Z,
45.131.2.182,ipv4,malicious-ip,medium,WHITE,ziyadnz/hourly-ipv4,ziyadnz|hourly,2026-08-17T18:48:05Z,2026-08-17T18:48:05Z,
45.131.214.28,ipv4,malicious-ip,medium,WHITE,ziyadnz/hourly-ipv4,ziyadnz|hourly,2026-08-17T18:48:05Z,2026-08-17T18:48:05Z,
45.131.215.16,ipv4,malicious-ip,medium,WHITE,ziyadnz/hourly-ipv4,ziyadnz|hourly,2026-08-17T18:48:05Z,2026-08-17T18:48:05Z,
45.131.66.106,ipv4,malicious-ip,medium,WHITE,ziyadnz/hourly-ipv4,ziyadnz|hourly,2026-08-17T18:48:05Z,2026-08-17T18:48:05Z,
45.131.66.120,ipv4,malicious-ip,medium,WHITE,ziyadnz/hourly-ipv4,ziyadnz|hourly,2026-08-17T18:48:05Z,2026-08-17T18:48:05Z,
45.132.1.238,ipv4,malicious-ip,medium,WHITE,ziyadnz/hourly-ipv4,ziyadnz|hourly,2026-08-17T18:48:05Z,2026-08-17T18:48:05Z,
45.132.115.172,ipv4,malicious-ip,medium,WHITE,ziyadnz/hourly-ipv4,ziyadnz|hourly,2026-08-17T18:48:05Z,2026-08-17T18:48:05Z,
45.132.18.137,ipv4,malicious-ip,medium,WHITE,ziyadnz/hourly-ipv4,ziyadnz|hourly,2026-08-17T18:48:05Z,2026-08-17T18:48:05Z,
45.132.19.23,ipv4,malicious-ip,medium,WHITE,ziyadnz/hourly-ipv4,ziyadnz|hourly,2026-08-17T18:48:05Z,2026-08-17T18:48:05Z,
45.132.194.11,ipv4,malicious-ip,medium,WHITE,ziyadnz/hourly-ipv4,ziyadnz|hourly,2026-08-17T18:48:05Z,2026-08-17T18:48:05Z,
45.132.194.55,ipv4,malicious-ip,medium,WHITE,ziyadnz/hourly-ipv4,ziyadnz|hourly,2026-08-17T18:48:05Z,2026-08-17T18:48:05Z,
45.132.195.124,ipv4,malicious-ip,medium,WHITE,ziyadnz/hourly-ipv4,ziyadnz|hourly,2026-08-17T18:48:05Z,2026-08-17T18:48:05Z,
45.132.195.135,ipv4,malicious-ip,medium,WHITE,ziyadnz/hourly-ipv4,ziyadnz|hourly,2026-08-17T18:48:05Z,2026-08-17T18:48:05Z,
45.132.195.147,ipv4,malicious-ip,medium,WHITE,ziyadnz/hourly-ipv4,ziyadnz|hourly,2026-08-17T18:48:05Z,2026-08-17T18:48:05Z,
45.132.227.129,ipv4,malicious-ip,medium,WHITE,ziyadnz/hourly-ipv4,ziyadnz|hourly,2026-08-17T18:48:05Z,2026-08-17T18:48:05Z,
45.132.227.138,ipv4,malicious-ip,medium,WHITE,ziyadnz/hourly-ipv4,ziyadnz|hourly,2026-08-17T18:48:05Z,2026-08-17T18:48:05Z,
45.132.75.101,ipv4,malicious-ip,medium,WHITE,ziyadnz/hourly-ipv4,ziyadnz|hourly,2026-08-17T18:48:05Z,2026-08-17T18:48:05Z,
45.132.84.88,ipv4,malicious-ip,medium,WHITE,ziyadnz/hourly-ipv4,ziyadnz|hourly,2026-08-17T18:48:05Z,2026-08-17T18:48:05Z,
45.132.92.91,ipv4,malicious-ip,medium,WHITE,ziyadnz/hourly-ipv4,ziyadnz|hourly,2026-08-17T18:48:05Z,2026-08-17T18:48:05Z,
45.133.1.152,ipv4,malicious-ip,medium,WHITE,ziyadnz/hourly-ipv4,ziyadnz|hourly,2026-08-17T18:48:05Z,2026-08-17T18:48:05Z,
45.133.16.135,ipv4,malicious-ip,medium,WHITE,ziyadnz/hourly-ipv4,ziyadnz|hourly,2026-08-17T18:48:05Z,2026-08-17T18:48:05Z,
45.133.174.25,ipv4,malicious-ip,medium,WHITE,ziyadnz/hourly-ipv4,ziyadnz|hourly,2026-08-17T18:48:05Z,2026-08-17T18:48:05Z,
45.133.18.54,ipv4,malicious-ip,medium,WHITE,ziyadnz/hourly-ipv4,ziyadnz|hourly,2026-08-17T18:48:05Z,2026-08-17T18:48:05Z,
45.133.193.12,ipv4,malicious-ip,medium,WHITE,ziyadnz/hourly-ipv4,ziyadnz|hourly,2026-08-17T18:48:05Z,2026-08-17T18:48:05Z,
45.133.216.15,ipv4,malicious-ip,medium,WHITE,ziyadnz/hourly-ipv4,ziyadnz|hourly,2026-08-17T18:48:05Z,2026-08-17T18:48:05Z,
45.133.238.92,ipv4,malicious-ip,medium,WHITE,ziyadnz/hourly-ipv4,ziyadnz|hourly,2026-08-17T18:48:05Z,2026-08-17T18:48:05Z,
45.133.247.197,ipv4,malicious-ip,medium,WHITE,ziyadnz/hourly-ipv4,ziyadnz|hourly,2026-08-17T18:48:05Z,2026-08-17T18:48:05Z,
45.133.73.14,ipv4,malicious-ip,medium,WHITE,ziyadnz/hourly-ipv4,ziyadnz|hourly,2026-08-17T18:48:05Z,2026-08-17T18:48:05Z,
45.133.73.184,ipv4,malicious-ip,medium,WHITE,ziyadnz/hourly-ipv4,ziyadnz|hourly,2026-08-17T18:48:05Z,2026-08-17T18:48:05Z,
45.133.73.35,ipv4,malicious-ip,medium,WHITE,ziyadnz/hourly-ipv4,ziyadnz|hourly,2026-08-17T18:48:05Z,2026-08-17T18:48:05Z,
45.133.73.6,ipv4,malicious-ip,medium,WHITE,ziyadnz/hourly-ipv4,ziyadnz|hourly,2026-08-17T18:48:05Z,2026-08-17T18:48:05Z,
45.133.73.7,ipv4,malicious-ip,medium,WHITE,ziyadnz/hourly-ipv4,ziyadnz|hourly,2026-08-17T18:48:05Z,2026-08-17T18:48:05Z,
45.133.74.240,ipv4,malicious-ip,medium,WHITE,ziyadnz/hourly-ipv4,ziyadnz|hourly,2026-08-17T18:48:05Z,2026-08-17T18:48:05Z,
45.133.74.53,ipv4,malicious-ip,medium,WHITE,ziyadnz/hourly-ipv4,ziyadnz|hourly,2026-08-17T18:48:05Z,2026-08-17T18:48:05Z,
45.134.140.69,ipv4,malicious-ip,medium,WHITE,ziyadnz/hourly-ipv4,ziyadnz|hourly,2026-08-17T18:48:05Z,2026-08-17T18:48:05Z,
45.134.174.235,ipv4,malicious-ip,medium,WHITE,ziyadnz/hourly-ipv4,ziyadnz|hourly,2026-08-17T18:48:05Z,2026-08-17T18:48:05Z,
45.134.26.35,ipv4,malicious-ip,medium,WHITE,ziyadnz/hourly-ipv4,ziyadnz|hourly,2026-08-17T18:48:05Z,2026-08-17T18:48:05Z,
45.134.79.107,ipv4,malicious-ip,medium,WHITE,ziyadnz/hourly-ipv4,ziyadnz|hourly,2026-08-17T18:48:05Z,2026-08-17T18:48:05Z,
45.134.79.77,ipv4,malicious-ip,medium,WHITE,ziyadnz/hourly-ipv4,ziyadnz|hourly,2026-08-17T18:48:05Z,2026-08-17T18:48:05Z,
45.134.79.83,ipv4,malicious-ip,medium,WHITE,ziyadnz/hourly-ipv4,ziyadnz|hourly,2026-08-17T18:48:05Z,2026-08-17T18:48:05Z,
45.134.79.85,ipv4,malicious-ip,medium,WHITE,ziyadnz/hourly-ipv4,ziyadnz|hourly,2026-08-17T18:48:05Z,2026-08-17T18:48:05Z,
45.134.79.89,ipv4,malicious-ip,medium,WHITE,ziyadnz/hourly-ipv4,ziyadnz|hourly,2026-08-17T18:48:05Z,2026-08-17T18:48:05Z,
45.134.79.90,ipv4,malicious-ip,medium,WHITE,ziyadnz/hourly-ipv4,ziyadnz|hourly,2026-08-17T18:48:05Z,2026-08-17T18:48:05Z,
45.134.9.27,ipv4,malicious-ip,medium,WHITE,ziyadnz/hourly-ipv4,ziyadnz|hourly,2026-08-17T18:48:05Z,2026-08-17T18:48:05Z,
45.135.1.42,ipv4,malicious-ip,medium,WHITE,ziyadnz/hourly-ipv4,ziyadnz|hourly,2026-08-17T18:48:05Z,2026-08-17T18:48:05Z,
45.135.135.100,ipv4,malicious-ip,medium,WHITE,ziyadnz/hourly-ipv4,ziyadnz|hourly,2026-08-17T18:48:05Z,2026-08-17T18:48:05Z,
45.135.141.13,ipv4,malicious-ip,medium,WHITE,ziyadnz/hourly-ipv4,ziyadnz|hourly,2026-08-17T18:48:05Z,2026-08-17T18:48:05Z,
45.135.141.22,ipv4,malicious-ip,medium,WHITE,ziyadnz/hourly-ipv4,ziyadnz|hourly,2026-08-17T18:48:05Z,2026-08-17T18:48:05Z,
45.135.180.177,ipv4,malicious-ip,medium,WHITE,ziyadnz/hourly-ipv4,ziyadnz|hourly,2026-08-17T18:48:05Z,2026-08-17T18:48:05Z,
45.135.180.38,ipv4,malicious-ip,medium,WHITE,ziyadnz/hourly-ipv4,ziyadnz|hourly,2026-08-17T18:48:05Z,2026-08-17T18:48:05Z,
45.135.180.89,ipv4,malicious-ip,medium,WHITE,ziyadnz/hourly-ipv4,ziyadnz|hourly,2026-08-17T18:48:05Z,2026-08-17T18:48:05Z,
45.135.193.0,ipv4,malicious-ip,medium,WHITE,ziyadnz/hourly-ipv4,ziyadnz|hourly,2026-08-17T18:48:05Z,2026-08-17T18:48:05Z,
45.135.193.100,ipv4,malicious-ip,medium,WHITE,ziyadnz/hourly-ipv4,ziyadnz|hourly,2026-08-17T18:48:05Z,2026-08-17T18:48:05Z,
45.135.193.115,ipv4,malicious-ip,medium,WHITE,ziyadnz/hourly-ipv4,ziyadnz|hourly,2026-08-17T18:48:05Z,2026-08-17T18:48:05Z,
45.135.193.118,ipv4,malicious-ip,medium,WHITE,ziyadnz/hourly-ipv4,ziyadnz|hourly,2026-08-17T18:48:05Z,2026-08-17T18:48:05Z,
45.135.193.122,ipv4,malicious-ip,medium,WHITE,ziyadnz/hourly-ipv4,ziyadnz|hourly,2026-08-17T18:48:05Z,2026-08-17T18:48:05Z,
45.135.193.193,ipv4,malicious-ip,medium,WHITE,ziyadnz/hourly-ipv4,ziyadnz|hourly,2026-08-17T18:48:05Z,2026-08-17T18:48:05Z,
45.135.193.194,ipv4,malicious-ip,medium,WHITE,ziyadnz/hourly-ipv4,ziyadnz|hourly,2026-08-17T18:48:05Z,2026-08-17T18:48:05Z,
45.135.193.218,ipv4,malicious-ip,medium,WHITE,ziyadnz/hourly-ipv4,ziyadnz|hourly,2026-08-17T18:48:05Z,2026-08-17T18:48:05Z,
45.135.193.43,ipv4,malicious-ip,medium,WHITE,ziyadnz/hourly-ipv4,ziyadnz|hourly,2026-08-17T18:48:05Z,2026-08-17T18:48:05Z,
45.135.194.0,ipv4,malicious-ip,medium,WHITE,ziyadnz/hourly-ipv4,ziyadnz|hourly,2026-08-17T18:48:05Z,2026-08-17T18:48:05Z,
45.135.194.10,ipv4,malicious-ip,medium,WHITE,ziyadnz/hourly-ipv4,ziyadnz|hourly,2026-08-17T18:48:05Z,2026-08-17T18:48:05Z,
45.135.194.11,ipv4,malicious-ip,medium,WHITE,ziyadnz/hourly-ipv4,ziyadnz|hourly,2026-08-17T18:48:05Z,2026-08-17T18:48:05Z,
45.135.194.113,ipv4,malicious-ip,medium,WHITE,ziyadnz/hourly-ipv4,ziyadnz|hourly,2026-08-17T18:48:05Z,2026-08-17T18:48:05Z,
45.135.194.24,ipv4,malicious-ip,medium,WHITE,ziyadnz/hourly-ipv4,ziyadnz|hourly,2026-08-17T18:48:05Z,2026-08-17T18:48:05Z,
45.135.194.34,ipv4,malicious-ip,medium,WHITE,ziyadnz/hourly-ipv4,ziyadnz|hourly,2026-08-17T18:48:05Z,2026-08-17T18:48:05Z,
45.135.194.48,ipv4,malicious-ip,medium,WHITE,ziyadnz/hourly-ipv4,ziyadnz|hourly,2026-08-17T18:48:05Z,2026-08-17T18:48:05Z,
45.135.194.53,ipv4,malicious-ip,medium,WHITE,ziyadnz/hourly-ipv4,ziyadnz|hourly,2026-08-17T18:48:05Z,2026-08-17T18:48:05Z,
45.135.194.71,ipv4,malicious-ip,medium,WHITE,ziyadnz/hourly-ipv4,ziyadnz|hourly,2026-08-17T18:48:05Z,2026-08-17T18:48:05Z,
45.135.194.99,ipv4,malicious-ip,medium,WHITE,ziyadnz/hourly-ipv4,ziyadnz|hourly,2026-08-17T18:48:05Z,2026-08-17T18:48:05Z,
45.135.195.139,ipv4,malicious-ip,medium,WHITE,ziyadnz/hourly-ipv4,ziyadnz|hourly,2026-08-17T18:48:05Z,2026-08-17T18:48:05Z,
45.135.197.26,ipv4,malicious-ip,medium,WHITE,ziyadnz/hourly-ipv4,ziyadnz|hourly,2026-08-17T18:48:05Z,2026-08-17T18:48:05Z,
45.135.198.5,ipv4,malicious-ip,medium,WHITE,ziyadnz/hourly-ipv4,ziyadnz|hourly,2026-08-17T18:48:05Z,2026-08-17T18:48:05Z,
45.135.232.2,ipv4,malicious-ip,medium,WHITE,ziyadnz/hourly-ipv4,ziyadnz|hourly,2026-08-17T18:48:05Z,2026-08-17T18:48:05Z,
45.135.232.33,ipv4,malicious-ip,medium,WHITE,ziyadnz/hourly-ipv4,ziyadnz|hourly,2026-08-17T18:48:05Z,2026-08-17T18:48:05Z,
45.136.198.18,ipv4,malicious-ip,medium,WHITE,ziyadnz/hourly-ipv4,ziyadnz|hourly,2026-08-17T18:48:05Z,2026-08-17T18:48:05Z,
45.136.198.184,ipv4,malicious-ip,medium,WHITE,ziyadnz/hourly-ipv4,ziyadnz|hourly,2026-08-17T18:48:05Z,2026-08-17T18:48:05Z,
45.136.198.189,ipv4,malicious-ip,medium,WHITE,ziyadnz/hourly-ipv4,ziyadnz|hourly,2026-08-17T18:48:05Z,2026-08-17T18:48:05Z,
45.136.207.146,ipv4,malicious-ip,medium,WHITE,ziyadnz/hourly-ipv4,ziyadnz|hourly,2026-08-17T18:48:05Z,2026-08-17T18:48:05Z,
45.136.230.191,ipv4,malicious-ip,medium,WHITE,ziyadnz/hourly-ipv4,ziyadnz|hourly,2026-08-17T18:48:05Z,2026-08-17T18:48:05Z,
45.136.254.193,ipv4,malicious-ip,medium,WHITE,ziyadnz/hourly-ipv4,ziyadnz|hourly,2026-08-17T18:48:05Z,2026-08-17T18:48:05Z,
45.136.31.153,ipv4,malicious-ip,medium,WHITE,ziyadnz/hourly-ipv4,ziyadnz|hourly,2026-08-17T18:48:05Z,2026-08-17T18:48:05Z,
45.136.49.247,ipv4,malicious-ip,medium,WHITE,ziyadnz/hourly-ipv4,ziyadnz|hourly,2026-08-17T18:48:05Z,2026-08-17T18:48:05Z,
45.136.50.69,ipv4,malicious-ip,medium,WHITE,ziyadnz/hourly-ipv4,ziyadnz|hourly,2026-08-17T18:48:05Z,2026-08-17T18:48:05Z,
45.136.51.61,ipv4,malicious-ip,medium,WHITE,ziyadnz/hourly-ipv4,ziyadnz|hourly,2026-08-17T18:48:05Z,2026-08-17T18:48:05Z,
45.136.52.123,ipv4,malicious-ip,medium,WHITE,ziyadnz/hourly-ipv4,ziyadnz|hourly,2026-08-17T18:48:05Z,2026-08-17T18:48:05Z,
45.137.117.144,ipv4,malicious-ip,medium,WHITE,ziyadnz/hourly-ipv4,ziyadnz|hourly,2026-08-17T18:48:05Z,2026-08-17T18:48:05Z,
45.137.12.210,ipv4,malicious-ip,medium,WHITE,ziyadnz/hourly-ipv4,ziyadnz|hourly,2026-08-17T18:48:05Z,2026-08-17T18:48:05Z,
45.137.17.18,ipv4,malicious-ip,medium,WHITE,ziyadnz/hourly-ipv4,ziyadnz|hourly,2026-08-17T18:48:05Z,2026-08-17T18:48:05Z,
45.137.172.116,ipv4,malicious-ip,medium,WHITE,ziyadnz/hourly-ipv4,ziyadnz|hourly,2026-08-17T18:48:05Z,2026-08-17T18:48:05Z,
45.137.194.93,ipv4,malicious-ip,medium,WHITE,ziyadnz/hourly-ipv4,ziyadnz|hourly,2026-08-17T18:48:05Z,2026-08-17T18:48:05Z,
45.137.201.100,ipv4,malicious-ip,medium,WHITE,ziyadnz/hourly-ipv4,ziyadnz|hourly,2026-08-17T18:48:05Z,2026-08-17T18:48:05Z,
45.137.201.5,ipv4,malicious-ip,medium,WHITE,ziyadnz/hourly-ipv4,ziyadnz|hourly,2026-08-17T18:48:05Z,2026-08-17T18:48:05Z,
45.137.206.157,ipv4,malicious-ip,medium,WHITE,ziyadnz/hourly-ipv4,ziyadnz|hourly,2026-08-17T18:48:05Z,2026-08-17T18:48:05Z,
45.137.213.30,ipv4,malicious-ip,medium,WHITE,ziyadnz/hourly-ipv4,ziyadnz|hourly,2026-08-17T18:48:05Z,2026-08-17T18:48:05Z,
45.137.22.136,ipv4,malicious-ip,medium,WHITE,ziyadnz/hourly-ipv4,ziyadnz|hourly,2026-08-17T18:48:05Z,2026-08-17T18:48:05Z,
45.137.22.254,ipv4,malicious-ip,medium,WHITE,ziyadnz/hourly-ipv4,ziyadnz|hourly,2026-08-17T18:48:05Z,2026-08-17T18:48:05Z,
45.137.43.58,ipv4,malicious-ip,medium,WHITE,ziyadnz/hourly-ipv4,ziyadnz|hourly,2026-08-17T18:48:05Z,2026-08-17T18:48:05Z,
45.137.65.190,ipv4,malicious-ip,medium,WHITE,ziyadnz/hourly-ipv4,ziyadnz|hourly,2026-08-17T18:48:05Z,2026-08-17T18:48:05Z,
45.137.65.37,ipv4,malicious-ip,medium,WHITE,ziyadnz/hourly-ipv4,ziyadnz|hourly,2026-08-17T18:48:05Z,2026-08-17T18:48:05Z,
45.137.69.13,ipv4,malicious-ip,medium,WHITE,ziyadnz/hourly-ipv4,ziyadnz|hourly,2026-08-17T18:48:05Z,2026-08-17T18:48:05Z,
45.137.69.9,ipv4,malicious-ip,medium,WHITE,ziyadnz/hourly-ipv4,ziyadnz|hourly,2026-08-17T18:48:05Z,2026-08-17T18:48:05Z,
45.137.70.55,ipv4,malicious-ip,medium,WHITE,ziyadnz/hourly-ipv4,ziyadnz|hourly,2026-08-17T18:48:05Z,2026-08-17T18:48:05Z,
45.137.99.214,ipv4,malicious-ip,medium,WHITE,ziyadnz/hourly-ipv4,ziyadnz|hourly,2026-08-17T18:48:05Z,2026-08-17T18:48:05Z,
45.137.99.58,ipv4,malicious-ip,medium,WHITE,ziyadnz/hourly-ipv4,ziyadnz|hourly,2026-08-17T18:48:05Z,2026-08-17T18:48:05Z,
45.138.0.33,ipv4,malicious-ip,medium,WHITE,ziyadnz/hourly-ipv4,ziyadnz|hourly,2026-08-17T18:48:05Z,2026-08-17T18:48:05Z,
45.138.16.130,ipv4,malicious-ip,medium,WHITE,ziyadnz/hourly-ipv4,ziyadnz|hourly,2026-08-17T18:48:05Z,2026-08-17T18:48:05Z,
45.138.16.156,ipv4,malicious-ip,medium,WHITE,ziyadnz/hourly-ipv4,ziyadnz|hourly,2026-08-17T18:48:05Z,2026-08-17T18:48:05Z,
45.138.16.164,ipv4,malicious-ip,medium,WHITE,ziyadnz/hourly-ipv4,ziyadnz|hourly,2026-08-17T18:48:05Z,2026-08-17T18:48:05Z,
45.138.16.167,ipv4,malicious-ip,medium,WHITE,ziyadnz/hourly-ipv4,ziyadnz|hourly,2026-08-17T18:48:05Z,2026-08-17T18:48:05Z,
45.138.16.189,ipv4,malicious-ip,medium,WHITE,ziyadnz/hourly-ipv4,ziyadnz|hourly,2026-08-17T18:48:05Z,2026-08-17T18:48:05Z,
45.138.16.208,ipv4,malicious-ip,medium,WHITE,ziyadnz/hourly-ipv4,ziyadnz|hourly,2026-08-17T18:48:05Z,2026-08-17T18:48:05Z,
45.138.16.213,ipv4,malicious-ip,medium,WHITE,ziyadnz/hourly-ipv4,ziyadnz|hourly,2026-08-17T18:48:05Z,2026-08-17T18:48:05Z,
45.138.16.237,ipv4,malicious-ip,medium,WHITE,ziyadnz/hourly-ipv4,ziyadnz|hourly,2026-08-17T18:48:05Z,2026-08-17T18:48:05Z,
45.138.16.42,ipv4,malicious-ip,medium,WHITE,ziyadnz/hourly-ipv4,ziyadnz|hourly,2026-08-17T18:48:05Z,2026-08-17T18:48:05Z,
45.138.74.191,ipv4,malicious-ip,medium,WHITE,ziyadnz/hourly-ipv4,ziyadnz|hourly,2026-08-17T18:48:05Z,2026-08-17T18:48:05Z,
45.138.74.238,ipv4,malicious-ip,medium,WHITE,ziyadnz/hourly-ipv4,ziyadnz|hourly,2026-08-17T18:48:05Z,2026-08-17T18:48:05Z,
45.138.87.250,ipv4,malicious-ip,medium,WHITE,ziyadnz/hourly-ipv4,ziyadnz|hourly,2026-08-17T18:48:05Z,2026-08-17T18:48:05Z,
45.139.104.115,ipv4,malicious-ip,medium,WHITE,ziyadnz/hourly-ipv4,ziyadnz|hourly,2026-08-17T18:48:05Z,2026-08-17T18:48:05Z,
45.139.104.147,ipv4,malicious-ip,medium,WHITE,ziyadnz/hourly-ipv4,ziyadnz|hourly,2026-08-17T18:48:05Z,2026-08-17T18:48:05Z,
45.139.104.177,ipv4,malicious-ip,medium,WHITE,ziyadnz/hourly-ipv4,ziyadnz|hourly,2026-08-17T18:48:05Z,2026-08-17T18:48:05Z,
45.139.104.233,ipv4,malicious-ip,medium,WHITE,ziyadnz/hourly-ipv4,ziyadnz|hourly,2026-08-17T18:48:05Z,2026-08-17T18:48:05Z,
45.139.105.145,ipv4,malicious-ip,medium,WHITE,ziyadnz/hourly-ipv4,ziyadnz|hourly,2026-08-17T18:48:05Z,2026-08-17T18:48:05Z,
45.139.105.174,ipv4,malicious-ip,medium,WHITE,ziyadnz/hourly-ipv4,ziyadnz|hourly,2026-08-17T18:48:05Z,2026-08-17T18:48:05Z,
45.139.122.241,ipv4,malicious-ip,medium,WHITE,ziyadnz/hourly-ipv4,ziyadnz|hourly,2026-08-17T18:48:05Z,2026-08-17T18:48:05Z,
45.139.122.80,ipv4,malicious-ip,medium,WHITE,ziyadnz/hourly-ipv4,ziyadnz|hourly,2026-08-17T18:48:05Z,2026-08-17T18:48:05Z,
45.139.198.112,ipv4,malicious-ip,medium,WHITE,ziyadnz/hourly-ipv4,ziyadnz|hourly,2026-08-17T18:48:05Z,2026-08-17T18:48:05Z,
45.139.198.129,ipv4,malicious-ip,medium,WHITE,ziyadnz/hourly-ipv4,ziyadnz|hourly,2026-08-17T18:48:05Z,2026-08-17T18:48:05Z,
45.139.199.21,ipv4,malicious-ip,medium,WHITE,ziyadnz/hourly-ipv4,ziyadnz|hourly,2026-08-17T18:48:05Z,2026-08-17T18:48:05Z,
45.139.77.117,ipv4,malicious-ip,medium,WHITE,ziyadnz/hourly-ipv4,ziyadnz|hourly,2026-08-17T18:48:05Z,2026-08-17T18:48:05Z,
45.139.78.67,ipv4,malicious-ip,medium,WHITE,ziyadnz/hourly-ipv4,ziyadnz|hourly,2026-08-17T18:48:05Z,2026-08-17T18:48:05Z,
45.14.109.0,ipv4,malicious-ip,medium,WHITE,ziyadnz/hourly-ipv4,ziyadnz|hourly,2026-08-17T18:48:05Z,2026-08-17T18:48:05Z,
45.14.109.135,ipv4,malicious-ip,medium,WHITE,ziyadnz/hourly-ipv4,ziyadnz|hourly,2026-08-17T18:48:05Z,2026-08-17T18:48:05Z,
45.14.109.136,ipv4,malicious-ip,medium,WHITE,ziyadnz/hourly-ipv4,ziyadnz|hourly,2026-08-17T18:48:05Z,2026-08-17T18:48:05Z,
45.14.109.140,ipv4,malicious-ip,medium,WHITE,ziyadnz/hourly-ipv4,ziyadnz|hourly,2026-08-17T18:48:05Z,2026-08-17T18:48:05Z,
45.14.109.142,ipv4,malicious-ip,medium,WHITE,ziyadnz/hourly-ipv4,ziyadnz|hourly,2026-08-17T18:48:05Z,2026-08-17T18:48:05Z,
45.14.109.143,ipv4,malicious-ip,medium,WHITE,ziyadnz/hourly-ipv4,ziyadnz|hourly,2026-08-17T18:48:05Z,2026-08-17T18:48:05Z,
45.14.109.144,ipv4,malicious-ip,medium,WHITE,ziyadnz/hourly-ipv4,ziyadnz|hourly,2026-08-17T18:48:05Z,2026-08-17T18:48:05Z,
45.14.109.145,ipv4,malicious-ip,medium,WHITE,ziyadnz/hourly-ipv4,ziyadnz|hourly,2026-08-17T18:48:05Z,2026-08-17T18:48:05Z,
45.14.110.151,ipv4,malicious-ip,medium,WHITE,ziyadnz/hourly-ipv4,ziyadnz|hourly,2026-08-17T18:48:05Z,2026-08-17T18:48:05Z,
45.14.110.226,ipv4,malicious-ip,medium,WHITE,ziyadnz/hourly-ipv4,ziyadnz|hourly,2026-08-17T18:48:05Z,2026-08-17T18:48:05Z,
45.14.110.65,ipv4,malicious-ip,medium,WHITE,ziyadnz/hourly-ipv4,ziyadnz|hourly,2026-08-17T18:48:05Z,2026-08-17T18:48:05Z,
45.14.111.198,ipv4,malicious-ip,medium,WHITE,ziyadnz/hourly-ipv4,ziyadnz|hourly,2026-08-17T18:48:05Z,2026-08-17T18:48:05Z,
45.140.13.244,ipv4,malicious-ip,medium,WHITE,ziyadnz/hourly-ipv4,ziyadnz|hourly,2026-08-17T18:48:05Z,2026-08-17T18:48:05Z,
45.140.146.107,ipv4,malicious-ip,medium,WHITE,ziyadnz/hourly-ipv4,ziyadnz|hourly,2026-08-17T18:48:05Z,2026-08-17T18:48:05Z,
45.140.146.108,ipv4,malicious-ip,medium,WHITE,ziyadnz/hourly-ipv4,ziyadnz|hourly,2026-08-17T18:48:05Z,2026-08-17T18:48:05Z,
45.140.146.137,ipv4,malicious-ip,medium,WHITE,ziyadnz/hourly-ipv4,ziyadnz|hourly,2026-08-17T18:48:05Z,2026-08-17T18:48:05Z,
45.140.146.139,ipv4,malicious-ip,medium,WHITE,ziyadnz/hourly-ipv4,ziyadnz|hourly,2026-08-17T18:48:05Z,2026-08-17T18:48:05Z,
45.140.146.197,ipv4,malicious-ip,medium,WHITE,ziyadnz/hourly-ipv4,ziyadnz|hourly,2026-08-17T18:48:05Z,2026-08-17T18:48:05Z,
45.140.146.2,ipv4,malicious-ip,medium,WHITE,ziyadnz/hourly-ipv4,ziyadnz|hourly,2026-08-17T18:48:05Z,2026-08-17T18:48:05Z,
45.140.146.208,ipv4,malicious-ip,medium,WHITE,ziyadnz/hourly-ipv4,ziyadnz|hourly,2026-08-17T18:48:05Z,2026-08-17T18:48:05Z,
45.140.147.208,ipv4,malicious-ip,medium,WHITE,ziyadnz/hourly-ipv4,ziyadnz|hourly,2026-08-17T18:48:05Z,2026-08-17T18:48:05Z,
45.140.168.62,ipv4,malicious-ip,medium,WHITE,ziyadnz/hourly-ipv4,ziyadnz|hourly,2026-08-17T18:48:05Z,2026-08-17T18:48:05Z,
45.140.17.23,ipv4,malicious-ip,medium,WHITE,ziyadnz/hourly-ipv4,ziyadnz|hourly,2026-08-17T18:48:05Z,2026-08-17T18:48:05Z,
45.140.17.24,ipv4,malicious-ip,medium,WHITE,ziyadnz/hourly-ipv4,ziyadnz|hourly,2026-08-17T18:48:05Z,2026-08-17T18:48:05Z,
45.140.17.40,ipv4,malicious-ip,medium,WHITE,ziyadnz/hourly-ipv4,ziyadnz|hourly,2026-08-17T18:48:05Z,2026-08-17T18:48:05Z,
45.140.192.8,ipv4,malicious-ip,medium,WHITE,ziyadnz/hourly-ipv4,ziyadnz|hourly,2026-08-17T18:48:05Z,2026-08-17T18:48:05Z,
45.140.193.140,ipv4,malicious-ip,medium,WHITE,ziyadnz/hourly-ipv4,ziyadnz|hourly,2026-08-17T18:48:05Z,2026-08-17T18:48:05Z,
45.140.193.156,ipv4,malicious-ip,medium,WHITE,ziyadnz/hourly-ipv4,ziyadnz|hourly,2026-08-17T18:48:05Z,2026-08-17T18:48:05Z,
45.140.193.187,ipv4,malicious-ip,medium,WHITE,ziyadnz/hourly-ipv4,ziyadnz|hourly,2026-08-17T18:48:05Z,2026-08-17T18:48:05Z,
45.140.222.147,ipv4,malicious-ip,medium,WHITE,ziyadnz/hourly-ipv4,ziyadnz|hourly,2026-08-17T18:48:05Z,2026-08-17T18:48:05Z,
45.140.222.164,ipv4,malicious-ip,medium,WHITE,ziyadnz/hourly-ipv4,ziyadnz|hourly,2026-08-17T18:48:05Z,2026-08-17T18:48:05Z,
45.140.222.165,ipv4,malicious-ip,medium,WHITE,ziyadnz/hourly-ipv4,ziyadnz|hourly,2026-08-17T18:48:05Z,2026-08-17T18:48:05Z,
45.140.222.166,ipv4,malicious-ip,medium,WHITE,ziyadnz/hourly-ipv4,ziyadnz|hourly,2026-08-17T18:48:05Z,2026-08-17T18:48:05Z,
45.140.222.167,ipv4,malicious-ip,medium,WHITE,ziyadnz/hourly-ipv4,ziyadnz|hourly,2026-08-17T18:48:05Z,2026-08-17T18:48:05Z,
45.140.225.21,ipv4,malicious-ip,medium,WHITE,ziyadnz/hourly-ipv4,ziyadnz|hourly,2026-08-17T18:48:05Z,2026-08-17T18:48:05Z,
45.140.232.102,ipv4,malicious-ip,medium,WHITE,ziyadnz/hourly-ipv4,ziyadnz|hourly,2026-08-17T18:48:05Z,2026-08-17T18:48:05Z,
45.141.116.84,ipv4,malicious-ip,medium,WHITE,ziyadnz/hourly-ipv4,ziyadnz|hourly,2026-08-17T18:48:05Z,2026-08-17T18:48:05Z,
45.141.119.26,ipv4,malicious-ip,medium,WHITE,ziyadnz/hourly-ipv4,ziyadnz|hourly,2026-08-17T18:48:05Z,2026-08-17T18:48:05Z,
45.141.119.45,ipv4,malicious-ip,medium,WHITE,ziyadnz/hourly-ipv4,ziyadnz|hourly,2026-08-17T18:48:05Z,2026-08-17T18:48:05Z,
45.141.119.80,ipv4,malicious-ip,medium,WHITE,ziyadnz/hourly-ipv4,ziyadnz|hourly,2026-08-17T18:48:05Z,2026-08-17T18:48:05Z,
45.141.139.222,ipv4,malicious-ip,medium,WHITE,ziyadnz/hourly-ipv4,ziyadnz|hourly,2026-08-17T18:48:05Z,2026-08-17T18:48:05Z,
45.141.151.103,ipv4,malicious-ip,medium,WHITE,ziyadnz/hourly-ipv4,ziyadnz|hourly,2026-08-17T18:48:05Z,2026-08-17T18:48:05Z,
45.141.151.71,ipv4,malicious-ip,medium,WHITE,ziyadnz/hourly-ipv4,ziyadnz|hourly,2026-08-17T18:48:05Z,2026-08-17T18:48:05Z,
45.141.157.105,ipv4,malicious-ip,medium,WHITE,ziyadnz/hourly-ipv4,ziyadnz|hourly,2026-08-17T18:48:05Z,2026-08-17T18:48:05Z,
45.141.157.124,ipv4,malicious-ip,medium,WHITE,ziyadnz/hourly-ipv4,ziyadnz|hourly,2026-08-17T18:48:05Z,2026-08-17T18:48:05Z,
45.141.191.223,ipv4,malicious-ip,medium,WHITE,ziyadnz/hourly-ipv4,ziyadnz|hourly,2026-08-17T18:48:05Z,2026-08-17T18:48:05Z,
45.141.215.111,ipv4,malicious-ip,medium,WHITE,ziyadnz/hourly-ipv4,ziyadnz|hourly,2026-08-17T18:48:05Z,2026-08-17T18:48:05Z,
45.141.215.117,ipv4,malicious-ip,medium,WHITE,ziyadnz/hourly-ipv4,ziyadnz|hourly,2026-08-17T18:48:05Z,2026-08-17T18:48:05Z,
45.141.215.196,ipv4,malicious-ip,medium,WHITE,ziyadnz/hourly-ipv4,ziyadnz|hourly,2026-08-17T18:48:05Z,2026-08-17T18:48:05Z,
45.141.215.40,ipv4,malicious-ip,medium,WHITE,ziyadnz/hourly-ipv4,ziyadnz|hourly,2026-08-17T18:48:05Z,2026-08-17T18:48:05Z,
45.141.215.58,ipv4,malicious-ip,medium,WHITE,ziyadnz/hourly-ipv4,ziyadnz|hourly,2026-08-17T18:48:05Z,2026-08-17T18:48:05Z,
45.141.215.7,ipv4,malicious-ip,medium,WHITE,ziyadnz/hourly-ipv4,ziyadnz|hourly,2026-08-17T18:48:05Z,2026-08-17T18:48:05Z,
45.141.233.187,ipv4,malicious-ip,medium,WHITE,ziyadnz/hourly-ipv4,ziyadnz|hourly,2026-08-17T18:48:05Z,2026-08-17T18:48:05Z,
45.141.233.86,ipv4,malicious-ip,medium,WHITE,ziyadnz/hourly-ipv4,ziyadnz|hourly,2026-08-17T18:48:05Z,2026-08-17T18:48:05Z,
45.141.36.25,ipv4,malicious-ip,medium,WHITE,ziyadnz/hourly-ipv4,ziyadnz|hourly,2026-08-17T18:48:05Z,2026-08-17T18:48:05Z,
45.141.56.114,ipv4,malicious-ip,medium,WHITE,ziyadnz/hourly-ipv4,ziyadnz|hourly,2026-08-17T18:48:05Z,2026-08-17T18:48:05Z,
45.141.59.56,ipv4,malicious-ip,medium,WHITE,ziyadnz/hourly-ipv4,ziyadnz|hourly,2026-08-17T18:48:05Z,2026-08-17T18:48:05Z,
45.141.68.25,ipv4,malicious-ip,medium,WHITE,ziyadnz/hourly-ipv4,ziyadnz|hourly,2026-08-17T18:48:05Z,2026-08-17T18:48:05Z,
45.141.79.252,ipv4,malicious-ip,medium,WHITE,ziyadnz/hourly-ipv4,ziyadnz|hourly,2026-08-17T18:48:05Z,2026-08-17T18:48:05Z,
45.141.84.208,ipv4,malicious-ip,medium,WHITE,ziyadnz/hourly-ipv4,ziyadnz|hourly,2026-08-17T18:48:05Z,2026-08-17T18:48:05Z,
45.141.84.229,ipv4,malicious-ip,medium,WHITE,ziyadnz/hourly-ipv4,ziyadnz|hourly,2026-08-17T18:48:05Z,2026-08-17T18:48:05Z,
45.141.84.60,ipv4,malicious-ip,medium,WHITE,ziyadnz/hourly-ipv4,ziyadnz|hourly,2026-08-17T18:48:05Z,2026-08-17T18:48:05Z,
45.141.87.216,ipv4,malicious-ip,medium,WHITE,ziyadnz/hourly-ipv4,ziyadnz|hourly,2026-08-17T18:48:05Z,2026-08-17T18:48:05Z,
45.141.87.55,ipv4,malicious-ip,medium,WHITE,ziyadnz/hourly-ipv4,ziyadnz|hourly,2026-08-17T18:48:05Z,2026-08-17T18:48:05Z,
45.142.104.70,ipv4,malicious-ip,medium,WHITE,ziyadnz/hourly-ipv4,ziyadnz|hourly,2026-08-17T18:48:05Z,2026-08-17T18:48:05Z,
45.142.114.142,ipv4,malicious-ip,medium,WHITE,ziyadnz/hourly-ipv4,ziyadnz|hourly,2026-08-17T18:48:05Z,2026-08-17T18:48:05Z,
45.142.114.231,ipv4,malicious-ip,medium,WHITE,ziyadnz/hourly-ipv4,ziyadnz|hourly,2026-08-17T18:48:05Z,2026-08-17T18:48:05Z,
45.142.122.12,ipv4,malicious-ip,medium,WHITE,ziyadnz/hourly-ipv4,ziyadnz|hourly,2026-08-17T18:48:05Z,2026-08-17T18:48:05Z,
45.142.122.92,ipv4,malicious-ip,medium,WHITE,ziyadnz/hourly-ipv4,ziyadnz|hourly,2026-08-17T18:48:05Z,2026-08-17T18:48:05Z,
45.142.154.108,ipv4,malicious-ip,medium,WHITE,ziyadnz/hourly-ipv4,ziyadnz|hourly,2026-08-17T18:48:05Z,2026-08-17T18:48:05Z,
45.142.182.103,ipv4,malicious-ip,medium,WHITE,ziyadnz/hourly-ipv4,ziyadnz|hourly,2026-08-17T18:48:05Z,2026-08-17T18:48:05Z,
45.142.182.126,ipv4,malicious-ip,medium,WHITE,ziyadnz/hourly-ipv4,ziyadnz|hourly,2026-08-17T18:48:05Z,2026-08-17T18:48:05Z,
45.142.182.96,ipv4,malicious-ip,medium,WHITE,ziyadnz/hourly-ipv4,ziyadnz|hourly,2026-08-17T18:48:05Z,2026-08-17T18:48:05Z,
45.142.193.119,ipv4,malicious-ip,medium,WHITE,ziyadnz/hourly-ipv4,ziyadnz|hourly,2026-08-17T18:48:05Z,2026-08-17T18:48:05Z,
45.142.193.144,ipv4,malicious-ip,medium,WHITE,ziyadnz/hourly-ipv4,ziyadnz|hourly,2026-08-17T18:48:05Z,2026-08-17T18:48:05Z,
45.142.193.168,ipv4,malicious-ip,medium,WHITE,ziyadnz/hourly-ipv4,ziyadnz|hourly,2026-08-17T18:48:05Z,2026-08-17T18:48:05Z,
45.142.193.169,ipv4,malicious-ip,medium,WHITE,ziyadnz/hourly-ipv4,ziyadnz|hourly,2026-08-17T18:48:05Z,2026-08-17T18:48:05Z,
45.142.193.18,ipv4,malicious-ip,medium,WHITE,ziyadnz/hourly-ipv4,ziyadnz|hourly,2026-08-17T18:48:05Z,2026-08-17T18:48:05Z,
45.142.193.196,ipv4,malicious-ip,medium,WHITE,ziyadnz/hourly-ipv4,ziyadnz|hourly,2026-08-17T18:48:05Z,2026-08-17T18:48:05Z,
45.142.193.35,ipv4,malicious-ip,medium,WHITE,ziyadnz/hourly-ipv4,ziyadnz|hourly,2026-08-17T18:48:05Z,2026-08-17T18:48:05Z,
45.142.195.99,ipv4,malicious-ip,medium,WHITE,ziyadnz/hourly-ipv4,ziyadnz|hourly,2026-08-17T18:48:05Z,2026-08-17T18:48:05Z,
45.142.212.100,ipv4,malicious-ip,medium,WHITE,ziyadnz/hourly-ipv4,ziyadnz|hourly,2026-08-17T18:48:05Z,2026-08-17T18:48:05Z,
45.142.212.21,ipv4,malicious-ip,medium,WHITE,ziyadnz/hourly-ipv4,ziyadnz|hourly,2026-08-17T18:48:05Z,2026-08-17T18:48:05Z,
45.142.213.108,ipv4,malicious-ip,medium,WHITE,ziyadnz/hourly-ipv4,ziyadnz|hourly,2026-08-17T18:48:05Z,2026-08-17T18:48:05Z,
45.142.214.31,ipv4,malicious-ip,medium,WHITE,ziyadnz/hourly-ipv4,ziyadnz|hourly,2026-08-17T18:48:05Z,2026-08-17T18:48:05Z,
45.143.138.133,ipv4,malicious-ip,medium,WHITE,ziyadnz/hourly-ipv4,ziyadnz|hourly,2026-08-17T18:48:05Z,2026-08-17T18:48:05Z,
45.143.166.230,ipv4,malicious-ip,medium,WHITE,ziyadnz/hourly-ipv4,ziyadnz|hourly,2026-08-17T18:48:05Z,2026-08-17T18:48:05Z,
45.143.167.56,ipv4,malicious-ip,medium,WHITE,ziyadnz/hourly-ipv4,ziyadnz|hourly,2026-08-17T18:48:05Z,2026-08-17T18:48:05Z,
45.143.167.87,ipv4,malicious-ip,medium,WHITE,ziyadnz/hourly-ipv4,ziyadnz|hourly,2026-08-17T18:48:05Z,2026-08-17T18:48:05Z,
45.143.198.130,ipv4,malicious-ip,medium,WHITE,ziyadnz/hourly-ipv4,ziyadnz|hourly,2026-08-17T18:48:05Z,2026-08-17T18:48:05Z,
45.143.200.14,ipv4,malicious-ip,medium,WHITE,ziyadnz/hourly-ipv4,ziyadnz|hourly,2026-08-17T18:48:05Z,2026-08-17T18:48:05Z,
45.143.200.246,ipv4,malicious-ip,medium,WHITE,ziyadnz/hourly-ipv4,ziyadnz|hourly,2026-08-17T18:48:05Z,2026-08-17T18:48:05Z,
45.143.201.238,ipv4,malicious-ip,medium,WHITE,ziyadnz/hourly-ipv4,ziyadnz|hourly,2026-08-17T18:48:05Z,2026-08-17T18:48:05Z,
45.143.201.87,ipv4,malicious-ip,medium,WHITE,ziyadnz/hourly-ipv4,ziyadnz|hourly,2026-08-17T18:48:05Z,2026-08-17T18:48:05Z,
45.143.203.220,ipv4,malicious-ip,medium,WHITE,ziyadnz/hourly-ipv4,ziyadnz|hourly,2026-08-17T18:48:05Z,2026-08-17T18:48:05Z,
45.143.223.133,ipv4,malicious-ip,medium,WHITE,ziyadnz/hourly-ipv4,ziyadnz|hourly,2026-08-17T18:48:05Z,2026-08-17T18:48:05Z,
45.143.223.146,ipv4,malicious-ip,medium,WHITE,ziyadnz/hourly-ipv4,ziyadnz|hourly,2026-08-17T18:48:05Z,2026-08-17T18:48:05Z,
45.143.223.179,ipv4,malicious-ip,medium,WHITE,ziyadnz/hourly-ipv4,ziyadnz|hourly,2026-08-17T18:48:05Z,2026-08-17T18:48:05Z,
45.143.99.49,ipv4,malicious-ip,medium,WHITE,ziyadnz/hourly-ipv4,ziyadnz|hourly,2026-08-17T18:48:05Z,2026-08-17T18:48:05Z,
45.144.134.9,ipv4,malicious-ip,medium,WHITE,ziyadnz/hourly-ipv4,ziyadnz|hourly,2026-08-17T18:48:05Z,2026-08-17T18:48:05Z,
45.144.153.227,ipv4,malicious-ip,medium,WHITE,ziyadnz/hourly-ipv4,ziyadnz|hourly,2026-08-17T18:48:05Z,2026-08-17T18:48:05Z,
45.144.154.121,ipv4,malicious-ip,medium,WHITE,ziyadnz/hourly-ipv4,ziyadnz|hourly,2026-08-17T18:48:05Z,2026-08-17T18:48:05Z,
45.144.154.134,ipv4,malicious-ip,medium,WHITE,ziyadnz/hourly-ipv4,ziyadnz|hourly,2026-08-17T18:48:05Z,2026-08-17T18:48:05Z,
45.144.165.66,ipv4,malicious-ip,medium,WHITE,ziyadnz/hourly-ipv4,ziyadnz|hourly,2026-08-17T18:48:05Z,2026-08-17T18:48:05Z,
45.144.212.205,ipv4,malicious-ip,medium,WHITE,ziyadnz/hourly-ipv4,ziyadnz|hourly,2026-08-17T18:48:05Z,2026-08-17T18:48:05Z,
45.144.212.40,ipv4,malicious-ip,medium,WHITE,ziyadnz/hourly-ipv4,ziyadnz|hourly,2026-08-17T18:48:05Z,2026-08-17T18:48:05Z,
45.144.212.47,ipv4,malicious-ip,medium,WHITE,ziyadnz/hourly-ipv4,ziyadnz|hourly,2026-08-17T18:48:05Z,2026-08-17T18:48:05Z,
45.144.212.52,ipv4,malicious-ip,medium,WHITE,ziyadnz/hourly-ipv4,ziyadnz|hourly,2026-08-17T18:48:05Z,2026-08-17T18:48:05Z,
45.144.212.54,ipv4,malicious-ip,medium,WHITE,ziyadnz/hourly-ipv4,ziyadnz|hourly,2026-08-17T18:48:05Z,2026-08-17T18:48:05Z,
45.144.212.75,ipv4,malicious-ip,medium,WHITE,ziyadnz/hourly-ipv4,ziyadnz|hourly,2026-08-17T18:48:05Z,2026-08-17T18:48:05Z,
45.144.232.99,ipv4,malicious-ip,medium,WHITE,ziyadnz/hourly-ipv4,ziyadnz|hourly,2026-08-17T18:48:05Z,2026-08-17T18:48:05Z,
45.144.233.139,ipv4,malicious-ip,medium,WHITE,ziyadnz/hourly-ipv4,ziyadnz|hourly,2026-08-17T18:48:05Z,2026-08-17T18:48:05Z,
45.144.28.76,ipv4,malicious-ip,medium,WHITE,ziyadnz/hourly-ipv4,ziyadnz|hourly,2026-08-17T18:48:05Z,2026-08-17T18:48:05Z,
45.144.29.176,ipv4,malicious-ip,medium,WHITE,ziyadnz/hourly-ipv4,ziyadnz|hourly,2026-08-17T18:48:05Z,2026-08-17T18:48:05Z,
45.144.29.243,ipv4,malicious-ip,medium,WHITE,ziyadnz/hourly-ipv4,ziyadnz|hourly,2026-08-17T18:48:05Z,2026-08-17T18:48:05Z,
45.144.3.216,ipv4,malicious-ip,medium,WHITE,ziyadnz/hourly-ipv4,ziyadnz|hourly,2026-08-17T18:48:05Z,2026-08-17T18:48:05Z,
45.144.30.146,ipv4,malicious-ip,medium,WHITE,ziyadnz/hourly-ipv4,ziyadnz|hourly,2026-08-17T18:48:05Z,2026-08-17T18:48:05Z,
45.144.31.57,ipv4,malicious-ip,medium,WHITE,ziyadnz/hourly-ipv4,ziyadnz|hourly,2026-08-17T18:48:05Z,2026-08-17T18:48:05Z,
45.144.53.145,ipv4,malicious-ip,medium,WHITE,ziyadnz/hourly-ipv4,ziyadnz|hourly,2026-08-17T18:48:05Z,2026-08-17T18:48:05Z,
45.145.185.229,ipv4,malicious-ip,medium,WHITE,ziyadnz/hourly-ipv4,ziyadnz|hourly,2026-08-17T18:48:05Z,2026-08-17T18:48:05Z,
45.145.42.234,ipv4,malicious-ip,medium,WHITE,ziyadnz/hourly-ipv4,ziyadnz|hourly,2026-08-17T18:48:05Z,2026-08-17T18:48:05Z,
45.145.6.112,ipv4,malicious-ip,medium,WHITE,ziyadnz/hourly-ipv4,ziyadnz|hourly,2026-08-17T18:48:05Z,2026-08-17T18:48:05Z,
45.145.67.170,ipv4,malicious-ip,medium,WHITE,ziyadnz/hourly-ipv4,ziyadnz|hourly,2026-08-17T18:48:05Z,2026-08-17T18:48:05Z,
45.145.73.244,ipv4,malicious-ip,medium,WHITE,ziyadnz/hourly-ipv4,ziyadnz|hourly,2026-08-17T18:48:05Z,2026-08-17T18:48:05Z,
45.146.120.210,ipv4,malicious-ip,medium,WHITE,ziyadnz/hourly-ipv4,ziyadnz|hourly,2026-08-17T18:48:05Z,2026-08-17T18:48:05Z,
45.146.120.213,ipv4,malicious-ip,medium,WHITE,ziyadnz/hourly-ipv4,ziyadnz|hourly,2026-08-17T18:48:05Z,2026-08-17T18:48:05Z,
45.146.130.129,ipv4,malicious-ip,medium,WHITE,ziyadnz/hourly-ipv4,ziyadnz|hourly,2026-08-17T18:48:05Z,2026-08-17T18:48:05Z,
45.146.130.131,ipv4,malicious-ip,medium,WHITE,ziyadnz/hourly-ipv4,ziyadnz|hourly,2026-08-17T18:48:05Z,2026-08-17T18:48:05Z,
45.146.130.132,ipv4,malicious-ip,medium,WHITE,ziyadnz/hourly-ipv4,ziyadnz|hourly,2026-08-17T18:48:05Z,2026-08-17T18:48:05Z,
45.146.164.121,ipv4,malicious-ip,medium,WHITE,ziyadnz/hourly-ipv4,ziyadnz|hourly,2026-08-17T18:48:05Z,2026-08-17T18:48:05Z,
45.146.234.130,ipv4,malicious-ip,medium,WHITE,ziyadnz/hourly-ipv4,ziyadnz|hourly,2026-08-17T18:48:05Z,2026-08-17T18:48:05Z,
45.146.54.58,ipv4,malicious-ip,medium,WHITE,ziyadnz/hourly-ipv4,ziyadnz|hourly,2026-08-17T18:48:05Z,2026-08-17T18:48:05Z,
45.146.54.59,ipv4,malicious-ip,medium,WHITE,ziyadnz/hourly-ipv4,ziyadnz|hourly,2026-08-17T18:48:05Z,2026-08-17T18:48:05Z,
45.146.54.61,ipv4,malicious-ip,medium,WHITE,ziyadnz/hourly-ipv4,ziyadnz|hourly,2026-08-17T18:48:05Z,2026-08-17T18:48:05Z,
45.146.54.67,ipv4,malicious-ip,medium,WHITE,ziyadnz/hourly-ipv4,ziyadnz|hourly,2026-08-17T18:48:05Z,2026-08-17T18:48:05Z,
45.146.55.230,ipv4,malicious-ip,medium,WHITE,ziyadnz/hourly-ipv4,ziyadnz|hourly,2026-08-17T18:48:05Z,2026-08-17T18:48:05Z,
45.146.55.241,ipv4,malicious-ip,medium,WHITE,ziyadnz/hourly-ipv4,ziyadnz|hourly,2026-08-17T18:48:05Z,2026-08-17T18:48:05Z,
45.147.123.66,ipv4,malicious-ip,medium,WHITE,ziyadnz/hourly-ipv4,ziyadnz|hourly,2026-08-17T18:48:05Z,2026-08-17T18:48:05Z,
45.147.143.210,ipv4,malicious-ip,medium,WHITE,ziyadnz/hourly-ipv4,ziyadnz|hourly,2026-08-17T18:48:05Z,2026-08-17T18:48:05Z,
45.147.229.20,ipv4,malicious-ip,medium,WHITE,ziyadnz/hourly-ipv4,ziyadnz|hourly,2026-08-17T18:48:05Z,2026-08-17T18:48:05Z,
45.147.248.57,ipv4,malicious-ip,medium,WHITE,ziyadnz/hourly-ipv4,ziyadnz|hourly,2026-08-17T18:48:05Z,2026-08-17T18:48:05Z,
45.147.249.81,ipv4,malicious-ip,medium,WHITE,ziyadnz/hourly-ipv4,ziyadnz|hourly,2026-08-17T18:48:05Z,2026-08-17T18:48:05Z,
45.147.251.190,ipv4,malicious-ip,medium,WHITE,ziyadnz/hourly-ipv4,ziyadnz|hourly,2026-08-17T18:48:05Z,2026-08-17T18:48:05Z,
45.147.26.45,ipv4,malicious-ip,medium,WHITE,ziyadnz/hourly-ipv4,ziyadnz|hourly,2026-08-17T18:48:05Z,2026-08-17T18:48:05Z,
45.147.45.72,ipv4,malicious-ip,medium,WHITE,ziyadnz/hourly-ipv4,ziyadnz|hourly,2026-08-17T18:48:05Z,2026-08-17T18:48:05Z,
45.148.10.111,ipv4,malicious-ip,medium,WHITE,ziyadnz/hourly-ipv4,ziyadnz|hourly,2026-08-17T18:48:05Z,2026-08-17T18:48:05Z,
45.148.10.117,ipv4,malicious-ip,medium,WHITE,ziyadnz/hourly-ipv4,ziyadnz|hourly,2026-08-17T18:48:05Z,2026-08-17T18:48:05Z,
45.148.10.119,ipv4,malicious-ip,medium,WHITE,ziyadnz/hourly-ipv4,ziyadnz|hourly,2026-08-17T18:48:05Z,2026-08-17T18:48:05Z,
45.148.10.120,ipv4,malicious-ip,medium,WHITE,ziyadnz/hourly-ipv4,ziyadnz|hourly,2026-08-17T18:48:05Z,2026-08-17T18:48:05Z,
45.148.10.133,ipv4,malicious-ip,medium,WHITE,ziyadnz/hourly-ipv4,ziyadnz|hourly,2026-08-17T18:48:05Z,2026-08-17T18:48:05Z,
45.148.10.140,ipv4,malicious-ip,medium,WHITE,ziyadnz/hourly-ipv4,ziyadnz|hourly,2026-08-17T18:48:05Z,2026-08-17T18:48:05Z,
45.148.10.169,ipv4,malicious-ip,medium,WHITE,ziyadnz/hourly-ipv4,ziyadnz|hourly,2026-08-17T18:48:05Z,2026-08-17T18:48:05Z,
45.148.10.188,ipv4,malicious-ip,medium,WHITE,ziyadnz/hourly-ipv4,ziyadnz|hourly,2026-08-17T18:48:05Z,2026-08-17T18:48:05Z,
45.148.10.200,ipv4,malicious-ip,medium,WHITE,ziyadnz/hourly-ipv4,ziyadnz|hourly,2026-08-17T18:48:05Z,2026-08-17T18:48:05Z,
45.148.10.201,ipv4,malicious-ip,medium,WHITE,ziyadnz/hourly-ipv4,ziyadnz|hourly,2026-08-17T18:48:05Z,2026-08-17T18:48:05Z,
45.148.10.212,ipv4,malicious-ip,medium,WHITE,ziyadnz/hourly-ipv4,ziyadnz|hourly,2026-08-17T18:48:05Z,2026-08-17T18:48:05Z,
45.148.10.242,ipv4,malicious-ip,medium,WHITE,ziyadnz/hourly-ipv4,ziyadnz|hourly,2026-08-17T18:48:05Z,2026-08-17T18:48:05Z,
45.148.10.25,ipv4,malicious-ip,medium,WHITE,ziyadnz/hourly-ipv4,ziyadnz|hourly,2026-08-17T18:48:05Z,2026-08-17T18:48:05Z,
45.148.10.26,ipv4,malicious-ip,medium,WHITE,ziyadnz/hourly-ipv4,ziyadnz|hourly,2026-08-17T18:48:05Z,2026-08-17T18:48:05Z,
45.148.10.29,ipv4,malicious-ip,medium,WHITE,ziyadnz/hourly-ipv4,ziyadnz|hourly,2026-08-17T18:48:05Z,2026-08-17T18:48:05Z,
45.148.10.31,ipv4,malicious-ip,medium,WHITE,ziyadnz/hourly-ipv4,ziyadnz|hourly,2026-08-17T18:48:05Z,2026-08-17T18:48:05Z,
45.148.10.34,ipv4,malicious-ip,medium,WHITE,ziyadnz/hourly-ipv4,ziyadnz|hourly,2026-08-17T18:48:05Z,2026-08-17T18:48:05Z,
45.148.10.35,ipv4,malicious-ip,medium,WHITE,ziyadnz/hourly-ipv4,ziyadnz|hourly,2026-08-17T18:48:05Z,2026-08-17T18:48:05Z,
45.148.10.36,ipv4,malicious-ip,medium,WHITE,ziyadnz/hourly-ipv4,ziyadnz|hourly,2026-08-17T18:48:05Z,2026-08-17T18:48:05Z,
45.148.10.37,ipv4,malicious-ip,medium,WHITE,ziyadnz/hourly-ipv4,ziyadnz|hourly,2026-08-17T18:48:05Z,2026-08-17T18:48:05Z,
45.148.10.39,ipv4,malicious-ip,medium,WHITE,ziyadnz/hourly-ipv4,ziyadnz|hourly,2026-08-17T18:48:05Z,2026-08-17T18:48:05Z,
45.148.10.42,ipv4,malicious-ip,medium,WHITE,ziyadnz/hourly-ipv4,ziyadnz|hourly,2026-08-17T18:48:05Z,2026-08-17T18:48:05Z,
45.148.10.46,ipv4,malicious-ip,medium,WHITE,ziyadnz/hourly-ipv4,ziyadnz|hourly,2026-08-17T18:48:05Z,2026-08-17T18:48:05Z,
45.148.10.5,ipv4,malicious-ip,medium,WHITE,ziyadnz/hourly-ipv4,ziyadnz|hourly,2026-08-17T18:48:05Z,2026-08-17T18:48:05Z,
45.148.10.59,ipv4,malicious-ip,medium,WHITE,ziyadnz/hourly-ipv4,ziyadnz|hourly,2026-08-17T18:48:05Z,2026-08-17T18:48:05Z,
45.148.10.60,ipv4,malicious-ip,medium,WHITE,ziyadnz/hourly-ipv4,ziyadnz|hourly,2026-08-17T18:48:05Z,2026-08-17T18:48:05Z,
45.148.10.67,ipv4,malicious-ip,medium,WHITE,ziyadnz/hourly-ipv4,ziyadnz|hourly,2026-08-17T18:48:05Z,2026-08-17T18:48:05Z,
45.148.10.9,ipv4,malicious-ip,medium,WHITE,ziyadnz/hourly-ipv4,ziyadnz|hourly,2026-08-17T18:48:05Z,2026-08-17T18:48:05Z,
45.148.101.101,ipv4,malicious-ip,medium,WHITE,ziyadnz/hourly-ipv4,ziyadnz|hourly,2026-08-17T18:48:05Z,2026-08-17T18:48:05Z,
45.148.102.6,ipv4,malicious-ip,medium,WHITE,ziyadnz/hourly-ipv4,ziyadnz|hourly,2026-08-17T18:48:05Z,2026-08-17T18:48:05Z,
45.148.103.114,ipv4,malicious-ip,medium,WHITE,ziyadnz/hourly-ipv4,ziyadnz|hourly,2026-08-17T18:48:05Z,2026-08-17T18:48:05Z,
45.148.120.187,ipv4,malicious-ip,medium,WHITE,ziyadnz/hourly-ipv4,ziyadnz|hourly,2026-08-17T18:48:05Z,2026-08-17T18:48:05Z,
45.148.120.244,ipv4,malicious-ip,medium,WHITE,ziyadnz/hourly-ipv4,ziyadnz|hourly,2026-08-17T18:48:05Z,2026-08-17T18:48:05Z,
45.148.121.138,ipv4,malicious-ip,medium,WHITE,ziyadnz/hourly-ipv4,ziyadnz|hourly,2026-08-17T18:48:05Z,2026-08-17T18:48:05Z,
45.148.121.87,ipv4,malicious-ip,medium,WHITE,ziyadnz/hourly-ipv4,ziyadnz|hourly,2026-08-17T18:48:05Z,2026-08-17T18:48:05Z,
45.148.125.145,ipv4,malicious-ip,medium,WHITE,ziyadnz/hourly-ipv4,ziyadnz|hourly,2026-08-17T18:48:05Z,2026-08-17T18:48:05Z,
45.148.148.31,ipv4,malicious-ip,medium,WHITE,ziyadnz/hourly-ipv4,ziyadnz|hourly,2026-08-17T18:48:05Z,2026-08-17T18:48:05Z,
45.148.18.38,ipv4,malicious-ip,medium,WHITE,ziyadnz/hourly-ipv4,ziyadnz|hourly,2026-08-17T18:48:05Z,2026-08-17T18:48:05Z,
45.148.243.104,ipv4,malicious-ip,medium,WHITE,ziyadnz/hourly-ipv4,ziyadnz|hourly,2026-08-17T18:48:05Z,2026-08-17T18:48:05Z,
45.148.244.5,ipv4,malicious-ip,medium,WHITE,ziyadnz/hourly-ipv4,ziyadnz|hourly,2026-08-17T18:48:05Z,2026-08-17T18:48:05Z,
45.148.30.122,ipv4,malicious-ip,medium,WHITE,ziyadnz/hourly-ipv4,ziyadnz|hourly,2026-08-17T18:48:05Z,2026-08-17T18:48:05Z,
45.148.65.28,ipv4,malicious-ip,medium,WHITE,ziyadnz/hourly-ipv4,ziyadnz|hourly,2026-08-17T18:48:05Z,2026-08-17T18:48:05Z,
45.148.9.200,ipv4,malicious-ip,medium,WHITE,ziyadnz/hourly-ipv4,ziyadnz|hourly,2026-08-17T18:48:05Z,2026-08-17T18:48:05Z,
45.149.145.160,ipv4,malicious-ip,medium,WHITE,ziyadnz/hourly-ipv4,ziyadnz|hourly,2026-08-17T18:48:05Z,2026-08-17T18:48:05Z,
45.149.187.198,ipv4,malicious-ip,medium,WHITE,ziyadnz/hourly-ipv4,ziyadnz|hourly,2026-08-17T18:48:05Z,2026-08-17T18:48:05Z,
45.15.156.113,ipv4,malicious-ip,medium,WHITE,ziyadnz/hourly-ipv4,ziyadnz|hourly,2026-08-17T18:48:05Z,2026-08-17T18:48:05Z,
45.15.156.12,ipv4,malicious-ip,medium,WHITE,ziyadnz/hourly-ipv4,ziyadnz|hourly,2026-08-17T18:48:05Z,2026-08-17T18:48:05Z,
45.15.156.143,ipv4,malicious-ip,medium,WHITE,ziyadnz/hourly-ipv4,ziyadnz|hourly,2026-08-17T18:48:05Z,2026-08-17T18:48:05Z,
45.15.156.144,ipv4,malicious-ip,medium,WHITE,ziyadnz/hourly-ipv4,ziyadnz|hourly,2026-08-17T18:48:05Z,2026-08-17T18:48:05Z,
45.15.156.145,ipv4,malicious-ip,medium,WHITE,ziyadnz/hourly-ipv4,ziyadnz|hourly,2026-08-17T18:48:05Z,2026-08-17T18:48:05Z,
45.15.156.15,ipv4,malicious-ip,medium,WHITE,ziyadnz/hourly-ipv4,ziyadnz|hourly,2026-08-17T18:48:05Z,2026-08-17T18:48:05Z,
45.15.156.175,ipv4,malicious-ip,medium,WHITE,ziyadnz/hourly-ipv4,ziyadnz|hourly,2026-08-17T18:48:05Z,2026-08-17T18:48:05Z,
45.15.156.178,ipv4,malicious-ip,medium,WHITE,ziyadnz/hourly-ipv4,ziyadnz|hourly,2026-08-17T18:48:05Z,2026-08-17T18:48:05Z,
45.15.156.187,ipv4,malicious-ip,medium,WHITE,ziyadnz/hourly-ipv4,ziyadnz|hourly,2026-08-17T18:48:05Z,2026-08-17T18:48:05Z,
45.15.156.198,ipv4,malicious-ip,medium,WHITE,ziyadnz/hourly-ipv4,ziyadnz|hourly,2026-08-17T18:48:05Z,2026-08-17T18:48:05Z,
45.15.156.201,ipv4,malicious-ip,medium,WHITE,ziyadnz/hourly-ipv4,ziyadnz|hourly,2026-08-17T18:48:05Z,2026-08-17T18:48:05Z,
45.15.156.206,ipv4,malicious-ip,medium,WHITE,ziyadnz/hourly-ipv4,ziyadnz|hourly,2026-08-17T18:48:05Z,2026-08-17T18:48:05Z,
45.15.156.208,ipv4,malicious-ip,medium,WHITE,ziyadnz/hourly-ipv4,ziyadnz|hourly,2026-08-17T18:48:05Z,2026-08-17T18:48:05Z,
45.15.156.210,ipv4,malicious-ip,medium,WHITE,ziyadnz/hourly-ipv4,ziyadnz|hourly,2026-08-17T18:48:05Z,2026-08-17T18:48:05Z,
45.15.156.22,ipv4,malicious-ip,medium,WHITE,ziyadnz/hourly-ipv4,ziyadnz|hourly,2026-08-17T18:48:05Z,2026-08-17T18:48:05Z,
45.15.156.226,ipv4,malicious-ip,medium,WHITE,ziyadnz/hourly-ipv4,ziyadnz|hourly,2026-08-17T18:48:05Z,2026-08-17T18:48:05Z,
45.15.156.233,ipv4,malicious-ip,medium,WHITE,ziyadnz/hourly-ipv4,ziyadnz|hourly,2026-08-17T18:48:05Z,2026-08-17T18:48:05Z,
45.15.156.234,ipv4,malicious-ip,medium,WHITE,ziyadnz/hourly-ipv4,ziyadnz|hourly,2026-08-17T18:48:05Z,2026-08-17T18:48:05Z,
45.15.156.238,ipv4,malicious-ip,medium,WHITE,ziyadnz/hourly-ipv4,ziyadnz|hourly,2026-08-17T18:48:05Z,2026-08-17T18:48:05Z,
45.15.156.24,ipv4,malicious-ip,medium,WHITE,ziyadnz/hourly-ipv4,ziyadnz|hourly,2026-08-17T18:48:05Z,2026-08-17T18:48:05Z,
45.15.156.240,ipv4,malicious-ip,medium,WHITE,ziyadnz/hourly-ipv4,ziyadnz|hourly,2026-08-17T18:48:05Z,2026-08-17T18:48:05Z,
45.15.156.246,ipv4,malicious-ip,medium,WHITE,ziyadnz/hourly-ipv4,ziyadnz|hourly,2026-08-17T18:48:05Z,2026-08-17T18:48:05Z,
45.15.156.249,ipv4,malicious-ip,medium,WHITE,ziyadnz/hourly-ipv4,ziyadnz|hourly,2026-08-17T18:48:05Z,2026-08-17T18:48:05Z,
45.15.156.250,ipv4,malicious-ip,medium,WHITE,ziyadnz/hourly-ipv4,ziyadnz|hourly,2026-08-17T18:48:05Z,2026-08-17T18:48:05Z,
45.15.156.26,ipv4,malicious-ip,medium,WHITE,ziyadnz/hourly-ipv4,ziyadnz|hourly,2026-08-17T18:48:05Z,2026-08-17T18:48:05Z,
45.15.156.33,ipv4,malicious-ip,medium,WHITE,ziyadnz/hourly-ipv4,ziyadnz|hourly,2026-08-17T18:48:05Z,2026-08-17T18:48:05Z,
45.15.156.50,ipv4,malicious-ip,medium,WHITE,ziyadnz/hourly-ipv4,ziyadnz|hourly,2026-08-17T18:48:05Z,2026-08-17T18:48:05Z,
45.15.158.124,ipv4,malicious-ip,medium,WHITE,ziyadnz/hourly-ipv4,ziyadnz|hourly,2026-08-17T18:48:05Z,2026-08-17T18:48:05Z,
45.15.158.154,ipv4,malicious-ip,medium,WHITE,ziyadnz/hourly-ipv4,ziyadnz|hourly,2026-08-17T18:48:05Z,2026-08-17T18:48:05Z,
45.15.159.199,ipv4,malicious-ip,medium,WHITE,ziyadnz/hourly-ipv4,ziyadnz|hourly,2026-08-17T18:48:05Z,2026-08-17T18:48:05Z,
45.15.159.249,ipv4,malicious-ip,medium,WHITE,ziyadnz/hourly-ipv4,ziyadnz|hourly,2026-08-17T18:48:05Z,2026-08-17T18:48:05Z,
45.15.17.67,ipv4,malicious-ip,medium,WHITE,ziyadnz/hourly-ipv4,ziyadnz|hourly,2026-08-17T18:48:05Z,2026-08-17T18:48:05Z,
45.15.178.230,ipv4,malicious-ip,medium,WHITE,ziyadnz/hourly-ipv4,ziyadnz|hourly,2026-08-17T18:48:05Z,2026-08-17T18:48:05Z,
45.15.224.178,ipv4,malicious-ip,medium,WHITE,ziyadnz/hourly-ipv4,ziyadnz|hourly,2026-08-17T18:48:05Z,2026-08-17T18:48:05Z,
45.15.225.120,ipv4,malicious-ip,medium,WHITE,ziyadnz/hourly-ipv4,ziyadnz|hourly,2026-08-17T18:48:05Z,2026-08-17T18:48:05Z,
45.15.225.137,ipv4,malicious-ip,medium,WHITE,ziyadnz/hourly-ipv4,ziyadnz|hourly,2026-08-17T18:48:05Z,2026-08-17T18:48:05Z,
45.15.226.100,ipv4,malicious-ip,medium,WHITE,ziyadnz/hourly-ipv4,ziyadnz|hourly,2026-08-17T18:48:05Z,2026-08-17T18:48:05Z,
45.15.226.44,ipv4,malicious-ip,medium,WHITE,ziyadnz/hourly-ipv4,ziyadnz|hourly,2026-08-17T18:48:05Z,2026-08-17T18:48:05Z,
45.150.108.242,ipv4,malicious-ip,medium,WHITE,ziyadnz/hourly-ipv4,ziyadnz|hourly,2026-08-17T18:48:05Z,2026-08-17T18:48:05Z,
45.150.108.67,ipv4,malicious-ip,medium,WHITE,ziyadnz/hourly-ipv4,ziyadnz|hourly,2026-08-17T18:48:05Z,2026-08-17T18:48:05Z,
45.150.110.177,ipv4,malicious-ip,medium,WHITE,ziyadnz/hourly-ipv4,ziyadnz|hourly,2026-08-17T18:48:05Z,2026-08-17T18:48:05Z,
45.150.174.89,ipv4,malicious-ip,medium,WHITE,ziyadnz/hourly-ipv4,ziyadnz|hourly,2026-08-17T18:48:05Z,2026-08-17T18:48:05Z,
45.150.174.97,ipv4,malicious-ip,medium,WHITE,ziyadnz/hourly-ipv4,ziyadnz|hourly,2026-08-17T18:48:05Z,2026-08-17T18:48:05Z,
45.150.195.235,ipv4,malicious-ip,medium,WHITE,ziyadnz/hourly-ipv4,ziyadnz|hourly,2026-08-17T18:48:05Z,2026-08-17T18:48:05Z,
45.150.25.220,ipv4,malicious-ip,medium,WHITE,ziyadnz/hourly-ipv4,ziyadnz|hourly,2026-08-17T18:48:05Z,2026-08-17T18:48:05Z,
45.150.34.158,ipv4,malicious-ip,medium,WHITE,ziyadnz/hourly-ipv4,ziyadnz|hourly,2026-08-17T18:48:05Z,2026-08-17T18:48:05Z,
45.150.51.120,ipv4,malicious-ip,medium,WHITE,ziyadnz/hourly-ipv4,ziyadnz|hourly,2026-08-17T18:48:05Z,2026-08-17T18:48:05Z,
45.150.51.123,ipv4,malicious-ip,medium,WHITE,ziyadnz/hourly-ipv4,ziyadnz|hourly,2026-08-17T18:48:05Z,2026-08-17T18:48:05Z,
45.150.65.27,ipv4,malicious-ip,medium,WHITE,ziyadnz/hourly-ipv4,ziyadnz|hourly,2026-08-17T18:48:05Z,2026-08-17T18:48:05Z,
45.150.66.175,ipv4,malicious-ip,medium,WHITE,ziyadnz/hourly-ipv4,ziyadnz|hourly,2026-08-17T18:48:05Z,2026-08-17T18:48:05Z,
45.150.66.187,ipv4,malicious-ip,medium,WHITE,ziyadnz/hourly-ipv4,ziyadnz|hourly,2026-08-17T18:48:05Z,2026-08-17T18:48:05Z,
45.150.67.235,ipv4,malicious-ip,medium,WHITE,ziyadnz/hourly-ipv4,ziyadnz|hourly,2026-08-17T18:48:05Z,2026-08-17T18:48:05Z,
45.151.143.11,ipv4,malicious-ip,medium,WHITE,ziyadnz/hourly-ipv4,ziyadnz|hourly,2026-08-17T18:48:05Z,2026-08-17T18:48:05Z,
45.151.144.19,ipv4,malicious-ip,medium,WHITE,ziyadnz/hourly-ipv4,ziyadnz|hourly,2026-08-17T18:48:05Z,2026-08-17T18:48:05Z,
45.151.18.102,ipv4,malicious-ip,medium,WHITE,ziyadnz/hourly-ipv4,ziyadnz|hourly,2026-08-17T18:48:05Z,2026-08-17T18:48:05Z,
45.151.81.138,ipv4,malicious-ip,medium,WHITE,ziyadnz/hourly-ipv4,ziyadnz|hourly,2026-08-17T18:48:05Z,2026-08-17T18:48:05Z,
45.151.82.139,ipv4,malicious-ip,medium,WHITE,ziyadnz/hourly-ipv4,ziyadnz|hourly,2026-08-17T18:48:05Z,2026-08-17T18:48:05Z,
45.151.91.187,ipv4,malicious-ip,medium,WHITE,ziyadnz/hourly-ipv4,ziyadnz|hourly,2026-08-17T18:48:05Z,2026-08-17T18:48:05Z,
45.151.91.4,ipv4,malicious-ip,medium,WHITE,ziyadnz/hourly-ipv4,ziyadnz|hourly,2026-08-17T18:48:05Z,2026-08-17T18:48:05Z,
45.151.91.48,ipv4,malicious-ip,medium,WHITE,ziyadnz/hourly-ipv4,ziyadnz|hourly,2026-08-17T18:48:05Z,2026-08-17T18:48:05Z,
45.152.112.110,ipv4,malicious-ip,medium,WHITE,ziyadnz/hourly-ipv4,ziyadnz|hourly,2026-08-17T18:48:05Z,2026-08-17T18:48:05Z,
45.152.115.161,ipv4,malicious-ip,medium,WHITE,ziyadnz/hourly-ipv4,ziyadnz|hourly,2026-08-17T18:48:05Z,2026-08-17T18:48:05Z,
45.152.198.74,ipv4,malicious-ip,medium,WHITE,ziyadnz/hourly-ipv4,ziyadnz|hourly,2026-08-17T18:48:05Z,2026-08-17T18:48:05Z,
45.152.67.20,ipv4,malicious-ip,medium,WHITE,ziyadnz/hourly-ipv4,ziyadnz|hourly,2026-08-17T18:48:05Z,2026-08-17T18:48:05Z,
45.152.73.11,ipv4,malicious-ip,medium,WHITE,ziyadnz/hourly-ipv4,ziyadnz|hourly,2026-08-17T18:48:05Z,2026-08-17T18:48:05Z,
45.152.85.15,ipv4,malicious-ip,medium,WHITE,ziyadnz/hourly-ipv4,ziyadnz|hourly,2026-08-17T18:48:05Z,2026-08-17T18:48:05Z,
45.153.102.177,ipv4,malicious-ip,medium,WHITE,ziyadnz/hourly-ipv4,ziyadnz|hourly,2026-08-17T18:48:05Z,2026-08-17T18:48:05Z,
45.153.127.224,ipv4,malicious-ip,medium,WHITE,ziyadnz/hourly-ipv4,ziyadnz|hourly,2026-08-17T18:48:05Z,2026-08-17T18:48:05Z,
45.153.162.242,ipv4,malicious-ip,medium,WHITE,ziyadnz/hourly-ipv4,ziyadnz|hourly,2026-08-17T18:48:05Z,2026-08-17T18:48:05Z,
45.153.240.73,ipv4,malicious-ip,medium,WHITE,ziyadnz/hourly-ipv4,ziyadnz|hourly,2026-08-17T18:48:05Z,2026-08-17T18:48:05Z,
45.153.240.94,ipv4,malicious-ip,medium,WHITE,ziyadnz/hourly-ipv4,ziyadnz|hourly,2026-08-17T18:48:05Z,2026-08-17T18:48:05Z,
45.153.243.142,ipv4,malicious-ip,medium,WHITE,ziyadnz/hourly-ipv4,ziyadnz|hourly,2026-08-17T18:48:05Z,2026-08-17T18:48:05Z,
45.153.243.39,ipv4,malicious-ip,medium,WHITE,ziyadnz/hourly-ipv4,ziyadnz|hourly,2026-08-17T18:48:05Z,2026-08-17T18:48:05Z,
45.153.243.93,ipv4,malicious-ip,medium,WHITE,ziyadnz/hourly-ipv4,ziyadnz|hourly,2026-08-17T18:48:05Z,2026-08-17T18:48:05Z,
45.153.34.0,ipv4,malicious-ip,medium,WHITE,ziyadnz/hourly-ipv4,ziyadnz|hourly,2026-08-17T18:48:05Z,2026-08-17T18:48:05Z,
45.153.34.156,ipv4,malicious-ip,medium,WHITE,ziyadnz/hourly-ipv4,ziyadnz|hourly,2026-08-17T18:48:05Z,2026-08-17T18:48:05Z,
45.153.34.158,ipv4,malicious-ip,medium,WHITE,ziyadnz/hourly-ipv4,ziyadnz|hourly,2026-08-17T18:48:05Z,2026-08-17T18:48:05Z,
45.153.34.170,ipv4,malicious-ip,medium,WHITE,ziyadnz/hourly-ipv4,ziyadnz|hourly,2026-08-17T18:48:05Z,2026-08-17T18:48:05Z,
45.153.34.187,ipv4,malicious-ip,medium,WHITE,ziyadnz/hourly-ipv4,ziyadnz|hourly,2026-08-17T18:48:05Z,2026-08-17T18:48:05Z,
45.153.34.195,ipv4,malicious-ip,medium,WHITE,ziyadnz/hourly-ipv4,ziyadnz|hourly,2026-08-17T18:48:05Z,2026-08-17T18:48:05Z,
45.153.34.203,ipv4,malicious-ip,medium,WHITE,ziyadnz/hourly-ipv4,ziyadnz|hourly,2026-08-17T18:48:05Z,2026-08-17T18:48:05Z,
45.153.34.204,ipv4,malicious-ip,medium,WHITE,ziyadnz/hourly-ipv4,ziyadnz|hourly,2026-08-17T18:48:05Z,2026-08-17T18:48:05Z,
45.153.34.205,ipv4,malicious-ip,medium,WHITE,ziyadnz/hourly-ipv4,ziyadnz|hourly,2026-08-17T18:48:05Z,2026-08-17T18:48:05Z,
45.153.34.219,ipv4,malicious-ip,medium,WHITE,ziyadnz/hourly-ipv4,ziyadnz|hourly,2026-08-17T18:48:05Z,2026-08-17T18:48:05Z,
45.153.34.226,ipv4,malicious-ip,medium,WHITE,ziyadnz/hourly-ipv4,ziyadnz|hourly,2026-08-17T18:48:05Z,2026-08-17T18:48:05Z,
45.153.34.231,ipv4,malicious-ip,medium,WHITE,ziyadnz/hourly-ipv4,ziyadnz|hourly,2026-08-17T18:48:05Z,2026-08-17T18:48:05Z,
45.153.34.235,ipv4,malicious-ip,medium,WHITE,ziyadnz/hourly-ipv4,ziyadnz|hourly,2026-08-17T18:48:05Z,2026-08-17T18:48:05Z,
45.153.34.236,ipv4,malicious-ip,medium,WHITE,ziyadnz/hourly-ipv4,ziyadnz|hourly,2026-08-17T18:48:05Z,2026-08-17T18:48:05Z,
45.153.34.252,ipv4,malicious-ip,medium,WHITE,ziyadnz/hourly-ipv4,ziyadnz|hourly,2026-08-17T18:48:05Z,2026-08-17T18:48:05Z,
45.153.34.26,ipv4,malicious-ip,medium,WHITE,ziyadnz/hourly-ipv4,ziyadnz|hourly,2026-08-17T18:48:05Z,2026-08-17T18:48:05Z,
45.153.34.43,ipv4,malicious-ip,medium,WHITE,ziyadnz/hourly-ipv4,ziyadnz|hourly,2026-08-17T18:48:05Z,2026-08-17T18:48:05Z,
45.153.34.54,ipv4,malicious-ip,medium,WHITE,ziyadnz/hourly-ipv4,ziyadnz|hourly,2026-08-17T18:48:05Z,2026-08-17T18:48:05Z,
45.153.34.85,ipv4,malicious-ip,medium,WHITE,ziyadnz/hourly-ipv4,ziyadnz|hourly,2026-08-17T18:48:05Z,2026-08-17T18:48:05Z,
45.153.34.87,ipv4,malicious-ip,medium,WHITE,ziyadnz/hourly-ipv4,ziyadnz|hourly,2026-08-17T18:48:05Z,2026-08-17T18:48:05Z,
45.154.1.144,ipv4,malicious-ip,medium,WHITE,ziyadnz/hourly-ipv4,ziyadnz|hourly,2026-08-17T18:48:05Z,2026-08-17T18:48:05Z,
45.154.116.147,ipv4,malicious-ip,medium,WHITE,ziyadnz/hourly-ipv4,ziyadnz|hourly,2026-08-17T18:48:05Z,2026-08-17T18:48:05Z,
45.154.12.132,ipv4,malicious-ip,medium,WHITE,ziyadnz/hourly-ipv4,ziyadnz|hourly,2026-08-17T18:48:05Z,2026-08-17T18:48:05Z,
45.154.12.151,ipv4,malicious-ip,medium,WHITE,ziyadnz/hourly-ipv4,ziyadnz|hourly,2026-08-17T18:48:05Z,2026-08-17T18:48:05Z,
45.154.12.202,ipv4,malicious-ip,medium,WHITE,ziyadnz/hourly-ipv4,ziyadnz|hourly,2026-08-17T18:48:05Z,2026-08-17T18:48:05Z,
45.154.12.246,ipv4,malicious-ip,medium,WHITE,ziyadnz/hourly-ipv4,ziyadnz|hourly,2026-08-17T18:48:05Z,2026-08-17T18:48:05Z,
45.154.12.93,ipv4,malicious-ip,medium,WHITE,ziyadnz/hourly-ipv4,ziyadnz|hourly,2026-08-17T18:48:05Z,2026-08-17T18:48:05Z,
45.154.13.129,ipv4,malicious-ip,medium,WHITE,ziyadnz/hourly-ipv4,ziyadnz|hourly,2026-08-17T18:48:05Z,2026-08-17T18:48:05Z,
45.154.138.80,ipv4,malicious-ip,medium,WHITE,ziyadnz/hourly-ipv4,ziyadnz|hourly,2026-08-17T18:48:05Z,2026-08-17T18:48:05Z,
45.154.138.97,ipv4,malicious-ip,medium,WHITE,ziyadnz/hourly-ipv4,ziyadnz|hourly,2026-08-17T18:48:05Z,2026-08-17T18:48:05Z,
45.154.153.17,ipv4,malicious-ip,medium,WHITE,ziyadnz/hourly-ipv4,ziyadnz|hourly,2026-08-17T18:48:05Z,2026-08-17T18:48:05Z,
45.154.153.3,ipv4,malicious-ip,medium,WHITE,ziyadnz/hourly-ipv4,ziyadnz|hourly,2026-08-17T18:48:05Z,2026-08-17T18:48:05Z,
45.154.155.21,ipv4,malicious-ip,medium,WHITE,ziyadnz/hourly-ipv4,ziyadnz|hourly,2026-08-17T18:48:05Z,2026-08-17T18:48:05Z,
45.154.24.230,ipv4,malicious-ip,medium,WHITE,ziyadnz/hourly-ipv4,ziyadnz|hourly,2026-08-17T18:48:05Z,2026-08-17T18:48:05Z,
45.154.24.57,ipv4,malicious-ip,medium,WHITE,ziyadnz/hourly-ipv4,ziyadnz|hourly,2026-08-17T18:48:05Z,2026-08-17T18:48:05Z,
45.154.244.153,ipv4,malicious-ip,medium,WHITE,ziyadnz/hourly-ipv4,ziyadnz|hourly,2026-08-17T18:48:05Z,2026-08-17T18:48:05Z,
45.154.244.156,ipv4,malicious-ip,medium,WHITE,ziyadnz/hourly-ipv4,ziyadnz|hourly,2026-08-17T18:48:05Z,2026-08-17T18:48:05Z,
45.154.244.222,ipv4,malicious-ip,medium,WHITE,ziyadnz/hourly-ipv4,ziyadnz|hourly,2026-08-17T18:48:05Z,2026-08-17T18:48:05Z,
45.154.58.190,ipv4,malicious-ip,medium,WHITE,ziyadnz/hourly-ipv4,ziyadnz|hourly,2026-08-17T18:48:05Z,2026-08-17T18:48:05Z,
45.154.96.18,ipv4,malicious-ip,medium,WHITE,ziyadnz/hourly-ipv4,ziyadnz|hourly,2026-08-17T18:48:05Z,2026-08-17T18:48:05Z,
45.154.98.101,ipv4,malicious-ip,medium,WHITE,ziyadnz/hourly-ipv4,ziyadnz|hourly,2026-08-17T18:48:05Z,2026-08-17T18:48:05Z,
45.154.98.128,ipv4,malicious-ip,medium,WHITE,ziyadnz/hourly-ipv4,ziyadnz|hourly,2026-08-17T18:48:05Z,2026-08-17T18:48:05Z,
45.154.98.134,ipv4,malicious-ip,medium,WHITE,ziyadnz/hourly-ipv4,ziyadnz|hourly,2026-08-17T18:48:05Z,2026-08-17T18:48:05Z,
45.154.98.151,ipv4,malicious-ip,medium,WHITE,ziyadnz/hourly-ipv4,ziyadnz|hourly,2026-08-17T18:48:05Z,2026-08-17T18:48:05Z,
45.154.98.194,ipv4,malicious-ip,medium,WHITE,ziyadnz/hourly-ipv4,ziyadnz|hourly,2026-08-17T18:48:05Z,2026-08-17T18:48:05Z,
45.154.98.210,ipv4,malicious-ip,medium,WHITE,ziyadnz/hourly-ipv4,ziyadnz|hourly,2026-08-17T18:48:05Z,2026-08-17T18:48:05Z,
45.154.98.225,ipv4,malicious-ip,medium,WHITE,ziyadnz/hourly-ipv4,ziyadnz|hourly,2026-08-17T18:48:05Z,2026-08-17T18:48:05Z,
45.154.98.52,ipv4,malicious-ip,medium,WHITE,ziyadnz/hourly-ipv4,ziyadnz|hourly,2026-08-17T18:48:05Z,2026-08-17T18:48:05Z,
45.155.125.209,ipv4,malicious-ip,medium,WHITE,ziyadnz/hourly-ipv4,ziyadnz|hourly,2026-08-17T18:48:05Z,2026-08-17T18:48:05Z,
45.155.141.194,ipv4,malicious-ip,medium,WHITE,ziyadnz/hourly-ipv4,ziyadnz|hourly,2026-08-17T18:48:05Z,2026-08-17T18:48:05Z,
45.155.159.19,ipv4,malicious-ip,medium,WHITE,ziyadnz/hourly-ipv4,ziyadnz|hourly,2026-08-17T18:48:05Z,2026-08-17T18:48:05Z,
45.155.220.194,ipv4,malicious-ip,medium,WHITE,ziyadnz/hourly-ipv4,ziyadnz|hourly,2026-08-17T18:48:05Z,2026-08-17T18:48:05Z,
45.155.220.44,ipv4,malicious-ip,medium,WHITE,ziyadnz/hourly-ipv4,ziyadnz|hourly,2026-08-17T18:48:05Z,2026-08-17T18:48:05Z,
45.155.220.79,ipv4,malicious-ip,medium,WHITE,ziyadnz/hourly-ipv4,ziyadnz|hourly,2026-08-17T18:48:05Z,2026-08-17T18:48:05Z,
45.155.249.117,ipv4,malicious-ip,medium,WHITE,ziyadnz/hourly-ipv4,ziyadnz|hourly,2026-08-17T18:48:05Z,2026-08-17T18:48:05Z,
45.155.249.215,ipv4,malicious-ip,medium,WHITE,ziyadnz/hourly-ipv4,ziyadnz|hourly,2026-08-17T18:48:05Z,2026-08-17T18:48:05Z,
45.155.249.55,ipv4,malicious-ip,medium,WHITE,ziyadnz/hourly-ipv4,ziyadnz|hourly,2026-08-17T18:48:05Z,2026-08-17T18:48:05Z,
45.155.250.151,ipv4,malicious-ip,medium,WHITE,ziyadnz/hourly-ipv4,ziyadnz|hourly,2026-08-17T18:48:05Z,2026-08-17T18:48:05Z,
45.155.250.158,ipv4,malicious-ip,medium,WHITE,ziyadnz/hourly-ipv4,ziyadnz|hourly,2026-08-17T18:48:05Z,2026-08-17T18:48:05Z,
45.155.250.90,ipv4,malicious-ip,medium,WHITE,ziyadnz/hourly-ipv4,ziyadnz|hourly,2026-08-17T18:48:05Z,2026-08-17T18:48:05Z,
45.155.37.101,ipv4,malicious-ip,medium,WHITE,ziyadnz/hourly-ipv4,ziyadnz|hourly,2026-08-17T18:48:05Z,2026-08-17T18:48:05Z,
45.155.37.105,ipv4,malicious-ip,medium,WHITE,ziyadnz/hourly-ipv4,ziyadnz|hourly,2026-08-17T18:48:05Z,2026-08-17T18:48:05Z,
45.155.37.150,ipv4,malicious-ip,medium,WHITE,ziyadnz/hourly-ipv4,ziyadnz|hourly,2026-08-17T18:48:05Z,2026-08-17T18:48:05Z,
45.155.45.252,ipv4,malicious-ip,medium,WHITE,ziyadnz/hourly-ipv4,ziyadnz|hourly,2026-08-17T18:48:05Z,2026-08-17T18:48:05Z,
45.155.53.179,ipv4,malicious-ip,medium,WHITE,ziyadnz/hourly-ipv4,ziyadnz|hourly,2026-08-17T18:48:05Z,2026-08-17T18:48:05Z,
45.155.53.204,ipv4,malicious-ip,medium,WHITE,ziyadnz/hourly-ipv4,ziyadnz|hourly,2026-08-17T18:48:05Z,2026-08-17T18:48:05Z,
45.155.54.122,ipv4,malicious-ip,medium,WHITE,ziyadnz/hourly-ipv4,ziyadnz|hourly,2026-08-17T18:48:05Z,2026-08-17T18:48:05Z,
45.155.54.28,ipv4,malicious-ip,medium,WHITE,ziyadnz/hourly-ipv4,ziyadnz|hourly,2026-08-17T18:48:05Z,2026-08-17T18:48:05Z,
45.155.54.62,ipv4,malicious-ip,medium,WHITE,ziyadnz/hourly-ipv4,ziyadnz|hourly,2026-08-17T18:48:05Z,2026-08-17T18:48:05Z,
45.155.69.166,ipv4,malicious-ip,medium,WHITE,ziyadnz/hourly-ipv4,ziyadnz|hourly,2026-08-17T18:48:05Z,2026-08-17T18:48:05Z,
45.155.82.246,ipv4,malicious-ip,medium,WHITE,ziyadnz/hourly-ipv4,ziyadnz|hourly,2026-08-17T18:48:05Z,2026-08-17T18:48:05Z,
45.155.83.234,ipv4,malicious-ip,medium,WHITE,ziyadnz/hourly-ipv4,ziyadnz|hourly,2026-08-17T18:48:05Z,2026-08-17T18:48:05Z,
45.155.90.234,ipv4,malicious-ip,medium,WHITE,ziyadnz/hourly-ipv4,ziyadnz|hourly,2026-08-17T18:48:05Z,2026-08-17T18:48:05Z,
45.155.91.135,ipv4,malicious-ip,medium,WHITE,ziyadnz/hourly-ipv4,ziyadnz|hourly,2026-08-17T18:48:05Z,2026-08-17T18:48:05Z,
45.156.128.0,ipv4,malicious-ip,medium,WHITE,ziyadnz/hourly-ipv4,ziyadnz|hourly,2026-08-17T18:48:05Z,2026-08-17T18:48:05Z,
45.156.128.10,ipv4,malicious-ip,medium,WHITE,ziyadnz/hourly-ipv4,ziyadnz|hourly,2026-08-17T18:48:05Z,2026-08-17T18:48:05Z,
45.156.128.101,ipv4,malicious-ip,medium,WHITE,ziyadnz/hourly-ipv4,ziyadnz|hourly,2026-08-17T18:48:05Z,2026-08-17T18:48:05Z,
45.156.128.102,ipv4,malicious-ip,medium,WHITE,ziyadnz/hourly-ipv4,ziyadnz|hourly,2026-08-17T18:48:05Z,2026-08-17T18:48:05Z,
45.156.128.103,ipv4,malicious-ip,medium,WHITE,ziyadnz/hourly-ipv4,ziyadnz|hourly,2026-08-17T18:48:05Z,2026-08-17T18:48:05Z,
45.156.128.104,ipv4,malicious-ip,medium,WHITE,ziyadnz/hourly-ipv4,ziyadnz|hourly,2026-08-17T18:48:05Z,2026-08-17T18:48:05Z,
45.156.128.106,ipv4,malicious-ip,medium,WHITE,ziyadnz/hourly-ipv4,ziyadnz|hourly,2026-08-17T18:48:05Z,2026-08-17T18:48:05Z,
45.156.128.107,ipv4,malicious-ip,medium,WHITE,ziyadnz/hourly-ipv4,ziyadnz|hourly,2026-08-17T18:48:05Z,2026-08-17T18:48:05Z,
45.156.128.108,ipv4,malicious-ip,medium,WHITE,ziyadnz/hourly-ipv4,ziyadnz|hourly,2026-08-17T18:48:05Z,2026-08-17T18:48:05Z,
45.156.128.109,ipv4,malicious-ip,medium,WHITE,ziyadnz/hourly-ipv4,ziyadnz|hourly,2026-08-17T18:48:05Z,2026-08-17T18:48:05Z,
45.156.128.111,ipv4,malicious-ip,medium,WHITE,ziyadnz/hourly-ipv4,ziyadnz|hourly,2026-08-17T18:48:05Z,2026-08-17T18:48:05Z,
45.156.128.112,ipv4,malicious-ip,medium,WHITE,ziyadnz/hourly-ipv4,ziyadnz|hourly,2026-08-17T18:48:05Z,2026-08-17T18:48:05Z,
45.156.128.113,ipv4,malicious-ip,medium,WHITE,ziyadnz/hourly-ipv4,ziyadnz|hourly,2026-08-17T18:48:05Z,2026-08-17T18:48:05Z,
45.156.128.114,ipv4,malicious-ip,medium,WHITE,ziyadnz/hourly-ipv4,ziyadnz|hourly,2026-08-17T18:48:05Z,2026-08-17T18:48:05Z,
45.156.128.121,ipv4,malicious-ip,medium,WHITE,ziyadnz/hourly-ipv4,ziyadnz|hourly,2026-08-17T18:48:05Z,2026-08-17T18:48:05Z,
45.156.128.122,ipv4,malicious-ip,medium,WHITE,ziyadnz/hourly-ipv4,ziyadnz|hourly,2026-08-17T18:48:05Z,2026-08-17T18:48:05Z,
45.156.128.123,ipv4,malicious-ip,medium,WHITE,ziyadnz/hourly-ipv4,ziyadnz|hourly,2026-08-17T18:48:05Z,2026-08-17T18:48:05Z,
45.156.128.124,ipv4,malicious-ip,medium,WHITE,ziyadnz/hourly-ipv4,ziyadnz|hourly,2026-08-17T18:48:05Z,2026-08-17T18:48:05Z,
45.156.128.13,ipv4,malicious-ip,medium,WHITE,ziyadnz/hourly-ipv4,ziyadnz|hourly,2026-08-17T18:48:05Z,2026-08-17T18:48:05Z,
45.156.128.132,ipv4,malicious-ip,medium,WHITE,ziyadnz/hourly-ipv4,ziyadnz|hourly,2026-08-17T18:48:05Z,2026-08-17T18:48:05Z,
45.156.128.134,ipv4,malicious-ip,medium,WHITE,ziyadnz/hourly-ipv4,ziyadnz|hourly,2026-08-17T18:48:05Z,2026-08-17T18:48:05Z,
45.156.128.14,ipv4,malicious-ip,medium,WHITE,ziyadnz/hourly-ipv4,ziyadnz|hourly,2026-08-17T18:48:05Z,2026-08-17T18:48:05Z,
45.156.128.148,ipv4,malicious-ip,medium,WHITE,ziyadnz/hourly-ipv4,ziyadnz|hourly,2026-08-17T18:48:05Z,2026-08-17T18:48:05Z,
45.156.128.149,ipv4,malicious-ip,medium,WHITE,ziyadnz/hourly-ipv4,ziyadnz|hourly,2026-08-17T18:48:05Z,2026-08-17T18:48:05Z,
45.156.128.15,ipv4,malicious-ip,medium,WHITE,ziyadnz/hourly-ipv4,ziyadnz|hourly,2026-08-17T18:48:05Z,2026-08-17T18:48:05Z,
45.156.128.150,ipv4,malicious-ip,medium,WHITE,ziyadnz/hourly-ipv4,ziyadnz|hourly,2026-08-17T18:48:05Z,2026-08-17T18:48:05Z,
45.156.128.151,ipv4,malicious-ip,medium,WHITE,ziyadnz/hourly-ipv4,ziyadnz|hourly,2026-08-17T18:48:05Z,2026-08-17T18:48:05Z,
45.156.128.152,ipv4,malicious-ip,medium,WHITE,ziyadnz/hourly-ipv4,ziyadnz|hourly,2026-08-17T18:48:05Z,2026-08-17T18:48:05Z,
45.156.128.153,ipv4,malicious-ip,medium,WHITE,ziyadnz/hourly-ipv4,ziyadnz|hourly,2026-08-17T18:48:05Z,2026-08-17T18:48:05Z,
45.156.128.154,ipv4,malicious-ip,medium,WHITE,ziyadnz/hourly-ipv4,ziyadnz|hourly,2026-08-17T18:48:05Z,2026-08-17T18:48:05Z,
45.156.128.155,ipv4,malicious-ip,medium,WHITE,ziyadnz/hourly-ipv4,ziyadnz|hourly,2026-08-17T18:48:05Z,2026-08-17T18:48:05Z,
45.156.128.157,ipv4,malicious-ip,medium,WHITE,ziyadnz/hourly-ipv4,ziyadnz|hourly,2026-08-17T18:48:05Z,2026-08-17T18:48:05Z,
45.156.128.158,ipv4,malicious-ip,medium,WHITE,ziyadnz/hourly-ipv4,ziyadnz|hourly,2026-08-17T18:48:05Z,2026-08-17T18:48:05Z,
45.156.128.159,ipv4,malicious-ip,medium,WHITE,ziyadnz/hourly-ipv4,ziyadnz|hourly,2026-08-17T18:48:05Z,2026-08-17T18:48:05Z,
45.156.128.160,ipv4,malicious-ip,medium,WHITE,ziyadnz/hourly-ipv4,ziyadnz|hourly,2026-08-17T18:48:05Z,2026-08-17T18:48:05Z,
45.156.128.161,ipv4,malicious-ip,medium,WHITE,ziyadnz/hourly-ipv4,ziyadnz|hourly,2026-08-17T18:48:05Z,2026-08-17T18:48:05Z,
45.156.128.162,ipv4,malicious-ip,medium,WHITE,ziyadnz/hourly-ipv4,ziyadnz|hourly,2026-08-17T18:48:05Z,2026-08-17T18:48:05Z,
45.156.128.163,ipv4,malicious-ip,medium,WHITE,ziyadnz/hourly-ipv4,ziyadnz|hourly,2026-08-17T18:48:05Z,2026-08-17T18:48:05Z,
45.156.128.164,ipv4,malicious-ip,medium,WHITE,ziyadnz/hourly-ipv4,ziyadnz|hourly,2026-08-17T18:48:05Z,2026-08-17T18:48:05Z,
45.156.128.165,ipv4,malicious-ip,medium,WHITE,ziyadnz/hourly-ipv4,ziyadnz|hourly,2026-08-17T18:48:05Z,2026-08-17T18:48:05Z,
45.156.128.166,ipv4,malicious-ip,medium,WHITE,ziyadnz/hourly-ipv4,ziyadnz|hourly,2026-08-17T18:48:05Z,2026-08-17T18:48:05Z,
45.156.128.167,ipv4,malicious-ip,medium,WHITE,ziyadnz/hourly-ipv4,ziyadnz|hourly,2026-08-17T18:48:05Z,2026-08-17T18:48:05Z,
45.156.128.168,ipv4,malicious-ip,medium,WHITE,ziyadnz/hourly-ipv4,ziyadnz|hourly,2026-08-17T18:48:05Z,2026-08-17T18:48:05Z,
45.156.128.169,ipv4,malicious-ip,medium,WHITE,ziyadnz/hourly-ipv4,ziyadnz|hourly,2026-08-17T18:48:05Z,2026-08-17T18:48:05Z,
45.156.128.170,ipv4,malicious-ip,medium,WHITE,ziyadnz/hourly-ipv4,ziyadnz|hourly,2026-08-17T18:48:05Z,2026-08-17T18:48:05Z,
45.156.128.171,ipv4,malicious-ip,medium,WHITE,ziyadnz/hourly-ipv4,ziyadnz|hourly,2026-08-17T18:48:05Z,2026-08-17T18:48:05Z,
45.156.128.172,ipv4,malicious-ip,medium,WHITE,ziyadnz/hourly-ipv4,ziyadnz|hourly,2026-08-17T18:48:05Z,2026-08-17T18:48:05Z,
45.156.128.173,ipv4,malicious-ip,medium,WHITE,ziyadnz/hourly-ipv4,ziyadnz|hourly,2026-08-17T18:48:05Z,2026-08-17T18:48:05Z,
45.156.128.174,ipv4,malicious-ip,medium,WHITE,ziyadnz/hourly-ipv4,ziyadnz|hourly,2026-08-17T18:48:05Z,2026-08-17T18:48:05Z,
45.156.128.175,ipv4,malicious-ip,medium,WHITE,ziyadnz/hourly-ipv4,ziyadnz|hourly,2026-08-17T18:48:05Z,2026-08-17T18:48:05Z,
45.156.128.176,ipv4,malicious-ip,medium,WHITE,ziyadnz/hourly-ipv4,ziyadnz|hourly,2026-08-17T18:48:05Z,2026-08-17T18:48:05Z,
45.156.128.177,ipv4,malicious-ip,medium,WHITE,ziyadnz/hourly-ipv4,ziyadnz|hourly,2026-08-17T18:48:05Z,2026-08-17T18:48:05Z,
45.156.128.178,ipv4,malicious-ip,medium,WHITE,ziyadnz/hourly-ipv4,ziyadnz|hourly,2026-08-17T18:48:05Z,2026-08-17T18:48:05Z,
45.156.128.179,ipv4,malicious-ip,medium,WHITE,ziyadnz/hourly-ipv4,ziyadnz|hourly,2026-08-17T18:48:05Z,2026-08-17T18:48:05Z,
45.156.128.180,ipv4,malicious-ip,medium,WHITE,ziyadnz/hourly-ipv4,ziyadnz|hourly,2026-08-17T18:48:05Z,2026-08-17T18:48:05Z,
45.156.128.181,ipv4,malicious-ip,medium,WHITE,ziyadnz/hourly-ipv4,ziyadnz|hourly,2026-08-17T18:48:05Z,2026-08-17T18:48:05Z,
45.156.128.182,ipv4,malicious-ip,medium,WHITE,ziyadnz/hourly-ipv4,ziyadnz|hourly,2026-08-17T18:48:05Z,2026-08-17T18:48:05Z,
45.156.128.183,ipv4,malicious-ip,medium,WHITE,ziyadnz/hourly-ipv4,ziyadnz|hourly,2026-08-17T18:48:05Z,2026-08-17T18:48:05Z,
45.156.128.185,ipv4,malicious-ip,medium,WHITE,ziyadnz/hourly-ipv4,ziyadnz|hourly,2026-08-17T18:48:05Z,2026-08-17T18:48:05Z,
45.156.128.186,ipv4,malicious-ip,medium,WHITE,ziyadnz/hourly-ipv4,ziyadnz|hourly,2026-08-17T18:48:05Z,2026-08-17T18:48:05Z,
45.156.128.187,ipv4,malicious-ip,medium,WHITE,ziyadnz/hourly-ipv4,ziyadnz|hourly,2026-08-17T18:48:05Z,2026-08-17T18:48:05Z,
45.156.128.188,ipv4,malicious-ip,medium,WHITE,ziyadnz/hourly-ipv4,ziyadnz|hourly,2026-08-17T18:48:05Z,2026-08-17T18:48:05Z,
45.156.128.190,ipv4,malicious-ip,medium,WHITE,ziyadnz/hourly-ipv4,ziyadnz|hourly,2026-08-17T18:48:05Z,2026-08-17T18:48:05Z,
45.156.128.192,ipv4,malicious-ip,medium,WHITE,ziyadnz/hourly-ipv4,ziyadnz|hourly,2026-08-17T18:48:05Z,2026-08-17T18:48:05Z,
45.156.128.193,ipv4,malicious-ip,medium,WHITE,ziyadnz/hourly-ipv4,ziyadnz|hourly,2026-08-17T18:48:05Z,2026-08-17T18:48:05Z,
45.156.128.196,ipv4,malicious-ip,medium,WHITE,ziyadnz/hourly-ipv4,ziyadnz|hourly,2026-08-17T18:48:05Z,2026-08-17T18:48:05Z,
45.156.128.197,ipv4,malicious-ip,medium,WHITE,ziyadnz/hourly-ipv4,ziyadnz|hourly,2026-08-17T18:48:05Z,2026-08-17T18:48:05Z,
45.156.128.198,ipv4,malicious-ip,medium,WHITE,ziyadnz/hourly-ipv4,ziyadnz|hourly,2026-08-17T18:48:05Z,2026-08-17T18:48:05Z,
45.156.128.231,ipv4,malicious-ip,medium,WHITE,ziyadnz/hourly-ipv4,ziyadnz|hourly,2026-08-17T18:48:05Z,2026-08-17T18:48:05Z,
45.156.128.232,ipv4,malicious-ip,medium,WHITE,ziyadnz/hourly-ipv4,ziyadnz|hourly,2026-08-17T18:48:05Z,2026-08-17T18:48:05Z,
45.156.128.233,ipv4,malicious-ip,medium,WHITE,ziyadnz/hourly-ipv4,ziyadnz|hourly,2026-08-17T18:48:05Z,2026-08-17T18:48:05Z,
45.156.128.234,ipv4,malicious-ip,medium,WHITE,ziyadnz/hourly-ipv4,ziyadnz|hourly,2026-08-17T18:48:05Z,2026-08-17T18:48:05Z,
45.156.128.235,ipv4,malicious-ip,medium,WHITE,ziyadnz/hourly-ipv4,ziyadnz|hourly,2026-08-17T18:48:05Z,2026-08-17T18:48:05Z,
45.156.128.236,ipv4,malicious-ip,medium,WHITE,ziyadnz/hourly-ipv4,ziyadnz|hourly,2026-08-17T18:48:05Z,2026-08-17T18:48:05Z,
45.156.128.237,ipv4,malicious-ip,medium,WHITE,ziyadnz/hourly-ipv4,ziyadnz|hourly,2026-08-17T18:48:05Z,2026-08-17T18:48:05Z,
45.156.128.238,ipv4,malicious-ip,medium,WHITE,ziyadnz/hourly-ipv4,ziyadnz|hourly,2026-08-17T18:48:05Z,2026-08-17T18:48:05Z,
45.156.128.239,ipv4,malicious-ip,medium,WHITE,ziyadnz/hourly-ipv4,ziyadnz|hourly,2026-08-17T18:48:05Z,2026-08-17T18:48:05Z,
45.156.128.240,ipv4,malicious-ip,medium,WHITE,ziyadnz/hourly-ipv4,ziyadnz|hourly,2026-08-17T18:48:05Z,2026-08-17T18:48:05Z,
45.156.128.241,ipv4,malicious-ip,medium,WHITE,ziyadnz/hourly-ipv4,ziyadnz|hourly,2026-08-17T18:48:05Z,2026-08-17T18:48:05Z,
45.156.128.242,ipv4,malicious-ip,medium,WHITE,ziyadnz/hourly-ipv4,ziyadnz|hourly,2026-08-17T18:48:05Z,2026-08-17T18:48:05Z,
45.156.128.243,ipv4,malicious-ip,medium,WHITE,ziyadnz/hourly-ipv4,ziyadnz|hourly,2026-08-17T18:48:05Z,2026-08-17T18:48:05Z,
45.156.128.245,ipv4,malicious-ip,medium,WHITE,ziyadnz/hourly-ipv4,ziyadnz|hourly,2026-08-17T18:48:05Z,2026-08-17T18:48:05Z,
45.156.128.246,ipv4,malicious-ip,medium,WHITE,ziyadnz/hourly-ipv4,ziyadnz|hourly,2026-08-17T18:48:05Z,2026-08-17T18:48:05Z,
45.156.128.247,ipv4,malicious-ip,medium,WHITE,ziyadnz/hourly-ipv4,ziyadnz|hourly,2026-08-17T18:48:05Z,2026-08-17T18:48:05Z,
45.156.128.248,ipv4,malicious-ip,medium,WHITE,ziyadnz/hourly-ipv4,ziyadnz|hourly,2026-08-17T18:48:05Z,2026-08-17T18:48:05Z,
45.156.128.249,ipv4,malicious-ip,medium,WHITE,ziyadnz/hourly-ipv4,ziyadnz|hourly,2026-08-17T18:48:05Z,2026-08-17T18:48:05Z,
45.156.128.250,ipv4,malicious-ip,medium,WHITE,ziyadnz/hourly-ipv4,ziyadnz|hourly,2026-08-17T18:48:05Z,2026-08-17T18:48:05Z,
45.156.128.251,ipv4,malicious-ip,medium,WHITE,ziyadnz/hourly-ipv4,ziyadnz|hourly,2026-08-17T18:48:05Z,2026-08-17T18:48:05Z,
45.156.128.252,ipv4,malicious-ip,medium,WHITE,ziyadnz/hourly-ipv4,ziyadnz|hourly,2026-08-17T18:48:05Z,2026-08-17T18:48:05Z,
45.156.128.253,ipv4,malicious-ip,medium,WHITE,ziyadnz/hourly-ipv4,ziyadnz|hourly,2026-08-17T18:48:05Z,2026-08-17T18:48:05Z,
45.156.128.5,ipv4,malicious-ip,medium,WHITE,ziyadnz/hourly-ipv4,ziyadnz|hourly,2026-08-17T18:48:05Z,2026-08-17T18:48:05Z,
45.156.128.51,ipv4,malicious-ip,medium,WHITE,ziyadnz/hourly-ipv4,ziyadnz|hourly,2026-08-17T18:48:05Z,2026-08-17T18:48:05Z,
45.156.128.52,ipv4,malicious-ip,medium,WHITE,ziyadnz/hourly-ipv4,ziyadnz|hourly,2026-08-17T18:48:05Z,2026-08-17T18:48:05Z,
45.156.128.53,ipv4,malicious-ip,medium,WHITE,ziyadnz/hourly-ipv4,ziyadnz|hourly,2026-08-17T18:48:05Z,2026-08-17T18:48:05Z,
45.156.128.54,ipv4,malicious-ip,medium,WHITE,ziyadnz/hourly-ipv4,ziyadnz|hourly,2026-08-17T18:48:05Z,2026-08-17T18:48:05Z,
45.156.128.56,ipv4,malicious-ip,medium,WHITE,ziyadnz/hourly-ipv4,ziyadnz|hourly,2026-08-17T18:48:05Z,2026-08-17T18:48:05Z,
45.156.128.57,ipv4,malicious-ip,medium,WHITE,ziyadnz/hourly-ipv4,ziyadnz|hourly,2026-08-17T18:48:05Z,2026-08-17T18:48:05Z,
45.156.128.58,ipv4,malicious-ip,medium,WHITE,ziyadnz/hourly-ipv4,ziyadnz|hourly,2026-08-17T18:48:05Z,2026-08-17T18:48:05Z,
45.156.128.59,ipv4,malicious-ip,medium,WHITE,ziyadnz/hourly-ipv4,ziyadnz|hourly,2026-08-17T18:48:05Z,2026-08-17T18:48:05Z,
45.156.128.6,ipv4,malicious-ip,medium,WHITE,ziyadnz/hourly-ipv4,ziyadnz|hourly,2026-08-17T18:48:05Z,2026-08-17T18:48:05Z,
45.156.128.61,ipv4,malicious-ip,medium,WHITE,ziyadnz/hourly-ipv4,ziyadnz|hourly,2026-08-17T18:48:05Z,2026-08-17T18:48:05Z,
45.156.128.62,ipv4,malicious-ip,medium,WHITE,ziyadnz/hourly-ipv4,ziyadnz|hourly,2026-08-17T18:48:05Z,2026-08-17T18:48:05Z,
45.156.128.63,ipv4,malicious-ip,medium,WHITE,ziyadnz/hourly-ipv4,ziyadnz|hourly,2026-08-17T18:48:05Z,2026-08-17T18:48:05Z,
45.156.128.64,ipv4,malicious-ip,medium,WHITE,ziyadnz/hourly-ipv4,ziyadnz|hourly,2026-08-17T18:48:05Z,2026-08-17T18:48:05Z,
45.156.128.66,ipv4,malicious-ip,medium,WHITE,ziyadnz/hourly-ipv4,ziyadnz|hourly,2026-08-17T18:48:05Z,2026-08-17T18:48:05Z,
45.156.128.67,ipv4,malicious-ip,medium,WHITE,ziyadnz/hourly-ipv4,ziyadnz|hourly,2026-08-17T18:48:05Z,2026-08-17T18:48:05Z,
45.156.128.68,ipv4,malicious-ip,medium,WHITE,ziyadnz/hourly-ipv4,ziyadnz|hourly,2026-08-17T18:48:05Z,2026-08-17T18:48:05Z,
45.156.128.69,ipv4,malicious-ip,medium,WHITE,ziyadnz/hourly-ipv4,ziyadnz|hourly,2026-08-17T18:48:05Z,2026-08-17T18:48:05Z,
45.156.128.7,ipv4,malicious-ip,medium,WHITE,ziyadnz/hourly-ipv4,ziyadnz|hourly,2026-08-17T18:48:05Z,2026-08-17T18:48:05Z,
45.156.128.72,ipv4,malicious-ip,medium,WHITE,ziyadnz/hourly-ipv4,ziyadnz|hourly,2026-08-17T18:48:05Z,2026-08-17T18:48:05Z,
45.156.128.74,ipv4,malicious-ip,medium,WHITE,ziyadnz/hourly-ipv4,ziyadnz|hourly,2026-08-17T18:48:05Z,2026-08-17T18:48:05Z,
45.156.128.76,ipv4,malicious-ip,medium,WHITE,ziyadnz/hourly-ipv4,ziyadnz|hourly,2026-08-17T18:48:05Z,2026-08-17T18:48:05Z,
45.156.128.77,ipv4,malicious-ip,medium,WHITE,ziyadnz/hourly-ipv4,ziyadnz|hourly,2026-08-17T18:48:05Z,2026-08-17T18:48:05Z,
45.156.128.78,ipv4,malicious-ip,medium,WHITE,ziyadnz/hourly-ipv4,ziyadnz|hourly,2026-08-17T18:48:05Z,2026-08-17T18:48:05Z,
45.156.128.79,ipv4,malicious-ip,medium,WHITE,ziyadnz/hourly-ipv4,ziyadnz|hourly,2026-08-17T18:48:05Z,2026-08-17T18:48:05Z,
45.156.128.8,ipv4,malicious-ip,medium,WHITE,ziyadnz/hourly-ipv4,ziyadnz|hourly,2026-08-17T18:48:05Z,2026-08-17T18:48:05Z,
45.156.128.81,ipv4,malicious-ip,medium,WHITE,ziyadnz/hourly-ipv4,ziyadnz|hourly,2026-08-17T18:48:05Z,2026-08-17T18:48:05Z,
45.156.128.83,ipv4,malicious-ip,medium,WHITE,ziyadnz/hourly-ipv4,ziyadnz|hourly,2026-08-17T18:48:05Z,2026-08-17T18:48:05Z,
45.156.128.84,ipv4,malicious-ip,medium,WHITE,ziyadnz/hourly-ipv4,ziyadnz|hourly,2026-08-17T18:48:05Z,2026-08-17T18:48:05Z,
45.156.128.86,ipv4,malicious-ip,medium,WHITE,ziyadnz/hourly-ipv4,ziyadnz|hourly,2026-08-17T18:48:05Z,2026-08-17T18:48:05Z,
45.156.128.88,ipv4,malicious-ip,medium,WHITE,ziyadnz/hourly-ipv4,ziyadnz|hourly,2026-08-17T18:48:05Z,2026-08-17T18:48:05Z,
45.156.128.89,ipv4,malicious-ip,medium,WHITE,ziyadnz/hourly-ipv4,ziyadnz|hourly,2026-08-17T18:48:05Z,2026-08-17T18:48:05Z,
45.156.128.91,ipv4,malicious-ip,medium,WHITE,ziyadnz/hourly-ipv4,ziyadnz|hourly,2026-08-17T18:48:05Z,2026-08-17T18:48:05Z,
45.156.128.92,ipv4,malicious-ip,medium,WHITE,ziyadnz/hourly-ipv4,ziyadnz|hourly,2026-08-17T18:48:05Z,2026-08-17T18:48:05Z,
45.156.128.93,ipv4,malicious-ip,medium,WHITE,ziyadnz/hourly-ipv4,ziyadnz|hourly,2026-08-17T18:48:05Z,2026-08-17T18:48:05Z,
45.156.128.94,ipv4,malicious-ip,medium,WHITE,ziyadnz/hourly-ipv4,ziyadnz|hourly,2026-08-17T18:48:05Z,2026-08-17T18:48:05Z,
45.156.128.96,ipv4,malicious-ip,medium,WHITE,ziyadnz/hourly-ipv4,ziyadnz|hourly,2026-08-17T18:48:05Z,2026-08-17T18:48:05Z,
45.156.128.97,ipv4,malicious-ip,medium,WHITE,ziyadnz/hourly-ipv4,ziyadnz|hourly,2026-08-17T18:48:05Z,2026-08-17T18:48:05Z,
45.156.128.98,ipv4,malicious-ip,medium,WHITE,ziyadnz/hourly-ipv4,ziyadnz|hourly,2026-08-17T18:48:05Z,2026-08-17T18:48:05Z,
45.156.128.99,ipv4,malicious-ip,medium,WHITE,ziyadnz/hourly-ipv4,ziyadnz|hourly,2026-08-17T18:48:05Z,2026-08-17T18:48:05Z,
45.156.129.0,ipv4,malicious-ip,medium,WHITE,ziyadnz/hourly-ipv4,ziyadnz|hourly,2026-08-17T18:48:05Z,2026-08-17T18:48:05Z,
45.156.129.100,ipv4,malicious-ip,medium,WHITE,ziyadnz/hourly-ipv4,ziyadnz|hourly,2026-08-17T18:48:05Z,2026-08-17T18:48:05Z,
45.156.129.101,ipv4,malicious-ip,medium,WHITE,ziyadnz/hourly-ipv4,ziyadnz|hourly,2026-08-17T18:48:05Z,2026-08-17T18:48:05Z,
45.156.129.102,ipv4,malicious-ip,medium,WHITE,ziyadnz/hourly-ipv4,ziyadnz|hourly,2026-08-17T18:48:05Z,2026-08-17T18:48:05Z,
45.156.129.105,ipv4,malicious-ip,medium,WHITE,ziyadnz/hourly-ipv4,ziyadnz|hourly,2026-08-17T18:48:05Z,2026-08-17T18:48:05Z,
45.156.129.106,ipv4,malicious-ip,medium,WHITE,ziyadnz/hourly-ipv4,ziyadnz|hourly,2026-08-17T18:48:05Z,2026-08-17T18:48:05Z,
45.156.129.107,ipv4,malicious-ip,medium,WHITE,ziyadnz/hourly-ipv4,ziyadnz|hourly,2026-08-17T18:48:05Z,2026-08-17T18:48:05Z,
45.156.129.108,ipv4,malicious-ip,medium,WHITE,ziyadnz/hourly-ipv4,ziyadnz|hourly,2026-08-17T18:48:05Z,2026-08-17T18:48:05Z,
45.156.129.111,ipv4,malicious-ip,medium,WHITE,ziyadnz/hourly-ipv4,ziyadnz|hourly,2026-08-17T18:48:05Z,2026-08-17T18:48:05Z,
45.156.129.112,ipv4,malicious-ip,medium,WHITE,ziyadnz/hourly-ipv4,ziyadnz|hourly,2026-08-17T18:48:05Z,2026-08-17T18:48:05Z,
45.156.129.113,ipv4,malicious-ip,medium,WHITE,ziyadnz/hourly-ipv4,ziyadnz|hourly,2026-08-17T18:48:05Z,2026-08-17T18:48:05Z,
45.156.129.115,ipv4,malicious-ip,medium,WHITE,ziyadnz/hourly-ipv4,ziyadnz|hourly,2026-08-17T18:48:05Z,2026-08-17T18:48:05Z,
45.156.129.116,ipv4,malicious-ip,medium,WHITE,ziyadnz/hourly-ipv4,ziyadnz|hourly,2026-08-17T18:48:05Z,2026-08-17T18:48:05Z,
45.156.129.117,ipv4,malicious-ip,medium,WHITE,ziyadnz/hourly-ipv4,ziyadnz|hourly,2026-08-17T18:48:05Z,2026-08-17T18:48:05Z,
45.156.129.118,ipv4,malicious-ip,medium,WHITE,ziyadnz/hourly-ipv4,ziyadnz|hourly,2026-08-17T18:48:05Z,2026-08-17T18:48:05Z,
45.156.129.120,ipv4,malicious-ip,medium,WHITE,ziyadnz/hourly-ipv4,ziyadnz|hourly,2026-08-17T18:48:05Z,2026-08-17T18:48:05Z,
45.156.129.121,ipv4,malicious-ip,medium,WHITE,ziyadnz/hourly-ipv4,ziyadnz|hourly,2026-08-17T18:48:05Z,2026-08-17T18:48:05Z,
45.156.129.122,ipv4,malicious-ip,medium,WHITE,ziyadnz/hourly-ipv4,ziyadnz|hourly,2026-08-17T18:48:05Z,2026-08-17T18:48:05Z,
45.156.129.123,ipv4,malicious-ip,medium,WHITE,ziyadnz/hourly-ipv4,ziyadnz|hourly,2026-08-17T18:48:05Z,2026-08-17T18:48:05Z,
45.156.129.125,ipv4,malicious-ip,medium,WHITE,ziyadnz/hourly-ipv4,ziyadnz|hourly,2026-08-17T18:48:05Z,2026-08-17T18:48:05Z,
45.156.129.126,ipv4,malicious-ip,medium,WHITE,ziyadnz/hourly-ipv4,ziyadnz|hourly,2026-08-17T18:48:05Z,2026-08-17T18:48:05Z,
45.156.129.127,ipv4,malicious-ip,medium,WHITE,ziyadnz/hourly-ipv4,ziyadnz|hourly,2026-08-17T18:48:05Z,2026-08-17T18:48:05Z,
45.156.129.128,ipv4,malicious-ip,medium,WHITE,ziyadnz/hourly-ipv4,ziyadnz|hourly,2026-08-17T18:48:05Z,2026-08-17T18:48:05Z,
45.156.129.136,ipv4,malicious-ip,medium,WHITE,ziyadnz/hourly-ipv4,ziyadnz|hourly,2026-08-17T18:48:05Z,2026-08-17T18:48:05Z,
45.156.129.138,ipv4,malicious-ip,medium,WHITE,ziyadnz/hourly-ipv4,ziyadnz|hourly,2026-08-17T18:48:05Z,2026-08-17T18:48:05Z,
45.156.129.139,ipv4,malicious-ip,medium,WHITE,ziyadnz/hourly-ipv4,ziyadnz|hourly,2026-08-17T18:48:05Z,2026-08-17T18:48:05Z,
45.156.129.140,ipv4,malicious-ip,medium,WHITE,ziyadnz/hourly-ipv4,ziyadnz|hourly,2026-08-17T18:48:05Z,2026-08-17T18:48:05Z,
45.156.129.142,ipv4,malicious-ip,medium,WHITE,ziyadnz/hourly-ipv4,ziyadnz|hourly,2026-08-17T18:48:05Z,2026-08-17T18:48:05Z,
45.156.129.152,ipv4,malicious-ip,medium,WHITE,ziyadnz/hourly-ipv4,ziyadnz|hourly,2026-08-17T18:48:05Z,2026-08-17T18:48:05Z,
45.156.129.153,ipv4,malicious-ip,medium,WHITE,ziyadnz/hourly-ipv4,ziyadnz|hourly,2026-08-17T18:48:05Z,2026-08-17T18:48:05Z,
45.156.129.154,ipv4,malicious-ip,medium,WHITE,ziyadnz/hourly-ipv4,ziyadnz|hourly,2026-08-17T18:48:05Z,2026-08-17T18:48:05Z,
45.156.129.155,ipv4,malicious-ip,medium,WHITE,ziyadnz/hourly-ipv4,ziyadnz|hourly,2026-08-17T18:48:05Z,2026-08-17T18:48:05Z,
45.156.129.156,ipv4,malicious-ip,medium,WHITE,ziyadnz/hourly-ipv4,ziyadnz|hourly,2026-08-17T18:48:05Z,2026-08-17T18:48:05Z,
45.156.129.157,ipv4,malicious-ip,medium,WHITE,ziyadnz/hourly-ipv4,ziyadnz|hourly,2026-08-17T18:48:05Z,2026-08-17T18:48:05Z,
45.156.129.158,ipv4,malicious-ip,medium,WHITE,ziyadnz/hourly-ipv4,ziyadnz|hourly,2026-08-17T18:48:05Z,2026-08-17T18:48:05Z,
45.156.129.159,ipv4,malicious-ip,medium,WHITE,ziyadnz/hourly-ipv4,ziyadnz|hourly,2026-08-17T18:48:05Z,2026-08-17T18:48:05Z,
45.156.129.160,ipv4,malicious-ip,medium,WHITE,ziyadnz/hourly-ipv4,ziyadnz|hourly,2026-08-17T18:48:05Z,2026-08-17T18:48:05Z,
45.156.129.161,ipv4,malicious-ip,medium,WHITE,ziyadnz/hourly-ipv4,ziyadnz|hourly,2026-08-17T18:48:05Z,2026-08-17T18:48:05Z,
45.156.129.162,ipv4,malicious-ip,medium,WHITE,ziyadnz/hourly-ipv4,ziyadnz|hourly,2026-08-17T18:48:05Z,2026-08-17T18:48:05Z,
45.156.129.163,ipv4,malicious-ip,medium,WHITE,ziyadnz/hourly-ipv4,ziyadnz|hourly,2026-08-17T18:48:05Z,2026-08-17T18:48:05Z,
45.156.129.164,ipv4,malicious-ip,medium,WHITE,ziyadnz/hourly-ipv4,ziyadnz|hourly,2026-08-17T18:48:05Z,2026-08-17T18:48:05Z,
45.156.129.165,ipv4,malicious-ip,medium,WHITE,ziyadnz/hourly-ipv4,ziyadnz|hourly,2026-08-17T18:48:05Z,2026-08-17T18:48:05Z,
45.156.129.166,ipv4,malicious-ip,medium,WHITE,ziyadnz/hourly-ipv4,ziyadnz|hourly,2026-08-17T18:48:05Z,2026-08-17T18:48:05Z,
45.156.129.167,ipv4,malicious-ip,medium,WHITE,ziyadnz/hourly-ipv4,ziyadnz|hourly,2026-08-17T18:48:05Z,2026-08-17T18:48:05Z,
45.156.129.168,ipv4,malicious-ip,medium,WHITE,ziyadnz/hourly-ipv4,ziyadnz|hourly,2026-08-17T18:48:05Z,2026-08-17T18:48:05Z,
45.156.129.170,ipv4,malicious-ip,medium,WHITE,ziyadnz/hourly-ipv4,ziyadnz|hourly,2026-08-17T18:48:05Z,2026-08-17T18:48:05Z,
45.156.129.171,ipv4,malicious-ip,medium,WHITE,ziyadnz/hourly-ipv4,ziyadnz|hourly,2026-08-17T18:48:05Z,2026-08-17T18:48:05Z,
45.156.129.172,ipv4,malicious-ip,medium,WHITE,ziyadnz/hourly-ipv4,ziyadnz|hourly,2026-08-17T18:48:05Z,2026-08-17T18:48:05Z,
45.156.129.173,ipv4,malicious-ip,medium,WHITE,ziyadnz/hourly-ipv4,ziyadnz|hourly,2026-08-17T18:48:05Z,2026-08-17T18:48:05Z,
45.156.129.174,ipv4,malicious-ip,medium,WHITE,ziyadnz/hourly-ipv4,ziyadnz|hourly,2026-08-17T18:48:05Z,2026-08-17T18:48:05Z,
45.156.129.175,ipv4,malicious-ip,medium,WHITE,ziyadnz/hourly-ipv4,ziyadnz|hourly,2026-08-17T18:48:05Z,2026-08-17T18:48:05Z,
45.156.129.176,ipv4,malicious-ip,medium,WHITE,ziyadnz/hourly-ipv4,ziyadnz|hourly,2026-08-17T18:48:05Z,2026-08-17T18:48:05Z,
45.156.129.177,ipv4,malicious-ip,medium,WHITE,ziyadnz/hourly-ipv4,ziyadnz|hourly,2026-08-17T18:48:05Z,2026-08-17T18:48:05Z,
45.156.129.178,ipv4,malicious-ip,medium,WHITE,ziyadnz/hourly-ipv4,ziyadnz|hourly,2026-08-17T18:48:05Z,2026-08-17T18:48:05Z,
45.156.129.179,ipv4,malicious-ip,medium,WHITE,ziyadnz/hourly-ipv4,ziyadnz|hourly,2026-08-17T18:48:05Z,2026-08-17T18:48:05Z,
45.156.129.186,ipv4,malicious-ip,medium,WHITE,ziyadnz/hourly-ipv4,ziyadnz|hourly,2026-08-17T18:48:05Z,2026-08-17T18:48:05Z,
45.156.129.187,ipv4,malicious-ip,medium,WHITE,ziyadnz/hourly-ipv4,ziyadnz|hourly,2026-08-17T18:48:05Z,2026-08-17T18:48:05Z,
45.156.129.189,ipv4,malicious-ip,medium,WHITE,ziyadnz/hourly-ipv4,ziyadnz|hourly,2026-08-17T18:48:05Z,2026-08-17T18:48:05Z,
45.156.129.190,ipv4,malicious-ip,medium,WHITE,ziyadnz/hourly-ipv4,ziyadnz|hourly,2026-08-17T18:48:05Z,2026-08-17T18:48:05Z,
45.156.129.191,ipv4,malicious-ip,medium,WHITE,ziyadnz/hourly-ipv4,ziyadnz|hourly,2026-08-17T18:48:05Z,2026-08-17T18:48:05Z,
45.156.129.193,ipv4,malicious-ip,medium,WHITE,ziyadnz/hourly-ipv4,ziyadnz|hourly,2026-08-17T18:48:05Z,2026-08-17T18:48:05Z,
45.156.129.194,ipv4,malicious-ip,medium,WHITE,ziyadnz/hourly-ipv4,ziyadnz|hourly,2026-08-17T18:48:05Z,2026-08-17T18:48:05Z,
45.156.129.195,ipv4,malicious-ip,medium,WHITE,ziyadnz/hourly-ipv4,ziyadnz|hourly,2026-08-17T18:48:05Z,2026-08-17T18:48:05Z,
45.156.129.52,ipv4,malicious-ip,medium,WHITE,ziyadnz/hourly-ipv4,ziyadnz|hourly,2026-08-17T18:48:05Z,2026-08-17T18:48:05Z,
45.156.129.60,ipv4,malicious-ip,medium,WHITE,ziyadnz/hourly-ipv4,ziyadnz|hourly,2026-08-17T18:48:05Z,2026-08-17T18:48:05Z,
45.156.129.61,ipv4,malicious-ip,medium,WHITE,ziyadnz/hourly-ipv4,ziyadnz|hourly,2026-08-17T18:48:05Z,2026-08-17T18:48:05Z,
45.156.129.62,ipv4,malicious-ip,medium,WHITE,ziyadnz/hourly-ipv4,ziyadnz|hourly,2026-08-17T18:48:05Z,2026-08-17T18:48:05Z,
45.156.129.63,ipv4,malicious-ip,medium,WHITE,ziyadnz/hourly-ipv4,ziyadnz|hourly,2026-08-17T18:48:05Z,2026-08-17T18:48:05Z,
45.156.129.65,ipv4,malicious-ip,medium,WHITE,ziyadnz/hourly-ipv4,ziyadnz|hourly,2026-08-17T18:48:05Z,2026-08-17T18:48:05Z,
45.156.129.66,ipv4,malicious-ip,medium,WHITE,ziyadnz/hourly-ipv4,ziyadnz|hourly,2026-08-17T18:48:05Z,2026-08-17T18:48:05Z,
45.156.129.67,ipv4,malicious-ip,medium,WHITE,ziyadnz/hourly-ipv4,ziyadnz|hourly,2026-08-17T18:48:05Z,2026-08-17T18:48:05Z,
45.156.129.68,ipv4,malicious-ip,medium,WHITE,ziyadnz/hourly-ipv4,ziyadnz|hourly,2026-08-17T18:48:05Z,2026-08-17T18:48:05Z,
45.156.129.70,ipv4,malicious-ip,medium,WHITE,ziyadnz/hourly-ipv4,ziyadnz|hourly,2026-08-17T18:48:05Z,2026-08-17T18:48:05Z,
45.156.129.71,ipv4,malicious-ip,medium,WHITE,ziyadnz/hourly-ipv4,ziyadnz|hourly,2026-08-17T18:48:05Z,2026-08-17T18:48:05Z,
45.156.129.72,ipv4,malicious-ip,medium,WHITE,ziyadnz/hourly-ipv4,ziyadnz|hourly,2026-08-17T18:48:05Z,2026-08-17T18:48:05Z,
45.156.129.73,ipv4,malicious-ip,medium,WHITE,ziyadnz/hourly-ipv4,ziyadnz|hourly,2026-08-17T18:48:05Z,2026-08-17T18:48:05Z,
45.156.129.75,ipv4,malicious-ip,medium,WHITE,ziyadnz/hourly-ipv4,ziyadnz|hourly,2026-08-17T18:48:05Z,2026-08-17T18:48:05Z,
45.156.129.76,ipv4,malicious-ip,medium,WHITE,ziyadnz/hourly-ipv4,ziyadnz|hourly,2026-08-17T18:48:05Z,2026-08-17T18:48:05Z,
45.156.129.77,ipv4,malicious-ip,medium,WHITE,ziyadnz/hourly-ipv4,ziyadnz|hourly,2026-08-17T18:48:05Z,2026-08-17T18:48:05Z,
45.156.129.78,ipv4,malicious-ip,medium,WHITE,ziyadnz/hourly-ipv4,ziyadnz|hourly,2026-08-17T18:48:05Z,2026-08-17T18:48:05Z,
45.156.129.80,ipv4,malicious-ip,medium,WHITE,ziyadnz/hourly-ipv4,ziyadnz|hourly,2026-08-17T18:48:05Z,2026-08-17T18:48:05Z,
45.156.129.81,ipv4,malicious-ip,medium,WHITE,ziyadnz/hourly-ipv4,ziyadnz|hourly,2026-08-17T18:48:05Z,2026-08-17T18:48:05Z,
45.156.129.82,ipv4,malicious-ip,medium,WHITE,ziyadnz/hourly-ipv4,ziyadnz|hourly,2026-08-17T18:48:05Z,2026-08-17T18:48:05Z,
45.156.129.83,ipv4,malicious-ip,medium,WHITE,ziyadnz/hourly-ipv4,ziyadnz|hourly,2026-08-17T18:48:05Z,2026-08-17T18:48:05Z,
45.156.129.85,ipv4,malicious-ip,medium,WHITE,ziyadnz/hourly-ipv4,ziyadnz|hourly,2026-08-17T18:48:05Z,2026-08-17T18:48:05Z,
45.156.129.86,ipv4,malicious-ip,medium,WHITE,ziyadnz/hourly-ipv4,ziyadnz|hourly,2026-08-17T18:48:05Z,2026-08-17T18:48:05Z,
45.156.129.87,ipv4,malicious-ip,medium,WHITE,ziyadnz/hourly-ipv4,ziyadnz|hourly,2026-08-17T18:48:05Z,2026-08-17T18:48:05Z,
45.156.129.88,ipv4,malicious-ip,medium,WHITE,ziyadnz/hourly-ipv4,ziyadnz|hourly,2026-08-17T18:48:05Z,2026-08-17T18:48:05Z,
45.156.129.90,ipv4,malicious-ip,medium,WHITE,ziyadnz/hourly-ipv4,ziyadnz|hourly,2026-08-17T18:48:05Z,2026-08-17T18:48:05Z,
45.156.129.91,ipv4,malicious-ip,medium,WHITE,ziyadnz/hourly-ipv4,ziyadnz|hourly,2026-08-17T18:48:05Z,2026-08-17T18:48:05Z,
45.156.129.92,ipv4,malicious-ip,medium,WHITE,ziyadnz/hourly-ipv4,ziyadnz|hourly,2026-08-17T18:48:05Z,2026-08-17T18:48:05Z,
45.156.129.93,ipv4,malicious-ip,medium,WHITE,ziyadnz/hourly-ipv4,ziyadnz|hourly,2026-08-17T18:48:05Z,2026-08-17T18:48:05Z,
45.156.129.95,ipv4,malicious-ip,medium,WHITE,ziyadnz/hourly-ipv4,ziyadnz|hourly,2026-08-17T18:48:05Z,2026-08-17T18:48:05Z,
45.156.129.96,ipv4,malicious-ip,medium,WHITE,ziyadnz/hourly-ipv4,ziyadnz|hourly,2026-08-17T18:48:05Z,2026-08-17T18:48:05Z,
45.156.129.97,ipv4,malicious-ip,medium,WHITE,ziyadnz/hourly-ipv4,ziyadnz|hourly,2026-08-17T18:48:05Z,2026-08-17T18:48:05Z,
45.156.129.98,ipv4,malicious-ip,medium,WHITE,ziyadnz/hourly-ipv4,ziyadnz|hourly,2026-08-17T18:48:05Z,2026-08-17T18:48:05Z,
45.156.131.18,ipv4,malicious-ip,medium,WHITE,ziyadnz/hourly-ipv4,ziyadnz|hourly,2026-08-17T18:48:05Z,2026-08-17T18:48:05Z,
45.156.131.19,ipv4,malicious-ip,medium,WHITE,ziyadnz/hourly-ipv4,ziyadnz|hourly,2026-08-17T18:48:05Z,2026-08-17T18:48:05Z,
45.156.131.7,ipv4,malicious-ip,medium,WHITE,ziyadnz/hourly-ipv4,ziyadnz|hourly,2026-08-17T18:48:05Z,2026-08-17T18:48:05Z,
45.156.21.172,ipv4,malicious-ip,medium,WHITE,ziyadnz/hourly-ipv4,ziyadnz|hourly,2026-08-17T18:48:05Z,2026-08-17T18:48:05Z,
45.156.22.81,ipv4,malicious-ip,medium,WHITE,ziyadnz/hourly-ipv4,ziyadnz|hourly,2026-08-17T18:48:05Z,2026-08-17T18:48:05Z,
45.156.24.224,ipv4,malicious-ip,medium,WHITE,ziyadnz/hourly-ipv4,ziyadnz|hourly,2026-08-17T18:48:05Z,2026-08-17T18:48:05Z,
45.156.85.140,ipv4,malicious-ip,medium,WHITE,ziyadnz/hourly-ipv4,ziyadnz|hourly,2026-08-17T18:48:05Z,2026-08-17T18:48:05Z,
45.156.87.0,ipv4,malicious-ip,medium,WHITE,ziyadnz/hourly-ipv4,ziyadnz|hourly,2026-08-17T18:48:05Z,2026-08-17T18:48:05Z,
45.156.87.10,ipv4,malicious-ip,medium,WHITE,ziyadnz/hourly-ipv4,ziyadnz|hourly,2026-08-17T18:48:05Z,2026-08-17T18:48:05Z,
45.156.87.115,ipv4,malicious-ip,medium,WHITE,ziyadnz/hourly-ipv4,ziyadnz|hourly,2026-08-17T18:48:05Z,2026-08-17T18:48:05Z,
45.156.87.119,ipv4,malicious-ip,medium,WHITE,ziyadnz/hourly-ipv4,ziyadnz|hourly,2026-08-17T18:48:05Z,2026-08-17T18:48:05Z,
45.156.87.12,ipv4,malicious-ip,medium,WHITE,ziyadnz/hourly-ipv4,ziyadnz|hourly,2026-08-17T18:48:05Z,2026-08-17T18:48:05Z,
45.156.87.127,ipv4,malicious-ip,medium,WHITE,ziyadnz/hourly-ipv4,ziyadnz|hourly,2026-08-17T18:48:05Z,2026-08-17T18:48:05Z,
45.156.87.13,ipv4,malicious-ip,medium,WHITE,ziyadnz/hourly-ipv4,ziyadnz|hourly,2026-08-17T18:48:05Z,2026-08-17T18:48:05Z,
45.156.87.130,ipv4,malicious-ip,medium,WHITE,ziyadnz/hourly-ipv4,ziyadnz|hourly,2026-08-17T18:48:05Z,2026-08-17T18:48:05Z,
45.156.87.153,ipv4,malicious-ip,medium,WHITE,ziyadnz/hourly-ipv4,ziyadnz|hourly,2026-08-17T18:48:05Z,2026-08-17T18:48:05Z,
45.156.87.161,ipv4,malicious-ip,medium,WHITE,ziyadnz/hourly-ipv4,ziyadnz|hourly,2026-08-17T18:48:05Z,2026-08-17T18:48:05Z,
45.156.87.162,ipv4,malicious-ip,medium,WHITE,ziyadnz/hourly-ipv4,ziyadnz|hourly,2026-08-17T18:48:05Z,2026-08-17T18:48:05Z,
45.156.87.163,ipv4,malicious-ip,medium,WHITE,ziyadnz/hourly-ipv4,ziyadnz|hourly,2026-08-17T18:48:05Z,2026-08-17T18:48:05Z,
45.156.87.165,ipv4,malicious-ip,medium,WHITE,ziyadnz/hourly-ipv4,ziyadnz|hourly,2026-08-17T18:48:05Z,2026-08-17T18:48:05Z,
45.156.87.198,ipv4,malicious-ip,medium,WHITE,ziyadnz/hourly-ipv4,ziyadnz|hourly,2026-08-17T18:48:05Z,2026-08-17T18:48:05Z,
45.156.87.209,ipv4,malicious-ip,medium,WHITE,ziyadnz/hourly-ipv4,ziyadnz|hourly,2026-08-17T18:48:05Z,2026-08-17T18:48:05Z,
45.156.87.213,ipv4,malicious-ip,medium,WHITE,ziyadnz/hourly-ipv4,ziyadnz|hourly,2026-08-17T18:48:05Z,2026-08-17T18:48:05Z,
45.156.87.252,ipv4,malicious-ip,medium,WHITE,ziyadnz/hourly-ipv4,ziyadnz|hourly,2026-08-17T18:48:05Z,2026-08-17T18:48:05Z,
45.156.87.70,ipv4,malicious-ip,medium,WHITE,ziyadnz/hourly-ipv4,ziyadnz|hourly,2026-08-17T18:48:05Z,2026-08-17T18:48:05Z,
45.156.87.99,ipv4,malicious-ip,medium,WHITE,ziyadnz/hourly-ipv4,ziyadnz|hourly,2026-08-17T18:48:05Z,2026-08-17T18:48:05Z,
45.157.112.115,ipv4,malicious-ip,medium,WHITE,ziyadnz/hourly-ipv4,ziyadnz|hourly,2026-08-17T18:48:05Z,2026-08-17T18:48:05Z,
45.157.112.207,ipv4,malicious-ip,medium,WHITE,ziyadnz/hourly-ipv4,ziyadnz|hourly,2026-08-17T18:48:05Z,2026-08-17T18:48:05Z,
45.157.112.215,ipv4,malicious-ip,medium,WHITE,ziyadnz/hourly-ipv4,ziyadnz|hourly,2026-08-17T18:48:05Z,2026-08-17T18:48:05Z,
45.157.112.41,ipv4,malicious-ip,medium,WHITE,ziyadnz/hourly-ipv4,ziyadnz|hourly,2026-08-17T18:48:05Z,2026-08-17T18:48:05Z,
45.157.112.56,ipv4,malicious-ip,medium,WHITE,ziyadnz/hourly-ipv4,ziyadnz|hourly,2026-08-17T18:48:05Z,2026-08-17T18:48:05Z,
45.157.112.98,ipv4,malicious-ip,medium,WHITE,ziyadnz/hourly-ipv4,ziyadnz|hourly,2026-08-17T18:48:05Z,2026-08-17T18:48:05Z,
45.157.16.157,ipv4,malicious-ip,medium,WHITE,ziyadnz/hourly-ipv4,ziyadnz|hourly,2026-08-17T18:48:05Z,2026-08-17T18:48:05Z,
45.157.233.103,ipv4,malicious-ip,medium,WHITE,ziyadnz/hourly-ipv4,ziyadnz|hourly,2026-08-17T18:48:05Z,2026-08-17T18:48:05Z,
45.157.233.139,ipv4,malicious-ip,medium,WHITE,ziyadnz/hourly-ipv4,ziyadnz|hourly,2026-08-17T18:48:05Z,2026-08-17T18:48:05Z,
45.158.14.246,ipv4,malicious-ip,medium,WHITE,ziyadnz/hourly-ipv4,ziyadnz|hourly,2026-08-17T18:48:05Z,2026-08-17T18:48:05Z,
45.158.180.250,ipv4,malicious-ip,medium,WHITE,ziyadnz/hourly-ipv4,ziyadnz|hourly,2026-08-17T18:48:05Z,2026-08-17T18:48:05Z,
45.158.244.111,ipv4,malicious-ip,medium,WHITE,ziyadnz/hourly-ipv4,ziyadnz|hourly,2026-08-17T18:48:05Z,2026-08-17T18:48:05Z,
45.159.114.234,ipv4,malicious-ip,medium,WHITE,ziyadnz/hourly-ipv4,ziyadnz|hourly,2026-08-17T18:48:05Z,2026-08-17T18:48:05Z,
45.159.209.228,ipv4,malicious-ip,medium,WHITE,ziyadnz/hourly-ipv4,ziyadnz|hourly,2026-08-17T18:48:05Z,2026-08-17T18:48:05Z,
45.159.223.177,ipv4,malicious-ip,medium,WHITE,ziyadnz/hourly-ipv4,ziyadnz|hourly,2026-08-17T18:48:05Z,2026-08-17T18:48:05Z,
45.159.223.219,ipv4,malicious-ip,medium,WHITE,ziyadnz/hourly-ipv4,ziyadnz|hourly,2026-08-17T18:48:05Z,2026-08-17T18:48:05Z,
45.159.248.110,ipv4,malicious-ip,medium,WHITE,ziyadnz/hourly-ipv4,ziyadnz|hourly,2026-08-17T18:48:05Z,2026-08-17T18:48:05Z,
45.159.248.244,ipv4,malicious-ip,medium,WHITE,ziyadnz/hourly-ipv4,ziyadnz|hourly,2026-08-17T18:48:05Z,2026-08-17T18:48:05Z,
45.159.248.55,ipv4,malicious-ip,medium,WHITE,ziyadnz/hourly-ipv4,ziyadnz|hourly,2026-08-17T18:48:05Z,2026-08-17T18:48:05Z,
45.159.250.179,ipv4,malicious-ip,medium,WHITE,ziyadnz/hourly-ipv4,ziyadnz|hourly,2026-08-17T18:48:05Z,2026-08-17T18:48:05Z,
45.159.251.164,ipv4,malicious-ip,medium,WHITE,ziyadnz/hourly-ipv4,ziyadnz|hourly,2026-08-17T18:48:05Z,2026-08-17T18:48:05Z,
45.159.251.21,ipv4,malicious-ip,medium,WHITE,ziyadnz/hourly-ipv4,ziyadnz|hourly,2026-08-17T18:48:05Z,2026-08-17T18:48:05Z,
45.159.251.32,ipv4,malicious-ip,medium,WHITE,ziyadnz/hourly-ipv4,ziyadnz|hourly,2026-08-17T18:48:05Z,2026-08-17T18:48:05Z,
45.159.74.134,ipv4,malicious-ip,medium,WHITE,ziyadnz/hourly-ipv4,ziyadnz|hourly,2026-08-17T18:48:05Z,2026-08-17T18:48:05Z,
45.159.74.135,ipv4,malicious-ip,medium,WHITE,ziyadnz/hourly-ipv4,ziyadnz|hourly,2026-08-17T18:48:05Z,2026-08-17T18:48:05Z,
45.159.75.221,ipv4,malicious-ip,medium,WHITE,ziyadnz/hourly-ipv4,ziyadnz|hourly,2026-08-17T18:48:05Z,2026-08-17T18:48:05Z,
45.160.115.89,ipv4,malicious-ip,medium,WHITE,ziyadnz/hourly-ipv4,ziyadnz|hourly,2026-08-17T18:48:05Z,2026-08-17T18:48:05Z,
45.160.138.201,ipv4,malicious-ip,medium,WHITE,ziyadnz/hourly-ipv4,ziyadnz|hourly,2026-08-17T18:48:05Z,2026-08-17T18:48:05Z,
45.160.15.6,ipv4,malicious-ip,medium,WHITE,ziyadnz/hourly-ipv4,ziyadnz|hourly,2026-08-17T18:48:05Z,2026-08-17T18:48:05Z,
45.160.153.213,ipv4,malicious-ip,medium,WHITE,ziyadnz/hourly-ipv4,ziyadnz|hourly,2026-08-17T18:48:05Z,2026-08-17T18:48:05Z,
45.160.156.211,ipv4,malicious-ip,medium,WHITE,ziyadnz/hourly-ipv4,ziyadnz|hourly,2026-08-17T18:48:05Z,2026-08-17T18:48:05Z,
45.160.156.8,ipv4,malicious-ip,medium,WHITE,ziyadnz/hourly-ipv4,ziyadnz|hourly,2026-08-17T18:48:05Z,2026-08-17T18:48:05Z,
45.160.190.11,ipv4,malicious-ip,medium,WHITE,ziyadnz/hourly-ipv4,ziyadnz|hourly,2026-08-17T18:48:05Z,2026-08-17T18:48:05Z,
45.160.190.14,ipv4,malicious-ip,medium,WHITE,ziyadnz/hourly-ipv4,ziyadnz|hourly,2026-08-17T18:48:05Z,2026-08-17T18:48:05Z,
45.160.191.42,ipv4,malicious-ip,medium,WHITE,ziyadnz/hourly-ipv4,ziyadnz|hourly,2026-08-17T18:48:05Z,2026-08-17T18:48:05Z,
45.160.191.94,ipv4,malicious-ip,medium,WHITE,ziyadnz/hourly-ipv4,ziyadnz|hourly,2026-08-17T18:48:05Z,2026-08-17T18:48:05Z,
45.160.21.82,ipv4,malicious-ip,medium,WHITE,ziyadnz/hourly-ipv4,ziyadnz|hourly,2026-08-17T18:48:05Z,2026-08-17T18:48:05Z,
45.160.228.164,ipv4,malicious-ip,medium,WHITE,ziyadnz/hourly-ipv4,ziyadnz|hourly,2026-08-17T18:48:05Z,2026-08-17T18:48:05Z,
45.160.231.44,ipv4,malicious-ip,medium,WHITE,ziyadnz/hourly-ipv4,ziyadnz|hourly,2026-08-17T18:48:05Z,2026-08-17T18:48:05Z,
45.160.236.58,ipv4,malicious-ip,medium,WHITE,ziyadnz/hourly-ipv4,ziyadnz|hourly,2026-08-17T18:48:05Z,2026-08-17T18:48:05Z,
45.160.248.17,ipv4,malicious-ip,medium,WHITE,ziyadnz/hourly-ipv4,ziyadnz|hourly,2026-08-17T18:48:05Z,2026-08-17T18:48:05Z,
45.160.253.24,ipv4,malicious-ip,medium,WHITE,ziyadnz/hourly-ipv4,ziyadnz|hourly,2026-08-17T18:48:05Z,2026-08-17T18:48:05Z,
45.160.72.217,ipv4,malicious-ip,medium,WHITE,ziyadnz/hourly-ipv4,ziyadnz|hourly,2026-08-17T18:48:05Z,2026-08-17T18:48:05Z,
45.161.100.69,ipv4,malicious-ip,medium,WHITE,ziyadnz/hourly-ipv4,ziyadnz|hourly,2026-08-17T18:48:05Z,2026-08-17T18:48:05Z,
45.161.113.250,ipv4,malicious-ip,medium,WHITE,ziyadnz/hourly-ipv4,ziyadnz|hourly,2026-08-17T18:48:05Z,2026-08-17T18:48:05Z,
45.161.115.60,ipv4,malicious-ip,medium,WHITE,ziyadnz/hourly-ipv4,ziyadnz|hourly,2026-08-17T18:48:05Z,2026-08-17T18:48:05Z,
45.161.137.38,ipv4,malicious-ip,medium,WHITE,ziyadnz/hourly-ipv4,ziyadnz|hourly,2026-08-17T18:48:05Z,2026-08-17T18:48:05Z,
45.161.148.224,ipv4,malicious-ip,medium,WHITE,ziyadnz/hourly-ipv4,ziyadnz|hourly,2026-08-17T18:48:05Z,2026-08-17T18:48:05Z,
45.161.156.55,ipv4,malicious-ip,medium,WHITE,ziyadnz/hourly-ipv4,ziyadnz|hourly,2026-08-17T18:48:05Z,2026-08-17T18:48:05Z,
45.161.178.71,ipv4,malicious-ip,medium,WHITE,ziyadnz/hourly-ipv4,ziyadnz|hourly,2026-08-17T18:48:05Z,2026-08-17T18:48:05Z,
45.161.2.94,ipv4,malicious-ip,medium,WHITE,ziyadnz/hourly-ipv4,ziyadnz|hourly,2026-08-17T18:48:05Z,2026-08-17T18:48:05Z,
45.161.237.218,ipv4,malicious-ip,medium,WHITE,ziyadnz/hourly-ipv4,ziyadnz|hourly,2026-08-17T18:48:05Z,2026-08-17T18:48:05Z,
45.161.253.118,ipv4,malicious-ip,medium,WHITE,ziyadnz/hourly-ipv4,ziyadnz|hourly,2026-08-17T18:48:05Z,2026-08-17T18:48:05Z,
45.161.5.62,ipv4,malicious-ip,medium,WHITE,ziyadnz/hourly-ipv4,ziyadnz|hourly,2026-08-17T18:48:05Z,2026-08-17T18:48:05Z,
45.161.69.229,ipv4,malicious-ip,medium,WHITE,ziyadnz/hourly-ipv4,ziyadnz|hourly,2026-08-17T18:48:05Z,2026-08-17T18:48:05Z,
45.161.69.240,ipv4,malicious-ip,medium,WHITE,ziyadnz/hourly-ipv4,ziyadnz|hourly,2026-08-17T18:48:05Z,2026-08-17T18:48:05Z,
45.161.74.3,ipv4,malicious-ip,medium,WHITE,ziyadnz/hourly-ipv4,ziyadnz|hourly,2026-08-17T18:48:05Z,2026-08-17T18:48:05Z,
45.162.102.172,ipv4,malicious-ip,medium,WHITE,ziyadnz/hourly-ipv4,ziyadnz|hourly,2026-08-17T18:48:05Z,2026-08-17T18:48:05Z,
45.162.146.16,ipv4,malicious-ip,medium,WHITE,ziyadnz/hourly-ipv4,ziyadnz|hourly,2026-08-17T18:48:05Z,2026-08-17T18:48:05Z,
45.162.20.0,ipv4,malicious-ip,medium,WHITE,ziyadnz/hourly-ipv4,ziyadnz|hourly,2026-08-17T18:48:05Z,2026-08-17T18:48:05Z,
45.162.20.138,ipv4,malicious-ip,medium,WHITE,ziyadnz/hourly-ipv4,ziyadnz|hourly,2026-08-17T18:48:05Z,2026-08-17T18:48:05Z,
45.162.20.165,ipv4,malicious-ip,medium,WHITE,ziyadnz/hourly-ipv4,ziyadnz|hourly,2026-08-17T18:48:05Z,2026-08-17T18:48:05Z,
45.162.20.171,ipv4,malicious-ip,medium,WHITE,ziyadnz/hourly-ipv4,ziyadnz|hourly,2026-08-17T18:48:05Z,2026-08-17T18:48:05Z,
45.162.20.180,ipv4,malicious-ip,medium,WHITE,ziyadnz/hourly-ipv4,ziyadnz|hourly,2026-08-17T18:48:05Z,2026-08-17T18:48:05Z,
45.162.20.191,ipv4,malicious-ip,medium,WHITE,ziyadnz/hourly-ipv4,ziyadnz|hourly,2026-08-17T18:48:05Z,2026-08-17T18:48:05Z,
45.162.20.194,ipv4,malicious-ip,medium,WHITE,ziyadnz/hourly-ipv4,ziyadnz|hourly,2026-08-17T18:48:05Z,2026-08-17T18:48:05Z,
45.162.20.204,ipv4,malicious-ip,medium,WHITE,ziyadnz/hourly-ipv4,ziyadnz|hourly,2026-08-17T18:48:05Z,2026-08-17T18:48:05Z,
45.162.20.21,ipv4,malicious-ip,medium,WHITE,ziyadnz/hourly-ipv4,ziyadnz|hourly,2026-08-17T18:48:05Z,2026-08-17T18:48:05Z,
45.162.20.23,ipv4,malicious-ip,medium,WHITE,ziyadnz/hourly-ipv4,ziyadnz|hourly,2026-08-17T18:48:05Z,2026-08-17T18:48:05Z,
45.162.20.26,ipv4,malicious-ip,medium,WHITE,ziyadnz/hourly-ipv4,ziyadnz|hourly,2026-08-17T18:48:05Z,2026-08-17T18:48:05Z,
45.162.20.27,ipv4,malicious-ip,medium,WHITE,ziyadnz/hourly-ipv4,ziyadnz|hourly,2026-08-17T18:48:05Z,2026-08-17T18:48:05Z,
45.162.20.28,ipv4,malicious-ip,medium,WHITE,ziyadnz/hourly-ipv4,ziyadnz|hourly,2026-08-17T18:48:05Z,2026-08-17T18:48:05Z,
45.162.20.30,ipv4,malicious-ip,medium,WHITE,ziyadnz/hourly-ipv4,ziyadnz|hourly,2026-08-17T18:48:05Z,2026-08-17T18:48:05Z,
45.162.20.36,ipv4,malicious-ip,medium,WHITE,ziyadnz/hourly-ipv4,ziyadnz|hourly,2026-08-17T18:48:05Z,2026-08-17T18:48:05Z,
45.162.20.65,ipv4,malicious-ip,medium,WHITE,ziyadnz/hourly-ipv4,ziyadnz|hourly,2026-08-17T18:48:05Z,2026-08-17T18:48:05Z,
45.162.20.68,ipv4,malicious-ip,medium,WHITE,ziyadnz/hourly-ipv4,ziyadnz|hourly,2026-08-17T18:48:05Z,2026-08-17T18:48:05Z,
45.162.20.69,ipv4,malicious-ip,medium,WHITE,ziyadnz/hourly-ipv4,ziyadnz|hourly,2026-08-17T18:48:05Z,2026-08-17T18:48:05Z,
45.162.20.71,ipv4,malicious-ip,medium,WHITE,ziyadnz/hourly-ipv4,ziyadnz|hourly,2026-08-17T18:48:05Z,2026-08-17T18:48:05Z,
45.162.20.75,ipv4,malicious-ip,medium,WHITE,ziyadnz/hourly-ipv4,ziyadnz|hourly,2026-08-17T18:48:05Z,2026-08-17T18:48:05Z,
45.162.21.0,ipv4,malicious-ip,medium,WHITE,ziyadnz/hourly-ipv4,ziyadnz|hourly,2026-08-17T18:48:05Z,2026-08-17T18:48:05Z,
45.162.21.163,ipv4,malicious-ip,medium,WHITE,ziyadnz/hourly-ipv4,ziyadnz|hourly,2026-08-17T18:48:05Z,2026-08-17T18:48:05Z,
45.162.21.187,ipv4,malicious-ip,medium,WHITE,ziyadnz/hourly-ipv4,ziyadnz|hourly,2026-08-17T18:48:05Z,2026-08-17T18:48:05Z,
45.162.21.190,ipv4,malicious-ip,medium,WHITE,ziyadnz/hourly-ipv4,ziyadnz|hourly,2026-08-17T18:48:05Z,2026-08-17T18:48:05Z,
45.162.21.24,ipv4,malicious-ip,medium,WHITE,ziyadnz/hourly-ipv4,ziyadnz|hourly,2026-08-17T18:48:05Z,2026-08-17T18:48:05Z,
45.162.211.34,ipv4,malicious-ip,medium,WHITE,ziyadnz/hourly-ipv4,ziyadnz|hourly,2026-08-17T18:48:05Z,2026-08-17T18:48:05Z,
45.162.234.66,ipv4,malicious-ip,medium,WHITE,ziyadnz/hourly-ipv4,ziyadnz|hourly,2026-08-17T18:48:05Z,2026-08-17T18:48:05Z,
45.162.251.133,ipv4,malicious-ip,medium,WHITE,ziyadnz/hourly-ipv4,ziyadnz|hourly,2026-08-17T18:48:05Z,2026-08-17T18:48:05Z,
45.162.251.137,ipv4,malicious-ip,medium,WHITE,ziyadnz/hourly-ipv4,ziyadnz|hourly,2026-08-17T18:48:05Z,2026-08-17T18:48:05Z,
45.162.251.138,ipv4,malicious-ip,medium,WHITE,ziyadnz/hourly-ipv4,ziyadnz|hourly,2026-08-17T18:48:05Z,2026-08-17T18:48:05Z,
45.162.251.142,ipv4,malicious-ip,medium,WHITE,ziyadnz/hourly-ipv4,ziyadnz|hourly,2026-08-17T18:48:05Z,2026-08-17T18:48:05Z,
45.162.251.153,ipv4,malicious-ip,medium,WHITE,ziyadnz/hourly-ipv4,ziyadnz|hourly,2026-08-17T18:48:05Z,2026-08-17T18:48:05Z,
45.162.5.129,ipv4,malicious-ip,medium,WHITE,ziyadnz/hourly-ipv4,ziyadnz|hourly,2026-08-17T18:48:05Z,2026-08-17T18:48:05Z,
45.162.61.240,ipv4,malicious-ip,medium,WHITE,ziyadnz/hourly-ipv4,ziyadnz|hourly,2026-08-17T18:48:05Z,2026-08-17T18:48:05Z,
45.162.8.14,ipv4,malicious-ip,medium,WHITE,ziyadnz/hourly-ipv4,ziyadnz|hourly,2026-08-17T18:48:05Z,2026-08-17T18:48:05Z,
45.163.1.126,ipv4,malicious-ip,medium,WHITE,ziyadnz/hourly-ipv4,ziyadnz|hourly,2026-08-17T18:48:05Z,2026-08-17T18:48:05Z,
45.163.192.107,ipv4,malicious-ip,medium,WHITE,ziyadnz/hourly-ipv4,ziyadnz|hourly,2026-08-17T18:48:05Z,2026-08-17T18:48:05Z,
45.163.198.144,ipv4,malicious-ip,medium,WHITE,ziyadnz/hourly-ipv4,ziyadnz|hourly,2026-08-17T18:48:05Z,2026-08-17T18:48:05Z,
45.163.198.4,ipv4,malicious-ip,medium,WHITE,ziyadnz/hourly-ipv4,ziyadnz|hourly,2026-08-17T18:48:05Z,2026-08-17T18:48:05Z,
45.163.198.69,ipv4,malicious-ip,medium,WHITE,ziyadnz/hourly-ipv4,ziyadnz|hourly,2026-08-17T18:48:05Z,2026-08-17T18:48:05Z,
45.163.2.212,ipv4,malicious-ip,medium,WHITE,ziyadnz/hourly-ipv4,ziyadnz|hourly,2026-08-17T18:48:05Z,2026-08-17T18:48:05Z,
45.163.200.78,ipv4,malicious-ip,medium,WHITE,ziyadnz/hourly-ipv4,ziyadnz|hourly,2026-08-17T18:48:05Z,2026-08-17T18:48:05Z,
45.163.203.178,ipv4,malicious-ip,medium,WHITE,ziyadnz/hourly-ipv4,ziyadnz|hourly,2026-08-17T18:48:05Z,2026-08-17T18:48:05Z,
45.163.204.34,ipv4,malicious-ip,medium,WHITE,ziyadnz/hourly-ipv4,ziyadnz|hourly,2026-08-17T18:48:05Z,2026-08-17T18:48:05Z,
45.163.245.224,ipv4,malicious-ip,medium,WHITE,ziyadnz/hourly-ipv4,ziyadnz|hourly,2026-08-17T18:48:05Z,2026-08-17T18:48:05Z,
45.163.245.250,ipv4,malicious-ip,medium,WHITE,ziyadnz/hourly-ipv4,ziyadnz|hourly,2026-08-17T18:48:05Z,2026-08-17T18:48:05Z,
45.163.7.233,ipv4,malicious-ip,medium,WHITE,ziyadnz/hourly-ipv4,ziyadnz|hourly,2026-08-17T18:48:05Z,2026-08-17T18:48:05Z,
45.163.75.102,ipv4,malicious-ip,medium,WHITE,ziyadnz/hourly-ipv4,ziyadnz|hourly,2026-08-17T18:48:05Z,2026-08-17T18:48:05Z,
45.163.86.2,ipv4,malicious-ip,medium,WHITE,ziyadnz/hourly-ipv4,ziyadnz|hourly,2026-08-17T18:48:05Z,2026-08-17T18:48:05Z,
45.164.115.78,ipv4,malicious-ip,medium,WHITE,ziyadnz/hourly-ipv4,ziyadnz|hourly,2026-08-17T18:48:05Z,2026-08-17T18:48:05Z,
45.164.122.18,ipv4,malicious-ip,medium,WHITE,ziyadnz/hourly-ipv4,ziyadnz|hourly,2026-08-17T18:48:05Z,2026-08-17T18:48:05Z,
45.164.122.20,ipv4,malicious-ip,medium,WHITE,ziyadnz/hourly-ipv4,ziyadnz|hourly,2026-08-17T18:48:05Z,2026-08-17T18:48:05Z,
45.164.151.197,ipv4,malicious-ip,medium,WHITE,ziyadnz/hourly-ipv4,ziyadnz|hourly,2026-08-17T18:48:05Z,2026-08-17T18:48:05Z,
45.164.194.222,ipv4,malicious-ip,medium,WHITE,ziyadnz/hourly-ipv4,ziyadnz|hourly,2026-08-17T18:48:05Z,2026-08-17T18:48:05Z,
45.164.244.131,ipv4,malicious-ip,medium,WHITE,ziyadnz/hourly-ipv4,ziyadnz|hourly,2026-08-17T18:48:05Z,2026-08-17T18:48:05Z,
45.164.251.106,ipv4,malicious-ip,medium,WHITE,ziyadnz/hourly-ipv4,ziyadnz|hourly,2026-08-17T18:48:05Z,2026-08-17T18:48:05Z,
45.164.251.67,ipv4,malicious-ip,medium,WHITE,ziyadnz/hourly-ipv4,ziyadnz|hourly,2026-08-17T18:48:05Z,2026-08-17T18:48:05Z,
45.164.64.88,ipv4,malicious-ip,medium,WHITE,ziyadnz/hourly-ipv4,ziyadnz|hourly,2026-08-17T18:48:05Z,2026-08-17T18:48:05Z,
45.164.7.212,ipv4,malicious-ip,medium,WHITE,ziyadnz/hourly-ipv4,ziyadnz|hourly,2026-08-17T18:48:05Z,2026-08-17T18:48:05Z,
45.165.128.136,ipv4,malicious-ip,medium,WHITE,ziyadnz/hourly-ipv4,ziyadnz|hourly,2026-08-17T18:48:05Z,2026-08-17T18:48:05Z,
45.165.14.197,ipv4,malicious-ip,medium,WHITE,ziyadnz/hourly-ipv4,ziyadnz|hourly,2026-08-17T18:48:05Z,2026-08-17T18:48:05Z,
45.165.170.41,ipv4,malicious-ip,medium,WHITE,ziyadnz/hourly-ipv4,ziyadnz|hourly,2026-08-17T18:48:05Z,2026-08-17T18:48:05Z,
45.165.172.173,ipv4,malicious-ip,medium,WHITE,ziyadnz/hourly-ipv4,ziyadnz|hourly,2026-08-17T18:48:05Z,2026-08-17T18:48:05Z,
45.165.177.190,ipv4,malicious-ip,medium,WHITE,ziyadnz/hourly-ipv4,ziyadnz|hourly,2026-08-17T18:48:05Z,2026-08-17T18:48:05Z,
45.165.238.2,ipv4,malicious-ip,medium,WHITE,ziyadnz/hourly-ipv4,ziyadnz|hourly,2026-08-17T18:48:05Z,2026-08-17T18:48:05Z,
45.165.44.160,ipv4,malicious-ip,medium,WHITE,ziyadnz/hourly-ipv4,ziyadnz|hourly,2026-08-17T18:48:05Z,2026-08-17T18:48:05Z,
45.165.44.166,ipv4,malicious-ip,medium,WHITE,ziyadnz/hourly-ipv4,ziyadnz|hourly,2026-08-17T18:48:05Z,2026-08-17T18:48:05Z,
45.165.44.171,ipv4,malicious-ip,medium,WHITE,ziyadnz/hourly-ipv4,ziyadnz|hourly,2026-08-17T18:48:05Z,2026-08-17T18:48:05Z,
45.165.44.200,ipv4,malicious-ip,medium,WHITE,ziyadnz/hourly-ipv4,ziyadnz|hourly,2026-08-17T18:48:05Z,2026-08-17T18:48:05Z,
45.165.44.234,ipv4,malicious-ip,medium,WHITE,ziyadnz/hourly-ipv4,ziyadnz|hourly,2026-08-17T18:48:05Z,2026-08-17T18:48:05Z,
45.165.46.51,ipv4,malicious-ip,medium,WHITE,ziyadnz/hourly-ipv4,ziyadnz|hourly,2026-08-17T18:48:05Z,2026-08-17T18:48:05Z,
45.165.75.245,ipv4,malicious-ip,medium,WHITE,ziyadnz/hourly-ipv4,ziyadnz|hourly,2026-08-17T18:48:05Z,2026-08-17T18:48:05Z,
45.166.144.180,ipv4,malicious-ip,medium,WHITE,ziyadnz/hourly-ipv4,ziyadnz|hourly,2026-08-17T18:48:05Z,2026-08-17T18:48:05Z,
45.166.154.79,ipv4,malicious-ip,medium,WHITE,ziyadnz/hourly-ipv4,ziyadnz|hourly,2026-08-17T18:48:05Z,2026-08-17T18:48:05Z,
45.166.166.23,ipv4,malicious-ip,medium,WHITE,ziyadnz/hourly-ipv4,ziyadnz|hourly,2026-08-17T18:48:05Z,2026-08-17T18:48:05Z,
45.166.167.251,ipv4,malicious-ip,medium,WHITE,ziyadnz/hourly-ipv4,ziyadnz|hourly,2026-08-17T18:48:05Z,2026-08-17T18:48:05Z,
45.166.180.124,ipv4,malicious-ip,medium,WHITE,ziyadnz/hourly-ipv4,ziyadnz|hourly,2026-08-17T18:48:05Z,2026-08-17T18:48:05Z,
45.166.180.93,ipv4,malicious-ip,medium,WHITE,ziyadnz/hourly-ipv4,ziyadnz|hourly,2026-08-17T18:48:05Z,2026-08-17T18:48:05Z,
45.166.188.123,ipv4,malicious-ip,medium,WHITE,ziyadnz/hourly-ipv4,ziyadnz|hourly,2026-08-17T18:48:05Z,2026-08-17T18:48:05Z,
45.166.190.21,ipv4,malicious-ip,medium,WHITE,ziyadnz/hourly-ipv4,ziyadnz|hourly,2026-08-17T18:48:05Z,2026-08-17T18:48:05Z,
45.166.204.255,ipv4,malicious-ip,medium,WHITE,ziyadnz/hourly-ipv4,ziyadnz|hourly,2026-08-17T18:48:05Z,2026-08-17T18:48:05Z,
45.166.22.194,ipv4,malicious-ip,medium,WHITE,ziyadnz/hourly-ipv4,ziyadnz|hourly,2026-08-17T18:48:05Z,2026-08-17T18:48:05Z,
45.166.57.15,ipv4,malicious-ip,medium,WHITE,ziyadnz/hourly-ipv4,ziyadnz|hourly,2026-08-17T18:48:05Z,2026-08-17T18:48:05Z,
45.166.57.68,ipv4,malicious-ip,medium,WHITE,ziyadnz/hourly-ipv4,ziyadnz|hourly,2026-08-17T18:48:05Z,2026-08-17T18:48:05Z,
45.166.62.253,ipv4,malicious-ip,medium,WHITE,ziyadnz/hourly-ipv4,ziyadnz|hourly,2026-08-17T18:48:05Z,2026-08-17T18:48:05Z,
45.167.104.85,ipv4,malicious-ip,medium,WHITE,ziyadnz/hourly-ipv4,ziyadnz|hourly,2026-08-17T18:48:05Z,2026-08-17T18:48:05Z,
45.167.142.149,ipv4,malicious-ip,medium,WHITE,ziyadnz/hourly-ipv4,ziyadnz|hourly,2026-08-17T18:48:05Z,2026-08-17T18:48:05Z,
45.167.145.56,ipv4,malicious-ip,medium,WHITE,ziyadnz/hourly-ipv4,ziyadnz|hourly,2026-08-17T18:48:05Z,2026-08-17T18:48:05Z,
45.167.184.83,ipv4,malicious-ip,medium,WHITE,ziyadnz/hourly-ipv4,ziyadnz|hourly,2026-08-17T18:48:05Z,2026-08-17T18:48:05Z,
45.167.211.206,ipv4,malicious-ip,medium,WHITE,ziyadnz/hourly-ipv4,ziyadnz|hourly,2026-08-17T18:48:05Z,2026-08-17T18:48:05Z,
45.167.218.15,ipv4,malicious-ip,medium,WHITE,ziyadnz/hourly-ipv4,ziyadnz|hourly,2026-08-17T18:48:05Z,2026-08-17T18:48:05Z,
45.167.233.27,ipv4,malicious-ip,medium,WHITE,ziyadnz/hourly-ipv4,ziyadnz|hourly,2026-08-17T18:48:05Z,2026-08-17T18:48:05Z,
45.167.250.45,ipv4,malicious-ip,medium,WHITE,ziyadnz/hourly-ipv4,ziyadnz|hourly,2026-08-17T18:48:05Z,2026-08-17T18:48:05Z,
45.167.3.95,ipv4,malicious-ip,medium,WHITE,ziyadnz/hourly-ipv4,ziyadnz|hourly,2026-08-17T18:48:05Z,2026-08-17T18:48:05Z,
45.167.52.147,ipv4,malicious-ip,medium,WHITE,ziyadnz/hourly-ipv4,ziyadnz|hourly,2026-08-17T18:48:05Z,2026-08-17T18:48:05Z,
45.167.66.183,ipv4,malicious-ip,medium,WHITE,ziyadnz/hourly-ipv4,ziyadnz|hourly,2026-08-17T18:48:05Z,2026-08-17T18:48:05Z,
45.167.77.5,ipv4,malicious-ip,medium,WHITE,ziyadnz/hourly-ipv4,ziyadnz|hourly,2026-08-17T18:48:05Z,2026-08-17T18:48:05Z,
45.168.122.142,ipv4,malicious-ip,medium,WHITE,ziyadnz/hourly-ipv4,ziyadnz|hourly,2026-08-17T18:48:05Z,2026-08-17T18:48:05Z,
45.168.153.57,ipv4,malicious-ip,medium,WHITE,ziyadnz/hourly-ipv4,ziyadnz|hourly,2026-08-17T18:48:05Z,2026-08-17T18:48:05Z,
45.168.169.244,ipv4,malicious-ip,medium,WHITE,ziyadnz/hourly-ipv4,ziyadnz|hourly,2026-08-17T18:48:05Z,2026-08-17T18:48:05Z,
45.168.194.43,ipv4,malicious-ip,medium,WHITE,ziyadnz/hourly-ipv4,ziyadnz|hourly,2026-08-17T18:48:05Z,2026-08-17T18:48:05Z,
45.168.204.197,ipv4,malicious-ip,medium,WHITE,ziyadnz/hourly-ipv4,ziyadnz|hourly,2026-08-17T18:48:05Z,2026-08-17T18:48:05Z,
45.168.23.176,ipv4,malicious-ip,medium,WHITE,ziyadnz/hourly-ipv4,ziyadnz|hourly,2026-08-17T18:48:05Z,2026-08-17T18:48:05Z,
45.168.23.69,ipv4,malicious-ip,medium,WHITE,ziyadnz/hourly-ipv4,ziyadnz|hourly,2026-08-17T18:48:05Z,2026-08-17T18:48:05Z,
45.168.4.111,ipv4,malicious-ip,medium,WHITE,ziyadnz/hourly-ipv4,ziyadnz|hourly,2026-08-17T18:48:05Z,2026-08-17T18:48:05Z,
45.168.49.126,ipv4,malicious-ip,medium,WHITE,ziyadnz/hourly-ipv4,ziyadnz|hourly,2026-08-17T18:48:05Z,2026-08-17T18:48:05Z,
45.168.5.100,ipv4,malicious-ip,medium,WHITE,ziyadnz/hourly-ipv4,ziyadnz|hourly,2026-08-17T18:48:05Z,2026-08-17T18:48:05Z,
45.168.58.174,ipv4,malicious-ip,medium,WHITE,ziyadnz/hourly-ipv4,ziyadnz|hourly,2026-08-17T18:48:05Z,2026-08-17T18:48:05Z,
45.168.88.222,ipv4,malicious-ip,medium,WHITE,ziyadnz/hourly-ipv4,ziyadnz|hourly,2026-08-17T18:48:05Z,2026-08-17T18:48:05Z,
45.168.88.239,ipv4,malicious-ip,medium,WHITE,ziyadnz/hourly-ipv4,ziyadnz|hourly,2026-08-17T18:48:05Z,2026-08-17T18:48:05Z,
45.168.89.138,ipv4,malicious-ip,medium,WHITE,ziyadnz/hourly-ipv4,ziyadnz|hourly,2026-08-17T18:48:05Z,2026-08-17T18:48:05Z,
45.168.89.228,ipv4,malicious-ip,medium,WHITE,ziyadnz/hourly-ipv4,ziyadnz|hourly,2026-08-17T18:48:05Z,2026-08-17T18:48:05Z,
45.169.110.121,ipv4,malicious-ip,medium,WHITE,ziyadnz/hourly-ipv4,ziyadnz|hourly,2026-08-17T18:48:05Z,2026-08-17T18:48:05Z,
45.169.111.48,ipv4,malicious-ip,medium,WHITE,ziyadnz/hourly-ipv4,ziyadnz|hourly,2026-08-17T18:48:05Z,2026-08-17T18:48:05Z,
45.169.111.81,ipv4,malicious-ip,medium,WHITE,ziyadnz/hourly-ipv4,ziyadnz|hourly,2026-08-17T18:48:05Z,2026-08-17T18:48:05Z,
45.169.128.70,ipv4,malicious-ip,medium,WHITE,ziyadnz/hourly-ipv4,ziyadnz|hourly,2026-08-17T18:48:05Z,2026-08-17T18:48:05Z,
45.169.207.172,ipv4,malicious-ip,medium,WHITE,ziyadnz/hourly-ipv4,ziyadnz|hourly,2026-08-17T18:48:05Z,2026-08-17T18:48:05Z,
45.169.251.153,ipv4,malicious-ip,medium,WHITE,ziyadnz/hourly-ipv4,ziyadnz|hourly,2026-08-17T18:48:05Z,2026-08-17T18:48:05Z,
45.169.35.242,ipv4,malicious-ip,medium,WHITE,ziyadnz/hourly-ipv4,ziyadnz|hourly,2026-08-17T18:48:05Z,2026-08-17T18:48:05Z,
45.169.52.155,ipv4,malicious-ip,medium,WHITE,ziyadnz/hourly-ipv4,ziyadnz|hourly,2026-08-17T18:48:05Z,2026-08-17T18:48:05Z,
45.169.52.158,ipv4,malicious-ip,medium,WHITE,ziyadnz/hourly-ipv4,ziyadnz|hourly,2026-08-17T18:48:05Z,2026-08-17T18:48:05Z,
45.169.52.186,ipv4,malicious-ip,medium,WHITE,ziyadnz/hourly-ipv4,ziyadnz|hourly,2026-08-17T18:48:05Z,2026-08-17T18:48:05Z,
45.169.98.18,ipv4,malicious-ip,medium,WHITE,ziyadnz/hourly-ipv4,ziyadnz|hourly,2026-08-17T18:48:05Z,2026-08-17T18:48:05Z,
45.169.98.20,ipv4,malicious-ip,medium,WHITE,ziyadnz/hourly-ipv4,ziyadnz|hourly,2026-08-17T18:48:05Z,2026-08-17T18:48:05Z,
45.17.43.250,ipv4,malicious-ip,medium,WHITE,ziyadnz/hourly-ipv4,ziyadnz|hourly,2026-08-17T18:48:05Z,2026-08-17T18:48:05Z,
45.170.103.13,ipv4,malicious-ip,medium,WHITE,ziyadnz/hourly-ipv4,ziyadnz|hourly,2026-08-17T18:48:05Z,2026-08-17T18:48:05Z,
45.170.116.190,ipv4,malicious-ip,medium,WHITE,ziyadnz/hourly-ipv4,ziyadnz|hourly,2026-08-17T18:48:05Z,2026-08-17T18:48:05Z,
45.170.123.130,ipv4,malicious-ip,medium,WHITE,ziyadnz/hourly-ipv4,ziyadnz|hourly,2026-08-17T18:48:05Z,2026-08-17T18:48:05Z,
45.170.128.15,ipv4,malicious-ip,medium,WHITE,ziyadnz/hourly-ipv4,ziyadnz|hourly,2026-08-17T18:48:05Z,2026-08-17T18:48:05Z,
45.170.130.204,ipv4,malicious-ip,medium,WHITE,ziyadnz/hourly-ipv4,ziyadnz|hourly,2026-08-17T18:48:05Z,2026-08-17T18:48:05Z,
45.170.153.241,ipv4,malicious-ip,medium,WHITE,ziyadnz/hourly-ipv4,ziyadnz|hourly,2026-08-17T18:48:05Z,2026-08-17T18:48:05Z,
45.170.198.67,ipv4,malicious-ip,medium,WHITE,ziyadnz/hourly-ipv4,ziyadnz|hourly,2026-08-17T18:48:05Z,2026-08-17T18:48:05Z,
45.170.50.2,ipv4,malicious-ip,medium,WHITE,ziyadnz/hourly-ipv4,ziyadnz|hourly,2026-08-17T18:48:05Z,2026-08-17T18:48:05Z,
45.170.61.248,ipv4,malicious-ip,medium,WHITE,ziyadnz/hourly-ipv4,ziyadnz|hourly,2026-08-17T18:48:05Z,2026-08-17T18:48:05Z,
45.170.66.126,ipv4,malicious-ip,medium,WHITE,ziyadnz/hourly-ipv4,ziyadnz|hourly,2026-08-17T18:48:05Z,2026-08-17T18:48:05Z,
45.170.67.165,ipv4,malicious-ip,medium,WHITE,ziyadnz/hourly-ipv4,ziyadnz|hourly,2026-08-17T18:48:05Z,2026-08-17T18:48:05Z,
45.170.76.125,ipv4,malicious-ip,medium,WHITE,ziyadnz/hourly-ipv4,ziyadnz|hourly,2026-08-17T18:48:05Z,2026-08-17T18:48:05Z,
45.170.77.34,ipv4,malicious-ip,medium,WHITE,ziyadnz/hourly-ipv4,ziyadnz|hourly,2026-08-17T18:48:05Z,2026-08-17T18:48:05Z,
45.170.89.102,ipv4,malicious-ip,medium,WHITE,ziyadnz/hourly-ipv4,ziyadnz|hourly,2026-08-17T18:48:05Z,2026-08-17T18:48:05Z,
45.170.96.56,ipv4,malicious-ip,medium,WHITE,ziyadnz/hourly-ipv4,ziyadnz|hourly,2026-08-17T18:48:05Z,2026-08-17T18:48:05Z,
45.170.99.0,ipv4,malicious-ip,medium,WHITE,ziyadnz/hourly-ipv4,ziyadnz|hourly,2026-08-17T18:48:05Z,2026-08-17T18:48:05Z,
45.171.11.10,ipv4,malicious-ip,medium,WHITE,ziyadnz/hourly-ipv4,ziyadnz|hourly,2026-08-17T18:48:05Z,2026-08-17T18:48:05Z,
45.171.12.154,ipv4,malicious-ip,medium,WHITE,ziyadnz/hourly-ipv4,ziyadnz|hourly,2026-08-17T18:48:05Z,2026-08-17T18:48:05Z,
45.171.120.1,ipv4,malicious-ip,medium,WHITE,ziyadnz/hourly-ipv4,ziyadnz|hourly,2026-08-17T18:48:05Z,2026-08-17T18:48:05Z,
45.171.124.21,ipv4,malicious-ip,medium,WHITE,ziyadnz/hourly-ipv4,ziyadnz|hourly,2026-08-17T18:48:05Z,2026-08-17T18:48:05Z,
45.171.130.198,ipv4,malicious-ip,medium,WHITE,ziyadnz/hourly-ipv4,ziyadnz|hourly,2026-08-17T18:48:05Z,2026-08-17T18:48:05Z,
45.171.141.5,ipv4,malicious-ip,medium,WHITE,ziyadnz/hourly-ipv4,ziyadnz|hourly,2026-08-17T18:48:05Z,2026-08-17T18:48:05Z,
45.171.150.189,ipv4,malicious-ip,medium,WHITE,ziyadnz/hourly-ipv4,ziyadnz|hourly,2026-08-17T18:48:05Z,2026-08-17T18:48:05Z,
45.171.180.186,ipv4,malicious-ip,medium,WHITE,ziyadnz/hourly-ipv4,ziyadnz|hourly,2026-08-17T18:48:05Z,2026-08-17T18:48:05Z,
45.171.209.165,ipv4,malicious-ip,medium,WHITE,ziyadnz/hourly-ipv4,ziyadnz|hourly,2026-08-17T18:48:05Z,2026-08-17T18:48:05Z,
45.171.32.23,ipv4,malicious-ip,medium,WHITE,ziyadnz/hourly-ipv4,ziyadnz|hourly,2026-08-17T18:48:05Z,2026-08-17T18:48:05Z,
45.172.110.253,ipv4,malicious-ip,medium,WHITE,ziyadnz/hourly-ipv4,ziyadnz|hourly,2026-08-17T18:48:05Z,2026-08-17T18:48:05Z,
45.172.110.254,ipv4,malicious-ip,medium,WHITE,ziyadnz/hourly-ipv4,ziyadnz|hourly,2026-08-17T18:48:05Z,2026-08-17T18:48:05Z,
45.172.119.248,ipv4,malicious-ip,medium,WHITE,ziyadnz/hourly-ipv4,ziyadnz|hourly,2026-08-17T18:48:05Z,2026-08-17T18:48:05Z,
45.172.142.2,ipv4,malicious-ip,medium,WHITE,ziyadnz/hourly-ipv4,ziyadnz|hourly,2026-08-17T18:48:05Z,2026-08-17T18:48:05Z,
45.172.142.89,ipv4,malicious-ip,medium,WHITE,ziyadnz/hourly-ipv4,ziyadnz|hourly,2026-08-17T18:48:05Z,2026-08-17T18:48:05Z,
45.172.143.178,ipv4,malicious-ip,medium,WHITE,ziyadnz/hourly-ipv4,ziyadnz|hourly,2026-08-17T18:48:05Z,2026-08-17T18:48:05Z,
45.172.163.253,ipv4,malicious-ip,medium,WHITE,ziyadnz/hourly-ipv4,ziyadnz|hourly,2026-08-17T18:48:05Z,2026-08-17T18:48:05Z,
45.172.19.165,ipv4,malicious-ip,medium,WHITE,ziyadnz/hourly-ipv4,ziyadnz|hourly,2026-08-17T18:48:05Z,2026-08-17T18:48:05Z,
45.172.19.202,ipv4,malicious-ip,medium,WHITE,ziyadnz/hourly-ipv4,ziyadnz|hourly,2026-08-17T18:48:05Z,2026-08-17T18:48:05Z,
45.172.197.141,ipv4,malicious-ip,medium,WHITE,ziyadnz/hourly-ipv4,ziyadnz|hourly,2026-08-17T18:48:05Z,2026-08-17T18:48:05Z,
45.172.201.187,ipv4,malicious-ip,medium,WHITE,ziyadnz/hourly-ipv4,ziyadnz|hourly,2026-08-17T18:48:05Z,2026-08-17T18:48:05Z,
45.172.220.38,ipv4,malicious-ip,medium,WHITE,ziyadnz/hourly-ipv4,ziyadnz|hourly,2026-08-17T18:48:05Z,2026-08-17T18:48:05Z,
45.172.227.191,ipv4,malicious-ip,medium,WHITE,ziyadnz/hourly-ipv4,ziyadnz|hourly,2026-08-17T18:48:05Z,2026-08-17T18:48:05Z,
45.172.230.27,ipv4,malicious-ip,medium,WHITE,ziyadnz/hourly-ipv4,ziyadnz|hourly,2026-08-17T18:48:05Z,2026-08-17T18:48:05Z,
45.172.38.29,ipv4,malicious-ip,medium,WHITE,ziyadnz/hourly-ipv4,ziyadnz|hourly,2026-08-17T18:48:05Z,2026-08-17T18:48:05Z,
45.172.70.203,ipv4,malicious-ip,medium,WHITE,ziyadnz/hourly-ipv4,ziyadnz|hourly,2026-08-17T18:48:05Z,2026-08-17T18:48:05Z,
45.172.71.163,ipv4,malicious-ip,medium,WHITE,ziyadnz/hourly-ipv4,ziyadnz|hourly,2026-08-17T18:48:05Z,2026-08-17T18:48:05Z,
45.172.71.164,ipv4,malicious-ip,medium,WHITE,ziyadnz/hourly-ipv4,ziyadnz|hourly,2026-08-17T18:48:05Z,2026-08-17T18:48:05Z,
45.172.98.207,ipv4,malicious-ip,medium,WHITE,ziyadnz/hourly-ipv4,ziyadnz|hourly,2026-08-17T18:48:05Z,2026-08-17T18:48:05Z,
45.172.98.93,ipv4,malicious-ip,medium,WHITE,ziyadnz/hourly-ipv4,ziyadnz|hourly,2026-08-17T18:48:05Z,2026-08-17T18:48:05Z,
45.173.10.42,ipv4,malicious-ip,medium,WHITE,ziyadnz/hourly-ipv4,ziyadnz|hourly,2026-08-17T18:48:05Z,2026-08-17T18:48:05Z,
45.173.103.113,ipv4,malicious-ip,medium,WHITE,ziyadnz/hourly-ipv4,ziyadnz|hourly,2026-08-17T18:48:05Z,2026-08-17T18:48:05Z,
45.173.103.145,ipv4,malicious-ip,medium,WHITE,ziyadnz/hourly-ipv4,ziyadnz|hourly,2026-08-17T18:48:05Z,2026-08-17T18:48:05Z,
45.173.108.18,ipv4,malicious-ip,medium,WHITE,ziyadnz/hourly-ipv4,ziyadnz|hourly,2026-08-17T18:48:05Z,2026-08-17T18:48:05Z,
45.173.16.124,ipv4,malicious-ip,medium,WHITE,ziyadnz/hourly-ipv4,ziyadnz|hourly,2026-08-17T18:48:05Z,2026-08-17T18:48:05Z,
45.173.180.201,ipv4,malicious-ip,medium,WHITE,ziyadnz/hourly-ipv4,ziyadnz|hourly,2026-08-17T18:48:05Z,2026-08-17T18:48:05Z,
45.173.218.98,ipv4,malicious-ip,medium,WHITE,ziyadnz/hourly-ipv4,ziyadnz|hourly,2026-08-17T18:48:05Z,2026-08-17T18:48:05Z,
45.173.219.187,ipv4,malicious-ip,medium,WHITE,ziyadnz/hourly-ipv4,ziyadnz|hourly,2026-08-17T18:48:05Z,2026-08-17T18:48:05Z,
45.173.221.233,ipv4,malicious-ip,medium,WHITE,ziyadnz/hourly-ipv4,ziyadnz|hourly,2026-08-17T18:48:05Z,2026-08-17T18:48:05Z,
45.173.240.22,ipv4,malicious-ip,medium,WHITE,ziyadnz/hourly-ipv4,ziyadnz|hourly,2026-08-17T18:48:05Z,2026-08-17T18:48:05Z,
45.173.29.38,ipv4,malicious-ip,medium,WHITE,ziyadnz/hourly-ipv4,ziyadnz|hourly,2026-08-17T18:48:05Z,2026-08-17T18:48:05Z,
45.173.6.30,ipv4,malicious-ip,medium,WHITE,ziyadnz/hourly-ipv4,ziyadnz|hourly,2026-08-17T18:48:05Z,2026-08-17T18:48:05Z,
45.174.108.122,ipv4,malicious-ip,medium,WHITE,ziyadnz/hourly-ipv4,ziyadnz|hourly,2026-08-17T18:48:05Z,2026-08-17T18:48:05Z,
45.174.157.175,ipv4,malicious-ip,medium,WHITE,ziyadnz/hourly-ipv4,ziyadnz|hourly,2026-08-17T18:48:05Z,2026-08-17T18:48:05Z,
45.174.162.68,ipv4,malicious-ip,medium,WHITE,ziyadnz/hourly-ipv4,ziyadnz|hourly,2026-08-17T18:48:05Z,2026-08-17T18:48:05Z,
45.174.177.66,ipv4,malicious-ip,medium,WHITE,ziyadnz/hourly-ipv4,ziyadnz|hourly,2026-08-17T18:48:05Z,2026-08-17T18:48:05Z,
45.174.196.112,ipv4,malicious-ip,medium,WHITE,ziyadnz/hourly-ipv4,ziyadnz|hourly,2026-08-17T18:48:05Z,2026-08-17T18:48:05Z,
45.174.238.114,ipv4,malicious-ip,medium,WHITE,ziyadnz/hourly-ipv4,ziyadnz|hourly,2026-08-17T18:48:05Z,2026-08-17T18:48:05Z,
45.174.238.217,ipv4,malicious-ip,medium,WHITE,ziyadnz/hourly-ipv4,ziyadnz|hourly,2026-08-17T18:48:05Z,2026-08-17T18:48:05Z,
45.174.239.105,ipv4,malicious-ip,medium,WHITE,ziyadnz/hourly-ipv4,ziyadnz|hourly,2026-08-17T18:48:05Z,2026-08-17T18:48:05Z,
45.174.239.60,ipv4,malicious-ip,medium,WHITE,ziyadnz/hourly-ipv4,ziyadnz|hourly,2026-08-17T18:48:05Z,2026-08-17T18:48:05Z,
45.174.75.43,ipv4,malicious-ip,medium,WHITE,ziyadnz/hourly-ipv4,ziyadnz|hourly,2026-08-17T18:48:05Z,2026-08-17T18:48:05Z,
45.174.77.28,ipv4,malicious-ip,medium,WHITE,ziyadnz/hourly-ipv4,ziyadnz|hourly,2026-08-17T18:48:05Z,2026-08-17T18:48:05Z,
45.174.96.168,ipv4,malicious-ip,medium,WHITE,ziyadnz/hourly-ipv4,ziyadnz|hourly,2026-08-17T18:48:05Z,2026-08-17T18:48:05Z,
45.174.97.39,ipv4,malicious-ip,medium,WHITE,ziyadnz/hourly-ipv4,ziyadnz|hourly,2026-08-17T18:48:05Z,2026-08-17T18:48:05Z,
45.175.142.116,ipv4,malicious-ip,medium,WHITE,ziyadnz/hourly-ipv4,ziyadnz|hourly,2026-08-17T18:48:05Z,2026-08-17T18:48:05Z,
45.175.162.255,ipv4,malicious-ip,medium,WHITE,ziyadnz/hourly-ipv4,ziyadnz|hourly,2026-08-17T18:48:05Z,2026-08-17T18:48:05Z,
45.175.167.67,ipv4,malicious-ip,medium,WHITE,ziyadnz/hourly-ipv4,ziyadnz|hourly,2026-08-17T18:48:05Z,2026-08-17T18:48:05Z,
45.175.171.4,ipv4,malicious-ip,medium,WHITE,ziyadnz/hourly-ipv4,ziyadnz|hourly,2026-08-17T18:48:05Z,2026-08-17T18:48:05Z,
45.175.20.14,ipv4,malicious-ip,medium,WHITE,ziyadnz/hourly-ipv4,ziyadnz|hourly,2026-08-17T18:48:05Z,2026-08-17T18:48:05Z,
45.175.225.125,ipv4,malicious-ip,medium,WHITE,ziyadnz/hourly-ipv4,ziyadnz|hourly,2026-08-17T18:48:05Z,2026-08-17T18:48:05Z,
45.175.37.18,ipv4,malicious-ip,medium,WHITE,ziyadnz/hourly-ipv4,ziyadnz|hourly,2026-08-17T18:48:05Z,2026-08-17T18:48:05Z,
45.175.51.206,ipv4,malicious-ip,medium,WHITE,ziyadnz/hourly-ipv4,ziyadnz|hourly,2026-08-17T18:48:05Z,2026-08-17T18:48:05Z,
45.175.70.0,ipv4,malicious-ip,medium,WHITE,ziyadnz/hourly-ipv4,ziyadnz|hourly,2026-08-17T18:48:05Z,2026-08-17T18:48:05Z,
45.175.70.85,ipv4,malicious-ip,medium,WHITE,ziyadnz/hourly-ipv4,ziyadnz|hourly,2026-08-17T18:48:05Z,2026-08-17T18:48:05Z,
45.175.70.86,ipv4,malicious-ip,medium,WHITE,ziyadnz/hourly-ipv4,ziyadnz|hourly,2026-08-17T18:48:05Z,2026-08-17T18:48:05Z,
45.175.70.88,ipv4,malicious-ip,medium,WHITE,ziyadnz/hourly-ipv4,ziyadnz|hourly,2026-08-17T18:48:05Z,2026-08-17T18:48:05Z,
45.175.70.90,ipv4,malicious-ip,medium,WHITE,ziyadnz/hourly-ipv4,ziyadnz|hourly,2026-08-17T18:48:05Z,2026-08-17T18:48:05Z,
45.175.70.91,ipv4,malicious-ip,medium,WHITE,ziyadnz/hourly-ipv4,ziyadnz|hourly,2026-08-17T18:48:05Z,2026-08-17T18:48:05Z,
45.175.70.93,ipv4,malicious-ip,medium,WHITE,ziyadnz/hourly-ipv4,ziyadnz|hourly,2026-08-17T18:48:05Z,2026-08-17T18:48:05Z,
45.175.70.94,ipv4,malicious-ip,medium,WHITE,ziyadnz/hourly-ipv4,ziyadnz|hourly,2026-08-17T18:48:05Z,2026-08-17T18:48:05Z,
45.176.108.3,ipv4,malicious-ip,medium,WHITE,ziyadnz/hourly-ipv4,ziyadnz|hourly,2026-08-17T18:48:05Z,2026-08-17T18:48:05Z,
45.176.115.211,ipv4,malicious-ip,medium,WHITE,ziyadnz/hourly-ipv4,ziyadnz|hourly,2026-08-17T18:48:05Z,2026-08-17T18:48:05Z,
45.176.144.120,ipv4,malicious-ip,medium,WHITE,ziyadnz/hourly-ipv4,ziyadnz|hourly,2026-08-17T18:48:05Z,2026-08-17T18:48:05Z,
45.176.151.178,ipv4,malicious-ip,medium,WHITE,ziyadnz/hourly-ipv4,ziyadnz|hourly,2026-08-17T18:48:05Z,2026-08-17T18:48:05Z,
45.176.232.124,ipv4,malicious-ip,medium,WHITE,ziyadnz/hourly-ipv4,ziyadnz|hourly,2026-08-17T18:48:05Z,2026-08-17T18:48:05Z,
45.176.28.69,ipv4,malicious-ip,medium,WHITE,ziyadnz/hourly-ipv4,ziyadnz|hourly,2026-08-17T18:48:05Z,2026-08-17T18:48:05Z,
45.176.35.255,ipv4,malicious-ip,medium,WHITE,ziyadnz/hourly-ipv4,ziyadnz|hourly,2026-08-17T18:48:05Z,2026-08-17T18:48:05Z,
45.177.144.162,ipv4,malicious-ip,medium,WHITE,ziyadnz/hourly-ipv4,ziyadnz|hourly,2026-08-17T18:48:05Z,2026-08-17T18:48:05Z,
45.177.144.243,ipv4,malicious-ip,medium,WHITE,ziyadnz/hourly-ipv4,ziyadnz|hourly,2026-08-17T18:48:05Z,2026-08-17T18:48:05Z,
45.177.144.253,ipv4,malicious-ip,medium,WHITE,ziyadnz/hourly-ipv4,ziyadnz|hourly,2026-08-17T18:48:05Z,2026-08-17T18:48:05Z,
45.177.146.36,ipv4,malicious-ip,medium,WHITE,ziyadnz/hourly-ipv4,ziyadnz|hourly,2026-08-17T18:48:05Z,2026-08-17T18:48:05Z,
45.177.147.64,ipv4,malicious-ip,medium,WHITE,ziyadnz/hourly-ipv4,ziyadnz|hourly,2026-08-17T18:48:05Z,2026-08-17T18:48:05Z,
45.177.147.65,ipv4,malicious-ip,medium,WHITE,ziyadnz/hourly-ipv4,ziyadnz|hourly,2026-08-17T18:48:05Z,2026-08-17T18:48:05Z,
45.177.147.66,ipv4,malicious-ip,medium,WHITE,ziyadnz/hourly-ipv4,ziyadnz|hourly,2026-08-17T18:48:05Z,2026-08-17T18:48:05Z,
45.177.160.139,ipv4,malicious-ip,medium,WHITE,ziyadnz/hourly-ipv4,ziyadnz|hourly,2026-08-17T18:48:05Z,2026-08-17T18:48:05Z,
45.177.162.112,ipv4,malicious-ip,medium,WHITE,ziyadnz/hourly-ipv4,ziyadnz|hourly,2026-08-17T18:48:05Z,2026-08-17T18:48:05Z,
45.177.190.227,ipv4,malicious-ip,medium,WHITE,ziyadnz/hourly-ipv4,ziyadnz|hourly,2026-08-17T18:48:05Z,2026-08-17T18:48:05Z,
45.177.20.77,ipv4,malicious-ip,medium,WHITE,ziyadnz/hourly-ipv4,ziyadnz|hourly,2026-08-17T18:48:05Z,2026-08-17T18:48:05Z,
45.177.200.0,ipv4,malicious-ip,medium,WHITE,ziyadnz/hourly-ipv4,ziyadnz|hourly,2026-08-17T18:48:05Z,2026-08-17T18:48:05Z,
45.177.200.219,ipv4,malicious-ip,medium,WHITE,ziyadnz/hourly-ipv4,ziyadnz|hourly,2026-08-17T18:48:05Z,2026-08-17T18:48:05Z,
45.177.200.220,ipv4,malicious-ip,medium,WHITE,ziyadnz/hourly-ipv4,ziyadnz|hourly,2026-08-17T18:48:05Z,2026-08-17T18:48:05Z,
45.177.200.222,ipv4,malicious-ip,medium,WHITE,ziyadnz/hourly-ipv4,ziyadnz|hourly,2026-08-17T18:48:05Z,2026-08-17T18:48:05Z,
45.177.207.105,ipv4,malicious-ip,medium,WHITE,ziyadnz/hourly-ipv4,ziyadnz|hourly,2026-08-17T18:48:05Z,2026-08-17T18:48:05Z,
45.177.210.193,ipv4,malicious-ip,medium,WHITE,ziyadnz/hourly-ipv4,ziyadnz|hourly,2026-08-17T18:48:05Z,2026-08-17T18:48:05Z,
45.177.33.84,ipv4,malicious-ip,medium,WHITE,ziyadnz/hourly-ipv4,ziyadnz|hourly,2026-08-17T18:48:05Z,2026-08-17T18:48:05Z,
45.177.77.109,ipv4,malicious-ip,medium,WHITE,ziyadnz/hourly-ipv4,ziyadnz|hourly,2026-08-17T18:48:05Z,2026-08-17T18:48:05Z,
45.177.77.71,ipv4,malicious-ip,medium,WHITE,ziyadnz/hourly-ipv4,ziyadnz|hourly,2026-08-17T18:48:05Z,2026-08-17T18:48:05Z,
45.177.81.166,ipv4,malicious-ip,medium,WHITE,ziyadnz/hourly-ipv4,ziyadnz|hourly,2026-08-17T18:48:05Z,2026-08-17T18:48:05Z,
45.178.0.37,ipv4,malicious-ip,medium,WHITE,ziyadnz/hourly-ipv4,ziyadnz|hourly,2026-08-17T18:48:05Z,2026-08-17T18:48:05Z,
45.178.1.133,ipv4,malicious-ip,medium,WHITE,ziyadnz/hourly-ipv4,ziyadnz|hourly,2026-08-17T18:48:05Z,2026-08-17T18:48:05Z,
45.178.151.128,ipv4,malicious-ip,medium,WHITE,ziyadnz/hourly-ipv4,ziyadnz|hourly,2026-08-17T18:48:05Z,2026-08-17T18:48:05Z,
45.178.194.211,ipv4,malicious-ip,medium,WHITE,ziyadnz/hourly-ipv4,ziyadnz|hourly,2026-08-17T18:48:05Z,2026-08-17T18:48:05Z,
45.178.195.189,ipv4,malicious-ip,medium,WHITE,ziyadnz/hourly-ipv4,ziyadnz|hourly,2026-08-17T18:48:05Z,2026-08-17T18:48:05Z,
45.178.202.188,ipv4,malicious-ip,medium,WHITE,ziyadnz/hourly-ipv4,ziyadnz|hourly,2026-08-17T18:48:05Z,2026-08-17T18:48:05Z,
45.178.59.25,ipv4,malicious-ip,medium,WHITE,ziyadnz/hourly-ipv4,ziyadnz|hourly,2026-08-17T18:48:05Z,2026-08-17T18:48:05Z,
45.179.118.158,ipv4,malicious-ip,medium,WHITE,ziyadnz/hourly-ipv4,ziyadnz|hourly,2026-08-17T18:48:05Z,2026-08-17T18:48:05Z,
45.179.144.179,ipv4,malicious-ip,medium,WHITE,ziyadnz/hourly-ipv4,ziyadnz|hourly,2026-08-17T18:48:05Z,2026-08-17T18:48:05Z,
45.179.188.176,ipv4,malicious-ip,medium,WHITE,ziyadnz/hourly-ipv4,ziyadnz|hourly,2026-08-17T18:48:05Z,2026-08-17T18:48:05Z,
45.179.188.180,ipv4,malicious-ip,medium,WHITE,ziyadnz/hourly-ipv4,ziyadnz|hourly,2026-08-17T18:48:05Z,2026-08-17T18:48:05Z,
45.179.188.193,ipv4,malicious-ip,medium,WHITE,ziyadnz/hourly-ipv4,ziyadnz|hourly,2026-08-17T18:48:05Z,2026-08-17T18:48:05Z,
45.179.188.202,ipv4,malicious-ip,medium,WHITE,ziyadnz/hourly-ipv4,ziyadnz|hourly,2026-08-17T18:48:05Z,2026-08-17T18:48:05Z,
45.179.189.13,ipv4,malicious-ip,medium,WHITE,ziyadnz/hourly-ipv4,ziyadnz|hourly,2026-08-17T18:48:05Z,2026-08-17T18:48:05Z,
45.179.216.18,ipv4,malicious-ip,medium,WHITE,ziyadnz/hourly-ipv4,ziyadnz|hourly,2026-08-17T18:48:05Z,2026-08-17T18:48:05Z,
45.179.22.112,ipv4,malicious-ip,medium,WHITE,ziyadnz/hourly-ipv4,ziyadnz|hourly,2026-08-17T18:48:05Z,2026-08-17T18:48:05Z,
45.179.22.220,ipv4,malicious-ip,medium,WHITE,ziyadnz/hourly-ipv4,ziyadnz|hourly,2026-08-17T18:48:05Z,2026-08-17T18:48:05Z,
45.179.221.100,ipv4,malicious-ip,medium,WHITE,ziyadnz/hourly-ipv4,ziyadnz|hourly,2026-08-17T18:48:05Z,2026-08-17T18:48:05Z,
45.179.221.106,ipv4,malicious-ip,medium,WHITE,ziyadnz/hourly-ipv4,ziyadnz|hourly,2026-08-17T18:48:05Z,2026-08-17T18:48:05Z,
45.179.221.80,ipv4,malicious-ip,medium,WHITE,ziyadnz/hourly-ipv4,ziyadnz|hourly,2026-08-17T18:48:05Z,2026-08-17T18:48:05Z,
45.179.242.180,ipv4,malicious-ip,medium,WHITE,ziyadnz/hourly-ipv4,ziyadnz|hourly,2026-08-17T18:48:05Z,2026-08-17T18:48:05Z,
45.179.30.161,ipv4,malicious-ip,medium,WHITE,ziyadnz/hourly-ipv4,ziyadnz|hourly,2026-08-17T18:48:05Z,2026-08-17T18:48:05Z,
45.179.41.129,ipv4,malicious-ip,medium,WHITE,ziyadnz/hourly-ipv4,ziyadnz|hourly,2026-08-17T18:48:05Z,2026-08-17T18:48:05Z,
45.179.85.169,ipv4,malicious-ip,medium,WHITE,ziyadnz/hourly-ipv4,ziyadnz|hourly,2026-08-17T18:48:05Z,2026-08-17T18:48:05Z,
45.180.141.185,ipv4,malicious-ip,medium,WHITE,ziyadnz/hourly-ipv4,ziyadnz|hourly,2026-08-17T18:48:05Z,2026-08-17T18:48:05Z,
45.180.141.251,ipv4,malicious-ip,medium,WHITE,ziyadnz/hourly-ipv4,ziyadnz|hourly,2026-08-17T18:48:05Z,2026-08-17T18:48:05Z,
45.180.151.9,ipv4,malicious-ip,medium,WHITE,ziyadnz/hourly-ipv4,ziyadnz|hourly,2026-08-17T18:48:05Z,2026-08-17T18:48:05Z,
45.180.166.139,ipv4,malicious-ip,medium,WHITE,ziyadnz/hourly-ipv4,ziyadnz|hourly,2026-08-17T18:48:05Z,2026-08-17T18:48:05Z,
45.180.180.132,ipv4,malicious-ip,medium,WHITE,ziyadnz/hourly-ipv4,ziyadnz|hourly,2026-08-17T18:48:05Z,2026-08-17T18:48:05Z,
45.180.238.66,ipv4,malicious-ip,medium,WHITE,ziyadnz/hourly-ipv4,ziyadnz|hourly,2026-08-17T18:48:05Z,2026-08-17T18:48:05Z,
45.180.51.43,ipv4,malicious-ip,medium,WHITE,ziyadnz/hourly-ipv4,ziyadnz|hourly,2026-08-17T18:48:05Z,2026-08-17T18:48:05Z,
45.180.90.242,ipv4,malicious-ip,medium,WHITE,ziyadnz/hourly-ipv4,ziyadnz|hourly,2026-08-17T18:48:05Z,2026-08-17T18:48:05Z,
45.181.122.153,ipv4,malicious-ip,medium,WHITE,ziyadnz/hourly-ipv4,ziyadnz|hourly,2026-08-17T18:48:05Z,2026-08-17T18:48:05Z,
45.181.133.228,ipv4,malicious-ip,medium,WHITE,ziyadnz/hourly-ipv4,ziyadnz|hourly,2026-08-17T18:48:05Z,2026-08-17T18:48:05Z,
45.181.167.120,ipv4,malicious-ip,medium,WHITE,ziyadnz/hourly-ipv4,ziyadnz|hourly,2026-08-17T18:48:05Z,2026-08-17T18:48:05Z,
45.181.19.132,ipv4,malicious-ip,medium,WHITE,ziyadnz/hourly-ipv4,ziyadnz|hourly,2026-08-17T18:48:05Z,2026-08-17T18:48:05Z,
45.181.215.0,ipv4,malicious-ip,medium,WHITE,ziyadnz/hourly-ipv4,ziyadnz|hourly,2026-08-17T18:48:05Z,2026-08-17T18:48:05Z,
45.181.215.106,ipv4,malicious-ip,medium,WHITE,ziyadnz/hourly-ipv4,ziyadnz|hourly,2026-08-17T18:48:05Z,2026-08-17T18:48:05Z,
45.181.215.118,ipv4,malicious-ip,medium,WHITE,ziyadnz/hourly-ipv4,ziyadnz|hourly,2026-08-17T18:48:05Z,2026-08-17T18:48:05Z,
45.181.215.75,ipv4,malicious-ip,medium,WHITE,ziyadnz/hourly-ipv4,ziyadnz|hourly,2026-08-17T18:48:05Z,2026-08-17T18:48:05Z,
45.181.215.88,ipv4,malicious-ip,medium,WHITE,ziyadnz/hourly-ipv4,ziyadnz|hourly,2026-08-17T18:48:05Z,2026-08-17T18:48:05Z,
45.181.242.66,ipv4,malicious-ip,medium,WHITE,ziyadnz/hourly-ipv4,ziyadnz|hourly,2026-08-17T18:48:05Z,2026-08-17T18:48:05Z,
45.181.26.123,ipv4,malicious-ip,medium,WHITE,ziyadnz/hourly-ipv4,ziyadnz|hourly,2026-08-17T18:48:05Z,2026-08-17T18:48:05Z,
45.181.26.235,ipv4,malicious-ip,medium,WHITE,ziyadnz/hourly-ipv4,ziyadnz|hourly,2026-08-17T18:48:05Z,2026-08-17T18:48:05Z,
45.181.30.34,ipv4,malicious-ip,medium,WHITE,ziyadnz/hourly-ipv4,ziyadnz|hourly,2026-08-17T18:48:05Z,2026-08-17T18:48:05Z,
45.181.44.126,ipv4,malicious-ip,medium,WHITE,ziyadnz/hourly-ipv4,ziyadnz|hourly,2026-08-17T18:48:05Z,2026-08-17T18:48:05Z,
45.181.45.238,ipv4,malicious-ip,medium,WHITE,ziyadnz/hourly-ipv4,ziyadnz|hourly,2026-08-17T18:48:05Z,2026-08-17T18:48:05Z,
45.181.72.255,ipv4,malicious-ip,medium,WHITE,ziyadnz/hourly-ipv4,ziyadnz|hourly,2026-08-17T18:48:05Z,2026-08-17T18:48:05Z,
45.181.84.143,ipv4,malicious-ip,medium,WHITE,ziyadnz/hourly-ipv4,ziyadnz|hourly,2026-08-17T18:48:05Z,2026-08-17T18:48:05Z,
45.182.127.154,ipv4,malicious-ip,medium,WHITE,ziyadnz/hourly-ipv4,ziyadnz|hourly,2026-08-17T18:48:05Z,2026-08-17T18:48:05Z,
45.182.13.55,ipv4,malicious-ip,medium,WHITE,ziyadnz/hourly-ipv4,ziyadnz|hourly,2026-08-17T18:48:05Z,2026-08-17T18:48:05Z,
45.182.133.117,ipv4,malicious-ip,medium,WHITE,ziyadnz/hourly-ipv4,ziyadnz|hourly,2026-08-17T18:48:05Z,2026-08-17T18:48:05Z,
45.182.152.84,ipv4,malicious-ip,medium,WHITE,ziyadnz/hourly-ipv4,ziyadnz|hourly,2026-08-17T18:48:05Z,2026-08-17T18:48:05Z,
45.182.153.15,ipv4,malicious-ip,medium,WHITE,ziyadnz/hourly-ipv4,ziyadnz|hourly,2026-08-17T18:48:05Z,2026-08-17T18:48:05Z,
45.182.176.133,ipv4,malicious-ip,medium,WHITE,ziyadnz/hourly-ipv4,ziyadnz|hourly,2026-08-17T18:48:05Z,2026-08-17T18:48:05Z,
45.182.189.100,ipv4,malicious-ip,medium,WHITE,ziyadnz/hourly-ipv4,ziyadnz|hourly,2026-08-17T18:48:05Z,2026-08-17T18:48:05Z,
45.182.189.102,ipv4,malicious-ip,medium,WHITE,ziyadnz/hourly-ipv4,ziyadnz|hourly,2026-08-17T18:48:05Z,2026-08-17T18:48:05Z,
45.182.189.103,ipv4,malicious-ip,medium,WHITE,ziyadnz/hourly-ipv4,ziyadnz|hourly,2026-08-17T18:48:05Z,2026-08-17T18:48:05Z,
45.182.189.105,ipv4,malicious-ip,medium,WHITE,ziyadnz/hourly-ipv4,ziyadnz|hourly,2026-08-17T18:48:05Z,2026-08-17T18:48:05Z,
45.182.189.106,ipv4,malicious-ip,medium,WHITE,ziyadnz/hourly-ipv4,ziyadnz|hourly,2026-08-17T18:48:05Z,2026-08-17T18:48:05Z,
45.182.189.110,ipv4,malicious-ip,medium,WHITE,ziyadnz/hourly-ipv4,ziyadnz|hourly,2026-08-17T18:48:05Z,2026-08-17T18:48:05Z,
45.182.189.71,ipv4,malicious-ip,medium,WHITE,ziyadnz/hourly-ipv4,ziyadnz|hourly,2026-08-17T18:48:05Z,2026-08-17T18:48:05Z,
45.182.192.221,ipv4,malicious-ip,medium,WHITE,ziyadnz/hourly-ipv4,ziyadnz|hourly,2026-08-17T18:48:05Z,2026-08-17T18:48:05Z,
45.182.212.148,ipv4,malicious-ip,medium,WHITE,ziyadnz/hourly-ipv4,ziyadnz|hourly,2026-08-17T18:48:05Z,2026-08-17T18:48:05Z,
45.182.24.26,ipv4,malicious-ip,medium,WHITE,ziyadnz/hourly-ipv4,ziyadnz|hourly,2026-08-17T18:48:05Z,2026-08-17T18:48:05Z,
45.182.253.202,ipv4,malicious-ip,medium,WHITE,ziyadnz/hourly-ipv4,ziyadnz|hourly,2026-08-17T18:48:05Z,2026-08-17T18:48:05Z,
45.182.5.98,ipv4,malicious-ip,medium,WHITE,ziyadnz/hourly-ipv4,ziyadnz|hourly,2026-08-17T18:48:05Z,2026-08-17T18:48:05Z,
45.182.61.30,ipv4,malicious-ip,medium,WHITE,ziyadnz/hourly-ipv4,ziyadnz|hourly,2026-08-17T18:48:05Z,2026-08-17T18:48:05Z,
45.183.155.68,ipv4,malicious-ip,medium,WHITE,ziyadnz/hourly-ipv4,ziyadnz|hourly,2026-08-17T18:48:05Z,2026-08-17T18:48:05Z,
45.183.156.9,ipv4,malicious-ip,medium,WHITE,ziyadnz/hourly-ipv4,ziyadnz|hourly,2026-08-17T18:48:05Z,2026-08-17T18:48:05Z,
45.183.173.131,ipv4,malicious-ip,medium,WHITE,ziyadnz/hourly-ipv4,ziyadnz|hourly,2026-08-17T18:48:05Z,2026-08-17T18:48:05Z,
45.183.190.246,ipv4,malicious-ip,medium,WHITE,ziyadnz/hourly-ipv4,ziyadnz|hourly,2026-08-17T18:48:05Z,2026-08-17T18:48:05Z,
45.183.190.254,ipv4,malicious-ip,medium,WHITE,ziyadnz/hourly-ipv4,ziyadnz|hourly,2026-08-17T18:48:05Z,2026-08-17T18:48:05Z,
45.183.241.76,ipv4,malicious-ip,medium,WHITE,ziyadnz/hourly-ipv4,ziyadnz|hourly,2026-08-17T18:48:05Z,2026-08-17T18:48:05Z,
45.183.66.219,ipv4,malicious-ip,medium,WHITE,ziyadnz/hourly-ipv4,ziyadnz|hourly,2026-08-17T18:48:05Z,2026-08-17T18:48:05Z,
45.183.70.66,ipv4,malicious-ip,medium,WHITE,ziyadnz/hourly-ipv4,ziyadnz|hourly,2026-08-17T18:48:05Z,2026-08-17T18:48:05Z,
45.183.92.200,ipv4,malicious-ip,medium,WHITE,ziyadnz/hourly-ipv4,ziyadnz|hourly,2026-08-17T18:48:05Z,2026-08-17T18:48:05Z,
45.183.92.232,ipv4,malicious-ip,medium,WHITE,ziyadnz/hourly-ipv4,ziyadnz|hourly,2026-08-17T18:48:05Z,2026-08-17T18:48:05Z,
45.183.92.238,ipv4,malicious-ip,medium,WHITE,ziyadnz/hourly-ipv4,ziyadnz|hourly,2026-08-17T18:48:05Z,2026-08-17T18:48:05Z,
45.183.92.73,ipv4,malicious-ip,medium,WHITE,ziyadnz/hourly-ipv4,ziyadnz|hourly,2026-08-17T18:48:05Z,2026-08-17T18:48:05Z,
45.183.93.161,ipv4,malicious-ip,medium,WHITE,ziyadnz/hourly-ipv4,ziyadnz|hourly,2026-08-17T18:48:05Z,2026-08-17T18:48:05Z,
45.183.93.195,ipv4,malicious-ip,medium,WHITE,ziyadnz/hourly-ipv4,ziyadnz|hourly,2026-08-17T18:48:05Z,2026-08-17T18:48:05Z,
45.184.108.141,ipv4,malicious-ip,medium,WHITE,ziyadnz/hourly-ipv4,ziyadnz|hourly,2026-08-17T18:48:05Z,2026-08-17T18:48:05Z,
45.184.152.81,ipv4,malicious-ip,medium,WHITE,ziyadnz/hourly-ipv4,ziyadnz|hourly,2026-08-17T18:48:05Z,2026-08-17T18:48:05Z,
45.184.158.66,ipv4,malicious-ip,medium,WHITE,ziyadnz/hourly-ipv4,ziyadnz|hourly,2026-08-17T18:48:05Z,2026-08-17T18:48:05Z,
45.184.216.75,ipv4,malicious-ip,medium,WHITE,ziyadnz/hourly-ipv4,ziyadnz|hourly,2026-08-17T18:48:05Z,2026-08-17T18:48:05Z,
45.184.217.143,ipv4,malicious-ip,medium,WHITE,ziyadnz/hourly-ipv4,ziyadnz|hourly,2026-08-17T18:48:05Z,2026-08-17T18:48:05Z,
45.184.217.145,ipv4,malicious-ip,medium,WHITE,ziyadnz/hourly-ipv4,ziyadnz|hourly,2026-08-17T18:48:05Z,2026-08-17T18:48:05Z,
45.184.226.43,ipv4,malicious-ip,medium,WHITE,ziyadnz/hourly-ipv4,ziyadnz|hourly,2026-08-17T18:48:05Z,2026-08-17T18:48:05Z,
45.184.230.173,ipv4,malicious-ip,medium,WHITE,ziyadnz/hourly-ipv4,ziyadnz|hourly,2026-08-17T18:48:05Z,2026-08-17T18:48:05Z,
45.184.34.16,ipv4,malicious-ip,medium,WHITE,ziyadnz/hourly-ipv4,ziyadnz|hourly,2026-08-17T18:48:05Z,2026-08-17T18:48:05Z,
45.184.57.172,ipv4,malicious-ip,medium,WHITE,ziyadnz/hourly-ipv4,ziyadnz|hourly,2026-08-17T18:48:05Z,2026-08-17T18:48:05Z,
45.184.68.82,ipv4,malicious-ip,medium,WHITE,ziyadnz/hourly-ipv4,ziyadnz|hourly,2026-08-17T18:48:05Z,2026-08-17T18:48:05Z,
45.184.80.147,ipv4,malicious-ip,medium,WHITE,ziyadnz/hourly-ipv4,ziyadnz|hourly,2026-08-17T18:48:05Z,2026-08-17T18:48:05Z,
45.184.80.190,ipv4,malicious-ip,medium,WHITE,ziyadnz/hourly-ipv4,ziyadnz|hourly,2026-08-17T18:48:05Z,2026-08-17T18:48:05Z,
45.184.96.166,ipv4,malicious-ip,medium,WHITE,ziyadnz/hourly-ipv4,ziyadnz|hourly,2026-08-17T18:48:05Z,2026-08-17T18:48:05Z,
45.185.125.36,ipv4,malicious-ip,medium,WHITE,ziyadnz/hourly-ipv4,ziyadnz|hourly,2026-08-17T18:48:05Z,2026-08-17T18:48:05Z,
45.185.139.248,ipv4,malicious-ip,medium,WHITE,ziyadnz/hourly-ipv4,ziyadnz|hourly,2026-08-17T18:48:05Z,2026-08-17T18:48:05Z,
45.185.152.131,ipv4,malicious-ip,medium,WHITE,ziyadnz/hourly-ipv4,ziyadnz|hourly,2026-08-17T18:48:05Z,2026-08-17T18:48:05Z,
45.185.155.117,ipv4,malicious-ip,medium,WHITE,ziyadnz/hourly-ipv4,ziyadnz|hourly,2026-08-17T18:48:05Z,2026-08-17T18:48:05Z,
45.186.106.194,ipv4,malicious-ip,medium,WHITE,ziyadnz/hourly-ipv4,ziyadnz|hourly,2026-08-17T18:48:05Z,2026-08-17T18:48:05Z,
45.186.140.166,ipv4,malicious-ip,medium,WHITE,ziyadnz/hourly-ipv4,ziyadnz|hourly,2026-08-17T18:48:05Z,2026-08-17T18:48:05Z,
45.186.150.47,ipv4,malicious-ip,medium,WHITE,ziyadnz/hourly-ipv4,ziyadnz|hourly,2026-08-17T18:48:05Z,2026-08-17T18:48:05Z,
45.186.151.178,ipv4,malicious-ip,medium,WHITE,ziyadnz/hourly-ipv4,ziyadnz|hourly,2026-08-17T18:48:05Z,2026-08-17T18:48:05Z,
45.186.166.172,ipv4,malicious-ip,medium,WHITE,ziyadnz/hourly-ipv4,ziyadnz|hourly,2026-08-17T18:48:05Z,2026-08-17T18:48:05Z,
45.186.18.139,ipv4,malicious-ip,medium,WHITE,ziyadnz/hourly-ipv4,ziyadnz|hourly,2026-08-17T18:48:05Z,2026-08-17T18:48:05Z,
45.186.188.192,ipv4,malicious-ip,medium,WHITE,ziyadnz/hourly-ipv4,ziyadnz|hourly,2026-08-17T18:48:05Z,2026-08-17T18:48:05Z,
45.186.193.105,ipv4,malicious-ip,medium,WHITE,ziyadnz/hourly-ipv4,ziyadnz|hourly,2026-08-17T18:48:05Z,2026-08-17T18:48:05Z,
45.186.209.145,ipv4,malicious-ip,medium,WHITE,ziyadnz/hourly-ipv4,ziyadnz|hourly,2026-08-17T18:48:05Z,2026-08-17T18:48:05Z,
45.186.249.3,ipv4,malicious-ip,medium,WHITE,ziyadnz/hourly-ipv4,ziyadnz|hourly,2026-08-17T18:48:05Z,2026-08-17T18:48:05Z,
45.186.251.70,ipv4,malicious-ip,medium,WHITE,ziyadnz/hourly-ipv4,ziyadnz|hourly,2026-08-17T18:48:05Z,2026-08-17T18:48:05Z,
45.186.88.193,ipv4,malicious-ip,medium,WHITE,ziyadnz/hourly-ipv4,ziyadnz|hourly,2026-08-17T18:48:05Z,2026-08-17T18:48:05Z,
45.186.93.1,ipv4,malicious-ip,medium,WHITE,ziyadnz/hourly-ipv4,ziyadnz|hourly,2026-08-17T18:48:05Z,2026-08-17T18:48:05Z,
45.186.98.87,ipv4,malicious-ip,medium,WHITE,ziyadnz/hourly-ipv4,ziyadnz|hourly,2026-08-17T18:48:05Z,2026-08-17T18:48:05Z,
45.187.100.1,ipv4,malicious-ip,medium,WHITE,ziyadnz/hourly-ipv4,ziyadnz|hourly,2026-08-17T18:48:05Z,2026-08-17T18:48:05Z,
45.187.110.15,ipv4,malicious-ip,medium,WHITE,ziyadnz/hourly-ipv4,ziyadnz|hourly,2026-08-17T18:48:05Z,2026-08-17T18:48:05Z,
45.187.118.67,ipv4,malicious-ip,medium,WHITE,ziyadnz/hourly-ipv4,ziyadnz|hourly,2026-08-17T18:48:05Z,2026-08-17T18:48:05Z,
45.187.118.87,ipv4,malicious-ip,medium,WHITE,ziyadnz/hourly-ipv4,ziyadnz|hourly,2026-08-17T18:48:05Z,2026-08-17T18:48:05Z,
45.187.17.187,ipv4,malicious-ip,medium,WHITE,ziyadnz/hourly-ipv4,ziyadnz|hourly,2026-08-17T18:48:05Z,2026-08-17T18:48:05Z,
45.187.195.208,ipv4,malicious-ip,medium,WHITE,ziyadnz/hourly-ipv4,ziyadnz|hourly,2026-08-17T18:48:05Z,2026-08-17T18:48:05Z,
45.187.233.38,ipv4,malicious-ip,medium,WHITE,ziyadnz/hourly-ipv4,ziyadnz|hourly,2026-08-17T18:48:05Z,2026-08-17T18:48:05Z,
45.187.234.3,ipv4,malicious-ip,medium,WHITE,ziyadnz/hourly-ipv4,ziyadnz|hourly,2026-08-17T18:48:05Z,2026-08-17T18:48:05Z,
45.187.235.104,ipv4,malicious-ip,medium,WHITE,ziyadnz/hourly-ipv4,ziyadnz|hourly,2026-08-17T18:48:05Z,2026-08-17T18:48:05Z,
45.187.243.132,ipv4,malicious-ip,medium,WHITE,ziyadnz/hourly-ipv4,ziyadnz|hourly,2026-08-17T18:48:05Z,2026-08-17T18:48:05Z,
45.187.3.148,ipv4,malicious-ip,medium,WHITE,ziyadnz/hourly-ipv4,ziyadnz|hourly,2026-08-17T18:48:05Z,2026-08-17T18:48:05Z,
45.187.41.14,ipv4,malicious-ip,medium,WHITE,ziyadnz/hourly-ipv4,ziyadnz|hourly,2026-08-17T18:48:05Z,2026-08-17T18:48:05Z,
45.187.5.135,ipv4,malicious-ip,medium,WHITE,ziyadnz/hourly-ipv4,ziyadnz|hourly,2026-08-17T18:48:05Z,2026-08-17T18:48:05Z,
45.188.156.166,ipv4,malicious-ip,medium,WHITE,ziyadnz/hourly-ipv4,ziyadnz|hourly,2026-08-17T18:48:05Z,2026-08-17T18:48:05Z,
45.188.178.30,ipv4,malicious-ip,medium,WHITE,ziyadnz/hourly-ipv4,ziyadnz|hourly,2026-08-17T18:48:05Z,2026-08-17T18:48:05Z,
45.188.221.21,ipv4,malicious-ip,medium,WHITE,ziyadnz/hourly-ipv4,ziyadnz|hourly,2026-08-17T18:48:05Z,2026-08-17T18:48:05Z,
45.188.229.102,ipv4,malicious-ip,medium,WHITE,ziyadnz/hourly-ipv4,ziyadnz|hourly,2026-08-17T18:48:05Z,2026-08-17T18:48:05Z,
45.188.229.185,ipv4,malicious-ip,medium,WHITE,ziyadnz/hourly-ipv4,ziyadnz|hourly,2026-08-17T18:48:05Z,2026-08-17T18:48:05Z,
45.188.243.97,ipv4,malicious-ip,medium,WHITE,ziyadnz/hourly-ipv4,ziyadnz|hourly,2026-08-17T18:48:05Z,2026-08-17T18:48:05Z,
45.188.248.162,ipv4,malicious-ip,medium,WHITE,ziyadnz/hourly-ipv4,ziyadnz|hourly,2026-08-17T18:48:05Z,2026-08-17T18:48:05Z,
45.188.248.163,ipv4,malicious-ip,medium,WHITE,ziyadnz/hourly-ipv4,ziyadnz|hourly,2026-08-17T18:48:05Z,2026-08-17T18:48:05Z,
45.188.248.164,ipv4,malicious-ip,medium,WHITE,ziyadnz/hourly-ipv4,ziyadnz|hourly,2026-08-17T18:48:05Z,2026-08-17T18:48:05Z,
45.188.248.168,ipv4,malicious-ip,medium,WHITE,ziyadnz/hourly-ipv4,ziyadnz|hourly,2026-08-17T18:48:05Z,2026-08-17T18:48:05Z,
45.188.248.169,ipv4,malicious-ip,medium,WHITE,ziyadnz/hourly-ipv4,ziyadnz|hourly,2026-08-17T18:48:05Z,2026-08-17T18:48:05Z,
45.188.248.172,ipv4,malicious-ip,medium,WHITE,ziyadnz/hourly-ipv4,ziyadnz|hourly,2026-08-17T18:48:05Z,2026-08-17T18:48:05Z,
45.188.83.33,ipv4,malicious-ip,medium,WHITE,ziyadnz/hourly-ipv4,ziyadnz|hourly,2026-08-17T18:48:05Z,2026-08-17T18:48:05Z,
45.189.108.34,ipv4,malicious-ip,medium,WHITE,ziyadnz/hourly-ipv4,ziyadnz|hourly,2026-08-17T18:48:05Z,2026-08-17T18:48:05Z,
45.189.117.7,ipv4,malicious-ip,medium,WHITE,ziyadnz/hourly-ipv4,ziyadnz|hourly,2026-08-17T18:48:05Z,2026-08-17T18:48:05Z,
45.189.14.206,ipv4,malicious-ip,medium,WHITE,ziyadnz/hourly-ipv4,ziyadnz|hourly,2026-08-17T18:48:05Z,2026-08-17T18:48:05Z,
45.189.141.212,ipv4,malicious-ip,medium,WHITE,ziyadnz/hourly-ipv4,ziyadnz|hourly,2026-08-17T18:48:05Z,2026-08-17T18:48:05Z,
45.189.165.109,ipv4,malicious-ip,medium,WHITE,ziyadnz/hourly-ipv4,ziyadnz|hourly,2026-08-17T18:48:05Z,2026-08-17T18:48:05Z,
45.189.165.99,ipv4,malicious-ip,medium,WHITE,ziyadnz/hourly-ipv4,ziyadnz|hourly,2026-08-17T18:48:05Z,2026-08-17T18:48:05Z,
45.189.192.2,ipv4,malicious-ip,medium,WHITE,ziyadnz/hourly-ipv4,ziyadnz|hourly,2026-08-17T18:48:05Z,2026-08-17T18:48:05Z,
45.189.58.53,ipv4,malicious-ip,medium,WHITE,ziyadnz/hourly-ipv4,ziyadnz|hourly,2026-08-17T18:48:05Z,2026-08-17T18:48:05Z,
45.189.94.135,ipv4,malicious-ip,medium,WHITE,ziyadnz/hourly-ipv4,ziyadnz|hourly,2026-08-17T18:48:05Z,2026-08-17T18:48:05Z,
45.190.117.182,ipv4,malicious-ip,medium,WHITE,ziyadnz/hourly-ipv4,ziyadnz|hourly,2026-08-17T18:48:05Z,2026-08-17T18:48:05Z,
45.190.142.182,ipv4,malicious-ip,medium,WHITE,ziyadnz/hourly-ipv4,ziyadnz|hourly,2026-08-17T18:48:05Z,2026-08-17T18:48:05Z,
45.190.152.236,ipv4,malicious-ip,medium,WHITE,ziyadnz/hourly-ipv4,ziyadnz|hourly,2026-08-17T18:48:05Z,2026-08-17T18:48:05Z,
45.190.159.72,ipv4,malicious-ip,medium,WHITE,ziyadnz/hourly-ipv4,ziyadnz|hourly,2026-08-17T18:48:05Z,2026-08-17T18:48:05Z,
45.190.159.96,ipv4,malicious-ip,medium,WHITE,ziyadnz/hourly-ipv4,ziyadnz|hourly,2026-08-17T18:48:05Z,2026-08-17T18:48:05Z,
45.190.204.235,ipv4,malicious-ip,medium,WHITE,ziyadnz/hourly-ipv4,ziyadnz|hourly,2026-08-17T18:48:05Z,2026-08-17T18:48:05Z,
45.190.205.153,ipv4,malicious-ip,medium,WHITE,ziyadnz/hourly-ipv4,ziyadnz|hourly,2026-08-17T18:48:05Z,2026-08-17T18:48:05Z,
45.190.205.215,ipv4,malicious-ip,medium,WHITE,ziyadnz/hourly-ipv4,ziyadnz|hourly,2026-08-17T18:48:05Z,2026-08-17T18:48:05Z,
45.190.205.239,ipv4,malicious-ip,medium,WHITE,ziyadnz/hourly-ipv4,ziyadnz|hourly,2026-08-17T18:48:05Z,2026-08-17T18:48:05Z,
45.190.206.59,ipv4,malicious-ip,medium,WHITE,ziyadnz/hourly-ipv4,ziyadnz|hourly,2026-08-17T18:48:05Z,2026-08-17T18:48:05Z,
45.190.206.95,ipv4,malicious-ip,medium,WHITE,ziyadnz/hourly-ipv4,ziyadnz|hourly,2026-08-17T18:48:05Z,2026-08-17T18:48:05Z,
45.190.212.103,ipv4,malicious-ip,medium,WHITE,ziyadnz/hourly-ipv4,ziyadnz|hourly,2026-08-17T18:48:05Z,2026-08-17T18:48:05Z,
45.190.212.72,ipv4,malicious-ip,medium,WHITE,ziyadnz/hourly-ipv4,ziyadnz|hourly,2026-08-17T18:48:05Z,2026-08-17T18:48:05Z,
45.190.229.52,ipv4,malicious-ip,medium,WHITE,ziyadnz/hourly-ipv4,ziyadnz|hourly,2026-08-17T18:48:05Z,2026-08-17T18:48:05Z,
45.190.235.23,ipv4,malicious-ip,medium,WHITE,ziyadnz/hourly-ipv4,ziyadnz|hourly,2026-08-17T18:48:05Z,2026-08-17T18:48:05Z,
45.190.251.68,ipv4,malicious-ip,medium,WHITE,ziyadnz/hourly-ipv4,ziyadnz|hourly,2026-08-17T18:48:05Z,2026-08-17T18:48:05Z,
45.190.85.40,ipv4,malicious-ip,medium,WHITE,ziyadnz/hourly-ipv4,ziyadnz|hourly,2026-08-17T18:48:05Z,2026-08-17T18:48:05Z,
45.190.85.44,ipv4,malicious-ip,medium,WHITE,ziyadnz/hourly-ipv4,ziyadnz|hourly,2026-08-17T18:48:05Z,2026-08-17T18:48:05Z,
45.190.99.207,ipv4,malicious-ip,medium,WHITE,ziyadnz/hourly-ipv4,ziyadnz|hourly,2026-08-17T18:48:05Z,2026-08-17T18:48:05Z,
45.191.100.176,ipv4,malicious-ip,medium,WHITE,ziyadnz/hourly-ipv4,ziyadnz|hourly,2026-08-17T18:48:05Z,2026-08-17T18:48:05Z,
45.191.100.179,ipv4,malicious-ip,medium,WHITE,ziyadnz/hourly-ipv4,ziyadnz|hourly,2026-08-17T18:48:05Z,2026-08-17T18:48:05Z,
45.191.101.113,ipv4,malicious-ip,medium,WHITE,ziyadnz/hourly-ipv4,ziyadnz|hourly,2026-08-17T18:48:05Z,2026-08-17T18:48:05Z,
45.191.173.54,ipv4,malicious-ip,medium,WHITE,ziyadnz/hourly-ipv4,ziyadnz|hourly,2026-08-17T18:48:05Z,2026-08-17T18:48:05Z,
45.191.210.165,ipv4,malicious-ip,medium,WHITE,ziyadnz/hourly-ipv4,ziyadnz|hourly,2026-08-17T18:48:05Z,2026-08-17T18:48:05Z,
45.191.211.178,ipv4,malicious-ip,medium,WHITE,ziyadnz/hourly-ipv4,ziyadnz|hourly,2026-08-17T18:48:05Z,2026-08-17T18:48:05Z,
45.191.211.182,ipv4,malicious-ip,medium,WHITE,ziyadnz/hourly-ipv4,ziyadnz|hourly,2026-08-17T18:48:05Z,2026-08-17T18:48:05Z,
45.191.216.209,ipv4,malicious-ip,medium,WHITE,ziyadnz/hourly-ipv4,ziyadnz|hourly,2026-08-17T18:48:05Z,2026-08-17T18:48:05Z,
45.191.43.19,ipv4,malicious-ip,medium,WHITE,ziyadnz/hourly-ipv4,ziyadnz|hourly,2026-08-17T18:48:05Z,2026-08-17T18:48:05Z,
45.191.54.31,ipv4,malicious-ip,medium,WHITE,ziyadnz/hourly-ipv4,ziyadnz|hourly,2026-08-17T18:48:05Z,2026-08-17T18:48:05Z,
45.191.66.77,ipv4,malicious-ip,medium,WHITE,ziyadnz/hourly-ipv4,ziyadnz|hourly,2026-08-17T18:48:05Z,2026-08-17T18:48:05Z,
45.191.99.141,ipv4,malicious-ip,medium,WHITE,ziyadnz/hourly-ipv4,ziyadnz|hourly,2026-08-17T18:48:05Z,2026-08-17T18:48:05Z,
45.192.12.14,ipv4,malicious-ip,medium,WHITE,ziyadnz/hourly-ipv4,ziyadnz|hourly,2026-08-17T18:48:05Z,2026-08-17T18:48:05Z,
45.192.176.84,ipv4,malicious-ip,medium,WHITE,ziyadnz/hourly-ipv4,ziyadnz|hourly,2026-08-17T18:48:05Z,2026-08-17T18:48:05Z,
45.192.192.88,ipv4,malicious-ip,medium,WHITE,ziyadnz/hourly-ipv4,ziyadnz|hourly,2026-08-17T18:48:05Z,2026-08-17T18:48:05Z,
45.192.198.32,ipv4,malicious-ip,medium,WHITE,ziyadnz/hourly-ipv4,ziyadnz|hourly,2026-08-17T18:48:05Z,2026-08-17T18:48:05Z,
45.192.213.11,ipv4,malicious-ip,medium,WHITE,ziyadnz/hourly-ipv4,ziyadnz|hourly,2026-08-17T18:48:05Z,2026-08-17T18:48:05Z,
45.192.219.60,ipv4,malicious-ip,medium,WHITE,ziyadnz/hourly-ipv4,ziyadnz|hourly,2026-08-17T18:48:05Z,2026-08-17T18:48:05Z,
45.192.99.43,ipv4,malicious-ip,medium,WHITE,ziyadnz/hourly-ipv4,ziyadnz|hourly,2026-08-17T18:48:05Z,2026-08-17T18:48:05Z,
45.194.120.252,ipv4,malicious-ip,medium,WHITE,ziyadnz/hourly-ipv4,ziyadnz|hourly,2026-08-17T18:48:05Z,2026-08-17T18:48:05Z,
45.194.18.69,ipv4,malicious-ip,medium,WHITE,ziyadnz/hourly-ipv4,ziyadnz|hourly,2026-08-17T18:48:05Z,2026-08-17T18:48:05Z,
45.194.21.148,ipv4,malicious-ip,medium,WHITE,ziyadnz/hourly-ipv4,ziyadnz|hourly,2026-08-17T18:48:05Z,2026-08-17T18:48:05Z,
45.194.22.139,ipv4,malicious-ip,medium,WHITE,ziyadnz/hourly-ipv4,ziyadnz|hourly,2026-08-17T18:48:05Z,2026-08-17T18:48:05Z,
45.194.22.20,ipv4,malicious-ip,medium,WHITE,ziyadnz/hourly-ipv4,ziyadnz|hourly,2026-08-17T18:48:05Z,2026-08-17T18:48:05Z,
45.194.33.12,ipv4,malicious-ip,medium,WHITE,ziyadnz/hourly-ipv4,ziyadnz|hourly,2026-08-17T18:48:05Z,2026-08-17T18:48:05Z,
45.194.37.246,ipv4,malicious-ip,medium,WHITE,ziyadnz/hourly-ipv4,ziyadnz|hourly,2026-08-17T18:48:05Z,2026-08-17T18:48:05Z,
45.194.66.79,ipv4,malicious-ip,medium,WHITE,ziyadnz/hourly-ipv4,ziyadnz|hourly,2026-08-17T18:48:05Z,2026-08-17T18:48:05Z,
45.194.67.0,ipv4,malicious-ip,medium,WHITE,ziyadnz/hourly-ipv4,ziyadnz|hourly,2026-08-17T18:48:05Z,2026-08-17T18:48:05Z,
45.194.67.107,ipv4,malicious-ip,medium,WHITE,ziyadnz/hourly-ipv4,ziyadnz|hourly,2026-08-17T18:48:05Z,2026-08-17T18:48:05Z,
45.194.67.108,ipv4,malicious-ip,medium,WHITE,ziyadnz/hourly-ipv4,ziyadnz|hourly,2026-08-17T18:48:05Z,2026-08-17T18:48:05Z,
45.194.67.120,ipv4,malicious-ip,medium,WHITE,ziyadnz/hourly-ipv4,ziyadnz|hourly,2026-08-17T18:48:05Z,2026-08-17T18:48:05Z,
45.194.67.26,ipv4,malicious-ip,medium,WHITE,ziyadnz/hourly-ipv4,ziyadnz|hourly,2026-08-17T18:48:05Z,2026-08-17T18:48:05Z,
45.194.67.27,ipv4,malicious-ip,medium,WHITE,ziyadnz/hourly-ipv4,ziyadnz|hourly,2026-08-17T18:48:05Z,2026-08-17T18:48:05Z,
45.194.67.28,ipv4,malicious-ip,medium,WHITE,ziyadnz/hourly-ipv4,ziyadnz|hourly,2026-08-17T18:48:05Z,2026-08-17T18:48:05Z,
45.194.67.29,ipv4,malicious-ip,medium,WHITE,ziyadnz/hourly-ipv4,ziyadnz|hourly,2026-08-17T18:48:05Z,2026-08-17T18:48:05Z,
45.194.67.30,ipv4,malicious-ip,medium,WHITE,ziyadnz/hourly-ipv4,ziyadnz|hourly,2026-08-17T18:48:05Z,2026-08-17T18:48:05Z,
45.194.67.8,ipv4,malicious-ip,medium,WHITE,ziyadnz/hourly-ipv4,ziyadnz|hourly,2026-08-17T18:48:05Z,2026-08-17T18:48:05Z,
45.194.70.248,ipv4,malicious-ip,medium,WHITE,ziyadnz/hourly-ipv4,ziyadnz|hourly,2026-08-17T18:48:05Z,2026-08-17T18:48:05Z,
45.194.70.249,ipv4,malicious-ip,medium,WHITE,ziyadnz/hourly-ipv4,ziyadnz|hourly,2026-08-17T18:48:05Z,2026-08-17T18:48:05Z,
45.194.70.250,ipv4,malicious-ip,medium,WHITE,ziyadnz/hourly-ipv4,ziyadnz|hourly,2026-08-17T18:48:05Z,2026-08-17T18:48:05Z,
45.194.70.251,ipv4,malicious-ip,medium,WHITE,ziyadnz/hourly-ipv4,ziyadnz|hourly,2026-08-17T18:48:05Z,2026-08-17T18:48:05Z,
45.194.70.252,ipv4,malicious-ip,medium,WHITE,ziyadnz/hourly-ipv4,ziyadnz|hourly,2026-08-17T18:48:05Z,2026-08-17T18:48:05Z,
45.194.70.253,ipv4,malicious-ip,medium,WHITE,ziyadnz/hourly-ipv4,ziyadnz|hourly,2026-08-17T18:48:05Z,2026-08-17T18:48:05Z,
45.194.70.254,ipv4,malicious-ip,medium,WHITE,ziyadnz/hourly-ipv4,ziyadnz|hourly,2026-08-17T18:48:05Z,2026-08-17T18:48:05Z,
45.194.86.85,ipv4,malicious-ip,medium,WHITE,ziyadnz/hourly-ipv4,ziyadnz|hourly,2026-08-17T18:48:05Z,2026-08-17T18:48:05Z,
45.194.88.27,ipv4,malicious-ip,medium,WHITE,ziyadnz/hourly-ipv4,ziyadnz|hourly,2026-08-17T18:48:05Z,2026-08-17T18:48:05Z,
45.194.92.2,ipv4,malicious-ip,medium,WHITE,ziyadnz/hourly-ipv4,ziyadnz|hourly,2026-08-17T18:48:05Z,2026-08-17T18:48:05Z,
45.194.92.40,ipv4,malicious-ip,medium,WHITE,ziyadnz/hourly-ipv4,ziyadnz|hourly,2026-08-17T18:48:05Z,2026-08-17T18:48:05Z,
45.194.92.47,ipv4,malicious-ip,medium,WHITE,ziyadnz/hourly-ipv4,ziyadnz|hourly,2026-08-17T18:48:05Z,2026-08-17T18:48:05Z,
45.195.148.107,ipv4,malicious-ip,medium,WHITE,ziyadnz/hourly-ipv4,ziyadnz|hourly,2026-08-17T18:48:05Z,2026-08-17T18:48:05Z,
45.195.148.73,ipv4,malicious-ip,medium,WHITE,ziyadnz/hourly-ipv4,ziyadnz|hourly,2026-08-17T18:48:05Z,2026-08-17T18:48:05Z,
45.195.17.218,ipv4,malicious-ip,medium,WHITE,ziyadnz/hourly-ipv4,ziyadnz|hourly,2026-08-17T18:48:05Z,2026-08-17T18:48:05Z,
45.195.17.221,ipv4,malicious-ip,medium,WHITE,ziyadnz/hourly-ipv4,ziyadnz|hourly,2026-08-17T18:48:05Z,2026-08-17T18:48:05Z,
45.195.17.224,ipv4,malicious-ip,medium,WHITE,ziyadnz/hourly-ipv4,ziyadnz|hourly,2026-08-17T18:48:05Z,2026-08-17T18:48:05Z,
45.195.17.227,ipv4,malicious-ip,medium,WHITE,ziyadnz/hourly-ipv4,ziyadnz|hourly,2026-08-17T18:48:05Z,2026-08-17T18:48:05Z,
45.195.221.26,ipv4,malicious-ip,medium,WHITE,ziyadnz/hourly-ipv4,ziyadnz|hourly,2026-08-17T18:48:05Z,2026-08-17T18:48:05Z,
45.195.57.30,ipv4,malicious-ip,medium,WHITE,ziyadnz/hourly-ipv4,ziyadnz|hourly,2026-08-17T18:48:05Z,2026-08-17T18:48:05Z,
45.195.59.37,ipv4,malicious-ip,medium,WHITE,ziyadnz/hourly-ipv4,ziyadnz|hourly,2026-08-17T18:48:05Z,2026-08-17T18:48:05Z,
45.195.79.5,ipv4,malicious-ip,medium,WHITE,ziyadnz/hourly-ipv4,ziyadnz|hourly,2026-08-17T18:48:05Z,2026-08-17T18:48:05Z,
45.195.83.7,ipv4,malicious-ip,medium,WHITE,ziyadnz/hourly-ipv4,ziyadnz|hourly,2026-08-17T18:48:05Z,2026-08-17T18:48:05Z,
45.196.236.141,ipv4,malicious-ip,medium,WHITE,ziyadnz/hourly-ipv4,ziyadnz|hourly,2026-08-17T18:48:05Z,2026-08-17T18:48:05Z,
45.198.153.178,ipv4,malicious-ip,medium,WHITE,ziyadnz/hourly-ipv4,ziyadnz|hourly,2026-08-17T18:48:05Z,2026-08-17T18:48:05Z,
45.198.154.212,ipv4,malicious-ip,medium,WHITE,ziyadnz/hourly-ipv4,ziyadnz|hourly,2026-08-17T18:48:05Z,2026-08-17T18:48:05Z,
45.198.224.0,ipv4,malicious-ip,medium,WHITE,ziyadnz/hourly-ipv4,ziyadnz|hourly,2026-08-17T18:48:05Z,2026-08-17T18:48:05Z,
45.198.224.101,ipv4,malicious-ip,medium,WHITE,ziyadnz/hourly-ipv4,ziyadnz|hourly,2026-08-17T18:48:05Z,2026-08-17T18:48:05Z,
45.198.224.114,ipv4,malicious-ip,medium,WHITE,ziyadnz/hourly-ipv4,ziyadnz|hourly,2026-08-17T18:48:05Z,2026-08-17T18:48:05Z,
45.198.224.122,ipv4,malicious-ip,medium,WHITE,ziyadnz/hourly-ipv4,ziyadnz|hourly,2026-08-17T18:48:05Z,2026-08-17T18:48:05Z,
45.198.224.140,ipv4,malicious-ip,medium,WHITE,ziyadnz/hourly-ipv4,ziyadnz|hourly,2026-08-17T18:48:05Z,2026-08-17T18:48:05Z,
45.198.224.143,ipv4,malicious-ip,medium,WHITE,ziyadnz/hourly-ipv4,ziyadnz|hourly,2026-08-17T18:48:05Z,2026-08-17T18:48:05Z,
45.198.224.22,ipv4,malicious-ip,medium,WHITE,ziyadnz/hourly-ipv4,ziyadnz|hourly,2026-08-17T18:48:05Z,2026-08-17T18:48:05Z,
45.198.224.221,ipv4,malicious-ip,medium,WHITE,ziyadnz/hourly-ipv4,ziyadnz|hourly,2026-08-17T18:48:05Z,2026-08-17T18:48:05Z,
45.198.224.224,ipv4,malicious-ip,medium,WHITE,ziyadnz/hourly-ipv4,ziyadnz|hourly,2026-08-17T18:48:05Z,2026-08-17T18:48:05Z,
45.198.224.229,ipv4,malicious-ip,medium,WHITE,ziyadnz/hourly-ipv4,ziyadnz|hourly,2026-08-17T18:48:05Z,2026-08-17T18:48:05Z,
45.198.224.231,ipv4,malicious-ip,medium,WHITE,ziyadnz/hourly-ipv4,ziyadnz|hourly,2026-08-17T18:48:05Z,2026-08-17T18:48:05Z,
45.198.224.240,ipv4,malicious-ip,medium,WHITE,ziyadnz/hourly-ipv4,ziyadnz|hourly,2026-08-17T18:48:05Z,2026-08-17T18:48:05Z,
45.198.224.53,ipv4,malicious-ip,medium,WHITE,ziyadnz/hourly-ipv4,ziyadnz|hourly,2026-08-17T18:48:05Z,2026-08-17T18:48:05Z,
45.198.224.8,ipv4,malicious-ip,medium,WHITE,ziyadnz/hourly-ipv4,ziyadnz|hourly,2026-08-17T18:48:05Z,2026-08-17T18:48:05Z,
45.198.224.93,ipv4,malicious-ip,medium,WHITE,ziyadnz/hourly-ipv4,ziyadnz|hourly,2026-08-17T18:48:05Z,2026-08-17T18:48:05Z,
45.198.224.97,ipv4,malicious-ip,medium,WHITE,ziyadnz/hourly-ipv4,ziyadnz|hourly,2026-08-17T18:48:05Z,2026-08-17T18:48:05Z,
45.198.32.107,ipv4,malicious-ip,medium,WHITE,ziyadnz/hourly-ipv4,ziyadnz|hourly,2026-08-17T18:48:05Z,2026-08-17T18:48:05Z,
45.20.186.110,ipv4,malicious-ip,medium,WHITE,ziyadnz/hourly-ipv4,ziyadnz|hourly,2026-08-17T18:48:05Z,2026-08-17T18:48:05Z,
45.200.149.148,ipv4,malicious-ip,medium,WHITE,ziyadnz/hourly-ipv4,ziyadnz|hourly,2026-08-17T18:48:05Z,2026-08-17T18:48:05Z,
45.200.149.58,ipv4,malicious-ip,medium,WHITE,ziyadnz/hourly-ipv4,ziyadnz|hourly,2026-08-17T18:48:05Z,2026-08-17T18:48:05Z,
45.201.200.195,ipv4,malicious-ip,medium,WHITE,ziyadnz/hourly-ipv4,ziyadnz|hourly,2026-08-17T18:48:05Z,2026-08-17T18:48:05Z,
45.201.209.37,ipv4,malicious-ip,medium,WHITE,ziyadnz/hourly-ipv4,ziyadnz|hourly,2026-08-17T18:48:05Z,2026-08-17T18:48:05Z,
45.202.1.192,ipv4,malicious-ip,medium,WHITE,ziyadnz/hourly-ipv4,ziyadnz|hourly,2026-08-17T18:48:05Z,2026-08-17T18:48:05Z,
45.202.1.194,ipv4,malicious-ip,medium,WHITE,ziyadnz/hourly-ipv4,ziyadnz|hourly,2026-08-17T18:48:05Z,2026-08-17T18:48:05Z,
45.202.210.103,ipv4,malicious-ip,medium,WHITE,ziyadnz/hourly-ipv4,ziyadnz|hourly,2026-08-17T18:48:05Z,2026-08-17T18:48:05Z,
45.202.247.123,ipv4,malicious-ip,medium,WHITE,ziyadnz/hourly-ipv4,ziyadnz|hourly,2026-08-17T18:48:05Z,2026-08-17T18:48:05Z,
45.202.35.24,ipv4,malicious-ip,medium,WHITE,ziyadnz/hourly-ipv4,ziyadnz|hourly,2026-08-17T18:48:05Z,2026-08-17T18:48:05Z,
45.202.35.35,ipv4,malicious-ip,medium,WHITE,ziyadnz/hourly-ipv4,ziyadnz|hourly,2026-08-17T18:48:05Z,2026-08-17T18:48:05Z,
45.202.35.86,ipv4,malicious-ip,medium,WHITE,ziyadnz/hourly-ipv4,ziyadnz|hourly,2026-08-17T18:48:05Z,2026-08-17T18:48:05Z,
45.202.35.91,ipv4,malicious-ip,medium,WHITE,ziyadnz/hourly-ipv4,ziyadnz|hourly,2026-08-17T18:48:05Z,2026-08-17T18:48:05Z,
45.204.217.177,ipv4,malicious-ip,medium,WHITE,ziyadnz/hourly-ipv4,ziyadnz|hourly,2026-08-17T18:48:05Z,2026-08-17T18:48:05Z,
45.205.1.0,ipv4,malicious-ip,medium,WHITE,ziyadnz/hourly-ipv4,ziyadnz|hourly,2026-08-17T18:48:05Z,2026-08-17T18:48:05Z,
45.205.1.122,ipv4,malicious-ip,medium,WHITE,ziyadnz/hourly-ipv4,ziyadnz|hourly,2026-08-17T18:48:05Z,2026-08-17T18:48:05Z,
45.205.1.131,ipv4,malicious-ip,medium,WHITE,ziyadnz/hourly-ipv4,ziyadnz|hourly,2026-08-17T18:48:05Z,2026-08-17T18:48:05Z,
45.205.1.132,ipv4,malicious-ip,medium,WHITE,ziyadnz/hourly-ipv4,ziyadnz|hourly,2026-08-17T18:48:05Z,2026-08-17T18:48:05Z,
45.205.1.222,ipv4,malicious-ip,medium,WHITE,ziyadnz/hourly-ipv4,ziyadnz|hourly,2026-08-17T18:48:05Z,2026-08-17T18:48:05Z,
45.205.1.240,ipv4,malicious-ip,medium,WHITE,ziyadnz/hourly-ipv4,ziyadnz|hourly,2026-08-17T18:48:05Z,2026-08-17T18:48:05Z,
45.205.1.241,ipv4,malicious-ip,medium,WHITE,ziyadnz/hourly-ipv4,ziyadnz|hourly,2026-08-17T18:48:05Z,2026-08-17T18:48:05Z,
45.205.1.242,ipv4,malicious-ip,medium,WHITE,ziyadnz/hourly-ipv4,ziyadnz|hourly,2026-08-17T18:48:05Z,2026-08-17T18:48:05Z,
45.205.1.243,ipv4,malicious-ip,medium,WHITE,ziyadnz/hourly-ipv4,ziyadnz|hourly,2026-08-17T18:48:05Z,2026-08-17T18:48:05Z,
45.205.1.244,ipv4,malicious-ip,medium,WHITE,ziyadnz/hourly-ipv4,ziyadnz|hourly,2026-08-17T18:48:05Z,2026-08-17T18:48:05Z,
45.205.1.245,ipv4,malicious-ip,medium,WHITE,ziyadnz/hourly-ipv4,ziyadnz|hourly,2026-08-17T18:48:05Z,2026-08-17T18:48:05Z,
45.205.1.246,ipv4,malicious-ip,medium,WHITE,ziyadnz/hourly-ipv4,ziyadnz|hourly,2026-08-17T18:48:05Z,2026-08-17T18:48:05Z,
45.205.1.247,ipv4,malicious-ip,medium,WHITE,ziyadnz/hourly-ipv4,ziyadnz|hourly,2026-08-17T18:48:05Z,2026-08-17T18:48:05Z,
45.205.1.33,ipv4,malicious-ip,medium,WHITE,ziyadnz/hourly-ipv4,ziyadnz|hourly,2026-08-17T18:48:05Z,2026-08-17T18:48:05Z,
45.205.1.70,ipv4,malicious-ip,medium,WHITE,ziyadnz/hourly-ipv4,ziyadnz|hourly,2026-08-17T18:48:05Z,2026-08-17T18:48:05Z,
45.205.18.52,ipv4,malicious-ip,medium,WHITE,ziyadnz/hourly-ipv4,ziyadnz|hourly,2026-08-17T18:48:05Z,2026-08-17T18:48:05Z,
45.205.27.52,ipv4,malicious-ip,medium,WHITE,ziyadnz/hourly-ipv4,ziyadnz|hourly,2026-08-17T18:48:05Z,2026-08-17T18:48:05Z,
45.207.12.71,ipv4,malicious-ip,medium,WHITE,ziyadnz/hourly-ipv4,ziyadnz|hourly,2026-08-17T18:48:05Z,2026-08-17T18:48:05Z,
45.207.205.45,ipv4,malicious-ip,medium,WHITE,ziyadnz/hourly-ipv4,ziyadnz|hourly,2026-08-17T18:48:05Z,2026-08-17T18:48:05Z,
45.207.216.55,ipv4,malicious-ip,medium,WHITE,ziyadnz/hourly-ipv4,ziyadnz|hourly,2026-08-17T18:48:05Z,2026-08-17T18:48:05Z,
45.207.220.12,ipv4,malicious-ip,medium,WHITE,ziyadnz/hourly-ipv4,ziyadnz|hourly,2026-08-17T18:48:05Z,2026-08-17T18:48:05Z,
45.21.5.143,ipv4,malicious-ip,medium,WHITE,ziyadnz/hourly-ipv4,ziyadnz|hourly,2026-08-17T18:48:05Z,2026-08-17T18:48:05Z,
45.215.237.108,ipv4,malicious-ip,medium,WHITE,ziyadnz/hourly-ipv4,ziyadnz|hourly,2026-08-17T18:48:05Z,2026-08-17T18:48:05Z,
45.219.62.96,ipv4,malicious-ip,medium,WHITE,ziyadnz/hourly-ipv4,ziyadnz|hourly,2026-08-17T18:48:05Z,2026-08-17T18:48:05Z,
45.219.95.111,ipv4,malicious-ip,medium,WHITE,ziyadnz/hourly-ipv4,ziyadnz|hourly,2026-08-17T18:48:05Z,2026-08-17T18:48:05Z,
45.220.15.150,ipv4,malicious-ip,medium,WHITE,ziyadnz/hourly-ipv4,ziyadnz|hourly,2026-08-17T18:48:05Z,2026-08-17T18:48:05Z,
45.220.15.44,ipv4,malicious-ip,medium,WHITE,ziyadnz/hourly-ipv4,ziyadnz|hourly,2026-08-17T18:48:05Z,2026-08-17T18:48:05Z,
45.221.113.96,ipv4,malicious-ip,medium,WHITE,ziyadnz/hourly-ipv4,ziyadnz|hourly,2026-08-17T18:48:05Z,2026-08-17T18:48:05Z,
45.221.114.250,ipv4,malicious-ip,medium,WHITE,ziyadnz/hourly-ipv4,ziyadnz|hourly,2026-08-17T18:48:05Z,2026-08-17T18:48:05Z,
45.221.64.245,ipv4,malicious-ip,medium,WHITE,ziyadnz/hourly-ipv4,ziyadnz|hourly,2026-08-17T18:48:05Z,2026-08-17T18:48:05Z,
45.221.96.37,ipv4,malicious-ip,medium,WHITE,ziyadnz/hourly-ipv4,ziyadnz|hourly,2026-08-17T18:48:05Z,2026-08-17T18:48:05Z,
45.222.213.2,ipv4,malicious-ip,medium,WHITE,ziyadnz/hourly-ipv4,ziyadnz|hourly,2026-08-17T18:48:05Z,2026-08-17T18:48:05Z,
45.224.143.217,ipv4,malicious-ip,medium,WHITE,ziyadnz/hourly-ipv4,ziyadnz|hourly,2026-08-17T18:48:05Z,2026-08-17T18:48:05Z,
45.224.148.77,ipv4,malicious-ip,medium,WHITE,ziyadnz/hourly-ipv4,ziyadnz|hourly,2026-08-17T18:48:05Z,2026-08-17T18:48:05Z,
45.224.150.102,ipv4,malicious-ip,medium,WHITE,ziyadnz/hourly-ipv4,ziyadnz|hourly,2026-08-17T18:48:05Z,2026-08-17T18:48:05Z,
45.224.150.118,ipv4,malicious-ip,medium,WHITE,ziyadnz/hourly-ipv4,ziyadnz|hourly,2026-08-17T18:48:05Z,2026-08-17T18:48:05Z,
45.224.183.55,ipv4,malicious-ip,medium,WHITE,ziyadnz/hourly-ipv4,ziyadnz|hourly,2026-08-17T18:48:05Z,2026-08-17T18:48:05Z,
45.224.205.1,ipv4,malicious-ip,medium,WHITE,ziyadnz/hourly-ipv4,ziyadnz|hourly,2026-08-17T18:48:05Z,2026-08-17T18:48:05Z,
45.224.218.11,ipv4,malicious-ip,medium,WHITE,ziyadnz/hourly-ipv4,ziyadnz|hourly,2026-08-17T18:48:05Z,2026-08-17T18:48:05Z,
45.224.23.61,ipv4,malicious-ip,medium,WHITE,ziyadnz/hourly-ipv4,ziyadnz|hourly,2026-08-17T18:48:05Z,2026-08-17T18:48:05Z,
45.224.40.191,ipv4,malicious-ip,medium,WHITE,ziyadnz/hourly-ipv4,ziyadnz|hourly,2026-08-17T18:48:05Z,2026-08-17T18:48:05Z,
45.224.69.139,ipv4,malicious-ip,medium,WHITE,ziyadnz/hourly-ipv4,ziyadnz|hourly,2026-08-17T18:48:05Z,2026-08-17T18:48:05Z,
45.224.69.32,ipv4,malicious-ip,medium,WHITE,ziyadnz/hourly-ipv4,ziyadnz|hourly,2026-08-17T18:48:05Z,2026-08-17T18:48:05Z,
45.224.97.217,ipv4,malicious-ip,medium,WHITE,ziyadnz/hourly-ipv4,ziyadnz|hourly,2026-08-17T18:48:05Z,2026-08-17T18:48:05Z,
45.224.97.241,ipv4,malicious-ip,medium,WHITE,ziyadnz/hourly-ipv4,ziyadnz|hourly,2026-08-17T18:48:05Z,2026-08-17T18:48:05Z,
45.224.97.245,ipv4,malicious-ip,medium,WHITE,ziyadnz/hourly-ipv4,ziyadnz|hourly,2026-08-17T18:48:05Z,2026-08-17T18:48:05Z,
45.224.99.8,ipv4,malicious-ip,medium,WHITE,ziyadnz/hourly-ipv4,ziyadnz|hourly,2026-08-17T18:48:05Z,2026-08-17T18:48:05Z,
45.225.105.242,ipv4,malicious-ip,medium,WHITE,ziyadnz/hourly-ipv4,ziyadnz|hourly,2026-08-17T18:48:05Z,2026-08-17T18:48:05Z,
45.225.118.141,ipv4,malicious-ip,medium,WHITE,ziyadnz/hourly-ipv4,ziyadnz|hourly,2026-08-17T18:48:05Z,2026-08-17T18:48:05Z,
45.225.135.178,ipv4,malicious-ip,medium,WHITE,ziyadnz/hourly-ipv4,ziyadnz|hourly,2026-08-17T18:48:05Z,2026-08-17T18:48:05Z,
45.225.135.179,ipv4,malicious-ip,medium,WHITE,ziyadnz/hourly-ipv4,ziyadnz|hourly,2026-08-17T18:48:05Z,2026-08-17T18:48:05Z,
45.225.135.20,ipv4,malicious-ip,medium,WHITE,ziyadnz/hourly-ipv4,ziyadnz|hourly,2026-08-17T18:48:05Z,2026-08-17T18:48:05Z,
45.225.135.21,ipv4,malicious-ip,medium,WHITE,ziyadnz/hourly-ipv4,ziyadnz|hourly,2026-08-17T18:48:05Z,2026-08-17T18:48:05Z,
45.225.141.83,ipv4,malicious-ip,medium,WHITE,ziyadnz/hourly-ipv4,ziyadnz|hourly,2026-08-17T18:48:05Z,2026-08-17T18:48:05Z,
45.225.143.22,ipv4,malicious-ip,medium,WHITE,ziyadnz/hourly-ipv4,ziyadnz|hourly,2026-08-17T18:48:05Z,2026-08-17T18:48:05Z,
45.225.171.193,ipv4,malicious-ip,medium,WHITE,ziyadnz/hourly-ipv4,ziyadnz|hourly,2026-08-17T18:48:05Z,2026-08-17T18:48:05Z,
45.225.192.85,ipv4,malicious-ip,medium,WHITE,ziyadnz/hourly-ipv4,ziyadnz|hourly,2026-08-17T18:48:05Z,2026-08-17T18:48:05Z,
45.225.212.145,ipv4,malicious-ip,medium,WHITE,ziyadnz/hourly-ipv4,ziyadnz|hourly,2026-08-17T18:48:05Z,2026-08-17T18:48:05Z,
45.225.214.61,ipv4,malicious-ip,medium,WHITE,ziyadnz/hourly-ipv4,ziyadnz|hourly,2026-08-17T18:48:05Z,2026-08-17T18:48:05Z,
45.225.224.117,ipv4,malicious-ip,medium,WHITE,ziyadnz/hourly-ipv4,ziyadnz|hourly,2026-08-17T18:48:05Z,2026-08-17T18:48:05Z,
45.225.224.118,ipv4,malicious-ip,medium,WHITE,ziyadnz/hourly-ipv4,ziyadnz|hourly,2026-08-17T18:48:05Z,2026-08-17T18:48:05Z,
45.225.224.121,ipv4,malicious-ip,medium,WHITE,ziyadnz/hourly-ipv4,ziyadnz|hourly,2026-08-17T18:48:05Z,2026-08-17T18:48:05Z,
45.225.44.161,ipv4,malicious-ip,medium,WHITE,ziyadnz/hourly-ipv4,ziyadnz|hourly,2026-08-17T18:48:05Z,2026-08-17T18:48:05Z,
45.225.45.25,ipv4,malicious-ip,medium,WHITE,ziyadnz/hourly-ipv4,ziyadnz|hourly,2026-08-17T18:48:05Z,2026-08-17T18:48:05Z,
45.225.61.104,ipv4,malicious-ip,medium,WHITE,ziyadnz/hourly-ipv4,ziyadnz|hourly,2026-08-17T18:48:05Z,2026-08-17T18:48:05Z,
45.225.86.175,ipv4,malicious-ip,medium,WHITE,ziyadnz/hourly-ipv4,ziyadnz|hourly,2026-08-17T18:48:05Z,2026-08-17T18:48:05Z,
45.225.9.223,ipv4,malicious-ip,medium,WHITE,ziyadnz/hourly-ipv4,ziyadnz|hourly,2026-08-17T18:48:05Z,2026-08-17T18:48:05Z,
45.226.104.1,ipv4,malicious-ip,medium,WHITE,ziyadnz/hourly-ipv4,ziyadnz|hourly,2026-08-17T18:48:05Z,2026-08-17T18:48:05Z,
45.226.129.172,ipv4,malicious-ip,medium,WHITE,ziyadnz/hourly-ipv4,ziyadnz|hourly,2026-08-17T18:48:05Z,2026-08-17T18:48:05Z,
45.226.133.188,ipv4,malicious-ip,medium,WHITE,ziyadnz/hourly-ipv4,ziyadnz|hourly,2026-08-17T18:48:05Z,2026-08-17T18:48:05Z,
45.226.133.211,ipv4,malicious-ip,medium,WHITE,ziyadnz/hourly-ipv4,ziyadnz|hourly,2026-08-17T18:48:05Z,2026-08-17T18:48:05Z,
45.226.139.206,ipv4,malicious-ip,medium,WHITE,ziyadnz/hourly-ipv4,ziyadnz|hourly,2026-08-17T18:48:05Z,2026-08-17T18:48:05Z,
45.226.15.110,ipv4,malicious-ip,medium,WHITE,ziyadnz/hourly-ipv4,ziyadnz|hourly,2026-08-17T18:48:05Z,2026-08-17T18:48:05Z,
45.226.161.27,ipv4,malicious-ip,medium,WHITE,ziyadnz/hourly-ipv4,ziyadnz|hourly,2026-08-17T18:48:05Z,2026-08-17T18:48:05Z,
45.226.217.83,ipv4,malicious-ip,medium,WHITE,ziyadnz/hourly-ipv4,ziyadnz|hourly,2026-08-17T18:48:05Z,2026-08-17T18:48:05Z,
45.226.224.136,ipv4,malicious-ip,medium,WHITE,ziyadnz/hourly-ipv4,ziyadnz|hourly,2026-08-17T18:48:05Z,2026-08-17T18:48:05Z,
45.226.227.146,ipv4,malicious-ip,medium,WHITE,ziyadnz/hourly-ipv4,ziyadnz|hourly,2026-08-17T18:48:05Z,2026-08-17T18:48:05Z,
45.226.227.148,ipv4,malicious-ip,medium,WHITE,ziyadnz/hourly-ipv4,ziyadnz|hourly,2026-08-17T18:48:05Z,2026-08-17T18:48:05Z,
45.226.229.120,ipv4,malicious-ip,medium,WHITE,ziyadnz/hourly-ipv4,ziyadnz|hourly,2026-08-17T18:48:05Z,2026-08-17T18:48:05Z,
45.226.230.244,ipv4,malicious-ip,medium,WHITE,ziyadnz/hourly-ipv4,ziyadnz|hourly,2026-08-17T18:48:05Z,2026-08-17T18:48:05Z,
45.226.230.246,ipv4,malicious-ip,medium,WHITE,ziyadnz/hourly-ipv4,ziyadnz|hourly,2026-08-17T18:48:05Z,2026-08-17T18:48:05Z,
45.226.230.247,ipv4,malicious-ip,medium,WHITE,ziyadnz/hourly-ipv4,ziyadnz|hourly,2026-08-17T18:48:05Z,2026-08-17T18:48:05Z,
45.226.238.49,ipv4,malicious-ip,medium,WHITE,ziyadnz/hourly-ipv4,ziyadnz|hourly,2026-08-17T18:48:05Z,2026-08-17T18:48:05Z,
45.226.43.211,ipv4,malicious-ip,medium,WHITE,ziyadnz/hourly-ipv4,ziyadnz|hourly,2026-08-17T18:48:05Z,2026-08-17T18:48:05Z,
45.226.89.103,ipv4,malicious-ip,medium,WHITE,ziyadnz/hourly-ipv4,ziyadnz|hourly,2026-08-17T18:48:05Z,2026-08-17T18:48:05Z,
45.227.103.245,ipv4,malicious-ip,medium,WHITE,ziyadnz/hourly-ipv4,ziyadnz|hourly,2026-08-17T18:48:05Z,2026-08-17T18:48:05Z,
45.227.105.6,ipv4,malicious-ip,medium,WHITE,ziyadnz/hourly-ipv4,ziyadnz|hourly,2026-08-17T18:48:05Z,2026-08-17T18:48:05Z,
45.227.140.172,ipv4,malicious-ip,medium,WHITE,ziyadnz/hourly-ipv4,ziyadnz|hourly,2026-08-17T18:48:05Z,2026-08-17T18:48:05Z,
45.227.175.126,ipv4,malicious-ip,medium,WHITE,ziyadnz/hourly-ipv4,ziyadnz|hourly,2026-08-17T18:48:05Z,2026-08-17T18:48:05Z,
45.227.185.60,ipv4,malicious-ip,medium,WHITE,ziyadnz/hourly-ipv4,ziyadnz|hourly,2026-08-17T18:48:05Z,2026-08-17T18:48:05Z,
45.227.187.53,ipv4,malicious-ip,medium,WHITE,ziyadnz/hourly-ipv4,ziyadnz|hourly,2026-08-17T18:48:05Z,2026-08-17T18:48:05Z,
45.227.238.208,ipv4,malicious-ip,medium,WHITE,ziyadnz/hourly-ipv4,ziyadnz|hourly,2026-08-17T18:48:05Z,2026-08-17T18:48:05Z,
45.227.249.203,ipv4,malicious-ip,medium,WHITE,ziyadnz/hourly-ipv4,ziyadnz|hourly,2026-08-17T18:48:05Z,2026-08-17T18:48:05Z,
45.227.249.228,ipv4,malicious-ip,medium,WHITE,ziyadnz/hourly-ipv4,ziyadnz|hourly,2026-08-17T18:48:05Z,2026-08-17T18:48:05Z,
45.227.249.243,ipv4,malicious-ip,medium,WHITE,ziyadnz/hourly-ipv4,ziyadnz|hourly,2026-08-17T18:48:05Z,2026-08-17T18:48:05Z,
45.227.252.229,ipv4,malicious-ip,medium,WHITE,ziyadnz/hourly-ipv4,ziyadnz|hourly,2026-08-17T18:48:05Z,2026-08-17T18:48:05Z,
45.227.252.247,ipv4,malicious-ip,medium,WHITE,ziyadnz/hourly-ipv4,ziyadnz|hourly,2026-08-17T18:48:05Z,2026-08-17T18:48:05Z,
45.227.252.252,ipv4,malicious-ip,medium,WHITE,ziyadnz/hourly-ipv4,ziyadnz|hourly,2026-08-17T18:48:05Z,2026-08-17T18:48:05Z,
45.227.252.44,ipv4,malicious-ip,medium,WHITE,ziyadnz/hourly-ipv4,ziyadnz|hourly,2026-08-17T18:48:05Z,2026-08-17T18:48:05Z,
45.227.253.102,ipv4,malicious-ip,medium,WHITE,ziyadnz/hourly-ipv4,ziyadnz|hourly,2026-08-17T18:48:05Z,2026-08-17T18:48:05Z,
45.227.253.132,ipv4,malicious-ip,medium,WHITE,ziyadnz/hourly-ipv4,ziyadnz|hourly,2026-08-17T18:48:05Z,2026-08-17T18:48:05Z,
45.227.253.133,ipv4,malicious-ip,medium,WHITE,ziyadnz/hourly-ipv4,ziyadnz|hourly,2026-08-17T18:48:05Z,2026-08-17T18:48:05Z,
45.227.253.147,ipv4,malicious-ip,medium,WHITE,ziyadnz/hourly-ipv4,ziyadnz|hourly,2026-08-17T18:48:05Z,2026-08-17T18:48:05Z,
45.227.253.20,ipv4,malicious-ip,medium,WHITE,ziyadnz/hourly-ipv4,ziyadnz|hourly,2026-08-17T18:48:05Z,2026-08-17T18:48:05Z,
45.227.253.29,ipv4,malicious-ip,medium,WHITE,ziyadnz/hourly-ipv4,ziyadnz|hourly,2026-08-17T18:48:05Z,2026-08-17T18:48:05Z,
45.227.253.30,ipv4,malicious-ip,medium,WHITE,ziyadnz/hourly-ipv4,ziyadnz|hourly,2026-08-17T18:48:05Z,2026-08-17T18:48:05Z,
45.227.253.50,ipv4,malicious-ip,medium,WHITE,ziyadnz/hourly-ipv4,ziyadnz|hourly,2026-08-17T18:48:05Z,2026-08-17T18:48:05Z,
45.227.253.6,ipv4,malicious-ip,medium,WHITE,ziyadnz/hourly-ipv4,ziyadnz|hourly,2026-08-17T18:48:05Z,2026-08-17T18:48:05Z,
45.227.253.82,ipv4,malicious-ip,medium,WHITE,ziyadnz/hourly-ipv4,ziyadnz|hourly,2026-08-17T18:48:05Z,2026-08-17T18:48:05Z,
45.227.254.132,ipv4,malicious-ip,medium,WHITE,ziyadnz/hourly-ipv4,ziyadnz|hourly,2026-08-17T18:48:05Z,2026-08-17T18:48:05Z,
45.227.254.151,ipv4,malicious-ip,medium,WHITE,ziyadnz/hourly-ipv4,ziyadnz|hourly,2026-08-17T18:48:05Z,2026-08-17T18:48:05Z,
45.227.254.154,ipv4,malicious-ip,medium,WHITE,ziyadnz/hourly-ipv4,ziyadnz|hourly,2026-08-17T18:48:05Z,2026-08-17T18:48:05Z,
45.227.254.25,ipv4,malicious-ip,medium,WHITE,ziyadnz/hourly-ipv4,ziyadnz|hourly,2026-08-17T18:48:05Z,2026-08-17T18:48:05Z,
45.227.254.39,ipv4,malicious-ip,medium,WHITE,ziyadnz/hourly-ipv4,ziyadnz|hourly,2026-08-17T18:48:05Z,2026-08-17T18:48:05Z,
45.227.255.189,ipv4,malicious-ip,medium,WHITE,ziyadnz/hourly-ipv4,ziyadnz|hourly,2026-08-17T18:48:05Z,2026-08-17T18:48:05Z,
45.227.255.190,ipv4,malicious-ip,medium,WHITE,ziyadnz/hourly-ipv4,ziyadnz|hourly,2026-08-17T18:48:05Z,2026-08-17T18:48:05Z,
45.227.255.213,ipv4,malicious-ip,medium,WHITE,ziyadnz/hourly-ipv4,ziyadnz|hourly,2026-08-17T18:48:05Z,2026-08-17T18:48:05Z,
45.227.255.214,ipv4,malicious-ip,medium,WHITE,ziyadnz/hourly-ipv4,ziyadnz|hourly,2026-08-17T18:48:05Z,2026-08-17T18:48:05Z,
45.227.255.215,ipv4,malicious-ip,medium,WHITE,ziyadnz/hourly-ipv4,ziyadnz|hourly,2026-08-17T18:48:05Z,2026-08-17T18:48:05Z,
45.227.255.216,ipv4,malicious-ip,medium,WHITE,ziyadnz/hourly-ipv4,ziyadnz|hourly,2026-08-17T18:48:05Z,2026-08-17T18:48:05Z,
45.227.32.156,ipv4,malicious-ip,medium,WHITE,ziyadnz/hourly-ipv4,ziyadnz|hourly,2026-08-17T18:48:05Z,2026-08-17T18:48:05Z,
45.227.33.195,ipv4,malicious-ip,medium,WHITE,ziyadnz/hourly-ipv4,ziyadnz|hourly,2026-08-17T18:48:05Z,2026-08-17T18:48:05Z,
45.227.35.87,ipv4,malicious-ip,medium,WHITE,ziyadnz/hourly-ipv4,ziyadnz|hourly,2026-08-17T18:48:05Z,2026-08-17T18:48:05Z,
45.227.73.119,ipv4,malicious-ip,medium,WHITE,ziyadnz/hourly-ipv4,ziyadnz|hourly,2026-08-17T18:48:05Z,2026-08-17T18:48:05Z,
45.227.96.241,ipv4,malicious-ip,medium,WHITE,ziyadnz/hourly-ipv4,ziyadnz|hourly,2026-08-17T18:48:05Z,2026-08-17T18:48:05Z,
45.228.123.21,ipv4,malicious-ip,medium,WHITE,ziyadnz/hourly-ipv4,ziyadnz|hourly,2026-08-17T18:48:05Z,2026-08-17T18:48:05Z,
45.228.142.113,ipv4,malicious-ip,medium,WHITE,ziyadnz/hourly-ipv4,ziyadnz|hourly,2026-08-17T18:48:05Z,2026-08-17T18:48:05Z,
45.228.188.180,ipv4,malicious-ip,medium,WHITE,ziyadnz/hourly-ipv4,ziyadnz|hourly,2026-08-17T18:48:05Z,2026-08-17T18:48:05Z,
45.228.189.33,ipv4,malicious-ip,medium,WHITE,ziyadnz/hourly-ipv4,ziyadnz|hourly,2026-08-17T18:48:05Z,2026-08-17T18:48:05Z,
45.228.205.247,ipv4,malicious-ip,medium,WHITE,ziyadnz/hourly-ipv4,ziyadnz|hourly,2026-08-17T18:48:05Z,2026-08-17T18:48:05Z,
45.228.249.203,ipv4,malicious-ip,medium,WHITE,ziyadnz/hourly-ipv4,ziyadnz|hourly,2026-08-17T18:48:05Z,2026-08-17T18:48:05Z,
45.228.77.114,ipv4,malicious-ip,medium,WHITE,ziyadnz/hourly-ipv4,ziyadnz|hourly,2026-08-17T18:48:05Z,2026-08-17T18:48:05Z,
45.228.77.115,ipv4,malicious-ip,medium,WHITE,ziyadnz/hourly-ipv4,ziyadnz|hourly,2026-08-17T18:48:05Z,2026-08-17T18:48:05Z,
45.228.77.160,ipv4,malicious-ip,medium,WHITE,ziyadnz/hourly-ipv4,ziyadnz|hourly,2026-08-17T18:48:05Z,2026-08-17T18:48:05Z,
45.228.77.78,ipv4,malicious-ip,medium,WHITE,ziyadnz/hourly-ipv4,ziyadnz|hourly,2026-08-17T18:48:05Z,2026-08-17T18:48:05Z,
45.228.77.90,ipv4,malicious-ip,medium,WHITE,ziyadnz/hourly-ipv4,ziyadnz|hourly,2026-08-17T18:48:05Z,2026-08-17T18:48:05Z,
45.228.79.59,ipv4,malicious-ip,medium,WHITE,ziyadnz/hourly-ipv4,ziyadnz|hourly,2026-08-17T18:48:05Z,2026-08-17T18:48:05Z,
45.229.10.36,ipv4,malicious-ip,medium,WHITE,ziyadnz/hourly-ipv4,ziyadnz|hourly,2026-08-17T18:48:05Z,2026-08-17T18:48:05Z,
45.229.105.193,ipv4,malicious-ip,medium,WHITE,ziyadnz/hourly-ipv4,ziyadnz|hourly,2026-08-17T18:48:05Z,2026-08-17T18:48:05Z,
45.229.156.145,ipv4,malicious-ip,medium,WHITE,ziyadnz/hourly-ipv4,ziyadnz|hourly,2026-08-17T18:48:05Z,2026-08-17T18:48:05Z,
45.229.156.245,ipv4,malicious-ip,medium,WHITE,ziyadnz/hourly-ipv4,ziyadnz|hourly,2026-08-17T18:48:05Z,2026-08-17T18:48:05Z,
45.229.17.43,ipv4,malicious-ip,medium,WHITE,ziyadnz/hourly-ipv4,ziyadnz|hourly,2026-08-17T18:48:05Z,2026-08-17T18:48:05Z,
45.229.179.175,ipv4,malicious-ip,medium,WHITE,ziyadnz/hourly-ipv4,ziyadnz|hourly,2026-08-17T18:48:05Z,2026-08-17T18:48:05Z,
45.229.205.240,ipv4,malicious-ip,medium,WHITE,ziyadnz/hourly-ipv4,ziyadnz|hourly,2026-08-17T18:48:05Z,2026-08-17T18:48:05Z,
45.229.70.79,ipv4,malicious-ip,medium,WHITE,ziyadnz/hourly-ipv4,ziyadnz|hourly,2026-08-17T18:48:05Z,2026-08-17T18:48:05Z,
45.229.80.123,ipv4,malicious-ip,medium,WHITE,ziyadnz/hourly-ipv4,ziyadnz|hourly,2026-08-17T18:48:05Z,2026-08-17T18:48:05Z,
45.229.84.102,ipv4,malicious-ip,medium,WHITE,ziyadnz/hourly-ipv4,ziyadnz|hourly,2026-08-17T18:48:05Z,2026-08-17T18:48:05Z,
45.229.84.109,ipv4,malicious-ip,medium,WHITE,ziyadnz/hourly-ipv4,ziyadnz|hourly,2026-08-17T18:48:05Z,2026-08-17T18:48:05Z,
45.229.85.228,ipv4,malicious-ip,medium,WHITE,ziyadnz/hourly-ipv4,ziyadnz|hourly,2026-08-17T18:48:05Z,2026-08-17T18:48:05Z,
45.229.85.229,ipv4,malicious-ip,medium,WHITE,ziyadnz/hourly-ipv4,ziyadnz|hourly,2026-08-17T18:48:05Z,2026-08-17T18:48:05Z,
45.229.85.230,ipv4,malicious-ip,medium,WHITE,ziyadnz/hourly-ipv4,ziyadnz|hourly,2026-08-17T18:48:05Z,2026-08-17T18:48:05Z,
45.229.86.12,ipv4,malicious-ip,medium,WHITE,ziyadnz/hourly-ipv4,ziyadnz|hourly,2026-08-17T18:48:05Z,2026-08-17T18:48:05Z,
45.229.91.34,ipv4,malicious-ip,medium,WHITE,ziyadnz/hourly-ipv4,ziyadnz|hourly,2026-08-17T18:48:05Z,2026-08-17T18:48:05Z,
45.229.96.38,ipv4,malicious-ip,medium,WHITE,ziyadnz/hourly-ipv4,ziyadnz|hourly,2026-08-17T18:48:05Z,2026-08-17T18:48:05Z,
45.230.194.242,ipv4,malicious-ip,medium,WHITE,ziyadnz/hourly-ipv4,ziyadnz|hourly,2026-08-17T18:48:05Z,2026-08-17T18:48:05Z,
45.230.27.46,ipv4,malicious-ip,medium,WHITE,ziyadnz/hourly-ipv4,ziyadnz|hourly,2026-08-17T18:48:05Z,2026-08-17T18:48:05Z,
45.230.27.93,ipv4,malicious-ip,medium,WHITE,ziyadnz/hourly-ipv4,ziyadnz|hourly,2026-08-17T18:48:05Z,2026-08-17T18:48:05Z,
45.230.38.219,ipv4,malicious-ip,medium,WHITE,ziyadnz/hourly-ipv4,ziyadnz|hourly,2026-08-17T18:48:05Z,2026-08-17T18:48:05Z,
45.230.39.100,ipv4,malicious-ip,medium,WHITE,ziyadnz/hourly-ipv4,ziyadnz|hourly,2026-08-17T18:48:05Z,2026-08-17T18:48:05Z,
45.230.39.104,ipv4,malicious-ip,medium,WHITE,ziyadnz/hourly-ipv4,ziyadnz|hourly,2026-08-17T18:48:05Z,2026-08-17T18:48:05Z,
45.230.65.180,ipv4,malicious-ip,medium,WHITE,ziyadnz/hourly-ipv4,ziyadnz|hourly,2026-08-17T18:48:05Z,2026-08-17T18:48:05Z,
45.230.67.134,ipv4,malicious-ip,medium,WHITE,ziyadnz/hourly-ipv4,ziyadnz|hourly,2026-08-17T18:48:05Z,2026-08-17T18:48:05Z,
45.230.77.29,ipv4,malicious-ip,medium,WHITE,ziyadnz/hourly-ipv4,ziyadnz|hourly,2026-08-17T18:48:05Z,2026-08-17T18:48:05Z,
45.230.8.187,ipv4,malicious-ip,medium,WHITE,ziyadnz/hourly-ipv4,ziyadnz|hourly,2026-08-17T18:48:05Z,2026-08-17T18:48:05Z,
45.230.80.17,ipv4,malicious-ip,medium,WHITE,ziyadnz/hourly-ipv4,ziyadnz|hourly,2026-08-17T18:48:05Z,2026-08-17T18:48:05Z,
45.231.116.119,ipv4,malicious-ip,medium,WHITE,ziyadnz/hourly-ipv4,ziyadnz|hourly,2026-08-17T18:48:05Z,2026-08-17T18:48:05Z,
45.231.145.15,ipv4,malicious-ip,medium,WHITE,ziyadnz/hourly-ipv4,ziyadnz|hourly,2026-08-17T18:48:05Z,2026-08-17T18:48:05Z,
45.231.201.51,ipv4,malicious-ip,medium,WHITE,ziyadnz/hourly-ipv4,ziyadnz|hourly,2026-08-17T18:48:05Z,2026-08-17T18:48:05Z,
45.231.203.99,ipv4,malicious-ip,medium,WHITE,ziyadnz/hourly-ipv4,ziyadnz|hourly,2026-08-17T18:48:05Z,2026-08-17T18:48:05Z,
45.231.237.216,ipv4,malicious-ip,medium,WHITE,ziyadnz/hourly-ipv4,ziyadnz|hourly,2026-08-17T18:48:05Z,2026-08-17T18:48:05Z,
45.231.254.176,ipv4,malicious-ip,medium,WHITE,ziyadnz/hourly-ipv4,ziyadnz|hourly,2026-08-17T18:48:05Z,2026-08-17T18:48:05Z,
45.231.35.2,ipv4,malicious-ip,medium,WHITE,ziyadnz/hourly-ipv4,ziyadnz|hourly,2026-08-17T18:48:05Z,2026-08-17T18:48:05Z,
45.231.5.114,ipv4,malicious-ip,medium,WHITE,ziyadnz/hourly-ipv4,ziyadnz|hourly,2026-08-17T18:48:05Z,2026-08-17T18:48:05Z,
45.231.74.210,ipv4,malicious-ip,medium,WHITE,ziyadnz/hourly-ipv4,ziyadnz|hourly,2026-08-17T18:48:05Z,2026-08-17T18:48:05Z,
45.232.124.193,ipv4,malicious-ip,medium,WHITE,ziyadnz/hourly-ipv4,ziyadnz|hourly,2026-08-17T18:48:05Z,2026-08-17T18:48:05Z,
45.232.176.251,ipv4,malicious-ip,medium,WHITE,ziyadnz/hourly-ipv4,ziyadnz|hourly,2026-08-17T18:48:05Z,2026-08-17T18:48:05Z,
45.232.224.189,ipv4,malicious-ip,medium,WHITE,ziyadnz/hourly-ipv4,ziyadnz|hourly,2026-08-17T18:48:05Z,2026-08-17T18:48:05Z,
45.232.64.160,ipv4,malicious-ip,medium,WHITE,ziyadnz/hourly-ipv4,ziyadnz|hourly,2026-08-17T18:48:05Z,2026-08-17T18:48:05Z,
45.232.65.142,ipv4,malicious-ip,medium,WHITE,ziyadnz/hourly-ipv4,ziyadnz|hourly,2026-08-17T18:48:05Z,2026-08-17T18:48:05Z,
45.232.75.125,ipv4,malicious-ip,medium,WHITE,ziyadnz/hourly-ipv4,ziyadnz|hourly,2026-08-17T18:48:05Z,2026-08-17T18:48:05Z,
45.233.112.248,ipv4,malicious-ip,medium,WHITE,ziyadnz/hourly-ipv4,ziyadnz|hourly,2026-08-17T18:48:05Z,2026-08-17T18:48:05Z,
45.233.113.182,ipv4,malicious-ip,medium,WHITE,ziyadnz/hourly-ipv4,ziyadnz|hourly,2026-08-17T18:48:05Z,2026-08-17T18:48:05Z,
45.233.132.252,ipv4,malicious-ip,medium,WHITE,ziyadnz/hourly-ipv4,ziyadnz|hourly,2026-08-17T18:48:05Z,2026-08-17T18:48:05Z,
45.233.152.81,ipv4,malicious-ip,medium,WHITE,ziyadnz/hourly-ipv4,ziyadnz|hourly,2026-08-17T18:48:05Z,2026-08-17T18:48:05Z,
45.233.159.23,ipv4,malicious-ip,medium,WHITE,ziyadnz/hourly-ipv4,ziyadnz|hourly,2026-08-17T18:48:05Z,2026-08-17T18:48:05Z,
45.233.210.1,ipv4,malicious-ip,medium,WHITE,ziyadnz/hourly-ipv4,ziyadnz|hourly,2026-08-17T18:48:05Z,2026-08-17T18:48:05Z,
45.233.218.160,ipv4,malicious-ip,medium,WHITE,ziyadnz/hourly-ipv4,ziyadnz|hourly,2026-08-17T18:48:05Z,2026-08-17T18:48:05Z,
45.233.26.67,ipv4,malicious-ip,medium,WHITE,ziyadnz/hourly-ipv4,ziyadnz|hourly,2026-08-17T18:48:05Z,2026-08-17T18:48:05Z,
45.233.39.193,ipv4,malicious-ip,medium,WHITE,ziyadnz/hourly-ipv4,ziyadnz|hourly,2026-08-17T18:48:05Z,2026-08-17T18:48:05Z,
45.233.48.125,ipv4,malicious-ip,medium,WHITE,ziyadnz/hourly-ipv4,ziyadnz|hourly,2026-08-17T18:48:05Z,2026-08-17T18:48:05Z,
45.233.51.51,ipv4,malicious-ip,medium,WHITE,ziyadnz/hourly-ipv4,ziyadnz|hourly,2026-08-17T18:48:05Z,2026-08-17T18:48:05Z,
45.233.91.9,ipv4,malicious-ip,medium,WHITE,ziyadnz/hourly-ipv4,ziyadnz|hourly,2026-08-17T18:48:05Z,2026-08-17T18:48:05Z,
45.234.103.40,ipv4,malicious-ip,medium,WHITE,ziyadnz/hourly-ipv4,ziyadnz|hourly,2026-08-17T18:48:05Z,2026-08-17T18:48:05Z,
45.234.111.220,ipv4,malicious-ip,medium,WHITE,ziyadnz/hourly-ipv4,ziyadnz|hourly,2026-08-17T18:48:05Z,2026-08-17T18:48:05Z,
45.234.116.33,ipv4,malicious-ip,medium,WHITE,ziyadnz/hourly-ipv4,ziyadnz|hourly,2026-08-17T18:48:05Z,2026-08-17T18:48:05Z,
45.234.116.97,ipv4,malicious-ip,medium,WHITE,ziyadnz/hourly-ipv4,ziyadnz|hourly,2026-08-17T18:48:05Z,2026-08-17T18:48:05Z,
45.234.171.20,ipv4,malicious-ip,medium,WHITE,ziyadnz/hourly-ipv4,ziyadnz|hourly,2026-08-17T18:48:05Z,2026-08-17T18:48:05Z,
45.234.176.202,ipv4,malicious-ip,medium,WHITE,ziyadnz/hourly-ipv4,ziyadnz|hourly,2026-08-17T18:48:05Z,2026-08-17T18:48:05Z,
45.234.19.188,ipv4,malicious-ip,medium,WHITE,ziyadnz/hourly-ipv4,ziyadnz|hourly,2026-08-17T18:48:05Z,2026-08-17T18:48:05Z,
45.234.202.163,ipv4,malicious-ip,medium,WHITE,ziyadnz/hourly-ipv4,ziyadnz|hourly,2026-08-17T18:48:05Z,2026-08-17T18:48:05Z,
45.234.207.199,ipv4,malicious-ip,medium,WHITE,ziyadnz/hourly-ipv4,ziyadnz|hourly,2026-08-17T18:48:05Z,2026-08-17T18:48:05Z,
45.234.207.236,ipv4,malicious-ip,medium,WHITE,ziyadnz/hourly-ipv4,ziyadnz|hourly,2026-08-17T18:48:05Z,2026-08-17T18:48:05Z,
45.234.227.117,ipv4,malicious-ip,medium,WHITE,ziyadnz/hourly-ipv4,ziyadnz|hourly,2026-08-17T18:48:05Z,2026-08-17T18:48:05Z,
45.234.228.49,ipv4,malicious-ip,medium,WHITE,ziyadnz/hourly-ipv4,ziyadnz|hourly,2026-08-17T18:48:05Z,2026-08-17T18:48:05Z,
45.234.244.186,ipv4,malicious-ip,medium,WHITE,ziyadnz/hourly-ipv4,ziyadnz|hourly,2026-08-17T18:48:05Z,2026-08-17T18:48:05Z,
45.234.34.213,ipv4,malicious-ip,medium,WHITE,ziyadnz/hourly-ipv4,ziyadnz|hourly,2026-08-17T18:48:05Z,2026-08-17T18:48:05Z,
45.234.60.51,ipv4,malicious-ip,medium,WHITE,ziyadnz/hourly-ipv4,ziyadnz|hourly,2026-08-17T18:48:05Z,2026-08-17T18:48:05Z,
45.234.72.152,ipv4,malicious-ip,medium,WHITE,ziyadnz/hourly-ipv4,ziyadnz|hourly,2026-08-17T18:48:05Z,2026-08-17T18:48:05Z,
45.235.122.140,ipv4,malicious-ip,medium,WHITE,ziyadnz/hourly-ipv4,ziyadnz|hourly,2026-08-17T18:48:05Z,2026-08-17T18:48:05Z,
45.235.131.66,ipv4,malicious-ip,medium,WHITE,ziyadnz/hourly-ipv4,ziyadnz|hourly,2026-08-17T18:48:05Z,2026-08-17T18:48:05Z,
45.235.160.152,ipv4,malicious-ip,medium,WHITE,ziyadnz/hourly-ipv4,ziyadnz|hourly,2026-08-17T18:48:05Z,2026-08-17T18:48:05Z,
45.235.209.161,ipv4,malicious-ip,medium,WHITE,ziyadnz/hourly-ipv4,ziyadnz|hourly,2026-08-17T18:48:05Z,2026-08-17T18:48:05Z,
45.235.211.230,ipv4,malicious-ip,medium,WHITE,ziyadnz/hourly-ipv4,ziyadnz|hourly,2026-08-17T18:48:05Z,2026-08-17T18:48:05Z,
45.235.221.155,ipv4,malicious-ip,medium,WHITE,ziyadnz/hourly-ipv4,ziyadnz|hourly,2026-08-17T18:48:05Z,2026-08-17T18:48:05Z,
45.235.221.247,ipv4,malicious-ip,medium,WHITE,ziyadnz/hourly-ipv4,ziyadnz|hourly,2026-08-17T18:48:05Z,2026-08-17T18:48:05Z,
45.235.229.120,ipv4,malicious-ip,medium,WHITE,ziyadnz/hourly-ipv4,ziyadnz|hourly,2026-08-17T18:48:05Z,2026-08-17T18:48:05Z,
45.235.38.227,ipv4,malicious-ip,medium,WHITE,ziyadnz/hourly-ipv4,ziyadnz|hourly,2026-08-17T18:48:05Z,2026-08-17T18:48:05Z,
45.236.134.151,ipv4,malicious-ip,medium,WHITE,ziyadnz/hourly-ipv4,ziyadnz|hourly,2026-08-17T18:48:05Z,2026-08-17T18:48:05Z,
45.236.144.201,ipv4,malicious-ip,medium,WHITE,ziyadnz/hourly-ipv4,ziyadnz|hourly,2026-08-17T18:48:05Z,2026-08-17T18:48:05Z,
45.236.162.140,ipv4,malicious-ip,medium,WHITE,ziyadnz/hourly-ipv4,ziyadnz|hourly,2026-08-17T18:48:05Z,2026-08-17T18:48:05Z,
45.236.190.185,ipv4,malicious-ip,medium,WHITE,ziyadnz/hourly-ipv4,ziyadnz|hourly,2026-08-17T18:48:05Z,2026-08-17T18:48:05Z,
45.236.226.115,ipv4,malicious-ip,medium,WHITE,ziyadnz/hourly-ipv4,ziyadnz|hourly,2026-08-17T18:48:05Z,2026-08-17T18:48:05Z,
45.236.227.198,ipv4,malicious-ip,medium,WHITE,ziyadnz/hourly-ipv4,ziyadnz|hourly,2026-08-17T18:48:05Z,2026-08-17T18:48:05Z,
45.236.251.136,ipv4,malicious-ip,medium,WHITE,ziyadnz/hourly-ipv4,ziyadnz|hourly,2026-08-17T18:48:05Z,2026-08-17T18:48:05Z,
45.236.90.38,ipv4,malicious-ip,medium,WHITE,ziyadnz/hourly-ipv4,ziyadnz|hourly,2026-08-17T18:48:05Z,2026-08-17T18:48:05Z,
45.236.98.145,ipv4,malicious-ip,medium,WHITE,ziyadnz/hourly-ipv4,ziyadnz|hourly,2026-08-17T18:48:05Z,2026-08-17T18:48:05Z,
45.237.101.241,ipv4,malicious-ip,medium,WHITE,ziyadnz/hourly-ipv4,ziyadnz|hourly,2026-08-17T18:48:05Z,2026-08-17T18:48:05Z,
45.237.110.137,ipv4,malicious-ip,medium,WHITE,ziyadnz/hourly-ipv4,ziyadnz|hourly,2026-08-17T18:48:05Z,2026-08-17T18:48:05Z,
45.237.110.19,ipv4,malicious-ip,medium,WHITE,ziyadnz/hourly-ipv4,ziyadnz|hourly,2026-08-17T18:48:05Z,2026-08-17T18:48:05Z,
45.237.110.8,ipv4,malicious-ip,medium,WHITE,ziyadnz/hourly-ipv4,ziyadnz|hourly,2026-08-17T18:48:05Z,2026-08-17T18:48:05Z,
45.237.121.80,ipv4,malicious-ip,medium,WHITE,ziyadnz/hourly-ipv4,ziyadnz|hourly,2026-08-17T18:48:05Z,2026-08-17T18:48:05Z,
45.237.165.184,ipv4,malicious-ip,medium,WHITE,ziyadnz/hourly-ipv4,ziyadnz|hourly,2026-08-17T18:48:05Z,2026-08-17T18:48:05Z,
45.237.165.211,ipv4,malicious-ip,medium,WHITE,ziyadnz/hourly-ipv4,ziyadnz|hourly,2026-08-17T18:48:05Z,2026-08-17T18:48:05Z,
45.237.177.126,ipv4,malicious-ip,medium,WHITE,ziyadnz/hourly-ipv4,ziyadnz|hourly,2026-08-17T18:48:05Z,2026-08-17T18:48:05Z,
45.237.183.35,ipv4,malicious-ip,medium,WHITE,ziyadnz/hourly-ipv4,ziyadnz|hourly,2026-08-17T18:48:05Z,2026-08-17T18:48:05Z,
45.237.227.144,ipv4,malicious-ip,medium,WHITE,ziyadnz/hourly-ipv4,ziyadnz|hourly,2026-08-17T18:48:05Z,2026-08-17T18:48:05Z,
45.237.227.148,ipv4,malicious-ip,medium,WHITE,ziyadnz/hourly-ipv4,ziyadnz|hourly,2026-08-17T18:48:05Z,2026-08-17T18:48:05Z,
45.237.227.151,ipv4,malicious-ip,medium,WHITE,ziyadnz/hourly-ipv4,ziyadnz|hourly,2026-08-17T18:48:05Z,2026-08-17T18:48:05Z,
45.237.227.154,ipv4,malicious-ip,medium,WHITE,ziyadnz/hourly-ipv4,ziyadnz|hourly,2026-08-17T18:48:05Z,2026-08-17T18:48:05Z,
45.237.238.133,ipv4,malicious-ip,medium,WHITE,ziyadnz/hourly-ipv4,ziyadnz|hourly,2026-08-17T18:48:05Z,2026-08-17T18:48:05Z,
45.237.238.165,ipv4,malicious-ip,medium,WHITE,ziyadnz/hourly-ipv4,ziyadnz|hourly,2026-08-17T18:48:05Z,2026-08-17T18:48:05Z,
45.238.103.237,ipv4,malicious-ip,medium,WHITE,ziyadnz/hourly-ipv4,ziyadnz|hourly,2026-08-17T18:48:05Z,2026-08-17T18:48:05Z,
45.238.105.135,ipv4,malicious-ip,medium,WHITE,ziyadnz/hourly-ipv4,ziyadnz|hourly,2026-08-17T18:48:05Z,2026-08-17T18:48:05Z,
45.238.105.149,ipv4,malicious-ip,medium,WHITE,ziyadnz/hourly-ipv4,ziyadnz|hourly,2026-08-17T18:48:05Z,2026-08-17T18:48:05Z,
45.238.106.0,ipv4,malicious-ip,medium,WHITE,ziyadnz/hourly-ipv4,ziyadnz|hourly,2026-08-17T18:48:05Z,2026-08-17T18:48:05Z,
45.238.106.129,ipv4,malicious-ip,medium,WHITE,ziyadnz/hourly-ipv4,ziyadnz|hourly,2026-08-17T18:48:05Z,2026-08-17T18:48:05Z,
45.238.106.133,ipv4,malicious-ip,medium,WHITE,ziyadnz/hourly-ipv4,ziyadnz|hourly,2026-08-17T18:48:05Z,2026-08-17T18:48:05Z,
45.238.106.150,ipv4,malicious-ip,medium,WHITE,ziyadnz/hourly-ipv4,ziyadnz|hourly,2026-08-17T18:48:05Z,2026-08-17T18:48:05Z,
45.238.106.158,ipv4,malicious-ip,medium,WHITE,ziyadnz/hourly-ipv4,ziyadnz|hourly,2026-08-17T18:48:05Z,2026-08-17T18:48:05Z,
45.238.106.159,ipv4,malicious-ip,medium,WHITE,ziyadnz/hourly-ipv4,ziyadnz|hourly,2026-08-17T18:48:05Z,2026-08-17T18:48:05Z,
45.238.106.166,ipv4,malicious-ip,medium,WHITE,ziyadnz/hourly-ipv4,ziyadnz|hourly,2026-08-17T18:48:05Z,2026-08-17T18:48:05Z,
45.238.106.170,ipv4,malicious-ip,medium,WHITE,ziyadnz/hourly-ipv4,ziyadnz|hourly,2026-08-17T18:48:05Z,2026-08-17T18:48:05Z,
45.238.106.183,ipv4,malicious-ip,medium,WHITE,ziyadnz/hourly-ipv4,ziyadnz|hourly,2026-08-17T18:48:05Z,2026-08-17T18:48:05Z,
45.238.107.104,ipv4,malicious-ip,medium,WHITE,ziyadnz/hourly-ipv4,ziyadnz|hourly,2026-08-17T18:48:05Z,2026-08-17T18:48:05Z,
45.238.107.76,ipv4,malicious-ip,medium,WHITE,ziyadnz/hourly-ipv4,ziyadnz|hourly,2026-08-17T18:48:05Z,2026-08-17T18:48:05Z,
45.238.131.163,ipv4,malicious-ip,medium,WHITE,ziyadnz/hourly-ipv4,ziyadnz|hourly,2026-08-17T18:48:05Z,2026-08-17T18:48:05Z,
45.238.134.174,ipv4,malicious-ip,medium,WHITE,ziyadnz/hourly-ipv4,ziyadnz|hourly,2026-08-17T18:48:05Z,2026-08-17T18:48:05Z,
45.238.141.14,ipv4,malicious-ip,medium,WHITE,ziyadnz/hourly-ipv4,ziyadnz|hourly,2026-08-17T18:48:05Z,2026-08-17T18:48:05Z,
45.238.189.114,ipv4,malicious-ip,medium,WHITE,ziyadnz/hourly-ipv4,ziyadnz|hourly,2026-08-17T18:48:05Z,2026-08-17T18:48:05Z,
45.238.191.9,ipv4,malicious-ip,medium,WHITE,ziyadnz/hourly-ipv4,ziyadnz|hourly,2026-08-17T18:48:05Z,2026-08-17T18:48:05Z,
45.238.2.0,ipv4,malicious-ip,medium,WHITE,ziyadnz/hourly-ipv4,ziyadnz|hourly,2026-08-17T18:48:05Z,2026-08-17T18:48:05Z,
45.238.2.188,ipv4,malicious-ip,medium,WHITE,ziyadnz/hourly-ipv4,ziyadnz|hourly,2026-08-17T18:48:05Z,2026-08-17T18:48:05Z,
45.238.2.40,ipv4,malicious-ip,medium,WHITE,ziyadnz/hourly-ipv4,ziyadnz|hourly,2026-08-17T18:48:05Z,2026-08-17T18:48:05Z,
45.238.2.72,ipv4,malicious-ip,medium,WHITE,ziyadnz/hourly-ipv4,ziyadnz|hourly,2026-08-17T18:48:05Z,2026-08-17T18:48:05Z,
45.238.2.74,ipv4,malicious-ip,medium,WHITE,ziyadnz/hourly-ipv4,ziyadnz|hourly,2026-08-17T18:48:05Z,2026-08-17T18:48:05Z,
45.238.2.93,ipv4,malicious-ip,medium,WHITE,ziyadnz/hourly-ipv4,ziyadnz|hourly,2026-08-17T18:48:05Z,2026-08-17T18:48:05Z,
45.238.20.212,ipv4,malicious-ip,medium,WHITE,ziyadnz/hourly-ipv4,ziyadnz|hourly,2026-08-17T18:48:05Z,2026-08-17T18:48:05Z,
45.238.201.193,ipv4,malicious-ip,medium,WHITE,ziyadnz/hourly-ipv4,ziyadnz|hourly,2026-08-17T18:48:05Z,2026-08-17T18:48:05Z,
45.238.202.187,ipv4,malicious-ip,medium,WHITE,ziyadnz/hourly-ipv4,ziyadnz|hourly,2026-08-17T18:48:05Z,2026-08-17T18:48:05Z,
45.238.203.121,ipv4,malicious-ip,medium,WHITE,ziyadnz/hourly-ipv4,ziyadnz|hourly,2026-08-17T18:48:05Z,2026-08-17T18:48:05Z,
45.238.220.109,ipv4,malicious-ip,medium,WHITE,ziyadnz/hourly-ipv4,ziyadnz|hourly,2026-08-17T18:48:05Z,2026-08-17T18:48:05Z,
45.238.255.76,ipv4,malicious-ip,medium,WHITE,ziyadnz/hourly-ipv4,ziyadnz|hourly,2026-08-17T18:48:05Z,2026-08-17T18:48:05Z,
45.238.43.171,ipv4,malicious-ip,medium,WHITE,ziyadnz/hourly-ipv4,ziyadnz|hourly,2026-08-17T18:48:05Z,2026-08-17T18:48:05Z,
45.238.43.176,ipv4,malicious-ip,medium,WHITE,ziyadnz/hourly-ipv4,ziyadnz|hourly,2026-08-17T18:48:05Z,2026-08-17T18:48:05Z,
45.238.5.136,ipv4,malicious-ip,medium,WHITE,ziyadnz/hourly-ipv4,ziyadnz|hourly,2026-08-17T18:48:05Z,2026-08-17T18:48:05Z,
45.238.52.84,ipv4,malicious-ip,medium,WHITE,ziyadnz/hourly-ipv4,ziyadnz|hourly,2026-08-17T18:48:05Z,2026-08-17T18:48:05Z,
45.238.52.87,ipv4,malicious-ip,medium,WHITE,ziyadnz/hourly-ipv4,ziyadnz|hourly,2026-08-17T18:48:05Z,2026-08-17T18:48:05Z,
45.238.55.66,ipv4,malicious-ip,medium,WHITE,ziyadnz/hourly-ipv4,ziyadnz|hourly,2026-08-17T18:48:05Z,2026-08-17T18:48:05Z,
45.238.78.179,ipv4,malicious-ip,medium,WHITE,ziyadnz/hourly-ipv4,ziyadnz|hourly,2026-08-17T18:48:05Z,2026-08-17T18:48:05Z,
45.238.95.129,ipv4,malicious-ip,medium,WHITE,ziyadnz/hourly-ipv4,ziyadnz|hourly,2026-08-17T18:48:05Z,2026-08-17T18:48:05Z,
45.239.144.86,ipv4,malicious-ip,medium,WHITE,ziyadnz/hourly-ipv4,ziyadnz|hourly,2026-08-17T18:48:05Z,2026-08-17T18:48:05Z,
45.239.159.47,ipv4,malicious-ip,medium,WHITE,ziyadnz/hourly-ipv4,ziyadnz|hourly,2026-08-17T18:48:05Z,2026-08-17T18:48:05Z,
45.239.211.197,ipv4,malicious-ip,medium,WHITE,ziyadnz/hourly-ipv4,ziyadnz|hourly,2026-08-17T18:48:05Z,2026-08-17T18:48:05Z,
45.239.238.86,ipv4,malicious-ip,medium,WHITE,ziyadnz/hourly-ipv4,ziyadnz|hourly,2026-08-17T18:48:05Z,2026-08-17T18:48:05Z,
45.239.254.99,ipv4,malicious-ip,medium,WHITE,ziyadnz/hourly-ipv4,ziyadnz|hourly,2026-08-17T18:48:05Z,2026-08-17T18:48:05Z,
45.239.26.214,ipv4,malicious-ip,medium,WHITE,ziyadnz/hourly-ipv4,ziyadnz|hourly,2026-08-17T18:48:05Z,2026-08-17T18:48:05Z,
45.239.32.213,ipv4,malicious-ip,medium,WHITE,ziyadnz/hourly-ipv4,ziyadnz|hourly,2026-08-17T18:48:05Z,2026-08-17T18:48:05Z,
45.239.32.217,ipv4,malicious-ip,medium,WHITE,ziyadnz/hourly-ipv4,ziyadnz|hourly,2026-08-17T18:48:05Z,2026-08-17T18:48:05Z,
45.239.46.109,ipv4,malicious-ip,medium,WHITE,ziyadnz/hourly-ipv4,ziyadnz|hourly,2026-08-17T18:48:05Z,2026-08-17T18:48:05Z,
45.239.62.163,ipv4,malicious-ip,medium,WHITE,ziyadnz/hourly-ipv4,ziyadnz|hourly,2026-08-17T18:48:05Z,2026-08-17T18:48:05Z,
45.240.88.134,ipv4,malicious-ip,medium,WHITE,ziyadnz/hourly-ipv4,ziyadnz|hourly,2026-08-17T18:48:05Z,2026-08-17T18:48:05Z,
45.241.254.69,ipv4,malicious-ip,medium,WHITE,ziyadnz/hourly-ipv4,ziyadnz|hourly,2026-08-17T18:48:05Z,2026-08-17T18:48:05Z,
45.245.56.61,ipv4,malicious-ip,medium,WHITE,ziyadnz/hourly-ipv4,ziyadnz|hourly,2026-08-17T18:48:05Z,2026-08-17T18:48:05Z,
45.247.25.155,ipv4,malicious-ip,medium,WHITE,ziyadnz/hourly-ipv4,ziyadnz|hourly,2026-08-17T18:48:05Z,2026-08-17T18:48:05Z,
45.248.122.75,ipv4,malicious-ip,medium,WHITE,ziyadnz/hourly-ipv4,ziyadnz|hourly,2026-08-17T18:48:05Z,2026-08-17T18:48:05Z,
45.248.156.122,ipv4,malicious-ip,medium,WHITE,ziyadnz/hourly-ipv4,ziyadnz|hourly,2026-08-17T18:48:05Z,2026-08-17T18:48:05Z,
45.248.163.114,ipv4,malicious-ip,medium,WHITE,ziyadnz/hourly-ipv4,ziyadnz|hourly,2026-08-17T18:48:05Z,2026-08-17T18:48:05Z,
45.248.163.57,ipv4,malicious-ip,medium,WHITE,ziyadnz/hourly-ipv4,ziyadnz|hourly,2026-08-17T18:48:05Z,2026-08-17T18:48:05Z,
45.248.66.108,ipv4,malicious-ip,medium,WHITE,ziyadnz/hourly-ipv4,ziyadnz|hourly,2026-08-17T18:48:05Z,2026-08-17T18:48:05Z,
45.249.244.136,ipv4,malicious-ip,medium,WHITE,ziyadnz/hourly-ipv4,ziyadnz|hourly,2026-08-17T18:48:05Z,2026-08-17T18:48:05Z,
45.249.244.231,ipv4,malicious-ip,medium,WHITE,ziyadnz/hourly-ipv4,ziyadnz|hourly,2026-08-17T18:48:05Z,2026-08-17T18:48:05Z,
45.249.245.173,ipv4,malicious-ip,medium,WHITE,ziyadnz/hourly-ipv4,ziyadnz|hourly,2026-08-17T18:48:05Z,2026-08-17T18:48:05Z,
45.249.246.120,ipv4,malicious-ip,medium,WHITE,ziyadnz/hourly-ipv4,ziyadnz|hourly,2026-08-17T18:48:05Z,2026-08-17T18:48:05Z,
45.249.246.17,ipv4,malicious-ip,medium,WHITE,ziyadnz/hourly-ipv4,ziyadnz|hourly,2026-08-17T18:48:05Z,2026-08-17T18:48:05Z,
45.249.247.109,ipv4,malicious-ip,medium,WHITE,ziyadnz/hourly-ipv4,ziyadnz|hourly,2026-08-17T18:48:05Z,2026-08-17T18:48:05Z,
45.249.247.165,ipv4,malicious-ip,medium,WHITE,ziyadnz/hourly-ipv4,ziyadnz|hourly,2026-08-17T18:48:05Z,2026-08-17T18:48:05Z,
45.249.247.45,ipv4,malicious-ip,medium,WHITE,ziyadnz/hourly-ipv4,ziyadnz|hourly,2026-08-17T18:48:05Z,2026-08-17T18:48:05Z,
45.249.247.86,ipv4,malicious-ip,medium,WHITE,ziyadnz/hourly-ipv4,ziyadnz|hourly,2026-08-17T18:48:05Z,2026-08-17T18:48:05Z,
45.249.76.75,ipv4,malicious-ip,medium,WHITE,ziyadnz/hourly-ipv4,ziyadnz|hourly,2026-08-17T18:48:05Z,2026-08-17T18:48:05Z,
45.249.84.27,ipv4,malicious-ip,medium,WHITE,ziyadnz/hourly-ipv4,ziyadnz|hourly,2026-08-17T18:48:05Z,2026-08-17T18:48:05Z,
45.249.90.214,ipv4,malicious-ip,medium,WHITE,ziyadnz/hourly-ipv4,ziyadnz|hourly,2026-08-17T18:48:05Z,2026-08-17T18:48:05Z,
45.250.251.38,ipv4,malicious-ip,medium,WHITE,ziyadnz/hourly-ipv4,ziyadnz|hourly,2026-08-17T18:48:05Z,2026-08-17T18:48:05Z,
45.250.44.74,ipv4,malicious-ip,medium,WHITE,ziyadnz/hourly-ipv4,ziyadnz|hourly,2026-08-17T18:48:05Z,2026-08-17T18:48:05Z,
45.251.14.219,ipv4,malicious-ip,medium,WHITE,ziyadnz/hourly-ipv4,ziyadnz|hourly,2026-08-17T18:48:05Z,2026-08-17T18:48:05Z,
45.251.14.40,ipv4,malicious-ip,medium,WHITE,ziyadnz/hourly-ipv4,ziyadnz|hourly,2026-08-17T18:48:05Z,2026-08-17T18:48:05Z,
45.251.232.27,ipv4,malicious-ip,medium,WHITE,ziyadnz/hourly-ipv4,ziyadnz|hourly,2026-08-17T18:48:05Z,2026-08-17T18:48:05Z,
45.251.232.74,ipv4,malicious-ip,medium,WHITE,ziyadnz/hourly-ipv4,ziyadnz|hourly,2026-08-17T18:48:05Z,2026-08-17T18:48:05Z,
45.251.241.12,ipv4,malicious-ip,medium,WHITE,ziyadnz/hourly-ipv4,ziyadnz|hourly,2026-08-17T18:48:05Z,2026-08-17T18:48:05Z,
45.251.71.61,ipv4,malicious-ip,medium,WHITE,ziyadnz/hourly-ipv4,ziyadnz|hourly,2026-08-17T18:48:05Z,2026-08-17T18:48:05Z,
45.252.250.119,ipv4,malicious-ip,medium,WHITE,ziyadnz/hourly-ipv4,ziyadnz|hourly,2026-08-17T18:48:05Z,2026-08-17T18:48:05Z,
45.252.74.53,ipv4,malicious-ip,medium,WHITE,ziyadnz/hourly-ipv4,ziyadnz|hourly,2026-08-17T18:48:05Z,2026-08-17T18:48:05Z,
45.3.32.125,ipv4,malicious-ip,medium,WHITE,ziyadnz/hourly-ipv4,ziyadnz|hourly,2026-08-17T18:48:05Z,2026-08-17T18:48:05Z,
45.3.34.28,ipv4,malicious-ip,medium,WHITE,ziyadnz/hourly-ipv4,ziyadnz|hourly,2026-08-17T18:48:05Z,2026-08-17T18:48:05Z,
45.3.39.25,ipv4,malicious-ip,medium,WHITE,ziyadnz/hourly-ipv4,ziyadnz|hourly,2026-08-17T18:48:05Z,2026-08-17T18:48:05Z,
45.3.42.2,ipv4,malicious-ip,medium,WHITE,ziyadnz/hourly-ipv4,ziyadnz|hourly,2026-08-17T18:48:05Z,2026-08-17T18:48:05Z,
45.3.42.239,ipv4,malicious-ip,medium,WHITE,ziyadnz/hourly-ipv4,ziyadnz|hourly,2026-08-17T18:48:05Z,2026-08-17T18:48:05Z,
45.3.42.34,ipv4,malicious-ip,medium,WHITE,ziyadnz/hourly-ipv4,ziyadnz|hourly,2026-08-17T18:48:05Z,2026-08-17T18:48:05Z,
45.3.45.42,ipv4,malicious-ip,medium,WHITE,ziyadnz/hourly-ipv4,ziyadnz|hourly,2026-08-17T18:48:05Z,2026-08-17T18:48:05Z,
45.3.46.224,ipv4,malicious-ip,medium,WHITE,ziyadnz/hourly-ipv4,ziyadnz|hourly,2026-08-17T18:48:05Z,2026-08-17T18:48:05Z,
45.3.50.26,ipv4,malicious-ip,medium,WHITE,ziyadnz/hourly-ipv4,ziyadnz|hourly,2026-08-17T18:48:05Z,2026-08-17T18:48:05Z,
45.3.51.1,ipv4,malicious-ip,medium,WHITE,ziyadnz/hourly-ipv4,ziyadnz|hourly,2026-08-17T18:48:05Z,2026-08-17T18:48:05Z,
45.3.52.133,ipv4,malicious-ip,medium,WHITE,ziyadnz/hourly-ipv4,ziyadnz|hourly,2026-08-17T18:48:05Z,2026-08-17T18:48:05Z,
45.3.53.135,ipv4,malicious-ip,medium,WHITE,ziyadnz/hourly-ipv4,ziyadnz|hourly,2026-08-17T18:48:05Z,2026-08-17T18:48:05Z,
45.30.40.192,ipv4,malicious-ip,medium,WHITE,ziyadnz/hourly-ipv4,ziyadnz|hourly,2026-08-17T18:48:05Z,2026-08-17T18:48:05Z,
45.31.64.192,ipv4,malicious-ip,medium,WHITE,ziyadnz/hourly-ipv4,ziyadnz|hourly,2026-08-17T18:48:05Z,2026-08-17T18:48:05Z,
45.32.101.191,ipv4,malicious-ip,medium,WHITE,ziyadnz/hourly-ipv4,ziyadnz|hourly,2026-08-17T18:48:05Z,2026-08-17T18:48:05Z,
45.32.101.7,ipv4,malicious-ip,medium,WHITE,ziyadnz/hourly-ipv4,ziyadnz|hourly,2026-08-17T18:48:05Z,2026-08-17T18:48:05Z,
45.32.106.94,ipv4,malicious-ip,medium,WHITE,ziyadnz/hourly-ipv4,ziyadnz|hourly,2026-08-17T18:48:05Z,2026-08-17T18:48:05Z,
45.32.108.178,ipv4,malicious-ip,medium,WHITE,ziyadnz/hourly-ipv4,ziyadnz|hourly,2026-08-17T18:48:05Z,2026-08-17T18:48:05Z,
45.32.108.54,ipv4,malicious-ip,medium,WHITE,ziyadnz/hourly-ipv4,ziyadnz|hourly,2026-08-17T18:48:05Z,2026-08-17T18:48:05Z,
45.32.113.172,ipv4,malicious-ip,medium,WHITE,ziyadnz/hourly-ipv4,ziyadnz|hourly,2026-08-17T18:48:05Z,2026-08-17T18:48:05Z,
45.32.116.146,ipv4,malicious-ip,medium,WHITE,ziyadnz/hourly-ipv4,ziyadnz|hourly,2026-08-17T18:48:05Z,2026-08-17T18:48:05Z,
45.32.120.181,ipv4,malicious-ip,medium,WHITE,ziyadnz/hourly-ipv4,ziyadnz|hourly,2026-08-17T18:48:05Z,2026-08-17T18:48:05Z,
45.32.126.137,ipv4,malicious-ip,medium,WHITE,ziyadnz/hourly-ipv4,ziyadnz|hourly,2026-08-17T18:48:05Z,2026-08-17T18:48:05Z,
45.32.126.94,ipv4,malicious-ip,medium,WHITE,ziyadnz/hourly-ipv4,ziyadnz|hourly,2026-08-17T18:48:05Z,2026-08-17T18:48:05Z,
45.32.127.121,ipv4,malicious-ip,medium,WHITE,ziyadnz/hourly-ipv4,ziyadnz|hourly,2026-08-17T18:48:05Z,2026-08-17T18:48:05Z,
45.32.13.180,ipv4,malicious-ip,medium,WHITE,ziyadnz/hourly-ipv4,ziyadnz|hourly,2026-08-17T18:48:05Z,2026-08-17T18:48:05Z,
45.32.132.166,ipv4,malicious-ip,medium,WHITE,ziyadnz/hourly-ipv4,ziyadnz|hourly,2026-08-17T18:48:05Z,2026-08-17T18:48:05Z,
45.32.141.138,ipv4,malicious-ip,medium,WHITE,ziyadnz/hourly-ipv4,ziyadnz|hourly,2026-08-17T18:48:05Z,2026-08-17T18:48:05Z,
45.32.150.251,ipv4,malicious-ip,medium,WHITE,ziyadnz/hourly-ipv4,ziyadnz|hourly,2026-08-17T18:48:05Z,2026-08-17T18:48:05Z,
45.32.151.157,ipv4,malicious-ip,medium,WHITE,ziyadnz/hourly-ipv4,ziyadnz|hourly,2026-08-17T18:48:05Z,2026-08-17T18:48:05Z,
45.32.152.50,ipv4,malicious-ip,medium,WHITE,ziyadnz/hourly-ipv4,ziyadnz|hourly,2026-08-17T18:48:05Z,2026-08-17T18:48:05Z,
45.32.153.218,ipv4,malicious-ip,medium,WHITE,ziyadnz/hourly-ipv4,ziyadnz|hourly,2026-08-17T18:48:05Z,2026-08-17T18:48:05Z,
45.32.158.54,ipv4,malicious-ip,medium,WHITE,ziyadnz/hourly-ipv4,ziyadnz|hourly,2026-08-17T18:48:05Z,2026-08-17T18:48:05Z,
45.32.174.131,ipv4,malicious-ip,medium,WHITE,ziyadnz/hourly-ipv4,ziyadnz|hourly,2026-08-17T18:48:05Z,2026-08-17T18:48:05Z,
45.32.193.13,ipv4,malicious-ip,medium,WHITE,ziyadnz/hourly-ipv4,ziyadnz|hourly,2026-08-17T18:48:05Z,2026-08-17T18:48:05Z,
45.32.206.169,ipv4,malicious-ip,medium,WHITE,ziyadnz/hourly-ipv4,ziyadnz|hourly,2026-08-17T18:48:05Z,2026-08-17T18:48:05Z,
45.32.210.151,ipv4,malicious-ip,medium,WHITE,ziyadnz/hourly-ipv4,ziyadnz|hourly,2026-08-17T18:48:05Z,2026-08-17T18:48:05Z,
45.32.212.196,ipv4,malicious-ip,medium,WHITE,ziyadnz/hourly-ipv4,ziyadnz|hourly,2026-08-17T18:48:05Z,2026-08-17T18:48:05Z,
45.32.22.62,ipv4,malicious-ip,medium,WHITE,ziyadnz/hourly-ipv4,ziyadnz|hourly,2026-08-17T18:48:05Z,2026-08-17T18:48:05Z,
45.32.221.250,ipv4,malicious-ip,medium,WHITE,ziyadnz/hourly-ipv4,ziyadnz|hourly,2026-08-17T18:48:05Z,2026-08-17T18:48:05Z,
45.32.228.189,ipv4,malicious-ip,medium,WHITE,ziyadnz/hourly-ipv4,ziyadnz|hourly,2026-08-17T18:48:05Z,2026-08-17T18:48:05Z,
45.32.228.190,ipv4,malicious-ip,medium,WHITE,ziyadnz/hourly-ipv4,ziyadnz|hourly,2026-08-17T18:48:05Z,2026-08-17T18:48:05Z,
45.32.231.212,ipv4,malicious-ip,medium,WHITE,ziyadnz/hourly-ipv4,ziyadnz|hourly,2026-08-17T18:48:05Z,2026-08-17T18:48:05Z,
45.32.24.80,ipv4,malicious-ip,medium,WHITE,ziyadnz/hourly-ipv4,ziyadnz|hourly,2026-08-17T18:48:05Z,2026-08-17T18:48:05Z,
45.32.41.202,ipv4,malicious-ip,medium,WHITE,ziyadnz/hourly-ipv4,ziyadnz|hourly,2026-08-17T18:48:05Z,2026-08-17T18:48:05Z,
45.32.63.2,ipv4,malicious-ip,medium,WHITE,ziyadnz/hourly-ipv4,ziyadnz|hourly,2026-08-17T18:48:05Z,2026-08-17T18:48:05Z,
45.32.69.11,ipv4,malicious-ip,medium,WHITE,ziyadnz/hourly-ipv4,ziyadnz|hourly,2026-08-17T18:48:05Z,2026-08-17T18:48:05Z,
45.32.88.250,ipv4,malicious-ip,medium,WHITE,ziyadnz/hourly-ipv4,ziyadnz|hourly,2026-08-17T18:48:05Z,2026-08-17T18:48:05Z,
45.33.100.245,ipv4,malicious-ip,medium,WHITE,ziyadnz/hourly-ipv4,ziyadnz|hourly,2026-08-17T18:48:05Z,2026-08-17T18:48:05Z,
45.33.105.182,ipv4,malicious-ip,medium,WHITE,ziyadnz/hourly-ipv4,ziyadnz|hourly,2026-08-17T18:48:05Z,2026-08-17T18:48:05Z,
45.33.105.76,ipv4,malicious-ip,medium,WHITE,ziyadnz/hourly-ipv4,ziyadnz|hourly,2026-08-17T18:48:05Z,2026-08-17T18:48:05Z,
45.33.109.17,ipv4,malicious-ip,medium,WHITE,ziyadnz/hourly-ipv4,ziyadnz|hourly,2026-08-17T18:48:05Z,2026-08-17T18:48:05Z,
45.33.110.79,ipv4,malicious-ip,medium,WHITE,ziyadnz/hourly-ipv4,ziyadnz|hourly,2026-08-17T18:48:05Z,2026-08-17T18:48:05Z,
45.33.113.173,ipv4,malicious-ip,medium,WHITE,ziyadnz/hourly-ipv4,ziyadnz|hourly,2026-08-17T18:48:05Z,2026-08-17T18:48:05Z,
45.33.113.96,ipv4,malicious-ip,medium,WHITE,ziyadnz/hourly-ipv4,ziyadnz|hourly,2026-08-17T18:48:05Z,2026-08-17T18:48:05Z,
45.33.12.231,ipv4,malicious-ip,medium,WHITE,ziyadnz/hourly-ipv4,ziyadnz|hourly,2026-08-17T18:48:05Z,2026-08-17T18:48:05Z,
45.33.125.75,ipv4,malicious-ip,medium,WHITE,ziyadnz/hourly-ipv4,ziyadnz|hourly,2026-08-17T18:48:05Z,2026-08-17T18:48:05Z,
45.33.13.181,ipv4,malicious-ip,medium,WHITE,ziyadnz/hourly-ipv4,ziyadnz|hourly,2026-08-17T18:48:05Z,2026-08-17T18:48:05Z,
45.33.16.187,ipv4,malicious-ip,medium,WHITE,ziyadnz/hourly-ipv4,ziyadnz|hourly,2026-08-17T18:48:05Z,2026-08-17T18:48:05Z,
45.33.20.42,ipv4,malicious-ip,medium,WHITE,ziyadnz/hourly-ipv4,ziyadnz|hourly,2026-08-17T18:48:05Z,2026-08-17T18:48:05Z,
45.33.28.47,ipv4,malicious-ip,medium,WHITE,ziyadnz/hourly-ipv4,ziyadnz|hourly,2026-08-17T18:48:05Z,2026-08-17T18:48:05Z,
45.33.33.130,ipv4,malicious-ip,medium,WHITE,ziyadnz/hourly-ipv4,ziyadnz|hourly,2026-08-17T18:48:05Z,2026-08-17T18:48:05Z,
45.33.33.38,ipv4,malicious-ip,medium,WHITE,ziyadnz/hourly-ipv4,ziyadnz|hourly,2026-08-17T18:48:05Z,2026-08-17T18:48:05Z,
45.33.40.18,ipv4,malicious-ip,medium,WHITE,ziyadnz/hourly-ipv4,ziyadnz|hourly,2026-08-17T18:48:05Z,2026-08-17T18:48:05Z,
45.33.42.25,ipv4,malicious-ip,medium,WHITE,ziyadnz/hourly-ipv4,ziyadnz|hourly,2026-08-17T18:48:05Z,2026-08-17T18:48:05Z,
45.33.46.249,ipv4,malicious-ip,medium,WHITE,ziyadnz/hourly-ipv4,ziyadnz|hourly,2026-08-17T18:48:05Z,2026-08-17T18:48:05Z,
45.33.5.69,ipv4,malicious-ip,medium,WHITE,ziyadnz/hourly-ipv4,ziyadnz|hourly,2026-08-17T18:48:05Z,2026-08-17T18:48:05Z,
45.33.5.92,ipv4,malicious-ip,medium,WHITE,ziyadnz/hourly-ipv4,ziyadnz|hourly,2026-08-17T18:48:05Z,2026-08-17T18:48:05Z,
45.33.50.24,ipv4,malicious-ip,medium,WHITE,ziyadnz/hourly-ipv4,ziyadnz|hourly,2026-08-17T18:48:05Z,2026-08-17T18:48:05Z,
45.33.54.96,ipv4,malicious-ip,medium,WHITE,ziyadnz/hourly-ipv4,ziyadnz|hourly,2026-08-17T18:48:05Z,2026-08-17T18:48:05Z,
45.33.6.17,ipv4,malicious-ip,medium,WHITE,ziyadnz/hourly-ipv4,ziyadnz|hourly,2026-08-17T18:48:05Z,2026-08-17T18:48:05Z,
45.33.60.111,ipv4,malicious-ip,medium,WHITE,ziyadnz/hourly-ipv4,ziyadnz|hourly,2026-08-17T18:48:05Z,2026-08-17T18:48:05Z,
45.33.60.189,ipv4,malicious-ip,medium,WHITE,ziyadnz/hourly-ipv4,ziyadnz|hourly,2026-08-17T18:48:05Z,2026-08-17T18:48:05Z,
45.33.60.211,ipv4,malicious-ip,medium,WHITE,ziyadnz/hourly-ipv4,ziyadnz|hourly,2026-08-17T18:48:05Z,2026-08-17T18:48:05Z,
45.33.64.50,ipv4,malicious-ip,medium,WHITE,ziyadnz/hourly-ipv4,ziyadnz|hourly,2026-08-17T18:48:05Z,2026-08-17T18:48:05Z,
45.33.65.239,ipv4,malicious-ip,medium,WHITE,ziyadnz/hourly-ipv4,ziyadnz|hourly,2026-08-17T18:48:05Z,2026-08-17T18:48:05Z,
45.33.68.26,ipv4,malicious-ip,medium,WHITE,ziyadnz/hourly-ipv4,ziyadnz|hourly,2026-08-17T18:48:05Z,2026-08-17T18:48:05Z,
45.33.7.4,ipv4,malicious-ip,medium,WHITE,ziyadnz/hourly-ipv4,ziyadnz|hourly,2026-08-17T18:48:05Z,2026-08-17T18:48:05Z,
45.33.73.114,ipv4,malicious-ip,medium,WHITE,ziyadnz/hourly-ipv4,ziyadnz|hourly,2026-08-17T18:48:05Z,2026-08-17T18:48:05Z,
45.33.75.249,ipv4,malicious-ip,medium,WHITE,ziyadnz/hourly-ipv4,ziyadnz|hourly,2026-08-17T18:48:05Z,2026-08-17T18:48:05Z,
45.33.75.28,ipv4,malicious-ip,medium,WHITE,ziyadnz/hourly-ipv4,ziyadnz|hourly,2026-08-17T18:48:05Z,2026-08-17T18:48:05Z,
45.33.78.24,ipv4,malicious-ip,medium,WHITE,ziyadnz/hourly-ipv4,ziyadnz|hourly,2026-08-17T18:48:05Z,2026-08-17T18:48:05Z,
45.33.80.243,ipv4,malicious-ip,medium,WHITE,ziyadnz/hourly-ipv4,ziyadnz|hourly,2026-08-17T18:48:05Z,2026-08-17T18:48:05Z,
45.33.84.124,ipv4,malicious-ip,medium,WHITE,ziyadnz/hourly-ipv4,ziyadnz|hourly,2026-08-17T18:48:05Z,2026-08-17T18:48:05Z,
45.33.85.184,ipv4,malicious-ip,medium,WHITE,ziyadnz/hourly-ipv4,ziyadnz|hourly,2026-08-17T18:48:05Z,2026-08-17T18:48:05Z,
45.33.88.175,ipv4,malicious-ip,medium,WHITE,ziyadnz/hourly-ipv4,ziyadnz|hourly,2026-08-17T18:48:05Z,2026-08-17T18:48:05Z,
45.33.89.53,ipv4,malicious-ip,medium,WHITE,ziyadnz/hourly-ipv4,ziyadnz|hourly,2026-08-17T18:48:05Z,2026-08-17T18:48:05Z,
45.33.90.118,ipv4,malicious-ip,medium,WHITE,ziyadnz/hourly-ipv4,ziyadnz|hourly,2026-08-17T18:48:05Z,2026-08-17T18:48:05Z,
45.33.90.191,ipv4,malicious-ip,medium,WHITE,ziyadnz/hourly-ipv4,ziyadnz|hourly,2026-08-17T18:48:05Z,2026-08-17T18:48:05Z,
45.33.94.76,ipv4,malicious-ip,medium,WHITE,ziyadnz/hourly-ipv4,ziyadnz|hourly,2026-08-17T18:48:05Z,2026-08-17T18:48:05Z,
45.33.95.64,ipv4,malicious-ip,medium,WHITE,ziyadnz/hourly-ipv4,ziyadnz|hourly,2026-08-17T18:48:05Z,2026-08-17T18:48:05Z,
45.33.96.174,ipv4,malicious-ip,medium,WHITE,ziyadnz/hourly-ipv4,ziyadnz|hourly,2026-08-17T18:48:05Z,2026-08-17T18:48:05Z,
45.33.96.214,ipv4,malicious-ip,medium,WHITE,ziyadnz/hourly-ipv4,ziyadnz|hourly,2026-08-17T18:48:05Z,2026-08-17T18:48:05Z,
45.33.96.41,ipv4,malicious-ip,medium,WHITE,ziyadnz/hourly-ipv4,ziyadnz|hourly,2026-08-17T18:48:05Z,2026-08-17T18:48:05Z,
45.37.132.33,ipv4,malicious-ip,medium,WHITE,ziyadnz/hourly-ipv4,ziyadnz|hourly,2026-08-17T18:48:05Z,2026-08-17T18:48:05Z,
45.38.135.112,ipv4,malicious-ip,medium,WHITE,ziyadnz/hourly-ipv4,ziyadnz|hourly,2026-08-17T18:48:05Z,2026-08-17T18:48:05Z,
45.38.143.10,ipv4,malicious-ip,medium,WHITE,ziyadnz/hourly-ipv4,ziyadnz|hourly,2026-08-17T18:48:05Z,2026-08-17T18:48:05Z,
45.38.149.44,ipv4,malicious-ip,medium,WHITE,ziyadnz/hourly-ipv4,ziyadnz|hourly,2026-08-17T18:48:05Z,2026-08-17T18:48:05Z,
45.38.20.213,ipv4,malicious-ip,medium,WHITE,ziyadnz/hourly-ipv4,ziyadnz|hourly,2026-08-17T18:48:05Z,2026-08-17T18:48:05Z,
45.38.20.240,ipv4,malicious-ip,medium,WHITE,ziyadnz/hourly-ipv4,ziyadnz|hourly,2026-08-17T18:48:05Z,2026-08-17T18:48:05Z,
45.38.210.47,ipv4,malicious-ip,medium,WHITE,ziyadnz/hourly-ipv4,ziyadnz|hourly,2026-08-17T18:48:05Z,2026-08-17T18:48:05Z,
45.38.228.51,ipv4,malicious-ip,medium,WHITE,ziyadnz/hourly-ipv4,ziyadnz|hourly,2026-08-17T18:48:05Z,2026-08-17T18:48:05Z,
45.38.238.0,ipv4,malicious-ip,medium,WHITE,ziyadnz/hourly-ipv4,ziyadnz|hourly,2026-08-17T18:48:05Z,2026-08-17T18:48:05Z,
45.38.238.113,ipv4,malicious-ip,medium,WHITE,ziyadnz/hourly-ipv4,ziyadnz|hourly,2026-08-17T18:48:05Z,2026-08-17T18:48:05Z,
45.38.238.144,ipv4,malicious-ip,medium,WHITE,ziyadnz/hourly-ipv4,ziyadnz|hourly,2026-08-17T18:48:05Z,2026-08-17T18:48:05Z,
45.38.238.170,ipv4,malicious-ip,medium,WHITE,ziyadnz/hourly-ipv4,ziyadnz|hourly,2026-08-17T18:48:05Z,2026-08-17T18:48:05Z,
45.38.238.172,ipv4,malicious-ip,medium,WHITE,ziyadnz/hourly-ipv4,ziyadnz|hourly,2026-08-17T18:48:05Z,2026-08-17T18:48:05Z,
45.38.238.180,ipv4,malicious-ip,medium,WHITE,ziyadnz/hourly-ipv4,ziyadnz|hourly,2026-08-17T18:48:05Z,2026-08-17T18:48:05Z,
45.38.238.2,ipv4,malicious-ip,medium,WHITE,ziyadnz/hourly-ipv4,ziyadnz|hourly,2026-08-17T18:48:05Z,2026-08-17T18:48:05Z,
45.38.238.243,ipv4,malicious-ip,medium,WHITE,ziyadnz/hourly-ipv4,ziyadnz|hourly,2026-08-17T18:48:05Z,2026-08-17T18:48:05Z,
45.38.238.25,ipv4,malicious-ip,medium,WHITE,ziyadnz/hourly-ipv4,ziyadnz|hourly,2026-08-17T18:48:05Z,2026-08-17T18:48:05Z,
45.38.238.29,ipv4,malicious-ip,medium,WHITE,ziyadnz/hourly-ipv4,ziyadnz|hourly,2026-08-17T18:48:05Z,2026-08-17T18:48:05Z,
45.38.238.33,ipv4,malicious-ip,medium,WHITE,ziyadnz/hourly-ipv4,ziyadnz|hourly,2026-08-17T18:48:05Z,2026-08-17T18:48:05Z,
45.38.238.46,ipv4,malicious-ip,medium,WHITE,ziyadnz/hourly-ipv4,ziyadnz|hourly,2026-08-17T18:48:05Z,2026-08-17T18:48:05Z,
45.38.238.53,ipv4,malicious-ip,medium,WHITE,ziyadnz/hourly-ipv4,ziyadnz|hourly,2026-08-17T18:48:05Z,2026-08-17T18:48:05Z,
45.38.238.62,ipv4,malicious-ip,medium,WHITE,ziyadnz/hourly-ipv4,ziyadnz|hourly,2026-08-17T18:48:05Z,2026-08-17T18:48:05Z,
45.38.238.66,ipv4,malicious-ip,medium,WHITE,ziyadnz/hourly-ipv4,ziyadnz|hourly,2026-08-17T18:48:05Z,2026-08-17T18:48:05Z,
45.38.238.71,ipv4,malicious-ip,medium,WHITE,ziyadnz/hourly-ipv4,ziyadnz|hourly,2026-08-17T18:48:05Z,2026-08-17T18:48:05Z,
45.38.238.75,ipv4,malicious-ip,medium,WHITE,ziyadnz/hourly-ipv4,ziyadnz|hourly,2026-08-17T18:48:05Z,2026-08-17T18:48:05Z,
45.38.238.89,ipv4,malicious-ip,medium,WHITE,ziyadnz/hourly-ipv4,ziyadnz|hourly,2026-08-17T18:48:05Z,2026-08-17T18:48:05Z,
45.38.238.97,ipv4,malicious-ip,medium,WHITE,ziyadnz/hourly-ipv4,ziyadnz|hourly,2026-08-17T18:48:05Z,2026-08-17T18:48:05Z,
45.38.238.98,ipv4,malicious-ip,medium,WHITE,ziyadnz/hourly-ipv4,ziyadnz|hourly,2026-08-17T18:48:05Z,2026-08-17T18:48:05Z,
45.38.41.162,ipv4,malicious-ip,medium,WHITE,ziyadnz/hourly-ipv4,ziyadnz|hourly,2026-08-17T18:48:05Z,2026-08-17T18:48:05Z,
45.39.12.34,ipv4,malicious-ip,medium,WHITE,ziyadnz/hourly-ipv4,ziyadnz|hourly,2026-08-17T18:48:05Z,2026-08-17T18:48:05Z,
45.39.12.4,ipv4,malicious-ip,medium,WHITE,ziyadnz/hourly-ipv4,ziyadnz|hourly,2026-08-17T18:48:05Z,2026-08-17T18:48:05Z,
45.39.255.82,ipv4,malicious-ip,medium,WHITE,ziyadnz/hourly-ipv4,ziyadnz|hourly,2026-08-17T18:48:05Z,2026-08-17T18:48:05Z,
45.4.0.172,ipv4,malicious-ip,medium,WHITE,ziyadnz/hourly-ipv4,ziyadnz|hourly,2026-08-17T18:48:05Z,2026-08-17T18:48:05Z,
45.4.105.206,ipv4,malicious-ip,medium,WHITE,ziyadnz/hourly-ipv4,ziyadnz|hourly,2026-08-17T18:48:05Z,2026-08-17T18:48:05Z,
45.4.107.142,ipv4,malicious-ip,medium,WHITE,ziyadnz/hourly-ipv4,ziyadnz|hourly,2026-08-17T18:48:05Z,2026-08-17T18:48:05Z,
45.4.107.205,ipv4,malicious-ip,medium,WHITE,ziyadnz/hourly-ipv4,ziyadnz|hourly,2026-08-17T18:48:05Z,2026-08-17T18:48:05Z,
45.4.11.188,ipv4,malicious-ip,medium,WHITE,ziyadnz/hourly-ipv4,ziyadnz|hourly,2026-08-17T18:48:05Z,2026-08-17T18:48:05Z,
45.4.163.211,ipv4,malicious-ip,medium,WHITE,ziyadnz/hourly-ipv4,ziyadnz|hourly,2026-08-17T18:48:05Z,2026-08-17T18:48:05Z,
45.4.179.3,ipv4,malicious-ip,medium,WHITE,ziyadnz/hourly-ipv4,ziyadnz|hourly,2026-08-17T18:48:05Z,2026-08-17T18:48:05Z,
45.4.192.24,ipv4,malicious-ip,medium,WHITE,ziyadnz/hourly-ipv4,ziyadnz|hourly,2026-08-17T18:48:05Z,2026-08-17T18:48:05Z,
45.4.2.175,ipv4,malicious-ip,medium,WHITE,ziyadnz/hourly-ipv4,ziyadnz|hourly,2026-08-17T18:48:05Z,2026-08-17T18:48:05Z,
45.4.203.65,ipv4,malicious-ip,medium,WHITE,ziyadnz/hourly-ipv4,ziyadnz|hourly,2026-08-17T18:48:05Z,2026-08-17T18:48:05Z,
45.4.209.86,ipv4,malicious-ip,medium,WHITE,ziyadnz/hourly-ipv4,ziyadnz|hourly,2026-08-17T18:48:05Z,2026-08-17T18:48:05Z,
45.4.224.0,ipv4,malicious-ip,medium,WHITE,ziyadnz/hourly-ipv4,ziyadnz|hourly,2026-08-17T18:48:05Z,2026-08-17T18:48:05Z,
45.4.3.146,ipv4,malicious-ip,medium,WHITE,ziyadnz/hourly-ipv4,ziyadnz|hourly,2026-08-17T18:48:05Z,2026-08-17T18:48:05Z,
45.4.36.16,ipv4,malicious-ip,medium,WHITE,ziyadnz/hourly-ipv4,ziyadnz|hourly,2026-08-17T18:48:05Z,2026-08-17T18:48:05Z,
45.4.46.227,ipv4,malicious-ip,medium,WHITE,ziyadnz/hourly-ipv4,ziyadnz|hourly,2026-08-17T18:48:05Z,2026-08-17T18:48:05Z,
45.4.46.248,ipv4,malicious-ip,medium,WHITE,ziyadnz/hourly-ipv4,ziyadnz|hourly,2026-08-17T18:48:05Z,2026-08-17T18:48:05Z,
45.4.97.1,ipv4,malicious-ip,medium,WHITE,ziyadnz/hourly-ipv4,ziyadnz|hourly,2026-08-17T18:48:05Z,2026-08-17T18:48:05Z,
45.40.132.150,ipv4,malicious-ip,medium,WHITE,ziyadnz/hourly-ipv4,ziyadnz|hourly,2026-08-17T18:48:05Z,2026-08-17T18:48:05Z,
45.40.57.172,ipv4,malicious-ip,medium,WHITE,ziyadnz/hourly-ipv4,ziyadnz|hourly,2026-08-17T18:48:05Z,2026-08-17T18:48:05Z,
45.40.57.23,ipv4,malicious-ip,medium,WHITE,ziyadnz/hourly-ipv4,ziyadnz|hourly,2026-08-17T18:48:05Z,2026-08-17T18:48:05Z,
45.40.57.41,ipv4,malicious-ip,medium,WHITE,ziyadnz/hourly-ipv4,ziyadnz|hourly,2026-08-17T18:48:05Z,2026-08-17T18:48:05Z,
45.41.104.0,ipv4,malicious-ip,medium,WHITE,ziyadnz/hourly-ipv4,ziyadnz|hourly,2026-08-17T18:48:05Z,2026-08-17T18:48:05Z,
45.41.104.105,ipv4,malicious-ip,medium,WHITE,ziyadnz/hourly-ipv4,ziyadnz|hourly,2026-08-17T18:48:05Z,2026-08-17T18:48:05Z,
45.41.104.151,ipv4,malicious-ip,medium,WHITE,ziyadnz/hourly-ipv4,ziyadnz|hourly,2026-08-17T18:48:05Z,2026-08-17T18:48:05Z,
45.41.104.156,ipv4,malicious-ip,medium,WHITE,ziyadnz/hourly-ipv4,ziyadnz|hourly,2026-08-17T18:48:05Z,2026-08-17T18:48:05Z,
45.41.104.235,ipv4,malicious-ip,medium,WHITE,ziyadnz/hourly-ipv4,ziyadnz|hourly,2026-08-17T18:48:05Z,2026-08-17T18:48:05Z,
45.41.104.25,ipv4,malicious-ip,medium,WHITE,ziyadnz/hourly-ipv4,ziyadnz|hourly,2026-08-17T18:48:05Z,2026-08-17T18:48:05Z,
45.41.104.252,ipv4,malicious-ip,medium,WHITE,ziyadnz/hourly-ipv4,ziyadnz|hourly,2026-08-17T18:48:05Z,2026-08-17T18:48:05Z,
45.41.104.38,ipv4,malicious-ip,medium,WHITE,ziyadnz/hourly-ipv4,ziyadnz|hourly,2026-08-17T18:48:05Z,2026-08-17T18:48:05Z,
45.41.104.49,ipv4,malicious-ip,medium,WHITE,ziyadnz/hourly-ipv4,ziyadnz|hourly,2026-08-17T18:48:05Z,2026-08-17T18:48:05Z,
45.41.104.96,ipv4,malicious-ip,medium,WHITE,ziyadnz/hourly-ipv4,ziyadnz|hourly,2026-08-17T18:48:05Z,2026-08-17T18:48:05Z,
45.41.105.113,ipv4,malicious-ip,medium,WHITE,ziyadnz/hourly-ipv4,ziyadnz|hourly,2026-08-17T18:48:05Z,2026-08-17T18:48:05Z,
45.41.105.145,ipv4,malicious-ip,medium,WHITE,ziyadnz/hourly-ipv4,ziyadnz|hourly,2026-08-17T18:48:05Z,2026-08-17T18:48:05Z,
45.41.105.150,ipv4,malicious-ip,medium,WHITE,ziyadnz/hourly-ipv4,ziyadnz|hourly,2026-08-17T18:48:05Z,2026-08-17T18:48:05Z,
45.41.105.166,ipv4,malicious-ip,medium,WHITE,ziyadnz/hourly-ipv4,ziyadnz|hourly,2026-08-17T18:48:05Z,2026-08-17T18:48:05Z,
45.41.105.99,ipv4,malicious-ip,medium,WHITE,ziyadnz/hourly-ipv4,ziyadnz|hourly,2026-08-17T18:48:05Z,2026-08-17T18:48:05Z,
45.41.106.249,ipv4,malicious-ip,medium,WHITE,ziyadnz/hourly-ipv4,ziyadnz|hourly,2026-08-17T18:48:05Z,2026-08-17T18:48:05Z,
45.41.110.67,ipv4,malicious-ip,medium,WHITE,ziyadnz/hourly-ipv4,ziyadnz|hourly,2026-08-17T18:48:05Z,2026-08-17T18:48:05Z,
45.41.157.255,ipv4,malicious-ip,medium,WHITE,ziyadnz/hourly-ipv4,ziyadnz|hourly,2026-08-17T18:48:05Z,2026-08-17T18:48:05Z,
45.41.207.162,ipv4,malicious-ip,medium,WHITE,ziyadnz/hourly-ipv4,ziyadnz|hourly,2026-08-17T18:48:05Z,2026-08-17T18:48:05Z,
45.42.88.54,ipv4,malicious-ip,medium,WHITE,ziyadnz/hourly-ipv4,ziyadnz|hourly,2026-08-17T18:48:05Z,2026-08-17T18:48:05Z,
45.43.11.201,ipv4,malicious-ip,medium,WHITE,ziyadnz/hourly-ipv4,ziyadnz|hourly,2026-08-17T18:48:05Z,2026-08-17T18:48:05Z,
45.43.11.245,ipv4,malicious-ip,medium,WHITE,ziyadnz/hourly-ipv4,ziyadnz|hourly,2026-08-17T18:48:05Z,2026-08-17T18:48:05Z,
45.43.37.254,ipv4,malicious-ip,medium,WHITE,ziyadnz/hourly-ipv4,ziyadnz|hourly,2026-08-17T18:48:05Z,2026-08-17T18:48:05Z,
45.43.57.106,ipv4,malicious-ip,medium,WHITE,ziyadnz/hourly-ipv4,ziyadnz|hourly,2026-08-17T18:48:05Z,2026-08-17T18:48:05Z,
45.43.57.112,ipv4,malicious-ip,medium,WHITE,ziyadnz/hourly-ipv4,ziyadnz|hourly,2026-08-17T18:48:05Z,2026-08-17T18:48:05Z,
45.43.57.205,ipv4,malicious-ip,medium,WHITE,ziyadnz/hourly-ipv4,ziyadnz|hourly,2026-08-17T18:48:05Z,2026-08-17T18:48:05Z,
45.43.57.229,ipv4,malicious-ip,medium,WHITE,ziyadnz/hourly-ipv4,ziyadnz|hourly,2026-08-17T18:48:05Z,2026-08-17T18:48:05Z,
45.43.57.251,ipv4,malicious-ip,medium,WHITE,ziyadnz/hourly-ipv4,ziyadnz|hourly,2026-08-17T18:48:05Z,2026-08-17T18:48:05Z,
45.43.57.5,ipv4,malicious-ip,medium,WHITE,ziyadnz/hourly-ipv4,ziyadnz|hourly,2026-08-17T18:48:05Z,2026-08-17T18:48:05Z,
45.43.57.53,ipv4,malicious-ip,medium,WHITE,ziyadnz/hourly-ipv4,ziyadnz|hourly,2026-08-17T18:48:05Z,2026-08-17T18:48:05Z,
45.43.57.6,ipv4,malicious-ip,medium,WHITE,ziyadnz/hourly-ipv4,ziyadnz|hourly,2026-08-17T18:48:05Z,2026-08-17T18:48:05Z,
45.43.57.63,ipv4,malicious-ip,medium,WHITE,ziyadnz/hourly-ipv4,ziyadnz|hourly,2026-08-17T18:48:05Z,2026-08-17T18:48:05Z,
45.43.57.96,ipv4,malicious-ip,medium,WHITE,ziyadnz/hourly-ipv4,ziyadnz|hourly,2026-08-17T18:48:05Z,2026-08-17T18:48:05Z,
45.43.58.100,ipv4,malicious-ip,medium,WHITE,ziyadnz/hourly-ipv4,ziyadnz|hourly,2026-08-17T18:48:05Z,2026-08-17T18:48:05Z,
45.43.58.131,ipv4,malicious-ip,medium,WHITE,ziyadnz/hourly-ipv4,ziyadnz|hourly,2026-08-17T18:48:05Z,2026-08-17T18:48:05Z,
45.43.58.134,ipv4,malicious-ip,medium,WHITE,ziyadnz/hourly-ipv4,ziyadnz|hourly,2026-08-17T18:48:05Z,2026-08-17T18:48:05Z,
45.43.58.160,ipv4,malicious-ip,medium,WHITE,ziyadnz/hourly-ipv4,ziyadnz|hourly,2026-08-17T18:48:05Z,2026-08-17T18:48:05Z,
45.43.58.167,ipv4,malicious-ip,medium,WHITE,ziyadnz/hourly-ipv4,ziyadnz|hourly,2026-08-17T18:48:05Z,2026-08-17T18:48:05Z,
45.43.58.197,ipv4,malicious-ip,medium,WHITE,ziyadnz/hourly-ipv4,ziyadnz|hourly,2026-08-17T18:48:05Z,2026-08-17T18:48:05Z,
45.43.58.205,ipv4,malicious-ip,medium,WHITE,ziyadnz/hourly-ipv4,ziyadnz|hourly,2026-08-17T18:48:05Z,2026-08-17T18:48:05Z,
45.43.58.233,ipv4,malicious-ip,medium,WHITE,ziyadnz/hourly-ipv4,ziyadnz|hourly,2026-08-17T18:48:05Z,2026-08-17T18:48:05Z,
45.43.58.248,ipv4,malicious-ip,medium,WHITE,ziyadnz/hourly-ipv4,ziyadnz|hourly,2026-08-17T18:48:05Z,2026-08-17T18:48:05Z,
45.43.58.58,ipv4,malicious-ip,medium,WHITE,ziyadnz/hourly-ipv4,ziyadnz|hourly,2026-08-17T18:48:05Z,2026-08-17T18:48:05Z,
45.43.58.76,ipv4,malicious-ip,medium,WHITE,ziyadnz/hourly-ipv4,ziyadnz|hourly,2026-08-17T18:48:05Z,2026-08-17T18:48:05Z,
45.43.58.87,ipv4,malicious-ip,medium,WHITE,ziyadnz/hourly-ipv4,ziyadnz|hourly,2026-08-17T18:48:05Z,2026-08-17T18:48:05Z,
45.43.60.220,ipv4,malicious-ip,medium,WHITE,ziyadnz/hourly-ipv4,ziyadnz|hourly,2026-08-17T18:48:05Z,2026-08-17T18:48:05Z,
45.43.62.37,ipv4,malicious-ip,medium,WHITE,ziyadnz/hourly-ipv4,ziyadnz|hourly,2026-08-17T18:48:05Z,2026-08-17T18:48:05Z,
45.43.62.77,ipv4,malicious-ip,medium,WHITE,ziyadnz/hourly-ipv4,ziyadnz|hourly,2026-08-17T18:48:05Z,2026-08-17T18:48:05Z,
45.43.63.207,ipv4,malicious-ip,medium,WHITE,ziyadnz/hourly-ipv4,ziyadnz|hourly,2026-08-17T18:48:05Z,2026-08-17T18:48:05Z,
45.43.63.68,ipv4,malicious-ip,medium,WHITE,ziyadnz/hourly-ipv4,ziyadnz|hourly,2026-08-17T18:48:05Z,2026-08-17T18:48:05Z,
45.43.86.210,ipv4,malicious-ip,medium,WHITE,ziyadnz/hourly-ipv4,ziyadnz|hourly,2026-08-17T18:48:05Z,2026-08-17T18:48:05Z,
45.43.91.10,ipv4,malicious-ip,medium,WHITE,ziyadnz/hourly-ipv4,ziyadnz|hourly,2026-08-17T18:48:05Z,2026-08-17T18:48:05Z,
45.44.226.147,ipv4,malicious-ip,medium,WHITE,ziyadnz/hourly-ipv4,ziyadnz|hourly,2026-08-17T18:48:05Z,2026-08-17T18:48:05Z,
45.45.219.49,ipv4,malicious-ip,medium,WHITE,ziyadnz/hourly-ipv4,ziyadnz|hourly,2026-08-17T18:48:05Z,2026-08-17T18:48:05Z,
45.45.237.134,ipv4,malicious-ip,medium,WHITE,ziyadnz/hourly-ipv4,ziyadnz|hourly,2026-08-17T18:48:05Z,2026-08-17T18:48:05Z,
45.45.237.65,ipv4,malicious-ip,medium,WHITE,ziyadnz/hourly-ipv4,ziyadnz|hourly,2026-08-17T18:48:05Z,2026-08-17T18:48:05Z,
45.45.237.69,ipv4,malicious-ip,medium,WHITE,ziyadnz/hourly-ipv4,ziyadnz|hourly,2026-08-17T18:48:05Z,2026-08-17T18:48:05Z,
45.45.237.77,ipv4,malicious-ip,medium,WHITE,ziyadnz/hourly-ipv4,ziyadnz|hourly,2026-08-17T18:48:05Z,2026-08-17T18:48:05Z,
45.45.237.97,ipv4,malicious-ip,medium,WHITE,ziyadnz/hourly-ipv4,ziyadnz|hourly,2026-08-17T18:48:05Z,2026-08-17T18:48:05Z,
45.45.53.72,ipv4,malicious-ip,medium,WHITE,ziyadnz/hourly-ipv4,ziyadnz|hourly,2026-08-17T18:48:05Z,2026-08-17T18:48:05Z,
45.45.65.65,ipv4,malicious-ip,medium,WHITE,ziyadnz/hourly-ipv4,ziyadnz|hourly,2026-08-17T18:48:05Z,2026-08-17T18:48:05Z,
45.46.156.239,ipv4,malicious-ip,medium,WHITE,ziyadnz/hourly-ipv4,ziyadnz|hourly,2026-08-17T18:48:05Z,2026-08-17T18:48:05Z,
45.49.170.221,ipv4,malicious-ip,medium,WHITE,ziyadnz/hourly-ipv4,ziyadnz|hourly,2026-08-17T18:48:05Z,2026-08-17T18:48:05Z,
45.5.104.209,ipv4,malicious-ip,medium,WHITE,ziyadnz/hourly-ipv4,ziyadnz|hourly,2026-08-17T18:48:05Z,2026-08-17T18:48:05Z,
45.5.118.167,ipv4,malicious-ip,medium,WHITE,ziyadnz/hourly-ipv4,ziyadnz|hourly,2026-08-17T18:48:05Z,2026-08-17T18:48:05Z,
45.5.118.231,ipv4,malicious-ip,medium,WHITE,ziyadnz/hourly-ipv4,ziyadnz|hourly,2026-08-17T18:48:05Z,2026-08-17T18:48:05Z,
45.5.152.108,ipv4,malicious-ip,medium,WHITE,ziyadnz/hourly-ipv4,ziyadnz|hourly,2026-08-17T18:48:05Z,2026-08-17T18:48:05Z,
45.5.152.192,ipv4,malicious-ip,medium,WHITE,ziyadnz/hourly-ipv4,ziyadnz|hourly,2026-08-17T18:48:05Z,2026-08-17T18:48:05Z,
45.5.153.241,ipv4,malicious-ip,medium,WHITE,ziyadnz/hourly-ipv4,ziyadnz|hourly,2026-08-17T18:48:05Z,2026-08-17T18:48:05Z,
45.5.193.247,ipv4,malicious-ip,medium,WHITE,ziyadnz/hourly-ipv4,ziyadnz|hourly,2026-08-17T18:48:05Z,2026-08-17T18:48:05Z,
45.5.211.95,ipv4,malicious-ip,medium,WHITE,ziyadnz/hourly-ipv4,ziyadnz|hourly,2026-08-17T18:48:05Z,2026-08-17T18:48:05Z,
45.5.211.97,ipv4,malicious-ip,medium,WHITE,ziyadnz/hourly-ipv4,ziyadnz|hourly,2026-08-17T18:48:05Z,2026-08-17T18:48:05Z,
45.5.233.186,ipv4,malicious-ip,medium,WHITE,ziyadnz/hourly-ipv4,ziyadnz|hourly,2026-08-17T18:48:05Z,2026-08-17T18:48:05Z,
45.5.242.182,ipv4,malicious-ip,medium,WHITE,ziyadnz/hourly-ipv4,ziyadnz|hourly,2026-08-17T18:48:05Z,2026-08-17T18:48:05Z,
45.5.242.25,ipv4,malicious-ip,medium,WHITE,ziyadnz/hourly-ipv4,ziyadnz|hourly,2026-08-17T18:48:05Z,2026-08-17T18:48:05Z,
45.5.245.4,ipv4,malicious-ip,medium,WHITE,ziyadnz/hourly-ipv4,ziyadnz|hourly,2026-08-17T18:48:05Z,2026-08-17T18:48:05Z,
45.5.88.144,ipv4,malicious-ip,medium,WHITE,ziyadnz/hourly-ipv4,ziyadnz|hourly,2026-08-17T18:48:05Z,2026-08-17T18:48:05Z,
45.50.208.61,ipv4,malicious-ip,medium,WHITE,ziyadnz/hourly-ipv4,ziyadnz|hourly,2026-08-17T18:48:05Z,2026-08-17T18:48:05Z,
45.55.134.6,ipv4,malicious-ip,medium,WHITE,ziyadnz/hourly-ipv4,ziyadnz|hourly,2026-08-17T18:48:05Z,2026-08-17T18:48:05Z,
45.55.139.45,ipv4,malicious-ip,medium,WHITE,ziyadnz/hourly-ipv4,ziyadnz|hourly,2026-08-17T18:48:05Z,2026-08-17T18:48:05Z,
45.55.158.47,ipv4,malicious-ip,medium,WHITE,ziyadnz/hourly-ipv4,ziyadnz|hourly,2026-08-17T18:48:05Z,2026-08-17T18:48:05Z,
45.55.169.115,ipv4,malicious-ip,medium,WHITE,ziyadnz/hourly-ipv4,ziyadnz|hourly,2026-08-17T18:48:05Z,2026-08-17T18:48:05Z,
45.55.173.225,ipv4,malicious-ip,medium,WHITE,ziyadnz/hourly-ipv4,ziyadnz|hourly,2026-08-17T18:48:05Z,2026-08-17T18:48:05Z,
45.55.225.29,ipv4,malicious-ip,medium,WHITE,ziyadnz/hourly-ipv4,ziyadnz|hourly,2026-08-17T18:48:05Z,2026-08-17T18:48:05Z,
45.55.226.206,ipv4,malicious-ip,medium,WHITE,ziyadnz/hourly-ipv4,ziyadnz|hourly,2026-08-17T18:48:05Z,2026-08-17T18:48:05Z,
45.55.231.248,ipv4,malicious-ip,medium,WHITE,ziyadnz/hourly-ipv4,ziyadnz|hourly,2026-08-17T18:48:05Z,2026-08-17T18:48:05Z,
45.55.237.33,ipv4,malicious-ip,medium,WHITE,ziyadnz/hourly-ipv4,ziyadnz|hourly,2026-08-17T18:48:05Z,2026-08-17T18:48:05Z,
45.55.36.143,ipv4,malicious-ip,medium,WHITE,ziyadnz/hourly-ipv4,ziyadnz|hourly,2026-08-17T18:48:05Z,2026-08-17T18:48:05Z,
45.55.37.139,ipv4,malicious-ip,medium,WHITE,ziyadnz/hourly-ipv4,ziyadnz|hourly,2026-08-17T18:48:05Z,2026-08-17T18:48:05Z,
45.55.38.156,ipv4,malicious-ip,medium,WHITE,ziyadnz/hourly-ipv4,ziyadnz|hourly,2026-08-17T18:48:05Z,2026-08-17T18:48:05Z,
45.55.65.159,ipv4,malicious-ip,medium,WHITE,ziyadnz/hourly-ipv4,ziyadnz|hourly,2026-08-17T18:48:05Z,2026-08-17T18:48:05Z,
45.55.71.192,ipv4,malicious-ip,medium,WHITE,ziyadnz/hourly-ipv4,ziyadnz|hourly,2026-08-17T18:48:05Z,2026-08-17T18:48:05Z,
45.56.100.206,ipv4,malicious-ip,medium,WHITE,ziyadnz/hourly-ipv4,ziyadnz|hourly,2026-08-17T18:48:05Z,2026-08-17T18:48:05Z,
45.56.100.216,ipv4,malicious-ip,medium,WHITE,ziyadnz/hourly-ipv4,ziyadnz|hourly,2026-08-17T18:48:05Z,2026-08-17T18:48:05Z,
45.56.100.247,ipv4,malicious-ip,medium,WHITE,ziyadnz/hourly-ipv4,ziyadnz|hourly,2026-08-17T18:48:05Z,2026-08-17T18:48:05Z,
45.56.103.133,ipv4,malicious-ip,medium,WHITE,ziyadnz/hourly-ipv4,ziyadnz|hourly,2026-08-17T18:48:05Z,2026-08-17T18:48:05Z,
45.56.103.154,ipv4,malicious-ip,medium,WHITE,ziyadnz/hourly-ipv4,ziyadnz|hourly,2026-08-17T18:48:05Z,2026-08-17T18:48:05Z,
45.56.108.45,ipv4,malicious-ip,medium,WHITE,ziyadnz/hourly-ipv4,ziyadnz|hourly,2026-08-17T18:48:05Z,2026-08-17T18:48:05Z,
45.56.111.60,ipv4,malicious-ip,medium,WHITE,ziyadnz/hourly-ipv4,ziyadnz|hourly,2026-08-17T18:48:05Z,2026-08-17T18:48:05Z,
45.56.120.64,ipv4,malicious-ip,medium,WHITE,ziyadnz/hourly-ipv4,ziyadnz|hourly,2026-08-17T18:48:05Z,2026-08-17T18:48:05Z,
45.56.135.72,ipv4,malicious-ip,medium,WHITE,ziyadnz/hourly-ipv4,ziyadnz|hourly,2026-08-17T18:48:05Z,2026-08-17T18:48:05Z,
45.56.165.127,ipv4,malicious-ip,medium,WHITE,ziyadnz/hourly-ipv4,ziyadnz|hourly,2026-08-17T18:48:05Z,2026-08-17T18:48:05Z,
45.56.165.17,ipv4,malicious-ip,medium,WHITE,ziyadnz/hourly-ipv4,ziyadnz|hourly,2026-08-17T18:48:05Z,2026-08-17T18:48:05Z,
45.56.165.248,ipv4,malicious-ip,medium,WHITE,ziyadnz/hourly-ipv4,ziyadnz|hourly,2026-08-17T18:48:05Z,2026-08-17T18:48:05Z,
45.56.69.26,ipv4,malicious-ip,medium,WHITE,ziyadnz/hourly-ipv4,ziyadnz|hourly,2026-08-17T18:48:05Z,2026-08-17T18:48:05Z,
45.56.69.80,ipv4,malicious-ip,medium,WHITE,ziyadnz/hourly-ipv4,ziyadnz|hourly,2026-08-17T18:48:05Z,2026-08-17T18:48:05Z,
45.56.72.104,ipv4,malicious-ip,medium,WHITE,ziyadnz/hourly-ipv4,ziyadnz|hourly,2026-08-17T18:48:05Z,2026-08-17T18:48:05Z,
45.56.72.126,ipv4,malicious-ip,medium,WHITE,ziyadnz/hourly-ipv4,ziyadnz|hourly,2026-08-17T18:48:05Z,2026-08-17T18:48:05Z,
45.56.72.13,ipv4,malicious-ip,medium,WHITE,ziyadnz/hourly-ipv4,ziyadnz|hourly,2026-08-17T18:48:05Z,2026-08-17T18:48:05Z,
45.56.72.249,ipv4,malicious-ip,medium,WHITE,ziyadnz/hourly-ipv4,ziyadnz|hourly,2026-08-17T18:48:05Z,2026-08-17T18:48:05Z,
45.56.75.211,ipv4,malicious-ip,medium,WHITE,ziyadnz/hourly-ipv4,ziyadnz|hourly,2026-08-17T18:48:05Z,2026-08-17T18:48:05Z,
45.56.82.11,ipv4,malicious-ip,medium,WHITE,ziyadnz/hourly-ipv4,ziyadnz|hourly,2026-08-17T18:48:05Z,2026-08-17T18:48:05Z,
45.56.83.149,ipv4,malicious-ip,medium,WHITE,ziyadnz/hourly-ipv4,ziyadnz|hourly,2026-08-17T18:48:05Z,2026-08-17T18:48:05Z,
45.56.84.110,ipv4,malicious-ip,medium,WHITE,ziyadnz/hourly-ipv4,ziyadnz|hourly,2026-08-17T18:48:05Z,2026-08-17T18:48:05Z,
45.56.85.254,ipv4,malicious-ip,medium,WHITE,ziyadnz/hourly-ipv4,ziyadnz|hourly,2026-08-17T18:48:05Z,2026-08-17T18:48:05Z,
45.56.94.61,ipv4,malicious-ip,medium,WHITE,ziyadnz/hourly-ipv4,ziyadnz|hourly,2026-08-17T18:48:05Z,2026-08-17T18:48:05Z,
45.58.112.50,ipv4,malicious-ip,medium,WHITE,ziyadnz/hourly-ipv4,ziyadnz|hourly,2026-08-17T18:48:05Z,2026-08-17T18:48:05Z,
45.58.147.154,ipv4,malicious-ip,medium,WHITE,ziyadnz/hourly-ipv4,ziyadnz|hourly,2026-08-17T18:48:05Z,2026-08-17T18:48:05Z,
45.58.52.17,ipv4,malicious-ip,medium,WHITE,ziyadnz/hourly-ipv4,ziyadnz|hourly,2026-08-17T18:48:05Z,2026-08-17T18:48:05Z,
45.58.52.21,ipv4,malicious-ip,medium,WHITE,ziyadnz/hourly-ipv4,ziyadnz|hourly,2026-08-17T18:48:05Z,2026-08-17T18:48:05Z,
45.58.52.25,ipv4,malicious-ip,medium,WHITE,ziyadnz/hourly-ipv4,ziyadnz|hourly,2026-08-17T18:48:05Z,2026-08-17T18:48:05Z,
45.59.114.133,ipv4,malicious-ip,medium,WHITE,ziyadnz/hourly-ipv4,ziyadnz|hourly,2026-08-17T18:48:05Z,2026-08-17T18:48:05Z,
45.59.114.190,ipv4,malicious-ip,medium,WHITE,ziyadnz/hourly-ipv4,ziyadnz|hourly,2026-08-17T18:48:05Z,2026-08-17T18:48:05Z,
45.59.114.60,ipv4,malicious-ip,medium,WHITE,ziyadnz/hourly-ipv4,ziyadnz|hourly,2026-08-17T18:48:05Z,2026-08-17T18:48:05Z,
45.59.117.145,ipv4,malicious-ip,medium,WHITE,ziyadnz/hourly-ipv4,ziyadnz|hourly,2026-08-17T18:48:05Z,2026-08-17T18:48:05Z,
45.59.117.67,ipv4,malicious-ip,medium,WHITE,ziyadnz/hourly-ipv4,ziyadnz|hourly,2026-08-17T18:48:05Z,2026-08-17T18:48:05Z,
45.59.118.136,ipv4,malicious-ip,medium,WHITE,ziyadnz/hourly-ipv4,ziyadnz|hourly,2026-08-17T18:48:05Z,2026-08-17T18:48:05Z,
45.59.120.146,ipv4,malicious-ip,medium,WHITE,ziyadnz/hourly-ipv4,ziyadnz|hourly,2026-08-17T18:48:05Z,2026-08-17T18:48:05Z,
45.59.120.171,ipv4,malicious-ip,medium,WHITE,ziyadnz/hourly-ipv4,ziyadnz|hourly,2026-08-17T18:48:05Z,2026-08-17T18:48:05Z,
45.59.122.134,ipv4,malicious-ip,medium,WHITE,ziyadnz/hourly-ipv4,ziyadnz|hourly,2026-08-17T18:48:05Z,2026-08-17T18:48:05Z,
45.59.122.235,ipv4,malicious-ip,medium,WHITE,ziyadnz/hourly-ipv4,ziyadnz|hourly,2026-08-17T18:48:05Z,2026-08-17T18:48:05Z,
45.59.123.122,ipv4,malicious-ip,medium,WHITE,ziyadnz/hourly-ipv4,ziyadnz|hourly,2026-08-17T18:48:05Z,2026-08-17T18:48:05Z,
45.59.124.17,ipv4,malicious-ip,medium,WHITE,ziyadnz/hourly-ipv4,ziyadnz|hourly,2026-08-17T18:48:05Z,2026-08-17T18:48:05Z,
45.59.125.228,ipv4,malicious-ip,medium,WHITE,ziyadnz/hourly-ipv4,ziyadnz|hourly,2026-08-17T18:48:05Z,2026-08-17T18:48:05Z,
45.59.160.199,ipv4,malicious-ip,medium,WHITE,ziyadnz/hourly-ipv4,ziyadnz|hourly,2026-08-17T18:48:05Z,2026-08-17T18:48:05Z,
45.59.160.210,ipv4,malicious-ip,medium,WHITE,ziyadnz/hourly-ipv4,ziyadnz|hourly,2026-08-17T18:48:05Z,2026-08-17T18:48:05Z,
45.59.160.211,ipv4,malicious-ip,medium,WHITE,ziyadnz/hourly-ipv4,ziyadnz|hourly,2026-08-17T18:48:05Z,2026-08-17T18:48:05Z,
45.59.163.50,ipv4,malicious-ip,medium,WHITE,ziyadnz/hourly-ipv4,ziyadnz|hourly,2026-08-17T18:48:05Z,2026-08-17T18:48:05Z,
45.6.134.105,ipv4,malicious-ip,medium,WHITE,ziyadnz/hourly-ipv4,ziyadnz|hourly,2026-08-17T18:48:05Z,2026-08-17T18:48:05Z,
45.6.134.235,ipv4,malicious-ip,medium,WHITE,ziyadnz/hourly-ipv4,ziyadnz|hourly,2026-08-17T18:48:05Z,2026-08-17T18:48:05Z,
45.6.135.108,ipv4,malicious-ip,medium,WHITE,ziyadnz/hourly-ipv4,ziyadnz|hourly,2026-08-17T18:48:05Z,2026-08-17T18:48:05Z,
45.6.185.109,ipv4,malicious-ip,medium,WHITE,ziyadnz/hourly-ipv4,ziyadnz|hourly,2026-08-17T18:48:05Z,2026-08-17T18:48:05Z,
45.6.200.111,ipv4,malicious-ip,medium,WHITE,ziyadnz/hourly-ipv4,ziyadnz|hourly,2026-08-17T18:48:05Z,2026-08-17T18:48:05Z,
45.6.200.118,ipv4,malicious-ip,medium,WHITE,ziyadnz/hourly-ipv4,ziyadnz|hourly,2026-08-17T18:48:05Z,2026-08-17T18:48:05Z,
45.6.200.120,ipv4,malicious-ip,medium,WHITE,ziyadnz/hourly-ipv4,ziyadnz|hourly,2026-08-17T18:48:05Z,2026-08-17T18:48:05Z,
45.6.200.32,ipv4,malicious-ip,medium,WHITE,ziyadnz/hourly-ipv4,ziyadnz|hourly,2026-08-17T18:48:05Z,2026-08-17T18:48:05Z,
45.6.232.119,ipv4,malicious-ip,medium,WHITE,ziyadnz/hourly-ipv4,ziyadnz|hourly,2026-08-17T18:48:05Z,2026-08-17T18:48:05Z,
45.6.33.61,ipv4,malicious-ip,medium,WHITE,ziyadnz/hourly-ipv4,ziyadnz|hourly,2026-08-17T18:48:05Z,2026-08-17T18:48:05Z,
45.6.34.81,ipv4,malicious-ip,medium,WHITE,ziyadnz/hourly-ipv4,ziyadnz|hourly,2026-08-17T18:48:05Z,2026-08-17T18:48:05Z,
45.6.6.181,ipv4,malicious-ip,medium,WHITE,ziyadnz/hourly-ipv4,ziyadnz|hourly,2026-08-17T18:48:05Z,2026-08-17T18:48:05Z,
45.6.62.31,ipv4,malicious-ip,medium,WHITE,ziyadnz/hourly-ipv4,ziyadnz|hourly,2026-08-17T18:48:05Z,2026-08-17T18:48:05Z,
45.6.69.24,ipv4,malicious-ip,medium,WHITE,ziyadnz/hourly-ipv4,ziyadnz|hourly,2026-08-17T18:48:05Z,2026-08-17T18:48:05Z,
45.6.93.98,ipv4,malicious-ip,medium,WHITE,ziyadnz/hourly-ipv4,ziyadnz|hourly,2026-08-17T18:48:05Z,2026-08-17T18:48:05Z,
45.61.114.3,ipv4,malicious-ip,medium,WHITE,ziyadnz/hourly-ipv4,ziyadnz|hourly,2026-08-17T18:48:05Z,2026-08-17T18:48:05Z,
45.61.128.133,ipv4,malicious-ip,medium,WHITE,ziyadnz/hourly-ipv4,ziyadnz|hourly,2026-08-17T18:48:05Z,2026-08-17T18:48:05Z,
45.61.128.29,ipv4,malicious-ip,medium,WHITE,ziyadnz/hourly-ipv4,ziyadnz|hourly,2026-08-17T18:48:05Z,2026-08-17T18:48:05Z,
45.61.129.255,ipv4,malicious-ip,medium,WHITE,ziyadnz/hourly-ipv4,ziyadnz|hourly,2026-08-17T18:48:05Z,2026-08-17T18:48:05Z,
45.61.130.0,ipv4,malicious-ip,medium,WHITE,ziyadnz/hourly-ipv4,ziyadnz|hourly,2026-08-17T18:48:05Z,2026-08-17T18:48:05Z,
45.61.130.11,ipv4,malicious-ip,medium,WHITE,ziyadnz/hourly-ipv4,ziyadnz|hourly,2026-08-17T18:48:05Z,2026-08-17T18:48:05Z,
45.61.131.218,ipv4,malicious-ip,medium,WHITE,ziyadnz/hourly-ipv4,ziyadnz|hourly,2026-08-17T18:48:05Z,2026-08-17T18:48:05Z,
45.61.132.125,ipv4,malicious-ip,medium,WHITE,ziyadnz/hourly-ipv4,ziyadnz|hourly,2026-08-17T18:48:05Z,2026-08-17T18:48:05Z,
45.61.133.110,ipv4,malicious-ip,medium,WHITE,ziyadnz/hourly-ipv4,ziyadnz|hourly,2026-08-17T18:48:05Z,2026-08-17T18:48:05Z,
45.61.133.157,ipv4,malicious-ip,medium,WHITE,ziyadnz/hourly-ipv4,ziyadnz|hourly,2026-08-17T18:48:05Z,2026-08-17T18:48:05Z,
45.61.133.31,ipv4,malicious-ip,medium,WHITE,ziyadnz/hourly-ipv4,ziyadnz|hourly,2026-08-17T18:48:05Z,2026-08-17T18:48:05Z,
45.61.133.61,ipv4,malicious-ip,medium,WHITE,ziyadnz/hourly-ipv4,ziyadnz|hourly,2026-08-17T18:48:05Z,2026-08-17T18:48:05Z,
45.61.133.77,ipv4,malicious-ip,medium,WHITE,ziyadnz/hourly-ipv4,ziyadnz|hourly,2026-08-17T18:48:05Z,2026-08-17T18:48:05Z,
45.61.133.79,ipv4,malicious-ip,medium,WHITE,ziyadnz/hourly-ipv4,ziyadnz|hourly,2026-08-17T18:48:05Z,2026-08-17T18:48:05Z,
45.61.134.134,ipv4,malicious-ip,medium,WHITE,ziyadnz/hourly-ipv4,ziyadnz|hourly,2026-08-17T18:48:05Z,2026-08-17T18:48:05Z,
45.61.134.22,ipv4,malicious-ip,medium,WHITE,ziyadnz/hourly-ipv4,ziyadnz|hourly,2026-08-17T18:48:05Z,2026-08-17T18:48:05Z,
45.61.134.223,ipv4,malicious-ip,medium,WHITE,ziyadnz/hourly-ipv4,ziyadnz|hourly,2026-08-17T18:48:05Z,2026-08-17T18:48:05Z,
45.61.134.36,ipv4,malicious-ip,medium,WHITE,ziyadnz/hourly-ipv4,ziyadnz|hourly,2026-08-17T18:48:05Z,2026-08-17T18:48:05Z,
45.61.136.127,ipv4,malicious-ip,medium,WHITE,ziyadnz/hourly-ipv4,ziyadnz|hourly,2026-08-17T18:48:05Z,2026-08-17T18:48:05Z,
45.61.136.133,ipv4,malicious-ip,medium,WHITE,ziyadnz/hourly-ipv4,ziyadnz|hourly,2026-08-17T18:48:05Z,2026-08-17T18:48:05Z,
45.61.136.145,ipv4,malicious-ip,medium,WHITE,ziyadnz/hourly-ipv4,ziyadnz|hourly,2026-08-17T18:48:05Z,2026-08-17T18:48:05Z,
45.61.136.173,ipv4,malicious-ip,medium,WHITE,ziyadnz/hourly-ipv4,ziyadnz|hourly,2026-08-17T18:48:05Z,2026-08-17T18:48:05Z,
45.61.136.194,ipv4,malicious-ip,medium,WHITE,ziyadnz/hourly-ipv4,ziyadnz|hourly,2026-08-17T18:48:05Z,2026-08-17T18:48:05Z,
45.61.136.198,ipv4,malicious-ip,medium,WHITE,ziyadnz/hourly-ipv4,ziyadnz|hourly,2026-08-17T18:48:05Z,2026-08-17T18:48:05Z,
45.61.136.20,ipv4,malicious-ip,medium,WHITE,ziyadnz/hourly-ipv4,ziyadnz|hourly,2026-08-17T18:48:05Z,2026-08-17T18:48:05Z,
45.61.136.202,ipv4,malicious-ip,medium,WHITE,ziyadnz/hourly-ipv4,ziyadnz|hourly,2026-08-17T18:48:05Z,2026-08-17T18:48:05Z,
45.61.136.207,ipv4,malicious-ip,medium,WHITE,ziyadnz/hourly-ipv4,ziyadnz|hourly,2026-08-17T18:48:05Z,2026-08-17T18:48:05Z,
45.61.136.228,ipv4,malicious-ip,medium,WHITE,ziyadnz/hourly-ipv4,ziyadnz|hourly,2026-08-17T18:48:05Z,2026-08-17T18:48:05Z,
45.61.136.30,ipv4,malicious-ip,medium,WHITE,ziyadnz/hourly-ipv4,ziyadnz|hourly,2026-08-17T18:48:05Z,2026-08-17T18:48:05Z,
45.61.136.5,ipv4,malicious-ip,medium,WHITE,ziyadnz/hourly-ipv4,ziyadnz|hourly,2026-08-17T18:48:05Z,2026-08-17T18:48:05Z,
45.61.136.7,ipv4,malicious-ip,medium,WHITE,ziyadnz/hourly-ipv4,ziyadnz|hourly,2026-08-17T18:48:05Z,2026-08-17T18:48:05Z,
45.61.136.76,ipv4,malicious-ip,medium,WHITE,ziyadnz/hourly-ipv4,ziyadnz|hourly,2026-08-17T18:48:05Z,2026-08-17T18:48:05Z,
45.61.136.79,ipv4,malicious-ip,medium,WHITE,ziyadnz/hourly-ipv4,ziyadnz|hourly,2026-08-17T18:48:05Z,2026-08-17T18:48:05Z,
45.61.136.81,ipv4,malicious-ip,medium,WHITE,ziyadnz/hourly-ipv4,ziyadnz|hourly,2026-08-17T18:48:05Z,2026-08-17T18:48:05Z,
45.61.136.83,ipv4,malicious-ip,medium,WHITE,ziyadnz/hourly-ipv4,ziyadnz|hourly,2026-08-17T18:48:05Z,2026-08-17T18:48:05Z,
45.61.136.85,ipv4,malicious-ip,medium,WHITE,ziyadnz/hourly-ipv4,ziyadnz|hourly,2026-08-17T18:48:05Z,2026-08-17T18:48:05Z,
45.61.136.94,ipv4,malicious-ip,medium,WHITE,ziyadnz/hourly-ipv4,ziyadnz|hourly,2026-08-17T18:48:05Z,2026-08-17T18:48:05Z,
45.61.137.109,ipv4,malicious-ip,medium,WHITE,ziyadnz/hourly-ipv4,ziyadnz|hourly,2026-08-17T18:48:05Z,2026-08-17T18:48:05Z,
45.61.137.120,ipv4,malicious-ip,medium,WHITE,ziyadnz/hourly-ipv4,ziyadnz|hourly,2026-08-17T18:48:05Z,2026-08-17T18:48:05Z,
45.61.137.183,ipv4,malicious-ip,medium,WHITE,ziyadnz/hourly-ipv4,ziyadnz|hourly,2026-08-17T18:48:05Z,2026-08-17T18:48:05Z,
45.61.137.213,ipv4,malicious-ip,medium,WHITE,ziyadnz/hourly-ipv4,ziyadnz|hourly,2026-08-17T18:48:05Z,2026-08-17T18:48:05Z,
45.61.137.226,ipv4,malicious-ip,medium,WHITE,ziyadnz/hourly-ipv4,ziyadnz|hourly,2026-08-17T18:48:05Z,2026-08-17T18:48:05Z,
45.61.137.32,ipv4,malicious-ip,medium,WHITE,ziyadnz/hourly-ipv4,ziyadnz|hourly,2026-08-17T18:48:05Z,2026-08-17T18:48:05Z,
45.61.137.41,ipv4,malicious-ip,medium,WHITE,ziyadnz/hourly-ipv4,ziyadnz|hourly,2026-08-17T18:48:05Z,2026-08-17T18:48:05Z,
45.61.137.57,ipv4,malicious-ip,medium,WHITE,ziyadnz/hourly-ipv4,ziyadnz|hourly,2026-08-17T18:48:05Z,2026-08-17T18:48:05Z,
45.61.138.109,ipv4,malicious-ip,medium,WHITE,ziyadnz/hourly-ipv4,ziyadnz|hourly,2026-08-17T18:48:05Z,2026-08-17T18:48:05Z,
45.61.138.127,ipv4,malicious-ip,medium,WHITE,ziyadnz/hourly-ipv4,ziyadnz|hourly,2026-08-17T18:48:05Z,2026-08-17T18:48:05Z,
45.61.138.157,ipv4,malicious-ip,medium,WHITE,ziyadnz/hourly-ipv4,ziyadnz|hourly,2026-08-17T18:48:05Z,2026-08-17T18:48:05Z,
45.61.138.224,ipv4,malicious-ip,medium,WHITE,ziyadnz/hourly-ipv4,ziyadnz|hourly,2026-08-17T18:48:05Z,2026-08-17T18:48:05Z,
45.61.138.99,ipv4,malicious-ip,medium,WHITE,ziyadnz/hourly-ipv4,ziyadnz|hourly,2026-08-17T18:48:05Z,2026-08-17T18:48:05Z,
45.61.139.103,ipv4,malicious-ip,medium,WHITE,ziyadnz/hourly-ipv4,ziyadnz|hourly,2026-08-17T18:48:05Z,2026-08-17T18:48:05Z,
45.61.139.11,ipv4,malicious-ip,medium,WHITE,ziyadnz/hourly-ipv4,ziyadnz|hourly,2026-08-17T18:48:05Z,2026-08-17T18:48:05Z,
45.61.139.113,ipv4,malicious-ip,medium,WHITE,ziyadnz/hourly-ipv4,ziyadnz|hourly,2026-08-17T18:48:05Z,2026-08-17T18:48:05Z,
45.61.139.225,ipv4,malicious-ip,medium,WHITE,ziyadnz/hourly-ipv4,ziyadnz|hourly,2026-08-17T18:48:05Z,2026-08-17T18:48:05Z,
45.61.139.243,ipv4,malicious-ip,medium,WHITE,ziyadnz/hourly-ipv4,ziyadnz|hourly,2026-08-17T18:48:05Z,2026-08-17T18:48:05Z,
45.61.139.33,ipv4,malicious-ip,medium,WHITE,ziyadnz/hourly-ipv4,ziyadnz|hourly,2026-08-17T18:48:05Z,2026-08-17T18:48:05Z,
45.61.139.38,ipv4,malicious-ip,medium,WHITE,ziyadnz/hourly-ipv4,ziyadnz|hourly,2026-08-17T18:48:05Z,2026-08-17T18:48:05Z,
45.61.139.51,ipv4,malicious-ip,medium,WHITE,ziyadnz/hourly-ipv4,ziyadnz|hourly,2026-08-17T18:48:05Z,2026-08-17T18:48:05Z,
45.61.139.86,ipv4,malicious-ip,medium,WHITE,ziyadnz/hourly-ipv4,ziyadnz|hourly,2026-08-17T18:48:05Z,2026-08-17T18:48:05Z,
45.61.147.176,ipv4,malicious-ip,medium,WHITE,ziyadnz/hourly-ipv4,ziyadnz|hourly,2026-08-17T18:48:05Z,2026-08-17T18:48:05Z,
45.61.148.118,ipv4,malicious-ip,medium,WHITE,ziyadnz/hourly-ipv4,ziyadnz|hourly,2026-08-17T18:48:05Z,2026-08-17T18:48:05Z,
45.61.148.153,ipv4,malicious-ip,medium,WHITE,ziyadnz/hourly-ipv4,ziyadnz|hourly,2026-08-17T18:48:05Z,2026-08-17T18:48:05Z,
45.61.149.200,ipv4,malicious-ip,medium,WHITE,ziyadnz/hourly-ipv4,ziyadnz|hourly,2026-08-17T18:48:05Z,2026-08-17T18:48:05Z,
45.61.149.62,ipv4,malicious-ip,medium,WHITE,ziyadnz/hourly-ipv4,ziyadnz|hourly,2026-08-17T18:48:05Z,2026-08-17T18:48:05Z,
45.61.150.67,ipv4,malicious-ip,medium,WHITE,ziyadnz/hourly-ipv4,ziyadnz|hourly,2026-08-17T18:48:05Z,2026-08-17T18:48:05Z,
45.61.150.96,ipv4,malicious-ip,medium,WHITE,ziyadnz/hourly-ipv4,ziyadnz|hourly,2026-08-17T18:48:05Z,2026-08-17T18:48:05Z,
45.61.151.12,ipv4,malicious-ip,medium,WHITE,ziyadnz/hourly-ipv4,ziyadnz|hourly,2026-08-17T18:48:05Z,2026-08-17T18:48:05Z,
45.61.152.154,ipv4,malicious-ip,medium,WHITE,ziyadnz/hourly-ipv4,ziyadnz|hourly,2026-08-17T18:48:05Z,2026-08-17T18:48:05Z,
45.61.153.117,ipv4,malicious-ip,medium,WHITE,ziyadnz/hourly-ipv4,ziyadnz|hourly,2026-08-17T18:48:05Z,2026-08-17T18:48:05Z,
45.61.154.130,ipv4,malicious-ip,medium,WHITE,ziyadnz/hourly-ipv4,ziyadnz|hourly,2026-08-17T18:48:05Z,2026-08-17T18:48:05Z,
45.61.156.3,ipv4,malicious-ip,medium,WHITE,ziyadnz/hourly-ipv4,ziyadnz|hourly,2026-08-17T18:48:05Z,2026-08-17T18:48:05Z,
45.61.157.12,ipv4,malicious-ip,medium,WHITE,ziyadnz/hourly-ipv4,ziyadnz|hourly,2026-08-17T18:48:05Z,2026-08-17T18:48:05Z,
45.61.157.120,ipv4,malicious-ip,medium,WHITE,ziyadnz/hourly-ipv4,ziyadnz|hourly,2026-08-17T18:48:05Z,2026-08-17T18:48:05Z,
45.61.158.108,ipv4,malicious-ip,medium,WHITE,ziyadnz/hourly-ipv4,ziyadnz|hourly,2026-08-17T18:48:05Z,2026-08-17T18:48:05Z,
45.61.158.14,ipv4,malicious-ip,medium,WHITE,ziyadnz/hourly-ipv4,ziyadnz|hourly,2026-08-17T18:48:05Z,2026-08-17T18:48:05Z,
45.61.159.25,ipv4,malicious-ip,medium,WHITE,ziyadnz/hourly-ipv4,ziyadnz|hourly,2026-08-17T18:48:05Z,2026-08-17T18:48:05Z,
45.61.160.14,ipv4,malicious-ip,medium,WHITE,ziyadnz/hourly-ipv4,ziyadnz|hourly,2026-08-17T18:48:05Z,2026-08-17T18:48:05Z,
45.61.162.142,ipv4,malicious-ip,medium,WHITE,ziyadnz/hourly-ipv4,ziyadnz|hourly,2026-08-17T18:48:05Z,2026-08-17T18:48:05Z,
45.61.163.106,ipv4,malicious-ip,medium,WHITE,ziyadnz/hourly-ipv4,ziyadnz|hourly,2026-08-17T18:48:05Z,2026-08-17T18:48:05Z,
45.61.165.157,ipv4,malicious-ip,medium,WHITE,ziyadnz/hourly-ipv4,ziyadnz|hourly,2026-08-17T18:48:05Z,2026-08-17T18:48:05Z,
45.61.169.187,ipv4,malicious-ip,medium,WHITE,ziyadnz/hourly-ipv4,ziyadnz|hourly,2026-08-17T18:48:05Z,2026-08-17T18:48:05Z,
45.61.169.4,ipv4,malicious-ip,medium,WHITE,ziyadnz/hourly-ipv4,ziyadnz|hourly,2026-08-17T18:48:05Z,2026-08-17T18:48:05Z,
45.61.169.99,ipv4,malicious-ip,medium,WHITE,ziyadnz/hourly-ipv4,ziyadnz|hourly,2026-08-17T18:48:05Z,2026-08-17T18:48:05Z,
45.61.176.77,ipv4,malicious-ip,medium,WHITE,ziyadnz/hourly-ipv4,ziyadnz|hourly,2026-08-17T18:48:05Z,2026-08-17T18:48:05Z,
45.61.184.228,ipv4,malicious-ip,medium,WHITE,ziyadnz/hourly-ipv4,ziyadnz|hourly,2026-08-17T18:48:05Z,2026-08-17T18:48:05Z,
45.61.185.172,ipv4,malicious-ip,medium,WHITE,ziyadnz/hourly-ipv4,ziyadnz|hourly,2026-08-17T18:48:05Z,2026-08-17T18:48:05Z,
45.61.185.216,ipv4,malicious-ip,medium,WHITE,ziyadnz/hourly-ipv4,ziyadnz|hourly,2026-08-17T18:48:05Z,2026-08-17T18:48:05Z,
45.61.186.36,ipv4,malicious-ip,medium,WHITE,ziyadnz/hourly-ipv4,ziyadnz|hourly,2026-08-17T18:48:05Z,2026-08-17T18:48:05Z,
45.61.187.124,ipv4,malicious-ip,medium,WHITE,ziyadnz/hourly-ipv4,ziyadnz|hourly,2026-08-17T18:48:05Z,2026-08-17T18:48:05Z,
45.61.187.30,ipv4,malicious-ip,medium,WHITE,ziyadnz/hourly-ipv4,ziyadnz|hourly,2026-08-17T18:48:05Z,2026-08-17T18:48:05Z,
45.61.187.50,ipv4,malicious-ip,medium,WHITE,ziyadnz/hourly-ipv4,ziyadnz|hourly,2026-08-17T18:48:05Z,2026-08-17T18:48:05Z,
45.61.188.131,ipv4,malicious-ip,medium,WHITE,ziyadnz/hourly-ipv4,ziyadnz|hourly,2026-08-17T18:48:05Z,2026-08-17T18:48:05Z,
45.61.188.134,ipv4,malicious-ip,medium,WHITE,ziyadnz/hourly-ipv4,ziyadnz|hourly,2026-08-17T18:48:05Z,2026-08-17T18:48:05Z,
45.61.188.15,ipv4,malicious-ip,medium,WHITE,ziyadnz/hourly-ipv4,ziyadnz|hourly,2026-08-17T18:48:05Z,2026-08-17T18:48:05Z,
45.61.188.151,ipv4,malicious-ip,medium,WHITE,ziyadnz/hourly-ipv4,ziyadnz|hourly,2026-08-17T18:48:05Z,2026-08-17T18:48:05Z,
45.61.188.238,ipv4,malicious-ip,medium,WHITE,ziyadnz/hourly-ipv4,ziyadnz|hourly,2026-08-17T18:48:05Z,2026-08-17T18:48:05Z,
45.61.188.240,ipv4,malicious-ip,medium,WHITE,ziyadnz/hourly-ipv4,ziyadnz|hourly,2026-08-17T18:48:05Z,2026-08-17T18:48:05Z,
45.61.188.47,ipv4,malicious-ip,medium,WHITE,ziyadnz/hourly-ipv4,ziyadnz|hourly,2026-08-17T18:48:05Z,2026-08-17T18:48:05Z,
45.61.52.18,ipv4,malicious-ip,medium,WHITE,ziyadnz/hourly-ipv4,ziyadnz|hourly,2026-08-17T18:48:05Z,2026-08-17T18:48:05Z,
45.61.57.64,ipv4,malicious-ip,medium,WHITE,ziyadnz/hourly-ipv4,ziyadnz|hourly,2026-08-17T18:48:05Z,2026-08-17T18:48:05Z,
45.63.104.106,ipv4,malicious-ip,medium,WHITE,ziyadnz/hourly-ipv4,ziyadnz|hourly,2026-08-17T18:48:05Z,2026-08-17T18:48:05Z,
45.63.104.11,ipv4,malicious-ip,medium,WHITE,ziyadnz/hourly-ipv4,ziyadnz|hourly,2026-08-17T18:48:05Z,2026-08-17T18:48:05Z,
45.63.39.209,ipv4,malicious-ip,medium,WHITE,ziyadnz/hourly-ipv4,ziyadnz|hourly,2026-08-17T18:48:05Z,2026-08-17T18:48:05Z,
45.63.4.69,ipv4,malicious-ip,medium,WHITE,ziyadnz/hourly-ipv4,ziyadnz|hourly,2026-08-17T18:48:05Z,2026-08-17T18:48:05Z,
45.63.52.184,ipv4,malicious-ip,medium,WHITE,ziyadnz/hourly-ipv4,ziyadnz|hourly,2026-08-17T18:48:05Z,2026-08-17T18:48:05Z,
45.63.57.15,ipv4,malicious-ip,medium,WHITE,ziyadnz/hourly-ipv4,ziyadnz|hourly,2026-08-17T18:48:05Z,2026-08-17T18:48:05Z,
45.63.60.39,ipv4,malicious-ip,medium,WHITE,ziyadnz/hourly-ipv4,ziyadnz|hourly,2026-08-17T18:48:05Z,2026-08-17T18:48:05Z,
45.63.70.57,ipv4,malicious-ip,medium,WHITE,ziyadnz/hourly-ipv4,ziyadnz|hourly,2026-08-17T18:48:05Z,2026-08-17T18:48:05Z,
45.63.89.238,ipv4,malicious-ip,medium,WHITE,ziyadnz/hourly-ipv4,ziyadnz|hourly,2026-08-17T18:48:05Z,2026-08-17T18:48:05Z,
45.63.96.68,ipv4,malicious-ip,medium,WHITE,ziyadnz/hourly-ipv4,ziyadnz|hourly,2026-08-17T18:48:05Z,2026-08-17T18:48:05Z,
45.63.97.44,ipv4,malicious-ip,medium,WHITE,ziyadnz/hourly-ipv4,ziyadnz|hourly,2026-08-17T18:48:05Z,2026-08-17T18:48:05Z,
45.64.100.26,ipv4,malicious-ip,medium,WHITE,ziyadnz/hourly-ipv4,ziyadnz|hourly,2026-08-17T18:48:05Z,2026-08-17T18:48:05Z,
45.64.100.28,ipv4,malicious-ip,medium,WHITE,ziyadnz/hourly-ipv4,ziyadnz|hourly,2026-08-17T18:48:05Z,2026-08-17T18:48:05Z,
45.64.111.18,ipv4,malicious-ip,medium,WHITE,ziyadnz/hourly-ipv4,ziyadnz|hourly,2026-08-17T18:48:05Z,2026-08-17T18:48:05Z,
45.64.134.75,ipv4,malicious-ip,medium,WHITE,ziyadnz/hourly-ipv4,ziyadnz|hourly,2026-08-17T18:48:05Z,2026-08-17T18:48:05Z,
45.64.146.115,ipv4,malicious-ip,medium,WHITE,ziyadnz/hourly-ipv4,ziyadnz|hourly,2026-08-17T18:48:05Z,2026-08-17T18:48:05Z,
45.64.176.225,ipv4,malicious-ip,medium,WHITE,ziyadnz/hourly-ipv4,ziyadnz|hourly,2026-08-17T18:48:05Z,2026-08-17T18:48:05Z,
45.64.184.189,ipv4,malicious-ip,medium,WHITE,ziyadnz/hourly-ipv4,ziyadnz|hourly,2026-08-17T18:48:05Z,2026-08-17T18:48:05Z,
45.64.215.114,ipv4,malicious-ip,medium,WHITE,ziyadnz/hourly-ipv4,ziyadnz|hourly,2026-08-17T18:48:05Z,2026-08-17T18:48:05Z,
45.64.24.4,ipv4,malicious-ip,medium,WHITE,ziyadnz/hourly-ipv4,ziyadnz|hourly,2026-08-17T18:48:05Z,2026-08-17T18:48:05Z,
45.64.74.56,ipv4,malicious-ip,medium,WHITE,ziyadnz/hourly-ipv4,ziyadnz|hourly,2026-08-17T18:48:05Z,2026-08-17T18:48:05Z,
45.64.81.78,ipv4,malicious-ip,medium,WHITE,ziyadnz/hourly-ipv4,ziyadnz|hourly,2026-08-17T18:48:05Z,2026-08-17T18:48:05Z,
45.64.85.109,ipv4,malicious-ip,medium,WHITE,ziyadnz/hourly-ipv4,ziyadnz|hourly,2026-08-17T18:48:05Z,2026-08-17T18:48:05Z,
45.65.129.10,ipv4,malicious-ip,medium,WHITE,ziyadnz/hourly-ipv4,ziyadnz|hourly,2026-08-17T18:48:05Z,2026-08-17T18:48:05Z,
45.65.146.49,ipv4,malicious-ip,medium,WHITE,ziyadnz/hourly-ipv4,ziyadnz|hourly,2026-08-17T18:48:05Z,2026-08-17T18:48:05Z,
45.65.167.170,ipv4,malicious-ip,medium,WHITE,ziyadnz/hourly-ipv4,ziyadnz|hourly,2026-08-17T18:48:05Z,2026-08-17T18:48:05Z,
45.65.188.20,ipv4,malicious-ip,medium,WHITE,ziyadnz/hourly-ipv4,ziyadnz|hourly,2026-08-17T18:48:05Z,2026-08-17T18:48:05Z,
45.65.213.143,ipv4,malicious-ip,medium,WHITE,ziyadnz/hourly-ipv4,ziyadnz|hourly,2026-08-17T18:48:05Z,2026-08-17T18:48:05Z,
45.65.224.0,ipv4,malicious-ip,medium,WHITE,ziyadnz/hourly-ipv4,ziyadnz|hourly,2026-08-17T18:48:05Z,2026-08-17T18:48:05Z,
45.65.224.146,ipv4,malicious-ip,medium,WHITE,ziyadnz/hourly-ipv4,ziyadnz|hourly,2026-08-17T18:48:05Z,2026-08-17T18:48:05Z,
45.65.224.150,ipv4,malicious-ip,medium,WHITE,ziyadnz/hourly-ipv4,ziyadnz|hourly,2026-08-17T18:48:05Z,2026-08-17T18:48:05Z,
45.65.224.195,ipv4,malicious-ip,medium,WHITE,ziyadnz/hourly-ipv4,ziyadnz|hourly,2026-08-17T18:48:05Z,2026-08-17T18:48:05Z,
45.65.224.199,ipv4,malicious-ip,medium,WHITE,ziyadnz/hourly-ipv4,ziyadnz|hourly,2026-08-17T18:48:05Z,2026-08-17T18:48:05Z,
45.65.224.228,ipv4,malicious-ip,medium,WHITE,ziyadnz/hourly-ipv4,ziyadnz|hourly,2026-08-17T18:48:05Z,2026-08-17T18:48:05Z,
45.65.224.229,ipv4,malicious-ip,medium,WHITE,ziyadnz/hourly-ipv4,ziyadnz|hourly,2026-08-17T18:48:05Z,2026-08-17T18:48:05Z,
45.65.224.26,ipv4,malicious-ip,medium,WHITE,ziyadnz/hourly-ipv4,ziyadnz|hourly,2026-08-17T18:48:05Z,2026-08-17T18:48:05Z,
45.65.225.72,ipv4,malicious-ip,medium,WHITE,ziyadnz/hourly-ipv4,ziyadnz|hourly,2026-08-17T18:48:05Z,2026-08-17T18:48:05Z,
45.65.225.73,ipv4,malicious-ip,medium,WHITE,ziyadnz/hourly-ipv4,ziyadnz|hourly,2026-08-17T18:48:05Z,2026-08-17T18:48:05Z,
45.65.226.177,ipv4,malicious-ip,medium,WHITE,ziyadnz/hourly-ipv4,ziyadnz|hourly,2026-08-17T18:48:05Z,2026-08-17T18:48:05Z,
45.65.226.178,ipv4,malicious-ip,medium,WHITE,ziyadnz/hourly-ipv4,ziyadnz|hourly,2026-08-17T18:48:05Z,2026-08-17T18:48:05Z,
45.65.226.179,ipv4,malicious-ip,medium,WHITE,ziyadnz/hourly-ipv4,ziyadnz|hourly,2026-08-17T18:48:05Z,2026-08-17T18:48:05Z,
45.65.227.131,ipv4,malicious-ip,medium,WHITE,ziyadnz/hourly-ipv4,ziyadnz|hourly,2026-08-17T18:48:05Z,2026-08-17T18:48:05Z,
45.65.227.243,ipv4,malicious-ip,medium,WHITE,ziyadnz/hourly-ipv4,ziyadnz|hourly,2026-08-17T18:48:05Z,2026-08-17T18:48:05Z,
45.65.227.82,ipv4,malicious-ip,medium,WHITE,ziyadnz/hourly-ipv4,ziyadnz|hourly,2026-08-17T18:48:05Z,2026-08-17T18:48:05Z,
45.65.227.89,ipv4,malicious-ip,medium,WHITE,ziyadnz/hourly-ipv4,ziyadnz|hourly,2026-08-17T18:48:05Z,2026-08-17T18:48:05Z,
45.65.233.18,ipv4,malicious-ip,medium,WHITE,ziyadnz/hourly-ipv4,ziyadnz|hourly,2026-08-17T18:48:05Z,2026-08-17T18:48:05Z,
45.65.233.63,ipv4,malicious-ip,medium,WHITE,ziyadnz/hourly-ipv4,ziyadnz|hourly,2026-08-17T18:48:05Z,2026-08-17T18:48:05Z,
45.65.238.7,ipv4,malicious-ip,medium,WHITE,ziyadnz/hourly-ipv4,ziyadnz|hourly,2026-08-17T18:48:05Z,2026-08-17T18:48:05Z,
45.65.239.28,ipv4,malicious-ip,medium,WHITE,ziyadnz/hourly-ipv4,ziyadnz|hourly,2026-08-17T18:48:05Z,2026-08-17T18:48:05Z,
45.65.239.60,ipv4,malicious-ip,medium,WHITE,ziyadnz/hourly-ipv4,ziyadnz|hourly,2026-08-17T18:48:05Z,2026-08-17T18:48:05Z,
45.65.51.93,ipv4,malicious-ip,medium,WHITE,ziyadnz/hourly-ipv4,ziyadnz|hourly,2026-08-17T18:48:05Z,2026-08-17T18:48:05Z,
45.66.131.134,ipv4,malicious-ip,medium,WHITE,ziyadnz/hourly-ipv4,ziyadnz|hourly,2026-08-17T18:48:05Z,2026-08-17T18:48:05Z,
45.66.161.109,ipv4,malicious-ip,medium,WHITE,ziyadnz/hourly-ipv4,ziyadnz|hourly,2026-08-17T18:48:05Z,2026-08-17T18:48:05Z,
45.66.198.212,ipv4,malicious-ip,medium,WHITE,ziyadnz/hourly-ipv4,ziyadnz|hourly,2026-08-17T18:48:05Z,2026-08-17T18:48:05Z,
45.66.228.255,ipv4,malicious-ip,medium,WHITE,ziyadnz/hourly-ipv4,ziyadnz|hourly,2026-08-17T18:48:05Z,2026-08-17T18:48:05Z,
45.66.230.123,ipv4,malicious-ip,medium,WHITE,ziyadnz/hourly-ipv4,ziyadnz|hourly,2026-08-17T18:48:05Z,2026-08-17T18:48:05Z,
45.66.230.142,ipv4,malicious-ip,medium,WHITE,ziyadnz/hourly-ipv4,ziyadnz|hourly,2026-08-17T18:48:05Z,2026-08-17T18:48:05Z,
45.66.230.169,ipv4,malicious-ip,medium,WHITE,ziyadnz/hourly-ipv4,ziyadnz|hourly,2026-08-17T18:48:05Z,2026-08-17T18:48:05Z,
45.66.230.215,ipv4,malicious-ip,medium,WHITE,ziyadnz/hourly-ipv4,ziyadnz|hourly,2026-08-17T18:48:05Z,2026-08-17T18:48:05Z,
45.66.230.216,ipv4,malicious-ip,medium,WHITE,ziyadnz/hourly-ipv4,ziyadnz|hourly,2026-08-17T18:48:05Z,2026-08-17T18:48:05Z,
45.66.230.32,ipv4,malicious-ip,medium,WHITE,ziyadnz/hourly-ipv4,ziyadnz|hourly,2026-08-17T18:48:05Z,2026-08-17T18:48:05Z,
45.66.230.47,ipv4,malicious-ip,medium,WHITE,ziyadnz/hourly-ipv4,ziyadnz|hourly,2026-08-17T18:48:05Z,2026-08-17T18:48:05Z,
45.66.230.64,ipv4,malicious-ip,medium,WHITE,ziyadnz/hourly-ipv4,ziyadnz|hourly,2026-08-17T18:48:05Z,2026-08-17T18:48:05Z,
45.66.231.148,ipv4,malicious-ip,medium,WHITE,ziyadnz/hourly-ipv4,ziyadnz|hourly,2026-08-17T18:48:05Z,2026-08-17T18:48:05Z,
45.66.231.213,ipv4,malicious-ip,medium,WHITE,ziyadnz/hourly-ipv4,ziyadnz|hourly,2026-08-17T18:48:05Z,2026-08-17T18:48:05Z,
45.66.248.112,ipv4,malicious-ip,medium,WHITE,ziyadnz/hourly-ipv4,ziyadnz|hourly,2026-08-17T18:48:05Z,2026-08-17T18:48:05Z,
45.66.248.209,ipv4,malicious-ip,medium,WHITE,ziyadnz/hourly-ipv4,ziyadnz|hourly,2026-08-17T18:48:05Z,2026-08-17T18:48:05Z,
45.66.249.118,ipv4,malicious-ip,medium,WHITE,ziyadnz/hourly-ipv4,ziyadnz|hourly,2026-08-17T18:48:05Z,2026-08-17T18:48:05Z,
45.66.249.28,ipv4,malicious-ip,medium,WHITE,ziyadnz/hourly-ipv4,ziyadnz|hourly,2026-08-17T18:48:05Z,2026-08-17T18:48:05Z,
45.66.35.20,ipv4,malicious-ip,medium,WHITE,ziyadnz/hourly-ipv4,ziyadnz|hourly,2026-08-17T18:48:05Z,2026-08-17T18:48:05Z,
45.66.35.21,ipv4,malicious-ip,medium,WHITE,ziyadnz/hourly-ipv4,ziyadnz|hourly,2026-08-17T18:48:05Z,2026-08-17T18:48:05Z,
45.66.35.22,ipv4,malicious-ip,medium,WHITE,ziyadnz/hourly-ipv4,ziyadnz|hourly,2026-08-17T18:48:05Z,2026-08-17T18:48:05Z,
45.66.35.23,ipv4,malicious-ip,medium,WHITE,ziyadnz/hourly-ipv4,ziyadnz|hourly,2026-08-17T18:48:05Z,2026-08-17T18:48:05Z,
45.66.35.24,ipv4,malicious-ip,medium,WHITE,ziyadnz/hourly-ipv4,ziyadnz|hourly,2026-08-17T18:48:05Z,2026-08-17T18:48:05Z,
45.66.35.26,ipv4,malicious-ip,medium,WHITE,ziyadnz/hourly-ipv4,ziyadnz|hourly,2026-08-17T18:48:05Z,2026-08-17T18:48:05Z,
45.66.35.27,ipv4,malicious-ip,medium,WHITE,ziyadnz/hourly-ipv4,ziyadnz|hourly,2026-08-17T18:48:05Z,2026-08-17T18:48:05Z,
45.66.35.28,ipv4,malicious-ip,medium,WHITE,ziyadnz/hourly-ipv4,ziyadnz|hourly,2026-08-17T18:48:05Z,2026-08-17T18:48:05Z,
45.66.35.29,ipv4,malicious-ip,medium,WHITE,ziyadnz/hourly-ipv4,ziyadnz|hourly,2026-08-17T18:48:05Z,2026-08-17T18:48:05Z,
45.66.35.30,ipv4,malicious-ip,medium,WHITE,ziyadnz/hourly-ipv4,ziyadnz|hourly,2026-08-17T18:48:05Z,2026-08-17T18:48:05Z,
45.66.35.31,ipv4,malicious-ip,medium,WHITE,ziyadnz/hourly-ipv4,ziyadnz|hourly,2026-08-17T18:48:05Z,2026-08-17T18:48:05Z,
45.66.35.32,ipv4,malicious-ip,medium,WHITE,ziyadnz/hourly-ipv4,ziyadnz|hourly,2026-08-17T18:48:05Z,2026-08-17T18:48:05Z,
45.66.35.33,ipv4,malicious-ip,medium,WHITE,ziyadnz/hourly-ipv4,ziyadnz|hourly,2026-08-17T18:48:05Z,2026-08-17T18:48:05Z,
45.66.35.34,ipv4,malicious-ip,medium,WHITE,ziyadnz/hourly-ipv4,ziyadnz|hourly,2026-08-17T18:48:05Z,2026-08-17T18:48:05Z,
45.66.35.35,ipv4,malicious-ip,medium,WHITE,ziyadnz/hourly-ipv4,ziyadnz|hourly,2026-08-17T18:48:05Z,2026-08-17T18:48:05Z,
45.66.35.36,ipv4,malicious-ip,medium,WHITE,ziyadnz/hourly-ipv4,ziyadnz|hourly,2026-08-17T18:48:05Z,2026-08-17T18:48:05Z,
45.66.35.38,ipv4,malicious-ip,medium,WHITE,ziyadnz/hourly-ipv4,ziyadnz|hourly,2026-08-17T18:48:05Z,2026-08-17T18:48:05Z,
45.66.35.39,ipv4,malicious-ip,medium,WHITE,ziyadnz/hourly-ipv4,ziyadnz|hourly,2026-08-17T18:48:05Z,2026-08-17T18:48:05Z,
45.66.35.40,ipv4,malicious-ip,medium,WHITE,ziyadnz/hourly-ipv4,ziyadnz|hourly,2026-08-17T18:48:05Z,2026-08-17T18:48:05Z,
45.66.35.41,ipv4,malicious-ip,medium,WHITE,ziyadnz/hourly-ipv4,ziyadnz|hourly,2026-08-17T18:48:05Z,2026-08-17T18:48:05Z,
45.66.35.42,ipv4,malicious-ip,medium,WHITE,ziyadnz/hourly-ipv4,ziyadnz|hourly,2026-08-17T18:48:05Z,2026-08-17T18:48:05Z,
45.66.35.43,ipv4,malicious-ip,medium,WHITE,ziyadnz/hourly-ipv4,ziyadnz|hourly,2026-08-17T18:48:05Z,2026-08-17T18:48:05Z,
45.66.35.44,ipv4,malicious-ip,medium,WHITE,ziyadnz/hourly-ipv4,ziyadnz|hourly,2026-08-17T18:48:05Z,2026-08-17T18:48:05Z,
45.66.35.45,ipv4,malicious-ip,medium,WHITE,ziyadnz/hourly-ipv4,ziyadnz|hourly,2026-08-17T18:48:05Z,2026-08-17T18:48:05Z,
45.66.35.46,ipv4,malicious-ip,medium,WHITE,ziyadnz/hourly-ipv4,ziyadnz|hourly,2026-08-17T18:48:05Z,2026-08-17T18:48:05Z,
45.66.35.62,ipv4,malicious-ip,medium,WHITE,ziyadnz/hourly-ipv4,ziyadnz|hourly,2026-08-17T18:48:05Z,2026-08-17T18:48:05Z,
45.66.52.41,ipv4,malicious-ip,medium,WHITE,ziyadnz/hourly-ipv4,ziyadnz|hourly,2026-08-17T18:48:05Z,2026-08-17T18:48:05Z,
45.67.155.0,ipv4,malicious-ip,medium,WHITE,ziyadnz/hourly-ipv4,ziyadnz|hourly,2026-08-17T18:48:05Z,2026-08-17T18:48:05Z,
45.67.155.104,ipv4,malicious-ip,medium,WHITE,ziyadnz/hourly-ipv4,ziyadnz|hourly,2026-08-17T18:48:05Z,2026-08-17T18:48:05Z,
45.67.155.110,ipv4,malicious-ip,medium,WHITE,ziyadnz/hourly-ipv4,ziyadnz|hourly,2026-08-17T18:48:05Z,2026-08-17T18:48:05Z,
45.67.155.112,ipv4,malicious-ip,medium,WHITE,ziyadnz/hourly-ipv4,ziyadnz|hourly,2026-08-17T18:48:05Z,2026-08-17T18:48:05Z,
45.67.155.129,ipv4,malicious-ip,medium,WHITE,ziyadnz/hourly-ipv4,ziyadnz|hourly,2026-08-17T18:48:05Z,2026-08-17T18:48:05Z,
45.67.155.143,ipv4,malicious-ip,medium,WHITE,ziyadnz/hourly-ipv4,ziyadnz|hourly,2026-08-17T18:48:05Z,2026-08-17T18:48:05Z,
45.67.155.147,ipv4,malicious-ip,medium,WHITE,ziyadnz/hourly-ipv4,ziyadnz|hourly,2026-08-17T18:48:05Z,2026-08-17T18:48:05Z,
45.67.155.173,ipv4,malicious-ip,medium,WHITE,ziyadnz/hourly-ipv4,ziyadnz|hourly,2026-08-17T18:48:05Z,2026-08-17T18:48:05Z,
45.67.155.178,ipv4,malicious-ip,medium,WHITE,ziyadnz/hourly-ipv4,ziyadnz|hourly,2026-08-17T18:48:05Z,2026-08-17T18:48:05Z,
45.67.155.180,ipv4,malicious-ip,medium,WHITE,ziyadnz/hourly-ipv4,ziyadnz|hourly,2026-08-17T18:48:05Z,2026-08-17T18:48:05Z,
45.67.155.206,ipv4,malicious-ip,medium,WHITE,ziyadnz/hourly-ipv4,ziyadnz|hourly,2026-08-17T18:48:05Z,2026-08-17T18:48:05Z,
45.67.155.218,ipv4,malicious-ip,medium,WHITE,ziyadnz/hourly-ipv4,ziyadnz|hourly,2026-08-17T18:48:05Z,2026-08-17T18:48:05Z,
45.67.155.226,ipv4,malicious-ip,medium,WHITE,ziyadnz/hourly-ipv4,ziyadnz|hourly,2026-08-17T18:48:05Z,2026-08-17T18:48:05Z,
45.67.155.232,ipv4,malicious-ip,medium,WHITE,ziyadnz/hourly-ipv4,ziyadnz|hourly,2026-08-17T18:48:05Z,2026-08-17T18:48:05Z,
45.67.155.236,ipv4,malicious-ip,medium,WHITE,ziyadnz/hourly-ipv4,ziyadnz|hourly,2026-08-17T18:48:05Z,2026-08-17T18:48:05Z,
45.67.155.68,ipv4,malicious-ip,medium,WHITE,ziyadnz/hourly-ipv4,ziyadnz|hourly,2026-08-17T18:48:05Z,2026-08-17T18:48:05Z,
45.67.155.76,ipv4,malicious-ip,medium,WHITE,ziyadnz/hourly-ipv4,ziyadnz|hourly,2026-08-17T18:48:05Z,2026-08-17T18:48:05Z,
45.67.155.91,ipv4,malicious-ip,medium,WHITE,ziyadnz/hourly-ipv4,ziyadnz|hourly,2026-08-17T18:48:05Z,2026-08-17T18:48:05Z,
45.67.184.204,ipv4,malicious-ip,medium,WHITE,ziyadnz/hourly-ipv4,ziyadnz|hourly,2026-08-17T18:48:05Z,2026-08-17T18:48:05Z,
45.67.203.41,ipv4,malicious-ip,medium,WHITE,ziyadnz/hourly-ipv4,ziyadnz|hourly,2026-08-17T18:48:05Z,2026-08-17T18:48:05Z,
45.67.203.77,ipv4,malicious-ip,medium,WHITE,ziyadnz/hourly-ipv4,ziyadnz|hourly,2026-08-17T18:48:05Z,2026-08-17T18:48:05Z,
45.67.229.149,ipv4,malicious-ip,medium,WHITE,ziyadnz/hourly-ipv4,ziyadnz|hourly,2026-08-17T18:48:05Z,2026-08-17T18:48:05Z,
45.67.231.10,ipv4,malicious-ip,medium,WHITE,ziyadnz/hourly-ipv4,ziyadnz|hourly,2026-08-17T18:48:05Z,2026-08-17T18:48:05Z,
45.67.244.0,ipv4,malicious-ip,medium,WHITE,ziyadnz/hourly-ipv4,ziyadnz|hourly,2026-08-17T18:48:05Z,2026-08-17T18:48:05Z,
45.67.34.219,ipv4,malicious-ip,medium,WHITE,ziyadnz/hourly-ipv4,ziyadnz|hourly,2026-08-17T18:48:05Z,2026-08-17T18:48:05Z,
45.67.58.100,ipv4,malicious-ip,medium,WHITE,ziyadnz/hourly-ipv4,ziyadnz|hourly,2026-08-17T18:48:05Z,2026-08-17T18:48:05Z,
45.7.130.223,ipv4,malicious-ip,medium,WHITE,ziyadnz/hourly-ipv4,ziyadnz|hourly,2026-08-17T18:48:05Z,2026-08-17T18:48:05Z,
45.7.187.145,ipv4,malicious-ip,medium,WHITE,ziyadnz/hourly-ipv4,ziyadnz|hourly,2026-08-17T18:48:05Z,2026-08-17T18:48:05Z,
45.7.187.161,ipv4,malicious-ip,medium,WHITE,ziyadnz/hourly-ipv4,ziyadnz|hourly,2026-08-17T18:48:05Z,2026-08-17T18:48:05Z,
45.7.209.114,ipv4,malicious-ip,medium,WHITE,ziyadnz/hourly-ipv4,ziyadnz|hourly,2026-08-17T18:48:05Z,2026-08-17T18:48:05Z,
45.7.26.112,ipv4,malicious-ip,medium,WHITE,ziyadnz/hourly-ipv4,ziyadnz|hourly,2026-08-17T18:48:05Z,2026-08-17T18:48:05Z,
45.7.42.128,ipv4,malicious-ip,medium,WHITE,ziyadnz/hourly-ipv4,ziyadnz|hourly,2026-08-17T18:48:05Z,2026-08-17T18:48:05Z,
45.7.9.251,ipv4,malicious-ip,medium,WHITE,ziyadnz/hourly-ipv4,ziyadnz|hourly,2026-08-17T18:48:05Z,2026-08-17T18:48:05Z,
45.70.108.236,ipv4,malicious-ip,medium,WHITE,ziyadnz/hourly-ipv4,ziyadnz|hourly,2026-08-17T18:48:05Z,2026-08-17T18:48:05Z,
45.70.141.160,ipv4,malicious-ip,medium,WHITE,ziyadnz/hourly-ipv4,ziyadnz|hourly,2026-08-17T18:48:05Z,2026-08-17T18:48:05Z,
45.70.15.108,ipv4,malicious-ip,medium,WHITE,ziyadnz/hourly-ipv4,ziyadnz|hourly,2026-08-17T18:48:05Z,2026-08-17T18:48:05Z,
45.70.15.19,ipv4,malicious-ip,medium,WHITE,ziyadnz/hourly-ipv4,ziyadnz|hourly,2026-08-17T18:48:05Z,2026-08-17T18:48:05Z,
45.70.165.148,ipv4,malicious-ip,medium,WHITE,ziyadnz/hourly-ipv4,ziyadnz|hourly,2026-08-17T18:48:05Z,2026-08-17T18:48:05Z,
45.70.21.202,ipv4,malicious-ip,medium,WHITE,ziyadnz/hourly-ipv4,ziyadnz|hourly,2026-08-17T18:48:05Z,2026-08-17T18:48:05Z,
45.70.216.235,ipv4,malicious-ip,medium,WHITE,ziyadnz/hourly-ipv4,ziyadnz|hourly,2026-08-17T18:48:05Z,2026-08-17T18:48:05Z,
45.70.216.248,ipv4,malicious-ip,medium,WHITE,ziyadnz/hourly-ipv4,ziyadnz|hourly,2026-08-17T18:48:05Z,2026-08-17T18:48:05Z,
45.70.216.250,ipv4,malicious-ip,medium,WHITE,ziyadnz/hourly-ipv4,ziyadnz|hourly,2026-08-17T18:48:05Z,2026-08-17T18:48:05Z,
45.70.7.145,ipv4,malicious-ip,medium,WHITE,ziyadnz/hourly-ipv4,ziyadnz|hourly,2026-08-17T18:48:05Z,2026-08-17T18:48:05Z,
45.71.123.226,ipv4,malicious-ip,medium,WHITE,ziyadnz/hourly-ipv4,ziyadnz|hourly,2026-08-17T18:48:05Z,2026-08-17T18:48:05Z,
45.71.123.230,ipv4,malicious-ip,medium,WHITE,ziyadnz/hourly-ipv4,ziyadnz|hourly,2026-08-17T18:48:05Z,2026-08-17T18:48:05Z,
45.71.125.201,ipv4,malicious-ip,medium,WHITE,ziyadnz/hourly-ipv4,ziyadnz|hourly,2026-08-17T18:48:05Z,2026-08-17T18:48:05Z,
45.71.133.120,ipv4,malicious-ip,medium,WHITE,ziyadnz/hourly-ipv4,ziyadnz|hourly,2026-08-17T18:48:05Z,2026-08-17T18:48:05Z,
45.71.176.237,ipv4,malicious-ip,medium,WHITE,ziyadnz/hourly-ipv4,ziyadnz|hourly,2026-08-17T18:48:05Z,2026-08-17T18:48:05Z,
45.71.196.86,ipv4,malicious-ip,medium,WHITE,ziyadnz/hourly-ipv4,ziyadnz|hourly,2026-08-17T18:48:05Z,2026-08-17T18:48:05Z,
45.71.223.120,ipv4,malicious-ip,medium,WHITE,ziyadnz/hourly-ipv4,ziyadnz|hourly,2026-08-17T18:48:05Z,2026-08-17T18:48:05Z,
45.71.236.61,ipv4,malicious-ip,medium,WHITE,ziyadnz/hourly-ipv4,ziyadnz|hourly,2026-08-17T18:48:05Z,2026-08-17T18:48:05Z,
45.71.236.96,ipv4,malicious-ip,medium,WHITE,ziyadnz/hourly-ipv4,ziyadnz|hourly,2026-08-17T18:48:05Z,2026-08-17T18:48:05Z,
45.71.28.80,ipv4,malicious-ip,medium,WHITE,ziyadnz/hourly-ipv4,ziyadnz|hourly,2026-08-17T18:48:05Z,2026-08-17T18:48:05Z,
45.71.38.237,ipv4,malicious-ip,medium,WHITE,ziyadnz/hourly-ipv4,ziyadnz|hourly,2026-08-17T18:48:05Z,2026-08-17T18:48:05Z,
45.71.89.21,ipv4,malicious-ip,medium,WHITE,ziyadnz/hourly-ipv4,ziyadnz|hourly,2026-08-17T18:48:05Z,2026-08-17T18:48:05Z,
45.74.0.106,ipv4,malicious-ip,medium,WHITE,ziyadnz/hourly-ipv4,ziyadnz|hourly,2026-08-17T18:48:05Z,2026-08-17T18:48:05Z,
45.74.0.241,ipv4,malicious-ip,medium,WHITE,ziyadnz/hourly-ipv4,ziyadnz|hourly,2026-08-17T18:48:05Z,2026-08-17T18:48:05Z,
45.74.0.73,ipv4,malicious-ip,medium,WHITE,ziyadnz/hourly-ipv4,ziyadnz|hourly,2026-08-17T18:48:05Z,2026-08-17T18:48:05Z,
45.74.10.38,ipv4,malicious-ip,medium,WHITE,ziyadnz/hourly-ipv4,ziyadnz|hourly,2026-08-17T18:48:05Z,2026-08-17T18:48:05Z,
45.74.158.4,ipv4,malicious-ip,medium,WHITE,ziyadnz/hourly-ipv4,ziyadnz|hourly,2026-08-17T18:48:05Z,2026-08-17T18:48:05Z,
45.74.19.84,ipv4,malicious-ip,medium,WHITE,ziyadnz/hourly-ipv4,ziyadnz|hourly,2026-08-17T18:48:05Z,2026-08-17T18:48:05Z,
45.74.19.87,ipv4,malicious-ip,medium,WHITE,ziyadnz/hourly-ipv4,ziyadnz|hourly,2026-08-17T18:48:05Z,2026-08-17T18:48:05Z,
45.74.252.23,ipv4,malicious-ip,medium,WHITE,ziyadnz/hourly-ipv4,ziyadnz|hourly,2026-08-17T18:48:05Z,2026-08-17T18:48:05Z,
45.74.4.179,ipv4,malicious-ip,medium,WHITE,ziyadnz/hourly-ipv4,ziyadnz|hourly,2026-08-17T18:48:05Z,2026-08-17T18:48:05Z,
45.76.1.145,ipv4,malicious-ip,medium,WHITE,ziyadnz/hourly-ipv4,ziyadnz|hourly,2026-08-17T18:48:05Z,2026-08-17T18:48:05Z,
45.76.136.251,ipv4,malicious-ip,medium,WHITE,ziyadnz/hourly-ipv4,ziyadnz|hourly,2026-08-17T18:48:05Z,2026-08-17T18:48:05Z,
45.76.144.182,ipv4,malicious-ip,medium,WHITE,ziyadnz/hourly-ipv4,ziyadnz|hourly,2026-08-17T18:48:05Z,2026-08-17T18:48:05Z,
45.76.155.14,ipv4,malicious-ip,medium,WHITE,ziyadnz/hourly-ipv4,ziyadnz|hourly,2026-08-17T18:48:05Z,2026-08-17T18:48:05Z,
45.76.157.113,ipv4,malicious-ip,medium,WHITE,ziyadnz/hourly-ipv4,ziyadnz|hourly,2026-08-17T18:48:05Z,2026-08-17T18:48:05Z,
45.76.159.143,ipv4,malicious-ip,medium,WHITE,ziyadnz/hourly-ipv4,ziyadnz|hourly,2026-08-17T18:48:05Z,2026-08-17T18:48:05Z,
45.76.160.53,ipv4,malicious-ip,medium,WHITE,ziyadnz/hourly-ipv4,ziyadnz|hourly,2026-08-17T18:48:05Z,2026-08-17T18:48:05Z,
45.76.182.154,ipv4,malicious-ip,medium,WHITE,ziyadnz/hourly-ipv4,ziyadnz|hourly,2026-08-17T18:48:05Z,2026-08-17T18:48:05Z,
45.76.184.214,ipv4,malicious-ip,medium,WHITE,ziyadnz/hourly-ipv4,ziyadnz|hourly,2026-08-17T18:48:05Z,2026-08-17T18:48:05Z,
45.76.193.171,ipv4,malicious-ip,medium,WHITE,ziyadnz/hourly-ipv4,ziyadnz|hourly,2026-08-17T18:48:05Z,2026-08-17T18:48:05Z,
45.76.206.51,ipv4,malicious-ip,medium,WHITE,ziyadnz/hourly-ipv4,ziyadnz|hourly,2026-08-17T18:48:05Z,2026-08-17T18:48:05Z,
45.76.210.43,ipv4,malicious-ip,medium,WHITE,ziyadnz/hourly-ipv4,ziyadnz|hourly,2026-08-17T18:48:05Z,2026-08-17T18:48:05Z,
45.76.211.131,ipv4,malicious-ip,medium,WHITE,ziyadnz/hourly-ipv4,ziyadnz|hourly,2026-08-17T18:48:05Z,2026-08-17T18:48:05Z,
45.76.225.148,ipv4,malicious-ip,medium,WHITE,ziyadnz/hourly-ipv4,ziyadnz|hourly,2026-08-17T18:48:05Z,2026-08-17T18:48:05Z,
45.76.232.205,ipv4,malicious-ip,medium,WHITE,ziyadnz/hourly-ipv4,ziyadnz|hourly,2026-08-17T18:48:05Z,2026-08-17T18:48:05Z,
45.76.26.42,ipv4,malicious-ip,medium,WHITE,ziyadnz/hourly-ipv4,ziyadnz|hourly,2026-08-17T18:48:05Z,2026-08-17T18:48:05Z,
45.76.46.64,ipv4,malicious-ip,medium,WHITE,ziyadnz/hourly-ipv4,ziyadnz|hourly,2026-08-17T18:48:05Z,2026-08-17T18:48:05Z,
45.76.65.42,ipv4,malicious-ip,medium,WHITE,ziyadnz/hourly-ipv4,ziyadnz|hourly,2026-08-17T18:48:05Z,2026-08-17T18:48:05Z,
45.76.84.200,ipv4,malicious-ip,medium,WHITE,ziyadnz/hourly-ipv4,ziyadnz|hourly,2026-08-17T18:48:05Z,2026-08-17T18:48:05Z,
45.76.86.194,ipv4,malicious-ip,medium,WHITE,ziyadnz/hourly-ipv4,ziyadnz|hourly,2026-08-17T18:48:05Z,2026-08-17T18:48:05Z,
45.76.9.248,ipv4,malicious-ip,medium,WHITE,ziyadnz/hourly-ipv4,ziyadnz|hourly,2026-08-17T18:48:05Z,2026-08-17T18:48:05Z,
45.76.93.60,ipv4,malicious-ip,medium,WHITE,ziyadnz/hourly-ipv4,ziyadnz|hourly,2026-08-17T18:48:05Z,2026-08-17T18:48:05Z,
45.77.11.148,ipv4,malicious-ip,medium,WHITE,ziyadnz/hourly-ipv4,ziyadnz|hourly,2026-08-17T18:48:05Z,2026-08-17T18:48:05Z,
45.77.120.140,ipv4,malicious-ip,medium,WHITE,ziyadnz/hourly-ipv4,ziyadnz|hourly,2026-08-17T18:48:05Z,2026-08-17T18:48:05Z,
45.77.13.67,ipv4,malicious-ip,medium,WHITE,ziyadnz/hourly-ipv4,ziyadnz|hourly,2026-08-17T18:48:05Z,2026-08-17T18:48:05Z,
45.77.149.152,ipv4,malicious-ip,medium,WHITE,ziyadnz/hourly-ipv4,ziyadnz|hourly,2026-08-17T18:48:05Z,2026-08-17T18:48:05Z,
45.77.155.170,ipv4,malicious-ip,medium,WHITE,ziyadnz/hourly-ipv4,ziyadnz|hourly,2026-08-17T18:48:05Z,2026-08-17T18:48:05Z,
45.77.171.170,ipv4,malicious-ip,medium,WHITE,ziyadnz/hourly-ipv4,ziyadnz|hourly,2026-08-17T18:48:05Z,2026-08-17T18:48:05Z,
45.77.185.151,ipv4,malicious-ip,medium,WHITE,ziyadnz/hourly-ipv4,ziyadnz|hourly,2026-08-17T18:48:05Z,2026-08-17T18:48:05Z,
45.77.198.43,ipv4,malicious-ip,medium,WHITE,ziyadnz/hourly-ipv4,ziyadnz|hourly,2026-08-17T18:48:05Z,2026-08-17T18:48:05Z,
45.77.212.12,ipv4,malicious-ip,medium,WHITE,ziyadnz/hourly-ipv4,ziyadnz|hourly,2026-08-17T18:48:05Z,2026-08-17T18:48:05Z,
45.77.237.252,ipv4,malicious-ip,medium,WHITE,ziyadnz/hourly-ipv4,ziyadnz|hourly,2026-08-17T18:48:05Z,2026-08-17T18:48:05Z,
45.77.252.85,ipv4,malicious-ip,medium,WHITE,ziyadnz/hourly-ipv4,ziyadnz|hourly,2026-08-17T18:48:05Z,2026-08-17T18:48:05Z,
45.77.254.168,ipv4,malicious-ip,medium,WHITE,ziyadnz/hourly-ipv4,ziyadnz|hourly,2026-08-17T18:48:05Z,2026-08-17T18:48:05Z,
45.77.28.124,ipv4,malicious-ip,medium,WHITE,ziyadnz/hourly-ipv4,ziyadnz|hourly,2026-08-17T18:48:05Z,2026-08-17T18:48:05Z,
45.77.31.97,ipv4,malicious-ip,medium,WHITE,ziyadnz/hourly-ipv4,ziyadnz|hourly,2026-08-17T18:48:05Z,2026-08-17T18:48:05Z,
45.77.32.3,ipv4,malicious-ip,medium,WHITE,ziyadnz/hourly-ipv4,ziyadnz|hourly,2026-08-17T18:48:05Z,2026-08-17T18:48:05Z,
45.77.34.194,ipv4,malicious-ip,medium,WHITE,ziyadnz/hourly-ipv4,ziyadnz|hourly,2026-08-17T18:48:05Z,2026-08-17T18:48:05Z,
45.77.36.243,ipv4,malicious-ip,medium,WHITE,ziyadnz/hourly-ipv4,ziyadnz|hourly,2026-08-17T18:48:05Z,2026-08-17T18:48:05Z,
45.77.41.141,ipv4,malicious-ip,medium,WHITE,ziyadnz/hourly-ipv4,ziyadnz|hourly,2026-08-17T18:48:05Z,2026-08-17T18:48:05Z,
45.77.5.196,ipv4,malicious-ip,medium,WHITE,ziyadnz/hourly-ipv4,ziyadnz|hourly,2026-08-17T18:48:05Z,2026-08-17T18:48:05Z,
45.77.53.160,ipv4,malicious-ip,medium,WHITE,ziyadnz/hourly-ipv4,ziyadnz|hourly,2026-08-17T18:48:05Z,2026-08-17T18:48:05Z,
45.77.61.56,ipv4,malicious-ip,medium,WHITE,ziyadnz/hourly-ipv4,ziyadnz|hourly,2026-08-17T18:48:05Z,2026-08-17T18:48:05Z,
45.77.94.53,ipv4,malicious-ip,medium,WHITE,ziyadnz/hourly-ipv4,ziyadnz|hourly,2026-08-17T18:48:05Z,2026-08-17T18:48:05Z,
45.78.198.0,ipv4,malicious-ip,medium,WHITE,ziyadnz/hourly-ipv4,ziyadnz|hourly,2026-08-17T18:48:05Z,2026-08-17T18:48:05Z,
45.78.198.158,ipv4,malicious-ip,medium,WHITE,ziyadnz/hourly-ipv4,ziyadnz|hourly,2026-08-17T18:48:05Z,2026-08-17T18:48:05Z,
45.78.198.162,ipv4,malicious-ip,medium,WHITE,ziyadnz/hourly-ipv4,ziyadnz|hourly,2026-08-17T18:48:05Z,2026-08-17T18:48:05Z,
45.78.198.167,ipv4,malicious-ip,medium,WHITE,ziyadnz/hourly-ipv4,ziyadnz|hourly,2026-08-17T18:48:05Z,2026-08-17T18:48:05Z,
45.78.198.177,ipv4,malicious-ip,medium,WHITE,ziyadnz/hourly-ipv4,ziyadnz|hourly,2026-08-17T18:48:05Z,2026-08-17T18:48:05Z,
45.78.198.178,ipv4,malicious-ip,medium,WHITE,ziyadnz/hourly-ipv4,ziyadnz|hourly,2026-08-17T18:48:05Z,2026-08-17T18:48:05Z,
45.78.198.190,ipv4,malicious-ip,medium,WHITE,ziyadnz/hourly-ipv4,ziyadnz|hourly,2026-08-17T18:48:05Z,2026-08-17T18:48:05Z,
45.78.198.194,ipv4,malicious-ip,medium,WHITE,ziyadnz/hourly-ipv4,ziyadnz|hourly,2026-08-17T18:48:05Z,2026-08-17T18:48:05Z,
45.78.198.199,ipv4,malicious-ip,medium,WHITE,ziyadnz/hourly-ipv4,ziyadnz|hourly,2026-08-17T18:48:05Z,2026-08-17T18:48:05Z,
45.78.198.204,ipv4,malicious-ip,medium,WHITE,ziyadnz/hourly-ipv4,ziyadnz|hourly,2026-08-17T18:48:05Z,2026-08-17T18:48:05Z,
45.78.198.206,ipv4,malicious-ip,medium,WHITE,ziyadnz/hourly-ipv4,ziyadnz|hourly,2026-08-17T18:48:05Z,2026-08-17T18:48:05Z,
45.78.198.228,ipv4,malicious-ip,medium,WHITE,ziyadnz/hourly-ipv4,ziyadnz|hourly,2026-08-17T18:48:05Z,2026-08-17T18:48:05Z,
45.78.225.195,ipv4,malicious-ip,medium,WHITE,ziyadnz/hourly-ipv4,ziyadnz|hourly,2026-08-17T18:48:05Z,2026-08-17T18:48:05Z,
45.78.235.121,ipv4,malicious-ip,medium,WHITE,ziyadnz/hourly-ipv4,ziyadnz|hourly,2026-08-17T18:48:05Z,2026-08-17T18:48:05Z,
45.78.235.96,ipv4,malicious-ip,medium,WHITE,ziyadnz/hourly-ipv4,ziyadnz|hourly,2026-08-17T18:48:05Z,2026-08-17T18:48:05Z,
45.79.103.44,ipv4,malicious-ip,medium,WHITE,ziyadnz/hourly-ipv4,ziyadnz|hourly,2026-08-17T18:48:05Z,2026-08-17T18:48:05Z,
45.79.104.47,ipv4,malicious-ip,medium,WHITE,ziyadnz/hourly-ipv4,ziyadnz|hourly,2026-08-17T18:48:05Z,2026-08-17T18:48:05Z,
45.79.109.130,ipv4,malicious-ip,medium,WHITE,ziyadnz/hourly-ipv4,ziyadnz|hourly,2026-08-17T18:48:05Z,2026-08-17T18:48:05Z,
45.79.109.193,ipv4,malicious-ip,medium,WHITE,ziyadnz/hourly-ipv4,ziyadnz|hourly,2026-08-17T18:48:05Z,2026-08-17T18:48:05Z,
45.79.109.236,ipv4,malicious-ip,medium,WHITE,ziyadnz/hourly-ipv4,ziyadnz|hourly,2026-08-17T18:48:05Z,2026-08-17T18:48:05Z,
45.79.109.4,ipv4,malicious-ip,medium,WHITE,ziyadnz/hourly-ipv4,ziyadnz|hourly,2026-08-17T18:48:05Z,2026-08-17T18:48:05Z,
45.79.110.218,ipv4,malicious-ip,medium,WHITE,ziyadnz/hourly-ipv4,ziyadnz|hourly,2026-08-17T18:48:05Z,2026-08-17T18:48:05Z,
45.79.114.208,ipv4,malicious-ip,medium,WHITE,ziyadnz/hourly-ipv4,ziyadnz|hourly,2026-08-17T18:48:05Z,2026-08-17T18:48:05Z,
45.79.114.248,ipv4,malicious-ip,medium,WHITE,ziyadnz/hourly-ipv4,ziyadnz|hourly,2026-08-17T18:48:05Z,2026-08-17T18:48:05Z,
45.79.115.117,ipv4,malicious-ip,medium,WHITE,ziyadnz/hourly-ipv4,ziyadnz|hourly,2026-08-17T18:48:05Z,2026-08-17T18:48:05Z,
45.79.123.76,ipv4,malicious-ip,medium,WHITE,ziyadnz/hourly-ipv4,ziyadnz|hourly,2026-08-17T18:48:05Z,2026-08-17T18:48:05Z,
45.79.128.205,ipv4,malicious-ip,medium,WHITE,ziyadnz/hourly-ipv4,ziyadnz|hourly,2026-08-17T18:48:05Z,2026-08-17T18:48:05Z,
45.79.130.74,ipv4,malicious-ip,medium,WHITE,ziyadnz/hourly-ipv4,ziyadnz|hourly,2026-08-17T18:48:05Z,2026-08-17T18:48:05Z,
45.79.132.41,ipv4,malicious-ip,medium,WHITE,ziyadnz/hourly-ipv4,ziyadnz|hourly,2026-08-17T18:48:05Z,2026-08-17T18:48:05Z,
45.79.134.107,ipv4,malicious-ip,medium,WHITE,ziyadnz/hourly-ipv4,ziyadnz|hourly,2026-08-17T18:48:05Z,2026-08-17T18:48:05Z,
45.79.137.230,ipv4,malicious-ip,medium,WHITE,ziyadnz/hourly-ipv4,ziyadnz|hourly,2026-08-17T18:48:05Z,2026-08-17T18:48:05Z,
45.79.149.50,ipv4,malicious-ip,medium,WHITE,ziyadnz/hourly-ipv4,ziyadnz|hourly,2026-08-17T18:48:05Z,2026-08-17T18:48:05Z,
45.79.149.61,ipv4,malicious-ip,medium,WHITE,ziyadnz/hourly-ipv4,ziyadnz|hourly,2026-08-17T18:48:05Z,2026-08-17T18:48:05Z,
45.79.150.186,ipv4,malicious-ip,medium,WHITE,ziyadnz/hourly-ipv4,ziyadnz|hourly,2026-08-17T18:48:05Z,2026-08-17T18:48:05Z,
45.79.152.14,ipv4,malicious-ip,medium,WHITE,ziyadnz/hourly-ipv4,ziyadnz|hourly,2026-08-17T18:48:05Z,2026-08-17T18:48:05Z,
45.79.152.240,ipv4,malicious-ip,medium,WHITE,ziyadnz/hourly-ipv4,ziyadnz|hourly,2026-08-17T18:48:05Z,2026-08-17T18:48:05Z,
45.79.153.51,ipv4,malicious-ip,medium,WHITE,ziyadnz/hourly-ipv4,ziyadnz|hourly,2026-08-17T18:48:05Z,2026-08-17T18:48:05Z,
45.79.153.72,ipv4,malicious-ip,medium,WHITE,ziyadnz/hourly-ipv4,ziyadnz|hourly,2026-08-17T18:48:05Z,2026-08-17T18:48:05Z,
45.79.156.9,ipv4,malicious-ip,medium,WHITE,ziyadnz/hourly-ipv4,ziyadnz|hourly,2026-08-17T18:48:05Z,2026-08-17T18:48:05Z,
45.79.165.102,ipv4,malicious-ip,medium,WHITE,ziyadnz/hourly-ipv4,ziyadnz|hourly,2026-08-17T18:48:05Z,2026-08-17T18:48:05Z,
45.79.168.172,ipv4,malicious-ip,medium,WHITE,ziyadnz/hourly-ipv4,ziyadnz|hourly,2026-08-17T18:48:05Z,2026-08-17T18:48:05Z,
45.79.173.230,ipv4,malicious-ip,medium,WHITE,ziyadnz/hourly-ipv4,ziyadnz|hourly,2026-08-17T18:48:05Z,2026-08-17T18:48:05Z,
45.79.175.85,ipv4,malicious-ip,medium,WHITE,ziyadnz/hourly-ipv4,ziyadnz|hourly,2026-08-17T18:48:05Z,2026-08-17T18:48:05Z,
45.79.177.239,ipv4,malicious-ip,medium,WHITE,ziyadnz/hourly-ipv4,ziyadnz|hourly,2026-08-17T18:48:05Z,2026-08-17T18:48:05Z,
45.79.177.245,ipv4,malicious-ip,medium,WHITE,ziyadnz/hourly-ipv4,ziyadnz|hourly,2026-08-17T18:48:05Z,2026-08-17T18:48:05Z,
45.79.181.104,ipv4,malicious-ip,medium,WHITE,ziyadnz/hourly-ipv4,ziyadnz|hourly,2026-08-17T18:48:05Z,2026-08-17T18:48:05Z,
45.79.181.179,ipv4,malicious-ip,medium,WHITE,ziyadnz/hourly-ipv4,ziyadnz|hourly,2026-08-17T18:48:05Z,2026-08-17T18:48:05Z,
45.79.181.223,ipv4,malicious-ip,medium,WHITE,ziyadnz/hourly-ipv4,ziyadnz|hourly,2026-08-17T18:48:05Z,2026-08-17T18:48:05Z,
45.79.181.251,ipv4,malicious-ip,medium,WHITE,ziyadnz/hourly-ipv4,ziyadnz|hourly,2026-08-17T18:48:05Z,2026-08-17T18:48:05Z,
45.79.184.197,ipv4,malicious-ip,medium,WHITE,ziyadnz/hourly-ipv4,ziyadnz|hourly,2026-08-17T18:48:05Z,2026-08-17T18:48:05Z,
45.79.186.176,ipv4,malicious-ip,medium,WHITE,ziyadnz/hourly-ipv4,ziyadnz|hourly,2026-08-17T18:48:05Z,2026-08-17T18:48:05Z,
45.79.188.67,ipv4,malicious-ip,medium,WHITE,ziyadnz/hourly-ipv4,ziyadnz|hourly,2026-08-17T18:48:05Z,2026-08-17T18:48:05Z,
45.79.19.57,ipv4,malicious-ip,medium,WHITE,ziyadnz/hourly-ipv4,ziyadnz|hourly,2026-08-17T18:48:05Z,2026-08-17T18:48:05Z,
45.79.190.10,ipv4,malicious-ip,medium,WHITE,ziyadnz/hourly-ipv4,ziyadnz|hourly,2026-08-17T18:48:05Z,2026-08-17T18:48:05Z,
45.79.190.133,ipv4,malicious-ip,medium,WHITE,ziyadnz/hourly-ipv4,ziyadnz|hourly,2026-08-17T18:48:05Z,2026-08-17T18:48:05Z,
45.79.191.178,ipv4,malicious-ip,medium,WHITE,ziyadnz/hourly-ipv4,ziyadnz|hourly,2026-08-17T18:48:05Z,2026-08-17T18:48:05Z,
45.79.192.105,ipv4,malicious-ip,medium,WHITE,ziyadnz/hourly-ipv4,ziyadnz|hourly,2026-08-17T18:48:05Z,2026-08-17T18:48:05Z,
45.79.192.108,ipv4,malicious-ip,medium,WHITE,ziyadnz/hourly-ipv4,ziyadnz|hourly,2026-08-17T18:48:05Z,2026-08-17T18:48:05Z,
45.79.192.147,ipv4,malicious-ip,medium,WHITE,ziyadnz/hourly-ipv4,ziyadnz|hourly,2026-08-17T18:48:05Z,2026-08-17T18:48:05Z,
45.79.192.156,ipv4,malicious-ip,medium,WHITE,ziyadnz/hourly-ipv4,ziyadnz|hourly,2026-08-17T18:48:05Z,2026-08-17T18:48:05Z,
45.79.192.162,ipv4,malicious-ip,medium,WHITE,ziyadnz/hourly-ipv4,ziyadnz|hourly,2026-08-17T18:48:05Z,2026-08-17T18:48:05Z,
45.79.192.191,ipv4,malicious-ip,medium,WHITE,ziyadnz/hourly-ipv4,ziyadnz|hourly,2026-08-17T18:48:05Z,2026-08-17T18:48:05Z,
45.79.192.230,ipv4,malicious-ip,medium,WHITE,ziyadnz/hourly-ipv4,ziyadnz|hourly,2026-08-17T18:48:05Z,2026-08-17T18:48:05Z,
45.79.192.27,ipv4,malicious-ip,medium,WHITE,ziyadnz/hourly-ipv4,ziyadnz|hourly,2026-08-17T18:48:05Z,2026-08-17T18:48:05Z,
45.79.192.32,ipv4,malicious-ip,medium,WHITE,ziyadnz/hourly-ipv4,ziyadnz|hourly,2026-08-17T18:48:05Z,2026-08-17T18:48:05Z,
45.79.192.34,ipv4,malicious-ip,medium,WHITE,ziyadnz/hourly-ipv4,ziyadnz|hourly,2026-08-17T18:48:05Z,2026-08-17T18:48:05Z,
45.79.192.72,ipv4,malicious-ip,medium,WHITE,ziyadnz/hourly-ipv4,ziyadnz|hourly,2026-08-17T18:48:05Z,2026-08-17T18:48:05Z,
45.79.192.92,ipv4,malicious-ip,medium,WHITE,ziyadnz/hourly-ipv4,ziyadnz|hourly,2026-08-17T18:48:05Z,2026-08-17T18:48:05Z,
45.79.2.134,ipv4,malicious-ip,medium,WHITE,ziyadnz/hourly-ipv4,ziyadnz|hourly,2026-08-17T18:48:05Z,2026-08-17T18:48:05Z,
45.79.206.96,ipv4,malicious-ip,medium,WHITE,ziyadnz/hourly-ipv4,ziyadnz|hourly,2026-08-17T18:48:05Z,2026-08-17T18:48:05Z,
45.79.207.108,ipv4,malicious-ip,medium,WHITE,ziyadnz/hourly-ipv4,ziyadnz|hourly,2026-08-17T18:48:05Z,2026-08-17T18:48:05Z,
45.79.207.109,ipv4,malicious-ip,medium,WHITE,ziyadnz/hourly-ipv4,ziyadnz|hourly,2026-08-17T18:48:05Z,2026-08-17T18:48:05Z,
45.79.207.147,ipv4,malicious-ip,medium,WHITE,ziyadnz/hourly-ipv4,ziyadnz|hourly,2026-08-17T18:48:05Z,2026-08-17T18:48:05Z,
45.79.207.198,ipv4,malicious-ip,medium,WHITE,ziyadnz/hourly-ipv4,ziyadnz|hourly,2026-08-17T18:48:05Z,2026-08-17T18:48:05Z,
45.79.207.204,ipv4,malicious-ip,medium,WHITE,ziyadnz/hourly-ipv4,ziyadnz|hourly,2026-08-17T18:48:05Z,2026-08-17T18:48:05Z,
45.79.207.209,ipv4,malicious-ip,medium,WHITE,ziyadnz/hourly-ipv4,ziyadnz|hourly,2026-08-17T18:48:05Z,2026-08-17T18:48:05Z,
45.79.207.223,ipv4,malicious-ip,medium,WHITE,ziyadnz/hourly-ipv4,ziyadnz|hourly,2026-08-17T18:48:05Z,2026-08-17T18:48:05Z,
45.79.207.71,ipv4,malicious-ip,medium,WHITE,ziyadnz/hourly-ipv4,ziyadnz|hourly,2026-08-17T18:48:05Z,2026-08-17T18:48:05Z,
45.79.207.98,ipv4,malicious-ip,medium,WHITE,ziyadnz/hourly-ipv4,ziyadnz|hourly,2026-08-17T18:48:05Z,2026-08-17T18:48:05Z,
45.79.211.114,ipv4,malicious-ip,medium,WHITE,ziyadnz/hourly-ipv4,ziyadnz|hourly,2026-08-17T18:48:05Z,2026-08-17T18:48:05Z,
45.79.211.195,ipv4,malicious-ip,medium,WHITE,ziyadnz/hourly-ipv4,ziyadnz|hourly,2026-08-17T18:48:05Z,2026-08-17T18:48:05Z,
45.79.211.97,ipv4,malicious-ip,medium,WHITE,ziyadnz/hourly-ipv4,ziyadnz|hourly,2026-08-17T18:48:05Z,2026-08-17T18:48:05Z,
45.79.213.172,ipv4,malicious-ip,medium,WHITE,ziyadnz/hourly-ipv4,ziyadnz|hourly,2026-08-17T18:48:05Z,2026-08-17T18:48:05Z,
45.79.214.122,ipv4,malicious-ip,medium,WHITE,ziyadnz/hourly-ipv4,ziyadnz|hourly,2026-08-17T18:48:05Z,2026-08-17T18:48:05Z,
45.79.214.23,ipv4,malicious-ip,medium,WHITE,ziyadnz/hourly-ipv4,ziyadnz|hourly,2026-08-17T18:48:05Z,2026-08-17T18:48:05Z,
45.79.214.237,ipv4,malicious-ip,medium,WHITE,ziyadnz/hourly-ipv4,ziyadnz|hourly,2026-08-17T18:48:05Z,2026-08-17T18:48:05Z,
45.79.214.253,ipv4,malicious-ip,medium,WHITE,ziyadnz/hourly-ipv4,ziyadnz|hourly,2026-08-17T18:48:05Z,2026-08-17T18:48:05Z,
45.79.219.104,ipv4,malicious-ip,medium,WHITE,ziyadnz/hourly-ipv4,ziyadnz|hourly,2026-08-17T18:48:05Z,2026-08-17T18:48:05Z,
45.79.225.32,ipv4,malicious-ip,medium,WHITE,ziyadnz/hourly-ipv4,ziyadnz|hourly,2026-08-17T18:48:05Z,2026-08-17T18:48:05Z,
45.79.239.117,ipv4,malicious-ip,medium,WHITE,ziyadnz/hourly-ipv4,ziyadnz|hourly,2026-08-17T18:48:05Z,2026-08-17T18:48:05Z,
45.79.40.209,ipv4,malicious-ip,medium,WHITE,ziyadnz/hourly-ipv4,ziyadnz|hourly,2026-08-17T18:48:05Z,2026-08-17T18:48:05Z,
45.79.40.217,ipv4,malicious-ip,medium,WHITE,ziyadnz/hourly-ipv4,ziyadnz|hourly,2026-08-17T18:48:05Z,2026-08-17T18:48:05Z,
45.79.40.80,ipv4,malicious-ip,medium,WHITE,ziyadnz/hourly-ipv4,ziyadnz|hourly,2026-08-17T18:48:05Z,2026-08-17T18:48:05Z,
45.79.44.78,ipv4,malicious-ip,medium,WHITE,ziyadnz/hourly-ipv4,ziyadnz|hourly,2026-08-17T18:48:05Z,2026-08-17T18:48:05Z,
45.79.5.120,ipv4,malicious-ip,medium,WHITE,ziyadnz/hourly-ipv4,ziyadnz|hourly,2026-08-17T18:48:05Z,2026-08-17T18:48:05Z,
45.79.5.39,ipv4,malicious-ip,medium,WHITE,ziyadnz/hourly-ipv4,ziyadnz|hourly,2026-08-17T18:48:05Z,2026-08-17T18:48:05Z,
45.79.67.140,ipv4,malicious-ip,medium,WHITE,ziyadnz/hourly-ipv4,ziyadnz|hourly,2026-08-17T18:48:05Z,2026-08-17T18:48:05Z,
45.79.67.28,ipv4,malicious-ip,medium,WHITE,ziyadnz/hourly-ipv4,ziyadnz|hourly,2026-08-17T18:48:05Z,2026-08-17T18:48:05Z,
45.79.7.102,ipv4,malicious-ip,medium,WHITE,ziyadnz/hourly-ipv4,ziyadnz|hourly,2026-08-17T18:48:05Z,2026-08-17T18:48:05Z,
45.79.7.213,ipv4,malicious-ip,medium,WHITE,ziyadnz/hourly-ipv4,ziyadnz|hourly,2026-08-17T18:48:05Z,2026-08-17T18:48:05Z,
45.79.82.114,ipv4,malicious-ip,medium,WHITE,ziyadnz/hourly-ipv4,ziyadnz|hourly,2026-08-17T18:48:05Z,2026-08-17T18:48:05Z,
45.79.9.95,ipv4,malicious-ip,medium,WHITE,ziyadnz/hourly-ipv4,ziyadnz|hourly,2026-08-17T18:48:05Z,2026-08-17T18:48:05Z,
45.79.92.218,ipv4,malicious-ip,medium,WHITE,ziyadnz/hourly-ipv4,ziyadnz|hourly,2026-08-17T18:48:05Z,2026-08-17T18:48:05Z,
45.79.98.252,ipv4,malicious-ip,medium,WHITE,ziyadnz/hourly-ipv4,ziyadnz|hourly,2026-08-17T18:48:05Z,2026-08-17T18:48:05Z,
45.8.133.111,ipv4,malicious-ip,medium,WHITE,ziyadnz/hourly-ipv4,ziyadnz|hourly,2026-08-17T18:48:05Z,2026-08-17T18:48:05Z,
45.8.145.137,ipv4,malicious-ip,medium,WHITE,ziyadnz/hourly-ipv4,ziyadnz|hourly,2026-08-17T18:48:05Z,2026-08-17T18:48:05Z,
45.8.145.203,ipv4,malicious-ip,medium,WHITE,ziyadnz/hourly-ipv4,ziyadnz|hourly,2026-08-17T18:48:05Z,2026-08-17T18:48:05Z,
45.8.146.93,ipv4,malicious-ip,medium,WHITE,ziyadnz/hourly-ipv4,ziyadnz|hourly,2026-08-17T18:48:05Z,2026-08-17T18:48:05Z,
45.8.157.199,ipv4,malicious-ip,medium,WHITE,ziyadnz/hourly-ipv4,ziyadnz|hourly,2026-08-17T18:48:05Z,2026-08-17T18:48:05Z,
45.8.158.104,ipv4,malicious-ip,medium,WHITE,ziyadnz/hourly-ipv4,ziyadnz|hourly,2026-08-17T18:48:05Z,2026-08-17T18:48:05Z,
45.8.19.0,ipv4,malicious-ip,medium,WHITE,ziyadnz/hourly-ipv4,ziyadnz|hourly,2026-08-17T18:48:05Z,2026-08-17T18:48:05Z,
45.8.19.116,ipv4,malicious-ip,medium,WHITE,ziyadnz/hourly-ipv4,ziyadnz|hourly,2026-08-17T18:48:05Z,2026-08-17T18:48:05Z,
45.8.19.121,ipv4,malicious-ip,medium,WHITE,ziyadnz/hourly-ipv4,ziyadnz|hourly,2026-08-17T18:48:05Z,2026-08-17T18:48:05Z,
45.8.19.122,ipv4,malicious-ip,medium,WHITE,ziyadnz/hourly-ipv4,ziyadnz|hourly,2026-08-17T18:48:05Z,2026-08-17T18:48:05Z,
45.8.19.133,ipv4,malicious-ip,medium,WHITE,ziyadnz/hourly-ipv4,ziyadnz|hourly,2026-08-17T18:48:05Z,2026-08-17T18:48:05Z,
45.8.19.5,ipv4,malicious-ip,medium,WHITE,ziyadnz/hourly-ipv4,ziyadnz|hourly,2026-08-17T18:48:05Z,2026-08-17T18:48:05Z,
45.8.19.7,ipv4,malicious-ip,medium,WHITE,ziyadnz/hourly-ipv4,ziyadnz|hourly,2026-08-17T18:48:05Z,2026-08-17T18:48:05Z,
45.8.19.75,ipv4,malicious-ip,medium,WHITE,ziyadnz/hourly-ipv4,ziyadnz|hourly,2026-08-17T18:48:05Z,2026-08-17T18:48:05Z,
45.8.19.79,ipv4,malicious-ip,medium,WHITE,ziyadnz/hourly-ipv4,ziyadnz|hourly,2026-08-17T18:48:05Z,2026-08-17T18:48:05Z,
45.8.19.86,ipv4,malicious-ip,medium,WHITE,ziyadnz/hourly-ipv4,ziyadnz|hourly,2026-08-17T18:48:05Z,2026-08-17T18:48:05Z,
45.8.19.92,ipv4,malicious-ip,medium,WHITE,ziyadnz/hourly-ipv4,ziyadnz|hourly,2026-08-17T18:48:05Z,2026-08-17T18:48:05Z,
45.8.19.97,ipv4,malicious-ip,medium,WHITE,ziyadnz/hourly-ipv4,ziyadnz|hourly,2026-08-17T18:48:05Z,2026-08-17T18:48:05Z,
45.8.191.173,ipv4,malicious-ip,medium,WHITE,ziyadnz/hourly-ipv4,ziyadnz|hourly,2026-08-17T18:48:05Z,2026-08-17T18:48:05Z,
45.8.196.194,ipv4,malicious-ip,medium,WHITE,ziyadnz/hourly-ipv4,ziyadnz|hourly,2026-08-17T18:48:05Z,2026-08-17T18:48:05Z,
45.8.196.197,ipv4,malicious-ip,medium,WHITE,ziyadnz/hourly-ipv4,ziyadnz|hourly,2026-08-17T18:48:05Z,2026-08-17T18:48:05Z,
45.8.196.200,ipv4,malicious-ip,medium,WHITE,ziyadnz/hourly-ipv4,ziyadnz|hourly,2026-08-17T18:48:05Z,2026-08-17T18:48:05Z,
45.8.255.237,ipv4,malicious-ip,medium,WHITE,ziyadnz/hourly-ipv4,ziyadnz|hourly,2026-08-17T18:48:05Z,2026-08-17T18:48:05Z,
45.8.46.66,ipv4,malicious-ip,medium,WHITE,ziyadnz/hourly-ipv4,ziyadnz|hourly,2026-08-17T18:48:05Z,2026-08-17T18:48:05Z,
45.8.64.175,ipv4,malicious-ip,medium,WHITE,ziyadnz/hourly-ipv4,ziyadnz|hourly,2026-08-17T18:48:05Z,2026-08-17T18:48:05Z,
45.8.93.197,ipv4,malicious-ip,medium,WHITE,ziyadnz/hourly-ipv4,ziyadnz|hourly,2026-08-17T18:48:05Z,2026-08-17T18:48:05Z,
45.80.148.249,ipv4,malicious-ip,medium,WHITE,ziyadnz/hourly-ipv4,ziyadnz|hourly,2026-08-17T18:48:05Z,2026-08-17T18:48:05Z,
45.80.149.108,ipv4,malicious-ip,medium,WHITE,ziyadnz/hourly-ipv4,ziyadnz|hourly,2026-08-17T18:48:05Z,2026-08-17T18:48:05Z,
45.80.149.3,ipv4,malicious-ip,medium,WHITE,ziyadnz/hourly-ipv4,ziyadnz|hourly,2026-08-17T18:48:05Z,2026-08-17T18:48:05Z,
45.80.149.57,ipv4,malicious-ip,medium,WHITE,ziyadnz/hourly-ipv4,ziyadnz|hourly,2026-08-17T18:48:05Z,2026-08-17T18:48:05Z,
45.80.149.68,ipv4,malicious-ip,medium,WHITE,ziyadnz/hourly-ipv4,ziyadnz|hourly,2026-08-17T18:48:05Z,2026-08-17T18:48:05Z,
45.80.149.71,ipv4,malicious-ip,medium,WHITE,ziyadnz/hourly-ipv4,ziyadnz|hourly,2026-08-17T18:48:05Z,2026-08-17T18:48:05Z,
45.80.158.116,ipv4,malicious-ip,medium,WHITE,ziyadnz/hourly-ipv4,ziyadnz|hourly,2026-08-17T18:48:05Z,2026-08-17T18:48:05Z,
45.80.158.121,ipv4,malicious-ip,medium,WHITE,ziyadnz/hourly-ipv4,ziyadnz|hourly,2026-08-17T18:48:05Z,2026-08-17T18:48:05Z,
45.80.158.183,ipv4,malicious-ip,medium,WHITE,ziyadnz/hourly-ipv4,ziyadnz|hourly,2026-08-17T18:48:05Z,2026-08-17T18:48:05Z,
45.80.166.194,ipv4,malicious-ip,medium,WHITE,ziyadnz/hourly-ipv4,ziyadnz|hourly,2026-08-17T18:48:05Z,2026-08-17T18:48:05Z,
45.80.175.197,ipv4,malicious-ip,medium,WHITE,ziyadnz/hourly-ipv4,ziyadnz|hourly,2026-08-17T18:48:05Z,2026-08-17T18:48:05Z,
45.80.29.139,ipv4,malicious-ip,medium,WHITE,ziyadnz/hourly-ipv4,ziyadnz|hourly,2026-08-17T18:48:05Z,2026-08-17T18:48:05Z,
45.81.103.14,ipv4,malicious-ip,medium,WHITE,ziyadnz/hourly-ipv4,ziyadnz|hourly,2026-08-17T18:48:05Z,2026-08-17T18:48:05Z,
45.81.105.25,ipv4,malicious-ip,medium,WHITE,ziyadnz/hourly-ipv4,ziyadnz|hourly,2026-08-17T18:48:05Z,2026-08-17T18:48:05Z,
45.81.22.193,ipv4,malicious-ip,medium,WHITE,ziyadnz/hourly-ipv4,ziyadnz|hourly,2026-08-17T18:48:05Z,2026-08-17T18:48:05Z,
45.81.23.14,ipv4,malicious-ip,medium,WHITE,ziyadnz/hourly-ipv4,ziyadnz|hourly,2026-08-17T18:48:05Z,2026-08-17T18:48:05Z,
45.81.232.227,ipv4,malicious-ip,medium,WHITE,ziyadnz/hourly-ipv4,ziyadnz|hourly,2026-08-17T18:48:05Z,2026-08-17T18:48:05Z,
45.81.39.175,ipv4,malicious-ip,medium,WHITE,ziyadnz/hourly-ipv4,ziyadnz|hourly,2026-08-17T18:48:05Z,2026-08-17T18:48:05Z,
45.81.39.177,ipv4,malicious-ip,medium,WHITE,ziyadnz/hourly-ipv4,ziyadnz|hourly,2026-08-17T18:48:05Z,2026-08-17T18:48:05Z,
45.82.13.133,ipv4,malicious-ip,medium,WHITE,ziyadnz/hourly-ipv4,ziyadnz|hourly,2026-08-17T18:48:05Z,2026-08-17T18:48:05Z,
45.82.138.65,ipv4,malicious-ip,medium,WHITE,ziyadnz/hourly-ipv4,ziyadnz|hourly,2026-08-17T18:48:05Z,2026-08-17T18:48:05Z,
45.82.160.97,ipv4,malicious-ip,medium,WHITE,ziyadnz/hourly-ipv4,ziyadnz|hourly,2026-08-17T18:48:05Z,2026-08-17T18:48:05Z,
45.82.69.28,ipv4,malicious-ip,medium,WHITE,ziyadnz/hourly-ipv4,ziyadnz|hourly,2026-08-17T18:48:05Z,2026-08-17T18:48:05Z,
45.82.76.128,ipv4,malicious-ip,medium,WHITE,ziyadnz/hourly-ipv4,ziyadnz|hourly,2026-08-17T18:48:05Z,2026-08-17T18:48:05Z,
45.82.76.134,ipv4,malicious-ip,medium,WHITE,ziyadnz/hourly-ipv4,ziyadnz|hourly,2026-08-17T18:48:05Z,2026-08-17T18:48:05Z,
45.82.78.100,ipv4,malicious-ip,medium,WHITE,ziyadnz/hourly-ipv4,ziyadnz|hourly,2026-08-17T18:48:05Z,2026-08-17T18:48:05Z,
45.82.78.108,ipv4,malicious-ip,medium,WHITE,ziyadnz/hourly-ipv4,ziyadnz|hourly,2026-08-17T18:48:05Z,2026-08-17T18:48:05Z,
45.82.85.50,ipv4,malicious-ip,medium,WHITE,ziyadnz/hourly-ipv4,ziyadnz|hourly,2026-08-17T18:48:05Z,2026-08-17T18:48:05Z,
45.83.104.137,ipv4,malicious-ip,medium,WHITE,ziyadnz/hourly-ipv4,ziyadnz|hourly,2026-08-17T18:48:05Z,2026-08-17T18:48:05Z,
45.83.107.4,ipv4,malicious-ip,medium,WHITE,ziyadnz/hourly-ipv4,ziyadnz|hourly,2026-08-17T18:48:05Z,2026-08-17T18:48:05Z,
45.83.122.134,ipv4,malicious-ip,medium,WHITE,ziyadnz/hourly-ipv4,ziyadnz|hourly,2026-08-17T18:48:05Z,2026-08-17T18:48:05Z,
45.83.141.120,ipv4,malicious-ip,medium,WHITE,ziyadnz/hourly-ipv4,ziyadnz|hourly,2026-08-17T18:48:05Z,2026-08-17T18:48:05Z,
45.83.193.226,ipv4,malicious-ip,medium,WHITE,ziyadnz/hourly-ipv4,ziyadnz|hourly,2026-08-17T18:48:05Z,2026-08-17T18:48:05Z,
45.83.236.105,ipv4,malicious-ip,medium,WHITE,ziyadnz/hourly-ipv4,ziyadnz|hourly,2026-08-17T18:48:05Z,2026-08-17T18:48:05Z,
45.84.0.219,ipv4,malicious-ip,medium,WHITE,ziyadnz/hourly-ipv4,ziyadnz|hourly,2026-08-17T18:48:05Z,2026-08-17T18:48:05Z,
45.84.0.254,ipv4,malicious-ip,medium,WHITE,ziyadnz/hourly-ipv4,ziyadnz|hourly,2026-08-17T18:48:05Z,2026-08-17T18:48:05Z,
45.84.0.80,ipv4,malicious-ip,medium,WHITE,ziyadnz/hourly-ipv4,ziyadnz|hourly,2026-08-17T18:48:05Z,2026-08-17T18:48:05Z,
45.84.107.0,ipv4,malicious-ip,medium,WHITE,ziyadnz/hourly-ipv4,ziyadnz|hourly,2026-08-17T18:48:05Z,2026-08-17T18:48:05Z,
45.84.107.100,ipv4,malicious-ip,medium,WHITE,ziyadnz/hourly-ipv4,ziyadnz|hourly,2026-08-17T18:48:05Z,2026-08-17T18:48:05Z,
45.84.107.101,ipv4,malicious-ip,medium,WHITE,ziyadnz/hourly-ipv4,ziyadnz|hourly,2026-08-17T18:48:05Z,2026-08-17T18:48:05Z,
45.84.107.128,ipv4,malicious-ip,medium,WHITE,ziyadnz/hourly-ipv4,ziyadnz|hourly,2026-08-17T18:48:05Z,2026-08-17T18:48:05Z,
45.84.107.17,ipv4,malicious-ip,medium,WHITE,ziyadnz/hourly-ipv4,ziyadnz|hourly,2026-08-17T18:48:05Z,2026-08-17T18:48:05Z,
45.84.107.172,ipv4,malicious-ip,medium,WHITE,ziyadnz/hourly-ipv4,ziyadnz|hourly,2026-08-17T18:48:05Z,2026-08-17T18:48:05Z,
45.84.107.174,ipv4,malicious-ip,medium,WHITE,ziyadnz/hourly-ipv4,ziyadnz|hourly,2026-08-17T18:48:05Z,2026-08-17T18:48:05Z,
45.84.107.182,ipv4,malicious-ip,medium,WHITE,ziyadnz/hourly-ipv4,ziyadnz|hourly,2026-08-17T18:48:05Z,2026-08-17T18:48:05Z,
45.84.107.198,ipv4,malicious-ip,medium,WHITE,ziyadnz/hourly-ipv4,ziyadnz|hourly,2026-08-17T18:48:05Z,2026-08-17T18:48:05Z,
45.84.107.200,ipv4,malicious-ip,medium,WHITE,ziyadnz/hourly-ipv4,ziyadnz|hourly,2026-08-17T18:48:05Z,2026-08-17T18:48:05Z,
45.84.107.222,ipv4,malicious-ip,medium,WHITE,ziyadnz/hourly-ipv4,ziyadnz|hourly,2026-08-17T18:48:05Z,2026-08-17T18:48:05Z,
45.84.107.33,ipv4,malicious-ip,medium,WHITE,ziyadnz/hourly-ipv4,ziyadnz|hourly,2026-08-17T18:48:05Z,2026-08-17T18:48:05Z,
45.84.107.47,ipv4,malicious-ip,medium,WHITE,ziyadnz/hourly-ipv4,ziyadnz|hourly,2026-08-17T18:48:05Z,2026-08-17T18:48:05Z,
45.84.107.54,ipv4,malicious-ip,medium,WHITE,ziyadnz/hourly-ipv4,ziyadnz|hourly,2026-08-17T18:48:05Z,2026-08-17T18:48:05Z,
45.84.107.55,ipv4,malicious-ip,medium,WHITE,ziyadnz/hourly-ipv4,ziyadnz|hourly,2026-08-17T18:48:05Z,2026-08-17T18:48:05Z,
45.84.107.74,ipv4,malicious-ip,medium,WHITE,ziyadnz/hourly-ipv4,ziyadnz|hourly,2026-08-17T18:48:05Z,2026-08-17T18:48:05Z,
45.84.107.76,ipv4,malicious-ip,medium,WHITE,ziyadnz/hourly-ipv4,ziyadnz|hourly,2026-08-17T18:48:05Z,2026-08-17T18:48:05Z,
45.84.107.97,ipv4,malicious-ip,medium,WHITE,ziyadnz/hourly-ipv4,ziyadnz|hourly,2026-08-17T18:48:05Z,2026-08-17T18:48:05Z,
45.84.107.99,ipv4,malicious-ip,medium,WHITE,ziyadnz/hourly-ipv4,ziyadnz|hourly,2026-08-17T18:48:05Z,2026-08-17T18:48:05Z,
45.84.119.42,ipv4,malicious-ip,medium,WHITE,ziyadnz/hourly-ipv4,ziyadnz|hourly,2026-08-17T18:48:05Z,2026-08-17T18:48:05Z,
45.84.120.3,ipv4,malicious-ip,medium,WHITE,ziyadnz/hourly-ipv4,ziyadnz|hourly,2026-08-17T18:48:05Z,2026-08-17T18:48:05Z,
45.84.136.240,ipv4,malicious-ip,medium,WHITE,ziyadnz/hourly-ipv4,ziyadnz|hourly,2026-08-17T18:48:05Z,2026-08-17T18:48:05Z,
45.84.136.3,ipv4,malicious-ip,medium,WHITE,ziyadnz/hourly-ipv4,ziyadnz|hourly,2026-08-17T18:48:05Z,2026-08-17T18:48:05Z,
45.84.157.81,ipv4,malicious-ip,medium,WHITE,ziyadnz/hourly-ipv4,ziyadnz|hourly,2026-08-17T18:48:05Z,2026-08-17T18:48:05Z,
45.84.168.160,ipv4,malicious-ip,medium,WHITE,ziyadnz/hourly-ipv4,ziyadnz|hourly,2026-08-17T18:48:05Z,2026-08-17T18:48:05Z,
45.84.168.180,ipv4,malicious-ip,medium,WHITE,ziyadnz/hourly-ipv4,ziyadnz|hourly,2026-08-17T18:48:05Z,2026-08-17T18:48:05Z,
45.84.198.26,ipv4,malicious-ip,medium,WHITE,ziyadnz/hourly-ipv4,ziyadnz|hourly,2026-08-17T18:48:05Z,2026-08-17T18:48:05Z,
45.84.224.23,ipv4,malicious-ip,medium,WHITE,ziyadnz/hourly-ipv4,ziyadnz|hourly,2026-08-17T18:48:05Z,2026-08-17T18:48:05Z,
45.84.88.64,ipv4,malicious-ip,medium,WHITE,ziyadnz/hourly-ipv4,ziyadnz|hourly,2026-08-17T18:48:05Z,2026-08-17T18:48:05Z,
45.85.208.4,ipv4,malicious-ip,medium,WHITE,ziyadnz/hourly-ipv4,ziyadnz|hourly,2026-08-17T18:48:05Z,2026-08-17T18:48:05Z,
45.85.235.39,ipv4,malicious-ip,medium,WHITE,ziyadnz/hourly-ipv4,ziyadnz|hourly,2026-08-17T18:48:05Z,2026-08-17T18:48:05Z,
45.85.249.182,ipv4,malicious-ip,medium,WHITE,ziyadnz/hourly-ipv4,ziyadnz|hourly,2026-08-17T18:48:05Z,2026-08-17T18:48:05Z,
45.85.36.244,ipv4,malicious-ip,medium,WHITE,ziyadnz/hourly-ipv4,ziyadnz|hourly,2026-08-17T18:48:05Z,2026-08-17T18:48:05Z,
45.85.36.245,ipv4,malicious-ip,medium,WHITE,ziyadnz/hourly-ipv4,ziyadnz|hourly,2026-08-17T18:48:05Z,2026-08-17T18:48:05Z,
45.85.36.250,ipv4,malicious-ip,medium,WHITE,ziyadnz/hourly-ipv4,ziyadnz|hourly,2026-08-17T18:48:05Z,2026-08-17T18:48:05Z,
45.85.93.127,ipv4,malicious-ip,medium,WHITE,ziyadnz/hourly-ipv4,ziyadnz|hourly,2026-08-17T18:48:05Z,2026-08-17T18:48:05Z,
45.86.162.228,ipv4,malicious-ip,medium,WHITE,ziyadnz/hourly-ipv4,ziyadnz|hourly,2026-08-17T18:48:05Z,2026-08-17T18:48:05Z,
45.86.163.163,ipv4,malicious-ip,medium,WHITE,ziyadnz/hourly-ipv4,ziyadnz|hourly,2026-08-17T18:48:05Z,2026-08-17T18:48:05Z,
45.86.163.77,ipv4,malicious-ip,medium,WHITE,ziyadnz/hourly-ipv4,ziyadnz|hourly,2026-08-17T18:48:05Z,2026-08-17T18:48:05Z,
45.86.163.93,ipv4,malicious-ip,medium,WHITE,ziyadnz/hourly-ipv4,ziyadnz|hourly,2026-08-17T18:48:05Z,2026-08-17T18:48:05Z,
45.86.202.0,ipv4,malicious-ip,medium,WHITE,ziyadnz/hourly-ipv4,ziyadnz|hourly,2026-08-17T18:48:05Z,2026-08-17T18:48:05Z,
45.86.202.106,ipv4,malicious-ip,medium,WHITE,ziyadnz/hourly-ipv4,ziyadnz|hourly,2026-08-17T18:48:05Z,2026-08-17T18:48:05Z,
45.86.202.112,ipv4,malicious-ip,medium,WHITE,ziyadnz/hourly-ipv4,ziyadnz|hourly,2026-08-17T18:48:05Z,2026-08-17T18:48:05Z,
45.86.202.114,ipv4,malicious-ip,medium,WHITE,ziyadnz/hourly-ipv4,ziyadnz|hourly,2026-08-17T18:48:05Z,2026-08-17T18:48:05Z,
45.86.202.130,ipv4,malicious-ip,medium,WHITE,ziyadnz/hourly-ipv4,ziyadnz|hourly,2026-08-17T18:48:05Z,2026-08-17T18:48:05Z,
45.86.202.214,ipv4,malicious-ip,medium,WHITE,ziyadnz/hourly-ipv4,ziyadnz|hourly,2026-08-17T18:48:05Z,2026-08-17T18:48:05Z,
45.86.202.232,ipv4,malicious-ip,medium,WHITE,ziyadnz/hourly-ipv4,ziyadnz|hourly,2026-08-17T18:48:05Z,2026-08-17T18:48:05Z,
45.86.208.240,ipv4,malicious-ip,medium,WHITE,ziyadnz/hourly-ipv4,ziyadnz|hourly,2026-08-17T18:48:05Z,2026-08-17T18:48:05Z,
45.86.210.203,ipv4,malicious-ip,medium,WHITE,ziyadnz/hourly-ipv4,ziyadnz|hourly,2026-08-17T18:48:05Z,2026-08-17T18:48:05Z,
45.86.230.112,ipv4,malicious-ip,medium,WHITE,ziyadnz/hourly-ipv4,ziyadnz|hourly,2026-08-17T18:48:05Z,2026-08-17T18:48:05Z,
45.86.230.20,ipv4,malicious-ip,medium,WHITE,ziyadnz/hourly-ipv4,ziyadnz|hourly,2026-08-17T18:48:05Z,2026-08-17T18:48:05Z,
45.86.230.64,ipv4,malicious-ip,medium,WHITE,ziyadnz/hourly-ipv4,ziyadnz|hourly,2026-08-17T18:48:05Z,2026-08-17T18:48:05Z,
45.86.230.77,ipv4,malicious-ip,medium,WHITE,ziyadnz/hourly-ipv4,ziyadnz|hourly,2026-08-17T18:48:05Z,2026-08-17T18:48:05Z,
45.86.54.206,ipv4,malicious-ip,medium,WHITE,ziyadnz/hourly-ipv4,ziyadnz|hourly,2026-08-17T18:48:05Z,2026-08-17T18:48:05Z,
45.86.86.242,ipv4,malicious-ip,medium,WHITE,ziyadnz/hourly-ipv4,ziyadnz|hourly,2026-08-17T18:48:05Z,2026-08-17T18:48:05Z,
45.86.86.60,ipv4,malicious-ip,medium,WHITE,ziyadnz/hourly-ipv4,ziyadnz|hourly,2026-08-17T18:48:05Z,2026-08-17T18:48:05Z,
45.87.143.209,ipv4,malicious-ip,medium,WHITE,ziyadnz/hourly-ipv4,ziyadnz|hourly,2026-08-17T18:48:05Z,2026-08-17T18:48:05Z,
45.87.153.50,ipv4,malicious-ip,medium,WHITE,ziyadnz/hourly-ipv4,ziyadnz|hourly,2026-08-17T18:48:05Z,2026-08-17T18:48:05Z,
45.87.154.153,ipv4,malicious-ip,medium,WHITE,ziyadnz/hourly-ipv4,ziyadnz|hourly,2026-08-17T18:48:05Z,2026-08-17T18:48:05Z,
45.87.173.110,ipv4,malicious-ip,medium,WHITE,ziyadnz/hourly-ipv4,ziyadnz|hourly,2026-08-17T18:48:05Z,2026-08-17T18:48:05Z,
45.87.173.111,ipv4,malicious-ip,medium,WHITE,ziyadnz/hourly-ipv4,ziyadnz|hourly,2026-08-17T18:48:05Z,2026-08-17T18:48:05Z,
45.87.235.160,ipv4,malicious-ip,medium,WHITE,ziyadnz/hourly-ipv4,ziyadnz|hourly,2026-08-17T18:48:05Z,2026-08-17T18:48:05Z,
45.87.247.128,ipv4,malicious-ip,medium,WHITE,ziyadnz/hourly-ipv4,ziyadnz|hourly,2026-08-17T18:48:05Z,2026-08-17T18:48:05Z,
45.87.41.8,ipv4,malicious-ip,medium,WHITE,ziyadnz/hourly-ipv4,ziyadnz|hourly,2026-08-17T18:48:05Z,2026-08-17T18:48:05Z,
45.88.106.78,ipv4,malicious-ip,medium,WHITE,ziyadnz/hourly-ipv4,ziyadnz|hourly,2026-08-17T18:48:05Z,2026-08-17T18:48:05Z,
45.88.13.53,ipv4,malicious-ip,medium,WHITE,ziyadnz/hourly-ipv4,ziyadnz|hourly,2026-08-17T18:48:05Z,2026-08-17T18:48:05Z,
45.88.138.44,ipv4,malicious-ip,medium,WHITE,ziyadnz/hourly-ipv4,ziyadnz|hourly,2026-08-17T18:48:05Z,2026-08-17T18:48:05Z,
45.88.174.42,ipv4,malicious-ip,medium,WHITE,ziyadnz/hourly-ipv4,ziyadnz|hourly,2026-08-17T18:48:05Z,2026-08-17T18:48:05Z,
45.88.180.54,ipv4,malicious-ip,medium,WHITE,ziyadnz/hourly-ipv4,ziyadnz|hourly,2026-08-17T18:48:05Z,2026-08-17T18:48:05Z,
45.88.186.152,ipv4,malicious-ip,medium,WHITE,ziyadnz/hourly-ipv4,ziyadnz|hourly,2026-08-17T18:48:05Z,2026-08-17T18:48:05Z,
45.88.186.30,ipv4,malicious-ip,medium,WHITE,ziyadnz/hourly-ipv4,ziyadnz|hourly,2026-08-17T18:48:05Z,2026-08-17T18:48:05Z,
45.88.186.32,ipv4,malicious-ip,medium,WHITE,ziyadnz/hourly-ipv4,ziyadnz|hourly,2026-08-17T18:48:05Z,2026-08-17T18:48:05Z,
45.88.186.70,ipv4,malicious-ip,medium,WHITE,ziyadnz/hourly-ipv4,ziyadnz|hourly,2026-08-17T18:48:05Z,2026-08-17T18:48:05Z,
45.88.186.81,ipv4,malicious-ip,medium,WHITE,ziyadnz/hourly-ipv4,ziyadnz|hourly,2026-08-17T18:48:05Z,2026-08-17T18:48:05Z,
45.88.186.85,ipv4,malicious-ip,medium,WHITE,ziyadnz/hourly-ipv4,ziyadnz|hourly,2026-08-17T18:48:05Z,2026-08-17T18:48:05Z,
45.88.3.114,ipv4,malicious-ip,medium,WHITE,ziyadnz/hourly-ipv4,ziyadnz|hourly,2026-08-17T18:48:05Z,2026-08-17T18:48:05Z,
45.88.3.12,ipv4,malicious-ip,medium,WHITE,ziyadnz/hourly-ipv4,ziyadnz|hourly,2026-08-17T18:48:05Z,2026-08-17T18:48:05Z,
45.88.3.122,ipv4,malicious-ip,medium,WHITE,ziyadnz/hourly-ipv4,ziyadnz|hourly,2026-08-17T18:48:05Z,2026-08-17T18:48:05Z,
45.88.3.123,ipv4,malicious-ip,medium,WHITE,ziyadnz/hourly-ipv4,ziyadnz|hourly,2026-08-17T18:48:05Z,2026-08-17T18:48:05Z,
45.88.3.134,ipv4,malicious-ip,medium,WHITE,ziyadnz/hourly-ipv4,ziyadnz|hourly,2026-08-17T18:48:05Z,2026-08-17T18:48:05Z,
45.88.3.138,ipv4,malicious-ip,medium,WHITE,ziyadnz/hourly-ipv4,ziyadnz|hourly,2026-08-17T18:48:05Z,2026-08-17T18:48:05Z,
45.88.3.139,ipv4,malicious-ip,medium,WHITE,ziyadnz/hourly-ipv4,ziyadnz|hourly,2026-08-17T18:48:05Z,2026-08-17T18:48:05Z,
45.88.3.141,ipv4,malicious-ip,medium,WHITE,ziyadnz/hourly-ipv4,ziyadnz|hourly,2026-08-17T18:48:05Z,2026-08-17T18:48:05Z,
45.88.3.142,ipv4,malicious-ip,medium,WHITE,ziyadnz/hourly-ipv4,ziyadnz|hourly,2026-08-17T18:48:05Z,2026-08-17T18:48:05Z,
45.88.3.144,ipv4,malicious-ip,medium,WHITE,ziyadnz/hourly-ipv4,ziyadnz|hourly,2026-08-17T18:48:05Z,2026-08-17T18:48:05Z,
45.88.3.145,ipv4,malicious-ip,medium,WHITE,ziyadnz/hourly-ipv4,ziyadnz|hourly,2026-08-17T18:48:05Z,2026-08-17T18:48:05Z,
45.88.3.146,ipv4,malicious-ip,medium,WHITE,ziyadnz/hourly-ipv4,ziyadnz|hourly,2026-08-17T18:48:05Z,2026-08-17T18:48:05Z,
45.88.3.148,ipv4,malicious-ip,medium,WHITE,ziyadnz/hourly-ipv4,ziyadnz|hourly,2026-08-17T18:48:05Z,2026-08-17T18:48:05Z,
45.88.3.149,ipv4,malicious-ip,medium,WHITE,ziyadnz/hourly-ipv4,ziyadnz|hourly,2026-08-17T18:48:05Z,2026-08-17T18:48:05Z,
45.88.3.154,ipv4,malicious-ip,medium,WHITE,ziyadnz/hourly-ipv4,ziyadnz|hourly,2026-08-17T18:48:05Z,2026-08-17T18:48:05Z,
45.88.3.167,ipv4,malicious-ip,medium,WHITE,ziyadnz/hourly-ipv4,ziyadnz|hourly,2026-08-17T18:48:05Z,2026-08-17T18:48:05Z,
45.88.3.170,ipv4,malicious-ip,medium,WHITE,ziyadnz/hourly-ipv4,ziyadnz|hourly,2026-08-17T18:48:05Z,2026-08-17T18:48:05Z,
45.88.3.201,ipv4,malicious-ip,medium,WHITE,ziyadnz/hourly-ipv4,ziyadnz|hourly,2026-08-17T18:48:05Z,2026-08-17T18:48:05Z,
45.88.3.21,ipv4,malicious-ip,medium,WHITE,ziyadnz/hourly-ipv4,ziyadnz|hourly,2026-08-17T18:48:05Z,2026-08-17T18:48:05Z,
45.88.3.213,ipv4,malicious-ip,medium,WHITE,ziyadnz/hourly-ipv4,ziyadnz|hourly,2026-08-17T18:48:05Z,2026-08-17T18:48:05Z,
45.88.3.218,ipv4,malicious-ip,medium,WHITE,ziyadnz/hourly-ipv4,ziyadnz|hourly,2026-08-17T18:48:05Z,2026-08-17T18:48:05Z,
45.88.3.219,ipv4,malicious-ip,medium,WHITE,ziyadnz/hourly-ipv4,ziyadnz|hourly,2026-08-17T18:48:05Z,2026-08-17T18:48:05Z,
45.88.3.225,ipv4,malicious-ip,medium,WHITE,ziyadnz/hourly-ipv4,ziyadnz|hourly,2026-08-17T18:48:05Z,2026-08-17T18:48:05Z,
45.88.3.227,ipv4,malicious-ip,medium,WHITE,ziyadnz/hourly-ipv4,ziyadnz|hourly,2026-08-17T18:48:05Z,2026-08-17T18:48:05Z,
45.88.3.23,ipv4,malicious-ip,medium,WHITE,ziyadnz/hourly-ipv4,ziyadnz|hourly,2026-08-17T18:48:05Z,2026-08-17T18:48:05Z,
45.88.3.235,ipv4,malicious-ip,medium,WHITE,ziyadnz/hourly-ipv4,ziyadnz|hourly,2026-08-17T18:48:05Z,2026-08-17T18:48:05Z,
45.88.3.237,ipv4,malicious-ip,medium,WHITE,ziyadnz/hourly-ipv4,ziyadnz|hourly,2026-08-17T18:48:05Z,2026-08-17T18:48:05Z,
45.88.3.238,ipv4,malicious-ip,medium,WHITE,ziyadnz/hourly-ipv4,ziyadnz|hourly,2026-08-17T18:48:05Z,2026-08-17T18:48:05Z,
45.88.3.239,ipv4,malicious-ip,medium,WHITE,ziyadnz/hourly-ipv4,ziyadnz|hourly,2026-08-17T18:48:05Z,2026-08-17T18:48:05Z,
45.88.3.240,ipv4,malicious-ip,medium,WHITE,ziyadnz/hourly-ipv4,ziyadnz|hourly,2026-08-17T18:48:05Z,2026-08-17T18:48:05Z,
45.88.3.244,ipv4,malicious-ip,medium,WHITE,ziyadnz/hourly-ipv4,ziyadnz|hourly,2026-08-17T18:48:05Z,2026-08-17T18:48:05Z,
45.88.3.245,ipv4,malicious-ip,medium,WHITE,ziyadnz/hourly-ipv4,ziyadnz|hourly,2026-08-17T18:48:05Z,2026-08-17T18:48:05Z,
45.88.3.248,ipv4,malicious-ip,medium,WHITE,ziyadnz/hourly-ipv4,ziyadnz|hourly,2026-08-17T18:48:05Z,2026-08-17T18:48:05Z,
45.88.3.25,ipv4,malicious-ip,medium,WHITE,ziyadnz/hourly-ipv4,ziyadnz|hourly,2026-08-17T18:48:05Z,2026-08-17T18:48:05Z,
45.88.3.251,ipv4,malicious-ip,medium,WHITE,ziyadnz/hourly-ipv4,ziyadnz|hourly,2026-08-17T18:48:05Z,2026-08-17T18:48:05Z,
45.88.3.253,ipv4,malicious-ip,medium,WHITE,ziyadnz/hourly-ipv4,ziyadnz|hourly,2026-08-17T18:48:05Z,2026-08-17T18:48:05Z,
45.88.3.34,ipv4,malicious-ip,medium,WHITE,ziyadnz/hourly-ipv4,ziyadnz|hourly,2026-08-17T18:48:05Z,2026-08-17T18:48:05Z,
45.88.3.35,ipv4,malicious-ip,medium,WHITE,ziyadnz/hourly-ipv4,ziyadnz|hourly,2026-08-17T18:48:05Z,2026-08-17T18:48:05Z,
45.88.3.40,ipv4,malicious-ip,medium,WHITE,ziyadnz/hourly-ipv4,ziyadnz|hourly,2026-08-17T18:48:05Z,2026-08-17T18:48:05Z,
45.88.3.49,ipv4,malicious-ip,medium,WHITE,ziyadnz/hourly-ipv4,ziyadnz|hourly,2026-08-17T18:48:05Z,2026-08-17T18:48:05Z,
45.88.3.52,ipv4,malicious-ip,medium,WHITE,ziyadnz/hourly-ipv4,ziyadnz|hourly,2026-08-17T18:48:05Z,2026-08-17T18:48:05Z,
45.88.3.60,ipv4,malicious-ip,medium,WHITE,ziyadnz/hourly-ipv4,ziyadnz|hourly,2026-08-17T18:48:05Z,2026-08-17T18:48:05Z,
45.88.3.61,ipv4,malicious-ip,medium,WHITE,ziyadnz/hourly-ipv4,ziyadnz|hourly,2026-08-17T18:48:05Z,2026-08-17T18:48:05Z,
45.88.3.63,ipv4,malicious-ip,medium,WHITE,ziyadnz/hourly-ipv4,ziyadnz|hourly,2026-08-17T18:48:05Z,2026-08-17T18:48:05Z,
45.88.3.70,ipv4,malicious-ip,medium,WHITE,ziyadnz/hourly-ipv4,ziyadnz|hourly,2026-08-17T18:48:05Z,2026-08-17T18:48:05Z,
45.88.3.74,ipv4,malicious-ip,medium,WHITE,ziyadnz/hourly-ipv4,ziyadnz|hourly,2026-08-17T18:48:05Z,2026-08-17T18:48:05Z,
45.88.3.78,ipv4,malicious-ip,medium,WHITE,ziyadnz/hourly-ipv4,ziyadnz|hourly,2026-08-17T18:48:05Z,2026-08-17T18:48:05Z,
45.88.3.79,ipv4,malicious-ip,medium,WHITE,ziyadnz/hourly-ipv4,ziyadnz|hourly,2026-08-17T18:48:05Z,2026-08-17T18:48:05Z,
45.88.3.81,ipv4,malicious-ip,medium,WHITE,ziyadnz/hourly-ipv4,ziyadnz|hourly,2026-08-17T18:48:05Z,2026-08-17T18:48:05Z,
45.88.3.82,ipv4,malicious-ip,medium,WHITE,ziyadnz/hourly-ipv4,ziyadnz|hourly,2026-08-17T18:48:05Z,2026-08-17T18:48:05Z,
45.88.3.83,ipv4,malicious-ip,medium,WHITE,ziyadnz/hourly-ipv4,ziyadnz|hourly,2026-08-17T18:48:05Z,2026-08-17T18:48:05Z,
45.88.3.85,ipv4,malicious-ip,medium,WHITE,ziyadnz/hourly-ipv4,ziyadnz|hourly,2026-08-17T18:48:05Z,2026-08-17T18:48:05Z,
45.88.3.95,ipv4,malicious-ip,medium,WHITE,ziyadnz/hourly-ipv4,ziyadnz|hourly,2026-08-17T18:48:05Z,2026-08-17T18:48:05Z,
45.88.3.98,ipv4,malicious-ip,medium,WHITE,ziyadnz/hourly-ipv4,ziyadnz|hourly,2026-08-17T18:48:05Z,2026-08-17T18:48:05Z,
45.88.67.12,ipv4,malicious-ip,medium,WHITE,ziyadnz/hourly-ipv4,ziyadnz|hourly,2026-08-17T18:48:05Z,2026-08-17T18:48:05Z,
45.88.8.186,ipv4,malicious-ip,medium,WHITE,ziyadnz/hourly-ipv4,ziyadnz|hourly,2026-08-17T18:48:05Z,2026-08-17T18:48:05Z,
45.89.106.147,ipv4,malicious-ip,medium,WHITE,ziyadnz/hourly-ipv4,ziyadnz|hourly,2026-08-17T18:48:05Z,2026-08-17T18:48:05Z,
45.89.110.227,ipv4,malicious-ip,medium,WHITE,ziyadnz/hourly-ipv4,ziyadnz|hourly,2026-08-17T18:48:05Z,2026-08-17T18:48:05Z,
45.89.125.136,ipv4,malicious-ip,medium,WHITE,ziyadnz/hourly-ipv4,ziyadnz|hourly,2026-08-17T18:48:05Z,2026-08-17T18:48:05Z,
45.89.125.189,ipv4,malicious-ip,medium,WHITE,ziyadnz/hourly-ipv4,ziyadnz|hourly,2026-08-17T18:48:05Z,2026-08-17T18:48:05Z,
45.89.230.185,ipv4,malicious-ip,medium,WHITE,ziyadnz/hourly-ipv4,ziyadnz|hourly,2026-08-17T18:48:05Z,2026-08-17T18:48:05Z,
45.89.53.46,ipv4,malicious-ip,medium,WHITE,ziyadnz/hourly-ipv4,ziyadnz|hourly,2026-08-17T18:48:05Z,2026-08-17T18:48:05Z,
45.89.53.54,ipv4,malicious-ip,medium,WHITE,ziyadnz/hourly-ipv4,ziyadnz|hourly,2026-08-17T18:48:05Z,2026-08-17T18:48:05Z,
45.89.54.25,ipv4,malicious-ip,medium,WHITE,ziyadnz/hourly-ipv4,ziyadnz|hourly,2026-08-17T18:48:05Z,2026-08-17T18:48:05Z,
45.89.55.84,ipv4,malicious-ip,medium,WHITE,ziyadnz/hourly-ipv4,ziyadnz|hourly,2026-08-17T18:48:05Z,2026-08-17T18:48:05Z,
45.89.60.81,ipv4,malicious-ip,medium,WHITE,ziyadnz/hourly-ipv4,ziyadnz|hourly,2026-08-17T18:48:05Z,2026-08-17T18:48:05Z,
45.89.63.39,ipv4,malicious-ip,medium,WHITE,ziyadnz/hourly-ipv4,ziyadnz|hourly,2026-08-17T18:48:05Z,2026-08-17T18:48:05Z,
45.89.65.125,ipv4,malicious-ip,medium,WHITE,ziyadnz/hourly-ipv4,ziyadnz|hourly,2026-08-17T18:48:05Z,2026-08-17T18:48:05Z,
45.89.65.198,ipv4,malicious-ip,medium,WHITE,ziyadnz/hourly-ipv4,ziyadnz|hourly,2026-08-17T18:48:05Z,2026-08-17T18:48:05Z,
45.9.148.108,ipv4,malicious-ip,medium,WHITE,ziyadnz/hourly-ipv4,ziyadnz|hourly,2026-08-17T18:48:05Z,2026-08-17T18:48:05Z,
45.9.148.121,ipv4,malicious-ip,medium,WHITE,ziyadnz/hourly-ipv4,ziyadnz|hourly,2026-08-17T18:48:05Z,2026-08-17T18:48:05Z,
45.9.148.122,ipv4,malicious-ip,medium,WHITE,ziyadnz/hourly-ipv4,ziyadnz|hourly,2026-08-17T18:48:05Z,2026-08-17T18:48:05Z,
45.9.148.136,ipv4,malicious-ip,medium,WHITE,ziyadnz/hourly-ipv4,ziyadnz|hourly,2026-08-17T18:48:05Z,2026-08-17T18:48:05Z,
45.9.148.165,ipv4,malicious-ip,medium,WHITE,ziyadnz/hourly-ipv4,ziyadnz|hourly,2026-08-17T18:48:05Z,2026-08-17T18:48:05Z,
45.9.148.193,ipv4,malicious-ip,medium,WHITE,ziyadnz/hourly-ipv4,ziyadnz|hourly,2026-08-17T18:48:05Z,2026-08-17T18:48:05Z,
45.9.148.203,ipv4,malicious-ip,medium,WHITE,ziyadnz/hourly-ipv4,ziyadnz|hourly,2026-08-17T18:48:05Z,2026-08-17T18:48:05Z,
45.9.148.207,ipv4,malicious-ip,medium,WHITE,ziyadnz/hourly-ipv4,ziyadnz|hourly,2026-08-17T18:48:05Z,2026-08-17T18:48:05Z,
45.9.148.221,ipv4,malicious-ip,medium,WHITE,ziyadnz/hourly-ipv4,ziyadnz|hourly,2026-08-17T18:48:05Z,2026-08-17T18:48:05Z,
45.9.148.35,ipv4,malicious-ip,medium,WHITE,ziyadnz/hourly-ipv4,ziyadnz|hourly,2026-08-17T18:48:05Z,2026-08-17T18:48:05Z,
45.9.148.48,ipv4,malicious-ip,medium,WHITE,ziyadnz/hourly-ipv4,ziyadnz|hourly,2026-08-17T18:48:05Z,2026-08-17T18:48:05Z,
45.9.148.50,ipv4,malicious-ip,medium,WHITE,ziyadnz/hourly-ipv4,ziyadnz|hourly,2026-08-17T18:48:05Z,2026-08-17T18:48:05Z,
45.9.148.99,ipv4,malicious-ip,medium,WHITE,ziyadnz/hourly-ipv4,ziyadnz|hourly,2026-08-17T18:48:05Z,2026-08-17T18:48:05Z,
45.9.149.112,ipv4,malicious-ip,medium,WHITE,ziyadnz/hourly-ipv4,ziyadnz|hourly,2026-08-17T18:48:05Z,2026-08-17T18:48:05Z,
45.9.149.163,ipv4,malicious-ip,medium,WHITE,ziyadnz/hourly-ipv4,ziyadnz|hourly,2026-08-17T18:48:05Z,2026-08-17T18:48:05Z,
45.9.149.215,ipv4,malicious-ip,medium,WHITE,ziyadnz/hourly-ipv4,ziyadnz|hourly,2026-08-17T18:48:05Z,2026-08-17T18:48:05Z,
45.9.149.34,ipv4,malicious-ip,medium,WHITE,ziyadnz/hourly-ipv4,ziyadnz|hourly,2026-08-17T18:48:05Z,2026-08-17T18:48:05Z,
45.9.150.144,ipv4,malicious-ip,medium,WHITE,ziyadnz/hourly-ipv4,ziyadnz|hourly,2026-08-17T18:48:05Z,2026-08-17T18:48:05Z,
45.9.150.158,ipv4,malicious-ip,medium,WHITE,ziyadnz/hourly-ipv4,ziyadnz|hourly,2026-08-17T18:48:05Z,2026-08-17T18:48:05Z,
45.9.150.58,ipv4,malicious-ip,medium,WHITE,ziyadnz/hourly-ipv4,ziyadnz|hourly,2026-08-17T18:48:05Z,2026-08-17T18:48:05Z,
45.9.153.102,ipv4,malicious-ip,medium,WHITE,ziyadnz/hourly-ipv4,ziyadnz|hourly,2026-08-17T18:48:05Z,2026-08-17T18:48:05Z,
45.9.156.106,ipv4,malicious-ip,medium,WHITE,ziyadnz/hourly-ipv4,ziyadnz|hourly,2026-08-17T18:48:05Z,2026-08-17T18:48:05Z,
45.9.156.110,ipv4,malicious-ip,medium,WHITE,ziyadnz/hourly-ipv4,ziyadnz|hourly,2026-08-17T18:48:05Z,2026-08-17T18:48:05Z,
45.9.156.131,ipv4,malicious-ip,medium,WHITE,ziyadnz/hourly-ipv4,ziyadnz|hourly,2026-08-17T18:48:05Z,2026-08-17T18:48:05Z,
45.9.156.22,ipv4,malicious-ip,medium,WHITE,ziyadnz/hourly-ipv4,ziyadnz|hourly,2026-08-17T18:48:05Z,2026-08-17T18:48:05Z,
45.9.156.250,ipv4,malicious-ip,medium,WHITE,ziyadnz/hourly-ipv4,ziyadnz|hourly,2026-08-17T18:48:05Z,2026-08-17T18:48:05Z,
45.9.168.100,ipv4,malicious-ip,medium,WHITE,ziyadnz/hourly-ipv4,ziyadnz|hourly,2026-08-17T18:48:05Z,2026-08-17T18:48:05Z,
45.9.168.102,ipv4,malicious-ip,medium,WHITE,ziyadnz/hourly-ipv4,ziyadnz|hourly,2026-08-17T18:48:05Z,2026-08-17T18:48:05Z,
45.9.168.106,ipv4,malicious-ip,medium,WHITE,ziyadnz/hourly-ipv4,ziyadnz|hourly,2026-08-17T18:48:05Z,2026-08-17T18:48:05Z,
45.9.168.107,ipv4,malicious-ip,medium,WHITE,ziyadnz/hourly-ipv4,ziyadnz|hourly,2026-08-17T18:48:05Z,2026-08-17T18:48:05Z,
45.9.168.114,ipv4,malicious-ip,medium,WHITE,ziyadnz/hourly-ipv4,ziyadnz|hourly,2026-08-17T18:48:05Z,2026-08-17T18:48:05Z,
45.9.168.192,ipv4,malicious-ip,medium,WHITE,ziyadnz/hourly-ipv4,ziyadnz|hourly,2026-08-17T18:48:05Z,2026-08-17T18:48:05Z,
45.9.168.93,ipv4,malicious-ip,medium,WHITE,ziyadnz/hourly-ipv4,ziyadnz|hourly,2026-08-17T18:48:05Z,2026-08-17T18:48:05Z,
45.9.168.95,ipv4,malicious-ip,medium,WHITE,ziyadnz/hourly-ipv4,ziyadnz|hourly,2026-08-17T18:48:05Z,2026-08-17T18:48:05Z,
45.9.168.96,ipv4,malicious-ip,medium,WHITE,ziyadnz/hourly-ipv4,ziyadnz|hourly,2026-08-17T18:48:05Z,2026-08-17T18:48:05Z,
45.9.190.217,ipv4,malicious-ip,medium,WHITE,ziyadnz/hourly-ipv4,ziyadnz|hourly,2026-08-17T18:48:05Z,2026-08-17T18:48:05Z,
45.9.231.123,ipv4,malicious-ip,medium,WHITE,ziyadnz/hourly-ipv4,ziyadnz|hourly,2026-08-17T18:48:05Z,2026-08-17T18:48:05Z,
45.9.249.58,ipv4,malicious-ip,medium,WHITE,ziyadnz/hourly-ipv4,ziyadnz|hourly,2026-08-17T18:48:05Z,2026-08-17T18:48:05Z,
45.9.29.223,ipv4,malicious-ip,medium,WHITE,ziyadnz/hourly-ipv4,ziyadnz|hourly,2026-08-17T18:48:05Z,2026-08-17T18:48:05Z,
45.9.46.145,ipv4,malicious-ip,medium,WHITE,ziyadnz/hourly-ipv4,ziyadnz|hourly,2026-08-17T18:48:05Z,2026-08-17T18:48:05Z,
45.9.46.174,ipv4,malicious-ip,medium,WHITE,ziyadnz/hourly-ipv4,ziyadnz|hourly,2026-08-17T18:48:05Z,2026-08-17T18:48:05Z,
45.9.74.12,ipv4,malicious-ip,medium,WHITE,ziyadnz/hourly-ipv4,ziyadnz|hourly,2026-08-17T18:48:05Z,2026-08-17T18:48:05Z,
45.9.74.135,ipv4,malicious-ip,medium,WHITE,ziyadnz/hourly-ipv4,ziyadnz|hourly,2026-08-17T18:48:05Z,2026-08-17T18:48:05Z,
45.9.74.14,ipv4,malicious-ip,medium,WHITE,ziyadnz/hourly-ipv4,ziyadnz|hourly,2026-08-17T18:48:05Z,2026-08-17T18:48:05Z,
45.9.74.170,ipv4,malicious-ip,medium,WHITE,ziyadnz/hourly-ipv4,ziyadnz|hourly,2026-08-17T18:48:05Z,2026-08-17T18:48:05Z,
45.9.74.22,ipv4,malicious-ip,medium,WHITE,ziyadnz/hourly-ipv4,ziyadnz|hourly,2026-08-17T18:48:05Z,2026-08-17T18:48:05Z,
45.9.74.5,ipv4,malicious-ip,medium,WHITE,ziyadnz/hourly-ipv4,ziyadnz|hourly,2026-08-17T18:48:05Z,2026-08-17T18:48:05Z,
45.9.74.60,ipv4,malicious-ip,medium,WHITE,ziyadnz/hourly-ipv4,ziyadnz|hourly,2026-08-17T18:48:05Z,2026-08-17T18:48:05Z,
45.9.74.68,ipv4,malicious-ip,medium,WHITE,ziyadnz/hourly-ipv4,ziyadnz|hourly,2026-08-17T18:48:05Z,2026-08-17T18:48:05Z,
45.9.74.69,ipv4,malicious-ip,medium,WHITE,ziyadnz/hourly-ipv4,ziyadnz|hourly,2026-08-17T18:48:05Z,2026-08-17T18:48:05Z,
45.9.74.70,ipv4,malicious-ip,medium,WHITE,ziyadnz/hourly-ipv4,ziyadnz|hourly,2026-08-17T18:48:05Z,2026-08-17T18:48:05Z,
45.9.74.71,ipv4,malicious-ip,medium,WHITE,ziyadnz/hourly-ipv4,ziyadnz|hourly,2026-08-17T18:48:05Z,2026-08-17T18:48:05Z,
45.9.74.78,ipv4,malicious-ip,medium,WHITE,ziyadnz/hourly-ipv4,ziyadnz|hourly,2026-08-17T18:48:05Z,2026-08-17T18:48:05Z,
45.9.74.80,ipv4,malicious-ip,medium,WHITE,ziyadnz/hourly-ipv4,ziyadnz|hourly,2026-08-17T18:48:05Z,2026-08-17T18:48:05Z,
45.9.74.88,ipv4,malicious-ip,medium,WHITE,ziyadnz/hourly-ipv4,ziyadnz|hourly,2026-08-17T18:48:05Z,2026-08-17T18:48:05Z,
45.9.74.90,ipv4,malicious-ip,medium,WHITE,ziyadnz/hourly-ipv4,ziyadnz|hourly,2026-08-17T18:48:05Z,2026-08-17T18:48:05Z,
45.9.74.97,ipv4,malicious-ip,medium,WHITE,ziyadnz/hourly-ipv4,ziyadnz|hourly,2026-08-17T18:48:05Z,2026-08-17T18:48:05Z,
45.9.74.99,ipv4,malicious-ip,medium,WHITE,ziyadnz/hourly-ipv4,ziyadnz|hourly,2026-08-17T18:48:05Z,2026-08-17T18:48:05Z,
45.9.75.92,ipv4,malicious-ip,medium,WHITE,ziyadnz/hourly-ipv4,ziyadnz|hourly,2026-08-17T18:48:05Z,2026-08-17T18:48:05Z,
45.90.13.198,ipv4,malicious-ip,medium,WHITE,ziyadnz/hourly-ipv4,ziyadnz|hourly,2026-08-17T18:48:05Z,2026-08-17T18:48:05Z,
45.90.161.140,ipv4,malicious-ip,medium,WHITE,ziyadnz/hourly-ipv4,ziyadnz|hourly,2026-08-17T18:48:05Z,2026-08-17T18:48:05Z,
45.90.161.148,ipv4,malicious-ip,medium,WHITE,ziyadnz/hourly-ipv4,ziyadnz|hourly,2026-08-17T18:48:05Z,2026-08-17T18:48:05Z,
45.90.162.66,ipv4,malicious-ip,medium,WHITE,ziyadnz/hourly-ipv4,ziyadnz|hourly,2026-08-17T18:48:05Z,2026-08-17T18:48:05Z,
45.90.163.37,ipv4,malicious-ip,medium,WHITE,ziyadnz/hourly-ipv4,ziyadnz|hourly,2026-08-17T18:48:05Z,2026-08-17T18:48:05Z,
45.90.185.107,ipv4,malicious-ip,medium,WHITE,ziyadnz/hourly-ipv4,ziyadnz|hourly,2026-08-17T18:48:05Z,2026-08-17T18:48:05Z,
45.90.185.109,ipv4,malicious-ip,medium,WHITE,ziyadnz/hourly-ipv4,ziyadnz|hourly,2026-08-17T18:48:05Z,2026-08-17T18:48:05Z,
45.90.185.115,ipv4,malicious-ip,medium,WHITE,ziyadnz/hourly-ipv4,ziyadnz|hourly,2026-08-17T18:48:05Z,2026-08-17T18:48:05Z,
45.90.3.51,ipv4,malicious-ip,medium,WHITE,ziyadnz/hourly-ipv4,ziyadnz|hourly,2026-08-17T18:48:05Z,2026-08-17T18:48:05Z,
45.90.59.129,ipv4,malicious-ip,medium,WHITE,ziyadnz/hourly-ipv4,ziyadnz|hourly,2026-08-17T18:48:05Z,2026-08-17T18:48:05Z,
45.90.73.218,ipv4,malicious-ip,medium,WHITE,ziyadnz/hourly-ipv4,ziyadnz|hourly,2026-08-17T18:48:05Z,2026-08-17T18:48:05Z,
45.90.80.196,ipv4,malicious-ip,medium,WHITE,ziyadnz/hourly-ipv4,ziyadnz|hourly,2026-08-17T18:48:05Z,2026-08-17T18:48:05Z,
45.90.99.169,ipv4,malicious-ip,medium,WHITE,ziyadnz/hourly-ipv4,ziyadnz|hourly,2026-08-17T18:48:05Z,2026-08-17T18:48:05Z,
45.91.133.254,ipv4,malicious-ip,medium,WHITE,ziyadnz/hourly-ipv4,ziyadnz|hourly,2026-08-17T18:48:05Z,2026-08-17T18:48:05Z,
45.91.169.135,ipv4,malicious-ip,medium,WHITE,ziyadnz/hourly-ipv4,ziyadnz|hourly,2026-08-17T18:48:05Z,2026-08-17T18:48:05Z,
45.91.169.180,ipv4,malicious-ip,medium,WHITE,ziyadnz/hourly-ipv4,ziyadnz|hourly,2026-08-17T18:48:05Z,2026-08-17T18:48:05Z,
45.91.169.93,ipv4,malicious-ip,medium,WHITE,ziyadnz/hourly-ipv4,ziyadnz|hourly,2026-08-17T18:48:05Z,2026-08-17T18:48:05Z,
45.91.171.192,ipv4,malicious-ip,medium,WHITE,ziyadnz/hourly-ipv4,ziyadnz|hourly,2026-08-17T18:48:05Z,2026-08-17T18:48:05Z,
45.91.193.105,ipv4,malicious-ip,medium,WHITE,ziyadnz/hourly-ipv4,ziyadnz|hourly,2026-08-17T18:48:05Z,2026-08-17T18:48:05Z,
45.91.201.85,ipv4,malicious-ip,medium,WHITE,ziyadnz/hourly-ipv4,ziyadnz|hourly,2026-08-17T18:48:05Z,2026-08-17T18:48:05Z,
45.91.22.0,ipv4,malicious-ip,medium,WHITE,ziyadnz/hourly-ipv4,ziyadnz|hourly,2026-08-17T18:48:05Z,2026-08-17T18:48:05Z,
45.91.22.10,ipv4,malicious-ip,medium,WHITE,ziyadnz/hourly-ipv4,ziyadnz|hourly,2026-08-17T18:48:05Z,2026-08-17T18:48:05Z,
45.91.22.14,ipv4,malicious-ip,medium,WHITE,ziyadnz/hourly-ipv4,ziyadnz|hourly,2026-08-17T18:48:05Z,2026-08-17T18:48:05Z,
45.91.22.17,ipv4,malicious-ip,medium,WHITE,ziyadnz/hourly-ipv4,ziyadnz|hourly,2026-08-17T18:48:05Z,2026-08-17T18:48:05Z,
45.91.22.18,ipv4,malicious-ip,medium,WHITE,ziyadnz/hourly-ipv4,ziyadnz|hourly,2026-08-17T18:48:05Z,2026-08-17T18:48:05Z,
45.91.22.20,ipv4,malicious-ip,medium,WHITE,ziyadnz/hourly-ipv4,ziyadnz|hourly,2026-08-17T18:48:05Z,2026-08-17T18:48:05Z,
45.91.22.24,ipv4,malicious-ip,medium,WHITE,ziyadnz/hourly-ipv4,ziyadnz|hourly,2026-08-17T18:48:05Z,2026-08-17T18:48:05Z,
45.91.22.26,ipv4,malicious-ip,medium,WHITE,ziyadnz/hourly-ipv4,ziyadnz|hourly,2026-08-17T18:48:05Z,2026-08-17T18:48:05Z,
45.91.22.3,ipv4,malicious-ip,medium,WHITE,ziyadnz/hourly-ipv4,ziyadnz|hourly,2026-08-17T18:48:05Z,2026-08-17T18:48:05Z,
45.91.22.4,ipv4,malicious-ip,medium,WHITE,ziyadnz/hourly-ipv4,ziyadnz|hourly,2026-08-17T18:48:05Z,2026-08-17T18:48:05Z,
45.91.22.41,ipv4,malicious-ip,medium,WHITE,ziyadnz/hourly-ipv4,ziyadnz|hourly,2026-08-17T18:48:05Z,2026-08-17T18:48:05Z,
45.91.22.42,ipv4,malicious-ip,medium,WHITE,ziyadnz/hourly-ipv4,ziyadnz|hourly,2026-08-17T18:48:05Z,2026-08-17T18:48:05Z,
45.91.22.45,ipv4,malicious-ip,medium,WHITE,ziyadnz/hourly-ipv4,ziyadnz|hourly,2026-08-17T18:48:05Z,2026-08-17T18:48:05Z,
45.91.22.48,ipv4,malicious-ip,medium,WHITE,ziyadnz/hourly-ipv4,ziyadnz|hourly,2026-08-17T18:48:05Z,2026-08-17T18:48:05Z,
45.91.22.54,ipv4,malicious-ip,medium,WHITE,ziyadnz/hourly-ipv4,ziyadnz|hourly,2026-08-17T18:48:05Z,2026-08-17T18:48:05Z,
45.91.22.7,ipv4,malicious-ip,medium,WHITE,ziyadnz/hourly-ipv4,ziyadnz|hourly,2026-08-17T18:48:05Z,2026-08-17T18:48:05Z,
45.91.22.8,ipv4,malicious-ip,medium,WHITE,ziyadnz/hourly-ipv4,ziyadnz|hourly,2026-08-17T18:48:05Z,2026-08-17T18:48:05Z,
45.91.250.107,ipv4,malicious-ip,medium,WHITE,ziyadnz/hourly-ipv4,ziyadnz|hourly,2026-08-17T18:48:05Z,2026-08-17T18:48:05Z,
45.91.64.6,ipv4,malicious-ip,medium,WHITE,ziyadnz/hourly-ipv4,ziyadnz|hourly,2026-08-17T18:48:05Z,2026-08-17T18:48:05Z,
45.91.64.7,ipv4,malicious-ip,medium,WHITE,ziyadnz/hourly-ipv4,ziyadnz|hourly,2026-08-17T18:48:05Z,2026-08-17T18:48:05Z,
45.91.81.111,ipv4,malicious-ip,medium,WHITE,ziyadnz/hourly-ipv4,ziyadnz|hourly,2026-08-17T18:48:05Z,2026-08-17T18:48:05Z,
45.91.82.127,ipv4,malicious-ip,medium,WHITE,ziyadnz/hourly-ipv4,ziyadnz|hourly,2026-08-17T18:48:05Z,2026-08-17T18:48:05Z,
45.91.94.55,ipv4,malicious-ip,medium,WHITE,ziyadnz/hourly-ipv4,ziyadnz|hourly,2026-08-17T18:48:05Z,2026-08-17T18:48:05Z,
45.92.1.30,ipv4,malicious-ip,medium,WHITE,ziyadnz/hourly-ipv4,ziyadnz|hourly,2026-08-17T18:48:05Z,2026-08-17T18:48:05Z,
45.92.156.138,ipv4,malicious-ip,medium,WHITE,ziyadnz/hourly-ipv4,ziyadnz|hourly,2026-08-17T18:48:05Z,2026-08-17T18:48:05Z,
45.92.163.138,ipv4,malicious-ip,medium,WHITE,ziyadnz/hourly-ipv4,ziyadnz|hourly,2026-08-17T18:48:05Z,2026-08-17T18:48:05Z,
45.92.173.74,ipv4,malicious-ip,medium,WHITE,ziyadnz/hourly-ipv4,ziyadnz|hourly,2026-08-17T18:48:05Z,2026-08-17T18:48:05Z,
45.92.216.66,ipv4,malicious-ip,medium,WHITE,ziyadnz/hourly-ipv4,ziyadnz|hourly,2026-08-17T18:48:05Z,2026-08-17T18:48:05Z,
45.92.229.0,ipv4,malicious-ip,medium,WHITE,ziyadnz/hourly-ipv4,ziyadnz|hourly,2026-08-17T18:48:05Z,2026-08-17T18:48:05Z,
45.92.229.11,ipv4,malicious-ip,medium,WHITE,ziyadnz/hourly-ipv4,ziyadnz|hourly,2026-08-17T18:48:05Z,2026-08-17T18:48:05Z,
45.92.229.119,ipv4,malicious-ip,medium,WHITE,ziyadnz/hourly-ipv4,ziyadnz|hourly,2026-08-17T18:48:05Z,2026-08-17T18:48:05Z,
45.92.229.120,ipv4,malicious-ip,medium,WHITE,ziyadnz/hourly-ipv4,ziyadnz|hourly,2026-08-17T18:48:05Z,2026-08-17T18:48:05Z,
45.92.229.132,ipv4,malicious-ip,medium,WHITE,ziyadnz/hourly-ipv4,ziyadnz|hourly,2026-08-17T18:48:05Z,2026-08-17T18:48:05Z,
45.92.229.137,ipv4,malicious-ip,medium,WHITE,ziyadnz/hourly-ipv4,ziyadnz|hourly,2026-08-17T18:48:05Z,2026-08-17T18:48:05Z,
45.92.229.193,ipv4,malicious-ip,medium,WHITE,ziyadnz/hourly-ipv4,ziyadnz|hourly,2026-08-17T18:48:05Z,2026-08-17T18:48:05Z,
45.92.229.194,ipv4,malicious-ip,medium,WHITE,ziyadnz/hourly-ipv4,ziyadnz|hourly,2026-08-17T18:48:05Z,2026-08-17T18:48:05Z,
45.92.229.197,ipv4,malicious-ip,medium,WHITE,ziyadnz/hourly-ipv4,ziyadnz|hourly,2026-08-17T18:48:05Z,2026-08-17T18:48:05Z,
45.92.229.207,ipv4,malicious-ip,medium,WHITE,ziyadnz/hourly-ipv4,ziyadnz|hourly,2026-08-17T18:48:05Z,2026-08-17T18:48:05Z,
45.92.229.5,ipv4,malicious-ip,medium,WHITE,ziyadnz/hourly-ipv4,ziyadnz|hourly,2026-08-17T18:48:05Z,2026-08-17T18:48:05Z,
45.92.229.78,ipv4,malicious-ip,medium,WHITE,ziyadnz/hourly-ipv4,ziyadnz|hourly,2026-08-17T18:48:05Z,2026-08-17T18:48:05Z,
45.92.229.83,ipv4,malicious-ip,medium,WHITE,ziyadnz/hourly-ipv4,ziyadnz|hourly,2026-08-17T18:48:05Z,2026-08-17T18:48:05Z,
45.92.234.149,ipv4,malicious-ip,medium,WHITE,ziyadnz/hourly-ipv4,ziyadnz|hourly,2026-08-17T18:48:05Z,2026-08-17T18:48:05Z,
45.92.33.82,ipv4,malicious-ip,medium,WHITE,ziyadnz/hourly-ipv4,ziyadnz|hourly,2026-08-17T18:48:05Z,2026-08-17T18:48:05Z,
45.93.20.195,ipv4,malicious-ip,medium,WHITE,ziyadnz/hourly-ipv4,ziyadnz|hourly,2026-08-17T18:48:05Z,2026-08-17T18:48:05Z,
45.93.20.198,ipv4,malicious-ip,medium,WHITE,ziyadnz/hourly-ipv4,ziyadnz|hourly,2026-08-17T18:48:05Z,2026-08-17T18:48:05Z,
45.93.20.28,ipv4,malicious-ip,medium,WHITE,ziyadnz/hourly-ipv4,ziyadnz|hourly,2026-08-17T18:48:05Z,2026-08-17T18:48:05Z,
45.93.20.61,ipv4,malicious-ip,medium,WHITE,ziyadnz/hourly-ipv4,ziyadnz|hourly,2026-08-17T18:48:05Z,2026-08-17T18:48:05Z,
45.93.20.64,ipv4,malicious-ip,medium,WHITE,ziyadnz/hourly-ipv4,ziyadnz|hourly,2026-08-17T18:48:05Z,2026-08-17T18:48:05Z,
45.93.201.114,ipv4,malicious-ip,medium,WHITE,ziyadnz/hourly-ipv4,ziyadnz|hourly,2026-08-17T18:48:05Z,2026-08-17T18:48:05Z,
45.93.9.133,ipv4,malicious-ip,medium,WHITE,ziyadnz/hourly-ipv4,ziyadnz|hourly,2026-08-17T18:48:05Z,2026-08-17T18:48:05Z,
45.94.158.83,ipv4,malicious-ip,medium,WHITE,ziyadnz/hourly-ipv4,ziyadnz|hourly,2026-08-17T18:48:05Z,2026-08-17T18:48:05Z,
45.94.209.84,ipv4,malicious-ip,medium,WHITE,ziyadnz/hourly-ipv4,ziyadnz|hourly,2026-08-17T18:48:05Z,2026-08-17T18:48:05Z,
45.94.217.53,ipv4,malicious-ip,medium,WHITE,ziyadnz/hourly-ipv4,ziyadnz|hourly,2026-08-17T18:48:05Z,2026-08-17T18:48:05Z,
45.94.31.102,ipv4,malicious-ip,medium,WHITE,ziyadnz/hourly-ipv4,ziyadnz|hourly,2026-08-17T18:48:05Z,2026-08-17T18:48:05Z,
45.94.31.11,ipv4,malicious-ip,medium,WHITE,ziyadnz/hourly-ipv4,ziyadnz|hourly,2026-08-17T18:48:05Z,2026-08-17T18:48:05Z,
45.94.31.16,ipv4,malicious-ip,medium,WHITE,ziyadnz/hourly-ipv4,ziyadnz|hourly,2026-08-17T18:48:05Z,2026-08-17T18:48:05Z,
45.94.31.170,ipv4,malicious-ip,medium,WHITE,ziyadnz/hourly-ipv4,ziyadnz|hourly,2026-08-17T18:48:05Z,2026-08-17T18:48:05Z,
45.94.31.176,ipv4,malicious-ip,medium,WHITE,ziyadnz/hourly-ipv4,ziyadnz|hourly,2026-08-17T18:48:05Z,2026-08-17T18:48:05Z,
45.94.31.224,ipv4,malicious-ip,medium,WHITE,ziyadnz/hourly-ipv4,ziyadnz|hourly,2026-08-17T18:48:05Z,2026-08-17T18:48:05Z,
45.94.47.145,ipv4,malicious-ip,medium,WHITE,ziyadnz/hourly-ipv4,ziyadnz|hourly,2026-08-17T18:48:05Z,2026-08-17T18:48:05Z,
45.94.47.146,ipv4,malicious-ip,medium,WHITE,ziyadnz/hourly-ipv4,ziyadnz|hourly,2026-08-17T18:48:05Z,2026-08-17T18:48:05Z,
45.94.47.147,ipv4,malicious-ip,medium,WHITE,ziyadnz/hourly-ipv4,ziyadnz|hourly,2026-08-17T18:48:05Z,2026-08-17T18:48:05Z,
45.94.47.157,ipv4,malicious-ip,medium,WHITE,ziyadnz/hourly-ipv4,ziyadnz|hourly,2026-08-17T18:48:05Z,2026-08-17T18:48:05Z,
45.94.47.204,ipv4,malicious-ip,medium,WHITE,ziyadnz/hourly-ipv4,ziyadnz|hourly,2026-08-17T18:48:05Z,2026-08-17T18:48:05Z,
45.94.47.223,ipv4,malicious-ip,medium,WHITE,ziyadnz/hourly-ipv4,ziyadnz|hourly,2026-08-17T18:48:05Z,2026-08-17T18:48:05Z,
45.94.47.224,ipv4,malicious-ip,medium,WHITE,ziyadnz/hourly-ipv4,ziyadnz|hourly,2026-08-17T18:48:05Z,2026-08-17T18:48:05Z,
45.94.57.132,ipv4,malicious-ip,medium,WHITE,ziyadnz/hourly-ipv4,ziyadnz|hourly,2026-08-17T18:48:05Z,2026-08-17T18:48:05Z,
45.94.68.69,ipv4,malicious-ip,medium,WHITE,ziyadnz/hourly-ipv4,ziyadnz|hourly,2026-08-17T18:48:05Z,2026-08-17T18:48:05Z,
45.95.0.139,ipv4,malicious-ip,medium,WHITE,ziyadnz/hourly-ipv4,ziyadnz|hourly,2026-08-17T18:48:05Z,2026-08-17T18:48:05Z,
45.95.146.112,ipv4,malicious-ip,medium,WHITE,ziyadnz/hourly-ipv4,ziyadnz|hourly,2026-08-17T18:48:05Z,2026-08-17T18:48:05Z,
45.95.147.17,ipv4,malicious-ip,medium,WHITE,ziyadnz/hourly-ipv4,ziyadnz|hourly,2026-08-17T18:48:05Z,2026-08-17T18:48:05Z,
45.95.147.172,ipv4,malicious-ip,medium,WHITE,ziyadnz/hourly-ipv4,ziyadnz|hourly,2026-08-17T18:48:05Z,2026-08-17T18:48:05Z,
45.95.147.226,ipv4,malicious-ip,medium,WHITE,ziyadnz/hourly-ipv4,ziyadnz|hourly,2026-08-17T18:48:05Z,2026-08-17T18:48:05Z,
45.95.147.236,ipv4,malicious-ip,medium,WHITE,ziyadnz/hourly-ipv4,ziyadnz|hourly,2026-08-17T18:48:05Z,2026-08-17T18:48:05Z,
45.95.168.100,ipv4,malicious-ip,medium,WHITE,ziyadnz/hourly-ipv4,ziyadnz|hourly,2026-08-17T18:48:05Z,2026-08-17T18:48:05Z,
45.95.169.104,ipv4,malicious-ip,medium,WHITE,ziyadnz/hourly-ipv4,ziyadnz|hourly,2026-08-17T18:48:05Z,2026-08-17T18:48:05Z,
45.95.169.32,ipv4,malicious-ip,medium,WHITE,ziyadnz/hourly-ipv4,ziyadnz|hourly,2026-08-17T18:48:05Z,2026-08-17T18:48:05Z,
45.95.172.6,ipv4,malicious-ip,medium,WHITE,ziyadnz/hourly-ipv4,ziyadnz|hourly,2026-08-17T18:48:05Z,2026-08-17T18:48:05Z,
45.95.175.135,ipv4,malicious-ip,medium,WHITE,ziyadnz/hourly-ipv4,ziyadnz|hourly,2026-08-17T18:48:05Z,2026-08-17T18:48:05Z,
45.95.19.50,ipv4,malicious-ip,medium,WHITE,ziyadnz/hourly-ipv4,ziyadnz|hourly,2026-08-17T18:48:05Z,2026-08-17T18:48:05Z,
45.95.202.231,ipv4,malicious-ip,medium,WHITE,ziyadnz/hourly-ipv4,ziyadnz|hourly,2026-08-17T18:48:05Z,2026-08-17T18:48:05Z,
45.95.232.234,ipv4,malicious-ip,medium,WHITE,ziyadnz/hourly-ipv4,ziyadnz|hourly,2026-08-17T18:48:05Z,2026-08-17T18:48:05Z,
45.95.233.88,ipv4,malicious-ip,medium,WHITE,ziyadnz/hourly-ipv4,ziyadnz|hourly,2026-08-17T18:48:05Z,2026-08-17T18:48:05Z,
45.95.55.157,ipv4,malicious-ip,medium,WHITE,ziyadnz/hourly-ipv4,ziyadnz|hourly,2026-08-17T18:48:05Z,2026-08-17T18:48:05Z,
45.95.55.202,ipv4,malicious-ip,medium,WHITE,ziyadnz/hourly-ipv4,ziyadnz|hourly,2026-08-17T18:48:05Z,2026-08-17T18:48:05Z,
45.95.55.214,ipv4,malicious-ip,medium,WHITE,ziyadnz/hourly-ipv4,ziyadnz|hourly,2026-08-17T18:48:05Z,2026-08-17T18:48:05Z,
45.95.65.179,ipv4,malicious-ip,medium,WHITE,ziyadnz/hourly-ipv4,ziyadnz|hourly,2026-08-17T18:48:05Z,2026-08-17T18:48:05Z,
45.95.65.180,ipv4,malicious-ip,medium,WHITE,ziyadnz/hourly-ipv4,ziyadnz|hourly,2026-08-17T18:48:05Z,2026-08-17T18:48:05Z,
45.95.67.41,ipv4,malicious-ip,medium,WHITE,ziyadnz/hourly-ipv4,ziyadnz|hourly,2026-08-17T18:48:05Z,2026-08-17T18:48:05Z,
45.95.88.57,ipv4,malicious-ip,medium,WHITE,ziyadnz/hourly-ipv4,ziyadnz|hourly,2026-08-17T18:48:05Z,2026-08-17T18:48:05Z,
46.0.128.186,ipv4,malicious-ip,medium,WHITE,ziyadnz/hourly-ipv4,ziyadnz|hourly,2026-08-17T18:48:05Z,2026-08-17T18:48:05Z,
46.1.252.165,ipv4,malicious-ip,medium,WHITE,ziyadnz/hourly-ipv4,ziyadnz|hourly,2026-08-17T18:48:05Z,2026-08-17T18:48:05Z,
46.10.197.206,ipv4,malicious-ip,medium,WHITE,ziyadnz/hourly-ipv4,ziyadnz|hourly,2026-08-17T18:48:05Z,2026-08-17T18:48:05Z,
46.10.208.112,ipv4,malicious-ip,medium,WHITE,ziyadnz/hourly-ipv4,ziyadnz|hourly,2026-08-17T18:48:05Z,2026-08-17T18:48:05Z,
46.10.56.170,ipv4,malicious-ip,medium,WHITE,ziyadnz/hourly-ipv4,ziyadnz|hourly,2026-08-17T18:48:05Z,2026-08-17T18:48:05Z,
46.10.74.2,ipv4,malicious-ip,medium,WHITE,ziyadnz/hourly-ipv4,ziyadnz|hourly,2026-08-17T18:48:05Z,2026-08-17T18:48:05Z,
46.100.10.56,ipv4,malicious-ip,medium,WHITE,ziyadnz/hourly-ipv4,ziyadnz|hourly,2026-08-17T18:48:05Z,2026-08-17T18:48:05Z,
46.100.116.237,ipv4,malicious-ip,medium,WHITE,ziyadnz/hourly-ipv4,ziyadnz|hourly,2026-08-17T18:48:05Z,2026-08-17T18:48:05Z,
46.100.134.114,ipv4,malicious-ip,medium,WHITE,ziyadnz/hourly-ipv4,ziyadnz|hourly,2026-08-17T18:48:05Z,2026-08-17T18:48:05Z,
46.100.134.174,ipv4,malicious-ip,medium,WHITE,ziyadnz/hourly-ipv4,ziyadnz|hourly,2026-08-17T18:48:05Z,2026-08-17T18:48:05Z,
46.100.25.234,ipv4,malicious-ip,medium,WHITE,ziyadnz/hourly-ipv4,ziyadnz|hourly,2026-08-17T18:48:05Z,2026-08-17T18:48:05Z,
46.100.57.97,ipv4,malicious-ip,medium,WHITE,ziyadnz/hourly-ipv4,ziyadnz|hourly,2026-08-17T18:48:05Z,2026-08-17T18:48:05Z,
46.100.61.235,ipv4,malicious-ip,medium,WHITE,ziyadnz/hourly-ipv4,ziyadnz|hourly,2026-08-17T18:48:05Z,2026-08-17T18:48:05Z,
46.101.1.225,ipv4,malicious-ip,medium,WHITE,ziyadnz/hourly-ipv4,ziyadnz|hourly,2026-08-17T18:48:05Z,2026-08-17T18:48:05Z,
46.101.101.244,ipv4,malicious-ip,medium,WHITE,ziyadnz/hourly-ipv4,ziyadnz|hourly,2026-08-17T18:48:05Z,2026-08-17T18:48:05Z,
46.101.104.172,ipv4,malicious-ip,medium,WHITE,ziyadnz/hourly-ipv4,ziyadnz|hourly,2026-08-17T18:48:05Z,2026-08-17T18:48:05Z,
46.101.111.185,ipv4,malicious-ip,medium,WHITE,ziyadnz/hourly-ipv4,ziyadnz|hourly,2026-08-17T18:48:05Z,2026-08-17T18:48:05Z,
46.101.111.244,ipv4,malicious-ip,medium,WHITE,ziyadnz/hourly-ipv4,ziyadnz|hourly,2026-08-17T18:48:05Z,2026-08-17T18:48:05Z,
46.101.112.134,ipv4,malicious-ip,medium,WHITE,ziyadnz/hourly-ipv4,ziyadnz|hourly,2026-08-17T18:48:05Z,2026-08-17T18:48:05Z,
46.101.133.8,ipv4,malicious-ip,medium,WHITE,ziyadnz/hourly-ipv4,ziyadnz|hourly,2026-08-17T18:48:05Z,2026-08-17T18:48:05Z,
46.101.135.78,ipv4,malicious-ip,medium,WHITE,ziyadnz/hourly-ipv4,ziyadnz|hourly,2026-08-17T18:48:05Z,2026-08-17T18:48:05Z,
46.101.139.173,ipv4,malicious-ip,medium,WHITE,ziyadnz/hourly-ipv4,ziyadnz|hourly,2026-08-17T18:48:05Z,2026-08-17T18:48:05Z,
46.101.140.200,ipv4,malicious-ip,medium,WHITE,ziyadnz/hourly-ipv4,ziyadnz|hourly,2026-08-17T18:48:05Z,2026-08-17T18:48:05Z,
46.101.145.225,ipv4,malicious-ip,medium,WHITE,ziyadnz/hourly-ipv4,ziyadnz|hourly,2026-08-17T18:48:05Z,2026-08-17T18:48:05Z,
46.101.149.125,ipv4,malicious-ip,medium,WHITE,ziyadnz/hourly-ipv4,ziyadnz|hourly,2026-08-17T18:48:05Z,2026-08-17T18:48:05Z,
46.101.158.9,ipv4,malicious-ip,medium,WHITE,ziyadnz/hourly-ipv4,ziyadnz|hourly,2026-08-17T18:48:05Z,2026-08-17T18:48:05Z,
46.101.191.33,ipv4,malicious-ip,medium,WHITE,ziyadnz/hourly-ipv4,ziyadnz|hourly,2026-08-17T18:48:05Z,2026-08-17T18:48:05Z,
46.101.199.21,ipv4,malicious-ip,medium,WHITE,ziyadnz/hourly-ipv4,ziyadnz|hourly,2026-08-17T18:48:05Z,2026-08-17T18:48:05Z,
46.101.201.146,ipv4,malicious-ip,medium,WHITE,ziyadnz/hourly-ipv4,ziyadnz|hourly,2026-08-17T18:48:05Z,2026-08-17T18:48:05Z,
46.101.204.184,ipv4,malicious-ip,medium,WHITE,ziyadnz/hourly-ipv4,ziyadnz|hourly,2026-08-17T18:48:05Z,2026-08-17T18:48:05Z,
46.101.216.224,ipv4,malicious-ip,medium,WHITE,ziyadnz/hourly-ipv4,ziyadnz|hourly,2026-08-17T18:48:05Z,2026-08-17T18:48:05Z,
46.101.217.130,ipv4,malicious-ip,medium,WHITE,ziyadnz/hourly-ipv4,ziyadnz|hourly,2026-08-17T18:48:05Z,2026-08-17T18:48:05Z,
46.101.217.170,ipv4,malicious-ip,medium,WHITE,ziyadnz/hourly-ipv4,ziyadnz|hourly,2026-08-17T18:48:05Z,2026-08-17T18:48:05Z,
46.101.226.251,ipv4,malicious-ip,medium,WHITE,ziyadnz/hourly-ipv4,ziyadnz|hourly,2026-08-17T18:48:05Z,2026-08-17T18:48:05Z,
46.101.232.106,ipv4,malicious-ip,medium,WHITE,ziyadnz/hourly-ipv4,ziyadnz|hourly,2026-08-17T18:48:05Z,2026-08-17T18:48:05Z,
46.101.236.106,ipv4,malicious-ip,medium,WHITE,ziyadnz/hourly-ipv4,ziyadnz|hourly,2026-08-17T18:48:05Z,2026-08-17T18:48:05Z,
46.101.236.176,ipv4,malicious-ip,medium,WHITE,ziyadnz/hourly-ipv4,ziyadnz|hourly,2026-08-17T18:48:05Z,2026-08-17T18:48:05Z,
46.101.244.49,ipv4,malicious-ip,medium,WHITE,ziyadnz/hourly-ipv4,ziyadnz|hourly,2026-08-17T18:48:05Z,2026-08-17T18:48:05Z,
46.101.247.252,ipv4,malicious-ip,medium,WHITE,ziyadnz/hourly-ipv4,ziyadnz|hourly,2026-08-17T18:48:05Z,2026-08-17T18:48:05Z,
46.101.248.233,ipv4,malicious-ip,medium,WHITE,ziyadnz/hourly-ipv4,ziyadnz|hourly,2026-08-17T18:48:05Z,2026-08-17T18:48:05Z,
46.101.249.247,ipv4,malicious-ip,medium,WHITE,ziyadnz/hourly-ipv4,ziyadnz|hourly,2026-08-17T18:48:05Z,2026-08-17T18:48:05Z,
46.101.250.35,ipv4,malicious-ip,medium,WHITE,ziyadnz/hourly-ipv4,ziyadnz|hourly,2026-08-17T18:48:05Z,2026-08-17T18:48:05Z,
46.101.49.90,ipv4,malicious-ip,medium,WHITE,ziyadnz/hourly-ipv4,ziyadnz|hourly,2026-08-17T18:48:05Z,2026-08-17T18:48:05Z,
46.101.53.121,ipv4,malicious-ip,medium,WHITE,ziyadnz/hourly-ipv4,ziyadnz|hourly,2026-08-17T18:48:05Z,2026-08-17T18:48:05Z,
46.101.74.113,ipv4,malicious-ip,medium,WHITE,ziyadnz/hourly-ipv4,ziyadnz|hourly,2026-08-17T18:48:05Z,2026-08-17T18:48:05Z,
46.101.74.125,ipv4,malicious-ip,medium,WHITE,ziyadnz/hourly-ipv4,ziyadnz|hourly,2026-08-17T18:48:05Z,2026-08-17T18:48:05Z,
46.101.75.47,ipv4,malicious-ip,medium,WHITE,ziyadnz/hourly-ipv4,ziyadnz|hourly,2026-08-17T18:48:05Z,2026-08-17T18:48:05Z,
46.101.80.240,ipv4,malicious-ip,medium,WHITE,ziyadnz/hourly-ipv4,ziyadnz|hourly,2026-08-17T18:48:05Z,2026-08-17T18:48:05Z,
46.101.88.192,ipv4,malicious-ip,medium,WHITE,ziyadnz/hourly-ipv4,ziyadnz|hourly,2026-08-17T18:48:05Z,2026-08-17T18:48:05Z,
46.101.98.140,ipv4,malicious-ip,medium,WHITE,ziyadnz/hourly-ipv4,ziyadnz|hourly,2026-08-17T18:48:05Z,2026-08-17T18:48:05Z,
46.101.98.32,ipv4,malicious-ip,medium,WHITE,ziyadnz/hourly-ipv4,ziyadnz|hourly,2026-08-17T18:48:05Z,2026-08-17T18:48:05Z,
46.102.21.132,ipv4,malicious-ip,medium,WHITE,ziyadnz/hourly-ipv4,ziyadnz|hourly,2026-08-17T18:48:05Z,2026-08-17T18:48:05Z,
46.105.103.169,ipv4,malicious-ip,medium,WHITE,ziyadnz/hourly-ipv4,ziyadnz|hourly,2026-08-17T18:48:05Z,2026-08-17T18:48:05Z,
46.105.132.32,ipv4,malicious-ip,medium,WHITE,ziyadnz/hourly-ipv4,ziyadnz|hourly,2026-08-17T18:48:05Z,2026-08-17T18:48:05Z,
46.105.132.33,ipv4,malicious-ip,medium,WHITE,ziyadnz/hourly-ipv4,ziyadnz|hourly,2026-08-17T18:48:05Z,2026-08-17T18:48:05Z,
46.105.132.34,ipv4,malicious-ip,medium,WHITE,ziyadnz/hourly-ipv4,ziyadnz|hourly,2026-08-17T18:48:05Z,2026-08-17T18:48:05Z,
46.105.132.35,ipv4,malicious-ip,medium,WHITE,ziyadnz/hourly-ipv4,ziyadnz|hourly,2026-08-17T18:48:05Z,2026-08-17T18:48:05Z,
46.105.132.55,ipv4,malicious-ip,medium,WHITE,ziyadnz/hourly-ipv4,ziyadnz|hourly,2026-08-17T18:48:05Z,2026-08-17T18:48:05Z,
46.105.141.51,ipv4,malicious-ip,medium,WHITE,ziyadnz/hourly-ipv4,ziyadnz|hourly,2026-08-17T18:48:05Z,2026-08-17T18:48:05Z,
46.105.141.54,ipv4,malicious-ip,medium,WHITE,ziyadnz/hourly-ipv4,ziyadnz|hourly,2026-08-17T18:48:05Z,2026-08-17T18:48:05Z,
46.105.161.242,ipv4,malicious-ip,medium,WHITE,ziyadnz/hourly-ipv4,ziyadnz|hourly,2026-08-17T18:48:05Z,2026-08-17T18:48:05Z,
46.105.162.81,ipv4,malicious-ip,medium,WHITE,ziyadnz/hourly-ipv4,ziyadnz|hourly,2026-08-17T18:48:05Z,2026-08-17T18:48:05Z,
46.105.20.238,ipv4,malicious-ip,medium,WHITE,ziyadnz/hourly-ipv4,ziyadnz|hourly,2026-08-17T18:48:05Z,2026-08-17T18:48:05Z,
46.105.39.49,ipv4,malicious-ip,medium,WHITE,ziyadnz/hourly-ipv4,ziyadnz|hourly,2026-08-17T18:48:05Z,2026-08-17T18:48:05Z,
46.105.40.140,ipv4,malicious-ip,medium,WHITE,ziyadnz/hourly-ipv4,ziyadnz|hourly,2026-08-17T18:48:05Z,2026-08-17T18:48:05Z,
46.107.104.6,ipv4,malicious-ip,medium,WHITE,ziyadnz/hourly-ipv4,ziyadnz|hourly,2026-08-17T18:48:05Z,2026-08-17T18:48:05Z,
46.107.48.202,ipv4,malicious-ip,medium,WHITE,ziyadnz/hourly-ipv4,ziyadnz|hourly,2026-08-17T18:48:05Z,2026-08-17T18:48:05Z,
46.109.180.84,ipv4,malicious-ip,medium,WHITE,ziyadnz/hourly-ipv4,ziyadnz|hourly,2026-08-17T18:48:05Z,2026-08-17T18:48:05Z,
46.11.244.232,ipv4,malicious-ip,medium,WHITE,ziyadnz/hourly-ipv4,ziyadnz|hourly,2026-08-17T18:48:05Z,2026-08-17T18:48:05Z,
46.11.26.210,ipv4,malicious-ip,medium,WHITE,ziyadnz/hourly-ipv4,ziyadnz|hourly,2026-08-17T18:48:05Z,2026-08-17T18:48:05Z,
46.11.53.246,ipv4,malicious-ip,medium,WHITE,ziyadnz/hourly-ipv4,ziyadnz|hourly,2026-08-17T18:48:05Z,2026-08-17T18:48:05Z,
46.110.23.231,ipv4,malicious-ip,medium,WHITE,ziyadnz/hourly-ipv4,ziyadnz|hourly,2026-08-17T18:48:05Z,2026-08-17T18:48:05Z,
46.112.70.252,ipv4,malicious-ip,medium,WHITE,ziyadnz/hourly-ipv4,ziyadnz|hourly,2026-08-17T18:48:05Z,2026-08-17T18:48:05Z,
46.116.232.131,ipv4,malicious-ip,medium,WHITE,ziyadnz/hourly-ipv4,ziyadnz|hourly,2026-08-17T18:48:05Z,2026-08-17T18:48:05Z,
46.116.239.57,ipv4,malicious-ip,medium,WHITE,ziyadnz/hourly-ipv4,ziyadnz|hourly,2026-08-17T18:48:05Z,2026-08-17T18:48:05Z,
46.117.81.35,ipv4,malicious-ip,medium,WHITE,ziyadnz/hourly-ipv4,ziyadnz|hourly,2026-08-17T18:48:05Z,2026-08-17T18:48:05Z,
46.122.99.249,ipv4,malicious-ip,medium,WHITE,ziyadnz/hourly-ipv4,ziyadnz|hourly,2026-08-17T18:48:05Z,2026-08-17T18:48:05Z,
46.124.144.128,ipv4,malicious-ip,medium,WHITE,ziyadnz/hourly-ipv4,ziyadnz|hourly,2026-08-17T18:48:05Z,2026-08-17T18:48:05Z,
46.124.167.199,ipv4,malicious-ip,medium,WHITE,ziyadnz/hourly-ipv4,ziyadnz|hourly,2026-08-17T18:48:05Z,2026-08-17T18:48:05Z,
46.125.148.49,ipv4,malicious-ip,medium,WHITE,ziyadnz/hourly-ipv4,ziyadnz|hourly,2026-08-17T18:48:05Z,2026-08-17T18:48:05Z,
46.129.5.250,ipv4,malicious-ip,medium,WHITE,ziyadnz/hourly-ipv4,ziyadnz|hourly,2026-08-17T18:48:05Z,2026-08-17T18:48:05Z,
46.130.54.153,ipv4,malicious-ip,medium,WHITE,ziyadnz/hourly-ipv4,ziyadnz|hourly,2026-08-17T18:48:05Z,2026-08-17T18:48:05Z,
46.135.108.22,ipv4,malicious-ip,medium,WHITE,ziyadnz/hourly-ipv4,ziyadnz|hourly,2026-08-17T18:48:05Z,2026-08-17T18:48:05Z,
46.135.109.64,ipv4,malicious-ip,medium,WHITE,ziyadnz/hourly-ipv4,ziyadnz|hourly,2026-08-17T18:48:05Z,2026-08-17T18:48:05Z,
46.135.19.221,ipv4,malicious-ip,medium,WHITE,ziyadnz/hourly-ipv4,ziyadnz|hourly,2026-08-17T18:48:05Z,2026-08-17T18:48:05Z,
46.143.99.80,ipv4,malicious-ip,medium,WHITE,ziyadnz/hourly-ipv4,ziyadnz|hourly,2026-08-17T18:48:05Z,2026-08-17T18:48:05Z,
46.146.110.245,ipv4,malicious-ip,medium,WHITE,ziyadnz/hourly-ipv4,ziyadnz|hourly,2026-08-17T18:48:05Z,2026-08-17T18:48:05Z,
46.146.234.12,ipv4,malicious-ip,medium,WHITE,ziyadnz/hourly-ipv4,ziyadnz|hourly,2026-08-17T18:48:05Z,2026-08-17T18:48:05Z,
46.146.238.1,ipv4,malicious-ip,medium,WHITE,ziyadnz/hourly-ipv4,ziyadnz|hourly,2026-08-17T18:48:05Z,2026-08-17T18:48:05Z,
46.146.38.169,ipv4,malicious-ip,medium,WHITE,ziyadnz/hourly-ipv4,ziyadnz|hourly,2026-08-17T18:48:05Z,2026-08-17T18:48:05Z,
46.147.113.91,ipv4,malicious-ip,medium,WHITE,ziyadnz/hourly-ipv4,ziyadnz|hourly,2026-08-17T18:48:05Z,2026-08-17T18:48:05Z,
46.148.56.40,ipv4,malicious-ip,medium,WHITE,ziyadnz/hourly-ipv4,ziyadnz|hourly,2026-08-17T18:48:05Z,2026-08-17T18:48:05Z,
46.149.176.166,ipv4,malicious-ip,medium,WHITE,ziyadnz/hourly-ipv4,ziyadnz|hourly,2026-08-17T18:48:05Z,2026-08-17T18:48:05Z,
46.149.177.14,ipv4,malicious-ip,medium,WHITE,ziyadnz/hourly-ipv4,ziyadnz|hourly,2026-08-17T18:48:05Z,2026-08-17T18:48:05Z,
46.149.182.16,ipv4,malicious-ip,medium,WHITE,ziyadnz/hourly-ipv4,ziyadnz|hourly,2026-08-17T18:48:05Z,2026-08-17T18:48:05Z,
46.149.184.2,ipv4,malicious-ip,medium,WHITE,ziyadnz/hourly-ipv4,ziyadnz|hourly,2026-08-17T18:48:05Z,2026-08-17T18:48:05Z,
46.149.184.31,ipv4,malicious-ip,medium,WHITE,ziyadnz/hourly-ipv4,ziyadnz|hourly,2026-08-17T18:48:05Z,2026-08-17T18:48:05Z,
46.149.184.9,ipv4,malicious-ip,medium,WHITE,ziyadnz/hourly-ipv4,ziyadnz|hourly,2026-08-17T18:48:05Z,2026-08-17T18:48:05Z,
46.149.186.50,ipv4,malicious-ip,medium,WHITE,ziyadnz/hourly-ipv4,ziyadnz|hourly,2026-08-17T18:48:05Z,2026-08-17T18:48:05Z,
46.149.190.228,ipv4,malicious-ip,medium,WHITE,ziyadnz/hourly-ipv4,ziyadnz|hourly,2026-08-17T18:48:05Z,2026-08-17T18:48:05Z,
46.149.61.113,ipv4,malicious-ip,medium,WHITE,ziyadnz/hourly-ipv4,ziyadnz|hourly,2026-08-17T18:48:05Z,2026-08-17T18:48:05Z,
46.149.61.183,ipv4,malicious-ip,medium,WHITE,ziyadnz/hourly-ipv4,ziyadnz|hourly,2026-08-17T18:48:05Z,2026-08-17T18:48:05Z,
46.149.66.61,ipv4,malicious-ip,medium,WHITE,ziyadnz/hourly-ipv4,ziyadnz|hourly,2026-08-17T18:48:05Z,2026-08-17T18:48:05Z,
46.149.67.250,ipv4,malicious-ip,medium,WHITE,ziyadnz/hourly-ipv4,ziyadnz|hourly,2026-08-17T18:48:05Z,2026-08-17T18:48:05Z,
46.149.69.191,ipv4,malicious-ip,medium,WHITE,ziyadnz/hourly-ipv4,ziyadnz|hourly,2026-08-17T18:48:05Z,2026-08-17T18:48:05Z,
46.149.70.18,ipv4,malicious-ip,medium,WHITE,ziyadnz/hourly-ipv4,ziyadnz|hourly,2026-08-17T18:48:05Z,2026-08-17T18:48:05Z,
46.149.70.215,ipv4,malicious-ip,medium,WHITE,ziyadnz/hourly-ipv4,ziyadnz|hourly,2026-08-17T18:48:05Z,2026-08-17T18:48:05Z,
46.150.0.63,ipv4,malicious-ip,medium,WHITE,ziyadnz/hourly-ipv4,ziyadnz|hourly,2026-08-17T18:48:05Z,2026-08-17T18:48:05Z,
46.150.103.84,ipv4,malicious-ip,medium,WHITE,ziyadnz/hourly-ipv4,ziyadnz|hourly,2026-08-17T18:48:05Z,2026-08-17T18:48:05Z,
46.150.65.85,ipv4,malicious-ip,medium,WHITE,ziyadnz/hourly-ipv4,ziyadnz|hourly,2026-08-17T18:48:05Z,2026-08-17T18:48:05Z,
46.150.68.36,ipv4,malicious-ip,medium,WHITE,ziyadnz/hourly-ipv4,ziyadnz|hourly,2026-08-17T18:48:05Z,2026-08-17T18:48:05Z,
46.150.68.71,ipv4,malicious-ip,medium,WHITE,ziyadnz/hourly-ipv4,ziyadnz|hourly,2026-08-17T18:48:05Z,2026-08-17T18:48:05Z,
46.150.69.154,ipv4,malicious-ip,medium,WHITE,ziyadnz/hourly-ipv4,ziyadnz|hourly,2026-08-17T18:48:05Z,2026-08-17T18:48:05Z,
46.150.71.8,ipv4,malicious-ip,medium,WHITE,ziyadnz/hourly-ipv4,ziyadnz|hourly,2026-08-17T18:48:05Z,2026-08-17T18:48:05Z,
46.150.73.145,ipv4,malicious-ip,medium,WHITE,ziyadnz/hourly-ipv4,ziyadnz|hourly,2026-08-17T18:48:05Z,2026-08-17T18:48:05Z,
46.150.74.117,ipv4,malicious-ip,medium,WHITE,ziyadnz/hourly-ipv4,ziyadnz|hourly,2026-08-17T18:48:05Z,2026-08-17T18:48:05Z,
46.150.81.141,ipv4,malicious-ip,medium,WHITE,ziyadnz/hourly-ipv4,ziyadnz|hourly,2026-08-17T18:48:05Z,2026-08-17T18:48:05Z,
46.150.81.229,ipv4,malicious-ip,medium,WHITE,ziyadnz/hourly-ipv4,ziyadnz|hourly,2026-08-17T18:48:05Z,2026-08-17T18:48:05Z,
46.150.90.102,ipv4,malicious-ip,medium,WHITE,ziyadnz/hourly-ipv4,ziyadnz|hourly,2026-08-17T18:48:05Z,2026-08-17T18:48:05Z,
46.150.93.236,ipv4,malicious-ip,medium,WHITE,ziyadnz/hourly-ipv4,ziyadnz|hourly,2026-08-17T18:48:05Z,2026-08-17T18:48:05Z,
46.151.182.0,ipv4,malicious-ip,medium,WHITE,ziyadnz/hourly-ipv4,ziyadnz|hourly,2026-08-17T18:48:05Z,2026-08-17T18:48:05Z,
46.151.182.101,ipv4,malicious-ip,medium,WHITE,ziyadnz/hourly-ipv4,ziyadnz|hourly,2026-08-17T18:48:05Z,2026-08-17T18:48:05Z,
46.151.182.131,ipv4,malicious-ip,medium,WHITE,ziyadnz/hourly-ipv4,ziyadnz|hourly,2026-08-17T18:48:05Z,2026-08-17T18:48:05Z,
46.151.182.137,ipv4,malicious-ip,medium,WHITE,ziyadnz/hourly-ipv4,ziyadnz|hourly,2026-08-17T18:48:05Z,2026-08-17T18:48:05Z,
46.151.182.158,ipv4,malicious-ip,medium,WHITE,ziyadnz/hourly-ipv4,ziyadnz|hourly,2026-08-17T18:48:05Z,2026-08-17T18:48:05Z,
46.151.182.161,ipv4,malicious-ip,medium,WHITE,ziyadnz/hourly-ipv4,ziyadnz|hourly,2026-08-17T18:48:05Z,2026-08-17T18:48:05Z,
46.151.182.190,ipv4,malicious-ip,medium,WHITE,ziyadnz/hourly-ipv4,ziyadnz|hourly,2026-08-17T18:48:05Z,2026-08-17T18:48:05Z,
46.151.182.191,ipv4,malicious-ip,medium,WHITE,ziyadnz/hourly-ipv4,ziyadnz|hourly,2026-08-17T18:48:05Z,2026-08-17T18:48:05Z,
46.151.182.197,ipv4,malicious-ip,medium,WHITE,ziyadnz/hourly-ipv4,ziyadnz|hourly,2026-08-17T18:48:05Z,2026-08-17T18:48:05Z,
46.151.182.237,ipv4,malicious-ip,medium,WHITE,ziyadnz/hourly-ipv4,ziyadnz|hourly,2026-08-17T18:48:05Z,2026-08-17T18:48:05Z,
46.151.182.243,ipv4,malicious-ip,medium,WHITE,ziyadnz/hourly-ipv4,ziyadnz|hourly,2026-08-17T18:48:05Z,2026-08-17T18:48:05Z,
46.151.182.31,ipv4,malicious-ip,medium,WHITE,ziyadnz/hourly-ipv4,ziyadnz|hourly,2026-08-17T18:48:05Z,2026-08-17T18:48:05Z,
46.151.182.39,ipv4,malicious-ip,medium,WHITE,ziyadnz/hourly-ipv4,ziyadnz|hourly,2026-08-17T18:48:05Z,2026-08-17T18:48:05Z,
46.151.182.67,ipv4,malicious-ip,medium,WHITE,ziyadnz/hourly-ipv4,ziyadnz|hourly,2026-08-17T18:48:05Z,2026-08-17T18:48:05Z,
46.151.182.95,ipv4,malicious-ip,medium,WHITE,ziyadnz/hourly-ipv4,ziyadnz|hourly,2026-08-17T18:48:05Z,2026-08-17T18:48:05Z,
46.151.182.98,ipv4,malicious-ip,medium,WHITE,ziyadnz/hourly-ipv4,ziyadnz|hourly,2026-08-17T18:48:05Z,2026-08-17T18:48:05Z,
46.151.24.197,ipv4,malicious-ip,medium,WHITE,ziyadnz/hourly-ipv4,ziyadnz|hourly,2026-08-17T18:48:05Z,2026-08-17T18:48:05Z,
46.151.24.226,ipv4,malicious-ip,medium,WHITE,ziyadnz/hourly-ipv4,ziyadnz|hourly,2026-08-17T18:48:05Z,2026-08-17T18:48:05Z,
46.151.242.210,ipv4,malicious-ip,medium,WHITE,ziyadnz/hourly-ipv4,ziyadnz|hourly,2026-08-17T18:48:05Z,2026-08-17T18:48:05Z,
46.151.243.150,ipv4,malicious-ip,medium,WHITE,ziyadnz/hourly-ipv4,ziyadnz|hourly,2026-08-17T18:48:05Z,2026-08-17T18:48:05Z,
46.151.25.15,ipv4,malicious-ip,medium,WHITE,ziyadnz/hourly-ipv4,ziyadnz|hourly,2026-08-17T18:48:05Z,2026-08-17T18:48:05Z,
46.151.25.49,ipv4,malicious-ip,medium,WHITE,ziyadnz/hourly-ipv4,ziyadnz|hourly,2026-08-17T18:48:05Z,2026-08-17T18:48:05Z,
46.151.28.18,ipv4,malicious-ip,medium,WHITE,ziyadnz/hourly-ipv4,ziyadnz|hourly,2026-08-17T18:48:05Z,2026-08-17T18:48:05Z,
46.151.30.109,ipv4,malicious-ip,medium,WHITE,ziyadnz/hourly-ipv4,ziyadnz|hourly,2026-08-17T18:48:05Z,2026-08-17T18:48:05Z,
46.151.34.109,ipv4,malicious-ip,medium,WHITE,ziyadnz/hourly-ipv4,ziyadnz|hourly,2026-08-17T18:48:05Z,2026-08-17T18:48:05Z,
46.151.88.120,ipv4,malicious-ip,medium,WHITE,ziyadnz/hourly-ipv4,ziyadnz|hourly,2026-08-17T18:48:05Z,2026-08-17T18:48:05Z,
46.152.136.120,ipv4,malicious-ip,medium,WHITE,ziyadnz/hourly-ipv4,ziyadnz|hourly,2026-08-17T18:48:05Z,2026-08-17T18:48:05Z,
46.152.247.36,ipv4,malicious-ip,medium,WHITE,ziyadnz/hourly-ipv4,ziyadnz|hourly,2026-08-17T18:48:05Z,2026-08-17T18:48:05Z,
46.152.253.229,ipv4,malicious-ip,medium,WHITE,ziyadnz/hourly-ipv4,ziyadnz|hourly,2026-08-17T18:48:05Z,2026-08-17T18:48:05Z,
46.152.4.197,ipv4,malicious-ip,medium,WHITE,ziyadnz/hourly-ipv4,ziyadnz|hourly,2026-08-17T18:48:05Z,2026-08-17T18:48:05Z,
46.153.234.51,ipv4,malicious-ip,medium,WHITE,ziyadnz/hourly-ipv4,ziyadnz|hourly,2026-08-17T18:48:05Z,2026-08-17T18:48:05Z,
46.153.63.227,ipv4,malicious-ip,medium,WHITE,ziyadnz/hourly-ipv4,ziyadnz|hourly,2026-08-17T18:48:05Z,2026-08-17T18:48:05Z,
46.16.34.164,ipv4,malicious-ip,medium,WHITE,ziyadnz/hourly-ipv4,ziyadnz|hourly,2026-08-17T18:48:05Z,2026-08-17T18:48:05Z,
46.160.165.239,ipv4,malicious-ip,medium,WHITE,ziyadnz/hourly-ipv4,ziyadnz|hourly,2026-08-17T18:48:05Z,2026-08-17T18:48:05Z,
46.160.242.180,ipv4,malicious-ip,medium,WHITE,ziyadnz/hourly-ipv4,ziyadnz|hourly,2026-08-17T18:48:05Z,2026-08-17T18:48:05Z,
46.161.27.117,ipv4,malicious-ip,medium,WHITE,ziyadnz/hourly-ipv4,ziyadnz|hourly,2026-08-17T18:48:05Z,2026-08-17T18:48:05Z,
46.161.27.133,ipv4,malicious-ip,medium,WHITE,ziyadnz/hourly-ipv4,ziyadnz|hourly,2026-08-17T18:48:05Z,2026-08-17T18:48:05Z,
46.161.27.151,ipv4,malicious-ip,medium,WHITE,ziyadnz/hourly-ipv4,ziyadnz|hourly,2026-08-17T18:48:05Z,2026-08-17T18:48:05Z,
46.161.27.160,ipv4,malicious-ip,medium,WHITE,ziyadnz/hourly-ipv4,ziyadnz|hourly,2026-08-17T18:48:05Z,2026-08-17T18:48:05Z,
46.161.40.164,ipv4,malicious-ip,medium,WHITE,ziyadnz/hourly-ipv4,ziyadnz|hourly,2026-08-17T18:48:05Z,2026-08-17T18:48:05Z,
46.161.50.108,ipv4,malicious-ip,medium,WHITE,ziyadnz/hourly-ipv4,ziyadnz|hourly,2026-08-17T18:48:05Z,2026-08-17T18:48:05Z,
46.161.50.109,ipv4,malicious-ip,medium,WHITE,ziyadnz/hourly-ipv4,ziyadnz|hourly,2026-08-17T18:48:05Z,2026-08-17T18:48:05Z,
46.162.203.179,ipv4,malicious-ip,medium,WHITE,ziyadnz/hourly-ipv4,ziyadnz|hourly,2026-08-17T18:48:05Z,2026-08-17T18:48:05Z,
46.162.203.213,ipv4,malicious-ip,medium,WHITE,ziyadnz/hourly-ipv4,ziyadnz|hourly,2026-08-17T18:48:05Z,2026-08-17T18:48:05Z,
46.162.203.252,ipv4,malicious-ip,medium,WHITE,ziyadnz/hourly-ipv4,ziyadnz|hourly,2026-08-17T18:48:05Z,2026-08-17T18:48:05Z,
46.162.209.20,ipv4,malicious-ip,medium,WHITE,ziyadnz/hourly-ipv4,ziyadnz|hourly,2026-08-17T18:48:05Z,2026-08-17T18:48:05Z,
46.162.36.59,ipv4,malicious-ip,medium,WHITE,ziyadnz/hourly-ipv4,ziyadnz|hourly,2026-08-17T18:48:05Z,2026-08-17T18:48:05Z,
46.163.144.31,ipv4,malicious-ip,medium,WHITE,ziyadnz/hourly-ipv4,ziyadnz|hourly,2026-08-17T18:48:05Z,2026-08-17T18:48:05Z,
46.163.28.239,ipv4,malicious-ip,medium,WHITE,ziyadnz/hourly-ipv4,ziyadnz|hourly,2026-08-17T18:48:05Z,2026-08-17T18:48:05Z,
46.164.145.190,ipv4,malicious-ip,medium,WHITE,ziyadnz/hourly-ipv4,ziyadnz|hourly,2026-08-17T18:48:05Z,2026-08-17T18:48:05Z,
46.164.169.235,ipv4,malicious-ip,medium,WHITE,ziyadnz/hourly-ipv4,ziyadnz|hourly,2026-08-17T18:48:05Z,2026-08-17T18:48:05Z,
46.165.243.36,ipv4,malicious-ip,medium,WHITE,ziyadnz/hourly-ipv4,ziyadnz|hourly,2026-08-17T18:48:05Z,2026-08-17T18:48:05Z,
46.165.56.242,ipv4,malicious-ip,medium,WHITE,ziyadnz/hourly-ipv4,ziyadnz|hourly,2026-08-17T18:48:05Z,2026-08-17T18:48:05Z,
46.165.56.244,ipv4,malicious-ip,medium,WHITE,ziyadnz/hourly-ipv4,ziyadnz|hourly,2026-08-17T18:48:05Z,2026-08-17T18:48:05Z,
46.166.162.14,ipv4,malicious-ip,medium,WHITE,ziyadnz/hourly-ipv4,ziyadnz|hourly,2026-08-17T18:48:05Z,2026-08-17T18:48:05Z,
46.166.185.231,ipv4,malicious-ip,medium,WHITE,ziyadnz/hourly-ipv4,ziyadnz|hourly,2026-08-17T18:48:05Z,2026-08-17T18:48:05Z,
46.167.128.142,ipv4,malicious-ip,medium,WHITE,ziyadnz/hourly-ipv4,ziyadnz|hourly,2026-08-17T18:48:05Z,2026-08-17T18:48:05Z,
46.167.155.82,ipv4,malicious-ip,medium,WHITE,ziyadnz/hourly-ipv4,ziyadnz|hourly,2026-08-17T18:48:05Z,2026-08-17T18:48:05Z,
46.17.100.21,ipv4,malicious-ip,medium,WHITE,ziyadnz/hourly-ipv4,ziyadnz|hourly,2026-08-17T18:48:05Z,2026-08-17T18:48:05Z,
46.17.102.237,ipv4,malicious-ip,medium,WHITE,ziyadnz/hourly-ipv4,ziyadnz|hourly,2026-08-17T18:48:05Z,2026-08-17T18:48:05Z,
46.17.103.81,ipv4,malicious-ip,medium,WHITE,ziyadnz/hourly-ipv4,ziyadnz|hourly,2026-08-17T18:48:05Z,2026-08-17T18:48:05Z,
46.17.248.120,ipv4,malicious-ip,medium,WHITE,ziyadnz/hourly-ipv4,ziyadnz|hourly,2026-08-17T18:48:05Z,2026-08-17T18:48:05Z,
46.17.44.125,ipv4,malicious-ip,medium,WHITE,ziyadnz/hourly-ipv4,ziyadnz|hourly,2026-08-17T18:48:05Z,2026-08-17T18:48:05Z,
46.17.44.212,ipv4,malicious-ip,medium,WHITE,ziyadnz/hourly-ipv4,ziyadnz|hourly,2026-08-17T18:48:05Z,2026-08-17T18:48:05Z,
46.17.45.56,ipv4,malicious-ip,medium,WHITE,ziyadnz/hourly-ipv4,ziyadnz|hourly,2026-08-17T18:48:05Z,2026-08-17T18:48:05Z,
46.17.98.190,ipv4,malicious-ip,medium,WHITE,ziyadnz/hourly-ipv4,ziyadnz|hourly,2026-08-17T18:48:05Z,2026-08-17T18:48:05Z,
46.17.99.102,ipv4,malicious-ip,medium,WHITE,ziyadnz/hourly-ipv4,ziyadnz|hourly,2026-08-17T18:48:05Z,2026-08-17T18:48:05Z,
46.170.131.9,ipv4,malicious-ip,medium,WHITE,ziyadnz/hourly-ipv4,ziyadnz|hourly,2026-08-17T18:48:05Z,2026-08-17T18:48:05Z,
46.172.71.187,ipv4,malicious-ip,medium,WHITE,ziyadnz/hourly-ipv4,ziyadnz|hourly,2026-08-17T18:48:05Z,2026-08-17T18:48:05Z,
46.172.74.206,ipv4,malicious-ip,medium,WHITE,ziyadnz/hourly-ipv4,ziyadnz|hourly,2026-08-17T18:48:05Z,2026-08-17T18:48:05Z,
46.172.77.194,ipv4,malicious-ip,medium,WHITE,ziyadnz/hourly-ipv4,ziyadnz|hourly,2026-08-17T18:48:05Z,2026-08-17T18:48:05Z,
46.172.83.110,ipv4,malicious-ip,medium,WHITE,ziyadnz/hourly-ipv4,ziyadnz|hourly,2026-08-17T18:48:05Z,2026-08-17T18:48:05Z,
46.172.83.118,ipv4,malicious-ip,medium,WHITE,ziyadnz/hourly-ipv4,ziyadnz|hourly,2026-08-17T18:48:05Z,2026-08-17T18:48:05Z,
46.172.84.197,ipv4,malicious-ip,medium,WHITE,ziyadnz/hourly-ipv4,ziyadnz|hourly,2026-08-17T18:48:05Z,2026-08-17T18:48:05Z,
46.172.84.208,ipv4,malicious-ip,medium,WHITE,ziyadnz/hourly-ipv4,ziyadnz|hourly,2026-08-17T18:48:05Z,2026-08-17T18:48:05Z,
46.172.84.219,ipv4,malicious-ip,medium,WHITE,ziyadnz/hourly-ipv4,ziyadnz|hourly,2026-08-17T18:48:05Z,2026-08-17T18:48:05Z,
46.172.86.199,ipv4,malicious-ip,medium,WHITE,ziyadnz/hourly-ipv4,ziyadnz|hourly,2026-08-17T18:48:05Z,2026-08-17T18:48:05Z,
46.172.90.6,ipv4,malicious-ip,medium,WHITE,ziyadnz/hourly-ipv4,ziyadnz|hourly,2026-08-17T18:48:05Z,2026-08-17T18:48:05Z,
46.173.16.221,ipv4,malicious-ip,medium,WHITE,ziyadnz/hourly-ipv4,ziyadnz|hourly,2026-08-17T18:48:05Z,2026-08-17T18:48:05Z,
46.173.166.226,ipv4,malicious-ip,medium,WHITE,ziyadnz/hourly-ipv4,ziyadnz|hourly,2026-08-17T18:48:05Z,2026-08-17T18:48:05Z,
46.173.198.19,ipv4,malicious-ip,medium,WHITE,ziyadnz/hourly-ipv4,ziyadnz|hourly,2026-08-17T18:48:05Z,2026-08-17T18:48:05Z,
46.173.215.132,ipv4,malicious-ip,medium,WHITE,ziyadnz/hourly-ipv4,ziyadnz|hourly,2026-08-17T18:48:05Z,2026-08-17T18:48:05Z,
46.173.40.18,ipv4,malicious-ip,medium,WHITE,ziyadnz/hourly-ipv4,ziyadnz|hourly,2026-08-17T18:48:05Z,2026-08-17T18:48:05Z,
46.174.236.175,ipv4,malicious-ip,medium,WHITE,ziyadnz/hourly-ipv4,ziyadnz|hourly,2026-08-17T18:48:05Z,2026-08-17T18:48:05Z,
46.174.67.117,ipv4,malicious-ip,medium,WHITE,ziyadnz/hourly-ipv4,ziyadnz|hourly,2026-08-17T18:48:05Z,2026-08-17T18:48:05Z,
46.174.73.209,ipv4,malicious-ip,medium,WHITE,ziyadnz/hourly-ipv4,ziyadnz|hourly,2026-08-17T18:48:05Z,2026-08-17T18:48:05Z,
46.174.73.240,ipv4,malicious-ip,medium,WHITE,ziyadnz/hourly-ipv4,ziyadnz|hourly,2026-08-17T18:48:05Z,2026-08-17T18:48:05Z,
46.175.134.184,ipv4,malicious-ip,medium,WHITE,ziyadnz/hourly-ipv4,ziyadnz|hourly,2026-08-17T18:48:05Z,2026-08-17T18:48:05Z,
46.175.134.187,ipv4,malicious-ip,medium,WHITE,ziyadnz/hourly-ipv4,ziyadnz|hourly,2026-08-17T18:48:05Z,2026-08-17T18:48:05Z,
46.175.134.188,ipv4,malicious-ip,medium,WHITE,ziyadnz/hourly-ipv4,ziyadnz|hourly,2026-08-17T18:48:05Z,2026-08-17T18:48:05Z,
46.175.134.189,ipv4,malicious-ip,medium,WHITE,ziyadnz/hourly-ipv4,ziyadnz|hourly,2026-08-17T18:48:05Z,2026-08-17T18:48:05Z,
46.175.136.141,ipv4,malicious-ip,medium,WHITE,ziyadnz/hourly-ipv4,ziyadnz|hourly,2026-08-17T18:48:05Z,2026-08-17T18:48:05Z,
46.175.184.27,ipv4,malicious-ip,medium,WHITE,ziyadnz/hourly-ipv4,ziyadnz|hourly,2026-08-17T18:48:05Z,2026-08-17T18:48:05Z,
46.175.187.116,ipv4,malicious-ip,medium,WHITE,ziyadnz/hourly-ipv4,ziyadnz|hourly,2026-08-17T18:48:05Z,2026-08-17T18:48:05Z,
46.175.246.102,ipv4,malicious-ip,medium,WHITE,ziyadnz/hourly-ipv4,ziyadnz|hourly,2026-08-17T18:48:05Z,2026-08-17T18:48:05Z,
46.175.246.99,ipv4,malicious-ip,medium,WHITE,ziyadnz/hourly-ipv4,ziyadnz|hourly,2026-08-17T18:48:05Z,2026-08-17T18:48:05Z,
46.175.247.192,ipv4,malicious-ip,medium,WHITE,ziyadnz/hourly-ipv4,ziyadnz|hourly,2026-08-17T18:48:05Z,2026-08-17T18:48:05Z,
46.175.252.99,ipv4,malicious-ip,medium,WHITE,ziyadnz/hourly-ipv4,ziyadnz|hourly,2026-08-17T18:48:05Z,2026-08-17T18:48:05Z,
46.18.204.177,ipv4,malicious-ip,medium,WHITE,ziyadnz/hourly-ipv4,ziyadnz|hourly,2026-08-17T18:48:05Z,2026-08-17T18:48:05Z,
46.18.205.4,ipv4,malicious-ip,medium,WHITE,ziyadnz/hourly-ipv4,ziyadnz|hourly,2026-08-17T18:48:05Z,2026-08-17T18:48:05Z,
46.181.227.6,ipv4,malicious-ip,medium,WHITE,ziyadnz/hourly-ipv4,ziyadnz|hourly,2026-08-17T18:48:05Z,2026-08-17T18:48:05Z,
46.182.21.248,ipv4,malicious-ip,medium,WHITE,ziyadnz/hourly-ipv4,ziyadnz|hourly,2026-08-17T18:48:05Z,2026-08-17T18:48:05Z,
46.183.135.88,ipv4,malicious-ip,medium,WHITE,ziyadnz/hourly-ipv4,ziyadnz|hourly,2026-08-17T18:48:05Z,2026-08-17T18:48:05Z,
46.183.184.245,ipv4,malicious-ip,medium,WHITE,ziyadnz/hourly-ipv4,ziyadnz|hourly,2026-08-17T18:48:05Z,2026-08-17T18:48:05Z,
46.183.184.91,ipv4,malicious-ip,medium,WHITE,ziyadnz/hourly-ipv4,ziyadnz|hourly,2026-08-17T18:48:05Z,2026-08-17T18:48:05Z,
46.183.187.61,ipv4,malicious-ip,medium,WHITE,ziyadnz/hourly-ipv4,ziyadnz|hourly,2026-08-17T18:48:05Z,2026-08-17T18:48:05Z,
46.183.219.207,ipv4,malicious-ip,medium,WHITE,ziyadnz/hourly-ipv4,ziyadnz|hourly,2026-08-17T18:48:05Z,2026-08-17T18:48:05Z,
46.183.219.228,ipv4,malicious-ip,medium,WHITE,ziyadnz/hourly-ipv4,ziyadnz|hourly,2026-08-17T18:48:05Z,2026-08-17T18:48:05Z,
46.183.219.232,ipv4,malicious-ip,medium,WHITE,ziyadnz/hourly-ipv4,ziyadnz|hourly,2026-08-17T18:48:05Z,2026-08-17T18:48:05Z,
46.183.221.59,ipv4,malicious-ip,medium,WHITE,ziyadnz/hourly-ipv4,ziyadnz|hourly,2026-08-17T18:48:05Z,2026-08-17T18:48:05Z,
46.183.223.21,ipv4,malicious-ip,medium,WHITE,ziyadnz/hourly-ipv4,ziyadnz|hourly,2026-08-17T18:48:05Z,2026-08-17T18:48:05Z,
46.183.223.6,ipv4,malicious-ip,medium,WHITE,ziyadnz/hourly-ipv4,ziyadnz|hourly,2026-08-17T18:48:05Z,2026-08-17T18:48:05Z,
46.183.25.146,ipv4,malicious-ip,medium,WHITE,ziyadnz/hourly-ipv4,ziyadnz|hourly,2026-08-17T18:48:05Z,2026-08-17T18:48:05Z,
46.183.25.232,ipv4,malicious-ip,medium,WHITE,ziyadnz/hourly-ipv4,ziyadnz|hourly,2026-08-17T18:48:05Z,2026-08-17T18:48:05Z,
46.184.20.16,ipv4,malicious-ip,medium,WHITE,ziyadnz/hourly-ipv4,ziyadnz|hourly,2026-08-17T18:48:05Z,2026-08-17T18:48:05Z,
46.184.21.2,ipv4,malicious-ip,medium,WHITE,ziyadnz/hourly-ipv4,ziyadnz|hourly,2026-08-17T18:48:05Z,2026-08-17T18:48:05Z,
46.185.163.235,ipv4,malicious-ip,medium,WHITE,ziyadnz/hourly-ipv4,ziyadnz|hourly,2026-08-17T18:48:05Z,2026-08-17T18:48:05Z,
46.185.184.85,ipv4,malicious-ip,medium,WHITE,ziyadnz/hourly-ipv4,ziyadnz|hourly,2026-08-17T18:48:05Z,2026-08-17T18:48:05Z,
46.186.10.175,ipv4,malicious-ip,medium,WHITE,ziyadnz/hourly-ipv4,ziyadnz|hourly,2026-08-17T18:48:05Z,2026-08-17T18:48:05Z,
46.186.50.120,ipv4,malicious-ip,medium,WHITE,ziyadnz/hourly-ipv4,ziyadnz|hourly,2026-08-17T18:48:05Z,2026-08-17T18:48:05Z,
46.187.38.215,ipv4,malicious-ip,medium,WHITE,ziyadnz/hourly-ipv4,ziyadnz|hourly,2026-08-17T18:48:05Z,2026-08-17T18:48:05Z,
46.187.52.63,ipv4,malicious-ip,medium,WHITE,ziyadnz/hourly-ipv4,ziyadnz|hourly,2026-08-17T18:48:05Z,2026-08-17T18:48:05Z,
46.188.119.26,ipv4,malicious-ip,medium,WHITE,ziyadnz/hourly-ipv4,ziyadnz|hourly,2026-08-17T18:48:05Z,2026-08-17T18:48:05Z,
46.188.34.20,ipv4,malicious-ip,medium,WHITE,ziyadnz/hourly-ipv4,ziyadnz|hourly,2026-08-17T18:48:05Z,2026-08-17T18:48:05Z,
46.189.138.239,ipv4,malicious-ip,medium,WHITE,ziyadnz/hourly-ipv4,ziyadnz|hourly,2026-08-17T18:48:05Z,2026-08-17T18:48:05Z,
46.19.138.10,ipv4,malicious-ip,medium,WHITE,ziyadnz/hourly-ipv4,ziyadnz|hourly,2026-08-17T18:48:05Z,2026-08-17T18:48:05Z,
46.19.141.122,ipv4,malicious-ip,medium,WHITE,ziyadnz/hourly-ipv4,ziyadnz|hourly,2026-08-17T18:48:05Z,2026-08-17T18:48:05Z,
46.19.143.14,ipv4,malicious-ip,medium,WHITE,ziyadnz/hourly-ipv4,ziyadnz|hourly,2026-08-17T18:48:05Z,2026-08-17T18:48:05Z,
46.19.33.214,ipv4,malicious-ip,medium,WHITE,ziyadnz/hourly-ipv4,ziyadnz|hourly,2026-08-17T18:48:05Z,2026-08-17T18:48:05Z,
46.190.1.53,ipv4,malicious-ip,medium,WHITE,ziyadnz/hourly-ipv4,ziyadnz|hourly,2026-08-17T18:48:05Z,2026-08-17T18:48:05Z,
46.191.157.187,ipv4,malicious-ip,medium,WHITE,ziyadnz/hourly-ipv4,ziyadnz|hourly,2026-08-17T18:48:05Z,2026-08-17T18:48:05Z,
46.191.163.43,ipv4,malicious-ip,medium,WHITE,ziyadnz/hourly-ipv4,ziyadnz|hourly,2026-08-17T18:48:05Z,2026-08-17T18:48:05Z,
46.196.8.17,ipv4,malicious-ip,medium,WHITE,ziyadnz/hourly-ipv4,ziyadnz|hourly,2026-08-17T18:48:05Z,2026-08-17T18:48:05Z,
46.197.12.58,ipv4,malicious-ip,medium,WHITE,ziyadnz/hourly-ipv4,ziyadnz|hourly,2026-08-17T18:48:05Z,2026-08-17T18:48:05Z,
46.197.13.243,ipv4,malicious-ip,medium,WHITE,ziyadnz/hourly-ipv4,ziyadnz|hourly,2026-08-17T18:48:05Z,2026-08-17T18:48:05Z,
46.197.29.45,ipv4,malicious-ip,medium,WHITE,ziyadnz/hourly-ipv4,ziyadnz|hourly,2026-08-17T18:48:05Z,2026-08-17T18:48:05Z,
46.199.246.101,ipv4,malicious-ip,medium,WHITE,ziyadnz/hourly-ipv4,ziyadnz|hourly,2026-08-17T18:48:05Z,2026-08-17T18:48:05Z,
46.20.146.40,ipv4,malicious-ip,medium,WHITE,ziyadnz/hourly-ipv4,ziyadnz|hourly,2026-08-17T18:48:05Z,2026-08-17T18:48:05Z,
46.20.58.0,ipv4,malicious-ip,medium,WHITE,ziyadnz/hourly-ipv4,ziyadnz|hourly,2026-08-17T18:48:05Z,2026-08-17T18:48:05Z,
46.20.58.1,ipv4,malicious-ip,medium,WHITE,ziyadnz/hourly-ipv4,ziyadnz|hourly,2026-08-17T18:48:05Z,2026-08-17T18:48:05Z,
46.20.58.124,ipv4,malicious-ip,medium,WHITE,ziyadnz/hourly-ipv4,ziyadnz|hourly,2026-08-17T18:48:05Z,2026-08-17T18:48:05Z,
46.20.58.45,ipv4,malicious-ip,medium,WHITE,ziyadnz/hourly-ipv4,ziyadnz|hourly,2026-08-17T18:48:05Z,2026-08-17T18:48:05Z,
46.20.58.98,ipv4,malicious-ip,medium,WHITE,ziyadnz/hourly-ipv4,ziyadnz|hourly,2026-08-17T18:48:05Z,2026-08-17T18:48:05Z,
46.200.100.248,ipv4,malicious-ip,medium,WHITE,ziyadnz/hourly-ipv4,ziyadnz|hourly,2026-08-17T18:48:05Z,2026-08-17T18:48:05Z,
46.200.107.69,ipv4,malicious-ip,medium,WHITE,ziyadnz/hourly-ipv4,ziyadnz|hourly,2026-08-17T18:48:05Z,2026-08-17T18:48:05Z,
46.200.136.115,ipv4,malicious-ip,medium,WHITE,ziyadnz/hourly-ipv4,ziyadnz|hourly,2026-08-17T18:48:05Z,2026-08-17T18:48:05Z,
46.200.138.152,ipv4,malicious-ip,medium,WHITE,ziyadnz/hourly-ipv4,ziyadnz|hourly,2026-08-17T18:48:05Z,2026-08-17T18:48:05Z,
46.200.139.125,ipv4,malicious-ip,medium,WHITE,ziyadnz/hourly-ipv4,ziyadnz|hourly,2026-08-17T18:48:05Z,2026-08-17T18:48:05Z,
46.200.17.58,ipv4,malicious-ip,medium,WHITE,ziyadnz/hourly-ipv4,ziyadnz|hourly,2026-08-17T18:48:05Z,2026-08-17T18:48:05Z,
46.200.189.139,ipv4,malicious-ip,medium,WHITE,ziyadnz/hourly-ipv4,ziyadnz|hourly,2026-08-17T18:48:05Z,2026-08-17T18:48:05Z,
46.200.190.248,ipv4,malicious-ip,medium,WHITE,ziyadnz/hourly-ipv4,ziyadnz|hourly,2026-08-17T18:48:05Z,2026-08-17T18:48:05Z,
46.200.204.25,ipv4,malicious-ip,medium,WHITE,ziyadnz/hourly-ipv4,ziyadnz|hourly,2026-08-17T18:48:05Z,2026-08-17T18:48:05Z,
46.200.230.73,ipv4,malicious-ip,medium,WHITE,ziyadnz/hourly-ipv4,ziyadnz|hourly,2026-08-17T18:48:05Z,2026-08-17T18:48:05Z,
46.200.233.38,ipv4,malicious-ip,medium,WHITE,ziyadnz/hourly-ipv4,ziyadnz|hourly,2026-08-17T18:48:05Z,2026-08-17T18:48:05Z,
46.200.239.215,ipv4,malicious-ip,medium,WHITE,ziyadnz/hourly-ipv4,ziyadnz|hourly,2026-08-17T18:48:05Z,2026-08-17T18:48:05Z,
46.200.48.249,ipv4,malicious-ip,medium,WHITE,ziyadnz/hourly-ipv4,ziyadnz|hourly,2026-08-17T18:48:05Z,2026-08-17T18:48:05Z,
46.200.66.71,ipv4,malicious-ip,medium,WHITE,ziyadnz/hourly-ipv4,ziyadnz|hourly,2026-08-17T18:48:05Z,2026-08-17T18:48:05Z,
46.200.67.214,ipv4,malicious-ip,medium,WHITE,ziyadnz/hourly-ipv4,ziyadnz|hourly,2026-08-17T18:48:05Z,2026-08-17T18:48:05Z,
46.200.86.65,ipv4,malicious-ip,medium,WHITE,ziyadnz/hourly-ipv4,ziyadnz|hourly,2026-08-17T18:48:05Z,2026-08-17T18:48:05Z,
46.200.91.201,ipv4,malicious-ip,medium,WHITE,ziyadnz/hourly-ipv4,ziyadnz|hourly,2026-08-17T18:48:05Z,2026-08-17T18:48:05Z,
46.201.108.82,ipv4,malicious-ip,medium,WHITE,ziyadnz/hourly-ipv4,ziyadnz|hourly,2026-08-17T18:48:05Z,2026-08-17T18:48:05Z,
46.201.116.130,ipv4,malicious-ip,medium,WHITE,ziyadnz/hourly-ipv4,ziyadnz|hourly,2026-08-17T18:48:05Z,2026-08-17T18:48:05Z,
46.201.132.235,ipv4,malicious-ip,medium,WHITE,ziyadnz/hourly-ipv4,ziyadnz|hourly,2026-08-17T18:48:05Z,2026-08-17T18:48:05Z,
46.201.142.152,ipv4,malicious-ip,medium,WHITE,ziyadnz/hourly-ipv4,ziyadnz|hourly,2026-08-17T18:48:05Z,2026-08-17T18:48:05Z,
46.201.15.135,ipv4,malicious-ip,medium,WHITE,ziyadnz/hourly-ipv4,ziyadnz|hourly,2026-08-17T18:48:05Z,2026-08-17T18:48:05Z,
46.201.166.166,ipv4,malicious-ip,medium,WHITE,ziyadnz/hourly-ipv4,ziyadnz|hourly,2026-08-17T18:48:05Z,2026-08-17T18:48:05Z,
46.201.17.119,ipv4,malicious-ip,medium,WHITE,ziyadnz/hourly-ipv4,ziyadnz|hourly,2026-08-17T18:48:05Z,2026-08-17T18:48:05Z,
46.201.176.14,ipv4,malicious-ip,medium,WHITE,ziyadnz/hourly-ipv4,ziyadnz|hourly,2026-08-17T18:48:05Z,2026-08-17T18:48:05Z,
46.201.176.242,ipv4,malicious-ip,medium,WHITE,ziyadnz/hourly-ipv4,ziyadnz|hourly,2026-08-17T18:48:05Z,2026-08-17T18:48:05Z,
46.201.183.98,ipv4,malicious-ip,medium,WHITE,ziyadnz/hourly-ipv4,ziyadnz|hourly,2026-08-17T18:48:05Z,2026-08-17T18:48:05Z,
46.201.189.207,ipv4,malicious-ip,medium,WHITE,ziyadnz/hourly-ipv4,ziyadnz|hourly,2026-08-17T18:48:05Z,2026-08-17T18:48:05Z,
46.201.201.189,ipv4,malicious-ip,medium,WHITE,ziyadnz/hourly-ipv4,ziyadnz|hourly,2026-08-17T18:48:05Z,2026-08-17T18:48:05Z,
46.201.210.17,ipv4,malicious-ip,medium,WHITE,ziyadnz/hourly-ipv4,ziyadnz|hourly,2026-08-17T18:48:05Z,2026-08-17T18:48:05Z,
46.201.22.100,ipv4,malicious-ip,medium,WHITE,ziyadnz/hourly-ipv4,ziyadnz|hourly,2026-08-17T18:48:05Z,2026-08-17T18:48:05Z,
46.201.232.252,ipv4,malicious-ip,medium,WHITE,ziyadnz/hourly-ipv4,ziyadnz|hourly,2026-08-17T18:48:05Z,2026-08-17T18:48:05Z,
46.201.44.1,ipv4,malicious-ip,medium,WHITE,ziyadnz/hourly-ipv4,ziyadnz|hourly,2026-08-17T18:48:05Z,2026-08-17T18:48:05Z,
46.201.48.144,ipv4,malicious-ip,medium,WHITE,ziyadnz/hourly-ipv4,ziyadnz|hourly,2026-08-17T18:48:05Z,2026-08-17T18:48:05Z,
46.201.5.17,ipv4,malicious-ip,medium,WHITE,ziyadnz/hourly-ipv4,ziyadnz|hourly,2026-08-17T18:48:05Z,2026-08-17T18:48:05Z,
46.201.51.247,ipv4,malicious-ip,medium,WHITE,ziyadnz/hourly-ipv4,ziyadnz|hourly,2026-08-17T18:48:05Z,2026-08-17T18:48:05Z,
46.201.58.92,ipv4,malicious-ip,medium,WHITE,ziyadnz/hourly-ipv4,ziyadnz|hourly,2026-08-17T18:48:05Z,2026-08-17T18:48:05Z,
46.201.8.54,ipv4,malicious-ip,medium,WHITE,ziyadnz/hourly-ipv4,ziyadnz|hourly,2026-08-17T18:48:05Z,2026-08-17T18:48:05Z,
46.201.86.125,ipv4,malicious-ip,medium,WHITE,ziyadnz/hourly-ipv4,ziyadnz|hourly,2026-08-17T18:48:05Z,2026-08-17T18:48:05Z,
46.208.43.224,ipv4,malicious-ip,medium,WHITE,ziyadnz/hourly-ipv4,ziyadnz|hourly,2026-08-17T18:48:05Z,2026-08-17T18:48:05Z,
46.21.215.104,ipv4,malicious-ip,medium,WHITE,ziyadnz/hourly-ipv4,ziyadnz|hourly,2026-08-17T18:48:05Z,2026-08-17T18:48:05Z,
46.21.77.178,ipv4,malicious-ip,medium,WHITE,ziyadnz/hourly-ipv4,ziyadnz|hourly,2026-08-17T18:48:05Z,2026-08-17T18:48:05Z,
46.210.182.252,ipv4,malicious-ip,medium,WHITE,ziyadnz/hourly-ipv4,ziyadnz|hourly,2026-08-17T18:48:05Z,2026-08-17T18:48:05Z,
46.210.94.61,ipv4,malicious-ip,medium,WHITE,ziyadnz/hourly-ipv4,ziyadnz|hourly,2026-08-17T18:48:05Z,2026-08-17T18:48:05Z,
46.210.95.5,ipv4,malicious-ip,medium,WHITE,ziyadnz/hourly-ipv4,ziyadnz|hourly,2026-08-17T18:48:05Z,2026-08-17T18:48:05Z,
46.217.250.197,ipv4,malicious-ip,medium,WHITE,ziyadnz/hourly-ipv4,ziyadnz|hourly,2026-08-17T18:48:05Z,2026-08-17T18:48:05Z,
46.218.75.240,ipv4,malicious-ip,medium,WHITE,ziyadnz/hourly-ipv4,ziyadnz|hourly,2026-08-17T18:48:05Z,2026-08-17T18:48:05Z,
46.221.24.98,ipv4,malicious-ip,medium,WHITE,ziyadnz/hourly-ipv4,ziyadnz|hourly,2026-08-17T18:48:05Z,2026-08-17T18:48:05Z,
46.224.126.208,ipv4,malicious-ip,medium,WHITE,ziyadnz/hourly-ipv4,ziyadnz|hourly,2026-08-17T18:48:05Z,2026-08-17T18:48:05Z,
46.224.133.198,ipv4,malicious-ip,medium,WHITE,ziyadnz/hourly-ipv4,ziyadnz|hourly,2026-08-17T18:48:05Z,2026-08-17T18:48:05Z,
46.224.138.54,ipv4,malicious-ip,medium,WHITE,ziyadnz/hourly-ipv4,ziyadnz|hourly,2026-08-17T18:48:05Z,2026-08-17T18:48:05Z,
46.224.140.81,ipv4,malicious-ip,medium,WHITE,ziyadnz/hourly-ipv4,ziyadnz|hourly,2026-08-17T18:48:05Z,2026-08-17T18:48:05Z,
46.224.142.43,ipv4,malicious-ip,medium,WHITE,ziyadnz/hourly-ipv4,ziyadnz|hourly,2026-08-17T18:48:05Z,2026-08-17T18:48:05Z,
46.224.145.109,ipv4,malicious-ip,medium,WHITE,ziyadnz/hourly-ipv4,ziyadnz|hourly,2026-08-17T18:48:05Z,2026-08-17T18:48:05Z,
46.224.17.91,ipv4,malicious-ip,medium,WHITE,ziyadnz/hourly-ipv4,ziyadnz|hourly,2026-08-17T18:48:05Z,2026-08-17T18:48:05Z,
46.224.200.131,ipv4,malicious-ip,medium,WHITE,ziyadnz/hourly-ipv4,ziyadnz|hourly,2026-08-17T18:48:05Z,2026-08-17T18:48:05Z,
46.224.203.189,ipv4,malicious-ip,medium,WHITE,ziyadnz/hourly-ipv4,ziyadnz|hourly,2026-08-17T18:48:05Z,2026-08-17T18:48:05Z,
46.224.203.89,ipv4,malicious-ip,medium,WHITE,ziyadnz/hourly-ipv4,ziyadnz|hourly,2026-08-17T18:48:05Z,2026-08-17T18:48:05Z,
46.224.239.112,ipv4,malicious-ip,medium,WHITE,ziyadnz/hourly-ipv4,ziyadnz|hourly,2026-08-17T18:48:05Z,2026-08-17T18:48:05Z,
46.224.52.30,ipv4,malicious-ip,medium,WHITE,ziyadnz/hourly-ipv4,ziyadnz|hourly,2026-08-17T18:48:05Z,2026-08-17T18:48:05Z,
46.224.57.35,ipv4,malicious-ip,medium,WHITE,ziyadnz/hourly-ipv4,ziyadnz|hourly,2026-08-17T18:48:05Z,2026-08-17T18:48:05Z,
46.225.111.173,ipv4,malicious-ip,medium,WHITE,ziyadnz/hourly-ipv4,ziyadnz|hourly,2026-08-17T18:48:05Z,2026-08-17T18:48:05Z,
46.225.113.157,ipv4,malicious-ip,medium,WHITE,ziyadnz/hourly-ipv4,ziyadnz|hourly,2026-08-17T18:48:05Z,2026-08-17T18:48:05Z,
46.225.113.159,ipv4,malicious-ip,medium,WHITE,ziyadnz/hourly-ipv4,ziyadnz|hourly,2026-08-17T18:48:05Z,2026-08-17T18:48:05Z,
46.225.130.202,ipv4,malicious-ip,medium,WHITE,ziyadnz/hourly-ipv4,ziyadnz|hourly,2026-08-17T18:48:05Z,2026-08-17T18:48:05Z,
46.225.154.154,ipv4,malicious-ip,medium,WHITE,ziyadnz/hourly-ipv4,ziyadnz|hourly,2026-08-17T18:48:05Z,2026-08-17T18:48:05Z,
46.225.210.153,ipv4,malicious-ip,medium,WHITE,ziyadnz/hourly-ipv4,ziyadnz|hourly,2026-08-17T18:48:05Z,2026-08-17T18:48:05Z,
46.225.23.118,ipv4,malicious-ip,medium,WHITE,ziyadnz/hourly-ipv4,ziyadnz|hourly,2026-08-17T18:48:05Z,2026-08-17T18:48:05Z,
46.225.233.87,ipv4,malicious-ip,medium,WHITE,ziyadnz/hourly-ipv4,ziyadnz|hourly,2026-08-17T18:48:05Z,2026-08-17T18:48:05Z,
46.225.24.235,ipv4,malicious-ip,medium,WHITE,ziyadnz/hourly-ipv4,ziyadnz|hourly,2026-08-17T18:48:05Z,2026-08-17T18:48:05Z,
46.225.3.111,ipv4,malicious-ip,medium,WHITE,ziyadnz/hourly-ipv4,ziyadnz|hourly,2026-08-17T18:48:05Z,2026-08-17T18:48:05Z,
46.225.51.194,ipv4,malicious-ip,medium,WHITE,ziyadnz/hourly-ipv4,ziyadnz|hourly,2026-08-17T18:48:05Z,2026-08-17T18:48:05Z,
46.225.66.186,ipv4,malicious-ip,medium,WHITE,ziyadnz/hourly-ipv4,ziyadnz|hourly,2026-08-17T18:48:05Z,2026-08-17T18:48:05Z,
46.225.69.40,ipv4,malicious-ip,medium,WHITE,ziyadnz/hourly-ipv4,ziyadnz|hourly,2026-08-17T18:48:05Z,2026-08-17T18:48:05Z,
46.225.78.48,ipv4,malicious-ip,medium,WHITE,ziyadnz/hourly-ipv4,ziyadnz|hourly,2026-08-17T18:48:05Z,2026-08-17T18:48:05Z,
46.226.163.67,ipv4,malicious-ip,medium,WHITE,ziyadnz/hourly-ipv4,ziyadnz|hourly,2026-08-17T18:48:05Z,2026-08-17T18:48:05Z,
46.226.164.8,ipv4,malicious-ip,medium,WHITE,ziyadnz/hourly-ipv4,ziyadnz|hourly,2026-08-17T18:48:05Z,2026-08-17T18:48:05Z,
46.226.166.245,ipv4,malicious-ip,medium,WHITE,ziyadnz/hourly-ipv4,ziyadnz|hourly,2026-08-17T18:48:05Z,2026-08-17T18:48:05Z,
46.226.245.140,ipv4,malicious-ip,medium,WHITE,ziyadnz/hourly-ipv4,ziyadnz|hourly,2026-08-17T18:48:05Z,2026-08-17T18:48:05Z,
46.227.36.21,ipv4,malicious-ip,medium,WHITE,ziyadnz/hourly-ipv4,ziyadnz|hourly,2026-08-17T18:48:05Z,2026-08-17T18:48:05Z,
46.227.39.254,ipv4,malicious-ip,medium,WHITE,ziyadnz/hourly-ipv4,ziyadnz|hourly,2026-08-17T18:48:05Z,2026-08-17T18:48:05Z,
46.228.113.227,ipv4,malicious-ip,medium,WHITE,ziyadnz/hourly-ipv4,ziyadnz|hourly,2026-08-17T18:48:05Z,2026-08-17T18:48:05Z,
46.228.205.159,ipv4,malicious-ip,medium,WHITE,ziyadnz/hourly-ipv4,ziyadnz|hourly,2026-08-17T18:48:05Z,2026-08-17T18:48:05Z,
46.229.233.132,ipv4,malicious-ip,medium,WHITE,ziyadnz/hourly-ipv4,ziyadnz|hourly,2026-08-17T18:48:05Z,2026-08-17T18:48:05Z,
46.229.55.63,ipv4,malicious-ip,medium,WHITE,ziyadnz/hourly-ipv4,ziyadnz|hourly,2026-08-17T18:48:05Z,2026-08-17T18:48:05Z,
46.229.60.211,ipv4,malicious-ip,medium,WHITE,ziyadnz/hourly-ipv4,ziyadnz|hourly,2026-08-17T18:48:05Z,2026-08-17T18:48:05Z,
46.229.72.70,ipv4,malicious-ip,medium,WHITE,ziyadnz/hourly-ipv4,ziyadnz|hourly,2026-08-17T18:48:05Z,2026-08-17T18:48:05Z,
46.23.160.196,ipv4,malicious-ip,medium,WHITE,ziyadnz/hourly-ipv4,ziyadnz|hourly,2026-08-17T18:48:05Z,2026-08-17T18:48:05Z,
46.231.227.176,ipv4,malicious-ip,medium,WHITE,ziyadnz/hourly-ipv4,ziyadnz|hourly,2026-08-17T18:48:05Z,2026-08-17T18:48:05Z,
46.231.227.188,ipv4,malicious-ip,medium,WHITE,ziyadnz/hourly-ipv4,ziyadnz|hourly,2026-08-17T18:48:05Z,2026-08-17T18:48:05Z,
46.231.227.200,ipv4,malicious-ip,medium,WHITE,ziyadnz/hourly-ipv4,ziyadnz|hourly,2026-08-17T18:48:05Z,2026-08-17T18:48:05Z,
46.231.229.4,ipv4,malicious-ip,medium,WHITE,ziyadnz/hourly-ipv4,ziyadnz|hourly,2026-08-17T18:48:05Z,2026-08-17T18:48:05Z,
46.231.231.178,ipv4,malicious-ip,medium,WHITE,ziyadnz/hourly-ipv4,ziyadnz|hourly,2026-08-17T18:48:05Z,2026-08-17T18:48:05Z,
46.232.235.133,ipv4,malicious-ip,medium,WHITE,ziyadnz/hourly-ipv4,ziyadnz|hourly,2026-08-17T18:48:05Z,2026-08-17T18:48:05Z,
46.232.235.137,ipv4,malicious-ip,medium,WHITE,ziyadnz/hourly-ipv4,ziyadnz|hourly,2026-08-17T18:48:05Z,2026-08-17T18:48:05Z,
46.232.235.3,ipv4,malicious-ip,medium,WHITE,ziyadnz/hourly-ipv4,ziyadnz|hourly,2026-08-17T18:48:05Z,2026-08-17T18:48:05Z,
46.232.235.4,ipv4,malicious-ip,medium,WHITE,ziyadnz/hourly-ipv4,ziyadnz|hourly,2026-08-17T18:48:05Z,2026-08-17T18:48:05Z,
46.232.235.5,ipv4,malicious-ip,medium,WHITE,ziyadnz/hourly-ipv4,ziyadnz|hourly,2026-08-17T18:48:05Z,2026-08-17T18:48:05Z,
46.232.235.6,ipv4,malicious-ip,medium,WHITE,ziyadnz/hourly-ipv4,ziyadnz|hourly,2026-08-17T18:48:05Z,2026-08-17T18:48:05Z,
46.232.251.191,ipv4,malicious-ip,medium,WHITE,ziyadnz/hourly-ipv4,ziyadnz|hourly,2026-08-17T18:48:05Z,2026-08-17T18:48:05Z,
46.232.39.202,ipv4,malicious-ip,medium,WHITE,ziyadnz/hourly-ipv4,ziyadnz|hourly,2026-08-17T18:48:05Z,2026-08-17T18:48:05Z,
46.233.43.131,ipv4,malicious-ip,medium,WHITE,ziyadnz/hourly-ipv4,ziyadnz|hourly,2026-08-17T18:48:05Z,2026-08-17T18:48:05Z,
46.234.229.217,ipv4,malicious-ip,medium,WHITE,ziyadnz/hourly-ipv4,ziyadnz|hourly,2026-08-17T18:48:05Z,2026-08-17T18:48:05Z,
46.235.216.230,ipv4,malicious-ip,medium,WHITE,ziyadnz/hourly-ipv4,ziyadnz|hourly,2026-08-17T18:48:05Z,2026-08-17T18:48:05Z,
46.236.65.163,ipv4,malicious-ip,medium,WHITE,ziyadnz/hourly-ipv4,ziyadnz|hourly,2026-08-17T18:48:05Z,2026-08-17T18:48:05Z,
46.236.65.165,ipv4,malicious-ip,medium,WHITE,ziyadnz/hourly-ipv4,ziyadnz|hourly,2026-08-17T18:48:05Z,2026-08-17T18:48:05Z,
46.236.65.27,ipv4,malicious-ip,medium,WHITE,ziyadnz/hourly-ipv4,ziyadnz|hourly,2026-08-17T18:48:05Z,2026-08-17T18:48:05Z,
46.236.65.41,ipv4,malicious-ip,medium,WHITE,ziyadnz/hourly-ipv4,ziyadnz|hourly,2026-08-17T18:48:05Z,2026-08-17T18:48:05Z,
46.236.65.43,ipv4,malicious-ip,medium,WHITE,ziyadnz/hourly-ipv4,ziyadnz|hourly,2026-08-17T18:48:05Z,2026-08-17T18:48:05Z,
46.241.58.46,ipv4,malicious-ip,medium,WHITE,ziyadnz/hourly-ipv4,ziyadnz|hourly,2026-08-17T18:48:05Z,2026-08-17T18:48:05Z,
46.241.7.142,ipv4,malicious-ip,medium,WHITE,ziyadnz/hourly-ipv4,ziyadnz|hourly,2026-08-17T18:48:05Z,2026-08-17T18:48:05Z,
46.242.124.79,ipv4,malicious-ip,medium,WHITE,ziyadnz/hourly-ipv4,ziyadnz|hourly,2026-08-17T18:48:05Z,2026-08-17T18:48:05Z,
46.243.3.214,ipv4,malicious-ip,medium,WHITE,ziyadnz/hourly-ipv4,ziyadnz|hourly,2026-08-17T18:48:05Z,2026-08-17T18:48:05Z,
46.245.238.18,ipv4,malicious-ip,medium,WHITE,ziyadnz/hourly-ipv4,ziyadnz|hourly,2026-08-17T18:48:05Z,2026-08-17T18:48:05Z,
46.245.92.86,ipv4,malicious-ip,medium,WHITE,ziyadnz/hourly-ipv4,ziyadnz|hourly,2026-08-17T18:48:05Z,2026-08-17T18:48:05Z,
46.246.28.75,ipv4,malicious-ip,medium,WHITE,ziyadnz/hourly-ipv4,ziyadnz|hourly,2026-08-17T18:48:05Z,2026-08-17T18:48:05Z,
46.246.4.12,ipv4,malicious-ip,medium,WHITE,ziyadnz/hourly-ipv4,ziyadnz|hourly,2026-08-17T18:48:05Z,2026-08-17T18:48:05Z,
46.246.84.23,ipv4,malicious-ip,medium,WHITE,ziyadnz/hourly-ipv4,ziyadnz|hourly,2026-08-17T18:48:05Z,2026-08-17T18:48:05Z,
46.246.97.245,ipv4,malicious-ip,medium,WHITE,ziyadnz/hourly-ipv4,ziyadnz|hourly,2026-08-17T18:48:05Z,2026-08-17T18:48:05Z,
46.247.41.113,ipv4,malicious-ip,medium,WHITE,ziyadnz/hourly-ipv4,ziyadnz|hourly,2026-08-17T18:48:05Z,2026-08-17T18:48:05Z,
46.247.61.1,ipv4,malicious-ip,medium,WHITE,ziyadnz/hourly-ipv4,ziyadnz|hourly,2026-08-17T18:48:05Z,2026-08-17T18:48:05Z,
46.247.61.10,ipv4,malicious-ip,medium,WHITE,ziyadnz/hourly-ipv4,ziyadnz|hourly,2026-08-17T18:48:05Z,2026-08-17T18:48:05Z,
46.247.61.101,ipv4,malicious-ip,medium,WHITE,ziyadnz/hourly-ipv4,ziyadnz|hourly,2026-08-17T18:48:05Z,2026-08-17T18:48:05Z,
46.247.61.102,ipv4,malicious-ip,medium,WHITE,ziyadnz/hourly-ipv4,ziyadnz|hourly,2026-08-17T18:48:05Z,2026-08-17T18:48:05Z,
46.247.61.103,ipv4,malicious-ip,medium,WHITE,ziyadnz/hourly-ipv4,ziyadnz|hourly,2026-08-17T18:48:05Z,2026-08-17T18:48:05Z,
46.247.61.105,ipv4,malicious-ip,medium,WHITE,ziyadnz/hourly-ipv4,ziyadnz|hourly,2026-08-17T18:48:05Z,2026-08-17T18:48:05Z,
46.247.61.107,ipv4,malicious-ip,medium,WHITE,ziyadnz/hourly-ipv4,ziyadnz|hourly,2026-08-17T18:48:05Z,2026-08-17T18:48:05Z,
46.247.61.109,ipv4,malicious-ip,medium,WHITE,ziyadnz/hourly-ipv4,ziyadnz|hourly,2026-08-17T18:48:05Z,2026-08-17T18:48:05Z,
46.247.61.11,ipv4,malicious-ip,medium,WHITE,ziyadnz/hourly-ipv4,ziyadnz|hourly,2026-08-17T18:48:05Z,2026-08-17T18:48:05Z,
46.247.61.110,ipv4,malicious-ip,medium,WHITE,ziyadnz/hourly-ipv4,ziyadnz|hourly,2026-08-17T18:48:05Z,2026-08-17T18:48:05Z,
46.247.61.111,ipv4,malicious-ip,medium,WHITE,ziyadnz/hourly-ipv4,ziyadnz|hourly,2026-08-17T18:48:05Z,2026-08-17T18:48:05Z,
46.247.61.112,ipv4,malicious-ip,medium,WHITE,ziyadnz/hourly-ipv4,ziyadnz|hourly,2026-08-17T18:48:05Z,2026-08-17T18:48:05Z,
46.247.61.113,ipv4,malicious-ip,medium,WHITE,ziyadnz/hourly-ipv4,ziyadnz|hourly,2026-08-17T18:48:05Z,2026-08-17T18:48:05Z,
46.247.61.115,ipv4,malicious-ip,medium,WHITE,ziyadnz/hourly-ipv4,ziyadnz|hourly,2026-08-17T18:48:05Z,2026-08-17T18:48:05Z,
46.247.61.117,ipv4,malicious-ip,medium,WHITE,ziyadnz/hourly-ipv4,ziyadnz|hourly,2026-08-17T18:48:05Z,2026-08-17T18:48:05Z,
46.247.61.118,ipv4,malicious-ip,medium,WHITE,ziyadnz/hourly-ipv4,ziyadnz|hourly,2026-08-17T18:48:05Z,2026-08-17T18:48:05Z,
46.247.61.119,ipv4,malicious-ip,medium,WHITE,ziyadnz/hourly-ipv4,ziyadnz|hourly,2026-08-17T18:48:05Z,2026-08-17T18:48:05Z,
46.247.61.12,ipv4,malicious-ip,medium,WHITE,ziyadnz/hourly-ipv4,ziyadnz|hourly,2026-08-17T18:48:05Z,2026-08-17T18:48:05Z,
46.247.61.120,ipv4,malicious-ip,medium,WHITE,ziyadnz/hourly-ipv4,ziyadnz|hourly,2026-08-17T18:48:05Z,2026-08-17T18:48:05Z,
46.247.61.122,ipv4,malicious-ip,medium,WHITE,ziyadnz/hourly-ipv4,ziyadnz|hourly,2026-08-17T18:48:05Z,2026-08-17T18:48:05Z,
46.247.61.123,ipv4,malicious-ip,medium,WHITE,ziyadnz/hourly-ipv4,ziyadnz|hourly,2026-08-17T18:48:05Z,2026-08-17T18:48:05Z,
46.247.61.124,ipv4,malicious-ip,medium,WHITE,ziyadnz/hourly-ipv4,ziyadnz|hourly,2026-08-17T18:48:05Z,2026-08-17T18:48:05Z,
46.247.61.125,ipv4,malicious-ip,medium,WHITE,ziyadnz/hourly-ipv4,ziyadnz|hourly,2026-08-17T18:48:05Z,2026-08-17T18:48:05Z,
46.247.61.126,ipv4,malicious-ip,medium,WHITE,ziyadnz/hourly-ipv4,ziyadnz|hourly,2026-08-17T18:48:05Z,2026-08-17T18:48:05Z,
46.247.61.128,ipv4,malicious-ip,medium,WHITE,ziyadnz/hourly-ipv4,ziyadnz|hourly,2026-08-17T18:48:05Z,2026-08-17T18:48:05Z,
46.247.61.13,ipv4,malicious-ip,medium,WHITE,ziyadnz/hourly-ipv4,ziyadnz|hourly,2026-08-17T18:48:05Z,2026-08-17T18:48:05Z,
46.247.61.131,ipv4,malicious-ip,medium,WHITE,ziyadnz/hourly-ipv4,ziyadnz|hourly,2026-08-17T18:48:05Z,2026-08-17T18:48:05Z,
46.247.61.132,ipv4,malicious-ip,medium,WHITE,ziyadnz/hourly-ipv4,ziyadnz|hourly,2026-08-17T18:48:05Z,2026-08-17T18:48:05Z,
46.247.61.133,ipv4,malicious-ip,medium,WHITE,ziyadnz/hourly-ipv4,ziyadnz|hourly,2026-08-17T18:48:05Z,2026-08-17T18:48:05Z,
46.247.61.134,ipv4,malicious-ip,medium,WHITE,ziyadnz/hourly-ipv4,ziyadnz|hourly,2026-08-17T18:48:05Z,2026-08-17T18:48:05Z,
46.247.61.135,ipv4,malicious-ip,medium,WHITE,ziyadnz/hourly-ipv4,ziyadnz|hourly,2026-08-17T18:48:05Z,2026-08-17T18:48:05Z,
46.247.61.136,ipv4,malicious-ip,medium,WHITE,ziyadnz/hourly-ipv4,ziyadnz|hourly,2026-08-17T18:48:05Z,2026-08-17T18:48:05Z,
46.247.61.137,ipv4,malicious-ip,medium,WHITE,ziyadnz/hourly-ipv4,ziyadnz|hourly,2026-08-17T18:48:05Z,2026-08-17T18:48:05Z,
46.247.61.138,ipv4,malicious-ip,medium,WHITE,ziyadnz/hourly-ipv4,ziyadnz|hourly,2026-08-17T18:48:05Z,2026-08-17T18:48:05Z,
46.247.61.139,ipv4,malicious-ip,medium,WHITE,ziyadnz/hourly-ipv4,ziyadnz|hourly,2026-08-17T18:48:05Z,2026-08-17T18:48:05Z,
46.247.61.14,ipv4,malicious-ip,medium,WHITE,ziyadnz/hourly-ipv4,ziyadnz|hourly,2026-08-17T18:48:05Z,2026-08-17T18:48:05Z,
46.247.61.140,ipv4,malicious-ip,medium,WHITE,ziyadnz/hourly-ipv4,ziyadnz|hourly,2026-08-17T18:48:05Z,2026-08-17T18:48:05Z,
46.247.61.141,ipv4,malicious-ip,medium,WHITE,ziyadnz/hourly-ipv4,ziyadnz|hourly,2026-08-17T18:48:05Z,2026-08-17T18:48:05Z,
46.247.61.142,ipv4,malicious-ip,medium,WHITE,ziyadnz/hourly-ipv4,ziyadnz|hourly,2026-08-17T18:48:05Z,2026-08-17T18:48:05Z,
46.247.61.143,ipv4,malicious-ip,medium,WHITE,ziyadnz/hourly-ipv4,ziyadnz|hourly,2026-08-17T18:48:05Z,2026-08-17T18:48:05Z,
46.247.61.145,ipv4,malicious-ip,medium,WHITE,ziyadnz/hourly-ipv4,ziyadnz|hourly,2026-08-17T18:48:05Z,2026-08-17T18:48:05Z,
46.247.61.146,ipv4,malicious-ip,medium,WHITE,ziyadnz/hourly-ipv4,ziyadnz|hourly,2026-08-17T18:48:05Z,2026-08-17T18:48:05Z,
46.247.61.147,ipv4,malicious-ip,medium,WHITE,ziyadnz/hourly-ipv4,ziyadnz|hourly,2026-08-17T18:48:05Z,2026-08-17T18:48:05Z,
46.247.61.15,ipv4,malicious-ip,medium,WHITE,ziyadnz/hourly-ipv4,ziyadnz|hourly,2026-08-17T18:48:05Z,2026-08-17T18:48:05Z,
46.247.61.150,ipv4,malicious-ip,medium,WHITE,ziyadnz/hourly-ipv4,ziyadnz|hourly,2026-08-17T18:48:05Z,2026-08-17T18:48:05Z,
46.247.61.151,ipv4,malicious-ip,medium,WHITE,ziyadnz/hourly-ipv4,ziyadnz|hourly,2026-08-17T18:48:05Z,2026-08-17T18:48:05Z,
46.247.61.152,ipv4,malicious-ip,medium,WHITE,ziyadnz/hourly-ipv4,ziyadnz|hourly,2026-08-17T18:48:05Z,2026-08-17T18:48:05Z,
46.247.61.153,ipv4,malicious-ip,medium,WHITE,ziyadnz/hourly-ipv4,ziyadnz|hourly,2026-08-17T18:48:05Z,2026-08-17T18:48:05Z,
46.247.61.155,ipv4,malicious-ip,medium,WHITE,ziyadnz/hourly-ipv4,ziyadnz|hourly,2026-08-17T18:48:05Z,2026-08-17T18:48:05Z,
46.247.61.156,ipv4,malicious-ip,medium,WHITE,ziyadnz/hourly-ipv4,ziyadnz|hourly,2026-08-17T18:48:05Z,2026-08-17T18:48:05Z,
46.247.61.158,ipv4,malicious-ip,medium,WHITE,ziyadnz/hourly-ipv4,ziyadnz|hourly,2026-08-17T18:48:05Z,2026-08-17T18:48:05Z,
46.247.61.16,ipv4,malicious-ip,medium,WHITE,ziyadnz/hourly-ipv4,ziyadnz|hourly,2026-08-17T18:48:05Z,2026-08-17T18:48:05Z,
46.247.61.160,ipv4,malicious-ip,medium,WHITE,ziyadnz/hourly-ipv4,ziyadnz|hourly,2026-08-17T18:48:05Z,2026-08-17T18:48:05Z,
46.247.61.161,ipv4,malicious-ip,medium,WHITE,ziyadnz/hourly-ipv4,ziyadnz|hourly,2026-08-17T18:48:05Z,2026-08-17T18:48:05Z,
46.247.61.162,ipv4,malicious-ip,medium,WHITE,ziyadnz/hourly-ipv4,ziyadnz|hourly,2026-08-17T18:48:05Z,2026-08-17T18:48:05Z,
46.247.61.163,ipv4,malicious-ip,medium,WHITE,ziyadnz/hourly-ipv4,ziyadnz|hourly,2026-08-17T18:48:05Z,2026-08-17T18:48:05Z,
46.247.61.164,ipv4,malicious-ip,medium,WHITE,ziyadnz/hourly-ipv4,ziyadnz|hourly,2026-08-17T18:48:05Z,2026-08-17T18:48:05Z,
46.247.61.165,ipv4,malicious-ip,medium,WHITE,ziyadnz/hourly-ipv4,ziyadnz|hourly,2026-08-17T18:48:05Z,2026-08-17T18:48:05Z,
46.247.61.168,ipv4,malicious-ip,medium,WHITE,ziyadnz/hourly-ipv4,ziyadnz|hourly,2026-08-17T18:48:05Z,2026-08-17T18:48:05Z,
46.247.61.169,ipv4,malicious-ip,medium,WHITE,ziyadnz/hourly-ipv4,ziyadnz|hourly,2026-08-17T18:48:05Z,2026-08-17T18:48:05Z,
46.247.61.17,ipv4,malicious-ip,medium,WHITE,ziyadnz/hourly-ipv4,ziyadnz|hourly,2026-08-17T18:48:05Z,2026-08-17T18:48:05Z,
46.247.61.170,ipv4,malicious-ip,medium,WHITE,ziyadnz/hourly-ipv4,ziyadnz|hourly,2026-08-17T18:48:05Z,2026-08-17T18:48:05Z,
46.247.61.172,ipv4,malicious-ip,medium,WHITE,ziyadnz/hourly-ipv4,ziyadnz|hourly,2026-08-17T18:48:05Z,2026-08-17T18:48:05Z,
46.247.61.173,ipv4,malicious-ip,medium,WHITE,ziyadnz/hourly-ipv4,ziyadnz|hourly,2026-08-17T18:48:05Z,2026-08-17T18:48:05Z,
46.247.61.174,ipv4,malicious-ip,medium,WHITE,ziyadnz/hourly-ipv4,ziyadnz|hourly,2026-08-17T18:48:05Z,2026-08-17T18:48:05Z,
46.247.61.175,ipv4,malicious-ip,medium,WHITE,ziyadnz/hourly-ipv4,ziyadnz|hourly,2026-08-17T18:48:05Z,2026-08-17T18:48:05Z,
46.247.61.176,ipv4,malicious-ip,medium,WHITE,ziyadnz/hourly-ipv4,ziyadnz|hourly,2026-08-17T18:48:05Z,2026-08-17T18:48:05Z,
46.247.61.177,ipv4,malicious-ip,medium,WHITE,ziyadnz/hourly-ipv4,ziyadnz|hourly,2026-08-17T18:48:05Z,2026-08-17T18:48:05Z,
46.247.61.178,ipv4,malicious-ip,medium,WHITE,ziyadnz/hourly-ipv4,ziyadnz|hourly,2026-08-17T18:48:05Z,2026-08-17T18:48:05Z,
46.247.61.18,ipv4,malicious-ip,medium,WHITE,ziyadnz/hourly-ipv4,ziyadnz|hourly,2026-08-17T18:48:05Z,2026-08-17T18:48:05Z,
46.247.61.180,ipv4,malicious-ip,medium,WHITE,ziyadnz/hourly-ipv4,ziyadnz|hourly,2026-08-17T18:48:05Z,2026-08-17T18:48:05Z,
46.247.61.181,ipv4,malicious-ip,medium,WHITE,ziyadnz/hourly-ipv4,ziyadnz|hourly,2026-08-17T18:48:05Z,2026-08-17T18:48:05Z,
46.247.61.182,ipv4,malicious-ip,medium,WHITE,ziyadnz/hourly-ipv4,ziyadnz|hourly,2026-08-17T18:48:05Z,2026-08-17T18:48:05Z,
46.247.61.183,ipv4,malicious-ip,medium,WHITE,ziyadnz/hourly-ipv4,ziyadnz|hourly,2026-08-17T18:48:05Z,2026-08-17T18:48:05Z,
46.247.61.184,ipv4,malicious-ip,medium,WHITE,ziyadnz/hourly-ipv4,ziyadnz|hourly,2026-08-17T18:48:05Z,2026-08-17T18:48:05Z,
46.247.61.187,ipv4,malicious-ip,medium,WHITE,ziyadnz/hourly-ipv4,ziyadnz|hourly,2026-08-17T18:48:05Z,2026-08-17T18:48:05Z,
46.247.61.189,ipv4,malicious-ip,medium,WHITE,ziyadnz/hourly-ipv4,ziyadnz|hourly,2026-08-17T18:48:05Z,2026-08-17T18:48:05Z,
46.247.61.19,ipv4,malicious-ip,medium,WHITE,ziyadnz/hourly-ipv4,ziyadnz|hourly,2026-08-17T18:48:05Z,2026-08-17T18:48:05Z,
46.247.61.191,ipv4,malicious-ip,medium,WHITE,ziyadnz/hourly-ipv4,ziyadnz|hourly,2026-08-17T18:48:05Z,2026-08-17T18:48:05Z,
46.247.61.192,ipv4,malicious-ip,medium,WHITE,ziyadnz/hourly-ipv4,ziyadnz|hourly,2026-08-17T18:48:05Z,2026-08-17T18:48:05Z,
46.247.61.193,ipv4,malicious-ip,medium,WHITE,ziyadnz/hourly-ipv4,ziyadnz|hourly,2026-08-17T18:48:05Z,2026-08-17T18:48:05Z,
46.247.61.194,ipv4,malicious-ip,medium,WHITE,ziyadnz/hourly-ipv4,ziyadnz|hourly,2026-08-17T18:48:05Z,2026-08-17T18:48:05Z,
46.247.61.196,ipv4,malicious-ip,medium,WHITE,ziyadnz/hourly-ipv4,ziyadnz|hourly,2026-08-17T18:48:05Z,2026-08-17T18:48:05Z,
46.247.61.197,ipv4,malicious-ip,medium,WHITE,ziyadnz/hourly-ipv4,ziyadnz|hourly,2026-08-17T18:48:05Z,2026-08-17T18:48:05Z,
46.247.61.198,ipv4,malicious-ip,medium,WHITE,ziyadnz/hourly-ipv4,ziyadnz|hourly,2026-08-17T18:48:05Z,2026-08-17T18:48:05Z,
46.247.61.199,ipv4,malicious-ip,medium,WHITE,ziyadnz/hourly-ipv4,ziyadnz|hourly,2026-08-17T18:48:05Z,2026-08-17T18:48:05Z,
46.247.61.20,ipv4,malicious-ip,medium,WHITE,ziyadnz/hourly-ipv4,ziyadnz|hourly,2026-08-17T18:48:05Z,2026-08-17T18:48:05Z,
46.247.61.200,ipv4,malicious-ip,medium,WHITE,ziyadnz/hourly-ipv4,ziyadnz|hourly,2026-08-17T18:48:05Z,2026-08-17T18:48:05Z,
46.247.61.202,ipv4,malicious-ip,medium,WHITE,ziyadnz/hourly-ipv4,ziyadnz|hourly,2026-08-17T18:48:05Z,2026-08-17T18:48:05Z,
46.247.61.203,ipv4,malicious-ip,medium,WHITE,ziyadnz/hourly-ipv4,ziyadnz|hourly,2026-08-17T18:48:05Z,2026-08-17T18:48:05Z,
46.247.61.205,ipv4,malicious-ip,medium,WHITE,ziyadnz/hourly-ipv4,ziyadnz|hourly,2026-08-17T18:48:05Z,2026-08-17T18:48:05Z,
46.247.61.206,ipv4,malicious-ip,medium,WHITE,ziyadnz/hourly-ipv4,ziyadnz|hourly,2026-08-17T18:48:05Z,2026-08-17T18:48:05Z,
46.247.61.208,ipv4,malicious-ip,medium,WHITE,ziyadnz/hourly-ipv4,ziyadnz|hourly,2026-08-17T18:48:05Z,2026-08-17T18:48:05Z,
46.247.61.210,ipv4,malicious-ip,medium,WHITE,ziyadnz/hourly-ipv4,ziyadnz|hourly,2026-08-17T18:48:05Z,2026-08-17T18:48:05Z,
46.247.61.212,ipv4,malicious-ip,medium,WHITE,ziyadnz/hourly-ipv4,ziyadnz|hourly,2026-08-17T18:48:05Z,2026-08-17T18:48:05Z,
46.247.61.213,ipv4,malicious-ip,medium,WHITE,ziyadnz/hourly-ipv4,ziyadnz|hourly,2026-08-17T18:48:05Z,2026-08-17T18:48:05Z,
46.247.61.217,ipv4,malicious-ip,medium,WHITE,ziyadnz/hourly-ipv4,ziyadnz|hourly,2026-08-17T18:48:05Z,2026-08-17T18:48:05Z,
46.247.61.218,ipv4,malicious-ip,medium,WHITE,ziyadnz/hourly-ipv4,ziyadnz|hourly,2026-08-17T18:48:05Z,2026-08-17T18:48:05Z,
46.247.61.219,ipv4,malicious-ip,medium,WHITE,ziyadnz/hourly-ipv4,ziyadnz|hourly,2026-08-17T18:48:05Z,2026-08-17T18:48:05Z,
46.247.61.22,ipv4,malicious-ip,medium,WHITE,ziyadnz/hourly-ipv4,ziyadnz|hourly,2026-08-17T18:48:05Z,2026-08-17T18:48:05Z,
46.247.61.221,ipv4,malicious-ip,medium,WHITE,ziyadnz/hourly-ipv4,ziyadnz|hourly,2026-08-17T18:48:05Z,2026-08-17T18:48:05Z,
46.247.61.224,ipv4,malicious-ip,medium,WHITE,ziyadnz/hourly-ipv4,ziyadnz|hourly,2026-08-17T18:48:05Z,2026-08-17T18:48:05Z,
46.247.61.225,ipv4,malicious-ip,medium,WHITE,ziyadnz/hourly-ipv4,ziyadnz|hourly,2026-08-17T18:48:05Z,2026-08-17T18:48:05Z,
46.247.61.226,ipv4,malicious-ip,medium,WHITE,ziyadnz/hourly-ipv4,ziyadnz|hourly,2026-08-17T18:48:05Z,2026-08-17T18:48:05Z,
46.247.61.228,ipv4,malicious-ip,medium,WHITE,ziyadnz/hourly-ipv4,ziyadnz|hourly,2026-08-17T18:48:05Z,2026-08-17T18:48:05Z,
46.247.61.229,ipv4,malicious-ip,medium,WHITE,ziyadnz/hourly-ipv4,ziyadnz|hourly,2026-08-17T18:48:05Z,2026-08-17T18:48:05Z,
46.247.61.23,ipv4,malicious-ip,medium,WHITE,ziyadnz/hourly-ipv4,ziyadnz|hourly,2026-08-17T18:48:05Z,2026-08-17T18:48:05Z,
46.247.61.230,ipv4,malicious-ip,medium,WHITE,ziyadnz/hourly-ipv4,ziyadnz|hourly,2026-08-17T18:48:05Z,2026-08-17T18:48:05Z,
46.247.61.231,ipv4,malicious-ip,medium,WHITE,ziyadnz/hourly-ipv4,ziyadnz|hourly,2026-08-17T18:48:05Z,2026-08-17T18:48:05Z,
46.247.61.232,ipv4,malicious-ip,medium,WHITE,ziyadnz/hourly-ipv4,ziyadnz|hourly,2026-08-17T18:48:05Z,2026-08-17T18:48:05Z,
46.247.61.233,ipv4,malicious-ip,medium,WHITE,ziyadnz/hourly-ipv4,ziyadnz|hourly,2026-08-17T18:48:05Z,2026-08-17T18:48:05Z,
46.247.61.234,ipv4,malicious-ip,medium,WHITE,ziyadnz/hourly-ipv4,ziyadnz|hourly,2026-08-17T18:48:05Z,2026-08-17T18:48:05Z,
46.247.61.235,ipv4,malicious-ip,medium,WHITE,ziyadnz/hourly-ipv4,ziyadnz|hourly,2026-08-17T18:48:05Z,2026-08-17T18:48:05Z,
46.247.61.236,ipv4,malicious-ip,medium,WHITE,ziyadnz/hourly-ipv4,ziyadnz|hourly,2026-08-17T18:48:05Z,2026-08-17T18:48:05Z,
46.247.61.237,ipv4,malicious-ip,medium,WHITE,ziyadnz/hourly-ipv4,ziyadnz|hourly,2026-08-17T18:48:05Z,2026-08-17T18:48:05Z,
46.247.61.238,ipv4,malicious-ip,medium,WHITE,ziyadnz/hourly-ipv4,ziyadnz|hourly,2026-08-17T18:48:05Z,2026-08-17T18:48:05Z,
46.247.61.239,ipv4,malicious-ip,medium,WHITE,ziyadnz/hourly-ipv4,ziyadnz|hourly,2026-08-17T18:48:05Z,2026-08-17T18:48:05Z,
46.247.61.24,ipv4,malicious-ip,medium,WHITE,ziyadnz/hourly-ipv4,ziyadnz|hourly,2026-08-17T18:48:05Z,2026-08-17T18:48:05Z,
46.247.61.240,ipv4,malicious-ip,medium,WHITE,ziyadnz/hourly-ipv4,ziyadnz|hourly,2026-08-17T18:48:05Z,2026-08-17T18:48:05Z,
46.247.61.245,ipv4,malicious-ip,medium,WHITE,ziyadnz/hourly-ipv4,ziyadnz|hourly,2026-08-17T18:48:05Z,2026-08-17T18:48:05Z,
46.247.61.246,ipv4,malicious-ip,medium,WHITE,ziyadnz/hourly-ipv4,ziyadnz|hourly,2026-08-17T18:48:05Z,2026-08-17T18:48:05Z,
46.247.61.247,ipv4,malicious-ip,medium,WHITE,ziyadnz/hourly-ipv4,ziyadnz|hourly,2026-08-17T18:48:05Z,2026-08-17T18:48:05Z,
46.247.61.249,ipv4,malicious-ip,medium,WHITE,ziyadnz/hourly-ipv4,ziyadnz|hourly,2026-08-17T18:48:05Z,2026-08-17T18:48:05Z,
46.247.61.25,ipv4,malicious-ip,medium,WHITE,ziyadnz/hourly-ipv4,ziyadnz|hourly,2026-08-17T18:48:05Z,2026-08-17T18:48:05Z,
46.247.61.251,ipv4,malicious-ip,medium,WHITE,ziyadnz/hourly-ipv4,ziyadnz|hourly,2026-08-17T18:48:05Z,2026-08-17T18:48:05Z,
46.247.61.252,ipv4,malicious-ip,medium,WHITE,ziyadnz/hourly-ipv4,ziyadnz|hourly,2026-08-17T18:48:05Z,2026-08-17T18:48:05Z,
46.247.61.253,ipv4,malicious-ip,medium,WHITE,ziyadnz/hourly-ipv4,ziyadnz|hourly,2026-08-17T18:48:05Z,2026-08-17T18:48:05Z,
46.247.61.254,ipv4,malicious-ip,medium,WHITE,ziyadnz/hourly-ipv4,ziyadnz|hourly,2026-08-17T18:48:05Z,2026-08-17T18:48:05Z,
46.247.61.26,ipv4,malicious-ip,medium,WHITE,ziyadnz/hourly-ipv4,ziyadnz|hourly,2026-08-17T18:48:05Z,2026-08-17T18:48:05Z,
46.247.61.28,ipv4,malicious-ip,medium,WHITE,ziyadnz/hourly-ipv4,ziyadnz|hourly,2026-08-17T18:48:05Z,2026-08-17T18:48:05Z,
46.247.61.29,ipv4,malicious-ip,medium,WHITE,ziyadnz/hourly-ipv4,ziyadnz|hourly,2026-08-17T18:48:05Z,2026-08-17T18:48:05Z,
46.247.61.32,ipv4,malicious-ip,medium,WHITE,ziyadnz/hourly-ipv4,ziyadnz|hourly,2026-08-17T18:48:05Z,2026-08-17T18:48:05Z,
46.247.61.33,ipv4,malicious-ip,medium,WHITE,ziyadnz/hourly-ipv4,ziyadnz|hourly,2026-08-17T18:48:05Z,2026-08-17T18:48:05Z,
46.247.61.34,ipv4,malicious-ip,medium,WHITE,ziyadnz/hourly-ipv4,ziyadnz|hourly,2026-08-17T18:48:05Z,2026-08-17T18:48:05Z,
46.247.61.35,ipv4,malicious-ip,medium,WHITE,ziyadnz/hourly-ipv4,ziyadnz|hourly,2026-08-17T18:48:05Z,2026-08-17T18:48:05Z,
46.247.61.36,ipv4,malicious-ip,medium,WHITE,ziyadnz/hourly-ipv4,ziyadnz|hourly,2026-08-17T18:48:05Z,2026-08-17T18:48:05Z,
46.247.61.37,ipv4,malicious-ip,medium,WHITE,ziyadnz/hourly-ipv4,ziyadnz|hourly,2026-08-17T18:48:05Z,2026-08-17T18:48:05Z,
46.247.61.38,ipv4,malicious-ip,medium,WHITE,ziyadnz/hourly-ipv4,ziyadnz|hourly,2026-08-17T18:48:05Z,2026-08-17T18:48:05Z,
46.247.61.39,ipv4,malicious-ip,medium,WHITE,ziyadnz/hourly-ipv4,ziyadnz|hourly,2026-08-17T18:48:05Z,2026-08-17T18:48:05Z,
46.247.61.4,ipv4,malicious-ip,medium,WHITE,ziyadnz/hourly-ipv4,ziyadnz|hourly,2026-08-17T18:48:05Z,2026-08-17T18:48:05Z,
46.247.61.40,ipv4,malicious-ip,medium,WHITE,ziyadnz/hourly-ipv4,ziyadnz|hourly,2026-08-17T18:48:05Z,2026-08-17T18:48:05Z,
46.247.61.41,ipv4,malicious-ip,medium,WHITE,ziyadnz/hourly-ipv4,ziyadnz|hourly,2026-08-17T18:48:05Z,2026-08-17T18:48:05Z,
46.247.61.42,ipv4,malicious-ip,medium,WHITE,ziyadnz/hourly-ipv4,ziyadnz|hourly,2026-08-17T18:48:05Z,2026-08-17T18:48:05Z,
46.247.61.45,ipv4,malicious-ip,medium,WHITE,ziyadnz/hourly-ipv4,ziyadnz|hourly,2026-08-17T18:48:05Z,2026-08-17T18:48:05Z,
46.247.61.46,ipv4,malicious-ip,medium,WHITE,ziyadnz/hourly-ipv4,ziyadnz|hourly,2026-08-17T18:48:05Z,2026-08-17T18:48:05Z,
46.247.61.48,ipv4,malicious-ip,medium,WHITE,ziyadnz/hourly-ipv4,ziyadnz|hourly,2026-08-17T18:48:05Z,2026-08-17T18:48:05Z,
46.247.61.49,ipv4,malicious-ip,medium,WHITE,ziyadnz/hourly-ipv4,ziyadnz|hourly,2026-08-17T18:48:05Z,2026-08-17T18:48:05Z,
46.247.61.5,ipv4,malicious-ip,medium,WHITE,ziyadnz/hourly-ipv4,ziyadnz|hourly,2026-08-17T18:48:05Z,2026-08-17T18:48:05Z,
46.247.61.50,ipv4,malicious-ip,medium,WHITE,ziyadnz/hourly-ipv4,ziyadnz|hourly,2026-08-17T18:48:05Z,2026-08-17T18:48:05Z,
46.247.61.51,ipv4,malicious-ip,medium,WHITE,ziyadnz/hourly-ipv4,ziyadnz|hourly,2026-08-17T18:48:05Z,2026-08-17T18:48:05Z,
46.247.61.52,ipv4,malicious-ip,medium,WHITE,ziyadnz/hourly-ipv4,ziyadnz|hourly,2026-08-17T18:48:05Z,2026-08-17T18:48:05Z,
46.247.61.53,ipv4,malicious-ip,medium,WHITE,ziyadnz/hourly-ipv4,ziyadnz|hourly,2026-08-17T18:48:05Z,2026-08-17T18:48:05Z,
46.247.61.54,ipv4,malicious-ip,medium,WHITE,ziyadnz/hourly-ipv4,ziyadnz|hourly,2026-08-17T18:48:05Z,2026-08-17T18:48:05Z,
46.247.61.55,ipv4,malicious-ip,medium,WHITE,ziyadnz/hourly-ipv4,ziyadnz|hourly,2026-08-17T18:48:05Z,2026-08-17T18:48:05Z,
46.247.61.57,ipv4,malicious-ip,medium,WHITE,ziyadnz/hourly-ipv4,ziyadnz|hourly,2026-08-17T18:48:05Z,2026-08-17T18:48:05Z,
46.247.61.58,ipv4,malicious-ip,medium,WHITE,ziyadnz/hourly-ipv4,ziyadnz|hourly,2026-08-17T18:48:05Z,2026-08-17T18:48:05Z,
46.247.61.59,ipv4,malicious-ip,medium,WHITE,ziyadnz/hourly-ipv4,ziyadnz|hourly,2026-08-17T18:48:05Z,2026-08-17T18:48:05Z,
46.247.61.6,ipv4,malicious-ip,medium,WHITE,ziyadnz/hourly-ipv4,ziyadnz|hourly,2026-08-17T18:48:05Z,2026-08-17T18:48:05Z,
46.247.61.61,ipv4,malicious-ip,medium,WHITE,ziyadnz/hourly-ipv4,ziyadnz|hourly,2026-08-17T18:48:05Z,2026-08-17T18:48:05Z,
46.247.61.62,ipv4,malicious-ip,medium,WHITE,ziyadnz/hourly-ipv4,ziyadnz|hourly,2026-08-17T18:48:05Z,2026-08-17T18:48:05Z,
46.247.61.63,ipv4,malicious-ip,medium,WHITE,ziyadnz/hourly-ipv4,ziyadnz|hourly,2026-08-17T18:48:05Z,2026-08-17T18:48:05Z,
46.247.61.64,ipv4,malicious-ip,medium,WHITE,ziyadnz/hourly-ipv4,ziyadnz|hourly,2026-08-17T18:48:05Z,2026-08-17T18:48:05Z,
46.247.61.65,ipv4,malicious-ip,medium,WHITE,ziyadnz/hourly-ipv4,ziyadnz|hourly,2026-08-17T18:48:05Z,2026-08-17T18:48:05Z,
46.247.61.66,ipv4,malicious-ip,medium,WHITE,ziyadnz/hourly-ipv4,ziyadnz|hourly,2026-08-17T18:48:05Z,2026-08-17T18:48:05Z,
46.247.61.67,ipv4,malicious-ip,medium,WHITE,ziyadnz/hourly-ipv4,ziyadnz|hourly,2026-08-17T18:48:05Z,2026-08-17T18:48:05Z,
46.247.61.68,ipv4,malicious-ip,medium,WHITE,ziyadnz/hourly-ipv4,ziyadnz|hourly,2026-08-17T18:48:05Z,2026-08-17T18:48:05Z,
46.247.61.69,ipv4,malicious-ip,medium,WHITE,ziyadnz/hourly-ipv4,ziyadnz|hourly,2026-08-17T18:48:05Z,2026-08-17T18:48:05Z,
46.247.61.70,ipv4,malicious-ip,medium,WHITE,ziyadnz/hourly-ipv4,ziyadnz|hourly,2026-08-17T18:48:05Z,2026-08-17T18:48:05Z,
46.247.61.71,ipv4,malicious-ip,medium,WHITE,ziyadnz/hourly-ipv4,ziyadnz|hourly,2026-08-17T18:48:05Z,2026-08-17T18:48:05Z,
46.247.61.72,ipv4,malicious-ip,medium,WHITE,ziyadnz/hourly-ipv4,ziyadnz|hourly,2026-08-17T18:48:05Z,2026-08-17T18:48:05Z,
46.247.61.74,ipv4,malicious-ip,medium,WHITE,ziyadnz/hourly-ipv4,ziyadnz|hourly,2026-08-17T18:48:05Z,2026-08-17T18:48:05Z,
46.247.61.76,ipv4,malicious-ip,medium,WHITE,ziyadnz/hourly-ipv4,ziyadnz|hourly,2026-08-17T18:48:05Z,2026-08-17T18:48:05Z,
46.247.61.77,ipv4,malicious-ip,medium,WHITE,ziyadnz/hourly-ipv4,ziyadnz|hourly,2026-08-17T18:48:05Z,2026-08-17T18:48:05Z,
46.247.61.78,ipv4,malicious-ip,medium,WHITE,ziyadnz/hourly-ipv4,ziyadnz|hourly,2026-08-17T18:48:05Z,2026-08-17T18:48:05Z,
46.247.61.79,ipv4,malicious-ip,medium,WHITE,ziyadnz/hourly-ipv4,ziyadnz|hourly,2026-08-17T18:48:05Z,2026-08-17T18:48:05Z,
46.247.61.8,ipv4,malicious-ip,medium,WHITE,ziyadnz/hourly-ipv4,ziyadnz|hourly,2026-08-17T18:48:05Z,2026-08-17T18:48:05Z,
46.247.61.80,ipv4,malicious-ip,medium,WHITE,ziyadnz/hourly-ipv4,ziyadnz|hourly,2026-08-17T18:48:05Z,2026-08-17T18:48:05Z,
46.247.61.81,ipv4,malicious-ip,medium,WHITE,ziyadnz/hourly-ipv4,ziyadnz|hourly,2026-08-17T18:48:05Z,2026-08-17T18:48:05Z,
46.247.61.82,ipv4,malicious-ip,medium,WHITE,ziyadnz/hourly-ipv4,ziyadnz|hourly,2026-08-17T18:48:05Z,2026-08-17T18:48:05Z,
46.247.61.84,ipv4,malicious-ip,medium,WHITE,ziyadnz/hourly-ipv4,ziyadnz|hourly,2026-08-17T18:48:05Z,2026-08-17T18:48:05Z,
46.247.61.85,ipv4,malicious-ip,medium,WHITE,ziyadnz/hourly-ipv4,ziyadnz|hourly,2026-08-17T18:48:05Z,2026-08-17T18:48:05Z,
46.247.61.86,ipv4,malicious-ip,medium,WHITE,ziyadnz/hourly-ipv4,ziyadnz|hourly,2026-08-17T18:48:05Z,2026-08-17T18:48:05Z,
46.247.61.87,ipv4,malicious-ip,medium,WHITE,ziyadnz/hourly-ipv4,ziyadnz|hourly,2026-08-17T18:48:05Z,2026-08-17T18:48:05Z,
46.247.61.88,ipv4,malicious-ip,medium,WHITE,ziyadnz/hourly-ipv4,ziyadnz|hourly,2026-08-17T18:48:05Z,2026-08-17T18:48:05Z,
46.247.61.89,ipv4,malicious-ip,medium,WHITE,ziyadnz/hourly-ipv4,ziyadnz|hourly,2026-08-17T18:48:05Z,2026-08-17T18:48:05Z,
46.247.61.90,ipv4,malicious-ip,medium,WHITE,ziyadnz/hourly-ipv4,ziyadnz|hourly,2026-08-17T18:48:05Z,2026-08-17T18:48:05Z,
46.247.61.91,ipv4,malicious-ip,medium,WHITE,ziyadnz/hourly-ipv4,ziyadnz|hourly,2026-08-17T18:48:05Z,2026-08-17T18:48:05Z,
46.247.61.92,ipv4,malicious-ip,medium,WHITE,ziyadnz/hourly-ipv4,ziyadnz|hourly,2026-08-17T18:48:05Z,2026-08-17T18:48:05Z,
46.247.61.93,ipv4,malicious-ip,medium,WHITE,ziyadnz/hourly-ipv4,ziyadnz|hourly,2026-08-17T18:48:05Z,2026-08-17T18:48:05Z,
46.247.61.94,ipv4,malicious-ip,medium,WHITE,ziyadnz/hourly-ipv4,ziyadnz|hourly,2026-08-17T18:48:05Z,2026-08-17T18:48:05Z,
46.247.61.95,ipv4,malicious-ip,medium,WHITE,ziyadnz/hourly-ipv4,ziyadnz|hourly,2026-08-17T18:48:05Z,2026-08-17T18:48:05Z,
46.247.61.96,ipv4,malicious-ip,medium,WHITE,ziyadnz/hourly-ipv4,ziyadnz|hourly,2026-08-17T18:48:05Z,2026-08-17T18:48:05Z,
46.247.61.97,ipv4,malicious-ip,medium,WHITE,ziyadnz/hourly-ipv4,ziyadnz|hourly,2026-08-17T18:48:05Z,2026-08-17T18:48:05Z,
46.247.61.99,ipv4,malicious-ip,medium,WHITE,ziyadnz/hourly-ipv4,ziyadnz|hourly,2026-08-17T18:48:05Z,2026-08-17T18:48:05Z,
46.248.185.236,ipv4,malicious-ip,medium,WHITE,ziyadnz/hourly-ipv4,ziyadnz|hourly,2026-08-17T18:48:05Z,2026-08-17T18:48:05Z,
46.248.200.137,ipv4,malicious-ip,medium,WHITE,ziyadnz/hourly-ipv4,ziyadnz|hourly,2026-08-17T18:48:05Z,2026-08-17T18:48:05Z,
46.248.200.173,ipv4,malicious-ip,medium,WHITE,ziyadnz/hourly-ipv4,ziyadnz|hourly,2026-08-17T18:48:05Z,2026-08-17T18:48:05Z,
46.249.102.182,ipv4,malicious-ip,medium,WHITE,ziyadnz/hourly-ipv4,ziyadnz|hourly,2026-08-17T18:48:05Z,2026-08-17T18:48:05Z,
46.249.157.43,ipv4,malicious-ip,medium,WHITE,ziyadnz/hourly-ipv4,ziyadnz|hourly,2026-08-17T18:48:05Z,2026-08-17T18:48:05Z,
46.249.35.243,ipv4,malicious-ip,medium,WHITE,ziyadnz/hourly-ipv4,ziyadnz|hourly,2026-08-17T18:48:05Z,2026-08-17T18:48:05Z,
46.249.49.148,ipv4,malicious-ip,medium,WHITE,ziyadnz/hourly-ipv4,ziyadnz|hourly,2026-08-17T18:48:05Z,2026-08-17T18:48:05Z,
46.249.49.230,ipv4,malicious-ip,medium,WHITE,ziyadnz/hourly-ipv4,ziyadnz|hourly,2026-08-17T18:48:05Z,2026-08-17T18:48:05Z,
46.249.58.136,ipv4,malicious-ip,medium,WHITE,ziyadnz/hourly-ipv4,ziyadnz|hourly,2026-08-17T18:48:05Z,2026-08-17T18:48:05Z,
46.249.58.177,ipv4,malicious-ip,medium,WHITE,ziyadnz/hourly-ipv4,ziyadnz|hourly,2026-08-17T18:48:05Z,2026-08-17T18:48:05Z,
46.249.58.40,ipv4,malicious-ip,medium,WHITE,ziyadnz/hourly-ipv4,ziyadnz|hourly,2026-08-17T18:48:05Z,2026-08-17T18:48:05Z,
46.249.99.46,ipv4,malicious-ip,medium,WHITE,ziyadnz/hourly-ipv4,ziyadnz|hourly,2026-08-17T18:48:05Z,2026-08-17T18:48:05Z,
46.25.100.127,ipv4,malicious-ip,medium,WHITE,ziyadnz/hourly-ipv4,ziyadnz|hourly,2026-08-17T18:48:05Z,2026-08-17T18:48:05Z,
46.25.211.92,ipv4,malicious-ip,medium,WHITE,ziyadnz/hourly-ipv4,ziyadnz|hourly,2026-08-17T18:48:05Z,2026-08-17T18:48:05Z,
46.250.224.37,ipv4,malicious-ip,medium,WHITE,ziyadnz/hourly-ipv4,ziyadnz|hourly,2026-08-17T18:48:05Z,2026-08-17T18:48:05Z,
46.250.240.167,ipv4,malicious-ip,medium,WHITE,ziyadnz/hourly-ipv4,ziyadnz|hourly,2026-08-17T18:48:05Z,2026-08-17T18:48:05Z,
46.250.240.240,ipv4,malicious-ip,medium,WHITE,ziyadnz/hourly-ipv4,ziyadnz|hourly,2026-08-17T18:48:05Z,2026-08-17T18:48:05Z,
46.250.242.24,ipv4,malicious-ip,medium,WHITE,ziyadnz/hourly-ipv4,ziyadnz|hourly,2026-08-17T18:48:05Z,2026-08-17T18:48:05Z,
46.250.243.211,ipv4,malicious-ip,medium,WHITE,ziyadnz/hourly-ipv4,ziyadnz|hourly,2026-08-17T18:48:05Z,2026-08-17T18:48:05Z,
46.250.243.29,ipv4,malicious-ip,medium,WHITE,ziyadnz/hourly-ipv4,ziyadnz|hourly,2026-08-17T18:48:05Z,2026-08-17T18:48:05Z,
46.250.244.186,ipv4,malicious-ip,medium,WHITE,ziyadnz/hourly-ipv4,ziyadnz|hourly,2026-08-17T18:48:05Z,2026-08-17T18:48:05Z,
46.250.244.230,ipv4,malicious-ip,medium,WHITE,ziyadnz/hourly-ipv4,ziyadnz|hourly,2026-08-17T18:48:05Z,2026-08-17T18:48:05Z,
46.250.245.39,ipv4,malicious-ip,medium,WHITE,ziyadnz/hourly-ipv4,ziyadnz|hourly,2026-08-17T18:48:05Z,2026-08-17T18:48:05Z,
46.252.117.135,ipv4,malicious-ip,medium,WHITE,ziyadnz/hourly-ipv4,ziyadnz|hourly,2026-08-17T18:48:05Z,2026-08-17T18:48:05Z,
46.252.2.36,ipv4,malicious-ip,medium,WHITE,ziyadnz/hourly-ipv4,ziyadnz|hourly,2026-08-17T18:48:05Z,2026-08-17T18:48:05Z,
46.252.233.25,ipv4,malicious-ip,medium,WHITE,ziyadnz/hourly-ipv4,ziyadnz|hourly,2026-08-17T18:48:05Z,2026-08-17T18:48:05Z,
46.255.233.165,ipv4,malicious-ip,medium,WHITE,ziyadnz/hourly-ipv4,ziyadnz|hourly,2026-08-17T18:48:05Z,2026-08-17T18:48:05Z,
46.255.234.75,ipv4,malicious-ip,medium,WHITE,ziyadnz/hourly-ipv4,ziyadnz|hourly,2026-08-17T18:48:05Z,2026-08-17T18:48:05Z,
46.255.33.210,ipv4,malicious-ip,medium,WHITE,ziyadnz/hourly-ipv4,ziyadnz|hourly,2026-08-17T18:48:05Z,2026-08-17T18:48:05Z,
46.26.235.102,ipv4,malicious-ip,medium,WHITE,ziyadnz/hourly-ipv4,ziyadnz|hourly,2026-08-17T18:48:05Z,2026-08-17T18:48:05Z,
46.26.43.117,ipv4,malicious-ip,medium,WHITE,ziyadnz/hourly-ipv4,ziyadnz|hourly,2026-08-17T18:48:05Z,2026-08-17T18:48:05Z,
46.27.103.109,ipv4,malicious-ip,medium,WHITE,ziyadnz/hourly-ipv4,ziyadnz|hourly,2026-08-17T18:48:05Z,2026-08-17T18:48:05Z,
46.27.40.54,ipv4,malicious-ip,medium,WHITE,ziyadnz/hourly-ipv4,ziyadnz|hourly,2026-08-17T18:48:05Z,2026-08-17T18:48:05Z,
46.29.192.236,ipv4,malicious-ip,medium,WHITE,ziyadnz/hourly-ipv4,ziyadnz|hourly,2026-08-17T18:48:05Z,2026-08-17T18:48:05Z,
46.29.234.41,ipv4,malicious-ip,medium,WHITE,ziyadnz/hourly-ipv4,ziyadnz|hourly,2026-08-17T18:48:05Z,2026-08-17T18:48:05Z,
46.29.238.108,ipv4,malicious-ip,medium,WHITE,ziyadnz/hourly-ipv4,ziyadnz|hourly,2026-08-17T18:48:05Z,2026-08-17T18:48:05Z,
46.29.238.123,ipv4,malicious-ip,medium,WHITE,ziyadnz/hourly-ipv4,ziyadnz|hourly,2026-08-17T18:48:05Z,2026-08-17T18:48:05Z,
46.29.238.140,ipv4,malicious-ip,medium,WHITE,ziyadnz/hourly-ipv4,ziyadnz|hourly,2026-08-17T18:48:05Z,2026-08-17T18:48:05Z,
46.29.238.160,ipv4,malicious-ip,medium,WHITE,ziyadnz/hourly-ipv4,ziyadnz|hourly,2026-08-17T18:48:05Z,2026-08-17T18:48:05Z,
46.29.25.25,ipv4,malicious-ip,medium,WHITE,ziyadnz/hourly-ipv4,ziyadnz|hourly,2026-08-17T18:48:05Z,2026-08-17T18:48:05Z,
46.29.26.191,ipv4,malicious-ip,medium,WHITE,ziyadnz/hourly-ipv4,ziyadnz|hourly,2026-08-17T18:48:05Z,2026-08-17T18:48:05Z,
46.29.26.26,ipv4,malicious-ip,medium,WHITE,ziyadnz/hourly-ipv4,ziyadnz|hourly,2026-08-17T18:48:05Z,2026-08-17T18:48:05Z,
46.3.223.174,ipv4,malicious-ip,medium,WHITE,ziyadnz/hourly-ipv4,ziyadnz|hourly,2026-08-17T18:48:05Z,2026-08-17T18:48:05Z,
46.30.161.190,ipv4,malicious-ip,medium,WHITE,ziyadnz/hourly-ipv4,ziyadnz|hourly,2026-08-17T18:48:05Z,2026-08-17T18:48:05Z,
46.30.165.67,ipv4,malicious-ip,medium,WHITE,ziyadnz/hourly-ipv4,ziyadnz|hourly,2026-08-17T18:48:05Z,2026-08-17T18:48:05Z,
46.30.188.105,ipv4,malicious-ip,medium,WHITE,ziyadnz/hourly-ipv4,ziyadnz|hourly,2026-08-17T18:48:05Z,2026-08-17T18:48:05Z,
46.30.188.13,ipv4,malicious-ip,medium,WHITE,ziyadnz/hourly-ipv4,ziyadnz|hourly,2026-08-17T18:48:05Z,2026-08-17T18:48:05Z,
46.30.190.98,ipv4,malicious-ip,medium,WHITE,ziyadnz/hourly-ipv4,ziyadnz|hourly,2026-08-17T18:48:05Z,2026-08-17T18:48:05Z,
46.30.191.126,ipv4,malicious-ip,medium,WHITE,ziyadnz/hourly-ipv4,ziyadnz|hourly,2026-08-17T18:48:05Z,2026-08-17T18:48:05Z,
46.30.191.60,ipv4,malicious-ip,medium,WHITE,ziyadnz/hourly-ipv4,ziyadnz|hourly,2026-08-17T18:48:05Z,2026-08-17T18:48:05Z,
46.31.77.236,ipv4,malicious-ip,medium,WHITE,ziyadnz/hourly-ipv4,ziyadnz|hourly,2026-08-17T18:48:05Z,2026-08-17T18:48:05Z,
46.32.115.212,ipv4,malicious-ip,medium,WHITE,ziyadnz/hourly-ipv4,ziyadnz|hourly,2026-08-17T18:48:05Z,2026-08-17T18:48:05Z,
46.32.170.48,ipv4,malicious-ip,medium,WHITE,ziyadnz/hourly-ipv4,ziyadnz|hourly,2026-08-17T18:48:05Z,2026-08-17T18:48:05Z,
46.32.177.240,ipv4,malicious-ip,medium,WHITE,ziyadnz/hourly-ipv4,ziyadnz|hourly,2026-08-17T18:48:05Z,2026-08-17T18:48:05Z,
46.32.47.226,ipv4,malicious-ip,medium,WHITE,ziyadnz/hourly-ipv4,ziyadnz|hourly,2026-08-17T18:48:05Z,2026-08-17T18:48:05Z,
46.32.87.196,ipv4,malicious-ip,medium,WHITE,ziyadnz/hourly-ipv4,ziyadnz|hourly,2026-08-17T18:48:05Z,2026-08-17T18:48:05Z,
46.33.11.154,ipv4,malicious-ip,medium,WHITE,ziyadnz/hourly-ipv4,ziyadnz|hourly,2026-08-17T18:48:05Z,2026-08-17T18:48:05Z,
46.33.121.4,ipv4,malicious-ip,medium,WHITE,ziyadnz/hourly-ipv4,ziyadnz|hourly,2026-08-17T18:48:05Z,2026-08-17T18:48:05Z,
46.33.135.253,ipv4,malicious-ip,medium,WHITE,ziyadnz/hourly-ipv4,ziyadnz|hourly,2026-08-17T18:48:05Z,2026-08-17T18:48:05Z,
46.33.33.34,ipv4,malicious-ip,medium,WHITE,ziyadnz/hourly-ipv4,ziyadnz|hourly,2026-08-17T18:48:05Z,2026-08-17T18:48:05Z,
46.33.39.228,ipv4,malicious-ip,medium,WHITE,ziyadnz/hourly-ipv4,ziyadnz|hourly,2026-08-17T18:48:05Z,2026-08-17T18:48:05Z,
46.33.39.71,ipv4,malicious-ip,medium,WHITE,ziyadnz/hourly-ipv4,ziyadnz|hourly,2026-08-17T18:48:05Z,2026-08-17T18:48:05Z,
46.33.39.80,ipv4,malicious-ip,medium,WHITE,ziyadnz/hourly-ipv4,ziyadnz|hourly,2026-08-17T18:48:05Z,2026-08-17T18:48:05Z,
46.34.163.208,ipv4,malicious-ip,medium,WHITE,ziyadnz/hourly-ipv4,ziyadnz|hourly,2026-08-17T18:48:05Z,2026-08-17T18:48:05Z,
46.35.117.94,ipv4,malicious-ip,medium,WHITE,ziyadnz/hourly-ipv4,ziyadnz|hourly,2026-08-17T18:48:05Z,2026-08-17T18:48:05Z,
46.36.123.0,ipv4,malicious-ip,medium,WHITE,ziyadnz/hourly-ipv4,ziyadnz|hourly,2026-08-17T18:48:05Z,2026-08-17T18:48:05Z,
46.36.123.20,ipv4,malicious-ip,medium,WHITE,ziyadnz/hourly-ipv4,ziyadnz|hourly,2026-08-17T18:48:05Z,2026-08-17T18:48:05Z,
46.36.123.219,ipv4,malicious-ip,medium,WHITE,ziyadnz/hourly-ipv4,ziyadnz|hourly,2026-08-17T18:48:05Z,2026-08-17T18:48:05Z,
46.36.123.22,ipv4,malicious-ip,medium,WHITE,ziyadnz/hourly-ipv4,ziyadnz|hourly,2026-08-17T18:48:05Z,2026-08-17T18:48:05Z,
46.36.123.220,ipv4,malicious-ip,medium,WHITE,ziyadnz/hourly-ipv4,ziyadnz|hourly,2026-08-17T18:48:05Z,2026-08-17T18:48:05Z,
46.36.123.221,ipv4,malicious-ip,medium,WHITE,ziyadnz/hourly-ipv4,ziyadnz|hourly,2026-08-17T18:48:05Z,2026-08-17T18:48:05Z,
46.36.123.28,ipv4,malicious-ip,medium,WHITE,ziyadnz/hourly-ipv4,ziyadnz|hourly,2026-08-17T18:48:05Z,2026-08-17T18:48:05Z,
46.36.123.34,ipv4,malicious-ip,medium,WHITE,ziyadnz/hourly-ipv4,ziyadnz|hourly,2026-08-17T18:48:05Z,2026-08-17T18:48:05Z,
46.36.123.35,ipv4,malicious-ip,medium,WHITE,ziyadnz/hourly-ipv4,ziyadnz|hourly,2026-08-17T18:48:05Z,2026-08-17T18:48:05Z,
46.36.123.36,ipv4,malicious-ip,medium,WHITE,ziyadnz/hourly-ipv4,ziyadnz|hourly,2026-08-17T18:48:05Z,2026-08-17T18:48:05Z,
46.36.123.39,ipv4,malicious-ip,medium,WHITE,ziyadnz/hourly-ipv4,ziyadnz|hourly,2026-08-17T18:48:05Z,2026-08-17T18:48:05Z,
46.36.123.40,ipv4,malicious-ip,medium,WHITE,ziyadnz/hourly-ipv4,ziyadnz|hourly,2026-08-17T18:48:05Z,2026-08-17T18:48:05Z,
46.36.123.41,ipv4,malicious-ip,medium,WHITE,ziyadnz/hourly-ipv4,ziyadnz|hourly,2026-08-17T18:48:05Z,2026-08-17T18:48:05Z,
46.36.123.44,ipv4,malicious-ip,medium,WHITE,ziyadnz/hourly-ipv4,ziyadnz|hourly,2026-08-17T18:48:05Z,2026-08-17T18:48:05Z,
46.36.123.51,ipv4,malicious-ip,medium,WHITE,ziyadnz/hourly-ipv4,ziyadnz|hourly,2026-08-17T18:48:05Z,2026-08-17T18:48:05Z,
46.36.123.52,ipv4,malicious-ip,medium,WHITE,ziyadnz/hourly-ipv4,ziyadnz|hourly,2026-08-17T18:48:05Z,2026-08-17T18:48:05Z,
46.36.123.54,ipv4,malicious-ip,medium,WHITE,ziyadnz/hourly-ipv4,ziyadnz|hourly,2026-08-17T18:48:05Z,2026-08-17T18:48:05Z,
46.36.123.55,ipv4,malicious-ip,medium,WHITE,ziyadnz/hourly-ipv4,ziyadnz|hourly,2026-08-17T18:48:05Z,2026-08-17T18:48:05Z,
46.36.123.59,ipv4,malicious-ip,medium,WHITE,ziyadnz/hourly-ipv4,ziyadnz|hourly,2026-08-17T18:48:05Z,2026-08-17T18:48:05Z,
46.36.123.61,ipv4,malicious-ip,medium,WHITE,ziyadnz/hourly-ipv4,ziyadnz|hourly,2026-08-17T18:48:05Z,2026-08-17T18:48:05Z,
46.36.123.83,ipv4,malicious-ip,medium,WHITE,ziyadnz/hourly-ipv4,ziyadnz|hourly,2026-08-17T18:48:05Z,2026-08-17T18:48:05Z,
46.36.123.86,ipv4,malicious-ip,medium,WHITE,ziyadnz/hourly-ipv4,ziyadnz|hourly,2026-08-17T18:48:05Z,2026-08-17T18:48:05Z,
46.36.123.89,ipv4,malicious-ip,medium,WHITE,ziyadnz/hourly-ipv4,ziyadnz|hourly,2026-08-17T18:48:05Z,2026-08-17T18:48:05Z,
46.36.123.92,ipv4,malicious-ip,medium,WHITE,ziyadnz/hourly-ipv4,ziyadnz|hourly,2026-08-17T18:48:05Z,2026-08-17T18:48:05Z,
46.36.23.119,ipv4,malicious-ip,medium,WHITE,ziyadnz/hourly-ipv4,ziyadnz|hourly,2026-08-17T18:48:05Z,2026-08-17T18:48:05Z,
46.36.37.85,ipv4,malicious-ip,medium,WHITE,ziyadnz/hourly-ipv4,ziyadnz|hourly,2026-08-17T18:48:05Z,2026-08-17T18:48:05Z,
46.37.123.158,ipv4,malicious-ip,medium,WHITE,ziyadnz/hourly-ipv4,ziyadnz|hourly,2026-08-17T18:48:05Z,2026-08-17T18:48:05Z,
46.37.123.166,ipv4,malicious-ip,medium,WHITE,ziyadnz/hourly-ipv4,ziyadnz|hourly,2026-08-17T18:48:05Z,2026-08-17T18:48:05Z,
46.37.124.147,ipv4,malicious-ip,medium,WHITE,ziyadnz/hourly-ipv4,ziyadnz|hourly,2026-08-17T18:48:05Z,2026-08-17T18:48:05Z,
46.37.194.166,ipv4,malicious-ip,medium,WHITE,ziyadnz/hourly-ipv4,ziyadnz|hourly,2026-08-17T18:48:05Z,2026-08-17T18:48:05Z,
46.37.66.191,ipv4,malicious-ip,medium,WHITE,ziyadnz/hourly-ipv4,ziyadnz|hourly,2026-08-17T18:48:05Z,2026-08-17T18:48:05Z,
46.37.82.131,ipv4,malicious-ip,medium,WHITE,ziyadnz/hourly-ipv4,ziyadnz|hourly,2026-08-17T18:48:05Z,2026-08-17T18:48:05Z,
46.37.82.231,ipv4,malicious-ip,medium,WHITE,ziyadnz/hourly-ipv4,ziyadnz|hourly,2026-08-17T18:48:05Z,2026-08-17T18:48:05Z,
46.38.146.46,ipv4,malicious-ip,medium,WHITE,ziyadnz/hourly-ipv4,ziyadnz|hourly,2026-08-17T18:48:05Z,2026-08-17T18:48:05Z,
46.38.149.130,ipv4,malicious-ip,medium,WHITE,ziyadnz/hourly-ipv4,ziyadnz|hourly,2026-08-17T18:48:05Z,2026-08-17T18:48:05Z,
46.38.234.143,ipv4,malicious-ip,medium,WHITE,ziyadnz/hourly-ipv4,ziyadnz|hourly,2026-08-17T18:48:05Z,2026-08-17T18:48:05Z,
46.38.238.9,ipv4,malicious-ip,medium,WHITE,ziyadnz/hourly-ipv4,ziyadnz|hourly,2026-08-17T18:48:05Z,2026-08-17T18:48:05Z,
46.38.253.131,ipv4,malicious-ip,medium,WHITE,ziyadnz/hourly-ipv4,ziyadnz|hourly,2026-08-17T18:48:05Z,2026-08-17T18:48:05Z,
46.39.212.108,ipv4,malicious-ip,medium,WHITE,ziyadnz/hourly-ipv4,ziyadnz|hourly,2026-08-17T18:48:05Z,2026-08-17T18:48:05Z,
46.39.239.86,ipv4,malicious-ip,medium,WHITE,ziyadnz/hourly-ipv4,ziyadnz|hourly,2026-08-17T18:48:05Z,2026-08-17T18:48:05Z,
46.39.64.111,ipv4,malicious-ip,medium,WHITE,ziyadnz/hourly-ipv4,ziyadnz|hourly,2026-08-17T18:48:05Z,2026-08-17T18:48:05Z,
46.39.87.6,ipv4,malicious-ip,medium,WHITE,ziyadnz/hourly-ipv4,ziyadnz|hourly,2026-08-17T18:48:05Z,2026-08-17T18:48:05Z,
46.39.92.91,ipv4,malicious-ip,medium,WHITE,ziyadnz/hourly-ipv4,ziyadnz|hourly,2026-08-17T18:48:05Z,2026-08-17T18:48:05Z,
46.4.162.57,ipv4,malicious-ip,medium,WHITE,ziyadnz/hourly-ipv4,ziyadnz|hourly,2026-08-17T18:48:05Z,2026-08-17T18:48:05Z,
46.4.36.190,ipv4,malicious-ip,medium,WHITE,ziyadnz/hourly-ipv4,ziyadnz|hourly,2026-08-17T18:48:05Z,2026-08-17T18:48:05Z,
46.4.57.166,ipv4,malicious-ip,medium,WHITE,ziyadnz/hourly-ipv4,ziyadnz|hourly,2026-08-17T18:48:05Z,2026-08-17T18:48:05Z,
46.4.95.242,ipv4,malicious-ip,medium,WHITE,ziyadnz/hourly-ipv4,ziyadnz|hourly,2026-08-17T18:48:05Z,2026-08-17T18:48:05Z,
46.40.229.1,ipv4,malicious-ip,medium,WHITE,ziyadnz/hourly-ipv4,ziyadnz|hourly,2026-08-17T18:48:05Z,2026-08-17T18:48:05Z,
46.43.199.253,ipv4,malicious-ip,medium,WHITE,ziyadnz/hourly-ipv4,ziyadnz|hourly,2026-08-17T18:48:05Z,2026-08-17T18:48:05Z,
46.43.88.8,ipv4,malicious-ip,medium,WHITE,ziyadnz/hourly-ipv4,ziyadnz|hourly,2026-08-17T18:48:05Z,2026-08-17T18:48:05Z,
46.43.89.185,ipv4,malicious-ip,medium,WHITE,ziyadnz/hourly-ipv4,ziyadnz|hourly,2026-08-17T18:48:05Z,2026-08-17T18:48:05Z,
46.44.0.185,ipv4,malicious-ip,medium,WHITE,ziyadnz/hourly-ipv4,ziyadnz|hourly,2026-08-17T18:48:05Z,2026-08-17T18:48:05Z,
46.44.40.82,ipv4,malicious-ip,medium,WHITE,ziyadnz/hourly-ipv4,ziyadnz|hourly,2026-08-17T18:48:05Z,2026-08-17T18:48:05Z,
46.46.101.89,ipv4,malicious-ip,medium,WHITE,ziyadnz/hourly-ipv4,ziyadnz|hourly,2026-08-17T18:48:05Z,2026-08-17T18:48:05Z,
46.47.235.36,ipv4,malicious-ip,medium,WHITE,ziyadnz/hourly-ipv4,ziyadnz|hourly,2026-08-17T18:48:05Z,2026-08-17T18:48:05Z,
46.47.83.21,ipv4,malicious-ip,medium,WHITE,ziyadnz/hourly-ipv4,ziyadnz|hourly,2026-08-17T18:48:05Z,2026-08-17T18:48:05Z,
46.49.4.115,ipv4,malicious-ip,medium,WHITE,ziyadnz/hourly-ipv4,ziyadnz|hourly,2026-08-17T18:48:05Z,2026-08-17T18:48:05Z,
46.50.148.149,ipv4,malicious-ip,medium,WHITE,ziyadnz/hourly-ipv4,ziyadnz|hourly,2026-08-17T18:48:05Z,2026-08-17T18:48:05Z,
46.50.240.92,ipv4,malicious-ip,medium,WHITE,ziyadnz/hourly-ipv4,ziyadnz|hourly,2026-08-17T18:48:05Z,2026-08-17T18:48:05Z,
46.51.155.212,ipv4,malicious-ip,medium,WHITE,ziyadnz/hourly-ipv4,ziyadnz|hourly,2026-08-17T18:48:05Z,2026-08-17T18:48:05Z,
46.51.221.109,ipv4,malicious-ip,medium,WHITE,ziyadnz/hourly-ipv4,ziyadnz|hourly,2026-08-17T18:48:05Z,2026-08-17T18:48:05Z,
46.54.252.250,ipv4,malicious-ip,medium,WHITE,ziyadnz/hourly-ipv4,ziyadnz|hourly,2026-08-17T18:48:05Z,2026-08-17T18:48:05Z,
46.55.116.167,ipv4,malicious-ip,medium,WHITE,ziyadnz/hourly-ipv4,ziyadnz|hourly,2026-08-17T18:48:05Z,2026-08-17T18:48:05Z,
46.55.119.231,ipv4,malicious-ip,medium,WHITE,ziyadnz/hourly-ipv4,ziyadnz|hourly,2026-08-17T18:48:05Z,2026-08-17T18:48:05Z,
46.55.163.4,ipv4,malicious-ip,medium,WHITE,ziyadnz/hourly-ipv4,ziyadnz|hourly,2026-08-17T18:48:05Z,2026-08-17T18:48:05Z,
46.55.222.11,ipv4,malicious-ip,medium,WHITE,ziyadnz/hourly-ipv4,ziyadnz|hourly,2026-08-17T18:48:05Z,2026-08-17T18:48:05Z,
46.55.222.90,ipv4,malicious-ip,medium,WHITE,ziyadnz/hourly-ipv4,ziyadnz|hourly,2026-08-17T18:48:05Z,2026-08-17T18:48:05Z,
46.59.122.78,ipv4,malicious-ip,medium,WHITE,ziyadnz/hourly-ipv4,ziyadnz|hourly,2026-08-17T18:48:05Z,2026-08-17T18:48:05Z,
46.6.10.165,ipv4,malicious-ip,medium,WHITE,ziyadnz/hourly-ipv4,ziyadnz|hourly,2026-08-17T18:48:05Z,2026-08-17T18:48:05Z,
46.6.12.27,ipv4,malicious-ip,medium,WHITE,ziyadnz/hourly-ipv4,ziyadnz|hourly,2026-08-17T18:48:05Z,2026-08-17T18:48:05Z,
46.6.124.216,ipv4,malicious-ip,medium,WHITE,ziyadnz/hourly-ipv4,ziyadnz|hourly,2026-08-17T18:48:05Z,2026-08-17T18:48:05Z,
46.6.125.137,ipv4,malicious-ip,medium,WHITE,ziyadnz/hourly-ipv4,ziyadnz|hourly,2026-08-17T18:48:05Z,2026-08-17T18:48:05Z,
46.6.37.132,ipv4,malicious-ip,medium,WHITE,ziyadnz/hourly-ipv4,ziyadnz|hourly,2026-08-17T18:48:05Z,2026-08-17T18:48:05Z,
46.60.100.149,ipv4,malicious-ip,medium,WHITE,ziyadnz/hourly-ipv4,ziyadnz|hourly,2026-08-17T18:48:05Z,2026-08-17T18:48:05Z,
46.62.131.178,ipv4,malicious-ip,medium,WHITE,ziyadnz/hourly-ipv4,ziyadnz|hourly,2026-08-17T18:48:05Z,2026-08-17T18:48:05Z,
46.62.131.224,ipv4,malicious-ip,medium,WHITE,ziyadnz/hourly-ipv4,ziyadnz|hourly,2026-08-17T18:48:05Z,2026-08-17T18:48:05Z,
46.62.151.187,ipv4,malicious-ip,medium,WHITE,ziyadnz/hourly-ipv4,ziyadnz|hourly,2026-08-17T18:48:05Z,2026-08-17T18:48:05Z,
46.62.153.77,ipv4,malicious-ip,medium,WHITE,ziyadnz/hourly-ipv4,ziyadnz|hourly,2026-08-17T18:48:05Z,2026-08-17T18:48:05Z,
46.62.163.92,ipv4,malicious-ip,medium,WHITE,ziyadnz/hourly-ipv4,ziyadnz|hourly,2026-08-17T18:48:05Z,2026-08-17T18:48:05Z,
46.62.192.82,ipv4,malicious-ip,medium,WHITE,ziyadnz/hourly-ipv4,ziyadnz|hourly,2026-08-17T18:48:05Z,2026-08-17T18:48:05Z,
46.62.204.176,ipv4,malicious-ip,medium,WHITE,ziyadnz/hourly-ipv4,ziyadnz|hourly,2026-08-17T18:48:05Z,2026-08-17T18:48:05Z,
46.62.220.230,ipv4,malicious-ip,medium,WHITE,ziyadnz/hourly-ipv4,ziyadnz|hourly,2026-08-17T18:48:05Z,2026-08-17T18:48:05Z,
46.62.225.115,ipv4,malicious-ip,medium,WHITE,ziyadnz/hourly-ipv4,ziyadnz|hourly,2026-08-17T18:48:05Z,2026-08-17T18:48:05Z,
46.62.246.108,ipv4,malicious-ip,medium,WHITE,ziyadnz/hourly-ipv4,ziyadnz|hourly,2026-08-17T18:48:05Z,2026-08-17T18:48:05Z,
46.62.247.49,ipv4,malicious-ip,medium,WHITE,ziyadnz/hourly-ipv4,ziyadnz|hourly,2026-08-17T18:48:05Z,2026-08-17T18:48:05Z,
46.62.253.60,ipv4,malicious-ip,medium,WHITE,ziyadnz/hourly-ipv4,ziyadnz|hourly,2026-08-17T18:48:05Z,2026-08-17T18:48:05Z,
46.63.126.23,ipv4,malicious-ip,medium,WHITE,ziyadnz/hourly-ipv4,ziyadnz|hourly,2026-08-17T18:48:05Z,2026-08-17T18:48:05Z,
46.63.126.27,ipv4,malicious-ip,medium,WHITE,ziyadnz/hourly-ipv4,ziyadnz|hourly,2026-08-17T18:48:05Z,2026-08-17T18:48:05Z,
46.63.126.75,ipv4,malicious-ip,medium,WHITE,ziyadnz/hourly-ipv4,ziyadnz|hourly,2026-08-17T18:48:05Z,2026-08-17T18:48:05Z,
46.63.69.83,ipv4,malicious-ip,medium,WHITE,ziyadnz/hourly-ipv4,ziyadnz|hourly,2026-08-17T18:48:05Z,2026-08-17T18:48:05Z,
46.63.86.249,ipv4,malicious-ip,medium,WHITE,ziyadnz/hourly-ipv4,ziyadnz|hourly,2026-08-17T18:48:05Z,2026-08-17T18:48:05Z,
46.7.106.10,ipv4,malicious-ip,medium,WHITE,ziyadnz/hourly-ipv4,ziyadnz|hourly,2026-08-17T18:48:05Z,2026-08-17T18:48:05Z,
46.7.228.89,ipv4,malicious-ip,medium,WHITE,ziyadnz/hourly-ipv4,ziyadnz|hourly,2026-08-17T18:48:05Z,2026-08-17T18:48:05Z,
46.70.206.6,ipv4,malicious-ip,medium,WHITE,ziyadnz/hourly-ipv4,ziyadnz|hourly,2026-08-17T18:48:05Z,2026-08-17T18:48:05Z,
46.8.104.231,ipv4,malicious-ip,medium,WHITE,ziyadnz/hourly-ipv4,ziyadnz|hourly,2026-08-17T18:48:05Z,2026-08-17T18:48:05Z,
46.8.113.227,ipv4,malicious-ip,medium,WHITE,ziyadnz/hourly-ipv4,ziyadnz|hourly,2026-08-17T18:48:05Z,2026-08-17T18:48:05Z,
46.8.140.24,ipv4,malicious-ip,medium,WHITE,ziyadnz/hourly-ipv4,ziyadnz|hourly,2026-08-17T18:48:05Z,2026-08-17T18:48:05Z,
46.8.145.129,ipv4,malicious-ip,medium,WHITE,ziyadnz/hourly-ipv4,ziyadnz|hourly,2026-08-17T18:48:05Z,2026-08-17T18:48:05Z,
46.8.153.137,ipv4,malicious-ip,medium,WHITE,ziyadnz/hourly-ipv4,ziyadnz|hourly,2026-08-17T18:48:05Z,2026-08-17T18:48:05Z,
46.8.153.161,ipv4,malicious-ip,medium,WHITE,ziyadnz/hourly-ipv4,ziyadnz|hourly,2026-08-17T18:48:05Z,2026-08-17T18:48:05Z,
46.8.219.10,ipv4,malicious-ip,medium,WHITE,ziyadnz/hourly-ipv4,ziyadnz|hourly,2026-08-17T18:48:05Z,2026-08-17T18:48:05Z,
46.8.225.74,ipv4,malicious-ip,medium,WHITE,ziyadnz/hourly-ipv4,ziyadnz|hourly,2026-08-17T18:48:05Z,2026-08-17T18:48:05Z,
46.8.226.75,ipv4,malicious-ip,medium,WHITE,ziyadnz/hourly-ipv4,ziyadnz|hourly,2026-08-17T18:48:05Z,2026-08-17T18:48:05Z,
46.8.232.106,ipv4,malicious-ip,medium,WHITE,ziyadnz/hourly-ipv4,ziyadnz|hourly,2026-08-17T18:48:05Z,2026-08-17T18:48:05Z,
46.8.236.61,ipv4,malicious-ip,medium,WHITE,ziyadnz/hourly-ipv4,ziyadnz|hourly,2026-08-17T18:48:05Z,2026-08-17T18:48:05Z,
46.8.237.179,ipv4,malicious-ip,medium,WHITE,ziyadnz/hourly-ipv4,ziyadnz|hourly,2026-08-17T18:48:05Z,2026-08-17T18:48:05Z,
46.8.238.4,ipv4,malicious-ip,medium,WHITE,ziyadnz/hourly-ipv4,ziyadnz|hourly,2026-08-17T18:48:05Z,2026-08-17T18:48:05Z,
46.8.239.229,ipv4,malicious-ip,medium,WHITE,ziyadnz/hourly-ipv4,ziyadnz|hourly,2026-08-17T18:48:05Z,2026-08-17T18:48:05Z,
46.8.253.188,ipv4,malicious-ip,medium,WHITE,ziyadnz/hourly-ipv4,ziyadnz|hourly,2026-08-17T18:48:05Z,2026-08-17T18:48:05Z,
46.8.28.10,ipv4,malicious-ip,medium,WHITE,ziyadnz/hourly-ipv4,ziyadnz|hourly,2026-08-17T18:48:05Z,2026-08-17T18:48:05Z,
46.8.28.12,ipv4,malicious-ip,medium,WHITE,ziyadnz/hourly-ipv4,ziyadnz|hourly,2026-08-17T18:48:05Z,2026-08-17T18:48:05Z,
46.8.46.193,ipv4,malicious-ip,medium,WHITE,ziyadnz/hourly-ipv4,ziyadnz|hourly,2026-08-17T18:48:05Z,2026-08-17T18:48:05Z,
46.8.60.107,ipv4,malicious-ip,medium,WHITE,ziyadnz/hourly-ipv4,ziyadnz|hourly,2026-08-17T18:48:05Z,2026-08-17T18:48:05Z,
46.8.64.167,ipv4,malicious-ip,medium,WHITE,ziyadnz/hourly-ipv4,ziyadnz|hourly,2026-08-17T18:48:05Z,2026-08-17T18:48:05Z,
46.8.68.100,ipv4,malicious-ip,medium,WHITE,ziyadnz/hourly-ipv4,ziyadnz|hourly,2026-08-17T18:48:05Z,2026-08-17T18:48:05Z,
46.8.68.144,ipv4,malicious-ip,medium,WHITE,ziyadnz/hourly-ipv4,ziyadnz|hourly,2026-08-17T18:48:05Z,2026-08-17T18:48:05Z,
46.8.78.131,ipv4,malicious-ip,medium,WHITE,ziyadnz/hourly-ipv4,ziyadnz|hourly,2026-08-17T18:48:05Z,2026-08-17T18:48:05Z,
46.98.146.7,ipv4,malicious-ip,medium,WHITE,ziyadnz/hourly-ipv4,ziyadnz|hourly,2026-08-17T18:48:05Z,2026-08-17T18:48:05Z,
46.98.200.56,ipv4,malicious-ip,medium,WHITE,ziyadnz/hourly-ipv4,ziyadnz|hourly,2026-08-17T18:48:05Z,2026-08-17T18:48:05Z,
46.98.201.112,ipv4,malicious-ip,medium,WHITE,ziyadnz/hourly-ipv4,ziyadnz|hourly,2026-08-17T18:48:05Z,2026-08-17T18:48:05Z,
46.98.61.26,ipv4,malicious-ip,medium,WHITE,ziyadnz/hourly-ipv4,ziyadnz|hourly,2026-08-17T18:48:05Z,2026-08-17T18:48:05Z,
46.98.87.183,ipv4,malicious-ip,medium,WHITE,ziyadnz/hourly-ipv4,ziyadnz|hourly,2026-08-17T18:48:05Z,2026-08-17T18:48:05Z,
46.99.136.186,ipv4,malicious-ip,medium,WHITE,ziyadnz/hourly-ipv4,ziyadnz|hourly,2026-08-17T18:48:05Z,2026-08-17T18:48:05Z,
46.99.138.230,ipv4,malicious-ip,medium,WHITE,ziyadnz/hourly-ipv4,ziyadnz|hourly,2026-08-17T18:48:05Z,2026-08-17T18:48:05Z,
46.99.151.73,ipv4,malicious-ip,medium,WHITE,ziyadnz/hourly-ipv4,ziyadnz|hourly,2026-08-17T18:48:05Z,2026-08-17T18:48:05Z,
46.99.156.191,ipv4,malicious-ip,medium,WHITE,ziyadnz/hourly-ipv4,ziyadnz|hourly,2026-08-17T18:48:05Z,2026-08-17T18:48:05Z,
46.99.157.15,ipv4,malicious-ip,medium,WHITE,ziyadnz/hourly-ipv4,ziyadnz|hourly,2026-08-17T18:48:05Z,2026-08-17T18:48:05Z,
46.99.157.220,ipv4,malicious-ip,medium,WHITE,ziyadnz/hourly-ipv4,ziyadnz|hourly,2026-08-17T18:48:05Z,2026-08-17T18:48:05Z,
47.100.190.96,ipv4,malicious-ip,medium,WHITE,ziyadnz/hourly-ipv4,ziyadnz|hourly,2026-08-17T18:48:05Z,2026-08-17T18:48:05Z,
47.100.201.178,ipv4,malicious-ip,medium,WHITE,ziyadnz/hourly-ipv4,ziyadnz|hourly,2026-08-17T18:48:05Z,2026-08-17T18:48:05Z,
47.100.4.222,ipv4,malicious-ip,medium,WHITE,ziyadnz/hourly-ipv4,ziyadnz|hourly,2026-08-17T18:48:05Z,2026-08-17T18:48:05Z,
47.100.65.182,ipv4,malicious-ip,medium,WHITE,ziyadnz/hourly-ipv4,ziyadnz|hourly,2026-08-17T18:48:05Z,2026-08-17T18:48:05Z,
47.101.133.170,ipv4,malicious-ip,medium,WHITE,ziyadnz/hourly-ipv4,ziyadnz|hourly,2026-08-17T18:48:05Z,2026-08-17T18:48:05Z,
47.101.137.46,ipv4,malicious-ip,medium,WHITE,ziyadnz/hourly-ipv4,ziyadnz|hourly,2026-08-17T18:48:05Z,2026-08-17T18:48:05Z,
47.101.173.220,ipv4,malicious-ip,medium,WHITE,ziyadnz/hourly-ipv4,ziyadnz|hourly,2026-08-17T18:48:05Z,2026-08-17T18:48:05Z,
47.101.206.31,ipv4,malicious-ip,medium,WHITE,ziyadnz/hourly-ipv4,ziyadnz|hourly,2026-08-17T18:48:05Z,2026-08-17T18:48:05Z,
47.101.30.124,ipv4,malicious-ip,medium,WHITE,ziyadnz/hourly-ipv4,ziyadnz|hourly,2026-08-17T18:48:05Z,2026-08-17T18:48:05Z,
47.101.55.150,ipv4,malicious-ip,medium,WHITE,ziyadnz/hourly-ipv4,ziyadnz|hourly,2026-08-17T18:48:05Z,2026-08-17T18:48:05Z,
47.102.100.45,ipv4,malicious-ip,medium,WHITE,ziyadnz/hourly-ipv4,ziyadnz|hourly,2026-08-17T18:48:05Z,2026-08-17T18:48:05Z,
47.102.107.147,ipv4,malicious-ip,medium,WHITE,ziyadnz/hourly-ipv4,ziyadnz|hourly,2026-08-17T18:48:05Z,2026-08-17T18:48:05Z,
47.102.108.113,ipv4,malicious-ip,medium,WHITE,ziyadnz/hourly-ipv4,ziyadnz|hourly,2026-08-17T18:48:05Z,2026-08-17T18:48:05Z,
47.102.139.156,ipv4,malicious-ip,medium,WHITE,ziyadnz/hourly-ipv4,ziyadnz|hourly,2026-08-17T18:48:05Z,2026-08-17T18:48:05Z,
47.102.213.58,ipv4,malicious-ip,medium,WHITE,ziyadnz/hourly-ipv4,ziyadnz|hourly,2026-08-17T18:48:05Z,2026-08-17T18:48:05Z,
47.102.251.102,ipv4,malicious-ip,medium,WHITE,ziyadnz/hourly-ipv4,ziyadnz|hourly,2026-08-17T18:48:05Z,2026-08-17T18:48:05Z,
47.102.39.92,ipv4,malicious-ip,medium,WHITE,ziyadnz/hourly-ipv4,ziyadnz|hourly,2026-08-17T18:48:05Z,2026-08-17T18:48:05Z,
47.103.101.188,ipv4,malicious-ip,medium,WHITE,ziyadnz/hourly-ipv4,ziyadnz|hourly,2026-08-17T18:48:05Z,2026-08-17T18:48:05Z,
47.103.197.73,ipv4,malicious-ip,medium,WHITE,ziyadnz/hourly-ipv4,ziyadnz|hourly,2026-08-17T18:48:05Z,2026-08-17T18:48:05Z,
47.103.2.53,ipv4,malicious-ip,medium,WHITE,ziyadnz/hourly-ipv4,ziyadnz|hourly,2026-08-17T18:48:05Z,2026-08-17T18:48:05Z,
47.103.218.35,ipv4,malicious-ip,medium,WHITE,ziyadnz/hourly-ipv4,ziyadnz|hourly,2026-08-17T18:48:05Z,2026-08-17T18:48:05Z,
47.104.1.173,ipv4,malicious-ip,medium,WHITE,ziyadnz/hourly-ipv4,ziyadnz|hourly,2026-08-17T18:48:05Z,2026-08-17T18:48:05Z,
47.104.138.190,ipv4,malicious-ip,medium,WHITE,ziyadnz/hourly-ipv4,ziyadnz|hourly,2026-08-17T18:48:05Z,2026-08-17T18:48:05Z,
47.104.163.51,ipv4,malicious-ip,medium,WHITE,ziyadnz/hourly-ipv4,ziyadnz|hourly,2026-08-17T18:48:05Z,2026-08-17T18:48:05Z,
47.104.176.176,ipv4,malicious-ip,medium,WHITE,ziyadnz/hourly-ipv4,ziyadnz|hourly,2026-08-17T18:48:05Z,2026-08-17T18:48:05Z,
47.104.241.152,ipv4,malicious-ip,medium,WHITE,ziyadnz/hourly-ipv4,ziyadnz|hourly,2026-08-17T18:48:05Z,2026-08-17T18:48:05Z,
47.104.3.112,ipv4,malicious-ip,medium,WHITE,ziyadnz/hourly-ipv4,ziyadnz|hourly,2026-08-17T18:48:05Z,2026-08-17T18:48:05Z,
47.104.64.192,ipv4,malicious-ip,medium,WHITE,ziyadnz/hourly-ipv4,ziyadnz|hourly,2026-08-17T18:48:05Z,2026-08-17T18:48:05Z,
47.104.78.65,ipv4,malicious-ip,medium,WHITE,ziyadnz/hourly-ipv4,ziyadnz|hourly,2026-08-17T18:48:05Z,2026-08-17T18:48:05Z,
47.105.110.107,ipv4,malicious-ip,medium,WHITE,ziyadnz/hourly-ipv4,ziyadnz|hourly,2026-08-17T18:48:05Z,2026-08-17T18:48:05Z,
47.105.60.177,ipv4,malicious-ip,medium,WHITE,ziyadnz/hourly-ipv4,ziyadnz|hourly,2026-08-17T18:48:05Z,2026-08-17T18:48:05Z,
47.105.66.216,ipv4,malicious-ip,medium,WHITE,ziyadnz/hourly-ipv4,ziyadnz|hourly,2026-08-17T18:48:05Z,2026-08-17T18:48:05Z,
47.105.74.195,ipv4,malicious-ip,medium,WHITE,ziyadnz/hourly-ipv4,ziyadnz|hourly,2026-08-17T18:48:05Z,2026-08-17T18:48:05Z,
47.105.85.123,ipv4,malicious-ip,medium,WHITE,ziyadnz/hourly-ipv4,ziyadnz|hourly,2026-08-17T18:48:05Z,2026-08-17T18:48:05Z,
47.106.154.189,ipv4,malicious-ip,medium,WHITE,ziyadnz/hourly-ipv4,ziyadnz|hourly,2026-08-17T18:48:05Z,2026-08-17T18:48:05Z,
47.106.203.83,ipv4,malicious-ip,medium,WHITE,ziyadnz/hourly-ipv4,ziyadnz|hourly,2026-08-17T18:48:05Z,2026-08-17T18:48:05Z,
47.106.224.107,ipv4,malicious-ip,medium,WHITE,ziyadnz/hourly-ipv4,ziyadnz|hourly,2026-08-17T18:48:05Z,2026-08-17T18:48:05Z,
47.106.252.152,ipv4,malicious-ip,medium,WHITE,ziyadnz/hourly-ipv4,ziyadnz|hourly,2026-08-17T18:48:05Z,2026-08-17T18:48:05Z,
47.107.102.95,ipv4,malicious-ip,medium,WHITE,ziyadnz/hourly-ipv4,ziyadnz|hourly,2026-08-17T18:48:05Z,2026-08-17T18:48:05Z,
47.107.116.200,ipv4,malicious-ip,medium,WHITE,ziyadnz/hourly-ipv4,ziyadnz|hourly,2026-08-17T18:48:05Z,2026-08-17T18:48:05Z,
47.107.125.120,ipv4,malicious-ip,medium,WHITE,ziyadnz/hourly-ipv4,ziyadnz|hourly,2026-08-17T18:48:05Z,2026-08-17T18:48:05Z,
47.107.134.27,ipv4,malicious-ip,medium,WHITE,ziyadnz/hourly-ipv4,ziyadnz|hourly,2026-08-17T18:48:05Z,2026-08-17T18:48:05Z,
47.107.140.165,ipv4,malicious-ip,medium,WHITE,ziyadnz/hourly-ipv4,ziyadnz|hourly,2026-08-17T18:48:05Z,2026-08-17T18:48:05Z,
47.107.142.248,ipv4,malicious-ip,medium,WHITE,ziyadnz/hourly-ipv4,ziyadnz|hourly,2026-08-17T18:48:05Z,2026-08-17T18:48:05Z,
47.107.224.89,ipv4,malicious-ip,medium,WHITE,ziyadnz/hourly-ipv4,ziyadnz|hourly,2026-08-17T18:48:05Z,2026-08-17T18:48:05Z,
47.108.162.218,ipv4,malicious-ip,medium,WHITE,ziyadnz/hourly-ipv4,ziyadnz|hourly,2026-08-17T18:48:05Z,2026-08-17T18:48:05Z,
47.108.30.155,ipv4,malicious-ip,medium,WHITE,ziyadnz/hourly-ipv4,ziyadnz|hourly,2026-08-17T18:48:05Z,2026-08-17T18:48:05Z,
47.108.57.84,ipv4,malicious-ip,medium,WHITE,ziyadnz/hourly-ipv4,ziyadnz|hourly,2026-08-17T18:48:05Z,2026-08-17T18:48:05Z,
47.108.68.187,ipv4,malicious-ip,medium,WHITE,ziyadnz/hourly-ipv4,ziyadnz|hourly,2026-08-17T18:48:05Z,2026-08-17T18:48:05Z,
47.109.134.2,ipv4,malicious-ip,medium,WHITE,ziyadnz/hourly-ipv4,ziyadnz|hourly,2026-08-17T18:48:05Z,2026-08-17T18:48:05Z,
47.109.18.33,ipv4,malicious-ip,medium,WHITE,ziyadnz/hourly-ipv4,ziyadnz|hourly,2026-08-17T18:48:05Z,2026-08-17T18:48:05Z,
47.109.203.159,ipv4,malicious-ip,medium,WHITE,ziyadnz/hourly-ipv4,ziyadnz|hourly,2026-08-17T18:48:05Z,2026-08-17T18:48:05Z,
47.109.34.3,ipv4,malicious-ip,medium,WHITE,ziyadnz/hourly-ipv4,ziyadnz|hourly,2026-08-17T18:48:05Z,2026-08-17T18:48:05Z,
47.109.80.198,ipv4,malicious-ip,medium,WHITE,ziyadnz/hourly-ipv4,ziyadnz|hourly,2026-08-17T18:48:05Z,2026-08-17T18:48:05Z,
47.109.91.215,ipv4,malicious-ip,medium,WHITE,ziyadnz/hourly-ipv4,ziyadnz|hourly,2026-08-17T18:48:05Z,2026-08-17T18:48:05Z,
47.11.103.197,ipv4,malicious-ip,medium,WHITE,ziyadnz/hourly-ipv4,ziyadnz|hourly,2026-08-17T18:48:05Z,2026-08-17T18:48:05Z,
47.11.119.32,ipv4,malicious-ip,medium,WHITE,ziyadnz/hourly-ipv4,ziyadnz|hourly,2026-08-17T18:48:05Z,2026-08-17T18:48:05Z,
47.11.42.240,ipv4,malicious-ip,medium,WHITE,ziyadnz/hourly-ipv4,ziyadnz|hourly,2026-08-17T18:48:05Z,2026-08-17T18:48:05Z,
47.11.43.179,ipv4,malicious-ip,medium,WHITE,ziyadnz/hourly-ipv4,ziyadnz|hourly,2026-08-17T18:48:05Z,2026-08-17T18:48:05Z,
47.110.129.37,ipv4,malicious-ip,medium,WHITE,ziyadnz/hourly-ipv4,ziyadnz|hourly,2026-08-17T18:48:05Z,2026-08-17T18:48:05Z,
47.110.136.174,ipv4,malicious-ip,medium,WHITE,ziyadnz/hourly-ipv4,ziyadnz|hourly,2026-08-17T18:48:05Z,2026-08-17T18:48:05Z,
47.110.137.139,ipv4,malicious-ip,medium,WHITE,ziyadnz/hourly-ipv4,ziyadnz|hourly,2026-08-17T18:48:05Z,2026-08-17T18:48:05Z,
47.110.155.130,ipv4,malicious-ip,medium,WHITE,ziyadnz/hourly-ipv4,ziyadnz|hourly,2026-08-17T18:48:05Z,2026-08-17T18:48:05Z,
47.110.159.6,ipv4,malicious-ip,medium,WHITE,ziyadnz/hourly-ipv4,ziyadnz|hourly,2026-08-17T18:48:05Z,2026-08-17T18:48:05Z,
47.110.190.245,ipv4,malicious-ip,medium,WHITE,ziyadnz/hourly-ipv4,ziyadnz|hourly,2026-08-17T18:48:05Z,2026-08-17T18:48:05Z,
47.110.199.70,ipv4,malicious-ip,medium,WHITE,ziyadnz/hourly-ipv4,ziyadnz|hourly,2026-08-17T18:48:05Z,2026-08-17T18:48:05Z,
47.110.237.190,ipv4,malicious-ip,medium,WHITE,ziyadnz/hourly-ipv4,ziyadnz|hourly,2026-08-17T18:48:05Z,2026-08-17T18:48:05Z,
47.110.87.234,ipv4,malicious-ip,medium,WHITE,ziyadnz/hourly-ipv4,ziyadnz|hourly,2026-08-17T18:48:05Z,2026-08-17T18:48:05Z,
47.111.109.89,ipv4,malicious-ip,medium,WHITE,ziyadnz/hourly-ipv4,ziyadnz|hourly,2026-08-17T18:48:05Z,2026-08-17T18:48:05Z,
47.111.13.100,ipv4,malicious-ip,medium,WHITE,ziyadnz/hourly-ipv4,ziyadnz|hourly,2026-08-17T18:48:05Z,2026-08-17T18:48:05Z,
47.111.234.74,ipv4,malicious-ip,medium,WHITE,ziyadnz/hourly-ipv4,ziyadnz|hourly,2026-08-17T18:48:05Z,2026-08-17T18:48:05Z,
47.112.121.84,ipv4,malicious-ip,medium,WHITE,ziyadnz/hourly-ipv4,ziyadnz|hourly,2026-08-17T18:48:05Z,2026-08-17T18:48:05Z,
47.112.137.199,ipv4,malicious-ip,medium,WHITE,ziyadnz/hourly-ipv4,ziyadnz|hourly,2026-08-17T18:48:05Z,2026-08-17T18:48:05Z,
47.112.14.15,ipv4,malicious-ip,medium,WHITE,ziyadnz/hourly-ipv4,ziyadnz|hourly,2026-08-17T18:48:05Z,2026-08-17T18:48:05Z,
47.112.16.89,ipv4,malicious-ip,medium,WHITE,ziyadnz/hourly-ipv4,ziyadnz|hourly,2026-08-17T18:48:05Z,2026-08-17T18:48:05Z,
47.112.190.24,ipv4,malicious-ip,medium,WHITE,ziyadnz/hourly-ipv4,ziyadnz|hourly,2026-08-17T18:48:05Z,2026-08-17T18:48:05Z,
47.112.205.17,ipv4,malicious-ip,medium,WHITE,ziyadnz/hourly-ipv4,ziyadnz|hourly,2026-08-17T18:48:05Z,2026-08-17T18:48:05Z,
47.112.97.49,ipv4,malicious-ip,medium,WHITE,ziyadnz/hourly-ipv4,ziyadnz|hourly,2026-08-17T18:48:05Z,2026-08-17T18:48:05Z,
47.113.100.24,ipv4,malicious-ip,medium,WHITE,ziyadnz/hourly-ipv4,ziyadnz|hourly,2026-08-17T18:48:05Z,2026-08-17T18:48:05Z,
47.113.107.234,ipv4,malicious-ip,medium,WHITE,ziyadnz/hourly-ipv4,ziyadnz|hourly,2026-08-17T18:48:05Z,2026-08-17T18:48:05Z,
47.113.113.162,ipv4,malicious-ip,medium,WHITE,ziyadnz/hourly-ipv4,ziyadnz|hourly,2026-08-17T18:48:05Z,2026-08-17T18:48:05Z,
47.113.200.18,ipv4,malicious-ip,medium,WHITE,ziyadnz/hourly-ipv4,ziyadnz|hourly,2026-08-17T18:48:05Z,2026-08-17T18:48:05Z,
47.113.205.91,ipv4,malicious-ip,medium,WHITE,ziyadnz/hourly-ipv4,ziyadnz|hourly,2026-08-17T18:48:05Z,2026-08-17T18:48:05Z,
47.113.217.218,ipv4,malicious-ip,medium,WHITE,ziyadnz/hourly-ipv4,ziyadnz|hourly,2026-08-17T18:48:05Z,2026-08-17T18:48:05Z,
47.113.222.96,ipv4,malicious-ip,medium,WHITE,ziyadnz/hourly-ipv4,ziyadnz|hourly,2026-08-17T18:48:05Z,2026-08-17T18:48:05Z,
47.113.231.112,ipv4,malicious-ip,medium,WHITE,ziyadnz/hourly-ipv4,ziyadnz|hourly,2026-08-17T18:48:05Z,2026-08-17T18:48:05Z,
47.114.101.203,ipv4,malicious-ip,medium,WHITE,ziyadnz/hourly-ipv4,ziyadnz|hourly,2026-08-17T18:48:05Z,2026-08-17T18:48:05Z,
47.114.107.233,ipv4,malicious-ip,medium,WHITE,ziyadnz/hourly-ipv4,ziyadnz|hourly,2026-08-17T18:48:05Z,2026-08-17T18:48:05Z,
47.114.122.127,ipv4,malicious-ip,medium,WHITE,ziyadnz/hourly-ipv4,ziyadnz|hourly,2026-08-17T18:48:05Z,2026-08-17T18:48:05Z,
47.114.57.2,ipv4,malicious-ip,medium,WHITE,ziyadnz/hourly-ipv4,ziyadnz|hourly,2026-08-17T18:48:05Z,2026-08-17T18:48:05Z,
47.114.58.146,ipv4,malicious-ip,medium,WHITE,ziyadnz/hourly-ipv4,ziyadnz|hourly,2026-08-17T18:48:05Z,2026-08-17T18:48:05Z,
47.114.87.90,ipv4,malicious-ip,medium,WHITE,ziyadnz/hourly-ipv4,ziyadnz|hourly,2026-08-17T18:48:05Z,2026-08-17T18:48:05Z,
47.115.209.82,ipv4,malicious-ip,medium,WHITE,ziyadnz/hourly-ipv4,ziyadnz|hourly,2026-08-17T18:48:05Z,2026-08-17T18:48:05Z,
47.115.221.201,ipv4,malicious-ip,medium,WHITE,ziyadnz/hourly-ipv4,ziyadnz|hourly,2026-08-17T18:48:05Z,2026-08-17T18:48:05Z,
47.115.229.129,ipv4,malicious-ip,medium,WHITE,ziyadnz/hourly-ipv4,ziyadnz|hourly,2026-08-17T18:48:05Z,2026-08-17T18:48:05Z,
47.115.230.206,ipv4,malicious-ip,medium,WHITE,ziyadnz/hourly-ipv4,ziyadnz|hourly,2026-08-17T18:48:05Z,2026-08-17T18:48:05Z,
47.115.50.215,ipv4,malicious-ip,medium,WHITE,ziyadnz/hourly-ipv4,ziyadnz|hourly,2026-08-17T18:48:05Z,2026-08-17T18:48:05Z,
47.115.52.72,ipv4,malicious-ip,medium,WHITE,ziyadnz/hourly-ipv4,ziyadnz|hourly,2026-08-17T18:48:05Z,2026-08-17T18:48:05Z,
47.115.59.248,ipv4,malicious-ip,medium,WHITE,ziyadnz/hourly-ipv4,ziyadnz|hourly,2026-08-17T18:48:05Z,2026-08-17T18:48:05Z,
47.115.92.162,ipv4,malicious-ip,medium,WHITE,ziyadnz/hourly-ipv4,ziyadnz|hourly,2026-08-17T18:48:05Z,2026-08-17T18:48:05Z,
47.116.125.38,ipv4,malicious-ip,medium,WHITE,ziyadnz/hourly-ipv4,ziyadnz|hourly,2026-08-17T18:48:05Z,2026-08-17T18:48:05Z,
47.116.178.227,ipv4,malicious-ip,medium,WHITE,ziyadnz/hourly-ipv4,ziyadnz|hourly,2026-08-17T18:48:05Z,2026-08-17T18:48:05Z,
47.116.217.129,ipv4,malicious-ip,medium,WHITE,ziyadnz/hourly-ipv4,ziyadnz|hourly,2026-08-17T18:48:05Z,2026-08-17T18:48:05Z,
47.116.27.146,ipv4,malicious-ip,medium,WHITE,ziyadnz/hourly-ipv4,ziyadnz|hourly,2026-08-17T18:48:05Z,2026-08-17T18:48:05Z,
47.116.44.56,ipv4,malicious-ip,medium,WHITE,ziyadnz/hourly-ipv4,ziyadnz|hourly,2026-08-17T18:48:05Z,2026-08-17T18:48:05Z,
47.117.165.166,ipv4,malicious-ip,medium,WHITE,ziyadnz/hourly-ipv4,ziyadnz|hourly,2026-08-17T18:48:05Z,2026-08-17T18:48:05Z,
47.118.30.153,ipv4,malicious-ip,medium,WHITE,ziyadnz/hourly-ipv4,ziyadnz|hourly,2026-08-17T18:48:05Z,2026-08-17T18:48:05Z,
47.119.171.161,ipv4,malicious-ip,medium,WHITE,ziyadnz/hourly-ipv4,ziyadnz|hourly,2026-08-17T18:48:05Z,2026-08-17T18:48:05Z,
47.119.24.67,ipv4,malicious-ip,medium,WHITE,ziyadnz/hourly-ipv4,ziyadnz|hourly,2026-08-17T18:48:05Z,2026-08-17T18:48:05Z,
47.119.26.126,ipv4,malicious-ip,medium,WHITE,ziyadnz/hourly-ipv4,ziyadnz|hourly,2026-08-17T18:48:05Z,2026-08-17T18:48:05Z,
47.120.26.188,ipv4,malicious-ip,medium,WHITE,ziyadnz/hourly-ipv4,ziyadnz|hourly,2026-08-17T18:48:05Z,2026-08-17T18:48:05Z,
47.120.62.60,ipv4,malicious-ip,medium,WHITE,ziyadnz/hourly-ipv4,ziyadnz|hourly,2026-08-17T18:48:05Z,2026-08-17T18:48:05Z,
47.121.138.211,ipv4,malicious-ip,medium,WHITE,ziyadnz/hourly-ipv4,ziyadnz|hourly,2026-08-17T18:48:05Z,2026-08-17T18:48:05Z,
47.121.181.175,ipv4,malicious-ip,medium,WHITE,ziyadnz/hourly-ipv4,ziyadnz|hourly,2026-08-17T18:48:05Z,2026-08-17T18:48:05Z,
47.121.184.138,ipv4,malicious-ip,medium,WHITE,ziyadnz/hourly-ipv4,ziyadnz|hourly,2026-08-17T18:48:05Z,2026-08-17T18:48:05Z,
47.121.185.1,ipv4,malicious-ip,medium,WHITE,ziyadnz/hourly-ipv4,ziyadnz|hourly,2026-08-17T18:48:05Z,2026-08-17T18:48:05Z,
47.121.210.129,ipv4,malicious-ip,medium,WHITE,ziyadnz/hourly-ipv4,ziyadnz|hourly,2026-08-17T18:48:05Z,2026-08-17T18:48:05Z,
47.121.28.46,ipv4,malicious-ip,medium,WHITE,ziyadnz/hourly-ipv4,ziyadnz|hourly,2026-08-17T18:48:05Z,2026-08-17T18:48:05Z,
47.128.110.72,ipv4,malicious-ip,medium,WHITE,ziyadnz/hourly-ipv4,ziyadnz|hourly,2026-08-17T18:48:05Z,2026-08-17T18:48:05Z,
47.128.111.103,ipv4,malicious-ip,medium,WHITE,ziyadnz/hourly-ipv4,ziyadnz|hourly,2026-08-17T18:48:05Z,2026-08-17T18:48:05Z,
47.128.111.126,ipv4,malicious-ip,medium,WHITE,ziyadnz/hourly-ipv4,ziyadnz|hourly,2026-08-17T18:48:05Z,2026-08-17T18:48:05Z,
47.128.112.200,ipv4,malicious-ip,medium,WHITE,ziyadnz/hourly-ipv4,ziyadnz|hourly,2026-08-17T18:48:05Z,2026-08-17T18:48:05Z,
47.128.112.209,ipv4,malicious-ip,medium,WHITE,ziyadnz/hourly-ipv4,ziyadnz|hourly,2026-08-17T18:48:05Z,2026-08-17T18:48:05Z,
47.128.112.244,ipv4,malicious-ip,medium,WHITE,ziyadnz/hourly-ipv4,ziyadnz|hourly,2026-08-17T18:48:05Z,2026-08-17T18:48:05Z,
47.128.112.52,ipv4,malicious-ip,medium,WHITE,ziyadnz/hourly-ipv4,ziyadnz|hourly,2026-08-17T18:48:05Z,2026-08-17T18:48:05Z,
47.128.120.165,ipv4,malicious-ip,medium,WHITE,ziyadnz/hourly-ipv4,ziyadnz|hourly,2026-08-17T18:48:05Z,2026-08-17T18:48:05Z,
47.128.121.175,ipv4,malicious-ip,medium,WHITE,ziyadnz/hourly-ipv4,ziyadnz|hourly,2026-08-17T18:48:05Z,2026-08-17T18:48:05Z,
47.128.121.182,ipv4,malicious-ip,medium,WHITE,ziyadnz/hourly-ipv4,ziyadnz|hourly,2026-08-17T18:48:05Z,2026-08-17T18:48:05Z,
47.128.121.184,ipv4,malicious-ip,medium,WHITE,ziyadnz/hourly-ipv4,ziyadnz|hourly,2026-08-17T18:48:05Z,2026-08-17T18:48:05Z,
47.128.121.59,ipv4,malicious-ip,medium,WHITE,ziyadnz/hourly-ipv4,ziyadnz|hourly,2026-08-17T18:48:05Z,2026-08-17T18:48:05Z,
47.128.122.12,ipv4,malicious-ip,medium,WHITE,ziyadnz/hourly-ipv4,ziyadnz|hourly,2026-08-17T18:48:05Z,2026-08-17T18:48:05Z,
47.128.122.122,ipv4,malicious-ip,medium,WHITE,ziyadnz/hourly-ipv4,ziyadnz|hourly,2026-08-17T18:48:05Z,2026-08-17T18:48:05Z,
47.128.122.127,ipv4,malicious-ip,medium,WHITE,ziyadnz/hourly-ipv4,ziyadnz|hourly,2026-08-17T18:48:05Z,2026-08-17T18:48:05Z,
47.128.122.133,ipv4,malicious-ip,medium,WHITE,ziyadnz/hourly-ipv4,ziyadnz|hourly,2026-08-17T18:48:05Z,2026-08-17T18:48:05Z,
47.128.235.213,ipv4,malicious-ip,medium,WHITE,ziyadnz/hourly-ipv4,ziyadnz|hourly,2026-08-17T18:48:05Z,2026-08-17T18:48:05Z,
47.130.48.168,ipv4,malicious-ip,medium,WHITE,ziyadnz/hourly-ipv4,ziyadnz|hourly,2026-08-17T18:48:05Z,2026-08-17T18:48:05Z,
47.131.48.44,ipv4,malicious-ip,medium,WHITE,ziyadnz/hourly-ipv4,ziyadnz|hourly,2026-08-17T18:48:05Z,2026-08-17T18:48:05Z,
47.132.187.45,ipv4,malicious-ip,medium,WHITE,ziyadnz/hourly-ipv4,ziyadnz|hourly,2026-08-17T18:48:05Z,2026-08-17T18:48:05Z,
47.132.74.120,ipv4,malicious-ip,medium,WHITE,ziyadnz/hourly-ipv4,ziyadnz|hourly,2026-08-17T18:48:05Z,2026-08-17T18:48:05Z,
47.134.26.200,ipv4,malicious-ip,medium,WHITE,ziyadnz/hourly-ipv4,ziyadnz|hourly,2026-08-17T18:48:05Z,2026-08-17T18:48:05Z,
47.14.232.232,ipv4,malicious-ip,medium,WHITE,ziyadnz/hourly-ipv4,ziyadnz|hourly,2026-08-17T18:48:05Z,2026-08-17T18:48:05Z,
47.14.243.207,ipv4,malicious-ip,medium,WHITE,ziyadnz/hourly-ipv4,ziyadnz|hourly,2026-08-17T18:48:05Z,2026-08-17T18:48:05Z,
47.141.13.214,ipv4,malicious-ip,medium,WHITE,ziyadnz/hourly-ipv4,ziyadnz|hourly,2026-08-17T18:48:05Z,2026-08-17T18:48:05Z,
47.143.19.164,ipv4,malicious-ip,medium,WHITE,ziyadnz/hourly-ipv4,ziyadnz|hourly,2026-08-17T18:48:05Z,2026-08-17T18:48:05Z,
47.143.208.202,ipv4,malicious-ip,medium,WHITE,ziyadnz/hourly-ipv4,ziyadnz|hourly,2026-08-17T18:48:05Z,2026-08-17T18:48:05Z,
47.144.193.3,ipv4,malicious-ip,medium,WHITE,ziyadnz/hourly-ipv4,ziyadnz|hourly,2026-08-17T18:48:05Z,2026-08-17T18:48:05Z,
47.145.130.171,ipv4,malicious-ip,medium,WHITE,ziyadnz/hourly-ipv4,ziyadnz|hourly,2026-08-17T18:48:05Z,2026-08-17T18:48:05Z,
47.145.59.136,ipv4,malicious-ip,medium,WHITE,ziyadnz/hourly-ipv4,ziyadnz|hourly,2026-08-17T18:48:05Z,2026-08-17T18:48:05Z,
47.145.62.32,ipv4,malicious-ip,medium,WHITE,ziyadnz/hourly-ipv4,ziyadnz|hourly,2026-08-17T18:48:05Z,2026-08-17T18:48:05Z,
47.146.24.253,ipv4,malicious-ip,medium,WHITE,ziyadnz/hourly-ipv4,ziyadnz|hourly,2026-08-17T18:48:05Z,2026-08-17T18:48:05Z,
47.147.20.21,ipv4,malicious-ip,medium,WHITE,ziyadnz/hourly-ipv4,ziyadnz|hourly,2026-08-17T18:48:05Z,2026-08-17T18:48:05Z,
47.149.246.21,ipv4,malicious-ip,medium,WHITE,ziyadnz/hourly-ipv4,ziyadnz|hourly,2026-08-17T18:48:05Z,2026-08-17T18:48:05Z,
47.15.118.31,ipv4,malicious-ip,medium,WHITE,ziyadnz/hourly-ipv4,ziyadnz|hourly,2026-08-17T18:48:05Z,2026-08-17T18:48:05Z,
47.15.227.228,ipv4,malicious-ip,medium,WHITE,ziyadnz/hourly-ipv4,ziyadnz|hourly,2026-08-17T18:48:05Z,2026-08-17T18:48:05Z,
47.15.230.225,ipv4,malicious-ip,medium,WHITE,ziyadnz/hourly-ipv4,ziyadnz|hourly,2026-08-17T18:48:05Z,2026-08-17T18:48:05Z,
47.15.238.108,ipv4,malicious-ip,medium,WHITE,ziyadnz/hourly-ipv4,ziyadnz|hourly,2026-08-17T18:48:05Z,2026-08-17T18:48:05Z,
47.15.25.2,ipv4,malicious-ip,medium,WHITE,ziyadnz/hourly-ipv4,ziyadnz|hourly,2026-08-17T18:48:05Z,2026-08-17T18:48:05Z,
47.15.27.51,ipv4,malicious-ip,medium,WHITE,ziyadnz/hourly-ipv4,ziyadnz|hourly,2026-08-17T18:48:05Z,2026-08-17T18:48:05Z,
47.154.38.11,ipv4,malicious-ip,medium,WHITE,ziyadnz/hourly-ipv4,ziyadnz|hourly,2026-08-17T18:48:05Z,2026-08-17T18:48:05Z,
47.156.129.52,ipv4,malicious-ip,medium,WHITE,ziyadnz/hourly-ipv4,ziyadnz|hourly,2026-08-17T18:48:05Z,2026-08-17T18:48:05Z,
47.158.127.106,ipv4,malicious-ip,medium,WHITE,ziyadnz/hourly-ipv4,ziyadnz|hourly,2026-08-17T18:48:05Z,2026-08-17T18:48:05Z,
47.159.179.48,ipv4,malicious-ip,medium,WHITE,ziyadnz/hourly-ipv4,ziyadnz|hourly,2026-08-17T18:48:05Z,2026-08-17T18:48:05Z,
47.159.70.157,ipv4,malicious-ip,medium,WHITE,ziyadnz/hourly-ipv4,ziyadnz|hourly,2026-08-17T18:48:05Z,2026-08-17T18:48:05Z,
47.16.106.54,ipv4,malicious-ip,medium,WHITE,ziyadnz/hourly-ipv4,ziyadnz|hourly,2026-08-17T18:48:05Z,2026-08-17T18:48:05Z,
47.16.109.34,ipv4,malicious-ip,medium,WHITE,ziyadnz/hourly-ipv4,ziyadnz|hourly,2026-08-17T18:48:05Z,2026-08-17T18:48:05Z,
47.160.209.223,ipv4,malicious-ip,medium,WHITE,ziyadnz/hourly-ipv4,ziyadnz|hourly,2026-08-17T18:48:05Z,2026-08-17T18:48:05Z,
47.162.111.57,ipv4,malicious-ip,medium,WHITE,ziyadnz/hourly-ipv4,ziyadnz|hourly,2026-08-17T18:48:05Z,2026-08-17T18:48:05Z,
47.163.22.72,ipv4,malicious-ip,medium,WHITE,ziyadnz/hourly-ipv4,ziyadnz|hourly,2026-08-17T18:48:05Z,2026-08-17T18:48:05Z,
47.164.228.136,ipv4,malicious-ip,medium,WHITE,ziyadnz/hourly-ipv4,ziyadnz|hourly,2026-08-17T18:48:05Z,2026-08-17T18:48:05Z,
47.164.76.54,ipv4,malicious-ip,medium,WHITE,ziyadnz/hourly-ipv4,ziyadnz|hourly,2026-08-17T18:48:05Z,2026-08-17T18:48:05Z,
47.166.64.179,ipv4,malicious-ip,medium,WHITE,ziyadnz/hourly-ipv4,ziyadnz|hourly,2026-08-17T18:48:05Z,2026-08-17T18:48:05Z,
47.166.82.40,ipv4,malicious-ip,medium,WHITE,ziyadnz/hourly-ipv4,ziyadnz|hourly,2026-08-17T18:48:05Z,2026-08-17T18:48:05Z,
47.176.0.134,ipv4,malicious-ip,medium,WHITE,ziyadnz/hourly-ipv4,ziyadnz|hourly,2026-08-17T18:48:05Z,2026-08-17T18:48:05Z,
47.184.47.96,ipv4,malicious-ip,medium,WHITE,ziyadnz/hourly-ipv4,ziyadnz|hourly,2026-08-17T18:48:05Z,2026-08-17T18:48:05Z,
47.184.58.103,ipv4,malicious-ip,medium,WHITE,ziyadnz/hourly-ipv4,ziyadnz|hourly,2026-08-17T18:48:05Z,2026-08-17T18:48:05Z,
47.184.62.39,ipv4,malicious-ip,medium,WHITE,ziyadnz/hourly-ipv4,ziyadnz|hourly,2026-08-17T18:48:05Z,2026-08-17T18:48:05Z,
47.185.121.244,ipv4,malicious-ip,medium,WHITE,ziyadnz/hourly-ipv4,ziyadnz|hourly,2026-08-17T18:48:05Z,2026-08-17T18:48:05Z,
47.185.144.12,ipv4,malicious-ip,medium,WHITE,ziyadnz/hourly-ipv4,ziyadnz|hourly,2026-08-17T18:48:05Z,2026-08-17T18:48:05Z,
47.188.184.100,ipv4,malicious-ip,medium,WHITE,ziyadnz/hourly-ipv4,ziyadnz|hourly,2026-08-17T18:48:05Z,2026-08-17T18:48:05Z,
47.189.143.73,ipv4,malicious-ip,medium,WHITE,ziyadnz/hourly-ipv4,ziyadnz|hourly,2026-08-17T18:48:05Z,2026-08-17T18:48:05Z,
47.195.42.83,ipv4,malicious-ip,medium,WHITE,ziyadnz/hourly-ipv4,ziyadnz|hourly,2026-08-17T18:48:05Z,2026-08-17T18:48:05Z,
47.196.61.68,ipv4,malicious-ip,medium,WHITE,ziyadnz/hourly-ipv4,ziyadnz|hourly,2026-08-17T18:48:05Z,2026-08-17T18:48:05Z,
47.197.123.178,ipv4,malicious-ip,medium,WHITE,ziyadnz/hourly-ipv4,ziyadnz|hourly,2026-08-17T18:48:05Z,2026-08-17T18:48:05Z,
47.198.156.8,ipv4,malicious-ip,medium,WHITE,ziyadnz/hourly-ipv4,ziyadnz|hourly,2026-08-17T18:48:05Z,2026-08-17T18:48:05Z,
47.198.86.49,ipv4,malicious-ip,medium,WHITE,ziyadnz/hourly-ipv4,ziyadnz|hourly,2026-08-17T18:48:05Z,2026-08-17T18:48:05Z,
47.199.140.212,ipv4,malicious-ip,medium,WHITE,ziyadnz/hourly-ipv4,ziyadnz|hourly,2026-08-17T18:48:05Z,2026-08-17T18:48:05Z,
47.20.162.63,ipv4,malicious-ip,medium,WHITE,ziyadnz/hourly-ipv4,ziyadnz|hourly,2026-08-17T18:48:05Z,2026-08-17T18:48:05Z,
47.20.181.235,ipv4,malicious-ip,medium,WHITE,ziyadnz/hourly-ipv4,ziyadnz|hourly,2026-08-17T18:48:05Z,2026-08-17T18:48:05Z,
47.200.156.93,ipv4,malicious-ip,medium,WHITE,ziyadnz/hourly-ipv4,ziyadnz|hourly,2026-08-17T18:48:05Z,2026-08-17T18:48:05Z,
47.200.217.200,ipv4,malicious-ip,medium,WHITE,ziyadnz/hourly-ipv4,ziyadnz|hourly,2026-08-17T18:48:05Z,2026-08-17T18:48:05Z,
47.200.234.222,ipv4,malicious-ip,medium,WHITE,ziyadnz/hourly-ipv4,ziyadnz|hourly,2026-08-17T18:48:05Z,2026-08-17T18:48:05Z,
47.200.238.215,ipv4,malicious-ip,medium,WHITE,ziyadnz/hourly-ipv4,ziyadnz|hourly,2026-08-17T18:48:05Z,2026-08-17T18:48:05Z,
47.203.61.114,ipv4,malicious-ip,medium,WHITE,ziyadnz/hourly-ipv4,ziyadnz|hourly,2026-08-17T18:48:05Z,2026-08-17T18:48:05Z,
47.203.78.188,ipv4,malicious-ip,medium,WHITE,ziyadnz/hourly-ipv4,ziyadnz|hourly,2026-08-17T18:48:05Z,2026-08-17T18:48:05Z,
47.204.213.187,ipv4,malicious-ip,medium,WHITE,ziyadnz/hourly-ipv4,ziyadnz|hourly,2026-08-17T18:48:05Z,2026-08-17T18:48:05Z,
47.206.63.169,ipv4,malicious-ip,medium,WHITE,ziyadnz/hourly-ipv4,ziyadnz|hourly,2026-08-17T18:48:05Z,2026-08-17T18:48:05Z,
47.206.84.100,ipv4,malicious-ip,medium,WHITE,ziyadnz/hourly-ipv4,ziyadnz|hourly,2026-08-17T18:48:05Z,2026-08-17T18:48:05Z,
47.207.9.89,ipv4,malicious-ip,medium,WHITE,ziyadnz/hourly-ipv4,ziyadnz|hourly,2026-08-17T18:48:05Z,2026-08-17T18:48:05Z,
47.212.103.139,ipv4,malicious-ip,medium,WHITE,ziyadnz/hourly-ipv4,ziyadnz|hourly,2026-08-17T18:48:05Z,2026-08-17T18:48:05Z,
47.218.103.146,ipv4,malicious-ip,medium,WHITE,ziyadnz/hourly-ipv4,ziyadnz|hourly,2026-08-17T18:48:05Z,2026-08-17T18:48:05Z,
47.223.244.243,ipv4,malicious-ip,medium,WHITE,ziyadnz/hourly-ipv4,ziyadnz|hourly,2026-08-17T18:48:05Z,2026-08-17T18:48:05Z,
47.227.176.6,ipv4,malicious-ip,medium,WHITE,ziyadnz/hourly-ipv4,ziyadnz|hourly,2026-08-17T18:48:05Z,2026-08-17T18:48:05Z,
47.23.89.60,ipv4,malicious-ip,medium,WHITE,ziyadnz/hourly-ipv4,ziyadnz|hourly,2026-08-17T18:48:05Z,2026-08-17T18:48:05Z,
47.230.3.179,ipv4,malicious-ip,medium,WHITE,ziyadnz/hourly-ipv4,ziyadnz|hourly,2026-08-17T18:48:05Z,2026-08-17T18:48:05Z,
47.231.145.29,ipv4,malicious-ip,medium,WHITE,ziyadnz/hourly-ipv4,ziyadnz|hourly,2026-08-17T18:48:05Z,2026-08-17T18:48:05Z,
47.232.176.26,ipv4,malicious-ip,medium,WHITE,ziyadnz/hourly-ipv4,ziyadnz|hourly,2026-08-17T18:48:05Z,2026-08-17T18:48:05Z,
47.233.42.66,ipv4,malicious-ip,medium,WHITE,ziyadnz/hourly-ipv4,ziyadnz|hourly,2026-08-17T18:48:05Z,2026-08-17T18:48:05Z,
47.236.110.214,ipv4,malicious-ip,medium,WHITE,ziyadnz/hourly-ipv4,ziyadnz|hourly,2026-08-17T18:48:05Z,2026-08-17T18:48:05Z,
47.236.120.211,ipv4,malicious-ip,medium,WHITE,ziyadnz/hourly-ipv4,ziyadnz|hourly,2026-08-17T18:48:05Z,2026-08-17T18:48:05Z,
47.236.121.178,ipv4,malicious-ip,medium,WHITE,ziyadnz/hourly-ipv4,ziyadnz|hourly,2026-08-17T18:48:05Z,2026-08-17T18:48:05Z,
47.236.124.158,ipv4,malicious-ip,medium,WHITE,ziyadnz/hourly-ipv4,ziyadnz|hourly,2026-08-17T18:48:05Z,2026-08-17T18:48:05Z,
47.236.145.231,ipv4,malicious-ip,medium,WHITE,ziyadnz/hourly-ipv4,ziyadnz|hourly,2026-08-17T18:48:05Z,2026-08-17T18:48:05Z,
47.236.148.6,ipv4,malicious-ip,medium,WHITE,ziyadnz/hourly-ipv4,ziyadnz|hourly,2026-08-17T18:48:05Z,2026-08-17T18:48:05Z,
47.236.157.205,ipv4,malicious-ip,medium,WHITE,ziyadnz/hourly-ipv4,ziyadnz|hourly,2026-08-17T18:48:05Z,2026-08-17T18:48:05Z,
47.236.159.215,ipv4,malicious-ip,medium,WHITE,ziyadnz/hourly-ipv4,ziyadnz|hourly,2026-08-17T18:48:05Z,2026-08-17T18:48:05Z,
47.236.161.239,ipv4,malicious-ip,medium,WHITE,ziyadnz/hourly-ipv4,ziyadnz|hourly,2026-08-17T18:48:05Z,2026-08-17T18:48:05Z,
47.236.162.181,ipv4,malicious-ip,medium,WHITE,ziyadnz/hourly-ipv4,ziyadnz|hourly,2026-08-17T18:48:05Z,2026-08-17T18:48:05Z,
47.236.165.0,ipv4,malicious-ip,medium,WHITE,ziyadnz/hourly-ipv4,ziyadnz|hourly,2026-08-17T18:48:05Z,2026-08-17T18:48:05Z,
47.236.165.237,ipv4,malicious-ip,medium,WHITE,ziyadnz/hourly-ipv4,ziyadnz|hourly,2026-08-17T18:48:05Z,2026-08-17T18:48:05Z,
47.236.167.82,ipv4,malicious-ip,medium,WHITE,ziyadnz/hourly-ipv4,ziyadnz|hourly,2026-08-17T18:48:05Z,2026-08-17T18:48:05Z,
47.236.169.75,ipv4,malicious-ip,medium,WHITE,ziyadnz/hourly-ipv4,ziyadnz|hourly,2026-08-17T18:48:05Z,2026-08-17T18:48:05Z,
47.236.170.94,ipv4,malicious-ip,medium,WHITE,ziyadnz/hourly-ipv4,ziyadnz|hourly,2026-08-17T18:48:05Z,2026-08-17T18:48:05Z,
47.236.172.167,ipv4,malicious-ip,medium,WHITE,ziyadnz/hourly-ipv4,ziyadnz|hourly,2026-08-17T18:48:05Z,2026-08-17T18:48:05Z,
47.236.176.10,ipv4,malicious-ip,medium,WHITE,ziyadnz/hourly-ipv4,ziyadnz|hourly,2026-08-17T18:48:05Z,2026-08-17T18:48:05Z,
47.236.177.123,ipv4,malicious-ip,medium,WHITE,ziyadnz/hourly-ipv4,ziyadnz|hourly,2026-08-17T18:48:05Z,2026-08-17T18:48:05Z,
47.236.178.25,ipv4,malicious-ip,medium,WHITE,ziyadnz/hourly-ipv4,ziyadnz|hourly,2026-08-17T18:48:05Z,2026-08-17T18:48:05Z,
47.236.179.0,ipv4,malicious-ip,medium,WHITE,ziyadnz/hourly-ipv4,ziyadnz|hourly,2026-08-17T18:48:05Z,2026-08-17T18:48:05Z,
47.236.179.229,ipv4,malicious-ip,medium,WHITE,ziyadnz/hourly-ipv4,ziyadnz|hourly,2026-08-17T18:48:05Z,2026-08-17T18:48:05Z,
47.236.182.14,ipv4,malicious-ip,medium,WHITE,ziyadnz/hourly-ipv4,ziyadnz|hourly,2026-08-17T18:48:05Z,2026-08-17T18:48:05Z,
47.236.183.165,ipv4,malicious-ip,medium,WHITE,ziyadnz/hourly-ipv4,ziyadnz|hourly,2026-08-17T18:48:05Z,2026-08-17T18:48:05Z,
47.236.184.180,ipv4,malicious-ip,medium,WHITE,ziyadnz/hourly-ipv4,ziyadnz|hourly,2026-08-17T18:48:05Z,2026-08-17T18:48:05Z,
47.236.187.140,ipv4,malicious-ip,medium,WHITE,ziyadnz/hourly-ipv4,ziyadnz|hourly,2026-08-17T18:48:05Z,2026-08-17T18:48:05Z,
47.236.187.98,ipv4,malicious-ip,medium,WHITE,ziyadnz/hourly-ipv4,ziyadnz|hourly,2026-08-17T18:48:05Z,2026-08-17T18:48:05Z,
47.236.188.116,ipv4,malicious-ip,medium,WHITE,ziyadnz/hourly-ipv4,ziyadnz|hourly,2026-08-17T18:48:05Z,2026-08-17T18:48:05Z,
47.236.188.152,ipv4,malicious-ip,medium,WHITE,ziyadnz/hourly-ipv4,ziyadnz|hourly,2026-08-17T18:48:05Z,2026-08-17T18:48:05Z,
47.236.188.232,ipv4,malicious-ip,medium,WHITE,ziyadnz/hourly-ipv4,ziyadnz|hourly,2026-08-17T18:48:05Z,2026-08-17T18:48:05Z,
47.236.189.95,ipv4,malicious-ip,medium,WHITE,ziyadnz/hourly-ipv4,ziyadnz|hourly,2026-08-17T18:48:05Z,2026-08-17T18:48:05Z,
47.236.194.29,ipv4,malicious-ip,medium,WHITE,ziyadnz/hourly-ipv4,ziyadnz|hourly,2026-08-17T18:48:05Z,2026-08-17T18:48:05Z,
47.236.196.80,ipv4,malicious-ip,medium,WHITE,ziyadnz/hourly-ipv4,ziyadnz|hourly,2026-08-17T18:48:05Z,2026-08-17T18:48:05Z,
47.236.198.105,ipv4,malicious-ip,medium,WHITE,ziyadnz/hourly-ipv4,ziyadnz|hourly,2026-08-17T18:48:05Z,2026-08-17T18:48:05Z,
47.236.198.185,ipv4,malicious-ip,medium,WHITE,ziyadnz/hourly-ipv4,ziyadnz|hourly,2026-08-17T18:48:05Z,2026-08-17T18:48:05Z,
47.236.199.209,ipv4,malicious-ip,medium,WHITE,ziyadnz/hourly-ipv4,ziyadnz|hourly,2026-08-17T18:48:05Z,2026-08-17T18:48:05Z,
47.236.201.172,ipv4,malicious-ip,medium,WHITE,ziyadnz/hourly-ipv4,ziyadnz|hourly,2026-08-17T18:48:05Z,2026-08-17T18:48:05Z,
47.236.201.178,ipv4,malicious-ip,medium,WHITE,ziyadnz/hourly-ipv4,ziyadnz|hourly,2026-08-17T18:48:05Z,2026-08-17T18:48:05Z,
47.236.203.85,ipv4,malicious-ip,medium,WHITE,ziyadnz/hourly-ipv4,ziyadnz|hourly,2026-08-17T18:48:05Z,2026-08-17T18:48:05Z,
47.236.204.159,ipv4,malicious-ip,medium,WHITE,ziyadnz/hourly-ipv4,ziyadnz|hourly,2026-08-17T18:48:05Z,2026-08-17T18:48:05Z,
47.236.206.106,ipv4,malicious-ip,medium,WHITE,ziyadnz/hourly-ipv4,ziyadnz|hourly,2026-08-17T18:48:05Z,2026-08-17T18:48:05Z,
47.236.22.81,ipv4,malicious-ip,medium,WHITE,ziyadnz/hourly-ipv4,ziyadnz|hourly,2026-08-17T18:48:05Z,2026-08-17T18:48:05Z,
47.236.225.191,ipv4,malicious-ip,medium,WHITE,ziyadnz/hourly-ipv4,ziyadnz|hourly,2026-08-17T18:48:05Z,2026-08-17T18:48:05Z,
47.236.230.104,ipv4,malicious-ip,medium,WHITE,ziyadnz/hourly-ipv4,ziyadnz|hourly,2026-08-17T18:48:05Z,2026-08-17T18:48:05Z,
47.236.24.189,ipv4,malicious-ip,medium,WHITE,ziyadnz/hourly-ipv4,ziyadnz|hourly,2026-08-17T18:48:05Z,2026-08-17T18:48:05Z,
47.236.246.155,ipv4,malicious-ip,medium,WHITE,ziyadnz/hourly-ipv4,ziyadnz|hourly,2026-08-17T18:48:05Z,2026-08-17T18:48:05Z,
47.236.252.83,ipv4,malicious-ip,medium,WHITE,ziyadnz/hourly-ipv4,ziyadnz|hourly,2026-08-17T18:48:05Z,2026-08-17T18:48:05Z,
47.236.26.195,ipv4,malicious-ip,medium,WHITE,ziyadnz/hourly-ipv4,ziyadnz|hourly,2026-08-17T18:48:05Z,2026-08-17T18:48:05Z,
47.236.30.141,ipv4,malicious-ip,medium,WHITE,ziyadnz/hourly-ipv4,ziyadnz|hourly,2026-08-17T18:48:05Z,2026-08-17T18:48:05Z,
47.236.30.41,ipv4,malicious-ip,medium,WHITE,ziyadnz/hourly-ipv4,ziyadnz|hourly,2026-08-17T18:48:05Z,2026-08-17T18:48:05Z,
47.236.37.23,ipv4,malicious-ip,medium,WHITE,ziyadnz/hourly-ipv4,ziyadnz|hourly,2026-08-17T18:48:05Z,2026-08-17T18:48:05Z,
47.236.42.148,ipv4,malicious-ip,medium,WHITE,ziyadnz/hourly-ipv4,ziyadnz|hourly,2026-08-17T18:48:05Z,2026-08-17T18:48:05Z,
47.236.48.30,ipv4,malicious-ip,medium,WHITE,ziyadnz/hourly-ipv4,ziyadnz|hourly,2026-08-17T18:48:05Z,2026-08-17T18:48:05Z,
47.236.54.176,ipv4,malicious-ip,medium,WHITE,ziyadnz/hourly-ipv4,ziyadnz|hourly,2026-08-17T18:48:05Z,2026-08-17T18:48:05Z,
47.236.59.195,ipv4,malicious-ip,medium,WHITE,ziyadnz/hourly-ipv4,ziyadnz|hourly,2026-08-17T18:48:05Z,2026-08-17T18:48:05Z,
47.236.89.240,ipv4,malicious-ip,medium,WHITE,ziyadnz/hourly-ipv4,ziyadnz|hourly,2026-08-17T18:48:05Z,2026-08-17T18:48:05Z,
47.236.90.15,ipv4,malicious-ip,medium,WHITE,ziyadnz/hourly-ipv4,ziyadnz|hourly,2026-08-17T18:48:05Z,2026-08-17T18:48:05Z,
47.236.94.211,ipv4,malicious-ip,medium,WHITE,ziyadnz/hourly-ipv4,ziyadnz|hourly,2026-08-17T18:48:05Z,2026-08-17T18:48:05Z,
47.237.10.214,ipv4,malicious-ip,medium,WHITE,ziyadnz/hourly-ipv4,ziyadnz|hourly,2026-08-17T18:48:05Z,2026-08-17T18:48:05Z,
47.237.100.187,ipv4,malicious-ip,medium,WHITE,ziyadnz/hourly-ipv4,ziyadnz|hourly,2026-08-17T18:48:05Z,2026-08-17T18:48:05Z,
47.237.105.6,ipv4,malicious-ip,medium,WHITE,ziyadnz/hourly-ipv4,ziyadnz|hourly,2026-08-17T18:48:05Z,2026-08-17T18:48:05Z,
47.237.107.227,ipv4,malicious-ip,medium,WHITE,ziyadnz/hourly-ipv4,ziyadnz|hourly,2026-08-17T18:48:05Z,2026-08-17T18:48:05Z,
47.237.112.21,ipv4,malicious-ip,medium,WHITE,ziyadnz/hourly-ipv4,ziyadnz|hourly,2026-08-17T18:48:05Z,2026-08-17T18:48:05Z,
47.237.120.127,ipv4,malicious-ip,medium,WHITE,ziyadnz/hourly-ipv4,ziyadnz|hourly,2026-08-17T18:48:05Z,2026-08-17T18:48:05Z,
47.237.121.109,ipv4,malicious-ip,medium,WHITE,ziyadnz/hourly-ipv4,ziyadnz|hourly,2026-08-17T18:48:05Z,2026-08-17T18:48:05Z,
47.237.121.158,ipv4,malicious-ip,medium,WHITE,ziyadnz/hourly-ipv4,ziyadnz|hourly,2026-08-17T18:48:05Z,2026-08-17T18:48:05Z,
47.237.124.132,ipv4,malicious-ip,medium,WHITE,ziyadnz/hourly-ipv4,ziyadnz|hourly,2026-08-17T18:48:05Z,2026-08-17T18:48:05Z,
47.237.127.230,ipv4,malicious-ip,medium,WHITE,ziyadnz/hourly-ipv4,ziyadnz|hourly,2026-08-17T18:48:05Z,2026-08-17T18:48:05Z,
47.237.13.79,ipv4,malicious-ip,medium,WHITE,ziyadnz/hourly-ipv4,ziyadnz|hourly,2026-08-17T18:48:05Z,2026-08-17T18:48:05Z,
47.237.15.121,ipv4,malicious-ip,medium,WHITE,ziyadnz/hourly-ipv4,ziyadnz|hourly,2026-08-17T18:48:05Z,2026-08-17T18:48:05Z,
47.237.167.49,ipv4,malicious-ip,medium,WHITE,ziyadnz/hourly-ipv4,ziyadnz|hourly,2026-08-17T18:48:05Z,2026-08-17T18:48:05Z,
47.237.169.208,ipv4,malicious-ip,medium,WHITE,ziyadnz/hourly-ipv4,ziyadnz|hourly,2026-08-17T18:48:05Z,2026-08-17T18:48:05Z,
47.237.187.66,ipv4,malicious-ip,medium,WHITE,ziyadnz/hourly-ipv4,ziyadnz|hourly,2026-08-17T18:48:05Z,2026-08-17T18:48:05Z,
47.237.189.202,ipv4,malicious-ip,medium,WHITE,ziyadnz/hourly-ipv4,ziyadnz|hourly,2026-08-17T18:48:05Z,2026-08-17T18:48:05Z,
47.237.190.171,ipv4,malicious-ip,medium,WHITE,ziyadnz/hourly-ipv4,ziyadnz|hourly,2026-08-17T18:48:05Z,2026-08-17T18:48:05Z,
47.237.2.150,ipv4,malicious-ip,medium,WHITE,ziyadnz/hourly-ipv4,ziyadnz|hourly,2026-08-17T18:48:05Z,2026-08-17T18:48:05Z,
47.237.20.150,ipv4,malicious-ip,medium,WHITE,ziyadnz/hourly-ipv4,ziyadnz|hourly,2026-08-17T18:48:05Z,2026-08-17T18:48:05Z,
47.237.252.157,ipv4,malicious-ip,medium,WHITE,ziyadnz/hourly-ipv4,ziyadnz|hourly,2026-08-17T18:48:05Z,2026-08-17T18:48:05Z,
47.237.30.222,ipv4,malicious-ip,medium,WHITE,ziyadnz/hourly-ipv4,ziyadnz|hourly,2026-08-17T18:48:05Z,2026-08-17T18:48:05Z,
47.237.31.39,ipv4,malicious-ip,medium,WHITE,ziyadnz/hourly-ipv4,ziyadnz|hourly,2026-08-17T18:48:05Z,2026-08-17T18:48:05Z,
47.237.31.43,ipv4,malicious-ip,medium,WHITE,ziyadnz/hourly-ipv4,ziyadnz|hourly,2026-08-17T18:48:05Z,2026-08-17T18:48:05Z,
47.237.67.163,ipv4,malicious-ip,medium,WHITE,ziyadnz/hourly-ipv4,ziyadnz|hourly,2026-08-17T18:48:05Z,2026-08-17T18:48:05Z,
47.237.71.72,ipv4,malicious-ip,medium,WHITE,ziyadnz/hourly-ipv4,ziyadnz|hourly,2026-08-17T18:48:05Z,2026-08-17T18:48:05Z,
47.237.85.200,ipv4,malicious-ip,medium,WHITE,ziyadnz/hourly-ipv4,ziyadnz|hourly,2026-08-17T18:48:05Z,2026-08-17T18:48:05Z,
47.237.86.255,ipv4,malicious-ip,medium,WHITE,ziyadnz/hourly-ipv4,ziyadnz|hourly,2026-08-17T18:48:05Z,2026-08-17T18:48:05Z,
47.237.86.54,ipv4,malicious-ip,medium,WHITE,ziyadnz/hourly-ipv4,ziyadnz|hourly,2026-08-17T18:48:05Z,2026-08-17T18:48:05Z,
47.237.87.116,ipv4,malicious-ip,medium,WHITE,ziyadnz/hourly-ipv4,ziyadnz|hourly,2026-08-17T18:48:05Z,2026-08-17T18:48:05Z,
47.237.87.73,ipv4,malicious-ip,medium,WHITE,ziyadnz/hourly-ipv4,ziyadnz|hourly,2026-08-17T18:48:05Z,2026-08-17T18:48:05Z,
47.237.99.187,ipv4,malicious-ip,medium,WHITE,ziyadnz/hourly-ipv4,ziyadnz|hourly,2026-08-17T18:48:05Z,2026-08-17T18:48:05Z,
47.238.107.83,ipv4,malicious-ip,medium,WHITE,ziyadnz/hourly-ipv4,ziyadnz|hourly,2026-08-17T18:48:05Z,2026-08-17T18:48:05Z,
47.238.108.73,ipv4,malicious-ip,medium,WHITE,ziyadnz/hourly-ipv4,ziyadnz|hourly,2026-08-17T18:48:05Z,2026-08-17T18:48:05Z,
47.238.121.28,ipv4,malicious-ip,medium,WHITE,ziyadnz/hourly-ipv4,ziyadnz|hourly,2026-08-17T18:48:05Z,2026-08-17T18:48:05Z,
47.238.124.68,ipv4,malicious-ip,medium,WHITE,ziyadnz/hourly-ipv4,ziyadnz|hourly,2026-08-17T18:48:05Z,2026-08-17T18:48:05Z,
47.238.131.130,ipv4,malicious-ip,medium,WHITE,ziyadnz/hourly-ipv4,ziyadnz|hourly,2026-08-17T18:48:05Z,2026-08-17T18:48:05Z,
47.238.138.206,ipv4,malicious-ip,medium,WHITE,ziyadnz/hourly-ipv4,ziyadnz|hourly,2026-08-17T18:48:05Z,2026-08-17T18:48:05Z,
47.238.176.109,ipv4,malicious-ip,medium,WHITE,ziyadnz/hourly-ipv4,ziyadnz|hourly,2026-08-17T18:48:05Z,2026-08-17T18:48:05Z,
47.238.188.245,ipv4,malicious-ip,medium,WHITE,ziyadnz/hourly-ipv4,ziyadnz|hourly,2026-08-17T18:48:05Z,2026-08-17T18:48:05Z,
47.238.240.219,ipv4,malicious-ip,medium,WHITE,ziyadnz/hourly-ipv4,ziyadnz|hourly,2026-08-17T18:48:05Z,2026-08-17T18:48:05Z,
47.238.254.223,ipv4,malicious-ip,medium,WHITE,ziyadnz/hourly-ipv4,ziyadnz|hourly,2026-08-17T18:48:05Z,2026-08-17T18:48:05Z,
47.238.64.56,ipv4,malicious-ip,medium,WHITE,ziyadnz/hourly-ipv4,ziyadnz|hourly,2026-08-17T18:48:05Z,2026-08-17T18:48:05Z,
47.238.95.91,ipv4,malicious-ip,medium,WHITE,ziyadnz/hourly-ipv4,ziyadnz|hourly,2026-08-17T18:48:05Z,2026-08-17T18:48:05Z,
47.239.0.216,ipv4,malicious-ip,medium,WHITE,ziyadnz/hourly-ipv4,ziyadnz|hourly,2026-08-17T18:48:05Z,2026-08-17T18:48:05Z,
47.239.136.32,ipv4,malicious-ip,medium,WHITE,ziyadnz/hourly-ipv4,ziyadnz|hourly,2026-08-17T18:48:05Z,2026-08-17T18:48:05Z,
47.239.144.86,ipv4,malicious-ip,medium,WHITE,ziyadnz/hourly-ipv4,ziyadnz|hourly,2026-08-17T18:48:05Z,2026-08-17T18:48:05Z,
47.239.152.76,ipv4,malicious-ip,medium,WHITE,ziyadnz/hourly-ipv4,ziyadnz|hourly,2026-08-17T18:48:05Z,2026-08-17T18:48:05Z,
47.239.154.120,ipv4,malicious-ip,medium,WHITE,ziyadnz/hourly-ipv4,ziyadnz|hourly,2026-08-17T18:48:05Z,2026-08-17T18:48:05Z,
47.239.168.81,ipv4,malicious-ip,medium,WHITE,ziyadnz/hourly-ipv4,ziyadnz|hourly,2026-08-17T18:48:05Z,2026-08-17T18:48:05Z,
47.239.181.240,ipv4,malicious-ip,medium,WHITE,ziyadnz/hourly-ipv4,ziyadnz|hourly,2026-08-17T18:48:05Z,2026-08-17T18:48:05Z,
47.239.189.201,ipv4,malicious-ip,medium,WHITE,ziyadnz/hourly-ipv4,ziyadnz|hourly,2026-08-17T18:48:05Z,2026-08-17T18:48:05Z,
47.239.191.37,ipv4,malicious-ip,medium,WHITE,ziyadnz/hourly-ipv4,ziyadnz|hourly,2026-08-17T18:48:05Z,2026-08-17T18:48:05Z,
47.239.197.97,ipv4,malicious-ip,medium,WHITE,ziyadnz/hourly-ipv4,ziyadnz|hourly,2026-08-17T18:48:05Z,2026-08-17T18:48:05Z,
47.239.200.81,ipv4,malicious-ip,medium,WHITE,ziyadnz/hourly-ipv4,ziyadnz|hourly,2026-08-17T18:48:05Z,2026-08-17T18:48:05Z,
47.239.209.158,ipv4,malicious-ip,medium,WHITE,ziyadnz/hourly-ipv4,ziyadnz|hourly,2026-08-17T18:48:05Z,2026-08-17T18:48:05Z,
47.239.216.212,ipv4,malicious-ip,medium,WHITE,ziyadnz/hourly-ipv4,ziyadnz|hourly,2026-08-17T18:48:05Z,2026-08-17T18:48:05Z,
47.239.250.154,ipv4,malicious-ip,medium,WHITE,ziyadnz/hourly-ipv4,ziyadnz|hourly,2026-08-17T18:48:05Z,2026-08-17T18:48:05Z,
47.239.4.179,ipv4,malicious-ip,medium,WHITE,ziyadnz/hourly-ipv4,ziyadnz|hourly,2026-08-17T18:48:05Z,2026-08-17T18:48:05Z,
47.239.50.214,ipv4,malicious-ip,medium,WHITE,ziyadnz/hourly-ipv4,ziyadnz|hourly,2026-08-17T18:48:05Z,2026-08-17T18:48:05Z,
47.239.88.210,ipv4,malicious-ip,medium,WHITE,ziyadnz/hourly-ipv4,ziyadnz|hourly,2026-08-17T18:48:05Z,2026-08-17T18:48:05Z,
47.239.93.49,ipv4,malicious-ip,medium,WHITE,ziyadnz/hourly-ipv4,ziyadnz|hourly,2026-08-17T18:48:05Z,2026-08-17T18:48:05Z,
47.241.2.137,ipv4,malicious-ip,medium,WHITE,ziyadnz/hourly-ipv4,ziyadnz|hourly,2026-08-17T18:48:05Z,2026-08-17T18:48:05Z,
47.242.105.178,ipv4,malicious-ip,medium,WHITE,ziyadnz/hourly-ipv4,ziyadnz|hourly,2026-08-17T18:48:05Z,2026-08-17T18:48:05Z,
47.242.111.161,ipv4,malicious-ip,medium,WHITE,ziyadnz/hourly-ipv4,ziyadnz|hourly,2026-08-17T18:48:05Z,2026-08-17T18:48:05Z,
47.242.144.15,ipv4,malicious-ip,medium,WHITE,ziyadnz/hourly-ipv4,ziyadnz|hourly,2026-08-17T18:48:05Z,2026-08-17T18:48:05Z,
47.242.149.4,ipv4,malicious-ip,medium,WHITE,ziyadnz/hourly-ipv4,ziyadnz|hourly,2026-08-17T18:48:05Z,2026-08-17T18:48:05Z,
47.242.158.155,ipv4,malicious-ip,medium,WHITE,ziyadnz/hourly-ipv4,ziyadnz|hourly,2026-08-17T18:48:05Z,2026-08-17T18:48:05Z,
47.242.169.97,ipv4,malicious-ip,medium,WHITE,ziyadnz/hourly-ipv4,ziyadnz|hourly,2026-08-17T18:48:05Z,2026-08-17T18:48:05Z,
47.242.198.250,ipv4,malicious-ip,medium,WHITE,ziyadnz/hourly-ipv4,ziyadnz|hourly,2026-08-17T18:48:05Z,2026-08-17T18:48:05Z,
47.242.20.245,ipv4,malicious-ip,medium,WHITE,ziyadnz/hourly-ipv4,ziyadnz|hourly,2026-08-17T18:48:05Z,2026-08-17T18:48:05Z,
47.242.216.170,ipv4,malicious-ip,medium,WHITE,ziyadnz/hourly-ipv4,ziyadnz|hourly,2026-08-17T18:48:05Z,2026-08-17T18:48:05Z,
47.242.230.101,ipv4,malicious-ip,medium,WHITE,ziyadnz/hourly-ipv4,ziyadnz|hourly,2026-08-17T18:48:05Z,2026-08-17T18:48:05Z,
47.242.255.49,ipv4,malicious-ip,medium,WHITE,ziyadnz/hourly-ipv4,ziyadnz|hourly,2026-08-17T18:48:05Z,2026-08-17T18:48:05Z,
47.242.38.176,ipv4,malicious-ip,medium,WHITE,ziyadnz/hourly-ipv4,ziyadnz|hourly,2026-08-17T18:48:05Z,2026-08-17T18:48:05Z,
47.242.39.51,ipv4,malicious-ip,medium,WHITE,ziyadnz/hourly-ipv4,ziyadnz|hourly,2026-08-17T18:48:05Z,2026-08-17T18:48:05Z,
47.242.39.92,ipv4,malicious-ip,medium,WHITE,ziyadnz/hourly-ipv4,ziyadnz|hourly,2026-08-17T18:48:05Z,2026-08-17T18:48:05Z,
47.242.52.132,ipv4,malicious-ip,medium,WHITE,ziyadnz/hourly-ipv4,ziyadnz|hourly,2026-08-17T18:48:05Z,2026-08-17T18:48:05Z,
47.242.61.42,ipv4,malicious-ip,medium,WHITE,ziyadnz/hourly-ipv4,ziyadnz|hourly,2026-08-17T18:48:05Z,2026-08-17T18:48:05Z,
47.242.66.123,ipv4,malicious-ip,medium,WHITE,ziyadnz/hourly-ipv4,ziyadnz|hourly,2026-08-17T18:48:05Z,2026-08-17T18:48:05Z,
47.242.66.176,ipv4,malicious-ip,medium,WHITE,ziyadnz/hourly-ipv4,ziyadnz|hourly,2026-08-17T18:48:05Z,2026-08-17T18:48:05Z,
47.242.90.157,ipv4,malicious-ip,medium,WHITE,ziyadnz/hourly-ipv4,ziyadnz|hourly,2026-08-17T18:48:05Z,2026-08-17T18:48:05Z,
47.243.118.213,ipv4,malicious-ip,medium,WHITE,ziyadnz/hourly-ipv4,ziyadnz|hourly,2026-08-17T18:48:05Z,2026-08-17T18:48:05Z,
47.243.143.216,ipv4,malicious-ip,medium,WHITE,ziyadnz/hourly-ipv4,ziyadnz|hourly,2026-08-17T18:48:05Z,2026-08-17T18:48:05Z,
47.243.154.204,ipv4,malicious-ip,medium,WHITE,ziyadnz/hourly-ipv4,ziyadnz|hourly,2026-08-17T18:48:05Z,2026-08-17T18:48:05Z,
47.243.167.124,ipv4,malicious-ip,medium,WHITE,ziyadnz/hourly-ipv4,ziyadnz|hourly,2026-08-17T18:48:05Z,2026-08-17T18:48:05Z,
47.243.19.192,ipv4,malicious-ip,medium,WHITE,ziyadnz/hourly-ipv4,ziyadnz|hourly,2026-08-17T18:48:05Z,2026-08-17T18:48:05Z,
47.243.192.62,ipv4,malicious-ip,medium,WHITE,ziyadnz/hourly-ipv4,ziyadnz|hourly,2026-08-17T18:48:05Z,2026-08-17T18:48:05Z,
47.243.242.42,ipv4,malicious-ip,medium,WHITE,ziyadnz/hourly-ipv4,ziyadnz|hourly,2026-08-17T18:48:05Z,2026-08-17T18:48:05Z,
47.243.244.28,ipv4,malicious-ip,medium,WHITE,ziyadnz/hourly-ipv4,ziyadnz|hourly,2026-08-17T18:48:05Z,2026-08-17T18:48:05Z,
47.243.247.233,ipv4,malicious-ip,medium,WHITE,ziyadnz/hourly-ipv4,ziyadnz|hourly,2026-08-17T18:48:05Z,2026-08-17T18:48:05Z,
47.243.249.24,ipv4,malicious-ip,medium,WHITE,ziyadnz/hourly-ipv4,ziyadnz|hourly,2026-08-17T18:48:05Z,2026-08-17T18:48:05Z,
47.243.34.123,ipv4,malicious-ip,medium,WHITE,ziyadnz/hourly-ipv4,ziyadnz|hourly,2026-08-17T18:48:05Z,2026-08-17T18:48:05Z,
47.243.35.135,ipv4,malicious-ip,medium,WHITE,ziyadnz/hourly-ipv4,ziyadnz|hourly,2026-08-17T18:48:05Z,2026-08-17T18:48:05Z,
47.243.35.191,ipv4,malicious-ip,medium,WHITE,ziyadnz/hourly-ipv4,ziyadnz|hourly,2026-08-17T18:48:05Z,2026-08-17T18:48:05Z,
47.243.37.78,ipv4,malicious-ip,medium,WHITE,ziyadnz/hourly-ipv4,ziyadnz|hourly,2026-08-17T18:48:05Z,2026-08-17T18:48:05Z,
47.243.39.101,ipv4,malicious-ip,medium,WHITE,ziyadnz/hourly-ipv4,ziyadnz|hourly,2026-08-17T18:48:05Z,2026-08-17T18:48:05Z,
47.243.39.64,ipv4,malicious-ip,medium,WHITE,ziyadnz/hourly-ipv4,ziyadnz|hourly,2026-08-17T18:48:05Z,2026-08-17T18:48:05Z,
47.243.58.151,ipv4,malicious-ip,medium,WHITE,ziyadnz/hourly-ipv4,ziyadnz|hourly,2026-08-17T18:48:05Z,2026-08-17T18:48:05Z,
47.243.62.168,ipv4,malicious-ip,medium,WHITE,ziyadnz/hourly-ipv4,ziyadnz|hourly,2026-08-17T18:48:05Z,2026-08-17T18:48:05Z,
47.243.79.108,ipv4,malicious-ip,medium,WHITE,ziyadnz/hourly-ipv4,ziyadnz|hourly,2026-08-17T18:48:05Z,2026-08-17T18:48:05Z,
47.243.91.217,ipv4,malicious-ip,medium,WHITE,ziyadnz/hourly-ipv4,ziyadnz|hourly,2026-08-17T18:48:05Z,2026-08-17T18:48:05Z,
47.243.96.77,ipv4,malicious-ip,medium,WHITE,ziyadnz/hourly-ipv4,ziyadnz|hourly,2026-08-17T18:48:05Z,2026-08-17T18:48:05Z,
47.244.176.59,ipv4,malicious-ip,medium,WHITE,ziyadnz/hourly-ipv4,ziyadnz|hourly,2026-08-17T18:48:05Z,2026-08-17T18:48:05Z,
47.245.1.98,ipv4,malicious-ip,medium,WHITE,ziyadnz/hourly-ipv4,ziyadnz|hourly,2026-08-17T18:48:05Z,2026-08-17T18:48:05Z,
47.245.10.150,ipv4,malicious-ip,medium,WHITE,ziyadnz/hourly-ipv4,ziyadnz|hourly,2026-08-17T18:48:05Z,2026-08-17T18:48:05Z,
47.245.10.23,ipv4,malicious-ip,medium,WHITE,ziyadnz/hourly-ipv4,ziyadnz|hourly,2026-08-17T18:48:05Z,2026-08-17T18:48:05Z,
47.245.10.96,ipv4,malicious-ip,medium,WHITE,ziyadnz/hourly-ipv4,ziyadnz|hourly,2026-08-17T18:48:05Z,2026-08-17T18:48:05Z,
47.245.103.162,ipv4,malicious-ip,medium,WHITE,ziyadnz/hourly-ipv4,ziyadnz|hourly,2026-08-17T18:48:05Z,2026-08-17T18:48:05Z,
47.245.108.220,ipv4,malicious-ip,medium,WHITE,ziyadnz/hourly-ipv4,ziyadnz|hourly,2026-08-17T18:48:05Z,2026-08-17T18:48:05Z,
47.245.109.240,ipv4,malicious-ip,medium,WHITE,ziyadnz/hourly-ipv4,ziyadnz|hourly,2026-08-17T18:48:05Z,2026-08-17T18:48:05Z,
47.245.113.53,ipv4,malicious-ip,medium,WHITE,ziyadnz/hourly-ipv4,ziyadnz|hourly,2026-08-17T18:48:05Z,2026-08-17T18:48:05Z,
47.245.116.98,ipv4,malicious-ip,medium,WHITE,ziyadnz/hourly-ipv4,ziyadnz|hourly,2026-08-17T18:48:05Z,2026-08-17T18:48:05Z,
47.245.117.221,ipv4,malicious-ip,medium,WHITE,ziyadnz/hourly-ipv4,ziyadnz|hourly,2026-08-17T18:48:05Z,2026-08-17T18:48:05Z,
47.245.121.173,ipv4,malicious-ip,medium,WHITE,ziyadnz/hourly-ipv4,ziyadnz|hourly,2026-08-17T18:48:05Z,2026-08-17T18:48:05Z,
47.245.128.112,ipv4,malicious-ip,medium,WHITE,ziyadnz/hourly-ipv4,ziyadnz|hourly,2026-08-17T18:48:05Z,2026-08-17T18:48:05Z,
47.245.128.177,ipv4,malicious-ip,medium,WHITE,ziyadnz/hourly-ipv4,ziyadnz|hourly,2026-08-17T18:48:05Z,2026-08-17T18:48:05Z,
47.245.128.247,ipv4,malicious-ip,medium,WHITE,ziyadnz/hourly-ipv4,ziyadnz|hourly,2026-08-17T18:48:05Z,2026-08-17T18:48:05Z,
47.245.128.248,ipv4,malicious-ip,medium,WHITE,ziyadnz/hourly-ipv4,ziyadnz|hourly,2026-08-17T18:48:05Z,2026-08-17T18:48:05Z,
47.245.128.33,ipv4,malicious-ip,medium,WHITE,ziyadnz/hourly-ipv4,ziyadnz|hourly,2026-08-17T18:48:05Z,2026-08-17T18:48:05Z,
47.245.128.58,ipv4,malicious-ip,medium,WHITE,ziyadnz/hourly-ipv4,ziyadnz|hourly,2026-08-17T18:48:05Z,2026-08-17T18:48:05Z,
47.245.128.96,ipv4,malicious-ip,medium,WHITE,ziyadnz/hourly-ipv4,ziyadnz|hourly,2026-08-17T18:48:05Z,2026-08-17T18:48:05Z,
47.245.129.115,ipv4,malicious-ip,medium,WHITE,ziyadnz/hourly-ipv4,ziyadnz|hourly,2026-08-17T18:48:05Z,2026-08-17T18:48:05Z,
47.245.129.12,ipv4,malicious-ip,medium,WHITE,ziyadnz/hourly-ipv4,ziyadnz|hourly,2026-08-17T18:48:05Z,2026-08-17T18:48:05Z,
47.245.129.131,ipv4,malicious-ip,medium,WHITE,ziyadnz/hourly-ipv4,ziyadnz|hourly,2026-08-17T18:48:05Z,2026-08-17T18:48:05Z,
47.245.129.141,ipv4,malicious-ip,medium,WHITE,ziyadnz/hourly-ipv4,ziyadnz|hourly,2026-08-17T18:48:05Z,2026-08-17T18:48:05Z,
47.245.13.179,ipv4,malicious-ip,medium,WHITE,ziyadnz/hourly-ipv4,ziyadnz|hourly,2026-08-17T18:48:05Z,2026-08-17T18:48:05Z,
47.245.130.205,ipv4,malicious-ip,medium,WHITE,ziyadnz/hourly-ipv4,ziyadnz|hourly,2026-08-17T18:48:05Z,2026-08-17T18:48:05Z,
47.245.130.32,ipv4,malicious-ip,medium,WHITE,ziyadnz/hourly-ipv4,ziyadnz|hourly,2026-08-17T18:48:05Z,2026-08-17T18:48:05Z,
47.245.131.184,ipv4,malicious-ip,medium,WHITE,ziyadnz/hourly-ipv4,ziyadnz|hourly,2026-08-17T18:48:05Z,2026-08-17T18:48:05Z,
47.245.131.237,ipv4,malicious-ip,medium,WHITE,ziyadnz/hourly-ipv4,ziyadnz|hourly,2026-08-17T18:48:05Z,2026-08-17T18:48:05Z,
47.245.132.125,ipv4,malicious-ip,medium,WHITE,ziyadnz/hourly-ipv4,ziyadnz|hourly,2026-08-17T18:48:05Z,2026-08-17T18:48:05Z,
47.245.132.255,ipv4,malicious-ip,medium,WHITE,ziyadnz/hourly-ipv4,ziyadnz|hourly,2026-08-17T18:48:05Z,2026-08-17T18:48:05Z,
47.245.132.29,ipv4,malicious-ip,medium,WHITE,ziyadnz/hourly-ipv4,ziyadnz|hourly,2026-08-17T18:48:05Z,2026-08-17T18:48:05Z,
47.245.132.3,ipv4,malicious-ip,medium,WHITE,ziyadnz/hourly-ipv4,ziyadnz|hourly,2026-08-17T18:48:05Z,2026-08-17T18:48:05Z,
47.245.133.136,ipv4,malicious-ip,medium,WHITE,ziyadnz/hourly-ipv4,ziyadnz|hourly,2026-08-17T18:48:05Z,2026-08-17T18:48:05Z,
47.245.133.204,ipv4,malicious-ip,medium,WHITE,ziyadnz/hourly-ipv4,ziyadnz|hourly,2026-08-17T18:48:05Z,2026-08-17T18:48:05Z,
47.245.133.207,ipv4,malicious-ip,medium,WHITE,ziyadnz/hourly-ipv4,ziyadnz|hourly,2026-08-17T18:48:05Z,2026-08-17T18:48:05Z,
47.245.133.99,ipv4,malicious-ip,medium,WHITE,ziyadnz/hourly-ipv4,ziyadnz|hourly,2026-08-17T18:48:05Z,2026-08-17T18:48:05Z,
47.245.134.129,ipv4,malicious-ip,medium,WHITE,ziyadnz/hourly-ipv4,ziyadnz|hourly,2026-08-17T18:48:05Z,2026-08-17T18:48:05Z,
47.245.134.148,ipv4,malicious-ip,medium,WHITE,ziyadnz/hourly-ipv4,ziyadnz|hourly,2026-08-17T18:48:05Z,2026-08-17T18:48:05Z,
47.245.134.150,ipv4,malicious-ip,medium,WHITE,ziyadnz/hourly-ipv4,ziyadnz|hourly,2026-08-17T18:48:05Z,2026-08-17T18:48:05Z,
47.245.134.254,ipv4,malicious-ip,medium,WHITE,ziyadnz/hourly-ipv4,ziyadnz|hourly,2026-08-17T18:48:05Z,2026-08-17T18:48:05Z,
47.245.135.136,ipv4,malicious-ip,medium,WHITE,ziyadnz/hourly-ipv4,ziyadnz|hourly,2026-08-17T18:48:05Z,2026-08-17T18:48:05Z,
47.245.135.164,ipv4,malicious-ip,medium,WHITE,ziyadnz/hourly-ipv4,ziyadnz|hourly,2026-08-17T18:48:05Z,2026-08-17T18:48:05Z,
47.245.135.169,ipv4,malicious-ip,medium,WHITE,ziyadnz/hourly-ipv4,ziyadnz|hourly,2026-08-17T18:48:05Z,2026-08-17T18:48:05Z,
47.245.135.190,ipv4,malicious-ip,medium,WHITE,ziyadnz/hourly-ipv4,ziyadnz|hourly,2026-08-17T18:48:05Z,2026-08-17T18:48:05Z,
47.245.135.43,ipv4,malicious-ip,medium,WHITE,ziyadnz/hourly-ipv4,ziyadnz|hourly,2026-08-17T18:48:05Z,2026-08-17T18:48:05Z,
47.245.135.78,ipv4,malicious-ip,medium,WHITE,ziyadnz/hourly-ipv4,ziyadnz|hourly,2026-08-17T18:48:05Z,2026-08-17T18:48:05Z,
47.245.135.94,ipv4,malicious-ip,medium,WHITE,ziyadnz/hourly-ipv4,ziyadnz|hourly,2026-08-17T18:48:05Z,2026-08-17T18:48:05Z,
47.245.136.10,ipv4,malicious-ip,medium,WHITE,ziyadnz/hourly-ipv4,ziyadnz|hourly,2026-08-17T18:48:05Z,2026-08-17T18:48:05Z,
47.245.136.11,ipv4,malicious-ip,medium,WHITE,ziyadnz/hourly-ipv4,ziyadnz|hourly,2026-08-17T18:48:05Z,2026-08-17T18:48:05Z,
47.245.136.231,ipv4,malicious-ip,medium,WHITE,ziyadnz/hourly-ipv4,ziyadnz|hourly,2026-08-17T18:48:05Z,2026-08-17T18:48:05Z,
47.245.136.243,ipv4,malicious-ip,medium,WHITE,ziyadnz/hourly-ipv4,ziyadnz|hourly,2026-08-17T18:48:05Z,2026-08-17T18:48:05Z,
47.245.136.253,ipv4,malicious-ip,medium,WHITE,ziyadnz/hourly-ipv4,ziyadnz|hourly,2026-08-17T18:48:05Z,2026-08-17T18:48:05Z,
47.245.136.27,ipv4,malicious-ip,medium,WHITE,ziyadnz/hourly-ipv4,ziyadnz|hourly,2026-08-17T18:48:05Z,2026-08-17T18:48:05Z,
47.245.136.45,ipv4,malicious-ip,medium,WHITE,ziyadnz/hourly-ipv4,ziyadnz|hourly,2026-08-17T18:48:05Z,2026-08-17T18:48:05Z,
47.245.136.70,ipv4,malicious-ip,medium,WHITE,ziyadnz/hourly-ipv4,ziyadnz|hourly,2026-08-17T18:48:05Z,2026-08-17T18:48:05Z,
47.245.136.89,ipv4,malicious-ip,medium,WHITE,ziyadnz/hourly-ipv4,ziyadnz|hourly,2026-08-17T18:48:05Z,2026-08-17T18:48:05Z,
47.245.137.129,ipv4,malicious-ip,medium,WHITE,ziyadnz/hourly-ipv4,ziyadnz|hourly,2026-08-17T18:48:05Z,2026-08-17T18:48:05Z,
47.245.137.147,ipv4,malicious-ip,medium,WHITE,ziyadnz/hourly-ipv4,ziyadnz|hourly,2026-08-17T18:48:05Z,2026-08-17T18:48:05Z,
47.245.137.153,ipv4,malicious-ip,medium,WHITE,ziyadnz/hourly-ipv4,ziyadnz|hourly,2026-08-17T18:48:05Z,2026-08-17T18:48:05Z,
47.245.137.16,ipv4,malicious-ip,medium,WHITE,ziyadnz/hourly-ipv4,ziyadnz|hourly,2026-08-17T18:48:05Z,2026-08-17T18:48:05Z,
47.245.137.161,ipv4,malicious-ip,medium,WHITE,ziyadnz/hourly-ipv4,ziyadnz|hourly,2026-08-17T18:48:05Z,2026-08-17T18:48:05Z,
47.245.137.228,ipv4,malicious-ip,medium,WHITE,ziyadnz/hourly-ipv4,ziyadnz|hourly,2026-08-17T18:48:05Z,2026-08-17T18:48:05Z,
47.245.137.243,ipv4,malicious-ip,medium,WHITE,ziyadnz/hourly-ipv4,ziyadnz|hourly,2026-08-17T18:48:05Z,2026-08-17T18:48:05Z,
47.245.137.247,ipv4,malicious-ip,medium,WHITE,ziyadnz/hourly-ipv4,ziyadnz|hourly,2026-08-17T18:48:05Z,2026-08-17T18:48:05Z,
47.245.137.249,ipv4,malicious-ip,medium,WHITE,ziyadnz/hourly-ipv4,ziyadnz|hourly,2026-08-17T18:48:05Z,2026-08-17T18:48:05Z,
47.245.137.43,ipv4,malicious-ip,medium,WHITE,ziyadnz/hourly-ipv4,ziyadnz|hourly,2026-08-17T18:48:05Z,2026-08-17T18:48:05Z,
47.245.137.68,ipv4,malicious-ip,medium,WHITE,ziyadnz/hourly-ipv4,ziyadnz|hourly,2026-08-17T18:48:05Z,2026-08-17T18:48:05Z,
47.245.137.98,ipv4,malicious-ip,medium,WHITE,ziyadnz/hourly-ipv4,ziyadnz|hourly,2026-08-17T18:48:05Z,2026-08-17T18:48:05Z,
47.245.138.0,ipv4,malicious-ip,medium,WHITE,ziyadnz/hourly-ipv4,ziyadnz|hourly,2026-08-17T18:48:05Z,2026-08-17T18:48:05Z,
47.245.138.1,ipv4,malicious-ip,medium,WHITE,ziyadnz/hourly-ipv4,ziyadnz|hourly,2026-08-17T18:48:05Z,2026-08-17T18:48:05Z,
47.245.138.106,ipv4,malicious-ip,medium,WHITE,ziyadnz/hourly-ipv4,ziyadnz|hourly,2026-08-17T18:48:05Z,2026-08-17T18:48:05Z,
47.245.138.123,ipv4,malicious-ip,medium,WHITE,ziyadnz/hourly-ipv4,ziyadnz|hourly,2026-08-17T18:48:05Z,2026-08-17T18:48:05Z,
47.245.138.133,ipv4,malicious-ip,medium,WHITE,ziyadnz/hourly-ipv4,ziyadnz|hourly,2026-08-17T18:48:05Z,2026-08-17T18:48:05Z,
47.245.138.141,ipv4,malicious-ip,medium,WHITE,ziyadnz/hourly-ipv4,ziyadnz|hourly,2026-08-17T18:48:05Z,2026-08-17T18:48:05Z,
47.245.138.144,ipv4,malicious-ip,medium,WHITE,ziyadnz/hourly-ipv4,ziyadnz|hourly,2026-08-17T18:48:05Z,2026-08-17T18:48:05Z,
47.245.138.151,ipv4,malicious-ip,medium,WHITE,ziyadnz/hourly-ipv4,ziyadnz|hourly,2026-08-17T18:48:05Z,2026-08-17T18:48:05Z,
47.245.138.153,ipv4,malicious-ip,medium,WHITE,ziyadnz/hourly-ipv4,ziyadnz|hourly,2026-08-17T18:48:05Z,2026-08-17T18:48:05Z,
47.245.138.161,ipv4,malicious-ip,medium,WHITE,ziyadnz/hourly-ipv4,ziyadnz|hourly,2026-08-17T18:48:05Z,2026-08-17T18:48:05Z,
47.245.138.173,ipv4,malicious-ip,medium,WHITE,ziyadnz/hourly-ipv4,ziyadnz|hourly,2026-08-17T18:48:05Z,2026-08-17T18:48:05Z,
47.245.138.182,ipv4,malicious-ip,medium,WHITE,ziyadnz/hourly-ipv4,ziyadnz|hourly,2026-08-17T18:48:05Z,2026-08-17T18:48:05Z,
47.245.138.189,ipv4,malicious-ip,medium,WHITE,ziyadnz/hourly-ipv4,ziyadnz|hourly,2026-08-17T18:48:05Z,2026-08-17T18:48:05Z,
47.245.138.22,ipv4,malicious-ip,medium,WHITE,ziyadnz/hourly-ipv4,ziyadnz|hourly,2026-08-17T18:48:05Z,2026-08-17T18:48:05Z,
47.245.138.228,ipv4,malicious-ip,medium,WHITE,ziyadnz/hourly-ipv4,ziyadnz|hourly,2026-08-17T18:48:05Z,2026-08-17T18:48:05Z,
47.245.138.244,ipv4,malicious-ip,medium,WHITE,ziyadnz/hourly-ipv4,ziyadnz|hourly,2026-08-17T18:48:05Z,2026-08-17T18:48:05Z,
47.245.138.36,ipv4,malicious-ip,medium,WHITE,ziyadnz/hourly-ipv4,ziyadnz|hourly,2026-08-17T18:48:05Z,2026-08-17T18:48:05Z,
47.245.138.78,ipv4,malicious-ip,medium,WHITE,ziyadnz/hourly-ipv4,ziyadnz|hourly,2026-08-17T18:48:05Z,2026-08-17T18:48:05Z,
47.245.138.87,ipv4,malicious-ip,medium,WHITE,ziyadnz/hourly-ipv4,ziyadnz|hourly,2026-08-17T18:48:05Z,2026-08-17T18:48:05Z,
47.245.139.101,ipv4,malicious-ip,medium,WHITE,ziyadnz/hourly-ipv4,ziyadnz|hourly,2026-08-17T18:48:05Z,2026-08-17T18:48:05Z,
47.245.139.137,ipv4,malicious-ip,medium,WHITE,ziyadnz/hourly-ipv4,ziyadnz|hourly,2026-08-17T18:48:05Z,2026-08-17T18:48:05Z,
47.245.139.141,ipv4,malicious-ip,medium,WHITE,ziyadnz/hourly-ipv4,ziyadnz|hourly,2026-08-17T18:48:05Z,2026-08-17T18:48:05Z,
47.245.139.154,ipv4,malicious-ip,medium,WHITE,ziyadnz/hourly-ipv4,ziyadnz|hourly,2026-08-17T18:48:05Z,2026-08-17T18:48:05Z,
47.245.139.168,ipv4,malicious-ip,medium,WHITE,ziyadnz/hourly-ipv4,ziyadnz|hourly,2026-08-17T18:48:05Z,2026-08-17T18:48:05Z,
47.245.139.177,ipv4,malicious-ip,medium,WHITE,ziyadnz/hourly-ipv4,ziyadnz|hourly,2026-08-17T18:48:05Z,2026-08-17T18:48:05Z,
47.245.139.190,ipv4,malicious-ip,medium,WHITE,ziyadnz/hourly-ipv4,ziyadnz|hourly,2026-08-17T18:48:05Z,2026-08-17T18:48:05Z,
47.245.139.195,ipv4,malicious-ip,medium,WHITE,ziyadnz/hourly-ipv4,ziyadnz|hourly,2026-08-17T18:48:05Z,2026-08-17T18:48:05Z,
47.245.139.22,ipv4,malicious-ip,medium,WHITE,ziyadnz/hourly-ipv4,ziyadnz|hourly,2026-08-17T18:48:05Z,2026-08-17T18:48:05Z,
47.245.139.220,ipv4,malicious-ip,medium,WHITE,ziyadnz/hourly-ipv4,ziyadnz|hourly,2026-08-17T18:48:05Z,2026-08-17T18:48:05Z,
47.245.139.222,ipv4,malicious-ip,medium,WHITE,ziyadnz/hourly-ipv4,ziyadnz|hourly,2026-08-17T18:48:05Z,2026-08-17T18:48:05Z,
47.245.139.32,ipv4,malicious-ip,medium,WHITE,ziyadnz/hourly-ipv4,ziyadnz|hourly,2026-08-17T18:48:05Z,2026-08-17T18:48:05Z,
47.245.139.43,ipv4,malicious-ip,medium,WHITE,ziyadnz/hourly-ipv4,ziyadnz|hourly,2026-08-17T18:48:05Z,2026-08-17T18:48:05Z,
47.245.139.86,ipv4,malicious-ip,medium,WHITE,ziyadnz/hourly-ipv4,ziyadnz|hourly,2026-08-17T18:48:05Z,2026-08-17T18:48:05Z,
47.245.140.111,ipv4,malicious-ip,medium,WHITE,ziyadnz/hourly-ipv4,ziyadnz|hourly,2026-08-17T18:48:05Z,2026-08-17T18:48:05Z,
47.245.140.118,ipv4,malicious-ip,medium,WHITE,ziyadnz/hourly-ipv4,ziyadnz|hourly,2026-08-17T18:48:05Z,2026-08-17T18:48:05Z,
47.245.140.149,ipv4,malicious-ip,medium,WHITE,ziyadnz/hourly-ipv4,ziyadnz|hourly,2026-08-17T18:48:05Z,2026-08-17T18:48:05Z,
47.245.140.167,ipv4,malicious-ip,medium,WHITE,ziyadnz/hourly-ipv4,ziyadnz|hourly,2026-08-17T18:48:05Z,2026-08-17T18:48:05Z,
47.245.140.189,ipv4,malicious-ip,medium,WHITE,ziyadnz/hourly-ipv4,ziyadnz|hourly,2026-08-17T18:48:05Z,2026-08-17T18:48:05Z,
47.245.140.230,ipv4,malicious-ip,medium,WHITE,ziyadnz/hourly-ipv4,ziyadnz|hourly,2026-08-17T18:48:05Z,2026-08-17T18:48:05Z,
47.245.140.253,ipv4,malicious-ip,medium,WHITE,ziyadnz/hourly-ipv4,ziyadnz|hourly,2026-08-17T18:48:05Z,2026-08-17T18:48:05Z,
47.245.141.129,ipv4,malicious-ip,medium,WHITE,ziyadnz/hourly-ipv4,ziyadnz|hourly,2026-08-17T18:48:05Z,2026-08-17T18:48:05Z,
47.245.141.131,ipv4,malicious-ip,medium,WHITE,ziyadnz/hourly-ipv4,ziyadnz|hourly,2026-08-17T18:48:05Z,2026-08-17T18:48:05Z,
47.245.141.134,ipv4,malicious-ip,medium,WHITE,ziyadnz/hourly-ipv4,ziyadnz|hourly,2026-08-17T18:48:05Z,2026-08-17T18:48:05Z,
47.245.141.153,ipv4,malicious-ip,medium,WHITE,ziyadnz/hourly-ipv4,ziyadnz|hourly,2026-08-17T18:48:05Z,2026-08-17T18:48:05Z,
47.245.141.176,ipv4,malicious-ip,medium,WHITE,ziyadnz/hourly-ipv4,ziyadnz|hourly,2026-08-17T18:48:05Z,2026-08-17T18:48:05Z,
47.245.141.185,ipv4,malicious-ip,medium,WHITE,ziyadnz/hourly-ipv4,ziyadnz|hourly,2026-08-17T18:48:05Z,2026-08-17T18:48:05Z,
47.245.141.191,ipv4,malicious-ip,medium,WHITE,ziyadnz/hourly-ipv4,ziyadnz|hourly,2026-08-17T18:48:05Z,2026-08-17T18:48:05Z,
47.245.141.207,ipv4,malicious-ip,medium,WHITE,ziyadnz/hourly-ipv4,ziyadnz|hourly,2026-08-17T18:48:05Z,2026-08-17T18:48:05Z,
47.245.141.219,ipv4,malicious-ip,medium,WHITE,ziyadnz/hourly-ipv4,ziyadnz|hourly,2026-08-17T18:48:05Z,2026-08-17T18:48:05Z,
47.245.141.39,ipv4,malicious-ip,medium,WHITE,ziyadnz/hourly-ipv4,ziyadnz|hourly,2026-08-17T18:48:05Z,2026-08-17T18:48:05Z,
47.245.141.41,ipv4,malicious-ip,medium,WHITE,ziyadnz/hourly-ipv4,ziyadnz|hourly,2026-08-17T18:48:05Z,2026-08-17T18:48:05Z,
47.245.141.54,ipv4,malicious-ip,medium,WHITE,ziyadnz/hourly-ipv4,ziyadnz|hourly,2026-08-17T18:48:05Z,2026-08-17T18:48:05Z,
47.245.141.74,ipv4,malicious-ip,medium,WHITE,ziyadnz/hourly-ipv4,ziyadnz|hourly,2026-08-17T18:48:05Z,2026-08-17T18:48:05Z,
47.245.141.91,ipv4,malicious-ip,medium,WHITE,ziyadnz/hourly-ipv4,ziyadnz|hourly,2026-08-17T18:48:05Z,2026-08-17T18:48:05Z,
47.245.141.96,ipv4,malicious-ip,medium,WHITE,ziyadnz/hourly-ipv4,ziyadnz|hourly,2026-08-17T18:48:05Z,2026-08-17T18:48:05Z,
47.245.142.0,ipv4,malicious-ip,medium,WHITE,ziyadnz/hourly-ipv4,ziyadnz|hourly,2026-08-17T18:48:05Z,2026-08-17T18:48:05Z,
47.245.142.106,ipv4,malicious-ip,medium,WHITE,ziyadnz/hourly-ipv4,ziyadnz|hourly,2026-08-17T18:48:05Z,2026-08-17T18:48:05Z,
47.245.142.112,ipv4,malicious-ip,medium,WHITE,ziyadnz/hourly-ipv4,ziyadnz|hourly,2026-08-17T18:48:05Z,2026-08-17T18:48:05Z,
47.245.142.158,ipv4,malicious-ip,medium,WHITE,ziyadnz/hourly-ipv4,ziyadnz|hourly,2026-08-17T18:48:05Z,2026-08-17T18:48:05Z,
47.245.142.160,ipv4,malicious-ip,medium,WHITE,ziyadnz/hourly-ipv4,ziyadnz|hourly,2026-08-17T18:48:05Z,2026-08-17T18:48:05Z,
47.245.142.163,ipv4,malicious-ip,medium,WHITE,ziyadnz/hourly-ipv4,ziyadnz|hourly,2026-08-17T18:48:05Z,2026-08-17T18:48:05Z,
47.245.142.210,ipv4,malicious-ip,medium,WHITE,ziyadnz/hourly-ipv4,ziyadnz|hourly,2026-08-17T18:48:05Z,2026-08-17T18:48:05Z,
47.245.142.218,ipv4,malicious-ip,medium,WHITE,ziyadnz/hourly-ipv4,ziyadnz|hourly,2026-08-17T18:48:05Z,2026-08-17T18:48:05Z,
47.245.142.224,ipv4,malicious-ip,medium,WHITE,ziyadnz/hourly-ipv4,ziyadnz|hourly,2026-08-17T18:48:05Z,2026-08-17T18:48:05Z,
47.245.142.237,ipv4,malicious-ip,medium,WHITE,ziyadnz/hourly-ipv4,ziyadnz|hourly,2026-08-17T18:48:05Z,2026-08-17T18:48:05Z,
47.245.142.46,ipv4,malicious-ip,medium,WHITE,ziyadnz/hourly-ipv4,ziyadnz|hourly,2026-08-17T18:48:05Z,2026-08-17T18:48:05Z,
47.245.142.92,ipv4,malicious-ip,medium,WHITE,ziyadnz/hourly-ipv4,ziyadnz|hourly,2026-08-17T18:48:05Z,2026-08-17T18:48:05Z,
47.245.142.94,ipv4,malicious-ip,medium,WHITE,ziyadnz/hourly-ipv4,ziyadnz|hourly,2026-08-17T18:48:05Z,2026-08-17T18:48:05Z,
47.245.142.97,ipv4,malicious-ip,medium,WHITE,ziyadnz/hourly-ipv4,ziyadnz|hourly,2026-08-17T18:48:05Z,2026-08-17T18:48:05Z,
47.245.143.10,ipv4,malicious-ip,medium,WHITE,ziyadnz/hourly-ipv4,ziyadnz|hourly,2026-08-17T18:48:05Z,2026-08-17T18:48:05Z,
47.245.143.108,ipv4,malicious-ip,medium,WHITE,ziyadnz/hourly-ipv4,ziyadnz|hourly,2026-08-17T18:48:05Z,2026-08-17T18:48:05Z,
47.245.143.130,ipv4,malicious-ip,medium,WHITE,ziyadnz/hourly-ipv4,ziyadnz|hourly,2026-08-17T18:48:05Z,2026-08-17T18:48:05Z,
47.245.143.131,ipv4,malicious-ip,medium,WHITE,ziyadnz/hourly-ipv4,ziyadnz|hourly,2026-08-17T18:48:05Z,2026-08-17T18:48:05Z,
47.245.143.161,ipv4,malicious-ip,medium,WHITE,ziyadnz/hourly-ipv4,ziyadnz|hourly,2026-08-17T18:48:05Z,2026-08-17T18:48:05Z,
47.245.143.165,ipv4,malicious-ip,medium,WHITE,ziyadnz/hourly-ipv4,ziyadnz|hourly,2026-08-17T18:48:05Z,2026-08-17T18:48:05Z,
47.245.143.176,ipv4,malicious-ip,medium,WHITE,ziyadnz/hourly-ipv4,ziyadnz|hourly,2026-08-17T18:48:05Z,2026-08-17T18:48:05Z,
47.245.143.178,ipv4,malicious-ip,medium,WHITE,ziyadnz/hourly-ipv4,ziyadnz|hourly,2026-08-17T18:48:05Z,2026-08-17T18:48:05Z,
47.245.143.183,ipv4,malicious-ip,medium,WHITE,ziyadnz/hourly-ipv4,ziyadnz|hourly,2026-08-17T18:48:05Z,2026-08-17T18:48:05Z,
47.245.143.200,ipv4,malicious-ip,medium,WHITE,ziyadnz/hourly-ipv4,ziyadnz|hourly,2026-08-17T18:48:05Z,2026-08-17T18:48:05Z,
47.245.143.210,ipv4,malicious-ip,medium,WHITE,ziyadnz/hourly-ipv4,ziyadnz|hourly,2026-08-17T18:48:05Z,2026-08-17T18:48:05Z,
47.245.143.217,ipv4,malicious-ip,medium,WHITE,ziyadnz/hourly-ipv4,ziyadnz|hourly,2026-08-17T18:48:05Z,2026-08-17T18:48:05Z,
47.245.143.238,ipv4,malicious-ip,medium,WHITE,ziyadnz/hourly-ipv4,ziyadnz|hourly,2026-08-17T18:48:05Z,2026-08-17T18:48:05Z,
47.245.143.40,ipv4,malicious-ip,medium,WHITE,ziyadnz/hourly-ipv4,ziyadnz|hourly,2026-08-17T18:48:05Z,2026-08-17T18:48:05Z,
47.245.143.42,ipv4,malicious-ip,medium,WHITE,ziyadnz/hourly-ipv4,ziyadnz|hourly,2026-08-17T18:48:05Z,2026-08-17T18:48:05Z,
47.245.143.49,ipv4,malicious-ip,medium,WHITE,ziyadnz/hourly-ipv4,ziyadnz|hourly,2026-08-17T18:48:05Z,2026-08-17T18:48:05Z,
47.245.143.5,ipv4,malicious-ip,medium,WHITE,ziyadnz/hourly-ipv4,ziyadnz|hourly,2026-08-17T18:48:05Z,2026-08-17T18:48:05Z,
47.245.143.56,ipv4,malicious-ip,medium,WHITE,ziyadnz/hourly-ipv4,ziyadnz|hourly,2026-08-17T18:48:05Z,2026-08-17T18:48:05Z,
47.245.143.73,ipv4,malicious-ip,medium,WHITE,ziyadnz/hourly-ipv4,ziyadnz|hourly,2026-08-17T18:48:05Z,2026-08-17T18:48:05Z,
47.245.143.74,ipv4,malicious-ip,medium,WHITE,ziyadnz/hourly-ipv4,ziyadnz|hourly,2026-08-17T18:48:05Z,2026-08-17T18:48:05Z,
47.245.143.8,ipv4,malicious-ip,medium,WHITE,ziyadnz/hourly-ipv4,ziyadnz|hourly,2026-08-17T18:48:05Z,2026-08-17T18:48:05Z,
47.245.176.193,ipv4,malicious-ip,medium,WHITE,ziyadnz/hourly-ipv4,ziyadnz|hourly,2026-08-17T18:48:05Z,2026-08-17T18:48:05Z,
47.245.176.205,ipv4,malicious-ip,medium,WHITE,ziyadnz/hourly-ipv4,ziyadnz|hourly,2026-08-17T18:48:05Z,2026-08-17T18:48:05Z,
47.245.176.214,ipv4,malicious-ip,medium,WHITE,ziyadnz/hourly-ipv4,ziyadnz|hourly,2026-08-17T18:48:05Z,2026-08-17T18:48:05Z,
47.245.26.220,ipv4,malicious-ip,medium,WHITE,ziyadnz/hourly-ipv4,ziyadnz|hourly,2026-08-17T18:48:05Z,2026-08-17T18:48:05Z,
47.245.28.178,ipv4,malicious-ip,medium,WHITE,ziyadnz/hourly-ipv4,ziyadnz|hourly,2026-08-17T18:48:05Z,2026-08-17T18:48:05Z,
47.245.30.73,ipv4,malicious-ip,medium,WHITE,ziyadnz/hourly-ipv4,ziyadnz|hourly,2026-08-17T18:48:05Z,2026-08-17T18:48:05Z,
47.245.35.11,ipv4,malicious-ip,medium,WHITE,ziyadnz/hourly-ipv4,ziyadnz|hourly,2026-08-17T18:48:05Z,2026-08-17T18:48:05Z,
47.245.54.28,ipv4,malicious-ip,medium,WHITE,ziyadnz/hourly-ipv4,ziyadnz|hourly,2026-08-17T18:48:05Z,2026-08-17T18:48:05Z,
47.245.54.58,ipv4,malicious-ip,medium,WHITE,ziyadnz/hourly-ipv4,ziyadnz|hourly,2026-08-17T18:48:05Z,2026-08-17T18:48:05Z,
47.245.54.87,ipv4,malicious-ip,medium,WHITE,ziyadnz/hourly-ipv4,ziyadnz|hourly,2026-08-17T18:48:05Z,2026-08-17T18:48:05Z,
47.245.56.147,ipv4,malicious-ip,medium,WHITE,ziyadnz/hourly-ipv4,ziyadnz|hourly,2026-08-17T18:48:05Z,2026-08-17T18:48:05Z,
47.245.56.233,ipv4,malicious-ip,medium,WHITE,ziyadnz/hourly-ipv4,ziyadnz|hourly,2026-08-17T18:48:05Z,2026-08-17T18:48:05Z,
47.245.57.72,ipv4,malicious-ip,medium,WHITE,ziyadnz/hourly-ipv4,ziyadnz|hourly,2026-08-17T18:48:05Z,2026-08-17T18:48:05Z,
47.245.61.102,ipv4,malicious-ip,medium,WHITE,ziyadnz/hourly-ipv4,ziyadnz|hourly,2026-08-17T18:48:05Z,2026-08-17T18:48:05Z,
47.245.61.99,ipv4,malicious-ip,medium,WHITE,ziyadnz/hourly-ipv4,ziyadnz|hourly,2026-08-17T18:48:05Z,2026-08-17T18:48:05Z,
47.245.63.185,ipv4,malicious-ip,medium,WHITE,ziyadnz/hourly-ipv4,ziyadnz|hourly,2026-08-17T18:48:05Z,2026-08-17T18:48:05Z,
47.245.63.238,ipv4,malicious-ip,medium,WHITE,ziyadnz/hourly-ipv4,ziyadnz|hourly,2026-08-17T18:48:05Z,2026-08-17T18:48:05Z,
47.245.87.170,ipv4,malicious-ip,medium,WHITE,ziyadnz/hourly-ipv4,ziyadnz|hourly,2026-08-17T18:48:05Z,2026-08-17T18:48:05Z,
47.245.90.110,ipv4,malicious-ip,medium,WHITE,ziyadnz/hourly-ipv4,ziyadnz|hourly,2026-08-17T18:48:05Z,2026-08-17T18:48:05Z,
47.245.96.96,ipv4,malicious-ip,medium,WHITE,ziyadnz/hourly-ipv4,ziyadnz|hourly,2026-08-17T18:48:05Z,2026-08-17T18:48:05Z,
47.245.98.98,ipv4,malicious-ip,medium,WHITE,ziyadnz/hourly-ipv4,ziyadnz|hourly,2026-08-17T18:48:05Z,2026-08-17T18:48:05Z,
47.247.177.190,ipv4,malicious-ip,medium,WHITE,ziyadnz/hourly-ipv4,ziyadnz|hourly,2026-08-17T18:48:05Z,2026-08-17T18:48:05Z,
47.247.99.155,ipv4,malicious-ip,medium,WHITE,ziyadnz/hourly-ipv4,ziyadnz|hourly,2026-08-17T18:48:05Z,2026-08-17T18:48:05Z,
47.250.10.55,ipv4,malicious-ip,medium,WHITE,ziyadnz/hourly-ipv4,ziyadnz|hourly,2026-08-17T18:48:05Z,2026-08-17T18:48:05Z,
47.250.11.146,ipv4,malicious-ip,medium,WHITE,ziyadnz/hourly-ipv4,ziyadnz|hourly,2026-08-17T18:48:05Z,2026-08-17T18:48:05Z,
47.250.11.46,ipv4,malicious-ip,medium,WHITE,ziyadnz/hourly-ipv4,ziyadnz|hourly,2026-08-17T18:48:05Z,2026-08-17T18:48:05Z,
47.250.11.50,ipv4,malicious-ip,medium,WHITE,ziyadnz/hourly-ipv4,ziyadnz|hourly,2026-08-17T18:48:05Z,2026-08-17T18:48:05Z,
47.250.112.159,ipv4,malicious-ip,medium,WHITE,ziyadnz/hourly-ipv4,ziyadnz|hourly,2026-08-17T18:48:05Z,2026-08-17T18:48:05Z,
47.250.112.190,ipv4,malicious-ip,medium,WHITE,ziyadnz/hourly-ipv4,ziyadnz|hourly,2026-08-17T18:48:05Z,2026-08-17T18:48:05Z,
47.250.112.250,ipv4,malicious-ip,medium,WHITE,ziyadnz/hourly-ipv4,ziyadnz|hourly,2026-08-17T18:48:05Z,2026-08-17T18:48:05Z,
47.250.112.38,ipv4,malicious-ip,medium,WHITE,ziyadnz/hourly-ipv4,ziyadnz|hourly,2026-08-17T18:48:05Z,2026-08-17T18:48:05Z,
47.250.113.168,ipv4,malicious-ip,medium,WHITE,ziyadnz/hourly-ipv4,ziyadnz|hourly,2026-08-17T18:48:05Z,2026-08-17T18:48:05Z,
47.250.114.217,ipv4,malicious-ip,medium,WHITE,ziyadnz/hourly-ipv4,ziyadnz|hourly,2026-08-17T18:48:05Z,2026-08-17T18:48:05Z,
47.250.114.237,ipv4,malicious-ip,medium,WHITE,ziyadnz/hourly-ipv4,ziyadnz|hourly,2026-08-17T18:48:05Z,2026-08-17T18:48:05Z,
47.250.117.176,ipv4,malicious-ip,medium,WHITE,ziyadnz/hourly-ipv4,ziyadnz|hourly,2026-08-17T18:48:05Z,2026-08-17T18:48:05Z,
47.250.118.116,ipv4,malicious-ip,medium,WHITE,ziyadnz/hourly-ipv4,ziyadnz|hourly,2026-08-17T18:48:05Z,2026-08-17T18:48:05Z,
47.250.118.118,ipv4,malicious-ip,medium,WHITE,ziyadnz/hourly-ipv4,ziyadnz|hourly,2026-08-17T18:48:05Z,2026-08-17T18:48:05Z,
47.250.119.138,ipv4,malicious-ip,medium,WHITE,ziyadnz/hourly-ipv4,ziyadnz|hourly,2026-08-17T18:48:05Z,2026-08-17T18:48:05Z,
47.250.119.197,ipv4,malicious-ip,medium,WHITE,ziyadnz/hourly-ipv4,ziyadnz|hourly,2026-08-17T18:48:05Z,2026-08-17T18:48:05Z,
47.250.119.48,ipv4,malicious-ip,medium,WHITE,ziyadnz/hourly-ipv4,ziyadnz|hourly,2026-08-17T18:48:05Z,2026-08-17T18:48:05Z,
47.250.119.51,ipv4,malicious-ip,medium,WHITE,ziyadnz/hourly-ipv4,ziyadnz|hourly,2026-08-17T18:48:05Z,2026-08-17T18:48:05Z,
47.250.119.77,ipv4,malicious-ip,medium,WHITE,ziyadnz/hourly-ipv4,ziyadnz|hourly,2026-08-17T18:48:05Z,2026-08-17T18:48:05Z,
47.250.12.201,ipv4,malicious-ip,medium,WHITE,ziyadnz/hourly-ipv4,ziyadnz|hourly,2026-08-17T18:48:05Z,2026-08-17T18:48:05Z,
47.250.12.50,ipv4,malicious-ip,medium,WHITE,ziyadnz/hourly-ipv4,ziyadnz|hourly,2026-08-17T18:48:05Z,2026-08-17T18:48:05Z,
47.250.120.139,ipv4,malicious-ip,medium,WHITE,ziyadnz/hourly-ipv4,ziyadnz|hourly,2026-08-17T18:48:05Z,2026-08-17T18:48:05Z,
47.250.120.163,ipv4,malicious-ip,medium,WHITE,ziyadnz/hourly-ipv4,ziyadnz|hourly,2026-08-17T18:48:05Z,2026-08-17T18:48:05Z,
47.250.120.196,ipv4,malicious-ip,medium,WHITE,ziyadnz/hourly-ipv4,ziyadnz|hourly,2026-08-17T18:48:05Z,2026-08-17T18:48:05Z,
47.250.120.24,ipv4,malicious-ip,medium,WHITE,ziyadnz/hourly-ipv4,ziyadnz|hourly,2026-08-17T18:48:05Z,2026-08-17T18:48:05Z,
47.250.120.63,ipv4,malicious-ip,medium,WHITE,ziyadnz/hourly-ipv4,ziyadnz|hourly,2026-08-17T18:48:05Z,2026-08-17T18:48:05Z,
47.250.121.116,ipv4,malicious-ip,medium,WHITE,ziyadnz/hourly-ipv4,ziyadnz|hourly,2026-08-17T18:48:05Z,2026-08-17T18:48:05Z,
47.250.121.46,ipv4,malicious-ip,medium,WHITE,ziyadnz/hourly-ipv4,ziyadnz|hourly,2026-08-17T18:48:05Z,2026-08-17T18:48:05Z,
47.250.122.117,ipv4,malicious-ip,medium,WHITE,ziyadnz/hourly-ipv4,ziyadnz|hourly,2026-08-17T18:48:05Z,2026-08-17T18:48:05Z,
47.250.122.155,ipv4,malicious-ip,medium,WHITE,ziyadnz/hourly-ipv4,ziyadnz|hourly,2026-08-17T18:48:05Z,2026-08-17T18:48:05Z,
47.250.122.163,ipv4,malicious-ip,medium,WHITE,ziyadnz/hourly-ipv4,ziyadnz|hourly,2026-08-17T18:48:05Z,2026-08-17T18:48:05Z,
47.250.123.12,ipv4,malicious-ip,medium,WHITE,ziyadnz/hourly-ipv4,ziyadnz|hourly,2026-08-17T18:48:05Z,2026-08-17T18:48:05Z,
47.250.123.22,ipv4,malicious-ip,medium,WHITE,ziyadnz/hourly-ipv4,ziyadnz|hourly,2026-08-17T18:48:05Z,2026-08-17T18:48:05Z,
47.250.123.32,ipv4,malicious-ip,medium,WHITE,ziyadnz/hourly-ipv4,ziyadnz|hourly,2026-08-17T18:48:05Z,2026-08-17T18:48:05Z,
47.250.124.101,ipv4,malicious-ip,medium,WHITE,ziyadnz/hourly-ipv4,ziyadnz|hourly,2026-08-17T18:48:05Z,2026-08-17T18:48:05Z,
47.250.124.182,ipv4,malicious-ip,medium,WHITE,ziyadnz/hourly-ipv4,ziyadnz|hourly,2026-08-17T18:48:05Z,2026-08-17T18:48:05Z,
47.250.124.189,ipv4,malicious-ip,medium,WHITE,ziyadnz/hourly-ipv4,ziyadnz|hourly,2026-08-17T18:48:05Z,2026-08-17T18:48:05Z,
47.250.124.204,ipv4,malicious-ip,medium,WHITE,ziyadnz/hourly-ipv4,ziyadnz|hourly,2026-08-17T18:48:05Z,2026-08-17T18:48:05Z,
47.250.125.42,ipv4,malicious-ip,medium,WHITE,ziyadnz/hourly-ipv4,ziyadnz|hourly,2026-08-17T18:48:05Z,2026-08-17T18:48:05Z,
47.250.127.108,ipv4,malicious-ip,medium,WHITE,ziyadnz/hourly-ipv4,ziyadnz|hourly,2026-08-17T18:48:05Z,2026-08-17T18:48:05Z,
47.250.127.128,ipv4,malicious-ip,medium,WHITE,ziyadnz/hourly-ipv4,ziyadnz|hourly,2026-08-17T18:48:05Z,2026-08-17T18:48:05Z,
47.250.127.36,ipv4,malicious-ip,medium,WHITE,ziyadnz/hourly-ipv4,ziyadnz|hourly,2026-08-17T18:48:05Z,2026-08-17T18:48:05Z,
47.250.127.59,ipv4,malicious-ip,medium,WHITE,ziyadnz/hourly-ipv4,ziyadnz|hourly,2026-08-17T18:48:05Z,2026-08-17T18:48:05Z,
47.250.127.65,ipv4,malicious-ip,medium,WHITE,ziyadnz/hourly-ipv4,ziyadnz|hourly,2026-08-17T18:48:05Z,2026-08-17T18:48:05Z,
47.250.128.13,ipv4,malicious-ip,medium,WHITE,ziyadnz/hourly-ipv4,ziyadnz|hourly,2026-08-17T18:48:05Z,2026-08-17T18:48:05Z,
47.250.128.143,ipv4,malicious-ip,medium,WHITE,ziyadnz/hourly-ipv4,ziyadnz|hourly,2026-08-17T18:48:05Z,2026-08-17T18:48:05Z,
47.250.128.73,ipv4,malicious-ip,medium,WHITE,ziyadnz/hourly-ipv4,ziyadnz|hourly,2026-08-17T18:48:05Z,2026-08-17T18:48:05Z,
47.250.129.126,ipv4,malicious-ip,medium,WHITE,ziyadnz/hourly-ipv4,ziyadnz|hourly,2026-08-17T18:48:05Z,2026-08-17T18:48:05Z,
47.250.129.199,ipv4,malicious-ip,medium,WHITE,ziyadnz/hourly-ipv4,ziyadnz|hourly,2026-08-17T18:48:05Z,2026-08-17T18:48:05Z,
47.250.129.236,ipv4,malicious-ip,medium,WHITE,ziyadnz/hourly-ipv4,ziyadnz|hourly,2026-08-17T18:48:05Z,2026-08-17T18:48:05Z,
47.250.131.148,ipv4,malicious-ip,medium,WHITE,ziyadnz/hourly-ipv4,ziyadnz|hourly,2026-08-17T18:48:05Z,2026-08-17T18:48:05Z,
47.250.131.49,ipv4,malicious-ip,medium,WHITE,ziyadnz/hourly-ipv4,ziyadnz|hourly,2026-08-17T18:48:05Z,2026-08-17T18:48:05Z,
47.250.131.82,ipv4,malicious-ip,medium,WHITE,ziyadnz/hourly-ipv4,ziyadnz|hourly,2026-08-17T18:48:05Z,2026-08-17T18:48:05Z,
47.250.132.207,ipv4,malicious-ip,medium,WHITE,ziyadnz/hourly-ipv4,ziyadnz|hourly,2026-08-17T18:48:05Z,2026-08-17T18:48:05Z,
47.250.132.49,ipv4,malicious-ip,medium,WHITE,ziyadnz/hourly-ipv4,ziyadnz|hourly,2026-08-17T18:48:05Z,2026-08-17T18:48:05Z,
47.250.132.90,ipv4,malicious-ip,medium,WHITE,ziyadnz/hourly-ipv4,ziyadnz|hourly,2026-08-17T18:48:05Z,2026-08-17T18:48:05Z,
47.250.133.175,ipv4,malicious-ip,medium,WHITE,ziyadnz/hourly-ipv4,ziyadnz|hourly,2026-08-17T18:48:05Z,2026-08-17T18:48:05Z,
47.250.133.70,ipv4,malicious-ip,medium,WHITE,ziyadnz/hourly-ipv4,ziyadnz|hourly,2026-08-17T18:48:05Z,2026-08-17T18:48:05Z,
47.250.134.160,ipv4,malicious-ip,medium,WHITE,ziyadnz/hourly-ipv4,ziyadnz|hourly,2026-08-17T18:48:05Z,2026-08-17T18:48:05Z,
47.250.134.5,ipv4,malicious-ip,medium,WHITE,ziyadnz/hourly-ipv4,ziyadnz|hourly,2026-08-17T18:48:05Z,2026-08-17T18:48:05Z,
47.250.135.106,ipv4,malicious-ip,medium,WHITE,ziyadnz/hourly-ipv4,ziyadnz|hourly,2026-08-17T18:48:05Z,2026-08-17T18:48:05Z,
47.250.135.144,ipv4,malicious-ip,medium,WHITE,ziyadnz/hourly-ipv4,ziyadnz|hourly,2026-08-17T18:48:05Z,2026-08-17T18:48:05Z,
47.250.135.156,ipv4,malicious-ip,medium,WHITE,ziyadnz/hourly-ipv4,ziyadnz|hourly,2026-08-17T18:48:05Z,2026-08-17T18:48:05Z,
47.250.135.69,ipv4,malicious-ip,medium,WHITE,ziyadnz/hourly-ipv4,ziyadnz|hourly,2026-08-17T18:48:05Z,2026-08-17T18:48:05Z,
47.250.136.112,ipv4,malicious-ip,medium,WHITE,ziyadnz/hourly-ipv4,ziyadnz|hourly,2026-08-17T18:48:05Z,2026-08-17T18:48:05Z,
47.250.136.200,ipv4,malicious-ip,medium,WHITE,ziyadnz/hourly-ipv4,ziyadnz|hourly,2026-08-17T18:48:05Z,2026-08-17T18:48:05Z,
47.250.136.206,ipv4,malicious-ip,medium,WHITE,ziyadnz/hourly-ipv4,ziyadnz|hourly,2026-08-17T18:48:05Z,2026-08-17T18:48:05Z,
47.250.136.213,ipv4,malicious-ip,medium,WHITE,ziyadnz/hourly-ipv4,ziyadnz|hourly,2026-08-17T18:48:05Z,2026-08-17T18:48:05Z,
47.250.136.75,ipv4,malicious-ip,medium,WHITE,ziyadnz/hourly-ipv4,ziyadnz|hourly,2026-08-17T18:48:05Z,2026-08-17T18:48:05Z,
47.250.137.24,ipv4,malicious-ip,medium,WHITE,ziyadnz/hourly-ipv4,ziyadnz|hourly,2026-08-17T18:48:05Z,2026-08-17T18:48:05Z,
47.250.137.55,ipv4,malicious-ip,medium,WHITE,ziyadnz/hourly-ipv4,ziyadnz|hourly,2026-08-17T18:48:05Z,2026-08-17T18:48:05Z,
47.250.138.108,ipv4,malicious-ip,medium,WHITE,ziyadnz/hourly-ipv4,ziyadnz|hourly,2026-08-17T18:48:05Z,2026-08-17T18:48:05Z,
47.250.138.208,ipv4,malicious-ip,medium,WHITE,ziyadnz/hourly-ipv4,ziyadnz|hourly,2026-08-17T18:48:05Z,2026-08-17T18:48:05Z,
47.250.139.239,ipv4,malicious-ip,medium,WHITE,ziyadnz/hourly-ipv4,ziyadnz|hourly,2026-08-17T18:48:05Z,2026-08-17T18:48:05Z,
47.250.14.85,ipv4,malicious-ip,medium,WHITE,ziyadnz/hourly-ipv4,ziyadnz|hourly,2026-08-17T18:48:05Z,2026-08-17T18:48:05Z,
47.250.140.130,ipv4,malicious-ip,medium,WHITE,ziyadnz/hourly-ipv4,ziyadnz|hourly,2026-08-17T18:48:05Z,2026-08-17T18:48:05Z,
47.250.140.248,ipv4,malicious-ip,medium,WHITE,ziyadnz/hourly-ipv4,ziyadnz|hourly,2026-08-17T18:48:05Z,2026-08-17T18:48:05Z,
47.250.141.111,ipv4,malicious-ip,medium,WHITE,ziyadnz/hourly-ipv4,ziyadnz|hourly,2026-08-17T18:48:05Z,2026-08-17T18:48:05Z,
47.250.141.141,ipv4,malicious-ip,medium,WHITE,ziyadnz/hourly-ipv4,ziyadnz|hourly,2026-08-17T18:48:05Z,2026-08-17T18:48:05Z,
47.250.141.6,ipv4,malicious-ip,medium,WHITE,ziyadnz/hourly-ipv4,ziyadnz|hourly,2026-08-17T18:48:05Z,2026-08-17T18:48:05Z,
47.250.142.113,ipv4,malicious-ip,medium,WHITE,ziyadnz/hourly-ipv4,ziyadnz|hourly,2026-08-17T18:48:05Z,2026-08-17T18:48:05Z,
47.250.142.12,ipv4,malicious-ip,medium,WHITE,ziyadnz/hourly-ipv4,ziyadnz|hourly,2026-08-17T18:48:05Z,2026-08-17T18:48:05Z,
47.250.143.234,ipv4,malicious-ip,medium,WHITE,ziyadnz/hourly-ipv4,ziyadnz|hourly,2026-08-17T18:48:05Z,2026-08-17T18:48:05Z,
47.250.143.46,ipv4,malicious-ip,medium,WHITE,ziyadnz/hourly-ipv4,ziyadnz|hourly,2026-08-17T18:48:05Z,2026-08-17T18:48:05Z,
47.250.144.161,ipv4,malicious-ip,medium,WHITE,ziyadnz/hourly-ipv4,ziyadnz|hourly,2026-08-17T18:48:05Z,2026-08-17T18:48:05Z,
47.250.145.140,ipv4,malicious-ip,medium,WHITE,ziyadnz/hourly-ipv4,ziyadnz|hourly,2026-08-17T18:48:05Z,2026-08-17T18:48:05Z,
47.250.145.152,ipv4,malicious-ip,medium,WHITE,ziyadnz/hourly-ipv4,ziyadnz|hourly,2026-08-17T18:48:05Z,2026-08-17T18:48:05Z,
47.250.146.216,ipv4,malicious-ip,medium,WHITE,ziyadnz/hourly-ipv4,ziyadnz|hourly,2026-08-17T18:48:05Z,2026-08-17T18:48:05Z,
47.250.146.92,ipv4,malicious-ip,medium,WHITE,ziyadnz/hourly-ipv4,ziyadnz|hourly,2026-08-17T18:48:05Z,2026-08-17T18:48:05Z,
47.250.147.131,ipv4,malicious-ip,medium,WHITE,ziyadnz/hourly-ipv4,ziyadnz|hourly,2026-08-17T18:48:05Z,2026-08-17T18:48:05Z,
47.250.147.252,ipv4,malicious-ip,medium,WHITE,ziyadnz/hourly-ipv4,ziyadnz|hourly,2026-08-17T18:48:05Z,2026-08-17T18:48:05Z,
47.250.147.77,ipv4,malicious-ip,medium,WHITE,ziyadnz/hourly-ipv4,ziyadnz|hourly,2026-08-17T18:48:05Z,2026-08-17T18:48:05Z,
47.250.148.91,ipv4,malicious-ip,medium,WHITE,ziyadnz/hourly-ipv4,ziyadnz|hourly,2026-08-17T18:48:05Z,2026-08-17T18:48:05Z,
47.250.150.150,ipv4,malicious-ip,medium,WHITE,ziyadnz/hourly-ipv4,ziyadnz|hourly,2026-08-17T18:48:05Z,2026-08-17T18:48:05Z,
47.250.150.221,ipv4,malicious-ip,medium,WHITE,ziyadnz/hourly-ipv4,ziyadnz|hourly,2026-08-17T18:48:05Z,2026-08-17T18:48:05Z,
47.250.150.236,ipv4,malicious-ip,medium,WHITE,ziyadnz/hourly-ipv4,ziyadnz|hourly,2026-08-17T18:48:05Z,2026-08-17T18:48:05Z,
47.250.150.252,ipv4,malicious-ip,medium,WHITE,ziyadnz/hourly-ipv4,ziyadnz|hourly,2026-08-17T18:48:05Z,2026-08-17T18:48:05Z,
47.250.150.255,ipv4,malicious-ip,medium,WHITE,ziyadnz/hourly-ipv4,ziyadnz|hourly,2026-08-17T18:48:05Z,2026-08-17T18:48:05Z,
47.250.151.109,ipv4,malicious-ip,medium,WHITE,ziyadnz/hourly-ipv4,ziyadnz|hourly,2026-08-17T18:48:05Z,2026-08-17T18:48:05Z,
47.250.151.47,ipv4,malicious-ip,medium,WHITE,ziyadnz/hourly-ipv4,ziyadnz|hourly,2026-08-17T18:48:05Z,2026-08-17T18:48:05Z,
47.250.152.203,ipv4,malicious-ip,medium,WHITE,ziyadnz/hourly-ipv4,ziyadnz|hourly,2026-08-17T18:48:05Z,2026-08-17T18:48:05Z,
47.250.152.22,ipv4,malicious-ip,medium,WHITE,ziyadnz/hourly-ipv4,ziyadnz|hourly,2026-08-17T18:48:05Z,2026-08-17T18:48:05Z,
47.250.155.102,ipv4,malicious-ip,medium,WHITE,ziyadnz/hourly-ipv4,ziyadnz|hourly,2026-08-17T18:48:05Z,2026-08-17T18:48:05Z,
47.250.155.223,ipv4,malicious-ip,medium,WHITE,ziyadnz/hourly-ipv4,ziyadnz|hourly,2026-08-17T18:48:05Z,2026-08-17T18:48:05Z,
47.250.156.200,ipv4,malicious-ip,medium,WHITE,ziyadnz/hourly-ipv4,ziyadnz|hourly,2026-08-17T18:48:05Z,2026-08-17T18:48:05Z,
47.250.157.148,ipv4,malicious-ip,medium,WHITE,ziyadnz/hourly-ipv4,ziyadnz|hourly,2026-08-17T18:48:05Z,2026-08-17T18:48:05Z,
47.250.158.140,ipv4,malicious-ip,medium,WHITE,ziyadnz/hourly-ipv4,ziyadnz|hourly,2026-08-17T18:48:05Z,2026-08-17T18:48:05Z,
47.250.158.21,ipv4,malicious-ip,medium,WHITE,ziyadnz/hourly-ipv4,ziyadnz|hourly,2026-08-17T18:48:05Z,2026-08-17T18:48:05Z,
47.250.158.4,ipv4,malicious-ip,medium,WHITE,ziyadnz/hourly-ipv4,ziyadnz|hourly,2026-08-17T18:48:05Z,2026-08-17T18:48:05Z,
47.250.159.164,ipv4,malicious-ip,medium,WHITE,ziyadnz/hourly-ipv4,ziyadnz|hourly,2026-08-17T18:48:05Z,2026-08-17T18:48:05Z,
47.250.159.245,ipv4,malicious-ip,medium,WHITE,ziyadnz/hourly-ipv4,ziyadnz|hourly,2026-08-17T18:48:05Z,2026-08-17T18:48:05Z,
47.250.160.119,ipv4,malicious-ip,medium,WHITE,ziyadnz/hourly-ipv4,ziyadnz|hourly,2026-08-17T18:48:05Z,2026-08-17T18:48:05Z,
47.250.160.149,ipv4,malicious-ip,medium,WHITE,ziyadnz/hourly-ipv4,ziyadnz|hourly,2026-08-17T18:48:05Z,2026-08-17T18:48:05Z,
47.250.160.227,ipv4,malicious-ip,medium,WHITE,ziyadnz/hourly-ipv4,ziyadnz|hourly,2026-08-17T18:48:05Z,2026-08-17T18:48:05Z,
47.250.160.243,ipv4,malicious-ip,medium,WHITE,ziyadnz/hourly-ipv4,ziyadnz|hourly,2026-08-17T18:48:05Z,2026-08-17T18:48:05Z,
47.250.160.72,ipv4,malicious-ip,medium,WHITE,ziyadnz/hourly-ipv4,ziyadnz|hourly,2026-08-17T18:48:05Z,2026-08-17T18:48:05Z,
47.250.160.83,ipv4,malicious-ip,medium,WHITE,ziyadnz/hourly-ipv4,ziyadnz|hourly,2026-08-17T18:48:05Z,2026-08-17T18:48:05Z,
47.250.160.98,ipv4,malicious-ip,medium,WHITE,ziyadnz/hourly-ipv4,ziyadnz|hourly,2026-08-17T18:48:05Z,2026-08-17T18:48:05Z,
47.250.161.156,ipv4,malicious-ip,medium,WHITE,ziyadnz/hourly-ipv4,ziyadnz|hourly,2026-08-17T18:48:05Z,2026-08-17T18:48:05Z,
47.250.161.217,ipv4,malicious-ip,medium,WHITE,ziyadnz/hourly-ipv4,ziyadnz|hourly,2026-08-17T18:48:05Z,2026-08-17T18:48:05Z,
47.250.161.218,ipv4,malicious-ip,medium,WHITE,ziyadnz/hourly-ipv4,ziyadnz|hourly,2026-08-17T18:48:05Z,2026-08-17T18:48:05Z,
47.250.161.62,ipv4,malicious-ip,medium,WHITE,ziyadnz/hourly-ipv4,ziyadnz|hourly,2026-08-17T18:48:05Z,2026-08-17T18:48:05Z,
47.250.161.80,ipv4,malicious-ip,medium,WHITE,ziyadnz/hourly-ipv4,ziyadnz|hourly,2026-08-17T18:48:05Z,2026-08-17T18:48:05Z,
47.250.162.17,ipv4,malicious-ip,medium,WHITE,ziyadnz/hourly-ipv4,ziyadnz|hourly,2026-08-17T18:48:05Z,2026-08-17T18:48:05Z,
47.250.162.200,ipv4,malicious-ip,medium,WHITE,ziyadnz/hourly-ipv4,ziyadnz|hourly,2026-08-17T18:48:05Z,2026-08-17T18:48:05Z,
47.250.162.41,ipv4,malicious-ip,medium,WHITE,ziyadnz/hourly-ipv4,ziyadnz|hourly,2026-08-17T18:48:05Z,2026-08-17T18:48:05Z,
47.250.163.20,ipv4,malicious-ip,medium,WHITE,ziyadnz/hourly-ipv4,ziyadnz|hourly,2026-08-17T18:48:05Z,2026-08-17T18:48:05Z,
47.250.163.215,ipv4,malicious-ip,medium,WHITE,ziyadnz/hourly-ipv4,ziyadnz|hourly,2026-08-17T18:48:05Z,2026-08-17T18:48:05Z,
47.250.164.10,ipv4,malicious-ip,medium,WHITE,ziyadnz/hourly-ipv4,ziyadnz|hourly,2026-08-17T18:48:05Z,2026-08-17T18:48:05Z,
47.250.169.122,ipv4,malicious-ip,medium,WHITE,ziyadnz/hourly-ipv4,ziyadnz|hourly,2026-08-17T18:48:05Z,2026-08-17T18:48:05Z,
47.250.171.148,ipv4,malicious-ip,medium,WHITE,ziyadnz/hourly-ipv4,ziyadnz|hourly,2026-08-17T18:48:05Z,2026-08-17T18:48:05Z,
47.250.171.20,ipv4,malicious-ip,medium,WHITE,ziyadnz/hourly-ipv4,ziyadnz|hourly,2026-08-17T18:48:05Z,2026-08-17T18:48:05Z,
47.250.172.169,ipv4,malicious-ip,medium,WHITE,ziyadnz/hourly-ipv4,ziyadnz|hourly,2026-08-17T18:48:05Z,2026-08-17T18:48:05Z,
47.250.172.208,ipv4,malicious-ip,medium,WHITE,ziyadnz/hourly-ipv4,ziyadnz|hourly,2026-08-17T18:48:05Z,2026-08-17T18:48:05Z,
47.250.172.64,ipv4,malicious-ip,medium,WHITE,ziyadnz/hourly-ipv4,ziyadnz|hourly,2026-08-17T18:48:05Z,2026-08-17T18:48:05Z,
47.250.172.71,ipv4,malicious-ip,medium,WHITE,ziyadnz/hourly-ipv4,ziyadnz|hourly,2026-08-17T18:48:05Z,2026-08-17T18:48:05Z,
47.250.174.4,ipv4,malicious-ip,medium,WHITE,ziyadnz/hourly-ipv4,ziyadnz|hourly,2026-08-17T18:48:05Z,2026-08-17T18:48:05Z,
47.250.175.135,ipv4,malicious-ip,medium,WHITE,ziyadnz/hourly-ipv4,ziyadnz|hourly,2026-08-17T18:48:05Z,2026-08-17T18:48:05Z,
47.250.175.148,ipv4,malicious-ip,medium,WHITE,ziyadnz/hourly-ipv4,ziyadnz|hourly,2026-08-17T18:48:05Z,2026-08-17T18:48:05Z,
47.250.175.231,ipv4,malicious-ip,medium,WHITE,ziyadnz/hourly-ipv4,ziyadnz|hourly,2026-08-17T18:48:05Z,2026-08-17T18:48:05Z,
47.250.175.33,ipv4,malicious-ip,medium,WHITE,ziyadnz/hourly-ipv4,ziyadnz|hourly,2026-08-17T18:48:05Z,2026-08-17T18:48:05Z,
47.250.176.173,ipv4,malicious-ip,medium,WHITE,ziyadnz/hourly-ipv4,ziyadnz|hourly,2026-08-17T18:48:05Z,2026-08-17T18:48:05Z,
47.250.178.28,ipv4,malicious-ip,medium,WHITE,ziyadnz/hourly-ipv4,ziyadnz|hourly,2026-08-17T18:48:05Z,2026-08-17T18:48:05Z,
47.250.178.39,ipv4,malicious-ip,medium,WHITE,ziyadnz/hourly-ipv4,ziyadnz|hourly,2026-08-17T18:48:05Z,2026-08-17T18:48:05Z,
47.250.178.53,ipv4,malicious-ip,medium,WHITE,ziyadnz/hourly-ipv4,ziyadnz|hourly,2026-08-17T18:48:05Z,2026-08-17T18:48:05Z,
47.250.178.80,ipv4,malicious-ip,medium,WHITE,ziyadnz/hourly-ipv4,ziyadnz|hourly,2026-08-17T18:48:05Z,2026-08-17T18:48:05Z,
47.250.178.89,ipv4,malicious-ip,medium,WHITE,ziyadnz/hourly-ipv4,ziyadnz|hourly,2026-08-17T18:48:05Z,2026-08-17T18:48:05Z,
47.250.179.209,ipv4,malicious-ip,medium,WHITE,ziyadnz/hourly-ipv4,ziyadnz|hourly,2026-08-17T18:48:05Z,2026-08-17T18:48:05Z,
47.250.179.242,ipv4,malicious-ip,medium,WHITE,ziyadnz/hourly-ipv4,ziyadnz|hourly,2026-08-17T18:48:05Z,2026-08-17T18:48:05Z,
47.250.180.183,ipv4,malicious-ip,medium,WHITE,ziyadnz/hourly-ipv4,ziyadnz|hourly,2026-08-17T18:48:05Z,2026-08-17T18:48:05Z,
47.250.181.125,ipv4,malicious-ip,medium,WHITE,ziyadnz/hourly-ipv4,ziyadnz|hourly,2026-08-17T18:48:05Z,2026-08-17T18:48:05Z,
47.250.181.248,ipv4,malicious-ip,medium,WHITE,ziyadnz/hourly-ipv4,ziyadnz|hourly,2026-08-17T18:48:05Z,2026-08-17T18:48:05Z,
47.250.182.206,ipv4,malicious-ip,medium,WHITE,ziyadnz/hourly-ipv4,ziyadnz|hourly,2026-08-17T18:48:05Z,2026-08-17T18:48:05Z,
47.250.182.84,ipv4,malicious-ip,medium,WHITE,ziyadnz/hourly-ipv4,ziyadnz|hourly,2026-08-17T18:48:05Z,2026-08-17T18:48:05Z,
47.250.184.67,ipv4,malicious-ip,medium,WHITE,ziyadnz/hourly-ipv4,ziyadnz|hourly,2026-08-17T18:48:05Z,2026-08-17T18:48:05Z,
47.250.184.9,ipv4,malicious-ip,medium,WHITE,ziyadnz/hourly-ipv4,ziyadnz|hourly,2026-08-17T18:48:05Z,2026-08-17T18:48:05Z,
47.250.185.131,ipv4,malicious-ip,medium,WHITE,ziyadnz/hourly-ipv4,ziyadnz|hourly,2026-08-17T18:48:05Z,2026-08-17T18:48:05Z,
47.250.185.143,ipv4,malicious-ip,medium,WHITE,ziyadnz/hourly-ipv4,ziyadnz|hourly,2026-08-17T18:48:05Z,2026-08-17T18:48:05Z,
47.250.185.80,ipv4,malicious-ip,medium,WHITE,ziyadnz/hourly-ipv4,ziyadnz|hourly,2026-08-17T18:48:05Z,2026-08-17T18:48:05Z,
47.250.186.207,ipv4,malicious-ip,medium,WHITE,ziyadnz/hourly-ipv4,ziyadnz|hourly,2026-08-17T18:48:05Z,2026-08-17T18:48:05Z,
47.250.186.255,ipv4,malicious-ip,medium,WHITE,ziyadnz/hourly-ipv4,ziyadnz|hourly,2026-08-17T18:48:05Z,2026-08-17T18:48:05Z,
47.250.186.31,ipv4,malicious-ip,medium,WHITE,ziyadnz/hourly-ipv4,ziyadnz|hourly,2026-08-17T18:48:05Z,2026-08-17T18:48:05Z,
47.250.187.152,ipv4,malicious-ip,medium,WHITE,ziyadnz/hourly-ipv4,ziyadnz|hourly,2026-08-17T18:48:05Z,2026-08-17T18:48:05Z,
47.250.187.3,ipv4,malicious-ip,medium,WHITE,ziyadnz/hourly-ipv4,ziyadnz|hourly,2026-08-17T18:48:05Z,2026-08-17T18:48:05Z,
47.250.188.105,ipv4,malicious-ip,medium,WHITE,ziyadnz/hourly-ipv4,ziyadnz|hourly,2026-08-17T18:48:05Z,2026-08-17T18:48:05Z,
47.250.188.48,ipv4,malicious-ip,medium,WHITE,ziyadnz/hourly-ipv4,ziyadnz|hourly,2026-08-17T18:48:05Z,2026-08-17T18:48:05Z,
47.250.189.193,ipv4,malicious-ip,medium,WHITE,ziyadnz/hourly-ipv4,ziyadnz|hourly,2026-08-17T18:48:05Z,2026-08-17T18:48:05Z,
47.250.189.20,ipv4,malicious-ip,medium,WHITE,ziyadnz/hourly-ipv4,ziyadnz|hourly,2026-08-17T18:48:05Z,2026-08-17T18:48:05Z,
47.250.189.46,ipv4,malicious-ip,medium,WHITE,ziyadnz/hourly-ipv4,ziyadnz|hourly,2026-08-17T18:48:05Z,2026-08-17T18:48:05Z,
47.250.190.125,ipv4,malicious-ip,medium,WHITE,ziyadnz/hourly-ipv4,ziyadnz|hourly,2026-08-17T18:48:05Z,2026-08-17T18:48:05Z,
47.250.192.158,ipv4,malicious-ip,medium,WHITE,ziyadnz/hourly-ipv4,ziyadnz|hourly,2026-08-17T18:48:05Z,2026-08-17T18:48:05Z,
47.250.192.18,ipv4,malicious-ip,medium,WHITE,ziyadnz/hourly-ipv4,ziyadnz|hourly,2026-08-17T18:48:05Z,2026-08-17T18:48:05Z,
47.250.193.165,ipv4,malicious-ip,medium,WHITE,ziyadnz/hourly-ipv4,ziyadnz|hourly,2026-08-17T18:48:05Z,2026-08-17T18:48:05Z,
47.250.193.75,ipv4,malicious-ip,medium,WHITE,ziyadnz/hourly-ipv4,ziyadnz|hourly,2026-08-17T18:48:05Z,2026-08-17T18:48:05Z,
47.250.194.161,ipv4,malicious-ip,medium,WHITE,ziyadnz/hourly-ipv4,ziyadnz|hourly,2026-08-17T18:48:05Z,2026-08-17T18:48:05Z,
47.250.194.184,ipv4,malicious-ip,medium,WHITE,ziyadnz/hourly-ipv4,ziyadnz|hourly,2026-08-17T18:48:05Z,2026-08-17T18:48:05Z,
47.250.194.224,ipv4,malicious-ip,medium,WHITE,ziyadnz/hourly-ipv4,ziyadnz|hourly,2026-08-17T18:48:05Z,2026-08-17T18:48:05Z,
47.250.195.177,ipv4,malicious-ip,medium,WHITE,ziyadnz/hourly-ipv4,ziyadnz|hourly,2026-08-17T18:48:05Z,2026-08-17T18:48:05Z,
47.250.195.73,ipv4,malicious-ip,medium,WHITE,ziyadnz/hourly-ipv4,ziyadnz|hourly,2026-08-17T18:48:05Z,2026-08-17T18:48:05Z,
47.250.195.84,ipv4,malicious-ip,medium,WHITE,ziyadnz/hourly-ipv4,ziyadnz|hourly,2026-08-17T18:48:05Z,2026-08-17T18:48:05Z,
47.250.196.123,ipv4,malicious-ip,medium,WHITE,ziyadnz/hourly-ipv4,ziyadnz|hourly,2026-08-17T18:48:05Z,2026-08-17T18:48:05Z,
47.250.211.53,ipv4,malicious-ip,medium,WHITE,ziyadnz/hourly-ipv4,ziyadnz|hourly,2026-08-17T18:48:05Z,2026-08-17T18:48:05Z,
47.250.36.167,ipv4,malicious-ip,medium,WHITE,ziyadnz/hourly-ipv4,ziyadnz|hourly,2026-08-17T18:48:05Z,2026-08-17T18:48:05Z,
47.250.37.13,ipv4,malicious-ip,medium,WHITE,ziyadnz/hourly-ipv4,ziyadnz|hourly,2026-08-17T18:48:05Z,2026-08-17T18:48:05Z,
47.250.37.179,ipv4,malicious-ip,medium,WHITE,ziyadnz/hourly-ipv4,ziyadnz|hourly,2026-08-17T18:48:05Z,2026-08-17T18:48:05Z,
47.250.37.210,ipv4,malicious-ip,medium,WHITE,ziyadnz/hourly-ipv4,ziyadnz|hourly,2026-08-17T18:48:05Z,2026-08-17T18:48:05Z,
47.250.37.58,ipv4,malicious-ip,medium,WHITE,ziyadnz/hourly-ipv4,ziyadnz|hourly,2026-08-17T18:48:05Z,2026-08-17T18:48:05Z,
47.250.38.169,ipv4,malicious-ip,medium,WHITE,ziyadnz/hourly-ipv4,ziyadnz|hourly,2026-08-17T18:48:05Z,2026-08-17T18:48:05Z,
47.250.38.192,ipv4,malicious-ip,medium,WHITE,ziyadnz/hourly-ipv4,ziyadnz|hourly,2026-08-17T18:48:05Z,2026-08-17T18:48:05Z,
47.250.38.242,ipv4,malicious-ip,medium,WHITE,ziyadnz/hourly-ipv4,ziyadnz|hourly,2026-08-17T18:48:05Z,2026-08-17T18:48:05Z,
47.250.38.64,ipv4,malicious-ip,medium,WHITE,ziyadnz/hourly-ipv4,ziyadnz|hourly,2026-08-17T18:48:05Z,2026-08-17T18:48:05Z,
47.250.38.74,ipv4,malicious-ip,medium,WHITE,ziyadnz/hourly-ipv4,ziyadnz|hourly,2026-08-17T18:48:05Z,2026-08-17T18:48:05Z,
47.250.39.4,ipv4,malicious-ip,medium,WHITE,ziyadnz/hourly-ipv4,ziyadnz|hourly,2026-08-17T18:48:05Z,2026-08-17T18:48:05Z,
47.250.40.181,ipv4,malicious-ip,medium,WHITE,ziyadnz/hourly-ipv4,ziyadnz|hourly,2026-08-17T18:48:05Z,2026-08-17T18:48:05Z,
47.250.42.174,ipv4,malicious-ip,medium,WHITE,ziyadnz/hourly-ipv4,ziyadnz|hourly,2026-08-17T18:48:05Z,2026-08-17T18:48:05Z,
47.250.42.200,ipv4,malicious-ip,medium,WHITE,ziyadnz/hourly-ipv4,ziyadnz|hourly,2026-08-17T18:48:05Z,2026-08-17T18:48:05Z,
47.250.43.176,ipv4,malicious-ip,medium,WHITE,ziyadnz/hourly-ipv4,ziyadnz|hourly,2026-08-17T18:48:05Z,2026-08-17T18:48:05Z,
47.250.44.127,ipv4,malicious-ip,medium,WHITE,ziyadnz/hourly-ipv4,ziyadnz|hourly,2026-08-17T18:48:05Z,2026-08-17T18:48:05Z,
47.250.44.178,ipv4,malicious-ip,medium,WHITE,ziyadnz/hourly-ipv4,ziyadnz|hourly,2026-08-17T18:48:05Z,2026-08-17T18:48:05Z,
47.250.45.160,ipv4,malicious-ip,medium,WHITE,ziyadnz/hourly-ipv4,ziyadnz|hourly,2026-08-17T18:48:05Z,2026-08-17T18:48:05Z,
47.250.45.238,ipv4,malicious-ip,medium,WHITE,ziyadnz/hourly-ipv4,ziyadnz|hourly,2026-08-17T18:48:05Z,2026-08-17T18:48:05Z,
47.250.45.94,ipv4,malicious-ip,medium,WHITE,ziyadnz/hourly-ipv4,ziyadnz|hourly,2026-08-17T18:48:05Z,2026-08-17T18:48:05Z,
47.250.46.113,ipv4,malicious-ip,medium,WHITE,ziyadnz/hourly-ipv4,ziyadnz|hourly,2026-08-17T18:48:05Z,2026-08-17T18:48:05Z,
47.250.47.28,ipv4,malicious-ip,medium,WHITE,ziyadnz/hourly-ipv4,ziyadnz|hourly,2026-08-17T18:48:05Z,2026-08-17T18:48:05Z,
47.250.47.45,ipv4,malicious-ip,medium,WHITE,ziyadnz/hourly-ipv4,ziyadnz|hourly,2026-08-17T18:48:05Z,2026-08-17T18:48:05Z,
47.250.47.47,ipv4,malicious-ip,medium,WHITE,ziyadnz/hourly-ipv4,ziyadnz|hourly,2026-08-17T18:48:05Z,2026-08-17T18:48:05Z,
47.250.48.30,ipv4,malicious-ip,medium,WHITE,ziyadnz/hourly-ipv4,ziyadnz|hourly,2026-08-17T18:48:05Z,2026-08-17T18:48:05Z,
47.250.49.246,ipv4,malicious-ip,medium,WHITE,ziyadnz/hourly-ipv4,ziyadnz|hourly,2026-08-17T18:48:05Z,2026-08-17T18:48:05Z,
47.250.49.81,ipv4,malicious-ip,medium,WHITE,ziyadnz/hourly-ipv4,ziyadnz|hourly,2026-08-17T18:48:05Z,2026-08-17T18:48:05Z,
47.250.50.233,ipv4,malicious-ip,medium,WHITE,ziyadnz/hourly-ipv4,ziyadnz|hourly,2026-08-17T18:48:05Z,2026-08-17T18:48:05Z,
47.250.51.154,ipv4,malicious-ip,medium,WHITE,ziyadnz/hourly-ipv4,ziyadnz|hourly,2026-08-17T18:48:05Z,2026-08-17T18:48:05Z,
47.250.51.246,ipv4,malicious-ip,medium,WHITE,ziyadnz/hourly-ipv4,ziyadnz|hourly,2026-08-17T18:48:05Z,2026-08-17T18:48:05Z,
47.250.51.32,ipv4,malicious-ip,medium,WHITE,ziyadnz/hourly-ipv4,ziyadnz|hourly,2026-08-17T18:48:05Z,2026-08-17T18:48:05Z,
47.250.51.86,ipv4,malicious-ip,medium,WHITE,ziyadnz/hourly-ipv4,ziyadnz|hourly,2026-08-17T18:48:05Z,2026-08-17T18:48:05Z,
47.250.52.227,ipv4,malicious-ip,medium,WHITE,ziyadnz/hourly-ipv4,ziyadnz|hourly,2026-08-17T18:48:05Z,2026-08-17T18:48:05Z,
47.250.53.113,ipv4,malicious-ip,medium,WHITE,ziyadnz/hourly-ipv4,ziyadnz|hourly,2026-08-17T18:48:05Z,2026-08-17T18:48:05Z,
47.250.53.172,ipv4,malicious-ip,medium,WHITE,ziyadnz/hourly-ipv4,ziyadnz|hourly,2026-08-17T18:48:05Z,2026-08-17T18:48:05Z,
47.250.53.69,ipv4,malicious-ip,medium,WHITE,ziyadnz/hourly-ipv4,ziyadnz|hourly,2026-08-17T18:48:05Z,2026-08-17T18:48:05Z,
47.250.54.157,ipv4,malicious-ip,medium,WHITE,ziyadnz/hourly-ipv4,ziyadnz|hourly,2026-08-17T18:48:05Z,2026-08-17T18:48:05Z,
47.250.54.17,ipv4,malicious-ip,medium,WHITE,ziyadnz/hourly-ipv4,ziyadnz|hourly,2026-08-17T18:48:05Z,2026-08-17T18:48:05Z,
47.250.54.233,ipv4,malicious-ip,medium,WHITE,ziyadnz/hourly-ipv4,ziyadnz|hourly,2026-08-17T18:48:05Z,2026-08-17T18:48:05Z,
47.250.54.66,ipv4,malicious-ip,medium,WHITE,ziyadnz/hourly-ipv4,ziyadnz|hourly,2026-08-17T18:48:05Z,2026-08-17T18:48:05Z,
47.250.55.10,ipv4,malicious-ip,medium,WHITE,ziyadnz/hourly-ipv4,ziyadnz|hourly,2026-08-17T18:48:05Z,2026-08-17T18:48:05Z,
47.250.55.117,ipv4,malicious-ip,medium,WHITE,ziyadnz/hourly-ipv4,ziyadnz|hourly,2026-08-17T18:48:05Z,2026-08-17T18:48:05Z,
47.250.55.12,ipv4,malicious-ip,medium,WHITE,ziyadnz/hourly-ipv4,ziyadnz|hourly,2026-08-17T18:48:05Z,2026-08-17T18:48:05Z,
47.250.55.156,ipv4,malicious-ip,medium,WHITE,ziyadnz/hourly-ipv4,ziyadnz|hourly,2026-08-17T18:48:05Z,2026-08-17T18:48:05Z,
47.250.55.210,ipv4,malicious-ip,medium,WHITE,ziyadnz/hourly-ipv4,ziyadnz|hourly,2026-08-17T18:48:05Z,2026-08-17T18:48:05Z,
47.250.55.77,ipv4,malicious-ip,medium,WHITE,ziyadnz/hourly-ipv4,ziyadnz|hourly,2026-08-17T18:48:05Z,2026-08-17T18:48:05Z,
47.250.57.127,ipv4,malicious-ip,medium,WHITE,ziyadnz/hourly-ipv4,ziyadnz|hourly,2026-08-17T18:48:05Z,2026-08-17T18:48:05Z,
47.250.57.175,ipv4,malicious-ip,medium,WHITE,ziyadnz/hourly-ipv4,ziyadnz|hourly,2026-08-17T18:48:05Z,2026-08-17T18:48:05Z,
47.250.57.8,ipv4,malicious-ip,medium,WHITE,ziyadnz/hourly-ipv4,ziyadnz|hourly,2026-08-17T18:48:05Z,2026-08-17T18:48:05Z,
47.250.58.156,ipv4,malicious-ip,medium,WHITE,ziyadnz/hourly-ipv4,ziyadnz|hourly,2026-08-17T18:48:05Z,2026-08-17T18:48:05Z,
47.250.58.33,ipv4,malicious-ip,medium,WHITE,ziyadnz/hourly-ipv4,ziyadnz|hourly,2026-08-17T18:48:05Z,2026-08-17T18:48:05Z,
47.250.59.1,ipv4,malicious-ip,medium,WHITE,ziyadnz/hourly-ipv4,ziyadnz|hourly,2026-08-17T18:48:05Z,2026-08-17T18:48:05Z,
47.250.59.60,ipv4,malicious-ip,medium,WHITE,ziyadnz/hourly-ipv4,ziyadnz|hourly,2026-08-17T18:48:05Z,2026-08-17T18:48:05Z,
47.250.80.106,ipv4,malicious-ip,medium,WHITE,ziyadnz/hourly-ipv4,ziyadnz|hourly,2026-08-17T18:48:05Z,2026-08-17T18:48:05Z,
47.250.80.121,ipv4,malicious-ip,medium,WHITE,ziyadnz/hourly-ipv4,ziyadnz|hourly,2026-08-17T18:48:05Z,2026-08-17T18:48:05Z,
47.250.80.193,ipv4,malicious-ip,medium,WHITE,ziyadnz/hourly-ipv4,ziyadnz|hourly,2026-08-17T18:48:05Z,2026-08-17T18:48:05Z,
47.250.80.220,ipv4,malicious-ip,medium,WHITE,ziyadnz/hourly-ipv4,ziyadnz|hourly,2026-08-17T18:48:05Z,2026-08-17T18:48:05Z,
47.250.80.226,ipv4,malicious-ip,medium,WHITE,ziyadnz/hourly-ipv4,ziyadnz|hourly,2026-08-17T18:48:05Z,2026-08-17T18:48:05Z,
47.250.81.195,ipv4,malicious-ip,medium,WHITE,ziyadnz/hourly-ipv4,ziyadnz|hourly,2026-08-17T18:48:05Z,2026-08-17T18:48:05Z,
47.250.81.241,ipv4,malicious-ip,medium,WHITE,ziyadnz/hourly-ipv4,ziyadnz|hourly,2026-08-17T18:48:05Z,2026-08-17T18:48:05Z,
47.250.81.6,ipv4,malicious-ip,medium,WHITE,ziyadnz/hourly-ipv4,ziyadnz|hourly,2026-08-17T18:48:05Z,2026-08-17T18:48:05Z,
47.250.82.134,ipv4,malicious-ip,medium,WHITE,ziyadnz/hourly-ipv4,ziyadnz|hourly,2026-08-17T18:48:05Z,2026-08-17T18:48:05Z,
47.250.82.40,ipv4,malicious-ip,medium,WHITE,ziyadnz/hourly-ipv4,ziyadnz|hourly,2026-08-17T18:48:05Z,2026-08-17T18:48:05Z,
47.250.83.136,ipv4,malicious-ip,medium,WHITE,ziyadnz/hourly-ipv4,ziyadnz|hourly,2026-08-17T18:48:05Z,2026-08-17T18:48:05Z,
47.250.83.149,ipv4,malicious-ip,medium,WHITE,ziyadnz/hourly-ipv4,ziyadnz|hourly,2026-08-17T18:48:05Z,2026-08-17T18:48:05Z,
47.250.83.221,ipv4,malicious-ip,medium,WHITE,ziyadnz/hourly-ipv4,ziyadnz|hourly,2026-08-17T18:48:05Z,2026-08-17T18:48:05Z,
47.250.83.23,ipv4,malicious-ip,medium,WHITE,ziyadnz/hourly-ipv4,ziyadnz|hourly,2026-08-17T18:48:05Z,2026-08-17T18:48:05Z,
47.250.83.248,ipv4,malicious-ip,medium,WHITE,ziyadnz/hourly-ipv4,ziyadnz|hourly,2026-08-17T18:48:05Z,2026-08-17T18:48:05Z,
47.250.83.81,ipv4,malicious-ip,medium,WHITE,ziyadnz/hourly-ipv4,ziyadnz|hourly,2026-08-17T18:48:05Z,2026-08-17T18:48:05Z,
47.250.83.82,ipv4,malicious-ip,medium,WHITE,ziyadnz/hourly-ipv4,ziyadnz|hourly,2026-08-17T18:48:05Z,2026-08-17T18:48:05Z,
47.250.84.105,ipv4,malicious-ip,medium,WHITE,ziyadnz/hourly-ipv4,ziyadnz|hourly,2026-08-17T18:48:05Z,2026-08-17T18:48:05Z,
47.250.84.254,ipv4,malicious-ip,medium,WHITE,ziyadnz/hourly-ipv4,ziyadnz|hourly,2026-08-17T18:48:05Z,2026-08-17T18:48:05Z,
47.250.84.32,ipv4,malicious-ip,medium,WHITE,ziyadnz/hourly-ipv4,ziyadnz|hourly,2026-08-17T18:48:05Z,2026-08-17T18:48:05Z,
47.250.85.160,ipv4,malicious-ip,medium,WHITE,ziyadnz/hourly-ipv4,ziyadnz|hourly,2026-08-17T18:48:05Z,2026-08-17T18:48:05Z,
47.250.85.20,ipv4,malicious-ip,medium,WHITE,ziyadnz/hourly-ipv4,ziyadnz|hourly,2026-08-17T18:48:05Z,2026-08-17T18:48:05Z,
47.250.85.210,ipv4,malicious-ip,medium,WHITE,ziyadnz/hourly-ipv4,ziyadnz|hourly,2026-08-17T18:48:05Z,2026-08-17T18:48:05Z,
47.250.86.46,ipv4,malicious-ip,medium,WHITE,ziyadnz/hourly-ipv4,ziyadnz|hourly,2026-08-17T18:48:05Z,2026-08-17T18:48:05Z,
47.250.87.24,ipv4,malicious-ip,medium,WHITE,ziyadnz/hourly-ipv4,ziyadnz|hourly,2026-08-17T18:48:05Z,2026-08-17T18:48:05Z,
47.250.87.241,ipv4,malicious-ip,medium,WHITE,ziyadnz/hourly-ipv4,ziyadnz|hourly,2026-08-17T18:48:05Z,2026-08-17T18:48:05Z,
47.250.87.26,ipv4,malicious-ip,medium,WHITE,ziyadnz/hourly-ipv4,ziyadnz|hourly,2026-08-17T18:48:05Z,2026-08-17T18:48:05Z,
47.250.87.56,ipv4,malicious-ip,medium,WHITE,ziyadnz/hourly-ipv4,ziyadnz|hourly,2026-08-17T18:48:05Z,2026-08-17T18:48:05Z,
47.250.88.100,ipv4,malicious-ip,medium,WHITE,ziyadnz/hourly-ipv4,ziyadnz|hourly,2026-08-17T18:48:05Z,2026-08-17T18:48:05Z,
47.250.88.140,ipv4,malicious-ip,medium,WHITE,ziyadnz/hourly-ipv4,ziyadnz|hourly,2026-08-17T18:48:05Z,2026-08-17T18:48:05Z,
47.250.88.177,ipv4,malicious-ip,medium,WHITE,ziyadnz/hourly-ipv4,ziyadnz|hourly,2026-08-17T18:48:05Z,2026-08-17T18:48:05Z,
47.250.89.1,ipv4,malicious-ip,medium,WHITE,ziyadnz/hourly-ipv4,ziyadnz|hourly,2026-08-17T18:48:05Z,2026-08-17T18:48:05Z,
47.250.89.131,ipv4,malicious-ip,medium,WHITE,ziyadnz/hourly-ipv4,ziyadnz|hourly,2026-08-17T18:48:05Z,2026-08-17T18:48:05Z,
47.250.89.137,ipv4,malicious-ip,medium,WHITE,ziyadnz/hourly-ipv4,ziyadnz|hourly,2026-08-17T18:48:05Z,2026-08-17T18:48:05Z,
47.250.89.14,ipv4,malicious-ip,medium,WHITE,ziyadnz/hourly-ipv4,ziyadnz|hourly,2026-08-17T18:48:05Z,2026-08-17T18:48:05Z,
47.250.89.191,ipv4,malicious-ip,medium,WHITE,ziyadnz/hourly-ipv4,ziyadnz|hourly,2026-08-17T18:48:05Z,2026-08-17T18:48:05Z,
47.250.89.197,ipv4,malicious-ip,medium,WHITE,ziyadnz/hourly-ipv4,ziyadnz|hourly,2026-08-17T18:48:05Z,2026-08-17T18:48:05Z,
47.250.90.214,ipv4,malicious-ip,medium,WHITE,ziyadnz/hourly-ipv4,ziyadnz|hourly,2026-08-17T18:48:05Z,2026-08-17T18:48:05Z,
47.250.91.153,ipv4,malicious-ip,medium,WHITE,ziyadnz/hourly-ipv4,ziyadnz|hourly,2026-08-17T18:48:05Z,2026-08-17T18:48:05Z,
47.250.91.187,ipv4,malicious-ip,medium,WHITE,ziyadnz/hourly-ipv4,ziyadnz|hourly,2026-08-17T18:48:05Z,2026-08-17T18:48:05Z,
47.250.91.27,ipv4,malicious-ip,medium,WHITE,ziyadnz/hourly-ipv4,ziyadnz|hourly,2026-08-17T18:48:05Z,2026-08-17T18:48:05Z,
47.250.91.77,ipv4,malicious-ip,medium,WHITE,ziyadnz/hourly-ipv4,ziyadnz|hourly,2026-08-17T18:48:05Z,2026-08-17T18:48:05Z,
47.250.92.199,ipv4,malicious-ip,medium,WHITE,ziyadnz/hourly-ipv4,ziyadnz|hourly,2026-08-17T18:48:05Z,2026-08-17T18:48:05Z,
47.250.92.205,ipv4,malicious-ip,medium,WHITE,ziyadnz/hourly-ipv4,ziyadnz|hourly,2026-08-17T18:48:05Z,2026-08-17T18:48:05Z,
47.250.92.207,ipv4,malicious-ip,medium,WHITE,ziyadnz/hourly-ipv4,ziyadnz|hourly,2026-08-17T18:48:05Z,2026-08-17T18:48:05Z,
47.250.92.255,ipv4,malicious-ip,medium,WHITE,ziyadnz/hourly-ipv4,ziyadnz|hourly,2026-08-17T18:48:05Z,2026-08-17T18:48:05Z,
47.250.92.82,ipv4,malicious-ip,medium,WHITE,ziyadnz/hourly-ipv4,ziyadnz|hourly,2026-08-17T18:48:05Z,2026-08-17T18:48:05Z,
47.250.93.19,ipv4,malicious-ip,medium,WHITE,ziyadnz/hourly-ipv4,ziyadnz|hourly,2026-08-17T18:48:05Z,2026-08-17T18:48:05Z,
47.250.93.211,ipv4,malicious-ip,medium,WHITE,ziyadnz/hourly-ipv4,ziyadnz|hourly,2026-08-17T18:48:05Z,2026-08-17T18:48:05Z,
47.250.93.212,ipv4,malicious-ip,medium,WHITE,ziyadnz/hourly-ipv4,ziyadnz|hourly,2026-08-17T18:48:05Z,2026-08-17T18:48:05Z,
47.250.93.247,ipv4,malicious-ip,medium,WHITE,ziyadnz/hourly-ipv4,ziyadnz|hourly,2026-08-17T18:48:05Z,2026-08-17T18:48:05Z,
47.250.93.74,ipv4,malicious-ip,medium,WHITE,ziyadnz/hourly-ipv4,ziyadnz|hourly,2026-08-17T18:48:05Z,2026-08-17T18:48:05Z,
47.250.93.99,ipv4,malicious-ip,medium,WHITE,ziyadnz/hourly-ipv4,ziyadnz|hourly,2026-08-17T18:48:05Z,2026-08-17T18:48:05Z,
47.250.94.145,ipv4,malicious-ip,medium,WHITE,ziyadnz/hourly-ipv4,ziyadnz|hourly,2026-08-17T18:48:05Z,2026-08-17T18:48:05Z,
47.250.94.154,ipv4,malicious-ip,medium,WHITE,ziyadnz/hourly-ipv4,ziyadnz|hourly,2026-08-17T18:48:05Z,2026-08-17T18:48:05Z,
47.250.94.249,ipv4,malicious-ip,medium,WHITE,ziyadnz/hourly-ipv4,ziyadnz|hourly,2026-08-17T18:48:05Z,2026-08-17T18:48:05Z,
47.250.94.250,ipv4,malicious-ip,medium,WHITE,ziyadnz/hourly-ipv4,ziyadnz|hourly,2026-08-17T18:48:05Z,2026-08-17T18:48:05Z,
47.250.94.97,ipv4,malicious-ip,medium,WHITE,ziyadnz/hourly-ipv4,ziyadnz|hourly,2026-08-17T18:48:05Z,2026-08-17T18:48:05Z,
47.250.95.137,ipv4,malicious-ip,medium,WHITE,ziyadnz/hourly-ipv4,ziyadnz|hourly,2026-08-17T18:48:05Z,2026-08-17T18:48:05Z,
47.250.95.153,ipv4,malicious-ip,medium,WHITE,ziyadnz/hourly-ipv4,ziyadnz|hourly,2026-08-17T18:48:05Z,2026-08-17T18:48:05Z,
47.250.95.159,ipv4,malicious-ip,medium,WHITE,ziyadnz/hourly-ipv4,ziyadnz|hourly,2026-08-17T18:48:05Z,2026-08-17T18:48:05Z,
47.250.95.204,ipv4,malicious-ip,medium,WHITE,ziyadnz/hourly-ipv4,ziyadnz|hourly,2026-08-17T18:48:05Z,2026-08-17T18:48:05Z,
47.250.95.243,ipv4,malicious-ip,medium,WHITE,ziyadnz/hourly-ipv4,ziyadnz|hourly,2026-08-17T18:48:05Z,2026-08-17T18:48:05Z,
47.250.95.54,ipv4,malicious-ip,medium,WHITE,ziyadnz/hourly-ipv4,ziyadnz|hourly,2026-08-17T18:48:05Z,2026-08-17T18:48:05Z,
47.250.95.62,ipv4,malicious-ip,medium,WHITE,ziyadnz/hourly-ipv4,ziyadnz|hourly,2026-08-17T18:48:05Z,2026-08-17T18:48:05Z,
47.250.95.66,ipv4,malicious-ip,medium,WHITE,ziyadnz/hourly-ipv4,ziyadnz|hourly,2026-08-17T18:48:05Z,2026-08-17T18:48:05Z,
47.250.95.71,ipv4,malicious-ip,medium,WHITE,ziyadnz/hourly-ipv4,ziyadnz|hourly,2026-08-17T18:48:05Z,2026-08-17T18:48:05Z,
47.251.0.28,ipv4,malicious-ip,medium,WHITE,ziyadnz/hourly-ipv4,ziyadnz|hourly,2026-08-17T18:48:05Z,2026-08-17T18:48:05Z,
47.251.100.223,ipv4,malicious-ip,medium,WHITE,ziyadnz/hourly-ipv4,ziyadnz|hourly,2026-08-17T18:48:05Z,2026-08-17T18:48:05Z,
47.251.100.78,ipv4,malicious-ip,medium,WHITE,ziyadnz/hourly-ipv4,ziyadnz|hourly,2026-08-17T18:48:05Z,2026-08-17T18:48:05Z,
47.251.101.233,ipv4,malicious-ip,medium,WHITE,ziyadnz/hourly-ipv4,ziyadnz|hourly,2026-08-17T18:48:05Z,2026-08-17T18:48:05Z,
47.251.101.235,ipv4,malicious-ip,medium,WHITE,ziyadnz/hourly-ipv4,ziyadnz|hourly,2026-08-17T18:48:05Z,2026-08-17T18:48:05Z,
47.251.101.253,ipv4,malicious-ip,medium,WHITE,ziyadnz/hourly-ipv4,ziyadnz|hourly,2026-08-17T18:48:05Z,2026-08-17T18:48:05Z,
47.251.101.89,ipv4,malicious-ip,medium,WHITE,ziyadnz/hourly-ipv4,ziyadnz|hourly,2026-08-17T18:48:05Z,2026-08-17T18:48:05Z,
47.251.103.32,ipv4,malicious-ip,medium,WHITE,ziyadnz/hourly-ipv4,ziyadnz|hourly,2026-08-17T18:48:05Z,2026-08-17T18:48:05Z,
47.251.104.128,ipv4,malicious-ip,medium,WHITE,ziyadnz/hourly-ipv4,ziyadnz|hourly,2026-08-17T18:48:05Z,2026-08-17T18:48:05Z,
47.251.104.71,ipv4,malicious-ip,medium,WHITE,ziyadnz/hourly-ipv4,ziyadnz|hourly,2026-08-17T18:48:05Z,2026-08-17T18:48:05Z,
47.251.105.167,ipv4,malicious-ip,medium,WHITE,ziyadnz/hourly-ipv4,ziyadnz|hourly,2026-08-17T18:48:05Z,2026-08-17T18:48:05Z,
47.251.105.187,ipv4,malicious-ip,medium,WHITE,ziyadnz/hourly-ipv4,ziyadnz|hourly,2026-08-17T18:48:05Z,2026-08-17T18:48:05Z,
47.251.105.228,ipv4,malicious-ip,medium,WHITE,ziyadnz/hourly-ipv4,ziyadnz|hourly,2026-08-17T18:48:05Z,2026-08-17T18:48:05Z,
47.251.105.241,ipv4,malicious-ip,medium,WHITE,ziyadnz/hourly-ipv4,ziyadnz|hourly,2026-08-17T18:48:05Z,2026-08-17T18:48:05Z,
47.251.106.132,ipv4,malicious-ip,medium,WHITE,ziyadnz/hourly-ipv4,ziyadnz|hourly,2026-08-17T18:48:05Z,2026-08-17T18:48:05Z,
47.251.106.248,ipv4,malicious-ip,medium,WHITE,ziyadnz/hourly-ipv4,ziyadnz|hourly,2026-08-17T18:48:05Z,2026-08-17T18:48:05Z,
47.251.107.146,ipv4,malicious-ip,medium,WHITE,ziyadnz/hourly-ipv4,ziyadnz|hourly,2026-08-17T18:48:05Z,2026-08-17T18:48:05Z,
47.251.107.237,ipv4,malicious-ip,medium,WHITE,ziyadnz/hourly-ipv4,ziyadnz|hourly,2026-08-17T18:48:05Z,2026-08-17T18:48:05Z,
47.251.107.39,ipv4,malicious-ip,medium,WHITE,ziyadnz/hourly-ipv4,ziyadnz|hourly,2026-08-17T18:48:05Z,2026-08-17T18:48:05Z,
47.251.108.216,ipv4,malicious-ip,medium,WHITE,ziyadnz/hourly-ipv4,ziyadnz|hourly,2026-08-17T18:48:05Z,2026-08-17T18:48:05Z,
47.251.109.140,ipv4,malicious-ip,medium,WHITE,ziyadnz/hourly-ipv4,ziyadnz|hourly,2026-08-17T18:48:05Z,2026-08-17T18:48:05Z,
47.251.11.3,ipv4,malicious-ip,medium,WHITE,ziyadnz/hourly-ipv4,ziyadnz|hourly,2026-08-17T18:48:05Z,2026-08-17T18:48:05Z,
47.251.111.209,ipv4,malicious-ip,medium,WHITE,ziyadnz/hourly-ipv4,ziyadnz|hourly,2026-08-17T18:48:05Z,2026-08-17T18:48:05Z,
47.251.111.228,ipv4,malicious-ip,medium,WHITE,ziyadnz/hourly-ipv4,ziyadnz|hourly,2026-08-17T18:48:05Z,2026-08-17T18:48:05Z,
47.251.111.231,ipv4,malicious-ip,medium,WHITE,ziyadnz/hourly-ipv4,ziyadnz|hourly,2026-08-17T18:48:05Z,2026-08-17T18:48:05Z,
47.251.111.233,ipv4,malicious-ip,medium,WHITE,ziyadnz/hourly-ipv4,ziyadnz|hourly,2026-08-17T18:48:05Z,2026-08-17T18:48:05Z,
47.251.112.77,ipv4,malicious-ip,medium,WHITE,ziyadnz/hourly-ipv4,ziyadnz|hourly,2026-08-17T18:48:05Z,2026-08-17T18:48:05Z,
47.251.113.207,ipv4,malicious-ip,medium,WHITE,ziyadnz/hourly-ipv4,ziyadnz|hourly,2026-08-17T18:48:05Z,2026-08-17T18:48:05Z,
47.251.113.251,ipv4,malicious-ip,medium,WHITE,ziyadnz/hourly-ipv4,ziyadnz|hourly,2026-08-17T18:48:05Z,2026-08-17T18:48:05Z,
47.251.113.98,ipv4,malicious-ip,medium,WHITE,ziyadnz/hourly-ipv4,ziyadnz|hourly,2026-08-17T18:48:05Z,2026-08-17T18:48:05Z,
47.251.114.178,ipv4,malicious-ip,medium,WHITE,ziyadnz/hourly-ipv4,ziyadnz|hourly,2026-08-17T18:48:05Z,2026-08-17T18:48:05Z,
47.251.114.93,ipv4,malicious-ip,medium,WHITE,ziyadnz/hourly-ipv4,ziyadnz|hourly,2026-08-17T18:48:05Z,2026-08-17T18:48:05Z,
47.251.115.200,ipv4,malicious-ip,medium,WHITE,ziyadnz/hourly-ipv4,ziyadnz|hourly,2026-08-17T18:48:05Z,2026-08-17T18:48:05Z,
47.251.115.66,ipv4,malicious-ip,medium,WHITE,ziyadnz/hourly-ipv4,ziyadnz|hourly,2026-08-17T18:48:05Z,2026-08-17T18:48:05Z,
47.251.116.115,ipv4,malicious-ip,medium,WHITE,ziyadnz/hourly-ipv4,ziyadnz|hourly,2026-08-17T18:48:05Z,2026-08-17T18:48:05Z,
47.251.116.218,ipv4,malicious-ip,medium,WHITE,ziyadnz/hourly-ipv4,ziyadnz|hourly,2026-08-17T18:48:05Z,2026-08-17T18:48:05Z,
47.251.116.252,ipv4,malicious-ip,medium,WHITE,ziyadnz/hourly-ipv4,ziyadnz|hourly,2026-08-17T18:48:05Z,2026-08-17T18:48:05Z,
47.251.116.61,ipv4,malicious-ip,medium,WHITE,ziyadnz/hourly-ipv4,ziyadnz|hourly,2026-08-17T18:48:05Z,2026-08-17T18:48:05Z,
47.251.116.69,ipv4,malicious-ip,medium,WHITE,ziyadnz/hourly-ipv4,ziyadnz|hourly,2026-08-17T18:48:05Z,2026-08-17T18:48:05Z,
47.251.117.128,ipv4,malicious-ip,medium,WHITE,ziyadnz/hourly-ipv4,ziyadnz|hourly,2026-08-17T18:48:05Z,2026-08-17T18:48:05Z,
47.251.117.211,ipv4,malicious-ip,medium,WHITE,ziyadnz/hourly-ipv4,ziyadnz|hourly,2026-08-17T18:48:05Z,2026-08-17T18:48:05Z,
47.251.117.215,ipv4,malicious-ip,medium,WHITE,ziyadnz/hourly-ipv4,ziyadnz|hourly,2026-08-17T18:48:05Z,2026-08-17T18:48:05Z,
47.251.117.247,ipv4,malicious-ip,medium,WHITE,ziyadnz/hourly-ipv4,ziyadnz|hourly,2026-08-17T18:48:05Z,2026-08-17T18:48:05Z,
47.251.117.40,ipv4,malicious-ip,medium,WHITE,ziyadnz/hourly-ipv4,ziyadnz|hourly,2026-08-17T18:48:05Z,2026-08-17T18:48:05Z,
47.251.118.137,ipv4,malicious-ip,medium,WHITE,ziyadnz/hourly-ipv4,ziyadnz|hourly,2026-08-17T18:48:05Z,2026-08-17T18:48:05Z,
47.251.118.213,ipv4,malicious-ip,medium,WHITE,ziyadnz/hourly-ipv4,ziyadnz|hourly,2026-08-17T18:48:05Z,2026-08-17T18:48:05Z,
47.251.118.34,ipv4,malicious-ip,medium,WHITE,ziyadnz/hourly-ipv4,ziyadnz|hourly,2026-08-17T18:48:05Z,2026-08-17T18:48:05Z,
47.251.118.89,ipv4,malicious-ip,medium,WHITE,ziyadnz/hourly-ipv4,ziyadnz|hourly,2026-08-17T18:48:05Z,2026-08-17T18:48:05Z,
47.251.119.166,ipv4,malicious-ip,medium,WHITE,ziyadnz/hourly-ipv4,ziyadnz|hourly,2026-08-17T18:48:05Z,2026-08-17T18:48:05Z,
47.251.119.40,ipv4,malicious-ip,medium,WHITE,ziyadnz/hourly-ipv4,ziyadnz|hourly,2026-08-17T18:48:05Z,2026-08-17T18:48:05Z,
47.251.119.72,ipv4,malicious-ip,medium,WHITE,ziyadnz/hourly-ipv4,ziyadnz|hourly,2026-08-17T18:48:05Z,2026-08-17T18:48:05Z,
47.251.12.114,ipv4,malicious-ip,medium,WHITE,ziyadnz/hourly-ipv4,ziyadnz|hourly,2026-08-17T18:48:05Z,2026-08-17T18:48:05Z,
47.251.121.118,ipv4,malicious-ip,medium,WHITE,ziyadnz/hourly-ipv4,ziyadnz|hourly,2026-08-17T18:48:05Z,2026-08-17T18:48:05Z,
47.251.121.150,ipv4,malicious-ip,medium,WHITE,ziyadnz/hourly-ipv4,ziyadnz|hourly,2026-08-17T18:48:05Z,2026-08-17T18:48:05Z,
47.251.121.162,ipv4,malicious-ip,medium,WHITE,ziyadnz/hourly-ipv4,ziyadnz|hourly,2026-08-17T18:48:05Z,2026-08-17T18:48:05Z,
47.251.122.153,ipv4,malicious-ip,medium,WHITE,ziyadnz/hourly-ipv4,ziyadnz|hourly,2026-08-17T18:48:05Z,2026-08-17T18:48:05Z,
47.251.122.165,ipv4,malicious-ip,medium,WHITE,ziyadnz/hourly-ipv4,ziyadnz|hourly,2026-08-17T18:48:05Z,2026-08-17T18:48:05Z,
47.251.122.183,ipv4,malicious-ip,medium,WHITE,ziyadnz/hourly-ipv4,ziyadnz|hourly,2026-08-17T18:48:05Z,2026-08-17T18:48:05Z,
47.251.122.225,ipv4,malicious-ip,medium,WHITE,ziyadnz/hourly-ipv4,ziyadnz|hourly,2026-08-17T18:48:05Z,2026-08-17T18:48:05Z,
47.251.122.238,ipv4,malicious-ip,medium,WHITE,ziyadnz/hourly-ipv4,ziyadnz|hourly,2026-08-17T18:48:05Z,2026-08-17T18:48:05Z,
47.251.122.241,ipv4,malicious-ip,medium,WHITE,ziyadnz/hourly-ipv4,ziyadnz|hourly,2026-08-17T18:48:05Z,2026-08-17T18:48:05Z,
47.251.122.246,ipv4,malicious-ip,medium,WHITE,ziyadnz/hourly-ipv4,ziyadnz|hourly,2026-08-17T18:48:05Z,2026-08-17T18:48:05Z,
47.251.122.40,ipv4,malicious-ip,medium,WHITE,ziyadnz/hourly-ipv4,ziyadnz|hourly,2026-08-17T18:48:05Z,2026-08-17T18:48:05Z,
47.251.123.116,ipv4,malicious-ip,medium,WHITE,ziyadnz/hourly-ipv4,ziyadnz|hourly,2026-08-17T18:48:05Z,2026-08-17T18:48:05Z,
47.251.123.229,ipv4,malicious-ip,medium,WHITE,ziyadnz/hourly-ipv4,ziyadnz|hourly,2026-08-17T18:48:05Z,2026-08-17T18:48:05Z,
47.251.124.200,ipv4,malicious-ip,medium,WHITE,ziyadnz/hourly-ipv4,ziyadnz|hourly,2026-08-17T18:48:05Z,2026-08-17T18:48:05Z,
47.251.124.248,ipv4,malicious-ip,medium,WHITE,ziyadnz/hourly-ipv4,ziyadnz|hourly,2026-08-17T18:48:05Z,2026-08-17T18:48:05Z,
47.251.124.47,ipv4,malicious-ip,medium,WHITE,ziyadnz/hourly-ipv4,ziyadnz|hourly,2026-08-17T18:48:05Z,2026-08-17T18:48:05Z,
47.251.124.51,ipv4,malicious-ip,medium,WHITE,ziyadnz/hourly-ipv4,ziyadnz|hourly,2026-08-17T18:48:05Z,2026-08-17T18:48:05Z,
47.251.124.86,ipv4,malicious-ip,medium,WHITE,ziyadnz/hourly-ipv4,ziyadnz|hourly,2026-08-17T18:48:05Z,2026-08-17T18:48:05Z,
47.251.125.100,ipv4,malicious-ip,medium,WHITE,ziyadnz/hourly-ipv4,ziyadnz|hourly,2026-08-17T18:48:05Z,2026-08-17T18:48:05Z,
47.251.125.118,ipv4,malicious-ip,medium,WHITE,ziyadnz/hourly-ipv4,ziyadnz|hourly,2026-08-17T18:48:05Z,2026-08-17T18:48:05Z,
47.251.125.229,ipv4,malicious-ip,medium,WHITE,ziyadnz/hourly-ipv4,ziyadnz|hourly,2026-08-17T18:48:05Z,2026-08-17T18:48:05Z,
47.251.125.230,ipv4,malicious-ip,medium,WHITE,ziyadnz/hourly-ipv4,ziyadnz|hourly,2026-08-17T18:48:05Z,2026-08-17T18:48:05Z,
47.251.125.33,ipv4,malicious-ip,medium,WHITE,ziyadnz/hourly-ipv4,ziyadnz|hourly,2026-08-17T18:48:05Z,2026-08-17T18:48:05Z,
47.251.125.8,ipv4,malicious-ip,medium,WHITE,ziyadnz/hourly-ipv4,ziyadnz|hourly,2026-08-17T18:48:05Z,2026-08-17T18:48:05Z,
47.251.126.191,ipv4,malicious-ip,medium,WHITE,ziyadnz/hourly-ipv4,ziyadnz|hourly,2026-08-17T18:48:05Z,2026-08-17T18:48:05Z,
47.251.126.2,ipv4,malicious-ip,medium,WHITE,ziyadnz/hourly-ipv4,ziyadnz|hourly,2026-08-17T18:48:05Z,2026-08-17T18:48:05Z,
47.251.126.221,ipv4,malicious-ip,medium,WHITE,ziyadnz/hourly-ipv4,ziyadnz|hourly,2026-08-17T18:48:05Z,2026-08-17T18:48:05Z,
47.251.126.28,ipv4,malicious-ip,medium,WHITE,ziyadnz/hourly-ipv4,ziyadnz|hourly,2026-08-17T18:48:05Z,2026-08-17T18:48:05Z,
47.251.127.130,ipv4,malicious-ip,medium,WHITE,ziyadnz/hourly-ipv4,ziyadnz|hourly,2026-08-17T18:48:05Z,2026-08-17T18:48:05Z,
47.251.127.18,ipv4,malicious-ip,medium,WHITE,ziyadnz/hourly-ipv4,ziyadnz|hourly,2026-08-17T18:48:05Z,2026-08-17T18:48:05Z,
47.251.127.247,ipv4,malicious-ip,medium,WHITE,ziyadnz/hourly-ipv4,ziyadnz|hourly,2026-08-17T18:48:05Z,2026-08-17T18:48:05Z,
47.251.127.25,ipv4,malicious-ip,medium,WHITE,ziyadnz/hourly-ipv4,ziyadnz|hourly,2026-08-17T18:48:05Z,2026-08-17T18:48:05Z,
47.251.127.66,ipv4,malicious-ip,medium,WHITE,ziyadnz/hourly-ipv4,ziyadnz|hourly,2026-08-17T18:48:05Z,2026-08-17T18:48:05Z,
47.251.13.174,ipv4,malicious-ip,medium,WHITE,ziyadnz/hourly-ipv4,ziyadnz|hourly,2026-08-17T18:48:05Z,2026-08-17T18:48:05Z,
47.251.13.198,ipv4,malicious-ip,medium,WHITE,ziyadnz/hourly-ipv4,ziyadnz|hourly,2026-08-17T18:48:05Z,2026-08-17T18:48:05Z,
47.251.13.59,ipv4,malicious-ip,medium,WHITE,ziyadnz/hourly-ipv4,ziyadnz|hourly,2026-08-17T18:48:05Z,2026-08-17T18:48:05Z,
47.251.14.178,ipv4,malicious-ip,medium,WHITE,ziyadnz/hourly-ipv4,ziyadnz|hourly,2026-08-17T18:48:05Z,2026-08-17T18:48:05Z,
47.251.14.232,ipv4,malicious-ip,medium,WHITE,ziyadnz/hourly-ipv4,ziyadnz|hourly,2026-08-17T18:48:05Z,2026-08-17T18:48:05Z,
47.251.140.192,ipv4,malicious-ip,medium,WHITE,ziyadnz/hourly-ipv4,ziyadnz|hourly,2026-08-17T18:48:05Z,2026-08-17T18:48:05Z,
47.251.140.2,ipv4,malicious-ip,medium,WHITE,ziyadnz/hourly-ipv4,ziyadnz|hourly,2026-08-17T18:48:05Z,2026-08-17T18:48:05Z,
47.251.140.21,ipv4,malicious-ip,medium,WHITE,ziyadnz/hourly-ipv4,ziyadnz|hourly,2026-08-17T18:48:05Z,2026-08-17T18:48:05Z,
47.251.141.150,ipv4,malicious-ip,medium,WHITE,ziyadnz/hourly-ipv4,ziyadnz|hourly,2026-08-17T18:48:05Z,2026-08-17T18:48:05Z,
47.251.141.186,ipv4,malicious-ip,medium,WHITE,ziyadnz/hourly-ipv4,ziyadnz|hourly,2026-08-17T18:48:05Z,2026-08-17T18:48:05Z,
47.251.141.235,ipv4,malicious-ip,medium,WHITE,ziyadnz/hourly-ipv4,ziyadnz|hourly,2026-08-17T18:48:05Z,2026-08-17T18:48:05Z,
47.251.141.241,ipv4,malicious-ip,medium,WHITE,ziyadnz/hourly-ipv4,ziyadnz|hourly,2026-08-17T18:48:05Z,2026-08-17T18:48:05Z,
47.251.141.39,ipv4,malicious-ip,medium,WHITE,ziyadnz/hourly-ipv4,ziyadnz|hourly,2026-08-17T18:48:05Z,2026-08-17T18:48:05Z,
47.251.141.46,ipv4,malicious-ip,medium,WHITE,ziyadnz/hourly-ipv4,ziyadnz|hourly,2026-08-17T18:48:05Z,2026-08-17T18:48:05Z,
47.251.142.22,ipv4,malicious-ip,medium,WHITE,ziyadnz/hourly-ipv4,ziyadnz|hourly,2026-08-17T18:48:05Z,2026-08-17T18:48:05Z,
47.251.142.244,ipv4,malicious-ip,medium,WHITE,ziyadnz/hourly-ipv4,ziyadnz|hourly,2026-08-17T18:48:05Z,2026-08-17T18:48:05Z,
47.251.142.84,ipv4,malicious-ip,medium,WHITE,ziyadnz/hourly-ipv4,ziyadnz|hourly,2026-08-17T18:48:05Z,2026-08-17T18:48:05Z,
47.251.143.167,ipv4,malicious-ip,medium,WHITE,ziyadnz/hourly-ipv4,ziyadnz|hourly,2026-08-17T18:48:05Z,2026-08-17T18:48:05Z,
47.251.143.199,ipv4,malicious-ip,medium,WHITE,ziyadnz/hourly-ipv4,ziyadnz|hourly,2026-08-17T18:48:05Z,2026-08-17T18:48:05Z,
47.251.143.69,ipv4,malicious-ip,medium,WHITE,ziyadnz/hourly-ipv4,ziyadnz|hourly,2026-08-17T18:48:05Z,2026-08-17T18:48:05Z,
47.251.143.84,ipv4,malicious-ip,medium,WHITE,ziyadnz/hourly-ipv4,ziyadnz|hourly,2026-08-17T18:48:05Z,2026-08-17T18:48:05Z,
47.251.15.21,ipv4,malicious-ip,medium,WHITE,ziyadnz/hourly-ipv4,ziyadnz|hourly,2026-08-17T18:48:05Z,2026-08-17T18:48:05Z,
47.251.160.1,ipv4,malicious-ip,medium,WHITE,ziyadnz/hourly-ipv4,ziyadnz|hourly,2026-08-17T18:48:05Z,2026-08-17T18:48:05Z,
47.251.160.235,ipv4,malicious-ip,medium,WHITE,ziyadnz/hourly-ipv4,ziyadnz|hourly,2026-08-17T18:48:05Z,2026-08-17T18:48:05Z,
47.251.160.251,ipv4,malicious-ip,medium,WHITE,ziyadnz/hourly-ipv4,ziyadnz|hourly,2026-08-17T18:48:05Z,2026-08-17T18:48:05Z,
47.251.161.178,ipv4,malicious-ip,medium,WHITE,ziyadnz/hourly-ipv4,ziyadnz|hourly,2026-08-17T18:48:05Z,2026-08-17T18:48:05Z,
47.251.162.137,ipv4,malicious-ip,medium,WHITE,ziyadnz/hourly-ipv4,ziyadnz|hourly,2026-08-17T18:48:05Z,2026-08-17T18:48:05Z,
47.251.162.176,ipv4,malicious-ip,medium,WHITE,ziyadnz/hourly-ipv4,ziyadnz|hourly,2026-08-17T18:48:05Z,2026-08-17T18:48:05Z,
47.251.163.248,ipv4,malicious-ip,medium,WHITE,ziyadnz/hourly-ipv4,ziyadnz|hourly,2026-08-17T18:48:05Z,2026-08-17T18:48:05Z,
47.251.164.231,ipv4,malicious-ip,medium,WHITE,ziyadnz/hourly-ipv4,ziyadnz|hourly,2026-08-17T18:48:05Z,2026-08-17T18:48:05Z,
47.251.165.222,ipv4,malicious-ip,medium,WHITE,ziyadnz/hourly-ipv4,ziyadnz|hourly,2026-08-17T18:48:05Z,2026-08-17T18:48:05Z,
47.251.165.41,ipv4,malicious-ip,medium,WHITE,ziyadnz/hourly-ipv4,ziyadnz|hourly,2026-08-17T18:48:05Z,2026-08-17T18:48:05Z,
47.251.165.50,ipv4,malicious-ip,medium,WHITE,ziyadnz/hourly-ipv4,ziyadnz|hourly,2026-08-17T18:48:05Z,2026-08-17T18:48:05Z,
47.251.166.182,ipv4,malicious-ip,medium,WHITE,ziyadnz/hourly-ipv4,ziyadnz|hourly,2026-08-17T18:48:05Z,2026-08-17T18:48:05Z,
47.251.166.223,ipv4,malicious-ip,medium,WHITE,ziyadnz/hourly-ipv4,ziyadnz|hourly,2026-08-17T18:48:05Z,2026-08-17T18:48:05Z,
47.251.167.155,ipv4,malicious-ip,medium,WHITE,ziyadnz/hourly-ipv4,ziyadnz|hourly,2026-08-17T18:48:05Z,2026-08-17T18:48:05Z,
47.251.167.26,ipv4,malicious-ip,medium,WHITE,ziyadnz/hourly-ipv4,ziyadnz|hourly,2026-08-17T18:48:05Z,2026-08-17T18:48:05Z,
47.251.168.140,ipv4,malicious-ip,medium,WHITE,ziyadnz/hourly-ipv4,ziyadnz|hourly,2026-08-17T18:48:05Z,2026-08-17T18:48:05Z,
47.251.168.192,ipv4,malicious-ip,medium,WHITE,ziyadnz/hourly-ipv4,ziyadnz|hourly,2026-08-17T18:48:05Z,2026-08-17T18:48:05Z,
47.251.168.38,ipv4,malicious-ip,medium,WHITE,ziyadnz/hourly-ipv4,ziyadnz|hourly,2026-08-17T18:48:05Z,2026-08-17T18:48:05Z,
47.251.169.81,ipv4,malicious-ip,medium,WHITE,ziyadnz/hourly-ipv4,ziyadnz|hourly,2026-08-17T18:48:05Z,2026-08-17T18:48:05Z,
47.251.17.127,ipv4,malicious-ip,medium,WHITE,ziyadnz/hourly-ipv4,ziyadnz|hourly,2026-08-17T18:48:05Z,2026-08-17T18:48:05Z,
47.251.17.236,ipv4,malicious-ip,medium,WHITE,ziyadnz/hourly-ipv4,ziyadnz|hourly,2026-08-17T18:48:05Z,2026-08-17T18:48:05Z,
47.251.170.194,ipv4,malicious-ip,medium,WHITE,ziyadnz/hourly-ipv4,ziyadnz|hourly,2026-08-17T18:48:05Z,2026-08-17T18:48:05Z,
47.251.170.2,ipv4,malicious-ip,medium,WHITE,ziyadnz/hourly-ipv4,ziyadnz|hourly,2026-08-17T18:48:05Z,2026-08-17T18:48:05Z,
47.251.171.144,ipv4,malicious-ip,medium,WHITE,ziyadnz/hourly-ipv4,ziyadnz|hourly,2026-08-17T18:48:05Z,2026-08-17T18:48:05Z,
47.251.171.255,ipv4,malicious-ip,medium,WHITE,ziyadnz/hourly-ipv4,ziyadnz|hourly,2026-08-17T18:48:05Z,2026-08-17T18:48:05Z,
47.251.172.116,ipv4,malicious-ip,medium,WHITE,ziyadnz/hourly-ipv4,ziyadnz|hourly,2026-08-17T18:48:05Z,2026-08-17T18:48:05Z,
47.251.172.58,ipv4,malicious-ip,medium,WHITE,ziyadnz/hourly-ipv4,ziyadnz|hourly,2026-08-17T18:48:05Z,2026-08-17T18:48:05Z,
47.251.172.88,ipv4,malicious-ip,medium,WHITE,ziyadnz/hourly-ipv4,ziyadnz|hourly,2026-08-17T18:48:05Z,2026-08-17T18:48:05Z,
47.251.173.207,ipv4,malicious-ip,medium,WHITE,ziyadnz/hourly-ipv4,ziyadnz|hourly,2026-08-17T18:48:05Z,2026-08-17T18:48:05Z,
47.251.173.60,ipv4,malicious-ip,medium,WHITE,ziyadnz/hourly-ipv4,ziyadnz|hourly,2026-08-17T18:48:05Z,2026-08-17T18:48:05Z,
47.251.174.175,ipv4,malicious-ip,medium,WHITE,ziyadnz/hourly-ipv4,ziyadnz|hourly,2026-08-17T18:48:05Z,2026-08-17T18:48:05Z,
47.251.174.222,ipv4,malicious-ip,medium,WHITE,ziyadnz/hourly-ipv4,ziyadnz|hourly,2026-08-17T18:48:05Z,2026-08-17T18:48:05Z,
47.251.174.237,ipv4,malicious-ip,medium,WHITE,ziyadnz/hourly-ipv4,ziyadnz|hourly,2026-08-17T18:48:05Z,2026-08-17T18:48:05Z,
47.251.174.254,ipv4,malicious-ip,medium,WHITE,ziyadnz/hourly-ipv4,ziyadnz|hourly,2026-08-17T18:48:05Z,2026-08-17T18:48:05Z,
47.251.174.68,ipv4,malicious-ip,medium,WHITE,ziyadnz/hourly-ipv4,ziyadnz|hourly,2026-08-17T18:48:05Z,2026-08-17T18:48:05Z,
47.251.175.17,ipv4,malicious-ip,medium,WHITE,ziyadnz/hourly-ipv4,ziyadnz|hourly,2026-08-17T18:48:05Z,2026-08-17T18:48:05Z,
47.251.176.101,ipv4,malicious-ip,medium,WHITE,ziyadnz/hourly-ipv4,ziyadnz|hourly,2026-08-17T18:48:05Z,2026-08-17T18:48:05Z,
47.251.176.21,ipv4,malicious-ip,medium,WHITE,ziyadnz/hourly-ipv4,ziyadnz|hourly,2026-08-17T18:48:05Z,2026-08-17T18:48:05Z,
47.251.176.94,ipv4,malicious-ip,medium,WHITE,ziyadnz/hourly-ipv4,ziyadnz|hourly,2026-08-17T18:48:05Z,2026-08-17T18:48:05Z,
47.251.177.200,ipv4,malicious-ip,medium,WHITE,ziyadnz/hourly-ipv4,ziyadnz|hourly,2026-08-17T18:48:05Z,2026-08-17T18:48:05Z,
47.251.177.242,ipv4,malicious-ip,medium,WHITE,ziyadnz/hourly-ipv4,ziyadnz|hourly,2026-08-17T18:48:05Z,2026-08-17T18:48:05Z,
47.251.178.223,ipv4,malicious-ip,medium,WHITE,ziyadnz/hourly-ipv4,ziyadnz|hourly,2026-08-17T18:48:05Z,2026-08-17T18:48:05Z,
47.251.179.212,ipv4,malicious-ip,medium,WHITE,ziyadnz/hourly-ipv4,ziyadnz|hourly,2026-08-17T18:48:05Z,2026-08-17T18:48:05Z,
47.251.179.221,ipv4,malicious-ip,medium,WHITE,ziyadnz/hourly-ipv4,ziyadnz|hourly,2026-08-17T18:48:05Z,2026-08-17T18:48:05Z,
47.251.179.35,ipv4,malicious-ip,medium,WHITE,ziyadnz/hourly-ipv4,ziyadnz|hourly,2026-08-17T18:48:05Z,2026-08-17T18:48:05Z,
47.251.18.56,ipv4,malicious-ip,medium,WHITE,ziyadnz/hourly-ipv4,ziyadnz|hourly,2026-08-17T18:48:05Z,2026-08-17T18:48:05Z,
47.251.180.210,ipv4,malicious-ip,medium,WHITE,ziyadnz/hourly-ipv4,ziyadnz|hourly,2026-08-17T18:48:05Z,2026-08-17T18:48:05Z,
47.251.180.216,ipv4,malicious-ip,medium,WHITE,ziyadnz/hourly-ipv4,ziyadnz|hourly,2026-08-17T18:48:05Z,2026-08-17T18:48:05Z,
47.251.180.76,ipv4,malicious-ip,medium,WHITE,ziyadnz/hourly-ipv4,ziyadnz|hourly,2026-08-17T18:48:05Z,2026-08-17T18:48:05Z,
47.251.181.19,ipv4,malicious-ip,medium,WHITE,ziyadnz/hourly-ipv4,ziyadnz|hourly,2026-08-17T18:48:05Z,2026-08-17T18:48:05Z,
47.251.181.61,ipv4,malicious-ip,medium,WHITE,ziyadnz/hourly-ipv4,ziyadnz|hourly,2026-08-17T18:48:05Z,2026-08-17T18:48:05Z,
47.251.181.69,ipv4,malicious-ip,medium,WHITE,ziyadnz/hourly-ipv4,ziyadnz|hourly,2026-08-17T18:48:05Z,2026-08-17T18:48:05Z,
47.251.182.100,ipv4,malicious-ip,medium,WHITE,ziyadnz/hourly-ipv4,ziyadnz|hourly,2026-08-17T18:48:05Z,2026-08-17T18:48:05Z,
47.251.182.239,ipv4,malicious-ip,medium,WHITE,ziyadnz/hourly-ipv4,ziyadnz|hourly,2026-08-17T18:48:05Z,2026-08-17T18:48:05Z,
47.251.182.92,ipv4,malicious-ip,medium,WHITE,ziyadnz/hourly-ipv4,ziyadnz|hourly,2026-08-17T18:48:05Z,2026-08-17T18:48:05Z,
47.251.184.127,ipv4,malicious-ip,medium,WHITE,ziyadnz/hourly-ipv4,ziyadnz|hourly,2026-08-17T18:48:05Z,2026-08-17T18:48:05Z,
47.251.184.146,ipv4,malicious-ip,medium,WHITE,ziyadnz/hourly-ipv4,ziyadnz|hourly,2026-08-17T18:48:05Z,2026-08-17T18:48:05Z,
47.251.184.15,ipv4,malicious-ip,medium,WHITE,ziyadnz/hourly-ipv4,ziyadnz|hourly,2026-08-17T18:48:05Z,2026-08-17T18:48:05Z,
47.251.184.247,ipv4,malicious-ip,medium,WHITE,ziyadnz/hourly-ipv4,ziyadnz|hourly,2026-08-17T18:48:05Z,2026-08-17T18:48:05Z,
47.251.185.170,ipv4,malicious-ip,medium,WHITE,ziyadnz/hourly-ipv4,ziyadnz|hourly,2026-08-17T18:48:05Z,2026-08-17T18:48:05Z,
47.251.185.192,ipv4,malicious-ip,medium,WHITE,ziyadnz/hourly-ipv4,ziyadnz|hourly,2026-08-17T18:48:05Z,2026-08-17T18:48:05Z,
47.251.185.198,ipv4,malicious-ip,medium,WHITE,ziyadnz/hourly-ipv4,ziyadnz|hourly,2026-08-17T18:48:05Z,2026-08-17T18:48:05Z,
47.251.185.203,ipv4,malicious-ip,medium,WHITE,ziyadnz/hourly-ipv4,ziyadnz|hourly,2026-08-17T18:48:05Z,2026-08-17T18:48:05Z,
47.251.186.35,ipv4,malicious-ip,medium,WHITE,ziyadnz/hourly-ipv4,ziyadnz|hourly,2026-08-17T18:48:05Z,2026-08-17T18:48:05Z,
47.251.187.142,ipv4,malicious-ip,medium,WHITE,ziyadnz/hourly-ipv4,ziyadnz|hourly,2026-08-17T18:48:05Z,2026-08-17T18:48:05Z,
47.251.187.196,ipv4,malicious-ip,medium,WHITE,ziyadnz/hourly-ipv4,ziyadnz|hourly,2026-08-17T18:48:05Z,2026-08-17T18:48:05Z,
47.251.187.242,ipv4,malicious-ip,medium,WHITE,ziyadnz/hourly-ipv4,ziyadnz|hourly,2026-08-17T18:48:05Z,2026-08-17T18:48:05Z,
47.251.187.66,ipv4,malicious-ip,medium,WHITE,ziyadnz/hourly-ipv4,ziyadnz|hourly,2026-08-17T18:48:05Z,2026-08-17T18:48:05Z,
47.251.187.94,ipv4,malicious-ip,medium,WHITE,ziyadnz/hourly-ipv4,ziyadnz|hourly,2026-08-17T18:48:05Z,2026-08-17T18:48:05Z,
47.251.188.112,ipv4,malicious-ip,medium,WHITE,ziyadnz/hourly-ipv4,ziyadnz|hourly,2026-08-17T18:48:05Z,2026-08-17T18:48:05Z,
47.251.188.16,ipv4,malicious-ip,medium,WHITE,ziyadnz/hourly-ipv4,ziyadnz|hourly,2026-08-17T18:48:05Z,2026-08-17T18:48:05Z,
47.251.189.52,ipv4,malicious-ip,medium,WHITE,ziyadnz/hourly-ipv4,ziyadnz|hourly,2026-08-17T18:48:05Z,2026-08-17T18:48:05Z,
47.251.190.104,ipv4,malicious-ip,medium,WHITE,ziyadnz/hourly-ipv4,ziyadnz|hourly,2026-08-17T18:48:05Z,2026-08-17T18:48:05Z,
47.251.190.194,ipv4,malicious-ip,medium,WHITE,ziyadnz/hourly-ipv4,ziyadnz|hourly,2026-08-17T18:48:05Z,2026-08-17T18:48:05Z,
47.251.190.201,ipv4,malicious-ip,medium,WHITE,ziyadnz/hourly-ipv4,ziyadnz|hourly,2026-08-17T18:48:05Z,2026-08-17T18:48:05Z,
47.251.191.164,ipv4,malicious-ip,medium,WHITE,ziyadnz/hourly-ipv4,ziyadnz|hourly,2026-08-17T18:48:05Z,2026-08-17T18:48:05Z,
47.251.191.237,ipv4,malicious-ip,medium,WHITE,ziyadnz/hourly-ipv4,ziyadnz|hourly,2026-08-17T18:48:05Z,2026-08-17T18:48:05Z,
47.251.191.44,ipv4,malicious-ip,medium,WHITE,ziyadnz/hourly-ipv4,ziyadnz|hourly,2026-08-17T18:48:05Z,2026-08-17T18:48:05Z,
47.251.20.113,ipv4,malicious-ip,medium,WHITE,ziyadnz/hourly-ipv4,ziyadnz|hourly,2026-08-17T18:48:05Z,2026-08-17T18:48:05Z,
47.251.22.15,ipv4,malicious-ip,medium,WHITE,ziyadnz/hourly-ipv4,ziyadnz|hourly,2026-08-17T18:48:05Z,2026-08-17T18:48:05Z,
47.251.22.186,ipv4,malicious-ip,medium,WHITE,ziyadnz/hourly-ipv4,ziyadnz|hourly,2026-08-17T18:48:05Z,2026-08-17T18:48:05Z,
47.251.22.83,ipv4,malicious-ip,medium,WHITE,ziyadnz/hourly-ipv4,ziyadnz|hourly,2026-08-17T18:48:05Z,2026-08-17T18:48:05Z,
47.251.24.105,ipv4,malicious-ip,medium,WHITE,ziyadnz/hourly-ipv4,ziyadnz|hourly,2026-08-17T18:48:05Z,2026-08-17T18:48:05Z,
47.251.24.141,ipv4,malicious-ip,medium,WHITE,ziyadnz/hourly-ipv4,ziyadnz|hourly,2026-08-17T18:48:05Z,2026-08-17T18:48:05Z,
47.251.24.151,ipv4,malicious-ip,medium,WHITE,ziyadnz/hourly-ipv4,ziyadnz|hourly,2026-08-17T18:48:05Z,2026-08-17T18:48:05Z,
47.251.241.66,ipv4,malicious-ip,medium,WHITE,ziyadnz/hourly-ipv4,ziyadnz|hourly,2026-08-17T18:48:05Z,2026-08-17T18:48:05Z,
47.251.242.234,ipv4,malicious-ip,medium,WHITE,ziyadnz/hourly-ipv4,ziyadnz|hourly,2026-08-17T18:48:05Z,2026-08-17T18:48:05Z,
47.251.242.251,ipv4,malicious-ip,medium,WHITE,ziyadnz/hourly-ipv4,ziyadnz|hourly,2026-08-17T18:48:05Z,2026-08-17T18:48:05Z,
47.251.242.252,ipv4,malicious-ip,medium,WHITE,ziyadnz/hourly-ipv4,ziyadnz|hourly,2026-08-17T18:48:05Z,2026-08-17T18:48:05Z,
47.251.242.65,ipv4,malicious-ip,medium,WHITE,ziyadnz/hourly-ipv4,ziyadnz|hourly,2026-08-17T18:48:05Z,2026-08-17T18:48:05Z,
47.251.243.140,ipv4,malicious-ip,medium,WHITE,ziyadnz/hourly-ipv4,ziyadnz|hourly,2026-08-17T18:48:05Z,2026-08-17T18:48:05Z,
47.251.243.208,ipv4,malicious-ip,medium,WHITE,ziyadnz/hourly-ipv4,ziyadnz|hourly,2026-08-17T18:48:05Z,2026-08-17T18:48:05Z,
47.251.243.210,ipv4,malicious-ip,medium,WHITE,ziyadnz/hourly-ipv4,ziyadnz|hourly,2026-08-17T18:48:05Z,2026-08-17T18:48:05Z,
47.251.243.238,ipv4,malicious-ip,medium,WHITE,ziyadnz/hourly-ipv4,ziyadnz|hourly,2026-08-17T18:48:05Z,2026-08-17T18:48:05Z,
47.251.244.143,ipv4,malicious-ip,medium,WHITE,ziyadnz/hourly-ipv4,ziyadnz|hourly,2026-08-17T18:48:05Z,2026-08-17T18:48:05Z,
47.251.244.237,ipv4,malicious-ip,medium,WHITE,ziyadnz/hourly-ipv4,ziyadnz|hourly,2026-08-17T18:48:05Z,2026-08-17T18:48:05Z,
47.251.244.248,ipv4,malicious-ip,medium,WHITE,ziyadnz/hourly-ipv4,ziyadnz|hourly,2026-08-17T18:48:05Z,2026-08-17T18:48:05Z,
47.251.245.44,ipv4,malicious-ip,medium,WHITE,ziyadnz/hourly-ipv4,ziyadnz|hourly,2026-08-17T18:48:05Z,2026-08-17T18:48:05Z,
47.251.245.58,ipv4,malicious-ip,medium,WHITE,ziyadnz/hourly-ipv4,ziyadnz|hourly,2026-08-17T18:48:05Z,2026-08-17T18:48:05Z,
47.251.246.14,ipv4,malicious-ip,medium,WHITE,ziyadnz/hourly-ipv4,ziyadnz|hourly,2026-08-17T18:48:05Z,2026-08-17T18:48:05Z,
47.251.246.67,ipv4,malicious-ip,medium,WHITE,ziyadnz/hourly-ipv4,ziyadnz|hourly,2026-08-17T18:48:05Z,2026-08-17T18:48:05Z,
47.251.247.149,ipv4,malicious-ip,medium,WHITE,ziyadnz/hourly-ipv4,ziyadnz|hourly,2026-08-17T18:48:05Z,2026-08-17T18:48:05Z,
47.251.247.182,ipv4,malicious-ip,medium,WHITE,ziyadnz/hourly-ipv4,ziyadnz|hourly,2026-08-17T18:48:05Z,2026-08-17T18:48:05Z,
47.251.248.122,ipv4,malicious-ip,medium,WHITE,ziyadnz/hourly-ipv4,ziyadnz|hourly,2026-08-17T18:48:05Z,2026-08-17T18:48:05Z,
47.251.248.133,ipv4,malicious-ip,medium,WHITE,ziyadnz/hourly-ipv4,ziyadnz|hourly,2026-08-17T18:48:05Z,2026-08-17T18:48:05Z,
47.251.248.165,ipv4,malicious-ip,medium,WHITE,ziyadnz/hourly-ipv4,ziyadnz|hourly,2026-08-17T18:48:05Z,2026-08-17T18:48:05Z,
47.251.248.226,ipv4,malicious-ip,medium,WHITE,ziyadnz/hourly-ipv4,ziyadnz|hourly,2026-08-17T18:48:05Z,2026-08-17T18:48:05Z,
47.251.249.156,ipv4,malicious-ip,medium,WHITE,ziyadnz/hourly-ipv4,ziyadnz|hourly,2026-08-17T18:48:05Z,2026-08-17T18:48:05Z,
47.251.249.208,ipv4,malicious-ip,medium,WHITE,ziyadnz/hourly-ipv4,ziyadnz|hourly,2026-08-17T18:48:05Z,2026-08-17T18:48:05Z,
47.251.249.214,ipv4,malicious-ip,medium,WHITE,ziyadnz/hourly-ipv4,ziyadnz|hourly,2026-08-17T18:48:05Z,2026-08-17T18:48:05Z,
47.251.249.232,ipv4,malicious-ip,medium,WHITE,ziyadnz/hourly-ipv4,ziyadnz|hourly,2026-08-17T18:48:05Z,2026-08-17T18:48:05Z,
47.251.249.238,ipv4,malicious-ip,medium,WHITE,ziyadnz/hourly-ipv4,ziyadnz|hourly,2026-08-17T18:48:05Z,2026-08-17T18:48:05Z,
47.251.249.41,ipv4,malicious-ip,medium,WHITE,ziyadnz/hourly-ipv4,ziyadnz|hourly,2026-08-17T18:48:05Z,2026-08-17T18:48:05Z,
47.251.249.71,ipv4,malicious-ip,medium,WHITE,ziyadnz/hourly-ipv4,ziyadnz|hourly,2026-08-17T18:48:05Z,2026-08-17T18:48:05Z,
47.251.249.8,ipv4,malicious-ip,medium,WHITE,ziyadnz/hourly-ipv4,ziyadnz|hourly,2026-08-17T18:48:05Z,2026-08-17T18:48:05Z,
47.251.25.232,ipv4,malicious-ip,medium,WHITE,ziyadnz/hourly-ipv4,ziyadnz|hourly,2026-08-17T18:48:05Z,2026-08-17T18:48:05Z,
47.251.250.101,ipv4,malicious-ip,medium,WHITE,ziyadnz/hourly-ipv4,ziyadnz|hourly,2026-08-17T18:48:05Z,2026-08-17T18:48:05Z,
47.251.250.61,ipv4,malicious-ip,medium,WHITE,ziyadnz/hourly-ipv4,ziyadnz|hourly,2026-08-17T18:48:05Z,2026-08-17T18:48:05Z,
47.251.251.105,ipv4,malicious-ip,medium,WHITE,ziyadnz/hourly-ipv4,ziyadnz|hourly,2026-08-17T18:48:05Z,2026-08-17T18:48:05Z,
47.251.251.225,ipv4,malicious-ip,medium,WHITE,ziyadnz/hourly-ipv4,ziyadnz|hourly,2026-08-17T18:48:05Z,2026-08-17T18:48:05Z,
47.251.251.235,ipv4,malicious-ip,medium,WHITE,ziyadnz/hourly-ipv4,ziyadnz|hourly,2026-08-17T18:48:05Z,2026-08-17T18:48:05Z,
47.251.252.10,ipv4,malicious-ip,medium,WHITE,ziyadnz/hourly-ipv4,ziyadnz|hourly,2026-08-17T18:48:05Z,2026-08-17T18:48:05Z,
47.251.252.163,ipv4,malicious-ip,medium,WHITE,ziyadnz/hourly-ipv4,ziyadnz|hourly,2026-08-17T18:48:05Z,2026-08-17T18:48:05Z,
47.251.252.169,ipv4,malicious-ip,medium,WHITE,ziyadnz/hourly-ipv4,ziyadnz|hourly,2026-08-17T18:48:05Z,2026-08-17T18:48:05Z,
47.251.252.193,ipv4,malicious-ip,medium,WHITE,ziyadnz/hourly-ipv4,ziyadnz|hourly,2026-08-17T18:48:05Z,2026-08-17T18:48:05Z,
47.251.252.230,ipv4,malicious-ip,medium,WHITE,ziyadnz/hourly-ipv4,ziyadnz|hourly,2026-08-17T18:48:05Z,2026-08-17T18:48:05Z,
47.251.252.94,ipv4,malicious-ip,medium,WHITE,ziyadnz/hourly-ipv4,ziyadnz|hourly,2026-08-17T18:48:05Z,2026-08-17T18:48:05Z,
47.251.253.16,ipv4,malicious-ip,medium,WHITE,ziyadnz/hourly-ipv4,ziyadnz|hourly,2026-08-17T18:48:05Z,2026-08-17T18:48:05Z,
47.251.253.192,ipv4,malicious-ip,medium,WHITE,ziyadnz/hourly-ipv4,ziyadnz|hourly,2026-08-17T18:48:05Z,2026-08-17T18:48:05Z,
47.251.253.223,ipv4,malicious-ip,medium,WHITE,ziyadnz/hourly-ipv4,ziyadnz|hourly,2026-08-17T18:48:05Z,2026-08-17T18:48:05Z,
47.251.254.168,ipv4,malicious-ip,medium,WHITE,ziyadnz/hourly-ipv4,ziyadnz|hourly,2026-08-17T18:48:05Z,2026-08-17T18:48:05Z,
47.251.254.233,ipv4,malicious-ip,medium,WHITE,ziyadnz/hourly-ipv4,ziyadnz|hourly,2026-08-17T18:48:05Z,2026-08-17T18:48:05Z,
47.251.254.71,ipv4,malicious-ip,medium,WHITE,ziyadnz/hourly-ipv4,ziyadnz|hourly,2026-08-17T18:48:05Z,2026-08-17T18:48:05Z,
47.251.255.1,ipv4,malicious-ip,medium,WHITE,ziyadnz/hourly-ipv4,ziyadnz|hourly,2026-08-17T18:48:05Z,2026-08-17T18:48:05Z,
47.251.255.46,ipv4,malicious-ip,medium,WHITE,ziyadnz/hourly-ipv4,ziyadnz|hourly,2026-08-17T18:48:05Z,2026-08-17T18:48:05Z,
47.251.26.195,ipv4,malicious-ip,medium,WHITE,ziyadnz/hourly-ipv4,ziyadnz|hourly,2026-08-17T18:48:05Z,2026-08-17T18:48:05Z,
47.251.26.30,ipv4,malicious-ip,medium,WHITE,ziyadnz/hourly-ipv4,ziyadnz|hourly,2026-08-17T18:48:05Z,2026-08-17T18:48:05Z,
47.251.26.90,ipv4,malicious-ip,medium,WHITE,ziyadnz/hourly-ipv4,ziyadnz|hourly,2026-08-17T18:48:05Z,2026-08-17T18:48:05Z,
47.251.27.105,ipv4,malicious-ip,medium,WHITE,ziyadnz/hourly-ipv4,ziyadnz|hourly,2026-08-17T18:48:05Z,2026-08-17T18:48:05Z,
47.251.27.136,ipv4,malicious-ip,medium,WHITE,ziyadnz/hourly-ipv4,ziyadnz|hourly,2026-08-17T18:48:05Z,2026-08-17T18:48:05Z,
47.251.27.138,ipv4,malicious-ip,medium,WHITE,ziyadnz/hourly-ipv4,ziyadnz|hourly,2026-08-17T18:48:05Z,2026-08-17T18:48:05Z,
47.251.27.28,ipv4,malicious-ip,medium,WHITE,ziyadnz/hourly-ipv4,ziyadnz|hourly,2026-08-17T18:48:05Z,2026-08-17T18:48:05Z,
47.251.28.107,ipv4,malicious-ip,medium,WHITE,ziyadnz/hourly-ipv4,ziyadnz|hourly,2026-08-17T18:48:05Z,2026-08-17T18:48:05Z,
47.251.28.157,ipv4,malicious-ip,medium,WHITE,ziyadnz/hourly-ipv4,ziyadnz|hourly,2026-08-17T18:48:05Z,2026-08-17T18:48:05Z,
47.251.28.190,ipv4,malicious-ip,medium,WHITE,ziyadnz/hourly-ipv4,ziyadnz|hourly,2026-08-17T18:48:05Z,2026-08-17T18:48:05Z,
47.251.28.25,ipv4,malicious-ip,medium,WHITE,ziyadnz/hourly-ipv4,ziyadnz|hourly,2026-08-17T18:48:05Z,2026-08-17T18:48:05Z,
47.251.28.27,ipv4,malicious-ip,medium,WHITE,ziyadnz/hourly-ipv4,ziyadnz|hourly,2026-08-17T18:48:05Z,2026-08-17T18:48:05Z,
47.251.29.173,ipv4,malicious-ip,medium,WHITE,ziyadnz/hourly-ipv4,ziyadnz|hourly,2026-08-17T18:48:05Z,2026-08-17T18:48:05Z,
47.251.29.239,ipv4,malicious-ip,medium,WHITE,ziyadnz/hourly-ipv4,ziyadnz|hourly,2026-08-17T18:48:05Z,2026-08-17T18:48:05Z,
47.251.3.161,ipv4,malicious-ip,medium,WHITE,ziyadnz/hourly-ipv4,ziyadnz|hourly,2026-08-17T18:48:05Z,2026-08-17T18:48:05Z,
47.251.30.16,ipv4,malicious-ip,medium,WHITE,ziyadnz/hourly-ipv4,ziyadnz|hourly,2026-08-17T18:48:05Z,2026-08-17T18:48:05Z,
47.251.30.24,ipv4,malicious-ip,medium,WHITE,ziyadnz/hourly-ipv4,ziyadnz|hourly,2026-08-17T18:48:05Z,2026-08-17T18:48:05Z,
47.251.30.255,ipv4,malicious-ip,medium,WHITE,ziyadnz/hourly-ipv4,ziyadnz|hourly,2026-08-17T18:48:05Z,2026-08-17T18:48:05Z,
47.251.30.94,ipv4,malicious-ip,medium,WHITE,ziyadnz/hourly-ipv4,ziyadnz|hourly,2026-08-17T18:48:05Z,2026-08-17T18:48:05Z,
47.251.31.44,ipv4,malicious-ip,medium,WHITE,ziyadnz/hourly-ipv4,ziyadnz|hourly,2026-08-17T18:48:05Z,2026-08-17T18:48:05Z,
47.251.32.100,ipv4,malicious-ip,medium,WHITE,ziyadnz/hourly-ipv4,ziyadnz|hourly,2026-08-17T18:48:05Z,2026-08-17T18:48:05Z,
47.251.33.148,ipv4,malicious-ip,medium,WHITE,ziyadnz/hourly-ipv4,ziyadnz|hourly,2026-08-17T18:48:05Z,2026-08-17T18:48:05Z,
47.251.34.107,ipv4,malicious-ip,medium,WHITE,ziyadnz/hourly-ipv4,ziyadnz|hourly,2026-08-17T18:48:05Z,2026-08-17T18:48:05Z,
47.251.34.170,ipv4,malicious-ip,medium,WHITE,ziyadnz/hourly-ipv4,ziyadnz|hourly,2026-08-17T18:48:05Z,2026-08-17T18:48:05Z,
47.251.34.92,ipv4,malicious-ip,medium,WHITE,ziyadnz/hourly-ipv4,ziyadnz|hourly,2026-08-17T18:48:05Z,2026-08-17T18:48:05Z,
47.251.35.109,ipv4,malicious-ip,medium,WHITE,ziyadnz/hourly-ipv4,ziyadnz|hourly,2026-08-17T18:48:05Z,2026-08-17T18:48:05Z,
47.251.35.115,ipv4,malicious-ip,medium,WHITE,ziyadnz/hourly-ipv4,ziyadnz|hourly,2026-08-17T18:48:05Z,2026-08-17T18:48:05Z,
47.251.35.147,ipv4,malicious-ip,medium,WHITE,ziyadnz/hourly-ipv4,ziyadnz|hourly,2026-08-17T18:48:05Z,2026-08-17T18:48:05Z,
47.251.37.0,ipv4,malicious-ip,medium,WHITE,ziyadnz/hourly-ipv4,ziyadnz|hourly,2026-08-17T18:48:05Z,2026-08-17T18:48:05Z,
47.251.38.226,ipv4,malicious-ip,medium,WHITE,ziyadnz/hourly-ipv4,ziyadnz|hourly,2026-08-17T18:48:05Z,2026-08-17T18:48:05Z,
47.251.40.248,ipv4,malicious-ip,medium,WHITE,ziyadnz/hourly-ipv4,ziyadnz|hourly,2026-08-17T18:48:05Z,2026-08-17T18:48:05Z,
47.251.42.17,ipv4,malicious-ip,medium,WHITE,ziyadnz/hourly-ipv4,ziyadnz|hourly,2026-08-17T18:48:05Z,2026-08-17T18:48:05Z,
47.251.42.172,ipv4,malicious-ip,medium,WHITE,ziyadnz/hourly-ipv4,ziyadnz|hourly,2026-08-17T18:48:05Z,2026-08-17T18:48:05Z,
47.251.42.6,ipv4,malicious-ip,medium,WHITE,ziyadnz/hourly-ipv4,ziyadnz|hourly,2026-08-17T18:48:05Z,2026-08-17T18:48:05Z,
47.251.44.36,ipv4,malicious-ip,medium,WHITE,ziyadnz/hourly-ipv4,ziyadnz|hourly,2026-08-17T18:48:05Z,2026-08-17T18:48:05Z,
47.251.45.2,ipv4,malicious-ip,medium,WHITE,ziyadnz/hourly-ipv4,ziyadnz|hourly,2026-08-17T18:48:05Z,2026-08-17T18:48:05Z,
47.251.45.25,ipv4,malicious-ip,medium,WHITE,ziyadnz/hourly-ipv4,ziyadnz|hourly,2026-08-17T18:48:05Z,2026-08-17T18:48:05Z,
47.251.46.185,ipv4,malicious-ip,medium,WHITE,ziyadnz/hourly-ipv4,ziyadnz|hourly,2026-08-17T18:48:05Z,2026-08-17T18:48:05Z,
47.251.47.151,ipv4,malicious-ip,medium,WHITE,ziyadnz/hourly-ipv4,ziyadnz|hourly,2026-08-17T18:48:05Z,2026-08-17T18:48:05Z,
47.251.48.11,ipv4,malicious-ip,medium,WHITE,ziyadnz/hourly-ipv4,ziyadnz|hourly,2026-08-17T18:48:05Z,2026-08-17T18:48:05Z,
47.251.48.155,ipv4,malicious-ip,medium,WHITE,ziyadnz/hourly-ipv4,ziyadnz|hourly,2026-08-17T18:48:05Z,2026-08-17T18:48:05Z,
47.251.48.26,ipv4,malicious-ip,medium,WHITE,ziyadnz/hourly-ipv4,ziyadnz|hourly,2026-08-17T18:48:05Z,2026-08-17T18:48:05Z,
47.251.48.41,ipv4,malicious-ip,medium,WHITE,ziyadnz/hourly-ipv4,ziyadnz|hourly,2026-08-17T18:48:05Z,2026-08-17T18:48:05Z,
47.251.49.115,ipv4,malicious-ip,medium,WHITE,ziyadnz/hourly-ipv4,ziyadnz|hourly,2026-08-17T18:48:05Z,2026-08-17T18:48:05Z,
47.251.5.174,ipv4,malicious-ip,medium,WHITE,ziyadnz/hourly-ipv4,ziyadnz|hourly,2026-08-17T18:48:05Z,2026-08-17T18:48:05Z,
47.251.50.227,ipv4,malicious-ip,medium,WHITE,ziyadnz/hourly-ipv4,ziyadnz|hourly,2026-08-17T18:48:05Z,2026-08-17T18:48:05Z,
47.251.50.33,ipv4,malicious-ip,medium,WHITE,ziyadnz/hourly-ipv4,ziyadnz|hourly,2026-08-17T18:48:05Z,2026-08-17T18:48:05Z,
47.251.51.133,ipv4,malicious-ip,medium,WHITE,ziyadnz/hourly-ipv4,ziyadnz|hourly,2026-08-17T18:48:05Z,2026-08-17T18:48:05Z,
47.251.51.155,ipv4,malicious-ip,medium,WHITE,ziyadnz/hourly-ipv4,ziyadnz|hourly,2026-08-17T18:48:05Z,2026-08-17T18:48:05Z,
47.251.51.172,ipv4,malicious-ip,medium,WHITE,ziyadnz/hourly-ipv4,ziyadnz|hourly,2026-08-17T18:48:05Z,2026-08-17T18:48:05Z,
47.251.52.209,ipv4,malicious-ip,medium,WHITE,ziyadnz/hourly-ipv4,ziyadnz|hourly,2026-08-17T18:48:05Z,2026-08-17T18:48:05Z,
47.251.52.64,ipv4,malicious-ip,medium,WHITE,ziyadnz/hourly-ipv4,ziyadnz|hourly,2026-08-17T18:48:05Z,2026-08-17T18:48:05Z,
47.251.53.147,ipv4,malicious-ip,medium,WHITE,ziyadnz/hourly-ipv4,ziyadnz|hourly,2026-08-17T18:48:05Z,2026-08-17T18:48:05Z,
47.251.55.106,ipv4,malicious-ip,medium,WHITE,ziyadnz/hourly-ipv4,ziyadnz|hourly,2026-08-17T18:48:05Z,2026-08-17T18:48:05Z,
47.251.55.11,ipv4,malicious-ip,medium,WHITE,ziyadnz/hourly-ipv4,ziyadnz|hourly,2026-08-17T18:48:05Z,2026-08-17T18:48:05Z,
47.251.55.135,ipv4,malicious-ip,medium,WHITE,ziyadnz/hourly-ipv4,ziyadnz|hourly,2026-08-17T18:48:05Z,2026-08-17T18:48:05Z,
47.251.55.62,ipv4,malicious-ip,medium,WHITE,ziyadnz/hourly-ipv4,ziyadnz|hourly,2026-08-17T18:48:05Z,2026-08-17T18:48:05Z,
47.251.56.227,ipv4,malicious-ip,medium,WHITE,ziyadnz/hourly-ipv4,ziyadnz|hourly,2026-08-17T18:48:05Z,2026-08-17T18:48:05Z,
47.251.57.96,ipv4,malicious-ip,medium,WHITE,ziyadnz/hourly-ipv4,ziyadnz|hourly,2026-08-17T18:48:05Z,2026-08-17T18:48:05Z,
47.251.59.3,ipv4,malicious-ip,medium,WHITE,ziyadnz/hourly-ipv4,ziyadnz|hourly,2026-08-17T18:48:05Z,2026-08-17T18:48:05Z,
47.251.59.83,ipv4,malicious-ip,medium,WHITE,ziyadnz/hourly-ipv4,ziyadnz|hourly,2026-08-17T18:48:05Z,2026-08-17T18:48:05Z,
47.251.6.142,ipv4,malicious-ip,medium,WHITE,ziyadnz/hourly-ipv4,ziyadnz|hourly,2026-08-17T18:48:05Z,2026-08-17T18:48:05Z,
47.251.61.165,ipv4,malicious-ip,medium,WHITE,ziyadnz/hourly-ipv4,ziyadnz|hourly,2026-08-17T18:48:05Z,2026-08-17T18:48:05Z,
47.251.61.27,ipv4,malicious-ip,medium,WHITE,ziyadnz/hourly-ipv4,ziyadnz|hourly,2026-08-17T18:48:05Z,2026-08-17T18:48:05Z,
47.251.62.188,ipv4,malicious-ip,medium,WHITE,ziyadnz/hourly-ipv4,ziyadnz|hourly,2026-08-17T18:48:05Z,2026-08-17T18:48:05Z,
47.251.64.123,ipv4,malicious-ip,medium,WHITE,ziyadnz/hourly-ipv4,ziyadnz|hourly,2026-08-17T18:48:05Z,2026-08-17T18:48:05Z,
47.251.65.123,ipv4,malicious-ip,medium,WHITE,ziyadnz/hourly-ipv4,ziyadnz|hourly,2026-08-17T18:48:05Z,2026-08-17T18:48:05Z,
47.251.65.177,ipv4,malicious-ip,medium,WHITE,ziyadnz/hourly-ipv4,ziyadnz|hourly,2026-08-17T18:48:05Z,2026-08-17T18:48:05Z,
47.251.66.209,ipv4,malicious-ip,medium,WHITE,ziyadnz/hourly-ipv4,ziyadnz|hourly,2026-08-17T18:48:05Z,2026-08-17T18:48:05Z,
47.251.67.182,ipv4,malicious-ip,medium,WHITE,ziyadnz/hourly-ipv4,ziyadnz|hourly,2026-08-17T18:48:05Z,2026-08-17T18:48:05Z,
47.251.67.227,ipv4,malicious-ip,medium,WHITE,ziyadnz/hourly-ipv4,ziyadnz|hourly,2026-08-17T18:48:05Z,2026-08-17T18:48:05Z,
47.251.68.127,ipv4,malicious-ip,medium,WHITE,ziyadnz/hourly-ipv4,ziyadnz|hourly,2026-08-17T18:48:05Z,2026-08-17T18:48:05Z,
47.251.68.242,ipv4,malicious-ip,medium,WHITE,ziyadnz/hourly-ipv4,ziyadnz|hourly,2026-08-17T18:48:05Z,2026-08-17T18:48:05Z,
47.251.68.60,ipv4,malicious-ip,medium,WHITE,ziyadnz/hourly-ipv4,ziyadnz|hourly,2026-08-17T18:48:05Z,2026-08-17T18:48:05Z,
47.251.68.77,ipv4,malicious-ip,medium,WHITE,ziyadnz/hourly-ipv4,ziyadnz|hourly,2026-08-17T18:48:05Z,2026-08-17T18:48:05Z,
47.251.69.170,ipv4,malicious-ip,medium,WHITE,ziyadnz/hourly-ipv4,ziyadnz|hourly,2026-08-17T18:48:05Z,2026-08-17T18:48:05Z,
47.251.7.228,ipv4,malicious-ip,medium,WHITE,ziyadnz/hourly-ipv4,ziyadnz|hourly,2026-08-17T18:48:05Z,2026-08-17T18:48:05Z,
47.251.70.129,ipv4,malicious-ip,medium,WHITE,ziyadnz/hourly-ipv4,ziyadnz|hourly,2026-08-17T18:48:05Z,2026-08-17T18:48:05Z,
47.251.70.145,ipv4,malicious-ip,medium,WHITE,ziyadnz/hourly-ipv4,ziyadnz|hourly,2026-08-17T18:48:05Z,2026-08-17T18:48:05Z,
47.251.70.202,ipv4,malicious-ip,medium,WHITE,ziyadnz/hourly-ipv4,ziyadnz|hourly,2026-08-17T18:48:05Z,2026-08-17T18:48:05Z,
47.251.71.112,ipv4,malicious-ip,medium,WHITE,ziyadnz/hourly-ipv4,ziyadnz|hourly,2026-08-17T18:48:05Z,2026-08-17T18:48:05Z,
47.251.71.62,ipv4,malicious-ip,medium,WHITE,ziyadnz/hourly-ipv4,ziyadnz|hourly,2026-08-17T18:48:05Z,2026-08-17T18:48:05Z,
47.251.71.99,ipv4,malicious-ip,medium,WHITE,ziyadnz/hourly-ipv4,ziyadnz|hourly,2026-08-17T18:48:05Z,2026-08-17T18:48:05Z,
47.251.72.187,ipv4,malicious-ip,medium,WHITE,ziyadnz/hourly-ipv4,ziyadnz|hourly,2026-08-17T18:48:05Z,2026-08-17T18:48:05Z,
47.251.73.89,ipv4,malicious-ip,medium,WHITE,ziyadnz/hourly-ipv4,ziyadnz|hourly,2026-08-17T18:48:05Z,2026-08-17T18:48:05Z,
47.251.74.190,ipv4,malicious-ip,medium,WHITE,ziyadnz/hourly-ipv4,ziyadnz|hourly,2026-08-17T18:48:05Z,2026-08-17T18:48:05Z,
47.251.74.197,ipv4,malicious-ip,medium,WHITE,ziyadnz/hourly-ipv4,ziyadnz|hourly,2026-08-17T18:48:05Z,2026-08-17T18:48:05Z,
47.251.74.228,ipv4,malicious-ip,medium,WHITE,ziyadnz/hourly-ipv4,ziyadnz|hourly,2026-08-17T18:48:05Z,2026-08-17T18:48:05Z,
47.251.74.248,ipv4,malicious-ip,medium,WHITE,ziyadnz/hourly-ipv4,ziyadnz|hourly,2026-08-17T18:48:05Z,2026-08-17T18:48:05Z,
47.251.74.88,ipv4,malicious-ip,medium,WHITE,ziyadnz/hourly-ipv4,ziyadnz|hourly,2026-08-17T18:48:05Z,2026-08-17T18:48:05Z,
47.251.75.100,ipv4,malicious-ip,medium,WHITE,ziyadnz/hourly-ipv4,ziyadnz|hourly,2026-08-17T18:48:05Z,2026-08-17T18:48:05Z,
47.251.76.211,ipv4,malicious-ip,medium,WHITE,ziyadnz/hourly-ipv4,ziyadnz|hourly,2026-08-17T18:48:05Z,2026-08-17T18:48:05Z,
47.251.76.220,ipv4,malicious-ip,medium,WHITE,ziyadnz/hourly-ipv4,ziyadnz|hourly,2026-08-17T18:48:05Z,2026-08-17T18:48:05Z,
47.251.77.150,ipv4,malicious-ip,medium,WHITE,ziyadnz/hourly-ipv4,ziyadnz|hourly,2026-08-17T18:48:05Z,2026-08-17T18:48:05Z,
47.251.77.17,ipv4,malicious-ip,medium,WHITE,ziyadnz/hourly-ipv4,ziyadnz|hourly,2026-08-17T18:48:05Z,2026-08-17T18:48:05Z,
47.251.77.20,ipv4,malicious-ip,medium,WHITE,ziyadnz/hourly-ipv4,ziyadnz|hourly,2026-08-17T18:48:05Z,2026-08-17T18:48:05Z,
47.251.78.116,ipv4,malicious-ip,medium,WHITE,ziyadnz/hourly-ipv4,ziyadnz|hourly,2026-08-17T18:48:05Z,2026-08-17T18:48:05Z,
47.251.78.194,ipv4,malicious-ip,medium,WHITE,ziyadnz/hourly-ipv4,ziyadnz|hourly,2026-08-17T18:48:05Z,2026-08-17T18:48:05Z,
47.251.78.53,ipv4,malicious-ip,medium,WHITE,ziyadnz/hourly-ipv4,ziyadnz|hourly,2026-08-17T18:48:05Z,2026-08-17T18:48:05Z,
47.251.79.21,ipv4,malicious-ip,medium,WHITE,ziyadnz/hourly-ipv4,ziyadnz|hourly,2026-08-17T18:48:05Z,2026-08-17T18:48:05Z,
47.251.79.53,ipv4,malicious-ip,medium,WHITE,ziyadnz/hourly-ipv4,ziyadnz|hourly,2026-08-17T18:48:05Z,2026-08-17T18:48:05Z,
47.251.80.35,ipv4,malicious-ip,medium,WHITE,ziyadnz/hourly-ipv4,ziyadnz|hourly,2026-08-17T18:48:05Z,2026-08-17T18:48:05Z,
47.251.80.97,ipv4,malicious-ip,medium,WHITE,ziyadnz/hourly-ipv4,ziyadnz|hourly,2026-08-17T18:48:05Z,2026-08-17T18:48:05Z,
47.251.81.110,ipv4,malicious-ip,medium,WHITE,ziyadnz/hourly-ipv4,ziyadnz|hourly,2026-08-17T18:48:05Z,2026-08-17T18:48:05Z,
47.251.81.112,ipv4,malicious-ip,medium,WHITE,ziyadnz/hourly-ipv4,ziyadnz|hourly,2026-08-17T18:48:05Z,2026-08-17T18:48:05Z,
47.251.81.146,ipv4,malicious-ip,medium,WHITE,ziyadnz/hourly-ipv4,ziyadnz|hourly,2026-08-17T18:48:05Z,2026-08-17T18:48:05Z,
47.251.81.246,ipv4,malicious-ip,medium,WHITE,ziyadnz/hourly-ipv4,ziyadnz|hourly,2026-08-17T18:48:05Z,2026-08-17T18:48:05Z,
47.251.81.7,ipv4,malicious-ip,medium,WHITE,ziyadnz/hourly-ipv4,ziyadnz|hourly,2026-08-17T18:48:05Z,2026-08-17T18:48:05Z,
47.251.82.0,ipv4,malicious-ip,medium,WHITE,ziyadnz/hourly-ipv4,ziyadnz|hourly,2026-08-17T18:48:05Z,2026-08-17T18:48:05Z,
47.251.82.1,ipv4,malicious-ip,medium,WHITE,ziyadnz/hourly-ipv4,ziyadnz|hourly,2026-08-17T18:48:05Z,2026-08-17T18:48:05Z,
47.251.82.209,ipv4,malicious-ip,medium,WHITE,ziyadnz/hourly-ipv4,ziyadnz|hourly,2026-08-17T18:48:05Z,2026-08-17T18:48:05Z,
47.251.82.39,ipv4,malicious-ip,medium,WHITE,ziyadnz/hourly-ipv4,ziyadnz|hourly,2026-08-17T18:48:05Z,2026-08-17T18:48:05Z,
47.251.82.43,ipv4,malicious-ip,medium,WHITE,ziyadnz/hourly-ipv4,ziyadnz|hourly,2026-08-17T18:48:05Z,2026-08-17T18:48:05Z,
47.251.83.5,ipv4,malicious-ip,medium,WHITE,ziyadnz/hourly-ipv4,ziyadnz|hourly,2026-08-17T18:48:05Z,2026-08-17T18:48:05Z,
47.251.84.116,ipv4,malicious-ip,medium,WHITE,ziyadnz/hourly-ipv4,ziyadnz|hourly,2026-08-17T18:48:05Z,2026-08-17T18:48:05Z,
47.251.84.218,ipv4,malicious-ip,medium,WHITE,ziyadnz/hourly-ipv4,ziyadnz|hourly,2026-08-17T18:48:05Z,2026-08-17T18:48:05Z,
47.251.84.56,ipv4,malicious-ip,medium,WHITE,ziyadnz/hourly-ipv4,ziyadnz|hourly,2026-08-17T18:48:05Z,2026-08-17T18:48:05Z,
47.251.85.109,ipv4,malicious-ip,medium,WHITE,ziyadnz/hourly-ipv4,ziyadnz|hourly,2026-08-17T18:48:05Z,2026-08-17T18:48:05Z,
47.251.85.219,ipv4,malicious-ip,medium,WHITE,ziyadnz/hourly-ipv4,ziyadnz|hourly,2026-08-17T18:48:05Z,2026-08-17T18:48:05Z,
47.251.86.119,ipv4,malicious-ip,medium,WHITE,ziyadnz/hourly-ipv4,ziyadnz|hourly,2026-08-17T18:48:05Z,2026-08-17T18:48:05Z,
47.251.86.173,ipv4,malicious-ip,medium,WHITE,ziyadnz/hourly-ipv4,ziyadnz|hourly,2026-08-17T18:48:05Z,2026-08-17T18:48:05Z,
47.251.86.188,ipv4,malicious-ip,medium,WHITE,ziyadnz/hourly-ipv4,ziyadnz|hourly,2026-08-17T18:48:05Z,2026-08-17T18:48:05Z,
47.251.86.217,ipv4,malicious-ip,medium,WHITE,ziyadnz/hourly-ipv4,ziyadnz|hourly,2026-08-17T18:48:05Z,2026-08-17T18:48:05Z,
47.251.87.241,ipv4,malicious-ip,medium,WHITE,ziyadnz/hourly-ipv4,ziyadnz|hourly,2026-08-17T18:48:05Z,2026-08-17T18:48:05Z,
47.251.88.117,ipv4,malicious-ip,medium,WHITE,ziyadnz/hourly-ipv4,ziyadnz|hourly,2026-08-17T18:48:05Z,2026-08-17T18:48:05Z,
47.251.88.148,ipv4,malicious-ip,medium,WHITE,ziyadnz/hourly-ipv4,ziyadnz|hourly,2026-08-17T18:48:05Z,2026-08-17T18:48:05Z,
47.251.88.213,ipv4,malicious-ip,medium,WHITE,ziyadnz/hourly-ipv4,ziyadnz|hourly,2026-08-17T18:48:05Z,2026-08-17T18:48:05Z,
47.251.88.47,ipv4,malicious-ip,medium,WHITE,ziyadnz/hourly-ipv4,ziyadnz|hourly,2026-08-17T18:48:05Z,2026-08-17T18:48:05Z,
47.251.89.204,ipv4,malicious-ip,medium,WHITE,ziyadnz/hourly-ipv4,ziyadnz|hourly,2026-08-17T18:48:05Z,2026-08-17T18:48:05Z,
47.251.89.71,ipv4,malicious-ip,medium,WHITE,ziyadnz/hourly-ipv4,ziyadnz|hourly,2026-08-17T18:48:05Z,2026-08-17T18:48:05Z,
47.251.9.15,ipv4,malicious-ip,medium,WHITE,ziyadnz/hourly-ipv4,ziyadnz|hourly,2026-08-17T18:48:05Z,2026-08-17T18:48:05Z,
47.251.9.231,ipv4,malicious-ip,medium,WHITE,ziyadnz/hourly-ipv4,ziyadnz|hourly,2026-08-17T18:48:05Z,2026-08-17T18:48:05Z,
47.251.90.30,ipv4,malicious-ip,medium,WHITE,ziyadnz/hourly-ipv4,ziyadnz|hourly,2026-08-17T18:48:05Z,2026-08-17T18:48:05Z,
47.251.90.59,ipv4,malicious-ip,medium,WHITE,ziyadnz/hourly-ipv4,ziyadnz|hourly,2026-08-17T18:48:05Z,2026-08-17T18:48:05Z,
47.251.90.72,ipv4,malicious-ip,medium,WHITE,ziyadnz/hourly-ipv4,ziyadnz|hourly,2026-08-17T18:48:05Z,2026-08-17T18:48:05Z,
47.251.91.10,ipv4,malicious-ip,medium,WHITE,ziyadnz/hourly-ipv4,ziyadnz|hourly,2026-08-17T18:48:05Z,2026-08-17T18:48:05Z,
47.251.91.12,ipv4,malicious-ip,medium,WHITE,ziyadnz/hourly-ipv4,ziyadnz|hourly,2026-08-17T18:48:05Z,2026-08-17T18:48:05Z,
47.251.91.152,ipv4,malicious-ip,medium,WHITE,ziyadnz/hourly-ipv4,ziyadnz|hourly,2026-08-17T18:48:05Z,2026-08-17T18:48:05Z,
47.251.91.214,ipv4,malicious-ip,medium,WHITE,ziyadnz/hourly-ipv4,ziyadnz|hourly,2026-08-17T18:48:05Z,2026-08-17T18:48:05Z,
47.251.91.249,ipv4,malicious-ip,medium,WHITE,ziyadnz/hourly-ipv4,ziyadnz|hourly,2026-08-17T18:48:05Z,2026-08-17T18:48:05Z,
47.251.91.253,ipv4,malicious-ip,medium,WHITE,ziyadnz/hourly-ipv4,ziyadnz|hourly,2026-08-17T18:48:05Z,2026-08-17T18:48:05Z,
47.251.91.7,ipv4,malicious-ip,medium,WHITE,ziyadnz/hourly-ipv4,ziyadnz|hourly,2026-08-17T18:48:05Z,2026-08-17T18:48:05Z,
47.251.91.94,ipv4,malicious-ip,medium,WHITE,ziyadnz/hourly-ipv4,ziyadnz|hourly,2026-08-17T18:48:05Z,2026-08-17T18:48:05Z,
47.251.92.201,ipv4,malicious-ip,medium,WHITE,ziyadnz/hourly-ipv4,ziyadnz|hourly,2026-08-17T18:48:05Z,2026-08-17T18:48:05Z,
47.251.92.206,ipv4,malicious-ip,medium,WHITE,ziyadnz/hourly-ipv4,ziyadnz|hourly,2026-08-17T18:48:05Z,2026-08-17T18:48:05Z,
47.251.92.23,ipv4,malicious-ip,medium,WHITE,ziyadnz/hourly-ipv4,ziyadnz|hourly,2026-08-17T18:48:05Z,2026-08-17T18:48:05Z,
47.251.92.248,ipv4,malicious-ip,medium,WHITE,ziyadnz/hourly-ipv4,ziyadnz|hourly,2026-08-17T18:48:05Z,2026-08-17T18:48:05Z,
47.251.92.53,ipv4,malicious-ip,medium,WHITE,ziyadnz/hourly-ipv4,ziyadnz|hourly,2026-08-17T18:48:05Z,2026-08-17T18:48:05Z,
47.251.92.96,ipv4,malicious-ip,medium,WHITE,ziyadnz/hourly-ipv4,ziyadnz|hourly,2026-08-17T18:48:05Z,2026-08-17T18:48:05Z,
47.251.93.165,ipv4,malicious-ip,medium,WHITE,ziyadnz/hourly-ipv4,ziyadnz|hourly,2026-08-17T18:48:05Z,2026-08-17T18:48:05Z,
47.251.93.184,ipv4,malicious-ip,medium,WHITE,ziyadnz/hourly-ipv4,ziyadnz|hourly,2026-08-17T18:48:05Z,2026-08-17T18:48:05Z,
47.251.94.237,ipv4,malicious-ip,medium,WHITE,ziyadnz/hourly-ipv4,ziyadnz|hourly,2026-08-17T18:48:05Z,2026-08-17T18:48:05Z,
47.251.94.48,ipv4,malicious-ip,medium,WHITE,ziyadnz/hourly-ipv4,ziyadnz|hourly,2026-08-17T18:48:05Z,2026-08-17T18:48:05Z,
47.251.94.7,ipv4,malicious-ip,medium,WHITE,ziyadnz/hourly-ipv4,ziyadnz|hourly,2026-08-17T18:48:05Z,2026-08-17T18:48:05Z,
47.251.95.226,ipv4,malicious-ip,medium,WHITE,ziyadnz/hourly-ipv4,ziyadnz|hourly,2026-08-17T18:48:05Z,2026-08-17T18:48:05Z,
47.251.95.239,ipv4,malicious-ip,medium,WHITE,ziyadnz/hourly-ipv4,ziyadnz|hourly,2026-08-17T18:48:05Z,2026-08-17T18:48:05Z,
47.251.96.146,ipv4,malicious-ip,medium,WHITE,ziyadnz/hourly-ipv4,ziyadnz|hourly,2026-08-17T18:48:05Z,2026-08-17T18:48:05Z,
47.251.96.168,ipv4,malicious-ip,medium,WHITE,ziyadnz/hourly-ipv4,ziyadnz|hourly,2026-08-17T18:48:05Z,2026-08-17T18:48:05Z,
47.251.96.9,ipv4,malicious-ip,medium,WHITE,ziyadnz/hourly-ipv4,ziyadnz|hourly,2026-08-17T18:48:05Z,2026-08-17T18:48:05Z,
47.251.98.112,ipv4,malicious-ip,medium,WHITE,ziyadnz/hourly-ipv4,ziyadnz|hourly,2026-08-17T18:48:05Z,2026-08-17T18:48:05Z,
47.251.98.151,ipv4,malicious-ip,medium,WHITE,ziyadnz/hourly-ipv4,ziyadnz|hourly,2026-08-17T18:48:05Z,2026-08-17T18:48:05Z,
47.251.98.79,ipv4,malicious-ip,medium,WHITE,ziyadnz/hourly-ipv4,ziyadnz|hourly,2026-08-17T18:48:05Z,2026-08-17T18:48:05Z,
47.251.99.107,ipv4,malicious-ip,medium,WHITE,ziyadnz/hourly-ipv4,ziyadnz|hourly,2026-08-17T18:48:05Z,2026-08-17T18:48:05Z,
47.252.17.141,ipv4,malicious-ip,medium,WHITE,ziyadnz/hourly-ipv4,ziyadnz|hourly,2026-08-17T18:48:05Z,2026-08-17T18:48:05Z,
47.252.33.131,ipv4,malicious-ip,medium,WHITE,ziyadnz/hourly-ipv4,ziyadnz|hourly,2026-08-17T18:48:05Z,2026-08-17T18:48:05Z,
47.252.39.247,ipv4,malicious-ip,medium,WHITE,ziyadnz/hourly-ipv4,ziyadnz|hourly,2026-08-17T18:48:05Z,2026-08-17T18:48:05Z,
47.252.45.173,ipv4,malicious-ip,medium,WHITE,ziyadnz/hourly-ipv4,ziyadnz|hourly,2026-08-17T18:48:05Z,2026-08-17T18:48:05Z,
47.252.46.218,ipv4,malicious-ip,medium,WHITE,ziyadnz/hourly-ipv4,ziyadnz|hourly,2026-08-17T18:48:05Z,2026-08-17T18:48:05Z,
47.253.141.12,ipv4,malicious-ip,medium,WHITE,ziyadnz/hourly-ipv4,ziyadnz|hourly,2026-08-17T18:48:05Z,2026-08-17T18:48:05Z,
47.253.149.245,ipv4,malicious-ip,medium,WHITE,ziyadnz/hourly-ipv4,ziyadnz|hourly,2026-08-17T18:48:05Z,2026-08-17T18:48:05Z,
47.253.151.100,ipv4,malicious-ip,medium,WHITE,ziyadnz/hourly-ipv4,ziyadnz|hourly,2026-08-17T18:48:05Z,2026-08-17T18:48:05Z,
47.253.154.186,ipv4,malicious-ip,medium,WHITE,ziyadnz/hourly-ipv4,ziyadnz|hourly,2026-08-17T18:48:05Z,2026-08-17T18:48:05Z,
47.253.156.31,ipv4,malicious-ip,medium,WHITE,ziyadnz/hourly-ipv4,ziyadnz|hourly,2026-08-17T18:48:05Z,2026-08-17T18:48:05Z,
47.253.165.1,ipv4,malicious-ip,medium,WHITE,ziyadnz/hourly-ipv4,ziyadnz|hourly,2026-08-17T18:48:05Z,2026-08-17T18:48:05Z,
47.253.213.29,ipv4,malicious-ip,medium,WHITE,ziyadnz/hourly-ipv4,ziyadnz|hourly,2026-08-17T18:48:05Z,2026-08-17T18:48:05Z,
47.253.221.248,ipv4,malicious-ip,medium,WHITE,ziyadnz/hourly-ipv4,ziyadnz|hourly,2026-08-17T18:48:05Z,2026-08-17T18:48:05Z,
47.253.255.193,ipv4,malicious-ip,medium,WHITE,ziyadnz/hourly-ipv4,ziyadnz|hourly,2026-08-17T18:48:05Z,2026-08-17T18:48:05Z,
47.253.49.176,ipv4,malicious-ip,medium,WHITE,ziyadnz/hourly-ipv4,ziyadnz|hourly,2026-08-17T18:48:05Z,2026-08-17T18:48:05Z,
47.253.5.130,ipv4,malicious-ip,medium,WHITE,ziyadnz/hourly-ipv4,ziyadnz|hourly,2026-08-17T18:48:05Z,2026-08-17T18:48:05Z,
47.253.94.188,ipv4,malicious-ip,medium,WHITE,ziyadnz/hourly-ipv4,ziyadnz|hourly,2026-08-17T18:48:05Z,2026-08-17T18:48:05Z,
47.253.98.31,ipv4,malicious-ip,medium,WHITE,ziyadnz/hourly-ipv4,ziyadnz|hourly,2026-08-17T18:48:05Z,2026-08-17T18:48:05Z,
47.254.122.150,ipv4,malicious-ip,medium,WHITE,ziyadnz/hourly-ipv4,ziyadnz|hourly,2026-08-17T18:48:05Z,2026-08-17T18:48:05Z,
47.254.122.247,ipv4,malicious-ip,medium,WHITE,ziyadnz/hourly-ipv4,ziyadnz|hourly,2026-08-17T18:48:05Z,2026-08-17T18:48:05Z,
47.254.122.67,ipv4,malicious-ip,medium,WHITE,ziyadnz/hourly-ipv4,ziyadnz|hourly,2026-08-17T18:48:05Z,2026-08-17T18:48:05Z,
47.254.128.244,ipv4,malicious-ip,medium,WHITE,ziyadnz/hourly-ipv4,ziyadnz|hourly,2026-08-17T18:48:05Z,2026-08-17T18:48:05Z,
47.254.130.139,ipv4,malicious-ip,medium,WHITE,ziyadnz/hourly-ipv4,ziyadnz|hourly,2026-08-17T18:48:05Z,2026-08-17T18:48:05Z,
47.254.130.236,ipv4,malicious-ip,medium,WHITE,ziyadnz/hourly-ipv4,ziyadnz|hourly,2026-08-17T18:48:05Z,2026-08-17T18:48:05Z,
47.254.131.109,ipv4,malicious-ip,medium,WHITE,ziyadnz/hourly-ipv4,ziyadnz|hourly,2026-08-17T18:48:05Z,2026-08-17T18:48:05Z,
47.254.132.68,ipv4,malicious-ip,medium,WHITE,ziyadnz/hourly-ipv4,ziyadnz|hourly,2026-08-17T18:48:05Z,2026-08-17T18:48:05Z,
47.254.133.107,ipv4,malicious-ip,medium,WHITE,ziyadnz/hourly-ipv4,ziyadnz|hourly,2026-08-17T18:48:05Z,2026-08-17T18:48:05Z,
47.254.134.107,ipv4,malicious-ip,medium,WHITE,ziyadnz/hourly-ipv4,ziyadnz|hourly,2026-08-17T18:48:05Z,2026-08-17T18:48:05Z,
47.254.134.220,ipv4,malicious-ip,medium,WHITE,ziyadnz/hourly-ipv4,ziyadnz|hourly,2026-08-17T18:48:05Z,2026-08-17T18:48:05Z,
47.254.134.243,ipv4,malicious-ip,medium,WHITE,ziyadnz/hourly-ipv4,ziyadnz|hourly,2026-08-17T18:48:05Z,2026-08-17T18:48:05Z,
47.254.134.254,ipv4,malicious-ip,medium,WHITE,ziyadnz/hourly-ipv4,ziyadnz|hourly,2026-08-17T18:48:05Z,2026-08-17T18:48:05Z,
47.254.14.239,ipv4,malicious-ip,medium,WHITE,ziyadnz/hourly-ipv4,ziyadnz|hourly,2026-08-17T18:48:05Z,2026-08-17T18:48:05Z,
47.254.141.209,ipv4,malicious-ip,medium,WHITE,ziyadnz/hourly-ipv4,ziyadnz|hourly,2026-08-17T18:48:05Z,2026-08-17T18:48:05Z,
47.254.142.112,ipv4,malicious-ip,medium,WHITE,ziyadnz/hourly-ipv4,ziyadnz|hourly,2026-08-17T18:48:05Z,2026-08-17T18:48:05Z,
47.254.142.61,ipv4,malicious-ip,medium,WHITE,ziyadnz/hourly-ipv4,ziyadnz|hourly,2026-08-17T18:48:05Z,2026-08-17T18:48:05Z,
47.254.143.201,ipv4,malicious-ip,medium,WHITE,ziyadnz/hourly-ipv4,ziyadnz|hourly,2026-08-17T18:48:05Z,2026-08-17T18:48:05Z,
47.254.144.111,ipv4,malicious-ip,medium,WHITE,ziyadnz/hourly-ipv4,ziyadnz|hourly,2026-08-17T18:48:05Z,2026-08-17T18:48:05Z,
47.254.144.148,ipv4,malicious-ip,medium,WHITE,ziyadnz/hourly-ipv4,ziyadnz|hourly,2026-08-17T18:48:05Z,2026-08-17T18:48:05Z,
47.254.144.215,ipv4,malicious-ip,medium,WHITE,ziyadnz/hourly-ipv4,ziyadnz|hourly,2026-08-17T18:48:05Z,2026-08-17T18:48:05Z,
47.254.144.24,ipv4,malicious-ip,medium,WHITE,ziyadnz/hourly-ipv4,ziyadnz|hourly,2026-08-17T18:48:05Z,2026-08-17T18:48:05Z,
47.254.146.168,ipv4,malicious-ip,medium,WHITE,ziyadnz/hourly-ipv4,ziyadnz|hourly,2026-08-17T18:48:05Z,2026-08-17T18:48:05Z,
47.254.147.11,ipv4,malicious-ip,medium,WHITE,ziyadnz/hourly-ipv4,ziyadnz|hourly,2026-08-17T18:48:05Z,2026-08-17T18:48:05Z,
47.254.147.64,ipv4,malicious-ip,medium,WHITE,ziyadnz/hourly-ipv4,ziyadnz|hourly,2026-08-17T18:48:05Z,2026-08-17T18:48:05Z,
47.254.148.219,ipv4,malicious-ip,medium,WHITE,ziyadnz/hourly-ipv4,ziyadnz|hourly,2026-08-17T18:48:05Z,2026-08-17T18:48:05Z,
47.254.148.82,ipv4,malicious-ip,medium,WHITE,ziyadnz/hourly-ipv4,ziyadnz|hourly,2026-08-17T18:48:05Z,2026-08-17T18:48:05Z,
47.254.149.208,ipv4,malicious-ip,medium,WHITE,ziyadnz/hourly-ipv4,ziyadnz|hourly,2026-08-17T18:48:05Z,2026-08-17T18:48:05Z,
47.254.149.30,ipv4,malicious-ip,medium,WHITE,ziyadnz/hourly-ipv4,ziyadnz|hourly,2026-08-17T18:48:05Z,2026-08-17T18:48:05Z,
47.254.15.174,ipv4,malicious-ip,medium,WHITE,ziyadnz/hourly-ipv4,ziyadnz|hourly,2026-08-17T18:48:05Z,2026-08-17T18:48:05Z,
47.254.15.85,ipv4,malicious-ip,medium,WHITE,ziyadnz/hourly-ipv4,ziyadnz|hourly,2026-08-17T18:48:05Z,2026-08-17T18:48:05Z,
47.254.150.164,ipv4,malicious-ip,medium,WHITE,ziyadnz/hourly-ipv4,ziyadnz|hourly,2026-08-17T18:48:05Z,2026-08-17T18:48:05Z,
47.254.150.185,ipv4,malicious-ip,medium,WHITE,ziyadnz/hourly-ipv4,ziyadnz|hourly,2026-08-17T18:48:05Z,2026-08-17T18:48:05Z,
47.254.150.91,ipv4,malicious-ip,medium,WHITE,ziyadnz/hourly-ipv4,ziyadnz|hourly,2026-08-17T18:48:05Z,2026-08-17T18:48:05Z,
47.254.151.115,ipv4,malicious-ip,medium,WHITE,ziyadnz/hourly-ipv4,ziyadnz|hourly,2026-08-17T18:48:05Z,2026-08-17T18:48:05Z,
47.254.151.194,ipv4,malicious-ip,medium,WHITE,ziyadnz/hourly-ipv4,ziyadnz|hourly,2026-08-17T18:48:05Z,2026-08-17T18:48:05Z,
47.254.152.129,ipv4,malicious-ip,medium,WHITE,ziyadnz/hourly-ipv4,ziyadnz|hourly,2026-08-17T18:48:05Z,2026-08-17T18:48:05Z,
47.254.153.104,ipv4,malicious-ip,medium,WHITE,ziyadnz/hourly-ipv4,ziyadnz|hourly,2026-08-17T18:48:05Z,2026-08-17T18:48:05Z,
47.254.154.147,ipv4,malicious-ip,medium,WHITE,ziyadnz/hourly-ipv4,ziyadnz|hourly,2026-08-17T18:48:05Z,2026-08-17T18:48:05Z,
47.254.154.155,ipv4,malicious-ip,medium,WHITE,ziyadnz/hourly-ipv4,ziyadnz|hourly,2026-08-17T18:48:05Z,2026-08-17T18:48:05Z,
47.254.154.160,ipv4,malicious-ip,medium,WHITE,ziyadnz/hourly-ipv4,ziyadnz|hourly,2026-08-17T18:48:05Z,2026-08-17T18:48:05Z,
47.254.154.232,ipv4,malicious-ip,medium,WHITE,ziyadnz/hourly-ipv4,ziyadnz|hourly,2026-08-17T18:48:05Z,2026-08-17T18:48:05Z,
47.254.155.251,ipv4,malicious-ip,medium,WHITE,ziyadnz/hourly-ipv4,ziyadnz|hourly,2026-08-17T18:48:05Z,2026-08-17T18:48:05Z,
47.254.155.45,ipv4,malicious-ip,medium,WHITE,ziyadnz/hourly-ipv4,ziyadnz|hourly,2026-08-17T18:48:05Z,2026-08-17T18:48:05Z,
47.254.156.127,ipv4,malicious-ip,medium,WHITE,ziyadnz/hourly-ipv4,ziyadnz|hourly,2026-08-17T18:48:05Z,2026-08-17T18:48:05Z,
47.254.156.14,ipv4,malicious-ip,medium,WHITE,ziyadnz/hourly-ipv4,ziyadnz|hourly,2026-08-17T18:48:05Z,2026-08-17T18:48:05Z,
47.254.156.248,ipv4,malicious-ip,medium,WHITE,ziyadnz/hourly-ipv4,ziyadnz|hourly,2026-08-17T18:48:05Z,2026-08-17T18:48:05Z,
47.254.156.46,ipv4,malicious-ip,medium,WHITE,ziyadnz/hourly-ipv4,ziyadnz|hourly,2026-08-17T18:48:05Z,2026-08-17T18:48:05Z,
47.254.156.79,ipv4,malicious-ip,medium,WHITE,ziyadnz/hourly-ipv4,ziyadnz|hourly,2026-08-17T18:48:05Z,2026-08-17T18:48:05Z,
47.254.156.86,ipv4,malicious-ip,medium,WHITE,ziyadnz/hourly-ipv4,ziyadnz|hourly,2026-08-17T18:48:05Z,2026-08-17T18:48:05Z,
47.254.158.193,ipv4,malicious-ip,medium,WHITE,ziyadnz/hourly-ipv4,ziyadnz|hourly,2026-08-17T18:48:05Z,2026-08-17T18:48:05Z,
47.254.158.67,ipv4,malicious-ip,medium,WHITE,ziyadnz/hourly-ipv4,ziyadnz|hourly,2026-08-17T18:48:05Z,2026-08-17T18:48:05Z,
47.254.159.17,ipv4,malicious-ip,medium,WHITE,ziyadnz/hourly-ipv4,ziyadnz|hourly,2026-08-17T18:48:05Z,2026-08-17T18:48:05Z,
47.254.159.184,ipv4,malicious-ip,medium,WHITE,ziyadnz/hourly-ipv4,ziyadnz|hourly,2026-08-17T18:48:05Z,2026-08-17T18:48:05Z,
47.254.159.226,ipv4,malicious-ip,medium,WHITE,ziyadnz/hourly-ipv4,ziyadnz|hourly,2026-08-17T18:48:05Z,2026-08-17T18:48:05Z,
47.254.159.97,ipv4,malicious-ip,medium,WHITE,ziyadnz/hourly-ipv4,ziyadnz|hourly,2026-08-17T18:48:05Z,2026-08-17T18:48:05Z,
47.254.16.187,ipv4,malicious-ip,medium,WHITE,ziyadnz/hourly-ipv4,ziyadnz|hourly,2026-08-17T18:48:05Z,2026-08-17T18:48:05Z,
47.254.167.143,ipv4,malicious-ip,medium,WHITE,ziyadnz/hourly-ipv4,ziyadnz|hourly,2026-08-17T18:48:05Z,2026-08-17T18:48:05Z,
47.254.167.66,ipv4,malicious-ip,medium,WHITE,ziyadnz/hourly-ipv4,ziyadnz|hourly,2026-08-17T18:48:05Z,2026-08-17T18:48:05Z,
47.254.169.202,ipv4,malicious-ip,medium,WHITE,ziyadnz/hourly-ipv4,ziyadnz|hourly,2026-08-17T18:48:05Z,2026-08-17T18:48:05Z,
47.254.170.153,ipv4,malicious-ip,medium,WHITE,ziyadnz/hourly-ipv4,ziyadnz|hourly,2026-08-17T18:48:05Z,2026-08-17T18:48:05Z,
47.254.170.206,ipv4,malicious-ip,medium,WHITE,ziyadnz/hourly-ipv4,ziyadnz|hourly,2026-08-17T18:48:05Z,2026-08-17T18:48:05Z,
47.254.170.228,ipv4,malicious-ip,medium,WHITE,ziyadnz/hourly-ipv4,ziyadnz|hourly,2026-08-17T18:48:05Z,2026-08-17T18:48:05Z,
47.254.170.239,ipv4,malicious-ip,medium,WHITE,ziyadnz/hourly-ipv4,ziyadnz|hourly,2026-08-17T18:48:05Z,2026-08-17T18:48:05Z,
47.254.171.185,ipv4,malicious-ip,medium,WHITE,ziyadnz/hourly-ipv4,ziyadnz|hourly,2026-08-17T18:48:05Z,2026-08-17T18:48:05Z,
47.254.171.201,ipv4,malicious-ip,medium,WHITE,ziyadnz/hourly-ipv4,ziyadnz|hourly,2026-08-17T18:48:05Z,2026-08-17T18:48:05Z,
47.254.171.85,ipv4,malicious-ip,medium,WHITE,ziyadnz/hourly-ipv4,ziyadnz|hourly,2026-08-17T18:48:05Z,2026-08-17T18:48:05Z,
47.254.172.105,ipv4,malicious-ip,medium,WHITE,ziyadnz/hourly-ipv4,ziyadnz|hourly,2026-08-17T18:48:05Z,2026-08-17T18:48:05Z,
47.254.172.138,ipv4,malicious-ip,medium,WHITE,ziyadnz/hourly-ipv4,ziyadnz|hourly,2026-08-17T18:48:05Z,2026-08-17T18:48:05Z,
47.254.172.141,ipv4,malicious-ip,medium,WHITE,ziyadnz/hourly-ipv4,ziyadnz|hourly,2026-08-17T18:48:05Z,2026-08-17T18:48:05Z,
47.254.172.185,ipv4,malicious-ip,medium,WHITE,ziyadnz/hourly-ipv4,ziyadnz|hourly,2026-08-17T18:48:05Z,2026-08-17T18:48:05Z,
47.254.172.242,ipv4,malicious-ip,medium,WHITE,ziyadnz/hourly-ipv4,ziyadnz|hourly,2026-08-17T18:48:05Z,2026-08-17T18:48:05Z,
47.254.173.155,ipv4,malicious-ip,medium,WHITE,ziyadnz/hourly-ipv4,ziyadnz|hourly,2026-08-17T18:48:05Z,2026-08-17T18:48:05Z,
47.254.173.166,ipv4,malicious-ip,medium,WHITE,ziyadnz/hourly-ipv4,ziyadnz|hourly,2026-08-17T18:48:05Z,2026-08-17T18:48:05Z,
47.254.173.24,ipv4,malicious-ip,medium,WHITE,ziyadnz/hourly-ipv4,ziyadnz|hourly,2026-08-17T18:48:05Z,2026-08-17T18:48:05Z,
47.254.173.90,ipv4,malicious-ip,medium,WHITE,ziyadnz/hourly-ipv4,ziyadnz|hourly,2026-08-17T18:48:05Z,2026-08-17T18:48:05Z,
47.254.176.137,ipv4,malicious-ip,medium,WHITE,ziyadnz/hourly-ipv4,ziyadnz|hourly,2026-08-17T18:48:05Z,2026-08-17T18:48:05Z,
47.254.176.225,ipv4,malicious-ip,medium,WHITE,ziyadnz/hourly-ipv4,ziyadnz|hourly,2026-08-17T18:48:05Z,2026-08-17T18:48:05Z,
47.254.176.60,ipv4,malicious-ip,medium,WHITE,ziyadnz/hourly-ipv4,ziyadnz|hourly,2026-08-17T18:48:05Z,2026-08-17T18:48:05Z,
47.254.177.181,ipv4,malicious-ip,medium,WHITE,ziyadnz/hourly-ipv4,ziyadnz|hourly,2026-08-17T18:48:05Z,2026-08-17T18:48:05Z,
47.254.177.253,ipv4,malicious-ip,medium,WHITE,ziyadnz/hourly-ipv4,ziyadnz|hourly,2026-08-17T18:48:05Z,2026-08-17T18:48:05Z,
47.254.177.97,ipv4,malicious-ip,medium,WHITE,ziyadnz/hourly-ipv4,ziyadnz|hourly,2026-08-17T18:48:05Z,2026-08-17T18:48:05Z,
47.254.178.204,ipv4,malicious-ip,medium,WHITE,ziyadnz/hourly-ipv4,ziyadnz|hourly,2026-08-17T18:48:05Z,2026-08-17T18:48:05Z,
47.254.178.51,ipv4,malicious-ip,medium,WHITE,ziyadnz/hourly-ipv4,ziyadnz|hourly,2026-08-17T18:48:05Z,2026-08-17T18:48:05Z,
47.254.179.129,ipv4,malicious-ip,medium,WHITE,ziyadnz/hourly-ipv4,ziyadnz|hourly,2026-08-17T18:48:05Z,2026-08-17T18:48:05Z,
47.254.179.207,ipv4,malicious-ip,medium,WHITE,ziyadnz/hourly-ipv4,ziyadnz|hourly,2026-08-17T18:48:05Z,2026-08-17T18:48:05Z,
47.254.181.210,ipv4,malicious-ip,medium,WHITE,ziyadnz/hourly-ipv4,ziyadnz|hourly,2026-08-17T18:48:05Z,2026-08-17T18:48:05Z,
47.254.183.43,ipv4,malicious-ip,medium,WHITE,ziyadnz/hourly-ipv4,ziyadnz|hourly,2026-08-17T18:48:05Z,2026-08-17T18:48:05Z,
47.254.183.61,ipv4,malicious-ip,medium,WHITE,ziyadnz/hourly-ipv4,ziyadnz|hourly,2026-08-17T18:48:05Z,2026-08-17T18:48:05Z,
47.254.184.14,ipv4,malicious-ip,medium,WHITE,ziyadnz/hourly-ipv4,ziyadnz|hourly,2026-08-17T18:48:05Z,2026-08-17T18:48:05Z,
47.254.184.178,ipv4,malicious-ip,medium,WHITE,ziyadnz/hourly-ipv4,ziyadnz|hourly,2026-08-17T18:48:05Z,2026-08-17T18:48:05Z,
47.254.184.200,ipv4,malicious-ip,medium,WHITE,ziyadnz/hourly-ipv4,ziyadnz|hourly,2026-08-17T18:48:05Z,2026-08-17T18:48:05Z,
47.254.184.66,ipv4,malicious-ip,medium,WHITE,ziyadnz/hourly-ipv4,ziyadnz|hourly,2026-08-17T18:48:05Z,2026-08-17T18:48:05Z,
47.254.192.137,ipv4,malicious-ip,medium,WHITE,ziyadnz/hourly-ipv4,ziyadnz|hourly,2026-08-17T18:48:05Z,2026-08-17T18:48:05Z,
47.254.193.225,ipv4,malicious-ip,medium,WHITE,ziyadnz/hourly-ipv4,ziyadnz|hourly,2026-08-17T18:48:05Z,2026-08-17T18:48:05Z,
47.254.195.133,ipv4,malicious-ip,medium,WHITE,ziyadnz/hourly-ipv4,ziyadnz|hourly,2026-08-17T18:48:05Z,2026-08-17T18:48:05Z,
47.254.195.238,ipv4,malicious-ip,medium,WHITE,ziyadnz/hourly-ipv4,ziyadnz|hourly,2026-08-17T18:48:05Z,2026-08-17T18:48:05Z,
47.254.196.105,ipv4,malicious-ip,medium,WHITE,ziyadnz/hourly-ipv4,ziyadnz|hourly,2026-08-17T18:48:05Z,2026-08-17T18:48:05Z,
47.254.196.122,ipv4,malicious-ip,medium,WHITE,ziyadnz/hourly-ipv4,ziyadnz|hourly,2026-08-17T18:48:05Z,2026-08-17T18:48:05Z,
47.254.196.146,ipv4,malicious-ip,medium,WHITE,ziyadnz/hourly-ipv4,ziyadnz|hourly,2026-08-17T18:48:05Z,2026-08-17T18:48:05Z,
47.254.197.224,ipv4,malicious-ip,medium,WHITE,ziyadnz/hourly-ipv4,ziyadnz|hourly,2026-08-17T18:48:05Z,2026-08-17T18:48:05Z,
47.254.197.50,ipv4,malicious-ip,medium,WHITE,ziyadnz/hourly-ipv4,ziyadnz|hourly,2026-08-17T18:48:05Z,2026-08-17T18:48:05Z,
47.254.198.84,ipv4,malicious-ip,medium,WHITE,ziyadnz/hourly-ipv4,ziyadnz|hourly,2026-08-17T18:48:05Z,2026-08-17T18:48:05Z,
47.254.199.36,ipv4,malicious-ip,medium,WHITE,ziyadnz/hourly-ipv4,ziyadnz|hourly,2026-08-17T18:48:05Z,2026-08-17T18:48:05Z,
47.254.2.109,ipv4,malicious-ip,medium,WHITE,ziyadnz/hourly-ipv4,ziyadnz|hourly,2026-08-17T18:48:05Z,2026-08-17T18:48:05Z,
47.254.20.18,ipv4,malicious-ip,medium,WHITE,ziyadnz/hourly-ipv4,ziyadnz|hourly,2026-08-17T18:48:05Z,2026-08-17T18:48:05Z,
47.254.20.29,ipv4,malicious-ip,medium,WHITE,ziyadnz/hourly-ipv4,ziyadnz|hourly,2026-08-17T18:48:05Z,2026-08-17T18:48:05Z,
47.254.200.103,ipv4,malicious-ip,medium,WHITE,ziyadnz/hourly-ipv4,ziyadnz|hourly,2026-08-17T18:48:05Z,2026-08-17T18:48:05Z,
47.254.200.126,ipv4,malicious-ip,medium,WHITE,ziyadnz/hourly-ipv4,ziyadnz|hourly,2026-08-17T18:48:05Z,2026-08-17T18:48:05Z,
47.254.200.51,ipv4,malicious-ip,medium,WHITE,ziyadnz/hourly-ipv4,ziyadnz|hourly,2026-08-17T18:48:05Z,2026-08-17T18:48:05Z,
47.254.201.158,ipv4,malicious-ip,medium,WHITE,ziyadnz/hourly-ipv4,ziyadnz|hourly,2026-08-17T18:48:05Z,2026-08-17T18:48:05Z,
47.254.201.65,ipv4,malicious-ip,medium,WHITE,ziyadnz/hourly-ipv4,ziyadnz|hourly,2026-08-17T18:48:05Z,2026-08-17T18:48:05Z,
47.254.201.72,ipv4,malicious-ip,medium,WHITE,ziyadnz/hourly-ipv4,ziyadnz|hourly,2026-08-17T18:48:05Z,2026-08-17T18:48:05Z,
47.254.202.137,ipv4,malicious-ip,medium,WHITE,ziyadnz/hourly-ipv4,ziyadnz|hourly,2026-08-17T18:48:05Z,2026-08-17T18:48:05Z,
47.254.202.17,ipv4,malicious-ip,medium,WHITE,ziyadnz/hourly-ipv4,ziyadnz|hourly,2026-08-17T18:48:05Z,2026-08-17T18:48:05Z,
47.254.202.19,ipv4,malicious-ip,medium,WHITE,ziyadnz/hourly-ipv4,ziyadnz|hourly,2026-08-17T18:48:05Z,2026-08-17T18:48:05Z,
47.254.202.197,ipv4,malicious-ip,medium,WHITE,ziyadnz/hourly-ipv4,ziyadnz|hourly,2026-08-17T18:48:05Z,2026-08-17T18:48:05Z,
47.254.202.77,ipv4,malicious-ip,medium,WHITE,ziyadnz/hourly-ipv4,ziyadnz|hourly,2026-08-17T18:48:05Z,2026-08-17T18:48:05Z,
47.254.204.153,ipv4,malicious-ip,medium,WHITE,ziyadnz/hourly-ipv4,ziyadnz|hourly,2026-08-17T18:48:05Z,2026-08-17T18:48:05Z,
47.254.207.105,ipv4,malicious-ip,medium,WHITE,ziyadnz/hourly-ipv4,ziyadnz|hourly,2026-08-17T18:48:05Z,2026-08-17T18:48:05Z,
47.254.21.31,ipv4,malicious-ip,medium,WHITE,ziyadnz/hourly-ipv4,ziyadnz|hourly,2026-08-17T18:48:05Z,2026-08-17T18:48:05Z,
47.254.213.105,ipv4,malicious-ip,medium,WHITE,ziyadnz/hourly-ipv4,ziyadnz|hourly,2026-08-17T18:48:05Z,2026-08-17T18:48:05Z,
47.254.213.222,ipv4,malicious-ip,medium,WHITE,ziyadnz/hourly-ipv4,ziyadnz|hourly,2026-08-17T18:48:05Z,2026-08-17T18:48:05Z,
47.254.213.90,ipv4,malicious-ip,medium,WHITE,ziyadnz/hourly-ipv4,ziyadnz|hourly,2026-08-17T18:48:05Z,2026-08-17T18:48:05Z,
47.254.214.117,ipv4,malicious-ip,medium,WHITE,ziyadnz/hourly-ipv4,ziyadnz|hourly,2026-08-17T18:48:05Z,2026-08-17T18:48:05Z,
47.254.214.146,ipv4,malicious-ip,medium,WHITE,ziyadnz/hourly-ipv4,ziyadnz|hourly,2026-08-17T18:48:05Z,2026-08-17T18:48:05Z,
47.254.214.192,ipv4,malicious-ip,medium,WHITE,ziyadnz/hourly-ipv4,ziyadnz|hourly,2026-08-17T18:48:05Z,2026-08-17T18:48:05Z,
47.254.214.237,ipv4,malicious-ip,medium,WHITE,ziyadnz/hourly-ipv4,ziyadnz|hourly,2026-08-17T18:48:05Z,2026-08-17T18:48:05Z,
47.254.215.142,ipv4,malicious-ip,medium,WHITE,ziyadnz/hourly-ipv4,ziyadnz|hourly,2026-08-17T18:48:05Z,2026-08-17T18:48:05Z,
47.254.215.62,ipv4,malicious-ip,medium,WHITE,ziyadnz/hourly-ipv4,ziyadnz|hourly,2026-08-17T18:48:05Z,2026-08-17T18:48:05Z,
47.254.216.76,ipv4,malicious-ip,medium,WHITE,ziyadnz/hourly-ipv4,ziyadnz|hourly,2026-08-17T18:48:05Z,2026-08-17T18:48:05Z,
47.254.22.110,ipv4,malicious-ip,medium,WHITE,ziyadnz/hourly-ipv4,ziyadnz|hourly,2026-08-17T18:48:05Z,2026-08-17T18:48:05Z,
47.254.229.163,ipv4,malicious-ip,medium,WHITE,ziyadnz/hourly-ipv4,ziyadnz|hourly,2026-08-17T18:48:05Z,2026-08-17T18:48:05Z,
47.254.230.4,ipv4,malicious-ip,medium,WHITE,ziyadnz/hourly-ipv4,ziyadnz|hourly,2026-08-17T18:48:05Z,2026-08-17T18:48:05Z,
47.254.231.12,ipv4,malicious-ip,medium,WHITE,ziyadnz/hourly-ipv4,ziyadnz|hourly,2026-08-17T18:48:05Z,2026-08-17T18:48:05Z,
47.254.231.141,ipv4,malicious-ip,medium,WHITE,ziyadnz/hourly-ipv4,ziyadnz|hourly,2026-08-17T18:48:05Z,2026-08-17T18:48:05Z,
47.254.231.20,ipv4,malicious-ip,medium,WHITE,ziyadnz/hourly-ipv4,ziyadnz|hourly,2026-08-17T18:48:05Z,2026-08-17T18:48:05Z,
47.254.231.205,ipv4,malicious-ip,medium,WHITE,ziyadnz/hourly-ipv4,ziyadnz|hourly,2026-08-17T18:48:05Z,2026-08-17T18:48:05Z,
47.254.231.82,ipv4,malicious-ip,medium,WHITE,ziyadnz/hourly-ipv4,ziyadnz|hourly,2026-08-17T18:48:05Z,2026-08-17T18:48:05Z,
47.254.233.150,ipv4,malicious-ip,medium,WHITE,ziyadnz/hourly-ipv4,ziyadnz|hourly,2026-08-17T18:48:05Z,2026-08-17T18:48:05Z,
47.254.233.18,ipv4,malicious-ip,medium,WHITE,ziyadnz/hourly-ipv4,ziyadnz|hourly,2026-08-17T18:48:05Z,2026-08-17T18:48:05Z,
47.254.233.252,ipv4,malicious-ip,medium,WHITE,ziyadnz/hourly-ipv4,ziyadnz|hourly,2026-08-17T18:48:05Z,2026-08-17T18:48:05Z,
47.254.234.104,ipv4,malicious-ip,medium,WHITE,ziyadnz/hourly-ipv4,ziyadnz|hourly,2026-08-17T18:48:05Z,2026-08-17T18:48:05Z,
47.254.234.201,ipv4,malicious-ip,medium,WHITE,ziyadnz/hourly-ipv4,ziyadnz|hourly,2026-08-17T18:48:05Z,2026-08-17T18:48:05Z,
47.254.235.10,ipv4,malicious-ip,medium,WHITE,ziyadnz/hourly-ipv4,ziyadnz|hourly,2026-08-17T18:48:05Z,2026-08-17T18:48:05Z,
47.254.235.102,ipv4,malicious-ip,medium,WHITE,ziyadnz/hourly-ipv4,ziyadnz|hourly,2026-08-17T18:48:05Z,2026-08-17T18:48:05Z,
47.254.238.189,ipv4,malicious-ip,medium,WHITE,ziyadnz/hourly-ipv4,ziyadnz|hourly,2026-08-17T18:48:05Z,2026-08-17T18:48:05Z,
47.254.238.212,ipv4,malicious-ip,medium,WHITE,ziyadnz/hourly-ipv4,ziyadnz|hourly,2026-08-17T18:48:05Z,2026-08-17T18:48:05Z,
47.254.238.61,ipv4,malicious-ip,medium,WHITE,ziyadnz/hourly-ipv4,ziyadnz|hourly,2026-08-17T18:48:05Z,2026-08-17T18:48:05Z,
47.254.239.134,ipv4,malicious-ip,medium,WHITE,ziyadnz/hourly-ipv4,ziyadnz|hourly,2026-08-17T18:48:05Z,2026-08-17T18:48:05Z,
47.254.239.26,ipv4,malicious-ip,medium,WHITE,ziyadnz/hourly-ipv4,ziyadnz|hourly,2026-08-17T18:48:05Z,2026-08-17T18:48:05Z,
47.254.24.110,ipv4,malicious-ip,medium,WHITE,ziyadnz/hourly-ipv4,ziyadnz|hourly,2026-08-17T18:48:05Z,2026-08-17T18:48:05Z,
47.254.240.216,ipv4,malicious-ip,medium,WHITE,ziyadnz/hourly-ipv4,ziyadnz|hourly,2026-08-17T18:48:05Z,2026-08-17T18:48:05Z,
47.254.240.228,ipv4,malicious-ip,medium,WHITE,ziyadnz/hourly-ipv4,ziyadnz|hourly,2026-08-17T18:48:05Z,2026-08-17T18:48:05Z,
47.254.241.145,ipv4,malicious-ip,medium,WHITE,ziyadnz/hourly-ipv4,ziyadnz|hourly,2026-08-17T18:48:05Z,2026-08-17T18:48:05Z,
47.254.241.38,ipv4,malicious-ip,medium,WHITE,ziyadnz/hourly-ipv4,ziyadnz|hourly,2026-08-17T18:48:05Z,2026-08-17T18:48:05Z,
47.254.242.172,ipv4,malicious-ip,medium,WHITE,ziyadnz/hourly-ipv4,ziyadnz|hourly,2026-08-17T18:48:05Z,2026-08-17T18:48:05Z,
47.254.242.200,ipv4,malicious-ip,medium,WHITE,ziyadnz/hourly-ipv4,ziyadnz|hourly,2026-08-17T18:48:05Z,2026-08-17T18:48:05Z,
47.254.242.70,ipv4,malicious-ip,medium,WHITE,ziyadnz/hourly-ipv4,ziyadnz|hourly,2026-08-17T18:48:05Z,2026-08-17T18:48:05Z,
47.254.243.140,ipv4,malicious-ip,medium,WHITE,ziyadnz/hourly-ipv4,ziyadnz|hourly,2026-08-17T18:48:05Z,2026-08-17T18:48:05Z,
47.254.243.215,ipv4,malicious-ip,medium,WHITE,ziyadnz/hourly-ipv4,ziyadnz|hourly,2026-08-17T18:48:05Z,2026-08-17T18:48:05Z,
47.254.243.81,ipv4,malicious-ip,medium,WHITE,ziyadnz/hourly-ipv4,ziyadnz|hourly,2026-08-17T18:48:05Z,2026-08-17T18:48:05Z,
47.254.243.91,ipv4,malicious-ip,medium,WHITE,ziyadnz/hourly-ipv4,ziyadnz|hourly,2026-08-17T18:48:05Z,2026-08-17T18:48:05Z,
47.254.244.10,ipv4,malicious-ip,medium,WHITE,ziyadnz/hourly-ipv4,ziyadnz|hourly,2026-08-17T18:48:05Z,2026-08-17T18:48:05Z,
47.254.244.116,ipv4,malicious-ip,medium,WHITE,ziyadnz/hourly-ipv4,ziyadnz|hourly,2026-08-17T18:48:05Z,2026-08-17T18:48:05Z,
47.254.244.233,ipv4,malicious-ip,medium,WHITE,ziyadnz/hourly-ipv4,ziyadnz|hourly,2026-08-17T18:48:05Z,2026-08-17T18:48:05Z,
47.254.244.249,ipv4,malicious-ip,medium,WHITE,ziyadnz/hourly-ipv4,ziyadnz|hourly,2026-08-17T18:48:05Z,2026-08-17T18:48:05Z,
47.254.244.31,ipv4,malicious-ip,medium,WHITE,ziyadnz/hourly-ipv4,ziyadnz|hourly,2026-08-17T18:48:05Z,2026-08-17T18:48:05Z,
47.254.244.42,ipv4,malicious-ip,medium,WHITE,ziyadnz/hourly-ipv4,ziyadnz|hourly,2026-08-17T18:48:05Z,2026-08-17T18:48:05Z,
47.254.245.237,ipv4,malicious-ip,medium,WHITE,ziyadnz/hourly-ipv4,ziyadnz|hourly,2026-08-17T18:48:05Z,2026-08-17T18:48:05Z,
47.254.245.239,ipv4,malicious-ip,medium,WHITE,ziyadnz/hourly-ipv4,ziyadnz|hourly,2026-08-17T18:48:05Z,2026-08-17T18:48:05Z,
47.254.245.24,ipv4,malicious-ip,medium,WHITE,ziyadnz/hourly-ipv4,ziyadnz|hourly,2026-08-17T18:48:05Z,2026-08-17T18:48:05Z,
47.254.245.248,ipv4,malicious-ip,medium,WHITE,ziyadnz/hourly-ipv4,ziyadnz|hourly,2026-08-17T18:48:05Z,2026-08-17T18:48:05Z,
47.254.247.11,ipv4,malicious-ip,medium,WHITE,ziyadnz/hourly-ipv4,ziyadnz|hourly,2026-08-17T18:48:05Z,2026-08-17T18:48:05Z,
47.254.247.177,ipv4,malicious-ip,medium,WHITE,ziyadnz/hourly-ipv4,ziyadnz|hourly,2026-08-17T18:48:05Z,2026-08-17T18:48:05Z,
47.254.247.87,ipv4,malicious-ip,medium,WHITE,ziyadnz/hourly-ipv4,ziyadnz|hourly,2026-08-17T18:48:05Z,2026-08-17T18:48:05Z,
47.254.248.130,ipv4,malicious-ip,medium,WHITE,ziyadnz/hourly-ipv4,ziyadnz|hourly,2026-08-17T18:48:05Z,2026-08-17T18:48:05Z,
47.254.248.7,ipv4,malicious-ip,medium,WHITE,ziyadnz/hourly-ipv4,ziyadnz|hourly,2026-08-17T18:48:05Z,2026-08-17T18:48:05Z,
47.254.249.37,ipv4,malicious-ip,medium,WHITE,ziyadnz/hourly-ipv4,ziyadnz|hourly,2026-08-17T18:48:05Z,2026-08-17T18:48:05Z,
47.254.249.98,ipv4,malicious-ip,medium,WHITE,ziyadnz/hourly-ipv4,ziyadnz|hourly,2026-08-17T18:48:05Z,2026-08-17T18:48:05Z,
47.254.25.10,ipv4,malicious-ip,medium,WHITE,ziyadnz/hourly-ipv4,ziyadnz|hourly,2026-08-17T18:48:05Z,2026-08-17T18:48:05Z,
47.254.25.184,ipv4,malicious-ip,medium,WHITE,ziyadnz/hourly-ipv4,ziyadnz|hourly,2026-08-17T18:48:05Z,2026-08-17T18:48:05Z,
47.254.25.63,ipv4,malicious-ip,medium,WHITE,ziyadnz/hourly-ipv4,ziyadnz|hourly,2026-08-17T18:48:05Z,2026-08-17T18:48:05Z,
47.254.250.59,ipv4,malicious-ip,medium,WHITE,ziyadnz/hourly-ipv4,ziyadnz|hourly,2026-08-17T18:48:05Z,2026-08-17T18:48:05Z,
47.254.251.156,ipv4,malicious-ip,medium,WHITE,ziyadnz/hourly-ipv4,ziyadnz|hourly,2026-08-17T18:48:05Z,2026-08-17T18:48:05Z,
47.254.251.47,ipv4,malicious-ip,medium,WHITE,ziyadnz/hourly-ipv4,ziyadnz|hourly,2026-08-17T18:48:05Z,2026-08-17T18:48:05Z,
47.254.251.7,ipv4,malicious-ip,medium,WHITE,ziyadnz/hourly-ipv4,ziyadnz|hourly,2026-08-17T18:48:05Z,2026-08-17T18:48:05Z,
47.254.253.14,ipv4,malicious-ip,medium,WHITE,ziyadnz/hourly-ipv4,ziyadnz|hourly,2026-08-17T18:48:05Z,2026-08-17T18:48:05Z,
47.254.253.15,ipv4,malicious-ip,medium,WHITE,ziyadnz/hourly-ipv4,ziyadnz|hourly,2026-08-17T18:48:05Z,2026-08-17T18:48:05Z,
47.254.253.203,ipv4,malicious-ip,medium,WHITE,ziyadnz/hourly-ipv4,ziyadnz|hourly,2026-08-17T18:48:05Z,2026-08-17T18:48:05Z,
47.254.253.222,ipv4,malicious-ip,medium,WHITE,ziyadnz/hourly-ipv4,ziyadnz|hourly,2026-08-17T18:48:05Z,2026-08-17T18:48:05Z,
47.254.254.1,ipv4,malicious-ip,medium,WHITE,ziyadnz/hourly-ipv4,ziyadnz|hourly,2026-08-17T18:48:05Z,2026-08-17T18:48:05Z,
47.254.254.177,ipv4,malicious-ip,medium,WHITE,ziyadnz/hourly-ipv4,ziyadnz|hourly,2026-08-17T18:48:05Z,2026-08-17T18:48:05Z,
47.254.254.221,ipv4,malicious-ip,medium,WHITE,ziyadnz/hourly-ipv4,ziyadnz|hourly,2026-08-17T18:48:05Z,2026-08-17T18:48:05Z,
47.254.255.111,ipv4,malicious-ip,medium,WHITE,ziyadnz/hourly-ipv4,ziyadnz|hourly,2026-08-17T18:48:05Z,2026-08-17T18:48:05Z,
47.254.255.13,ipv4,malicious-ip,medium,WHITE,ziyadnz/hourly-ipv4,ziyadnz|hourly,2026-08-17T18:48:05Z,2026-08-17T18:48:05Z,
47.254.27.133,ipv4,malicious-ip,medium,WHITE,ziyadnz/hourly-ipv4,ziyadnz|hourly,2026-08-17T18:48:05Z,2026-08-17T18:48:05Z,
47.254.28.173,ipv4,malicious-ip,medium,WHITE,ziyadnz/hourly-ipv4,ziyadnz|hourly,2026-08-17T18:48:05Z,2026-08-17T18:48:05Z,
47.254.28.41,ipv4,malicious-ip,medium,WHITE,ziyadnz/hourly-ipv4,ziyadnz|hourly,2026-08-17T18:48:05Z,2026-08-17T18:48:05Z,
47.254.29.82,ipv4,malicious-ip,medium,WHITE,ziyadnz/hourly-ipv4,ziyadnz|hourly,2026-08-17T18:48:05Z,2026-08-17T18:48:05Z,
47.254.30.91,ipv4,malicious-ip,medium,WHITE,ziyadnz/hourly-ipv4,ziyadnz|hourly,2026-08-17T18:48:05Z,2026-08-17T18:48:05Z,
47.254.31.152,ipv4,malicious-ip,medium,WHITE,ziyadnz/hourly-ipv4,ziyadnz|hourly,2026-08-17T18:48:05Z,2026-08-17T18:48:05Z,
47.254.32.115,ipv4,malicious-ip,medium,WHITE,ziyadnz/hourly-ipv4,ziyadnz|hourly,2026-08-17T18:48:05Z,2026-08-17T18:48:05Z,
47.254.32.206,ipv4,malicious-ip,medium,WHITE,ziyadnz/hourly-ipv4,ziyadnz|hourly,2026-08-17T18:48:05Z,2026-08-17T18:48:05Z,
47.254.32.41,ipv4,malicious-ip,medium,WHITE,ziyadnz/hourly-ipv4,ziyadnz|hourly,2026-08-17T18:48:05Z,2026-08-17T18:48:05Z,
47.254.34.135,ipv4,malicious-ip,medium,WHITE,ziyadnz/hourly-ipv4,ziyadnz|hourly,2026-08-17T18:48:05Z,2026-08-17T18:48:05Z,
47.254.36.112,ipv4,malicious-ip,medium,WHITE,ziyadnz/hourly-ipv4,ziyadnz|hourly,2026-08-17T18:48:05Z,2026-08-17T18:48:05Z,
47.254.36.130,ipv4,malicious-ip,medium,WHITE,ziyadnz/hourly-ipv4,ziyadnz|hourly,2026-08-17T18:48:05Z,2026-08-17T18:48:05Z,
47.254.36.99,ipv4,malicious-ip,medium,WHITE,ziyadnz/hourly-ipv4,ziyadnz|hourly,2026-08-17T18:48:05Z,2026-08-17T18:48:05Z,
47.254.37.131,ipv4,malicious-ip,medium,WHITE,ziyadnz/hourly-ipv4,ziyadnz|hourly,2026-08-17T18:48:05Z,2026-08-17T18:48:05Z,
47.254.38.225,ipv4,malicious-ip,medium,WHITE,ziyadnz/hourly-ipv4,ziyadnz|hourly,2026-08-17T18:48:05Z,2026-08-17T18:48:05Z,
47.254.39.203,ipv4,malicious-ip,medium,WHITE,ziyadnz/hourly-ipv4,ziyadnz|hourly,2026-08-17T18:48:05Z,2026-08-17T18:48:05Z,
47.254.39.233,ipv4,malicious-ip,medium,WHITE,ziyadnz/hourly-ipv4,ziyadnz|hourly,2026-08-17T18:48:05Z,2026-08-17T18:48:05Z,
47.254.39.47,ipv4,malicious-ip,medium,WHITE,ziyadnz/hourly-ipv4,ziyadnz|hourly,2026-08-17T18:48:05Z,2026-08-17T18:48:05Z,
47.254.41.85,ipv4,malicious-ip,medium,WHITE,ziyadnz/hourly-ipv4,ziyadnz|hourly,2026-08-17T18:48:05Z,2026-08-17T18:48:05Z,
47.254.44.103,ipv4,malicious-ip,medium,WHITE,ziyadnz/hourly-ipv4,ziyadnz|hourly,2026-08-17T18:48:05Z,2026-08-17T18:48:05Z,
47.254.44.193,ipv4,malicious-ip,medium,WHITE,ziyadnz/hourly-ipv4,ziyadnz|hourly,2026-08-17T18:48:05Z,2026-08-17T18:48:05Z,
47.254.44.235,ipv4,malicious-ip,medium,WHITE,ziyadnz/hourly-ipv4,ziyadnz|hourly,2026-08-17T18:48:05Z,2026-08-17T18:48:05Z,
47.254.44.85,ipv4,malicious-ip,medium,WHITE,ziyadnz/hourly-ipv4,ziyadnz|hourly,2026-08-17T18:48:05Z,2026-08-17T18:48:05Z,
47.254.46.23,ipv4,malicious-ip,medium,WHITE,ziyadnz/hourly-ipv4,ziyadnz|hourly,2026-08-17T18:48:05Z,2026-08-17T18:48:05Z,
47.254.46.95,ipv4,malicious-ip,medium,WHITE,ziyadnz/hourly-ipv4,ziyadnz|hourly,2026-08-17T18:48:05Z,2026-08-17T18:48:05Z,
47.254.47.156,ipv4,malicious-ip,medium,WHITE,ziyadnz/hourly-ipv4,ziyadnz|hourly,2026-08-17T18:48:05Z,2026-08-17T18:48:05Z,
47.254.50.151,ipv4,malicious-ip,medium,WHITE,ziyadnz/hourly-ipv4,ziyadnz|hourly,2026-08-17T18:48:05Z,2026-08-17T18:48:05Z,
47.254.50.3,ipv4,malicious-ip,medium,WHITE,ziyadnz/hourly-ipv4,ziyadnz|hourly,2026-08-17T18:48:05Z,2026-08-17T18:48:05Z,
47.254.50.53,ipv4,malicious-ip,medium,WHITE,ziyadnz/hourly-ipv4,ziyadnz|hourly,2026-08-17T18:48:05Z,2026-08-17T18:48:05Z,
47.254.52.208,ipv4,malicious-ip,medium,WHITE,ziyadnz/hourly-ipv4,ziyadnz|hourly,2026-08-17T18:48:05Z,2026-08-17T18:48:05Z,
47.254.53.137,ipv4,malicious-ip,medium,WHITE,ziyadnz/hourly-ipv4,ziyadnz|hourly,2026-08-17T18:48:05Z,2026-08-17T18:48:05Z,
47.254.56.125,ipv4,malicious-ip,medium,WHITE,ziyadnz/hourly-ipv4,ziyadnz|hourly,2026-08-17T18:48:05Z,2026-08-17T18:48:05Z,
47.254.64.75,ipv4,malicious-ip,medium,WHITE,ziyadnz/hourly-ipv4,ziyadnz|hourly,2026-08-17T18:48:05Z,2026-08-17T18:48:05Z,
47.254.66.182,ipv4,malicious-ip,medium,WHITE,ziyadnz/hourly-ipv4,ziyadnz|hourly,2026-08-17T18:48:05Z,2026-08-17T18:48:05Z,
47.254.66.99,ipv4,malicious-ip,medium,WHITE,ziyadnz/hourly-ipv4,ziyadnz|hourly,2026-08-17T18:48:05Z,2026-08-17T18:48:05Z,
47.254.67.109,ipv4,malicious-ip,medium,WHITE,ziyadnz/hourly-ipv4,ziyadnz|hourly,2026-08-17T18:48:05Z,2026-08-17T18:48:05Z,
47.254.69.213,ipv4,malicious-ip,medium,WHITE,ziyadnz/hourly-ipv4,ziyadnz|hourly,2026-08-17T18:48:05Z,2026-08-17T18:48:05Z,
47.254.69.253,ipv4,malicious-ip,medium,WHITE,ziyadnz/hourly-ipv4,ziyadnz|hourly,2026-08-17T18:48:05Z,2026-08-17T18:48:05Z,
47.254.69.53,ipv4,malicious-ip,medium,WHITE,ziyadnz/hourly-ipv4,ziyadnz|hourly,2026-08-17T18:48:05Z,2026-08-17T18:48:05Z,
47.254.70.17,ipv4,malicious-ip,medium,WHITE,ziyadnz/hourly-ipv4,ziyadnz|hourly,2026-08-17T18:48:05Z,2026-08-17T18:48:05Z,
47.254.70.175,ipv4,malicious-ip,medium,WHITE,ziyadnz/hourly-ipv4,ziyadnz|hourly,2026-08-17T18:48:05Z,2026-08-17T18:48:05Z,
47.254.71.82,ipv4,malicious-ip,medium,WHITE,ziyadnz/hourly-ipv4,ziyadnz|hourly,2026-08-17T18:48:05Z,2026-08-17T18:48:05Z,
47.254.72.143,ipv4,malicious-ip,medium,WHITE,ziyadnz/hourly-ipv4,ziyadnz|hourly,2026-08-17T18:48:05Z,2026-08-17T18:48:05Z,
47.254.72.52,ipv4,malicious-ip,medium,WHITE,ziyadnz/hourly-ipv4,ziyadnz|hourly,2026-08-17T18:48:05Z,2026-08-17T18:48:05Z,
47.254.73.188,ipv4,malicious-ip,medium,WHITE,ziyadnz/hourly-ipv4,ziyadnz|hourly,2026-08-17T18:48:05Z,2026-08-17T18:48:05Z,
47.254.74.209,ipv4,malicious-ip,medium,WHITE,ziyadnz/hourly-ipv4,ziyadnz|hourly,2026-08-17T18:48:05Z,2026-08-17T18:48:05Z,
47.254.74.245,ipv4,malicious-ip,medium,WHITE,ziyadnz/hourly-ipv4,ziyadnz|hourly,2026-08-17T18:48:05Z,2026-08-17T18:48:05Z,
47.254.74.59,ipv4,malicious-ip,medium,WHITE,ziyadnz/hourly-ipv4,ziyadnz|hourly,2026-08-17T18:48:05Z,2026-08-17T18:48:05Z,
47.254.76.138,ipv4,malicious-ip,medium,WHITE,ziyadnz/hourly-ipv4,ziyadnz|hourly,2026-08-17T18:48:05Z,2026-08-17T18:48:05Z,
47.254.76.220,ipv4,malicious-ip,medium,WHITE,ziyadnz/hourly-ipv4,ziyadnz|hourly,2026-08-17T18:48:05Z,2026-08-17T18:48:05Z,
47.254.79.172,ipv4,malicious-ip,medium,WHITE,ziyadnz/hourly-ipv4,ziyadnz|hourly,2026-08-17T18:48:05Z,2026-08-17T18:48:05Z,
47.254.84.155,ipv4,malicious-ip,medium,WHITE,ziyadnz/hourly-ipv4,ziyadnz|hourly,2026-08-17T18:48:05Z,2026-08-17T18:48:05Z,
47.254.84.190,ipv4,malicious-ip,medium,WHITE,ziyadnz/hourly-ipv4,ziyadnz|hourly,2026-08-17T18:48:05Z,2026-08-17T18:48:05Z,
47.254.84.227,ipv4,malicious-ip,medium,WHITE,ziyadnz/hourly-ipv4,ziyadnz|hourly,2026-08-17T18:48:05Z,2026-08-17T18:48:05Z,
47.254.84.236,ipv4,malicious-ip,medium,WHITE,ziyadnz/hourly-ipv4,ziyadnz|hourly,2026-08-17T18:48:05Z,2026-08-17T18:48:05Z,
47.254.85.182,ipv4,malicious-ip,medium,WHITE,ziyadnz/hourly-ipv4,ziyadnz|hourly,2026-08-17T18:48:05Z,2026-08-17T18:48:05Z,
47.254.86.57,ipv4,malicious-ip,medium,WHITE,ziyadnz/hourly-ipv4,ziyadnz|hourly,2026-08-17T18:48:05Z,2026-08-17T18:48:05Z,
47.254.87.150,ipv4,malicious-ip,medium,WHITE,ziyadnz/hourly-ipv4,ziyadnz|hourly,2026-08-17T18:48:05Z,2026-08-17T18:48:05Z,
47.254.90.18,ipv4,malicious-ip,medium,WHITE,ziyadnz/hourly-ipv4,ziyadnz|hourly,2026-08-17T18:48:05Z,2026-08-17T18:48:05Z,
47.254.90.34,ipv4,malicious-ip,medium,WHITE,ziyadnz/hourly-ipv4,ziyadnz|hourly,2026-08-17T18:48:05Z,2026-08-17T18:48:05Z,
47.254.91.219,ipv4,malicious-ip,medium,WHITE,ziyadnz/hourly-ipv4,ziyadnz|hourly,2026-08-17T18:48:05Z,2026-08-17T18:48:05Z,
47.254.93.174,ipv4,malicious-ip,medium,WHITE,ziyadnz/hourly-ipv4,ziyadnz|hourly,2026-08-17T18:48:05Z,2026-08-17T18:48:05Z,
47.254.94.232,ipv4,malicious-ip,medium,WHITE,ziyadnz/hourly-ipv4,ziyadnz|hourly,2026-08-17T18:48:05Z,2026-08-17T18:48:05Z,
47.254.95.208,ipv4,malicious-ip,medium,WHITE,ziyadnz/hourly-ipv4,ziyadnz|hourly,2026-08-17T18:48:05Z,2026-08-17T18:48:05Z,
47.254.95.84,ipv4,malicious-ip,medium,WHITE,ziyadnz/hourly-ipv4,ziyadnz|hourly,2026-08-17T18:48:05Z,2026-08-17T18:48:05Z,
47.29.5.98,ipv4,malicious-ip,medium,WHITE,ziyadnz/hourly-ipv4,ziyadnz|hourly,2026-08-17T18:48:05Z,2026-08-17T18:48:05Z,
47.30.245.212,ipv4,malicious-ip,medium,WHITE,ziyadnz/hourly-ipv4,ziyadnz|hourly,2026-08-17T18:48:05Z,2026-08-17T18:48:05Z,
47.30.52.249,ipv4,malicious-ip,medium,WHITE,ziyadnz/hourly-ipv4,ziyadnz|hourly,2026-08-17T18:48:05Z,2026-08-17T18:48:05Z,
47.31.107.167,ipv4,malicious-ip,medium,WHITE,ziyadnz/hourly-ipv4,ziyadnz|hourly,2026-08-17T18:48:05Z,2026-08-17T18:48:05Z,
47.31.111.139,ipv4,malicious-ip,medium,WHITE,ziyadnz/hourly-ipv4,ziyadnz|hourly,2026-08-17T18:48:05Z,2026-08-17T18:48:05Z,
47.31.95.87,ipv4,malicious-ip,medium,WHITE,ziyadnz/hourly-ipv4,ziyadnz|hourly,2026-08-17T18:48:05Z,2026-08-17T18:48:05Z,
47.34.184.4,ipv4,malicious-ip,medium,WHITE,ziyadnz/hourly-ipv4,ziyadnz|hourly,2026-08-17T18:48:05Z,2026-08-17T18:48:05Z,
47.39.155.242,ipv4,malicious-ip,medium,WHITE,ziyadnz/hourly-ipv4,ziyadnz|hourly,2026-08-17T18:48:05Z,2026-08-17T18:48:05Z,
47.39.249.156,ipv4,malicious-ip,medium,WHITE,ziyadnz/hourly-ipv4,ziyadnz|hourly,2026-08-17T18:48:05Z,2026-08-17T18:48:05Z,
47.57.68.157,ipv4,malicious-ip,medium,WHITE,ziyadnz/hourly-ipv4,ziyadnz|hourly,2026-08-17T18:48:05Z,2026-08-17T18:48:05Z,
47.58.53.16,ipv4,malicious-ip,medium,WHITE,ziyadnz/hourly-ipv4,ziyadnz|hourly,2026-08-17T18:48:05Z,2026-08-17T18:48:05Z,
47.62.214.158,ipv4,malicious-ip,medium,WHITE,ziyadnz/hourly-ipv4,ziyadnz|hourly,2026-08-17T18:48:05Z,2026-08-17T18:48:05Z,
47.63.195.7,ipv4,malicious-ip,medium,WHITE,ziyadnz/hourly-ipv4,ziyadnz|hourly,2026-08-17T18:48:05Z,2026-08-17T18:48:05Z,
47.63.42.194,ipv4,malicious-ip,medium,WHITE,ziyadnz/hourly-ipv4,ziyadnz|hourly,2026-08-17T18:48:05Z,2026-08-17T18:48:05Z,
47.64.112.181,ipv4,malicious-ip,medium,WHITE,ziyadnz/hourly-ipv4,ziyadnz|hourly,2026-08-17T18:48:05Z,2026-08-17T18:48:05Z,
47.74.1.222,ipv4,malicious-ip,medium,WHITE,ziyadnz/hourly-ipv4,ziyadnz|hourly,2026-08-17T18:48:05Z,2026-08-17T18:48:05Z,
47.74.11.118,ipv4,malicious-ip,medium,WHITE,ziyadnz/hourly-ipv4,ziyadnz|hourly,2026-08-17T18:48:05Z,2026-08-17T18:48:05Z,
47.74.13.101,ipv4,malicious-ip,medium,WHITE,ziyadnz/hourly-ipv4,ziyadnz|hourly,2026-08-17T18:48:05Z,2026-08-17T18:48:05Z,
47.74.13.126,ipv4,malicious-ip,medium,WHITE,ziyadnz/hourly-ipv4,ziyadnz|hourly,2026-08-17T18:48:05Z,2026-08-17T18:48:05Z,
47.74.15.96,ipv4,malicious-ip,medium,WHITE,ziyadnz/hourly-ipv4,ziyadnz|hourly,2026-08-17T18:48:05Z,2026-08-17T18:48:05Z,
47.74.159.166,ipv4,malicious-ip,medium,WHITE,ziyadnz/hourly-ipv4,ziyadnz|hourly,2026-08-17T18:48:05Z,2026-08-17T18:48:05Z,
47.74.19.210,ipv4,malicious-ip,medium,WHITE,ziyadnz/hourly-ipv4,ziyadnz|hourly,2026-08-17T18:48:05Z,2026-08-17T18:48:05Z,
47.74.20.117,ipv4,malicious-ip,medium,WHITE,ziyadnz/hourly-ipv4,ziyadnz|hourly,2026-08-17T18:48:05Z,2026-08-17T18:48:05Z,
47.74.20.57,ipv4,malicious-ip,medium,WHITE,ziyadnz/hourly-ipv4,ziyadnz|hourly,2026-08-17T18:48:05Z,2026-08-17T18:48:05Z,
47.74.22.38,ipv4,malicious-ip,medium,WHITE,ziyadnz/hourly-ipv4,ziyadnz|hourly,2026-08-17T18:48:05Z,2026-08-17T18:48:05Z,
47.74.26.151,ipv4,malicious-ip,medium,WHITE,ziyadnz/hourly-ipv4,ziyadnz|hourly,2026-08-17T18:48:05Z,2026-08-17T18:48:05Z,
47.74.26.96,ipv4,malicious-ip,medium,WHITE,ziyadnz/hourly-ipv4,ziyadnz|hourly,2026-08-17T18:48:05Z,2026-08-17T18:48:05Z,
47.74.27.55,ipv4,malicious-ip,medium,WHITE,ziyadnz/hourly-ipv4,ziyadnz|hourly,2026-08-17T18:48:05Z,2026-08-17T18:48:05Z,
47.74.32.128,ipv4,malicious-ip,medium,WHITE,ziyadnz/hourly-ipv4,ziyadnz|hourly,2026-08-17T18:48:05Z,2026-08-17T18:48:05Z,
47.74.32.153,ipv4,malicious-ip,medium,WHITE,ziyadnz/hourly-ipv4,ziyadnz|hourly,2026-08-17T18:48:05Z,2026-08-17T18:48:05Z,
47.74.33.105,ipv4,malicious-ip,medium,WHITE,ziyadnz/hourly-ipv4,ziyadnz|hourly,2026-08-17T18:48:05Z,2026-08-17T18:48:05Z,
47.74.4.118,ipv4,malicious-ip,medium,WHITE,ziyadnz/hourly-ipv4,ziyadnz|hourly,2026-08-17T18:48:05Z,2026-08-17T18:48:05Z,
47.74.4.129,ipv4,malicious-ip,medium,WHITE,ziyadnz/hourly-ipv4,ziyadnz|hourly,2026-08-17T18:48:05Z,2026-08-17T18:48:05Z,
47.74.4.253,ipv4,malicious-ip,medium,WHITE,ziyadnz/hourly-ipv4,ziyadnz|hourly,2026-08-17T18:48:05Z,2026-08-17T18:48:05Z,
47.74.41.171,ipv4,malicious-ip,medium,WHITE,ziyadnz/hourly-ipv4,ziyadnz|hourly,2026-08-17T18:48:05Z,2026-08-17T18:48:05Z,
47.74.41.182,ipv4,malicious-ip,medium,WHITE,ziyadnz/hourly-ipv4,ziyadnz|hourly,2026-08-17T18:48:05Z,2026-08-17T18:48:05Z,
47.74.5.117,ipv4,malicious-ip,medium,WHITE,ziyadnz/hourly-ipv4,ziyadnz|hourly,2026-08-17T18:48:05Z,2026-08-17T18:48:05Z,
47.74.51.79,ipv4,malicious-ip,medium,WHITE,ziyadnz/hourly-ipv4,ziyadnz|hourly,2026-08-17T18:48:05Z,2026-08-17T18:48:05Z,
47.74.54.11,ipv4,malicious-ip,medium,WHITE,ziyadnz/hourly-ipv4,ziyadnz|hourly,2026-08-17T18:48:05Z,2026-08-17T18:48:05Z,
47.74.56.223,ipv4,malicious-ip,medium,WHITE,ziyadnz/hourly-ipv4,ziyadnz|hourly,2026-08-17T18:48:05Z,2026-08-17T18:48:05Z,
47.74.63.6,ipv4,malicious-ip,medium,WHITE,ziyadnz/hourly-ipv4,ziyadnz|hourly,2026-08-17T18:48:05Z,2026-08-17T18:48:05Z,
47.75.116.234,ipv4,malicious-ip,medium,WHITE,ziyadnz/hourly-ipv4,ziyadnz|hourly,2026-08-17T18:48:05Z,2026-08-17T18:48:05Z,
47.76.100.159,ipv4,malicious-ip,medium,WHITE,ziyadnz/hourly-ipv4,ziyadnz|hourly,2026-08-17T18:48:05Z,2026-08-17T18:48:05Z,
47.76.122.206,ipv4,malicious-ip,medium,WHITE,ziyadnz/hourly-ipv4,ziyadnz|hourly,2026-08-17T18:48:05Z,2026-08-17T18:48:05Z,
47.76.130.55,ipv4,malicious-ip,medium,WHITE,ziyadnz/hourly-ipv4,ziyadnz|hourly,2026-08-17T18:48:05Z,2026-08-17T18:48:05Z,
47.76.181.146,ipv4,malicious-ip,medium,WHITE,ziyadnz/hourly-ipv4,ziyadnz|hourly,2026-08-17T18:48:05Z,2026-08-17T18:48:05Z,
47.76.224.93,ipv4,malicious-ip,medium,WHITE,ziyadnz/hourly-ipv4,ziyadnz|hourly,2026-08-17T18:48:05Z,2026-08-17T18:48:05Z,
47.76.254.49,ipv4,malicious-ip,medium,WHITE,ziyadnz/hourly-ipv4,ziyadnz|hourly,2026-08-17T18:48:05Z,2026-08-17T18:48:05Z,
47.76.26.151,ipv4,malicious-ip,medium,WHITE,ziyadnz/hourly-ipv4,ziyadnz|hourly,2026-08-17T18:48:05Z,2026-08-17T18:48:05Z,
47.76.26.228,ipv4,malicious-ip,medium,WHITE,ziyadnz/hourly-ipv4,ziyadnz|hourly,2026-08-17T18:48:05Z,2026-08-17T18:48:05Z,
47.76.36.75,ipv4,malicious-ip,medium,WHITE,ziyadnz/hourly-ipv4,ziyadnz|hourly,2026-08-17T18:48:05Z,2026-08-17T18:48:05Z,
47.76.49.98,ipv4,malicious-ip,medium,WHITE,ziyadnz/hourly-ipv4,ziyadnz|hourly,2026-08-17T18:48:05Z,2026-08-17T18:48:05Z,
47.76.60.187,ipv4,malicious-ip,medium,WHITE,ziyadnz/hourly-ipv4,ziyadnz|hourly,2026-08-17T18:48:05Z,2026-08-17T18:48:05Z,
47.76.65.20,ipv4,malicious-ip,medium,WHITE,ziyadnz/hourly-ipv4,ziyadnz|hourly,2026-08-17T18:48:05Z,2026-08-17T18:48:05Z,
47.76.78.115,ipv4,malicious-ip,medium,WHITE,ziyadnz/hourly-ipv4,ziyadnz|hourly,2026-08-17T18:48:05Z,2026-08-17T18:48:05Z,
47.76.81.20,ipv4,malicious-ip,medium,WHITE,ziyadnz/hourly-ipv4,ziyadnz|hourly,2026-08-17T18:48:05Z,2026-08-17T18:48:05Z,
47.76.92.73,ipv4,malicious-ip,medium,WHITE,ziyadnz/hourly-ipv4,ziyadnz|hourly,2026-08-17T18:48:05Z,2026-08-17T18:48:05Z,
47.77.180.153,ipv4,malicious-ip,medium,WHITE,ziyadnz/hourly-ipv4,ziyadnz|hourly,2026-08-17T18:48:05Z,2026-08-17T18:48:05Z,
47.77.180.67,ipv4,malicious-ip,medium,WHITE,ziyadnz/hourly-ipv4,ziyadnz|hourly,2026-08-17T18:48:05Z,2026-08-17T18:48:05Z,
47.77.192.57,ipv4,malicious-ip,medium,WHITE,ziyadnz/hourly-ipv4,ziyadnz|hourly,2026-08-17T18:48:05Z,2026-08-17T18:48:05Z,
47.77.193.106,ipv4,malicious-ip,medium,WHITE,ziyadnz/hourly-ipv4,ziyadnz|hourly,2026-08-17T18:48:05Z,2026-08-17T18:48:05Z,
47.77.195.187,ipv4,malicious-ip,medium,WHITE,ziyadnz/hourly-ipv4,ziyadnz|hourly,2026-08-17T18:48:05Z,2026-08-17T18:48:05Z,
47.77.195.68,ipv4,malicious-ip,medium,WHITE,ziyadnz/hourly-ipv4,ziyadnz|hourly,2026-08-17T18:48:05Z,2026-08-17T18:48:05Z,
47.77.198.243,ipv4,malicious-ip,medium,WHITE,ziyadnz/hourly-ipv4,ziyadnz|hourly,2026-08-17T18:48:05Z,2026-08-17T18:48:05Z,
47.77.210.218,ipv4,malicious-ip,medium,WHITE,ziyadnz/hourly-ipv4,ziyadnz|hourly,2026-08-17T18:48:05Z,2026-08-17T18:48:05Z,
47.77.210.241,ipv4,malicious-ip,medium,WHITE,ziyadnz/hourly-ipv4,ziyadnz|hourly,2026-08-17T18:48:05Z,2026-08-17T18:48:05Z,
47.77.211.73,ipv4,malicious-ip,medium,WHITE,ziyadnz/hourly-ipv4,ziyadnz|hourly,2026-08-17T18:48:05Z,2026-08-17T18:48:05Z,
47.77.212.39,ipv4,malicious-ip,medium,WHITE,ziyadnz/hourly-ipv4,ziyadnz|hourly,2026-08-17T18:48:05Z,2026-08-17T18:48:05Z,
47.77.213.24,ipv4,malicious-ip,medium,WHITE,ziyadnz/hourly-ipv4,ziyadnz|hourly,2026-08-17T18:48:05Z,2026-08-17T18:48:05Z,
47.77.213.54,ipv4,malicious-ip,medium,WHITE,ziyadnz/hourly-ipv4,ziyadnz|hourly,2026-08-17T18:48:05Z,2026-08-17T18:48:05Z,
47.77.214.12,ipv4,malicious-ip,medium,WHITE,ziyadnz/hourly-ipv4,ziyadnz|hourly,2026-08-17T18:48:05Z,2026-08-17T18:48:05Z,
47.77.214.160,ipv4,malicious-ip,medium,WHITE,ziyadnz/hourly-ipv4,ziyadnz|hourly,2026-08-17T18:48:05Z,2026-08-17T18:48:05Z,
47.77.214.63,ipv4,malicious-ip,medium,WHITE,ziyadnz/hourly-ipv4,ziyadnz|hourly,2026-08-17T18:48:05Z,2026-08-17T18:48:05Z,
47.77.215.113,ipv4,malicious-ip,medium,WHITE,ziyadnz/hourly-ipv4,ziyadnz|hourly,2026-08-17T18:48:05Z,2026-08-17T18:48:05Z,
47.77.215.118,ipv4,malicious-ip,medium,WHITE,ziyadnz/hourly-ipv4,ziyadnz|hourly,2026-08-17T18:48:05Z,2026-08-17T18:48:05Z,
47.77.215.130,ipv4,malicious-ip,medium,WHITE,ziyadnz/hourly-ipv4,ziyadnz|hourly,2026-08-17T18:48:05Z,2026-08-17T18:48:05Z,
47.77.215.90,ipv4,malicious-ip,medium,WHITE,ziyadnz/hourly-ipv4,ziyadnz|hourly,2026-08-17T18:48:05Z,2026-08-17T18:48:05Z,
47.77.216.134,ipv4,malicious-ip,medium,WHITE,ziyadnz/hourly-ipv4,ziyadnz|hourly,2026-08-17T18:48:05Z,2026-08-17T18:48:05Z,
47.77.216.216,ipv4,malicious-ip,medium,WHITE,ziyadnz/hourly-ipv4,ziyadnz|hourly,2026-08-17T18:48:05Z,2026-08-17T18:48:05Z,
47.77.216.27,ipv4,malicious-ip,medium,WHITE,ziyadnz/hourly-ipv4,ziyadnz|hourly,2026-08-17T18:48:05Z,2026-08-17T18:48:05Z,
47.77.216.95,ipv4,malicious-ip,medium,WHITE,ziyadnz/hourly-ipv4,ziyadnz|hourly,2026-08-17T18:48:05Z,2026-08-17T18:48:05Z,
47.77.217.201,ipv4,malicious-ip,medium,WHITE,ziyadnz/hourly-ipv4,ziyadnz|hourly,2026-08-17T18:48:05Z,2026-08-17T18:48:05Z,
47.77.217.62,ipv4,malicious-ip,medium,WHITE,ziyadnz/hourly-ipv4,ziyadnz|hourly,2026-08-17T18:48:05Z,2026-08-17T18:48:05Z,
47.77.217.63,ipv4,malicious-ip,medium,WHITE,ziyadnz/hourly-ipv4,ziyadnz|hourly,2026-08-17T18:48:05Z,2026-08-17T18:48:05Z,
47.77.217.82,ipv4,malicious-ip,medium,WHITE,ziyadnz/hourly-ipv4,ziyadnz|hourly,2026-08-17T18:48:05Z,2026-08-17T18:48:05Z,
47.77.218.117,ipv4,malicious-ip,medium,WHITE,ziyadnz/hourly-ipv4,ziyadnz|hourly,2026-08-17T18:48:05Z,2026-08-17T18:48:05Z,
47.77.218.221,ipv4,malicious-ip,medium,WHITE,ziyadnz/hourly-ipv4,ziyadnz|hourly,2026-08-17T18:48:05Z,2026-08-17T18:48:05Z,
47.77.218.233,ipv4,malicious-ip,medium,WHITE,ziyadnz/hourly-ipv4,ziyadnz|hourly,2026-08-17T18:48:05Z,2026-08-17T18:48:05Z,
47.77.219.184,ipv4,malicious-ip,medium,WHITE,ziyadnz/hourly-ipv4,ziyadnz|hourly,2026-08-17T18:48:05Z,2026-08-17T18:48:05Z,
47.77.219.202,ipv4,malicious-ip,medium,WHITE,ziyadnz/hourly-ipv4,ziyadnz|hourly,2026-08-17T18:48:05Z,2026-08-17T18:48:05Z,
47.77.219.235,ipv4,malicious-ip,medium,WHITE,ziyadnz/hourly-ipv4,ziyadnz|hourly,2026-08-17T18:48:05Z,2026-08-17T18:48:05Z,
47.77.219.25,ipv4,malicious-ip,medium,WHITE,ziyadnz/hourly-ipv4,ziyadnz|hourly,2026-08-17T18:48:05Z,2026-08-17T18:48:05Z,
47.77.219.94,ipv4,malicious-ip,medium,WHITE,ziyadnz/hourly-ipv4,ziyadnz|hourly,2026-08-17T18:48:05Z,2026-08-17T18:48:05Z,
47.77.220.115,ipv4,malicious-ip,medium,WHITE,ziyadnz/hourly-ipv4,ziyadnz|hourly,2026-08-17T18:48:05Z,2026-08-17T18:48:05Z,
47.77.220.169,ipv4,malicious-ip,medium,WHITE,ziyadnz/hourly-ipv4,ziyadnz|hourly,2026-08-17T18:48:05Z,2026-08-17T18:48:05Z,
47.77.220.34,ipv4,malicious-ip,medium,WHITE,ziyadnz/hourly-ipv4,ziyadnz|hourly,2026-08-17T18:48:05Z,2026-08-17T18:48:05Z,
47.77.221.175,ipv4,malicious-ip,medium,WHITE,ziyadnz/hourly-ipv4,ziyadnz|hourly,2026-08-17T18:48:05Z,2026-08-17T18:48:05Z,
47.77.221.246,ipv4,malicious-ip,medium,WHITE,ziyadnz/hourly-ipv4,ziyadnz|hourly,2026-08-17T18:48:05Z,2026-08-17T18:48:05Z,
47.77.221.44,ipv4,malicious-ip,medium,WHITE,ziyadnz/hourly-ipv4,ziyadnz|hourly,2026-08-17T18:48:05Z,2026-08-17T18:48:05Z,
47.77.222.124,ipv4,malicious-ip,medium,WHITE,ziyadnz/hourly-ipv4,ziyadnz|hourly,2026-08-17T18:48:05Z,2026-08-17T18:48:05Z,
47.77.222.167,ipv4,malicious-ip,medium,WHITE,ziyadnz/hourly-ipv4,ziyadnz|hourly,2026-08-17T18:48:05Z,2026-08-17T18:48:05Z,
47.77.222.180,ipv4,malicious-ip,medium,WHITE,ziyadnz/hourly-ipv4,ziyadnz|hourly,2026-08-17T18:48:05Z,2026-08-17T18:48:05Z,
47.77.222.185,ipv4,malicious-ip,medium,WHITE,ziyadnz/hourly-ipv4,ziyadnz|hourly,2026-08-17T18:48:05Z,2026-08-17T18:48:05Z,
47.77.222.204,ipv4,malicious-ip,medium,WHITE,ziyadnz/hourly-ipv4,ziyadnz|hourly,2026-08-17T18:48:05Z,2026-08-17T18:48:05Z,
47.77.222.214,ipv4,malicious-ip,medium,WHITE,ziyadnz/hourly-ipv4,ziyadnz|hourly,2026-08-17T18:48:05Z,2026-08-17T18:48:05Z,
47.77.222.43,ipv4,malicious-ip,medium,WHITE,ziyadnz/hourly-ipv4,ziyadnz|hourly,2026-08-17T18:48:05Z,2026-08-17T18:48:05Z,
47.77.223.125,ipv4,malicious-ip,medium,WHITE,ziyadnz/hourly-ipv4,ziyadnz|hourly,2026-08-17T18:48:05Z,2026-08-17T18:48:05Z,
47.77.223.200,ipv4,malicious-ip,medium,WHITE,ziyadnz/hourly-ipv4,ziyadnz|hourly,2026-08-17T18:48:05Z,2026-08-17T18:48:05Z,
47.77.224.143,ipv4,malicious-ip,medium,WHITE,ziyadnz/hourly-ipv4,ziyadnz|hourly,2026-08-17T18:48:05Z,2026-08-17T18:48:05Z,
47.77.224.160,ipv4,malicious-ip,medium,WHITE,ziyadnz/hourly-ipv4,ziyadnz|hourly,2026-08-17T18:48:05Z,2026-08-17T18:48:05Z,
47.77.224.226,ipv4,malicious-ip,medium,WHITE,ziyadnz/hourly-ipv4,ziyadnz|hourly,2026-08-17T18:48:05Z,2026-08-17T18:48:05Z,
47.77.225.110,ipv4,malicious-ip,medium,WHITE,ziyadnz/hourly-ipv4,ziyadnz|hourly,2026-08-17T18:48:05Z,2026-08-17T18:48:05Z,
47.77.225.186,ipv4,malicious-ip,medium,WHITE,ziyadnz/hourly-ipv4,ziyadnz|hourly,2026-08-17T18:48:05Z,2026-08-17T18:48:05Z,
47.77.225.225,ipv4,malicious-ip,medium,WHITE,ziyadnz/hourly-ipv4,ziyadnz|hourly,2026-08-17T18:48:05Z,2026-08-17T18:48:05Z,
47.77.225.61,ipv4,malicious-ip,medium,WHITE,ziyadnz/hourly-ipv4,ziyadnz|hourly,2026-08-17T18:48:05Z,2026-08-17T18:48:05Z,
47.77.225.91,ipv4,malicious-ip,medium,WHITE,ziyadnz/hourly-ipv4,ziyadnz|hourly,2026-08-17T18:48:05Z,2026-08-17T18:48:05Z,
47.77.226.249,ipv4,malicious-ip,medium,WHITE,ziyadnz/hourly-ipv4,ziyadnz|hourly,2026-08-17T18:48:05Z,2026-08-17T18:48:05Z,
47.77.227.171,ipv4,malicious-ip,medium,WHITE,ziyadnz/hourly-ipv4,ziyadnz|hourly,2026-08-17T18:48:05Z,2026-08-17T18:48:05Z,
47.77.227.187,ipv4,malicious-ip,medium,WHITE,ziyadnz/hourly-ipv4,ziyadnz|hourly,2026-08-17T18:48:05Z,2026-08-17T18:48:05Z,
47.77.227.219,ipv4,malicious-ip,medium,WHITE,ziyadnz/hourly-ipv4,ziyadnz|hourly,2026-08-17T18:48:05Z,2026-08-17T18:48:05Z,
47.77.227.236,ipv4,malicious-ip,medium,WHITE,ziyadnz/hourly-ipv4,ziyadnz|hourly,2026-08-17T18:48:05Z,2026-08-17T18:48:05Z,
47.77.228.132,ipv4,malicious-ip,medium,WHITE,ziyadnz/hourly-ipv4,ziyadnz|hourly,2026-08-17T18:48:05Z,2026-08-17T18:48:05Z,
47.77.228.238,ipv4,malicious-ip,medium,WHITE,ziyadnz/hourly-ipv4,ziyadnz|hourly,2026-08-17T18:48:05Z,2026-08-17T18:48:05Z,
47.77.228.76,ipv4,malicious-ip,medium,WHITE,ziyadnz/hourly-ipv4,ziyadnz|hourly,2026-08-17T18:48:05Z,2026-08-17T18:48:05Z,
47.77.229.101,ipv4,malicious-ip,medium,WHITE,ziyadnz/hourly-ipv4,ziyadnz|hourly,2026-08-17T18:48:05Z,2026-08-17T18:48:05Z,
47.77.229.107,ipv4,malicious-ip,medium,WHITE,ziyadnz/hourly-ipv4,ziyadnz|hourly,2026-08-17T18:48:05Z,2026-08-17T18:48:05Z,
47.77.229.178,ipv4,malicious-ip,medium,WHITE,ziyadnz/hourly-ipv4,ziyadnz|hourly,2026-08-17T18:48:05Z,2026-08-17T18:48:05Z,
47.77.229.244,ipv4,malicious-ip,medium,WHITE,ziyadnz/hourly-ipv4,ziyadnz|hourly,2026-08-17T18:48:05Z,2026-08-17T18:48:05Z,
47.77.229.35,ipv4,malicious-ip,medium,WHITE,ziyadnz/hourly-ipv4,ziyadnz|hourly,2026-08-17T18:48:05Z,2026-08-17T18:48:05Z,
47.77.229.36,ipv4,malicious-ip,medium,WHITE,ziyadnz/hourly-ipv4,ziyadnz|hourly,2026-08-17T18:48:05Z,2026-08-17T18:48:05Z,
47.77.230.166,ipv4,malicious-ip,medium,WHITE,ziyadnz/hourly-ipv4,ziyadnz|hourly,2026-08-17T18:48:05Z,2026-08-17T18:48:05Z,
47.77.230.225,ipv4,malicious-ip,medium,WHITE,ziyadnz/hourly-ipv4,ziyadnz|hourly,2026-08-17T18:48:05Z,2026-08-17T18:48:05Z,
47.77.230.24,ipv4,malicious-ip,medium,WHITE,ziyadnz/hourly-ipv4,ziyadnz|hourly,2026-08-17T18:48:05Z,2026-08-17T18:48:05Z,
47.77.230.66,ipv4,malicious-ip,medium,WHITE,ziyadnz/hourly-ipv4,ziyadnz|hourly,2026-08-17T18:48:05Z,2026-08-17T18:48:05Z,
47.77.231.100,ipv4,malicious-ip,medium,WHITE,ziyadnz/hourly-ipv4,ziyadnz|hourly,2026-08-17T18:48:05Z,2026-08-17T18:48:05Z,
47.77.231.113,ipv4,malicious-ip,medium,WHITE,ziyadnz/hourly-ipv4,ziyadnz|hourly,2026-08-17T18:48:05Z,2026-08-17T18:48:05Z,
47.77.231.150,ipv4,malicious-ip,medium,WHITE,ziyadnz/hourly-ipv4,ziyadnz|hourly,2026-08-17T18:48:05Z,2026-08-17T18:48:05Z,
47.77.231.181,ipv4,malicious-ip,medium,WHITE,ziyadnz/hourly-ipv4,ziyadnz|hourly,2026-08-17T18:48:05Z,2026-08-17T18:48:05Z,
47.77.231.186,ipv4,malicious-ip,medium,WHITE,ziyadnz/hourly-ipv4,ziyadnz|hourly,2026-08-17T18:48:05Z,2026-08-17T18:48:05Z,
47.77.231.28,ipv4,malicious-ip,medium,WHITE,ziyadnz/hourly-ipv4,ziyadnz|hourly,2026-08-17T18:48:05Z,2026-08-17T18:48:05Z,
47.77.231.77,ipv4,malicious-ip,medium,WHITE,ziyadnz/hourly-ipv4,ziyadnz|hourly,2026-08-17T18:48:05Z,2026-08-17T18:48:05Z,
47.77.232.193,ipv4,malicious-ip,medium,WHITE,ziyadnz/hourly-ipv4,ziyadnz|hourly,2026-08-17T18:48:05Z,2026-08-17T18:48:05Z,
47.77.232.44,ipv4,malicious-ip,medium,WHITE,ziyadnz/hourly-ipv4,ziyadnz|hourly,2026-08-17T18:48:05Z,2026-08-17T18:48:05Z,
47.77.233.1,ipv4,malicious-ip,medium,WHITE,ziyadnz/hourly-ipv4,ziyadnz|hourly,2026-08-17T18:48:05Z,2026-08-17T18:48:05Z,
47.77.233.104,ipv4,malicious-ip,medium,WHITE,ziyadnz/hourly-ipv4,ziyadnz|hourly,2026-08-17T18:48:05Z,2026-08-17T18:48:05Z,
47.77.233.162,ipv4,malicious-ip,medium,WHITE,ziyadnz/hourly-ipv4,ziyadnz|hourly,2026-08-17T18:48:05Z,2026-08-17T18:48:05Z,
47.77.233.169,ipv4,malicious-ip,medium,WHITE,ziyadnz/hourly-ipv4,ziyadnz|hourly,2026-08-17T18:48:05Z,2026-08-17T18:48:05Z,
47.77.233.17,ipv4,malicious-ip,medium,WHITE,ziyadnz/hourly-ipv4,ziyadnz|hourly,2026-08-17T18:48:05Z,2026-08-17T18:48:05Z,
47.77.233.191,ipv4,malicious-ip,medium,WHITE,ziyadnz/hourly-ipv4,ziyadnz|hourly,2026-08-17T18:48:05Z,2026-08-17T18:48:05Z,
47.77.233.248,ipv4,malicious-ip,medium,WHITE,ziyadnz/hourly-ipv4,ziyadnz|hourly,2026-08-17T18:48:05Z,2026-08-17T18:48:05Z,
47.77.233.8,ipv4,malicious-ip,medium,WHITE,ziyadnz/hourly-ipv4,ziyadnz|hourly,2026-08-17T18:48:05Z,2026-08-17T18:48:05Z,
47.77.234.102,ipv4,malicious-ip,medium,WHITE,ziyadnz/hourly-ipv4,ziyadnz|hourly,2026-08-17T18:48:05Z,2026-08-17T18:48:05Z,
47.77.234.113,ipv4,malicious-ip,medium,WHITE,ziyadnz/hourly-ipv4,ziyadnz|hourly,2026-08-17T18:48:05Z,2026-08-17T18:48:05Z,
47.77.234.190,ipv4,malicious-ip,medium,WHITE,ziyadnz/hourly-ipv4,ziyadnz|hourly,2026-08-17T18:48:05Z,2026-08-17T18:48:05Z,
47.77.234.253,ipv4,malicious-ip,medium,WHITE,ziyadnz/hourly-ipv4,ziyadnz|hourly,2026-08-17T18:48:05Z,2026-08-17T18:48:05Z,
47.77.234.70,ipv4,malicious-ip,medium,WHITE,ziyadnz/hourly-ipv4,ziyadnz|hourly,2026-08-17T18:48:05Z,2026-08-17T18:48:05Z,
47.77.234.83,ipv4,malicious-ip,medium,WHITE,ziyadnz/hourly-ipv4,ziyadnz|hourly,2026-08-17T18:48:05Z,2026-08-17T18:48:05Z,
47.77.235.14,ipv4,malicious-ip,medium,WHITE,ziyadnz/hourly-ipv4,ziyadnz|hourly,2026-08-17T18:48:05Z,2026-08-17T18:48:05Z,
47.77.235.175,ipv4,malicious-ip,medium,WHITE,ziyadnz/hourly-ipv4,ziyadnz|hourly,2026-08-17T18:48:05Z,2026-08-17T18:48:05Z,
47.77.235.195,ipv4,malicious-ip,medium,WHITE,ziyadnz/hourly-ipv4,ziyadnz|hourly,2026-08-17T18:48:05Z,2026-08-17T18:48:05Z,
47.77.235.8,ipv4,malicious-ip,medium,WHITE,ziyadnz/hourly-ipv4,ziyadnz|hourly,2026-08-17T18:48:05Z,2026-08-17T18:48:05Z,
47.77.236.181,ipv4,malicious-ip,medium,WHITE,ziyadnz/hourly-ipv4,ziyadnz|hourly,2026-08-17T18:48:05Z,2026-08-17T18:48:05Z,
47.77.236.190,ipv4,malicious-ip,medium,WHITE,ziyadnz/hourly-ipv4,ziyadnz|hourly,2026-08-17T18:48:05Z,2026-08-17T18:48:05Z,
47.77.236.210,ipv4,malicious-ip,medium,WHITE,ziyadnz/hourly-ipv4,ziyadnz|hourly,2026-08-17T18:48:05Z,2026-08-17T18:48:05Z,
47.77.236.68,ipv4,malicious-ip,medium,WHITE,ziyadnz/hourly-ipv4,ziyadnz|hourly,2026-08-17T18:48:05Z,2026-08-17T18:48:05Z,
47.77.237.102,ipv4,malicious-ip,medium,WHITE,ziyadnz/hourly-ipv4,ziyadnz|hourly,2026-08-17T18:48:05Z,2026-08-17T18:48:05Z,
47.77.237.104,ipv4,malicious-ip,medium,WHITE,ziyadnz/hourly-ipv4,ziyadnz|hourly,2026-08-17T18:48:05Z,2026-08-17T18:48:05Z,
47.77.238.17,ipv4,malicious-ip,medium,WHITE,ziyadnz/hourly-ipv4,ziyadnz|hourly,2026-08-17T18:48:05Z,2026-08-17T18:48:05Z,
47.77.238.215,ipv4,malicious-ip,medium,WHITE,ziyadnz/hourly-ipv4,ziyadnz|hourly,2026-08-17T18:48:05Z,2026-08-17T18:48:05Z,
47.77.239.194,ipv4,malicious-ip,medium,WHITE,ziyadnz/hourly-ipv4,ziyadnz|hourly,2026-08-17T18:48:05Z,2026-08-17T18:48:05Z,
47.79.13.15,ipv4,malicious-ip,medium,WHITE,ziyadnz/hourly-ipv4,ziyadnz|hourly,2026-08-17T18:48:05Z,2026-08-17T18:48:05Z,
47.79.13.158,ipv4,malicious-ip,medium,WHITE,ziyadnz/hourly-ipv4,ziyadnz|hourly,2026-08-17T18:48:05Z,2026-08-17T18:48:05Z,
47.79.150.75,ipv4,malicious-ip,medium,WHITE,ziyadnz/hourly-ipv4,ziyadnz|hourly,2026-08-17T18:48:05Z,2026-08-17T18:48:05Z,
47.79.239.216,ipv4,malicious-ip,medium,WHITE,ziyadnz/hourly-ipv4,ziyadnz|hourly,2026-08-17T18:48:05Z,2026-08-17T18:48:05Z,
47.79.32.184,ipv4,malicious-ip,medium,WHITE,ziyadnz/hourly-ipv4,ziyadnz|hourly,2026-08-17T18:48:05Z,2026-08-17T18:48:05Z,
47.79.6.153,ipv4,malicious-ip,medium,WHITE,ziyadnz/hourly-ipv4,ziyadnz|hourly,2026-08-17T18:48:05Z,2026-08-17T18:48:05Z,
47.79.76.108,ipv4,malicious-ip,medium,WHITE,ziyadnz/hourly-ipv4,ziyadnz|hourly,2026-08-17T18:48:05Z,2026-08-17T18:48:05Z,
47.79.77.136,ipv4,malicious-ip,medium,WHITE,ziyadnz/hourly-ipv4,ziyadnz|hourly,2026-08-17T18:48:05Z,2026-08-17T18:48:05Z,
47.79.79.158,ipv4,malicious-ip,medium,WHITE,ziyadnz/hourly-ipv4,ziyadnz|hourly,2026-08-17T18:48:05Z,2026-08-17T18:48:05Z,
47.79.98.147,ipv4,malicious-ip,medium,WHITE,ziyadnz/hourly-ipv4,ziyadnz|hourly,2026-08-17T18:48:05Z,2026-08-17T18:48:05Z,
47.80.24.209,ipv4,malicious-ip,medium,WHITE,ziyadnz/hourly-ipv4,ziyadnz|hourly,2026-08-17T18:48:05Z,2026-08-17T18:48:05Z,
47.80.241.233,ipv4,malicious-ip,medium,WHITE,ziyadnz/hourly-ipv4,ziyadnz|hourly,2026-08-17T18:48:05Z,2026-08-17T18:48:05Z,
47.80.30.234,ipv4,malicious-ip,medium,WHITE,ziyadnz/hourly-ipv4,ziyadnz|hourly,2026-08-17T18:48:05Z,2026-08-17T18:48:05Z,
47.80.59.241,ipv4,malicious-ip,medium,WHITE,ziyadnz/hourly-ipv4,ziyadnz|hourly,2026-08-17T18:48:05Z,2026-08-17T18:48:05Z,
47.80.8.179,ipv4,malicious-ip,medium,WHITE,ziyadnz/hourly-ipv4,ziyadnz|hourly,2026-08-17T18:48:05Z,2026-08-17T18:48:05Z,
47.81.24.71,ipv4,malicious-ip,medium,WHITE,ziyadnz/hourly-ipv4,ziyadnz|hourly,2026-08-17T18:48:05Z,2026-08-17T18:48:05Z,
47.82.1.47,ipv4,malicious-ip,medium,WHITE,ziyadnz/hourly-ipv4,ziyadnz|hourly,2026-08-17T18:48:05Z,2026-08-17T18:48:05Z,
47.82.10.93,ipv4,malicious-ip,medium,WHITE,ziyadnz/hourly-ipv4,ziyadnz|hourly,2026-08-17T18:48:05Z,2026-08-17T18:48:05Z,
47.82.100.99,ipv4,malicious-ip,medium,WHITE,ziyadnz/hourly-ipv4,ziyadnz|hourly,2026-08-17T18:48:05Z,2026-08-17T18:48:05Z,
47.82.11.61,ipv4,malicious-ip,medium,WHITE,ziyadnz/hourly-ipv4,ziyadnz|hourly,2026-08-17T18:48:05Z,2026-08-17T18:48:05Z,
47.82.11.86,ipv4,malicious-ip,medium,WHITE,ziyadnz/hourly-ipv4,ziyadnz|hourly,2026-08-17T18:48:05Z,2026-08-17T18:48:05Z,
47.82.115.47,ipv4,malicious-ip,medium,WHITE,ziyadnz/hourly-ipv4,ziyadnz|hourly,2026-08-17T18:48:05Z,2026-08-17T18:48:05Z,
47.82.157.99,ipv4,malicious-ip,medium,WHITE,ziyadnz/hourly-ipv4,ziyadnz|hourly,2026-08-17T18:48:05Z,2026-08-17T18:48:05Z,
47.82.72.15,ipv4,malicious-ip,medium,WHITE,ziyadnz/hourly-ipv4,ziyadnz|hourly,2026-08-17T18:48:05Z,2026-08-17T18:48:05Z,
47.82.77.42,ipv4,malicious-ip,medium,WHITE,ziyadnz/hourly-ipv4,ziyadnz|hourly,2026-08-17T18:48:05Z,2026-08-17T18:48:05Z,
47.82.83.190,ipv4,malicious-ip,medium,WHITE,ziyadnz/hourly-ipv4,ziyadnz|hourly,2026-08-17T18:48:05Z,2026-08-17T18:48:05Z,
47.82.87.119,ipv4,malicious-ip,medium,WHITE,ziyadnz/hourly-ipv4,ziyadnz|hourly,2026-08-17T18:48:05Z,2026-08-17T18:48:05Z,
47.83.122.51,ipv4,malicious-ip,medium,WHITE,ziyadnz/hourly-ipv4,ziyadnz|hourly,2026-08-17T18:48:05Z,2026-08-17T18:48:05Z,
47.83.125.189,ipv4,malicious-ip,medium,WHITE,ziyadnz/hourly-ipv4,ziyadnz|hourly,2026-08-17T18:48:05Z,2026-08-17T18:48:05Z,
47.83.126.231,ipv4,malicious-ip,medium,WHITE,ziyadnz/hourly-ipv4,ziyadnz|hourly,2026-08-17T18:48:05Z,2026-08-17T18:48:05Z,
47.83.131.134,ipv4,malicious-ip,medium,WHITE,ziyadnz/hourly-ipv4,ziyadnz|hourly,2026-08-17T18:48:05Z,2026-08-17T18:48:05Z,
47.83.133.3,ipv4,malicious-ip,medium,WHITE,ziyadnz/hourly-ipv4,ziyadnz|hourly,2026-08-17T18:48:05Z,2026-08-17T18:48:05Z,
47.83.159.53,ipv4,malicious-ip,medium,WHITE,ziyadnz/hourly-ipv4,ziyadnz|hourly,2026-08-17T18:48:05Z,2026-08-17T18:48:05Z,
47.83.162.83,ipv4,malicious-ip,medium,WHITE,ziyadnz/hourly-ipv4,ziyadnz|hourly,2026-08-17T18:48:05Z,2026-08-17T18:48:05Z,
47.83.195.29,ipv4,malicious-ip,medium,WHITE,ziyadnz/hourly-ipv4,ziyadnz|hourly,2026-08-17T18:48:05Z,2026-08-17T18:48:05Z,
47.83.203.183,ipv4,malicious-ip,medium,WHITE,ziyadnz/hourly-ipv4,ziyadnz|hourly,2026-08-17T18:48:05Z,2026-08-17T18:48:05Z,
47.83.250.87,ipv4,malicious-ip,medium,WHITE,ziyadnz/hourly-ipv4,ziyadnz|hourly,2026-08-17T18:48:05Z,2026-08-17T18:48:05Z,
47.83.252.187,ipv4,malicious-ip,medium,WHITE,ziyadnz/hourly-ipv4,ziyadnz|hourly,2026-08-17T18:48:05Z,2026-08-17T18:48:05Z,
47.83.254.1,ipv4,malicious-ip,medium,WHITE,ziyadnz/hourly-ipv4,ziyadnz|hourly,2026-08-17T18:48:05Z,2026-08-17T18:48:05Z,
47.83.254.81,ipv4,malicious-ip,medium,WHITE,ziyadnz/hourly-ipv4,ziyadnz|hourly,2026-08-17T18:48:05Z,2026-08-17T18:48:05Z,
47.83.8.198,ipv4,malicious-ip,medium,WHITE,ziyadnz/hourly-ipv4,ziyadnz|hourly,2026-08-17T18:48:05Z,2026-08-17T18:48:05Z,
47.84.100.111,ipv4,malicious-ip,medium,WHITE,ziyadnz/hourly-ipv4,ziyadnz|hourly,2026-08-17T18:48:05Z,2026-08-17T18:48:05Z,
47.84.100.118,ipv4,malicious-ip,medium,WHITE,ziyadnz/hourly-ipv4,ziyadnz|hourly,2026-08-17T18:48:05Z,2026-08-17T18:48:05Z,
47.84.100.160,ipv4,malicious-ip,medium,WHITE,ziyadnz/hourly-ipv4,ziyadnz|hourly,2026-08-17T18:48:05Z,2026-08-17T18:48:05Z,
47.84.100.167,ipv4,malicious-ip,medium,WHITE,ziyadnz/hourly-ipv4,ziyadnz|hourly,2026-08-17T18:48:05Z,2026-08-17T18:48:05Z,
47.84.100.21,ipv4,malicious-ip,medium,WHITE,ziyadnz/hourly-ipv4,ziyadnz|hourly,2026-08-17T18:48:05Z,2026-08-17T18:48:05Z,
47.84.100.224,ipv4,malicious-ip,medium,WHITE,ziyadnz/hourly-ipv4,ziyadnz|hourly,2026-08-17T18:48:05Z,2026-08-17T18:48:05Z,
47.84.100.227,ipv4,malicious-ip,medium,WHITE,ziyadnz/hourly-ipv4,ziyadnz|hourly,2026-08-17T18:48:05Z,2026-08-17T18:48:05Z,
47.84.100.23,ipv4,malicious-ip,medium,WHITE,ziyadnz/hourly-ipv4,ziyadnz|hourly,2026-08-17T18:48:05Z,2026-08-17T18:48:05Z,
47.84.100.230,ipv4,malicious-ip,medium,WHITE,ziyadnz/hourly-ipv4,ziyadnz|hourly,2026-08-17T18:48:05Z,2026-08-17T18:48:05Z,
47.84.100.236,ipv4,malicious-ip,medium,WHITE,ziyadnz/hourly-ipv4,ziyadnz|hourly,2026-08-17T18:48:05Z,2026-08-17T18:48:05Z,
47.84.100.48,ipv4,malicious-ip,medium,WHITE,ziyadnz/hourly-ipv4,ziyadnz|hourly,2026-08-17T18:48:05Z,2026-08-17T18:48:05Z,
47.84.100.64,ipv4,malicious-ip,medium,WHITE,ziyadnz/hourly-ipv4,ziyadnz|hourly,2026-08-17T18:48:05Z,2026-08-17T18:48:05Z,
47.84.100.65,ipv4,malicious-ip,medium,WHITE,ziyadnz/hourly-ipv4,ziyadnz|hourly,2026-08-17T18:48:05Z,2026-08-17T18:48:05Z,
47.84.100.77,ipv4,malicious-ip,medium,WHITE,ziyadnz/hourly-ipv4,ziyadnz|hourly,2026-08-17T18:48:05Z,2026-08-17T18:48:05Z,
47.84.101.11,ipv4,malicious-ip,medium,WHITE,ziyadnz/hourly-ipv4,ziyadnz|hourly,2026-08-17T18:48:05Z,2026-08-17T18:48:05Z,
47.84.101.117,ipv4,malicious-ip,medium,WHITE,ziyadnz/hourly-ipv4,ziyadnz|hourly,2026-08-17T18:48:05Z,2026-08-17T18:48:05Z,
47.84.101.132,ipv4,malicious-ip,medium,WHITE,ziyadnz/hourly-ipv4,ziyadnz|hourly,2026-08-17T18:48:05Z,2026-08-17T18:48:05Z,
47.84.101.166,ipv4,malicious-ip,medium,WHITE,ziyadnz/hourly-ipv4,ziyadnz|hourly,2026-08-17T18:48:05Z,2026-08-17T18:48:05Z,
47.84.101.191,ipv4,malicious-ip,medium,WHITE,ziyadnz/hourly-ipv4,ziyadnz|hourly,2026-08-17T18:48:05Z,2026-08-17T18:48:05Z,
47.84.101.201,ipv4,malicious-ip,medium,WHITE,ziyadnz/hourly-ipv4,ziyadnz|hourly,2026-08-17T18:48:05Z,2026-08-17T18:48:05Z,
47.84.101.217,ipv4,malicious-ip,medium,WHITE,ziyadnz/hourly-ipv4,ziyadnz|hourly,2026-08-17T18:48:05Z,2026-08-17T18:48:05Z,
47.84.101.225,ipv4,malicious-ip,medium,WHITE,ziyadnz/hourly-ipv4,ziyadnz|hourly,2026-08-17T18:48:05Z,2026-08-17T18:48:05Z,
47.84.101.247,ipv4,malicious-ip,medium,WHITE,ziyadnz/hourly-ipv4,ziyadnz|hourly,2026-08-17T18:48:05Z,2026-08-17T18:48:05Z,
47.84.101.56,ipv4,malicious-ip,medium,WHITE,ziyadnz/hourly-ipv4,ziyadnz|hourly,2026-08-17T18:48:05Z,2026-08-17T18:48:05Z,
47.84.101.73,ipv4,malicious-ip,medium,WHITE,ziyadnz/hourly-ipv4,ziyadnz|hourly,2026-08-17T18:48:05Z,2026-08-17T18:48:05Z,
47.84.101.80,ipv4,malicious-ip,medium,WHITE,ziyadnz/hourly-ipv4,ziyadnz|hourly,2026-08-17T18:48:05Z,2026-08-17T18:48:05Z,
47.84.101.9,ipv4,malicious-ip,medium,WHITE,ziyadnz/hourly-ipv4,ziyadnz|hourly,2026-08-17T18:48:05Z,2026-08-17T18:48:05Z,
47.84.102.104,ipv4,malicious-ip,medium,WHITE,ziyadnz/hourly-ipv4,ziyadnz|hourly,2026-08-17T18:48:05Z,2026-08-17T18:48:05Z,
47.84.102.11,ipv4,malicious-ip,medium,WHITE,ziyadnz/hourly-ipv4,ziyadnz|hourly,2026-08-17T18:48:05Z,2026-08-17T18:48:05Z,
47.84.102.125,ipv4,malicious-ip,medium,WHITE,ziyadnz/hourly-ipv4,ziyadnz|hourly,2026-08-17T18:48:05Z,2026-08-17T18:48:05Z,
47.84.102.134,ipv4,malicious-ip,medium,WHITE,ziyadnz/hourly-ipv4,ziyadnz|hourly,2026-08-17T18:48:05Z,2026-08-17T18:48:05Z,
47.84.102.156,ipv4,malicious-ip,medium,WHITE,ziyadnz/hourly-ipv4,ziyadnz|hourly,2026-08-17T18:48:05Z,2026-08-17T18:48:05Z,
47.84.102.157,ipv4,malicious-ip,medium,WHITE,ziyadnz/hourly-ipv4,ziyadnz|hourly,2026-08-17T18:48:05Z,2026-08-17T18:48:05Z,
47.84.102.158,ipv4,malicious-ip,medium,WHITE,ziyadnz/hourly-ipv4,ziyadnz|hourly,2026-08-17T18:48:05Z,2026-08-17T18:48:05Z,
47.84.102.160,ipv4,malicious-ip,medium,WHITE,ziyadnz/hourly-ipv4,ziyadnz|hourly,2026-08-17T18:48:05Z,2026-08-17T18:48:05Z,
47.84.102.173,ipv4,malicious-ip,medium,WHITE,ziyadnz/hourly-ipv4,ziyadnz|hourly,2026-08-17T18:48:05Z,2026-08-17T18:48:05Z,
47.84.102.180,ipv4,malicious-ip,medium,WHITE,ziyadnz/hourly-ipv4,ziyadnz|hourly,2026-08-17T18:48:05Z,2026-08-17T18:48:05Z,
47.84.102.225,ipv4,malicious-ip,medium,WHITE,ziyadnz/hourly-ipv4,ziyadnz|hourly,2026-08-17T18:48:05Z,2026-08-17T18:48:05Z,
47.84.102.253,ipv4,malicious-ip,medium,WHITE,ziyadnz/hourly-ipv4,ziyadnz|hourly,2026-08-17T18:48:05Z,2026-08-17T18:48:05Z,
47.84.102.38,ipv4,malicious-ip,medium,WHITE,ziyadnz/hourly-ipv4,ziyadnz|hourly,2026-08-17T18:48:05Z,2026-08-17T18:48:05Z,
47.84.102.50,ipv4,malicious-ip,medium,WHITE,ziyadnz/hourly-ipv4,ziyadnz|hourly,2026-08-17T18:48:05Z,2026-08-17T18:48:05Z,
47.84.102.58,ipv4,malicious-ip,medium,WHITE,ziyadnz/hourly-ipv4,ziyadnz|hourly,2026-08-17T18:48:05Z,2026-08-17T18:48:05Z,
47.84.102.59,ipv4,malicious-ip,medium,WHITE,ziyadnz/hourly-ipv4,ziyadnz|hourly,2026-08-17T18:48:05Z,2026-08-17T18:48:05Z,
47.84.102.75,ipv4,malicious-ip,medium,WHITE,ziyadnz/hourly-ipv4,ziyadnz|hourly,2026-08-17T18:48:05Z,2026-08-17T18:48:05Z,
47.84.102.79,ipv4,malicious-ip,medium,WHITE,ziyadnz/hourly-ipv4,ziyadnz|hourly,2026-08-17T18:48:05Z,2026-08-17T18:48:05Z,
47.84.103.101,ipv4,malicious-ip,medium,WHITE,ziyadnz/hourly-ipv4,ziyadnz|hourly,2026-08-17T18:48:05Z,2026-08-17T18:48:05Z,
47.84.103.150,ipv4,malicious-ip,medium,WHITE,ziyadnz/hourly-ipv4,ziyadnz|hourly,2026-08-17T18:48:05Z,2026-08-17T18:48:05Z,
47.84.103.215,ipv4,malicious-ip,medium,WHITE,ziyadnz/hourly-ipv4,ziyadnz|hourly,2026-08-17T18:48:05Z,2026-08-17T18:48:05Z,
47.84.103.231,ipv4,malicious-ip,medium,WHITE,ziyadnz/hourly-ipv4,ziyadnz|hourly,2026-08-17T18:48:05Z,2026-08-17T18:48:05Z,
47.84.103.248,ipv4,malicious-ip,medium,WHITE,ziyadnz/hourly-ipv4,ziyadnz|hourly,2026-08-17T18:48:05Z,2026-08-17T18:48:05Z,
47.84.103.254,ipv4,malicious-ip,medium,WHITE,ziyadnz/hourly-ipv4,ziyadnz|hourly,2026-08-17T18:48:05Z,2026-08-17T18:48:05Z,
47.84.103.255,ipv4,malicious-ip,medium,WHITE,ziyadnz/hourly-ipv4,ziyadnz|hourly,2026-08-17T18:48:05Z,2026-08-17T18:48:05Z,
47.84.103.91,ipv4,malicious-ip,medium,WHITE,ziyadnz/hourly-ipv4,ziyadnz|hourly,2026-08-17T18:48:05Z,2026-08-17T18:48:05Z,
47.84.103.98,ipv4,malicious-ip,medium,WHITE,ziyadnz/hourly-ipv4,ziyadnz|hourly,2026-08-17T18:48:05Z,2026-08-17T18:48:05Z,
47.84.104.148,ipv4,malicious-ip,medium,WHITE,ziyadnz/hourly-ipv4,ziyadnz|hourly,2026-08-17T18:48:05Z,2026-08-17T18:48:05Z,
47.84.104.237,ipv4,malicious-ip,medium,WHITE,ziyadnz/hourly-ipv4,ziyadnz|hourly,2026-08-17T18:48:05Z,2026-08-17T18:48:05Z,
47.84.104.254,ipv4,malicious-ip,medium,WHITE,ziyadnz/hourly-ipv4,ziyadnz|hourly,2026-08-17T18:48:05Z,2026-08-17T18:48:05Z,
47.84.105.131,ipv4,malicious-ip,medium,WHITE,ziyadnz/hourly-ipv4,ziyadnz|hourly,2026-08-17T18:48:05Z,2026-08-17T18:48:05Z,
47.84.105.139,ipv4,malicious-ip,medium,WHITE,ziyadnz/hourly-ipv4,ziyadnz|hourly,2026-08-17T18:48:05Z,2026-08-17T18:48:05Z,
47.84.105.149,ipv4,malicious-ip,medium,WHITE,ziyadnz/hourly-ipv4,ziyadnz|hourly,2026-08-17T18:48:05Z,2026-08-17T18:48:05Z,
47.84.105.163,ipv4,malicious-ip,medium,WHITE,ziyadnz/hourly-ipv4,ziyadnz|hourly,2026-08-17T18:48:05Z,2026-08-17T18:48:05Z,
47.84.105.165,ipv4,malicious-ip,medium,WHITE,ziyadnz/hourly-ipv4,ziyadnz|hourly,2026-08-17T18:48:05Z,2026-08-17T18:48:05Z,
47.84.105.205,ipv4,malicious-ip,medium,WHITE,ziyadnz/hourly-ipv4,ziyadnz|hourly,2026-08-17T18:48:05Z,2026-08-17T18:48:05Z,
47.84.105.207,ipv4,malicious-ip,medium,WHITE,ziyadnz/hourly-ipv4,ziyadnz|hourly,2026-08-17T18:48:05Z,2026-08-17T18:48:05Z,
47.84.105.209,ipv4,malicious-ip,medium,WHITE,ziyadnz/hourly-ipv4,ziyadnz|hourly,2026-08-17T18:48:05Z,2026-08-17T18:48:05Z,
47.84.105.75,ipv4,malicious-ip,medium,WHITE,ziyadnz/hourly-ipv4,ziyadnz|hourly,2026-08-17T18:48:05Z,2026-08-17T18:48:05Z,
47.84.106.109,ipv4,malicious-ip,medium,WHITE,ziyadnz/hourly-ipv4,ziyadnz|hourly,2026-08-17T18:48:05Z,2026-08-17T18:48:05Z,
47.84.106.125,ipv4,malicious-ip,medium,WHITE,ziyadnz/hourly-ipv4,ziyadnz|hourly,2026-08-17T18:48:05Z,2026-08-17T18:48:05Z,
47.84.106.132,ipv4,malicious-ip,medium,WHITE,ziyadnz/hourly-ipv4,ziyadnz|hourly,2026-08-17T18:48:05Z,2026-08-17T18:48:05Z,
47.84.106.18,ipv4,malicious-ip,medium,WHITE,ziyadnz/hourly-ipv4,ziyadnz|hourly,2026-08-17T18:48:05Z,2026-08-17T18:48:05Z,
47.84.106.204,ipv4,malicious-ip,medium,WHITE,ziyadnz/hourly-ipv4,ziyadnz|hourly,2026-08-17T18:48:05Z,2026-08-17T18:48:05Z,
47.84.106.235,ipv4,malicious-ip,medium,WHITE,ziyadnz/hourly-ipv4,ziyadnz|hourly,2026-08-17T18:48:05Z,2026-08-17T18:48:05Z,
47.84.106.82,ipv4,malicious-ip,medium,WHITE,ziyadnz/hourly-ipv4,ziyadnz|hourly,2026-08-17T18:48:05Z,2026-08-17T18:48:05Z,
47.84.106.85,ipv4,malicious-ip,medium,WHITE,ziyadnz/hourly-ipv4,ziyadnz|hourly,2026-08-17T18:48:05Z,2026-08-17T18:48:05Z,
47.84.107.200,ipv4,malicious-ip,medium,WHITE,ziyadnz/hourly-ipv4,ziyadnz|hourly,2026-08-17T18:48:05Z,2026-08-17T18:48:05Z,
47.84.107.47,ipv4,malicious-ip,medium,WHITE,ziyadnz/hourly-ipv4,ziyadnz|hourly,2026-08-17T18:48:05Z,2026-08-17T18:48:05Z,
47.84.108.0,ipv4,malicious-ip,medium,WHITE,ziyadnz/hourly-ipv4,ziyadnz|hourly,2026-08-17T18:48:05Z,2026-08-17T18:48:05Z,
47.84.108.150,ipv4,malicious-ip,medium,WHITE,ziyadnz/hourly-ipv4,ziyadnz|hourly,2026-08-17T18:48:05Z,2026-08-17T18:48:05Z,
47.84.108.199,ipv4,malicious-ip,medium,WHITE,ziyadnz/hourly-ipv4,ziyadnz|hourly,2026-08-17T18:48:05Z,2026-08-17T18:48:05Z,
47.84.108.211,ipv4,malicious-ip,medium,WHITE,ziyadnz/hourly-ipv4,ziyadnz|hourly,2026-08-17T18:48:05Z,2026-08-17T18:48:05Z,
47.84.108.75,ipv4,malicious-ip,medium,WHITE,ziyadnz/hourly-ipv4,ziyadnz|hourly,2026-08-17T18:48:05Z,2026-08-17T18:48:05Z,
47.84.108.87,ipv4,malicious-ip,medium,WHITE,ziyadnz/hourly-ipv4,ziyadnz|hourly,2026-08-17T18:48:05Z,2026-08-17T18:48:05Z,
47.84.109.110,ipv4,malicious-ip,medium,WHITE,ziyadnz/hourly-ipv4,ziyadnz|hourly,2026-08-17T18:48:05Z,2026-08-17T18:48:05Z,
47.84.109.129,ipv4,malicious-ip,medium,WHITE,ziyadnz/hourly-ipv4,ziyadnz|hourly,2026-08-17T18:48:05Z,2026-08-17T18:48:05Z,
47.84.109.175,ipv4,malicious-ip,medium,WHITE,ziyadnz/hourly-ipv4,ziyadnz|hourly,2026-08-17T18:48:05Z,2026-08-17T18:48:05Z,
47.84.109.184,ipv4,malicious-ip,medium,WHITE,ziyadnz/hourly-ipv4,ziyadnz|hourly,2026-08-17T18:48:05Z,2026-08-17T18:48:05Z,
47.84.109.185,ipv4,malicious-ip,medium,WHITE,ziyadnz/hourly-ipv4,ziyadnz|hourly,2026-08-17T18:48:05Z,2026-08-17T18:48:05Z,
47.84.109.187,ipv4,malicious-ip,medium,WHITE,ziyadnz/hourly-ipv4,ziyadnz|hourly,2026-08-17T18:48:05Z,2026-08-17T18:48:05Z,
47.84.109.20,ipv4,malicious-ip,medium,WHITE,ziyadnz/hourly-ipv4,ziyadnz|hourly,2026-08-17T18:48:05Z,2026-08-17T18:48:05Z,
47.84.109.254,ipv4,malicious-ip,medium,WHITE,ziyadnz/hourly-ipv4,ziyadnz|hourly,2026-08-17T18:48:05Z,2026-08-17T18:48:05Z,
47.84.109.58,ipv4,malicious-ip,medium,WHITE,ziyadnz/hourly-ipv4,ziyadnz|hourly,2026-08-17T18:48:05Z,2026-08-17T18:48:05Z,
47.84.109.59,ipv4,malicious-ip,medium,WHITE,ziyadnz/hourly-ipv4,ziyadnz|hourly,2026-08-17T18:48:05Z,2026-08-17T18:48:05Z,
47.84.109.69,ipv4,malicious-ip,medium,WHITE,ziyadnz/hourly-ipv4,ziyadnz|hourly,2026-08-17T18:48:05Z,2026-08-17T18:48:05Z,
47.84.110.105,ipv4,malicious-ip,medium,WHITE,ziyadnz/hourly-ipv4,ziyadnz|hourly,2026-08-17T18:48:05Z,2026-08-17T18:48:05Z,
47.84.110.216,ipv4,malicious-ip,medium,WHITE,ziyadnz/hourly-ipv4,ziyadnz|hourly,2026-08-17T18:48:05Z,2026-08-17T18:48:05Z,
47.84.110.6,ipv4,malicious-ip,medium,WHITE,ziyadnz/hourly-ipv4,ziyadnz|hourly,2026-08-17T18:48:05Z,2026-08-17T18:48:05Z,
47.84.110.61,ipv4,malicious-ip,medium,WHITE,ziyadnz/hourly-ipv4,ziyadnz|hourly,2026-08-17T18:48:05Z,2026-08-17T18:48:05Z,
47.84.110.81,ipv4,malicious-ip,medium,WHITE,ziyadnz/hourly-ipv4,ziyadnz|hourly,2026-08-17T18:48:05Z,2026-08-17T18:48:05Z,
47.84.111.100,ipv4,malicious-ip,medium,WHITE,ziyadnz/hourly-ipv4,ziyadnz|hourly,2026-08-17T18:48:05Z,2026-08-17T18:48:05Z,
47.84.111.156,ipv4,malicious-ip,medium,WHITE,ziyadnz/hourly-ipv4,ziyadnz|hourly,2026-08-17T18:48:05Z,2026-08-17T18:48:05Z,
47.84.111.19,ipv4,malicious-ip,medium,WHITE,ziyadnz/hourly-ipv4,ziyadnz|hourly,2026-08-17T18:48:05Z,2026-08-17T18:48:05Z,
47.84.111.212,ipv4,malicious-ip,medium,WHITE,ziyadnz/hourly-ipv4,ziyadnz|hourly,2026-08-17T18:48:05Z,2026-08-17T18:48:05Z,
47.84.111.226,ipv4,malicious-ip,medium,WHITE,ziyadnz/hourly-ipv4,ziyadnz|hourly,2026-08-17T18:48:05Z,2026-08-17T18:48:05Z,
47.84.111.58,ipv4,malicious-ip,medium,WHITE,ziyadnz/hourly-ipv4,ziyadnz|hourly,2026-08-17T18:48:05Z,2026-08-17T18:48:05Z,
47.84.111.82,ipv4,malicious-ip,medium,WHITE,ziyadnz/hourly-ipv4,ziyadnz|hourly,2026-08-17T18:48:05Z,2026-08-17T18:48:05Z,
47.84.112.155,ipv4,malicious-ip,medium,WHITE,ziyadnz/hourly-ipv4,ziyadnz|hourly,2026-08-17T18:48:05Z,2026-08-17T18:48:05Z,
47.84.112.174,ipv4,malicious-ip,medium,WHITE,ziyadnz/hourly-ipv4,ziyadnz|hourly,2026-08-17T18:48:05Z,2026-08-17T18:48:05Z,
47.84.112.185,ipv4,malicious-ip,medium,WHITE,ziyadnz/hourly-ipv4,ziyadnz|hourly,2026-08-17T18:48:05Z,2026-08-17T18:48:05Z,
47.84.112.45,ipv4,malicious-ip,medium,WHITE,ziyadnz/hourly-ipv4,ziyadnz|hourly,2026-08-17T18:48:05Z,2026-08-17T18:48:05Z,
47.84.112.58,ipv4,malicious-ip,medium,WHITE,ziyadnz/hourly-ipv4,ziyadnz|hourly,2026-08-17T18:48:05Z,2026-08-17T18:48:05Z,
47.84.112.68,ipv4,malicious-ip,medium,WHITE,ziyadnz/hourly-ipv4,ziyadnz|hourly,2026-08-17T18:48:05Z,2026-08-17T18:48:05Z,
47.84.113.115,ipv4,malicious-ip,medium,WHITE,ziyadnz/hourly-ipv4,ziyadnz|hourly,2026-08-17T18:48:05Z,2026-08-17T18:48:05Z,
47.84.113.184,ipv4,malicious-ip,medium,WHITE,ziyadnz/hourly-ipv4,ziyadnz|hourly,2026-08-17T18:48:05Z,2026-08-17T18:48:05Z,
47.84.114.18,ipv4,malicious-ip,medium,WHITE,ziyadnz/hourly-ipv4,ziyadnz|hourly,2026-08-17T18:48:05Z,2026-08-17T18:48:05Z,
47.84.114.27,ipv4,malicious-ip,medium,WHITE,ziyadnz/hourly-ipv4,ziyadnz|hourly,2026-08-17T18:48:05Z,2026-08-17T18:48:05Z,
47.84.114.31,ipv4,malicious-ip,medium,WHITE,ziyadnz/hourly-ipv4,ziyadnz|hourly,2026-08-17T18:48:05Z,2026-08-17T18:48:05Z,
47.84.115.172,ipv4,malicious-ip,medium,WHITE,ziyadnz/hourly-ipv4,ziyadnz|hourly,2026-08-17T18:48:05Z,2026-08-17T18:48:05Z,
47.84.115.191,ipv4,malicious-ip,medium,WHITE,ziyadnz/hourly-ipv4,ziyadnz|hourly,2026-08-17T18:48:05Z,2026-08-17T18:48:05Z,
47.84.115.38,ipv4,malicious-ip,medium,WHITE,ziyadnz/hourly-ipv4,ziyadnz|hourly,2026-08-17T18:48:05Z,2026-08-17T18:48:05Z,
47.84.115.39,ipv4,malicious-ip,medium,WHITE,ziyadnz/hourly-ipv4,ziyadnz|hourly,2026-08-17T18:48:05Z,2026-08-17T18:48:05Z,
47.84.116.144,ipv4,malicious-ip,medium,WHITE,ziyadnz/hourly-ipv4,ziyadnz|hourly,2026-08-17T18:48:05Z,2026-08-17T18:48:05Z,
47.84.116.149,ipv4,malicious-ip,medium,WHITE,ziyadnz/hourly-ipv4,ziyadnz|hourly,2026-08-17T18:48:05Z,2026-08-17T18:48:05Z,
47.84.116.219,ipv4,malicious-ip,medium,WHITE,ziyadnz/hourly-ipv4,ziyadnz|hourly,2026-08-17T18:48:05Z,2026-08-17T18:48:05Z,
47.84.116.233,ipv4,malicious-ip,medium,WHITE,ziyadnz/hourly-ipv4,ziyadnz|hourly,2026-08-17T18:48:05Z,2026-08-17T18:48:05Z,
47.84.117.18,ipv4,malicious-ip,medium,WHITE,ziyadnz/hourly-ipv4,ziyadnz|hourly,2026-08-17T18:48:05Z,2026-08-17T18:48:05Z,
47.84.117.21,ipv4,malicious-ip,medium,WHITE,ziyadnz/hourly-ipv4,ziyadnz|hourly,2026-08-17T18:48:05Z,2026-08-17T18:48:05Z,
47.84.117.39,ipv4,malicious-ip,medium,WHITE,ziyadnz/hourly-ipv4,ziyadnz|hourly,2026-08-17T18:48:05Z,2026-08-17T18:48:05Z,
47.84.117.97,ipv4,malicious-ip,medium,WHITE,ziyadnz/hourly-ipv4,ziyadnz|hourly,2026-08-17T18:48:05Z,2026-08-17T18:48:05Z,
47.84.118.111,ipv4,malicious-ip,medium,WHITE,ziyadnz/hourly-ipv4,ziyadnz|hourly,2026-08-17T18:48:05Z,2026-08-17T18:48:05Z,
47.84.12.247,ipv4,malicious-ip,medium,WHITE,ziyadnz/hourly-ipv4,ziyadnz|hourly,2026-08-17T18:48:05Z,2026-08-17T18:48:05Z,
47.84.124.87,ipv4,malicious-ip,medium,WHITE,ziyadnz/hourly-ipv4,ziyadnz|hourly,2026-08-17T18:48:05Z,2026-08-17T18:48:05Z,
47.84.128.115,ipv4,malicious-ip,medium,WHITE,ziyadnz/hourly-ipv4,ziyadnz|hourly,2026-08-17T18:48:05Z,2026-08-17T18:48:05Z,
47.84.129.223,ipv4,malicious-ip,medium,WHITE,ziyadnz/hourly-ipv4,ziyadnz|hourly,2026-08-17T18:48:05Z,2026-08-17T18:48:05Z,
47.84.129.251,ipv4,malicious-ip,medium,WHITE,ziyadnz/hourly-ipv4,ziyadnz|hourly,2026-08-17T18:48:05Z,2026-08-17T18:48:05Z,
47.84.130.169,ipv4,malicious-ip,medium,WHITE,ziyadnz/hourly-ipv4,ziyadnz|hourly,2026-08-17T18:48:05Z,2026-08-17T18:48:05Z,
47.84.130.19,ipv4,malicious-ip,medium,WHITE,ziyadnz/hourly-ipv4,ziyadnz|hourly,2026-08-17T18:48:05Z,2026-08-17T18:48:05Z,
47.84.130.199,ipv4,malicious-ip,medium,WHITE,ziyadnz/hourly-ipv4,ziyadnz|hourly,2026-08-17T18:48:05Z,2026-08-17T18:48:05Z,
47.84.130.38,ipv4,malicious-ip,medium,WHITE,ziyadnz/hourly-ipv4,ziyadnz|hourly,2026-08-17T18:48:05Z,2026-08-17T18:48:05Z,
47.84.130.53,ipv4,malicious-ip,medium,WHITE,ziyadnz/hourly-ipv4,ziyadnz|hourly,2026-08-17T18:48:05Z,2026-08-17T18:48:05Z,
47.84.131.144,ipv4,malicious-ip,medium,WHITE,ziyadnz/hourly-ipv4,ziyadnz|hourly,2026-08-17T18:48:05Z,2026-08-17T18:48:05Z,
47.84.131.200,ipv4,malicious-ip,medium,WHITE,ziyadnz/hourly-ipv4,ziyadnz|hourly,2026-08-17T18:48:05Z,2026-08-17T18:48:05Z,
47.84.131.50,ipv4,malicious-ip,medium,WHITE,ziyadnz/hourly-ipv4,ziyadnz|hourly,2026-08-17T18:48:05Z,2026-08-17T18:48:05Z,
47.84.131.60,ipv4,malicious-ip,medium,WHITE,ziyadnz/hourly-ipv4,ziyadnz|hourly,2026-08-17T18:48:05Z,2026-08-17T18:48:05Z,
47.84.132.0,ipv4,malicious-ip,medium,WHITE,ziyadnz/hourly-ipv4,ziyadnz|hourly,2026-08-17T18:48:05Z,2026-08-17T18:48:05Z,
47.84.132.145,ipv4,malicious-ip,medium,WHITE,ziyadnz/hourly-ipv4,ziyadnz|hourly,2026-08-17T18:48:05Z,2026-08-17T18:48:05Z,
47.84.132.182,ipv4,malicious-ip,medium,WHITE,ziyadnz/hourly-ipv4,ziyadnz|hourly,2026-08-17T18:48:05Z,2026-08-17T18:48:05Z,
47.84.132.63,ipv4,malicious-ip,medium,WHITE,ziyadnz/hourly-ipv4,ziyadnz|hourly,2026-08-17T18:48:05Z,2026-08-17T18:48:05Z,
47.84.133.17,ipv4,malicious-ip,medium,WHITE,ziyadnz/hourly-ipv4,ziyadnz|hourly,2026-08-17T18:48:05Z,2026-08-17T18:48:05Z,
47.84.133.201,ipv4,malicious-ip,medium,WHITE,ziyadnz/hourly-ipv4,ziyadnz|hourly,2026-08-17T18:48:05Z,2026-08-17T18:48:05Z,
47.84.133.242,ipv4,malicious-ip,medium,WHITE,ziyadnz/hourly-ipv4,ziyadnz|hourly,2026-08-17T18:48:05Z,2026-08-17T18:48:05Z,
47.84.133.27,ipv4,malicious-ip,medium,WHITE,ziyadnz/hourly-ipv4,ziyadnz|hourly,2026-08-17T18:48:05Z,2026-08-17T18:48:05Z,
47.84.133.39,ipv4,malicious-ip,medium,WHITE,ziyadnz/hourly-ipv4,ziyadnz|hourly,2026-08-17T18:48:05Z,2026-08-17T18:48:05Z,
47.84.133.68,ipv4,malicious-ip,medium,WHITE,ziyadnz/hourly-ipv4,ziyadnz|hourly,2026-08-17T18:48:05Z,2026-08-17T18:48:05Z,
47.84.134.121,ipv4,malicious-ip,medium,WHITE,ziyadnz/hourly-ipv4,ziyadnz|hourly,2026-08-17T18:48:05Z,2026-08-17T18:48:05Z,
47.84.134.137,ipv4,malicious-ip,medium,WHITE,ziyadnz/hourly-ipv4,ziyadnz|hourly,2026-08-17T18:48:05Z,2026-08-17T18:48:05Z,
47.84.134.199,ipv4,malicious-ip,medium,WHITE,ziyadnz/hourly-ipv4,ziyadnz|hourly,2026-08-17T18:48:05Z,2026-08-17T18:48:05Z,
47.84.134.210,ipv4,malicious-ip,medium,WHITE,ziyadnz/hourly-ipv4,ziyadnz|hourly,2026-08-17T18:48:05Z,2026-08-17T18:48:05Z,
47.84.134.237,ipv4,malicious-ip,medium,WHITE,ziyadnz/hourly-ipv4,ziyadnz|hourly,2026-08-17T18:48:05Z,2026-08-17T18:48:05Z,
47.84.134.251,ipv4,malicious-ip,medium,WHITE,ziyadnz/hourly-ipv4,ziyadnz|hourly,2026-08-17T18:48:05Z,2026-08-17T18:48:05Z,
47.84.134.255,ipv4,malicious-ip,medium,WHITE,ziyadnz/hourly-ipv4,ziyadnz|hourly,2026-08-17T18:48:05Z,2026-08-17T18:48:05Z,
47.84.134.30,ipv4,malicious-ip,medium,WHITE,ziyadnz/hourly-ipv4,ziyadnz|hourly,2026-08-17T18:48:05Z,2026-08-17T18:48:05Z,
47.84.134.50,ipv4,malicious-ip,medium,WHITE,ziyadnz/hourly-ipv4,ziyadnz|hourly,2026-08-17T18:48:05Z,2026-08-17T18:48:05Z,
47.84.134.69,ipv4,malicious-ip,medium,WHITE,ziyadnz/hourly-ipv4,ziyadnz|hourly,2026-08-17T18:48:05Z,2026-08-17T18:48:05Z,
47.84.134.78,ipv4,malicious-ip,medium,WHITE,ziyadnz/hourly-ipv4,ziyadnz|hourly,2026-08-17T18:48:05Z,2026-08-17T18:48:05Z,
47.84.134.79,ipv4,malicious-ip,medium,WHITE,ziyadnz/hourly-ipv4,ziyadnz|hourly,2026-08-17T18:48:05Z,2026-08-17T18:48:05Z,
47.84.135.140,ipv4,malicious-ip,medium,WHITE,ziyadnz/hourly-ipv4,ziyadnz|hourly,2026-08-17T18:48:05Z,2026-08-17T18:48:05Z,
47.84.135.151,ipv4,malicious-ip,medium,WHITE,ziyadnz/hourly-ipv4,ziyadnz|hourly,2026-08-17T18:48:05Z,2026-08-17T18:48:05Z,
47.84.135.196,ipv4,malicious-ip,medium,WHITE,ziyadnz/hourly-ipv4,ziyadnz|hourly,2026-08-17T18:48:05Z,2026-08-17T18:48:05Z,
47.84.135.27,ipv4,malicious-ip,medium,WHITE,ziyadnz/hourly-ipv4,ziyadnz|hourly,2026-08-17T18:48:05Z,2026-08-17T18:48:05Z,
47.84.136.133,ipv4,malicious-ip,medium,WHITE,ziyadnz/hourly-ipv4,ziyadnz|hourly,2026-08-17T18:48:05Z,2026-08-17T18:48:05Z,
47.84.136.17,ipv4,malicious-ip,medium,WHITE,ziyadnz/hourly-ipv4,ziyadnz|hourly,2026-08-17T18:48:05Z,2026-08-17T18:48:05Z,
47.84.136.177,ipv4,malicious-ip,medium,WHITE,ziyadnz/hourly-ipv4,ziyadnz|hourly,2026-08-17T18:48:05Z,2026-08-17T18:48:05Z,
47.84.136.25,ipv4,malicious-ip,medium,WHITE,ziyadnz/hourly-ipv4,ziyadnz|hourly,2026-08-17T18:48:05Z,2026-08-17T18:48:05Z,
47.84.136.253,ipv4,malicious-ip,medium,WHITE,ziyadnz/hourly-ipv4,ziyadnz|hourly,2026-08-17T18:48:05Z,2026-08-17T18:48:05Z,
47.84.136.64,ipv4,malicious-ip,medium,WHITE,ziyadnz/hourly-ipv4,ziyadnz|hourly,2026-08-17T18:48:05Z,2026-08-17T18:48:05Z,
47.84.136.87,ipv4,malicious-ip,medium,WHITE,ziyadnz/hourly-ipv4,ziyadnz|hourly,2026-08-17T18:48:05Z,2026-08-17T18:48:05Z,
47.84.137.159,ipv4,malicious-ip,medium,WHITE,ziyadnz/hourly-ipv4,ziyadnz|hourly,2026-08-17T18:48:05Z,2026-08-17T18:48:05Z,
47.84.137.2,ipv4,malicious-ip,medium,WHITE,ziyadnz/hourly-ipv4,ziyadnz|hourly,2026-08-17T18:48:05Z,2026-08-17T18:48:05Z,
47.84.137.225,ipv4,malicious-ip,medium,WHITE,ziyadnz/hourly-ipv4,ziyadnz|hourly,2026-08-17T18:48:05Z,2026-08-17T18:48:05Z,
47.84.137.3,ipv4,malicious-ip,medium,WHITE,ziyadnz/hourly-ipv4,ziyadnz|hourly,2026-08-17T18:48:05Z,2026-08-17T18:48:05Z,
47.84.137.32,ipv4,malicious-ip,medium,WHITE,ziyadnz/hourly-ipv4,ziyadnz|hourly,2026-08-17T18:48:05Z,2026-08-17T18:48:05Z,
47.84.137.34,ipv4,malicious-ip,medium,WHITE,ziyadnz/hourly-ipv4,ziyadnz|hourly,2026-08-17T18:48:05Z,2026-08-17T18:48:05Z,
47.84.137.43,ipv4,malicious-ip,medium,WHITE,ziyadnz/hourly-ipv4,ziyadnz|hourly,2026-08-17T18:48:05Z,2026-08-17T18:48:05Z,
47.84.137.46,ipv4,malicious-ip,medium,WHITE,ziyadnz/hourly-ipv4,ziyadnz|hourly,2026-08-17T18:48:05Z,2026-08-17T18:48:05Z,
47.84.137.53,ipv4,malicious-ip,medium,WHITE,ziyadnz/hourly-ipv4,ziyadnz|hourly,2026-08-17T18:48:05Z,2026-08-17T18:48:05Z,
47.84.137.56,ipv4,malicious-ip,medium,WHITE,ziyadnz/hourly-ipv4,ziyadnz|hourly,2026-08-17T18:48:05Z,2026-08-17T18:48:05Z,
47.84.137.6,ipv4,malicious-ip,medium,WHITE,ziyadnz/hourly-ipv4,ziyadnz|hourly,2026-08-17T18:48:05Z,2026-08-17T18:48:05Z,
47.84.137.71,ipv4,malicious-ip,medium,WHITE,ziyadnz/hourly-ipv4,ziyadnz|hourly,2026-08-17T18:48:05Z,2026-08-17T18:48:05Z,
47.84.137.81,ipv4,malicious-ip,medium,WHITE,ziyadnz/hourly-ipv4,ziyadnz|hourly,2026-08-17T18:48:05Z,2026-08-17T18:48:05Z,
47.84.138.116,ipv4,malicious-ip,medium,WHITE,ziyadnz/hourly-ipv4,ziyadnz|hourly,2026-08-17T18:48:05Z,2026-08-17T18:48:05Z,
47.84.138.13,ipv4,malicious-ip,medium,WHITE,ziyadnz/hourly-ipv4,ziyadnz|hourly,2026-08-17T18:48:05Z,2026-08-17T18:48:05Z,
47.84.138.136,ipv4,malicious-ip,medium,WHITE,ziyadnz/hourly-ipv4,ziyadnz|hourly,2026-08-17T18:48:05Z,2026-08-17T18:48:05Z,
47.84.138.15,ipv4,malicious-ip,medium,WHITE,ziyadnz/hourly-ipv4,ziyadnz|hourly,2026-08-17T18:48:05Z,2026-08-17T18:48:05Z,
47.84.138.180,ipv4,malicious-ip,medium,WHITE,ziyadnz/hourly-ipv4,ziyadnz|hourly,2026-08-17T18:48:05Z,2026-08-17T18:48:05Z,
47.84.138.189,ipv4,malicious-ip,medium,WHITE,ziyadnz/hourly-ipv4,ziyadnz|hourly,2026-08-17T18:48:05Z,2026-08-17T18:48:05Z,
47.84.138.195,ipv4,malicious-ip,medium,WHITE,ziyadnz/hourly-ipv4,ziyadnz|hourly,2026-08-17T18:48:05Z,2026-08-17T18:48:05Z,
47.84.138.210,ipv4,malicious-ip,medium,WHITE,ziyadnz/hourly-ipv4,ziyadnz|hourly,2026-08-17T18:48:05Z,2026-08-17T18:48:05Z,
47.84.138.222,ipv4,malicious-ip,medium,WHITE,ziyadnz/hourly-ipv4,ziyadnz|hourly,2026-08-17T18:48:05Z,2026-08-17T18:48:05Z,
47.84.138.3,ipv4,malicious-ip,medium,WHITE,ziyadnz/hourly-ipv4,ziyadnz|hourly,2026-08-17T18:48:05Z,2026-08-17T18:48:05Z,
47.84.138.34,ipv4,malicious-ip,medium,WHITE,ziyadnz/hourly-ipv4,ziyadnz|hourly,2026-08-17T18:48:05Z,2026-08-17T18:48:05Z,
47.84.138.72,ipv4,malicious-ip,medium,WHITE,ziyadnz/hourly-ipv4,ziyadnz|hourly,2026-08-17T18:48:05Z,2026-08-17T18:48:05Z,
47.84.139.117,ipv4,malicious-ip,medium,WHITE,ziyadnz/hourly-ipv4,ziyadnz|hourly,2026-08-17T18:48:05Z,2026-08-17T18:48:05Z,
47.84.139.133,ipv4,malicious-ip,medium,WHITE,ziyadnz/hourly-ipv4,ziyadnz|hourly,2026-08-17T18:48:05Z,2026-08-17T18:48:05Z,
47.84.139.144,ipv4,malicious-ip,medium,WHITE,ziyadnz/hourly-ipv4,ziyadnz|hourly,2026-08-17T18:48:05Z,2026-08-17T18:48:05Z,
47.84.139.148,ipv4,malicious-ip,medium,WHITE,ziyadnz/hourly-ipv4,ziyadnz|hourly,2026-08-17T18:48:05Z,2026-08-17T18:48:05Z,
47.84.139.158,ipv4,malicious-ip,medium,WHITE,ziyadnz/hourly-ipv4,ziyadnz|hourly,2026-08-17T18:48:05Z,2026-08-17T18:48:05Z,
47.84.139.171,ipv4,malicious-ip,medium,WHITE,ziyadnz/hourly-ipv4,ziyadnz|hourly,2026-08-17T18:48:05Z,2026-08-17T18:48:05Z,
47.84.139.182,ipv4,malicious-ip,medium,WHITE,ziyadnz/hourly-ipv4,ziyadnz|hourly,2026-08-17T18:48:05Z,2026-08-17T18:48:05Z,
47.84.139.198,ipv4,malicious-ip,medium,WHITE,ziyadnz/hourly-ipv4,ziyadnz|hourly,2026-08-17T18:48:05Z,2026-08-17T18:48:05Z,
47.84.139.203,ipv4,malicious-ip,medium,WHITE,ziyadnz/hourly-ipv4,ziyadnz|hourly,2026-08-17T18:48:05Z,2026-08-17T18:48:05Z,
47.84.139.254,ipv4,malicious-ip,medium,WHITE,ziyadnz/hourly-ipv4,ziyadnz|hourly,2026-08-17T18:48:05Z,2026-08-17T18:48:05Z,
47.84.139.61,ipv4,malicious-ip,medium,WHITE,ziyadnz/hourly-ipv4,ziyadnz|hourly,2026-08-17T18:48:05Z,2026-08-17T18:48:05Z,
47.84.139.77,ipv4,malicious-ip,medium,WHITE,ziyadnz/hourly-ipv4,ziyadnz|hourly,2026-08-17T18:48:05Z,2026-08-17T18:48:05Z,
47.84.139.86,ipv4,malicious-ip,medium,WHITE,ziyadnz/hourly-ipv4,ziyadnz|hourly,2026-08-17T18:48:05Z,2026-08-17T18:48:05Z,
47.84.140.0,ipv4,malicious-ip,medium,WHITE,ziyadnz/hourly-ipv4,ziyadnz|hourly,2026-08-17T18:48:05Z,2026-08-17T18:48:05Z,
47.84.140.114,ipv4,malicious-ip,medium,WHITE,ziyadnz/hourly-ipv4,ziyadnz|hourly,2026-08-17T18:48:05Z,2026-08-17T18:48:05Z,
47.84.140.132,ipv4,malicious-ip,medium,WHITE,ziyadnz/hourly-ipv4,ziyadnz|hourly,2026-08-17T18:48:05Z,2026-08-17T18:48:05Z,
47.84.140.139,ipv4,malicious-ip,medium,WHITE,ziyadnz/hourly-ipv4,ziyadnz|hourly,2026-08-17T18:48:05Z,2026-08-17T18:48:05Z,
47.84.140.143,ipv4,malicious-ip,medium,WHITE,ziyadnz/hourly-ipv4,ziyadnz|hourly,2026-08-17T18:48:05Z,2026-08-17T18:48:05Z,
47.84.140.156,ipv4,malicious-ip,medium,WHITE,ziyadnz/hourly-ipv4,ziyadnz|hourly,2026-08-17T18:48:05Z,2026-08-17T18:48:05Z,
47.84.140.197,ipv4,malicious-ip,medium,WHITE,ziyadnz/hourly-ipv4,ziyadnz|hourly,2026-08-17T18:48:05Z,2026-08-17T18:48:05Z,
47.84.140.213,ipv4,malicious-ip,medium,WHITE,ziyadnz/hourly-ipv4,ziyadnz|hourly,2026-08-17T18:48:05Z,2026-08-17T18:48:05Z,
47.84.140.233,ipv4,malicious-ip,medium,WHITE,ziyadnz/hourly-ipv4,ziyadnz|hourly,2026-08-17T18:48:05Z,2026-08-17T18:48:05Z,
47.84.140.29,ipv4,malicious-ip,medium,WHITE,ziyadnz/hourly-ipv4,ziyadnz|hourly,2026-08-17T18:48:05Z,2026-08-17T18:48:05Z,
47.84.140.3,ipv4,malicious-ip,medium,WHITE,ziyadnz/hourly-ipv4,ziyadnz|hourly,2026-08-17T18:48:05Z,2026-08-17T18:48:05Z,
47.84.140.62,ipv4,malicious-ip,medium,WHITE,ziyadnz/hourly-ipv4,ziyadnz|hourly,2026-08-17T18:48:05Z,2026-08-17T18:48:05Z,
47.84.140.69,ipv4,malicious-ip,medium,WHITE,ziyadnz/hourly-ipv4,ziyadnz|hourly,2026-08-17T18:48:05Z,2026-08-17T18:48:05Z,
47.84.140.90,ipv4,malicious-ip,medium,WHITE,ziyadnz/hourly-ipv4,ziyadnz|hourly,2026-08-17T18:48:05Z,2026-08-17T18:48:05Z,
47.84.141.101,ipv4,malicious-ip,medium,WHITE,ziyadnz/hourly-ipv4,ziyadnz|hourly,2026-08-17T18:48:05Z,2026-08-17T18:48:05Z,
47.84.141.104,ipv4,malicious-ip,medium,WHITE,ziyadnz/hourly-ipv4,ziyadnz|hourly,2026-08-17T18:48:05Z,2026-08-17T18:48:05Z,
47.84.141.109,ipv4,malicious-ip,medium,WHITE,ziyadnz/hourly-ipv4,ziyadnz|hourly,2026-08-17T18:48:05Z,2026-08-17T18:48:05Z,
47.84.141.113,ipv4,malicious-ip,medium,WHITE,ziyadnz/hourly-ipv4,ziyadnz|hourly,2026-08-17T18:48:05Z,2026-08-17T18:48:05Z,
47.84.141.125,ipv4,malicious-ip,medium,WHITE,ziyadnz/hourly-ipv4,ziyadnz|hourly,2026-08-17T18:48:05Z,2026-08-17T18:48:05Z,
47.84.141.126,ipv4,malicious-ip,medium,WHITE,ziyadnz/hourly-ipv4,ziyadnz|hourly,2026-08-17T18:48:05Z,2026-08-17T18:48:05Z,
47.84.141.13,ipv4,malicious-ip,medium,WHITE,ziyadnz/hourly-ipv4,ziyadnz|hourly,2026-08-17T18:48:05Z,2026-08-17T18:48:05Z,
47.84.141.156,ipv4,malicious-ip,medium,WHITE,ziyadnz/hourly-ipv4,ziyadnz|hourly,2026-08-17T18:48:05Z,2026-08-17T18:48:05Z,
47.84.141.208,ipv4,malicious-ip,medium,WHITE,ziyadnz/hourly-ipv4,ziyadnz|hourly,2026-08-17T18:48:05Z,2026-08-17T18:48:05Z,
47.84.141.248,ipv4,malicious-ip,medium,WHITE,ziyadnz/hourly-ipv4,ziyadnz|hourly,2026-08-17T18:48:05Z,2026-08-17T18:48:05Z,
47.84.141.25,ipv4,malicious-ip,medium,WHITE,ziyadnz/hourly-ipv4,ziyadnz|hourly,2026-08-17T18:48:05Z,2026-08-17T18:48:05Z,
47.84.141.4,ipv4,malicious-ip,medium,WHITE,ziyadnz/hourly-ipv4,ziyadnz|hourly,2026-08-17T18:48:05Z,2026-08-17T18:48:05Z,
47.84.141.50,ipv4,malicious-ip,medium,WHITE,ziyadnz/hourly-ipv4,ziyadnz|hourly,2026-08-17T18:48:05Z,2026-08-17T18:48:05Z,
47.84.141.66,ipv4,malicious-ip,medium,WHITE,ziyadnz/hourly-ipv4,ziyadnz|hourly,2026-08-17T18:48:05Z,2026-08-17T18:48:05Z,
47.84.142.124,ipv4,malicious-ip,medium,WHITE,ziyadnz/hourly-ipv4,ziyadnz|hourly,2026-08-17T18:48:05Z,2026-08-17T18:48:05Z,
47.84.142.164,ipv4,malicious-ip,medium,WHITE,ziyadnz/hourly-ipv4,ziyadnz|hourly,2026-08-17T18:48:05Z,2026-08-17T18:48:05Z,
47.84.142.177,ipv4,malicious-ip,medium,WHITE,ziyadnz/hourly-ipv4,ziyadnz|hourly,2026-08-17T18:48:05Z,2026-08-17T18:48:05Z,
47.84.142.19,ipv4,malicious-ip,medium,WHITE,ziyadnz/hourly-ipv4,ziyadnz|hourly,2026-08-17T18:48:05Z,2026-08-17T18:48:05Z,
47.84.142.238,ipv4,malicious-ip,medium,WHITE,ziyadnz/hourly-ipv4,ziyadnz|hourly,2026-08-17T18:48:05Z,2026-08-17T18:48:05Z,
47.84.142.249,ipv4,malicious-ip,medium,WHITE,ziyadnz/hourly-ipv4,ziyadnz|hourly,2026-08-17T18:48:05Z,2026-08-17T18:48:05Z,
47.84.142.62,ipv4,malicious-ip,medium,WHITE,ziyadnz/hourly-ipv4,ziyadnz|hourly,2026-08-17T18:48:05Z,2026-08-17T18:48:05Z,
47.84.142.63,ipv4,malicious-ip,medium,WHITE,ziyadnz/hourly-ipv4,ziyadnz|hourly,2026-08-17T18:48:05Z,2026-08-17T18:48:05Z,
47.84.142.92,ipv4,malicious-ip,medium,WHITE,ziyadnz/hourly-ipv4,ziyadnz|hourly,2026-08-17T18:48:05Z,2026-08-17T18:48:05Z,
47.84.143.105,ipv4,malicious-ip,medium,WHITE,ziyadnz/hourly-ipv4,ziyadnz|hourly,2026-08-17T18:48:05Z,2026-08-17T18:48:05Z,
47.84.143.119,ipv4,malicious-ip,medium,WHITE,ziyadnz/hourly-ipv4,ziyadnz|hourly,2026-08-17T18:48:05Z,2026-08-17T18:48:05Z,
47.84.143.120,ipv4,malicious-ip,medium,WHITE,ziyadnz/hourly-ipv4,ziyadnz|hourly,2026-08-17T18:48:05Z,2026-08-17T18:48:05Z,
47.84.143.123,ipv4,malicious-ip,medium,WHITE,ziyadnz/hourly-ipv4,ziyadnz|hourly,2026-08-17T18:48:05Z,2026-08-17T18:48:05Z,
47.84.143.126,ipv4,malicious-ip,medium,WHITE,ziyadnz/hourly-ipv4,ziyadnz|hourly,2026-08-17T18:48:05Z,2026-08-17T18:48:05Z,
47.84.143.141,ipv4,malicious-ip,medium,WHITE,ziyadnz/hourly-ipv4,ziyadnz|hourly,2026-08-17T18:48:05Z,2026-08-17T18:48:05Z,
47.84.143.145,ipv4,malicious-ip,medium,WHITE,ziyadnz/hourly-ipv4,ziyadnz|hourly,2026-08-17T18:48:05Z,2026-08-17T18:48:05Z,
47.84.143.16,ipv4,malicious-ip,medium,WHITE,ziyadnz/hourly-ipv4,ziyadnz|hourly,2026-08-17T18:48:05Z,2026-08-17T18:48:05Z,
47.84.143.187,ipv4,malicious-ip,medium,WHITE,ziyadnz/hourly-ipv4,ziyadnz|hourly,2026-08-17T18:48:05Z,2026-08-17T18:48:05Z,
47.84.143.191,ipv4,malicious-ip,medium,WHITE,ziyadnz/hourly-ipv4,ziyadnz|hourly,2026-08-17T18:48:05Z,2026-08-17T18:48:05Z,
47.84.143.193,ipv4,malicious-ip,medium,WHITE,ziyadnz/hourly-ipv4,ziyadnz|hourly,2026-08-17T18:48:05Z,2026-08-17T18:48:05Z,
47.84.143.211,ipv4,malicious-ip,medium,WHITE,ziyadnz/hourly-ipv4,ziyadnz|hourly,2026-08-17T18:48:05Z,2026-08-17T18:48:05Z,
47.84.143.221,ipv4,malicious-ip,medium,WHITE,ziyadnz/hourly-ipv4,ziyadnz|hourly,2026-08-17T18:48:05Z,2026-08-17T18:48:05Z,
47.84.143.228,ipv4,malicious-ip,medium,WHITE,ziyadnz/hourly-ipv4,ziyadnz|hourly,2026-08-17T18:48:05Z,2026-08-17T18:48:05Z,
47.84.143.233,ipv4,malicious-ip,medium,WHITE,ziyadnz/hourly-ipv4,ziyadnz|hourly,2026-08-17T18:48:05Z,2026-08-17T18:48:05Z,
47.84.143.237,ipv4,malicious-ip,medium,WHITE,ziyadnz/hourly-ipv4,ziyadnz|hourly,2026-08-17T18:48:05Z,2026-08-17T18:48:05Z,
47.84.143.247,ipv4,malicious-ip,medium,WHITE,ziyadnz/hourly-ipv4,ziyadnz|hourly,2026-08-17T18:48:05Z,2026-08-17T18:48:05Z,
47.84.143.45,ipv4,malicious-ip,medium,WHITE,ziyadnz/hourly-ipv4,ziyadnz|hourly,2026-08-17T18:48:05Z,2026-08-17T18:48:05Z,
47.84.143.65,ipv4,malicious-ip,medium,WHITE,ziyadnz/hourly-ipv4,ziyadnz|hourly,2026-08-17T18:48:05Z,2026-08-17T18:48:05Z,
47.84.143.69,ipv4,malicious-ip,medium,WHITE,ziyadnz/hourly-ipv4,ziyadnz|hourly,2026-08-17T18:48:05Z,2026-08-17T18:48:05Z,
47.84.143.88,ipv4,malicious-ip,medium,WHITE,ziyadnz/hourly-ipv4,ziyadnz|hourly,2026-08-17T18:48:05Z,2026-08-17T18:48:05Z,
47.84.176.81,ipv4,malicious-ip,medium,WHITE,ziyadnz/hourly-ipv4,ziyadnz|hourly,2026-08-17T18:48:05Z,2026-08-17T18:48:05Z,
47.84.177.15,ipv4,malicious-ip,medium,WHITE,ziyadnz/hourly-ipv4,ziyadnz|hourly,2026-08-17T18:48:05Z,2026-08-17T18:48:05Z,
47.84.180.120,ipv4,malicious-ip,medium,WHITE,ziyadnz/hourly-ipv4,ziyadnz|hourly,2026-08-17T18:48:05Z,2026-08-17T18:48:05Z,
47.84.181.80,ipv4,malicious-ip,medium,WHITE,ziyadnz/hourly-ipv4,ziyadnz|hourly,2026-08-17T18:48:05Z,2026-08-17T18:48:05Z,
47.84.183.3,ipv4,malicious-ip,medium,WHITE,ziyadnz/hourly-ipv4,ziyadnz|hourly,2026-08-17T18:48:05Z,2026-08-17T18:48:05Z,
47.84.184.133,ipv4,malicious-ip,medium,WHITE,ziyadnz/hourly-ipv4,ziyadnz|hourly,2026-08-17T18:48:05Z,2026-08-17T18:48:05Z,
47.84.186.19,ipv4,malicious-ip,medium,WHITE,ziyadnz/hourly-ipv4,ziyadnz|hourly,2026-08-17T18:48:05Z,2026-08-17T18:48:05Z,
47.84.188.205,ipv4,malicious-ip,medium,WHITE,ziyadnz/hourly-ipv4,ziyadnz|hourly,2026-08-17T18:48:05Z,2026-08-17T18:48:05Z,
47.84.188.3,ipv4,malicious-ip,medium,WHITE,ziyadnz/hourly-ipv4,ziyadnz|hourly,2026-08-17T18:48:05Z,2026-08-17T18:48:05Z,
47.84.19.193,ipv4,malicious-ip,medium,WHITE,ziyadnz/hourly-ipv4,ziyadnz|hourly,2026-08-17T18:48:05Z,2026-08-17T18:48:05Z,
47.84.190.146,ipv4,malicious-ip,medium,WHITE,ziyadnz/hourly-ipv4,ziyadnz|hourly,2026-08-17T18:48:05Z,2026-08-17T18:48:05Z,
47.84.190.188,ipv4,malicious-ip,medium,WHITE,ziyadnz/hourly-ipv4,ziyadnz|hourly,2026-08-17T18:48:05Z,2026-08-17T18:48:05Z,
47.84.191.187,ipv4,malicious-ip,medium,WHITE,ziyadnz/hourly-ipv4,ziyadnz|hourly,2026-08-17T18:48:05Z,2026-08-17T18:48:05Z,
47.84.191.52,ipv4,malicious-ip,medium,WHITE,ziyadnz/hourly-ipv4,ziyadnz|hourly,2026-08-17T18:48:05Z,2026-08-17T18:48:05Z,
47.84.191.55,ipv4,malicious-ip,medium,WHITE,ziyadnz/hourly-ipv4,ziyadnz|hourly,2026-08-17T18:48:05Z,2026-08-17T18:48:05Z,
47.84.192.145,ipv4,malicious-ip,medium,WHITE,ziyadnz/hourly-ipv4,ziyadnz|hourly,2026-08-17T18:48:05Z,2026-08-17T18:48:05Z,
47.84.192.7,ipv4,malicious-ip,medium,WHITE,ziyadnz/hourly-ipv4,ziyadnz|hourly,2026-08-17T18:48:05Z,2026-08-17T18:48:05Z,
47.84.193.112,ipv4,malicious-ip,medium,WHITE,ziyadnz/hourly-ipv4,ziyadnz|hourly,2026-08-17T18:48:05Z,2026-08-17T18:48:05Z,
47.84.194.167,ipv4,malicious-ip,medium,WHITE,ziyadnz/hourly-ipv4,ziyadnz|hourly,2026-08-17T18:48:05Z,2026-08-17T18:48:05Z,
47.84.194.245,ipv4,malicious-ip,medium,WHITE,ziyadnz/hourly-ipv4,ziyadnz|hourly,2026-08-17T18:48:05Z,2026-08-17T18:48:05Z,
47.84.194.26,ipv4,malicious-ip,medium,WHITE,ziyadnz/hourly-ipv4,ziyadnz|hourly,2026-08-17T18:48:05Z,2026-08-17T18:48:05Z,
47.84.196.143,ipv4,malicious-ip,medium,WHITE,ziyadnz/hourly-ipv4,ziyadnz|hourly,2026-08-17T18:48:05Z,2026-08-17T18:48:05Z,
47.84.197.51,ipv4,malicious-ip,medium,WHITE,ziyadnz/hourly-ipv4,ziyadnz|hourly,2026-08-17T18:48:05Z,2026-08-17T18:48:05Z,
47.84.197.66,ipv4,malicious-ip,medium,WHITE,ziyadnz/hourly-ipv4,ziyadnz|hourly,2026-08-17T18:48:05Z,2026-08-17T18:48:05Z,
47.84.198.110,ipv4,malicious-ip,medium,WHITE,ziyadnz/hourly-ipv4,ziyadnz|hourly,2026-08-17T18:48:05Z,2026-08-17T18:48:05Z,
47.84.198.117,ipv4,malicious-ip,medium,WHITE,ziyadnz/hourly-ipv4,ziyadnz|hourly,2026-08-17T18:48:05Z,2026-08-17T18:48:05Z,
47.84.199.160,ipv4,malicious-ip,medium,WHITE,ziyadnz/hourly-ipv4,ziyadnz|hourly,2026-08-17T18:48:05Z,2026-08-17T18:48:05Z,
47.84.20.219,ipv4,malicious-ip,medium,WHITE,ziyadnz/hourly-ipv4,ziyadnz|hourly,2026-08-17T18:48:05Z,2026-08-17T18:48:05Z,
47.84.200.119,ipv4,malicious-ip,medium,WHITE,ziyadnz/hourly-ipv4,ziyadnz|hourly,2026-08-17T18:48:05Z,2026-08-17T18:48:05Z,
47.84.200.188,ipv4,malicious-ip,medium,WHITE,ziyadnz/hourly-ipv4,ziyadnz|hourly,2026-08-17T18:48:05Z,2026-08-17T18:48:05Z,
47.84.200.9,ipv4,malicious-ip,medium,WHITE,ziyadnz/hourly-ipv4,ziyadnz|hourly,2026-08-17T18:48:05Z,2026-08-17T18:48:05Z,
47.84.201.241,ipv4,malicious-ip,medium,WHITE,ziyadnz/hourly-ipv4,ziyadnz|hourly,2026-08-17T18:48:05Z,2026-08-17T18:48:05Z,
47.84.202.133,ipv4,malicious-ip,medium,WHITE,ziyadnz/hourly-ipv4,ziyadnz|hourly,2026-08-17T18:48:05Z,2026-08-17T18:48:05Z,
47.84.202.173,ipv4,malicious-ip,medium,WHITE,ziyadnz/hourly-ipv4,ziyadnz|hourly,2026-08-17T18:48:05Z,2026-08-17T18:48:05Z,
47.84.203.120,ipv4,malicious-ip,medium,WHITE,ziyadnz/hourly-ipv4,ziyadnz|hourly,2026-08-17T18:48:05Z,2026-08-17T18:48:05Z,
47.84.203.136,ipv4,malicious-ip,medium,WHITE,ziyadnz/hourly-ipv4,ziyadnz|hourly,2026-08-17T18:48:05Z,2026-08-17T18:48:05Z,
47.84.203.194,ipv4,malicious-ip,medium,WHITE,ziyadnz/hourly-ipv4,ziyadnz|hourly,2026-08-17T18:48:05Z,2026-08-17T18:48:05Z,
47.84.203.213,ipv4,malicious-ip,medium,WHITE,ziyadnz/hourly-ipv4,ziyadnz|hourly,2026-08-17T18:48:05Z,2026-08-17T18:48:05Z,
47.84.203.235,ipv4,malicious-ip,medium,WHITE,ziyadnz/hourly-ipv4,ziyadnz|hourly,2026-08-17T18:48:05Z,2026-08-17T18:48:05Z,
47.84.203.75,ipv4,malicious-ip,medium,WHITE,ziyadnz/hourly-ipv4,ziyadnz|hourly,2026-08-17T18:48:05Z,2026-08-17T18:48:05Z,
47.84.203.86,ipv4,malicious-ip,medium,WHITE,ziyadnz/hourly-ipv4,ziyadnz|hourly,2026-08-17T18:48:05Z,2026-08-17T18:48:05Z,
47.84.204.129,ipv4,malicious-ip,medium,WHITE,ziyadnz/hourly-ipv4,ziyadnz|hourly,2026-08-17T18:48:05Z,2026-08-17T18:48:05Z,
47.84.204.140,ipv4,malicious-ip,medium,WHITE,ziyadnz/hourly-ipv4,ziyadnz|hourly,2026-08-17T18:48:05Z,2026-08-17T18:48:05Z,
47.84.204.145,ipv4,malicious-ip,medium,WHITE,ziyadnz/hourly-ipv4,ziyadnz|hourly,2026-08-17T18:48:05Z,2026-08-17T18:48:05Z,
47.84.204.223,ipv4,malicious-ip,medium,WHITE,ziyadnz/hourly-ipv4,ziyadnz|hourly,2026-08-17T18:48:05Z,2026-08-17T18:48:05Z,
47.84.204.29,ipv4,malicious-ip,medium,WHITE,ziyadnz/hourly-ipv4,ziyadnz|hourly,2026-08-17T18:48:05Z,2026-08-17T18:48:05Z,
47.84.204.63,ipv4,malicious-ip,medium,WHITE,ziyadnz/hourly-ipv4,ziyadnz|hourly,2026-08-17T18:48:05Z,2026-08-17T18:48:05Z,
47.84.204.88,ipv4,malicious-ip,medium,WHITE,ziyadnz/hourly-ipv4,ziyadnz|hourly,2026-08-17T18:48:05Z,2026-08-17T18:48:05Z,
47.84.204.99,ipv4,malicious-ip,medium,WHITE,ziyadnz/hourly-ipv4,ziyadnz|hourly,2026-08-17T18:48:05Z,2026-08-17T18:48:05Z,
47.84.205.113,ipv4,malicious-ip,medium,WHITE,ziyadnz/hourly-ipv4,ziyadnz|hourly,2026-08-17T18:48:05Z,2026-08-17T18:48:05Z,
47.84.205.157,ipv4,malicious-ip,medium,WHITE,ziyadnz/hourly-ipv4,ziyadnz|hourly,2026-08-17T18:48:05Z,2026-08-17T18:48:05Z,
47.84.205.162,ipv4,malicious-ip,medium,WHITE,ziyadnz/hourly-ipv4,ziyadnz|hourly,2026-08-17T18:48:05Z,2026-08-17T18:48:05Z,
47.84.205.165,ipv4,malicious-ip,medium,WHITE,ziyadnz/hourly-ipv4,ziyadnz|hourly,2026-08-17T18:48:05Z,2026-08-17T18:48:05Z,
47.84.205.167,ipv4,malicious-ip,medium,WHITE,ziyadnz/hourly-ipv4,ziyadnz|hourly,2026-08-17T18:48:05Z,2026-08-17T18:48:05Z,
47.84.205.209,ipv4,malicious-ip,medium,WHITE,ziyadnz/hourly-ipv4,ziyadnz|hourly,2026-08-17T18:48:05Z,2026-08-17T18:48:05Z,
47.84.205.222,ipv4,malicious-ip,medium,WHITE,ziyadnz/hourly-ipv4,ziyadnz|hourly,2026-08-17T18:48:05Z,2026-08-17T18:48:05Z,
47.84.206.155,ipv4,malicious-ip,medium,WHITE,ziyadnz/hourly-ipv4,ziyadnz|hourly,2026-08-17T18:48:05Z,2026-08-17T18:48:05Z,
47.84.206.186,ipv4,malicious-ip,medium,WHITE,ziyadnz/hourly-ipv4,ziyadnz|hourly,2026-08-17T18:48:05Z,2026-08-17T18:48:05Z,
47.84.206.194,ipv4,malicious-ip,medium,WHITE,ziyadnz/hourly-ipv4,ziyadnz|hourly,2026-08-17T18:48:05Z,2026-08-17T18:48:05Z,
47.84.206.196,ipv4,malicious-ip,medium,WHITE,ziyadnz/hourly-ipv4,ziyadnz|hourly,2026-08-17T18:48:05Z,2026-08-17T18:48:05Z,
47.84.206.215,ipv4,malicious-ip,medium,WHITE,ziyadnz/hourly-ipv4,ziyadnz|hourly,2026-08-17T18:48:05Z,2026-08-17T18:48:05Z,
47.84.206.235,ipv4,malicious-ip,medium,WHITE,ziyadnz/hourly-ipv4,ziyadnz|hourly,2026-08-17T18:48:05Z,2026-08-17T18:48:05Z,
47.84.207.14,ipv4,malicious-ip,medium,WHITE,ziyadnz/hourly-ipv4,ziyadnz|hourly,2026-08-17T18:48:05Z,2026-08-17T18:48:05Z,
47.84.207.145,ipv4,malicious-ip,medium,WHITE,ziyadnz/hourly-ipv4,ziyadnz|hourly,2026-08-17T18:48:05Z,2026-08-17T18:48:05Z,
47.84.207.157,ipv4,malicious-ip,medium,WHITE,ziyadnz/hourly-ipv4,ziyadnz|hourly,2026-08-17T18:48:05Z,2026-08-17T18:48:05Z,
47.84.207.179,ipv4,malicious-ip,medium,WHITE,ziyadnz/hourly-ipv4,ziyadnz|hourly,2026-08-17T18:48:05Z,2026-08-17T18:48:05Z,
47.84.207.192,ipv4,malicious-ip,medium,WHITE,ziyadnz/hourly-ipv4,ziyadnz|hourly,2026-08-17T18:48:05Z,2026-08-17T18:48:05Z,
47.84.207.236,ipv4,malicious-ip,medium,WHITE,ziyadnz/hourly-ipv4,ziyadnz|hourly,2026-08-17T18:48:05Z,2026-08-17T18:48:05Z,
47.84.207.240,ipv4,malicious-ip,medium,WHITE,ziyadnz/hourly-ipv4,ziyadnz|hourly,2026-08-17T18:48:05Z,2026-08-17T18:48:05Z,
47.84.207.245,ipv4,malicious-ip,medium,WHITE,ziyadnz/hourly-ipv4,ziyadnz|hourly,2026-08-17T18:48:05Z,2026-08-17T18:48:05Z,
47.84.207.3,ipv4,malicious-ip,medium,WHITE,ziyadnz/hourly-ipv4,ziyadnz|hourly,2026-08-17T18:48:05Z,2026-08-17T18:48:05Z,
47.84.207.58,ipv4,malicious-ip,medium,WHITE,ziyadnz/hourly-ipv4,ziyadnz|hourly,2026-08-17T18:48:05Z,2026-08-17T18:48:05Z,
47.84.207.87,ipv4,malicious-ip,medium,WHITE,ziyadnz/hourly-ipv4,ziyadnz|hourly,2026-08-17T18:48:05Z,2026-08-17T18:48:05Z,
47.84.49.122,ipv4,malicious-ip,medium,WHITE,ziyadnz/hourly-ipv4,ziyadnz|hourly,2026-08-17T18:48:05Z,2026-08-17T18:48:05Z,
47.84.53.150,ipv4,malicious-ip,medium,WHITE,ziyadnz/hourly-ipv4,ziyadnz|hourly,2026-08-17T18:48:05Z,2026-08-17T18:48:05Z,
47.84.7.211,ipv4,malicious-ip,medium,WHITE,ziyadnz/hourly-ipv4,ziyadnz|hourly,2026-08-17T18:48:05Z,2026-08-17T18:48:05Z,
47.84.71.1,ipv4,malicious-ip,medium,WHITE,ziyadnz/hourly-ipv4,ziyadnz|hourly,2026-08-17T18:48:05Z,2026-08-17T18:48:05Z,
47.84.79.46,ipv4,malicious-ip,medium,WHITE,ziyadnz/hourly-ipv4,ziyadnz|hourly,2026-08-17T18:48:05Z,2026-08-17T18:48:05Z,
47.84.80.194,ipv4,malicious-ip,medium,WHITE,ziyadnz/hourly-ipv4,ziyadnz|hourly,2026-08-17T18:48:05Z,2026-08-17T18:48:05Z,
47.84.82.8,ipv4,malicious-ip,medium,WHITE,ziyadnz/hourly-ipv4,ziyadnz|hourly,2026-08-17T18:48:05Z,2026-08-17T18:48:05Z,
47.84.84.222,ipv4,malicious-ip,medium,WHITE,ziyadnz/hourly-ipv4,ziyadnz|hourly,2026-08-17T18:48:05Z,2026-08-17T18:48:05Z,
47.84.99.80,ipv4,malicious-ip,medium,WHITE,ziyadnz/hourly-ipv4,ziyadnz|hourly,2026-08-17T18:48:05Z,2026-08-17T18:48:05Z,
47.85.196.221,ipv4,malicious-ip,medium,WHITE,ziyadnz/hourly-ipv4,ziyadnz|hourly,2026-08-17T18:48:05Z,2026-08-17T18:48:05Z,
47.85.208.215,ipv4,malicious-ip,medium,WHITE,ziyadnz/hourly-ipv4,ziyadnz|hourly,2026-08-17T18:48:05Z,2026-08-17T18:48:05Z,
47.85.220.186,ipv4,malicious-ip,medium,WHITE,ziyadnz/hourly-ipv4,ziyadnz|hourly,2026-08-17T18:48:05Z,2026-08-17T18:48:05Z,
47.85.47.96,ipv4,malicious-ip,medium,WHITE,ziyadnz/hourly-ipv4,ziyadnz|hourly,2026-08-17T18:48:05Z,2026-08-17T18:48:05Z,
47.85.51.12,ipv4,malicious-ip,medium,WHITE,ziyadnz/hourly-ipv4,ziyadnz|hourly,2026-08-17T18:48:05Z,2026-08-17T18:48:05Z,
47.86.11.158,ipv4,malicious-ip,medium,WHITE,ziyadnz/hourly-ipv4,ziyadnz|hourly,2026-08-17T18:48:05Z,2026-08-17T18:48:05Z,
47.86.14.22,ipv4,malicious-ip,medium,WHITE,ziyadnz/hourly-ipv4,ziyadnz|hourly,2026-08-17T18:48:05Z,2026-08-17T18:48:05Z,
47.86.171.75,ipv4,malicious-ip,medium,WHITE,ziyadnz/hourly-ipv4,ziyadnz|hourly,2026-08-17T18:48:05Z,2026-08-17T18:48:05Z,
47.86.179.73,ipv4,malicious-ip,medium,WHITE,ziyadnz/hourly-ipv4,ziyadnz|hourly,2026-08-17T18:48:05Z,2026-08-17T18:48:05Z,
47.86.184.244,ipv4,malicious-ip,medium,WHITE,ziyadnz/hourly-ipv4,ziyadnz|hourly,2026-08-17T18:48:05Z,2026-08-17T18:48:05Z,
47.86.191.1,ipv4,malicious-ip,medium,WHITE,ziyadnz/hourly-ipv4,ziyadnz|hourly,2026-08-17T18:48:05Z,2026-08-17T18:48:05Z,
47.86.196.205,ipv4,malicious-ip,medium,WHITE,ziyadnz/hourly-ipv4,ziyadnz|hourly,2026-08-17T18:48:05Z,2026-08-17T18:48:05Z,
47.86.227.10,ipv4,malicious-ip,medium,WHITE,ziyadnz/hourly-ipv4,ziyadnz|hourly,2026-08-17T18:48:05Z,2026-08-17T18:48:05Z,
47.86.33.195,ipv4,malicious-ip,medium,WHITE,ziyadnz/hourly-ipv4,ziyadnz|hourly,2026-08-17T18:48:05Z,2026-08-17T18:48:05Z,
47.86.48.71,ipv4,malicious-ip,medium,WHITE,ziyadnz/hourly-ipv4,ziyadnz|hourly,2026-08-17T18:48:05Z,2026-08-17T18:48:05Z,
47.86.82.173,ipv4,malicious-ip,medium,WHITE,ziyadnz/hourly-ipv4,ziyadnz|hourly,2026-08-17T18:48:05Z,2026-08-17T18:48:05Z,
47.88.0.49,ipv4,malicious-ip,medium,WHITE,ziyadnz/hourly-ipv4,ziyadnz|hourly,2026-08-17T18:48:05Z,2026-08-17T18:48:05Z,
47.88.1.163,ipv4,malicious-ip,medium,WHITE,ziyadnz/hourly-ipv4,ziyadnz|hourly,2026-08-17T18:48:05Z,2026-08-17T18:48:05Z,
47.88.1.185,ipv4,malicious-ip,medium,WHITE,ziyadnz/hourly-ipv4,ziyadnz|hourly,2026-08-17T18:48:05Z,2026-08-17T18:48:05Z,
47.88.10.250,ipv4,malicious-ip,medium,WHITE,ziyadnz/hourly-ipv4,ziyadnz|hourly,2026-08-17T18:48:05Z,2026-08-17T18:48:05Z,
47.88.100.101,ipv4,malicious-ip,medium,WHITE,ziyadnz/hourly-ipv4,ziyadnz|hourly,2026-08-17T18:48:05Z,2026-08-17T18:48:05Z,
47.88.104.94,ipv4,malicious-ip,medium,WHITE,ziyadnz/hourly-ipv4,ziyadnz|hourly,2026-08-17T18:48:05Z,2026-08-17T18:48:05Z,
47.88.12.190,ipv4,malicious-ip,medium,WHITE,ziyadnz/hourly-ipv4,ziyadnz|hourly,2026-08-17T18:48:05Z,2026-08-17T18:48:05Z,
47.88.15.30,ipv4,malicious-ip,medium,WHITE,ziyadnz/hourly-ipv4,ziyadnz|hourly,2026-08-17T18:48:05Z,2026-08-17T18:48:05Z,
47.88.17.203,ipv4,malicious-ip,medium,WHITE,ziyadnz/hourly-ipv4,ziyadnz|hourly,2026-08-17T18:48:05Z,2026-08-17T18:48:05Z,
47.88.18.115,ipv4,malicious-ip,medium,WHITE,ziyadnz/hourly-ipv4,ziyadnz|hourly,2026-08-17T18:48:05Z,2026-08-17T18:48:05Z,
47.88.19.130,ipv4,malicious-ip,medium,WHITE,ziyadnz/hourly-ipv4,ziyadnz|hourly,2026-08-17T18:48:05Z,2026-08-17T18:48:05Z,
47.88.190.200,ipv4,malicious-ip,medium,WHITE,ziyadnz/hourly-ipv4,ziyadnz|hourly,2026-08-17T18:48:05Z,2026-08-17T18:48:05Z,
47.88.2.147,ipv4,malicious-ip,medium,WHITE,ziyadnz/hourly-ipv4,ziyadnz|hourly,2026-08-17T18:48:05Z,2026-08-17T18:48:05Z,
47.88.20.3,ipv4,malicious-ip,medium,WHITE,ziyadnz/hourly-ipv4,ziyadnz|hourly,2026-08-17T18:48:05Z,2026-08-17T18:48:05Z,
47.88.21.252,ipv4,malicious-ip,medium,WHITE,ziyadnz/hourly-ipv4,ziyadnz|hourly,2026-08-17T18:48:05Z,2026-08-17T18:48:05Z,
47.88.245.162,ipv4,malicious-ip,medium,WHITE,ziyadnz/hourly-ipv4,ziyadnz|hourly,2026-08-17T18:48:05Z,2026-08-17T18:48:05Z,
47.88.246.111,ipv4,malicious-ip,medium,WHITE,ziyadnz/hourly-ipv4,ziyadnz|hourly,2026-08-17T18:48:05Z,2026-08-17T18:48:05Z,
47.88.28.30,ipv4,malicious-ip,medium,WHITE,ziyadnz/hourly-ipv4,ziyadnz|hourly,2026-08-17T18:48:05Z,2026-08-17T18:48:05Z,
47.88.29.116,ipv4,malicious-ip,medium,WHITE,ziyadnz/hourly-ipv4,ziyadnz|hourly,2026-08-17T18:48:05Z,2026-08-17T18:48:05Z,
47.88.29.50,ipv4,malicious-ip,medium,WHITE,ziyadnz/hourly-ipv4,ziyadnz|hourly,2026-08-17T18:48:05Z,2026-08-17T18:48:05Z,
47.88.3.142,ipv4,malicious-ip,medium,WHITE,ziyadnz/hourly-ipv4,ziyadnz|hourly,2026-08-17T18:48:05Z,2026-08-17T18:48:05Z,
47.88.3.154,ipv4,malicious-ip,medium,WHITE,ziyadnz/hourly-ipv4,ziyadnz|hourly,2026-08-17T18:48:05Z,2026-08-17T18:48:05Z,
47.88.3.88,ipv4,malicious-ip,medium,WHITE,ziyadnz/hourly-ipv4,ziyadnz|hourly,2026-08-17T18:48:05Z,2026-08-17T18:48:05Z,
47.88.31.236,ipv4,malicious-ip,medium,WHITE,ziyadnz/hourly-ipv4,ziyadnz|hourly,2026-08-17T18:48:05Z,2026-08-17T18:48:05Z,
47.88.35.107,ipv4,malicious-ip,medium,WHITE,ziyadnz/hourly-ipv4,ziyadnz|hourly,2026-08-17T18:48:05Z,2026-08-17T18:48:05Z,
47.88.35.29,ipv4,malicious-ip,medium,WHITE,ziyadnz/hourly-ipv4,ziyadnz|hourly,2026-08-17T18:48:05Z,2026-08-17T18:48:05Z,
47.88.48.113,ipv4,malicious-ip,medium,WHITE,ziyadnz/hourly-ipv4,ziyadnz|hourly,2026-08-17T18:48:05Z,2026-08-17T18:48:05Z,
47.88.48.203,ipv4,malicious-ip,medium,WHITE,ziyadnz/hourly-ipv4,ziyadnz|hourly,2026-08-17T18:48:05Z,2026-08-17T18:48:05Z,
47.88.48.236,ipv4,malicious-ip,medium,WHITE,ziyadnz/hourly-ipv4,ziyadnz|hourly,2026-08-17T18:48:05Z,2026-08-17T18:48:05Z,
47.88.49.239,ipv4,malicious-ip,medium,WHITE,ziyadnz/hourly-ipv4,ziyadnz|hourly,2026-08-17T18:48:05Z,2026-08-17T18:48:05Z,
47.88.5.131,ipv4,malicious-ip,medium,WHITE,ziyadnz/hourly-ipv4,ziyadnz|hourly,2026-08-17T18:48:05Z,2026-08-17T18:48:05Z,
47.88.53.172,ipv4,malicious-ip,medium,WHITE,ziyadnz/hourly-ipv4,ziyadnz|hourly,2026-08-17T18:48:05Z,2026-08-17T18:48:05Z,
47.88.54.171,ipv4,malicious-ip,medium,WHITE,ziyadnz/hourly-ipv4,ziyadnz|hourly,2026-08-17T18:48:05Z,2026-08-17T18:48:05Z,
47.88.54.220,ipv4,malicious-ip,medium,WHITE,ziyadnz/hourly-ipv4,ziyadnz|hourly,2026-08-17T18:48:05Z,2026-08-17T18:48:05Z,
47.88.55.180,ipv4,malicious-ip,medium,WHITE,ziyadnz/hourly-ipv4,ziyadnz|hourly,2026-08-17T18:48:05Z,2026-08-17T18:48:05Z,
47.88.56.38,ipv4,malicious-ip,medium,WHITE,ziyadnz/hourly-ipv4,ziyadnz|hourly,2026-08-17T18:48:05Z,2026-08-17T18:48:05Z,
47.88.57.240,ipv4,malicious-ip,medium,WHITE,ziyadnz/hourly-ipv4,ziyadnz|hourly,2026-08-17T18:48:05Z,2026-08-17T18:48:05Z,
47.88.58.42,ipv4,malicious-ip,medium,WHITE,ziyadnz/hourly-ipv4,ziyadnz|hourly,2026-08-17T18:48:05Z,2026-08-17T18:48:05Z,
47.88.59.71,ipv4,malicious-ip,medium,WHITE,ziyadnz/hourly-ipv4,ziyadnz|hourly,2026-08-17T18:48:05Z,2026-08-17T18:48:05Z,
47.88.66.103,ipv4,malicious-ip,medium,WHITE,ziyadnz/hourly-ipv4,ziyadnz|hourly,2026-08-17T18:48:05Z,2026-08-17T18:48:05Z,
47.88.7.35,ipv4,malicious-ip,medium,WHITE,ziyadnz/hourly-ipv4,ziyadnz|hourly,2026-08-17T18:48:05Z,2026-08-17T18:48:05Z,
47.88.77.140,ipv4,malicious-ip,medium,WHITE,ziyadnz/hourly-ipv4,ziyadnz|hourly,2026-08-17T18:48:05Z,2026-08-17T18:48:05Z,
47.88.78.4,ipv4,malicious-ip,medium,WHITE,ziyadnz/hourly-ipv4,ziyadnz|hourly,2026-08-17T18:48:05Z,2026-08-17T18:48:05Z,
47.88.78.6,ipv4,malicious-ip,medium,WHITE,ziyadnz/hourly-ipv4,ziyadnz|hourly,2026-08-17T18:48:05Z,2026-08-17T18:48:05Z,
47.88.8.116,ipv4,malicious-ip,medium,WHITE,ziyadnz/hourly-ipv4,ziyadnz|hourly,2026-08-17T18:48:05Z,2026-08-17T18:48:05Z,
47.88.84.106,ipv4,malicious-ip,medium,WHITE,ziyadnz/hourly-ipv4,ziyadnz|hourly,2026-08-17T18:48:05Z,2026-08-17T18:48:05Z,
47.88.84.136,ipv4,malicious-ip,medium,WHITE,ziyadnz/hourly-ipv4,ziyadnz|hourly,2026-08-17T18:48:05Z,2026-08-17T18:48:05Z,
47.88.84.25,ipv4,malicious-ip,medium,WHITE,ziyadnz/hourly-ipv4,ziyadnz|hourly,2026-08-17T18:48:05Z,2026-08-17T18:48:05Z,
47.88.86.63,ipv4,malicious-ip,medium,WHITE,ziyadnz/hourly-ipv4,ziyadnz|hourly,2026-08-17T18:48:05Z,2026-08-17T18:48:05Z,
47.88.89.31,ipv4,malicious-ip,medium,WHITE,ziyadnz/hourly-ipv4,ziyadnz|hourly,2026-08-17T18:48:05Z,2026-08-17T18:48:05Z,
47.88.9.192,ipv4,malicious-ip,medium,WHITE,ziyadnz/hourly-ipv4,ziyadnz|hourly,2026-08-17T18:48:05Z,2026-08-17T18:48:05Z,
47.88.90.74,ipv4,malicious-ip,medium,WHITE,ziyadnz/hourly-ipv4,ziyadnz|hourly,2026-08-17T18:48:05Z,2026-08-17T18:48:05Z,
47.88.91.145,ipv4,malicious-ip,medium,WHITE,ziyadnz/hourly-ipv4,ziyadnz|hourly,2026-08-17T18:48:05Z,2026-08-17T18:48:05Z,
47.88.93.201,ipv4,malicious-ip,medium,WHITE,ziyadnz/hourly-ipv4,ziyadnz|hourly,2026-08-17T18:48:05Z,2026-08-17T18:48:05Z,
47.88.94.159,ipv4,malicious-ip,medium,WHITE,ziyadnz/hourly-ipv4,ziyadnz|hourly,2026-08-17T18:48:05Z,2026-08-17T18:48:05Z,
47.88.94.161,ipv4,malicious-ip,medium,WHITE,ziyadnz/hourly-ipv4,ziyadnz|hourly,2026-08-17T18:48:05Z,2026-08-17T18:48:05Z,
47.88.94.171,ipv4,malicious-ip,medium,WHITE,ziyadnz/hourly-ipv4,ziyadnz|hourly,2026-08-17T18:48:05Z,2026-08-17T18:48:05Z,
47.88.94.28,ipv4,malicious-ip,medium,WHITE,ziyadnz/hourly-ipv4,ziyadnz|hourly,2026-08-17T18:48:05Z,2026-08-17T18:48:05Z,
47.89.148.254,ipv4,malicious-ip,medium,WHITE,ziyadnz/hourly-ipv4,ziyadnz|hourly,2026-08-17T18:48:05Z,2026-08-17T18:48:05Z,
47.89.154.16,ipv4,malicious-ip,medium,WHITE,ziyadnz/hourly-ipv4,ziyadnz|hourly,2026-08-17T18:48:05Z,2026-08-17T18:48:05Z,
47.89.173.214,ipv4,malicious-ip,medium,WHITE,ziyadnz/hourly-ipv4,ziyadnz|hourly,2026-08-17T18:48:05Z,2026-08-17T18:48:05Z,
47.89.192.23,ipv4,malicious-ip,medium,WHITE,ziyadnz/hourly-ipv4,ziyadnz|hourly,2026-08-17T18:48:05Z,2026-08-17T18:48:05Z,
47.89.192.29,ipv4,malicious-ip,medium,WHITE,ziyadnz/hourly-ipv4,ziyadnz|hourly,2026-08-17T18:48:05Z,2026-08-17T18:48:05Z,
47.89.192.3,ipv4,malicious-ip,medium,WHITE,ziyadnz/hourly-ipv4,ziyadnz|hourly,2026-08-17T18:48:05Z,2026-08-17T18:48:05Z,
47.89.193.150,ipv4,malicious-ip,medium,WHITE,ziyadnz/hourly-ipv4,ziyadnz|hourly,2026-08-17T18:48:05Z,2026-08-17T18:48:05Z,
47.89.193.162,ipv4,malicious-ip,medium,WHITE,ziyadnz/hourly-ipv4,ziyadnz|hourly,2026-08-17T18:48:05Z,2026-08-17T18:48:05Z,
47.89.193.63,ipv4,malicious-ip,medium,WHITE,ziyadnz/hourly-ipv4,ziyadnz|hourly,2026-08-17T18:48:05Z,2026-08-17T18:48:05Z,
47.89.193.98,ipv4,malicious-ip,medium,WHITE,ziyadnz/hourly-ipv4,ziyadnz|hourly,2026-08-17T18:48:05Z,2026-08-17T18:48:05Z,
47.89.195.210,ipv4,malicious-ip,medium,WHITE,ziyadnz/hourly-ipv4,ziyadnz|hourly,2026-08-17T18:48:05Z,2026-08-17T18:48:05Z,
47.89.211.155,ipv4,malicious-ip,medium,WHITE,ziyadnz/hourly-ipv4,ziyadnz|hourly,2026-08-17T18:48:05Z,2026-08-17T18:48:05Z,
47.89.225.161,ipv4,malicious-ip,medium,WHITE,ziyadnz/hourly-ipv4,ziyadnz|hourly,2026-08-17T18:48:05Z,2026-08-17T18:48:05Z,
47.89.225.243,ipv4,malicious-ip,medium,WHITE,ziyadnz/hourly-ipv4,ziyadnz|hourly,2026-08-17T18:48:05Z,2026-08-17T18:48:05Z,
47.89.228.142,ipv4,malicious-ip,medium,WHITE,ziyadnz/hourly-ipv4,ziyadnz|hourly,2026-08-17T18:48:05Z,2026-08-17T18:48:05Z,
47.89.230.198,ipv4,malicious-ip,medium,WHITE,ziyadnz/hourly-ipv4,ziyadnz|hourly,2026-08-17T18:48:05Z,2026-08-17T18:48:05Z,
47.89.230.226,ipv4,malicious-ip,medium,WHITE,ziyadnz/hourly-ipv4,ziyadnz|hourly,2026-08-17T18:48:05Z,2026-08-17T18:48:05Z,
47.89.230.8,ipv4,malicious-ip,medium,WHITE,ziyadnz/hourly-ipv4,ziyadnz|hourly,2026-08-17T18:48:05Z,2026-08-17T18:48:05Z,
47.89.231.26,ipv4,malicious-ip,medium,WHITE,ziyadnz/hourly-ipv4,ziyadnz|hourly,2026-08-17T18:48:05Z,2026-08-17T18:48:05Z,
47.89.234.183,ipv4,malicious-ip,medium,WHITE,ziyadnz/hourly-ipv4,ziyadnz|hourly,2026-08-17T18:48:05Z,2026-08-17T18:48:05Z,
47.89.241.188,ipv4,malicious-ip,medium,WHITE,ziyadnz/hourly-ipv4,ziyadnz|hourly,2026-08-17T18:48:05Z,2026-08-17T18:48:05Z,
47.89.241.203,ipv4,malicious-ip,medium,WHITE,ziyadnz/hourly-ipv4,ziyadnz|hourly,2026-08-17T18:48:05Z,2026-08-17T18:48:05Z,
47.89.242.216,ipv4,malicious-ip,medium,WHITE,ziyadnz/hourly-ipv4,ziyadnz|hourly,2026-08-17T18:48:05Z,2026-08-17T18:48:05Z,
47.89.243.214,ipv4,malicious-ip,medium,WHITE,ziyadnz/hourly-ipv4,ziyadnz|hourly,2026-08-17T18:48:05Z,2026-08-17T18:48:05Z,
47.89.244.159,ipv4,malicious-ip,medium,WHITE,ziyadnz/hourly-ipv4,ziyadnz|hourly,2026-08-17T18:48:05Z,2026-08-17T18:48:05Z,
47.89.244.215,ipv4,malicious-ip,medium,WHITE,ziyadnz/hourly-ipv4,ziyadnz|hourly,2026-08-17T18:48:05Z,2026-08-17T18:48:05Z,
47.89.247.18,ipv4,malicious-ip,medium,WHITE,ziyadnz/hourly-ipv4,ziyadnz|hourly,2026-08-17T18:48:05Z,2026-08-17T18:48:05Z,
47.89.248.96,ipv4,malicious-ip,medium,WHITE,ziyadnz/hourly-ipv4,ziyadnz|hourly,2026-08-17T18:48:05Z,2026-08-17T18:48:05Z,
47.89.250.198,ipv4,malicious-ip,medium,WHITE,ziyadnz/hourly-ipv4,ziyadnz|hourly,2026-08-17T18:48:05Z,2026-08-17T18:48:05Z,
47.89.251.186,ipv4,malicious-ip,medium,WHITE,ziyadnz/hourly-ipv4,ziyadnz|hourly,2026-08-17T18:48:05Z,2026-08-17T18:48:05Z,
47.89.251.210,ipv4,malicious-ip,medium,WHITE,ziyadnz/hourly-ipv4,ziyadnz|hourly,2026-08-17T18:48:05Z,2026-08-17T18:48:05Z,
47.89.255.169,ipv4,malicious-ip,medium,WHITE,ziyadnz/hourly-ipv4,ziyadnz|hourly,2026-08-17T18:48:05Z,2026-08-17T18:48:05Z,
47.89.255.48,ipv4,malicious-ip,medium,WHITE,ziyadnz/hourly-ipv4,ziyadnz|hourly,2026-08-17T18:48:05Z,2026-08-17T18:48:05Z,
47.9.107.250,ipv4,malicious-ip,medium,WHITE,ziyadnz/hourly-ipv4,ziyadnz|hourly,2026-08-17T18:48:05Z,2026-08-17T18:48:05Z,
47.90.142.11,ipv4,malicious-ip,medium,WHITE,ziyadnz/hourly-ipv4,ziyadnz|hourly,2026-08-17T18:48:05Z,2026-08-17T18:48:05Z,
47.90.170.75,ipv4,malicious-ip,medium,WHITE,ziyadnz/hourly-ipv4,ziyadnz|hourly,2026-08-17T18:48:05Z,2026-08-17T18:48:05Z,
47.90.183.85,ipv4,malicious-ip,medium,WHITE,ziyadnz/hourly-ipv4,ziyadnz|hourly,2026-08-17T18:48:05Z,2026-08-17T18:48:05Z,
47.90.43.134,ipv4,malicious-ip,medium,WHITE,ziyadnz/hourly-ipv4,ziyadnz|hourly,2026-08-17T18:48:05Z,2026-08-17T18:48:05Z,
47.91.1.241,ipv4,malicious-ip,medium,WHITE,ziyadnz/hourly-ipv4,ziyadnz|hourly,2026-08-17T18:48:05Z,2026-08-17T18:48:05Z,
47.91.104.88,ipv4,malicious-ip,medium,WHITE,ziyadnz/hourly-ipv4,ziyadnz|hourly,2026-08-17T18:48:05Z,2026-08-17T18:48:05Z,
47.91.125.252,ipv4,malicious-ip,medium,WHITE,ziyadnz/hourly-ipv4,ziyadnz|hourly,2026-08-17T18:48:05Z,2026-08-17T18:48:05Z,
47.91.14.5,ipv4,malicious-ip,medium,WHITE,ziyadnz/hourly-ipv4,ziyadnz|hourly,2026-08-17T18:48:05Z,2026-08-17T18:48:05Z,
47.91.2.219,ipv4,malicious-ip,medium,WHITE,ziyadnz/hourly-ipv4,ziyadnz|hourly,2026-08-17T18:48:05Z,2026-08-17T18:48:05Z,
47.91.21.128,ipv4,malicious-ip,medium,WHITE,ziyadnz/hourly-ipv4,ziyadnz|hourly,2026-08-17T18:48:05Z,2026-08-17T18:48:05Z,
47.91.24.61,ipv4,malicious-ip,medium,WHITE,ziyadnz/hourly-ipv4,ziyadnz|hourly,2026-08-17T18:48:05Z,2026-08-17T18:48:05Z,
47.91.25.53,ipv4,malicious-ip,medium,WHITE,ziyadnz/hourly-ipv4,ziyadnz|hourly,2026-08-17T18:48:05Z,2026-08-17T18:48:05Z,
47.91.29.254,ipv4,malicious-ip,medium,WHITE,ziyadnz/hourly-ipv4,ziyadnz|hourly,2026-08-17T18:48:05Z,2026-08-17T18:48:05Z,
47.91.31.15,ipv4,malicious-ip,medium,WHITE,ziyadnz/hourly-ipv4,ziyadnz|hourly,2026-08-17T18:48:05Z,2026-08-17T18:48:05Z,
47.91.31.231,ipv4,malicious-ip,medium,WHITE,ziyadnz/hourly-ipv4,ziyadnz|hourly,2026-08-17T18:48:05Z,2026-08-17T18:48:05Z,
47.91.31.3,ipv4,malicious-ip,medium,WHITE,ziyadnz/hourly-ipv4,ziyadnz|hourly,2026-08-17T18:48:05Z,2026-08-17T18:48:05Z,
47.91.65.106,ipv4,malicious-ip,medium,WHITE,ziyadnz/hourly-ipv4,ziyadnz|hourly,2026-08-17T18:48:05Z,2026-08-17T18:48:05Z,
47.91.65.144,ipv4,malicious-ip,medium,WHITE,ziyadnz/hourly-ipv4,ziyadnz|hourly,2026-08-17T18:48:05Z,2026-08-17T18:48:05Z,
47.91.67.138,ipv4,malicious-ip,medium,WHITE,ziyadnz/hourly-ipv4,ziyadnz|hourly,2026-08-17T18:48:05Z,2026-08-17T18:48:05Z,
47.91.72.158,ipv4,malicious-ip,medium,WHITE,ziyadnz/hourly-ipv4,ziyadnz|hourly,2026-08-17T18:48:05Z,2026-08-17T18:48:05Z,
47.91.74.41,ipv4,malicious-ip,medium,WHITE,ziyadnz/hourly-ipv4,ziyadnz|hourly,2026-08-17T18:48:05Z,2026-08-17T18:48:05Z,
47.91.75.137,ipv4,malicious-ip,medium,WHITE,ziyadnz/hourly-ipv4,ziyadnz|hourly,2026-08-17T18:48:05Z,2026-08-17T18:48:05Z,
47.91.76.73,ipv4,malicious-ip,medium,WHITE,ziyadnz/hourly-ipv4,ziyadnz|hourly,2026-08-17T18:48:05Z,2026-08-17T18:48:05Z,
47.91.77.245,ipv4,malicious-ip,medium,WHITE,ziyadnz/hourly-ipv4,ziyadnz|hourly,2026-08-17T18:48:05Z,2026-08-17T18:48:05Z,
47.91.78.10,ipv4,malicious-ip,medium,WHITE,ziyadnz/hourly-ipv4,ziyadnz|hourly,2026-08-17T18:48:05Z,2026-08-17T18:48:05Z,
47.91.86.90,ipv4,malicious-ip,medium,WHITE,ziyadnz/hourly-ipv4,ziyadnz|hourly,2026-08-17T18:48:05Z,2026-08-17T18:48:05Z,
47.91.87.204,ipv4,malicious-ip,medium,WHITE,ziyadnz/hourly-ipv4,ziyadnz|hourly,2026-08-17T18:48:05Z,2026-08-17T18:48:05Z,
47.91.89.133,ipv4,malicious-ip,medium,WHITE,ziyadnz/hourly-ipv4,ziyadnz|hourly,2026-08-17T18:48:05Z,2026-08-17T18:48:05Z,
47.91.90.160,ipv4,malicious-ip,medium,WHITE,ziyadnz/hourly-ipv4,ziyadnz|hourly,2026-08-17T18:48:05Z,2026-08-17T18:48:05Z,
47.91.92.149,ipv4,malicious-ip,medium,WHITE,ziyadnz/hourly-ipv4,ziyadnz|hourly,2026-08-17T18:48:05Z,2026-08-17T18:48:05Z,
47.91.92.212,ipv4,malicious-ip,medium,WHITE,ziyadnz/hourly-ipv4,ziyadnz|hourly,2026-08-17T18:48:05Z,2026-08-17T18:48:05Z,
47.91.93.130,ipv4,malicious-ip,medium,WHITE,ziyadnz/hourly-ipv4,ziyadnz|hourly,2026-08-17T18:48:05Z,2026-08-17T18:48:05Z,
47.91.94.133,ipv4,malicious-ip,medium,WHITE,ziyadnz/hourly-ipv4,ziyadnz|hourly,2026-08-17T18:48:05Z,2026-08-17T18:48:05Z,
47.91.94.185,ipv4,malicious-ip,medium,WHITE,ziyadnz/hourly-ipv4,ziyadnz|hourly,2026-08-17T18:48:05Z,2026-08-17T18:48:05Z,
47.91.94.24,ipv4,malicious-ip,medium,WHITE,ziyadnz/hourly-ipv4,ziyadnz|hourly,2026-08-17T18:48:05Z,2026-08-17T18:48:05Z,
47.91.94.53,ipv4,malicious-ip,medium,WHITE,ziyadnz/hourly-ipv4,ziyadnz|hourly,2026-08-17T18:48:05Z,2026-08-17T18:48:05Z,
47.92.123.17,ipv4,malicious-ip,medium,WHITE,ziyadnz/hourly-ipv4,ziyadnz|hourly,2026-08-17T18:48:05Z,2026-08-17T18:48:05Z,
47.92.218.141,ipv4,malicious-ip,medium,WHITE,ziyadnz/hourly-ipv4,ziyadnz|hourly,2026-08-17T18:48:05Z,2026-08-17T18:48:05Z,
47.92.39.102,ipv4,malicious-ip,medium,WHITE,ziyadnz/hourly-ipv4,ziyadnz|hourly,2026-08-17T18:48:05Z,2026-08-17T18:48:05Z,
47.92.6.64,ipv4,malicious-ip,medium,WHITE,ziyadnz/hourly-ipv4,ziyadnz|hourly,2026-08-17T18:48:05Z,2026-08-17T18:48:05Z,
47.93.147.159,ipv4,malicious-ip,medium,WHITE,ziyadnz/hourly-ipv4,ziyadnz|hourly,2026-08-17T18:48:05Z,2026-08-17T18:48:05Z,
47.93.150.183,ipv4,malicious-ip,medium,WHITE,ziyadnz/hourly-ipv4,ziyadnz|hourly,2026-08-17T18:48:05Z,2026-08-17T18:48:05Z,
47.93.186.241,ipv4,malicious-ip,medium,WHITE,ziyadnz/hourly-ipv4,ziyadnz|hourly,2026-08-17T18:48:05Z,2026-08-17T18:48:05Z,
47.93.252.18,ipv4,malicious-ip,medium,WHITE,ziyadnz/hourly-ipv4,ziyadnz|hourly,2026-08-17T18:48:05Z,2026-08-17T18:48:05Z,
47.93.54.134,ipv4,malicious-ip,medium,WHITE,ziyadnz/hourly-ipv4,ziyadnz|hourly,2026-08-17T18:48:05Z,2026-08-17T18:48:05Z,
47.93.81.231,ipv4,malicious-ip,medium,WHITE,ziyadnz/hourly-ipv4,ziyadnz|hourly,2026-08-17T18:48:05Z,2026-08-17T18:48:05Z,
47.93.9.183,ipv4,malicious-ip,medium,WHITE,ziyadnz/hourly-ipv4,ziyadnz|hourly,2026-08-17T18:48:05Z,2026-08-17T18:48:05Z,
47.94.102.5,ipv4,malicious-ip,medium,WHITE,ziyadnz/hourly-ipv4,ziyadnz|hourly,2026-08-17T18:48:05Z,2026-08-17T18:48:05Z,
47.94.136.50,ipv4,malicious-ip,medium,WHITE,ziyadnz/hourly-ipv4,ziyadnz|hourly,2026-08-17T18:48:05Z,2026-08-17T18:48:05Z,
47.94.165.91,ipv4,malicious-ip,medium,WHITE,ziyadnz/hourly-ipv4,ziyadnz|hourly,2026-08-17T18:48:05Z,2026-08-17T18:48:05Z,
47.94.167.27,ipv4,malicious-ip,medium,WHITE,ziyadnz/hourly-ipv4,ziyadnz|hourly,2026-08-17T18:48:05Z,2026-08-17T18:48:05Z,
47.94.4.180,ipv4,malicious-ip,medium,WHITE,ziyadnz/hourly-ipv4,ziyadnz|hourly,2026-08-17T18:48:05Z,2026-08-17T18:48:05Z,
47.94.82.6,ipv4,malicious-ip,medium,WHITE,ziyadnz/hourly-ipv4,ziyadnz|hourly,2026-08-17T18:48:05Z,2026-08-17T18:48:05Z,
47.94.97.97,ipv4,malicious-ip,medium,WHITE,ziyadnz/hourly-ipv4,ziyadnz|hourly,2026-08-17T18:48:05Z,2026-08-17T18:48:05Z,
47.95.194.217,ipv4,malicious-ip,medium,WHITE,ziyadnz/hourly-ipv4,ziyadnz|hourly,2026-08-17T18:48:05Z,2026-08-17T18:48:05Z,
47.95.196.42,ipv4,malicious-ip,medium,WHITE,ziyadnz/hourly-ipv4,ziyadnz|hourly,2026-08-17T18:48:05Z,2026-08-17T18:48:05Z,
47.95.196.60,ipv4,malicious-ip,medium,WHITE,ziyadnz/hourly-ipv4,ziyadnz|hourly,2026-08-17T18:48:05Z,2026-08-17T18:48:05Z,
47.95.198.220,ipv4,malicious-ip,medium,WHITE,ziyadnz/hourly-ipv4,ziyadnz|hourly,2026-08-17T18:48:05Z,2026-08-17T18:48:05Z,
47.95.199.14,ipv4,malicious-ip,medium,WHITE,ziyadnz/hourly-ipv4,ziyadnz|hourly,2026-08-17T18:48:05Z,2026-08-17T18:48:05Z,
47.95.201.142,ipv4,malicious-ip,medium,WHITE,ziyadnz/hourly-ipv4,ziyadnz|hourly,2026-08-17T18:48:05Z,2026-08-17T18:48:05Z,
47.95.203.76,ipv4,malicious-ip,medium,WHITE,ziyadnz/hourly-ipv4,ziyadnz|hourly,2026-08-17T18:48:05Z,2026-08-17T18:48:05Z,
47.95.204.107,ipv4,malicious-ip,medium,WHITE,ziyadnz/hourly-ipv4,ziyadnz|hourly,2026-08-17T18:48:05Z,2026-08-17T18:48:05Z,
47.95.204.21,ipv4,malicious-ip,medium,WHITE,ziyadnz/hourly-ipv4,ziyadnz|hourly,2026-08-17T18:48:05Z,2026-08-17T18:48:05Z,
47.95.204.63,ipv4,malicious-ip,medium,WHITE,ziyadnz/hourly-ipv4,ziyadnz|hourly,2026-08-17T18:48:05Z,2026-08-17T18:48:05Z,
47.95.205.76,ipv4,malicious-ip,medium,WHITE,ziyadnz/hourly-ipv4,ziyadnz|hourly,2026-08-17T18:48:05Z,2026-08-17T18:48:05Z,
47.95.206.149,ipv4,malicious-ip,medium,WHITE,ziyadnz/hourly-ipv4,ziyadnz|hourly,2026-08-17T18:48:05Z,2026-08-17T18:48:05Z,
47.95.206.183,ipv4,malicious-ip,medium,WHITE,ziyadnz/hourly-ipv4,ziyadnz|hourly,2026-08-17T18:48:05Z,2026-08-17T18:48:05Z,
47.95.206.211,ipv4,malicious-ip,medium,WHITE,ziyadnz/hourly-ipv4,ziyadnz|hourly,2026-08-17T18:48:05Z,2026-08-17T18:48:05Z,
47.95.206.46,ipv4,malicious-ip,medium,WHITE,ziyadnz/hourly-ipv4,ziyadnz|hourly,2026-08-17T18:48:05Z,2026-08-17T18:48:05Z,
47.95.207.149,ipv4,malicious-ip,medium,WHITE,ziyadnz/hourly-ipv4,ziyadnz|hourly,2026-08-17T18:48:05Z,2026-08-17T18:48:05Z,
47.95.207.179,ipv4,malicious-ip,medium,WHITE,ziyadnz/hourly-ipv4,ziyadnz|hourly,2026-08-17T18:48:05Z,2026-08-17T18:48:05Z,
47.95.207.229,ipv4,malicious-ip,medium,WHITE,ziyadnz/hourly-ipv4,ziyadnz|hourly,2026-08-17T18:48:05Z,2026-08-17T18:48:05Z,
47.95.208.176,ipv4,malicious-ip,medium,WHITE,ziyadnz/hourly-ipv4,ziyadnz|hourly,2026-08-17T18:48:05Z,2026-08-17T18:48:05Z,
47.95.208.64,ipv4,malicious-ip,medium,WHITE,ziyadnz/hourly-ipv4,ziyadnz|hourly,2026-08-17T18:48:05Z,2026-08-17T18:48:05Z,
47.95.208.90,ipv4,malicious-ip,medium,WHITE,ziyadnz/hourly-ipv4,ziyadnz|hourly,2026-08-17T18:48:05Z,2026-08-17T18:48:05Z,
47.95.209.100,ipv4,malicious-ip,medium,WHITE,ziyadnz/hourly-ipv4,ziyadnz|hourly,2026-08-17T18:48:05Z,2026-08-17T18:48:05Z,
47.95.209.49,ipv4,malicious-ip,medium,WHITE,ziyadnz/hourly-ipv4,ziyadnz|hourly,2026-08-17T18:48:05Z,2026-08-17T18:48:05Z,
47.95.209.74,ipv4,malicious-ip,medium,WHITE,ziyadnz/hourly-ipv4,ziyadnz|hourly,2026-08-17T18:48:05Z,2026-08-17T18:48:05Z,
47.95.210.100,ipv4,malicious-ip,medium,WHITE,ziyadnz/hourly-ipv4,ziyadnz|hourly,2026-08-17T18:48:05Z,2026-08-17T18:48:05Z,
47.95.211.126,ipv4,malicious-ip,medium,WHITE,ziyadnz/hourly-ipv4,ziyadnz|hourly,2026-08-17T18:48:05Z,2026-08-17T18:48:05Z,
47.95.211.163,ipv4,malicious-ip,medium,WHITE,ziyadnz/hourly-ipv4,ziyadnz|hourly,2026-08-17T18:48:05Z,2026-08-17T18:48:05Z,
47.95.211.220,ipv4,malicious-ip,medium,WHITE,ziyadnz/hourly-ipv4,ziyadnz|hourly,2026-08-17T18:48:05Z,2026-08-17T18:48:05Z,
47.95.211.84,ipv4,malicious-ip,medium,WHITE,ziyadnz/hourly-ipv4,ziyadnz|hourly,2026-08-17T18:48:05Z,2026-08-17T18:48:05Z,
47.95.239.252,ipv4,malicious-ip,medium,WHITE,ziyadnz/hourly-ipv4,ziyadnz|hourly,2026-08-17T18:48:05Z,2026-08-17T18:48:05Z,
47.95.255.24,ipv4,malicious-ip,medium,WHITE,ziyadnz/hourly-ipv4,ziyadnz|hourly,2026-08-17T18:48:05Z,2026-08-17T18:48:05Z,
47.95.3.36,ipv4,malicious-ip,medium,WHITE,ziyadnz/hourly-ipv4,ziyadnz|hourly,2026-08-17T18:48:05Z,2026-08-17T18:48:05Z,
47.95.4.100,ipv4,malicious-ip,medium,WHITE,ziyadnz/hourly-ipv4,ziyadnz|hourly,2026-08-17T18:48:05Z,2026-08-17T18:48:05Z,
47.96.19.40,ipv4,malicious-ip,medium,WHITE,ziyadnz/hourly-ipv4,ziyadnz|hourly,2026-08-17T18:48:05Z,2026-08-17T18:48:05Z,
47.96.23.157,ipv4,malicious-ip,medium,WHITE,ziyadnz/hourly-ipv4,ziyadnz|hourly,2026-08-17T18:48:05Z,2026-08-17T18:48:05Z,
47.96.250.105,ipv4,malicious-ip,medium,WHITE,ziyadnz/hourly-ipv4,ziyadnz|hourly,2026-08-17T18:48:05Z,2026-08-17T18:48:05Z,
47.96.65.95,ipv4,malicious-ip,medium,WHITE,ziyadnz/hourly-ipv4,ziyadnz|hourly,2026-08-17T18:48:05Z,2026-08-17T18:48:05Z,
47.96.69.71,ipv4,malicious-ip,medium,WHITE,ziyadnz/hourly-ipv4,ziyadnz|hourly,2026-08-17T18:48:05Z,2026-08-17T18:48:05Z,
47.97.110.206,ipv4,malicious-ip,medium,WHITE,ziyadnz/hourly-ipv4,ziyadnz|hourly,2026-08-17T18:48:05Z,2026-08-17T18:48:05Z,
47.97.113.36,ipv4,malicious-ip,medium,WHITE,ziyadnz/hourly-ipv4,ziyadnz|hourly,2026-08-17T18:48:05Z,2026-08-17T18:48:05Z,
47.97.231.15,ipv4,malicious-ip,medium,WHITE,ziyadnz/hourly-ipv4,ziyadnz|hourly,2026-08-17T18:48:05Z,2026-08-17T18:48:05Z,
47.97.42.177,ipv4,malicious-ip,medium,WHITE,ziyadnz/hourly-ipv4,ziyadnz|hourly,2026-08-17T18:48:05Z,2026-08-17T18:48:05Z,
47.97.47.225,ipv4,malicious-ip,medium,WHITE,ziyadnz/hourly-ipv4,ziyadnz|hourly,2026-08-17T18:48:05Z,2026-08-17T18:48:05Z,
47.97.48.248,ipv4,malicious-ip,medium,WHITE,ziyadnz/hourly-ipv4,ziyadnz|hourly,2026-08-17T18:48:05Z,2026-08-17T18:48:05Z,
47.97.66.208,ipv4,malicious-ip,medium,WHITE,ziyadnz/hourly-ipv4,ziyadnz|hourly,2026-08-17T18:48:05Z,2026-08-17T18:48:05Z,
47.97.7.218,ipv4,malicious-ip,medium,WHITE,ziyadnz/hourly-ipv4,ziyadnz|hourly,2026-08-17T18:48:05Z,2026-08-17T18:48:05Z,
47.98.132.122,ipv4,malicious-ip,medium,WHITE,ziyadnz/hourly-ipv4,ziyadnz|hourly,2026-08-17T18:48:05Z,2026-08-17T18:48:05Z,
47.98.170.47,ipv4,malicious-ip,medium,WHITE,ziyadnz/hourly-ipv4,ziyadnz|hourly,2026-08-17T18:48:05Z,2026-08-17T18:48:05Z,
47.98.189.74,ipv4,malicious-ip,medium,WHITE,ziyadnz/hourly-ipv4,ziyadnz|hourly,2026-08-17T18:48:05Z,2026-08-17T18:48:05Z,
47.98.194.60,ipv4,malicious-ip,medium,WHITE,ziyadnz/hourly-ipv4,ziyadnz|hourly,2026-08-17T18:48:05Z,2026-08-17T18:48:05Z,
47.98.202.186,ipv4,malicious-ip,medium,WHITE,ziyadnz/hourly-ipv4,ziyadnz|hourly,2026-08-17T18:48:05Z,2026-08-17T18:48:05Z,
47.98.228.218,ipv4,malicious-ip,medium,WHITE,ziyadnz/hourly-ipv4,ziyadnz|hourly,2026-08-17T18:48:05Z,2026-08-17T18:48:05Z,
47.98.232.125,ipv4,malicious-ip,medium,WHITE,ziyadnz/hourly-ipv4,ziyadnz|hourly,2026-08-17T18:48:05Z,2026-08-17T18:48:05Z,
47.98.244.82,ipv4,malicious-ip,medium,WHITE,ziyadnz/hourly-ipv4,ziyadnz|hourly,2026-08-17T18:48:05Z,2026-08-17T18:48:05Z,
47.98.63.89,ipv4,malicious-ip,medium,WHITE,ziyadnz/hourly-ipv4,ziyadnz|hourly,2026-08-17T18:48:05Z,2026-08-17T18:48:05Z,
47.98.98.168,ipv4,malicious-ip,medium,WHITE,ziyadnz/hourly-ipv4,ziyadnz|hourly,2026-08-17T18:48:05Z,2026-08-17T18:48:05Z,
47.99.100.132,ipv4,malicious-ip,medium,WHITE,ziyadnz/hourly-ipv4,ziyadnz|hourly,2026-08-17T18:48:05Z,2026-08-17T18:48:05Z,
47.99.103.27,ipv4,malicious-ip,medium,WHITE,ziyadnz/hourly-ipv4,ziyadnz|hourly,2026-08-17T18:48:05Z,2026-08-17T18:48:05Z,
47.99.112.241,ipv4,malicious-ip,medium,WHITE,ziyadnz/hourly-ipv4,ziyadnz|hourly,2026-08-17T18:48:05Z,2026-08-17T18:48:05Z,
47.99.115.6,ipv4,malicious-ip,medium,WHITE,ziyadnz/hourly-ipv4,ziyadnz|hourly,2026-08-17T18:48:05Z,2026-08-17T18:48:05Z,
47.99.120.172,ipv4,malicious-ip,medium,WHITE,ziyadnz/hourly-ipv4,ziyadnz|hourly,2026-08-17T18:48:05Z,2026-08-17T18:48:05Z,
47.99.199.222,ipv4,malicious-ip,medium,WHITE,ziyadnz/hourly-ipv4,ziyadnz|hourly,2026-08-17T18:48:05Z,2026-08-17T18:48:05Z,
47.99.35.7,ipv4,malicious-ip,medium,WHITE,ziyadnz/hourly-ipv4,ziyadnz|hourly,2026-08-17T18:48:05Z,2026-08-17T18:48:05Z,
47.99.44.122,ipv4,malicious-ip,medium,WHITE,ziyadnz/hourly-ipv4,ziyadnz|hourly,2026-08-17T18:48:05Z,2026-08-17T18:48:05Z,
47.99.45.56,ipv4,malicious-ip,medium,WHITE,ziyadnz/hourly-ipv4,ziyadnz|hourly,2026-08-17T18:48:05Z,2026-08-17T18:48:05Z,
47.99.54.94,ipv4,malicious-ip,medium,WHITE,ziyadnz/hourly-ipv4,ziyadnz|hourly,2026-08-17T18:48:05Z,2026-08-17T18:48:05Z,
47.99.97.73,ipv4,malicious-ip,medium,WHITE,ziyadnz/hourly-ipv4,ziyadnz|hourly,2026-08-17T18:48:05Z,2026-08-17T18:48:05Z,
48.193.41.141,ipv4,malicious-ip,medium,WHITE,ziyadnz/hourly-ipv4,ziyadnz|hourly,2026-08-17T18:48:05Z,2026-08-17T18:48:05Z,
48.210.53.66,ipv4,malicious-ip,medium,WHITE,ziyadnz/hourly-ipv4,ziyadnz|hourly,2026-08-17T18:48:05Z,2026-08-17T18:48:05Z,
48.211.210.112,ipv4,malicious-ip,medium,WHITE,ziyadnz/hourly-ipv4,ziyadnz|hourly,2026-08-17T18:48:05Z,2026-08-17T18:48:05Z,
48.214.144.0,ipv4,malicious-ip,medium,WHITE,ziyadnz/hourly-ipv4,ziyadnz|hourly,2026-08-17T18:48:05Z,2026-08-17T18:48:05Z,
48.214.144.100,ipv4,malicious-ip,medium,WHITE,ziyadnz/hourly-ipv4,ziyadnz|hourly,2026-08-17T18:48:05Z,2026-08-17T18:48:05Z,
48.214.144.125,ipv4,malicious-ip,medium,WHITE,ziyadnz/hourly-ipv4,ziyadnz|hourly,2026-08-17T18:48:05Z,2026-08-17T18:48:05Z,
48.214.144.135,ipv4,malicious-ip,medium,WHITE,ziyadnz/hourly-ipv4,ziyadnz|hourly,2026-08-17T18:48:05Z,2026-08-17T18:48:05Z,
48.214.144.160,ipv4,malicious-ip,medium,WHITE,ziyadnz/hourly-ipv4,ziyadnz|hourly,2026-08-17T18:48:05Z,2026-08-17T18:48:05Z,
48.214.144.191,ipv4,malicious-ip,medium,WHITE,ziyadnz/hourly-ipv4,ziyadnz|hourly,2026-08-17T18:48:05Z,2026-08-17T18:48:05Z,
48.214.144.31,ipv4,malicious-ip,medium,WHITE,ziyadnz/hourly-ipv4,ziyadnz|hourly,2026-08-17T18:48:05Z,2026-08-17T18:48:05Z,
48.214.144.34,ipv4,malicious-ip,medium,WHITE,ziyadnz/hourly-ipv4,ziyadnz|hourly,2026-08-17T18:48:05Z,2026-08-17T18:48:05Z,
48.214.144.79,ipv4,malicious-ip,medium,WHITE,ziyadnz/hourly-ipv4,ziyadnz|hourly,2026-08-17T18:48:05Z,2026-08-17T18:48:05Z,
48.216.208.195,ipv4,malicious-ip,medium,WHITE,ziyadnz/hourly-ipv4,ziyadnz|hourly,2026-08-17T18:48:05Z,2026-08-17T18:48:05Z,
48.216.218.131,ipv4,malicious-ip,medium,WHITE,ziyadnz/hourly-ipv4,ziyadnz|hourly,2026-08-17T18:48:05Z,2026-08-17T18:48:05Z,
48.216.242.171,ipv4,malicious-ip,medium,WHITE,ziyadnz/hourly-ipv4,ziyadnz|hourly,2026-08-17T18:48:05Z,2026-08-17T18:48:05Z,
48.216.242.54,ipv4,malicious-ip,medium,WHITE,ziyadnz/hourly-ipv4,ziyadnz|hourly,2026-08-17T18:48:05Z,2026-08-17T18:48:05Z,
48.216.243.151,ipv4,malicious-ip,medium,WHITE,ziyadnz/hourly-ipv4,ziyadnz|hourly,2026-08-17T18:48:05Z,2026-08-17T18:48:05Z,
48.216.243.233,ipv4,malicious-ip,medium,WHITE,ziyadnz/hourly-ipv4,ziyadnz|hourly,2026-08-17T18:48:05Z,2026-08-17T18:48:05Z,
48.216.244.43,ipv4,malicious-ip,medium,WHITE,ziyadnz/hourly-ipv4,ziyadnz|hourly,2026-08-17T18:48:05Z,2026-08-17T18:48:05Z,
48.217.187.105,ipv4,malicious-ip,medium,WHITE,ziyadnz/hourly-ipv4,ziyadnz|hourly,2026-08-17T18:48:05Z,2026-08-17T18:48:05Z,
48.217.233.154,ipv4,malicious-ip,medium,WHITE,ziyadnz/hourly-ipv4,ziyadnz|hourly,2026-08-17T18:48:05Z,2026-08-17T18:48:05Z,
48.217.233.215,ipv4,malicious-ip,medium,WHITE,ziyadnz/hourly-ipv4,ziyadnz|hourly,2026-08-17T18:48:05Z,2026-08-17T18:48:05Z,
48.217.48.70,ipv4,malicious-ip,medium,WHITE,ziyadnz/hourly-ipv4,ziyadnz|hourly,2026-08-17T18:48:05Z,2026-08-17T18:48:05Z,
48.217.64.148,ipv4,malicious-ip,medium,WHITE,ziyadnz/hourly-ipv4,ziyadnz|hourly,2026-08-17T18:48:05Z,2026-08-17T18:48:05Z,
48.217.82.99,ipv4,malicious-ip,medium,WHITE,ziyadnz/hourly-ipv4,ziyadnz|hourly,2026-08-17T18:48:05Z,2026-08-17T18:48:05Z,
48.217.83.181,ipv4,malicious-ip,medium,WHITE,ziyadnz/hourly-ipv4,ziyadnz|hourly,2026-08-17T18:48:05Z,2026-08-17T18:48:05Z,
48.217.84.135,ipv4,malicious-ip,medium,WHITE,ziyadnz/hourly-ipv4,ziyadnz|hourly,2026-08-17T18:48:05Z,2026-08-17T18:48:05Z,
48.47.11.0,ipv4,malicious-ip,medium,WHITE,ziyadnz/hourly-ipv4,ziyadnz|hourly,2026-08-17T18:48:05Z,2026-08-17T18:48:05Z,
48.47.11.1,ipv4,malicious-ip,medium,WHITE,ziyadnz/hourly-ipv4,ziyadnz|hourly,2026-08-17T18:48:05Z,2026-08-17T18:48:05Z,
48.47.11.128,ipv4,malicious-ip,medium,WHITE,ziyadnz/hourly-ipv4,ziyadnz|hourly,2026-08-17T18:48:05Z,2026-08-17T18:48:05Z,
48.47.11.13,ipv4,malicious-ip,medium,WHITE,ziyadnz/hourly-ipv4,ziyadnz|hourly,2026-08-17T18:48:05Z,2026-08-17T18:48:05Z,
48.47.11.140,ipv4,malicious-ip,medium,WHITE,ziyadnz/hourly-ipv4,ziyadnz|hourly,2026-08-17T18:48:05Z,2026-08-17T18:48:05Z,
48.47.11.148,ipv4,malicious-ip,medium,WHITE,ziyadnz/hourly-ipv4,ziyadnz|hourly,2026-08-17T18:48:05Z,2026-08-17T18:48:05Z,
48.47.11.183,ipv4,malicious-ip,medium,WHITE,ziyadnz/hourly-ipv4,ziyadnz|hourly,2026-08-17T18:48:05Z,2026-08-17T18:48:05Z,
48.47.11.185,ipv4,malicious-ip,medium,WHITE,ziyadnz/hourly-ipv4,ziyadnz|hourly,2026-08-17T18:48:05Z,2026-08-17T18:48:05Z,
48.47.11.188,ipv4,malicious-ip,medium,WHITE,ziyadnz/hourly-ipv4,ziyadnz|hourly,2026-08-17T18:48:05Z,2026-08-17T18:48:05Z,
48.47.11.192,ipv4,malicious-ip,medium,WHITE,ziyadnz/hourly-ipv4,ziyadnz|hourly,2026-08-17T18:48:05Z,2026-08-17T18:48:05Z,
48.47.11.209,ipv4,malicious-ip,medium,WHITE,ziyadnz/hourly-ipv4,ziyadnz|hourly,2026-08-17T18:48:05Z,2026-08-17T18:48:05Z,
48.47.11.210,ipv4,malicious-ip,medium,WHITE,ziyadnz/hourly-ipv4,ziyadnz|hourly,2026-08-17T18:48:05Z,2026-08-17T18:48:05Z,
48.47.11.245,ipv4,malicious-ip,medium,WHITE,ziyadnz/hourly-ipv4,ziyadnz|hourly,2026-08-17T18:48:05Z,2026-08-17T18:48:05Z,
48.47.11.26,ipv4,malicious-ip,medium,WHITE,ziyadnz/hourly-ipv4,ziyadnz|hourly,2026-08-17T18:48:05Z,2026-08-17T18:48:05Z,
48.47.11.30,ipv4,malicious-ip,medium,WHITE,ziyadnz/hourly-ipv4,ziyadnz|hourly,2026-08-17T18:48:05Z,2026-08-17T18:48:05Z,
48.47.11.36,ipv4,malicious-ip,medium,WHITE,ziyadnz/hourly-ipv4,ziyadnz|hourly,2026-08-17T18:48:05Z,2026-08-17T18:48:05Z,
48.47.11.39,ipv4,malicious-ip,medium,WHITE,ziyadnz/hourly-ipv4,ziyadnz|hourly,2026-08-17T18:48:05Z,2026-08-17T18:48:05Z,
48.47.11.40,ipv4,malicious-ip,medium,WHITE,ziyadnz/hourly-ipv4,ziyadnz|hourly,2026-08-17T18:48:05Z,2026-08-17T18:48:05Z,
48.47.11.56,ipv4,malicious-ip,medium,WHITE,ziyadnz/hourly-ipv4,ziyadnz|hourly,2026-08-17T18:48:05Z,2026-08-17T18:48:05Z,
48.47.11.57,ipv4,malicious-ip,medium,WHITE,ziyadnz/hourly-ipv4,ziyadnz|hourly,2026-08-17T18:48:05Z,2026-08-17T18:48:05Z,
48.47.11.84,ipv4,malicious-ip,medium,WHITE,ziyadnz/hourly-ipv4,ziyadnz|hourly,2026-08-17T18:48:05Z,2026-08-17T18:48:05Z,
48.47.11.89,ipv4,malicious-ip,medium,WHITE,ziyadnz/hourly-ipv4,ziyadnz|hourly,2026-08-17T18:48:05Z,2026-08-17T18:48:05Z,
48.47.30.0,ipv4,malicious-ip,medium,WHITE,ziyadnz/hourly-ipv4,ziyadnz|hourly,2026-08-17T18:48:05Z,2026-08-17T18:48:05Z,
48.47.30.111,ipv4,malicious-ip,medium,WHITE,ziyadnz/hourly-ipv4,ziyadnz|hourly,2026-08-17T18:48:05Z,2026-08-17T18:48:05Z,
48.47.30.130,ipv4,malicious-ip,medium,WHITE,ziyadnz/hourly-ipv4,ziyadnz|hourly,2026-08-17T18:48:05Z,2026-08-17T18:48:05Z,
48.47.30.142,ipv4,malicious-ip,medium,WHITE,ziyadnz/hourly-ipv4,ziyadnz|hourly,2026-08-17T18:48:05Z,2026-08-17T18:48:05Z,
48.47.30.144,ipv4,malicious-ip,medium,WHITE,ziyadnz/hourly-ipv4,ziyadnz|hourly,2026-08-17T18:48:05Z,2026-08-17T18:48:05Z,
48.47.30.153,ipv4,malicious-ip,medium,WHITE,ziyadnz/hourly-ipv4,ziyadnz|hourly,2026-08-17T18:48:05Z,2026-08-17T18:48:05Z,
48.47.30.154,ipv4,malicious-ip,medium,WHITE,ziyadnz/hourly-ipv4,ziyadnz|hourly,2026-08-17T18:48:05Z,2026-08-17T18:48:05Z,
48.47.30.169,ipv4,malicious-ip,medium,WHITE,ziyadnz/hourly-ipv4,ziyadnz|hourly,2026-08-17T18:48:05Z,2026-08-17T18:48:05Z,
48.47.30.175,ipv4,malicious-ip,medium,WHITE,ziyadnz/hourly-ipv4,ziyadnz|hourly,2026-08-17T18:48:05Z,2026-08-17T18:48:05Z,
48.47.30.184,ipv4,malicious-ip,medium,WHITE,ziyadnz/hourly-ipv4,ziyadnz|hourly,2026-08-17T18:48:05Z,2026-08-17T18:48:05Z,
48.47.30.199,ipv4,malicious-ip,medium,WHITE,ziyadnz/hourly-ipv4,ziyadnz|hourly,2026-08-17T18:48:05Z,2026-08-17T18:48:05Z,
48.47.30.2,ipv4,malicious-ip,medium,WHITE,ziyadnz/hourly-ipv4,ziyadnz|hourly,2026-08-17T18:48:05Z,2026-08-17T18:48:05Z,
48.47.30.200,ipv4,malicious-ip,medium,WHITE,ziyadnz/hourly-ipv4,ziyadnz|hourly,2026-08-17T18:48:05Z,2026-08-17T18:48:05Z,
48.47.30.214,ipv4,malicious-ip,medium,WHITE,ziyadnz/hourly-ipv4,ziyadnz|hourly,2026-08-17T18:48:05Z,2026-08-17T18:48:05Z,
48.47.30.219,ipv4,malicious-ip,medium,WHITE,ziyadnz/hourly-ipv4,ziyadnz|hourly,2026-08-17T18:48:05Z,2026-08-17T18:48:05Z,
48.47.30.241,ipv4,malicious-ip,medium,WHITE,ziyadnz/hourly-ipv4,ziyadnz|hourly,2026-08-17T18:48:05Z,2026-08-17T18:48:05Z,
48.47.30.49,ipv4,malicious-ip,medium,WHITE,ziyadnz/hourly-ipv4,ziyadnz|hourly,2026-08-17T18:48:05Z,2026-08-17T18:48:05Z,
48.47.30.67,ipv4,malicious-ip,medium,WHITE,ziyadnz/hourly-ipv4,ziyadnz|hourly,2026-08-17T18:48:05Z,2026-08-17T18:48:05Z,
48.47.30.86,ipv4,malicious-ip,medium,WHITE,ziyadnz/hourly-ipv4,ziyadnz|hourly,2026-08-17T18:48:05Z,2026-08-17T18:48:05Z,
48.47.31.0,ipv4,malicious-ip,medium,WHITE,ziyadnz/hourly-ipv4,ziyadnz|hourly,2026-08-17T18:48:05Z,2026-08-17T18:48:05Z,
48.47.31.11,ipv4,malicious-ip,medium,WHITE,ziyadnz/hourly-ipv4,ziyadnz|hourly,2026-08-17T18:48:05Z,2026-08-17T18:48:05Z,
48.47.31.112,ipv4,malicious-ip,medium,WHITE,ziyadnz/hourly-ipv4,ziyadnz|hourly,2026-08-17T18:48:05Z,2026-08-17T18:48:05Z,
48.47.31.133,ipv4,malicious-ip,medium,WHITE,ziyadnz/hourly-ipv4,ziyadnz|hourly,2026-08-17T18:48:05Z,2026-08-17T18:48:05Z,
48.47.31.146,ipv4,malicious-ip,medium,WHITE,ziyadnz/hourly-ipv4,ziyadnz|hourly,2026-08-17T18:48:05Z,2026-08-17T18:48:05Z,
48.47.31.18,ipv4,malicious-ip,medium,WHITE,ziyadnz/hourly-ipv4,ziyadnz|hourly,2026-08-17T18:48:05Z,2026-08-17T18:48:05Z,
48.47.31.180,ipv4,malicious-ip,medium,WHITE,ziyadnz/hourly-ipv4,ziyadnz|hourly,2026-08-17T18:48:05Z,2026-08-17T18:48:05Z,
48.47.31.183,ipv4,malicious-ip,medium,WHITE,ziyadnz/hourly-ipv4,ziyadnz|hourly,2026-08-17T18:48:05Z,2026-08-17T18:48:05Z,
48.47.31.194,ipv4,malicious-ip,medium,WHITE,ziyadnz/hourly-ipv4,ziyadnz|hourly,2026-08-17T18:48:05Z,2026-08-17T18:48:05Z,
48.47.31.209,ipv4,malicious-ip,medium,WHITE,ziyadnz/hourly-ipv4,ziyadnz|hourly,2026-08-17T18:48:05Z,2026-08-17T18:48:05Z,
48.47.31.22,ipv4,malicious-ip,medium,WHITE,ziyadnz/hourly-ipv4,ziyadnz|hourly,2026-08-17T18:48:05Z,2026-08-17T18:48:05Z,
48.47.31.220,ipv4,malicious-ip,medium,WHITE,ziyadnz/hourly-ipv4,ziyadnz|hourly,2026-08-17T18:48:05Z,2026-08-17T18:48:05Z,
48.47.31.230,ipv4,malicious-ip,medium,WHITE,ziyadnz/hourly-ipv4,ziyadnz|hourly,2026-08-17T18:48:05Z,2026-08-17T18:48:05Z,
48.47.31.235,ipv4,malicious-ip,medium,WHITE,ziyadnz/hourly-ipv4,ziyadnz|hourly,2026-08-17T18:48:05Z,2026-08-17T18:48:05Z,
48.47.31.24,ipv4,malicious-ip,medium,WHITE,ziyadnz/hourly-ipv4,ziyadnz|hourly,2026-08-17T18:48:05Z,2026-08-17T18:48:05Z,
48.47.31.240,ipv4,malicious-ip,medium,WHITE,ziyadnz/hourly-ipv4,ziyadnz|hourly,2026-08-17T18:48:05Z,2026-08-17T18:48:05Z,
48.47.31.243,ipv4,malicious-ip,medium,WHITE,ziyadnz/hourly-ipv4,ziyadnz|hourly,2026-08-17T18:48:05Z,2026-08-17T18:48:05Z,
48.47.31.31,ipv4,malicious-ip,medium,WHITE,ziyadnz/hourly-ipv4,ziyadnz|hourly,2026-08-17T18:48:05Z,2026-08-17T18:48:05Z,
48.47.31.36,ipv4,malicious-ip,medium,WHITE,ziyadnz/hourly-ipv4,ziyadnz|hourly,2026-08-17T18:48:05Z,2026-08-17T18:48:05Z,
48.47.31.41,ipv4,malicious-ip,medium,WHITE,ziyadnz/hourly-ipv4,ziyadnz|hourly,2026-08-17T18:48:05Z,2026-08-17T18:48:05Z,
48.47.31.47,ipv4,malicious-ip,medium,WHITE,ziyadnz/hourly-ipv4,ziyadnz|hourly,2026-08-17T18:48:05Z,2026-08-17T18:48:05Z,
48.47.31.53,ipv4,malicious-ip,medium,WHITE,ziyadnz/hourly-ipv4,ziyadnz|hourly,2026-08-17T18:48:05Z,2026-08-17T18:48:05Z,
48.47.31.64,ipv4,malicious-ip,medium,WHITE,ziyadnz/hourly-ipv4,ziyadnz|hourly,2026-08-17T18:48:05Z,2026-08-17T18:48:05Z,
48.47.31.76,ipv4,malicious-ip,medium,WHITE,ziyadnz/hourly-ipv4,ziyadnz|hourly,2026-08-17T18:48:05Z,2026-08-17T18:48:05Z,
48.47.31.77,ipv4,malicious-ip,medium,WHITE,ziyadnz/hourly-ipv4,ziyadnz|hourly,2026-08-17T18:48:05Z,2026-08-17T18:48:05Z,
48.47.31.89,ipv4,malicious-ip,medium,WHITE,ziyadnz/hourly-ipv4,ziyadnz|hourly,2026-08-17T18:48:05Z,2026-08-17T18:48:05Z,
48.47.32.0,ipv4,malicious-ip,medium,WHITE,ziyadnz/hourly-ipv4,ziyadnz|hourly,2026-08-17T18:48:05Z,2026-08-17T18:48:05Z,
48.47.32.108,ipv4,malicious-ip,medium,WHITE,ziyadnz/hourly-ipv4,ziyadnz|hourly,2026-08-17T18:48:05Z,2026-08-17T18:48:05Z,
48.47.32.124,ipv4,malicious-ip,medium,WHITE,ziyadnz/hourly-ipv4,ziyadnz|hourly,2026-08-17T18:48:05Z,2026-08-17T18:48:05Z,
48.47.32.142,ipv4,malicious-ip,medium,WHITE,ziyadnz/hourly-ipv4,ziyadnz|hourly,2026-08-17T18:48:05Z,2026-08-17T18:48:05Z,
48.47.32.147,ipv4,malicious-ip,medium,WHITE,ziyadnz/hourly-ipv4,ziyadnz|hourly,2026-08-17T18:48:05Z,2026-08-17T18:48:05Z,
48.47.32.160,ipv4,malicious-ip,medium,WHITE,ziyadnz/hourly-ipv4,ziyadnz|hourly,2026-08-17T18:48:05Z,2026-08-17T18:48:05Z,
48.47.32.167,ipv4,malicious-ip,medium,WHITE,ziyadnz/hourly-ipv4,ziyadnz|hourly,2026-08-17T18:48:05Z,2026-08-17T18:48:05Z,
48.47.32.169,ipv4,malicious-ip,medium,WHITE,ziyadnz/hourly-ipv4,ziyadnz|hourly,2026-08-17T18:48:05Z,2026-08-17T18:48:05Z,
48.47.32.172,ipv4,malicious-ip,medium,WHITE,ziyadnz/hourly-ipv4,ziyadnz|hourly,2026-08-17T18:48:05Z,2026-08-17T18:48:05Z,
48.47.32.183,ipv4,malicious-ip,medium,WHITE,ziyadnz/hourly-ipv4,ziyadnz|hourly,2026-08-17T18:48:05Z,2026-08-17T18:48:05Z,
48.47.32.20,ipv4,malicious-ip,medium,WHITE,ziyadnz/hourly-ipv4,ziyadnz|hourly,2026-08-17T18:48:05Z,2026-08-17T18:48:05Z,
48.47.32.204,ipv4,malicious-ip,medium,WHITE,ziyadnz/hourly-ipv4,ziyadnz|hourly,2026-08-17T18:48:05Z,2026-08-17T18:48:05Z,
48.47.32.235,ipv4,malicious-ip,medium,WHITE,ziyadnz/hourly-ipv4,ziyadnz|hourly,2026-08-17T18:48:05Z,2026-08-17T18:48:05Z,
48.47.32.244,ipv4,malicious-ip,medium,WHITE,ziyadnz/hourly-ipv4,ziyadnz|hourly,2026-08-17T18:48:05Z,2026-08-17T18:48:05Z,
48.47.32.31,ipv4,malicious-ip,medium,WHITE,ziyadnz/hourly-ipv4,ziyadnz|hourly,2026-08-17T18:48:05Z,2026-08-17T18:48:05Z,
48.47.32.35,ipv4,malicious-ip,medium,WHITE,ziyadnz/hourly-ipv4,ziyadnz|hourly,2026-08-17T18:48:05Z,2026-08-17T18:48:05Z,
48.47.32.41,ipv4,malicious-ip,medium,WHITE,ziyadnz/hourly-ipv4,ziyadnz|hourly,2026-08-17T18:48:05Z,2026-08-17T18:48:05Z,
48.47.32.44,ipv4,malicious-ip,medium,WHITE,ziyadnz/hourly-ipv4,ziyadnz|hourly,2026-08-17T18:48:05Z,2026-08-17T18:48:05Z,
48.47.32.58,ipv4,malicious-ip,medium,WHITE,ziyadnz/hourly-ipv4,ziyadnz|hourly,2026-08-17T18:48:05Z,2026-08-17T18:48:05Z,
48.47.32.73,ipv4,malicious-ip,medium,WHITE,ziyadnz/hourly-ipv4,ziyadnz|hourly,2026-08-17T18:48:05Z,2026-08-17T18:48:05Z,
48.47.32.78,ipv4,malicious-ip,medium,WHITE,ziyadnz/hourly-ipv4,ziyadnz|hourly,2026-08-17T18:48:05Z,2026-08-17T18:48:05Z,
48.47.32.9,ipv4,malicious-ip,medium,WHITE,ziyadnz/hourly-ipv4,ziyadnz|hourly,2026-08-17T18:48:05Z,2026-08-17T18:48:05Z,
48.47.32.92,ipv4,malicious-ip,medium,WHITE,ziyadnz/hourly-ipv4,ziyadnz|hourly,2026-08-17T18:48:05Z,2026-08-17T18:48:05Z,
48.47.33.0,ipv4,malicious-ip,medium,WHITE,ziyadnz/hourly-ipv4,ziyadnz|hourly,2026-08-17T18:48:05Z,2026-08-17T18:48:05Z,
48.47.33.104,ipv4,malicious-ip,medium,WHITE,ziyadnz/hourly-ipv4,ziyadnz|hourly,2026-08-17T18:48:05Z,2026-08-17T18:48:05Z,
48.47.33.11,ipv4,malicious-ip,medium,WHITE,ziyadnz/hourly-ipv4,ziyadnz|hourly,2026-08-17T18:48:05Z,2026-08-17T18:48:05Z,
48.47.33.12,ipv4,malicious-ip,medium,WHITE,ziyadnz/hourly-ipv4,ziyadnz|hourly,2026-08-17T18:48:05Z,2026-08-17T18:48:05Z,
48.47.33.120,ipv4,malicious-ip,medium,WHITE,ziyadnz/hourly-ipv4,ziyadnz|hourly,2026-08-17T18:48:05Z,2026-08-17T18:48:05Z,
48.47.33.14,ipv4,malicious-ip,medium,WHITE,ziyadnz/hourly-ipv4,ziyadnz|hourly,2026-08-17T18:48:05Z,2026-08-17T18:48:05Z,
48.47.33.147,ipv4,malicious-ip,medium,WHITE,ziyadnz/hourly-ipv4,ziyadnz|hourly,2026-08-17T18:48:05Z,2026-08-17T18:48:05Z,
48.47.33.149,ipv4,malicious-ip,medium,WHITE,ziyadnz/hourly-ipv4,ziyadnz|hourly,2026-08-17T18:48:05Z,2026-08-17T18:48:05Z,
48.47.33.152,ipv4,malicious-ip,medium,WHITE,ziyadnz/hourly-ipv4,ziyadnz|hourly,2026-08-17T18:48:05Z,2026-08-17T18:48:05Z,
48.47.33.155,ipv4,malicious-ip,medium,WHITE,ziyadnz/hourly-ipv4,ziyadnz|hourly,2026-08-17T18:48:05Z,2026-08-17T18:48:05Z,
48.47.33.161,ipv4,malicious-ip,medium,WHITE,ziyadnz/hourly-ipv4,ziyadnz|hourly,2026-08-17T18:48:05Z,2026-08-17T18:48:05Z,
48.47.33.165,ipv4,malicious-ip,medium,WHITE,ziyadnz/hourly-ipv4,ziyadnz|hourly,2026-08-17T18:48:05Z,2026-08-17T18:48:05Z,
48.47.33.170,ipv4,malicious-ip,medium,WHITE,ziyadnz/hourly-ipv4,ziyadnz|hourly,2026-08-17T18:48:05Z,2026-08-17T18:48:05Z,
48.47.33.197,ipv4,malicious-ip,medium,WHITE,ziyadnz/hourly-ipv4,ziyadnz|hourly,2026-08-17T18:48:05Z,2026-08-17T18:48:05Z,
48.47.33.222,ipv4,malicious-ip,medium,WHITE,ziyadnz/hourly-ipv4,ziyadnz|hourly,2026-08-17T18:48:05Z,2026-08-17T18:48:05Z,
48.47.33.227,ipv4,malicious-ip,medium,WHITE,ziyadnz/hourly-ipv4,ziyadnz|hourly,2026-08-17T18:48:05Z,2026-08-17T18:48:05Z,
48.47.33.23,ipv4,malicious-ip,medium,WHITE,ziyadnz/hourly-ipv4,ziyadnz|hourly,2026-08-17T18:48:05Z,2026-08-17T18:48:05Z,
48.47.33.35,ipv4,malicious-ip,medium,WHITE,ziyadnz/hourly-ipv4,ziyadnz|hourly,2026-08-17T18:48:05Z,2026-08-17T18:48:05Z,
48.47.33.43,ipv4,malicious-ip,medium,WHITE,ziyadnz/hourly-ipv4,ziyadnz|hourly,2026-08-17T18:48:05Z,2026-08-17T18:48:05Z,
48.47.33.87,ipv4,malicious-ip,medium,WHITE,ziyadnz/hourly-ipv4,ziyadnz|hourly,2026-08-17T18:48:05Z,2026-08-17T18:48:05Z,
48.47.33.88,ipv4,malicious-ip,medium,WHITE,ziyadnz/hourly-ipv4,ziyadnz|hourly,2026-08-17T18:48:05Z,2026-08-17T18:48:05Z,
48.47.9.0,ipv4,malicious-ip,medium,WHITE,ziyadnz/hourly-ipv4,ziyadnz|hourly,2026-08-17T18:48:05Z,2026-08-17T18:48:05Z,
48.47.9.145,ipv4,malicious-ip,medium,WHITE,ziyadnz/hourly-ipv4,ziyadnz|hourly,2026-08-17T18:48:05Z,2026-08-17T18:48:05Z,
48.47.9.152,ipv4,malicious-ip,medium,WHITE,ziyadnz/hourly-ipv4,ziyadnz|hourly,2026-08-17T18:48:05Z,2026-08-17T18:48:05Z,
48.47.9.155,ipv4,malicious-ip,medium,WHITE,ziyadnz/hourly-ipv4,ziyadnz|hourly,2026-08-17T18:48:05Z,2026-08-17T18:48:05Z,
48.47.9.158,ipv4,malicious-ip,medium,WHITE,ziyadnz/hourly-ipv4,ziyadnz|hourly,2026-08-17T18:48:05Z,2026-08-17T18:48:05Z,
48.47.9.168,ipv4,malicious-ip,medium,WHITE,ziyadnz/hourly-ipv4,ziyadnz|hourly,2026-08-17T18:48:05Z,2026-08-17T18:48:05Z,
48.47.9.173,ipv4,malicious-ip,medium,WHITE,ziyadnz/hourly-ipv4,ziyadnz|hourly,2026-08-17T18:48:05Z,2026-08-17T18:48:05Z,
48.47.9.183,ipv4,malicious-ip,medium,WHITE,ziyadnz/hourly-ipv4,ziyadnz|hourly,2026-08-17T18:48:05Z,2026-08-17T18:48:05Z,
48.47.9.194,ipv4,malicious-ip,medium,WHITE,ziyadnz/hourly-ipv4,ziyadnz|hourly,2026-08-17T18:48:05Z,2026-08-17T18:48:05Z,
48.47.9.2,ipv4,malicious-ip,medium,WHITE,ziyadnz/hourly-ipv4,ziyadnz|hourly,2026-08-17T18:48:05Z,2026-08-17T18:48:05Z,
48.47.9.202,ipv4,malicious-ip,medium,WHITE,ziyadnz/hourly-ipv4,ziyadnz|hourly,2026-08-17T18:48:05Z,2026-08-17T18:48:05Z,
48.47.9.207,ipv4,malicious-ip,medium,WHITE,ziyadnz/hourly-ipv4,ziyadnz|hourly,2026-08-17T18:48:05Z,2026-08-17T18:48:05Z,
48.47.9.209,ipv4,malicious-ip,medium,WHITE,ziyadnz/hourly-ipv4,ziyadnz|hourly,2026-08-17T18:48:05Z,2026-08-17T18:48:05Z,
48.47.9.220,ipv4,malicious-ip,medium,WHITE,ziyadnz/hourly-ipv4,ziyadnz|hourly,2026-08-17T18:48:05Z,2026-08-17T18:48:05Z,
48.47.9.24,ipv4,malicious-ip,medium,WHITE,ziyadnz/hourly-ipv4,ziyadnz|hourly,2026-08-17T18:48:05Z,2026-08-17T18:48:05Z,
48.47.9.242,ipv4,malicious-ip,medium,WHITE,ziyadnz/hourly-ipv4,ziyadnz|hourly,2026-08-17T18:48:05Z,2026-08-17T18:48:05Z,
48.47.9.26,ipv4,malicious-ip,medium,WHITE,ziyadnz/hourly-ipv4,ziyadnz|hourly,2026-08-17T18:48:05Z,2026-08-17T18:48:05Z,
48.47.9.29,ipv4,malicious-ip,medium,WHITE,ziyadnz/hourly-ipv4,ziyadnz|hourly,2026-08-17T18:48:05Z,2026-08-17T18:48:05Z,
48.47.9.47,ipv4,malicious-ip,medium,WHITE,ziyadnz/hourly-ipv4,ziyadnz|hourly,2026-08-17T18:48:05Z,2026-08-17T18:48:05Z,
48.47.9.66,ipv4,malicious-ip,medium,WHITE,ziyadnz/hourly-ipv4,ziyadnz|hourly,2026-08-17T18:48:05Z,2026-08-17T18:48:05Z,
48.47.9.70,ipv4,malicious-ip,medium,WHITE,ziyadnz/hourly-ipv4,ziyadnz|hourly,2026-08-17T18:48:05Z,2026-08-17T18:48:05Z,
48.47.9.73,ipv4,malicious-ip,medium,WHITE,ziyadnz/hourly-ipv4,ziyadnz|hourly,2026-08-17T18:48:05Z,2026-08-17T18:48:05Z,
48.47.9.74,ipv4,malicious-ip,medium,WHITE,ziyadnz/hourly-ipv4,ziyadnz|hourly,2026-08-17T18:48:05Z,2026-08-17T18:48:05Z,
48.47.9.85,ipv4,malicious-ip,medium,WHITE,ziyadnz/hourly-ipv4,ziyadnz|hourly,2026-08-17T18:48:05Z,2026-08-17T18:48:05Z,
48.47.9.98,ipv4,malicious-ip,medium,WHITE,ziyadnz/hourly-ipv4,ziyadnz|hourly,2026-08-17T18:48:05Z,2026-08-17T18:48:05Z,
49.0.0.175,ipv4,malicious-ip,medium,WHITE,ziyadnz/hourly-ipv4,ziyadnz|hourly,2026-08-17T18:48:05Z,2026-08-17T18:48:05Z,
49.0.27.227,ipv4,malicious-ip,medium,WHITE,ziyadnz/hourly-ipv4,ziyadnz|hourly,2026-08-17T18:48:05Z,2026-08-17T18:48:05Z,
49.0.33.172,ipv4,malicious-ip,medium,WHITE,ziyadnz/hourly-ipv4,ziyadnz|hourly,2026-08-17T18:48:05Z,2026-08-17T18:48:05Z,
49.0.71.58,ipv4,malicious-ip,medium,WHITE,ziyadnz/hourly-ipv4,ziyadnz|hourly,2026-08-17T18:48:05Z,2026-08-17T18:48:05Z,
49.0.82.4,ipv4,malicious-ip,medium,WHITE,ziyadnz/hourly-ipv4,ziyadnz|hourly,2026-08-17T18:48:05Z,2026-08-17T18:48:05Z,
49.112.136.3,ipv4,malicious-ip,medium,WHITE,ziyadnz/hourly-ipv4,ziyadnz|hourly,2026-08-17T18:48:05Z,2026-08-17T18:48:05Z,
49.112.148.7,ipv4,malicious-ip,medium,WHITE,ziyadnz/hourly-ipv4,ziyadnz|hourly,2026-08-17T18:48:05Z,2026-08-17T18:48:05Z,
49.114.122.146,ipv4,malicious-ip,medium,WHITE,ziyadnz/hourly-ipv4,ziyadnz|hourly,2026-08-17T18:48:05Z,2026-08-17T18:48:05Z,
49.115.161.115,ipv4,malicious-ip,medium,WHITE,ziyadnz/hourly-ipv4,ziyadnz|hourly,2026-08-17T18:48:05Z,2026-08-17T18:48:05Z,
49.115.217.120,ipv4,malicious-ip,medium,WHITE,ziyadnz/hourly-ipv4,ziyadnz|hourly,2026-08-17T18:48:05Z,2026-08-17T18:48:05Z,
49.115.217.27,ipv4,malicious-ip,medium,WHITE,ziyadnz/hourly-ipv4,ziyadnz|hourly,2026-08-17T18:48:05Z,2026-08-17T18:48:05Z,
49.115.217.99,ipv4,malicious-ip,medium,WHITE,ziyadnz/hourly-ipv4,ziyadnz|hourly,2026-08-17T18:48:05Z,2026-08-17T18:48:05Z,
49.115.219.13,ipv4,malicious-ip,medium,WHITE,ziyadnz/hourly-ipv4,ziyadnz|hourly,2026-08-17T18:48:05Z,2026-08-17T18:48:05Z,
49.116.25.62,ipv4,malicious-ip,medium,WHITE,ziyadnz/hourly-ipv4,ziyadnz|hourly,2026-08-17T18:48:05Z,2026-08-17T18:48:05Z,
49.118.225.138,ipv4,malicious-ip,medium,WHITE,ziyadnz/hourly-ipv4,ziyadnz|hourly,2026-08-17T18:48:05Z,2026-08-17T18:48:05Z,
49.12.123.4,ipv4,malicious-ip,medium,WHITE,ziyadnz/hourly-ipv4,ziyadnz|hourly,2026-08-17T18:48:05Z,2026-08-17T18:48:05Z,
49.12.129.205,ipv4,malicious-ip,medium,WHITE,ziyadnz/hourly-ipv4,ziyadnz|hourly,2026-08-17T18:48:05Z,2026-08-17T18:48:05Z,
49.12.198.231,ipv4,malicious-ip,medium,WHITE,ziyadnz/hourly-ipv4,ziyadnz|hourly,2026-08-17T18:48:05Z,2026-08-17T18:48:05Z,
49.12.210.140,ipv4,malicious-ip,medium,WHITE,ziyadnz/hourly-ipv4,ziyadnz|hourly,2026-08-17T18:48:05Z,2026-08-17T18:48:05Z,
49.12.222.119,ipv4,malicious-ip,medium,WHITE,ziyadnz/hourly-ipv4,ziyadnz|hourly,2026-08-17T18:48:05Z,2026-08-17T18:48:05Z,
49.12.226.201,ipv4,malicious-ip,medium,WHITE,ziyadnz/hourly-ipv4,ziyadnz|hourly,2026-08-17T18:48:05Z,2026-08-17T18:48:05Z,
49.12.33.172,ipv4,malicious-ip,medium,WHITE,ziyadnz/hourly-ipv4,ziyadnz|hourly,2026-08-17T18:48:05Z,2026-08-17T18:48:05Z,
49.12.36.113,ipv4,malicious-ip,medium,WHITE,ziyadnz/hourly-ipv4,ziyadnz|hourly,2026-08-17T18:48:05Z,2026-08-17T18:48:05Z,
49.12.39.148,ipv4,malicious-ip,medium,WHITE,ziyadnz/hourly-ipv4,ziyadnz|hourly,2026-08-17T18:48:05Z,2026-08-17T18:48:05Z,
49.12.64.229,ipv4,malicious-ip,medium,WHITE,ziyadnz/hourly-ipv4,ziyadnz|hourly,2026-08-17T18:48:05Z,2026-08-17T18:48:05Z,
49.12.67.137,ipv4,malicious-ip,medium,WHITE,ziyadnz/hourly-ipv4,ziyadnz|hourly,2026-08-17T18:48:05Z,2026-08-17T18:48:05Z,
49.12.97.28,ipv4,malicious-ip,medium,WHITE,ziyadnz/hourly-ipv4,ziyadnz|hourly,2026-08-17T18:48:05Z,2026-08-17T18:48:05Z,
49.124.131.245,ipv4,malicious-ip,medium,WHITE,ziyadnz/hourly-ipv4,ziyadnz|hourly,2026-08-17T18:48:05Z,2026-08-17T18:48:05Z,
49.124.132.53,ipv4,malicious-ip,medium,WHITE,ziyadnz/hourly-ipv4,ziyadnz|hourly,2026-08-17T18:48:05Z,2026-08-17T18:48:05Z,
49.124.133.102,ipv4,malicious-ip,medium,WHITE,ziyadnz/hourly-ipv4,ziyadnz|hourly,2026-08-17T18:48:05Z,2026-08-17T18:48:05Z,
49.124.133.224,ipv4,malicious-ip,medium,WHITE,ziyadnz/hourly-ipv4,ziyadnz|hourly,2026-08-17T18:48:05Z,2026-08-17T18:48:05Z,
49.124.142.132,ipv4,malicious-ip,medium,WHITE,ziyadnz/hourly-ipv4,ziyadnz|hourly,2026-08-17T18:48:05Z,2026-08-17T18:48:05Z,
49.124.142.137,ipv4,malicious-ip,medium,WHITE,ziyadnz/hourly-ipv4,ziyadnz|hourly,2026-08-17T18:48:05Z,2026-08-17T18:48:05Z,
49.124.142.138,ipv4,malicious-ip,medium,WHITE,ziyadnz/hourly-ipv4,ziyadnz|hourly,2026-08-17T18:48:05Z,2026-08-17T18:48:05Z,
49.124.145.57,ipv4,malicious-ip,medium,WHITE,ziyadnz/hourly-ipv4,ziyadnz|hourly,2026-08-17T18:48:05Z,2026-08-17T18:48:05Z,
49.124.146.34,ipv4,malicious-ip,medium,WHITE,ziyadnz/hourly-ipv4,ziyadnz|hourly,2026-08-17T18:48:05Z,2026-08-17T18:48:05Z,
49.124.146.41,ipv4,malicious-ip,medium,WHITE,ziyadnz/hourly-ipv4,ziyadnz|hourly,2026-08-17T18:48:05Z,2026-08-17T18:48:05Z,
49.124.146.45,ipv4,malicious-ip,medium,WHITE,ziyadnz/hourly-ipv4,ziyadnz|hourly,2026-08-17T18:48:05Z,2026-08-17T18:48:05Z,
49.124.146.46,ipv4,malicious-ip,medium,WHITE,ziyadnz/hourly-ipv4,ziyadnz|hourly,2026-08-17T18:48:05Z,2026-08-17T18:48:05Z,
49.124.147.100,ipv4,malicious-ip,medium,WHITE,ziyadnz/hourly-ipv4,ziyadnz|hourly,2026-08-17T18:48:05Z,2026-08-17T18:48:05Z,
49.124.147.104,ipv4,malicious-ip,medium,WHITE,ziyadnz/hourly-ipv4,ziyadnz|hourly,2026-08-17T18:48:05Z,2026-08-17T18:48:05Z,
49.124.147.109,ipv4,malicious-ip,medium,WHITE,ziyadnz/hourly-ipv4,ziyadnz|hourly,2026-08-17T18:48:05Z,2026-08-17T18:48:05Z,
49.124.147.120,ipv4,malicious-ip,medium,WHITE,ziyadnz/hourly-ipv4,ziyadnz|hourly,2026-08-17T18:48:05Z,2026-08-17T18:48:05Z,
49.124.147.248,ipv4,malicious-ip,medium,WHITE,ziyadnz/hourly-ipv4,ziyadnz|hourly,2026-08-17T18:48:05Z,2026-08-17T18:48:05Z,
49.124.147.249,ipv4,malicious-ip,medium,WHITE,ziyadnz/hourly-ipv4,ziyadnz|hourly,2026-08-17T18:48:05Z,2026-08-17T18:48:05Z,
49.124.147.250,ipv4,malicious-ip,medium,WHITE,ziyadnz/hourly-ipv4,ziyadnz|hourly,2026-08-17T18:48:05Z,2026-08-17T18:48:05Z,
49.124.147.252,ipv4,malicious-ip,medium,WHITE,ziyadnz/hourly-ipv4,ziyadnz|hourly,2026-08-17T18:48:05Z,2026-08-17T18:48:05Z,
49.124.148.0,ipv4,malicious-ip,medium,WHITE,ziyadnz/hourly-ipv4,ziyadnz|hourly,2026-08-17T18:48:05Z,2026-08-17T18:48:05Z,
49.124.148.186,ipv4,malicious-ip,medium,WHITE,ziyadnz/hourly-ipv4,ziyadnz|hourly,2026-08-17T18:48:05Z,2026-08-17T18:48:05Z,
49.124.148.187,ipv4,malicious-ip,medium,WHITE,ziyadnz/hourly-ipv4,ziyadnz|hourly,2026-08-17T18:48:05Z,2026-08-17T18:48:05Z,
49.124.148.189,ipv4,malicious-ip,medium,WHITE,ziyadnz/hourly-ipv4,ziyadnz|hourly,2026-08-17T18:48:05Z,2026-08-17T18:48:05Z,
49.124.148.192,ipv4,malicious-ip,medium,WHITE,ziyadnz/hourly-ipv4,ziyadnz|hourly,2026-08-17T18:48:05Z,2026-08-17T18:48:05Z,
49.124.148.193,ipv4,malicious-ip,medium,WHITE,ziyadnz/hourly-ipv4,ziyadnz|hourly,2026-08-17T18:48:05Z,2026-08-17T18:48:05Z,
49.124.148.194,ipv4,malicious-ip,medium,WHITE,ziyadnz/hourly-ipv4,ziyadnz|hourly,2026-08-17T18:48:05Z,2026-08-17T18:48:05Z,
49.124.148.2,ipv4,malicious-ip,medium,WHITE,ziyadnz/hourly-ipv4,ziyadnz|hourly,2026-08-17T18:48:05Z,2026-08-17T18:48:05Z,
49.124.148.200,ipv4,malicious-ip,medium,WHITE,ziyadnz/hourly-ipv4,ziyadnz|hourly,2026-08-17T18:48:05Z,2026-08-17T18:48:05Z,
49.124.148.5,ipv4,malicious-ip,medium,WHITE,ziyadnz/hourly-ipv4,ziyadnz|hourly,2026-08-17T18:48:05Z,2026-08-17T18:48:05Z,
49.124.149.0,ipv4,malicious-ip,medium,WHITE,ziyadnz/hourly-ipv4,ziyadnz|hourly,2026-08-17T18:48:05Z,2026-08-17T18:48:05Z,
49.124.149.196,ipv4,malicious-ip,medium,WHITE,ziyadnz/hourly-ipv4,ziyadnz|hourly,2026-08-17T18:48:05Z,2026-08-17T18:48:05Z,
49.124.149.199,ipv4,malicious-ip,medium,WHITE,ziyadnz/hourly-ipv4,ziyadnz|hourly,2026-08-17T18:48:05Z,2026-08-17T18:48:05Z,
49.124.149.20,ipv4,malicious-ip,medium,WHITE,ziyadnz/hourly-ipv4,ziyadnz|hourly,2026-08-17T18:48:05Z,2026-08-17T18:48:05Z,
49.124.149.202,ipv4,malicious-ip,medium,WHITE,ziyadnz/hourly-ipv4,ziyadnz|hourly,2026-08-17T18:48:05Z,2026-08-17T18:48:05Z,
49.124.149.205,ipv4,malicious-ip,medium,WHITE,ziyadnz/hourly-ipv4,ziyadnz|hourly,2026-08-17T18:48:05Z,2026-08-17T18:48:05Z,
49.124.149.208,ipv4,malicious-ip,medium,WHITE,ziyadnz/hourly-ipv4,ziyadnz|hourly,2026-08-17T18:48:05Z,2026-08-17T18:48:05Z,
49.124.149.209,ipv4,malicious-ip,medium,WHITE,ziyadnz/hourly-ipv4,ziyadnz|hourly,2026-08-17T18:48:05Z,2026-08-17T18:48:05Z,
49.124.149.211,ipv4,malicious-ip,medium,WHITE,ziyadnz/hourly-ipv4,ziyadnz|hourly,2026-08-17T18:48:05Z,2026-08-17T18:48:05Z,
49.124.149.213,ipv4,malicious-ip,medium,WHITE,ziyadnz/hourly-ipv4,ziyadnz|hourly,2026-08-17T18:48:05Z,2026-08-17T18:48:05Z,
49.124.149.214,ipv4,malicious-ip,medium,WHITE,ziyadnz/hourly-ipv4,ziyadnz|hourly,2026-08-17T18:48:05Z,2026-08-17T18:48:05Z,
49.124.149.217,ipv4,malicious-ip,medium,WHITE,ziyadnz/hourly-ipv4,ziyadnz|hourly,2026-08-17T18:48:05Z,2026-08-17T18:48:05Z,
49.124.149.26,ipv4,malicious-ip,medium,WHITE,ziyadnz/hourly-ipv4,ziyadnz|hourly,2026-08-17T18:48:05Z,2026-08-17T18:48:05Z,
49.124.149.48,ipv4,malicious-ip,medium,WHITE,ziyadnz/hourly-ipv4,ziyadnz|hourly,2026-08-17T18:48:05Z,2026-08-17T18:48:05Z,
49.124.149.50,ipv4,malicious-ip,medium,WHITE,ziyadnz/hourly-ipv4,ziyadnz|hourly,2026-08-17T18:48:05Z,2026-08-17T18:48:05Z,
49.124.149.54,ipv4,malicious-ip,medium,WHITE,ziyadnz/hourly-ipv4,ziyadnz|hourly,2026-08-17T18:48:05Z,2026-08-17T18:48:05Z,
49.124.149.55,ipv4,malicious-ip,medium,WHITE,ziyadnz/hourly-ipv4,ziyadnz|hourly,2026-08-17T18:48:05Z,2026-08-17T18:48:05Z,
49.124.150.247,ipv4,malicious-ip,medium,WHITE,ziyadnz/hourly-ipv4,ziyadnz|hourly,2026-08-17T18:48:05Z,2026-08-17T18:48:05Z,
49.124.150.248,ipv4,malicious-ip,medium,WHITE,ziyadnz/hourly-ipv4,ziyadnz|hourly,2026-08-17T18:48:05Z,2026-08-17T18:48:05Z,
49.124.150.249,ipv4,malicious-ip,medium,WHITE,ziyadnz/hourly-ipv4,ziyadnz|hourly,2026-08-17T18:48:05Z,2026-08-17T18:48:05Z,
49.124.150.250,ipv4,malicious-ip,medium,WHITE,ziyadnz/hourly-ipv4,ziyadnz|hourly,2026-08-17T18:48:05Z,2026-08-17T18:48:05Z,
49.124.150.251,ipv4,malicious-ip,medium,WHITE,ziyadnz/hourly-ipv4,ziyadnz|hourly,2026-08-17T18:48:05Z,2026-08-17T18:48:05Z,
49.124.150.252,ipv4,malicious-ip,medium,WHITE,ziyadnz/hourly-ipv4,ziyadnz|hourly,2026-08-17T18:48:05Z,2026-08-17T18:48:05Z,
49.124.151.0,ipv4,malicious-ip,medium,WHITE,ziyadnz/hourly-ipv4,ziyadnz|hourly,2026-08-17T18:48:05Z,2026-08-17T18:48:05Z,
49.124.151.11,ipv4,malicious-ip,medium,WHITE,ziyadnz/hourly-ipv4,ziyadnz|hourly,2026-08-17T18:48:05Z,2026-08-17T18:48:05Z,
49.124.151.12,ipv4,malicious-ip,medium,WHITE,ziyadnz/hourly-ipv4,ziyadnz|hourly,2026-08-17T18:48:05Z,2026-08-17T18:48:05Z,
49.124.151.13,ipv4,malicious-ip,medium,WHITE,ziyadnz/hourly-ipv4,ziyadnz|hourly,2026-08-17T18:48:05Z,2026-08-17T18:48:05Z,
49.124.151.14,ipv4,malicious-ip,medium,WHITE,ziyadnz/hourly-ipv4,ziyadnz|hourly,2026-08-17T18:48:05Z,2026-08-17T18:48:05Z,
49.124.151.15,ipv4,malicious-ip,medium,WHITE,ziyadnz/hourly-ipv4,ziyadnz|hourly,2026-08-17T18:48:05Z,2026-08-17T18:48:05Z,
49.124.151.17,ipv4,malicious-ip,medium,WHITE,ziyadnz/hourly-ipv4,ziyadnz|hourly,2026-08-17T18:48:05Z,2026-08-17T18:48:05Z,
49.124.151.2,ipv4,malicious-ip,medium,WHITE,ziyadnz/hourly-ipv4,ziyadnz|hourly,2026-08-17T18:48:05Z,2026-08-17T18:48:05Z,
49.124.151.21,ipv4,malicious-ip,medium,WHITE,ziyadnz/hourly-ipv4,ziyadnz|hourly,2026-08-17T18:48:05Z,2026-08-17T18:48:05Z,
49.124.151.24,ipv4,malicious-ip,medium,WHITE,ziyadnz/hourly-ipv4,ziyadnz|hourly,2026-08-17T18:48:05Z,2026-08-17T18:48:05Z,
49.124.151.27,ipv4,malicious-ip,medium,WHITE,ziyadnz/hourly-ipv4,ziyadnz|hourly,2026-08-17T18:48:05Z,2026-08-17T18:48:05Z,
49.124.151.28,ipv4,malicious-ip,medium,WHITE,ziyadnz/hourly-ipv4,ziyadnz|hourly,2026-08-17T18:48:05Z,2026-08-17T18:48:05Z,
49.124.151.30,ipv4,malicious-ip,medium,WHITE,ziyadnz/hourly-ipv4,ziyadnz|hourly,2026-08-17T18:48:05Z,2026-08-17T18:48:05Z,
49.124.151.40,ipv4,malicious-ip,medium,WHITE,ziyadnz/hourly-ipv4,ziyadnz|hourly,2026-08-17T18:48:05Z,2026-08-17T18:48:05Z,
49.124.151.5,ipv4,malicious-ip,medium,WHITE,ziyadnz/hourly-ipv4,ziyadnz|hourly,2026-08-17T18:48:05Z,2026-08-17T18:48:05Z,
49.124.151.52,ipv4,malicious-ip,medium,WHITE,ziyadnz/hourly-ipv4,ziyadnz|hourly,2026-08-17T18:48:05Z,2026-08-17T18:48:05Z,
49.124.151.53,ipv4,malicious-ip,medium,WHITE,ziyadnz/hourly-ipv4,ziyadnz|hourly,2026-08-17T18:48:05Z,2026-08-17T18:48:05Z,
49.124.151.55,ipv4,malicious-ip,medium,WHITE,ziyadnz/hourly-ipv4,ziyadnz|hourly,2026-08-17T18:48:05Z,2026-08-17T18:48:05Z,
49.124.151.56,ipv4,malicious-ip,medium,WHITE,ziyadnz/hourly-ipv4,ziyadnz|hourly,2026-08-17T18:48:05Z,2026-08-17T18:48:05Z,
49.124.151.58,ipv4,malicious-ip,medium,WHITE,ziyadnz/hourly-ipv4,ziyadnz|hourly,2026-08-17T18:48:05Z,2026-08-17T18:48:05Z,
49.124.151.59,ipv4,malicious-ip,medium,WHITE,ziyadnz/hourly-ipv4,ziyadnz|hourly,2026-08-17T18:48:05Z,2026-08-17T18:48:05Z,
49.124.151.6,ipv4,malicious-ip,medium,WHITE,ziyadnz/hourly-ipv4,ziyadnz|hourly,2026-08-17T18:48:05Z,2026-08-17T18:48:05Z,
49.124.151.60,ipv4,malicious-ip,medium,WHITE,ziyadnz/hourly-ipv4,ziyadnz|hourly,2026-08-17T18:48:05Z,2026-08-17T18:48:05Z,
49.124.151.61,ipv4,malicious-ip,medium,WHITE,ziyadnz/hourly-ipv4,ziyadnz|hourly,2026-08-17T18:48:05Z,2026-08-17T18:48:05Z,
49.124.151.64,ipv4,malicious-ip,medium,WHITE,ziyadnz/hourly-ipv4,ziyadnz|hourly,2026-08-17T18:48:05Z,2026-08-17T18:48:05Z,
49.124.151.7,ipv4,malicious-ip,medium,WHITE,ziyadnz/hourly-ipv4,ziyadnz|hourly,2026-08-17T18:48:05Z,2026-08-17T18:48:05Z,
49.124.151.71,ipv4,malicious-ip,medium,WHITE,ziyadnz/hourly-ipv4,ziyadnz|hourly,2026-08-17T18:48:05Z,2026-08-17T18:48:05Z,
49.124.151.72,ipv4,malicious-ip,medium,WHITE,ziyadnz/hourly-ipv4,ziyadnz|hourly,2026-08-17T18:48:05Z,2026-08-17T18:48:05Z,
49.124.151.76,ipv4,malicious-ip,medium,WHITE,ziyadnz/hourly-ipv4,ziyadnz|hourly,2026-08-17T18:48:05Z,2026-08-17T18:48:05Z,
49.124.151.78,ipv4,malicious-ip,medium,WHITE,ziyadnz/hourly-ipv4,ziyadnz|hourly,2026-08-17T18:48:05Z,2026-08-17T18:48:05Z,
49.124.151.81,ipv4,malicious-ip,medium,WHITE,ziyadnz/hourly-ipv4,ziyadnz|hourly,2026-08-17T18:48:05Z,2026-08-17T18:48:05Z,
49.124.151.83,ipv4,malicious-ip,medium,WHITE,ziyadnz/hourly-ipv4,ziyadnz|hourly,2026-08-17T18:48:05Z,2026-08-17T18:48:05Z,
49.124.151.85,ipv4,malicious-ip,medium,WHITE,ziyadnz/hourly-ipv4,ziyadnz|hourly,2026-08-17T18:48:05Z,2026-08-17T18:48:05Z,
49.124.152.0,ipv4,malicious-ip,medium,WHITE,ziyadnz/hourly-ipv4,ziyadnz|hourly,2026-08-17T18:48:05Z,2026-08-17T18:48:05Z,
49.124.152.145,ipv4,malicious-ip,medium,WHITE,ziyadnz/hourly-ipv4,ziyadnz|hourly,2026-08-17T18:48:05Z,2026-08-17T18:48:05Z,
49.124.152.146,ipv4,malicious-ip,medium,WHITE,ziyadnz/hourly-ipv4,ziyadnz|hourly,2026-08-17T18:48:05Z,2026-08-17T18:48:05Z,
49.124.152.147,ipv4,malicious-ip,medium,WHITE,ziyadnz/hourly-ipv4,ziyadnz|hourly,2026-08-17T18:48:05Z,2026-08-17T18:48:05Z,
49.124.152.148,ipv4,malicious-ip,medium,WHITE,ziyadnz/hourly-ipv4,ziyadnz|hourly,2026-08-17T18:48:05Z,2026-08-17T18:48:05Z,
49.124.152.170,ipv4,malicious-ip,medium,WHITE,ziyadnz/hourly-ipv4,ziyadnz|hourly,2026-08-17T18:48:05Z,2026-08-17T18:48:05Z,
49.124.152.174,ipv4,malicious-ip,medium,WHITE,ziyadnz/hourly-ipv4,ziyadnz|hourly,2026-08-17T18:48:05Z,2026-08-17T18:48:05Z,
49.124.152.207,ipv4,malicious-ip,medium,WHITE,ziyadnz/hourly-ipv4,ziyadnz|hourly,2026-08-17T18:48:05Z,2026-08-17T18:48:05Z,
49.124.152.208,ipv4,malicious-ip,medium,WHITE,ziyadnz/hourly-ipv4,ziyadnz|hourly,2026-08-17T18:48:05Z,2026-08-17T18:48:05Z,
49.124.152.215,ipv4,malicious-ip,medium,WHITE,ziyadnz/hourly-ipv4,ziyadnz|hourly,2026-08-17T18:48:05Z,2026-08-17T18:48:05Z,
49.124.152.217,ipv4,malicious-ip,medium,WHITE,ziyadnz/hourly-ipv4,ziyadnz|hourly,2026-08-17T18:48:05Z,2026-08-17T18:48:05Z,
49.124.152.219,ipv4,malicious-ip,medium,WHITE,ziyadnz/hourly-ipv4,ziyadnz|hourly,2026-08-17T18:48:05Z,2026-08-17T18:48:05Z,
49.124.152.220,ipv4,malicious-ip,medium,WHITE,ziyadnz/hourly-ipv4,ziyadnz|hourly,2026-08-17T18:48:05Z,2026-08-17T18:48:05Z,
49.124.152.222,ipv4,malicious-ip,medium,WHITE,ziyadnz/hourly-ipv4,ziyadnz|hourly,2026-08-17T18:48:05Z,2026-08-17T18:48:05Z,
49.124.152.223,ipv4,malicious-ip,medium,WHITE,ziyadnz/hourly-ipv4,ziyadnz|hourly,2026-08-17T18:48:05Z,2026-08-17T18:48:05Z,
49.124.152.225,ipv4,malicious-ip,medium,WHITE,ziyadnz/hourly-ipv4,ziyadnz|hourly,2026-08-17T18:48:05Z,2026-08-17T18:48:05Z,
49.124.152.226,ipv4,malicious-ip,medium,WHITE,ziyadnz/hourly-ipv4,ziyadnz|hourly,2026-08-17T18:48:05Z,2026-08-17T18:48:05Z,
49.124.152.228,ipv4,malicious-ip,medium,WHITE,ziyadnz/hourly-ipv4,ziyadnz|hourly,2026-08-17T18:48:05Z,2026-08-17T18:48:05Z,
49.124.152.229,ipv4,malicious-ip,medium,WHITE,ziyadnz/hourly-ipv4,ziyadnz|hourly,2026-08-17T18:48:05Z,2026-08-17T18:48:05Z,
49.124.152.232,ipv4,malicious-ip,medium,WHITE,ziyadnz/hourly-ipv4,ziyadnz|hourly,2026-08-17T18:48:05Z,2026-08-17T18:48:05Z,
49.124.152.234,ipv4,malicious-ip,medium,WHITE,ziyadnz/hourly-ipv4,ziyadnz|hourly,2026-08-17T18:48:05Z,2026-08-17T18:48:05Z,
49.124.152.242,ipv4,malicious-ip,medium,WHITE,ziyadnz/hourly-ipv4,ziyadnz|hourly,2026-08-17T18:48:05Z,2026-08-17T18:48:05Z,
49.124.152.247,ipv4,malicious-ip,medium,WHITE,ziyadnz/hourly-ipv4,ziyadnz|hourly,2026-08-17T18:48:05Z,2026-08-17T18:48:05Z,
49.124.152.248,ipv4,malicious-ip,medium,WHITE,ziyadnz/hourly-ipv4,ziyadnz|hourly,2026-08-17T18:48:05Z,2026-08-17T18:48:05Z,
49.124.152.249,ipv4,malicious-ip,medium,WHITE,ziyadnz/hourly-ipv4,ziyadnz|hourly,2026-08-17T18:48:05Z,2026-08-17T18:48:05Z,
49.124.152.250,ipv4,malicious-ip,medium,WHITE,ziyadnz/hourly-ipv4,ziyadnz|hourly,2026-08-17T18:48:05Z,2026-08-17T18:48:05Z,
49.124.152.251,ipv4,malicious-ip,medium,WHITE,ziyadnz/hourly-ipv4,ziyadnz|hourly,2026-08-17T18:48:05Z,2026-08-17T18:48:05Z,
49.124.152.254,ipv4,malicious-ip,medium,WHITE,ziyadnz/hourly-ipv4,ziyadnz|hourly,2026-08-17T18:48:05Z,2026-08-17T18:48:05Z,
49.124.152.27,ipv4,malicious-ip,medium,WHITE,ziyadnz/hourly-ipv4,ziyadnz|hourly,2026-08-17T18:48:05Z,2026-08-17T18:48:05Z,
49.124.152.30,ipv4,malicious-ip,medium,WHITE,ziyadnz/hourly-ipv4,ziyadnz|hourly,2026-08-17T18:48:05Z,2026-08-17T18:48:05Z,
49.124.152.32,ipv4,malicious-ip,medium,WHITE,ziyadnz/hourly-ipv4,ziyadnz|hourly,2026-08-17T18:48:05Z,2026-08-17T18:48:05Z,
49.124.152.33,ipv4,malicious-ip,medium,WHITE,ziyadnz/hourly-ipv4,ziyadnz|hourly,2026-08-17T18:48:05Z,2026-08-17T18:48:05Z,
49.124.152.36,ipv4,malicious-ip,medium,WHITE,ziyadnz/hourly-ipv4,ziyadnz|hourly,2026-08-17T18:48:05Z,2026-08-17T18:48:05Z,
49.124.153.0,ipv4,malicious-ip,medium,WHITE,ziyadnz/hourly-ipv4,ziyadnz|hourly,2026-08-17T18:48:05Z,2026-08-17T18:48:05Z,
49.124.153.16,ipv4,malicious-ip,medium,WHITE,ziyadnz/hourly-ipv4,ziyadnz|hourly,2026-08-17T18:48:05Z,2026-08-17T18:48:05Z,
49.124.153.17,ipv4,malicious-ip,medium,WHITE,ziyadnz/hourly-ipv4,ziyadnz|hourly,2026-08-17T18:48:05Z,2026-08-17T18:48:05Z,
49.124.153.21,ipv4,malicious-ip,medium,WHITE,ziyadnz/hourly-ipv4,ziyadnz|hourly,2026-08-17T18:48:05Z,2026-08-17T18:48:05Z,
49.124.153.22,ipv4,malicious-ip,medium,WHITE,ziyadnz/hourly-ipv4,ziyadnz|hourly,2026-08-17T18:48:05Z,2026-08-17T18:48:05Z,
49.124.153.25,ipv4,malicious-ip,medium,WHITE,ziyadnz/hourly-ipv4,ziyadnz|hourly,2026-08-17T18:48:05Z,2026-08-17T18:48:05Z,
49.124.153.26,ipv4,malicious-ip,medium,WHITE,ziyadnz/hourly-ipv4,ziyadnz|hourly,2026-08-17T18:48:05Z,2026-08-17T18:48:05Z,
49.124.153.27,ipv4,malicious-ip,medium,WHITE,ziyadnz/hourly-ipv4,ziyadnz|hourly,2026-08-17T18:48:05Z,2026-08-17T18:48:05Z,
49.124.153.29,ipv4,malicious-ip,medium,WHITE,ziyadnz/hourly-ipv4,ziyadnz|hourly,2026-08-17T18:48:05Z,2026-08-17T18:48:05Z,
49.124.153.31,ipv4,malicious-ip,medium,WHITE,ziyadnz/hourly-ipv4,ziyadnz|hourly,2026-08-17T18:48:05Z,2026-08-17T18:48:05Z,
49.124.153.35,ipv4,malicious-ip,medium,WHITE,ziyadnz/hourly-ipv4,ziyadnz|hourly,2026-08-17T18:48:05Z,2026-08-17T18:48:05Z,
49.124.153.36,ipv4,malicious-ip,medium,WHITE,ziyadnz/hourly-ipv4,ziyadnz|hourly,2026-08-17T18:48:05Z,2026-08-17T18:48:05Z,
49.124.153.38,ipv4,malicious-ip,medium,WHITE,ziyadnz/hourly-ipv4,ziyadnz|hourly,2026-08-17T18:48:05Z,2026-08-17T18:48:05Z,
49.124.153.4,ipv4,malicious-ip,medium,WHITE,ziyadnz/hourly-ipv4,ziyadnz|hourly,2026-08-17T18:48:05Z,2026-08-17T18:48:05Z,
49.124.153.41,ipv4,malicious-ip,medium,WHITE,ziyadnz/hourly-ipv4,ziyadnz|hourly,2026-08-17T18:48:05Z,2026-08-17T18:48:05Z,
49.124.153.42,ipv4,malicious-ip,medium,WHITE,ziyadnz/hourly-ipv4,ziyadnz|hourly,2026-08-17T18:48:05Z,2026-08-17T18:48:05Z,
49.124.153.44,ipv4,malicious-ip,medium,WHITE,ziyadnz/hourly-ipv4,ziyadnz|hourly,2026-08-17T18:48:05Z,2026-08-17T18:48:05Z,
49.124.153.45,ipv4,malicious-ip,medium,WHITE,ziyadnz/hourly-ipv4,ziyadnz|hourly,2026-08-17T18:48:05Z,2026-08-17T18:48:05Z,
49.124.153.47,ipv4,malicious-ip,medium,WHITE,ziyadnz/hourly-ipv4,ziyadnz|hourly,2026-08-17T18:48:05Z,2026-08-17T18:48:05Z,
49.124.153.56,ipv4,malicious-ip,medium,WHITE,ziyadnz/hourly-ipv4,ziyadnz|hourly,2026-08-17T18:48:05Z,2026-08-17T18:48:05Z,
49.124.153.59,ipv4,malicious-ip,medium,WHITE,ziyadnz/hourly-ipv4,ziyadnz|hourly,2026-08-17T18:48:05Z,2026-08-17T18:48:05Z,
49.124.153.60,ipv4,malicious-ip,medium,WHITE,ziyadnz/hourly-ipv4,ziyadnz|hourly,2026-08-17T18:48:05Z,2026-08-17T18:48:05Z,
49.124.153.64,ipv4,malicious-ip,medium,WHITE,ziyadnz/hourly-ipv4,ziyadnz|hourly,2026-08-17T18:48:05Z,2026-08-17T18:48:05Z,
49.124.153.7,ipv4,malicious-ip,medium,WHITE,ziyadnz/hourly-ipv4,ziyadnz|hourly,2026-08-17T18:48:05Z,2026-08-17T18:48:05Z,
49.124.153.8,ipv4,malicious-ip,medium,WHITE,ziyadnz/hourly-ipv4,ziyadnz|hourly,2026-08-17T18:48:05Z,2026-08-17T18:48:05Z,
49.124.154.159,ipv4,malicious-ip,medium,WHITE,ziyadnz/hourly-ipv4,ziyadnz|hourly,2026-08-17T18:48:05Z,2026-08-17T18:48:05Z,
49.124.154.160,ipv4,malicious-ip,medium,WHITE,ziyadnz/hourly-ipv4,ziyadnz|hourly,2026-08-17T18:48:05Z,2026-08-17T18:48:05Z,
49.124.154.163,ipv4,malicious-ip,medium,WHITE,ziyadnz/hourly-ipv4,ziyadnz|hourly,2026-08-17T18:48:05Z,2026-08-17T18:48:05Z,
49.124.154.164,ipv4,malicious-ip,medium,WHITE,ziyadnz/hourly-ipv4,ziyadnz|hourly,2026-08-17T18:48:05Z,2026-08-17T18:48:05Z,
49.124.154.166,ipv4,malicious-ip,medium,WHITE,ziyadnz/hourly-ipv4,ziyadnz|hourly,2026-08-17T18:48:05Z,2026-08-17T18:48:05Z,
49.124.155.154,ipv4,malicious-ip,medium,WHITE,ziyadnz/hourly-ipv4,ziyadnz|hourly,2026-08-17T18:48:05Z,2026-08-17T18:48:05Z,
49.124.155.162,ipv4,malicious-ip,medium,WHITE,ziyadnz/hourly-ipv4,ziyadnz|hourly,2026-08-17T18:48:05Z,2026-08-17T18:48:05Z,
49.124.155.174,ipv4,malicious-ip,medium,WHITE,ziyadnz/hourly-ipv4,ziyadnz|hourly,2026-08-17T18:48:05Z,2026-08-17T18:48:05Z,
49.124.155.175,ipv4,malicious-ip,medium,WHITE,ziyadnz/hourly-ipv4,ziyadnz|hourly,2026-08-17T18:48:05Z,2026-08-17T18:48:05Z,
49.124.155.176,ipv4,malicious-ip,medium,WHITE,ziyadnz/hourly-ipv4,ziyadnz|hourly,2026-08-17T18:48:05Z,2026-08-17T18:48:05Z,
49.124.155.177,ipv4,malicious-ip,medium,WHITE,ziyadnz/hourly-ipv4,ziyadnz|hourly,2026-08-17T18:48:05Z,2026-08-17T18:48:05Z,
49.124.155.179,ipv4,malicious-ip,medium,WHITE,ziyadnz/hourly-ipv4,ziyadnz|hourly,2026-08-17T18:48:05Z,2026-08-17T18:48:05Z,
49.124.155.180,ipv4,malicious-ip,medium,WHITE,ziyadnz/hourly-ipv4,ziyadnz|hourly,2026-08-17T18:48:05Z,2026-08-17T18:48:05Z,
49.124.155.182,ipv4,malicious-ip,medium,WHITE,ziyadnz/hourly-ipv4,ziyadnz|hourly,2026-08-17T18:48:05Z,2026-08-17T18:48:05Z,
49.124.159.0,ipv4,malicious-ip,medium,WHITE,ziyadnz/hourly-ipv4,ziyadnz|hourly,2026-08-17T18:48:05Z,2026-08-17T18:48:05Z,
49.124.159.179,ipv4,malicious-ip,medium,WHITE,ziyadnz/hourly-ipv4,ziyadnz|hourly,2026-08-17T18:48:05Z,2026-08-17T18:48:05Z,
49.124.159.187,ipv4,malicious-ip,medium,WHITE,ziyadnz/hourly-ipv4,ziyadnz|hourly,2026-08-17T18:48:05Z,2026-08-17T18:48:05Z,
49.124.159.188,ipv4,malicious-ip,medium,WHITE,ziyadnz/hourly-ipv4,ziyadnz|hourly,2026-08-17T18:48:05Z,2026-08-17T18:48:05Z,
49.124.159.191,ipv4,malicious-ip,medium,WHITE,ziyadnz/hourly-ipv4,ziyadnz|hourly,2026-08-17T18:48:05Z,2026-08-17T18:48:05Z,
49.124.159.192,ipv4,malicious-ip,medium,WHITE,ziyadnz/hourly-ipv4,ziyadnz|hourly,2026-08-17T18:48:05Z,2026-08-17T18:48:05Z,
49.124.159.193,ipv4,malicious-ip,medium,WHITE,ziyadnz/hourly-ipv4,ziyadnz|hourly,2026-08-17T18:48:05Z,2026-08-17T18:48:05Z,
49.124.159.194,ipv4,malicious-ip,medium,WHITE,ziyadnz/hourly-ipv4,ziyadnz|hourly,2026-08-17T18:48:05Z,2026-08-17T18:48:05Z,
49.124.159.196,ipv4,malicious-ip,medium,WHITE,ziyadnz/hourly-ipv4,ziyadnz|hourly,2026-08-17T18:48:05Z,2026-08-17T18:48:05Z,
49.124.202.162,ipv4,malicious-ip,medium,WHITE,ziyadnz/hourly-ipv4,ziyadnz|hourly,2026-08-17T18:48:05Z,2026-08-17T18:48:05Z,
49.124.205.169,ipv4,malicious-ip,medium,WHITE,ziyadnz/hourly-ipv4,ziyadnz|hourly,2026-08-17T18:48:05Z,2026-08-17T18:48:05Z,
49.124.32.150,ipv4,malicious-ip,medium,WHITE,ziyadnz/hourly-ipv4,ziyadnz|hourly,2026-08-17T18:48:05Z,2026-08-17T18:48:05Z,
49.125.201.0,ipv4,malicious-ip,medium,WHITE,ziyadnz/hourly-ipv4,ziyadnz|hourly,2026-08-17T18:48:05Z,2026-08-17T18:48:05Z,
49.125.201.63,ipv4,malicious-ip,medium,WHITE,ziyadnz/hourly-ipv4,ziyadnz|hourly,2026-08-17T18:48:05Z,2026-08-17T18:48:05Z,
49.125.201.68,ipv4,malicious-ip,medium,WHITE,ziyadnz/hourly-ipv4,ziyadnz|hourly,2026-08-17T18:48:05Z,2026-08-17T18:48:05Z,
49.125.201.73,ipv4,malicious-ip,medium,WHITE,ziyadnz/hourly-ipv4,ziyadnz|hourly,2026-08-17T18:48:05Z,2026-08-17T18:48:05Z,
49.125.201.75,ipv4,malicious-ip,medium,WHITE,ziyadnz/hourly-ipv4,ziyadnz|hourly,2026-08-17T18:48:05Z,2026-08-17T18:48:05Z,
49.125.201.83,ipv4,malicious-ip,medium,WHITE,ziyadnz/hourly-ipv4,ziyadnz|hourly,2026-08-17T18:48:05Z,2026-08-17T18:48:05Z,
49.125.201.84,ipv4,malicious-ip,medium,WHITE,ziyadnz/hourly-ipv4,ziyadnz|hourly,2026-08-17T18:48:05Z,2026-08-17T18:48:05Z,
49.125.201.89,ipv4,malicious-ip,medium,WHITE,ziyadnz/hourly-ipv4,ziyadnz|hourly,2026-08-17T18:48:05Z,2026-08-17T18:48:05Z,
49.125.201.90,ipv4,malicious-ip,medium,WHITE,ziyadnz/hourly-ipv4,ziyadnz|hourly,2026-08-17T18:48:05Z,2026-08-17T18:48:05Z,
49.125.203.163,ipv4,malicious-ip,medium,WHITE,ziyadnz/hourly-ipv4,ziyadnz|hourly,2026-08-17T18:48:05Z,2026-08-17T18:48:05Z,
49.125.203.165,ipv4,malicious-ip,medium,WHITE,ziyadnz/hourly-ipv4,ziyadnz|hourly,2026-08-17T18:48:05Z,2026-08-17T18:48:05Z,
49.125.203.167,ipv4,malicious-ip,medium,WHITE,ziyadnz/hourly-ipv4,ziyadnz|hourly,2026-08-17T18:48:05Z,2026-08-17T18:48:05Z,
49.125.203.170,ipv4,malicious-ip,medium,WHITE,ziyadnz/hourly-ipv4,ziyadnz|hourly,2026-08-17T18:48:05Z,2026-08-17T18:48:05Z,
49.125.211.95,ipv4,malicious-ip,medium,WHITE,ziyadnz/hourly-ipv4,ziyadnz|hourly,2026-08-17T18:48:05Z,2026-08-17T18:48:05Z,
49.128.202.133,ipv4,malicious-ip,medium,WHITE,ziyadnz/hourly-ipv4,ziyadnz|hourly,2026-08-17T18:48:05Z,2026-08-17T18:48:05Z,
49.13.119.166,ipv4,malicious-ip,medium,WHITE,ziyadnz/hourly-ipv4,ziyadnz|hourly,2026-08-17T18:48:05Z,2026-08-17T18:48:05Z,
49.13.126.124,ipv4,malicious-ip,medium,WHITE,ziyadnz/hourly-ipv4,ziyadnz|hourly,2026-08-17T18:48:05Z,2026-08-17T18:48:05Z,
49.13.134.150,ipv4,malicious-ip,medium,WHITE,ziyadnz/hourly-ipv4,ziyadnz|hourly,2026-08-17T18:48:05Z,2026-08-17T18:48:05Z,
49.13.134.208,ipv4,malicious-ip,medium,WHITE,ziyadnz/hourly-ipv4,ziyadnz|hourly,2026-08-17T18:48:05Z,2026-08-17T18:48:05Z,
49.13.15.66,ipv4,malicious-ip,medium,WHITE,ziyadnz/hourly-ipv4,ziyadnz|hourly,2026-08-17T18:48:05Z,2026-08-17T18:48:05Z,
49.13.150.186,ipv4,malicious-ip,medium,WHITE,ziyadnz/hourly-ipv4,ziyadnz|hourly,2026-08-17T18:48:05Z,2026-08-17T18:48:05Z,
49.13.161.138,ipv4,malicious-ip,medium,WHITE,ziyadnz/hourly-ipv4,ziyadnz|hourly,2026-08-17T18:48:05Z,2026-08-17T18:48:05Z,
49.13.18.115,ipv4,malicious-ip,medium,WHITE,ziyadnz/hourly-ipv4,ziyadnz|hourly,2026-08-17T18:48:05Z,2026-08-17T18:48:05Z,
49.13.194.118,ipv4,malicious-ip,medium,WHITE,ziyadnz/hourly-ipv4,ziyadnz|hourly,2026-08-17T18:48:05Z,2026-08-17T18:48:05Z,
49.13.195.223,ipv4,malicious-ip,medium,WHITE,ziyadnz/hourly-ipv4,ziyadnz|hourly,2026-08-17T18:48:05Z,2026-08-17T18:48:05Z,
49.13.206.189,ipv4,malicious-ip,medium,WHITE,ziyadnz/hourly-ipv4,ziyadnz|hourly,2026-08-17T18:48:05Z,2026-08-17T18:48:05Z,
49.13.222.98,ipv4,malicious-ip,medium,WHITE,ziyadnz/hourly-ipv4,ziyadnz|hourly,2026-08-17T18:48:05Z,2026-08-17T18:48:05Z,
49.13.223.19,ipv4,malicious-ip,medium,WHITE,ziyadnz/hourly-ipv4,ziyadnz|hourly,2026-08-17T18:48:05Z,2026-08-17T18:48:05Z,
49.13.76.144,ipv4,malicious-ip,medium,WHITE,ziyadnz/hourly-ipv4,ziyadnz|hourly,2026-08-17T18:48:05Z,2026-08-17T18:48:05Z,
49.13.86.131,ipv4,malicious-ip,medium,WHITE,ziyadnz/hourly-ipv4,ziyadnz|hourly,2026-08-17T18:48:05Z,2026-08-17T18:48:05Z,
49.13.89.149,ipv4,malicious-ip,medium,WHITE,ziyadnz/hourly-ipv4,ziyadnz|hourly,2026-08-17T18:48:05Z,2026-08-17T18:48:05Z,
49.14.143.15,ipv4,malicious-ip,medium,WHITE,ziyadnz/hourly-ipv4,ziyadnz|hourly,2026-08-17T18:48:05Z,2026-08-17T18:48:05Z,
49.14.174.7,ipv4,malicious-ip,medium,WHITE,ziyadnz/hourly-ipv4,ziyadnz|hourly,2026-08-17T18:48:05Z,2026-08-17T18:48:05Z,
49.14.186.249,ipv4,malicious-ip,medium,WHITE,ziyadnz/hourly-ipv4,ziyadnz|hourly,2026-08-17T18:48:05Z,2026-08-17T18:48:05Z,
49.142.138.83,ipv4,malicious-ip,medium,WHITE,ziyadnz/hourly-ipv4,ziyadnz|hourly,2026-08-17T18:48:05Z,2026-08-17T18:48:05Z,
49.142.149.134,ipv4,malicious-ip,medium,WHITE,ziyadnz/hourly-ipv4,ziyadnz|hourly,2026-08-17T18:48:05Z,2026-08-17T18:48:05Z,
49.142.74.19,ipv4,malicious-ip,medium,WHITE,ziyadnz/hourly-ipv4,ziyadnz|hourly,2026-08-17T18:48:05Z,2026-08-17T18:48:05Z,
49.142.79.72,ipv4,malicious-ip,medium,WHITE,ziyadnz/hourly-ipv4,ziyadnz|hourly,2026-08-17T18:48:05Z,2026-08-17T18:48:05Z,
49.142.82.104,ipv4,malicious-ip,medium,WHITE,ziyadnz/hourly-ipv4,ziyadnz|hourly,2026-08-17T18:48:05Z,2026-08-17T18:48:05Z,
49.143.129.24,ipv4,malicious-ip,medium,WHITE,ziyadnz/hourly-ipv4,ziyadnz|hourly,2026-08-17T18:48:05Z,2026-08-17T18:48:05Z,
49.143.23.35,ipv4,malicious-ip,medium,WHITE,ziyadnz/hourly-ipv4,ziyadnz|hourly,2026-08-17T18:48:05Z,2026-08-17T18:48:05Z,
49.144.163.214,ipv4,malicious-ip,medium,WHITE,ziyadnz/hourly-ipv4,ziyadnz|hourly,2026-08-17T18:48:05Z,2026-08-17T18:48:05Z,
49.144.168.123,ipv4,malicious-ip,medium,WHITE,ziyadnz/hourly-ipv4,ziyadnz|hourly,2026-08-17T18:48:05Z,2026-08-17T18:48:05Z,
49.144.192.133,ipv4,malicious-ip,medium,WHITE,ziyadnz/hourly-ipv4,ziyadnz|hourly,2026-08-17T18:48:05Z,2026-08-17T18:48:05Z,
49.144.65.156,ipv4,malicious-ip,medium,WHITE,ziyadnz/hourly-ipv4,ziyadnz|hourly,2026-08-17T18:48:05Z,2026-08-17T18:48:05Z,
49.145.168.95,ipv4,malicious-ip,medium,WHITE,ziyadnz/hourly-ipv4,ziyadnz|hourly,2026-08-17T18:48:05Z,2026-08-17T18:48:05Z,
49.145.182.138,ipv4,malicious-ip,medium,WHITE,ziyadnz/hourly-ipv4,ziyadnz|hourly,2026-08-17T18:48:05Z,2026-08-17T18:48:05Z,
49.145.186.113,ipv4,malicious-ip,medium,WHITE,ziyadnz/hourly-ipv4,ziyadnz|hourly,2026-08-17T18:48:05Z,2026-08-17T18:48:05Z,
49.145.188.119,ipv4,malicious-ip,medium,WHITE,ziyadnz/hourly-ipv4,ziyadnz|hourly,2026-08-17T18:48:05Z,2026-08-17T18:48:05Z,
49.145.211.146,ipv4,malicious-ip,medium,WHITE,ziyadnz/hourly-ipv4,ziyadnz|hourly,2026-08-17T18:48:05Z,2026-08-17T18:48:05Z,
49.145.73.137,ipv4,malicious-ip,medium,WHITE,ziyadnz/hourly-ipv4,ziyadnz|hourly,2026-08-17T18:48:05Z,2026-08-17T18:48:05Z,
49.146.201.167,ipv4,malicious-ip,medium,WHITE,ziyadnz/hourly-ipv4,ziyadnz|hourly,2026-08-17T18:48:05Z,2026-08-17T18:48:05Z,
49.147.34.217,ipv4,malicious-ip,medium,WHITE,ziyadnz/hourly-ipv4,ziyadnz|hourly,2026-08-17T18:48:05Z,2026-08-17T18:48:05Z,
49.147.58.192,ipv4,malicious-ip,medium,WHITE,ziyadnz/hourly-ipv4,ziyadnz|hourly,2026-08-17T18:48:05Z,2026-08-17T18:48:05Z,
49.148.243.117,ipv4,malicious-ip,medium,WHITE,ziyadnz/hourly-ipv4,ziyadnz|hourly,2026-08-17T18:48:05Z,2026-08-17T18:48:05Z,
49.148.50.19,ipv4,malicious-ip,medium,WHITE,ziyadnz/hourly-ipv4,ziyadnz|hourly,2026-08-17T18:48:05Z,2026-08-17T18:48:05Z,
49.148.59.255,ipv4,malicious-ip,medium,WHITE,ziyadnz/hourly-ipv4,ziyadnz|hourly,2026-08-17T18:48:05Z,2026-08-17T18:48:05Z,
49.149.101.244,ipv4,malicious-ip,medium,WHITE,ziyadnz/hourly-ipv4,ziyadnz|hourly,2026-08-17T18:48:05Z,2026-08-17T18:48:05Z,
49.149.97.147,ipv4,malicious-ip,medium,WHITE,ziyadnz/hourly-ipv4,ziyadnz|hourly,2026-08-17T18:48:05Z,2026-08-17T18:48:05Z,
49.15.232.26,ipv4,malicious-ip,medium,WHITE,ziyadnz/hourly-ipv4,ziyadnz|hourly,2026-08-17T18:48:05Z,2026-08-17T18:48:05Z,
49.150.133.145,ipv4,malicious-ip,medium,WHITE,ziyadnz/hourly-ipv4,ziyadnz|hourly,2026-08-17T18:48:05Z,2026-08-17T18:48:05Z,
49.151.129.9,ipv4,malicious-ip,medium,WHITE,ziyadnz/hourly-ipv4,ziyadnz|hourly,2026-08-17T18:48:05Z,2026-08-17T18:48:05Z,
49.151.170.245,ipv4,malicious-ip,medium,WHITE,ziyadnz/hourly-ipv4,ziyadnz|hourly,2026-08-17T18:48:05Z,2026-08-17T18:48:05Z,
49.151.214.123,ipv4,malicious-ip,medium,WHITE,ziyadnz/hourly-ipv4,ziyadnz|hourly,2026-08-17T18:48:05Z,2026-08-17T18:48:05Z,
49.156.118.81,ipv4,malicious-ip,medium,WHITE,ziyadnz/hourly-ipv4,ziyadnz|hourly,2026-08-17T18:48:05Z,2026-08-17T18:48:05Z,
49.156.126.154,ipv4,malicious-ip,medium,WHITE,ziyadnz/hourly-ipv4,ziyadnz|hourly,2026-08-17T18:48:05Z,2026-08-17T18:48:05Z,
49.156.91.251,ipv4,malicious-ip,medium,WHITE,ziyadnz/hourly-ipv4,ziyadnz|hourly,2026-08-17T18:48:05Z,2026-08-17T18:48:05Z,
49.156.92.97,ipv4,malicious-ip,medium,WHITE,ziyadnz/hourly-ipv4,ziyadnz|hourly,2026-08-17T18:48:05Z,2026-08-17T18:48:05Z,
49.157.61.27,ipv4,malicious-ip,medium,WHITE,ziyadnz/hourly-ipv4,ziyadnz|hourly,2026-08-17T18:48:05Z,2026-08-17T18:48:05Z,
49.157.93.19,ipv4,malicious-ip,medium,WHITE,ziyadnz/hourly-ipv4,ziyadnz|hourly,2026-08-17T18:48:05Z,2026-08-17T18:48:05Z,
49.158.204.52,ipv4,malicious-ip,medium,WHITE,ziyadnz/hourly-ipv4,ziyadnz|hourly,2026-08-17T18:48:05Z,2026-08-17T18:48:05Z,
49.158.31.251,ipv4,malicious-ip,medium,WHITE,ziyadnz/hourly-ipv4,ziyadnz|hourly,2026-08-17T18:48:05Z,2026-08-17T18:48:05Z,
49.158.69.60,ipv4,malicious-ip,medium,WHITE,ziyadnz/hourly-ipv4,ziyadnz|hourly,2026-08-17T18:48:05Z,2026-08-17T18:48:05Z,
49.160.135.102,ipv4,malicious-ip,medium,WHITE,ziyadnz/hourly-ipv4,ziyadnz|hourly,2026-08-17T18:48:05Z,2026-08-17T18:48:05Z,
49.162.255.210,ipv4,malicious-ip,medium,WHITE,ziyadnz/hourly-ipv4,ziyadnz|hourly,2026-08-17T18:48:05Z,2026-08-17T18:48:05Z,
49.173.219.139,ipv4,malicious-ip,medium,WHITE,ziyadnz/hourly-ipv4,ziyadnz|hourly,2026-08-17T18:48:05Z,2026-08-17T18:48:05Z,
49.174.174.10,ipv4,malicious-ip,medium,WHITE,ziyadnz/hourly-ipv4,ziyadnz|hourly,2026-08-17T18:48:05Z,2026-08-17T18:48:05Z,
49.175.49.95,ipv4,malicious-ip,medium,WHITE,ziyadnz/hourly-ipv4,ziyadnz|hourly,2026-08-17T18:48:05Z,2026-08-17T18:48:05Z,
49.176.254.54,ipv4,malicious-ip,medium,WHITE,ziyadnz/hourly-ipv4,ziyadnz|hourly,2026-08-17T18:48:05Z,2026-08-17T18:48:05Z,
49.177.15.84,ipv4,malicious-ip,medium,WHITE,ziyadnz/hourly-ipv4,ziyadnz|hourly,2026-08-17T18:48:05Z,2026-08-17T18:48:05Z,
49.192.67.2,ipv4,malicious-ip,medium,WHITE,ziyadnz/hourly-ipv4,ziyadnz|hourly,2026-08-17T18:48:05Z,2026-08-17T18:48:05Z,
49.200.158.226,ipv4,malicious-ip,medium,WHITE,ziyadnz/hourly-ipv4,ziyadnz|hourly,2026-08-17T18:48:05Z,2026-08-17T18:48:05Z,
49.200.231.98,ipv4,malicious-ip,medium,WHITE,ziyadnz/hourly-ipv4,ziyadnz|hourly,2026-08-17T18:48:05Z,2026-08-17T18:48:05Z,
49.200.45.66,ipv4,malicious-ip,medium,WHITE,ziyadnz/hourly-ipv4,ziyadnz|hourly,2026-08-17T18:48:05Z,2026-08-17T18:48:05Z,
49.200.53.10,ipv4,malicious-ip,medium,WHITE,ziyadnz/hourly-ipv4,ziyadnz|hourly,2026-08-17T18:48:05Z,2026-08-17T18:48:05Z,
49.204.112.200,ipv4,malicious-ip,medium,WHITE,ziyadnz/hourly-ipv4,ziyadnz|hourly,2026-08-17T18:48:05Z,2026-08-17T18:48:05Z,
49.204.124.32,ipv4,malicious-ip,medium,WHITE,ziyadnz/hourly-ipv4,ziyadnz|hourly,2026-08-17T18:48:05Z,2026-08-17T18:48:05Z,
49.204.127.209,ipv4,malicious-ip,medium,WHITE,ziyadnz/hourly-ipv4,ziyadnz|hourly,2026-08-17T18:48:05Z,2026-08-17T18:48:05Z,
49.204.128.101,ipv4,malicious-ip,medium,WHITE,ziyadnz/hourly-ipv4,ziyadnz|hourly,2026-08-17T18:48:05Z,2026-08-17T18:48:05Z,
49.204.13.99,ipv4,malicious-ip,medium,WHITE,ziyadnz/hourly-ipv4,ziyadnz|hourly,2026-08-17T18:48:05Z,2026-08-17T18:48:05Z,
49.204.152.71,ipv4,malicious-ip,medium,WHITE,ziyadnz/hourly-ipv4,ziyadnz|hourly,2026-08-17T18:48:05Z,2026-08-17T18:48:05Z,
49.204.18.20,ipv4,malicious-ip,medium,WHITE,ziyadnz/hourly-ipv4,ziyadnz|hourly,2026-08-17T18:48:05Z,2026-08-17T18:48:05Z,
49.204.200.100,ipv4,malicious-ip,medium,WHITE,ziyadnz/hourly-ipv4,ziyadnz|hourly,2026-08-17T18:48:05Z,2026-08-17T18:48:05Z,
49.204.214.0,ipv4,malicious-ip,medium,WHITE,ziyadnz/hourly-ipv4,ziyadnz|hourly,2026-08-17T18:48:05Z,2026-08-17T18:48:05Z,
49.204.233.216,ipv4,malicious-ip,medium,WHITE,ziyadnz/hourly-ipv4,ziyadnz|hourly,2026-08-17T18:48:05Z,2026-08-17T18:48:05Z,
49.204.236.211,ipv4,malicious-ip,medium,WHITE,ziyadnz/hourly-ipv4,ziyadnz|hourly,2026-08-17T18:48:05Z,2026-08-17T18:48:05Z,
49.204.25.210,ipv4,malicious-ip,medium,WHITE,ziyadnz/hourly-ipv4,ziyadnz|hourly,2026-08-17T18:48:05Z,2026-08-17T18:48:05Z,
49.204.65.90,ipv4,malicious-ip,medium,WHITE,ziyadnz/hourly-ipv4,ziyadnz|hourly,2026-08-17T18:48:05Z,2026-08-17T18:48:05Z,
49.204.73.250,ipv4,malicious-ip,medium,WHITE,ziyadnz/hourly-ipv4,ziyadnz|hourly,2026-08-17T18:48:05Z,2026-08-17T18:48:05Z,
49.204.75.90,ipv4,malicious-ip,medium,WHITE,ziyadnz/hourly-ipv4,ziyadnz|hourly,2026-08-17T18:48:05Z,2026-08-17T18:48:05Z,
49.204.75.92,ipv4,malicious-ip,medium,WHITE,ziyadnz/hourly-ipv4,ziyadnz|hourly,2026-08-17T18:48:05Z,2026-08-17T18:48:05Z,
49.205.123.191,ipv4,malicious-ip,medium,WHITE,ziyadnz/hourly-ipv4,ziyadnz|hourly,2026-08-17T18:48:05Z,2026-08-17T18:48:05Z,
49.205.146.249,ipv4,malicious-ip,medium,WHITE,ziyadnz/hourly-ipv4,ziyadnz|hourly,2026-08-17T18:48:05Z,2026-08-17T18:48:05Z,
49.205.151.233,ipv4,malicious-ip,medium,WHITE,ziyadnz/hourly-ipv4,ziyadnz|hourly,2026-08-17T18:48:05Z,2026-08-17T18:48:05Z,
49.205.169.78,ipv4,malicious-ip,medium,WHITE,ziyadnz/hourly-ipv4,ziyadnz|hourly,2026-08-17T18:48:05Z,2026-08-17T18:48:05Z,
49.205.176.23,ipv4,malicious-ip,medium,WHITE,ziyadnz/hourly-ipv4,ziyadnz|hourly,2026-08-17T18:48:05Z,2026-08-17T18:48:05Z,
49.205.183.78,ipv4,malicious-ip,medium,WHITE,ziyadnz/hourly-ipv4,ziyadnz|hourly,2026-08-17T18:48:05Z,2026-08-17T18:48:05Z,
49.205.35.12,ipv4,malicious-ip,medium,WHITE,ziyadnz/hourly-ipv4,ziyadnz|hourly,2026-08-17T18:48:05Z,2026-08-17T18:48:05Z,
49.205.70.219,ipv4,malicious-ip,medium,WHITE,ziyadnz/hourly-ipv4,ziyadnz|hourly,2026-08-17T18:48:05Z,2026-08-17T18:48:05Z,
49.206.112.51,ipv4,malicious-ip,medium,WHITE,ziyadnz/hourly-ipv4,ziyadnz|hourly,2026-08-17T18:48:05Z,2026-08-17T18:48:05Z,
49.206.119.191,ipv4,malicious-ip,medium,WHITE,ziyadnz/hourly-ipv4,ziyadnz|hourly,2026-08-17T18:48:05Z,2026-08-17T18:48:05Z,
49.206.119.203,ipv4,malicious-ip,medium,WHITE,ziyadnz/hourly-ipv4,ziyadnz|hourly,2026-08-17T18:48:05Z,2026-08-17T18:48:05Z,
49.206.201.253,ipv4,malicious-ip,medium,WHITE,ziyadnz/hourly-ipv4,ziyadnz|hourly,2026-08-17T18:48:05Z,2026-08-17T18:48:05Z,
49.206.203.12,ipv4,malicious-ip,medium,WHITE,ziyadnz/hourly-ipv4,ziyadnz|hourly,2026-08-17T18:48:05Z,2026-08-17T18:48:05Z,
49.206.27.37,ipv4,malicious-ip,medium,WHITE,ziyadnz/hourly-ipv4,ziyadnz|hourly,2026-08-17T18:48:05Z,2026-08-17T18:48:05Z,
49.206.38.178,ipv4,malicious-ip,medium,WHITE,ziyadnz/hourly-ipv4,ziyadnz|hourly,2026-08-17T18:48:05Z,2026-08-17T18:48:05Z,
49.206.45.105,ipv4,malicious-ip,medium,WHITE,ziyadnz/hourly-ipv4,ziyadnz|hourly,2026-08-17T18:48:05Z,2026-08-17T18:48:05Z,
49.206.51.180,ipv4,malicious-ip,medium,WHITE,ziyadnz/hourly-ipv4,ziyadnz|hourly,2026-08-17T18:48:05Z,2026-08-17T18:48:05Z,
49.206.59.142,ipv4,malicious-ip,medium,WHITE,ziyadnz/hourly-ipv4,ziyadnz|hourly,2026-08-17T18:48:05Z,2026-08-17T18:48:05Z,
49.206.8.147,ipv4,malicious-ip,medium,WHITE,ziyadnz/hourly-ipv4,ziyadnz|hourly,2026-08-17T18:48:05Z,2026-08-17T18:48:05Z,
49.207.0.145,ipv4,malicious-ip,medium,WHITE,ziyadnz/hourly-ipv4,ziyadnz|hourly,2026-08-17T18:48:05Z,2026-08-17T18:48:05Z,
49.207.10.116,ipv4,malicious-ip,medium,WHITE,ziyadnz/hourly-ipv4,ziyadnz|hourly,2026-08-17T18:48:05Z,2026-08-17T18:48:05Z,
49.207.178.67,ipv4,malicious-ip,medium,WHITE,ziyadnz/hourly-ipv4,ziyadnz|hourly,2026-08-17T18:48:05Z,2026-08-17T18:48:05Z,
49.207.186.21,ipv4,malicious-ip,medium,WHITE,ziyadnz/hourly-ipv4,ziyadnz|hourly,2026-08-17T18:48:05Z,2026-08-17T18:48:05Z,
49.207.187.251,ipv4,malicious-ip,medium,WHITE,ziyadnz/hourly-ipv4,ziyadnz|hourly,2026-08-17T18:48:05Z,2026-08-17T18:48:05Z,
49.207.240.66,ipv4,malicious-ip,medium,WHITE,ziyadnz/hourly-ipv4,ziyadnz|hourly,2026-08-17T18:48:05Z,2026-08-17T18:48:05Z,
49.207.246.187,ipv4,malicious-ip,medium,WHITE,ziyadnz/hourly-ipv4,ziyadnz|hourly,2026-08-17T18:48:05Z,2026-08-17T18:48:05Z,
49.207.247.84,ipv4,malicious-ip,medium,WHITE,ziyadnz/hourly-ipv4,ziyadnz|hourly,2026-08-17T18:48:05Z,2026-08-17T18:48:05Z,
49.207.32.50,ipv4,malicious-ip,medium,WHITE,ziyadnz/hourly-ipv4,ziyadnz|hourly,2026-08-17T18:48:05Z,2026-08-17T18:48:05Z,
49.207.56.74,ipv4,malicious-ip,medium,WHITE,ziyadnz/hourly-ipv4,ziyadnz|hourly,2026-08-17T18:48:05Z,2026-08-17T18:48:05Z,
49.207.7.5,ipv4,malicious-ip,medium,WHITE,ziyadnz/hourly-ipv4,ziyadnz|hourly,2026-08-17T18:48:05Z,2026-08-17T18:48:05Z,
49.207.7.50,ipv4,malicious-ip,medium,WHITE,ziyadnz/hourly-ipv4,ziyadnz|hourly,2026-08-17T18:48:05Z,2026-08-17T18:48:05Z,
49.207.9.39,ipv4,malicious-ip,medium,WHITE,ziyadnz/hourly-ipv4,ziyadnz|hourly,2026-08-17T18:48:05Z,2026-08-17T18:48:05Z,
49.212.154.161,ipv4,malicious-ip,medium,WHITE,ziyadnz/hourly-ipv4,ziyadnz|hourly,2026-08-17T18:48:05Z,2026-08-17T18:48:05Z,
49.212.161.73,ipv4,malicious-ip,medium,WHITE,ziyadnz/hourly-ipv4,ziyadnz|hourly,2026-08-17T18:48:05Z,2026-08-17T18:48:05Z,
49.212.193.93,ipv4,malicious-ip,medium,WHITE,ziyadnz/hourly-ipv4,ziyadnz|hourly,2026-08-17T18:48:05Z,2026-08-17T18:48:05Z,
49.212.199.186,ipv4,malicious-ip,medium,WHITE,ziyadnz/hourly-ipv4,ziyadnz|hourly,2026-08-17T18:48:05Z,2026-08-17T18:48:05Z,
49.212.234.206,ipv4,malicious-ip,medium,WHITE,ziyadnz/hourly-ipv4,ziyadnz|hourly,2026-08-17T18:48:05Z,2026-08-17T18:48:05Z,
49.213.153.168,ipv4,malicious-ip,medium,WHITE,ziyadnz/hourly-ipv4,ziyadnz|hourly,2026-08-17T18:48:05Z,2026-08-17T18:48:05Z,
49.213.160.43,ipv4,malicious-ip,medium,WHITE,ziyadnz/hourly-ipv4,ziyadnz|hourly,2026-08-17T18:48:05Z,2026-08-17T18:48:05Z,
49.213.212.132,ipv4,malicious-ip,medium,WHITE,ziyadnz/hourly-ipv4,ziyadnz|hourly,2026-08-17T18:48:05Z,2026-08-17T18:48:05Z,
49.213.215.15,ipv4,malicious-ip,medium,WHITE,ziyadnz/hourly-ipv4,ziyadnz|hourly,2026-08-17T18:48:05Z,2026-08-17T18:48:05Z,
49.216.120.202,ipv4,malicious-ip,medium,WHITE,ziyadnz/hourly-ipv4,ziyadnz|hourly,2026-08-17T18:48:05Z,2026-08-17T18:48:05Z,
49.216.124.104,ipv4,malicious-ip,medium,WHITE,ziyadnz/hourly-ipv4,ziyadnz|hourly,2026-08-17T18:48:05Z,2026-08-17T18:48:05Z,
49.228.237.161,ipv4,malicious-ip,medium,WHITE,ziyadnz/hourly-ipv4,ziyadnz|hourly,2026-08-17T18:48:05Z,2026-08-17T18:48:05Z,
49.228.239.92,ipv4,malicious-ip,medium,WHITE,ziyadnz/hourly-ipv4,ziyadnz|hourly,2026-08-17T18:48:05Z,2026-08-17T18:48:05Z,
49.228.240.243,ipv4,malicious-ip,medium,WHITE,ziyadnz/hourly-ipv4,ziyadnz|hourly,2026-08-17T18:48:05Z,2026-08-17T18:48:05Z,
49.228.9.12,ipv4,malicious-ip,medium,WHITE,ziyadnz/hourly-ipv4,ziyadnz|hourly,2026-08-17T18:48:05Z,2026-08-17T18:48:05Z,
49.229.102.187,ipv4,malicious-ip,medium,WHITE,ziyadnz/hourly-ipv4,ziyadnz|hourly,2026-08-17T18:48:05Z,2026-08-17T18:48:05Z,
49.229.34.162,ipv4,malicious-ip,medium,WHITE,ziyadnz/hourly-ipv4,ziyadnz|hourly,2026-08-17T18:48:05Z,2026-08-17T18:48:05Z,
49.229.56.78,ipv4,malicious-ip,medium,WHITE,ziyadnz/hourly-ipv4,ziyadnz|hourly,2026-08-17T18:48:05Z,2026-08-17T18:48:05Z,
49.231.148.152,ipv4,malicious-ip,medium,WHITE,ziyadnz/hourly-ipv4,ziyadnz|hourly,2026-08-17T18:48:05Z,2026-08-17T18:48:05Z,
49.231.18.150,ipv4,malicious-ip,medium,WHITE,ziyadnz/hourly-ipv4,ziyadnz|hourly,2026-08-17T18:48:05Z,2026-08-17T18:48:05Z,
49.231.191.245,ipv4,malicious-ip,medium,WHITE,ziyadnz/hourly-ipv4,ziyadnz|hourly,2026-08-17T18:48:05Z,2026-08-17T18:48:05Z,
49.232.100.95,ipv4,malicious-ip,medium,WHITE,ziyadnz/hourly-ipv4,ziyadnz|hourly,2026-08-17T18:48:05Z,2026-08-17T18:48:05Z,
49.232.132.53,ipv4,malicious-ip,medium,WHITE,ziyadnz/hourly-ipv4,ziyadnz|hourly,2026-08-17T18:48:05Z,2026-08-17T18:48:05Z,
49.232.171.49,ipv4,malicious-ip,medium,WHITE,ziyadnz/hourly-ipv4,ziyadnz|hourly,2026-08-17T18:48:05Z,2026-08-17T18:48:05Z,
49.232.185.137,ipv4,malicious-ip,medium,WHITE,ziyadnz/hourly-ipv4,ziyadnz|hourly,2026-08-17T18:48:05Z,2026-08-17T18:48:05Z,
49.232.193.149,ipv4,malicious-ip,medium,WHITE,ziyadnz/hourly-ipv4,ziyadnz|hourly,2026-08-17T18:48:05Z,2026-08-17T18:48:05Z,
49.232.210.209,ipv4,malicious-ip,medium,WHITE,ziyadnz/hourly-ipv4,ziyadnz|hourly,2026-08-17T18:48:05Z,2026-08-17T18:48:05Z,
49.232.241.245,ipv4,malicious-ip,medium,WHITE,ziyadnz/hourly-ipv4,ziyadnz|hourly,2026-08-17T18:48:05Z,2026-08-17T18:48:05Z,
49.232.243.4,ipv4,malicious-ip,medium,WHITE,ziyadnz/hourly-ipv4,ziyadnz|hourly,2026-08-17T18:48:05Z,2026-08-17T18:48:05Z,
49.232.243.59,ipv4,malicious-ip,medium,WHITE,ziyadnz/hourly-ipv4,ziyadnz|hourly,2026-08-17T18:48:05Z,2026-08-17T18:48:05Z,
49.232.93.226,ipv4,malicious-ip,medium,WHITE,ziyadnz/hourly-ipv4,ziyadnz|hourly,2026-08-17T18:48:05Z,2026-08-17T18:48:05Z,
49.233.148.159,ipv4,malicious-ip,medium,WHITE,ziyadnz/hourly-ipv4,ziyadnz|hourly,2026-08-17T18:48:05Z,2026-08-17T18:48:05Z,
49.233.148.58,ipv4,malicious-ip,medium,WHITE,ziyadnz/hourly-ipv4,ziyadnz|hourly,2026-08-17T18:48:05Z,2026-08-17T18:48:05Z,
49.233.155.219,ipv4,malicious-ip,medium,WHITE,ziyadnz/hourly-ipv4,ziyadnz|hourly,2026-08-17T18:48:05Z,2026-08-17T18:48:05Z,
49.233.169.31,ipv4,malicious-ip,medium,WHITE,ziyadnz/hourly-ipv4,ziyadnz|hourly,2026-08-17T18:48:05Z,2026-08-17T18:48:05Z,
49.233.192.202,ipv4,malicious-ip,medium,WHITE,ziyadnz/hourly-ipv4,ziyadnz|hourly,2026-08-17T18:48:05Z,2026-08-17T18:48:05Z,
49.233.206.50,ipv4,malicious-ip,medium,WHITE,ziyadnz/hourly-ipv4,ziyadnz|hourly,2026-08-17T18:48:05Z,2026-08-17T18:48:05Z,
49.233.45.47,ipv4,malicious-ip,medium,WHITE,ziyadnz/hourly-ipv4,ziyadnz|hourly,2026-08-17T18:48:05Z,2026-08-17T18:48:05Z,
49.233.74.168,ipv4,malicious-ip,medium,WHITE,ziyadnz/hourly-ipv4,ziyadnz|hourly,2026-08-17T18:48:05Z,2026-08-17T18:48:05Z,
49.233.95.165,ipv4,malicious-ip,medium,WHITE,ziyadnz/hourly-ipv4,ziyadnz|hourly,2026-08-17T18:48:05Z,2026-08-17T18:48:05Z,
49.234.182.93,ipv4,malicious-ip,medium,WHITE,ziyadnz/hourly-ipv4,ziyadnz|hourly,2026-08-17T18:48:05Z,2026-08-17T18:48:05Z,
49.234.22.225,ipv4,malicious-ip,medium,WHITE,ziyadnz/hourly-ipv4,ziyadnz|hourly,2026-08-17T18:48:05Z,2026-08-17T18:48:05Z,
49.235.129.40,ipv4,malicious-ip,medium,WHITE,ziyadnz/hourly-ipv4,ziyadnz|hourly,2026-08-17T18:48:05Z,2026-08-17T18:48:05Z,
49.235.131.69,ipv4,malicious-ip,medium,WHITE,ziyadnz/hourly-ipv4,ziyadnz|hourly,2026-08-17T18:48:05Z,2026-08-17T18:48:05Z,
49.235.140.168,ipv4,malicious-ip,medium,WHITE,ziyadnz/hourly-ipv4,ziyadnz|hourly,2026-08-17T18:48:05Z,2026-08-17T18:48:05Z,
49.235.143.157,ipv4,malicious-ip,medium,WHITE,ziyadnz/hourly-ipv4,ziyadnz|hourly,2026-08-17T18:48:05Z,2026-08-17T18:48:05Z,
49.235.152.72,ipv4,malicious-ip,medium,WHITE,ziyadnz/hourly-ipv4,ziyadnz|hourly,2026-08-17T18:48:05Z,2026-08-17T18:48:05Z,
49.235.155.128,ipv4,malicious-ip,medium,WHITE,ziyadnz/hourly-ipv4,ziyadnz|hourly,2026-08-17T18:48:05Z,2026-08-17T18:48:05Z,
49.235.163.240,ipv4,malicious-ip,medium,WHITE,ziyadnz/hourly-ipv4,ziyadnz|hourly,2026-08-17T18:48:05Z,2026-08-17T18:48:05Z,
49.235.164.123,ipv4,malicious-ip,medium,WHITE,ziyadnz/hourly-ipv4,ziyadnz|hourly,2026-08-17T18:48:05Z,2026-08-17T18:48:05Z,
49.235.166.72,ipv4,malicious-ip,medium,WHITE,ziyadnz/hourly-ipv4,ziyadnz|hourly,2026-08-17T18:48:05Z,2026-08-17T18:48:05Z,
49.235.175.36,ipv4,malicious-ip,medium,WHITE,ziyadnz/hourly-ipv4,ziyadnz|hourly,2026-08-17T18:48:05Z,2026-08-17T18:48:05Z,
49.235.178.225,ipv4,malicious-ip,medium,WHITE,ziyadnz/hourly-ipv4,ziyadnz|hourly,2026-08-17T18:48:05Z,2026-08-17T18:48:05Z,
49.235.35.35,ipv4,malicious-ip,medium,WHITE,ziyadnz/hourly-ipv4,ziyadnz|hourly,2026-08-17T18:48:05Z,2026-08-17T18:48:05Z,
49.235.43.62,ipv4,malicious-ip,medium,WHITE,ziyadnz/hourly-ipv4,ziyadnz|hourly,2026-08-17T18:48:05Z,2026-08-17T18:48:05Z,
49.238.167.125,ipv4,malicious-ip,medium,WHITE,ziyadnz/hourly-ipv4,ziyadnz|hourly,2026-08-17T18:48:05Z,2026-08-17T18:48:05Z,
49.243.7.249,ipv4,malicious-ip,medium,WHITE,ziyadnz/hourly-ipv4,ziyadnz|hourly,2026-08-17T18:48:05Z,2026-08-17T18:48:05Z,
49.244.134.167,ipv4,malicious-ip,medium,WHITE,ziyadnz/hourly-ipv4,ziyadnz|hourly,2026-08-17T18:48:05Z,2026-08-17T18:48:05Z,
49.244.169.213,ipv4,malicious-ip,medium,WHITE,ziyadnz/hourly-ipv4,ziyadnz|hourly,2026-08-17T18:48:05Z,2026-08-17T18:48:05Z,
49.244.170.126,ipv4,malicious-ip,medium,WHITE,ziyadnz/hourly-ipv4,ziyadnz|hourly,2026-08-17T18:48:05Z,2026-08-17T18:48:05Z,
49.244.177.50,ipv4,malicious-ip,medium,WHITE,ziyadnz/hourly-ipv4,ziyadnz|hourly,2026-08-17T18:48:05Z,2026-08-17T18:48:05Z,
49.244.181.151,ipv4,malicious-ip,medium,WHITE,ziyadnz/hourly-ipv4,ziyadnz|hourly,2026-08-17T18:48:05Z,2026-08-17T18:48:05Z,
49.244.187.100,ipv4,malicious-ip,medium,WHITE,ziyadnz/hourly-ipv4,ziyadnz|hourly,2026-08-17T18:48:05Z,2026-08-17T18:48:05Z,
49.246.3.236,ipv4,malicious-ip,medium,WHITE,ziyadnz/hourly-ipv4,ziyadnz|hourly,2026-08-17T18:48:05Z,2026-08-17T18:48:05Z,
49.247.14.246,ipv4,malicious-ip,medium,WHITE,ziyadnz/hourly-ipv4,ziyadnz|hourly,2026-08-17T18:48:05Z,2026-08-17T18:48:05Z,
49.247.202.239,ipv4,malicious-ip,medium,WHITE,ziyadnz/hourly-ipv4,ziyadnz|hourly,2026-08-17T18:48:05Z,2026-08-17T18:48:05Z,
49.247.36.49,ipv4,malicious-ip,medium,WHITE,ziyadnz/hourly-ipv4,ziyadnz|hourly,2026-08-17T18:48:05Z,2026-08-17T18:48:05Z,
49.248.250.122,ipv4,malicious-ip,medium,WHITE,ziyadnz/hourly-ipv4,ziyadnz|hourly,2026-08-17T18:48:05Z,2026-08-17T18:48:05Z,
49.248.9.158,ipv4,malicious-ip,medium,WHITE,ziyadnz/hourly-ipv4,ziyadnz|hourly,2026-08-17T18:48:05Z,2026-08-17T18:48:05Z,
49.249.174.202,ipv4,malicious-ip,medium,WHITE,ziyadnz/hourly-ipv4,ziyadnz|hourly,2026-08-17T18:48:05Z,2026-08-17T18:48:05Z,
49.249.174.58,ipv4,malicious-ip,medium,WHITE,ziyadnz/hourly-ipv4,ziyadnz|hourly,2026-08-17T18:48:05Z,2026-08-17T18:48:05Z,
49.249.18.218,ipv4,malicious-ip,medium,WHITE,ziyadnz/hourly-ipv4,ziyadnz|hourly,2026-08-17T18:48:05Z,2026-08-17T18:48:05Z,
49.249.180.98,ipv4,malicious-ip,medium,WHITE,ziyadnz/hourly-ipv4,ziyadnz|hourly,2026-08-17T18:48:05Z,2026-08-17T18:48:05Z,
49.249.228.98,ipv4,malicious-ip,medium,WHITE,ziyadnz/hourly-ipv4,ziyadnz|hourly,2026-08-17T18:48:05Z,2026-08-17T18:48:05Z,
49.249.23.171,ipv4,malicious-ip,medium,WHITE,ziyadnz/hourly-ipv4,ziyadnz|hourly,2026-08-17T18:48:05Z,2026-08-17T18:48:05Z,
49.251.137.156,ipv4,malicious-ip,medium,WHITE,ziyadnz/hourly-ipv4,ziyadnz|hourly,2026-08-17T18:48:05Z,2026-08-17T18:48:05Z,
49.35.208.100,ipv4,malicious-ip,medium,WHITE,ziyadnz/hourly-ipv4,ziyadnz|hourly,2026-08-17T18:48:05Z,2026-08-17T18:48:05Z,
49.36.103.83,ipv4,malicious-ip,medium,WHITE,ziyadnz/hourly-ipv4,ziyadnz|hourly,2026-08-17T18:48:05Z,2026-08-17T18:48:05Z,
49.36.126.12,ipv4,malicious-ip,medium,WHITE,ziyadnz/hourly-ipv4,ziyadnz|hourly,2026-08-17T18:48:05Z,2026-08-17T18:48:05Z,
49.36.138.184,ipv4,malicious-ip,medium,WHITE,ziyadnz/hourly-ipv4,ziyadnz|hourly,2026-08-17T18:48:05Z,2026-08-17T18:48:05Z,
49.36.144.38,ipv4,malicious-ip,medium,WHITE,ziyadnz/hourly-ipv4,ziyadnz|hourly,2026-08-17T18:48:05Z,2026-08-17T18:48:05Z,
49.36.144.82,ipv4,malicious-ip,medium,WHITE,ziyadnz/hourly-ipv4,ziyadnz|hourly,2026-08-17T18:48:05Z,2026-08-17T18:48:05Z,
49.36.169.40,ipv4,malicious-ip,medium,WHITE,ziyadnz/hourly-ipv4,ziyadnz|hourly,2026-08-17T18:48:05Z,2026-08-17T18:48:05Z,
49.36.169.97,ipv4,malicious-ip,medium,WHITE,ziyadnz/hourly-ipv4,ziyadnz|hourly,2026-08-17T18:48:05Z,2026-08-17T18:48:05Z,
49.36.170.208,ipv4,malicious-ip,medium,WHITE,ziyadnz/hourly-ipv4,ziyadnz|hourly,2026-08-17T18:48:05Z,2026-08-17T18:48:05Z,
49.36.171.133,ipv4,malicious-ip,medium,WHITE,ziyadnz/hourly-ipv4,ziyadnz|hourly,2026-08-17T18:48:05Z,2026-08-17T18:48:05Z,
49.36.171.136,ipv4,malicious-ip,medium,WHITE,ziyadnz/hourly-ipv4,ziyadnz|hourly,2026-08-17T18:48:05Z,2026-08-17T18:48:05Z,
49.36.171.223,ipv4,malicious-ip,medium,WHITE,ziyadnz/hourly-ipv4,ziyadnz|hourly,2026-08-17T18:48:05Z,2026-08-17T18:48:05Z,
49.36.177.87,ipv4,malicious-ip,medium,WHITE,ziyadnz/hourly-ipv4,ziyadnz|hourly,2026-08-17T18:48:05Z,2026-08-17T18:48:05Z,
49.36.179.241,ipv4,malicious-ip,medium,WHITE,ziyadnz/hourly-ipv4,ziyadnz|hourly,2026-08-17T18:48:05Z,2026-08-17T18:48:05Z,
49.36.179.46,ipv4,malicious-ip,medium,WHITE,ziyadnz/hourly-ipv4,ziyadnz|hourly,2026-08-17T18:48:05Z,2026-08-17T18:48:05Z,
49.36.201.7,ipv4,malicious-ip,medium,WHITE,ziyadnz/hourly-ipv4,ziyadnz|hourly,2026-08-17T18:48:05Z,2026-08-17T18:48:05Z,
49.36.211.65,ipv4,malicious-ip,medium,WHITE,ziyadnz/hourly-ipv4,ziyadnz|hourly,2026-08-17T18:48:05Z,2026-08-17T18:48:05Z,
49.36.213.192,ipv4,malicious-ip,medium,WHITE,ziyadnz/hourly-ipv4,ziyadnz|hourly,2026-08-17T18:48:05Z,2026-08-17T18:48:05Z,
49.36.215.193,ipv4,malicious-ip,medium,WHITE,ziyadnz/hourly-ipv4,ziyadnz|hourly,2026-08-17T18:48:05Z,2026-08-17T18:48:05Z,
49.36.218.254,ipv4,malicious-ip,medium,WHITE,ziyadnz/hourly-ipv4,ziyadnz|hourly,2026-08-17T18:48:05Z,2026-08-17T18:48:05Z,
49.36.219.109,ipv4,malicious-ip,medium,WHITE,ziyadnz/hourly-ipv4,ziyadnz|hourly,2026-08-17T18:48:05Z,2026-08-17T18:48:05Z,
49.36.223.186,ipv4,malicious-ip,medium,WHITE,ziyadnz/hourly-ipv4,ziyadnz|hourly,2026-08-17T18:48:05Z,2026-08-17T18:48:05Z,
49.36.233.15,ipv4,malicious-ip,medium,WHITE,ziyadnz/hourly-ipv4,ziyadnz|hourly,2026-08-17T18:48:05Z,2026-08-17T18:48:05Z,
49.36.233.217,ipv4,malicious-ip,medium,WHITE,ziyadnz/hourly-ipv4,ziyadnz|hourly,2026-08-17T18:48:05Z,2026-08-17T18:48:05Z,
49.36.233.99,ipv4,malicious-ip,medium,WHITE,ziyadnz/hourly-ipv4,ziyadnz|hourly,2026-08-17T18:48:05Z,2026-08-17T18:48:05Z,
49.36.235.145,ipv4,malicious-ip,medium,WHITE,ziyadnz/hourly-ipv4,ziyadnz|hourly,2026-08-17T18:48:05Z,2026-08-17T18:48:05Z,
49.36.239.165,ipv4,malicious-ip,medium,WHITE,ziyadnz/hourly-ipv4,ziyadnz|hourly,2026-08-17T18:48:05Z,2026-08-17T18:48:05Z,
49.36.241.176,ipv4,malicious-ip,medium,WHITE,ziyadnz/hourly-ipv4,ziyadnz|hourly,2026-08-17T18:48:05Z,2026-08-17T18:48:05Z,
49.36.243.107,ipv4,malicious-ip,medium,WHITE,ziyadnz/hourly-ipv4,ziyadnz|hourly,2026-08-17T18:48:05Z,2026-08-17T18:48:05Z,
49.36.243.146,ipv4,malicious-ip,medium,WHITE,ziyadnz/hourly-ipv4,ziyadnz|hourly,2026-08-17T18:48:05Z,2026-08-17T18:48:05Z,
49.36.243.28,ipv4,malicious-ip,medium,WHITE,ziyadnz/hourly-ipv4,ziyadnz|hourly,2026-08-17T18:48:05Z,2026-08-17T18:48:05Z,
49.36.35.162,ipv4,malicious-ip,medium,WHITE,ziyadnz/hourly-ipv4,ziyadnz|hourly,2026-08-17T18:48:05Z,2026-08-17T18:48:05Z,
49.36.44.208,ipv4,malicious-ip,medium,WHITE,ziyadnz/hourly-ipv4,ziyadnz|hourly,2026-08-17T18:48:05Z,2026-08-17T18:48:05Z,
49.36.45.69,ipv4,malicious-ip,medium,WHITE,ziyadnz/hourly-ipv4,ziyadnz|hourly,2026-08-17T18:48:05Z,2026-08-17T18:48:05Z,
49.36.46.124,ipv4,malicious-ip,medium,WHITE,ziyadnz/hourly-ipv4,ziyadnz|hourly,2026-08-17T18:48:05Z,2026-08-17T18:48:05Z,
49.36.51.102,ipv4,malicious-ip,medium,WHITE,ziyadnz/hourly-ipv4,ziyadnz|hourly,2026-08-17T18:48:05Z,2026-08-17T18:48:05Z,
49.36.71.242,ipv4,malicious-ip,medium,WHITE,ziyadnz/hourly-ipv4,ziyadnz|hourly,2026-08-17T18:48:05Z,2026-08-17T18:48:05Z,
49.36.81.90,ipv4,malicious-ip,medium,WHITE,ziyadnz/hourly-ipv4,ziyadnz|hourly,2026-08-17T18:48:05Z,2026-08-17T18:48:05Z,
49.36.83.164,ipv4,malicious-ip,medium,WHITE,ziyadnz/hourly-ipv4,ziyadnz|hourly,2026-08-17T18:48:05Z,2026-08-17T18:48:05Z,
49.36.83.244,ipv4,malicious-ip,medium,WHITE,ziyadnz/hourly-ipv4,ziyadnz|hourly,2026-08-17T18:48:05Z,2026-08-17T18:48:05Z,
49.37.102.141,ipv4,malicious-ip,medium,WHITE,ziyadnz/hourly-ipv4,ziyadnz|hourly,2026-08-17T18:48:05Z,2026-08-17T18:48:05Z,
49.37.110.205,ipv4,malicious-ip,medium,WHITE,ziyadnz/hourly-ipv4,ziyadnz|hourly,2026-08-17T18:48:05Z,2026-08-17T18:48:05Z,
49.37.110.99,ipv4,malicious-ip,medium,WHITE,ziyadnz/hourly-ipv4,ziyadnz|hourly,2026-08-17T18:48:05Z,2026-08-17T18:48:05Z,
49.37.113.236,ipv4,malicious-ip,medium,WHITE,ziyadnz/hourly-ipv4,ziyadnz|hourly,2026-08-17T18:48:05Z,2026-08-17T18:48:05Z,
49.37.117.200,ipv4,malicious-ip,medium,WHITE,ziyadnz/hourly-ipv4,ziyadnz|hourly,2026-08-17T18:48:05Z,2026-08-17T18:48:05Z,
49.37.128.85,ipv4,malicious-ip,medium,WHITE,ziyadnz/hourly-ipv4,ziyadnz|hourly,2026-08-17T18:48:05Z,2026-08-17T18:48:05Z,
49.37.145.66,ipv4,malicious-ip,medium,WHITE,ziyadnz/hourly-ipv4,ziyadnz|hourly,2026-08-17T18:48:05Z,2026-08-17T18:48:05Z,
49.37.152.120,ipv4,malicious-ip,medium,WHITE,ziyadnz/hourly-ipv4,ziyadnz|hourly,2026-08-17T18:48:05Z,2026-08-17T18:48:05Z,
49.37.153.61,ipv4,malicious-ip,medium,WHITE,ziyadnz/hourly-ipv4,ziyadnz|hourly,2026-08-17T18:48:05Z,2026-08-17T18:48:05Z,
49.37.155.140,ipv4,malicious-ip,medium,WHITE,ziyadnz/hourly-ipv4,ziyadnz|hourly,2026-08-17T18:48:05Z,2026-08-17T18:48:05Z,
49.37.155.24,ipv4,malicious-ip,medium,WHITE,ziyadnz/hourly-ipv4,ziyadnz|hourly,2026-08-17T18:48:05Z,2026-08-17T18:48:05Z,
49.37.171.67,ipv4,malicious-ip,medium,WHITE,ziyadnz/hourly-ipv4,ziyadnz|hourly,2026-08-17T18:48:05Z,2026-08-17T18:48:05Z,
49.37.193.217,ipv4,malicious-ip,medium,WHITE,ziyadnz/hourly-ipv4,ziyadnz|hourly,2026-08-17T18:48:05Z,2026-08-17T18:48:05Z,
49.37.194.146,ipv4,malicious-ip,medium,WHITE,ziyadnz/hourly-ipv4,ziyadnz|hourly,2026-08-17T18:48:05Z,2026-08-17T18:48:05Z,
49.37.195.98,ipv4,malicious-ip,medium,WHITE,ziyadnz/hourly-ipv4,ziyadnz|hourly,2026-08-17T18:48:05Z,2026-08-17T18:48:05Z,
49.37.216.163,ipv4,malicious-ip,medium,WHITE,ziyadnz/hourly-ipv4,ziyadnz|hourly,2026-08-17T18:48:05Z,2026-08-17T18:48:05Z,
49.37.233.42,ipv4,malicious-ip,medium,WHITE,ziyadnz/hourly-ipv4,ziyadnz|hourly,2026-08-17T18:48:05Z,2026-08-17T18:48:05Z,
49.37.242.185,ipv4,malicious-ip,medium,WHITE,ziyadnz/hourly-ipv4,ziyadnz|hourly,2026-08-17T18:48:05Z,2026-08-17T18:48:05Z,
49.37.242.36,ipv4,malicious-ip,medium,WHITE,ziyadnz/hourly-ipv4,ziyadnz|hourly,2026-08-17T18:48:05Z,2026-08-17T18:48:05Z,
49.37.249.109,ipv4,malicious-ip,medium,WHITE,ziyadnz/hourly-ipv4,ziyadnz|hourly,2026-08-17T18:48:05Z,2026-08-17T18:48:05Z,
49.37.26.215,ipv4,malicious-ip,medium,WHITE,ziyadnz/hourly-ipv4,ziyadnz|hourly,2026-08-17T18:48:05Z,2026-08-17T18:48:05Z,
49.37.44.82,ipv4,malicious-ip,medium,WHITE,ziyadnz/hourly-ipv4,ziyadnz|hourly,2026-08-17T18:48:05Z,2026-08-17T18:48:05Z,
49.37.45.180,ipv4,malicious-ip,medium,WHITE,ziyadnz/hourly-ipv4,ziyadnz|hourly,2026-08-17T18:48:05Z,2026-08-17T18:48:05Z,
49.37.45.4,ipv4,malicious-ip,medium,WHITE,ziyadnz/hourly-ipv4,ziyadnz|hourly,2026-08-17T18:48:05Z,2026-08-17T18:48:05Z,
49.37.46.168,ipv4,malicious-ip,medium,WHITE,ziyadnz/hourly-ipv4,ziyadnz|hourly,2026-08-17T18:48:05Z,2026-08-17T18:48:05Z,
49.37.66.15,ipv4,malicious-ip,medium,WHITE,ziyadnz/hourly-ipv4,ziyadnz|hourly,2026-08-17T18:48:05Z,2026-08-17T18:48:05Z,
49.37.8.177,ipv4,malicious-ip,medium,WHITE,ziyadnz/hourly-ipv4,ziyadnz|hourly,2026-08-17T18:48:05Z,2026-08-17T18:48:05Z,
49.42.108.92,ipv4,malicious-ip,medium,WHITE,ziyadnz/hourly-ipv4,ziyadnz|hourly,2026-08-17T18:48:05Z,2026-08-17T18:48:05Z,
49.42.117.206,ipv4,malicious-ip,medium,WHITE,ziyadnz/hourly-ipv4,ziyadnz|hourly,2026-08-17T18:48:05Z,2026-08-17T18:48:05Z,
49.42.13.162,ipv4,malicious-ip,medium,WHITE,ziyadnz/hourly-ipv4,ziyadnz|hourly,2026-08-17T18:48:05Z,2026-08-17T18:48:05Z,
49.42.130.17,ipv4,malicious-ip,medium,WHITE,ziyadnz/hourly-ipv4,ziyadnz|hourly,2026-08-17T18:48:05Z,2026-08-17T18:48:05Z,
49.42.175.40,ipv4,malicious-ip,medium,WHITE,ziyadnz/hourly-ipv4,ziyadnz|hourly,2026-08-17T18:48:05Z,2026-08-17T18:48:05Z,
49.42.181.113,ipv4,malicious-ip,medium,WHITE,ziyadnz/hourly-ipv4,ziyadnz|hourly,2026-08-17T18:48:05Z,2026-08-17T18:48:05Z,
49.42.215.223,ipv4,malicious-ip,medium,WHITE,ziyadnz/hourly-ipv4,ziyadnz|hourly,2026-08-17T18:48:05Z,2026-08-17T18:48:05Z,
49.42.245.178,ipv4,malicious-ip,medium,WHITE,ziyadnz/hourly-ipv4,ziyadnz|hourly,2026-08-17T18:48:05Z,2026-08-17T18:48:05Z,
49.43.112.75,ipv4,malicious-ip,medium,WHITE,ziyadnz/hourly-ipv4,ziyadnz|hourly,2026-08-17T18:48:05Z,2026-08-17T18:48:05Z,
49.43.114.169,ipv4,malicious-ip,medium,WHITE,ziyadnz/hourly-ipv4,ziyadnz|hourly,2026-08-17T18:48:05Z,2026-08-17T18:48:05Z,
49.43.115.51,ipv4,malicious-ip,medium,WHITE,ziyadnz/hourly-ipv4,ziyadnz|hourly,2026-08-17T18:48:05Z,2026-08-17T18:48:05Z,
49.43.116.25,ipv4,malicious-ip,medium,WHITE,ziyadnz/hourly-ipv4,ziyadnz|hourly,2026-08-17T18:48:05Z,2026-08-17T18:48:05Z,
49.43.118.75,ipv4,malicious-ip,medium,WHITE,ziyadnz/hourly-ipv4,ziyadnz|hourly,2026-08-17T18:48:05Z,2026-08-17T18:48:05Z,
49.43.129.163,ipv4,malicious-ip,medium,WHITE,ziyadnz/hourly-ipv4,ziyadnz|hourly,2026-08-17T18:48:05Z,2026-08-17T18:48:05Z,
49.43.129.96,ipv4,malicious-ip,medium,WHITE,ziyadnz/hourly-ipv4,ziyadnz|hourly,2026-08-17T18:48:05Z,2026-08-17T18:48:05Z,
49.43.132.155,ipv4,malicious-ip,medium,WHITE,ziyadnz/hourly-ipv4,ziyadnz|hourly,2026-08-17T18:48:05Z,2026-08-17T18:48:05Z,
49.43.133.0,ipv4,malicious-ip,medium,WHITE,ziyadnz/hourly-ipv4,ziyadnz|hourly,2026-08-17T18:48:05Z,2026-08-17T18:48:05Z,
49.43.133.198,ipv4,malicious-ip,medium,WHITE,ziyadnz/hourly-ipv4,ziyadnz|hourly,2026-08-17T18:48:05Z,2026-08-17T18:48:05Z,
49.43.133.242,ipv4,malicious-ip,medium,WHITE,ziyadnz/hourly-ipv4,ziyadnz|hourly,2026-08-17T18:48:05Z,2026-08-17T18:48:05Z,
49.43.133.40,ipv4,malicious-ip,medium,WHITE,ziyadnz/hourly-ipv4,ziyadnz|hourly,2026-08-17T18:48:05Z,2026-08-17T18:48:05Z,
49.43.133.43,ipv4,malicious-ip,medium,WHITE,ziyadnz/hourly-ipv4,ziyadnz|hourly,2026-08-17T18:48:05Z,2026-08-17T18:48:05Z,
49.43.133.46,ipv4,malicious-ip,medium,WHITE,ziyadnz/hourly-ipv4,ziyadnz|hourly,2026-08-17T18:48:05Z,2026-08-17T18:48:05Z,
49.43.133.69,ipv4,malicious-ip,medium,WHITE,ziyadnz/hourly-ipv4,ziyadnz|hourly,2026-08-17T18:48:05Z,2026-08-17T18:48:05Z,
49.43.135.177,ipv4,malicious-ip,medium,WHITE,ziyadnz/hourly-ipv4,ziyadnz|hourly,2026-08-17T18:48:05Z,2026-08-17T18:48:05Z,
49.43.135.225,ipv4,malicious-ip,medium,WHITE,ziyadnz/hourly-ipv4,ziyadnz|hourly,2026-08-17T18:48:05Z,2026-08-17T18:48:05Z,
49.43.136.127,ipv4,malicious-ip,medium,WHITE,ziyadnz/hourly-ipv4,ziyadnz|hourly,2026-08-17T18:48:05Z,2026-08-17T18:48:05Z,
49.43.136.47,ipv4,malicious-ip,medium,WHITE,ziyadnz/hourly-ipv4,ziyadnz|hourly,2026-08-17T18:48:05Z,2026-08-17T18:48:05Z,
49.43.143.245,ipv4,malicious-ip,medium,WHITE,ziyadnz/hourly-ipv4,ziyadnz|hourly,2026-08-17T18:48:05Z,2026-08-17T18:48:05Z,
49.43.163.61,ipv4,malicious-ip,medium,WHITE,ziyadnz/hourly-ipv4,ziyadnz|hourly,2026-08-17T18:48:05Z,2026-08-17T18:48:05Z,
49.43.201.117,ipv4,malicious-ip,medium,WHITE,ziyadnz/hourly-ipv4,ziyadnz|hourly,2026-08-17T18:48:05Z,2026-08-17T18:48:05Z,
49.43.203.165,ipv4,malicious-ip,medium,WHITE,ziyadnz/hourly-ipv4,ziyadnz|hourly,2026-08-17T18:48:05Z,2026-08-17T18:48:05Z,
49.43.223.133,ipv4,malicious-ip,medium,WHITE,ziyadnz/hourly-ipv4,ziyadnz|hourly,2026-08-17T18:48:05Z,2026-08-17T18:48:05Z,
49.43.224.70,ipv4,malicious-ip,medium,WHITE,ziyadnz/hourly-ipv4,ziyadnz|hourly,2026-08-17T18:48:05Z,2026-08-17T18:48:05Z,
49.43.228.12,ipv4,malicious-ip,medium,WHITE,ziyadnz/hourly-ipv4,ziyadnz|hourly,2026-08-17T18:48:05Z,2026-08-17T18:48:05Z,
49.43.234.91,ipv4,malicious-ip,medium,WHITE,ziyadnz/hourly-ipv4,ziyadnz|hourly,2026-08-17T18:48:05Z,2026-08-17T18:48:05Z,
49.43.235.25,ipv4,malicious-ip,medium,WHITE,ziyadnz/hourly-ipv4,ziyadnz|hourly,2026-08-17T18:48:05Z,2026-08-17T18:48:05Z,
49.43.241.11,ipv4,malicious-ip,medium,WHITE,ziyadnz/hourly-ipv4,ziyadnz|hourly,2026-08-17T18:48:05Z,2026-08-17T18:48:05Z,
49.43.245.11,ipv4,malicious-ip,medium,WHITE,ziyadnz/hourly-ipv4,ziyadnz|hourly,2026-08-17T18:48:05Z,2026-08-17T18:48:05Z,
49.43.248.227,ipv4,malicious-ip,medium,WHITE,ziyadnz/hourly-ipv4,ziyadnz|hourly,2026-08-17T18:48:05Z,2026-08-17T18:48:05Z,
49.43.250.93,ipv4,malicious-ip,medium,WHITE,ziyadnz/hourly-ipv4,ziyadnz|hourly,2026-08-17T18:48:05Z,2026-08-17T18:48:05Z,
49.43.251.167,ipv4,malicious-ip,medium,WHITE,ziyadnz/hourly-ipv4,ziyadnz|hourly,2026-08-17T18:48:05Z,2026-08-17T18:48:05Z,
49.43.26.149,ipv4,malicious-ip,medium,WHITE,ziyadnz/hourly-ipv4,ziyadnz|hourly,2026-08-17T18:48:05Z,2026-08-17T18:48:05Z,
49.43.3.46,ipv4,malicious-ip,medium,WHITE,ziyadnz/hourly-ipv4,ziyadnz|hourly,2026-08-17T18:48:05Z,2026-08-17T18:48:05Z,
49.43.33.228,ipv4,malicious-ip,medium,WHITE,ziyadnz/hourly-ipv4,ziyadnz|hourly,2026-08-17T18:48:05Z,2026-08-17T18:48:05Z,
49.43.40.1,ipv4,malicious-ip,medium,WHITE,ziyadnz/hourly-ipv4,ziyadnz|hourly,2026-08-17T18:48:05Z,2026-08-17T18:48:05Z,
49.43.5.72,ipv4,malicious-ip,medium,WHITE,ziyadnz/hourly-ipv4,ziyadnz|hourly,2026-08-17T18:48:05Z,2026-08-17T18:48:05Z,
49.47.10.141,ipv4,malicious-ip,medium,WHITE,ziyadnz/hourly-ipv4,ziyadnz|hourly,2026-08-17T18:48:05Z,2026-08-17T18:48:05Z,
49.47.10.26,ipv4,malicious-ip,medium,WHITE,ziyadnz/hourly-ipv4,ziyadnz|hourly,2026-08-17T18:48:05Z,2026-08-17T18:48:05Z,
49.47.11.133,ipv4,malicious-ip,medium,WHITE,ziyadnz/hourly-ipv4,ziyadnz|hourly,2026-08-17T18:48:05Z,2026-08-17T18:48:05Z,
49.47.128.162,ipv4,malicious-ip,medium,WHITE,ziyadnz/hourly-ipv4,ziyadnz|hourly,2026-08-17T18:48:05Z,2026-08-17T18:48:05Z,
49.47.130.128,ipv4,malicious-ip,medium,WHITE,ziyadnz/hourly-ipv4,ziyadnz|hourly,2026-08-17T18:48:05Z,2026-08-17T18:48:05Z,
49.47.130.154,ipv4,malicious-ip,medium,WHITE,ziyadnz/hourly-ipv4,ziyadnz|hourly,2026-08-17T18:48:05Z,2026-08-17T18:48:05Z,
49.47.131.158,ipv4,malicious-ip,medium,WHITE,ziyadnz/hourly-ipv4,ziyadnz|hourly,2026-08-17T18:48:05Z,2026-08-17T18:48:05Z,
49.47.133.245,ipv4,malicious-ip,medium,WHITE,ziyadnz/hourly-ipv4,ziyadnz|hourly,2026-08-17T18:48:05Z,2026-08-17T18:48:05Z,
49.47.134.222,ipv4,malicious-ip,medium,WHITE,ziyadnz/hourly-ipv4,ziyadnz|hourly,2026-08-17T18:48:05Z,2026-08-17T18:48:05Z,
49.47.135.227,ipv4,malicious-ip,medium,WHITE,ziyadnz/hourly-ipv4,ziyadnz|hourly,2026-08-17T18:48:05Z,2026-08-17T18:48:05Z,
49.47.135.5,ipv4,malicious-ip,medium,WHITE,ziyadnz/hourly-ipv4,ziyadnz|hourly,2026-08-17T18:48:05Z,2026-08-17T18:48:05Z,
49.47.152.221,ipv4,malicious-ip,medium,WHITE,ziyadnz/hourly-ipv4,ziyadnz|hourly,2026-08-17T18:48:05Z,2026-08-17T18:48:05Z,
49.47.154.20,ipv4,malicious-ip,medium,WHITE,ziyadnz/hourly-ipv4,ziyadnz|hourly,2026-08-17T18:48:05Z,2026-08-17T18:48:05Z,
49.47.197.185,ipv4,malicious-ip,medium,WHITE,ziyadnz/hourly-ipv4,ziyadnz|hourly,2026-08-17T18:48:05Z,2026-08-17T18:48:05Z,
49.47.199.175,ipv4,malicious-ip,medium,WHITE,ziyadnz/hourly-ipv4,ziyadnz|hourly,2026-08-17T18:48:05Z,2026-08-17T18:48:05Z,
49.47.217.33,ipv4,malicious-ip,medium,WHITE,ziyadnz/hourly-ipv4,ziyadnz|hourly,2026-08-17T18:48:05Z,2026-08-17T18:48:05Z,
49.47.217.80,ipv4,malicious-ip,medium,WHITE,ziyadnz/hourly-ipv4,ziyadnz|hourly,2026-08-17T18:48:05Z,2026-08-17T18:48:05Z,
49.47.218.174,ipv4,malicious-ip,medium,WHITE,ziyadnz/hourly-ipv4,ziyadnz|hourly,2026-08-17T18:48:05Z,2026-08-17T18:48:05Z,
49.47.219.126,ipv4,malicious-ip,medium,WHITE,ziyadnz/hourly-ipv4,ziyadnz|hourly,2026-08-17T18:48:05Z,2026-08-17T18:48:05Z,
49.47.241.163,ipv4,malicious-ip,medium,WHITE,ziyadnz/hourly-ipv4,ziyadnz|hourly,2026-08-17T18:48:05Z,2026-08-17T18:48:05Z,
49.47.241.176,ipv4,malicious-ip,medium,WHITE,ziyadnz/hourly-ipv4,ziyadnz|hourly,2026-08-17T18:48:05Z,2026-08-17T18:48:05Z,
49.47.241.61,ipv4,malicious-ip,medium,WHITE,ziyadnz/hourly-ipv4,ziyadnz|hourly,2026-08-17T18:48:05Z,2026-08-17T18:48:05Z,
49.47.70.93,ipv4,malicious-ip,medium,WHITE,ziyadnz/hourly-ipv4,ziyadnz|hourly,2026-08-17T18:48:05Z,2026-08-17T18:48:05Z,
49.47.9.40,ipv4,malicious-ip,medium,WHITE,ziyadnz/hourly-ipv4,ziyadnz|hourly,2026-08-17T18:48:05Z,2026-08-17T18:48:05Z,
49.48.44.162,ipv4,malicious-ip,medium,WHITE,ziyadnz/hourly-ipv4,ziyadnz|hourly,2026-08-17T18:48:05Z,2026-08-17T18:48:05Z,
49.49.13.179,ipv4,malicious-ip,medium,WHITE,ziyadnz/hourly-ipv4,ziyadnz|hourly,2026-08-17T18:48:05Z,2026-08-17T18:48:05Z,
49.49.190.37,ipv4,malicious-ip,medium,WHITE,ziyadnz/hourly-ipv4,ziyadnz|hourly,2026-08-17T18:48:05Z,2026-08-17T18:48:05Z,
49.49.221.33,ipv4,malicious-ip,medium,WHITE,ziyadnz/hourly-ipv4,ziyadnz|hourly,2026-08-17T18:48:05Z,2026-08-17T18:48:05Z,
49.49.231.5,ipv4,malicious-ip,medium,WHITE,ziyadnz/hourly-ipv4,ziyadnz|hourly,2026-08-17T18:48:05Z,2026-08-17T18:48:05Z,
49.49.232.17,ipv4,malicious-ip,medium,WHITE,ziyadnz/hourly-ipv4,ziyadnz|hourly,2026-08-17T18:48:05Z,2026-08-17T18:48:05Z,
49.49.234.72,ipv4,malicious-ip,medium,WHITE,ziyadnz/hourly-ipv4,ziyadnz|hourly,2026-08-17T18:48:05Z,2026-08-17T18:48:05Z,
49.49.239.11,ipv4,malicious-ip,medium,WHITE,ziyadnz/hourly-ipv4,ziyadnz|hourly,2026-08-17T18:48:05Z,2026-08-17T18:48:05Z,
49.51.166.228,ipv4,malicious-ip,medium,WHITE,ziyadnz/hourly-ipv4,ziyadnz|hourly,2026-08-17T18:48:05Z,2026-08-17T18:48:05Z,
49.51.178.45,ipv4,malicious-ip,medium,WHITE,ziyadnz/hourly-ipv4,ziyadnz|hourly,2026-08-17T18:48:05Z,2026-08-17T18:48:05Z,
49.51.179.91,ipv4,malicious-ip,medium,WHITE,ziyadnz/hourly-ipv4,ziyadnz|hourly,2026-08-17T18:48:05Z,2026-08-17T18:48:05Z,
49.51.180.2,ipv4,malicious-ip,medium,WHITE,ziyadnz/hourly-ipv4,ziyadnz|hourly,2026-08-17T18:48:05Z,2026-08-17T18:48:05Z,
49.51.180.56,ipv4,malicious-ip,medium,WHITE,ziyadnz/hourly-ipv4,ziyadnz|hourly,2026-08-17T18:48:05Z,2026-08-17T18:48:05Z,
49.51.182.48,ipv4,malicious-ip,medium,WHITE,ziyadnz/hourly-ipv4,ziyadnz|hourly,2026-08-17T18:48:05Z,2026-08-17T18:48:05Z,
49.51.183.161,ipv4,malicious-ip,medium,WHITE,ziyadnz/hourly-ipv4,ziyadnz|hourly,2026-08-17T18:48:05Z,2026-08-17T18:48:05Z,
49.51.183.220,ipv4,malicious-ip,medium,WHITE,ziyadnz/hourly-ipv4,ziyadnz|hourly,2026-08-17T18:48:05Z,2026-08-17T18:48:05Z,
49.51.184.188,ipv4,malicious-ip,medium,WHITE,ziyadnz/hourly-ipv4,ziyadnz|hourly,2026-08-17T18:48:05Z,2026-08-17T18:48:05Z,
49.51.187.213,ipv4,malicious-ip,medium,WHITE,ziyadnz/hourly-ipv4,ziyadnz|hourly,2026-08-17T18:48:05Z,2026-08-17T18:48:05Z,
49.51.188.155,ipv4,malicious-ip,medium,WHITE,ziyadnz/hourly-ipv4,ziyadnz|hourly,2026-08-17T18:48:05Z,2026-08-17T18:48:05Z,
49.51.191.214,ipv4,malicious-ip,medium,WHITE,ziyadnz/hourly-ipv4,ziyadnz|hourly,2026-08-17T18:48:05Z,2026-08-17T18:48:05Z,
49.51.191.85,ipv4,malicious-ip,medium,WHITE,ziyadnz/hourly-ipv4,ziyadnz|hourly,2026-08-17T18:48:05Z,2026-08-17T18:48:05Z,
49.51.193.146,ipv4,malicious-ip,medium,WHITE,ziyadnz/hourly-ipv4,ziyadnz|hourly,2026-08-17T18:48:05Z,2026-08-17T18:48:05Z,
49.51.193.224,ipv4,malicious-ip,medium,WHITE,ziyadnz/hourly-ipv4,ziyadnz|hourly,2026-08-17T18:48:05Z,2026-08-17T18:48:05Z,
49.51.195.205,ipv4,malicious-ip,medium,WHITE,ziyadnz/hourly-ipv4,ziyadnz|hourly,2026-08-17T18:48:05Z,2026-08-17T18:48:05Z,
49.51.196.200,ipv4,malicious-ip,medium,WHITE,ziyadnz/hourly-ipv4,ziyadnz|hourly,2026-08-17T18:48:05Z,2026-08-17T18:48:05Z,
49.51.197.125,ipv4,malicious-ip,medium,WHITE,ziyadnz/hourly-ipv4,ziyadnz|hourly,2026-08-17T18:48:05Z,2026-08-17T18:48:05Z,
49.51.197.52,ipv4,malicious-ip,medium,WHITE,ziyadnz/hourly-ipv4,ziyadnz|hourly,2026-08-17T18:48:05Z,2026-08-17T18:48:05Z,
49.51.199.112,ipv4,malicious-ip,medium,WHITE,ziyadnz/hourly-ipv4,ziyadnz|hourly,2026-08-17T18:48:05Z,2026-08-17T18:48:05Z,
49.51.200.156,ipv4,malicious-ip,medium,WHITE,ziyadnz/hourly-ipv4,ziyadnz|hourly,2026-08-17T18:48:05Z,2026-08-17T18:48:05Z,
49.51.201.148,ipv4,malicious-ip,medium,WHITE,ziyadnz/hourly-ipv4,ziyadnz|hourly,2026-08-17T18:48:05Z,2026-08-17T18:48:05Z,
49.51.201.245,ipv4,malicious-ip,medium,WHITE,ziyadnz/hourly-ipv4,ziyadnz|hourly,2026-08-17T18:48:05Z,2026-08-17T18:48:05Z,
49.51.201.93,ipv4,malicious-ip,medium,WHITE,ziyadnz/hourly-ipv4,ziyadnz|hourly,2026-08-17T18:48:05Z,2026-08-17T18:48:05Z,
49.51.202.114,ipv4,malicious-ip,medium,WHITE,ziyadnz/hourly-ipv4,ziyadnz|hourly,2026-08-17T18:48:05Z,2026-08-17T18:48:05Z,
49.51.202.151,ipv4,malicious-ip,medium,WHITE,ziyadnz/hourly-ipv4,ziyadnz|hourly,2026-08-17T18:48:05Z,2026-08-17T18:48:05Z,
49.51.203.45,ipv4,malicious-ip,medium,WHITE,ziyadnz/hourly-ipv4,ziyadnz|hourly,2026-08-17T18:48:05Z,2026-08-17T18:48:05Z,
49.51.204.105,ipv4,malicious-ip,medium,WHITE,ziyadnz/hourly-ipv4,ziyadnz|hourly,2026-08-17T18:48:05Z,2026-08-17T18:48:05Z,
49.51.228.164,ipv4,malicious-ip,medium,WHITE,ziyadnz/hourly-ipv4,ziyadnz|hourly,2026-08-17T18:48:05Z,2026-08-17T18:48:05Z,
49.51.228.166,ipv4,malicious-ip,medium,WHITE,ziyadnz/hourly-ipv4,ziyadnz|hourly,2026-08-17T18:48:05Z,2026-08-17T18:48:05Z,
49.51.230.175,ipv4,malicious-ip,medium,WHITE,ziyadnz/hourly-ipv4,ziyadnz|hourly,2026-08-17T18:48:05Z,2026-08-17T18:48:05Z,
49.51.232.231,ipv4,malicious-ip,medium,WHITE,ziyadnz/hourly-ipv4,ziyadnz|hourly,2026-08-17T18:48:05Z,2026-08-17T18:48:05Z,
49.51.233.105,ipv4,malicious-ip,medium,WHITE,ziyadnz/hourly-ipv4,ziyadnz|hourly,2026-08-17T18:48:05Z,2026-08-17T18:48:05Z,
49.51.233.157,ipv4,malicious-ip,medium,WHITE,ziyadnz/hourly-ipv4,ziyadnz|hourly,2026-08-17T18:48:05Z,2026-08-17T18:48:05Z,
49.51.233.46,ipv4,malicious-ip,medium,WHITE,ziyadnz/hourly-ipv4,ziyadnz|hourly,2026-08-17T18:48:05Z,2026-08-17T18:48:05Z,
49.51.233.95,ipv4,malicious-ip,medium,WHITE,ziyadnz/hourly-ipv4,ziyadnz|hourly,2026-08-17T18:48:05Z,2026-08-17T18:48:05Z,
49.51.241.230,ipv4,malicious-ip,medium,WHITE,ziyadnz/hourly-ipv4,ziyadnz|hourly,2026-08-17T18:48:05Z,2026-08-17T18:48:05Z,
49.51.241.240,ipv4,malicious-ip,medium,WHITE,ziyadnz/hourly-ipv4,ziyadnz|hourly,2026-08-17T18:48:05Z,2026-08-17T18:48:05Z,
49.51.243.3,ipv4,malicious-ip,medium,WHITE,ziyadnz/hourly-ipv4,ziyadnz|hourly,2026-08-17T18:48:05Z,2026-08-17T18:48:05Z,
49.51.243.95,ipv4,malicious-ip,medium,WHITE,ziyadnz/hourly-ipv4,ziyadnz|hourly,2026-08-17T18:48:05Z,2026-08-17T18:48:05Z,
49.51.245.241,ipv4,malicious-ip,medium,WHITE,ziyadnz/hourly-ipv4,ziyadnz|hourly,2026-08-17T18:48:05Z,2026-08-17T18:48:05Z,
49.51.252.142,ipv4,malicious-ip,medium,WHITE,ziyadnz/hourly-ipv4,ziyadnz|hourly,2026-08-17T18:48:05Z,2026-08-17T18:48:05Z,
49.51.253.65,ipv4,malicious-ip,medium,WHITE,ziyadnz/hourly-ipv4,ziyadnz|hourly,2026-08-17T18:48:05Z,2026-08-17T18:48:05Z,
49.51.253.83,ipv4,malicious-ip,medium,WHITE,ziyadnz/hourly-ipv4,ziyadnz|hourly,2026-08-17T18:48:05Z,2026-08-17T18:48:05Z,
49.51.33.117,ipv4,malicious-ip,medium,WHITE,ziyadnz/hourly-ipv4,ziyadnz|hourly,2026-08-17T18:48:05Z,2026-08-17T18:48:05Z,
49.51.33.159,ipv4,malicious-ip,medium,WHITE,ziyadnz/hourly-ipv4,ziyadnz|hourly,2026-08-17T18:48:05Z,2026-08-17T18:48:05Z,
49.51.35.151,ipv4,malicious-ip,medium,WHITE,ziyadnz/hourly-ipv4,ziyadnz|hourly,2026-08-17T18:48:05Z,2026-08-17T18:48:05Z,
49.51.37.48,ipv4,malicious-ip,medium,WHITE,ziyadnz/hourly-ipv4,ziyadnz|hourly,2026-08-17T18:48:05Z,2026-08-17T18:48:05Z,
49.51.38.120,ipv4,malicious-ip,medium,WHITE,ziyadnz/hourly-ipv4,ziyadnz|hourly,2026-08-17T18:48:05Z,2026-08-17T18:48:05Z,
49.51.38.193,ipv4,malicious-ip,medium,WHITE,ziyadnz/hourly-ipv4,ziyadnz|hourly,2026-08-17T18:48:05Z,2026-08-17T18:48:05Z,
49.51.39.157,ipv4,malicious-ip,medium,WHITE,ziyadnz/hourly-ipv4,ziyadnz|hourly,2026-08-17T18:48:05Z,2026-08-17T18:48:05Z,
49.51.39.209,ipv4,malicious-ip,medium,WHITE,ziyadnz/hourly-ipv4,ziyadnz|hourly,2026-08-17T18:48:05Z,2026-08-17T18:48:05Z,
49.51.40.253,ipv4,malicious-ip,medium,WHITE,ziyadnz/hourly-ipv4,ziyadnz|hourly,2026-08-17T18:48:05Z,2026-08-17T18:48:05Z,
49.51.47.100,ipv4,malicious-ip,medium,WHITE,ziyadnz/hourly-ipv4,ziyadnz|hourly,2026-08-17T18:48:05Z,2026-08-17T18:48:05Z,
49.51.48.78,ipv4,malicious-ip,medium,WHITE,ziyadnz/hourly-ipv4,ziyadnz|hourly,2026-08-17T18:48:05Z,2026-08-17T18:48:05Z,
49.51.50.147,ipv4,malicious-ip,medium,WHITE,ziyadnz/hourly-ipv4,ziyadnz|hourly,2026-08-17T18:48:05Z,2026-08-17T18:48:05Z,
49.51.50.64,ipv4,malicious-ip,medium,WHITE,ziyadnz/hourly-ipv4,ziyadnz|hourly,2026-08-17T18:48:05Z,2026-08-17T18:48:05Z,
49.51.51.203,ipv4,malicious-ip,medium,WHITE,ziyadnz/hourly-ipv4,ziyadnz|hourly,2026-08-17T18:48:05Z,2026-08-17T18:48:05Z,
49.51.51.33,ipv4,malicious-ip,medium,WHITE,ziyadnz/hourly-ipv4,ziyadnz|hourly,2026-08-17T18:48:05Z,2026-08-17T18:48:05Z,
49.51.52.130,ipv4,malicious-ip,medium,WHITE,ziyadnz/hourly-ipv4,ziyadnz|hourly,2026-08-17T18:48:05Z,2026-08-17T18:48:05Z,
49.51.52.250,ipv4,malicious-ip,medium,WHITE,ziyadnz/hourly-ipv4,ziyadnz|hourly,2026-08-17T18:48:05Z,2026-08-17T18:48:05Z,
49.51.52.41,ipv4,malicious-ip,medium,WHITE,ziyadnz/hourly-ipv4,ziyadnz|hourly,2026-08-17T18:48:05Z,2026-08-17T18:48:05Z,
49.51.69.174,ipv4,malicious-ip,medium,WHITE,ziyadnz/hourly-ipv4,ziyadnz|hourly,2026-08-17T18:48:05Z,2026-08-17T18:48:05Z,
49.51.70.17,ipv4,malicious-ip,medium,WHITE,ziyadnz/hourly-ipv4,ziyadnz|hourly,2026-08-17T18:48:05Z,2026-08-17T18:48:05Z,
49.51.70.232,ipv4,malicious-ip,medium,WHITE,ziyadnz/hourly-ipv4,ziyadnz|hourly,2026-08-17T18:48:05Z,2026-08-17T18:48:05Z,
49.51.72.236,ipv4,malicious-ip,medium,WHITE,ziyadnz/hourly-ipv4,ziyadnz|hourly,2026-08-17T18:48:05Z,2026-08-17T18:48:05Z,
49.51.73.108,ipv4,malicious-ip,medium,WHITE,ziyadnz/hourly-ipv4,ziyadnz|hourly,2026-08-17T18:48:05Z,2026-08-17T18:48:05Z,
49.51.73.183,ipv4,malicious-ip,medium,WHITE,ziyadnz/hourly-ipv4,ziyadnz|hourly,2026-08-17T18:48:05Z,2026-08-17T18:48:05Z,
49.51.73.186,ipv4,malicious-ip,medium,WHITE,ziyadnz/hourly-ipv4,ziyadnz|hourly,2026-08-17T18:48:05Z,2026-08-17T18:48:05Z,
49.51.73.28,ipv4,malicious-ip,medium,WHITE,ziyadnz/hourly-ipv4,ziyadnz|hourly,2026-08-17T18:48:05Z,2026-08-17T18:48:05Z,
49.51.73.38,ipv4,malicious-ip,medium,WHITE,ziyadnz/hourly-ipv4,ziyadnz|hourly,2026-08-17T18:48:05Z,2026-08-17T18:48:05Z,
49.51.73.85,ipv4,malicious-ip,medium,WHITE,ziyadnz/hourly-ipv4,ziyadnz|hourly,2026-08-17T18:48:05Z,2026-08-17T18:48:05Z,
49.64.169.224,ipv4,malicious-ip,medium,WHITE,ziyadnz/hourly-ipv4,ziyadnz|hourly,2026-08-17T18:48:05Z,2026-08-17T18:48:05Z,
49.64.242.249,ipv4,malicious-ip,medium,WHITE,ziyadnz/hourly-ipv4,ziyadnz|hourly,2026-08-17T18:48:05Z,2026-08-17T18:48:05Z,
49.65.107.51,ipv4,malicious-ip,medium,WHITE,ziyadnz/hourly-ipv4,ziyadnz|hourly,2026-08-17T18:48:05Z,2026-08-17T18:48:05Z,
49.65.78.204,ipv4,malicious-ip,medium,WHITE,ziyadnz/hourly-ipv4,ziyadnz|hourly,2026-08-17T18:48:05Z,2026-08-17T18:48:05Z,
49.67.146.4,ipv4,malicious-ip,medium,WHITE,ziyadnz/hourly-ipv4,ziyadnz|hourly,2026-08-17T18:48:05Z,2026-08-17T18:48:05Z,
49.67.243.164,ipv4,malicious-ip,medium,WHITE,ziyadnz/hourly-ipv4,ziyadnz|hourly,2026-08-17T18:48:05Z,2026-08-17T18:48:05Z,
49.67.26.202,ipv4,malicious-ip,medium,WHITE,ziyadnz/hourly-ipv4,ziyadnz|hourly,2026-08-17T18:48:05Z,2026-08-17T18:48:05Z,
49.67.32.240,ipv4,malicious-ip,medium,WHITE,ziyadnz/hourly-ipv4,ziyadnz|hourly,2026-08-17T18:48:05Z,2026-08-17T18:48:05Z,
49.67.91.103,ipv4,malicious-ip,medium,WHITE,ziyadnz/hourly-ipv4,ziyadnz|hourly,2026-08-17T18:48:05Z,2026-08-17T18:48:05Z,
49.7.202.159,ipv4,malicious-ip,medium,WHITE,ziyadnz/hourly-ipv4,ziyadnz|hourly,2026-08-17T18:48:05Z,2026-08-17T18:48:05Z,
49.7.204.85,ipv4,malicious-ip,medium,WHITE,ziyadnz/hourly-ipv4,ziyadnz|hourly,2026-08-17T18:48:05Z,2026-08-17T18:48:05Z,
49.7.205.17,ipv4,malicious-ip,medium,WHITE,ziyadnz/hourly-ipv4,ziyadnz|hourly,2026-08-17T18:48:05Z,2026-08-17T18:48:05Z,
49.7.208.252,ipv4,malicious-ip,medium,WHITE,ziyadnz/hourly-ipv4,ziyadnz|hourly,2026-08-17T18:48:05Z,2026-08-17T18:48:05Z,
49.7.233.99,ipv4,malicious-ip,medium,WHITE,ziyadnz/hourly-ipv4,ziyadnz|hourly,2026-08-17T18:48:05Z,2026-08-17T18:48:05Z,
49.7.59.100,ipv4,malicious-ip,medium,WHITE,ziyadnz/hourly-ipv4,ziyadnz|hourly,2026-08-17T18:48:05Z,2026-08-17T18:48:05Z,
49.71.41.0,ipv4,malicious-ip,medium,WHITE,ziyadnz/hourly-ipv4,ziyadnz|hourly,2026-08-17T18:48:05Z,2026-08-17T18:48:05Z,
49.71.41.113,ipv4,malicious-ip,medium,WHITE,ziyadnz/hourly-ipv4,ziyadnz|hourly,2026-08-17T18:48:05Z,2026-08-17T18:48:05Z,
49.71.41.119,ipv4,malicious-ip,medium,WHITE,ziyadnz/hourly-ipv4,ziyadnz|hourly,2026-08-17T18:48:05Z,2026-08-17T18:48:05Z,
49.71.41.12,ipv4,malicious-ip,medium,WHITE,ziyadnz/hourly-ipv4,ziyadnz|hourly,2026-08-17T18:48:05Z,2026-08-17T18:48:05Z,
49.71.41.173,ipv4,malicious-ip,medium,WHITE,ziyadnz/hourly-ipv4,ziyadnz|hourly,2026-08-17T18:48:05Z,2026-08-17T18:48:05Z,
49.71.41.187,ipv4,malicious-ip,medium,WHITE,ziyadnz/hourly-ipv4,ziyadnz|hourly,2026-08-17T18:48:05Z,2026-08-17T18:48:05Z,
49.71.41.211,ipv4,malicious-ip,medium,WHITE,ziyadnz/hourly-ipv4,ziyadnz|hourly,2026-08-17T18:48:05Z,2026-08-17T18:48:05Z,
49.71.41.226,ipv4,malicious-ip,medium,WHITE,ziyadnz/hourly-ipv4,ziyadnz|hourly,2026-08-17T18:48:05Z,2026-08-17T18:48:05Z,
49.71.41.232,ipv4,malicious-ip,medium,WHITE,ziyadnz/hourly-ipv4,ziyadnz|hourly,2026-08-17T18:48:05Z,2026-08-17T18:48:05Z,
49.71.41.6,ipv4,malicious-ip,medium,WHITE,ziyadnz/hourly-ipv4,ziyadnz|hourly,2026-08-17T18:48:05Z,2026-08-17T18:48:05Z,
49.71.41.62,ipv4,malicious-ip,medium,WHITE,ziyadnz/hourly-ipv4,ziyadnz|hourly,2026-08-17T18:48:05Z,2026-08-17T18:48:05Z,
49.71.41.75,ipv4,malicious-ip,medium,WHITE,ziyadnz/hourly-ipv4,ziyadnz|hourly,2026-08-17T18:48:05Z,2026-08-17T18:48:05Z,
49.71.41.92,ipv4,malicious-ip,medium,WHITE,ziyadnz/hourly-ipv4,ziyadnz|hourly,2026-08-17T18:48:05Z,2026-08-17T18:48:05Z,
49.71.96.229,ipv4,malicious-ip,medium,WHITE,ziyadnz/hourly-ipv4,ziyadnz|hourly,2026-08-17T18:48:05Z,2026-08-17T18:48:05Z,
49.72.79.223,ipv4,malicious-ip,medium,WHITE,ziyadnz/hourly-ipv4,ziyadnz|hourly,2026-08-17T18:48:05Z,2026-08-17T18:48:05Z,
49.75.42.211,ipv4,malicious-ip,medium,WHITE,ziyadnz/hourly-ipv4,ziyadnz|hourly,2026-08-17T18:48:05Z,2026-08-17T18:48:05Z,
49.76.36.186,ipv4,malicious-ip,medium,WHITE,ziyadnz/hourly-ipv4,ziyadnz|hourly,2026-08-17T18:48:05Z,2026-08-17T18:48:05Z,
49.79.189.163,ipv4,malicious-ip,medium,WHITE,ziyadnz/hourly-ipv4,ziyadnz|hourly,2026-08-17T18:48:05Z,2026-08-17T18:48:05Z,
49.79.202.239,ipv4,malicious-ip,medium,WHITE,ziyadnz/hourly-ipv4,ziyadnz|hourly,2026-08-17T18:48:05Z,2026-08-17T18:48:05Z,
49.80.67.211,ipv4,malicious-ip,medium,WHITE,ziyadnz/hourly-ipv4,ziyadnz|hourly,2026-08-17T18:48:05Z,2026-08-17T18:48:05Z,
49.81.67.230,ipv4,malicious-ip,medium,WHITE,ziyadnz/hourly-ipv4,ziyadnz|hourly,2026-08-17T18:48:05Z,2026-08-17T18:48:05Z,
49.84.226.219,ipv4,malicious-ip,medium,WHITE,ziyadnz/hourly-ipv4,ziyadnz|hourly,2026-08-17T18:48:05Z,2026-08-17T18:48:05Z,
49.85.192.214,ipv4,malicious-ip,medium,WHITE,ziyadnz/hourly-ipv4,ziyadnz|hourly,2026-08-17T18:48:05Z,2026-08-17T18:48:05Z,
49.85.8.154,ipv4,malicious-ip,medium,WHITE,ziyadnz/hourly-ipv4,ziyadnz|hourly,2026-08-17T18:48:05Z,2026-08-17T18:48:05Z,
49.86.177.0,ipv4,malicious-ip,medium,WHITE,ziyadnz/hourly-ipv4,ziyadnz|hourly,2026-08-17T18:48:05Z,2026-08-17T18:48:05Z,
49.86.177.128,ipv4,malicious-ip,medium,WHITE,ziyadnz/hourly-ipv4,ziyadnz|hourly,2026-08-17T18:48:05Z,2026-08-17T18:48:05Z,
49.86.177.178,ipv4,malicious-ip,medium,WHITE,ziyadnz/hourly-ipv4,ziyadnz|hourly,2026-08-17T18:48:05Z,2026-08-17T18:48:05Z,
49.86.177.196,ipv4,malicious-ip,medium,WHITE,ziyadnz/hourly-ipv4,ziyadnz|hourly,2026-08-17T18:48:05Z,2026-08-17T18:48:05Z,
49.86.177.246,ipv4,malicious-ip,medium,WHITE,ziyadnz/hourly-ipv4,ziyadnz|hourly,2026-08-17T18:48:05Z,2026-08-17T18:48:05Z,
49.86.177.47,ipv4,malicious-ip,medium,WHITE,ziyadnz/hourly-ipv4,ziyadnz|hourly,2026-08-17T18:48:05Z,2026-08-17T18:48:05Z,
49.86.177.86,ipv4,malicious-ip,medium,WHITE,ziyadnz/hourly-ipv4,ziyadnz|hourly,2026-08-17T18:48:05Z,2026-08-17T18:48:05Z,
49.86.180.116,ipv4,malicious-ip,medium,WHITE,ziyadnz/hourly-ipv4,ziyadnz|hourly,2026-08-17T18:48:05Z,2026-08-17T18:48:05Z,
49.86.180.210,ipv4,malicious-ip,medium,WHITE,ziyadnz/hourly-ipv4,ziyadnz|hourly,2026-08-17T18:48:05Z,2026-08-17T18:48:05Z,
49.86.180.68,ipv4,malicious-ip,medium,WHITE,ziyadnz/hourly-ipv4,ziyadnz|hourly,2026-08-17T18:48:05Z,2026-08-17T18:48:05Z,
49.86.180.75,ipv4,malicious-ip,medium,WHITE,ziyadnz/hourly-ipv4,ziyadnz|hourly,2026-08-17T18:48:05Z,2026-08-17T18:48:05Z,
49.86.216.235,ipv4,malicious-ip,medium,WHITE,ziyadnz/hourly-ipv4,ziyadnz|hourly,2026-08-17T18:48:05Z,2026-08-17T18:48:05Z,
49.86.38.191,ipv4,malicious-ip,medium,WHITE,ziyadnz/hourly-ipv4,ziyadnz|hourly,2026-08-17T18:48:05Z,2026-08-17T18:48:05Z,
49.86.38.214,ipv4,malicious-ip,medium,WHITE,ziyadnz/hourly-ipv4,ziyadnz|hourly,2026-08-17T18:48:05Z,2026-08-17T18:48:05Z,
49.86.38.36,ipv4,malicious-ip,medium,WHITE,ziyadnz/hourly-ipv4,ziyadnz|hourly,2026-08-17T18:48:05Z,2026-08-17T18:48:05Z,
49.87.199.210,ipv4,malicious-ip,medium,WHITE,ziyadnz/hourly-ipv4,ziyadnz|hourly,2026-08-17T18:48:05Z,2026-08-17T18:48:05Z,
49.88.172.133,ipv4,malicious-ip,medium,WHITE,ziyadnz/hourly-ipv4,ziyadnz|hourly,2026-08-17T18:48:05Z,2026-08-17T18:48:05Z,
49.88.210.5,ipv4,malicious-ip,medium,WHITE,ziyadnz/hourly-ipv4,ziyadnz|hourly,2026-08-17T18:48:05Z,2026-08-17T18:48:05Z,
49.88.32.149,ipv4,malicious-ip,medium,WHITE,ziyadnz/hourly-ipv4,ziyadnz|hourly,2026-08-17T18:48:05Z,2026-08-17T18:48:05Z,
49.89.41.187,ipv4,malicious-ip,medium,WHITE,ziyadnz/hourly-ipv4,ziyadnz|hourly,2026-08-17T18:48:05Z,2026-08-17T18:48:05Z,
5.0.10.163,ipv4,malicious-ip,medium,WHITE,ziyadnz/hourly-ipv4,ziyadnz|hourly,2026-08-17T18:48:05Z,2026-08-17T18:48:05Z,
5.1.0.22,ipv4,malicious-ip,medium,WHITE,ziyadnz/hourly-ipv4,ziyadnz|hourly,2026-08-17T18:48:05Z,2026-08-17T18:48:05Z,
5.1.5.135,ipv4,malicious-ip,medium,WHITE,ziyadnz/hourly-ipv4,ziyadnz|hourly,2026-08-17T18:48:05Z,2026-08-17T18:48:05Z,
5.1.94.238,ipv4,malicious-ip,medium,WHITE,ziyadnz/hourly-ipv4,ziyadnz|hourly,2026-08-17T18:48:05Z,2026-08-17T18:48:05Z,
5.10.213.64,ipv4,malicious-ip,medium,WHITE,ziyadnz/hourly-ipv4,ziyadnz|hourly,2026-08-17T18:48:05Z,2026-08-17T18:48:05Z,
5.10.249.153,ipv4,malicious-ip,medium,WHITE,ziyadnz/hourly-ipv4,ziyadnz|hourly,2026-08-17T18:48:05Z,2026-08-17T18:48:05Z,
5.10.250.240,ipv4,malicious-ip,medium,WHITE,ziyadnz/hourly-ipv4,ziyadnz|hourly,2026-08-17T18:48:05Z,2026-08-17T18:48:05Z,
5.10.250.97,ipv4,malicious-ip,medium,WHITE,ziyadnz/hourly-ipv4,ziyadnz|hourly,2026-08-17T18:48:05Z,2026-08-17T18:48:05Z,
5.101.0.66,ipv4,malicious-ip,medium,WHITE,ziyadnz/hourly-ipv4,ziyadnz|hourly,2026-08-17T18:48:05Z,2026-08-17T18:48:05Z,
5.101.119.84,ipv4,malicious-ip,medium,WHITE,ziyadnz/hourly-ipv4,ziyadnz|hourly,2026-08-17T18:48:05Z,2026-08-17T18:48:05Z,
5.101.157.80,ipv4,malicious-ip,medium,WHITE,ziyadnz/hourly-ipv4,ziyadnz|hourly,2026-08-17T18:48:05Z,2026-08-17T18:48:05Z,
5.101.198.154,ipv4,malicious-ip,medium,WHITE,ziyadnz/hourly-ipv4,ziyadnz|hourly,2026-08-17T18:48:05Z,2026-08-17T18:48:05Z,
5.101.64.6,ipv4,malicious-ip,medium,WHITE,ziyadnz/hourly-ipv4,ziyadnz|hourly,2026-08-17T18:48:05Z,2026-08-17T18:48:05Z,
5.101.78.146,ipv4,malicious-ip,medium,WHITE,ziyadnz/hourly-ipv4,ziyadnz|hourly,2026-08-17T18:48:05Z,2026-08-17T18:48:05Z,
5.101.82.60,ipv4,malicious-ip,medium,WHITE,ziyadnz/hourly-ipv4,ziyadnz|hourly,2026-08-17T18:48:05Z,2026-08-17T18:48:05Z,
5.101.84.75,ipv4,malicious-ip,medium,WHITE,ziyadnz/hourly-ipv4,ziyadnz|hourly,2026-08-17T18:48:05Z,2026-08-17T18:48:05Z,
5.101.86.55,ipv4,malicious-ip,medium,WHITE,ziyadnz/hourly-ipv4,ziyadnz|hourly,2026-08-17T18:48:05Z,2026-08-17T18:48:05Z,
5.104.84.183,ipv4,malicious-ip,medium,WHITE,ziyadnz/hourly-ipv4,ziyadnz|hourly,2026-08-17T18:48:05Z,2026-08-17T18:48:05Z,
5.104.86.6,ipv4,malicious-ip,medium,WHITE,ziyadnz/hourly-ipv4,ziyadnz|hourly,2026-08-17T18:48:05Z,2026-08-17T18:48:05Z,
5.107.17.134,ipv4,malicious-ip,medium,WHITE,ziyadnz/hourly-ipv4,ziyadnz|hourly,2026-08-17T18:48:05Z,2026-08-17T18:48:05Z,
5.107.176.159,ipv4,malicious-ip,medium,WHITE,ziyadnz/hourly-ipv4,ziyadnz|hourly,2026-08-17T18:48:05Z,2026-08-17T18:48:05Z,
5.107.188.181,ipv4,malicious-ip,medium,WHITE,ziyadnz/hourly-ipv4,ziyadnz|hourly,2026-08-17T18:48:05Z,2026-08-17T18:48:05Z,
5.107.207.177,ipv4,malicious-ip,medium,WHITE,ziyadnz/hourly-ipv4,ziyadnz|hourly,2026-08-17T18:48:05Z,2026-08-17T18:48:05Z,
5.107.21.28,ipv4,malicious-ip,medium,WHITE,ziyadnz/hourly-ipv4,ziyadnz|hourly,2026-08-17T18:48:05Z,2026-08-17T18:48:05Z,
5.107.213.86,ipv4,malicious-ip,medium,WHITE,ziyadnz/hourly-ipv4,ziyadnz|hourly,2026-08-17T18:48:05Z,2026-08-17T18:48:05Z,
5.109.182.231,ipv4,malicious-ip,medium,WHITE,ziyadnz/hourly-ipv4,ziyadnz|hourly,2026-08-17T18:48:05Z,2026-08-17T18:48:05Z,
5.109.220.83,ipv4,malicious-ip,medium,WHITE,ziyadnz/hourly-ipv4,ziyadnz|hourly,2026-08-17T18:48:05Z,2026-08-17T18:48:05Z,
5.11.143.123,ipv4,malicious-ip,medium,WHITE,ziyadnz/hourly-ipv4,ziyadnz|hourly,2026-08-17T18:48:05Z,2026-08-17T18:48:05Z,
5.11.157.154,ipv4,malicious-ip,medium,WHITE,ziyadnz/hourly-ipv4,ziyadnz|hourly,2026-08-17T18:48:05Z,2026-08-17T18:48:05Z,
5.11.168.173,ipv4,malicious-ip,medium,WHITE,ziyadnz/hourly-ipv4,ziyadnz|hourly,2026-08-17T18:48:05Z,2026-08-17T18:48:05Z,
5.11.190.122,ipv4,malicious-ip,medium,WHITE,ziyadnz/hourly-ipv4,ziyadnz|hourly,2026-08-17T18:48:05Z,2026-08-17T18:48:05Z,
5.11.197.136,ipv4,malicious-ip,medium,WHITE,ziyadnz/hourly-ipv4,ziyadnz|hourly,2026-08-17T18:48:05Z,2026-08-17T18:48:05Z,
5.11.83.214,ipv4,malicious-ip,medium,WHITE,ziyadnz/hourly-ipv4,ziyadnz|hourly,2026-08-17T18:48:05Z,2026-08-17T18:48:05Z,
5.128.121.101,ipv4,malicious-ip,medium,WHITE,ziyadnz/hourly-ipv4,ziyadnz|hourly,2026-08-17T18:48:05Z,2026-08-17T18:48:05Z,
5.129.178.133,ipv4,malicious-ip,medium,WHITE,ziyadnz/hourly-ipv4,ziyadnz|hourly,2026-08-17T18:48:05Z,2026-08-17T18:48:05Z,
5.129.178.196,ipv4,malicious-ip,medium,WHITE,ziyadnz/hourly-ipv4,ziyadnz|hourly,2026-08-17T18:48:05Z,2026-08-17T18:48:05Z,
5.129.182.166,ipv4,malicious-ip,medium,WHITE,ziyadnz/hourly-ipv4,ziyadnz|hourly,2026-08-17T18:48:05Z,2026-08-17T18:48:05Z,
5.129.189.50,ipv4,malicious-ip,medium,WHITE,ziyadnz/hourly-ipv4,ziyadnz|hourly,2026-08-17T18:48:05Z,2026-08-17T18:48:05Z,
5.129.189.60,ipv4,malicious-ip,medium,WHITE,ziyadnz/hourly-ipv4,ziyadnz|hourly,2026-08-17T18:48:05Z,2026-08-17T18:48:05Z,
5.129.196.85,ipv4,malicious-ip,medium,WHITE,ziyadnz/hourly-ipv4,ziyadnz|hourly,2026-08-17T18:48:05Z,2026-08-17T18:48:05Z,
5.129.206.230,ipv4,malicious-ip,medium,WHITE,ziyadnz/hourly-ipv4,ziyadnz|hourly,2026-08-17T18:48:05Z,2026-08-17T18:48:05Z,
5.129.216.16,ipv4,malicious-ip,medium,WHITE,ziyadnz/hourly-ipv4,ziyadnz|hourly,2026-08-17T18:48:05Z,2026-08-17T18:48:05Z,
5.129.219.231,ipv4,malicious-ip,medium,WHITE,ziyadnz/hourly-ipv4,ziyadnz|hourly,2026-08-17T18:48:05Z,2026-08-17T18:48:05Z,
5.129.238.185,ipv4,malicious-ip,medium,WHITE,ziyadnz/hourly-ipv4,ziyadnz|hourly,2026-08-17T18:48:05Z,2026-08-17T18:48:05Z,
5.129.251.206,ipv4,malicious-ip,medium,WHITE,ziyadnz/hourly-ipv4,ziyadnz|hourly,2026-08-17T18:48:05Z,2026-08-17T18:48:05Z,
5.130.241.19,ipv4,malicious-ip,medium,WHITE,ziyadnz/hourly-ipv4,ziyadnz|hourly,2026-08-17T18:48:05Z,2026-08-17T18:48:05Z,
5.130.32.34,ipv4,malicious-ip,medium,WHITE,ziyadnz/hourly-ipv4,ziyadnz|hourly,2026-08-17T18:48:05Z,2026-08-17T18:48:05Z,
5.133.122.228,ipv4,malicious-ip,medium,WHITE,ziyadnz/hourly-ipv4,ziyadnz|hourly,2026-08-17T18:48:05Z,2026-08-17T18:48:05Z,
5.133.123.153,ipv4,malicious-ip,medium,WHITE,ziyadnz/hourly-ipv4,ziyadnz|hourly,2026-08-17T18:48:05Z,2026-08-17T18:48:05Z,
5.133.168.15,ipv4,malicious-ip,medium,WHITE,ziyadnz/hourly-ipv4,ziyadnz|hourly,2026-08-17T18:48:05Z,2026-08-17T18:48:05Z,
5.133.194.104,ipv4,malicious-ip,medium,WHITE,ziyadnz/hourly-ipv4,ziyadnz|hourly,2026-08-17T18:48:05Z,2026-08-17T18:48:05Z,
5.133.76.188,ipv4,malicious-ip,medium,WHITE,ziyadnz/hourly-ipv4,ziyadnz|hourly,2026-08-17T18:48:05Z,2026-08-17T18:48:05Z,
5.135.10.106,ipv4,malicious-ip,medium,WHITE,ziyadnz/hourly-ipv4,ziyadnz|hourly,2026-08-17T18:48:05Z,2026-08-17T18:48:05Z,
5.135.101.200,ipv4,malicious-ip,medium,WHITE,ziyadnz/hourly-ipv4,ziyadnz|hourly,2026-08-17T18:48:05Z,2026-08-17T18:48:05Z,
5.135.106.93,ipv4,malicious-ip,medium,WHITE,ziyadnz/hourly-ipv4,ziyadnz|hourly,2026-08-17T18:48:05Z,2026-08-17T18:48:05Z,
5.135.107.165,ipv4,malicious-ip,medium,WHITE,ziyadnz/hourly-ipv4,ziyadnz|hourly,2026-08-17T18:48:05Z,2026-08-17T18:48:05Z,
5.135.16.241,ipv4,malicious-ip,medium,WHITE,ziyadnz/hourly-ipv4,ziyadnz|hourly,2026-08-17T18:48:05Z,2026-08-17T18:48:05Z,
5.135.22.143,ipv4,malicious-ip,medium,WHITE,ziyadnz/hourly-ipv4,ziyadnz|hourly,2026-08-17T18:48:05Z,2026-08-17T18:48:05Z,
5.135.58.84,ipv4,malicious-ip,medium,WHITE,ziyadnz/hourly-ipv4,ziyadnz|hourly,2026-08-17T18:48:05Z,2026-08-17T18:48:05Z,
5.135.98.203,ipv4,malicious-ip,medium,WHITE,ziyadnz/hourly-ipv4,ziyadnz|hourly,2026-08-17T18:48:05Z,2026-08-17T18:48:05Z,
5.140.212.144,ipv4,malicious-ip,medium,WHITE,ziyadnz/hourly-ipv4,ziyadnz|hourly,2026-08-17T18:48:05Z,2026-08-17T18:48:05Z,
5.142.114.202,ipv4,malicious-ip,medium,WHITE,ziyadnz/hourly-ipv4,ziyadnz|hourly,2026-08-17T18:48:05Z,2026-08-17T18:48:05Z,
5.142.235.110,ipv4,malicious-ip,medium,WHITE,ziyadnz/hourly-ipv4,ziyadnz|hourly,2026-08-17T18:48:05Z,2026-08-17T18:48:05Z,
5.144.117.60,ipv4,malicious-ip,medium,WHITE,ziyadnz/hourly-ipv4,ziyadnz|hourly,2026-08-17T18:48:05Z,2026-08-17T18:48:05Z,
5.144.130.115,ipv4,malicious-ip,medium,WHITE,ziyadnz/hourly-ipv4,ziyadnz|hourly,2026-08-17T18:48:05Z,2026-08-17T18:48:05Z,
5.144.130.116,ipv4,malicious-ip,medium,WHITE,ziyadnz/hourly-ipv4,ziyadnz|hourly,2026-08-17T18:48:05Z,2026-08-17T18:48:05Z,
5.145.171.57,ipv4,malicious-ip,medium,WHITE,ziyadnz/hourly-ipv4,ziyadnz|hourly,2026-08-17T18:48:05Z,2026-08-17T18:48:05Z,
5.146.111.129,ipv4,malicious-ip,medium,WHITE,ziyadnz/hourly-ipv4,ziyadnz|hourly,2026-08-17T18:48:05Z,2026-08-17T18:48:05Z,
5.147.69.0,ipv4,malicious-ip,medium,WHITE,ziyadnz/hourly-ipv4,ziyadnz|hourly,2026-08-17T18:48:05Z,2026-08-17T18:48:05Z,
5.149.248.68,ipv4,malicious-ip,medium,WHITE,ziyadnz/hourly-ipv4,ziyadnz|hourly,2026-08-17T18:48:05Z,2026-08-17T18:48:05Z,
5.149.249.74,ipv4,malicious-ip,medium,WHITE,ziyadnz/hourly-ipv4,ziyadnz|hourly,2026-08-17T18:48:05Z,2026-08-17T18:48:05Z,
5.149.250.74,ipv4,malicious-ip,medium,WHITE,ziyadnz/hourly-ipv4,ziyadnz|hourly,2026-08-17T18:48:05Z,2026-08-17T18:48:05Z,
5.149.250.92,ipv4,malicious-ip,medium,WHITE,ziyadnz/hourly-ipv4,ziyadnz|hourly,2026-08-17T18:48:05Z,2026-08-17T18:48:05Z,
5.149.90.141,ipv4,malicious-ip,medium,WHITE,ziyadnz/hourly-ipv4,ziyadnz|hourly,2026-08-17T18:48:05Z,2026-08-17T18:48:05Z,
5.149.90.215,ipv4,malicious-ip,medium,WHITE,ziyadnz/hourly-ipv4,ziyadnz|hourly,2026-08-17T18:48:05Z,2026-08-17T18:48:05Z,
5.149.91.46,ipv4,malicious-ip,medium,WHITE,ziyadnz/hourly-ipv4,ziyadnz|hourly,2026-08-17T18:48:05Z,2026-08-17T18:48:05Z,
5.152.112.188,ipv4,malicious-ip,medium,WHITE,ziyadnz/hourly-ipv4,ziyadnz|hourly,2026-08-17T18:48:05Z,2026-08-17T18:48:05Z,
5.152.145.85,ipv4,malicious-ip,medium,WHITE,ziyadnz/hourly-ipv4,ziyadnz|hourly,2026-08-17T18:48:05Z,2026-08-17T18:48:05Z,
5.152.58.234,ipv4,malicious-ip,medium,WHITE,ziyadnz/hourly-ipv4,ziyadnz|hourly,2026-08-17T18:48:05Z,2026-08-17T18:48:05Z,
5.153.182.72,ipv4,malicious-ip,medium,WHITE,ziyadnz/hourly-ipv4,ziyadnz|hourly,2026-08-17T18:48:05Z,2026-08-17T18:48:05Z,
5.154.10.217,ipv4,malicious-ip,medium,WHITE,ziyadnz/hourly-ipv4,ziyadnz|hourly,2026-08-17T18:48:05Z,2026-08-17T18:48:05Z,
5.154.181.119,ipv4,malicious-ip,medium,WHITE,ziyadnz/hourly-ipv4,ziyadnz|hourly,2026-08-17T18:48:05Z,2026-08-17T18:48:05Z,
5.155.130.207,ipv4,malicious-ip,medium,WHITE,ziyadnz/hourly-ipv4,ziyadnz|hourly,2026-08-17T18:48:05Z,2026-08-17T18:48:05Z,
5.155.32.153,ipv4,malicious-ip,medium,WHITE,ziyadnz/hourly-ipv4,ziyadnz|hourly,2026-08-17T18:48:05Z,2026-08-17T18:48:05Z,
5.155.7.141,ipv4,malicious-ip,medium,WHITE,ziyadnz/hourly-ipv4,ziyadnz|hourly,2026-08-17T18:48:05Z,2026-08-17T18:48:05Z,
5.155.75.219,ipv4,malicious-ip,medium,WHITE,ziyadnz/hourly-ipv4,ziyadnz|hourly,2026-08-17T18:48:05Z,2026-08-17T18:48:05Z,
5.158.12.61,ipv4,malicious-ip,medium,WHITE,ziyadnz/hourly-ipv4,ziyadnz|hourly,2026-08-17T18:48:05Z,2026-08-17T18:48:05Z,
5.159.131.83,ipv4,malicious-ip,medium,WHITE,ziyadnz/hourly-ipv4,ziyadnz|hourly,2026-08-17T18:48:05Z,2026-08-17T18:48:05Z,
5.159.135.133,ipv4,malicious-ip,medium,WHITE,ziyadnz/hourly-ipv4,ziyadnz|hourly,2026-08-17T18:48:05Z,2026-08-17T18:48:05Z,
5.159.96.249,ipv4,malicious-ip,medium,WHITE,ziyadnz/hourly-ipv4,ziyadnz|hourly,2026-08-17T18:48:05Z,2026-08-17T18:48:05Z,
5.160.108.78,ipv4,malicious-ip,medium,WHITE,ziyadnz/hourly-ipv4,ziyadnz|hourly,2026-08-17T18:48:05Z,2026-08-17T18:48:05Z,
5.160.228.186,ipv4,malicious-ip,medium,WHITE,ziyadnz/hourly-ipv4,ziyadnz|hourly,2026-08-17T18:48:05Z,2026-08-17T18:48:05Z,
5.160.36.89,ipv4,malicious-ip,medium,WHITE,ziyadnz/hourly-ipv4,ziyadnz|hourly,2026-08-17T18:48:05Z,2026-08-17T18:48:05Z,
5.161.136.176,ipv4,malicious-ip,medium,WHITE,ziyadnz/hourly-ipv4,ziyadnz|hourly,2026-08-17T18:48:05Z,2026-08-17T18:48:05Z,
5.161.16.185,ipv4,malicious-ip,medium,WHITE,ziyadnz/hourly-ipv4,ziyadnz|hourly,2026-08-17T18:48:05Z,2026-08-17T18:48:05Z,
5.161.189.178,ipv4,malicious-ip,medium,WHITE,ziyadnz/hourly-ipv4,ziyadnz|hourly,2026-08-17T18:48:05Z,2026-08-17T18:48:05Z,
5.161.190.139,ipv4,malicious-ip,medium,WHITE,ziyadnz/hourly-ipv4,ziyadnz|hourly,2026-08-17T18:48:05Z,2026-08-17T18:48:05Z,
5.161.192.106,ipv4,malicious-ip,medium,WHITE,ziyadnz/hourly-ipv4,ziyadnz|hourly,2026-08-17T18:48:05Z,2026-08-17T18:48:05Z,
5.161.227.224,ipv4,malicious-ip,medium,WHITE,ziyadnz/hourly-ipv4,ziyadnz|hourly,2026-08-17T18:48:05Z,2026-08-17T18:48:05Z,
5.161.23.122,ipv4,malicious-ip,medium,WHITE,ziyadnz/hourly-ipv4,ziyadnz|hourly,2026-08-17T18:48:05Z,2026-08-17T18:48:05Z,
5.161.242.138,ipv4,malicious-ip,medium,WHITE,ziyadnz/hourly-ipv4,ziyadnz|hourly,2026-08-17T18:48:05Z,2026-08-17T18:48:05Z,
5.161.48.75,ipv4,malicious-ip,medium,WHITE,ziyadnz/hourly-ipv4,ziyadnz|hourly,2026-08-17T18:48:05Z,2026-08-17T18:48:05Z,
5.162.84.22,ipv4,malicious-ip,medium,WHITE,ziyadnz/hourly-ipv4,ziyadnz|hourly,2026-08-17T18:48:05Z,2026-08-17T18:48:05Z,
5.164.168.36,ipv4,malicious-ip,medium,WHITE,ziyadnz/hourly-ipv4,ziyadnz|hourly,2026-08-17T18:48:05Z,2026-08-17T18:48:05Z,
5.164.46.54,ipv4,malicious-ip,medium,WHITE,ziyadnz/hourly-ipv4,ziyadnz|hourly,2026-08-17T18:48:05Z,2026-08-17T18:48:05Z,
5.165.146.194,ipv4,malicious-ip,medium,WHITE,ziyadnz/hourly-ipv4,ziyadnz|hourly,2026-08-17T18:48:05Z,2026-08-17T18:48:05Z,
5.165.190.53,ipv4,malicious-ip,medium,WHITE,ziyadnz/hourly-ipv4,ziyadnz|hourly,2026-08-17T18:48:05Z,2026-08-17T18:48:05Z,
5.165.200.7,ipv4,malicious-ip,medium,WHITE,ziyadnz/hourly-ipv4,ziyadnz|hourly,2026-08-17T18:48:05Z,2026-08-17T18:48:05Z,
5.165.26.129,ipv4,malicious-ip,medium,WHITE,ziyadnz/hourly-ipv4,ziyadnz|hourly,2026-08-17T18:48:05Z,2026-08-17T18:48:05Z,
5.165.90.30,ipv4,malicious-ip,medium,WHITE,ziyadnz/hourly-ipv4,ziyadnz|hourly,2026-08-17T18:48:05Z,2026-08-17T18:48:05Z,
5.166.175.114,ipv4,malicious-ip,medium,WHITE,ziyadnz/hourly-ipv4,ziyadnz|hourly,2026-08-17T18:48:05Z,2026-08-17T18:48:05Z,
5.166.51.241,ipv4,malicious-ip,medium,WHITE,ziyadnz/hourly-ipv4,ziyadnz|hourly,2026-08-17T18:48:05Z,2026-08-17T18:48:05Z,
5.172.15.35,ipv4,malicious-ip,medium,WHITE,ziyadnz/hourly-ipv4,ziyadnz|hourly,2026-08-17T18:48:05Z,2026-08-17T18:48:05Z,
5.172.22.97,ipv4,malicious-ip,medium,WHITE,ziyadnz/hourly-ipv4,ziyadnz|hourly,2026-08-17T18:48:05Z,2026-08-17T18:48:05Z,
5.172.6.79,ipv4,malicious-ip,medium,WHITE,ziyadnz/hourly-ipv4,ziyadnz|hourly,2026-08-17T18:48:05Z,2026-08-17T18:48:05Z,
5.175.136.175,ipv4,malicious-ip,medium,WHITE,ziyadnz/hourly-ipv4,ziyadnz|hourly,2026-08-17T18:48:05Z,2026-08-17T18:48:05Z,
5.175.184.74,ipv4,malicious-ip,medium,WHITE,ziyadnz/hourly-ipv4,ziyadnz|hourly,2026-08-17T18:48:05Z,2026-08-17T18:48:05Z,
5.175.188.71,ipv4,malicious-ip,medium,WHITE,ziyadnz/hourly-ipv4,ziyadnz|hourly,2026-08-17T18:48:05Z,2026-08-17T18:48:05Z,
5.175.189.20,ipv4,malicious-ip,medium,WHITE,ziyadnz/hourly-ipv4,ziyadnz|hourly,2026-08-17T18:48:05Z,2026-08-17T18:48:05Z,
5.175.206.202,ipv4,malicious-ip,medium,WHITE,ziyadnz/hourly-ipv4,ziyadnz|hourly,2026-08-17T18:48:05Z,2026-08-17T18:48:05Z,
5.175.215.102,ipv4,malicious-ip,medium,WHITE,ziyadnz/hourly-ipv4,ziyadnz|hourly,2026-08-17T18:48:05Z,2026-08-17T18:48:05Z,
5.175.218.19,ipv4,malicious-ip,medium,WHITE,ziyadnz/hourly-ipv4,ziyadnz|hourly,2026-08-17T18:48:05Z,2026-08-17T18:48:05Z,
5.175.237.74,ipv4,malicious-ip,medium,WHITE,ziyadnz/hourly-ipv4,ziyadnz|hourly,2026-08-17T18:48:05Z,2026-08-17T18:48:05Z,
5.175.249.164,ipv4,malicious-ip,medium,WHITE,ziyadnz/hourly-ipv4,ziyadnz|hourly,2026-08-17T18:48:05Z,2026-08-17T18:48:05Z,
5.175.249.223,ipv4,malicious-ip,medium,WHITE,ziyadnz/hourly-ipv4,ziyadnz|hourly,2026-08-17T18:48:05Z,2026-08-17T18:48:05Z,
5.175.249.90,ipv4,malicious-ip,medium,WHITE,ziyadnz/hourly-ipv4,ziyadnz|hourly,2026-08-17T18:48:05Z,2026-08-17T18:48:05Z,
5.178.0.29,ipv4,malicious-ip,medium,WHITE,ziyadnz/hourly-ipv4,ziyadnz|hourly,2026-08-17T18:48:05Z,2026-08-17T18:48:05Z,
5.178.101.137,ipv4,malicious-ip,medium,WHITE,ziyadnz/hourly-ipv4,ziyadnz|hourly,2026-08-17T18:48:05Z,2026-08-17T18:48:05Z,
5.178.101.185,ipv4,malicious-ip,medium,WHITE,ziyadnz/hourly-ipv4,ziyadnz|hourly,2026-08-17T18:48:05Z,2026-08-17T18:48:05Z,
5.178.103.205,ipv4,malicious-ip,medium,WHITE,ziyadnz/hourly-ipv4,ziyadnz|hourly,2026-08-17T18:48:05Z,2026-08-17T18:48:05Z,
5.178.173.240,ipv4,malicious-ip,medium,WHITE,ziyadnz/hourly-ipv4,ziyadnz|hourly,2026-08-17T18:48:05Z,2026-08-17T18:48:05Z,
5.178.192.91,ipv4,malicious-ip,medium,WHITE,ziyadnz/hourly-ipv4,ziyadnz|hourly,2026-08-17T18:48:05Z,2026-08-17T18:48:05Z,
5.178.238.148,ipv4,malicious-ip,medium,WHITE,ziyadnz/hourly-ipv4,ziyadnz|hourly,2026-08-17T18:48:05Z,2026-08-17T18:48:05Z,
5.178.87.159,ipv4,malicious-ip,medium,WHITE,ziyadnz/hourly-ipv4,ziyadnz|hourly,2026-08-17T18:48:05Z,2026-08-17T18:48:05Z,
5.180.100.209,ipv4,malicious-ip,medium,WHITE,ziyadnz/hourly-ipv4,ziyadnz|hourly,2026-08-17T18:48:05Z,2026-08-17T18:48:05Z,
5.180.106.85,ipv4,malicious-ip,medium,WHITE,ziyadnz/hourly-ipv4,ziyadnz|hourly,2026-08-17T18:48:05Z,2026-08-17T18:48:05Z,
5.180.155.91,ipv4,malicious-ip,medium,WHITE,ziyadnz/hourly-ipv4,ziyadnz|hourly,2026-08-17T18:48:05Z,2026-08-17T18:48:05Z,
5.180.22.42,ipv4,malicious-ip,medium,WHITE,ziyadnz/hourly-ipv4,ziyadnz|hourly,2026-08-17T18:48:05Z,2026-08-17T18:48:05Z,
5.180.221.108,ipv4,malicious-ip,medium,WHITE,ziyadnz/hourly-ipv4,ziyadnz|hourly,2026-08-17T18:48:05Z,2026-08-17T18:48:05Z,
5.180.24.155,ipv4,malicious-ip,medium,WHITE,ziyadnz/hourly-ipv4,ziyadnz|hourly,2026-08-17T18:48:05Z,2026-08-17T18:48:05Z,
5.180.27.170,ipv4,malicious-ip,medium,WHITE,ziyadnz/hourly-ipv4,ziyadnz|hourly,2026-08-17T18:48:05Z,2026-08-17T18:48:05Z,
5.180.30.122,ipv4,malicious-ip,medium,WHITE,ziyadnz/hourly-ipv4,ziyadnz|hourly,2026-08-17T18:48:05Z,2026-08-17T18:48:05Z,
5.180.30.15,ipv4,malicious-ip,medium,WHITE,ziyadnz/hourly-ipv4,ziyadnz|hourly,2026-08-17T18:48:05Z,2026-08-17T18:48:05Z,
5.180.32.142,ipv4,malicious-ip,medium,WHITE,ziyadnz/hourly-ipv4,ziyadnz|hourly,2026-08-17T18:48:05Z,2026-08-17T18:48:05Z,
5.180.41.35,ipv4,malicious-ip,medium,WHITE,ziyadnz/hourly-ipv4,ziyadnz|hourly,2026-08-17T18:48:05Z,2026-08-17T18:48:05Z,
5.180.45.189,ipv4,malicious-ip,medium,WHITE,ziyadnz/hourly-ipv4,ziyadnz|hourly,2026-08-17T18:48:05Z,2026-08-17T18:48:05Z,
5.180.45.191,ipv4,malicious-ip,medium,WHITE,ziyadnz/hourly-ipv4,ziyadnz|hourly,2026-08-17T18:48:05Z,2026-08-17T18:48:05Z,
5.180.47.140,ipv4,malicious-ip,medium,WHITE,ziyadnz/hourly-ipv4,ziyadnz|hourly,2026-08-17T18:48:05Z,2026-08-17T18:48:05Z,
5.180.61.17,ipv4,malicious-ip,medium,WHITE,ziyadnz/hourly-ipv4,ziyadnz|hourly,2026-08-17T18:48:05Z,2026-08-17T18:48:05Z,
5.181.1.248,ipv4,malicious-ip,medium,WHITE,ziyadnz/hourly-ipv4,ziyadnz|hourly,2026-08-17T18:48:05Z,2026-08-17T18:48:05Z,
5.181.124.105,ipv4,malicious-ip,medium,WHITE,ziyadnz/hourly-ipv4,ziyadnz|hourly,2026-08-17T18:48:05Z,2026-08-17T18:48:05Z,
5.181.124.17,ipv4,malicious-ip,medium,WHITE,ziyadnz/hourly-ipv4,ziyadnz|hourly,2026-08-17T18:48:05Z,2026-08-17T18:48:05Z,
5.181.124.40,ipv4,malicious-ip,medium,WHITE,ziyadnz/hourly-ipv4,ziyadnz|hourly,2026-08-17T18:48:05Z,2026-08-17T18:48:05Z,
5.181.124.7,ipv4,malicious-ip,medium,WHITE,ziyadnz/hourly-ipv4,ziyadnz|hourly,2026-08-17T18:48:05Z,2026-08-17T18:48:05Z,
5.181.124.9,ipv4,malicious-ip,medium,WHITE,ziyadnz/hourly-ipv4,ziyadnz|hourly,2026-08-17T18:48:05Z,2026-08-17T18:48:05Z,
5.181.132.95,ipv4,malicious-ip,medium,WHITE,ziyadnz/hourly-ipv4,ziyadnz|hourly,2026-08-17T18:48:05Z,2026-08-17T18:48:05Z,
5.181.15.206,ipv4,malicious-ip,medium,WHITE,ziyadnz/hourly-ipv4,ziyadnz|hourly,2026-08-17T18:48:05Z,2026-08-17T18:48:05Z,
5.181.156.234,ipv4,malicious-ip,medium,WHITE,ziyadnz/hourly-ipv4,ziyadnz|hourly,2026-08-17T18:48:05Z,2026-08-17T18:48:05Z,
5.181.159.112,ipv4,malicious-ip,medium,WHITE,ziyadnz/hourly-ipv4,ziyadnz|hourly,2026-08-17T18:48:05Z,2026-08-17T18:48:05Z,
5.181.159.13,ipv4,malicious-ip,medium,WHITE,ziyadnz/hourly-ipv4,ziyadnz|hourly,2026-08-17T18:48:05Z,2026-08-17T18:48:05Z,
5.181.159.139,ipv4,malicious-ip,medium,WHITE,ziyadnz/hourly-ipv4,ziyadnz|hourly,2026-08-17T18:48:05Z,2026-08-17T18:48:05Z,
5.181.159.140,ipv4,malicious-ip,medium,WHITE,ziyadnz/hourly-ipv4,ziyadnz|hourly,2026-08-17T18:48:05Z,2026-08-17T18:48:05Z,
5.181.159.142,ipv4,malicious-ip,medium,WHITE,ziyadnz/hourly-ipv4,ziyadnz|hourly,2026-08-17T18:48:05Z,2026-08-17T18:48:05Z,
5.181.159.143,ipv4,malicious-ip,medium,WHITE,ziyadnz/hourly-ipv4,ziyadnz|hourly,2026-08-17T18:48:05Z,2026-08-17T18:48:05Z,
5.181.159.16,ipv4,malicious-ip,medium,WHITE,ziyadnz/hourly-ipv4,ziyadnz|hourly,2026-08-17T18:48:05Z,2026-08-17T18:48:05Z,
5.181.159.48,ipv4,malicious-ip,medium,WHITE,ziyadnz/hourly-ipv4,ziyadnz|hourly,2026-08-17T18:48:05Z,2026-08-17T18:48:05Z,
5.181.159.60,ipv4,malicious-ip,medium,WHITE,ziyadnz/hourly-ipv4,ziyadnz|hourly,2026-08-17T18:48:05Z,2026-08-17T18:48:05Z,
5.181.159.62,ipv4,malicious-ip,medium,WHITE,ziyadnz/hourly-ipv4,ziyadnz|hourly,2026-08-17T18:48:05Z,2026-08-17T18:48:05Z,
5.181.159.9,ipv4,malicious-ip,medium,WHITE,ziyadnz/hourly-ipv4,ziyadnz|hourly,2026-08-17T18:48:05Z,2026-08-17T18:48:05Z,
5.181.165.102,ipv4,malicious-ip,medium,WHITE,ziyadnz/hourly-ipv4,ziyadnz|hourly,2026-08-17T18:48:05Z,2026-08-17T18:48:05Z,
5.181.171.133,ipv4,malicious-ip,medium,WHITE,ziyadnz/hourly-ipv4,ziyadnz|hourly,2026-08-17T18:48:05Z,2026-08-17T18:48:05Z,
5.181.18.251,ipv4,malicious-ip,medium,WHITE,ziyadnz/hourly-ipv4,ziyadnz|hourly,2026-08-17T18:48:05Z,2026-08-17T18:48:05Z,
5.181.180.48,ipv4,malicious-ip,medium,WHITE,ziyadnz/hourly-ipv4,ziyadnz|hourly,2026-08-17T18:48:05Z,2026-08-17T18:48:05Z,
5.181.188.158,ipv4,malicious-ip,medium,WHITE,ziyadnz/hourly-ipv4,ziyadnz|hourly,2026-08-17T18:48:05Z,2026-08-17T18:48:05Z,
5.181.211.158,ipv4,malicious-ip,medium,WHITE,ziyadnz/hourly-ipv4,ziyadnz|hourly,2026-08-17T18:48:05Z,2026-08-17T18:48:05Z,
5.181.211.200,ipv4,malicious-ip,medium,WHITE,ziyadnz/hourly-ipv4,ziyadnz|hourly,2026-08-17T18:48:05Z,2026-08-17T18:48:05Z,
5.181.211.83,ipv4,malicious-ip,medium,WHITE,ziyadnz/hourly-ipv4,ziyadnz|hourly,2026-08-17T18:48:05Z,2026-08-17T18:48:05Z,
5.181.3.164,ipv4,malicious-ip,medium,WHITE,ziyadnz/hourly-ipv4,ziyadnz|hourly,2026-08-17T18:48:05Z,2026-08-17T18:48:05Z,
5.181.80.102,ipv4,malicious-ip,medium,WHITE,ziyadnz/hourly-ipv4,ziyadnz|hourly,2026-08-17T18:48:05Z,2026-08-17T18:48:05Z,
5.181.80.115,ipv4,malicious-ip,medium,WHITE,ziyadnz/hourly-ipv4,ziyadnz|hourly,2026-08-17T18:48:05Z,2026-08-17T18:48:05Z,
5.181.80.120,ipv4,malicious-ip,medium,WHITE,ziyadnz/hourly-ipv4,ziyadnz|hourly,2026-08-17T18:48:05Z,2026-08-17T18:48:05Z,
5.181.80.126,ipv4,malicious-ip,medium,WHITE,ziyadnz/hourly-ipv4,ziyadnz|hourly,2026-08-17T18:48:05Z,2026-08-17T18:48:05Z,
5.181.80.127,ipv4,malicious-ip,medium,WHITE,ziyadnz/hourly-ipv4,ziyadnz|hourly,2026-08-17T18:48:05Z,2026-08-17T18:48:05Z,
5.181.80.129,ipv4,malicious-ip,medium,WHITE,ziyadnz/hourly-ipv4,ziyadnz|hourly,2026-08-17T18:48:05Z,2026-08-17T18:48:05Z,
5.181.80.132,ipv4,malicious-ip,medium,WHITE,ziyadnz/hourly-ipv4,ziyadnz|hourly,2026-08-17T18:48:05Z,2026-08-17T18:48:05Z,
5.181.80.53,ipv4,malicious-ip,medium,WHITE,ziyadnz/hourly-ipv4,ziyadnz|hourly,2026-08-17T18:48:05Z,2026-08-17T18:48:05Z,
5.181.80.54,ipv4,malicious-ip,medium,WHITE,ziyadnz/hourly-ipv4,ziyadnz|hourly,2026-08-17T18:48:05Z,2026-08-17T18:48:05Z,
5.181.80.55,ipv4,malicious-ip,medium,WHITE,ziyadnz/hourly-ipv4,ziyadnz|hourly,2026-08-17T18:48:05Z,2026-08-17T18:48:05Z,
5.181.80.59,ipv4,malicious-ip,medium,WHITE,ziyadnz/hourly-ipv4,ziyadnz|hourly,2026-08-17T18:48:05Z,2026-08-17T18:48:05Z,
5.181.80.70,ipv4,malicious-ip,medium,WHITE,ziyadnz/hourly-ipv4,ziyadnz|hourly,2026-08-17T18:48:05Z,2026-08-17T18:48:05Z,
5.181.80.71,ipv4,malicious-ip,medium,WHITE,ziyadnz/hourly-ipv4,ziyadnz|hourly,2026-08-17T18:48:05Z,2026-08-17T18:48:05Z,
5.181.80.72,ipv4,malicious-ip,medium,WHITE,ziyadnz/hourly-ipv4,ziyadnz|hourly,2026-08-17T18:48:05Z,2026-08-17T18:48:05Z,
5.181.80.77,ipv4,malicious-ip,medium,WHITE,ziyadnz/hourly-ipv4,ziyadnz|hourly,2026-08-17T18:48:05Z,2026-08-17T18:48:05Z,
5.181.80.81,ipv4,malicious-ip,medium,WHITE,ziyadnz/hourly-ipv4,ziyadnz|hourly,2026-08-17T18:48:05Z,2026-08-17T18:48:05Z,
5.182.17.244,ipv4,malicious-ip,medium,WHITE,ziyadnz/hourly-ipv4,ziyadnz|hourly,2026-08-17T18:48:05Z,2026-08-17T18:48:05Z,
5.182.204.251,ipv4,malicious-ip,medium,WHITE,ziyadnz/hourly-ipv4,ziyadnz|hourly,2026-08-17T18:48:05Z,2026-08-17T18:48:05Z,
5.182.205.102,ipv4,malicious-ip,medium,WHITE,ziyadnz/hourly-ipv4,ziyadnz|hourly,2026-08-17T18:48:05Z,2026-08-17T18:48:05Z,
5.182.206.7,ipv4,malicious-ip,medium,WHITE,ziyadnz/hourly-ipv4,ziyadnz|hourly,2026-08-17T18:48:05Z,2026-08-17T18:48:05Z,
5.182.207.28,ipv4,malicious-ip,medium,WHITE,ziyadnz/hourly-ipv4,ziyadnz|hourly,2026-08-17T18:48:05Z,2026-08-17T18:48:05Z,
5.182.208.153,ipv4,malicious-ip,medium,WHITE,ziyadnz/hourly-ipv4,ziyadnz|hourly,2026-08-17T18:48:05Z,2026-08-17T18:48:05Z,
5.182.209.113,ipv4,malicious-ip,medium,WHITE,ziyadnz/hourly-ipv4,ziyadnz|hourly,2026-08-17T18:48:05Z,2026-08-17T18:48:05Z,
5.182.209.68,ipv4,malicious-ip,medium,WHITE,ziyadnz/hourly-ipv4,ziyadnz|hourly,2026-08-17T18:48:05Z,2026-08-17T18:48:05Z,
5.182.39.74,ipv4,malicious-ip,medium,WHITE,ziyadnz/hourly-ipv4,ziyadnz|hourly,2026-08-17T18:48:05Z,2026-08-17T18:48:05Z,
5.183.133.162,ipv4,malicious-ip,medium,WHITE,ziyadnz/hourly-ipv4,ziyadnz|hourly,2026-08-17T18:48:05Z,2026-08-17T18:48:05Z,
5.183.145.9,ipv4,malicious-ip,medium,WHITE,ziyadnz/hourly-ipv4,ziyadnz|hourly,2026-08-17T18:48:05Z,2026-08-17T18:48:05Z,
5.183.29.231,ipv4,malicious-ip,medium,WHITE,ziyadnz/hourly-ipv4,ziyadnz|hourly,2026-08-17T18:48:05Z,2026-08-17T18:48:05Z,
5.183.29.239,ipv4,malicious-ip,medium,WHITE,ziyadnz/hourly-ipv4,ziyadnz|hourly,2026-08-17T18:48:05Z,2026-08-17T18:48:05Z,
5.186.58.7,ipv4,malicious-ip,medium,WHITE,ziyadnz/hourly-ipv4,ziyadnz|hourly,2026-08-17T18:48:05Z,2026-08-17T18:48:05Z,
5.187.112.98,ipv4,malicious-ip,medium,WHITE,ziyadnz/hourly-ipv4,ziyadnz|hourly,2026-08-17T18:48:05Z,2026-08-17T18:48:05Z,
5.187.175.136,ipv4,malicious-ip,medium,WHITE,ziyadnz/hourly-ipv4,ziyadnz|hourly,2026-08-17T18:48:05Z,2026-08-17T18:48:05Z,
5.187.97.40,ipv4,malicious-ip,medium,WHITE,ziyadnz/hourly-ipv4,ziyadnz|hourly,2026-08-17T18:48:05Z,2026-08-17T18:48:05Z,
5.188.16.170,ipv4,malicious-ip,medium,WHITE,ziyadnz/hourly-ipv4,ziyadnz|hourly,2026-08-17T18:48:05Z,2026-08-17T18:48:05Z,
5.188.167.242,ipv4,malicious-ip,medium,WHITE,ziyadnz/hourly-ipv4,ziyadnz|hourly,2026-08-17T18:48:05Z,2026-08-17T18:48:05Z,
5.188.206.30,ipv4,malicious-ip,medium,WHITE,ziyadnz/hourly-ipv4,ziyadnz|hourly,2026-08-17T18:48:05Z,2026-08-17T18:48:05Z,
5.188.206.34,ipv4,malicious-ip,medium,WHITE,ziyadnz/hourly-ipv4,ziyadnz|hourly,2026-08-17T18:48:05Z,2026-08-17T18:48:05Z,
5.188.33.190,ipv4,malicious-ip,medium,WHITE,ziyadnz/hourly-ipv4,ziyadnz|hourly,2026-08-17T18:48:05Z,2026-08-17T18:48:05Z,
5.188.6.94,ipv4,malicious-ip,medium,WHITE,ziyadnz/hourly-ipv4,ziyadnz|hourly,2026-08-17T18:48:05Z,2026-08-17T18:48:05Z,
5.188.86.114,ipv4,malicious-ip,medium,WHITE,ziyadnz/hourly-ipv4,ziyadnz|hourly,2026-08-17T18:48:05Z,2026-08-17T18:48:05Z,
5.188.86.206,ipv4,malicious-ip,medium,WHITE,ziyadnz/hourly-ipv4,ziyadnz|hourly,2026-08-17T18:48:05Z,2026-08-17T18:48:05Z,
5.188.86.227,ipv4,malicious-ip,medium,WHITE,ziyadnz/hourly-ipv4,ziyadnz|hourly,2026-08-17T18:48:05Z,2026-08-17T18:48:05Z,
5.188.86.235,ipv4,malicious-ip,medium,WHITE,ziyadnz/hourly-ipv4,ziyadnz|hourly,2026-08-17T18:48:05Z,2026-08-17T18:48:05Z,
5.188.86.236,ipv4,malicious-ip,medium,WHITE,ziyadnz/hourly-ipv4,ziyadnz|hourly,2026-08-17T18:48:05Z,2026-08-17T18:48:05Z,
5.188.86.250,ipv4,malicious-ip,medium,WHITE,ziyadnz/hourly-ipv4,ziyadnz|hourly,2026-08-17T18:48:05Z,2026-08-17T18:48:05Z,
5.188.87.194,ipv4,malicious-ip,medium,WHITE,ziyadnz/hourly-ipv4,ziyadnz|hourly,2026-08-17T18:48:05Z,2026-08-17T18:48:05Z,
5.188.87.210,ipv4,malicious-ip,medium,WHITE,ziyadnz/hourly-ipv4,ziyadnz|hourly,2026-08-17T18:48:05Z,2026-08-17T18:48:05Z,
5.188.87.226,ipv4,malicious-ip,medium,WHITE,ziyadnz/hourly-ipv4,ziyadnz|hourly,2026-08-17T18:48:05Z,2026-08-17T18:48:05Z,
5.188.87.27,ipv4,malicious-ip,medium,WHITE,ziyadnz/hourly-ipv4,ziyadnz|hourly,2026-08-17T18:48:05Z,2026-08-17T18:48:05Z,
5.188.87.41,ipv4,malicious-ip,medium,WHITE,ziyadnz/hourly-ipv4,ziyadnz|hourly,2026-08-17T18:48:05Z,2026-08-17T18:48:05Z,
5.188.87.47,ipv4,malicious-ip,medium,WHITE,ziyadnz/hourly-ipv4,ziyadnz|hourly,2026-08-17T18:48:05Z,2026-08-17T18:48:05Z,
5.188.87.54,ipv4,malicious-ip,medium,WHITE,ziyadnz/hourly-ipv4,ziyadnz|hourly,2026-08-17T18:48:05Z,2026-08-17T18:48:05Z,
5.188.87.58,ipv4,malicious-ip,medium,WHITE,ziyadnz/hourly-ipv4,ziyadnz|hourly,2026-08-17T18:48:05Z,2026-08-17T18:48:05Z,
5.189.128.39,ipv4,malicious-ip,medium,WHITE,ziyadnz/hourly-ipv4,ziyadnz|hourly,2026-08-17T18:48:05Z,2026-08-17T18:48:05Z,
5.189.135.243,ipv4,malicious-ip,medium,WHITE,ziyadnz/hourly-ipv4,ziyadnz|hourly,2026-08-17T18:48:05Z,2026-08-17T18:48:05Z,
5.189.149.221,ipv4,malicious-ip,medium,WHITE,ziyadnz/hourly-ipv4,ziyadnz|hourly,2026-08-17T18:48:05Z,2026-08-17T18:48:05Z,
5.189.150.210,ipv4,malicious-ip,medium,WHITE,ziyadnz/hourly-ipv4,ziyadnz|hourly,2026-08-17T18:48:05Z,2026-08-17T18:48:05Z,
5.189.168.104,ipv4,malicious-ip,medium,WHITE,ziyadnz/hourly-ipv4,ziyadnz|hourly,2026-08-17T18:48:05Z,2026-08-17T18:48:05Z,
5.189.174.43,ipv4,malicious-ip,medium,WHITE,ziyadnz/hourly-ipv4,ziyadnz|hourly,2026-08-17T18:48:05Z,2026-08-17T18:48:05Z,
5.189.176.115,ipv4,malicious-ip,medium,WHITE,ziyadnz/hourly-ipv4,ziyadnz|hourly,2026-08-17T18:48:05Z,2026-08-17T18:48:05Z,
5.189.177.173,ipv4,malicious-ip,medium,WHITE,ziyadnz/hourly-ipv4,ziyadnz|hourly,2026-08-17T18:48:05Z,2026-08-17T18:48:05Z,
5.189.182.22,ipv4,malicious-ip,medium,WHITE,ziyadnz/hourly-ipv4,ziyadnz|hourly,2026-08-17T18:48:05Z,2026-08-17T18:48:05Z,
5.189.182.48,ipv4,malicious-ip,medium,WHITE,ziyadnz/hourly-ipv4,ziyadnz|hourly,2026-08-17T18:48:05Z,2026-08-17T18:48:05Z,
5.189.184.113,ipv4,malicious-ip,medium,WHITE,ziyadnz/hourly-ipv4,ziyadnz|hourly,2026-08-17T18:48:05Z,2026-08-17T18:48:05Z,
5.189.84.117,ipv4,malicious-ip,medium,WHITE,ziyadnz/hourly-ipv4,ziyadnz|hourly,2026-08-17T18:48:05Z,2026-08-17T18:48:05Z,
5.190.27.92,ipv4,malicious-ip,medium,WHITE,ziyadnz/hourly-ipv4,ziyadnz|hourly,2026-08-17T18:48:05Z,2026-08-17T18:48:05Z,
5.191.108.13,ipv4,malicious-ip,medium,WHITE,ziyadnz/hourly-ipv4,ziyadnz|hourly,2026-08-17T18:48:05Z,2026-08-17T18:48:05Z,
5.192.0.96,ipv4,malicious-ip,medium,WHITE,ziyadnz/hourly-ipv4,ziyadnz|hourly,2026-08-17T18:48:05Z,2026-08-17T18:48:05Z,
5.192.118.205,ipv4,malicious-ip,medium,WHITE,ziyadnz/hourly-ipv4,ziyadnz|hourly,2026-08-17T18:48:05Z,2026-08-17T18:48:05Z,
5.192.154.119,ipv4,malicious-ip,medium,WHITE,ziyadnz/hourly-ipv4,ziyadnz|hourly,2026-08-17T18:48:05Z,2026-08-17T18:48:05Z,
5.192.154.234,ipv4,malicious-ip,medium,WHITE,ziyadnz/hourly-ipv4,ziyadnz|hourly,2026-08-17T18:48:05Z,2026-08-17T18:48:05Z,
5.192.2.124,ipv4,malicious-ip,medium,WHITE,ziyadnz/hourly-ipv4,ziyadnz|hourly,2026-08-17T18:48:05Z,2026-08-17T18:48:05Z,
5.192.40.17,ipv4,malicious-ip,medium,WHITE,ziyadnz/hourly-ipv4,ziyadnz|hourly,2026-08-17T18:48:05Z,2026-08-17T18:48:05Z,
5.194.235.109,ipv4,malicious-ip,medium,WHITE,ziyadnz/hourly-ipv4,ziyadnz|hourly,2026-08-17T18:48:05Z,2026-08-17T18:48:05Z,
5.195.161.244,ipv4,malicious-ip,medium,WHITE,ziyadnz/hourly-ipv4,ziyadnz|hourly,2026-08-17T18:48:05Z,2026-08-17T18:48:05Z,
5.195.226.17,ipv4,malicious-ip,medium,WHITE,ziyadnz/hourly-ipv4,ziyadnz|hourly,2026-08-17T18:48:05Z,2026-08-17T18:48:05Z,
5.195.66.218,ipv4,malicious-ip,medium,WHITE,ziyadnz/hourly-ipv4,ziyadnz|hourly,2026-08-17T18:48:05Z,2026-08-17T18:48:05Z,
5.195.98.47,ipv4,malicious-ip,medium,WHITE,ziyadnz/hourly-ipv4,ziyadnz|hourly,2026-08-17T18:48:05Z,2026-08-17T18:48:05Z,
5.196.106.17,ipv4,malicious-ip,medium,WHITE,ziyadnz/hourly-ipv4,ziyadnz|hourly,2026-08-17T18:48:05Z,2026-08-17T18:48:05Z,
5.196.128.178,ipv4,malicious-ip,medium,WHITE,ziyadnz/hourly-ipv4,ziyadnz|hourly,2026-08-17T18:48:05Z,2026-08-17T18:48:05Z,
5.196.147.172,ipv4,malicious-ip,medium,WHITE,ziyadnz/hourly-ipv4,ziyadnz|hourly,2026-08-17T18:48:05Z,2026-08-17T18:48:05Z,
5.196.246.191,ipv4,malicious-ip,medium,WHITE,ziyadnz/hourly-ipv4,ziyadnz|hourly,2026-08-17T18:48:05Z,2026-08-17T18:48:05Z,
5.196.249.163,ipv4,malicious-ip,medium,WHITE,ziyadnz/hourly-ipv4,ziyadnz|hourly,2026-08-17T18:48:05Z,2026-08-17T18:48:05Z,
5.196.92.92,ipv4,malicious-ip,medium,WHITE,ziyadnz/hourly-ipv4,ziyadnz|hourly,2026-08-17T18:48:05Z,2026-08-17T18:48:05Z,
5.196.97.25,ipv4,malicious-ip,medium,WHITE,ziyadnz/hourly-ipv4,ziyadnz|hourly,2026-08-17T18:48:05Z,2026-08-17T18:48:05Z,
5.199.130.61,ipv4,malicious-ip,medium,WHITE,ziyadnz/hourly-ipv4,ziyadnz|hourly,2026-08-17T18:48:05Z,2026-08-17T18:48:05Z,
5.199.143.110,ipv4,malicious-ip,medium,WHITE,ziyadnz/hourly-ipv4,ziyadnz|hourly,2026-08-17T18:48:05Z,2026-08-17T18:48:05Z,
5.199.162.114,ipv4,malicious-ip,medium,WHITE,ziyadnz/hourly-ipv4,ziyadnz|hourly,2026-08-17T18:48:05Z,2026-08-17T18:48:05Z,
5.199.162.132,ipv4,malicious-ip,medium,WHITE,ziyadnz/hourly-ipv4,ziyadnz|hourly,2026-08-17T18:48:05Z,2026-08-17T18:48:05Z,
5.199.166.1,ipv4,malicious-ip,medium,WHITE,ziyadnz/hourly-ipv4,ziyadnz|hourly,2026-08-17T18:48:05Z,2026-08-17T18:48:05Z,
5.199.168.24,ipv4,malicious-ip,medium,WHITE,ziyadnz/hourly-ipv4,ziyadnz|hourly,2026-08-17T18:48:05Z,2026-08-17T18:48:05Z,
5.199.169.209,ipv4,malicious-ip,medium,WHITE,ziyadnz/hourly-ipv4,ziyadnz|hourly,2026-08-17T18:48:05Z,2026-08-17T18:48:05Z,
5.199.169.21,ipv4,malicious-ip,medium,WHITE,ziyadnz/hourly-ipv4,ziyadnz|hourly,2026-08-17T18:48:05Z,2026-08-17T18:48:05Z,
5.199.170.64,ipv4,malicious-ip,medium,WHITE,ziyadnz/hourly-ipv4,ziyadnz|hourly,2026-08-17T18:48:05Z,2026-08-17T18:48:05Z,
5.2.124.162,ipv4,malicious-ip,medium,WHITE,ziyadnz/hourly-ipv4,ziyadnz|hourly,2026-08-17T18:48:05Z,2026-08-17T18:48:05Z,
5.2.169.2,ipv4,malicious-ip,medium,WHITE,ziyadnz/hourly-ipv4,ziyadnz|hourly,2026-08-17T18:48:05Z,2026-08-17T18:48:05Z,
5.2.183.236,ipv4,malicious-ip,medium,WHITE,ziyadnz/hourly-ipv4,ziyadnz|hourly,2026-08-17T18:48:05Z,2026-08-17T18:48:05Z,
5.2.206.111,ipv4,malicious-ip,medium,WHITE,ziyadnz/hourly-ipv4,ziyadnz|hourly,2026-08-17T18:48:05Z,2026-08-17T18:48:05Z,
5.2.209.97,ipv4,malicious-ip,medium,WHITE,ziyadnz/hourly-ipv4,ziyadnz|hourly,2026-08-17T18:48:05Z,2026-08-17T18:48:05Z,
5.2.229.63,ipv4,malicious-ip,medium,WHITE,ziyadnz/hourly-ipv4,ziyadnz|hourly,2026-08-17T18:48:05Z,2026-08-17T18:48:05Z,
5.2.247.195,ipv4,malicious-ip,medium,WHITE,ziyadnz/hourly-ipv4,ziyadnz|hourly,2026-08-17T18:48:05Z,2026-08-17T18:48:05Z,
5.2.64.74,ipv4,malicious-ip,medium,WHITE,ziyadnz/hourly-ipv4,ziyadnz|hourly,2026-08-17T18:48:05Z,2026-08-17T18:48:05Z,
5.2.67.226,ipv4,malicious-ip,medium,WHITE,ziyadnz/hourly-ipv4,ziyadnz|hourly,2026-08-17T18:48:05Z,2026-08-17T18:48:05Z,
5.2.77.52,ipv4,malicious-ip,medium,WHITE,ziyadnz/hourly-ipv4,ziyadnz|hourly,2026-08-17T18:48:05Z,2026-08-17T18:48:05Z,
5.2.78.14,ipv4,malicious-ip,medium,WHITE,ziyadnz/hourly-ipv4,ziyadnz|hourly,2026-08-17T18:48:05Z,2026-08-17T18:48:05Z,
5.2.79.190,ipv4,malicious-ip,medium,WHITE,ziyadnz/hourly-ipv4,ziyadnz|hourly,2026-08-17T18:48:05Z,2026-08-17T18:48:05Z,
5.2.80.55,ipv4,malicious-ip,medium,WHITE,ziyadnz/hourly-ipv4,ziyadnz|hourly,2026-08-17T18:48:05Z,2026-08-17T18:48:05Z,
5.20.23.118,ipv4,malicious-ip,medium,WHITE,ziyadnz/hourly-ipv4,ziyadnz|hourly,2026-08-17T18:48:05Z,2026-08-17T18:48:05Z,
5.201.137.83,ipv4,malicious-ip,medium,WHITE,ziyadnz/hourly-ipv4,ziyadnz|hourly,2026-08-17T18:48:05Z,2026-08-17T18:48:05Z,
5.201.165.181,ipv4,malicious-ip,medium,WHITE,ziyadnz/hourly-ipv4,ziyadnz|hourly,2026-08-17T18:48:05Z,2026-08-17T18:48:05Z,
5.202.105.236,ipv4,malicious-ip,medium,WHITE,ziyadnz/hourly-ipv4,ziyadnz|hourly,2026-08-17T18:48:05Z,2026-08-17T18:48:05Z,
5.202.120.18,ipv4,malicious-ip,medium,WHITE,ziyadnz/hourly-ipv4,ziyadnz|hourly,2026-08-17T18:48:05Z,2026-08-17T18:48:05Z,
5.202.167.122,ipv4,malicious-ip,medium,WHITE,ziyadnz/hourly-ipv4,ziyadnz|hourly,2026-08-17T18:48:05Z,2026-08-17T18:48:05Z,
5.202.195.224,ipv4,malicious-ip,medium,WHITE,ziyadnz/hourly-ipv4,ziyadnz|hourly,2026-08-17T18:48:05Z,2026-08-17T18:48:05Z,
5.202.251.209,ipv4,malicious-ip,medium,WHITE,ziyadnz/hourly-ipv4,ziyadnz|hourly,2026-08-17T18:48:05Z,2026-08-17T18:48:05Z,
5.202.31.220,ipv4,malicious-ip,medium,WHITE,ziyadnz/hourly-ipv4,ziyadnz|hourly,2026-08-17T18:48:05Z,2026-08-17T18:48:05Z,
5.206.227.172,ipv4,malicious-ip,medium,WHITE,ziyadnz/hourly-ipv4,ziyadnz|hourly,2026-08-17T18:48:05Z,2026-08-17T18:48:05Z,
5.206.227.213,ipv4,malicious-ip,medium,WHITE,ziyadnz/hourly-ipv4,ziyadnz|hourly,2026-08-17T18:48:05Z,2026-08-17T18:48:05Z,
5.206.233.153,ipv4,malicious-ip,medium,WHITE,ziyadnz/hourly-ipv4,ziyadnz|hourly,2026-08-17T18:48:05Z,2026-08-17T18:48:05Z,
5.21.61.108,ipv4,malicious-ip,medium,WHITE,ziyadnz/hourly-ipv4,ziyadnz|hourly,2026-08-17T18:48:05Z,2026-08-17T18:48:05Z,
5.21.67.108,ipv4,malicious-ip,medium,WHITE,ziyadnz/hourly-ipv4,ziyadnz|hourly,2026-08-17T18:48:05Z,2026-08-17T18:48:05Z,
5.21.80.123,ipv4,malicious-ip,medium,WHITE,ziyadnz/hourly-ipv4,ziyadnz|hourly,2026-08-17T18:48:05Z,2026-08-17T18:48:05Z,
5.223.48.217,ipv4,malicious-ip,medium,WHITE,ziyadnz/hourly-ipv4,ziyadnz|hourly,2026-08-17T18:48:05Z,2026-08-17T18:48:05Z,
5.223.60.225,ipv4,malicious-ip,medium,WHITE,ziyadnz/hourly-ipv4,ziyadnz|hourly,2026-08-17T18:48:05Z,2026-08-17T18:48:05Z,
5.223.69.105,ipv4,malicious-ip,medium,WHITE,ziyadnz/hourly-ipv4,ziyadnz|hourly,2026-08-17T18:48:05Z,2026-08-17T18:48:05Z,
5.223.74.103,ipv4,malicious-ip,medium,WHITE,ziyadnz/hourly-ipv4,ziyadnz|hourly,2026-08-17T18:48:05Z,2026-08-17T18:48:05Z,
5.223.87.239,ipv4,malicious-ip,medium,WHITE,ziyadnz/hourly-ipv4,ziyadnz|hourly,2026-08-17T18:48:05Z,2026-08-17T18:48:05Z,
5.223.92.119,ipv4,malicious-ip,medium,WHITE,ziyadnz/hourly-ipv4,ziyadnz|hourly,2026-08-17T18:48:05Z,2026-08-17T18:48:05Z,
5.224.250.122,ipv4,malicious-ip,medium,WHITE,ziyadnz/hourly-ipv4,ziyadnz|hourly,2026-08-17T18:48:05Z,2026-08-17T18:48:05Z,
5.225.77.139,ipv4,malicious-ip,medium,WHITE,ziyadnz/hourly-ipv4,ziyadnz|hourly,2026-08-17T18:48:05Z,2026-08-17T18:48:05Z,
5.226.140.0,ipv4,malicious-ip,medium,WHITE,ziyadnz/hourly-ipv4,ziyadnz|hourly,2026-08-17T18:48:05Z,2026-08-17T18:48:05Z,
5.226.140.10,ipv4,malicious-ip,medium,WHITE,ziyadnz/hourly-ipv4,ziyadnz|hourly,2026-08-17T18:48:05Z,2026-08-17T18:48:05Z,
5.226.140.101,ipv4,malicious-ip,medium,WHITE,ziyadnz/hourly-ipv4,ziyadnz|hourly,2026-08-17T18:48:05Z,2026-08-17T18:48:05Z,
5.226.140.102,ipv4,malicious-ip,medium,WHITE,ziyadnz/hourly-ipv4,ziyadnz|hourly,2026-08-17T18:48:05Z,2026-08-17T18:48:05Z,
5.226.140.103,ipv4,malicious-ip,medium,WHITE,ziyadnz/hourly-ipv4,ziyadnz|hourly,2026-08-17T18:48:05Z,2026-08-17T18:48:05Z,
5.226.140.104,ipv4,malicious-ip,medium,WHITE,ziyadnz/hourly-ipv4,ziyadnz|hourly,2026-08-17T18:48:05Z,2026-08-17T18:48:05Z,
5.226.140.106,ipv4,malicious-ip,medium,WHITE,ziyadnz/hourly-ipv4,ziyadnz|hourly,2026-08-17T18:48:05Z,2026-08-17T18:48:05Z,
5.226.140.108,ipv4,malicious-ip,medium,WHITE,ziyadnz/hourly-ipv4,ziyadnz|hourly,2026-08-17T18:48:05Z,2026-08-17T18:48:05Z,
5.226.140.109,ipv4,malicious-ip,medium,WHITE,ziyadnz/hourly-ipv4,ziyadnz|hourly,2026-08-17T18:48:05Z,2026-08-17T18:48:05Z,
5.226.140.11,ipv4,malicious-ip,medium,WHITE,ziyadnz/hourly-ipv4,ziyadnz|hourly,2026-08-17T18:48:05Z,2026-08-17T18:48:05Z,
5.226.140.110,ipv4,malicious-ip,medium,WHITE,ziyadnz/hourly-ipv4,ziyadnz|hourly,2026-08-17T18:48:05Z,2026-08-17T18:48:05Z,
5.226.140.111,ipv4,malicious-ip,medium,WHITE,ziyadnz/hourly-ipv4,ziyadnz|hourly,2026-08-17T18:48:05Z,2026-08-17T18:48:05Z,
5.226.140.112,ipv4,malicious-ip,medium,WHITE,ziyadnz/hourly-ipv4,ziyadnz|hourly,2026-08-17T18:48:05Z,2026-08-17T18:48:05Z,
5.226.140.113,ipv4,malicious-ip,medium,WHITE,ziyadnz/hourly-ipv4,ziyadnz|hourly,2026-08-17T18:48:05Z,2026-08-17T18:48:05Z,
5.226.140.114,ipv4,malicious-ip,medium,WHITE,ziyadnz/hourly-ipv4,ziyadnz|hourly,2026-08-17T18:48:05Z,2026-08-17T18:48:05Z,
5.226.140.115,ipv4,malicious-ip,medium,WHITE,ziyadnz/hourly-ipv4,ziyadnz|hourly,2026-08-17T18:48:05Z,2026-08-17T18:48:05Z,
5.226.140.116,ipv4,malicious-ip,medium,WHITE,ziyadnz/hourly-ipv4,ziyadnz|hourly,2026-08-17T18:48:05Z,2026-08-17T18:48:05Z,
5.226.140.117,ipv4,malicious-ip,medium,WHITE,ziyadnz/hourly-ipv4,ziyadnz|hourly,2026-08-17T18:48:05Z,2026-08-17T18:48:05Z,
5.226.140.118,ipv4,malicious-ip,medium,WHITE,ziyadnz/hourly-ipv4,ziyadnz|hourly,2026-08-17T18:48:05Z,2026-08-17T18:48:05Z,
5.226.140.119,ipv4,malicious-ip,medium,WHITE,ziyadnz/hourly-ipv4,ziyadnz|hourly,2026-08-17T18:48:05Z,2026-08-17T18:48:05Z,
5.226.140.12,ipv4,malicious-ip,medium,WHITE,ziyadnz/hourly-ipv4,ziyadnz|hourly,2026-08-17T18:48:05Z,2026-08-17T18:48:05Z,
5.226.140.120,ipv4,malicious-ip,medium,WHITE,ziyadnz/hourly-ipv4,ziyadnz|hourly,2026-08-17T18:48:05Z,2026-08-17T18:48:05Z,
5.226.140.121,ipv4,malicious-ip,medium,WHITE,ziyadnz/hourly-ipv4,ziyadnz|hourly,2026-08-17T18:48:05Z,2026-08-17T18:48:05Z,
5.226.140.123,ipv4,malicious-ip,medium,WHITE,ziyadnz/hourly-ipv4,ziyadnz|hourly,2026-08-17T18:48:05Z,2026-08-17T18:48:05Z,
5.226.140.125,ipv4,malicious-ip,medium,WHITE,ziyadnz/hourly-ipv4,ziyadnz|hourly,2026-08-17T18:48:05Z,2026-08-17T18:48:05Z,
5.226.140.126,ipv4,malicious-ip,medium,WHITE,ziyadnz/hourly-ipv4,ziyadnz|hourly,2026-08-17T18:48:05Z,2026-08-17T18:48:05Z,
5.226.140.13,ipv4,malicious-ip,medium,WHITE,ziyadnz/hourly-ipv4,ziyadnz|hourly,2026-08-17T18:48:05Z,2026-08-17T18:48:05Z,
5.226.140.14,ipv4,malicious-ip,medium,WHITE,ziyadnz/hourly-ipv4,ziyadnz|hourly,2026-08-17T18:48:05Z,2026-08-17T18:48:05Z,
5.226.140.15,ipv4,malicious-ip,medium,WHITE,ziyadnz/hourly-ipv4,ziyadnz|hourly,2026-08-17T18:48:05Z,2026-08-17T18:48:05Z,
5.226.140.16,ipv4,malicious-ip,medium,WHITE,ziyadnz/hourly-ipv4,ziyadnz|hourly,2026-08-17T18:48:05Z,2026-08-17T18:48:05Z,
5.226.140.17,ipv4,malicious-ip,medium,WHITE,ziyadnz/hourly-ipv4,ziyadnz|hourly,2026-08-17T18:48:05Z,2026-08-17T18:48:05Z,
5.226.140.18,ipv4,malicious-ip,medium,WHITE,ziyadnz/hourly-ipv4,ziyadnz|hourly,2026-08-17T18:48:05Z,2026-08-17T18:48:05Z,
5.226.140.19,ipv4,malicious-ip,medium,WHITE,ziyadnz/hourly-ipv4,ziyadnz|hourly,2026-08-17T18:48:05Z,2026-08-17T18:48:05Z,
5.226.140.2,ipv4,malicious-ip,medium,WHITE,ziyadnz/hourly-ipv4,ziyadnz|hourly,2026-08-17T18:48:05Z,2026-08-17T18:48:05Z,
5.226.140.20,ipv4,malicious-ip,medium,WHITE,ziyadnz/hourly-ipv4,ziyadnz|hourly,2026-08-17T18:48:05Z,2026-08-17T18:48:05Z,
5.226.140.21,ipv4,malicious-ip,medium,WHITE,ziyadnz/hourly-ipv4,ziyadnz|hourly,2026-08-17T18:48:05Z,2026-08-17T18:48:05Z,
5.226.140.22,ipv4,malicious-ip,medium,WHITE,ziyadnz/hourly-ipv4,ziyadnz|hourly,2026-08-17T18:48:05Z,2026-08-17T18:48:05Z,
5.226.140.23,ipv4,malicious-ip,medium,WHITE,ziyadnz/hourly-ipv4,ziyadnz|hourly,2026-08-17T18:48:05Z,2026-08-17T18:48:05Z,
5.226.140.24,ipv4,malicious-ip,medium,WHITE,ziyadnz/hourly-ipv4,ziyadnz|hourly,2026-08-17T18:48:05Z,2026-08-17T18:48:05Z,
5.226.140.25,ipv4,malicious-ip,medium,WHITE,ziyadnz/hourly-ipv4,ziyadnz|hourly,2026-08-17T18:48:05Z,2026-08-17T18:48:05Z,
5.226.140.26,ipv4,malicious-ip,medium,WHITE,ziyadnz/hourly-ipv4,ziyadnz|hourly,2026-08-17T18:48:05Z,2026-08-17T18:48:05Z,
5.226.140.27,ipv4,malicious-ip,medium,WHITE,ziyadnz/hourly-ipv4,ziyadnz|hourly,2026-08-17T18:48:05Z,2026-08-17T18:48:05Z,
5.226.140.28,ipv4,malicious-ip,medium,WHITE,ziyadnz/hourly-ipv4,ziyadnz|hourly,2026-08-17T18:48:05Z,2026-08-17T18:48:05Z,
5.226.140.29,ipv4,malicious-ip,medium,WHITE,ziyadnz/hourly-ipv4,ziyadnz|hourly,2026-08-17T18:48:05Z,2026-08-17T18:48:05Z,
5.226.140.3,ipv4,malicious-ip,medium,WHITE,ziyadnz/hourly-ipv4,ziyadnz|hourly,2026-08-17T18:48:05Z,2026-08-17T18:48:05Z,
5.226.140.30,ipv4,malicious-ip,medium,WHITE,ziyadnz/hourly-ipv4,ziyadnz|hourly,2026-08-17T18:48:05Z,2026-08-17T18:48:05Z,
5.226.140.31,ipv4,malicious-ip,medium,WHITE,ziyadnz/hourly-ipv4,ziyadnz|hourly,2026-08-17T18:48:05Z,2026-08-17T18:48:05Z,
5.226.140.32,ipv4,malicious-ip,medium,WHITE,ziyadnz/hourly-ipv4,ziyadnz|hourly,2026-08-17T18:48:05Z,2026-08-17T18:48:05Z,
5.226.140.33,ipv4,malicious-ip,medium,WHITE,ziyadnz/hourly-ipv4,ziyadnz|hourly,2026-08-17T18:48:05Z,2026-08-17T18:48:05Z,
5.226.140.34,ipv4,malicious-ip,medium,WHITE,ziyadnz/hourly-ipv4,ziyadnz|hourly,2026-08-17T18:48:05Z,2026-08-17T18:48:05Z,
5.226.140.35,ipv4,malicious-ip,medium,WHITE,ziyadnz/hourly-ipv4,ziyadnz|hourly,2026-08-17T18:48:05Z,2026-08-17T18:48:05Z,
5.226.140.36,ipv4,malicious-ip,medium,WHITE,ziyadnz/hourly-ipv4,ziyadnz|hourly,2026-08-17T18:48:05Z,2026-08-17T18:48:05Z,
5.226.140.37,ipv4,malicious-ip,medium,WHITE,ziyadnz/hourly-ipv4,ziyadnz|hourly,2026-08-17T18:48:05Z,2026-08-17T18:48:05Z,
5.226.140.38,ipv4,malicious-ip,medium,WHITE,ziyadnz/hourly-ipv4,ziyadnz|hourly,2026-08-17T18:48:05Z,2026-08-17T18:48:05Z,
5.226.140.39,ipv4,malicious-ip,medium,WHITE,ziyadnz/hourly-ipv4,ziyadnz|hourly,2026-08-17T18:48:05Z,2026-08-17T18:48:05Z,
5.226.140.4,ipv4,malicious-ip,medium,WHITE,ziyadnz/hourly-ipv4,ziyadnz|hourly,2026-08-17T18:48:05Z,2026-08-17T18:48:05Z,
5.226.140.40,ipv4,malicious-ip,medium,WHITE,ziyadnz/hourly-ipv4,ziyadnz|hourly,2026-08-17T18:48:05Z,2026-08-17T18:48:05Z,
5.226.140.41,ipv4,malicious-ip,medium,WHITE,ziyadnz/hourly-ipv4,ziyadnz|hourly,2026-08-17T18:48:05Z,2026-08-17T18:48:05Z,
5.226.140.42,ipv4,malicious-ip,medium,WHITE,ziyadnz/hourly-ipv4,ziyadnz|hourly,2026-08-17T18:48:05Z,2026-08-17T18:48:05Z,
5.226.140.43,ipv4,malicious-ip,medium,WHITE,ziyadnz/hourly-ipv4,ziyadnz|hourly,2026-08-17T18:48:05Z,2026-08-17T18:48:05Z,
5.226.140.44,ipv4,malicious-ip,medium,WHITE,ziyadnz/hourly-ipv4,ziyadnz|hourly,2026-08-17T18:48:05Z,2026-08-17T18:48:05Z,
5.226.140.45,ipv4,malicious-ip,medium,WHITE,ziyadnz/hourly-ipv4,ziyadnz|hourly,2026-08-17T18:48:05Z,2026-08-17T18:48:05Z,
5.226.140.46,ipv4,malicious-ip,medium,WHITE,ziyadnz/hourly-ipv4,ziyadnz|hourly,2026-08-17T18:48:05Z,2026-08-17T18:48:05Z,
5.226.140.47,ipv4,malicious-ip,medium,WHITE,ziyadnz/hourly-ipv4,ziyadnz|hourly,2026-08-17T18:48:05Z,2026-08-17T18:48:05Z,
5.226.140.48,ipv4,malicious-ip,medium,WHITE,ziyadnz/hourly-ipv4,ziyadnz|hourly,2026-08-17T18:48:05Z,2026-08-17T18:48:05Z,
5.226.140.49,ipv4,malicious-ip,medium,WHITE,ziyadnz/hourly-ipv4,ziyadnz|hourly,2026-08-17T18:48:05Z,2026-08-17T18:48:05Z,
5.226.140.5,ipv4,malicious-ip,medium,WHITE,ziyadnz/hourly-ipv4,ziyadnz|hourly,2026-08-17T18:48:05Z,2026-08-17T18:48:05Z,
5.226.140.50,ipv4,malicious-ip,medium,WHITE,ziyadnz/hourly-ipv4,ziyadnz|hourly,2026-08-17T18:48:05Z,2026-08-17T18:48:05Z,
5.226.140.51,ipv4,malicious-ip,medium,WHITE,ziyadnz/hourly-ipv4,ziyadnz|hourly,2026-08-17T18:48:05Z,2026-08-17T18:48:05Z,
5.226.140.52,ipv4,malicious-ip,medium,WHITE,ziyadnz/hourly-ipv4,ziyadnz|hourly,2026-08-17T18:48:05Z,2026-08-17T18:48:05Z,
5.226.140.53,ipv4,malicious-ip,medium,WHITE,ziyadnz/hourly-ipv4,ziyadnz|hourly,2026-08-17T18:48:05Z,2026-08-17T18:48:05Z,
5.226.140.54,ipv4,malicious-ip,medium,WHITE,ziyadnz/hourly-ipv4,ziyadnz|hourly,2026-08-17T18:48:05Z,2026-08-17T18:48:05Z,
5.226.140.55,ipv4,malicious-ip,medium,WHITE,ziyadnz/hourly-ipv4,ziyadnz|hourly,2026-08-17T18:48:05Z,2026-08-17T18:48:05Z,
5.226.140.56,ipv4,malicious-ip,medium,WHITE,ziyadnz/hourly-ipv4,ziyadnz|hourly,2026-08-17T18:48:05Z,2026-08-17T18:48:05Z,
5.226.140.57,ipv4,malicious-ip,medium,WHITE,ziyadnz/hourly-ipv4,ziyadnz|hourly,2026-08-17T18:48:05Z,2026-08-17T18:48:05Z,
5.226.140.58,ipv4,malicious-ip,medium,WHITE,ziyadnz/hourly-ipv4,ziyadnz|hourly,2026-08-17T18:48:05Z,2026-08-17T18:48:05Z,
5.226.140.59,ipv4,malicious-ip,medium,WHITE,ziyadnz/hourly-ipv4,ziyadnz|hourly,2026-08-17T18:48:05Z,2026-08-17T18:48:05Z,
5.226.140.6,ipv4,malicious-ip,medium,WHITE,ziyadnz/hourly-ipv4,ziyadnz|hourly,2026-08-17T18:48:05Z,2026-08-17T18:48:05Z,
5.226.140.60,ipv4,malicious-ip,medium,WHITE,ziyadnz/hourly-ipv4,ziyadnz|hourly,2026-08-17T18:48:05Z,2026-08-17T18:48:05Z,
5.226.140.61,ipv4,malicious-ip,medium,WHITE,ziyadnz/hourly-ipv4,ziyadnz|hourly,2026-08-17T18:48:05Z,2026-08-17T18:48:05Z,
5.226.140.62,ipv4,malicious-ip,medium,WHITE,ziyadnz/hourly-ipv4,ziyadnz|hourly,2026-08-17T18:48:05Z,2026-08-17T18:48:05Z,
5.226.140.63,ipv4,malicious-ip,medium,WHITE,ziyadnz/hourly-ipv4,ziyadnz|hourly,2026-08-17T18:48:05Z,2026-08-17T18:48:05Z,
5.226.140.64,ipv4,malicious-ip,medium,WHITE,ziyadnz/hourly-ipv4,ziyadnz|hourly,2026-08-17T18:48:05Z,2026-08-17T18:48:05Z,
5.226.140.65,ipv4,malicious-ip,medium,WHITE,ziyadnz/hourly-ipv4,ziyadnz|hourly,2026-08-17T18:48:05Z,2026-08-17T18:48:05Z,
5.226.140.67,ipv4,malicious-ip,medium,WHITE,ziyadnz/hourly-ipv4,ziyadnz|hourly,2026-08-17T18:48:05Z,2026-08-17T18:48:05Z,
5.226.140.68,ipv4,malicious-ip,medium,WHITE,ziyadnz/hourly-ipv4,ziyadnz|hourly,2026-08-17T18:48:05Z,2026-08-17T18:48:05Z,
5.226.140.69,ipv4,malicious-ip,medium,WHITE,ziyadnz/hourly-ipv4,ziyadnz|hourly,2026-08-17T18:48:05Z,2026-08-17T18:48:05Z,
5.226.140.7,ipv4,malicious-ip,medium,WHITE,ziyadnz/hourly-ipv4,ziyadnz|hourly,2026-08-17T18:48:05Z,2026-08-17T18:48:05Z,
5.226.140.70,ipv4,malicious-ip,medium,WHITE,ziyadnz/hourly-ipv4,ziyadnz|hourly,2026-08-17T18:48:05Z,2026-08-17T18:48:05Z,
5.226.140.71,ipv4,malicious-ip,medium,WHITE,ziyadnz/hourly-ipv4,ziyadnz|hourly,2026-08-17T18:48:05Z,2026-08-17T18:48:05Z,
5.226.140.72,ipv4,malicious-ip,medium,WHITE,ziyadnz/hourly-ipv4,ziyadnz|hourly,2026-08-17T18:48:05Z,2026-08-17T18:48:05Z,
5.226.140.73,ipv4,malicious-ip,medium,WHITE,ziyadnz/hourly-ipv4,ziyadnz|hourly,2026-08-17T18:48:05Z,2026-08-17T18:48:05Z,
5.226.140.74,ipv4,malicious-ip,medium,WHITE,ziyadnz/hourly-ipv4,ziyadnz|hourly,2026-08-17T18:48:05Z,2026-08-17T18:48:05Z,
5.226.140.75,ipv4,malicious-ip,medium,WHITE,ziyadnz/hourly-ipv4,ziyadnz|hourly,2026-08-17T18:48:05Z,2026-08-17T18:48:05Z,
5.226.140.76,ipv4,malicious-ip,medium,WHITE,ziyadnz/hourly-ipv4,ziyadnz|hourly,2026-08-17T18:48:05Z,2026-08-17T18:48:05Z,
5.226.140.77,ipv4,malicious-ip,medium,WHITE,ziyadnz/hourly-ipv4,ziyadnz|hourly,2026-08-17T18:48:05Z,2026-08-17T18:48:05Z,
5.226.140.79,ipv4,malicious-ip,medium,WHITE,ziyadnz/hourly-ipv4,ziyadnz|hourly,2026-08-17T18:48:05Z,2026-08-17T18:48:05Z,
5.226.140.8,ipv4,malicious-ip,medium,WHITE,ziyadnz/hourly-ipv4,ziyadnz|hourly,2026-08-17T18:48:05Z,2026-08-17T18:48:05Z,
5.226.140.80,ipv4,malicious-ip,medium,WHITE,ziyadnz/hourly-ipv4,ziyadnz|hourly,2026-08-17T18:48:05Z,2026-08-17T18:48:05Z,
5.226.140.81,ipv4,malicious-ip,medium,WHITE,ziyadnz/hourly-ipv4,ziyadnz|hourly,2026-08-17T18:48:05Z,2026-08-17T18:48:05Z,
5.226.140.82,ipv4,malicious-ip,medium,WHITE,ziyadnz/hourly-ipv4,ziyadnz|hourly,2026-08-17T18:48:05Z,2026-08-17T18:48:05Z,
5.226.140.83,ipv4,malicious-ip,medium,WHITE,ziyadnz/hourly-ipv4,ziyadnz|hourly,2026-08-17T18:48:05Z,2026-08-17T18:48:05Z,
5.226.140.84,ipv4,malicious-ip,medium,WHITE,ziyadnz/hourly-ipv4,ziyadnz|hourly,2026-08-17T18:48:05Z,2026-08-17T18:48:05Z,
5.226.140.86,ipv4,malicious-ip,medium,WHITE,ziyadnz/hourly-ipv4,ziyadnz|hourly,2026-08-17T18:48:05Z,2026-08-17T18:48:05Z,
5.226.140.87,ipv4,malicious-ip,medium,WHITE,ziyadnz/hourly-ipv4,ziyadnz|hourly,2026-08-17T18:48:05Z,2026-08-17T18:48:05Z,
5.226.140.88,ipv4,malicious-ip,medium,WHITE,ziyadnz/hourly-ipv4,ziyadnz|hourly,2026-08-17T18:48:05Z,2026-08-17T18:48:05Z,
5.226.140.9,ipv4,malicious-ip,medium,WHITE,ziyadnz/hourly-ipv4,ziyadnz|hourly,2026-08-17T18:48:05Z,2026-08-17T18:48:05Z,
5.226.140.90,ipv4,malicious-ip,medium,WHITE,ziyadnz/hourly-ipv4,ziyadnz|hourly,2026-08-17T18:48:05Z,2026-08-17T18:48:05Z,
5.226.140.91,ipv4,malicious-ip,medium,WHITE,ziyadnz/hourly-ipv4,ziyadnz|hourly,2026-08-17T18:48:05Z,2026-08-17T18:48:05Z,
5.226.140.92,ipv4,malicious-ip,medium,WHITE,ziyadnz/hourly-ipv4,ziyadnz|hourly,2026-08-17T18:48:05Z,2026-08-17T18:48:05Z,
5.226.140.93,ipv4,malicious-ip,medium,WHITE,ziyadnz/hourly-ipv4,ziyadnz|hourly,2026-08-17T18:48:05Z,2026-08-17T18:48:05Z,
5.226.140.94,ipv4,malicious-ip,medium,WHITE,ziyadnz/hourly-ipv4,ziyadnz|hourly,2026-08-17T18:48:05Z,2026-08-17T18:48:05Z,
5.226.140.95,ipv4,malicious-ip,medium,WHITE,ziyadnz/hourly-ipv4,ziyadnz|hourly,2026-08-17T18:48:05Z,2026-08-17T18:48:05Z,
5.226.140.96,ipv4,malicious-ip,medium,WHITE,ziyadnz/hourly-ipv4,ziyadnz|hourly,2026-08-17T18:48:05Z,2026-08-17T18:48:05Z,
5.226.140.97,ipv4,malicious-ip,medium,WHITE,ziyadnz/hourly-ipv4,ziyadnz|hourly,2026-08-17T18:48:05Z,2026-08-17T18:48:05Z,
5.226.140.98,ipv4,malicious-ip,medium,WHITE,ziyadnz/hourly-ipv4,ziyadnz|hourly,2026-08-17T18:48:05Z,2026-08-17T18:48:05Z,
5.227.30.48,ipv4,malicious-ip,medium,WHITE,ziyadnz/hourly-ipv4,ziyadnz|hourly,2026-08-17T18:48:05Z,2026-08-17T18:48:05Z,
5.227.8.147,ipv4,malicious-ip,medium,WHITE,ziyadnz/hourly-ipv4,ziyadnz|hourly,2026-08-17T18:48:05Z,2026-08-17T18:48:05Z,
5.228.1.56,ipv4,malicious-ip,medium,WHITE,ziyadnz/hourly-ipv4,ziyadnz|hourly,2026-08-17T18:48:05Z,2026-08-17T18:48:05Z,
5.229.200.110,ipv4,malicious-ip,medium,WHITE,ziyadnz/hourly-ipv4,ziyadnz|hourly,2026-08-17T18:48:05Z,2026-08-17T18:48:05Z,
5.23.100.13,ipv4,malicious-ip,medium,WHITE,ziyadnz/hourly-ipv4,ziyadnz|hourly,2026-08-17T18:48:05Z,2026-08-17T18:48:05Z,
5.230.201.154,ipv4,malicious-ip,medium,WHITE,ziyadnz/hourly-ipv4,ziyadnz|hourly,2026-08-17T18:48:05Z,2026-08-17T18:48:05Z,
5.230.33.176,ipv4,malicious-ip,medium,WHITE,ziyadnz/hourly-ipv4,ziyadnz|hourly,2026-08-17T18:48:05Z,2026-08-17T18:48:05Z,
5.230.68.137,ipv4,malicious-ip,medium,WHITE,ziyadnz/hourly-ipv4,ziyadnz|hourly,2026-08-17T18:48:05Z,2026-08-17T18:48:05Z,
5.230.71.166,ipv4,malicious-ip,medium,WHITE,ziyadnz/hourly-ipv4,ziyadnz|hourly,2026-08-17T18:48:05Z,2026-08-17T18:48:05Z,
5.230.72.148,ipv4,malicious-ip,medium,WHITE,ziyadnz/hourly-ipv4,ziyadnz|hourly,2026-08-17T18:48:05Z,2026-08-17T18:48:05Z,
5.230.72.38,ipv4,malicious-ip,medium,WHITE,ziyadnz/hourly-ipv4,ziyadnz|hourly,2026-08-17T18:48:05Z,2026-08-17T18:48:05Z,
5.230.73.106,ipv4,malicious-ip,medium,WHITE,ziyadnz/hourly-ipv4,ziyadnz|hourly,2026-08-17T18:48:05Z,2026-08-17T18:48:05Z,
5.230.73.241,ipv4,malicious-ip,medium,WHITE,ziyadnz/hourly-ipv4,ziyadnz|hourly,2026-08-17T18:48:05Z,2026-08-17T18:48:05Z,
5.230.73.247,ipv4,malicious-ip,medium,WHITE,ziyadnz/hourly-ipv4,ziyadnz|hourly,2026-08-17T18:48:05Z,2026-08-17T18:48:05Z,
5.230.73.248,ipv4,malicious-ip,medium,WHITE,ziyadnz/hourly-ipv4,ziyadnz|hourly,2026-08-17T18:48:05Z,2026-08-17T18:48:05Z,
5.230.73.250,ipv4,malicious-ip,medium,WHITE,ziyadnz/hourly-ipv4,ziyadnz|hourly,2026-08-17T18:48:05Z,2026-08-17T18:48:05Z,
5.230.73.57,ipv4,malicious-ip,medium,WHITE,ziyadnz/hourly-ipv4,ziyadnz|hourly,2026-08-17T18:48:05Z,2026-08-17T18:48:05Z,
5.230.73.63,ipv4,malicious-ip,medium,WHITE,ziyadnz/hourly-ipv4,ziyadnz|hourly,2026-08-17T18:48:05Z,2026-08-17T18:48:05Z,
5.231.106.247,ipv4,malicious-ip,medium,WHITE,ziyadnz/hourly-ipv4,ziyadnz|hourly,2026-08-17T18:48:05Z,2026-08-17T18:48:05Z,
5.231.107.63,ipv4,malicious-ip,medium,WHITE,ziyadnz/hourly-ipv4,ziyadnz|hourly,2026-08-17T18:48:05Z,2026-08-17T18:48:05Z,
5.231.230.158,ipv4,malicious-ip,medium,WHITE,ziyadnz/hourly-ipv4,ziyadnz|hourly,2026-08-17T18:48:05Z,2026-08-17T18:48:05Z,
5.231.26.73,ipv4,malicious-ip,medium,WHITE,ziyadnz/hourly-ipv4,ziyadnz|hourly,2026-08-17T18:48:05Z,2026-08-17T18:48:05Z,
5.231.28.196,ipv4,malicious-ip,medium,WHITE,ziyadnz/hourly-ipv4,ziyadnz|hourly,2026-08-17T18:48:05Z,2026-08-17T18:48:05Z,
5.231.47.149,ipv4,malicious-ip,medium,WHITE,ziyadnz/hourly-ipv4,ziyadnz|hourly,2026-08-17T18:48:05Z,2026-08-17T18:48:05Z,
5.231.70.13,ipv4,malicious-ip,medium,WHITE,ziyadnz/hourly-ipv4,ziyadnz|hourly,2026-08-17T18:48:05Z,2026-08-17T18:48:05Z,
5.234.0.94,ipv4,malicious-ip,medium,WHITE,ziyadnz/hourly-ipv4,ziyadnz|hourly,2026-08-17T18:48:05Z,2026-08-17T18:48:05Z,
5.236.18.61,ipv4,malicious-ip,medium,WHITE,ziyadnz/hourly-ipv4,ziyadnz|hourly,2026-08-17T18:48:05Z,2026-08-17T18:48:05Z,
5.236.18.9,ipv4,malicious-ip,medium,WHITE,ziyadnz/hourly-ipv4,ziyadnz|hourly,2026-08-17T18:48:05Z,2026-08-17T18:48:05Z,
5.237.106.117,ipv4,malicious-ip,medium,WHITE,ziyadnz/hourly-ipv4,ziyadnz|hourly,2026-08-17T18:48:05Z,2026-08-17T18:48:05Z,
5.237.110.250,ipv4,malicious-ip,medium,WHITE,ziyadnz/hourly-ipv4,ziyadnz|hourly,2026-08-17T18:48:05Z,2026-08-17T18:48:05Z,
5.237.120.249,ipv4,malicious-ip,medium,WHITE,ziyadnz/hourly-ipv4,ziyadnz|hourly,2026-08-17T18:48:05Z,2026-08-17T18:48:05Z,
5.237.86.83,ipv4,malicious-ip,medium,WHITE,ziyadnz/hourly-ipv4,ziyadnz|hourly,2026-08-17T18:48:05Z,2026-08-17T18:48:05Z,
5.238.111.68,ipv4,malicious-ip,medium,WHITE,ziyadnz/hourly-ipv4,ziyadnz|hourly,2026-08-17T18:48:05Z,2026-08-17T18:48:05Z,
5.239.241.81,ipv4,malicious-ip,medium,WHITE,ziyadnz/hourly-ipv4,ziyadnz|hourly,2026-08-17T18:48:05Z,2026-08-17T18:48:05Z,
5.239.61.97,ipv4,malicious-ip,medium,WHITE,ziyadnz/hourly-ipv4,ziyadnz|hourly,2026-08-17T18:48:05Z,2026-08-17T18:48:05Z,
5.240.116.253,ipv4,malicious-ip,medium,WHITE,ziyadnz/hourly-ipv4,ziyadnz|hourly,2026-08-17T18:48:05Z,2026-08-17T18:48:05Z,
5.241.148.216,ipv4,malicious-ip,medium,WHITE,ziyadnz/hourly-ipv4,ziyadnz|hourly,2026-08-17T18:48:05Z,2026-08-17T18:48:05Z,
5.241.157.77,ipv4,malicious-ip,medium,WHITE,ziyadnz/hourly-ipv4,ziyadnz|hourly,2026-08-17T18:48:05Z,2026-08-17T18:48:05Z,
5.241.159.83,ipv4,malicious-ip,medium,WHITE,ziyadnz/hourly-ipv4,ziyadnz|hourly,2026-08-17T18:48:05Z,2026-08-17T18:48:05Z,
5.245.132.106,ipv4,malicious-ip,medium,WHITE,ziyadnz/hourly-ipv4,ziyadnz|hourly,2026-08-17T18:48:05Z,2026-08-17T18:48:05Z,
5.249.74.26,ipv4,malicious-ip,medium,WHITE,ziyadnz/hourly-ipv4,ziyadnz|hourly,2026-08-17T18:48:05Z,2026-08-17T18:48:05Z,
5.25.137.218,ipv4,malicious-ip,medium,WHITE,ziyadnz/hourly-ipv4,ziyadnz|hourly,2026-08-17T18:48:05Z,2026-08-17T18:48:05Z,
5.25.163.97,ipv4,malicious-ip,medium,WHITE,ziyadnz/hourly-ipv4,ziyadnz|hourly,2026-08-17T18:48:05Z,2026-08-17T18:48:05Z,
5.250.137.242,ipv4,malicious-ip,medium,WHITE,ziyadnz/hourly-ipv4,ziyadnz|hourly,2026-08-17T18:48:05Z,2026-08-17T18:48:05Z,
5.250.157.166,ipv4,malicious-ip,medium,WHITE,ziyadnz/hourly-ipv4,ziyadnz|hourly,2026-08-17T18:48:05Z,2026-08-17T18:48:05Z,
5.250.158.238,ipv4,malicious-ip,medium,WHITE,ziyadnz/hourly-ipv4,ziyadnz|hourly,2026-08-17T18:48:05Z,2026-08-17T18:48:05Z,
5.250.184.46,ipv4,malicious-ip,medium,WHITE,ziyadnz/hourly-ipv4,ziyadnz|hourly,2026-08-17T18:48:05Z,2026-08-17T18:48:05Z,
5.252.118.132,ipv4,malicious-ip,medium,WHITE,ziyadnz/hourly-ipv4,ziyadnz|hourly,2026-08-17T18:48:05Z,2026-08-17T18:48:05Z,
5.252.118.139,ipv4,malicious-ip,medium,WHITE,ziyadnz/hourly-ipv4,ziyadnz|hourly,2026-08-17T18:48:05Z,2026-08-17T18:48:05Z,
5.252.118.19,ipv4,malicious-ip,medium,WHITE,ziyadnz/hourly-ipv4,ziyadnz|hourly,2026-08-17T18:48:05Z,2026-08-17T18:48:05Z,
5.252.118.204,ipv4,malicious-ip,medium,WHITE,ziyadnz/hourly-ipv4,ziyadnz|hourly,2026-08-17T18:48:05Z,2026-08-17T18:48:05Z,
5.252.118.211,ipv4,malicious-ip,medium,WHITE,ziyadnz/hourly-ipv4,ziyadnz|hourly,2026-08-17T18:48:05Z,2026-08-17T18:48:05Z,
5.252.118.232,ipv4,malicious-ip,medium,WHITE,ziyadnz/hourly-ipv4,ziyadnz|hourly,2026-08-17T18:48:05Z,2026-08-17T18:48:05Z,
5.252.153.241,ipv4,malicious-ip,medium,WHITE,ziyadnz/hourly-ipv4,ziyadnz|hourly,2026-08-17T18:48:05Z,2026-08-17T18:48:05Z,
5.252.153.94,ipv4,malicious-ip,medium,WHITE,ziyadnz/hourly-ipv4,ziyadnz|hourly,2026-08-17T18:48:05Z,2026-08-17T18:48:05Z,
5.252.154.55,ipv4,malicious-ip,medium,WHITE,ziyadnz/hourly-ipv4,ziyadnz|hourly,2026-08-17T18:48:05Z,2026-08-17T18:48:05Z,
5.252.154.89,ipv4,malicious-ip,medium,WHITE,ziyadnz/hourly-ipv4,ziyadnz|hourly,2026-08-17T18:48:05Z,2026-08-17T18:48:05Z,
5.252.155.231,ipv4,malicious-ip,medium,WHITE,ziyadnz/hourly-ipv4,ziyadnz|hourly,2026-08-17T18:48:05Z,2026-08-17T18:48:05Z,
5.252.155.99,ipv4,malicious-ip,medium,WHITE,ziyadnz/hourly-ipv4,ziyadnz|hourly,2026-08-17T18:48:05Z,2026-08-17T18:48:05Z,
5.252.176.3,ipv4,malicious-ip,medium,WHITE,ziyadnz/hourly-ipv4,ziyadnz|hourly,2026-08-17T18:48:05Z,2026-08-17T18:48:05Z,
5.252.176.55,ipv4,malicious-ip,medium,WHITE,ziyadnz/hourly-ipv4,ziyadnz|hourly,2026-08-17T18:48:05Z,2026-08-17T18:48:05Z,
5.252.177.111,ipv4,malicious-ip,medium,WHITE,ziyadnz/hourly-ipv4,ziyadnz|hourly,2026-08-17T18:48:05Z,2026-08-17T18:48:05Z,
5.252.177.120,ipv4,malicious-ip,medium,WHITE,ziyadnz/hourly-ipv4,ziyadnz|hourly,2026-08-17T18:48:05Z,2026-08-17T18:48:05Z,
5.252.177.15,ipv4,malicious-ip,medium,WHITE,ziyadnz/hourly-ipv4,ziyadnz|hourly,2026-08-17T18:48:05Z,2026-08-17T18:48:05Z,
5.252.177.207,ipv4,malicious-ip,medium,WHITE,ziyadnz/hourly-ipv4,ziyadnz|hourly,2026-08-17T18:48:05Z,2026-08-17T18:48:05Z,
5.252.177.213,ipv4,malicious-ip,medium,WHITE,ziyadnz/hourly-ipv4,ziyadnz|hourly,2026-08-17T18:48:05Z,2026-08-17T18:48:05Z,
5.252.177.22,ipv4,malicious-ip,medium,WHITE,ziyadnz/hourly-ipv4,ziyadnz|hourly,2026-08-17T18:48:05Z,2026-08-17T18:48:05Z,
5.252.177.249,ipv4,malicious-ip,medium,WHITE,ziyadnz/hourly-ipv4,ziyadnz|hourly,2026-08-17T18:48:05Z,2026-08-17T18:48:05Z,
5.252.178.123,ipv4,malicious-ip,medium,WHITE,ziyadnz/hourly-ipv4,ziyadnz|hourly,2026-08-17T18:48:05Z,2026-08-17T18:48:05Z,
5.252.178.23,ipv4,malicious-ip,medium,WHITE,ziyadnz/hourly-ipv4,ziyadnz|hourly,2026-08-17T18:48:05Z,2026-08-17T18:48:05Z,
5.252.178.92,ipv4,malicious-ip,medium,WHITE,ziyadnz/hourly-ipv4,ziyadnz|hourly,2026-08-17T18:48:05Z,2026-08-17T18:48:05Z,
5.252.182.232,ipv4,malicious-ip,medium,WHITE,ziyadnz/hourly-ipv4,ziyadnz|hourly,2026-08-17T18:48:05Z,2026-08-17T18:48:05Z,
5.252.189.0,ipv4,malicious-ip,medium,WHITE,ziyadnz/hourly-ipv4,ziyadnz|hourly,2026-08-17T18:48:05Z,2026-08-17T18:48:05Z,
5.252.190.0,ipv4,malicious-ip,medium,WHITE,ziyadnz/hourly-ipv4,ziyadnz|hourly,2026-08-17T18:48:05Z,2026-08-17T18:48:05Z,
5.252.191.0,ipv4,malicious-ip,medium,WHITE,ziyadnz/hourly-ipv4,ziyadnz|hourly,2026-08-17T18:48:05Z,2026-08-17T18:48:05Z,
5.252.21.207,ipv4,malicious-ip,medium,WHITE,ziyadnz/hourly-ipv4,ziyadnz|hourly,2026-08-17T18:48:05Z,2026-08-17T18:48:05Z,
5.252.21.236,ipv4,malicious-ip,medium,WHITE,ziyadnz/hourly-ipv4,ziyadnz|hourly,2026-08-17T18:48:05Z,2026-08-17T18:48:05Z,
5.252.224.204,ipv4,malicious-ip,medium,WHITE,ziyadnz/hourly-ipv4,ziyadnz|hourly,2026-08-17T18:48:05Z,2026-08-17T18:48:05Z,
5.252.226.244,ipv4,malicious-ip,medium,WHITE,ziyadnz/hourly-ipv4,ziyadnz|hourly,2026-08-17T18:48:05Z,2026-08-17T18:48:05Z,
5.252.23.116,ipv4,malicious-ip,medium,WHITE,ziyadnz/hourly-ipv4,ziyadnz|hourly,2026-08-17T18:48:05Z,2026-08-17T18:48:05Z,
5.252.25.88,ipv4,malicious-ip,medium,WHITE,ziyadnz/hourly-ipv4,ziyadnz|hourly,2026-08-17T18:48:05Z,2026-08-17T18:48:05Z,
5.252.74.119,ipv4,malicious-ip,medium,WHITE,ziyadnz/hourly-ipv4,ziyadnz|hourly,2026-08-17T18:48:05Z,2026-08-17T18:48:05Z,
5.253.103.139,ipv4,malicious-ip,medium,WHITE,ziyadnz/hourly-ipv4,ziyadnz|hourly,2026-08-17T18:48:05Z,2026-08-17T18:48:05Z,
5.253.247.27,ipv4,malicious-ip,medium,WHITE,ziyadnz/hourly-ipv4,ziyadnz|hourly,2026-08-17T18:48:05Z,2026-08-17T18:48:05Z,
5.253.38.54,ipv4,malicious-ip,medium,WHITE,ziyadnz/hourly-ipv4,ziyadnz|hourly,2026-08-17T18:48:05Z,2026-08-17T18:48:05Z,
5.253.59.171,ipv4,malicious-ip,medium,WHITE,ziyadnz/hourly-ipv4,ziyadnz|hourly,2026-08-17T18:48:05Z,2026-08-17T18:48:05Z,
5.253.59.222,ipv4,malicious-ip,medium,WHITE,ziyadnz/hourly-ipv4,ziyadnz|hourly,2026-08-17T18:48:05Z,2026-08-17T18:48:05Z,
5.253.59.242,ipv4,malicious-ip,medium,WHITE,ziyadnz/hourly-ipv4,ziyadnz|hourly,2026-08-17T18:48:05Z,2026-08-17T18:48:05Z,
5.253.59.68,ipv4,malicious-ip,medium,WHITE,ziyadnz/hourly-ipv4,ziyadnz|hourly,2026-08-17T18:48:05Z,2026-08-17T18:48:05Z,
5.253.84.159,ipv4,malicious-ip,medium,WHITE,ziyadnz/hourly-ipv4,ziyadnz|hourly,2026-08-17T18:48:05Z,2026-08-17T18:48:05Z,
5.255.100.242,ipv4,malicious-ip,medium,WHITE,ziyadnz/hourly-ipv4,ziyadnz|hourly,2026-08-17T18:48:05Z,2026-08-17T18:48:05Z,
5.255.100.65,ipv4,malicious-ip,medium,WHITE,ziyadnz/hourly-ipv4,ziyadnz|hourly,2026-08-17T18:48:05Z,2026-08-17T18:48:05Z,
5.255.101.10,ipv4,malicious-ip,medium,WHITE,ziyadnz/hourly-ipv4,ziyadnz|hourly,2026-08-17T18:48:05Z,2026-08-17T18:48:05Z,
5.255.102.26,ipv4,malicious-ip,medium,WHITE,ziyadnz/hourly-ipv4,ziyadnz|hourly,2026-08-17T18:48:05Z,2026-08-17T18:48:05Z,
5.255.104.202,ipv4,malicious-ip,medium,WHITE,ziyadnz/hourly-ipv4,ziyadnz|hourly,2026-08-17T18:48:05Z,2026-08-17T18:48:05Z,
5.255.104.32,ipv4,malicious-ip,medium,WHITE,ziyadnz/hourly-ipv4,ziyadnz|hourly,2026-08-17T18:48:05Z,2026-08-17T18:48:05Z,
5.255.105.87,ipv4,malicious-ip,medium,WHITE,ziyadnz/hourly-ipv4,ziyadnz|hourly,2026-08-17T18:48:05Z,2026-08-17T18:48:05Z,
5.255.110.101,ipv4,malicious-ip,medium,WHITE,ziyadnz/hourly-ipv4,ziyadnz|hourly,2026-08-17T18:48:05Z,2026-08-17T18:48:05Z,
5.255.111.52,ipv4,malicious-ip,medium,WHITE,ziyadnz/hourly-ipv4,ziyadnz|hourly,2026-08-17T18:48:05Z,2026-08-17T18:48:05Z,
5.255.112.194,ipv4,malicious-ip,medium,WHITE,ziyadnz/hourly-ipv4,ziyadnz|hourly,2026-08-17T18:48:05Z,2026-08-17T18:48:05Z,
5.255.113.9,ipv4,malicious-ip,medium,WHITE,ziyadnz/hourly-ipv4,ziyadnz|hourly,2026-08-17T18:48:05Z,2026-08-17T18:48:05Z,
5.255.115.56,ipv4,malicious-ip,medium,WHITE,ziyadnz/hourly-ipv4,ziyadnz|hourly,2026-08-17T18:48:05Z,2026-08-17T18:48:05Z,
5.255.115.58,ipv4,malicious-ip,medium,WHITE,ziyadnz/hourly-ipv4,ziyadnz|hourly,2026-08-17T18:48:05Z,2026-08-17T18:48:05Z,
5.255.117.127,ipv4,malicious-ip,medium,WHITE,ziyadnz/hourly-ipv4,ziyadnz|hourly,2026-08-17T18:48:05Z,2026-08-17T18:48:05Z,
5.255.117.134,ipv4,malicious-ip,medium,WHITE,ziyadnz/hourly-ipv4,ziyadnz|hourly,2026-08-17T18:48:05Z,2026-08-17T18:48:05Z,
5.255.117.56,ipv4,malicious-ip,medium,WHITE,ziyadnz/hourly-ipv4,ziyadnz|hourly,2026-08-17T18:48:05Z,2026-08-17T18:48:05Z,
5.255.118.218,ipv4,malicious-ip,medium,WHITE,ziyadnz/hourly-ipv4,ziyadnz|hourly,2026-08-17T18:48:05Z,2026-08-17T18:48:05Z,
5.255.119.76,ipv4,malicious-ip,medium,WHITE,ziyadnz/hourly-ipv4,ziyadnz|hourly,2026-08-17T18:48:05Z,2026-08-17T18:48:05Z,
5.255.121.213,ipv4,malicious-ip,medium,WHITE,ziyadnz/hourly-ipv4,ziyadnz|hourly,2026-08-17T18:48:05Z,2026-08-17T18:48:05Z,
5.255.121.82,ipv4,malicious-ip,medium,WHITE,ziyadnz/hourly-ipv4,ziyadnz|hourly,2026-08-17T18:48:05Z,2026-08-17T18:48:05Z,
5.255.122.118,ipv4,malicious-ip,medium,WHITE,ziyadnz/hourly-ipv4,ziyadnz|hourly,2026-08-17T18:48:05Z,2026-08-17T18:48:05Z,
5.255.122.180,ipv4,malicious-ip,medium,WHITE,ziyadnz/hourly-ipv4,ziyadnz|hourly,2026-08-17T18:48:05Z,2026-08-17T18:48:05Z,
5.255.122.197,ipv4,malicious-ip,medium,WHITE,ziyadnz/hourly-ipv4,ziyadnz|hourly,2026-08-17T18:48:05Z,2026-08-17T18:48:05Z,
5.255.123.164,ipv4,malicious-ip,medium,WHITE,ziyadnz/hourly-ipv4,ziyadnz|hourly,2026-08-17T18:48:05Z,2026-08-17T18:48:05Z,
5.255.124.237,ipv4,malicious-ip,medium,WHITE,ziyadnz/hourly-ipv4,ziyadnz|hourly,2026-08-17T18:48:05Z,2026-08-17T18:48:05Z,
5.255.125.196,ipv4,malicious-ip,medium,WHITE,ziyadnz/hourly-ipv4,ziyadnz|hourly,2026-08-17T18:48:05Z,2026-08-17T18:48:05Z,
5.255.126.29,ipv4,malicious-ip,medium,WHITE,ziyadnz/hourly-ipv4,ziyadnz|hourly,2026-08-17T18:48:05Z,2026-08-17T18:48:05Z,
5.255.127.159,ipv4,malicious-ip,medium,WHITE,ziyadnz/hourly-ipv4,ziyadnz|hourly,2026-08-17T18:48:05Z,2026-08-17T18:48:05Z,
5.255.127.212,ipv4,malicious-ip,medium,WHITE,ziyadnz/hourly-ipv4,ziyadnz|hourly,2026-08-17T18:48:05Z,2026-08-17T18:48:05Z,
5.255.127.222,ipv4,malicious-ip,medium,WHITE,ziyadnz/hourly-ipv4,ziyadnz|hourly,2026-08-17T18:48:05Z,2026-08-17T18:48:05Z,
5.255.171.106,ipv4,malicious-ip,medium,WHITE,ziyadnz/hourly-ipv4,ziyadnz|hourly,2026-08-17T18:48:05Z,2026-08-17T18:48:05Z,
5.255.175.50,ipv4,malicious-ip,medium,WHITE,ziyadnz/hourly-ipv4,ziyadnz|hourly,2026-08-17T18:48:05Z,2026-08-17T18:48:05Z,
5.255.251.130,ipv4,malicious-ip,medium,WHITE,ziyadnz/hourly-ipv4,ziyadnz|hourly,2026-08-17T18:48:05Z,2026-08-17T18:48:05Z,
5.255.253.32,ipv4,malicious-ip,medium,WHITE,ziyadnz/hourly-ipv4,ziyadnz|hourly,2026-08-17T18:48:05Z,2026-08-17T18:48:05Z,
5.255.253.46,ipv4,malicious-ip,medium,WHITE,ziyadnz/hourly-ipv4,ziyadnz|hourly,2026-08-17T18:48:05Z,2026-08-17T18:48:05Z,
5.255.88.172,ipv4,malicious-ip,medium,WHITE,ziyadnz/hourly-ipv4,ziyadnz|hourly,2026-08-17T18:48:05Z,2026-08-17T18:48:05Z,
5.255.88.222,ipv4,malicious-ip,medium,WHITE,ziyadnz/hourly-ipv4,ziyadnz|hourly,2026-08-17T18:48:05Z,2026-08-17T18:48:05Z,
5.255.97.172,ipv4,malicious-ip,medium,WHITE,ziyadnz/hourly-ipv4,ziyadnz|hourly,2026-08-17T18:48:05Z,2026-08-17T18:48:05Z,
5.255.97.75,ipv4,malicious-ip,medium,WHITE,ziyadnz/hourly-ipv4,ziyadnz|hourly,2026-08-17T18:48:05Z,2026-08-17T18:48:05Z,
5.255.98.151,ipv4,malicious-ip,medium,WHITE,ziyadnz/hourly-ipv4,ziyadnz|hourly,2026-08-17T18:48:05Z,2026-08-17T18:48:05Z,
5.255.99.205,ipv4,malicious-ip,medium,WHITE,ziyadnz/hourly-ipv4,ziyadnz|hourly,2026-08-17T18:48:05Z,2026-08-17T18:48:05Z,
5.255.99.59,ipv4,malicious-ip,medium,WHITE,ziyadnz/hourly-ipv4,ziyadnz|hourly,2026-08-17T18:48:05Z,2026-08-17T18:48:05Z,
5.29.135.63,ipv4,malicious-ip,medium,WHITE,ziyadnz/hourly-ipv4,ziyadnz|hourly,2026-08-17T18:48:05Z,2026-08-17T18:48:05Z,
5.29.15.165,ipv4,malicious-ip,medium,WHITE,ziyadnz/hourly-ipv4,ziyadnz|hourly,2026-08-17T18:48:05Z,2026-08-17T18:48:05Z,
5.29.152.148,ipv4,malicious-ip,medium,WHITE,ziyadnz/hourly-ipv4,ziyadnz|hourly,2026-08-17T18:48:05Z,2026-08-17T18:48:05Z,
5.29.155.125,ipv4,malicious-ip,medium,WHITE,ziyadnz/hourly-ipv4,ziyadnz|hourly,2026-08-17T18:48:05Z,2026-08-17T18:48:05Z,
5.29.194.39,ipv4,malicious-ip,medium,WHITE,ziyadnz/hourly-ipv4,ziyadnz|hourly,2026-08-17T18:48:05Z,2026-08-17T18:48:05Z,
5.29.76.89,ipv4,malicious-ip,medium,WHITE,ziyadnz/hourly-ipv4,ziyadnz|hourly,2026-08-17T18:48:05Z,2026-08-17T18:48:05Z,
5.3.137.210,ipv4,malicious-ip,medium,WHITE,ziyadnz/hourly-ipv4,ziyadnz|hourly,2026-08-17T18:48:05Z,2026-08-17T18:48:05Z,
5.3.138.0,ipv4,malicious-ip,medium,WHITE,ziyadnz/hourly-ipv4,ziyadnz|hourly,2026-08-17T18:48:05Z,2026-08-17T18:48:05Z,
5.3.67.135,ipv4,malicious-ip,medium,WHITE,ziyadnz/hourly-ipv4,ziyadnz|hourly,2026-08-17T18:48:05Z,2026-08-17T18:48:05Z,
5.30.36.5,ipv4,malicious-ip,medium,WHITE,ziyadnz/hourly-ipv4,ziyadnz|hourly,2026-08-17T18:48:05Z,2026-08-17T18:48:05Z,
5.31.187.43,ipv4,malicious-ip,medium,WHITE,ziyadnz/hourly-ipv4,ziyadnz|hourly,2026-08-17T18:48:05Z,2026-08-17T18:48:05Z,
5.31.201.78,ipv4,malicious-ip,medium,WHITE,ziyadnz/hourly-ipv4,ziyadnz|hourly,2026-08-17T18:48:05Z,2026-08-17T18:48:05Z,
5.31.208.110,ipv4,malicious-ip,medium,WHITE,ziyadnz/hourly-ipv4,ziyadnz|hourly,2026-08-17T18:48:05Z,2026-08-17T18:48:05Z,
5.31.214.192,ipv4,malicious-ip,medium,WHITE,ziyadnz/hourly-ipv4,ziyadnz|hourly,2026-08-17T18:48:05Z,2026-08-17T18:48:05Z,
5.31.215.15,ipv4,malicious-ip,medium,WHITE,ziyadnz/hourly-ipv4,ziyadnz|hourly,2026-08-17T18:48:05Z,2026-08-17T18:48:05Z,
5.31.223.248,ipv4,malicious-ip,medium,WHITE,ziyadnz/hourly-ipv4,ziyadnz|hourly,2026-08-17T18:48:05Z,2026-08-17T18:48:05Z,
5.31.241.115,ipv4,malicious-ip,medium,WHITE,ziyadnz/hourly-ipv4,ziyadnz|hourly,2026-08-17T18:48:05Z,2026-08-17T18:48:05Z,
5.31.40.72,ipv4,malicious-ip,medium,WHITE,ziyadnz/hourly-ipv4,ziyadnz|hourly,2026-08-17T18:48:05Z,2026-08-17T18:48:05Z,
5.31.41.110,ipv4,malicious-ip,medium,WHITE,ziyadnz/hourly-ipv4,ziyadnz|hourly,2026-08-17T18:48:05Z,2026-08-17T18:48:05Z,
5.32.241.215,ipv4,malicious-ip,medium,WHITE,ziyadnz/hourly-ipv4,ziyadnz|hourly,2026-08-17T18:48:05Z,2026-08-17T18:48:05Z,
5.34.126.34,ipv4,malicious-ip,medium,WHITE,ziyadnz/hourly-ipv4,ziyadnz|hourly,2026-08-17T18:48:05Z,2026-08-17T18:48:05Z,
5.34.176.46,ipv4,malicious-ip,medium,WHITE,ziyadnz/hourly-ipv4,ziyadnz|hourly,2026-08-17T18:48:05Z,2026-08-17T18:48:05Z,
5.34.176.6,ipv4,malicious-ip,medium,WHITE,ziyadnz/hourly-ipv4,ziyadnz|hourly,2026-08-17T18:48:05Z,2026-08-17T18:48:05Z,
5.34.178.156,ipv4,malicious-ip,medium,WHITE,ziyadnz/hourly-ipv4,ziyadnz|hourly,2026-08-17T18:48:05Z,2026-08-17T18:48:05Z,
5.34.178.21,ipv4,malicious-ip,medium,WHITE,ziyadnz/hourly-ipv4,ziyadnz|hourly,2026-08-17T18:48:05Z,2026-08-17T18:48:05Z,
5.34.180.205,ipv4,malicious-ip,medium,WHITE,ziyadnz/hourly-ipv4,ziyadnz|hourly,2026-08-17T18:48:05Z,2026-08-17T18:48:05Z,
5.35.101.62,ipv4,malicious-ip,medium,WHITE,ziyadnz/hourly-ipv4,ziyadnz|hourly,2026-08-17T18:48:05Z,2026-08-17T18:48:05Z,
5.35.104.31,ipv4,malicious-ip,medium,WHITE,ziyadnz/hourly-ipv4,ziyadnz|hourly,2026-08-17T18:48:05Z,2026-08-17T18:48:05Z,
5.35.107.110,ipv4,malicious-ip,medium,WHITE,ziyadnz/hourly-ipv4,ziyadnz|hourly,2026-08-17T18:48:05Z,2026-08-17T18:48:05Z,
5.35.3.84,ipv4,malicious-ip,medium,WHITE,ziyadnz/hourly-ipv4,ziyadnz|hourly,2026-08-17T18:48:05Z,2026-08-17T18:48:05Z,
5.35.44.176,ipv4,malicious-ip,medium,WHITE,ziyadnz/hourly-ipv4,ziyadnz|hourly,2026-08-17T18:48:05Z,2026-08-17T18:48:05Z,
5.36.106.115,ipv4,malicious-ip,medium,WHITE,ziyadnz/hourly-ipv4,ziyadnz|hourly,2026-08-17T18:48:05Z,2026-08-17T18:48:05Z,
5.38.115.1,ipv4,malicious-ip,medium,WHITE,ziyadnz/hourly-ipv4,ziyadnz|hourly,2026-08-17T18:48:05Z,2026-08-17T18:48:05Z,
5.38.115.43,ipv4,malicious-ip,medium,WHITE,ziyadnz/hourly-ipv4,ziyadnz|hourly,2026-08-17T18:48:05Z,2026-08-17T18:48:05Z,
5.38.115.49,ipv4,malicious-ip,medium,WHITE,ziyadnz/hourly-ipv4,ziyadnz|hourly,2026-08-17T18:48:05Z,2026-08-17T18:48:05Z,
5.38.170.205,ipv4,malicious-ip,medium,WHITE,ziyadnz/hourly-ipv4,ziyadnz|hourly,2026-08-17T18:48:05Z,2026-08-17T18:48:05Z,
5.39.1.0,ipv4,malicious-ip,medium,WHITE,ziyadnz/hourly-ipv4,ziyadnz|hourly,2026-08-17T18:48:05Z,2026-08-17T18:48:05Z,
5.39.1.224,ipv4,malicious-ip,medium,WHITE,ziyadnz/hourly-ipv4,ziyadnz|hourly,2026-08-17T18:48:05Z,2026-08-17T18:48:05Z,
5.39.1.229,ipv4,malicious-ip,medium,WHITE,ziyadnz/hourly-ipv4,ziyadnz|hourly,2026-08-17T18:48:05Z,2026-08-17T18:48:05Z,
5.39.1.236,ipv4,malicious-ip,medium,WHITE,ziyadnz/hourly-ipv4,ziyadnz|hourly,2026-08-17T18:48:05Z,2026-08-17T18:48:05Z,
5.39.1.237,ipv4,malicious-ip,medium,WHITE,ziyadnz/hourly-ipv4,ziyadnz|hourly,2026-08-17T18:48:05Z,2026-08-17T18:48:05Z,
5.39.1.240,ipv4,malicious-ip,medium,WHITE,ziyadnz/hourly-ipv4,ziyadnz|hourly,2026-08-17T18:48:05Z,2026-08-17T18:48:05Z,
5.39.1.245,ipv4,malicious-ip,medium,WHITE,ziyadnz/hourly-ipv4,ziyadnz|hourly,2026-08-17T18:48:05Z,2026-08-17T18:48:05Z,
5.39.1.246,ipv4,malicious-ip,medium,WHITE,ziyadnz/hourly-ipv4,ziyadnz|hourly,2026-08-17T18:48:05Z,2026-08-17T18:48:05Z,
5.39.1.249,ipv4,malicious-ip,medium,WHITE,ziyadnz/hourly-ipv4,ziyadnz|hourly,2026-08-17T18:48:05Z,2026-08-17T18:48:05Z,
5.39.1.251,ipv4,malicious-ip,medium,WHITE,ziyadnz/hourly-ipv4,ziyadnz|hourly,2026-08-17T18:48:05Z,2026-08-17T18:48:05Z,
5.39.10.249,ipv4,malicious-ip,medium,WHITE,ziyadnz/hourly-ipv4,ziyadnz|hourly,2026-08-17T18:48:05Z,2026-08-17T18:48:05Z,
5.39.101.60,ipv4,malicious-ip,medium,WHITE,ziyadnz/hourly-ipv4,ziyadnz|hourly,2026-08-17T18:48:05Z,2026-08-17T18:48:05Z,
5.39.117.99,ipv4,malicious-ip,medium,WHITE,ziyadnz/hourly-ipv4,ziyadnz|hourly,2026-08-17T18:48:05Z,2026-08-17T18:48:05Z,
5.39.19.13,ipv4,malicious-ip,medium,WHITE,ziyadnz/hourly-ipv4,ziyadnz|hourly,2026-08-17T18:48:05Z,2026-08-17T18:48:05Z,
5.39.216.137,ipv4,malicious-ip,medium,WHITE,ziyadnz/hourly-ipv4,ziyadnz|hourly,2026-08-17T18:48:05Z,2026-08-17T18:48:05Z,
5.39.221.36,ipv4,malicious-ip,medium,WHITE,ziyadnz/hourly-ipv4,ziyadnz|hourly,2026-08-17T18:48:05Z,2026-08-17T18:48:05Z,
5.39.221.47,ipv4,malicious-ip,medium,WHITE,ziyadnz/hourly-ipv4,ziyadnz|hourly,2026-08-17T18:48:05Z,2026-08-17T18:48:05Z,
5.39.221.48,ipv4,malicious-ip,medium,WHITE,ziyadnz/hourly-ipv4,ziyadnz|hourly,2026-08-17T18:48:05Z,2026-08-17T18:48:05Z,
5.39.222.150,ipv4,malicious-ip,medium,WHITE,ziyadnz/hourly-ipv4,ziyadnz|hourly,2026-08-17T18:48:05Z,2026-08-17T18:48:05Z,
5.39.222.67,ipv4,malicious-ip,medium,WHITE,ziyadnz/hourly-ipv4,ziyadnz|hourly,2026-08-17T18:48:05Z,2026-08-17T18:48:05Z,
5.39.254.71,ipv4,malicious-ip,medium,WHITE,ziyadnz/hourly-ipv4,ziyadnz|hourly,2026-08-17T18:48:05Z,2026-08-17T18:48:05Z,
5.39.57.91,ipv4,malicious-ip,medium,WHITE,ziyadnz/hourly-ipv4,ziyadnz|hourly,2026-08-17T18:48:05Z,2026-08-17T18:48:05Z,
5.39.68.6,ipv4,malicious-ip,medium,WHITE,ziyadnz/hourly-ipv4,ziyadnz|hourly,2026-08-17T18:48:05Z,2026-08-17T18:48:05Z,
5.39.74.17,ipv4,malicious-ip,medium,WHITE,ziyadnz/hourly-ipv4,ziyadnz|hourly,2026-08-17T18:48:05Z,2026-08-17T18:48:05Z,
5.41.23.43,ipv4,malicious-ip,medium,WHITE,ziyadnz/hourly-ipv4,ziyadnz|hourly,2026-08-17T18:48:05Z,2026-08-17T18:48:05Z,
5.42.101.189,ipv4,malicious-ip,medium,WHITE,ziyadnz/hourly-ipv4,ziyadnz|hourly,2026-08-17T18:48:05Z,2026-08-17T18:48:05Z,
5.42.103.11,ipv4,malicious-ip,medium,WHITE,ziyadnz/hourly-ipv4,ziyadnz|hourly,2026-08-17T18:48:05Z,2026-08-17T18:48:05Z,
5.42.106.42,ipv4,malicious-ip,medium,WHITE,ziyadnz/hourly-ipv4,ziyadnz|hourly,2026-08-17T18:48:05Z,2026-08-17T18:48:05Z,
5.42.107.182,ipv4,malicious-ip,medium,WHITE,ziyadnz/hourly-ipv4,ziyadnz|hourly,2026-08-17T18:48:05Z,2026-08-17T18:48:05Z,
5.42.111.59,ipv4,malicious-ip,medium,WHITE,ziyadnz/hourly-ipv4,ziyadnz|hourly,2026-08-17T18:48:05Z,2026-08-17T18:48:05Z,
5.42.221.106,ipv4,malicious-ip,medium,WHITE,ziyadnz/hourly-ipv4,ziyadnz|hourly,2026-08-17T18:48:05Z,2026-08-17T18:48:05Z,
5.42.64.12,ipv4,malicious-ip,medium,WHITE,ziyadnz/hourly-ipv4,ziyadnz|hourly,2026-08-17T18:48:05Z,2026-08-17T18:48:05Z,
5.42.64.13,ipv4,malicious-ip,medium,WHITE,ziyadnz/hourly-ipv4,ziyadnz|hourly,2026-08-17T18:48:05Z,2026-08-17T18:48:05Z,
5.42.64.35,ipv4,malicious-ip,medium,WHITE,ziyadnz/hourly-ipv4,ziyadnz|hourly,2026-08-17T18:48:05Z,2026-08-17T18:48:05Z,
5.42.64.45,ipv4,malicious-ip,medium,WHITE,ziyadnz/hourly-ipv4,ziyadnz|hourly,2026-08-17T18:48:05Z,2026-08-17T18:48:05Z,
5.42.64.63,ipv4,malicious-ip,medium,WHITE,ziyadnz/hourly-ipv4,ziyadnz|hourly,2026-08-17T18:48:05Z,2026-08-17T18:48:05Z,
5.42.64.67,ipv4,malicious-ip,medium,WHITE,ziyadnz/hourly-ipv4,ziyadnz|hourly,2026-08-17T18:48:05Z,2026-08-17T18:48:05Z,
5.42.64.83,ipv4,malicious-ip,medium,WHITE,ziyadnz/hourly-ipv4,ziyadnz|hourly,2026-08-17T18:48:05Z,2026-08-17T18:48:05Z,
5.42.65.1,ipv4,malicious-ip,medium,WHITE,ziyadnz/hourly-ipv4,ziyadnz|hourly,2026-08-17T18:48:05Z,2026-08-17T18:48:05Z,
5.42.65.101,ipv4,malicious-ip,medium,WHITE,ziyadnz/hourly-ipv4,ziyadnz|hourly,2026-08-17T18:48:05Z,2026-08-17T18:48:05Z,
5.42.65.106,ipv4,malicious-ip,medium,WHITE,ziyadnz/hourly-ipv4,ziyadnz|hourly,2026-08-17T18:48:05Z,2026-08-17T18:48:05Z,
5.42.65.108,ipv4,malicious-ip,medium,WHITE,ziyadnz/hourly-ipv4,ziyadnz|hourly,2026-08-17T18:48:05Z,2026-08-17T18:48:05Z,
5.42.65.114,ipv4,malicious-ip,medium,WHITE,ziyadnz/hourly-ipv4,ziyadnz|hourly,2026-08-17T18:48:05Z,2026-08-17T18:48:05Z,
5.42.65.16,ipv4,malicious-ip,medium,WHITE,ziyadnz/hourly-ipv4,ziyadnz|hourly,2026-08-17T18:48:05Z,2026-08-17T18:48:05Z,
5.42.65.18,ipv4,malicious-ip,medium,WHITE,ziyadnz/hourly-ipv4,ziyadnz|hourly,2026-08-17T18:48:05Z,2026-08-17T18:48:05Z,
5.42.65.28,ipv4,malicious-ip,medium,WHITE,ziyadnz/hourly-ipv4,ziyadnz|hourly,2026-08-17T18:48:05Z,2026-08-17T18:48:05Z,
5.42.65.36,ipv4,malicious-ip,medium,WHITE,ziyadnz/hourly-ipv4,ziyadnz|hourly,2026-08-17T18:48:05Z,2026-08-17T18:48:05Z,
5.42.65.55,ipv4,malicious-ip,medium,WHITE,ziyadnz/hourly-ipv4,ziyadnz|hourly,2026-08-17T18:48:05Z,2026-08-17T18:48:05Z,
5.42.65.58,ipv4,malicious-ip,medium,WHITE,ziyadnz/hourly-ipv4,ziyadnz|hourly,2026-08-17T18:48:05Z,2026-08-17T18:48:05Z,
5.42.65.6,ipv4,malicious-ip,medium,WHITE,ziyadnz/hourly-ipv4,ziyadnz|hourly,2026-08-17T18:48:05Z,2026-08-17T18:48:05Z,
5.42.65.62,ipv4,malicious-ip,medium,WHITE,ziyadnz/hourly-ipv4,ziyadnz|hourly,2026-08-17T18:48:05Z,2026-08-17T18:48:05Z,
5.42.65.69,ipv4,malicious-ip,medium,WHITE,ziyadnz/hourly-ipv4,ziyadnz|hourly,2026-08-17T18:48:05Z,2026-08-17T18:48:05Z,
5.42.66.1,ipv4,malicious-ip,medium,WHITE,ziyadnz/hourly-ipv4,ziyadnz|hourly,2026-08-17T18:48:05Z,2026-08-17T18:48:05Z,
5.42.66.2,ipv4,malicious-ip,medium,WHITE,ziyadnz/hourly-ipv4,ziyadnz|hourly,2026-08-17T18:48:05Z,2026-08-17T18:48:05Z,
5.42.66.25,ipv4,malicious-ip,medium,WHITE,ziyadnz/hourly-ipv4,ziyadnz|hourly,2026-08-17T18:48:05Z,2026-08-17T18:48:05Z,
5.42.66.32,ipv4,malicious-ip,medium,WHITE,ziyadnz/hourly-ipv4,ziyadnz|hourly,2026-08-17T18:48:05Z,2026-08-17T18:48:05Z,
5.42.66.6,ipv4,malicious-ip,medium,WHITE,ziyadnz/hourly-ipv4,ziyadnz|hourly,2026-08-17T18:48:05Z,2026-08-17T18:48:05Z,
5.42.66.9,ipv4,malicious-ip,medium,WHITE,ziyadnz/hourly-ipv4,ziyadnz|hourly,2026-08-17T18:48:05Z,2026-08-17T18:48:05Z,
5.42.67.29,ipv4,malicious-ip,medium,WHITE,ziyadnz/hourly-ipv4,ziyadnz|hourly,2026-08-17T18:48:05Z,2026-08-17T18:48:05Z,
5.42.67.3,ipv4,malicious-ip,medium,WHITE,ziyadnz/hourly-ipv4,ziyadnz|hourly,2026-08-17T18:48:05Z,2026-08-17T18:48:05Z,
5.42.73.251,ipv4,malicious-ip,medium,WHITE,ziyadnz/hourly-ipv4,ziyadnz|hourly,2026-08-17T18:48:05Z,2026-08-17T18:48:05Z,
5.42.78.100,ipv4,malicious-ip,medium,WHITE,ziyadnz/hourly-ipv4,ziyadnz|hourly,2026-08-17T18:48:05Z,2026-08-17T18:48:05Z,
5.42.92.51,ipv4,malicious-ip,medium,WHITE,ziyadnz/hourly-ipv4,ziyadnz|hourly,2026-08-17T18:48:05Z,2026-08-17T18:48:05Z,
5.42.92.67,ipv4,malicious-ip,medium,WHITE,ziyadnz/hourly-ipv4,ziyadnz|hourly,2026-08-17T18:48:05Z,2026-08-17T18:48:05Z,
5.42.94.125,ipv4,malicious-ip,medium,WHITE,ziyadnz/hourly-ipv4,ziyadnz|hourly,2026-08-17T18:48:05Z,2026-08-17T18:48:05Z,
5.44.168.134,ipv4,malicious-ip,medium,WHITE,ziyadnz/hourly-ipv4,ziyadnz|hourly,2026-08-17T18:48:05Z,2026-08-17T18:48:05Z,
5.44.169.117,ipv4,malicious-ip,medium,WHITE,ziyadnz/hourly-ipv4,ziyadnz|hourly,2026-08-17T18:48:05Z,2026-08-17T18:48:05Z,
5.44.169.45,ipv4,malicious-ip,medium,WHITE,ziyadnz/hourly-ipv4,ziyadnz|hourly,2026-08-17T18:48:05Z,2026-08-17T18:48:05Z,
5.44.170.109,ipv4,malicious-ip,medium,WHITE,ziyadnz/hourly-ipv4,ziyadnz|hourly,2026-08-17T18:48:05Z,2026-08-17T18:48:05Z,
5.44.170.181,ipv4,malicious-ip,medium,WHITE,ziyadnz/hourly-ipv4,ziyadnz|hourly,2026-08-17T18:48:05Z,2026-08-17T18:48:05Z,
5.44.170.70,ipv4,malicious-ip,medium,WHITE,ziyadnz/hourly-ipv4,ziyadnz|hourly,2026-08-17T18:48:05Z,2026-08-17T18:48:05Z,
5.44.173.8,ipv4,malicious-ip,medium,WHITE,ziyadnz/hourly-ipv4,ziyadnz|hourly,2026-08-17T18:48:05Z,2026-08-17T18:48:05Z,
5.44.174.114,ipv4,malicious-ip,medium,WHITE,ziyadnz/hourly-ipv4,ziyadnz|hourly,2026-08-17T18:48:05Z,2026-08-17T18:48:05Z,
5.44.252.164,ipv4,malicious-ip,medium,WHITE,ziyadnz/hourly-ipv4,ziyadnz|hourly,2026-08-17T18:48:05Z,2026-08-17T18:48:05Z,
5.44.42.27,ipv4,malicious-ip,medium,WHITE,ziyadnz/hourly-ipv4,ziyadnz|hourly,2026-08-17T18:48:05Z,2026-08-17T18:48:05Z,
5.45.101.104,ipv4,malicious-ip,medium,WHITE,ziyadnz/hourly-ipv4,ziyadnz|hourly,2026-08-17T18:48:05Z,2026-08-17T18:48:05Z,
5.45.102.93,ipv4,malicious-ip,medium,WHITE,ziyadnz/hourly-ipv4,ziyadnz|hourly,2026-08-17T18:48:05Z,2026-08-17T18:48:05Z,
5.45.104.176,ipv4,malicious-ip,medium,WHITE,ziyadnz/hourly-ipv4,ziyadnz|hourly,2026-08-17T18:48:05Z,2026-08-17T18:48:05Z,
5.45.104.221,ipv4,malicious-ip,medium,WHITE,ziyadnz/hourly-ipv4,ziyadnz|hourly,2026-08-17T18:48:05Z,2026-08-17T18:48:05Z,
5.45.110.147,ipv4,malicious-ip,medium,WHITE,ziyadnz/hourly-ipv4,ziyadnz|hourly,2026-08-17T18:48:05Z,2026-08-17T18:48:05Z,
5.45.121.168,ipv4,malicious-ip,medium,WHITE,ziyadnz/hourly-ipv4,ziyadnz|hourly,2026-08-17T18:48:05Z,2026-08-17T18:48:05Z,
5.45.146.101,ipv4,malicious-ip,medium,WHITE,ziyadnz/hourly-ipv4,ziyadnz|hourly,2026-08-17T18:48:05Z,2026-08-17T18:48:05Z,
5.45.207.42,ipv4,malicious-ip,medium,WHITE,ziyadnz/hourly-ipv4,ziyadnz|hourly,2026-08-17T18:48:05Z,2026-08-17T18:48:05Z,
5.45.70.178,ipv4,malicious-ip,medium,WHITE,ziyadnz/hourly-ipv4,ziyadnz|hourly,2026-08-17T18:48:05Z,2026-08-17T18:48:05Z,
5.45.73.243,ipv4,malicious-ip,medium,WHITE,ziyadnz/hourly-ipv4,ziyadnz|hourly,2026-08-17T18:48:05Z,2026-08-17T18:48:05Z,
5.45.85.201,ipv4,malicious-ip,medium,WHITE,ziyadnz/hourly-ipv4,ziyadnz|hourly,2026-08-17T18:48:05Z,2026-08-17T18:48:05Z,
5.45.98.162,ipv4,malicious-ip,medium,WHITE,ziyadnz/hourly-ipv4,ziyadnz|hourly,2026-08-17T18:48:05Z,2026-08-17T18:48:05Z,
5.48.46.95,ipv4,malicious-ip,medium,WHITE,ziyadnz/hourly-ipv4,ziyadnz|hourly,2026-08-17T18:48:05Z,2026-08-17T18:48:05Z,
5.51.99.150,ipv4,malicious-ip,medium,WHITE,ziyadnz/hourly-ipv4,ziyadnz|hourly,2026-08-17T18:48:05Z,2026-08-17T18:48:05Z,
5.53.114.195,ipv4,malicious-ip,medium,WHITE,ziyadnz/hourly-ipv4,ziyadnz|hourly,2026-08-17T18:48:05Z,2026-08-17T18:48:05Z,
5.53.115.178,ipv4,malicious-ip,medium,WHITE,ziyadnz/hourly-ipv4,ziyadnz|hourly,2026-08-17T18:48:05Z,2026-08-17T18:48:05Z,
5.53.118.120,ipv4,malicious-ip,medium,WHITE,ziyadnz/hourly-ipv4,ziyadnz|hourly,2026-08-17T18:48:05Z,2026-08-17T18:48:05Z,
5.53.118.121,ipv4,malicious-ip,medium,WHITE,ziyadnz/hourly-ipv4,ziyadnz|hourly,2026-08-17T18:48:05Z,2026-08-17T18:48:05Z,
5.53.118.251,ipv4,malicious-ip,medium,WHITE,ziyadnz/hourly-ipv4,ziyadnz|hourly,2026-08-17T18:48:05Z,2026-08-17T18:48:05Z,
5.54.157.55,ipv4,malicious-ip,medium,WHITE,ziyadnz/hourly-ipv4,ziyadnz|hourly,2026-08-17T18:48:05Z,2026-08-17T18:48:05Z,
5.55.205.64,ipv4,malicious-ip,medium,WHITE,ziyadnz/hourly-ipv4,ziyadnz|hourly,2026-08-17T18:48:05Z,2026-08-17T18:48:05Z,
5.56.25.151,ipv4,malicious-ip,medium,WHITE,ziyadnz/hourly-ipv4,ziyadnz|hourly,2026-08-17T18:48:05Z,2026-08-17T18:48:05Z,
5.58.113.79,ipv4,malicious-ip,medium,WHITE,ziyadnz/hourly-ipv4,ziyadnz|hourly,2026-08-17T18:48:05Z,2026-08-17T18:48:05Z,
5.58.149.237,ipv4,malicious-ip,medium,WHITE,ziyadnz/hourly-ipv4,ziyadnz|hourly,2026-08-17T18:48:05Z,2026-08-17T18:48:05Z,
5.58.200.181,ipv4,malicious-ip,medium,WHITE,ziyadnz/hourly-ipv4,ziyadnz|hourly,2026-08-17T18:48:05Z,2026-08-17T18:48:05Z,
5.58.79.234,ipv4,malicious-ip,medium,WHITE,ziyadnz/hourly-ipv4,ziyadnz|hourly,2026-08-17T18:48:05Z,2026-08-17T18:48:05Z,
5.58.84.44,ipv4,malicious-ip,medium,WHITE,ziyadnz/hourly-ipv4,ziyadnz|hourly,2026-08-17T18:48:05Z,2026-08-17T18:48:05Z,
5.58.92.20,ipv4,malicious-ip,medium,WHITE,ziyadnz/hourly-ipv4,ziyadnz|hourly,2026-08-17T18:48:05Z,2026-08-17T18:48:05Z,
5.58.99.24,ipv4,malicious-ip,medium,WHITE,ziyadnz/hourly-ipv4,ziyadnz|hourly,2026-08-17T18:48:05Z,2026-08-17T18:48:05Z,
5.59.107.206,ipv4,malicious-ip,medium,WHITE,ziyadnz/hourly-ipv4,ziyadnz|hourly,2026-08-17T18:48:05Z,2026-08-17T18:48:05Z,
5.59.107.34,ipv4,malicious-ip,medium,WHITE,ziyadnz/hourly-ipv4,ziyadnz|hourly,2026-08-17T18:48:05Z,2026-08-17T18:48:05Z,
5.59.107.59,ipv4,malicious-ip,medium,WHITE,ziyadnz/hourly-ipv4,ziyadnz|hourly,2026-08-17T18:48:05Z,2026-08-17T18:48:05Z,
5.59.170.252,ipv4,malicious-ip,medium,WHITE,ziyadnz/hourly-ipv4,ziyadnz|hourly,2026-08-17T18:48:05Z,2026-08-17T18:48:05Z,
5.59.248.169,ipv4,malicious-ip,medium,WHITE,ziyadnz/hourly-ipv4,ziyadnz|hourly,2026-08-17T18:48:05Z,2026-08-17T18:48:05Z,
5.59.248.52,ipv4,malicious-ip,medium,WHITE,ziyadnz/hourly-ipv4,ziyadnz|hourly,2026-08-17T18:48:05Z,2026-08-17T18:48:05Z,
5.59.248.92,ipv4,malicious-ip,medium,WHITE,ziyadnz/hourly-ipv4,ziyadnz|hourly,2026-08-17T18:48:05Z,2026-08-17T18:48:05Z,
5.59.249.116,ipv4,malicious-ip,medium,WHITE,ziyadnz/hourly-ipv4,ziyadnz|hourly,2026-08-17T18:48:05Z,2026-08-17T18:48:05Z,
5.61.202.27,ipv4,malicious-ip,medium,WHITE,ziyadnz/hourly-ipv4,ziyadnz|hourly,2026-08-17T18:48:05Z,2026-08-17T18:48:05Z,
5.61.202.29,ipv4,malicious-ip,medium,WHITE,ziyadnz/hourly-ipv4,ziyadnz|hourly,2026-08-17T18:48:05Z,2026-08-17T18:48:05Z,
5.61.202.77,ipv4,malicious-ip,medium,WHITE,ziyadnz/hourly-ipv4,ziyadnz|hourly,2026-08-17T18:48:05Z,2026-08-17T18:48:05Z,
5.61.202.87,ipv4,malicious-ip,medium,WHITE,ziyadnz/hourly-ipv4,ziyadnz|hourly,2026-08-17T18:48:05Z,2026-08-17T18:48:05Z,
5.61.209.102,ipv4,malicious-ip,medium,WHITE,ziyadnz/hourly-ipv4,ziyadnz|hourly,2026-08-17T18:48:05Z,2026-08-17T18:48:05Z,
5.61.209.224,ipv4,malicious-ip,medium,WHITE,ziyadnz/hourly-ipv4,ziyadnz|hourly,2026-08-17T18:48:05Z,2026-08-17T18:48:05Z,
5.61.209.44,ipv4,malicious-ip,medium,WHITE,ziyadnz/hourly-ipv4,ziyadnz|hourly,2026-08-17T18:48:05Z,2026-08-17T18:48:05Z,
5.61.209.92,ipv4,malicious-ip,medium,WHITE,ziyadnz/hourly-ipv4,ziyadnz|hourly,2026-08-17T18:48:05Z,2026-08-17T18:48:05Z,
5.61.29.38,ipv4,malicious-ip,medium,WHITE,ziyadnz/hourly-ipv4,ziyadnz|hourly,2026-08-17T18:48:05Z,2026-08-17T18:48:05Z,
5.61.39.232,ipv4,malicious-ip,medium,WHITE,ziyadnz/hourly-ipv4,ziyadnz|hourly,2026-08-17T18:48:05Z,2026-08-17T18:48:05Z,
5.61.57.250,ipv4,malicious-ip,medium,WHITE,ziyadnz/hourly-ipv4,ziyadnz|hourly,2026-08-17T18:48:05Z,2026-08-17T18:48:05Z,
5.61.59.53,ipv4,malicious-ip,medium,WHITE,ziyadnz/hourly-ipv4,ziyadnz|hourly,2026-08-17T18:48:05Z,2026-08-17T18:48:05Z,
5.62.143.119,ipv4,malicious-ip,medium,WHITE,ziyadnz/hourly-ipv4,ziyadnz|hourly,2026-08-17T18:48:05Z,2026-08-17T18:48:05Z,
5.62.33.131,ipv4,malicious-ip,medium,WHITE,ziyadnz/hourly-ipv4,ziyadnz|hourly,2026-08-17T18:48:05Z,2026-08-17T18:48:05Z,
5.63.101.186,ipv4,malicious-ip,medium,WHITE,ziyadnz/hourly-ipv4,ziyadnz|hourly,2026-08-17T18:48:05Z,2026-08-17T18:48:05Z,
5.63.111.238,ipv4,malicious-ip,medium,WHITE,ziyadnz/hourly-ipv4,ziyadnz|hourly,2026-08-17T18:48:05Z,2026-08-17T18:48:05Z,
5.68.130.175,ipv4,malicious-ip,medium,WHITE,ziyadnz/hourly-ipv4,ziyadnz|hourly,2026-08-17T18:48:05Z,2026-08-17T18:48:05Z,
5.75.138.1,ipv4,malicious-ip,medium,WHITE,ziyadnz/hourly-ipv4,ziyadnz|hourly,2026-08-17T18:48:05Z,2026-08-17T18:48:05Z,
5.75.138.201,ipv4,malicious-ip,medium,WHITE,ziyadnz/hourly-ipv4,ziyadnz|hourly,2026-08-17T18:48:05Z,2026-08-17T18:48:05Z,
5.75.139.35,ipv4,malicious-ip,medium,WHITE,ziyadnz/hourly-ipv4,ziyadnz|hourly,2026-08-17T18:48:05Z,2026-08-17T18:48:05Z,
5.75.159.229,ipv4,malicious-ip,medium,WHITE,ziyadnz/hourly-ipv4,ziyadnz|hourly,2026-08-17T18:48:05Z,2026-08-17T18:48:05Z,
5.75.160.178,ipv4,malicious-ip,medium,WHITE,ziyadnz/hourly-ipv4,ziyadnz|hourly,2026-08-17T18:48:05Z,2026-08-17T18:48:05Z,
5.75.163.194,ipv4,malicious-ip,medium,WHITE,ziyadnz/hourly-ipv4,ziyadnz|hourly,2026-08-17T18:48:05Z,2026-08-17T18:48:05Z,
5.75.168.240,ipv4,malicious-ip,medium,WHITE,ziyadnz/hourly-ipv4,ziyadnz|hourly,2026-08-17T18:48:05Z,2026-08-17T18:48:05Z,
5.75.175.90,ipv4,malicious-ip,medium,WHITE,ziyadnz/hourly-ipv4,ziyadnz|hourly,2026-08-17T18:48:05Z,2026-08-17T18:48:05Z,
5.75.177.255,ipv4,malicious-ip,medium,WHITE,ziyadnz/hourly-ipv4,ziyadnz|hourly,2026-08-17T18:48:05Z,2026-08-17T18:48:05Z,
5.75.188.236,ipv4,malicious-ip,medium,WHITE,ziyadnz/hourly-ipv4,ziyadnz|hourly,2026-08-17T18:48:05Z,2026-08-17T18:48:05Z,
5.75.201.42,ipv4,malicious-ip,medium,WHITE,ziyadnz/hourly-ipv4,ziyadnz|hourly,2026-08-17T18:48:05Z,2026-08-17T18:48:05Z,
5.75.239.4,ipv4,malicious-ip,medium,WHITE,ziyadnz/hourly-ipv4,ziyadnz|hourly,2026-08-17T18:48:05Z,2026-08-17T18:48:05Z,
5.75.243.212,ipv4,malicious-ip,medium,WHITE,ziyadnz/hourly-ipv4,ziyadnz|hourly,2026-08-17T18:48:05Z,2026-08-17T18:48:05Z,
5.76.199.174,ipv4,malicious-ip,medium,WHITE,ziyadnz/hourly-ipv4,ziyadnz|hourly,2026-08-17T18:48:05Z,2026-08-17T18:48:05Z,
5.77.129.63,ipv4,malicious-ip,medium,WHITE,ziyadnz/hourly-ipv4,ziyadnz|hourly,2026-08-17T18:48:05Z,2026-08-17T18:48:05Z,
5.77.130.137,ipv4,malicious-ip,medium,WHITE,ziyadnz/hourly-ipv4,ziyadnz|hourly,2026-08-17T18:48:05Z,2026-08-17T18:48:05Z,
5.77.136.164,ipv4,malicious-ip,medium,WHITE,ziyadnz/hourly-ipv4,ziyadnz|hourly,2026-08-17T18:48:05Z,2026-08-17T18:48:05Z,
5.77.137.199,ipv4,malicious-ip,medium,WHITE,ziyadnz/hourly-ipv4,ziyadnz|hourly,2026-08-17T18:48:05Z,2026-08-17T18:48:05Z,
5.77.194.200,ipv4,malicious-ip,medium,WHITE,ziyadnz/hourly-ipv4,ziyadnz|hourly,2026-08-17T18:48:05Z,2026-08-17T18:48:05Z,
5.77.198.39,ipv4,malicious-ip,medium,WHITE,ziyadnz/hourly-ipv4,ziyadnz|hourly,2026-08-17T18:48:05Z,2026-08-17T18:48:05Z,
5.77.207.191,ipv4,malicious-ip,medium,WHITE,ziyadnz/hourly-ipv4,ziyadnz|hourly,2026-08-17T18:48:05Z,2026-08-17T18:48:05Z,
5.77.252.205,ipv4,malicious-ip,medium,WHITE,ziyadnz/hourly-ipv4,ziyadnz|hourly,2026-08-17T18:48:05Z,2026-08-17T18:48:05Z,
5.78.126.210,ipv4,malicious-ip,medium,WHITE,ziyadnz/hourly-ipv4,ziyadnz|hourly,2026-08-17T18:48:05Z,2026-08-17T18:48:05Z,
5.78.138.63,ipv4,malicious-ip,medium,WHITE,ziyadnz/hourly-ipv4,ziyadnz|hourly,2026-08-17T18:48:05Z,2026-08-17T18:48:05Z,
5.78.142.15,ipv4,malicious-ip,medium,WHITE,ziyadnz/hourly-ipv4,ziyadnz|hourly,2026-08-17T18:48:05Z,2026-08-17T18:48:05Z,
5.78.159.123,ipv4,malicious-ip,medium,WHITE,ziyadnz/hourly-ipv4,ziyadnz|hourly,2026-08-17T18:48:05Z,2026-08-17T18:48:05Z,
5.78.215.95,ipv4,malicious-ip,medium,WHITE,ziyadnz/hourly-ipv4,ziyadnz|hourly,2026-08-17T18:48:05Z,2026-08-17T18:48:05Z,
5.78.42.147,ipv4,malicious-ip,medium,WHITE,ziyadnz/hourly-ipv4,ziyadnz|hourly,2026-08-17T18:48:05Z,2026-08-17T18:48:05Z,
5.79.66.133,ipv4,malicious-ip,medium,WHITE,ziyadnz/hourly-ipv4,ziyadnz|hourly,2026-08-17T18:48:05Z,2026-08-17T18:48:05Z,
5.79.66.19,ipv4,malicious-ip,medium,WHITE,ziyadnz/hourly-ipv4,ziyadnz|hourly,2026-08-17T18:48:05Z,2026-08-17T18:48:05Z,
5.8.110.181,ipv4,malicious-ip,medium,WHITE,ziyadnz/hourly-ipv4,ziyadnz|hourly,2026-08-17T18:48:05Z,2026-08-17T18:48:05Z,
5.8.18.117,ipv4,malicious-ip,medium,WHITE,ziyadnz/hourly-ipv4,ziyadnz|hourly,2026-08-17T18:48:05Z,2026-08-17T18:48:05Z,
5.8.18.242,ipv4,malicious-ip,medium,WHITE,ziyadnz/hourly-ipv4,ziyadnz|hourly,2026-08-17T18:48:05Z,2026-08-17T18:48:05Z,
5.8.18.245,ipv4,malicious-ip,medium,WHITE,ziyadnz/hourly-ipv4,ziyadnz|hourly,2026-08-17T18:48:05Z,2026-08-17T18:48:05Z,
5.8.19.110,ipv4,malicious-ip,medium,WHITE,ziyadnz/hourly-ipv4,ziyadnz|hourly,2026-08-17T18:48:05Z,2026-08-17T18:48:05Z,
5.8.63.140,ipv4,malicious-ip,medium,WHITE,ziyadnz/hourly-ipv4,ziyadnz|hourly,2026-08-17T18:48:05Z,2026-08-17T18:48:05Z,
5.8.9.77,ipv4,malicious-ip,medium,WHITE,ziyadnz/hourly-ipv4,ziyadnz|hourly,2026-08-17T18:48:05Z,2026-08-17T18:48:05Z,
5.8.95.174,ipv4,malicious-ip,medium,WHITE,ziyadnz/hourly-ipv4,ziyadnz|hourly,2026-08-17T18:48:05Z,2026-08-17T18:48:05Z,
5.82.31.230,ipv4,malicious-ip,medium,WHITE,ziyadnz/hourly-ipv4,ziyadnz|hourly,2026-08-17T18:48:05Z,2026-08-17T18:48:05Z,
5.82.8.143,ipv4,malicious-ip,medium,WHITE,ziyadnz/hourly-ipv4,ziyadnz|hourly,2026-08-17T18:48:05Z,2026-08-17T18:48:05Z,
5.83.129.240,ipv4,malicious-ip,medium,WHITE,ziyadnz/hourly-ipv4,ziyadnz|hourly,2026-08-17T18:48:05Z,2026-08-17T18:48:05Z,
5.83.132.20,ipv4,malicious-ip,medium,WHITE,ziyadnz/hourly-ipv4,ziyadnz|hourly,2026-08-17T18:48:05Z,2026-08-17T18:48:05Z,
5.83.143.154,ipv4,malicious-ip,medium,WHITE,ziyadnz/hourly-ipv4,ziyadnz|hourly,2026-08-17T18:48:05Z,2026-08-17T18:48:05Z,
5.83.143.165,ipv4,malicious-ip,medium,WHITE,ziyadnz/hourly-ipv4,ziyadnz|hourly,2026-08-17T18:48:05Z,2026-08-17T18:48:05Z,
5.83.143.166,ipv4,malicious-ip,medium,WHITE,ziyadnz/hourly-ipv4,ziyadnz|hourly,2026-08-17T18:48:05Z,2026-08-17T18:48:05Z,
5.83.143.18,ipv4,malicious-ip,medium,WHITE,ziyadnz/hourly-ipv4,ziyadnz|hourly,2026-08-17T18:48:05Z,2026-08-17T18:48:05Z,
5.83.143.41,ipv4,malicious-ip,medium,WHITE,ziyadnz/hourly-ipv4,ziyadnz|hourly,2026-08-17T18:48:05Z,2026-08-17T18:48:05Z,
5.83.152.185,ipv4,malicious-ip,medium,WHITE,ziyadnz/hourly-ipv4,ziyadnz|hourly,2026-08-17T18:48:05Z,2026-08-17T18:48:05Z,
5.83.213.66,ipv4,malicious-ip,medium,WHITE,ziyadnz/hourly-ipv4,ziyadnz|hourly,2026-08-17T18:48:05Z,2026-08-17T18:48:05Z,
5.83.214.197,ipv4,malicious-ip,medium,WHITE,ziyadnz/hourly-ipv4,ziyadnz|hourly,2026-08-17T18:48:05Z,2026-08-17T18:48:05Z,
5.88.119.21,ipv4,malicious-ip,medium,WHITE,ziyadnz/hourly-ipv4,ziyadnz|hourly,2026-08-17T18:48:05Z,2026-08-17T18:48:05Z,
5.88.243.199,ipv4,malicious-ip,medium,WHITE,ziyadnz/hourly-ipv4,ziyadnz|hourly,2026-08-17T18:48:05Z,2026-08-17T18:48:05Z,
5.89.112.21,ipv4,malicious-ip,medium,WHITE,ziyadnz/hourly-ipv4,ziyadnz|hourly,2026-08-17T18:48:05Z,2026-08-17T18:48:05Z,
5.9.104.19,ipv4,malicious-ip,medium,WHITE,ziyadnz/hourly-ipv4,ziyadnz|hourly,2026-08-17T18:48:05Z,2026-08-17T18:48:05Z,
5.9.116.246,ipv4,malicious-ip,medium,WHITE,ziyadnz/hourly-ipv4,ziyadnz|hourly,2026-08-17T18:48:05Z,2026-08-17T18:48:05Z,
5.9.231.69,ipv4,malicious-ip,medium,WHITE,ziyadnz/hourly-ipv4,ziyadnz|hourly,2026-08-17T18:48:05Z,2026-08-17T18:48:05Z,
5.9.83.108,ipv4,malicious-ip,medium,WHITE,ziyadnz/hourly-ipv4,ziyadnz|hourly,2026-08-17T18:48:05Z,2026-08-17T18:48:05Z,
5.9.85.111,ipv4,malicious-ip,medium,WHITE,ziyadnz/hourly-ipv4,ziyadnz|hourly,2026-08-17T18:48:05Z,2026-08-17T18:48:05Z,
5.94.201.66,ipv4,malicious-ip,medium,WHITE,ziyadnz/hourly-ipv4,ziyadnz|hourly,2026-08-17T18:48:05Z,2026-08-17T18:48:05Z,
5.94.253.128,ipv4,malicious-ip,medium,WHITE,ziyadnz/hourly-ipv4,ziyadnz|hourly,2026-08-17T18:48:05Z,2026-08-17T18:48:05Z,
5.95.121.178,ipv4,malicious-ip,medium,WHITE,ziyadnz/hourly-ipv4,ziyadnz|hourly,2026-08-17T18:48:05Z,2026-08-17T18:48:05Z,
50.104.70.175,ipv4,malicious-ip,medium,WHITE,ziyadnz/hourly-ipv4,ziyadnz|hourly,2026-08-17T18:48:05Z,2026-08-17T18:48:05Z,
50.110.74.254,ipv4,malicious-ip,medium,WHITE,ziyadnz/hourly-ipv4,ziyadnz|hourly,2026-08-17T18:48:05Z,2026-08-17T18:48:05Z,
50.112.68.52,ipv4,malicious-ip,medium,WHITE,ziyadnz/hourly-ipv4,ziyadnz|hourly,2026-08-17T18:48:05Z,2026-08-17T18:48:05Z,
50.114.167.112,ipv4,malicious-ip,medium,WHITE,ziyadnz/hourly-ipv4,ziyadnz|hourly,2026-08-17T18:48:05Z,2026-08-17T18:48:05Z,
50.115.7.124,ipv4,malicious-ip,medium,WHITE,ziyadnz/hourly-ipv4,ziyadnz|hourly,2026-08-17T18:48:05Z,2026-08-17T18:48:05Z,
50.116.106.59,ipv4,malicious-ip,medium,WHITE,ziyadnz/hourly-ipv4,ziyadnz|hourly,2026-08-17T18:48:05Z,2026-08-17T18:48:05Z,
50.116.2.219,ipv4,malicious-ip,medium,WHITE,ziyadnz/hourly-ipv4,ziyadnz|hourly,2026-08-17T18:48:05Z,2026-08-17T18:48:05Z,
50.116.20.138,ipv4,malicious-ip,medium,WHITE,ziyadnz/hourly-ipv4,ziyadnz|hourly,2026-08-17T18:48:05Z,2026-08-17T18:48:05Z,
50.116.20.82,ipv4,malicious-ip,medium,WHITE,ziyadnz/hourly-ipv4,ziyadnz|hourly,2026-08-17T18:48:05Z,2026-08-17T18:48:05Z,
50.116.23.178,ipv4,malicious-ip,medium,WHITE,ziyadnz/hourly-ipv4,ziyadnz|hourly,2026-08-17T18:48:05Z,2026-08-17T18:48:05Z,
50.116.23.44,ipv4,malicious-ip,medium,WHITE,ziyadnz/hourly-ipv4,ziyadnz|hourly,2026-08-17T18:48:05Z,2026-08-17T18:48:05Z,
50.116.23.67,ipv4,malicious-ip,medium,WHITE,ziyadnz/hourly-ipv4,ziyadnz|hourly,2026-08-17T18:48:05Z,2026-08-17T18:48:05Z,
50.116.24.43,ipv4,malicious-ip,medium,WHITE,ziyadnz/hourly-ipv4,ziyadnz|hourly,2026-08-17T18:48:05Z,2026-08-17T18:48:05Z,
50.116.3.164,ipv4,malicious-ip,medium,WHITE,ziyadnz/hourly-ipv4,ziyadnz|hourly,2026-08-17T18:48:05Z,2026-08-17T18:48:05Z,
50.116.30.15,ipv4,malicious-ip,medium,WHITE,ziyadnz/hourly-ipv4,ziyadnz|hourly,2026-08-17T18:48:05Z,2026-08-17T18:48:05Z,
50.116.30.16,ipv4,malicious-ip,medium,WHITE,ziyadnz/hourly-ipv4,ziyadnz|hourly,2026-08-17T18:48:05Z,2026-08-17T18:48:05Z,
50.116.30.189,ipv4,malicious-ip,medium,WHITE,ziyadnz/hourly-ipv4,ziyadnz|hourly,2026-08-17T18:48:05Z,2026-08-17T18:48:05Z,
50.116.30.65,ipv4,malicious-ip,medium,WHITE,ziyadnz/hourly-ipv4,ziyadnz|hourly,2026-08-17T18:48:05Z,2026-08-17T18:48:05Z,
50.116.44.112,ipv4,malicious-ip,medium,WHITE,ziyadnz/hourly-ipv4,ziyadnz|hourly,2026-08-17T18:48:05Z,2026-08-17T18:48:05Z,
50.116.44.176,ipv4,malicious-ip,medium,WHITE,ziyadnz/hourly-ipv4,ziyadnz|hourly,2026-08-17T18:48:05Z,2026-08-17T18:48:05Z,
50.116.44.20,ipv4,malicious-ip,medium,WHITE,ziyadnz/hourly-ipv4,ziyadnz|hourly,2026-08-17T18:48:05Z,2026-08-17T18:48:05Z,
50.116.44.33,ipv4,malicious-ip,medium,WHITE,ziyadnz/hourly-ipv4,ziyadnz|hourly,2026-08-17T18:48:05Z,2026-08-17T18:48:05Z,
50.116.46.114,ipv4,malicious-ip,medium,WHITE,ziyadnz/hourly-ipv4,ziyadnz|hourly,2026-08-17T18:48:05Z,2026-08-17T18:48:05Z,
50.116.46.217,ipv4,malicious-ip,medium,WHITE,ziyadnz/hourly-ipv4,ziyadnz|hourly,2026-08-17T18:48:05Z,2026-08-17T18:48:05Z,
50.116.49.221,ipv4,malicious-ip,medium,WHITE,ziyadnz/hourly-ipv4,ziyadnz|hourly,2026-08-17T18:48:05Z,2026-08-17T18:48:05Z,
50.116.54.215,ipv4,malicious-ip,medium,WHITE,ziyadnz/hourly-ipv4,ziyadnz|hourly,2026-08-17T18:48:05Z,2026-08-17T18:48:05Z,
50.116.57.165,ipv4,malicious-ip,medium,WHITE,ziyadnz/hourly-ipv4,ziyadnz|hourly,2026-08-17T18:48:05Z,2026-08-17T18:48:05Z,
50.116.58.75,ipv4,malicious-ip,medium,WHITE,ziyadnz/hourly-ipv4,ziyadnz|hourly,2026-08-17T18:48:05Z,2026-08-17T18:48:05Z,
50.116.63.89,ipv4,malicious-ip,medium,WHITE,ziyadnz/hourly-ipv4,ziyadnz|hourly,2026-08-17T18:48:05Z,2026-08-17T18:48:05Z,
50.116.72.133,ipv4,malicious-ip,medium,WHITE,ziyadnz/hourly-ipv4,ziyadnz|hourly,2026-08-17T18:48:05Z,2026-08-17T18:48:05Z,
50.116.72.209,ipv4,malicious-ip,medium,WHITE,ziyadnz/hourly-ipv4,ziyadnz|hourly,2026-08-17T18:48:05Z,2026-08-17T18:48:05Z,
50.116.72.42,ipv4,malicious-ip,medium,WHITE,ziyadnz/hourly-ipv4,ziyadnz|hourly,2026-08-17T18:48:05Z,2026-08-17T18:48:05Z,
50.116.9.208,ipv4,malicious-ip,medium,WHITE,ziyadnz/hourly-ipv4,ziyadnz|hourly,2026-08-17T18:48:05Z,2026-08-17T18:48:05Z,
50.117.49.0,ipv4,malicious-ip,medium,WHITE,ziyadnz/hourly-ipv4,ziyadnz|hourly,2026-08-17T18:48:05Z,2026-08-17T18:48:05Z,
50.117.49.101,ipv4,malicious-ip,medium,WHITE,ziyadnz/hourly-ipv4,ziyadnz|hourly,2026-08-17T18:48:05Z,2026-08-17T18:48:05Z,
50.117.49.118,ipv4,malicious-ip,medium,WHITE,ziyadnz/hourly-ipv4,ziyadnz|hourly,2026-08-17T18:48:05Z,2026-08-17T18:48:05Z,
50.117.49.12,ipv4,malicious-ip,medium,WHITE,ziyadnz/hourly-ipv4,ziyadnz|hourly,2026-08-17T18:48:05Z,2026-08-17T18:48:05Z,
50.117.49.127,ipv4,malicious-ip,medium,WHITE,ziyadnz/hourly-ipv4,ziyadnz|hourly,2026-08-17T18:48:05Z,2026-08-17T18:48:05Z,
50.117.49.132,ipv4,malicious-ip,medium,WHITE,ziyadnz/hourly-ipv4,ziyadnz|hourly,2026-08-17T18:48:05Z,2026-08-17T18:48:05Z,
50.117.49.148,ipv4,malicious-ip,medium,WHITE,ziyadnz/hourly-ipv4,ziyadnz|hourly,2026-08-17T18:48:05Z,2026-08-17T18:48:05Z,
50.117.49.160,ipv4,malicious-ip,medium,WHITE,ziyadnz/hourly-ipv4,ziyadnz|hourly,2026-08-17T18:48:05Z,2026-08-17T18:48:05Z,
50.117.49.163,ipv4,malicious-ip,medium,WHITE,ziyadnz/hourly-ipv4,ziyadnz|hourly,2026-08-17T18:48:05Z,2026-08-17T18:48:05Z,
50.117.49.164,ipv4,malicious-ip,medium,WHITE,ziyadnz/hourly-ipv4,ziyadnz|hourly,2026-08-17T18:48:05Z,2026-08-17T18:48:05Z,
50.117.49.17,ipv4,malicious-ip,medium,WHITE,ziyadnz/hourly-ipv4,ziyadnz|hourly,2026-08-17T18:48:05Z,2026-08-17T18:48:05Z,
50.117.49.182,ipv4,malicious-ip,medium,WHITE,ziyadnz/hourly-ipv4,ziyadnz|hourly,2026-08-17T18:48:05Z,2026-08-17T18:48:05Z,
50.117.49.183,ipv4,malicious-ip,medium,WHITE,ziyadnz/hourly-ipv4,ziyadnz|hourly,2026-08-17T18:48:05Z,2026-08-17T18:48:05Z,
50.117.49.190,ipv4,malicious-ip,medium,WHITE,ziyadnz/hourly-ipv4,ziyadnz|hourly,2026-08-17T18:48:05Z,2026-08-17T18:48:05Z,
50.117.49.198,ipv4,malicious-ip,medium,WHITE,ziyadnz/hourly-ipv4,ziyadnz|hourly,2026-08-17T18:48:05Z,2026-08-17T18:48:05Z,
50.117.49.209,ipv4,malicious-ip,medium,WHITE,ziyadnz/hourly-ipv4,ziyadnz|hourly,2026-08-17T18:48:05Z,2026-08-17T18:48:05Z,
50.117.49.217,ipv4,malicious-ip,medium,WHITE,ziyadnz/hourly-ipv4,ziyadnz|hourly,2026-08-17T18:48:05Z,2026-08-17T18:48:05Z,
50.117.49.233,ipv4,malicious-ip,medium,WHITE,ziyadnz/hourly-ipv4,ziyadnz|hourly,2026-08-17T18:48:05Z,2026-08-17T18:48:05Z,
50.117.49.234,ipv4,malicious-ip,medium,WHITE,ziyadnz/hourly-ipv4,ziyadnz|hourly,2026-08-17T18:48:05Z,2026-08-17T18:48:05Z,
50.117.49.236,ipv4,malicious-ip,medium,WHITE,ziyadnz/hourly-ipv4,ziyadnz|hourly,2026-08-17T18:48:05Z,2026-08-17T18:48:05Z,
50.117.49.244,ipv4,malicious-ip,medium,WHITE,ziyadnz/hourly-ipv4,ziyadnz|hourly,2026-08-17T18:48:05Z,2026-08-17T18:48:05Z,
50.117.49.27,ipv4,malicious-ip,medium,WHITE,ziyadnz/hourly-ipv4,ziyadnz|hourly,2026-08-17T18:48:05Z,2026-08-17T18:48:05Z,
50.117.49.47,ipv4,malicious-ip,medium,WHITE,ziyadnz/hourly-ipv4,ziyadnz|hourly,2026-08-17T18:48:05Z,2026-08-17T18:48:05Z,
50.117.49.52,ipv4,malicious-ip,medium,WHITE,ziyadnz/hourly-ipv4,ziyadnz|hourly,2026-08-17T18:48:05Z,2026-08-17T18:48:05Z,
50.117.49.70,ipv4,malicious-ip,medium,WHITE,ziyadnz/hourly-ipv4,ziyadnz|hourly,2026-08-17T18:48:05Z,2026-08-17T18:48:05Z,
50.118.198.26,ipv4,malicious-ip,medium,WHITE,ziyadnz/hourly-ipv4,ziyadnz|hourly,2026-08-17T18:48:05Z,2026-08-17T18:48:05Z,
50.121.109.173,ipv4,malicious-ip,medium,WHITE,ziyadnz/hourly-ipv4,ziyadnz|hourly,2026-08-17T18:48:05Z,2026-08-17T18:48:05Z,
50.123.78.40,ipv4,malicious-ip,medium,WHITE,ziyadnz/hourly-ipv4,ziyadnz|hourly,2026-08-17T18:48:05Z,2026-08-17T18:48:05Z,
50.151.191.229,ipv4,malicious-ip,medium,WHITE,ziyadnz/hourly-ipv4,ziyadnz|hourly,2026-08-17T18:48:05Z,2026-08-17T18:48:05Z,
50.16.16.211,ipv4,malicious-ip,medium,WHITE,ziyadnz/hourly-ipv4,ziyadnz|hourly,2026-08-17T18:48:05Z,2026-08-17T18:48:05Z,
50.16.216.166,ipv4,malicious-ip,medium,WHITE,ziyadnz/hourly-ipv4,ziyadnz|hourly,2026-08-17T18:48:05Z,2026-08-17T18:48:05Z,
50.16.248.61,ipv4,malicious-ip,medium,WHITE,ziyadnz/hourly-ipv4,ziyadnz|hourly,2026-08-17T18:48:05Z,2026-08-17T18:48:05Z,
50.16.30.200,ipv4,malicious-ip,medium,WHITE,ziyadnz/hourly-ipv4,ziyadnz|hourly,2026-08-17T18:48:05Z,2026-08-17T18:48:05Z,
50.16.43.171,ipv4,malicious-ip,medium,WHITE,ziyadnz/hourly-ipv4,ziyadnz|hourly,2026-08-17T18:48:05Z,2026-08-17T18:48:05Z,
50.17.101.161,ipv4,malicious-ip,medium,WHITE,ziyadnz/hourly-ipv4,ziyadnz|hourly,2026-08-17T18:48:05Z,2026-08-17T18:48:05Z,
50.17.101.4,ipv4,malicious-ip,medium,WHITE,ziyadnz/hourly-ipv4,ziyadnz|hourly,2026-08-17T18:48:05Z,2026-08-17T18:48:05Z,
50.17.50.78,ipv4,malicious-ip,medium,WHITE,ziyadnz/hourly-ipv4,ziyadnz|hourly,2026-08-17T18:48:05Z,2026-08-17T18:48:05Z,
50.187.96.100,ipv4,malicious-ip,medium,WHITE,ziyadnz/hourly-ipv4,ziyadnz|hourly,2026-08-17T18:48:05Z,2026-08-17T18:48:05Z,
50.19.171.136,ipv4,malicious-ip,medium,WHITE,ziyadnz/hourly-ipv4,ziyadnz|hourly,2026-08-17T18:48:05Z,2026-08-17T18:48:05Z,
50.19.221.48,ipv4,malicious-ip,medium,WHITE,ziyadnz/hourly-ipv4,ziyadnz|hourly,2026-08-17T18:48:05Z,2026-08-17T18:48:05Z,
50.19.79.213,ipv4,malicious-ip,medium,WHITE,ziyadnz/hourly-ipv4,ziyadnz|hourly,2026-08-17T18:48:05Z,2026-08-17T18:48:05Z,
50.194.57.209,ipv4,malicious-ip,medium,WHITE,ziyadnz/hourly-ipv4,ziyadnz|hourly,2026-08-17T18:48:05Z,2026-08-17T18:48:05Z,
50.199.59.142,ipv4,malicious-ip,medium,WHITE,ziyadnz/hourly-ipv4,ziyadnz|hourly,2026-08-17T18:48:05Z,2026-08-17T18:48:05Z,
50.2.184.242,ipv4,malicious-ip,medium,WHITE,ziyadnz/hourly-ipv4,ziyadnz|hourly,2026-08-17T18:48:05Z,2026-08-17T18:48:05Z,
50.201.116.51,ipv4,malicious-ip,medium,WHITE,ziyadnz/hourly-ipv4,ziyadnz|hourly,2026-08-17T18:48:05Z,2026-08-17T18:48:05Z,
50.212.27.150,ipv4,malicious-ip,medium,WHITE,ziyadnz/hourly-ipv4,ziyadnz|hourly,2026-08-17T18:48:05Z,2026-08-17T18:48:05Z,
50.213.208.89,ipv4,malicious-ip,medium,WHITE,ziyadnz/hourly-ipv4,ziyadnz|hourly,2026-08-17T18:48:05Z,2026-08-17T18:48:05Z,
50.217.49.93,ipv4,malicious-ip,medium,WHITE,ziyadnz/hourly-ipv4,ziyadnz|hourly,2026-08-17T18:48:05Z,2026-08-17T18:48:05Z,
50.220.227.188,ipv4,malicious-ip,medium,WHITE,ziyadnz/hourly-ipv4,ziyadnz|hourly,2026-08-17T18:48:05Z,2026-08-17T18:48:05Z,
50.24.152.18,ipv4,malicious-ip,medium,WHITE,ziyadnz/hourly-ipv4,ziyadnz|hourly,2026-08-17T18:48:05Z,2026-08-17T18:48:05Z,
50.24.252.155,ipv4,malicious-ip,medium,WHITE,ziyadnz/hourly-ipv4,ziyadnz|hourly,2026-08-17T18:48:05Z,2026-08-17T18:48:05Z,
50.241.134.14,ipv4,malicious-ip,medium,WHITE,ziyadnz/hourly-ipv4,ziyadnz|hourly,2026-08-17T18:48:05Z,2026-08-17T18:48:05Z,
50.243.177.161,ipv4,malicious-ip,medium,WHITE,ziyadnz/hourly-ipv4,ziyadnz|hourly,2026-08-17T18:48:05Z,2026-08-17T18:48:05Z,
50.25.226.192,ipv4,malicious-ip,medium,WHITE,ziyadnz/hourly-ipv4,ziyadnz|hourly,2026-08-17T18:48:05Z,2026-08-17T18:48:05Z,
50.28.37.221,ipv4,malicious-ip,medium,WHITE,ziyadnz/hourly-ipv4,ziyadnz|hourly,2026-08-17T18:48:05Z,2026-08-17T18:48:05Z,
50.28.86.69,ipv4,malicious-ip,medium,WHITE,ziyadnz/hourly-ipv4,ziyadnz|hourly,2026-08-17T18:48:05Z,2026-08-17T18:48:05Z,
50.3.85.22,ipv4,malicious-ip,medium,WHITE,ziyadnz/hourly-ipv4,ziyadnz|hourly,2026-08-17T18:48:05Z,2026-08-17T18:48:05Z,
50.3.85.38,ipv4,malicious-ip,medium,WHITE,ziyadnz/hourly-ipv4,ziyadnz|hourly,2026-08-17T18:48:05Z,2026-08-17T18:48:05Z,
50.3.85.66,ipv4,malicious-ip,medium,WHITE,ziyadnz/hourly-ipv4,ziyadnz|hourly,2026-08-17T18:48:05Z,2026-08-17T18:48:05Z,
50.30.40.196,ipv4,malicious-ip,medium,WHITE,ziyadnz/hourly-ipv4,ziyadnz|hourly,2026-08-17T18:48:05Z,2026-08-17T18:48:05Z,
50.32.84.30,ipv4,malicious-ip,medium,WHITE,ziyadnz/hourly-ipv4,ziyadnz|hourly,2026-08-17T18:48:05Z,2026-08-17T18:48:05Z,
50.35.168.148,ipv4,malicious-ip,medium,WHITE,ziyadnz/hourly-ipv4,ziyadnz|hourly,2026-08-17T18:48:05Z,2026-08-17T18:48:05Z,
50.35.63.102,ipv4,malicious-ip,medium,WHITE,ziyadnz/hourly-ipv4,ziyadnz|hourly,2026-08-17T18:48:05Z,2026-08-17T18:48:05Z,
50.47.199.92,ipv4,malicious-ip,medium,WHITE,ziyadnz/hourly-ipv4,ziyadnz|hourly,2026-08-17T18:48:05Z,2026-08-17T18:48:05Z,
50.5.205.174,ipv4,malicious-ip,medium,WHITE,ziyadnz/hourly-ipv4,ziyadnz|hourly,2026-08-17T18:48:05Z,2026-08-17T18:48:05Z,
50.5.229.129,ipv4,malicious-ip,medium,WHITE,ziyadnz/hourly-ipv4,ziyadnz|hourly,2026-08-17T18:48:05Z,2026-08-17T18:48:05Z,
50.58.110.189,ipv4,malicious-ip,medium,WHITE,ziyadnz/hourly-ipv4,ziyadnz|hourly,2026-08-17T18:48:05Z,2026-08-17T18:48:05Z,
50.6.110.237,ipv4,malicious-ip,medium,WHITE,ziyadnz/hourly-ipv4,ziyadnz|hourly,2026-08-17T18:48:05Z,2026-08-17T18:48:05Z,
50.6.137.53,ipv4,malicious-ip,medium,WHITE,ziyadnz/hourly-ipv4,ziyadnz|hourly,2026-08-17T18:48:05Z,2026-08-17T18:48:05Z,
50.6.154.15,ipv4,malicious-ip,medium,WHITE,ziyadnz/hourly-ipv4,ziyadnz|hourly,2026-08-17T18:48:05Z,2026-08-17T18:48:05Z,
50.6.197.105,ipv4,malicious-ip,medium,WHITE,ziyadnz/hourly-ipv4,ziyadnz|hourly,2026-08-17T18:48:05Z,2026-08-17T18:48:05Z,
50.6.224.135,ipv4,malicious-ip,medium,WHITE,ziyadnz/hourly-ipv4,ziyadnz|hourly,2026-08-17T18:48:05Z,2026-08-17T18:48:05Z,
50.6.227.30,ipv4,malicious-ip,medium,WHITE,ziyadnz/hourly-ipv4,ziyadnz|hourly,2026-08-17T18:48:05Z,2026-08-17T18:48:05Z,
50.6.228.32,ipv4,malicious-ip,medium,WHITE,ziyadnz/hourly-ipv4,ziyadnz|hourly,2026-08-17T18:48:05Z,2026-08-17T18:48:05Z,
50.6.231.130,ipv4,malicious-ip,medium,WHITE,ziyadnz/hourly-ipv4,ziyadnz|hourly,2026-08-17T18:48:05Z,2026-08-17T18:48:05Z,
50.6.231.19,ipv4,malicious-ip,medium,WHITE,ziyadnz/hourly-ipv4,ziyadnz|hourly,2026-08-17T18:48:05Z,2026-08-17T18:48:05Z,
50.6.248.168,ipv4,malicious-ip,medium,WHITE,ziyadnz/hourly-ipv4,ziyadnz|hourly,2026-08-17T18:48:05Z,2026-08-17T18:48:05Z,
50.6.250.45,ipv4,malicious-ip,medium,WHITE,ziyadnz/hourly-ipv4,ziyadnz|hourly,2026-08-17T18:48:05Z,2026-08-17T18:48:05Z,
50.6.7.235,ipv4,malicious-ip,medium,WHITE,ziyadnz/hourly-ipv4,ziyadnz|hourly,2026-08-17T18:48:05Z,2026-08-17T18:48:05Z,
50.6.8.155,ipv4,malicious-ip,medium,WHITE,ziyadnz/hourly-ipv4,ziyadnz|hourly,2026-08-17T18:48:05Z,2026-08-17T18:48:05Z,
50.61.12.30,ipv4,malicious-ip,medium,WHITE,ziyadnz/hourly-ipv4,ziyadnz|hourly,2026-08-17T18:48:05Z,2026-08-17T18:48:05Z,
50.61.46.182,ipv4,malicious-ip,medium,WHITE,ziyadnz/hourly-ipv4,ziyadnz|hourly,2026-08-17T18:48:05Z,2026-08-17T18:48:05Z,
50.62.135.24,ipv4,malicious-ip,medium,WHITE,ziyadnz/hourly-ipv4,ziyadnz|hourly,2026-08-17T18:48:05Z,2026-08-17T18:48:05Z,
50.62.181.140,ipv4,malicious-ip,medium,WHITE,ziyadnz/hourly-ipv4,ziyadnz|hourly,2026-08-17T18:48:05Z,2026-08-17T18:48:05Z,
50.62.181.92,ipv4,malicious-ip,medium,WHITE,ziyadnz/hourly-ipv4,ziyadnz|hourly,2026-08-17T18:48:05Z,2026-08-17T18:48:05Z,
50.62.22.47,ipv4,malicious-ip,medium,WHITE,ziyadnz/hourly-ipv4,ziyadnz|hourly,2026-08-17T18:48:05Z,2026-08-17T18:48:05Z,
50.63.14.39,ipv4,malicious-ip,medium,WHITE,ziyadnz/hourly-ipv4,ziyadnz|hourly,2026-08-17T18:48:05Z,2026-08-17T18:48:05Z,
50.64.1.250,ipv4,malicious-ip,medium,WHITE,ziyadnz/hourly-ipv4,ziyadnz|hourly,2026-08-17T18:48:05Z,2026-08-17T18:48:05Z,
50.65.124.54,ipv4,malicious-ip,medium,WHITE,ziyadnz/hourly-ipv4,ziyadnz|hourly,2026-08-17T18:48:05Z,2026-08-17T18:48:05Z,
50.65.136.195,ipv4,malicious-ip,medium,WHITE,ziyadnz/hourly-ipv4,ziyadnz|hourly,2026-08-17T18:48:05Z,2026-08-17T18:48:05Z,
50.7.118.114,ipv4,malicious-ip,medium,WHITE,ziyadnz/hourly-ipv4,ziyadnz|hourly,2026-08-17T18:48:05Z,2026-08-17T18:48:05Z,
50.7.233.211,ipv4,malicious-ip,medium,WHITE,ziyadnz/hourly-ipv4,ziyadnz|hourly,2026-08-17T18:48:05Z,2026-08-17T18:48:05Z,
50.72.210.174,ipv4,malicious-ip,medium,WHITE,ziyadnz/hourly-ipv4,ziyadnz|hourly,2026-08-17T18:48:05Z,2026-08-17T18:48:05Z,
50.79.90.237,ipv4,malicious-ip,medium,WHITE,ziyadnz/hourly-ipv4,ziyadnz|hourly,2026-08-17T18:48:05Z,2026-08-17T18:48:05Z,
50.80.13.156,ipv4,malicious-ip,medium,WHITE,ziyadnz/hourly-ipv4,ziyadnz|hourly,2026-08-17T18:48:05Z,2026-08-17T18:48:05Z,
50.80.48.207,ipv4,malicious-ip,medium,WHITE,ziyadnz/hourly-ipv4,ziyadnz|hourly,2026-08-17T18:48:05Z,2026-08-17T18:48:05Z,
50.84.55.2,ipv4,malicious-ip,medium,WHITE,ziyadnz/hourly-ipv4,ziyadnz|hourly,2026-08-17T18:48:05Z,2026-08-17T18:48:05Z,
50.87.168.205,ipv4,malicious-ip,medium,WHITE,ziyadnz/hourly-ipv4,ziyadnz|hourly,2026-08-17T18:48:05Z,2026-08-17T18:48:05Z,
50.87.171.154,ipv4,malicious-ip,medium,WHITE,ziyadnz/hourly-ipv4,ziyadnz|hourly,2026-08-17T18:48:05Z,2026-08-17T18:48:05Z,
50.87.182.201,ipv4,malicious-ip,medium,WHITE,ziyadnz/hourly-ipv4,ziyadnz|hourly,2026-08-17T18:48:05Z,2026-08-17T18:48:05Z,
50.88.100.31,ipv4,malicious-ip,medium,WHITE,ziyadnz/hourly-ipv4,ziyadnz|hourly,2026-08-17T18:48:05Z,2026-08-17T18:48:05Z,
50.89.113.122,ipv4,malicious-ip,medium,WHITE,ziyadnz/hourly-ipv4,ziyadnz|hourly,2026-08-17T18:48:05Z,2026-08-17T18:48:05Z,
50.91.165.194,ipv4,malicious-ip,medium,WHITE,ziyadnz/hourly-ipv4,ziyadnz|hourly,2026-08-17T18:48:05Z,2026-08-17T18:48:05Z,
50.99.170.152,ipv4,malicious-ip,medium,WHITE,ziyadnz/hourly-ipv4,ziyadnz|hourly,2026-08-17T18:48:05Z,2026-08-17T18:48:05Z,
51.103.137.68,ipv4,malicious-ip,medium,WHITE,ziyadnz/hourly-ipv4,ziyadnz|hourly,2026-08-17T18:48:05Z,2026-08-17T18:48:05Z,
51.107.184.196,ipv4,malicious-ip,medium,WHITE,ziyadnz/hourly-ipv4,ziyadnz|hourly,2026-08-17T18:48:05Z,2026-08-17T18:48:05Z,
51.120.79.29,ipv4,malicious-ip,medium,WHITE,ziyadnz/hourly-ipv4,ziyadnz|hourly,2026-08-17T18:48:05Z,2026-08-17T18:48:05Z,
51.136.77.224,ipv4,malicious-ip,medium,WHITE,ziyadnz/hourly-ipv4,ziyadnz|hourly,2026-08-17T18:48:05Z,2026-08-17T18:48:05Z,
51.143.162.98,ipv4,malicious-ip,medium,WHITE,ziyadnz/hourly-ipv4,ziyadnz|hourly,2026-08-17T18:48:05Z,2026-08-17T18:48:05Z,
51.143.4.80,ipv4,malicious-ip,medium,WHITE,ziyadnz/hourly-ipv4,ziyadnz|hourly,2026-08-17T18:48:05Z,2026-08-17T18:48:05Z,
51.146.240.183,ipv4,malicious-ip,medium,WHITE,ziyadnz/hourly-ipv4,ziyadnz|hourly,2026-08-17T18:48:05Z,2026-08-17T18:48:05Z,
51.15.115.141,ipv4,malicious-ip,medium,WHITE,ziyadnz/hourly-ipv4,ziyadnz|hourly,2026-08-17T18:48:05Z,2026-08-17T18:48:05Z,
51.15.120.127,ipv4,malicious-ip,medium,WHITE,ziyadnz/hourly-ipv4,ziyadnz|hourly,2026-08-17T18:48:05Z,2026-08-17T18:48:05Z,
51.15.122.161,ipv4,malicious-ip,medium,WHITE,ziyadnz/hourly-ipv4,ziyadnz|hourly,2026-08-17T18:48:05Z,2026-08-17T18:48:05Z,
51.15.130.74,ipv4,malicious-ip,medium,WHITE,ziyadnz/hourly-ipv4,ziyadnz|hourly,2026-08-17T18:48:05Z,2026-08-17T18:48:05Z,
51.15.15.81,ipv4,malicious-ip,medium,WHITE,ziyadnz/hourly-ipv4,ziyadnz|hourly,2026-08-17T18:48:05Z,2026-08-17T18:48:05Z,
51.15.16.14,ipv4,malicious-ip,medium,WHITE,ziyadnz/hourly-ipv4,ziyadnz|hourly,2026-08-17T18:48:05Z,2026-08-17T18:48:05Z,
51.15.17.89,ipv4,malicious-ip,medium,WHITE,ziyadnz/hourly-ipv4,ziyadnz|hourly,2026-08-17T18:48:05Z,2026-08-17T18:48:05Z,
51.15.170.192,ipv4,malicious-ip,medium,WHITE,ziyadnz/hourly-ipv4,ziyadnz|hourly,2026-08-17T18:48:05Z,2026-08-17T18:48:05Z,
51.15.18.73,ipv4,malicious-ip,medium,WHITE,ziyadnz/hourly-ipv4,ziyadnz|hourly,2026-08-17T18:48:05Z,2026-08-17T18:48:05Z,
51.15.19.10,ipv4,malicious-ip,medium,WHITE,ziyadnz/hourly-ipv4,ziyadnz|hourly,2026-08-17T18:48:05Z,2026-08-17T18:48:05Z,
51.15.193.80,ipv4,malicious-ip,medium,WHITE,ziyadnz/hourly-ipv4,ziyadnz|hourly,2026-08-17T18:48:05Z,2026-08-17T18:48:05Z,
51.15.203.111,ipv4,malicious-ip,medium,WHITE,ziyadnz/hourly-ipv4,ziyadnz|hourly,2026-08-17T18:48:05Z,2026-08-17T18:48:05Z,
51.15.222.82,ipv4,malicious-ip,medium,WHITE,ziyadnz/hourly-ipv4,ziyadnz|hourly,2026-08-17T18:48:05Z,2026-08-17T18:48:05Z,
51.15.228.12,ipv4,malicious-ip,medium,WHITE,ziyadnz/hourly-ipv4,ziyadnz|hourly,2026-08-17T18:48:05Z,2026-08-17T18:48:05Z,
51.15.238.160,ipv4,malicious-ip,medium,WHITE,ziyadnz/hourly-ipv4,ziyadnz|hourly,2026-08-17T18:48:05Z,2026-08-17T18:48:05Z,
51.15.239.123,ipv4,malicious-ip,medium,WHITE,ziyadnz/hourly-ipv4,ziyadnz|hourly,2026-08-17T18:48:05Z,2026-08-17T18:48:05Z,
51.15.44.6,ipv4,malicious-ip,medium,WHITE,ziyadnz/hourly-ipv4,ziyadnz|hourly,2026-08-17T18:48:05Z,2026-08-17T18:48:05Z,
51.15.52.168,ipv4,malicious-ip,medium,WHITE,ziyadnz/hourly-ipv4,ziyadnz|hourly,2026-08-17T18:48:05Z,2026-08-17T18:48:05Z,
51.15.56.200,ipv4,malicious-ip,medium,WHITE,ziyadnz/hourly-ipv4,ziyadnz|hourly,2026-08-17T18:48:05Z,2026-08-17T18:48:05Z,
51.15.71.150,ipv4,malicious-ip,medium,WHITE,ziyadnz/hourly-ipv4,ziyadnz|hourly,2026-08-17T18:48:05Z,2026-08-17T18:48:05Z,
51.15.76.189,ipv4,malicious-ip,medium,WHITE,ziyadnz/hourly-ipv4,ziyadnz|hourly,2026-08-17T18:48:05Z,2026-08-17T18:48:05Z,
51.15.80.14,ipv4,malicious-ip,medium,WHITE,ziyadnz/hourly-ipv4,ziyadnz|hourly,2026-08-17T18:48:05Z,2026-08-17T18:48:05Z,
51.15.80.26,ipv4,malicious-ip,medium,WHITE,ziyadnz/hourly-ipv4,ziyadnz|hourly,2026-08-17T18:48:05Z,2026-08-17T18:48:05Z,
51.15.85.83,ipv4,malicious-ip,medium,WHITE,ziyadnz/hourly-ipv4,ziyadnz|hourly,2026-08-17T18:48:05Z,2026-08-17T18:48:05Z,
51.15.98.45,ipv4,malicious-ip,medium,WHITE,ziyadnz/hourly-ipv4,ziyadnz|hourly,2026-08-17T18:48:05Z,2026-08-17T18:48:05Z,
51.154.20.26,ipv4,malicious-ip,medium,WHITE,ziyadnz/hourly-ipv4,ziyadnz|hourly,2026-08-17T18:48:05Z,2026-08-17T18:48:05Z,
51.158.119.71,ipv4,malicious-ip,medium,WHITE,ziyadnz/hourly-ipv4,ziyadnz|hourly,2026-08-17T18:48:05Z,2026-08-17T18:48:05Z,
51.158.144.179,ipv4,malicious-ip,medium,WHITE,ziyadnz/hourly-ipv4,ziyadnz|hourly,2026-08-17T18:48:05Z,2026-08-17T18:48:05Z,
51.158.151.177,ipv4,malicious-ip,medium,WHITE,ziyadnz/hourly-ipv4,ziyadnz|hourly,2026-08-17T18:48:05Z,2026-08-17T18:48:05Z,
51.158.152.22,ipv4,malicious-ip,medium,WHITE,ziyadnz/hourly-ipv4,ziyadnz|hourly,2026-08-17T18:48:05Z,2026-08-17T18:48:05Z,
51.158.160.128,ipv4,malicious-ip,medium,WHITE,ziyadnz/hourly-ipv4,ziyadnz|hourly,2026-08-17T18:48:05Z,2026-08-17T18:48:05Z,
51.158.172.212,ipv4,malicious-ip,medium,WHITE,ziyadnz/hourly-ipv4,ziyadnz|hourly,2026-08-17T18:48:05Z,2026-08-17T18:48:05Z,
51.158.173.123,ipv4,malicious-ip,medium,WHITE,ziyadnz/hourly-ipv4,ziyadnz|hourly,2026-08-17T18:48:05Z,2026-08-17T18:48:05Z,
51.158.173.124,ipv4,malicious-ip,medium,WHITE,ziyadnz/hourly-ipv4,ziyadnz|hourly,2026-08-17T18:48:05Z,2026-08-17T18:48:05Z,
51.158.173.147,ipv4,malicious-ip,medium,WHITE,ziyadnz/hourly-ipv4,ziyadnz|hourly,2026-08-17T18:48:05Z,2026-08-17T18:48:05Z,
51.158.177.209,ipv4,malicious-ip,medium,WHITE,ziyadnz/hourly-ipv4,ziyadnz|hourly,2026-08-17T18:48:05Z,2026-08-17T18:48:05Z,
51.158.185.213,ipv4,malicious-ip,medium,WHITE,ziyadnz/hourly-ipv4,ziyadnz|hourly,2026-08-17T18:48:05Z,2026-08-17T18:48:05Z,
51.158.190.216,ipv4,malicious-ip,medium,WHITE,ziyadnz/hourly-ipv4,ziyadnz|hourly,2026-08-17T18:48:05Z,2026-08-17T18:48:05Z,
51.158.205.47,ipv4,malicious-ip,medium,WHITE,ziyadnz/hourly-ipv4,ziyadnz|hourly,2026-08-17T18:48:05Z,2026-08-17T18:48:05Z,
51.158.67.126,ipv4,malicious-ip,medium,WHITE,ziyadnz/hourly-ipv4,ziyadnz|hourly,2026-08-17T18:48:05Z,2026-08-17T18:48:05Z,
51.159.1.19,ipv4,malicious-ip,medium,WHITE,ziyadnz/hourly-ipv4,ziyadnz|hourly,2026-08-17T18:48:05Z,2026-08-17T18:48:05Z,
51.159.104.219,ipv4,malicious-ip,medium,WHITE,ziyadnz/hourly-ipv4,ziyadnz|hourly,2026-08-17T18:48:05Z,2026-08-17T18:48:05Z,
51.159.110.167,ipv4,malicious-ip,medium,WHITE,ziyadnz/hourly-ipv4,ziyadnz|hourly,2026-08-17T18:48:05Z,2026-08-17T18:48:05Z,
51.159.111.44,ipv4,malicious-ip,medium,WHITE,ziyadnz/hourly-ipv4,ziyadnz|hourly,2026-08-17T18:48:05Z,2026-08-17T18:48:05Z,
51.159.125.104,ipv4,malicious-ip,medium,WHITE,ziyadnz/hourly-ipv4,ziyadnz|hourly,2026-08-17T18:48:05Z,2026-08-17T18:48:05Z,
51.159.125.199,ipv4,malicious-ip,medium,WHITE,ziyadnz/hourly-ipv4,ziyadnz|hourly,2026-08-17T18:48:05Z,2026-08-17T18:48:05Z,
51.159.125.200,ipv4,malicious-ip,medium,WHITE,ziyadnz/hourly-ipv4,ziyadnz|hourly,2026-08-17T18:48:05Z,2026-08-17T18:48:05Z,
51.159.125.208,ipv4,malicious-ip,medium,WHITE,ziyadnz/hourly-ipv4,ziyadnz|hourly,2026-08-17T18:48:05Z,2026-08-17T18:48:05Z,
51.159.130.163,ipv4,malicious-ip,medium,WHITE,ziyadnz/hourly-ipv4,ziyadnz|hourly,2026-08-17T18:48:05Z,2026-08-17T18:48:05Z,
51.159.14.93,ipv4,malicious-ip,medium,WHITE,ziyadnz/hourly-ipv4,ziyadnz|hourly,2026-08-17T18:48:05Z,2026-08-17T18:48:05Z,
51.159.149.103,ipv4,malicious-ip,medium,WHITE,ziyadnz/hourly-ipv4,ziyadnz|hourly,2026-08-17T18:48:05Z,2026-08-17T18:48:05Z,
51.159.162.49,ipv4,malicious-ip,medium,WHITE,ziyadnz/hourly-ipv4,ziyadnz|hourly,2026-08-17T18:48:05Z,2026-08-17T18:48:05Z,
51.159.198.233,ipv4,malicious-ip,medium,WHITE,ziyadnz/hourly-ipv4,ziyadnz|hourly,2026-08-17T18:48:05Z,2026-08-17T18:48:05Z,
51.159.202.57,ipv4,malicious-ip,medium,WHITE,ziyadnz/hourly-ipv4,ziyadnz|hourly,2026-08-17T18:48:05Z,2026-08-17T18:48:05Z,
51.159.29.250,ipv4,malicious-ip,medium,WHITE,ziyadnz/hourly-ipv4,ziyadnz|hourly,2026-08-17T18:48:05Z,2026-08-17T18:48:05Z,
51.159.52.182,ipv4,malicious-ip,medium,WHITE,ziyadnz/hourly-ipv4,ziyadnz|hourly,2026-08-17T18:48:05Z,2026-08-17T18:48:05Z,
51.159.66.125,ipv4,malicious-ip,medium,WHITE,ziyadnz/hourly-ipv4,ziyadnz|hourly,2026-08-17T18:48:05Z,2026-08-17T18:48:05Z,
51.159.67.78,ipv4,malicious-ip,medium,WHITE,ziyadnz/hourly-ipv4,ziyadnz|hourly,2026-08-17T18:48:05Z,2026-08-17T18:48:05Z,
51.16.51.81,ipv4,malicious-ip,medium,WHITE,ziyadnz/hourly-ipv4,ziyadnz|hourly,2026-08-17T18:48:05Z,2026-08-17T18:48:05Z,
51.161.104.149,ipv4,malicious-ip,medium,WHITE,ziyadnz/hourly-ipv4,ziyadnz|hourly,2026-08-17T18:48:05Z,2026-08-17T18:48:05Z,
51.161.13.52,ipv4,malicious-ip,medium,WHITE,ziyadnz/hourly-ipv4,ziyadnz|hourly,2026-08-17T18:48:05Z,2026-08-17T18:48:05Z,
51.161.153.48,ipv4,malicious-ip,medium,WHITE,ziyadnz/hourly-ipv4,ziyadnz|hourly,2026-08-17T18:48:05Z,2026-08-17T18:48:05Z,
51.161.202.232,ipv4,malicious-ip,medium,WHITE,ziyadnz/hourly-ipv4,ziyadnz|hourly,2026-08-17T18:48:05Z,2026-08-17T18:48:05Z,
51.161.202.234,ipv4,malicious-ip,medium,WHITE,ziyadnz/hourly-ipv4,ziyadnz|hourly,2026-08-17T18:48:05Z,2026-08-17T18:48:05Z,
51.161.27.115,ipv4,malicious-ip,medium,WHITE,ziyadnz/hourly-ipv4,ziyadnz|hourly,2026-08-17T18:48:05Z,2026-08-17T18:48:05Z,
51.161.33.215,ipv4,malicious-ip,medium,WHITE,ziyadnz/hourly-ipv4,ziyadnz|hourly,2026-08-17T18:48:05Z,2026-08-17T18:48:05Z,
51.161.37.10,ipv4,malicious-ip,medium,WHITE,ziyadnz/hourly-ipv4,ziyadnz|hourly,2026-08-17T18:48:05Z,2026-08-17T18:48:05Z,
51.161.37.106,ipv4,malicious-ip,medium,WHITE,ziyadnz/hourly-ipv4,ziyadnz|hourly,2026-08-17T18:48:05Z,2026-08-17T18:48:05Z,
51.161.37.112,ipv4,malicious-ip,medium,WHITE,ziyadnz/hourly-ipv4,ziyadnz|hourly,2026-08-17T18:48:05Z,2026-08-17T18:48:05Z,
51.161.37.113,ipv4,malicious-ip,medium,WHITE,ziyadnz/hourly-ipv4,ziyadnz|hourly,2026-08-17T18:48:05Z,2026-08-17T18:48:05Z,
51.161.37.12,ipv4,malicious-ip,medium,WHITE,ziyadnz/hourly-ipv4,ziyadnz|hourly,2026-08-17T18:48:05Z,2026-08-17T18:48:05Z,
51.161.37.120,ipv4,malicious-ip,medium,WHITE,ziyadnz/hourly-ipv4,ziyadnz|hourly,2026-08-17T18:48:05Z,2026-08-17T18:48:05Z,
51.161.37.137,ipv4,malicious-ip,medium,WHITE,ziyadnz/hourly-ipv4,ziyadnz|hourly,2026-08-17T18:48:05Z,2026-08-17T18:48:05Z,
51.161.37.140,ipv4,malicious-ip,medium,WHITE,ziyadnz/hourly-ipv4,ziyadnz|hourly,2026-08-17T18:48:05Z,2026-08-17T18:48:05Z,
51.161.37.144,ipv4,malicious-ip,medium,WHITE,ziyadnz/hourly-ipv4,ziyadnz|hourly,2026-08-17T18:48:05Z,2026-08-17T18:48:05Z,
51.161.37.145,ipv4,malicious-ip,medium,WHITE,ziyadnz/hourly-ipv4,ziyadnz|hourly,2026-08-17T18:48:05Z,2026-08-17T18:48:05Z,
51.161.37.149,ipv4,malicious-ip,medium,WHITE,ziyadnz/hourly-ipv4,ziyadnz|hourly,2026-08-17T18:48:05Z,2026-08-17T18:48:05Z,
51.161.37.150,ipv4,malicious-ip,medium,WHITE,ziyadnz/hourly-ipv4,ziyadnz|hourly,2026-08-17T18:48:05Z,2026-08-17T18:48:05Z,
51.161.37.153,ipv4,malicious-ip,medium,WHITE,ziyadnz/hourly-ipv4,ziyadnz|hourly,2026-08-17T18:48:05Z,2026-08-17T18:48:05Z,
51.161.37.16,ipv4,malicious-ip,medium,WHITE,ziyadnz/hourly-ipv4,ziyadnz|hourly,2026-08-17T18:48:05Z,2026-08-17T18:48:05Z,
51.161.37.163,ipv4,malicious-ip,medium,WHITE,ziyadnz/hourly-ipv4,ziyadnz|hourly,2026-08-17T18:48:05Z,2026-08-17T18:48:05Z,
51.161.37.165,ipv4,malicious-ip,medium,WHITE,ziyadnz/hourly-ipv4,ziyadnz|hourly,2026-08-17T18:48:05Z,2026-08-17T18:48:05Z,
51.161.37.169,ipv4,malicious-ip,medium,WHITE,ziyadnz/hourly-ipv4,ziyadnz|hourly,2026-08-17T18:48:05Z,2026-08-17T18:48:05Z,
51.161.37.176,ipv4,malicious-ip,medium,WHITE,ziyadnz/hourly-ipv4,ziyadnz|hourly,2026-08-17T18:48:05Z,2026-08-17T18:48:05Z,
51.161.37.177,ipv4,malicious-ip,medium,WHITE,ziyadnz/hourly-ipv4,ziyadnz|hourly,2026-08-17T18:48:05Z,2026-08-17T18:48:05Z,
51.161.37.18,ipv4,malicious-ip,medium,WHITE,ziyadnz/hourly-ipv4,ziyadnz|hourly,2026-08-17T18:48:05Z,2026-08-17T18:48:05Z,
51.161.37.180,ipv4,malicious-ip,medium,WHITE,ziyadnz/hourly-ipv4,ziyadnz|hourly,2026-08-17T18:48:05Z,2026-08-17T18:48:05Z,
51.161.37.185,ipv4,malicious-ip,medium,WHITE,ziyadnz/hourly-ipv4,ziyadnz|hourly,2026-08-17T18:48:05Z,2026-08-17T18:48:05Z,
51.161.37.192,ipv4,malicious-ip,medium,WHITE,ziyadnz/hourly-ipv4,ziyadnz|hourly,2026-08-17T18:48:05Z,2026-08-17T18:48:05Z,
51.161.37.195,ipv4,malicious-ip,medium,WHITE,ziyadnz/hourly-ipv4,ziyadnz|hourly,2026-08-17T18:48:05Z,2026-08-17T18:48:05Z,
51.161.37.197,ipv4,malicious-ip,medium,WHITE,ziyadnz/hourly-ipv4,ziyadnz|hourly,2026-08-17T18:48:05Z,2026-08-17T18:48:05Z,
51.161.37.200,ipv4,malicious-ip,medium,WHITE,ziyadnz/hourly-ipv4,ziyadnz|hourly,2026-08-17T18:48:05Z,2026-08-17T18:48:05Z,
51.161.37.207,ipv4,malicious-ip,medium,WHITE,ziyadnz/hourly-ipv4,ziyadnz|hourly,2026-08-17T18:48:05Z,2026-08-17T18:48:05Z,
51.161.37.209,ipv4,malicious-ip,medium,WHITE,ziyadnz/hourly-ipv4,ziyadnz|hourly,2026-08-17T18:48:05Z,2026-08-17T18:48:05Z,
51.161.37.212,ipv4,malicious-ip,medium,WHITE,ziyadnz/hourly-ipv4,ziyadnz|hourly,2026-08-17T18:48:05Z,2026-08-17T18:48:05Z,
51.161.37.216,ipv4,malicious-ip,medium,WHITE,ziyadnz/hourly-ipv4,ziyadnz|hourly,2026-08-17T18:48:05Z,2026-08-17T18:48:05Z,
51.161.37.22,ipv4,malicious-ip,medium,WHITE,ziyadnz/hourly-ipv4,ziyadnz|hourly,2026-08-17T18:48:05Z,2026-08-17T18:48:05Z,
51.161.37.221,ipv4,malicious-ip,medium,WHITE,ziyadnz/hourly-ipv4,ziyadnz|hourly,2026-08-17T18:48:05Z,2026-08-17T18:48:05Z,
51.161.37.227,ipv4,malicious-ip,medium,WHITE,ziyadnz/hourly-ipv4,ziyadnz|hourly,2026-08-17T18:48:05Z,2026-08-17T18:48:05Z,
51.161.37.228,ipv4,malicious-ip,medium,WHITE,ziyadnz/hourly-ipv4,ziyadnz|hourly,2026-08-17T18:48:05Z,2026-08-17T18:48:05Z,
51.161.37.229,ipv4,malicious-ip,medium,WHITE,ziyadnz/hourly-ipv4,ziyadnz|hourly,2026-08-17T18:48:05Z,2026-08-17T18:48:05Z,
51.161.37.236,ipv4,malicious-ip,medium,WHITE,ziyadnz/hourly-ipv4,ziyadnz|hourly,2026-08-17T18:48:05Z,2026-08-17T18:48:05Z,
51.161.37.31,ipv4,malicious-ip,medium,WHITE,ziyadnz/hourly-ipv4,ziyadnz|hourly,2026-08-17T18:48:05Z,2026-08-17T18:48:05Z,
51.161.37.34,ipv4,malicious-ip,medium,WHITE,ziyadnz/hourly-ipv4,ziyadnz|hourly,2026-08-17T18:48:05Z,2026-08-17T18:48:05Z,
51.161.37.35,ipv4,malicious-ip,medium,WHITE,ziyadnz/hourly-ipv4,ziyadnz|hourly,2026-08-17T18:48:05Z,2026-08-17T18:48:05Z,
51.161.37.38,ipv4,malicious-ip,medium,WHITE,ziyadnz/hourly-ipv4,ziyadnz|hourly,2026-08-17T18:48:05Z,2026-08-17T18:48:05Z,
51.161.37.4,ipv4,malicious-ip,medium,WHITE,ziyadnz/hourly-ipv4,ziyadnz|hourly,2026-08-17T18:48:05Z,2026-08-17T18:48:05Z,
51.161.37.41,ipv4,malicious-ip,medium,WHITE,ziyadnz/hourly-ipv4,ziyadnz|hourly,2026-08-17T18:48:05Z,2026-08-17T18:48:05Z,
51.161.37.45,ipv4,malicious-ip,medium,WHITE,ziyadnz/hourly-ipv4,ziyadnz|hourly,2026-08-17T18:48:05Z,2026-08-17T18:48:05Z,
51.161.37.47,ipv4,malicious-ip,medium,WHITE,ziyadnz/hourly-ipv4,ziyadnz|hourly,2026-08-17T18:48:05Z,2026-08-17T18:48:05Z,
51.161.37.51,ipv4,malicious-ip,medium,WHITE,ziyadnz/hourly-ipv4,ziyadnz|hourly,2026-08-17T18:48:05Z,2026-08-17T18:48:05Z,
51.161.37.58,ipv4,malicious-ip,medium,WHITE,ziyadnz/hourly-ipv4,ziyadnz|hourly,2026-08-17T18:48:05Z,2026-08-17T18:48:05Z,
51.161.37.60,ipv4,malicious-ip,medium,WHITE,ziyadnz/hourly-ipv4,ziyadnz|hourly,2026-08-17T18:48:05Z,2026-08-17T18:48:05Z,
51.161.37.67,ipv4,malicious-ip,medium,WHITE,ziyadnz/hourly-ipv4,ziyadnz|hourly,2026-08-17T18:48:05Z,2026-08-17T18:48:05Z,
51.161.37.86,ipv4,malicious-ip,medium,WHITE,ziyadnz/hourly-ipv4,ziyadnz|hourly,2026-08-17T18:48:05Z,2026-08-17T18:48:05Z,
51.161.37.97,ipv4,malicious-ip,medium,WHITE,ziyadnz/hourly-ipv4,ziyadnz|hourly,2026-08-17T18:48:05Z,2026-08-17T18:48:05Z,
51.161.59.75,ipv4,malicious-ip,medium,WHITE,ziyadnz/hourly-ipv4,ziyadnz|hourly,2026-08-17T18:48:05Z,2026-08-17T18:48:05Z,
51.161.65.1,ipv4,malicious-ip,medium,WHITE,ziyadnz/hourly-ipv4,ziyadnz|hourly,2026-08-17T18:48:05Z,2026-08-17T18:48:05Z,
51.161.65.106,ipv4,malicious-ip,medium,WHITE,ziyadnz/hourly-ipv4,ziyadnz|hourly,2026-08-17T18:48:05Z,2026-08-17T18:48:05Z,
51.161.65.11,ipv4,malicious-ip,medium,WHITE,ziyadnz/hourly-ipv4,ziyadnz|hourly,2026-08-17T18:48:05Z,2026-08-17T18:48:05Z,
51.161.65.113,ipv4,malicious-ip,medium,WHITE,ziyadnz/hourly-ipv4,ziyadnz|hourly,2026-08-17T18:48:05Z,2026-08-17T18:48:05Z,
51.161.65.114,ipv4,malicious-ip,medium,WHITE,ziyadnz/hourly-ipv4,ziyadnz|hourly,2026-08-17T18:48:05Z,2026-08-17T18:48:05Z,
51.161.65.119,ipv4,malicious-ip,medium,WHITE,ziyadnz/hourly-ipv4,ziyadnz|hourly,2026-08-17T18:48:05Z,2026-08-17T18:48:05Z,
51.161.65.120,ipv4,malicious-ip,medium,WHITE,ziyadnz/hourly-ipv4,ziyadnz|hourly,2026-08-17T18:48:05Z,2026-08-17T18:48:05Z,
51.161.65.126,ipv4,malicious-ip,medium,WHITE,ziyadnz/hourly-ipv4,ziyadnz|hourly,2026-08-17T18:48:05Z,2026-08-17T18:48:05Z,
51.161.65.13,ipv4,malicious-ip,medium,WHITE,ziyadnz/hourly-ipv4,ziyadnz|hourly,2026-08-17T18:48:05Z,2026-08-17T18:48:05Z,
51.161.65.138,ipv4,malicious-ip,medium,WHITE,ziyadnz/hourly-ipv4,ziyadnz|hourly,2026-08-17T18:48:05Z,2026-08-17T18:48:05Z,
51.161.65.158,ipv4,malicious-ip,medium,WHITE,ziyadnz/hourly-ipv4,ziyadnz|hourly,2026-08-17T18:48:05Z,2026-08-17T18:48:05Z,
51.161.65.162,ipv4,malicious-ip,medium,WHITE,ziyadnz/hourly-ipv4,ziyadnz|hourly,2026-08-17T18:48:05Z,2026-08-17T18:48:05Z,
51.161.65.163,ipv4,malicious-ip,medium,WHITE,ziyadnz/hourly-ipv4,ziyadnz|hourly,2026-08-17T18:48:05Z,2026-08-17T18:48:05Z,
51.161.65.164,ipv4,malicious-ip,medium,WHITE,ziyadnz/hourly-ipv4,ziyadnz|hourly,2026-08-17T18:48:05Z,2026-08-17T18:48:05Z,
51.161.65.169,ipv4,malicious-ip,medium,WHITE,ziyadnz/hourly-ipv4,ziyadnz|hourly,2026-08-17T18:48:05Z,2026-08-17T18:48:05Z,
51.161.65.175,ipv4,malicious-ip,medium,WHITE,ziyadnz/hourly-ipv4,ziyadnz|hourly,2026-08-17T18:48:05Z,2026-08-17T18:48:05Z,
51.161.65.176,ipv4,malicious-ip,medium,WHITE,ziyadnz/hourly-ipv4,ziyadnz|hourly,2026-08-17T18:48:05Z,2026-08-17T18:48:05Z,
51.161.65.179,ipv4,malicious-ip,medium,WHITE,ziyadnz/hourly-ipv4,ziyadnz|hourly,2026-08-17T18:48:05Z,2026-08-17T18:48:05Z,
51.161.65.18,ipv4,malicious-ip,medium,WHITE,ziyadnz/hourly-ipv4,ziyadnz|hourly,2026-08-17T18:48:05Z,2026-08-17T18:48:05Z,
51.161.65.187,ipv4,malicious-ip,medium,WHITE,ziyadnz/hourly-ipv4,ziyadnz|hourly,2026-08-17T18:48:05Z,2026-08-17T18:48:05Z,
51.161.65.190,ipv4,malicious-ip,medium,WHITE,ziyadnz/hourly-ipv4,ziyadnz|hourly,2026-08-17T18:48:05Z,2026-08-17T18:48:05Z,
51.161.65.193,ipv4,malicious-ip,medium,WHITE,ziyadnz/hourly-ipv4,ziyadnz|hourly,2026-08-17T18:48:05Z,2026-08-17T18:48:05Z,
51.161.65.197,ipv4,malicious-ip,medium,WHITE,ziyadnz/hourly-ipv4,ziyadnz|hourly,2026-08-17T18:48:05Z,2026-08-17T18:48:05Z,
51.161.65.198,ipv4,malicious-ip,medium,WHITE,ziyadnz/hourly-ipv4,ziyadnz|hourly,2026-08-17T18:48:05Z,2026-08-17T18:48:05Z,
51.161.65.201,ipv4,malicious-ip,medium,WHITE,ziyadnz/hourly-ipv4,ziyadnz|hourly,2026-08-17T18:48:05Z,2026-08-17T18:48:05Z,
51.161.65.209,ipv4,malicious-ip,medium,WHITE,ziyadnz/hourly-ipv4,ziyadnz|hourly,2026-08-17T18:48:05Z,2026-08-17T18:48:05Z,
51.161.65.210,ipv4,malicious-ip,medium,WHITE,ziyadnz/hourly-ipv4,ziyadnz|hourly,2026-08-17T18:48:05Z,2026-08-17T18:48:05Z,
51.161.65.22,ipv4,malicious-ip,medium,WHITE,ziyadnz/hourly-ipv4,ziyadnz|hourly,2026-08-17T18:48:05Z,2026-08-17T18:48:05Z,
51.161.65.226,ipv4,malicious-ip,medium,WHITE,ziyadnz/hourly-ipv4,ziyadnz|hourly,2026-08-17T18:48:05Z,2026-08-17T18:48:05Z,
51.161.65.227,ipv4,malicious-ip,medium,WHITE,ziyadnz/hourly-ipv4,ziyadnz|hourly,2026-08-17T18:48:05Z,2026-08-17T18:48:05Z,
51.161.65.235,ipv4,malicious-ip,medium,WHITE,ziyadnz/hourly-ipv4,ziyadnz|hourly,2026-08-17T18:48:05Z,2026-08-17T18:48:05Z,
51.161.65.244,ipv4,malicious-ip,medium,WHITE,ziyadnz/hourly-ipv4,ziyadnz|hourly,2026-08-17T18:48:05Z,2026-08-17T18:48:05Z,
51.161.65.25,ipv4,malicious-ip,medium,WHITE,ziyadnz/hourly-ipv4,ziyadnz|hourly,2026-08-17T18:48:05Z,2026-08-17T18:48:05Z,
51.161.65.251,ipv4,malicious-ip,medium,WHITE,ziyadnz/hourly-ipv4,ziyadnz|hourly,2026-08-17T18:48:05Z,2026-08-17T18:48:05Z,
51.161.65.252,ipv4,malicious-ip,medium,WHITE,ziyadnz/hourly-ipv4,ziyadnz|hourly,2026-08-17T18:48:05Z,2026-08-17T18:48:05Z,
51.161.65.42,ipv4,malicious-ip,medium,WHITE,ziyadnz/hourly-ipv4,ziyadnz|hourly,2026-08-17T18:48:05Z,2026-08-17T18:48:05Z,
51.161.65.43,ipv4,malicious-ip,medium,WHITE,ziyadnz/hourly-ipv4,ziyadnz|hourly,2026-08-17T18:48:05Z,2026-08-17T18:48:05Z,
51.161.65.51,ipv4,malicious-ip,medium,WHITE,ziyadnz/hourly-ipv4,ziyadnz|hourly,2026-08-17T18:48:05Z,2026-08-17T18:48:05Z,
51.161.65.52,ipv4,malicious-ip,medium,WHITE,ziyadnz/hourly-ipv4,ziyadnz|hourly,2026-08-17T18:48:05Z,2026-08-17T18:48:05Z,
51.161.65.53,ipv4,malicious-ip,medium,WHITE,ziyadnz/hourly-ipv4,ziyadnz|hourly,2026-08-17T18:48:05Z,2026-08-17T18:48:05Z,
51.161.65.57,ipv4,malicious-ip,medium,WHITE,ziyadnz/hourly-ipv4,ziyadnz|hourly,2026-08-17T18:48:05Z,2026-08-17T18:48:05Z,
51.161.65.64,ipv4,malicious-ip,medium,WHITE,ziyadnz/hourly-ipv4,ziyadnz|hourly,2026-08-17T18:48:05Z,2026-08-17T18:48:05Z,
51.161.65.66,ipv4,malicious-ip,medium,WHITE,ziyadnz/hourly-ipv4,ziyadnz|hourly,2026-08-17T18:48:05Z,2026-08-17T18:48:05Z,
51.161.65.71,ipv4,malicious-ip,medium,WHITE,ziyadnz/hourly-ipv4,ziyadnz|hourly,2026-08-17T18:48:05Z,2026-08-17T18:48:05Z,
51.161.65.74,ipv4,malicious-ip,medium,WHITE,ziyadnz/hourly-ipv4,ziyadnz|hourly,2026-08-17T18:48:05Z,2026-08-17T18:48:05Z,
51.161.65.75,ipv4,malicious-ip,medium,WHITE,ziyadnz/hourly-ipv4,ziyadnz|hourly,2026-08-17T18:48:05Z,2026-08-17T18:48:05Z,
51.161.65.80,ipv4,malicious-ip,medium,WHITE,ziyadnz/hourly-ipv4,ziyadnz|hourly,2026-08-17T18:48:05Z,2026-08-17T18:48:05Z,
51.161.65.82,ipv4,malicious-ip,medium,WHITE,ziyadnz/hourly-ipv4,ziyadnz|hourly,2026-08-17T18:48:05Z,2026-08-17T18:48:05Z,
51.161.65.88,ipv4,malicious-ip,medium,WHITE,ziyadnz/hourly-ipv4,ziyadnz|hourly,2026-08-17T18:48:05Z,2026-08-17T18:48:05Z,
51.161.65.9,ipv4,malicious-ip,medium,WHITE,ziyadnz/hourly-ipv4,ziyadnz|hourly,2026-08-17T18:48:05Z,2026-08-17T18:48:05Z,
51.161.65.92,ipv4,malicious-ip,medium,WHITE,ziyadnz/hourly-ipv4,ziyadnz|hourly,2026-08-17T18:48:05Z,2026-08-17T18:48:05Z,
51.161.65.95,ipv4,malicious-ip,medium,WHITE,ziyadnz/hourly-ipv4,ziyadnz|hourly,2026-08-17T18:48:05Z,2026-08-17T18:48:05Z,
51.161.76.68,ipv4,malicious-ip,medium,WHITE,ziyadnz/hourly-ipv4,ziyadnz|hourly,2026-08-17T18:48:05Z,2026-08-17T18:48:05Z,
51.162.192.62,ipv4,malicious-ip,medium,WHITE,ziyadnz/hourly-ipv4,ziyadnz|hourly,2026-08-17T18:48:05Z,2026-08-17T18:48:05Z,
51.162.194.94,ipv4,malicious-ip,medium,WHITE,ziyadnz/hourly-ipv4,ziyadnz|hourly,2026-08-17T18:48:05Z,2026-08-17T18:48:05Z,
51.163.39.213,ipv4,malicious-ip,medium,WHITE,ziyadnz/hourly-ipv4,ziyadnz|hourly,2026-08-17T18:48:05Z,2026-08-17T18:48:05Z,
51.171.204.151,ipv4,malicious-ip,medium,WHITE,ziyadnz/hourly-ipv4,ziyadnz|hourly,2026-08-17T18:48:05Z,2026-08-17T18:48:05Z,
51.178.100.208,ipv4,malicious-ip,medium,WHITE,ziyadnz/hourly-ipv4,ziyadnz|hourly,2026-08-17T18:48:05Z,2026-08-17T18:48:05Z,
51.178.114.78,ipv4,malicious-ip,medium,WHITE,ziyadnz/hourly-ipv4,ziyadnz|hourly,2026-08-17T18:48:05Z,2026-08-17T18:48:05Z,
51.178.131.197,ipv4,malicious-ip,medium,WHITE,ziyadnz/hourly-ipv4,ziyadnz|hourly,2026-08-17T18:48:05Z,2026-08-17T18:48:05Z,
51.178.198.251,ipv4,malicious-ip,medium,WHITE,ziyadnz/hourly-ipv4,ziyadnz|hourly,2026-08-17T18:48:05Z,2026-08-17T18:48:05Z,
51.178.25.148,ipv4,malicious-ip,medium,WHITE,ziyadnz/hourly-ipv4,ziyadnz|hourly,2026-08-17T18:48:05Z,2026-08-17T18:48:05Z,
51.178.38.120,ipv4,malicious-ip,medium,WHITE,ziyadnz/hourly-ipv4,ziyadnz|hourly,2026-08-17T18:48:05Z,2026-08-17T18:48:05Z,
51.178.39.184,ipv4,malicious-ip,medium,WHITE,ziyadnz/hourly-ipv4,ziyadnz|hourly,2026-08-17T18:48:05Z,2026-08-17T18:48:05Z,
51.178.49.241,ipv4,malicious-ip,medium,WHITE,ziyadnz/hourly-ipv4,ziyadnz|hourly,2026-08-17T18:48:05Z,2026-08-17T18:48:05Z,
51.183.21.4,ipv4,malicious-ip,medium,WHITE,ziyadnz/hourly-ipv4,ziyadnz|hourly,2026-08-17T18:48:05Z,2026-08-17T18:48:05Z,
51.183.234.77,ipv4,malicious-ip,medium,WHITE,ziyadnz/hourly-ipv4,ziyadnz|hourly,2026-08-17T18:48:05Z,2026-08-17T18:48:05Z,
51.186.247.185,ipv4,malicious-ip,medium,WHITE,ziyadnz/hourly-ipv4,ziyadnz|hourly,2026-08-17T18:48:05Z,2026-08-17T18:48:05Z,
51.191.246.200,ipv4,malicious-ip,medium,WHITE,ziyadnz/hourly-ipv4,ziyadnz|hourly,2026-08-17T18:48:05Z,2026-08-17T18:48:05Z,
51.194.215.17,ipv4,malicious-ip,medium,WHITE,ziyadnz/hourly-ipv4,ziyadnz|hourly,2026-08-17T18:48:05Z,2026-08-17T18:48:05Z,
51.195.109.218,ipv4,malicious-ip,medium,WHITE,ziyadnz/hourly-ipv4,ziyadnz|hourly,2026-08-17T18:48:05Z,2026-08-17T18:48:05Z,
51.195.111.212,ipv4,malicious-ip,medium,WHITE,ziyadnz/hourly-ipv4,ziyadnz|hourly,2026-08-17T18:48:05Z,2026-08-17T18:48:05Z,
51.195.166.178,ipv4,malicious-ip,medium,WHITE,ziyadnz/hourly-ipv4,ziyadnz|hourly,2026-08-17T18:48:05Z,2026-08-17T18:48:05Z,
51.195.183.0,ipv4,malicious-ip,medium,WHITE,ziyadnz/hourly-ipv4,ziyadnz|hourly,2026-08-17T18:48:05Z,2026-08-17T18:48:05Z,
51.195.183.111,ipv4,malicious-ip,medium,WHITE,ziyadnz/hourly-ipv4,ziyadnz|hourly,2026-08-17T18:48:05Z,2026-08-17T18:48:05Z,
51.195.183.113,ipv4,malicious-ip,medium,WHITE,ziyadnz/hourly-ipv4,ziyadnz|hourly,2026-08-17T18:48:05Z,2026-08-17T18:48:05Z,
51.195.183.116,ipv4,malicious-ip,medium,WHITE,ziyadnz/hourly-ipv4,ziyadnz|hourly,2026-08-17T18:48:05Z,2026-08-17T18:48:05Z,
51.195.183.117,ipv4,malicious-ip,medium,WHITE,ziyadnz/hourly-ipv4,ziyadnz|hourly,2026-08-17T18:48:05Z,2026-08-17T18:48:05Z,
51.195.183.133,ipv4,malicious-ip,medium,WHITE,ziyadnz/hourly-ipv4,ziyadnz|hourly,2026-08-17T18:48:05Z,2026-08-17T18:48:05Z,
51.195.183.142,ipv4,malicious-ip,medium,WHITE,ziyadnz/hourly-ipv4,ziyadnz|hourly,2026-08-17T18:48:05Z,2026-08-17T18:48:05Z,
51.195.183.153,ipv4,malicious-ip,medium,WHITE,ziyadnz/hourly-ipv4,ziyadnz|hourly,2026-08-17T18:48:05Z,2026-08-17T18:48:05Z,
51.195.183.160,ipv4,malicious-ip,medium,WHITE,ziyadnz/hourly-ipv4,ziyadnz|hourly,2026-08-17T18:48:05Z,2026-08-17T18:48:05Z,
51.195.183.169,ipv4,malicious-ip,medium,WHITE,ziyadnz/hourly-ipv4,ziyadnz|hourly,2026-08-17T18:48:05Z,2026-08-17T18:48:05Z,
51.195.183.186,ipv4,malicious-ip,medium,WHITE,ziyadnz/hourly-ipv4,ziyadnz|hourly,2026-08-17T18:48:05Z,2026-08-17T18:48:05Z,
51.195.183.189,ipv4,malicious-ip,medium,WHITE,ziyadnz/hourly-ipv4,ziyadnz|hourly,2026-08-17T18:48:05Z,2026-08-17T18:48:05Z,
51.195.183.192,ipv4,malicious-ip,medium,WHITE,ziyadnz/hourly-ipv4,ziyadnz|hourly,2026-08-17T18:48:05Z,2026-08-17T18:48:05Z,
51.195.183.194,ipv4,malicious-ip,medium,WHITE,ziyadnz/hourly-ipv4,ziyadnz|hourly,2026-08-17T18:48:05Z,2026-08-17T18:48:05Z,
51.195.183.199,ipv4,malicious-ip,medium,WHITE,ziyadnz/hourly-ipv4,ziyadnz|hourly,2026-08-17T18:48:05Z,2026-08-17T18:48:05Z,
51.195.183.201,ipv4,malicious-ip,medium,WHITE,ziyadnz/hourly-ipv4,ziyadnz|hourly,2026-08-17T18:48:05Z,2026-08-17T18:48:05Z,
51.195.183.22,ipv4,malicious-ip,medium,WHITE,ziyadnz/hourly-ipv4,ziyadnz|hourly,2026-08-17T18:48:05Z,2026-08-17T18:48:05Z,
51.195.183.23,ipv4,malicious-ip,medium,WHITE,ziyadnz/hourly-ipv4,ziyadnz|hourly,2026-08-17T18:48:05Z,2026-08-17T18:48:05Z,
51.195.183.232,ipv4,malicious-ip,medium,WHITE,ziyadnz/hourly-ipv4,ziyadnz|hourly,2026-08-17T18:48:05Z,2026-08-17T18:48:05Z,
51.195.183.247,ipv4,malicious-ip,medium,WHITE,ziyadnz/hourly-ipv4,ziyadnz|hourly,2026-08-17T18:48:05Z,2026-08-17T18:48:05Z,
51.195.183.255,ipv4,malicious-ip,medium,WHITE,ziyadnz/hourly-ipv4,ziyadnz|hourly,2026-08-17T18:48:05Z,2026-08-17T18:48:05Z,
51.195.183.30,ipv4,malicious-ip,medium,WHITE,ziyadnz/hourly-ipv4,ziyadnz|hourly,2026-08-17T18:48:05Z,2026-08-17T18:48:05Z,
51.195.183.4,ipv4,malicious-ip,medium,WHITE,ziyadnz/hourly-ipv4,ziyadnz|hourly,2026-08-17T18:48:05Z,2026-08-17T18:48:05Z,
51.195.183.44,ipv4,malicious-ip,medium,WHITE,ziyadnz/hourly-ipv4,ziyadnz|hourly,2026-08-17T18:48:05Z,2026-08-17T18:48:05Z,
51.195.183.57,ipv4,malicious-ip,medium,WHITE,ziyadnz/hourly-ipv4,ziyadnz|hourly,2026-08-17T18:48:05Z,2026-08-17T18:48:05Z,
51.195.183.63,ipv4,malicious-ip,medium,WHITE,ziyadnz/hourly-ipv4,ziyadnz|hourly,2026-08-17T18:48:05Z,2026-08-17T18:48:05Z,
51.195.183.65,ipv4,malicious-ip,medium,WHITE,ziyadnz/hourly-ipv4,ziyadnz|hourly,2026-08-17T18:48:05Z,2026-08-17T18:48:05Z,
51.195.183.67,ipv4,malicious-ip,medium,WHITE,ziyadnz/hourly-ipv4,ziyadnz|hourly,2026-08-17T18:48:05Z,2026-08-17T18:48:05Z,
51.195.183.78,ipv4,malicious-ip,medium,WHITE,ziyadnz/hourly-ipv4,ziyadnz|hourly,2026-08-17T18:48:05Z,2026-08-17T18:48:05Z,
51.195.183.89,ipv4,malicious-ip,medium,WHITE,ziyadnz/hourly-ipv4,ziyadnz|hourly,2026-08-17T18:48:05Z,2026-08-17T18:48:05Z,
51.195.215.0,ipv4,malicious-ip,medium,WHITE,ziyadnz/hourly-ipv4,ziyadnz|hourly,2026-08-17T18:48:05Z,2026-08-17T18:48:05Z,
51.195.215.109,ipv4,malicious-ip,medium,WHITE,ziyadnz/hourly-ipv4,ziyadnz|hourly,2026-08-17T18:48:05Z,2026-08-17T18:48:05Z,
51.195.215.122,ipv4,malicious-ip,medium,WHITE,ziyadnz/hourly-ipv4,ziyadnz|hourly,2026-08-17T18:48:05Z,2026-08-17T18:48:05Z,
51.195.215.127,ipv4,malicious-ip,medium,WHITE,ziyadnz/hourly-ipv4,ziyadnz|hourly,2026-08-17T18:48:05Z,2026-08-17T18:48:05Z,
51.195.215.128,ipv4,malicious-ip,medium,WHITE,ziyadnz/hourly-ipv4,ziyadnz|hourly,2026-08-17T18:48:05Z,2026-08-17T18:48:05Z,
51.195.215.134,ipv4,malicious-ip,medium,WHITE,ziyadnz/hourly-ipv4,ziyadnz|hourly,2026-08-17T18:48:05Z,2026-08-17T18:48:05Z,
51.195.215.138,ipv4,malicious-ip,medium,WHITE,ziyadnz/hourly-ipv4,ziyadnz|hourly,2026-08-17T18:48:05Z,2026-08-17T18:48:05Z,
51.195.215.15,ipv4,malicious-ip,medium,WHITE,ziyadnz/hourly-ipv4,ziyadnz|hourly,2026-08-17T18:48:05Z,2026-08-17T18:48:05Z,
51.195.215.152,ipv4,malicious-ip,medium,WHITE,ziyadnz/hourly-ipv4,ziyadnz|hourly,2026-08-17T18:48:05Z,2026-08-17T18:48:05Z,
51.195.215.154,ipv4,malicious-ip,medium,WHITE,ziyadnz/hourly-ipv4,ziyadnz|hourly,2026-08-17T18:48:05Z,2026-08-17T18:48:05Z,
51.195.215.155,ipv4,malicious-ip,medium,WHITE,ziyadnz/hourly-ipv4,ziyadnz|hourly,2026-08-17T18:48:05Z,2026-08-17T18:48:05Z,
51.195.215.159,ipv4,malicious-ip,medium,WHITE,ziyadnz/hourly-ipv4,ziyadnz|hourly,2026-08-17T18:48:05Z,2026-08-17T18:48:05Z,
51.195.215.166,ipv4,malicious-ip,medium,WHITE,ziyadnz/hourly-ipv4,ziyadnz|hourly,2026-08-17T18:48:05Z,2026-08-17T18:48:05Z,
51.195.215.169,ipv4,malicious-ip,medium,WHITE,ziyadnz/hourly-ipv4,ziyadnz|hourly,2026-08-17T18:48:05Z,2026-08-17T18:48:05Z,
51.195.215.17,ipv4,malicious-ip,medium,WHITE,ziyadnz/hourly-ipv4,ziyadnz|hourly,2026-08-17T18:48:05Z,2026-08-17T18:48:05Z,
51.195.215.171,ipv4,malicious-ip,medium,WHITE,ziyadnz/hourly-ipv4,ziyadnz|hourly,2026-08-17T18:48:05Z,2026-08-17T18:48:05Z,
51.195.215.180,ipv4,malicious-ip,medium,WHITE,ziyadnz/hourly-ipv4,ziyadnz|hourly,2026-08-17T18:48:05Z,2026-08-17T18:48:05Z,
51.195.215.187,ipv4,malicious-ip,medium,WHITE,ziyadnz/hourly-ipv4,ziyadnz|hourly,2026-08-17T18:48:05Z,2026-08-17T18:48:05Z,
51.195.215.188,ipv4,malicious-ip,medium,WHITE,ziyadnz/hourly-ipv4,ziyadnz|hourly,2026-08-17T18:48:05Z,2026-08-17T18:48:05Z,
51.195.215.189,ipv4,malicious-ip,medium,WHITE,ziyadnz/hourly-ipv4,ziyadnz|hourly,2026-08-17T18:48:05Z,2026-08-17T18:48:05Z,
51.195.215.19,ipv4,malicious-ip,medium,WHITE,ziyadnz/hourly-ipv4,ziyadnz|hourly,2026-08-17T18:48:05Z,2026-08-17T18:48:05Z,
51.195.215.195,ipv4,malicious-ip,medium,WHITE,ziyadnz/hourly-ipv4,ziyadnz|hourly,2026-08-17T18:48:05Z,2026-08-17T18:48:05Z,
51.195.215.197,ipv4,malicious-ip,medium,WHITE,ziyadnz/hourly-ipv4,ziyadnz|hourly,2026-08-17T18:48:05Z,2026-08-17T18:48:05Z,
51.195.215.203,ipv4,malicious-ip,medium,WHITE,ziyadnz/hourly-ipv4,ziyadnz|hourly,2026-08-17T18:48:05Z,2026-08-17T18:48:05Z,
51.195.215.214,ipv4,malicious-ip,medium,WHITE,ziyadnz/hourly-ipv4,ziyadnz|hourly,2026-08-17T18:48:05Z,2026-08-17T18:48:05Z,
51.195.215.223,ipv4,malicious-ip,medium,WHITE,ziyadnz/hourly-ipv4,ziyadnz|hourly,2026-08-17T18:48:05Z,2026-08-17T18:48:05Z,
51.195.215.225,ipv4,malicious-ip,medium,WHITE,ziyadnz/hourly-ipv4,ziyadnz|hourly,2026-08-17T18:48:05Z,2026-08-17T18:48:05Z,
51.195.215.231,ipv4,malicious-ip,medium,WHITE,ziyadnz/hourly-ipv4,ziyadnz|hourly,2026-08-17T18:48:05Z,2026-08-17T18:48:05Z,
51.195.215.235,ipv4,malicious-ip,medium,WHITE,ziyadnz/hourly-ipv4,ziyadnz|hourly,2026-08-17T18:48:05Z,2026-08-17T18:48:05Z,
51.195.215.240,ipv4,malicious-ip,medium,WHITE,ziyadnz/hourly-ipv4,ziyadnz|hourly,2026-08-17T18:48:05Z,2026-08-17T18:48:05Z,
51.195.215.241,ipv4,malicious-ip,medium,WHITE,ziyadnz/hourly-ipv4,ziyadnz|hourly,2026-08-17T18:48:05Z,2026-08-17T18:48:05Z,
51.195.215.245,ipv4,malicious-ip,medium,WHITE,ziyadnz/hourly-ipv4,ziyadnz|hourly,2026-08-17T18:48:05Z,2026-08-17T18:48:05Z,
51.195.215.248,ipv4,malicious-ip,medium,WHITE,ziyadnz/hourly-ipv4,ziyadnz|hourly,2026-08-17T18:48:05Z,2026-08-17T18:48:05Z,
51.195.215.37,ipv4,malicious-ip,medium,WHITE,ziyadnz/hourly-ipv4,ziyadnz|hourly,2026-08-17T18:48:05Z,2026-08-17T18:48:05Z,
51.195.215.43,ipv4,malicious-ip,medium,WHITE,ziyadnz/hourly-ipv4,ziyadnz|hourly,2026-08-17T18:48:05Z,2026-08-17T18:48:05Z,
51.195.215.44,ipv4,malicious-ip,medium,WHITE,ziyadnz/hourly-ipv4,ziyadnz|hourly,2026-08-17T18:48:05Z,2026-08-17T18:48:05Z,
51.195.215.47,ipv4,malicious-ip,medium,WHITE,ziyadnz/hourly-ipv4,ziyadnz|hourly,2026-08-17T18:48:05Z,2026-08-17T18:48:05Z,
51.195.215.80,ipv4,malicious-ip,medium,WHITE,ziyadnz/hourly-ipv4,ziyadnz|hourly,2026-08-17T18:48:05Z,2026-08-17T18:48:05Z,
51.195.215.83,ipv4,malicious-ip,medium,WHITE,ziyadnz/hourly-ipv4,ziyadnz|hourly,2026-08-17T18:48:05Z,2026-08-17T18:48:05Z,
51.195.215.99,ipv4,malicious-ip,medium,WHITE,ziyadnz/hourly-ipv4,ziyadnz|hourly,2026-08-17T18:48:05Z,2026-08-17T18:48:05Z,
51.195.223.189,ipv4,malicious-ip,medium,WHITE,ziyadnz/hourly-ipv4,ziyadnz|hourly,2026-08-17T18:48:05Z,2026-08-17T18:48:05Z,
51.195.223.192,ipv4,malicious-ip,medium,WHITE,ziyadnz/hourly-ipv4,ziyadnz|hourly,2026-08-17T18:48:05Z,2026-08-17T18:48:05Z,
51.195.232.46,ipv4,malicious-ip,medium,WHITE,ziyadnz/hourly-ipv4,ziyadnz|hourly,2026-08-17T18:48:05Z,2026-08-17T18:48:05Z,
51.195.232.97,ipv4,malicious-ip,medium,WHITE,ziyadnz/hourly-ipv4,ziyadnz|hourly,2026-08-17T18:48:05Z,2026-08-17T18:48:05Z,
51.195.244.10,ipv4,malicious-ip,medium,WHITE,ziyadnz/hourly-ipv4,ziyadnz|hourly,2026-08-17T18:48:05Z,2026-08-17T18:48:05Z,
51.195.244.105,ipv4,malicious-ip,medium,WHITE,ziyadnz/hourly-ipv4,ziyadnz|hourly,2026-08-17T18:48:05Z,2026-08-17T18:48:05Z,
51.195.244.12,ipv4,malicious-ip,medium,WHITE,ziyadnz/hourly-ipv4,ziyadnz|hourly,2026-08-17T18:48:05Z,2026-08-17T18:48:05Z,
51.195.244.125,ipv4,malicious-ip,medium,WHITE,ziyadnz/hourly-ipv4,ziyadnz|hourly,2026-08-17T18:48:05Z,2026-08-17T18:48:05Z,
51.195.244.133,ipv4,malicious-ip,medium,WHITE,ziyadnz/hourly-ipv4,ziyadnz|hourly,2026-08-17T18:48:05Z,2026-08-17T18:48:05Z,
51.195.244.137,ipv4,malicious-ip,medium,WHITE,ziyadnz/hourly-ipv4,ziyadnz|hourly,2026-08-17T18:48:05Z,2026-08-17T18:48:05Z,
51.195.244.144,ipv4,malicious-ip,medium,WHITE,ziyadnz/hourly-ipv4,ziyadnz|hourly,2026-08-17T18:48:05Z,2026-08-17T18:48:05Z,
51.195.244.146,ipv4,malicious-ip,medium,WHITE,ziyadnz/hourly-ipv4,ziyadnz|hourly,2026-08-17T18:48:05Z,2026-08-17T18:48:05Z,
51.195.244.152,ipv4,malicious-ip,medium,WHITE,ziyadnz/hourly-ipv4,ziyadnz|hourly,2026-08-17T18:48:05Z,2026-08-17T18:48:05Z,
51.195.244.166,ipv4,malicious-ip,medium,WHITE,ziyadnz/hourly-ipv4,ziyadnz|hourly,2026-08-17T18:48:05Z,2026-08-17T18:48:05Z,
51.195.244.185,ipv4,malicious-ip,medium,WHITE,ziyadnz/hourly-ipv4,ziyadnz|hourly,2026-08-17T18:48:05Z,2026-08-17T18:48:05Z,
51.195.244.186,ipv4,malicious-ip,medium,WHITE,ziyadnz/hourly-ipv4,ziyadnz|hourly,2026-08-17T18:48:05Z,2026-08-17T18:48:05Z,
51.195.244.208,ipv4,malicious-ip,medium,WHITE,ziyadnz/hourly-ipv4,ziyadnz|hourly,2026-08-17T18:48:05Z,2026-08-17T18:48:05Z,
51.195.244.210,ipv4,malicious-ip,medium,WHITE,ziyadnz/hourly-ipv4,ziyadnz|hourly,2026-08-17T18:48:05Z,2026-08-17T18:48:05Z,
51.195.244.237,ipv4,malicious-ip,medium,WHITE,ziyadnz/hourly-ipv4,ziyadnz|hourly,2026-08-17T18:48:05Z,2026-08-17T18:48:05Z,
51.195.244.238,ipv4,malicious-ip,medium,WHITE,ziyadnz/hourly-ipv4,ziyadnz|hourly,2026-08-17T18:48:05Z,2026-08-17T18:48:05Z,
51.195.244.245,ipv4,malicious-ip,medium,WHITE,ziyadnz/hourly-ipv4,ziyadnz|hourly,2026-08-17T18:48:05Z,2026-08-17T18:48:05Z,
51.195.244.26,ipv4,malicious-ip,medium,WHITE,ziyadnz/hourly-ipv4,ziyadnz|hourly,2026-08-17T18:48:05Z,2026-08-17T18:48:05Z,
51.195.244.4,ipv4,malicious-ip,medium,WHITE,ziyadnz/hourly-ipv4,ziyadnz|hourly,2026-08-17T18:48:05Z,2026-08-17T18:48:05Z,
51.195.244.41,ipv4,malicious-ip,medium,WHITE,ziyadnz/hourly-ipv4,ziyadnz|hourly,2026-08-17T18:48:05Z,2026-08-17T18:48:05Z,
51.195.244.6,ipv4,malicious-ip,medium,WHITE,ziyadnz/hourly-ipv4,ziyadnz|hourly,2026-08-17T18:48:05Z,2026-08-17T18:48:05Z,
51.195.244.60,ipv4,malicious-ip,medium,WHITE,ziyadnz/hourly-ipv4,ziyadnz|hourly,2026-08-17T18:48:05Z,2026-08-17T18:48:05Z,
51.195.244.68,ipv4,malicious-ip,medium,WHITE,ziyadnz/hourly-ipv4,ziyadnz|hourly,2026-08-17T18:48:05Z,2026-08-17T18:48:05Z,
51.195.244.73,ipv4,malicious-ip,medium,WHITE,ziyadnz/hourly-ipv4,ziyadnz|hourly,2026-08-17T18:48:05Z,2026-08-17T18:48:05Z,
51.195.244.75,ipv4,malicious-ip,medium,WHITE,ziyadnz/hourly-ipv4,ziyadnz|hourly,2026-08-17T18:48:05Z,2026-08-17T18:48:05Z,
51.195.244.83,ipv4,malicious-ip,medium,WHITE,ziyadnz/hourly-ipv4,ziyadnz|hourly,2026-08-17T18:48:05Z,2026-08-17T18:48:05Z,
51.195.244.87,ipv4,malicious-ip,medium,WHITE,ziyadnz/hourly-ipv4,ziyadnz|hourly,2026-08-17T18:48:05Z,2026-08-17T18:48:05Z,
51.195.244.95,ipv4,malicious-ip,medium,WHITE,ziyadnz/hourly-ipv4,ziyadnz|hourly,2026-08-17T18:48:05Z,2026-08-17T18:48:05Z,
51.195.49.215,ipv4,malicious-ip,medium,WHITE,ziyadnz/hourly-ipv4,ziyadnz|hourly,2026-08-17T18:48:05Z,2026-08-17T18:48:05Z,
51.195.49.228,ipv4,malicious-ip,medium,WHITE,ziyadnz/hourly-ipv4,ziyadnz|hourly,2026-08-17T18:48:05Z,2026-08-17T18:48:05Z,
51.195.57.234,ipv4,malicious-ip,medium,WHITE,ziyadnz/hourly-ipv4,ziyadnz|hourly,2026-08-17T18:48:05Z,2026-08-17T18:48:05Z,
51.195.91.124,ipv4,malicious-ip,medium,WHITE,ziyadnz/hourly-ipv4,ziyadnz|hourly,2026-08-17T18:48:05Z,2026-08-17T18:48:05Z,
51.195.94.194,ipv4,malicious-ip,medium,WHITE,ziyadnz/hourly-ipv4,ziyadnz|hourly,2026-08-17T18:48:05Z,2026-08-17T18:48:05Z,
51.20.116.69,ipv4,malicious-ip,medium,WHITE,ziyadnz/hourly-ipv4,ziyadnz|hourly,2026-08-17T18:48:05Z,2026-08-17T18:48:05Z,
51.20.138.134,ipv4,malicious-ip,medium,WHITE,ziyadnz/hourly-ipv4,ziyadnz|hourly,2026-08-17T18:48:05Z,2026-08-17T18:48:05Z,
51.210.0.2,ipv4,malicious-ip,medium,WHITE,ziyadnz/hourly-ipv4,ziyadnz|hourly,2026-08-17T18:48:05Z,2026-08-17T18:48:05Z,
51.210.104.180,ipv4,malicious-ip,medium,WHITE,ziyadnz/hourly-ipv4,ziyadnz|hourly,2026-08-17T18:48:05Z,2026-08-17T18:48:05Z,
51.210.195.171,ipv4,malicious-ip,medium,WHITE,ziyadnz/hourly-ipv4,ziyadnz|hourly,2026-08-17T18:48:05Z,2026-08-17T18:48:05Z,
51.210.97.1,ipv4,malicious-ip,medium,WHITE,ziyadnz/hourly-ipv4,ziyadnz|hourly,2026-08-17T18:48:05Z,2026-08-17T18:48:05Z,
51.210.97.205,ipv4,malicious-ip,medium,WHITE,ziyadnz/hourly-ipv4,ziyadnz|hourly,2026-08-17T18:48:05Z,2026-08-17T18:48:05Z,
51.219.141.233,ipv4,malicious-ip,medium,WHITE,ziyadnz/hourly-ipv4,ziyadnz|hourly,2026-08-17T18:48:05Z,2026-08-17T18:48:05Z,
51.222.14.140,ipv4,malicious-ip,medium,WHITE,ziyadnz/hourly-ipv4,ziyadnz|hourly,2026-08-17T18:48:05Z,2026-08-17T18:48:05Z,
51.222.154.100,ipv4,malicious-ip,medium,WHITE,ziyadnz/hourly-ipv4,ziyadnz|hourly,2026-08-17T18:48:05Z,2026-08-17T18:48:05Z,
51.222.155.186,ipv4,malicious-ip,medium,WHITE,ziyadnz/hourly-ipv4,ziyadnz|hourly,2026-08-17T18:48:05Z,2026-08-17T18:48:05Z,
51.222.168.110,ipv4,malicious-ip,medium,WHITE,ziyadnz/hourly-ipv4,ziyadnz|hourly,2026-08-17T18:48:05Z,2026-08-17T18:48:05Z,
51.222.168.115,ipv4,malicious-ip,medium,WHITE,ziyadnz/hourly-ipv4,ziyadnz|hourly,2026-08-17T18:48:05Z,2026-08-17T18:48:05Z,
51.222.168.116,ipv4,malicious-ip,medium,WHITE,ziyadnz/hourly-ipv4,ziyadnz|hourly,2026-08-17T18:48:05Z,2026-08-17T18:48:05Z,
51.222.168.12,ipv4,malicious-ip,medium,WHITE,ziyadnz/hourly-ipv4,ziyadnz|hourly,2026-08-17T18:48:05Z,2026-08-17T18:48:05Z,
51.222.168.120,ipv4,malicious-ip,medium,WHITE,ziyadnz/hourly-ipv4,ziyadnz|hourly,2026-08-17T18:48:05Z,2026-08-17T18:48:05Z,
51.222.168.125,ipv4,malicious-ip,medium,WHITE,ziyadnz/hourly-ipv4,ziyadnz|hourly,2026-08-17T18:48:05Z,2026-08-17T18:48:05Z,
51.222.168.126,ipv4,malicious-ip,medium,WHITE,ziyadnz/hourly-ipv4,ziyadnz|hourly,2026-08-17T18:48:05Z,2026-08-17T18:48:05Z,
51.222.168.127,ipv4,malicious-ip,medium,WHITE,ziyadnz/hourly-ipv4,ziyadnz|hourly,2026-08-17T18:48:05Z,2026-08-17T18:48:05Z,
51.222.168.136,ipv4,malicious-ip,medium,WHITE,ziyadnz/hourly-ipv4,ziyadnz|hourly,2026-08-17T18:48:05Z,2026-08-17T18:48:05Z,
51.222.168.139,ipv4,malicious-ip,medium,WHITE,ziyadnz/hourly-ipv4,ziyadnz|hourly,2026-08-17T18:48:05Z,2026-08-17T18:48:05Z,
51.222.168.146,ipv4,malicious-ip,medium,WHITE,ziyadnz/hourly-ipv4,ziyadnz|hourly,2026-08-17T18:48:05Z,2026-08-17T18:48:05Z,
51.222.168.15,ipv4,malicious-ip,medium,WHITE,ziyadnz/hourly-ipv4,ziyadnz|hourly,2026-08-17T18:48:05Z,2026-08-17T18:48:05Z,
51.222.168.153,ipv4,malicious-ip,medium,WHITE,ziyadnz/hourly-ipv4,ziyadnz|hourly,2026-08-17T18:48:05Z,2026-08-17T18:48:05Z,
51.222.168.159,ipv4,malicious-ip,medium,WHITE,ziyadnz/hourly-ipv4,ziyadnz|hourly,2026-08-17T18:48:05Z,2026-08-17T18:48:05Z,
51.222.168.174,ipv4,malicious-ip,medium,WHITE,ziyadnz/hourly-ipv4,ziyadnz|hourly,2026-08-17T18:48:05Z,2026-08-17T18:48:05Z,
51.222.168.187,ipv4,malicious-ip,medium,WHITE,ziyadnz/hourly-ipv4,ziyadnz|hourly,2026-08-17T18:48:05Z,2026-08-17T18:48:05Z,
51.222.168.19,ipv4,malicious-ip,medium,WHITE,ziyadnz/hourly-ipv4,ziyadnz|hourly,2026-08-17T18:48:05Z,2026-08-17T18:48:05Z,
51.222.168.195,ipv4,malicious-ip,medium,WHITE,ziyadnz/hourly-ipv4,ziyadnz|hourly,2026-08-17T18:48:05Z,2026-08-17T18:48:05Z,
51.222.168.212,ipv4,malicious-ip,medium,WHITE,ziyadnz/hourly-ipv4,ziyadnz|hourly,2026-08-17T18:48:05Z,2026-08-17T18:48:05Z,
51.222.168.213,ipv4,malicious-ip,medium,WHITE,ziyadnz/hourly-ipv4,ziyadnz|hourly,2026-08-17T18:48:05Z,2026-08-17T18:48:05Z,
51.222.168.215,ipv4,malicious-ip,medium,WHITE,ziyadnz/hourly-ipv4,ziyadnz|hourly,2026-08-17T18:48:05Z,2026-08-17T18:48:05Z,
51.222.168.216,ipv4,malicious-ip,medium,WHITE,ziyadnz/hourly-ipv4,ziyadnz|hourly,2026-08-17T18:48:05Z,2026-08-17T18:48:05Z,
51.222.168.220,ipv4,malicious-ip,medium,WHITE,ziyadnz/hourly-ipv4,ziyadnz|hourly,2026-08-17T18:48:05Z,2026-08-17T18:48:05Z,
51.222.168.230,ipv4,malicious-ip,medium,WHITE,ziyadnz/hourly-ipv4,ziyadnz|hourly,2026-08-17T18:48:05Z,2026-08-17T18:48:05Z,
51.222.168.232,ipv4,malicious-ip,medium,WHITE,ziyadnz/hourly-ipv4,ziyadnz|hourly,2026-08-17T18:48:05Z,2026-08-17T18:48:05Z,
51.222.168.237,ipv4,malicious-ip,medium,WHITE,ziyadnz/hourly-ipv4,ziyadnz|hourly,2026-08-17T18:48:05Z,2026-08-17T18:48:05Z,
51.222.168.238,ipv4,malicious-ip,medium,WHITE,ziyadnz/hourly-ipv4,ziyadnz|hourly,2026-08-17T18:48:05Z,2026-08-17T18:48:05Z,
51.222.168.243,ipv4,malicious-ip,medium,WHITE,ziyadnz/hourly-ipv4,ziyadnz|hourly,2026-08-17T18:48:05Z,2026-08-17T18:48:05Z,
51.222.168.245,ipv4,malicious-ip,medium,WHITE,ziyadnz/hourly-ipv4,ziyadnz|hourly,2026-08-17T18:48:05Z,2026-08-17T18:48:05Z,
51.222.168.246,ipv4,malicious-ip,medium,WHITE,ziyadnz/hourly-ipv4,ziyadnz|hourly,2026-08-17T18:48:05Z,2026-08-17T18:48:05Z,
51.222.168.251,ipv4,malicious-ip,medium,WHITE,ziyadnz/hourly-ipv4,ziyadnz|hourly,2026-08-17T18:48:05Z,2026-08-17T18:48:05Z,
51.222.168.254,ipv4,malicious-ip,medium,WHITE,ziyadnz/hourly-ipv4,ziyadnz|hourly,2026-08-17T18:48:05Z,2026-08-17T18:48:05Z,
51.222.168.26,ipv4,malicious-ip,medium,WHITE,ziyadnz/hourly-ipv4,ziyadnz|hourly,2026-08-17T18:48:05Z,2026-08-17T18:48:05Z,
51.222.168.31,ipv4,malicious-ip,medium,WHITE,ziyadnz/hourly-ipv4,ziyadnz|hourly,2026-08-17T18:48:05Z,2026-08-17T18:48:05Z,
51.222.168.41,ipv4,malicious-ip,medium,WHITE,ziyadnz/hourly-ipv4,ziyadnz|hourly,2026-08-17T18:48:05Z,2026-08-17T18:48:05Z,
51.222.168.44,ipv4,malicious-ip,medium,WHITE,ziyadnz/hourly-ipv4,ziyadnz|hourly,2026-08-17T18:48:05Z,2026-08-17T18:48:05Z,
51.222.168.45,ipv4,malicious-ip,medium,WHITE,ziyadnz/hourly-ipv4,ziyadnz|hourly,2026-08-17T18:48:05Z,2026-08-17T18:48:05Z,
51.222.168.48,ipv4,malicious-ip,medium,WHITE,ziyadnz/hourly-ipv4,ziyadnz|hourly,2026-08-17T18:48:05Z,2026-08-17T18:48:05Z,
51.222.168.59,ipv4,malicious-ip,medium,WHITE,ziyadnz/hourly-ipv4,ziyadnz|hourly,2026-08-17T18:48:05Z,2026-08-17T18:48:05Z,
51.222.168.73,ipv4,malicious-ip,medium,WHITE,ziyadnz/hourly-ipv4,ziyadnz|hourly,2026-08-17T18:48:05Z,2026-08-17T18:48:05Z,
51.222.168.75,ipv4,malicious-ip,medium,WHITE,ziyadnz/hourly-ipv4,ziyadnz|hourly,2026-08-17T18:48:05Z,2026-08-17T18:48:05Z,
51.222.168.81,ipv4,malicious-ip,medium,WHITE,ziyadnz/hourly-ipv4,ziyadnz|hourly,2026-08-17T18:48:05Z,2026-08-17T18:48:05Z,
51.222.168.85,ipv4,malicious-ip,medium,WHITE,ziyadnz/hourly-ipv4,ziyadnz|hourly,2026-08-17T18:48:05Z,2026-08-17T18:48:05Z,
51.222.168.87,ipv4,malicious-ip,medium,WHITE,ziyadnz/hourly-ipv4,ziyadnz|hourly,2026-08-17T18:48:05Z,2026-08-17T18:48:05Z,
51.222.168.89,ipv4,malicious-ip,medium,WHITE,ziyadnz/hourly-ipv4,ziyadnz|hourly,2026-08-17T18:48:05Z,2026-08-17T18:48:05Z,
51.222.168.93,ipv4,malicious-ip,medium,WHITE,ziyadnz/hourly-ipv4,ziyadnz|hourly,2026-08-17T18:48:05Z,2026-08-17T18:48:05Z,
51.222.168.98,ipv4,malicious-ip,medium,WHITE,ziyadnz/hourly-ipv4,ziyadnz|hourly,2026-08-17T18:48:05Z,2026-08-17T18:48:05Z,
51.222.205.120,ipv4,malicious-ip,medium,WHITE,ziyadnz/hourly-ipv4,ziyadnz|hourly,2026-08-17T18:48:05Z,2026-08-17T18:48:05Z,
51.222.205.253,ipv4,malicious-ip,medium,WHITE,ziyadnz/hourly-ipv4,ziyadnz|hourly,2026-08-17T18:48:05Z,2026-08-17T18:48:05Z,
51.222.30.51,ipv4,malicious-ip,medium,WHITE,ziyadnz/hourly-ipv4,ziyadnz|hourly,2026-08-17T18:48:05Z,2026-08-17T18:48:05Z,
51.222.40.109,ipv4,malicious-ip,medium,WHITE,ziyadnz/hourly-ipv4,ziyadnz|hourly,2026-08-17T18:48:05Z,2026-08-17T18:48:05Z,
51.222.95.0,ipv4,malicious-ip,medium,WHITE,ziyadnz/hourly-ipv4,ziyadnz|hourly,2026-08-17T18:48:05Z,2026-08-17T18:48:05Z,
51.222.95.10,ipv4,malicious-ip,medium,WHITE,ziyadnz/hourly-ipv4,ziyadnz|hourly,2026-08-17T18:48:05Z,2026-08-17T18:48:05Z,
51.222.95.100,ipv4,malicious-ip,medium,WHITE,ziyadnz/hourly-ipv4,ziyadnz|hourly,2026-08-17T18:48:05Z,2026-08-17T18:48:05Z,
51.222.95.105,ipv4,malicious-ip,medium,WHITE,ziyadnz/hourly-ipv4,ziyadnz|hourly,2026-08-17T18:48:05Z,2026-08-17T18:48:05Z,
51.222.95.111,ipv4,malicious-ip,medium,WHITE,ziyadnz/hourly-ipv4,ziyadnz|hourly,2026-08-17T18:48:05Z,2026-08-17T18:48:05Z,
51.222.95.113,ipv4,malicious-ip,medium,WHITE,ziyadnz/hourly-ipv4,ziyadnz|hourly,2026-08-17T18:48:05Z,2026-08-17T18:48:05Z,
51.222.95.118,ipv4,malicious-ip,medium,WHITE,ziyadnz/hourly-ipv4,ziyadnz|hourly,2026-08-17T18:48:05Z,2026-08-17T18:48:05Z,
51.222.95.121,ipv4,malicious-ip,medium,WHITE,ziyadnz/hourly-ipv4,ziyadnz|hourly,2026-08-17T18:48:05Z,2026-08-17T18:48:05Z,
51.222.95.146,ipv4,malicious-ip,medium,WHITE,ziyadnz/hourly-ipv4,ziyadnz|hourly,2026-08-17T18:48:05Z,2026-08-17T18:48:05Z,
51.222.95.149,ipv4,malicious-ip,medium,WHITE,ziyadnz/hourly-ipv4,ziyadnz|hourly,2026-08-17T18:48:05Z,2026-08-17T18:48:05Z,
51.222.95.15,ipv4,malicious-ip,medium,WHITE,ziyadnz/hourly-ipv4,ziyadnz|hourly,2026-08-17T18:48:05Z,2026-08-17T18:48:05Z,
51.222.95.156,ipv4,malicious-ip,medium,WHITE,ziyadnz/hourly-ipv4,ziyadnz|hourly,2026-08-17T18:48:05Z,2026-08-17T18:48:05Z,
51.222.95.160,ipv4,malicious-ip,medium,WHITE,ziyadnz/hourly-ipv4,ziyadnz|hourly,2026-08-17T18:48:05Z,2026-08-17T18:48:05Z,
51.222.95.169,ipv4,malicious-ip,medium,WHITE,ziyadnz/hourly-ipv4,ziyadnz|hourly,2026-08-17T18:48:05Z,2026-08-17T18:48:05Z,
51.222.95.178,ipv4,malicious-ip,medium,WHITE,ziyadnz/hourly-ipv4,ziyadnz|hourly,2026-08-17T18:48:05Z,2026-08-17T18:48:05Z,
51.222.95.184,ipv4,malicious-ip,medium,WHITE,ziyadnz/hourly-ipv4,ziyadnz|hourly,2026-08-17T18:48:05Z,2026-08-17T18:48:05Z,
51.222.95.19,ipv4,malicious-ip,medium,WHITE,ziyadnz/hourly-ipv4,ziyadnz|hourly,2026-08-17T18:48:05Z,2026-08-17T18:48:05Z,
51.222.95.193,ipv4,malicious-ip,medium,WHITE,ziyadnz/hourly-ipv4,ziyadnz|hourly,2026-08-17T18:48:05Z,2026-08-17T18:48:05Z,
51.222.95.198,ipv4,malicious-ip,medium,WHITE,ziyadnz/hourly-ipv4,ziyadnz|hourly,2026-08-17T18:48:05Z,2026-08-17T18:48:05Z,
51.222.95.2,ipv4,malicious-ip,medium,WHITE,ziyadnz/hourly-ipv4,ziyadnz|hourly,2026-08-17T18:48:05Z,2026-08-17T18:48:05Z,
51.222.95.200,ipv4,malicious-ip,medium,WHITE,ziyadnz/hourly-ipv4,ziyadnz|hourly,2026-08-17T18:48:05Z,2026-08-17T18:48:05Z,
51.222.95.204,ipv4,malicious-ip,medium,WHITE,ziyadnz/hourly-ipv4,ziyadnz|hourly,2026-08-17T18:48:05Z,2026-08-17T18:48:05Z,
51.222.95.206,ipv4,malicious-ip,medium,WHITE,ziyadnz/hourly-ipv4,ziyadnz|hourly,2026-08-17T18:48:05Z,2026-08-17T18:48:05Z,
51.222.95.209,ipv4,malicious-ip,medium,WHITE,ziyadnz/hourly-ipv4,ziyadnz|hourly,2026-08-17T18:48:05Z,2026-08-17T18:48:05Z,
51.222.95.216,ipv4,malicious-ip,medium,WHITE,ziyadnz/hourly-ipv4,ziyadnz|hourly,2026-08-17T18:48:05Z,2026-08-17T18:48:05Z,
51.222.95.23,ipv4,malicious-ip,medium,WHITE,ziyadnz/hourly-ipv4,ziyadnz|hourly,2026-08-17T18:48:05Z,2026-08-17T18:48:05Z,
51.222.95.236,ipv4,malicious-ip,medium,WHITE,ziyadnz/hourly-ipv4,ziyadnz|hourly,2026-08-17T18:48:05Z,2026-08-17T18:48:05Z,
51.222.95.24,ipv4,malicious-ip,medium,WHITE,ziyadnz/hourly-ipv4,ziyadnz|hourly,2026-08-17T18:48:05Z,2026-08-17T18:48:05Z,
51.222.95.249,ipv4,malicious-ip,medium,WHITE,ziyadnz/hourly-ipv4,ziyadnz|hourly,2026-08-17T18:48:05Z,2026-08-17T18:48:05Z,
51.222.95.29,ipv4,malicious-ip,medium,WHITE,ziyadnz/hourly-ipv4,ziyadnz|hourly,2026-08-17T18:48:05Z,2026-08-17T18:48:05Z,
51.222.95.32,ipv4,malicious-ip,medium,WHITE,ziyadnz/hourly-ipv4,ziyadnz|hourly,2026-08-17T18:48:05Z,2026-08-17T18:48:05Z,
51.222.95.49,ipv4,malicious-ip,medium,WHITE,ziyadnz/hourly-ipv4,ziyadnz|hourly,2026-08-17T18:48:05Z,2026-08-17T18:48:05Z,
51.222.95.53,ipv4,malicious-ip,medium,WHITE,ziyadnz/hourly-ipv4,ziyadnz|hourly,2026-08-17T18:48:05Z,2026-08-17T18:48:05Z,
51.222.95.62,ipv4,malicious-ip,medium,WHITE,ziyadnz/hourly-ipv4,ziyadnz|hourly,2026-08-17T18:48:05Z,2026-08-17T18:48:05Z,
51.222.95.7,ipv4,malicious-ip,medium,WHITE,ziyadnz/hourly-ipv4,ziyadnz|hourly,2026-08-17T18:48:05Z,2026-08-17T18:48:05Z,
51.222.95.74,ipv4,malicious-ip,medium,WHITE,ziyadnz/hourly-ipv4,ziyadnz|hourly,2026-08-17T18:48:05Z,2026-08-17T18:48:05Z,
51.222.95.77,ipv4,malicious-ip,medium,WHITE,ziyadnz/hourly-ipv4,ziyadnz|hourly,2026-08-17T18:48:05Z,2026-08-17T18:48:05Z,
51.222.95.92,ipv4,malicious-ip,medium,WHITE,ziyadnz/hourly-ipv4,ziyadnz|hourly,2026-08-17T18:48:05Z,2026-08-17T18:48:05Z,
51.222.96.111,ipv4,malicious-ip,medium,WHITE,ziyadnz/hourly-ipv4,ziyadnz|hourly,2026-08-17T18:48:05Z,2026-08-17T18:48:05Z,
51.223.140.232,ipv4,malicious-ip,medium,WHITE,ziyadnz/hourly-ipv4,ziyadnz|hourly,2026-08-17T18:48:05Z,2026-08-17T18:48:05Z,
51.223.148.80,ipv4,malicious-ip,medium,WHITE,ziyadnz/hourly-ipv4,ziyadnz|hourly,2026-08-17T18:48:05Z,2026-08-17T18:48:05Z,
51.223.159.38,ipv4,malicious-ip,medium,WHITE,ziyadnz/hourly-ipv4,ziyadnz|hourly,2026-08-17T18:48:05Z,2026-08-17T18:48:05Z,
51.223.2.244,ipv4,malicious-ip,medium,WHITE,ziyadnz/hourly-ipv4,ziyadnz|hourly,2026-08-17T18:48:05Z,2026-08-17T18:48:05Z,
51.223.76.109,ipv4,malicious-ip,medium,WHITE,ziyadnz/hourly-ipv4,ziyadnz|hourly,2026-08-17T18:48:05Z,2026-08-17T18:48:05Z,
51.250.105.222,ipv4,malicious-ip,medium,WHITE,ziyadnz/hourly-ipv4,ziyadnz|hourly,2026-08-17T18:48:05Z,2026-08-17T18:48:05Z,
51.254.130.152,ipv4,malicious-ip,medium,WHITE,ziyadnz/hourly-ipv4,ziyadnz|hourly,2026-08-17T18:48:05Z,2026-08-17T18:48:05Z,
51.254.133.102,ipv4,malicious-ip,medium,WHITE,ziyadnz/hourly-ipv4,ziyadnz|hourly,2026-08-17T18:48:05Z,2026-08-17T18:48:05Z,
51.254.135.218,ipv4,malicious-ip,medium,WHITE,ziyadnz/hourly-ipv4,ziyadnz|hourly,2026-08-17T18:48:05Z,2026-08-17T18:48:05Z,
51.254.140.238,ipv4,malicious-ip,medium,WHITE,ziyadnz/hourly-ipv4,ziyadnz|hourly,2026-08-17T18:48:05Z,2026-08-17T18:48:05Z,
51.254.146.130,ipv4,malicious-ip,medium,WHITE,ziyadnz/hourly-ipv4,ziyadnz|hourly,2026-08-17T18:48:05Z,2026-08-17T18:48:05Z,
51.254.59.113,ipv4,malicious-ip,medium,WHITE,ziyadnz/hourly-ipv4,ziyadnz|hourly,2026-08-17T18:48:05Z,2026-08-17T18:48:05Z,
51.254.98.46,ipv4,malicious-ip,medium,WHITE,ziyadnz/hourly-ipv4,ziyadnz|hourly,2026-08-17T18:48:05Z,2026-08-17T18:48:05Z,
51.255.131.231,ipv4,malicious-ip,medium,WHITE,ziyadnz/hourly-ipv4,ziyadnz|hourly,2026-08-17T18:48:05Z,2026-08-17T18:48:05Z,
51.255.152.132,ipv4,malicious-ip,medium,WHITE,ziyadnz/hourly-ipv4,ziyadnz|hourly,2026-08-17T18:48:05Z,2026-08-17T18:48:05Z,
51.255.170.237,ipv4,malicious-ip,medium,WHITE,ziyadnz/hourly-ipv4,ziyadnz|hourly,2026-08-17T18:48:05Z,2026-08-17T18:48:05Z,
51.255.171.23,ipv4,malicious-ip,medium,WHITE,ziyadnz/hourly-ipv4,ziyadnz|hourly,2026-08-17T18:48:05Z,2026-08-17T18:48:05Z,
51.255.197.21,ipv4,malicious-ip,medium,WHITE,ziyadnz/hourly-ipv4,ziyadnz|hourly,2026-08-17T18:48:05Z,2026-08-17T18:48:05Z,
51.255.199.145,ipv4,malicious-ip,medium,WHITE,ziyadnz/hourly-ipv4,ziyadnz|hourly,2026-08-17T18:48:05Z,2026-08-17T18:48:05Z,
51.255.50.116,ipv4,malicious-ip,medium,WHITE,ziyadnz/hourly-ipv4,ziyadnz|hourly,2026-08-17T18:48:05Z,2026-08-17T18:48:05Z,
51.36.174.71,ipv4,malicious-ip,medium,WHITE,ziyadnz/hourly-ipv4,ziyadnz|hourly,2026-08-17T18:48:05Z,2026-08-17T18:48:05Z,
51.36.248.81,ipv4,malicious-ip,medium,WHITE,ziyadnz/hourly-ipv4,ziyadnz|hourly,2026-08-17T18:48:05Z,2026-08-17T18:48:05Z,
51.36.94.121,ipv4,malicious-ip,medium,WHITE,ziyadnz/hourly-ipv4,ziyadnz|hourly,2026-08-17T18:48:05Z,2026-08-17T18:48:05Z,
51.38.115.161,ipv4,malicious-ip,medium,WHITE,ziyadnz/hourly-ipv4,ziyadnz|hourly,2026-08-17T18:48:05Z,2026-08-17T18:48:05Z,
51.38.12.12,ipv4,malicious-ip,medium,WHITE,ziyadnz/hourly-ipv4,ziyadnz|hourly,2026-08-17T18:48:05Z,2026-08-17T18:48:05Z,
51.38.12.13,ipv4,malicious-ip,medium,WHITE,ziyadnz/hourly-ipv4,ziyadnz|hourly,2026-08-17T18:48:05Z,2026-08-17T18:48:05Z,
51.38.12.14,ipv4,malicious-ip,medium,WHITE,ziyadnz/hourly-ipv4,ziyadnz|hourly,2026-08-17T18:48:05Z,2026-08-17T18:48:05Z,
51.38.12.15,ipv4,malicious-ip,medium,WHITE,ziyadnz/hourly-ipv4,ziyadnz|hourly,2026-08-17T18:48:05Z,2026-08-17T18:48:05Z,
51.38.123.130,ipv4,malicious-ip,medium,WHITE,ziyadnz/hourly-ipv4,ziyadnz|hourly,2026-08-17T18:48:05Z,2026-08-17T18:48:05Z,
51.38.127.11,ipv4,malicious-ip,medium,WHITE,ziyadnz/hourly-ipv4,ziyadnz|hourly,2026-08-17T18:48:05Z,2026-08-17T18:48:05Z,
51.38.137.113,ipv4,malicious-ip,medium,WHITE,ziyadnz/hourly-ipv4,ziyadnz|hourly,2026-08-17T18:48:05Z,2026-08-17T18:48:05Z,
51.38.137.114,ipv4,malicious-ip,medium,WHITE,ziyadnz/hourly-ipv4,ziyadnz|hourly,2026-08-17T18:48:05Z,2026-08-17T18:48:05Z,
51.38.189.153,ipv4,malicious-ip,medium,WHITE,ziyadnz/hourly-ipv4,ziyadnz|hourly,2026-08-17T18:48:05Z,2026-08-17T18:48:05Z,
51.38.196.153,ipv4,malicious-ip,medium,WHITE,ziyadnz/hourly-ipv4,ziyadnz|hourly,2026-08-17T18:48:05Z,2026-08-17T18:48:05Z,
51.38.226.110,ipv4,malicious-ip,medium,WHITE,ziyadnz/hourly-ipv4,ziyadnz|hourly,2026-08-17T18:48:05Z,2026-08-17T18:48:05Z,
51.38.226.132,ipv4,malicious-ip,medium,WHITE,ziyadnz/hourly-ipv4,ziyadnz|hourly,2026-08-17T18:48:05Z,2026-08-17T18:48:05Z,
51.38.238.147,ipv4,malicious-ip,medium,WHITE,ziyadnz/hourly-ipv4,ziyadnz|hourly,2026-08-17T18:48:05Z,2026-08-17T18:48:05Z,
51.38.247.67,ipv4,malicious-ip,medium,WHITE,ziyadnz/hourly-ipv4,ziyadnz|hourly,2026-08-17T18:48:05Z,2026-08-17T18:48:05Z,
51.38.35.193,ipv4,malicious-ip,medium,WHITE,ziyadnz/hourly-ipv4,ziyadnz|hourly,2026-08-17T18:48:05Z,2026-08-17T18:48:05Z,
51.38.51.166,ipv4,malicious-ip,medium,WHITE,ziyadnz/hourly-ipv4,ziyadnz|hourly,2026-08-17T18:48:05Z,2026-08-17T18:48:05Z,
51.38.62.181,ipv4,malicious-ip,medium,WHITE,ziyadnz/hourly-ipv4,ziyadnz|hourly,2026-08-17T18:48:05Z,2026-08-17T18:48:05Z,
51.38.62.182,ipv4,malicious-ip,medium,WHITE,ziyadnz/hourly-ipv4,ziyadnz|hourly,2026-08-17T18:48:05Z,2026-08-17T18:48:05Z,
51.38.70.50,ipv4,malicious-ip,medium,WHITE,ziyadnz/hourly-ipv4,ziyadnz|hourly,2026-08-17T18:48:05Z,2026-08-17T18:48:05Z,
51.38.71.55,ipv4,malicious-ip,medium,WHITE,ziyadnz/hourly-ipv4,ziyadnz|hourly,2026-08-17T18:48:05Z,2026-08-17T18:48:05Z,
51.38.72.0,ipv4,malicious-ip,medium,WHITE,ziyadnz/hourly-ipv4,ziyadnz|hourly,2026-08-17T18:48:05Z,2026-08-17T18:48:05Z,
51.38.87.253,ipv4,malicious-ip,medium,WHITE,ziyadnz/hourly-ipv4,ziyadnz|hourly,2026-08-17T18:48:05Z,2026-08-17T18:48:05Z,
51.39.233.142,ipv4,malicious-ip,medium,WHITE,ziyadnz/hourly-ipv4,ziyadnz|hourly,2026-08-17T18:48:05Z,2026-08-17T18:48:05Z,
51.52.19.43,ipv4,malicious-ip,medium,WHITE,ziyadnz/hourly-ipv4,ziyadnz|hourly,2026-08-17T18:48:05Z,2026-08-17T18:48:05Z,
51.68.107.0,ipv4,malicious-ip,medium,WHITE,ziyadnz/hourly-ipv4,ziyadnz|hourly,2026-08-17T18:48:05Z,2026-08-17T18:48:05Z,
51.68.107.138,ipv4,malicious-ip,medium,WHITE,ziyadnz/hourly-ipv4,ziyadnz|hourly,2026-08-17T18:48:05Z,2026-08-17T18:48:05Z,
51.68.107.139,ipv4,malicious-ip,medium,WHITE,ziyadnz/hourly-ipv4,ziyadnz|hourly,2026-08-17T18:48:05Z,2026-08-17T18:48:05Z,
51.68.107.146,ipv4,malicious-ip,medium,WHITE,ziyadnz/hourly-ipv4,ziyadnz|hourly,2026-08-17T18:48:05Z,2026-08-17T18:48:05Z,
51.68.107.148,ipv4,malicious-ip,medium,WHITE,ziyadnz/hourly-ipv4,ziyadnz|hourly,2026-08-17T18:48:05Z,2026-08-17T18:48:05Z,
51.68.111.0,ipv4,malicious-ip,medium,WHITE,ziyadnz/hourly-ipv4,ziyadnz|hourly,2026-08-17T18:48:05Z,2026-08-17T18:48:05Z,
51.68.111.202,ipv4,malicious-ip,medium,WHITE,ziyadnz/hourly-ipv4,ziyadnz|hourly,2026-08-17T18:48:05Z,2026-08-17T18:48:05Z,
51.68.111.204,ipv4,malicious-ip,medium,WHITE,ziyadnz/hourly-ipv4,ziyadnz|hourly,2026-08-17T18:48:05Z,2026-08-17T18:48:05Z,
51.68.111.205,ipv4,malicious-ip,medium,WHITE,ziyadnz/hourly-ipv4,ziyadnz|hourly,2026-08-17T18:48:05Z,2026-08-17T18:48:05Z,
51.68.111.208,ipv4,malicious-ip,medium,WHITE,ziyadnz/hourly-ipv4,ziyadnz|hourly,2026-08-17T18:48:05Z,2026-08-17T18:48:05Z,
51.68.111.212,ipv4,malicious-ip,medium,WHITE,ziyadnz/hourly-ipv4,ziyadnz|hourly,2026-08-17T18:48:05Z,2026-08-17T18:48:05Z,
51.68.111.213,ipv4,malicious-ip,medium,WHITE,ziyadnz/hourly-ipv4,ziyadnz|hourly,2026-08-17T18:48:05Z,2026-08-17T18:48:05Z,
51.68.111.215,ipv4,malicious-ip,medium,WHITE,ziyadnz/hourly-ipv4,ziyadnz|hourly,2026-08-17T18:48:05Z,2026-08-17T18:48:05Z,
51.68.111.217,ipv4,malicious-ip,medium,WHITE,ziyadnz/hourly-ipv4,ziyadnz|hourly,2026-08-17T18:48:05Z,2026-08-17T18:48:05Z,
51.68.111.239,ipv4,malicious-ip,medium,WHITE,ziyadnz/hourly-ipv4,ziyadnz|hourly,2026-08-17T18:48:05Z,2026-08-17T18:48:05Z,
51.68.124.8,ipv4,malicious-ip,medium,WHITE,ziyadnz/hourly-ipv4,ziyadnz|hourly,2026-08-17T18:48:05Z,2026-08-17T18:48:05Z,
51.68.147.114,ipv4,malicious-ip,medium,WHITE,ziyadnz/hourly-ipv4,ziyadnz|hourly,2026-08-17T18:48:05Z,2026-08-17T18:48:05Z,
51.68.178.145,ipv4,malicious-ip,medium,WHITE,ziyadnz/hourly-ipv4,ziyadnz|hourly,2026-08-17T18:48:05Z,2026-08-17T18:48:05Z,
51.68.180.9,ipv4,malicious-ip,medium,WHITE,ziyadnz/hourly-ipv4,ziyadnz|hourly,2026-08-17T18:48:05Z,2026-08-17T18:48:05Z,
51.68.189.147,ipv4,malicious-ip,medium,WHITE,ziyadnz/hourly-ipv4,ziyadnz|hourly,2026-08-17T18:48:05Z,2026-08-17T18:48:05Z,
51.68.19.101,ipv4,malicious-ip,medium,WHITE,ziyadnz/hourly-ipv4,ziyadnz|hourly,2026-08-17T18:48:05Z,2026-08-17T18:48:05Z,
51.68.19.91,ipv4,malicious-ip,medium,WHITE,ziyadnz/hourly-ipv4,ziyadnz|hourly,2026-08-17T18:48:05Z,2026-08-17T18:48:05Z,
51.68.19.98,ipv4,malicious-ip,medium,WHITE,ziyadnz/hourly-ipv4,ziyadnz|hourly,2026-08-17T18:48:05Z,2026-08-17T18:48:05Z,
51.68.231.68,ipv4,malicious-ip,medium,WHITE,ziyadnz/hourly-ipv4,ziyadnz|hourly,2026-08-17T18:48:05Z,2026-08-17T18:48:05Z,
51.68.234.121,ipv4,malicious-ip,medium,WHITE,ziyadnz/hourly-ipv4,ziyadnz|hourly,2026-08-17T18:48:05Z,2026-08-17T18:48:05Z,
51.68.236.0,ipv4,malicious-ip,medium,WHITE,ziyadnz/hourly-ipv4,ziyadnz|hourly,2026-08-17T18:48:05Z,2026-08-17T18:48:05Z,
51.68.236.114,ipv4,malicious-ip,medium,WHITE,ziyadnz/hourly-ipv4,ziyadnz|hourly,2026-08-17T18:48:05Z,2026-08-17T18:48:05Z,
51.68.236.59,ipv4,malicious-ip,medium,WHITE,ziyadnz/hourly-ipv4,ziyadnz|hourly,2026-08-17T18:48:05Z,2026-08-17T18:48:05Z,
51.68.236.64,ipv4,malicious-ip,medium,WHITE,ziyadnz/hourly-ipv4,ziyadnz|hourly,2026-08-17T18:48:05Z,2026-08-17T18:48:05Z,
51.68.236.72,ipv4,malicious-ip,medium,WHITE,ziyadnz/hourly-ipv4,ziyadnz|hourly,2026-08-17T18:48:05Z,2026-08-17T18:48:05Z,
51.68.236.94,ipv4,malicious-ip,medium,WHITE,ziyadnz/hourly-ipv4,ziyadnz|hourly,2026-08-17T18:48:05Z,2026-08-17T18:48:05Z,
51.68.247.0,ipv4,malicious-ip,medium,WHITE,ziyadnz/hourly-ipv4,ziyadnz|hourly,2026-08-17T18:48:05Z,2026-08-17T18:48:05Z,
51.68.247.192,ipv4,malicious-ip,medium,WHITE,ziyadnz/hourly-ipv4,ziyadnz|hourly,2026-08-17T18:48:05Z,2026-08-17T18:48:05Z,
51.68.247.193,ipv4,malicious-ip,medium,WHITE,ziyadnz/hourly-ipv4,ziyadnz|hourly,2026-08-17T18:48:05Z,2026-08-17T18:48:05Z,
51.68.247.197,ipv4,malicious-ip,medium,WHITE,ziyadnz/hourly-ipv4,ziyadnz|hourly,2026-08-17T18:48:05Z,2026-08-17T18:48:05Z,
51.68.247.198,ipv4,malicious-ip,medium,WHITE,ziyadnz/hourly-ipv4,ziyadnz|hourly,2026-08-17T18:48:05Z,2026-08-17T18:48:05Z,
51.68.247.201,ipv4,malicious-ip,medium,WHITE,ziyadnz/hourly-ipv4,ziyadnz|hourly,2026-08-17T18:48:05Z,2026-08-17T18:48:05Z,
51.68.247.203,ipv4,malicious-ip,medium,WHITE,ziyadnz/hourly-ipv4,ziyadnz|hourly,2026-08-17T18:48:05Z,2026-08-17T18:48:05Z,
51.68.247.205,ipv4,malicious-ip,medium,WHITE,ziyadnz/hourly-ipv4,ziyadnz|hourly,2026-08-17T18:48:05Z,2026-08-17T18:48:05Z,
51.68.247.206,ipv4,malicious-ip,medium,WHITE,ziyadnz/hourly-ipv4,ziyadnz|hourly,2026-08-17T18:48:05Z,2026-08-17T18:48:05Z,
51.68.247.210,ipv4,malicious-ip,medium,WHITE,ziyadnz/hourly-ipv4,ziyadnz|hourly,2026-08-17T18:48:05Z,2026-08-17T18:48:05Z,
51.68.247.213,ipv4,malicious-ip,medium,WHITE,ziyadnz/hourly-ipv4,ziyadnz|hourly,2026-08-17T18:48:05Z,2026-08-17T18:48:05Z,
51.68.247.214,ipv4,malicious-ip,medium,WHITE,ziyadnz/hourly-ipv4,ziyadnz|hourly,2026-08-17T18:48:05Z,2026-08-17T18:48:05Z,
51.68.247.218,ipv4,malicious-ip,medium,WHITE,ziyadnz/hourly-ipv4,ziyadnz|hourly,2026-08-17T18:48:05Z,2026-08-17T18:48:05Z,
51.68.247.220,ipv4,malicious-ip,medium,WHITE,ziyadnz/hourly-ipv4,ziyadnz|hourly,2026-08-17T18:48:05Z,2026-08-17T18:48:05Z,
51.68.247.221,ipv4,malicious-ip,medium,WHITE,ziyadnz/hourly-ipv4,ziyadnz|hourly,2026-08-17T18:48:05Z,2026-08-17T18:48:05Z,
51.68.34.180,ipv4,malicious-ip,medium,WHITE,ziyadnz/hourly-ipv4,ziyadnz|hourly,2026-08-17T18:48:05Z,2026-08-17T18:48:05Z,
51.68.34.57,ipv4,malicious-ip,medium,WHITE,ziyadnz/hourly-ipv4,ziyadnz|hourly,2026-08-17T18:48:05Z,2026-08-17T18:48:05Z,
51.68.50.81,ipv4,malicious-ip,medium,WHITE,ziyadnz/hourly-ipv4,ziyadnz|hourly,2026-08-17T18:48:05Z,2026-08-17T18:48:05Z,
51.68.65.117,ipv4,malicious-ip,medium,WHITE,ziyadnz/hourly-ipv4,ziyadnz|hourly,2026-08-17T18:48:05Z,2026-08-17T18:48:05Z,
51.75.106.119,ipv4,malicious-ip,medium,WHITE,ziyadnz/hourly-ipv4,ziyadnz|hourly,2026-08-17T18:48:05Z,2026-08-17T18:48:05Z,
51.75.116.156,ipv4,malicious-ip,medium,WHITE,ziyadnz/hourly-ipv4,ziyadnz|hourly,2026-08-17T18:48:05Z,2026-08-17T18:48:05Z,
51.75.116.202,ipv4,malicious-ip,medium,WHITE,ziyadnz/hourly-ipv4,ziyadnz|hourly,2026-08-17T18:48:05Z,2026-08-17T18:48:05Z,
51.75.119.0,ipv4,malicious-ip,medium,WHITE,ziyadnz/hourly-ipv4,ziyadnz|hourly,2026-08-17T18:48:05Z,2026-08-17T18:48:05Z,
51.75.119.161,ipv4,malicious-ip,medium,WHITE,ziyadnz/hourly-ipv4,ziyadnz|hourly,2026-08-17T18:48:05Z,2026-08-17T18:48:05Z,
51.75.119.165,ipv4,malicious-ip,medium,WHITE,ziyadnz/hourly-ipv4,ziyadnz|hourly,2026-08-17T18:48:05Z,2026-08-17T18:48:05Z,
51.75.119.30,ipv4,malicious-ip,medium,WHITE,ziyadnz/hourly-ipv4,ziyadnz|hourly,2026-08-17T18:48:05Z,2026-08-17T18:48:05Z,
51.75.119.69,ipv4,malicious-ip,medium,WHITE,ziyadnz/hourly-ipv4,ziyadnz|hourly,2026-08-17T18:48:05Z,2026-08-17T18:48:05Z,
51.75.127.195,ipv4,malicious-ip,medium,WHITE,ziyadnz/hourly-ipv4,ziyadnz|hourly,2026-08-17T18:48:05Z,2026-08-17T18:48:05Z,
51.75.128.89,ipv4,malicious-ip,medium,WHITE,ziyadnz/hourly-ipv4,ziyadnz|hourly,2026-08-17T18:48:05Z,2026-08-17T18:48:05Z,
51.75.129.164,ipv4,malicious-ip,medium,WHITE,ziyadnz/hourly-ipv4,ziyadnz|hourly,2026-08-17T18:48:05Z,2026-08-17T18:48:05Z,
51.75.142.41,ipv4,malicious-ip,medium,WHITE,ziyadnz/hourly-ipv4,ziyadnz|hourly,2026-08-17T18:48:05Z,2026-08-17T18:48:05Z,
51.75.176.252,ipv4,malicious-ip,medium,WHITE,ziyadnz/hourly-ipv4,ziyadnz|hourly,2026-08-17T18:48:05Z,2026-08-17T18:48:05Z,
51.75.194.44,ipv4,malicious-ip,medium,WHITE,ziyadnz/hourly-ipv4,ziyadnz|hourly,2026-08-17T18:48:05Z,2026-08-17T18:48:05Z,
51.75.200.91,ipv4,malicious-ip,medium,WHITE,ziyadnz/hourly-ipv4,ziyadnz|hourly,2026-08-17T18:48:05Z,2026-08-17T18:48:05Z,
51.75.236.0,ipv4,malicious-ip,medium,WHITE,ziyadnz/hourly-ipv4,ziyadnz|hourly,2026-08-17T18:48:05Z,2026-08-17T18:48:05Z,
51.75.236.128,ipv4,malicious-ip,medium,WHITE,ziyadnz/hourly-ipv4,ziyadnz|hourly,2026-08-17T18:48:05Z,2026-08-17T18:48:05Z,
51.75.236.131,ipv4,malicious-ip,medium,WHITE,ziyadnz/hourly-ipv4,ziyadnz|hourly,2026-08-17T18:48:05Z,2026-08-17T18:48:05Z,
51.75.236.133,ipv4,malicious-ip,medium,WHITE,ziyadnz/hourly-ipv4,ziyadnz|hourly,2026-08-17T18:48:05Z,2026-08-17T18:48:05Z,
51.75.236.137,ipv4,malicious-ip,medium,WHITE,ziyadnz/hourly-ipv4,ziyadnz|hourly,2026-08-17T18:48:05Z,2026-08-17T18:48:05Z,
51.75.236.138,ipv4,malicious-ip,medium,WHITE,ziyadnz/hourly-ipv4,ziyadnz|hourly,2026-08-17T18:48:05Z,2026-08-17T18:48:05Z,
51.75.236.144,ipv4,malicious-ip,medium,WHITE,ziyadnz/hourly-ipv4,ziyadnz|hourly,2026-08-17T18:48:05Z,2026-08-17T18:48:05Z,
51.75.236.145,ipv4,malicious-ip,medium,WHITE,ziyadnz/hourly-ipv4,ziyadnz|hourly,2026-08-17T18:48:05Z,2026-08-17T18:48:05Z,
51.75.236.147,ipv4,malicious-ip,medium,WHITE,ziyadnz/hourly-ipv4,ziyadnz|hourly,2026-08-17T18:48:05Z,2026-08-17T18:48:05Z,
51.75.236.152,ipv4,malicious-ip,medium,WHITE,ziyadnz/hourly-ipv4,ziyadnz|hourly,2026-08-17T18:48:05Z,2026-08-17T18:48:05Z,
51.75.236.154,ipv4,malicious-ip,medium,WHITE,ziyadnz/hourly-ipv4,ziyadnz|hourly,2026-08-17T18:48:05Z,2026-08-17T18:48:05Z,
51.75.236.156,ipv4,malicious-ip,medium,WHITE,ziyadnz/hourly-ipv4,ziyadnz|hourly,2026-08-17T18:48:05Z,2026-08-17T18:48:05Z,
51.75.236.159,ipv4,malicious-ip,medium,WHITE,ziyadnz/hourly-ipv4,ziyadnz|hourly,2026-08-17T18:48:05Z,2026-08-17T18:48:05Z,
51.75.24.26,ipv4,malicious-ip,medium,WHITE,ziyadnz/hourly-ipv4,ziyadnz|hourly,2026-08-17T18:48:05Z,2026-08-17T18:48:05Z,
51.75.64.35,ipv4,malicious-ip,medium,WHITE,ziyadnz/hourly-ipv4,ziyadnz|hourly,2026-08-17T18:48:05Z,2026-08-17T18:48:05Z,
51.77.102.106,ipv4,malicious-ip,medium,WHITE,ziyadnz/hourly-ipv4,ziyadnz|hourly,2026-08-17T18:48:05Z,2026-08-17T18:48:05Z,
51.77.140.144,ipv4,malicious-ip,medium,WHITE,ziyadnz/hourly-ipv4,ziyadnz|hourly,2026-08-17T18:48:05Z,2026-08-17T18:48:05Z,
51.77.141.39,ipv4,malicious-ip,medium,WHITE,ziyadnz/hourly-ipv4,ziyadnz|hourly,2026-08-17T18:48:05Z,2026-08-17T18:48:05Z,
51.77.193.41,ipv4,malicious-ip,medium,WHITE,ziyadnz/hourly-ipv4,ziyadnz|hourly,2026-08-17T18:48:05Z,2026-08-17T18:48:05Z,
51.77.216.124,ipv4,malicious-ip,medium,WHITE,ziyadnz/hourly-ipv4,ziyadnz|hourly,2026-08-17T18:48:05Z,2026-08-17T18:48:05Z,
51.77.216.212,ipv4,malicious-ip,medium,WHITE,ziyadnz/hourly-ipv4,ziyadnz|hourly,2026-08-17T18:48:05Z,2026-08-17T18:48:05Z,
51.77.216.36,ipv4,malicious-ip,medium,WHITE,ziyadnz/hourly-ipv4,ziyadnz|hourly,2026-08-17T18:48:05Z,2026-08-17T18:48:05Z,
51.77.216.81,ipv4,malicious-ip,medium,WHITE,ziyadnz/hourly-ipv4,ziyadnz|hourly,2026-08-17T18:48:05Z,2026-08-17T18:48:05Z,
51.77.217.11,ipv4,malicious-ip,medium,WHITE,ziyadnz/hourly-ipv4,ziyadnz|hourly,2026-08-17T18:48:05Z,2026-08-17T18:48:05Z,
51.77.30.41,ipv4,malicious-ip,medium,WHITE,ziyadnz/hourly-ipv4,ziyadnz|hourly,2026-08-17T18:48:05Z,2026-08-17T18:48:05Z,
51.77.52.145,ipv4,malicious-ip,medium,WHITE,ziyadnz/hourly-ipv4,ziyadnz|hourly,2026-08-17T18:48:05Z,2026-08-17T18:48:05Z,
51.77.59.90,ipv4,malicious-ip,medium,WHITE,ziyadnz/hourly-ipv4,ziyadnz|hourly,2026-08-17T18:48:05Z,2026-08-17T18:48:05Z,
51.79.107.91,ipv4,malicious-ip,medium,WHITE,ziyadnz/hourly-ipv4,ziyadnz|hourly,2026-08-17T18:48:05Z,2026-08-17T18:48:05Z,
51.79.111.242,ipv4,malicious-ip,medium,WHITE,ziyadnz/hourly-ipv4,ziyadnz|hourly,2026-08-17T18:48:05Z,2026-08-17T18:48:05Z,
51.79.143.215,ipv4,malicious-ip,medium,WHITE,ziyadnz/hourly-ipv4,ziyadnz|hourly,2026-08-17T18:48:05Z,2026-08-17T18:48:05Z,
51.79.145.12,ipv4,malicious-ip,medium,WHITE,ziyadnz/hourly-ipv4,ziyadnz|hourly,2026-08-17T18:48:05Z,2026-08-17T18:48:05Z,
51.79.152.16,ipv4,malicious-ip,medium,WHITE,ziyadnz/hourly-ipv4,ziyadnz|hourly,2026-08-17T18:48:05Z,2026-08-17T18:48:05Z,
51.79.152.192,ipv4,malicious-ip,medium,WHITE,ziyadnz/hourly-ipv4,ziyadnz|hourly,2026-08-17T18:48:05Z,2026-08-17T18:48:05Z,
51.79.152.198,ipv4,malicious-ip,medium,WHITE,ziyadnz/hourly-ipv4,ziyadnz|hourly,2026-08-17T18:48:05Z,2026-08-17T18:48:05Z,
51.79.154.13,ipv4,malicious-ip,medium,WHITE,ziyadnz/hourly-ipv4,ziyadnz|hourly,2026-08-17T18:48:05Z,2026-08-17T18:48:05Z,
51.79.154.28,ipv4,malicious-ip,medium,WHITE,ziyadnz/hourly-ipv4,ziyadnz|hourly,2026-08-17T18:48:05Z,2026-08-17T18:48:05Z,
51.79.154.30,ipv4,malicious-ip,medium,WHITE,ziyadnz/hourly-ipv4,ziyadnz|hourly,2026-08-17T18:48:05Z,2026-08-17T18:48:05Z,
51.79.154.42,ipv4,malicious-ip,medium,WHITE,ziyadnz/hourly-ipv4,ziyadnz|hourly,2026-08-17T18:48:05Z,2026-08-17T18:48:05Z,
51.79.157.219,ipv4,malicious-ip,medium,WHITE,ziyadnz/hourly-ipv4,ziyadnz|hourly,2026-08-17T18:48:05Z,2026-08-17T18:48:05Z,
51.79.161.93,ipv4,malicious-ip,medium,WHITE,ziyadnz/hourly-ipv4,ziyadnz|hourly,2026-08-17T18:48:05Z,2026-08-17T18:48:05Z,
51.79.162.82,ipv4,malicious-ip,medium,WHITE,ziyadnz/hourly-ipv4,ziyadnz|hourly,2026-08-17T18:48:05Z,2026-08-17T18:48:05Z,
51.79.177.119,ipv4,malicious-ip,medium,WHITE,ziyadnz/hourly-ipv4,ziyadnz|hourly,2026-08-17T18:48:05Z,2026-08-17T18:48:05Z,
51.79.185.145,ipv4,malicious-ip,medium,WHITE,ziyadnz/hourly-ipv4,ziyadnz|hourly,2026-08-17T18:48:05Z,2026-08-17T18:48:05Z,
51.79.186.36,ipv4,malicious-ip,medium,WHITE,ziyadnz/hourly-ipv4,ziyadnz|hourly,2026-08-17T18:48:05Z,2026-08-17T18:48:05Z,
51.79.187.71,ipv4,malicious-ip,medium,WHITE,ziyadnz/hourly-ipv4,ziyadnz|hourly,2026-08-17T18:48:05Z,2026-08-17T18:48:05Z,
51.79.19.53,ipv4,malicious-ip,medium,WHITE,ziyadnz/hourly-ipv4,ziyadnz|hourly,2026-08-17T18:48:05Z,2026-08-17T18:48:05Z,
51.79.191.203,ipv4,malicious-ip,medium,WHITE,ziyadnz/hourly-ipv4,ziyadnz|hourly,2026-08-17T18:48:05Z,2026-08-17T18:48:05Z,
51.79.196.85,ipv4,malicious-ip,medium,WHITE,ziyadnz/hourly-ipv4,ziyadnz|hourly,2026-08-17T18:48:05Z,2026-08-17T18:48:05Z,
51.79.208.192,ipv4,malicious-ip,medium,WHITE,ziyadnz/hourly-ipv4,ziyadnz|hourly,2026-08-17T18:48:05Z,2026-08-17T18:48:05Z,
51.79.214.125,ipv4,malicious-ip,medium,WHITE,ziyadnz/hourly-ipv4,ziyadnz|hourly,2026-08-17T18:48:05Z,2026-08-17T18:48:05Z,
51.79.216.140,ipv4,malicious-ip,medium,WHITE,ziyadnz/hourly-ipv4,ziyadnz|hourly,2026-08-17T18:48:05Z,2026-08-17T18:48:05Z,
51.79.228.189,ipv4,malicious-ip,medium,WHITE,ziyadnz/hourly-ipv4,ziyadnz|hourly,2026-08-17T18:48:05Z,2026-08-17T18:48:05Z,
51.79.251.170,ipv4,malicious-ip,medium,WHITE,ziyadnz/hourly-ipv4,ziyadnz|hourly,2026-08-17T18:48:05Z,2026-08-17T18:48:05Z,
51.79.65.194,ipv4,malicious-ip,medium,WHITE,ziyadnz/hourly-ipv4,ziyadnz|hourly,2026-08-17T18:48:05Z,2026-08-17T18:48:05Z,
51.79.68.87,ipv4,malicious-ip,medium,WHITE,ziyadnz/hourly-ipv4,ziyadnz|hourly,2026-08-17T18:48:05Z,2026-08-17T18:48:05Z,
51.79.77.114,ipv4,malicious-ip,medium,WHITE,ziyadnz/hourly-ipv4,ziyadnz|hourly,2026-08-17T18:48:05Z,2026-08-17T18:48:05Z,
51.79.84.239,ipv4,malicious-ip,medium,WHITE,ziyadnz/hourly-ipv4,ziyadnz|hourly,2026-08-17T18:48:05Z,2026-08-17T18:48:05Z,
51.79.99.235,ipv4,malicious-ip,medium,WHITE,ziyadnz/hourly-ipv4,ziyadnz|hourly,2026-08-17T18:48:05Z,2026-08-17T18:48:05Z,
51.8.107.68,ipv4,malicious-ip,medium,WHITE,ziyadnz/hourly-ipv4,ziyadnz|hourly,2026-08-17T18:48:05Z,2026-08-17T18:48:05Z,
51.81.107.180,ipv4,malicious-ip,medium,WHITE,ziyadnz/hourly-ipv4,ziyadnz|hourly,2026-08-17T18:48:05Z,2026-08-17T18:48:05Z,
51.81.126.13,ipv4,malicious-ip,medium,WHITE,ziyadnz/hourly-ipv4,ziyadnz|hourly,2026-08-17T18:48:05Z,2026-08-17T18:48:05Z,
51.81.133.91,ipv4,malicious-ip,medium,WHITE,ziyadnz/hourly-ipv4,ziyadnz|hourly,2026-08-17T18:48:05Z,2026-08-17T18:48:05Z,
51.81.143.171,ipv4,malicious-ip,medium,WHITE,ziyadnz/hourly-ipv4,ziyadnz|hourly,2026-08-17T18:48:05Z,2026-08-17T18:48:05Z,
51.81.160.184,ipv4,malicious-ip,medium,WHITE,ziyadnz/hourly-ipv4,ziyadnz|hourly,2026-08-17T18:48:05Z,2026-08-17T18:48:05Z,
51.81.160.185,ipv4,malicious-ip,medium,WHITE,ziyadnz/hourly-ipv4,ziyadnz|hourly,2026-08-17T18:48:05Z,2026-08-17T18:48:05Z,
51.81.168.157,ipv4,malicious-ip,medium,WHITE,ziyadnz/hourly-ipv4,ziyadnz|hourly,2026-08-17T18:48:05Z,2026-08-17T18:48:05Z,
51.81.173.181,ipv4,malicious-ip,medium,WHITE,ziyadnz/hourly-ipv4,ziyadnz|hourly,2026-08-17T18:48:05Z,2026-08-17T18:48:05Z,
51.81.2.86,ipv4,malicious-ip,medium,WHITE,ziyadnz/hourly-ipv4,ziyadnz|hourly,2026-08-17T18:48:05Z,2026-08-17T18:48:05Z,
51.81.222.62,ipv4,malicious-ip,medium,WHITE,ziyadnz/hourly-ipv4,ziyadnz|hourly,2026-08-17T18:48:05Z,2026-08-17T18:48:05Z,
51.81.24.93,ipv4,malicious-ip,medium,WHITE,ziyadnz/hourly-ipv4,ziyadnz|hourly,2026-08-17T18:48:05Z,2026-08-17T18:48:05Z,
51.81.254.14,ipv4,malicious-ip,medium,WHITE,ziyadnz/hourly-ipv4,ziyadnz|hourly,2026-08-17T18:48:05Z,2026-08-17T18:48:05Z,
51.81.29.66,ipv4,malicious-ip,medium,WHITE,ziyadnz/hourly-ipv4,ziyadnz|hourly,2026-08-17T18:48:05Z,2026-08-17T18:48:05Z,
51.81.29.68,ipv4,malicious-ip,medium,WHITE,ziyadnz/hourly-ipv4,ziyadnz|hourly,2026-08-17T18:48:05Z,2026-08-17T18:48:05Z,
51.81.42.234,ipv4,malicious-ip,medium,WHITE,ziyadnz/hourly-ipv4,ziyadnz|hourly,2026-08-17T18:48:05Z,2026-08-17T18:48:05Z,
51.81.80.11,ipv4,malicious-ip,medium,WHITE,ziyadnz/hourly-ipv4,ziyadnz|hourly,2026-08-17T18:48:05Z,2026-08-17T18:48:05Z,
51.83.100.230,ipv4,malicious-ip,medium,WHITE,ziyadnz/hourly-ipv4,ziyadnz|hourly,2026-08-17T18:48:05Z,2026-08-17T18:48:05Z,
51.83.147.130,ipv4,malicious-ip,medium,WHITE,ziyadnz/hourly-ipv4,ziyadnz|hourly,2026-08-17T18:48:05Z,2026-08-17T18:48:05Z,
51.83.152.92,ipv4,malicious-ip,medium,WHITE,ziyadnz/hourly-ipv4,ziyadnz|hourly,2026-08-17T18:48:05Z,2026-08-17T18:48:05Z,
51.83.182.153,ipv4,malicious-ip,medium,WHITE,ziyadnz/hourly-ipv4,ziyadnz|hourly,2026-08-17T18:48:05Z,2026-08-17T18:48:05Z,
51.83.185.134,ipv4,malicious-ip,medium,WHITE,ziyadnz/hourly-ipv4,ziyadnz|hourly,2026-08-17T18:48:05Z,2026-08-17T18:48:05Z,
51.83.189.185,ipv4,malicious-ip,medium,WHITE,ziyadnz/hourly-ipv4,ziyadnz|hourly,2026-08-17T18:48:05Z,2026-08-17T18:48:05Z,
51.83.246.73,ipv4,malicious-ip,medium,WHITE,ziyadnz/hourly-ipv4,ziyadnz|hourly,2026-08-17T18:48:05Z,2026-08-17T18:48:05Z,
51.83.252.241,ipv4,malicious-ip,medium,WHITE,ziyadnz/hourly-ipv4,ziyadnz|hourly,2026-08-17T18:48:05Z,2026-08-17T18:48:05Z,
51.83.46.40,ipv4,malicious-ip,medium,WHITE,ziyadnz/hourly-ipv4,ziyadnz|hourly,2026-08-17T18:48:05Z,2026-08-17T18:48:05Z,
51.83.5.74,ipv4,malicious-ip,medium,WHITE,ziyadnz/hourly-ipv4,ziyadnz|hourly,2026-08-17T18:48:05Z,2026-08-17T18:48:05Z,
51.83.57.149,ipv4,malicious-ip,medium,WHITE,ziyadnz/hourly-ipv4,ziyadnz|hourly,2026-08-17T18:48:05Z,2026-08-17T18:48:05Z,
51.83.7.73,ipv4,malicious-ip,medium,WHITE,ziyadnz/hourly-ipv4,ziyadnz|hourly,2026-08-17T18:48:05Z,2026-08-17T18:48:05Z,
51.83.7.88,ipv4,malicious-ip,medium,WHITE,ziyadnz/hourly-ipv4,ziyadnz|hourly,2026-08-17T18:48:05Z,2026-08-17T18:48:05Z,
51.83.71.110,ipv4,malicious-ip,medium,WHITE,ziyadnz/hourly-ipv4,ziyadnz|hourly,2026-08-17T18:48:05Z,2026-08-17T18:48:05Z,
51.83.8.179,ipv4,malicious-ip,medium,WHITE,ziyadnz/hourly-ipv4,ziyadnz|hourly,2026-08-17T18:48:05Z,2026-08-17T18:48:05Z,
51.83.9.208,ipv4,malicious-ip,medium,WHITE,ziyadnz/hourly-ipv4,ziyadnz|hourly,2026-08-17T18:48:05Z,2026-08-17T18:48:05Z,
51.89.124.197,ipv4,malicious-ip,medium,WHITE,ziyadnz/hourly-ipv4,ziyadnz|hourly,2026-08-17T18:48:05Z,2026-08-17T18:48:05Z,
51.89.129.100,ipv4,malicious-ip,medium,WHITE,ziyadnz/hourly-ipv4,ziyadnz|hourly,2026-08-17T18:48:05Z,2026-08-17T18:48:05Z,
51.89.129.101,ipv4,malicious-ip,medium,WHITE,ziyadnz/hourly-ipv4,ziyadnz|hourly,2026-08-17T18:48:05Z,2026-08-17T18:48:05Z,
51.89.129.11,ipv4,malicious-ip,medium,WHITE,ziyadnz/hourly-ipv4,ziyadnz|hourly,2026-08-17T18:48:05Z,2026-08-17T18:48:05Z,
51.89.129.120,ipv4,malicious-ip,medium,WHITE,ziyadnz/hourly-ipv4,ziyadnz|hourly,2026-08-17T18:48:05Z,2026-08-17T18:48:05Z,
51.89.129.127,ipv4,malicious-ip,medium,WHITE,ziyadnz/hourly-ipv4,ziyadnz|hourly,2026-08-17T18:48:05Z,2026-08-17T18:48:05Z,
51.89.129.128,ipv4,malicious-ip,medium,WHITE,ziyadnz/hourly-ipv4,ziyadnz|hourly,2026-08-17T18:48:05Z,2026-08-17T18:48:05Z,
51.89.129.136,ipv4,malicious-ip,medium,WHITE,ziyadnz/hourly-ipv4,ziyadnz|hourly,2026-08-17T18:48:05Z,2026-08-17T18:48:05Z,
51.89.129.143,ipv4,malicious-ip,medium,WHITE,ziyadnz/hourly-ipv4,ziyadnz|hourly,2026-08-17T18:48:05Z,2026-08-17T18:48:05Z,
51.89.129.145,ipv4,malicious-ip,medium,WHITE,ziyadnz/hourly-ipv4,ziyadnz|hourly,2026-08-17T18:48:05Z,2026-08-17T18:48:05Z,
51.89.129.15,ipv4,malicious-ip,medium,WHITE,ziyadnz/hourly-ipv4,ziyadnz|hourly,2026-08-17T18:48:05Z,2026-08-17T18:48:05Z,
51.89.129.157,ipv4,malicious-ip,medium,WHITE,ziyadnz/hourly-ipv4,ziyadnz|hourly,2026-08-17T18:48:05Z,2026-08-17T18:48:05Z,
51.89.129.159,ipv4,malicious-ip,medium,WHITE,ziyadnz/hourly-ipv4,ziyadnz|hourly,2026-08-17T18:48:05Z,2026-08-17T18:48:05Z,
51.89.129.174,ipv4,malicious-ip,medium,WHITE,ziyadnz/hourly-ipv4,ziyadnz|hourly,2026-08-17T18:48:05Z,2026-08-17T18:48:05Z,
51.89.129.189,ipv4,malicious-ip,medium,WHITE,ziyadnz/hourly-ipv4,ziyadnz|hourly,2026-08-17T18:48:05Z,2026-08-17T18:48:05Z,
51.89.129.200,ipv4,malicious-ip,medium,WHITE,ziyadnz/hourly-ipv4,ziyadnz|hourly,2026-08-17T18:48:05Z,2026-08-17T18:48:05Z,
51.89.129.202,ipv4,malicious-ip,medium,WHITE,ziyadnz/hourly-ipv4,ziyadnz|hourly,2026-08-17T18:48:05Z,2026-08-17T18:48:05Z,
51.89.129.209,ipv4,malicious-ip,medium,WHITE,ziyadnz/hourly-ipv4,ziyadnz|hourly,2026-08-17T18:48:05Z,2026-08-17T18:48:05Z,
51.89.129.21,ipv4,malicious-ip,medium,WHITE,ziyadnz/hourly-ipv4,ziyadnz|hourly,2026-08-17T18:48:05Z,2026-08-17T18:48:05Z,
51.89.129.215,ipv4,malicious-ip,medium,WHITE,ziyadnz/hourly-ipv4,ziyadnz|hourly,2026-08-17T18:48:05Z,2026-08-17T18:48:05Z,
51.89.129.228,ipv4,malicious-ip,medium,WHITE,ziyadnz/hourly-ipv4,ziyadnz|hourly,2026-08-17T18:48:05Z,2026-08-17T18:48:05Z,
51.89.129.230,ipv4,malicious-ip,medium,WHITE,ziyadnz/hourly-ipv4,ziyadnz|hourly,2026-08-17T18:48:05Z,2026-08-17T18:48:05Z,
51.89.129.233,ipv4,malicious-ip,medium,WHITE,ziyadnz/hourly-ipv4,ziyadnz|hourly,2026-08-17T18:48:05Z,2026-08-17T18:48:05Z,
51.89.129.240,ipv4,malicious-ip,medium,WHITE,ziyadnz/hourly-ipv4,ziyadnz|hourly,2026-08-17T18:48:05Z,2026-08-17T18:48:05Z,
51.89.129.244,ipv4,malicious-ip,medium,WHITE,ziyadnz/hourly-ipv4,ziyadnz|hourly,2026-08-17T18:48:05Z,2026-08-17T18:48:05Z,
51.89.129.25,ipv4,malicious-ip,medium,WHITE,ziyadnz/hourly-ipv4,ziyadnz|hourly,2026-08-17T18:48:05Z,2026-08-17T18:48:05Z,
51.89.129.253,ipv4,malicious-ip,medium,WHITE,ziyadnz/hourly-ipv4,ziyadnz|hourly,2026-08-17T18:48:05Z,2026-08-17T18:48:05Z,
51.89.129.254,ipv4,malicious-ip,medium,WHITE,ziyadnz/hourly-ipv4,ziyadnz|hourly,2026-08-17T18:48:05Z,2026-08-17T18:48:05Z,
51.89.129.33,ipv4,malicious-ip,medium,WHITE,ziyadnz/hourly-ipv4,ziyadnz|hourly,2026-08-17T18:48:05Z,2026-08-17T18:48:05Z,
51.89.129.4,ipv4,malicious-ip,medium,WHITE,ziyadnz/hourly-ipv4,ziyadnz|hourly,2026-08-17T18:48:05Z,2026-08-17T18:48:05Z,
51.89.129.45,ipv4,malicious-ip,medium,WHITE,ziyadnz/hourly-ipv4,ziyadnz|hourly,2026-08-17T18:48:05Z,2026-08-17T18:48:05Z,
51.89.129.48,ipv4,malicious-ip,medium,WHITE,ziyadnz/hourly-ipv4,ziyadnz|hourly,2026-08-17T18:48:05Z,2026-08-17T18:48:05Z,
51.89.129.56,ipv4,malicious-ip,medium,WHITE,ziyadnz/hourly-ipv4,ziyadnz|hourly,2026-08-17T18:48:05Z,2026-08-17T18:48:05Z,
51.89.129.59,ipv4,malicious-ip,medium,WHITE,ziyadnz/hourly-ipv4,ziyadnz|hourly,2026-08-17T18:48:05Z,2026-08-17T18:48:05Z,
51.89.129.60,ipv4,malicious-ip,medium,WHITE,ziyadnz/hourly-ipv4,ziyadnz|hourly,2026-08-17T18:48:05Z,2026-08-17T18:48:05Z,
51.89.129.62,ipv4,malicious-ip,medium,WHITE,ziyadnz/hourly-ipv4,ziyadnz|hourly,2026-08-17T18:48:05Z,2026-08-17T18:48:05Z,
51.89.129.66,ipv4,malicious-ip,medium,WHITE,ziyadnz/hourly-ipv4,ziyadnz|hourly,2026-08-17T18:48:05Z,2026-08-17T18:48:05Z,
51.89.129.7,ipv4,malicious-ip,medium,WHITE,ziyadnz/hourly-ipv4,ziyadnz|hourly,2026-08-17T18:48:05Z,2026-08-17T18:48:05Z,
51.89.129.76,ipv4,malicious-ip,medium,WHITE,ziyadnz/hourly-ipv4,ziyadnz|hourly,2026-08-17T18:48:05Z,2026-08-17T18:48:05Z,
51.89.129.90,ipv4,malicious-ip,medium,WHITE,ziyadnz/hourly-ipv4,ziyadnz|hourly,2026-08-17T18:48:05Z,2026-08-17T18:48:05Z,
51.89.135.154,ipv4,malicious-ip,medium,WHITE,ziyadnz/hourly-ipv4,ziyadnz|hourly,2026-08-17T18:48:05Z,2026-08-17T18:48:05Z,
51.89.153.112,ipv4,malicious-ip,medium,WHITE,ziyadnz/hourly-ipv4,ziyadnz|hourly,2026-08-17T18:48:05Z,2026-08-17T18:48:05Z,
51.89.169.201,ipv4,malicious-ip,medium,WHITE,ziyadnz/hourly-ipv4,ziyadnz|hourly,2026-08-17T18:48:05Z,2026-08-17T18:48:05Z,
51.89.187.222,ipv4,malicious-ip,medium,WHITE,ziyadnz/hourly-ipv4,ziyadnz|hourly,2026-08-17T18:48:05Z,2026-08-17T18:48:05Z,
51.89.204.67,ipv4,malicious-ip,medium,WHITE,ziyadnz/hourly-ipv4,ziyadnz|hourly,2026-08-17T18:48:05Z,2026-08-17T18:48:05Z,
51.89.207.166,ipv4,malicious-ip,medium,WHITE,ziyadnz/hourly-ipv4,ziyadnz|hourly,2026-08-17T18:48:05Z,2026-08-17T18:48:05Z,
51.89.212.145,ipv4,malicious-ip,medium,WHITE,ziyadnz/hourly-ipv4,ziyadnz|hourly,2026-08-17T18:48:05Z,2026-08-17T18:48:05Z,
51.89.240.10,ipv4,malicious-ip,medium,WHITE,ziyadnz/hourly-ipv4,ziyadnz|hourly,2026-08-17T18:48:05Z,2026-08-17T18:48:05Z,
51.89.59.188,ipv4,malicious-ip,medium,WHITE,ziyadnz/hourly-ipv4,ziyadnz|hourly,2026-08-17T18:48:05Z,2026-08-17T18:48:05Z,
51.89.69.80,ipv4,malicious-ip,medium,WHITE,ziyadnz/hourly-ipv4,ziyadnz|hourly,2026-08-17T18:48:05Z,2026-08-17T18:48:05Z,
51.89.90.179,ipv4,malicious-ip,medium,WHITE,ziyadnz/hourly-ipv4,ziyadnz|hourly,2026-08-17T18:48:05Z,2026-08-17T18:48:05Z,
51.91.157.92,ipv4,malicious-ip,medium,WHITE,ziyadnz/hourly-ipv4,ziyadnz|hourly,2026-08-17T18:48:05Z,2026-08-17T18:48:05Z,
51.91.158.32,ipv4,malicious-ip,medium,WHITE,ziyadnz/hourly-ipv4,ziyadnz|hourly,2026-08-17T18:48:05Z,2026-08-17T18:48:05Z,
51.91.159.141,ipv4,malicious-ip,medium,WHITE,ziyadnz/hourly-ipv4,ziyadnz|hourly,2026-08-17T18:48:05Z,2026-08-17T18:48:05Z,
51.91.18.151,ipv4,malicious-ip,medium,WHITE,ziyadnz/hourly-ipv4,ziyadnz|hourly,2026-08-17T18:48:05Z,2026-08-17T18:48:05Z,
51.91.242.106,ipv4,malicious-ip,medium,WHITE,ziyadnz/hourly-ipv4,ziyadnz|hourly,2026-08-17T18:48:05Z,2026-08-17T18:48:05Z,
51.91.252.38,ipv4,malicious-ip,medium,WHITE,ziyadnz/hourly-ipv4,ziyadnz|hourly,2026-08-17T18:48:05Z,2026-08-17T18:48:05Z,
51.91.7.5,ipv4,malicious-ip,medium,WHITE,ziyadnz/hourly-ipv4,ziyadnz|hourly,2026-08-17T18:48:05Z,2026-08-17T18:48:05Z,
51.91.76.204,ipv4,malicious-ip,medium,WHITE,ziyadnz/hourly-ipv4,ziyadnz|hourly,2026-08-17T18:48:05Z,2026-08-17T18:48:05Z,
51.91.77.94,ipv4,malicious-ip,medium,WHITE,ziyadnz/hourly-ipv4,ziyadnz|hourly,2026-08-17T18:48:05Z,2026-08-17T18:48:05Z,
51.91.78.238,ipv4,malicious-ip,medium,WHITE,ziyadnz/hourly-ipv4,ziyadnz|hourly,2026-08-17T18:48:05Z,2026-08-17T18:48:05Z,
52.0.105.244,ipv4,malicious-ip,medium,WHITE,ziyadnz/hourly-ipv4,ziyadnz|hourly,2026-08-17T18:48:05Z,2026-08-17T18:48:05Z,
52.0.63.151,ipv4,malicious-ip,medium,WHITE,ziyadnz/hourly-ipv4,ziyadnz|hourly,2026-08-17T18:48:05Z,2026-08-17T18:48:05Z,
52.1.106.130,ipv4,malicious-ip,medium,WHITE,ziyadnz/hourly-ipv4,ziyadnz|hourly,2026-08-17T18:48:05Z,2026-08-17T18:48:05Z,
52.119.121.130,ipv4,malicious-ip,medium,WHITE,ziyadnz/hourly-ipv4,ziyadnz|hourly,2026-08-17T18:48:05Z,2026-08-17T18:48:05Z,
52.128.53.134,ipv4,malicious-ip,medium,WHITE,ziyadnz/hourly-ipv4,ziyadnz|hourly,2026-08-17T18:48:05Z,2026-08-17T18:48:05Z,
52.142.44.95,ipv4,malicious-ip,medium,WHITE,ziyadnz/hourly-ipv4,ziyadnz|hourly,2026-08-17T18:48:05Z,2026-08-17T18:48:05Z,
52.146.16.184,ipv4,malicious-ip,medium,WHITE,ziyadnz/hourly-ipv4,ziyadnz|hourly,2026-08-17T18:48:05Z,2026-08-17T18:48:05Z,
52.146.20.92,ipv4,malicious-ip,medium,WHITE,ziyadnz/hourly-ipv4,ziyadnz|hourly,2026-08-17T18:48:05Z,2026-08-17T18:48:05Z,
52.146.21.18,ipv4,malicious-ip,medium,WHITE,ziyadnz/hourly-ipv4,ziyadnz|hourly,2026-08-17T18:48:05Z,2026-08-17T18:48:05Z,
52.146.21.44,ipv4,malicious-ip,medium,WHITE,ziyadnz/hourly-ipv4,ziyadnz|hourly,2026-08-17T18:48:05Z,2026-08-17T18:48:05Z,
52.146.21.59,ipv4,malicious-ip,medium,WHITE,ziyadnz/hourly-ipv4,ziyadnz|hourly,2026-08-17T18:48:05Z,2026-08-17T18:48:05Z,
52.146.21.82,ipv4,malicious-ip,medium,WHITE,ziyadnz/hourly-ipv4,ziyadnz|hourly,2026-08-17T18:48:05Z,2026-08-17T18:48:05Z,
52.146.88.130,ipv4,malicious-ip,medium,WHITE,ziyadnz/hourly-ipv4,ziyadnz|hourly,2026-08-17T18:48:05Z,2026-08-17T18:48:05Z,
52.146.89.83,ipv4,malicious-ip,medium,WHITE,ziyadnz/hourly-ipv4,ziyadnz|hourly,2026-08-17T18:48:05Z,2026-08-17T18:48:05Z,
52.146.9.202,ipv4,malicious-ip,medium,WHITE,ziyadnz/hourly-ipv4,ziyadnz|hourly,2026-08-17T18:48:05Z,2026-08-17T18:48:05Z,
52.146.90.191,ipv4,malicious-ip,medium,WHITE,ziyadnz/hourly-ipv4,ziyadnz|hourly,2026-08-17T18:48:05Z,2026-08-17T18:48:05Z,
52.146.90.217,ipv4,malicious-ip,medium,WHITE,ziyadnz/hourly-ipv4,ziyadnz|hourly,2026-08-17T18:48:05Z,2026-08-17T18:48:05Z,
52.146.93.209,ipv4,malicious-ip,medium,WHITE,ziyadnz/hourly-ipv4,ziyadnz|hourly,2026-08-17T18:48:05Z,2026-08-17T18:48:05Z,
52.147.120.162,ipv4,malicious-ip,medium,WHITE,ziyadnz/hourly-ipv4,ziyadnz|hourly,2026-08-17T18:48:05Z,2026-08-17T18:48:05Z,
52.15.170.33,ipv4,malicious-ip,medium,WHITE,ziyadnz/hourly-ipv4,ziyadnz|hourly,2026-08-17T18:48:05Z,2026-08-17T18:48:05Z,
52.150.30.130,ipv4,malicious-ip,medium,WHITE,ziyadnz/hourly-ipv4,ziyadnz|hourly,2026-08-17T18:48:05Z,2026-08-17T18:48:05Z,
52.151.196.136,ipv4,malicious-ip,medium,WHITE,ziyadnz/hourly-ipv4,ziyadnz|hourly,2026-08-17T18:48:05Z,2026-08-17T18:48:05Z,
52.152.146.38,ipv4,malicious-ip,medium,WHITE,ziyadnz/hourly-ipv4,ziyadnz|hourly,2026-08-17T18:48:05Z,2026-08-17T18:48:05Z,
52.154.0.241,ipv4,malicious-ip,medium,WHITE,ziyadnz/hourly-ipv4,ziyadnz|hourly,2026-08-17T18:48:05Z,2026-08-17T18:48:05Z,
52.159.119.130,ipv4,malicious-ip,medium,WHITE,ziyadnz/hourly-ipv4,ziyadnz|hourly,2026-08-17T18:48:05Z,2026-08-17T18:48:05Z,
52.159.227.3,ipv4,malicious-ip,medium,WHITE,ziyadnz/hourly-ipv4,ziyadnz|hourly,2026-08-17T18:48:05Z,2026-08-17T18:48:05Z,
52.165.80.115,ipv4,malicious-ip,medium,WHITE,ziyadnz/hourly-ipv4,ziyadnz|hourly,2026-08-17T18:48:05Z,2026-08-17T18:48:05Z,
52.165.80.170,ipv4,malicious-ip,medium,WHITE,ziyadnz/hourly-ipv4,ziyadnz|hourly,2026-08-17T18:48:05Z,2026-08-17T18:48:05Z,
52.165.80.210,ipv4,malicious-ip,medium,WHITE,ziyadnz/hourly-ipv4,ziyadnz|hourly,2026-08-17T18:48:05Z,2026-08-17T18:48:05Z,
52.165.81.251,ipv4,malicious-ip,medium,WHITE,ziyadnz/hourly-ipv4,ziyadnz|hourly,2026-08-17T18:48:05Z,2026-08-17T18:48:05Z,
52.165.81.253,ipv4,malicious-ip,medium,WHITE,ziyadnz/hourly-ipv4,ziyadnz|hourly,2026-08-17T18:48:05Z,2026-08-17T18:48:05Z,
52.165.81.64,ipv4,malicious-ip,medium,WHITE,ziyadnz/hourly-ipv4,ziyadnz|hourly,2026-08-17T18:48:05Z,2026-08-17T18:48:05Z,
52.165.82.22,ipv4,malicious-ip,medium,WHITE,ziyadnz/hourly-ipv4,ziyadnz|hourly,2026-08-17T18:48:05Z,2026-08-17T18:48:05Z,
52.165.82.26,ipv4,malicious-ip,medium,WHITE,ziyadnz/hourly-ipv4,ziyadnz|hourly,2026-08-17T18:48:05Z,2026-08-17T18:48:05Z,
52.165.82.6,ipv4,malicious-ip,medium,WHITE,ziyadnz/hourly-ipv4,ziyadnz|hourly,2026-08-17T18:48:05Z,2026-08-17T18:48:05Z,
52.165.88.92,ipv4,malicious-ip,medium,WHITE,ziyadnz/hourly-ipv4,ziyadnz|hourly,2026-08-17T18:48:05Z,2026-08-17T18:48:05Z,
52.165.89.126,ipv4,malicious-ip,medium,WHITE,ziyadnz/hourly-ipv4,ziyadnz|hourly,2026-08-17T18:48:05Z,2026-08-17T18:48:05Z,
52.165.90.3,ipv4,malicious-ip,medium,WHITE,ziyadnz/hourly-ipv4,ziyadnz|hourly,2026-08-17T18:48:05Z,2026-08-17T18:48:05Z,
52.167.144.0,ipv4,malicious-ip,medium,WHITE,ziyadnz/hourly-ipv4,ziyadnz|hourly,2026-08-17T18:48:05Z,2026-08-17T18:48:05Z,
52.167.144.143,ipv4,malicious-ip,medium,WHITE,ziyadnz/hourly-ipv4,ziyadnz|hourly,2026-08-17T18:48:05Z,2026-08-17T18:48:05Z,
52.167.144.146,ipv4,malicious-ip,medium,WHITE,ziyadnz/hourly-ipv4,ziyadnz|hourly,2026-08-17T18:48:05Z,2026-08-17T18:48:05Z,
52.167.144.174,ipv4,malicious-ip,medium,WHITE,ziyadnz/hourly-ipv4,ziyadnz|hourly,2026-08-17T18:48:05Z,2026-08-17T18:48:05Z,
52.167.144.179,ipv4,malicious-ip,medium,WHITE,ziyadnz/hourly-ipv4,ziyadnz|hourly,2026-08-17T18:48:05Z,2026-08-17T18:48:05Z,
52.167.144.181,ipv4,malicious-ip,medium,WHITE,ziyadnz/hourly-ipv4,ziyadnz|hourly,2026-08-17T18:48:05Z,2026-08-17T18:48:05Z,
52.167.144.183,ipv4,malicious-ip,medium,WHITE,ziyadnz/hourly-ipv4,ziyadnz|hourly,2026-08-17T18:48:05Z,2026-08-17T18:48:05Z,
52.167.144.195,ipv4,malicious-ip,medium,WHITE,ziyadnz/hourly-ipv4,ziyadnz|hourly,2026-08-17T18:48:05Z,2026-08-17T18:48:05Z,
52.167.144.216,ipv4,malicious-ip,medium,WHITE,ziyadnz/hourly-ipv4,ziyadnz|hourly,2026-08-17T18:48:05Z,2026-08-17T18:48:05Z,
52.167.144.227,ipv4,malicious-ip,medium,WHITE,ziyadnz/hourly-ipv4,ziyadnz|hourly,2026-08-17T18:48:05Z,2026-08-17T18:48:05Z,
52.167.144.229,ipv4,malicious-ip,medium,WHITE,ziyadnz/hourly-ipv4,ziyadnz|hourly,2026-08-17T18:48:05Z,2026-08-17T18:48:05Z,
52.167.144.231,ipv4,malicious-ip,medium,WHITE,ziyadnz/hourly-ipv4,ziyadnz|hourly,2026-08-17T18:48:05Z,2026-08-17T18:48:05Z,
52.169.144.136,ipv4,malicious-ip,medium,WHITE,ziyadnz/hourly-ipv4,ziyadnz|hourly,2026-08-17T18:48:05Z,2026-08-17T18:48:05Z,
52.169.217.131,ipv4,malicious-ip,medium,WHITE,ziyadnz/hourly-ipv4,ziyadnz|hourly,2026-08-17T18:48:05Z,2026-08-17T18:48:05Z,
52.174.144.106,ipv4,malicious-ip,medium,WHITE,ziyadnz/hourly-ipv4,ziyadnz|hourly,2026-08-17T18:48:05Z,2026-08-17T18:48:05Z,
52.174.67.71,ipv4,malicious-ip,medium,WHITE,ziyadnz/hourly-ipv4,ziyadnz|hourly,2026-08-17T18:48:05Z,2026-08-17T18:48:05Z,
52.177.169.196,ipv4,malicious-ip,medium,WHITE,ziyadnz/hourly-ipv4,ziyadnz|hourly,2026-08-17T18:48:05Z,2026-08-17T18:48:05Z,
52.179.88.115,ipv4,malicious-ip,medium,WHITE,ziyadnz/hourly-ipv4,ziyadnz|hourly,2026-08-17T18:48:05Z,2026-08-17T18:48:05Z,
52.18.5.125,ipv4,malicious-ip,medium,WHITE,ziyadnz/hourly-ipv4,ziyadnz|hourly,2026-08-17T18:48:05Z,2026-08-17T18:48:05Z,
52.180.136.250,ipv4,malicious-ip,medium,WHITE,ziyadnz/hourly-ipv4,ziyadnz|hourly,2026-08-17T18:48:05Z,2026-08-17T18:48:05Z,
52.180.137.14,ipv4,malicious-ip,medium,WHITE,ziyadnz/hourly-ipv4,ziyadnz|hourly,2026-08-17T18:48:05Z,2026-08-17T18:48:05Z,
52.180.137.70,ipv4,malicious-ip,medium,WHITE,ziyadnz/hourly-ipv4,ziyadnz|hourly,2026-08-17T18:48:05Z,2026-08-17T18:48:05Z,
52.180.137.77,ipv4,malicious-ip,medium,WHITE,ziyadnz/hourly-ipv4,ziyadnz|hourly,2026-08-17T18:48:05Z,2026-08-17T18:48:05Z,
52.180.144.125,ipv4,malicious-ip,medium,WHITE,ziyadnz/hourly-ipv4,ziyadnz|hourly,2026-08-17T18:48:05Z,2026-08-17T18:48:05Z,
52.180.144.185,ipv4,malicious-ip,medium,WHITE,ziyadnz/hourly-ipv4,ziyadnz|hourly,2026-08-17T18:48:05Z,2026-08-17T18:48:05Z,
52.180.145.88,ipv4,malicious-ip,medium,WHITE,ziyadnz/hourly-ipv4,ziyadnz|hourly,2026-08-17T18:48:05Z,2026-08-17T18:48:05Z,
52.180.145.98,ipv4,malicious-ip,medium,WHITE,ziyadnz/hourly-ipv4,ziyadnz|hourly,2026-08-17T18:48:05Z,2026-08-17T18:48:05Z,
52.180.146.145,ipv4,malicious-ip,medium,WHITE,ziyadnz/hourly-ipv4,ziyadnz|hourly,2026-08-17T18:48:05Z,2026-08-17T18:48:05Z,
52.180.146.167,ipv4,malicious-ip,medium,WHITE,ziyadnz/hourly-ipv4,ziyadnz|hourly,2026-08-17T18:48:05Z,2026-08-17T18:48:05Z,
52.180.156.198,ipv4,malicious-ip,medium,WHITE,ziyadnz/hourly-ipv4,ziyadnz|hourly,2026-08-17T18:48:05Z,2026-08-17T18:48:05Z,
52.180.157.167,ipv4,malicious-ip,medium,WHITE,ziyadnz/hourly-ipv4,ziyadnz|hourly,2026-08-17T18:48:05Z,2026-08-17T18:48:05Z,
52.180.158.248,ipv4,malicious-ip,medium,WHITE,ziyadnz/hourly-ipv4,ziyadnz|hourly,2026-08-17T18:48:05Z,2026-08-17T18:48:05Z,
52.180.159.71,ipv4,malicious-ip,medium,WHITE,ziyadnz/hourly-ipv4,ziyadnz|hourly,2026-08-17T18:48:05Z,2026-08-17T18:48:05Z,
52.186.169.24,ipv4,malicious-ip,medium,WHITE,ziyadnz/hourly-ipv4,ziyadnz|hourly,2026-08-17T18:48:05Z,2026-08-17T18:48:05Z,
52.186.170.27,ipv4,malicious-ip,medium,WHITE,ziyadnz/hourly-ipv4,ziyadnz|hourly,2026-08-17T18:48:05Z,2026-08-17T18:48:05Z,
52.186.170.77,ipv4,malicious-ip,medium,WHITE,ziyadnz/hourly-ipv4,ziyadnz|hourly,2026-08-17T18:48:05Z,2026-08-17T18:48:05Z,
52.186.171.52,ipv4,malicious-ip,medium,WHITE,ziyadnz/hourly-ipv4,ziyadnz|hourly,2026-08-17T18:48:05Z,2026-08-17T18:48:05Z,
52.186.178.175,ipv4,malicious-ip,medium,WHITE,ziyadnz/hourly-ipv4,ziyadnz|hourly,2026-08-17T18:48:05Z,2026-08-17T18:48:05Z,
52.186.182.35,ipv4,malicious-ip,medium,WHITE,ziyadnz/hourly-ipv4,ziyadnz|hourly,2026-08-17T18:48:05Z,2026-08-17T18:48:05Z,
52.186.182.60,ipv4,malicious-ip,medium,WHITE,ziyadnz/hourly-ipv4,ziyadnz|hourly,2026-08-17T18:48:05Z,2026-08-17T18:48:05Z,
52.186.182.85,ipv4,malicious-ip,medium,WHITE,ziyadnz/hourly-ipv4,ziyadnz|hourly,2026-08-17T18:48:05Z,2026-08-17T18:48:05Z,
52.188.185.84,ipv4,malicious-ip,medium,WHITE,ziyadnz/hourly-ipv4,ziyadnz|hourly,2026-08-17T18:48:05Z,2026-08-17T18:48:05Z,
52.188.185.85,ipv4,malicious-ip,medium,WHITE,ziyadnz/hourly-ipv4,ziyadnz|hourly,2026-08-17T18:48:05Z,2026-08-17T18:48:05Z,
52.188.189.6,ipv4,malicious-ip,medium,WHITE,ziyadnz/hourly-ipv4,ziyadnz|hourly,2026-08-17T18:48:05Z,2026-08-17T18:48:05Z,
52.188.189.7,ipv4,malicious-ip,medium,WHITE,ziyadnz/hourly-ipv4,ziyadnz|hourly,2026-08-17T18:48:05Z,2026-08-17T18:48:05Z,
52.188.191.193,ipv4,malicious-ip,medium,WHITE,ziyadnz/hourly-ipv4,ziyadnz|hourly,2026-08-17T18:48:05Z,2026-08-17T18:48:05Z,
52.188.224.110,ipv4,malicious-ip,medium,WHITE,ziyadnz/hourly-ipv4,ziyadnz|hourly,2026-08-17T18:48:05Z,2026-08-17T18:48:05Z,
52.188.227.37,ipv4,malicious-ip,medium,WHITE,ziyadnz/hourly-ipv4,ziyadnz|hourly,2026-08-17T18:48:05Z,2026-08-17T18:48:05Z,
52.188.231.113,ipv4,malicious-ip,medium,WHITE,ziyadnz/hourly-ipv4,ziyadnz|hourly,2026-08-17T18:48:05Z,2026-08-17T18:48:05Z,
52.188.231.41,ipv4,malicious-ip,medium,WHITE,ziyadnz/hourly-ipv4,ziyadnz|hourly,2026-08-17T18:48:05Z,2026-08-17T18:48:05Z,
52.188.231.42,ipv4,malicious-ip,medium,WHITE,ziyadnz/hourly-ipv4,ziyadnz|hourly,2026-08-17T18:48:05Z,2026-08-17T18:48:05Z,
52.188.81.67,ipv4,malicious-ip,medium,WHITE,ziyadnz/hourly-ipv4,ziyadnz|hourly,2026-08-17T18:48:05Z,2026-08-17T18:48:05Z,
52.190.183.85,ipv4,malicious-ip,medium,WHITE,ziyadnz/hourly-ipv4,ziyadnz|hourly,2026-08-17T18:48:05Z,2026-08-17T18:48:05Z,
52.194.204.160,ipv4,malicious-ip,medium,WHITE,ziyadnz/hourly-ipv4,ziyadnz|hourly,2026-08-17T18:48:05Z,2026-08-17T18:48:05Z,
52.195.0.145,ipv4,malicious-ip,medium,WHITE,ziyadnz/hourly-ipv4,ziyadnz|hourly,2026-08-17T18:48:05Z,2026-08-17T18:48:05Z,
52.2.4.213,ipv4,malicious-ip,medium,WHITE,ziyadnz/hourly-ipv4,ziyadnz|hourly,2026-08-17T18:48:05Z,2026-08-17T18:48:05Z,
52.2.83.227,ipv4,malicious-ip,medium,WHITE,ziyadnz/hourly-ipv4,ziyadnz|hourly,2026-08-17T18:48:05Z,2026-08-17T18:48:05Z,
52.20.198.190,ipv4,malicious-ip,medium,WHITE,ziyadnz/hourly-ipv4,ziyadnz|hourly,2026-08-17T18:48:05Z,2026-08-17T18:48:05Z,
52.200.251.20,ipv4,malicious-ip,medium,WHITE,ziyadnz/hourly-ipv4,ziyadnz|hourly,2026-08-17T18:48:05Z,2026-08-17T18:48:05Z,
52.200.54.136,ipv4,malicious-ip,medium,WHITE,ziyadnz/hourly-ipv4,ziyadnz|hourly,2026-08-17T18:48:05Z,2026-08-17T18:48:05Z,
52.200.58.199,ipv4,malicious-ip,medium,WHITE,ziyadnz/hourly-ipv4,ziyadnz|hourly,2026-08-17T18:48:05Z,2026-08-17T18:48:05Z,
52.201.155.215,ipv4,malicious-ip,medium,WHITE,ziyadnz/hourly-ipv4,ziyadnz|hourly,2026-08-17T18:48:05Z,2026-08-17T18:48:05Z,
52.202.178.77,ipv4,malicious-ip,medium,WHITE,ziyadnz/hourly-ipv4,ziyadnz|hourly,2026-08-17T18:48:05Z,2026-08-17T18:48:05Z,
52.202.233.37,ipv4,malicious-ip,medium,WHITE,ziyadnz/hourly-ipv4,ziyadnz|hourly,2026-08-17T18:48:05Z,2026-08-17T18:48:05Z,
52.202.52.82,ipv4,malicious-ip,medium,WHITE,ziyadnz/hourly-ipv4,ziyadnz|hourly,2026-08-17T18:48:05Z,2026-08-17T18:48:05Z,
52.204.174.139,ipv4,malicious-ip,medium,WHITE,ziyadnz/hourly-ipv4,ziyadnz|hourly,2026-08-17T18:48:05Z,2026-08-17T18:48:05Z,
52.204.253.129,ipv4,malicious-ip,medium,WHITE,ziyadnz/hourly-ipv4,ziyadnz|hourly,2026-08-17T18:48:05Z,2026-08-17T18:48:05Z,
52.204.37.237,ipv4,malicious-ip,medium,WHITE,ziyadnz/hourly-ipv4,ziyadnz|hourly,2026-08-17T18:48:05Z,2026-08-17T18:48:05Z,
52.204.71.8,ipv4,malicious-ip,medium,WHITE,ziyadnz/hourly-ipv4,ziyadnz|hourly,2026-08-17T18:48:05Z,2026-08-17T18:48:05Z,
52.204.81.148,ipv4,malicious-ip,medium,WHITE,ziyadnz/hourly-ipv4,ziyadnz|hourly,2026-08-17T18:48:05Z,2026-08-17T18:48:05Z,
52.205.113.104,ipv4,malicious-ip,medium,WHITE,ziyadnz/hourly-ipv4,ziyadnz|hourly,2026-08-17T18:48:05Z,2026-08-17T18:48:05Z,
52.205.17.174,ipv4,malicious-ip,medium,WHITE,ziyadnz/hourly-ipv4,ziyadnz|hourly,2026-08-17T18:48:05Z,2026-08-17T18:48:05Z,
52.205.211.20,ipv4,malicious-ip,medium,WHITE,ziyadnz/hourly-ipv4,ziyadnz|hourly,2026-08-17T18:48:05Z,2026-08-17T18:48:05Z,
52.206.216.57,ipv4,malicious-ip,medium,WHITE,ziyadnz/hourly-ipv4,ziyadnz|hourly,2026-08-17T18:48:05Z,2026-08-17T18:48:05Z,
52.207.196.234,ipv4,malicious-ip,medium,WHITE,ziyadnz/hourly-ipv4,ziyadnz|hourly,2026-08-17T18:48:05Z,2026-08-17T18:48:05Z,
52.207.215.86,ipv4,malicious-ip,medium,WHITE,ziyadnz/hourly-ipv4,ziyadnz|hourly,2026-08-17T18:48:05Z,2026-08-17T18:48:05Z,
52.209.228.20,ipv4,malicious-ip,medium,WHITE,ziyadnz/hourly-ipv4,ziyadnz|hourly,2026-08-17T18:48:05Z,2026-08-17T18:48:05Z,
52.21.227.35,ipv4,malicious-ip,medium,WHITE,ziyadnz/hourly-ipv4,ziyadnz|hourly,2026-08-17T18:48:05Z,2026-08-17T18:48:05Z,
52.21.62.139,ipv4,malicious-ip,medium,WHITE,ziyadnz/hourly-ipv4,ziyadnz|hourly,2026-08-17T18:48:05Z,2026-08-17T18:48:05Z,
52.21.68.171,ipv4,malicious-ip,medium,WHITE,ziyadnz/hourly-ipv4,ziyadnz|hourly,2026-08-17T18:48:05Z,2026-08-17T18:48:05Z,
52.210.132.95,ipv4,malicious-ip,medium,WHITE,ziyadnz/hourly-ipv4,ziyadnz|hourly,2026-08-17T18:48:05Z,2026-08-17T18:48:05Z,
52.211.44.71,ipv4,malicious-ip,medium,WHITE,ziyadnz/hourly-ipv4,ziyadnz|hourly,2026-08-17T18:48:05Z,2026-08-17T18:48:05Z,
52.213.32.56,ipv4,malicious-ip,medium,WHITE,ziyadnz/hourly-ipv4,ziyadnz|hourly,2026-08-17T18:48:05Z,2026-08-17T18:48:05Z,
52.22.87.224,ipv4,malicious-ip,medium,WHITE,ziyadnz/hourly-ipv4,ziyadnz|hourly,2026-08-17T18:48:05Z,2026-08-17T18:48:05Z,
52.224.240.74,ipv4,malicious-ip,medium,WHITE,ziyadnz/hourly-ipv4,ziyadnz|hourly,2026-08-17T18:48:05Z,2026-08-17T18:48:05Z,
52.224.241.44,ipv4,malicious-ip,medium,WHITE,ziyadnz/hourly-ipv4,ziyadnz|hourly,2026-08-17T18:48:05Z,2026-08-17T18:48:05Z,
52.224.242.102,ipv4,malicious-ip,medium,WHITE,ziyadnz/hourly-ipv4,ziyadnz|hourly,2026-08-17T18:48:05Z,2026-08-17T18:48:05Z,
52.229.108.60,ipv4,malicious-ip,medium,WHITE,ziyadnz/hourly-ipv4,ziyadnz|hourly,2026-08-17T18:48:05Z,2026-08-17T18:48:05Z,
52.229.78.212,ipv4,malicious-ip,medium,WHITE,ziyadnz/hourly-ipv4,ziyadnz|hourly,2026-08-17T18:48:05Z,2026-08-17T18:48:05Z,
52.23.165.107,ipv4,malicious-ip,medium,WHITE,ziyadnz/hourly-ipv4,ziyadnz|hourly,2026-08-17T18:48:05Z,2026-08-17T18:48:05Z,
52.23.168.237,ipv4,malicious-ip,medium,WHITE,ziyadnz/hourly-ipv4,ziyadnz|hourly,2026-08-17T18:48:05Z,2026-08-17T18:48:05Z,
52.23.241.105,ipv4,malicious-ip,medium,WHITE,ziyadnz/hourly-ipv4,ziyadnz|hourly,2026-08-17T18:48:05Z,2026-08-17T18:48:05Z,
52.230.188.178,ipv4,malicious-ip,medium,WHITE,ziyadnz/hourly-ipv4,ziyadnz|hourly,2026-08-17T18:48:05Z,2026-08-17T18:48:05Z,
52.231.65.196,ipv4,malicious-ip,medium,WHITE,ziyadnz/hourly-ipv4,ziyadnz|hourly,2026-08-17T18:48:05Z,2026-08-17T18:48:05Z,
52.236.56.129,ipv4,malicious-ip,medium,WHITE,ziyadnz/hourly-ipv4,ziyadnz|hourly,2026-08-17T18:48:05Z,2026-08-17T18:48:05Z,
52.247.110.175,ipv4,malicious-ip,medium,WHITE,ziyadnz/hourly-ipv4,ziyadnz|hourly,2026-08-17T18:48:05Z,2026-08-17T18:48:05Z,
52.248.40.17,ipv4,malicious-ip,medium,WHITE,ziyadnz/hourly-ipv4,ziyadnz|hourly,2026-08-17T18:48:05Z,2026-08-17T18:48:05Z,
52.248.40.89,ipv4,malicious-ip,medium,WHITE,ziyadnz/hourly-ipv4,ziyadnz|hourly,2026-08-17T18:48:05Z,2026-08-17T18:48:05Z,
52.248.43.121,ipv4,malicious-ip,medium,WHITE,ziyadnz/hourly-ipv4,ziyadnz|hourly,2026-08-17T18:48:05Z,2026-08-17T18:48:05Z,
52.248.43.226,ipv4,malicious-ip,medium,WHITE,ziyadnz/hourly-ipv4,ziyadnz|hourly,2026-08-17T18:48:05Z,2026-08-17T18:48:05Z,
52.25.141.145,ipv4,malicious-ip,medium,WHITE,ziyadnz/hourly-ipv4,ziyadnz|hourly,2026-08-17T18:48:05Z,2026-08-17T18:48:05Z,
52.28.131.77,ipv4,malicious-ip,medium,WHITE,ziyadnz/hourly-ipv4,ziyadnz|hourly,2026-08-17T18:48:05Z,2026-08-17T18:48:05Z,
52.3.102.51,ipv4,malicious-ip,medium,WHITE,ziyadnz/hourly-ipv4,ziyadnz|hourly,2026-08-17T18:48:05Z,2026-08-17T18:48:05Z,
52.3.104.214,ipv4,malicious-ip,medium,WHITE,ziyadnz/hourly-ipv4,ziyadnz|hourly,2026-08-17T18:48:05Z,2026-08-17T18:48:05Z,
52.36.5.236,ipv4,malicious-ip,medium,WHITE,ziyadnz/hourly-ipv4,ziyadnz|hourly,2026-08-17T18:48:05Z,2026-08-17T18:48:05Z,
52.4.213.199,ipv4,malicious-ip,medium,WHITE,ziyadnz/hourly-ipv4,ziyadnz|hourly,2026-08-17T18:48:05Z,2026-08-17T18:48:05Z,
52.4.229.9,ipv4,malicious-ip,medium,WHITE,ziyadnz/hourly-ipv4,ziyadnz|hourly,2026-08-17T18:48:05Z,2026-08-17T18:48:05Z,
52.4.76.156,ipv4,malicious-ip,medium,WHITE,ziyadnz/hourly-ipv4,ziyadnz|hourly,2026-08-17T18:48:05Z,2026-08-17T18:48:05Z,
52.41.182.80,ipv4,malicious-ip,medium,WHITE,ziyadnz/hourly-ipv4,ziyadnz|hourly,2026-08-17T18:48:05Z,2026-08-17T18:48:05Z,
52.43.200.163,ipv4,malicious-ip,medium,WHITE,ziyadnz/hourly-ipv4,ziyadnz|hourly,2026-08-17T18:48:05Z,2026-08-17T18:48:05Z,
52.44.148.203,ipv4,malicious-ip,medium,WHITE,ziyadnz/hourly-ipv4,ziyadnz|hourly,2026-08-17T18:48:05Z,2026-08-17T18:48:05Z,
52.44.229.124,ipv4,malicious-ip,medium,WHITE,ziyadnz/hourly-ipv4,ziyadnz|hourly,2026-08-17T18:48:05Z,2026-08-17T18:48:05Z,
52.45.15.233,ipv4,malicious-ip,medium,WHITE,ziyadnz/hourly-ipv4,ziyadnz|hourly,2026-08-17T18:48:05Z,2026-08-17T18:48:05Z,
52.45.194.165,ipv4,malicious-ip,medium,WHITE,ziyadnz/hourly-ipv4,ziyadnz|hourly,2026-08-17T18:48:05Z,2026-08-17T18:48:05Z,
52.45.29.57,ipv4,malicious-ip,medium,WHITE,ziyadnz/hourly-ipv4,ziyadnz|hourly,2026-08-17T18:48:05Z,2026-08-17T18:48:05Z,
52.45.92.83,ipv4,malicious-ip,medium,WHITE,ziyadnz/hourly-ipv4,ziyadnz|hourly,2026-08-17T18:48:05Z,2026-08-17T18:48:05Z,
52.48.52.95,ipv4,malicious-ip,medium,WHITE,ziyadnz/hourly-ipv4,ziyadnz|hourly,2026-08-17T18:48:05Z,2026-08-17T18:48:05Z,
52.5.223.188,ipv4,malicious-ip,medium,WHITE,ziyadnz/hourly-ipv4,ziyadnz|hourly,2026-08-17T18:48:05Z,2026-08-17T18:48:05Z,
52.5.242.243,ipv4,malicious-ip,medium,WHITE,ziyadnz/hourly-ipv4,ziyadnz|hourly,2026-08-17T18:48:05Z,2026-08-17T18:48:05Z,
52.50.19.114,ipv4,malicious-ip,medium,WHITE,ziyadnz/hourly-ipv4,ziyadnz|hourly,2026-08-17T18:48:05Z,2026-08-17T18:48:05Z,
52.54.15.103,ipv4,malicious-ip,medium,WHITE,ziyadnz/hourly-ipv4,ziyadnz|hourly,2026-08-17T18:48:05Z,2026-08-17T18:48:05Z,
52.54.157.23,ipv4,malicious-ip,medium,WHITE,ziyadnz/hourly-ipv4,ziyadnz|hourly,2026-08-17T18:48:05Z,2026-08-17T18:48:05Z,
52.54.95.127,ipv4,malicious-ip,medium,WHITE,ziyadnz/hourly-ipv4,ziyadnz|hourly,2026-08-17T18:48:05Z,2026-08-17T18:48:05Z,
52.58.33.104,ipv4,malicious-ip,medium,WHITE,ziyadnz/hourly-ipv4,ziyadnz|hourly,2026-08-17T18:48:05Z,2026-08-17T18:48:05Z,
52.65.119.134,ipv4,malicious-ip,medium,WHITE,ziyadnz/hourly-ipv4,ziyadnz|hourly,2026-08-17T18:48:05Z,2026-08-17T18:48:05Z,
52.7.13.143,ipv4,malicious-ip,medium,WHITE,ziyadnz/hourly-ipv4,ziyadnz|hourly,2026-08-17T18:48:05Z,2026-08-17T18:48:05Z,
52.7.33.248,ipv4,malicious-ip,medium,WHITE,ziyadnz/hourly-ipv4,ziyadnz|hourly,2026-08-17T18:48:05Z,2026-08-17T18:48:05Z,
52.7.83.29,ipv4,malicious-ip,medium,WHITE,ziyadnz/hourly-ipv4,ziyadnz|hourly,2026-08-17T18:48:05Z,2026-08-17T18:48:05Z,
52.70.123.241,ipv4,malicious-ip,medium,WHITE,ziyadnz/hourly-ipv4,ziyadnz|hourly,2026-08-17T18:48:05Z,2026-08-17T18:48:05Z,
52.71.216.196,ipv4,malicious-ip,medium,WHITE,ziyadnz/hourly-ipv4,ziyadnz|hourly,2026-08-17T18:48:05Z,2026-08-17T18:48:05Z,
52.71.218.25,ipv4,malicious-ip,medium,WHITE,ziyadnz/hourly-ipv4,ziyadnz|hourly,2026-08-17T18:48:05Z,2026-08-17T18:48:05Z,
52.71.46.142,ipv4,malicious-ip,medium,WHITE,ziyadnz/hourly-ipv4,ziyadnz|hourly,2026-08-17T18:48:05Z,2026-08-17T18:48:05Z,
52.73.169.169,ipv4,malicious-ip,medium,WHITE,ziyadnz/hourly-ipv4,ziyadnz|hourly,2026-08-17T18:48:05Z,2026-08-17T18:48:05Z,
52.73.6.26,ipv4,malicious-ip,medium,WHITE,ziyadnz/hourly-ipv4,ziyadnz|hourly,2026-08-17T18:48:05Z,2026-08-17T18:48:05Z,
52.74.253.55,ipv4,malicious-ip,medium,WHITE,ziyadnz/hourly-ipv4,ziyadnz|hourly,2026-08-17T18:48:05Z,2026-08-17T18:48:05Z,
52.81.247.166,ipv4,malicious-ip,medium,WHITE,ziyadnz/hourly-ipv4,ziyadnz|hourly,2026-08-17T18:48:05Z,2026-08-17T18:48:05Z,
52.87.206.242,ipv4,malicious-ip,medium,WHITE,ziyadnz/hourly-ipv4,ziyadnz|hourly,2026-08-17T18:48:05Z,2026-08-17T18:48:05Z,
52.87.218.9,ipv4,malicious-ip,medium,WHITE,ziyadnz/hourly-ipv4,ziyadnz|hourly,2026-08-17T18:48:05Z,2026-08-17T18:48:05Z,
52.90.113.213,ipv4,malicious-ip,medium,WHITE,ziyadnz/hourly-ipv4,ziyadnz|hourly,2026-08-17T18:48:05Z,2026-08-17T18:48:05Z,
52.90.129.148,ipv4,malicious-ip,medium,WHITE,ziyadnz/hourly-ipv4,ziyadnz|hourly,2026-08-17T18:48:05Z,2026-08-17T18:48:05Z,
52.91.195.196,ipv4,malicious-ip,medium,WHITE,ziyadnz/hourly-ipv4,ziyadnz|hourly,2026-08-17T18:48:05Z,2026-08-17T18:48:05Z,
52.91.204.84,ipv4,malicious-ip,medium,WHITE,ziyadnz/hourly-ipv4,ziyadnz|hourly,2026-08-17T18:48:05Z,2026-08-17T18:48:05Z,
52.91.210.202,ipv4,malicious-ip,medium,WHITE,ziyadnz/hourly-ipv4,ziyadnz|hourly,2026-08-17T18:48:05Z,2026-08-17T18:48:05Z,
52.91.22.57,ipv4,malicious-ip,medium,WHITE,ziyadnz/hourly-ipv4,ziyadnz|hourly,2026-08-17T18:48:05Z,2026-08-17T18:48:05Z,
52.91.228.25,ipv4,malicious-ip,medium,WHITE,ziyadnz/hourly-ipv4,ziyadnz|hourly,2026-08-17T18:48:05Z,2026-08-17T18:48:05Z,
52.91.252.11,ipv4,malicious-ip,medium,WHITE,ziyadnz/hourly-ipv4,ziyadnz|hourly,2026-08-17T18:48:05Z,2026-08-17T18:48:05Z,
52.91.27.64,ipv4,malicious-ip,medium,WHITE,ziyadnz/hourly-ipv4,ziyadnz|hourly,2026-08-17T18:48:05Z,2026-08-17T18:48:05Z,
52.91.97.115,ipv4,malicious-ip,medium,WHITE,ziyadnz/hourly-ipv4,ziyadnz|hourly,2026-08-17T18:48:05Z,2026-08-17T18:48:05Z,
54.116.244.87,ipv4,malicious-ip,medium,WHITE,ziyadnz/hourly-ipv4,ziyadnz|hourly,2026-08-17T18:48:05Z,2026-08-17T18:48:05Z,
54.144.112.202,ipv4,malicious-ip,medium,WHITE,ziyadnz/hourly-ipv4,ziyadnz|hourly,2026-08-17T18:48:05Z,2026-08-17T18:48:05Z,
54.144.162.170,ipv4,malicious-ip,medium,WHITE,ziyadnz/hourly-ipv4,ziyadnz|hourly,2026-08-17T18:48:05Z,2026-08-17T18:48:05Z,
54.144.185.255,ipv4,malicious-ip,medium,WHITE,ziyadnz/hourly-ipv4,ziyadnz|hourly,2026-08-17T18:48:05Z,2026-08-17T18:48:05Z,
54.144.246.4,ipv4,malicious-ip,medium,WHITE,ziyadnz/hourly-ipv4,ziyadnz|hourly,2026-08-17T18:48:05Z,2026-08-17T18:48:05Z,
54.145.20.113,ipv4,malicious-ip,medium,WHITE,ziyadnz/hourly-ipv4,ziyadnz|hourly,2026-08-17T18:48:05Z,2026-08-17T18:48:05Z,
54.145.82.217,ipv4,malicious-ip,medium,WHITE,ziyadnz/hourly-ipv4,ziyadnz|hourly,2026-08-17T18:48:05Z,2026-08-17T18:48:05Z,
54.146.134.248,ipv4,malicious-ip,medium,WHITE,ziyadnz/hourly-ipv4,ziyadnz|hourly,2026-08-17T18:48:05Z,2026-08-17T18:48:05Z,
54.146.156.132,ipv4,malicious-ip,medium,WHITE,ziyadnz/hourly-ipv4,ziyadnz|hourly,2026-08-17T18:48:05Z,2026-08-17T18:48:05Z,
54.146.178.176,ipv4,malicious-ip,medium,WHITE,ziyadnz/hourly-ipv4,ziyadnz|hourly,2026-08-17T18:48:05Z,2026-08-17T18:48:05Z,
54.146.217.235,ipv4,malicious-ip,medium,WHITE,ziyadnz/hourly-ipv4,ziyadnz|hourly,2026-08-17T18:48:05Z,2026-08-17T18:48:05Z,
54.146.6.253,ipv4,malicious-ip,medium,WHITE,ziyadnz/hourly-ipv4,ziyadnz|hourly,2026-08-17T18:48:05Z,2026-08-17T18:48:05Z,
54.147.238.89,ipv4,malicious-ip,medium,WHITE,ziyadnz/hourly-ipv4,ziyadnz|hourly,2026-08-17T18:48:05Z,2026-08-17T18:48:05Z,
54.147.51.34,ipv4,malicious-ip,medium,WHITE,ziyadnz/hourly-ipv4,ziyadnz|hourly,2026-08-17T18:48:05Z,2026-08-17T18:48:05Z,
54.147.8.161,ipv4,malicious-ip,medium,WHITE,ziyadnz/hourly-ipv4,ziyadnz|hourly,2026-08-17T18:48:05Z,2026-08-17T18:48:05Z,
54.152.163.42,ipv4,malicious-ip,medium,WHITE,ziyadnz/hourly-ipv4,ziyadnz|hourly,2026-08-17T18:48:05Z,2026-08-17T18:48:05Z,
54.154.203.27,ipv4,malicious-ip,medium,WHITE,ziyadnz/hourly-ipv4,ziyadnz|hourly,2026-08-17T18:48:05Z,2026-08-17T18:48:05Z,
54.155.86.190,ipv4,malicious-ip,medium,WHITE,ziyadnz/hourly-ipv4,ziyadnz|hourly,2026-08-17T18:48:05Z,2026-08-17T18:48:05Z,
54.156.124.2,ipv4,malicious-ip,medium,WHITE,ziyadnz/hourly-ipv4,ziyadnz|hourly,2026-08-17T18:48:05Z,2026-08-17T18:48:05Z,
54.156.248.117,ipv4,malicious-ip,medium,WHITE,ziyadnz/hourly-ipv4,ziyadnz|hourly,2026-08-17T18:48:05Z,2026-08-17T18:48:05Z,
54.157.229.233,ipv4,malicious-ip,medium,WHITE,ziyadnz/hourly-ipv4,ziyadnz|hourly,2026-08-17T18:48:05Z,2026-08-17T18:48:05Z,
54.158.223.197,ipv4,malicious-ip,medium,WHITE,ziyadnz/hourly-ipv4,ziyadnz|hourly,2026-08-17T18:48:05Z,2026-08-17T18:48:05Z,
54.159.18.27,ipv4,malicious-ip,medium,WHITE,ziyadnz/hourly-ipv4,ziyadnz|hourly,2026-08-17T18:48:05Z,2026-08-17T18:48:05Z,
54.160.214.80,ipv4,malicious-ip,medium,WHITE,ziyadnz/hourly-ipv4,ziyadnz|hourly,2026-08-17T18:48:05Z,2026-08-17T18:48:05Z,
54.160.226.127,ipv4,malicious-ip,medium,WHITE,ziyadnz/hourly-ipv4,ziyadnz|hourly,2026-08-17T18:48:05Z,2026-08-17T18:48:05Z,
54.161.176.234,ipv4,malicious-ip,medium,WHITE,ziyadnz/hourly-ipv4,ziyadnz|hourly,2026-08-17T18:48:05Z,2026-08-17T18:48:05Z,
54.163.136.244,ipv4,malicious-ip,medium,WHITE,ziyadnz/hourly-ipv4,ziyadnz|hourly,2026-08-17T18:48:05Z,2026-08-17T18:48:05Z,
54.163.169.168,ipv4,malicious-ip,medium,WHITE,ziyadnz/hourly-ipv4,ziyadnz|hourly,2026-08-17T18:48:05Z,2026-08-17T18:48:05Z,
54.163.206.20,ipv4,malicious-ip,medium,WHITE,ziyadnz/hourly-ipv4,ziyadnz|hourly,2026-08-17T18:48:05Z,2026-08-17T18:48:05Z,
54.163.207.82,ipv4,malicious-ip,medium,WHITE,ziyadnz/hourly-ipv4,ziyadnz|hourly,2026-08-17T18:48:05Z,2026-08-17T18:48:05Z,
54.163.40.36,ipv4,malicious-ip,medium,WHITE,ziyadnz/hourly-ipv4,ziyadnz|hourly,2026-08-17T18:48:05Z,2026-08-17T18:48:05Z,
54.163.60.25,ipv4,malicious-ip,medium,WHITE,ziyadnz/hourly-ipv4,ziyadnz|hourly,2026-08-17T18:48:05Z,2026-08-17T18:48:05Z,
54.164.106.236,ipv4,malicious-ip,medium,WHITE,ziyadnz/hourly-ipv4,ziyadnz|hourly,2026-08-17T18:48:05Z,2026-08-17T18:48:05Z,
54.165.130.174,ipv4,malicious-ip,medium,WHITE,ziyadnz/hourly-ipv4,ziyadnz|hourly,2026-08-17T18:48:05Z,2026-08-17T18:48:05Z,
54.165.165.41,ipv4,malicious-ip,medium,WHITE,ziyadnz/hourly-ipv4,ziyadnz|hourly,2026-08-17T18:48:05Z,2026-08-17T18:48:05Z,
54.165.171.241,ipv4,malicious-ip,medium,WHITE,ziyadnz/hourly-ipv4,ziyadnz|hourly,2026-08-17T18:48:05Z,2026-08-17T18:48:05Z,
54.165.219.52,ipv4,malicious-ip,medium,WHITE,ziyadnz/hourly-ipv4,ziyadnz|hourly,2026-08-17T18:48:05Z,2026-08-17T18:48:05Z,
54.166.104.83,ipv4,malicious-ip,medium,WHITE,ziyadnz/hourly-ipv4,ziyadnz|hourly,2026-08-17T18:48:05Z,2026-08-17T18:48:05Z,
54.166.126.132,ipv4,malicious-ip,medium,WHITE,ziyadnz/hourly-ipv4,ziyadnz|hourly,2026-08-17T18:48:05Z,2026-08-17T18:48:05Z,
54.166.203.225,ipv4,malicious-ip,medium,WHITE,ziyadnz/hourly-ipv4,ziyadnz|hourly,2026-08-17T18:48:05Z,2026-08-17T18:48:05Z,
54.166.249.45,ipv4,malicious-ip,medium,WHITE,ziyadnz/hourly-ipv4,ziyadnz|hourly,2026-08-17T18:48:05Z,2026-08-17T18:48:05Z,
54.167.109.77,ipv4,malicious-ip,medium,WHITE,ziyadnz/hourly-ipv4,ziyadnz|hourly,2026-08-17T18:48:05Z,2026-08-17T18:48:05Z,
54.167.234.21,ipv4,malicious-ip,medium,WHITE,ziyadnz/hourly-ipv4,ziyadnz|hourly,2026-08-17T18:48:05Z,2026-08-17T18:48:05Z,
54.167.32.123,ipv4,malicious-ip,medium,WHITE,ziyadnz/hourly-ipv4,ziyadnz|hourly,2026-08-17T18:48:05Z,2026-08-17T18:48:05Z,
54.167.87.227,ipv4,malicious-ip,medium,WHITE,ziyadnz/hourly-ipv4,ziyadnz|hourly,2026-08-17T18:48:05Z,2026-08-17T18:48:05Z,
54.167.95.180,ipv4,malicious-ip,medium,WHITE,ziyadnz/hourly-ipv4,ziyadnz|hourly,2026-08-17T18:48:05Z,2026-08-17T18:48:05Z,
54.167.96.173,ipv4,malicious-ip,medium,WHITE,ziyadnz/hourly-ipv4,ziyadnz|hourly,2026-08-17T18:48:05Z,2026-08-17T18:48:05Z,
54.167.97.12,ipv4,malicious-ip,medium,WHITE,ziyadnz/hourly-ipv4,ziyadnz|hourly,2026-08-17T18:48:05Z,2026-08-17T18:48:05Z,
54.169.174.136,ipv4,malicious-ip,medium,WHITE,ziyadnz/hourly-ipv4,ziyadnz|hourly,2026-08-17T18:48:05Z,2026-08-17T18:48:05Z,
54.169.247.245,ipv4,malicious-ip,medium,WHITE,ziyadnz/hourly-ipv4,ziyadnz|hourly,2026-08-17T18:48:05Z,2026-08-17T18:48:05Z,
54.172.133.72,ipv4,malicious-ip,medium,WHITE,ziyadnz/hourly-ipv4,ziyadnz|hourly,2026-08-17T18:48:05Z,2026-08-17T18:48:05Z,
54.172.145.28,ipv4,malicious-ip,medium,WHITE,ziyadnz/hourly-ipv4,ziyadnz|hourly,2026-08-17T18:48:05Z,2026-08-17T18:48:05Z,
54.172.145.72,ipv4,malicious-ip,medium,WHITE,ziyadnz/hourly-ipv4,ziyadnz|hourly,2026-08-17T18:48:05Z,2026-08-17T18:48:05Z,
54.172.52.31,ipv4,malicious-ip,medium,WHITE,ziyadnz/hourly-ipv4,ziyadnz|hourly,2026-08-17T18:48:05Z,2026-08-17T18:48:05Z,
54.173.13.198,ipv4,malicious-ip,medium,WHITE,ziyadnz/hourly-ipv4,ziyadnz|hourly,2026-08-17T18:48:05Z,2026-08-17T18:48:05Z,
54.173.15.59,ipv4,malicious-ip,medium,WHITE,ziyadnz/hourly-ipv4,ziyadnz|hourly,2026-08-17T18:48:05Z,2026-08-17T18:48:05Z,
54.173.150.134,ipv4,malicious-ip,medium,WHITE,ziyadnz/hourly-ipv4,ziyadnz|hourly,2026-08-17T18:48:05Z,2026-08-17T18:48:05Z,
54.173.151.250,ipv4,malicious-ip,medium,WHITE,ziyadnz/hourly-ipv4,ziyadnz|hourly,2026-08-17T18:48:05Z,2026-08-17T18:48:05Z,
54.173.70.36,ipv4,malicious-ip,medium,WHITE,ziyadnz/hourly-ipv4,ziyadnz|hourly,2026-08-17T18:48:05Z,2026-08-17T18:48:05Z,
54.174.230.107,ipv4,malicious-ip,medium,WHITE,ziyadnz/hourly-ipv4,ziyadnz|hourly,2026-08-17T18:48:05Z,2026-08-17T18:48:05Z,
54.174.58.247,ipv4,malicious-ip,medium,WHITE,ziyadnz/hourly-ipv4,ziyadnz|hourly,2026-08-17T18:48:05Z,2026-08-17T18:48:05Z,
54.175.149.14,ipv4,malicious-ip,medium,WHITE,ziyadnz/hourly-ipv4,ziyadnz|hourly,2026-08-17T18:48:05Z,2026-08-17T18:48:05Z,
54.175.192.110,ipv4,malicious-ip,medium,WHITE,ziyadnz/hourly-ipv4,ziyadnz|hourly,2026-08-17T18:48:05Z,2026-08-17T18:48:05Z,
54.175.31.44,ipv4,malicious-ip,medium,WHITE,ziyadnz/hourly-ipv4,ziyadnz|hourly,2026-08-17T18:48:05Z,2026-08-17T18:48:05Z,
54.176.108.174,ipv4,malicious-ip,medium,WHITE,ziyadnz/hourly-ipv4,ziyadnz|hourly,2026-08-17T18:48:05Z,2026-08-17T18:48:05Z,
54.176.218.72,ipv4,malicious-ip,medium,WHITE,ziyadnz/hourly-ipv4,ziyadnz|hourly,2026-08-17T18:48:05Z,2026-08-17T18:48:05Z,
54.176.35.49,ipv4,malicious-ip,medium,WHITE,ziyadnz/hourly-ipv4,ziyadnz|hourly,2026-08-17T18:48:05Z,2026-08-17T18:48:05Z,
54.177.192.88,ipv4,malicious-ip,medium,WHITE,ziyadnz/hourly-ipv4,ziyadnz|hourly,2026-08-17T18:48:05Z,2026-08-17T18:48:05Z,
54.183.40.25,ipv4,malicious-ip,medium,WHITE,ziyadnz/hourly-ipv4,ziyadnz|hourly,2026-08-17T18:48:05Z,2026-08-17T18:48:05Z,
54.183.86.4,ipv4,malicious-ip,medium,WHITE,ziyadnz/hourly-ipv4,ziyadnz|hourly,2026-08-17T18:48:05Z,2026-08-17T18:48:05Z,
54.193.91.232,ipv4,malicious-ip,medium,WHITE,ziyadnz/hourly-ipv4,ziyadnz|hourly,2026-08-17T18:48:05Z,2026-08-17T18:48:05Z,
54.195.187.154,ipv4,malicious-ip,medium,WHITE,ziyadnz/hourly-ipv4,ziyadnz|hourly,2026-08-17T18:48:05Z,2026-08-17T18:48:05Z,
54.196.150.166,ipv4,malicious-ip,medium,WHITE,ziyadnz/hourly-ipv4,ziyadnz|hourly,2026-08-17T18:48:05Z,2026-08-17T18:48:05Z,
54.197.102.71,ipv4,malicious-ip,medium,WHITE,ziyadnz/hourly-ipv4,ziyadnz|hourly,2026-08-17T18:48:05Z,2026-08-17T18:48:05Z,
54.197.178.107,ipv4,malicious-ip,medium,WHITE,ziyadnz/hourly-ipv4,ziyadnz|hourly,2026-08-17T18:48:05Z,2026-08-17T18:48:05Z,
54.197.82.195,ipv4,malicious-ip,medium,WHITE,ziyadnz/hourly-ipv4,ziyadnz|hourly,2026-08-17T18:48:05Z,2026-08-17T18:48:05Z,
54.197.86.219,ipv4,malicious-ip,medium,WHITE,ziyadnz/hourly-ipv4,ziyadnz|hourly,2026-08-17T18:48:05Z,2026-08-17T18:48:05Z,
54.198.33.233,ipv4,malicious-ip,medium,WHITE,ziyadnz/hourly-ipv4,ziyadnz|hourly,2026-08-17T18:48:05Z,2026-08-17T18:48:05Z,
54.200.57.24,ipv4,malicious-ip,medium,WHITE,ziyadnz/hourly-ipv4,ziyadnz|hourly,2026-08-17T18:48:05Z,2026-08-17T18:48:05Z,
54.201.195.254,ipv4,malicious-ip,medium,WHITE,ziyadnz/hourly-ipv4,ziyadnz|hourly,2026-08-17T18:48:05Z,2026-08-17T18:48:05Z,
54.204.116.159,ipv4,malicious-ip,medium,WHITE,ziyadnz/hourly-ipv4,ziyadnz|hourly,2026-08-17T18:48:05Z,2026-08-17T18:48:05Z,
54.204.13.250,ipv4,malicious-ip,medium,WHITE,ziyadnz/hourly-ipv4,ziyadnz|hourly,2026-08-17T18:48:05Z,2026-08-17T18:48:05Z,
54.204.58.226,ipv4,malicious-ip,medium,WHITE,ziyadnz/hourly-ipv4,ziyadnz|hourly,2026-08-17T18:48:05Z,2026-08-17T18:48:05Z,
54.204.62.163,ipv4,malicious-ip,medium,WHITE,ziyadnz/hourly-ipv4,ziyadnz|hourly,2026-08-17T18:48:05Z,2026-08-17T18:48:05Z,
54.204.71.163,ipv4,malicious-ip,medium,WHITE,ziyadnz/hourly-ipv4,ziyadnz|hourly,2026-08-17T18:48:05Z,2026-08-17T18:48:05Z,
54.204.76.69,ipv4,malicious-ip,medium,WHITE,ziyadnz/hourly-ipv4,ziyadnz|hourly,2026-08-17T18:48:05Z,2026-08-17T18:48:05Z,
54.208.186.172,ipv4,malicious-ip,medium,WHITE,ziyadnz/hourly-ipv4,ziyadnz|hourly,2026-08-17T18:48:05Z,2026-08-17T18:48:05Z,
54.208.198.178,ipv4,malicious-ip,medium,WHITE,ziyadnz/hourly-ipv4,ziyadnz|hourly,2026-08-17T18:48:05Z,2026-08-17T18:48:05Z,
54.208.201.170,ipv4,malicious-ip,medium,WHITE,ziyadnz/hourly-ipv4,ziyadnz|hourly,2026-08-17T18:48:05Z,2026-08-17T18:48:05Z,
54.210.155.69,ipv4,malicious-ip,medium,WHITE,ziyadnz/hourly-ipv4,ziyadnz|hourly,2026-08-17T18:48:05Z,2026-08-17T18:48:05Z,
54.210.172.55,ipv4,malicious-ip,medium,WHITE,ziyadnz/hourly-ipv4,ziyadnz|hourly,2026-08-17T18:48:05Z,2026-08-17T18:48:05Z,
54.212.170.234,ipv4,malicious-ip,medium,WHITE,ziyadnz/hourly-ipv4,ziyadnz|hourly,2026-08-17T18:48:05Z,2026-08-17T18:48:05Z,
54.213.214.210,ipv4,malicious-ip,medium,WHITE,ziyadnz/hourly-ipv4,ziyadnz|hourly,2026-08-17T18:48:05Z,2026-08-17T18:48:05Z,
54.216.238.26,ipv4,malicious-ip,medium,WHITE,ziyadnz/hourly-ipv4,ziyadnz|hourly,2026-08-17T18:48:05Z,2026-08-17T18:48:05Z,
54.217.137.141,ipv4,malicious-ip,medium,WHITE,ziyadnz/hourly-ipv4,ziyadnz|hourly,2026-08-17T18:48:05Z,2026-08-17T18:48:05Z,
54.217.25.206,ipv4,malicious-ip,medium,WHITE,ziyadnz/hourly-ipv4,ziyadnz|hourly,2026-08-17T18:48:05Z,2026-08-17T18:48:05Z,
54.225.148.123,ipv4,malicious-ip,medium,WHITE,ziyadnz/hourly-ipv4,ziyadnz|hourly,2026-08-17T18:48:05Z,2026-08-17T18:48:05Z,
54.225.81.20,ipv4,malicious-ip,medium,WHITE,ziyadnz/hourly-ipv4,ziyadnz|hourly,2026-08-17T18:48:05Z,2026-08-17T18:48:05Z,
54.225.98.148,ipv4,malicious-ip,medium,WHITE,ziyadnz/hourly-ipv4,ziyadnz|hourly,2026-08-17T18:48:05Z,2026-08-17T18:48:05Z,
54.226.135.115,ipv4,malicious-ip,medium,WHITE,ziyadnz/hourly-ipv4,ziyadnz|hourly,2026-08-17T18:48:05Z,2026-08-17T18:48:05Z,
54.226.142.67,ipv4,malicious-ip,medium,WHITE,ziyadnz/hourly-ipv4,ziyadnz|hourly,2026-08-17T18:48:05Z,2026-08-17T18:48:05Z,
54.226.29.111,ipv4,malicious-ip,medium,WHITE,ziyadnz/hourly-ipv4,ziyadnz|hourly,2026-08-17T18:48:05Z,2026-08-17T18:48:05Z,
54.226.74.194,ipv4,malicious-ip,medium,WHITE,ziyadnz/hourly-ipv4,ziyadnz|hourly,2026-08-17T18:48:05Z,2026-08-17T18:48:05Z,
54.227.18.173,ipv4,malicious-ip,medium,WHITE,ziyadnz/hourly-ipv4,ziyadnz|hourly,2026-08-17T18:48:05Z,2026-08-17T18:48:05Z,
54.227.33.142,ipv4,malicious-ip,medium,WHITE,ziyadnz/hourly-ipv4,ziyadnz|hourly,2026-08-17T18:48:05Z,2026-08-17T18:48:05Z,
54.234.183.96,ipv4,malicious-ip,medium,WHITE,ziyadnz/hourly-ipv4,ziyadnz|hourly,2026-08-17T18:48:05Z,2026-08-17T18:48:05Z,
54.234.40.79,ipv4,malicious-ip,medium,WHITE,ziyadnz/hourly-ipv4,ziyadnz|hourly,2026-08-17T18:48:05Z,2026-08-17T18:48:05Z,
54.234.67.238,ipv4,malicious-ip,medium,WHITE,ziyadnz/hourly-ipv4,ziyadnz|hourly,2026-08-17T18:48:05Z,2026-08-17T18:48:05Z,
54.235.125.129,ipv4,malicious-ip,medium,WHITE,ziyadnz/hourly-ipv4,ziyadnz|hourly,2026-08-17T18:48:05Z,2026-08-17T18:48:05Z,
54.235.191.179,ipv4,malicious-ip,medium,WHITE,ziyadnz/hourly-ipv4,ziyadnz|hourly,2026-08-17T18:48:05Z,2026-08-17T18:48:05Z,
54.235.52.37,ipv4,malicious-ip,medium,WHITE,ziyadnz/hourly-ipv4,ziyadnz|hourly,2026-08-17T18:48:05Z,2026-08-17T18:48:05Z,
54.237.223.62,ipv4,malicious-ip,medium,WHITE,ziyadnz/hourly-ipv4,ziyadnz|hourly,2026-08-17T18:48:05Z,2026-08-17T18:48:05Z,
54.237.234.26,ipv4,malicious-ip,medium,WHITE,ziyadnz/hourly-ipv4,ziyadnz|hourly,2026-08-17T18:48:05Z,2026-08-17T18:48:05Z,
54.242.13.76,ipv4,malicious-ip,medium,WHITE,ziyadnz/hourly-ipv4,ziyadnz|hourly,2026-08-17T18:48:05Z,2026-08-17T18:48:05Z,
54.242.193.14,ipv4,malicious-ip,medium,WHITE,ziyadnz/hourly-ipv4,ziyadnz|hourly,2026-08-17T18:48:05Z,2026-08-17T18:48:05Z,
54.242.243.244,ipv4,malicious-ip,medium,WHITE,ziyadnz/hourly-ipv4,ziyadnz|hourly,2026-08-17T18:48:05Z,2026-08-17T18:48:05Z,
54.242.30.216,ipv4,malicious-ip,medium,WHITE,ziyadnz/hourly-ipv4,ziyadnz|hourly,2026-08-17T18:48:05Z,2026-08-17T18:48:05Z,
54.242.53.224,ipv4,malicious-ip,medium,WHITE,ziyadnz/hourly-ipv4,ziyadnz|hourly,2026-08-17T18:48:05Z,2026-08-17T18:48:05Z,
54.243.13.14,ipv4,malicious-ip,medium,WHITE,ziyadnz/hourly-ipv4,ziyadnz|hourly,2026-08-17T18:48:05Z,2026-08-17T18:48:05Z,
54.243.63.52,ipv4,malicious-ip,medium,WHITE,ziyadnz/hourly-ipv4,ziyadnz|hourly,2026-08-17T18:48:05Z,2026-08-17T18:48:05Z,
54.244.188.177,ipv4,malicious-ip,medium,WHITE,ziyadnz/hourly-ipv4,ziyadnz|hourly,2026-08-17T18:48:05Z,2026-08-17T18:48:05Z,
54.245.56.55,ipv4,malicious-ip,medium,WHITE,ziyadnz/hourly-ipv4,ziyadnz|hourly,2026-08-17T18:48:05Z,2026-08-17T18:48:05Z,
54.252.183.87,ipv4,malicious-ip,medium,WHITE,ziyadnz/hourly-ipv4,ziyadnz|hourly,2026-08-17T18:48:05Z,2026-08-17T18:48:05Z,
54.36.108.162,ipv4,malicious-ip,medium,WHITE,ziyadnz/hourly-ipv4,ziyadnz|hourly,2026-08-17T18:48:05Z,2026-08-17T18:48:05Z,
54.36.111.116,ipv4,malicious-ip,medium,WHITE,ziyadnz/hourly-ipv4,ziyadnz|hourly,2026-08-17T18:48:05Z,2026-08-17T18:48:05Z,
54.36.145.173,ipv4,malicious-ip,medium,WHITE,ziyadnz/hourly-ipv4,ziyadnz|hourly,2026-08-17T18:48:05Z,2026-08-17T18:48:05Z,
54.36.180.110,ipv4,malicious-ip,medium,WHITE,ziyadnz/hourly-ipv4,ziyadnz|hourly,2026-08-17T18:48:05Z,2026-08-17T18:48:05Z,
54.36.49.151,ipv4,malicious-ip,medium,WHITE,ziyadnz/hourly-ipv4,ziyadnz|hourly,2026-08-17T18:48:05Z,2026-08-17T18:48:05Z,
54.36.60.82,ipv4,malicious-ip,medium,WHITE,ziyadnz/hourly-ipv4,ziyadnz|hourly,2026-08-17T18:48:05Z,2026-08-17T18:48:05Z,
54.37.10.124,ipv4,malicious-ip,medium,WHITE,ziyadnz/hourly-ipv4,ziyadnz|hourly,2026-08-17T18:48:05Z,2026-08-17T18:48:05Z,
54.37.118.0,ipv4,malicious-ip,medium,WHITE,ziyadnz/hourly-ipv4,ziyadnz|hourly,2026-08-17T18:48:05Z,2026-08-17T18:48:05Z,
54.37.118.69,ipv4,malicious-ip,medium,WHITE,ziyadnz/hourly-ipv4,ziyadnz|hourly,2026-08-17T18:48:05Z,2026-08-17T18:48:05Z,
54.37.118.73,ipv4,malicious-ip,medium,WHITE,ziyadnz/hourly-ipv4,ziyadnz|hourly,2026-08-17T18:48:05Z,2026-08-17T18:48:05Z,
54.37.118.74,ipv4,malicious-ip,medium,WHITE,ziyadnz/hourly-ipv4,ziyadnz|hourly,2026-08-17T18:48:05Z,2026-08-17T18:48:05Z,
54.37.118.77,ipv4,malicious-ip,medium,WHITE,ziyadnz/hourly-ipv4,ziyadnz|hourly,2026-08-17T18:48:05Z,2026-08-17T18:48:05Z,
54.37.118.78,ipv4,malicious-ip,medium,WHITE,ziyadnz/hourly-ipv4,ziyadnz|hourly,2026-08-17T18:48:05Z,2026-08-17T18:48:05Z,
54.37.118.79,ipv4,malicious-ip,medium,WHITE,ziyadnz/hourly-ipv4,ziyadnz|hourly,2026-08-17T18:48:05Z,2026-08-17T18:48:05Z,
54.37.118.81,ipv4,malicious-ip,medium,WHITE,ziyadnz/hourly-ipv4,ziyadnz|hourly,2026-08-17T18:48:05Z,2026-08-17T18:48:05Z,
54.37.118.82,ipv4,malicious-ip,medium,WHITE,ziyadnz/hourly-ipv4,ziyadnz|hourly,2026-08-17T18:48:05Z,2026-08-17T18:48:05Z,
54.37.118.85,ipv4,malicious-ip,medium,WHITE,ziyadnz/hourly-ipv4,ziyadnz|hourly,2026-08-17T18:48:05Z,2026-08-17T18:48:05Z,
54.37.118.89,ipv4,malicious-ip,medium,WHITE,ziyadnz/hourly-ipv4,ziyadnz|hourly,2026-08-17T18:48:05Z,2026-08-17T18:48:05Z,
54.37.118.90,ipv4,malicious-ip,medium,WHITE,ziyadnz/hourly-ipv4,ziyadnz|hourly,2026-08-17T18:48:05Z,2026-08-17T18:48:05Z,
54.37.118.91,ipv4,malicious-ip,medium,WHITE,ziyadnz/hourly-ipv4,ziyadnz|hourly,2026-08-17T18:48:05Z,2026-08-17T18:48:05Z,
54.37.118.92,ipv4,malicious-ip,medium,WHITE,ziyadnz/hourly-ipv4,ziyadnz|hourly,2026-08-17T18:48:05Z,2026-08-17T18:48:05Z,
54.37.118.94,ipv4,malicious-ip,medium,WHITE,ziyadnz/hourly-ipv4,ziyadnz|hourly,2026-08-17T18:48:05Z,2026-08-17T18:48:05Z,
54.37.138.51,ipv4,malicious-ip,medium,WHITE,ziyadnz/hourly-ipv4,ziyadnz|hourly,2026-08-17T18:48:05Z,2026-08-17T18:48:05Z,
54.37.205.21,ipv4,malicious-ip,medium,WHITE,ziyadnz/hourly-ipv4,ziyadnz|hourly,2026-08-17T18:48:05Z,2026-08-17T18:48:05Z,
54.37.22.223,ipv4,malicious-ip,medium,WHITE,ziyadnz/hourly-ipv4,ziyadnz|hourly,2026-08-17T18:48:05Z,2026-08-17T18:48:05Z,
54.37.229.48,ipv4,malicious-ip,medium,WHITE,ziyadnz/hourly-ipv4,ziyadnz|hourly,2026-08-17T18:48:05Z,2026-08-17T18:48:05Z,
54.37.23.119,ipv4,malicious-ip,medium,WHITE,ziyadnz/hourly-ipv4,ziyadnz|hourly,2026-08-17T18:48:05Z,2026-08-17T18:48:05Z,
54.37.23.137,ipv4,malicious-ip,medium,WHITE,ziyadnz/hourly-ipv4,ziyadnz|hourly,2026-08-17T18:48:05Z,2026-08-17T18:48:05Z,
54.37.252.131,ipv4,malicious-ip,medium,WHITE,ziyadnz/hourly-ipv4,ziyadnz|hourly,2026-08-17T18:48:05Z,2026-08-17T18:48:05Z,
54.37.252.36,ipv4,malicious-ip,medium,WHITE,ziyadnz/hourly-ipv4,ziyadnz|hourly,2026-08-17T18:48:05Z,2026-08-17T18:48:05Z,
54.37.38.91,ipv4,malicious-ip,medium,WHITE,ziyadnz/hourly-ipv4,ziyadnz|hourly,2026-08-17T18:48:05Z,2026-08-17T18:48:05Z,
54.37.70.249,ipv4,malicious-ip,medium,WHITE,ziyadnz/hourly-ipv4,ziyadnz|hourly,2026-08-17T18:48:05Z,2026-08-17T18:48:05Z,
54.37.74.179,ipv4,malicious-ip,medium,WHITE,ziyadnz/hourly-ipv4,ziyadnz|hourly,2026-08-17T18:48:05Z,2026-08-17T18:48:05Z,
54.37.78.251,ipv4,malicious-ip,medium,WHITE,ziyadnz/hourly-ipv4,ziyadnz|hourly,2026-08-17T18:48:05Z,2026-08-17T18:48:05Z,
54.37.81.223,ipv4,malicious-ip,medium,WHITE,ziyadnz/hourly-ipv4,ziyadnz|hourly,2026-08-17T18:48:05Z,2026-08-17T18:48:05Z,
54.38.109.217,ipv4,malicious-ip,medium,WHITE,ziyadnz/hourly-ipv4,ziyadnz|hourly,2026-08-17T18:48:05Z,2026-08-17T18:48:05Z,
54.38.139.20,ipv4,malicious-ip,medium,WHITE,ziyadnz/hourly-ipv4,ziyadnz|hourly,2026-08-17T18:48:05Z,2026-08-17T18:48:05Z,
54.38.147.113,ipv4,malicious-ip,medium,WHITE,ziyadnz/hourly-ipv4,ziyadnz|hourly,2026-08-17T18:48:05Z,2026-08-17T18:48:05Z,
54.38.147.129,ipv4,malicious-ip,medium,WHITE,ziyadnz/hourly-ipv4,ziyadnz|hourly,2026-08-17T18:48:05Z,2026-08-17T18:48:05Z,
54.38.147.15,ipv4,malicious-ip,medium,WHITE,ziyadnz/hourly-ipv4,ziyadnz|hourly,2026-08-17T18:48:05Z,2026-08-17T18:48:05Z,
54.38.147.154,ipv4,malicious-ip,medium,WHITE,ziyadnz/hourly-ipv4,ziyadnz|hourly,2026-08-17T18:48:05Z,2026-08-17T18:48:05Z,
54.38.147.16,ipv4,malicious-ip,medium,WHITE,ziyadnz/hourly-ipv4,ziyadnz|hourly,2026-08-17T18:48:05Z,2026-08-17T18:48:05Z,
54.38.147.164,ipv4,malicious-ip,medium,WHITE,ziyadnz/hourly-ipv4,ziyadnz|hourly,2026-08-17T18:48:05Z,2026-08-17T18:48:05Z,
54.38.147.171,ipv4,malicious-ip,medium,WHITE,ziyadnz/hourly-ipv4,ziyadnz|hourly,2026-08-17T18:48:05Z,2026-08-17T18:48:05Z,
54.38.147.181,ipv4,malicious-ip,medium,WHITE,ziyadnz/hourly-ipv4,ziyadnz|hourly,2026-08-17T18:48:05Z,2026-08-17T18:48:05Z,
54.38.147.184,ipv4,malicious-ip,medium,WHITE,ziyadnz/hourly-ipv4,ziyadnz|hourly,2026-08-17T18:48:05Z,2026-08-17T18:48:05Z,
54.38.147.189,ipv4,malicious-ip,medium,WHITE,ziyadnz/hourly-ipv4,ziyadnz|hourly,2026-08-17T18:48:05Z,2026-08-17T18:48:05Z,
54.38.147.20,ipv4,malicious-ip,medium,WHITE,ziyadnz/hourly-ipv4,ziyadnz|hourly,2026-08-17T18:48:05Z,2026-08-17T18:48:05Z,
54.38.147.202,ipv4,malicious-ip,medium,WHITE,ziyadnz/hourly-ipv4,ziyadnz|hourly,2026-08-17T18:48:05Z,2026-08-17T18:48:05Z,
54.38.147.217,ipv4,malicious-ip,medium,WHITE,ziyadnz/hourly-ipv4,ziyadnz|hourly,2026-08-17T18:48:05Z,2026-08-17T18:48:05Z,
54.38.147.219,ipv4,malicious-ip,medium,WHITE,ziyadnz/hourly-ipv4,ziyadnz|hourly,2026-08-17T18:48:05Z,2026-08-17T18:48:05Z,
54.38.147.225,ipv4,malicious-ip,medium,WHITE,ziyadnz/hourly-ipv4,ziyadnz|hourly,2026-08-17T18:48:05Z,2026-08-17T18:48:05Z,
54.38.147.227,ipv4,malicious-ip,medium,WHITE,ziyadnz/hourly-ipv4,ziyadnz|hourly,2026-08-17T18:48:05Z,2026-08-17T18:48:05Z,
54.38.147.228,ipv4,malicious-ip,medium,WHITE,ziyadnz/hourly-ipv4,ziyadnz|hourly,2026-08-17T18:48:05Z,2026-08-17T18:48:05Z,
54.38.147.231,ipv4,malicious-ip,medium,WHITE,ziyadnz/hourly-ipv4,ziyadnz|hourly,2026-08-17T18:48:05Z,2026-08-17T18:48:05Z,
54.38.147.238,ipv4,malicious-ip,medium,WHITE,ziyadnz/hourly-ipv4,ziyadnz|hourly,2026-08-17T18:48:05Z,2026-08-17T18:48:05Z,
54.38.147.239,ipv4,malicious-ip,medium,WHITE,ziyadnz/hourly-ipv4,ziyadnz|hourly,2026-08-17T18:48:05Z,2026-08-17T18:48:05Z,
54.38.147.241,ipv4,malicious-ip,medium,WHITE,ziyadnz/hourly-ipv4,ziyadnz|hourly,2026-08-17T18:48:05Z,2026-08-17T18:48:05Z,
54.38.147.253,ipv4,malicious-ip,medium,WHITE,ziyadnz/hourly-ipv4,ziyadnz|hourly,2026-08-17T18:48:05Z,2026-08-17T18:48:05Z,
54.38.147.3,ipv4,malicious-ip,medium,WHITE,ziyadnz/hourly-ipv4,ziyadnz|hourly,2026-08-17T18:48:05Z,2026-08-17T18:48:05Z,
54.38.147.31,ipv4,malicious-ip,medium,WHITE,ziyadnz/hourly-ipv4,ziyadnz|hourly,2026-08-17T18:48:05Z,2026-08-17T18:48:05Z,
54.38.147.36,ipv4,malicious-ip,medium,WHITE,ziyadnz/hourly-ipv4,ziyadnz|hourly,2026-08-17T18:48:05Z,2026-08-17T18:48:05Z,
54.38.147.41,ipv4,malicious-ip,medium,WHITE,ziyadnz/hourly-ipv4,ziyadnz|hourly,2026-08-17T18:48:05Z,2026-08-17T18:48:05Z,
54.38.147.46,ipv4,malicious-ip,medium,WHITE,ziyadnz/hourly-ipv4,ziyadnz|hourly,2026-08-17T18:48:05Z,2026-08-17T18:48:05Z,
54.38.147.48,ipv4,malicious-ip,medium,WHITE,ziyadnz/hourly-ipv4,ziyadnz|hourly,2026-08-17T18:48:05Z,2026-08-17T18:48:05Z,
54.38.147.51,ipv4,malicious-ip,medium,WHITE,ziyadnz/hourly-ipv4,ziyadnz|hourly,2026-08-17T18:48:05Z,2026-08-17T18:48:05Z,
54.38.147.55,ipv4,malicious-ip,medium,WHITE,ziyadnz/hourly-ipv4,ziyadnz|hourly,2026-08-17T18:48:05Z,2026-08-17T18:48:05Z,
54.38.147.61,ipv4,malicious-ip,medium,WHITE,ziyadnz/hourly-ipv4,ziyadnz|hourly,2026-08-17T18:48:05Z,2026-08-17T18:48:05Z,
54.38.147.67,ipv4,malicious-ip,medium,WHITE,ziyadnz/hourly-ipv4,ziyadnz|hourly,2026-08-17T18:48:05Z,2026-08-17T18:48:05Z,
54.38.147.8,ipv4,malicious-ip,medium,WHITE,ziyadnz/hourly-ipv4,ziyadnz|hourly,2026-08-17T18:48:05Z,2026-08-17T18:48:05Z,
54.38.147.84,ipv4,malicious-ip,medium,WHITE,ziyadnz/hourly-ipv4,ziyadnz|hourly,2026-08-17T18:48:05Z,2026-08-17T18:48:05Z,
54.38.147.86,ipv4,malicious-ip,medium,WHITE,ziyadnz/hourly-ipv4,ziyadnz|hourly,2026-08-17T18:48:05Z,2026-08-17T18:48:05Z,
54.38.147.9,ipv4,malicious-ip,medium,WHITE,ziyadnz/hourly-ipv4,ziyadnz|hourly,2026-08-17T18:48:05Z,2026-08-17T18:48:05Z,
54.38.147.93,ipv4,malicious-ip,medium,WHITE,ziyadnz/hourly-ipv4,ziyadnz|hourly,2026-08-17T18:48:05Z,2026-08-17T18:48:05Z,
54.38.147.99,ipv4,malicious-ip,medium,WHITE,ziyadnz/hourly-ipv4,ziyadnz|hourly,2026-08-17T18:48:05Z,2026-08-17T18:48:05Z,
54.38.157.20,ipv4,malicious-ip,medium,WHITE,ziyadnz/hourly-ipv4,ziyadnz|hourly,2026-08-17T18:48:05Z,2026-08-17T18:48:05Z,
54.38.157.39,ipv4,malicious-ip,medium,WHITE,ziyadnz/hourly-ipv4,ziyadnz|hourly,2026-08-17T18:48:05Z,2026-08-17T18:48:05Z,
54.38.188.18,ipv4,malicious-ip,medium,WHITE,ziyadnz/hourly-ipv4,ziyadnz|hourly,2026-08-17T18:48:05Z,2026-08-17T18:48:05Z,
54.38.190.246,ipv4,malicious-ip,medium,WHITE,ziyadnz/hourly-ipv4,ziyadnz|hourly,2026-08-17T18:48:05Z,2026-08-17T18:48:05Z,
54.38.38.130,ipv4,malicious-ip,medium,WHITE,ziyadnz/hourly-ipv4,ziyadnz|hourly,2026-08-17T18:48:05Z,2026-08-17T18:48:05Z,
54.38.79.136,ipv4,malicious-ip,medium,WHITE,ziyadnz/hourly-ipv4,ziyadnz|hourly,2026-08-17T18:48:05Z,2026-08-17T18:48:05Z,
54.39.0.0,ipv4,malicious-ip,medium,WHITE,ziyadnz/hourly-ipv4,ziyadnz|hourly,2026-08-17T18:48:05Z,2026-08-17T18:48:05Z,
54.39.0.110,ipv4,malicious-ip,medium,WHITE,ziyadnz/hourly-ipv4,ziyadnz|hourly,2026-08-17T18:48:05Z,2026-08-17T18:48:05Z,
54.39.0.120,ipv4,malicious-ip,medium,WHITE,ziyadnz/hourly-ipv4,ziyadnz|hourly,2026-08-17T18:48:05Z,2026-08-17T18:48:05Z,
54.39.0.127,ipv4,malicious-ip,medium,WHITE,ziyadnz/hourly-ipv4,ziyadnz|hourly,2026-08-17T18:48:05Z,2026-08-17T18:48:05Z,
54.39.0.131,ipv4,malicious-ip,medium,WHITE,ziyadnz/hourly-ipv4,ziyadnz|hourly,2026-08-17T18:48:05Z,2026-08-17T18:48:05Z,
54.39.0.134,ipv4,malicious-ip,medium,WHITE,ziyadnz/hourly-ipv4,ziyadnz|hourly,2026-08-17T18:48:05Z,2026-08-17T18:48:05Z,
54.39.0.145,ipv4,malicious-ip,medium,WHITE,ziyadnz/hourly-ipv4,ziyadnz|hourly,2026-08-17T18:48:05Z,2026-08-17T18:48:05Z,
54.39.0.149,ipv4,malicious-ip,medium,WHITE,ziyadnz/hourly-ipv4,ziyadnz|hourly,2026-08-17T18:48:05Z,2026-08-17T18:48:05Z,
54.39.0.152,ipv4,malicious-ip,medium,WHITE,ziyadnz/hourly-ipv4,ziyadnz|hourly,2026-08-17T18:48:05Z,2026-08-17T18:48:05Z,
54.39.0.158,ipv4,malicious-ip,medium,WHITE,ziyadnz/hourly-ipv4,ziyadnz|hourly,2026-08-17T18:48:05Z,2026-08-17T18:48:05Z,
54.39.0.161,ipv4,malicious-ip,medium,WHITE,ziyadnz/hourly-ipv4,ziyadnz|hourly,2026-08-17T18:48:05Z,2026-08-17T18:48:05Z,
54.39.0.166,ipv4,malicious-ip,medium,WHITE,ziyadnz/hourly-ipv4,ziyadnz|hourly,2026-08-17T18:48:05Z,2026-08-17T18:48:05Z,
54.39.0.17,ipv4,malicious-ip,medium,WHITE,ziyadnz/hourly-ipv4,ziyadnz|hourly,2026-08-17T18:48:05Z,2026-08-17T18:48:05Z,
54.39.0.179,ipv4,malicious-ip,medium,WHITE,ziyadnz/hourly-ipv4,ziyadnz|hourly,2026-08-17T18:48:05Z,2026-08-17T18:48:05Z,
54.39.0.192,ipv4,malicious-ip,medium,WHITE,ziyadnz/hourly-ipv4,ziyadnz|hourly,2026-08-17T18:48:05Z,2026-08-17T18:48:05Z,
54.39.0.195,ipv4,malicious-ip,medium,WHITE,ziyadnz/hourly-ipv4,ziyadnz|hourly,2026-08-17T18:48:05Z,2026-08-17T18:48:05Z,
54.39.0.20,ipv4,malicious-ip,medium,WHITE,ziyadnz/hourly-ipv4,ziyadnz|hourly,2026-08-17T18:48:05Z,2026-08-17T18:48:05Z,
54.39.0.202,ipv4,malicious-ip,medium,WHITE,ziyadnz/hourly-ipv4,ziyadnz|hourly,2026-08-17T18:48:05Z,2026-08-17T18:48:05Z,
54.39.0.208,ipv4,malicious-ip,medium,WHITE,ziyadnz/hourly-ipv4,ziyadnz|hourly,2026-08-17T18:48:05Z,2026-08-17T18:48:05Z,
54.39.0.211,ipv4,malicious-ip,medium,WHITE,ziyadnz/hourly-ipv4,ziyadnz|hourly,2026-08-17T18:48:05Z,2026-08-17T18:48:05Z,
54.39.0.212,ipv4,malicious-ip,medium,WHITE,ziyadnz/hourly-ipv4,ziyadnz|hourly,2026-08-17T18:48:05Z,2026-08-17T18:48:05Z,
54.39.0.217,ipv4,malicious-ip,medium,WHITE,ziyadnz/hourly-ipv4,ziyadnz|hourly,2026-08-17T18:48:05Z,2026-08-17T18:48:05Z,
54.39.0.229,ipv4,malicious-ip,medium,WHITE,ziyadnz/hourly-ipv4,ziyadnz|hourly,2026-08-17T18:48:05Z,2026-08-17T18:48:05Z,
54.39.0.23,ipv4,malicious-ip,medium,WHITE,ziyadnz/hourly-ipv4,ziyadnz|hourly,2026-08-17T18:48:05Z,2026-08-17T18:48:05Z,
54.39.0.232,ipv4,malicious-ip,medium,WHITE,ziyadnz/hourly-ipv4,ziyadnz|hourly,2026-08-17T18:48:05Z,2026-08-17T18:48:05Z,
54.39.0.238,ipv4,malicious-ip,medium,WHITE,ziyadnz/hourly-ipv4,ziyadnz|hourly,2026-08-17T18:48:05Z,2026-08-17T18:48:05Z,
54.39.0.243,ipv4,malicious-ip,medium,WHITE,ziyadnz/hourly-ipv4,ziyadnz|hourly,2026-08-17T18:48:05Z,2026-08-17T18:48:05Z,
54.39.0.244,ipv4,malicious-ip,medium,WHITE,ziyadnz/hourly-ipv4,ziyadnz|hourly,2026-08-17T18:48:05Z,2026-08-17T18:48:05Z,
54.39.0.247,ipv4,malicious-ip,medium,WHITE,ziyadnz/hourly-ipv4,ziyadnz|hourly,2026-08-17T18:48:05Z,2026-08-17T18:48:05Z,
54.39.0.248,ipv4,malicious-ip,medium,WHITE,ziyadnz/hourly-ipv4,ziyadnz|hourly,2026-08-17T18:48:05Z,2026-08-17T18:48:05Z,
54.39.0.255,ipv4,malicious-ip,medium,WHITE,ziyadnz/hourly-ipv4,ziyadnz|hourly,2026-08-17T18:48:05Z,2026-08-17T18:48:05Z,
54.39.0.35,ipv4,malicious-ip,medium,WHITE,ziyadnz/hourly-ipv4,ziyadnz|hourly,2026-08-17T18:48:05Z,2026-08-17T18:48:05Z,
54.39.0.42,ipv4,malicious-ip,medium,WHITE,ziyadnz/hourly-ipv4,ziyadnz|hourly,2026-08-17T18:48:05Z,2026-08-17T18:48:05Z,
54.39.0.5,ipv4,malicious-ip,medium,WHITE,ziyadnz/hourly-ipv4,ziyadnz|hourly,2026-08-17T18:48:05Z,2026-08-17T18:48:05Z,
54.39.0.57,ipv4,malicious-ip,medium,WHITE,ziyadnz/hourly-ipv4,ziyadnz|hourly,2026-08-17T18:48:05Z,2026-08-17T18:48:05Z,
54.39.0.61,ipv4,malicious-ip,medium,WHITE,ziyadnz/hourly-ipv4,ziyadnz|hourly,2026-08-17T18:48:05Z,2026-08-17T18:48:05Z,
54.39.0.66,ipv4,malicious-ip,medium,WHITE,ziyadnz/hourly-ipv4,ziyadnz|hourly,2026-08-17T18:48:05Z,2026-08-17T18:48:05Z,
54.39.0.67,ipv4,malicious-ip,medium,WHITE,ziyadnz/hourly-ipv4,ziyadnz|hourly,2026-08-17T18:48:05Z,2026-08-17T18:48:05Z,
54.39.0.69,ipv4,malicious-ip,medium,WHITE,ziyadnz/hourly-ipv4,ziyadnz|hourly,2026-08-17T18:48:05Z,2026-08-17T18:48:05Z,
54.39.0.71,ipv4,malicious-ip,medium,WHITE,ziyadnz/hourly-ipv4,ziyadnz|hourly,2026-08-17T18:48:05Z,2026-08-17T18:48:05Z,
54.39.0.72,ipv4,malicious-ip,medium,WHITE,ziyadnz/hourly-ipv4,ziyadnz|hourly,2026-08-17T18:48:05Z,2026-08-17T18:48:05Z,
54.39.0.78,ipv4,malicious-ip,medium,WHITE,ziyadnz/hourly-ipv4,ziyadnz|hourly,2026-08-17T18:48:05Z,2026-08-17T18:48:05Z,
54.39.0.81,ipv4,malicious-ip,medium,WHITE,ziyadnz/hourly-ipv4,ziyadnz|hourly,2026-08-17T18:48:05Z,2026-08-17T18:48:05Z,
54.39.0.84,ipv4,malicious-ip,medium,WHITE,ziyadnz/hourly-ipv4,ziyadnz|hourly,2026-08-17T18:48:05Z,2026-08-17T18:48:05Z,
54.39.0.92,ipv4,malicious-ip,medium,WHITE,ziyadnz/hourly-ipv4,ziyadnz|hourly,2026-08-17T18:48:05Z,2026-08-17T18:48:05Z,
54.39.0.99,ipv4,malicious-ip,medium,WHITE,ziyadnz/hourly-ipv4,ziyadnz|hourly,2026-08-17T18:48:05Z,2026-08-17T18:48:05Z,
54.39.104.60,ipv4,malicious-ip,medium,WHITE,ziyadnz/hourly-ipv4,ziyadnz|hourly,2026-08-17T18:48:05Z,2026-08-17T18:48:05Z,
54.39.136.11,ipv4,malicious-ip,medium,WHITE,ziyadnz/hourly-ipv4,ziyadnz|hourly,2026-08-17T18:48:05Z,2026-08-17T18:48:05Z,
54.39.136.116,ipv4,malicious-ip,medium,WHITE,ziyadnz/hourly-ipv4,ziyadnz|hourly,2026-08-17T18:48:05Z,2026-08-17T18:48:05Z,
54.39.136.122,ipv4,malicious-ip,medium,WHITE,ziyadnz/hourly-ipv4,ziyadnz|hourly,2026-08-17T18:48:05Z,2026-08-17T18:48:05Z,
54.39.136.126,ipv4,malicious-ip,medium,WHITE,ziyadnz/hourly-ipv4,ziyadnz|hourly,2026-08-17T18:48:05Z,2026-08-17T18:48:05Z,
54.39.136.127,ipv4,malicious-ip,medium,WHITE,ziyadnz/hourly-ipv4,ziyadnz|hourly,2026-08-17T18:48:05Z,2026-08-17T18:48:05Z,
54.39.136.133,ipv4,malicious-ip,medium,WHITE,ziyadnz/hourly-ipv4,ziyadnz|hourly,2026-08-17T18:48:05Z,2026-08-17T18:48:05Z,
54.39.136.136,ipv4,malicious-ip,medium,WHITE,ziyadnz/hourly-ipv4,ziyadnz|hourly,2026-08-17T18:48:05Z,2026-08-17T18:48:05Z,
54.39.136.139,ipv4,malicious-ip,medium,WHITE,ziyadnz/hourly-ipv4,ziyadnz|hourly,2026-08-17T18:48:05Z,2026-08-17T18:48:05Z,
54.39.136.145,ipv4,malicious-ip,medium,WHITE,ziyadnz/hourly-ipv4,ziyadnz|hourly,2026-08-17T18:48:05Z,2026-08-17T18:48:05Z,
54.39.136.152,ipv4,malicious-ip,medium,WHITE,ziyadnz/hourly-ipv4,ziyadnz|hourly,2026-08-17T18:48:05Z,2026-08-17T18:48:05Z,
54.39.136.161,ipv4,malicious-ip,medium,WHITE,ziyadnz/hourly-ipv4,ziyadnz|hourly,2026-08-17T18:48:05Z,2026-08-17T18:48:05Z,
54.39.136.181,ipv4,malicious-ip,medium,WHITE,ziyadnz/hourly-ipv4,ziyadnz|hourly,2026-08-17T18:48:05Z,2026-08-17T18:48:05Z,
54.39.136.186,ipv4,malicious-ip,medium,WHITE,ziyadnz/hourly-ipv4,ziyadnz|hourly,2026-08-17T18:48:05Z,2026-08-17T18:48:05Z,
54.39.136.206,ipv4,malicious-ip,medium,WHITE,ziyadnz/hourly-ipv4,ziyadnz|hourly,2026-08-17T18:48:05Z,2026-08-17T18:48:05Z,
54.39.136.209,ipv4,malicious-ip,medium,WHITE,ziyadnz/hourly-ipv4,ziyadnz|hourly,2026-08-17T18:48:05Z,2026-08-17T18:48:05Z,
54.39.136.213,ipv4,malicious-ip,medium,WHITE,ziyadnz/hourly-ipv4,ziyadnz|hourly,2026-08-17T18:48:05Z,2026-08-17T18:48:05Z,
54.39.136.215,ipv4,malicious-ip,medium,WHITE,ziyadnz/hourly-ipv4,ziyadnz|hourly,2026-08-17T18:48:05Z,2026-08-17T18:48:05Z,
54.39.136.217,ipv4,malicious-ip,medium,WHITE,ziyadnz/hourly-ipv4,ziyadnz|hourly,2026-08-17T18:48:05Z,2026-08-17T18:48:05Z,
54.39.136.221,ipv4,malicious-ip,medium,WHITE,ziyadnz/hourly-ipv4,ziyadnz|hourly,2026-08-17T18:48:05Z,2026-08-17T18:48:05Z,
54.39.136.222,ipv4,malicious-ip,medium,WHITE,ziyadnz/hourly-ipv4,ziyadnz|hourly,2026-08-17T18:48:05Z,2026-08-17T18:48:05Z,
54.39.136.224,ipv4,malicious-ip,medium,WHITE,ziyadnz/hourly-ipv4,ziyadnz|hourly,2026-08-17T18:48:05Z,2026-08-17T18:48:05Z,
54.39.136.228,ipv4,malicious-ip,medium,WHITE,ziyadnz/hourly-ipv4,ziyadnz|hourly,2026-08-17T18:48:05Z,2026-08-17T18:48:05Z,
54.39.136.230,ipv4,malicious-ip,medium,WHITE,ziyadnz/hourly-ipv4,ziyadnz|hourly,2026-08-17T18:48:05Z,2026-08-17T18:48:05Z,
54.39.136.231,ipv4,malicious-ip,medium,WHITE,ziyadnz/hourly-ipv4,ziyadnz|hourly,2026-08-17T18:48:05Z,2026-08-17T18:48:05Z,
54.39.136.232,ipv4,malicious-ip,medium,WHITE,ziyadnz/hourly-ipv4,ziyadnz|hourly,2026-08-17T18:48:05Z,2026-08-17T18:48:05Z,
54.39.136.239,ipv4,malicious-ip,medium,WHITE,ziyadnz/hourly-ipv4,ziyadnz|hourly,2026-08-17T18:48:05Z,2026-08-17T18:48:05Z,
54.39.136.243,ipv4,malicious-ip,medium,WHITE,ziyadnz/hourly-ipv4,ziyadnz|hourly,2026-08-17T18:48:05Z,2026-08-17T18:48:05Z,
54.39.136.253,ipv4,malicious-ip,medium,WHITE,ziyadnz/hourly-ipv4,ziyadnz|hourly,2026-08-17T18:48:05Z,2026-08-17T18:48:05Z,
54.39.136.254,ipv4,malicious-ip,medium,WHITE,ziyadnz/hourly-ipv4,ziyadnz|hourly,2026-08-17T18:48:05Z,2026-08-17T18:48:05Z,
54.39.136.28,ipv4,malicious-ip,medium,WHITE,ziyadnz/hourly-ipv4,ziyadnz|hourly,2026-08-17T18:48:05Z,2026-08-17T18:48:05Z,
54.39.136.30,ipv4,malicious-ip,medium,WHITE,ziyadnz/hourly-ipv4,ziyadnz|hourly,2026-08-17T18:48:05Z,2026-08-17T18:48:05Z,
54.39.136.33,ipv4,malicious-ip,medium,WHITE,ziyadnz/hourly-ipv4,ziyadnz|hourly,2026-08-17T18:48:05Z,2026-08-17T18:48:05Z,
54.39.136.35,ipv4,malicious-ip,medium,WHITE,ziyadnz/hourly-ipv4,ziyadnz|hourly,2026-08-17T18:48:05Z,2026-08-17T18:48:05Z,
54.39.136.4,ipv4,malicious-ip,medium,WHITE,ziyadnz/hourly-ipv4,ziyadnz|hourly,2026-08-17T18:48:05Z,2026-08-17T18:48:05Z,
54.39.136.41,ipv4,malicious-ip,medium,WHITE,ziyadnz/hourly-ipv4,ziyadnz|hourly,2026-08-17T18:48:05Z,2026-08-17T18:48:05Z,
54.39.136.49,ipv4,malicious-ip,medium,WHITE,ziyadnz/hourly-ipv4,ziyadnz|hourly,2026-08-17T18:48:05Z,2026-08-17T18:48:05Z,
54.39.136.52,ipv4,malicious-ip,medium,WHITE,ziyadnz/hourly-ipv4,ziyadnz|hourly,2026-08-17T18:48:05Z,2026-08-17T18:48:05Z,
54.39.136.6,ipv4,malicious-ip,medium,WHITE,ziyadnz/hourly-ipv4,ziyadnz|hourly,2026-08-17T18:48:05Z,2026-08-17T18:48:05Z,
54.39.136.78,ipv4,malicious-ip,medium,WHITE,ziyadnz/hourly-ipv4,ziyadnz|hourly,2026-08-17T18:48:05Z,2026-08-17T18:48:05Z,
54.39.136.85,ipv4,malicious-ip,medium,WHITE,ziyadnz/hourly-ipv4,ziyadnz|hourly,2026-08-17T18:48:05Z,2026-08-17T18:48:05Z,
54.39.136.98,ipv4,malicious-ip,medium,WHITE,ziyadnz/hourly-ipv4,ziyadnz|hourly,2026-08-17T18:48:05Z,2026-08-17T18:48:05Z,
54.39.202.0,ipv4,malicious-ip,medium,WHITE,ziyadnz/hourly-ipv4,ziyadnz|hourly,2026-08-17T18:48:05Z,2026-08-17T18:48:05Z,
54.39.203.0,ipv4,malicious-ip,medium,WHITE,ziyadnz/hourly-ipv4,ziyadnz|hourly,2026-08-17T18:48:05Z,2026-08-17T18:48:05Z,
54.39.203.10,ipv4,malicious-ip,medium,WHITE,ziyadnz/hourly-ipv4,ziyadnz|hourly,2026-08-17T18:48:05Z,2026-08-17T18:48:05Z,
54.39.203.109,ipv4,malicious-ip,medium,WHITE,ziyadnz/hourly-ipv4,ziyadnz|hourly,2026-08-17T18:48:05Z,2026-08-17T18:48:05Z,
54.39.203.119,ipv4,malicious-ip,medium,WHITE,ziyadnz/hourly-ipv4,ziyadnz|hourly,2026-08-17T18:48:05Z,2026-08-17T18:48:05Z,
54.39.203.122,ipv4,malicious-ip,medium,WHITE,ziyadnz/hourly-ipv4,ziyadnz|hourly,2026-08-17T18:48:05Z,2026-08-17T18:48:05Z,
54.39.203.133,ipv4,malicious-ip,medium,WHITE,ziyadnz/hourly-ipv4,ziyadnz|hourly,2026-08-17T18:48:05Z,2026-08-17T18:48:05Z,
54.39.203.143,ipv4,malicious-ip,medium,WHITE,ziyadnz/hourly-ipv4,ziyadnz|hourly,2026-08-17T18:48:05Z,2026-08-17T18:48:05Z,
54.39.203.152,ipv4,malicious-ip,medium,WHITE,ziyadnz/hourly-ipv4,ziyadnz|hourly,2026-08-17T18:48:05Z,2026-08-17T18:48:05Z,
54.39.203.156,ipv4,malicious-ip,medium,WHITE,ziyadnz/hourly-ipv4,ziyadnz|hourly,2026-08-17T18:48:05Z,2026-08-17T18:48:05Z,
54.39.203.157,ipv4,malicious-ip,medium,WHITE,ziyadnz/hourly-ipv4,ziyadnz|hourly,2026-08-17T18:48:05Z,2026-08-17T18:48:05Z,
54.39.203.174,ipv4,malicious-ip,medium,WHITE,ziyadnz/hourly-ipv4,ziyadnz|hourly,2026-08-17T18:48:05Z,2026-08-17T18:48:05Z,
54.39.203.18,ipv4,malicious-ip,medium,WHITE,ziyadnz/hourly-ipv4,ziyadnz|hourly,2026-08-17T18:48:05Z,2026-08-17T18:48:05Z,
54.39.203.185,ipv4,malicious-ip,medium,WHITE,ziyadnz/hourly-ipv4,ziyadnz|hourly,2026-08-17T18:48:05Z,2026-08-17T18:48:05Z,
54.39.203.186,ipv4,malicious-ip,medium,WHITE,ziyadnz/hourly-ipv4,ziyadnz|hourly,2026-08-17T18:48:05Z,2026-08-17T18:48:05Z,
54.39.203.189,ipv4,malicious-ip,medium,WHITE,ziyadnz/hourly-ipv4,ziyadnz|hourly,2026-08-17T18:48:05Z,2026-08-17T18:48:05Z,
54.39.203.19,ipv4,malicious-ip,medium,WHITE,ziyadnz/hourly-ipv4,ziyadnz|hourly,2026-08-17T18:48:05Z,2026-08-17T18:48:05Z,
54.39.203.193,ipv4,malicious-ip,medium,WHITE,ziyadnz/hourly-ipv4,ziyadnz|hourly,2026-08-17T18:48:05Z,2026-08-17T18:48:05Z,
54.39.203.20,ipv4,malicious-ip,medium,WHITE,ziyadnz/hourly-ipv4,ziyadnz|hourly,2026-08-17T18:48:05Z,2026-08-17T18:48:05Z,
54.39.203.209,ipv4,malicious-ip,medium,WHITE,ziyadnz/hourly-ipv4,ziyadnz|hourly,2026-08-17T18:48:05Z,2026-08-17T18:48:05Z,
54.39.203.217,ipv4,malicious-ip,medium,WHITE,ziyadnz/hourly-ipv4,ziyadnz|hourly,2026-08-17T18:48:05Z,2026-08-17T18:48:05Z,
54.39.203.222,ipv4,malicious-ip,medium,WHITE,ziyadnz/hourly-ipv4,ziyadnz|hourly,2026-08-17T18:48:05Z,2026-08-17T18:48:05Z,
54.39.203.223,ipv4,malicious-ip,medium,WHITE,ziyadnz/hourly-ipv4,ziyadnz|hourly,2026-08-17T18:48:05Z,2026-08-17T18:48:05Z,
54.39.203.226,ipv4,malicious-ip,medium,WHITE,ziyadnz/hourly-ipv4,ziyadnz|hourly,2026-08-17T18:48:05Z,2026-08-17T18:48:05Z,
54.39.203.228,ipv4,malicious-ip,medium,WHITE,ziyadnz/hourly-ipv4,ziyadnz|hourly,2026-08-17T18:48:05Z,2026-08-17T18:48:05Z,
54.39.203.229,ipv4,malicious-ip,medium,WHITE,ziyadnz/hourly-ipv4,ziyadnz|hourly,2026-08-17T18:48:05Z,2026-08-17T18:48:05Z,
54.39.203.230,ipv4,malicious-ip,medium,WHITE,ziyadnz/hourly-ipv4,ziyadnz|hourly,2026-08-17T18:48:05Z,2026-08-17T18:48:05Z,
54.39.203.231,ipv4,malicious-ip,medium,WHITE,ziyadnz/hourly-ipv4,ziyadnz|hourly,2026-08-17T18:48:05Z,2026-08-17T18:48:05Z,
54.39.203.233,ipv4,malicious-ip,medium,WHITE,ziyadnz/hourly-ipv4,ziyadnz|hourly,2026-08-17T18:48:05Z,2026-08-17T18:48:05Z,
54.39.203.245,ipv4,malicious-ip,medium,WHITE,ziyadnz/hourly-ipv4,ziyadnz|hourly,2026-08-17T18:48:05Z,2026-08-17T18:48:05Z,
54.39.203.247,ipv4,malicious-ip,medium,WHITE,ziyadnz/hourly-ipv4,ziyadnz|hourly,2026-08-17T18:48:05Z,2026-08-17T18:48:05Z,
54.39.203.28,ipv4,malicious-ip,medium,WHITE,ziyadnz/hourly-ipv4,ziyadnz|hourly,2026-08-17T18:48:05Z,2026-08-17T18:48:05Z,
54.39.203.31,ipv4,malicious-ip,medium,WHITE,ziyadnz/hourly-ipv4,ziyadnz|hourly,2026-08-17T18:48:05Z,2026-08-17T18:48:05Z,
54.39.203.35,ipv4,malicious-ip,medium,WHITE,ziyadnz/hourly-ipv4,ziyadnz|hourly,2026-08-17T18:48:05Z,2026-08-17T18:48:05Z,
54.39.203.38,ipv4,malicious-ip,medium,WHITE,ziyadnz/hourly-ipv4,ziyadnz|hourly,2026-08-17T18:48:05Z,2026-08-17T18:48:05Z,
54.39.203.39,ipv4,malicious-ip,medium,WHITE,ziyadnz/hourly-ipv4,ziyadnz|hourly,2026-08-17T18:48:05Z,2026-08-17T18:48:05Z,
54.39.203.5,ipv4,malicious-ip,medium,WHITE,ziyadnz/hourly-ipv4,ziyadnz|hourly,2026-08-17T18:48:05Z,2026-08-17T18:48:05Z,
54.39.203.50,ipv4,malicious-ip,medium,WHITE,ziyadnz/hourly-ipv4,ziyadnz|hourly,2026-08-17T18:48:05Z,2026-08-17T18:48:05Z,
54.39.203.53,ipv4,malicious-ip,medium,WHITE,ziyadnz/hourly-ipv4,ziyadnz|hourly,2026-08-17T18:48:05Z,2026-08-17T18:48:05Z,
54.39.203.56,ipv4,malicious-ip,medium,WHITE,ziyadnz/hourly-ipv4,ziyadnz|hourly,2026-08-17T18:48:05Z,2026-08-17T18:48:05Z,
54.39.203.66,ipv4,malicious-ip,medium,WHITE,ziyadnz/hourly-ipv4,ziyadnz|hourly,2026-08-17T18:48:05Z,2026-08-17T18:48:05Z,
54.39.203.68,ipv4,malicious-ip,medium,WHITE,ziyadnz/hourly-ipv4,ziyadnz|hourly,2026-08-17T18:48:05Z,2026-08-17T18:48:05Z,
54.39.203.7,ipv4,malicious-ip,medium,WHITE,ziyadnz/hourly-ipv4,ziyadnz|hourly,2026-08-17T18:48:05Z,2026-08-17T18:48:05Z,
54.39.203.70,ipv4,malicious-ip,medium,WHITE,ziyadnz/hourly-ipv4,ziyadnz|hourly,2026-08-17T18:48:05Z,2026-08-17T18:48:05Z,
54.39.203.75,ipv4,malicious-ip,medium,WHITE,ziyadnz/hourly-ipv4,ziyadnz|hourly,2026-08-17T18:48:05Z,2026-08-17T18:48:05Z,
54.39.203.77,ipv4,malicious-ip,medium,WHITE,ziyadnz/hourly-ipv4,ziyadnz|hourly,2026-08-17T18:48:05Z,2026-08-17T18:48:05Z,
54.39.203.86,ipv4,malicious-ip,medium,WHITE,ziyadnz/hourly-ipv4,ziyadnz|hourly,2026-08-17T18:48:05Z,2026-08-17T18:48:05Z,
54.39.203.88,ipv4,malicious-ip,medium,WHITE,ziyadnz/hourly-ipv4,ziyadnz|hourly,2026-08-17T18:48:05Z,2026-08-17T18:48:05Z,
54.39.203.89,ipv4,malicious-ip,medium,WHITE,ziyadnz/hourly-ipv4,ziyadnz|hourly,2026-08-17T18:48:05Z,2026-08-17T18:48:05Z,
54.39.203.94,ipv4,malicious-ip,medium,WHITE,ziyadnz/hourly-ipv4,ziyadnz|hourly,2026-08-17T18:48:05Z,2026-08-17T18:48:05Z,
54.39.203.97,ipv4,malicious-ip,medium,WHITE,ziyadnz/hourly-ipv4,ziyadnz|hourly,2026-08-17T18:48:05Z,2026-08-17T18:48:05Z,
54.39.203.98,ipv4,malicious-ip,medium,WHITE,ziyadnz/hourly-ipv4,ziyadnz|hourly,2026-08-17T18:48:05Z,2026-08-17T18:48:05Z,
54.39.210.103,ipv4,malicious-ip,medium,WHITE,ziyadnz/hourly-ipv4,ziyadnz|hourly,2026-08-17T18:48:05Z,2026-08-17T18:48:05Z,
54.39.210.105,ipv4,malicious-ip,medium,WHITE,ziyadnz/hourly-ipv4,ziyadnz|hourly,2026-08-17T18:48:05Z,2026-08-17T18:48:05Z,
54.39.210.108,ipv4,malicious-ip,medium,WHITE,ziyadnz/hourly-ipv4,ziyadnz|hourly,2026-08-17T18:48:05Z,2026-08-17T18:48:05Z,
54.39.210.125,ipv4,malicious-ip,medium,WHITE,ziyadnz/hourly-ipv4,ziyadnz|hourly,2026-08-17T18:48:05Z,2026-08-17T18:48:05Z,
54.39.210.128,ipv4,malicious-ip,medium,WHITE,ziyadnz/hourly-ipv4,ziyadnz|hourly,2026-08-17T18:48:05Z,2026-08-17T18:48:05Z,
54.39.210.156,ipv4,malicious-ip,medium,WHITE,ziyadnz/hourly-ipv4,ziyadnz|hourly,2026-08-17T18:48:05Z,2026-08-17T18:48:05Z,
54.39.210.168,ipv4,malicious-ip,medium,WHITE,ziyadnz/hourly-ipv4,ziyadnz|hourly,2026-08-17T18:48:05Z,2026-08-17T18:48:05Z,
54.39.210.171,ipv4,malicious-ip,medium,WHITE,ziyadnz/hourly-ipv4,ziyadnz|hourly,2026-08-17T18:48:05Z,2026-08-17T18:48:05Z,
54.39.210.173,ipv4,malicious-ip,medium,WHITE,ziyadnz/hourly-ipv4,ziyadnz|hourly,2026-08-17T18:48:05Z,2026-08-17T18:48:05Z,
54.39.210.176,ipv4,malicious-ip,medium,WHITE,ziyadnz/hourly-ipv4,ziyadnz|hourly,2026-08-17T18:48:05Z,2026-08-17T18:48:05Z,
54.39.210.177,ipv4,malicious-ip,medium,WHITE,ziyadnz/hourly-ipv4,ziyadnz|hourly,2026-08-17T18:48:05Z,2026-08-17T18:48:05Z,
54.39.210.178,ipv4,malicious-ip,medium,WHITE,ziyadnz/hourly-ipv4,ziyadnz|hourly,2026-08-17T18:48:05Z,2026-08-17T18:48:05Z,
54.39.210.18,ipv4,malicious-ip,medium,WHITE,ziyadnz/hourly-ipv4,ziyadnz|hourly,2026-08-17T18:48:05Z,2026-08-17T18:48:05Z,
54.39.210.181,ipv4,malicious-ip,medium,WHITE,ziyadnz/hourly-ipv4,ziyadnz|hourly,2026-08-17T18:48:05Z,2026-08-17T18:48:05Z,
54.39.210.185,ipv4,malicious-ip,medium,WHITE,ziyadnz/hourly-ipv4,ziyadnz|hourly,2026-08-17T18:48:05Z,2026-08-17T18:48:05Z,
54.39.210.187,ipv4,malicious-ip,medium,WHITE,ziyadnz/hourly-ipv4,ziyadnz|hourly,2026-08-17T18:48:05Z,2026-08-17T18:48:05Z,
54.39.210.195,ipv4,malicious-ip,medium,WHITE,ziyadnz/hourly-ipv4,ziyadnz|hourly,2026-08-17T18:48:05Z,2026-08-17T18:48:05Z,
54.39.210.198,ipv4,malicious-ip,medium,WHITE,ziyadnz/hourly-ipv4,ziyadnz|hourly,2026-08-17T18:48:05Z,2026-08-17T18:48:05Z,
54.39.210.201,ipv4,malicious-ip,medium,WHITE,ziyadnz/hourly-ipv4,ziyadnz|hourly,2026-08-17T18:48:05Z,2026-08-17T18:48:05Z,
54.39.210.207,ipv4,malicious-ip,medium,WHITE,ziyadnz/hourly-ipv4,ziyadnz|hourly,2026-08-17T18:48:05Z,2026-08-17T18:48:05Z,
54.39.210.219,ipv4,malicious-ip,medium,WHITE,ziyadnz/hourly-ipv4,ziyadnz|hourly,2026-08-17T18:48:05Z,2026-08-17T18:48:05Z,
54.39.210.222,ipv4,malicious-ip,medium,WHITE,ziyadnz/hourly-ipv4,ziyadnz|hourly,2026-08-17T18:48:05Z,2026-08-17T18:48:05Z,
54.39.210.23,ipv4,malicious-ip,medium,WHITE,ziyadnz/hourly-ipv4,ziyadnz|hourly,2026-08-17T18:48:05Z,2026-08-17T18:48:05Z,
54.39.210.231,ipv4,malicious-ip,medium,WHITE,ziyadnz/hourly-ipv4,ziyadnz|hourly,2026-08-17T18:48:05Z,2026-08-17T18:48:05Z,
54.39.210.239,ipv4,malicious-ip,medium,WHITE,ziyadnz/hourly-ipv4,ziyadnz|hourly,2026-08-17T18:48:05Z,2026-08-17T18:48:05Z,
54.39.210.240,ipv4,malicious-ip,medium,WHITE,ziyadnz/hourly-ipv4,ziyadnz|hourly,2026-08-17T18:48:05Z,2026-08-17T18:48:05Z,
54.39.210.246,ipv4,malicious-ip,medium,WHITE,ziyadnz/hourly-ipv4,ziyadnz|hourly,2026-08-17T18:48:05Z,2026-08-17T18:48:05Z,
54.39.210.248,ipv4,malicious-ip,medium,WHITE,ziyadnz/hourly-ipv4,ziyadnz|hourly,2026-08-17T18:48:05Z,2026-08-17T18:48:05Z,
54.39.210.27,ipv4,malicious-ip,medium,WHITE,ziyadnz/hourly-ipv4,ziyadnz|hourly,2026-08-17T18:48:05Z,2026-08-17T18:48:05Z,
54.39.210.28,ipv4,malicious-ip,medium,WHITE,ziyadnz/hourly-ipv4,ziyadnz|hourly,2026-08-17T18:48:05Z,2026-08-17T18:48:05Z,
54.39.210.31,ipv4,malicious-ip,medium,WHITE,ziyadnz/hourly-ipv4,ziyadnz|hourly,2026-08-17T18:48:05Z,2026-08-17T18:48:05Z,
54.39.210.37,ipv4,malicious-ip,medium,WHITE,ziyadnz/hourly-ipv4,ziyadnz|hourly,2026-08-17T18:48:05Z,2026-08-17T18:48:05Z,
54.39.210.38,ipv4,malicious-ip,medium,WHITE,ziyadnz/hourly-ipv4,ziyadnz|hourly,2026-08-17T18:48:05Z,2026-08-17T18:48:05Z,
54.39.210.43,ipv4,malicious-ip,medium,WHITE,ziyadnz/hourly-ipv4,ziyadnz|hourly,2026-08-17T18:48:05Z,2026-08-17T18:48:05Z,
54.39.210.57,ipv4,malicious-ip,medium,WHITE,ziyadnz/hourly-ipv4,ziyadnz|hourly,2026-08-17T18:48:05Z,2026-08-17T18:48:05Z,
54.39.210.66,ipv4,malicious-ip,medium,WHITE,ziyadnz/hourly-ipv4,ziyadnz|hourly,2026-08-17T18:48:05Z,2026-08-17T18:48:05Z,
54.39.210.72,ipv4,malicious-ip,medium,WHITE,ziyadnz/hourly-ipv4,ziyadnz|hourly,2026-08-17T18:48:05Z,2026-08-17T18:48:05Z,
54.39.210.75,ipv4,malicious-ip,medium,WHITE,ziyadnz/hourly-ipv4,ziyadnz|hourly,2026-08-17T18:48:05Z,2026-08-17T18:48:05Z,
54.39.210.76,ipv4,malicious-ip,medium,WHITE,ziyadnz/hourly-ipv4,ziyadnz|hourly,2026-08-17T18:48:05Z,2026-08-17T18:48:05Z,
54.39.210.84,ipv4,malicious-ip,medium,WHITE,ziyadnz/hourly-ipv4,ziyadnz|hourly,2026-08-17T18:48:05Z,2026-08-17T18:48:05Z,
54.39.210.93,ipv4,malicious-ip,medium,WHITE,ziyadnz/hourly-ipv4,ziyadnz|hourly,2026-08-17T18:48:05Z,2026-08-17T18:48:05Z,
54.39.210.99,ipv4,malicious-ip,medium,WHITE,ziyadnz/hourly-ipv4,ziyadnz|hourly,2026-08-17T18:48:05Z,2026-08-17T18:48:05Z,
54.39.43.117,ipv4,malicious-ip,medium,WHITE,ziyadnz/hourly-ipv4,ziyadnz|hourly,2026-08-17T18:48:05Z,2026-08-17T18:48:05Z,
54.39.6.117,ipv4,malicious-ip,medium,WHITE,ziyadnz/hourly-ipv4,ziyadnz|hourly,2026-08-17T18:48:05Z,2026-08-17T18:48:05Z,
54.39.6.119,ipv4,malicious-ip,medium,WHITE,ziyadnz/hourly-ipv4,ziyadnz|hourly,2026-08-17T18:48:05Z,2026-08-17T18:48:05Z,
54.39.6.12,ipv4,malicious-ip,medium,WHITE,ziyadnz/hourly-ipv4,ziyadnz|hourly,2026-08-17T18:48:05Z,2026-08-17T18:48:05Z,
54.39.6.122,ipv4,malicious-ip,medium,WHITE,ziyadnz/hourly-ipv4,ziyadnz|hourly,2026-08-17T18:48:05Z,2026-08-17T18:48:05Z,
54.39.6.129,ipv4,malicious-ip,medium,WHITE,ziyadnz/hourly-ipv4,ziyadnz|hourly,2026-08-17T18:48:05Z,2026-08-17T18:48:05Z,
54.39.6.134,ipv4,malicious-ip,medium,WHITE,ziyadnz/hourly-ipv4,ziyadnz|hourly,2026-08-17T18:48:05Z,2026-08-17T18:48:05Z,
54.39.6.135,ipv4,malicious-ip,medium,WHITE,ziyadnz/hourly-ipv4,ziyadnz|hourly,2026-08-17T18:48:05Z,2026-08-17T18:48:05Z,
54.39.6.139,ipv4,malicious-ip,medium,WHITE,ziyadnz/hourly-ipv4,ziyadnz|hourly,2026-08-17T18:48:05Z,2026-08-17T18:48:05Z,
54.39.6.144,ipv4,malicious-ip,medium,WHITE,ziyadnz/hourly-ipv4,ziyadnz|hourly,2026-08-17T18:48:05Z,2026-08-17T18:48:05Z,
54.39.6.151,ipv4,malicious-ip,medium,WHITE,ziyadnz/hourly-ipv4,ziyadnz|hourly,2026-08-17T18:48:05Z,2026-08-17T18:48:05Z,
54.39.6.159,ipv4,malicious-ip,medium,WHITE,ziyadnz/hourly-ipv4,ziyadnz|hourly,2026-08-17T18:48:05Z,2026-08-17T18:48:05Z,
54.39.6.176,ipv4,malicious-ip,medium,WHITE,ziyadnz/hourly-ipv4,ziyadnz|hourly,2026-08-17T18:48:05Z,2026-08-17T18:48:05Z,
54.39.6.184,ipv4,malicious-ip,medium,WHITE,ziyadnz/hourly-ipv4,ziyadnz|hourly,2026-08-17T18:48:05Z,2026-08-17T18:48:05Z,
54.39.6.186,ipv4,malicious-ip,medium,WHITE,ziyadnz/hourly-ipv4,ziyadnz|hourly,2026-08-17T18:48:05Z,2026-08-17T18:48:05Z,
54.39.6.194,ipv4,malicious-ip,medium,WHITE,ziyadnz/hourly-ipv4,ziyadnz|hourly,2026-08-17T18:48:05Z,2026-08-17T18:48:05Z,
54.39.6.200,ipv4,malicious-ip,medium,WHITE,ziyadnz/hourly-ipv4,ziyadnz|hourly,2026-08-17T18:48:05Z,2026-08-17T18:48:05Z,
54.39.6.218,ipv4,malicious-ip,medium,WHITE,ziyadnz/hourly-ipv4,ziyadnz|hourly,2026-08-17T18:48:05Z,2026-08-17T18:48:05Z,
54.39.6.222,ipv4,malicious-ip,medium,WHITE,ziyadnz/hourly-ipv4,ziyadnz|hourly,2026-08-17T18:48:05Z,2026-08-17T18:48:05Z,
54.39.6.227,ipv4,malicious-ip,medium,WHITE,ziyadnz/hourly-ipv4,ziyadnz|hourly,2026-08-17T18:48:05Z,2026-08-17T18:48:05Z,
54.39.6.229,ipv4,malicious-ip,medium,WHITE,ziyadnz/hourly-ipv4,ziyadnz|hourly,2026-08-17T18:48:05Z,2026-08-17T18:48:05Z,
54.39.6.23,ipv4,malicious-ip,medium,WHITE,ziyadnz/hourly-ipv4,ziyadnz|hourly,2026-08-17T18:48:05Z,2026-08-17T18:48:05Z,
54.39.6.236,ipv4,malicious-ip,medium,WHITE,ziyadnz/hourly-ipv4,ziyadnz|hourly,2026-08-17T18:48:05Z,2026-08-17T18:48:05Z,
54.39.6.247,ipv4,malicious-ip,medium,WHITE,ziyadnz/hourly-ipv4,ziyadnz|hourly,2026-08-17T18:48:05Z,2026-08-17T18:48:05Z,
54.39.6.249,ipv4,malicious-ip,medium,WHITE,ziyadnz/hourly-ipv4,ziyadnz|hourly,2026-08-17T18:48:05Z,2026-08-17T18:48:05Z,
54.39.6.29,ipv4,malicious-ip,medium,WHITE,ziyadnz/hourly-ipv4,ziyadnz|hourly,2026-08-17T18:48:05Z,2026-08-17T18:48:05Z,
54.39.6.31,ipv4,malicious-ip,medium,WHITE,ziyadnz/hourly-ipv4,ziyadnz|hourly,2026-08-17T18:48:05Z,2026-08-17T18:48:05Z,
54.39.6.35,ipv4,malicious-ip,medium,WHITE,ziyadnz/hourly-ipv4,ziyadnz|hourly,2026-08-17T18:48:05Z,2026-08-17T18:48:05Z,
54.39.6.37,ipv4,malicious-ip,medium,WHITE,ziyadnz/hourly-ipv4,ziyadnz|hourly,2026-08-17T18:48:05Z,2026-08-17T18:48:05Z,
54.39.6.39,ipv4,malicious-ip,medium,WHITE,ziyadnz/hourly-ipv4,ziyadnz|hourly,2026-08-17T18:48:05Z,2026-08-17T18:48:05Z,
54.39.6.43,ipv4,malicious-ip,medium,WHITE,ziyadnz/hourly-ipv4,ziyadnz|hourly,2026-08-17T18:48:05Z,2026-08-17T18:48:05Z,
54.39.6.46,ipv4,malicious-ip,medium,WHITE,ziyadnz/hourly-ipv4,ziyadnz|hourly,2026-08-17T18:48:05Z,2026-08-17T18:48:05Z,
54.39.6.55,ipv4,malicious-ip,medium,WHITE,ziyadnz/hourly-ipv4,ziyadnz|hourly,2026-08-17T18:48:05Z,2026-08-17T18:48:05Z,
54.39.6.57,ipv4,malicious-ip,medium,WHITE,ziyadnz/hourly-ipv4,ziyadnz|hourly,2026-08-17T18:48:05Z,2026-08-17T18:48:05Z,
54.39.6.63,ipv4,malicious-ip,medium,WHITE,ziyadnz/hourly-ipv4,ziyadnz|hourly,2026-08-17T18:48:05Z,2026-08-17T18:48:05Z,
54.39.6.76,ipv4,malicious-ip,medium,WHITE,ziyadnz/hourly-ipv4,ziyadnz|hourly,2026-08-17T18:48:05Z,2026-08-17T18:48:05Z,
54.39.6.8,ipv4,malicious-ip,medium,WHITE,ziyadnz/hourly-ipv4,ziyadnz|hourly,2026-08-17T18:48:05Z,2026-08-17T18:48:05Z,
54.39.6.93,ipv4,malicious-ip,medium,WHITE,ziyadnz/hourly-ipv4,ziyadnz|hourly,2026-08-17T18:48:05Z,2026-08-17T18:48:05Z,
54.39.6.94,ipv4,malicious-ip,medium,WHITE,ziyadnz/hourly-ipv4,ziyadnz|hourly,2026-08-17T18:48:05Z,2026-08-17T18:48:05Z,
54.39.6.98,ipv4,malicious-ip,medium,WHITE,ziyadnz/hourly-ipv4,ziyadnz|hourly,2026-08-17T18:48:05Z,2026-08-17T18:48:05Z,
54.39.83.187,ipv4,malicious-ip,medium,WHITE,ziyadnz/hourly-ipv4,ziyadnz|hourly,2026-08-17T18:48:05Z,2026-08-17T18:48:05Z,
54.39.89.105,ipv4,malicious-ip,medium,WHITE,ziyadnz/hourly-ipv4,ziyadnz|hourly,2026-08-17T18:48:05Z,2026-08-17T18:48:05Z,
54.39.89.106,ipv4,malicious-ip,medium,WHITE,ziyadnz/hourly-ipv4,ziyadnz|hourly,2026-08-17T18:48:05Z,2026-08-17T18:48:05Z,
54.39.89.109,ipv4,malicious-ip,medium,WHITE,ziyadnz/hourly-ipv4,ziyadnz|hourly,2026-08-17T18:48:05Z,2026-08-17T18:48:05Z,
54.39.89.118,ipv4,malicious-ip,medium,WHITE,ziyadnz/hourly-ipv4,ziyadnz|hourly,2026-08-17T18:48:05Z,2026-08-17T18:48:05Z,
54.39.89.120,ipv4,malicious-ip,medium,WHITE,ziyadnz/hourly-ipv4,ziyadnz|hourly,2026-08-17T18:48:05Z,2026-08-17T18:48:05Z,
54.39.89.138,ipv4,malicious-ip,medium,WHITE,ziyadnz/hourly-ipv4,ziyadnz|hourly,2026-08-17T18:48:05Z,2026-08-17T18:48:05Z,
54.39.89.139,ipv4,malicious-ip,medium,WHITE,ziyadnz/hourly-ipv4,ziyadnz|hourly,2026-08-17T18:48:05Z,2026-08-17T18:48:05Z,
54.39.89.167,ipv4,malicious-ip,medium,WHITE,ziyadnz/hourly-ipv4,ziyadnz|hourly,2026-08-17T18:48:05Z,2026-08-17T18:48:05Z,
54.39.89.170,ipv4,malicious-ip,medium,WHITE,ziyadnz/hourly-ipv4,ziyadnz|hourly,2026-08-17T18:48:05Z,2026-08-17T18:48:05Z,
54.39.89.176,ipv4,malicious-ip,medium,WHITE,ziyadnz/hourly-ipv4,ziyadnz|hourly,2026-08-17T18:48:05Z,2026-08-17T18:48:05Z,
54.39.89.179,ipv4,malicious-ip,medium,WHITE,ziyadnz/hourly-ipv4,ziyadnz|hourly,2026-08-17T18:48:05Z,2026-08-17T18:48:05Z,
54.39.89.194,ipv4,malicious-ip,medium,WHITE,ziyadnz/hourly-ipv4,ziyadnz|hourly,2026-08-17T18:48:05Z,2026-08-17T18:48:05Z,
54.39.89.202,ipv4,malicious-ip,medium,WHITE,ziyadnz/hourly-ipv4,ziyadnz|hourly,2026-08-17T18:48:05Z,2026-08-17T18:48:05Z,
54.39.89.207,ipv4,malicious-ip,medium,WHITE,ziyadnz/hourly-ipv4,ziyadnz|hourly,2026-08-17T18:48:05Z,2026-08-17T18:48:05Z,
54.39.89.213,ipv4,malicious-ip,medium,WHITE,ziyadnz/hourly-ipv4,ziyadnz|hourly,2026-08-17T18:48:05Z,2026-08-17T18:48:05Z,
54.39.89.215,ipv4,malicious-ip,medium,WHITE,ziyadnz/hourly-ipv4,ziyadnz|hourly,2026-08-17T18:48:05Z,2026-08-17T18:48:05Z,
54.39.89.216,ipv4,malicious-ip,medium,WHITE,ziyadnz/hourly-ipv4,ziyadnz|hourly,2026-08-17T18:48:05Z,2026-08-17T18:48:05Z,
54.39.89.218,ipv4,malicious-ip,medium,WHITE,ziyadnz/hourly-ipv4,ziyadnz|hourly,2026-08-17T18:48:05Z,2026-08-17T18:48:05Z,
54.39.89.227,ipv4,malicious-ip,medium,WHITE,ziyadnz/hourly-ipv4,ziyadnz|hourly,2026-08-17T18:48:05Z,2026-08-17T18:48:05Z,
54.39.89.229,ipv4,malicious-ip,medium,WHITE,ziyadnz/hourly-ipv4,ziyadnz|hourly,2026-08-17T18:48:05Z,2026-08-17T18:48:05Z,
54.39.89.235,ipv4,malicious-ip,medium,WHITE,ziyadnz/hourly-ipv4,ziyadnz|hourly,2026-08-17T18:48:05Z,2026-08-17T18:48:05Z,
54.39.89.245,ipv4,malicious-ip,medium,WHITE,ziyadnz/hourly-ipv4,ziyadnz|hourly,2026-08-17T18:48:05Z,2026-08-17T18:48:05Z,
54.39.89.246,ipv4,malicious-ip,medium,WHITE,ziyadnz/hourly-ipv4,ziyadnz|hourly,2026-08-17T18:48:05Z,2026-08-17T18:48:05Z,
54.39.89.250,ipv4,malicious-ip,medium,WHITE,ziyadnz/hourly-ipv4,ziyadnz|hourly,2026-08-17T18:48:05Z,2026-08-17T18:48:05Z,
54.39.89.31,ipv4,malicious-ip,medium,WHITE,ziyadnz/hourly-ipv4,ziyadnz|hourly,2026-08-17T18:48:05Z,2026-08-17T18:48:05Z,
54.39.89.34,ipv4,malicious-ip,medium,WHITE,ziyadnz/hourly-ipv4,ziyadnz|hourly,2026-08-17T18:48:05Z,2026-08-17T18:48:05Z,
54.39.89.36,ipv4,malicious-ip,medium,WHITE,ziyadnz/hourly-ipv4,ziyadnz|hourly,2026-08-17T18:48:05Z,2026-08-17T18:48:05Z,
54.39.89.40,ipv4,malicious-ip,medium,WHITE,ziyadnz/hourly-ipv4,ziyadnz|hourly,2026-08-17T18:48:05Z,2026-08-17T18:48:05Z,
54.39.89.41,ipv4,malicious-ip,medium,WHITE,ziyadnz/hourly-ipv4,ziyadnz|hourly,2026-08-17T18:48:05Z,2026-08-17T18:48:05Z,
54.39.89.45,ipv4,malicious-ip,medium,WHITE,ziyadnz/hourly-ipv4,ziyadnz|hourly,2026-08-17T18:48:05Z,2026-08-17T18:48:05Z,
54.39.89.49,ipv4,malicious-ip,medium,WHITE,ziyadnz/hourly-ipv4,ziyadnz|hourly,2026-08-17T18:48:05Z,2026-08-17T18:48:05Z,
54.39.89.6,ipv4,malicious-ip,medium,WHITE,ziyadnz/hourly-ipv4,ziyadnz|hourly,2026-08-17T18:48:05Z,2026-08-17T18:48:05Z,
54.39.89.67,ipv4,malicious-ip,medium,WHITE,ziyadnz/hourly-ipv4,ziyadnz|hourly,2026-08-17T18:48:05Z,2026-08-17T18:48:05Z,
54.39.89.68,ipv4,malicious-ip,medium,WHITE,ziyadnz/hourly-ipv4,ziyadnz|hourly,2026-08-17T18:48:05Z,2026-08-17T18:48:05Z,
54.39.89.7,ipv4,malicious-ip,medium,WHITE,ziyadnz/hourly-ipv4,ziyadnz|hourly,2026-08-17T18:48:05Z,2026-08-17T18:48:05Z,
54.39.89.73,ipv4,malicious-ip,medium,WHITE,ziyadnz/hourly-ipv4,ziyadnz|hourly,2026-08-17T18:48:05Z,2026-08-17T18:48:05Z,
54.39.89.97,ipv4,malicious-ip,medium,WHITE,ziyadnz/hourly-ipv4,ziyadnz|hourly,2026-08-17T18:48:05Z,2026-08-17T18:48:05Z,
54.39.89.99,ipv4,malicious-ip,medium,WHITE,ziyadnz/hourly-ipv4,ziyadnz|hourly,2026-08-17T18:48:05Z,2026-08-17T18:48:05Z,
54.39.98.117,ipv4,malicious-ip,medium,WHITE,ziyadnz/hourly-ipv4,ziyadnz|hourly,2026-08-17T18:48:05Z,2026-08-17T18:48:05Z,
54.68.112.207,ipv4,malicious-ip,medium,WHITE,ziyadnz/hourly-ipv4,ziyadnz|hourly,2026-08-17T18:48:05Z,2026-08-17T18:48:05Z,
54.68.227.255,ipv4,malicious-ip,medium,WHITE,ziyadnz/hourly-ipv4,ziyadnz|hourly,2026-08-17T18:48:05Z,2026-08-17T18:48:05Z,
54.73.45.138,ipv4,malicious-ip,medium,WHITE,ziyadnz/hourly-ipv4,ziyadnz|hourly,2026-08-17T18:48:05Z,2026-08-17T18:48:05Z,
54.77.250.186,ipv4,malicious-ip,medium,WHITE,ziyadnz/hourly-ipv4,ziyadnz|hourly,2026-08-17T18:48:05Z,2026-08-17T18:48:05Z,
54.78.120.109,ipv4,malicious-ip,medium,WHITE,ziyadnz/hourly-ipv4,ziyadnz|hourly,2026-08-17T18:48:05Z,2026-08-17T18:48:05Z,
54.80.73.122,ipv4,malicious-ip,medium,WHITE,ziyadnz/hourly-ipv4,ziyadnz|hourly,2026-08-17T18:48:05Z,2026-08-17T18:48:05Z,
54.81.128.62,ipv4,malicious-ip,medium,WHITE,ziyadnz/hourly-ipv4,ziyadnz|hourly,2026-08-17T18:48:05Z,2026-08-17T18:48:05Z,
54.82.181.214,ipv4,malicious-ip,medium,WHITE,ziyadnz/hourly-ipv4,ziyadnz|hourly,2026-08-17T18:48:05Z,2026-08-17T18:48:05Z,
54.82.246.179,ipv4,malicious-ip,medium,WHITE,ziyadnz/hourly-ipv4,ziyadnz|hourly,2026-08-17T18:48:05Z,2026-08-17T18:48:05Z,
54.82.246.86,ipv4,malicious-ip,medium,WHITE,ziyadnz/hourly-ipv4,ziyadnz|hourly,2026-08-17T18:48:05Z,2026-08-17T18:48:05Z,
54.82.54.204,ipv4,malicious-ip,medium,WHITE,ziyadnz/hourly-ipv4,ziyadnz|hourly,2026-08-17T18:48:05Z,2026-08-17T18:48:05Z,
54.82.58.124,ipv4,malicious-ip,medium,WHITE,ziyadnz/hourly-ipv4,ziyadnz|hourly,2026-08-17T18:48:05Z,2026-08-17T18:48:05Z,
54.83.180.239,ipv4,malicious-ip,medium,WHITE,ziyadnz/hourly-ipv4,ziyadnz|hourly,2026-08-17T18:48:05Z,2026-08-17T18:48:05Z,
54.83.240.58,ipv4,malicious-ip,medium,WHITE,ziyadnz/hourly-ipv4,ziyadnz|hourly,2026-08-17T18:48:05Z,2026-08-17T18:48:05Z,
54.83.95.119,ipv4,malicious-ip,medium,WHITE,ziyadnz/hourly-ipv4,ziyadnz|hourly,2026-08-17T18:48:05Z,2026-08-17T18:48:05Z,
54.84.102.81,ipv4,malicious-ip,medium,WHITE,ziyadnz/hourly-ipv4,ziyadnz|hourly,2026-08-17T18:48:05Z,2026-08-17T18:48:05Z,
54.84.93.8,ipv4,malicious-ip,medium,WHITE,ziyadnz/hourly-ipv4,ziyadnz|hourly,2026-08-17T18:48:05Z,2026-08-17T18:48:05Z,
54.85.109.140,ipv4,malicious-ip,medium,WHITE,ziyadnz/hourly-ipv4,ziyadnz|hourly,2026-08-17T18:48:05Z,2026-08-17T18:48:05Z,
54.85.126.86,ipv4,malicious-ip,medium,WHITE,ziyadnz/hourly-ipv4,ziyadnz|hourly,2026-08-17T18:48:05Z,2026-08-17T18:48:05Z,
54.85.7.119,ipv4,malicious-ip,medium,WHITE,ziyadnz/hourly-ipv4,ziyadnz|hourly,2026-08-17T18:48:05Z,2026-08-17T18:48:05Z,
54.86.27.243,ipv4,malicious-ip,medium,WHITE,ziyadnz/hourly-ipv4,ziyadnz|hourly,2026-08-17T18:48:05Z,2026-08-17T18:48:05Z,
54.86.59.155,ipv4,malicious-ip,medium,WHITE,ziyadnz/hourly-ipv4,ziyadnz|hourly,2026-08-17T18:48:05Z,2026-08-17T18:48:05Z,
54.87.132.92,ipv4,malicious-ip,medium,WHITE,ziyadnz/hourly-ipv4,ziyadnz|hourly,2026-08-17T18:48:05Z,2026-08-17T18:48:05Z,
54.88.84.219,ipv4,malicious-ip,medium,WHITE,ziyadnz/hourly-ipv4,ziyadnz|hourly,2026-08-17T18:48:05Z,2026-08-17T18:48:05Z,
54.89.101.241,ipv4,malicious-ip,medium,WHITE,ziyadnz/hourly-ipv4,ziyadnz|hourly,2026-08-17T18:48:05Z,2026-08-17T18:48:05Z,
54.89.170.205,ipv4,malicious-ip,medium,WHITE,ziyadnz/hourly-ipv4,ziyadnz|hourly,2026-08-17T18:48:05Z,2026-08-17T18:48:05Z,
54.89.226.110,ipv4,malicious-ip,medium,WHITE,ziyadnz/hourly-ipv4,ziyadnz|hourly,2026-08-17T18:48:05Z,2026-08-17T18:48:05Z,
54.89.47.17,ipv4,malicious-ip,medium,WHITE,ziyadnz/hourly-ipv4,ziyadnz|hourly,2026-08-17T18:48:05Z,2026-08-17T18:48:05Z,
54.89.90.224,ipv4,malicious-ip,medium,WHITE,ziyadnz/hourly-ipv4,ziyadnz|hourly,2026-08-17T18:48:05Z,2026-08-17T18:48:05Z,
54.90.153.106,ipv4,malicious-ip,medium,WHITE,ziyadnz/hourly-ipv4,ziyadnz|hourly,2026-08-17T18:48:05Z,2026-08-17T18:48:05Z,
54.90.159.174,ipv4,malicious-ip,medium,WHITE,ziyadnz/hourly-ipv4,ziyadnz|hourly,2026-08-17T18:48:05Z,2026-08-17T18:48:05Z,
54.90.247.162,ipv4,malicious-ip,medium,WHITE,ziyadnz/hourly-ipv4,ziyadnz|hourly,2026-08-17T18:48:05Z,2026-08-17T18:48:05Z,
54.90.8.255,ipv4,malicious-ip,medium,WHITE,ziyadnz/hourly-ipv4,ziyadnz|hourly,2026-08-17T18:48:05Z,2026-08-17T18:48:05Z,
54.91.228.244,ipv4,malicious-ip,medium,WHITE,ziyadnz/hourly-ipv4,ziyadnz|hourly,2026-08-17T18:48:05Z,2026-08-17T18:48:05Z,
54.91.68.68,ipv4,malicious-ip,medium,WHITE,ziyadnz/hourly-ipv4,ziyadnz|hourly,2026-08-17T18:48:05Z,2026-08-17T18:48:05Z,
54.92.11.182,ipv4,malicious-ip,medium,WHITE,ziyadnz/hourly-ipv4,ziyadnz|hourly,2026-08-17T18:48:05Z,2026-08-17T18:48:05Z,
54.92.171.106,ipv4,malicious-ip,medium,WHITE,ziyadnz/hourly-ipv4,ziyadnz|hourly,2026-08-17T18:48:05Z,2026-08-17T18:48:05Z,
54.93.245.249,ipv4,malicious-ip,medium,WHITE,ziyadnz/hourly-ipv4,ziyadnz|hourly,2026-08-17T18:48:05Z,2026-08-17T18:48:05Z,
56.155.111.29,ipv4,malicious-ip,medium,WHITE,ziyadnz/hourly-ipv4,ziyadnz|hourly,2026-08-17T18:48:05Z,2026-08-17T18:48:05Z,
56.155.98.37,ipv4,malicious-ip,medium,WHITE,ziyadnz/hourly-ipv4,ziyadnz|hourly,2026-08-17T18:48:05Z,2026-08-17T18:48:05Z,
56.24.55.66,ipv4,malicious-ip,medium,WHITE,ziyadnz/hourly-ipv4,ziyadnz|hourly,2026-08-17T18:48:05Z,2026-08-17T18:48:05Z,
57.128.155.22,ipv4,malicious-ip,medium,WHITE,ziyadnz/hourly-ipv4,ziyadnz|hourly,2026-08-17T18:48:05Z,2026-08-17T18:48:05Z,
57.128.182.5,ipv4,malicious-ip,medium,WHITE,ziyadnz/hourly-ipv4,ziyadnz|hourly,2026-08-17T18:48:05Z,2026-08-17T18:48:05Z,
57.128.212.198,ipv4,malicious-ip,medium,WHITE,ziyadnz/hourly-ipv4,ziyadnz|hourly,2026-08-17T18:48:05Z,2026-08-17T18:48:05Z,
57.128.213.187,ipv4,malicious-ip,medium,WHITE,ziyadnz/hourly-ipv4,ziyadnz|hourly,2026-08-17T18:48:05Z,2026-08-17T18:48:05Z,
57.128.214.238,ipv4,malicious-ip,medium,WHITE,ziyadnz/hourly-ipv4,ziyadnz|hourly,2026-08-17T18:48:05Z,2026-08-17T18:48:05Z,
57.128.218.144,ipv4,malicious-ip,medium,WHITE,ziyadnz/hourly-ipv4,ziyadnz|hourly,2026-08-17T18:48:05Z,2026-08-17T18:48:05Z,
57.128.218.186,ipv4,malicious-ip,medium,WHITE,ziyadnz/hourly-ipv4,ziyadnz|hourly,2026-08-17T18:48:05Z,2026-08-17T18:48:05Z,
57.128.222.14,ipv4,malicious-ip,medium,WHITE,ziyadnz/hourly-ipv4,ziyadnz|hourly,2026-08-17T18:48:05Z,2026-08-17T18:48:05Z,
57.128.222.215,ipv4,malicious-ip,medium,WHITE,ziyadnz/hourly-ipv4,ziyadnz|hourly,2026-08-17T18:48:05Z,2026-08-17T18:48:05Z,
57.128.225.99,ipv4,malicious-ip,medium,WHITE,ziyadnz/hourly-ipv4,ziyadnz|hourly,2026-08-17T18:48:05Z,2026-08-17T18:48:05Z,
57.128.237.155,ipv4,malicious-ip,medium,WHITE,ziyadnz/hourly-ipv4,ziyadnz|hourly,2026-08-17T18:48:05Z,2026-08-17T18:48:05Z,
57.128.237.234,ipv4,malicious-ip,medium,WHITE,ziyadnz/hourly-ipv4,ziyadnz|hourly,2026-08-17T18:48:05Z,2026-08-17T18:48:05Z,
57.128.239.139,ipv4,malicious-ip,medium,WHITE,ziyadnz/hourly-ipv4,ziyadnz|hourly,2026-08-17T18:48:05Z,2026-08-17T18:48:05Z,
57.128.255.67,ipv4,malicious-ip,medium,WHITE,ziyadnz/hourly-ipv4,ziyadnz|hourly,2026-08-17T18:48:05Z,2026-08-17T18:48:05Z,
57.129.133.221,ipv4,malicious-ip,medium,WHITE,ziyadnz/hourly-ipv4,ziyadnz|hourly,2026-08-17T18:48:05Z,2026-08-17T18:48:05Z,
57.129.137.101,ipv4,malicious-ip,medium,WHITE,ziyadnz/hourly-ipv4,ziyadnz|hourly,2026-08-17T18:48:05Z,2026-08-17T18:48:05Z,
57.129.41.93,ipv4,malicious-ip,medium,WHITE,ziyadnz/hourly-ipv4,ziyadnz|hourly,2026-08-17T18:48:05Z,2026-08-17T18:48:05Z,
57.129.46.108,ipv4,malicious-ip,medium,WHITE,ziyadnz/hourly-ipv4,ziyadnz|hourly,2026-08-17T18:48:05Z,2026-08-17T18:48:05Z,
57.129.46.7,ipv4,malicious-ip,medium,WHITE,ziyadnz/hourly-ipv4,ziyadnz|hourly,2026-08-17T18:48:05Z,2026-08-17T18:48:05Z,
57.129.49.106,ipv4,malicious-ip,medium,WHITE,ziyadnz/hourly-ipv4,ziyadnz|hourly,2026-08-17T18:48:05Z,2026-08-17T18:48:05Z,
57.129.5.143,ipv4,malicious-ip,medium,WHITE,ziyadnz/hourly-ipv4,ziyadnz|hourly,2026-08-17T18:48:05Z,2026-08-17T18:48:05Z,
57.129.51.86,ipv4,malicious-ip,medium,WHITE,ziyadnz/hourly-ipv4,ziyadnz|hourly,2026-08-17T18:48:05Z,2026-08-17T18:48:05Z,
57.129.80.122,ipv4,malicious-ip,medium,WHITE,ziyadnz/hourly-ipv4,ziyadnz|hourly,2026-08-17T18:48:05Z,2026-08-17T18:48:05Z,
57.129.91.235,ipv4,malicious-ip,medium,WHITE,ziyadnz/hourly-ipv4,ziyadnz|hourly,2026-08-17T18:48:05Z,2026-08-17T18:48:05Z,
57.131.13.50,ipv4,malicious-ip,medium,WHITE,ziyadnz/hourly-ipv4,ziyadnz|hourly,2026-08-17T18:48:05Z,2026-08-17T18:48:05Z,
57.131.38.228,ipv4,malicious-ip,medium,WHITE,ziyadnz/hourly-ipv4,ziyadnz|hourly,2026-08-17T18:48:05Z,2026-08-17T18:48:05Z,
57.131.51.40,ipv4,malicious-ip,medium,WHITE,ziyadnz/hourly-ipv4,ziyadnz|hourly,2026-08-17T18:48:05Z,2026-08-17T18:48:05Z,
57.134.136.41,ipv4,malicious-ip,medium,WHITE,ziyadnz/hourly-ipv4,ziyadnz|hourly,2026-08-17T18:48:05Z,2026-08-17T18:48:05Z,
57.134.139.188,ipv4,malicious-ip,medium,WHITE,ziyadnz/hourly-ipv4,ziyadnz|hourly,2026-08-17T18:48:05Z,2026-08-17T18:48:05Z,
57.134.215.133,ipv4,malicious-ip,medium,WHITE,ziyadnz/hourly-ipv4,ziyadnz|hourly,2026-08-17T18:48:05Z,2026-08-17T18:48:05Z,
57.151.105.130,ipv4,malicious-ip,medium,WHITE,ziyadnz/hourly-ipv4,ziyadnz|hourly,2026-08-17T18:48:05Z,2026-08-17T18:48:05Z,
57.151.105.154,ipv4,malicious-ip,medium,WHITE,ziyadnz/hourly-ipv4,ziyadnz|hourly,2026-08-17T18:48:05Z,2026-08-17T18:48:05Z,
57.151.106.164,ipv4,malicious-ip,medium,WHITE,ziyadnz/hourly-ipv4,ziyadnz|hourly,2026-08-17T18:48:05Z,2026-08-17T18:48:05Z,
57.151.137.146,ipv4,malicious-ip,medium,WHITE,ziyadnz/hourly-ipv4,ziyadnz|hourly,2026-08-17T18:48:05Z,2026-08-17T18:48:05Z,
57.151.137.148,ipv4,malicious-ip,medium,WHITE,ziyadnz/hourly-ipv4,ziyadnz|hourly,2026-08-17T18:48:05Z,2026-08-17T18:48:05Z,
57.151.137.34,ipv4,malicious-ip,medium,WHITE,ziyadnz/hourly-ipv4,ziyadnz|hourly,2026-08-17T18:48:05Z,2026-08-17T18:48:05Z,
57.151.97.194,ipv4,malicious-ip,medium,WHITE,ziyadnz/hourly-ipv4,ziyadnz|hourly,2026-08-17T18:48:05Z,2026-08-17T18:48:05Z,
57.151.98.124,ipv4,malicious-ip,medium,WHITE,ziyadnz/hourly-ipv4,ziyadnz|hourly,2026-08-17T18:48:05Z,2026-08-17T18:48:05Z,
57.151.99.52,ipv4,malicious-ip,medium,WHITE,ziyadnz/hourly-ipv4,ziyadnz|hourly,2026-08-17T18:48:05Z,2026-08-17T18:48:05Z,
57.151.99.69,ipv4,malicious-ip,medium,WHITE,ziyadnz/hourly-ipv4,ziyadnz|hourly,2026-08-17T18:48:05Z,2026-08-17T18:48:05Z,
57.152.33.247,ipv4,malicious-ip,medium,WHITE,ziyadnz/hourly-ipv4,ziyadnz|hourly,2026-08-17T18:48:05Z,2026-08-17T18:48:05Z,
57.152.34.196,ipv4,malicious-ip,medium,WHITE,ziyadnz/hourly-ipv4,ziyadnz|hourly,2026-08-17T18:48:05Z,2026-08-17T18:48:05Z,
57.153.203.144,ipv4,malicious-ip,medium,WHITE,ziyadnz/hourly-ipv4,ziyadnz|hourly,2026-08-17T18:48:05Z,2026-08-17T18:48:05Z,
57.154.211.91,ipv4,malicious-ip,medium,WHITE,ziyadnz/hourly-ipv4,ziyadnz|hourly,2026-08-17T18:48:05Z,2026-08-17T18:48:05Z,
57.154.241.151,ipv4,malicious-ip,medium,WHITE,ziyadnz/hourly-ipv4,ziyadnz|hourly,2026-08-17T18:48:05Z,2026-08-17T18:48:05Z,
57.154.4.164,ipv4,malicious-ip,medium,WHITE,ziyadnz/hourly-ipv4,ziyadnz|hourly,2026-08-17T18:48:05Z,2026-08-17T18:48:05Z,
57.174.232.255,ipv4,malicious-ip,medium,WHITE,ziyadnz/hourly-ipv4,ziyadnz|hourly,2026-08-17T18:48:05Z,2026-08-17T18:48:05Z,
57.69.19.70,ipv4,malicious-ip,medium,WHITE,ziyadnz/hourly-ipv4,ziyadnz|hourly,2026-08-17T18:48:05Z,2026-08-17T18:48:05Z,
58.10.141.202,ipv4,malicious-ip,medium,WHITE,ziyadnz/hourly-ipv4,ziyadnz|hourly,2026-08-17T18:48:05Z,2026-08-17T18:48:05Z,
58.10.141.59,ipv4,malicious-ip,medium,WHITE,ziyadnz/hourly-ipv4,ziyadnz|hourly,2026-08-17T18:48:05Z,2026-08-17T18:48:05Z,
58.107.156.204,ipv4,malicious-ip,medium,WHITE,ziyadnz/hourly-ipv4,ziyadnz|hourly,2026-08-17T18:48:05Z,2026-08-17T18:48:05Z,
58.11.120.101,ipv4,malicious-ip,medium,WHITE,ziyadnz/hourly-ipv4,ziyadnz|hourly,2026-08-17T18:48:05Z,2026-08-17T18:48:05Z,
58.11.120.146,ipv4,malicious-ip,medium,WHITE,ziyadnz/hourly-ipv4,ziyadnz|hourly,2026-08-17T18:48:05Z,2026-08-17T18:48:05Z,
58.115.51.108,ipv4,malicious-ip,medium,WHITE,ziyadnz/hourly-ipv4,ziyadnz|hourly,2026-08-17T18:48:05Z,2026-08-17T18:48:05Z,
58.122.253.30,ipv4,malicious-ip,medium,WHITE,ziyadnz/hourly-ipv4,ziyadnz|hourly,2026-08-17T18:48:05Z,2026-08-17T18:48:05Z,
58.122.253.78,ipv4,malicious-ip,medium,WHITE,ziyadnz/hourly-ipv4,ziyadnz|hourly,2026-08-17T18:48:05Z,2026-08-17T18:48:05Z,
58.124.86.81,ipv4,malicious-ip,medium,WHITE,ziyadnz/hourly-ipv4,ziyadnz|hourly,2026-08-17T18:48:05Z,2026-08-17T18:48:05Z,
58.126.108.94,ipv4,malicious-ip,medium,WHITE,ziyadnz/hourly-ipv4,ziyadnz|hourly,2026-08-17T18:48:05Z,2026-08-17T18:48:05Z,
58.126.133.189,ipv4,malicious-ip,medium,WHITE,ziyadnz/hourly-ipv4,ziyadnz|hourly,2026-08-17T18:48:05Z,2026-08-17T18:48:05Z,
58.126.160.2,ipv4,malicious-ip,medium,WHITE,ziyadnz/hourly-ipv4,ziyadnz|hourly,2026-08-17T18:48:05Z,2026-08-17T18:48:05Z,
58.136.11.107,ipv4,malicious-ip,medium,WHITE,ziyadnz/hourly-ipv4,ziyadnz|hourly,2026-08-17T18:48:05Z,2026-08-17T18:48:05Z,
58.136.119.123,ipv4,malicious-ip,medium,WHITE,ziyadnz/hourly-ipv4,ziyadnz|hourly,2026-08-17T18:48:05Z,2026-08-17T18:48:05Z,
58.136.131.37,ipv4,malicious-ip,medium,WHITE,ziyadnz/hourly-ipv4,ziyadnz|hourly,2026-08-17T18:48:05Z,2026-08-17T18:48:05Z,
58.136.208.66,ipv4,malicious-ip,medium,WHITE,ziyadnz/hourly-ipv4,ziyadnz|hourly,2026-08-17T18:48:05Z,2026-08-17T18:48:05Z,
58.136.251.102,ipv4,malicious-ip,medium,WHITE,ziyadnz/hourly-ipv4,ziyadnz|hourly,2026-08-17T18:48:05Z,2026-08-17T18:48:05Z,
58.136.85.65,ipv4,malicious-ip,medium,WHITE,ziyadnz/hourly-ipv4,ziyadnz|hourly,2026-08-17T18:48:05Z,2026-08-17T18:48:05Z,
58.136.88.2,ipv4,malicious-ip,medium,WHITE,ziyadnz/hourly-ipv4,ziyadnz|hourly,2026-08-17T18:48:05Z,2026-08-17T18:48:05Z,
58.136.95.53,ipv4,malicious-ip,medium,WHITE,ziyadnz/hourly-ipv4,ziyadnz|hourly,2026-08-17T18:48:05Z,2026-08-17T18:48:05Z,
58.144.143.27,ipv4,malicious-ip,medium,WHITE,ziyadnz/hourly-ipv4,ziyadnz|hourly,2026-08-17T18:48:05Z,2026-08-17T18:48:05Z,
58.145.168.214,ipv4,malicious-ip,medium,WHITE,ziyadnz/hourly-ipv4,ziyadnz|hourly,2026-08-17T18:48:05Z,2026-08-17T18:48:05Z,
58.151.173.28,ipv4,malicious-ip,medium,WHITE,ziyadnz/hourly-ipv4,ziyadnz|hourly,2026-08-17T18:48:05Z,2026-08-17T18:48:05Z,
58.152.0.141,ipv4,malicious-ip,medium,WHITE,ziyadnz/hourly-ipv4,ziyadnz|hourly,2026-08-17T18:48:05Z,2026-08-17T18:48:05Z,
58.152.186.135,ipv4,malicious-ip,medium,WHITE,ziyadnz/hourly-ipv4,ziyadnz|hourly,2026-08-17T18:48:05Z,2026-08-17T18:48:05Z,
58.152.212.239,ipv4,malicious-ip,medium,WHITE,ziyadnz/hourly-ipv4,ziyadnz|hourly,2026-08-17T18:48:05Z,2026-08-17T18:48:05Z,
58.152.42.174,ipv4,malicious-ip,medium,WHITE,ziyadnz/hourly-ipv4,ziyadnz|hourly,2026-08-17T18:48:05Z,2026-08-17T18:48:05Z,
58.16.114.232,ipv4,malicious-ip,medium,WHITE,ziyadnz/hourly-ipv4,ziyadnz|hourly,2026-08-17T18:48:05Z,2026-08-17T18:48:05Z,
58.169.49.92,ipv4,malicious-ip,medium,WHITE,ziyadnz/hourly-ipv4,ziyadnz|hourly,2026-08-17T18:48:05Z,2026-08-17T18:48:05Z,
58.169.53.244,ipv4,malicious-ip,medium,WHITE,ziyadnz/hourly-ipv4,ziyadnz|hourly,2026-08-17T18:48:05Z,2026-08-17T18:48:05Z,
58.17.252.228,ipv4,malicious-ip,medium,WHITE,ziyadnz/hourly-ipv4,ziyadnz|hourly,2026-08-17T18:48:05Z,2026-08-17T18:48:05Z,
58.17.83.112,ipv4,malicious-ip,medium,WHITE,ziyadnz/hourly-ipv4,ziyadnz|hourly,2026-08-17T18:48:05Z,2026-08-17T18:48:05Z,
58.175.8.102,ipv4,malicious-ip,medium,WHITE,ziyadnz/hourly-ipv4,ziyadnz|hourly,2026-08-17T18:48:05Z,2026-08-17T18:48:05Z,
58.177.161.194,ipv4,malicious-ip,medium,WHITE,ziyadnz/hourly-ipv4,ziyadnz|hourly,2026-08-17T18:48:05Z,2026-08-17T18:48:05Z,
58.177.78.181,ipv4,malicious-ip,medium,WHITE,ziyadnz/hourly-ipv4,ziyadnz|hourly,2026-08-17T18:48:05Z,2026-08-17T18:48:05Z,
58.18.59.179,ipv4,malicious-ip,medium,WHITE,ziyadnz/hourly-ipv4,ziyadnz|hourly,2026-08-17T18:48:05Z,2026-08-17T18:48:05Z,
58.180.56.28,ipv4,malicious-ip,medium,WHITE,ziyadnz/hourly-ipv4,ziyadnz|hourly,2026-08-17T18:48:05Z,2026-08-17T18:48:05Z,
58.181.115.251,ipv4,malicious-ip,medium,WHITE,ziyadnz/hourly-ipv4,ziyadnz|hourly,2026-08-17T18:48:05Z,2026-08-17T18:48:05Z,
58.186.8.60,ipv4,malicious-ip,medium,WHITE,ziyadnz/hourly-ipv4,ziyadnz|hourly,2026-08-17T18:48:05Z,2026-08-17T18:48:05Z,
58.186.8.61,ipv4,malicious-ip,medium,WHITE,ziyadnz/hourly-ipv4,ziyadnz|hourly,2026-08-17T18:48:05Z,2026-08-17T18:48:05Z,
58.186.98.113,ipv4,malicious-ip,medium,WHITE,ziyadnz/hourly-ipv4,ziyadnz|hourly,2026-08-17T18:48:05Z,2026-08-17T18:48:05Z,
58.187.119.22,ipv4,malicious-ip,medium,WHITE,ziyadnz/hourly-ipv4,ziyadnz|hourly,2026-08-17T18:48:05Z,2026-08-17T18:48:05Z,
58.187.41.200,ipv4,malicious-ip,medium,WHITE,ziyadnz/hourly-ipv4,ziyadnz|hourly,2026-08-17T18:48:05Z,2026-08-17T18:48:05Z,
58.19.11.97,ipv4,malicious-ip,medium,WHITE,ziyadnz/hourly-ipv4,ziyadnz|hourly,2026-08-17T18:48:05Z,2026-08-17T18:48:05Z,
58.19.143.62,ipv4,malicious-ip,medium,WHITE,ziyadnz/hourly-ipv4,ziyadnz|hourly,2026-08-17T18:48:05Z,2026-08-17T18:48:05Z,
58.19.34.227,ipv4,malicious-ip,medium,WHITE,ziyadnz/hourly-ipv4,ziyadnz|hourly,2026-08-17T18:48:05Z,2026-08-17T18:48:05Z,
58.19.35.76,ipv4,malicious-ip,medium,WHITE,ziyadnz/hourly-ipv4,ziyadnz|hourly,2026-08-17T18:48:05Z,2026-08-17T18:48:05Z,
58.19.38.185,ipv4,malicious-ip,medium,WHITE,ziyadnz/hourly-ipv4,ziyadnz|hourly,2026-08-17T18:48:05Z,2026-08-17T18:48:05Z,
58.20.243.17,ipv4,malicious-ip,medium,WHITE,ziyadnz/hourly-ipv4,ziyadnz|hourly,2026-08-17T18:48:05Z,2026-08-17T18:48:05Z,
58.208.84.103,ipv4,malicious-ip,medium,WHITE,ziyadnz/hourly-ipv4,ziyadnz|hourly,2026-08-17T18:48:05Z,2026-08-17T18:48:05Z,
58.208.93.89,ipv4,malicious-ip,medium,WHITE,ziyadnz/hourly-ipv4,ziyadnz|hourly,2026-08-17T18:48:05Z,2026-08-17T18:48:05Z,
58.209.172.94,ipv4,malicious-ip,medium,WHITE,ziyadnz/hourly-ipv4,ziyadnz|hourly,2026-08-17T18:48:05Z,2026-08-17T18:48:05Z,
58.209.213.85,ipv4,malicious-ip,medium,WHITE,ziyadnz/hourly-ipv4,ziyadnz|hourly,2026-08-17T18:48:05Z,2026-08-17T18:48:05Z,
58.209.72.62,ipv4,malicious-ip,medium,WHITE,ziyadnz/hourly-ipv4,ziyadnz|hourly,2026-08-17T18:48:05Z,2026-08-17T18:48:05Z,
58.210.34.74,ipv4,malicious-ip,medium,WHITE,ziyadnz/hourly-ipv4,ziyadnz|hourly,2026-08-17T18:48:05Z,2026-08-17T18:48:05Z,
58.210.44.138,ipv4,malicious-ip,medium,WHITE,ziyadnz/hourly-ipv4,ziyadnz|hourly,2026-08-17T18:48:05Z,2026-08-17T18:48:05Z,
58.210.98.130,ipv4,malicious-ip,medium,WHITE,ziyadnz/hourly-ipv4,ziyadnz|hourly,2026-08-17T18:48:05Z,2026-08-17T18:48:05Z,
58.211.240.82,ipv4,malicious-ip,medium,WHITE,ziyadnz/hourly-ipv4,ziyadnz|hourly,2026-08-17T18:48:05Z,2026-08-17T18:48:05Z,
58.211.45.202,ipv4,malicious-ip,medium,WHITE,ziyadnz/hourly-ipv4,ziyadnz|hourly,2026-08-17T18:48:05Z,2026-08-17T18:48:05Z,
58.212.123.7,ipv4,malicious-ip,medium,WHITE,ziyadnz/hourly-ipv4,ziyadnz|hourly,2026-08-17T18:48:05Z,2026-08-17T18:48:05Z,
58.212.237.11,ipv4,malicious-ip,medium,WHITE,ziyadnz/hourly-ipv4,ziyadnz|hourly,2026-08-17T18:48:05Z,2026-08-17T18:48:05Z,
58.212.237.110,ipv4,malicious-ip,medium,WHITE,ziyadnz/hourly-ipv4,ziyadnz|hourly,2026-08-17T18:48:05Z,2026-08-17T18:48:05Z,
58.212.237.117,ipv4,malicious-ip,medium,WHITE,ziyadnz/hourly-ipv4,ziyadnz|hourly,2026-08-17T18:48:05Z,2026-08-17T18:48:05Z,
58.212.237.120,ipv4,malicious-ip,medium,WHITE,ziyadnz/hourly-ipv4,ziyadnz|hourly,2026-08-17T18:48:05Z,2026-08-17T18:48:05Z,
58.212.237.124,ipv4,malicious-ip,medium,WHITE,ziyadnz/hourly-ipv4,ziyadnz|hourly,2026-08-17T18:48:05Z,2026-08-17T18:48:05Z,
58.212.237.125,ipv4,malicious-ip,medium,WHITE,ziyadnz/hourly-ipv4,ziyadnz|hourly,2026-08-17T18:48:05Z,2026-08-17T18:48:05Z,
58.212.237.131,ipv4,malicious-ip,medium,WHITE,ziyadnz/hourly-ipv4,ziyadnz|hourly,2026-08-17T18:48:05Z,2026-08-17T18:48:05Z,
58.212.237.136,ipv4,malicious-ip,medium,WHITE,ziyadnz/hourly-ipv4,ziyadnz|hourly,2026-08-17T18:48:05Z,2026-08-17T18:48:05Z,
58.212.237.144,ipv4,malicious-ip,medium,WHITE,ziyadnz/hourly-ipv4,ziyadnz|hourly,2026-08-17T18:48:05Z,2026-08-17T18:48:05Z,
58.212.237.15,ipv4,malicious-ip,medium,WHITE,ziyadnz/hourly-ipv4,ziyadnz|hourly,2026-08-17T18:48:05Z,2026-08-17T18:48:05Z,
58.212.237.152,ipv4,malicious-ip,medium,WHITE,ziyadnz/hourly-ipv4,ziyadnz|hourly,2026-08-17T18:48:05Z,2026-08-17T18:48:05Z,
58.212.237.164,ipv4,malicious-ip,medium,WHITE,ziyadnz/hourly-ipv4,ziyadnz|hourly,2026-08-17T18:48:05Z,2026-08-17T18:48:05Z,
58.212.237.165,ipv4,malicious-ip,medium,WHITE,ziyadnz/hourly-ipv4,ziyadnz|hourly,2026-08-17T18:48:05Z,2026-08-17T18:48:05Z,
58.212.237.167,ipv4,malicious-ip,medium,WHITE,ziyadnz/hourly-ipv4,ziyadnz|hourly,2026-08-17T18:48:05Z,2026-08-17T18:48:05Z,
58.212.237.168,ipv4,malicious-ip,medium,WHITE,ziyadnz/hourly-ipv4,ziyadnz|hourly,2026-08-17T18:48:05Z,2026-08-17T18:48:05Z,
58.212.237.169,ipv4,malicious-ip,medium,WHITE,ziyadnz/hourly-ipv4,ziyadnz|hourly,2026-08-17T18:48:05Z,2026-08-17T18:48:05Z,
58.212.237.170,ipv4,malicious-ip,medium,WHITE,ziyadnz/hourly-ipv4,ziyadnz|hourly,2026-08-17T18:48:05Z,2026-08-17T18:48:05Z,
58.212.237.174,ipv4,malicious-ip,medium,WHITE,ziyadnz/hourly-ipv4,ziyadnz|hourly,2026-08-17T18:48:05Z,2026-08-17T18:48:05Z,
58.212.237.175,ipv4,malicious-ip,medium,WHITE,ziyadnz/hourly-ipv4,ziyadnz|hourly,2026-08-17T18:48:05Z,2026-08-17T18:48:05Z,
58.212.237.178,ipv4,malicious-ip,medium,WHITE,ziyadnz/hourly-ipv4,ziyadnz|hourly,2026-08-17T18:48:05Z,2026-08-17T18:48:05Z,
58.212.237.179,ipv4,malicious-ip,medium,WHITE,ziyadnz/hourly-ipv4,ziyadnz|hourly,2026-08-17T18:48:05Z,2026-08-17T18:48:05Z,
58.212.237.18,ipv4,malicious-ip,medium,WHITE,ziyadnz/hourly-ipv4,ziyadnz|hourly,2026-08-17T18:48:05Z,2026-08-17T18:48:05Z,
58.212.237.180,ipv4,malicious-ip,medium,WHITE,ziyadnz/hourly-ipv4,ziyadnz|hourly,2026-08-17T18:48:05Z,2026-08-17T18:48:05Z,
58.212.237.184,ipv4,malicious-ip,medium,WHITE,ziyadnz/hourly-ipv4,ziyadnz|hourly,2026-08-17T18:48:05Z,2026-08-17T18:48:05Z,
58.212.237.197,ipv4,malicious-ip,medium,WHITE,ziyadnz/hourly-ipv4,ziyadnz|hourly,2026-08-17T18:48:05Z,2026-08-17T18:48:05Z,
58.212.237.210,ipv4,malicious-ip,medium,WHITE,ziyadnz/hourly-ipv4,ziyadnz|hourly,2026-08-17T18:48:05Z,2026-08-17T18:48:05Z,
58.212.237.218,ipv4,malicious-ip,medium,WHITE,ziyadnz/hourly-ipv4,ziyadnz|hourly,2026-08-17T18:48:05Z,2026-08-17T18:48:05Z,
58.212.237.220,ipv4,malicious-ip,medium,WHITE,ziyadnz/hourly-ipv4,ziyadnz|hourly,2026-08-17T18:48:05Z,2026-08-17T18:48:05Z,
58.212.237.221,ipv4,malicious-ip,medium,WHITE,ziyadnz/hourly-ipv4,ziyadnz|hourly,2026-08-17T18:48:05Z,2026-08-17T18:48:05Z,
58.212.237.222,ipv4,malicious-ip,medium,WHITE,ziyadnz/hourly-ipv4,ziyadnz|hourly,2026-08-17T18:48:05Z,2026-08-17T18:48:05Z,
58.212.237.232,ipv4,malicious-ip,medium,WHITE,ziyadnz/hourly-ipv4,ziyadnz|hourly,2026-08-17T18:48:05Z,2026-08-17T18:48:05Z,
58.212.237.244,ipv4,malicious-ip,medium,WHITE,ziyadnz/hourly-ipv4,ziyadnz|hourly,2026-08-17T18:48:05Z,2026-08-17T18:48:05Z,
58.212.237.247,ipv4,malicious-ip,medium,WHITE,ziyadnz/hourly-ipv4,ziyadnz|hourly,2026-08-17T18:48:05Z,2026-08-17T18:48:05Z,
58.212.237.249,ipv4,malicious-ip,medium,WHITE,ziyadnz/hourly-ipv4,ziyadnz|hourly,2026-08-17T18:48:05Z,2026-08-17T18:48:05Z,
58.212.237.250,ipv4,malicious-ip,medium,WHITE,ziyadnz/hourly-ipv4,ziyadnz|hourly,2026-08-17T18:48:05Z,2026-08-17T18:48:05Z,
58.212.237.254,ipv4,malicious-ip,medium,WHITE,ziyadnz/hourly-ipv4,ziyadnz|hourly,2026-08-17T18:48:05Z,2026-08-17T18:48:05Z,
58.212.237.27,ipv4,malicious-ip,medium,WHITE,ziyadnz/hourly-ipv4,ziyadnz|hourly,2026-08-17T18:48:05Z,2026-08-17T18:48:05Z,
58.212.237.28,ipv4,malicious-ip,medium,WHITE,ziyadnz/hourly-ipv4,ziyadnz|hourly,2026-08-17T18:48:05Z,2026-08-17T18:48:05Z,
58.212.237.38,ipv4,malicious-ip,medium,WHITE,ziyadnz/hourly-ipv4,ziyadnz|hourly,2026-08-17T18:48:05Z,2026-08-17T18:48:05Z,
58.212.237.39,ipv4,malicious-ip,medium,WHITE,ziyadnz/hourly-ipv4,ziyadnz|hourly,2026-08-17T18:48:05Z,2026-08-17T18:48:05Z,
58.212.237.50,ipv4,malicious-ip,medium,WHITE,ziyadnz/hourly-ipv4,ziyadnz|hourly,2026-08-17T18:48:05Z,2026-08-17T18:48:05Z,
58.212.237.65,ipv4,malicious-ip,medium,WHITE,ziyadnz/hourly-ipv4,ziyadnz|hourly,2026-08-17T18:48:05Z,2026-08-17T18:48:05Z,
58.212.237.67,ipv4,malicious-ip,medium,WHITE,ziyadnz/hourly-ipv4,ziyadnz|hourly,2026-08-17T18:48:05Z,2026-08-17T18:48:05Z,
58.212.237.68,ipv4,malicious-ip,medium,WHITE,ziyadnz/hourly-ipv4,ziyadnz|hourly,2026-08-17T18:48:05Z,2026-08-17T18:48:05Z,
58.212.237.70,ipv4,malicious-ip,medium,WHITE,ziyadnz/hourly-ipv4,ziyadnz|hourly,2026-08-17T18:48:05Z,2026-08-17T18:48:05Z,
58.212.237.8,ipv4,malicious-ip,medium,WHITE,ziyadnz/hourly-ipv4,ziyadnz|hourly,2026-08-17T18:48:05Z,2026-08-17T18:48:05Z,
58.212.237.80,ipv4,malicious-ip,medium,WHITE,ziyadnz/hourly-ipv4,ziyadnz|hourly,2026-08-17T18:48:05Z,2026-08-17T18:48:05Z,
58.212.237.86,ipv4,malicious-ip,medium,WHITE,ziyadnz/hourly-ipv4,ziyadnz|hourly,2026-08-17T18:48:05Z,2026-08-17T18:48:05Z,
58.212.237.96,ipv4,malicious-ip,medium,WHITE,ziyadnz/hourly-ipv4,ziyadnz|hourly,2026-08-17T18:48:05Z,2026-08-17T18:48:05Z,
58.212.81.89,ipv4,malicious-ip,medium,WHITE,ziyadnz/hourly-ipv4,ziyadnz|hourly,2026-08-17T18:48:05Z,2026-08-17T18:48:05Z,
58.213.107.138,ipv4,malicious-ip,medium,WHITE,ziyadnz/hourly-ipv4,ziyadnz|hourly,2026-08-17T18:48:05Z,2026-08-17T18:48:05Z,
58.213.151.178,ipv4,malicious-ip,medium,WHITE,ziyadnz/hourly-ipv4,ziyadnz|hourly,2026-08-17T18:48:05Z,2026-08-17T18:48:05Z,
58.214.23.94,ipv4,malicious-ip,medium,WHITE,ziyadnz/hourly-ipv4,ziyadnz|hourly,2026-08-17T18:48:05Z,2026-08-17T18:48:05Z,
58.214.246.78,ipv4,malicious-ip,medium,WHITE,ziyadnz/hourly-ipv4,ziyadnz|hourly,2026-08-17T18:48:05Z,2026-08-17T18:48:05Z,
58.215.186.186,ipv4,malicious-ip,medium,WHITE,ziyadnz/hourly-ipv4,ziyadnz|hourly,2026-08-17T18:48:05Z,2026-08-17T18:48:05Z,
58.215.234.8,ipv4,malicious-ip,medium,WHITE,ziyadnz/hourly-ipv4,ziyadnz|hourly,2026-08-17T18:48:05Z,2026-08-17T18:48:05Z,
58.216.132.5,ipv4,malicious-ip,medium,WHITE,ziyadnz/hourly-ipv4,ziyadnz|hourly,2026-08-17T18:48:05Z,2026-08-17T18:48:05Z,
58.216.147.214,ipv4,malicious-ip,medium,WHITE,ziyadnz/hourly-ipv4,ziyadnz|hourly,2026-08-17T18:48:05Z,2026-08-17T18:48:05Z,
58.216.234.6,ipv4,malicious-ip,medium,WHITE,ziyadnz/hourly-ipv4,ziyadnz|hourly,2026-08-17T18:48:05Z,2026-08-17T18:48:05Z,
58.216.241.42,ipv4,malicious-ip,medium,WHITE,ziyadnz/hourly-ipv4,ziyadnz|hourly,2026-08-17T18:48:05Z,2026-08-17T18:48:05Z,
58.216.53.130,ipv4,malicious-ip,medium,WHITE,ziyadnz/hourly-ipv4,ziyadnz|hourly,2026-08-17T18:48:05Z,2026-08-17T18:48:05Z,
58.216.8.95,ipv4,malicious-ip,medium,WHITE,ziyadnz/hourly-ipv4,ziyadnz|hourly,2026-08-17T18:48:05Z,2026-08-17T18:48:05Z,
58.218.178.134,ipv4,malicious-ip,medium,WHITE,ziyadnz/hourly-ipv4,ziyadnz|hourly,2026-08-17T18:48:05Z,2026-08-17T18:48:05Z,
58.218.200.186,ipv4,malicious-ip,medium,WHITE,ziyadnz/hourly-ipv4,ziyadnz|hourly,2026-08-17T18:48:05Z,2026-08-17T18:48:05Z,
58.218.21.34,ipv4,malicious-ip,medium,WHITE,ziyadnz/hourly-ipv4,ziyadnz|hourly,2026-08-17T18:48:05Z,2026-08-17T18:48:05Z,
58.218.244.6,ipv4,malicious-ip,medium,WHITE,ziyadnz/hourly-ipv4,ziyadnz|hourly,2026-08-17T18:48:05Z,2026-08-17T18:48:05Z,
58.22.140.65,ipv4,malicious-ip,medium,WHITE,ziyadnz/hourly-ipv4,ziyadnz|hourly,2026-08-17T18:48:05Z,2026-08-17T18:48:05Z,
58.22.149.109,ipv4,malicious-ip,medium,WHITE,ziyadnz/hourly-ipv4,ziyadnz|hourly,2026-08-17T18:48:05Z,2026-08-17T18:48:05Z,
58.22.161.169,ipv4,malicious-ip,medium,WHITE,ziyadnz/hourly-ipv4,ziyadnz|hourly,2026-08-17T18:48:05Z,2026-08-17T18:48:05Z,
58.22.228.66,ipv4,malicious-ip,medium,WHITE,ziyadnz/hourly-ipv4,ziyadnz|hourly,2026-08-17T18:48:05Z,2026-08-17T18:48:05Z,
58.22.244.209,ipv4,malicious-ip,medium,WHITE,ziyadnz/hourly-ipv4,ziyadnz|hourly,2026-08-17T18:48:05Z,2026-08-17T18:48:05Z,
58.22.87.7,ipv4,malicious-ip,medium,WHITE,ziyadnz/hourly-ipv4,ziyadnz|hourly,2026-08-17T18:48:05Z,2026-08-17T18:48:05Z,
58.220.134.146,ipv4,malicious-ip,medium,WHITE,ziyadnz/hourly-ipv4,ziyadnz|hourly,2026-08-17T18:48:05Z,2026-08-17T18:48:05Z,
58.220.236.42,ipv4,malicious-ip,medium,WHITE,ziyadnz/hourly-ipv4,ziyadnz|hourly,2026-08-17T18:48:05Z,2026-08-17T18:48:05Z,
58.220.41.251,ipv4,malicious-ip,medium,WHITE,ziyadnz/hourly-ipv4,ziyadnz|hourly,2026-08-17T18:48:05Z,2026-08-17T18:48:05Z,
58.221.146.170,ipv4,malicious-ip,medium,WHITE,ziyadnz/hourly-ipv4,ziyadnz|hourly,2026-08-17T18:48:05Z,2026-08-17T18:48:05Z,
58.221.195.130,ipv4,malicious-ip,medium,WHITE,ziyadnz/hourly-ipv4,ziyadnz|hourly,2026-08-17T18:48:05Z,2026-08-17T18:48:05Z,
58.221.230.166,ipv4,malicious-ip,medium,WHITE,ziyadnz/hourly-ipv4,ziyadnz|hourly,2026-08-17T18:48:05Z,2026-08-17T18:48:05Z,
58.221.58.240,ipv4,malicious-ip,medium,WHITE,ziyadnz/hourly-ipv4,ziyadnz|hourly,2026-08-17T18:48:05Z,2026-08-17T18:48:05Z,
58.221.82.162,ipv4,malicious-ip,medium,WHITE,ziyadnz/hourly-ipv4,ziyadnz|hourly,2026-08-17T18:48:05Z,2026-08-17T18:48:05Z,
58.221.91.30,ipv4,malicious-ip,medium,WHITE,ziyadnz/hourly-ipv4,ziyadnz|hourly,2026-08-17T18:48:05Z,2026-08-17T18:48:05Z,
58.222.136.190,ipv4,malicious-ip,medium,WHITE,ziyadnz/hourly-ipv4,ziyadnz|hourly,2026-08-17T18:48:05Z,2026-08-17T18:48:05Z,
58.222.174.106,ipv4,malicious-ip,medium,WHITE,ziyadnz/hourly-ipv4,ziyadnz|hourly,2026-08-17T18:48:05Z,2026-08-17T18:48:05Z,
58.222.251.204,ipv4,malicious-ip,medium,WHITE,ziyadnz/hourly-ipv4,ziyadnz|hourly,2026-08-17T18:48:05Z,2026-08-17T18:48:05Z,
58.224.140.78,ipv4,malicious-ip,medium,WHITE,ziyadnz/hourly-ipv4,ziyadnz|hourly,2026-08-17T18:48:05Z,2026-08-17T18:48:05Z,
58.226.230.112,ipv4,malicious-ip,medium,WHITE,ziyadnz/hourly-ipv4,ziyadnz|hourly,2026-08-17T18:48:05Z,2026-08-17T18:48:05Z,
58.227.42.236,ipv4,malicious-ip,medium,WHITE,ziyadnz/hourly-ipv4,ziyadnz|hourly,2026-08-17T18:48:05Z,2026-08-17T18:48:05Z,
58.229.141.26,ipv4,malicious-ip,medium,WHITE,ziyadnz/hourly-ipv4,ziyadnz|hourly,2026-08-17T18:48:05Z,2026-08-17T18:48:05Z,
58.229.188.59,ipv4,malicious-ip,medium,WHITE,ziyadnz/hourly-ipv4,ziyadnz|hourly,2026-08-17T18:48:05Z,2026-08-17T18:48:05Z,
58.229.206.107,ipv4,malicious-ip,medium,WHITE,ziyadnz/hourly-ipv4,ziyadnz|hourly,2026-08-17T18:48:05Z,2026-08-17T18:48:05Z,
58.23.76.49,ipv4,malicious-ip,medium,WHITE,ziyadnz/hourly-ipv4,ziyadnz|hourly,2026-08-17T18:48:05Z,2026-08-17T18:48:05Z,
58.23.76.92,ipv4,malicious-ip,medium,WHITE,ziyadnz/hourly-ipv4,ziyadnz|hourly,2026-08-17T18:48:05Z,2026-08-17T18:48:05Z,
58.23.97.82,ipv4,malicious-ip,medium,WHITE,ziyadnz/hourly-ipv4,ziyadnz|hourly,2026-08-17T18:48:05Z,2026-08-17T18:48:05Z,
58.231.69.120,ipv4,malicious-ip,medium,WHITE,ziyadnz/hourly-ipv4,ziyadnz|hourly,2026-08-17T18:48:05Z,2026-08-17T18:48:05Z,
58.236.136.62,ipv4,malicious-ip,medium,WHITE,ziyadnz/hourly-ipv4,ziyadnz|hourly,2026-08-17T18:48:05Z,2026-08-17T18:48:05Z,
58.239.241.236,ipv4,malicious-ip,medium,WHITE,ziyadnz/hourly-ipv4,ziyadnz|hourly,2026-08-17T18:48:05Z,2026-08-17T18:48:05Z,
58.240.112.150,ipv4,malicious-ip,medium,WHITE,ziyadnz/hourly-ipv4,ziyadnz|hourly,2026-08-17T18:48:05Z,2026-08-17T18:48:05Z,
58.240.17.66,ipv4,malicious-ip,medium,WHITE,ziyadnz/hourly-ipv4,ziyadnz|hourly,2026-08-17T18:48:05Z,2026-08-17T18:48:05Z,
58.241.219.227,ipv4,malicious-ip,medium,WHITE,ziyadnz/hourly-ipv4,ziyadnz|hourly,2026-08-17T18:48:05Z,2026-08-17T18:48:05Z,
58.242.117.189,ipv4,malicious-ip,medium,WHITE,ziyadnz/hourly-ipv4,ziyadnz|hourly,2026-08-17T18:48:05Z,2026-08-17T18:48:05Z,
58.242.190.39,ipv4,malicious-ip,medium,WHITE,ziyadnz/hourly-ipv4,ziyadnz|hourly,2026-08-17T18:48:05Z,2026-08-17T18:48:05Z,
58.242.20.30,ipv4,malicious-ip,medium,WHITE,ziyadnz/hourly-ipv4,ziyadnz|hourly,2026-08-17T18:48:05Z,2026-08-17T18:48:05Z,
58.244.192.181,ipv4,malicious-ip,medium,WHITE,ziyadnz/hourly-ipv4,ziyadnz|hourly,2026-08-17T18:48:05Z,2026-08-17T18:48:05Z,
58.244.37.104,ipv4,malicious-ip,medium,WHITE,ziyadnz/hourly-ipv4,ziyadnz|hourly,2026-08-17T18:48:05Z,2026-08-17T18:48:05Z,
58.244.41.44,ipv4,malicious-ip,medium,WHITE,ziyadnz/hourly-ipv4,ziyadnz|hourly,2026-08-17T18:48:05Z,2026-08-17T18:48:05Z,
58.244.99.143,ipv4,malicious-ip,medium,WHITE,ziyadnz/hourly-ipv4,ziyadnz|hourly,2026-08-17T18:48:05Z,2026-08-17T18:48:05Z,
58.244.99.176,ipv4,malicious-ip,medium,WHITE,ziyadnz/hourly-ipv4,ziyadnz|hourly,2026-08-17T18:48:05Z,2026-08-17T18:48:05Z,
58.245.16.31,ipv4,malicious-ip,medium,WHITE,ziyadnz/hourly-ipv4,ziyadnz|hourly,2026-08-17T18:48:05Z,2026-08-17T18:48:05Z,
58.245.27.195,ipv4,malicious-ip,medium,WHITE,ziyadnz/hourly-ipv4,ziyadnz|hourly,2026-08-17T18:48:05Z,2026-08-17T18:48:05Z,
58.245.27.198,ipv4,malicious-ip,medium,WHITE,ziyadnz/hourly-ipv4,ziyadnz|hourly,2026-08-17T18:48:05Z,2026-08-17T18:48:05Z,
58.245.91.68,ipv4,malicious-ip,medium,WHITE,ziyadnz/hourly-ipv4,ziyadnz|hourly,2026-08-17T18:48:05Z,2026-08-17T18:48:05Z,
58.246.100.254,ipv4,malicious-ip,medium,WHITE,ziyadnz/hourly-ipv4,ziyadnz|hourly,2026-08-17T18:48:05Z,2026-08-17T18:48:05Z,
58.246.234.210,ipv4,malicious-ip,medium,WHITE,ziyadnz/hourly-ipv4,ziyadnz|hourly,2026-08-17T18:48:05Z,2026-08-17T18:48:05Z,
58.247.139.54,ipv4,malicious-ip,medium,WHITE,ziyadnz/hourly-ipv4,ziyadnz|hourly,2026-08-17T18:48:05Z,2026-08-17T18:48:05Z,
58.247.195.208,ipv4,malicious-ip,medium,WHITE,ziyadnz/hourly-ipv4,ziyadnz|hourly,2026-08-17T18:48:05Z,2026-08-17T18:48:05Z,
58.247.254.245,ipv4,malicious-ip,medium,WHITE,ziyadnz/hourly-ipv4,ziyadnz|hourly,2026-08-17T18:48:05Z,2026-08-17T18:48:05Z,
58.249.135.167,ipv4,malicious-ip,medium,WHITE,ziyadnz/hourly-ipv4,ziyadnz|hourly,2026-08-17T18:48:05Z,2026-08-17T18:48:05Z,
58.255.22.44,ipv4,malicious-ip,medium,WHITE,ziyadnz/hourly-ipv4,ziyadnz|hourly,2026-08-17T18:48:05Z,2026-08-17T18:48:05Z,
58.27.153.227,ipv4,malicious-ip,medium,WHITE,ziyadnz/hourly-ipv4,ziyadnz|hourly,2026-08-17T18:48:05Z,2026-08-17T18:48:05Z,
58.27.196.58,ipv4,malicious-ip,medium,WHITE,ziyadnz/hourly-ipv4,ziyadnz|hourly,2026-08-17T18:48:05Z,2026-08-17T18:48:05Z,
58.27.200.43,ipv4,malicious-ip,medium,WHITE,ziyadnz/hourly-ipv4,ziyadnz|hourly,2026-08-17T18:48:05Z,2026-08-17T18:48:05Z,
58.27.236.243,ipv4,malicious-ip,medium,WHITE,ziyadnz/hourly-ipv4,ziyadnz|hourly,2026-08-17T18:48:05Z,2026-08-17T18:48:05Z,
58.27.240.122,ipv4,malicious-ip,medium,WHITE,ziyadnz/hourly-ipv4,ziyadnz|hourly,2026-08-17T18:48:05Z,2026-08-17T18:48:05Z,
58.27.241.74,ipv4,malicious-ip,medium,WHITE,ziyadnz/hourly-ipv4,ziyadnz|hourly,2026-08-17T18:48:05Z,2026-08-17T18:48:05Z,
58.27.242.210,ipv4,malicious-ip,medium,WHITE,ziyadnz/hourly-ipv4,ziyadnz|hourly,2026-08-17T18:48:05Z,2026-08-17T18:48:05Z,
58.27.251.18,ipv4,malicious-ip,medium,WHITE,ziyadnz/hourly-ipv4,ziyadnz|hourly,2026-08-17T18:48:05Z,2026-08-17T18:48:05Z,
58.27.251.210,ipv4,malicious-ip,medium,WHITE,ziyadnz/hourly-ipv4,ziyadnz|hourly,2026-08-17T18:48:05Z,2026-08-17T18:48:05Z,
58.33.193.59,ipv4,malicious-ip,medium,WHITE,ziyadnz/hourly-ipv4,ziyadnz|hourly,2026-08-17T18:48:05Z,2026-08-17T18:48:05Z,
58.33.209.98,ipv4,malicious-ip,medium,WHITE,ziyadnz/hourly-ipv4,ziyadnz|hourly,2026-08-17T18:48:05Z,2026-08-17T18:48:05Z,
58.34.140.170,ipv4,malicious-ip,medium,WHITE,ziyadnz/hourly-ipv4,ziyadnz|hourly,2026-08-17T18:48:05Z,2026-08-17T18:48:05Z,
58.34.98.18,ipv4,malicious-ip,medium,WHITE,ziyadnz/hourly-ipv4,ziyadnz|hourly,2026-08-17T18:48:05Z,2026-08-17T18:48:05Z,
58.35.132.138,ipv4,malicious-ip,medium,WHITE,ziyadnz/hourly-ipv4,ziyadnz|hourly,2026-08-17T18:48:05Z,2026-08-17T18:48:05Z,
58.37.201.119,ipv4,malicious-ip,medium,WHITE,ziyadnz/hourly-ipv4,ziyadnz|hourly,2026-08-17T18:48:05Z,2026-08-17T18:48:05Z,
58.37.3.63,ipv4,malicious-ip,medium,WHITE,ziyadnz/hourly-ipv4,ziyadnz|hourly,2026-08-17T18:48:05Z,2026-08-17T18:48:05Z,
58.38.59.17,ipv4,malicious-ip,medium,WHITE,ziyadnz/hourly-ipv4,ziyadnz|hourly,2026-08-17T18:48:05Z,2026-08-17T18:48:05Z,
58.40.5.38,ipv4,malicious-ip,medium,WHITE,ziyadnz/hourly-ipv4,ziyadnz|hourly,2026-08-17T18:48:05Z,2026-08-17T18:48:05Z,
58.42.205.115,ipv4,malicious-ip,medium,WHITE,ziyadnz/hourly-ipv4,ziyadnz|hourly,2026-08-17T18:48:05Z,2026-08-17T18:48:05Z,
58.42.22.57,ipv4,malicious-ip,medium,WHITE,ziyadnz/hourly-ipv4,ziyadnz|hourly,2026-08-17T18:48:05Z,2026-08-17T18:48:05Z,
58.42.237.23,ipv4,malicious-ip,medium,WHITE,ziyadnz/hourly-ipv4,ziyadnz|hourly,2026-08-17T18:48:05Z,2026-08-17T18:48:05Z,
58.42.70.31,ipv4,malicious-ip,medium,WHITE,ziyadnz/hourly-ipv4,ziyadnz|hourly,2026-08-17T18:48:05Z,2026-08-17T18:48:05Z,
58.42.8.7,ipv4,malicious-ip,medium,WHITE,ziyadnz/hourly-ipv4,ziyadnz|hourly,2026-08-17T18:48:05Z,2026-08-17T18:48:05Z,
58.44.234.94,ipv4,malicious-ip,medium,WHITE,ziyadnz/hourly-ipv4,ziyadnz|hourly,2026-08-17T18:48:05Z,2026-08-17T18:48:05Z,
58.46.202.17,ipv4,malicious-ip,medium,WHITE,ziyadnz/hourly-ipv4,ziyadnz|hourly,2026-08-17T18:48:05Z,2026-08-17T18:48:05Z,
58.46.203.151,ipv4,malicious-ip,medium,WHITE,ziyadnz/hourly-ipv4,ziyadnz|hourly,2026-08-17T18:48:05Z,2026-08-17T18:48:05Z,
58.46.224.19,ipv4,malicious-ip,medium,WHITE,ziyadnz/hourly-ipv4,ziyadnz|hourly,2026-08-17T18:48:05Z,2026-08-17T18:48:05Z,
58.47.104.121,ipv4,malicious-ip,medium,WHITE,ziyadnz/hourly-ipv4,ziyadnz|hourly,2026-08-17T18:48:05Z,2026-08-17T18:48:05Z,
58.47.104.185,ipv4,malicious-ip,medium,WHITE,ziyadnz/hourly-ipv4,ziyadnz|hourly,2026-08-17T18:48:05Z,2026-08-17T18:48:05Z,
58.47.105.182,ipv4,malicious-ip,medium,WHITE,ziyadnz/hourly-ipv4,ziyadnz|hourly,2026-08-17T18:48:05Z,2026-08-17T18:48:05Z,
58.47.105.51,ipv4,malicious-ip,medium,WHITE,ziyadnz/hourly-ipv4,ziyadnz|hourly,2026-08-17T18:48:05Z,2026-08-17T18:48:05Z,
58.47.106.153,ipv4,malicious-ip,medium,WHITE,ziyadnz/hourly-ipv4,ziyadnz|hourly,2026-08-17T18:48:05Z,2026-08-17T18:48:05Z,
58.47.106.19,ipv4,malicious-ip,medium,WHITE,ziyadnz/hourly-ipv4,ziyadnz|hourly,2026-08-17T18:48:05Z,2026-08-17T18:48:05Z,
58.47.107.0,ipv4,malicious-ip,medium,WHITE,ziyadnz/hourly-ipv4,ziyadnz|hourly,2026-08-17T18:48:05Z,2026-08-17T18:48:05Z,
58.47.107.116,ipv4,malicious-ip,medium,WHITE,ziyadnz/hourly-ipv4,ziyadnz|hourly,2026-08-17T18:48:05Z,2026-08-17T18:48:05Z,
58.47.107.14,ipv4,malicious-ip,medium,WHITE,ziyadnz/hourly-ipv4,ziyadnz|hourly,2026-08-17T18:48:05Z,2026-08-17T18:48:05Z,
58.47.107.152,ipv4,malicious-ip,medium,WHITE,ziyadnz/hourly-ipv4,ziyadnz|hourly,2026-08-17T18:48:05Z,2026-08-17T18:48:05Z,
58.47.107.205,ipv4,malicious-ip,medium,WHITE,ziyadnz/hourly-ipv4,ziyadnz|hourly,2026-08-17T18:48:05Z,2026-08-17T18:48:05Z,
58.47.107.23,ipv4,malicious-ip,medium,WHITE,ziyadnz/hourly-ipv4,ziyadnz|hourly,2026-08-17T18:48:05Z,2026-08-17T18:48:05Z,
58.47.107.246,ipv4,malicious-ip,medium,WHITE,ziyadnz/hourly-ipv4,ziyadnz|hourly,2026-08-17T18:48:05Z,2026-08-17T18:48:05Z,
58.47.110.188,ipv4,malicious-ip,medium,WHITE,ziyadnz/hourly-ipv4,ziyadnz|hourly,2026-08-17T18:48:05Z,2026-08-17T18:48:05Z,
58.47.111.249,ipv4,malicious-ip,medium,WHITE,ziyadnz/hourly-ipv4,ziyadnz|hourly,2026-08-17T18:48:05Z,2026-08-17T18:48:05Z,
58.47.120.0,ipv4,malicious-ip,medium,WHITE,ziyadnz/hourly-ipv4,ziyadnz|hourly,2026-08-17T18:48:05Z,2026-08-17T18:48:05Z,
58.47.120.155,ipv4,malicious-ip,medium,WHITE,ziyadnz/hourly-ipv4,ziyadnz|hourly,2026-08-17T18:48:05Z,2026-08-17T18:48:05Z,
58.47.120.210,ipv4,malicious-ip,medium,WHITE,ziyadnz/hourly-ipv4,ziyadnz|hourly,2026-08-17T18:48:05Z,2026-08-17T18:48:05Z,
58.47.120.225,ipv4,malicious-ip,medium,WHITE,ziyadnz/hourly-ipv4,ziyadnz|hourly,2026-08-17T18:48:05Z,2026-08-17T18:48:05Z,
58.47.120.253,ipv4,malicious-ip,medium,WHITE,ziyadnz/hourly-ipv4,ziyadnz|hourly,2026-08-17T18:48:05Z,2026-08-17T18:48:05Z,
58.47.120.49,ipv4,malicious-ip,medium,WHITE,ziyadnz/hourly-ipv4,ziyadnz|hourly,2026-08-17T18:48:05Z,2026-08-17T18:48:05Z,
58.47.120.7,ipv4,malicious-ip,medium,WHITE,ziyadnz/hourly-ipv4,ziyadnz|hourly,2026-08-17T18:48:05Z,2026-08-17T18:48:05Z,
58.47.121.1,ipv4,malicious-ip,medium,WHITE,ziyadnz/hourly-ipv4,ziyadnz|hourly,2026-08-17T18:48:05Z,2026-08-17T18:48:05Z,
58.47.121.231,ipv4,malicious-ip,medium,WHITE,ziyadnz/hourly-ipv4,ziyadnz|hourly,2026-08-17T18:48:05Z,2026-08-17T18:48:05Z,
58.47.122.36,ipv4,malicious-ip,medium,WHITE,ziyadnz/hourly-ipv4,ziyadnz|hourly,2026-08-17T18:48:05Z,2026-08-17T18:48:05Z,
58.47.122.6,ipv4,malicious-ip,medium,WHITE,ziyadnz/hourly-ipv4,ziyadnz|hourly,2026-08-17T18:48:05Z,2026-08-17T18:48:05Z,
58.47.122.74,ipv4,malicious-ip,medium,WHITE,ziyadnz/hourly-ipv4,ziyadnz|hourly,2026-08-17T18:48:05Z,2026-08-17T18:48:05Z,
58.47.123.36,ipv4,malicious-ip,medium,WHITE,ziyadnz/hourly-ipv4,ziyadnz|hourly,2026-08-17T18:48:05Z,2026-08-17T18:48:05Z,
58.47.137.190,ipv4,malicious-ip,medium,WHITE,ziyadnz/hourly-ipv4,ziyadnz|hourly,2026-08-17T18:48:05Z,2026-08-17T18:48:05Z,
58.47.17.94,ipv4,malicious-ip,medium,WHITE,ziyadnz/hourly-ipv4,ziyadnz|hourly,2026-08-17T18:48:05Z,2026-08-17T18:48:05Z,
58.47.18.30,ipv4,malicious-ip,medium,WHITE,ziyadnz/hourly-ipv4,ziyadnz|hourly,2026-08-17T18:48:05Z,2026-08-17T18:48:05Z,
58.47.64.33,ipv4,malicious-ip,medium,WHITE,ziyadnz/hourly-ipv4,ziyadnz|hourly,2026-08-17T18:48:05Z,2026-08-17T18:48:05Z,
58.47.65.49,ipv4,malicious-ip,medium,WHITE,ziyadnz/hourly-ipv4,ziyadnz|hourly,2026-08-17T18:48:05Z,2026-08-17T18:48:05Z,
58.47.67.20,ipv4,malicious-ip,medium,WHITE,ziyadnz/hourly-ipv4,ziyadnz|hourly,2026-08-17T18:48:05Z,2026-08-17T18:48:05Z,
58.48.105.14,ipv4,malicious-ip,medium,WHITE,ziyadnz/hourly-ipv4,ziyadnz|hourly,2026-08-17T18:48:05Z,2026-08-17T18:48:05Z,
58.48.105.240,ipv4,malicious-ip,medium,WHITE,ziyadnz/hourly-ipv4,ziyadnz|hourly,2026-08-17T18:48:05Z,2026-08-17T18:48:05Z,
58.48.105.244,ipv4,malicious-ip,medium,WHITE,ziyadnz/hourly-ipv4,ziyadnz|hourly,2026-08-17T18:48:05Z,2026-08-17T18:48:05Z,
58.48.134.147,ipv4,malicious-ip,medium,WHITE,ziyadnz/hourly-ipv4,ziyadnz|hourly,2026-08-17T18:48:05Z,2026-08-17T18:48:05Z,
58.48.170.235,ipv4,malicious-ip,medium,WHITE,ziyadnz/hourly-ipv4,ziyadnz|hourly,2026-08-17T18:48:05Z,2026-08-17T18:48:05Z,
58.48.55.50,ipv4,malicious-ip,medium,WHITE,ziyadnz/hourly-ipv4,ziyadnz|hourly,2026-08-17T18:48:05Z,2026-08-17T18:48:05Z,
58.49.207.250,ipv4,malicious-ip,medium,WHITE,ziyadnz/hourly-ipv4,ziyadnz|hourly,2026-08-17T18:48:05Z,2026-08-17T18:48:05Z,
58.49.21.113,ipv4,malicious-ip,medium,WHITE,ziyadnz/hourly-ipv4,ziyadnz|hourly,2026-08-17T18:48:05Z,2026-08-17T18:48:05Z,
58.49.26.202,ipv4,malicious-ip,medium,WHITE,ziyadnz/hourly-ipv4,ziyadnz|hourly,2026-08-17T18:48:05Z,2026-08-17T18:48:05Z,
58.50.134.155,ipv4,malicious-ip,medium,WHITE,ziyadnz/hourly-ipv4,ziyadnz|hourly,2026-08-17T18:48:05Z,2026-08-17T18:48:05Z,
58.50.155.134,ipv4,malicious-ip,medium,WHITE,ziyadnz/hourly-ipv4,ziyadnz|hourly,2026-08-17T18:48:05Z,2026-08-17T18:48:05Z,
58.50.16.229,ipv4,malicious-ip,medium,WHITE,ziyadnz/hourly-ipv4,ziyadnz|hourly,2026-08-17T18:48:05Z,2026-08-17T18:48:05Z,
58.50.162.25,ipv4,malicious-ip,medium,WHITE,ziyadnz/hourly-ipv4,ziyadnz|hourly,2026-08-17T18:48:05Z,2026-08-17T18:48:05Z,
58.50.162.57,ipv4,malicious-ip,medium,WHITE,ziyadnz/hourly-ipv4,ziyadnz|hourly,2026-08-17T18:48:05Z,2026-08-17T18:48:05Z,
58.50.164.2,ipv4,malicious-ip,medium,WHITE,ziyadnz/hourly-ipv4,ziyadnz|hourly,2026-08-17T18:48:05Z,2026-08-17T18:48:05Z,
58.50.167.150,ipv4,malicious-ip,medium,WHITE,ziyadnz/hourly-ipv4,ziyadnz|hourly,2026-08-17T18:48:05Z,2026-08-17T18:48:05Z,
58.50.17.164,ipv4,malicious-ip,medium,WHITE,ziyadnz/hourly-ipv4,ziyadnz|hourly,2026-08-17T18:48:05Z,2026-08-17T18:48:05Z,
58.50.175.123,ipv4,malicious-ip,medium,WHITE,ziyadnz/hourly-ipv4,ziyadnz|hourly,2026-08-17T18:48:05Z,2026-08-17T18:48:05Z,
58.50.175.83,ipv4,malicious-ip,medium,WHITE,ziyadnz/hourly-ipv4,ziyadnz|hourly,2026-08-17T18:48:05Z,2026-08-17T18:48:05Z,
58.50.192.127,ipv4,malicious-ip,medium,WHITE,ziyadnz/hourly-ipv4,ziyadnz|hourly,2026-08-17T18:48:05Z,2026-08-17T18:48:05Z,
58.50.192.31,ipv4,malicious-ip,medium,WHITE,ziyadnz/hourly-ipv4,ziyadnz|hourly,2026-08-17T18:48:05Z,2026-08-17T18:48:05Z,
58.50.193.111,ipv4,malicious-ip,medium,WHITE,ziyadnz/hourly-ipv4,ziyadnz|hourly,2026-08-17T18:48:05Z,2026-08-17T18:48:05Z,
58.50.195.236,ipv4,malicious-ip,medium,WHITE,ziyadnz/hourly-ipv4,ziyadnz|hourly,2026-08-17T18:48:05Z,2026-08-17T18:48:05Z,
58.50.197.164,ipv4,malicious-ip,medium,WHITE,ziyadnz/hourly-ipv4,ziyadnz|hourly,2026-08-17T18:48:05Z,2026-08-17T18:48:05Z,
58.50.199.83,ipv4,malicious-ip,medium,WHITE,ziyadnz/hourly-ipv4,ziyadnz|hourly,2026-08-17T18:48:05Z,2026-08-17T18:48:05Z,
58.50.201.133,ipv4,malicious-ip,medium,WHITE,ziyadnz/hourly-ipv4,ziyadnz|hourly,2026-08-17T18:48:05Z,2026-08-17T18:48:05Z,
58.50.201.43,ipv4,malicious-ip,medium,WHITE,ziyadnz/hourly-ipv4,ziyadnz|hourly,2026-08-17T18:48:05Z,2026-08-17T18:48:05Z,
58.50.203.222,ipv4,malicious-ip,medium,WHITE,ziyadnz/hourly-ipv4,ziyadnz|hourly,2026-08-17T18:48:05Z,2026-08-17T18:48:05Z,
58.50.204.178,ipv4,malicious-ip,medium,WHITE,ziyadnz/hourly-ipv4,ziyadnz|hourly,2026-08-17T18:48:05Z,2026-08-17T18:48:05Z,
58.50.206.117,ipv4,malicious-ip,medium,WHITE,ziyadnz/hourly-ipv4,ziyadnz|hourly,2026-08-17T18:48:05Z,2026-08-17T18:48:05Z,
58.50.44.250,ipv4,malicious-ip,medium,WHITE,ziyadnz/hourly-ipv4,ziyadnz|hourly,2026-08-17T18:48:05Z,2026-08-17T18:48:05Z,
58.50.45.125,ipv4,malicious-ip,medium,WHITE,ziyadnz/hourly-ipv4,ziyadnz|hourly,2026-08-17T18:48:05Z,2026-08-17T18:48:05Z,
58.51.241.4,ipv4,malicious-ip,medium,WHITE,ziyadnz/hourly-ipv4,ziyadnz|hourly,2026-08-17T18:48:05Z,2026-08-17T18:48:05Z,
58.52.101.9,ipv4,malicious-ip,medium,WHITE,ziyadnz/hourly-ipv4,ziyadnz|hourly,2026-08-17T18:48:05Z,2026-08-17T18:48:05Z,
58.52.104.181,ipv4,malicious-ip,medium,WHITE,ziyadnz/hourly-ipv4,ziyadnz|hourly,2026-08-17T18:48:05Z,2026-08-17T18:48:05Z,
58.52.106.241,ipv4,malicious-ip,medium,WHITE,ziyadnz/hourly-ipv4,ziyadnz|hourly,2026-08-17T18:48:05Z,2026-08-17T18:48:05Z,
58.52.108.113,ipv4,malicious-ip,medium,WHITE,ziyadnz/hourly-ipv4,ziyadnz|hourly,2026-08-17T18:48:05Z,2026-08-17T18:48:05Z,
58.52.109.175,ipv4,malicious-ip,medium,WHITE,ziyadnz/hourly-ipv4,ziyadnz|hourly,2026-08-17T18:48:05Z,2026-08-17T18:48:05Z,
58.52.111.204,ipv4,malicious-ip,medium,WHITE,ziyadnz/hourly-ipv4,ziyadnz|hourly,2026-08-17T18:48:05Z,2026-08-17T18:48:05Z,
58.52.111.6,ipv4,malicious-ip,medium,WHITE,ziyadnz/hourly-ipv4,ziyadnz|hourly,2026-08-17T18:48:05Z,2026-08-17T18:48:05Z,
58.52.80.194,ipv4,malicious-ip,medium,WHITE,ziyadnz/hourly-ipv4,ziyadnz|hourly,2026-08-17T18:48:05Z,2026-08-17T18:48:05Z,
58.52.81.160,ipv4,malicious-ip,medium,WHITE,ziyadnz/hourly-ipv4,ziyadnz|hourly,2026-08-17T18:48:05Z,2026-08-17T18:48:05Z,
58.52.83.33,ipv4,malicious-ip,medium,WHITE,ziyadnz/hourly-ipv4,ziyadnz|hourly,2026-08-17T18:48:05Z,2026-08-17T18:48:05Z,
58.52.85.152,ipv4,malicious-ip,medium,WHITE,ziyadnz/hourly-ipv4,ziyadnz|hourly,2026-08-17T18:48:05Z,2026-08-17T18:48:05Z,
58.52.99.44,ipv4,malicious-ip,medium,WHITE,ziyadnz/hourly-ipv4,ziyadnz|hourly,2026-08-17T18:48:05Z,2026-08-17T18:48:05Z,
58.54.142.216,ipv4,malicious-ip,medium,WHITE,ziyadnz/hourly-ipv4,ziyadnz|hourly,2026-08-17T18:48:05Z,2026-08-17T18:48:05Z,
58.54.212.76,ipv4,malicious-ip,medium,WHITE,ziyadnz/hourly-ipv4,ziyadnz|hourly,2026-08-17T18:48:05Z,2026-08-17T18:48:05Z,
58.54.213.9,ipv4,malicious-ip,medium,WHITE,ziyadnz/hourly-ipv4,ziyadnz|hourly,2026-08-17T18:48:05Z,2026-08-17T18:48:05Z,
58.54.214.204,ipv4,malicious-ip,medium,WHITE,ziyadnz/hourly-ipv4,ziyadnz|hourly,2026-08-17T18:48:05Z,2026-08-17T18:48:05Z,
58.54.215.6,ipv4,malicious-ip,medium,WHITE,ziyadnz/hourly-ipv4,ziyadnz|hourly,2026-08-17T18:48:05Z,2026-08-17T18:48:05Z,
58.54.34.173,ipv4,malicious-ip,medium,WHITE,ziyadnz/hourly-ipv4,ziyadnz|hourly,2026-08-17T18:48:05Z,2026-08-17T18:48:05Z,
58.54.34.30,ipv4,malicious-ip,medium,WHITE,ziyadnz/hourly-ipv4,ziyadnz|hourly,2026-08-17T18:48:05Z,2026-08-17T18:48:05Z,
58.54.34.71,ipv4,malicious-ip,medium,WHITE,ziyadnz/hourly-ipv4,ziyadnz|hourly,2026-08-17T18:48:05Z,2026-08-17T18:48:05Z,
58.54.34.77,ipv4,malicious-ip,medium,WHITE,ziyadnz/hourly-ipv4,ziyadnz|hourly,2026-08-17T18:48:05Z,2026-08-17T18:48:05Z,
58.54.52.11,ipv4,malicious-ip,medium,WHITE,ziyadnz/hourly-ipv4,ziyadnz|hourly,2026-08-17T18:48:05Z,2026-08-17T18:48:05Z,
58.54.52.185,ipv4,malicious-ip,medium,WHITE,ziyadnz/hourly-ipv4,ziyadnz|hourly,2026-08-17T18:48:05Z,2026-08-17T18:48:05Z,
58.54.52.242,ipv4,malicious-ip,medium,WHITE,ziyadnz/hourly-ipv4,ziyadnz|hourly,2026-08-17T18:48:05Z,2026-08-17T18:48:05Z,
58.55.192.42,ipv4,malicious-ip,medium,WHITE,ziyadnz/hourly-ipv4,ziyadnz|hourly,2026-08-17T18:48:05Z,2026-08-17T18:48:05Z,
58.56.198.42,ipv4,malicious-ip,medium,WHITE,ziyadnz/hourly-ipv4,ziyadnz|hourly,2026-08-17T18:48:05Z,2026-08-17T18:48:05Z,
58.56.200.238,ipv4,malicious-ip,medium,WHITE,ziyadnz/hourly-ipv4,ziyadnz|hourly,2026-08-17T18:48:05Z,2026-08-17T18:48:05Z,
58.56.204.118,ipv4,malicious-ip,medium,WHITE,ziyadnz/hourly-ipv4,ziyadnz|hourly,2026-08-17T18:48:05Z,2026-08-17T18:48:05Z,
58.56.217.242,ipv4,malicious-ip,medium,WHITE,ziyadnz/hourly-ipv4,ziyadnz|hourly,2026-08-17T18:48:05Z,2026-08-17T18:48:05Z,
58.56.232.142,ipv4,malicious-ip,medium,WHITE,ziyadnz/hourly-ipv4,ziyadnz|hourly,2026-08-17T18:48:05Z,2026-08-17T18:48:05Z,
58.56.246.46,ipv4,malicious-ip,medium,WHITE,ziyadnz/hourly-ipv4,ziyadnz|hourly,2026-08-17T18:48:05Z,2026-08-17T18:48:05Z,
58.56.252.246,ipv4,malicious-ip,medium,WHITE,ziyadnz/hourly-ipv4,ziyadnz|hourly,2026-08-17T18:48:05Z,2026-08-17T18:48:05Z,
58.57.119.17,ipv4,malicious-ip,medium,WHITE,ziyadnz/hourly-ipv4,ziyadnz|hourly,2026-08-17T18:48:05Z,2026-08-17T18:48:05Z,
58.57.53.53,ipv4,malicious-ip,medium,WHITE,ziyadnz/hourly-ipv4,ziyadnz|hourly,2026-08-17T18:48:05Z,2026-08-17T18:48:05Z,
58.57.75.154,ipv4,malicious-ip,medium,WHITE,ziyadnz/hourly-ipv4,ziyadnz|hourly,2026-08-17T18:48:05Z,2026-08-17T18:48:05Z,
58.58.122.14,ipv4,malicious-ip,medium,WHITE,ziyadnz/hourly-ipv4,ziyadnz|hourly,2026-08-17T18:48:05Z,2026-08-17T18:48:05Z,
58.58.126.246,ipv4,malicious-ip,medium,WHITE,ziyadnz/hourly-ipv4,ziyadnz|hourly,2026-08-17T18:48:05Z,2026-08-17T18:48:05Z,
58.58.38.30,ipv4,malicious-ip,medium,WHITE,ziyadnz/hourly-ipv4,ziyadnz|hourly,2026-08-17T18:48:05Z,2026-08-17T18:48:05Z,
58.58.54.218,ipv4,malicious-ip,medium,WHITE,ziyadnz/hourly-ipv4,ziyadnz|hourly,2026-08-17T18:48:05Z,2026-08-17T18:48:05Z,
58.58.57.226,ipv4,malicious-ip,medium,WHITE,ziyadnz/hourly-ipv4,ziyadnz|hourly,2026-08-17T18:48:05Z,2026-08-17T18:48:05Z,
58.59.118.182,ipv4,malicious-ip,medium,WHITE,ziyadnz/hourly-ipv4,ziyadnz|hourly,2026-08-17T18:48:05Z,2026-08-17T18:48:05Z,
58.59.233.128,ipv4,malicious-ip,medium,WHITE,ziyadnz/hourly-ipv4,ziyadnz|hourly,2026-08-17T18:48:05Z,2026-08-17T18:48:05Z,
58.59.233.129,ipv4,malicious-ip,medium,WHITE,ziyadnz/hourly-ipv4,ziyadnz|hourly,2026-08-17T18:48:05Z,2026-08-17T18:48:05Z,
58.59.233.131,ipv4,malicious-ip,medium,WHITE,ziyadnz/hourly-ipv4,ziyadnz|hourly,2026-08-17T18:48:05Z,2026-08-17T18:48:05Z,
58.59.233.139,ipv4,malicious-ip,medium,WHITE,ziyadnz/hourly-ipv4,ziyadnz|hourly,2026-08-17T18:48:05Z,2026-08-17T18:48:05Z,
58.59.233.140,ipv4,malicious-ip,medium,WHITE,ziyadnz/hourly-ipv4,ziyadnz|hourly,2026-08-17T18:48:05Z,2026-08-17T18:48:05Z,
58.59.233.143,ipv4,malicious-ip,medium,WHITE,ziyadnz/hourly-ipv4,ziyadnz|hourly,2026-08-17T18:48:05Z,2026-08-17T18:48:05Z,
58.59.233.147,ipv4,malicious-ip,medium,WHITE,ziyadnz/hourly-ipv4,ziyadnz|hourly,2026-08-17T18:48:05Z,2026-08-17T18:48:05Z,
58.59.233.148,ipv4,malicious-ip,medium,WHITE,ziyadnz/hourly-ipv4,ziyadnz|hourly,2026-08-17T18:48:05Z,2026-08-17T18:48:05Z,
58.59.233.155,ipv4,malicious-ip,medium,WHITE,ziyadnz/hourly-ipv4,ziyadnz|hourly,2026-08-17T18:48:05Z,2026-08-17T18:48:05Z,
58.59.233.160,ipv4,malicious-ip,medium,WHITE,ziyadnz/hourly-ipv4,ziyadnz|hourly,2026-08-17T18:48:05Z,2026-08-17T18:48:05Z,
58.59.233.164,ipv4,malicious-ip,medium,WHITE,ziyadnz/hourly-ipv4,ziyadnz|hourly,2026-08-17T18:48:05Z,2026-08-17T18:48:05Z,
58.59.233.165,ipv4,malicious-ip,medium,WHITE,ziyadnz/hourly-ipv4,ziyadnz|hourly,2026-08-17T18:48:05Z,2026-08-17T18:48:05Z,
58.59.233.167,ipv4,malicious-ip,medium,WHITE,ziyadnz/hourly-ipv4,ziyadnz|hourly,2026-08-17T18:48:05Z,2026-08-17T18:48:05Z,
58.59.233.172,ipv4,malicious-ip,medium,WHITE,ziyadnz/hourly-ipv4,ziyadnz|hourly,2026-08-17T18:48:05Z,2026-08-17T18:48:05Z,
58.59.233.174,ipv4,malicious-ip,medium,WHITE,ziyadnz/hourly-ipv4,ziyadnz|hourly,2026-08-17T18:48:05Z,2026-08-17T18:48:05Z,
58.59.233.176,ipv4,malicious-ip,medium,WHITE,ziyadnz/hourly-ipv4,ziyadnz|hourly,2026-08-17T18:48:05Z,2026-08-17T18:48:05Z,
58.59.233.177,ipv4,malicious-ip,medium,WHITE,ziyadnz/hourly-ipv4,ziyadnz|hourly,2026-08-17T18:48:05Z,2026-08-17T18:48:05Z,
58.59.233.183,ipv4,malicious-ip,medium,WHITE,ziyadnz/hourly-ipv4,ziyadnz|hourly,2026-08-17T18:48:05Z,2026-08-17T18:48:05Z,
58.59.233.190,ipv4,malicious-ip,medium,WHITE,ziyadnz/hourly-ipv4,ziyadnz|hourly,2026-08-17T18:48:05Z,2026-08-17T18:48:05Z,
58.59.233.191,ipv4,malicious-ip,medium,WHITE,ziyadnz/hourly-ipv4,ziyadnz|hourly,2026-08-17T18:48:05Z,2026-08-17T18:48:05Z,
58.6.206.239,ipv4,malicious-ip,medium,WHITE,ziyadnz/hourly-ipv4,ziyadnz|hourly,2026-08-17T18:48:05Z,2026-08-17T18:48:05Z,
58.64.193.166,ipv4,malicious-ip,medium,WHITE,ziyadnz/hourly-ipv4,ziyadnz|hourly,2026-08-17T18:48:05Z,2026-08-17T18:48:05Z,
58.65.135.98,ipv4,malicious-ip,medium,WHITE,ziyadnz/hourly-ipv4,ziyadnz|hourly,2026-08-17T18:48:05Z,2026-08-17T18:48:05Z,
58.65.160.197,ipv4,malicious-ip,medium,WHITE,ziyadnz/hourly-ipv4,ziyadnz|hourly,2026-08-17T18:48:05Z,2026-08-17T18:48:05Z,
58.65.195.214,ipv4,malicious-ip,medium,WHITE,ziyadnz/hourly-ipv4,ziyadnz|hourly,2026-08-17T18:48:05Z,2026-08-17T18:48:05Z,
58.65.201.45,ipv4,malicious-ip,medium,WHITE,ziyadnz/hourly-ipv4,ziyadnz|hourly,2026-08-17T18:48:05Z,2026-08-17T18:48:05Z,
58.65.90.154,ipv4,malicious-ip,medium,WHITE,ziyadnz/hourly-ipv4,ziyadnz|hourly,2026-08-17T18:48:05Z,2026-08-17T18:48:05Z,
58.69.112.110,ipv4,malicious-ip,medium,WHITE,ziyadnz/hourly-ipv4,ziyadnz|hourly,2026-08-17T18:48:05Z,2026-08-17T18:48:05Z,
58.69.115.115,ipv4,malicious-ip,medium,WHITE,ziyadnz/hourly-ipv4,ziyadnz|hourly,2026-08-17T18:48:05Z,2026-08-17T18:48:05Z,
58.69.117.24,ipv4,malicious-ip,medium,WHITE,ziyadnz/hourly-ipv4,ziyadnz|hourly,2026-08-17T18:48:05Z,2026-08-17T18:48:05Z,
58.69.155.185,ipv4,malicious-ip,medium,WHITE,ziyadnz/hourly-ipv4,ziyadnz|hourly,2026-08-17T18:48:05Z,2026-08-17T18:48:05Z,
58.69.161.48,ipv4,malicious-ip,medium,WHITE,ziyadnz/hourly-ipv4,ziyadnz|hourly,2026-08-17T18:48:05Z,2026-08-17T18:48:05Z,
58.69.209.164,ipv4,malicious-ip,medium,WHITE,ziyadnz/hourly-ipv4,ziyadnz|hourly,2026-08-17T18:48:05Z,2026-08-17T18:48:05Z,
58.69.38.83,ipv4,malicious-ip,medium,WHITE,ziyadnz/hourly-ipv4,ziyadnz|hourly,2026-08-17T18:48:05Z,2026-08-17T18:48:05Z,
58.69.4.30,ipv4,malicious-ip,medium,WHITE,ziyadnz/hourly-ipv4,ziyadnz|hourly,2026-08-17T18:48:05Z,2026-08-17T18:48:05Z,
58.69.68.94,ipv4,malicious-ip,medium,WHITE,ziyadnz/hourly-ipv4,ziyadnz|hourly,2026-08-17T18:48:05Z,2026-08-17T18:48:05Z,
58.72.124.213,ipv4,malicious-ip,medium,WHITE,ziyadnz/hourly-ipv4,ziyadnz|hourly,2026-08-17T18:48:05Z,2026-08-17T18:48:05Z,
58.72.212.171,ipv4,malicious-ip,medium,WHITE,ziyadnz/hourly-ipv4,ziyadnz|hourly,2026-08-17T18:48:05Z,2026-08-17T18:48:05Z,
58.8.153.58,ipv4,malicious-ip,medium,WHITE,ziyadnz/hourly-ipv4,ziyadnz|hourly,2026-08-17T18:48:05Z,2026-08-17T18:48:05Z,
58.8.209.99,ipv4,malicious-ip,medium,WHITE,ziyadnz/hourly-ipv4,ziyadnz|hourly,2026-08-17T18:48:05Z,2026-08-17T18:48:05Z,
58.90.123.236,ipv4,malicious-ip,medium,WHITE,ziyadnz/hourly-ipv4,ziyadnz|hourly,2026-08-17T18:48:05Z,2026-08-17T18:48:05Z,
58.96.219.108,ipv4,malicious-ip,medium,WHITE,ziyadnz/hourly-ipv4,ziyadnz|hourly,2026-08-17T18:48:05Z,2026-08-17T18:48:05Z,
58.97.171.115,ipv4,malicious-ip,medium,WHITE,ziyadnz/hourly-ipv4,ziyadnz|hourly,2026-08-17T18:48:05Z,2026-08-17T18:48:05Z,
58.97.187.118,ipv4,malicious-ip,medium,WHITE,ziyadnz/hourly-ipv4,ziyadnz|hourly,2026-08-17T18:48:05Z,2026-08-17T18:48:05Z,
58.97.230.115,ipv4,malicious-ip,medium,WHITE,ziyadnz/hourly-ipv4,ziyadnz|hourly,2026-08-17T18:48:05Z,2026-08-17T18:48:05Z,
58.98.197.137,ipv4,malicious-ip,medium,WHITE,ziyadnz/hourly-ipv4,ziyadnz|hourly,2026-08-17T18:48:05Z,2026-08-17T18:48:05Z,
58.98.254.14,ipv4,malicious-ip,medium,WHITE,ziyadnz/hourly-ipv4,ziyadnz|hourly,2026-08-17T18:48:05Z,2026-08-17T18:48:05Z,
59.103.100.137,ipv4,malicious-ip,medium,WHITE,ziyadnz/hourly-ipv4,ziyadnz|hourly,2026-08-17T18:48:05Z,2026-08-17T18:48:05Z,
59.103.100.140,ipv4,malicious-ip,medium,WHITE,ziyadnz/hourly-ipv4,ziyadnz|hourly,2026-08-17T18:48:05Z,2026-08-17T18:48:05Z,
59.103.100.84,ipv4,malicious-ip,medium,WHITE,ziyadnz/hourly-ipv4,ziyadnz|hourly,2026-08-17T18:48:05Z,2026-08-17T18:48:05Z,
59.103.102.125,ipv4,malicious-ip,medium,WHITE,ziyadnz/hourly-ipv4,ziyadnz|hourly,2026-08-17T18:48:05Z,2026-08-17T18:48:05Z,
59.103.102.27,ipv4,malicious-ip,medium,WHITE,ziyadnz/hourly-ipv4,ziyadnz|hourly,2026-08-17T18:48:05Z,2026-08-17T18:48:05Z,
59.103.104.100,ipv4,malicious-ip,medium,WHITE,ziyadnz/hourly-ipv4,ziyadnz|hourly,2026-08-17T18:48:05Z,2026-08-17T18:48:05Z,
59.103.104.110,ipv4,malicious-ip,medium,WHITE,ziyadnz/hourly-ipv4,ziyadnz|hourly,2026-08-17T18:48:05Z,2026-08-17T18:48:05Z,
59.103.104.117,ipv4,malicious-ip,medium,WHITE,ziyadnz/hourly-ipv4,ziyadnz|hourly,2026-08-17T18:48:05Z,2026-08-17T18:48:05Z,
59.103.104.119,ipv4,malicious-ip,medium,WHITE,ziyadnz/hourly-ipv4,ziyadnz|hourly,2026-08-17T18:48:05Z,2026-08-17T18:48:05Z,
59.103.104.66,ipv4,malicious-ip,medium,WHITE,ziyadnz/hourly-ipv4,ziyadnz|hourly,2026-08-17T18:48:05Z,2026-08-17T18:48:05Z,
59.103.106.142,ipv4,malicious-ip,medium,WHITE,ziyadnz/hourly-ipv4,ziyadnz|hourly,2026-08-17T18:48:05Z,2026-08-17T18:48:05Z,
59.103.108.178,ipv4,malicious-ip,medium,WHITE,ziyadnz/hourly-ipv4,ziyadnz|hourly,2026-08-17T18:48:05Z,2026-08-17T18:48:05Z,
59.103.108.210,ipv4,malicious-ip,medium,WHITE,ziyadnz/hourly-ipv4,ziyadnz|hourly,2026-08-17T18:48:05Z,2026-08-17T18:48:05Z,
59.103.111.161,ipv4,malicious-ip,medium,WHITE,ziyadnz/hourly-ipv4,ziyadnz|hourly,2026-08-17T18:48:05Z,2026-08-17T18:48:05Z,
59.103.119.109,ipv4,malicious-ip,medium,WHITE,ziyadnz/hourly-ipv4,ziyadnz|hourly,2026-08-17T18:48:05Z,2026-08-17T18:48:05Z,
59.103.119.128,ipv4,malicious-ip,medium,WHITE,ziyadnz/hourly-ipv4,ziyadnz|hourly,2026-08-17T18:48:05Z,2026-08-17T18:48:05Z,
59.103.132.20,ipv4,malicious-ip,medium,WHITE,ziyadnz/hourly-ipv4,ziyadnz|hourly,2026-08-17T18:48:05Z,2026-08-17T18:48:05Z,
59.103.217.141,ipv4,malicious-ip,medium,WHITE,ziyadnz/hourly-ipv4,ziyadnz|hourly,2026-08-17T18:48:05Z,2026-08-17T18:48:05Z,
59.103.217.68,ipv4,malicious-ip,medium,WHITE,ziyadnz/hourly-ipv4,ziyadnz|hourly,2026-08-17T18:48:05Z,2026-08-17T18:48:05Z,
59.103.218.35,ipv4,malicious-ip,medium,WHITE,ziyadnz/hourly-ipv4,ziyadnz|hourly,2026-08-17T18:48:05Z,2026-08-17T18:48:05Z,
59.103.242.139,ipv4,malicious-ip,medium,WHITE,ziyadnz/hourly-ipv4,ziyadnz|hourly,2026-08-17T18:48:05Z,2026-08-17T18:48:05Z,
59.103.46.35,ipv4,malicious-ip,medium,WHITE,ziyadnz/hourly-ipv4,ziyadnz|hourly,2026-08-17T18:48:05Z,2026-08-17T18:48:05Z,
59.103.97.117,ipv4,malicious-ip,medium,WHITE,ziyadnz/hourly-ipv4,ziyadnz|hourly,2026-08-17T18:48:05Z,2026-08-17T18:48:05Z,
59.103.97.122,ipv4,malicious-ip,medium,WHITE,ziyadnz/hourly-ipv4,ziyadnz|hourly,2026-08-17T18:48:05Z,2026-08-17T18:48:05Z,
59.103.97.14,ipv4,malicious-ip,medium,WHITE,ziyadnz/hourly-ipv4,ziyadnz|hourly,2026-08-17T18:48:05Z,2026-08-17T18:48:05Z,
59.103.97.172,ipv4,malicious-ip,medium,WHITE,ziyadnz/hourly-ipv4,ziyadnz|hourly,2026-08-17T18:48:05Z,2026-08-17T18:48:05Z,
59.11.202.38,ipv4,malicious-ip,medium,WHITE,ziyadnz/hourly-ipv4,ziyadnz|hourly,2026-08-17T18:48:05Z,2026-08-17T18:48:05Z,
59.11.42.221,ipv4,malicious-ip,medium,WHITE,ziyadnz/hourly-ipv4,ziyadnz|hourly,2026-08-17T18:48:05Z,2026-08-17T18:48:05Z,
59.110.1.12,ipv4,malicious-ip,medium,WHITE,ziyadnz/hourly-ipv4,ziyadnz|hourly,2026-08-17T18:48:05Z,2026-08-17T18:48:05Z,
59.110.228.107,ipv4,malicious-ip,medium,WHITE,ziyadnz/hourly-ipv4,ziyadnz|hourly,2026-08-17T18:48:05Z,2026-08-17T18:48:05Z,
59.110.63.144,ipv4,malicious-ip,medium,WHITE,ziyadnz/hourly-ipv4,ziyadnz|hourly,2026-08-17T18:48:05Z,2026-08-17T18:48:05Z,
59.110.9.189,ipv4,malicious-ip,medium,WHITE,ziyadnz/hourly-ipv4,ziyadnz|hourly,2026-08-17T18:48:05Z,2026-08-17T18:48:05Z,
59.12.63.70,ipv4,malicious-ip,medium,WHITE,ziyadnz/hourly-ipv4,ziyadnz|hourly,2026-08-17T18:48:05Z,2026-08-17T18:48:05Z,
59.120.105.175,ipv4,malicious-ip,medium,WHITE,ziyadnz/hourly-ipv4,ziyadnz|hourly,2026-08-17T18:48:05Z,2026-08-17T18:48:05Z,
59.120.32.214,ipv4,malicious-ip,medium,WHITE,ziyadnz/hourly-ipv4,ziyadnz|hourly,2026-08-17T18:48:05Z,2026-08-17T18:48:05Z,
59.120.8.61,ipv4,malicious-ip,medium,WHITE,ziyadnz/hourly-ipv4,ziyadnz|hourly,2026-08-17T18:48:05Z,2026-08-17T18:48:05Z,
59.124.201.121,ipv4,malicious-ip,medium,WHITE,ziyadnz/hourly-ipv4,ziyadnz|hourly,2026-08-17T18:48:05Z,2026-08-17T18:48:05Z,
59.125.213.161,ipv4,malicious-ip,medium,WHITE,ziyadnz/hourly-ipv4,ziyadnz|hourly,2026-08-17T18:48:05Z,2026-08-17T18:48:05Z,
59.125.215.95,ipv4,malicious-ip,medium,WHITE,ziyadnz/hourly-ipv4,ziyadnz|hourly,2026-08-17T18:48:05Z,2026-08-17T18:48:05Z,
59.125.30.220,ipv4,malicious-ip,medium,WHITE,ziyadnz/hourly-ipv4,ziyadnz|hourly,2026-08-17T18:48:05Z,2026-08-17T18:48:05Z,
59.125.31.162,ipv4,malicious-ip,medium,WHITE,ziyadnz/hourly-ipv4,ziyadnz|hourly,2026-08-17T18:48:05Z,2026-08-17T18:48:05Z,
59.125.55.30,ipv4,malicious-ip,medium,WHITE,ziyadnz/hourly-ipv4,ziyadnz|hourly,2026-08-17T18:48:05Z,2026-08-17T18:48:05Z,
59.125.88.41,ipv4,malicious-ip,medium,WHITE,ziyadnz/hourly-ipv4,ziyadnz|hourly,2026-08-17T18:48:05Z,2026-08-17T18:48:05Z,
59.126.0.81,ipv4,malicious-ip,medium,WHITE,ziyadnz/hourly-ipv4,ziyadnz|hourly,2026-08-17T18:48:05Z,2026-08-17T18:48:05Z,
59.126.111.57,ipv4,malicious-ip,medium,WHITE,ziyadnz/hourly-ipv4,ziyadnz|hourly,2026-08-17T18:48:05Z,2026-08-17T18:48:05Z,
59.126.116.85,ipv4,malicious-ip,medium,WHITE,ziyadnz/hourly-ipv4,ziyadnz|hourly,2026-08-17T18:48:05Z,2026-08-17T18:48:05Z,
59.126.117.198,ipv4,malicious-ip,medium,WHITE,ziyadnz/hourly-ipv4,ziyadnz|hourly,2026-08-17T18:48:05Z,2026-08-17T18:48:05Z,
59.126.12.41,ipv4,malicious-ip,medium,WHITE,ziyadnz/hourly-ipv4,ziyadnz|hourly,2026-08-17T18:48:05Z,2026-08-17T18:48:05Z,
59.126.123.132,ipv4,malicious-ip,medium,WHITE,ziyadnz/hourly-ipv4,ziyadnz|hourly,2026-08-17T18:48:05Z,2026-08-17T18:48:05Z,
59.126.127.117,ipv4,malicious-ip,medium,WHITE,ziyadnz/hourly-ipv4,ziyadnz|hourly,2026-08-17T18:48:05Z,2026-08-17T18:48:05Z,
59.126.128.240,ipv4,malicious-ip,medium,WHITE,ziyadnz/hourly-ipv4,ziyadnz|hourly,2026-08-17T18:48:05Z,2026-08-17T18:48:05Z,
59.126.136.131,ipv4,malicious-ip,medium,WHITE,ziyadnz/hourly-ipv4,ziyadnz|hourly,2026-08-17T18:48:05Z,2026-08-17T18:48:05Z,
59.126.136.195,ipv4,malicious-ip,medium,WHITE,ziyadnz/hourly-ipv4,ziyadnz|hourly,2026-08-17T18:48:05Z,2026-08-17T18:48:05Z,
59.126.158.67,ipv4,malicious-ip,medium,WHITE,ziyadnz/hourly-ipv4,ziyadnz|hourly,2026-08-17T18:48:05Z,2026-08-17T18:48:05Z,
59.126.158.71,ipv4,malicious-ip,medium,WHITE,ziyadnz/hourly-ipv4,ziyadnz|hourly,2026-08-17T18:48:05Z,2026-08-17T18:48:05Z,
59.126.16.66,ipv4,malicious-ip,medium,WHITE,ziyadnz/hourly-ipv4,ziyadnz|hourly,2026-08-17T18:48:05Z,2026-08-17T18:48:05Z,
59.126.160.54,ipv4,malicious-ip,medium,WHITE,ziyadnz/hourly-ipv4,ziyadnz|hourly,2026-08-17T18:48:05Z,2026-08-17T18:48:05Z,
59.126.162.24,ipv4,malicious-ip,medium,WHITE,ziyadnz/hourly-ipv4,ziyadnz|hourly,2026-08-17T18:48:05Z,2026-08-17T18:48:05Z,
59.126.163.216,ipv4,malicious-ip,medium,WHITE,ziyadnz/hourly-ipv4,ziyadnz|hourly,2026-08-17T18:48:05Z,2026-08-17T18:48:05Z,
59.126.174.128,ipv4,malicious-ip,medium,WHITE,ziyadnz/hourly-ipv4,ziyadnz|hourly,2026-08-17T18:48:05Z,2026-08-17T18:48:05Z,
59.126.175.117,ipv4,malicious-ip,medium,WHITE,ziyadnz/hourly-ipv4,ziyadnz|hourly,2026-08-17T18:48:05Z,2026-08-17T18:48:05Z,
59.126.175.8,ipv4,malicious-ip,medium,WHITE,ziyadnz/hourly-ipv4,ziyadnz|hourly,2026-08-17T18:48:05Z,2026-08-17T18:48:05Z,
59.126.182.25,ipv4,malicious-ip,medium,WHITE,ziyadnz/hourly-ipv4,ziyadnz|hourly,2026-08-17T18:48:05Z,2026-08-17T18:48:05Z,
59.126.194.111,ipv4,malicious-ip,medium,WHITE,ziyadnz/hourly-ipv4,ziyadnz|hourly,2026-08-17T18:48:05Z,2026-08-17T18:48:05Z,
59.126.203.247,ipv4,malicious-ip,medium,WHITE,ziyadnz/hourly-ipv4,ziyadnz|hourly,2026-08-17T18:48:05Z,2026-08-17T18:48:05Z,
59.126.205.77,ipv4,malicious-ip,medium,WHITE,ziyadnz/hourly-ipv4,ziyadnz|hourly,2026-08-17T18:48:05Z,2026-08-17T18:48:05Z,
59.126.207.12,ipv4,malicious-ip,medium,WHITE,ziyadnz/hourly-ipv4,ziyadnz|hourly,2026-08-17T18:48:05Z,2026-08-17T18:48:05Z,
59.126.208.16,ipv4,malicious-ip,medium,WHITE,ziyadnz/hourly-ipv4,ziyadnz|hourly,2026-08-17T18:48:05Z,2026-08-17T18:48:05Z,
59.126.224.134,ipv4,malicious-ip,medium,WHITE,ziyadnz/hourly-ipv4,ziyadnz|hourly,2026-08-17T18:48:05Z,2026-08-17T18:48:05Z,
59.126.233.87,ipv4,malicious-ip,medium,WHITE,ziyadnz/hourly-ipv4,ziyadnz|hourly,2026-08-17T18:48:05Z,2026-08-17T18:48:05Z,
59.126.237.20,ipv4,malicious-ip,medium,WHITE,ziyadnz/hourly-ipv4,ziyadnz|hourly,2026-08-17T18:48:05Z,2026-08-17T18:48:05Z,
59.126.237.81,ipv4,malicious-ip,medium,WHITE,ziyadnz/hourly-ipv4,ziyadnz|hourly,2026-08-17T18:48:05Z,2026-08-17T18:48:05Z,
59.126.239.98,ipv4,malicious-ip,medium,WHITE,ziyadnz/hourly-ipv4,ziyadnz|hourly,2026-08-17T18:48:05Z,2026-08-17T18:48:05Z,
59.126.24.235,ipv4,malicious-ip,medium,WHITE,ziyadnz/hourly-ipv4,ziyadnz|hourly,2026-08-17T18:48:05Z,2026-08-17T18:48:05Z,
59.126.243.94,ipv4,malicious-ip,medium,WHITE,ziyadnz/hourly-ipv4,ziyadnz|hourly,2026-08-17T18:48:05Z,2026-08-17T18:48:05Z,
59.126.247.201,ipv4,malicious-ip,medium,WHITE,ziyadnz/hourly-ipv4,ziyadnz|hourly,2026-08-17T18:48:05Z,2026-08-17T18:48:05Z,
59.126.252.210,ipv4,malicious-ip,medium,WHITE,ziyadnz/hourly-ipv4,ziyadnz|hourly,2026-08-17T18:48:05Z,2026-08-17T18:48:05Z,
59.126.254.42,ipv4,malicious-ip,medium,WHITE,ziyadnz/hourly-ipv4,ziyadnz|hourly,2026-08-17T18:48:05Z,2026-08-17T18:48:05Z,
59.126.39.217,ipv4,malicious-ip,medium,WHITE,ziyadnz/hourly-ipv4,ziyadnz|hourly,2026-08-17T18:48:05Z,2026-08-17T18:48:05Z,
59.126.46.246,ipv4,malicious-ip,medium,WHITE,ziyadnz/hourly-ipv4,ziyadnz|hourly,2026-08-17T18:48:05Z,2026-08-17T18:48:05Z,
59.126.47.168,ipv4,malicious-ip,medium,WHITE,ziyadnz/hourly-ipv4,ziyadnz|hourly,2026-08-17T18:48:05Z,2026-08-17T18:48:05Z,
59.126.47.187,ipv4,malicious-ip,medium,WHITE,ziyadnz/hourly-ipv4,ziyadnz|hourly,2026-08-17T18:48:05Z,2026-08-17T18:48:05Z,
59.126.68.188,ipv4,malicious-ip,medium,WHITE,ziyadnz/hourly-ipv4,ziyadnz|hourly,2026-08-17T18:48:05Z,2026-08-17T18:48:05Z,
59.126.68.46,ipv4,malicious-ip,medium,WHITE,ziyadnz/hourly-ipv4,ziyadnz|hourly,2026-08-17T18:48:05Z,2026-08-17T18:48:05Z,
59.126.69.203,ipv4,malicious-ip,medium,WHITE,ziyadnz/hourly-ipv4,ziyadnz|hourly,2026-08-17T18:48:05Z,2026-08-17T18:48:05Z,
59.126.76.251,ipv4,malicious-ip,medium,WHITE,ziyadnz/hourly-ipv4,ziyadnz|hourly,2026-08-17T18:48:05Z,2026-08-17T18:48:05Z,
59.126.78.50,ipv4,malicious-ip,medium,WHITE,ziyadnz/hourly-ipv4,ziyadnz|hourly,2026-08-17T18:48:05Z,2026-08-17T18:48:05Z,
59.127.130.3,ipv4,malicious-ip,medium,WHITE,ziyadnz/hourly-ipv4,ziyadnz|hourly,2026-08-17T18:48:05Z,2026-08-17T18:48:05Z,
59.127.140.23,ipv4,malicious-ip,medium,WHITE,ziyadnz/hourly-ipv4,ziyadnz|hourly,2026-08-17T18:48:05Z,2026-08-17T18:48:05Z,
59.127.141.219,ipv4,malicious-ip,medium,WHITE,ziyadnz/hourly-ipv4,ziyadnz|hourly,2026-08-17T18:48:05Z,2026-08-17T18:48:05Z,
59.127.153.235,ipv4,malicious-ip,medium,WHITE,ziyadnz/hourly-ipv4,ziyadnz|hourly,2026-08-17T18:48:05Z,2026-08-17T18:48:05Z,
59.127.153.74,ipv4,malicious-ip,medium,WHITE,ziyadnz/hourly-ipv4,ziyadnz|hourly,2026-08-17T18:48:05Z,2026-08-17T18:48:05Z,
59.127.203.57,ipv4,malicious-ip,medium,WHITE,ziyadnz/hourly-ipv4,ziyadnz|hourly,2026-08-17T18:48:05Z,2026-08-17T18:48:05Z,
59.127.229.33,ipv4,malicious-ip,medium,WHITE,ziyadnz/hourly-ipv4,ziyadnz|hourly,2026-08-17T18:48:05Z,2026-08-17T18:48:05Z,
59.127.237.110,ipv4,malicious-ip,medium,WHITE,ziyadnz/hourly-ipv4,ziyadnz|hourly,2026-08-17T18:48:05Z,2026-08-17T18:48:05Z,
59.127.243.6,ipv4,malicious-ip,medium,WHITE,ziyadnz/hourly-ipv4,ziyadnz|hourly,2026-08-17T18:48:05Z,2026-08-17T18:48:05Z,
59.127.68.250,ipv4,malicious-ip,medium,WHITE,ziyadnz/hourly-ipv4,ziyadnz|hourly,2026-08-17T18:48:05Z,2026-08-17T18:48:05Z,
59.127.80.34,ipv4,malicious-ip,medium,WHITE,ziyadnz/hourly-ipv4,ziyadnz|hourly,2026-08-17T18:48:05Z,2026-08-17T18:48:05Z,
59.127.84.223,ipv4,malicious-ip,medium,WHITE,ziyadnz/hourly-ipv4,ziyadnz|hourly,2026-08-17T18:48:05Z,2026-08-17T18:48:05Z,
59.127.93.169,ipv4,malicious-ip,medium,WHITE,ziyadnz/hourly-ipv4,ziyadnz|hourly,2026-08-17T18:48:05Z,2026-08-17T18:48:05Z,
59.132.146.159,ipv4,malicious-ip,medium,WHITE,ziyadnz/hourly-ipv4,ziyadnz|hourly,2026-08-17T18:48:05Z,2026-08-17T18:48:05Z,
59.14.162.10,ipv4,malicious-ip,medium,WHITE,ziyadnz/hourly-ipv4,ziyadnz|hourly,2026-08-17T18:48:05Z,2026-08-17T18:48:05Z,
59.14.170.169,ipv4,malicious-ip,medium,WHITE,ziyadnz/hourly-ipv4,ziyadnz|hourly,2026-08-17T18:48:05Z,2026-08-17T18:48:05Z,
59.14.184.86,ipv4,malicious-ip,medium,WHITE,ziyadnz/hourly-ipv4,ziyadnz|hourly,2026-08-17T18:48:05Z,2026-08-17T18:48:05Z,
59.144.126.227,ipv4,malicious-ip,medium,WHITE,ziyadnz/hourly-ipv4,ziyadnz|hourly,2026-08-17T18:48:05Z,2026-08-17T18:48:05Z,
59.144.173.119,ipv4,malicious-ip,medium,WHITE,ziyadnz/hourly-ipv4,ziyadnz|hourly,2026-08-17T18:48:05Z,2026-08-17T18:48:05Z,
59.144.224.38,ipv4,malicious-ip,medium,WHITE,ziyadnz/hourly-ipv4,ziyadnz|hourly,2026-08-17T18:48:05Z,2026-08-17T18:48:05Z,
59.144.228.132,ipv4,malicious-ip,medium,WHITE,ziyadnz/hourly-ipv4,ziyadnz|hourly,2026-08-17T18:48:05Z,2026-08-17T18:48:05Z,
59.144.79.102,ipv4,malicious-ip,medium,WHITE,ziyadnz/hourly-ipv4,ziyadnz|hourly,2026-08-17T18:48:05Z,2026-08-17T18:48:05Z,
59.145.150.76,ipv4,malicious-ip,medium,WHITE,ziyadnz/hourly-ipv4,ziyadnz|hourly,2026-08-17T18:48:05Z,2026-08-17T18:48:05Z,
59.145.170.227,ipv4,malicious-ip,medium,WHITE,ziyadnz/hourly-ipv4,ziyadnz|hourly,2026-08-17T18:48:05Z,2026-08-17T18:48:05Z,
59.145.209.90,ipv4,malicious-ip,medium,WHITE,ziyadnz/hourly-ipv4,ziyadnz|hourly,2026-08-17T18:48:05Z,2026-08-17T18:48:05Z,
59.148.233.250,ipv4,malicious-ip,medium,WHITE,ziyadnz/hourly-ipv4,ziyadnz|hourly,2026-08-17T18:48:05Z,2026-08-17T18:48:05Z,
59.149.239.94,ipv4,malicious-ip,medium,WHITE,ziyadnz/hourly-ipv4,ziyadnz|hourly,2026-08-17T18:48:05Z,2026-08-17T18:48:05Z,
59.151.197.93,ipv4,malicious-ip,medium,WHITE,ziyadnz/hourly-ipv4,ziyadnz|hourly,2026-08-17T18:48:05Z,2026-08-17T18:48:05Z,
59.152.168.184,ipv4,malicious-ip,medium,WHITE,ziyadnz/hourly-ipv4,ziyadnz|hourly,2026-08-17T18:48:05Z,2026-08-17T18:48:05Z,
59.152.97.173,ipv4,malicious-ip,medium,WHITE,ziyadnz/hourly-ipv4,ziyadnz|hourly,2026-08-17T18:48:05Z,2026-08-17T18:48:05Z,
59.153.113.148,ipv4,malicious-ip,medium,WHITE,ziyadnz/hourly-ipv4,ziyadnz|hourly,2026-08-17T18:48:05Z,2026-08-17T18:48:05Z,
59.153.115.142,ipv4,malicious-ip,medium,WHITE,ziyadnz/hourly-ipv4,ziyadnz|hourly,2026-08-17T18:48:05Z,2026-08-17T18:48:05Z,
59.153.216.210,ipv4,malicious-ip,medium,WHITE,ziyadnz/hourly-ipv4,ziyadnz|hourly,2026-08-17T18:48:05Z,2026-08-17T18:48:05Z,
59.16.212.232,ipv4,malicious-ip,medium,WHITE,ziyadnz/hourly-ipv4,ziyadnz|hourly,2026-08-17T18:48:05Z,2026-08-17T18:48:05Z,
59.17.95.129,ipv4,malicious-ip,medium,WHITE,ziyadnz/hourly-ipv4,ziyadnz|hourly,2026-08-17T18:48:05Z,2026-08-17T18:48:05Z,
59.172.136.195,ipv4,malicious-ip,medium,WHITE,ziyadnz/hourly-ipv4,ziyadnz|hourly,2026-08-17T18:48:05Z,2026-08-17T18:48:05Z,
59.172.241.93,ipv4,malicious-ip,medium,WHITE,ziyadnz/hourly-ipv4,ziyadnz|hourly,2026-08-17T18:48:05Z,2026-08-17T18:48:05Z,
59.172.88.91,ipv4,malicious-ip,medium,WHITE,ziyadnz/hourly-ipv4,ziyadnz|hourly,2026-08-17T18:48:05Z,2026-08-17T18:48:05Z,
59.173.120.125,ipv4,malicious-ip,medium,WHITE,ziyadnz/hourly-ipv4,ziyadnz|hourly,2026-08-17T18:48:05Z,2026-08-17T18:48:05Z,
59.173.120.216,ipv4,malicious-ip,medium,WHITE,ziyadnz/hourly-ipv4,ziyadnz|hourly,2026-08-17T18:48:05Z,2026-08-17T18:48:05Z,
59.173.122.50,ipv4,malicious-ip,medium,WHITE,ziyadnz/hourly-ipv4,ziyadnz|hourly,2026-08-17T18:48:05Z,2026-08-17T18:48:05Z,
59.173.123.98,ipv4,malicious-ip,medium,WHITE,ziyadnz/hourly-ipv4,ziyadnz|hourly,2026-08-17T18:48:05Z,2026-08-17T18:48:05Z,
59.174.116.52,ipv4,malicious-ip,medium,WHITE,ziyadnz/hourly-ipv4,ziyadnz|hourly,2026-08-17T18:48:05Z,2026-08-17T18:48:05Z,
59.174.118.151,ipv4,malicious-ip,medium,WHITE,ziyadnz/hourly-ipv4,ziyadnz|hourly,2026-08-17T18:48:05Z,2026-08-17T18:48:05Z,
59.174.251.208,ipv4,malicious-ip,medium,WHITE,ziyadnz/hourly-ipv4,ziyadnz|hourly,2026-08-17T18:48:05Z,2026-08-17T18:48:05Z,
59.177.12.53,ipv4,malicious-ip,medium,WHITE,ziyadnz/hourly-ipv4,ziyadnz|hourly,2026-08-17T18:48:05Z,2026-08-17T18:48:05Z,
59.178.148.91,ipv4,malicious-ip,medium,WHITE,ziyadnz/hourly-ipv4,ziyadnz|hourly,2026-08-17T18:48:05Z,2026-08-17T18:48:05Z,
59.178.168.196,ipv4,malicious-ip,medium,WHITE,ziyadnz/hourly-ipv4,ziyadnz|hourly,2026-08-17T18:48:05Z,2026-08-17T18:48:05Z,
59.178.248.33,ipv4,malicious-ip,medium,WHITE,ziyadnz/hourly-ipv4,ziyadnz|hourly,2026-08-17T18:48:05Z,2026-08-17T18:48:05Z,
59.18.222.111,ipv4,malicious-ip,medium,WHITE,ziyadnz/hourly-ipv4,ziyadnz|hourly,2026-08-17T18:48:05Z,2026-08-17T18:48:05Z,
59.180.136.153,ipv4,malicious-ip,medium,WHITE,ziyadnz/hourly-ipv4,ziyadnz|hourly,2026-08-17T18:48:05Z,2026-08-17T18:48:05Z,
59.180.148.215,ipv4,malicious-ip,medium,WHITE,ziyadnz/hourly-ipv4,ziyadnz|hourly,2026-08-17T18:48:05Z,2026-08-17T18:48:05Z,
59.182.133.245,ipv4,malicious-ip,medium,WHITE,ziyadnz/hourly-ipv4,ziyadnz|hourly,2026-08-17T18:48:05Z,2026-08-17T18:48:05Z,
59.182.133.77,ipv4,malicious-ip,medium,WHITE,ziyadnz/hourly-ipv4,ziyadnz|hourly,2026-08-17T18:48:05Z,2026-08-17T18:48:05Z,
59.182.144.57,ipv4,malicious-ip,medium,WHITE,ziyadnz/hourly-ipv4,ziyadnz|hourly,2026-08-17T18:48:05Z,2026-08-17T18:48:05Z,
59.182.161.101,ipv4,malicious-ip,medium,WHITE,ziyadnz/hourly-ipv4,ziyadnz|hourly,2026-08-17T18:48:05Z,2026-08-17T18:48:05Z,
59.182.211.198,ipv4,malicious-ip,medium,WHITE,ziyadnz/hourly-ipv4,ziyadnz|hourly,2026-08-17T18:48:05Z,2026-08-17T18:48:05Z,
59.182.68.68,ipv4,malicious-ip,medium,WHITE,ziyadnz/hourly-ipv4,ziyadnz|hourly,2026-08-17T18:48:05Z,2026-08-17T18:48:05Z,
59.183.230.156,ipv4,malicious-ip,medium,WHITE,ziyadnz/hourly-ipv4,ziyadnz|hourly,2026-08-17T18:48:05Z,2026-08-17T18:48:05Z,
59.184.139.138,ipv4,malicious-ip,medium,WHITE,ziyadnz/hourly-ipv4,ziyadnz|hourly,2026-08-17T18:48:05Z,2026-08-17T18:48:05Z,
59.184.188.140,ipv4,malicious-ip,medium,WHITE,ziyadnz/hourly-ipv4,ziyadnz|hourly,2026-08-17T18:48:05Z,2026-08-17T18:48:05Z,
59.184.208.35,ipv4,malicious-ip,medium,WHITE,ziyadnz/hourly-ipv4,ziyadnz|hourly,2026-08-17T18:48:05Z,2026-08-17T18:48:05Z,
59.184.224.155,ipv4,malicious-ip,medium,WHITE,ziyadnz/hourly-ipv4,ziyadnz|hourly,2026-08-17T18:48:05Z,2026-08-17T18:48:05Z,
59.184.229.198,ipv4,malicious-ip,medium,WHITE,ziyadnz/hourly-ipv4,ziyadnz|hourly,2026-08-17T18:48:05Z,2026-08-17T18:48:05Z,
59.188.116.46,ipv4,malicious-ip,medium,WHITE,ziyadnz/hourly-ipv4,ziyadnz|hourly,2026-08-17T18:48:05Z,2026-08-17T18:48:05Z,
59.188.234.233,ipv4,malicious-ip,medium,WHITE,ziyadnz/hourly-ipv4,ziyadnz|hourly,2026-08-17T18:48:05Z,2026-08-17T18:48:05Z,
59.188.250.54,ipv4,malicious-ip,medium,WHITE,ziyadnz/hourly-ipv4,ziyadnz|hourly,2026-08-17T18:48:05Z,2026-08-17T18:48:05Z,
59.188.254.21,ipv4,malicious-ip,medium,WHITE,ziyadnz/hourly-ipv4,ziyadnz|hourly,2026-08-17T18:48:05Z,2026-08-17T18:48:05Z,
59.188.254.79,ipv4,malicious-ip,medium,WHITE,ziyadnz/hourly-ipv4,ziyadnz|hourly,2026-08-17T18:48:05Z,2026-08-17T18:48:05Z,
59.188.69.190,ipv4,malicious-ip,medium,WHITE,ziyadnz/hourly-ipv4,ziyadnz|hourly,2026-08-17T18:48:05Z,2026-08-17T18:48:05Z,
59.188.77.188,ipv4,malicious-ip,medium,WHITE,ziyadnz/hourly-ipv4,ziyadnz|hourly,2026-08-17T18:48:05Z,2026-08-17T18:48:05Z,
59.2.83.147,ipv4,malicious-ip,medium,WHITE,ziyadnz/hourly-ipv4,ziyadnz|hourly,2026-08-17T18:48:05Z,2026-08-17T18:48:05Z,
59.20.211.247,ipv4,malicious-ip,medium,WHITE,ziyadnz/hourly-ipv4,ziyadnz|hourly,2026-08-17T18:48:05Z,2026-08-17T18:48:05Z,
59.21.253.25,ipv4,malicious-ip,medium,WHITE,ziyadnz/hourly-ipv4,ziyadnz|hourly,2026-08-17T18:48:05Z,2026-08-17T18:48:05Z,
59.21.51.13,ipv4,malicious-ip,medium,WHITE,ziyadnz/hourly-ipv4,ziyadnz|hourly,2026-08-17T18:48:05Z,2026-08-17T18:48:05Z,
59.23.15.223,ipv4,malicious-ip,medium,WHITE,ziyadnz/hourly-ipv4,ziyadnz|hourly,2026-08-17T18:48:05Z,2026-08-17T18:48:05Z,
59.24.163.29,ipv4,malicious-ip,medium,WHITE,ziyadnz/hourly-ipv4,ziyadnz|hourly,2026-08-17T18:48:05Z,2026-08-17T18:48:05Z,
59.25.31.152,ipv4,malicious-ip,medium,WHITE,ziyadnz/hourly-ipv4,ziyadnz|hourly,2026-08-17T18:48:05Z,2026-08-17T18:48:05Z,
59.25.46.18,ipv4,malicious-ip,medium,WHITE,ziyadnz/hourly-ipv4,ziyadnz|hourly,2026-08-17T18:48:05Z,2026-08-17T18:48:05Z,
59.26.132.170,ipv4,malicious-ip,medium,WHITE,ziyadnz/hourly-ipv4,ziyadnz|hourly,2026-08-17T18:48:05Z,2026-08-17T18:48:05Z,
59.26.193.177,ipv4,malicious-ip,medium,WHITE,ziyadnz/hourly-ipv4,ziyadnz|hourly,2026-08-17T18:48:05Z,2026-08-17T18:48:05Z,
59.26.208.34,ipv4,malicious-ip,medium,WHITE,ziyadnz/hourly-ipv4,ziyadnz|hourly,2026-08-17T18:48:05Z,2026-08-17T18:48:05Z,
59.26.32.126,ipv4,malicious-ip,medium,WHITE,ziyadnz/hourly-ipv4,ziyadnz|hourly,2026-08-17T18:48:05Z,2026-08-17T18:48:05Z,
59.27.123.101,ipv4,malicious-ip,medium,WHITE,ziyadnz/hourly-ipv4,ziyadnz|hourly,2026-08-17T18:48:05Z,2026-08-17T18:48:05Z,
59.27.249.238,ipv4,malicious-ip,medium,WHITE,ziyadnz/hourly-ipv4,ziyadnz|hourly,2026-08-17T18:48:05Z,2026-08-17T18:48:05Z,
59.27.89.2,ipv4,malicious-ip,medium,WHITE,ziyadnz/hourly-ipv4,ziyadnz|hourly,2026-08-17T18:48:05Z,2026-08-17T18:48:05Z,
59.28.19.72,ipv4,malicious-ip,medium,WHITE,ziyadnz/hourly-ipv4,ziyadnz|hourly,2026-08-17T18:48:05Z,2026-08-17T18:48:05Z,
59.28.253.154,ipv4,malicious-ip,medium,WHITE,ziyadnz/hourly-ipv4,ziyadnz|hourly,2026-08-17T18:48:05Z,2026-08-17T18:48:05Z,
59.28.78.122,ipv4,malicious-ip,medium,WHITE,ziyadnz/hourly-ipv4,ziyadnz|hourly,2026-08-17T18:48:05Z,2026-08-17T18:48:05Z,
59.28.78.214,ipv4,malicious-ip,medium,WHITE,ziyadnz/hourly-ipv4,ziyadnz|hourly,2026-08-17T18:48:05Z,2026-08-17T18:48:05Z,
59.29.219.54,ipv4,malicious-ip,medium,WHITE,ziyadnz/hourly-ipv4,ziyadnz|hourly,2026-08-17T18:48:05Z,2026-08-17T18:48:05Z,
59.29.246.136,ipv4,malicious-ip,medium,WHITE,ziyadnz/hourly-ipv4,ziyadnz|hourly,2026-08-17T18:48:05Z,2026-08-17T18:48:05Z,
59.29.81.26,ipv4,malicious-ip,medium,WHITE,ziyadnz/hourly-ipv4,ziyadnz|hourly,2026-08-17T18:48:05Z,2026-08-17T18:48:05Z,
59.31.180.170,ipv4,malicious-ip,medium,WHITE,ziyadnz/hourly-ipv4,ziyadnz|hourly,2026-08-17T18:48:05Z,2026-08-17T18:48:05Z,
59.36.162.153,ipv4,malicious-ip,medium,WHITE,ziyadnz/hourly-ipv4,ziyadnz|hourly,2026-08-17T18:48:05Z,2026-08-17T18:48:05Z,
59.36.164.61,ipv4,malicious-ip,medium,WHITE,ziyadnz/hourly-ipv4,ziyadnz|hourly,2026-08-17T18:48:05Z,2026-08-17T18:48:05Z,
59.36.170.91,ipv4,malicious-ip,medium,WHITE,ziyadnz/hourly-ipv4,ziyadnz|hourly,2026-08-17T18:48:05Z,2026-08-17T18:48:05Z,
59.36.18.10,ipv4,malicious-ip,medium,WHITE,ziyadnz/hourly-ipv4,ziyadnz|hourly,2026-08-17T18:48:05Z,2026-08-17T18:48:05Z,
59.36.220.229,ipv4,malicious-ip,medium,WHITE,ziyadnz/hourly-ipv4,ziyadnz|hourly,2026-08-17T18:48:05Z,2026-08-17T18:48:05Z,
59.36.254.224,ipv4,malicious-ip,medium,WHITE,ziyadnz/hourly-ipv4,ziyadnz|hourly,2026-08-17T18:48:05Z,2026-08-17T18:48:05Z,
59.36.80.189,ipv4,malicious-ip,medium,WHITE,ziyadnz/hourly-ipv4,ziyadnz|hourly,2026-08-17T18:48:05Z,2026-08-17T18:48:05Z,
59.37.42.26,ipv4,malicious-ip,medium,WHITE,ziyadnz/hourly-ipv4,ziyadnz|hourly,2026-08-17T18:48:05Z,2026-08-17T18:48:05Z,
59.39.56.186,ipv4,malicious-ip,medium,WHITE,ziyadnz/hourly-ipv4,ziyadnz|hourly,2026-08-17T18:48:05Z,2026-08-17T18:48:05Z,
59.41.48.6,ipv4,malicious-ip,medium,WHITE,ziyadnz/hourly-ipv4,ziyadnz|hourly,2026-08-17T18:48:05Z,2026-08-17T18:48:05Z,
59.42.105.254,ipv4,malicious-ip,medium,WHITE,ziyadnz/hourly-ipv4,ziyadnz|hourly,2026-08-17T18:48:05Z,2026-08-17T18:48:05Z,
59.44.113.179,ipv4,malicious-ip,medium,WHITE,ziyadnz/hourly-ipv4,ziyadnz|hourly,2026-08-17T18:48:05Z,2026-08-17T18:48:05Z,
59.44.42.9,ipv4,malicious-ip,medium,WHITE,ziyadnz/hourly-ipv4,ziyadnz|hourly,2026-08-17T18:48:05Z,2026-08-17T18:48:05Z,
59.45.100.248,ipv4,malicious-ip,medium,WHITE,ziyadnz/hourly-ipv4,ziyadnz|hourly,2026-08-17T18:48:05Z,2026-08-17T18:48:05Z,
59.45.128.204,ipv4,malicious-ip,medium,WHITE,ziyadnz/hourly-ipv4,ziyadnz|hourly,2026-08-17T18:48:05Z,2026-08-17T18:48:05Z,
59.46.211.242,ipv4,malicious-ip,medium,WHITE,ziyadnz/hourly-ipv4,ziyadnz|hourly,2026-08-17T18:48:05Z,2026-08-17T18:48:05Z,
59.46.236.123,ipv4,malicious-ip,medium,WHITE,ziyadnz/hourly-ipv4,ziyadnz|hourly,2026-08-17T18:48:05Z,2026-08-17T18:48:05Z,
59.47.190.220,ipv4,malicious-ip,medium,WHITE,ziyadnz/hourly-ipv4,ziyadnz|hourly,2026-08-17T18:48:05Z,2026-08-17T18:48:05Z,
59.48.126.108,ipv4,malicious-ip,medium,WHITE,ziyadnz/hourly-ipv4,ziyadnz|hourly,2026-08-17T18:48:05Z,2026-08-17T18:48:05Z,
59.48.206.94,ipv4,malicious-ip,medium,WHITE,ziyadnz/hourly-ipv4,ziyadnz|hourly,2026-08-17T18:48:05Z,2026-08-17T18:48:05Z,
59.48.219.162,ipv4,malicious-ip,medium,WHITE,ziyadnz/hourly-ipv4,ziyadnz|hourly,2026-08-17T18:48:05Z,2026-08-17T18:48:05Z,
59.48.241.214,ipv4,malicious-ip,medium,WHITE,ziyadnz/hourly-ipv4,ziyadnz|hourly,2026-08-17T18:48:05Z,2026-08-17T18:48:05Z,
59.48.241.22,ipv4,malicious-ip,medium,WHITE,ziyadnz/hourly-ipv4,ziyadnz|hourly,2026-08-17T18:48:05Z,2026-08-17T18:48:05Z,
59.48.246.138,ipv4,malicious-ip,medium,WHITE,ziyadnz/hourly-ipv4,ziyadnz|hourly,2026-08-17T18:48:05Z,2026-08-17T18:48:05Z,
59.48.39.222,ipv4,malicious-ip,medium,WHITE,ziyadnz/hourly-ipv4,ziyadnz|hourly,2026-08-17T18:48:05Z,2026-08-17T18:48:05Z,
59.50.188.114,ipv4,malicious-ip,medium,WHITE,ziyadnz/hourly-ipv4,ziyadnz|hourly,2026-08-17T18:48:05Z,2026-08-17T18:48:05Z,
59.50.188.77,ipv4,malicious-ip,medium,WHITE,ziyadnz/hourly-ipv4,ziyadnz|hourly,2026-08-17T18:48:05Z,2026-08-17T18:48:05Z,
59.50.189.192,ipv4,malicious-ip,medium,WHITE,ziyadnz/hourly-ipv4,ziyadnz|hourly,2026-08-17T18:48:05Z,2026-08-17T18:48:05Z,
59.50.190.122,ipv4,malicious-ip,medium,WHITE,ziyadnz/hourly-ipv4,ziyadnz|hourly,2026-08-17T18:48:05Z,2026-08-17T18:48:05Z,
59.50.190.80,ipv4,malicious-ip,medium,WHITE,ziyadnz/hourly-ipv4,ziyadnz|hourly,2026-08-17T18:48:05Z,2026-08-17T18:48:05Z,
59.50.28.141,ipv4,malicious-ip,medium,WHITE,ziyadnz/hourly-ipv4,ziyadnz|hourly,2026-08-17T18:48:05Z,2026-08-17T18:48:05Z,
59.50.91.137,ipv4,malicious-ip,medium,WHITE,ziyadnz/hourly-ipv4,ziyadnz|hourly,2026-08-17T18:48:05Z,2026-08-17T18:48:05Z,
59.52.100.147,ipv4,malicious-ip,medium,WHITE,ziyadnz/hourly-ipv4,ziyadnz|hourly,2026-08-17T18:48:05Z,2026-08-17T18:48:05Z,
59.52.100.79,ipv4,malicious-ip,medium,WHITE,ziyadnz/hourly-ipv4,ziyadnz|hourly,2026-08-17T18:48:05Z,2026-08-17T18:48:05Z,
59.52.101.128,ipv4,malicious-ip,medium,WHITE,ziyadnz/hourly-ipv4,ziyadnz|hourly,2026-08-17T18:48:05Z,2026-08-17T18:48:05Z,
59.52.102.236,ipv4,malicious-ip,medium,WHITE,ziyadnz/hourly-ipv4,ziyadnz|hourly,2026-08-17T18:48:05Z,2026-08-17T18:48:05Z,
59.52.103.21,ipv4,malicious-ip,medium,WHITE,ziyadnz/hourly-ipv4,ziyadnz|hourly,2026-08-17T18:48:05Z,2026-08-17T18:48:05Z,
59.52.103.31,ipv4,malicious-ip,medium,WHITE,ziyadnz/hourly-ipv4,ziyadnz|hourly,2026-08-17T18:48:05Z,2026-08-17T18:48:05Z,
59.52.179.170,ipv4,malicious-ip,medium,WHITE,ziyadnz/hourly-ipv4,ziyadnz|hourly,2026-08-17T18:48:05Z,2026-08-17T18:48:05Z,
59.52.226.146,ipv4,malicious-ip,medium,WHITE,ziyadnz/hourly-ipv4,ziyadnz|hourly,2026-08-17T18:48:05Z,2026-08-17T18:48:05Z,
59.52.37.112,ipv4,malicious-ip,medium,WHITE,ziyadnz/hourly-ipv4,ziyadnz|hourly,2026-08-17T18:48:05Z,2026-08-17T18:48:05Z,
59.52.92.98,ipv4,malicious-ip,medium,WHITE,ziyadnz/hourly-ipv4,ziyadnz|hourly,2026-08-17T18:48:05Z,2026-08-17T18:48:05Z,
59.54.55.16,ipv4,malicious-ip,medium,WHITE,ziyadnz/hourly-ipv4,ziyadnz|hourly,2026-08-17T18:48:05Z,2026-08-17T18:48:05Z,
59.55.114.250,ipv4,malicious-ip,medium,WHITE,ziyadnz/hourly-ipv4,ziyadnz|hourly,2026-08-17T18:48:05Z,2026-08-17T18:48:05Z,
59.55.128.147,ipv4,malicious-ip,medium,WHITE,ziyadnz/hourly-ipv4,ziyadnz|hourly,2026-08-17T18:48:05Z,2026-08-17T18:48:05Z,
59.56.226.180,ipv4,malicious-ip,medium,WHITE,ziyadnz/hourly-ipv4,ziyadnz|hourly,2026-08-17T18:48:05Z,2026-08-17T18:48:05Z,
59.58.115.72,ipv4,malicious-ip,medium,WHITE,ziyadnz/hourly-ipv4,ziyadnz|hourly,2026-08-17T18:48:05Z,2026-08-17T18:48:05Z,
59.59.36.152,ipv4,malicious-ip,medium,WHITE,ziyadnz/hourly-ipv4,ziyadnz|hourly,2026-08-17T18:48:05Z,2026-08-17T18:48:05Z,
59.59.59.59,ipv4,malicious-ip,medium,WHITE,ziyadnz/hourly-ipv4,ziyadnz|hourly,2026-08-17T18:48:05Z,2026-08-17T18:48:05Z,
59.6.1.82,ipv4,malicious-ip,medium,WHITE,ziyadnz/hourly-ipv4,ziyadnz|hourly,2026-08-17T18:48:05Z,2026-08-17T18:48:05Z,
59.6.16.153,ipv4,malicious-ip,medium,WHITE,ziyadnz/hourly-ipv4,ziyadnz|hourly,2026-08-17T18:48:05Z,2026-08-17T18:48:05Z,
59.60.100.158,ipv4,malicious-ip,medium,WHITE,ziyadnz/hourly-ipv4,ziyadnz|hourly,2026-08-17T18:48:05Z,2026-08-17T18:48:05Z,
59.61.215.234,ipv4,malicious-ip,medium,WHITE,ziyadnz/hourly-ipv4,ziyadnz|hourly,2026-08-17T18:48:05Z,2026-08-17T18:48:05Z,
59.61.87.221,ipv4,malicious-ip,medium,WHITE,ziyadnz/hourly-ipv4,ziyadnz|hourly,2026-08-17T18:48:05Z,2026-08-17T18:48:05Z,
59.62.46.23,ipv4,malicious-ip,medium,WHITE,ziyadnz/hourly-ipv4,ziyadnz|hourly,2026-08-17T18:48:05Z,2026-08-17T18:48:05Z,
59.63.100.106,ipv4,malicious-ip,medium,WHITE,ziyadnz/hourly-ipv4,ziyadnz|hourly,2026-08-17T18:48:05Z,2026-08-17T18:48:05Z,
59.63.166.81,ipv4,malicious-ip,medium,WHITE,ziyadnz/hourly-ipv4,ziyadnz|hourly,2026-08-17T18:48:05Z,2026-08-17T18:48:05Z,
59.63.214.38,ipv4,malicious-ip,medium,WHITE,ziyadnz/hourly-ipv4,ziyadnz|hourly,2026-08-17T18:48:05Z,2026-08-17T18:48:05Z,
59.7.135.117,ipv4,malicious-ip,medium,WHITE,ziyadnz/hourly-ipv4,ziyadnz|hourly,2026-08-17T18:48:05Z,2026-08-17T18:48:05Z,
59.7.14.37,ipv4,malicious-ip,medium,WHITE,ziyadnz/hourly-ipv4,ziyadnz|hourly,2026-08-17T18:48:05Z,2026-08-17T18:48:05Z,
59.7.217.245,ipv4,malicious-ip,medium,WHITE,ziyadnz/hourly-ipv4,ziyadnz|hourly,2026-08-17T18:48:05Z,2026-08-17T18:48:05Z,
59.8.1.89,ipv4,malicious-ip,medium,WHITE,ziyadnz/hourly-ipv4,ziyadnz|hourly,2026-08-17T18:48:05Z,2026-08-17T18:48:05Z,
59.8.107.113,ipv4,malicious-ip,medium,WHITE,ziyadnz/hourly-ipv4,ziyadnz|hourly,2026-08-17T18:48:05Z,2026-08-17T18:48:05Z,
59.8.107.16,ipv4,malicious-ip,medium,WHITE,ziyadnz/hourly-ipv4,ziyadnz|hourly,2026-08-17T18:48:05Z,2026-08-17T18:48:05Z,
59.8.119.219,ipv4,malicious-ip,medium,WHITE,ziyadnz/hourly-ipv4,ziyadnz|hourly,2026-08-17T18:48:05Z,2026-08-17T18:48:05Z,
59.8.20.6,ipv4,malicious-ip,medium,WHITE,ziyadnz/hourly-ipv4,ziyadnz|hourly,2026-08-17T18:48:05Z,2026-08-17T18:48:05Z,
59.8.41.171,ipv4,malicious-ip,medium,WHITE,ziyadnz/hourly-ipv4,ziyadnz|hourly,2026-08-17T18:48:05Z,2026-08-17T18:48:05Z,
59.8.41.56,ipv4,malicious-ip,medium,WHITE,ziyadnz/hourly-ipv4,ziyadnz|hourly,2026-08-17T18:48:05Z,2026-08-17T18:48:05Z,
59.8.48.41,ipv4,malicious-ip,medium,WHITE,ziyadnz/hourly-ipv4,ziyadnz|hourly,2026-08-17T18:48:05Z,2026-08-17T18:48:05Z,
59.8.52.102,ipv4,malicious-ip,medium,WHITE,ziyadnz/hourly-ipv4,ziyadnz|hourly,2026-08-17T18:48:05Z,2026-08-17T18:48:05Z,
59.8.66.52,ipv4,malicious-ip,medium,WHITE,ziyadnz/hourly-ipv4,ziyadnz|hourly,2026-08-17T18:48:05Z,2026-08-17T18:48:05Z,
59.8.75.163,ipv4,malicious-ip,medium,WHITE,ziyadnz/hourly-ipv4,ziyadnz|hourly,2026-08-17T18:48:05Z,2026-08-17T18:48:05Z,
59.8.85.88,ipv4,malicious-ip,medium,WHITE,ziyadnz/hourly-ipv4,ziyadnz|hourly,2026-08-17T18:48:05Z,2026-08-17T18:48:05Z,
59.86.222.60,ipv4,malicious-ip,medium,WHITE,ziyadnz/hourly-ipv4,ziyadnz|hourly,2026-08-17T18:48:05Z,2026-08-17T18:48:05Z,
59.88.202.131,ipv4,malicious-ip,medium,WHITE,ziyadnz/hourly-ipv4,ziyadnz|hourly,2026-08-17T18:48:05Z,2026-08-17T18:48:05Z,
59.89.176.72,ipv4,malicious-ip,medium,WHITE,ziyadnz/hourly-ipv4,ziyadnz|hourly,2026-08-17T18:48:05Z,2026-08-17T18:48:05Z,
59.89.186.77,ipv4,malicious-ip,medium,WHITE,ziyadnz/hourly-ipv4,ziyadnz|hourly,2026-08-17T18:48:05Z,2026-08-17T18:48:05Z,
59.89.19.102,ipv4,malicious-ip,medium,WHITE,ziyadnz/hourly-ipv4,ziyadnz|hourly,2026-08-17T18:48:05Z,2026-08-17T18:48:05Z,
59.89.93.27,ipv4,malicious-ip,medium,WHITE,ziyadnz/hourly-ipv4,ziyadnz|hourly,2026-08-17T18:48:05Z,2026-08-17T18:48:05Z,
59.90.30.81,ipv4,malicious-ip,medium,WHITE,ziyadnz/hourly-ipv4,ziyadnz|hourly,2026-08-17T18:48:05Z,2026-08-17T18:48:05Z,
59.90.69.78,ipv4,malicious-ip,medium,WHITE,ziyadnz/hourly-ipv4,ziyadnz|hourly,2026-08-17T18:48:05Z,2026-08-17T18:48:05Z,
59.91.24.251,ipv4,malicious-ip,medium,WHITE,ziyadnz/hourly-ipv4,ziyadnz|hourly,2026-08-17T18:48:05Z,2026-08-17T18:48:05Z,
59.91.3.105,ipv4,malicious-ip,medium,WHITE,ziyadnz/hourly-ipv4,ziyadnz|hourly,2026-08-17T18:48:05Z,2026-08-17T18:48:05Z,
59.91.39.235,ipv4,malicious-ip,medium,WHITE,ziyadnz/hourly-ipv4,ziyadnz|hourly,2026-08-17T18:48:05Z,2026-08-17T18:48:05Z,
59.92.107.19,ipv4,malicious-ip,medium,WHITE,ziyadnz/hourly-ipv4,ziyadnz|hourly,2026-08-17T18:48:05Z,2026-08-17T18:48:05Z,
59.92.125.28,ipv4,malicious-ip,medium,WHITE,ziyadnz/hourly-ipv4,ziyadnz|hourly,2026-08-17T18:48:05Z,2026-08-17T18:48:05Z,
59.92.128.224,ipv4,malicious-ip,medium,WHITE,ziyadnz/hourly-ipv4,ziyadnz|hourly,2026-08-17T18:48:05Z,2026-08-17T18:48:05Z,
59.92.233.253,ipv4,malicious-ip,medium,WHITE,ziyadnz/hourly-ipv4,ziyadnz|hourly,2026-08-17T18:48:05Z,2026-08-17T18:48:05Z,
59.92.68.148,ipv4,malicious-ip,medium,WHITE,ziyadnz/hourly-ipv4,ziyadnz|hourly,2026-08-17T18:48:05Z,2026-08-17T18:48:05Z,
59.93.248.224,ipv4,malicious-ip,medium,WHITE,ziyadnz/hourly-ipv4,ziyadnz|hourly,2026-08-17T18:48:05Z,2026-08-17T18:48:05Z,
59.93.253.153,ipv4,malicious-ip,medium,WHITE,ziyadnz/hourly-ipv4,ziyadnz|hourly,2026-08-17T18:48:05Z,2026-08-17T18:48:05Z,
59.93.36.136,ipv4,malicious-ip,medium,WHITE,ziyadnz/hourly-ipv4,ziyadnz|hourly,2026-08-17T18:48:05Z,2026-08-17T18:48:05Z,
59.93.45.16,ipv4,malicious-ip,medium,WHITE,ziyadnz/hourly-ipv4,ziyadnz|hourly,2026-08-17T18:48:05Z,2026-08-17T18:48:05Z,
59.94.117.148,ipv4,malicious-ip,medium,WHITE,ziyadnz/hourly-ipv4,ziyadnz|hourly,2026-08-17T18:48:05Z,2026-08-17T18:48:05Z,
59.95.120.245,ipv4,malicious-ip,medium,WHITE,ziyadnz/hourly-ipv4,ziyadnz|hourly,2026-08-17T18:48:05Z,2026-08-17T18:48:05Z,
59.95.127.49,ipv4,malicious-ip,medium,WHITE,ziyadnz/hourly-ipv4,ziyadnz|hourly,2026-08-17T18:48:05Z,2026-08-17T18:48:05Z,
59.95.142.18,ipv4,malicious-ip,medium,WHITE,ziyadnz/hourly-ipv4,ziyadnz|hourly,2026-08-17T18:48:05Z,2026-08-17T18:48:05Z,
59.95.243.68,ipv4,malicious-ip,medium,WHITE,ziyadnz/hourly-ipv4,ziyadnz|hourly,2026-08-17T18:48:05Z,2026-08-17T18:48:05Z,
59.95.96.182,ipv4,malicious-ip,medium,WHITE,ziyadnz/hourly-ipv4,ziyadnz|hourly,2026-08-17T18:48:05Z,2026-08-17T18:48:05Z,
59.96.217.130,ipv4,malicious-ip,medium,WHITE,ziyadnz/hourly-ipv4,ziyadnz|hourly,2026-08-17T18:48:05Z,2026-08-17T18:48:05Z,
59.96.95.140,ipv4,malicious-ip,medium,WHITE,ziyadnz/hourly-ipv4,ziyadnz|hourly,2026-08-17T18:48:05Z,2026-08-17T18:48:05Z,
59.97.176.136,ipv4,malicious-ip,medium,WHITE,ziyadnz/hourly-ipv4,ziyadnz|hourly,2026-08-17T18:48:05Z,2026-08-17T18:48:05Z,
59.97.23.61,ipv4,malicious-ip,medium,WHITE,ziyadnz/hourly-ipv4,ziyadnz|hourly,2026-08-17T18:48:05Z,2026-08-17T18:48:05Z,
59.97.52.95,ipv4,malicious-ip,medium,WHITE,ziyadnz/hourly-ipv4,ziyadnz|hourly,2026-08-17T18:48:05Z,2026-08-17T18:48:05Z,
59.98.148.5,ipv4,malicious-ip,medium,WHITE,ziyadnz/hourly-ipv4,ziyadnz|hourly,2026-08-17T18:48:05Z,2026-08-17T18:48:05Z,
59.98.43.229,ipv4,malicious-ip,medium,WHITE,ziyadnz/hourly-ipv4,ziyadnz|hourly,2026-08-17T18:48:05Z,2026-08-17T18:48:05Z,
59.98.5.66,ipv4,malicious-ip,medium,WHITE,ziyadnz/hourly-ipv4,ziyadnz|hourly,2026-08-17T18:48:05Z,2026-08-17T18:48:05Z,
59.99.188.250,ipv4,malicious-ip,medium,WHITE,ziyadnz/hourly-ipv4,ziyadnz|hourly,2026-08-17T18:48:05Z,2026-08-17T18:48:05Z,
59.99.195.215,ipv4,malicious-ip,medium,WHITE,ziyadnz/hourly-ipv4,ziyadnz|hourly,2026-08-17T18:48:05Z,2026-08-17T18:48:05Z,
60.1.130.158,ipv4,malicious-ip,medium,WHITE,ziyadnz/hourly-ipv4,ziyadnz|hourly,2026-08-17T18:48:05Z,2026-08-17T18:48:05Z,
60.1.153.67,ipv4,malicious-ip,medium,WHITE,ziyadnz/hourly-ipv4,ziyadnz|hourly,2026-08-17T18:48:05Z,2026-08-17T18:48:05Z,
60.10.156.54,ipv4,malicious-ip,medium,WHITE,ziyadnz/hourly-ipv4,ziyadnz|hourly,2026-08-17T18:48:05Z,2026-08-17T18:48:05Z,
60.10.158.250,ipv4,malicious-ip,medium,WHITE,ziyadnz/hourly-ipv4,ziyadnz|hourly,2026-08-17T18:48:05Z,2026-08-17T18:48:05Z,
60.10.50.90,ipv4,malicious-ip,medium,WHITE,ziyadnz/hourly-ipv4,ziyadnz|hourly,2026-08-17T18:48:05Z,2026-08-17T18:48:05Z,
60.104.53.20,ipv4,malicious-ip,medium,WHITE,ziyadnz/hourly-ipv4,ziyadnz|hourly,2026-08-17T18:48:05Z,2026-08-17T18:48:05Z,
60.12.240.138,ipv4,malicious-ip,medium,WHITE,ziyadnz/hourly-ipv4,ziyadnz|hourly,2026-08-17T18:48:05Z,2026-08-17T18:48:05Z,
60.12.244.80,ipv4,malicious-ip,medium,WHITE,ziyadnz/hourly-ipv4,ziyadnz|hourly,2026-08-17T18:48:05Z,2026-08-17T18:48:05Z,
60.14.252.154,ipv4,malicious-ip,medium,WHITE,ziyadnz/hourly-ipv4,ziyadnz|hourly,2026-08-17T18:48:05Z,2026-08-17T18:48:05Z,
60.15.91.190,ipv4,malicious-ip,medium,WHITE,ziyadnz/hourly-ipv4,ziyadnz|hourly,2026-08-17T18:48:05Z,2026-08-17T18:48:05Z,
60.16.16.38,ipv4,malicious-ip,medium,WHITE,ziyadnz/hourly-ipv4,ziyadnz|hourly,2026-08-17T18:48:05Z,2026-08-17T18:48:05Z,
60.16.209.247,ipv4,malicious-ip,medium,WHITE,ziyadnz/hourly-ipv4,ziyadnz|hourly,2026-08-17T18:48:05Z,2026-08-17T18:48:05Z,
60.16.232.95,ipv4,malicious-ip,medium,WHITE,ziyadnz/hourly-ipv4,ziyadnz|hourly,2026-08-17T18:48:05Z,2026-08-17T18:48:05Z,
60.161.20.24,ipv4,malicious-ip,medium,WHITE,ziyadnz/hourly-ipv4,ziyadnz|hourly,2026-08-17T18:48:05Z,2026-08-17T18:48:05Z,
60.163.118.11,ipv4,malicious-ip,medium,WHITE,ziyadnz/hourly-ipv4,ziyadnz|hourly,2026-08-17T18:48:05Z,2026-08-17T18:48:05Z,
60.163.58.65,ipv4,malicious-ip,medium,WHITE,ziyadnz/hourly-ipv4,ziyadnz|hourly,2026-08-17T18:48:05Z,2026-08-17T18:48:05Z,
60.164.244.129,ipv4,malicious-ip,medium,WHITE,ziyadnz/hourly-ipv4,ziyadnz|hourly,2026-08-17T18:48:05Z,2026-08-17T18:48:05Z,
60.165.123.15,ipv4,malicious-ip,medium,WHITE,ziyadnz/hourly-ipv4,ziyadnz|hourly,2026-08-17T18:48:05Z,2026-08-17T18:48:05Z,
60.165.238.67,ipv4,malicious-ip,medium,WHITE,ziyadnz/hourly-ipv4,ziyadnz|hourly,2026-08-17T18:48:05Z,2026-08-17T18:48:05Z,
60.165.7.151,ipv4,malicious-ip,medium,WHITE,ziyadnz/hourly-ipv4,ziyadnz|hourly,2026-08-17T18:48:05Z,2026-08-17T18:48:05Z,
60.166.159.224,ipv4,malicious-ip,medium,WHITE,ziyadnz/hourly-ipv4,ziyadnz|hourly,2026-08-17T18:48:05Z,2026-08-17T18:48:05Z,
60.166.82.129,ipv4,malicious-ip,medium,WHITE,ziyadnz/hourly-ipv4,ziyadnz|hourly,2026-08-17T18:48:05Z,2026-08-17T18:48:05Z,
60.166.82.142,ipv4,malicious-ip,medium,WHITE,ziyadnz/hourly-ipv4,ziyadnz|hourly,2026-08-17T18:48:05Z,2026-08-17T18:48:05Z,
60.166.82.17,ipv4,malicious-ip,medium,WHITE,ziyadnz/hourly-ipv4,ziyadnz|hourly,2026-08-17T18:48:05Z,2026-08-17T18:48:05Z,
60.166.82.173,ipv4,malicious-ip,medium,WHITE,ziyadnz/hourly-ipv4,ziyadnz|hourly,2026-08-17T18:48:05Z,2026-08-17T18:48:05Z,
60.166.82.180,ipv4,malicious-ip,medium,WHITE,ziyadnz/hourly-ipv4,ziyadnz|hourly,2026-08-17T18:48:05Z,2026-08-17T18:48:05Z,
60.166.82.198,ipv4,malicious-ip,medium,WHITE,ziyadnz/hourly-ipv4,ziyadnz|hourly,2026-08-17T18:48:05Z,2026-08-17T18:48:05Z,
60.166.82.238,ipv4,malicious-ip,medium,WHITE,ziyadnz/hourly-ipv4,ziyadnz|hourly,2026-08-17T18:48:05Z,2026-08-17T18:48:05Z,
60.166.82.242,ipv4,malicious-ip,medium,WHITE,ziyadnz/hourly-ipv4,ziyadnz|hourly,2026-08-17T18:48:05Z,2026-08-17T18:48:05Z,
60.166.82.245,ipv4,malicious-ip,medium,WHITE,ziyadnz/hourly-ipv4,ziyadnz|hourly,2026-08-17T18:48:05Z,2026-08-17T18:48:05Z,
60.166.82.37,ipv4,malicious-ip,medium,WHITE,ziyadnz/hourly-ipv4,ziyadnz|hourly,2026-08-17T18:48:05Z,2026-08-17T18:48:05Z,
60.166.82.72,ipv4,malicious-ip,medium,WHITE,ziyadnz/hourly-ipv4,ziyadnz|hourly,2026-08-17T18:48:05Z,2026-08-17T18:48:05Z,
60.166.83.105,ipv4,malicious-ip,medium,WHITE,ziyadnz/hourly-ipv4,ziyadnz|hourly,2026-08-17T18:48:05Z,2026-08-17T18:48:05Z,
60.166.83.131,ipv4,malicious-ip,medium,WHITE,ziyadnz/hourly-ipv4,ziyadnz|hourly,2026-08-17T18:48:05Z,2026-08-17T18:48:05Z,
60.166.83.156,ipv4,malicious-ip,medium,WHITE,ziyadnz/hourly-ipv4,ziyadnz|hourly,2026-08-17T18:48:05Z,2026-08-17T18:48:05Z,
60.166.83.16,ipv4,malicious-ip,medium,WHITE,ziyadnz/hourly-ipv4,ziyadnz|hourly,2026-08-17T18:48:05Z,2026-08-17T18:48:05Z,
60.166.83.21,ipv4,malicious-ip,medium,WHITE,ziyadnz/hourly-ipv4,ziyadnz|hourly,2026-08-17T18:48:05Z,2026-08-17T18:48:05Z,
60.166.83.52,ipv4,malicious-ip,medium,WHITE,ziyadnz/hourly-ipv4,ziyadnz|hourly,2026-08-17T18:48:05Z,2026-08-17T18:48:05Z,
60.166.83.73,ipv4,malicious-ip,medium,WHITE,ziyadnz/hourly-ipv4,ziyadnz|hourly,2026-08-17T18:48:05Z,2026-08-17T18:48:05Z,
60.166.83.82,ipv4,malicious-ip,medium,WHITE,ziyadnz/hourly-ipv4,ziyadnz|hourly,2026-08-17T18:48:05Z,2026-08-17T18:48:05Z,
60.166.83.97,ipv4,malicious-ip,medium,WHITE,ziyadnz/hourly-ipv4,ziyadnz|hourly,2026-08-17T18:48:05Z,2026-08-17T18:48:05Z,
60.169.64.83,ipv4,malicious-ip,medium,WHITE,ziyadnz/hourly-ipv4,ziyadnz|hourly,2026-08-17T18:48:05Z,2026-08-17T18:48:05Z,
60.17.47.168,ipv4,malicious-ip,medium,WHITE,ziyadnz/hourly-ipv4,ziyadnz|hourly,2026-08-17T18:48:05Z,2026-08-17T18:48:05Z,
60.17.83.192,ipv4,malicious-ip,medium,WHITE,ziyadnz/hourly-ipv4,ziyadnz|hourly,2026-08-17T18:48:05Z,2026-08-17T18:48:05Z,
60.170.247.168,ipv4,malicious-ip,medium,WHITE,ziyadnz/hourly-ipv4,ziyadnz|hourly,2026-08-17T18:48:05Z,2026-08-17T18:48:05Z,
60.170.253.77,ipv4,malicious-ip,medium,WHITE,ziyadnz/hourly-ipv4,ziyadnz|hourly,2026-08-17T18:48:05Z,2026-08-17T18:48:05Z,
60.171.116.92,ipv4,malicious-ip,medium,WHITE,ziyadnz/hourly-ipv4,ziyadnz|hourly,2026-08-17T18:48:05Z,2026-08-17T18:48:05Z,
60.171.17.84,ipv4,malicious-ip,medium,WHITE,ziyadnz/hourly-ipv4,ziyadnz|hourly,2026-08-17T18:48:05Z,2026-08-17T18:48:05Z,
60.171.24.134,ipv4,malicious-ip,medium,WHITE,ziyadnz/hourly-ipv4,ziyadnz|hourly,2026-08-17T18:48:05Z,2026-08-17T18:48:05Z,
60.172.43.116,ipv4,malicious-ip,medium,WHITE,ziyadnz/hourly-ipv4,ziyadnz|hourly,2026-08-17T18:48:05Z,2026-08-17T18:48:05Z,
60.172.52.101,ipv4,malicious-ip,medium,WHITE,ziyadnz/hourly-ipv4,ziyadnz|hourly,2026-08-17T18:48:05Z,2026-08-17T18:48:05Z,
60.173.1.223,ipv4,malicious-ip,medium,WHITE,ziyadnz/hourly-ipv4,ziyadnz|hourly,2026-08-17T18:48:05Z,2026-08-17T18:48:05Z,
60.173.100.181,ipv4,malicious-ip,medium,WHITE,ziyadnz/hourly-ipv4,ziyadnz|hourly,2026-08-17T18:48:05Z,2026-08-17T18:48:05Z,
60.173.129.24,ipv4,malicious-ip,medium,WHITE,ziyadnz/hourly-ipv4,ziyadnz|hourly,2026-08-17T18:48:05Z,2026-08-17T18:48:05Z,
60.173.151.40,ipv4,malicious-ip,medium,WHITE,ziyadnz/hourly-ipv4,ziyadnz|hourly,2026-08-17T18:48:05Z,2026-08-17T18:48:05Z,
60.173.161.143,ipv4,malicious-ip,medium,WHITE,ziyadnz/hourly-ipv4,ziyadnz|hourly,2026-08-17T18:48:05Z,2026-08-17T18:48:05Z,
60.174.72.198,ipv4,malicious-ip,medium,WHITE,ziyadnz/hourly-ipv4,ziyadnz|hourly,2026-08-17T18:48:05Z,2026-08-17T18:48:05Z,
60.175.120.221,ipv4,malicious-ip,medium,WHITE,ziyadnz/hourly-ipv4,ziyadnz|hourly,2026-08-17T18:48:05Z,2026-08-17T18:48:05Z,
60.175.67.66,ipv4,malicious-ip,medium,WHITE,ziyadnz/hourly-ipv4,ziyadnz|hourly,2026-08-17T18:48:05Z,2026-08-17T18:48:05Z,
60.177.60.2,ipv4,malicious-ip,medium,WHITE,ziyadnz/hourly-ipv4,ziyadnz|hourly,2026-08-17T18:48:05Z,2026-08-17T18:48:05Z,
60.178.131.98,ipv4,malicious-ip,medium,WHITE,ziyadnz/hourly-ipv4,ziyadnz|hourly,2026-08-17T18:48:05Z,2026-08-17T18:48:05Z,
60.18.250.134,ipv4,malicious-ip,medium,WHITE,ziyadnz/hourly-ipv4,ziyadnz|hourly,2026-08-17T18:48:05Z,2026-08-17T18:48:05Z,
60.181.38.50,ipv4,malicious-ip,medium,WHITE,ziyadnz/hourly-ipv4,ziyadnz|hourly,2026-08-17T18:48:05Z,2026-08-17T18:48:05Z,
60.182.67.236,ipv4,malicious-ip,medium,WHITE,ziyadnz/hourly-ipv4,ziyadnz|hourly,2026-08-17T18:48:05Z,2026-08-17T18:48:05Z,
60.182.7.250,ipv4,malicious-ip,medium,WHITE,ziyadnz/hourly-ipv4,ziyadnz|hourly,2026-08-17T18:48:05Z,2026-08-17T18:48:05Z,
60.184.162.230,ipv4,malicious-ip,medium,WHITE,ziyadnz/hourly-ipv4,ziyadnz|hourly,2026-08-17T18:48:05Z,2026-08-17T18:48:05Z,
60.184.34.211,ipv4,malicious-ip,medium,WHITE,ziyadnz/hourly-ipv4,ziyadnz|hourly,2026-08-17T18:48:05Z,2026-08-17T18:48:05Z,
60.184.47.154,ipv4,malicious-ip,medium,WHITE,ziyadnz/hourly-ipv4,ziyadnz|hourly,2026-08-17T18:48:05Z,2026-08-17T18:48:05Z,
60.184.91.90,ipv4,malicious-ip,medium,WHITE,ziyadnz/hourly-ipv4,ziyadnz|hourly,2026-08-17T18:48:05Z,2026-08-17T18:48:05Z,
60.185.186.241,ipv4,malicious-ip,medium,WHITE,ziyadnz/hourly-ipv4,ziyadnz|hourly,2026-08-17T18:48:05Z,2026-08-17T18:48:05Z,
60.185.191.28,ipv4,malicious-ip,medium,WHITE,ziyadnz/hourly-ipv4,ziyadnz|hourly,2026-08-17T18:48:05Z,2026-08-17T18:48:05Z,
60.185.213.11,ipv4,malicious-ip,medium,WHITE,ziyadnz/hourly-ipv4,ziyadnz|hourly,2026-08-17T18:48:05Z,2026-08-17T18:48:05Z,
60.186.249.69,ipv4,malicious-ip,medium,WHITE,ziyadnz/hourly-ipv4,ziyadnz|hourly,2026-08-17T18:48:05Z,2026-08-17T18:48:05Z,
60.186.255.247,ipv4,malicious-ip,medium,WHITE,ziyadnz/hourly-ipv4,ziyadnz|hourly,2026-08-17T18:48:05Z,2026-08-17T18:48:05Z,
60.188.247.220,ipv4,malicious-ip,medium,WHITE,ziyadnz/hourly-ipv4,ziyadnz|hourly,2026-08-17T18:48:05Z,2026-08-17T18:48:05Z,
60.188.58.108,ipv4,malicious-ip,medium,WHITE,ziyadnz/hourly-ipv4,ziyadnz|hourly,2026-08-17T18:48:05Z,2026-08-17T18:48:05Z,
60.19.174.5,ipv4,malicious-ip,medium,WHITE,ziyadnz/hourly-ipv4,ziyadnz|hourly,2026-08-17T18:48:05Z,2026-08-17T18:48:05Z,
60.190.136.234,ipv4,malicious-ip,medium,WHITE,ziyadnz/hourly-ipv4,ziyadnz|hourly,2026-08-17T18:48:05Z,2026-08-17T18:48:05Z,
60.190.235.151,ipv4,malicious-ip,medium,WHITE,ziyadnz/hourly-ipv4,ziyadnz|hourly,2026-08-17T18:48:05Z,2026-08-17T18:48:05Z,
60.190.24.225,ipv4,malicious-ip,medium,WHITE,ziyadnz/hourly-ipv4,ziyadnz|hourly,2026-08-17T18:48:05Z,2026-08-17T18:48:05Z,
60.190.81.157,ipv4,malicious-ip,medium,WHITE,ziyadnz/hourly-ipv4,ziyadnz|hourly,2026-08-17T18:48:05Z,2026-08-17T18:48:05Z,
60.191.125.35,ipv4,malicious-ip,medium,WHITE,ziyadnz/hourly-ipv4,ziyadnz|hourly,2026-08-17T18:48:05Z,2026-08-17T18:48:05Z,
60.191.137.103,ipv4,malicious-ip,medium,WHITE,ziyadnz/hourly-ipv4,ziyadnz|hourly,2026-08-17T18:48:05Z,2026-08-17T18:48:05Z,
60.191.226.134,ipv4,malicious-ip,medium,WHITE,ziyadnz/hourly-ipv4,ziyadnz|hourly,2026-08-17T18:48:05Z,2026-08-17T18:48:05Z,
60.191.44.99,ipv4,malicious-ip,medium,WHITE,ziyadnz/hourly-ipv4,ziyadnz|hourly,2026-08-17T18:48:05Z,2026-08-17T18:48:05Z,
60.191.58.203,ipv4,malicious-ip,medium,WHITE,ziyadnz/hourly-ipv4,ziyadnz|hourly,2026-08-17T18:48:05Z,2026-08-17T18:48:05Z,
60.191.64.122,ipv4,malicious-ip,medium,WHITE,ziyadnz/hourly-ipv4,ziyadnz|hourly,2026-08-17T18:48:05Z,2026-08-17T18:48:05Z,
60.198.34.81,ipv4,malicious-ip,medium,WHITE,ziyadnz/hourly-ipv4,ziyadnz|hourly,2026-08-17T18:48:05Z,2026-08-17T18:48:05Z,
60.2.114.98,ipv4,malicious-ip,medium,WHITE,ziyadnz/hourly-ipv4,ziyadnz|hourly,2026-08-17T18:48:05Z,2026-08-17T18:48:05Z,
60.2.221.38,ipv4,malicious-ip,medium,WHITE,ziyadnz/hourly-ipv4,ziyadnz|hourly,2026-08-17T18:48:05Z,2026-08-17T18:48:05Z,
60.2.221.46,ipv4,malicious-ip,medium,WHITE,ziyadnz/hourly-ipv4,ziyadnz|hourly,2026-08-17T18:48:05Z,2026-08-17T18:48:05Z,
60.2.38.42,ipv4,malicious-ip,medium,WHITE,ziyadnz/hourly-ipv4,ziyadnz|hourly,2026-08-17T18:48:05Z,2026-08-17T18:48:05Z,
60.20.1.234,ipv4,malicious-ip,medium,WHITE,ziyadnz/hourly-ipv4,ziyadnz|hourly,2026-08-17T18:48:05Z,2026-08-17T18:48:05Z,
60.20.218.122,ipv4,malicious-ip,medium,WHITE,ziyadnz/hourly-ipv4,ziyadnz|hourly,2026-08-17T18:48:05Z,2026-08-17T18:48:05Z,
60.204.134.243,ipv4,malicious-ip,medium,WHITE,ziyadnz/hourly-ipv4,ziyadnz|hourly,2026-08-17T18:48:05Z,2026-08-17T18:48:05Z,
60.204.157.87,ipv4,malicious-ip,medium,WHITE,ziyadnz/hourly-ipv4,ziyadnz|hourly,2026-08-17T18:48:05Z,2026-08-17T18:48:05Z,
60.205.148.180,ipv4,malicious-ip,medium,WHITE,ziyadnz/hourly-ipv4,ziyadnz|hourly,2026-08-17T18:48:05Z,2026-08-17T18:48:05Z,
60.205.191.58,ipv4,malicious-ip,medium,WHITE,ziyadnz/hourly-ipv4,ziyadnz|hourly,2026-08-17T18:48:05Z,2026-08-17T18:48:05Z,
60.205.207.237,ipv4,malicious-ip,medium,WHITE,ziyadnz/hourly-ipv4,ziyadnz|hourly,2026-08-17T18:48:05Z,2026-08-17T18:48:05Z,
60.205.209.145,ipv4,malicious-ip,medium,WHITE,ziyadnz/hourly-ipv4,ziyadnz|hourly,2026-08-17T18:48:05Z,2026-08-17T18:48:05Z,
60.205.223.197,ipv4,malicious-ip,medium,WHITE,ziyadnz/hourly-ipv4,ziyadnz|hourly,2026-08-17T18:48:05Z,2026-08-17T18:48:05Z,
60.205.246.25,ipv4,malicious-ip,medium,WHITE,ziyadnz/hourly-ipv4,ziyadnz|hourly,2026-08-17T18:48:05Z,2026-08-17T18:48:05Z,
60.208.125.156,ipv4,malicious-ip,medium,WHITE,ziyadnz/hourly-ipv4,ziyadnz|hourly,2026-08-17T18:48:05Z,2026-08-17T18:48:05Z,
60.208.152.208,ipv4,malicious-ip,medium,WHITE,ziyadnz/hourly-ipv4,ziyadnz|hourly,2026-08-17T18:48:05Z,2026-08-17T18:48:05Z,
60.209.126.158,ipv4,malicious-ip,medium,WHITE,ziyadnz/hourly-ipv4,ziyadnz|hourly,2026-08-17T18:48:05Z,2026-08-17T18:48:05Z,
60.209.132.105,ipv4,malicious-ip,medium,WHITE,ziyadnz/hourly-ipv4,ziyadnz|hourly,2026-08-17T18:48:05Z,2026-08-17T18:48:05Z,
60.209.133.205,ipv4,malicious-ip,medium,WHITE,ziyadnz/hourly-ipv4,ziyadnz|hourly,2026-08-17T18:48:05Z,2026-08-17T18:48:05Z,
60.209.146.105,ipv4,malicious-ip,medium,WHITE,ziyadnz/hourly-ipv4,ziyadnz|hourly,2026-08-17T18:48:05Z,2026-08-17T18:48:05Z,
60.209.228.183,ipv4,malicious-ip,medium,WHITE,ziyadnz/hourly-ipv4,ziyadnz|hourly,2026-08-17T18:48:05Z,2026-08-17T18:48:05Z,
60.21.67.176,ipv4,malicious-ip,medium,WHITE,ziyadnz/hourly-ipv4,ziyadnz|hourly,2026-08-17T18:48:05Z,2026-08-17T18:48:05Z,
60.210.132.139,ipv4,malicious-ip,medium,WHITE,ziyadnz/hourly-ipv4,ziyadnz|hourly,2026-08-17T18:48:05Z,2026-08-17T18:48:05Z,
60.210.38.42,ipv4,malicious-ip,medium,WHITE,ziyadnz/hourly-ipv4,ziyadnz|hourly,2026-08-17T18:48:05Z,2026-08-17T18:48:05Z,
60.211.39.15,ipv4,malicious-ip,medium,WHITE,ziyadnz/hourly-ipv4,ziyadnz|hourly,2026-08-17T18:48:05Z,2026-08-17T18:48:05Z,
60.211.41.222,ipv4,malicious-ip,medium,WHITE,ziyadnz/hourly-ipv4,ziyadnz|hourly,2026-08-17T18:48:05Z,2026-08-17T18:48:05Z,
60.211.42.46,ipv4,malicious-ip,medium,WHITE,ziyadnz/hourly-ipv4,ziyadnz|hourly,2026-08-17T18:48:05Z,2026-08-17T18:48:05Z,
60.211.75.163,ipv4,malicious-ip,medium,WHITE,ziyadnz/hourly-ipv4,ziyadnz|hourly,2026-08-17T18:48:05Z,2026-08-17T18:48:05Z,
60.213.167.241,ipv4,malicious-ip,medium,WHITE,ziyadnz/hourly-ipv4,ziyadnz|hourly,2026-08-17T18:48:05Z,2026-08-17T18:48:05Z,
60.213.199.244,ipv4,malicious-ip,medium,WHITE,ziyadnz/hourly-ipv4,ziyadnz|hourly,2026-08-17T18:48:05Z,2026-08-17T18:48:05Z,
60.213.203.79,ipv4,malicious-ip,medium,WHITE,ziyadnz/hourly-ipv4,ziyadnz|hourly,2026-08-17T18:48:05Z,2026-08-17T18:48:05Z,
60.213.29.242,ipv4,malicious-ip,medium,WHITE,ziyadnz/hourly-ipv4,ziyadnz|hourly,2026-08-17T18:48:05Z,2026-08-17T18:48:05Z,
60.213.47.70,ipv4,malicious-ip,medium,WHITE,ziyadnz/hourly-ipv4,ziyadnz|hourly,2026-08-17T18:48:05Z,2026-08-17T18:48:05Z,
60.213.59.34,ipv4,malicious-ip,medium,WHITE,ziyadnz/hourly-ipv4,ziyadnz|hourly,2026-08-17T18:48:05Z,2026-08-17T18:48:05Z,
60.213.62.142,ipv4,malicious-ip,medium,WHITE,ziyadnz/hourly-ipv4,ziyadnz|hourly,2026-08-17T18:48:05Z,2026-08-17T18:48:05Z,
60.214.128.238,ipv4,malicious-ip,medium,WHITE,ziyadnz/hourly-ipv4,ziyadnz|hourly,2026-08-17T18:48:05Z,2026-08-17T18:48:05Z,
60.214.142.138,ipv4,malicious-ip,medium,WHITE,ziyadnz/hourly-ipv4,ziyadnz|hourly,2026-08-17T18:48:05Z,2026-08-17T18:48:05Z,
60.214.154.254,ipv4,malicious-ip,medium,WHITE,ziyadnz/hourly-ipv4,ziyadnz|hourly,2026-08-17T18:48:05Z,2026-08-17T18:48:05Z,
60.214.81.244,ipv4,malicious-ip,medium,WHITE,ziyadnz/hourly-ipv4,ziyadnz|hourly,2026-08-17T18:48:05Z,2026-08-17T18:48:05Z,
60.215.208.152,ipv4,malicious-ip,medium,WHITE,ziyadnz/hourly-ipv4,ziyadnz|hourly,2026-08-17T18:48:05Z,2026-08-17T18:48:05Z,
60.215.5.112,ipv4,malicious-ip,medium,WHITE,ziyadnz/hourly-ipv4,ziyadnz|hourly,2026-08-17T18:48:05Z,2026-08-17T18:48:05Z,
60.215.53.53,ipv4,malicious-ip,medium,WHITE,ziyadnz/hourly-ipv4,ziyadnz|hourly,2026-08-17T18:48:05Z,2026-08-17T18:48:05Z,
60.216.122.223,ipv4,malicious-ip,medium,WHITE,ziyadnz/hourly-ipv4,ziyadnz|hourly,2026-08-17T18:48:05Z,2026-08-17T18:48:05Z,
60.216.178.159,ipv4,malicious-ip,medium,WHITE,ziyadnz/hourly-ipv4,ziyadnz|hourly,2026-08-17T18:48:05Z,2026-08-17T18:48:05Z,
60.216.187.64,ipv4,malicious-ip,medium,WHITE,ziyadnz/hourly-ipv4,ziyadnz|hourly,2026-08-17T18:48:05Z,2026-08-17T18:48:05Z,
60.216.222.190,ipv4,malicious-ip,medium,WHITE,ziyadnz/hourly-ipv4,ziyadnz|hourly,2026-08-17T18:48:05Z,2026-08-17T18:48:05Z,
60.217.211.151,ipv4,malicious-ip,medium,WHITE,ziyadnz/hourly-ipv4,ziyadnz|hourly,2026-08-17T18:48:05Z,2026-08-17T18:48:05Z,
60.217.22.185,ipv4,malicious-ip,medium,WHITE,ziyadnz/hourly-ipv4,ziyadnz|hourly,2026-08-17T18:48:05Z,2026-08-17T18:48:05Z,
60.217.61.23,ipv4,malicious-ip,medium,WHITE,ziyadnz/hourly-ipv4,ziyadnz|hourly,2026-08-17T18:48:05Z,2026-08-17T18:48:05Z,
60.217.68.226,ipv4,malicious-ip,medium,WHITE,ziyadnz/hourly-ipv4,ziyadnz|hourly,2026-08-17T18:48:05Z,2026-08-17T18:48:05Z,
60.218.159.147,ipv4,malicious-ip,medium,WHITE,ziyadnz/hourly-ipv4,ziyadnz|hourly,2026-08-17T18:48:05Z,2026-08-17T18:48:05Z,
60.218.234.143,ipv4,malicious-ip,medium,WHITE,ziyadnz/hourly-ipv4,ziyadnz|hourly,2026-08-17T18:48:05Z,2026-08-17T18:48:05Z,
60.218.243.222,ipv4,malicious-ip,medium,WHITE,ziyadnz/hourly-ipv4,ziyadnz|hourly,2026-08-17T18:48:05Z,2026-08-17T18:48:05Z,
60.219.131.19,ipv4,malicious-ip,medium,WHITE,ziyadnz/hourly-ipv4,ziyadnz|hourly,2026-08-17T18:48:05Z,2026-08-17T18:48:05Z,
60.22.60.153,ipv4,malicious-ip,medium,WHITE,ziyadnz/hourly-ipv4,ziyadnz|hourly,2026-08-17T18:48:05Z,2026-08-17T18:48:05Z,
60.221.134.207,ipv4,malicious-ip,medium,WHITE,ziyadnz/hourly-ipv4,ziyadnz|hourly,2026-08-17T18:48:05Z,2026-08-17T18:48:05Z,
60.222.237.162,ipv4,malicious-ip,medium,WHITE,ziyadnz/hourly-ipv4,ziyadnz|hourly,2026-08-17T18:48:05Z,2026-08-17T18:48:05Z,
60.223.127.11,ipv4,malicious-ip,medium,WHITE,ziyadnz/hourly-ipv4,ziyadnz|hourly,2026-08-17T18:48:05Z,2026-08-17T18:48:05Z,
60.227.203.10,ipv4,malicious-ip,medium,WHITE,ziyadnz/hourly-ipv4,ziyadnz|hourly,2026-08-17T18:48:05Z,2026-08-17T18:48:05Z,
60.23.214.107,ipv4,malicious-ip,medium,WHITE,ziyadnz/hourly-ipv4,ziyadnz|hourly,2026-08-17T18:48:05Z,2026-08-17T18:48:05Z,
60.23.68.25,ipv4,malicious-ip,medium,WHITE,ziyadnz/hourly-ipv4,ziyadnz|hourly,2026-08-17T18:48:05Z,2026-08-17T18:48:05Z,
60.24.208.184,ipv4,malicious-ip,medium,WHITE,ziyadnz/hourly-ipv4,ziyadnz|hourly,2026-08-17T18:48:05Z,2026-08-17T18:48:05Z,
60.24.87.61,ipv4,malicious-ip,medium,WHITE,ziyadnz/hourly-ipv4,ziyadnz|hourly,2026-08-17T18:48:05Z,2026-08-17T18:48:05Z,
60.241.75.136,ipv4,malicious-ip,medium,WHITE,ziyadnz/hourly-ipv4,ziyadnz|hourly,2026-08-17T18:48:05Z,2026-08-17T18:48:05Z,
60.243.124.179,ipv4,malicious-ip,medium,WHITE,ziyadnz/hourly-ipv4,ziyadnz|hourly,2026-08-17T18:48:05Z,2026-08-17T18:48:05Z,
60.243.214.233,ipv4,malicious-ip,medium,WHITE,ziyadnz/hourly-ipv4,ziyadnz|hourly,2026-08-17T18:48:05Z,2026-08-17T18:48:05Z,
60.245.60.224,ipv4,malicious-ip,medium,WHITE,ziyadnz/hourly-ipv4,ziyadnz|hourly,2026-08-17T18:48:05Z,2026-08-17T18:48:05Z,
60.247.154.77,ipv4,malicious-ip,medium,WHITE,ziyadnz/hourly-ipv4,ziyadnz|hourly,2026-08-17T18:48:05Z,2026-08-17T18:48:05Z,
60.248.68.185,ipv4,malicious-ip,medium,WHITE,ziyadnz/hourly-ipv4,ziyadnz|hourly,2026-08-17T18:48:05Z,2026-08-17T18:48:05Z,
60.249.0.34,ipv4,malicious-ip,medium,WHITE,ziyadnz/hourly-ipv4,ziyadnz|hourly,2026-08-17T18:48:05Z,2026-08-17T18:48:05Z,
60.249.118.70,ipv4,malicious-ip,medium,WHITE,ziyadnz/hourly-ipv4,ziyadnz|hourly,2026-08-17T18:48:05Z,2026-08-17T18:48:05Z,
60.249.207.150,ipv4,malicious-ip,medium,WHITE,ziyadnz/hourly-ipv4,ziyadnz|hourly,2026-08-17T18:48:05Z,2026-08-17T18:48:05Z,
60.249.241.113,ipv4,malicious-ip,medium,WHITE,ziyadnz/hourly-ipv4,ziyadnz|hourly,2026-08-17T18:48:05Z,2026-08-17T18:48:05Z,
60.249.251.88,ipv4,malicious-ip,medium,WHITE,ziyadnz/hourly-ipv4,ziyadnz|hourly,2026-08-17T18:48:05Z,2026-08-17T18:48:05Z,
60.249.252.94,ipv4,malicious-ip,medium,WHITE,ziyadnz/hourly-ipv4,ziyadnz|hourly,2026-08-17T18:48:05Z,2026-08-17T18:48:05Z,
60.249.3.202,ipv4,malicious-ip,medium,WHITE,ziyadnz/hourly-ipv4,ziyadnz|hourly,2026-08-17T18:48:05Z,2026-08-17T18:48:05Z,
60.249.7.157,ipv4,malicious-ip,medium,WHITE,ziyadnz/hourly-ipv4,ziyadnz|hourly,2026-08-17T18:48:05Z,2026-08-17T18:48:05Z,
60.249.81.104,ipv4,malicious-ip,medium,WHITE,ziyadnz/hourly-ipv4,ziyadnz|hourly,2026-08-17T18:48:05Z,2026-08-17T18:48:05Z,
60.249.94.132,ipv4,malicious-ip,medium,WHITE,ziyadnz/hourly-ipv4,ziyadnz|hourly,2026-08-17T18:48:05Z,2026-08-17T18:48:05Z,
60.25.243.100,ipv4,malicious-ip,medium,WHITE,ziyadnz/hourly-ipv4,ziyadnz|hourly,2026-08-17T18:48:05Z,2026-08-17T18:48:05Z,
60.250.225.51,ipv4,malicious-ip,medium,WHITE,ziyadnz/hourly-ipv4,ziyadnz|hourly,2026-08-17T18:48:05Z,2026-08-17T18:48:05Z,
60.250.246.134,ipv4,malicious-ip,medium,WHITE,ziyadnz/hourly-ipv4,ziyadnz|hourly,2026-08-17T18:48:05Z,2026-08-17T18:48:05Z,
60.251.229.144,ipv4,malicious-ip,medium,WHITE,ziyadnz/hourly-ipv4,ziyadnz|hourly,2026-08-17T18:48:05Z,2026-08-17T18:48:05Z,
60.251.40.153,ipv4,malicious-ip,medium,WHITE,ziyadnz/hourly-ipv4,ziyadnz|hourly,2026-08-17T18:48:05Z,2026-08-17T18:48:05Z,
60.251.42.216,ipv4,malicious-ip,medium,WHITE,ziyadnz/hourly-ipv4,ziyadnz|hourly,2026-08-17T18:48:05Z,2026-08-17T18:48:05Z,
60.253.115.6,ipv4,malicious-ip,medium,WHITE,ziyadnz/hourly-ipv4,ziyadnz|hourly,2026-08-17T18:48:05Z,2026-08-17T18:48:05Z,
60.254.0.77,ipv4,malicious-ip,medium,WHITE,ziyadnz/hourly-ipv4,ziyadnz|hourly,2026-08-17T18:48:05Z,2026-08-17T18:48:05Z,
60.28.47.34,ipv4,malicious-ip,medium,WHITE,ziyadnz/hourly-ipv4,ziyadnz|hourly,2026-08-17T18:48:05Z,2026-08-17T18:48:05Z,
60.29.226.181,ipv4,malicious-ip,medium,WHITE,ziyadnz/hourly-ipv4,ziyadnz|hourly,2026-08-17T18:48:05Z,2026-08-17T18:48:05Z,
60.30.147.18,ipv4,malicious-ip,medium,WHITE,ziyadnz/hourly-ipv4,ziyadnz|hourly,2026-08-17T18:48:05Z,2026-08-17T18:48:05Z,
60.31.103.40,ipv4,malicious-ip,medium,WHITE,ziyadnz/hourly-ipv4,ziyadnz|hourly,2026-08-17T18:48:05Z,2026-08-17T18:48:05Z,
60.31.104.114,ipv4,malicious-ip,medium,WHITE,ziyadnz/hourly-ipv4,ziyadnz|hourly,2026-08-17T18:48:05Z,2026-08-17T18:48:05Z,
60.31.105.154,ipv4,malicious-ip,medium,WHITE,ziyadnz/hourly-ipv4,ziyadnz|hourly,2026-08-17T18:48:05Z,2026-08-17T18:48:05Z,
60.31.127.170,ipv4,malicious-ip,medium,WHITE,ziyadnz/hourly-ipv4,ziyadnz|hourly,2026-08-17T18:48:05Z,2026-08-17T18:48:05Z,
60.31.253.148,ipv4,malicious-ip,medium,WHITE,ziyadnz/hourly-ipv4,ziyadnz|hourly,2026-08-17T18:48:05Z,2026-08-17T18:48:05Z,
60.31.254.26,ipv4,malicious-ip,medium,WHITE,ziyadnz/hourly-ipv4,ziyadnz|hourly,2026-08-17T18:48:05Z,2026-08-17T18:48:05Z,
60.48.162.119,ipv4,malicious-ip,medium,WHITE,ziyadnz/hourly-ipv4,ziyadnz|hourly,2026-08-17T18:48:05Z,2026-08-17T18:48:05Z,
60.5.85.146,ipv4,malicious-ip,medium,WHITE,ziyadnz/hourly-ipv4,ziyadnz|hourly,2026-08-17T18:48:05Z,2026-08-17T18:48:05Z,
60.50.132.48,ipv4,malicious-ip,medium,WHITE,ziyadnz/hourly-ipv4,ziyadnz|hourly,2026-08-17T18:48:05Z,2026-08-17T18:48:05Z,
60.50.137.200,ipv4,malicious-ip,medium,WHITE,ziyadnz/hourly-ipv4,ziyadnz|hourly,2026-08-17T18:48:05Z,2026-08-17T18:48:05Z,
60.50.71.58,ipv4,malicious-ip,medium,WHITE,ziyadnz/hourly-ipv4,ziyadnz|hourly,2026-08-17T18:48:05Z,2026-08-17T18:48:05Z,
60.51.15.157,ipv4,malicious-ip,medium,WHITE,ziyadnz/hourly-ipv4,ziyadnz|hourly,2026-08-17T18:48:05Z,2026-08-17T18:48:05Z,
60.51.158.31,ipv4,malicious-ip,medium,WHITE,ziyadnz/hourly-ipv4,ziyadnz|hourly,2026-08-17T18:48:05Z,2026-08-17T18:48:05Z,
60.52.195.251,ipv4,malicious-ip,medium,WHITE,ziyadnz/hourly-ipv4,ziyadnz|hourly,2026-08-17T18:48:05Z,2026-08-17T18:48:05Z,
60.53.155.135,ipv4,malicious-ip,medium,WHITE,ziyadnz/hourly-ipv4,ziyadnz|hourly,2026-08-17T18:48:05Z,2026-08-17T18:48:05Z,
60.53.240.122,ipv4,malicious-ip,medium,WHITE,ziyadnz/hourly-ipv4,ziyadnz|hourly,2026-08-17T18:48:05Z,2026-08-17T18:48:05Z,
60.53.84.88,ipv4,malicious-ip,medium,WHITE,ziyadnz/hourly-ipv4,ziyadnz|hourly,2026-08-17T18:48:05Z,2026-08-17T18:48:05Z,
60.7.66.36,ipv4,malicious-ip,medium,WHITE,ziyadnz/hourly-ipv4,ziyadnz|hourly,2026-08-17T18:48:05Z,2026-08-17T18:48:05Z,
60.8.18.30,ipv4,malicious-ip,medium,WHITE,ziyadnz/hourly-ipv4,ziyadnz|hourly,2026-08-17T18:48:05Z,2026-08-17T18:48:05Z,
60.9.110.177,ipv4,malicious-ip,medium,WHITE,ziyadnz/hourly-ipv4,ziyadnz|hourly,2026-08-17T18:48:05Z,2026-08-17T18:48:05Z,
60.9.163.115,ipv4,malicious-ip,medium,WHITE,ziyadnz/hourly-ipv4,ziyadnz|hourly,2026-08-17T18:48:05Z,2026-08-17T18:48:05Z,
60.9.70.151,ipv4,malicious-ip,medium,WHITE,ziyadnz/hourly-ipv4,ziyadnz|hourly,2026-08-17T18:48:05Z,2026-08-17T18:48:05Z,
61.0.216.59,ipv4,malicious-ip,medium,WHITE,ziyadnz/hourly-ipv4,ziyadnz|hourly,2026-08-17T18:48:05Z,2026-08-17T18:48:05Z,
61.0.219.225,ipv4,malicious-ip,medium,WHITE,ziyadnz/hourly-ipv4,ziyadnz|hourly,2026-08-17T18:48:05Z,2026-08-17T18:48:05Z,
61.0.226.99,ipv4,malicious-ip,medium,WHITE,ziyadnz/hourly-ipv4,ziyadnz|hourly,2026-08-17T18:48:05Z,2026-08-17T18:48:05Z,
61.0.40.101,ipv4,malicious-ip,medium,WHITE,ziyadnz/hourly-ipv4,ziyadnz|hourly,2026-08-17T18:48:05Z,2026-08-17T18:48:05Z,
61.0.44.251,ipv4,malicious-ip,medium,WHITE,ziyadnz/hourly-ipv4,ziyadnz|hourly,2026-08-17T18:48:05Z,2026-08-17T18:48:05Z,
61.0.63.37,ipv4,malicious-ip,medium,WHITE,ziyadnz/hourly-ipv4,ziyadnz|hourly,2026-08-17T18:48:05Z,2026-08-17T18:48:05Z,
61.1.116.149,ipv4,malicious-ip,medium,WHITE,ziyadnz/hourly-ipv4,ziyadnz|hourly,2026-08-17T18:48:05Z,2026-08-17T18:48:05Z,
61.1.174.133,ipv4,malicious-ip,medium,WHITE,ziyadnz/hourly-ipv4,ziyadnz|hourly,2026-08-17T18:48:05Z,2026-08-17T18:48:05Z,
61.1.226.75,ipv4,malicious-ip,medium,WHITE,ziyadnz/hourly-ipv4,ziyadnz|hourly,2026-08-17T18:48:05Z,2026-08-17T18:48:05Z,
61.102.122.113,ipv4,malicious-ip,medium,WHITE,ziyadnz/hourly-ipv4,ziyadnz|hourly,2026-08-17T18:48:05Z,2026-08-17T18:48:05Z,
61.102.69.211,ipv4,malicious-ip,medium,WHITE,ziyadnz/hourly-ipv4,ziyadnz|hourly,2026-08-17T18:48:05Z,2026-08-17T18:48:05Z,
61.111.250.139,ipv4,malicious-ip,medium,WHITE,ziyadnz/hourly-ipv4,ziyadnz|hourly,2026-08-17T18:48:05Z,2026-08-17T18:48:05Z,
61.12.84.172,ipv4,malicious-ip,medium,WHITE,ziyadnz/hourly-ipv4,ziyadnz|hourly,2026-08-17T18:48:05Z,2026-08-17T18:48:05Z,
61.12.86.90,ipv4,malicious-ip,medium,WHITE,ziyadnz/hourly-ipv4,ziyadnz|hourly,2026-08-17T18:48:05Z,2026-08-17T18:48:05Z,
61.129.155.196,ipv4,malicious-ip,medium,WHITE,ziyadnz/hourly-ipv4,ziyadnz|hourly,2026-08-17T18:48:05Z,2026-08-17T18:48:05Z,
61.129.155.200,ipv4,malicious-ip,medium,WHITE,ziyadnz/hourly-ipv4,ziyadnz|hourly,2026-08-17T18:48:05Z,2026-08-17T18:48:05Z,
61.129.155.204,ipv4,malicious-ip,medium,WHITE,ziyadnz/hourly-ipv4,ziyadnz|hourly,2026-08-17T18:48:05Z,2026-08-17T18:48:05Z,
61.129.41.146,ipv4,malicious-ip,medium,WHITE,ziyadnz/hourly-ipv4,ziyadnz|hourly,2026-08-17T18:48:05Z,2026-08-17T18:48:05Z,
61.129.70.208,ipv4,malicious-ip,medium,WHITE,ziyadnz/hourly-ipv4,ziyadnz|hourly,2026-08-17T18:48:05Z,2026-08-17T18:48:05Z,
61.130.106.126,ipv4,malicious-ip,medium,WHITE,ziyadnz/hourly-ipv4,ziyadnz|hourly,2026-08-17T18:48:05Z,2026-08-17T18:48:05Z,
61.130.162.246,ipv4,malicious-ip,medium,WHITE,ziyadnz/hourly-ipv4,ziyadnz|hourly,2026-08-17T18:48:05Z,2026-08-17T18:48:05Z,
61.132.217.130,ipv4,malicious-ip,medium,WHITE,ziyadnz/hourly-ipv4,ziyadnz|hourly,2026-08-17T18:48:05Z,2026-08-17T18:48:05Z,
61.133.118.6,ipv4,malicious-ip,medium,WHITE,ziyadnz/hourly-ipv4,ziyadnz|hourly,2026-08-17T18:48:05Z,2026-08-17T18:48:05Z,
61.133.193.42,ipv4,malicious-ip,medium,WHITE,ziyadnz/hourly-ipv4,ziyadnz|hourly,2026-08-17T18:48:05Z,2026-08-17T18:48:05Z,
61.133.7.115,ipv4,malicious-ip,medium,WHITE,ziyadnz/hourly-ipv4,ziyadnz|hourly,2026-08-17T18:48:05Z,2026-08-17T18:48:05Z,
61.133.76.223,ipv4,malicious-ip,medium,WHITE,ziyadnz/hourly-ipv4,ziyadnz|hourly,2026-08-17T18:48:05Z,2026-08-17T18:48:05Z,
61.134.122.26,ipv4,malicious-ip,medium,WHITE,ziyadnz/hourly-ipv4,ziyadnz|hourly,2026-08-17T18:48:05Z,2026-08-17T18:48:05Z,
61.134.140.206,ipv4,malicious-ip,medium,WHITE,ziyadnz/hourly-ipv4,ziyadnz|hourly,2026-08-17T18:48:05Z,2026-08-17T18:48:05Z,
61.134.25.106,ipv4,malicious-ip,medium,WHITE,ziyadnz/hourly-ipv4,ziyadnz|hourly,2026-08-17T18:48:05Z,2026-08-17T18:48:05Z,
61.134.63.162,ipv4,malicious-ip,medium,WHITE,ziyadnz/hourly-ipv4,ziyadnz|hourly,2026-08-17T18:48:05Z,2026-08-17T18:48:05Z,
61.136.151.178,ipv4,malicious-ip,medium,WHITE,ziyadnz/hourly-ipv4,ziyadnz|hourly,2026-08-17T18:48:05Z,2026-08-17T18:48:05Z,
61.136.212.5,ipv4,malicious-ip,medium,WHITE,ziyadnz/hourly-ipv4,ziyadnz|hourly,2026-08-17T18:48:05Z,2026-08-17T18:48:05Z,
61.136.224.3,ipv4,malicious-ip,medium,WHITE,ziyadnz/hourly-ipv4,ziyadnz|hourly,2026-08-17T18:48:05Z,2026-08-17T18:48:05Z,
61.136.251.22,ipv4,malicious-ip,medium,WHITE,ziyadnz/hourly-ipv4,ziyadnz|hourly,2026-08-17T18:48:05Z,2026-08-17T18:48:05Z,
61.136.71.171,ipv4,malicious-ip,medium,WHITE,ziyadnz/hourly-ipv4,ziyadnz|hourly,2026-08-17T18:48:05Z,2026-08-17T18:48:05Z,
61.138.160.147,ipv4,malicious-ip,medium,WHITE,ziyadnz/hourly-ipv4,ziyadnz|hourly,2026-08-17T18:48:05Z,2026-08-17T18:48:05Z,
61.138.228.132,ipv4,malicious-ip,medium,WHITE,ziyadnz/hourly-ipv4,ziyadnz|hourly,2026-08-17T18:48:05Z,2026-08-17T18:48:05Z,
61.139.76.99,ipv4,malicious-ip,medium,WHITE,ziyadnz/hourly-ipv4,ziyadnz|hourly,2026-08-17T18:48:05Z,2026-08-17T18:48:05Z,
61.14.68.33,ipv4,malicious-ip,medium,WHITE,ziyadnz/hourly-ipv4,ziyadnz|hourly,2026-08-17T18:48:05Z,2026-08-17T18:48:05Z,
61.142.18.197,ipv4,malicious-ip,medium,WHITE,ziyadnz/hourly-ipv4,ziyadnz|hourly,2026-08-17T18:48:05Z,2026-08-17T18:48:05Z,
61.142.205.136,ipv4,malicious-ip,medium,WHITE,ziyadnz/hourly-ipv4,ziyadnz|hourly,2026-08-17T18:48:05Z,2026-08-17T18:48:05Z,
61.142.37.242,ipv4,malicious-ip,medium,WHITE,ziyadnz/hourly-ipv4,ziyadnz|hourly,2026-08-17T18:48:05Z,2026-08-17T18:48:05Z,
61.142.42.201,ipv4,malicious-ip,medium,WHITE,ziyadnz/hourly-ipv4,ziyadnz|hourly,2026-08-17T18:48:05Z,2026-08-17T18:48:05Z,
61.142.44.132,ipv4,malicious-ip,medium,WHITE,ziyadnz/hourly-ipv4,ziyadnz|hourly,2026-08-17T18:48:05Z,2026-08-17T18:48:05Z,
61.142.57.14,ipv4,malicious-ip,medium,WHITE,ziyadnz/hourly-ipv4,ziyadnz|hourly,2026-08-17T18:48:05Z,2026-08-17T18:48:05Z,
61.145.137.52,ipv4,malicious-ip,medium,WHITE,ziyadnz/hourly-ipv4,ziyadnz|hourly,2026-08-17T18:48:05Z,2026-08-17T18:48:05Z,
61.145.190.218,ipv4,malicious-ip,medium,WHITE,ziyadnz/hourly-ipv4,ziyadnz|hourly,2026-08-17T18:48:05Z,2026-08-17T18:48:05Z,
61.146.163.30,ipv4,malicious-ip,medium,WHITE,ziyadnz/hourly-ipv4,ziyadnz|hourly,2026-08-17T18:48:05Z,2026-08-17T18:48:05Z,
61.146.235.54,ipv4,malicious-ip,medium,WHITE,ziyadnz/hourly-ipv4,ziyadnz|hourly,2026-08-17T18:48:05Z,2026-08-17T18:48:05Z,
61.147.209.165,ipv4,malicious-ip,medium,WHITE,ziyadnz/hourly-ipv4,ziyadnz|hourly,2026-08-17T18:48:05Z,2026-08-17T18:48:05Z,
61.147.209.31,ipv4,malicious-ip,medium,WHITE,ziyadnz/hourly-ipv4,ziyadnz|hourly,2026-08-17T18:48:05Z,2026-08-17T18:48:05Z,
61.149.183.194,ipv4,malicious-ip,medium,WHITE,ziyadnz/hourly-ipv4,ziyadnz|hourly,2026-08-17T18:48:05Z,2026-08-17T18:48:05Z,
61.151.249.194,ipv4,malicious-ip,medium,WHITE,ziyadnz/hourly-ipv4,ziyadnz|hourly,2026-08-17T18:48:05Z,2026-08-17T18:48:05Z,
61.152.118.26,ipv4,malicious-ip,medium,WHITE,ziyadnz/hourly-ipv4,ziyadnz|hourly,2026-08-17T18:48:05Z,2026-08-17T18:48:05Z,
61.153.104.6,ipv4,malicious-ip,medium,WHITE,ziyadnz/hourly-ipv4,ziyadnz|hourly,2026-08-17T18:48:05Z,2026-08-17T18:48:05Z,
61.153.147.38,ipv4,malicious-ip,medium,WHITE,ziyadnz/hourly-ipv4,ziyadnz|hourly,2026-08-17T18:48:05Z,2026-08-17T18:48:05Z,
61.153.185.193,ipv4,malicious-ip,medium,WHITE,ziyadnz/hourly-ipv4,ziyadnz|hourly,2026-08-17T18:48:05Z,2026-08-17T18:48:05Z,
61.153.207.234,ipv4,malicious-ip,medium,WHITE,ziyadnz/hourly-ipv4,ziyadnz|hourly,2026-08-17T18:48:05Z,2026-08-17T18:48:05Z,
61.155.106.101,ipv4,malicious-ip,medium,WHITE,ziyadnz/hourly-ipv4,ziyadnz|hourly,2026-08-17T18:48:05Z,2026-08-17T18:48:05Z,
61.155.110.210,ipv4,malicious-ip,medium,WHITE,ziyadnz/hourly-ipv4,ziyadnz|hourly,2026-08-17T18:48:05Z,2026-08-17T18:48:05Z,
61.155.63.94,ipv4,malicious-ip,medium,WHITE,ziyadnz/hourly-ipv4,ziyadnz|hourly,2026-08-17T18:48:05Z,2026-08-17T18:48:05Z,
61.155.66.10,ipv4,malicious-ip,medium,WHITE,ziyadnz/hourly-ipv4,ziyadnz|hourly,2026-08-17T18:48:05Z,2026-08-17T18:48:05Z,
61.156.247.174,ipv4,malicious-ip,medium,WHITE,ziyadnz/hourly-ipv4,ziyadnz|hourly,2026-08-17T18:48:05Z,2026-08-17T18:48:05Z,
61.156.31.141,ipv4,malicious-ip,medium,WHITE,ziyadnz/hourly-ipv4,ziyadnz|hourly,2026-08-17T18:48:05Z,2026-08-17T18:48:05Z,
61.159.134.116,ipv4,malicious-ip,medium,WHITE,ziyadnz/hourly-ipv4,ziyadnz|hourly,2026-08-17T18:48:05Z,2026-08-17T18:48:05Z,
61.160.122.234,ipv4,malicious-ip,medium,WHITE,ziyadnz/hourly-ipv4,ziyadnz|hourly,2026-08-17T18:48:05Z,2026-08-17T18:48:05Z,
61.160.223.114,ipv4,malicious-ip,medium,WHITE,ziyadnz/hourly-ipv4,ziyadnz|hourly,2026-08-17T18:48:05Z,2026-08-17T18:48:05Z,
61.160.91.142,ipv4,malicious-ip,medium,WHITE,ziyadnz/hourly-ipv4,ziyadnz|hourly,2026-08-17T18:48:05Z,2026-08-17T18:48:05Z,
61.161.21.131,ipv4,malicious-ip,medium,WHITE,ziyadnz/hourly-ipv4,ziyadnz|hourly,2026-08-17T18:48:05Z,2026-08-17T18:48:05Z,
61.161.232.10,ipv4,malicious-ip,medium,WHITE,ziyadnz/hourly-ipv4,ziyadnz|hourly,2026-08-17T18:48:05Z,2026-08-17T18:48:05Z,
61.162.131.211,ipv4,malicious-ip,medium,WHITE,ziyadnz/hourly-ipv4,ziyadnz|hourly,2026-08-17T18:48:05Z,2026-08-17T18:48:05Z,
61.162.142.151,ipv4,malicious-ip,medium,WHITE,ziyadnz/hourly-ipv4,ziyadnz|hourly,2026-08-17T18:48:05Z,2026-08-17T18:48:05Z,
61.162.225.13,ipv4,malicious-ip,medium,WHITE,ziyadnz/hourly-ipv4,ziyadnz|hourly,2026-08-17T18:48:05Z,2026-08-17T18:48:05Z,
61.163.115.205,ipv4,malicious-ip,medium,WHITE,ziyadnz/hourly-ipv4,ziyadnz|hourly,2026-08-17T18:48:05Z,2026-08-17T18:48:05Z,
61.163.232.110,ipv4,malicious-ip,medium,WHITE,ziyadnz/hourly-ipv4,ziyadnz|hourly,2026-08-17T18:48:05Z,2026-08-17T18:48:05Z,
61.163.26.118,ipv4,malicious-ip,medium,WHITE,ziyadnz/hourly-ipv4,ziyadnz|hourly,2026-08-17T18:48:05Z,2026-08-17T18:48:05Z,
61.163.64.4,ipv4,malicious-ip,medium,WHITE,ziyadnz/hourly-ipv4,ziyadnz|hourly,2026-08-17T18:48:05Z,2026-08-17T18:48:05Z,
61.163.69.238,ipv4,malicious-ip,medium,WHITE,ziyadnz/hourly-ipv4,ziyadnz|hourly,2026-08-17T18:48:05Z,2026-08-17T18:48:05Z,
61.164.113.57,ipv4,malicious-ip,medium,WHITE,ziyadnz/hourly-ipv4,ziyadnz|hourly,2026-08-17T18:48:05Z,2026-08-17T18:48:05Z,
61.164.189.35,ipv4,malicious-ip,medium,WHITE,ziyadnz/hourly-ipv4,ziyadnz|hourly,2026-08-17T18:48:05Z,2026-08-17T18:48:05Z,
61.164.47.46,ipv4,malicious-ip,medium,WHITE,ziyadnz/hourly-ipv4,ziyadnz|hourly,2026-08-17T18:48:05Z,2026-08-17T18:48:05Z,
61.164.69.214,ipv4,malicious-ip,medium,WHITE,ziyadnz/hourly-ipv4,ziyadnz|hourly,2026-08-17T18:48:05Z,2026-08-17T18:48:05Z,
61.164.72.94,ipv4,malicious-ip,medium,WHITE,ziyadnz/hourly-ipv4,ziyadnz|hourly,2026-08-17T18:48:05Z,2026-08-17T18:48:05Z,
61.164.73.190,ipv4,malicious-ip,medium,WHITE,ziyadnz/hourly-ipv4,ziyadnz|hourly,2026-08-17T18:48:05Z,2026-08-17T18:48:05Z,
61.166.142.59,ipv4,malicious-ip,medium,WHITE,ziyadnz/hourly-ipv4,ziyadnz|hourly,2026-08-17T18:48:05Z,2026-08-17T18:48:05Z,
61.167.142.204,ipv4,malicious-ip,medium,WHITE,ziyadnz/hourly-ipv4,ziyadnz|hourly,2026-08-17T18:48:05Z,2026-08-17T18:48:05Z,
61.168.101.16,ipv4,malicious-ip,medium,WHITE,ziyadnz/hourly-ipv4,ziyadnz|hourly,2026-08-17T18:48:05Z,2026-08-17T18:48:05Z,
61.169.106.246,ipv4,malicious-ip,medium,WHITE,ziyadnz/hourly-ipv4,ziyadnz|hourly,2026-08-17T18:48:05Z,2026-08-17T18:48:05Z,
61.169.143.228,ipv4,malicious-ip,medium,WHITE,ziyadnz/hourly-ipv4,ziyadnz|hourly,2026-08-17T18:48:05Z,2026-08-17T18:48:05Z,
61.169.202.234,ipv4,malicious-ip,medium,WHITE,ziyadnz/hourly-ipv4,ziyadnz|hourly,2026-08-17T18:48:05Z,2026-08-17T18:48:05Z,
61.169.211.98,ipv4,malicious-ip,medium,WHITE,ziyadnz/hourly-ipv4,ziyadnz|hourly,2026-08-17T18:48:05Z,2026-08-17T18:48:05Z,
61.170.145.34,ipv4,malicious-ip,medium,WHITE,ziyadnz/hourly-ipv4,ziyadnz|hourly,2026-08-17T18:48:05Z,2026-08-17T18:48:05Z,
61.170.150.244,ipv4,malicious-ip,medium,WHITE,ziyadnz/hourly-ipv4,ziyadnz|hourly,2026-08-17T18:48:05Z,2026-08-17T18:48:05Z,
61.170.161.60,ipv4,malicious-ip,medium,WHITE,ziyadnz/hourly-ipv4,ziyadnz|hourly,2026-08-17T18:48:05Z,2026-08-17T18:48:05Z,
61.170.225.9,ipv4,malicious-ip,medium,WHITE,ziyadnz/hourly-ipv4,ziyadnz|hourly,2026-08-17T18:48:05Z,2026-08-17T18:48:05Z,
61.171.116.156,ipv4,malicious-ip,medium,WHITE,ziyadnz/hourly-ipv4,ziyadnz|hourly,2026-08-17T18:48:05Z,2026-08-17T18:48:05Z,
61.171.116.46,ipv4,malicious-ip,medium,WHITE,ziyadnz/hourly-ipv4,ziyadnz|hourly,2026-08-17T18:48:05Z,2026-08-17T18:48:05Z,
61.171.99.150,ipv4,malicious-ip,medium,WHITE,ziyadnz/hourly-ipv4,ziyadnz|hourly,2026-08-17T18:48:05Z,2026-08-17T18:48:05Z,
61.173.156.182,ipv4,malicious-ip,medium,WHITE,ziyadnz/hourly-ipv4,ziyadnz|hourly,2026-08-17T18:48:05Z,2026-08-17T18:48:05Z,
61.173.159.13,ipv4,malicious-ip,medium,WHITE,ziyadnz/hourly-ipv4,ziyadnz|hourly,2026-08-17T18:48:05Z,2026-08-17T18:48:05Z,
61.174.210.236,ipv4,malicious-ip,medium,WHITE,ziyadnz/hourly-ipv4,ziyadnz|hourly,2026-08-17T18:48:05Z,2026-08-17T18:48:05Z,
61.175.221.14,ipv4,malicious-ip,medium,WHITE,ziyadnz/hourly-ipv4,ziyadnz|hourly,2026-08-17T18:48:05Z,2026-08-17T18:48:05Z,
61.175.245.210,ipv4,malicious-ip,medium,WHITE,ziyadnz/hourly-ipv4,ziyadnz|hourly,2026-08-17T18:48:05Z,2026-08-17T18:48:05Z,
61.175.247.2,ipv4,malicious-ip,medium,WHITE,ziyadnz/hourly-ipv4,ziyadnz|hourly,2026-08-17T18:48:05Z,2026-08-17T18:48:05Z,
61.176.213.199,ipv4,malicious-ip,medium,WHITE,ziyadnz/hourly-ipv4,ziyadnz|hourly,2026-08-17T18:48:05Z,2026-08-17T18:48:05Z,
61.177.159.110,ipv4,malicious-ip,medium,WHITE,ziyadnz/hourly-ipv4,ziyadnz|hourly,2026-08-17T18:48:05Z,2026-08-17T18:48:05Z,
61.177.204.250,ipv4,malicious-ip,medium,WHITE,ziyadnz/hourly-ipv4,ziyadnz|hourly,2026-08-17T18:48:05Z,2026-08-17T18:48:05Z,
61.177.238.130,ipv4,malicious-ip,medium,WHITE,ziyadnz/hourly-ipv4,ziyadnz|hourly,2026-08-17T18:48:05Z,2026-08-17T18:48:05Z,
61.178.106.199,ipv4,malicious-ip,medium,WHITE,ziyadnz/hourly-ipv4,ziyadnz|hourly,2026-08-17T18:48:05Z,2026-08-17T18:48:05Z,
61.178.132.132,ipv4,malicious-ip,medium,WHITE,ziyadnz/hourly-ipv4,ziyadnz|hourly,2026-08-17T18:48:05Z,2026-08-17T18:48:05Z,
61.179.102.202,ipv4,malicious-ip,medium,WHITE,ziyadnz/hourly-ipv4,ziyadnz|hourly,2026-08-17T18:48:05Z,2026-08-17T18:48:05Z,
61.179.184.201,ipv4,malicious-ip,medium,WHITE,ziyadnz/hourly-ipv4,ziyadnz|hourly,2026-08-17T18:48:05Z,2026-08-17T18:48:05Z,
61.179.19.16,ipv4,malicious-ip,medium,WHITE,ziyadnz/hourly-ipv4,ziyadnz|hourly,2026-08-17T18:48:05Z,2026-08-17T18:48:05Z,
61.179.60.7,ipv4,malicious-ip,medium,WHITE,ziyadnz/hourly-ipv4,ziyadnz|hourly,2026-08-17T18:48:05Z,2026-08-17T18:48:05Z,
61.180.188.158,ipv4,malicious-ip,medium,WHITE,ziyadnz/hourly-ipv4,ziyadnz|hourly,2026-08-17T18:48:05Z,2026-08-17T18:48:05Z,
61.180.28.12,ipv4,malicious-ip,medium,WHITE,ziyadnz/hourly-ipv4,ziyadnz|hourly,2026-08-17T18:48:05Z,2026-08-17T18:48:05Z,
61.181.140.110,ipv4,malicious-ip,medium,WHITE,ziyadnz/hourly-ipv4,ziyadnz|hourly,2026-08-17T18:48:05Z,2026-08-17T18:48:05Z,
61.182.2.26,ipv4,malicious-ip,medium,WHITE,ziyadnz/hourly-ipv4,ziyadnz|hourly,2026-08-17T18:48:05Z,2026-08-17T18:48:05Z,
61.182.253.34,ipv4,malicious-ip,medium,WHITE,ziyadnz/hourly-ipv4,ziyadnz|hourly,2026-08-17T18:48:05Z,2026-08-17T18:48:05Z,
61.182.70.78,ipv4,malicious-ip,medium,WHITE,ziyadnz/hourly-ipv4,ziyadnz|hourly,2026-08-17T18:48:05Z,2026-08-17T18:48:05Z,
61.183.8.226,ipv4,malicious-ip,medium,WHITE,ziyadnz/hourly-ipv4,ziyadnz|hourly,2026-08-17T18:48:05Z,2026-08-17T18:48:05Z,
61.183.8.243,ipv4,malicious-ip,medium,WHITE,ziyadnz/hourly-ipv4,ziyadnz|hourly,2026-08-17T18:48:05Z,2026-08-17T18:48:05Z,
61.184.13.202,ipv4,malicious-ip,medium,WHITE,ziyadnz/hourly-ipv4,ziyadnz|hourly,2026-08-17T18:48:05Z,2026-08-17T18:48:05Z,
61.184.161.138,ipv4,malicious-ip,medium,WHITE,ziyadnz/hourly-ipv4,ziyadnz|hourly,2026-08-17T18:48:05Z,2026-08-17T18:48:05Z,
61.184.21.192,ipv4,malicious-ip,medium,WHITE,ziyadnz/hourly-ipv4,ziyadnz|hourly,2026-08-17T18:48:05Z,2026-08-17T18:48:05Z,
61.184.36.53,ipv4,malicious-ip,medium,WHITE,ziyadnz/hourly-ipv4,ziyadnz|hourly,2026-08-17T18:48:05Z,2026-08-17T18:48:05Z,
61.184.66.92,ipv4,malicious-ip,medium,WHITE,ziyadnz/hourly-ipv4,ziyadnz|hourly,2026-08-17T18:48:05Z,2026-08-17T18:48:05Z,
61.184.67.82,ipv4,malicious-ip,medium,WHITE,ziyadnz/hourly-ipv4,ziyadnz|hourly,2026-08-17T18:48:05Z,2026-08-17T18:48:05Z,
61.184.71.235,ipv4,malicious-ip,medium,WHITE,ziyadnz/hourly-ipv4,ziyadnz|hourly,2026-08-17T18:48:05Z,2026-08-17T18:48:05Z,
61.184.77.2,ipv4,malicious-ip,medium,WHITE,ziyadnz/hourly-ipv4,ziyadnz|hourly,2026-08-17T18:48:05Z,2026-08-17T18:48:05Z,
61.184.87.135,ipv4,malicious-ip,medium,WHITE,ziyadnz/hourly-ipv4,ziyadnz|hourly,2026-08-17T18:48:05Z,2026-08-17T18:48:05Z,
61.184.92.30,ipv4,malicious-ip,medium,WHITE,ziyadnz/hourly-ipv4,ziyadnz|hourly,2026-08-17T18:48:05Z,2026-08-17T18:48:05Z,
61.185.190.42,ipv4,malicious-ip,medium,WHITE,ziyadnz/hourly-ipv4,ziyadnz|hourly,2026-08-17T18:48:05Z,2026-08-17T18:48:05Z,
61.185.30.170,ipv4,malicious-ip,medium,WHITE,ziyadnz/hourly-ipv4,ziyadnz|hourly,2026-08-17T18:48:05Z,2026-08-17T18:48:05Z,
61.185.73.2,ipv4,malicious-ip,medium,WHITE,ziyadnz/hourly-ipv4,ziyadnz|hourly,2026-08-17T18:48:05Z,2026-08-17T18:48:05Z,
61.188.171.3,ipv4,malicious-ip,medium,WHITE,ziyadnz/hourly-ipv4,ziyadnz|hourly,2026-08-17T18:48:05Z,2026-08-17T18:48:05Z,
61.189.207.20,ipv4,malicious-ip,medium,WHITE,ziyadnz/hourly-ipv4,ziyadnz|hourly,2026-08-17T18:48:05Z,2026-08-17T18:48:05Z,
61.189.207.205,ipv4,malicious-ip,medium,WHITE,ziyadnz/hourly-ipv4,ziyadnz|hourly,2026-08-17T18:48:05Z,2026-08-17T18:48:05Z,
61.189.207.211,ipv4,malicious-ip,medium,WHITE,ziyadnz/hourly-ipv4,ziyadnz|hourly,2026-08-17T18:48:05Z,2026-08-17T18:48:05Z,
61.189.207.65,ipv4,malicious-ip,medium,WHITE,ziyadnz/hourly-ipv4,ziyadnz|hourly,2026-08-17T18:48:05Z,2026-08-17T18:48:05Z,
61.19.148.66,ipv4,malicious-ip,medium,WHITE,ziyadnz/hourly-ipv4,ziyadnz|hourly,2026-08-17T18:48:05Z,2026-08-17T18:48:05Z,
61.19.69.203,ipv4,malicious-ip,medium,WHITE,ziyadnz/hourly-ipv4,ziyadnz|hourly,2026-08-17T18:48:05Z,2026-08-17T18:48:05Z,
61.190.137.130,ipv4,malicious-ip,medium,WHITE,ziyadnz/hourly-ipv4,ziyadnz|hourly,2026-08-17T18:48:05Z,2026-08-17T18:48:05Z,
61.190.16.210,ipv4,malicious-ip,medium,WHITE,ziyadnz/hourly-ipv4,ziyadnz|hourly,2026-08-17T18:48:05Z,2026-08-17T18:48:05Z,
61.191.103.17,ipv4,malicious-ip,medium,WHITE,ziyadnz/hourly-ipv4,ziyadnz|hourly,2026-08-17T18:48:05Z,2026-08-17T18:48:05Z,
61.191.147.223,ipv4,malicious-ip,medium,WHITE,ziyadnz/hourly-ipv4,ziyadnz|hourly,2026-08-17T18:48:05Z,2026-08-17T18:48:05Z,
61.192.187.159,ipv4,malicious-ip,medium,WHITE,ziyadnz/hourly-ipv4,ziyadnz|hourly,2026-08-17T18:48:05Z,2026-08-17T18:48:05Z,
61.2.141.161,ipv4,malicious-ip,medium,WHITE,ziyadnz/hourly-ipv4,ziyadnz|hourly,2026-08-17T18:48:05Z,2026-08-17T18:48:05Z,
61.2.149.218,ipv4,malicious-ip,medium,WHITE,ziyadnz/hourly-ipv4,ziyadnz|hourly,2026-08-17T18:48:05Z,2026-08-17T18:48:05Z,
61.2.212.194,ipv4,malicious-ip,medium,WHITE,ziyadnz/hourly-ipv4,ziyadnz|hourly,2026-08-17T18:48:05Z,2026-08-17T18:48:05Z,
61.2.228.177,ipv4,malicious-ip,medium,WHITE,ziyadnz/hourly-ipv4,ziyadnz|hourly,2026-08-17T18:48:05Z,2026-08-17T18:48:05Z,
61.2.44.54,ipv4,malicious-ip,medium,WHITE,ziyadnz/hourly-ipv4,ziyadnz|hourly,2026-08-17T18:48:05Z,2026-08-17T18:48:05Z,
61.2.72.172,ipv4,malicious-ip,medium,WHITE,ziyadnz/hourly-ipv4,ziyadnz|hourly,2026-08-17T18:48:05Z,2026-08-17T18:48:05Z,
61.205.86.191,ipv4,malicious-ip,medium,WHITE,ziyadnz/hourly-ipv4,ziyadnz|hourly,2026-08-17T18:48:05Z,2026-08-17T18:48:05Z,
61.21.198.19,ipv4,malicious-ip,medium,WHITE,ziyadnz/hourly-ipv4,ziyadnz|hourly,2026-08-17T18:48:05Z,2026-08-17T18:48:05Z,
61.216.12.200,ipv4,malicious-ip,medium,WHITE,ziyadnz/hourly-ipv4,ziyadnz|hourly,2026-08-17T18:48:05Z,2026-08-17T18:48:05Z,
61.216.144.79,ipv4,malicious-ip,medium,WHITE,ziyadnz/hourly-ipv4,ziyadnz|hourly,2026-08-17T18:48:05Z,2026-08-17T18:48:05Z,
61.216.168.215,ipv4,malicious-ip,medium,WHITE,ziyadnz/hourly-ipv4,ziyadnz|hourly,2026-08-17T18:48:05Z,2026-08-17T18:48:05Z,
61.216.28.9,ipv4,malicious-ip,medium,WHITE,ziyadnz/hourly-ipv4,ziyadnz|hourly,2026-08-17T18:48:05Z,2026-08-17T18:48:05Z,
61.216.3.208,ipv4,malicious-ip,medium,WHITE,ziyadnz/hourly-ipv4,ziyadnz|hourly,2026-08-17T18:48:05Z,2026-08-17T18:48:05Z,
61.216.51.179,ipv4,malicious-ip,medium,WHITE,ziyadnz/hourly-ipv4,ziyadnz|hourly,2026-08-17T18:48:05Z,2026-08-17T18:48:05Z,
61.218.239.243,ipv4,malicious-ip,medium,WHITE,ziyadnz/hourly-ipv4,ziyadnz|hourly,2026-08-17T18:48:05Z,2026-08-17T18:48:05Z,
61.219.156.91,ipv4,malicious-ip,medium,WHITE,ziyadnz/hourly-ipv4,ziyadnz|hourly,2026-08-17T18:48:05Z,2026-08-17T18:48:05Z,
61.220.100.193,ipv4,malicious-ip,medium,WHITE,ziyadnz/hourly-ipv4,ziyadnz|hourly,2026-08-17T18:48:05Z,2026-08-17T18:48:05Z,
61.220.238.214,ipv4,malicious-ip,medium,WHITE,ziyadnz/hourly-ipv4,ziyadnz|hourly,2026-08-17T18:48:05Z,2026-08-17T18:48:05Z,
61.220.94.159,ipv4,malicious-ip,medium,WHITE,ziyadnz/hourly-ipv4,ziyadnz|hourly,2026-08-17T18:48:05Z,2026-08-17T18:48:05Z,
61.221.103.73,ipv4,malicious-ip,medium,WHITE,ziyadnz/hourly-ipv4,ziyadnz|hourly,2026-08-17T18:48:05Z,2026-08-17T18:48:05Z,
61.221.104.222,ipv4,malicious-ip,medium,WHITE,ziyadnz/hourly-ipv4,ziyadnz|hourly,2026-08-17T18:48:05Z,2026-08-17T18:48:05Z,
61.221.134.99,ipv4,malicious-ip,medium,WHITE,ziyadnz/hourly-ipv4,ziyadnz|hourly,2026-08-17T18:48:05Z,2026-08-17T18:48:05Z,
61.221.207.130,ipv4,malicious-ip,medium,WHITE,ziyadnz/hourly-ipv4,ziyadnz|hourly,2026-08-17T18:48:05Z,2026-08-17T18:48:05Z,
61.221.3.5,ipv4,malicious-ip,medium,WHITE,ziyadnz/hourly-ipv4,ziyadnz|hourly,2026-08-17T18:48:05Z,2026-08-17T18:48:05Z,
61.222.88.227,ipv4,malicious-ip,medium,WHITE,ziyadnz/hourly-ipv4,ziyadnz|hourly,2026-08-17T18:48:05Z,2026-08-17T18:48:05Z,
61.223.116.74,ipv4,malicious-ip,medium,WHITE,ziyadnz/hourly-ipv4,ziyadnz|hourly,2026-08-17T18:48:05Z,2026-08-17T18:48:05Z,
61.223.6.62,ipv4,malicious-ip,medium,WHITE,ziyadnz/hourly-ipv4,ziyadnz|hourly,2026-08-17T18:48:05Z,2026-08-17T18:48:05Z,
61.223.72.230,ipv4,malicious-ip,medium,WHITE,ziyadnz/hourly-ipv4,ziyadnz|hourly,2026-08-17T18:48:05Z,2026-08-17T18:48:05Z,
61.224.143.150,ipv4,malicious-ip,medium,WHITE,ziyadnz/hourly-ipv4,ziyadnz|hourly,2026-08-17T18:48:05Z,2026-08-17T18:48:05Z,
61.224.96.140,ipv4,malicious-ip,medium,WHITE,ziyadnz/hourly-ipv4,ziyadnz|hourly,2026-08-17T18:48:05Z,2026-08-17T18:48:05Z,
61.228.211.17,ipv4,malicious-ip,medium,WHITE,ziyadnz/hourly-ipv4,ziyadnz|hourly,2026-08-17T18:48:05Z,2026-08-17T18:48:05Z,
61.228.232.91,ipv4,malicious-ip,medium,WHITE,ziyadnz/hourly-ipv4,ziyadnz|hourly,2026-08-17T18:48:05Z,2026-08-17T18:48:05Z,
61.230.44.218,ipv4,malicious-ip,medium,WHITE,ziyadnz/hourly-ipv4,ziyadnz|hourly,2026-08-17T18:48:05Z,2026-08-17T18:48:05Z,
61.231.215.216,ipv4,malicious-ip,medium,WHITE,ziyadnz/hourly-ipv4,ziyadnz|hourly,2026-08-17T18:48:05Z,2026-08-17T18:48:05Z,
61.231.226.182,ipv4,malicious-ip,medium,WHITE,ziyadnz/hourly-ipv4,ziyadnz|hourly,2026-08-17T18:48:05Z,2026-08-17T18:48:05Z,
61.238.103.165,ipv4,malicious-ip,medium,WHITE,ziyadnz/hourly-ipv4,ziyadnz|hourly,2026-08-17T18:48:05Z,2026-08-17T18:48:05Z,
61.239.126.176,ipv4,malicious-ip,medium,WHITE,ziyadnz/hourly-ipv4,ziyadnz|hourly,2026-08-17T18:48:05Z,2026-08-17T18:48:05Z,
61.239.126.80,ipv4,malicious-ip,medium,WHITE,ziyadnz/hourly-ipv4,ziyadnz|hourly,2026-08-17T18:48:05Z,2026-08-17T18:48:05Z,
61.239.68.73,ipv4,malicious-ip,medium,WHITE,ziyadnz/hourly-ipv4,ziyadnz|hourly,2026-08-17T18:48:05Z,2026-08-17T18:48:05Z,
61.240.141.125,ipv4,malicious-ip,medium,WHITE,ziyadnz/hourly-ipv4,ziyadnz|hourly,2026-08-17T18:48:05Z,2026-08-17T18:48:05Z,
61.240.156.37,ipv4,malicious-ip,medium,WHITE,ziyadnz/hourly-ipv4,ziyadnz|hourly,2026-08-17T18:48:05Z,2026-08-17T18:48:05Z,
61.240.17.66,ipv4,malicious-ip,medium,WHITE,ziyadnz/hourly-ipv4,ziyadnz|hourly,2026-08-17T18:48:05Z,2026-08-17T18:48:05Z,
61.240.213.113,ipv4,malicious-ip,medium,WHITE,ziyadnz/hourly-ipv4,ziyadnz|hourly,2026-08-17T18:48:05Z,2026-08-17T18:48:05Z,
61.242.118.164,ipv4,malicious-ip,medium,WHITE,ziyadnz/hourly-ipv4,ziyadnz|hourly,2026-08-17T18:48:05Z,2026-08-17T18:48:05Z,
61.242.178.28,ipv4,malicious-ip,medium,WHITE,ziyadnz/hourly-ipv4,ziyadnz|hourly,2026-08-17T18:48:05Z,2026-08-17T18:48:05Z,
61.244.100.190,ipv4,malicious-ip,medium,WHITE,ziyadnz/hourly-ipv4,ziyadnz|hourly,2026-08-17T18:48:05Z,2026-08-17T18:48:05Z,
61.244.204.54,ipv4,malicious-ip,medium,WHITE,ziyadnz/hourly-ipv4,ziyadnz|hourly,2026-08-17T18:48:05Z,2026-08-17T18:48:05Z,
61.244.94.85,ipv4,malicious-ip,medium,WHITE,ziyadnz/hourly-ipv4,ziyadnz|hourly,2026-08-17T18:48:05Z,2026-08-17T18:48:05Z,
61.245.148.111,ipv4,malicious-ip,medium,WHITE,ziyadnz/hourly-ipv4,ziyadnz|hourly,2026-08-17T18:48:05Z,2026-08-17T18:48:05Z,
61.246.117.234,ipv4,malicious-ip,medium,WHITE,ziyadnz/hourly-ipv4,ziyadnz|hourly,2026-08-17T18:48:05Z,2026-08-17T18:48:05Z,
61.246.46.10,ipv4,malicious-ip,medium,WHITE,ziyadnz/hourly-ipv4,ziyadnz|hourly,2026-08-17T18:48:05Z,2026-08-17T18:48:05Z,
61.246.62.246,ipv4,malicious-ip,medium,WHITE,ziyadnz/hourly-ipv4,ziyadnz|hourly,2026-08-17T18:48:05Z,2026-08-17T18:48:05Z,
61.247.183.133,ipv4,malicious-ip,medium,WHITE,ziyadnz/hourly-ipv4,ziyadnz|hourly,2026-08-17T18:48:05Z,2026-08-17T18:48:05Z,
61.250.91.49,ipv4,malicious-ip,medium,WHITE,ziyadnz/hourly-ipv4,ziyadnz|hourly,2026-08-17T18:48:05Z,2026-08-17T18:48:05Z,
61.252.209.184,ipv4,malicious-ip,medium,WHITE,ziyadnz/hourly-ipv4,ziyadnz|hourly,2026-08-17T18:48:05Z,2026-08-17T18:48:05Z,
61.3.0.240,ipv4,malicious-ip,medium,WHITE,ziyadnz/hourly-ipv4,ziyadnz|hourly,2026-08-17T18:48:05Z,2026-08-17T18:48:05Z,
61.3.115.22,ipv4,malicious-ip,medium,WHITE,ziyadnz/hourly-ipv4,ziyadnz|hourly,2026-08-17T18:48:05Z,2026-08-17T18:48:05Z,
61.3.117.20,ipv4,malicious-ip,medium,WHITE,ziyadnz/hourly-ipv4,ziyadnz|hourly,2026-08-17T18:48:05Z,2026-08-17T18:48:05Z,
61.3.124.191,ipv4,malicious-ip,medium,WHITE,ziyadnz/hourly-ipv4,ziyadnz|hourly,2026-08-17T18:48:05Z,2026-08-17T18:48:05Z,
61.3.196.158,ipv4,malicious-ip,medium,WHITE,ziyadnz/hourly-ipv4,ziyadnz|hourly,2026-08-17T18:48:05Z,2026-08-17T18:48:05Z,
61.3.27.209,ipv4,malicious-ip,medium,WHITE,ziyadnz/hourly-ipv4,ziyadnz|hourly,2026-08-17T18:48:05Z,2026-08-17T18:48:05Z,
61.3.4.28,ipv4,malicious-ip,medium,WHITE,ziyadnz/hourly-ipv4,ziyadnz|hourly,2026-08-17T18:48:05Z,2026-08-17T18:48:05Z,
61.3.7.149,ipv4,malicious-ip,medium,WHITE,ziyadnz/hourly-ipv4,ziyadnz|hourly,2026-08-17T18:48:05Z,2026-08-17T18:48:05Z,
61.3.7.189,ipv4,malicious-ip,medium,WHITE,ziyadnz/hourly-ipv4,ziyadnz|hourly,2026-08-17T18:48:05Z,2026-08-17T18:48:05Z,
61.4.110.108,ipv4,malicious-ip,medium,WHITE,ziyadnz/hourly-ipv4,ziyadnz|hourly,2026-08-17T18:48:05Z,2026-08-17T18:48:05Z,
61.41.231.119,ipv4,malicious-ip,medium,WHITE,ziyadnz/hourly-ipv4,ziyadnz|hourly,2026-08-17T18:48:05Z,2026-08-17T18:48:05Z,
61.41.4.17,ipv4,malicious-ip,medium,WHITE,ziyadnz/hourly-ipv4,ziyadnz|hourly,2026-08-17T18:48:05Z,2026-08-17T18:48:05Z,
61.42.103.133,ipv4,malicious-ip,medium,WHITE,ziyadnz/hourly-ipv4,ziyadnz|hourly,2026-08-17T18:48:05Z,2026-08-17T18:48:05Z,
61.48.5.64,ipv4,malicious-ip,medium,WHITE,ziyadnz/hourly-ipv4,ziyadnz|hourly,2026-08-17T18:48:05Z,2026-08-17T18:48:05Z,
61.49.60.130,ipv4,malicious-ip,medium,WHITE,ziyadnz/hourly-ipv4,ziyadnz|hourly,2026-08-17T18:48:05Z,2026-08-17T18:48:05Z,
61.49.60.146,ipv4,malicious-ip,medium,WHITE,ziyadnz/hourly-ipv4,ziyadnz|hourly,2026-08-17T18:48:05Z,2026-08-17T18:48:05Z,
61.5.147.228,ipv4,malicious-ip,medium,WHITE,ziyadnz/hourly-ipv4,ziyadnz|hourly,2026-08-17T18:48:05Z,2026-08-17T18:48:05Z,
61.5.147.59,ipv4,malicious-ip,medium,WHITE,ziyadnz/hourly-ipv4,ziyadnz|hourly,2026-08-17T18:48:05Z,2026-08-17T18:48:05Z,
61.5.147.66,ipv4,malicious-ip,medium,WHITE,ziyadnz/hourly-ipv4,ziyadnz|hourly,2026-08-17T18:48:05Z,2026-08-17T18:48:05Z,
61.5.153.11,ipv4,malicious-ip,medium,WHITE,ziyadnz/hourly-ipv4,ziyadnz|hourly,2026-08-17T18:48:05Z,2026-08-17T18:48:05Z,
61.50.112.110,ipv4,malicious-ip,medium,WHITE,ziyadnz/hourly-ipv4,ziyadnz|hourly,2026-08-17T18:48:05Z,2026-08-17T18:48:05Z,
61.52.136.7,ipv4,malicious-ip,medium,WHITE,ziyadnz/hourly-ipv4,ziyadnz|hourly,2026-08-17T18:48:05Z,2026-08-17T18:48:05Z,
61.52.46.101,ipv4,malicious-ip,medium,WHITE,ziyadnz/hourly-ipv4,ziyadnz|hourly,2026-08-17T18:48:05Z,2026-08-17T18:48:05Z,
61.52.5.2,ipv4,malicious-ip,medium,WHITE,ziyadnz/hourly-ipv4,ziyadnz|hourly,2026-08-17T18:48:05Z,2026-08-17T18:48:05Z,
61.53.116.105,ipv4,malicious-ip,medium,WHITE,ziyadnz/hourly-ipv4,ziyadnz|hourly,2026-08-17T18:48:05Z,2026-08-17T18:48:05Z,
61.53.14.194,ipv4,malicious-ip,medium,WHITE,ziyadnz/hourly-ipv4,ziyadnz|hourly,2026-08-17T18:48:05Z,2026-08-17T18:48:05Z,
61.53.176.194,ipv4,malicious-ip,medium,WHITE,ziyadnz/hourly-ipv4,ziyadnz|hourly,2026-08-17T18:48:05Z,2026-08-17T18:48:05Z,
61.53.187.144,ipv4,malicious-ip,medium,WHITE,ziyadnz/hourly-ipv4,ziyadnz|hourly,2026-08-17T18:48:05Z,2026-08-17T18:48:05Z,
61.55.10.184,ipv4,malicious-ip,medium,WHITE,ziyadnz/hourly-ipv4,ziyadnz|hourly,2026-08-17T18:48:05Z,2026-08-17T18:48:05Z,
61.56.193.111,ipv4,malicious-ip,medium,WHITE,ziyadnz/hourly-ipv4,ziyadnz|hourly,2026-08-17T18:48:05Z,2026-08-17T18:48:05Z,
61.58.173.247,ipv4,malicious-ip,medium,WHITE,ziyadnz/hourly-ipv4,ziyadnz|hourly,2026-08-17T18:48:05Z,2026-08-17T18:48:05Z,
61.58.190.58,ipv4,malicious-ip,medium,WHITE,ziyadnz/hourly-ipv4,ziyadnz|hourly,2026-08-17T18:48:05Z,2026-08-17T18:48:05Z,
61.6.130.2,ipv4,malicious-ip,medium,WHITE,ziyadnz/hourly-ipv4,ziyadnz|hourly,2026-08-17T18:48:05Z,2026-08-17T18:48:05Z,
61.6.236.126,ipv4,malicious-ip,medium,WHITE,ziyadnz/hourly-ipv4,ziyadnz|hourly,2026-08-17T18:48:05Z,2026-08-17T18:48:05Z,
61.61.216.84,ipv4,malicious-ip,medium,WHITE,ziyadnz/hourly-ipv4,ziyadnz|hourly,2026-08-17T18:48:05Z,2026-08-17T18:48:05Z,
61.64.20.198,ipv4,malicious-ip,medium,WHITE,ziyadnz/hourly-ipv4,ziyadnz|hourly,2026-08-17T18:48:05Z,2026-08-17T18:48:05Z,
61.66.228.102,ipv4,malicious-ip,medium,WHITE,ziyadnz/hourly-ipv4,ziyadnz|hourly,2026-08-17T18:48:05Z,2026-08-17T18:48:05Z,
61.7.241.149,ipv4,malicious-ip,medium,WHITE,ziyadnz/hourly-ipv4,ziyadnz|hourly,2026-08-17T18:48:05Z,2026-08-17T18:48:05Z,
61.72.145.120,ipv4,malicious-ip,medium,WHITE,ziyadnz/hourly-ipv4,ziyadnz|hourly,2026-08-17T18:48:05Z,2026-08-17T18:48:05Z,
61.72.146.78,ipv4,malicious-ip,medium,WHITE,ziyadnz/hourly-ipv4,ziyadnz|hourly,2026-08-17T18:48:05Z,2026-08-17T18:48:05Z,
61.72.67.87,ipv4,malicious-ip,medium,WHITE,ziyadnz/hourly-ipv4,ziyadnz|hourly,2026-08-17T18:48:05Z,2026-08-17T18:48:05Z,
61.73.179.167,ipv4,malicious-ip,medium,WHITE,ziyadnz/hourly-ipv4,ziyadnz|hourly,2026-08-17T18:48:05Z,2026-08-17T18:48:05Z,
61.73.187.235,ipv4,malicious-ip,medium,WHITE,ziyadnz/hourly-ipv4,ziyadnz|hourly,2026-08-17T18:48:05Z,2026-08-17T18:48:05Z,
61.73.77.178,ipv4,malicious-ip,medium,WHITE,ziyadnz/hourly-ipv4,ziyadnz|hourly,2026-08-17T18:48:05Z,2026-08-17T18:48:05Z,
61.76.63.15,ipv4,malicious-ip,medium,WHITE,ziyadnz/hourly-ipv4,ziyadnz|hourly,2026-08-17T18:48:05Z,2026-08-17T18:48:05Z,
61.77.114.145,ipv4,malicious-ip,medium,WHITE,ziyadnz/hourly-ipv4,ziyadnz|hourly,2026-08-17T18:48:05Z,2026-08-17T18:48:05Z,
61.77.63.232,ipv4,malicious-ip,medium,WHITE,ziyadnz/hourly-ipv4,ziyadnz|hourly,2026-08-17T18:48:05Z,2026-08-17T18:48:05Z,
61.78.121.78,ipv4,malicious-ip,medium,WHITE,ziyadnz/hourly-ipv4,ziyadnz|hourly,2026-08-17T18:48:05Z,2026-08-17T18:48:05Z,
61.79.117.42,ipv4,malicious-ip,medium,WHITE,ziyadnz/hourly-ipv4,ziyadnz|hourly,2026-08-17T18:48:05Z,2026-08-17T18:48:05Z,
61.79.170.117,ipv4,malicious-ip,medium,WHITE,ziyadnz/hourly-ipv4,ziyadnz|hourly,2026-08-17T18:48:05Z,2026-08-17T18:48:05Z,
61.79.189.2,ipv4,malicious-ip,medium,WHITE,ziyadnz/hourly-ipv4,ziyadnz|hourly,2026-08-17T18:48:05Z,2026-08-17T18:48:05Z,
61.80.158.202,ipv4,malicious-ip,medium,WHITE,ziyadnz/hourly-ipv4,ziyadnz|hourly,2026-08-17T18:48:05Z,2026-08-17T18:48:05Z,
61.80.160.14,ipv4,malicious-ip,medium,WHITE,ziyadnz/hourly-ipv4,ziyadnz|hourly,2026-08-17T18:48:05Z,2026-08-17T18:48:05Z,
61.80.161.172,ipv4,malicious-ip,medium,WHITE,ziyadnz/hourly-ipv4,ziyadnz|hourly,2026-08-17T18:48:05Z,2026-08-17T18:48:05Z,
61.80.191.31,ipv4,malicious-ip,medium,WHITE,ziyadnz/hourly-ipv4,ziyadnz|hourly,2026-08-17T18:48:05Z,2026-08-17T18:48:05Z,
61.80.241.73,ipv4,malicious-ip,medium,WHITE,ziyadnz/hourly-ipv4,ziyadnz|hourly,2026-08-17T18:48:05Z,2026-08-17T18:48:05Z,
61.83.104.52,ipv4,malicious-ip,medium,WHITE,ziyadnz/hourly-ipv4,ziyadnz|hourly,2026-08-17T18:48:05Z,2026-08-17T18:48:05Z,
61.83.57.103,ipv4,malicious-ip,medium,WHITE,ziyadnz/hourly-ipv4,ziyadnz|hourly,2026-08-17T18:48:05Z,2026-08-17T18:48:05Z,
61.84.132.136,ipv4,malicious-ip,medium,WHITE,ziyadnz/hourly-ipv4,ziyadnz|hourly,2026-08-17T18:48:05Z,2026-08-17T18:48:05Z,
61.84.4.230,ipv4,malicious-ip,medium,WHITE,ziyadnz/hourly-ipv4,ziyadnz|hourly,2026-08-17T18:48:05Z,2026-08-17T18:48:05Z,
61.85.201.22,ipv4,malicious-ip,medium,WHITE,ziyadnz/hourly-ipv4,ziyadnz|hourly,2026-08-17T18:48:05Z,2026-08-17T18:48:05Z,
61.85.5.245,ipv4,malicious-ip,medium,WHITE,ziyadnz/hourly-ipv4,ziyadnz|hourly,2026-08-17T18:48:05Z,2026-08-17T18:48:05Z,
61.86.148.52,ipv4,malicious-ip,medium,WHITE,ziyadnz/hourly-ipv4,ziyadnz|hourly,2026-08-17T18:48:05Z,2026-08-17T18:48:05Z,
61.9.8.0,ipv4,malicious-ip,medium,WHITE,ziyadnz/hourly-ipv4,ziyadnz|hourly,2026-08-17T18:48:05Z,2026-08-17T18:48:05Z,
61.9.8.117,ipv4,malicious-ip,medium,WHITE,ziyadnz/hourly-ipv4,ziyadnz|hourly,2026-08-17T18:48:05Z,2026-08-17T18:48:05Z,
61.9.8.138,ipv4,malicious-ip,medium,WHITE,ziyadnz/hourly-ipv4,ziyadnz|hourly,2026-08-17T18:48:05Z,2026-08-17T18:48:05Z,
61.9.8.159,ipv4,malicious-ip,medium,WHITE,ziyadnz/hourly-ipv4,ziyadnz|hourly,2026-08-17T18:48:05Z,2026-08-17T18:48:05Z,
61.9.8.162,ipv4,malicious-ip,medium,WHITE,ziyadnz/hourly-ipv4,ziyadnz|hourly,2026-08-17T18:48:05Z,2026-08-17T18:48:05Z,
61.9.8.182,ipv4,malicious-ip,medium,WHITE,ziyadnz/hourly-ipv4,ziyadnz|hourly,2026-08-17T18:48:05Z,2026-08-17T18:48:05Z,
61.9.8.19,ipv4,malicious-ip,medium,WHITE,ziyadnz/hourly-ipv4,ziyadnz|hourly,2026-08-17T18:48:05Z,2026-08-17T18:48:05Z,
61.9.8.199,ipv4,malicious-ip,medium,WHITE,ziyadnz/hourly-ipv4,ziyadnz|hourly,2026-08-17T18:48:05Z,2026-08-17T18:48:05Z,
61.9.8.219,ipv4,malicious-ip,medium,WHITE,ziyadnz/hourly-ipv4,ziyadnz|hourly,2026-08-17T18:48:05Z,2026-08-17T18:48:05Z,
61.9.8.232,ipv4,malicious-ip,medium,WHITE,ziyadnz/hourly-ipv4,ziyadnz|hourly,2026-08-17T18:48:05Z,2026-08-17T18:48:05Z,
61.9.8.47,ipv4,malicious-ip,medium,WHITE,ziyadnz/hourly-ipv4,ziyadnz|hourly,2026-08-17T18:48:05Z,2026-08-17T18:48:05Z,
61.9.8.68,ipv4,malicious-ip,medium,WHITE,ziyadnz/hourly-ipv4,ziyadnz|hourly,2026-08-17T18:48:05Z,2026-08-17T18:48:05Z,
61.9.8.99,ipv4,malicious-ip,medium,WHITE,ziyadnz/hourly-ipv4,ziyadnz|hourly,2026-08-17T18:48:05Z,2026-08-17T18:48:05Z,
61.90.201.30,ipv4,malicious-ip,medium,WHITE,ziyadnz/hourly-ipv4,ziyadnz|hourly,2026-08-17T18:48:05Z,2026-08-17T18:48:05Z,
61.91.98.88,ipv4,malicious-ip,medium,WHITE,ziyadnz/hourly-ipv4,ziyadnz|hourly,2026-08-17T18:48:05Z,2026-08-17T18:48:05Z,
61.92.187.179,ipv4,malicious-ip,medium,WHITE,ziyadnz/hourly-ipv4,ziyadnz|hourly,2026-08-17T18:48:05Z,2026-08-17T18:48:05Z,
61.92.76.59,ipv4,malicious-ip,medium,WHITE,ziyadnz/hourly-ipv4,ziyadnz|hourly,2026-08-17T18:48:05Z,2026-08-17T18:48:05Z,
61.93.121.47,ipv4,malicious-ip,medium,WHITE,ziyadnz/hourly-ipv4,ziyadnz|hourly,2026-08-17T18:48:05Z,2026-08-17T18:48:05Z,
61.95.140.115,ipv4,malicious-ip,medium,WHITE,ziyadnz/hourly-ipv4,ziyadnz|hourly,2026-08-17T18:48:05Z,2026-08-17T18:48:05Z,
61.95.199.102,ipv4,malicious-ip,medium,WHITE,ziyadnz/hourly-ipv4,ziyadnz|hourly,2026-08-17T18:48:05Z,2026-08-17T18:48:05Z,
61.97.49.194,ipv4,malicious-ip,medium,WHITE,ziyadnz/hourly-ipv4,ziyadnz|hourly,2026-08-17T18:48:05Z,2026-08-17T18:48:05Z,
62.0.131.185,ipv4,malicious-ip,medium,WHITE,ziyadnz/hourly-ipv4,ziyadnz|hourly,2026-08-17T18:48:05Z,2026-08-17T18:48:05Z,
62.10.234.61,ipv4,malicious-ip,medium,WHITE,ziyadnz/hourly-ipv4,ziyadnz|hourly,2026-08-17T18:48:05Z,2026-08-17T18:48:05Z,
62.102.148.68,ipv4,malicious-ip,medium,WHITE,ziyadnz/hourly-ipv4,ziyadnz|hourly,2026-08-17T18:48:05Z,2026-08-17T18:48:05Z,
62.102.154.143,ipv4,malicious-ip,medium,WHITE,ziyadnz/hourly-ipv4,ziyadnz|hourly,2026-08-17T18:48:05Z,2026-08-17T18:48:05Z,
62.102.154.64,ipv4,malicious-ip,medium,WHITE,ziyadnz/hourly-ipv4,ziyadnz|hourly,2026-08-17T18:48:05Z,2026-08-17T18:48:05Z,
62.108.201.221,ipv4,malicious-ip,medium,WHITE,ziyadnz/hourly-ipv4,ziyadnz|hourly,2026-08-17T18:48:05Z,2026-08-17T18:48:05Z,
62.108.202.22,ipv4,malicious-ip,medium,WHITE,ziyadnz/hourly-ipv4,ziyadnz|hourly,2026-08-17T18:48:05Z,2026-08-17T18:48:05Z,
62.108.40.129,ipv4,malicious-ip,medium,WHITE,ziyadnz/hourly-ipv4,ziyadnz|hourly,2026-08-17T18:48:05Z,2026-08-17T18:48:05Z,
62.109.22.201,ipv4,malicious-ip,medium,WHITE,ziyadnz/hourly-ipv4,ziyadnz|hourly,2026-08-17T18:48:05Z,2026-08-17T18:48:05Z,
62.109.9.96,ipv4,malicious-ip,medium,WHITE,ziyadnz/hourly-ipv4,ziyadnz|hourly,2026-08-17T18:48:05Z,2026-08-17T18:48:05Z,
62.112.11.57,ipv4,malicious-ip,medium,WHITE,ziyadnz/hourly-ipv4,ziyadnz|hourly,2026-08-17T18:48:05Z,2026-08-17T18:48:05Z,
62.112.201.5,ipv4,malicious-ip,medium,WHITE,ziyadnz/hourly-ipv4,ziyadnz|hourly,2026-08-17T18:48:05Z,2026-08-17T18:48:05Z,
62.113.113.168,ipv4,malicious-ip,medium,WHITE,ziyadnz/hourly-ipv4,ziyadnz|hourly,2026-08-17T18:48:05Z,2026-08-17T18:48:05Z,
62.113.114.209,ipv4,malicious-ip,medium,WHITE,ziyadnz/hourly-ipv4,ziyadnz|hourly,2026-08-17T18:48:05Z,2026-08-17T18:48:05Z,
62.113.114.93,ipv4,malicious-ip,medium,WHITE,ziyadnz/hourly-ipv4,ziyadnz|hourly,2026-08-17T18:48:05Z,2026-08-17T18:48:05Z,
62.113.119.179,ipv4,malicious-ip,medium,WHITE,ziyadnz/hourly-ipv4,ziyadnz|hourly,2026-08-17T18:48:05Z,2026-08-17T18:48:05Z,
62.113.255.80,ipv4,malicious-ip,medium,WHITE,ziyadnz/hourly-ipv4,ziyadnz|hourly,2026-08-17T18:48:05Z,2026-08-17T18:48:05Z,
62.113.97.250,ipv4,malicious-ip,medium,WHITE,ziyadnz/hourly-ipv4,ziyadnz|hourly,2026-08-17T18:48:05Z,2026-08-17T18:48:05Z,
62.118.158.197,ipv4,malicious-ip,medium,WHITE,ziyadnz/hourly-ipv4,ziyadnz|hourly,2026-08-17T18:48:05Z,2026-08-17T18:48:05Z,
62.118.163.90,ipv4,malicious-ip,medium,WHITE,ziyadnz/hourly-ipv4,ziyadnz|hourly,2026-08-17T18:48:05Z,2026-08-17T18:48:05Z,
62.122.136.105,ipv4,malicious-ip,medium,WHITE,ziyadnz/hourly-ipv4,ziyadnz|hourly,2026-08-17T18:48:05Z,2026-08-17T18:48:05Z,
62.122.178.96,ipv4,malicious-ip,medium,WHITE,ziyadnz/hourly-ipv4,ziyadnz|hourly,2026-08-17T18:48:05Z,2026-08-17T18:48:05Z,
62.122.183.188,ipv4,malicious-ip,medium,WHITE,ziyadnz/hourly-ipv4,ziyadnz|hourly,2026-08-17T18:48:05Z,2026-08-17T18:48:05Z,
62.122.195.14,ipv4,malicious-ip,medium,WHITE,ziyadnz/hourly-ipv4,ziyadnz|hourly,2026-08-17T18:48:05Z,2026-08-17T18:48:05Z,
62.122.66.166,ipv4,malicious-ip,medium,WHITE,ziyadnz/hourly-ipv4,ziyadnz|hourly,2026-08-17T18:48:05Z,2026-08-17T18:48:05Z,
62.132.18.53,ipv4,malicious-ip,medium,WHITE,ziyadnz/hourly-ipv4,ziyadnz|hourly,2026-08-17T18:48:05Z,2026-08-17T18:48:05Z,
62.133.174.37,ipv4,malicious-ip,medium,WHITE,ziyadnz/hourly-ipv4,ziyadnz|hourly,2026-08-17T18:48:05Z,2026-08-17T18:48:05Z,
62.133.46.21,ipv4,malicious-ip,medium,WHITE,ziyadnz/hourly-ipv4,ziyadnz|hourly,2026-08-17T18:48:05Z,2026-08-17T18:48:05Z,
62.133.60.137,ipv4,malicious-ip,medium,WHITE,ziyadnz/hourly-ipv4,ziyadnz|hourly,2026-08-17T18:48:05Z,2026-08-17T18:48:05Z,
62.133.61.26,ipv4,malicious-ip,medium,WHITE,ziyadnz/hourly-ipv4,ziyadnz|hourly,2026-08-17T18:48:05Z,2026-08-17T18:48:05Z,
62.133.61.43,ipv4,malicious-ip,medium,WHITE,ziyadnz/hourly-ipv4,ziyadnz|hourly,2026-08-17T18:48:05Z,2026-08-17T18:48:05Z,
62.133.62.139,ipv4,malicious-ip,medium,WHITE,ziyadnz/hourly-ipv4,ziyadnz|hourly,2026-08-17T18:48:05Z,2026-08-17T18:48:05Z,
62.133.62.18,ipv4,malicious-ip,medium,WHITE,ziyadnz/hourly-ipv4,ziyadnz|hourly,2026-08-17T18:48:05Z,2026-08-17T18:48:05Z,
62.133.62.27,ipv4,malicious-ip,medium,WHITE,ziyadnz/hourly-ipv4,ziyadnz|hourly,2026-08-17T18:48:05Z,2026-08-17T18:48:05Z,
62.133.63.55,ipv4,malicious-ip,medium,WHITE,ziyadnz/hourly-ipv4,ziyadnz|hourly,2026-08-17T18:48:05Z,2026-08-17T18:48:05Z,
62.138.231.35,ipv4,malicious-ip,medium,WHITE,ziyadnz/hourly-ipv4,ziyadnz|hourly,2026-08-17T18:48:05Z,2026-08-17T18:48:05Z,
62.140.249.34,ipv4,malicious-ip,medium,WHITE,ziyadnz/hourly-ipv4,ziyadnz|hourly,2026-08-17T18:48:05Z,2026-08-17T18:48:05Z,
62.140.31.104,ipv4,malicious-ip,medium,WHITE,ziyadnz/hourly-ipv4,ziyadnz|hourly,2026-08-17T18:48:05Z,2026-08-17T18:48:05Z,
62.141.42.36,ipv4,malicious-ip,medium,WHITE,ziyadnz/hourly-ipv4,ziyadnz|hourly,2026-08-17T18:48:05Z,2026-08-17T18:48:05Z,
62.146.178.137,ipv4,malicious-ip,medium,WHITE,ziyadnz/hourly-ipv4,ziyadnz|hourly,2026-08-17T18:48:05Z,2026-08-17T18:48:05Z,
62.146.178.192,ipv4,malicious-ip,medium,WHITE,ziyadnz/hourly-ipv4,ziyadnz|hourly,2026-08-17T18:48:05Z,2026-08-17T18:48:05Z,
62.146.183.90,ipv4,malicious-ip,medium,WHITE,ziyadnz/hourly-ipv4,ziyadnz|hourly,2026-08-17T18:48:05Z,2026-08-17T18:48:05Z,
62.146.227.183,ipv4,malicious-ip,medium,WHITE,ziyadnz/hourly-ipv4,ziyadnz|hourly,2026-08-17T18:48:05Z,2026-08-17T18:48:05Z,
62.146.232.200,ipv4,malicious-ip,medium,WHITE,ziyadnz/hourly-ipv4,ziyadnz|hourly,2026-08-17T18:48:05Z,2026-08-17T18:48:05Z,
62.146.235.65,ipv4,malicious-ip,medium,WHITE,ziyadnz/hourly-ipv4,ziyadnz|hourly,2026-08-17T18:48:05Z,2026-08-17T18:48:05Z,
62.146.235.70,ipv4,malicious-ip,medium,WHITE,ziyadnz/hourly-ipv4,ziyadnz|hourly,2026-08-17T18:48:05Z,2026-08-17T18:48:05Z,
62.146.236.154,ipv4,malicious-ip,medium,WHITE,ziyadnz/hourly-ipv4,ziyadnz|hourly,2026-08-17T18:48:05Z,2026-08-17T18:48:05Z,
62.146.237.248,ipv4,malicious-ip,medium,WHITE,ziyadnz/hourly-ipv4,ziyadnz|hourly,2026-08-17T18:48:05Z,2026-08-17T18:48:05Z,
62.150.237.107,ipv4,malicious-ip,medium,WHITE,ziyadnz/hourly-ipv4,ziyadnz|hourly,2026-08-17T18:48:05Z,2026-08-17T18:48:05Z,
62.150.84.6,ipv4,malicious-ip,medium,WHITE,ziyadnz/hourly-ipv4,ziyadnz|hourly,2026-08-17T18:48:05Z,2026-08-17T18:48:05Z,
62.16.41.154,ipv4,malicious-ip,medium,WHITE,ziyadnz/hourly-ipv4,ziyadnz|hourly,2026-08-17T18:48:05Z,2026-08-17T18:48:05Z,
62.164.155.147,ipv4,malicious-ip,medium,WHITE,ziyadnz/hourly-ipv4,ziyadnz|hourly,2026-08-17T18:48:05Z,2026-08-17T18:48:05Z,
62.164.177.25,ipv4,malicious-ip,medium,WHITE,ziyadnz/hourly-ipv4,ziyadnz|hourly,2026-08-17T18:48:05Z,2026-08-17T18:48:05Z,
62.164.177.35,ipv4,malicious-ip,medium,WHITE,ziyadnz/hourly-ipv4,ziyadnz|hourly,2026-08-17T18:48:05Z,2026-08-17T18:48:05Z,
62.164.177.48,ipv4,malicious-ip,medium,WHITE,ziyadnz/hourly-ipv4,ziyadnz|hourly,2026-08-17T18:48:05Z,2026-08-17T18:48:05Z,
62.167.162.136,ipv4,malicious-ip,medium,WHITE,ziyadnz/hourly-ipv4,ziyadnz|hourly,2026-08-17T18:48:05Z,2026-08-17T18:48:05Z,
62.167.165.215,ipv4,malicious-ip,medium,WHITE,ziyadnz/hourly-ipv4,ziyadnz|hourly,2026-08-17T18:48:05Z,2026-08-17T18:48:05Z,
62.167.165.224,ipv4,malicious-ip,medium,WHITE,ziyadnz/hourly-ipv4,ziyadnz|hourly,2026-08-17T18:48:05Z,2026-08-17T18:48:05Z,
62.169.159.54,ipv4,malicious-ip,medium,WHITE,ziyadnz/hourly-ipv4,ziyadnz|hourly,2026-08-17T18:48:05Z,2026-08-17T18:48:05Z,
62.169.159.65,ipv4,malicious-ip,medium,WHITE,ziyadnz/hourly-ipv4,ziyadnz|hourly,2026-08-17T18:48:05Z,2026-08-17T18:48:05Z,
62.169.16.138,ipv4,malicious-ip,medium,WHITE,ziyadnz/hourly-ipv4,ziyadnz|hourly,2026-08-17T18:48:05Z,2026-08-17T18:48:05Z,
62.169.27.161,ipv4,malicious-ip,medium,WHITE,ziyadnz/hourly-ipv4,ziyadnz|hourly,2026-08-17T18:48:05Z,2026-08-17T18:48:05Z,
62.169.29.174,ipv4,malicious-ip,medium,WHITE,ziyadnz/hourly-ipv4,ziyadnz|hourly,2026-08-17T18:48:05Z,2026-08-17T18:48:05Z,
62.169.30.191,ipv4,malicious-ip,medium,WHITE,ziyadnz/hourly-ipv4,ziyadnz|hourly,2026-08-17T18:48:05Z,2026-08-17T18:48:05Z,
62.169.30.227,ipv4,malicious-ip,medium,WHITE,ziyadnz/hourly-ipv4,ziyadnz|hourly,2026-08-17T18:48:05Z,2026-08-17T18:48:05Z,
62.169.31.201,ipv4,malicious-ip,medium,WHITE,ziyadnz/hourly-ipv4,ziyadnz|hourly,2026-08-17T18:48:05Z,2026-08-17T18:48:05Z,
62.169.31.203,ipv4,malicious-ip,medium,WHITE,ziyadnz/hourly-ipv4,ziyadnz|hourly,2026-08-17T18:48:05Z,2026-08-17T18:48:05Z,
62.171.133.102,ipv4,malicious-ip,medium,WHITE,ziyadnz/hourly-ipv4,ziyadnz|hourly,2026-08-17T18:48:05Z,2026-08-17T18:48:05Z,
62.171.134.158,ipv4,malicious-ip,medium,WHITE,ziyadnz/hourly-ipv4,ziyadnz|hourly,2026-08-17T18:48:05Z,2026-08-17T18:48:05Z,
62.171.141.174,ipv4,malicious-ip,medium,WHITE,ziyadnz/hourly-ipv4,ziyadnz|hourly,2026-08-17T18:48:05Z,2026-08-17T18:48:05Z,
62.171.145.173,ipv4,malicious-ip,medium,WHITE,ziyadnz/hourly-ipv4,ziyadnz|hourly,2026-08-17T18:48:05Z,2026-08-17T18:48:05Z,
62.171.145.5,ipv4,malicious-ip,medium,WHITE,ziyadnz/hourly-ipv4,ziyadnz|hourly,2026-08-17T18:48:05Z,2026-08-17T18:48:05Z,
62.171.147.220,ipv4,malicious-ip,medium,WHITE,ziyadnz/hourly-ipv4,ziyadnz|hourly,2026-08-17T18:48:05Z,2026-08-17T18:48:05Z,
62.171.148.163,ipv4,malicious-ip,medium,WHITE,ziyadnz/hourly-ipv4,ziyadnz|hourly,2026-08-17T18:48:05Z,2026-08-17T18:48:05Z,
62.171.156.224,ipv4,malicious-ip,medium,WHITE,ziyadnz/hourly-ipv4,ziyadnz|hourly,2026-08-17T18:48:05Z,2026-08-17T18:48:05Z,
62.171.159.186,ipv4,malicious-ip,medium,WHITE,ziyadnz/hourly-ipv4,ziyadnz|hourly,2026-08-17T18:48:05Z,2026-08-17T18:48:05Z,
62.171.167.11,ipv4,malicious-ip,medium,WHITE,ziyadnz/hourly-ipv4,ziyadnz|hourly,2026-08-17T18:48:05Z,2026-08-17T18:48:05Z,
62.171.167.222,ipv4,malicious-ip,medium,WHITE,ziyadnz/hourly-ipv4,ziyadnz|hourly,2026-08-17T18:48:05Z,2026-08-17T18:48:05Z,
62.171.168.155,ipv4,malicious-ip,medium,WHITE,ziyadnz/hourly-ipv4,ziyadnz|hourly,2026-08-17T18:48:05Z,2026-08-17T18:48:05Z,
62.171.170.197,ipv4,malicious-ip,medium,WHITE,ziyadnz/hourly-ipv4,ziyadnz|hourly,2026-08-17T18:48:05Z,2026-08-17T18:48:05Z,
62.171.176.65,ipv4,malicious-ip,medium,WHITE,ziyadnz/hourly-ipv4,ziyadnz|hourly,2026-08-17T18:48:05Z,2026-08-17T18:48:05Z,
62.171.183.75,ipv4,malicious-ip,medium,WHITE,ziyadnz/hourly-ipv4,ziyadnz|hourly,2026-08-17T18:48:05Z,2026-08-17T18:48:05Z,
62.171.185.97,ipv4,malicious-ip,medium,WHITE,ziyadnz/hourly-ipv4,ziyadnz|hourly,2026-08-17T18:48:05Z,2026-08-17T18:48:05Z,
62.171.186.38,ipv4,malicious-ip,medium,WHITE,ziyadnz/hourly-ipv4,ziyadnz|hourly,2026-08-17T18:48:05Z,2026-08-17T18:48:05Z,
62.171.188.144,ipv4,malicious-ip,medium,WHITE,ziyadnz/hourly-ipv4,ziyadnz|hourly,2026-08-17T18:48:05Z,2026-08-17T18:48:05Z,
62.173.148.241,ipv4,malicious-ip,medium,WHITE,ziyadnz/hourly-ipv4,ziyadnz|hourly,2026-08-17T18:48:05Z,2026-08-17T18:48:05Z,
62.176.124.122,ipv4,malicious-ip,medium,WHITE,ziyadnz/hourly-ipv4,ziyadnz|hourly,2026-08-17T18:48:05Z,2026-08-17T18:48:05Z,
62.181.57.247,ipv4,malicious-ip,medium,WHITE,ziyadnz/hourly-ipv4,ziyadnz|hourly,2026-08-17T18:48:05Z,2026-08-17T18:48:05Z,
62.182.102.215,ipv4,malicious-ip,medium,WHITE,ziyadnz/hourly-ipv4,ziyadnz|hourly,2026-08-17T18:48:05Z,2026-08-17T18:48:05Z,
62.182.132.94,ipv4,malicious-ip,medium,WHITE,ziyadnz/hourly-ipv4,ziyadnz|hourly,2026-08-17T18:48:05Z,2026-08-17T18:48:05Z,
62.182.143.197,ipv4,malicious-ip,medium,WHITE,ziyadnz/hourly-ipv4,ziyadnz|hourly,2026-08-17T18:48:05Z,2026-08-17T18:48:05Z,
62.182.156.149,ipv4,malicious-ip,medium,WHITE,ziyadnz/hourly-ipv4,ziyadnz|hourly,2026-08-17T18:48:05Z,2026-08-17T18:48:05Z,
62.182.156.152,ipv4,malicious-ip,medium,WHITE,ziyadnz/hourly-ipv4,ziyadnz|hourly,2026-08-17T18:48:05Z,2026-08-17T18:48:05Z,
62.182.158.226,ipv4,malicious-ip,medium,WHITE,ziyadnz/hourly-ipv4,ziyadnz|hourly,2026-08-17T18:48:05Z,2026-08-17T18:48:05Z,
62.182.159.147,ipv4,malicious-ip,medium,WHITE,ziyadnz/hourly-ipv4,ziyadnz|hourly,2026-08-17T18:48:05Z,2026-08-17T18:48:05Z,
62.182.193.199,ipv4,malicious-ip,medium,WHITE,ziyadnz/hourly-ipv4,ziyadnz|hourly,2026-08-17T18:48:05Z,2026-08-17T18:48:05Z,
62.182.80.112,ipv4,malicious-ip,medium,WHITE,ziyadnz/hourly-ipv4,ziyadnz|hourly,2026-08-17T18:48:05Z,2026-08-17T18:48:05Z,
62.182.82.19,ipv4,malicious-ip,medium,WHITE,ziyadnz/hourly-ipv4,ziyadnz|hourly,2026-08-17T18:48:05Z,2026-08-17T18:48:05Z,
62.182.84.146,ipv4,malicious-ip,medium,WHITE,ziyadnz/hourly-ipv4,ziyadnz|hourly,2026-08-17T18:48:05Z,2026-08-17T18:48:05Z,
62.182.85.234,ipv4,malicious-ip,medium,WHITE,ziyadnz/hourly-ipv4,ziyadnz|hourly,2026-08-17T18:48:05Z,2026-08-17T18:48:05Z,
62.183.54.253,ipv4,malicious-ip,medium,WHITE,ziyadnz/hourly-ipv4,ziyadnz|hourly,2026-08-17T18:48:05Z,2026-08-17T18:48:05Z,
62.192.154.62,ipv4,malicious-ip,medium,WHITE,ziyadnz/hourly-ipv4,ziyadnz|hourly,2026-08-17T18:48:05Z,2026-08-17T18:48:05Z,
62.192.159.96,ipv4,malicious-ip,medium,WHITE,ziyadnz/hourly-ipv4,ziyadnz|hourly,2026-08-17T18:48:05Z,2026-08-17T18:48:05Z,
62.192.173.147,ipv4,malicious-ip,medium,WHITE,ziyadnz/hourly-ipv4,ziyadnz|hourly,2026-08-17T18:48:05Z,2026-08-17T18:48:05Z,
62.193.5.107,ipv4,malicious-ip,medium,WHITE,ziyadnz/hourly-ipv4,ziyadnz|hourly,2026-08-17T18:48:05Z,2026-08-17T18:48:05Z,
62.193.91.121,ipv4,malicious-ip,medium,WHITE,ziyadnz/hourly-ipv4,ziyadnz|hourly,2026-08-17T18:48:05Z,2026-08-17T18:48:05Z,
62.195.105.169,ipv4,malicious-ip,medium,WHITE,ziyadnz/hourly-ipv4,ziyadnz|hourly,2026-08-17T18:48:05Z,2026-08-17T18:48:05Z,
62.197.136.167,ipv4,malicious-ip,medium,WHITE,ziyadnz/hourly-ipv4,ziyadnz|hourly,2026-08-17T18:48:05Z,2026-08-17T18:48:05Z,
62.197.136.176,ipv4,malicious-ip,medium,WHITE,ziyadnz/hourly-ipv4,ziyadnz|hourly,2026-08-17T18:48:05Z,2026-08-17T18:48:05Z,
62.197.152.102,ipv4,malicious-ip,medium,WHITE,ziyadnz/hourly-ipv4,ziyadnz|hourly,2026-08-17T18:48:05Z,2026-08-17T18:48:05Z,
62.197.45.62,ipv4,malicious-ip,medium,WHITE,ziyadnz/hourly-ipv4,ziyadnz|hourly,2026-08-17T18:48:05Z,2026-08-17T18:48:05Z,
62.197.48.186,ipv4,malicious-ip,medium,WHITE,ziyadnz/hourly-ipv4,ziyadnz|hourly,2026-08-17T18:48:05Z,2026-08-17T18:48:05Z,
62.198.238.4,ipv4,malicious-ip,medium,WHITE,ziyadnz/hourly-ipv4,ziyadnz|hourly,2026-08-17T18:48:05Z,2026-08-17T18:48:05Z,
62.2.251.60,ipv4,malicious-ip,medium,WHITE,ziyadnz/hourly-ipv4,ziyadnz|hourly,2026-08-17T18:48:05Z,2026-08-17T18:48:05Z,
62.20.143.35,ipv4,malicious-ip,medium,WHITE,ziyadnz/hourly-ipv4,ziyadnz|hourly,2026-08-17T18:48:05Z,2026-08-17T18:48:05Z,
62.201.240.121,ipv4,malicious-ip,medium,WHITE,ziyadnz/hourly-ipv4,ziyadnz|hourly,2026-08-17T18:48:05Z,2026-08-17T18:48:05Z,
62.204.41.104,ipv4,malicious-ip,medium,WHITE,ziyadnz/hourly-ipv4,ziyadnz|hourly,2026-08-17T18:48:05Z,2026-08-17T18:48:05Z,
62.204.41.151,ipv4,malicious-ip,medium,WHITE,ziyadnz/hourly-ipv4,ziyadnz|hourly,2026-08-17T18:48:05Z,2026-08-17T18:48:05Z,
62.204.41.171,ipv4,malicious-ip,medium,WHITE,ziyadnz/hourly-ipv4,ziyadnz|hourly,2026-08-17T18:48:05Z,2026-08-17T18:48:05Z,
62.204.41.187,ipv4,malicious-ip,medium,WHITE,ziyadnz/hourly-ipv4,ziyadnz|hourly,2026-08-17T18:48:05Z,2026-08-17T18:48:05Z,
62.204.41.188,ipv4,malicious-ip,medium,WHITE,ziyadnz/hourly-ipv4,ziyadnz|hourly,2026-08-17T18:48:05Z,2026-08-17T18:48:05Z,
62.204.41.192,ipv4,malicious-ip,medium,WHITE,ziyadnz/hourly-ipv4,ziyadnz|hourly,2026-08-17T18:48:05Z,2026-08-17T18:48:05Z,
62.204.41.210,ipv4,malicious-ip,medium,WHITE,ziyadnz/hourly-ipv4,ziyadnz|hourly,2026-08-17T18:48:05Z,2026-08-17T18:48:05Z,
62.204.41.222,ipv4,malicious-ip,medium,WHITE,ziyadnz/hourly-ipv4,ziyadnz|hourly,2026-08-17T18:48:05Z,2026-08-17T18:48:05Z,
62.204.41.242,ipv4,malicious-ip,medium,WHITE,ziyadnz/hourly-ipv4,ziyadnz|hourly,2026-08-17T18:48:05Z,2026-08-17T18:48:05Z,
62.204.41.25,ipv4,malicious-ip,medium,WHITE,ziyadnz/hourly-ipv4,ziyadnz|hourly,2026-08-17T18:48:05Z,2026-08-17T18:48:05Z,
62.204.41.251,ipv4,malicious-ip,medium,WHITE,ziyadnz/hourly-ipv4,ziyadnz|hourly,2026-08-17T18:48:05Z,2026-08-17T18:48:05Z,
62.204.41.252,ipv4,malicious-ip,medium,WHITE,ziyadnz/hourly-ipv4,ziyadnz|hourly,2026-08-17T18:48:05Z,2026-08-17T18:48:05Z,
62.204.41.32,ipv4,malicious-ip,medium,WHITE,ziyadnz/hourly-ipv4,ziyadnz|hourly,2026-08-17T18:48:05Z,2026-08-17T18:48:05Z,
62.204.41.5,ipv4,malicious-ip,medium,WHITE,ziyadnz/hourly-ipv4,ziyadnz|hourly,2026-08-17T18:48:05Z,2026-08-17T18:48:05Z,
62.204.41.6,ipv4,malicious-ip,medium,WHITE,ziyadnz/hourly-ipv4,ziyadnz|hourly,2026-08-17T18:48:05Z,2026-08-17T18:48:05Z,
62.204.41.71,ipv4,malicious-ip,medium,WHITE,ziyadnz/hourly-ipv4,ziyadnz|hourly,2026-08-17T18:48:05Z,2026-08-17T18:48:05Z,
62.204.41.79,ipv4,malicious-ip,medium,WHITE,ziyadnz/hourly-ipv4,ziyadnz|hourly,2026-08-17T18:48:05Z,2026-08-17T18:48:05Z,
62.204.41.87,ipv4,malicious-ip,medium,WHITE,ziyadnz/hourly-ipv4,ziyadnz|hourly,2026-08-17T18:48:05Z,2026-08-17T18:48:05Z,
62.204.41.88,ipv4,malicious-ip,medium,WHITE,ziyadnz/hourly-ipv4,ziyadnz|hourly,2026-08-17T18:48:05Z,2026-08-17T18:48:05Z,
62.204.41.91,ipv4,malicious-ip,medium,WHITE,ziyadnz/hourly-ipv4,ziyadnz|hourly,2026-08-17T18:48:05Z,2026-08-17T18:48:05Z,
62.209.149.45,ipv4,malicious-ip,medium,WHITE,ziyadnz/hourly-ipv4,ziyadnz|hourly,2026-08-17T18:48:05Z,2026-08-17T18:48:05Z,
62.210.105.116,ipv4,malicious-ip,medium,WHITE,ziyadnz/hourly-ipv4,ziyadnz|hourly,2026-08-17T18:48:05Z,2026-08-17T18:48:05Z,
62.210.113.113,ipv4,malicious-ip,medium,WHITE,ziyadnz/hourly-ipv4,ziyadnz|hourly,2026-08-17T18:48:05Z,2026-08-17T18:48:05Z,
62.210.124.146,ipv4,malicious-ip,medium,WHITE,ziyadnz/hourly-ipv4,ziyadnz|hourly,2026-08-17T18:48:05Z,2026-08-17T18:48:05Z,
62.210.142.0,ipv4,malicious-ip,medium,WHITE,ziyadnz/hourly-ipv4,ziyadnz|hourly,2026-08-17T18:48:05Z,2026-08-17T18:48:05Z,
62.210.142.148,ipv4,malicious-ip,medium,WHITE,ziyadnz/hourly-ipv4,ziyadnz|hourly,2026-08-17T18:48:05Z,2026-08-17T18:48:05Z,
62.210.142.159,ipv4,malicious-ip,medium,WHITE,ziyadnz/hourly-ipv4,ziyadnz|hourly,2026-08-17T18:48:05Z,2026-08-17T18:48:05Z,
62.210.142.160,ipv4,malicious-ip,medium,WHITE,ziyadnz/hourly-ipv4,ziyadnz|hourly,2026-08-17T18:48:05Z,2026-08-17T18:48:05Z,
62.210.142.161,ipv4,malicious-ip,medium,WHITE,ziyadnz/hourly-ipv4,ziyadnz|hourly,2026-08-17T18:48:05Z,2026-08-17T18:48:05Z,
62.210.142.162,ipv4,malicious-ip,medium,WHITE,ziyadnz/hourly-ipv4,ziyadnz|hourly,2026-08-17T18:48:05Z,2026-08-17T18:48:05Z,
62.210.142.163,ipv4,malicious-ip,medium,WHITE,ziyadnz/hourly-ipv4,ziyadnz|hourly,2026-08-17T18:48:05Z,2026-08-17T18:48:05Z,
62.210.142.164,ipv4,malicious-ip,medium,WHITE,ziyadnz/hourly-ipv4,ziyadnz|hourly,2026-08-17T18:48:05Z,2026-08-17T18:48:05Z,
62.210.142.165,ipv4,malicious-ip,medium,WHITE,ziyadnz/hourly-ipv4,ziyadnz|hourly,2026-08-17T18:48:05Z,2026-08-17T18:48:05Z,
62.210.142.166,ipv4,malicious-ip,medium,WHITE,ziyadnz/hourly-ipv4,ziyadnz|hourly,2026-08-17T18:48:05Z,2026-08-17T18:48:05Z,
62.210.142.167,ipv4,malicious-ip,medium,WHITE,ziyadnz/hourly-ipv4,ziyadnz|hourly,2026-08-17T18:48:05Z,2026-08-17T18:48:05Z,
62.210.142.168,ipv4,malicious-ip,medium,WHITE,ziyadnz/hourly-ipv4,ziyadnz|hourly,2026-08-17T18:48:05Z,2026-08-17T18:48:05Z,
62.210.142.169,ipv4,malicious-ip,medium,WHITE,ziyadnz/hourly-ipv4,ziyadnz|hourly,2026-08-17T18:48:05Z,2026-08-17T18:48:05Z,
62.210.142.170,ipv4,malicious-ip,medium,WHITE,ziyadnz/hourly-ipv4,ziyadnz|hourly,2026-08-17T18:48:05Z,2026-08-17T18:48:05Z,
62.210.142.171,ipv4,malicious-ip,medium,WHITE,ziyadnz/hourly-ipv4,ziyadnz|hourly,2026-08-17T18:48:05Z,2026-08-17T18:48:05Z,
62.210.142.173,ipv4,malicious-ip,medium,WHITE,ziyadnz/hourly-ipv4,ziyadnz|hourly,2026-08-17T18:48:05Z,2026-08-17T18:48:05Z,
62.210.142.174,ipv4,malicious-ip,medium,WHITE,ziyadnz/hourly-ipv4,ziyadnz|hourly,2026-08-17T18:48:05Z,2026-08-17T18:48:05Z,
62.210.142.175,ipv4,malicious-ip,medium,WHITE,ziyadnz/hourly-ipv4,ziyadnz|hourly,2026-08-17T18:48:05Z,2026-08-17T18:48:05Z,
62.210.142.176,ipv4,malicious-ip,medium,WHITE,ziyadnz/hourly-ipv4,ziyadnz|hourly,2026-08-17T18:48:05Z,2026-08-17T18:48:05Z,
62.210.142.177,ipv4,malicious-ip,medium,WHITE,ziyadnz/hourly-ipv4,ziyadnz|hourly,2026-08-17T18:48:05Z,2026-08-17T18:48:05Z,
62.210.142.178,ipv4,malicious-ip,medium,WHITE,ziyadnz/hourly-ipv4,ziyadnz|hourly,2026-08-17T18:48:05Z,2026-08-17T18:48:05Z,
62.210.142.179,ipv4,malicious-ip,medium,WHITE,ziyadnz/hourly-ipv4,ziyadnz|hourly,2026-08-17T18:48:05Z,2026-08-17T18:48:05Z,
62.210.142.21,ipv4,malicious-ip,medium,WHITE,ziyadnz/hourly-ipv4,ziyadnz|hourly,2026-08-17T18:48:05Z,2026-08-17T18:48:05Z,
62.210.142.39,ipv4,malicious-ip,medium,WHITE,ziyadnz/hourly-ipv4,ziyadnz|hourly,2026-08-17T18:48:05Z,2026-08-17T18:48:05Z,
62.210.142.61,ipv4,malicious-ip,medium,WHITE,ziyadnz/hourly-ipv4,ziyadnz|hourly,2026-08-17T18:48:05Z,2026-08-17T18:48:05Z,
62.210.142.62,ipv4,malicious-ip,medium,WHITE,ziyadnz/hourly-ipv4,ziyadnz|hourly,2026-08-17T18:48:05Z,2026-08-17T18:48:05Z,
62.210.142.64,ipv4,malicious-ip,medium,WHITE,ziyadnz/hourly-ipv4,ziyadnz|hourly,2026-08-17T18:48:05Z,2026-08-17T18:48:05Z,
62.210.142.65,ipv4,malicious-ip,medium,WHITE,ziyadnz/hourly-ipv4,ziyadnz|hourly,2026-08-17T18:48:05Z,2026-08-17T18:48:05Z,
62.210.158.41,ipv4,malicious-ip,medium,WHITE,ziyadnz/hourly-ipv4,ziyadnz|hourly,2026-08-17T18:48:05Z,2026-08-17T18:48:05Z,
62.210.172.157,ipv4,malicious-ip,medium,WHITE,ziyadnz/hourly-ipv4,ziyadnz|hourly,2026-08-17T18:48:05Z,2026-08-17T18:48:05Z,
62.210.185.4,ipv4,malicious-ip,medium,WHITE,ziyadnz/hourly-ipv4,ziyadnz|hourly,2026-08-17T18:48:05Z,2026-08-17T18:48:05Z,
62.210.189.142,ipv4,malicious-ip,medium,WHITE,ziyadnz/hourly-ipv4,ziyadnz|hourly,2026-08-17T18:48:05Z,2026-08-17T18:48:05Z,
62.210.189.225,ipv4,malicious-ip,medium,WHITE,ziyadnz/hourly-ipv4,ziyadnz|hourly,2026-08-17T18:48:05Z,2026-08-17T18:48:05Z,
62.210.198.127,ipv4,malicious-ip,medium,WHITE,ziyadnz/hourly-ipv4,ziyadnz|hourly,2026-08-17T18:48:05Z,2026-08-17T18:48:05Z,
62.210.198.27,ipv4,malicious-ip,medium,WHITE,ziyadnz/hourly-ipv4,ziyadnz|hourly,2026-08-17T18:48:05Z,2026-08-17T18:48:05Z,
62.210.201.223,ipv4,malicious-ip,medium,WHITE,ziyadnz/hourly-ipv4,ziyadnz|hourly,2026-08-17T18:48:05Z,2026-08-17T18:48:05Z,
62.210.204.131,ipv4,malicious-ip,medium,WHITE,ziyadnz/hourly-ipv4,ziyadnz|hourly,2026-08-17T18:48:05Z,2026-08-17T18:48:05Z,
62.210.209.139,ipv4,malicious-ip,medium,WHITE,ziyadnz/hourly-ipv4,ziyadnz|hourly,2026-08-17T18:48:05Z,2026-08-17T18:48:05Z,
62.210.215.112,ipv4,malicious-ip,medium,WHITE,ziyadnz/hourly-ipv4,ziyadnz|hourly,2026-08-17T18:48:05Z,2026-08-17T18:48:05Z,
62.210.27.138,ipv4,malicious-ip,medium,WHITE,ziyadnz/hourly-ipv4,ziyadnz|hourly,2026-08-17T18:48:05Z,2026-08-17T18:48:05Z,
62.210.28.116,ipv4,malicious-ip,medium,WHITE,ziyadnz/hourly-ipv4,ziyadnz|hourly,2026-08-17T18:48:05Z,2026-08-17T18:48:05Z,
62.210.37.82,ipv4,malicious-ip,medium,WHITE,ziyadnz/hourly-ipv4,ziyadnz|hourly,2026-08-17T18:48:05Z,2026-08-17T18:48:05Z,
62.210.89.150,ipv4,malicious-ip,medium,WHITE,ziyadnz/hourly-ipv4,ziyadnz|hourly,2026-08-17T18:48:05Z,2026-08-17T18:48:05Z,
62.210.90.214,ipv4,malicious-ip,medium,WHITE,ziyadnz/hourly-ipv4,ziyadnz|hourly,2026-08-17T18:48:05Z,2026-08-17T18:48:05Z,
62.210.90.215,ipv4,malicious-ip,medium,WHITE,ziyadnz/hourly-ipv4,ziyadnz|hourly,2026-08-17T18:48:05Z,2026-08-17T18:48:05Z,
62.212.229.183,ipv4,malicious-ip,medium,WHITE,ziyadnz/hourly-ipv4,ziyadnz|hourly,2026-08-17T18:48:05Z,2026-08-17T18:48:05Z,
62.212.230.49,ipv4,malicious-ip,medium,WHITE,ziyadnz/hourly-ipv4,ziyadnz|hourly,2026-08-17T18:48:05Z,2026-08-17T18:48:05Z,
62.212.56.121,ipv4,malicious-ip,medium,WHITE,ziyadnz/hourly-ipv4,ziyadnz|hourly,2026-08-17T18:48:05Z,2026-08-17T18:48:05Z,
62.212.70.129,ipv4,malicious-ip,medium,WHITE,ziyadnz/hourly-ipv4,ziyadnz|hourly,2026-08-17T18:48:05Z,2026-08-17T18:48:05Z,
62.215.108.18,ipv4,malicious-ip,medium,WHITE,ziyadnz/hourly-ipv4,ziyadnz|hourly,2026-08-17T18:48:05Z,2026-08-17T18:48:05Z,
62.217.141.41,ipv4,malicious-ip,medium,WHITE,ziyadnz/hourly-ipv4,ziyadnz|hourly,2026-08-17T18:48:05Z,2026-08-17T18:48:05Z,
62.217.147.150,ipv4,malicious-ip,medium,WHITE,ziyadnz/hourly-ipv4,ziyadnz|hourly,2026-08-17T18:48:05Z,2026-08-17T18:48:05Z,
62.220.123.243,ipv4,malicious-ip,medium,WHITE,ziyadnz/hourly-ipv4,ziyadnz|hourly,2026-08-17T18:48:05Z,2026-08-17T18:48:05Z,
62.220.123.61,ipv4,malicious-ip,medium,WHITE,ziyadnz/hourly-ipv4,ziyadnz|hourly,2026-08-17T18:48:05Z,2026-08-17T18:48:05Z,
62.221.66.89,ipv4,malicious-ip,medium,WHITE,ziyadnz/hourly-ipv4,ziyadnz|hourly,2026-08-17T18:48:05Z,2026-08-17T18:48:05Z,
62.231.103.52,ipv4,malicious-ip,medium,WHITE,ziyadnz/hourly-ipv4,ziyadnz|hourly,2026-08-17T18:48:05Z,2026-08-17T18:48:05Z,
62.231.20.54,ipv4,malicious-ip,medium,WHITE,ziyadnz/hourly-ipv4,ziyadnz|hourly,2026-08-17T18:48:05Z,2026-08-17T18:48:05Z,
62.232.89.250,ipv4,malicious-ip,medium,WHITE,ziyadnz/hourly-ipv4,ziyadnz|hourly,2026-08-17T18:48:05Z,2026-08-17T18:48:05Z,
62.233.50.25,ipv4,malicious-ip,medium,WHITE,ziyadnz/hourly-ipv4,ziyadnz|hourly,2026-08-17T18:48:05Z,2026-08-17T18:48:05Z,
62.233.51.121,ipv4,malicious-ip,medium,WHITE,ziyadnz/hourly-ipv4,ziyadnz|hourly,2026-08-17T18:48:05Z,2026-08-17T18:48:05Z,
62.233.51.166,ipv4,malicious-ip,medium,WHITE,ziyadnz/hourly-ipv4,ziyadnz|hourly,2026-08-17T18:48:05Z,2026-08-17T18:48:05Z,
62.233.51.173,ipv4,malicious-ip,medium,WHITE,ziyadnz/hourly-ipv4,ziyadnz|hourly,2026-08-17T18:48:05Z,2026-08-17T18:48:05Z,
62.233.57.49,ipv4,malicious-ip,medium,WHITE,ziyadnz/hourly-ipv4,ziyadnz|hourly,2026-08-17T18:48:05Z,2026-08-17T18:48:05Z,
62.233.57.94,ipv4,malicious-ip,medium,WHITE,ziyadnz/hourly-ipv4,ziyadnz|hourly,2026-08-17T18:48:05Z,2026-08-17T18:48:05Z,
62.234.180.142,ipv4,malicious-ip,medium,WHITE,ziyadnz/hourly-ipv4,ziyadnz|hourly,2026-08-17T18:48:05Z,2026-08-17T18:48:05Z,
62.234.19.235,ipv4,malicious-ip,medium,WHITE,ziyadnz/hourly-ipv4,ziyadnz|hourly,2026-08-17T18:48:05Z,2026-08-17T18:48:05Z,
62.234.3.140,ipv4,malicious-ip,medium,WHITE,ziyadnz/hourly-ipv4,ziyadnz|hourly,2026-08-17T18:48:05Z,2026-08-17T18:48:05Z,
62.234.51.110,ipv4,malicious-ip,medium,WHITE,ziyadnz/hourly-ipv4,ziyadnz|hourly,2026-08-17T18:48:05Z,2026-08-17T18:48:05Z,
62.238.1.3,ipv4,malicious-ip,medium,WHITE,ziyadnz/hourly-ipv4,ziyadnz|hourly,2026-08-17T18:48:05Z,2026-08-17T18:48:05Z,
62.238.21.150,ipv4,malicious-ip,medium,WHITE,ziyadnz/hourly-ipv4,ziyadnz|hourly,2026-08-17T18:48:05Z,2026-08-17T18:48:05Z,
62.238.38.252,ipv4,malicious-ip,medium,WHITE,ziyadnz/hourly-ipv4,ziyadnz|hourly,2026-08-17T18:48:05Z,2026-08-17T18:48:05Z,
62.238.5.70,ipv4,malicious-ip,medium,WHITE,ziyadnz/hourly-ipv4,ziyadnz|hourly,2026-08-17T18:48:05Z,2026-08-17T18:48:05Z,
62.238.9.178,ipv4,malicious-ip,medium,WHITE,ziyadnz/hourly-ipv4,ziyadnz|hourly,2026-08-17T18:48:05Z,2026-08-17T18:48:05Z,
62.238.96.127,ipv4,malicious-ip,medium,WHITE,ziyadnz/hourly-ipv4,ziyadnz|hourly,2026-08-17T18:48:05Z,2026-08-17T18:48:05Z,
62.240.9.26,ipv4,malicious-ip,medium,WHITE,ziyadnz/hourly-ipv4,ziyadnz|hourly,2026-08-17T18:48:05Z,2026-08-17T18:48:05Z,
62.244.207.122,ipv4,malicious-ip,medium,WHITE,ziyadnz/hourly-ipv4,ziyadnz|hourly,2026-08-17T18:48:05Z,2026-08-17T18:48:05Z,
62.244.218.46,ipv4,malicious-ip,medium,WHITE,ziyadnz/hourly-ipv4,ziyadnz|hourly,2026-08-17T18:48:05Z,2026-08-17T18:48:05Z,
62.248.0.15,ipv4,malicious-ip,medium,WHITE,ziyadnz/hourly-ipv4,ziyadnz|hourly,2026-08-17T18:48:05Z,2026-08-17T18:48:05Z,
62.3.56.187,ipv4,malicious-ip,medium,WHITE,ziyadnz/hourly-ipv4,ziyadnz|hourly,2026-08-17T18:48:05Z,2026-08-17T18:48:05Z,
62.31.216.5,ipv4,malicious-ip,medium,WHITE,ziyadnz/hourly-ipv4,ziyadnz|hourly,2026-08-17T18:48:05Z,2026-08-17T18:48:05Z,
62.32.64.144,ipv4,malicious-ip,medium,WHITE,ziyadnz/hourly-ipv4,ziyadnz|hourly,2026-08-17T18:48:05Z,2026-08-17T18:48:05Z,
62.33.199.248,ipv4,malicious-ip,medium,WHITE,ziyadnz/hourly-ipv4,ziyadnz|hourly,2026-08-17T18:48:05Z,2026-08-17T18:48:05Z,
62.36.19.42,ipv4,malicious-ip,medium,WHITE,ziyadnz/hourly-ipv4,ziyadnz|hourly,2026-08-17T18:48:05Z,2026-08-17T18:48:05Z,
62.38.104.253,ipv4,malicious-ip,medium,WHITE,ziyadnz/hourly-ipv4,ziyadnz|hourly,2026-08-17T18:48:05Z,2026-08-17T18:48:05Z,
62.38.144.238,ipv4,malicious-ip,medium,WHITE,ziyadnz/hourly-ipv4,ziyadnz|hourly,2026-08-17T18:48:05Z,2026-08-17T18:48:05Z,
62.4.32.194,ipv4,malicious-ip,medium,WHITE,ziyadnz/hourly-ipv4,ziyadnz|hourly,2026-08-17T18:48:05Z,2026-08-17T18:48:05Z,
62.45.193.156,ipv4,malicious-ip,medium,WHITE,ziyadnz/hourly-ipv4,ziyadnz|hourly,2026-08-17T18:48:05Z,2026-08-17T18:48:05Z,
62.45.97.61,ipv4,malicious-ip,medium,WHITE,ziyadnz/hourly-ipv4,ziyadnz|hourly,2026-08-17T18:48:05Z,2026-08-17T18:48:05Z,
62.54.176.203,ipv4,malicious-ip,medium,WHITE,ziyadnz/hourly-ipv4,ziyadnz|hourly,2026-08-17T18:48:05Z,2026-08-17T18:48:05Z,
62.56.119.125,ipv4,malicious-ip,medium,WHITE,ziyadnz/hourly-ipv4,ziyadnz|hourly,2026-08-17T18:48:05Z,2026-08-17T18:48:05Z,
62.56.246.76,ipv4,malicious-ip,medium,WHITE,ziyadnz/hourly-ipv4,ziyadnz|hourly,2026-08-17T18:48:05Z,2026-08-17T18:48:05Z,
62.56.88.222,ipv4,malicious-ip,medium,WHITE,ziyadnz/hourly-ipv4,ziyadnz|hourly,2026-08-17T18:48:05Z,2026-08-17T18:48:05Z,
62.60.130.0,ipv4,malicious-ip,medium,WHITE,ziyadnz/hourly-ipv4,ziyadnz|hourly,2026-08-17T18:48:05Z,2026-08-17T18:48:05Z,
62.60.130.128,ipv4,malicious-ip,medium,WHITE,ziyadnz/hourly-ipv4,ziyadnz|hourly,2026-08-17T18:48:05Z,2026-08-17T18:48:05Z,
62.60.130.193,ipv4,malicious-ip,medium,WHITE,ziyadnz/hourly-ipv4,ziyadnz|hourly,2026-08-17T18:48:05Z,2026-08-17T18:48:05Z,
62.60.130.198,ipv4,malicious-ip,medium,WHITE,ziyadnz/hourly-ipv4,ziyadnz|hourly,2026-08-17T18:48:05Z,2026-08-17T18:48:05Z,
62.60.130.199,ipv4,malicious-ip,medium,WHITE,ziyadnz/hourly-ipv4,ziyadnz|hourly,2026-08-17T18:48:05Z,2026-08-17T18:48:05Z,
62.60.130.210,ipv4,malicious-ip,medium,WHITE,ziyadnz/hourly-ipv4,ziyadnz|hourly,2026-08-17T18:48:05Z,2026-08-17T18:48:05Z,
62.60.130.227,ipv4,malicious-ip,medium,WHITE,ziyadnz/hourly-ipv4,ziyadnz|hourly,2026-08-17T18:48:05Z,2026-08-17T18:48:05Z,
62.60.130.228,ipv4,malicious-ip,medium,WHITE,ziyadnz/hourly-ipv4,ziyadnz|hourly,2026-08-17T18:48:05Z,2026-08-17T18:48:05Z,
62.60.130.230,ipv4,malicious-ip,medium,WHITE,ziyadnz/hourly-ipv4,ziyadnz|hourly,2026-08-17T18:48:05Z,2026-08-17T18:48:05Z,
62.60.130.235,ipv4,malicious-ip,medium,WHITE,ziyadnz/hourly-ipv4,ziyadnz|hourly,2026-08-17T18:48:05Z,2026-08-17T18:48:05Z,
62.60.130.237,ipv4,malicious-ip,medium,WHITE,ziyadnz/hourly-ipv4,ziyadnz|hourly,2026-08-17T18:48:05Z,2026-08-17T18:48:05Z,
62.60.130.238,ipv4,malicious-ip,medium,WHITE,ziyadnz/hourly-ipv4,ziyadnz|hourly,2026-08-17T18:48:05Z,2026-08-17T18:48:05Z,
62.60.130.242,ipv4,malicious-ip,medium,WHITE,ziyadnz/hourly-ipv4,ziyadnz|hourly,2026-08-17T18:48:05Z,2026-08-17T18:48:05Z,
62.60.130.247,ipv4,malicious-ip,medium,WHITE,ziyadnz/hourly-ipv4,ziyadnz|hourly,2026-08-17T18:48:05Z,2026-08-17T18:48:05Z,
62.60.130.248,ipv4,malicious-ip,medium,WHITE,ziyadnz/hourly-ipv4,ziyadnz|hourly,2026-08-17T18:48:05Z,2026-08-17T18:48:05Z,
62.60.131.168,ipv4,malicious-ip,medium,WHITE,ziyadnz/hourly-ipv4,ziyadnz|hourly,2026-08-17T18:48:05Z,2026-08-17T18:48:05Z,
62.60.131.177,ipv4,malicious-ip,medium,WHITE,ziyadnz/hourly-ipv4,ziyadnz|hourly,2026-08-17T18:48:05Z,2026-08-17T18:48:05Z,
62.60.131.180,ipv4,malicious-ip,medium,WHITE,ziyadnz/hourly-ipv4,ziyadnz|hourly,2026-08-17T18:48:05Z,2026-08-17T18:48:05Z,
62.60.131.184,ipv4,malicious-ip,medium,WHITE,ziyadnz/hourly-ipv4,ziyadnz|hourly,2026-08-17T18:48:05Z,2026-08-17T18:48:05Z,
62.60.131.187,ipv4,malicious-ip,medium,WHITE,ziyadnz/hourly-ipv4,ziyadnz|hourly,2026-08-17T18:48:05Z,2026-08-17T18:48:05Z,
62.60.131.191,ipv4,malicious-ip,medium,WHITE,ziyadnz/hourly-ipv4,ziyadnz|hourly,2026-08-17T18:48:05Z,2026-08-17T18:48:05Z,
62.60.131.204,ipv4,malicious-ip,medium,WHITE,ziyadnz/hourly-ipv4,ziyadnz|hourly,2026-08-17T18:48:05Z,2026-08-17T18:48:05Z,
62.60.131.246,ipv4,malicious-ip,medium,WHITE,ziyadnz/hourly-ipv4,ziyadnz|hourly,2026-08-17T18:48:05Z,2026-08-17T18:48:05Z,
62.60.132.52,ipv4,malicious-ip,medium,WHITE,ziyadnz/hourly-ipv4,ziyadnz|hourly,2026-08-17T18:48:05Z,2026-08-17T18:48:05Z,
62.60.144.172,ipv4,malicious-ip,medium,WHITE,ziyadnz/hourly-ipv4,ziyadnz|hourly,2026-08-17T18:48:05Z,2026-08-17T18:48:05Z,
62.60.149.8,ipv4,malicious-ip,medium,WHITE,ziyadnz/hourly-ipv4,ziyadnz|hourly,2026-08-17T18:48:05Z,2026-08-17T18:48:05Z,
62.60.152.226,ipv4,malicious-ip,medium,WHITE,ziyadnz/hourly-ipv4,ziyadnz|hourly,2026-08-17T18:48:05Z,2026-08-17T18:48:05Z,
62.60.154.106,ipv4,malicious-ip,medium,WHITE,ziyadnz/hourly-ipv4,ziyadnz|hourly,2026-08-17T18:48:05Z,2026-08-17T18:48:05Z,
62.60.178.24,ipv4,malicious-ip,medium,WHITE,ziyadnz/hourly-ipv4,ziyadnz|hourly,2026-08-17T18:48:05Z,2026-08-17T18:48:05Z,
62.60.179.230,ipv4,malicious-ip,medium,WHITE,ziyadnz/hourly-ipv4,ziyadnz|hourly,2026-08-17T18:48:05Z,2026-08-17T18:48:05Z,
62.60.201.34,ipv4,malicious-ip,medium,WHITE,ziyadnz/hourly-ipv4,ziyadnz|hourly,2026-08-17T18:48:05Z,2026-08-17T18:48:05Z,
62.60.204.90,ipv4,malicious-ip,medium,WHITE,ziyadnz/hourly-ipv4,ziyadnz|hourly,2026-08-17T18:48:05Z,2026-08-17T18:48:05Z,
62.60.226.140,ipv4,malicious-ip,medium,WHITE,ziyadnz/hourly-ipv4,ziyadnz|hourly,2026-08-17T18:48:05Z,2026-08-17T18:48:05Z,
62.60.226.146,ipv4,malicious-ip,medium,WHITE,ziyadnz/hourly-ipv4,ziyadnz|hourly,2026-08-17T18:48:05Z,2026-08-17T18:48:05Z,
62.60.226.154,ipv4,malicious-ip,medium,WHITE,ziyadnz/hourly-ipv4,ziyadnz|hourly,2026-08-17T18:48:05Z,2026-08-17T18:48:05Z,
62.60.226.233,ipv4,malicious-ip,medium,WHITE,ziyadnz/hourly-ipv4,ziyadnz|hourly,2026-08-17T18:48:05Z,2026-08-17T18:48:05Z,
62.60.226.254,ipv4,malicious-ip,medium,WHITE,ziyadnz/hourly-ipv4,ziyadnz|hourly,2026-08-17T18:48:05Z,2026-08-17T18:48:05Z,
62.60.226.64,ipv4,malicious-ip,medium,WHITE,ziyadnz/hourly-ipv4,ziyadnz|hourly,2026-08-17T18:48:05Z,2026-08-17T18:48:05Z,
62.60.226.73,ipv4,malicious-ip,medium,WHITE,ziyadnz/hourly-ipv4,ziyadnz|hourly,2026-08-17T18:48:05Z,2026-08-17T18:48:05Z,
62.60.229.105,ipv4,malicious-ip,medium,WHITE,ziyadnz/hourly-ipv4,ziyadnz|hourly,2026-08-17T18:48:05Z,2026-08-17T18:48:05Z,
62.60.234.140,ipv4,malicious-ip,medium,WHITE,ziyadnz/hourly-ipv4,ziyadnz|hourly,2026-08-17T18:48:05Z,2026-08-17T18:48:05Z,
62.60.235.190,ipv4,malicious-ip,medium,WHITE,ziyadnz/hourly-ipv4,ziyadnz|hourly,2026-08-17T18:48:05Z,2026-08-17T18:48:05Z,
62.60.237.116,ipv4,malicious-ip,medium,WHITE,ziyadnz/hourly-ipv4,ziyadnz|hourly,2026-08-17T18:48:05Z,2026-08-17T18:48:05Z,
62.60.237.38,ipv4,malicious-ip,medium,WHITE,ziyadnz/hourly-ipv4,ziyadnz|hourly,2026-08-17T18:48:05Z,2026-08-17T18:48:05Z,
62.60.238.81,ipv4,malicious-ip,medium,WHITE,ziyadnz/hourly-ipv4,ziyadnz|hourly,2026-08-17T18:48:05Z,2026-08-17T18:48:05Z,
62.60.246.108,ipv4,malicious-ip,medium,WHITE,ziyadnz/hourly-ipv4,ziyadnz|hourly,2026-08-17T18:48:05Z,2026-08-17T18:48:05Z,
62.60.249.86,ipv4,malicious-ip,medium,WHITE,ziyadnz/hourly-ipv4,ziyadnz|hourly,2026-08-17T18:48:05Z,2026-08-17T18:48:05Z,
62.61.217.188,ipv4,malicious-ip,medium,WHITE,ziyadnz/hourly-ipv4,ziyadnz|hourly,2026-08-17T18:48:05Z,2026-08-17T18:48:05Z,
62.64.108.171,ipv4,malicious-ip,medium,WHITE,ziyadnz/hourly-ipv4,ziyadnz|hourly,2026-08-17T18:48:05Z,2026-08-17T18:48:05Z,
62.64.150.148,ipv4,malicious-ip,medium,WHITE,ziyadnz/hourly-ipv4,ziyadnz|hourly,2026-08-17T18:48:05Z,2026-08-17T18:48:05Z,
62.64.246.18,ipv4,malicious-ip,medium,WHITE,ziyadnz/hourly-ipv4,ziyadnz|hourly,2026-08-17T18:48:05Z,2026-08-17T18:48:05Z,
62.64.6.50,ipv4,malicious-ip,medium,WHITE,ziyadnz/hourly-ipv4,ziyadnz|hourly,2026-08-17T18:48:05Z,2026-08-17T18:48:05Z,
62.64.92.118,ipv4,malicious-ip,medium,WHITE,ziyadnz/hourly-ipv4,ziyadnz|hourly,2026-08-17T18:48:05Z,2026-08-17T18:48:05Z,
62.66.145.55,ipv4,malicious-ip,medium,WHITE,ziyadnz/hourly-ipv4,ziyadnz|hourly,2026-08-17T18:48:05Z,2026-08-17T18:48:05Z,
62.68.238.212,ipv4,malicious-ip,medium,WHITE,ziyadnz/hourly-ipv4,ziyadnz|hourly,2026-08-17T18:48:05Z,2026-08-17T18:48:05Z,
62.72.185.39,ipv4,malicious-ip,medium,WHITE,ziyadnz/hourly-ipv4,ziyadnz|hourly,2026-08-17T18:48:05Z,2026-08-17T18:48:05Z,
62.72.191.203,ipv4,malicious-ip,medium,WHITE,ziyadnz/hourly-ipv4,ziyadnz|hourly,2026-08-17T18:48:05Z,2026-08-17T18:48:05Z,
62.72.20.123,ipv4,malicious-ip,medium,WHITE,ziyadnz/hourly-ipv4,ziyadnz|hourly,2026-08-17T18:48:05Z,2026-08-17T18:48:05Z,
62.72.22.91,ipv4,malicious-ip,medium,WHITE,ziyadnz/hourly-ipv4,ziyadnz|hourly,2026-08-17T18:48:05Z,2026-08-17T18:48:05Z,
62.72.47.105,ipv4,malicious-ip,medium,WHITE,ziyadnz/hourly-ipv4,ziyadnz|hourly,2026-08-17T18:48:05Z,2026-08-17T18:48:05Z,
62.76.228.164,ipv4,malicious-ip,medium,WHITE,ziyadnz/hourly-ipv4,ziyadnz|hourly,2026-08-17T18:48:05Z,2026-08-17T18:48:05Z,
62.76.230.160,ipv4,malicious-ip,medium,WHITE,ziyadnz/hourly-ipv4,ziyadnz|hourly,2026-08-17T18:48:05Z,2026-08-17T18:48:05Z,
62.76.64.90,ipv4,malicious-ip,medium,WHITE,ziyadnz/hourly-ipv4,ziyadnz|hourly,2026-08-17T18:48:05Z,2026-08-17T18:48:05Z,
62.76.73.53,ipv4,malicious-ip,medium,WHITE,ziyadnz/hourly-ipv4,ziyadnz|hourly,2026-08-17T18:48:05Z,2026-08-17T18:48:05Z,
62.80.177.109,ipv4,malicious-ip,medium,WHITE,ziyadnz/hourly-ipv4,ziyadnz|hourly,2026-08-17T18:48:05Z,2026-08-17T18:48:05Z,
62.82.187.254,ipv4,malicious-ip,medium,WHITE,ziyadnz/hourly-ipv4,ziyadnz|hourly,2026-08-17T18:48:05Z,2026-08-17T18:48:05Z,
62.82.42.140,ipv4,malicious-ip,medium,WHITE,ziyadnz/hourly-ipv4,ziyadnz|hourly,2026-08-17T18:48:05Z,2026-08-17T18:48:05Z,
62.84.176.89,ipv4,malicious-ip,medium,WHITE,ziyadnz/hourly-ipv4,ziyadnz|hourly,2026-08-17T18:48:05Z,2026-08-17T18:48:05Z,
62.84.182.140,ipv4,malicious-ip,medium,WHITE,ziyadnz/hourly-ipv4,ziyadnz|hourly,2026-08-17T18:48:05Z,2026-08-17T18:48:05Z,
62.84.183.172,ipv4,malicious-ip,medium,WHITE,ziyadnz/hourly-ipv4,ziyadnz|hourly,2026-08-17T18:48:05Z,2026-08-17T18:48:05Z,
62.84.185.11,ipv4,malicious-ip,medium,WHITE,ziyadnz/hourly-ipv4,ziyadnz|hourly,2026-08-17T18:48:05Z,2026-08-17T18:48:05Z,
62.84.185.56,ipv4,malicious-ip,medium,WHITE,ziyadnz/hourly-ipv4,ziyadnz|hourly,2026-08-17T18:48:05Z,2026-08-17T18:48:05Z,
62.84.185.63,ipv4,malicious-ip,medium,WHITE,ziyadnz/hourly-ipv4,ziyadnz|hourly,2026-08-17T18:48:05Z,2026-08-17T18:48:05Z,
62.84.186.124,ipv4,malicious-ip,medium,WHITE,ziyadnz/hourly-ipv4,ziyadnz|hourly,2026-08-17T18:48:05Z,2026-08-17T18:48:05Z,
62.84.186.87,ipv4,malicious-ip,medium,WHITE,ziyadnz/hourly-ipv4,ziyadnz|hourly,2026-08-17T18:48:05Z,2026-08-17T18:48:05Z,
62.84.190.27,ipv4,malicious-ip,medium,WHITE,ziyadnz/hourly-ipv4,ziyadnz|hourly,2026-08-17T18:48:05Z,2026-08-17T18:48:05Z,
62.84.80.243,ipv4,malicious-ip,medium,WHITE,ziyadnz/hourly-ipv4,ziyadnz|hourly,2026-08-17T18:48:05Z,2026-08-17T18:48:05Z,
62.84.99.195,ipv4,malicious-ip,medium,WHITE,ziyadnz/hourly-ipv4,ziyadnz|hourly,2026-08-17T18:48:05Z,2026-08-17T18:48:05Z,
62.85.93.27,ipv4,malicious-ip,medium,WHITE,ziyadnz/hourly-ipv4,ziyadnz|hourly,2026-08-17T18:48:05Z,2026-08-17T18:48:05Z,
62.89.11.242,ipv4,malicious-ip,medium,WHITE,ziyadnz/hourly-ipv4,ziyadnz|hourly,2026-08-17T18:48:05Z,2026-08-17T18:48:05Z,
62.89.17.82,ipv4,malicious-ip,medium,WHITE,ziyadnz/hourly-ipv4,ziyadnz|hourly,2026-08-17T18:48:05Z,2026-08-17T18:48:05Z,
62.89.6.114,ipv4,malicious-ip,medium,WHITE,ziyadnz/hourly-ipv4,ziyadnz|hourly,2026-08-17T18:48:05Z,2026-08-17T18:48:05Z,
62.90.110.203,ipv4,malicious-ip,medium,WHITE,ziyadnz/hourly-ipv4,ziyadnz|hourly,2026-08-17T18:48:05Z,2026-08-17T18:48:05Z,
62.90.189.134,ipv4,malicious-ip,medium,WHITE,ziyadnz/hourly-ipv4,ziyadnz|hourly,2026-08-17T18:48:05Z,2026-08-17T18:48:05Z,
62.90.243.160,ipv4,malicious-ip,medium,WHITE,ziyadnz/hourly-ipv4,ziyadnz|hourly,2026-08-17T18:48:05Z,2026-08-17T18:48:05Z,
62.91.108.146,ipv4,malicious-ip,medium,WHITE,ziyadnz/hourly-ipv4,ziyadnz|hourly,2026-08-17T18:48:05Z,2026-08-17T18:48:05Z,
62.98.100.176,ipv4,malicious-ip,medium,WHITE,ziyadnz/hourly-ipv4,ziyadnz|hourly,2026-08-17T18:48:05Z,2026-08-17T18:48:05Z,
63.135.161.134,ipv4,malicious-ip,medium,WHITE,ziyadnz/hourly-ipv4,ziyadnz|hourly,2026-08-17T18:48:05Z,2026-08-17T18:48:05Z,
63.135.161.151,ipv4,malicious-ip,medium,WHITE,ziyadnz/hourly-ipv4,ziyadnz|hourly,2026-08-17T18:48:05Z,2026-08-17T18:48:05Z,
63.135.161.156,ipv4,malicious-ip,medium,WHITE,ziyadnz/hourly-ipv4,ziyadnz|hourly,2026-08-17T18:48:05Z,2026-08-17T18:48:05Z,
63.141.234.109,ipv4,malicious-ip,medium,WHITE,ziyadnz/hourly-ipv4,ziyadnz|hourly,2026-08-17T18:48:05Z,2026-08-17T18:48:05Z,
63.143.92.99,ipv4,malicious-ip,medium,WHITE,ziyadnz/hourly-ipv4,ziyadnz|hourly,2026-08-17T18:48:05Z,2026-08-17T18:48:05Z,
63.143.95.19,ipv4,malicious-ip,medium,WHITE,ziyadnz/hourly-ipv4,ziyadnz|hourly,2026-08-17T18:48:05Z,2026-08-17T18:48:05Z,
63.143.99.121,ipv4,malicious-ip,medium,WHITE,ziyadnz/hourly-ipv4,ziyadnz|hourly,2026-08-17T18:48:05Z,2026-08-17T18:48:05Z,
63.167.220.16,ipv4,malicious-ip,medium,WHITE,ziyadnz/hourly-ipv4,ziyadnz|hourly,2026-08-17T18:48:05Z,2026-08-17T18:48:05Z,
63.178.69.30,ipv4,malicious-ip,medium,WHITE,ziyadnz/hourly-ipv4,ziyadnz|hourly,2026-08-17T18:48:05Z,2026-08-17T18:48:05Z,
63.180.133.5,ipv4,malicious-ip,medium,WHITE,ziyadnz/hourly-ipv4,ziyadnz|hourly,2026-08-17T18:48:05Z,2026-08-17T18:48:05Z,
63.231.92.27,ipv4,malicious-ip,medium,WHITE,ziyadnz/hourly-ipv4,ziyadnz|hourly,2026-08-17T18:48:05Z,2026-08-17T18:48:05Z,
63.245.1.34,ipv4,malicious-ip,medium,WHITE,ziyadnz/hourly-ipv4,ziyadnz|hourly,2026-08-17T18:48:05Z,2026-08-17T18:48:05Z,
63.245.45.135,ipv4,malicious-ip,medium,WHITE,ziyadnz/hourly-ipv4,ziyadnz|hourly,2026-08-17T18:48:05Z,2026-08-17T18:48:05Z,
63.250.35.178,ipv4,malicious-ip,medium,WHITE,ziyadnz/hourly-ipv4,ziyadnz|hourly,2026-08-17T18:48:05Z,2026-08-17T18:48:05Z,
63.250.52.244,ipv4,malicious-ip,medium,WHITE,ziyadnz/hourly-ipv4,ziyadnz|hourly,2026-08-17T18:48:05Z,2026-08-17T18:48:05Z,
63.250.52.57,ipv4,malicious-ip,medium,WHITE,ziyadnz/hourly-ipv4,ziyadnz|hourly,2026-08-17T18:48:05Z,2026-08-17T18:48:05Z,
63.250.55.74,ipv4,malicious-ip,medium,WHITE,ziyadnz/hourly-ipv4,ziyadnz|hourly,2026-08-17T18:48:05Z,2026-08-17T18:48:05Z,
63.250.56.54,ipv4,malicious-ip,medium,WHITE,ziyadnz/hourly-ipv4,ziyadnz|hourly,2026-08-17T18:48:05Z,2026-08-17T18:48:05Z,
63.250.60.197,ipv4,malicious-ip,medium,WHITE,ziyadnz/hourly-ipv4,ziyadnz|hourly,2026-08-17T18:48:05Z,2026-08-17T18:48:05Z,
63.251.14.3,ipv4,malicious-ip,medium,WHITE,ziyadnz/hourly-ipv4,ziyadnz|hourly,2026-08-17T18:48:05Z,2026-08-17T18:48:05Z,
63.33.64.198,ipv4,malicious-ip,medium,WHITE,ziyadnz/hourly-ipv4,ziyadnz|hourly,2026-08-17T18:48:05Z,2026-08-17T18:48:05Z,
63.42.190.241,ipv4,malicious-ip,medium,WHITE,ziyadnz/hourly-ipv4,ziyadnz|hourly,2026-08-17T18:48:05Z,2026-08-17T18:48:05Z,
63.44.253.23,ipv4,malicious-ip,medium,WHITE,ziyadnz/hourly-ipv4,ziyadnz|hourly,2026-08-17T18:48:05Z,2026-08-17T18:48:05Z,
63.46.172.107,ipv4,malicious-ip,medium,WHITE,ziyadnz/hourly-ipv4,ziyadnz|hourly,2026-08-17T18:48:05Z,2026-08-17T18:48:05Z,
63.46.42.51,ipv4,malicious-ip,medium,WHITE,ziyadnz/hourly-ipv4,ziyadnz|hourly,2026-08-17T18:48:05Z,2026-08-17T18:48:05Z,
63.47.135.250,ipv4,malicious-ip,medium,WHITE,ziyadnz/hourly-ipv4,ziyadnz|hourly,2026-08-17T18:48:05Z,2026-08-17T18:48:05Z,
63.77.30.198,ipv4,malicious-ip,medium,WHITE,ziyadnz/hourly-ipv4,ziyadnz|hourly,2026-08-17T18:48:05Z,2026-08-17T18:48:05Z,
64.110.80.170,ipv4,malicious-ip,medium,WHITE,ziyadnz/hourly-ipv4,ziyadnz|hourly,2026-08-17T18:48:05Z,2026-08-17T18:48:05Z,
64.111.93.168,ipv4,malicious-ip,medium,WHITE,ziyadnz/hourly-ipv4,ziyadnz|hourly,2026-08-17T18:48:05Z,2026-08-17T18:48:05Z,
64.112.125.104,ipv4,malicious-ip,medium,WHITE,ziyadnz/hourly-ipv4,ziyadnz|hourly,2026-08-17T18:48:05Z,2026-08-17T18:48:05Z,
64.112.56.111,ipv4,malicious-ip,medium,WHITE,ziyadnz/hourly-ipv4,ziyadnz|hourly,2026-08-17T18:48:05Z,2026-08-17T18:48:05Z,
64.112.56.112,ipv4,malicious-ip,medium,WHITE,ziyadnz/hourly-ipv4,ziyadnz|hourly,2026-08-17T18:48:05Z,2026-08-17T18:48:05Z,
64.112.56.114,ipv4,malicious-ip,medium,WHITE,ziyadnz/hourly-ipv4,ziyadnz|hourly,2026-08-17T18:48:05Z,2026-08-17T18:48:05Z,
64.112.56.116,ipv4,malicious-ip,medium,WHITE,ziyadnz/hourly-ipv4,ziyadnz|hourly,2026-08-17T18:48:05Z,2026-08-17T18:48:05Z,
64.112.56.118,ipv4,malicious-ip,medium,WHITE,ziyadnz/hourly-ipv4,ziyadnz|hourly,2026-08-17T18:48:05Z,2026-08-17T18:48:05Z,
64.112.56.119,ipv4,malicious-ip,medium,WHITE,ziyadnz/hourly-ipv4,ziyadnz|hourly,2026-08-17T18:48:05Z,2026-08-17T18:48:05Z,
64.113.32.29,ipv4,malicious-ip,medium,WHITE,ziyadnz/hourly-ipv4,ziyadnz|hourly,2026-08-17T18:48:05Z,2026-08-17T18:48:05Z,
64.118.150.56,ipv4,malicious-ip,medium,WHITE,ziyadnz/hourly-ipv4,ziyadnz|hourly,2026-08-17T18:48:05Z,2026-08-17T18:48:05Z,
64.121.113.135,ipv4,malicious-ip,medium,WHITE,ziyadnz/hourly-ipv4,ziyadnz|hourly,2026-08-17T18:48:05Z,2026-08-17T18:48:05Z,
64.121.17.141,ipv4,malicious-ip,medium,WHITE,ziyadnz/hourly-ipv4,ziyadnz|hourly,2026-08-17T18:48:05Z,2026-08-17T18:48:05Z,
64.127.189.34,ipv4,malicious-ip,medium,WHITE,ziyadnz/hourly-ipv4,ziyadnz|hourly,2026-08-17T18:48:05Z,2026-08-17T18:48:05Z,
64.135.205.102,ipv4,malicious-ip,medium,WHITE,ziyadnz/hourly-ipv4,ziyadnz|hourly,2026-08-17T18:48:05Z,2026-08-17T18:48:05Z,
64.139.242.77,ipv4,malicious-ip,medium,WHITE,ziyadnz/hourly-ipv4,ziyadnz|hourly,2026-08-17T18:48:05Z,2026-08-17T18:48:05Z,
64.176.213.101,ipv4,malicious-ip,medium,WHITE,ziyadnz/hourly-ipv4,ziyadnz|hourly,2026-08-17T18:48:05Z,2026-08-17T18:48:05Z,
64.176.228.109,ipv4,malicious-ip,medium,WHITE,ziyadnz/hourly-ipv4,ziyadnz|hourly,2026-08-17T18:48:05Z,2026-08-17T18:48:05Z,
64.176.228.227,ipv4,malicious-ip,medium,WHITE,ziyadnz/hourly-ipv4,ziyadnz|hourly,2026-08-17T18:48:05Z,2026-08-17T18:48:05Z,
64.176.229.97,ipv4,malicious-ip,medium,WHITE,ziyadnz/hourly-ipv4,ziyadnz|hourly,2026-08-17T18:48:05Z,2026-08-17T18:48:05Z,
64.176.4.234,ipv4,malicious-ip,medium,WHITE,ziyadnz/hourly-ipv4,ziyadnz|hourly,2026-08-17T18:48:05Z,2026-08-17T18:48:05Z,
64.176.5.228,ipv4,malicious-ip,medium,WHITE,ziyadnz/hourly-ipv4,ziyadnz|hourly,2026-08-17T18:48:05Z,2026-08-17T18:48:05Z,
64.176.50.109,ipv4,malicious-ip,medium,WHITE,ziyadnz/hourly-ipv4,ziyadnz|hourly,2026-08-17T18:48:05Z,2026-08-17T18:48:05Z,
64.176.67.117,ipv4,malicious-ip,medium,WHITE,ziyadnz/hourly-ipv4,ziyadnz|hourly,2026-08-17T18:48:05Z,2026-08-17T18:48:05Z,
64.176.67.194,ipv4,malicious-ip,medium,WHITE,ziyadnz/hourly-ipv4,ziyadnz|hourly,2026-08-17T18:48:05Z,2026-08-17T18:48:05Z,
64.176.69.196,ipv4,malicious-ip,medium,WHITE,ziyadnz/hourly-ipv4,ziyadnz|hourly,2026-08-17T18:48:05Z,2026-08-17T18:48:05Z,
64.176.7.59,ipv4,malicious-ip,medium,WHITE,ziyadnz/hourly-ipv4,ziyadnz|hourly,2026-08-17T18:48:05Z,2026-08-17T18:48:05Z,
64.176.70.18,ipv4,malicious-ip,medium,WHITE,ziyadnz/hourly-ipv4,ziyadnz|hourly,2026-08-17T18:48:05Z,2026-08-17T18:48:05Z,
64.176.70.238,ipv4,malicious-ip,medium,WHITE,ziyadnz/hourly-ipv4,ziyadnz|hourly,2026-08-17T18:48:05Z,2026-08-17T18:48:05Z,
64.176.71.201,ipv4,malicious-ip,medium,WHITE,ziyadnz/hourly-ipv4,ziyadnz|hourly,2026-08-17T18:48:05Z,2026-08-17T18:48:05Z,
64.176.85.158,ipv4,malicious-ip,medium,WHITE,ziyadnz/hourly-ipv4,ziyadnz|hourly,2026-08-17T18:48:05Z,2026-08-17T18:48:05Z,
64.177.123.219,ipv4,malicious-ip,medium,WHITE,ziyadnz/hourly-ipv4,ziyadnz|hourly,2026-08-17T18:48:05Z,2026-08-17T18:48:05Z,
64.177.67.83,ipv4,malicious-ip,medium,WHITE,ziyadnz/hourly-ipv4,ziyadnz|hourly,2026-08-17T18:48:05Z,2026-08-17T18:48:05Z,
64.177.80.44,ipv4,malicious-ip,medium,WHITE,ziyadnz/hourly-ipv4,ziyadnz|hourly,2026-08-17T18:48:05Z,2026-08-17T18:48:05Z,
64.180.11.219,ipv4,malicious-ip,medium,WHITE,ziyadnz/hourly-ipv4,ziyadnz|hourly,2026-08-17T18:48:05Z,2026-08-17T18:48:05Z,
64.181.238.10,ipv4,malicious-ip,medium,WHITE,ziyadnz/hourly-ipv4,ziyadnz|hourly,2026-08-17T18:48:05Z,2026-08-17T18:48:05Z,
64.182.46.134,ipv4,malicious-ip,medium,WHITE,ziyadnz/hourly-ipv4,ziyadnz|hourly,2026-08-17T18:48:05Z,2026-08-17T18:48:05Z,
64.183.23.226,ipv4,malicious-ip,medium,WHITE,ziyadnz/hourly-ipv4,ziyadnz|hourly,2026-08-17T18:48:05Z,2026-08-17T18:48:05Z,
64.185.224.135,ipv4,malicious-ip,medium,WHITE,ziyadnz/hourly-ipv4,ziyadnz|hourly,2026-08-17T18:48:05Z,2026-08-17T18:48:05Z,
64.186.243.68,ipv4,malicious-ip,medium,WHITE,ziyadnz/hourly-ipv4,ziyadnz|hourly,2026-08-17T18:48:05Z,2026-08-17T18:48:05Z,
64.187.121.21,ipv4,malicious-ip,medium,WHITE,ziyadnz/hourly-ipv4,ziyadnz|hourly,2026-08-17T18:48:05Z,2026-08-17T18:48:05Z,
64.188.119.33,ipv4,malicious-ip,medium,WHITE,ziyadnz/hourly-ipv4,ziyadnz|hourly,2026-08-17T18:48:05Z,2026-08-17T18:48:05Z,
64.188.169.184,ipv4,malicious-ip,medium,WHITE,ziyadnz/hourly-ipv4,ziyadnz|hourly,2026-08-17T18:48:05Z,2026-08-17T18:48:05Z,
64.188.17.231,ipv4,malicious-ip,medium,WHITE,ziyadnz/hourly-ipv4,ziyadnz|hourly,2026-08-17T18:48:05Z,2026-08-17T18:48:05Z,
64.188.29.209,ipv4,malicious-ip,medium,WHITE,ziyadnz/hourly-ipv4,ziyadnz|hourly,2026-08-17T18:48:05Z,2026-08-17T18:48:05Z,
64.188.64.137,ipv4,malicious-ip,medium,WHITE,ziyadnz/hourly-ipv4,ziyadnz|hourly,2026-08-17T18:48:05Z,2026-08-17T18:48:05Z,
64.188.70.194,ipv4,malicious-ip,medium,WHITE,ziyadnz/hourly-ipv4,ziyadnz|hourly,2026-08-17T18:48:05Z,2026-08-17T18:48:05Z,
64.188.76.129,ipv4,malicious-ip,medium,WHITE,ziyadnz/hourly-ipv4,ziyadnz|hourly,2026-08-17T18:48:05Z,2026-08-17T18:48:05Z,
64.188.77.14,ipv4,malicious-ip,medium,WHITE,ziyadnz/hourly-ipv4,ziyadnz|hourly,2026-08-17T18:48:05Z,2026-08-17T18:48:05Z,
64.188.77.26,ipv4,malicious-ip,medium,WHITE,ziyadnz/hourly-ipv4,ziyadnz|hourly,2026-08-17T18:48:05Z,2026-08-17T18:48:05Z,
64.188.77.73,ipv4,malicious-ip,medium,WHITE,ziyadnz/hourly-ipv4,ziyadnz|hourly,2026-08-17T18:48:05Z,2026-08-17T18:48:05Z,
64.188.79.226,ipv4,malicious-ip,medium,WHITE,ziyadnz/hourly-ipv4,ziyadnz|hourly,2026-08-17T18:48:05Z,2026-08-17T18:48:05Z,
64.188.83.134,ipv4,malicious-ip,medium,WHITE,ziyadnz/hourly-ipv4,ziyadnz|hourly,2026-08-17T18:48:05Z,2026-08-17T18:48:05Z,
64.188.83.192,ipv4,malicious-ip,medium,WHITE,ziyadnz/hourly-ipv4,ziyadnz|hourly,2026-08-17T18:48:05Z,2026-08-17T18:48:05Z,
64.188.83.228,ipv4,malicious-ip,medium,WHITE,ziyadnz/hourly-ipv4,ziyadnz|hourly,2026-08-17T18:48:05Z,2026-08-17T18:48:05Z,
64.188.83.244,ipv4,malicious-ip,medium,WHITE,ziyadnz/hourly-ipv4,ziyadnz|hourly,2026-08-17T18:48:05Z,2026-08-17T18:48:05Z,
64.188.91.237,ipv4,malicious-ip,medium,WHITE,ziyadnz/hourly-ipv4,ziyadnz|hourly,2026-08-17T18:48:05Z,2026-08-17T18:48:05Z,
64.188.92.255,ipv4,malicious-ip,medium,WHITE,ziyadnz/hourly-ipv4,ziyadnz|hourly,2026-08-17T18:48:05Z,2026-08-17T18:48:05Z,
64.188.93.178,ipv4,malicious-ip,medium,WHITE,ziyadnz/hourly-ipv4,ziyadnz|hourly,2026-08-17T18:48:05Z,2026-08-17T18:48:05Z,
64.190.113.170,ipv4,malicious-ip,medium,WHITE,ziyadnz/hourly-ipv4,ziyadnz|hourly,2026-08-17T18:48:05Z,2026-08-17T18:48:05Z,
64.190.113.214,ipv4,malicious-ip,medium,WHITE,ziyadnz/hourly-ipv4,ziyadnz|hourly,2026-08-17T18:48:05Z,2026-08-17T18:48:05Z,
64.190.113.221,ipv4,malicious-ip,medium,WHITE,ziyadnz/hourly-ipv4,ziyadnz|hourly,2026-08-17T18:48:05Z,2026-08-17T18:48:05Z,
64.190.113.25,ipv4,malicious-ip,medium,WHITE,ziyadnz/hourly-ipv4,ziyadnz|hourly,2026-08-17T18:48:05Z,2026-08-17T18:48:05Z,
64.190.113.31,ipv4,malicious-ip,medium,WHITE,ziyadnz/hourly-ipv4,ziyadnz|hourly,2026-08-17T18:48:05Z,2026-08-17T18:48:05Z,
64.190.76.10,ipv4,malicious-ip,medium,WHITE,ziyadnz/hourly-ipv4,ziyadnz|hourly,2026-08-17T18:48:05Z,2026-08-17T18:48:05Z,
64.190.76.11,ipv4,malicious-ip,medium,WHITE,ziyadnz/hourly-ipv4,ziyadnz|hourly,2026-08-17T18:48:05Z,2026-08-17T18:48:05Z,
64.190.76.12,ipv4,malicious-ip,medium,WHITE,ziyadnz/hourly-ipv4,ziyadnz|hourly,2026-08-17T18:48:05Z,2026-08-17T18:48:05Z,
64.190.76.13,ipv4,malicious-ip,medium,WHITE,ziyadnz/hourly-ipv4,ziyadnz|hourly,2026-08-17T18:48:05Z,2026-08-17T18:48:05Z,
64.190.76.14,ipv4,malicious-ip,medium,WHITE,ziyadnz/hourly-ipv4,ziyadnz|hourly,2026-08-17T18:48:05Z,2026-08-17T18:48:05Z,
64.190.76.2,ipv4,malicious-ip,medium,WHITE,ziyadnz/hourly-ipv4,ziyadnz|hourly,2026-08-17T18:48:05Z,2026-08-17T18:48:05Z,
64.190.76.3,ipv4,malicious-ip,medium,WHITE,ziyadnz/hourly-ipv4,ziyadnz|hourly,2026-08-17T18:48:05Z,2026-08-17T18:48:05Z,
64.190.76.4,ipv4,malicious-ip,medium,WHITE,ziyadnz/hourly-ipv4,ziyadnz|hourly,2026-08-17T18:48:05Z,2026-08-17T18:48:05Z,
64.20.53.230,ipv4,malicious-ip,medium,WHITE,ziyadnz/hourly-ipv4,ziyadnz|hourly,2026-08-17T18:48:05Z,2026-08-17T18:48:05Z,
64.20.62.220,ipv4,malicious-ip,medium,WHITE,ziyadnz/hourly-ipv4,ziyadnz|hourly,2026-08-17T18:48:05Z,2026-08-17T18:48:05Z,
64.202.186.161,ipv4,malicious-ip,medium,WHITE,ziyadnz/hourly-ipv4,ziyadnz|hourly,2026-08-17T18:48:05Z,2026-08-17T18:48:05Z,
64.202.189.56,ipv4,malicious-ip,medium,WHITE,ziyadnz/hourly-ipv4,ziyadnz|hourly,2026-08-17T18:48:05Z,2026-08-17T18:48:05Z,
64.207.185.5,ipv4,malicious-ip,medium,WHITE,ziyadnz/hourly-ipv4,ziyadnz|hourly,2026-08-17T18:48:05Z,2026-08-17T18:48:05Z,
64.225.100.131,ipv4,malicious-ip,medium,WHITE,ziyadnz/hourly-ipv4,ziyadnz|hourly,2026-08-17T18:48:05Z,2026-08-17T18:48:05Z,
64.225.103.210,ipv4,malicious-ip,medium,WHITE,ziyadnz/hourly-ipv4,ziyadnz|hourly,2026-08-17T18:48:05Z,2026-08-17T18:48:05Z,
64.225.107.205,ipv4,malicious-ip,medium,WHITE,ziyadnz/hourly-ipv4,ziyadnz|hourly,2026-08-17T18:48:05Z,2026-08-17T18:48:05Z,
64.225.109.55,ipv4,malicious-ip,medium,WHITE,ziyadnz/hourly-ipv4,ziyadnz|hourly,2026-08-17T18:48:05Z,2026-08-17T18:48:05Z,
64.225.115.137,ipv4,malicious-ip,medium,WHITE,ziyadnz/hourly-ipv4,ziyadnz|hourly,2026-08-17T18:48:05Z,2026-08-17T18:48:05Z,
64.225.118.41,ipv4,malicious-ip,medium,WHITE,ziyadnz/hourly-ipv4,ziyadnz|hourly,2026-08-17T18:48:05Z,2026-08-17T18:48:05Z,
64.225.126.182,ipv4,malicious-ip,medium,WHITE,ziyadnz/hourly-ipv4,ziyadnz|hourly,2026-08-17T18:48:05Z,2026-08-17T18:48:05Z,
64.225.17.112,ipv4,malicious-ip,medium,WHITE,ziyadnz/hourly-ipv4,ziyadnz|hourly,2026-08-17T18:48:05Z,2026-08-17T18:48:05Z,
64.225.17.162,ipv4,malicious-ip,medium,WHITE,ziyadnz/hourly-ipv4,ziyadnz|hourly,2026-08-17T18:48:05Z,2026-08-17T18:48:05Z,
64.225.29.249,ipv4,malicious-ip,medium,WHITE,ziyadnz/hourly-ipv4,ziyadnz|hourly,2026-08-17T18:48:05Z,2026-08-17T18:48:05Z,
64.225.3.42,ipv4,malicious-ip,medium,WHITE,ziyadnz/hourly-ipv4,ziyadnz|hourly,2026-08-17T18:48:05Z,2026-08-17T18:48:05Z,
64.225.32.37,ipv4,malicious-ip,medium,WHITE,ziyadnz/hourly-ipv4,ziyadnz|hourly,2026-08-17T18:48:05Z,2026-08-17T18:48:05Z,
64.225.34.157,ipv4,malicious-ip,medium,WHITE,ziyadnz/hourly-ipv4,ziyadnz|hourly,2026-08-17T18:48:05Z,2026-08-17T18:48:05Z,
64.225.34.170,ipv4,malicious-ip,medium,WHITE,ziyadnz/hourly-ipv4,ziyadnz|hourly,2026-08-17T18:48:05Z,2026-08-17T18:48:05Z,
64.225.36.50,ipv4,malicious-ip,medium,WHITE,ziyadnz/hourly-ipv4,ziyadnz|hourly,2026-08-17T18:48:05Z,2026-08-17T18:48:05Z,
64.225.46.190,ipv4,malicious-ip,medium,WHITE,ziyadnz/hourly-ipv4,ziyadnz|hourly,2026-08-17T18:48:05Z,2026-08-17T18:48:05Z,
64.225.48.218,ipv4,malicious-ip,medium,WHITE,ziyadnz/hourly-ipv4,ziyadnz|hourly,2026-08-17T18:48:05Z,2026-08-17T18:48:05Z,
64.225.49.94,ipv4,malicious-ip,medium,WHITE,ziyadnz/hourly-ipv4,ziyadnz|hourly,2026-08-17T18:48:05Z,2026-08-17T18:48:05Z,
64.225.65.12,ipv4,malicious-ip,medium,WHITE,ziyadnz/hourly-ipv4,ziyadnz|hourly,2026-08-17T18:48:05Z,2026-08-17T18:48:05Z,
64.225.74.178,ipv4,malicious-ip,medium,WHITE,ziyadnz/hourly-ipv4,ziyadnz|hourly,2026-08-17T18:48:05Z,2026-08-17T18:48:05Z,
64.225.75.246,ipv4,malicious-ip,medium,WHITE,ziyadnz/hourly-ipv4,ziyadnz|hourly,2026-08-17T18:48:05Z,2026-08-17T18:48:05Z,
64.225.77.23,ipv4,malicious-ip,medium,WHITE,ziyadnz/hourly-ipv4,ziyadnz|hourly,2026-08-17T18:48:05Z,2026-08-17T18:48:05Z,
64.225.8.171,ipv4,malicious-ip,medium,WHITE,ziyadnz/hourly-ipv4,ziyadnz|hourly,2026-08-17T18:48:05Z,2026-08-17T18:48:05Z,
64.225.98.118,ipv4,malicious-ip,medium,WHITE,ziyadnz/hourly-ipv4,ziyadnz|hourly,2026-08-17T18:48:05Z,2026-08-17T18:48:05Z,
64.226.107.125,ipv4,malicious-ip,medium,WHITE,ziyadnz/hourly-ipv4,ziyadnz|hourly,2026-08-17T18:48:05Z,2026-08-17T18:48:05Z,
64.226.109.255,ipv4,malicious-ip,medium,WHITE,ziyadnz/hourly-ipv4,ziyadnz|hourly,2026-08-17T18:48:05Z,2026-08-17T18:48:05Z,
64.226.112.183,ipv4,malicious-ip,medium,WHITE,ziyadnz/hourly-ipv4,ziyadnz|hourly,2026-08-17T18:48:05Z,2026-08-17T18:48:05Z,
64.226.112.52,ipv4,malicious-ip,medium,WHITE,ziyadnz/hourly-ipv4,ziyadnz|hourly,2026-08-17T18:48:05Z,2026-08-17T18:48:05Z,
64.226.116.69,ipv4,malicious-ip,medium,WHITE,ziyadnz/hourly-ipv4,ziyadnz|hourly,2026-08-17T18:48:05Z,2026-08-17T18:48:05Z,
64.226.126.224,ipv4,malicious-ip,medium,WHITE,ziyadnz/hourly-ipv4,ziyadnz|hourly,2026-08-17T18:48:05Z,2026-08-17T18:48:05Z,
64.226.127.16,ipv4,malicious-ip,medium,WHITE,ziyadnz/hourly-ipv4,ziyadnz|hourly,2026-08-17T18:48:05Z,2026-08-17T18:48:05Z,
64.226.65.140,ipv4,malicious-ip,medium,WHITE,ziyadnz/hourly-ipv4,ziyadnz|hourly,2026-08-17T18:48:05Z,2026-08-17T18:48:05Z,
64.226.65.160,ipv4,malicious-ip,medium,WHITE,ziyadnz/hourly-ipv4,ziyadnz|hourly,2026-08-17T18:48:05Z,2026-08-17T18:48:05Z,
64.226.76.18,ipv4,malicious-ip,medium,WHITE,ziyadnz/hourly-ipv4,ziyadnz|hourly,2026-08-17T18:48:05Z,2026-08-17T18:48:05Z,
64.226.76.4,ipv4,malicious-ip,medium,WHITE,ziyadnz/hourly-ipv4,ziyadnz|hourly,2026-08-17T18:48:05Z,2026-08-17T18:48:05Z,
64.226.76.59,ipv4,malicious-ip,medium,WHITE,ziyadnz/hourly-ipv4,ziyadnz|hourly,2026-08-17T18:48:05Z,2026-08-17T18:48:05Z,
64.226.81.101,ipv4,malicious-ip,medium,WHITE,ziyadnz/hourly-ipv4,ziyadnz|hourly,2026-08-17T18:48:05Z,2026-08-17T18:48:05Z,
64.226.83.235,ipv4,malicious-ip,medium,WHITE,ziyadnz/hourly-ipv4,ziyadnz|hourly,2026-08-17T18:48:05Z,2026-08-17T18:48:05Z,
64.226.86.7,ipv4,malicious-ip,medium,WHITE,ziyadnz/hourly-ipv4,ziyadnz|hourly,2026-08-17T18:48:05Z,2026-08-17T18:48:05Z,
64.226.92.83,ipv4,malicious-ip,medium,WHITE,ziyadnz/hourly-ipv4,ziyadnz|hourly,2026-08-17T18:48:05Z,2026-08-17T18:48:05Z,
64.226.93.44,ipv4,malicious-ip,medium,WHITE,ziyadnz/hourly-ipv4,ziyadnz|hourly,2026-08-17T18:48:05Z,2026-08-17T18:48:05Z,
64.226.95.149,ipv4,malicious-ip,medium,WHITE,ziyadnz/hourly-ipv4,ziyadnz|hourly,2026-08-17T18:48:05Z,2026-08-17T18:48:05Z,
64.226.98.239,ipv4,malicious-ip,medium,WHITE,ziyadnz/hourly-ipv4,ziyadnz|hourly,2026-08-17T18:48:05Z,2026-08-17T18:48:05Z,
64.226.99.163,ipv4,malicious-ip,medium,WHITE,ziyadnz/hourly-ipv4,ziyadnz|hourly,2026-08-17T18:48:05Z,2026-08-17T18:48:05Z,
64.227.0.177,ipv4,malicious-ip,medium,WHITE,ziyadnz/hourly-ipv4,ziyadnz|hourly,2026-08-17T18:48:05Z,2026-08-17T18:48:05Z,
64.227.101.145,ipv4,malicious-ip,medium,WHITE,ziyadnz/hourly-ipv4,ziyadnz|hourly,2026-08-17T18:48:05Z,2026-08-17T18:48:05Z,
64.227.104.0,ipv4,malicious-ip,medium,WHITE,ziyadnz/hourly-ipv4,ziyadnz|hourly,2026-08-17T18:48:05Z,2026-08-17T18:48:05Z,
64.227.105.81,ipv4,malicious-ip,medium,WHITE,ziyadnz/hourly-ipv4,ziyadnz|hourly,2026-08-17T18:48:05Z,2026-08-17T18:48:05Z,
64.227.106.112,ipv4,malicious-ip,medium,WHITE,ziyadnz/hourly-ipv4,ziyadnz|hourly,2026-08-17T18:48:05Z,2026-08-17T18:48:05Z,
64.227.107.192,ipv4,malicious-ip,medium,WHITE,ziyadnz/hourly-ipv4,ziyadnz|hourly,2026-08-17T18:48:05Z,2026-08-17T18:48:05Z,
64.227.110.110,ipv4,malicious-ip,medium,WHITE,ziyadnz/hourly-ipv4,ziyadnz|hourly,2026-08-17T18:48:05Z,2026-08-17T18:48:05Z,
64.227.111.234,ipv4,malicious-ip,medium,WHITE,ziyadnz/hourly-ipv4,ziyadnz|hourly,2026-08-17T18:48:05Z,2026-08-17T18:48:05Z,
64.227.116.82,ipv4,malicious-ip,medium,WHITE,ziyadnz/hourly-ipv4,ziyadnz|hourly,2026-08-17T18:48:05Z,2026-08-17T18:48:05Z,
64.227.12.52,ipv4,malicious-ip,medium,WHITE,ziyadnz/hourly-ipv4,ziyadnz|hourly,2026-08-17T18:48:05Z,2026-08-17T18:48:05Z,
64.227.121.55,ipv4,malicious-ip,medium,WHITE,ziyadnz/hourly-ipv4,ziyadnz|hourly,2026-08-17T18:48:05Z,2026-08-17T18:48:05Z,
64.227.122.143,ipv4,malicious-ip,medium,WHITE,ziyadnz/hourly-ipv4,ziyadnz|hourly,2026-08-17T18:48:05Z,2026-08-17T18:48:05Z,
64.227.122.167,ipv4,malicious-ip,medium,WHITE,ziyadnz/hourly-ipv4,ziyadnz|hourly,2026-08-17T18:48:05Z,2026-08-17T18:48:05Z,
64.227.127.167,ipv4,malicious-ip,medium,WHITE,ziyadnz/hourly-ipv4,ziyadnz|hourly,2026-08-17T18:48:05Z,2026-08-17T18:48:05Z,
64.227.129.115,ipv4,malicious-ip,medium,WHITE,ziyadnz/hourly-ipv4,ziyadnz|hourly,2026-08-17T18:48:05Z,2026-08-17T18:48:05Z,
64.227.13.196,ipv4,malicious-ip,medium,WHITE,ziyadnz/hourly-ipv4,ziyadnz|hourly,2026-08-17T18:48:05Z,2026-08-17T18:48:05Z,
64.227.136.95,ipv4,malicious-ip,medium,WHITE,ziyadnz/hourly-ipv4,ziyadnz|hourly,2026-08-17T18:48:05Z,2026-08-17T18:48:05Z,
64.227.137.139,ipv4,malicious-ip,medium,WHITE,ziyadnz/hourly-ipv4,ziyadnz|hourly,2026-08-17T18:48:05Z,2026-08-17T18:48:05Z,
64.227.14.250,ipv4,malicious-ip,medium,WHITE,ziyadnz/hourly-ipv4,ziyadnz|hourly,2026-08-17T18:48:05Z,2026-08-17T18:48:05Z,
64.227.141.164,ipv4,malicious-ip,medium,WHITE,ziyadnz/hourly-ipv4,ziyadnz|hourly,2026-08-17T18:48:05Z,2026-08-17T18:48:05Z,
64.227.142.133,ipv4,malicious-ip,medium,WHITE,ziyadnz/hourly-ipv4,ziyadnz|hourly,2026-08-17T18:48:05Z,2026-08-17T18:48:05Z,
64.227.143.97,ipv4,malicious-ip,medium,WHITE,ziyadnz/hourly-ipv4,ziyadnz|hourly,2026-08-17T18:48:05Z,2026-08-17T18:48:05Z,
64.227.146.163,ipv4,malicious-ip,medium,WHITE,ziyadnz/hourly-ipv4,ziyadnz|hourly,2026-08-17T18:48:05Z,2026-08-17T18:48:05Z,
64.227.146.243,ipv4,malicious-ip,medium,WHITE,ziyadnz/hourly-ipv4,ziyadnz|hourly,2026-08-17T18:48:05Z,2026-08-17T18:48:05Z,
64.227.149.69,ipv4,malicious-ip,medium,WHITE,ziyadnz/hourly-ipv4,ziyadnz|hourly,2026-08-17T18:48:05Z,2026-08-17T18:48:05Z,
64.227.15.141,ipv4,malicious-ip,medium,WHITE,ziyadnz/hourly-ipv4,ziyadnz|hourly,2026-08-17T18:48:05Z,2026-08-17T18:48:05Z,
64.227.150.86,ipv4,malicious-ip,medium,WHITE,ziyadnz/hourly-ipv4,ziyadnz|hourly,2026-08-17T18:48:05Z,2026-08-17T18:48:05Z,
64.227.151.38,ipv4,malicious-ip,medium,WHITE,ziyadnz/hourly-ipv4,ziyadnz|hourly,2026-08-17T18:48:05Z,2026-08-17T18:48:05Z,
64.227.152.16,ipv4,malicious-ip,medium,WHITE,ziyadnz/hourly-ipv4,ziyadnz|hourly,2026-08-17T18:48:05Z,2026-08-17T18:48:05Z,
64.227.157.154,ipv4,malicious-ip,medium,WHITE,ziyadnz/hourly-ipv4,ziyadnz|hourly,2026-08-17T18:48:05Z,2026-08-17T18:48:05Z,
64.227.16.210,ipv4,malicious-ip,medium,WHITE,ziyadnz/hourly-ipv4,ziyadnz|hourly,2026-08-17T18:48:05Z,2026-08-17T18:48:05Z,
64.227.16.25,ipv4,malicious-ip,medium,WHITE,ziyadnz/hourly-ipv4,ziyadnz|hourly,2026-08-17T18:48:05Z,2026-08-17T18:48:05Z,
64.227.160.35,ipv4,malicious-ip,medium,WHITE,ziyadnz/hourly-ipv4,ziyadnz|hourly,2026-08-17T18:48:05Z,2026-08-17T18:48:05Z,
64.227.164.147,ipv4,malicious-ip,medium,WHITE,ziyadnz/hourly-ipv4,ziyadnz|hourly,2026-08-17T18:48:05Z,2026-08-17T18:48:05Z,
64.227.164.234,ipv4,malicious-ip,medium,WHITE,ziyadnz/hourly-ipv4,ziyadnz|hourly,2026-08-17T18:48:05Z,2026-08-17T18:48:05Z,
64.227.175.36,ipv4,malicious-ip,medium,WHITE,ziyadnz/hourly-ipv4,ziyadnz|hourly,2026-08-17T18:48:05Z,2026-08-17T18:48:05Z,
64.227.176.23,ipv4,malicious-ip,medium,WHITE,ziyadnz/hourly-ipv4,ziyadnz|hourly,2026-08-17T18:48:05Z,2026-08-17T18:48:05Z,
64.227.178.241,ipv4,malicious-ip,medium,WHITE,ziyadnz/hourly-ipv4,ziyadnz|hourly,2026-08-17T18:48:05Z,2026-08-17T18:48:05Z,
64.227.179.97,ipv4,malicious-ip,medium,WHITE,ziyadnz/hourly-ipv4,ziyadnz|hourly,2026-08-17T18:48:05Z,2026-08-17T18:48:05Z,
64.227.183.95,ipv4,malicious-ip,medium,WHITE,ziyadnz/hourly-ipv4,ziyadnz|hourly,2026-08-17T18:48:05Z,2026-08-17T18:48:05Z,
64.227.190.95,ipv4,malicious-ip,medium,WHITE,ziyadnz/hourly-ipv4,ziyadnz|hourly,2026-08-17T18:48:05Z,2026-08-17T18:48:05Z,
64.227.2.1,ipv4,malicious-ip,medium,WHITE,ziyadnz/hourly-ipv4,ziyadnz|hourly,2026-08-17T18:48:05Z,2026-08-17T18:48:05Z,
64.227.21.122,ipv4,malicious-ip,medium,WHITE,ziyadnz/hourly-ipv4,ziyadnz|hourly,2026-08-17T18:48:05Z,2026-08-17T18:48:05Z,
64.227.24.141,ipv4,malicious-ip,medium,WHITE,ziyadnz/hourly-ipv4,ziyadnz|hourly,2026-08-17T18:48:05Z,2026-08-17T18:48:05Z,
64.227.25.120,ipv4,malicious-ip,medium,WHITE,ziyadnz/hourly-ipv4,ziyadnz|hourly,2026-08-17T18:48:05Z,2026-08-17T18:48:05Z,
64.227.28.1,ipv4,malicious-ip,medium,WHITE,ziyadnz/hourly-ipv4,ziyadnz|hourly,2026-08-17T18:48:05Z,2026-08-17T18:48:05Z,
64.227.30.114,ipv4,malicious-ip,medium,WHITE,ziyadnz/hourly-ipv4,ziyadnz|hourly,2026-08-17T18:48:05Z,2026-08-17T18:48:05Z,
64.227.30.120,ipv4,malicious-ip,medium,WHITE,ziyadnz/hourly-ipv4,ziyadnz|hourly,2026-08-17T18:48:05Z,2026-08-17T18:48:05Z,
64.227.30.4,ipv4,malicious-ip,medium,WHITE,ziyadnz/hourly-ipv4,ziyadnz|hourly,2026-08-17T18:48:05Z,2026-08-17T18:48:05Z,
64.227.32.66,ipv4,malicious-ip,medium,WHITE,ziyadnz/hourly-ipv4,ziyadnz|hourly,2026-08-17T18:48:05Z,2026-08-17T18:48:05Z,
64.227.4.108,ipv4,malicious-ip,medium,WHITE,ziyadnz/hourly-ipv4,ziyadnz|hourly,2026-08-17T18:48:05Z,2026-08-17T18:48:05Z,
64.227.40.15,ipv4,malicious-ip,medium,WHITE,ziyadnz/hourly-ipv4,ziyadnz|hourly,2026-08-17T18:48:05Z,2026-08-17T18:48:05Z,
64.227.40.21,ipv4,malicious-ip,medium,WHITE,ziyadnz/hourly-ipv4,ziyadnz|hourly,2026-08-17T18:48:05Z,2026-08-17T18:48:05Z,
64.227.41.21,ipv4,malicious-ip,medium,WHITE,ziyadnz/hourly-ipv4,ziyadnz|hourly,2026-08-17T18:48:05Z,2026-08-17T18:48:05Z,
64.227.41.225,ipv4,malicious-ip,medium,WHITE,ziyadnz/hourly-ipv4,ziyadnz|hourly,2026-08-17T18:48:05Z,2026-08-17T18:48:05Z,
64.227.41.39,ipv4,malicious-ip,medium,WHITE,ziyadnz/hourly-ipv4,ziyadnz|hourly,2026-08-17T18:48:05Z,2026-08-17T18:48:05Z,
64.227.47.225,ipv4,malicious-ip,medium,WHITE,ziyadnz/hourly-ipv4,ziyadnz|hourly,2026-08-17T18:48:05Z,2026-08-17T18:48:05Z,
64.227.47.50,ipv4,malicious-ip,medium,WHITE,ziyadnz/hourly-ipv4,ziyadnz|hourly,2026-08-17T18:48:05Z,2026-08-17T18:48:05Z,
64.227.48.212,ipv4,malicious-ip,medium,WHITE,ziyadnz/hourly-ipv4,ziyadnz|hourly,2026-08-17T18:48:05Z,2026-08-17T18:48:05Z,
64.227.49.223,ipv4,malicious-ip,medium,WHITE,ziyadnz/hourly-ipv4,ziyadnz|hourly,2026-08-17T18:48:05Z,2026-08-17T18:48:05Z,
64.227.5.3,ipv4,malicious-ip,medium,WHITE,ziyadnz/hourly-ipv4,ziyadnz|hourly,2026-08-17T18:48:05Z,2026-08-17T18:48:05Z,
64.227.6.175,ipv4,malicious-ip,medium,WHITE,ziyadnz/hourly-ipv4,ziyadnz|hourly,2026-08-17T18:48:05Z,2026-08-17T18:48:05Z,
64.227.6.48,ipv4,malicious-ip,medium,WHITE,ziyadnz/hourly-ipv4,ziyadnz|hourly,2026-08-17T18:48:05Z,2026-08-17T18:48:05Z,
64.227.7.226,ipv4,malicious-ip,medium,WHITE,ziyadnz/hourly-ipv4,ziyadnz|hourly,2026-08-17T18:48:05Z,2026-08-17T18:48:05Z,
64.227.70.2,ipv4,malicious-ip,medium,WHITE,ziyadnz/hourly-ipv4,ziyadnz|hourly,2026-08-17T18:48:05Z,2026-08-17T18:48:05Z,
64.227.74.212,ipv4,malicious-ip,medium,WHITE,ziyadnz/hourly-ipv4,ziyadnz|hourly,2026-08-17T18:48:05Z,2026-08-17T18:48:05Z,
64.227.75.220,ipv4,malicious-ip,medium,WHITE,ziyadnz/hourly-ipv4,ziyadnz|hourly,2026-08-17T18:48:05Z,2026-08-17T18:48:05Z,
64.227.79.141,ipv4,malicious-ip,medium,WHITE,ziyadnz/hourly-ipv4,ziyadnz|hourly,2026-08-17T18:48:05Z,2026-08-17T18:48:05Z,
64.227.82.174,ipv4,malicious-ip,medium,WHITE,ziyadnz/hourly-ipv4,ziyadnz|hourly,2026-08-17T18:48:05Z,2026-08-17T18:48:05Z,
64.227.82.187,ipv4,malicious-ip,medium,WHITE,ziyadnz/hourly-ipv4,ziyadnz|hourly,2026-08-17T18:48:05Z,2026-08-17T18:48:05Z,
64.227.86.1,ipv4,malicious-ip,medium,WHITE,ziyadnz/hourly-ipv4,ziyadnz|hourly,2026-08-17T18:48:05Z,2026-08-17T18:48:05Z,
64.227.90.185,ipv4,malicious-ip,medium,WHITE,ziyadnz/hourly-ipv4,ziyadnz|hourly,2026-08-17T18:48:05Z,2026-08-17T18:48:05Z,
64.227.91.156,ipv4,malicious-ip,medium,WHITE,ziyadnz/hourly-ipv4,ziyadnz|hourly,2026-08-17T18:48:05Z,2026-08-17T18:48:05Z,
64.227.91.242,ipv4,malicious-ip,medium,WHITE,ziyadnz/hourly-ipv4,ziyadnz|hourly,2026-08-17T18:48:05Z,2026-08-17T18:48:05Z,
64.227.95.115,ipv4,malicious-ip,medium,WHITE,ziyadnz/hourly-ipv4,ziyadnz|hourly,2026-08-17T18:48:05Z,2026-08-17T18:48:05Z,
64.227.97.126,ipv4,malicious-ip,medium,WHITE,ziyadnz/hourly-ipv4,ziyadnz|hourly,2026-08-17T18:48:05Z,2026-08-17T18:48:05Z,
64.227.97.195,ipv4,malicious-ip,medium,WHITE,ziyadnz/hourly-ipv4,ziyadnz|hourly,2026-08-17T18:48:05Z,2026-08-17T18:48:05Z,
64.227.97.45,ipv4,malicious-ip,medium,WHITE,ziyadnz/hourly-ipv4,ziyadnz|hourly,2026-08-17T18:48:05Z,2026-08-17T18:48:05Z,
64.227.99.233,ipv4,malicious-ip,medium,WHITE,ziyadnz/hourly-ipv4,ziyadnz|hourly,2026-08-17T18:48:05Z,2026-08-17T18:48:05Z,
64.23.128.128,ipv4,malicious-ip,medium,WHITE,ziyadnz/hourly-ipv4,ziyadnz|hourly,2026-08-17T18:48:05Z,2026-08-17T18:48:05Z,
64.23.134.27,ipv4,malicious-ip,medium,WHITE,ziyadnz/hourly-ipv4,ziyadnz|hourly,2026-08-17T18:48:05Z,2026-08-17T18:48:05Z,
64.23.143.121,ipv4,malicious-ip,medium,WHITE,ziyadnz/hourly-ipv4,ziyadnz|hourly,2026-08-17T18:48:05Z,2026-08-17T18:48:05Z,
64.23.148.195,ipv4,malicious-ip,medium,WHITE,ziyadnz/hourly-ipv4,ziyadnz|hourly,2026-08-17T18:48:05Z,2026-08-17T18:48:05Z,
64.23.150.207,ipv4,malicious-ip,medium,WHITE,ziyadnz/hourly-ipv4,ziyadnz|hourly,2026-08-17T18:48:05Z,2026-08-17T18:48:05Z,
64.23.151.46,ipv4,malicious-ip,medium,WHITE,ziyadnz/hourly-ipv4,ziyadnz|hourly,2026-08-17T18:48:05Z,2026-08-17T18:48:05Z,
64.23.153.168,ipv4,malicious-ip,medium,WHITE,ziyadnz/hourly-ipv4,ziyadnz|hourly,2026-08-17T18:48:05Z,2026-08-17T18:48:05Z,
64.23.153.176,ipv4,malicious-ip,medium,WHITE,ziyadnz/hourly-ipv4,ziyadnz|hourly,2026-08-17T18:48:05Z,2026-08-17T18:48:05Z,
64.23.156.228,ipv4,malicious-ip,medium,WHITE,ziyadnz/hourly-ipv4,ziyadnz|hourly,2026-08-17T18:48:05Z,2026-08-17T18:48:05Z,
64.23.160.44,ipv4,malicious-ip,medium,WHITE,ziyadnz/hourly-ipv4,ziyadnz|hourly,2026-08-17T18:48:05Z,2026-08-17T18:48:05Z,
64.23.161.101,ipv4,malicious-ip,medium,WHITE,ziyadnz/hourly-ipv4,ziyadnz|hourly,2026-08-17T18:48:05Z,2026-08-17T18:48:05Z,
64.23.161.204,ipv4,malicious-ip,medium,WHITE,ziyadnz/hourly-ipv4,ziyadnz|hourly,2026-08-17T18:48:05Z,2026-08-17T18:48:05Z,
64.23.162.75,ipv4,malicious-ip,medium,WHITE,ziyadnz/hourly-ipv4,ziyadnz|hourly,2026-08-17T18:48:05Z,2026-08-17T18:48:05Z,
64.23.163.93,ipv4,malicious-ip,medium,WHITE,ziyadnz/hourly-ipv4,ziyadnz|hourly,2026-08-17T18:48:05Z,2026-08-17T18:48:05Z,
64.23.164.148,ipv4,malicious-ip,medium,WHITE,ziyadnz/hourly-ipv4,ziyadnz|hourly,2026-08-17T18:48:05Z,2026-08-17T18:48:05Z,
64.23.166.106,ipv4,malicious-ip,medium,WHITE,ziyadnz/hourly-ipv4,ziyadnz|hourly,2026-08-17T18:48:05Z,2026-08-17T18:48:05Z,
64.23.167.109,ipv4,malicious-ip,medium,WHITE,ziyadnz/hourly-ipv4,ziyadnz|hourly,2026-08-17T18:48:05Z,2026-08-17T18:48:05Z,
64.23.167.178,ipv4,malicious-ip,medium,WHITE,ziyadnz/hourly-ipv4,ziyadnz|hourly,2026-08-17T18:48:05Z,2026-08-17T18:48:05Z,
64.23.168.56,ipv4,malicious-ip,medium,WHITE,ziyadnz/hourly-ipv4,ziyadnz|hourly,2026-08-17T18:48:05Z,2026-08-17T18:48:05Z,
64.23.169.176,ipv4,malicious-ip,medium,WHITE,ziyadnz/hourly-ipv4,ziyadnz|hourly,2026-08-17T18:48:05Z,2026-08-17T18:48:05Z,
64.23.170.197,ipv4,malicious-ip,medium,WHITE,ziyadnz/hourly-ipv4,ziyadnz|hourly,2026-08-17T18:48:05Z,2026-08-17T18:48:05Z,
64.23.175.170,ipv4,malicious-ip,medium,WHITE,ziyadnz/hourly-ipv4,ziyadnz|hourly,2026-08-17T18:48:05Z,2026-08-17T18:48:05Z,
64.23.178.28,ipv4,malicious-ip,medium,WHITE,ziyadnz/hourly-ipv4,ziyadnz|hourly,2026-08-17T18:48:05Z,2026-08-17T18:48:05Z,
64.23.179.70,ipv4,malicious-ip,medium,WHITE,ziyadnz/hourly-ipv4,ziyadnz|hourly,2026-08-17T18:48:05Z,2026-08-17T18:48:05Z,
64.23.183.126,ipv4,malicious-ip,medium,WHITE,ziyadnz/hourly-ipv4,ziyadnz|hourly,2026-08-17T18:48:05Z,2026-08-17T18:48:05Z,
64.23.184.226,ipv4,malicious-ip,medium,WHITE,ziyadnz/hourly-ipv4,ziyadnz|hourly,2026-08-17T18:48:05Z,2026-08-17T18:48:05Z,
64.23.188.3,ipv4,malicious-ip,medium,WHITE,ziyadnz/hourly-ipv4,ziyadnz|hourly,2026-08-17T18:48:05Z,2026-08-17T18:48:05Z,
64.23.214.73,ipv4,malicious-ip,medium,WHITE,ziyadnz/hourly-ipv4,ziyadnz|hourly,2026-08-17T18:48:05Z,2026-08-17T18:48:05Z,
64.23.217.254,ipv4,malicious-ip,medium,WHITE,ziyadnz/hourly-ipv4,ziyadnz|hourly,2026-08-17T18:48:05Z,2026-08-17T18:48:05Z,
64.23.218.119,ipv4,malicious-ip,medium,WHITE,ziyadnz/hourly-ipv4,ziyadnz|hourly,2026-08-17T18:48:05Z,2026-08-17T18:48:05Z,
64.23.228.52,ipv4,malicious-ip,medium,WHITE,ziyadnz/hourly-ipv4,ziyadnz|hourly,2026-08-17T18:48:05Z,2026-08-17T18:48:05Z,
64.23.229.180,ipv4,malicious-ip,medium,WHITE,ziyadnz/hourly-ipv4,ziyadnz|hourly,2026-08-17T18:48:05Z,2026-08-17T18:48:05Z,
64.23.232.237,ipv4,malicious-ip,medium,WHITE,ziyadnz/hourly-ipv4,ziyadnz|hourly,2026-08-17T18:48:05Z,2026-08-17T18:48:05Z,
64.23.243.34,ipv4,malicious-ip,medium,WHITE,ziyadnz/hourly-ipv4,ziyadnz|hourly,2026-08-17T18:48:05Z,2026-08-17T18:48:05Z,
64.23.243.67,ipv4,malicious-ip,medium,WHITE,ziyadnz/hourly-ipv4,ziyadnz|hourly,2026-08-17T18:48:05Z,2026-08-17T18:48:05Z,
64.23.246.69,ipv4,malicious-ip,medium,WHITE,ziyadnz/hourly-ipv4,ziyadnz|hourly,2026-08-17T18:48:05Z,2026-08-17T18:48:05Z,
64.23.248.11,ipv4,malicious-ip,medium,WHITE,ziyadnz/hourly-ipv4,ziyadnz|hourly,2026-08-17T18:48:05Z,2026-08-17T18:48:05Z,
64.23.251.241,ipv4,malicious-ip,medium,WHITE,ziyadnz/hourly-ipv4,ziyadnz|hourly,2026-08-17T18:48:05Z,2026-08-17T18:48:05Z,
64.23.254.20,ipv4,malicious-ip,medium,WHITE,ziyadnz/hourly-ipv4,ziyadnz|hourly,2026-08-17T18:48:05Z,2026-08-17T18:48:05Z,
64.233.237.249,ipv4,malicious-ip,medium,WHITE,ziyadnz/hourly-ipv4,ziyadnz|hourly,2026-08-17T18:48:05Z,2026-08-17T18:48:05Z,
64.235.37.140,ipv4,malicious-ip,medium,WHITE,ziyadnz/hourly-ipv4,ziyadnz|hourly,2026-08-17T18:48:05Z,2026-08-17T18:48:05Z,
64.235.39.12,ipv4,malicious-ip,medium,WHITE,ziyadnz/hourly-ipv4,ziyadnz|hourly,2026-08-17T18:48:05Z,2026-08-17T18:48:05Z,
64.235.45.108,ipv4,malicious-ip,medium,WHITE,ziyadnz/hourly-ipv4,ziyadnz|hourly,2026-08-17T18:48:05Z,2026-08-17T18:48:05Z,
64.235.45.126,ipv4,malicious-ip,medium,WHITE,ziyadnz/hourly-ipv4,ziyadnz|hourly,2026-08-17T18:48:05Z,2026-08-17T18:48:05Z,
64.235.58.29,ipv4,malicious-ip,medium,WHITE,ziyadnz/hourly-ipv4,ziyadnz|hourly,2026-08-17T18:48:05Z,2026-08-17T18:48:05Z,
64.235.61.219,ipv4,malicious-ip,medium,WHITE,ziyadnz/hourly-ipv4,ziyadnz|hourly,2026-08-17T18:48:05Z,2026-08-17T18:48:05Z,
64.237.129.48,ipv4,malicious-ip,medium,WHITE,ziyadnz/hourly-ipv4,ziyadnz|hourly,2026-08-17T18:48:05Z,2026-08-17T18:48:05Z,
64.238.9.184,ipv4,malicious-ip,medium,WHITE,ziyadnz/hourly-ipv4,ziyadnz|hourly,2026-08-17T18:48:05Z,2026-08-17T18:48:05Z,
64.24.179.210,ipv4,malicious-ip,medium,WHITE,ziyadnz/hourly-ipv4,ziyadnz|hourly,2026-08-17T18:48:05Z,2026-08-17T18:48:05Z,
64.250.224.82,ipv4,malicious-ip,medium,WHITE,ziyadnz/hourly-ipv4,ziyadnz|hourly,2026-08-17T18:48:05Z,2026-08-17T18:48:05Z,
64.251.149.81,ipv4,malicious-ip,medium,WHITE,ziyadnz/hourly-ipv4,ziyadnz|hourly,2026-08-17T18:48:05Z,2026-08-17T18:48:05Z,
64.27.4.157,ipv4,malicious-ip,medium,WHITE,ziyadnz/hourly-ipv4,ziyadnz|hourly,2026-08-17T18:48:05Z,2026-08-17T18:48:05Z,
64.27.4.19,ipv4,malicious-ip,medium,WHITE,ziyadnz/hourly-ipv4,ziyadnz|hourly,2026-08-17T18:48:05Z,2026-08-17T18:48:05Z,
64.29.18.88,ipv4,malicious-ip,medium,WHITE,ziyadnz/hourly-ipv4,ziyadnz|hourly,2026-08-17T18:48:05Z,2026-08-17T18:48:05Z,
64.31.20.24,ipv4,malicious-ip,medium,WHITE,ziyadnz/hourly-ipv4,ziyadnz|hourly,2026-08-17T18:48:05Z,2026-08-17T18:48:05Z,
64.31.244.230,ipv4,malicious-ip,medium,WHITE,ziyadnz/hourly-ipv4,ziyadnz|hourly,2026-08-17T18:48:05Z,2026-08-17T18:48:05Z,
64.31.27.168,ipv4,malicious-ip,medium,WHITE,ziyadnz/hourly-ipv4,ziyadnz|hourly,2026-08-17T18:48:05Z,2026-08-17T18:48:05Z,
64.31.28.221,ipv4,malicious-ip,medium,WHITE,ziyadnz/hourly-ipv4,ziyadnz|hourly,2026-08-17T18:48:05Z,2026-08-17T18:48:05Z,
64.31.3.126,ipv4,malicious-ip,medium,WHITE,ziyadnz/hourly-ipv4,ziyadnz|hourly,2026-08-17T18:48:05Z,2026-08-17T18:48:05Z,
64.31.55.180,ipv4,malicious-ip,medium,WHITE,ziyadnz/hourly-ipv4,ziyadnz|hourly,2026-08-17T18:48:05Z,2026-08-17T18:48:05Z,
64.31.63.194,ipv4,malicious-ip,medium,WHITE,ziyadnz/hourly-ipv4,ziyadnz|hourly,2026-08-17T18:48:05Z,2026-08-17T18:48:05Z,
64.31.63.70,ipv4,malicious-ip,medium,WHITE,ziyadnz/hourly-ipv4,ziyadnz|hourly,2026-08-17T18:48:05Z,2026-08-17T18:48:05Z,
64.34.216.44,ipv4,malicious-ip,medium,WHITE,ziyadnz/hourly-ipv4,ziyadnz|hourly,2026-08-17T18:48:05Z,2026-08-17T18:48:05Z,
64.34.216.50,ipv4,malicious-ip,medium,WHITE,ziyadnz/hourly-ipv4,ziyadnz|hourly,2026-08-17T18:48:05Z,2026-08-17T18:48:05Z,
64.39.102.18,ipv4,malicious-ip,medium,WHITE,ziyadnz/hourly-ipv4,ziyadnz|hourly,2026-08-17T18:48:05Z,2026-08-17T18:48:05Z,
64.39.102.189,ipv4,malicious-ip,medium,WHITE,ziyadnz/hourly-ipv4,ziyadnz|hourly,2026-08-17T18:48:05Z,2026-08-17T18:48:05Z,
64.4.238.56,ipv4,malicious-ip,medium,WHITE,ziyadnz/hourly-ipv4,ziyadnz|hourly,2026-08-17T18:48:05Z,2026-08-17T18:48:05Z,
64.4.82.226,ipv4,malicious-ip,medium,WHITE,ziyadnz/hourly-ipv4,ziyadnz|hourly,2026-08-17T18:48:05Z,2026-08-17T18:48:05Z,
64.40.154.96,ipv4,malicious-ip,medium,WHITE,ziyadnz/hourly-ipv4,ziyadnz|hourly,2026-08-17T18:48:05Z,2026-08-17T18:48:05Z,
64.44.131.109,ipv4,malicious-ip,medium,WHITE,ziyadnz/hourly-ipv4,ziyadnz|hourly,2026-08-17T18:48:05Z,2026-08-17T18:48:05Z,
64.44.141.15,ipv4,malicious-ip,medium,WHITE,ziyadnz/hourly-ipv4,ziyadnz|hourly,2026-08-17T18:48:05Z,2026-08-17T18:48:05Z,
64.44.38.254,ipv4,malicious-ip,medium,WHITE,ziyadnz/hourly-ipv4,ziyadnz|hourly,2026-08-17T18:48:05Z,2026-08-17T18:48:05Z,
64.49.11.145,ipv4,malicious-ip,medium,WHITE,ziyadnz/hourly-ipv4,ziyadnz|hourly,2026-08-17T18:48:05Z,2026-08-17T18:48:05Z,
64.49.11.198,ipv4,malicious-ip,medium,WHITE,ziyadnz/hourly-ipv4,ziyadnz|hourly,2026-08-17T18:48:05Z,2026-08-17T18:48:05Z,
64.49.38.216,ipv4,malicious-ip,medium,WHITE,ziyadnz/hourly-ipv4,ziyadnz|hourly,2026-08-17T18:48:05Z,2026-08-17T18:48:05Z,
64.49.97.15,ipv4,malicious-ip,medium,WHITE,ziyadnz/hourly-ipv4,ziyadnz|hourly,2026-08-17T18:48:05Z,2026-08-17T18:48:05Z,
64.5.141.2,ipv4,malicious-ip,medium,WHITE,ziyadnz/hourly-ipv4,ziyadnz|hourly,2026-08-17T18:48:05Z,2026-08-17T18:48:05Z,
64.50.188.92,ipv4,malicious-ip,medium,WHITE,ziyadnz/hourly-ipv4,ziyadnz|hourly,2026-08-17T18:48:05Z,2026-08-17T18:48:05Z,
64.52.161.203,ipv4,malicious-ip,medium,WHITE,ziyadnz/hourly-ipv4,ziyadnz|hourly,2026-08-17T18:48:05Z,2026-08-17T18:48:05Z,
64.52.19.120,ipv4,malicious-ip,medium,WHITE,ziyadnz/hourly-ipv4,ziyadnz|hourly,2026-08-17T18:48:05Z,2026-08-17T18:48:05Z,
64.52.19.130,ipv4,malicious-ip,medium,WHITE,ziyadnz/hourly-ipv4,ziyadnz|hourly,2026-08-17T18:48:05Z,2026-08-17T18:48:05Z,
64.52.19.135,ipv4,malicious-ip,medium,WHITE,ziyadnz/hourly-ipv4,ziyadnz|hourly,2026-08-17T18:48:05Z,2026-08-17T18:48:05Z,
64.52.203.214,ipv4,malicious-ip,medium,WHITE,ziyadnz/hourly-ipv4,ziyadnz|hourly,2026-08-17T18:48:05Z,2026-08-17T18:48:05Z,
64.52.80.252,ipv4,malicious-ip,medium,WHITE,ziyadnz/hourly-ipv4,ziyadnz|hourly,2026-08-17T18:48:05Z,2026-08-17T18:48:05Z,
64.52.80.30,ipv4,malicious-ip,medium,WHITE,ziyadnz/hourly-ipv4,ziyadnz|hourly,2026-08-17T18:48:05Z,2026-08-17T18:48:05Z,
64.52.80.82,ipv4,malicious-ip,medium,WHITE,ziyadnz/hourly-ipv4,ziyadnz|hourly,2026-08-17T18:48:05Z,2026-08-17T18:48:05Z,
64.53.100.144,ipv4,malicious-ip,medium,WHITE,ziyadnz/hourly-ipv4,ziyadnz|hourly,2026-08-17T18:48:05Z,2026-08-17T18:48:05Z,
64.53.77.142,ipv4,malicious-ip,medium,WHITE,ziyadnz/hourly-ipv4,ziyadnz|hourly,2026-08-17T18:48:05Z,2026-08-17T18:48:05Z,
64.56.29.162,ipv4,malicious-ip,medium,WHITE,ziyadnz/hourly-ipv4,ziyadnz|hourly,2026-08-17T18:48:05Z,2026-08-17T18:48:05Z,
64.57.129.0,ipv4,malicious-ip,medium,WHITE,ziyadnz/hourly-ipv4,ziyadnz|hourly,2026-08-17T18:48:05Z,2026-08-17T18:48:05Z,
64.57.129.102,ipv4,malicious-ip,medium,WHITE,ziyadnz/hourly-ipv4,ziyadnz|hourly,2026-08-17T18:48:05Z,2026-08-17T18:48:05Z,
64.57.129.119,ipv4,malicious-ip,medium,WHITE,ziyadnz/hourly-ipv4,ziyadnz|hourly,2026-08-17T18:48:05Z,2026-08-17T18:48:05Z,
64.57.129.125,ipv4,malicious-ip,medium,WHITE,ziyadnz/hourly-ipv4,ziyadnz|hourly,2026-08-17T18:48:05Z,2026-08-17T18:48:05Z,
64.57.129.129,ipv4,malicious-ip,medium,WHITE,ziyadnz/hourly-ipv4,ziyadnz|hourly,2026-08-17T18:48:05Z,2026-08-17T18:48:05Z,
64.57.129.130,ipv4,malicious-ip,medium,WHITE,ziyadnz/hourly-ipv4,ziyadnz|hourly,2026-08-17T18:48:05Z,2026-08-17T18:48:05Z,
64.57.129.148,ipv4,malicious-ip,medium,WHITE,ziyadnz/hourly-ipv4,ziyadnz|hourly,2026-08-17T18:48:05Z,2026-08-17T18:48:05Z,
64.57.129.155,ipv4,malicious-ip,medium,WHITE,ziyadnz/hourly-ipv4,ziyadnz|hourly,2026-08-17T18:48:05Z,2026-08-17T18:48:05Z,
64.57.129.167,ipv4,malicious-ip,medium,WHITE,ziyadnz/hourly-ipv4,ziyadnz|hourly,2026-08-17T18:48:05Z,2026-08-17T18:48:05Z,
64.57.129.176,ipv4,malicious-ip,medium,WHITE,ziyadnz/hourly-ipv4,ziyadnz|hourly,2026-08-17T18:48:05Z,2026-08-17T18:48:05Z,
64.57.129.188,ipv4,malicious-ip,medium,WHITE,ziyadnz/hourly-ipv4,ziyadnz|hourly,2026-08-17T18:48:05Z,2026-08-17T18:48:05Z,
64.57.129.199,ipv4,malicious-ip,medium,WHITE,ziyadnz/hourly-ipv4,ziyadnz|hourly,2026-08-17T18:48:05Z,2026-08-17T18:48:05Z,
64.57.129.223,ipv4,malicious-ip,medium,WHITE,ziyadnz/hourly-ipv4,ziyadnz|hourly,2026-08-17T18:48:05Z,2026-08-17T18:48:05Z,
64.57.129.228,ipv4,malicious-ip,medium,WHITE,ziyadnz/hourly-ipv4,ziyadnz|hourly,2026-08-17T18:48:05Z,2026-08-17T18:48:05Z,
64.57.129.232,ipv4,malicious-ip,medium,WHITE,ziyadnz/hourly-ipv4,ziyadnz|hourly,2026-08-17T18:48:05Z,2026-08-17T18:48:05Z,
64.57.129.30,ipv4,malicious-ip,medium,WHITE,ziyadnz/hourly-ipv4,ziyadnz|hourly,2026-08-17T18:48:05Z,2026-08-17T18:48:05Z,
64.57.129.42,ipv4,malicious-ip,medium,WHITE,ziyadnz/hourly-ipv4,ziyadnz|hourly,2026-08-17T18:48:05Z,2026-08-17T18:48:05Z,
64.57.129.43,ipv4,malicious-ip,medium,WHITE,ziyadnz/hourly-ipv4,ziyadnz|hourly,2026-08-17T18:48:05Z,2026-08-17T18:48:05Z,
64.57.129.57,ipv4,malicious-ip,medium,WHITE,ziyadnz/hourly-ipv4,ziyadnz|hourly,2026-08-17T18:48:05Z,2026-08-17T18:48:05Z,
64.57.129.61,ipv4,malicious-ip,medium,WHITE,ziyadnz/hourly-ipv4,ziyadnz|hourly,2026-08-17T18:48:05Z,2026-08-17T18:48:05Z,
64.57.129.62,ipv4,malicious-ip,medium,WHITE,ziyadnz/hourly-ipv4,ziyadnz|hourly,2026-08-17T18:48:05Z,2026-08-17T18:48:05Z,
64.57.129.70,ipv4,malicious-ip,medium,WHITE,ziyadnz/hourly-ipv4,ziyadnz|hourly,2026-08-17T18:48:05Z,2026-08-17T18:48:05Z,
64.57.129.84,ipv4,malicious-ip,medium,WHITE,ziyadnz/hourly-ipv4,ziyadnz|hourly,2026-08-17T18:48:05Z,2026-08-17T18:48:05Z,
64.57.205.65,ipv4,malicious-ip,medium,WHITE,ziyadnz/hourly-ipv4,ziyadnz|hourly,2026-08-17T18:48:05Z,2026-08-17T18:48:05Z,
64.62.156.0,ipv4,malicious-ip,medium,WHITE,ziyadnz/hourly-ipv4,ziyadnz|hourly,2026-08-17T18:48:05Z,2026-08-17T18:48:05Z,
64.62.156.10,ipv4,malicious-ip,medium,WHITE,ziyadnz/hourly-ipv4,ziyadnz|hourly,2026-08-17T18:48:05Z,2026-08-17T18:48:05Z,
64.62.156.100,ipv4,malicious-ip,medium,WHITE,ziyadnz/hourly-ipv4,ziyadnz|hourly,2026-08-17T18:48:05Z,2026-08-17T18:48:05Z,
64.62.156.102,ipv4,malicious-ip,medium,WHITE,ziyadnz/hourly-ipv4,ziyadnz|hourly,2026-08-17T18:48:05Z,2026-08-17T18:48:05Z,
64.62.156.104,ipv4,malicious-ip,medium,WHITE,ziyadnz/hourly-ipv4,ziyadnz|hourly,2026-08-17T18:48:05Z,2026-08-17T18:48:05Z,
64.62.156.106,ipv4,malicious-ip,medium,WHITE,ziyadnz/hourly-ipv4,ziyadnz|hourly,2026-08-17T18:48:05Z,2026-08-17T18:48:05Z,
64.62.156.107,ipv4,malicious-ip,medium,WHITE,ziyadnz/hourly-ipv4,ziyadnz|hourly,2026-08-17T18:48:05Z,2026-08-17T18:48:05Z,
64.62.156.108,ipv4,malicious-ip,medium,WHITE,ziyadnz/hourly-ipv4,ziyadnz|hourly,2026-08-17T18:48:05Z,2026-08-17T18:48:05Z,
64.62.156.109,ipv4,malicious-ip,medium,WHITE,ziyadnz/hourly-ipv4,ziyadnz|hourly,2026-08-17T18:48:05Z,2026-08-17T18:48:05Z,
64.62.156.11,ipv4,malicious-ip,medium,WHITE,ziyadnz/hourly-ipv4,ziyadnz|hourly,2026-08-17T18:48:05Z,2026-08-17T18:48:05Z,
64.62.156.110,ipv4,malicious-ip,medium,WHITE,ziyadnz/hourly-ipv4,ziyadnz|hourly,2026-08-17T18:48:05Z,2026-08-17T18:48:05Z,
64.62.156.111,ipv4,malicious-ip,medium,WHITE,ziyadnz/hourly-ipv4,ziyadnz|hourly,2026-08-17T18:48:05Z,2026-08-17T18:48:05Z,
64.62.156.112,ipv4,malicious-ip,medium,WHITE,ziyadnz/hourly-ipv4,ziyadnz|hourly,2026-08-17T18:48:05Z,2026-08-17T18:48:05Z,
64.62.156.113,ipv4,malicious-ip,medium,WHITE,ziyadnz/hourly-ipv4,ziyadnz|hourly,2026-08-17T18:48:05Z,2026-08-17T18:48:05Z,
64.62.156.114,ipv4,malicious-ip,medium,WHITE,ziyadnz/hourly-ipv4,ziyadnz|hourly,2026-08-17T18:48:05Z,2026-08-17T18:48:05Z,
64.62.156.115,ipv4,malicious-ip,medium,WHITE,ziyadnz/hourly-ipv4,ziyadnz|hourly,2026-08-17T18:48:05Z,2026-08-17T18:48:05Z,
64.62.156.116,ipv4,malicious-ip,medium,WHITE,ziyadnz/hourly-ipv4,ziyadnz|hourly,2026-08-17T18:48:05Z,2026-08-17T18:48:05Z,
64.62.156.117,ipv4,malicious-ip,medium,WHITE,ziyadnz/hourly-ipv4,ziyadnz|hourly,2026-08-17T18:48:05Z,2026-08-17T18:48:05Z,
64.62.156.118,ipv4,malicious-ip,medium,WHITE,ziyadnz/hourly-ipv4,ziyadnz|hourly,2026-08-17T18:48:05Z,2026-08-17T18:48:05Z,
64.62.156.119,ipv4,malicious-ip,medium,WHITE,ziyadnz/hourly-ipv4,ziyadnz|hourly,2026-08-17T18:48:05Z,2026-08-17T18:48:05Z,
64.62.156.12,ipv4,malicious-ip,medium,WHITE,ziyadnz/hourly-ipv4,ziyadnz|hourly,2026-08-17T18:48:05Z,2026-08-17T18:48:05Z,
64.62.156.120,ipv4,malicious-ip,medium,WHITE,ziyadnz/hourly-ipv4,ziyadnz|hourly,2026-08-17T18:48:05Z,2026-08-17T18:48:05Z,
64.62.156.121,ipv4,malicious-ip,medium,WHITE,ziyadnz/hourly-ipv4,ziyadnz|hourly,2026-08-17T18:48:05Z,2026-08-17T18:48:05Z,
64.62.156.123,ipv4,malicious-ip,medium,WHITE,ziyadnz/hourly-ipv4,ziyadnz|hourly,2026-08-17T18:48:05Z,2026-08-17T18:48:05Z,
64.62.156.124,ipv4,malicious-ip,medium,WHITE,ziyadnz/hourly-ipv4,ziyadnz|hourly,2026-08-17T18:48:05Z,2026-08-17T18:48:05Z,
64.62.156.125,ipv4,malicious-ip,medium,WHITE,ziyadnz/hourly-ipv4,ziyadnz|hourly,2026-08-17T18:48:05Z,2026-08-17T18:48:05Z,
64.62.156.126,ipv4,malicious-ip,medium,WHITE,ziyadnz/hourly-ipv4,ziyadnz|hourly,2026-08-17T18:48:05Z,2026-08-17T18:48:05Z,
64.62.156.127,ipv4,malicious-ip,medium,WHITE,ziyadnz/hourly-ipv4,ziyadnz|hourly,2026-08-17T18:48:05Z,2026-08-17T18:48:05Z,
64.62.156.128,ipv4,malicious-ip,medium,WHITE,ziyadnz/hourly-ipv4,ziyadnz|hourly,2026-08-17T18:48:05Z,2026-08-17T18:48:05Z,
64.62.156.129,ipv4,malicious-ip,medium,WHITE,ziyadnz/hourly-ipv4,ziyadnz|hourly,2026-08-17T18:48:05Z,2026-08-17T18:48:05Z,
64.62.156.13,ipv4,malicious-ip,medium,WHITE,ziyadnz/hourly-ipv4,ziyadnz|hourly,2026-08-17T18:48:05Z,2026-08-17T18:48:05Z,
64.62.156.130,ipv4,malicious-ip,medium,WHITE,ziyadnz/hourly-ipv4,ziyadnz|hourly,2026-08-17T18:48:05Z,2026-08-17T18:48:05Z,
64.62.156.131,ipv4,malicious-ip,medium,WHITE,ziyadnz/hourly-ipv4,ziyadnz|hourly,2026-08-17T18:48:05Z,2026-08-17T18:48:05Z,
64.62.156.132,ipv4,malicious-ip,medium,WHITE,ziyadnz/hourly-ipv4,ziyadnz|hourly,2026-08-17T18:48:05Z,2026-08-17T18:48:05Z,
64.62.156.133,ipv4,malicious-ip,medium,WHITE,ziyadnz/hourly-ipv4,ziyadnz|hourly,2026-08-17T18:48:05Z,2026-08-17T18:48:05Z,
64.62.156.134,ipv4,malicious-ip,medium,WHITE,ziyadnz/hourly-ipv4,ziyadnz|hourly,2026-08-17T18:48:05Z,2026-08-17T18:48:05Z,
64.62.156.135,ipv4,malicious-ip,medium,WHITE,ziyadnz/hourly-ipv4,ziyadnz|hourly,2026-08-17T18:48:05Z,2026-08-17T18:48:05Z,
64.62.156.136,ipv4,malicious-ip,medium,WHITE,ziyadnz/hourly-ipv4,ziyadnz|hourly,2026-08-17T18:48:05Z,2026-08-17T18:48:05Z,
64.62.156.137,ipv4,malicious-ip,medium,WHITE,ziyadnz/hourly-ipv4,ziyadnz|hourly,2026-08-17T18:48:05Z,2026-08-17T18:48:05Z,
64.62.156.138,ipv4,malicious-ip,medium,WHITE,ziyadnz/hourly-ipv4,ziyadnz|hourly,2026-08-17T18:48:05Z,2026-08-17T18:48:05Z,
64.62.156.139,ipv4,malicious-ip,medium,WHITE,ziyadnz/hourly-ipv4,ziyadnz|hourly,2026-08-17T18:48:05Z,2026-08-17T18:48:05Z,
64.62.156.14,ipv4,malicious-ip,medium,WHITE,ziyadnz/hourly-ipv4,ziyadnz|hourly,2026-08-17T18:48:05Z,2026-08-17T18:48:05Z,
64.62.156.140,ipv4,malicious-ip,medium,WHITE,ziyadnz/hourly-ipv4,ziyadnz|hourly,2026-08-17T18:48:05Z,2026-08-17T18:48:05Z,
64.62.156.141,ipv4,malicious-ip,medium,WHITE,ziyadnz/hourly-ipv4,ziyadnz|hourly,2026-08-17T18:48:05Z,2026-08-17T18:48:05Z,
64.62.156.142,ipv4,malicious-ip,medium,WHITE,ziyadnz/hourly-ipv4,ziyadnz|hourly,2026-08-17T18:48:05Z,2026-08-17T18:48:05Z,
64.62.156.143,ipv4,malicious-ip,medium,WHITE,ziyadnz/hourly-ipv4,ziyadnz|hourly,2026-08-17T18:48:05Z,2026-08-17T18:48:05Z,
64.62.156.144,ipv4,malicious-ip,medium,WHITE,ziyadnz/hourly-ipv4,ziyadnz|hourly,2026-08-17T18:48:05Z,2026-08-17T18:48:05Z,
64.62.156.145,ipv4,malicious-ip,medium,WHITE,ziyadnz/hourly-ipv4,ziyadnz|hourly,2026-08-17T18:48:05Z,2026-08-17T18:48:05Z,
64.62.156.146,ipv4,malicious-ip,medium,WHITE,ziyadnz/hourly-ipv4,ziyadnz|hourly,2026-08-17T18:48:05Z,2026-08-17T18:48:05Z,
64.62.156.147,ipv4,malicious-ip,medium,WHITE,ziyadnz/hourly-ipv4,ziyadnz|hourly,2026-08-17T18:48:05Z,2026-08-17T18:48:05Z,
64.62.156.148,ipv4,malicious-ip,medium,WHITE,ziyadnz/hourly-ipv4,ziyadnz|hourly,2026-08-17T18:48:05Z,2026-08-17T18:48:05Z,
64.62.156.149,ipv4,malicious-ip,medium,WHITE,ziyadnz/hourly-ipv4,ziyadnz|hourly,2026-08-17T18:48:05Z,2026-08-17T18:48:05Z,
64.62.156.15,ipv4,malicious-ip,medium,WHITE,ziyadnz/hourly-ipv4,ziyadnz|hourly,2026-08-17T18:48:05Z,2026-08-17T18:48:05Z,
64.62.156.150,ipv4,malicious-ip,medium,WHITE,ziyadnz/hourly-ipv4,ziyadnz|hourly,2026-08-17T18:48:05Z,2026-08-17T18:48:05Z,
64.62.156.151,ipv4,malicious-ip,medium,WHITE,ziyadnz/hourly-ipv4,ziyadnz|hourly,2026-08-17T18:48:05Z,2026-08-17T18:48:05Z,
64.62.156.152,ipv4,malicious-ip,medium,WHITE,ziyadnz/hourly-ipv4,ziyadnz|hourly,2026-08-17T18:48:05Z,2026-08-17T18:48:05Z,
64.62.156.153,ipv4,malicious-ip,medium,WHITE,ziyadnz/hourly-ipv4,ziyadnz|hourly,2026-08-17T18:48:05Z,2026-08-17T18:48:05Z,
64.62.156.154,ipv4,malicious-ip,medium,WHITE,ziyadnz/hourly-ipv4,ziyadnz|hourly,2026-08-17T18:48:05Z,2026-08-17T18:48:05Z,
64.62.156.155,ipv4,malicious-ip,medium,WHITE,ziyadnz/hourly-ipv4,ziyadnz|hourly,2026-08-17T18:48:05Z,2026-08-17T18:48:05Z,
64.62.156.156,ipv4,malicious-ip,medium,WHITE,ziyadnz/hourly-ipv4,ziyadnz|hourly,2026-08-17T18:48:05Z,2026-08-17T18:48:05Z,
64.62.156.157,ipv4,malicious-ip,medium,WHITE,ziyadnz/hourly-ipv4,ziyadnz|hourly,2026-08-17T18:48:05Z,2026-08-17T18:48:05Z,
64.62.156.158,ipv4,malicious-ip,medium,WHITE,ziyadnz/hourly-ipv4,ziyadnz|hourly,2026-08-17T18:48:05Z,2026-08-17T18:48:05Z,
64.62.156.159,ipv4,malicious-ip,medium,WHITE,ziyadnz/hourly-ipv4,ziyadnz|hourly,2026-08-17T18:48:05Z,2026-08-17T18:48:05Z,
64.62.156.16,ipv4,malicious-ip,medium,WHITE,ziyadnz/hourly-ipv4,ziyadnz|hourly,2026-08-17T18:48:05Z,2026-08-17T18:48:05Z,
64.62.156.160,ipv4,malicious-ip,medium,WHITE,ziyadnz/hourly-ipv4,ziyadnz|hourly,2026-08-17T18:48:05Z,2026-08-17T18:48:05Z,
64.62.156.161,ipv4,malicious-ip,medium,WHITE,ziyadnz/hourly-ipv4,ziyadnz|hourly,2026-08-17T18:48:05Z,2026-08-17T18:48:05Z,
64.62.156.162,ipv4,malicious-ip,medium,WHITE,ziyadnz/hourly-ipv4,ziyadnz|hourly,2026-08-17T18:48:05Z,2026-08-17T18:48:05Z,
64.62.156.163,ipv4,malicious-ip,medium,WHITE,ziyadnz/hourly-ipv4,ziyadnz|hourly,2026-08-17T18:48:05Z,2026-08-17T18:48:05Z,
64.62.156.164,ipv4,malicious-ip,medium,WHITE,ziyadnz/hourly-ipv4,ziyadnz|hourly,2026-08-17T18:48:05Z,2026-08-17T18:48:05Z,
64.62.156.165,ipv4,malicious-ip,medium,WHITE,ziyadnz/hourly-ipv4,ziyadnz|hourly,2026-08-17T18:48:05Z,2026-08-17T18:48:05Z,
64.62.156.166,ipv4,malicious-ip,medium,WHITE,ziyadnz/hourly-ipv4,ziyadnz|hourly,2026-08-17T18:48:05Z,2026-08-17T18:48:05Z,
64.62.156.167,ipv4,malicious-ip,medium,WHITE,ziyadnz/hourly-ipv4,ziyadnz|hourly,2026-08-17T18:48:05Z,2026-08-17T18:48:05Z,
64.62.156.168,ipv4,malicious-ip,medium,WHITE,ziyadnz/hourly-ipv4,ziyadnz|hourly,2026-08-17T18:48:05Z,2026-08-17T18:48:05Z,
64.62.156.169,ipv4,malicious-ip,medium,WHITE,ziyadnz/hourly-ipv4,ziyadnz|hourly,2026-08-17T18:48:05Z,2026-08-17T18:48:05Z,
64.62.156.17,ipv4,malicious-ip,medium,WHITE,ziyadnz/hourly-ipv4,ziyadnz|hourly,2026-08-17T18:48:05Z,2026-08-17T18:48:05Z,
64.62.156.170,ipv4,malicious-ip,medium,WHITE,ziyadnz/hourly-ipv4,ziyadnz|hourly,2026-08-17T18:48:05Z,2026-08-17T18:48:05Z,
64.62.156.171,ipv4,malicious-ip,medium,WHITE,ziyadnz/hourly-ipv4,ziyadnz|hourly,2026-08-17T18:48:05Z,2026-08-17T18:48:05Z,
64.62.156.172,ipv4,malicious-ip,medium,WHITE,ziyadnz/hourly-ipv4,ziyadnz|hourly,2026-08-17T18:48:05Z,2026-08-17T18:48:05Z,
64.62.156.173,ipv4,malicious-ip,medium,WHITE,ziyadnz/hourly-ipv4,ziyadnz|hourly,2026-08-17T18:48:05Z,2026-08-17T18:48:05Z,
64.62.156.174,ipv4,malicious-ip,medium,WHITE,ziyadnz/hourly-ipv4,ziyadnz|hourly,2026-08-17T18:48:05Z,2026-08-17T18:48:05Z,
64.62.156.175,ipv4,malicious-ip,medium,WHITE,ziyadnz/hourly-ipv4,ziyadnz|hourly,2026-08-17T18:48:05Z,2026-08-17T18:48:05Z,
64.62.156.176,ipv4,malicious-ip,medium,WHITE,ziyadnz/hourly-ipv4,ziyadnz|hourly,2026-08-17T18:48:05Z,2026-08-17T18:48:05Z,
64.62.156.177,ipv4,malicious-ip,medium,WHITE,ziyadnz/hourly-ipv4,ziyadnz|hourly,2026-08-17T18:48:05Z,2026-08-17T18:48:05Z,
64.62.156.178,ipv4,malicious-ip,medium,WHITE,ziyadnz/hourly-ipv4,ziyadnz|hourly,2026-08-17T18:48:05Z,2026-08-17T18:48:05Z,
64.62.156.179,ipv4,malicious-ip,medium,WHITE,ziyadnz/hourly-ipv4,ziyadnz|hourly,2026-08-17T18:48:05Z,2026-08-17T18:48:05Z,
64.62.156.18,ipv4,malicious-ip,medium,WHITE,ziyadnz/hourly-ipv4,ziyadnz|hourly,2026-08-17T18:48:05Z,2026-08-17T18:48:05Z,
64.62.156.180,ipv4,malicious-ip,medium,WHITE,ziyadnz/hourly-ipv4,ziyadnz|hourly,2026-08-17T18:48:05Z,2026-08-17T18:48:05Z,
64.62.156.181,ipv4,malicious-ip,medium,WHITE,ziyadnz/hourly-ipv4,ziyadnz|hourly,2026-08-17T18:48:05Z,2026-08-17T18:48:05Z,
64.62.156.182,ipv4,malicious-ip,medium,WHITE,ziyadnz/hourly-ipv4,ziyadnz|hourly,2026-08-17T18:48:05Z,2026-08-17T18:48:05Z,
64.62.156.183,ipv4,malicious-ip,medium,WHITE,ziyadnz/hourly-ipv4,ziyadnz|hourly,2026-08-17T18:48:05Z,2026-08-17T18:48:05Z,
64.62.156.184,ipv4,malicious-ip,medium,WHITE,ziyadnz/hourly-ipv4,ziyadnz|hourly,2026-08-17T18:48:05Z,2026-08-17T18:48:05Z,
64.62.156.185,ipv4,malicious-ip,medium,WHITE,ziyadnz/hourly-ipv4,ziyadnz|hourly,2026-08-17T18:48:05Z,2026-08-17T18:48:05Z,
64.62.156.186,ipv4,malicious-ip,medium,WHITE,ziyadnz/hourly-ipv4,ziyadnz|hourly,2026-08-17T18:48:05Z,2026-08-17T18:48:05Z,
64.62.156.187,ipv4,malicious-ip,medium,WHITE,ziyadnz/hourly-ipv4,ziyadnz|hourly,2026-08-17T18:48:05Z,2026-08-17T18:48:05Z,
64.62.156.188,ipv4,malicious-ip,medium,WHITE,ziyadnz/hourly-ipv4,ziyadnz|hourly,2026-08-17T18:48:05Z,2026-08-17T18:48:05Z,
64.62.156.189,ipv4,malicious-ip,medium,WHITE,ziyadnz/hourly-ipv4,ziyadnz|hourly,2026-08-17T18:48:05Z,2026-08-17T18:48:05Z,
64.62.156.19,ipv4,malicious-ip,medium,WHITE,ziyadnz/hourly-ipv4,ziyadnz|hourly,2026-08-17T18:48:05Z,2026-08-17T18:48:05Z,
64.62.156.190,ipv4,malicious-ip,medium,WHITE,ziyadnz/hourly-ipv4,ziyadnz|hourly,2026-08-17T18:48:05Z,2026-08-17T18:48:05Z,
64.62.156.191,ipv4,malicious-ip,medium,WHITE,ziyadnz/hourly-ipv4,ziyadnz|hourly,2026-08-17T18:48:05Z,2026-08-17T18:48:05Z,
64.62.156.192,ipv4,malicious-ip,medium,WHITE,ziyadnz/hourly-ipv4,ziyadnz|hourly,2026-08-17T18:48:05Z,2026-08-17T18:48:05Z,
64.62.156.193,ipv4,malicious-ip,medium,WHITE,ziyadnz/hourly-ipv4,ziyadnz|hourly,2026-08-17T18:48:05Z,2026-08-17T18:48:05Z,
64.62.156.194,ipv4,malicious-ip,medium,WHITE,ziyadnz/hourly-ipv4,ziyadnz|hourly,2026-08-17T18:48:05Z,2026-08-17T18:48:05Z,
64.62.156.195,ipv4,malicious-ip,medium,WHITE,ziyadnz/hourly-ipv4,ziyadnz|hourly,2026-08-17T18:48:05Z,2026-08-17T18:48:05Z,
64.62.156.196,ipv4,malicious-ip,medium,WHITE,ziyadnz/hourly-ipv4,ziyadnz|hourly,2026-08-17T18:48:05Z,2026-08-17T18:48:05Z,
64.62.156.197,ipv4,malicious-ip,medium,WHITE,ziyadnz/hourly-ipv4,ziyadnz|hourly,2026-08-17T18:48:05Z,2026-08-17T18:48:05Z,
64.62.156.198,ipv4,malicious-ip,medium,WHITE,ziyadnz/hourly-ipv4,ziyadnz|hourly,2026-08-17T18:48:05Z,2026-08-17T18:48:05Z,
64.62.156.199,ipv4,malicious-ip,medium,WHITE,ziyadnz/hourly-ipv4,ziyadnz|hourly,2026-08-17T18:48:05Z,2026-08-17T18:48:05Z,
64.62.156.20,ipv4,malicious-ip,medium,WHITE,ziyadnz/hourly-ipv4,ziyadnz|hourly,2026-08-17T18:48:05Z,2026-08-17T18:48:05Z,
64.62.156.200,ipv4,malicious-ip,medium,WHITE,ziyadnz/hourly-ipv4,ziyadnz|hourly,2026-08-17T18:48:05Z,2026-08-17T18:48:05Z,
64.62.156.201,ipv4,malicious-ip,medium,WHITE,ziyadnz/hourly-ipv4,ziyadnz|hourly,2026-08-17T18:48:05Z,2026-08-17T18:48:05Z,
64.62.156.202,ipv4,malicious-ip,medium,WHITE,ziyadnz/hourly-ipv4,ziyadnz|hourly,2026-08-17T18:48:05Z,2026-08-17T18:48:05Z,
64.62.156.203,ipv4,malicious-ip,medium,WHITE,ziyadnz/hourly-ipv4,ziyadnz|hourly,2026-08-17T18:48:05Z,2026-08-17T18:48:05Z,
64.62.156.204,ipv4,malicious-ip,medium,WHITE,ziyadnz/hourly-ipv4,ziyadnz|hourly,2026-08-17T18:48:05Z,2026-08-17T18:48:05Z,
64.62.156.205,ipv4,malicious-ip,medium,WHITE,ziyadnz/hourly-ipv4,ziyadnz|hourly,2026-08-17T18:48:05Z,2026-08-17T18:48:05Z,
64.62.156.206,ipv4,malicious-ip,medium,WHITE,ziyadnz/hourly-ipv4,ziyadnz|hourly,2026-08-17T18:48:05Z,2026-08-17T18:48:05Z,
64.62.156.207,ipv4,malicious-ip,medium,WHITE,ziyadnz/hourly-ipv4,ziyadnz|hourly,2026-08-17T18:48:05Z,2026-08-17T18:48:05Z,
64.62.156.208,ipv4,malicious-ip,medium,WHITE,ziyadnz/hourly-ipv4,ziyadnz|hourly,2026-08-17T18:48:05Z,2026-08-17T18:48:05Z,
64.62.156.209,ipv4,malicious-ip,medium,WHITE,ziyadnz/hourly-ipv4,ziyadnz|hourly,2026-08-17T18:48:05Z,2026-08-17T18:48:05Z,
64.62.156.21,ipv4,malicious-ip,medium,WHITE,ziyadnz/hourly-ipv4,ziyadnz|hourly,2026-08-17T18:48:05Z,2026-08-17T18:48:05Z,
64.62.156.210,ipv4,malicious-ip,medium,WHITE,ziyadnz/hourly-ipv4,ziyadnz|hourly,2026-08-17T18:48:05Z,2026-08-17T18:48:05Z,
64.62.156.211,ipv4,malicious-ip,medium,WHITE,ziyadnz/hourly-ipv4,ziyadnz|hourly,2026-08-17T18:48:05Z,2026-08-17T18:48:05Z,
64.62.156.212,ipv4,malicious-ip,medium,WHITE,ziyadnz/hourly-ipv4,ziyadnz|hourly,2026-08-17T18:48:05Z,2026-08-17T18:48:05Z,
64.62.156.213,ipv4,malicious-ip,medium,WHITE,ziyadnz/hourly-ipv4,ziyadnz|hourly,2026-08-17T18:48:05Z,2026-08-17T18:48:05Z,
64.62.156.214,ipv4,malicious-ip,medium,WHITE,ziyadnz/hourly-ipv4,ziyadnz|hourly,2026-08-17T18:48:05Z,2026-08-17T18:48:05Z,
64.62.156.215,ipv4,malicious-ip,medium,WHITE,ziyadnz/hourly-ipv4,ziyadnz|hourly,2026-08-17T18:48:05Z,2026-08-17T18:48:05Z,
64.62.156.216,ipv4,malicious-ip,medium,WHITE,ziyadnz/hourly-ipv4,ziyadnz|hourly,2026-08-17T18:48:05Z,2026-08-17T18:48:05Z,
64.62.156.217,ipv4,malicious-ip,medium,WHITE,ziyadnz/hourly-ipv4,ziyadnz|hourly,2026-08-17T18:48:05Z,2026-08-17T18:48:05Z,
64.62.156.218,ipv4,malicious-ip,medium,WHITE,ziyadnz/hourly-ipv4,ziyadnz|hourly,2026-08-17T18:48:05Z,2026-08-17T18:48:05Z,
64.62.156.219,ipv4,malicious-ip,medium,WHITE,ziyadnz/hourly-ipv4,ziyadnz|hourly,2026-08-17T18:48:05Z,2026-08-17T18:48:05Z,
64.62.156.22,ipv4,malicious-ip,medium,WHITE,ziyadnz/hourly-ipv4,ziyadnz|hourly,2026-08-17T18:48:05Z,2026-08-17T18:48:05Z,
64.62.156.220,ipv4,malicious-ip,medium,WHITE,ziyadnz/hourly-ipv4,ziyadnz|hourly,2026-08-17T18:48:05Z,2026-08-17T18:48:05Z,
64.62.156.221,ipv4,malicious-ip,medium,WHITE,ziyadnz/hourly-ipv4,ziyadnz|hourly,2026-08-17T18:48:05Z,2026-08-17T18:48:05Z,
64.62.156.222,ipv4,malicious-ip,medium,WHITE,ziyadnz/hourly-ipv4,ziyadnz|hourly,2026-08-17T18:48:05Z,2026-08-17T18:48:05Z,
64.62.156.223,ipv4,malicious-ip,medium,WHITE,ziyadnz/hourly-ipv4,ziyadnz|hourly,2026-08-17T18:48:05Z,2026-08-17T18:48:05Z,
64.62.156.224,ipv4,malicious-ip,medium,WHITE,ziyadnz/hourly-ipv4,ziyadnz|hourly,2026-08-17T18:48:05Z,2026-08-17T18:48:05Z,
64.62.156.225,ipv4,malicious-ip,medium,WHITE,ziyadnz/hourly-ipv4,ziyadnz|hourly,2026-08-17T18:48:05Z,2026-08-17T18:48:05Z,
64.62.156.226,ipv4,malicious-ip,medium,WHITE,ziyadnz/hourly-ipv4,ziyadnz|hourly,2026-08-17T18:48:05Z,2026-08-17T18:48:05Z,
64.62.156.227,ipv4,malicious-ip,medium,WHITE,ziyadnz/hourly-ipv4,ziyadnz|hourly,2026-08-17T18:48:05Z,2026-08-17T18:48:05Z,
64.62.156.228,ipv4,malicious-ip,medium,WHITE,ziyadnz/hourly-ipv4,ziyadnz|hourly,2026-08-17T18:48:05Z,2026-08-17T18:48:05Z,
64.62.156.229,ipv4,malicious-ip,medium,WHITE,ziyadnz/hourly-ipv4,ziyadnz|hourly,2026-08-17T18:48:05Z,2026-08-17T18:48:05Z,
64.62.156.23,ipv4,malicious-ip,medium,WHITE,ziyadnz/hourly-ipv4,ziyadnz|hourly,2026-08-17T18:48:05Z,2026-08-17T18:48:05Z,
64.62.156.230,ipv4,malicious-ip,medium,WHITE,ziyadnz/hourly-ipv4,ziyadnz|hourly,2026-08-17T18:48:05Z,2026-08-17T18:48:05Z,
64.62.156.231,ipv4,malicious-ip,medium,WHITE,ziyadnz/hourly-ipv4,ziyadnz|hourly,2026-08-17T18:48:05Z,2026-08-17T18:48:05Z,
64.62.156.24,ipv4,malicious-ip,medium,WHITE,ziyadnz/hourly-ipv4,ziyadnz|hourly,2026-08-17T18:48:05Z,2026-08-17T18:48:05Z,
64.62.156.25,ipv4,malicious-ip,medium,WHITE,ziyadnz/hourly-ipv4,ziyadnz|hourly,2026-08-17T18:48:05Z,2026-08-17T18:48:05Z,
64.62.156.26,ipv4,malicious-ip,medium,WHITE,ziyadnz/hourly-ipv4,ziyadnz|hourly,2026-08-17T18:48:05Z,2026-08-17T18:48:05Z,
64.62.156.27,ipv4,malicious-ip,medium,WHITE,ziyadnz/hourly-ipv4,ziyadnz|hourly,2026-08-17T18:48:05Z,2026-08-17T18:48:05Z,
64.62.156.28,ipv4,malicious-ip,medium,WHITE,ziyadnz/hourly-ipv4,ziyadnz|hourly,2026-08-17T18:48:05Z,2026-08-17T18:48:05Z,
64.62.156.29,ipv4,malicious-ip,medium,WHITE,ziyadnz/hourly-ipv4,ziyadnz|hourly,2026-08-17T18:48:05Z,2026-08-17T18:48:05Z,
64.62.156.30,ipv4,malicious-ip,medium,WHITE,ziyadnz/hourly-ipv4,ziyadnz|hourly,2026-08-17T18:48:05Z,2026-08-17T18:48:05Z,
64.62.156.31,ipv4,malicious-ip,medium,WHITE,ziyadnz/hourly-ipv4,ziyadnz|hourly,2026-08-17T18:48:05Z,2026-08-17T18:48:05Z,
64.62.156.32,ipv4,malicious-ip,medium,WHITE,ziyadnz/hourly-ipv4,ziyadnz|hourly,2026-08-17T18:48:05Z,2026-08-17T18:48:05Z,
64.62.156.33,ipv4,malicious-ip,medium,WHITE,ziyadnz/hourly-ipv4,ziyadnz|hourly,2026-08-17T18:48:05Z,2026-08-17T18:48:05Z,
64.62.156.34,ipv4,malicious-ip,medium,WHITE,ziyadnz/hourly-ipv4,ziyadnz|hourly,2026-08-17T18:48:05Z,2026-08-17T18:48:05Z,
64.62.156.35,ipv4,malicious-ip,medium,WHITE,ziyadnz/hourly-ipv4,ziyadnz|hourly,2026-08-17T18:48:05Z,2026-08-17T18:48:05Z,
64.62.156.36,ipv4,malicious-ip,medium,WHITE,ziyadnz/hourly-ipv4,ziyadnz|hourly,2026-08-17T18:48:05Z,2026-08-17T18:48:05Z,
64.62.156.37,ipv4,malicious-ip,medium,WHITE,ziyadnz/hourly-ipv4,ziyadnz|hourly,2026-08-17T18:48:05Z,2026-08-17T18:48:05Z,
64.62.156.38,ipv4,malicious-ip,medium,WHITE,ziyadnz/hourly-ipv4,ziyadnz|hourly,2026-08-17T18:48:05Z,2026-08-17T18:48:05Z,
64.62.156.39,ipv4,malicious-ip,medium,WHITE,ziyadnz/hourly-ipv4,ziyadnz|hourly,2026-08-17T18:48:05Z,2026-08-17T18:48:05Z,
64.62.156.40,ipv4,malicious-ip,medium,WHITE,ziyadnz/hourly-ipv4,ziyadnz|hourly,2026-08-17T18:48:05Z,2026-08-17T18:48:05Z,
64.62.156.41,ipv4,malicious-ip,medium,WHITE,ziyadnz/hourly-ipv4,ziyadnz|hourly,2026-08-17T18:48:05Z,2026-08-17T18:48:05Z,
64.62.156.42,ipv4,malicious-ip,medium,WHITE,ziyadnz/hourly-ipv4,ziyadnz|hourly,2026-08-17T18:48:05Z,2026-08-17T18:48:05Z,
64.62.156.44,ipv4,malicious-ip,medium,WHITE,ziyadnz/hourly-ipv4,ziyadnz|hourly,2026-08-17T18:48:05Z,2026-08-17T18:48:05Z,
64.62.156.45,ipv4,malicious-ip,medium,WHITE,ziyadnz/hourly-ipv4,ziyadnz|hourly,2026-08-17T18:48:05Z,2026-08-17T18:48:05Z,
64.62.156.46,ipv4,malicious-ip,medium,WHITE,ziyadnz/hourly-ipv4,ziyadnz|hourly,2026-08-17T18:48:05Z,2026-08-17T18:48:05Z,
64.62.156.47,ipv4,malicious-ip,medium,WHITE,ziyadnz/hourly-ipv4,ziyadnz|hourly,2026-08-17T18:48:05Z,2026-08-17T18:48:05Z,
64.62.156.48,ipv4,malicious-ip,medium,WHITE,ziyadnz/hourly-ipv4,ziyadnz|hourly,2026-08-17T18:48:05Z,2026-08-17T18:48:05Z,
64.62.156.49,ipv4,malicious-ip,medium,WHITE,ziyadnz/hourly-ipv4,ziyadnz|hourly,2026-08-17T18:48:05Z,2026-08-17T18:48:05Z,
64.62.156.50,ipv4,malicious-ip,medium,WHITE,ziyadnz/hourly-ipv4,ziyadnz|hourly,2026-08-17T18:48:05Z,2026-08-17T18:48:05Z,
64.62.156.51,ipv4,malicious-ip,medium,WHITE,ziyadnz/hourly-ipv4,ziyadnz|hourly,2026-08-17T18:48:05Z,2026-08-17T18:48:05Z,
64.62.156.52,ipv4,malicious-ip,medium,WHITE,ziyadnz/hourly-ipv4,ziyadnz|hourly,2026-08-17T18:48:05Z,2026-08-17T18:48:05Z,
64.62.156.53,ipv4,malicious-ip,medium,WHITE,ziyadnz/hourly-ipv4,ziyadnz|hourly,2026-08-17T18:48:05Z,2026-08-17T18:48:05Z,
64.62.156.54,ipv4,malicious-ip,medium,WHITE,ziyadnz/hourly-ipv4,ziyadnz|hourly,2026-08-17T18:48:05Z,2026-08-17T18:48:05Z,
64.62.156.55,ipv4,malicious-ip,medium,WHITE,ziyadnz/hourly-ipv4,ziyadnz|hourly,2026-08-17T18:48:05Z,2026-08-17T18:48:05Z,
64.62.156.56,ipv4,malicious-ip,medium,WHITE,ziyadnz/hourly-ipv4,ziyadnz|hourly,2026-08-17T18:48:05Z,2026-08-17T18:48:05Z,
64.62.156.57,ipv4,malicious-ip,medium,WHITE,ziyadnz/hourly-ipv4,ziyadnz|hourly,2026-08-17T18:48:05Z,2026-08-17T18:48:05Z,
64.62.156.58,ipv4,malicious-ip,medium,WHITE,ziyadnz/hourly-ipv4,ziyadnz|hourly,2026-08-17T18:48:05Z,2026-08-17T18:48:05Z,
64.62.156.59,ipv4,malicious-ip,medium,WHITE,ziyadnz/hourly-ipv4,ziyadnz|hourly,2026-08-17T18:48:05Z,2026-08-17T18:48:05Z,
64.62.156.60,ipv4,malicious-ip,medium,WHITE,ziyadnz/hourly-ipv4,ziyadnz|hourly,2026-08-17T18:48:05Z,2026-08-17T18:48:05Z,
64.62.156.61,ipv4,malicious-ip,medium,WHITE,ziyadnz/hourly-ipv4,ziyadnz|hourly,2026-08-17T18:48:05Z,2026-08-17T18:48:05Z,
64.62.156.62,ipv4,malicious-ip,medium,WHITE,ziyadnz/hourly-ipv4,ziyadnz|hourly,2026-08-17T18:48:05Z,2026-08-17T18:48:05Z,
64.62.156.63,ipv4,malicious-ip,medium,WHITE,ziyadnz/hourly-ipv4,ziyadnz|hourly,2026-08-17T18:48:05Z,2026-08-17T18:48:05Z,
64.62.156.64,ipv4,malicious-ip,medium,WHITE,ziyadnz/hourly-ipv4,ziyadnz|hourly,2026-08-17T18:48:05Z,2026-08-17T18:48:05Z,
64.62.156.65,ipv4,malicious-ip,medium,WHITE,ziyadnz/hourly-ipv4,ziyadnz|hourly,2026-08-17T18:48:05Z,2026-08-17T18:48:05Z,
64.62.156.66,ipv4,malicious-ip,medium,WHITE,ziyadnz/hourly-ipv4,ziyadnz|hourly,2026-08-17T18:48:05Z,2026-08-17T18:48:05Z,
64.62.156.67,ipv4,malicious-ip,medium,WHITE,ziyadnz/hourly-ipv4,ziyadnz|hourly,2026-08-17T18:48:05Z,2026-08-17T18:48:05Z,
64.62.156.68,ipv4,malicious-ip,medium,WHITE,ziyadnz/hourly-ipv4,ziyadnz|hourly,2026-08-17T18:48:05Z,2026-08-17T18:48:05Z,
64.62.156.69,ipv4,malicious-ip,medium,WHITE,ziyadnz/hourly-ipv4,ziyadnz|hourly,2026-08-17T18:48:05Z,2026-08-17T18:48:05Z,
64.62.156.70,ipv4,malicious-ip,medium,WHITE,ziyadnz/hourly-ipv4,ziyadnz|hourly,2026-08-17T18:48:05Z,2026-08-17T18:48:05Z,
64.62.156.71,ipv4,malicious-ip,medium,WHITE,ziyadnz/hourly-ipv4,ziyadnz|hourly,2026-08-17T18:48:05Z,2026-08-17T18:48:05Z,
64.62.156.72,ipv4,malicious-ip,medium,WHITE,ziyadnz/hourly-ipv4,ziyadnz|hourly,2026-08-17T18:48:05Z,2026-08-17T18:48:05Z,
64.62.156.73,ipv4,malicious-ip,medium,WHITE,ziyadnz/hourly-ipv4,ziyadnz|hourly,2026-08-17T18:48:05Z,2026-08-17T18:48:05Z,
64.62.156.74,ipv4,malicious-ip,medium,WHITE,ziyadnz/hourly-ipv4,ziyadnz|hourly,2026-08-17T18:48:05Z,2026-08-17T18:48:05Z,
64.62.156.75,ipv4,malicious-ip,medium,WHITE,ziyadnz/hourly-ipv4,ziyadnz|hourly,2026-08-17T18:48:05Z,2026-08-17T18:48:05Z,
64.62.156.76,ipv4,malicious-ip,medium,WHITE,ziyadnz/hourly-ipv4,ziyadnz|hourly,2026-08-17T18:48:05Z,2026-08-17T18:48:05Z,
64.62.156.77,ipv4,malicious-ip,medium,WHITE,ziyadnz/hourly-ipv4,ziyadnz|hourly,2026-08-17T18:48:05Z,2026-08-17T18:48:05Z,
64.62.156.78,ipv4,malicious-ip,medium,WHITE,ziyadnz/hourly-ipv4,ziyadnz|hourly,2026-08-17T18:48:05Z,2026-08-17T18:48:05Z,
64.62.156.79,ipv4,malicious-ip,medium,WHITE,ziyadnz/hourly-ipv4,ziyadnz|hourly,2026-08-17T18:48:05Z,2026-08-17T18:48:05Z,
64.62.156.80,ipv4,malicious-ip,medium,WHITE,ziyadnz/hourly-ipv4,ziyadnz|hourly,2026-08-17T18:48:05Z,2026-08-17T18:48:05Z,
64.62.156.81,ipv4,malicious-ip,medium,WHITE,ziyadnz/hourly-ipv4,ziyadnz|hourly,2026-08-17T18:48:05Z,2026-08-17T18:48:05Z,
64.62.156.82,ipv4,malicious-ip,medium,WHITE,ziyadnz/hourly-ipv4,ziyadnz|hourly,2026-08-17T18:48:05Z,2026-08-17T18:48:05Z,
64.62.156.83,ipv4,malicious-ip,medium,WHITE,ziyadnz/hourly-ipv4,ziyadnz|hourly,2026-08-17T18:48:05Z,2026-08-17T18:48:05Z,
64.62.156.84,ipv4,malicious-ip,medium,WHITE,ziyadnz/hourly-ipv4,ziyadnz|hourly,2026-08-17T18:48:05Z,2026-08-17T18:48:05Z,
64.62.156.85,ipv4,malicious-ip,medium,WHITE,ziyadnz/hourly-ipv4,ziyadnz|hourly,2026-08-17T18:48:05Z,2026-08-17T18:48:05Z,
64.62.156.86,ipv4,malicious-ip,medium,WHITE,ziyadnz/hourly-ipv4,ziyadnz|hourly,2026-08-17T18:48:05Z,2026-08-17T18:48:05Z,
64.62.156.87,ipv4,malicious-ip,medium,WHITE,ziyadnz/hourly-ipv4,ziyadnz|hourly,2026-08-17T18:48:05Z,2026-08-17T18:48:05Z,
64.62.156.88,ipv4,malicious-ip,medium,WHITE,ziyadnz/hourly-ipv4,ziyadnz|hourly,2026-08-17T18:48:05Z,2026-08-17T18:48:05Z,
64.62.156.89,ipv4,malicious-ip,medium,WHITE,ziyadnz/hourly-ipv4,ziyadnz|hourly,2026-08-17T18:48:05Z,2026-08-17T18:48:05Z,
64.62.156.90,ipv4,malicious-ip,medium,WHITE,ziyadnz/hourly-ipv4,ziyadnz|hourly,2026-08-17T18:48:05Z,2026-08-17T18:48:05Z,
64.62.156.91,ipv4,malicious-ip,medium,WHITE,ziyadnz/hourly-ipv4,ziyadnz|hourly,2026-08-17T18:48:05Z,2026-08-17T18:48:05Z,
64.62.156.92,ipv4,malicious-ip,medium,WHITE,ziyadnz/hourly-ipv4,ziyadnz|hourly,2026-08-17T18:48:05Z,2026-08-17T18:48:05Z,
64.62.156.93,ipv4,malicious-ip,medium,WHITE,ziyadnz/hourly-ipv4,ziyadnz|hourly,2026-08-17T18:48:05Z,2026-08-17T18:48:05Z,
64.62.156.96,ipv4,malicious-ip,medium,WHITE,ziyadnz/hourly-ipv4,ziyadnz|hourly,2026-08-17T18:48:05Z,2026-08-17T18:48:05Z,
64.62.197.0,ipv4,malicious-ip,medium,WHITE,ziyadnz/hourly-ipv4,ziyadnz|hourly,2026-08-17T18:48:05Z,2026-08-17T18:48:05Z,
64.62.197.10,ipv4,malicious-ip,medium,WHITE,ziyadnz/hourly-ipv4,ziyadnz|hourly,2026-08-17T18:48:05Z,2026-08-17T18:48:05Z,
64.62.197.100,ipv4,malicious-ip,medium,WHITE,ziyadnz/hourly-ipv4,ziyadnz|hourly,2026-08-17T18:48:05Z,2026-08-17T18:48:05Z,
64.62.197.101,ipv4,malicious-ip,medium,WHITE,ziyadnz/hourly-ipv4,ziyadnz|hourly,2026-08-17T18:48:05Z,2026-08-17T18:48:05Z,
64.62.197.102,ipv4,malicious-ip,medium,WHITE,ziyadnz/hourly-ipv4,ziyadnz|hourly,2026-08-17T18:48:05Z,2026-08-17T18:48:05Z,
64.62.197.103,ipv4,malicious-ip,medium,WHITE,ziyadnz/hourly-ipv4,ziyadnz|hourly,2026-08-17T18:48:05Z,2026-08-17T18:48:05Z,
64.62.197.104,ipv4,malicious-ip,medium,WHITE,ziyadnz/hourly-ipv4,ziyadnz|hourly,2026-08-17T18:48:05Z,2026-08-17T18:48:05Z,
64.62.197.105,ipv4,malicious-ip,medium,WHITE,ziyadnz/hourly-ipv4,ziyadnz|hourly,2026-08-17T18:48:05Z,2026-08-17T18:48:05Z,
64.62.197.106,ipv4,malicious-ip,medium,WHITE,ziyadnz/hourly-ipv4,ziyadnz|hourly,2026-08-17T18:48:05Z,2026-08-17T18:48:05Z,
64.62.197.107,ipv4,malicious-ip,medium,WHITE,ziyadnz/hourly-ipv4,ziyadnz|hourly,2026-08-17T18:48:05Z,2026-08-17T18:48:05Z,
64.62.197.108,ipv4,malicious-ip,medium,WHITE,ziyadnz/hourly-ipv4,ziyadnz|hourly,2026-08-17T18:48:05Z,2026-08-17T18:48:05Z,
64.62.197.109,ipv4,malicious-ip,medium,WHITE,ziyadnz/hourly-ipv4,ziyadnz|hourly,2026-08-17T18:48:05Z,2026-08-17T18:48:05Z,
64.62.197.11,ipv4,malicious-ip,medium,WHITE,ziyadnz/hourly-ipv4,ziyadnz|hourly,2026-08-17T18:48:05Z,2026-08-17T18:48:05Z,
64.62.197.110,ipv4,malicious-ip,medium,WHITE,ziyadnz/hourly-ipv4,ziyadnz|hourly,2026-08-17T18:48:05Z,2026-08-17T18:48:05Z,
64.62.197.111,ipv4,malicious-ip,medium,WHITE,ziyadnz/hourly-ipv4,ziyadnz|hourly,2026-08-17T18:48:05Z,2026-08-17T18:48:05Z,
64.62.197.112,ipv4,malicious-ip,medium,WHITE,ziyadnz/hourly-ipv4,ziyadnz|hourly,2026-08-17T18:48:05Z,2026-08-17T18:48:05Z,
64.62.197.113,ipv4,malicious-ip,medium,WHITE,ziyadnz/hourly-ipv4,ziyadnz|hourly,2026-08-17T18:48:05Z,2026-08-17T18:48:05Z,
64.62.197.114,ipv4,malicious-ip,medium,WHITE,ziyadnz/hourly-ipv4,ziyadnz|hourly,2026-08-17T18:48:05Z,2026-08-17T18:48:05Z,
64.62.197.115,ipv4,malicious-ip,medium,WHITE,ziyadnz/hourly-ipv4,ziyadnz|hourly,2026-08-17T18:48:05Z,2026-08-17T18:48:05Z,
64.62.197.116,ipv4,malicious-ip,medium,WHITE,ziyadnz/hourly-ipv4,ziyadnz|hourly,2026-08-17T18:48:05Z,2026-08-17T18:48:05Z,
64.62.197.117,ipv4,malicious-ip,medium,WHITE,ziyadnz/hourly-ipv4,ziyadnz|hourly,2026-08-17T18:48:05Z,2026-08-17T18:48:05Z,
64.62.197.118,ipv4,malicious-ip,medium,WHITE,ziyadnz/hourly-ipv4,ziyadnz|hourly,2026-08-17T18:48:05Z,2026-08-17T18:48:05Z,
64.62.197.119,ipv4,malicious-ip,medium,WHITE,ziyadnz/hourly-ipv4,ziyadnz|hourly,2026-08-17T18:48:05Z,2026-08-17T18:48:05Z,
64.62.197.12,ipv4,malicious-ip,medium,WHITE,ziyadnz/hourly-ipv4,ziyadnz|hourly,2026-08-17T18:48:05Z,2026-08-17T18:48:05Z,
64.62.197.120,ipv4,malicious-ip,medium,WHITE,ziyadnz/hourly-ipv4,ziyadnz|hourly,2026-08-17T18:48:05Z,2026-08-17T18:48:05Z,
64.62.197.121,ipv4,malicious-ip,medium,WHITE,ziyadnz/hourly-ipv4,ziyadnz|hourly,2026-08-17T18:48:05Z,2026-08-17T18:48:05Z,
64.62.197.122,ipv4,malicious-ip,medium,WHITE,ziyadnz/hourly-ipv4,ziyadnz|hourly,2026-08-17T18:48:05Z,2026-08-17T18:48:05Z,
64.62.197.123,ipv4,malicious-ip,medium,WHITE,ziyadnz/hourly-ipv4,ziyadnz|hourly,2026-08-17T18:48:05Z,2026-08-17T18:48:05Z,
64.62.197.124,ipv4,malicious-ip,medium,WHITE,ziyadnz/hourly-ipv4,ziyadnz|hourly,2026-08-17T18:48:05Z,2026-08-17T18:48:05Z,
64.62.197.125,ipv4,malicious-ip,medium,WHITE,ziyadnz/hourly-ipv4,ziyadnz|hourly,2026-08-17T18:48:05Z,2026-08-17T18:48:05Z,
64.62.197.126,ipv4,malicious-ip,medium,WHITE,ziyadnz/hourly-ipv4,ziyadnz|hourly,2026-08-17T18:48:05Z,2026-08-17T18:48:05Z,
64.62.197.127,ipv4,malicious-ip,medium,WHITE,ziyadnz/hourly-ipv4,ziyadnz|hourly,2026-08-17T18:48:05Z,2026-08-17T18:48:05Z,
64.62.197.128,ipv4,malicious-ip,medium,WHITE,ziyadnz/hourly-ipv4,ziyadnz|hourly,2026-08-17T18:48:05Z,2026-08-17T18:48:05Z,
64.62.197.129,ipv4,malicious-ip,medium,WHITE,ziyadnz/hourly-ipv4,ziyadnz|hourly,2026-08-17T18:48:05Z,2026-08-17T18:48:05Z,
64.62.197.13,ipv4,malicious-ip,medium,WHITE,ziyadnz/hourly-ipv4,ziyadnz|hourly,2026-08-17T18:48:05Z,2026-08-17T18:48:05Z,
64.62.197.130,ipv4,malicious-ip,medium,WHITE,ziyadnz/hourly-ipv4,ziyadnz|hourly,2026-08-17T18:48:05Z,2026-08-17T18:48:05Z,
64.62.197.131,ipv4,malicious-ip,medium,WHITE,ziyadnz/hourly-ipv4,ziyadnz|hourly,2026-08-17T18:48:05Z,2026-08-17T18:48:05Z,
64.62.197.132,ipv4,malicious-ip,medium,WHITE,ziyadnz/hourly-ipv4,ziyadnz|hourly,2026-08-17T18:48:05Z,2026-08-17T18:48:05Z,
64.62.197.133,ipv4,malicious-ip,medium,WHITE,ziyadnz/hourly-ipv4,ziyadnz|hourly,2026-08-17T18:48:05Z,2026-08-17T18:48:05Z,
64.62.197.134,ipv4,malicious-ip,medium,WHITE,ziyadnz/hourly-ipv4,ziyadnz|hourly,2026-08-17T18:48:05Z,2026-08-17T18:48:05Z,
64.62.197.135,ipv4,malicious-ip,medium,WHITE,ziyadnz/hourly-ipv4,ziyadnz|hourly,2026-08-17T18:48:05Z,2026-08-17T18:48:05Z,
64.62.197.136,ipv4,malicious-ip,medium,WHITE,ziyadnz/hourly-ipv4,ziyadnz|hourly,2026-08-17T18:48:05Z,2026-08-17T18:48:05Z,
64.62.197.138,ipv4,malicious-ip,medium,WHITE,ziyadnz/hourly-ipv4,ziyadnz|hourly,2026-08-17T18:48:05Z,2026-08-17T18:48:05Z,
64.62.197.139,ipv4,malicious-ip,medium,WHITE,ziyadnz/hourly-ipv4,ziyadnz|hourly,2026-08-17T18:48:05Z,2026-08-17T18:48:05Z,
64.62.197.14,ipv4,malicious-ip,medium,WHITE,ziyadnz/hourly-ipv4,ziyadnz|hourly,2026-08-17T18:48:05Z,2026-08-17T18:48:05Z,
64.62.197.140,ipv4,malicious-ip,medium,WHITE,ziyadnz/hourly-ipv4,ziyadnz|hourly,2026-08-17T18:48:05Z,2026-08-17T18:48:05Z,
64.62.197.141,ipv4,malicious-ip,medium,WHITE,ziyadnz/hourly-ipv4,ziyadnz|hourly,2026-08-17T18:48:05Z,2026-08-17T18:48:05Z,
64.62.197.142,ipv4,malicious-ip,medium,WHITE,ziyadnz/hourly-ipv4,ziyadnz|hourly,2026-08-17T18:48:05Z,2026-08-17T18:48:05Z,
64.62.197.143,ipv4,malicious-ip,medium,WHITE,ziyadnz/hourly-ipv4,ziyadnz|hourly,2026-08-17T18:48:05Z,2026-08-17T18:48:05Z,
64.62.197.144,ipv4,malicious-ip,medium,WHITE,ziyadnz/hourly-ipv4,ziyadnz|hourly,2026-08-17T18:48:05Z,2026-08-17T18:48:05Z,
64.62.197.145,ipv4,malicious-ip,medium,WHITE,ziyadnz/hourly-ipv4,ziyadnz|hourly,2026-08-17T18:48:05Z,2026-08-17T18:48:05Z,
64.62.197.146,ipv4,malicious-ip,medium,WHITE,ziyadnz/hourly-ipv4,ziyadnz|hourly,2026-08-17T18:48:05Z,2026-08-17T18:48:05Z,
64.62.197.147,ipv4,malicious-ip,medium,WHITE,ziyadnz/hourly-ipv4,ziyadnz|hourly,2026-08-17T18:48:05Z,2026-08-17T18:48:05Z,
64.62.197.149,ipv4,malicious-ip,medium,WHITE,ziyadnz/hourly-ipv4,ziyadnz|hourly,2026-08-17T18:48:05Z,2026-08-17T18:48:05Z,
64.62.197.15,ipv4,malicious-ip,medium,WHITE,ziyadnz/hourly-ipv4,ziyadnz|hourly,2026-08-17T18:48:05Z,2026-08-17T18:48:05Z,
64.62.197.150,ipv4,malicious-ip,medium,WHITE,ziyadnz/hourly-ipv4,ziyadnz|hourly,2026-08-17T18:48:05Z,2026-08-17T18:48:05Z,
64.62.197.151,ipv4,malicious-ip,medium,WHITE,ziyadnz/hourly-ipv4,ziyadnz|hourly,2026-08-17T18:48:05Z,2026-08-17T18:48:05Z,
64.62.197.153,ipv4,malicious-ip,medium,WHITE,ziyadnz/hourly-ipv4,ziyadnz|hourly,2026-08-17T18:48:05Z,2026-08-17T18:48:05Z,
64.62.197.154,ipv4,malicious-ip,medium,WHITE,ziyadnz/hourly-ipv4,ziyadnz|hourly,2026-08-17T18:48:05Z,2026-08-17T18:48:05Z,
64.62.197.155,ipv4,malicious-ip,medium,WHITE,ziyadnz/hourly-ipv4,ziyadnz|hourly,2026-08-17T18:48:05Z,2026-08-17T18:48:05Z,
64.62.197.156,ipv4,malicious-ip,medium,WHITE,ziyadnz/hourly-ipv4,ziyadnz|hourly,2026-08-17T18:48:05Z,2026-08-17T18:48:05Z,
64.62.197.157,ipv4,malicious-ip,medium,WHITE,ziyadnz/hourly-ipv4,ziyadnz|hourly,2026-08-17T18:48:05Z,2026-08-17T18:48:05Z,
64.62.197.158,ipv4,malicious-ip,medium,WHITE,ziyadnz/hourly-ipv4,ziyadnz|hourly,2026-08-17T18:48:05Z,2026-08-17T18:48:05Z,
64.62.197.159,ipv4,malicious-ip,medium,WHITE,ziyadnz/hourly-ipv4,ziyadnz|hourly,2026-08-17T18:48:05Z,2026-08-17T18:48:05Z,
64.62.197.160,ipv4,malicious-ip,medium,WHITE,ziyadnz/hourly-ipv4,ziyadnz|hourly,2026-08-17T18:48:05Z,2026-08-17T18:48:05Z,
64.62.197.161,ipv4,malicious-ip,medium,WHITE,ziyadnz/hourly-ipv4,ziyadnz|hourly,2026-08-17T18:48:05Z,2026-08-17T18:48:05Z,
64.62.197.162,ipv4,malicious-ip,medium,WHITE,ziyadnz/hourly-ipv4,ziyadnz|hourly,2026-08-17T18:48:05Z,2026-08-17T18:48:05Z,
64.62.197.163,ipv4,malicious-ip,medium,WHITE,ziyadnz/hourly-ipv4,ziyadnz|hourly,2026-08-17T18:48:05Z,2026-08-17T18:48:05Z,
64.62.197.164,ipv4,malicious-ip,medium,WHITE,ziyadnz/hourly-ipv4,ziyadnz|hourly,2026-08-17T18:48:05Z,2026-08-17T18:48:05Z,
64.62.197.165,ipv4,malicious-ip,medium,WHITE,ziyadnz/hourly-ipv4,ziyadnz|hourly,2026-08-17T18:48:05Z,2026-08-17T18:48:05Z,
64.62.197.166,ipv4,malicious-ip,medium,WHITE,ziyadnz/hourly-ipv4,ziyadnz|hourly,2026-08-17T18:48:05Z,2026-08-17T18:48:05Z,
64.62.197.167,ipv4,malicious-ip,medium,WHITE,ziyadnz/hourly-ipv4,ziyadnz|hourly,2026-08-17T18:48:05Z,2026-08-17T18:48:05Z,
64.62.197.168,ipv4,malicious-ip,medium,WHITE,ziyadnz/hourly-ipv4,ziyadnz|hourly,2026-08-17T18:48:05Z,2026-08-17T18:48:05Z,
64.62.197.17,ipv4,malicious-ip,medium,WHITE,ziyadnz/hourly-ipv4,ziyadnz|hourly,2026-08-17T18:48:05Z,2026-08-17T18:48:05Z,
64.62.197.170,ipv4,malicious-ip,medium,WHITE,ziyadnz/hourly-ipv4,ziyadnz|hourly,2026-08-17T18:48:05Z,2026-08-17T18:48:05Z,
64.62.197.171,ipv4,malicious-ip,medium,WHITE,ziyadnz/hourly-ipv4,ziyadnz|hourly,2026-08-17T18:48:05Z,2026-08-17T18:48:05Z,
64.62.197.172,ipv4,malicious-ip,medium,WHITE,ziyadnz/hourly-ipv4,ziyadnz|hourly,2026-08-17T18:48:05Z,2026-08-17T18:48:05Z,
64.62.197.173,ipv4,malicious-ip,medium,WHITE,ziyadnz/hourly-ipv4,ziyadnz|hourly,2026-08-17T18:48:05Z,2026-08-17T18:48:05Z,
64.62.197.174,ipv4,malicious-ip,medium,WHITE,ziyadnz/hourly-ipv4,ziyadnz|hourly,2026-08-17T18:48:05Z,2026-08-17T18:48:05Z,
64.62.197.175,ipv4,malicious-ip,medium,WHITE,ziyadnz/hourly-ipv4,ziyadnz|hourly,2026-08-17T18:48:05Z,2026-08-17T18:48:05Z,
64.62.197.176,ipv4,malicious-ip,medium,WHITE,ziyadnz/hourly-ipv4,ziyadnz|hourly,2026-08-17T18:48:05Z,2026-08-17T18:48:05Z,
64.62.197.177,ipv4,malicious-ip,medium,WHITE,ziyadnz/hourly-ipv4,ziyadnz|hourly,2026-08-17T18:48:05Z,2026-08-17T18:48:05Z,
64.62.197.178,ipv4,malicious-ip,medium,WHITE,ziyadnz/hourly-ipv4,ziyadnz|hourly,2026-08-17T18:48:05Z,2026-08-17T18:48:05Z,
64.62.197.179,ipv4,malicious-ip,medium,WHITE,ziyadnz/hourly-ipv4,ziyadnz|hourly,2026-08-17T18:48:05Z,2026-08-17T18:48:05Z,
64.62.197.18,ipv4,malicious-ip,medium,WHITE,ziyadnz/hourly-ipv4,ziyadnz|hourly,2026-08-17T18:48:05Z,2026-08-17T18:48:05Z,
64.62.197.180,ipv4,malicious-ip,medium,WHITE,ziyadnz/hourly-ipv4,ziyadnz|hourly,2026-08-17T18:48:05Z,2026-08-17T18:48:05Z,
64.62.197.181,ipv4,malicious-ip,medium,WHITE,ziyadnz/hourly-ipv4,ziyadnz|hourly,2026-08-17T18:48:05Z,2026-08-17T18:48:05Z,
64.62.197.182,ipv4,malicious-ip,medium,WHITE,ziyadnz/hourly-ipv4,ziyadnz|hourly,2026-08-17T18:48:05Z,2026-08-17T18:48:05Z,
64.62.197.183,ipv4,malicious-ip,medium,WHITE,ziyadnz/hourly-ipv4,ziyadnz|hourly,2026-08-17T18:48:05Z,2026-08-17T18:48:05Z,
64.62.197.184,ipv4,malicious-ip,medium,WHITE,ziyadnz/hourly-ipv4,ziyadnz|hourly,2026-08-17T18:48:05Z,2026-08-17T18:48:05Z,
64.62.197.185,ipv4,malicious-ip,medium,WHITE,ziyadnz/hourly-ipv4,ziyadnz|hourly,2026-08-17T18:48:05Z,2026-08-17T18:48:05Z,
64.62.197.186,ipv4,malicious-ip,medium,WHITE,ziyadnz/hourly-ipv4,ziyadnz|hourly,2026-08-17T18:48:05Z,2026-08-17T18:48:05Z,
64.62.197.187,ipv4,malicious-ip,medium,WHITE,ziyadnz/hourly-ipv4,ziyadnz|hourly,2026-08-17T18:48:05Z,2026-08-17T18:48:05Z,
64.62.197.188,ipv4,malicious-ip,medium,WHITE,ziyadnz/hourly-ipv4,ziyadnz|hourly,2026-08-17T18:48:05Z,2026-08-17T18:48:05Z,
64.62.197.189,ipv4,malicious-ip,medium,WHITE,ziyadnz/hourly-ipv4,ziyadnz|hourly,2026-08-17T18:48:05Z,2026-08-17T18:48:05Z,
64.62.197.19,ipv4,malicious-ip,medium,WHITE,ziyadnz/hourly-ipv4,ziyadnz|hourly,2026-08-17T18:48:05Z,2026-08-17T18:48:05Z,
64.62.197.190,ipv4,malicious-ip,medium,WHITE,ziyadnz/hourly-ipv4,ziyadnz|hourly,2026-08-17T18:48:05Z,2026-08-17T18:48:05Z,
64.62.197.191,ipv4,malicious-ip,medium,WHITE,ziyadnz/hourly-ipv4,ziyadnz|hourly,2026-08-17T18:48:05Z,2026-08-17T18:48:05Z,
64.62.197.192,ipv4,malicious-ip,medium,WHITE,ziyadnz/hourly-ipv4,ziyadnz|hourly,2026-08-17T18:48:05Z,2026-08-17T18:48:05Z,
64.62.197.193,ipv4,malicious-ip,medium,WHITE,ziyadnz/hourly-ipv4,ziyadnz|hourly,2026-08-17T18:48:05Z,2026-08-17T18:48:05Z,
64.62.197.194,ipv4,malicious-ip,medium,WHITE,ziyadnz/hourly-ipv4,ziyadnz|hourly,2026-08-17T18:48:05Z,2026-08-17T18:48:05Z,
64.62.197.195,ipv4,malicious-ip,medium,WHITE,ziyadnz/hourly-ipv4,ziyadnz|hourly,2026-08-17T18:48:05Z,2026-08-17T18:48:05Z,
64.62.197.196,ipv4,malicious-ip,medium,WHITE,ziyadnz/hourly-ipv4,ziyadnz|hourly,2026-08-17T18:48:05Z,2026-08-17T18:48:05Z,
64.62.197.197,ipv4,malicious-ip,medium,WHITE,ziyadnz/hourly-ipv4,ziyadnz|hourly,2026-08-17T18:48:05Z,2026-08-17T18:48:05Z,
64.62.197.198,ipv4,malicious-ip,medium,WHITE,ziyadnz/hourly-ipv4,ziyadnz|hourly,2026-08-17T18:48:05Z,2026-08-17T18:48:05Z,
64.62.197.199,ipv4,malicious-ip,medium,WHITE,ziyadnz/hourly-ipv4,ziyadnz|hourly,2026-08-17T18:48:05Z,2026-08-17T18:48:05Z,
64.62.197.20,ipv4,malicious-ip,medium,WHITE,ziyadnz/hourly-ipv4,ziyadnz|hourly,2026-08-17T18:48:05Z,2026-08-17T18:48:05Z,
64.62.197.200,ipv4,malicious-ip,medium,WHITE,ziyadnz/hourly-ipv4,ziyadnz|hourly,2026-08-17T18:48:05Z,2026-08-17T18:48:05Z,
64.62.197.201,ipv4,malicious-ip,medium,WHITE,ziyadnz/hourly-ipv4,ziyadnz|hourly,2026-08-17T18:48:05Z,2026-08-17T18:48:05Z,
64.62.197.202,ipv4,malicious-ip,medium,WHITE,ziyadnz/hourly-ipv4,ziyadnz|hourly,2026-08-17T18:48:05Z,2026-08-17T18:48:05Z,
64.62.197.203,ipv4,malicious-ip,medium,WHITE,ziyadnz/hourly-ipv4,ziyadnz|hourly,2026-08-17T18:48:05Z,2026-08-17T18:48:05Z,
64.62.197.204,ipv4,malicious-ip,medium,WHITE,ziyadnz/hourly-ipv4,ziyadnz|hourly,2026-08-17T18:48:05Z,2026-08-17T18:48:05Z,
64.62.197.205,ipv4,malicious-ip,medium,WHITE,ziyadnz/hourly-ipv4,ziyadnz|hourly,2026-08-17T18:48:05Z,2026-08-17T18:48:05Z,
64.62.197.206,ipv4,malicious-ip,medium,WHITE,ziyadnz/hourly-ipv4,ziyadnz|hourly,2026-08-17T18:48:05Z,2026-08-17T18:48:05Z,
64.62.197.207,ipv4,malicious-ip,medium,WHITE,ziyadnz/hourly-ipv4,ziyadnz|hourly,2026-08-17T18:48:05Z,2026-08-17T18:48:05Z,
64.62.197.208,ipv4,malicious-ip,medium,WHITE,ziyadnz/hourly-ipv4,ziyadnz|hourly,2026-08-17T18:48:05Z,2026-08-17T18:48:05Z,
64.62.197.209,ipv4,malicious-ip,medium,WHITE,ziyadnz/hourly-ipv4,ziyadnz|hourly,2026-08-17T18:48:05Z,2026-08-17T18:48:05Z,
64.62.197.21,ipv4,malicious-ip,medium,WHITE,ziyadnz/hourly-ipv4,ziyadnz|hourly,2026-08-17T18:48:05Z,2026-08-17T18:48:05Z,
64.62.197.210,ipv4,malicious-ip,medium,WHITE,ziyadnz/hourly-ipv4,ziyadnz|hourly,2026-08-17T18:48:05Z,2026-08-17T18:48:05Z,
64.62.197.211,ipv4,malicious-ip,medium,WHITE,ziyadnz/hourly-ipv4,ziyadnz|hourly,2026-08-17T18:48:05Z,2026-08-17T18:48:05Z,
64.62.197.212,ipv4,malicious-ip,medium,WHITE,ziyadnz/hourly-ipv4,ziyadnz|hourly,2026-08-17T18:48:05Z,2026-08-17T18:48:05Z,
64.62.197.213,ipv4,malicious-ip,medium,WHITE,ziyadnz/hourly-ipv4,ziyadnz|hourly,2026-08-17T18:48:05Z,2026-08-17T18:48:05Z,
64.62.197.214,ipv4,malicious-ip,medium,WHITE,ziyadnz/hourly-ipv4,ziyadnz|hourly,2026-08-17T18:48:05Z,2026-08-17T18:48:05Z,
64.62.197.215,ipv4,malicious-ip,medium,WHITE,ziyadnz/hourly-ipv4,ziyadnz|hourly,2026-08-17T18:48:05Z,2026-08-17T18:48:05Z,
64.62.197.216,ipv4,malicious-ip,medium,WHITE,ziyadnz/hourly-ipv4,ziyadnz|hourly,2026-08-17T18:48:05Z,2026-08-17T18:48:05Z,
64.62.197.217,ipv4,malicious-ip,medium,WHITE,ziyadnz/hourly-ipv4,ziyadnz|hourly,2026-08-17T18:48:05Z,2026-08-17T18:48:05Z,
64.62.197.219,ipv4,malicious-ip,medium,WHITE,ziyadnz/hourly-ipv4,ziyadnz|hourly,2026-08-17T18:48:05Z,2026-08-17T18:48:05Z,
64.62.197.22,ipv4,malicious-ip,medium,WHITE,ziyadnz/hourly-ipv4,ziyadnz|hourly,2026-08-17T18:48:05Z,2026-08-17T18:48:05Z,
64.62.197.220,ipv4,malicious-ip,medium,WHITE,ziyadnz/hourly-ipv4,ziyadnz|hourly,2026-08-17T18:48:05Z,2026-08-17T18:48:05Z,
64.62.197.221,ipv4,malicious-ip,medium,WHITE,ziyadnz/hourly-ipv4,ziyadnz|hourly,2026-08-17T18:48:05Z,2026-08-17T18:48:05Z,
64.62.197.222,ipv4,malicious-ip,medium,WHITE,ziyadnz/hourly-ipv4,ziyadnz|hourly,2026-08-17T18:48:05Z,2026-08-17T18:48:05Z,
64.62.197.223,ipv4,malicious-ip,medium,WHITE,ziyadnz/hourly-ipv4,ziyadnz|hourly,2026-08-17T18:48:05Z,2026-08-17T18:48:05Z,
64.62.197.224,ipv4,malicious-ip,medium,WHITE,ziyadnz/hourly-ipv4,ziyadnz|hourly,2026-08-17T18:48:05Z,2026-08-17T18:48:05Z,
64.62.197.225,ipv4,malicious-ip,medium,WHITE,ziyadnz/hourly-ipv4,ziyadnz|hourly,2026-08-17T18:48:05Z,2026-08-17T18:48:05Z,
64.62.197.226,ipv4,malicious-ip,medium,WHITE,ziyadnz/hourly-ipv4,ziyadnz|hourly,2026-08-17T18:48:05Z,2026-08-17T18:48:05Z,
64.62.197.227,ipv4,malicious-ip,medium,WHITE,ziyadnz/hourly-ipv4,ziyadnz|hourly,2026-08-17T18:48:05Z,2026-08-17T18:48:05Z,
64.62.197.228,ipv4,malicious-ip,medium,WHITE,ziyadnz/hourly-ipv4,ziyadnz|hourly,2026-08-17T18:48:05Z,2026-08-17T18:48:05Z,
64.62.197.229,ipv4,malicious-ip,medium,WHITE,ziyadnz/hourly-ipv4,ziyadnz|hourly,2026-08-17T18:48:05Z,2026-08-17T18:48:05Z,
64.62.197.23,ipv4,malicious-ip,medium,WHITE,ziyadnz/hourly-ipv4,ziyadnz|hourly,2026-08-17T18:48:05Z,2026-08-17T18:48:05Z,
64.62.197.230,ipv4,malicious-ip,medium,WHITE,ziyadnz/hourly-ipv4,ziyadnz|hourly,2026-08-17T18:48:05Z,2026-08-17T18:48:05Z,
64.62.197.231,ipv4,malicious-ip,medium,WHITE,ziyadnz/hourly-ipv4,ziyadnz|hourly,2026-08-17T18:48:05Z,2026-08-17T18:48:05Z,
64.62.197.232,ipv4,malicious-ip,medium,WHITE,ziyadnz/hourly-ipv4,ziyadnz|hourly,2026-08-17T18:48:05Z,2026-08-17T18:48:05Z,
64.62.197.233,ipv4,malicious-ip,medium,WHITE,ziyadnz/hourly-ipv4,ziyadnz|hourly,2026-08-17T18:48:05Z,2026-08-17T18:48:05Z,
64.62.197.235,ipv4,malicious-ip,medium,WHITE,ziyadnz/hourly-ipv4,ziyadnz|hourly,2026-08-17T18:48:05Z,2026-08-17T18:48:05Z,
64.62.197.236,ipv4,malicious-ip,medium,WHITE,ziyadnz/hourly-ipv4,ziyadnz|hourly,2026-08-17T18:48:05Z,2026-08-17T18:48:05Z,
64.62.197.238,ipv4,malicious-ip,medium,WHITE,ziyadnz/hourly-ipv4,ziyadnz|hourly,2026-08-17T18:48:05Z,2026-08-17T18:48:05Z,
64.62.197.239,ipv4,malicious-ip,medium,WHITE,ziyadnz/hourly-ipv4,ziyadnz|hourly,2026-08-17T18:48:05Z,2026-08-17T18:48:05Z,
64.62.197.24,ipv4,malicious-ip,medium,WHITE,ziyadnz/hourly-ipv4,ziyadnz|hourly,2026-08-17T18:48:05Z,2026-08-17T18:48:05Z,
64.62.197.240,ipv4,malicious-ip,medium,WHITE,ziyadnz/hourly-ipv4,ziyadnz|hourly,2026-08-17T18:48:05Z,2026-08-17T18:48:05Z,
64.62.197.241,ipv4,malicious-ip,medium,WHITE,ziyadnz/hourly-ipv4,ziyadnz|hourly,2026-08-17T18:48:05Z,2026-08-17T18:48:05Z,
64.62.197.25,ipv4,malicious-ip,medium,WHITE,ziyadnz/hourly-ipv4,ziyadnz|hourly,2026-08-17T18:48:05Z,2026-08-17T18:48:05Z,
64.62.197.26,ipv4,malicious-ip,medium,WHITE,ziyadnz/hourly-ipv4,ziyadnz|hourly,2026-08-17T18:48:05Z,2026-08-17T18:48:05Z,
64.62.197.27,ipv4,malicious-ip,medium,WHITE,ziyadnz/hourly-ipv4,ziyadnz|hourly,2026-08-17T18:48:05Z,2026-08-17T18:48:05Z,
64.62.197.28,ipv4,malicious-ip,medium,WHITE,ziyadnz/hourly-ipv4,ziyadnz|hourly,2026-08-17T18:48:05Z,2026-08-17T18:48:05Z,
64.62.197.29,ipv4,malicious-ip,medium,WHITE,ziyadnz/hourly-ipv4,ziyadnz|hourly,2026-08-17T18:48:05Z,2026-08-17T18:48:05Z,
64.62.197.3,ipv4,malicious-ip,medium,WHITE,ziyadnz/hourly-ipv4,ziyadnz|hourly,2026-08-17T18:48:05Z,2026-08-17T18:48:05Z,
64.62.197.30,ipv4,malicious-ip,medium,WHITE,ziyadnz/hourly-ipv4,ziyadnz|hourly,2026-08-17T18:48:05Z,2026-08-17T18:48:05Z,
64.62.197.31,ipv4,malicious-ip,medium,WHITE,ziyadnz/hourly-ipv4,ziyadnz|hourly,2026-08-17T18:48:05Z,2026-08-17T18:48:05Z,
64.62.197.33,ipv4,malicious-ip,medium,WHITE,ziyadnz/hourly-ipv4,ziyadnz|hourly,2026-08-17T18:48:05Z,2026-08-17T18:48:05Z,
64.62.197.34,ipv4,malicious-ip,medium,WHITE,ziyadnz/hourly-ipv4,ziyadnz|hourly,2026-08-17T18:48:05Z,2026-08-17T18:48:05Z,
64.62.197.35,ipv4,malicious-ip,medium,WHITE,ziyadnz/hourly-ipv4,ziyadnz|hourly,2026-08-17T18:48:05Z,2026-08-17T18:48:05Z,
64.62.197.36,ipv4,malicious-ip,medium,WHITE,ziyadnz/hourly-ipv4,ziyadnz|hourly,2026-08-17T18:48:05Z,2026-08-17T18:48:05Z,
64.62.197.37,ipv4,malicious-ip,medium,WHITE,ziyadnz/hourly-ipv4,ziyadnz|hourly,2026-08-17T18:48:05Z,2026-08-17T18:48:05Z,
64.62.197.38,ipv4,malicious-ip,medium,WHITE,ziyadnz/hourly-ipv4,ziyadnz|hourly,2026-08-17T18:48:05Z,2026-08-17T18:48:05Z,
64.62.197.39,ipv4,malicious-ip,medium,WHITE,ziyadnz/hourly-ipv4,ziyadnz|hourly,2026-08-17T18:48:05Z,2026-08-17T18:48:05Z,
64.62.197.4,ipv4,malicious-ip,medium,WHITE,ziyadnz/hourly-ipv4,ziyadnz|hourly,2026-08-17T18:48:05Z,2026-08-17T18:48:05Z,
64.62.197.40,ipv4,malicious-ip,medium,WHITE,ziyadnz/hourly-ipv4,ziyadnz|hourly,2026-08-17T18:48:05Z,2026-08-17T18:48:05Z,
64.62.197.42,ipv4,malicious-ip,medium,WHITE,ziyadnz/hourly-ipv4,ziyadnz|hourly,2026-08-17T18:48:05Z,2026-08-17T18:48:05Z,
64.62.197.43,ipv4,malicious-ip,medium,WHITE,ziyadnz/hourly-ipv4,ziyadnz|hourly,2026-08-17T18:48:05Z,2026-08-17T18:48:05Z,
64.62.197.44,ipv4,malicious-ip,medium,WHITE,ziyadnz/hourly-ipv4,ziyadnz|hourly,2026-08-17T18:48:05Z,2026-08-17T18:48:05Z,
64.62.197.45,ipv4,malicious-ip,medium,WHITE,ziyadnz/hourly-ipv4,ziyadnz|hourly,2026-08-17T18:48:05Z,2026-08-17T18:48:05Z,
64.62.197.46,ipv4,malicious-ip,medium,WHITE,ziyadnz/hourly-ipv4,ziyadnz|hourly,2026-08-17T18:48:05Z,2026-08-17T18:48:05Z,
64.62.197.47,ipv4,malicious-ip,medium,WHITE,ziyadnz/hourly-ipv4,ziyadnz|hourly,2026-08-17T18:48:05Z,2026-08-17T18:48:05Z,
64.62.197.48,ipv4,malicious-ip,medium,WHITE,ziyadnz/hourly-ipv4,ziyadnz|hourly,2026-08-17T18:48:05Z,2026-08-17T18:48:05Z,
64.62.197.49,ipv4,malicious-ip,medium,WHITE,ziyadnz/hourly-ipv4,ziyadnz|hourly,2026-08-17T18:48:05Z,2026-08-17T18:48:05Z,
64.62.197.5,ipv4,malicious-ip,medium,WHITE,ziyadnz/hourly-ipv4,ziyadnz|hourly,2026-08-17T18:48:05Z,2026-08-17T18:48:05Z,
64.62.197.50,ipv4,malicious-ip,medium,WHITE,ziyadnz/hourly-ipv4,ziyadnz|hourly,2026-08-17T18:48:05Z,2026-08-17T18:48:05Z,
64.62.197.52,ipv4,malicious-ip,medium,WHITE,ziyadnz/hourly-ipv4,ziyadnz|hourly,2026-08-17T18:48:05Z,2026-08-17T18:48:05Z,
64.62.197.53,ipv4,malicious-ip,medium,WHITE,ziyadnz/hourly-ipv4,ziyadnz|hourly,2026-08-17T18:48:05Z,2026-08-17T18:48:05Z,
64.62.197.54,ipv4,malicious-ip,medium,WHITE,ziyadnz/hourly-ipv4,ziyadnz|hourly,2026-08-17T18:48:05Z,2026-08-17T18:48:05Z,
64.62.197.55,ipv4,malicious-ip,medium,WHITE,ziyadnz/hourly-ipv4,ziyadnz|hourly,2026-08-17T18:48:05Z,2026-08-17T18:48:05Z,
64.62.197.56,ipv4,malicious-ip,medium,WHITE,ziyadnz/hourly-ipv4,ziyadnz|hourly,2026-08-17T18:48:05Z,2026-08-17T18:48:05Z,
64.62.197.57,ipv4,malicious-ip,medium,WHITE,ziyadnz/hourly-ipv4,ziyadnz|hourly,2026-08-17T18:48:05Z,2026-08-17T18:48:05Z,
64.62.197.58,ipv4,malicious-ip,medium,WHITE,ziyadnz/hourly-ipv4,ziyadnz|hourly,2026-08-17T18:48:05Z,2026-08-17T18:48:05Z,
64.62.197.59,ipv4,malicious-ip,medium,WHITE,ziyadnz/hourly-ipv4,ziyadnz|hourly,2026-08-17T18:48:05Z,2026-08-17T18:48:05Z,
64.62.197.6,ipv4,malicious-ip,medium,WHITE,ziyadnz/hourly-ipv4,ziyadnz|hourly,2026-08-17T18:48:05Z,2026-08-17T18:48:05Z,
64.62.197.60,ipv4,malicious-ip,medium,WHITE,ziyadnz/hourly-ipv4,ziyadnz|hourly,2026-08-17T18:48:05Z,2026-08-17T18:48:05Z,
64.62.197.61,ipv4,malicious-ip,medium,WHITE,ziyadnz/hourly-ipv4,ziyadnz|hourly,2026-08-17T18:48:05Z,2026-08-17T18:48:05Z,
64.62.197.62,ipv4,malicious-ip,medium,WHITE,ziyadnz/hourly-ipv4,ziyadnz|hourly,2026-08-17T18:48:05Z,2026-08-17T18:48:05Z,
64.62.197.63,ipv4,malicious-ip,medium,WHITE,ziyadnz/hourly-ipv4,ziyadnz|hourly,2026-08-17T18:48:05Z,2026-08-17T18:48:05Z,
64.62.197.64,ipv4,malicious-ip,medium,WHITE,ziyadnz/hourly-ipv4,ziyadnz|hourly,2026-08-17T18:48:05Z,2026-08-17T18:48:05Z,
64.62.197.65,ipv4,malicious-ip,medium,WHITE,ziyadnz/hourly-ipv4,ziyadnz|hourly,2026-08-17T18:48:05Z,2026-08-17T18:48:05Z,
64.62.197.66,ipv4,malicious-ip,medium,WHITE,ziyadnz/hourly-ipv4,ziyadnz|hourly,2026-08-17T18:48:05Z,2026-08-17T18:48:05Z,
64.62.197.67,ipv4,malicious-ip,medium,WHITE,ziyadnz/hourly-ipv4,ziyadnz|hourly,2026-08-17T18:48:05Z,2026-08-17T18:48:05Z,
64.62.197.68,ipv4,malicious-ip,medium,WHITE,ziyadnz/hourly-ipv4,ziyadnz|hourly,2026-08-17T18:48:05Z,2026-08-17T18:48:05Z,
64.62.197.69,ipv4,malicious-ip,medium,WHITE,ziyadnz/hourly-ipv4,ziyadnz|hourly,2026-08-17T18:48:05Z,2026-08-17T18:48:05Z,
64.62.197.7,ipv4,malicious-ip,medium,WHITE,ziyadnz/hourly-ipv4,ziyadnz|hourly,2026-08-17T18:48:05Z,2026-08-17T18:48:05Z,
64.62.197.70,ipv4,malicious-ip,medium,WHITE,ziyadnz/hourly-ipv4,ziyadnz|hourly,2026-08-17T18:48:05Z,2026-08-17T18:48:05Z,
64.62.197.71,ipv4,malicious-ip,medium,WHITE,ziyadnz/hourly-ipv4,ziyadnz|hourly,2026-08-17T18:48:05Z,2026-08-17T18:48:05Z,
64.62.197.72,ipv4,malicious-ip,medium,WHITE,ziyadnz/hourly-ipv4,ziyadnz|hourly,2026-08-17T18:48:05Z,2026-08-17T18:48:05Z,
64.62.197.73,ipv4,malicious-ip,medium,WHITE,ziyadnz/hourly-ipv4,ziyadnz|hourly,2026-08-17T18:48:05Z,2026-08-17T18:48:05Z,
64.62.197.74,ipv4,malicious-ip,medium,WHITE,ziyadnz/hourly-ipv4,ziyadnz|hourly,2026-08-17T18:48:05Z,2026-08-17T18:48:05Z,
64.62.197.75,ipv4,malicious-ip,medium,WHITE,ziyadnz/hourly-ipv4,ziyadnz|hourly,2026-08-17T18:48:05Z,2026-08-17T18:48:05Z,
64.62.197.76,ipv4,malicious-ip,medium,WHITE,ziyadnz/hourly-ipv4,ziyadnz|hourly,2026-08-17T18:48:05Z,2026-08-17T18:48:05Z,
64.62.197.78,ipv4,malicious-ip,medium,WHITE,ziyadnz/hourly-ipv4,ziyadnz|hourly,2026-08-17T18:48:05Z,2026-08-17T18:48:05Z,
64.62.197.79,ipv4,malicious-ip,medium,WHITE,ziyadnz/hourly-ipv4,ziyadnz|hourly,2026-08-17T18:48:05Z,2026-08-17T18:48:05Z,
64.62.197.8,ipv4,malicious-ip,medium,WHITE,ziyadnz/hourly-ipv4,ziyadnz|hourly,2026-08-17T18:48:05Z,2026-08-17T18:48:05Z,
64.62.197.80,ipv4,malicious-ip,medium,WHITE,ziyadnz/hourly-ipv4,ziyadnz|hourly,2026-08-17T18:48:05Z,2026-08-17T18:48:05Z,
64.62.197.81,ipv4,malicious-ip,medium,WHITE,ziyadnz/hourly-ipv4,ziyadnz|hourly,2026-08-17T18:48:05Z,2026-08-17T18:48:05Z,
64.62.197.82,ipv4,malicious-ip,medium,WHITE,ziyadnz/hourly-ipv4,ziyadnz|hourly,2026-08-17T18:48:05Z,2026-08-17T18:48:05Z,
64.62.197.83,ipv4,malicious-ip,medium,WHITE,ziyadnz/hourly-ipv4,ziyadnz|hourly,2026-08-17T18:48:05Z,2026-08-17T18:48:05Z,
64.62.197.84,ipv4,malicious-ip,medium,WHITE,ziyadnz/hourly-ipv4,ziyadnz|hourly,2026-08-17T18:48:05Z,2026-08-17T18:48:05Z,
64.62.197.85,ipv4,malicious-ip,medium,WHITE,ziyadnz/hourly-ipv4,ziyadnz|hourly,2026-08-17T18:48:05Z,2026-08-17T18:48:05Z,
64.62.197.86,ipv4,malicious-ip,medium,WHITE,ziyadnz/hourly-ipv4,ziyadnz|hourly,2026-08-17T18:48:05Z,2026-08-17T18:48:05Z,
64.62.197.87,ipv4,malicious-ip,medium,WHITE,ziyadnz/hourly-ipv4,ziyadnz|hourly,2026-08-17T18:48:05Z,2026-08-17T18:48:05Z,
64.62.197.88,ipv4,malicious-ip,medium,WHITE,ziyadnz/hourly-ipv4,ziyadnz|hourly,2026-08-17T18:48:05Z,2026-08-17T18:48:05Z,
64.62.197.89,ipv4,malicious-ip,medium,WHITE,ziyadnz/hourly-ipv4,ziyadnz|hourly,2026-08-17T18:48:05Z,2026-08-17T18:48:05Z,
64.62.197.9,ipv4,malicious-ip,medium,WHITE,ziyadnz/hourly-ipv4,ziyadnz|hourly,2026-08-17T18:48:05Z,2026-08-17T18:48:05Z,
64.62.197.90,ipv4,malicious-ip,medium,WHITE,ziyadnz/hourly-ipv4,ziyadnz|hourly,2026-08-17T18:48:05Z,2026-08-17T18:48:05Z,
64.62.197.91,ipv4,malicious-ip,medium,WHITE,ziyadnz/hourly-ipv4,ziyadnz|hourly,2026-08-17T18:48:05Z,2026-08-17T18:48:05Z,
64.62.197.93,ipv4,malicious-ip,medium,WHITE,ziyadnz/hourly-ipv4,ziyadnz|hourly,2026-08-17T18:48:05Z,2026-08-17T18:48:05Z,
64.62.197.94,ipv4,malicious-ip,medium,WHITE,ziyadnz/hourly-ipv4,ziyadnz|hourly,2026-08-17T18:48:05Z,2026-08-17T18:48:05Z,
64.62.197.95,ipv4,malicious-ip,medium,WHITE,ziyadnz/hourly-ipv4,ziyadnz|hourly,2026-08-17T18:48:05Z,2026-08-17T18:48:05Z,
64.62.197.96,ipv4,malicious-ip,medium,WHITE,ziyadnz/hourly-ipv4,ziyadnz|hourly,2026-08-17T18:48:05Z,2026-08-17T18:48:05Z,
64.62.197.97,ipv4,malicious-ip,medium,WHITE,ziyadnz/hourly-ipv4,ziyadnz|hourly,2026-08-17T18:48:05Z,2026-08-17T18:48:05Z,
64.62.197.98,ipv4,malicious-ip,medium,WHITE,ziyadnz/hourly-ipv4,ziyadnz|hourly,2026-08-17T18:48:05Z,2026-08-17T18:48:05Z,
64.62.197.99,ipv4,malicious-ip,medium,WHITE,ziyadnz/hourly-ipv4,ziyadnz|hourly,2026-08-17T18:48:05Z,2026-08-17T18:48:05Z,
64.64.98.10,ipv4,malicious-ip,medium,WHITE,ziyadnz/hourly-ipv4,ziyadnz|hourly,2026-08-17T18:48:05Z,2026-08-17T18:48:05Z,
64.7.199.177,ipv4,malicious-ip,medium,WHITE,ziyadnz/hourly-ipv4,ziyadnz|hourly,2026-08-17T18:48:05Z,2026-08-17T18:48:05Z,
64.70.137.146,ipv4,malicious-ip,medium,WHITE,ziyadnz/hourly-ipv4,ziyadnz|hourly,2026-08-17T18:48:05Z,2026-08-17T18:48:05Z,
64.71.166.50,ipv4,malicious-ip,medium,WHITE,ziyadnz/hourly-ipv4,ziyadnz|hourly,2026-08-17T18:48:05Z,2026-08-17T18:48:05Z,
64.72.205.32,ipv4,malicious-ip,medium,WHITE,ziyadnz/hourly-ipv4,ziyadnz|hourly,2026-08-17T18:48:05Z,2026-08-17T18:48:05Z,
64.77.244.139,ipv4,malicious-ip,medium,WHITE,ziyadnz/hourly-ipv4,ziyadnz|hourly,2026-08-17T18:48:05Z,2026-08-17T18:48:05Z,
64.81.30.211,ipv4,malicious-ip,medium,WHITE,ziyadnz/hourly-ipv4,ziyadnz|hourly,2026-08-17T18:48:05Z,2026-08-17T18:48:05Z,
64.89.15.173,ipv4,malicious-ip,medium,WHITE,ziyadnz/hourly-ipv4,ziyadnz|hourly,2026-08-17T18:48:05Z,2026-08-17T18:48:05Z,
64.89.160.0,ipv4,malicious-ip,medium,WHITE,ziyadnz/hourly-ipv4,ziyadnz|hourly,2026-08-17T18:48:05Z,2026-08-17T18:48:05Z,
64.89.160.111,ipv4,malicious-ip,medium,WHITE,ziyadnz/hourly-ipv4,ziyadnz|hourly,2026-08-17T18:48:05Z,2026-08-17T18:48:05Z,
64.89.160.197,ipv4,malicious-ip,medium,WHITE,ziyadnz/hourly-ipv4,ziyadnz|hourly,2026-08-17T18:48:05Z,2026-08-17T18:48:05Z,
64.89.160.201,ipv4,malicious-ip,medium,WHITE,ziyadnz/hourly-ipv4,ziyadnz|hourly,2026-08-17T18:48:05Z,2026-08-17T18:48:05Z,
64.89.160.225,ipv4,malicious-ip,medium,WHITE,ziyadnz/hourly-ipv4,ziyadnz|hourly,2026-08-17T18:48:05Z,2026-08-17T18:48:05Z,
64.89.160.249,ipv4,malicious-ip,medium,WHITE,ziyadnz/hourly-ipv4,ziyadnz|hourly,2026-08-17T18:48:05Z,2026-08-17T18:48:05Z,
64.89.160.39,ipv4,malicious-ip,medium,WHITE,ziyadnz/hourly-ipv4,ziyadnz|hourly,2026-08-17T18:48:05Z,2026-08-17T18:48:05Z,
64.89.160.76,ipv4,malicious-ip,medium,WHITE,ziyadnz/hourly-ipv4,ziyadnz|hourly,2026-08-17T18:48:05Z,2026-08-17T18:48:05Z,
64.89.161.0,ipv4,malicious-ip,medium,WHITE,ziyadnz/hourly-ipv4,ziyadnz|hourly,2026-08-17T18:48:05Z,2026-08-17T18:48:05Z,
64.89.161.12,ipv4,malicious-ip,medium,WHITE,ziyadnz/hourly-ipv4,ziyadnz|hourly,2026-08-17T18:48:05Z,2026-08-17T18:48:05Z,
64.89.161.130,ipv4,malicious-ip,medium,WHITE,ziyadnz/hourly-ipv4,ziyadnz|hourly,2026-08-17T18:48:05Z,2026-08-17T18:48:05Z,
64.89.161.135,ipv4,malicious-ip,medium,WHITE,ziyadnz/hourly-ipv4,ziyadnz|hourly,2026-08-17T18:48:05Z,2026-08-17T18:48:05Z,
64.89.161.184,ipv4,malicious-ip,medium,WHITE,ziyadnz/hourly-ipv4,ziyadnz|hourly,2026-08-17T18:48:05Z,2026-08-17T18:48:05Z,
64.89.161.219,ipv4,malicious-ip,medium,WHITE,ziyadnz/hourly-ipv4,ziyadnz|hourly,2026-08-17T18:48:05Z,2026-08-17T18:48:05Z,
64.89.161.51,ipv4,malicious-ip,medium,WHITE,ziyadnz/hourly-ipv4,ziyadnz|hourly,2026-08-17T18:48:05Z,2026-08-17T18:48:05Z,
64.89.161.81,ipv4,malicious-ip,medium,WHITE,ziyadnz/hourly-ipv4,ziyadnz|hourly,2026-08-17T18:48:05Z,2026-08-17T18:48:05Z,
64.89.161.85,ipv4,malicious-ip,medium,WHITE,ziyadnz/hourly-ipv4,ziyadnz|hourly,2026-08-17T18:48:05Z,2026-08-17T18:48:05Z,
64.89.162.145,ipv4,malicious-ip,medium,WHITE,ziyadnz/hourly-ipv4,ziyadnz|hourly,2026-08-17T18:48:05Z,2026-08-17T18:48:05Z,
64.89.162.21,ipv4,malicious-ip,medium,WHITE,ziyadnz/hourly-ipv4,ziyadnz|hourly,2026-08-17T18:48:05Z,2026-08-17T18:48:05Z,
64.89.163.0,ipv4,malicious-ip,medium,WHITE,ziyadnz/hourly-ipv4,ziyadnz|hourly,2026-08-17T18:48:05Z,2026-08-17T18:48:05Z,
64.89.163.109,ipv4,malicious-ip,medium,WHITE,ziyadnz/hourly-ipv4,ziyadnz|hourly,2026-08-17T18:48:05Z,2026-08-17T18:48:05Z,
64.89.163.110,ipv4,malicious-ip,medium,WHITE,ziyadnz/hourly-ipv4,ziyadnz|hourly,2026-08-17T18:48:05Z,2026-08-17T18:48:05Z,
64.89.163.130,ipv4,malicious-ip,medium,WHITE,ziyadnz/hourly-ipv4,ziyadnz|hourly,2026-08-17T18:48:05Z,2026-08-17T18:48:05Z,
64.89.163.132,ipv4,malicious-ip,medium,WHITE,ziyadnz/hourly-ipv4,ziyadnz|hourly,2026-08-17T18:48:05Z,2026-08-17T18:48:05Z,
64.89.163.133,ipv4,malicious-ip,medium,WHITE,ziyadnz/hourly-ipv4,ziyadnz|hourly,2026-08-17T18:48:05Z,2026-08-17T18:48:05Z,
64.89.163.134,ipv4,malicious-ip,medium,WHITE,ziyadnz/hourly-ipv4,ziyadnz|hourly,2026-08-17T18:48:05Z,2026-08-17T18:48:05Z,
64.89.163.137,ipv4,malicious-ip,medium,WHITE,ziyadnz/hourly-ipv4,ziyadnz|hourly,2026-08-17T18:48:05Z,2026-08-17T18:48:05Z,
64.89.163.138,ipv4,malicious-ip,medium,WHITE,ziyadnz/hourly-ipv4,ziyadnz|hourly,2026-08-17T18:48:05Z,2026-08-17T18:48:05Z,
64.89.163.139,ipv4,malicious-ip,medium,WHITE,ziyadnz/hourly-ipv4,ziyadnz|hourly,2026-08-17T18:48:05Z,2026-08-17T18:48:05Z,
64.89.163.140,ipv4,malicious-ip,medium,WHITE,ziyadnz/hourly-ipv4,ziyadnz|hourly,2026-08-17T18:48:05Z,2026-08-17T18:48:05Z,
64.89.163.141,ipv4,malicious-ip,medium,WHITE,ziyadnz/hourly-ipv4,ziyadnz|hourly,2026-08-17T18:48:05Z,2026-08-17T18:48:05Z,
64.89.163.142,ipv4,malicious-ip,medium,WHITE,ziyadnz/hourly-ipv4,ziyadnz|hourly,2026-08-17T18:48:05Z,2026-08-17T18:48:05Z,
64.89.163.143,ipv4,malicious-ip,medium,WHITE,ziyadnz/hourly-ipv4,ziyadnz|hourly,2026-08-17T18:48:05Z,2026-08-17T18:48:05Z,
64.89.163.144,ipv4,malicious-ip,medium,WHITE,ziyadnz/hourly-ipv4,ziyadnz|hourly,2026-08-17T18:48:05Z,2026-08-17T18:48:05Z,
64.89.163.145,ipv4,malicious-ip,medium,WHITE,ziyadnz/hourly-ipv4,ziyadnz|hourly,2026-08-17T18:48:05Z,2026-08-17T18:48:05Z,
64.89.163.146,ipv4,malicious-ip,medium,WHITE,ziyadnz/hourly-ipv4,ziyadnz|hourly,2026-08-17T18:48:05Z,2026-08-17T18:48:05Z,
64.89.163.148,ipv4,malicious-ip,medium,WHITE,ziyadnz/hourly-ipv4,ziyadnz|hourly,2026-08-17T18:48:05Z,2026-08-17T18:48:05Z,
64.89.163.149,ipv4,malicious-ip,medium,WHITE,ziyadnz/hourly-ipv4,ziyadnz|hourly,2026-08-17T18:48:05Z,2026-08-17T18:48:05Z,
64.89.163.152,ipv4,malicious-ip,medium,WHITE,ziyadnz/hourly-ipv4,ziyadnz|hourly,2026-08-17T18:48:05Z,2026-08-17T18:48:05Z,
64.89.163.153,ipv4,malicious-ip,medium,WHITE,ziyadnz/hourly-ipv4,ziyadnz|hourly,2026-08-17T18:48:05Z,2026-08-17T18:48:05Z,
64.89.163.156,ipv4,malicious-ip,medium,WHITE,ziyadnz/hourly-ipv4,ziyadnz|hourly,2026-08-17T18:48:05Z,2026-08-17T18:48:05Z,
64.89.163.158,ipv4,malicious-ip,medium,WHITE,ziyadnz/hourly-ipv4,ziyadnz|hourly,2026-08-17T18:48:05Z,2026-08-17T18:48:05Z,
64.89.163.159,ipv4,malicious-ip,medium,WHITE,ziyadnz/hourly-ipv4,ziyadnz|hourly,2026-08-17T18:48:05Z,2026-08-17T18:48:05Z,
64.89.163.163,ipv4,malicious-ip,medium,WHITE,ziyadnz/hourly-ipv4,ziyadnz|hourly,2026-08-17T18:48:05Z,2026-08-17T18:48:05Z,
64.89.163.164,ipv4,malicious-ip,medium,WHITE,ziyadnz/hourly-ipv4,ziyadnz|hourly,2026-08-17T18:48:05Z,2026-08-17T18:48:05Z,
64.89.163.165,ipv4,malicious-ip,medium,WHITE,ziyadnz/hourly-ipv4,ziyadnz|hourly,2026-08-17T18:48:05Z,2026-08-17T18:48:05Z,
64.89.163.166,ipv4,malicious-ip,medium,WHITE,ziyadnz/hourly-ipv4,ziyadnz|hourly,2026-08-17T18:48:05Z,2026-08-17T18:48:05Z,
64.89.163.167,ipv4,malicious-ip,medium,WHITE,ziyadnz/hourly-ipv4,ziyadnz|hourly,2026-08-17T18:48:05Z,2026-08-17T18:48:05Z,
64.89.163.168,ipv4,malicious-ip,medium,WHITE,ziyadnz/hourly-ipv4,ziyadnz|hourly,2026-08-17T18:48:05Z,2026-08-17T18:48:05Z,
64.89.163.169,ipv4,malicious-ip,medium,WHITE,ziyadnz/hourly-ipv4,ziyadnz|hourly,2026-08-17T18:48:05Z,2026-08-17T18:48:05Z,
64.89.163.170,ipv4,malicious-ip,medium,WHITE,ziyadnz/hourly-ipv4,ziyadnz|hourly,2026-08-17T18:48:05Z,2026-08-17T18:48:05Z,
64.89.163.176,ipv4,malicious-ip,medium,WHITE,ziyadnz/hourly-ipv4,ziyadnz|hourly,2026-08-17T18:48:05Z,2026-08-17T18:48:05Z,
64.89.163.178,ipv4,malicious-ip,medium,WHITE,ziyadnz/hourly-ipv4,ziyadnz|hourly,2026-08-17T18:48:05Z,2026-08-17T18:48:05Z,
64.89.163.179,ipv4,malicious-ip,medium,WHITE,ziyadnz/hourly-ipv4,ziyadnz|hourly,2026-08-17T18:48:05Z,2026-08-17T18:48:05Z,
64.89.163.180,ipv4,malicious-ip,medium,WHITE,ziyadnz/hourly-ipv4,ziyadnz|hourly,2026-08-17T18:48:05Z,2026-08-17T18:48:05Z,
64.89.163.202,ipv4,malicious-ip,medium,WHITE,ziyadnz/hourly-ipv4,ziyadnz|hourly,2026-08-17T18:48:05Z,2026-08-17T18:48:05Z,
64.89.163.211,ipv4,malicious-ip,medium,WHITE,ziyadnz/hourly-ipv4,ziyadnz|hourly,2026-08-17T18:48:05Z,2026-08-17T18:48:05Z,
64.89.163.215,ipv4,malicious-ip,medium,WHITE,ziyadnz/hourly-ipv4,ziyadnz|hourly,2026-08-17T18:48:05Z,2026-08-17T18:48:05Z,
64.89.163.22,ipv4,malicious-ip,medium,WHITE,ziyadnz/hourly-ipv4,ziyadnz|hourly,2026-08-17T18:48:05Z,2026-08-17T18:48:05Z,
64.89.163.235,ipv4,malicious-ip,medium,WHITE,ziyadnz/hourly-ipv4,ziyadnz|hourly,2026-08-17T18:48:05Z,2026-08-17T18:48:05Z,
64.89.163.24,ipv4,malicious-ip,medium,WHITE,ziyadnz/hourly-ipv4,ziyadnz|hourly,2026-08-17T18:48:05Z,2026-08-17T18:48:05Z,
64.89.163.247,ipv4,malicious-ip,medium,WHITE,ziyadnz/hourly-ipv4,ziyadnz|hourly,2026-08-17T18:48:05Z,2026-08-17T18:48:05Z,
64.89.163.251,ipv4,malicious-ip,medium,WHITE,ziyadnz/hourly-ipv4,ziyadnz|hourly,2026-08-17T18:48:05Z,2026-08-17T18:48:05Z,
64.89.163.26,ipv4,malicious-ip,medium,WHITE,ziyadnz/hourly-ipv4,ziyadnz|hourly,2026-08-17T18:48:05Z,2026-08-17T18:48:05Z,
64.89.163.77,ipv4,malicious-ip,medium,WHITE,ziyadnz/hourly-ipv4,ziyadnz|hourly,2026-08-17T18:48:05Z,2026-08-17T18:48:05Z,
64.89.163.78,ipv4,malicious-ip,medium,WHITE,ziyadnz/hourly-ipv4,ziyadnz|hourly,2026-08-17T18:48:05Z,2026-08-17T18:48:05Z,
64.89.163.79,ipv4,malicious-ip,medium,WHITE,ziyadnz/hourly-ipv4,ziyadnz|hourly,2026-08-17T18:48:05Z,2026-08-17T18:48:05Z,
64.89.163.8,ipv4,malicious-ip,medium,WHITE,ziyadnz/hourly-ipv4,ziyadnz|hourly,2026-08-17T18:48:05Z,2026-08-17T18:48:05Z,
64.89.163.80,ipv4,malicious-ip,medium,WHITE,ziyadnz/hourly-ipv4,ziyadnz|hourly,2026-08-17T18:48:05Z,2026-08-17T18:48:05Z,
64.89.163.81,ipv4,malicious-ip,medium,WHITE,ziyadnz/hourly-ipv4,ziyadnz|hourly,2026-08-17T18:48:05Z,2026-08-17T18:48:05Z,
64.89.163.83,ipv4,malicious-ip,medium,WHITE,ziyadnz/hourly-ipv4,ziyadnz|hourly,2026-08-17T18:48:05Z,2026-08-17T18:48:05Z,
64.89.163.87,ipv4,malicious-ip,medium,WHITE,ziyadnz/hourly-ipv4,ziyadnz|hourly,2026-08-17T18:48:05Z,2026-08-17T18:48:05Z,
64.89.163.89,ipv4,malicious-ip,medium,WHITE,ziyadnz/hourly-ipv4,ziyadnz|hourly,2026-08-17T18:48:05Z,2026-08-17T18:48:05Z,
64.89.163.90,ipv4,malicious-ip,medium,WHITE,ziyadnz/hourly-ipv4,ziyadnz|hourly,2026-08-17T18:48:05Z,2026-08-17T18:48:05Z,
64.89.163.91,ipv4,malicious-ip,medium,WHITE,ziyadnz/hourly-ipv4,ziyadnz|hourly,2026-08-17T18:48:05Z,2026-08-17T18:48:05Z,
64.89.163.92,ipv4,malicious-ip,medium,WHITE,ziyadnz/hourly-ipv4,ziyadnz|hourly,2026-08-17T18:48:05Z,2026-08-17T18:48:05Z,
64.89.163.93,ipv4,malicious-ip,medium,WHITE,ziyadnz/hourly-ipv4,ziyadnz|hourly,2026-08-17T18:48:05Z,2026-08-17T18:48:05Z,
64.89.163.94,ipv4,malicious-ip,medium,WHITE,ziyadnz/hourly-ipv4,ziyadnz|hourly,2026-08-17T18:48:05Z,2026-08-17T18:48:05Z,
64.89.163.97,ipv4,malicious-ip,medium,WHITE,ziyadnz/hourly-ipv4,ziyadnz|hourly,2026-08-17T18:48:05Z,2026-08-17T18:48:05Z,
64.90.0.84,ipv4,malicious-ip,medium,WHITE,ziyadnz/hourly-ipv4,ziyadnz|hourly,2026-08-17T18:48:05Z,2026-08-17T18:48:05Z,
64.92.10.202,ipv4,malicious-ip,medium,WHITE,ziyadnz/hourly-ipv4,ziyadnz|hourly,2026-08-17T18:48:05Z,2026-08-17T18:48:05Z,
64.94.84.204,ipv4,malicious-ip,medium,WHITE,ziyadnz/hourly-ipv4,ziyadnz|hourly,2026-08-17T18:48:05Z,2026-08-17T18:48:05Z,
64.94.84.217,ipv4,malicious-ip,medium,WHITE,ziyadnz/hourly-ipv4,ziyadnz|hourly,2026-08-17T18:48:05Z,2026-08-17T18:48:05Z,
64.94.85.15,ipv4,malicious-ip,medium,WHITE,ziyadnz/hourly-ipv4,ziyadnz|hourly,2026-08-17T18:48:05Z,2026-08-17T18:48:05Z,
64.94.85.219,ipv4,malicious-ip,medium,WHITE,ziyadnz/hourly-ipv4,ziyadnz|hourly,2026-08-17T18:48:05Z,2026-08-17T18:48:05Z,
64.95.10.115,ipv4,malicious-ip,medium,WHITE,ziyadnz/hourly-ipv4,ziyadnz|hourly,2026-08-17T18:48:05Z,2026-08-17T18:48:05Z,
64.95.10.117,ipv4,malicious-ip,medium,WHITE,ziyadnz/hourly-ipv4,ziyadnz|hourly,2026-08-17T18:48:05Z,2026-08-17T18:48:05Z,
64.95.10.14,ipv4,malicious-ip,medium,WHITE,ziyadnz/hourly-ipv4,ziyadnz|hourly,2026-08-17T18:48:05Z,2026-08-17T18:48:05Z,
64.95.10.243,ipv4,malicious-ip,medium,WHITE,ziyadnz/hourly-ipv4,ziyadnz|hourly,2026-08-17T18:48:05Z,2026-08-17T18:48:05Z,
64.95.10.253,ipv4,malicious-ip,medium,WHITE,ziyadnz/hourly-ipv4,ziyadnz|hourly,2026-08-17T18:48:05Z,2026-08-17T18:48:05Z,
64.95.11.80,ipv4,malicious-ip,medium,WHITE,ziyadnz/hourly-ipv4,ziyadnz|hourly,2026-08-17T18:48:05Z,2026-08-17T18:48:05Z,
64.95.12.238,ipv4,malicious-ip,medium,WHITE,ziyadnz/hourly-ipv4,ziyadnz|hourly,2026-08-17T18:48:05Z,2026-08-17T18:48:05Z,
64.95.12.71,ipv4,malicious-ip,medium,WHITE,ziyadnz/hourly-ipv4,ziyadnz|hourly,2026-08-17T18:48:05Z,2026-08-17T18:48:05Z,
64.95.13.166,ipv4,malicious-ip,medium,WHITE,ziyadnz/hourly-ipv4,ziyadnz|hourly,2026-08-17T18:48:05Z,2026-08-17T18:48:05Z,
64.95.13.203,ipv4,malicious-ip,medium,WHITE,ziyadnz/hourly-ipv4,ziyadnz|hourly,2026-08-17T18:48:05Z,2026-08-17T18:48:05Z,
64.95.13.210,ipv4,malicious-ip,medium,WHITE,ziyadnz/hourly-ipv4,ziyadnz|hourly,2026-08-17T18:48:05Z,2026-08-17T18:48:05Z,
64.95.13.76,ipv4,malicious-ip,medium,WHITE,ziyadnz/hourly-ipv4,ziyadnz|hourly,2026-08-17T18:48:05Z,2026-08-17T18:48:05Z,
64.95.13.8,ipv4,malicious-ip,medium,WHITE,ziyadnz/hourly-ipv4,ziyadnz|hourly,2026-08-17T18:48:05Z,2026-08-17T18:48:05Z,
64.98.83.243,ipv4,malicious-ip,medium,WHITE,ziyadnz/hourly-ipv4,ziyadnz|hourly,2026-08-17T18:48:05Z,2026-08-17T18:48:05Z,
65.0.7.40,ipv4,malicious-ip,medium,WHITE,ziyadnz/hourly-ipv4,ziyadnz|hourly,2026-08-17T18:48:05Z,2026-08-17T18:48:05Z,
65.108.122.31,ipv4,malicious-ip,medium,WHITE,ziyadnz/hourly-ipv4,ziyadnz|hourly,2026-08-17T18:48:05Z,2026-08-17T18:48:05Z,
65.108.125.120,ipv4,malicious-ip,medium,WHITE,ziyadnz/hourly-ipv4,ziyadnz|hourly,2026-08-17T18:48:05Z,2026-08-17T18:48:05Z,
65.108.153.172,ipv4,malicious-ip,medium,WHITE,ziyadnz/hourly-ipv4,ziyadnz|hourly,2026-08-17T18:48:05Z,2026-08-17T18:48:05Z,
65.108.2.171,ipv4,malicious-ip,medium,WHITE,ziyadnz/hourly-ipv4,ziyadnz|hourly,2026-08-17T18:48:05Z,2026-08-17T18:48:05Z,
65.108.218.24,ipv4,malicious-ip,medium,WHITE,ziyadnz/hourly-ipv4,ziyadnz|hourly,2026-08-17T18:48:05Z,2026-08-17T18:48:05Z,
65.108.244.82,ipv4,malicious-ip,medium,WHITE,ziyadnz/hourly-ipv4,ziyadnz|hourly,2026-08-17T18:48:05Z,2026-08-17T18:48:05Z,
65.108.253.85,ipv4,malicious-ip,medium,WHITE,ziyadnz/hourly-ipv4,ziyadnz|hourly,2026-08-17T18:48:05Z,2026-08-17T18:48:05Z,
65.108.48.150,ipv4,malicious-ip,medium,WHITE,ziyadnz/hourly-ipv4,ziyadnz|hourly,2026-08-17T18:48:05Z,2026-08-17T18:48:05Z,
65.108.55.55,ipv4,malicious-ip,medium,WHITE,ziyadnz/hourly-ipv4,ziyadnz|hourly,2026-08-17T18:48:05Z,2026-08-17T18:48:05Z,
65.108.78.33,ipv4,malicious-ip,medium,WHITE,ziyadnz/hourly-ipv4,ziyadnz|hourly,2026-08-17T18:48:05Z,2026-08-17T18:48:05Z,
65.108.91.247,ipv4,malicious-ip,medium,WHITE,ziyadnz/hourly-ipv4,ziyadnz|hourly,2026-08-17T18:48:05Z,2026-08-17T18:48:05Z,
65.108.96.201,ipv4,malicious-ip,medium,WHITE,ziyadnz/hourly-ipv4,ziyadnz|hourly,2026-08-17T18:48:05Z,2026-08-17T18:48:05Z,
65.109.108.183,ipv4,malicious-ip,medium,WHITE,ziyadnz/hourly-ipv4,ziyadnz|hourly,2026-08-17T18:48:05Z,2026-08-17T18:48:05Z,
65.109.125.160,ipv4,malicious-ip,medium,WHITE,ziyadnz/hourly-ipv4,ziyadnz|hourly,2026-08-17T18:48:05Z,2026-08-17T18:48:05Z,
65.109.131.183,ipv4,malicious-ip,medium,WHITE,ziyadnz/hourly-ipv4,ziyadnz|hourly,2026-08-17T18:48:05Z,2026-08-17T18:48:05Z,
65.109.142.58,ipv4,malicious-ip,medium,WHITE,ziyadnz/hourly-ipv4,ziyadnz|hourly,2026-08-17T18:48:05Z,2026-08-17T18:48:05Z,
65.109.162.8,ipv4,malicious-ip,medium,WHITE,ziyadnz/hourly-ipv4,ziyadnz|hourly,2026-08-17T18:48:05Z,2026-08-17T18:48:05Z,
65.109.175.177,ipv4,malicious-ip,medium,WHITE,ziyadnz/hourly-ipv4,ziyadnz|hourly,2026-08-17T18:48:05Z,2026-08-17T18:48:05Z,
65.109.178.126,ipv4,malicious-ip,medium,WHITE,ziyadnz/hourly-ipv4,ziyadnz|hourly,2026-08-17T18:48:05Z,2026-08-17T18:48:05Z,
65.109.182.128,ipv4,malicious-ip,medium,WHITE,ziyadnz/hourly-ipv4,ziyadnz|hourly,2026-08-17T18:48:05Z,2026-08-17T18:48:05Z,
65.109.182.231,ipv4,malicious-ip,medium,WHITE,ziyadnz/hourly-ipv4,ziyadnz|hourly,2026-08-17T18:48:05Z,2026-08-17T18:48:05Z,
65.109.189.67,ipv4,malicious-ip,medium,WHITE,ziyadnz/hourly-ipv4,ziyadnz|hourly,2026-08-17T18:48:05Z,2026-08-17T18:48:05Z,
65.109.190.203,ipv4,malicious-ip,medium,WHITE,ziyadnz/hourly-ipv4,ziyadnz|hourly,2026-08-17T18:48:05Z,2026-08-17T18:48:05Z,
65.109.241.185,ipv4,malicious-ip,medium,WHITE,ziyadnz/hourly-ipv4,ziyadnz|hourly,2026-08-17T18:48:05Z,2026-08-17T18:48:05Z,
65.109.25.109,ipv4,malicious-ip,medium,WHITE,ziyadnz/hourly-ipv4,ziyadnz|hourly,2026-08-17T18:48:05Z,2026-08-17T18:48:05Z,
65.109.3.34,ipv4,malicious-ip,medium,WHITE,ziyadnz/hourly-ipv4,ziyadnz|hourly,2026-08-17T18:48:05Z,2026-08-17T18:48:05Z,
65.109.65.24,ipv4,malicious-ip,medium,WHITE,ziyadnz/hourly-ipv4,ziyadnz|hourly,2026-08-17T18:48:05Z,2026-08-17T18:48:05Z,
65.109.8.39,ipv4,malicious-ip,medium,WHITE,ziyadnz/hourly-ipv4,ziyadnz|hourly,2026-08-17T18:48:05Z,2026-08-17T18:48:05Z,
65.111.11.124,ipv4,malicious-ip,medium,WHITE,ziyadnz/hourly-ipv4,ziyadnz|hourly,2026-08-17T18:48:05Z,2026-08-17T18:48:05Z,
65.111.15.32,ipv4,malicious-ip,medium,WHITE,ziyadnz/hourly-ipv4,ziyadnz|hourly,2026-08-17T18:48:05Z,2026-08-17T18:48:05Z,
65.111.22.97,ipv4,malicious-ip,medium,WHITE,ziyadnz/hourly-ipv4,ziyadnz|hourly,2026-08-17T18:48:05Z,2026-08-17T18:48:05Z,
65.111.24.118,ipv4,malicious-ip,medium,WHITE,ziyadnz/hourly-ipv4,ziyadnz|hourly,2026-08-17T18:48:05Z,2026-08-17T18:48:05Z,
65.111.25.134,ipv4,malicious-ip,medium,WHITE,ziyadnz/hourly-ipv4,ziyadnz|hourly,2026-08-17T18:48:05Z,2026-08-17T18:48:05Z,
65.111.25.67,ipv4,malicious-ip,medium,WHITE,ziyadnz/hourly-ipv4,ziyadnz|hourly,2026-08-17T18:48:05Z,2026-08-17T18:48:05Z,
65.111.25.72,ipv4,malicious-ip,medium,WHITE,ziyadnz/hourly-ipv4,ziyadnz|hourly,2026-08-17T18:48:05Z,2026-08-17T18:48:05Z,
65.111.26.119,ipv4,malicious-ip,medium,WHITE,ziyadnz/hourly-ipv4,ziyadnz|hourly,2026-08-17T18:48:05Z,2026-08-17T18:48:05Z,
65.111.27.132,ipv4,malicious-ip,medium,WHITE,ziyadnz/hourly-ipv4,ziyadnz|hourly,2026-08-17T18:48:05Z,2026-08-17T18:48:05Z,
65.111.27.140,ipv4,malicious-ip,medium,WHITE,ziyadnz/hourly-ipv4,ziyadnz|hourly,2026-08-17T18:48:05Z,2026-08-17T18:48:05Z,
65.111.3.228,ipv4,malicious-ip,medium,WHITE,ziyadnz/hourly-ipv4,ziyadnz|hourly,2026-08-17T18:48:05Z,2026-08-17T18:48:05Z,
65.111.31.145,ipv4,malicious-ip,medium,WHITE,ziyadnz/hourly-ipv4,ziyadnz|hourly,2026-08-17T18:48:05Z,2026-08-17T18:48:05Z,
65.111.4.180,ipv4,malicious-ip,medium,WHITE,ziyadnz/hourly-ipv4,ziyadnz|hourly,2026-08-17T18:48:05Z,2026-08-17T18:48:05Z,
65.111.6.53,ipv4,malicious-ip,medium,WHITE,ziyadnz/hourly-ipv4,ziyadnz|hourly,2026-08-17T18:48:05Z,2026-08-17T18:48:05Z,
65.111.8.76,ipv4,malicious-ip,medium,WHITE,ziyadnz/hourly-ipv4,ziyadnz|hourly,2026-08-17T18:48:05Z,2026-08-17T18:48:05Z,
65.120.249.122,ipv4,malicious-ip,medium,WHITE,ziyadnz/hourly-ipv4,ziyadnz|hourly,2026-08-17T18:48:05Z,2026-08-17T18:48:05Z,
65.128.21.191,ipv4,malicious-ip,medium,WHITE,ziyadnz/hourly-ipv4,ziyadnz|hourly,2026-08-17T18:48:05Z,2026-08-17T18:48:05Z,
65.175.140.164,ipv4,malicious-ip,medium,WHITE,ziyadnz/hourly-ipv4,ziyadnz|hourly,2026-08-17T18:48:05Z,2026-08-17T18:48:05Z,
65.175.176.107,ipv4,malicious-ip,medium,WHITE,ziyadnz/hourly-ipv4,ziyadnz|hourly,2026-08-17T18:48:05Z,2026-08-17T18:48:05Z,
65.181.112.46,ipv4,malicious-ip,medium,WHITE,ziyadnz/hourly-ipv4,ziyadnz|hourly,2026-08-17T18:48:05Z,2026-08-17T18:48:05Z,
65.181.12.106,ipv4,malicious-ip,medium,WHITE,ziyadnz/hourly-ipv4,ziyadnz|hourly,2026-08-17T18:48:05Z,2026-08-17T18:48:05Z,
65.181.14.139,ipv4,malicious-ip,medium,WHITE,ziyadnz/hourly-ipv4,ziyadnz|hourly,2026-08-17T18:48:05Z,2026-08-17T18:48:05Z,
65.181.24.4,ipv4,malicious-ip,medium,WHITE,ziyadnz/hourly-ipv4,ziyadnz|hourly,2026-08-17T18:48:05Z,2026-08-17T18:48:05Z,
65.181.24.55,ipv4,malicious-ip,medium,WHITE,ziyadnz/hourly-ipv4,ziyadnz|hourly,2026-08-17T18:48:05Z,2026-08-17T18:48:05Z,
65.181.88.245,ipv4,malicious-ip,medium,WHITE,ziyadnz/hourly-ipv4,ziyadnz|hourly,2026-08-17T18:48:05Z,2026-08-17T18:48:05Z,
65.181.92.228,ipv4,malicious-ip,medium,WHITE,ziyadnz/hourly-ipv4,ziyadnz|hourly,2026-08-17T18:48:05Z,2026-08-17T18:48:05Z,
65.184.89.186,ipv4,malicious-ip,medium,WHITE,ziyadnz/hourly-ipv4,ziyadnz|hourly,2026-08-17T18:48:05Z,2026-08-17T18:48:05Z,
65.185.54.24,ipv4,malicious-ip,medium,WHITE,ziyadnz/hourly-ipv4,ziyadnz|hourly,2026-08-17T18:48:05Z,2026-08-17T18:48:05Z,
65.186.38.188,ipv4,malicious-ip,medium,WHITE,ziyadnz/hourly-ipv4,ziyadnz|hourly,2026-08-17T18:48:05Z,2026-08-17T18:48:05Z,
65.188.102.43,ipv4,malicious-ip,medium,WHITE,ziyadnz/hourly-ipv4,ziyadnz|hourly,2026-08-17T18:48:05Z,2026-08-17T18:48:05Z,
65.189.40.162,ipv4,malicious-ip,medium,WHITE,ziyadnz/hourly-ipv4,ziyadnz|hourly,2026-08-17T18:48:05Z,2026-08-17T18:48:05Z,
65.190.69.229,ipv4,malicious-ip,medium,WHITE,ziyadnz/hourly-ipv4,ziyadnz|hourly,2026-08-17T18:48:05Z,2026-08-17T18:48:05Z,
65.191.146.172,ipv4,malicious-ip,medium,WHITE,ziyadnz/hourly-ipv4,ziyadnz|hourly,2026-08-17T18:48:05Z,2026-08-17T18:48:05Z,
65.194.67.117,ipv4,malicious-ip,medium,WHITE,ziyadnz/hourly-ipv4,ziyadnz|hourly,2026-08-17T18:48:05Z,2026-08-17T18:48:05Z,
65.20.102.161,ipv4,malicious-ip,medium,WHITE,ziyadnz/hourly-ipv4,ziyadnz|hourly,2026-08-17T18:48:05Z,2026-08-17T18:48:05Z,
65.20.104.91,ipv4,malicious-ip,medium,WHITE,ziyadnz/hourly-ipv4,ziyadnz|hourly,2026-08-17T18:48:05Z,2026-08-17T18:48:05Z,
65.20.105.177,ipv4,malicious-ip,medium,WHITE,ziyadnz/hourly-ipv4,ziyadnz|hourly,2026-08-17T18:48:05Z,2026-08-17T18:48:05Z,
65.20.106.59,ipv4,malicious-ip,medium,WHITE,ziyadnz/hourly-ipv4,ziyadnz|hourly,2026-08-17T18:48:05Z,2026-08-17T18:48:05Z,
65.20.129.112,ipv4,malicious-ip,medium,WHITE,ziyadnz/hourly-ipv4,ziyadnz|hourly,2026-08-17T18:48:05Z,2026-08-17T18:48:05Z,
65.20.129.51,ipv4,malicious-ip,medium,WHITE,ziyadnz/hourly-ipv4,ziyadnz|hourly,2026-08-17T18:48:05Z,2026-08-17T18:48:05Z,
65.20.129.80,ipv4,malicious-ip,medium,WHITE,ziyadnz/hourly-ipv4,ziyadnz|hourly,2026-08-17T18:48:05Z,2026-08-17T18:48:05Z,
65.20.130.220,ipv4,malicious-ip,medium,WHITE,ziyadnz/hourly-ipv4,ziyadnz|hourly,2026-08-17T18:48:05Z,2026-08-17T18:48:05Z,
65.20.130.6,ipv4,malicious-ip,medium,WHITE,ziyadnz/hourly-ipv4,ziyadnz|hourly,2026-08-17T18:48:05Z,2026-08-17T18:48:05Z,
65.20.131.212,ipv4,malicious-ip,medium,WHITE,ziyadnz/hourly-ipv4,ziyadnz|hourly,2026-08-17T18:48:05Z,2026-08-17T18:48:05Z,
65.20.133.158,ipv4,malicious-ip,medium,WHITE,ziyadnz/hourly-ipv4,ziyadnz|hourly,2026-08-17T18:48:05Z,2026-08-17T18:48:05Z,
65.20.133.209,ipv4,malicious-ip,medium,WHITE,ziyadnz/hourly-ipv4,ziyadnz|hourly,2026-08-17T18:48:05Z,2026-08-17T18:48:05Z,
65.20.135.238,ipv4,malicious-ip,medium,WHITE,ziyadnz/hourly-ipv4,ziyadnz|hourly,2026-08-17T18:48:05Z,2026-08-17T18:48:05Z,
65.20.139.192,ipv4,malicious-ip,medium,WHITE,ziyadnz/hourly-ipv4,ziyadnz|hourly,2026-08-17T18:48:05Z,2026-08-17T18:48:05Z,
65.20.139.244,ipv4,malicious-ip,medium,WHITE,ziyadnz/hourly-ipv4,ziyadnz|hourly,2026-08-17T18:48:05Z,2026-08-17T18:48:05Z,
65.20.140.163,ipv4,malicious-ip,medium,WHITE,ziyadnz/hourly-ipv4,ziyadnz|hourly,2026-08-17T18:48:05Z,2026-08-17T18:48:05Z,
65.20.141.198,ipv4,malicious-ip,medium,WHITE,ziyadnz/hourly-ipv4,ziyadnz|hourly,2026-08-17T18:48:05Z,2026-08-17T18:48:05Z,
65.20.142.65,ipv4,malicious-ip,medium,WHITE,ziyadnz/hourly-ipv4,ziyadnz|hourly,2026-08-17T18:48:05Z,2026-08-17T18:48:05Z,
65.20.143.51,ipv4,malicious-ip,medium,WHITE,ziyadnz/hourly-ipv4,ziyadnz|hourly,2026-08-17T18:48:05Z,2026-08-17T18:48:05Z,
65.20.145.106,ipv4,malicious-ip,medium,WHITE,ziyadnz/hourly-ipv4,ziyadnz|hourly,2026-08-17T18:48:05Z,2026-08-17T18:48:05Z,
65.20.146.135,ipv4,malicious-ip,medium,WHITE,ziyadnz/hourly-ipv4,ziyadnz|hourly,2026-08-17T18:48:05Z,2026-08-17T18:48:05Z,
65.20.149.93,ipv4,malicious-ip,medium,WHITE,ziyadnz/hourly-ipv4,ziyadnz|hourly,2026-08-17T18:48:05Z,2026-08-17T18:48:05Z,
65.20.150.21,ipv4,malicious-ip,medium,WHITE,ziyadnz/hourly-ipv4,ziyadnz|hourly,2026-08-17T18:48:05Z,2026-08-17T18:48:05Z,
65.20.150.62,ipv4,malicious-ip,medium,WHITE,ziyadnz/hourly-ipv4,ziyadnz|hourly,2026-08-17T18:48:05Z,2026-08-17T18:48:05Z,
65.20.150.80,ipv4,malicious-ip,medium,WHITE,ziyadnz/hourly-ipv4,ziyadnz|hourly,2026-08-17T18:48:05Z,2026-08-17T18:48:05Z,
65.20.151.21,ipv4,malicious-ip,medium,WHITE,ziyadnz/hourly-ipv4,ziyadnz|hourly,2026-08-17T18:48:05Z,2026-08-17T18:48:05Z,
65.20.152.186,ipv4,malicious-ip,medium,WHITE,ziyadnz/hourly-ipv4,ziyadnz|hourly,2026-08-17T18:48:05Z,2026-08-17T18:48:05Z,
65.20.152.96,ipv4,malicious-ip,medium,WHITE,ziyadnz/hourly-ipv4,ziyadnz|hourly,2026-08-17T18:48:05Z,2026-08-17T18:48:05Z,
65.20.154.208,ipv4,malicious-ip,medium,WHITE,ziyadnz/hourly-ipv4,ziyadnz|hourly,2026-08-17T18:48:05Z,2026-08-17T18:48:05Z,
65.20.154.36,ipv4,malicious-ip,medium,WHITE,ziyadnz/hourly-ipv4,ziyadnz|hourly,2026-08-17T18:48:05Z,2026-08-17T18:48:05Z,
65.20.155.65,ipv4,malicious-ip,medium,WHITE,ziyadnz/hourly-ipv4,ziyadnz|hourly,2026-08-17T18:48:05Z,2026-08-17T18:48:05Z,
65.20.155.93,ipv4,malicious-ip,medium,WHITE,ziyadnz/hourly-ipv4,ziyadnz|hourly,2026-08-17T18:48:05Z,2026-08-17T18:48:05Z,
65.20.157.21,ipv4,malicious-ip,medium,WHITE,ziyadnz/hourly-ipv4,ziyadnz|hourly,2026-08-17T18:48:05Z,2026-08-17T18:48:05Z,
65.20.160.107,ipv4,malicious-ip,medium,WHITE,ziyadnz/hourly-ipv4,ziyadnz|hourly,2026-08-17T18:48:05Z,2026-08-17T18:48:05Z,
65.20.161.126,ipv4,malicious-ip,medium,WHITE,ziyadnz/hourly-ipv4,ziyadnz|hourly,2026-08-17T18:48:05Z,2026-08-17T18:48:05Z,
65.20.168.147,ipv4,malicious-ip,medium,WHITE,ziyadnz/hourly-ipv4,ziyadnz|hourly,2026-08-17T18:48:05Z,2026-08-17T18:48:05Z,
65.20.169.220,ipv4,malicious-ip,medium,WHITE,ziyadnz/hourly-ipv4,ziyadnz|hourly,2026-08-17T18:48:05Z,2026-08-17T18:48:05Z,
65.20.174.49,ipv4,malicious-ip,medium,WHITE,ziyadnz/hourly-ipv4,ziyadnz|hourly,2026-08-17T18:48:05Z,2026-08-17T18:48:05Z,
65.20.191.210,ipv4,malicious-ip,medium,WHITE,ziyadnz/hourly-ipv4,ziyadnz|hourly,2026-08-17T18:48:05Z,2026-08-17T18:48:05Z,
65.20.191.231,ipv4,malicious-ip,medium,WHITE,ziyadnz/hourly-ipv4,ziyadnz|hourly,2026-08-17T18:48:05Z,2026-08-17T18:48:05Z,
65.20.191.78,ipv4,malicious-ip,medium,WHITE,ziyadnz/hourly-ipv4,ziyadnz|hourly,2026-08-17T18:48:05Z,2026-08-17T18:48:05Z,
65.20.198.159,ipv4,malicious-ip,medium,WHITE,ziyadnz/hourly-ipv4,ziyadnz|hourly,2026-08-17T18:48:05Z,2026-08-17T18:48:05Z,
65.20.204.179,ipv4,malicious-ip,medium,WHITE,ziyadnz/hourly-ipv4,ziyadnz|hourly,2026-08-17T18:48:05Z,2026-08-17T18:48:05Z,
65.20.211.96,ipv4,malicious-ip,medium,WHITE,ziyadnz/hourly-ipv4,ziyadnz|hourly,2026-08-17T18:48:05Z,2026-08-17T18:48:05Z,
65.20.216.145,ipv4,malicious-ip,medium,WHITE,ziyadnz/hourly-ipv4,ziyadnz|hourly,2026-08-17T18:48:05Z,2026-08-17T18:48:05Z,
65.20.217.65,ipv4,malicious-ip,medium,WHITE,ziyadnz/hourly-ipv4,ziyadnz|hourly,2026-08-17T18:48:05Z,2026-08-17T18:48:05Z,
65.20.230.220,ipv4,malicious-ip,medium,WHITE,ziyadnz/hourly-ipv4,ziyadnz|hourly,2026-08-17T18:48:05Z,2026-08-17T18:48:05Z,
65.20.237.40,ipv4,malicious-ip,medium,WHITE,ziyadnz/hourly-ipv4,ziyadnz|hourly,2026-08-17T18:48:05Z,2026-08-17T18:48:05Z,
65.20.247.246,ipv4,malicious-ip,medium,WHITE,ziyadnz/hourly-ipv4,ziyadnz|hourly,2026-08-17T18:48:05Z,2026-08-17T18:48:05Z,
65.20.251.104,ipv4,malicious-ip,medium,WHITE,ziyadnz/hourly-ipv4,ziyadnz|hourly,2026-08-17T18:48:05Z,2026-08-17T18:48:05Z,
65.20.66.218,ipv4,malicious-ip,medium,WHITE,ziyadnz/hourly-ipv4,ziyadnz|hourly,2026-08-17T18:48:05Z,2026-08-17T18:48:05Z,
65.20.68.126,ipv4,malicious-ip,medium,WHITE,ziyadnz/hourly-ipv4,ziyadnz|hourly,2026-08-17T18:48:05Z,2026-08-17T18:48:05Z,
65.20.78.68,ipv4,malicious-ip,medium,WHITE,ziyadnz/hourly-ipv4,ziyadnz|hourly,2026-08-17T18:48:05Z,2026-08-17T18:48:05Z,
65.21.108.160,ipv4,malicious-ip,medium,WHITE,ziyadnz/hourly-ipv4,ziyadnz|hourly,2026-08-17T18:48:05Z,2026-08-17T18:48:05Z,
65.21.119.59,ipv4,malicious-ip,medium,WHITE,ziyadnz/hourly-ipv4,ziyadnz|hourly,2026-08-17T18:48:05Z,2026-08-17T18:48:05Z,
65.21.148.182,ipv4,malicious-ip,medium,WHITE,ziyadnz/hourly-ipv4,ziyadnz|hourly,2026-08-17T18:48:05Z,2026-08-17T18:48:05Z,
65.21.151.9,ipv4,malicious-ip,medium,WHITE,ziyadnz/hourly-ipv4,ziyadnz|hourly,2026-08-17T18:48:05Z,2026-08-17T18:48:05Z,
65.21.155.186,ipv4,malicious-ip,medium,WHITE,ziyadnz/hourly-ipv4,ziyadnz|hourly,2026-08-17T18:48:05Z,2026-08-17T18:48:05Z,
65.21.181.48,ipv4,malicious-ip,medium,WHITE,ziyadnz/hourly-ipv4,ziyadnz|hourly,2026-08-17T18:48:05Z,2026-08-17T18:48:05Z,
65.21.183.238,ipv4,malicious-ip,medium,WHITE,ziyadnz/hourly-ipv4,ziyadnz|hourly,2026-08-17T18:48:05Z,2026-08-17T18:48:05Z,
65.21.189.236,ipv4,malicious-ip,medium,WHITE,ziyadnz/hourly-ipv4,ziyadnz|hourly,2026-08-17T18:48:05Z,2026-08-17T18:48:05Z,
65.21.193.51,ipv4,malicious-ip,medium,WHITE,ziyadnz/hourly-ipv4,ziyadnz|hourly,2026-08-17T18:48:05Z,2026-08-17T18:48:05Z,
65.21.2.176,ipv4,malicious-ip,medium,WHITE,ziyadnz/hourly-ipv4,ziyadnz|hourly,2026-08-17T18:48:05Z,2026-08-17T18:48:05Z,
65.21.23.63,ipv4,malicious-ip,medium,WHITE,ziyadnz/hourly-ipv4,ziyadnz|hourly,2026-08-17T18:48:05Z,2026-08-17T18:48:05Z,
65.21.31.180,ipv4,malicious-ip,medium,WHITE,ziyadnz/hourly-ipv4,ziyadnz|hourly,2026-08-17T18:48:05Z,2026-08-17T18:48:05Z,
65.21.54.164,ipv4,malicious-ip,medium,WHITE,ziyadnz/hourly-ipv4,ziyadnz|hourly,2026-08-17T18:48:05Z,2026-08-17T18:48:05Z,
65.21.56.28,ipv4,malicious-ip,medium,WHITE,ziyadnz/hourly-ipv4,ziyadnz|hourly,2026-08-17T18:48:05Z,2026-08-17T18:48:05Z,
65.21.85.21,ipv4,malicious-ip,medium,WHITE,ziyadnz/hourly-ipv4,ziyadnz|hourly,2026-08-17T18:48:05Z,2026-08-17T18:48:05Z,
65.215.162.63,ipv4,malicious-ip,medium,WHITE,ziyadnz/hourly-ipv4,ziyadnz|hourly,2026-08-17T18:48:05Z,2026-08-17T18:48:05Z,
65.222.202.53,ipv4,malicious-ip,medium,WHITE,ziyadnz/hourly-ipv4,ziyadnz|hourly,2026-08-17T18:48:05Z,2026-08-17T18:48:05Z,
65.254.93.55,ipv4,malicious-ip,medium,WHITE,ziyadnz/hourly-ipv4,ziyadnz|hourly,2026-08-17T18:48:05Z,2026-08-17T18:48:05Z,
65.31.132.17,ipv4,malicious-ip,medium,WHITE,ziyadnz/hourly-ipv4,ziyadnz|hourly,2026-08-17T18:48:05Z,2026-08-17T18:48:05Z,
65.31.31.94,ipv4,malicious-ip,medium,WHITE,ziyadnz/hourly-ipv4,ziyadnz|hourly,2026-08-17T18:48:05Z,2026-08-17T18:48:05Z,
65.32.76.214,ipv4,malicious-ip,medium,WHITE,ziyadnz/hourly-ipv4,ziyadnz|hourly,2026-08-17T18:48:05Z,2026-08-17T18:48:05Z,
65.38.120.110,ipv4,malicious-ip,medium,WHITE,ziyadnz/hourly-ipv4,ziyadnz|hourly,2026-08-17T18:48:05Z,2026-08-17T18:48:05Z,
65.38.121.164,ipv4,malicious-ip,medium,WHITE,ziyadnz/hourly-ipv4,ziyadnz|hourly,2026-08-17T18:48:05Z,2026-08-17T18:48:05Z,
65.38.121.198,ipv4,malicious-ip,medium,WHITE,ziyadnz/hourly-ipv4,ziyadnz|hourly,2026-08-17T18:48:05Z,2026-08-17T18:48:05Z,
65.38.121.211,ipv4,malicious-ip,medium,WHITE,ziyadnz/hourly-ipv4,ziyadnz|hourly,2026-08-17T18:48:05Z,2026-08-17T18:48:05Z,
65.38.121.226,ipv4,malicious-ip,medium,WHITE,ziyadnz/hourly-ipv4,ziyadnz|hourly,2026-08-17T18:48:05Z,2026-08-17T18:48:05Z,
65.38.121.64,ipv4,malicious-ip,medium,WHITE,ziyadnz/hourly-ipv4,ziyadnz|hourly,2026-08-17T18:48:05Z,2026-08-17T18:48:05Z,
65.38.77.199,ipv4,malicious-ip,medium,WHITE,ziyadnz/hourly-ipv4,ziyadnz|hourly,2026-08-17T18:48:05Z,2026-08-17T18:48:05Z,
65.38.97.199,ipv4,malicious-ip,medium,WHITE,ziyadnz/hourly-ipv4,ziyadnz|hourly,2026-08-17T18:48:05Z,2026-08-17T18:48:05Z,
65.49.1.0,ipv4,malicious-ip,medium,WHITE,ziyadnz/hourly-ipv4,ziyadnz|hourly,2026-08-17T18:48:05Z,2026-08-17T18:48:05Z,
65.49.1.10,ipv4,malicious-ip,medium,WHITE,ziyadnz/hourly-ipv4,ziyadnz|hourly,2026-08-17T18:48:05Z,2026-08-17T18:48:05Z,
65.49.1.100,ipv4,malicious-ip,medium,WHITE,ziyadnz/hourly-ipv4,ziyadnz|hourly,2026-08-17T18:48:05Z,2026-08-17T18:48:05Z,
65.49.1.101,ipv4,malicious-ip,medium,WHITE,ziyadnz/hourly-ipv4,ziyadnz|hourly,2026-08-17T18:48:05Z,2026-08-17T18:48:05Z,
65.49.1.102,ipv4,malicious-ip,medium,WHITE,ziyadnz/hourly-ipv4,ziyadnz|hourly,2026-08-17T18:48:05Z,2026-08-17T18:48:05Z,
65.49.1.103,ipv4,malicious-ip,medium,WHITE,ziyadnz/hourly-ipv4,ziyadnz|hourly,2026-08-17T18:48:05Z,2026-08-17T18:48:05Z,
65.49.1.104,ipv4,malicious-ip,medium,WHITE,ziyadnz/hourly-ipv4,ziyadnz|hourly,2026-08-17T18:48:05Z,2026-08-17T18:48:05Z,
65.49.1.105,ipv4,malicious-ip,medium,WHITE,ziyadnz/hourly-ipv4,ziyadnz|hourly,2026-08-17T18:48:05Z,2026-08-17T18:48:05Z,
65.49.1.106,ipv4,malicious-ip,medium,WHITE,ziyadnz/hourly-ipv4,ziyadnz|hourly,2026-08-17T18:48:05Z,2026-08-17T18:48:05Z,
65.49.1.107,ipv4,malicious-ip,medium,WHITE,ziyadnz/hourly-ipv4,ziyadnz|hourly,2026-08-17T18:48:05Z,2026-08-17T18:48:05Z,
65.49.1.108,ipv4,malicious-ip,medium,WHITE,ziyadnz/hourly-ipv4,ziyadnz|hourly,2026-08-17T18:48:05Z,2026-08-17T18:48:05Z,
65.49.1.109,ipv4,malicious-ip,medium,WHITE,ziyadnz/hourly-ipv4,ziyadnz|hourly,2026-08-17T18:48:05Z,2026-08-17T18:48:05Z,
65.49.1.11,ipv4,malicious-ip,medium,WHITE,ziyadnz/hourly-ipv4,ziyadnz|hourly,2026-08-17T18:48:05Z,2026-08-17T18:48:05Z,
65.49.1.110,ipv4,malicious-ip,medium,WHITE,ziyadnz/hourly-ipv4,ziyadnz|hourly,2026-08-17T18:48:05Z,2026-08-17T18:48:05Z,
65.49.1.111,ipv4,malicious-ip,medium,WHITE,ziyadnz/hourly-ipv4,ziyadnz|hourly,2026-08-17T18:48:05Z,2026-08-17T18:48:05Z,
65.49.1.112,ipv4,malicious-ip,medium,WHITE,ziyadnz/hourly-ipv4,ziyadnz|hourly,2026-08-17T18:48:05Z,2026-08-17T18:48:05Z,
65.49.1.113,ipv4,malicious-ip,medium,WHITE,ziyadnz/hourly-ipv4,ziyadnz|hourly,2026-08-17T18:48:05Z,2026-08-17T18:48:05Z,
65.49.1.114,ipv4,malicious-ip,medium,WHITE,ziyadnz/hourly-ipv4,ziyadnz|hourly,2026-08-17T18:48:05Z,2026-08-17T18:48:05Z,
65.49.1.115,ipv4,malicious-ip,medium,WHITE,ziyadnz/hourly-ipv4,ziyadnz|hourly,2026-08-17T18:48:05Z,2026-08-17T18:48:05Z,
65.49.1.116,ipv4,malicious-ip,medium,WHITE,ziyadnz/hourly-ipv4,ziyadnz|hourly,2026-08-17T18:48:05Z,2026-08-17T18:48:05Z,
65.49.1.117,ipv4,malicious-ip,medium,WHITE,ziyadnz/hourly-ipv4,ziyadnz|hourly,2026-08-17T18:48:05Z,2026-08-17T18:48:05Z,
65.49.1.118,ipv4,malicious-ip,medium,WHITE,ziyadnz/hourly-ipv4,ziyadnz|hourly,2026-08-17T18:48:05Z,2026-08-17T18:48:05Z,
65.49.1.119,ipv4,malicious-ip,medium,WHITE,ziyadnz/hourly-ipv4,ziyadnz|hourly,2026-08-17T18:48:05Z,2026-08-17T18:48:05Z,
65.49.1.12,ipv4,malicious-ip,medium,WHITE,ziyadnz/hourly-ipv4,ziyadnz|hourly,2026-08-17T18:48:05Z,2026-08-17T18:48:05Z,
65.49.1.120,ipv4,malicious-ip,medium,WHITE,ziyadnz/hourly-ipv4,ziyadnz|hourly,2026-08-17T18:48:05Z,2026-08-17T18:48:05Z,
65.49.1.121,ipv4,malicious-ip,medium,WHITE,ziyadnz/hourly-ipv4,ziyadnz|hourly,2026-08-17T18:48:05Z,2026-08-17T18:48:05Z,
65.49.1.122,ipv4,malicious-ip,medium,WHITE,ziyadnz/hourly-ipv4,ziyadnz|hourly,2026-08-17T18:48:05Z,2026-08-17T18:48:05Z,
65.49.1.123,ipv4,malicious-ip,medium,WHITE,ziyadnz/hourly-ipv4,ziyadnz|hourly,2026-08-17T18:48:05Z,2026-08-17T18:48:05Z,
65.49.1.124,ipv4,malicious-ip,medium,WHITE,ziyadnz/hourly-ipv4,ziyadnz|hourly,2026-08-17T18:48:05Z,2026-08-17T18:48:05Z,
65.49.1.125,ipv4,malicious-ip,medium,WHITE,ziyadnz/hourly-ipv4,ziyadnz|hourly,2026-08-17T18:48:05Z,2026-08-17T18:48:05Z,
65.49.1.126,ipv4,malicious-ip,medium,WHITE,ziyadnz/hourly-ipv4,ziyadnz|hourly,2026-08-17T18:48:05Z,2026-08-17T18:48:05Z,
65.49.1.127,ipv4,malicious-ip,medium,WHITE,ziyadnz/hourly-ipv4,ziyadnz|hourly,2026-08-17T18:48:05Z,2026-08-17T18:48:05Z,
65.49.1.128,ipv4,malicious-ip,medium,WHITE,ziyadnz/hourly-ipv4,ziyadnz|hourly,2026-08-17T18:48:05Z,2026-08-17T18:48:05Z,
65.49.1.129,ipv4,malicious-ip,medium,WHITE,ziyadnz/hourly-ipv4,ziyadnz|hourly,2026-08-17T18:48:05Z,2026-08-17T18:48:05Z,
65.49.1.13,ipv4,malicious-ip,medium,WHITE,ziyadnz/hourly-ipv4,ziyadnz|hourly,2026-08-17T18:48:05Z,2026-08-17T18:48:05Z,
65.49.1.130,ipv4,malicious-ip,medium,WHITE,ziyadnz/hourly-ipv4,ziyadnz|hourly,2026-08-17T18:48:05Z,2026-08-17T18:48:05Z,
65.49.1.131,ipv4,malicious-ip,medium,WHITE,ziyadnz/hourly-ipv4,ziyadnz|hourly,2026-08-17T18:48:05Z,2026-08-17T18:48:05Z,
65.49.1.133,ipv4,malicious-ip,medium,WHITE,ziyadnz/hourly-ipv4,ziyadnz|hourly,2026-08-17T18:48:05Z,2026-08-17T18:48:05Z,
65.49.1.138,ipv4,malicious-ip,medium,WHITE,ziyadnz/hourly-ipv4,ziyadnz|hourly,2026-08-17T18:48:05Z,2026-08-17T18:48:05Z,
65.49.1.139,ipv4,malicious-ip,medium,WHITE,ziyadnz/hourly-ipv4,ziyadnz|hourly,2026-08-17T18:48:05Z,2026-08-17T18:48:05Z,
65.49.1.14,ipv4,malicious-ip,medium,WHITE,ziyadnz/hourly-ipv4,ziyadnz|hourly,2026-08-17T18:48:05Z,2026-08-17T18:48:05Z,
65.49.1.140,ipv4,malicious-ip,medium,WHITE,ziyadnz/hourly-ipv4,ziyadnz|hourly,2026-08-17T18:48:05Z,2026-08-17T18:48:05Z,
65.49.1.142,ipv4,malicious-ip,medium,WHITE,ziyadnz/hourly-ipv4,ziyadnz|hourly,2026-08-17T18:48:05Z,2026-08-17T18:48:05Z,
65.49.1.143,ipv4,malicious-ip,medium,WHITE,ziyadnz/hourly-ipv4,ziyadnz|hourly,2026-08-17T18:48:05Z,2026-08-17T18:48:05Z,
65.49.1.144,ipv4,malicious-ip,medium,WHITE,ziyadnz/hourly-ipv4,ziyadnz|hourly,2026-08-17T18:48:05Z,2026-08-17T18:48:05Z,
65.49.1.145,ipv4,malicious-ip,medium,WHITE,ziyadnz/hourly-ipv4,ziyadnz|hourly,2026-08-17T18:48:05Z,2026-08-17T18:48:05Z,
65.49.1.146,ipv4,malicious-ip,medium,WHITE,ziyadnz/hourly-ipv4,ziyadnz|hourly,2026-08-17T18:48:05Z,2026-08-17T18:48:05Z,
65.49.1.147,ipv4,malicious-ip,medium,WHITE,ziyadnz/hourly-ipv4,ziyadnz|hourly,2026-08-17T18:48:05Z,2026-08-17T18:48:05Z,
65.49.1.148,ipv4,malicious-ip,medium,WHITE,ziyadnz/hourly-ipv4,ziyadnz|hourly,2026-08-17T18:48:05Z,2026-08-17T18:48:05Z,
65.49.1.149,ipv4,malicious-ip,medium,WHITE,ziyadnz/hourly-ipv4,ziyadnz|hourly,2026-08-17T18:48:05Z,2026-08-17T18:48:05Z,
65.49.1.15,ipv4,malicious-ip,medium,WHITE,ziyadnz/hourly-ipv4,ziyadnz|hourly,2026-08-17T18:48:05Z,2026-08-17T18:48:05Z,
65.49.1.150,ipv4,malicious-ip,medium,WHITE,ziyadnz/hourly-ipv4,ziyadnz|hourly,2026-08-17T18:48:05Z,2026-08-17T18:48:05Z,
65.49.1.151,ipv4,malicious-ip,medium,WHITE,ziyadnz/hourly-ipv4,ziyadnz|hourly,2026-08-17T18:48:05Z,2026-08-17T18:48:05Z,
65.49.1.152,ipv4,malicious-ip,medium,WHITE,ziyadnz/hourly-ipv4,ziyadnz|hourly,2026-08-17T18:48:05Z,2026-08-17T18:48:05Z,
65.49.1.153,ipv4,malicious-ip,medium,WHITE,ziyadnz/hourly-ipv4,ziyadnz|hourly,2026-08-17T18:48:05Z,2026-08-17T18:48:05Z,
65.49.1.154,ipv4,malicious-ip,medium,WHITE,ziyadnz/hourly-ipv4,ziyadnz|hourly,2026-08-17T18:48:05Z,2026-08-17T18:48:05Z,
65.49.1.155,ipv4,malicious-ip,medium,WHITE,ziyadnz/hourly-ipv4,ziyadnz|hourly,2026-08-17T18:48:05Z,2026-08-17T18:48:05Z,
65.49.1.156,ipv4,malicious-ip,medium,WHITE,ziyadnz/hourly-ipv4,ziyadnz|hourly,2026-08-17T18:48:05Z,2026-08-17T18:48:05Z,
65.49.1.157,ipv4,malicious-ip,medium,WHITE,ziyadnz/hourly-ipv4,ziyadnz|hourly,2026-08-17T18:48:05Z,2026-08-17T18:48:05Z,
65.49.1.158,ipv4,malicious-ip,medium,WHITE,ziyadnz/hourly-ipv4,ziyadnz|hourly,2026-08-17T18:48:05Z,2026-08-17T18:48:05Z,
65.49.1.159,ipv4,malicious-ip,medium,WHITE,ziyadnz/hourly-ipv4,ziyadnz|hourly,2026-08-17T18:48:05Z,2026-08-17T18:48:05Z,
65.49.1.16,ipv4,malicious-ip,medium,WHITE,ziyadnz/hourly-ipv4,ziyadnz|hourly,2026-08-17T18:48:05Z,2026-08-17T18:48:05Z,
65.49.1.160,ipv4,malicious-ip,medium,WHITE,ziyadnz/hourly-ipv4,ziyadnz|hourly,2026-08-17T18:48:05Z,2026-08-17T18:48:05Z,
65.49.1.161,ipv4,malicious-ip,medium,WHITE,ziyadnz/hourly-ipv4,ziyadnz|hourly,2026-08-17T18:48:05Z,2026-08-17T18:48:05Z,
65.49.1.162,ipv4,malicious-ip,medium,WHITE,ziyadnz/hourly-ipv4,ziyadnz|hourly,2026-08-17T18:48:05Z,2026-08-17T18:48:05Z,
65.49.1.163,ipv4,malicious-ip,medium,WHITE,ziyadnz/hourly-ipv4,ziyadnz|hourly,2026-08-17T18:48:05Z,2026-08-17T18:48:05Z,
65.49.1.164,ipv4,malicious-ip,medium,WHITE,ziyadnz/hourly-ipv4,ziyadnz|hourly,2026-08-17T18:48:05Z,2026-08-17T18:48:05Z,
65.49.1.165,ipv4,malicious-ip,medium,WHITE,ziyadnz/hourly-ipv4,ziyadnz|hourly,2026-08-17T18:48:05Z,2026-08-17T18:48:05Z,
65.49.1.166,ipv4,malicious-ip,medium,WHITE,ziyadnz/hourly-ipv4,ziyadnz|hourly,2026-08-17T18:48:05Z,2026-08-17T18:48:05Z,
65.49.1.167,ipv4,malicious-ip,medium,WHITE,ziyadnz/hourly-ipv4,ziyadnz|hourly,2026-08-17T18:48:05Z,2026-08-17T18:48:05Z,
65.49.1.168,ipv4,malicious-ip,medium,WHITE,ziyadnz/hourly-ipv4,ziyadnz|hourly,2026-08-17T18:48:05Z,2026-08-17T18:48:05Z,
65.49.1.169,ipv4,malicious-ip,medium,WHITE,ziyadnz/hourly-ipv4,ziyadnz|hourly,2026-08-17T18:48:05Z,2026-08-17T18:48:05Z,
65.49.1.17,ipv4,malicious-ip,medium,WHITE,ziyadnz/hourly-ipv4,ziyadnz|hourly,2026-08-17T18:48:05Z,2026-08-17T18:48:05Z,
65.49.1.170,ipv4,malicious-ip,medium,WHITE,ziyadnz/hourly-ipv4,ziyadnz|hourly,2026-08-17T18:48:05Z,2026-08-17T18:48:05Z,
65.49.1.171,ipv4,malicious-ip,medium,WHITE,ziyadnz/hourly-ipv4,ziyadnz|hourly,2026-08-17T18:48:05Z,2026-08-17T18:48:05Z,
65.49.1.172,ipv4,malicious-ip,medium,WHITE,ziyadnz/hourly-ipv4,ziyadnz|hourly,2026-08-17T18:48:05Z,2026-08-17T18:48:05Z,
65.49.1.173,ipv4,malicious-ip,medium,WHITE,ziyadnz/hourly-ipv4,ziyadnz|hourly,2026-08-17T18:48:05Z,2026-08-17T18:48:05Z,
65.49.1.174,ipv4,malicious-ip,medium,WHITE,ziyadnz/hourly-ipv4,ziyadnz|hourly,2026-08-17T18:48:05Z,2026-08-17T18:48:05Z,
65.49.1.175,ipv4,malicious-ip,medium,WHITE,ziyadnz/hourly-ipv4,ziyadnz|hourly,2026-08-17T18:48:05Z,2026-08-17T18:48:05Z,
65.49.1.176,ipv4,malicious-ip,medium,WHITE,ziyadnz/hourly-ipv4,ziyadnz|hourly,2026-08-17T18:48:05Z,2026-08-17T18:48:05Z,
65.49.1.177,ipv4,malicious-ip,medium,WHITE,ziyadnz/hourly-ipv4,ziyadnz|hourly,2026-08-17T18:48:05Z,2026-08-17T18:48:05Z,
65.49.1.178,ipv4,malicious-ip,medium,WHITE,ziyadnz/hourly-ipv4,ziyadnz|hourly,2026-08-17T18:48:05Z,2026-08-17T18:48:05Z,
65.49.1.179,ipv4,malicious-ip,medium,WHITE,ziyadnz/hourly-ipv4,ziyadnz|hourly,2026-08-17T18:48:05Z,2026-08-17T18:48:05Z,
65.49.1.18,ipv4,malicious-ip,medium,WHITE,ziyadnz/hourly-ipv4,ziyadnz|hourly,2026-08-17T18:48:05Z,2026-08-17T18:48:05Z,
65.49.1.180,ipv4,malicious-ip,medium,WHITE,ziyadnz/hourly-ipv4,ziyadnz|hourly,2026-08-17T18:48:05Z,2026-08-17T18:48:05Z,
65.49.1.181,ipv4,malicious-ip,medium,WHITE,ziyadnz/hourly-ipv4,ziyadnz|hourly,2026-08-17T18:48:05Z,2026-08-17T18:48:05Z,
65.49.1.183,ipv4,malicious-ip,medium,WHITE,ziyadnz/hourly-ipv4,ziyadnz|hourly,2026-08-17T18:48:05Z,2026-08-17T18:48:05Z,
65.49.1.184,ipv4,malicious-ip,medium,WHITE,ziyadnz/hourly-ipv4,ziyadnz|hourly,2026-08-17T18:48:05Z,2026-08-17T18:48:05Z,
65.49.1.185,ipv4,malicious-ip,medium,WHITE,ziyadnz/hourly-ipv4,ziyadnz|hourly,2026-08-17T18:48:05Z,2026-08-17T18:48:05Z,
65.49.1.186,ipv4,malicious-ip,medium,WHITE,ziyadnz/hourly-ipv4,ziyadnz|hourly,2026-08-17T18:48:05Z,2026-08-17T18:48:05Z,
65.49.1.187,ipv4,malicious-ip,medium,WHITE,ziyadnz/hourly-ipv4,ziyadnz|hourly,2026-08-17T18:48:05Z,2026-08-17T18:48:05Z,
65.49.1.188,ipv4,malicious-ip,medium,WHITE,ziyadnz/hourly-ipv4,ziyadnz|hourly,2026-08-17T18:48:05Z,2026-08-17T18:48:05Z,
65.49.1.189,ipv4,malicious-ip,medium,WHITE,ziyadnz/hourly-ipv4,ziyadnz|hourly,2026-08-17T18:48:05Z,2026-08-17T18:48:05Z,
65.49.1.19,ipv4,malicious-ip,medium,WHITE,ziyadnz/hourly-ipv4,ziyadnz|hourly,2026-08-17T18:48:05Z,2026-08-17T18:48:05Z,
65.49.1.190,ipv4,malicious-ip,medium,WHITE,ziyadnz/hourly-ipv4,ziyadnz|hourly,2026-08-17T18:48:05Z,2026-08-17T18:48:05Z,
65.49.1.191,ipv4,malicious-ip,medium,WHITE,ziyadnz/hourly-ipv4,ziyadnz|hourly,2026-08-17T18:48:05Z,2026-08-17T18:48:05Z,
65.49.1.192,ipv4,malicious-ip,medium,WHITE,ziyadnz/hourly-ipv4,ziyadnz|hourly,2026-08-17T18:48:05Z,2026-08-17T18:48:05Z,
65.49.1.193,ipv4,malicious-ip,medium,WHITE,ziyadnz/hourly-ipv4,ziyadnz|hourly,2026-08-17T18:48:05Z,2026-08-17T18:48:05Z,
65.49.1.194,ipv4,malicious-ip,medium,WHITE,ziyadnz/hourly-ipv4,ziyadnz|hourly,2026-08-17T18:48:05Z,2026-08-17T18:48:05Z,
65.49.1.195,ipv4,malicious-ip,medium,WHITE,ziyadnz/hourly-ipv4,ziyadnz|hourly,2026-08-17T18:48:05Z,2026-08-17T18:48:05Z,
65.49.1.196,ipv4,malicious-ip,medium,WHITE,ziyadnz/hourly-ipv4,ziyadnz|hourly,2026-08-17T18:48:05Z,2026-08-17T18:48:05Z,
65.49.1.197,ipv4,malicious-ip,medium,WHITE,ziyadnz/hourly-ipv4,ziyadnz|hourly,2026-08-17T18:48:05Z,2026-08-17T18:48:05Z,
65.49.1.198,ipv4,malicious-ip,medium,WHITE,ziyadnz/hourly-ipv4,ziyadnz|hourly,2026-08-17T18:48:05Z,2026-08-17T18:48:05Z,
65.49.1.199,ipv4,malicious-ip,medium,WHITE,ziyadnz/hourly-ipv4,ziyadnz|hourly,2026-08-17T18:48:05Z,2026-08-17T18:48:05Z,
65.49.1.20,ipv4,malicious-ip,medium,WHITE,ziyadnz/hourly-ipv4,ziyadnz|hourly,2026-08-17T18:48:05Z,2026-08-17T18:48:05Z,
65.49.1.200,ipv4,malicious-ip,medium,WHITE,ziyadnz/hourly-ipv4,ziyadnz|hourly,2026-08-17T18:48:05Z,2026-08-17T18:48:05Z,
65.49.1.201,ipv4,malicious-ip,medium,WHITE,ziyadnz/hourly-ipv4,ziyadnz|hourly,2026-08-17T18:48:05Z,2026-08-17T18:48:05Z,
65.49.1.203,ipv4,malicious-ip,medium,WHITE,ziyadnz/hourly-ipv4,ziyadnz|hourly,2026-08-17T18:48:05Z,2026-08-17T18:48:05Z,
65.49.1.204,ipv4,malicious-ip,medium,WHITE,ziyadnz/hourly-ipv4,ziyadnz|hourly,2026-08-17T18:48:05Z,2026-08-17T18:48:05Z,
65.49.1.205,ipv4,malicious-ip,medium,WHITE,ziyadnz/hourly-ipv4,ziyadnz|hourly,2026-08-17T18:48:05Z,2026-08-17T18:48:05Z,
65.49.1.206,ipv4,malicious-ip,medium,WHITE,ziyadnz/hourly-ipv4,ziyadnz|hourly,2026-08-17T18:48:05Z,2026-08-17T18:48:05Z,
65.49.1.207,ipv4,malicious-ip,medium,WHITE,ziyadnz/hourly-ipv4,ziyadnz|hourly,2026-08-17T18:48:05Z,2026-08-17T18:48:05Z,
65.49.1.208,ipv4,malicious-ip,medium,WHITE,ziyadnz/hourly-ipv4,ziyadnz|hourly,2026-08-17T18:48:05Z,2026-08-17T18:48:05Z,
65.49.1.209,ipv4,malicious-ip,medium,WHITE,ziyadnz/hourly-ipv4,ziyadnz|hourly,2026-08-17T18:48:05Z,2026-08-17T18:48:05Z,
65.49.1.21,ipv4,malicious-ip,medium,WHITE,ziyadnz/hourly-ipv4,ziyadnz|hourly,2026-08-17T18:48:05Z,2026-08-17T18:48:05Z,
65.49.1.210,ipv4,malicious-ip,medium,WHITE,ziyadnz/hourly-ipv4,ziyadnz|hourly,2026-08-17T18:48:05Z,2026-08-17T18:48:05Z,
65.49.1.211,ipv4,malicious-ip,medium,WHITE,ziyadnz/hourly-ipv4,ziyadnz|hourly,2026-08-17T18:48:05Z,2026-08-17T18:48:05Z,
65.49.1.212,ipv4,malicious-ip,medium,WHITE,ziyadnz/hourly-ipv4,ziyadnz|hourly,2026-08-17T18:48:05Z,2026-08-17T18:48:05Z,
65.49.1.213,ipv4,malicious-ip,medium,WHITE,ziyadnz/hourly-ipv4,ziyadnz|hourly,2026-08-17T18:48:05Z,2026-08-17T18:48:05Z,
65.49.1.214,ipv4,malicious-ip,medium,WHITE,ziyadnz/hourly-ipv4,ziyadnz|hourly,2026-08-17T18:48:05Z,2026-08-17T18:48:05Z,
65.49.1.215,ipv4,malicious-ip,medium,WHITE,ziyadnz/hourly-ipv4,ziyadnz|hourly,2026-08-17T18:48:05Z,2026-08-17T18:48:05Z,
65.49.1.216,ipv4,malicious-ip,medium,WHITE,ziyadnz/hourly-ipv4,ziyadnz|hourly,2026-08-17T18:48:05Z,2026-08-17T18:48:05Z,
65.49.1.217,ipv4,malicious-ip,medium,WHITE,ziyadnz/hourly-ipv4,ziyadnz|hourly,2026-08-17T18:48:05Z,2026-08-17T18:48:05Z,
65.49.1.218,ipv4,malicious-ip,medium,WHITE,ziyadnz/hourly-ipv4,ziyadnz|hourly,2026-08-17T18:48:05Z,2026-08-17T18:48:05Z,
65.49.1.219,ipv4,malicious-ip,medium,WHITE,ziyadnz/hourly-ipv4,ziyadnz|hourly,2026-08-17T18:48:05Z,2026-08-17T18:48:05Z,
65.49.1.22,ipv4,malicious-ip,medium,WHITE,ziyadnz/hourly-ipv4,ziyadnz|hourly,2026-08-17T18:48:05Z,2026-08-17T18:48:05Z,
65.49.1.220,ipv4,malicious-ip,medium,WHITE,ziyadnz/hourly-ipv4,ziyadnz|hourly,2026-08-17T18:48:05Z,2026-08-17T18:48:05Z,
65.49.1.221,ipv4,malicious-ip,medium,WHITE,ziyadnz/hourly-ipv4,ziyadnz|hourly,2026-08-17T18:48:05Z,2026-08-17T18:48:05Z,
65.49.1.222,ipv4,malicious-ip,medium,WHITE,ziyadnz/hourly-ipv4,ziyadnz|hourly,2026-08-17T18:48:05Z,2026-08-17T18:48:05Z,
65.49.1.223,ipv4,malicious-ip,medium,WHITE,ziyadnz/hourly-ipv4,ziyadnz|hourly,2026-08-17T18:48:05Z,2026-08-17T18:48:05Z,
65.49.1.224,ipv4,malicious-ip,medium,WHITE,ziyadnz/hourly-ipv4,ziyadnz|hourly,2026-08-17T18:48:05Z,2026-08-17T18:48:05Z,
65.49.1.225,ipv4,malicious-ip,medium,WHITE,ziyadnz/hourly-ipv4,ziyadnz|hourly,2026-08-17T18:48:05Z,2026-08-17T18:48:05Z,
65.49.1.226,ipv4,malicious-ip,medium,WHITE,ziyadnz/hourly-ipv4,ziyadnz|hourly,2026-08-17T18:48:05Z,2026-08-17T18:48:05Z,
65.49.1.227,ipv4,malicious-ip,medium,WHITE,ziyadnz/hourly-ipv4,ziyadnz|hourly,2026-08-17T18:48:05Z,2026-08-17T18:48:05Z,
65.49.1.228,ipv4,malicious-ip,medium,WHITE,ziyadnz/hourly-ipv4,ziyadnz|hourly,2026-08-17T18:48:05Z,2026-08-17T18:48:05Z,
65.49.1.229,ipv4,malicious-ip,medium,WHITE,ziyadnz/hourly-ipv4,ziyadnz|hourly,2026-08-17T18:48:05Z,2026-08-17T18:48:05Z,
65.49.1.23,ipv4,malicious-ip,medium,WHITE,ziyadnz/hourly-ipv4,ziyadnz|hourly,2026-08-17T18:48:05Z,2026-08-17T18:48:05Z,
65.49.1.230,ipv4,malicious-ip,medium,WHITE,ziyadnz/hourly-ipv4,ziyadnz|hourly,2026-08-17T18:48:05Z,2026-08-17T18:48:05Z,
65.49.1.231,ipv4,malicious-ip,medium,WHITE,ziyadnz/hourly-ipv4,ziyadnz|hourly,2026-08-17T18:48:05Z,2026-08-17T18:48:05Z,
65.49.1.232,ipv4,malicious-ip,medium,WHITE,ziyadnz/hourly-ipv4,ziyadnz|hourly,2026-08-17T18:48:05Z,2026-08-17T18:48:05Z,
65.49.1.233,ipv4,malicious-ip,medium,WHITE,ziyadnz/hourly-ipv4,ziyadnz|hourly,2026-08-17T18:48:05Z,2026-08-17T18:48:05Z,
65.49.1.234,ipv4,malicious-ip,medium,WHITE,ziyadnz/hourly-ipv4,ziyadnz|hourly,2026-08-17T18:48:05Z,2026-08-17T18:48:05Z,
65.49.1.235,ipv4,malicious-ip,medium,WHITE,ziyadnz/hourly-ipv4,ziyadnz|hourly,2026-08-17T18:48:05Z,2026-08-17T18:48:05Z,
65.49.1.236,ipv4,malicious-ip,medium,WHITE,ziyadnz/hourly-ipv4,ziyadnz|hourly,2026-08-17T18:48:05Z,2026-08-17T18:48:05Z,
65.49.1.237,ipv4,malicious-ip,medium,WHITE,ziyadnz/hourly-ipv4,ziyadnz|hourly,2026-08-17T18:48:05Z,2026-08-17T18:48:05Z,
65.49.1.238,ipv4,malicious-ip,medium,WHITE,ziyadnz/hourly-ipv4,ziyadnz|hourly,2026-08-17T18:48:05Z,2026-08-17T18:48:05Z,
65.49.1.239,ipv4,malicious-ip,medium,WHITE,ziyadnz/hourly-ipv4,ziyadnz|hourly,2026-08-17T18:48:05Z,2026-08-17T18:48:05Z,
65.49.1.24,ipv4,malicious-ip,medium,WHITE,ziyadnz/hourly-ipv4,ziyadnz|hourly,2026-08-17T18:48:05Z,2026-08-17T18:48:05Z,
65.49.1.240,ipv4,malicious-ip,medium,WHITE,ziyadnz/hourly-ipv4,ziyadnz|hourly,2026-08-17T18:48:05Z,2026-08-17T18:48:05Z,
65.49.1.241,ipv4,malicious-ip,medium,WHITE,ziyadnz/hourly-ipv4,ziyadnz|hourly,2026-08-17T18:48:05Z,2026-08-17T18:48:05Z,
65.49.1.25,ipv4,malicious-ip,medium,WHITE,ziyadnz/hourly-ipv4,ziyadnz|hourly,2026-08-17T18:48:05Z,2026-08-17T18:48:05Z,
65.49.1.26,ipv4,malicious-ip,medium,WHITE,ziyadnz/hourly-ipv4,ziyadnz|hourly,2026-08-17T18:48:05Z,2026-08-17T18:48:05Z,
65.49.1.27,ipv4,malicious-ip,medium,WHITE,ziyadnz/hourly-ipv4,ziyadnz|hourly,2026-08-17T18:48:05Z,2026-08-17T18:48:05Z,
65.49.1.28,ipv4,malicious-ip,medium,WHITE,ziyadnz/hourly-ipv4,ziyadnz|hourly,2026-08-17T18:48:05Z,2026-08-17T18:48:05Z,
65.49.1.29,ipv4,malicious-ip,medium,WHITE,ziyadnz/hourly-ipv4,ziyadnz|hourly,2026-08-17T18:48:05Z,2026-08-17T18:48:05Z,
65.49.1.30,ipv4,malicious-ip,medium,WHITE,ziyadnz/hourly-ipv4,ziyadnz|hourly,2026-08-17T18:48:05Z,2026-08-17T18:48:05Z,
65.49.1.31,ipv4,malicious-ip,medium,WHITE,ziyadnz/hourly-ipv4,ziyadnz|hourly,2026-08-17T18:48:05Z,2026-08-17T18:48:05Z,
65.49.1.32,ipv4,malicious-ip,medium,WHITE,ziyadnz/hourly-ipv4,ziyadnz|hourly,2026-08-17T18:48:05Z,2026-08-17T18:48:05Z,
65.49.1.33,ipv4,malicious-ip,medium,WHITE,ziyadnz/hourly-ipv4,ziyadnz|hourly,2026-08-17T18:48:05Z,2026-08-17T18:48:05Z,
65.49.1.34,ipv4,malicious-ip,medium,WHITE,ziyadnz/hourly-ipv4,ziyadnz|hourly,2026-08-17T18:48:05Z,2026-08-17T18:48:05Z,
65.49.1.35,ipv4,malicious-ip,medium,WHITE,ziyadnz/hourly-ipv4,ziyadnz|hourly,2026-08-17T18:48:05Z,2026-08-17T18:48:05Z,
65.49.1.36,ipv4,malicious-ip,medium,WHITE,ziyadnz/hourly-ipv4,ziyadnz|hourly,2026-08-17T18:48:05Z,2026-08-17T18:48:05Z,
65.49.1.37,ipv4,malicious-ip,medium,WHITE,ziyadnz/hourly-ipv4,ziyadnz|hourly,2026-08-17T18:48:05Z,2026-08-17T18:48:05Z,
65.49.1.38,ipv4,malicious-ip,medium,WHITE,ziyadnz/hourly-ipv4,ziyadnz|hourly,2026-08-17T18:48:05Z,2026-08-17T18:48:05Z,
65.49.1.39,ipv4,malicious-ip,medium,WHITE,ziyadnz/hourly-ipv4,ziyadnz|hourly,2026-08-17T18:48:05Z,2026-08-17T18:48:05Z,
65.49.1.40,ipv4,malicious-ip,medium,WHITE,ziyadnz/hourly-ipv4,ziyadnz|hourly,2026-08-17T18:48:05Z,2026-08-17T18:48:05Z,
65.49.1.41,ipv4,malicious-ip,medium,WHITE,ziyadnz/hourly-ipv4,ziyadnz|hourly,2026-08-17T18:48:05Z,2026-08-17T18:48:05Z,
65.49.1.42,ipv4,malicious-ip,medium,WHITE,ziyadnz/hourly-ipv4,ziyadnz|hourly,2026-08-17T18:48:05Z,2026-08-17T18:48:05Z,
65.49.1.43,ipv4,malicious-ip,medium,WHITE,ziyadnz/hourly-ipv4,ziyadnz|hourly,2026-08-17T18:48:05Z,2026-08-17T18:48:05Z,
65.49.1.44,ipv4,malicious-ip,medium,WHITE,ziyadnz/hourly-ipv4,ziyadnz|hourly,2026-08-17T18:48:05Z,2026-08-17T18:48:05Z,
65.49.1.45,ipv4,malicious-ip,medium,WHITE,ziyadnz/hourly-ipv4,ziyadnz|hourly,2026-08-17T18:48:05Z,2026-08-17T18:48:05Z,
65.49.1.46,ipv4,malicious-ip,medium,WHITE,ziyadnz/hourly-ipv4,ziyadnz|hourly,2026-08-17T18:48:05Z,2026-08-17T18:48:05Z,
65.49.1.47,ipv4,malicious-ip,medium,WHITE,ziyadnz/hourly-ipv4,ziyadnz|hourly,2026-08-17T18:48:05Z,2026-08-17T18:48:05Z,
65.49.1.48,ipv4,malicious-ip,medium,WHITE,ziyadnz/hourly-ipv4,ziyadnz|hourly,2026-08-17T18:48:05Z,2026-08-17T18:48:05Z,
65.49.1.49,ipv4,malicious-ip,medium,WHITE,ziyadnz/hourly-ipv4,ziyadnz|hourly,2026-08-17T18:48:05Z,2026-08-17T18:48:05Z,
65.49.1.50,ipv4,malicious-ip,medium,WHITE,ziyadnz/hourly-ipv4,ziyadnz|hourly,2026-08-17T18:48:05Z,2026-08-17T18:48:05Z,
65.49.1.51,ipv4,malicious-ip,medium,WHITE,ziyadnz/hourly-ipv4,ziyadnz|hourly,2026-08-17T18:48:05Z,2026-08-17T18:48:05Z,
65.49.1.52,ipv4,malicious-ip,medium,WHITE,ziyadnz/hourly-ipv4,ziyadnz|hourly,2026-08-17T18:48:05Z,2026-08-17T18:48:05Z,
65.49.1.53,ipv4,malicious-ip,medium,WHITE,ziyadnz/hourly-ipv4,ziyadnz|hourly,2026-08-17T18:48:05Z,2026-08-17T18:48:05Z,
65.49.1.54,ipv4,malicious-ip,medium,WHITE,ziyadnz/hourly-ipv4,ziyadnz|hourly,2026-08-17T18:48:05Z,2026-08-17T18:48:05Z,
65.49.1.55,ipv4,malicious-ip,medium,WHITE,ziyadnz/hourly-ipv4,ziyadnz|hourly,2026-08-17T18:48:05Z,2026-08-17T18:48:05Z,
65.49.1.56,ipv4,malicious-ip,medium,WHITE,ziyadnz/hourly-ipv4,ziyadnz|hourly,2026-08-17T18:48:05Z,2026-08-17T18:48:05Z,
65.49.1.57,ipv4,malicious-ip,medium,WHITE,ziyadnz/hourly-ipv4,ziyadnz|hourly,2026-08-17T18:48:05Z,2026-08-17T18:48:05Z,
65.49.1.58,ipv4,malicious-ip,medium,WHITE,ziyadnz/hourly-ipv4,ziyadnz|hourly,2026-08-17T18:48:05Z,2026-08-17T18:48:05Z,
65.49.1.59,ipv4,malicious-ip,medium,WHITE,ziyadnz/hourly-ipv4,ziyadnz|hourly,2026-08-17T18:48:05Z,2026-08-17T18:48:05Z,
65.49.1.60,ipv4,malicious-ip,medium,WHITE,ziyadnz/hourly-ipv4,ziyadnz|hourly,2026-08-17T18:48:05Z,2026-08-17T18:48:05Z,
65.49.1.61,ipv4,malicious-ip,medium,WHITE,ziyadnz/hourly-ipv4,ziyadnz|hourly,2026-08-17T18:48:05Z,2026-08-17T18:48:05Z,
65.49.1.62,ipv4,malicious-ip,medium,WHITE,ziyadnz/hourly-ipv4,ziyadnz|hourly,2026-08-17T18:48:05Z,2026-08-17T18:48:05Z,
65.49.1.63,ipv4,malicious-ip,medium,WHITE,ziyadnz/hourly-ipv4,ziyadnz|hourly,2026-08-17T18:48:05Z,2026-08-17T18:48:05Z,
65.49.1.64,ipv4,malicious-ip,medium,WHITE,ziyadnz/hourly-ipv4,ziyadnz|hourly,2026-08-17T18:48:05Z,2026-08-17T18:48:05Z,
65.49.1.65,ipv4,malicious-ip,medium,WHITE,ziyadnz/hourly-ipv4,ziyadnz|hourly,2026-08-17T18:48:05Z,2026-08-17T18:48:05Z,
65.49.1.66,ipv4,malicious-ip,medium,WHITE,ziyadnz/hourly-ipv4,ziyadnz|hourly,2026-08-17T18:48:05Z,2026-08-17T18:48:05Z,
65.49.1.67,ipv4,malicious-ip,medium,WHITE,ziyadnz/hourly-ipv4,ziyadnz|hourly,2026-08-17T18:48:05Z,2026-08-17T18:48:05Z,
65.49.1.68,ipv4,malicious-ip,medium,WHITE,ziyadnz/hourly-ipv4,ziyadnz|hourly,2026-08-17T18:48:05Z,2026-08-17T18:48:05Z,
65.49.1.69,ipv4,malicious-ip,medium,WHITE,ziyadnz/hourly-ipv4,ziyadnz|hourly,2026-08-17T18:48:05Z,2026-08-17T18:48:05Z,
65.49.1.70,ipv4,malicious-ip,medium,WHITE,ziyadnz/hourly-ipv4,ziyadnz|hourly,2026-08-17T18:48:05Z,2026-08-17T18:48:05Z,
65.49.1.71,ipv4,malicious-ip,medium,WHITE,ziyadnz/hourly-ipv4,ziyadnz|hourly,2026-08-17T18:48:05Z,2026-08-17T18:48:05Z,
65.49.1.72,ipv4,malicious-ip,medium,WHITE,ziyadnz/hourly-ipv4,ziyadnz|hourly,2026-08-17T18:48:05Z,2026-08-17T18:48:05Z,
65.49.1.73,ipv4,malicious-ip,medium,WHITE,ziyadnz/hourly-ipv4,ziyadnz|hourly,2026-08-17T18:48:05Z,2026-08-17T18:48:05Z,
65.49.1.74,ipv4,malicious-ip,medium,WHITE,ziyadnz/hourly-ipv4,ziyadnz|hourly,2026-08-17T18:48:05Z,2026-08-17T18:48:05Z,
65.49.1.75,ipv4,malicious-ip,medium,WHITE,ziyadnz/hourly-ipv4,ziyadnz|hourly,2026-08-17T18:48:05Z,2026-08-17T18:48:05Z,
65.49.1.76,ipv4,malicious-ip,medium,WHITE,ziyadnz/hourly-ipv4,ziyadnz|hourly,2026-08-17T18:48:05Z,2026-08-17T18:48:05Z,
65.49.1.77,ipv4,malicious-ip,medium,WHITE,ziyadnz/hourly-ipv4,ziyadnz|hourly,2026-08-17T18:48:05Z,2026-08-17T18:48:05Z,
65.49.1.78,ipv4,malicious-ip,medium,WHITE,ziyadnz/hourly-ipv4,ziyadnz|hourly,2026-08-17T18:48:05Z,2026-08-17T18:48:05Z,
65.49.1.79,ipv4,malicious-ip,medium,WHITE,ziyadnz/hourly-ipv4,ziyadnz|hourly,2026-08-17T18:48:05Z,2026-08-17T18:48:05Z,
65.49.1.80,ipv4,malicious-ip,medium,WHITE,ziyadnz/hourly-ipv4,ziyadnz|hourly,2026-08-17T18:48:05Z,2026-08-17T18:48:05Z,
65.49.1.81,ipv4,malicious-ip,medium,WHITE,ziyadnz/hourly-ipv4,ziyadnz|hourly,2026-08-17T18:48:05Z,2026-08-17T18:48:05Z,
65.49.1.82,ipv4,malicious-ip,medium,WHITE,ziyadnz/hourly-ipv4,ziyadnz|hourly,2026-08-17T18:48:05Z,2026-08-17T18:48:05Z,
65.49.1.83,ipv4,malicious-ip,medium,WHITE,ziyadnz/hourly-ipv4,ziyadnz|hourly,2026-08-17T18:48:05Z,2026-08-17T18:48:05Z,
65.49.1.84,ipv4,malicious-ip,medium,WHITE,ziyadnz/hourly-ipv4,ziyadnz|hourly,2026-08-17T18:48:05Z,2026-08-17T18:48:05Z,
65.49.1.85,ipv4,malicious-ip,medium,WHITE,ziyadnz/hourly-ipv4,ziyadnz|hourly,2026-08-17T18:48:05Z,2026-08-17T18:48:05Z,
65.49.1.86,ipv4,malicious-ip,medium,WHITE,ziyadnz/hourly-ipv4,ziyadnz|hourly,2026-08-17T18:48:05Z,2026-08-17T18:48:05Z,
65.49.1.87,ipv4,malicious-ip,medium,WHITE,ziyadnz/hourly-ipv4,ziyadnz|hourly,2026-08-17T18:48:05Z,2026-08-17T18:48:05Z,
65.49.1.88,ipv4,malicious-ip,medium,WHITE,ziyadnz/hourly-ipv4,ziyadnz|hourly,2026-08-17T18:48:05Z,2026-08-17T18:48:05Z,
65.49.1.89,ipv4,malicious-ip,medium,WHITE,ziyadnz/hourly-ipv4,ziyadnz|hourly,2026-08-17T18:48:05Z,2026-08-17T18:48:05Z,
65.49.1.90,ipv4,malicious-ip,medium,WHITE,ziyadnz/hourly-ipv4,ziyadnz|hourly,2026-08-17T18:48:05Z,2026-08-17T18:48:05Z,
65.49.1.91,ipv4,malicious-ip,medium,WHITE,ziyadnz/hourly-ipv4,ziyadnz|hourly,2026-08-17T18:48:05Z,2026-08-17T18:48:05Z,
65.49.1.92,ipv4,malicious-ip,medium,WHITE,ziyadnz/hourly-ipv4,ziyadnz|hourly,2026-08-17T18:48:05Z,2026-08-17T18:48:05Z,
65.49.1.93,ipv4,malicious-ip,medium,WHITE,ziyadnz/hourly-ipv4,ziyadnz|hourly,2026-08-17T18:48:05Z,2026-08-17T18:48:05Z,
65.49.1.94,ipv4,malicious-ip,medium,WHITE,ziyadnz/hourly-ipv4,ziyadnz|hourly,2026-08-17T18:48:05Z,2026-08-17T18:48:05Z,
65.49.1.95,ipv4,malicious-ip,medium,WHITE,ziyadnz/hourly-ipv4,ziyadnz|hourly,2026-08-17T18:48:05Z,2026-08-17T18:48:05Z,
65.49.1.96,ipv4,malicious-ip,medium,WHITE,ziyadnz/hourly-ipv4,ziyadnz|hourly,2026-08-17T18:48:05Z,2026-08-17T18:48:05Z,
65.49.1.97,ipv4,malicious-ip,medium,WHITE,ziyadnz/hourly-ipv4,ziyadnz|hourly,2026-08-17T18:48:05Z,2026-08-17T18:48:05Z,
65.49.1.98,ipv4,malicious-ip,medium,WHITE,ziyadnz/hourly-ipv4,ziyadnz|hourly,2026-08-17T18:48:05Z,2026-08-17T18:48:05Z,
65.49.1.99,ipv4,malicious-ip,medium,WHITE,ziyadnz/hourly-ipv4,ziyadnz|hourly,2026-08-17T18:48:05Z,2026-08-17T18:48:05Z,
65.49.20.0,ipv4,malicious-ip,medium,WHITE,ziyadnz/hourly-ipv4,ziyadnz|hourly,2026-08-17T18:48:05Z,2026-08-17T18:48:05Z,
65.49.20.100,ipv4,malicious-ip,medium,WHITE,ziyadnz/hourly-ipv4,ziyadnz|hourly,2026-08-17T18:48:05Z,2026-08-17T18:48:05Z,
65.49.20.101,ipv4,malicious-ip,medium,WHITE,ziyadnz/hourly-ipv4,ziyadnz|hourly,2026-08-17T18:48:05Z,2026-08-17T18:48:05Z,
65.49.20.102,ipv4,malicious-ip,medium,WHITE,ziyadnz/hourly-ipv4,ziyadnz|hourly,2026-08-17T18:48:05Z,2026-08-17T18:48:05Z,
65.49.20.103,ipv4,malicious-ip,medium,WHITE,ziyadnz/hourly-ipv4,ziyadnz|hourly,2026-08-17T18:48:05Z,2026-08-17T18:48:05Z,
65.49.20.104,ipv4,malicious-ip,medium,WHITE,ziyadnz/hourly-ipv4,ziyadnz|hourly,2026-08-17T18:48:05Z,2026-08-17T18:48:05Z,
65.49.20.105,ipv4,malicious-ip,medium,WHITE,ziyadnz/hourly-ipv4,ziyadnz|hourly,2026-08-17T18:48:05Z,2026-08-17T18:48:05Z,
65.49.20.106,ipv4,malicious-ip,medium,WHITE,ziyadnz/hourly-ipv4,ziyadnz|hourly,2026-08-17T18:48:05Z,2026-08-17T18:48:05Z,
65.49.20.107,ipv4,malicious-ip,medium,WHITE,ziyadnz/hourly-ipv4,ziyadnz|hourly,2026-08-17T18:48:05Z,2026-08-17T18:48:05Z,
65.49.20.108,ipv4,malicious-ip,medium,WHITE,ziyadnz/hourly-ipv4,ziyadnz|hourly,2026-08-17T18:48:05Z,2026-08-17T18:48:05Z,
65.49.20.109,ipv4,malicious-ip,medium,WHITE,ziyadnz/hourly-ipv4,ziyadnz|hourly,2026-08-17T18:48:05Z,2026-08-17T18:48:05Z,
65.49.20.110,ipv4,malicious-ip,medium,WHITE,ziyadnz/hourly-ipv4,ziyadnz|hourly,2026-08-17T18:48:05Z,2026-08-17T18:48:05Z,
65.49.20.111,ipv4,malicious-ip,medium,WHITE,ziyadnz/hourly-ipv4,ziyadnz|hourly,2026-08-17T18:48:05Z,2026-08-17T18:48:05Z,
65.49.20.112,ipv4,malicious-ip,medium,WHITE,ziyadnz/hourly-ipv4,ziyadnz|hourly,2026-08-17T18:48:05Z,2026-08-17T18:48:05Z,
65.49.20.113,ipv4,malicious-ip,medium,WHITE,ziyadnz/hourly-ipv4,ziyadnz|hourly,2026-08-17T18:48:05Z,2026-08-17T18:48:05Z,
65.49.20.114,ipv4,malicious-ip,medium,WHITE,ziyadnz/hourly-ipv4,ziyadnz|hourly,2026-08-17T18:48:05Z,2026-08-17T18:48:05Z,
65.49.20.115,ipv4,malicious-ip,medium,WHITE,ziyadnz/hourly-ipv4,ziyadnz|hourly,2026-08-17T18:48:05Z,2026-08-17T18:48:05Z,
65.49.20.116,ipv4,malicious-ip,medium,WHITE,ziyadnz/hourly-ipv4,ziyadnz|hourly,2026-08-17T18:48:05Z,2026-08-17T18:48:05Z,
65.49.20.117,ipv4,malicious-ip,medium,WHITE,ziyadnz/hourly-ipv4,ziyadnz|hourly,2026-08-17T18:48:05Z,2026-08-17T18:48:05Z,
65.49.20.118,ipv4,malicious-ip,medium,WHITE,ziyadnz/hourly-ipv4,ziyadnz|hourly,2026-08-17T18:48:05Z,2026-08-17T18:48:05Z,
65.49.20.119,ipv4,malicious-ip,medium,WHITE,ziyadnz/hourly-ipv4,ziyadnz|hourly,2026-08-17T18:48:05Z,2026-08-17T18:48:05Z,
65.49.20.120,ipv4,malicious-ip,medium,WHITE,ziyadnz/hourly-ipv4,ziyadnz|hourly,2026-08-17T18:48:05Z,2026-08-17T18:48:05Z,
65.49.20.121,ipv4,malicious-ip,medium,WHITE,ziyadnz/hourly-ipv4,ziyadnz|hourly,2026-08-17T18:48:05Z,2026-08-17T18:48:05Z,
65.49.20.122,ipv4,malicious-ip,medium,WHITE,ziyadnz/hourly-ipv4,ziyadnz|hourly,2026-08-17T18:48:05Z,2026-08-17T18:48:05Z,
65.49.20.123,ipv4,malicious-ip,medium,WHITE,ziyadnz/hourly-ipv4,ziyadnz|hourly,2026-08-17T18:48:05Z,2026-08-17T18:48:05Z,
65.49.20.124,ipv4,malicious-ip,medium,WHITE,ziyadnz/hourly-ipv4,ziyadnz|hourly,2026-08-17T18:48:05Z,2026-08-17T18:48:05Z,
65.49.20.125,ipv4,malicious-ip,medium,WHITE,ziyadnz/hourly-ipv4,ziyadnz|hourly,2026-08-17T18:48:05Z,2026-08-17T18:48:05Z,
65.49.20.126,ipv4,malicious-ip,medium,WHITE,ziyadnz/hourly-ipv4,ziyadnz|hourly,2026-08-17T18:48:05Z,2026-08-17T18:48:05Z,
65.49.20.67,ipv4,malicious-ip,medium,WHITE,ziyadnz/hourly-ipv4,ziyadnz|hourly,2026-08-17T18:48:05Z,2026-08-17T18:48:05Z,
65.49.20.68,ipv4,malicious-ip,medium,WHITE,ziyadnz/hourly-ipv4,ziyadnz|hourly,2026-08-17T18:48:05Z,2026-08-17T18:48:05Z,
65.49.20.70,ipv4,malicious-ip,medium,WHITE,ziyadnz/hourly-ipv4,ziyadnz|hourly,2026-08-17T18:48:05Z,2026-08-17T18:48:05Z,
65.49.20.71,ipv4,malicious-ip,medium,WHITE,ziyadnz/hourly-ipv4,ziyadnz|hourly,2026-08-17T18:48:05Z,2026-08-17T18:48:05Z,
65.49.20.72,ipv4,malicious-ip,medium,WHITE,ziyadnz/hourly-ipv4,ziyadnz|hourly,2026-08-17T18:48:05Z,2026-08-17T18:48:05Z,
65.49.20.73,ipv4,malicious-ip,medium,WHITE,ziyadnz/hourly-ipv4,ziyadnz|hourly,2026-08-17T18:48:05Z,2026-08-17T18:48:05Z,
65.49.20.74,ipv4,malicious-ip,medium,WHITE,ziyadnz/hourly-ipv4,ziyadnz|hourly,2026-08-17T18:48:05Z,2026-08-17T18:48:05Z,
65.49.20.75,ipv4,malicious-ip,medium,WHITE,ziyadnz/hourly-ipv4,ziyadnz|hourly,2026-08-17T18:48:05Z,2026-08-17T18:48:05Z,
65.49.20.76,ipv4,malicious-ip,medium,WHITE,ziyadnz/hourly-ipv4,ziyadnz|hourly,2026-08-17T18:48:05Z,2026-08-17T18:48:05Z,
65.49.20.77,ipv4,malicious-ip,medium,WHITE,ziyadnz/hourly-ipv4,ziyadnz|hourly,2026-08-17T18:48:05Z,2026-08-17T18:48:05Z,
65.49.20.78,ipv4,malicious-ip,medium,WHITE,ziyadnz/hourly-ipv4,ziyadnz|hourly,2026-08-17T18:48:05Z,2026-08-17T18:48:05Z,
65.49.20.79,ipv4,malicious-ip,medium,WHITE,ziyadnz/hourly-ipv4,ziyadnz|hourly,2026-08-17T18:48:05Z,2026-08-17T18:48:05Z,
65.49.20.80,ipv4,malicious-ip,medium,WHITE,ziyadnz/hourly-ipv4,ziyadnz|hourly,2026-08-17T18:48:05Z,2026-08-17T18:48:05Z,
65.49.20.81,ipv4,malicious-ip,medium,WHITE,ziyadnz/hourly-ipv4,ziyadnz|hourly,2026-08-17T18:48:05Z,2026-08-17T18:48:05Z,
65.49.20.82,ipv4,malicious-ip,medium,WHITE,ziyadnz/hourly-ipv4,ziyadnz|hourly,2026-08-17T18:48:05Z,2026-08-17T18:48:05Z,
65.49.20.83,ipv4,malicious-ip,medium,WHITE,ziyadnz/hourly-ipv4,ziyadnz|hourly,2026-08-17T18:48:05Z,2026-08-17T18:48:05Z,
65.49.20.84,ipv4,malicious-ip,medium,WHITE,ziyadnz/hourly-ipv4,ziyadnz|hourly,2026-08-17T18:48:05Z,2026-08-17T18:48:05Z,
65.49.20.85,ipv4,malicious-ip,medium,WHITE,ziyadnz/hourly-ipv4,ziyadnz|hourly,2026-08-17T18:48:05Z,2026-08-17T18:48:05Z,
65.49.20.86,ipv4,malicious-ip,medium,WHITE,ziyadnz/hourly-ipv4,ziyadnz|hourly,2026-08-17T18:48:05Z,2026-08-17T18:48:05Z,
65.49.20.87,ipv4,malicious-ip,medium,WHITE,ziyadnz/hourly-ipv4,ziyadnz|hourly,2026-08-17T18:48:05Z,2026-08-17T18:48:05Z,
65.49.20.88,ipv4,malicious-ip,medium,WHITE,ziyadnz/hourly-ipv4,ziyadnz|hourly,2026-08-17T18:48:05Z,2026-08-17T18:48:05Z,
65.49.20.89,ipv4,malicious-ip,medium,WHITE,ziyadnz/hourly-ipv4,ziyadnz|hourly,2026-08-17T18:48:05Z,2026-08-17T18:48:05Z,
65.49.20.90,ipv4,malicious-ip,medium,WHITE,ziyadnz/hourly-ipv4,ziyadnz|hourly,2026-08-17T18:48:05Z,2026-08-17T18:48:05Z,
65.49.20.91,ipv4,malicious-ip,medium,WHITE,ziyadnz/hourly-ipv4,ziyadnz|hourly,2026-08-17T18:48:05Z,2026-08-17T18:48:05Z,
65.49.20.92,ipv4,malicious-ip,medium,WHITE,ziyadnz/hourly-ipv4,ziyadnz|hourly,2026-08-17T18:48:05Z,2026-08-17T18:48:05Z,
65.49.20.93,ipv4,malicious-ip,medium,WHITE,ziyadnz/hourly-ipv4,ziyadnz|hourly,2026-08-17T18:48:05Z,2026-08-17T18:48:05Z,
65.49.20.94,ipv4,malicious-ip,medium,WHITE,ziyadnz/hourly-ipv4,ziyadnz|hourly,2026-08-17T18:48:05Z,2026-08-17T18:48:05Z,
65.49.20.95,ipv4,malicious-ip,medium,WHITE,ziyadnz/hourly-ipv4,ziyadnz|hourly,2026-08-17T18:48:05Z,2026-08-17T18:48:05Z,
65.49.20.96,ipv4,malicious-ip,medium,WHITE,ziyadnz/hourly-ipv4,ziyadnz|hourly,2026-08-17T18:48:05Z,2026-08-17T18:48:05Z,
65.49.20.97,ipv4,malicious-ip,medium,WHITE,ziyadnz/hourly-ipv4,ziyadnz|hourly,2026-08-17T18:48:05Z,2026-08-17T18:48:05Z,
65.49.20.98,ipv4,malicious-ip,medium,WHITE,ziyadnz/hourly-ipv4,ziyadnz|hourly,2026-08-17T18:48:05Z,2026-08-17T18:48:05Z,
65.49.20.99,ipv4,malicious-ip,medium,WHITE,ziyadnz/hourly-ipv4,ziyadnz|hourly,2026-08-17T18:48:05Z,2026-08-17T18:48:05Z,
65.49.235.210,ipv4,malicious-ip,medium,WHITE,ziyadnz/hourly-ipv4,ziyadnz|hourly,2026-08-17T18:48:05Z,2026-08-17T18:48:05Z,
65.60.22.114,ipv4,malicious-ip,medium,WHITE,ziyadnz/hourly-ipv4,ziyadnz|hourly,2026-08-17T18:48:05Z,2026-08-17T18:48:05Z,
65.60.9.236,ipv4,malicious-ip,medium,WHITE,ziyadnz/hourly-ipv4,ziyadnz|hourly,2026-08-17T18:48:05Z,2026-08-17T18:48:05Z,
65.75.195.19,ipv4,malicious-ip,medium,WHITE,ziyadnz/hourly-ipv4,ziyadnz|hourly,2026-08-17T18:48:05Z,2026-08-17T18:48:05Z,
65.75.210.253,ipv4,malicious-ip,medium,WHITE,ziyadnz/hourly-ipv4,ziyadnz|hourly,2026-08-17T18:48:05Z,2026-08-17T18:48:05Z,
65.75.211.73,ipv4,malicious-ip,medium,WHITE,ziyadnz/hourly-ipv4,ziyadnz|hourly,2026-08-17T18:48:05Z,2026-08-17T18:48:05Z,
65.87.223.26,ipv4,malicious-ip,medium,WHITE,ziyadnz/hourly-ipv4,ziyadnz|hourly,2026-08-17T18:48:05Z,2026-08-17T18:48:05Z,
65.98.5.196,ipv4,malicious-ip,medium,WHITE,ziyadnz/hourly-ipv4,ziyadnz|hourly,2026-08-17T18:48:05Z,2026-08-17T18:48:05Z,
66.10.238.201,ipv4,malicious-ip,medium,WHITE,ziyadnz/hourly-ipv4,ziyadnz|hourly,2026-08-17T18:48:05Z,2026-08-17T18:48:05Z,
66.102.121.59,ipv4,malicious-ip,medium,WHITE,ziyadnz/hourly-ipv4,ziyadnz|hourly,2026-08-17T18:48:05Z,2026-08-17T18:48:05Z,
66.102.127.26,ipv4,malicious-ip,medium,WHITE,ziyadnz/hourly-ipv4,ziyadnz|hourly,2026-08-17T18:48:05Z,2026-08-17T18:48:05Z,
66.102.253.30,ipv4,malicious-ip,medium,WHITE,ziyadnz/hourly-ipv4,ziyadnz|hourly,2026-08-17T18:48:05Z,2026-08-17T18:48:05Z,
66.11.104.188,ipv4,malicious-ip,medium,WHITE,ziyadnz/hourly-ipv4,ziyadnz|hourly,2026-08-17T18:48:05Z,2026-08-17T18:48:05Z,
66.111.114.196,ipv4,malicious-ip,medium,WHITE,ziyadnz/hourly-ipv4,ziyadnz|hourly,2026-08-17T18:48:05Z,2026-08-17T18:48:05Z,
66.112.216.232,ipv4,malicious-ip,medium,WHITE,ziyadnz/hourly-ipv4,ziyadnz|hourly,2026-08-17T18:48:05Z,2026-08-17T18:48:05Z,
66.113.163.125,ipv4,malicious-ip,medium,WHITE,ziyadnz/hourly-ipv4,ziyadnz|hourly,2026-08-17T18:48:05Z,2026-08-17T18:48:05Z,
66.116.196.243,ipv4,malicious-ip,medium,WHITE,ziyadnz/hourly-ipv4,ziyadnz|hourly,2026-08-17T18:48:05Z,2026-08-17T18:48:05Z,
66.116.199.98,ipv4,malicious-ip,medium,WHITE,ziyadnz/hourly-ipv4,ziyadnz|hourly,2026-08-17T18:48:05Z,2026-08-17T18:48:05Z,
66.116.205.1,ipv4,malicious-ip,medium,WHITE,ziyadnz/hourly-ipv4,ziyadnz|hourly,2026-08-17T18:48:05Z,2026-08-17T18:48:05Z,
66.116.205.100,ipv4,malicious-ip,medium,WHITE,ziyadnz/hourly-ipv4,ziyadnz|hourly,2026-08-17T18:48:05Z,2026-08-17T18:48:05Z,
66.116.205.19,ipv4,malicious-ip,medium,WHITE,ziyadnz/hourly-ipv4,ziyadnz|hourly,2026-08-17T18:48:05Z,2026-08-17T18:48:05Z,
66.116.205.202,ipv4,malicious-ip,medium,WHITE,ziyadnz/hourly-ipv4,ziyadnz|hourly,2026-08-17T18:48:05Z,2026-08-17T18:48:05Z,
66.116.224.143,ipv4,malicious-ip,medium,WHITE,ziyadnz/hourly-ipv4,ziyadnz|hourly,2026-08-17T18:48:05Z,2026-08-17T18:48:05Z,
66.116.224.161,ipv4,malicious-ip,medium,WHITE,ziyadnz/hourly-ipv4,ziyadnz|hourly,2026-08-17T18:48:05Z,2026-08-17T18:48:05Z,
66.116.224.58,ipv4,malicious-ip,medium,WHITE,ziyadnz/hourly-ipv4,ziyadnz|hourly,2026-08-17T18:48:05Z,2026-08-17T18:48:05Z,
66.116.225.113,ipv4,malicious-ip,medium,WHITE,ziyadnz/hourly-ipv4,ziyadnz|hourly,2026-08-17T18:48:05Z,2026-08-17T18:48:05Z,
66.116.242.211,ipv4,malicious-ip,medium,WHITE,ziyadnz/hourly-ipv4,ziyadnz|hourly,2026-08-17T18:48:05Z,2026-08-17T18:48:05Z,
66.116.243.130,ipv4,malicious-ip,medium,WHITE,ziyadnz/hourly-ipv4,ziyadnz|hourly,2026-08-17T18:48:05Z,2026-08-17T18:48:05Z,
66.116.253.0,ipv4,malicious-ip,medium,WHITE,ziyadnz/hourly-ipv4,ziyadnz|hourly,2026-08-17T18:48:05Z,2026-08-17T18:48:05Z,
66.131.218.100,ipv4,malicious-ip,medium,WHITE,ziyadnz/hourly-ipv4,ziyadnz|hourly,2026-08-17T18:48:05Z,2026-08-17T18:48:05Z,
66.132.172.0,ipv4,malicious-ip,medium,WHITE,ziyadnz/hourly-ipv4,ziyadnz|hourly,2026-08-17T18:48:05Z,2026-08-17T18:48:05Z,
66.132.172.100,ipv4,malicious-ip,medium,WHITE,ziyadnz/hourly-ipv4,ziyadnz|hourly,2026-08-17T18:48:05Z,2026-08-17T18:48:05Z,
66.132.172.101,ipv4,malicious-ip,medium,WHITE,ziyadnz/hourly-ipv4,ziyadnz|hourly,2026-08-17T18:48:05Z,2026-08-17T18:48:05Z,
66.132.172.102,ipv4,malicious-ip,medium,WHITE,ziyadnz/hourly-ipv4,ziyadnz|hourly,2026-08-17T18:48:05Z,2026-08-17T18:48:05Z,
66.132.172.104,ipv4,malicious-ip,medium,WHITE,ziyadnz/hourly-ipv4,ziyadnz|hourly,2026-08-17T18:48:05Z,2026-08-17T18:48:05Z,
66.132.172.105,ipv4,malicious-ip,medium,WHITE,ziyadnz/hourly-ipv4,ziyadnz|hourly,2026-08-17T18:48:05Z,2026-08-17T18:48:05Z,
66.132.172.107,ipv4,malicious-ip,medium,WHITE,ziyadnz/hourly-ipv4,ziyadnz|hourly,2026-08-17T18:48:05Z,2026-08-17T18:48:05Z,
66.132.172.108,ipv4,malicious-ip,medium,WHITE,ziyadnz/hourly-ipv4,ziyadnz|hourly,2026-08-17T18:48:05Z,2026-08-17T18:48:05Z,
66.132.172.111,ipv4,malicious-ip,medium,WHITE,ziyadnz/hourly-ipv4,ziyadnz|hourly,2026-08-17T18:48:05Z,2026-08-17T18:48:05Z,
66.132.172.112,ipv4,malicious-ip,medium,WHITE,ziyadnz/hourly-ipv4,ziyadnz|hourly,2026-08-17T18:48:05Z,2026-08-17T18:48:05Z,
66.132.172.113,ipv4,malicious-ip,medium,WHITE,ziyadnz/hourly-ipv4,ziyadnz|hourly,2026-08-17T18:48:05Z,2026-08-17T18:48:05Z,
66.132.172.114,ipv4,malicious-ip,medium,WHITE,ziyadnz/hourly-ipv4,ziyadnz|hourly,2026-08-17T18:48:05Z,2026-08-17T18:48:05Z,
66.132.172.115,ipv4,malicious-ip,medium,WHITE,ziyadnz/hourly-ipv4,ziyadnz|hourly,2026-08-17T18:48:05Z,2026-08-17T18:48:05Z,
66.132.172.116,ipv4,malicious-ip,medium,WHITE,ziyadnz/hourly-ipv4,ziyadnz|hourly,2026-08-17T18:48:05Z,2026-08-17T18:48:05Z,
66.132.172.117,ipv4,malicious-ip,medium,WHITE,ziyadnz/hourly-ipv4,ziyadnz|hourly,2026-08-17T18:48:05Z,2026-08-17T18:48:05Z,
66.132.172.118,ipv4,malicious-ip,medium,WHITE,ziyadnz/hourly-ipv4,ziyadnz|hourly,2026-08-17T18:48:05Z,2026-08-17T18:48:05Z,
66.132.172.119,ipv4,malicious-ip,medium,WHITE,ziyadnz/hourly-ipv4,ziyadnz|hourly,2026-08-17T18:48:05Z,2026-08-17T18:48:05Z,
66.132.172.120,ipv4,malicious-ip,medium,WHITE,ziyadnz/hourly-ipv4,ziyadnz|hourly,2026-08-17T18:48:05Z,2026-08-17T18:48:05Z,
66.132.172.122,ipv4,malicious-ip,medium,WHITE,ziyadnz/hourly-ipv4,ziyadnz|hourly,2026-08-17T18:48:05Z,2026-08-17T18:48:05Z,
66.132.172.124,ipv4,malicious-ip,medium,WHITE,ziyadnz/hourly-ipv4,ziyadnz|hourly,2026-08-17T18:48:05Z,2026-08-17T18:48:05Z,
66.132.172.125,ipv4,malicious-ip,medium,WHITE,ziyadnz/hourly-ipv4,ziyadnz|hourly,2026-08-17T18:48:05Z,2026-08-17T18:48:05Z,
66.132.172.126,ipv4,malicious-ip,medium,WHITE,ziyadnz/hourly-ipv4,ziyadnz|hourly,2026-08-17T18:48:05Z,2026-08-17T18:48:05Z,
66.132.172.127,ipv4,malicious-ip,medium,WHITE,ziyadnz/hourly-ipv4,ziyadnz|hourly,2026-08-17T18:48:05Z,2026-08-17T18:48:05Z,
66.132.172.128,ipv4,malicious-ip,medium,WHITE,ziyadnz/hourly-ipv4,ziyadnz|hourly,2026-08-17T18:48:05Z,2026-08-17T18:48:05Z,
66.132.172.132,ipv4,malicious-ip,medium,WHITE,ziyadnz/hourly-ipv4,ziyadnz|hourly,2026-08-17T18:48:05Z,2026-08-17T18:48:05Z,
66.132.172.133,ipv4,malicious-ip,medium,WHITE,ziyadnz/hourly-ipv4,ziyadnz|hourly,2026-08-17T18:48:05Z,2026-08-17T18:48:05Z,
66.132.172.134,ipv4,malicious-ip,medium,WHITE,ziyadnz/hourly-ipv4,ziyadnz|hourly,2026-08-17T18:48:05Z,2026-08-17T18:48:05Z,
66.132.172.137,ipv4,malicious-ip,medium,WHITE,ziyadnz/hourly-ipv4,ziyadnz|hourly,2026-08-17T18:48:05Z,2026-08-17T18:48:05Z,
66.132.172.138,ipv4,malicious-ip,medium,WHITE,ziyadnz/hourly-ipv4,ziyadnz|hourly,2026-08-17T18:48:05Z,2026-08-17T18:48:05Z,
66.132.172.140,ipv4,malicious-ip,medium,WHITE,ziyadnz/hourly-ipv4,ziyadnz|hourly,2026-08-17T18:48:05Z,2026-08-17T18:48:05Z,
66.132.172.141,ipv4,malicious-ip,medium,WHITE,ziyadnz/hourly-ipv4,ziyadnz|hourly,2026-08-17T18:48:05Z,2026-08-17T18:48:05Z,
66.132.172.142,ipv4,malicious-ip,medium,WHITE,ziyadnz/hourly-ipv4,ziyadnz|hourly,2026-08-17T18:48:05Z,2026-08-17T18:48:05Z,
66.132.172.143,ipv4,malicious-ip,medium,WHITE,ziyadnz/hourly-ipv4,ziyadnz|hourly,2026-08-17T18:48:05Z,2026-08-17T18:48:05Z,
66.132.172.144,ipv4,malicious-ip,medium,WHITE,ziyadnz/hourly-ipv4,ziyadnz|hourly,2026-08-17T18:48:05Z,2026-08-17T18:48:05Z,
66.132.172.145,ipv4,malicious-ip,medium,WHITE,ziyadnz/hourly-ipv4,ziyadnz|hourly,2026-08-17T18:48:05Z,2026-08-17T18:48:05Z,
66.132.172.146,ipv4,malicious-ip,medium,WHITE,ziyadnz/hourly-ipv4,ziyadnz|hourly,2026-08-17T18:48:05Z,2026-08-17T18:48:05Z,
66.132.172.147,ipv4,malicious-ip,medium,WHITE,ziyadnz/hourly-ipv4,ziyadnz|hourly,2026-08-17T18:48:05Z,2026-08-17T18:48:05Z,
66.132.172.148,ipv4,malicious-ip,medium,WHITE,ziyadnz/hourly-ipv4,ziyadnz|hourly,2026-08-17T18:48:05Z,2026-08-17T18:48:05Z,
66.132.172.149,ipv4,malicious-ip,medium,WHITE,ziyadnz/hourly-ipv4,ziyadnz|hourly,2026-08-17T18:48:05Z,2026-08-17T18:48:05Z,
66.132.172.150,ipv4,malicious-ip,medium,WHITE,ziyadnz/hourly-ipv4,ziyadnz|hourly,2026-08-17T18:48:05Z,2026-08-17T18:48:05Z,
66.132.172.151,ipv4,malicious-ip,medium,WHITE,ziyadnz/hourly-ipv4,ziyadnz|hourly,2026-08-17T18:48:05Z,2026-08-17T18:48:05Z,
66.132.172.152,ipv4,malicious-ip,medium,WHITE,ziyadnz/hourly-ipv4,ziyadnz|hourly,2026-08-17T18:48:05Z,2026-08-17T18:48:05Z,
66.132.172.153,ipv4,malicious-ip,medium,WHITE,ziyadnz/hourly-ipv4,ziyadnz|hourly,2026-08-17T18:48:05Z,2026-08-17T18:48:05Z,
66.132.172.154,ipv4,malicious-ip,medium,WHITE,ziyadnz/hourly-ipv4,ziyadnz|hourly,2026-08-17T18:48:05Z,2026-08-17T18:48:05Z,
66.132.172.155,ipv4,malicious-ip,medium,WHITE,ziyadnz/hourly-ipv4,ziyadnz|hourly,2026-08-17T18:48:05Z,2026-08-17T18:48:05Z,
66.132.172.156,ipv4,malicious-ip,medium,WHITE,ziyadnz/hourly-ipv4,ziyadnz|hourly,2026-08-17T18:48:05Z,2026-08-17T18:48:05Z,
66.132.172.157,ipv4,malicious-ip,medium,WHITE,ziyadnz/hourly-ipv4,ziyadnz|hourly,2026-08-17T18:48:05Z,2026-08-17T18:48:05Z,
66.132.172.158,ipv4,malicious-ip,medium,WHITE,ziyadnz/hourly-ipv4,ziyadnz|hourly,2026-08-17T18:48:05Z,2026-08-17T18:48:05Z,
66.132.172.159,ipv4,malicious-ip,medium,WHITE,ziyadnz/hourly-ipv4,ziyadnz|hourly,2026-08-17T18:48:05Z,2026-08-17T18:48:05Z,
66.132.172.160,ipv4,malicious-ip,medium,WHITE,ziyadnz/hourly-ipv4,ziyadnz|hourly,2026-08-17T18:48:05Z,2026-08-17T18:48:05Z,
66.132.172.161,ipv4,malicious-ip,medium,WHITE,ziyadnz/hourly-ipv4,ziyadnz|hourly,2026-08-17T18:48:05Z,2026-08-17T18:48:05Z,
66.132.172.162,ipv4,malicious-ip,medium,WHITE,ziyadnz/hourly-ipv4,ziyadnz|hourly,2026-08-17T18:48:05Z,2026-08-17T18:48:05Z,
66.132.172.163,ipv4,malicious-ip,medium,WHITE,ziyadnz/hourly-ipv4,ziyadnz|hourly,2026-08-17T18:48:05Z,2026-08-17T18:48:05Z,
66.132.172.164,ipv4,malicious-ip,medium,WHITE,ziyadnz/hourly-ipv4,ziyadnz|hourly,2026-08-17T18:48:05Z,2026-08-17T18:48:05Z,
66.132.172.165,ipv4,malicious-ip,medium,WHITE,ziyadnz/hourly-ipv4,ziyadnz|hourly,2026-08-17T18:48:05Z,2026-08-17T18:48:05Z,
66.132.172.166,ipv4,malicious-ip,medium,WHITE,ziyadnz/hourly-ipv4,ziyadnz|hourly,2026-08-17T18:48:05Z,2026-08-17T18:48:05Z,
66.132.172.167,ipv4,malicious-ip,medium,WHITE,ziyadnz/hourly-ipv4,ziyadnz|hourly,2026-08-17T18:48:05Z,2026-08-17T18:48:05Z,
66.132.172.168,ipv4,malicious-ip,medium,WHITE,ziyadnz/hourly-ipv4,ziyadnz|hourly,2026-08-17T18:48:05Z,2026-08-17T18:48:05Z,
66.132.172.169,ipv4,malicious-ip,medium,WHITE,ziyadnz/hourly-ipv4,ziyadnz|hourly,2026-08-17T18:48:05Z,2026-08-17T18:48:05Z,
66.132.172.170,ipv4,malicious-ip,medium,WHITE,ziyadnz/hourly-ipv4,ziyadnz|hourly,2026-08-17T18:48:05Z,2026-08-17T18:48:05Z,
66.132.172.171,ipv4,malicious-ip,medium,WHITE,ziyadnz/hourly-ipv4,ziyadnz|hourly,2026-08-17T18:48:05Z,2026-08-17T18:48:05Z,
66.132.172.172,ipv4,malicious-ip,medium,WHITE,ziyadnz/hourly-ipv4,ziyadnz|hourly,2026-08-17T18:48:05Z,2026-08-17T18:48:05Z,
66.132.172.173,ipv4,malicious-ip,medium,WHITE,ziyadnz/hourly-ipv4,ziyadnz|hourly,2026-08-17T18:48:05Z,2026-08-17T18:48:05Z,
66.132.172.174,ipv4,malicious-ip,medium,WHITE,ziyadnz/hourly-ipv4,ziyadnz|hourly,2026-08-17T18:48:05Z,2026-08-17T18:48:05Z,
66.132.172.175,ipv4,malicious-ip,medium,WHITE,ziyadnz/hourly-ipv4,ziyadnz|hourly,2026-08-17T18:48:05Z,2026-08-17T18:48:05Z,
66.132.172.176,ipv4,malicious-ip,medium,WHITE,ziyadnz/hourly-ipv4,ziyadnz|hourly,2026-08-17T18:48:05Z,2026-08-17T18:48:05Z,
66.132.172.178,ipv4,malicious-ip,medium,WHITE,ziyadnz/hourly-ipv4,ziyadnz|hourly,2026-08-17T18:48:05Z,2026-08-17T18:48:05Z,
66.132.172.179,ipv4,malicious-ip,medium,WHITE,ziyadnz/hourly-ipv4,ziyadnz|hourly,2026-08-17T18:48:05Z,2026-08-17T18:48:05Z,
66.132.172.180,ipv4,malicious-ip,medium,WHITE,ziyadnz/hourly-ipv4,ziyadnz|hourly,2026-08-17T18:48:05Z,2026-08-17T18:48:05Z,
66.132.172.181,ipv4,malicious-ip,medium,WHITE,ziyadnz/hourly-ipv4,ziyadnz|hourly,2026-08-17T18:48:05Z,2026-08-17T18:48:05Z,
66.132.172.182,ipv4,malicious-ip,medium,WHITE,ziyadnz/hourly-ipv4,ziyadnz|hourly,2026-08-17T18:48:05Z,2026-08-17T18:48:05Z,
66.132.172.184,ipv4,malicious-ip,medium,WHITE,ziyadnz/hourly-ipv4,ziyadnz|hourly,2026-08-17T18:48:05Z,2026-08-17T18:48:05Z,
66.132.172.186,ipv4,malicious-ip,medium,WHITE,ziyadnz/hourly-ipv4,ziyadnz|hourly,2026-08-17T18:48:05Z,2026-08-17T18:48:05Z,
66.132.172.187,ipv4,malicious-ip,medium,WHITE,ziyadnz/hourly-ipv4,ziyadnz|hourly,2026-08-17T18:48:05Z,2026-08-17T18:48:05Z,
66.132.172.188,ipv4,malicious-ip,medium,WHITE,ziyadnz/hourly-ipv4,ziyadnz|hourly,2026-08-17T18:48:05Z,2026-08-17T18:48:05Z,
66.132.172.189,ipv4,malicious-ip,medium,WHITE,ziyadnz/hourly-ipv4,ziyadnz|hourly,2026-08-17T18:48:05Z,2026-08-17T18:48:05Z,
66.132.172.190,ipv4,malicious-ip,medium,WHITE,ziyadnz/hourly-ipv4,ziyadnz|hourly,2026-08-17T18:48:05Z,2026-08-17T18:48:05Z,
66.132.172.191,ipv4,malicious-ip,medium,WHITE,ziyadnz/hourly-ipv4,ziyadnz|hourly,2026-08-17T18:48:05Z,2026-08-17T18:48:05Z,
66.132.172.193,ipv4,malicious-ip,medium,WHITE,ziyadnz/hourly-ipv4,ziyadnz|hourly,2026-08-17T18:48:05Z,2026-08-17T18:48:05Z,
66.132.172.194,ipv4,malicious-ip,medium,WHITE,ziyadnz/hourly-ipv4,ziyadnz|hourly,2026-08-17T18:48:05Z,2026-08-17T18:48:05Z,
66.132.172.196,ipv4,malicious-ip,medium,WHITE,ziyadnz/hourly-ipv4,ziyadnz|hourly,2026-08-17T18:48:05Z,2026-08-17T18:48:05Z,
66.132.172.197,ipv4,malicious-ip,medium,WHITE,ziyadnz/hourly-ipv4,ziyadnz|hourly,2026-08-17T18:48:05Z,2026-08-17T18:48:05Z,
66.132.172.199,ipv4,malicious-ip,medium,WHITE,ziyadnz/hourly-ipv4,ziyadnz|hourly,2026-08-17T18:48:05Z,2026-08-17T18:48:05Z,
66.132.172.202,ipv4,malicious-ip,medium,WHITE,ziyadnz/hourly-ipv4,ziyadnz|hourly,2026-08-17T18:48:05Z,2026-08-17T18:48:05Z,
66.132.172.203,ipv4,malicious-ip,medium,WHITE,ziyadnz/hourly-ipv4,ziyadnz|hourly,2026-08-17T18:48:05Z,2026-08-17T18:48:05Z,
66.132.172.204,ipv4,malicious-ip,medium,WHITE,ziyadnz/hourly-ipv4,ziyadnz|hourly,2026-08-17T18:48:05Z,2026-08-17T18:48:05Z,
66.132.172.205,ipv4,malicious-ip,medium,WHITE,ziyadnz/hourly-ipv4,ziyadnz|hourly,2026-08-17T18:48:05Z,2026-08-17T18:48:05Z,
66.132.172.206,ipv4,malicious-ip,medium,WHITE,ziyadnz/hourly-ipv4,ziyadnz|hourly,2026-08-17T18:48:05Z,2026-08-17T18:48:05Z,
66.132.172.207,ipv4,malicious-ip,medium,WHITE,ziyadnz/hourly-ipv4,ziyadnz|hourly,2026-08-17T18:48:05Z,2026-08-17T18:48:05Z,
66.132.172.208,ipv4,malicious-ip,medium,WHITE,ziyadnz/hourly-ipv4,ziyadnz|hourly,2026-08-17T18:48:05Z,2026-08-17T18:48:05Z,
66.132.172.209,ipv4,malicious-ip,medium,WHITE,ziyadnz/hourly-ipv4,ziyadnz|hourly,2026-08-17T18:48:05Z,2026-08-17T18:48:05Z,
66.132.172.210,ipv4,malicious-ip,medium,WHITE,ziyadnz/hourly-ipv4,ziyadnz|hourly,2026-08-17T18:48:05Z,2026-08-17T18:48:05Z,
66.132.172.211,ipv4,malicious-ip,medium,WHITE,ziyadnz/hourly-ipv4,ziyadnz|hourly,2026-08-17T18:48:05Z,2026-08-17T18:48:05Z,
66.132.172.212,ipv4,malicious-ip,medium,WHITE,ziyadnz/hourly-ipv4,ziyadnz|hourly,2026-08-17T18:48:05Z,2026-08-17T18:48:05Z,
66.132.172.213,ipv4,malicious-ip,medium,WHITE,ziyadnz/hourly-ipv4,ziyadnz|hourly,2026-08-17T18:48:05Z,2026-08-17T18:48:05Z,
66.132.172.214,ipv4,malicious-ip,medium,WHITE,ziyadnz/hourly-ipv4,ziyadnz|hourly,2026-08-17T18:48:05Z,2026-08-17T18:48:05Z,
66.132.172.215,ipv4,malicious-ip,medium,WHITE,ziyadnz/hourly-ipv4,ziyadnz|hourly,2026-08-17T18:48:05Z,2026-08-17T18:48:05Z,
66.132.172.216,ipv4,malicious-ip,medium,WHITE,ziyadnz/hourly-ipv4,ziyadnz|hourly,2026-08-17T18:48:05Z,2026-08-17T18:48:05Z,
66.132.172.217,ipv4,malicious-ip,medium,WHITE,ziyadnz/hourly-ipv4,ziyadnz|hourly,2026-08-17T18:48:05Z,2026-08-17T18:48:05Z,
66.132.172.218,ipv4,malicious-ip,medium,WHITE,ziyadnz/hourly-ipv4,ziyadnz|hourly,2026-08-17T18:48:05Z,2026-08-17T18:48:05Z,
66.132.172.221,ipv4,malicious-ip,medium,WHITE,ziyadnz/hourly-ipv4,ziyadnz|hourly,2026-08-17T18:48:05Z,2026-08-17T18:48:05Z,
66.132.172.223,ipv4,malicious-ip,medium,WHITE,ziyadnz/hourly-ipv4,ziyadnz|hourly,2026-08-17T18:48:05Z,2026-08-17T18:48:05Z,
66.132.172.224,ipv4,malicious-ip,medium,WHITE,ziyadnz/hourly-ipv4,ziyadnz|hourly,2026-08-17T18:48:05Z,2026-08-17T18:48:05Z,
66.132.172.225,ipv4,malicious-ip,medium,WHITE,ziyadnz/hourly-ipv4,ziyadnz|hourly,2026-08-17T18:48:05Z,2026-08-17T18:48:05Z,
66.132.172.226,ipv4,malicious-ip,medium,WHITE,ziyadnz/hourly-ipv4,ziyadnz|hourly,2026-08-17T18:48:05Z,2026-08-17T18:48:05Z,
66.132.172.227,ipv4,malicious-ip,medium,WHITE,ziyadnz/hourly-ipv4,ziyadnz|hourly,2026-08-17T18:48:05Z,2026-08-17T18:48:05Z,
66.132.172.228,ipv4,malicious-ip,medium,WHITE,ziyadnz/hourly-ipv4,ziyadnz|hourly,2026-08-17T18:48:05Z,2026-08-17T18:48:05Z,
66.132.172.229,ipv4,malicious-ip,medium,WHITE,ziyadnz/hourly-ipv4,ziyadnz|hourly,2026-08-17T18:48:05Z,2026-08-17T18:48:05Z,
66.132.172.230,ipv4,malicious-ip,medium,WHITE,ziyadnz/hourly-ipv4,ziyadnz|hourly,2026-08-17T18:48:05Z,2026-08-17T18:48:05Z,
66.132.172.231,ipv4,malicious-ip,medium,WHITE,ziyadnz/hourly-ipv4,ziyadnz|hourly,2026-08-17T18:48:05Z,2026-08-17T18:48:05Z,
66.132.172.232,ipv4,malicious-ip,medium,WHITE,ziyadnz/hourly-ipv4,ziyadnz|hourly,2026-08-17T18:48:05Z,2026-08-17T18:48:05Z,
66.132.172.233,ipv4,malicious-ip,medium,WHITE,ziyadnz/hourly-ipv4,ziyadnz|hourly,2026-08-17T18:48:05Z,2026-08-17T18:48:05Z,
66.132.172.234,ipv4,malicious-ip,medium,WHITE,ziyadnz/hourly-ipv4,ziyadnz|hourly,2026-08-17T18:48:05Z,2026-08-17T18:48:05Z,
66.132.172.235,ipv4,malicious-ip,medium,WHITE,ziyadnz/hourly-ipv4,ziyadnz|hourly,2026-08-17T18:48:05Z,2026-08-17T18:48:05Z,
66.132.172.236,ipv4,malicious-ip,medium,WHITE,ziyadnz/hourly-ipv4,ziyadnz|hourly,2026-08-17T18:48:05Z,2026-08-17T18:48:05Z,
66.132.172.237,ipv4,malicious-ip,medium,WHITE,ziyadnz/hourly-ipv4,ziyadnz|hourly,2026-08-17T18:48:05Z,2026-08-17T18:48:05Z,
66.132.172.238,ipv4,malicious-ip,medium,WHITE,ziyadnz/hourly-ipv4,ziyadnz|hourly,2026-08-17T18:48:05Z,2026-08-17T18:48:05Z,
66.132.172.239,ipv4,malicious-ip,medium,WHITE,ziyadnz/hourly-ipv4,ziyadnz|hourly,2026-08-17T18:48:05Z,2026-08-17T18:48:05Z,
66.132.172.240,ipv4,malicious-ip,medium,WHITE,ziyadnz/hourly-ipv4,ziyadnz|hourly,2026-08-17T18:48:05Z,2026-08-17T18:48:05Z,
66.132.172.241,ipv4,malicious-ip,medium,WHITE,ziyadnz/hourly-ipv4,ziyadnz|hourly,2026-08-17T18:48:05Z,2026-08-17T18:48:05Z,
66.132.172.242,ipv4,malicious-ip,medium,WHITE,ziyadnz/hourly-ipv4,ziyadnz|hourly,2026-08-17T18:48:05Z,2026-08-17T18:48:05Z,
66.132.172.243,ipv4,malicious-ip,medium,WHITE,ziyadnz/hourly-ipv4,ziyadnz|hourly,2026-08-17T18:48:05Z,2026-08-17T18:48:05Z,
66.132.172.245,ipv4,malicious-ip,medium,WHITE,ziyadnz/hourly-ipv4,ziyadnz|hourly,2026-08-17T18:48:05Z,2026-08-17T18:48:05Z,
66.132.172.246,ipv4,malicious-ip,medium,WHITE,ziyadnz/hourly-ipv4,ziyadnz|hourly,2026-08-17T18:48:05Z,2026-08-17T18:48:05Z,
66.132.172.247,ipv4,malicious-ip,medium,WHITE,ziyadnz/hourly-ipv4,ziyadnz|hourly,2026-08-17T18:48:05Z,2026-08-17T18:48:05Z,
66.132.172.248,ipv4,malicious-ip,medium,WHITE,ziyadnz/hourly-ipv4,ziyadnz|hourly,2026-08-17T18:48:05Z,2026-08-17T18:48:05Z,
66.132.172.249,ipv4,malicious-ip,medium,WHITE,ziyadnz/hourly-ipv4,ziyadnz|hourly,2026-08-17T18:48:05Z,2026-08-17T18:48:05Z,
66.132.172.250,ipv4,malicious-ip,medium,WHITE,ziyadnz/hourly-ipv4,ziyadnz|hourly,2026-08-17T18:48:05Z,2026-08-17T18:48:05Z,
66.132.172.251,ipv4,malicious-ip,medium,WHITE,ziyadnz/hourly-ipv4,ziyadnz|hourly,2026-08-17T18:48:05Z,2026-08-17T18:48:05Z,
66.132.172.253,ipv4,malicious-ip,medium,WHITE,ziyadnz/hourly-ipv4,ziyadnz|hourly,2026-08-17T18:48:05Z,2026-08-17T18:48:05Z,
66.132.172.254,ipv4,malicious-ip,medium,WHITE,ziyadnz/hourly-ipv4,ziyadnz|hourly,2026-08-17T18:48:05Z,2026-08-17T18:48:05Z,
66.132.172.32,ipv4,malicious-ip,medium,WHITE,ziyadnz/hourly-ipv4,ziyadnz|hourly,2026-08-17T18:48:05Z,2026-08-17T18:48:05Z,
66.132.172.33,ipv4,malicious-ip,medium,WHITE,ziyadnz/hourly-ipv4,ziyadnz|hourly,2026-08-17T18:48:05Z,2026-08-17T18:48:05Z,
66.132.172.34,ipv4,malicious-ip,medium,WHITE,ziyadnz/hourly-ipv4,ziyadnz|hourly,2026-08-17T18:48:05Z,2026-08-17T18:48:05Z,
66.132.172.35,ipv4,malicious-ip,medium,WHITE,ziyadnz/hourly-ipv4,ziyadnz|hourly,2026-08-17T18:48:05Z,2026-08-17T18:48:05Z,
66.132.172.36,ipv4,malicious-ip,medium,WHITE,ziyadnz/hourly-ipv4,ziyadnz|hourly,2026-08-17T18:48:05Z,2026-08-17T18:48:05Z,
66.132.172.37,ipv4,malicious-ip,medium,WHITE,ziyadnz/hourly-ipv4,ziyadnz|hourly,2026-08-17T18:48:05Z,2026-08-17T18:48:05Z,
66.132.172.38,ipv4,malicious-ip,medium,WHITE,ziyadnz/hourly-ipv4,ziyadnz|hourly,2026-08-17T18:48:05Z,2026-08-17T18:48:05Z,
66.132.172.39,ipv4,malicious-ip,medium,WHITE,ziyadnz/hourly-ipv4,ziyadnz|hourly,2026-08-17T18:48:05Z,2026-08-17T18:48:05Z,
66.132.172.41,ipv4,malicious-ip,medium,WHITE,ziyadnz/hourly-ipv4,ziyadnz|hourly,2026-08-17T18:48:05Z,2026-08-17T18:48:05Z,
66.132.172.44,ipv4,malicious-ip,medium,WHITE,ziyadnz/hourly-ipv4,ziyadnz|hourly,2026-08-17T18:48:05Z,2026-08-17T18:48:05Z,
66.132.172.45,ipv4,malicious-ip,medium,WHITE,ziyadnz/hourly-ipv4,ziyadnz|hourly,2026-08-17T18:48:05Z,2026-08-17T18:48:05Z,
66.132.172.46,ipv4,malicious-ip,medium,WHITE,ziyadnz/hourly-ipv4,ziyadnz|hourly,2026-08-17T18:48:05Z,2026-08-17T18:48:05Z,
66.132.172.47,ipv4,malicious-ip,medium,WHITE,ziyadnz/hourly-ipv4,ziyadnz|hourly,2026-08-17T18:48:05Z,2026-08-17T18:48:05Z,
66.132.172.96,ipv4,malicious-ip,medium,WHITE,ziyadnz/hourly-ipv4,ziyadnz|hourly,2026-08-17T18:48:05Z,2026-08-17T18:48:05Z,
66.132.172.97,ipv4,malicious-ip,medium,WHITE,ziyadnz/hourly-ipv4,ziyadnz|hourly,2026-08-17T18:48:05Z,2026-08-17T18:48:05Z,
66.132.172.98,ipv4,malicious-ip,medium,WHITE,ziyadnz/hourly-ipv4,ziyadnz|hourly,2026-08-17T18:48:05Z,2026-08-17T18:48:05Z,
66.132.186.0,ipv4,malicious-ip,medium,WHITE,ziyadnz/hourly-ipv4,ziyadnz|hourly,2026-08-17T18:48:05Z,2026-08-17T18:48:05Z,
66.132.186.100,ipv4,malicious-ip,medium,WHITE,ziyadnz/hourly-ipv4,ziyadnz|hourly,2026-08-17T18:48:05Z,2026-08-17T18:48:05Z,
66.132.186.101,ipv4,malicious-ip,medium,WHITE,ziyadnz/hourly-ipv4,ziyadnz|hourly,2026-08-17T18:48:05Z,2026-08-17T18:48:05Z,
66.132.186.103,ipv4,malicious-ip,medium,WHITE,ziyadnz/hourly-ipv4,ziyadnz|hourly,2026-08-17T18:48:05Z,2026-08-17T18:48:05Z,
66.132.186.105,ipv4,malicious-ip,medium,WHITE,ziyadnz/hourly-ipv4,ziyadnz|hourly,2026-08-17T18:48:05Z,2026-08-17T18:48:05Z,
66.132.186.106,ipv4,malicious-ip,medium,WHITE,ziyadnz/hourly-ipv4,ziyadnz|hourly,2026-08-17T18:48:05Z,2026-08-17T18:48:05Z,
66.132.186.108,ipv4,malicious-ip,medium,WHITE,ziyadnz/hourly-ipv4,ziyadnz|hourly,2026-08-17T18:48:05Z,2026-08-17T18:48:05Z,
66.132.186.110,ipv4,malicious-ip,medium,WHITE,ziyadnz/hourly-ipv4,ziyadnz|hourly,2026-08-17T18:48:05Z,2026-08-17T18:48:05Z,
66.132.186.111,ipv4,malicious-ip,medium,WHITE,ziyadnz/hourly-ipv4,ziyadnz|hourly,2026-08-17T18:48:05Z,2026-08-17T18:48:05Z,
66.132.186.112,ipv4,malicious-ip,medium,WHITE,ziyadnz/hourly-ipv4,ziyadnz|hourly,2026-08-17T18:48:05Z,2026-08-17T18:48:05Z,
66.132.186.113,ipv4,malicious-ip,medium,WHITE,ziyadnz/hourly-ipv4,ziyadnz|hourly,2026-08-17T18:48:05Z,2026-08-17T18:48:05Z,
66.132.186.114,ipv4,malicious-ip,medium,WHITE,ziyadnz/hourly-ipv4,ziyadnz|hourly,2026-08-17T18:48:05Z,2026-08-17T18:48:05Z,
66.132.186.115,ipv4,malicious-ip,medium,WHITE,ziyadnz/hourly-ipv4,ziyadnz|hourly,2026-08-17T18:48:05Z,2026-08-17T18:48:05Z,
66.132.186.116,ipv4,malicious-ip,medium,WHITE,ziyadnz/hourly-ipv4,ziyadnz|hourly,2026-08-17T18:48:05Z,2026-08-17T18:48:05Z,
66.132.186.117,ipv4,malicious-ip,medium,WHITE,ziyadnz/hourly-ipv4,ziyadnz|hourly,2026-08-17T18:48:05Z,2026-08-17T18:48:05Z,
66.132.186.118,ipv4,malicious-ip,medium,WHITE,ziyadnz/hourly-ipv4,ziyadnz|hourly,2026-08-17T18:48:05Z,2026-08-17T18:48:05Z,
66.132.186.121,ipv4,malicious-ip,medium,WHITE,ziyadnz/hourly-ipv4,ziyadnz|hourly,2026-08-17T18:48:05Z,2026-08-17T18:48:05Z,
66.132.186.123,ipv4,malicious-ip,medium,WHITE,ziyadnz/hourly-ipv4,ziyadnz|hourly,2026-08-17T18:48:05Z,2026-08-17T18:48:05Z,
66.132.186.124,ipv4,malicious-ip,medium,WHITE,ziyadnz/hourly-ipv4,ziyadnz|hourly,2026-08-17T18:48:05Z,2026-08-17T18:48:05Z,
66.132.186.125,ipv4,malicious-ip,medium,WHITE,ziyadnz/hourly-ipv4,ziyadnz|hourly,2026-08-17T18:48:05Z,2026-08-17T18:48:05Z,
66.132.186.127,ipv4,malicious-ip,medium,WHITE,ziyadnz/hourly-ipv4,ziyadnz|hourly,2026-08-17T18:48:05Z,2026-08-17T18:48:05Z,
66.132.186.129,ipv4,malicious-ip,medium,WHITE,ziyadnz/hourly-ipv4,ziyadnz|hourly,2026-08-17T18:48:05Z,2026-08-17T18:48:05Z,
66.132.186.130,ipv4,malicious-ip,medium,WHITE,ziyadnz/hourly-ipv4,ziyadnz|hourly,2026-08-17T18:48:05Z,2026-08-17T18:48:05Z,
66.132.186.131,ipv4,malicious-ip,medium,WHITE,ziyadnz/hourly-ipv4,ziyadnz|hourly,2026-08-17T18:48:05Z,2026-08-17T18:48:05Z,
66.132.186.132,ipv4,malicious-ip,medium,WHITE,ziyadnz/hourly-ipv4,ziyadnz|hourly,2026-08-17T18:48:05Z,2026-08-17T18:48:05Z,
66.132.186.133,ipv4,malicious-ip,medium,WHITE,ziyadnz/hourly-ipv4,ziyadnz|hourly,2026-08-17T18:48:05Z,2026-08-17T18:48:05Z,
66.132.186.134,ipv4,malicious-ip,medium,WHITE,ziyadnz/hourly-ipv4,ziyadnz|hourly,2026-08-17T18:48:05Z,2026-08-17T18:48:05Z,
66.132.186.135,ipv4,malicious-ip,medium,WHITE,ziyadnz/hourly-ipv4,ziyadnz|hourly,2026-08-17T18:48:05Z,2026-08-17T18:48:05Z,
66.132.186.136,ipv4,malicious-ip,medium,WHITE,ziyadnz/hourly-ipv4,ziyadnz|hourly,2026-08-17T18:48:05Z,2026-08-17T18:48:05Z,
66.132.186.137,ipv4,malicious-ip,medium,WHITE,ziyadnz/hourly-ipv4,ziyadnz|hourly,2026-08-17T18:48:05Z,2026-08-17T18:48:05Z,
66.132.186.138,ipv4,malicious-ip,medium,WHITE,ziyadnz/hourly-ipv4,ziyadnz|hourly,2026-08-17T18:48:05Z,2026-08-17T18:48:05Z,
66.132.186.139,ipv4,malicious-ip,medium,WHITE,ziyadnz/hourly-ipv4,ziyadnz|hourly,2026-08-17T18:48:05Z,2026-08-17T18:48:05Z,
66.132.186.141,ipv4,malicious-ip,medium,WHITE,ziyadnz/hourly-ipv4,ziyadnz|hourly,2026-08-17T18:48:05Z,2026-08-17T18:48:05Z,
66.132.186.142,ipv4,malicious-ip,medium,WHITE,ziyadnz/hourly-ipv4,ziyadnz|hourly,2026-08-17T18:48:05Z,2026-08-17T18:48:05Z,
66.132.186.146,ipv4,malicious-ip,medium,WHITE,ziyadnz/hourly-ipv4,ziyadnz|hourly,2026-08-17T18:48:05Z,2026-08-17T18:48:05Z,
66.132.186.147,ipv4,malicious-ip,medium,WHITE,ziyadnz/hourly-ipv4,ziyadnz|hourly,2026-08-17T18:48:05Z,2026-08-17T18:48:05Z,
66.132.186.149,ipv4,malicious-ip,medium,WHITE,ziyadnz/hourly-ipv4,ziyadnz|hourly,2026-08-17T18:48:05Z,2026-08-17T18:48:05Z,
66.132.186.150,ipv4,malicious-ip,medium,WHITE,ziyadnz/hourly-ipv4,ziyadnz|hourly,2026-08-17T18:48:05Z,2026-08-17T18:48:05Z,
66.132.186.152,ipv4,malicious-ip,medium,WHITE,ziyadnz/hourly-ipv4,ziyadnz|hourly,2026-08-17T18:48:05Z,2026-08-17T18:48:05Z,
66.132.186.154,ipv4,malicious-ip,medium,WHITE,ziyadnz/hourly-ipv4,ziyadnz|hourly,2026-08-17T18:48:05Z,2026-08-17T18:48:05Z,
66.132.186.155,ipv4,malicious-ip,medium,WHITE,ziyadnz/hourly-ipv4,ziyadnz|hourly,2026-08-17T18:48:05Z,2026-08-17T18:48:05Z,
66.132.186.156,ipv4,malicious-ip,medium,WHITE,ziyadnz/hourly-ipv4,ziyadnz|hourly,2026-08-17T18:48:05Z,2026-08-17T18:48:05Z,
66.132.186.157,ipv4,malicious-ip,medium,WHITE,ziyadnz/hourly-ipv4,ziyadnz|hourly,2026-08-17T18:48:05Z,2026-08-17T18:48:05Z,
66.132.186.158,ipv4,malicious-ip,medium,WHITE,ziyadnz/hourly-ipv4,ziyadnz|hourly,2026-08-17T18:48:05Z,2026-08-17T18:48:05Z,
66.132.186.159,ipv4,malicious-ip,medium,WHITE,ziyadnz/hourly-ipv4,ziyadnz|hourly,2026-08-17T18:48:05Z,2026-08-17T18:48:05Z,
66.132.186.160,ipv4,malicious-ip,medium,WHITE,ziyadnz/hourly-ipv4,ziyadnz|hourly,2026-08-17T18:48:05Z,2026-08-17T18:48:05Z,
66.132.186.161,ipv4,malicious-ip,medium,WHITE,ziyadnz/hourly-ipv4,ziyadnz|hourly,2026-08-17T18:48:05Z,2026-08-17T18:48:05Z,
66.132.186.163,ipv4,malicious-ip,medium,WHITE,ziyadnz/hourly-ipv4,ziyadnz|hourly,2026-08-17T18:48:05Z,2026-08-17T18:48:05Z,
66.132.186.164,ipv4,malicious-ip,medium,WHITE,ziyadnz/hourly-ipv4,ziyadnz|hourly,2026-08-17T18:48:05Z,2026-08-17T18:48:05Z,
66.132.186.165,ipv4,malicious-ip,medium,WHITE,ziyadnz/hourly-ipv4,ziyadnz|hourly,2026-08-17T18:48:05Z,2026-08-17T18:48:05Z,
66.132.186.166,ipv4,malicious-ip,medium,WHITE,ziyadnz/hourly-ipv4,ziyadnz|hourly,2026-08-17T18:48:05Z,2026-08-17T18:48:05Z,
66.132.186.167,ipv4,malicious-ip,medium,WHITE,ziyadnz/hourly-ipv4,ziyadnz|hourly,2026-08-17T18:48:05Z,2026-08-17T18:48:05Z,
66.132.186.168,ipv4,malicious-ip,medium,WHITE,ziyadnz/hourly-ipv4,ziyadnz|hourly,2026-08-17T18:48:05Z,2026-08-17T18:48:05Z,
66.132.186.169,ipv4,malicious-ip,medium,WHITE,ziyadnz/hourly-ipv4,ziyadnz|hourly,2026-08-17T18:48:05Z,2026-08-17T18:48:05Z,
66.132.186.17,ipv4,malicious-ip,medium,WHITE,ziyadnz/hourly-ipv4,ziyadnz|hourly,2026-08-17T18:48:05Z,2026-08-17T18:48:05Z,
66.132.186.170,ipv4,malicious-ip,medium,WHITE,ziyadnz/hourly-ipv4,ziyadnz|hourly,2026-08-17T18:48:05Z,2026-08-17T18:48:05Z,
66.132.186.172,ipv4,malicious-ip,medium,WHITE,ziyadnz/hourly-ipv4,ziyadnz|hourly,2026-08-17T18:48:05Z,2026-08-17T18:48:05Z,
66.132.186.175,ipv4,malicious-ip,medium,WHITE,ziyadnz/hourly-ipv4,ziyadnz|hourly,2026-08-17T18:48:05Z,2026-08-17T18:48:05Z,
66.132.186.178,ipv4,malicious-ip,medium,WHITE,ziyadnz/hourly-ipv4,ziyadnz|hourly,2026-08-17T18:48:05Z,2026-08-17T18:48:05Z,
66.132.186.179,ipv4,malicious-ip,medium,WHITE,ziyadnz/hourly-ipv4,ziyadnz|hourly,2026-08-17T18:48:05Z,2026-08-17T18:48:05Z,
66.132.186.18,ipv4,malicious-ip,medium,WHITE,ziyadnz/hourly-ipv4,ziyadnz|hourly,2026-08-17T18:48:05Z,2026-08-17T18:48:05Z,
66.132.186.181,ipv4,malicious-ip,medium,WHITE,ziyadnz/hourly-ipv4,ziyadnz|hourly,2026-08-17T18:48:05Z,2026-08-17T18:48:05Z,
66.132.186.184,ipv4,malicious-ip,medium,WHITE,ziyadnz/hourly-ipv4,ziyadnz|hourly,2026-08-17T18:48:05Z,2026-08-17T18:48:05Z,
66.132.186.185,ipv4,malicious-ip,medium,WHITE,ziyadnz/hourly-ipv4,ziyadnz|hourly,2026-08-17T18:48:05Z,2026-08-17T18:48:05Z,
66.132.186.186,ipv4,malicious-ip,medium,WHITE,ziyadnz/hourly-ipv4,ziyadnz|hourly,2026-08-17T18:48:05Z,2026-08-17T18:48:05Z,
66.132.186.187,ipv4,malicious-ip,medium,WHITE,ziyadnz/hourly-ipv4,ziyadnz|hourly,2026-08-17T18:48:05Z,2026-08-17T18:48:05Z,
66.132.186.188,ipv4,malicious-ip,medium,WHITE,ziyadnz/hourly-ipv4,ziyadnz|hourly,2026-08-17T18:48:05Z,2026-08-17T18:48:05Z,
66.132.186.189,ipv4,malicious-ip,medium,WHITE,ziyadnz/hourly-ipv4,ziyadnz|hourly,2026-08-17T18:48:05Z,2026-08-17T18:48:05Z,
66.132.186.19,ipv4,malicious-ip,medium,WHITE,ziyadnz/hourly-ipv4,ziyadnz|hourly,2026-08-17T18:48:05Z,2026-08-17T18:48:05Z,
66.132.186.191,ipv4,malicious-ip,medium,WHITE,ziyadnz/hourly-ipv4,ziyadnz|hourly,2026-08-17T18:48:05Z,2026-08-17T18:48:05Z,
66.132.186.192,ipv4,malicious-ip,medium,WHITE,ziyadnz/hourly-ipv4,ziyadnz|hourly,2026-08-17T18:48:05Z,2026-08-17T18:48:05Z,
66.132.186.193,ipv4,malicious-ip,medium,WHITE,ziyadnz/hourly-ipv4,ziyadnz|hourly,2026-08-17T18:48:05Z,2026-08-17T18:48:05Z,
66.132.186.194,ipv4,malicious-ip,medium,WHITE,ziyadnz/hourly-ipv4,ziyadnz|hourly,2026-08-17T18:48:05Z,2026-08-17T18:48:05Z,
66.132.186.196,ipv4,malicious-ip,medium,WHITE,ziyadnz/hourly-ipv4,ziyadnz|hourly,2026-08-17T18:48:05Z,2026-08-17T18:48:05Z,
66.132.186.197,ipv4,malicious-ip,medium,WHITE,ziyadnz/hourly-ipv4,ziyadnz|hourly,2026-08-17T18:48:05Z,2026-08-17T18:48:05Z,
66.132.186.198,ipv4,malicious-ip,medium,WHITE,ziyadnz/hourly-ipv4,ziyadnz|hourly,2026-08-17T18:48:05Z,2026-08-17T18:48:05Z,
66.132.186.199,ipv4,malicious-ip,medium,WHITE,ziyadnz/hourly-ipv4,ziyadnz|hourly,2026-08-17T18:48:05Z,2026-08-17T18:48:05Z,
66.132.186.20,ipv4,malicious-ip,medium,WHITE,ziyadnz/hourly-ipv4,ziyadnz|hourly,2026-08-17T18:48:05Z,2026-08-17T18:48:05Z,
66.132.186.200,ipv4,malicious-ip,medium,WHITE,ziyadnz/hourly-ipv4,ziyadnz|hourly,2026-08-17T18:48:05Z,2026-08-17T18:48:05Z,
66.132.186.201,ipv4,malicious-ip,medium,WHITE,ziyadnz/hourly-ipv4,ziyadnz|hourly,2026-08-17T18:48:05Z,2026-08-17T18:48:05Z,
66.132.186.202,ipv4,malicious-ip,medium,WHITE,ziyadnz/hourly-ipv4,ziyadnz|hourly,2026-08-17T18:48:05Z,2026-08-17T18:48:05Z,
66.132.186.203,ipv4,malicious-ip,medium,WHITE,ziyadnz/hourly-ipv4,ziyadnz|hourly,2026-08-17T18:48:05Z,2026-08-17T18:48:05Z,
66.132.186.204,ipv4,malicious-ip,medium,WHITE,ziyadnz/hourly-ipv4,ziyadnz|hourly,2026-08-17T18:48:05Z,2026-08-17T18:48:05Z,
66.132.186.205,ipv4,malicious-ip,medium,WHITE,ziyadnz/hourly-ipv4,ziyadnz|hourly,2026-08-17T18:48:05Z,2026-08-17T18:48:05Z,
66.132.186.206,ipv4,malicious-ip,medium,WHITE,ziyadnz/hourly-ipv4,ziyadnz|hourly,2026-08-17T18:48:05Z,2026-08-17T18:48:05Z,
66.132.186.207,ipv4,malicious-ip,medium,WHITE,ziyadnz/hourly-ipv4,ziyadnz|hourly,2026-08-17T18:48:05Z,2026-08-17T18:48:05Z,
66.132.186.208,ipv4,malicious-ip,medium,WHITE,ziyadnz/hourly-ipv4,ziyadnz|hourly,2026-08-17T18:48:05Z,2026-08-17T18:48:05Z,
66.132.186.209,ipv4,malicious-ip,medium,WHITE,ziyadnz/hourly-ipv4,ziyadnz|hourly,2026-08-17T18:48:05Z,2026-08-17T18:48:05Z,
66.132.186.21,ipv4,malicious-ip,medium,WHITE,ziyadnz/hourly-ipv4,ziyadnz|hourly,2026-08-17T18:48:05Z,2026-08-17T18:48:05Z,
66.132.186.210,ipv4,malicious-ip,medium,WHITE,ziyadnz/hourly-ipv4,ziyadnz|hourly,2026-08-17T18:48:05Z,2026-08-17T18:48:05Z,
66.132.186.211,ipv4,malicious-ip,medium,WHITE,ziyadnz/hourly-ipv4,ziyadnz|hourly,2026-08-17T18:48:05Z,2026-08-17T18:48:05Z,
66.132.186.212,ipv4,malicious-ip,medium,WHITE,ziyadnz/hourly-ipv4,ziyadnz|hourly,2026-08-17T18:48:05Z,2026-08-17T18:48:05Z,
66.132.186.213,ipv4,malicious-ip,medium,WHITE,ziyadnz/hourly-ipv4,ziyadnz|hourly,2026-08-17T18:48:05Z,2026-08-17T18:48:05Z,
66.132.186.214,ipv4,malicious-ip,medium,WHITE,ziyadnz/hourly-ipv4,ziyadnz|hourly,2026-08-17T18:48:05Z,2026-08-17T18:48:05Z,
66.132.186.215,ipv4,malicious-ip,medium,WHITE,ziyadnz/hourly-ipv4,ziyadnz|hourly,2026-08-17T18:48:05Z,2026-08-17T18:48:05Z,
66.132.186.216,ipv4,malicious-ip,medium,WHITE,ziyadnz/hourly-ipv4,ziyadnz|hourly,2026-08-17T18:48:05Z,2026-08-17T18:48:05Z,
66.132.186.217,ipv4,malicious-ip,medium,WHITE,ziyadnz/hourly-ipv4,ziyadnz|hourly,2026-08-17T18:48:05Z,2026-08-17T18:48:05Z,
66.132.186.218,ipv4,malicious-ip,medium,WHITE,ziyadnz/hourly-ipv4,ziyadnz|hourly,2026-08-17T18:48:05Z,2026-08-17T18:48:05Z,
66.132.186.219,ipv4,malicious-ip,medium,WHITE,ziyadnz/hourly-ipv4,ziyadnz|hourly,2026-08-17T18:48:05Z,2026-08-17T18:48:05Z,
66.132.186.220,ipv4,malicious-ip,medium,WHITE,ziyadnz/hourly-ipv4,ziyadnz|hourly,2026-08-17T18:48:05Z,2026-08-17T18:48:05Z,
66.132.186.221,ipv4,malicious-ip,medium,WHITE,ziyadnz/hourly-ipv4,ziyadnz|hourly,2026-08-17T18:48:05Z,2026-08-17T18:48:05Z,
66.132.186.222,ipv4,malicious-ip,medium,WHITE,ziyadnz/hourly-ipv4,ziyadnz|hourly,2026-08-17T18:48:05Z,2026-08-17T18:48:05Z,
66.132.186.223,ipv4,malicious-ip,medium,WHITE,ziyadnz/hourly-ipv4,ziyadnz|hourly,2026-08-17T18:48:05Z,2026-08-17T18:48:05Z,
66.132.186.224,ipv4,malicious-ip,medium,WHITE,ziyadnz/hourly-ipv4,ziyadnz|hourly,2026-08-17T18:48:05Z,2026-08-17T18:48:05Z,
66.132.186.226,ipv4,malicious-ip,medium,WHITE,ziyadnz/hourly-ipv4,ziyadnz|hourly,2026-08-17T18:48:05Z,2026-08-17T18:48:05Z,
66.132.186.227,ipv4,malicious-ip,medium,WHITE,ziyadnz/hourly-ipv4,ziyadnz|hourly,2026-08-17T18:48:05Z,2026-08-17T18:48:05Z,
66.132.186.229,ipv4,malicious-ip,medium,WHITE,ziyadnz/hourly-ipv4,ziyadnz|hourly,2026-08-17T18:48:05Z,2026-08-17T18:48:05Z,
66.132.186.23,ipv4,malicious-ip,medium,WHITE,ziyadnz/hourly-ipv4,ziyadnz|hourly,2026-08-17T18:48:05Z,2026-08-17T18:48:05Z,
66.132.186.230,ipv4,malicious-ip,medium,WHITE,ziyadnz/hourly-ipv4,ziyadnz|hourly,2026-08-17T18:48:05Z,2026-08-17T18:48:05Z,
66.132.186.231,ipv4,malicious-ip,medium,WHITE,ziyadnz/hourly-ipv4,ziyadnz|hourly,2026-08-17T18:48:05Z,2026-08-17T18:48:05Z,
66.132.186.232,ipv4,malicious-ip,medium,WHITE,ziyadnz/hourly-ipv4,ziyadnz|hourly,2026-08-17T18:48:05Z,2026-08-17T18:48:05Z,
66.132.186.233,ipv4,malicious-ip,medium,WHITE,ziyadnz/hourly-ipv4,ziyadnz|hourly,2026-08-17T18:48:05Z,2026-08-17T18:48:05Z,
66.132.186.234,ipv4,malicious-ip,medium,WHITE,ziyadnz/hourly-ipv4,ziyadnz|hourly,2026-08-17T18:48:05Z,2026-08-17T18:48:05Z,
66.132.186.236,ipv4,malicious-ip,medium,WHITE,ziyadnz/hourly-ipv4,ziyadnz|hourly,2026-08-17T18:48:05Z,2026-08-17T18:48:05Z,
66.132.186.237,ipv4,malicious-ip,medium,WHITE,ziyadnz/hourly-ipv4,ziyadnz|hourly,2026-08-17T18:48:05Z,2026-08-17T18:48:05Z,
66.132.186.238,ipv4,malicious-ip,medium,WHITE,ziyadnz/hourly-ipv4,ziyadnz|hourly,2026-08-17T18:48:05Z,2026-08-17T18:48:05Z,
66.132.186.239,ipv4,malicious-ip,medium,WHITE,ziyadnz/hourly-ipv4,ziyadnz|hourly,2026-08-17T18:48:05Z,2026-08-17T18:48:05Z,
66.132.186.240,ipv4,malicious-ip,medium,WHITE,ziyadnz/hourly-ipv4,ziyadnz|hourly,2026-08-17T18:48:05Z,2026-08-17T18:48:05Z,
66.132.186.241,ipv4,malicious-ip,medium,WHITE,ziyadnz/hourly-ipv4,ziyadnz|hourly,2026-08-17T18:48:05Z,2026-08-17T18:48:05Z,
66.132.186.242,ipv4,malicious-ip,medium,WHITE,ziyadnz/hourly-ipv4,ziyadnz|hourly,2026-08-17T18:48:05Z,2026-08-17T18:48:05Z,
66.132.186.243,ipv4,malicious-ip,medium,WHITE,ziyadnz/hourly-ipv4,ziyadnz|hourly,2026-08-17T18:48:05Z,2026-08-17T18:48:05Z,
66.132.186.244,ipv4,malicious-ip,medium,WHITE,ziyadnz/hourly-ipv4,ziyadnz|hourly,2026-08-17T18:48:05Z,2026-08-17T18:48:05Z,
66.132.186.245,ipv4,malicious-ip,medium,WHITE,ziyadnz/hourly-ipv4,ziyadnz|hourly,2026-08-17T18:48:05Z,2026-08-17T18:48:05Z,
66.132.186.246,ipv4,malicious-ip,medium,WHITE,ziyadnz/hourly-ipv4,ziyadnz|hourly,2026-08-17T18:48:05Z,2026-08-17T18:48:05Z,
66.132.186.247,ipv4,malicious-ip,medium,WHITE,ziyadnz/hourly-ipv4,ziyadnz|hourly,2026-08-17T18:48:05Z,2026-08-17T18:48:05Z,
66.132.186.248,ipv4,malicious-ip,medium,WHITE,ziyadnz/hourly-ipv4,ziyadnz|hourly,2026-08-17T18:48:05Z,2026-08-17T18:48:05Z,
66.132.186.249,ipv4,malicious-ip,medium,WHITE,ziyadnz/hourly-ipv4,ziyadnz|hourly,2026-08-17T18:48:05Z,2026-08-17T18:48:05Z,
66.132.186.25,ipv4,malicious-ip,medium,WHITE,ziyadnz/hourly-ipv4,ziyadnz|hourly,2026-08-17T18:48:05Z,2026-08-17T18:48:05Z,
66.132.186.250,ipv4,malicious-ip,medium,WHITE,ziyadnz/hourly-ipv4,ziyadnz|hourly,2026-08-17T18:48:05Z,2026-08-17T18:48:05Z,
66.132.186.251,ipv4,malicious-ip,medium,WHITE,ziyadnz/hourly-ipv4,ziyadnz|hourly,2026-08-17T18:48:05Z,2026-08-17T18:48:05Z,
66.132.186.252,ipv4,malicious-ip,medium,WHITE,ziyadnz/hourly-ipv4,ziyadnz|hourly,2026-08-17T18:48:05Z,2026-08-17T18:48:05Z,
66.132.186.253,ipv4,malicious-ip,medium,WHITE,ziyadnz/hourly-ipv4,ziyadnz|hourly,2026-08-17T18:48:05Z,2026-08-17T18:48:05Z,
66.132.186.254,ipv4,malicious-ip,medium,WHITE,ziyadnz/hourly-ipv4,ziyadnz|hourly,2026-08-17T18:48:05Z,2026-08-17T18:48:05Z,
66.132.186.26,ipv4,malicious-ip,medium,WHITE,ziyadnz/hourly-ipv4,ziyadnz|hourly,2026-08-17T18:48:05Z,2026-08-17T18:48:05Z,
66.132.186.29,ipv4,malicious-ip,medium,WHITE,ziyadnz/hourly-ipv4,ziyadnz|hourly,2026-08-17T18:48:05Z,2026-08-17T18:48:05Z,
66.132.186.30,ipv4,malicious-ip,medium,WHITE,ziyadnz/hourly-ipv4,ziyadnz|hourly,2026-08-17T18:48:05Z,2026-08-17T18:48:05Z,
66.132.186.31,ipv4,malicious-ip,medium,WHITE,ziyadnz/hourly-ipv4,ziyadnz|hourly,2026-08-17T18:48:05Z,2026-08-17T18:48:05Z,
66.132.186.33,ipv4,malicious-ip,medium,WHITE,ziyadnz/hourly-ipv4,ziyadnz|hourly,2026-08-17T18:48:05Z,2026-08-17T18:48:05Z,
66.132.186.35,ipv4,malicious-ip,medium,WHITE,ziyadnz/hourly-ipv4,ziyadnz|hourly,2026-08-17T18:48:05Z,2026-08-17T18:48:05Z,
66.132.186.36,ipv4,malicious-ip,medium,WHITE,ziyadnz/hourly-ipv4,ziyadnz|hourly,2026-08-17T18:48:05Z,2026-08-17T18:48:05Z,
66.132.186.38,ipv4,malicious-ip,medium,WHITE,ziyadnz/hourly-ipv4,ziyadnz|hourly,2026-08-17T18:48:05Z,2026-08-17T18:48:05Z,
66.132.186.39,ipv4,malicious-ip,medium,WHITE,ziyadnz/hourly-ipv4,ziyadnz|hourly,2026-08-17T18:48:05Z,2026-08-17T18:48:05Z,
66.132.186.40,ipv4,malicious-ip,medium,WHITE,ziyadnz/hourly-ipv4,ziyadnz|hourly,2026-08-17T18:48:05Z,2026-08-17T18:48:05Z,
66.132.186.46,ipv4,malicious-ip,medium,WHITE,ziyadnz/hourly-ipv4,ziyadnz|hourly,2026-08-17T18:48:05Z,2026-08-17T18:48:05Z,
66.132.186.47,ipv4,malicious-ip,medium,WHITE,ziyadnz/hourly-ipv4,ziyadnz|hourly,2026-08-17T18:48:05Z,2026-08-17T18:48:05Z,
66.132.186.48,ipv4,malicious-ip,medium,WHITE,ziyadnz/hourly-ipv4,ziyadnz|hourly,2026-08-17T18:48:05Z,2026-08-17T18:48:05Z,
66.132.186.49,ipv4,malicious-ip,medium,WHITE,ziyadnz/hourly-ipv4,ziyadnz|hourly,2026-08-17T18:48:05Z,2026-08-17T18:48:05Z,
66.132.186.51,ipv4,malicious-ip,medium,WHITE,ziyadnz/hourly-ipv4,ziyadnz|hourly,2026-08-17T18:48:05Z,2026-08-17T18:48:05Z,
66.132.186.61,ipv4,malicious-ip,medium,WHITE,ziyadnz/hourly-ipv4,ziyadnz|hourly,2026-08-17T18:48:05Z,2026-08-17T18:48:05Z,
66.132.186.64,ipv4,malicious-ip,medium,WHITE,ziyadnz/hourly-ipv4,ziyadnz|hourly,2026-08-17T18:48:05Z,2026-08-17T18:48:05Z,
66.132.186.65,ipv4,malicious-ip,medium,WHITE,ziyadnz/hourly-ipv4,ziyadnz|hourly,2026-08-17T18:48:05Z,2026-08-17T18:48:05Z,
66.132.186.67,ipv4,malicious-ip,medium,WHITE,ziyadnz/hourly-ipv4,ziyadnz|hourly,2026-08-17T18:48:05Z,2026-08-17T18:48:05Z,
66.132.186.71,ipv4,malicious-ip,medium,WHITE,ziyadnz/hourly-ipv4,ziyadnz|hourly,2026-08-17T18:48:05Z,2026-08-17T18:48:05Z,
66.132.186.72,ipv4,malicious-ip,medium,WHITE,ziyadnz/hourly-ipv4,ziyadnz|hourly,2026-08-17T18:48:05Z,2026-08-17T18:48:05Z,
66.132.186.73,ipv4,malicious-ip,medium,WHITE,ziyadnz/hourly-ipv4,ziyadnz|hourly,2026-08-17T18:48:05Z,2026-08-17T18:48:05Z,
66.132.186.74,ipv4,malicious-ip,medium,WHITE,ziyadnz/hourly-ipv4,ziyadnz|hourly,2026-08-17T18:48:05Z,2026-08-17T18:48:05Z,
66.132.186.77,ipv4,malicious-ip,medium,WHITE,ziyadnz/hourly-ipv4,ziyadnz|hourly,2026-08-17T18:48:05Z,2026-08-17T18:48:05Z,
66.132.186.78,ipv4,malicious-ip,medium,WHITE,ziyadnz/hourly-ipv4,ziyadnz|hourly,2026-08-17T18:48:05Z,2026-08-17T18:48:05Z,
66.132.186.79,ipv4,malicious-ip,medium,WHITE,ziyadnz/hourly-ipv4,ziyadnz|hourly,2026-08-17T18:48:05Z,2026-08-17T18:48:05Z,
66.132.186.81,ipv4,malicious-ip,medium,WHITE,ziyadnz/hourly-ipv4,ziyadnz|hourly,2026-08-17T18:48:05Z,2026-08-17T18:48:05Z,
66.132.186.85,ipv4,malicious-ip,medium,WHITE,ziyadnz/hourly-ipv4,ziyadnz|hourly,2026-08-17T18:48:05Z,2026-08-17T18:48:05Z,
66.132.186.86,ipv4,malicious-ip,medium,WHITE,ziyadnz/hourly-ipv4,ziyadnz|hourly,2026-08-17T18:48:05Z,2026-08-17T18:48:05Z,
66.132.186.89,ipv4,malicious-ip,medium,WHITE,ziyadnz/hourly-ipv4,ziyadnz|hourly,2026-08-17T18:48:05Z,2026-08-17T18:48:05Z,
66.132.186.91,ipv4,malicious-ip,medium,WHITE,ziyadnz/hourly-ipv4,ziyadnz|hourly,2026-08-17T18:48:05Z,2026-08-17T18:48:05Z,
66.132.186.92,ipv4,malicious-ip,medium,WHITE,ziyadnz/hourly-ipv4,ziyadnz|hourly,2026-08-17T18:48:05Z,2026-08-17T18:48:05Z,
66.132.186.93,ipv4,malicious-ip,medium,WHITE,ziyadnz/hourly-ipv4,ziyadnz|hourly,2026-08-17T18:48:05Z,2026-08-17T18:48:05Z,
66.132.186.94,ipv4,malicious-ip,medium,WHITE,ziyadnz/hourly-ipv4,ziyadnz|hourly,2026-08-17T18:48:05Z,2026-08-17T18:48:05Z,
66.132.186.95,ipv4,malicious-ip,medium,WHITE,ziyadnz/hourly-ipv4,ziyadnz|hourly,2026-08-17T18:48:05Z,2026-08-17T18:48:05Z,
66.132.186.98,ipv4,malicious-ip,medium,WHITE,ziyadnz/hourly-ipv4,ziyadnz|hourly,2026-08-17T18:48:05Z,2026-08-17T18:48:05Z,
66.132.186.99,ipv4,malicious-ip,medium,WHITE,ziyadnz/hourly-ipv4,ziyadnz|hourly,2026-08-17T18:48:05Z,2026-08-17T18:48:05Z,
66.132.195.0,ipv4,malicious-ip,medium,WHITE,ziyadnz/hourly-ipv4,ziyadnz|hourly,2026-08-17T18:48:05Z,2026-08-17T18:48:05Z,
66.132.195.102,ipv4,malicious-ip,medium,WHITE,ziyadnz/hourly-ipv4,ziyadnz|hourly,2026-08-17T18:48:05Z,2026-08-17T18:48:05Z,
66.132.195.105,ipv4,malicious-ip,medium,WHITE,ziyadnz/hourly-ipv4,ziyadnz|hourly,2026-08-17T18:48:05Z,2026-08-17T18:48:05Z,
66.132.195.107,ipv4,malicious-ip,medium,WHITE,ziyadnz/hourly-ipv4,ziyadnz|hourly,2026-08-17T18:48:05Z,2026-08-17T18:48:05Z,
66.132.195.108,ipv4,malicious-ip,medium,WHITE,ziyadnz/hourly-ipv4,ziyadnz|hourly,2026-08-17T18:48:05Z,2026-08-17T18:48:05Z,
66.132.195.110,ipv4,malicious-ip,medium,WHITE,ziyadnz/hourly-ipv4,ziyadnz|hourly,2026-08-17T18:48:05Z,2026-08-17T18:48:05Z,
66.132.195.113,ipv4,malicious-ip,medium,WHITE,ziyadnz/hourly-ipv4,ziyadnz|hourly,2026-08-17T18:48:05Z,2026-08-17T18:48:05Z,
66.132.195.116,ipv4,malicious-ip,medium,WHITE,ziyadnz/hourly-ipv4,ziyadnz|hourly,2026-08-17T18:48:05Z,2026-08-17T18:48:05Z,
66.132.195.117,ipv4,malicious-ip,medium,WHITE,ziyadnz/hourly-ipv4,ziyadnz|hourly,2026-08-17T18:48:05Z,2026-08-17T18:48:05Z,
66.132.195.118,ipv4,malicious-ip,medium,WHITE,ziyadnz/hourly-ipv4,ziyadnz|hourly,2026-08-17T18:48:05Z,2026-08-17T18:48:05Z,
66.132.195.120,ipv4,malicious-ip,medium,WHITE,ziyadnz/hourly-ipv4,ziyadnz|hourly,2026-08-17T18:48:05Z,2026-08-17T18:48:05Z,
66.132.195.121,ipv4,malicious-ip,medium,WHITE,ziyadnz/hourly-ipv4,ziyadnz|hourly,2026-08-17T18:48:05Z,2026-08-17T18:48:05Z,
66.132.195.143,ipv4,malicious-ip,medium,WHITE,ziyadnz/hourly-ipv4,ziyadnz|hourly,2026-08-17T18:48:05Z,2026-08-17T18:48:05Z,
66.132.195.148,ipv4,malicious-ip,medium,WHITE,ziyadnz/hourly-ipv4,ziyadnz|hourly,2026-08-17T18:48:05Z,2026-08-17T18:48:05Z,
66.132.195.149,ipv4,malicious-ip,medium,WHITE,ziyadnz/hourly-ipv4,ziyadnz|hourly,2026-08-17T18:48:05Z,2026-08-17T18:48:05Z,
66.132.195.15,ipv4,malicious-ip,medium,WHITE,ziyadnz/hourly-ipv4,ziyadnz|hourly,2026-08-17T18:48:05Z,2026-08-17T18:48:05Z,
66.132.195.150,ipv4,malicious-ip,medium,WHITE,ziyadnz/hourly-ipv4,ziyadnz|hourly,2026-08-17T18:48:05Z,2026-08-17T18:48:05Z,
66.132.195.152,ipv4,malicious-ip,medium,WHITE,ziyadnz/hourly-ipv4,ziyadnz|hourly,2026-08-17T18:48:05Z,2026-08-17T18:48:05Z,
66.132.195.153,ipv4,malicious-ip,medium,WHITE,ziyadnz/hourly-ipv4,ziyadnz|hourly,2026-08-17T18:48:05Z,2026-08-17T18:48:05Z,
66.132.195.155,ipv4,malicious-ip,medium,WHITE,ziyadnz/hourly-ipv4,ziyadnz|hourly,2026-08-17T18:48:05Z,2026-08-17T18:48:05Z,
66.132.195.156,ipv4,malicious-ip,medium,WHITE,ziyadnz/hourly-ipv4,ziyadnz|hourly,2026-08-17T18:48:05Z,2026-08-17T18:48:05Z,
66.132.195.158,ipv4,malicious-ip,medium,WHITE,ziyadnz/hourly-ipv4,ziyadnz|hourly,2026-08-17T18:48:05Z,2026-08-17T18:48:05Z,
66.132.195.19,ipv4,malicious-ip,medium,WHITE,ziyadnz/hourly-ipv4,ziyadnz|hourly,2026-08-17T18:48:05Z,2026-08-17T18:48:05Z,
66.132.195.20,ipv4,malicious-ip,medium,WHITE,ziyadnz/hourly-ipv4,ziyadnz|hourly,2026-08-17T18:48:05Z,2026-08-17T18:48:05Z,
66.132.195.21,ipv4,malicious-ip,medium,WHITE,ziyadnz/hourly-ipv4,ziyadnz|hourly,2026-08-17T18:48:05Z,2026-08-17T18:48:05Z,
66.132.195.22,ipv4,malicious-ip,medium,WHITE,ziyadnz/hourly-ipv4,ziyadnz|hourly,2026-08-17T18:48:05Z,2026-08-17T18:48:05Z,
66.132.195.23,ipv4,malicious-ip,medium,WHITE,ziyadnz/hourly-ipv4,ziyadnz|hourly,2026-08-17T18:48:05Z,2026-08-17T18:48:05Z,
66.132.195.24,ipv4,malicious-ip,medium,WHITE,ziyadnz/hourly-ipv4,ziyadnz|hourly,2026-08-17T18:48:05Z,2026-08-17T18:48:05Z,
66.132.195.26,ipv4,malicious-ip,medium,WHITE,ziyadnz/hourly-ipv4,ziyadnz|hourly,2026-08-17T18:48:05Z,2026-08-17T18:48:05Z,
66.132.195.27,ipv4,malicious-ip,medium,WHITE,ziyadnz/hourly-ipv4,ziyadnz|hourly,2026-08-17T18:48:05Z,2026-08-17T18:48:05Z,
66.132.195.28,ipv4,malicious-ip,medium,WHITE,ziyadnz/hourly-ipv4,ziyadnz|hourly,2026-08-17T18:48:05Z,2026-08-17T18:48:05Z,
66.132.195.29,ipv4,malicious-ip,medium,WHITE,ziyadnz/hourly-ipv4,ziyadnz|hourly,2026-08-17T18:48:05Z,2026-08-17T18:48:05Z,
66.132.195.30,ipv4,malicious-ip,medium,WHITE,ziyadnz/hourly-ipv4,ziyadnz|hourly,2026-08-17T18:48:05Z,2026-08-17T18:48:05Z,
66.132.195.31,ipv4,malicious-ip,medium,WHITE,ziyadnz/hourly-ipv4,ziyadnz|hourly,2026-08-17T18:48:05Z,2026-08-17T18:48:05Z,
66.132.195.33,ipv4,malicious-ip,medium,WHITE,ziyadnz/hourly-ipv4,ziyadnz|hourly,2026-08-17T18:48:05Z,2026-08-17T18:48:05Z,
66.132.195.34,ipv4,malicious-ip,medium,WHITE,ziyadnz/hourly-ipv4,ziyadnz|hourly,2026-08-17T18:48:05Z,2026-08-17T18:48:05Z,
66.132.195.35,ipv4,malicious-ip,medium,WHITE,ziyadnz/hourly-ipv4,ziyadnz|hourly,2026-08-17T18:48:05Z,2026-08-17T18:48:05Z,
66.132.195.36,ipv4,malicious-ip,medium,WHITE,ziyadnz/hourly-ipv4,ziyadnz|hourly,2026-08-17T18:48:05Z,2026-08-17T18:48:05Z,
66.132.195.38,ipv4,malicious-ip,medium,WHITE,ziyadnz/hourly-ipv4,ziyadnz|hourly,2026-08-17T18:48:05Z,2026-08-17T18:48:05Z,
66.132.195.40,ipv4,malicious-ip,medium,WHITE,ziyadnz/hourly-ipv4,ziyadnz|hourly,2026-08-17T18:48:05Z,2026-08-17T18:48:05Z,
66.132.195.41,ipv4,malicious-ip,medium,WHITE,ziyadnz/hourly-ipv4,ziyadnz|hourly,2026-08-17T18:48:05Z,2026-08-17T18:48:05Z,
66.132.195.42,ipv4,malicious-ip,medium,WHITE,ziyadnz/hourly-ipv4,ziyadnz|hourly,2026-08-17T18:48:05Z,2026-08-17T18:48:05Z,
66.132.195.43,ipv4,malicious-ip,medium,WHITE,ziyadnz/hourly-ipv4,ziyadnz|hourly,2026-08-17T18:48:05Z,2026-08-17T18:48:05Z,
66.132.195.44,ipv4,malicious-ip,medium,WHITE,ziyadnz/hourly-ipv4,ziyadnz|hourly,2026-08-17T18:48:05Z,2026-08-17T18:48:05Z,
66.132.195.45,ipv4,malicious-ip,medium,WHITE,ziyadnz/hourly-ipv4,ziyadnz|hourly,2026-08-17T18:48:05Z,2026-08-17T18:48:05Z,
66.132.195.46,ipv4,malicious-ip,medium,WHITE,ziyadnz/hourly-ipv4,ziyadnz|hourly,2026-08-17T18:48:05Z,2026-08-17T18:48:05Z,
66.132.195.47,ipv4,malicious-ip,medium,WHITE,ziyadnz/hourly-ipv4,ziyadnz|hourly,2026-08-17T18:48:05Z,2026-08-17T18:48:05Z,
66.132.195.51,ipv4,malicious-ip,medium,WHITE,ziyadnz/hourly-ipv4,ziyadnz|hourly,2026-08-17T18:48:05Z,2026-08-17T18:48:05Z,
66.132.195.52,ipv4,malicious-ip,medium,WHITE,ziyadnz/hourly-ipv4,ziyadnz|hourly,2026-08-17T18:48:05Z,2026-08-17T18:48:05Z,
66.132.195.53,ipv4,malicious-ip,medium,WHITE,ziyadnz/hourly-ipv4,ziyadnz|hourly,2026-08-17T18:48:05Z,2026-08-17T18:48:05Z,
66.132.195.54,ipv4,malicious-ip,medium,WHITE,ziyadnz/hourly-ipv4,ziyadnz|hourly,2026-08-17T18:48:05Z,2026-08-17T18:48:05Z,
66.132.195.55,ipv4,malicious-ip,medium,WHITE,ziyadnz/hourly-ipv4,ziyadnz|hourly,2026-08-17T18:48:05Z,2026-08-17T18:48:05Z,
66.132.195.56,ipv4,malicious-ip,medium,WHITE,ziyadnz/hourly-ipv4,ziyadnz|hourly,2026-08-17T18:48:05Z,2026-08-17T18:48:05Z,
66.132.195.57,ipv4,malicious-ip,medium,WHITE,ziyadnz/hourly-ipv4,ziyadnz|hourly,2026-08-17T18:48:05Z,2026-08-17T18:48:05Z,
66.132.195.59,ipv4,malicious-ip,medium,WHITE,ziyadnz/hourly-ipv4,ziyadnz|hourly,2026-08-17T18:48:05Z,2026-08-17T18:48:05Z,
66.132.195.60,ipv4,malicious-ip,medium,WHITE,ziyadnz/hourly-ipv4,ziyadnz|hourly,2026-08-17T18:48:05Z,2026-08-17T18:48:05Z,
66.132.195.61,ipv4,malicious-ip,medium,WHITE,ziyadnz/hourly-ipv4,ziyadnz|hourly,2026-08-17T18:48:05Z,2026-08-17T18:48:05Z,
66.132.195.63,ipv4,malicious-ip,medium,WHITE,ziyadnz/hourly-ipv4,ziyadnz|hourly,2026-08-17T18:48:05Z,2026-08-17T18:48:05Z,
66.132.195.65,ipv4,malicious-ip,medium,WHITE,ziyadnz/hourly-ipv4,ziyadnz|hourly,2026-08-17T18:48:05Z,2026-08-17T18:48:05Z,
66.132.195.66,ipv4,malicious-ip,medium,WHITE,ziyadnz/hourly-ipv4,ziyadnz|hourly,2026-08-17T18:48:05Z,2026-08-17T18:48:05Z,
66.132.195.67,ipv4,malicious-ip,medium,WHITE,ziyadnz/hourly-ipv4,ziyadnz|hourly,2026-08-17T18:48:05Z,2026-08-17T18:48:05Z,
66.132.195.69,ipv4,malicious-ip,medium,WHITE,ziyadnz/hourly-ipv4,ziyadnz|hourly,2026-08-17T18:48:05Z,2026-08-17T18:48:05Z,
66.132.195.70,ipv4,malicious-ip,medium,WHITE,ziyadnz/hourly-ipv4,ziyadnz|hourly,2026-08-17T18:48:05Z,2026-08-17T18:48:05Z,
66.132.195.72,ipv4,malicious-ip,medium,WHITE,ziyadnz/hourly-ipv4,ziyadnz|hourly,2026-08-17T18:48:05Z,2026-08-17T18:48:05Z,
66.132.195.73,ipv4,malicious-ip,medium,WHITE,ziyadnz/hourly-ipv4,ziyadnz|hourly,2026-08-17T18:48:05Z,2026-08-17T18:48:05Z,
66.132.195.75,ipv4,malicious-ip,medium,WHITE,ziyadnz/hourly-ipv4,ziyadnz|hourly,2026-08-17T18:48:05Z,2026-08-17T18:48:05Z,
66.132.195.77,ipv4,malicious-ip,medium,WHITE,ziyadnz/hourly-ipv4,ziyadnz|hourly,2026-08-17T18:48:05Z,2026-08-17T18:48:05Z,
66.132.195.78,ipv4,malicious-ip,medium,WHITE,ziyadnz/hourly-ipv4,ziyadnz|hourly,2026-08-17T18:48:05Z,2026-08-17T18:48:05Z,
66.132.195.79,ipv4,malicious-ip,medium,WHITE,ziyadnz/hourly-ipv4,ziyadnz|hourly,2026-08-17T18:48:05Z,2026-08-17T18:48:05Z,
66.132.195.80,ipv4,malicious-ip,medium,WHITE,ziyadnz/hourly-ipv4,ziyadnz|hourly,2026-08-17T18:48:05Z,2026-08-17T18:48:05Z,
66.132.195.81,ipv4,malicious-ip,medium,WHITE,ziyadnz/hourly-ipv4,ziyadnz|hourly,2026-08-17T18:48:05Z,2026-08-17T18:48:05Z,
66.132.195.83,ipv4,malicious-ip,medium,WHITE,ziyadnz/hourly-ipv4,ziyadnz|hourly,2026-08-17T18:48:05Z,2026-08-17T18:48:05Z,
66.132.195.84,ipv4,malicious-ip,medium,WHITE,ziyadnz/hourly-ipv4,ziyadnz|hourly,2026-08-17T18:48:05Z,2026-08-17T18:48:05Z,
66.132.195.85,ipv4,malicious-ip,medium,WHITE,ziyadnz/hourly-ipv4,ziyadnz|hourly,2026-08-17T18:48:05Z,2026-08-17T18:48:05Z,
66.132.195.86,ipv4,malicious-ip,medium,WHITE,ziyadnz/hourly-ipv4,ziyadnz|hourly,2026-08-17T18:48:05Z,2026-08-17T18:48:05Z,
66.132.195.87,ipv4,malicious-ip,medium,WHITE,ziyadnz/hourly-ipv4,ziyadnz|hourly,2026-08-17T18:48:05Z,2026-08-17T18:48:05Z,
66.132.195.88,ipv4,malicious-ip,medium,WHITE,ziyadnz/hourly-ipv4,ziyadnz|hourly,2026-08-17T18:48:05Z,2026-08-17T18:48:05Z,
66.132.195.90,ipv4,malicious-ip,medium,WHITE,ziyadnz/hourly-ipv4,ziyadnz|hourly,2026-08-17T18:48:05Z,2026-08-17T18:48:05Z,
66.132.195.91,ipv4,malicious-ip,medium,WHITE,ziyadnz/hourly-ipv4,ziyadnz|hourly,2026-08-17T18:48:05Z,2026-08-17T18:48:05Z,
66.132.195.92,ipv4,malicious-ip,medium,WHITE,ziyadnz/hourly-ipv4,ziyadnz|hourly,2026-08-17T18:48:05Z,2026-08-17T18:48:05Z,
66.132.195.93,ipv4,malicious-ip,medium,WHITE,ziyadnz/hourly-ipv4,ziyadnz|hourly,2026-08-17T18:48:05Z,2026-08-17T18:48:05Z,
66.132.195.94,ipv4,malicious-ip,medium,WHITE,ziyadnz/hourly-ipv4,ziyadnz|hourly,2026-08-17T18:48:05Z,2026-08-17T18:48:05Z,
66.132.195.95,ipv4,malicious-ip,medium,WHITE,ziyadnz/hourly-ipv4,ziyadnz|hourly,2026-08-17T18:48:05Z,2026-08-17T18:48:05Z,
66.132.195.96,ipv4,malicious-ip,medium,WHITE,ziyadnz/hourly-ipv4,ziyadnz|hourly,2026-08-17T18:48:05Z,2026-08-17T18:48:05Z,
66.132.195.98,ipv4,malicious-ip,medium,WHITE,ziyadnz/hourly-ipv4,ziyadnz|hourly,2026-08-17T18:48:05Z,2026-08-17T18:48:05Z,
66.132.195.99,ipv4,malicious-ip,medium,WHITE,ziyadnz/hourly-ipv4,ziyadnz|hourly,2026-08-17T18:48:05Z,2026-08-17T18:48:05Z,
66.132.224.0,ipv4,malicious-ip,medium,WHITE,ziyadnz/hourly-ipv4,ziyadnz|hourly,2026-08-17T18:48:05Z,2026-08-17T18:48:05Z,
66.132.224.15,ipv4,malicious-ip,medium,WHITE,ziyadnz/hourly-ipv4,ziyadnz|hourly,2026-08-17T18:48:05Z,2026-08-17T18:48:05Z,
66.132.224.16,ipv4,malicious-ip,medium,WHITE,ziyadnz/hourly-ipv4,ziyadnz|hourly,2026-08-17T18:48:05Z,2026-08-17T18:48:05Z,
66.132.224.17,ipv4,malicious-ip,medium,WHITE,ziyadnz/hourly-ipv4,ziyadnz|hourly,2026-08-17T18:48:05Z,2026-08-17T18:48:05Z,
66.132.224.18,ipv4,malicious-ip,medium,WHITE,ziyadnz/hourly-ipv4,ziyadnz|hourly,2026-08-17T18:48:05Z,2026-08-17T18:48:05Z,
66.132.224.19,ipv4,malicious-ip,medium,WHITE,ziyadnz/hourly-ipv4,ziyadnz|hourly,2026-08-17T18:48:05Z,2026-08-17T18:48:05Z,
66.132.224.20,ipv4,malicious-ip,medium,WHITE,ziyadnz/hourly-ipv4,ziyadnz|hourly,2026-08-17T18:48:05Z,2026-08-17T18:48:05Z,
66.132.224.21,ipv4,malicious-ip,medium,WHITE,ziyadnz/hourly-ipv4,ziyadnz|hourly,2026-08-17T18:48:05Z,2026-08-17T18:48:05Z,
66.132.224.22,ipv4,malicious-ip,medium,WHITE,ziyadnz/hourly-ipv4,ziyadnz|hourly,2026-08-17T18:48:05Z,2026-08-17T18:48:05Z,
66.132.224.224,ipv4,malicious-ip,medium,WHITE,ziyadnz/hourly-ipv4,ziyadnz|hourly,2026-08-17T18:48:05Z,2026-08-17T18:48:05Z,
66.132.224.226,ipv4,malicious-ip,medium,WHITE,ziyadnz/hourly-ipv4,ziyadnz|hourly,2026-08-17T18:48:05Z,2026-08-17T18:48:05Z,
66.132.224.227,ipv4,malicious-ip,medium,WHITE,ziyadnz/hourly-ipv4,ziyadnz|hourly,2026-08-17T18:48:05Z,2026-08-17T18:48:05Z,
66.132.224.228,ipv4,malicious-ip,medium,WHITE,ziyadnz/hourly-ipv4,ziyadnz|hourly,2026-08-17T18:48:05Z,2026-08-17T18:48:05Z,
66.132.224.229,ipv4,malicious-ip,medium,WHITE,ziyadnz/hourly-ipv4,ziyadnz|hourly,2026-08-17T18:48:05Z,2026-08-17T18:48:05Z,
66.132.224.23,ipv4,malicious-ip,medium,WHITE,ziyadnz/hourly-ipv4,ziyadnz|hourly,2026-08-17T18:48:05Z,2026-08-17T18:48:05Z,
66.132.224.230,ipv4,malicious-ip,medium,WHITE,ziyadnz/hourly-ipv4,ziyadnz|hourly,2026-08-17T18:48:05Z,2026-08-17T18:48:05Z,
66.132.224.232,ipv4,malicious-ip,medium,WHITE,ziyadnz/hourly-ipv4,ziyadnz|hourly,2026-08-17T18:48:05Z,2026-08-17T18:48:05Z,
66.132.224.234,ipv4,malicious-ip,medium,WHITE,ziyadnz/hourly-ipv4,ziyadnz|hourly,2026-08-17T18:48:05Z,2026-08-17T18:48:05Z,
66.132.224.235,ipv4,malicious-ip,medium,WHITE,ziyadnz/hourly-ipv4,ziyadnz|hourly,2026-08-17T18:48:05Z,2026-08-17T18:48:05Z,
66.132.224.237,ipv4,malicious-ip,medium,WHITE,ziyadnz/hourly-ipv4,ziyadnz|hourly,2026-08-17T18:48:05Z,2026-08-17T18:48:05Z,
66.132.224.238,ipv4,malicious-ip,medium,WHITE,ziyadnz/hourly-ipv4,ziyadnz|hourly,2026-08-17T18:48:05Z,2026-08-17T18:48:05Z,
66.132.224.24,ipv4,malicious-ip,medium,WHITE,ziyadnz/hourly-ipv4,ziyadnz|hourly,2026-08-17T18:48:05Z,2026-08-17T18:48:05Z,
66.132.224.25,ipv4,malicious-ip,medium,WHITE,ziyadnz/hourly-ipv4,ziyadnz|hourly,2026-08-17T18:48:05Z,2026-08-17T18:48:05Z,
66.132.224.26,ipv4,malicious-ip,medium,WHITE,ziyadnz/hourly-ipv4,ziyadnz|hourly,2026-08-17T18:48:05Z,2026-08-17T18:48:05Z,
66.132.224.27,ipv4,malicious-ip,medium,WHITE,ziyadnz/hourly-ipv4,ziyadnz|hourly,2026-08-17T18:48:05Z,2026-08-17T18:48:05Z,
66.132.224.28,ipv4,malicious-ip,medium,WHITE,ziyadnz/hourly-ipv4,ziyadnz|hourly,2026-08-17T18:48:05Z,2026-08-17T18:48:05Z,
66.132.224.29,ipv4,malicious-ip,medium,WHITE,ziyadnz/hourly-ipv4,ziyadnz|hourly,2026-08-17T18:48:05Z,2026-08-17T18:48:05Z,
66.132.224.30,ipv4,malicious-ip,medium,WHITE,ziyadnz/hourly-ipv4,ziyadnz|hourly,2026-08-17T18:48:05Z,2026-08-17T18:48:05Z,
66.132.224.79,ipv4,malicious-ip,medium,WHITE,ziyadnz/hourly-ipv4,ziyadnz|hourly,2026-08-17T18:48:05Z,2026-08-17T18:48:05Z,
66.132.224.80,ipv4,malicious-ip,medium,WHITE,ziyadnz/hourly-ipv4,ziyadnz|hourly,2026-08-17T18:48:05Z,2026-08-17T18:48:05Z,
66.132.224.81,ipv4,malicious-ip,medium,WHITE,ziyadnz/hourly-ipv4,ziyadnz|hourly,2026-08-17T18:48:05Z,2026-08-17T18:48:05Z,
66.132.224.82,ipv4,malicious-ip,medium,WHITE,ziyadnz/hourly-ipv4,ziyadnz|hourly,2026-08-17T18:48:05Z,2026-08-17T18:48:05Z,
66.132.224.83,ipv4,malicious-ip,medium,WHITE,ziyadnz/hourly-ipv4,ziyadnz|hourly,2026-08-17T18:48:05Z,2026-08-17T18:48:05Z,
66.132.224.84,ipv4,malicious-ip,medium,WHITE,ziyadnz/hourly-ipv4,ziyadnz|hourly,2026-08-17T18:48:05Z,2026-08-17T18:48:05Z,
66.132.224.85,ipv4,malicious-ip,medium,WHITE,ziyadnz/hourly-ipv4,ziyadnz|hourly,2026-08-17T18:48:05Z,2026-08-17T18:48:05Z,
66.132.224.86,ipv4,malicious-ip,medium,WHITE,ziyadnz/hourly-ipv4,ziyadnz|hourly,2026-08-17T18:48:05Z,2026-08-17T18:48:05Z,
66.132.224.88,ipv4,malicious-ip,medium,WHITE,ziyadnz/hourly-ipv4,ziyadnz|hourly,2026-08-17T18:48:05Z,2026-08-17T18:48:05Z,
66.132.224.89,ipv4,malicious-ip,medium,WHITE,ziyadnz/hourly-ipv4,ziyadnz|hourly,2026-08-17T18:48:05Z,2026-08-17T18:48:05Z,
66.132.224.90,ipv4,malicious-ip,medium,WHITE,ziyadnz/hourly-ipv4,ziyadnz|hourly,2026-08-17T18:48:05Z,2026-08-17T18:48:05Z,
66.132.224.93,ipv4,malicious-ip,medium,WHITE,ziyadnz/hourly-ipv4,ziyadnz|hourly,2026-08-17T18:48:05Z,2026-08-17T18:48:05Z,
66.132.224.94,ipv4,malicious-ip,medium,WHITE,ziyadnz/hourly-ipv4,ziyadnz|hourly,2026-08-17T18:48:05Z,2026-08-17T18:48:05Z,
66.135.22.245,ipv4,malicious-ip,medium,WHITE,ziyadnz/hourly-ipv4,ziyadnz|hourly,2026-08-17T18:48:05Z,2026-08-17T18:48:05Z,
66.135.27.178,ipv4,malicious-ip,medium,WHITE,ziyadnz/hourly-ipv4,ziyadnz|hourly,2026-08-17T18:48:05Z,2026-08-17T18:48:05Z,
66.146.193.33,ipv4,malicious-ip,medium,WHITE,ziyadnz/hourly-ipv4,ziyadnz|hourly,2026-08-17T18:48:05Z,2026-08-17T18:48:05Z,
66.154.104.39,ipv4,malicious-ip,medium,WHITE,ziyadnz/hourly-ipv4,ziyadnz|hourly,2026-08-17T18:48:05Z,2026-08-17T18:48:05Z,
66.154.107.138,ipv4,malicious-ip,medium,WHITE,ziyadnz/hourly-ipv4,ziyadnz|hourly,2026-08-17T18:48:05Z,2026-08-17T18:48:05Z,
66.154.109.117,ipv4,malicious-ip,medium,WHITE,ziyadnz/hourly-ipv4,ziyadnz|hourly,2026-08-17T18:48:05Z,2026-08-17T18:48:05Z,
66.154.127.38,ipv4,malicious-ip,medium,WHITE,ziyadnz/hourly-ipv4,ziyadnz|hourly,2026-08-17T18:48:05Z,2026-08-17T18:48:05Z,
66.154.127.39,ipv4,malicious-ip,medium,WHITE,ziyadnz/hourly-ipv4,ziyadnz|hourly,2026-08-17T18:48:05Z,2026-08-17T18:48:05Z,
66.164.37.170,ipv4,malicious-ip,medium,WHITE,ziyadnz/hourly-ipv4,ziyadnz|hourly,2026-08-17T18:48:05Z,2026-08-17T18:48:05Z,
66.165.243.39,ipv4,malicious-ip,medium,WHITE,ziyadnz/hourly-ipv4,ziyadnz|hourly,2026-08-17T18:48:05Z,2026-08-17T18:48:05Z,
66.165.244.210,ipv4,malicious-ip,medium,WHITE,ziyadnz/hourly-ipv4,ziyadnz|hourly,2026-08-17T18:48:05Z,2026-08-17T18:48:05Z,
66.165.247.30,ipv4,malicious-ip,medium,WHITE,ziyadnz/hourly-ipv4,ziyadnz|hourly,2026-08-17T18:48:05Z,2026-08-17T18:48:05Z,
66.172.119.3,ipv4,malicious-ip,medium,WHITE,ziyadnz/hourly-ipv4,ziyadnz|hourly,2026-08-17T18:48:05Z,2026-08-17T18:48:05Z,
66.175.208.166,ipv4,malicious-ip,medium,WHITE,ziyadnz/hourly-ipv4,ziyadnz|hourly,2026-08-17T18:48:05Z,2026-08-17T18:48:05Z,
66.175.209.145,ipv4,malicious-ip,medium,WHITE,ziyadnz/hourly-ipv4,ziyadnz|hourly,2026-08-17T18:48:05Z,2026-08-17T18:48:05Z,
66.175.210.135,ipv4,malicious-ip,medium,WHITE,ziyadnz/hourly-ipv4,ziyadnz|hourly,2026-08-17T18:48:05Z,2026-08-17T18:48:05Z,
66.175.211.202,ipv4,malicious-ip,medium,WHITE,ziyadnz/hourly-ipv4,ziyadnz|hourly,2026-08-17T18:48:05Z,2026-08-17T18:48:05Z,
66.175.212.25,ipv4,malicious-ip,medium,WHITE,ziyadnz/hourly-ipv4,ziyadnz|hourly,2026-08-17T18:48:05Z,2026-08-17T18:48:05Z,
66.175.220.105,ipv4,malicious-ip,medium,WHITE,ziyadnz/hourly-ipv4,ziyadnz|hourly,2026-08-17T18:48:05Z,2026-08-17T18:48:05Z,
66.175.239.44,ipv4,malicious-ip,medium,WHITE,ziyadnz/hourly-ipv4,ziyadnz|hourly,2026-08-17T18:48:05Z,2026-08-17T18:48:05Z,
66.179.211.79,ipv4,malicious-ip,medium,WHITE,ziyadnz/hourly-ipv4,ziyadnz|hourly,2026-08-17T18:48:05Z,2026-08-17T18:48:05Z,
66.179.253.246,ipv4,malicious-ip,medium,WHITE,ziyadnz/hourly-ipv4,ziyadnz|hourly,2026-08-17T18:48:05Z,2026-08-17T18:48:05Z,
66.181.186.183,ipv4,malicious-ip,medium,WHITE,ziyadnz/hourly-ipv4,ziyadnz|hourly,2026-08-17T18:48:05Z,2026-08-17T18:48:05Z,
66.181.46.83,ipv4,malicious-ip,medium,WHITE,ziyadnz/hourly-ipv4,ziyadnz|hourly,2026-08-17T18:48:05Z,2026-08-17T18:48:05Z,
66.185.22.90,ipv4,malicious-ip,medium,WHITE,ziyadnz/hourly-ipv4,ziyadnz|hourly,2026-08-17T18:48:05Z,2026-08-17T18:48:05Z,
66.187.5.228,ipv4,malicious-ip,medium,WHITE,ziyadnz/hourly-ipv4,ziyadnz|hourly,2026-08-17T18:48:05Z,2026-08-17T18:48:05Z,
66.187.7.97,ipv4,malicious-ip,medium,WHITE,ziyadnz/hourly-ipv4,ziyadnz|hourly,2026-08-17T18:48:05Z,2026-08-17T18:48:05Z,
66.190.188.197,ipv4,malicious-ip,medium,WHITE,ziyadnz/hourly-ipv4,ziyadnz|hourly,2026-08-17T18:48:05Z,2026-08-17T18:48:05Z,
66.210.74.3,ipv4,malicious-ip,medium,WHITE,ziyadnz/hourly-ipv4,ziyadnz|hourly,2026-08-17T18:48:05Z,2026-08-17T18:48:05Z,
66.212.18.237,ipv4,malicious-ip,medium,WHITE,ziyadnz/hourly-ipv4,ziyadnz|hourly,2026-08-17T18:48:05Z,2026-08-17T18:48:05Z,
66.212.187.214,ipv4,malicious-ip,medium,WHITE,ziyadnz/hourly-ipv4,ziyadnz|hourly,2026-08-17T18:48:05Z,2026-08-17T18:48:05Z,
66.212.21.31,ipv4,malicious-ip,medium,WHITE,ziyadnz/hourly-ipv4,ziyadnz|hourly,2026-08-17T18:48:05Z,2026-08-17T18:48:05Z,
66.214.234.37,ipv4,malicious-ip,medium,WHITE,ziyadnz/hourly-ipv4,ziyadnz|hourly,2026-08-17T18:48:05Z,2026-08-17T18:48:05Z,
66.220.242.222,ipv4,malicious-ip,medium,WHITE,ziyadnz/hourly-ipv4,ziyadnz|hourly,2026-08-17T18:48:05Z,2026-08-17T18:48:05Z,
66.222.178.73,ipv4,malicious-ip,medium,WHITE,ziyadnz/hourly-ipv4,ziyadnz|hourly,2026-08-17T18:48:05Z,2026-08-17T18:48:05Z,
66.223.220.44,ipv4,malicious-ip,medium,WHITE,ziyadnz/hourly-ipv4,ziyadnz|hourly,2026-08-17T18:48:05Z,2026-08-17T18:48:05Z,
66.225.209.20,ipv4,malicious-ip,medium,WHITE,ziyadnz/hourly-ipv4,ziyadnz|hourly,2026-08-17T18:48:05Z,2026-08-17T18:48:05Z,
66.228.34.203,ipv4,malicious-ip,medium,WHITE,ziyadnz/hourly-ipv4,ziyadnz|hourly,2026-08-17T18:48:05Z,2026-08-17T18:48:05Z,
66.228.35.180,ipv4,malicious-ip,medium,WHITE,ziyadnz/hourly-ipv4,ziyadnz|hourly,2026-08-17T18:48:05Z,2026-08-17T18:48:05Z,
66.228.38.149,ipv4,malicious-ip,medium,WHITE,ziyadnz/hourly-ipv4,ziyadnz|hourly,2026-08-17T18:48:05Z,2026-08-17T18:48:05Z,
66.228.38.158,ipv4,malicious-ip,medium,WHITE,ziyadnz/hourly-ipv4,ziyadnz|hourly,2026-08-17T18:48:05Z,2026-08-17T18:48:05Z,
66.228.38.200,ipv4,malicious-ip,medium,WHITE,ziyadnz/hourly-ipv4,ziyadnz|hourly,2026-08-17T18:48:05Z,2026-08-17T18:48:05Z,
66.228.38.216,ipv4,malicious-ip,medium,WHITE,ziyadnz/hourly-ipv4,ziyadnz|hourly,2026-08-17T18:48:05Z,2026-08-17T18:48:05Z,
66.228.38.64,ipv4,malicious-ip,medium,WHITE,ziyadnz/hourly-ipv4,ziyadnz|hourly,2026-08-17T18:48:05Z,2026-08-17T18:48:05Z,
66.228.40.100,ipv4,malicious-ip,medium,WHITE,ziyadnz/hourly-ipv4,ziyadnz|hourly,2026-08-17T18:48:05Z,2026-08-17T18:48:05Z,
66.228.40.98,ipv4,malicious-ip,medium,WHITE,ziyadnz/hourly-ipv4,ziyadnz|hourly,2026-08-17T18:48:05Z,2026-08-17T18:48:05Z,
66.228.41.127,ipv4,malicious-ip,medium,WHITE,ziyadnz/hourly-ipv4,ziyadnz|hourly,2026-08-17T18:48:05Z,2026-08-17T18:48:05Z,
66.228.42.204,ipv4,malicious-ip,medium,WHITE,ziyadnz/hourly-ipv4,ziyadnz|hourly,2026-08-17T18:48:05Z,2026-08-17T18:48:05Z,
66.228.43.62,ipv4,malicious-ip,medium,WHITE,ziyadnz/hourly-ipv4,ziyadnz|hourly,2026-08-17T18:48:05Z,2026-08-17T18:48:05Z,
66.228.47.113,ipv4,malicious-ip,medium,WHITE,ziyadnz/hourly-ipv4,ziyadnz|hourly,2026-08-17T18:48:05Z,2026-08-17T18:48:05Z,
66.228.47.149,ipv4,malicious-ip,medium,WHITE,ziyadnz/hourly-ipv4,ziyadnz|hourly,2026-08-17T18:48:05Z,2026-08-17T18:48:05Z,
66.228.47.158,ipv4,malicious-ip,medium,WHITE,ziyadnz/hourly-ipv4,ziyadnz|hourly,2026-08-17T18:48:05Z,2026-08-17T18:48:05Z,
66.228.47.163,ipv4,malicious-ip,medium,WHITE,ziyadnz/hourly-ipv4,ziyadnz|hourly,2026-08-17T18:48:05Z,2026-08-17T18:48:05Z,
66.228.47.183,ipv4,malicious-ip,medium,WHITE,ziyadnz/hourly-ipv4,ziyadnz|hourly,2026-08-17T18:48:05Z,2026-08-17T18:48:05Z,
66.228.47.200,ipv4,malicious-ip,medium,WHITE,ziyadnz/hourly-ipv4,ziyadnz|hourly,2026-08-17T18:48:05Z,2026-08-17T18:48:05Z,
66.228.47.6,ipv4,malicious-ip,medium,WHITE,ziyadnz/hourly-ipv4,ziyadnz|hourly,2026-08-17T18:48:05Z,2026-08-17T18:48:05Z,
66.228.47.92,ipv4,malicious-ip,medium,WHITE,ziyadnz/hourly-ipv4,ziyadnz|hourly,2026-08-17T18:48:05Z,2026-08-17T18:48:05Z,
66.228.50.209,ipv4,malicious-ip,medium,WHITE,ziyadnz/hourly-ipv4,ziyadnz|hourly,2026-08-17T18:48:05Z,2026-08-17T18:48:05Z,
66.228.53.105,ipv4,malicious-ip,medium,WHITE,ziyadnz/hourly-ipv4,ziyadnz|hourly,2026-08-17T18:48:05Z,2026-08-17T18:48:05Z,
66.228.53.136,ipv4,malicious-ip,medium,WHITE,ziyadnz/hourly-ipv4,ziyadnz|hourly,2026-08-17T18:48:05Z,2026-08-17T18:48:05Z,
66.228.53.157,ipv4,malicious-ip,medium,WHITE,ziyadnz/hourly-ipv4,ziyadnz|hourly,2026-08-17T18:48:05Z,2026-08-17T18:48:05Z,
66.228.53.162,ipv4,malicious-ip,medium,WHITE,ziyadnz/hourly-ipv4,ziyadnz|hourly,2026-08-17T18:48:05Z,2026-08-17T18:48:05Z,
66.228.53.163,ipv4,malicious-ip,medium,WHITE,ziyadnz/hourly-ipv4,ziyadnz|hourly,2026-08-17T18:48:05Z,2026-08-17T18:48:05Z,
66.228.53.174,ipv4,malicious-ip,medium,WHITE,ziyadnz/hourly-ipv4,ziyadnz|hourly,2026-08-17T18:48:05Z,2026-08-17T18:48:05Z,
66.228.53.204,ipv4,malicious-ip,medium,WHITE,ziyadnz/hourly-ipv4,ziyadnz|hourly,2026-08-17T18:48:05Z,2026-08-17T18:48:05Z,
66.228.53.207,ipv4,malicious-ip,medium,WHITE,ziyadnz/hourly-ipv4,ziyadnz|hourly,2026-08-17T18:48:05Z,2026-08-17T18:48:05Z,
66.228.53.4,ipv4,malicious-ip,medium,WHITE,ziyadnz/hourly-ipv4,ziyadnz|hourly,2026-08-17T18:48:05Z,2026-08-17T18:48:05Z,
66.228.53.46,ipv4,malicious-ip,medium,WHITE,ziyadnz/hourly-ipv4,ziyadnz|hourly,2026-08-17T18:48:05Z,2026-08-17T18:48:05Z,
66.228.53.78,ipv4,malicious-ip,medium,WHITE,ziyadnz/hourly-ipv4,ziyadnz|hourly,2026-08-17T18:48:05Z,2026-08-17T18:48:05Z,
66.228.53.96,ipv4,malicious-ip,medium,WHITE,ziyadnz/hourly-ipv4,ziyadnz|hourly,2026-08-17T18:48:05Z,2026-08-17T18:48:05Z,
66.230.104.103,ipv4,malicious-ip,medium,WHITE,ziyadnz/hourly-ipv4,ziyadnz|hourly,2026-08-17T18:48:05Z,2026-08-17T18:48:05Z,
66.230.247.64,ipv4,malicious-ip,medium,WHITE,ziyadnz/hourly-ipv4,ziyadnz|hourly,2026-08-17T18:48:05Z,2026-08-17T18:48:05Z,
66.231.78.214,ipv4,malicious-ip,medium,WHITE,ziyadnz/hourly-ipv4,ziyadnz|hourly,2026-08-17T18:48:05Z,2026-08-17T18:48:05Z,
66.232.15.73,ipv4,malicious-ip,medium,WHITE,ziyadnz/hourly-ipv4,ziyadnz|hourly,2026-08-17T18:48:05Z,2026-08-17T18:48:05Z,
66.235.104.219,ipv4,malicious-ip,medium,WHITE,ziyadnz/hourly-ipv4,ziyadnz|hourly,2026-08-17T18:48:05Z,2026-08-17T18:48:05Z,
66.235.168.136,ipv4,malicious-ip,medium,WHITE,ziyadnz/hourly-ipv4,ziyadnz|hourly,2026-08-17T18:48:05Z,2026-08-17T18:48:05Z,
66.235.168.20,ipv4,malicious-ip,medium,WHITE,ziyadnz/hourly-ipv4,ziyadnz|hourly,2026-08-17T18:48:05Z,2026-08-17T18:48:05Z,
66.235.168.222,ipv4,malicious-ip,medium,WHITE,ziyadnz/hourly-ipv4,ziyadnz|hourly,2026-08-17T18:48:05Z,2026-08-17T18:48:05Z,
66.235.168.232,ipv4,malicious-ip,medium,WHITE,ziyadnz/hourly-ipv4,ziyadnz|hourly,2026-08-17T18:48:05Z,2026-08-17T18:48:05Z,
66.235.175.109,ipv4,malicious-ip,medium,WHITE,ziyadnz/hourly-ipv4,ziyadnz|hourly,2026-08-17T18:48:05Z,2026-08-17T18:48:05Z,
66.240.192.138,ipv4,malicious-ip,medium,WHITE,ziyadnz/hourly-ipv4,ziyadnz|hourly,2026-08-17T18:48:05Z,2026-08-17T18:48:05Z,
66.240.219.146,ipv4,malicious-ip,medium,WHITE,ziyadnz/hourly-ipv4,ziyadnz|hourly,2026-08-17T18:48:05Z,2026-08-17T18:48:05Z,
66.240.223.208,ipv4,malicious-ip,medium,WHITE,ziyadnz/hourly-ipv4,ziyadnz|hourly,2026-08-17T18:48:05Z,2026-08-17T18:48:05Z,
66.240.223.240,ipv4,malicious-ip,medium,WHITE,ziyadnz/hourly-ipv4,ziyadnz|hourly,2026-08-17T18:48:05Z,2026-08-17T18:48:05Z,
66.240.236.116,ipv4,malicious-ip,medium,WHITE,ziyadnz/hourly-ipv4,ziyadnz|hourly,2026-08-17T18:48:05Z,2026-08-17T18:48:05Z,
66.240.236.119,ipv4,malicious-ip,medium,WHITE,ziyadnz/hourly-ipv4,ziyadnz|hourly,2026-08-17T18:48:05Z,2026-08-17T18:48:05Z,
66.249.81.228,ipv4,malicious-ip,medium,WHITE,ziyadnz/hourly-ipv4,ziyadnz|hourly,2026-08-17T18:48:05Z,2026-08-17T18:48:05Z,
66.249.81.229,ipv4,malicious-ip,medium,WHITE,ziyadnz/hourly-ipv4,ziyadnz|hourly,2026-08-17T18:48:05Z,2026-08-17T18:48:05Z,
66.249.83.131,ipv4,malicious-ip,medium,WHITE,ziyadnz/hourly-ipv4,ziyadnz|hourly,2026-08-17T18:48:05Z,2026-08-17T18:48:05Z,
66.249.93.202,ipv4,malicious-ip,medium,WHITE,ziyadnz/hourly-ipv4,ziyadnz|hourly,2026-08-17T18:48:05Z,2026-08-17T18:48:05Z,
66.249.93.229,ipv4,malicious-ip,medium,WHITE,ziyadnz/hourly-ipv4,ziyadnz|hourly,2026-08-17T18:48:05Z,2026-08-17T18:48:05Z,
66.26.208.83,ipv4,malicious-ip,medium,WHITE,ziyadnz/hourly-ipv4,ziyadnz|hourly,2026-08-17T18:48:05Z,2026-08-17T18:48:05Z,
66.29.145.162,ipv4,malicious-ip,medium,WHITE,ziyadnz/hourly-ipv4,ziyadnz|hourly,2026-08-17T18:48:05Z,2026-08-17T18:48:05Z,
66.29.156.133,ipv4,malicious-ip,medium,WHITE,ziyadnz/hourly-ipv4,ziyadnz|hourly,2026-08-17T18:48:05Z,2026-08-17T18:48:05Z,
66.31.230.91,ipv4,malicious-ip,medium,WHITE,ziyadnz/hourly-ipv4,ziyadnz|hourly,2026-08-17T18:48:05Z,2026-08-17T18:48:05Z,
66.36.234.2,ipv4,malicious-ip,medium,WHITE,ziyadnz/hourly-ipv4,ziyadnz|hourly,2026-08-17T18:48:05Z,2026-08-17T18:48:05Z,
66.42.103.222,ipv4,malicious-ip,medium,WHITE,ziyadnz/hourly-ipv4,ziyadnz|hourly,2026-08-17T18:48:05Z,2026-08-17T18:48:05Z,
66.42.124.155,ipv4,malicious-ip,medium,WHITE,ziyadnz/hourly-ipv4,ziyadnz|hourly,2026-08-17T18:48:05Z,2026-08-17T18:48:05Z,
66.42.63.27,ipv4,malicious-ip,medium,WHITE,ziyadnz/hourly-ipv4,ziyadnz|hourly,2026-08-17T18:48:05Z,2026-08-17T18:48:05Z,
66.42.63.74,ipv4,malicious-ip,medium,WHITE,ziyadnz/hourly-ipv4,ziyadnz|hourly,2026-08-17T18:48:05Z,2026-08-17T18:48:05Z,
66.42.68.120,ipv4,malicious-ip,medium,WHITE,ziyadnz/hourly-ipv4,ziyadnz|hourly,2026-08-17T18:48:05Z,2026-08-17T18:48:05Z,
66.42.91.32,ipv4,malicious-ip,medium,WHITE,ziyadnz/hourly-ipv4,ziyadnz|hourly,2026-08-17T18:48:05Z,2026-08-17T18:48:05Z,
66.42.97.210,ipv4,malicious-ip,medium,WHITE,ziyadnz/hourly-ipv4,ziyadnz|hourly,2026-08-17T18:48:05Z,2026-08-17T18:48:05Z,
66.42.99.200,ipv4,malicious-ip,medium,WHITE,ziyadnz/hourly-ipv4,ziyadnz|hourly,2026-08-17T18:48:05Z,2026-08-17T18:48:05Z,
66.45.140.235,ipv4,malicious-ip,medium,WHITE,ziyadnz/hourly-ipv4,ziyadnz|hourly,2026-08-17T18:48:05Z,2026-08-17T18:48:05Z,
66.45.236.66,ipv4,malicious-ip,medium,WHITE,ziyadnz/hourly-ipv4,ziyadnz|hourly,2026-08-17T18:48:05Z,2026-08-17T18:48:05Z,
66.49.217.12,ipv4,malicious-ip,medium,WHITE,ziyadnz/hourly-ipv4,ziyadnz|hourly,2026-08-17T18:48:05Z,2026-08-17T18:48:05Z,
66.54.172.94,ipv4,malicious-ip,medium,WHITE,ziyadnz/hourly-ipv4,ziyadnz|hourly,2026-08-17T18:48:05Z,2026-08-17T18:48:05Z,
66.55.77.82,ipv4,malicious-ip,medium,WHITE,ziyadnz/hourly-ipv4,ziyadnz|hourly,2026-08-17T18:48:05Z,2026-08-17T18:48:05Z,
66.55.80.161,ipv4,malicious-ip,medium,WHITE,ziyadnz/hourly-ipv4,ziyadnz|hourly,2026-08-17T18:48:05Z,2026-08-17T18:48:05Z,
66.57.151.235,ipv4,malicious-ip,medium,WHITE,ziyadnz/hourly-ipv4,ziyadnz|hourly,2026-08-17T18:48:05Z,2026-08-17T18:48:05Z,
66.57.227.226,ipv4,malicious-ip,medium,WHITE,ziyadnz/hourly-ipv4,ziyadnz|hourly,2026-08-17T18:48:05Z,2026-08-17T18:48:05Z,
66.63.187.190,ipv4,malicious-ip,medium,WHITE,ziyadnz/hourly-ipv4,ziyadnz|hourly,2026-08-17T18:48:05Z,2026-08-17T18:48:05Z,
66.63.187.72,ipv4,malicious-ip,medium,WHITE,ziyadnz/hourly-ipv4,ziyadnz|hourly,2026-08-17T18:48:05Z,2026-08-17T18:48:05Z,
66.66.139.251,ipv4,malicious-ip,medium,WHITE,ziyadnz/hourly-ipv4,ziyadnz|hourly,2026-08-17T18:48:05Z,2026-08-17T18:48:05Z,
66.66.7.174,ipv4,malicious-ip,medium,WHITE,ziyadnz/hourly-ipv4,ziyadnz|hourly,2026-08-17T18:48:05Z,2026-08-17T18:48:05Z,
66.68.187.218,ipv4,malicious-ip,medium,WHITE,ziyadnz/hourly-ipv4,ziyadnz|hourly,2026-08-17T18:48:05Z,2026-08-17T18:48:05Z,
66.78.40.91,ipv4,malicious-ip,medium,WHITE,ziyadnz/hourly-ipv4,ziyadnz|hourly,2026-08-17T18:48:05Z,2026-08-17T18:48:05Z,
66.8.6.149,ipv4,malicious-ip,medium,WHITE,ziyadnz/hourly-ipv4,ziyadnz|hourly,2026-08-17T18:48:05Z,2026-08-17T18:48:05Z,
66.8.6.152,ipv4,malicious-ip,medium,WHITE,ziyadnz/hourly-ipv4,ziyadnz|hourly,2026-08-17T18:48:05Z,2026-08-17T18:48:05Z,
66.8.6.156,ipv4,malicious-ip,medium,WHITE,ziyadnz/hourly-ipv4,ziyadnz|hourly,2026-08-17T18:48:05Z,2026-08-17T18:48:05Z,
66.81.163.101,ipv4,malicious-ip,medium,WHITE,ziyadnz/hourly-ipv4,ziyadnz|hourly,2026-08-17T18:48:05Z,2026-08-17T18:48:05Z,
66.81.186.237,ipv4,malicious-ip,medium,WHITE,ziyadnz/hourly-ipv4,ziyadnz|hourly,2026-08-17T18:48:05Z,2026-08-17T18:48:05Z,
66.84.100.187,ipv4,malicious-ip,medium,WHITE,ziyadnz/hourly-ipv4,ziyadnz|hourly,2026-08-17T18:48:05Z,2026-08-17T18:48:05Z,
66.85.134.164,ipv4,malicious-ip,medium,WHITE,ziyadnz/hourly-ipv4,ziyadnz|hourly,2026-08-17T18:48:05Z,2026-08-17T18:48:05Z,
66.85.156.83,ipv4,malicious-ip,medium,WHITE,ziyadnz/hourly-ipv4,ziyadnz|hourly,2026-08-17T18:48:05Z,2026-08-17T18:48:05Z,
66.85.26.215,ipv4,malicious-ip,medium,WHITE,ziyadnz/hourly-ipv4,ziyadnz|hourly,2026-08-17T18:48:05Z,2026-08-17T18:48:05Z,
66.85.26.234,ipv4,malicious-ip,medium,WHITE,ziyadnz/hourly-ipv4,ziyadnz|hourly,2026-08-17T18:48:05Z,2026-08-17T18:48:05Z,
66.85.26.248,ipv4,malicious-ip,medium,WHITE,ziyadnz/hourly-ipv4,ziyadnz|hourly,2026-08-17T18:48:05Z,2026-08-17T18:48:05Z,
66.85.27.190,ipv4,malicious-ip,medium,WHITE,ziyadnz/hourly-ipv4,ziyadnz|hourly,2026-08-17T18:48:05Z,2026-08-17T18:48:05Z,
66.85.30.10,ipv4,malicious-ip,medium,WHITE,ziyadnz/hourly-ipv4,ziyadnz|hourly,2026-08-17T18:48:05Z,2026-08-17T18:48:05Z,
66.85.30.4,ipv4,malicious-ip,medium,WHITE,ziyadnz/hourly-ipv4,ziyadnz|hourly,2026-08-17T18:48:05Z,2026-08-17T18:48:05Z,
66.9.168.21,ipv4,malicious-ip,medium,WHITE,ziyadnz/hourly-ipv4,ziyadnz|hourly,2026-08-17T18:48:05Z,2026-08-17T18:48:05Z,
66.9.171.74,ipv4,malicious-ip,medium,WHITE,ziyadnz/hourly-ipv4,ziyadnz|hourly,2026-08-17T18:48:05Z,2026-08-17T18:48:05Z,
66.9.173.129,ipv4,malicious-ip,medium,WHITE,ziyadnz/hourly-ipv4,ziyadnz|hourly,2026-08-17T18:48:05Z,2026-08-17T18:48:05Z,
66.9.176.231,ipv4,malicious-ip,medium,WHITE,ziyadnz/hourly-ipv4,ziyadnz|hourly,2026-08-17T18:48:05Z,2026-08-17T18:48:05Z,
66.94.103.120,ipv4,malicious-ip,medium,WHITE,ziyadnz/hourly-ipv4,ziyadnz|hourly,2026-08-17T18:48:05Z,2026-08-17T18:48:05Z,
66.94.103.177,ipv4,malicious-ip,medium,WHITE,ziyadnz/hourly-ipv4,ziyadnz|hourly,2026-08-17T18:48:05Z,2026-08-17T18:48:05Z,
66.94.103.213,ipv4,malicious-ip,medium,WHITE,ziyadnz/hourly-ipv4,ziyadnz|hourly,2026-08-17T18:48:05Z,2026-08-17T18:48:05Z,
66.94.106.43,ipv4,malicious-ip,medium,WHITE,ziyadnz/hourly-ipv4,ziyadnz|hourly,2026-08-17T18:48:05Z,2026-08-17T18:48:05Z,
66.94.109.58,ipv4,malicious-ip,medium,WHITE,ziyadnz/hourly-ipv4,ziyadnz|hourly,2026-08-17T18:48:05Z,2026-08-17T18:48:05Z,
66.96.183.205,ipv4,malicious-ip,medium,WHITE,ziyadnz/hourly-ipv4,ziyadnz|hourly,2026-08-17T18:48:05Z,2026-08-17T18:48:05Z,
66.96.91.238,ipv4,malicious-ip,medium,WHITE,ziyadnz/hourly-ipv4,ziyadnz|hourly,2026-08-17T18:48:05Z,2026-08-17T18:48:05Z,
66.98.76.95,ipv4,malicious-ip,medium,WHITE,ziyadnz/hourly-ipv4,ziyadnz|hourly,2026-08-17T18:48:05Z,2026-08-17T18:48:05Z,
67.102.183.113,ipv4,malicious-ip,medium,WHITE,ziyadnz/hourly-ipv4,ziyadnz|hourly,2026-08-17T18:48:05Z,2026-08-17T18:48:05Z,
67.102.183.186,ipv4,malicious-ip,medium,WHITE,ziyadnz/hourly-ipv4,ziyadnz|hourly,2026-08-17T18:48:05Z,2026-08-17T18:48:05Z,
67.102.183.193,ipv4,malicious-ip,medium,WHITE,ziyadnz/hourly-ipv4,ziyadnz|hourly,2026-08-17T18:48:05Z,2026-08-17T18:48:05Z,
67.140.219.60,ipv4,malicious-ip,medium,WHITE,ziyadnz/hourly-ipv4,ziyadnz|hourly,2026-08-17T18:48:05Z,2026-08-17T18:48:05Z,
67.141.11.182,ipv4,malicious-ip,medium,WHITE,ziyadnz/hourly-ipv4,ziyadnz|hourly,2026-08-17T18:48:05Z,2026-08-17T18:48:05Z,
67.146.192.38,ipv4,malicious-ip,medium,WHITE,ziyadnz/hourly-ipv4,ziyadnz|hourly,2026-08-17T18:48:05Z,2026-08-17T18:48:05Z,
67.159.17.51,ipv4,malicious-ip,medium,WHITE,ziyadnz/hourly-ipv4,ziyadnz|hourly,2026-08-17T18:48:05Z,2026-08-17T18:48:05Z,
67.161.45.245,ipv4,malicious-ip,medium,WHITE,ziyadnz/hourly-ipv4,ziyadnz|hourly,2026-08-17T18:48:05Z,2026-08-17T18:48:05Z,
67.163.107.101,ipv4,malicious-ip,medium,WHITE,ziyadnz/hourly-ipv4,ziyadnz|hourly,2026-08-17T18:48:05Z,2026-08-17T18:48:05Z,
67.163.234.42,ipv4,malicious-ip,medium,WHITE,ziyadnz/hourly-ipv4,ziyadnz|hourly,2026-08-17T18:48:05Z,2026-08-17T18:48:05Z,
67.163.8.159,ipv4,malicious-ip,medium,WHITE,ziyadnz/hourly-ipv4,ziyadnz|hourly,2026-08-17T18:48:05Z,2026-08-17T18:48:05Z,
67.167.226.146,ipv4,malicious-ip,medium,WHITE,ziyadnz/hourly-ipv4,ziyadnz|hourly,2026-08-17T18:48:05Z,2026-08-17T18:48:05Z,
67.167.41.67,ipv4,malicious-ip,medium,WHITE,ziyadnz/hourly-ipv4,ziyadnz|hourly,2026-08-17T18:48:05Z,2026-08-17T18:48:05Z,
67.171.114.251,ipv4,malicious-ip,medium,WHITE,ziyadnz/hourly-ipv4,ziyadnz|hourly,2026-08-17T18:48:05Z,2026-08-17T18:48:05Z,
67.171.29.65,ipv4,malicious-ip,medium,WHITE,ziyadnz/hourly-ipv4,ziyadnz|hourly,2026-08-17T18:48:05Z,2026-08-17T18:48:05Z,
67.172.163.38,ipv4,malicious-ip,medium,WHITE,ziyadnz/hourly-ipv4,ziyadnz|hourly,2026-08-17T18:48:05Z,2026-08-17T18:48:05Z,
67.176.172.166,ipv4,malicious-ip,medium,WHITE,ziyadnz/hourly-ipv4,ziyadnz|hourly,2026-08-17T18:48:05Z,2026-08-17T18:48:05Z,
67.180.7.233,ipv4,malicious-ip,medium,WHITE,ziyadnz/hourly-ipv4,ziyadnz|hourly,2026-08-17T18:48:05Z,2026-08-17T18:48:05Z,
67.181.233.48,ipv4,malicious-ip,medium,WHITE,ziyadnz/hourly-ipv4,ziyadnz|hourly,2026-08-17T18:48:05Z,2026-08-17T18:48:05Z,
67.184.62.193,ipv4,malicious-ip,medium,WHITE,ziyadnz/hourly-ipv4,ziyadnz|hourly,2026-08-17T18:48:05Z,2026-08-17T18:48:05Z,
67.189.152.77,ipv4,malicious-ip,medium,WHITE,ziyadnz/hourly-ipv4,ziyadnz|hourly,2026-08-17T18:48:05Z,2026-08-17T18:48:05Z,
67.191.253.220,ipv4,malicious-ip,medium,WHITE,ziyadnz/hourly-ipv4,ziyadnz|hourly,2026-08-17T18:48:05Z,2026-08-17T18:48:05Z,
67.197.22.245,ipv4,malicious-ip,medium,WHITE,ziyadnz/hourly-ipv4,ziyadnz|hourly,2026-08-17T18:48:05Z,2026-08-17T18:48:05Z,
67.20.1.213,ipv4,malicious-ip,medium,WHITE,ziyadnz/hourly-ipv4,ziyadnz|hourly,2026-08-17T18:48:05Z,2026-08-17T18:48:05Z,
67.20.8.181,ipv4,malicious-ip,medium,WHITE,ziyadnz/hourly-ipv4,ziyadnz|hourly,2026-08-17T18:48:05Z,2026-08-17T18:48:05Z,
67.201.33.10,ipv4,malicious-ip,medium,WHITE,ziyadnz/hourly-ipv4,ziyadnz|hourly,2026-08-17T18:48:05Z,2026-08-17T18:48:05Z,
67.201.35.145,ipv4,malicious-ip,medium,WHITE,ziyadnz/hourly-ipv4,ziyadnz|hourly,2026-08-17T18:48:05Z,2026-08-17T18:48:05Z,
67.201.39.14,ipv4,malicious-ip,medium,WHITE,ziyadnz/hourly-ipv4,ziyadnz|hourly,2026-08-17T18:48:05Z,2026-08-17T18:48:05Z,
67.201.59.70,ipv4,malicious-ip,medium,WHITE,ziyadnz/hourly-ipv4,ziyadnz|hourly,2026-08-17T18:48:05Z,2026-08-17T18:48:05Z,
67.203.7.163,ipv4,malicious-ip,medium,WHITE,ziyadnz/hourly-ipv4,ziyadnz|hourly,2026-08-17T18:48:05Z,2026-08-17T18:48:05Z,
67.203.7.171,ipv4,malicious-ip,medium,WHITE,ziyadnz/hourly-ipv4,ziyadnz|hourly,2026-08-17T18:48:05Z,2026-08-17T18:48:05Z,
67.203.7.245,ipv4,malicious-ip,medium,WHITE,ziyadnz/hourly-ipv4,ziyadnz|hourly,2026-08-17T18:48:05Z,2026-08-17T18:48:05Z,
67.205.143.145,ipv4,malicious-ip,medium,WHITE,ziyadnz/hourly-ipv4,ziyadnz|hourly,2026-08-17T18:48:05Z,2026-08-17T18:48:05Z,
67.205.143.169,ipv4,malicious-ip,medium,WHITE,ziyadnz/hourly-ipv4,ziyadnz|hourly,2026-08-17T18:48:05Z,2026-08-17T18:48:05Z,
67.205.144.221,ipv4,malicious-ip,medium,WHITE,ziyadnz/hourly-ipv4,ziyadnz|hourly,2026-08-17T18:48:05Z,2026-08-17T18:48:05Z,
67.205.148.0,ipv4,malicious-ip,medium,WHITE,ziyadnz/hourly-ipv4,ziyadnz|hourly,2026-08-17T18:48:05Z,2026-08-17T18:48:05Z,
67.205.148.112,ipv4,malicious-ip,medium,WHITE,ziyadnz/hourly-ipv4,ziyadnz|hourly,2026-08-17T18:48:05Z,2026-08-17T18:48:05Z,
67.205.149.41,ipv4,malicious-ip,medium,WHITE,ziyadnz/hourly-ipv4,ziyadnz|hourly,2026-08-17T18:48:05Z,2026-08-17T18:48:05Z,
67.205.151.60,ipv4,malicious-ip,medium,WHITE,ziyadnz/hourly-ipv4,ziyadnz|hourly,2026-08-17T18:48:05Z,2026-08-17T18:48:05Z,
67.205.154.48,ipv4,malicious-ip,medium,WHITE,ziyadnz/hourly-ipv4,ziyadnz|hourly,2026-08-17T18:48:05Z,2026-08-17T18:48:05Z,
67.205.171.77,ipv4,malicious-ip,medium,WHITE,ziyadnz/hourly-ipv4,ziyadnz|hourly,2026-08-17T18:48:05Z,2026-08-17T18:48:05Z,
67.205.172.111,ipv4,malicious-ip,medium,WHITE,ziyadnz/hourly-ipv4,ziyadnz|hourly,2026-08-17T18:48:05Z,2026-08-17T18:48:05Z,
67.205.172.125,ipv4,malicious-ip,medium,WHITE,ziyadnz/hourly-ipv4,ziyadnz|hourly,2026-08-17T18:48:05Z,2026-08-17T18:48:05Z,
67.205.172.44,ipv4,malicious-ip,medium,WHITE,ziyadnz/hourly-ipv4,ziyadnz|hourly,2026-08-17T18:48:05Z,2026-08-17T18:48:05Z,
67.205.173.4,ipv4,malicious-ip,medium,WHITE,ziyadnz/hourly-ipv4,ziyadnz|hourly,2026-08-17T18:48:05Z,2026-08-17T18:48:05Z,
67.205.175.107,ipv4,malicious-ip,medium,WHITE,ziyadnz/hourly-ipv4,ziyadnz|hourly,2026-08-17T18:48:05Z,2026-08-17T18:48:05Z,
67.205.177.48,ipv4,malicious-ip,medium,WHITE,ziyadnz/hourly-ipv4,ziyadnz|hourly,2026-08-17T18:48:05Z,2026-08-17T18:48:05Z,
67.205.178.44,ipv4,malicious-ip,medium,WHITE,ziyadnz/hourly-ipv4,ziyadnz|hourly,2026-08-17T18:48:05Z,2026-08-17T18:48:05Z,
67.205.182.129,ipv4,malicious-ip,medium,WHITE,ziyadnz/hourly-ipv4,ziyadnz|hourly,2026-08-17T18:48:05Z,2026-08-17T18:48:05Z,
67.205.182.193,ipv4,malicious-ip,medium,WHITE,ziyadnz/hourly-ipv4,ziyadnz|hourly,2026-08-17T18:48:05Z,2026-08-17T18:48:05Z,
67.205.183.148,ipv4,malicious-ip,medium,WHITE,ziyadnz/hourly-ipv4,ziyadnz|hourly,2026-08-17T18:48:05Z,2026-08-17T18:48:05Z,
67.205.183.4,ipv4,malicious-ip,medium,WHITE,ziyadnz/hourly-ipv4,ziyadnz|hourly,2026-08-17T18:48:05Z,2026-08-17T18:48:05Z,
67.205.184.46,ipv4,malicious-ip,medium,WHITE,ziyadnz/hourly-ipv4,ziyadnz|hourly,2026-08-17T18:48:05Z,2026-08-17T18:48:05Z,
67.205.185.124,ipv4,malicious-ip,medium,WHITE,ziyadnz/hourly-ipv4,ziyadnz|hourly,2026-08-17T18:48:05Z,2026-08-17T18:48:05Z,
67.205.189.163,ipv4,malicious-ip,medium,WHITE,ziyadnz/hourly-ipv4,ziyadnz|hourly,2026-08-17T18:48:05Z,2026-08-17T18:48:05Z,
67.206.213.86,ipv4,malicious-ip,medium,WHITE,ziyadnz/hourly-ipv4,ziyadnz|hourly,2026-08-17T18:48:05Z,2026-08-17T18:48:05Z,
67.207.82.66,ipv4,malicious-ip,medium,WHITE,ziyadnz/hourly-ipv4,ziyadnz|hourly,2026-08-17T18:48:05Z,2026-08-17T18:48:05Z,
67.207.83.75,ipv4,malicious-ip,medium,WHITE,ziyadnz/hourly-ipv4,ziyadnz|hourly,2026-08-17T18:48:05Z,2026-08-17T18:48:05Z,
67.207.89.61,ipv4,malicious-ip,medium,WHITE,ziyadnz/hourly-ipv4,ziyadnz|hourly,2026-08-17T18:48:05Z,2026-08-17T18:48:05Z,
67.207.91.178,ipv4,malicious-ip,medium,WHITE,ziyadnz/hourly-ipv4,ziyadnz|hourly,2026-08-17T18:48:05Z,2026-08-17T18:48:05Z,
67.207.92.113,ipv4,malicious-ip,medium,WHITE,ziyadnz/hourly-ipv4,ziyadnz|hourly,2026-08-17T18:48:05Z,2026-08-17T18:48:05Z,
67.207.92.211,ipv4,malicious-ip,medium,WHITE,ziyadnz/hourly-ipv4,ziyadnz|hourly,2026-08-17T18:48:05Z,2026-08-17T18:48:05Z,
67.207.93.64,ipv4,malicious-ip,medium,WHITE,ziyadnz/hourly-ipv4,ziyadnz|hourly,2026-08-17T18:48:05Z,2026-08-17T18:48:05Z,
67.207.95.230,ipv4,malicious-ip,medium,WHITE,ziyadnz/hourly-ipv4,ziyadnz|hourly,2026-08-17T18:48:05Z,2026-08-17T18:48:05Z,
67.21.178.234,ipv4,malicious-ip,medium,WHITE,ziyadnz/hourly-ipv4,ziyadnz|hourly,2026-08-17T18:48:05Z,2026-08-17T18:48:05Z,
67.21.32.81,ipv4,malicious-ip,medium,WHITE,ziyadnz/hourly-ipv4,ziyadnz|hourly,2026-08-17T18:48:05Z,2026-08-17T18:48:05Z,
67.210.114.99,ipv4,malicious-ip,medium,WHITE,ziyadnz/hourly-ipv4,ziyadnz|hourly,2026-08-17T18:48:05Z,2026-08-17T18:48:05Z,
67.211.219.107,ipv4,malicious-ip,medium,WHITE,ziyadnz/hourly-ipv4,ziyadnz|hourly,2026-08-17T18:48:05Z,2026-08-17T18:48:05Z,
67.213.127.205,ipv4,malicious-ip,medium,WHITE,ziyadnz/hourly-ipv4,ziyadnz|hourly,2026-08-17T18:48:05Z,2026-08-17T18:48:05Z,
67.213.82.18,ipv4,malicious-ip,medium,WHITE,ziyadnz/hourly-ipv4,ziyadnz|hourly,2026-08-17T18:48:05Z,2026-08-17T18:48:05Z,
67.215.2.86,ipv4,malicious-ip,medium,WHITE,ziyadnz/hourly-ipv4,ziyadnz|hourly,2026-08-17T18:48:05Z,2026-08-17T18:48:05Z,
67.215.234.141,ipv4,malicious-ip,medium,WHITE,ziyadnz/hourly-ipv4,ziyadnz|hourly,2026-08-17T18:48:05Z,2026-08-17T18:48:05Z,
67.215.236.114,ipv4,malicious-ip,medium,WHITE,ziyadnz/hourly-ipv4,ziyadnz|hourly,2026-08-17T18:48:05Z,2026-08-17T18:48:05Z,
67.215.237.232,ipv4,malicious-ip,medium,WHITE,ziyadnz/hourly-ipv4,ziyadnz|hourly,2026-08-17T18:48:05Z,2026-08-17T18:48:05Z,
67.215.244.153,ipv4,malicious-ip,medium,WHITE,ziyadnz/hourly-ipv4,ziyadnz|hourly,2026-08-17T18:48:05Z,2026-08-17T18:48:05Z,
67.217.228.14,ipv4,malicious-ip,medium,WHITE,ziyadnz/hourly-ipv4,ziyadnz|hourly,2026-08-17T18:48:05Z,2026-08-17T18:48:05Z,
67.217.228.142,ipv4,malicious-ip,medium,WHITE,ziyadnz/hourly-ipv4,ziyadnz|hourly,2026-08-17T18:48:05Z,2026-08-17T18:48:05Z,
67.217.228.160,ipv4,malicious-ip,medium,WHITE,ziyadnz/hourly-ipv4,ziyadnz|hourly,2026-08-17T18:48:05Z,2026-08-17T18:48:05Z,
67.217.241.52,ipv4,malicious-ip,medium,WHITE,ziyadnz/hourly-ipv4,ziyadnz|hourly,2026-08-17T18:48:05Z,2026-08-17T18:48:05Z,
67.217.57.240,ipv4,malicious-ip,medium,WHITE,ziyadnz/hourly-ipv4,ziyadnz|hourly,2026-08-17T18:48:05Z,2026-08-17T18:48:05Z,
67.217.60.118,ipv4,malicious-ip,medium,WHITE,ziyadnz/hourly-ipv4,ziyadnz|hourly,2026-08-17T18:48:05Z,2026-08-17T18:48:05Z,
67.219.103.250,ipv4,malicious-ip,medium,WHITE,ziyadnz/hourly-ipv4,ziyadnz|hourly,2026-08-17T18:48:05Z,2026-08-17T18:48:05Z,
67.219.107.181,ipv4,malicious-ip,medium,WHITE,ziyadnz/hourly-ipv4,ziyadnz|hourly,2026-08-17T18:48:05Z,2026-08-17T18:48:05Z,
67.219.228.72,ipv4,malicious-ip,medium,WHITE,ziyadnz/hourly-ipv4,ziyadnz|hourly,2026-08-17T18:48:05Z,2026-08-17T18:48:05Z,
67.220.180.114,ipv4,malicious-ip,medium,WHITE,ziyadnz/hourly-ipv4,ziyadnz|hourly,2026-08-17T18:48:05Z,2026-08-17T18:48:05Z,
67.220.194.98,ipv4,malicious-ip,medium,WHITE,ziyadnz/hourly-ipv4,ziyadnz|hourly,2026-08-17T18:48:05Z,2026-08-17T18:48:05Z,
67.220.95.213,ipv4,malicious-ip,medium,WHITE,ziyadnz/hourly-ipv4,ziyadnz|hourly,2026-08-17T18:48:05Z,2026-08-17T18:48:05Z,
67.222.247.225,ipv4,malicious-ip,medium,WHITE,ziyadnz/hourly-ipv4,ziyadnz|hourly,2026-08-17T18:48:05Z,2026-08-17T18:48:05Z,
67.223.117.122,ipv4,malicious-ip,medium,WHITE,ziyadnz/hourly-ipv4,ziyadnz|hourly,2026-08-17T18:48:05Z,2026-08-17T18:48:05Z,
67.227.108.80,ipv4,malicious-ip,medium,WHITE,ziyadnz/hourly-ipv4,ziyadnz|hourly,2026-08-17T18:48:05Z,2026-08-17T18:48:05Z,
67.227.233.123,ipv4,malicious-ip,medium,WHITE,ziyadnz/hourly-ipv4,ziyadnz|hourly,2026-08-17T18:48:05Z,2026-08-17T18:48:05Z,
67.231.164.238,ipv4,malicious-ip,medium,WHITE,ziyadnz/hourly-ipv4,ziyadnz|hourly,2026-08-17T18:48:05Z,2026-08-17T18:48:05Z,
67.233.92.47,ipv4,malicious-ip,medium,WHITE,ziyadnz/hourly-ipv4,ziyadnz|hourly,2026-08-17T18:48:05Z,2026-08-17T18:48:05Z,
67.241.132.98,ipv4,malicious-ip,medium,WHITE,ziyadnz/hourly-ipv4,ziyadnz|hourly,2026-08-17T18:48:05Z,2026-08-17T18:48:05Z,
67.242.40.85,ipv4,malicious-ip,medium,WHITE,ziyadnz/hourly-ipv4,ziyadnz|hourly,2026-08-17T18:48:05Z,2026-08-17T18:48:05Z,
67.243.206.235,ipv4,malicious-ip,medium,WHITE,ziyadnz/hourly-ipv4,ziyadnz|hourly,2026-08-17T18:48:05Z,2026-08-17T18:48:05Z,
67.244.155.86,ipv4,malicious-ip,medium,WHITE,ziyadnz/hourly-ipv4,ziyadnz|hourly,2026-08-17T18:48:05Z,2026-08-17T18:48:05Z,
67.244.18.149,ipv4,malicious-ip,medium,WHITE,ziyadnz/hourly-ipv4,ziyadnz|hourly,2026-08-17T18:48:05Z,2026-08-17T18:48:05Z,
67.246.36.172,ipv4,malicious-ip,medium,WHITE,ziyadnz/hourly-ipv4,ziyadnz|hourly,2026-08-17T18:48:05Z,2026-08-17T18:48:05Z,
67.253.120.55,ipv4,malicious-ip,medium,WHITE,ziyadnz/hourly-ipv4,ziyadnz|hourly,2026-08-17T18:48:05Z,2026-08-17T18:48:05Z,
67.255.248.12,ipv4,malicious-ip,medium,WHITE,ziyadnz/hourly-ipv4,ziyadnz|hourly,2026-08-17T18:48:05Z,2026-08-17T18:48:05Z,
67.43.232.2,ipv4,malicious-ip,medium,WHITE,ziyadnz/hourly-ipv4,ziyadnz|hourly,2026-08-17T18:48:05Z,2026-08-17T18:48:05Z,
67.43.234.96,ipv4,malicious-ip,medium,WHITE,ziyadnz/hourly-ipv4,ziyadnz|hourly,2026-08-17T18:48:05Z,2026-08-17T18:48:05Z,
67.48.99.52,ipv4,malicious-ip,medium,WHITE,ziyadnz/hourly-ipv4,ziyadnz|hourly,2026-08-17T18:48:05Z,2026-08-17T18:48:05Z,
67.53.148.77,ipv4,malicious-ip,medium,WHITE,ziyadnz/hourly-ipv4,ziyadnz|hourly,2026-08-17T18:48:05Z,2026-08-17T18:48:05Z,
67.55.16.21,ipv4,malicious-ip,medium,WHITE,ziyadnz/hourly-ipv4,ziyadnz|hourly,2026-08-17T18:48:05Z,2026-08-17T18:48:05Z,
67.55.189.211,ipv4,malicious-ip,medium,WHITE,ziyadnz/hourly-ipv4,ziyadnz|hourly,2026-08-17T18:48:05Z,2026-08-17T18:48:05Z,
67.58.209.169,ipv4,malicious-ip,medium,WHITE,ziyadnz/hourly-ipv4,ziyadnz|hourly,2026-08-17T18:48:05Z,2026-08-17T18:48:05Z,
67.58.27.153,ipv4,malicious-ip,medium,WHITE,ziyadnz/hourly-ipv4,ziyadnz|hourly,2026-08-17T18:48:05Z,2026-08-17T18:48:05Z,
67.61.127.22,ipv4,malicious-ip,medium,WHITE,ziyadnz/hourly-ipv4,ziyadnz|hourly,2026-08-17T18:48:05Z,2026-08-17T18:48:05Z,
67.67.49.35,ipv4,malicious-ip,medium,WHITE,ziyadnz/hourly-ipv4,ziyadnz|hourly,2026-08-17T18:48:05Z,2026-08-17T18:48:05Z,
67.69.166.79,ipv4,malicious-ip,medium,WHITE,ziyadnz/hourly-ipv4,ziyadnz|hourly,2026-08-17T18:48:05Z,2026-08-17T18:48:05Z,
67.71.55.209,ipv4,malicious-ip,medium,WHITE,ziyadnz/hourly-ipv4,ziyadnz|hourly,2026-08-17T18:48:05Z,2026-08-17T18:48:05Z,
67.8.146.196,ipv4,malicious-ip,medium,WHITE,ziyadnz/hourly-ipv4,ziyadnz|hourly,2026-08-17T18:48:05Z,2026-08-17T18:48:05Z,
67.82.217.147,ipv4,malicious-ip,medium,WHITE,ziyadnz/hourly-ipv4,ziyadnz|hourly,2026-08-17T18:48:05Z,2026-08-17T18:48:05Z,
67.83.45.216,ipv4,malicious-ip,medium,WHITE,ziyadnz/hourly-ipv4,ziyadnz|hourly,2026-08-17T18:48:05Z,2026-08-17T18:48:05Z,
67.84.145.145,ipv4,malicious-ip,medium,WHITE,ziyadnz/hourly-ipv4,ziyadnz|hourly,2026-08-17T18:48:05Z,2026-08-17T18:48:05Z,
67.86.162.148,ipv4,malicious-ip,medium,WHITE,ziyadnz/hourly-ipv4,ziyadnz|hourly,2026-08-17T18:48:05Z,2026-08-17T18:48:05Z,
67.86.231.15,ipv4,malicious-ip,medium,WHITE,ziyadnz/hourly-ipv4,ziyadnz|hourly,2026-08-17T18:48:05Z,2026-08-17T18:48:05Z,
67.86.31.96,ipv4,malicious-ip,medium,WHITE,ziyadnz/hourly-ipv4,ziyadnz|hourly,2026-08-17T18:48:05Z,2026-08-17T18:48:05Z,
67.9.160.119,ipv4,malicious-ip,medium,WHITE,ziyadnz/hourly-ipv4,ziyadnz|hourly,2026-08-17T18:48:05Z,2026-08-17T18:48:05Z,
67.9.62.45,ipv4,malicious-ip,medium,WHITE,ziyadnz/hourly-ipv4,ziyadnz|hourly,2026-08-17T18:48:05Z,2026-08-17T18:48:05Z,
68.1.210.163,ipv4,malicious-ip,medium,WHITE,ziyadnz/hourly-ipv4,ziyadnz|hourly,2026-08-17T18:48:05Z,2026-08-17T18:48:05Z,
68.101.9.39,ipv4,malicious-ip,medium,WHITE,ziyadnz/hourly-ipv4,ziyadnz|hourly,2026-08-17T18:48:05Z,2026-08-17T18:48:05Z,
68.104.254.77,ipv4,malicious-ip,medium,WHITE,ziyadnz/hourly-ipv4,ziyadnz|hourly,2026-08-17T18:48:05Z,2026-08-17T18:48:05Z,
68.105.93.44,ipv4,malicious-ip,medium,WHITE,ziyadnz/hourly-ipv4,ziyadnz|hourly,2026-08-17T18:48:05Z,2026-08-17T18:48:05Z,
68.109.1.56,ipv4,malicious-ip,medium,WHITE,ziyadnz/hourly-ipv4,ziyadnz|hourly,2026-08-17T18:48:05Z,2026-08-17T18:48:05Z,
68.109.75.110,ipv4,malicious-ip,medium,WHITE,ziyadnz/hourly-ipv4,ziyadnz|hourly,2026-08-17T18:48:05Z,2026-08-17T18:48:05Z,
68.113.20.76,ipv4,malicious-ip,medium,WHITE,ziyadnz/hourly-ipv4,ziyadnz|hourly,2026-08-17T18:48:05Z,2026-08-17T18:48:05Z,
68.113.201.193,ipv4,malicious-ip,medium,WHITE,ziyadnz/hourly-ipv4,ziyadnz|hourly,2026-08-17T18:48:05Z,2026-08-17T18:48:05Z,
68.131.38.227,ipv4,malicious-ip,medium,WHITE,ziyadnz/hourly-ipv4,ziyadnz|hourly,2026-08-17T18:48:05Z,2026-08-17T18:48:05Z,
68.132.123.8,ipv4,malicious-ip,medium,WHITE,ziyadnz/hourly-ipv4,ziyadnz|hourly,2026-08-17T18:48:05Z,2026-08-17T18:48:05Z,
68.142.129.4,ipv4,malicious-ip,medium,WHITE,ziyadnz/hourly-ipv4,ziyadnz|hourly,2026-08-17T18:48:05Z,2026-08-17T18:48:05Z,
68.144.173.48,ipv4,malicious-ip,medium,WHITE,ziyadnz/hourly-ipv4,ziyadnz|hourly,2026-08-17T18:48:05Z,2026-08-17T18:48:05Z,
68.145.85.30,ipv4,malicious-ip,medium,WHITE,ziyadnz/hourly-ipv4,ziyadnz|hourly,2026-08-17T18:48:05Z,2026-08-17T18:48:05Z,
68.150.185.106,ipv4,malicious-ip,medium,WHITE,ziyadnz/hourly-ipv4,ziyadnz|hourly,2026-08-17T18:48:05Z,2026-08-17T18:48:05Z,
68.151.1.196,ipv4,malicious-ip,medium,WHITE,ziyadnz/hourly-ipv4,ziyadnz|hourly,2026-08-17T18:48:05Z,2026-08-17T18:48:05Z,
68.155.144.106,ipv4,malicious-ip,medium,WHITE,ziyadnz/hourly-ipv4,ziyadnz|hourly,2026-08-17T18:48:05Z,2026-08-17T18:48:05Z,
68.155.155.56,ipv4,malicious-ip,medium,WHITE,ziyadnz/hourly-ipv4,ziyadnz|hourly,2026-08-17T18:48:05Z,2026-08-17T18:48:05Z,
68.161.118.145,ipv4,malicious-ip,medium,WHITE,ziyadnz/hourly-ipv4,ziyadnz|hourly,2026-08-17T18:48:05Z,2026-08-17T18:48:05Z,
68.163.38.83,ipv4,malicious-ip,medium,WHITE,ziyadnz/hourly-ipv4,ziyadnz|hourly,2026-08-17T18:48:05Z,2026-08-17T18:48:05Z,
68.167.181.70,ipv4,malicious-ip,medium,WHITE,ziyadnz/hourly-ipv4,ziyadnz|hourly,2026-08-17T18:48:05Z,2026-08-17T18:48:05Z,
68.168.124.162,ipv4,malicious-ip,medium,WHITE,ziyadnz/hourly-ipv4,ziyadnz|hourly,2026-08-17T18:48:05Z,2026-08-17T18:48:05Z,
68.168.213.246,ipv4,malicious-ip,medium,WHITE,ziyadnz/hourly-ipv4,ziyadnz|hourly,2026-08-17T18:48:05Z,2026-08-17T18:48:05Z,
68.168.222.191,ipv4,malicious-ip,medium,WHITE,ziyadnz/hourly-ipv4,ziyadnz|hourly,2026-08-17T18:48:05Z,2026-08-17T18:48:05Z,
68.170.165.36,ipv4,malicious-ip,medium,WHITE,ziyadnz/hourly-ipv4,ziyadnz|hourly,2026-08-17T18:48:05Z,2026-08-17T18:48:05Z,
68.173.81.30,ipv4,malicious-ip,medium,WHITE,ziyadnz/hourly-ipv4,ziyadnz|hourly,2026-08-17T18:48:05Z,2026-08-17T18:48:05Z,
68.178.160.148,ipv4,malicious-ip,medium,WHITE,ziyadnz/hourly-ipv4,ziyadnz|hourly,2026-08-17T18:48:05Z,2026-08-17T18:48:05Z,
68.178.161.186,ipv4,malicious-ip,medium,WHITE,ziyadnz/hourly-ipv4,ziyadnz|hourly,2026-08-17T18:48:05Z,2026-08-17T18:48:05Z,
68.178.166.155,ipv4,malicious-ip,medium,WHITE,ziyadnz/hourly-ipv4,ziyadnz|hourly,2026-08-17T18:48:05Z,2026-08-17T18:48:05Z,
68.178.167.214,ipv4,malicious-ip,medium,WHITE,ziyadnz/hourly-ipv4,ziyadnz|hourly,2026-08-17T18:48:05Z,2026-08-17T18:48:05Z,
68.178.168.171,ipv4,malicious-ip,medium,WHITE,ziyadnz/hourly-ipv4,ziyadnz|hourly,2026-08-17T18:48:05Z,2026-08-17T18:48:05Z,
68.179.130.146,ipv4,malicious-ip,medium,WHITE,ziyadnz/hourly-ipv4,ziyadnz|hourly,2026-08-17T18:48:05Z,2026-08-17T18:48:05Z,
68.183.100.232,ipv4,malicious-ip,medium,WHITE,ziyadnz/hourly-ipv4,ziyadnz|hourly,2026-08-17T18:48:05Z,2026-08-17T18:48:05Z,
68.183.103.81,ipv4,malicious-ip,medium,WHITE,ziyadnz/hourly-ipv4,ziyadnz|hourly,2026-08-17T18:48:05Z,2026-08-17T18:48:05Z,
68.183.105.132,ipv4,malicious-ip,medium,WHITE,ziyadnz/hourly-ipv4,ziyadnz|hourly,2026-08-17T18:48:05Z,2026-08-17T18:48:05Z,
68.183.105.175,ipv4,malicious-ip,medium,WHITE,ziyadnz/hourly-ipv4,ziyadnz|hourly,2026-08-17T18:48:05Z,2026-08-17T18:48:05Z,
68.183.108.176,ipv4,malicious-ip,medium,WHITE,ziyadnz/hourly-ipv4,ziyadnz|hourly,2026-08-17T18:48:05Z,2026-08-17T18:48:05Z,
68.183.11.70,ipv4,malicious-ip,medium,WHITE,ziyadnz/hourly-ipv4,ziyadnz|hourly,2026-08-17T18:48:05Z,2026-08-17T18:48:05Z,
68.183.111.230,ipv4,malicious-ip,medium,WHITE,ziyadnz/hourly-ipv4,ziyadnz|hourly,2026-08-17T18:48:05Z,2026-08-17T18:48:05Z,
68.183.113.3,ipv4,malicious-ip,medium,WHITE,ziyadnz/hourly-ipv4,ziyadnz|hourly,2026-08-17T18:48:05Z,2026-08-17T18:48:05Z,
68.183.119.183,ipv4,malicious-ip,medium,WHITE,ziyadnz/hourly-ipv4,ziyadnz|hourly,2026-08-17T18:48:05Z,2026-08-17T18:48:05Z,
68.183.123.81,ipv4,malicious-ip,medium,WHITE,ziyadnz/hourly-ipv4,ziyadnz|hourly,2026-08-17T18:48:05Z,2026-08-17T18:48:05Z,
68.183.124.108,ipv4,malicious-ip,medium,WHITE,ziyadnz/hourly-ipv4,ziyadnz|hourly,2026-08-17T18:48:05Z,2026-08-17T18:48:05Z,
68.183.125.250,ipv4,malicious-ip,medium,WHITE,ziyadnz/hourly-ipv4,ziyadnz|hourly,2026-08-17T18:48:05Z,2026-08-17T18:48:05Z,
68.183.125.33,ipv4,malicious-ip,medium,WHITE,ziyadnz/hourly-ipv4,ziyadnz|hourly,2026-08-17T18:48:05Z,2026-08-17T18:48:05Z,
68.183.126.230,ipv4,malicious-ip,medium,WHITE,ziyadnz/hourly-ipv4,ziyadnz|hourly,2026-08-17T18:48:05Z,2026-08-17T18:48:05Z,
68.183.126.246,ipv4,malicious-ip,medium,WHITE,ziyadnz/hourly-ipv4,ziyadnz|hourly,2026-08-17T18:48:05Z,2026-08-17T18:48:05Z,
68.183.128.33,ipv4,malicious-ip,medium,WHITE,ziyadnz/hourly-ipv4,ziyadnz|hourly,2026-08-17T18:48:05Z,2026-08-17T18:48:05Z,
68.183.130.61,ipv4,malicious-ip,medium,WHITE,ziyadnz/hourly-ipv4,ziyadnz|hourly,2026-08-17T18:48:05Z,2026-08-17T18:48:05Z,
68.183.131.238,ipv4,malicious-ip,medium,WHITE,ziyadnz/hourly-ipv4,ziyadnz|hourly,2026-08-17T18:48:05Z,2026-08-17T18:48:05Z,
68.183.140.166,ipv4,malicious-ip,medium,WHITE,ziyadnz/hourly-ipv4,ziyadnz|hourly,2026-08-17T18:48:05Z,2026-08-17T18:48:05Z,
68.183.148.36,ipv4,malicious-ip,medium,WHITE,ziyadnz/hourly-ipv4,ziyadnz|hourly,2026-08-17T18:48:05Z,2026-08-17T18:48:05Z,
68.183.155.149,ipv4,malicious-ip,medium,WHITE,ziyadnz/hourly-ipv4,ziyadnz|hourly,2026-08-17T18:48:05Z,2026-08-17T18:48:05Z,
68.183.165.99,ipv4,malicious-ip,medium,WHITE,ziyadnz/hourly-ipv4,ziyadnz|hourly,2026-08-17T18:48:05Z,2026-08-17T18:48:05Z,
68.183.169.243,ipv4,malicious-ip,medium,WHITE,ziyadnz/hourly-ipv4,ziyadnz|hourly,2026-08-17T18:48:05Z,2026-08-17T18:48:05Z,
68.183.171.67,ipv4,malicious-ip,medium,WHITE,ziyadnz/hourly-ipv4,ziyadnz|hourly,2026-08-17T18:48:05Z,2026-08-17T18:48:05Z,
68.183.177.63,ipv4,malicious-ip,medium,WHITE,ziyadnz/hourly-ipv4,ziyadnz|hourly,2026-08-17T18:48:05Z,2026-08-17T18:48:05Z,
68.183.178.130,ipv4,malicious-ip,medium,WHITE,ziyadnz/hourly-ipv4,ziyadnz|hourly,2026-08-17T18:48:05Z,2026-08-17T18:48:05Z,
68.183.18.188,ipv4,malicious-ip,medium,WHITE,ziyadnz/hourly-ipv4,ziyadnz|hourly,2026-08-17T18:48:05Z,2026-08-17T18:48:05Z,
68.183.180.73,ipv4,malicious-ip,medium,WHITE,ziyadnz/hourly-ipv4,ziyadnz|hourly,2026-08-17T18:48:05Z,2026-08-17T18:48:05Z,
68.183.182.130,ipv4,malicious-ip,medium,WHITE,ziyadnz/hourly-ipv4,ziyadnz|hourly,2026-08-17T18:48:05Z,2026-08-17T18:48:05Z,
68.183.193.184,ipv4,malicious-ip,medium,WHITE,ziyadnz/hourly-ipv4,ziyadnz|hourly,2026-08-17T18:48:05Z,2026-08-17T18:48:05Z,
68.183.193.242,ipv4,malicious-ip,medium,WHITE,ziyadnz/hourly-ipv4,ziyadnz|hourly,2026-08-17T18:48:05Z,2026-08-17T18:48:05Z,
68.183.195.232,ipv4,malicious-ip,medium,WHITE,ziyadnz/hourly-ipv4,ziyadnz|hourly,2026-08-17T18:48:05Z,2026-08-17T18:48:05Z,
68.183.198.103,ipv4,malicious-ip,medium,WHITE,ziyadnz/hourly-ipv4,ziyadnz|hourly,2026-08-17T18:48:05Z,2026-08-17T18:48:05Z,
68.183.199.108,ipv4,malicious-ip,medium,WHITE,ziyadnz/hourly-ipv4,ziyadnz|hourly,2026-08-17T18:48:05Z,2026-08-17T18:48:05Z,
68.183.200.219,ipv4,malicious-ip,medium,WHITE,ziyadnz/hourly-ipv4,ziyadnz|hourly,2026-08-17T18:48:05Z,2026-08-17T18:48:05Z,
68.183.200.63,ipv4,malicious-ip,medium,WHITE,ziyadnz/hourly-ipv4,ziyadnz|hourly,2026-08-17T18:48:05Z,2026-08-17T18:48:05Z,
68.183.204.19,ipv4,malicious-ip,medium,WHITE,ziyadnz/hourly-ipv4,ziyadnz|hourly,2026-08-17T18:48:05Z,2026-08-17T18:48:05Z,
68.183.206.245,ipv4,malicious-ip,medium,WHITE,ziyadnz/hourly-ipv4,ziyadnz|hourly,2026-08-17T18:48:05Z,2026-08-17T18:48:05Z,
68.183.212.68,ipv4,malicious-ip,medium,WHITE,ziyadnz/hourly-ipv4,ziyadnz|hourly,2026-08-17T18:48:05Z,2026-08-17T18:48:05Z,
68.183.22.17,ipv4,malicious-ip,medium,WHITE,ziyadnz/hourly-ipv4,ziyadnz|hourly,2026-08-17T18:48:05Z,2026-08-17T18:48:05Z,
68.183.22.192,ipv4,malicious-ip,medium,WHITE,ziyadnz/hourly-ipv4,ziyadnz|hourly,2026-08-17T18:48:05Z,2026-08-17T18:48:05Z,
68.183.220.137,ipv4,malicious-ip,medium,WHITE,ziyadnz/hourly-ipv4,ziyadnz|hourly,2026-08-17T18:48:05Z,2026-08-17T18:48:05Z,
68.183.228.109,ipv4,malicious-ip,medium,WHITE,ziyadnz/hourly-ipv4,ziyadnz|hourly,2026-08-17T18:48:05Z,2026-08-17T18:48:05Z,
68.183.228.238,ipv4,malicious-ip,medium,WHITE,ziyadnz/hourly-ipv4,ziyadnz|hourly,2026-08-17T18:48:05Z,2026-08-17T18:48:05Z,
68.183.229.3,ipv4,malicious-ip,medium,WHITE,ziyadnz/hourly-ipv4,ziyadnz|hourly,2026-08-17T18:48:05Z,2026-08-17T18:48:05Z,
68.183.23.12,ipv4,malicious-ip,medium,WHITE,ziyadnz/hourly-ipv4,ziyadnz|hourly,2026-08-17T18:48:05Z,2026-08-17T18:48:05Z,
68.183.234.194,ipv4,malicious-ip,medium,WHITE,ziyadnz/hourly-ipv4,ziyadnz|hourly,2026-08-17T18:48:05Z,2026-08-17T18:48:05Z,
68.183.234.206,ipv4,malicious-ip,medium,WHITE,ziyadnz/hourly-ipv4,ziyadnz|hourly,2026-08-17T18:48:05Z,2026-08-17T18:48:05Z,
68.183.234.46,ipv4,malicious-ip,medium,WHITE,ziyadnz/hourly-ipv4,ziyadnz|hourly,2026-08-17T18:48:05Z,2026-08-17T18:48:05Z,
68.183.235.163,ipv4,malicious-ip,medium,WHITE,ziyadnz/hourly-ipv4,ziyadnz|hourly,2026-08-17T18:48:05Z,2026-08-17T18:48:05Z,
68.183.25.199,ipv4,malicious-ip,medium,WHITE,ziyadnz/hourly-ipv4,ziyadnz|hourly,2026-08-17T18:48:05Z,2026-08-17T18:48:05Z,
68.183.26.197,ipv4,malicious-ip,medium,WHITE,ziyadnz/hourly-ipv4,ziyadnz|hourly,2026-08-17T18:48:05Z,2026-08-17T18:48:05Z,
68.183.28.227,ipv4,malicious-ip,medium,WHITE,ziyadnz/hourly-ipv4,ziyadnz|hourly,2026-08-17T18:48:05Z,2026-08-17T18:48:05Z,
68.183.3.153,ipv4,malicious-ip,medium,WHITE,ziyadnz/hourly-ipv4,ziyadnz|hourly,2026-08-17T18:48:05Z,2026-08-17T18:48:05Z,
68.183.31.120,ipv4,malicious-ip,medium,WHITE,ziyadnz/hourly-ipv4,ziyadnz|hourly,2026-08-17T18:48:05Z,2026-08-17T18:48:05Z,
68.183.36.204,ipv4,malicious-ip,medium,WHITE,ziyadnz/hourly-ipv4,ziyadnz|hourly,2026-08-17T18:48:05Z,2026-08-17T18:48:05Z,
68.183.37.129,ipv4,malicious-ip,medium,WHITE,ziyadnz/hourly-ipv4,ziyadnz|hourly,2026-08-17T18:48:05Z,2026-08-17T18:48:05Z,
68.183.4.202,ipv4,malicious-ip,medium,WHITE,ziyadnz/hourly-ipv4,ziyadnz|hourly,2026-08-17T18:48:05Z,2026-08-17T18:48:05Z,
68.183.4.45,ipv4,malicious-ip,medium,WHITE,ziyadnz/hourly-ipv4,ziyadnz|hourly,2026-08-17T18:48:05Z,2026-08-17T18:48:05Z,
68.183.40.229,ipv4,malicious-ip,medium,WHITE,ziyadnz/hourly-ipv4,ziyadnz|hourly,2026-08-17T18:48:05Z,2026-08-17T18:48:05Z,
68.183.41.96,ipv4,malicious-ip,medium,WHITE,ziyadnz/hourly-ipv4,ziyadnz|hourly,2026-08-17T18:48:05Z,2026-08-17T18:48:05Z,
68.183.54.81,ipv4,malicious-ip,medium,WHITE,ziyadnz/hourly-ipv4,ziyadnz|hourly,2026-08-17T18:48:05Z,2026-08-17T18:48:05Z,
68.183.58.201,ipv4,malicious-ip,medium,WHITE,ziyadnz/hourly-ipv4,ziyadnz|hourly,2026-08-17T18:48:05Z,2026-08-17T18:48:05Z,
68.183.6.66,ipv4,malicious-ip,medium,WHITE,ziyadnz/hourly-ipv4,ziyadnz|hourly,2026-08-17T18:48:05Z,2026-08-17T18:48:05Z,
68.183.68.44,ipv4,malicious-ip,medium,WHITE,ziyadnz/hourly-ipv4,ziyadnz|hourly,2026-08-17T18:48:05Z,2026-08-17T18:48:05Z,
68.183.70.177,ipv4,malicious-ip,medium,WHITE,ziyadnz/hourly-ipv4,ziyadnz|hourly,2026-08-17T18:48:05Z,2026-08-17T18:48:05Z,
68.183.70.25,ipv4,malicious-ip,medium,WHITE,ziyadnz/hourly-ipv4,ziyadnz|hourly,2026-08-17T18:48:05Z,2026-08-17T18:48:05Z,
68.183.78.2,ipv4,malicious-ip,medium,WHITE,ziyadnz/hourly-ipv4,ziyadnz|hourly,2026-08-17T18:48:05Z,2026-08-17T18:48:05Z,
68.183.79.28,ipv4,malicious-ip,medium,WHITE,ziyadnz/hourly-ipv4,ziyadnz|hourly,2026-08-17T18:48:05Z,2026-08-17T18:48:05Z,
68.183.82.95,ipv4,malicious-ip,medium,WHITE,ziyadnz/hourly-ipv4,ziyadnz|hourly,2026-08-17T18:48:05Z,2026-08-17T18:48:05Z,
68.183.88.127,ipv4,malicious-ip,medium,WHITE,ziyadnz/hourly-ipv4,ziyadnz|hourly,2026-08-17T18:48:05Z,2026-08-17T18:48:05Z,
68.183.9.16,ipv4,malicious-ip,medium,WHITE,ziyadnz/hourly-ipv4,ziyadnz|hourly,2026-08-17T18:48:05Z,2026-08-17T18:48:05Z,
68.183.92.183,ipv4,malicious-ip,medium,WHITE,ziyadnz/hourly-ipv4,ziyadnz|hourly,2026-08-17T18:48:05Z,2026-08-17T18:48:05Z,
68.183.94.76,ipv4,malicious-ip,medium,WHITE,ziyadnz/hourly-ipv4,ziyadnz|hourly,2026-08-17T18:48:05Z,2026-08-17T18:48:05Z,
68.183.99.146,ipv4,malicious-ip,medium,WHITE,ziyadnz/hourly-ipv4,ziyadnz|hourly,2026-08-17T18:48:05Z,2026-08-17T18:48:05Z,
68.184.111.145,ipv4,malicious-ip,medium,WHITE,ziyadnz/hourly-ipv4,ziyadnz|hourly,2026-08-17T18:48:05Z,2026-08-17T18:48:05Z,
68.184.161.218,ipv4,malicious-ip,medium,WHITE,ziyadnz/hourly-ipv4,ziyadnz|hourly,2026-08-17T18:48:05Z,2026-08-17T18:48:05Z,
68.187.184.116,ipv4,malicious-ip,medium,WHITE,ziyadnz/hourly-ipv4,ziyadnz|hourly,2026-08-17T18:48:05Z,2026-08-17T18:48:05Z,
68.189.69.233,ipv4,malicious-ip,medium,WHITE,ziyadnz/hourly-ipv4,ziyadnz|hourly,2026-08-17T18:48:05Z,2026-08-17T18:48:05Z,
68.198.1.144,ipv4,malicious-ip,medium,WHITE,ziyadnz/hourly-ipv4,ziyadnz|hourly,2026-08-17T18:48:05Z,2026-08-17T18:48:05Z,
68.199.252.179,ipv4,malicious-ip,medium,WHITE,ziyadnz/hourly-ipv4,ziyadnz|hourly,2026-08-17T18:48:05Z,2026-08-17T18:48:05Z,
68.2.59.187,ipv4,malicious-ip,medium,WHITE,ziyadnz/hourly-ipv4,ziyadnz|hourly,2026-08-17T18:48:05Z,2026-08-17T18:48:05Z,
68.206.219.159,ipv4,malicious-ip,medium,WHITE,ziyadnz/hourly-ipv4,ziyadnz|hourly,2026-08-17T18:48:05Z,2026-08-17T18:48:05Z,
68.206.93.211,ipv4,malicious-ip,medium,WHITE,ziyadnz/hourly-ipv4,ziyadnz|hourly,2026-08-17T18:48:05Z,2026-08-17T18:48:05Z,
68.207.224.247,ipv4,malicious-ip,medium,WHITE,ziyadnz/hourly-ipv4,ziyadnz|hourly,2026-08-17T18:48:05Z,2026-08-17T18:48:05Z,
68.209.215.1,ipv4,malicious-ip,medium,WHITE,ziyadnz/hourly-ipv4,ziyadnz|hourly,2026-08-17T18:48:05Z,2026-08-17T18:48:05Z,
68.210.120.110,ipv4,malicious-ip,medium,WHITE,ziyadnz/hourly-ipv4,ziyadnz|hourly,2026-08-17T18:48:05Z,2026-08-17T18:48:05Z,
68.220.171.40,ipv4,malicious-ip,medium,WHITE,ziyadnz/hourly-ipv4,ziyadnz|hourly,2026-08-17T18:48:05Z,2026-08-17T18:48:05Z,
68.220.215.172,ipv4,malicious-ip,medium,WHITE,ziyadnz/hourly-ipv4,ziyadnz|hourly,2026-08-17T18:48:05Z,2026-08-17T18:48:05Z,
68.220.57.96,ipv4,malicious-ip,medium,WHITE,ziyadnz/hourly-ipv4,ziyadnz|hourly,2026-08-17T18:48:05Z,2026-08-17T18:48:05Z,
68.220.61.160,ipv4,malicious-ip,medium,WHITE,ziyadnz/hourly-ipv4,ziyadnz|hourly,2026-08-17T18:48:05Z,2026-08-17T18:48:05Z,
68.221.170.33,ipv4,malicious-ip,medium,WHITE,ziyadnz/hourly-ipv4,ziyadnz|hourly,2026-08-17T18:48:05Z,2026-08-17T18:48:05Z,
68.221.69.10,ipv4,malicious-ip,medium,WHITE,ziyadnz/hourly-ipv4,ziyadnz|hourly,2026-08-17T18:48:05Z,2026-08-17T18:48:05Z,
68.221.72.214,ipv4,malicious-ip,medium,WHITE,ziyadnz/hourly-ipv4,ziyadnz|hourly,2026-08-17T18:48:05Z,2026-08-17T18:48:05Z,
68.225.35.153,ipv4,malicious-ip,medium,WHITE,ziyadnz/hourly-ipv4,ziyadnz|hourly,2026-08-17T18:48:05Z,2026-08-17T18:48:05Z,
68.225.61.156,ipv4,malicious-ip,medium,WHITE,ziyadnz/hourly-ipv4,ziyadnz|hourly,2026-08-17T18:48:05Z,2026-08-17T18:48:05Z,
68.225.62.0,ipv4,malicious-ip,medium,WHITE,ziyadnz/hourly-ipv4,ziyadnz|hourly,2026-08-17T18:48:05Z,2026-08-17T18:48:05Z,
68.225.62.179,ipv4,malicious-ip,medium,WHITE,ziyadnz/hourly-ipv4,ziyadnz|hourly,2026-08-17T18:48:05Z,2026-08-17T18:48:05Z,
68.225.62.242,ipv4,malicious-ip,medium,WHITE,ziyadnz/hourly-ipv4,ziyadnz|hourly,2026-08-17T18:48:05Z,2026-08-17T18:48:05Z,
68.228.94.144,ipv4,malicious-ip,medium,WHITE,ziyadnz/hourly-ipv4,ziyadnz|hourly,2026-08-17T18:48:05Z,2026-08-17T18:48:05Z,
68.233.238.102,ipv4,malicious-ip,medium,WHITE,ziyadnz/hourly-ipv4,ziyadnz|hourly,2026-08-17T18:48:05Z,2026-08-17T18:48:05Z,
68.234.66.207,ipv4,malicious-ip,medium,WHITE,ziyadnz/hourly-ipv4,ziyadnz|hourly,2026-08-17T18:48:05Z,2026-08-17T18:48:05Z,
68.235.251.87,ipv4,malicious-ip,medium,WHITE,ziyadnz/hourly-ipv4,ziyadnz|hourly,2026-08-17T18:48:05Z,2026-08-17T18:48:05Z,
68.235.37.222,ipv4,malicious-ip,medium,WHITE,ziyadnz/hourly-ipv4,ziyadnz|hourly,2026-08-17T18:48:05Z,2026-08-17T18:48:05Z,
68.235.46.132,ipv4,malicious-ip,medium,WHITE,ziyadnz/hourly-ipv4,ziyadnz|hourly,2026-08-17T18:48:05Z,2026-08-17T18:48:05Z,
68.235.46.202,ipv4,malicious-ip,medium,WHITE,ziyadnz/hourly-ipv4,ziyadnz|hourly,2026-08-17T18:48:05Z,2026-08-17T18:48:05Z,
68.235.46.214,ipv4,malicious-ip,medium,WHITE,ziyadnz/hourly-ipv4,ziyadnz|hourly,2026-08-17T18:48:05Z,2026-08-17T18:48:05Z,
68.34.21.13,ipv4,malicious-ip,medium,WHITE,ziyadnz/hourly-ipv4,ziyadnz|hourly,2026-08-17T18:48:05Z,2026-08-17T18:48:05Z,
68.37.182.142,ipv4,malicious-ip,medium,WHITE,ziyadnz/hourly-ipv4,ziyadnz|hourly,2026-08-17T18:48:05Z,2026-08-17T18:48:05Z,
68.38.205.70,ipv4,malicious-ip,medium,WHITE,ziyadnz/hourly-ipv4,ziyadnz|hourly,2026-08-17T18:48:05Z,2026-08-17T18:48:05Z,
68.40.75.171,ipv4,malicious-ip,medium,WHITE,ziyadnz/hourly-ipv4,ziyadnz|hourly,2026-08-17T18:48:05Z,2026-08-17T18:48:05Z,
68.43.41.54,ipv4,malicious-ip,medium,WHITE,ziyadnz/hourly-ipv4,ziyadnz|hourly,2026-08-17T18:48:05Z,2026-08-17T18:48:05Z,
68.44.146.247,ipv4,malicious-ip,medium,WHITE,ziyadnz/hourly-ipv4,ziyadnz|hourly,2026-08-17T18:48:05Z,2026-08-17T18:48:05Z,
68.45.165.166,ipv4,malicious-ip,medium,WHITE,ziyadnz/hourly-ipv4,ziyadnz|hourly,2026-08-17T18:48:05Z,2026-08-17T18:48:05Z,
68.46.232.60,ipv4,malicious-ip,medium,WHITE,ziyadnz/hourly-ipv4,ziyadnz|hourly,2026-08-17T18:48:05Z,2026-08-17T18:48:05Z,
68.47.178.75,ipv4,malicious-ip,medium,WHITE,ziyadnz/hourly-ipv4,ziyadnz|hourly,2026-08-17T18:48:05Z,2026-08-17T18:48:05Z,
68.47.4.131,ipv4,malicious-ip,medium,WHITE,ziyadnz/hourly-ipv4,ziyadnz|hourly,2026-08-17T18:48:05Z,2026-08-17T18:48:05Z,
68.50.192.119,ipv4,malicious-ip,medium,WHITE,ziyadnz/hourly-ipv4,ziyadnz|hourly,2026-08-17T18:48:05Z,2026-08-17T18:48:05Z,
68.51.46.236,ipv4,malicious-ip,medium,WHITE,ziyadnz/hourly-ipv4,ziyadnz|hourly,2026-08-17T18:48:05Z,2026-08-17T18:48:05Z,
68.53.110.70,ipv4,malicious-ip,medium,WHITE,ziyadnz/hourly-ipv4,ziyadnz|hourly,2026-08-17T18:48:05Z,2026-08-17T18:48:05Z,
68.53.89.230,ipv4,malicious-ip,medium,WHITE,ziyadnz/hourly-ipv4,ziyadnz|hourly,2026-08-17T18:48:05Z,2026-08-17T18:48:05Z,
68.6.242.11,ipv4,malicious-ip,medium,WHITE,ziyadnz/hourly-ipv4,ziyadnz|hourly,2026-08-17T18:48:05Z,2026-08-17T18:48:05Z,
68.60.77.128,ipv4,malicious-ip,medium,WHITE,ziyadnz/hourly-ipv4,ziyadnz|hourly,2026-08-17T18:48:05Z,2026-08-17T18:48:05Z,
68.64.170.2,ipv4,malicious-ip,medium,WHITE,ziyadnz/hourly-ipv4,ziyadnz|hourly,2026-08-17T18:48:05Z,2026-08-17T18:48:05Z,
68.66.226.89,ipv4,malicious-ip,medium,WHITE,ziyadnz/hourly-ipv4,ziyadnz|hourly,2026-08-17T18:48:05Z,2026-08-17T18:48:05Z,
68.66.251.43,ipv4,malicious-ip,medium,WHITE,ziyadnz/hourly-ipv4,ziyadnz|hourly,2026-08-17T18:48:05Z,2026-08-17T18:48:05Z,
68.67.203.28,ipv4,malicious-ip,medium,WHITE,ziyadnz/hourly-ipv4,ziyadnz|hourly,2026-08-17T18:48:05Z,2026-08-17T18:48:05Z,
68.69.114.231,ipv4,malicious-ip,medium,WHITE,ziyadnz/hourly-ipv4,ziyadnz|hourly,2026-08-17T18:48:05Z,2026-08-17T18:48:05Z,
68.69.177.101,ipv4,malicious-ip,medium,WHITE,ziyadnz/hourly-ipv4,ziyadnz|hourly,2026-08-17T18:48:05Z,2026-08-17T18:48:05Z,
68.69.177.112,ipv4,malicious-ip,medium,WHITE,ziyadnz/hourly-ipv4,ziyadnz|hourly,2026-08-17T18:48:05Z,2026-08-17T18:48:05Z,
68.69.218.175,ipv4,malicious-ip,medium,WHITE,ziyadnz/hourly-ipv4,ziyadnz|hourly,2026-08-17T18:48:05Z,2026-08-17T18:48:05Z,
68.7.114.69,ipv4,malicious-ip,medium,WHITE,ziyadnz/hourly-ipv4,ziyadnz|hourly,2026-08-17T18:48:05Z,2026-08-17T18:48:05Z,
68.7.13.235,ipv4,malicious-ip,medium,WHITE,ziyadnz/hourly-ipv4,ziyadnz|hourly,2026-08-17T18:48:05Z,2026-08-17T18:48:05Z,
68.71.240.210,ipv4,malicious-ip,medium,WHITE,ziyadnz/hourly-ipv4,ziyadnz|hourly,2026-08-17T18:48:05Z,2026-08-17T18:48:05Z,
68.71.241.33,ipv4,malicious-ip,medium,WHITE,ziyadnz/hourly-ipv4,ziyadnz|hourly,2026-08-17T18:48:05Z,2026-08-17T18:48:05Z,
68.71.242.118,ipv4,malicious-ip,medium,WHITE,ziyadnz/hourly-ipv4,ziyadnz|hourly,2026-08-17T18:48:05Z,2026-08-17T18:48:05Z,
68.71.245.206,ipv4,malicious-ip,medium,WHITE,ziyadnz/hourly-ipv4,ziyadnz|hourly,2026-08-17T18:48:05Z,2026-08-17T18:48:05Z,
68.71.247.130,ipv4,malicious-ip,medium,WHITE,ziyadnz/hourly-ipv4,ziyadnz|hourly,2026-08-17T18:48:05Z,2026-08-17T18:48:05Z,
68.71.249.153,ipv4,malicious-ip,medium,WHITE,ziyadnz/hourly-ipv4,ziyadnz|hourly,2026-08-17T18:48:05Z,2026-08-17T18:48:05Z,
68.71.249.158,ipv4,malicious-ip,medium,WHITE,ziyadnz/hourly-ipv4,ziyadnz|hourly,2026-08-17T18:48:05Z,2026-08-17T18:48:05Z,
68.71.251.134,ipv4,malicious-ip,medium,WHITE,ziyadnz/hourly-ipv4,ziyadnz|hourly,2026-08-17T18:48:05Z,2026-08-17T18:48:05Z,
68.71.254.6,ipv4,malicious-ip,medium,WHITE,ziyadnz/hourly-ipv4,ziyadnz|hourly,2026-08-17T18:48:05Z,2026-08-17T18:48:05Z,
68.71.93.234,ipv4,malicious-ip,medium,WHITE,ziyadnz/hourly-ipv4,ziyadnz|hourly,2026-08-17T18:48:05Z,2026-08-17T18:48:05Z,
68.73.213.196,ipv4,malicious-ip,medium,WHITE,ziyadnz/hourly-ipv4,ziyadnz|hourly,2026-08-17T18:48:05Z,2026-08-17T18:48:05Z,
68.8.82.241,ipv4,malicious-ip,medium,WHITE,ziyadnz/hourly-ipv4,ziyadnz|hourly,2026-08-17T18:48:05Z,2026-08-17T18:48:05Z,
68.95.168.105,ipv4,malicious-ip,medium,WHITE,ziyadnz/hourly-ipv4,ziyadnz|hourly,2026-08-17T18:48:05Z,2026-08-17T18:48:05Z,
69.10.41.92,ipv4,malicious-ip,medium,WHITE,ziyadnz/hourly-ipv4,ziyadnz|hourly,2026-08-17T18:48:05Z,2026-08-17T18:48:05Z,
69.10.50.165,ipv4,malicious-ip,medium,WHITE,ziyadnz/hourly-ipv4,ziyadnz|hourly,2026-08-17T18:48:05Z,2026-08-17T18:48:05Z,
69.10.58.123,ipv4,malicious-ip,medium,WHITE,ziyadnz/hourly-ipv4,ziyadnz|hourly,2026-08-17T18:48:05Z,2026-08-17T18:48:05Z,
69.10.60.250,ipv4,malicious-ip,medium,WHITE,ziyadnz/hourly-ipv4,ziyadnz|hourly,2026-08-17T18:48:05Z,2026-08-17T18:48:05Z,
69.113.248.12,ipv4,malicious-ip,medium,WHITE,ziyadnz/hourly-ipv4,ziyadnz|hourly,2026-08-17T18:48:05Z,2026-08-17T18:48:05Z,
69.114.218.229,ipv4,malicious-ip,medium,WHITE,ziyadnz/hourly-ipv4,ziyadnz|hourly,2026-08-17T18:48:05Z,2026-08-17T18:48:05Z,
69.115.127.238,ipv4,malicious-ip,medium,WHITE,ziyadnz/hourly-ipv4,ziyadnz|hourly,2026-08-17T18:48:05Z,2026-08-17T18:48:05Z,
69.117.41.89,ipv4,malicious-ip,medium,WHITE,ziyadnz/hourly-ipv4,ziyadnz|hourly,2026-08-17T18:48:05Z,2026-08-17T18:48:05Z,
69.119.245.72,ipv4,malicious-ip,medium,WHITE,ziyadnz/hourly-ipv4,ziyadnz|hourly,2026-08-17T18:48:05Z,2026-08-17T18:48:05Z,
69.12.71.34,ipv4,malicious-ip,medium,WHITE,ziyadnz/hourly-ipv4,ziyadnz|hourly,2026-08-17T18:48:05Z,2026-08-17T18:48:05Z,
69.12.80.254,ipv4,malicious-ip,medium,WHITE,ziyadnz/hourly-ipv4,ziyadnz|hourly,2026-08-17T18:48:05Z,2026-08-17T18:48:05Z,
69.12.83.15,ipv4,malicious-ip,medium,WHITE,ziyadnz/hourly-ipv4,ziyadnz|hourly,2026-08-17T18:48:05Z,2026-08-17T18:48:05Z,
69.12.83.216,ipv4,malicious-ip,medium,WHITE,ziyadnz/hourly-ipv4,ziyadnz|hourly,2026-08-17T18:48:05Z,2026-08-17T18:48:05Z,
69.12.83.3,ipv4,malicious-ip,medium,WHITE,ziyadnz/hourly-ipv4,ziyadnz|hourly,2026-08-17T18:48:05Z,2026-08-17T18:48:05Z,
69.12.83.6,ipv4,malicious-ip,medium,WHITE,ziyadnz/hourly-ipv4,ziyadnz|hourly,2026-08-17T18:48:05Z,2026-08-17T18:48:05Z,
69.123.212.27,ipv4,malicious-ip,medium,WHITE,ziyadnz/hourly-ipv4,ziyadnz|hourly,2026-08-17T18:48:05Z,2026-08-17T18:48:05Z,
69.124.154.42,ipv4,malicious-ip,medium,WHITE,ziyadnz/hourly-ipv4,ziyadnz|hourly,2026-08-17T18:48:05Z,2026-08-17T18:48:05Z,
69.126.146.48,ipv4,malicious-ip,medium,WHITE,ziyadnz/hourly-ipv4,ziyadnz|hourly,2026-08-17T18:48:05Z,2026-08-17T18:48:05Z,
69.126.168.12,ipv4,malicious-ip,medium,WHITE,ziyadnz/hourly-ipv4,ziyadnz|hourly,2026-08-17T18:48:05Z,2026-08-17T18:48:05Z,
69.132.201.239,ipv4,malicious-ip,medium,WHITE,ziyadnz/hourly-ipv4,ziyadnz|hourly,2026-08-17T18:48:05Z,2026-08-17T18:48:05Z,
69.136.113.105,ipv4,malicious-ip,medium,WHITE,ziyadnz/hourly-ipv4,ziyadnz|hourly,2026-08-17T18:48:05Z,2026-08-17T18:48:05Z,
69.14.172.24,ipv4,malicious-ip,medium,WHITE,ziyadnz/hourly-ipv4,ziyadnz|hourly,2026-08-17T18:48:05Z,2026-08-17T18:48:05Z,
69.140.158.108,ipv4,malicious-ip,medium,WHITE,ziyadnz/hourly-ipv4,ziyadnz|hourly,2026-08-17T18:48:05Z,2026-08-17T18:48:05Z,
69.145.164.31,ipv4,malicious-ip,medium,WHITE,ziyadnz/hourly-ipv4,ziyadnz|hourly,2026-08-17T18:48:05Z,2026-08-17T18:48:05Z,
69.149.23.135,ipv4,malicious-ip,medium,WHITE,ziyadnz/hourly-ipv4,ziyadnz|hourly,2026-08-17T18:48:05Z,2026-08-17T18:48:05Z,
69.157.68.14,ipv4,malicious-ip,medium,WHITE,ziyadnz/hourly-ipv4,ziyadnz|hourly,2026-08-17T18:48:05Z,2026-08-17T18:48:05Z,
69.160.104.166,ipv4,malicious-ip,medium,WHITE,ziyadnz/hourly-ipv4,ziyadnz|hourly,2026-08-17T18:48:05Z,2026-08-17T18:48:05Z,
69.160.18.46,ipv4,malicious-ip,medium,WHITE,ziyadnz/hourly-ipv4,ziyadnz|hourly,2026-08-17T18:48:05Z,2026-08-17T18:48:05Z,
69.162.253.21,ipv4,malicious-ip,medium,WHITE,ziyadnz/hourly-ipv4,ziyadnz|hourly,2026-08-17T18:48:05Z,2026-08-17T18:48:05Z,
69.163.176.51,ipv4,malicious-ip,medium,WHITE,ziyadnz/hourly-ipv4,ziyadnz|hourly,2026-08-17T18:48:05Z,2026-08-17T18:48:05Z,
69.163.77.166,ipv4,malicious-ip,medium,WHITE,ziyadnz/hourly-ipv4,ziyadnz|hourly,2026-08-17T18:48:05Z,2026-08-17T18:48:05Z,
69.164.203.114,ipv4,malicious-ip,medium,WHITE,ziyadnz/hourly-ipv4,ziyadnz|hourly,2026-08-17T18:48:05Z,2026-08-17T18:48:05Z,
69.164.203.138,ipv4,malicious-ip,medium,WHITE,ziyadnz/hourly-ipv4,ziyadnz|hourly,2026-08-17T18:48:05Z,2026-08-17T18:48:05Z,
69.164.203.32,ipv4,malicious-ip,medium,WHITE,ziyadnz/hourly-ipv4,ziyadnz|hourly,2026-08-17T18:48:05Z,2026-08-17T18:48:05Z,
69.164.207.173,ipv4,malicious-ip,medium,WHITE,ziyadnz/hourly-ipv4,ziyadnz|hourly,2026-08-17T18:48:05Z,2026-08-17T18:48:05Z,
69.164.213.157,ipv4,malicious-ip,medium,WHITE,ziyadnz/hourly-ipv4,ziyadnz|hourly,2026-08-17T18:48:05Z,2026-08-17T18:48:05Z,
69.164.213.19,ipv4,malicious-ip,medium,WHITE,ziyadnz/hourly-ipv4,ziyadnz|hourly,2026-08-17T18:48:05Z,2026-08-17T18:48:05Z,
69.164.214.173,ipv4,malicious-ip,medium,WHITE,ziyadnz/hourly-ipv4,ziyadnz|hourly,2026-08-17T18:48:05Z,2026-08-17T18:48:05Z,
69.164.214.243,ipv4,malicious-ip,medium,WHITE,ziyadnz/hourly-ipv4,ziyadnz|hourly,2026-08-17T18:48:05Z,2026-08-17T18:48:05Z,
69.164.216.190,ipv4,malicious-ip,medium,WHITE,ziyadnz/hourly-ipv4,ziyadnz|hourly,2026-08-17T18:48:05Z,2026-08-17T18:48:05Z,
69.164.219.36,ipv4,malicious-ip,medium,WHITE,ziyadnz/hourly-ipv4,ziyadnz|hourly,2026-08-17T18:48:05Z,2026-08-17T18:48:05Z,
69.164.247.139,ipv4,malicious-ip,medium,WHITE,ziyadnz/hourly-ipv4,ziyadnz|hourly,2026-08-17T18:48:05Z,2026-08-17T18:48:05Z,
69.165.41.224,ipv4,malicious-ip,medium,WHITE,ziyadnz/hourly-ipv4,ziyadnz|hourly,2026-08-17T18:48:05Z,2026-08-17T18:48:05Z,
69.169.109.96,ipv4,malicious-ip,medium,WHITE,ziyadnz/hourly-ipv4,ziyadnz|hourly,2026-08-17T18:48:05Z,2026-08-17T18:48:05Z,
69.169.111.42,ipv4,malicious-ip,medium,WHITE,ziyadnz/hourly-ipv4,ziyadnz|hourly,2026-08-17T18:48:05Z,2026-08-17T18:48:05Z,
69.169.99.167,ipv4,malicious-ip,medium,WHITE,ziyadnz/hourly-ipv4,ziyadnz|hourly,2026-08-17T18:48:05Z,2026-08-17T18:48:05Z,
69.17.18.0,ipv4,malicious-ip,medium,WHITE,ziyadnz/hourly-ipv4,ziyadnz|hourly,2026-08-17T18:48:05Z,2026-08-17T18:48:05Z,
69.17.18.11,ipv4,malicious-ip,medium,WHITE,ziyadnz/hourly-ipv4,ziyadnz|hourly,2026-08-17T18:48:05Z,2026-08-17T18:48:05Z,
69.17.18.123,ipv4,malicious-ip,medium,WHITE,ziyadnz/hourly-ipv4,ziyadnz|hourly,2026-08-17T18:48:05Z,2026-08-17T18:48:05Z,
69.17.18.129,ipv4,malicious-ip,medium,WHITE,ziyadnz/hourly-ipv4,ziyadnz|hourly,2026-08-17T18:48:05Z,2026-08-17T18:48:05Z,
69.17.18.130,ipv4,malicious-ip,medium,WHITE,ziyadnz/hourly-ipv4,ziyadnz|hourly,2026-08-17T18:48:05Z,2026-08-17T18:48:05Z,
69.17.18.147,ipv4,malicious-ip,medium,WHITE,ziyadnz/hourly-ipv4,ziyadnz|hourly,2026-08-17T18:48:05Z,2026-08-17T18:48:05Z,
69.17.18.149,ipv4,malicious-ip,medium,WHITE,ziyadnz/hourly-ipv4,ziyadnz|hourly,2026-08-17T18:48:05Z,2026-08-17T18:48:05Z,
69.17.18.162,ipv4,malicious-ip,medium,WHITE,ziyadnz/hourly-ipv4,ziyadnz|hourly,2026-08-17T18:48:05Z,2026-08-17T18:48:05Z,
69.17.18.17,ipv4,malicious-ip,medium,WHITE,ziyadnz/hourly-ipv4,ziyadnz|hourly,2026-08-17T18:48:05Z,2026-08-17T18:48:05Z,
69.17.18.187,ipv4,malicious-ip,medium,WHITE,ziyadnz/hourly-ipv4,ziyadnz|hourly,2026-08-17T18:48:05Z,2026-08-17T18:48:05Z,
69.17.18.198,ipv4,malicious-ip,medium,WHITE,ziyadnz/hourly-ipv4,ziyadnz|hourly,2026-08-17T18:48:05Z,2026-08-17T18:48:05Z,
69.17.18.2,ipv4,malicious-ip,medium,WHITE,ziyadnz/hourly-ipv4,ziyadnz|hourly,2026-08-17T18:48:05Z,2026-08-17T18:48:05Z,
69.17.18.20,ipv4,malicious-ip,medium,WHITE,ziyadnz/hourly-ipv4,ziyadnz|hourly,2026-08-17T18:48:05Z,2026-08-17T18:48:05Z,
69.17.18.206,ipv4,malicious-ip,medium,WHITE,ziyadnz/hourly-ipv4,ziyadnz|hourly,2026-08-17T18:48:05Z,2026-08-17T18:48:05Z,
69.17.18.211,ipv4,malicious-ip,medium,WHITE,ziyadnz/hourly-ipv4,ziyadnz|hourly,2026-08-17T18:48:05Z,2026-08-17T18:48:05Z,
69.17.18.226,ipv4,malicious-ip,medium,WHITE,ziyadnz/hourly-ipv4,ziyadnz|hourly,2026-08-17T18:48:05Z,2026-08-17T18:48:05Z,
69.17.18.228,ipv4,malicious-ip,medium,WHITE,ziyadnz/hourly-ipv4,ziyadnz|hourly,2026-08-17T18:48:05Z,2026-08-17T18:48:05Z,
69.17.18.245,ipv4,malicious-ip,medium,WHITE,ziyadnz/hourly-ipv4,ziyadnz|hourly,2026-08-17T18:48:05Z,2026-08-17T18:48:05Z,
69.17.18.27,ipv4,malicious-ip,medium,WHITE,ziyadnz/hourly-ipv4,ziyadnz|hourly,2026-08-17T18:48:05Z,2026-08-17T18:48:05Z,
69.17.18.33,ipv4,malicious-ip,medium,WHITE,ziyadnz/hourly-ipv4,ziyadnz|hourly,2026-08-17T18:48:05Z,2026-08-17T18:48:05Z,
69.17.18.42,ipv4,malicious-ip,medium,WHITE,ziyadnz/hourly-ipv4,ziyadnz|hourly,2026-08-17T18:48:05Z,2026-08-17T18:48:05Z,
69.17.18.53,ipv4,malicious-ip,medium,WHITE,ziyadnz/hourly-ipv4,ziyadnz|hourly,2026-08-17T18:48:05Z,2026-08-17T18:48:05Z,
69.17.18.94,ipv4,malicious-ip,medium,WHITE,ziyadnz/hourly-ipv4,ziyadnz|hourly,2026-08-17T18:48:05Z,2026-08-17T18:48:05Z,
69.17.18.96,ipv4,malicious-ip,medium,WHITE,ziyadnz/hourly-ipv4,ziyadnz|hourly,2026-08-17T18:48:05Z,2026-08-17T18:48:05Z,
69.17.19.0,ipv4,malicious-ip,medium,WHITE,ziyadnz/hourly-ipv4,ziyadnz|hourly,2026-08-17T18:48:05Z,2026-08-17T18:48:05Z,
69.17.19.110,ipv4,malicious-ip,medium,WHITE,ziyadnz/hourly-ipv4,ziyadnz|hourly,2026-08-17T18:48:05Z,2026-08-17T18:48:05Z,
69.17.19.13,ipv4,malicious-ip,medium,WHITE,ziyadnz/hourly-ipv4,ziyadnz|hourly,2026-08-17T18:48:05Z,2026-08-17T18:48:05Z,
69.17.19.133,ipv4,malicious-ip,medium,WHITE,ziyadnz/hourly-ipv4,ziyadnz|hourly,2026-08-17T18:48:05Z,2026-08-17T18:48:05Z,
69.17.19.139,ipv4,malicious-ip,medium,WHITE,ziyadnz/hourly-ipv4,ziyadnz|hourly,2026-08-17T18:48:05Z,2026-08-17T18:48:05Z,
69.17.19.15,ipv4,malicious-ip,medium,WHITE,ziyadnz/hourly-ipv4,ziyadnz|hourly,2026-08-17T18:48:05Z,2026-08-17T18:48:05Z,
69.17.19.154,ipv4,malicious-ip,medium,WHITE,ziyadnz/hourly-ipv4,ziyadnz|hourly,2026-08-17T18:48:05Z,2026-08-17T18:48:05Z,
69.17.19.159,ipv4,malicious-ip,medium,WHITE,ziyadnz/hourly-ipv4,ziyadnz|hourly,2026-08-17T18:48:05Z,2026-08-17T18:48:05Z,
69.17.19.167,ipv4,malicious-ip,medium,WHITE,ziyadnz/hourly-ipv4,ziyadnz|hourly,2026-08-17T18:48:05Z,2026-08-17T18:48:05Z,
69.17.19.171,ipv4,malicious-ip,medium,WHITE,ziyadnz/hourly-ipv4,ziyadnz|hourly,2026-08-17T18:48:05Z,2026-08-17T18:48:05Z,
69.17.19.186,ipv4,malicious-ip,medium,WHITE,ziyadnz/hourly-ipv4,ziyadnz|hourly,2026-08-17T18:48:05Z,2026-08-17T18:48:05Z,
69.17.19.196,ipv4,malicious-ip,medium,WHITE,ziyadnz/hourly-ipv4,ziyadnz|hourly,2026-08-17T18:48:05Z,2026-08-17T18:48:05Z,
69.17.19.207,ipv4,malicious-ip,medium,WHITE,ziyadnz/hourly-ipv4,ziyadnz|hourly,2026-08-17T18:48:05Z,2026-08-17T18:48:05Z,
69.17.19.210,ipv4,malicious-ip,medium,WHITE,ziyadnz/hourly-ipv4,ziyadnz|hourly,2026-08-17T18:48:05Z,2026-08-17T18:48:05Z,
69.17.19.214,ipv4,malicious-ip,medium,WHITE,ziyadnz/hourly-ipv4,ziyadnz|hourly,2026-08-17T18:48:05Z,2026-08-17T18:48:05Z,
69.17.19.223,ipv4,malicious-ip,medium,WHITE,ziyadnz/hourly-ipv4,ziyadnz|hourly,2026-08-17T18:48:05Z,2026-08-17T18:48:05Z,
69.17.19.247,ipv4,malicious-ip,medium,WHITE,ziyadnz/hourly-ipv4,ziyadnz|hourly,2026-08-17T18:48:05Z,2026-08-17T18:48:05Z,
69.17.19.29,ipv4,malicious-ip,medium,WHITE,ziyadnz/hourly-ipv4,ziyadnz|hourly,2026-08-17T18:48:05Z,2026-08-17T18:48:05Z,
69.17.19.96,ipv4,malicious-ip,medium,WHITE,ziyadnz/hourly-ipv4,ziyadnz|hourly,2026-08-17T18:48:05Z,2026-08-17T18:48:05Z,
69.172.75.177,ipv4,malicious-ip,medium,WHITE,ziyadnz/hourly-ipv4,ziyadnz|hourly,2026-08-17T18:48:05Z,2026-08-17T18:48:05Z,
69.173.134.204,ipv4,malicious-ip,medium,WHITE,ziyadnz/hourly-ipv4,ziyadnz|hourly,2026-08-17T18:48:05Z,2026-08-17T18:48:05Z,
69.175.42.65,ipv4,malicious-ip,medium,WHITE,ziyadnz/hourly-ipv4,ziyadnz|hourly,2026-08-17T18:48:05Z,2026-08-17T18:48:05Z,
69.176.171.169,ipv4,malicious-ip,medium,WHITE,ziyadnz/hourly-ipv4,ziyadnz|hourly,2026-08-17T18:48:05Z,2026-08-17T18:48:05Z,
69.19.137.8,ipv4,malicious-ip,medium,WHITE,ziyadnz/hourly-ipv4,ziyadnz|hourly,2026-08-17T18:48:05Z,2026-08-17T18:48:05Z,
69.197.220.192,ipv4,malicious-ip,medium,WHITE,ziyadnz/hourly-ipv4,ziyadnz|hourly,2026-08-17T18:48:05Z,2026-08-17T18:48:05Z,
69.200.47.156,ipv4,malicious-ip,medium,WHITE,ziyadnz/hourly-ipv4,ziyadnz|hourly,2026-08-17T18:48:05Z,2026-08-17T18:48:05Z,
69.200.48.139,ipv4,malicious-ip,medium,WHITE,ziyadnz/hourly-ipv4,ziyadnz|hourly,2026-08-17T18:48:05Z,2026-08-17T18:48:05Z,
69.206.3.220,ipv4,malicious-ip,medium,WHITE,ziyadnz/hourly-ipv4,ziyadnz|hourly,2026-08-17T18:48:05Z,2026-08-17T18:48:05Z,
69.207.50.169,ipv4,malicious-ip,medium,WHITE,ziyadnz/hourly-ipv4,ziyadnz|hourly,2026-08-17T18:48:05Z,2026-08-17T18:48:05Z,
69.219.106.30,ipv4,malicious-ip,medium,WHITE,ziyadnz/hourly-ipv4,ziyadnz|hourly,2026-08-17T18:48:05Z,2026-08-17T18:48:05Z,
69.229.227.44,ipv4,malicious-ip,medium,WHITE,ziyadnz/hourly-ipv4,ziyadnz|hourly,2026-08-17T18:48:05Z,2026-08-17T18:48:05Z,
69.230.232.28,ipv4,malicious-ip,medium,WHITE,ziyadnz/hourly-ipv4,ziyadnz|hourly,2026-08-17T18:48:05Z,2026-08-17T18:48:05Z,
69.231.95.249,ipv4,malicious-ip,medium,WHITE,ziyadnz/hourly-ipv4,ziyadnz|hourly,2026-08-17T18:48:05Z,2026-08-17T18:48:05Z,
69.243.107.183,ipv4,malicious-ip,medium,WHITE,ziyadnz/hourly-ipv4,ziyadnz|hourly,2026-08-17T18:48:05Z,2026-08-17T18:48:05Z,
69.244.160.214,ipv4,malicious-ip,medium,WHITE,ziyadnz/hourly-ipv4,ziyadnz|hourly,2026-08-17T18:48:05Z,2026-08-17T18:48:05Z,
69.244.27.193,ipv4,malicious-ip,medium,WHITE,ziyadnz/hourly-ipv4,ziyadnz|hourly,2026-08-17T18:48:05Z,2026-08-17T18:48:05Z,
69.248.130.75,ipv4,malicious-ip,medium,WHITE,ziyadnz/hourly-ipv4,ziyadnz|hourly,2026-08-17T18:48:05Z,2026-08-17T18:48:05Z,
69.248.97.77,ipv4,malicious-ip,medium,WHITE,ziyadnz/hourly-ipv4,ziyadnz|hourly,2026-08-17T18:48:05Z,2026-08-17T18:48:05Z,
69.25.10.119,ipv4,malicious-ip,medium,WHITE,ziyadnz/hourly-ipv4,ziyadnz|hourly,2026-08-17T18:48:05Z,2026-08-17T18:48:05Z,
69.25.4.1,ipv4,malicious-ip,medium,WHITE,ziyadnz/hourly-ipv4,ziyadnz|hourly,2026-08-17T18:48:05Z,2026-08-17T18:48:05Z,
69.255.214.17,ipv4,malicious-ip,medium,WHITE,ziyadnz/hourly-ipv4,ziyadnz|hourly,2026-08-17T18:48:05Z,2026-08-17T18:48:05Z,
69.255.43.93,ipv4,malicious-ip,medium,WHITE,ziyadnz/hourly-ipv4,ziyadnz|hourly,2026-08-17T18:48:05Z,2026-08-17T18:48:05Z,
69.31.157.167,ipv4,malicious-ip,medium,WHITE,ziyadnz/hourly-ipv4,ziyadnz|hourly,2026-08-17T18:48:05Z,2026-08-17T18:48:05Z,
69.40.191.52,ipv4,malicious-ip,medium,WHITE,ziyadnz/hourly-ipv4,ziyadnz|hourly,2026-08-17T18:48:05Z,2026-08-17T18:48:05Z,
69.48.204.144,ipv4,malicious-ip,medium,WHITE,ziyadnz/hourly-ipv4,ziyadnz|hourly,2026-08-17T18:48:05Z,2026-08-17T18:48:05Z,
69.48.205.242,ipv4,malicious-ip,medium,WHITE,ziyadnz/hourly-ipv4,ziyadnz|hourly,2026-08-17T18:48:05Z,2026-08-17T18:48:05Z,
69.48.206.4,ipv4,malicious-ip,medium,WHITE,ziyadnz/hourly-ipv4,ziyadnz|hourly,2026-08-17T18:48:05Z,2026-08-17T18:48:05Z,
69.5.169.0,ipv4,malicious-ip,medium,WHITE,ziyadnz/hourly-ipv4,ziyadnz|hourly,2026-08-17T18:48:05Z,2026-08-17T18:48:05Z,
69.5.169.10,ipv4,malicious-ip,medium,WHITE,ziyadnz/hourly-ipv4,ziyadnz|hourly,2026-08-17T18:48:05Z,2026-08-17T18:48:05Z,
69.5.169.100,ipv4,malicious-ip,medium,WHITE,ziyadnz/hourly-ipv4,ziyadnz|hourly,2026-08-17T18:48:05Z,2026-08-17T18:48:05Z,
69.5.169.101,ipv4,malicious-ip,medium,WHITE,ziyadnz/hourly-ipv4,ziyadnz|hourly,2026-08-17T18:48:05Z,2026-08-17T18:48:05Z,
69.5.169.102,ipv4,malicious-ip,medium,WHITE,ziyadnz/hourly-ipv4,ziyadnz|hourly,2026-08-17T18:48:05Z,2026-08-17T18:48:05Z,
69.5.169.103,ipv4,malicious-ip,medium,WHITE,ziyadnz/hourly-ipv4,ziyadnz|hourly,2026-08-17T18:48:05Z,2026-08-17T18:48:05Z,
69.5.169.104,ipv4,malicious-ip,medium,WHITE,ziyadnz/hourly-ipv4,ziyadnz|hourly,2026-08-17T18:48:05Z,2026-08-17T18:48:05Z,
69.5.169.105,ipv4,malicious-ip,medium,WHITE,ziyadnz/hourly-ipv4,ziyadnz|hourly,2026-08-17T18:48:05Z,2026-08-17T18:48:05Z,
69.5.169.106,ipv4,malicious-ip,medium,WHITE,ziyadnz/hourly-ipv4,ziyadnz|hourly,2026-08-17T18:48:05Z,2026-08-17T18:48:05Z,
69.5.169.107,ipv4,malicious-ip,medium,WHITE,ziyadnz/hourly-ipv4,ziyadnz|hourly,2026-08-17T18:48:05Z,2026-08-17T18:48:05Z,
69.5.169.108,ipv4,malicious-ip,medium,WHITE,ziyadnz/hourly-ipv4,ziyadnz|hourly,2026-08-17T18:48:05Z,2026-08-17T18:48:05Z,
69.5.169.109,ipv4,malicious-ip,medium,WHITE,ziyadnz/hourly-ipv4,ziyadnz|hourly,2026-08-17T18:48:05Z,2026-08-17T18:48:05Z,
69.5.169.11,ipv4,malicious-ip,medium,WHITE,ziyadnz/hourly-ipv4,ziyadnz|hourly,2026-08-17T18:48:05Z,2026-08-17T18:48:05Z,
69.5.169.110,ipv4,malicious-ip,medium,WHITE,ziyadnz/hourly-ipv4,ziyadnz|hourly,2026-08-17T18:48:05Z,2026-08-17T18:48:05Z,
69.5.169.111,ipv4,malicious-ip,medium,WHITE,ziyadnz/hourly-ipv4,ziyadnz|hourly,2026-08-17T18:48:05Z,2026-08-17T18:48:05Z,
69.5.169.112,ipv4,malicious-ip,medium,WHITE,ziyadnz/hourly-ipv4,ziyadnz|hourly,2026-08-17T18:48:05Z,2026-08-17T18:48:05Z,
69.5.169.113,ipv4,malicious-ip,medium,WHITE,ziyadnz/hourly-ipv4,ziyadnz|hourly,2026-08-17T18:48:05Z,2026-08-17T18:48:05Z,
69.5.169.114,ipv4,malicious-ip,medium,WHITE,ziyadnz/hourly-ipv4,ziyadnz|hourly,2026-08-17T18:48:05Z,2026-08-17T18:48:05Z,
69.5.169.115,ipv4,malicious-ip,medium,WHITE,ziyadnz/hourly-ipv4,ziyadnz|hourly,2026-08-17T18:48:05Z,2026-08-17T18:48:05Z,
69.5.169.116,ipv4,malicious-ip,medium,WHITE,ziyadnz/hourly-ipv4,ziyadnz|hourly,2026-08-17T18:48:05Z,2026-08-17T18:48:05Z,
69.5.169.117,ipv4,malicious-ip,medium,WHITE,ziyadnz/hourly-ipv4,ziyadnz|hourly,2026-08-17T18:48:05Z,2026-08-17T18:48:05Z,
69.5.169.118,ipv4,malicious-ip,medium,WHITE,ziyadnz/hourly-ipv4,ziyadnz|hourly,2026-08-17T18:48:05Z,2026-08-17T18:48:05Z,
69.5.169.119,ipv4,malicious-ip,medium,WHITE,ziyadnz/hourly-ipv4,ziyadnz|hourly,2026-08-17T18:48:05Z,2026-08-17T18:48:05Z,
69.5.169.12,ipv4,malicious-ip,medium,WHITE,ziyadnz/hourly-ipv4,ziyadnz|hourly,2026-08-17T18:48:05Z,2026-08-17T18:48:05Z,
69.5.169.120,ipv4,malicious-ip,medium,WHITE,ziyadnz/hourly-ipv4,ziyadnz|hourly,2026-08-17T18:48:05Z,2026-08-17T18:48:05Z,
69.5.169.121,ipv4,malicious-ip,medium,WHITE,ziyadnz/hourly-ipv4,ziyadnz|hourly,2026-08-17T18:48:05Z,2026-08-17T18:48:05Z,
69.5.169.122,ipv4,malicious-ip,medium,WHITE,ziyadnz/hourly-ipv4,ziyadnz|hourly,2026-08-17T18:48:05Z,2026-08-17T18:48:05Z,
69.5.169.123,ipv4,malicious-ip,medium,WHITE,ziyadnz/hourly-ipv4,ziyadnz|hourly,2026-08-17T18:48:05Z,2026-08-17T18:48:05Z,
69.5.169.124,ipv4,malicious-ip,medium,WHITE,ziyadnz/hourly-ipv4,ziyadnz|hourly,2026-08-17T18:48:05Z,2026-08-17T18:48:05Z,
69.5.169.125,ipv4,malicious-ip,medium,WHITE,ziyadnz/hourly-ipv4,ziyadnz|hourly,2026-08-17T18:48:05Z,2026-08-17T18:48:05Z,
69.5.169.126,ipv4,malicious-ip,medium,WHITE,ziyadnz/hourly-ipv4,ziyadnz|hourly,2026-08-17T18:48:05Z,2026-08-17T18:48:05Z,
69.5.169.127,ipv4,malicious-ip,medium,WHITE,ziyadnz/hourly-ipv4,ziyadnz|hourly,2026-08-17T18:48:05Z,2026-08-17T18:48:05Z,
69.5.169.128,ipv4,malicious-ip,medium,WHITE,ziyadnz/hourly-ipv4,ziyadnz|hourly,2026-08-17T18:48:05Z,2026-08-17T18:48:05Z,
69.5.169.129,ipv4,malicious-ip,medium,WHITE,ziyadnz/hourly-ipv4,ziyadnz|hourly,2026-08-17T18:48:05Z,2026-08-17T18:48:05Z,
69.5.169.13,ipv4,malicious-ip,medium,WHITE,ziyadnz/hourly-ipv4,ziyadnz|hourly,2026-08-17T18:48:05Z,2026-08-17T18:48:05Z,
69.5.169.130,ipv4,malicious-ip,medium,WHITE,ziyadnz/hourly-ipv4,ziyadnz|hourly,2026-08-17T18:48:05Z,2026-08-17T18:48:05Z,
69.5.169.131,ipv4,malicious-ip,medium,WHITE,ziyadnz/hourly-ipv4,ziyadnz|hourly,2026-08-17T18:48:05Z,2026-08-17T18:48:05Z,
69.5.169.132,ipv4,malicious-ip,medium,WHITE,ziyadnz/hourly-ipv4,ziyadnz|hourly,2026-08-17T18:48:05Z,2026-08-17T18:48:05Z,
69.5.169.133,ipv4,malicious-ip,medium,WHITE,ziyadnz/hourly-ipv4,ziyadnz|hourly,2026-08-17T18:48:05Z,2026-08-17T18:48:05Z,
69.5.169.134,ipv4,malicious-ip,medium,WHITE,ziyadnz/hourly-ipv4,ziyadnz|hourly,2026-08-17T18:48:05Z,2026-08-17T18:48:05Z,
69.5.169.135,ipv4,malicious-ip,medium,WHITE,ziyadnz/hourly-ipv4,ziyadnz|hourly,2026-08-17T18:48:05Z,2026-08-17T18:48:05Z,
69.5.169.136,ipv4,malicious-ip,medium,WHITE,ziyadnz/hourly-ipv4,ziyadnz|hourly,2026-08-17T18:48:05Z,2026-08-17T18:48:05Z,
69.5.169.137,ipv4,malicious-ip,medium,WHITE,ziyadnz/hourly-ipv4,ziyadnz|hourly,2026-08-17T18:48:05Z,2026-08-17T18:48:05Z,
69.5.169.138,ipv4,malicious-ip,medium,WHITE,ziyadnz/hourly-ipv4,ziyadnz|hourly,2026-08-17T18:48:05Z,2026-08-17T18:48:05Z,
69.5.169.139,ipv4,malicious-ip,medium,WHITE,ziyadnz/hourly-ipv4,ziyadnz|hourly,2026-08-17T18:48:05Z,2026-08-17T18:48:05Z,
69.5.169.14,ipv4,malicious-ip,medium,WHITE,ziyadnz/hourly-ipv4,ziyadnz|hourly,2026-08-17T18:48:05Z,2026-08-17T18:48:05Z,
69.5.169.141,ipv4,malicious-ip,medium,WHITE,ziyadnz/hourly-ipv4,ziyadnz|hourly,2026-08-17T18:48:05Z,2026-08-17T18:48:05Z,
69.5.169.142,ipv4,malicious-ip,medium,WHITE,ziyadnz/hourly-ipv4,ziyadnz|hourly,2026-08-17T18:48:05Z,2026-08-17T18:48:05Z,
69.5.169.143,ipv4,malicious-ip,medium,WHITE,ziyadnz/hourly-ipv4,ziyadnz|hourly,2026-08-17T18:48:05Z,2026-08-17T18:48:05Z,
69.5.169.144,ipv4,malicious-ip,medium,WHITE,ziyadnz/hourly-ipv4,ziyadnz|hourly,2026-08-17T18:48:05Z,2026-08-17T18:48:05Z,
69.5.169.145,ipv4,malicious-ip,medium,WHITE,ziyadnz/hourly-ipv4,ziyadnz|hourly,2026-08-17T18:48:05Z,2026-08-17T18:48:05Z,
69.5.169.146,ipv4,malicious-ip,medium,WHITE,ziyadnz/hourly-ipv4,ziyadnz|hourly,2026-08-17T18:48:05Z,2026-08-17T18:48:05Z,
69.5.169.147,ipv4,malicious-ip,medium,WHITE,ziyadnz/hourly-ipv4,ziyadnz|hourly,2026-08-17T18:48:05Z,2026-08-17T18:48:05Z,
69.5.169.148,ipv4,malicious-ip,medium,WHITE,ziyadnz/hourly-ipv4,ziyadnz|hourly,2026-08-17T18:48:05Z,2026-08-17T18:48:05Z,
69.5.169.149,ipv4,malicious-ip,medium,WHITE,ziyadnz/hourly-ipv4,ziyadnz|hourly,2026-08-17T18:48:05Z,2026-08-17T18:48:05Z,
69.5.169.15,ipv4,malicious-ip,medium,WHITE,ziyadnz/hourly-ipv4,ziyadnz|hourly,2026-08-17T18:48:05Z,2026-08-17T18:48:05Z,
69.5.169.150,ipv4,malicious-ip,medium,WHITE,ziyadnz/hourly-ipv4,ziyadnz|hourly,2026-08-17T18:48:05Z,2026-08-17T18:48:05Z,
69.5.169.151,ipv4,malicious-ip,medium,WHITE,ziyadnz/hourly-ipv4,ziyadnz|hourly,2026-08-17T18:48:05Z,2026-08-17T18:48:05Z,
69.5.169.152,ipv4,malicious-ip,medium,WHITE,ziyadnz/hourly-ipv4,ziyadnz|hourly,2026-08-17T18:48:05Z,2026-08-17T18:48:05Z,
69.5.169.153,ipv4,malicious-ip,medium,WHITE,ziyadnz/hourly-ipv4,ziyadnz|hourly,2026-08-17T18:48:05Z,2026-08-17T18:48:05Z,
69.5.169.154,ipv4,malicious-ip,medium,WHITE,ziyadnz/hourly-ipv4,ziyadnz|hourly,2026-08-17T18:48:05Z,2026-08-17T18:48:05Z,
69.5.169.155,ipv4,malicious-ip,medium,WHITE,ziyadnz/hourly-ipv4,ziyadnz|hourly,2026-08-17T18:48:05Z,2026-08-17T18:48:05Z,
69.5.169.156,ipv4,malicious-ip,medium,WHITE,ziyadnz/hourly-ipv4,ziyadnz|hourly,2026-08-17T18:48:05Z,2026-08-17T18:48:05Z,
69.5.169.157,ipv4,malicious-ip,medium,WHITE,ziyadnz/hourly-ipv4,ziyadnz|hourly,2026-08-17T18:48:05Z,2026-08-17T18:48:05Z,
69.5.169.158,ipv4,malicious-ip,medium,WHITE,ziyadnz/hourly-ipv4,ziyadnz|hourly,2026-08-17T18:48:05Z,2026-08-17T18:48:05Z,
69.5.169.159,ipv4,malicious-ip,medium,WHITE,ziyadnz/hourly-ipv4,ziyadnz|hourly,2026-08-17T18:48:05Z,2026-08-17T18:48:05Z,
69.5.169.16,ipv4,malicious-ip,medium,WHITE,ziyadnz/hourly-ipv4,ziyadnz|hourly,2026-08-17T18:48:05Z,2026-08-17T18:48:05Z,
69.5.169.160,ipv4,malicious-ip,medium,WHITE,ziyadnz/hourly-ipv4,ziyadnz|hourly,2026-08-17T18:48:05Z,2026-08-17T18:48:05Z,
69.5.169.161,ipv4,malicious-ip,medium,WHITE,ziyadnz/hourly-ipv4,ziyadnz|hourly,2026-08-17T18:48:05Z,2026-08-17T18:48:05Z,
69.5.169.162,ipv4,malicious-ip,medium,WHITE,ziyadnz/hourly-ipv4,ziyadnz|hourly,2026-08-17T18:48:05Z,2026-08-17T18:48:05Z,
69.5.169.163,ipv4,malicious-ip,medium,WHITE,ziyadnz/hourly-ipv4,ziyadnz|hourly,2026-08-17T18:48:05Z,2026-08-17T18:48:05Z,
69.5.169.164,ipv4,malicious-ip,medium,WHITE,ziyadnz/hourly-ipv4,ziyadnz|hourly,2026-08-17T18:48:05Z,2026-08-17T18:48:05Z,
69.5.169.165,ipv4,malicious-ip,medium,WHITE,ziyadnz/hourly-ipv4,ziyadnz|hourly,2026-08-17T18:48:05Z,2026-08-17T18:48:05Z,
69.5.169.166,ipv4,malicious-ip,medium,WHITE,ziyadnz/hourly-ipv4,ziyadnz|hourly,2026-08-17T18:48:05Z,2026-08-17T18:48:05Z,
69.5.169.167,ipv4,malicious-ip,medium,WHITE,ziyadnz/hourly-ipv4,ziyadnz|hourly,2026-08-17T18:48:05Z,2026-08-17T18:48:05Z,
69.5.169.168,ipv4,malicious-ip,medium,WHITE,ziyadnz/hourly-ipv4,ziyadnz|hourly,2026-08-17T18:48:05Z,2026-08-17T18:48:05Z,
69.5.169.169,ipv4,malicious-ip,medium,WHITE,ziyadnz/hourly-ipv4,ziyadnz|hourly,2026-08-17T18:48:05Z,2026-08-17T18:48:05Z,
69.5.169.17,ipv4,malicious-ip,medium,WHITE,ziyadnz/hourly-ipv4,ziyadnz|hourly,2026-08-17T18:48:05Z,2026-08-17T18:48:05Z,
69.5.169.170,ipv4,malicious-ip,medium,WHITE,ziyadnz/hourly-ipv4,ziyadnz|hourly,2026-08-17T18:48:05Z,2026-08-17T18:48:05Z,
69.5.169.171,ipv4,malicious-ip,medium,WHITE,ziyadnz/hourly-ipv4,ziyadnz|hourly,2026-08-17T18:48:05Z,2026-08-17T18:48:05Z,
69.5.169.172,ipv4,malicious-ip,medium,WHITE,ziyadnz/hourly-ipv4,ziyadnz|hourly,2026-08-17T18:48:05Z,2026-08-17T18:48:05Z,
69.5.169.173,ipv4,malicious-ip,medium,WHITE,ziyadnz/hourly-ipv4,ziyadnz|hourly,2026-08-17T18:48:05Z,2026-08-17T18:48:05Z,
69.5.169.174,ipv4,malicious-ip,medium,WHITE,ziyadnz/hourly-ipv4,ziyadnz|hourly,2026-08-17T18:48:05Z,2026-08-17T18:48:05Z,
69.5.169.175,ipv4,malicious-ip,medium,WHITE,ziyadnz/hourly-ipv4,ziyadnz|hourly,2026-08-17T18:48:05Z,2026-08-17T18:48:05Z,
69.5.169.176,ipv4,malicious-ip,medium,WHITE,ziyadnz/hourly-ipv4,ziyadnz|hourly,2026-08-17T18:48:05Z,2026-08-17T18:48:05Z,
69.5.169.177,ipv4,malicious-ip,medium,WHITE,ziyadnz/hourly-ipv4,ziyadnz|hourly,2026-08-17T18:48:05Z,2026-08-17T18:48:05Z,
69.5.169.178,ipv4,malicious-ip,medium,WHITE,ziyadnz/hourly-ipv4,ziyadnz|hourly,2026-08-17T18:48:05Z,2026-08-17T18:48:05Z,
69.5.169.179,ipv4,malicious-ip,medium,WHITE,ziyadnz/hourly-ipv4,ziyadnz|hourly,2026-08-17T18:48:05Z,2026-08-17T18:48:05Z,
69.5.169.18,ipv4,malicious-ip,medium,WHITE,ziyadnz/hourly-ipv4,ziyadnz|hourly,2026-08-17T18:48:05Z,2026-08-17T18:48:05Z,
69.5.169.180,ipv4,malicious-ip,medium,WHITE,ziyadnz/hourly-ipv4,ziyadnz|hourly,2026-08-17T18:48:05Z,2026-08-17T18:48:05Z,
69.5.169.181,ipv4,malicious-ip,medium,WHITE,ziyadnz/hourly-ipv4,ziyadnz|hourly,2026-08-17T18:48:05Z,2026-08-17T18:48:05Z,
69.5.169.182,ipv4,malicious-ip,medium,WHITE,ziyadnz/hourly-ipv4,ziyadnz|hourly,2026-08-17T18:48:05Z,2026-08-17T18:48:05Z,
69.5.169.183,ipv4,malicious-ip,medium,WHITE,ziyadnz/hourly-ipv4,ziyadnz|hourly,2026-08-17T18:48:05Z,2026-08-17T18:48:05Z,
69.5.169.184,ipv4,malicious-ip,medium,WHITE,ziyadnz/hourly-ipv4,ziyadnz|hourly,2026-08-17T18:48:05Z,2026-08-17T18:48:05Z,
69.5.169.185,ipv4,malicious-ip,medium,WHITE,ziyadnz/hourly-ipv4,ziyadnz|hourly,2026-08-17T18:48:05Z,2026-08-17T18:48:05Z,
69.5.169.186,ipv4,malicious-ip,medium,WHITE,ziyadnz/hourly-ipv4,ziyadnz|hourly,2026-08-17T18:48:05Z,2026-08-17T18:48:05Z,
69.5.169.187,ipv4,malicious-ip,medium,WHITE,ziyadnz/hourly-ipv4,ziyadnz|hourly,2026-08-17T18:48:05Z,2026-08-17T18:48:05Z,
69.5.169.188,ipv4,malicious-ip,medium,WHITE,ziyadnz/hourly-ipv4,ziyadnz|hourly,2026-08-17T18:48:05Z,2026-08-17T18:48:05Z,
69.5.169.189,ipv4,malicious-ip,medium,WHITE,ziyadnz/hourly-ipv4,ziyadnz|hourly,2026-08-17T18:48:05Z,2026-08-17T18:48:05Z,
69.5.169.19,ipv4,malicious-ip,medium,WHITE,ziyadnz/hourly-ipv4,ziyadnz|hourly,2026-08-17T18:48:05Z,2026-08-17T18:48:05Z,
69.5.169.190,ipv4,malicious-ip,medium,WHITE,ziyadnz/hourly-ipv4,ziyadnz|hourly,2026-08-17T18:48:05Z,2026-08-17T18:48:05Z,
69.5.169.191,ipv4,malicious-ip,medium,WHITE,ziyadnz/hourly-ipv4,ziyadnz|hourly,2026-08-17T18:48:05Z,2026-08-17T18:48:05Z,
69.5.169.192,ipv4,malicious-ip,medium,WHITE,ziyadnz/hourly-ipv4,ziyadnz|hourly,2026-08-17T18:48:05Z,2026-08-17T18:48:05Z,
69.5.169.193,ipv4,malicious-ip,medium,WHITE,ziyadnz/hourly-ipv4,ziyadnz|hourly,2026-08-17T18:48:05Z,2026-08-17T18:48:05Z,
69.5.169.194,ipv4,malicious-ip,medium,WHITE,ziyadnz/hourly-ipv4,ziyadnz|hourly,2026-08-17T18:48:05Z,2026-08-17T18:48:05Z,
69.5.169.195,ipv4,malicious-ip,medium,WHITE,ziyadnz/hourly-ipv4,ziyadnz|hourly,2026-08-17T18:48:05Z,2026-08-17T18:48:05Z,
69.5.169.196,ipv4,malicious-ip,medium,WHITE,ziyadnz/hourly-ipv4,ziyadnz|hourly,2026-08-17T18:48:05Z,2026-08-17T18:48:05Z,
69.5.169.197,ipv4,malicious-ip,medium,WHITE,ziyadnz/hourly-ipv4,ziyadnz|hourly,2026-08-17T18:48:05Z,2026-08-17T18:48:05Z,
69.5.169.198,ipv4,malicious-ip,medium,WHITE,ziyadnz/hourly-ipv4,ziyadnz|hourly,2026-08-17T18:48:05Z,2026-08-17T18:48:05Z,
69.5.169.199,ipv4,malicious-ip,medium,WHITE,ziyadnz/hourly-ipv4,ziyadnz|hourly,2026-08-17T18:48:05Z,2026-08-17T18:48:05Z,
69.5.169.2,ipv4,malicious-ip,medium,WHITE,ziyadnz/hourly-ipv4,ziyadnz|hourly,2026-08-17T18:48:05Z,2026-08-17T18:48:05Z,
69.5.169.20,ipv4,malicious-ip,medium,WHITE,ziyadnz/hourly-ipv4,ziyadnz|hourly,2026-08-17T18:48:05Z,2026-08-17T18:48:05Z,
69.5.169.200,ipv4,malicious-ip,medium,WHITE,ziyadnz/hourly-ipv4,ziyadnz|hourly,2026-08-17T18:48:05Z,2026-08-17T18:48:05Z,
69.5.169.201,ipv4,malicious-ip,medium,WHITE,ziyadnz/hourly-ipv4,ziyadnz|hourly,2026-08-17T18:48:05Z,2026-08-17T18:48:05Z,
69.5.169.202,ipv4,malicious-ip,medium,WHITE,ziyadnz/hourly-ipv4,ziyadnz|hourly,2026-08-17T18:48:05Z,2026-08-17T18:48:05Z,
69.5.169.203,ipv4,malicious-ip,medium,WHITE,ziyadnz/hourly-ipv4,ziyadnz|hourly,2026-08-17T18:48:05Z,2026-08-17T18:48:05Z,
69.5.169.204,ipv4,malicious-ip,medium,WHITE,ziyadnz/hourly-ipv4,ziyadnz|hourly,2026-08-17T18:48:05Z,2026-08-17T18:48:05Z,
69.5.169.205,ipv4,malicious-ip,medium,WHITE,ziyadnz/hourly-ipv4,ziyadnz|hourly,2026-08-17T18:48:05Z,2026-08-17T18:48:05Z,
69.5.169.206,ipv4,malicious-ip,medium,WHITE,ziyadnz/hourly-ipv4,ziyadnz|hourly,2026-08-17T18:48:05Z,2026-08-17T18:48:05Z,
69.5.169.207,ipv4,malicious-ip,medium,WHITE,ziyadnz/hourly-ipv4,ziyadnz|hourly,2026-08-17T18:48:05Z,2026-08-17T18:48:05Z,
69.5.169.208,ipv4,malicious-ip,medium,WHITE,ziyadnz/hourly-ipv4,ziyadnz|hourly,2026-08-17T18:48:05Z,2026-08-17T18:48:05Z,
69.5.169.209,ipv4,malicious-ip,medium,WHITE,ziyadnz/hourly-ipv4,ziyadnz|hourly,2026-08-17T18:48:05Z,2026-08-17T18:48:05Z,
69.5.169.21,ipv4,malicious-ip,medium,WHITE,ziyadnz/hourly-ipv4,ziyadnz|hourly,2026-08-17T18:48:05Z,2026-08-17T18:48:05Z,
69.5.169.210,ipv4,malicious-ip,medium,WHITE,ziyadnz/hourly-ipv4,ziyadnz|hourly,2026-08-17T18:48:05Z,2026-08-17T18:48:05Z,
69.5.169.211,ipv4,malicious-ip,medium,WHITE,ziyadnz/hourly-ipv4,ziyadnz|hourly,2026-08-17T18:48:05Z,2026-08-17T18:48:05Z,
69.5.169.213,ipv4,malicious-ip,medium,WHITE,ziyadnz/hourly-ipv4,ziyadnz|hourly,2026-08-17T18:48:05Z,2026-08-17T18:48:05Z,
69.5.169.214,ipv4,malicious-ip,medium,WHITE,ziyadnz/hourly-ipv4,ziyadnz|hourly,2026-08-17T18:48:05Z,2026-08-17T18:48:05Z,
69.5.169.215,ipv4,malicious-ip,medium,WHITE,ziyadnz/hourly-ipv4,ziyadnz|hourly,2026-08-17T18:48:05Z,2026-08-17T18:48:05Z,
69.5.169.216,ipv4,malicious-ip,medium,WHITE,ziyadnz/hourly-ipv4,ziyadnz|hourly,2026-08-17T18:48:05Z,2026-08-17T18:48:05Z,
69.5.169.217,ipv4,malicious-ip,medium,WHITE,ziyadnz/hourly-ipv4,ziyadnz|hourly,2026-08-17T18:48:05Z,2026-08-17T18:48:05Z,
69.5.169.218,ipv4,malicious-ip,medium,WHITE,ziyadnz/hourly-ipv4,ziyadnz|hourly,2026-08-17T18:48:05Z,2026-08-17T18:48:05Z,
69.5.169.219,ipv4,malicious-ip,medium,WHITE,ziyadnz/hourly-ipv4,ziyadnz|hourly,2026-08-17T18:48:05Z,2026-08-17T18:48:05Z,
69.5.169.22,ipv4,malicious-ip,medium,WHITE,ziyadnz/hourly-ipv4,ziyadnz|hourly,2026-08-17T18:48:05Z,2026-08-17T18:48:05Z,
69.5.169.220,ipv4,malicious-ip,medium,WHITE,ziyadnz/hourly-ipv4,ziyadnz|hourly,2026-08-17T18:48:05Z,2026-08-17T18:48:05Z,
69.5.169.221,ipv4,malicious-ip,medium,WHITE,ziyadnz/hourly-ipv4,ziyadnz|hourly,2026-08-17T18:48:05Z,2026-08-17T18:48:05Z,
69.5.169.222,ipv4,malicious-ip,medium,WHITE,ziyadnz/hourly-ipv4,ziyadnz|hourly,2026-08-17T18:48:05Z,2026-08-17T18:48:05Z,
69.5.169.223,ipv4,malicious-ip,medium,WHITE,ziyadnz/hourly-ipv4,ziyadnz|hourly,2026-08-17T18:48:05Z,2026-08-17T18:48:05Z,
69.5.169.224,ipv4,malicious-ip,medium,WHITE,ziyadnz/hourly-ipv4,ziyadnz|hourly,2026-08-17T18:48:05Z,2026-08-17T18:48:05Z,
69.5.169.225,ipv4,malicious-ip,medium,WHITE,ziyadnz/hourly-ipv4,ziyadnz|hourly,2026-08-17T18:48:05Z,2026-08-17T18:48:05Z,
69.5.169.226,ipv4,malicious-ip,medium,WHITE,ziyadnz/hourly-ipv4,ziyadnz|hourly,2026-08-17T18:48:05Z,2026-08-17T18:48:05Z,
69.5.169.227,ipv4,malicious-ip,medium,WHITE,ziyadnz/hourly-ipv4,ziyadnz|hourly,2026-08-17T18:48:05Z,2026-08-17T18:48:05Z,
69.5.169.228,ipv4,malicious-ip,medium,WHITE,ziyadnz/hourly-ipv4,ziyadnz|hourly,2026-08-17T18:48:05Z,2026-08-17T18:48:05Z,
69.5.169.229,ipv4,malicious-ip,medium,WHITE,ziyadnz/hourly-ipv4,ziyadnz|hourly,2026-08-17T18:48:05Z,2026-08-17T18:48:05Z,
69.5.169.23,ipv4,malicious-ip,medium,WHITE,ziyadnz/hourly-ipv4,ziyadnz|hourly,2026-08-17T18:48:05Z,2026-08-17T18:48:05Z,
69.5.169.230,ipv4,malicious-ip,medium,WHITE,ziyadnz/hourly-ipv4,ziyadnz|hourly,2026-08-17T18:48:05Z,2026-08-17T18:48:05Z,
69.5.169.231,ipv4,malicious-ip,medium,WHITE,ziyadnz/hourly-ipv4,ziyadnz|hourly,2026-08-17T18:48:05Z,2026-08-17T18:48:05Z,
69.5.169.232,ipv4,malicious-ip,medium,WHITE,ziyadnz/hourly-ipv4,ziyadnz|hourly,2026-08-17T18:48:05Z,2026-08-17T18:48:05Z,
69.5.169.233,ipv4,malicious-ip,medium,WHITE,ziyadnz/hourly-ipv4,ziyadnz|hourly,2026-08-17T18:48:05Z,2026-08-17T18:48:05Z,
69.5.169.234,ipv4,malicious-ip,medium,WHITE,ziyadnz/hourly-ipv4,ziyadnz|hourly,2026-08-17T18:48:05Z,2026-08-17T18:48:05Z,
69.5.169.235,ipv4,malicious-ip,medium,WHITE,ziyadnz/hourly-ipv4,ziyadnz|hourly,2026-08-17T18:48:05Z,2026-08-17T18:48:05Z,
69.5.169.236,ipv4,malicious-ip,medium,WHITE,ziyadnz/hourly-ipv4,ziyadnz|hourly,2026-08-17T18:48:05Z,2026-08-17T18:48:05Z,
69.5.169.237,ipv4,malicious-ip,medium,WHITE,ziyadnz/hourly-ipv4,ziyadnz|hourly,2026-08-17T18:48:05Z,2026-08-17T18:48:05Z,
69.5.169.238,ipv4,malicious-ip,medium,WHITE,ziyadnz/hourly-ipv4,ziyadnz|hourly,2026-08-17T18:48:05Z,2026-08-17T18:48:05Z,
69.5.169.239,ipv4,malicious-ip,medium,WHITE,ziyadnz/hourly-ipv4,ziyadnz|hourly,2026-08-17T18:48:05Z,2026-08-17T18:48:05Z,
69.5.169.24,ipv4,malicious-ip,medium,WHITE,ziyadnz/hourly-ipv4,ziyadnz|hourly,2026-08-17T18:48:05Z,2026-08-17T18:48:05Z,
69.5.169.240,ipv4,malicious-ip,medium,WHITE,ziyadnz/hourly-ipv4,ziyadnz|hourly,2026-08-17T18:48:05Z,2026-08-17T18:48:05Z,
69.5.169.241,ipv4,malicious-ip,medium,WHITE,ziyadnz/hourly-ipv4,ziyadnz|hourly,2026-08-17T18:48:05Z,2026-08-17T18:48:05Z,
69.5.169.242,ipv4,malicious-ip,medium,WHITE,ziyadnz/hourly-ipv4,ziyadnz|hourly,2026-08-17T18:48:05Z,2026-08-17T18:48:05Z,
69.5.169.243,ipv4,malicious-ip,medium,WHITE,ziyadnz/hourly-ipv4,ziyadnz|hourly,2026-08-17T18:48:05Z,2026-08-17T18:48:05Z,
69.5.169.244,ipv4,malicious-ip,medium,WHITE,ziyadnz/hourly-ipv4,ziyadnz|hourly,2026-08-17T18:48:05Z,2026-08-17T18:48:05Z,
69.5.169.245,ipv4,malicious-ip,medium,WHITE,ziyadnz/hourly-ipv4,ziyadnz|hourly,2026-08-17T18:48:05Z,2026-08-17T18:48:05Z,
69.5.169.246,ipv4,malicious-ip,medium,WHITE,ziyadnz/hourly-ipv4,ziyadnz|hourly,2026-08-17T18:48:05Z,2026-08-17T18:48:05Z,
69.5.169.247,ipv4,malicious-ip,medium,WHITE,ziyadnz/hourly-ipv4,ziyadnz|hourly,2026-08-17T18:48:05Z,2026-08-17T18:48:05Z,
69.5.169.248,ipv4,malicious-ip,medium,WHITE,ziyadnz/hourly-ipv4,ziyadnz|hourly,2026-08-17T18:48:05Z,2026-08-17T18:48:05Z,
69.5.169.249,ipv4,malicious-ip,medium,WHITE,ziyadnz/hourly-ipv4,ziyadnz|hourly,2026-08-17T18:48:05Z,2026-08-17T18:48:05Z,
69.5.169.25,ipv4,malicious-ip,medium,WHITE,ziyadnz/hourly-ipv4,ziyadnz|hourly,2026-08-17T18:48:05Z,2026-08-17T18:48:05Z,
69.5.169.250,ipv4,malicious-ip,medium,WHITE,ziyadnz/hourly-ipv4,ziyadnz|hourly,2026-08-17T18:48:05Z,2026-08-17T18:48:05Z,
69.5.169.251,ipv4,malicious-ip,medium,WHITE,ziyadnz/hourly-ipv4,ziyadnz|hourly,2026-08-17T18:48:05Z,2026-08-17T18:48:05Z,
69.5.169.252,ipv4,malicious-ip,medium,WHITE,ziyadnz/hourly-ipv4,ziyadnz|hourly,2026-08-17T18:48:05Z,2026-08-17T18:48:05Z,
69.5.169.253,ipv4,malicious-ip,medium,WHITE,ziyadnz/hourly-ipv4,ziyadnz|hourly,2026-08-17T18:48:05Z,2026-08-17T18:48:05Z,
69.5.169.254,ipv4,malicious-ip,medium,WHITE,ziyadnz/hourly-ipv4,ziyadnz|hourly,2026-08-17T18:48:05Z,2026-08-17T18:48:05Z,
69.5.169.26,ipv4,malicious-ip,medium,WHITE,ziyadnz/hourly-ipv4,ziyadnz|hourly,2026-08-17T18:48:05Z,2026-08-17T18:48:05Z,
69.5.169.27,ipv4,malicious-ip,medium,WHITE,ziyadnz/hourly-ipv4,ziyadnz|hourly,2026-08-17T18:48:05Z,2026-08-17T18:48:05Z,
69.5.169.28,ipv4,malicious-ip,medium,WHITE,ziyadnz/hourly-ipv4,ziyadnz|hourly,2026-08-17T18:48:05Z,2026-08-17T18:48:05Z,
69.5.169.29,ipv4,malicious-ip,medium,WHITE,ziyadnz/hourly-ipv4,ziyadnz|hourly,2026-08-17T18:48:05Z,2026-08-17T18:48:05Z,
69.5.169.3,ipv4,malicious-ip,medium,WHITE,ziyadnz/hourly-ipv4,ziyadnz|hourly,2026-08-17T18:48:05Z,2026-08-17T18:48:05Z,
69.5.169.30,ipv4,malicious-ip,medium,WHITE,ziyadnz/hourly-ipv4,ziyadnz|hourly,2026-08-17T18:48:05Z,2026-08-17T18:48:05Z,
69.5.169.31,ipv4,malicious-ip,medium,WHITE,ziyadnz/hourly-ipv4,ziyadnz|hourly,2026-08-17T18:48:05Z,2026-08-17T18:48:05Z,
69.5.169.32,ipv4,malicious-ip,medium,WHITE,ziyadnz/hourly-ipv4,ziyadnz|hourly,2026-08-17T18:48:05Z,2026-08-17T18:48:05Z,
69.5.169.33,ipv4,malicious-ip,medium,WHITE,ziyadnz/hourly-ipv4,ziyadnz|hourly,2026-08-17T18:48:05Z,2026-08-17T18:48:05Z,
69.5.169.34,ipv4,malicious-ip,medium,WHITE,ziyadnz/hourly-ipv4,ziyadnz|hourly,2026-08-17T18:48:05Z,2026-08-17T18:48:05Z,
69.5.169.35,ipv4,malicious-ip,medium,WHITE,ziyadnz/hourly-ipv4,ziyadnz|hourly,2026-08-17T18:48:05Z,2026-08-17T18:48:05Z,
69.5.169.36,ipv4,malicious-ip,medium,WHITE,ziyadnz/hourly-ipv4,ziyadnz|hourly,2026-08-17T18:48:05Z,2026-08-17T18:48:05Z,
69.5.169.37,ipv4,malicious-ip,medium,WHITE,ziyadnz/hourly-ipv4,ziyadnz|hourly,2026-08-17T18:48:05Z,2026-08-17T18:48:05Z,
69.5.169.38,ipv4,malicious-ip,medium,WHITE,ziyadnz/hourly-ipv4,ziyadnz|hourly,2026-08-17T18:48:05Z,2026-08-17T18:48:05Z,
69.5.169.39,ipv4,malicious-ip,medium,WHITE,ziyadnz/hourly-ipv4,ziyadnz|hourly,2026-08-17T18:48:05Z,2026-08-17T18:48:05Z,
69.5.169.4,ipv4,malicious-ip,medium,WHITE,ziyadnz/hourly-ipv4,ziyadnz|hourly,2026-08-17T18:48:05Z,2026-08-17T18:48:05Z,
69.5.169.40,ipv4,malicious-ip,medium,WHITE,ziyadnz/hourly-ipv4,ziyadnz|hourly,2026-08-17T18:48:05Z,2026-08-17T18:48:05Z,
69.5.169.41,ipv4,malicious-ip,medium,WHITE,ziyadnz/hourly-ipv4,ziyadnz|hourly,2026-08-17T18:48:05Z,2026-08-17T18:48:05Z,
69.5.169.42,ipv4,malicious-ip,medium,WHITE,ziyadnz/hourly-ipv4,ziyadnz|hourly,2026-08-17T18:48:05Z,2026-08-17T18:48:05Z,
69.5.169.43,ipv4,malicious-ip,medium,WHITE,ziyadnz/hourly-ipv4,ziyadnz|hourly,2026-08-17T18:48:05Z,2026-08-17T18:48:05Z,
69.5.169.44,ipv4,malicious-ip,medium,WHITE,ziyadnz/hourly-ipv4,ziyadnz|hourly,2026-08-17T18:48:05Z,2026-08-17T18:48:05Z,
69.5.169.45,ipv4,malicious-ip,medium,WHITE,ziyadnz/hourly-ipv4,ziyadnz|hourly,2026-08-17T18:48:05Z,2026-08-17T18:48:05Z,
69.5.169.46,ipv4,malicious-ip,medium,WHITE,ziyadnz/hourly-ipv4,ziyadnz|hourly,2026-08-17T18:48:05Z,2026-08-17T18:48:05Z,
69.5.169.47,ipv4,malicious-ip,medium,WHITE,ziyadnz/hourly-ipv4,ziyadnz|hourly,2026-08-17T18:48:05Z,2026-08-17T18:48:05Z,
69.5.169.48,ipv4,malicious-ip,medium,WHITE,ziyadnz/hourly-ipv4,ziyadnz|hourly,2026-08-17T18:48:05Z,2026-08-17T18:48:05Z,
69.5.169.49,ipv4,malicious-ip,medium,WHITE,ziyadnz/hourly-ipv4,ziyadnz|hourly,2026-08-17T18:48:05Z,2026-08-17T18:48:05Z,
69.5.169.5,ipv4,malicious-ip,medium,WHITE,ziyadnz/hourly-ipv4,ziyadnz|hourly,2026-08-17T18:48:05Z,2026-08-17T18:48:05Z,
69.5.169.50,ipv4,malicious-ip,medium,WHITE,ziyadnz/hourly-ipv4,ziyadnz|hourly,2026-08-17T18:48:05Z,2026-08-17T18:48:05Z,
69.5.169.51,ipv4,malicious-ip,medium,WHITE,ziyadnz/hourly-ipv4,ziyadnz|hourly,2026-08-17T18:48:05Z,2026-08-17T18:48:05Z,
69.5.169.52,ipv4,malicious-ip,medium,WHITE,ziyadnz/hourly-ipv4,ziyadnz|hourly,2026-08-17T18:48:05Z,2026-08-17T18:48:05Z,
69.5.169.53,ipv4,malicious-ip,medium,WHITE,ziyadnz/hourly-ipv4,ziyadnz|hourly,2026-08-17T18:48:05Z,2026-08-17T18:48:05Z,
69.5.169.54,ipv4,malicious-ip,medium,WHITE,ziyadnz/hourly-ipv4,ziyadnz|hourly,2026-08-17T18:48:05Z,2026-08-17T18:48:05Z,
69.5.169.55,ipv4,malicious-ip,medium,WHITE,ziyadnz/hourly-ipv4,ziyadnz|hourly,2026-08-17T18:48:05Z,2026-08-17T18:48:05Z,
69.5.169.56,ipv4,malicious-ip,medium,WHITE,ziyadnz/hourly-ipv4,ziyadnz|hourly,2026-08-17T18:48:05Z,2026-08-17T18:48:05Z,
69.5.169.57,ipv4,malicious-ip,medium,WHITE,ziyadnz/hourly-ipv4,ziyadnz|hourly,2026-08-17T18:48:05Z,2026-08-17T18:48:05Z,
69.5.169.58,ipv4,malicious-ip,medium,WHITE,ziyadnz/hourly-ipv4,ziyadnz|hourly,2026-08-17T18:48:05Z,2026-08-17T18:48:05Z,
69.5.169.59,ipv4,malicious-ip,medium,WHITE,ziyadnz/hourly-ipv4,ziyadnz|hourly,2026-08-17T18:48:05Z,2026-08-17T18:48:05Z,
69.5.169.6,ipv4,malicious-ip,medium,WHITE,ziyadnz/hourly-ipv4,ziyadnz|hourly,2026-08-17T18:48:05Z,2026-08-17T18:48:05Z,
69.5.169.60,ipv4,malicious-ip,medium,WHITE,ziyadnz/hourly-ipv4,ziyadnz|hourly,2026-08-17T18:48:05Z,2026-08-17T18:48:05Z,
69.5.169.61,ipv4,malicious-ip,medium,WHITE,ziyadnz/hourly-ipv4,ziyadnz|hourly,2026-08-17T18:48:05Z,2026-08-17T18:48:05Z,
69.5.169.62,ipv4,malicious-ip,medium,WHITE,ziyadnz/hourly-ipv4,ziyadnz|hourly,2026-08-17T18:48:05Z,2026-08-17T18:48:05Z,
69.5.169.63,ipv4,malicious-ip,medium,WHITE,ziyadnz/hourly-ipv4,ziyadnz|hourly,2026-08-17T18:48:05Z,2026-08-17T18:48:05Z,
69.5.169.64,ipv4,malicious-ip,medium,WHITE,ziyadnz/hourly-ipv4,ziyadnz|hourly,2026-08-17T18:48:05Z,2026-08-17T18:48:05Z,
69.5.169.65,ipv4,malicious-ip,medium,WHITE,ziyadnz/hourly-ipv4,ziyadnz|hourly,2026-08-17T18:48:05Z,2026-08-17T18:48:05Z,
69.5.169.66,ipv4,malicious-ip,medium,WHITE,ziyadnz/hourly-ipv4,ziyadnz|hourly,2026-08-17T18:48:05Z,2026-08-17T18:48:05Z,
69.5.169.67,ipv4,malicious-ip,medium,WHITE,ziyadnz/hourly-ipv4,ziyadnz|hourly,2026-08-17T18:48:05Z,2026-08-17T18:48:05Z,
69.5.169.68,ipv4,malicious-ip,medium,WHITE,ziyadnz/hourly-ipv4,ziyadnz|hourly,2026-08-17T18:48:05Z,2026-08-17T18:48:05Z,
69.5.169.69,ipv4,malicious-ip,medium,WHITE,ziyadnz/hourly-ipv4,ziyadnz|hourly,2026-08-17T18:48:05Z,2026-08-17T18:48:05Z,
69.5.169.7,ipv4,malicious-ip,medium,WHITE,ziyadnz/hourly-ipv4,ziyadnz|hourly,2026-08-17T18:48:05Z,2026-08-17T18:48:05Z,
69.5.169.70,ipv4,malicious-ip,medium,WHITE,ziyadnz/hourly-ipv4,ziyadnz|hourly,2026-08-17T18:48:05Z,2026-08-17T18:48:05Z,
69.5.169.71,ipv4,malicious-ip,medium,WHITE,ziyadnz/hourly-ipv4,ziyadnz|hourly,2026-08-17T18:48:05Z,2026-08-17T18:48:05Z,
69.5.169.72,ipv4,malicious-ip,medium,WHITE,ziyadnz/hourly-ipv4,ziyadnz|hourly,2026-08-17T18:48:05Z,2026-08-17T18:48:05Z,
69.5.169.73,ipv4,malicious-ip,medium,WHITE,ziyadnz/hourly-ipv4,ziyadnz|hourly,2026-08-17T18:48:05Z,2026-08-17T18:48:05Z,
69.5.169.74,ipv4,malicious-ip,medium,WHITE,ziyadnz/hourly-ipv4,ziyadnz|hourly,2026-08-17T18:48:05Z,2026-08-17T18:48:05Z,
69.5.169.75,ipv4,malicious-ip,medium,WHITE,ziyadnz/hourly-ipv4,ziyadnz|hourly,2026-08-17T18:48:05Z,2026-08-17T18:48:05Z,
69.5.169.76,ipv4,malicious-ip,medium,WHITE,ziyadnz/hourly-ipv4,ziyadnz|hourly,2026-08-17T18:48:05Z,2026-08-17T18:48:05Z,
69.5.169.77,ipv4,malicious-ip,medium,WHITE,ziyadnz/hourly-ipv4,ziyadnz|hourly,2026-08-17T18:48:05Z,2026-08-17T18:48:05Z,
69.5.169.78,ipv4,malicious-ip,medium,WHITE,ziyadnz/hourly-ipv4,ziyadnz|hourly,2026-08-17T18:48:05Z,2026-08-17T18:48:05Z,
69.5.169.79,ipv4,malicious-ip,medium,WHITE,ziyadnz/hourly-ipv4,ziyadnz|hourly,2026-08-17T18:48:05Z,2026-08-17T18:48:05Z,
69.5.169.8,ipv4,malicious-ip,medium,WHITE,ziyadnz/hourly-ipv4,ziyadnz|hourly,2026-08-17T18:48:05Z,2026-08-17T18:48:05Z,
69.5.169.80,ipv4,malicious-ip,medium,WHITE,ziyadnz/hourly-ipv4,ziyadnz|hourly,2026-08-17T18:48:05Z,2026-08-17T18:48:05Z,
69.5.169.81,ipv4,malicious-ip,medium,WHITE,ziyadnz/hourly-ipv4,ziyadnz|hourly,2026-08-17T18:48:05Z,2026-08-17T18:48:05Z,
69.5.169.82,ipv4,malicious-ip,medium,WHITE,ziyadnz/hourly-ipv4,ziyadnz|hourly,2026-08-17T18:48:05Z,2026-08-17T18:48:05Z,
69.5.169.83,ipv4,malicious-ip,medium,WHITE,ziyadnz/hourly-ipv4,ziyadnz|hourly,2026-08-17T18:48:05Z,2026-08-17T18:48:05Z,
69.5.169.84,ipv4,malicious-ip,medium,WHITE,ziyadnz/hourly-ipv4,ziyadnz|hourly,2026-08-17T18:48:05Z,2026-08-17T18:48:05Z,
69.5.169.85,ipv4,malicious-ip,medium,WHITE,ziyadnz/hourly-ipv4,ziyadnz|hourly,2026-08-17T18:48:05Z,2026-08-17T18:48:05Z,
69.5.169.86,ipv4,malicious-ip,medium,WHITE,ziyadnz/hourly-ipv4,ziyadnz|hourly,2026-08-17T18:48:05Z,2026-08-17T18:48:05Z,
69.5.169.87,ipv4,malicious-ip,medium,WHITE,ziyadnz/hourly-ipv4,ziyadnz|hourly,2026-08-17T18:48:05Z,2026-08-17T18:48:05Z,
69.5.169.88,ipv4,malicious-ip,medium,WHITE,ziyadnz/hourly-ipv4,ziyadnz|hourly,2026-08-17T18:48:05Z,2026-08-17T18:48:05Z,
69.5.169.89,ipv4,malicious-ip,medium,WHITE,ziyadnz/hourly-ipv4,ziyadnz|hourly,2026-08-17T18:48:05Z,2026-08-17T18:48:05Z,
69.5.169.9,ipv4,malicious-ip,medium,WHITE,ziyadnz/hourly-ipv4,ziyadnz|hourly,2026-08-17T18:48:05Z,2026-08-17T18:48:05Z,
69.5.169.90,ipv4,malicious-ip,medium,WHITE,ziyadnz/hourly-ipv4,ziyadnz|hourly,2026-08-17T18:48:05Z,2026-08-17T18:48:05Z,
69.5.169.91,ipv4,malicious-ip,medium,WHITE,ziyadnz/hourly-ipv4,ziyadnz|hourly,2026-08-17T18:48:05Z,2026-08-17T18:48:05Z,
69.5.169.92,ipv4,malicious-ip,medium,WHITE,ziyadnz/hourly-ipv4,ziyadnz|hourly,2026-08-17T18:48:05Z,2026-08-17T18:48:05Z,
69.5.169.93,ipv4,malicious-ip,medium,WHITE,ziyadnz/hourly-ipv4,ziyadnz|hourly,2026-08-17T18:48:05Z,2026-08-17T18:48:05Z,
69.5.169.94,ipv4,malicious-ip,medium,WHITE,ziyadnz/hourly-ipv4,ziyadnz|hourly,2026-08-17T18:48:05Z,2026-08-17T18:48:05Z,
69.5.169.95,ipv4,malicious-ip,medium,WHITE,ziyadnz/hourly-ipv4,ziyadnz|hourly,2026-08-17T18:48:05Z,2026-08-17T18:48:05Z,
69.5.169.96,ipv4,malicious-ip,medium,WHITE,ziyadnz/hourly-ipv4,ziyadnz|hourly,2026-08-17T18:48:05Z,2026-08-17T18:48:05Z,
69.5.169.97,ipv4,malicious-ip,medium,WHITE,ziyadnz/hourly-ipv4,ziyadnz|hourly,2026-08-17T18:48:05Z,2026-08-17T18:48:05Z,
69.5.169.98,ipv4,malicious-ip,medium,WHITE,ziyadnz/hourly-ipv4,ziyadnz|hourly,2026-08-17T18:48:05Z,2026-08-17T18:48:05Z,
69.5.169.99,ipv4,malicious-ip,medium,WHITE,ziyadnz/hourly-ipv4,ziyadnz|hourly,2026-08-17T18:48:05Z,2026-08-17T18:48:05Z,
69.5.20.232,ipv4,malicious-ip,medium,WHITE,ziyadnz/hourly-ipv4,ziyadnz|hourly,2026-08-17T18:48:05Z,2026-08-17T18:48:05Z,
69.5.20.46,ipv4,malicious-ip,medium,WHITE,ziyadnz/hourly-ipv4,ziyadnz|hourly,2026-08-17T18:48:05Z,2026-08-17T18:48:05Z,
69.5.21.13,ipv4,malicious-ip,medium,WHITE,ziyadnz/hourly-ipv4,ziyadnz|hourly,2026-08-17T18:48:05Z,2026-08-17T18:48:05Z,
69.5.21.28,ipv4,malicious-ip,medium,WHITE,ziyadnz/hourly-ipv4,ziyadnz|hourly,2026-08-17T18:48:05Z,2026-08-17T18:48:05Z,
69.5.22.138,ipv4,malicious-ip,medium,WHITE,ziyadnz/hourly-ipv4,ziyadnz|hourly,2026-08-17T18:48:05Z,2026-08-17T18:48:05Z,
69.51.2.106,ipv4,malicious-ip,medium,WHITE,ziyadnz/hourly-ipv4,ziyadnz|hourly,2026-08-17T18:48:05Z,2026-08-17T18:48:05Z,
69.57.172.119,ipv4,malicious-ip,medium,WHITE,ziyadnz/hourly-ipv4,ziyadnz|hourly,2026-08-17T18:48:05Z,2026-08-17T18:48:05Z,
69.57.172.212,ipv4,malicious-ip,medium,WHITE,ziyadnz/hourly-ipv4,ziyadnz|hourly,2026-08-17T18:48:05Z,2026-08-17T18:48:05Z,
69.57.172.96,ipv4,malicious-ip,medium,WHITE,ziyadnz/hourly-ipv4,ziyadnz|hourly,2026-08-17T18:48:05Z,2026-08-17T18:48:05Z,
69.57.234.105,ipv4,malicious-ip,medium,WHITE,ziyadnz/hourly-ipv4,ziyadnz|hourly,2026-08-17T18:48:05Z,2026-08-17T18:48:05Z,
69.6.207.210,ipv4,malicious-ip,medium,WHITE,ziyadnz/hourly-ipv4,ziyadnz|hourly,2026-08-17T18:48:05Z,2026-08-17T18:48:05Z,
69.6.214.192,ipv4,malicious-ip,medium,WHITE,ziyadnz/hourly-ipv4,ziyadnz|hourly,2026-08-17T18:48:05Z,2026-08-17T18:48:05Z,
69.6.220.104,ipv4,malicious-ip,medium,WHITE,ziyadnz/hourly-ipv4,ziyadnz|hourly,2026-08-17T18:48:05Z,2026-08-17T18:48:05Z,
69.6.221.248,ipv4,malicious-ip,medium,WHITE,ziyadnz/hourly-ipv4,ziyadnz|hourly,2026-08-17T18:48:05Z,2026-08-17T18:48:05Z,
69.6.222.198,ipv4,malicious-ip,medium,WHITE,ziyadnz/hourly-ipv4,ziyadnz|hourly,2026-08-17T18:48:05Z,2026-08-17T18:48:05Z,
69.6.234.243,ipv4,malicious-ip,medium,WHITE,ziyadnz/hourly-ipv4,ziyadnz|hourly,2026-08-17T18:48:05Z,2026-08-17T18:48:05Z,
69.6.234.252,ipv4,malicious-ip,medium,WHITE,ziyadnz/hourly-ipv4,ziyadnz|hourly,2026-08-17T18:48:05Z,2026-08-17T18:48:05Z,
69.6.234.81,ipv4,malicious-ip,medium,WHITE,ziyadnz/hourly-ipv4,ziyadnz|hourly,2026-08-17T18:48:05Z,2026-08-17T18:48:05Z,
69.6.234.85,ipv4,malicious-ip,medium,WHITE,ziyadnz/hourly-ipv4,ziyadnz|hourly,2026-08-17T18:48:05Z,2026-08-17T18:48:05Z,
69.6.235.102,ipv4,malicious-ip,medium,WHITE,ziyadnz/hourly-ipv4,ziyadnz|hourly,2026-08-17T18:48:05Z,2026-08-17T18:48:05Z,
69.6.235.126,ipv4,malicious-ip,medium,WHITE,ziyadnz/hourly-ipv4,ziyadnz|hourly,2026-08-17T18:48:05Z,2026-08-17T18:48:05Z,
69.6.235.168,ipv4,malicious-ip,medium,WHITE,ziyadnz/hourly-ipv4,ziyadnz|hourly,2026-08-17T18:48:05Z,2026-08-17T18:48:05Z,
69.6.235.201,ipv4,malicious-ip,medium,WHITE,ziyadnz/hourly-ipv4,ziyadnz|hourly,2026-08-17T18:48:05Z,2026-08-17T18:48:05Z,
69.6.235.65,ipv4,malicious-ip,medium,WHITE,ziyadnz/hourly-ipv4,ziyadnz|hourly,2026-08-17T18:48:05Z,2026-08-17T18:48:05Z,
69.6.249.0,ipv4,malicious-ip,medium,WHITE,ziyadnz/hourly-ipv4,ziyadnz|hourly,2026-08-17T18:48:05Z,2026-08-17T18:48:05Z,
69.6.251.43,ipv4,malicious-ip,medium,WHITE,ziyadnz/hourly-ipv4,ziyadnz|hourly,2026-08-17T18:48:05Z,2026-08-17T18:48:05Z,
69.61.38.199,ipv4,malicious-ip,medium,WHITE,ziyadnz/hourly-ipv4,ziyadnz|hourly,2026-08-17T18:48:05Z,2026-08-17T18:48:05Z,
69.62.86.78,ipv4,malicious-ip,medium,WHITE,ziyadnz/hourly-ipv4,ziyadnz|hourly,2026-08-17T18:48:05Z,2026-08-17T18:48:05Z,
69.63.215.127,ipv4,malicious-ip,medium,WHITE,ziyadnz/hourly-ipv4,ziyadnz|hourly,2026-08-17T18:48:05Z,2026-08-17T18:48:05Z,
69.63.64.68,ipv4,malicious-ip,medium,WHITE,ziyadnz/hourly-ipv4,ziyadnz|hourly,2026-08-17T18:48:05Z,2026-08-17T18:48:05Z,
69.64.35.1,ipv4,malicious-ip,medium,WHITE,ziyadnz/hourly-ipv4,ziyadnz|hourly,2026-08-17T18:48:05Z,2026-08-17T18:48:05Z,
69.64.69.173,ipv4,malicious-ip,medium,WHITE,ziyadnz/hourly-ipv4,ziyadnz|hourly,2026-08-17T18:48:05Z,2026-08-17T18:48:05Z,
69.65.3.158,ipv4,malicious-ip,medium,WHITE,ziyadnz/hourly-ipv4,ziyadnz|hourly,2026-08-17T18:48:05Z,2026-08-17T18:48:05Z,
69.66.243.108,ipv4,malicious-ip,medium,WHITE,ziyadnz/hourly-ipv4,ziyadnz|hourly,2026-08-17T18:48:05Z,2026-08-17T18:48:05Z,
69.67.172.210,ipv4,malicious-ip,medium,WHITE,ziyadnz/hourly-ipv4,ziyadnz|hourly,2026-08-17T18:48:05Z,2026-08-17T18:48:05Z,
69.67.173.28,ipv4,malicious-ip,medium,WHITE,ziyadnz/hourly-ipv4,ziyadnz|hourly,2026-08-17T18:48:05Z,2026-08-17T18:48:05Z,
69.67.173.30,ipv4,malicious-ip,medium,WHITE,ziyadnz/hourly-ipv4,ziyadnz|hourly,2026-08-17T18:48:05Z,2026-08-17T18:48:05Z,
69.72.136.99,ipv4,malicious-ip,medium,WHITE,ziyadnz/hourly-ipv4,ziyadnz|hourly,2026-08-17T18:48:05Z,2026-08-17T18:48:05Z,
69.73.144.225,ipv4,malicious-ip,medium,WHITE,ziyadnz/hourly-ipv4,ziyadnz|hourly,2026-08-17T18:48:05Z,2026-08-17T18:48:05Z,
69.73.94.213,ipv4,malicious-ip,medium,WHITE,ziyadnz/hourly-ipv4,ziyadnz|hourly,2026-08-17T18:48:05Z,2026-08-17T18:48:05Z,
69.74.29.21,ipv4,malicious-ip,medium,WHITE,ziyadnz/hourly-ipv4,ziyadnz|hourly,2026-08-17T18:48:05Z,2026-08-17T18:48:05Z,
69.77.136.178,ipv4,malicious-ip,medium,WHITE,ziyadnz/hourly-ipv4,ziyadnz|hourly,2026-08-17T18:48:05Z,2026-08-17T18:48:05Z,
69.84.15.62,ipv4,malicious-ip,medium,WHITE,ziyadnz/hourly-ipv4,ziyadnz|hourly,2026-08-17T18:48:05Z,2026-08-17T18:48:05Z,
69.84.240.57,ipv4,malicious-ip,medium,WHITE,ziyadnz/hourly-ipv4,ziyadnz|hourly,2026-08-17T18:48:05Z,2026-08-17T18:48:05Z,
69.87.207.136,ipv4,malicious-ip,medium,WHITE,ziyadnz/hourly-ipv4,ziyadnz|hourly,2026-08-17T18:48:05Z,2026-08-17T18:48:05Z,
69.9.205.34,ipv4,malicious-ip,medium,WHITE,ziyadnz/hourly-ipv4,ziyadnz|hourly,2026-08-17T18:48:05Z,2026-08-17T18:48:05Z,
69.92.106.145,ipv4,malicious-ip,medium,WHITE,ziyadnz/hourly-ipv4,ziyadnz|hourly,2026-08-17T18:48:05Z,2026-08-17T18:48:05Z,
70.104.181.79,ipv4,malicious-ip,medium,WHITE,ziyadnz/hourly-ipv4,ziyadnz|hourly,2026-08-17T18:48:05Z,2026-08-17T18:48:05Z,
70.105.23.110,ipv4,malicious-ip,medium,WHITE,ziyadnz/hourly-ipv4,ziyadnz|hourly,2026-08-17T18:48:05Z,2026-08-17T18:48:05Z,
70.105.46.18,ipv4,malicious-ip,medium,WHITE,ziyadnz/hourly-ipv4,ziyadnz|hourly,2026-08-17T18:48:05Z,2026-08-17T18:48:05Z,
70.106.210.161,ipv4,malicious-ip,medium,WHITE,ziyadnz/hourly-ipv4,ziyadnz|hourly,2026-08-17T18:48:05Z,2026-08-17T18:48:05Z,
70.114.116.180,ipv4,malicious-ip,medium,WHITE,ziyadnz/hourly-ipv4,ziyadnz|hourly,2026-08-17T18:48:05Z,2026-08-17T18:48:05Z,
70.116.216.158,ipv4,malicious-ip,medium,WHITE,ziyadnz/hourly-ipv4,ziyadnz|hourly,2026-08-17T18:48:05Z,2026-08-17T18:48:05Z,
70.121.196.9,ipv4,malicious-ip,medium,WHITE,ziyadnz/hourly-ipv4,ziyadnz|hourly,2026-08-17T18:48:05Z,2026-08-17T18:48:05Z,
70.122.49.67,ipv4,malicious-ip,medium,WHITE,ziyadnz/hourly-ipv4,ziyadnz|hourly,2026-08-17T18:48:05Z,2026-08-17T18:48:05Z,
70.125.121.10,ipv4,malicious-ip,medium,WHITE,ziyadnz/hourly-ipv4,ziyadnz|hourly,2026-08-17T18:48:05Z,2026-08-17T18:48:05Z,
70.125.16.226,ipv4,malicious-ip,medium,WHITE,ziyadnz/hourly-ipv4,ziyadnz|hourly,2026-08-17T18:48:05Z,2026-08-17T18:48:05Z,
70.131.181.79,ipv4,malicious-ip,medium,WHITE,ziyadnz/hourly-ipv4,ziyadnz|hourly,2026-08-17T18:48:05Z,2026-08-17T18:48:05Z,
70.153.145.230,ipv4,malicious-ip,medium,WHITE,ziyadnz/hourly-ipv4,ziyadnz|hourly,2026-08-17T18:48:05Z,2026-08-17T18:48:05Z,
70.153.146.209,ipv4,malicious-ip,medium,WHITE,ziyadnz/hourly-ipv4,ziyadnz|hourly,2026-08-17T18:48:05Z,2026-08-17T18:48:05Z,
70.160.84.115,ipv4,malicious-ip,medium,WHITE,ziyadnz/hourly-ipv4,ziyadnz|hourly,2026-08-17T18:48:05Z,2026-08-17T18:48:05Z,
70.164.250.141,ipv4,malicious-ip,medium,WHITE,ziyadnz/hourly-ipv4,ziyadnz|hourly,2026-08-17T18:48:05Z,2026-08-17T18:48:05Z,
70.164.34.238,ipv4,malicious-ip,medium,WHITE,ziyadnz/hourly-ipv4,ziyadnz|hourly,2026-08-17T18:48:05Z,2026-08-17T18:48:05Z,
70.166.167.55,ipv4,malicious-ip,medium,WHITE,ziyadnz/hourly-ipv4,ziyadnz|hourly,2026-08-17T18:48:05Z,2026-08-17T18:48:05Z,
70.167.235.130,ipv4,malicious-ip,medium,WHITE,ziyadnz/hourly-ipv4,ziyadnz|hourly,2026-08-17T18:48:05Z,2026-08-17T18:48:05Z,
70.167.235.133,ipv4,malicious-ip,medium,WHITE,ziyadnz/hourly-ipv4,ziyadnz|hourly,2026-08-17T18:48:05Z,2026-08-17T18:48:05Z,
70.172.164.55,ipv4,malicious-ip,medium,WHITE,ziyadnz/hourly-ipv4,ziyadnz|hourly,2026-08-17T18:48:05Z,2026-08-17T18:48:05Z,
70.172.21.63,ipv4,malicious-ip,medium,WHITE,ziyadnz/hourly-ipv4,ziyadnz|hourly,2026-08-17T18:48:05Z,2026-08-17T18:48:05Z,
70.175.180.147,ipv4,malicious-ip,medium,WHITE,ziyadnz/hourly-ipv4,ziyadnz|hourly,2026-08-17T18:48:05Z,2026-08-17T18:48:05Z,
70.175.182.59,ipv4,malicious-ip,medium,WHITE,ziyadnz/hourly-ipv4,ziyadnz|hourly,2026-08-17T18:48:05Z,2026-08-17T18:48:05Z,
70.175.76.239,ipv4,malicious-ip,medium,WHITE,ziyadnz/hourly-ipv4,ziyadnz|hourly,2026-08-17T18:48:05Z,2026-08-17T18:48:05Z,
70.176.184.154,ipv4,malicious-ip,medium,WHITE,ziyadnz/hourly-ipv4,ziyadnz|hourly,2026-08-17T18:48:05Z,2026-08-17T18:48:05Z,
70.182.69.23,ipv4,malicious-ip,medium,WHITE,ziyadnz/hourly-ipv4,ziyadnz|hourly,2026-08-17T18:48:05Z,2026-08-17T18:48:05Z,
70.183.230.34,ipv4,malicious-ip,medium,WHITE,ziyadnz/hourly-ipv4,ziyadnz|hourly,2026-08-17T18:48:05Z,2026-08-17T18:48:05Z,
70.183.232.85,ipv4,malicious-ip,medium,WHITE,ziyadnz/hourly-ipv4,ziyadnz|hourly,2026-08-17T18:48:05Z,2026-08-17T18:48:05Z,
70.183.236.209,ipv4,malicious-ip,medium,WHITE,ziyadnz/hourly-ipv4,ziyadnz|hourly,2026-08-17T18:48:05Z,2026-08-17T18:48:05Z,
70.183.236.81,ipv4,malicious-ip,medium,WHITE,ziyadnz/hourly-ipv4,ziyadnz|hourly,2026-08-17T18:48:05Z,2026-08-17T18:48:05Z,
70.184.13.47,ipv4,malicious-ip,medium,WHITE,ziyadnz/hourly-ipv4,ziyadnz|hourly,2026-08-17T18:48:05Z,2026-08-17T18:48:05Z,
70.187.36.101,ipv4,malicious-ip,medium,WHITE,ziyadnz/hourly-ipv4,ziyadnz|hourly,2026-08-17T18:48:05Z,2026-08-17T18:48:05Z,
70.189.217.61,ipv4,malicious-ip,medium,WHITE,ziyadnz/hourly-ipv4,ziyadnz|hourly,2026-08-17T18:48:05Z,2026-08-17T18:48:05Z,
70.20.229.243,ipv4,malicious-ip,medium,WHITE,ziyadnz/hourly-ipv4,ziyadnz|hourly,2026-08-17T18:48:05Z,2026-08-17T18:48:05Z,
70.21.191.35,ipv4,malicious-ip,medium,WHITE,ziyadnz/hourly-ipv4,ziyadnz|hourly,2026-08-17T18:48:05Z,2026-08-17T18:48:05Z,
70.22.71.9,ipv4,malicious-ip,medium,WHITE,ziyadnz/hourly-ipv4,ziyadnz|hourly,2026-08-17T18:48:05Z,2026-08-17T18:48:05Z,
70.23.104.36,ipv4,malicious-ip,medium,WHITE,ziyadnz/hourly-ipv4,ziyadnz|hourly,2026-08-17T18:48:05Z,2026-08-17T18:48:05Z,
70.31.130.182,ipv4,malicious-ip,medium,WHITE,ziyadnz/hourly-ipv4,ziyadnz|hourly,2026-08-17T18:48:05Z,2026-08-17T18:48:05Z,
70.31.143.59,ipv4,malicious-ip,medium,WHITE,ziyadnz/hourly-ipv4,ziyadnz|hourly,2026-08-17T18:48:05Z,2026-08-17T18:48:05Z,
70.32.81.179,ipv4,malicious-ip,medium,WHITE,ziyadnz/hourly-ipv4,ziyadnz|hourly,2026-08-17T18:48:05Z,2026-08-17T18:48:05Z,
70.32.86.195,ipv4,malicious-ip,medium,WHITE,ziyadnz/hourly-ipv4,ziyadnz|hourly,2026-08-17T18:48:05Z,2026-08-17T18:48:05Z,
70.33.0.100,ipv4,malicious-ip,medium,WHITE,ziyadnz/hourly-ipv4,ziyadnz|hourly,2026-08-17T18:48:05Z,2026-08-17T18:48:05Z,
70.34.194.185,ipv4,malicious-ip,medium,WHITE,ziyadnz/hourly-ipv4,ziyadnz|hourly,2026-08-17T18:48:05Z,2026-08-17T18:48:05Z,
70.34.195.221,ipv4,malicious-ip,medium,WHITE,ziyadnz/hourly-ipv4,ziyadnz|hourly,2026-08-17T18:48:05Z,2026-08-17T18:48:05Z,
70.34.201.229,ipv4,malicious-ip,medium,WHITE,ziyadnz/hourly-ipv4,ziyadnz|hourly,2026-08-17T18:48:05Z,2026-08-17T18:48:05Z,
70.34.205.43,ipv4,malicious-ip,medium,WHITE,ziyadnz/hourly-ipv4,ziyadnz|hourly,2026-08-17T18:48:05Z,2026-08-17T18:48:05Z,
70.34.208.197,ipv4,malicious-ip,medium,WHITE,ziyadnz/hourly-ipv4,ziyadnz|hourly,2026-08-17T18:48:05Z,2026-08-17T18:48:05Z,
70.34.209.101,ipv4,malicious-ip,medium,WHITE,ziyadnz/hourly-ipv4,ziyadnz|hourly,2026-08-17T18:48:05Z,2026-08-17T18:48:05Z,
70.34.220.100,ipv4,malicious-ip,medium,WHITE,ziyadnz/hourly-ipv4,ziyadnz|hourly,2026-08-17T18:48:05Z,2026-08-17T18:48:05Z,
70.34.242.220,ipv4,malicious-ip,medium,WHITE,ziyadnz/hourly-ipv4,ziyadnz|hourly,2026-08-17T18:48:05Z,2026-08-17T18:48:05Z,
70.34.242.255,ipv4,malicious-ip,medium,WHITE,ziyadnz/hourly-ipv4,ziyadnz|hourly,2026-08-17T18:48:05Z,2026-08-17T18:48:05Z,
70.34.243.226,ipv4,malicious-ip,medium,WHITE,ziyadnz/hourly-ipv4,ziyadnz|hourly,2026-08-17T18:48:05Z,2026-08-17T18:48:05Z,
70.34.244.100,ipv4,malicious-ip,medium,WHITE,ziyadnz/hourly-ipv4,ziyadnz|hourly,2026-08-17T18:48:05Z,2026-08-17T18:48:05Z,
70.34.245.215,ipv4,malicious-ip,medium,WHITE,ziyadnz/hourly-ipv4,ziyadnz|hourly,2026-08-17T18:48:05Z,2026-08-17T18:48:05Z,
70.34.251.114,ipv4,malicious-ip,medium,WHITE,ziyadnz/hourly-ipv4,ziyadnz|hourly,2026-08-17T18:48:05Z,2026-08-17T18:48:05Z,
70.34.252.168,ipv4,malicious-ip,medium,WHITE,ziyadnz/hourly-ipv4,ziyadnz|hourly,2026-08-17T18:48:05Z,2026-08-17T18:48:05Z,
70.34.252.186,ipv4,malicious-ip,medium,WHITE,ziyadnz/hourly-ipv4,ziyadnz|hourly,2026-08-17T18:48:05Z,2026-08-17T18:48:05Z,
70.34.252.222,ipv4,malicious-ip,medium,WHITE,ziyadnz/hourly-ipv4,ziyadnz|hourly,2026-08-17T18:48:05Z,2026-08-17T18:48:05Z,
70.34.253.13,ipv4,malicious-ip,medium,WHITE,ziyadnz/hourly-ipv4,ziyadnz|hourly,2026-08-17T18:48:05Z,2026-08-17T18:48:05Z,
70.34.253.247,ipv4,malicious-ip,medium,WHITE,ziyadnz/hourly-ipv4,ziyadnz|hourly,2026-08-17T18:48:05Z,2026-08-17T18:48:05Z,
70.34.254.245,ipv4,malicious-ip,medium,WHITE,ziyadnz/hourly-ipv4,ziyadnz|hourly,2026-08-17T18:48:05Z,2026-08-17T18:48:05Z,
70.34.32.69,ipv4,malicious-ip,medium,WHITE,ziyadnz/hourly-ipv4,ziyadnz|hourly,2026-08-17T18:48:05Z,2026-08-17T18:48:05Z,
70.35.134.82,ipv4,malicious-ip,medium,WHITE,ziyadnz/hourly-ipv4,ziyadnz|hourly,2026-08-17T18:48:05Z,2026-08-17T18:48:05Z,
70.35.207.70,ipv4,malicious-ip,medium,WHITE,ziyadnz/hourly-ipv4,ziyadnz|hourly,2026-08-17T18:48:05Z,2026-08-17T18:48:05Z,
70.39.27.75,ipv4,malicious-ip,medium,WHITE,ziyadnz/hourly-ipv4,ziyadnz|hourly,2026-08-17T18:48:05Z,2026-08-17T18:48:05Z,
70.40.112.237,ipv4,malicious-ip,medium,WHITE,ziyadnz/hourly-ipv4,ziyadnz|hourly,2026-08-17T18:48:05Z,2026-08-17T18:48:05Z,
70.40.112.90,ipv4,malicious-ip,medium,WHITE,ziyadnz/hourly-ipv4,ziyadnz|hourly,2026-08-17T18:48:05Z,2026-08-17T18:48:05Z,
70.40.220.123,ipv4,malicious-ip,medium,WHITE,ziyadnz/hourly-ipv4,ziyadnz|hourly,2026-08-17T18:48:05Z,2026-08-17T18:48:05Z,
70.45.146.40,ipv4,malicious-ip,medium,WHITE,ziyadnz/hourly-ipv4,ziyadnz|hourly,2026-08-17T18:48:05Z,2026-08-17T18:48:05Z,
70.45.98.53,ipv4,malicious-ip,medium,WHITE,ziyadnz/hourly-ipv4,ziyadnz|hourly,2026-08-17T18:48:05Z,2026-08-17T18:48:05Z,
70.50.3.214,ipv4,malicious-ip,medium,WHITE,ziyadnz/hourly-ipv4,ziyadnz|hourly,2026-08-17T18:48:05Z,2026-08-17T18:48:05Z,
70.51.132.197,ipv4,malicious-ip,medium,WHITE,ziyadnz/hourly-ipv4,ziyadnz|hourly,2026-08-17T18:48:05Z,2026-08-17T18:48:05Z,
70.51.137.244,ipv4,malicious-ip,medium,WHITE,ziyadnz/hourly-ipv4,ziyadnz|hourly,2026-08-17T18:48:05Z,2026-08-17T18:48:05Z,
70.52.78.225,ipv4,malicious-ip,medium,WHITE,ziyadnz/hourly-ipv4,ziyadnz|hourly,2026-08-17T18:48:05Z,2026-08-17T18:48:05Z,
70.54.68.107,ipv4,malicious-ip,medium,WHITE,ziyadnz/hourly-ipv4,ziyadnz|hourly,2026-08-17T18:48:05Z,2026-08-17T18:48:05Z,
70.60.30.222,ipv4,malicious-ip,medium,WHITE,ziyadnz/hourly-ipv4,ziyadnz|hourly,2026-08-17T18:48:05Z,2026-08-17T18:48:05Z,
70.64.77.115,ipv4,malicious-ip,medium,WHITE,ziyadnz/hourly-ipv4,ziyadnz|hourly,2026-08-17T18:48:05Z,2026-08-17T18:48:05Z,
70.65.44.183,ipv4,malicious-ip,medium,WHITE,ziyadnz/hourly-ipv4,ziyadnz|hourly,2026-08-17T18:48:05Z,2026-08-17T18:48:05Z,
70.70.32.117,ipv4,malicious-ip,medium,WHITE,ziyadnz/hourly-ipv4,ziyadnz|hourly,2026-08-17T18:48:05Z,2026-08-17T18:48:05Z,
70.77.124.202,ipv4,malicious-ip,medium,WHITE,ziyadnz/hourly-ipv4,ziyadnz|hourly,2026-08-17T18:48:05Z,2026-08-17T18:48:05Z,
70.81.127.119,ipv4,malicious-ip,medium,WHITE,ziyadnz/hourly-ipv4,ziyadnz|hourly,2026-08-17T18:48:05Z,2026-08-17T18:48:05Z,
70.89.178.97,ipv4,malicious-ip,medium,WHITE,ziyadnz/hourly-ipv4,ziyadnz|hourly,2026-08-17T18:48:05Z,2026-08-17T18:48:05Z,
70.91.42.187,ipv4,malicious-ip,medium,WHITE,ziyadnz/hourly-ipv4,ziyadnz|hourly,2026-08-17T18:48:05Z,2026-08-17T18:48:05Z,
70.92.143.217,ipv4,malicious-ip,medium,WHITE,ziyadnz/hourly-ipv4,ziyadnz|hourly,2026-08-17T18:48:05Z,2026-08-17T18:48:05Z,
70.93.195.169,ipv4,malicious-ip,medium,WHITE,ziyadnz/hourly-ipv4,ziyadnz|hourly,2026-08-17T18:48:05Z,2026-08-17T18:48:05Z,
70.93.82.47,ipv4,malicious-ip,medium,WHITE,ziyadnz/hourly-ipv4,ziyadnz|hourly,2026-08-17T18:48:05Z,2026-08-17T18:48:05Z,
70.94.165.79,ipv4,malicious-ip,medium,WHITE,ziyadnz/hourly-ipv4,ziyadnz|hourly,2026-08-17T18:48:05Z,2026-08-17T18:48:05Z,
70.98.79.18,ipv4,malicious-ip,medium,WHITE,ziyadnz/hourly-ipv4,ziyadnz|hourly,2026-08-17T18:48:05Z,2026-08-17T18:48:05Z,
71.10.243.185,ipv4,malicious-ip,medium,WHITE,ziyadnz/hourly-ipv4,ziyadnz|hourly,2026-08-17T18:48:05Z,2026-08-17T18:48:05Z,
71.104.10.119,ipv4,malicious-ip,medium,WHITE,ziyadnz/hourly-ipv4,ziyadnz|hourly,2026-08-17T18:48:05Z,2026-08-17T18:48:05Z,
71.104.26.242,ipv4,malicious-ip,medium,WHITE,ziyadnz/hourly-ipv4,ziyadnz|hourly,2026-08-17T18:48:05Z,2026-08-17T18:48:05Z,
71.111.244.229,ipv4,malicious-ip,medium,WHITE,ziyadnz/hourly-ipv4,ziyadnz|hourly,2026-08-17T18:48:05Z,2026-08-17T18:48:05Z,
71.117.66.33,ipv4,malicious-ip,medium,WHITE,ziyadnz/hourly-ipv4,ziyadnz|hourly,2026-08-17T18:48:05Z,2026-08-17T18:48:05Z,
71.12.227.174,ipv4,malicious-ip,medium,WHITE,ziyadnz/hourly-ipv4,ziyadnz|hourly,2026-08-17T18:48:05Z,2026-08-17T18:48:05Z,
71.127.149.194,ipv4,malicious-ip,medium,WHITE,ziyadnz/hourly-ipv4,ziyadnz|hourly,2026-08-17T18:48:05Z,2026-08-17T18:48:05Z,
71.150.161.114,ipv4,malicious-ip,medium,WHITE,ziyadnz/hourly-ipv4,ziyadnz|hourly,2026-08-17T18:48:05Z,2026-08-17T18:48:05Z,
71.17.0.105,ipv4,malicious-ip,medium,WHITE,ziyadnz/hourly-ipv4,ziyadnz|hourly,2026-08-17T18:48:05Z,2026-08-17T18:48:05Z,
71.17.114.220,ipv4,malicious-ip,medium,WHITE,ziyadnz/hourly-ipv4,ziyadnz|hourly,2026-08-17T18:48:05Z,2026-08-17T18:48:05Z,
71.172.229.56,ipv4,malicious-ip,medium,WHITE,ziyadnz/hourly-ipv4,ziyadnz|hourly,2026-08-17T18:48:05Z,2026-08-17T18:48:05Z,
71.172.38.43,ipv4,malicious-ip,medium,WHITE,ziyadnz/hourly-ipv4,ziyadnz|hourly,2026-08-17T18:48:05Z,2026-08-17T18:48:05Z,
71.173.193.16,ipv4,malicious-ip,medium,WHITE,ziyadnz/hourly-ipv4,ziyadnz|hourly,2026-08-17T18:48:05Z,2026-08-17T18:48:05Z,
71.175.203.149,ipv4,malicious-ip,medium,WHITE,ziyadnz/hourly-ipv4,ziyadnz|hourly,2026-08-17T18:48:05Z,2026-08-17T18:48:05Z,
71.176.248.140,ipv4,malicious-ip,medium,WHITE,ziyadnz/hourly-ipv4,ziyadnz|hourly,2026-08-17T18:48:05Z,2026-08-17T18:48:05Z,
71.178.188.190,ipv4,malicious-ip,medium,WHITE,ziyadnz/hourly-ipv4,ziyadnz|hourly,2026-08-17T18:48:05Z,2026-08-17T18:48:05Z,
71.183.42.72,ipv4,malicious-ip,medium,WHITE,ziyadnz/hourly-ipv4,ziyadnz|hourly,2026-08-17T18:48:05Z,2026-08-17T18:48:05Z,
71.185.171.55,ipv4,malicious-ip,medium,WHITE,ziyadnz/hourly-ipv4,ziyadnz|hourly,2026-08-17T18:48:05Z,2026-08-17T18:48:05Z,
71.187.70.138,ipv4,malicious-ip,medium,WHITE,ziyadnz/hourly-ipv4,ziyadnz|hourly,2026-08-17T18:48:05Z,2026-08-17T18:48:05Z,
71.188.123.108,ipv4,malicious-ip,medium,WHITE,ziyadnz/hourly-ipv4,ziyadnz|hourly,2026-08-17T18:48:05Z,2026-08-17T18:48:05Z,
71.19.144.106,ipv4,malicious-ip,medium,WHITE,ziyadnz/hourly-ipv4,ziyadnz|hourly,2026-08-17T18:48:05Z,2026-08-17T18:48:05Z,
71.190.213.80,ipv4,malicious-ip,medium,WHITE,ziyadnz/hourly-ipv4,ziyadnz|hourly,2026-08-17T18:48:05Z,2026-08-17T18:48:05Z,
71.191.209.19,ipv4,malicious-ip,medium,WHITE,ziyadnz/hourly-ipv4,ziyadnz|hourly,2026-08-17T18:48:05Z,2026-08-17T18:48:05Z,
71.192.173.222,ipv4,malicious-ip,medium,WHITE,ziyadnz/hourly-ipv4,ziyadnz|hourly,2026-08-17T18:48:05Z,2026-08-17T18:48:05Z,
71.195.119.47,ipv4,malicious-ip,medium,WHITE,ziyadnz/hourly-ipv4,ziyadnz|hourly,2026-08-17T18:48:05Z,2026-08-17T18:48:05Z,
71.195.217.15,ipv4,malicious-ip,medium,WHITE,ziyadnz/hourly-ipv4,ziyadnz|hourly,2026-08-17T18:48:05Z,2026-08-17T18:48:05Z,
71.196.11.7,ipv4,malicious-ip,medium,WHITE,ziyadnz/hourly-ipv4,ziyadnz|hourly,2026-08-17T18:48:05Z,2026-08-17T18:48:05Z,
71.197.47.202,ipv4,malicious-ip,medium,WHITE,ziyadnz/hourly-ipv4,ziyadnz|hourly,2026-08-17T18:48:05Z,2026-08-17T18:48:05Z,
71.198.242.23,ipv4,malicious-ip,medium,WHITE,ziyadnz/hourly-ipv4,ziyadnz|hourly,2026-08-17T18:48:05Z,2026-08-17T18:48:05Z,
71.198.73.75,ipv4,malicious-ip,medium,WHITE,ziyadnz/hourly-ipv4,ziyadnz|hourly,2026-08-17T18:48:05Z,2026-08-17T18:48:05Z,
71.201.49.227,ipv4,malicious-ip,medium,WHITE,ziyadnz/hourly-ipv4,ziyadnz|hourly,2026-08-17T18:48:05Z,2026-08-17T18:48:05Z,
71.204.98.188,ipv4,malicious-ip,medium,WHITE,ziyadnz/hourly-ipv4,ziyadnz|hourly,2026-08-17T18:48:05Z,2026-08-17T18:48:05Z,
71.206.132.63,ipv4,malicious-ip,medium,WHITE,ziyadnz/hourly-ipv4,ziyadnz|hourly,2026-08-17T18:48:05Z,2026-08-17T18:48:05Z,
71.206.190.209,ipv4,malicious-ip,medium,WHITE,ziyadnz/hourly-ipv4,ziyadnz|hourly,2026-08-17T18:48:05Z,2026-08-17T18:48:05Z,
71.208.213.254,ipv4,malicious-ip,medium,WHITE,ziyadnz/hourly-ipv4,ziyadnz|hourly,2026-08-17T18:48:05Z,2026-08-17T18:48:05Z,
71.211.230.1,ipv4,malicious-ip,medium,WHITE,ziyadnz/hourly-ipv4,ziyadnz|hourly,2026-08-17T18:48:05Z,2026-08-17T18:48:05Z,
71.213.17.33,ipv4,malicious-ip,medium,WHITE,ziyadnz/hourly-ipv4,ziyadnz|hourly,2026-08-17T18:48:05Z,2026-08-17T18:48:05Z,
71.219.149.94,ipv4,malicious-ip,medium,WHITE,ziyadnz/hourly-ipv4,ziyadnz|hourly,2026-08-17T18:48:05Z,2026-08-17T18:48:05Z,
71.226.210.199,ipv4,malicious-ip,medium,WHITE,ziyadnz/hourly-ipv4,ziyadnz|hourly,2026-08-17T18:48:05Z,2026-08-17T18:48:05Z,
71.230.153.73,ipv4,malicious-ip,medium,WHITE,ziyadnz/hourly-ipv4,ziyadnz|hourly,2026-08-17T18:48:05Z,2026-08-17T18:48:05Z,
71.231.21.18,ipv4,malicious-ip,medium,WHITE,ziyadnz/hourly-ipv4,ziyadnz|hourly,2026-08-17T18:48:05Z,2026-08-17T18:48:05Z,
71.235.151.152,ipv4,malicious-ip,medium,WHITE,ziyadnz/hourly-ipv4,ziyadnz|hourly,2026-08-17T18:48:05Z,2026-08-17T18:48:05Z,
71.235.225.181,ipv4,malicious-ip,medium,WHITE,ziyadnz/hourly-ipv4,ziyadnz|hourly,2026-08-17T18:48:05Z,2026-08-17T18:48:05Z,
71.238.192.156,ipv4,malicious-ip,medium,WHITE,ziyadnz/hourly-ipv4,ziyadnz|hourly,2026-08-17T18:48:05Z,2026-08-17T18:48:05Z,
71.245.167.60,ipv4,malicious-ip,medium,WHITE,ziyadnz/hourly-ipv4,ziyadnz|hourly,2026-08-17T18:48:05Z,2026-08-17T18:48:05Z,
71.250.208.24,ipv4,malicious-ip,medium,WHITE,ziyadnz/hourly-ipv4,ziyadnz|hourly,2026-08-17T18:48:05Z,2026-08-17T18:48:05Z,
71.255.254.96,ipv4,malicious-ip,medium,WHITE,ziyadnz/hourly-ipv4,ziyadnz|hourly,2026-08-17T18:48:05Z,2026-08-17T18:48:05Z,
71.28.75.198,ipv4,malicious-ip,medium,WHITE,ziyadnz/hourly-ipv4,ziyadnz|hourly,2026-08-17T18:48:05Z,2026-08-17T18:48:05Z,
71.30.183.42,ipv4,malicious-ip,medium,WHITE,ziyadnz/hourly-ipv4,ziyadnz|hourly,2026-08-17T18:48:05Z,2026-08-17T18:48:05Z,
71.30.204.244,ipv4,malicious-ip,medium,WHITE,ziyadnz/hourly-ipv4,ziyadnz|hourly,2026-08-17T18:48:05Z,2026-08-17T18:48:05Z,
71.46.118.120,ipv4,malicious-ip,medium,WHITE,ziyadnz/hourly-ipv4,ziyadnz|hourly,2026-08-17T18:48:05Z,2026-08-17T18:48:05Z,
71.56.78.183,ipv4,malicious-ip,medium,WHITE,ziyadnz/hourly-ipv4,ziyadnz|hourly,2026-08-17T18:48:05Z,2026-08-17T18:48:05Z,
71.57.213.171,ipv4,malicious-ip,medium,WHITE,ziyadnz/hourly-ipv4,ziyadnz|hourly,2026-08-17T18:48:05Z,2026-08-17T18:48:05Z,
71.59.55.112,ipv4,malicious-ip,medium,WHITE,ziyadnz/hourly-ipv4,ziyadnz|hourly,2026-08-17T18:48:05Z,2026-08-17T18:48:05Z,
71.6.134.0,ipv4,malicious-ip,medium,WHITE,ziyadnz/hourly-ipv4,ziyadnz|hourly,2026-08-17T18:48:05Z,2026-08-17T18:48:05Z,
71.6.134.204,ipv4,malicious-ip,medium,WHITE,ziyadnz/hourly-ipv4,ziyadnz|hourly,2026-08-17T18:48:05Z,2026-08-17T18:48:05Z,
71.6.134.228,ipv4,malicious-ip,medium,WHITE,ziyadnz/hourly-ipv4,ziyadnz|hourly,2026-08-17T18:48:05Z,2026-08-17T18:48:05Z,
71.6.134.229,ipv4,malicious-ip,medium,WHITE,ziyadnz/hourly-ipv4,ziyadnz|hourly,2026-08-17T18:48:05Z,2026-08-17T18:48:05Z,
71.6.134.230,ipv4,malicious-ip,medium,WHITE,ziyadnz/hourly-ipv4,ziyadnz|hourly,2026-08-17T18:48:05Z,2026-08-17T18:48:05Z,
71.6.134.232,ipv4,malicious-ip,medium,WHITE,ziyadnz/hourly-ipv4,ziyadnz|hourly,2026-08-17T18:48:05Z,2026-08-17T18:48:05Z,
71.6.134.233,ipv4,malicious-ip,medium,WHITE,ziyadnz/hourly-ipv4,ziyadnz|hourly,2026-08-17T18:48:05Z,2026-08-17T18:48:05Z,
71.6.134.234,ipv4,malicious-ip,medium,WHITE,ziyadnz/hourly-ipv4,ziyadnz|hourly,2026-08-17T18:48:05Z,2026-08-17T18:48:05Z,
71.6.134.235,ipv4,malicious-ip,medium,WHITE,ziyadnz/hourly-ipv4,ziyadnz|hourly,2026-08-17T18:48:05Z,2026-08-17T18:48:05Z,
71.6.134.236,ipv4,malicious-ip,medium,WHITE,ziyadnz/hourly-ipv4,ziyadnz|hourly,2026-08-17T18:48:05Z,2026-08-17T18:48:05Z,
71.6.134.237,ipv4,malicious-ip,medium,WHITE,ziyadnz/hourly-ipv4,ziyadnz|hourly,2026-08-17T18:48:05Z,2026-08-17T18:48:05Z,
71.6.135.131,ipv4,malicious-ip,medium,WHITE,ziyadnz/hourly-ipv4,ziyadnz|hourly,2026-08-17T18:48:05Z,2026-08-17T18:48:05Z,
71.6.146.130,ipv4,malicious-ip,medium,WHITE,ziyadnz/hourly-ipv4,ziyadnz|hourly,2026-08-17T18:48:05Z,2026-08-17T18:48:05Z,
71.6.146.185,ipv4,malicious-ip,medium,WHITE,ziyadnz/hourly-ipv4,ziyadnz|hourly,2026-08-17T18:48:05Z,2026-08-17T18:48:05Z,
71.6.146.186,ipv4,malicious-ip,medium,WHITE,ziyadnz/hourly-ipv4,ziyadnz|hourly,2026-08-17T18:48:05Z,2026-08-17T18:48:05Z,
71.6.147.254,ipv4,malicious-ip,medium,WHITE,ziyadnz/hourly-ipv4,ziyadnz|hourly,2026-08-17T18:48:05Z,2026-08-17T18:48:05Z,
71.6.165.200,ipv4,malicious-ip,medium,WHITE,ziyadnz/hourly-ipv4,ziyadnz|hourly,2026-08-17T18:48:05Z,2026-08-17T18:48:05Z,
71.6.167.142,ipv4,malicious-ip,medium,WHITE,ziyadnz/hourly-ipv4,ziyadnz|hourly,2026-08-17T18:48:05Z,2026-08-17T18:48:05Z,
71.6.199.65,ipv4,malicious-ip,medium,WHITE,ziyadnz/hourly-ipv4,ziyadnz|hourly,2026-08-17T18:48:05Z,2026-08-17T18:48:05Z,
71.6.199.87,ipv4,malicious-ip,medium,WHITE,ziyadnz/hourly-ipv4,ziyadnz|hourly,2026-08-17T18:48:05Z,2026-08-17T18:48:05Z,
71.6.232.0,ipv4,malicious-ip,medium,WHITE,ziyadnz/hourly-ipv4,ziyadnz|hourly,2026-08-17T18:48:05Z,2026-08-17T18:48:05Z,
71.6.232.23,ipv4,malicious-ip,medium,WHITE,ziyadnz/hourly-ipv4,ziyadnz|hourly,2026-08-17T18:48:05Z,2026-08-17T18:48:05Z,
71.6.232.24,ipv4,malicious-ip,medium,WHITE,ziyadnz/hourly-ipv4,ziyadnz|hourly,2026-08-17T18:48:05Z,2026-08-17T18:48:05Z,
71.6.232.28,ipv4,malicious-ip,medium,WHITE,ziyadnz/hourly-ipv4,ziyadnz|hourly,2026-08-17T18:48:05Z,2026-08-17T18:48:05Z,
71.6.232.29,ipv4,malicious-ip,medium,WHITE,ziyadnz/hourly-ipv4,ziyadnz|hourly,2026-08-17T18:48:05Z,2026-08-17T18:48:05Z,
71.6.232.30,ipv4,malicious-ip,medium,WHITE,ziyadnz/hourly-ipv4,ziyadnz|hourly,2026-08-17T18:48:05Z,2026-08-17T18:48:05Z,
71.6.233.0,ipv4,malicious-ip,medium,WHITE,ziyadnz/hourly-ipv4,ziyadnz|hourly,2026-08-17T18:48:05Z,2026-08-17T18:48:05Z,
71.6.233.137,ipv4,malicious-ip,medium,WHITE,ziyadnz/hourly-ipv4,ziyadnz|hourly,2026-08-17T18:48:05Z,2026-08-17T18:48:05Z,
71.6.233.143,ipv4,malicious-ip,medium,WHITE,ziyadnz/hourly-ipv4,ziyadnz|hourly,2026-08-17T18:48:05Z,2026-08-17T18:48:05Z,
71.6.233.146,ipv4,malicious-ip,medium,WHITE,ziyadnz/hourly-ipv4,ziyadnz|hourly,2026-08-17T18:48:05Z,2026-08-17T18:48:05Z,
71.6.233.150,ipv4,malicious-ip,medium,WHITE,ziyadnz/hourly-ipv4,ziyadnz|hourly,2026-08-17T18:48:05Z,2026-08-17T18:48:05Z,
71.6.233.157,ipv4,malicious-ip,medium,WHITE,ziyadnz/hourly-ipv4,ziyadnz|hourly,2026-08-17T18:48:05Z,2026-08-17T18:48:05Z,
71.6.233.163,ipv4,malicious-ip,medium,WHITE,ziyadnz/hourly-ipv4,ziyadnz|hourly,2026-08-17T18:48:05Z,2026-08-17T18:48:05Z,
71.6.233.177,ipv4,malicious-ip,medium,WHITE,ziyadnz/hourly-ipv4,ziyadnz|hourly,2026-08-17T18:48:05Z,2026-08-17T18:48:05Z,
71.6.233.181,ipv4,malicious-ip,medium,WHITE,ziyadnz/hourly-ipv4,ziyadnz|hourly,2026-08-17T18:48:05Z,2026-08-17T18:48:05Z,
71.6.233.184,ipv4,malicious-ip,medium,WHITE,ziyadnz/hourly-ipv4,ziyadnz|hourly,2026-08-17T18:48:05Z,2026-08-17T18:48:05Z,
71.6.233.185,ipv4,malicious-ip,medium,WHITE,ziyadnz/hourly-ipv4,ziyadnz|hourly,2026-08-17T18:48:05Z,2026-08-17T18:48:05Z,
71.6.233.191,ipv4,malicious-ip,medium,WHITE,ziyadnz/hourly-ipv4,ziyadnz|hourly,2026-08-17T18:48:05Z,2026-08-17T18:48:05Z,
71.6.233.192,ipv4,malicious-ip,medium,WHITE,ziyadnz/hourly-ipv4,ziyadnz|hourly,2026-08-17T18:48:05Z,2026-08-17T18:48:05Z,
71.6.233.193,ipv4,malicious-ip,medium,WHITE,ziyadnz/hourly-ipv4,ziyadnz|hourly,2026-08-17T18:48:05Z,2026-08-17T18:48:05Z,
71.6.233.195,ipv4,malicious-ip,medium,WHITE,ziyadnz/hourly-ipv4,ziyadnz|hourly,2026-08-17T18:48:05Z,2026-08-17T18:48:05Z,
71.6.233.196,ipv4,malicious-ip,medium,WHITE,ziyadnz/hourly-ipv4,ziyadnz|hourly,2026-08-17T18:48:05Z,2026-08-17T18:48:05Z,
71.6.233.199,ipv4,malicious-ip,medium,WHITE,ziyadnz/hourly-ipv4,ziyadnz|hourly,2026-08-17T18:48:05Z,2026-08-17T18:48:05Z,
71.6.233.2,ipv4,malicious-ip,medium,WHITE,ziyadnz/hourly-ipv4,ziyadnz|hourly,2026-08-17T18:48:05Z,2026-08-17T18:48:05Z,
71.6.233.200,ipv4,malicious-ip,medium,WHITE,ziyadnz/hourly-ipv4,ziyadnz|hourly,2026-08-17T18:48:05Z,2026-08-17T18:48:05Z,
71.6.233.205,ipv4,malicious-ip,medium,WHITE,ziyadnz/hourly-ipv4,ziyadnz|hourly,2026-08-17T18:48:05Z,2026-08-17T18:48:05Z,
71.6.233.207,ipv4,malicious-ip,medium,WHITE,ziyadnz/hourly-ipv4,ziyadnz|hourly,2026-08-17T18:48:05Z,2026-08-17T18:48:05Z,
71.6.233.208,ipv4,malicious-ip,medium,WHITE,ziyadnz/hourly-ipv4,ziyadnz|hourly,2026-08-17T18:48:05Z,2026-08-17T18:48:05Z,
71.6.233.209,ipv4,malicious-ip,medium,WHITE,ziyadnz/hourly-ipv4,ziyadnz|hourly,2026-08-17T18:48:05Z,2026-08-17T18:48:05Z,
71.6.233.210,ipv4,malicious-ip,medium,WHITE,ziyadnz/hourly-ipv4,ziyadnz|hourly,2026-08-17T18:48:05Z,2026-08-17T18:48:05Z,
71.6.233.212,ipv4,malicious-ip,medium,WHITE,ziyadnz/hourly-ipv4,ziyadnz|hourly,2026-08-17T18:48:05Z,2026-08-17T18:48:05Z,
71.6.233.215,ipv4,malicious-ip,medium,WHITE,ziyadnz/hourly-ipv4,ziyadnz|hourly,2026-08-17T18:48:05Z,2026-08-17T18:48:05Z,
71.6.233.218,ipv4,malicious-ip,medium,WHITE,ziyadnz/hourly-ipv4,ziyadnz|hourly,2026-08-17T18:48:05Z,2026-08-17T18:48:05Z,
71.6.233.220,ipv4,malicious-ip,medium,WHITE,ziyadnz/hourly-ipv4,ziyadnz|hourly,2026-08-17T18:48:05Z,2026-08-17T18:48:05Z,
71.6.233.223,ipv4,malicious-ip,medium,WHITE,ziyadnz/hourly-ipv4,ziyadnz|hourly,2026-08-17T18:48:05Z,2026-08-17T18:48:05Z,
71.6.233.226,ipv4,malicious-ip,medium,WHITE,ziyadnz/hourly-ipv4,ziyadnz|hourly,2026-08-17T18:48:05Z,2026-08-17T18:48:05Z,
71.6.233.230,ipv4,malicious-ip,medium,WHITE,ziyadnz/hourly-ipv4,ziyadnz|hourly,2026-08-17T18:48:05Z,2026-08-17T18:48:05Z,
71.6.233.231,ipv4,malicious-ip,medium,WHITE,ziyadnz/hourly-ipv4,ziyadnz|hourly,2026-08-17T18:48:05Z,2026-08-17T18:48:05Z,
71.6.233.241,ipv4,malicious-ip,medium,WHITE,ziyadnz/hourly-ipv4,ziyadnz|hourly,2026-08-17T18:48:05Z,2026-08-17T18:48:05Z,
71.6.233.242,ipv4,malicious-ip,medium,WHITE,ziyadnz/hourly-ipv4,ziyadnz|hourly,2026-08-17T18:48:05Z,2026-08-17T18:48:05Z,
71.6.233.247,ipv4,malicious-ip,medium,WHITE,ziyadnz/hourly-ipv4,ziyadnz|hourly,2026-08-17T18:48:05Z,2026-08-17T18:48:05Z,
71.6.233.249,ipv4,malicious-ip,medium,WHITE,ziyadnz/hourly-ipv4,ziyadnz|hourly,2026-08-17T18:48:05Z,2026-08-17T18:48:05Z,
71.6.233.250,ipv4,malicious-ip,medium,WHITE,ziyadnz/hourly-ipv4,ziyadnz|hourly,2026-08-17T18:48:05Z,2026-08-17T18:48:05Z,
71.6.233.252,ipv4,malicious-ip,medium,WHITE,ziyadnz/hourly-ipv4,ziyadnz|hourly,2026-08-17T18:48:05Z,2026-08-17T18:48:05Z,
71.6.235.196,ipv4,malicious-ip,medium,WHITE,ziyadnz/hourly-ipv4,ziyadnz|hourly,2026-08-17T18:48:05Z,2026-08-17T18:48:05Z,
71.6.236.131,ipv4,malicious-ip,medium,WHITE,ziyadnz/hourly-ipv4,ziyadnz|hourly,2026-08-17T18:48:05Z,2026-08-17T18:48:05Z,
71.6.236.46,ipv4,malicious-ip,medium,WHITE,ziyadnz/hourly-ipv4,ziyadnz|hourly,2026-08-17T18:48:05Z,2026-08-17T18:48:05Z,
71.6.237.217,ipv4,malicious-ip,medium,WHITE,ziyadnz/hourly-ipv4,ziyadnz|hourly,2026-08-17T18:48:05Z,2026-08-17T18:48:05Z,
71.6.237.32,ipv4,malicious-ip,medium,WHITE,ziyadnz/hourly-ipv4,ziyadnz|hourly,2026-08-17T18:48:05Z,2026-08-17T18:48:05Z,
71.6.237.45,ipv4,malicious-ip,medium,WHITE,ziyadnz/hourly-ipv4,ziyadnz|hourly,2026-08-17T18:48:05Z,2026-08-17T18:48:05Z,
71.6.238.106,ipv4,malicious-ip,medium,WHITE,ziyadnz/hourly-ipv4,ziyadnz|hourly,2026-08-17T18:48:05Z,2026-08-17T18:48:05Z,
71.6.238.110,ipv4,malicious-ip,medium,WHITE,ziyadnz/hourly-ipv4,ziyadnz|hourly,2026-08-17T18:48:05Z,2026-08-17T18:48:05Z,
71.6.238.212,ipv4,malicious-ip,medium,WHITE,ziyadnz/hourly-ipv4,ziyadnz|hourly,2026-08-17T18:48:05Z,2026-08-17T18:48:05Z,
71.6.238.26,ipv4,malicious-ip,medium,WHITE,ziyadnz/hourly-ipv4,ziyadnz|hourly,2026-08-17T18:48:05Z,2026-08-17T18:48:05Z,
71.6.238.72,ipv4,malicious-ip,medium,WHITE,ziyadnz/hourly-ipv4,ziyadnz|hourly,2026-08-17T18:48:05Z,2026-08-17T18:48:05Z,
71.6.238.76,ipv4,malicious-ip,medium,WHITE,ziyadnz/hourly-ipv4,ziyadnz|hourly,2026-08-17T18:48:05Z,2026-08-17T18:48:05Z,
71.6.239.108,ipv4,malicious-ip,medium,WHITE,ziyadnz/hourly-ipv4,ziyadnz|hourly,2026-08-17T18:48:05Z,2026-08-17T18:48:05Z,
71.6.239.208,ipv4,malicious-ip,medium,WHITE,ziyadnz/hourly-ipv4,ziyadnz|hourly,2026-08-17T18:48:05Z,2026-08-17T18:48:05Z,
71.6.239.225,ipv4,malicious-ip,medium,WHITE,ziyadnz/hourly-ipv4,ziyadnz|hourly,2026-08-17T18:48:05Z,2026-08-17T18:48:05Z,
71.6.239.242,ipv4,malicious-ip,medium,WHITE,ziyadnz/hourly-ipv4,ziyadnz|hourly,2026-08-17T18:48:05Z,2026-08-17T18:48:05Z,
71.6.240.188,ipv4,malicious-ip,medium,WHITE,ziyadnz/hourly-ipv4,ziyadnz|hourly,2026-08-17T18:48:05Z,2026-08-17T18:48:05Z,
71.6.240.195,ipv4,malicious-ip,medium,WHITE,ziyadnz/hourly-ipv4,ziyadnz|hourly,2026-08-17T18:48:05Z,2026-08-17T18:48:05Z,
71.6.240.245,ipv4,malicious-ip,medium,WHITE,ziyadnz/hourly-ipv4,ziyadnz|hourly,2026-08-17T18:48:05Z,2026-08-17T18:48:05Z,
71.6.240.45,ipv4,malicious-ip,medium,WHITE,ziyadnz/hourly-ipv4,ziyadnz|hourly,2026-08-17T18:48:05Z,2026-08-17T18:48:05Z,
71.6.240.85,ipv4,malicious-ip,medium,WHITE,ziyadnz/hourly-ipv4,ziyadnz|hourly,2026-08-17T18:48:05Z,2026-08-17T18:48:05Z,
71.6.241.136,ipv4,malicious-ip,medium,WHITE,ziyadnz/hourly-ipv4,ziyadnz|hourly,2026-08-17T18:48:05Z,2026-08-17T18:48:05Z,
71.63.234.26,ipv4,malicious-ip,medium,WHITE,ziyadnz/hourly-ipv4,ziyadnz|hourly,2026-08-17T18:48:05Z,2026-08-17T18:48:05Z,
71.64.119.65,ipv4,malicious-ip,medium,WHITE,ziyadnz/hourly-ipv4,ziyadnz|hourly,2026-08-17T18:48:05Z,2026-08-17T18:48:05Z,
71.65.147.131,ipv4,malicious-ip,medium,WHITE,ziyadnz/hourly-ipv4,ziyadnz|hourly,2026-08-17T18:48:05Z,2026-08-17T18:48:05Z,
71.72.49.206,ipv4,malicious-ip,medium,WHITE,ziyadnz/hourly-ipv4,ziyadnz|hourly,2026-08-17T18:48:05Z,2026-08-17T18:48:05Z,
71.74.139.198,ipv4,malicious-ip,medium,WHITE,ziyadnz/hourly-ipv4,ziyadnz|hourly,2026-08-17T18:48:05Z,2026-08-17T18:48:05Z,
71.75.1.173,ipv4,malicious-ip,medium,WHITE,ziyadnz/hourly-ipv4,ziyadnz|hourly,2026-08-17T18:48:05Z,2026-08-17T18:48:05Z,
71.76.136.224,ipv4,malicious-ip,medium,WHITE,ziyadnz/hourly-ipv4,ziyadnz|hourly,2026-08-17T18:48:05Z,2026-08-17T18:48:05Z,
71.80.194.137,ipv4,malicious-ip,medium,WHITE,ziyadnz/hourly-ipv4,ziyadnz|hourly,2026-08-17T18:48:05Z,2026-08-17T18:48:05Z,
71.85.150.34,ipv4,malicious-ip,medium,WHITE,ziyadnz/hourly-ipv4,ziyadnz|hourly,2026-08-17T18:48:05Z,2026-08-17T18:48:05Z,
71.86.58.208,ipv4,malicious-ip,medium,WHITE,ziyadnz/hourly-ipv4,ziyadnz|hourly,2026-08-17T18:48:05Z,2026-08-17T18:48:05Z,
71.90.253.169,ipv4,malicious-ip,medium,WHITE,ziyadnz/hourly-ipv4,ziyadnz|hourly,2026-08-17T18:48:05Z,2026-08-17T18:48:05Z,
71.90.30.53,ipv4,malicious-ip,medium,WHITE,ziyadnz/hourly-ipv4,ziyadnz|hourly,2026-08-17T18:48:05Z,2026-08-17T18:48:05Z,
72.10.134.33,ipv4,malicious-ip,medium,WHITE,ziyadnz/hourly-ipv4,ziyadnz|hourly,2026-08-17T18:48:05Z,2026-08-17T18:48:05Z,
72.10.32.138,ipv4,malicious-ip,medium,WHITE,ziyadnz/hourly-ipv4,ziyadnz|hourly,2026-08-17T18:48:05Z,2026-08-17T18:48:05Z,
72.10.66.170,ipv4,malicious-ip,medium,WHITE,ziyadnz/hourly-ipv4,ziyadnz|hourly,2026-08-17T18:48:05Z,2026-08-17T18:48:05Z,
72.11.140.199,ipv4,malicious-ip,medium,WHITE,ziyadnz/hourly-ipv4,ziyadnz|hourly,2026-08-17T18:48:05Z,2026-08-17T18:48:05Z,
72.11.155.223,ipv4,malicious-ip,medium,WHITE,ziyadnz/hourly-ipv4,ziyadnz|hourly,2026-08-17T18:48:05Z,2026-08-17T18:48:05Z,
72.134.0.18,ipv4,malicious-ip,medium,WHITE,ziyadnz/hourly-ipv4,ziyadnz|hourly,2026-08-17T18:48:05Z,2026-08-17T18:48:05Z,
72.14.147.190,ipv4,malicious-ip,medium,WHITE,ziyadnz/hourly-ipv4,ziyadnz|hourly,2026-08-17T18:48:05Z,2026-08-17T18:48:05Z,
72.14.147.203,ipv4,malicious-ip,medium,WHITE,ziyadnz/hourly-ipv4,ziyadnz|hourly,2026-08-17T18:48:05Z,2026-08-17T18:48:05Z,
72.14.147.237,ipv4,malicious-ip,medium,WHITE,ziyadnz/hourly-ipv4,ziyadnz|hourly,2026-08-17T18:48:05Z,2026-08-17T18:48:05Z,
72.14.147.83,ipv4,malicious-ip,medium,WHITE,ziyadnz/hourly-ipv4,ziyadnz|hourly,2026-08-17T18:48:05Z,2026-08-17T18:48:05Z,
72.14.176.90,ipv4,malicious-ip,medium,WHITE,ziyadnz/hourly-ipv4,ziyadnz|hourly,2026-08-17T18:48:05Z,2026-08-17T18:48:05Z,
72.14.179.125,ipv4,malicious-ip,medium,WHITE,ziyadnz/hourly-ipv4,ziyadnz|hourly,2026-08-17T18:48:05Z,2026-08-17T18:48:05Z,
72.14.183.90,ipv4,malicious-ip,medium,WHITE,ziyadnz/hourly-ipv4,ziyadnz|hourly,2026-08-17T18:48:05Z,2026-08-17T18:48:05Z,
72.14.186.195,ipv4,malicious-ip,medium,WHITE,ziyadnz/hourly-ipv4,ziyadnz|hourly,2026-08-17T18:48:05Z,2026-08-17T18:48:05Z,
72.14.186.98,ipv4,malicious-ip,medium,WHITE,ziyadnz/hourly-ipv4,ziyadnz|hourly,2026-08-17T18:48:05Z,2026-08-17T18:48:05Z,
72.146.13.166,ipv4,malicious-ip,medium,WHITE,ziyadnz/hourly-ipv4,ziyadnz|hourly,2026-08-17T18:48:05Z,2026-08-17T18:48:05Z,
72.146.29.103,ipv4,malicious-ip,medium,WHITE,ziyadnz/hourly-ipv4,ziyadnz|hourly,2026-08-17T18:48:05Z,2026-08-17T18:48:05Z,
72.146.33.199,ipv4,malicious-ip,medium,WHITE,ziyadnz/hourly-ipv4,ziyadnz|hourly,2026-08-17T18:48:05Z,2026-08-17T18:48:05Z,
72.146.33.77,ipv4,malicious-ip,medium,WHITE,ziyadnz/hourly-ipv4,ziyadnz|hourly,2026-08-17T18:48:05Z,2026-08-17T18:48:05Z,
72.15.201.15,ipv4,malicious-ip,medium,WHITE,ziyadnz/hourly-ipv4,ziyadnz|hourly,2026-08-17T18:48:05Z,2026-08-17T18:48:05Z,
72.167.101.137,ipv4,malicious-ip,medium,WHITE,ziyadnz/hourly-ipv4,ziyadnz|hourly,2026-08-17T18:48:05Z,2026-08-17T18:48:05Z,
72.167.132.114,ipv4,malicious-ip,medium,WHITE,ziyadnz/hourly-ipv4,ziyadnz|hourly,2026-08-17T18:48:05Z,2026-08-17T18:48:05Z,
72.167.141.120,ipv4,malicious-ip,medium,WHITE,ziyadnz/hourly-ipv4,ziyadnz|hourly,2026-08-17T18:48:05Z,2026-08-17T18:48:05Z,
72.167.151.62,ipv4,malicious-ip,medium,WHITE,ziyadnz/hourly-ipv4,ziyadnz|hourly,2026-08-17T18:48:05Z,2026-08-17T18:48:05Z,
72.167.224.112,ipv4,malicious-ip,medium,WHITE,ziyadnz/hourly-ipv4,ziyadnz|hourly,2026-08-17T18:48:05Z,2026-08-17T18:48:05Z,
72.167.226.79,ipv4,malicious-ip,medium,WHITE,ziyadnz/hourly-ipv4,ziyadnz|hourly,2026-08-17T18:48:05Z,2026-08-17T18:48:05Z,
72.167.38.16,ipv4,malicious-ip,medium,WHITE,ziyadnz/hourly-ipv4,ziyadnz|hourly,2026-08-17T18:48:05Z,2026-08-17T18:48:05Z,
72.167.38.71,ipv4,malicious-ip,medium,WHITE,ziyadnz/hourly-ipv4,ziyadnz|hourly,2026-08-17T18:48:05Z,2026-08-17T18:48:05Z,
72.167.39.181,ipv4,malicious-ip,medium,WHITE,ziyadnz/hourly-ipv4,ziyadnz|hourly,2026-08-17T18:48:05Z,2026-08-17T18:48:05Z,
72.167.39.245,ipv4,malicious-ip,medium,WHITE,ziyadnz/hourly-ipv4,ziyadnz|hourly,2026-08-17T18:48:05Z,2026-08-17T18:48:05Z,
72.167.43.61,ipv4,malicious-ip,medium,WHITE,ziyadnz/hourly-ipv4,ziyadnz|hourly,2026-08-17T18:48:05Z,2026-08-17T18:48:05Z,
72.167.45.169,ipv4,malicious-ip,medium,WHITE,ziyadnz/hourly-ipv4,ziyadnz|hourly,2026-08-17T18:48:05Z,2026-08-17T18:48:05Z,
72.167.49.132,ipv4,malicious-ip,medium,WHITE,ziyadnz/hourly-ipv4,ziyadnz|hourly,2026-08-17T18:48:05Z,2026-08-17T18:48:05Z,
72.167.51.251,ipv4,malicious-ip,medium,WHITE,ziyadnz/hourly-ipv4,ziyadnz|hourly,2026-08-17T18:48:05Z,2026-08-17T18:48:05Z,
72.167.53.56,ipv4,malicious-ip,medium,WHITE,ziyadnz/hourly-ipv4,ziyadnz|hourly,2026-08-17T18:48:05Z,2026-08-17T18:48:05Z,
72.174.73.62,ipv4,malicious-ip,medium,WHITE,ziyadnz/hourly-ipv4,ziyadnz|hourly,2026-08-17T18:48:05Z,2026-08-17T18:48:05Z,
72.179.72.28,ipv4,malicious-ip,medium,WHITE,ziyadnz/hourly-ipv4,ziyadnz|hourly,2026-08-17T18:48:05Z,2026-08-17T18:48:05Z,
72.180.215.98,ipv4,malicious-ip,medium,WHITE,ziyadnz/hourly-ipv4,ziyadnz|hourly,2026-08-17T18:48:05Z,2026-08-17T18:48:05Z,
72.182.64.45,ipv4,malicious-ip,medium,WHITE,ziyadnz/hourly-ipv4,ziyadnz|hourly,2026-08-17T18:48:05Z,2026-08-17T18:48:05Z,
72.190.74.15,ipv4,malicious-ip,medium,WHITE,ziyadnz/hourly-ipv4,ziyadnz|hourly,2026-08-17T18:48:05Z,2026-08-17T18:48:05Z,
72.194.124.245,ipv4,malicious-ip,medium,WHITE,ziyadnz/hourly-ipv4,ziyadnz|hourly,2026-08-17T18:48:05Z,2026-08-17T18:48:05Z,
72.195.101.99,ipv4,malicious-ip,medium,WHITE,ziyadnz/hourly-ipv4,ziyadnz|hourly,2026-08-17T18:48:05Z,2026-08-17T18:48:05Z,
72.195.114.169,ipv4,malicious-ip,medium,WHITE,ziyadnz/hourly-ipv4,ziyadnz|hourly,2026-08-17T18:48:05Z,2026-08-17T18:48:05Z,
72.195.114.184,ipv4,malicious-ip,medium,WHITE,ziyadnz/hourly-ipv4,ziyadnz|hourly,2026-08-17T18:48:05Z,2026-08-17T18:48:05Z,
72.195.34.35,ipv4,malicious-ip,medium,WHITE,ziyadnz/hourly-ipv4,ziyadnz|hourly,2026-08-17T18:48:05Z,2026-08-17T18:48:05Z,
72.195.34.41,ipv4,malicious-ip,medium,WHITE,ziyadnz/hourly-ipv4,ziyadnz|hourly,2026-08-17T18:48:05Z,2026-08-17T18:48:05Z,
72.195.34.42,ipv4,malicious-ip,medium,WHITE,ziyadnz/hourly-ipv4,ziyadnz|hourly,2026-08-17T18:48:05Z,2026-08-17T18:48:05Z,
72.195.34.60,ipv4,malicious-ip,medium,WHITE,ziyadnz/hourly-ipv4,ziyadnz|hourly,2026-08-17T18:48:05Z,2026-08-17T18:48:05Z,
72.198.29.146,ipv4,malicious-ip,medium,WHITE,ziyadnz/hourly-ipv4,ziyadnz|hourly,2026-08-17T18:48:05Z,2026-08-17T18:48:05Z,
72.202.239.88,ipv4,malicious-ip,medium,WHITE,ziyadnz/hourly-ipv4,ziyadnz|hourly,2026-08-17T18:48:05Z,2026-08-17T18:48:05Z,
72.205.0.67,ipv4,malicious-ip,medium,WHITE,ziyadnz/hourly-ipv4,ziyadnz|hourly,2026-08-17T18:48:05Z,2026-08-17T18:48:05Z,
72.205.0.93,ipv4,malicious-ip,medium,WHITE,ziyadnz/hourly-ipv4,ziyadnz|hourly,2026-08-17T18:48:05Z,2026-08-17T18:48:05Z,
72.205.170.19,ipv4,malicious-ip,medium,WHITE,ziyadnz/hourly-ipv4,ziyadnz|hourly,2026-08-17T18:48:05Z,2026-08-17T18:48:05Z,
72.207.109.5,ipv4,malicious-ip,medium,WHITE,ziyadnz/hourly-ipv4,ziyadnz|hourly,2026-08-17T18:48:05Z,2026-08-17T18:48:05Z,
72.207.113.97,ipv4,malicious-ip,medium,WHITE,ziyadnz/hourly-ipv4,ziyadnz|hourly,2026-08-17T18:48:05Z,2026-08-17T18:48:05Z,
72.207.210.190,ipv4,malicious-ip,medium,WHITE,ziyadnz/hourly-ipv4,ziyadnz|hourly,2026-08-17T18:48:05Z,2026-08-17T18:48:05Z,
72.207.33.64,ipv4,malicious-ip,medium,WHITE,ziyadnz/hourly-ipv4,ziyadnz|hourly,2026-08-17T18:48:05Z,2026-08-17T18:48:05Z,
72.210.69.232,ipv4,malicious-ip,medium,WHITE,ziyadnz/hourly-ipv4,ziyadnz|hourly,2026-08-17T18:48:05Z,2026-08-17T18:48:05Z,
72.211.197.203,ipv4,malicious-ip,medium,WHITE,ziyadnz/hourly-ipv4,ziyadnz|hourly,2026-08-17T18:48:05Z,2026-08-17T18:48:05Z,
72.211.49.235,ipv4,malicious-ip,medium,WHITE,ziyadnz/hourly-ipv4,ziyadnz|hourly,2026-08-17T18:48:05Z,2026-08-17T18:48:05Z,
72.212.176.37,ipv4,malicious-ip,medium,WHITE,ziyadnz/hourly-ipv4,ziyadnz|hourly,2026-08-17T18:48:05Z,2026-08-17T18:48:05Z,
72.212.67.28,ipv4,malicious-ip,medium,WHITE,ziyadnz/hourly-ipv4,ziyadnz|hourly,2026-08-17T18:48:05Z,2026-08-17T18:48:05Z,
72.213.215.39,ipv4,malicious-ip,medium,WHITE,ziyadnz/hourly-ipv4,ziyadnz|hourly,2026-08-17T18:48:05Z,2026-08-17T18:48:05Z,
72.214.108.67,ipv4,malicious-ip,medium,WHITE,ziyadnz/hourly-ipv4,ziyadnz|hourly,2026-08-17T18:48:05Z,2026-08-17T18:48:05Z,
72.215.37.98,ipv4,malicious-ip,medium,WHITE,ziyadnz/hourly-ipv4,ziyadnz|hourly,2026-08-17T18:48:05Z,2026-08-17T18:48:05Z,
72.215.46.109,ipv4,malicious-ip,medium,WHITE,ziyadnz/hourly-ipv4,ziyadnz|hourly,2026-08-17T18:48:05Z,2026-08-17T18:48:05Z,
72.219.204.81,ipv4,malicious-ip,medium,WHITE,ziyadnz/hourly-ipv4,ziyadnz|hourly,2026-08-17T18:48:05Z,2026-08-17T18:48:05Z,
72.219.214.226,ipv4,malicious-ip,medium,WHITE,ziyadnz/hourly-ipv4,ziyadnz|hourly,2026-08-17T18:48:05Z,2026-08-17T18:48:05Z,
72.22.211.175,ipv4,malicious-ip,medium,WHITE,ziyadnz/hourly-ipv4,ziyadnz|hourly,2026-08-17T18:48:05Z,2026-08-17T18:48:05Z,
72.223.188.67,ipv4,malicious-ip,medium,WHITE,ziyadnz/hourly-ipv4,ziyadnz|hourly,2026-08-17T18:48:05Z,2026-08-17T18:48:05Z,
72.223.188.92,ipv4,malicious-ip,medium,WHITE,ziyadnz/hourly-ipv4,ziyadnz|hourly,2026-08-17T18:48:05Z,2026-08-17T18:48:05Z,
72.224.198.61,ipv4,malicious-ip,medium,WHITE,ziyadnz/hourly-ipv4,ziyadnz|hourly,2026-08-17T18:48:05Z,2026-08-17T18:48:05Z,
72.229.136.74,ipv4,malicious-ip,medium,WHITE,ziyadnz/hourly-ipv4,ziyadnz|hourly,2026-08-17T18:48:05Z,2026-08-17T18:48:05Z,
72.23.77.35,ipv4,malicious-ip,medium,WHITE,ziyadnz/hourly-ipv4,ziyadnz|hourly,2026-08-17T18:48:05Z,2026-08-17T18:48:05Z,
72.230.164.136,ipv4,malicious-ip,medium,WHITE,ziyadnz/hourly-ipv4,ziyadnz|hourly,2026-08-17T18:48:05Z,2026-08-17T18:48:05Z,
72.230.174.212,ipv4,malicious-ip,medium,WHITE,ziyadnz/hourly-ipv4,ziyadnz|hourly,2026-08-17T18:48:05Z,2026-08-17T18:48:05Z,
72.235.148.251,ipv4,malicious-ip,medium,WHITE,ziyadnz/hourly-ipv4,ziyadnz|hourly,2026-08-17T18:48:05Z,2026-08-17T18:48:05Z,
72.238.180.146,ipv4,malicious-ip,medium,WHITE,ziyadnz/hourly-ipv4,ziyadnz|hourly,2026-08-17T18:48:05Z,2026-08-17T18:48:05Z,
72.239.145.229,ipv4,malicious-ip,medium,WHITE,ziyadnz/hourly-ipv4,ziyadnz|hourly,2026-08-17T18:48:05Z,2026-08-17T18:48:05Z,
72.24.193.235,ipv4,malicious-ip,medium,WHITE,ziyadnz/hourly-ipv4,ziyadnz|hourly,2026-08-17T18:48:05Z,2026-08-17T18:48:05Z,
72.24.210.58,ipv4,malicious-ip,medium,WHITE,ziyadnz/hourly-ipv4,ziyadnz|hourly,2026-08-17T18:48:05Z,2026-08-17T18:48:05Z,
72.240.239.67,ipv4,malicious-ip,medium,WHITE,ziyadnz/hourly-ipv4,ziyadnz|hourly,2026-08-17T18:48:05Z,2026-08-17T18:48:05Z,
72.241.40.148,ipv4,malicious-ip,medium,WHITE,ziyadnz/hourly-ipv4,ziyadnz|hourly,2026-08-17T18:48:05Z,2026-08-17T18:48:05Z,
72.249.76.227,ipv4,malicious-ip,medium,WHITE,ziyadnz/hourly-ipv4,ziyadnz|hourly,2026-08-17T18:48:05Z,2026-08-17T18:48:05Z,
72.251.13.224,ipv4,malicious-ip,medium,WHITE,ziyadnz/hourly-ipv4,ziyadnz|hourly,2026-08-17T18:48:05Z,2026-08-17T18:48:05Z,
72.251.13.229,ipv4,malicious-ip,medium,WHITE,ziyadnz/hourly-ipv4,ziyadnz|hourly,2026-08-17T18:48:05Z,2026-08-17T18:48:05Z,
72.251.13.246,ipv4,malicious-ip,medium,WHITE,ziyadnz/hourly-ipv4,ziyadnz|hourly,2026-08-17T18:48:05Z,2026-08-17T18:48:05Z,
72.251.8.119,ipv4,malicious-ip,medium,WHITE,ziyadnz/hourly-ipv4,ziyadnz|hourly,2026-08-17T18:48:05Z,2026-08-17T18:48:05Z,
72.251.8.120,ipv4,malicious-ip,medium,WHITE,ziyadnz/hourly-ipv4,ziyadnz|hourly,2026-08-17T18:48:05Z,2026-08-17T18:48:05Z,
72.252.157.93,ipv4,malicious-ip,medium,WHITE,ziyadnz/hourly-ipv4,ziyadnz|hourly,2026-08-17T18:48:05Z,2026-08-17T18:48:05Z,
72.252.198.168,ipv4,malicious-ip,medium,WHITE,ziyadnz/hourly-ipv4,ziyadnz|hourly,2026-08-17T18:48:05Z,2026-08-17T18:48:05Z,
72.252.198.92,ipv4,malicious-ip,medium,WHITE,ziyadnz/hourly-ipv4,ziyadnz|hourly,2026-08-17T18:48:05Z,2026-08-17T18:48:05Z,
72.255.11.181,ipv4,malicious-ip,medium,WHITE,ziyadnz/hourly-ipv4,ziyadnz|hourly,2026-08-17T18:48:05Z,2026-08-17T18:48:05Z,
72.255.13.159,ipv4,malicious-ip,medium,WHITE,ziyadnz/hourly-ipv4,ziyadnz|hourly,2026-08-17T18:48:05Z,2026-08-17T18:48:05Z,
72.255.17.107,ipv4,malicious-ip,medium,WHITE,ziyadnz/hourly-ipv4,ziyadnz|hourly,2026-08-17T18:48:05Z,2026-08-17T18:48:05Z,
72.255.17.207,ipv4,malicious-ip,medium,WHITE,ziyadnz/hourly-ipv4,ziyadnz|hourly,2026-08-17T18:48:05Z,2026-08-17T18:48:05Z,
72.255.17.83,ipv4,malicious-ip,medium,WHITE,ziyadnz/hourly-ipv4,ziyadnz|hourly,2026-08-17T18:48:05Z,2026-08-17T18:48:05Z,
72.255.18.0,ipv4,malicious-ip,medium,WHITE,ziyadnz/hourly-ipv4,ziyadnz|hourly,2026-08-17T18:48:05Z,2026-08-17T18:48:05Z,
72.255.18.105,ipv4,malicious-ip,medium,WHITE,ziyadnz/hourly-ipv4,ziyadnz|hourly,2026-08-17T18:48:05Z,2026-08-17T18:48:05Z,
72.255.18.113,ipv4,malicious-ip,medium,WHITE,ziyadnz/hourly-ipv4,ziyadnz|hourly,2026-08-17T18:48:05Z,2026-08-17T18:48:05Z,
72.255.18.116,ipv4,malicious-ip,medium,WHITE,ziyadnz/hourly-ipv4,ziyadnz|hourly,2026-08-17T18:48:05Z,2026-08-17T18:48:05Z,
72.255.18.13,ipv4,malicious-ip,medium,WHITE,ziyadnz/hourly-ipv4,ziyadnz|hourly,2026-08-17T18:48:05Z,2026-08-17T18:48:05Z,
72.255.18.132,ipv4,malicious-ip,medium,WHITE,ziyadnz/hourly-ipv4,ziyadnz|hourly,2026-08-17T18:48:05Z,2026-08-17T18:48:05Z,
72.255.18.153,ipv4,malicious-ip,medium,WHITE,ziyadnz/hourly-ipv4,ziyadnz|hourly,2026-08-17T18:48:05Z,2026-08-17T18:48:05Z,
72.255.18.156,ipv4,malicious-ip,medium,WHITE,ziyadnz/hourly-ipv4,ziyadnz|hourly,2026-08-17T18:48:05Z,2026-08-17T18:48:05Z,
72.255.18.163,ipv4,malicious-ip,medium,WHITE,ziyadnz/hourly-ipv4,ziyadnz|hourly,2026-08-17T18:48:05Z,2026-08-17T18:48:05Z,
72.255.18.18,ipv4,malicious-ip,medium,WHITE,ziyadnz/hourly-ipv4,ziyadnz|hourly,2026-08-17T18:48:05Z,2026-08-17T18:48:05Z,
72.255.18.186,ipv4,malicious-ip,medium,WHITE,ziyadnz/hourly-ipv4,ziyadnz|hourly,2026-08-17T18:48:05Z,2026-08-17T18:48:05Z,
72.255.18.193,ipv4,malicious-ip,medium,WHITE,ziyadnz/hourly-ipv4,ziyadnz|hourly,2026-08-17T18:48:05Z,2026-08-17T18:48:05Z,
72.255.18.22,ipv4,malicious-ip,medium,WHITE,ziyadnz/hourly-ipv4,ziyadnz|hourly,2026-08-17T18:48:05Z,2026-08-17T18:48:05Z,
72.255.18.6,ipv4,malicious-ip,medium,WHITE,ziyadnz/hourly-ipv4,ziyadnz|hourly,2026-08-17T18:48:05Z,2026-08-17T18:48:05Z,
72.255.18.88,ipv4,malicious-ip,medium,WHITE,ziyadnz/hourly-ipv4,ziyadnz|hourly,2026-08-17T18:48:05Z,2026-08-17T18:48:05Z,
72.255.19.0,ipv4,malicious-ip,medium,WHITE,ziyadnz/hourly-ipv4,ziyadnz|hourly,2026-08-17T18:48:05Z,2026-08-17T18:48:05Z,
72.255.19.109,ipv4,malicious-ip,medium,WHITE,ziyadnz/hourly-ipv4,ziyadnz|hourly,2026-08-17T18:48:05Z,2026-08-17T18:48:05Z,
72.255.19.12,ipv4,malicious-ip,medium,WHITE,ziyadnz/hourly-ipv4,ziyadnz|hourly,2026-08-17T18:48:05Z,2026-08-17T18:48:05Z,
72.255.19.140,ipv4,malicious-ip,medium,WHITE,ziyadnz/hourly-ipv4,ziyadnz|hourly,2026-08-17T18:48:05Z,2026-08-17T18:48:05Z,
72.255.19.179,ipv4,malicious-ip,medium,WHITE,ziyadnz/hourly-ipv4,ziyadnz|hourly,2026-08-17T18:48:05Z,2026-08-17T18:48:05Z,
72.255.19.180,ipv4,malicious-ip,medium,WHITE,ziyadnz/hourly-ipv4,ziyadnz|hourly,2026-08-17T18:48:05Z,2026-08-17T18:48:05Z,
72.255.19.182,ipv4,malicious-ip,medium,WHITE,ziyadnz/hourly-ipv4,ziyadnz|hourly,2026-08-17T18:48:05Z,2026-08-17T18:48:05Z,
72.255.19.209,ipv4,malicious-ip,medium,WHITE,ziyadnz/hourly-ipv4,ziyadnz|hourly,2026-08-17T18:48:05Z,2026-08-17T18:48:05Z,
72.255.19.34,ipv4,malicious-ip,medium,WHITE,ziyadnz/hourly-ipv4,ziyadnz|hourly,2026-08-17T18:48:05Z,2026-08-17T18:48:05Z,
72.255.19.76,ipv4,malicious-ip,medium,WHITE,ziyadnz/hourly-ipv4,ziyadnz|hourly,2026-08-17T18:48:05Z,2026-08-17T18:48:05Z,
72.255.19.83,ipv4,malicious-ip,medium,WHITE,ziyadnz/hourly-ipv4,ziyadnz|hourly,2026-08-17T18:48:05Z,2026-08-17T18:48:05Z,
72.255.19.85,ipv4,malicious-ip,medium,WHITE,ziyadnz/hourly-ipv4,ziyadnz|hourly,2026-08-17T18:48:05Z,2026-08-17T18:48:05Z,
72.255.246.193,ipv4,malicious-ip,medium,WHITE,ziyadnz/hourly-ipv4,ziyadnz|hourly,2026-08-17T18:48:05Z,2026-08-17T18:48:05Z,
72.255.246.198,ipv4,malicious-ip,medium,WHITE,ziyadnz/hourly-ipv4,ziyadnz|hourly,2026-08-17T18:48:05Z,2026-08-17T18:48:05Z,
72.255.26.0,ipv4,malicious-ip,medium,WHITE,ziyadnz/hourly-ipv4,ziyadnz|hourly,2026-08-17T18:48:05Z,2026-08-17T18:48:05Z,
72.255.26.227,ipv4,malicious-ip,medium,WHITE,ziyadnz/hourly-ipv4,ziyadnz|hourly,2026-08-17T18:48:05Z,2026-08-17T18:48:05Z,
72.255.26.24,ipv4,malicious-ip,medium,WHITE,ziyadnz/hourly-ipv4,ziyadnz|hourly,2026-08-17T18:48:05Z,2026-08-17T18:48:05Z,
72.255.26.3,ipv4,malicious-ip,medium,WHITE,ziyadnz/hourly-ipv4,ziyadnz|hourly,2026-08-17T18:48:05Z,2026-08-17T18:48:05Z,
72.255.26.32,ipv4,malicious-ip,medium,WHITE,ziyadnz/hourly-ipv4,ziyadnz|hourly,2026-08-17T18:48:05Z,2026-08-17T18:48:05Z,
72.255.26.37,ipv4,malicious-ip,medium,WHITE,ziyadnz/hourly-ipv4,ziyadnz|hourly,2026-08-17T18:48:05Z,2026-08-17T18:48:05Z,
72.255.26.49,ipv4,malicious-ip,medium,WHITE,ziyadnz/hourly-ipv4,ziyadnz|hourly,2026-08-17T18:48:05Z,2026-08-17T18:48:05Z,
72.255.26.59,ipv4,malicious-ip,medium,WHITE,ziyadnz/hourly-ipv4,ziyadnz|hourly,2026-08-17T18:48:05Z,2026-08-17T18:48:05Z,
72.255.29.212,ipv4,malicious-ip,medium,WHITE,ziyadnz/hourly-ipv4,ziyadnz|hourly,2026-08-17T18:48:05Z,2026-08-17T18:48:05Z,
72.255.3.136,ipv4,malicious-ip,medium,WHITE,ziyadnz/hourly-ipv4,ziyadnz|hourly,2026-08-17T18:48:05Z,2026-08-17T18:48:05Z,
72.255.3.171,ipv4,malicious-ip,medium,WHITE,ziyadnz/hourly-ipv4,ziyadnz|hourly,2026-08-17T18:48:05Z,2026-08-17T18:48:05Z,
72.255.3.2,ipv4,malicious-ip,medium,WHITE,ziyadnz/hourly-ipv4,ziyadnz|hourly,2026-08-17T18:48:05Z,2026-08-17T18:48:05Z,
72.255.3.52,ipv4,malicious-ip,medium,WHITE,ziyadnz/hourly-ipv4,ziyadnz|hourly,2026-08-17T18:48:05Z,2026-08-17T18:48:05Z,
72.255.3.8,ipv4,malicious-ip,medium,WHITE,ziyadnz/hourly-ipv4,ziyadnz|hourly,2026-08-17T18:48:05Z,2026-08-17T18:48:05Z,
72.255.30.244,ipv4,malicious-ip,medium,WHITE,ziyadnz/hourly-ipv4,ziyadnz|hourly,2026-08-17T18:48:05Z,2026-08-17T18:48:05Z,
72.255.32.0,ipv4,malicious-ip,medium,WHITE,ziyadnz/hourly-ipv4,ziyadnz|hourly,2026-08-17T18:48:05Z,2026-08-17T18:48:05Z,
72.255.32.117,ipv4,malicious-ip,medium,WHITE,ziyadnz/hourly-ipv4,ziyadnz|hourly,2026-08-17T18:48:05Z,2026-08-17T18:48:05Z,
72.255.32.143,ipv4,malicious-ip,medium,WHITE,ziyadnz/hourly-ipv4,ziyadnz|hourly,2026-08-17T18:48:05Z,2026-08-17T18:48:05Z,
72.255.32.149,ipv4,malicious-ip,medium,WHITE,ziyadnz/hourly-ipv4,ziyadnz|hourly,2026-08-17T18:48:05Z,2026-08-17T18:48:05Z,
72.255.32.222,ipv4,malicious-ip,medium,WHITE,ziyadnz/hourly-ipv4,ziyadnz|hourly,2026-08-17T18:48:05Z,2026-08-17T18:48:05Z,
72.255.32.46,ipv4,malicious-ip,medium,WHITE,ziyadnz/hourly-ipv4,ziyadnz|hourly,2026-08-17T18:48:05Z,2026-08-17T18:48:05Z,
72.255.32.51,ipv4,malicious-ip,medium,WHITE,ziyadnz/hourly-ipv4,ziyadnz|hourly,2026-08-17T18:48:05Z,2026-08-17T18:48:05Z,
72.255.32.80,ipv4,malicious-ip,medium,WHITE,ziyadnz/hourly-ipv4,ziyadnz|hourly,2026-08-17T18:48:05Z,2026-08-17T18:48:05Z,
72.255.32.84,ipv4,malicious-ip,medium,WHITE,ziyadnz/hourly-ipv4,ziyadnz|hourly,2026-08-17T18:48:05Z,2026-08-17T18:48:05Z,
72.255.33.12,ipv4,malicious-ip,medium,WHITE,ziyadnz/hourly-ipv4,ziyadnz|hourly,2026-08-17T18:48:05Z,2026-08-17T18:48:05Z,
72.255.33.123,ipv4,malicious-ip,medium,WHITE,ziyadnz/hourly-ipv4,ziyadnz|hourly,2026-08-17T18:48:05Z,2026-08-17T18:48:05Z,
72.255.33.193,ipv4,malicious-ip,medium,WHITE,ziyadnz/hourly-ipv4,ziyadnz|hourly,2026-08-17T18:48:05Z,2026-08-17T18:48:05Z,
72.255.33.49,ipv4,malicious-ip,medium,WHITE,ziyadnz/hourly-ipv4,ziyadnz|hourly,2026-08-17T18:48:05Z,2026-08-17T18:48:05Z,
72.255.33.72,ipv4,malicious-ip,medium,WHITE,ziyadnz/hourly-ipv4,ziyadnz|hourly,2026-08-17T18:48:05Z,2026-08-17T18:48:05Z,
72.255.36.232,ipv4,malicious-ip,medium,WHITE,ziyadnz/hourly-ipv4,ziyadnz|hourly,2026-08-17T18:48:05Z,2026-08-17T18:48:05Z,
72.255.36.242,ipv4,malicious-ip,medium,WHITE,ziyadnz/hourly-ipv4,ziyadnz|hourly,2026-08-17T18:48:05Z,2026-08-17T18:48:05Z,
72.255.59.116,ipv4,malicious-ip,medium,WHITE,ziyadnz/hourly-ipv4,ziyadnz|hourly,2026-08-17T18:48:05Z,2026-08-17T18:48:05Z,
72.255.59.121,ipv4,malicious-ip,medium,WHITE,ziyadnz/hourly-ipv4,ziyadnz|hourly,2026-08-17T18:48:05Z,2026-08-17T18:48:05Z,
72.255.59.163,ipv4,malicious-ip,medium,WHITE,ziyadnz/hourly-ipv4,ziyadnz|hourly,2026-08-17T18:48:05Z,2026-08-17T18:48:05Z,
72.255.59.173,ipv4,malicious-ip,medium,WHITE,ziyadnz/hourly-ipv4,ziyadnz|hourly,2026-08-17T18:48:05Z,2026-08-17T18:48:05Z,
72.255.59.95,ipv4,malicious-ip,medium,WHITE,ziyadnz/hourly-ipv4,ziyadnz|hourly,2026-08-17T18:48:05Z,2026-08-17T18:48:05Z,
72.255.61.124,ipv4,malicious-ip,medium,WHITE,ziyadnz/hourly-ipv4,ziyadnz|hourly,2026-08-17T18:48:05Z,2026-08-17T18:48:05Z,
72.255.61.54,ipv4,malicious-ip,medium,WHITE,ziyadnz/hourly-ipv4,ziyadnz|hourly,2026-08-17T18:48:05Z,2026-08-17T18:48:05Z,
72.27.153.40,ipv4,malicious-ip,medium,WHITE,ziyadnz/hourly-ipv4,ziyadnz|hourly,2026-08-17T18:48:05Z,2026-08-17T18:48:05Z,
72.36.44.247,ipv4,malicious-ip,medium,WHITE,ziyadnz/hourly-ipv4,ziyadnz|hourly,2026-08-17T18:48:05Z,2026-08-17T18:48:05Z,
72.37.216.68,ipv4,malicious-ip,medium,WHITE,ziyadnz/hourly-ipv4,ziyadnz|hourly,2026-08-17T18:48:05Z,2026-08-17T18:48:05Z,
72.37.217.3,ipv4,malicious-ip,medium,WHITE,ziyadnz/hourly-ipv4,ziyadnz|hourly,2026-08-17T18:48:05Z,2026-08-17T18:48:05Z,
72.44.22.165,ipv4,malicious-ip,medium,WHITE,ziyadnz/hourly-ipv4,ziyadnz|hourly,2026-08-17T18:48:05Z,2026-08-17T18:48:05Z,
72.44.23.100,ipv4,malicious-ip,medium,WHITE,ziyadnz/hourly-ipv4,ziyadnz|hourly,2026-08-17T18:48:05Z,2026-08-17T18:48:05Z,
72.47.208.106,ipv4,malicious-ip,medium,WHITE,ziyadnz/hourly-ipv4,ziyadnz|hourly,2026-08-17T18:48:05Z,2026-08-17T18:48:05Z,
72.47.208.90,ipv4,malicious-ip,medium,WHITE,ziyadnz/hourly-ipv4,ziyadnz|hourly,2026-08-17T18:48:05Z,2026-08-17T18:48:05Z,
72.49.39.20,ipv4,malicious-ip,medium,WHITE,ziyadnz/hourly-ipv4,ziyadnz|hourly,2026-08-17T18:48:05Z,2026-08-17T18:48:05Z,
72.49.49.11,ipv4,malicious-ip,medium,WHITE,ziyadnz/hourly-ipv4,ziyadnz|hourly,2026-08-17T18:48:05Z,2026-08-17T18:48:05Z,
72.5.42.72,ipv4,malicious-ip,medium,WHITE,ziyadnz/hourly-ipv4,ziyadnz|hourly,2026-08-17T18:48:05Z,2026-08-17T18:48:05Z,
72.52.132.30,ipv4,malicious-ip,medium,WHITE,ziyadnz/hourly-ipv4,ziyadnz|hourly,2026-08-17T18:48:05Z,2026-08-17T18:48:05Z,
72.52.82.133,ipv4,malicious-ip,medium,WHITE,ziyadnz/hourly-ipv4,ziyadnz|hourly,2026-08-17T18:48:05Z,2026-08-17T18:48:05Z,
72.55.189.248,ipv4,malicious-ip,medium,WHITE,ziyadnz/hourly-ipv4,ziyadnz|hourly,2026-08-17T18:48:05Z,2026-08-17T18:48:05Z,
72.56.101.14,ipv4,malicious-ip,medium,WHITE,ziyadnz/hourly-ipv4,ziyadnz|hourly,2026-08-17T18:48:05Z,2026-08-17T18:48:05Z,
72.56.36.170,ipv4,malicious-ip,medium,WHITE,ziyadnz/hourly-ipv4,ziyadnz|hourly,2026-08-17T18:48:05Z,2026-08-17T18:48:05Z,
72.56.41.50,ipv4,malicious-ip,medium,WHITE,ziyadnz/hourly-ipv4,ziyadnz|hourly,2026-08-17T18:48:05Z,2026-08-17T18:48:05Z,
72.56.48.237,ipv4,malicious-ip,medium,WHITE,ziyadnz/hourly-ipv4,ziyadnz|hourly,2026-08-17T18:48:05Z,2026-08-17T18:48:05Z,
72.56.66.71,ipv4,malicious-ip,medium,WHITE,ziyadnz/hourly-ipv4,ziyadnz|hourly,2026-08-17T18:48:05Z,2026-08-17T18:48:05Z,
72.56.72.188,ipv4,malicious-ip,medium,WHITE,ziyadnz/hourly-ipv4,ziyadnz|hourly,2026-08-17T18:48:05Z,2026-08-17T18:48:05Z,
72.56.80.116,ipv4,malicious-ip,medium,WHITE,ziyadnz/hourly-ipv4,ziyadnz|hourly,2026-08-17T18:48:05Z,2026-08-17T18:48:05Z,
72.60.146.139,ipv4,malicious-ip,medium,WHITE,ziyadnz/hourly-ipv4,ziyadnz|hourly,2026-08-17T18:48:05Z,2026-08-17T18:48:05Z,
72.60.175.138,ipv4,malicious-ip,medium,WHITE,ziyadnz/hourly-ipv4,ziyadnz|hourly,2026-08-17T18:48:05Z,2026-08-17T18:48:05Z,
72.60.202.71,ipv4,malicious-ip,medium,WHITE,ziyadnz/hourly-ipv4,ziyadnz|hourly,2026-08-17T18:48:05Z,2026-08-17T18:48:05Z,
72.60.241.82,ipv4,malicious-ip,medium,WHITE,ziyadnz/hourly-ipv4,ziyadnz|hourly,2026-08-17T18:48:05Z,2026-08-17T18:48:05Z,
72.60.255.182,ipv4,malicious-ip,medium,WHITE,ziyadnz/hourly-ipv4,ziyadnz|hourly,2026-08-17T18:48:05Z,2026-08-17T18:48:05Z,
72.61.169.140,ipv4,malicious-ip,medium,WHITE,ziyadnz/hourly-ipv4,ziyadnz|hourly,2026-08-17T18:48:05Z,2026-08-17T18:48:05Z,
72.61.181.72,ipv4,malicious-ip,medium,WHITE,ziyadnz/hourly-ipv4,ziyadnz|hourly,2026-08-17T18:48:05Z,2026-08-17T18:48:05Z,
72.61.187.19,ipv4,malicious-ip,medium,WHITE,ziyadnz/hourly-ipv4,ziyadnz|hourly,2026-08-17T18:48:05Z,2026-08-17T18:48:05Z,
72.61.223.48,ipv4,malicious-ip,medium,WHITE,ziyadnz/hourly-ipv4,ziyadnz|hourly,2026-08-17T18:48:05Z,2026-08-17T18:48:05Z,
72.61.55.178,ipv4,malicious-ip,medium,WHITE,ziyadnz/hourly-ipv4,ziyadnz|hourly,2026-08-17T18:48:05Z,2026-08-17T18:48:05Z,
72.61.83.67,ipv4,malicious-ip,medium,WHITE,ziyadnz/hourly-ipv4,ziyadnz|hourly,2026-08-17T18:48:05Z,2026-08-17T18:48:05Z,
72.61.9.45,ipv4,malicious-ip,medium,WHITE,ziyadnz/hourly-ipv4,ziyadnz|hourly,2026-08-17T18:48:05Z,2026-08-17T18:48:05Z,
72.61.92.3,ipv4,malicious-ip,medium,WHITE,ziyadnz/hourly-ipv4,ziyadnz|hourly,2026-08-17T18:48:05Z,2026-08-17T18:48:05Z,
72.62.166.135,ipv4,malicious-ip,medium,WHITE,ziyadnz/hourly-ipv4,ziyadnz|hourly,2026-08-17T18:48:05Z,2026-08-17T18:48:05Z,
72.62.183.137,ipv4,malicious-ip,medium,WHITE,ziyadnz/hourly-ipv4,ziyadnz|hourly,2026-08-17T18:48:05Z,2026-08-17T18:48:05Z,
72.62.253.214,ipv4,malicious-ip,medium,WHITE,ziyadnz/hourly-ipv4,ziyadnz|hourly,2026-08-17T18:48:05Z,2026-08-17T18:48:05Z,
72.62.92.175,ipv4,malicious-ip,medium,WHITE,ziyadnz/hourly-ipv4,ziyadnz|hourly,2026-08-17T18:48:05Z,2026-08-17T18:48:05Z,
72.63.189.0,ipv4,malicious-ip,medium,WHITE,ziyadnz/hourly-ipv4,ziyadnz|hourly,2026-08-17T18:48:05Z,2026-08-17T18:48:05Z,
72.63.189.1,ipv4,malicious-ip,medium,WHITE,ziyadnz/hourly-ipv4,ziyadnz|hourly,2026-08-17T18:48:05Z,2026-08-17T18:48:05Z,
72.63.189.116,ipv4,malicious-ip,medium,WHITE,ziyadnz/hourly-ipv4,ziyadnz|hourly,2026-08-17T18:48:05Z,2026-08-17T18:48:05Z,
72.63.189.118,ipv4,malicious-ip,medium,WHITE,ziyadnz/hourly-ipv4,ziyadnz|hourly,2026-08-17T18:48:05Z,2026-08-17T18:48:05Z,
72.63.189.129,ipv4,malicious-ip,medium,WHITE,ziyadnz/hourly-ipv4,ziyadnz|hourly,2026-08-17T18:48:05Z,2026-08-17T18:48:05Z,
72.63.189.135,ipv4,malicious-ip,medium,WHITE,ziyadnz/hourly-ipv4,ziyadnz|hourly,2026-08-17T18:48:05Z,2026-08-17T18:48:05Z,
72.63.189.136,ipv4,malicious-ip,medium,WHITE,ziyadnz/hourly-ipv4,ziyadnz|hourly,2026-08-17T18:48:05Z,2026-08-17T18:48:05Z,
72.63.189.140,ipv4,malicious-ip,medium,WHITE,ziyadnz/hourly-ipv4,ziyadnz|hourly,2026-08-17T18:48:05Z,2026-08-17T18:48:05Z,
72.63.189.146,ipv4,malicious-ip,medium,WHITE,ziyadnz/hourly-ipv4,ziyadnz|hourly,2026-08-17T18:48:05Z,2026-08-17T18:48:05Z,
72.63.189.160,ipv4,malicious-ip,medium,WHITE,ziyadnz/hourly-ipv4,ziyadnz|hourly,2026-08-17T18:48:05Z,2026-08-17T18:48:05Z,
72.63.189.168,ipv4,malicious-ip,medium,WHITE,ziyadnz/hourly-ipv4,ziyadnz|hourly,2026-08-17T18:48:05Z,2026-08-17T18:48:05Z,
72.63.189.171,ipv4,malicious-ip,medium,WHITE,ziyadnz/hourly-ipv4,ziyadnz|hourly,2026-08-17T18:48:05Z,2026-08-17T18:48:05Z,
72.63.189.175,ipv4,malicious-ip,medium,WHITE,ziyadnz/hourly-ipv4,ziyadnz|hourly,2026-08-17T18:48:05Z,2026-08-17T18:48:05Z,
72.63.189.189,ipv4,malicious-ip,medium,WHITE,ziyadnz/hourly-ipv4,ziyadnz|hourly,2026-08-17T18:48:05Z,2026-08-17T18:48:05Z,
72.63.189.191,ipv4,malicious-ip,medium,WHITE,ziyadnz/hourly-ipv4,ziyadnz|hourly,2026-08-17T18:48:05Z,2026-08-17T18:48:05Z,
72.63.189.22,ipv4,malicious-ip,medium,WHITE,ziyadnz/hourly-ipv4,ziyadnz|hourly,2026-08-17T18:48:05Z,2026-08-17T18:48:05Z,
72.63.189.220,ipv4,malicious-ip,medium,WHITE,ziyadnz/hourly-ipv4,ziyadnz|hourly,2026-08-17T18:48:05Z,2026-08-17T18:48:05Z,
72.63.189.27,ipv4,malicious-ip,medium,WHITE,ziyadnz/hourly-ipv4,ziyadnz|hourly,2026-08-17T18:48:05Z,2026-08-17T18:48:05Z,
72.63.189.57,ipv4,malicious-ip,medium,WHITE,ziyadnz/hourly-ipv4,ziyadnz|hourly,2026-08-17T18:48:05Z,2026-08-17T18:48:05Z,
72.63.189.64,ipv4,malicious-ip,medium,WHITE,ziyadnz/hourly-ipv4,ziyadnz|hourly,2026-08-17T18:48:05Z,2026-08-17T18:48:05Z,
72.63.189.71,ipv4,malicious-ip,medium,WHITE,ziyadnz/hourly-ipv4,ziyadnz|hourly,2026-08-17T18:48:05Z,2026-08-17T18:48:05Z,
72.63.189.81,ipv4,malicious-ip,medium,WHITE,ziyadnz/hourly-ipv4,ziyadnz|hourly,2026-08-17T18:48:05Z,2026-08-17T18:48:05Z,
72.63.189.88,ipv4,malicious-ip,medium,WHITE,ziyadnz/hourly-ipv4,ziyadnz|hourly,2026-08-17T18:48:05Z,2026-08-17T18:48:05Z,
72.69.214.201,ipv4,malicious-ip,medium,WHITE,ziyadnz/hourly-ipv4,ziyadnz|hourly,2026-08-17T18:48:05Z,2026-08-17T18:48:05Z,
72.69.27.101,ipv4,malicious-ip,medium,WHITE,ziyadnz/hourly-ipv4,ziyadnz|hourly,2026-08-17T18:48:05Z,2026-08-17T18:48:05Z,
72.72.130.220,ipv4,malicious-ip,medium,WHITE,ziyadnz/hourly-ipv4,ziyadnz|hourly,2026-08-17T18:48:05Z,2026-08-17T18:48:05Z,
72.76.229.165,ipv4,malicious-ip,medium,WHITE,ziyadnz/hourly-ipv4,ziyadnz|hourly,2026-08-17T18:48:05Z,2026-08-17T18:48:05Z,
72.79.42.117,ipv4,malicious-ip,medium,WHITE,ziyadnz/hourly-ipv4,ziyadnz|hourly,2026-08-17T18:48:05Z,2026-08-17T18:48:05Z,
72.81.251.13,ipv4,malicious-ip,medium,WHITE,ziyadnz/hourly-ipv4,ziyadnz|hourly,2026-08-17T18:48:05Z,2026-08-17T18:48:05Z,
72.84.118.132,ipv4,malicious-ip,medium,WHITE,ziyadnz/hourly-ipv4,ziyadnz|hourly,2026-08-17T18:48:05Z,2026-08-17T18:48:05Z,
72.88.153.247,ipv4,malicious-ip,medium,WHITE,ziyadnz/hourly-ipv4,ziyadnz|hourly,2026-08-17T18:48:05Z,2026-08-17T18:48:05Z,
72.89.29.152,ipv4,malicious-ip,medium,WHITE,ziyadnz/hourly-ipv4,ziyadnz|hourly,2026-08-17T18:48:05Z,2026-08-17T18:48:05Z,
72.89.78.86,ipv4,malicious-ip,medium,WHITE,ziyadnz/hourly-ipv4,ziyadnz|hourly,2026-08-17T18:48:05Z,2026-08-17T18:48:05Z,
72.9.0.113,ipv4,malicious-ip,medium,WHITE,ziyadnz/hourly-ipv4,ziyadnz|hourly,2026-08-17T18:48:05Z,2026-08-17T18:48:05Z,
72.9.118.56,ipv4,malicious-ip,medium,WHITE,ziyadnz/hourly-ipv4,ziyadnz|hourly,2026-08-17T18:48:05Z,2026-08-17T18:48:05Z,
72.90.176.166,ipv4,malicious-ip,medium,WHITE,ziyadnz/hourly-ipv4,ziyadnz|hourly,2026-08-17T18:48:05Z,2026-08-17T18:48:05Z,
72.90.84.62,ipv4,malicious-ip,medium,WHITE,ziyadnz/hourly-ipv4,ziyadnz|hourly,2026-08-17T18:48:05Z,2026-08-17T18:48:05Z,
72.95.228.91,ipv4,malicious-ip,medium,WHITE,ziyadnz/hourly-ipv4,ziyadnz|hourly,2026-08-17T18:48:05Z,2026-08-17T18:48:05Z,
73.10.159.21,ipv4,malicious-ip,medium,WHITE,ziyadnz/hourly-ipv4,ziyadnz|hourly,2026-08-17T18:48:05Z,2026-08-17T18:48:05Z,
73.10.56.158,ipv4,malicious-ip,medium,WHITE,ziyadnz/hourly-ipv4,ziyadnz|hourly,2026-08-17T18:48:05Z,2026-08-17T18:48:05Z,
73.10.66.129,ipv4,malicious-ip,medium,WHITE,ziyadnz/hourly-ipv4,ziyadnz|hourly,2026-08-17T18:48:05Z,2026-08-17T18:48:05Z,
73.100.41.172,ipv4,malicious-ip,medium,WHITE,ziyadnz/hourly-ipv4,ziyadnz|hourly,2026-08-17T18:48:05Z,2026-08-17T18:48:05Z,
73.101.102.237,ipv4,malicious-ip,medium,WHITE,ziyadnz/hourly-ipv4,ziyadnz|hourly,2026-08-17T18:48:05Z,2026-08-17T18:48:05Z,
73.102.63.97,ipv4,malicious-ip,medium,WHITE,ziyadnz/hourly-ipv4,ziyadnz|hourly,2026-08-17T18:48:05Z,2026-08-17T18:48:05Z,
73.103.49.195,ipv4,malicious-ip,medium,WHITE,ziyadnz/hourly-ipv4,ziyadnz|hourly,2026-08-17T18:48:05Z,2026-08-17T18:48:05Z,
73.11.129.16,ipv4,malicious-ip,medium,WHITE,ziyadnz/hourly-ipv4,ziyadnz|hourly,2026-08-17T18:48:05Z,2026-08-17T18:48:05Z,
73.111.53.193,ipv4,malicious-ip,medium,WHITE,ziyadnz/hourly-ipv4,ziyadnz|hourly,2026-08-17T18:48:05Z,2026-08-17T18:48:05Z,
73.112.105.96,ipv4,malicious-ip,medium,WHITE,ziyadnz/hourly-ipv4,ziyadnz|hourly,2026-08-17T18:48:05Z,2026-08-17T18:48:05Z,
73.115.99.151,ipv4,malicious-ip,medium,WHITE,ziyadnz/hourly-ipv4,ziyadnz|hourly,2026-08-17T18:48:05Z,2026-08-17T18:48:05Z,
73.121.158.211,ipv4,malicious-ip,medium,WHITE,ziyadnz/hourly-ipv4,ziyadnz|hourly,2026-08-17T18:48:05Z,2026-08-17T18:48:05Z,
73.128.133.235,ipv4,malicious-ip,medium,WHITE,ziyadnz/hourly-ipv4,ziyadnz|hourly,2026-08-17T18:48:05Z,2026-08-17T18:48:05Z,
73.128.178.221,ipv4,malicious-ip,medium,WHITE,ziyadnz/hourly-ipv4,ziyadnz|hourly,2026-08-17T18:48:05Z,2026-08-17T18:48:05Z,
73.128.234.123,ipv4,malicious-ip,medium,WHITE,ziyadnz/hourly-ipv4,ziyadnz|hourly,2026-08-17T18:48:05Z,2026-08-17T18:48:05Z,
73.13.242.131,ipv4,malicious-ip,medium,WHITE,ziyadnz/hourly-ipv4,ziyadnz|hourly,2026-08-17T18:48:05Z,2026-08-17T18:48:05Z,
73.13.73.169,ipv4,malicious-ip,medium,WHITE,ziyadnz/hourly-ipv4,ziyadnz|hourly,2026-08-17T18:48:05Z,2026-08-17T18:48:05Z,
73.131.138.24,ipv4,malicious-ip,medium,WHITE,ziyadnz/hourly-ipv4,ziyadnz|hourly,2026-08-17T18:48:05Z,2026-08-17T18:48:05Z,
73.131.143.20,ipv4,malicious-ip,medium,WHITE,ziyadnz/hourly-ipv4,ziyadnz|hourly,2026-08-17T18:48:05Z,2026-08-17T18:48:05Z,
73.132.238.141,ipv4,malicious-ip,medium,WHITE,ziyadnz/hourly-ipv4,ziyadnz|hourly,2026-08-17T18:48:05Z,2026-08-17T18:48:05Z,
73.134.201.153,ipv4,malicious-ip,medium,WHITE,ziyadnz/hourly-ipv4,ziyadnz|hourly,2026-08-17T18:48:05Z,2026-08-17T18:48:05Z,
73.138.170.59,ipv4,malicious-ip,medium,WHITE,ziyadnz/hourly-ipv4,ziyadnz|hourly,2026-08-17T18:48:05Z,2026-08-17T18:48:05Z,
73.141.16.101,ipv4,malicious-ip,medium,WHITE,ziyadnz/hourly-ipv4,ziyadnz|hourly,2026-08-17T18:48:05Z,2026-08-17T18:48:05Z,
73.142.231.64,ipv4,malicious-ip,medium,WHITE,ziyadnz/hourly-ipv4,ziyadnz|hourly,2026-08-17T18:48:05Z,2026-08-17T18:48:05Z,
73.144.59.209,ipv4,malicious-ip,medium,WHITE,ziyadnz/hourly-ipv4,ziyadnz|hourly,2026-08-17T18:48:05Z,2026-08-17T18:48:05Z,
73.145.15.26,ipv4,malicious-ip,medium,WHITE,ziyadnz/hourly-ipv4,ziyadnz|hourly,2026-08-17T18:48:05Z,2026-08-17T18:48:05Z,
73.151.73.36,ipv4,malicious-ip,medium,WHITE,ziyadnz/hourly-ipv4,ziyadnz|hourly,2026-08-17T18:48:05Z,2026-08-17T18:48:05Z,
73.153.192.98,ipv4,malicious-ip,medium,WHITE,ziyadnz/hourly-ipv4,ziyadnz|hourly,2026-08-17T18:48:05Z,2026-08-17T18:48:05Z,
73.153.3.166,ipv4,malicious-ip,medium,WHITE,ziyadnz/hourly-ipv4,ziyadnz|hourly,2026-08-17T18:48:05Z,2026-08-17T18:48:05Z,
73.153.3.78,ipv4,malicious-ip,medium,WHITE,ziyadnz/hourly-ipv4,ziyadnz|hourly,2026-08-17T18:48:05Z,2026-08-17T18:48:05Z,
73.155.244.101,ipv4,malicious-ip,medium,WHITE,ziyadnz/hourly-ipv4,ziyadnz|hourly,2026-08-17T18:48:05Z,2026-08-17T18:48:05Z,
73.156.206.147,ipv4,malicious-ip,medium,WHITE,ziyadnz/hourly-ipv4,ziyadnz|hourly,2026-08-17T18:48:05Z,2026-08-17T18:48:05Z,
73.156.251.153,ipv4,malicious-ip,medium,WHITE,ziyadnz/hourly-ipv4,ziyadnz|hourly,2026-08-17T18:48:05Z,2026-08-17T18:48:05Z,
73.158.88.203,ipv4,malicious-ip,medium,WHITE,ziyadnz/hourly-ipv4,ziyadnz|hourly,2026-08-17T18:48:05Z,2026-08-17T18:48:05Z,
73.16.88.172,ipv4,malicious-ip,medium,WHITE,ziyadnz/hourly-ipv4,ziyadnz|hourly,2026-08-17T18:48:05Z,2026-08-17T18:48:05Z,
73.160.95.241,ipv4,malicious-ip,medium,WHITE,ziyadnz/hourly-ipv4,ziyadnz|hourly,2026-08-17T18:48:05Z,2026-08-17T18:48:05Z,
73.166.215.140,ipv4,malicious-ip,medium,WHITE,ziyadnz/hourly-ipv4,ziyadnz|hourly,2026-08-17T18:48:05Z,2026-08-17T18:48:05Z,
73.170.63.58,ipv4,malicious-ip,medium,WHITE,ziyadnz/hourly-ipv4,ziyadnz|hourly,2026-08-17T18:48:05Z,2026-08-17T18:48:05Z,
73.171.197.137,ipv4,malicious-ip,medium,WHITE,ziyadnz/hourly-ipv4,ziyadnz|hourly,2026-08-17T18:48:05Z,2026-08-17T18:48:05Z,
73.172.139.206,ipv4,malicious-ip,medium,WHITE,ziyadnz/hourly-ipv4,ziyadnz|hourly,2026-08-17T18:48:05Z,2026-08-17T18:48:05Z,
73.172.245.248,ipv4,malicious-ip,medium,WHITE,ziyadnz/hourly-ipv4,ziyadnz|hourly,2026-08-17T18:48:05Z,2026-08-17T18:48:05Z,
73.172.8.81,ipv4,malicious-ip,medium,WHITE,ziyadnz/hourly-ipv4,ziyadnz|hourly,2026-08-17T18:48:05Z,2026-08-17T18:48:05Z,
73.179.246.4,ipv4,malicious-ip,medium,WHITE,ziyadnz/hourly-ipv4,ziyadnz|hourly,2026-08-17T18:48:05Z,2026-08-17T18:48:05Z,
73.183.28.28,ipv4,malicious-ip,medium,WHITE,ziyadnz/hourly-ipv4,ziyadnz|hourly,2026-08-17T18:48:05Z,2026-08-17T18:48:05Z,
73.19.229.44,ipv4,malicious-ip,medium,WHITE,ziyadnz/hourly-ipv4,ziyadnz|hourly,2026-08-17T18:48:05Z,2026-08-17T18:48:05Z,
73.194.21.145,ipv4,malicious-ip,medium,WHITE,ziyadnz/hourly-ipv4,ziyadnz|hourly,2026-08-17T18:48:05Z,2026-08-17T18:48:05Z,
73.195.28.93,ipv4,malicious-ip,medium,WHITE,ziyadnz/hourly-ipv4,ziyadnz|hourly,2026-08-17T18:48:05Z,2026-08-17T18:48:05Z,
73.199.161.144,ipv4,malicious-ip,medium,WHITE,ziyadnz/hourly-ipv4,ziyadnz|hourly,2026-08-17T18:48:05Z,2026-08-17T18:48:05Z,
73.202.144.132,ipv4,malicious-ip,medium,WHITE,ziyadnz/hourly-ipv4,ziyadnz|hourly,2026-08-17T18:48:05Z,2026-08-17T18:48:05Z,
73.203.221.247,ipv4,malicious-ip,medium,WHITE,ziyadnz/hourly-ipv4,ziyadnz|hourly,2026-08-17T18:48:05Z,2026-08-17T18:48:05Z,
73.206.205.58,ipv4,malicious-ip,medium,WHITE,ziyadnz/hourly-ipv4,ziyadnz|hourly,2026-08-17T18:48:05Z,2026-08-17T18:48:05Z,
73.208.109.247,ipv4,malicious-ip,medium,WHITE,ziyadnz/hourly-ipv4,ziyadnz|hourly,2026-08-17T18:48:05Z,2026-08-17T18:48:05Z,
73.211.119.20,ipv4,malicious-ip,medium,WHITE,ziyadnz/hourly-ipv4,ziyadnz|hourly,2026-08-17T18:48:05Z,2026-08-17T18:48:05Z,
73.212.14.186,ipv4,malicious-ip,medium,WHITE,ziyadnz/hourly-ipv4,ziyadnz|hourly,2026-08-17T18:48:05Z,2026-08-17T18:48:05Z,
73.213.136.199,ipv4,malicious-ip,medium,WHITE,ziyadnz/hourly-ipv4,ziyadnz|hourly,2026-08-17T18:48:05Z,2026-08-17T18:48:05Z,
73.213.237.28,ipv4,malicious-ip,medium,WHITE,ziyadnz/hourly-ipv4,ziyadnz|hourly,2026-08-17T18:48:05Z,2026-08-17T18:48:05Z,
73.215.105.116,ipv4,malicious-ip,medium,WHITE,ziyadnz/hourly-ipv4,ziyadnz|hourly,2026-08-17T18:48:05Z,2026-08-17T18:48:05Z,
73.218.23.206,ipv4,malicious-ip,medium,WHITE,ziyadnz/hourly-ipv4,ziyadnz|hourly,2026-08-17T18:48:05Z,2026-08-17T18:48:05Z,
73.22.239.29,ipv4,malicious-ip,medium,WHITE,ziyadnz/hourly-ipv4,ziyadnz|hourly,2026-08-17T18:48:05Z,2026-08-17T18:48:05Z,
73.220.143.96,ipv4,malicious-ip,medium,WHITE,ziyadnz/hourly-ipv4,ziyadnz|hourly,2026-08-17T18:48:05Z,2026-08-17T18:48:05Z,
73.220.236.134,ipv4,malicious-ip,medium,WHITE,ziyadnz/hourly-ipv4,ziyadnz|hourly,2026-08-17T18:48:05Z,2026-08-17T18:48:05Z,
73.220.249.126,ipv4,malicious-ip,medium,WHITE,ziyadnz/hourly-ipv4,ziyadnz|hourly,2026-08-17T18:48:05Z,2026-08-17T18:48:05Z,
73.221.36.75,ipv4,malicious-ip,medium,WHITE,ziyadnz/hourly-ipv4,ziyadnz|hourly,2026-08-17T18:48:05Z,2026-08-17T18:48:05Z,
73.222.233.25,ipv4,malicious-ip,medium,WHITE,ziyadnz/hourly-ipv4,ziyadnz|hourly,2026-08-17T18:48:05Z,2026-08-17T18:48:05Z,
73.223.117.198,ipv4,malicious-ip,medium,WHITE,ziyadnz/hourly-ipv4,ziyadnz|hourly,2026-08-17T18:48:05Z,2026-08-17T18:48:05Z,
73.231.220.178,ipv4,malicious-ip,medium,WHITE,ziyadnz/hourly-ipv4,ziyadnz|hourly,2026-08-17T18:48:05Z,2026-08-17T18:48:05Z,
73.234.133.118,ipv4,malicious-ip,medium,WHITE,ziyadnz/hourly-ipv4,ziyadnz|hourly,2026-08-17T18:48:05Z,2026-08-17T18:48:05Z,
73.236.109.172,ipv4,malicious-ip,medium,WHITE,ziyadnz/hourly-ipv4,ziyadnz|hourly,2026-08-17T18:48:05Z,2026-08-17T18:48:05Z,
73.24.144.255,ipv4,malicious-ip,medium,WHITE,ziyadnz/hourly-ipv4,ziyadnz|hourly,2026-08-17T18:48:05Z,2026-08-17T18:48:05Z,
73.24.43.59,ipv4,malicious-ip,medium,WHITE,ziyadnz/hourly-ipv4,ziyadnz|hourly,2026-08-17T18:48:05Z,2026-08-17T18:48:05Z,
73.240.55.146,ipv4,malicious-ip,medium,WHITE,ziyadnz/hourly-ipv4,ziyadnz|hourly,2026-08-17T18:48:05Z,2026-08-17T18:48:05Z,
73.244.13.159,ipv4,malicious-ip,medium,WHITE,ziyadnz/hourly-ipv4,ziyadnz|hourly,2026-08-17T18:48:05Z,2026-08-17T18:48:05Z,
73.252.205.228,ipv4,malicious-ip,medium,WHITE,ziyadnz/hourly-ipv4,ziyadnz|hourly,2026-08-17T18:48:05Z,2026-08-17T18:48:05Z,
73.255.109.220,ipv4,malicious-ip,medium,WHITE,ziyadnz/hourly-ipv4,ziyadnz|hourly,2026-08-17T18:48:05Z,2026-08-17T18:48:05Z,
73.255.217.234,ipv4,malicious-ip,medium,WHITE,ziyadnz/hourly-ipv4,ziyadnz|hourly,2026-08-17T18:48:05Z,2026-08-17T18:48:05Z,
73.27.115.112,ipv4,malicious-ip,medium,WHITE,ziyadnz/hourly-ipv4,ziyadnz|hourly,2026-08-17T18:48:05Z,2026-08-17T18:48:05Z,
73.27.162.226,ipv4,malicious-ip,medium,WHITE,ziyadnz/hourly-ipv4,ziyadnz|hourly,2026-08-17T18:48:05Z,2026-08-17T18:48:05Z,
73.27.33.174,ipv4,malicious-ip,medium,WHITE,ziyadnz/hourly-ipv4,ziyadnz|hourly,2026-08-17T18:48:05Z,2026-08-17T18:48:05Z,
73.30.227.153,ipv4,malicious-ip,medium,WHITE,ziyadnz/hourly-ipv4,ziyadnz|hourly,2026-08-17T18:48:05Z,2026-08-17T18:48:05Z,
73.34.159.228,ipv4,malicious-ip,medium,WHITE,ziyadnz/hourly-ipv4,ziyadnz|hourly,2026-08-17T18:48:05Z,2026-08-17T18:48:05Z,
73.36.129.207,ipv4,malicious-ip,medium,WHITE,ziyadnz/hourly-ipv4,ziyadnz|hourly,2026-08-17T18:48:05Z,2026-08-17T18:48:05Z,
73.36.177.174,ipv4,malicious-ip,medium,WHITE,ziyadnz/hourly-ipv4,ziyadnz|hourly,2026-08-17T18:48:05Z,2026-08-17T18:48:05Z,
73.36.207.30,ipv4,malicious-ip,medium,WHITE,ziyadnz/hourly-ipv4,ziyadnz|hourly,2026-08-17T18:48:05Z,2026-08-17T18:48:05Z,
73.39.47.183,ipv4,malicious-ip,medium,WHITE,ziyadnz/hourly-ipv4,ziyadnz|hourly,2026-08-17T18:48:05Z,2026-08-17T18:48:05Z,
73.46.244.167,ipv4,malicious-ip,medium,WHITE,ziyadnz/hourly-ipv4,ziyadnz|hourly,2026-08-17T18:48:05Z,2026-08-17T18:48:05Z,
73.48.195.63,ipv4,malicious-ip,medium,WHITE,ziyadnz/hourly-ipv4,ziyadnz|hourly,2026-08-17T18:48:05Z,2026-08-17T18:48:05Z,
73.52.48.105,ipv4,malicious-ip,medium,WHITE,ziyadnz/hourly-ipv4,ziyadnz|hourly,2026-08-17T18:48:05Z,2026-08-17T18:48:05Z,
73.53.172.197,ipv4,malicious-ip,medium,WHITE,ziyadnz/hourly-ipv4,ziyadnz|hourly,2026-08-17T18:48:05Z,2026-08-17T18:48:05Z,
73.55.55.76,ipv4,malicious-ip,medium,WHITE,ziyadnz/hourly-ipv4,ziyadnz|hourly,2026-08-17T18:48:05Z,2026-08-17T18:48:05Z,
73.57.39.120,ipv4,malicious-ip,medium,WHITE,ziyadnz/hourly-ipv4,ziyadnz|hourly,2026-08-17T18:48:05Z,2026-08-17T18:48:05Z,
73.57.80.193,ipv4,malicious-ip,medium,WHITE,ziyadnz/hourly-ipv4,ziyadnz|hourly,2026-08-17T18:48:05Z,2026-08-17T18:48:05Z,
73.61.36.200,ipv4,malicious-ip,medium,WHITE,ziyadnz/hourly-ipv4,ziyadnz|hourly,2026-08-17T18:48:05Z,2026-08-17T18:48:05Z,
73.64.99.7,ipv4,malicious-ip,medium,WHITE,ziyadnz/hourly-ipv4,ziyadnz|hourly,2026-08-17T18:48:05Z,2026-08-17T18:48:05Z,
73.69.41.223,ipv4,malicious-ip,medium,WHITE,ziyadnz/hourly-ipv4,ziyadnz|hourly,2026-08-17T18:48:05Z,2026-08-17T18:48:05Z,
73.75.186.63,ipv4,malicious-ip,medium,WHITE,ziyadnz/hourly-ipv4,ziyadnz|hourly,2026-08-17T18:48:05Z,2026-08-17T18:48:05Z,
73.75.95.166,ipv4,malicious-ip,medium,WHITE,ziyadnz/hourly-ipv4,ziyadnz|hourly,2026-08-17T18:48:05Z,2026-08-17T18:48:05Z,
73.79.180.146,ipv4,malicious-ip,medium,WHITE,ziyadnz/hourly-ipv4,ziyadnz|hourly,2026-08-17T18:48:05Z,2026-08-17T18:48:05Z,
73.8.215.240,ipv4,malicious-ip,medium,WHITE,ziyadnz/hourly-ipv4,ziyadnz|hourly,2026-08-17T18:48:05Z,2026-08-17T18:48:05Z,
73.88.173.113,ipv4,malicious-ip,medium,WHITE,ziyadnz/hourly-ipv4,ziyadnz|hourly,2026-08-17T18:48:05Z,2026-08-17T18:48:05Z,
73.9.218.244,ipv4,malicious-ip,medium,WHITE,ziyadnz/hourly-ipv4,ziyadnz|hourly,2026-08-17T18:48:05Z,2026-08-17T18:48:05Z,
73.91.138.70,ipv4,malicious-ip,medium,WHITE,ziyadnz/hourly-ipv4,ziyadnz|hourly,2026-08-17T18:48:05Z,2026-08-17T18:48:05Z,
73.91.197.185,ipv4,malicious-ip,medium,WHITE,ziyadnz/hourly-ipv4,ziyadnz|hourly,2026-08-17T18:48:05Z,2026-08-17T18:48:05Z,
73.93.1.210,ipv4,malicious-ip,medium,WHITE,ziyadnz/hourly-ipv4,ziyadnz|hourly,2026-08-17T18:48:05Z,2026-08-17T18:48:05Z,
73.93.120.7,ipv4,malicious-ip,medium,WHITE,ziyadnz/hourly-ipv4,ziyadnz|hourly,2026-08-17T18:48:05Z,2026-08-17T18:48:05Z,
73.93.146.228,ipv4,malicious-ip,medium,WHITE,ziyadnz/hourly-ipv4,ziyadnz|hourly,2026-08-17T18:48:05Z,2026-08-17T18:48:05Z,
73.93.176.94,ipv4,malicious-ip,medium,WHITE,ziyadnz/hourly-ipv4,ziyadnz|hourly,2026-08-17T18:48:05Z,2026-08-17T18:48:05Z,
73.93.46.158,ipv4,malicious-ip,medium,WHITE,ziyadnz/hourly-ipv4,ziyadnz|hourly,2026-08-17T18:48:05Z,2026-08-17T18:48:05Z,
73.94.248.204,ipv4,malicious-ip,medium,WHITE,ziyadnz/hourly-ipv4,ziyadnz|hourly,2026-08-17T18:48:05Z,2026-08-17T18:48:05Z,
73.94.254.152,ipv4,malicious-ip,medium,WHITE,ziyadnz/hourly-ipv4,ziyadnz|hourly,2026-08-17T18:48:05Z,2026-08-17T18:48:05Z,
73.94.70.45,ipv4,malicious-ip,medium,WHITE,ziyadnz/hourly-ipv4,ziyadnz|hourly,2026-08-17T18:48:05Z,2026-08-17T18:48:05Z,
73.99.72.108,ipv4,malicious-ip,medium,WHITE,ziyadnz/hourly-ipv4,ziyadnz|hourly,2026-08-17T18:48:05Z,2026-08-17T18:48:05Z,
74.0.48.147,ipv4,malicious-ip,medium,WHITE,ziyadnz/hourly-ipv4,ziyadnz|hourly,2026-08-17T18:48:05Z,2026-08-17T18:48:05Z,
74.102.212.74,ipv4,malicious-ip,medium,WHITE,ziyadnz/hourly-ipv4,ziyadnz|hourly,2026-08-17T18:48:05Z,2026-08-17T18:48:05Z,
74.102.26.43,ipv4,malicious-ip,medium,WHITE,ziyadnz/hourly-ipv4,ziyadnz|hourly,2026-08-17T18:48:05Z,2026-08-17T18:48:05Z,
74.102.33.201,ipv4,malicious-ip,medium,WHITE,ziyadnz/hourly-ipv4,ziyadnz|hourly,2026-08-17T18:48:05Z,2026-08-17T18:48:05Z,
74.103.196.74,ipv4,malicious-ip,medium,WHITE,ziyadnz/hourly-ipv4,ziyadnz|hourly,2026-08-17T18:48:05Z,2026-08-17T18:48:05Z,
74.104.240.100,ipv4,malicious-ip,medium,WHITE,ziyadnz/hourly-ipv4,ziyadnz|hourly,2026-08-17T18:48:05Z,2026-08-17T18:48:05Z,
74.110.193.26,ipv4,malicious-ip,medium,WHITE,ziyadnz/hourly-ipv4,ziyadnz|hourly,2026-08-17T18:48:05Z,2026-08-17T18:48:05Z,
74.112.102.120,ipv4,malicious-ip,medium,WHITE,ziyadnz/hourly-ipv4,ziyadnz|hourly,2026-08-17T18:48:05Z,2026-08-17T18:48:05Z,
74.112.114.170,ipv4,malicious-ip,medium,WHITE,ziyadnz/hourly-ipv4,ziyadnz|hourly,2026-08-17T18:48:05Z,2026-08-17T18:48:05Z,
74.112.238.240,ipv4,malicious-ip,medium,WHITE,ziyadnz/hourly-ipv4,ziyadnz|hourly,2026-08-17T18:48:05Z,2026-08-17T18:48:05Z,
74.115.172.118,ipv4,malicious-ip,medium,WHITE,ziyadnz/hourly-ipv4,ziyadnz|hourly,2026-08-17T18:48:05Z,2026-08-17T18:48:05Z,
74.117.173.250,ipv4,malicious-ip,medium,WHITE,ziyadnz/hourly-ipv4,ziyadnz|hourly,2026-08-17T18:48:05Z,2026-08-17T18:48:05Z,
74.118.81.170,ipv4,malicious-ip,medium,WHITE,ziyadnz/hourly-ipv4,ziyadnz|hourly,2026-08-17T18:48:05Z,2026-08-17T18:48:05Z,
74.118.81.174,ipv4,malicious-ip,medium,WHITE,ziyadnz/hourly-ipv4,ziyadnz|hourly,2026-08-17T18:48:05Z,2026-08-17T18:48:05Z,
74.119.147.209,ipv4,malicious-ip,medium,WHITE,ziyadnz/hourly-ipv4,ziyadnz|hourly,2026-08-17T18:48:05Z,2026-08-17T18:48:05Z,
74.119.193.175,ipv4,malicious-ip,medium,WHITE,ziyadnz/hourly-ipv4,ziyadnz|hourly,2026-08-17T18:48:05Z,2026-08-17T18:48:05Z,
74.119.193.200,ipv4,malicious-ip,medium,WHITE,ziyadnz/hourly-ipv4,ziyadnz|hourly,2026-08-17T18:48:05Z,2026-08-17T18:48:05Z,
74.119.194.203,ipv4,malicious-ip,medium,WHITE,ziyadnz/hourly-ipv4,ziyadnz|hourly,2026-08-17T18:48:05Z,2026-08-17T18:48:05Z,
74.119.194.4,ipv4,malicious-ip,medium,WHITE,ziyadnz/hourly-ipv4,ziyadnz|hourly,2026-08-17T18:48:05Z,2026-08-17T18:48:05Z,
74.119.195.187,ipv4,malicious-ip,medium,WHITE,ziyadnz/hourly-ipv4,ziyadnz|hourly,2026-08-17T18:48:05Z,2026-08-17T18:48:05Z,
74.122.175.32,ipv4,malicious-ip,medium,WHITE,ziyadnz/hourly-ipv4,ziyadnz|hourly,2026-08-17T18:48:05Z,2026-08-17T18:48:05Z,
74.124.181.184,ipv4,malicious-ip,medium,WHITE,ziyadnz/hourly-ipv4,ziyadnz|hourly,2026-08-17T18:48:05Z,2026-08-17T18:48:05Z,
74.124.219.71,ipv4,malicious-ip,medium,WHITE,ziyadnz/hourly-ipv4,ziyadnz|hourly,2026-08-17T18:48:05Z,2026-08-17T18:48:05Z,
74.125.212.6,ipv4,malicious-ip,medium,WHITE,ziyadnz/hourly-ipv4,ziyadnz|hourly,2026-08-17T18:48:05Z,2026-08-17T18:48:05Z,
74.127.135.44,ipv4,malicious-ip,medium,WHITE,ziyadnz/hourly-ipv4,ziyadnz|hourly,2026-08-17T18:48:05Z,2026-08-17T18:48:05Z,
74.128.188.113,ipv4,malicious-ip,medium,WHITE,ziyadnz/hourly-ipv4,ziyadnz|hourly,2026-08-17T18:48:05Z,2026-08-17T18:48:05Z,
74.128.77.247,ipv4,malicious-ip,medium,WHITE,ziyadnz/hourly-ipv4,ziyadnz|hourly,2026-08-17T18:48:05Z,2026-08-17T18:48:05Z,
74.128.96.114,ipv4,malicious-ip,medium,WHITE,ziyadnz/hourly-ipv4,ziyadnz|hourly,2026-08-17T18:48:05Z,2026-08-17T18:48:05Z,
74.129.99.46,ipv4,malicious-ip,medium,WHITE,ziyadnz/hourly-ipv4,ziyadnz|hourly,2026-08-17T18:48:05Z,2026-08-17T18:48:05Z,
74.131.230.110,ipv4,malicious-ip,medium,WHITE,ziyadnz/hourly-ipv4,ziyadnz|hourly,2026-08-17T18:48:05Z,2026-08-17T18:48:05Z,
74.133.122.22,ipv4,malicious-ip,medium,WHITE,ziyadnz/hourly-ipv4,ziyadnz|hourly,2026-08-17T18:48:05Z,2026-08-17T18:48:05Z,
74.134.241.3,ipv4,malicious-ip,medium,WHITE,ziyadnz/hourly-ipv4,ziyadnz|hourly,2026-08-17T18:48:05Z,2026-08-17T18:48:05Z,
74.134.67.238,ipv4,malicious-ip,medium,WHITE,ziyadnz/hourly-ipv4,ziyadnz|hourly,2026-08-17T18:48:05Z,2026-08-17T18:48:05Z,
74.137.192.206,ipv4,malicious-ip,medium,WHITE,ziyadnz/hourly-ipv4,ziyadnz|hourly,2026-08-17T18:48:05Z,2026-08-17T18:48:05Z,
74.137.31.55,ipv4,malicious-ip,medium,WHITE,ziyadnz/hourly-ipv4,ziyadnz|hourly,2026-08-17T18:48:05Z,2026-08-17T18:48:05Z,
74.138.107.209,ipv4,malicious-ip,medium,WHITE,ziyadnz/hourly-ipv4,ziyadnz|hourly,2026-08-17T18:48:05Z,2026-08-17T18:48:05Z,
74.138.147.97,ipv4,malicious-ip,medium,WHITE,ziyadnz/hourly-ipv4,ziyadnz|hourly,2026-08-17T18:48:05Z,2026-08-17T18:48:05Z,
74.14.100.105,ipv4,malicious-ip,medium,WHITE,ziyadnz/hourly-ipv4,ziyadnz|hourly,2026-08-17T18:48:05Z,2026-08-17T18:48:05Z,
74.14.5.179,ipv4,malicious-ip,medium,WHITE,ziyadnz/hourly-ipv4,ziyadnz|hourly,2026-08-17T18:48:05Z,2026-08-17T18:48:05Z,
74.142.67.90,ipv4,malicious-ip,medium,WHITE,ziyadnz/hourly-ipv4,ziyadnz|hourly,2026-08-17T18:48:05Z,2026-08-17T18:48:05Z,
74.178.160.19,ipv4,malicious-ip,medium,WHITE,ziyadnz/hourly-ipv4,ziyadnz|hourly,2026-08-17T18:48:05Z,2026-08-17T18:48:05Z,
74.192.208.109,ipv4,malicious-ip,medium,WHITE,ziyadnz/hourly-ipv4,ziyadnz|hourly,2026-08-17T18:48:05Z,2026-08-17T18:48:05Z,
74.194.191.52,ipv4,malicious-ip,medium,WHITE,ziyadnz/hourly-ipv4,ziyadnz|hourly,2026-08-17T18:48:05Z,2026-08-17T18:48:05Z,
74.205.147.22,ipv4,malicious-ip,medium,WHITE,ziyadnz/hourly-ipv4,ziyadnz|hourly,2026-08-17T18:48:05Z,2026-08-17T18:48:05Z,
74.206.72.99,ipv4,malicious-ip,medium,WHITE,ziyadnz/hourly-ipv4,ziyadnz|hourly,2026-08-17T18:48:05Z,2026-08-17T18:48:05Z,
74.207.163.254,ipv4,malicious-ip,medium,WHITE,ziyadnz/hourly-ipv4,ziyadnz|hourly,2026-08-17T18:48:05Z,2026-08-17T18:48:05Z,
74.207.224.158,ipv4,malicious-ip,medium,WHITE,ziyadnz/hourly-ipv4,ziyadnz|hourly,2026-08-17T18:48:05Z,2026-08-17T18:48:05Z,
74.207.240.187,ipv4,malicious-ip,medium,WHITE,ziyadnz/hourly-ipv4,ziyadnz|hourly,2026-08-17T18:48:05Z,2026-08-17T18:48:05Z,
74.207.241.159,ipv4,malicious-ip,medium,WHITE,ziyadnz/hourly-ipv4,ziyadnz|hourly,2026-08-17T18:48:05Z,2026-08-17T18:48:05Z,
74.207.241.211,ipv4,malicious-ip,medium,WHITE,ziyadnz/hourly-ipv4,ziyadnz|hourly,2026-08-17T18:48:05Z,2026-08-17T18:48:05Z,
74.207.241.227,ipv4,malicious-ip,medium,WHITE,ziyadnz/hourly-ipv4,ziyadnz|hourly,2026-08-17T18:48:05Z,2026-08-17T18:48:05Z,
74.207.243.117,ipv4,malicious-ip,medium,WHITE,ziyadnz/hourly-ipv4,ziyadnz|hourly,2026-08-17T18:48:05Z,2026-08-17T18:48:05Z,
74.207.243.160,ipv4,malicious-ip,medium,WHITE,ziyadnz/hourly-ipv4,ziyadnz|hourly,2026-08-17T18:48:05Z,2026-08-17T18:48:05Z,
74.207.252.107,ipv4,malicious-ip,medium,WHITE,ziyadnz/hourly-ipv4,ziyadnz|hourly,2026-08-17T18:48:05Z,2026-08-17T18:48:05Z,
74.207.252.109,ipv4,malicious-ip,medium,WHITE,ziyadnz/hourly-ipv4,ziyadnz|hourly,2026-08-17T18:48:05Z,2026-08-17T18:48:05Z,
74.207.252.20,ipv4,malicious-ip,medium,WHITE,ziyadnz/hourly-ipv4,ziyadnz|hourly,2026-08-17T18:48:05Z,2026-08-17T18:48:05Z,
74.207.252.24,ipv4,malicious-ip,medium,WHITE,ziyadnz/hourly-ipv4,ziyadnz|hourly,2026-08-17T18:48:05Z,2026-08-17T18:48:05Z,
74.207.252.39,ipv4,malicious-ip,medium,WHITE,ziyadnz/hourly-ipv4,ziyadnz|hourly,2026-08-17T18:48:05Z,2026-08-17T18:48:05Z,
74.207.252.4,ipv4,malicious-ip,medium,WHITE,ziyadnz/hourly-ipv4,ziyadnz|hourly,2026-08-17T18:48:05Z,2026-08-17T18:48:05Z,
74.207.252.86,ipv4,malicious-ip,medium,WHITE,ziyadnz/hourly-ipv4,ziyadnz|hourly,2026-08-17T18:48:05Z,2026-08-17T18:48:05Z,
74.207.253.160,ipv4,malicious-ip,medium,WHITE,ziyadnz/hourly-ipv4,ziyadnz|hourly,2026-08-17T18:48:05Z,2026-08-17T18:48:05Z,
74.207.253.22,ipv4,malicious-ip,medium,WHITE,ziyadnz/hourly-ipv4,ziyadnz|hourly,2026-08-17T18:48:05Z,2026-08-17T18:48:05Z,
74.207.254.118,ipv4,malicious-ip,medium,WHITE,ziyadnz/hourly-ipv4,ziyadnz|hourly,2026-08-17T18:48:05Z,2026-08-17T18:48:05Z,
74.207.254.122,ipv4,malicious-ip,medium,WHITE,ziyadnz/hourly-ipv4,ziyadnz|hourly,2026-08-17T18:48:05Z,2026-08-17T18:48:05Z,
74.207.254.143,ipv4,malicious-ip,medium,WHITE,ziyadnz/hourly-ipv4,ziyadnz|hourly,2026-08-17T18:48:05Z,2026-08-17T18:48:05Z,
74.207.254.145,ipv4,malicious-ip,medium,WHITE,ziyadnz/hourly-ipv4,ziyadnz|hourly,2026-08-17T18:48:05Z,2026-08-17T18:48:05Z,
74.207.254.19,ipv4,malicious-ip,medium,WHITE,ziyadnz/hourly-ipv4,ziyadnz|hourly,2026-08-17T18:48:05Z,2026-08-17T18:48:05Z,
74.207.254.27,ipv4,malicious-ip,medium,WHITE,ziyadnz/hourly-ipv4,ziyadnz|hourly,2026-08-17T18:48:05Z,2026-08-17T18:48:05Z,
74.208.113.169,ipv4,malicious-ip,medium,WHITE,ziyadnz/hourly-ipv4,ziyadnz|hourly,2026-08-17T18:48:05Z,2026-08-17T18:48:05Z,
74.208.130.72,ipv4,malicious-ip,medium,WHITE,ziyadnz/hourly-ipv4,ziyadnz|hourly,2026-08-17T18:48:05Z,2026-08-17T18:48:05Z,
74.208.139.184,ipv4,malicious-ip,medium,WHITE,ziyadnz/hourly-ipv4,ziyadnz|hourly,2026-08-17T18:48:05Z,2026-08-17T18:48:05Z,
74.208.14.192,ipv4,malicious-ip,medium,WHITE,ziyadnz/hourly-ipv4,ziyadnz|hourly,2026-08-17T18:48:05Z,2026-08-17T18:48:05Z,
74.208.146.51,ipv4,malicious-ip,medium,WHITE,ziyadnz/hourly-ipv4,ziyadnz|hourly,2026-08-17T18:48:05Z,2026-08-17T18:48:05Z,
74.208.150.73,ipv4,malicious-ip,medium,WHITE,ziyadnz/hourly-ipv4,ziyadnz|hourly,2026-08-17T18:48:05Z,2026-08-17T18:48:05Z,
74.208.164.7,ipv4,malicious-ip,medium,WHITE,ziyadnz/hourly-ipv4,ziyadnz|hourly,2026-08-17T18:48:05Z,2026-08-17T18:48:05Z,
74.208.166.129,ipv4,malicious-ip,medium,WHITE,ziyadnz/hourly-ipv4,ziyadnz|hourly,2026-08-17T18:48:05Z,2026-08-17T18:48:05Z,
74.208.167.22,ipv4,malicious-ip,medium,WHITE,ziyadnz/hourly-ipv4,ziyadnz|hourly,2026-08-17T18:48:05Z,2026-08-17T18:48:05Z,
74.208.17.168,ipv4,malicious-ip,medium,WHITE,ziyadnz/hourly-ipv4,ziyadnz|hourly,2026-08-17T18:48:05Z,2026-08-17T18:48:05Z,
74.208.171.58,ipv4,malicious-ip,medium,WHITE,ziyadnz/hourly-ipv4,ziyadnz|hourly,2026-08-17T18:48:05Z,2026-08-17T18:48:05Z,
74.208.181.231,ipv4,malicious-ip,medium,WHITE,ziyadnz/hourly-ipv4,ziyadnz|hourly,2026-08-17T18:48:05Z,2026-08-17T18:48:05Z,
74.208.206.63,ipv4,malicious-ip,medium,WHITE,ziyadnz/hourly-ipv4,ziyadnz|hourly,2026-08-17T18:48:05Z,2026-08-17T18:48:05Z,
74.208.219.59,ipv4,malicious-ip,medium,WHITE,ziyadnz/hourly-ipv4,ziyadnz|hourly,2026-08-17T18:48:05Z,2026-08-17T18:48:05Z,
74.208.225.85,ipv4,malicious-ip,medium,WHITE,ziyadnz/hourly-ipv4,ziyadnz|hourly,2026-08-17T18:48:05Z,2026-08-17T18:48:05Z,
74.208.238.130,ipv4,malicious-ip,medium,WHITE,ziyadnz/hourly-ipv4,ziyadnz|hourly,2026-08-17T18:48:05Z,2026-08-17T18:48:05Z,
74.208.24.179,ipv4,malicious-ip,medium,WHITE,ziyadnz/hourly-ipv4,ziyadnz|hourly,2026-08-17T18:48:05Z,2026-08-17T18:48:05Z,
74.208.249.132,ipv4,malicious-ip,medium,WHITE,ziyadnz/hourly-ipv4,ziyadnz|hourly,2026-08-17T18:48:05Z,2026-08-17T18:48:05Z,
74.208.50.208,ipv4,malicious-ip,medium,WHITE,ziyadnz/hourly-ipv4,ziyadnz|hourly,2026-08-17T18:48:05Z,2026-08-17T18:48:05Z,
74.208.79.8,ipv4,malicious-ip,medium,WHITE,ziyadnz/hourly-ipv4,ziyadnz|hourly,2026-08-17T18:48:05Z,2026-08-17T18:48:05Z,
74.208.97.186,ipv4,malicious-ip,medium,WHITE,ziyadnz/hourly-ipv4,ziyadnz|hourly,2026-08-17T18:48:05Z,2026-08-17T18:48:05Z,
74.209.100.246,ipv4,malicious-ip,medium,WHITE,ziyadnz/hourly-ipv4,ziyadnz|hourly,2026-08-17T18:48:05Z,2026-08-17T18:48:05Z,
74.209.148.213,ipv4,malicious-ip,medium,WHITE,ziyadnz/hourly-ipv4,ziyadnz|hourly,2026-08-17T18:48:05Z,2026-08-17T18:48:05Z,
74.209.172.14,ipv4,malicious-ip,medium,WHITE,ziyadnz/hourly-ipv4,ziyadnz|hourly,2026-08-17T18:48:05Z,2026-08-17T18:48:05Z,
74.210.180.133,ipv4,malicious-ip,medium,WHITE,ziyadnz/hourly-ipv4,ziyadnz|hourly,2026-08-17T18:48:05Z,2026-08-17T18:48:05Z,
74.214.56.173,ipv4,malicious-ip,medium,WHITE,ziyadnz/hourly-ipv4,ziyadnz|hourly,2026-08-17T18:48:05Z,2026-08-17T18:48:05Z,
74.220.219.216,ipv4,malicious-ip,medium,WHITE,ziyadnz/hourly-ipv4,ziyadnz|hourly,2026-08-17T18:48:05Z,2026-08-17T18:48:05Z,
74.222.26.253,ipv4,malicious-ip,medium,WHITE,ziyadnz/hourly-ipv4,ziyadnz|hourly,2026-08-17T18:48:05Z,2026-08-17T18:48:05Z,
74.224.96.228,ipv4,malicious-ip,medium,WHITE,ziyadnz/hourly-ipv4,ziyadnz|hourly,2026-08-17T18:48:05Z,2026-08-17T18:48:05Z,
74.225.169.109,ipv4,malicious-ip,medium,WHITE,ziyadnz/hourly-ipv4,ziyadnz|hourly,2026-08-17T18:48:05Z,2026-08-17T18:48:05Z,
74.234.192.101,ipv4,malicious-ip,medium,WHITE,ziyadnz/hourly-ipv4,ziyadnz|hourly,2026-08-17T18:48:05Z,2026-08-17T18:48:05Z,
74.235.100.0,ipv4,malicious-ip,medium,WHITE,ziyadnz/hourly-ipv4,ziyadnz|hourly,2026-08-17T18:48:05Z,2026-08-17T18:48:05Z,
74.235.100.130,ipv4,malicious-ip,medium,WHITE,ziyadnz/hourly-ipv4,ziyadnz|hourly,2026-08-17T18:48:05Z,2026-08-17T18:48:05Z,
74.235.100.142,ipv4,malicious-ip,medium,WHITE,ziyadnz/hourly-ipv4,ziyadnz|hourly,2026-08-17T18:48:05Z,2026-08-17T18:48:05Z,
74.235.100.195,ipv4,malicious-ip,medium,WHITE,ziyadnz/hourly-ipv4,ziyadnz|hourly,2026-08-17T18:48:05Z,2026-08-17T18:48:05Z,
74.235.100.212,ipv4,malicious-ip,medium,WHITE,ziyadnz/hourly-ipv4,ziyadnz|hourly,2026-08-17T18:48:05Z,2026-08-17T18:48:05Z,
74.235.104.219,ipv4,malicious-ip,medium,WHITE,ziyadnz/hourly-ipv4,ziyadnz|hourly,2026-08-17T18:48:05Z,2026-08-17T18:48:05Z,
74.235.107.35,ipv4,malicious-ip,medium,WHITE,ziyadnz/hourly-ipv4,ziyadnz|hourly,2026-08-17T18:48:05Z,2026-08-17T18:48:05Z,
74.235.108.239,ipv4,malicious-ip,medium,WHITE,ziyadnz/hourly-ipv4,ziyadnz|hourly,2026-08-17T18:48:05Z,2026-08-17T18:48:05Z,
74.235.120.173,ipv4,malicious-ip,medium,WHITE,ziyadnz/hourly-ipv4,ziyadnz|hourly,2026-08-17T18:48:05Z,2026-08-17T18:48:05Z,
74.235.120.62,ipv4,malicious-ip,medium,WHITE,ziyadnz/hourly-ipv4,ziyadnz|hourly,2026-08-17T18:48:05Z,2026-08-17T18:48:05Z,
74.235.121.114,ipv4,malicious-ip,medium,WHITE,ziyadnz/hourly-ipv4,ziyadnz|hourly,2026-08-17T18:48:05Z,2026-08-17T18:48:05Z,
74.235.121.66,ipv4,malicious-ip,medium,WHITE,ziyadnz/hourly-ipv4,ziyadnz|hourly,2026-08-17T18:48:05Z,2026-08-17T18:48:05Z,
74.235.121.84,ipv4,malicious-ip,medium,WHITE,ziyadnz/hourly-ipv4,ziyadnz|hourly,2026-08-17T18:48:05Z,2026-08-17T18:48:05Z,
74.235.122.210,ipv4,malicious-ip,medium,WHITE,ziyadnz/hourly-ipv4,ziyadnz|hourly,2026-08-17T18:48:05Z,2026-08-17T18:48:05Z,
74.235.139.143,ipv4,malicious-ip,medium,WHITE,ziyadnz/hourly-ipv4,ziyadnz|hourly,2026-08-17T18:48:05Z,2026-08-17T18:48:05Z,
74.235.140.14,ipv4,malicious-ip,medium,WHITE,ziyadnz/hourly-ipv4,ziyadnz|hourly,2026-08-17T18:48:05Z,2026-08-17T18:48:05Z,
74.235.162.254,ipv4,malicious-ip,medium,WHITE,ziyadnz/hourly-ipv4,ziyadnz|hourly,2026-08-17T18:48:05Z,2026-08-17T18:48:05Z,
74.235.164.82,ipv4,malicious-ip,medium,WHITE,ziyadnz/hourly-ipv4,ziyadnz|hourly,2026-08-17T18:48:05Z,2026-08-17T18:48:05Z,
74.235.184.174,ipv4,malicious-ip,medium,WHITE,ziyadnz/hourly-ipv4,ziyadnz|hourly,2026-08-17T18:48:05Z,2026-08-17T18:48:05Z,
74.235.185.111,ipv4,malicious-ip,medium,WHITE,ziyadnz/hourly-ipv4,ziyadnz|hourly,2026-08-17T18:48:05Z,2026-08-17T18:48:05Z,
74.235.185.121,ipv4,malicious-ip,medium,WHITE,ziyadnz/hourly-ipv4,ziyadnz|hourly,2026-08-17T18:48:05Z,2026-08-17T18:48:05Z,
74.235.188.96,ipv4,malicious-ip,medium,WHITE,ziyadnz/hourly-ipv4,ziyadnz|hourly,2026-08-17T18:48:05Z,2026-08-17T18:48:05Z,
74.235.203.125,ipv4,malicious-ip,medium,WHITE,ziyadnz/hourly-ipv4,ziyadnz|hourly,2026-08-17T18:48:05Z,2026-08-17T18:48:05Z,
74.235.205.36,ipv4,malicious-ip,medium,WHITE,ziyadnz/hourly-ipv4,ziyadnz|hourly,2026-08-17T18:48:05Z,2026-08-17T18:48:05Z,
74.235.84.135,ipv4,malicious-ip,medium,WHITE,ziyadnz/hourly-ipv4,ziyadnz|hourly,2026-08-17T18:48:05Z,2026-08-17T18:48:05Z,
74.241.134.117,ipv4,malicious-ip,medium,WHITE,ziyadnz/hourly-ipv4,ziyadnz|hourly,2026-08-17T18:48:05Z,2026-08-17T18:48:05Z,
74.243.239.219,ipv4,malicious-ip,medium,WHITE,ziyadnz/hourly-ipv4,ziyadnz|hourly,2026-08-17T18:48:05Z,2026-08-17T18:48:05Z,
74.244.111.88,ipv4,malicious-ip,medium,WHITE,ziyadnz/hourly-ipv4,ziyadnz|hourly,2026-08-17T18:48:05Z,2026-08-17T18:48:05Z,
74.244.12.75,ipv4,malicious-ip,medium,WHITE,ziyadnz/hourly-ipv4,ziyadnz|hourly,2026-08-17T18:48:05Z,2026-08-17T18:48:05Z,
74.244.129.0,ipv4,malicious-ip,medium,WHITE,ziyadnz/hourly-ipv4,ziyadnz|hourly,2026-08-17T18:48:05Z,2026-08-17T18:48:05Z,
74.244.129.10,ipv4,malicious-ip,medium,WHITE,ziyadnz/hourly-ipv4,ziyadnz|hourly,2026-08-17T18:48:05Z,2026-08-17T18:48:05Z,
74.244.129.122,ipv4,malicious-ip,medium,WHITE,ziyadnz/hourly-ipv4,ziyadnz|hourly,2026-08-17T18:48:05Z,2026-08-17T18:48:05Z,
74.244.129.145,ipv4,malicious-ip,medium,WHITE,ziyadnz/hourly-ipv4,ziyadnz|hourly,2026-08-17T18:48:05Z,2026-08-17T18:48:05Z,
74.244.129.216,ipv4,malicious-ip,medium,WHITE,ziyadnz/hourly-ipv4,ziyadnz|hourly,2026-08-17T18:48:05Z,2026-08-17T18:48:05Z,
74.244.129.234,ipv4,malicious-ip,medium,WHITE,ziyadnz/hourly-ipv4,ziyadnz|hourly,2026-08-17T18:48:05Z,2026-08-17T18:48:05Z,
74.244.129.56,ipv4,malicious-ip,medium,WHITE,ziyadnz/hourly-ipv4,ziyadnz|hourly,2026-08-17T18:48:05Z,2026-08-17T18:48:05Z,
74.244.129.57,ipv4,malicious-ip,medium,WHITE,ziyadnz/hourly-ipv4,ziyadnz|hourly,2026-08-17T18:48:05Z,2026-08-17T18:48:05Z,
74.244.129.91,ipv4,malicious-ip,medium,WHITE,ziyadnz/hourly-ipv4,ziyadnz|hourly,2026-08-17T18:48:05Z,2026-08-17T18:48:05Z,
74.244.129.97,ipv4,malicious-ip,medium,WHITE,ziyadnz/hourly-ipv4,ziyadnz|hourly,2026-08-17T18:48:05Z,2026-08-17T18:48:05Z,
74.244.135.184,ipv4,malicious-ip,medium,WHITE,ziyadnz/hourly-ipv4,ziyadnz|hourly,2026-08-17T18:48:05Z,2026-08-17T18:48:05Z,
74.244.146.24,ipv4,malicious-ip,medium,WHITE,ziyadnz/hourly-ipv4,ziyadnz|hourly,2026-08-17T18:48:05Z,2026-08-17T18:48:05Z,
74.244.155.167,ipv4,malicious-ip,medium,WHITE,ziyadnz/hourly-ipv4,ziyadnz|hourly,2026-08-17T18:48:05Z,2026-08-17T18:48:05Z,
74.244.185.225,ipv4,malicious-ip,medium,WHITE,ziyadnz/hourly-ipv4,ziyadnz|hourly,2026-08-17T18:48:05Z,2026-08-17T18:48:05Z,
74.244.193.9,ipv4,malicious-ip,medium,WHITE,ziyadnz/hourly-ipv4,ziyadnz|hourly,2026-08-17T18:48:05Z,2026-08-17T18:48:05Z,
74.244.195.96,ipv4,malicious-ip,medium,WHITE,ziyadnz/hourly-ipv4,ziyadnz|hourly,2026-08-17T18:48:05Z,2026-08-17T18:48:05Z,
74.244.197.222,ipv4,malicious-ip,medium,WHITE,ziyadnz/hourly-ipv4,ziyadnz|hourly,2026-08-17T18:48:05Z,2026-08-17T18:48:05Z,
74.244.197.231,ipv4,malicious-ip,medium,WHITE,ziyadnz/hourly-ipv4,ziyadnz|hourly,2026-08-17T18:48:05Z,2026-08-17T18:48:05Z,
74.244.197.42,ipv4,malicious-ip,medium,WHITE,ziyadnz/hourly-ipv4,ziyadnz|hourly,2026-08-17T18:48:05Z,2026-08-17T18:48:05Z,
74.244.197.75,ipv4,malicious-ip,medium,WHITE,ziyadnz/hourly-ipv4,ziyadnz|hourly,2026-08-17T18:48:05Z,2026-08-17T18:48:05Z,
74.244.223.60,ipv4,malicious-ip,medium,WHITE,ziyadnz/hourly-ipv4,ziyadnz|hourly,2026-08-17T18:48:05Z,2026-08-17T18:48:05Z,
74.244.25.166,ipv4,malicious-ip,medium,WHITE,ziyadnz/hourly-ipv4,ziyadnz|hourly,2026-08-17T18:48:05Z,2026-08-17T18:48:05Z,
74.248.115.87,ipv4,malicious-ip,medium,WHITE,ziyadnz/hourly-ipv4,ziyadnz|hourly,2026-08-17T18:48:05Z,2026-08-17T18:48:05Z,
74.248.16.78,ipv4,malicious-ip,medium,WHITE,ziyadnz/hourly-ipv4,ziyadnz|hourly,2026-08-17T18:48:05Z,2026-08-17T18:48:05Z,
74.248.24.61,ipv4,malicious-ip,medium,WHITE,ziyadnz/hourly-ipv4,ziyadnz|hourly,2026-08-17T18:48:05Z,2026-08-17T18:48:05Z,
74.248.32.128,ipv4,malicious-ip,medium,WHITE,ziyadnz/hourly-ipv4,ziyadnz|hourly,2026-08-17T18:48:05Z,2026-08-17T18:48:05Z,
74.248.36.185,ipv4,malicious-ip,medium,WHITE,ziyadnz/hourly-ipv4,ziyadnz|hourly,2026-08-17T18:48:05Z,2026-08-17T18:48:05Z,
74.248.37.226,ipv4,malicious-ip,medium,WHITE,ziyadnz/hourly-ipv4,ziyadnz|hourly,2026-08-17T18:48:05Z,2026-08-17T18:48:05Z,
74.248.97.169,ipv4,malicious-ip,medium,WHITE,ziyadnz/hourly-ipv4,ziyadnz|hourly,2026-08-17T18:48:05Z,2026-08-17T18:48:05Z,
74.249.109.74,ipv4,malicious-ip,medium,WHITE,ziyadnz/hourly-ipv4,ziyadnz|hourly,2026-08-17T18:48:05Z,2026-08-17T18:48:05Z,
74.249.110.105,ipv4,malicious-ip,medium,WHITE,ziyadnz/hourly-ipv4,ziyadnz|hourly,2026-08-17T18:48:05Z,2026-08-17T18:48:05Z,
74.249.178.45,ipv4,malicious-ip,medium,WHITE,ziyadnz/hourly-ipv4,ziyadnz|hourly,2026-08-17T18:48:05Z,2026-08-17T18:48:05Z,
74.249.192.21,ipv4,malicious-ip,medium,WHITE,ziyadnz/hourly-ipv4,ziyadnz|hourly,2026-08-17T18:48:05Z,2026-08-17T18:48:05Z,
74.249.224.76,ipv4,malicious-ip,medium,WHITE,ziyadnz/hourly-ipv4,ziyadnz|hourly,2026-08-17T18:48:05Z,2026-08-17T18:48:05Z,
74.255.67.50,ipv4,malicious-ip,medium,WHITE,ziyadnz/hourly-ipv4,ziyadnz|hourly,2026-08-17T18:48:05Z,2026-08-17T18:48:05Z,
74.33.67.74,ipv4,malicious-ip,medium,WHITE,ziyadnz/hourly-ipv4,ziyadnz|hourly,2026-08-17T18:48:05Z,2026-08-17T18:48:05Z,
74.38.205.71,ipv4,malicious-ip,medium,WHITE,ziyadnz/hourly-ipv4,ziyadnz|hourly,2026-08-17T18:48:05Z,2026-08-17T18:48:05Z,
74.42.122.44,ipv4,malicious-ip,medium,WHITE,ziyadnz/hourly-ipv4,ziyadnz|hourly,2026-08-17T18:48:05Z,2026-08-17T18:48:05Z,
74.48.105.66,ipv4,malicious-ip,medium,WHITE,ziyadnz/hourly-ipv4,ziyadnz|hourly,2026-08-17T18:48:05Z,2026-08-17T18:48:05Z,
74.48.136.116,ipv4,malicious-ip,medium,WHITE,ziyadnz/hourly-ipv4,ziyadnz|hourly,2026-08-17T18:48:05Z,2026-08-17T18:48:05Z,
74.48.78.116,ipv4,malicious-ip,medium,WHITE,ziyadnz/hourly-ipv4,ziyadnz|hourly,2026-08-17T18:48:05Z,2026-08-17T18:48:05Z,
74.48.78.66,ipv4,malicious-ip,medium,WHITE,ziyadnz/hourly-ipv4,ziyadnz|hourly,2026-08-17T18:48:05Z,2026-08-17T18:48:05Z,
74.48.84.119,ipv4,malicious-ip,medium,WHITE,ziyadnz/hourly-ipv4,ziyadnz|hourly,2026-08-17T18:48:05Z,2026-08-17T18:48:05Z,
74.50.211.178,ipv4,malicious-ip,medium,WHITE,ziyadnz/hourly-ipv4,ziyadnz|hourly,2026-08-17T18:48:05Z,2026-08-17T18:48:05Z,
74.50.211.42,ipv4,malicious-ip,medium,WHITE,ziyadnz/hourly-ipv4,ziyadnz|hourly,2026-08-17T18:48:05Z,2026-08-17T18:48:05Z,
74.50.68.17,ipv4,malicious-ip,medium,WHITE,ziyadnz/hourly-ipv4,ziyadnz|hourly,2026-08-17T18:48:05Z,2026-08-17T18:48:05Z,
74.50.80.82,ipv4,malicious-ip,medium,WHITE,ziyadnz/hourly-ipv4,ziyadnz|hourly,2026-08-17T18:48:05Z,2026-08-17T18:48:05Z,
74.50.81.158,ipv4,malicious-ip,medium,WHITE,ziyadnz/hourly-ipv4,ziyadnz|hourly,2026-08-17T18:48:05Z,2026-08-17T18:48:05Z,
74.50.84.181,ipv4,malicious-ip,medium,WHITE,ziyadnz/hourly-ipv4,ziyadnz|hourly,2026-08-17T18:48:05Z,2026-08-17T18:48:05Z,
74.50.94.156,ipv4,malicious-ip,medium,WHITE,ziyadnz/hourly-ipv4,ziyadnz|hourly,2026-08-17T18:48:05Z,2026-08-17T18:48:05Z,
74.50.94.175,ipv4,malicious-ip,medium,WHITE,ziyadnz/hourly-ipv4,ziyadnz|hourly,2026-08-17T18:48:05Z,2026-08-17T18:48:05Z,
74.65.75.102,ipv4,malicious-ip,medium,WHITE,ziyadnz/hourly-ipv4,ziyadnz|hourly,2026-08-17T18:48:05Z,2026-08-17T18:48:05Z,
74.7.227.174,ipv4,malicious-ip,medium,WHITE,ziyadnz/hourly-ipv4,ziyadnz|hourly,2026-08-17T18:48:05Z,2026-08-17T18:48:05Z,
74.7.227.184,ipv4,malicious-ip,medium,WHITE,ziyadnz/hourly-ipv4,ziyadnz|hourly,2026-08-17T18:48:05Z,2026-08-17T18:48:05Z,
74.7.227.187,ipv4,malicious-ip,medium,WHITE,ziyadnz/hourly-ipv4,ziyadnz|hourly,2026-08-17T18:48:05Z,2026-08-17T18:48:05Z,
74.7.227.188,ipv4,malicious-ip,medium,WHITE,ziyadnz/hourly-ipv4,ziyadnz|hourly,2026-08-17T18:48:05Z,2026-08-17T18:48:05Z,
74.7.227.41,ipv4,malicious-ip,medium,WHITE,ziyadnz/hourly-ipv4,ziyadnz|hourly,2026-08-17T18:48:05Z,2026-08-17T18:48:05Z,
74.7.241.40,ipv4,malicious-ip,medium,WHITE,ziyadnz/hourly-ipv4,ziyadnz|hourly,2026-08-17T18:48:05Z,2026-08-17T18:48:05Z,
74.7.242.1,ipv4,malicious-ip,medium,WHITE,ziyadnz/hourly-ipv4,ziyadnz|hourly,2026-08-17T18:48:05Z,2026-08-17T18:48:05Z,
74.7.242.15,ipv4,malicious-ip,medium,WHITE,ziyadnz/hourly-ipv4,ziyadnz|hourly,2026-08-17T18:48:05Z,2026-08-17T18:48:05Z,
74.7.242.32,ipv4,malicious-ip,medium,WHITE,ziyadnz/hourly-ipv4,ziyadnz|hourly,2026-08-17T18:48:05Z,2026-08-17T18:48:05Z,
74.7.242.38,ipv4,malicious-ip,medium,WHITE,ziyadnz/hourly-ipv4,ziyadnz|hourly,2026-08-17T18:48:05Z,2026-08-17T18:48:05Z,
74.7.242.5,ipv4,malicious-ip,medium,WHITE,ziyadnz/hourly-ipv4,ziyadnz|hourly,2026-08-17T18:48:05Z,2026-08-17T18:48:05Z,
74.7.242.62,ipv4,malicious-ip,medium,WHITE,ziyadnz/hourly-ipv4,ziyadnz|hourly,2026-08-17T18:48:05Z,2026-08-17T18:48:05Z,
74.7.243.196,ipv4,malicious-ip,medium,WHITE,ziyadnz/hourly-ipv4,ziyadnz|hourly,2026-08-17T18:48:05Z,2026-08-17T18:48:05Z,
74.7.243.197,ipv4,malicious-ip,medium,WHITE,ziyadnz/hourly-ipv4,ziyadnz|hourly,2026-08-17T18:48:05Z,2026-08-17T18:48:05Z,
74.70.209.0,ipv4,malicious-ip,medium,WHITE,ziyadnz/hourly-ipv4,ziyadnz|hourly,2026-08-17T18:48:05Z,2026-08-17T18:48:05Z,
74.72.230.154,ipv4,malicious-ip,medium,WHITE,ziyadnz/hourly-ipv4,ziyadnz|hourly,2026-08-17T18:48:05Z,2026-08-17T18:48:05Z,
74.73.75.0,ipv4,malicious-ip,medium,WHITE,ziyadnz/hourly-ipv4,ziyadnz|hourly,2026-08-17T18:48:05Z,2026-08-17T18:48:05Z,
74.79.249.183,ipv4,malicious-ip,medium,WHITE,ziyadnz/hourly-ipv4,ziyadnz|hourly,2026-08-17T18:48:05Z,2026-08-17T18:48:05Z,
74.81.41.158,ipv4,malicious-ip,medium,WHITE,ziyadnz/hourly-ipv4,ziyadnz|hourly,2026-08-17T18:48:05Z,2026-08-17T18:48:05Z,
74.82.46.22,ipv4,malicious-ip,medium,WHITE,ziyadnz/hourly-ipv4,ziyadnz|hourly,2026-08-17T18:48:05Z,2026-08-17T18:48:05Z,
74.82.47.0,ipv4,malicious-ip,medium,WHITE,ziyadnz/hourly-ipv4,ziyadnz|hourly,2026-08-17T18:48:05Z,2026-08-17T18:48:05Z,
74.82.47.10,ipv4,malicious-ip,medium,WHITE,ziyadnz/hourly-ipv4,ziyadnz|hourly,2026-08-17T18:48:05Z,2026-08-17T18:48:05Z,
74.82.47.11,ipv4,malicious-ip,medium,WHITE,ziyadnz/hourly-ipv4,ziyadnz|hourly,2026-08-17T18:48:05Z,2026-08-17T18:48:05Z,
74.82.47.12,ipv4,malicious-ip,medium,WHITE,ziyadnz/hourly-ipv4,ziyadnz|hourly,2026-08-17T18:48:05Z,2026-08-17T18:48:05Z,
74.82.47.13,ipv4,malicious-ip,medium,WHITE,ziyadnz/hourly-ipv4,ziyadnz|hourly,2026-08-17T18:48:05Z,2026-08-17T18:48:05Z,
74.82.47.14,ipv4,malicious-ip,medium,WHITE,ziyadnz/hourly-ipv4,ziyadnz|hourly,2026-08-17T18:48:05Z,2026-08-17T18:48:05Z,
74.82.47.15,ipv4,malicious-ip,medium,WHITE,ziyadnz/hourly-ipv4,ziyadnz|hourly,2026-08-17T18:48:05Z,2026-08-17T18:48:05Z,
74.82.47.16,ipv4,malicious-ip,medium,WHITE,ziyadnz/hourly-ipv4,ziyadnz|hourly,2026-08-17T18:48:05Z,2026-08-17T18:48:05Z,
74.82.47.17,ipv4,malicious-ip,medium,WHITE,ziyadnz/hourly-ipv4,ziyadnz|hourly,2026-08-17T18:48:05Z,2026-08-17T18:48:05Z,
74.82.47.18,ipv4,malicious-ip,medium,WHITE,ziyadnz/hourly-ipv4,ziyadnz|hourly,2026-08-17T18:48:05Z,2026-08-17T18:48:05Z,
74.82.47.19,ipv4,malicious-ip,medium,WHITE,ziyadnz/hourly-ipv4,ziyadnz|hourly,2026-08-17T18:48:05Z,2026-08-17T18:48:05Z,
74.82.47.194,ipv4,malicious-ip,medium,WHITE,ziyadnz/hourly-ipv4,ziyadnz|hourly,2026-08-17T18:48:05Z,2026-08-17T18:48:05Z,
74.82.47.2,ipv4,malicious-ip,medium,WHITE,ziyadnz/hourly-ipv4,ziyadnz|hourly,2026-08-17T18:48:05Z,2026-08-17T18:48:05Z,
74.82.47.20,ipv4,malicious-ip,medium,WHITE,ziyadnz/hourly-ipv4,ziyadnz|hourly,2026-08-17T18:48:05Z,2026-08-17T18:48:05Z,
74.82.47.21,ipv4,malicious-ip,medium,WHITE,ziyadnz/hourly-ipv4,ziyadnz|hourly,2026-08-17T18:48:05Z,2026-08-17T18:48:05Z,
74.82.47.22,ipv4,malicious-ip,medium,WHITE,ziyadnz/hourly-ipv4,ziyadnz|hourly,2026-08-17T18:48:05Z,2026-08-17T18:48:05Z,
74.82.47.23,ipv4,malicious-ip,medium,WHITE,ziyadnz/hourly-ipv4,ziyadnz|hourly,2026-08-17T18:48:05Z,2026-08-17T18:48:05Z,
74.82.47.24,ipv4,malicious-ip,medium,WHITE,ziyadnz/hourly-ipv4,ziyadnz|hourly,2026-08-17T18:48:05Z,2026-08-17T18:48:05Z,
74.82.47.25,ipv4,malicious-ip,medium,WHITE,ziyadnz/hourly-ipv4,ziyadnz|hourly,2026-08-17T18:48:05Z,2026-08-17T18:48:05Z,
74.82.47.26,ipv4,malicious-ip,medium,WHITE,ziyadnz/hourly-ipv4,ziyadnz|hourly,2026-08-17T18:48:05Z,2026-08-17T18:48:05Z,
74.82.47.27,ipv4,malicious-ip,medium,WHITE,ziyadnz/hourly-ipv4,ziyadnz|hourly,2026-08-17T18:48:05Z,2026-08-17T18:48:05Z,
74.82.47.28,ipv4,malicious-ip,medium,WHITE,ziyadnz/hourly-ipv4,ziyadnz|hourly,2026-08-17T18:48:05Z,2026-08-17T18:48:05Z,
74.82.47.29,ipv4,malicious-ip,medium,WHITE,ziyadnz/hourly-ipv4,ziyadnz|hourly,2026-08-17T18:48:05Z,2026-08-17T18:48:05Z,
74.82.47.3,ipv4,malicious-ip,medium,WHITE,ziyadnz/hourly-ipv4,ziyadnz|hourly,2026-08-17T18:48:05Z,2026-08-17T18:48:05Z,
74.82.47.30,ipv4,malicious-ip,medium,WHITE,ziyadnz/hourly-ipv4,ziyadnz|hourly,2026-08-17T18:48:05Z,2026-08-17T18:48:05Z,
74.82.47.31,ipv4,malicious-ip,medium,WHITE,ziyadnz/hourly-ipv4,ziyadnz|hourly,2026-08-17T18:48:05Z,2026-08-17T18:48:05Z,
74.82.47.32,ipv4,malicious-ip,medium,WHITE,ziyadnz/hourly-ipv4,ziyadnz|hourly,2026-08-17T18:48:05Z,2026-08-17T18:48:05Z,
74.82.47.33,ipv4,malicious-ip,medium,WHITE,ziyadnz/hourly-ipv4,ziyadnz|hourly,2026-08-17T18:48:05Z,2026-08-17T18:48:05Z,
74.82.47.34,ipv4,malicious-ip,medium,WHITE,ziyadnz/hourly-ipv4,ziyadnz|hourly,2026-08-17T18:48:05Z,2026-08-17T18:48:05Z,
74.82.47.35,ipv4,malicious-ip,medium,WHITE,ziyadnz/hourly-ipv4,ziyadnz|hourly,2026-08-17T18:48:05Z,2026-08-17T18:48:05Z,
74.82.47.36,ipv4,malicious-ip,medium,WHITE,ziyadnz/hourly-ipv4,ziyadnz|hourly,2026-08-17T18:48:05Z,2026-08-17T18:48:05Z,
74.82.47.37,ipv4,malicious-ip,medium,WHITE,ziyadnz/hourly-ipv4,ziyadnz|hourly,2026-08-17T18:48:05Z,2026-08-17T18:48:05Z,
74.82.47.38,ipv4,malicious-ip,medium,WHITE,ziyadnz/hourly-ipv4,ziyadnz|hourly,2026-08-17T18:48:05Z,2026-08-17T18:48:05Z,
74.82.47.39,ipv4,malicious-ip,medium,WHITE,ziyadnz/hourly-ipv4,ziyadnz|hourly,2026-08-17T18:48:05Z,2026-08-17T18:48:05Z,
74.82.47.4,ipv4,malicious-ip,medium,WHITE,ziyadnz/hourly-ipv4,ziyadnz|hourly,2026-08-17T18:48:05Z,2026-08-17T18:48:05Z,
74.82.47.40,ipv4,malicious-ip,medium,WHITE,ziyadnz/hourly-ipv4,ziyadnz|hourly,2026-08-17T18:48:05Z,2026-08-17T18:48:05Z,
74.82.47.41,ipv4,malicious-ip,medium,WHITE,ziyadnz/hourly-ipv4,ziyadnz|hourly,2026-08-17T18:48:05Z,2026-08-17T18:48:05Z,
74.82.47.42,ipv4,malicious-ip,medium,WHITE,ziyadnz/hourly-ipv4,ziyadnz|hourly,2026-08-17T18:48:05Z,2026-08-17T18:48:05Z,
74.82.47.43,ipv4,malicious-ip,medium,WHITE,ziyadnz/hourly-ipv4,ziyadnz|hourly,2026-08-17T18:48:05Z,2026-08-17T18:48:05Z,
74.82.47.44,ipv4,malicious-ip,medium,WHITE,ziyadnz/hourly-ipv4,ziyadnz|hourly,2026-08-17T18:48:05Z,2026-08-17T18:48:05Z,
74.82.47.45,ipv4,malicious-ip,medium,WHITE,ziyadnz/hourly-ipv4,ziyadnz|hourly,2026-08-17T18:48:05Z,2026-08-17T18:48:05Z,
74.82.47.46,ipv4,malicious-ip,medium,WHITE,ziyadnz/hourly-ipv4,ziyadnz|hourly,2026-08-17T18:48:05Z,2026-08-17T18:48:05Z,
74.82.47.47,ipv4,malicious-ip,medium,WHITE,ziyadnz/hourly-ipv4,ziyadnz|hourly,2026-08-17T18:48:05Z,2026-08-17T18:48:05Z,
74.82.47.48,ipv4,malicious-ip,medium,WHITE,ziyadnz/hourly-ipv4,ziyadnz|hourly,2026-08-17T18:48:05Z,2026-08-17T18:48:05Z,
74.82.47.49,ipv4,malicious-ip,medium,WHITE,ziyadnz/hourly-ipv4,ziyadnz|hourly,2026-08-17T18:48:05Z,2026-08-17T18:48:05Z,
74.82.47.5,ipv4,malicious-ip,medium,WHITE,ziyadnz/hourly-ipv4,ziyadnz|hourly,2026-08-17T18:48:05Z,2026-08-17T18:48:05Z,
74.82.47.50,ipv4,malicious-ip,medium,WHITE,ziyadnz/hourly-ipv4,ziyadnz|hourly,2026-08-17T18:48:05Z,2026-08-17T18:48:05Z,
74.82.47.51,ipv4,malicious-ip,medium,WHITE,ziyadnz/hourly-ipv4,ziyadnz|hourly,2026-08-17T18:48:05Z,2026-08-17T18:48:05Z,
74.82.47.52,ipv4,malicious-ip,medium,WHITE,ziyadnz/hourly-ipv4,ziyadnz|hourly,2026-08-17T18:48:05Z,2026-08-17T18:48:05Z,
74.82.47.53,ipv4,malicious-ip,medium,WHITE,ziyadnz/hourly-ipv4,ziyadnz|hourly,2026-08-17T18:48:05Z,2026-08-17T18:48:05Z,
74.82.47.54,ipv4,malicious-ip,medium,WHITE,ziyadnz/hourly-ipv4,ziyadnz|hourly,2026-08-17T18:48:05Z,2026-08-17T18:48:05Z,
74.82.47.55,ipv4,malicious-ip,medium,WHITE,ziyadnz/hourly-ipv4,ziyadnz|hourly,2026-08-17T18:48:05Z,2026-08-17T18:48:05Z,
74.82.47.56,ipv4,malicious-ip,medium,WHITE,ziyadnz/hourly-ipv4,ziyadnz|hourly,2026-08-17T18:48:05Z,2026-08-17T18:48:05Z,
74.82.47.57,ipv4,malicious-ip,medium,WHITE,ziyadnz/hourly-ipv4,ziyadnz|hourly,2026-08-17T18:48:05Z,2026-08-17T18:48:05Z,
74.82.47.58,ipv4,malicious-ip,medium,WHITE,ziyadnz/hourly-ipv4,ziyadnz|hourly,2026-08-17T18:48:05Z,2026-08-17T18:48:05Z,
74.82.47.59,ipv4,malicious-ip,medium,WHITE,ziyadnz/hourly-ipv4,ziyadnz|hourly,2026-08-17T18:48:05Z,2026-08-17T18:48:05Z,
74.82.47.6,ipv4,malicious-ip,medium,WHITE,ziyadnz/hourly-ipv4,ziyadnz|hourly,2026-08-17T18:48:05Z,2026-08-17T18:48:05Z,
74.82.47.60,ipv4,malicious-ip,medium,WHITE,ziyadnz/hourly-ipv4,ziyadnz|hourly,2026-08-17T18:48:05Z,2026-08-17T18:48:05Z,
74.82.47.61,ipv4,malicious-ip,medium,WHITE,ziyadnz/hourly-ipv4,ziyadnz|hourly,2026-08-17T18:48:05Z,2026-08-17T18:48:05Z,
74.82.47.62,ipv4,malicious-ip,medium,WHITE,ziyadnz/hourly-ipv4,ziyadnz|hourly,2026-08-17T18:48:05Z,2026-08-17T18:48:05Z,
74.82.47.7,ipv4,malicious-ip,medium,WHITE,ziyadnz/hourly-ipv4,ziyadnz|hourly,2026-08-17T18:48:05Z,2026-08-17T18:48:05Z,
74.82.47.8,ipv4,malicious-ip,medium,WHITE,ziyadnz/hourly-ipv4,ziyadnz|hourly,2026-08-17T18:48:05Z,2026-08-17T18:48:05Z,
74.82.47.9,ipv4,malicious-ip,medium,WHITE,ziyadnz/hourly-ipv4,ziyadnz|hourly,2026-08-17T18:48:05Z,2026-08-17T18:48:05Z,
74.87.117.146,ipv4,malicious-ip,medium,WHITE,ziyadnz/hourly-ipv4,ziyadnz|hourly,2026-08-17T18:48:05Z,2026-08-17T18:48:05Z,
74.87.117.149,ipv4,malicious-ip,medium,WHITE,ziyadnz/hourly-ipv4,ziyadnz|hourly,2026-08-17T18:48:05Z,2026-08-17T18:48:05Z,
74.87.117.150,ipv4,malicious-ip,medium,WHITE,ziyadnz/hourly-ipv4,ziyadnz|hourly,2026-08-17T18:48:05Z,2026-08-17T18:48:05Z,
74.89.141.159,ipv4,malicious-ip,medium,WHITE,ziyadnz/hourly-ipv4,ziyadnz|hourly,2026-08-17T18:48:05Z,2026-08-17T18:48:05Z,
74.89.67.210,ipv4,malicious-ip,medium,WHITE,ziyadnz/hourly-ipv4,ziyadnz|hourly,2026-08-17T18:48:05Z,2026-08-17T18:48:05Z,
74.9.5.31,ipv4,malicious-ip,medium,WHITE,ziyadnz/hourly-ipv4,ziyadnz|hourly,2026-08-17T18:48:05Z,2026-08-17T18:48:05Z,
74.91.195.12,ipv4,malicious-ip,medium,WHITE,ziyadnz/hourly-ipv4,ziyadnz|hourly,2026-08-17T18:48:05Z,2026-08-17T18:48:05Z,
74.91.224.229,ipv4,malicious-ip,medium,WHITE,ziyadnz/hourly-ipv4,ziyadnz|hourly,2026-08-17T18:48:05Z,2026-08-17T18:48:05Z,
74.91.225.196,ipv4,malicious-ip,medium,WHITE,ziyadnz/hourly-ipv4,ziyadnz|hourly,2026-08-17T18:48:05Z,2026-08-17T18:48:05Z,
74.91.98.167,ipv4,malicious-ip,medium,WHITE,ziyadnz/hourly-ipv4,ziyadnz|hourly,2026-08-17T18:48:05Z,2026-08-17T18:48:05Z,
74.98.201.202,ipv4,malicious-ip,medium,WHITE,ziyadnz/hourly-ipv4,ziyadnz|hourly,2026-08-17T18:48:05Z,2026-08-17T18:48:05Z,
74.98.243.164,ipv4,malicious-ip,medium,WHITE,ziyadnz/hourly-ipv4,ziyadnz|hourly,2026-08-17T18:48:05Z,2026-08-17T18:48:05Z,
75.1.240.64,ipv4,malicious-ip,medium,WHITE,ziyadnz/hourly-ipv4,ziyadnz|hourly,2026-08-17T18:48:05Z,2026-08-17T18:48:05Z,
75.100.84.209,ipv4,malicious-ip,medium,WHITE,ziyadnz/hourly-ipv4,ziyadnz|hourly,2026-08-17T18:48:05Z,2026-08-17T18:48:05Z,
75.110.143.113,ipv4,malicious-ip,medium,WHITE,ziyadnz/hourly-ipv4,ziyadnz|hourly,2026-08-17T18:48:05Z,2026-08-17T18:48:05Z,
75.112.23.30,ipv4,malicious-ip,medium,WHITE,ziyadnz/hourly-ipv4,ziyadnz|hourly,2026-08-17T18:48:05Z,2026-08-17T18:48:05Z,
75.115.19.97,ipv4,malicious-ip,medium,WHITE,ziyadnz/hourly-ipv4,ziyadnz|hourly,2026-08-17T18:48:05Z,2026-08-17T18:48:05Z,
75.119.133.11,ipv4,malicious-ip,medium,WHITE,ziyadnz/hourly-ipv4,ziyadnz|hourly,2026-08-17T18:48:05Z,2026-08-17T18:48:05Z,
75.119.134.130,ipv4,malicious-ip,medium,WHITE,ziyadnz/hourly-ipv4,ziyadnz|hourly,2026-08-17T18:48:05Z,2026-08-17T18:48:05Z,
75.119.136.224,ipv4,malicious-ip,medium,WHITE,ziyadnz/hourly-ipv4,ziyadnz|hourly,2026-08-17T18:48:05Z,2026-08-17T18:48:05Z,
75.119.139.203,ipv4,malicious-ip,medium,WHITE,ziyadnz/hourly-ipv4,ziyadnz|hourly,2026-08-17T18:48:05Z,2026-08-17T18:48:05Z,
75.119.152.103,ipv4,malicious-ip,medium,WHITE,ziyadnz/hourly-ipv4,ziyadnz|hourly,2026-08-17T18:48:05Z,2026-08-17T18:48:05Z,
75.119.154.34,ipv4,malicious-ip,medium,WHITE,ziyadnz/hourly-ipv4,ziyadnz|hourly,2026-08-17T18:48:05Z,2026-08-17T18:48:05Z,
75.127.0.235,ipv4,malicious-ip,medium,WHITE,ziyadnz/hourly-ipv4,ziyadnz|hourly,2026-08-17T18:48:05Z,2026-08-17T18:48:05Z,
75.127.1.237,ipv4,malicious-ip,medium,WHITE,ziyadnz/hourly-ipv4,ziyadnz|hourly,2026-08-17T18:48:05Z,2026-08-17T18:48:05Z,
75.127.6.2,ipv4,malicious-ip,medium,WHITE,ziyadnz/hourly-ipv4,ziyadnz|hourly,2026-08-17T18:48:05Z,2026-08-17T18:48:05Z,
75.127.7.87,ipv4,malicious-ip,medium,WHITE,ziyadnz/hourly-ipv4,ziyadnz|hourly,2026-08-17T18:48:05Z,2026-08-17T18:48:05Z,
75.134.75.102,ipv4,malicious-ip,medium,WHITE,ziyadnz/hourly-ipv4,ziyadnz|hourly,2026-08-17T18:48:05Z,2026-08-17T18:48:05Z,
75.138.40.135,ipv4,malicious-ip,medium,WHITE,ziyadnz/hourly-ipv4,ziyadnz|hourly,2026-08-17T18:48:05Z,2026-08-17T18:48:05Z,
75.143.236.149,ipv4,malicious-ip,medium,WHITE,ziyadnz/hourly-ipv4,ziyadnz|hourly,2026-08-17T18:48:05Z,2026-08-17T18:48:05Z,
75.145.224.109,ipv4,malicious-ip,medium,WHITE,ziyadnz/hourly-ipv4,ziyadnz|hourly,2026-08-17T18:48:05Z,2026-08-17T18:48:05Z,
75.145.243.85,ipv4,malicious-ip,medium,WHITE,ziyadnz/hourly-ipv4,ziyadnz|hourly,2026-08-17T18:48:05Z,2026-08-17T18:48:05Z,
75.156.145.235,ipv4,malicious-ip,medium,WHITE,ziyadnz/hourly-ipv4,ziyadnz|hourly,2026-08-17T18:48:05Z,2026-08-17T18:48:05Z,
75.157.135.173,ipv4,malicious-ip,medium,WHITE,ziyadnz/hourly-ipv4,ziyadnz|hourly,2026-08-17T18:48:05Z,2026-08-17T18:48:05Z,
75.157.155.67,ipv4,malicious-ip,medium,WHITE,ziyadnz/hourly-ipv4,ziyadnz|hourly,2026-08-17T18:48:05Z,2026-08-17T18:48:05Z,
75.159.138.69,ipv4,malicious-ip,medium,WHITE,ziyadnz/hourly-ipv4,ziyadnz|hourly,2026-08-17T18:48:05Z,2026-08-17T18:48:05Z,
75.169.134.133,ipv4,malicious-ip,medium,WHITE,ziyadnz/hourly-ipv4,ziyadnz|hourly,2026-08-17T18:48:05Z,2026-08-17T18:48:05Z,
75.170.20.59,ipv4,malicious-ip,medium,WHITE,ziyadnz/hourly-ipv4,ziyadnz|hourly,2026-08-17T18:48:05Z,2026-08-17T18:48:05Z,
75.177.39.49,ipv4,malicious-ip,medium,WHITE,ziyadnz/hourly-ipv4,ziyadnz|hourly,2026-08-17T18:48:05Z,2026-08-17T18:48:05Z,
75.180.210.107,ipv4,malicious-ip,medium,WHITE,ziyadnz/hourly-ipv4,ziyadnz|hourly,2026-08-17T18:48:05Z,2026-08-17T18:48:05Z,
75.181.98.194,ipv4,malicious-ip,medium,WHITE,ziyadnz/hourly-ipv4,ziyadnz|hourly,2026-08-17T18:48:05Z,2026-08-17T18:48:05Z,
75.182.183.41,ipv4,malicious-ip,medium,WHITE,ziyadnz/hourly-ipv4,ziyadnz|hourly,2026-08-17T18:48:05Z,2026-08-17T18:48:05Z,
75.185.242.118,ipv4,malicious-ip,medium,WHITE,ziyadnz/hourly-ipv4,ziyadnz|hourly,2026-08-17T18:48:05Z,2026-08-17T18:48:05Z,
75.186.16.9,ipv4,malicious-ip,medium,WHITE,ziyadnz/hourly-ipv4,ziyadnz|hourly,2026-08-17T18:48:05Z,2026-08-17T18:48:05Z,
75.187.36.85,ipv4,malicious-ip,medium,WHITE,ziyadnz/hourly-ipv4,ziyadnz|hourly,2026-08-17T18:48:05Z,2026-08-17T18:48:05Z,
75.189.7.188,ipv4,malicious-ip,medium,WHITE,ziyadnz/hourly-ipv4,ziyadnz|hourly,2026-08-17T18:48:05Z,2026-08-17T18:48:05Z,
75.189.76.117,ipv4,malicious-ip,medium,WHITE,ziyadnz/hourly-ipv4,ziyadnz|hourly,2026-08-17T18:48:05Z,2026-08-17T18:48:05Z,
75.190.77.246,ipv4,malicious-ip,medium,WHITE,ziyadnz/hourly-ipv4,ziyadnz|hourly,2026-08-17T18:48:05Z,2026-08-17T18:48:05Z,
75.191.206.84,ipv4,malicious-ip,medium,WHITE,ziyadnz/hourly-ipv4,ziyadnz|hourly,2026-08-17T18:48:05Z,2026-08-17T18:48:05Z,
75.206.102.200,ipv4,malicious-ip,medium,WHITE,ziyadnz/hourly-ipv4,ziyadnz|hourly,2026-08-17T18:48:05Z,2026-08-17T18:48:05Z,
75.21.24.247,ipv4,malicious-ip,medium,WHITE,ziyadnz/hourly-ipv4,ziyadnz|hourly,2026-08-17T18:48:05Z,2026-08-17T18:48:05Z,
75.24.216.151,ipv4,malicious-ip,medium,WHITE,ziyadnz/hourly-ipv4,ziyadnz|hourly,2026-08-17T18:48:05Z,2026-08-17T18:48:05Z,
75.3.252.21,ipv4,malicious-ip,medium,WHITE,ziyadnz/hourly-ipv4,ziyadnz|hourly,2026-08-17T18:48:05Z,2026-08-17T18:48:05Z,
75.31.185.176,ipv4,malicious-ip,medium,WHITE,ziyadnz/hourly-ipv4,ziyadnz|hourly,2026-08-17T18:48:05Z,2026-08-17T18:48:05Z,
75.74.207.34,ipv4,malicious-ip,medium,WHITE,ziyadnz/hourly-ipv4,ziyadnz|hourly,2026-08-17T18:48:05Z,2026-08-17T18:48:05Z,
75.75.84.152,ipv4,malicious-ip,medium,WHITE,ziyadnz/hourly-ipv4,ziyadnz|hourly,2026-08-17T18:48:05Z,2026-08-17T18:48:05Z,
75.75.85.235,ipv4,malicious-ip,medium,WHITE,ziyadnz/hourly-ipv4,ziyadnz|hourly,2026-08-17T18:48:05Z,2026-08-17T18:48:05Z,
75.76.52.8,ipv4,malicious-ip,medium,WHITE,ziyadnz/hourly-ipv4,ziyadnz|hourly,2026-08-17T18:48:05Z,2026-08-17T18:48:05Z,
75.80.135.110,ipv4,malicious-ip,medium,WHITE,ziyadnz/hourly-ipv4,ziyadnz|hourly,2026-08-17T18:48:05Z,2026-08-17T18:48:05Z,
75.80.69.106,ipv4,malicious-ip,medium,WHITE,ziyadnz/hourly-ipv4,ziyadnz|hourly,2026-08-17T18:48:05Z,2026-08-17T18:48:05Z,
75.83.21.185,ipv4,malicious-ip,medium,WHITE,ziyadnz/hourly-ipv4,ziyadnz|hourly,2026-08-17T18:48:05Z,2026-08-17T18:48:05Z,
75.88.182.186,ipv4,malicious-ip,medium,WHITE,ziyadnz/hourly-ipv4,ziyadnz|hourly,2026-08-17T18:48:05Z,2026-08-17T18:48:05Z,
75.89.156.85,ipv4,malicious-ip,medium,WHITE,ziyadnz/hourly-ipv4,ziyadnz|hourly,2026-08-17T18:48:05Z,2026-08-17T18:48:05Z,
75.97.104.201,ipv4,malicious-ip,medium,WHITE,ziyadnz/hourly-ipv4,ziyadnz|hourly,2026-08-17T18:48:05Z,2026-08-17T18:48:05Z,
75.98.154.19,ipv4,malicious-ip,medium,WHITE,ziyadnz/hourly-ipv4,ziyadnz|hourly,2026-08-17T18:48:05Z,2026-08-17T18:48:05Z,
75.99.128.91,ipv4,malicious-ip,medium,WHITE,ziyadnz/hourly-ipv4,ziyadnz|hourly,2026-08-17T18:48:05Z,2026-08-17T18:48:05Z,
76.10.157.54,ipv4,malicious-ip,medium,WHITE,ziyadnz/hourly-ipv4,ziyadnz|hourly,2026-08-17T18:48:05Z,2026-08-17T18:48:05Z,
76.100.10.222,ipv4,malicious-ip,medium,WHITE,ziyadnz/hourly-ipv4,ziyadnz|hourly,2026-08-17T18:48:05Z,2026-08-17T18:48:05Z,
76.103.148.180,ipv4,malicious-ip,medium,WHITE,ziyadnz/hourly-ipv4,ziyadnz|hourly,2026-08-17T18:48:05Z,2026-08-17T18:48:05Z,
76.107.8.31,ipv4,malicious-ip,medium,WHITE,ziyadnz/hourly-ipv4,ziyadnz|hourly,2026-08-17T18:48:05Z,2026-08-17T18:48:05Z,
76.108.119.46,ipv4,malicious-ip,medium,WHITE,ziyadnz/hourly-ipv4,ziyadnz|hourly,2026-08-17T18:48:05Z,2026-08-17T18:48:05Z,
76.109.120.11,ipv4,malicious-ip,medium,WHITE,ziyadnz/hourly-ipv4,ziyadnz|hourly,2026-08-17T18:48:05Z,2026-08-17T18:48:05Z,
76.11.102.122,ipv4,malicious-ip,medium,WHITE,ziyadnz/hourly-ipv4,ziyadnz|hourly,2026-08-17T18:48:05Z,2026-08-17T18:48:05Z,
76.11.76.62,ipv4,malicious-ip,medium,WHITE,ziyadnz/hourly-ipv4,ziyadnz|hourly,2026-08-17T18:48:05Z,2026-08-17T18:48:05Z,
76.110.236.20,ipv4,malicious-ip,medium,WHITE,ziyadnz/hourly-ipv4,ziyadnz|hourly,2026-08-17T18:48:05Z,2026-08-17T18:48:05Z,
76.112.172.228,ipv4,malicious-ip,medium,WHITE,ziyadnz/hourly-ipv4,ziyadnz|hourly,2026-08-17T18:48:05Z,2026-08-17T18:48:05Z,
76.120.60.40,ipv4,malicious-ip,medium,WHITE,ziyadnz/hourly-ipv4,ziyadnz|hourly,2026-08-17T18:48:05Z,2026-08-17T18:48:05Z,
76.127.61.251,ipv4,malicious-ip,medium,WHITE,ziyadnz/hourly-ipv4,ziyadnz|hourly,2026-08-17T18:48:05Z,2026-08-17T18:48:05Z,
76.129.149.109,ipv4,malicious-ip,medium,WHITE,ziyadnz/hourly-ipv4,ziyadnz|hourly,2026-08-17T18:48:05Z,2026-08-17T18:48:05Z,
76.129.229.139,ipv4,malicious-ip,medium,WHITE,ziyadnz/hourly-ipv4,ziyadnz|hourly,2026-08-17T18:48:05Z,2026-08-17T18:48:05Z,
76.131.221.250,ipv4,malicious-ip,medium,WHITE,ziyadnz/hourly-ipv4,ziyadnz|hourly,2026-08-17T18:48:05Z,2026-08-17T18:48:05Z,
76.131.29.81,ipv4,malicious-ip,medium,WHITE,ziyadnz/hourly-ipv4,ziyadnz|hourly,2026-08-17T18:48:05Z,2026-08-17T18:48:05Z,
76.138.190.64,ipv4,malicious-ip,medium,WHITE,ziyadnz/hourly-ipv4,ziyadnz|hourly,2026-08-17T18:48:05Z,2026-08-17T18:48:05Z,
76.145.10.140,ipv4,malicious-ip,medium,WHITE,ziyadnz/hourly-ipv4,ziyadnz|hourly,2026-08-17T18:48:05Z,2026-08-17T18:48:05Z,
76.149.2.65,ipv4,malicious-ip,medium,WHITE,ziyadnz/hourly-ipv4,ziyadnz|hourly,2026-08-17T18:48:05Z,2026-08-17T18:48:05Z,
76.150.46.51,ipv4,malicious-ip,medium,WHITE,ziyadnz/hourly-ipv4,ziyadnz|hourly,2026-08-17T18:48:05Z,2026-08-17T18:48:05Z,
76.151.188.15,ipv4,malicious-ip,medium,WHITE,ziyadnz/hourly-ipv4,ziyadnz|hourly,2026-08-17T18:48:05Z,2026-08-17T18:48:05Z,
76.151.240.222,ipv4,malicious-ip,medium,WHITE,ziyadnz/hourly-ipv4,ziyadnz|hourly,2026-08-17T18:48:05Z,2026-08-17T18:48:05Z,
76.155.193.240,ipv4,malicious-ip,medium,WHITE,ziyadnz/hourly-ipv4,ziyadnz|hourly,2026-08-17T18:48:05Z,2026-08-17T18:48:05Z,
76.157.156.68,ipv4,malicious-ip,medium,WHITE,ziyadnz/hourly-ipv4,ziyadnz|hourly,2026-08-17T18:48:05Z,2026-08-17T18:48:05Z,
76.157.219.158,ipv4,malicious-ip,medium,WHITE,ziyadnz/hourly-ipv4,ziyadnz|hourly,2026-08-17T18:48:05Z,2026-08-17T18:48:05Z,
76.164.203.171,ipv4,malicious-ip,medium,WHITE,ziyadnz/hourly-ipv4,ziyadnz|hourly,2026-08-17T18:48:05Z,2026-08-17T18:48:05Z,
76.164.73.186,ipv4,malicious-ip,medium,WHITE,ziyadnz/hourly-ipv4,ziyadnz|hourly,2026-08-17T18:48:05Z,2026-08-17T18:48:05Z,
76.165.13.247,ipv4,malicious-ip,medium,WHITE,ziyadnz/hourly-ipv4,ziyadnz|hourly,2026-08-17T18:48:05Z,2026-08-17T18:48:05Z,
76.169.117.52,ipv4,malicious-ip,medium,WHITE,ziyadnz/hourly-ipv4,ziyadnz|hourly,2026-08-17T18:48:05Z,2026-08-17T18:48:05Z,
76.169.42.236,ipv4,malicious-ip,medium,WHITE,ziyadnz/hourly-ipv4,ziyadnz|hourly,2026-08-17T18:48:05Z,2026-08-17T18:48:05Z,
76.170.237.121,ipv4,malicious-ip,medium,WHITE,ziyadnz/hourly-ipv4,ziyadnz|hourly,2026-08-17T18:48:05Z,2026-08-17T18:48:05Z,
76.171.216.78,ipv4,malicious-ip,medium,WHITE,ziyadnz/hourly-ipv4,ziyadnz|hourly,2026-08-17T18:48:05Z,2026-08-17T18:48:05Z,
76.174.163.88,ipv4,malicious-ip,medium,WHITE,ziyadnz/hourly-ipv4,ziyadnz|hourly,2026-08-17T18:48:05Z,2026-08-17T18:48:05Z,
76.175.219.202,ipv4,malicious-ip,medium,WHITE,ziyadnz/hourly-ipv4,ziyadnz|hourly,2026-08-17T18:48:05Z,2026-08-17T18:48:05Z,
76.179.100.217,ipv4,malicious-ip,medium,WHITE,ziyadnz/hourly-ipv4,ziyadnz|hourly,2026-08-17T18:48:05Z,2026-08-17T18:48:05Z,
76.18.176.48,ipv4,malicious-ip,medium,WHITE,ziyadnz/hourly-ipv4,ziyadnz|hourly,2026-08-17T18:48:05Z,2026-08-17T18:48:05Z,
76.18.202.175,ipv4,malicious-ip,medium,WHITE,ziyadnz/hourly-ipv4,ziyadnz|hourly,2026-08-17T18:48:05Z,2026-08-17T18:48:05Z,
76.180.52.106,ipv4,malicious-ip,medium,WHITE,ziyadnz/hourly-ipv4,ziyadnz|hourly,2026-08-17T18:48:05Z,2026-08-17T18:48:05Z,
76.182.236.7,ipv4,malicious-ip,medium,WHITE,ziyadnz/hourly-ipv4,ziyadnz|hourly,2026-08-17T18:48:05Z,2026-08-17T18:48:05Z,
76.183.21.121,ipv4,malicious-ip,medium,WHITE,ziyadnz/hourly-ipv4,ziyadnz|hourly,2026-08-17T18:48:05Z,2026-08-17T18:48:05Z,
76.183.36.73,ipv4,malicious-ip,medium,WHITE,ziyadnz/hourly-ipv4,ziyadnz|hourly,2026-08-17T18:48:05Z,2026-08-17T18:48:05Z,
76.186.66.33,ipv4,malicious-ip,medium,WHITE,ziyadnz/hourly-ipv4,ziyadnz|hourly,2026-08-17T18:48:05Z,2026-08-17T18:48:05Z,
76.19.171.202,ipv4,malicious-ip,medium,WHITE,ziyadnz/hourly-ipv4,ziyadnz|hourly,2026-08-17T18:48:05Z,2026-08-17T18:48:05Z,
76.19.72.204,ipv4,malicious-ip,medium,WHITE,ziyadnz/hourly-ipv4,ziyadnz|hourly,2026-08-17T18:48:05Z,2026-08-17T18:48:05Z,
76.190.180.220,ipv4,malicious-ip,medium,WHITE,ziyadnz/hourly-ipv4,ziyadnz|hourly,2026-08-17T18:48:05Z,2026-08-17T18:48:05Z,
76.195.202.192,ipv4,malicious-ip,medium,WHITE,ziyadnz/hourly-ipv4,ziyadnz|hourly,2026-08-17T18:48:05Z,2026-08-17T18:48:05Z,
76.20.46.113,ipv4,malicious-ip,medium,WHITE,ziyadnz/hourly-ipv4,ziyadnz|hourly,2026-08-17T18:48:05Z,2026-08-17T18:48:05Z,
76.210.114.89,ipv4,malicious-ip,medium,WHITE,ziyadnz/hourly-ipv4,ziyadnz|hourly,2026-08-17T18:48:05Z,2026-08-17T18:48:05Z,
76.22.236.142,ipv4,malicious-ip,medium,WHITE,ziyadnz/hourly-ipv4,ziyadnz|hourly,2026-08-17T18:48:05Z,2026-08-17T18:48:05Z,
76.230.157.214,ipv4,malicious-ip,medium,WHITE,ziyadnz/hourly-ipv4,ziyadnz|hourly,2026-08-17T18:48:05Z,2026-08-17T18:48:05Z,
76.24.10.121,ipv4,malicious-ip,medium,WHITE,ziyadnz/hourly-ipv4,ziyadnz|hourly,2026-08-17T18:48:05Z,2026-08-17T18:48:05Z,
76.249.139.138,ipv4,malicious-ip,medium,WHITE,ziyadnz/hourly-ipv4,ziyadnz|hourly,2026-08-17T18:48:05Z,2026-08-17T18:48:05Z,
76.32.131.113,ipv4,malicious-ip,medium,WHITE,ziyadnz/hourly-ipv4,ziyadnz|hourly,2026-08-17T18:48:05Z,2026-08-17T18:48:05Z,
76.33.238.141,ipv4,malicious-ip,medium,WHITE,ziyadnz/hourly-ipv4,ziyadnz|hourly,2026-08-17T18:48:05Z,2026-08-17T18:48:05Z,
76.33.238.214,ipv4,malicious-ip,medium,WHITE,ziyadnz/hourly-ipv4,ziyadnz|hourly,2026-08-17T18:48:05Z,2026-08-17T18:48:05Z,
76.33.244.148,ipv4,malicious-ip,medium,WHITE,ziyadnz/hourly-ipv4,ziyadnz|hourly,2026-08-17T18:48:05Z,2026-08-17T18:48:05Z,
76.34.171.128,ipv4,malicious-ip,medium,WHITE,ziyadnz/hourly-ipv4,ziyadnz|hourly,2026-08-17T18:48:05Z,2026-08-17T18:48:05Z,
76.34.26.94,ipv4,malicious-ip,medium,WHITE,ziyadnz/hourly-ipv4,ziyadnz|hourly,2026-08-17T18:48:05Z,2026-08-17T18:48:05Z,
76.35.116.20,ipv4,malicious-ip,medium,WHITE,ziyadnz/hourly-ipv4,ziyadnz|hourly,2026-08-17T18:48:05Z,2026-08-17T18:48:05Z,
76.35.54.8,ipv4,malicious-ip,medium,WHITE,ziyadnz/hourly-ipv4,ziyadnz|hourly,2026-08-17T18:48:05Z,2026-08-17T18:48:05Z,
76.36.15.151,ipv4,malicious-ip,medium,WHITE,ziyadnz/hourly-ipv4,ziyadnz|hourly,2026-08-17T18:48:05Z,2026-08-17T18:48:05Z,
76.36.254.69,ipv4,malicious-ip,medium,WHITE,ziyadnz/hourly-ipv4,ziyadnz|hourly,2026-08-17T18:48:05Z,2026-08-17T18:48:05Z,
76.36.93.170,ipv4,malicious-ip,medium,WHITE,ziyadnz/hourly-ipv4,ziyadnz|hourly,2026-08-17T18:48:05Z,2026-08-17T18:48:05Z,
76.37.72.147,ipv4,malicious-ip,medium,WHITE,ziyadnz/hourly-ipv4,ziyadnz|hourly,2026-08-17T18:48:05Z,2026-08-17T18:48:05Z,
76.38.15.160,ipv4,malicious-ip,medium,WHITE,ziyadnz/hourly-ipv4,ziyadnz|hourly,2026-08-17T18:48:05Z,2026-08-17T18:48:05Z,
76.38.163.167,ipv4,malicious-ip,medium,WHITE,ziyadnz/hourly-ipv4,ziyadnz|hourly,2026-08-17T18:48:05Z,2026-08-17T18:48:05Z,
76.38.247.132,ipv4,malicious-ip,medium,WHITE,ziyadnz/hourly-ipv4,ziyadnz|hourly,2026-08-17T18:48:05Z,2026-08-17T18:48:05Z,
76.39.79.9,ipv4,malicious-ip,medium,WHITE,ziyadnz/hourly-ipv4,ziyadnz|hourly,2026-08-17T18:48:05Z,2026-08-17T18:48:05Z,
76.49.120.239,ipv4,malicious-ip,medium,WHITE,ziyadnz/hourly-ipv4,ziyadnz|hourly,2026-08-17T18:48:05Z,2026-08-17T18:48:05Z,
76.50.242.102,ipv4,malicious-ip,medium,WHITE,ziyadnz/hourly-ipv4,ziyadnz|hourly,2026-08-17T18:48:05Z,2026-08-17T18:48:05Z,
76.64.54.159,ipv4,malicious-ip,medium,WHITE,ziyadnz/hourly-ipv4,ziyadnz|hourly,2026-08-17T18:48:05Z,2026-08-17T18:48:05Z,
76.68.229.46,ipv4,malicious-ip,medium,WHITE,ziyadnz/hourly-ipv4,ziyadnz|hourly,2026-08-17T18:48:05Z,2026-08-17T18:48:05Z,
76.70.74.63,ipv4,malicious-ip,medium,WHITE,ziyadnz/hourly-ipv4,ziyadnz|hourly,2026-08-17T18:48:05Z,2026-08-17T18:48:05Z,
76.72.35.82,ipv4,malicious-ip,medium,WHITE,ziyadnz/hourly-ipv4,ziyadnz|hourly,2026-08-17T18:48:05Z,2026-08-17T18:48:05Z,
76.79.213.70,ipv4,malicious-ip,medium,WHITE,ziyadnz/hourly-ipv4,ziyadnz|hourly,2026-08-17T18:48:05Z,2026-08-17T18:48:05Z,
76.8.60.64,ipv4,malicious-ip,medium,WHITE,ziyadnz/hourly-ipv4,ziyadnz|hourly,2026-08-17T18:48:05Z,2026-08-17T18:48:05Z,
76.81.71.226,ipv4,malicious-ip,medium,WHITE,ziyadnz/hourly-ipv4,ziyadnz|hourly,2026-08-17T18:48:05Z,2026-08-17T18:48:05Z,
76.87.150.155,ipv4,malicious-ip,medium,WHITE,ziyadnz/hourly-ipv4,ziyadnz|hourly,2026-08-17T18:48:05Z,2026-08-17T18:48:05Z,
76.87.164.167,ipv4,malicious-ip,medium,WHITE,ziyadnz/hourly-ipv4,ziyadnz|hourly,2026-08-17T18:48:05Z,2026-08-17T18:48:05Z,
76.89.199.82,ipv4,malicious-ip,medium,WHITE,ziyadnz/hourly-ipv4,ziyadnz|hourly,2026-08-17T18:48:05Z,2026-08-17T18:48:05Z,
76.9.168.249,ipv4,malicious-ip,medium,WHITE,ziyadnz/hourly-ipv4,ziyadnz|hourly,2026-08-17T18:48:05Z,2026-08-17T18:48:05Z,
76.9.50.126,ipv4,malicious-ip,medium,WHITE,ziyadnz/hourly-ipv4,ziyadnz|hourly,2026-08-17T18:48:05Z,2026-08-17T18:48:05Z,
76.91.18.81,ipv4,malicious-ip,medium,WHITE,ziyadnz/hourly-ipv4,ziyadnz|hourly,2026-08-17T18:48:05Z,2026-08-17T18:48:05Z,
76.92.192.232,ipv4,malicious-ip,medium,WHITE,ziyadnz/hourly-ipv4,ziyadnz|hourly,2026-08-17T18:48:05Z,2026-08-17T18:48:05Z,
76.93.154.112,ipv4,malicious-ip,medium,WHITE,ziyadnz/hourly-ipv4,ziyadnz|hourly,2026-08-17T18:48:05Z,2026-08-17T18:48:05Z,
76.98.76.253,ipv4,malicious-ip,medium,WHITE,ziyadnz/hourly-ipv4,ziyadnz|hourly,2026-08-17T18:48:05Z,2026-08-17T18:48:05Z,
77.100.140.135,ipv4,malicious-ip,medium,WHITE,ziyadnz/hourly-ipv4,ziyadnz|hourly,2026-08-17T18:48:05Z,2026-08-17T18:48:05Z,
77.100.199.213,ipv4,malicious-ip,medium,WHITE,ziyadnz/hourly-ipv4,ziyadnz|hourly,2026-08-17T18:48:05Z,2026-08-17T18:48:05Z,
77.104.97.127,ipv4,malicious-ip,medium,WHITE,ziyadnz/hourly-ipv4,ziyadnz|hourly,2026-08-17T18:48:05Z,2026-08-17T18:48:05Z,
77.105.130.18,ipv4,malicious-ip,medium,WHITE,ziyadnz/hourly-ipv4,ziyadnz|hourly,2026-08-17T18:48:05Z,2026-08-17T18:48:05Z,
77.105.130.244,ipv4,malicious-ip,medium,WHITE,ziyadnz/hourly-ipv4,ziyadnz|hourly,2026-08-17T18:48:05Z,2026-08-17T18:48:05Z,
77.105.132.10,ipv4,malicious-ip,medium,WHITE,ziyadnz/hourly-ipv4,ziyadnz|hourly,2026-08-17T18:48:05Z,2026-08-17T18:48:05Z,
77.105.132.70,ipv4,malicious-ip,medium,WHITE,ziyadnz/hourly-ipv4,ziyadnz|hourly,2026-08-17T18:48:05Z,2026-08-17T18:48:05Z,
77.105.138.202,ipv4,malicious-ip,medium,WHITE,ziyadnz/hourly-ipv4,ziyadnz|hourly,2026-08-17T18:48:05Z,2026-08-17T18:48:05Z,
77.105.138.7,ipv4,malicious-ip,medium,WHITE,ziyadnz/hourly-ipv4,ziyadnz|hourly,2026-08-17T18:48:05Z,2026-08-17T18:48:05Z,
77.105.140.199,ipv4,malicious-ip,medium,WHITE,ziyadnz/hourly-ipv4,ziyadnz|hourly,2026-08-17T18:48:05Z,2026-08-17T18:48:05Z,
77.105.146.121,ipv4,malicious-ip,medium,WHITE,ziyadnz/hourly-ipv4,ziyadnz|hourly,2026-08-17T18:48:05Z,2026-08-17T18:48:05Z,
77.105.147.140,ipv4,malicious-ip,medium,WHITE,ziyadnz/hourly-ipv4,ziyadnz|hourly,2026-08-17T18:48:05Z,2026-08-17T18:48:05Z,
77.105.147.243,ipv4,malicious-ip,medium,WHITE,ziyadnz/hourly-ipv4,ziyadnz|hourly,2026-08-17T18:48:05Z,2026-08-17T18:48:05Z,
77.105.161.120,ipv4,malicious-ip,medium,WHITE,ziyadnz/hourly-ipv4,ziyadnz|hourly,2026-08-17T18:48:05Z,2026-08-17T18:48:05Z,
77.105.161.235,ipv4,malicious-ip,medium,WHITE,ziyadnz/hourly-ipv4,ziyadnz|hourly,2026-08-17T18:48:05Z,2026-08-17T18:48:05Z,
77.105.161.28,ipv4,malicious-ip,medium,WHITE,ziyadnz/hourly-ipv4,ziyadnz|hourly,2026-08-17T18:48:05Z,2026-08-17T18:48:05Z,
77.105.168.38,ipv4,malicious-ip,medium,WHITE,ziyadnz/hourly-ipv4,ziyadnz|hourly,2026-08-17T18:48:05Z,2026-08-17T18:48:05Z,
77.105.37.219,ipv4,malicious-ip,medium,WHITE,ziyadnz/hourly-ipv4,ziyadnz|hourly,2026-08-17T18:48:05Z,2026-08-17T18:48:05Z,
77.105.37.248,ipv4,malicious-ip,medium,WHITE,ziyadnz/hourly-ipv4,ziyadnz|hourly,2026-08-17T18:48:05Z,2026-08-17T18:48:05Z,
77.106.113.18,ipv4,malicious-ip,medium,WHITE,ziyadnz/hourly-ipv4,ziyadnz|hourly,2026-08-17T18:48:05Z,2026-08-17T18:48:05Z,
77.106.56.5,ipv4,malicious-ip,medium,WHITE,ziyadnz/hourly-ipv4,ziyadnz|hourly,2026-08-17T18:48:05Z,2026-08-17T18:48:05Z,
77.109.129.59,ipv4,malicious-ip,medium,WHITE,ziyadnz/hourly-ipv4,ziyadnz|hourly,2026-08-17T18:48:05Z,2026-08-17T18:48:05Z,
77.109.21.46,ipv4,malicious-ip,medium,WHITE,ziyadnz/hourly-ipv4,ziyadnz|hourly,2026-08-17T18:48:05Z,2026-08-17T18:48:05Z,
77.110.100.217,ipv4,malicious-ip,medium,WHITE,ziyadnz/hourly-ipv4,ziyadnz|hourly,2026-08-17T18:48:05Z,2026-08-17T18:48:05Z,
77.110.107.153,ipv4,malicious-ip,medium,WHITE,ziyadnz/hourly-ipv4,ziyadnz|hourly,2026-08-17T18:48:05Z,2026-08-17T18:48:05Z,
77.110.107.175,ipv4,malicious-ip,medium,WHITE,ziyadnz/hourly-ipv4,ziyadnz|hourly,2026-08-17T18:48:05Z,2026-08-17T18:48:05Z,
77.110.107.31,ipv4,malicious-ip,medium,WHITE,ziyadnz/hourly-ipv4,ziyadnz|hourly,2026-08-17T18:48:05Z,2026-08-17T18:48:05Z,
77.110.111.65,ipv4,malicious-ip,medium,WHITE,ziyadnz/hourly-ipv4,ziyadnz|hourly,2026-08-17T18:48:05Z,2026-08-17T18:48:05Z,
77.110.116.227,ipv4,malicious-ip,medium,WHITE,ziyadnz/hourly-ipv4,ziyadnz|hourly,2026-08-17T18:48:05Z,2026-08-17T18:48:05Z,
77.110.122.137,ipv4,malicious-ip,medium,WHITE,ziyadnz/hourly-ipv4,ziyadnz|hourly,2026-08-17T18:48:05Z,2026-08-17T18:48:05Z,
77.110.122.58,ipv4,malicious-ip,medium,WHITE,ziyadnz/hourly-ipv4,ziyadnz|hourly,2026-08-17T18:48:05Z,2026-08-17T18:48:05Z,
77.110.126.46,ipv4,malicious-ip,medium,WHITE,ziyadnz/hourly-ipv4,ziyadnz|hourly,2026-08-17T18:48:05Z,2026-08-17T18:48:05Z,
77.110.127.205,ipv4,malicious-ip,medium,WHITE,ziyadnz/hourly-ipv4,ziyadnz|hourly,2026-08-17T18:48:05Z,2026-08-17T18:48:05Z,
77.111.101.140,ipv4,malicious-ip,medium,WHITE,ziyadnz/hourly-ipv4,ziyadnz|hourly,2026-08-17T18:48:05Z,2026-08-17T18:48:05Z,
77.111.101.78,ipv4,malicious-ip,medium,WHITE,ziyadnz/hourly-ipv4,ziyadnz|hourly,2026-08-17T18:48:05Z,2026-08-17T18:48:05Z,
77.12.156.160,ipv4,malicious-ip,medium,WHITE,ziyadnz/hourly-ipv4,ziyadnz|hourly,2026-08-17T18:48:05Z,2026-08-17T18:48:05Z,
77.120.54.147,ipv4,malicious-ip,medium,WHITE,ziyadnz/hourly-ipv4,ziyadnz|hourly,2026-08-17T18:48:05Z,2026-08-17T18:48:05Z,
77.121.70.53,ipv4,malicious-ip,medium,WHITE,ziyadnz/hourly-ipv4,ziyadnz|hourly,2026-08-17T18:48:05Z,2026-08-17T18:48:05Z,
77.131.246.80,ipv4,malicious-ip,medium,WHITE,ziyadnz/hourly-ipv4,ziyadnz|hourly,2026-08-17T18:48:05Z,2026-08-17T18:48:05Z,
77.137.79.8,ipv4,malicious-ip,medium,WHITE,ziyadnz/hourly-ipv4,ziyadnz|hourly,2026-08-17T18:48:05Z,2026-08-17T18:48:05Z,
77.153.188.104,ipv4,malicious-ip,medium,WHITE,ziyadnz/hourly-ipv4,ziyadnz|hourly,2026-08-17T18:48:05Z,2026-08-17T18:48:05Z,
77.162.73.250,ipv4,malicious-ip,medium,WHITE,ziyadnz/hourly-ipv4,ziyadnz|hourly,2026-08-17T18:48:05Z,2026-08-17T18:48:05Z,
77.164.165.131,ipv4,malicious-ip,medium,WHITE,ziyadnz/hourly-ipv4,ziyadnz|hourly,2026-08-17T18:48:05Z,2026-08-17T18:48:05Z,
77.164.176.145,ipv4,malicious-ip,medium,WHITE,ziyadnz/hourly-ipv4,ziyadnz|hourly,2026-08-17T18:48:05Z,2026-08-17T18:48:05Z,
77.165.10.228,ipv4,malicious-ip,medium,WHITE,ziyadnz/hourly-ipv4,ziyadnz|hourly,2026-08-17T18:48:05Z,2026-08-17T18:48:05Z,
77.176.182.206,ipv4,malicious-ip,medium,WHITE,ziyadnz/hourly-ipv4,ziyadnz|hourly,2026-08-17T18:48:05Z,2026-08-17T18:48:05Z,
77.187.33.192,ipv4,malicious-ip,medium,WHITE,ziyadnz/hourly-ipv4,ziyadnz|hourly,2026-08-17T18:48:05Z,2026-08-17T18:48:05Z,
77.192.68.90,ipv4,malicious-ip,medium,WHITE,ziyadnz/hourly-ipv4,ziyadnz|hourly,2026-08-17T18:48:05Z,2026-08-17T18:48:05Z,
77.201.221.2,ipv4,malicious-ip,medium,WHITE,ziyadnz/hourly-ipv4,ziyadnz|hourly,2026-08-17T18:48:05Z,2026-08-17T18:48:05Z,
77.206.3.51,ipv4,malicious-ip,medium,WHITE,ziyadnz/hourly-ipv4,ziyadnz|hourly,2026-08-17T18:48:05Z,2026-08-17T18:48:05Z,
77.207.138.192,ipv4,malicious-ip,medium,WHITE,ziyadnz/hourly-ipv4,ziyadnz|hourly,2026-08-17T18:48:05Z,2026-08-17T18:48:05Z,
77.22.211.47,ipv4,malicious-ip,medium,WHITE,ziyadnz/hourly-ipv4,ziyadnz|hourly,2026-08-17T18:48:05Z,2026-08-17T18:48:05Z,
77.221.140.146,ipv4,malicious-ip,medium,WHITE,ziyadnz/hourly-ipv4,ziyadnz|hourly,2026-08-17T18:48:05Z,2026-08-17T18:48:05Z,
77.221.144.127,ipv4,malicious-ip,medium,WHITE,ziyadnz/hourly-ipv4,ziyadnz|hourly,2026-08-17T18:48:05Z,2026-08-17T18:48:05Z,
77.221.149.58,ipv4,malicious-ip,medium,WHITE,ziyadnz/hourly-ipv4,ziyadnz|hourly,2026-08-17T18:48:05Z,2026-08-17T18:48:05Z,
77.221.149.67,ipv4,malicious-ip,medium,WHITE,ziyadnz/hourly-ipv4,ziyadnz|hourly,2026-08-17T18:48:05Z,2026-08-17T18:48:05Z,
77.221.151.241,ipv4,malicious-ip,medium,WHITE,ziyadnz/hourly-ipv4,ziyadnz|hourly,2026-08-17T18:48:05Z,2026-08-17T18:48:05Z,
77.221.151.54,ipv4,malicious-ip,medium,WHITE,ziyadnz/hourly-ipv4,ziyadnz|hourly,2026-08-17T18:48:05Z,2026-08-17T18:48:05Z,
77.221.151.82,ipv4,malicious-ip,medium,WHITE,ziyadnz/hourly-ipv4,ziyadnz|hourly,2026-08-17T18:48:05Z,2026-08-17T18:48:05Z,
77.221.152.34,ipv4,malicious-ip,medium,WHITE,ziyadnz/hourly-ipv4,ziyadnz|hourly,2026-08-17T18:48:05Z,2026-08-17T18:48:05Z,
77.221.158.154,ipv4,malicious-ip,medium,WHITE,ziyadnz/hourly-ipv4,ziyadnz|hourly,2026-08-17T18:48:05Z,2026-08-17T18:48:05Z,
77.221.220.234,ipv4,malicious-ip,medium,WHITE,ziyadnz/hourly-ipv4,ziyadnz|hourly,2026-08-17T18:48:05Z,2026-08-17T18:48:05Z,
77.222.105.193,ipv4,malicious-ip,medium,WHITE,ziyadnz/hourly-ipv4,ziyadnz|hourly,2026-08-17T18:48:05Z,2026-08-17T18:48:05Z,
77.222.116.123,ipv4,malicious-ip,medium,WHITE,ziyadnz/hourly-ipv4,ziyadnz|hourly,2026-08-17T18:48:05Z,2026-08-17T18:48:05Z,
77.222.150.202,ipv4,malicious-ip,medium,WHITE,ziyadnz/hourly-ipv4,ziyadnz|hourly,2026-08-17T18:48:05Z,2026-08-17T18:48:05Z,
77.222.46.106,ipv4,malicious-ip,medium,WHITE,ziyadnz/hourly-ipv4,ziyadnz|hourly,2026-08-17T18:48:05Z,2026-08-17T18:48:05Z,
77.222.52.220,ipv4,malicious-ip,medium,WHITE,ziyadnz/hourly-ipv4,ziyadnz|hourly,2026-08-17T18:48:05Z,2026-08-17T18:48:05Z,
77.223.124.212,ipv4,malicious-ip,medium,WHITE,ziyadnz/hourly-ipv4,ziyadnz|hourly,2026-08-17T18:48:05Z,2026-08-17T18:48:05Z,
77.223.128.229,ipv4,malicious-ip,medium,WHITE,ziyadnz/hourly-ipv4,ziyadnz|hourly,2026-08-17T18:48:05Z,2026-08-17T18:48:05Z,
77.223.214.169,ipv4,malicious-ip,medium,WHITE,ziyadnz/hourly-ipv4,ziyadnz|hourly,2026-08-17T18:48:05Z,2026-08-17T18:48:05Z,
77.231.19.91,ipv4,malicious-ip,medium,WHITE,ziyadnz/hourly-ipv4,ziyadnz|hourly,2026-08-17T18:48:05Z,2026-08-17T18:48:05Z,
77.232.137.205,ipv4,malicious-ip,medium,WHITE,ziyadnz/hourly-ipv4,ziyadnz|hourly,2026-08-17T18:48:05Z,2026-08-17T18:48:05Z,
77.232.39.101,ipv4,malicious-ip,medium,WHITE,ziyadnz/hourly-ipv4,ziyadnz|hourly,2026-08-17T18:48:05Z,2026-08-17T18:48:05Z,
77.232.39.164,ipv4,malicious-ip,medium,WHITE,ziyadnz/hourly-ipv4,ziyadnz|hourly,2026-08-17T18:48:05Z,2026-08-17T18:48:05Z,
77.232.41.29,ipv4,malicious-ip,medium,WHITE,ziyadnz/hourly-ipv4,ziyadnz|hourly,2026-08-17T18:48:05Z,2026-08-17T18:48:05Z,
77.233.110.97,ipv4,malicious-ip,medium,WHITE,ziyadnz/hourly-ipv4,ziyadnz|hourly,2026-08-17T18:48:05Z,2026-08-17T18:48:05Z,
77.235.108.96,ipv4,malicious-ip,medium,WHITE,ziyadnz/hourly-ipv4,ziyadnz|hourly,2026-08-17T18:48:05Z,2026-08-17T18:48:05Z,
77.235.20.52,ipv4,malicious-ip,medium,WHITE,ziyadnz/hourly-ipv4,ziyadnz|hourly,2026-08-17T18:48:05Z,2026-08-17T18:48:05Z,
77.236.206.193,ipv4,malicious-ip,medium,WHITE,ziyadnz/hourly-ipv4,ziyadnz|hourly,2026-08-17T18:48:05Z,2026-08-17T18:48:05Z,
77.237.232.94,ipv4,malicious-ip,medium,WHITE,ziyadnz/hourly-ipv4,ziyadnz|hourly,2026-08-17T18:48:05Z,2026-08-17T18:48:05Z,
77.238.230.117,ipv4,malicious-ip,medium,WHITE,ziyadnz/hourly-ipv4,ziyadnz|hourly,2026-08-17T18:48:05Z,2026-08-17T18:48:05Z,
77.238.241.203,ipv4,malicious-ip,medium,WHITE,ziyadnz/hourly-ipv4,ziyadnz|hourly,2026-08-17T18:48:05Z,2026-08-17T18:48:05Z,
77.238.245.11,ipv4,malicious-ip,medium,WHITE,ziyadnz/hourly-ipv4,ziyadnz|hourly,2026-08-17T18:48:05Z,2026-08-17T18:48:05Z,
77.239.106.153,ipv4,malicious-ip,medium,WHITE,ziyadnz/hourly-ipv4,ziyadnz|hourly,2026-08-17T18:48:05Z,2026-08-17T18:48:05Z,
77.239.111.233,ipv4,malicious-ip,medium,WHITE,ziyadnz/hourly-ipv4,ziyadnz|hourly,2026-08-17T18:48:05Z,2026-08-17T18:48:05Z,
77.239.120.184,ipv4,malicious-ip,medium,WHITE,ziyadnz/hourly-ipv4,ziyadnz|hourly,2026-08-17T18:48:05Z,2026-08-17T18:48:05Z,
77.239.120.249,ipv4,malicious-ip,medium,WHITE,ziyadnz/hourly-ipv4,ziyadnz|hourly,2026-08-17T18:48:05Z,2026-08-17T18:48:05Z,
77.239.121.3,ipv4,malicious-ip,medium,WHITE,ziyadnz/hourly-ipv4,ziyadnz|hourly,2026-08-17T18:48:05Z,2026-08-17T18:48:05Z,
77.239.124.0,ipv4,malicious-ip,medium,WHITE,ziyadnz/hourly-ipv4,ziyadnz|hourly,2026-08-17T18:48:05Z,2026-08-17T18:48:05Z,
77.239.124.108,ipv4,malicious-ip,medium,WHITE,ziyadnz/hourly-ipv4,ziyadnz|hourly,2026-08-17T18:48:05Z,2026-08-17T18:48:05Z,
77.239.124.109,ipv4,malicious-ip,medium,WHITE,ziyadnz/hourly-ipv4,ziyadnz|hourly,2026-08-17T18:48:05Z,2026-08-17T18:48:05Z,
77.239.124.110,ipv4,malicious-ip,medium,WHITE,ziyadnz/hourly-ipv4,ziyadnz|hourly,2026-08-17T18:48:05Z,2026-08-17T18:48:05Z,
77.239.124.111,ipv4,malicious-ip,medium,WHITE,ziyadnz/hourly-ipv4,ziyadnz|hourly,2026-08-17T18:48:05Z,2026-08-17T18:48:05Z,
77.239.124.117,ipv4,malicious-ip,medium,WHITE,ziyadnz/hourly-ipv4,ziyadnz|hourly,2026-08-17T18:48:05Z,2026-08-17T18:48:05Z,
77.239.124.118,ipv4,malicious-ip,medium,WHITE,ziyadnz/hourly-ipv4,ziyadnz|hourly,2026-08-17T18:48:05Z,2026-08-17T18:48:05Z,
77.239.124.122,ipv4,malicious-ip,medium,WHITE,ziyadnz/hourly-ipv4,ziyadnz|hourly,2026-08-17T18:48:05Z,2026-08-17T18:48:05Z,
77.239.124.233,ipv4,malicious-ip,medium,WHITE,ziyadnz/hourly-ipv4,ziyadnz|hourly,2026-08-17T18:48:05Z,2026-08-17T18:48:05Z,
77.239.125.12,ipv4,malicious-ip,medium,WHITE,ziyadnz/hourly-ipv4,ziyadnz|hourly,2026-08-17T18:48:05Z,2026-08-17T18:48:05Z,
77.239.126.9,ipv4,malicious-ip,medium,WHITE,ziyadnz/hourly-ipv4,ziyadnz|hourly,2026-08-17T18:48:05Z,2026-08-17T18:48:05Z,
77.239.212.123,ipv4,malicious-ip,medium,WHITE,ziyadnz/hourly-ipv4,ziyadnz|hourly,2026-08-17T18:48:05Z,2026-08-17T18:48:05Z,
77.239.97.46,ipv4,malicious-ip,medium,WHITE,ziyadnz/hourly-ipv4,ziyadnz|hourly,2026-08-17T18:48:05Z,2026-08-17T18:48:05Z,
77.240.44.232,ipv4,malicious-ip,medium,WHITE,ziyadnz/hourly-ipv4,ziyadnz|hourly,2026-08-17T18:48:05Z,2026-08-17T18:48:05Z,
77.242.17.42,ipv4,malicious-ip,medium,WHITE,ziyadnz/hourly-ipv4,ziyadnz|hourly,2026-08-17T18:48:05Z,2026-08-17T18:48:05Z,
77.243.117.186,ipv4,malicious-ip,medium,WHITE,ziyadnz/hourly-ipv4,ziyadnz|hourly,2026-08-17T18:48:05Z,2026-08-17T18:48:05Z,
77.243.181.10,ipv4,malicious-ip,medium,WHITE,ziyadnz/hourly-ipv4,ziyadnz|hourly,2026-08-17T18:48:05Z,2026-08-17T18:48:05Z,
77.243.181.238,ipv4,malicious-ip,medium,WHITE,ziyadnz/hourly-ipv4,ziyadnz|hourly,2026-08-17T18:48:05Z,2026-08-17T18:48:05Z,
77.243.184.106,ipv4,malicious-ip,medium,WHITE,ziyadnz/hourly-ipv4,ziyadnz|hourly,2026-08-17T18:48:05Z,2026-08-17T18:48:05Z,
77.244.64.60,ipv4,malicious-ip,medium,WHITE,ziyadnz/hourly-ipv4,ziyadnz|hourly,2026-08-17T18:48:05Z,2026-08-17T18:48:05Z,
77.245.111.212,ipv4,malicious-ip,medium,WHITE,ziyadnz/hourly-ipv4,ziyadnz|hourly,2026-08-17T18:48:05Z,2026-08-17T18:48:05Z,
77.246.100.120,ipv4,malicious-ip,medium,WHITE,ziyadnz/hourly-ipv4,ziyadnz|hourly,2026-08-17T18:48:05Z,2026-08-17T18:48:05Z,
77.246.101.135,ipv4,malicious-ip,medium,WHITE,ziyadnz/hourly-ipv4,ziyadnz|hourly,2026-08-17T18:48:05Z,2026-08-17T18:48:05Z,
77.246.158.48,ipv4,malicious-ip,medium,WHITE,ziyadnz/hourly-ipv4,ziyadnz|hourly,2026-08-17T18:48:05Z,2026-08-17T18:48:05Z,
77.246.96.7,ipv4,malicious-ip,medium,WHITE,ziyadnz/hourly-ipv4,ziyadnz|hourly,2026-08-17T18:48:05Z,2026-08-17T18:48:05Z,
77.246.99.200,ipv4,malicious-ip,medium,WHITE,ziyadnz/hourly-ipv4,ziyadnz|hourly,2026-08-17T18:48:05Z,2026-08-17T18:48:05Z,
77.247.126.200,ipv4,malicious-ip,medium,WHITE,ziyadnz/hourly-ipv4,ziyadnz|hourly,2026-08-17T18:48:05Z,2026-08-17T18:48:05Z,
77.247.126.239,ipv4,malicious-ip,medium,WHITE,ziyadnz/hourly-ipv4,ziyadnz|hourly,2026-08-17T18:48:05Z,2026-08-17T18:48:05Z,
77.247.181.162,ipv4,malicious-ip,medium,WHITE,ziyadnz/hourly-ipv4,ziyadnz|hourly,2026-08-17T18:48:05Z,2026-08-17T18:48:05Z,
77.247.181.163,ipv4,malicious-ip,medium,WHITE,ziyadnz/hourly-ipv4,ziyadnz|hourly,2026-08-17T18:48:05Z,2026-08-17T18:48:05Z,
77.247.181.165,ipv4,malicious-ip,medium,WHITE,ziyadnz/hourly-ipv4,ziyadnz|hourly,2026-08-17T18:48:05Z,2026-08-17T18:48:05Z,
77.247.90.122,ipv4,malicious-ip,medium,WHITE,ziyadnz/hourly-ipv4,ziyadnz|hourly,2026-08-17T18:48:05Z,2026-08-17T18:48:05Z,
77.25.194.39,ipv4,malicious-ip,medium,WHITE,ziyadnz/hourly-ipv4,ziyadnz|hourly,2026-08-17T18:48:05Z,2026-08-17T18:48:05Z,
77.250.160.16,ipv4,malicious-ip,medium,WHITE,ziyadnz/hourly-ipv4,ziyadnz|hourly,2026-08-17T18:48:05Z,2026-08-17T18:48:05Z,
77.27.140.213,ipv4,malicious-ip,medium,WHITE,ziyadnz/hourly-ipv4,ziyadnz|hourly,2026-08-17T18:48:05Z,2026-08-17T18:48:05Z,
77.28.100.108,ipv4,malicious-ip,medium,WHITE,ziyadnz/hourly-ipv4,ziyadnz|hourly,2026-08-17T18:48:05Z,2026-08-17T18:48:05Z,
77.28.203.107,ipv4,malicious-ip,medium,WHITE,ziyadnz/hourly-ipv4,ziyadnz|hourly,2026-08-17T18:48:05Z,2026-08-17T18:48:05Z,
77.29.135.128,ipv4,malicious-ip,medium,WHITE,ziyadnz/hourly-ipv4,ziyadnz|hourly,2026-08-17T18:48:05Z,2026-08-17T18:48:05Z,
77.3.200.163,ipv4,malicious-ip,medium,WHITE,ziyadnz/hourly-ipv4,ziyadnz|hourly,2026-08-17T18:48:05Z,2026-08-17T18:48:05Z,
77.30.182.201,ipv4,malicious-ip,medium,WHITE,ziyadnz/hourly-ipv4,ziyadnz|hourly,2026-08-17T18:48:05Z,2026-08-17T18:48:05Z,
77.32.148.107,ipv4,malicious-ip,medium,WHITE,ziyadnz/hourly-ipv4,ziyadnz|hourly,2026-08-17T18:48:05Z,2026-08-17T18:48:05Z,
77.32.96.84,ipv4,malicious-ip,medium,WHITE,ziyadnz/hourly-ipv4,ziyadnz|hourly,2026-08-17T18:48:05Z,2026-08-17T18:48:05Z,
77.37.146.19,ipv4,malicious-ip,medium,WHITE,ziyadnz/hourly-ipv4,ziyadnz|hourly,2026-08-17T18:48:05Z,2026-08-17T18:48:05Z,
77.37.37.81,ipv4,malicious-ip,medium,WHITE,ziyadnz/hourly-ipv4,ziyadnz|hourly,2026-08-17T18:48:05Z,2026-08-17T18:48:05Z,
77.38.128.210,ipv4,malicious-ip,medium,WHITE,ziyadnz/hourly-ipv4,ziyadnz|hourly,2026-08-17T18:48:05Z,2026-08-17T18:48:05Z,
77.41.156.64,ipv4,malicious-ip,medium,WHITE,ziyadnz/hourly-ipv4,ziyadnz|hourly,2026-08-17T18:48:05Z,2026-08-17T18:48:05Z,
77.42.18.31,ipv4,malicious-ip,medium,WHITE,ziyadnz/hourly-ipv4,ziyadnz|hourly,2026-08-17T18:48:05Z,2026-08-17T18:48:05Z,
77.42.34.222,ipv4,malicious-ip,medium,WHITE,ziyadnz/hourly-ipv4,ziyadnz|hourly,2026-08-17T18:48:05Z,2026-08-17T18:48:05Z,
77.42.67.120,ipv4,malicious-ip,medium,WHITE,ziyadnz/hourly-ipv4,ziyadnz|hourly,2026-08-17T18:48:05Z,2026-08-17T18:48:05Z,
77.42.69.120,ipv4,malicious-ip,medium,WHITE,ziyadnz/hourly-ipv4,ziyadnz|hourly,2026-08-17T18:48:05Z,2026-08-17T18:48:05Z,
77.42.75.119,ipv4,malicious-ip,medium,WHITE,ziyadnz/hourly-ipv4,ziyadnz|hourly,2026-08-17T18:48:05Z,2026-08-17T18:48:05Z,
77.42.76.203,ipv4,malicious-ip,medium,WHITE,ziyadnz/hourly-ipv4,ziyadnz|hourly,2026-08-17T18:48:05Z,2026-08-17T18:48:05Z,
77.42.90.175,ipv4,malicious-ip,medium,WHITE,ziyadnz/hourly-ipv4,ziyadnz|hourly,2026-08-17T18:48:05Z,2026-08-17T18:48:05Z,
77.42.93.120,ipv4,malicious-ip,medium,WHITE,ziyadnz/hourly-ipv4,ziyadnz|hourly,2026-08-17T18:48:05Z,2026-08-17T18:48:05Z,
77.42.94.255,ipv4,malicious-ip,medium,WHITE,ziyadnz/hourly-ipv4,ziyadnz|hourly,2026-08-17T18:48:05Z,2026-08-17T18:48:05Z,
77.46.136.200,ipv4,malicious-ip,medium,WHITE,ziyadnz/hourly-ipv4,ziyadnz|hourly,2026-08-17T18:48:05Z,2026-08-17T18:48:05Z,
77.46.143.70,ipv4,malicious-ip,medium,WHITE,ziyadnz/hourly-ipv4,ziyadnz|hourly,2026-08-17T18:48:05Z,2026-08-17T18:48:05Z,
77.46.170.18,ipv4,malicious-ip,medium,WHITE,ziyadnz/hourly-ipv4,ziyadnz|hourly,2026-08-17T18:48:05Z,2026-08-17T18:48:05Z,
77.48.28.193,ipv4,malicious-ip,medium,WHITE,ziyadnz/hourly-ipv4,ziyadnz|hourly,2026-08-17T18:48:05Z,2026-08-17T18:48:05Z,
77.48.28.204,ipv4,malicious-ip,medium,WHITE,ziyadnz/hourly-ipv4,ziyadnz|hourly,2026-08-17T18:48:05Z,2026-08-17T18:48:05Z,
77.48.28.236,ipv4,malicious-ip,medium,WHITE,ziyadnz/hourly-ipv4,ziyadnz|hourly,2026-08-17T18:48:05Z,2026-08-17T18:48:05Z,
77.48.28.237,ipv4,malicious-ip,medium,WHITE,ziyadnz/hourly-ipv4,ziyadnz|hourly,2026-08-17T18:48:05Z,2026-08-17T18:48:05Z,
77.52.13.114,ipv4,malicious-ip,medium,WHITE,ziyadnz/hourly-ipv4,ziyadnz|hourly,2026-08-17T18:48:05Z,2026-08-17T18:48:05Z,
77.52.13.126,ipv4,malicious-ip,medium,WHITE,ziyadnz/hourly-ipv4,ziyadnz|hourly,2026-08-17T18:48:05Z,2026-08-17T18:48:05Z,
77.52.179.131,ipv4,malicious-ip,medium,WHITE,ziyadnz/hourly-ipv4,ziyadnz|hourly,2026-08-17T18:48:05Z,2026-08-17T18:48:05Z,
77.52.209.247,ipv4,malicious-ip,medium,WHITE,ziyadnz/hourly-ipv4,ziyadnz|hourly,2026-08-17T18:48:05Z,2026-08-17T18:48:05Z,
77.52.211.29,ipv4,malicious-ip,medium,WHITE,ziyadnz/hourly-ipv4,ziyadnz|hourly,2026-08-17T18:48:05Z,2026-08-17T18:48:05Z,
77.52.211.36,ipv4,malicious-ip,medium,WHITE,ziyadnz/hourly-ipv4,ziyadnz|hourly,2026-08-17T18:48:05Z,2026-08-17T18:48:05Z,
77.52.211.38,ipv4,malicious-ip,medium,WHITE,ziyadnz/hourly-ipv4,ziyadnz|hourly,2026-08-17T18:48:05Z,2026-08-17T18:48:05Z,
77.52.25.20,ipv4,malicious-ip,medium,WHITE,ziyadnz/hourly-ipv4,ziyadnz|hourly,2026-08-17T18:48:05Z,2026-08-17T18:48:05Z,
77.52.26.27,ipv4,malicious-ip,medium,WHITE,ziyadnz/hourly-ipv4,ziyadnz|hourly,2026-08-17T18:48:05Z,2026-08-17T18:48:05Z,
77.52.26.40,ipv4,malicious-ip,medium,WHITE,ziyadnz/hourly-ipv4,ziyadnz|hourly,2026-08-17T18:48:05Z,2026-08-17T18:48:05Z,
77.52.26.9,ipv4,malicious-ip,medium,WHITE,ziyadnz/hourly-ipv4,ziyadnz|hourly,2026-08-17T18:48:05Z,2026-08-17T18:48:05Z,
77.52.70.250,ipv4,malicious-ip,medium,WHITE,ziyadnz/hourly-ipv4,ziyadnz|hourly,2026-08-17T18:48:05Z,2026-08-17T18:48:05Z,
77.52.72.94,ipv4,malicious-ip,medium,WHITE,ziyadnz/hourly-ipv4,ziyadnz|hourly,2026-08-17T18:48:05Z,2026-08-17T18:48:05Z,
77.53.193.47,ipv4,malicious-ip,medium,WHITE,ziyadnz/hourly-ipv4,ziyadnz|hourly,2026-08-17T18:48:05Z,2026-08-17T18:48:05Z,
77.53.236.131,ipv4,malicious-ip,medium,WHITE,ziyadnz/hourly-ipv4,ziyadnz|hourly,2026-08-17T18:48:05Z,2026-08-17T18:48:05Z,
77.54.166.26,ipv4,malicious-ip,medium,WHITE,ziyadnz/hourly-ipv4,ziyadnz|hourly,2026-08-17T18:48:05Z,2026-08-17T18:48:05Z,
77.54.41.203,ipv4,malicious-ip,medium,WHITE,ziyadnz/hourly-ipv4,ziyadnz|hourly,2026-08-17T18:48:05Z,2026-08-17T18:48:05Z,
77.60.231.50,ipv4,malicious-ip,medium,WHITE,ziyadnz/hourly-ipv4,ziyadnz|hourly,2026-08-17T18:48:05Z,2026-08-17T18:48:05Z,
77.61.147.141,ipv4,malicious-ip,medium,WHITE,ziyadnz/hourly-ipv4,ziyadnz|hourly,2026-08-17T18:48:05Z,2026-08-17T18:48:05Z,
77.65.142.50,ipv4,malicious-ip,medium,WHITE,ziyadnz/hourly-ipv4,ziyadnz|hourly,2026-08-17T18:48:05Z,2026-08-17T18:48:05Z,
77.65.142.55,ipv4,malicious-ip,medium,WHITE,ziyadnz/hourly-ipv4,ziyadnz|hourly,2026-08-17T18:48:05Z,2026-08-17T18:48:05Z,
77.65.142.65,ipv4,malicious-ip,medium,WHITE,ziyadnz/hourly-ipv4,ziyadnz|hourly,2026-08-17T18:48:05Z,2026-08-17T18:48:05Z,
77.65.50.118,ipv4,malicious-ip,medium,WHITE,ziyadnz/hourly-ipv4,ziyadnz|hourly,2026-08-17T18:48:05Z,2026-08-17T18:48:05Z,
77.66.192.139,ipv4,malicious-ip,medium,WHITE,ziyadnz/hourly-ipv4,ziyadnz|hourly,2026-08-17T18:48:05Z,2026-08-17T18:48:05Z,
77.67.80.31,ipv4,malicious-ip,medium,WHITE,ziyadnz/hourly-ipv4,ziyadnz|hourly,2026-08-17T18:48:05Z,2026-08-17T18:48:05Z,
77.68.25.99,ipv4,malicious-ip,medium,WHITE,ziyadnz/hourly-ipv4,ziyadnz|hourly,2026-08-17T18:48:05Z,2026-08-17T18:48:05Z,
77.68.32.53,ipv4,malicious-ip,medium,WHITE,ziyadnz/hourly-ipv4,ziyadnz|hourly,2026-08-17T18:48:05Z,2026-08-17T18:48:05Z,
77.68.98.29,ipv4,malicious-ip,medium,WHITE,ziyadnz/hourly-ipv4,ziyadnz|hourly,2026-08-17T18:48:05Z,2026-08-17T18:48:05Z,
77.69.178.152,ipv4,malicious-ip,medium,WHITE,ziyadnz/hourly-ipv4,ziyadnz|hourly,2026-08-17T18:48:05Z,2026-08-17T18:48:05Z,
77.69.237.60,ipv4,malicious-ip,medium,WHITE,ziyadnz/hourly-ipv4,ziyadnz|hourly,2026-08-17T18:48:05Z,2026-08-17T18:48:05Z,
77.7.10.5,ipv4,malicious-ip,medium,WHITE,ziyadnz/hourly-ipv4,ziyadnz|hourly,2026-08-17T18:48:05Z,2026-08-17T18:48:05Z,
77.7.215.237,ipv4,malicious-ip,medium,WHITE,ziyadnz/hourly-ipv4,ziyadnz|hourly,2026-08-17T18:48:05Z,2026-08-17T18:48:05Z,
77.7.64.52,ipv4,malicious-ip,medium,WHITE,ziyadnz/hourly-ipv4,ziyadnz|hourly,2026-08-17T18:48:05Z,2026-08-17T18:48:05Z,
77.71.24.90,ipv4,malicious-ip,medium,WHITE,ziyadnz/hourly-ipv4,ziyadnz|hourly,2026-08-17T18:48:05Z,2026-08-17T18:48:05Z,
77.72.254.254,ipv4,malicious-ip,medium,WHITE,ziyadnz/hourly-ipv4,ziyadnz|hourly,2026-08-17T18:48:05Z,2026-08-17T18:48:05Z,
77.72.5.120,ipv4,malicious-ip,medium,WHITE,ziyadnz/hourly-ipv4,ziyadnz|hourly,2026-08-17T18:48:05Z,2026-08-17T18:48:05Z,
77.72.5.225,ipv4,malicious-ip,medium,WHITE,ziyadnz/hourly-ipv4,ziyadnz|hourly,2026-08-17T18:48:05Z,2026-08-17T18:48:05Z,
77.72.85.62,ipv4,malicious-ip,medium,WHITE,ziyadnz/hourly-ipv4,ziyadnz|hourly,2026-08-17T18:48:05Z,2026-08-17T18:48:05Z,
77.73.129.64,ipv4,malicious-ip,medium,WHITE,ziyadnz/hourly-ipv4,ziyadnz|hourly,2026-08-17T18:48:05Z,2026-08-17T18:48:05Z,
77.73.132.202,ipv4,malicious-ip,medium,WHITE,ziyadnz/hourly-ipv4,ziyadnz|hourly,2026-08-17T18:48:05Z,2026-08-17T18:48:05Z,
77.73.133.12,ipv4,malicious-ip,medium,WHITE,ziyadnz/hourly-ipv4,ziyadnz|hourly,2026-08-17T18:48:05Z,2026-08-17T18:48:05Z,
77.73.133.124,ipv4,malicious-ip,medium,WHITE,ziyadnz/hourly-ipv4,ziyadnz|hourly,2026-08-17T18:48:05Z,2026-08-17T18:48:05Z,
77.73.133.72,ipv4,malicious-ip,medium,WHITE,ziyadnz/hourly-ipv4,ziyadnz|hourly,2026-08-17T18:48:05Z,2026-08-17T18:48:05Z,
77.73.133.85,ipv4,malicious-ip,medium,WHITE,ziyadnz/hourly-ipv4,ziyadnz|hourly,2026-08-17T18:48:05Z,2026-08-17T18:48:05Z,
77.73.133.99,ipv4,malicious-ip,medium,WHITE,ziyadnz/hourly-ipv4,ziyadnz|hourly,2026-08-17T18:48:05Z,2026-08-17T18:48:05Z,
77.73.134.24,ipv4,malicious-ip,medium,WHITE,ziyadnz/hourly-ipv4,ziyadnz|hourly,2026-08-17T18:48:05Z,2026-08-17T18:48:05Z,
77.73.134.65,ipv4,malicious-ip,medium,WHITE,ziyadnz/hourly-ipv4,ziyadnz|hourly,2026-08-17T18:48:05Z,2026-08-17T18:48:05Z,
77.73.134.68,ipv4,malicious-ip,medium,WHITE,ziyadnz/hourly-ipv4,ziyadnz|hourly,2026-08-17T18:48:05Z,2026-08-17T18:48:05Z,
77.73.134.75,ipv4,malicious-ip,medium,WHITE,ziyadnz/hourly-ipv4,ziyadnz|hourly,2026-08-17T18:48:05Z,2026-08-17T18:48:05Z,
77.73.14.87,ipv4,malicious-ip,medium,WHITE,ziyadnz/hourly-ipv4,ziyadnz|hourly,2026-08-17T18:48:05Z,2026-08-17T18:48:05Z,
77.74.192.198,ipv4,malicious-ip,medium,WHITE,ziyadnz/hourly-ipv4,ziyadnz|hourly,2026-08-17T18:48:05Z,2026-08-17T18:48:05Z,
77.74.204.176,ipv4,malicious-ip,medium,WHITE,ziyadnz/hourly-ipv4,ziyadnz|hourly,2026-08-17T18:48:05Z,2026-08-17T18:48:05Z,
77.75.13.136,ipv4,malicious-ip,medium,WHITE,ziyadnz/hourly-ipv4,ziyadnz|hourly,2026-08-17T18:48:05Z,2026-08-17T18:48:05Z,
77.75.145.70,ipv4,malicious-ip,medium,WHITE,ziyadnz/hourly-ipv4,ziyadnz|hourly,2026-08-17T18:48:05Z,2026-08-17T18:48:05Z,
77.75.145.77,ipv4,malicious-ip,medium,WHITE,ziyadnz/hourly-ipv4,ziyadnz|hourly,2026-08-17T18:48:05Z,2026-08-17T18:48:05Z,
77.75.230.164,ipv4,malicious-ip,medium,WHITE,ziyadnz/hourly-ipv4,ziyadnz|hourly,2026-08-17T18:48:05Z,2026-08-17T18:48:05Z,
77.75.230.25,ipv4,malicious-ip,medium,WHITE,ziyadnz/hourly-ipv4,ziyadnz|hourly,2026-08-17T18:48:05Z,2026-08-17T18:48:05Z,
77.76.128.15,ipv4,malicious-ip,medium,WHITE,ziyadnz/hourly-ipv4,ziyadnz|hourly,2026-08-17T18:48:05Z,2026-08-17T18:48:05Z,
77.76.128.35,ipv4,malicious-ip,medium,WHITE,ziyadnz/hourly-ipv4,ziyadnz|hourly,2026-08-17T18:48:05Z,2026-08-17T18:48:05Z,
77.76.166.29,ipv4,malicious-ip,medium,WHITE,ziyadnz/hourly-ipv4,ziyadnz|hourly,2026-08-17T18:48:05Z,2026-08-17T18:48:05Z,
77.76.184.10,ipv4,malicious-ip,medium,WHITE,ziyadnz/hourly-ipv4,ziyadnz|hourly,2026-08-17T18:48:05Z,2026-08-17T18:48:05Z,
77.76.184.110,ipv4,malicious-ip,medium,WHITE,ziyadnz/hourly-ipv4,ziyadnz|hourly,2026-08-17T18:48:05Z,2026-08-17T18:48:05Z,
77.76.184.52,ipv4,malicious-ip,medium,WHITE,ziyadnz/hourly-ipv4,ziyadnz|hourly,2026-08-17T18:48:05Z,2026-08-17T18:48:05Z,
77.77.16.237,ipv4,malicious-ip,medium,WHITE,ziyadnz/hourly-ipv4,ziyadnz|hourly,2026-08-17T18:48:05Z,2026-08-17T18:48:05Z,
77.77.43.215,ipv4,malicious-ip,medium,WHITE,ziyadnz/hourly-ipv4,ziyadnz|hourly,2026-08-17T18:48:05Z,2026-08-17T18:48:05Z,
77.78.203.131,ipv4,malicious-ip,medium,WHITE,ziyadnz/hourly-ipv4,ziyadnz|hourly,2026-08-17T18:48:05Z,2026-08-17T18:48:05Z,
77.78.224.29,ipv4,malicious-ip,medium,WHITE,ziyadnz/hourly-ipv4,ziyadnz|hourly,2026-08-17T18:48:05Z,2026-08-17T18:48:05Z,
77.78.34.78,ipv4,malicious-ip,medium,WHITE,ziyadnz/hourly-ipv4,ziyadnz|hourly,2026-08-17T18:48:05Z,2026-08-17T18:48:05Z,
77.79.44.12,ipv4,malicious-ip,medium,WHITE,ziyadnz/hourly-ipv4,ziyadnz|hourly,2026-08-17T18:48:05Z,2026-08-17T18:48:05Z,
77.81.247.72,ipv4,malicious-ip,medium,WHITE,ziyadnz/hourly-ipv4,ziyadnz|hourly,2026-08-17T18:48:05Z,2026-08-17T18:48:05Z,
77.83.123.152,ipv4,malicious-ip,medium,WHITE,ziyadnz/hourly-ipv4,ziyadnz|hourly,2026-08-17T18:48:05Z,2026-08-17T18:48:05Z,
77.83.197.138,ipv4,malicious-ip,medium,WHITE,ziyadnz/hourly-ipv4,ziyadnz|hourly,2026-08-17T18:48:05Z,2026-08-17T18:48:05Z,
77.83.199.34,ipv4,malicious-ip,medium,WHITE,ziyadnz/hourly-ipv4,ziyadnz|hourly,2026-08-17T18:48:05Z,2026-08-17T18:48:05Z,
77.83.202.236,ipv4,malicious-ip,medium,WHITE,ziyadnz/hourly-ipv4,ziyadnz|hourly,2026-08-17T18:48:05Z,2026-08-17T18:48:05Z,
77.83.206.248,ipv4,malicious-ip,medium,WHITE,ziyadnz/hourly-ipv4,ziyadnz|hourly,2026-08-17T18:48:05Z,2026-08-17T18:48:05Z,
77.83.207.106,ipv4,malicious-ip,medium,WHITE,ziyadnz/hourly-ipv4,ziyadnz|hourly,2026-08-17T18:48:05Z,2026-08-17T18:48:05Z,
77.83.207.97,ipv4,malicious-ip,medium,WHITE,ziyadnz/hourly-ipv4,ziyadnz|hourly,2026-08-17T18:48:05Z,2026-08-17T18:48:05Z,
77.83.240.70,ipv4,malicious-ip,medium,WHITE,ziyadnz/hourly-ipv4,ziyadnz|hourly,2026-08-17T18:48:05Z,2026-08-17T18:48:05Z,
77.83.36.161,ipv4,malicious-ip,medium,WHITE,ziyadnz/hourly-ipv4,ziyadnz|hourly,2026-08-17T18:48:05Z,2026-08-17T18:48:05Z,
77.83.36.43,ipv4,malicious-ip,medium,WHITE,ziyadnz/hourly-ipv4,ziyadnz|hourly,2026-08-17T18:48:05Z,2026-08-17T18:48:05Z,
77.83.39.101,ipv4,malicious-ip,medium,WHITE,ziyadnz/hourly-ipv4,ziyadnz|hourly,2026-08-17T18:48:05Z,2026-08-17T18:48:05Z,
77.83.39.11,ipv4,malicious-ip,medium,WHITE,ziyadnz/hourly-ipv4,ziyadnz|hourly,2026-08-17T18:48:05Z,2026-08-17T18:48:05Z,
77.83.39.116,ipv4,malicious-ip,medium,WHITE,ziyadnz/hourly-ipv4,ziyadnz|hourly,2026-08-17T18:48:05Z,2026-08-17T18:48:05Z,
77.83.39.147,ipv4,malicious-ip,medium,WHITE,ziyadnz/hourly-ipv4,ziyadnz|hourly,2026-08-17T18:48:05Z,2026-08-17T18:48:05Z,
77.83.39.154,ipv4,malicious-ip,medium,WHITE,ziyadnz/hourly-ipv4,ziyadnz|hourly,2026-08-17T18:48:05Z,2026-08-17T18:48:05Z,
77.83.39.195,ipv4,malicious-ip,medium,WHITE,ziyadnz/hourly-ipv4,ziyadnz|hourly,2026-08-17T18:48:05Z,2026-08-17T18:48:05Z,
77.83.39.2,ipv4,malicious-ip,medium,WHITE,ziyadnz/hourly-ipv4,ziyadnz|hourly,2026-08-17T18:48:05Z,2026-08-17T18:48:05Z,
77.83.39.20,ipv4,malicious-ip,medium,WHITE,ziyadnz/hourly-ipv4,ziyadnz|hourly,2026-08-17T18:48:05Z,2026-08-17T18:48:05Z,
77.83.39.213,ipv4,malicious-ip,medium,WHITE,ziyadnz/hourly-ipv4,ziyadnz|hourly,2026-08-17T18:48:05Z,2026-08-17T18:48:05Z,
77.83.39.217,ipv4,malicious-ip,medium,WHITE,ziyadnz/hourly-ipv4,ziyadnz|hourly,2026-08-17T18:48:05Z,2026-08-17T18:48:05Z,
77.83.39.226,ipv4,malicious-ip,medium,WHITE,ziyadnz/hourly-ipv4,ziyadnz|hourly,2026-08-17T18:48:05Z,2026-08-17T18:48:05Z,
77.83.39.227,ipv4,malicious-ip,medium,WHITE,ziyadnz/hourly-ipv4,ziyadnz|hourly,2026-08-17T18:48:05Z,2026-08-17T18:48:05Z,
77.83.39.235,ipv4,malicious-ip,medium,WHITE,ziyadnz/hourly-ipv4,ziyadnz|hourly,2026-08-17T18:48:05Z,2026-08-17T18:48:05Z,
77.83.39.237,ipv4,malicious-ip,medium,WHITE,ziyadnz/hourly-ipv4,ziyadnz|hourly,2026-08-17T18:48:05Z,2026-08-17T18:48:05Z,
77.83.39.238,ipv4,malicious-ip,medium,WHITE,ziyadnz/hourly-ipv4,ziyadnz|hourly,2026-08-17T18:48:05Z,2026-08-17T18:48:05Z,
77.83.39.240,ipv4,malicious-ip,medium,WHITE,ziyadnz/hourly-ipv4,ziyadnz|hourly,2026-08-17T18:48:05Z,2026-08-17T18:48:05Z,
77.83.39.247,ipv4,malicious-ip,medium,WHITE,ziyadnz/hourly-ipv4,ziyadnz|hourly,2026-08-17T18:48:05Z,2026-08-17T18:48:05Z,
77.83.39.29,ipv4,malicious-ip,medium,WHITE,ziyadnz/hourly-ipv4,ziyadnz|hourly,2026-08-17T18:48:05Z,2026-08-17T18:48:05Z,
77.83.39.35,ipv4,malicious-ip,medium,WHITE,ziyadnz/hourly-ipv4,ziyadnz|hourly,2026-08-17T18:48:05Z,2026-08-17T18:48:05Z,
77.83.39.4,ipv4,malicious-ip,medium,WHITE,ziyadnz/hourly-ipv4,ziyadnz|hourly,2026-08-17T18:48:05Z,2026-08-17T18:48:05Z,
77.83.39.43,ipv4,malicious-ip,medium,WHITE,ziyadnz/hourly-ipv4,ziyadnz|hourly,2026-08-17T18:48:05Z,2026-08-17T18:48:05Z,
77.83.39.6,ipv4,malicious-ip,medium,WHITE,ziyadnz/hourly-ipv4,ziyadnz|hourly,2026-08-17T18:48:05Z,2026-08-17T18:48:05Z,
77.83.39.64,ipv4,malicious-ip,medium,WHITE,ziyadnz/hourly-ipv4,ziyadnz|hourly,2026-08-17T18:48:05Z,2026-08-17T18:48:05Z,
77.83.39.75,ipv4,malicious-ip,medium,WHITE,ziyadnz/hourly-ipv4,ziyadnz|hourly,2026-08-17T18:48:05Z,2026-08-17T18:48:05Z,
77.83.39.8,ipv4,malicious-ip,medium,WHITE,ziyadnz/hourly-ipv4,ziyadnz|hourly,2026-08-17T18:48:05Z,2026-08-17T18:48:05Z,
77.83.39.94,ipv4,malicious-ip,medium,WHITE,ziyadnz/hourly-ipv4,ziyadnz|hourly,2026-08-17T18:48:05Z,2026-08-17T18:48:05Z,
77.83.39.95,ipv4,malicious-ip,medium,WHITE,ziyadnz/hourly-ipv4,ziyadnz|hourly,2026-08-17T18:48:05Z,2026-08-17T18:48:05Z,
77.85.171.68,ipv4,malicious-ip,medium,WHITE,ziyadnz/hourly-ipv4,ziyadnz|hourly,2026-08-17T18:48:05Z,2026-08-17T18:48:05Z,
77.85.20.122,ipv4,malicious-ip,medium,WHITE,ziyadnz/hourly-ipv4,ziyadnz|hourly,2026-08-17T18:48:05Z,2026-08-17T18:48:05Z,
77.85.233.63,ipv4,malicious-ip,medium,WHITE,ziyadnz/hourly-ipv4,ziyadnz|hourly,2026-08-17T18:48:05Z,2026-08-17T18:48:05Z,
77.87.98.174,ipv4,malicious-ip,medium,WHITE,ziyadnz/hourly-ipv4,ziyadnz|hourly,2026-08-17T18:48:05Z,2026-08-17T18:48:05Z,
77.88.47.17,ipv4,malicious-ip,medium,WHITE,ziyadnz/hourly-ipv4,ziyadnz|hourly,2026-08-17T18:48:05Z,2026-08-17T18:48:05Z,
77.88.8.8,ipv4,malicious-ip,medium,WHITE,ziyadnz/hourly-ipv4,ziyadnz|hourly,2026-08-17T18:48:05Z,2026-08-17T18:48:05Z,
77.88.9.1,ipv4,malicious-ip,medium,WHITE,ziyadnz/hourly-ipv4,ziyadnz|hourly,2026-08-17T18:48:05Z,2026-08-17T18:48:05Z,
77.88.9.136,ipv4,malicious-ip,medium,WHITE,ziyadnz/hourly-ipv4,ziyadnz|hourly,2026-08-17T18:48:05Z,2026-08-17T18:48:05Z,
77.89.245.118,ipv4,malicious-ip,medium,WHITE,ziyadnz/hourly-ipv4,ziyadnz|hourly,2026-08-17T18:48:05Z,2026-08-17T18:48:05Z,
77.89.8.253,ipv4,malicious-ip,medium,WHITE,ziyadnz/hourly-ipv4,ziyadnz|hourly,2026-08-17T18:48:05Z,2026-08-17T18:48:05Z,
77.90.153.225,ipv4,malicious-ip,medium,WHITE,ziyadnz/hourly-ipv4,ziyadnz|hourly,2026-08-17T18:48:05Z,2026-08-17T18:48:05Z,
77.90.153.30,ipv4,malicious-ip,medium,WHITE,ziyadnz/hourly-ipv4,ziyadnz|hourly,2026-08-17T18:48:05Z,2026-08-17T18:48:05Z,
77.90.153.62,ipv4,malicious-ip,medium,WHITE,ziyadnz/hourly-ipv4,ziyadnz|hourly,2026-08-17T18:48:05Z,2026-08-17T18:48:05Z,
77.90.156.96,ipv4,malicious-ip,medium,WHITE,ziyadnz/hourly-ipv4,ziyadnz|hourly,2026-08-17T18:48:05Z,2026-08-17T18:48:05Z,
77.90.158.44,ipv4,malicious-ip,medium,WHITE,ziyadnz/hourly-ipv4,ziyadnz|hourly,2026-08-17T18:48:05Z,2026-08-17T18:48:05Z,
77.90.185.0,ipv4,malicious-ip,medium,WHITE,ziyadnz/hourly-ipv4,ziyadnz|hourly,2026-08-17T18:48:05Z,2026-08-17T18:48:05Z,
77.90.185.100,ipv4,malicious-ip,medium,WHITE,ziyadnz/hourly-ipv4,ziyadnz|hourly,2026-08-17T18:48:05Z,2026-08-17T18:48:05Z,
77.90.185.21,ipv4,malicious-ip,medium,WHITE,ziyadnz/hourly-ipv4,ziyadnz|hourly,2026-08-17T18:48:05Z,2026-08-17T18:48:05Z,
77.90.185.212,ipv4,malicious-ip,medium,WHITE,ziyadnz/hourly-ipv4,ziyadnz|hourly,2026-08-17T18:48:05Z,2026-08-17T18:48:05Z,
77.90.185.229,ipv4,malicious-ip,medium,WHITE,ziyadnz/hourly-ipv4,ziyadnz|hourly,2026-08-17T18:48:05Z,2026-08-17T18:48:05Z,
77.90.185.239,ipv4,malicious-ip,medium,WHITE,ziyadnz/hourly-ipv4,ziyadnz|hourly,2026-08-17T18:48:05Z,2026-08-17T18:48:05Z,
77.90.185.244,ipv4,malicious-ip,medium,WHITE,ziyadnz/hourly-ipv4,ziyadnz|hourly,2026-08-17T18:48:05Z,2026-08-17T18:48:05Z,
77.90.185.247,ipv4,malicious-ip,medium,WHITE,ziyadnz/hourly-ipv4,ziyadnz|hourly,2026-08-17T18:48:05Z,2026-08-17T18:48:05Z,
77.90.185.248,ipv4,malicious-ip,medium,WHITE,ziyadnz/hourly-ipv4,ziyadnz|hourly,2026-08-17T18:48:05Z,2026-08-17T18:48:05Z,
77.90.185.36,ipv4,malicious-ip,medium,WHITE,ziyadnz/hourly-ipv4,ziyadnz|hourly,2026-08-17T18:48:05Z,2026-08-17T18:48:05Z,
77.90.185.5,ipv4,malicious-ip,medium,WHITE,ziyadnz/hourly-ipv4,ziyadnz|hourly,2026-08-17T18:48:05Z,2026-08-17T18:48:05Z,
77.90.185.78,ipv4,malicious-ip,medium,WHITE,ziyadnz/hourly-ipv4,ziyadnz|hourly,2026-08-17T18:48:05Z,2026-08-17T18:48:05Z,
77.90.185.79,ipv4,malicious-ip,medium,WHITE,ziyadnz/hourly-ipv4,ziyadnz|hourly,2026-08-17T18:48:05Z,2026-08-17T18:48:05Z,
77.90.185.93,ipv4,malicious-ip,medium,WHITE,ziyadnz/hourly-ipv4,ziyadnz|hourly,2026-08-17T18:48:05Z,2026-08-17T18:48:05Z,
77.90.2.230,ipv4,malicious-ip,medium,WHITE,ziyadnz/hourly-ipv4,ziyadnz|hourly,2026-08-17T18:48:05Z,2026-08-17T18:48:05Z,
77.90.22.35,ipv4,malicious-ip,medium,WHITE,ziyadnz/hourly-ipv4,ziyadnz|hourly,2026-08-17T18:48:05Z,2026-08-17T18:48:05Z,
77.90.42.3,ipv4,malicious-ip,medium,WHITE,ziyadnz/hourly-ipv4,ziyadnz|hourly,2026-08-17T18:48:05Z,2026-08-17T18:48:05Z,
77.90.50.30,ipv4,malicious-ip,medium,WHITE,ziyadnz/hourly-ipv4,ziyadnz|hourly,2026-08-17T18:48:05Z,2026-08-17T18:48:05Z,
77.91.100.237,ipv4,malicious-ip,medium,WHITE,ziyadnz/hourly-ipv4,ziyadnz|hourly,2026-08-17T18:48:05Z,2026-08-17T18:48:05Z,
77.91.122.2,ipv4,malicious-ip,medium,WHITE,ziyadnz/hourly-ipv4,ziyadnz|hourly,2026-08-17T18:48:05Z,2026-08-17T18:48:05Z,
77.91.124.1,ipv4,malicious-ip,medium,WHITE,ziyadnz/hourly-ipv4,ziyadnz|hourly,2026-08-17T18:48:05Z,2026-08-17T18:48:05Z,
77.91.124.172,ipv4,malicious-ip,medium,WHITE,ziyadnz/hourly-ipv4,ziyadnz|hourly,2026-08-17T18:48:05Z,2026-08-17T18:48:05Z,
77.91.124.20,ipv4,malicious-ip,medium,WHITE,ziyadnz/hourly-ipv4,ziyadnz|hourly,2026-08-17T18:48:05Z,2026-08-17T18:48:05Z,
77.91.124.242,ipv4,malicious-ip,medium,WHITE,ziyadnz/hourly-ipv4,ziyadnz|hourly,2026-08-17T18:48:05Z,2026-08-17T18:48:05Z,
77.91.124.55,ipv4,malicious-ip,medium,WHITE,ziyadnz/hourly-ipv4,ziyadnz|hourly,2026-08-17T18:48:05Z,2026-08-17T18:48:05Z,
77.91.124.7,ipv4,malicious-ip,medium,WHITE,ziyadnz/hourly-ipv4,ziyadnz|hourly,2026-08-17T18:48:05Z,2026-08-17T18:48:05Z,
77.91.124.86,ipv4,malicious-ip,medium,WHITE,ziyadnz/hourly-ipv4,ziyadnz|hourly,2026-08-17T18:48:05Z,2026-08-17T18:48:05Z,
77.91.127.52,ipv4,malicious-ip,medium,WHITE,ziyadnz/hourly-ipv4,ziyadnz|hourly,2026-08-17T18:48:05Z,2026-08-17T18:48:05Z,
77.91.160.65,ipv4,malicious-ip,medium,WHITE,ziyadnz/hourly-ipv4,ziyadnz|hourly,2026-08-17T18:48:05Z,2026-08-17T18:48:05Z,
77.91.66.1,ipv4,malicious-ip,medium,WHITE,ziyadnz/hourly-ipv4,ziyadnz|hourly,2026-08-17T18:48:05Z,2026-08-17T18:48:05Z,
77.91.68.18,ipv4,malicious-ip,medium,WHITE,ziyadnz/hourly-ipv4,ziyadnz|hourly,2026-08-17T18:48:05Z,2026-08-17T18:48:05Z,
77.91.68.252,ipv4,malicious-ip,medium,WHITE,ziyadnz/hourly-ipv4,ziyadnz|hourly,2026-08-17T18:48:05Z,2026-08-17T18:48:05Z,
77.91.68.3,ipv4,malicious-ip,medium,WHITE,ziyadnz/hourly-ipv4,ziyadnz|hourly,2026-08-17T18:48:05Z,2026-08-17T18:48:05Z,
77.91.68.30,ipv4,malicious-ip,medium,WHITE,ziyadnz/hourly-ipv4,ziyadnz|hourly,2026-08-17T18:48:05Z,2026-08-17T18:48:05Z,
77.91.68.52,ipv4,malicious-ip,medium,WHITE,ziyadnz/hourly-ipv4,ziyadnz|hourly,2026-08-17T18:48:05Z,2026-08-17T18:48:05Z,
77.91.68.6,ipv4,malicious-ip,medium,WHITE,ziyadnz/hourly-ipv4,ziyadnz|hourly,2026-08-17T18:48:05Z,2026-08-17T18:48:05Z,
77.91.68.61,ipv4,malicious-ip,medium,WHITE,ziyadnz/hourly-ipv4,ziyadnz|hourly,2026-08-17T18:48:05Z,2026-08-17T18:48:05Z,
77.91.68.62,ipv4,malicious-ip,medium,WHITE,ziyadnz/hourly-ipv4,ziyadnz|hourly,2026-08-17T18:48:05Z,2026-08-17T18:48:05Z,
77.91.68.63,ipv4,malicious-ip,medium,WHITE,ziyadnz/hourly-ipv4,ziyadnz|hourly,2026-08-17T18:48:05Z,2026-08-17T18:48:05Z,
77.91.68.78,ipv4,malicious-ip,medium,WHITE,ziyadnz/hourly-ipv4,ziyadnz|hourly,2026-08-17T18:48:05Z,2026-08-17T18:48:05Z,
77.91.71.10,ipv4,malicious-ip,medium,WHITE,ziyadnz/hourly-ipv4,ziyadnz|hourly,2026-08-17T18:48:05Z,2026-08-17T18:48:05Z,
77.91.71.11,ipv4,malicious-ip,medium,WHITE,ziyadnz/hourly-ipv4,ziyadnz|hourly,2026-08-17T18:48:05Z,2026-08-17T18:48:05Z,
77.91.71.12,ipv4,malicious-ip,medium,WHITE,ziyadnz/hourly-ipv4,ziyadnz|hourly,2026-08-17T18:48:05Z,2026-08-17T18:48:05Z,
77.91.71.55,ipv4,malicious-ip,medium,WHITE,ziyadnz/hourly-ipv4,ziyadnz|hourly,2026-08-17T18:48:05Z,2026-08-17T18:48:05Z,
77.91.71.57,ipv4,malicious-ip,medium,WHITE,ziyadnz/hourly-ipv4,ziyadnz|hourly,2026-08-17T18:48:05Z,2026-08-17T18:48:05Z,
77.91.71.66,ipv4,malicious-ip,medium,WHITE,ziyadnz/hourly-ipv4,ziyadnz|hourly,2026-08-17T18:48:05Z,2026-08-17T18:48:05Z,
77.91.71.67,ipv4,malicious-ip,medium,WHITE,ziyadnz/hourly-ipv4,ziyadnz|hourly,2026-08-17T18:48:05Z,2026-08-17T18:48:05Z,
77.91.71.90,ipv4,malicious-ip,medium,WHITE,ziyadnz/hourly-ipv4,ziyadnz|hourly,2026-08-17T18:48:05Z,2026-08-17T18:48:05Z,
77.91.71.92,ipv4,malicious-ip,medium,WHITE,ziyadnz/hourly-ipv4,ziyadnz|hourly,2026-08-17T18:48:05Z,2026-08-17T18:48:05Z,
77.91.73.187,ipv4,malicious-ip,medium,WHITE,ziyadnz/hourly-ipv4,ziyadnz|hourly,2026-08-17T18:48:05Z,2026-08-17T18:48:05Z,
77.91.74.171,ipv4,malicious-ip,medium,WHITE,ziyadnz/hourly-ipv4,ziyadnz|hourly,2026-08-17T18:48:05Z,2026-08-17T18:48:05Z,
77.91.74.186,ipv4,malicious-ip,medium,WHITE,ziyadnz/hourly-ipv4,ziyadnz|hourly,2026-08-17T18:48:05Z,2026-08-17T18:48:05Z,
77.91.74.5,ipv4,malicious-ip,medium,WHITE,ziyadnz/hourly-ipv4,ziyadnz|hourly,2026-08-17T18:48:05Z,2026-08-17T18:48:05Z,
77.91.75.232,ipv4,malicious-ip,medium,WHITE,ziyadnz/hourly-ipv4,ziyadnz|hourly,2026-08-17T18:48:05Z,2026-08-17T18:48:05Z,
77.91.76.36,ipv4,malicious-ip,medium,WHITE,ziyadnz/hourly-ipv4,ziyadnz|hourly,2026-08-17T18:48:05Z,2026-08-17T18:48:05Z,
77.91.76.37,ipv4,malicious-ip,medium,WHITE,ziyadnz/hourly-ipv4,ziyadnz|hourly,2026-08-17T18:48:05Z,2026-08-17T18:48:05Z,
77.91.76.7,ipv4,malicious-ip,medium,WHITE,ziyadnz/hourly-ipv4,ziyadnz|hourly,2026-08-17T18:48:05Z,2026-08-17T18:48:05Z,
77.91.77.137,ipv4,malicious-ip,medium,WHITE,ziyadnz/hourly-ipv4,ziyadnz|hourly,2026-08-17T18:48:05Z,2026-08-17T18:48:05Z,
77.91.77.54,ipv4,malicious-ip,medium,WHITE,ziyadnz/hourly-ipv4,ziyadnz|hourly,2026-08-17T18:48:05Z,2026-08-17T18:48:05Z,
77.91.77.96,ipv4,malicious-ip,medium,WHITE,ziyadnz/hourly-ipv4,ziyadnz|hourly,2026-08-17T18:48:05Z,2026-08-17T18:48:05Z,
77.91.78.50,ipv4,malicious-ip,medium,WHITE,ziyadnz/hourly-ipv4,ziyadnz|hourly,2026-08-17T18:48:05Z,2026-08-17T18:48:05Z,
77.91.84.110,ipv4,malicious-ip,medium,WHITE,ziyadnz/hourly-ipv4,ziyadnz|hourly,2026-08-17T18:48:05Z,2026-08-17T18:48:05Z,
77.91.85.172,ipv4,malicious-ip,medium,WHITE,ziyadnz/hourly-ipv4,ziyadnz|hourly,2026-08-17T18:48:05Z,2026-08-17T18:48:05Z,
77.91.97.162,ipv4,malicious-ip,medium,WHITE,ziyadnz/hourly-ipv4,ziyadnz|hourly,2026-08-17T18:48:05Z,2026-08-17T18:48:05Z,
77.91.97.244,ipv4,malicious-ip,medium,WHITE,ziyadnz/hourly-ipv4,ziyadnz|hourly,2026-08-17T18:48:05Z,2026-08-17T18:48:05Z,
77.91.99.50,ipv4,malicious-ip,medium,WHITE,ziyadnz/hourly-ipv4,ziyadnz|hourly,2026-08-17T18:48:05Z,2026-08-17T18:48:05Z,
77.92.139.179,ipv4,malicious-ip,medium,WHITE,ziyadnz/hourly-ipv4,ziyadnz|hourly,2026-08-17T18:48:05Z,2026-08-17T18:48:05Z,
77.92.176.163,ipv4,malicious-ip,medium,WHITE,ziyadnz/hourly-ipv4,ziyadnz|hourly,2026-08-17T18:48:05Z,2026-08-17T18:48:05Z,
77.92.203.11,ipv4,malicious-ip,medium,WHITE,ziyadnz/hourly-ipv4,ziyadnz|hourly,2026-08-17T18:48:05Z,2026-08-17T18:48:05Z,
77.92.229.205,ipv4,malicious-ip,medium,WHITE,ziyadnz/hourly-ipv4,ziyadnz|hourly,2026-08-17T18:48:05Z,2026-08-17T18:48:05Z,
77.92.242.11,ipv4,malicious-ip,medium,WHITE,ziyadnz/hourly-ipv4,ziyadnz|hourly,2026-08-17T18:48:05Z,2026-08-17T18:48:05Z,
77.92.251.194,ipv4,malicious-ip,medium,WHITE,ziyadnz/hourly-ipv4,ziyadnz|hourly,2026-08-17T18:48:05Z,2026-08-17T18:48:05Z,
77.93.157.134,ipv4,malicious-ip,medium,WHITE,ziyadnz/hourly-ipv4,ziyadnz|hourly,2026-08-17T18:48:05Z,2026-08-17T18:48:05Z,
77.94.106.220,ipv4,malicious-ip,medium,WHITE,ziyadnz/hourly-ipv4,ziyadnz|hourly,2026-08-17T18:48:05Z,2026-08-17T18:48:05Z,
77.94.204.66,ipv4,malicious-ip,medium,WHITE,ziyadnz/hourly-ipv4,ziyadnz|hourly,2026-08-17T18:48:05Z,2026-08-17T18:48:05Z,
77.95.57.132,ipv4,malicious-ip,medium,WHITE,ziyadnz/hourly-ipv4,ziyadnz|hourly,2026-08-17T18:48:05Z,2026-08-17T18:48:05Z,
77.95.9.14,ipv4,malicious-ip,medium,WHITE,ziyadnz/hourly-ipv4,ziyadnz|hourly,2026-08-17T18:48:05Z,2026-08-17T18:48:05Z,
77.97.97.57,ipv4,malicious-ip,medium,WHITE,ziyadnz/hourly-ipv4,ziyadnz|hourly,2026-08-17T18:48:05Z,2026-08-17T18:48:05Z,
77.98.66.56,ipv4,malicious-ip,medium,WHITE,ziyadnz/hourly-ipv4,ziyadnz|hourly,2026-08-17T18:48:05Z,2026-08-17T18:48:05Z,
78.100.195.229,ipv4,malicious-ip,medium,WHITE,ziyadnz/hourly-ipv4,ziyadnz|hourly,2026-08-17T18:48:05Z,2026-08-17T18:48:05Z,
78.100.214.75,ipv4,malicious-ip,medium,WHITE,ziyadnz/hourly-ipv4,ziyadnz|hourly,2026-08-17T18:48:05Z,2026-08-17T18:48:05Z,
78.100.219.38,ipv4,malicious-ip,medium,WHITE,ziyadnz/hourly-ipv4,ziyadnz|hourly,2026-08-17T18:48:05Z,2026-08-17T18:48:05Z,
78.100.221.225,ipv4,malicious-ip,medium,WHITE,ziyadnz/hourly-ipv4,ziyadnz|hourly,2026-08-17T18:48:05Z,2026-08-17T18:48:05Z,
78.100.64.148,ipv4,malicious-ip,medium,WHITE,ziyadnz/hourly-ipv4,ziyadnz|hourly,2026-08-17T18:48:05Z,2026-08-17T18:48:05Z,
78.101.131.28,ipv4,malicious-ip,medium,WHITE,ziyadnz/hourly-ipv4,ziyadnz|hourly,2026-08-17T18:48:05Z,2026-08-17T18:48:05Z,
78.101.146.205,ipv4,malicious-ip,medium,WHITE,ziyadnz/hourly-ipv4,ziyadnz|hourly,2026-08-17T18:48:05Z,2026-08-17T18:48:05Z,
78.107.31.154,ipv4,malicious-ip,medium,WHITE,ziyadnz/hourly-ipv4,ziyadnz|hourly,2026-08-17T18:48:05Z,2026-08-17T18:48:05Z,
78.108.216.20,ipv4,malicious-ip,medium,WHITE,ziyadnz/hourly-ipv4,ziyadnz|hourly,2026-08-17T18:48:05Z,2026-08-17T18:48:05Z,
78.11.10.7,ipv4,malicious-ip,medium,WHITE,ziyadnz/hourly-ipv4,ziyadnz|hourly,2026-08-17T18:48:05Z,2026-08-17T18:48:05Z,
78.11.10.78,ipv4,malicious-ip,medium,WHITE,ziyadnz/hourly-ipv4,ziyadnz|hourly,2026-08-17T18:48:05Z,2026-08-17T18:48:05Z,
78.11.101.78,ipv4,malicious-ip,medium,WHITE,ziyadnz/hourly-ipv4,ziyadnz|hourly,2026-08-17T18:48:05Z,2026-08-17T18:48:05Z,
78.11.12.13,ipv4,malicious-ip,medium,WHITE,ziyadnz/hourly-ipv4,ziyadnz|hourly,2026-08-17T18:48:05Z,2026-08-17T18:48:05Z,
78.111.230.45,ipv4,malicious-ip,medium,WHITE,ziyadnz/hourly-ipv4,ziyadnz|hourly,2026-08-17T18:48:05Z,2026-08-17T18:48:05Z,
78.111.89.84,ipv4,malicious-ip,medium,WHITE,ziyadnz/hourly-ipv4,ziyadnz|hourly,2026-08-17T18:48:05Z,2026-08-17T18:48:05Z,
78.112.48.101,ipv4,malicious-ip,medium,WHITE,ziyadnz/hourly-ipv4,ziyadnz|hourly,2026-08-17T18:48:05Z,2026-08-17T18:48:05Z,
78.112.58.9,ipv4,malicious-ip,medium,WHITE,ziyadnz/hourly-ipv4,ziyadnz|hourly,2026-08-17T18:48:05Z,2026-08-17T18:48:05Z,
78.112.59.114,ipv4,malicious-ip,medium,WHITE,ziyadnz/hourly-ipv4,ziyadnz|hourly,2026-08-17T18:48:05Z,2026-08-17T18:48:05Z,
78.112.60.115,ipv4,malicious-ip,medium,WHITE,ziyadnz/hourly-ipv4,ziyadnz|hourly,2026-08-17T18:48:05Z,2026-08-17T18:48:05Z,
78.113.136.155,ipv4,malicious-ip,medium,WHITE,ziyadnz/hourly-ipv4,ziyadnz|hourly,2026-08-17T18:48:05Z,2026-08-17T18:48:05Z,
78.119.143.66,ipv4,malicious-ip,medium,WHITE,ziyadnz/hourly-ipv4,ziyadnz|hourly,2026-08-17T18:48:05Z,2026-08-17T18:48:05Z,
78.120.128.174,ipv4,malicious-ip,medium,WHITE,ziyadnz/hourly-ipv4,ziyadnz|hourly,2026-08-17T18:48:05Z,2026-08-17T18:48:05Z,
78.120.132.3,ipv4,malicious-ip,medium,WHITE,ziyadnz/hourly-ipv4,ziyadnz|hourly,2026-08-17T18:48:05Z,2026-08-17T18:48:05Z,
78.120.133.67,ipv4,malicious-ip,medium,WHITE,ziyadnz/hourly-ipv4,ziyadnz|hourly,2026-08-17T18:48:05Z,2026-08-17T18:48:05Z,
78.120.134.93,ipv4,malicious-ip,medium,WHITE,ziyadnz/hourly-ipv4,ziyadnz|hourly,2026-08-17T18:48:05Z,2026-08-17T18:48:05Z,
78.121.49.213,ipv4,malicious-ip,medium,WHITE,ziyadnz/hourly-ipv4,ziyadnz|hourly,2026-08-17T18:48:05Z,2026-08-17T18:48:05Z,
78.128.112.139,ipv4,malicious-ip,medium,WHITE,ziyadnz/hourly-ipv4,ziyadnz|hourly,2026-08-17T18:48:05Z,2026-08-17T18:48:05Z,
78.128.112.146,ipv4,malicious-ip,medium,WHITE,ziyadnz/hourly-ipv4,ziyadnz|hourly,2026-08-17T18:48:05Z,2026-08-17T18:48:05Z,
78.128.112.207,ipv4,malicious-ip,medium,WHITE,ziyadnz/hourly-ipv4,ziyadnz|hourly,2026-08-17T18:48:05Z,2026-08-17T18:48:05Z,
78.128.112.209,ipv4,malicious-ip,medium,WHITE,ziyadnz/hourly-ipv4,ziyadnz|hourly,2026-08-17T18:48:05Z,2026-08-17T18:48:05Z,
78.128.112.215,ipv4,malicious-ip,medium,WHITE,ziyadnz/hourly-ipv4,ziyadnz|hourly,2026-08-17T18:48:05Z,2026-08-17T18:48:05Z,
78.128.112.220,ipv4,malicious-ip,medium,WHITE,ziyadnz/hourly-ipv4,ziyadnz|hourly,2026-08-17T18:48:05Z,2026-08-17T18:48:05Z,
78.128.112.30,ipv4,malicious-ip,medium,WHITE,ziyadnz/hourly-ipv4,ziyadnz|hourly,2026-08-17T18:48:05Z,2026-08-17T18:48:05Z,
78.128.112.38,ipv4,malicious-ip,medium,WHITE,ziyadnz/hourly-ipv4,ziyadnz|hourly,2026-08-17T18:48:05Z,2026-08-17T18:48:05Z,
78.128.112.6,ipv4,malicious-ip,medium,WHITE,ziyadnz/hourly-ipv4,ziyadnz|hourly,2026-08-17T18:48:05Z,2026-08-17T18:48:05Z,
78.128.113.22,ipv4,malicious-ip,medium,WHITE,ziyadnz/hourly-ipv4,ziyadnz|hourly,2026-08-17T18:48:05Z,2026-08-17T18:48:05Z,
78.128.113.46,ipv4,malicious-ip,medium,WHITE,ziyadnz/hourly-ipv4,ziyadnz|hourly,2026-08-17T18:48:05Z,2026-08-17T18:48:05Z,
78.128.113.74,ipv4,malicious-ip,medium,WHITE,ziyadnz/hourly-ipv4,ziyadnz|hourly,2026-08-17T18:48:05Z,2026-08-17T18:48:05Z,
78.128.114.162,ipv4,malicious-ip,medium,WHITE,ziyadnz/hourly-ipv4,ziyadnz|hourly,2026-08-17T18:48:05Z,2026-08-17T18:48:05Z,
78.128.114.166,ipv4,malicious-ip,medium,WHITE,ziyadnz/hourly-ipv4,ziyadnz|hourly,2026-08-17T18:48:05Z,2026-08-17T18:48:05Z,
78.128.114.174,ipv4,malicious-ip,medium,WHITE,ziyadnz/hourly-ipv4,ziyadnz|hourly,2026-08-17T18:48:05Z,2026-08-17T18:48:05Z,
78.128.114.46,ipv4,malicious-ip,medium,WHITE,ziyadnz/hourly-ipv4,ziyadnz|hourly,2026-08-17T18:48:05Z,2026-08-17T18:48:05Z,
78.128.114.66,ipv4,malicious-ip,medium,WHITE,ziyadnz/hourly-ipv4,ziyadnz|hourly,2026-08-17T18:48:05Z,2026-08-17T18:48:05Z,
78.128.114.76,ipv4,malicious-ip,medium,WHITE,ziyadnz/hourly-ipv4,ziyadnz|hourly,2026-08-17T18:48:05Z,2026-08-17T18:48:05Z,
78.128.114.82,ipv4,malicious-ip,medium,WHITE,ziyadnz/hourly-ipv4,ziyadnz|hourly,2026-08-17T18:48:05Z,2026-08-17T18:48:05Z,
78.129.155.102,ipv4,malicious-ip,medium,WHITE,ziyadnz/hourly-ipv4,ziyadnz|hourly,2026-08-17T18:48:05Z,2026-08-17T18:48:05Z,
78.134.4.112,ipv4,malicious-ip,medium,WHITE,ziyadnz/hourly-ipv4,ziyadnz|hourly,2026-08-17T18:48:05Z,2026-08-17T18:48:05Z,
78.134.96.238,ipv4,malicious-ip,medium,WHITE,ziyadnz/hourly-ipv4,ziyadnz|hourly,2026-08-17T18:48:05Z,2026-08-17T18:48:05Z,
78.135.6.163,ipv4,malicious-ip,medium,WHITE,ziyadnz/hourly-ipv4,ziyadnz|hourly,2026-08-17T18:48:05Z,2026-08-17T18:48:05Z,
78.135.66.159,ipv4,malicious-ip,medium,WHITE,ziyadnz/hourly-ipv4,ziyadnz|hourly,2026-08-17T18:48:05Z,2026-08-17T18:48:05Z,
78.135.73.140,ipv4,malicious-ip,medium,WHITE,ziyadnz/hourly-ipv4,ziyadnz|hourly,2026-08-17T18:48:05Z,2026-08-17T18:48:05Z,
78.135.73.152,ipv4,malicious-ip,medium,WHITE,ziyadnz/hourly-ipv4,ziyadnz|hourly,2026-08-17T18:48:05Z,2026-08-17T18:48:05Z,
78.135.73.165,ipv4,malicious-ip,medium,WHITE,ziyadnz/hourly-ipv4,ziyadnz|hourly,2026-08-17T18:48:05Z,2026-08-17T18:48:05Z,
78.135.85.56,ipv4,malicious-ip,medium,WHITE,ziyadnz/hourly-ipv4,ziyadnz|hourly,2026-08-17T18:48:05Z,2026-08-17T18:48:05Z,
78.135.87.141,ipv4,malicious-ip,medium,WHITE,ziyadnz/hourly-ipv4,ziyadnz|hourly,2026-08-17T18:48:05Z,2026-08-17T18:48:05Z,
78.136.109.59,ipv4,malicious-ip,medium,WHITE,ziyadnz/hourly-ipv4,ziyadnz|hourly,2026-08-17T18:48:05Z,2026-08-17T18:48:05Z,
78.136.126.36,ipv4,malicious-ip,medium,WHITE,ziyadnz/hourly-ipv4,ziyadnz|hourly,2026-08-17T18:48:05Z,2026-08-17T18:48:05Z,
78.137.13.239,ipv4,malicious-ip,medium,WHITE,ziyadnz/hourly-ipv4,ziyadnz|hourly,2026-08-17T18:48:05Z,2026-08-17T18:48:05Z,
78.137.205.250,ipv4,malicious-ip,medium,WHITE,ziyadnz/hourly-ipv4,ziyadnz|hourly,2026-08-17T18:48:05Z,2026-08-17T18:48:05Z,
78.137.215.122,ipv4,malicious-ip,medium,WHITE,ziyadnz/hourly-ipv4,ziyadnz|hourly,2026-08-17T18:48:05Z,2026-08-17T18:48:05Z,
78.137.5.203,ipv4,malicious-ip,medium,WHITE,ziyadnz/hourly-ipv4,ziyadnz|hourly,2026-08-17T18:48:05Z,2026-08-17T18:48:05Z,
78.138.130.114,ipv4,malicious-ip,medium,WHITE,ziyadnz/hourly-ipv4,ziyadnz|hourly,2026-08-17T18:48:05Z,2026-08-17T18:48:05Z,
78.138.51.77,ipv4,malicious-ip,medium,WHITE,ziyadnz/hourly-ipv4,ziyadnz|hourly,2026-08-17T18:48:05Z,2026-08-17T18:48:05Z,
78.138.98.90,ipv4,malicious-ip,medium,WHITE,ziyadnz/hourly-ipv4,ziyadnz|hourly,2026-08-17T18:48:05Z,2026-08-17T18:48:05Z,
78.140.242.82,ipv4,malicious-ip,medium,WHITE,ziyadnz/hourly-ipv4,ziyadnz|hourly,2026-08-17T18:48:05Z,2026-08-17T18:48:05Z,
78.141.196.95,ipv4,malicious-ip,medium,WHITE,ziyadnz/hourly-ipv4,ziyadnz|hourly,2026-08-17T18:48:05Z,2026-08-17T18:48:05Z,
78.141.200.221,ipv4,malicious-ip,medium,WHITE,ziyadnz/hourly-ipv4,ziyadnz|hourly,2026-08-17T18:48:05Z,2026-08-17T18:48:05Z,
78.141.202.70,ipv4,malicious-ip,medium,WHITE,ziyadnz/hourly-ipv4,ziyadnz|hourly,2026-08-17T18:48:05Z,2026-08-17T18:48:05Z,
78.141.219.50,ipv4,malicious-ip,medium,WHITE,ziyadnz/hourly-ipv4,ziyadnz|hourly,2026-08-17T18:48:05Z,2026-08-17T18:48:05Z,
78.141.223.8,ipv4,malicious-ip,medium,WHITE,ziyadnz/hourly-ipv4,ziyadnz|hourly,2026-08-17T18:48:05Z,2026-08-17T18:48:05Z,
78.142.18.40,ipv4,malicious-ip,medium,WHITE,ziyadnz/hourly-ipv4,ziyadnz|hourly,2026-08-17T18:48:05Z,2026-08-17T18:48:05Z,
78.142.18.56,ipv4,malicious-ip,medium,WHITE,ziyadnz/hourly-ipv4,ziyadnz|hourly,2026-08-17T18:48:05Z,2026-08-17T18:48:05Z,
78.142.18.92,ipv4,malicious-ip,medium,WHITE,ziyadnz/hourly-ipv4,ziyadnz|hourly,2026-08-17T18:48:05Z,2026-08-17T18:48:05Z,
78.144.115.32,ipv4,malicious-ip,medium,WHITE,ziyadnz/hourly-ipv4,ziyadnz|hourly,2026-08-17T18:48:05Z,2026-08-17T18:48:05Z,
78.145.208.58,ipv4,malicious-ip,medium,WHITE,ziyadnz/hourly-ipv4,ziyadnz|hourly,2026-08-17T18:48:05Z,2026-08-17T18:48:05Z,
78.149.123.230,ipv4,malicious-ip,medium,WHITE,ziyadnz/hourly-ipv4,ziyadnz|hourly,2026-08-17T18:48:05Z,2026-08-17T18:48:05Z,
78.152.161.220,ipv4,malicious-ip,medium,WHITE,ziyadnz/hourly-ipv4,ziyadnz|hourly,2026-08-17T18:48:05Z,2026-08-17T18:48:05Z,
78.152.183.11,ipv4,malicious-ip,medium,WHITE,ziyadnz/hourly-ipv4,ziyadnz|hourly,2026-08-17T18:48:05Z,2026-08-17T18:48:05Z,
78.153.130.123,ipv4,malicious-ip,medium,WHITE,ziyadnz/hourly-ipv4,ziyadnz|hourly,2026-08-17T18:48:05Z,2026-08-17T18:48:05Z,
78.153.130.56,ipv4,malicious-ip,medium,WHITE,ziyadnz/hourly-ipv4,ziyadnz|hourly,2026-08-17T18:48:05Z,2026-08-17T18:48:05Z,
78.153.139.68,ipv4,malicious-ip,medium,WHITE,ziyadnz/hourly-ipv4,ziyadnz|hourly,2026-08-17T18:48:05Z,2026-08-17T18:48:05Z,
78.153.140.147,ipv4,malicious-ip,medium,WHITE,ziyadnz/hourly-ipv4,ziyadnz|hourly,2026-08-17T18:48:05Z,2026-08-17T18:48:05Z,
78.153.140.16,ipv4,malicious-ip,medium,WHITE,ziyadnz/hourly-ipv4,ziyadnz|hourly,2026-08-17T18:48:05Z,2026-08-17T18:48:05Z,
78.153.140.37,ipv4,malicious-ip,medium,WHITE,ziyadnz/hourly-ipv4,ziyadnz|hourly,2026-08-17T18:48:05Z,2026-08-17T18:48:05Z,
78.153.140.39,ipv4,malicious-ip,medium,WHITE,ziyadnz/hourly-ipv4,ziyadnz|hourly,2026-08-17T18:48:05Z,2026-08-17T18:48:05Z,
78.153.140.51,ipv4,malicious-ip,medium,WHITE,ziyadnz/hourly-ipv4,ziyadnz|hourly,2026-08-17T18:48:05Z,2026-08-17T18:48:05Z,
78.153.140.92,ipv4,malicious-ip,medium,WHITE,ziyadnz/hourly-ipv4,ziyadnz|hourly,2026-08-17T18:48:05Z,2026-08-17T18:48:05Z,
78.153.144.31,ipv4,malicious-ip,medium,WHITE,ziyadnz/hourly-ipv4,ziyadnz|hourly,2026-08-17T18:48:05Z,2026-08-17T18:48:05Z,
78.153.144.60,ipv4,malicious-ip,medium,WHITE,ziyadnz/hourly-ipv4,ziyadnz|hourly,2026-08-17T18:48:05Z,2026-08-17T18:48:05Z,
78.153.149.90,ipv4,malicious-ip,medium,WHITE,ziyadnz/hourly-ipv4,ziyadnz|hourly,2026-08-17T18:48:05Z,2026-08-17T18:48:05Z,
78.153.150.121,ipv4,malicious-ip,medium,WHITE,ziyadnz/hourly-ipv4,ziyadnz|hourly,2026-08-17T18:48:05Z,2026-08-17T18:48:05Z,
78.153.155.112,ipv4,malicious-ip,medium,WHITE,ziyadnz/hourly-ipv4,ziyadnz|hourly,2026-08-17T18:48:05Z,2026-08-17T18:48:05Z,
78.153.155.152,ipv4,malicious-ip,medium,WHITE,ziyadnz/hourly-ipv4,ziyadnz|hourly,2026-08-17T18:48:05Z,2026-08-17T18:48:05Z,
78.153.155.216,ipv4,malicious-ip,medium,WHITE,ziyadnz/hourly-ipv4,ziyadnz|hourly,2026-08-17T18:48:05Z,2026-08-17T18:48:05Z,
78.154.166.166,ipv4,malicious-ip,medium,WHITE,ziyadnz/hourly-ipv4,ziyadnz|hourly,2026-08-17T18:48:05Z,2026-08-17T18:48:05Z,
78.154.171.42,ipv4,malicious-ip,medium,WHITE,ziyadnz/hourly-ipv4,ziyadnz|hourly,2026-08-17T18:48:05Z,2026-08-17T18:48:05Z,
78.154.178.12,ipv4,malicious-ip,medium,WHITE,ziyadnz/hourly-ipv4,ziyadnz|hourly,2026-08-17T18:48:05Z,2026-08-17T18:48:05Z,
78.154.179.173,ipv4,malicious-ip,medium,WHITE,ziyadnz/hourly-ipv4,ziyadnz|hourly,2026-08-17T18:48:05Z,2026-08-17T18:48:05Z,
78.154.184.166,ipv4,malicious-ip,medium,WHITE,ziyadnz/hourly-ipv4,ziyadnz|hourly,2026-08-17T18:48:05Z,2026-08-17T18:48:05Z,
78.154.184.168,ipv4,malicious-ip,medium,WHITE,ziyadnz/hourly-ipv4,ziyadnz|hourly,2026-08-17T18:48:05Z,2026-08-17T18:48:05Z,
78.155.65.209,ipv4,malicious-ip,medium,WHITE,ziyadnz/hourly-ipv4,ziyadnz|hourly,2026-08-17T18:48:05Z,2026-08-17T18:48:05Z,
78.157.212.75,ipv4,malicious-ip,medium,WHITE,ziyadnz/hourly-ipv4,ziyadnz|hourly,2026-08-17T18:48:05Z,2026-08-17T18:48:05Z,
78.157.51.252,ipv4,malicious-ip,medium,WHITE,ziyadnz/hourly-ipv4,ziyadnz|hourly,2026-08-17T18:48:05Z,2026-08-17T18:48:05Z,
78.158.223.23,ipv4,malicious-ip,medium,WHITE,ziyadnz/hourly-ipv4,ziyadnz|hourly,2026-08-17T18:48:05Z,2026-08-17T18:48:05Z,
78.159.101.99,ipv4,malicious-ip,medium,WHITE,ziyadnz/hourly-ipv4,ziyadnz|hourly,2026-08-17T18:48:05Z,2026-08-17T18:48:05Z,
78.159.131.108,ipv4,malicious-ip,medium,WHITE,ziyadnz/hourly-ipv4,ziyadnz|hourly,2026-08-17T18:48:05Z,2026-08-17T18:48:05Z,
78.159.131.21,ipv4,malicious-ip,medium,WHITE,ziyadnz/hourly-ipv4,ziyadnz|hourly,2026-08-17T18:48:05Z,2026-08-17T18:48:05Z,
78.16.53.193,ipv4,malicious-ip,medium,WHITE,ziyadnz/hourly-ipv4,ziyadnz|hourly,2026-08-17T18:48:05Z,2026-08-17T18:48:05Z,
78.162.226.158,ipv4,malicious-ip,medium,WHITE,ziyadnz/hourly-ipv4,ziyadnz|hourly,2026-08-17T18:48:05Z,2026-08-17T18:48:05Z,
78.162.65.43,ipv4,malicious-ip,medium,WHITE,ziyadnz/hourly-ipv4,ziyadnz|hourly,2026-08-17T18:48:05Z,2026-08-17T18:48:05Z,
78.163.182.128,ipv4,malicious-ip,medium,WHITE,ziyadnz/hourly-ipv4,ziyadnz|hourly,2026-08-17T18:48:05Z,2026-08-17T18:48:05Z,
78.167.0.94,ipv4,malicious-ip,medium,WHITE,ziyadnz/hourly-ipv4,ziyadnz|hourly,2026-08-17T18:48:05Z,2026-08-17T18:48:05Z,
78.167.111.16,ipv4,malicious-ip,medium,WHITE,ziyadnz/hourly-ipv4,ziyadnz|hourly,2026-08-17T18:48:05Z,2026-08-17T18:48:05Z,
78.167.81.221,ipv4,malicious-ip,medium,WHITE,ziyadnz/hourly-ipv4,ziyadnz|hourly,2026-08-17T18:48:05Z,2026-08-17T18:48:05Z,
78.168.119.249,ipv4,malicious-ip,medium,WHITE,ziyadnz/hourly-ipv4,ziyadnz|hourly,2026-08-17T18:48:05Z,2026-08-17T18:48:05Z,
78.168.2.91,ipv4,malicious-ip,medium,WHITE,ziyadnz/hourly-ipv4,ziyadnz|hourly,2026-08-17T18:48:05Z,2026-08-17T18:48:05Z,
78.17.93.172,ipv4,malicious-ip,medium,WHITE,ziyadnz/hourly-ipv4,ziyadnz|hourly,2026-08-17T18:48:05Z,2026-08-17T18:48:05Z,
78.170.207.252,ipv4,malicious-ip,medium,WHITE,ziyadnz/hourly-ipv4,ziyadnz|hourly,2026-08-17T18:48:05Z,2026-08-17T18:48:05Z,
78.170.220.52,ipv4,malicious-ip,medium,WHITE,ziyadnz/hourly-ipv4,ziyadnz|hourly,2026-08-17T18:48:05Z,2026-08-17T18:48:05Z,
78.170.237.155,ipv4,malicious-ip,medium,WHITE,ziyadnz/hourly-ipv4,ziyadnz|hourly,2026-08-17T18:48:05Z,2026-08-17T18:48:05Z,
78.171.78.201,ipv4,malicious-ip,medium,WHITE,ziyadnz/hourly-ipv4,ziyadnz|hourly,2026-08-17T18:48:05Z,2026-08-17T18:48:05Z,
78.172.210.103,ipv4,malicious-ip,medium,WHITE,ziyadnz/hourly-ipv4,ziyadnz|hourly,2026-08-17T18:48:05Z,2026-08-17T18:48:05Z,
78.174.19.225,ipv4,malicious-ip,medium,WHITE,ziyadnz/hourly-ipv4,ziyadnz|hourly,2026-08-17T18:48:05Z,2026-08-17T18:48:05Z,
78.175.202.154,ipv4,malicious-ip,medium,WHITE,ziyadnz/hourly-ipv4,ziyadnz|hourly,2026-08-17T18:48:05Z,2026-08-17T18:48:05Z,
78.177.43.253,ipv4,malicious-ip,medium,WHITE,ziyadnz/hourly-ipv4,ziyadnz|hourly,2026-08-17T18:48:05Z,2026-08-17T18:48:05Z,
78.179.123.41,ipv4,malicious-ip,medium,WHITE,ziyadnz/hourly-ipv4,ziyadnz|hourly,2026-08-17T18:48:05Z,2026-08-17T18:48:05Z,
78.180.5.68,ipv4,malicious-ip,medium,WHITE,ziyadnz/hourly-ipv4,ziyadnz|hourly,2026-08-17T18:48:05Z,2026-08-17T18:48:05Z,
78.182.128.92,ipv4,malicious-ip,medium,WHITE,ziyadnz/hourly-ipv4,ziyadnz|hourly,2026-08-17T18:48:05Z,2026-08-17T18:48:05Z,
78.186.122.137,ipv4,malicious-ip,medium,WHITE,ziyadnz/hourly-ipv4,ziyadnz|hourly,2026-08-17T18:48:05Z,2026-08-17T18:48:05Z,
78.186.125.235,ipv4,malicious-ip,medium,WHITE,ziyadnz/hourly-ipv4,ziyadnz|hourly,2026-08-17T18:48:05Z,2026-08-17T18:48:05Z,
78.186.153.100,ipv4,malicious-ip,medium,WHITE,ziyadnz/hourly-ipv4,ziyadnz|hourly,2026-08-17T18:48:05Z,2026-08-17T18:48:05Z,
78.186.162.3,ipv4,malicious-ip,medium,WHITE,ziyadnz/hourly-ipv4,ziyadnz|hourly,2026-08-17T18:48:05Z,2026-08-17T18:48:05Z,
78.186.186.212,ipv4,malicious-ip,medium,WHITE,ziyadnz/hourly-ipv4,ziyadnz|hourly,2026-08-17T18:48:05Z,2026-08-17T18:48:05Z,
78.186.248.36,ipv4,malicious-ip,medium,WHITE,ziyadnz/hourly-ipv4,ziyadnz|hourly,2026-08-17T18:48:05Z,2026-08-17T18:48:05Z,
78.186.26.5,ipv4,malicious-ip,medium,WHITE,ziyadnz/hourly-ipv4,ziyadnz|hourly,2026-08-17T18:48:05Z,2026-08-17T18:48:05Z,
78.186.4.112,ipv4,malicious-ip,medium,WHITE,ziyadnz/hourly-ipv4,ziyadnz|hourly,2026-08-17T18:48:05Z,2026-08-17T18:48:05Z,
78.186.55.53,ipv4,malicious-ip,medium,WHITE,ziyadnz/hourly-ipv4,ziyadnz|hourly,2026-08-17T18:48:05Z,2026-08-17T18:48:05Z,
78.187.202.158,ipv4,malicious-ip,medium,WHITE,ziyadnz/hourly-ipv4,ziyadnz|hourly,2026-08-17T18:48:05Z,2026-08-17T18:48:05Z,
78.187.202.234,ipv4,malicious-ip,medium,WHITE,ziyadnz/hourly-ipv4,ziyadnz|hourly,2026-08-17T18:48:05Z,2026-08-17T18:48:05Z,
78.187.211.85,ipv4,malicious-ip,medium,WHITE,ziyadnz/hourly-ipv4,ziyadnz|hourly,2026-08-17T18:48:05Z,2026-08-17T18:48:05Z,
78.187.223.106,ipv4,malicious-ip,medium,WHITE,ziyadnz/hourly-ipv4,ziyadnz|hourly,2026-08-17T18:48:05Z,2026-08-17T18:48:05Z,
78.187.228.9,ipv4,malicious-ip,medium,WHITE,ziyadnz/hourly-ipv4,ziyadnz|hourly,2026-08-17T18:48:05Z,2026-08-17T18:48:05Z,
78.187.28.189,ipv4,malicious-ip,medium,WHITE,ziyadnz/hourly-ipv4,ziyadnz|hourly,2026-08-17T18:48:05Z,2026-08-17T18:48:05Z,
78.187.32.50,ipv4,malicious-ip,medium,WHITE,ziyadnz/hourly-ipv4,ziyadnz|hourly,2026-08-17T18:48:05Z,2026-08-17T18:48:05Z,
78.187.46.36,ipv4,malicious-ip,medium,WHITE,ziyadnz/hourly-ipv4,ziyadnz|hourly,2026-08-17T18:48:05Z,2026-08-17T18:48:05Z,
78.188.110.137,ipv4,malicious-ip,medium,WHITE,ziyadnz/hourly-ipv4,ziyadnz|hourly,2026-08-17T18:48:05Z,2026-08-17T18:48:05Z,
78.188.134.24,ipv4,malicious-ip,medium,WHITE,ziyadnz/hourly-ipv4,ziyadnz|hourly,2026-08-17T18:48:05Z,2026-08-17T18:48:05Z,
78.188.141.127,ipv4,malicious-ip,medium,WHITE,ziyadnz/hourly-ipv4,ziyadnz|hourly,2026-08-17T18:48:05Z,2026-08-17T18:48:05Z,
78.188.178.28,ipv4,malicious-ip,medium,WHITE,ziyadnz/hourly-ipv4,ziyadnz|hourly,2026-08-17T18:48:05Z,2026-08-17T18:48:05Z,
78.188.2.208,ipv4,malicious-ip,medium,WHITE,ziyadnz/hourly-ipv4,ziyadnz|hourly,2026-08-17T18:48:05Z,2026-08-17T18:48:05Z,
78.188.205.20,ipv4,malicious-ip,medium,WHITE,ziyadnz/hourly-ipv4,ziyadnz|hourly,2026-08-17T18:48:05Z,2026-08-17T18:48:05Z,
78.188.228.73,ipv4,malicious-ip,medium,WHITE,ziyadnz/hourly-ipv4,ziyadnz|hourly,2026-08-17T18:48:05Z,2026-08-17T18:48:05Z,
78.188.233.221,ipv4,malicious-ip,medium,WHITE,ziyadnz/hourly-ipv4,ziyadnz|hourly,2026-08-17T18:48:05Z,2026-08-17T18:48:05Z,
78.188.237.13,ipv4,malicious-ip,medium,WHITE,ziyadnz/hourly-ipv4,ziyadnz|hourly,2026-08-17T18:48:05Z,2026-08-17T18:48:05Z,
78.188.26.38,ipv4,malicious-ip,medium,WHITE,ziyadnz/hourly-ipv4,ziyadnz|hourly,2026-08-17T18:48:05Z,2026-08-17T18:48:05Z,
78.188.46.190,ipv4,malicious-ip,medium,WHITE,ziyadnz/hourly-ipv4,ziyadnz|hourly,2026-08-17T18:48:05Z,2026-08-17T18:48:05Z,
78.188.52.100,ipv4,malicious-ip,medium,WHITE,ziyadnz/hourly-ipv4,ziyadnz|hourly,2026-08-17T18:48:05Z,2026-08-17T18:48:05Z,
78.188.60.5,ipv4,malicious-ip,medium,WHITE,ziyadnz/hourly-ipv4,ziyadnz|hourly,2026-08-17T18:48:05Z,2026-08-17T18:48:05Z,
78.189.102.202,ipv4,malicious-ip,medium,WHITE,ziyadnz/hourly-ipv4,ziyadnz|hourly,2026-08-17T18:48:05Z,2026-08-17T18:48:05Z,
78.189.110.135,ipv4,malicious-ip,medium,WHITE,ziyadnz/hourly-ipv4,ziyadnz|hourly,2026-08-17T18:48:05Z,2026-08-17T18:48:05Z,
78.189.117.155,ipv4,malicious-ip,medium,WHITE,ziyadnz/hourly-ipv4,ziyadnz|hourly,2026-08-17T18:48:05Z,2026-08-17T18:48:05Z,
78.189.117.8,ipv4,malicious-ip,medium,WHITE,ziyadnz/hourly-ipv4,ziyadnz|hourly,2026-08-17T18:48:05Z,2026-08-17T18:48:05Z,
78.189.159.217,ipv4,malicious-ip,medium,WHITE,ziyadnz/hourly-ipv4,ziyadnz|hourly,2026-08-17T18:48:05Z,2026-08-17T18:48:05Z,
78.189.164.122,ipv4,malicious-ip,medium,WHITE,ziyadnz/hourly-ipv4,ziyadnz|hourly,2026-08-17T18:48:05Z,2026-08-17T18:48:05Z,
78.189.217.175,ipv4,malicious-ip,medium,WHITE,ziyadnz/hourly-ipv4,ziyadnz|hourly,2026-08-17T18:48:05Z,2026-08-17T18:48:05Z,
78.189.38.130,ipv4,malicious-ip,medium,WHITE,ziyadnz/hourly-ipv4,ziyadnz|hourly,2026-08-17T18:48:05Z,2026-08-17T18:48:05Z,
78.189.53.226,ipv4,malicious-ip,medium,WHITE,ziyadnz/hourly-ipv4,ziyadnz|hourly,2026-08-17T18:48:05Z,2026-08-17T18:48:05Z,
78.189.75.192,ipv4,malicious-ip,medium,WHITE,ziyadnz/hourly-ipv4,ziyadnz|hourly,2026-08-17T18:48:05Z,2026-08-17T18:48:05Z,
78.189.89.189,ipv4,malicious-ip,medium,WHITE,ziyadnz/hourly-ipv4,ziyadnz|hourly,2026-08-17T18:48:05Z,2026-08-17T18:48:05Z,
78.190.11.202,ipv4,malicious-ip,medium,WHITE,ziyadnz/hourly-ipv4,ziyadnz|hourly,2026-08-17T18:48:05Z,2026-08-17T18:48:05Z,
78.190.14.17,ipv4,malicious-ip,medium,WHITE,ziyadnz/hourly-ipv4,ziyadnz|hourly,2026-08-17T18:48:05Z,2026-08-17T18:48:05Z,
78.190.197.73,ipv4,malicious-ip,medium,WHITE,ziyadnz/hourly-ipv4,ziyadnz|hourly,2026-08-17T18:48:05Z,2026-08-17T18:48:05Z,
78.190.236.190,ipv4,malicious-ip,medium,WHITE,ziyadnz/hourly-ipv4,ziyadnz|hourly,2026-08-17T18:48:05Z,2026-08-17T18:48:05Z,
78.194.26.223,ipv4,malicious-ip,medium,WHITE,ziyadnz/hourly-ipv4,ziyadnz|hourly,2026-08-17T18:48:05Z,2026-08-17T18:48:05Z,
78.21.151.21,ipv4,malicious-ip,medium,WHITE,ziyadnz/hourly-ipv4,ziyadnz|hourly,2026-08-17T18:48:05Z,2026-08-17T18:48:05Z,
78.24.103.98,ipv4,malicious-ip,medium,WHITE,ziyadnz/hourly-ipv4,ziyadnz|hourly,2026-08-17T18:48:05Z,2026-08-17T18:48:05Z,
78.24.222.162,ipv4,malicious-ip,medium,WHITE,ziyadnz/hourly-ipv4,ziyadnz|hourly,2026-08-17T18:48:05Z,2026-08-17T18:48:05Z,
78.25.125.137,ipv4,malicious-ip,medium,WHITE,ziyadnz/hourly-ipv4,ziyadnz|hourly,2026-08-17T18:48:05Z,2026-08-17T18:48:05Z,
78.25.127.206,ipv4,malicious-ip,medium,WHITE,ziyadnz/hourly-ipv4,ziyadnz|hourly,2026-08-17T18:48:05Z,2026-08-17T18:48:05Z,
78.25.4.46,ipv4,malicious-ip,medium,WHITE,ziyadnz/hourly-ipv4,ziyadnz|hourly,2026-08-17T18:48:05Z,2026-08-17T18:48:05Z,
78.25.4.49,ipv4,malicious-ip,medium,WHITE,ziyadnz/hourly-ipv4,ziyadnz|hourly,2026-08-17T18:48:05Z,2026-08-17T18:48:05Z,
78.25.5.164,ipv4,malicious-ip,medium,WHITE,ziyadnz/hourly-ipv4,ziyadnz|hourly,2026-08-17T18:48:05Z,2026-08-17T18:48:05Z,
78.25.5.166,ipv4,malicious-ip,medium,WHITE,ziyadnz/hourly-ipv4,ziyadnz|hourly,2026-08-17T18:48:05Z,2026-08-17T18:48:05Z,
78.25.5.200,ipv4,malicious-ip,medium,WHITE,ziyadnz/hourly-ipv4,ziyadnz|hourly,2026-08-17T18:48:05Z,2026-08-17T18:48:05Z,
78.26.130.167,ipv4,malicious-ip,medium,WHITE,ziyadnz/hourly-ipv4,ziyadnz|hourly,2026-08-17T18:48:05Z,2026-08-17T18:48:05Z,
78.26.148.32,ipv4,malicious-ip,medium,WHITE,ziyadnz/hourly-ipv4,ziyadnz|hourly,2026-08-17T18:48:05Z,2026-08-17T18:48:05Z,
78.26.151.13,ipv4,malicious-ip,medium,WHITE,ziyadnz/hourly-ipv4,ziyadnz|hourly,2026-08-17T18:48:05Z,2026-08-17T18:48:05Z,
78.26.187.36,ipv4,malicious-ip,medium,WHITE,ziyadnz/hourly-ipv4,ziyadnz|hourly,2026-08-17T18:48:05Z,2026-08-17T18:48:05Z,
78.26.255.22,ipv4,malicious-ip,medium,WHITE,ziyadnz/hourly-ipv4,ziyadnz|hourly,2026-08-17T18:48:05Z,2026-08-17T18:48:05Z,
78.29.126.253,ipv4,malicious-ip,medium,WHITE,ziyadnz/hourly-ipv4,ziyadnz|hourly,2026-08-17T18:48:05Z,2026-08-17T18:48:05Z,
78.30.2.144,ipv4,malicious-ip,medium,WHITE,ziyadnz/hourly-ipv4,ziyadnz|hourly,2026-08-17T18:48:05Z,2026-08-17T18:48:05Z,
78.30.248.186,ipv4,malicious-ip,medium,WHITE,ziyadnz/hourly-ipv4,ziyadnz|hourly,2026-08-17T18:48:05Z,2026-08-17T18:48:05Z,
78.31.250.15,ipv4,malicious-ip,medium,WHITE,ziyadnz/hourly-ipv4,ziyadnz|hourly,2026-08-17T18:48:05Z,2026-08-17T18:48:05Z,
78.31.250.156,ipv4,malicious-ip,medium,WHITE,ziyadnz/hourly-ipv4,ziyadnz|hourly,2026-08-17T18:48:05Z,2026-08-17T18:48:05Z,
78.31.4.61,ipv4,malicious-ip,medium,WHITE,ziyadnz/hourly-ipv4,ziyadnz|hourly,2026-08-17T18:48:05Z,2026-08-17T18:48:05Z,
78.31.67.253,ipv4,malicious-ip,medium,WHITE,ziyadnz/hourly-ipv4,ziyadnz|hourly,2026-08-17T18:48:05Z,2026-08-17T18:48:05Z,
78.31.71.105,ipv4,malicious-ip,medium,WHITE,ziyadnz/hourly-ipv4,ziyadnz|hourly,2026-08-17T18:48:05Z,2026-08-17T18:48:05Z,
78.36.197.226,ipv4,malicious-ip,medium,WHITE,ziyadnz/hourly-ipv4,ziyadnz|hourly,2026-08-17T18:48:05Z,2026-08-17T18:48:05Z,
78.36.197.28,ipv4,malicious-ip,medium,WHITE,ziyadnz/hourly-ipv4,ziyadnz|hourly,2026-08-17T18:48:05Z,2026-08-17T18:48:05Z,
78.36.200.5,ipv4,malicious-ip,medium,WHITE,ziyadnz/hourly-ipv4,ziyadnz|hourly,2026-08-17T18:48:05Z,2026-08-17T18:48:05Z,
78.37.235.32,ipv4,malicious-ip,medium,WHITE,ziyadnz/hourly-ipv4,ziyadnz|hourly,2026-08-17T18:48:05Z,2026-08-17T18:48:05Z,
78.37.28.194,ipv4,malicious-ip,medium,WHITE,ziyadnz/hourly-ipv4,ziyadnz|hourly,2026-08-17T18:48:05Z,2026-08-17T18:48:05Z,
78.37.9.103,ipv4,malicious-ip,medium,WHITE,ziyadnz/hourly-ipv4,ziyadnz|hourly,2026-08-17T18:48:05Z,2026-08-17T18:48:05Z,
78.38.0.170,ipv4,malicious-ip,medium,WHITE,ziyadnz/hourly-ipv4,ziyadnz|hourly,2026-08-17T18:48:05Z,2026-08-17T18:48:05Z,
78.38.108.194,ipv4,malicious-ip,medium,WHITE,ziyadnz/hourly-ipv4,ziyadnz|hourly,2026-08-17T18:48:05Z,2026-08-17T18:48:05Z,
78.38.114.101,ipv4,malicious-ip,medium,WHITE,ziyadnz/hourly-ipv4,ziyadnz|hourly,2026-08-17T18:48:05Z,2026-08-17T18:48:05Z,
78.38.17.147,ipv4,malicious-ip,medium,WHITE,ziyadnz/hourly-ipv4,ziyadnz|hourly,2026-08-17T18:48:05Z,2026-08-17T18:48:05Z,
78.38.26.31,ipv4,malicious-ip,medium,WHITE,ziyadnz/hourly-ipv4,ziyadnz|hourly,2026-08-17T18:48:05Z,2026-08-17T18:48:05Z,
78.39.181.97,ipv4,malicious-ip,medium,WHITE,ziyadnz/hourly-ipv4,ziyadnz|hourly,2026-08-17T18:48:05Z,2026-08-17T18:48:05Z,
78.39.217.60,ipv4,malicious-ip,medium,WHITE,ziyadnz/hourly-ipv4,ziyadnz|hourly,2026-08-17T18:48:05Z,2026-08-17T18:48:05Z,
78.39.230.28,ipv4,malicious-ip,medium,WHITE,ziyadnz/hourly-ipv4,ziyadnz|hourly,2026-08-17T18:48:05Z,2026-08-17T18:48:05Z,
78.39.48.166,ipv4,malicious-ip,medium,WHITE,ziyadnz/hourly-ipv4,ziyadnz|hourly,2026-08-17T18:48:05Z,2026-08-17T18:48:05Z,
78.40.117.254,ipv4,malicious-ip,medium,WHITE,ziyadnz/hourly-ipv4,ziyadnz|hourly,2026-08-17T18:48:05Z,2026-08-17T18:48:05Z,
78.40.162.158,ipv4,malicious-ip,medium,WHITE,ziyadnz/hourly-ipv4,ziyadnz|hourly,2026-08-17T18:48:05Z,2026-08-17T18:48:05Z,
78.40.37.143,ipv4,malicious-ip,medium,WHITE,ziyadnz/hourly-ipv4,ziyadnz|hourly,2026-08-17T18:48:05Z,2026-08-17T18:48:05Z,
78.41.139.59,ipv4,malicious-ip,medium,WHITE,ziyadnz/hourly-ipv4,ziyadnz|hourly,2026-08-17T18:48:05Z,2026-08-17T18:48:05Z,
78.41.176.120,ipv4,malicious-ip,medium,WHITE,ziyadnz/hourly-ipv4,ziyadnz|hourly,2026-08-17T18:48:05Z,2026-08-17T18:48:05Z,
78.42.241.233,ipv4,malicious-ip,medium,WHITE,ziyadnz/hourly-ipv4,ziyadnz|hourly,2026-08-17T18:48:05Z,2026-08-17T18:48:05Z,
78.46.220.174,ipv4,malicious-ip,medium,WHITE,ziyadnz/hourly-ipv4,ziyadnz|hourly,2026-08-17T18:48:05Z,2026-08-17T18:48:05Z,
78.46.72.177,ipv4,malicious-ip,medium,WHITE,ziyadnz/hourly-ipv4,ziyadnz|hourly,2026-08-17T18:48:05Z,2026-08-17T18:48:05Z,
78.46.89.102,ipv4,malicious-ip,medium,WHITE,ziyadnz/hourly-ipv4,ziyadnz|hourly,2026-08-17T18:48:05Z,2026-08-17T18:48:05Z,
78.46.91.134,ipv4,malicious-ip,medium,WHITE,ziyadnz/hourly-ipv4,ziyadnz|hourly,2026-08-17T18:48:05Z,2026-08-17T18:48:05Z,
78.46.91.171,ipv4,malicious-ip,medium,WHITE,ziyadnz/hourly-ipv4,ziyadnz|hourly,2026-08-17T18:48:05Z,2026-08-17T18:48:05Z,
78.47.104.201,ipv4,malicious-ip,medium,WHITE,ziyadnz/hourly-ipv4,ziyadnz|hourly,2026-08-17T18:48:05Z,2026-08-17T18:48:05Z,
78.47.158.234,ipv4,malicious-ip,medium,WHITE,ziyadnz/hourly-ipv4,ziyadnz|hourly,2026-08-17T18:48:05Z,2026-08-17T18:48:05Z,
78.47.20.171,ipv4,malicious-ip,medium,WHITE,ziyadnz/hourly-ipv4,ziyadnz|hourly,2026-08-17T18:48:05Z,2026-08-17T18:48:05Z,
78.47.206.103,ipv4,malicious-ip,medium,WHITE,ziyadnz/hourly-ipv4,ziyadnz|hourly,2026-08-17T18:48:05Z,2026-08-17T18:48:05Z,
78.47.218.106,ipv4,malicious-ip,medium,WHITE,ziyadnz/hourly-ipv4,ziyadnz|hourly,2026-08-17T18:48:05Z,2026-08-17T18:48:05Z,
78.47.40.128,ipv4,malicious-ip,medium,WHITE,ziyadnz/hourly-ipv4,ziyadnz|hourly,2026-08-17T18:48:05Z,2026-08-17T18:48:05Z,
78.47.69.208,ipv4,malicious-ip,medium,WHITE,ziyadnz/hourly-ipv4,ziyadnz|hourly,2026-08-17T18:48:05Z,2026-08-17T18:48:05Z,
78.47.83.135,ipv4,malicious-ip,medium,WHITE,ziyadnz/hourly-ipv4,ziyadnz|hourly,2026-08-17T18:48:05Z,2026-08-17T18:48:05Z,
78.47.87.101,ipv4,malicious-ip,medium,WHITE,ziyadnz/hourly-ipv4,ziyadnz|hourly,2026-08-17T18:48:05Z,2026-08-17T18:48:05Z,
78.47.9.120,ipv4,malicious-ip,medium,WHITE,ziyadnz/hourly-ipv4,ziyadnz|hourly,2026-08-17T18:48:05Z,2026-08-17T18:48:05Z,
78.47.91.102,ipv4,malicious-ip,medium,WHITE,ziyadnz/hourly-ipv4,ziyadnz|hourly,2026-08-17T18:48:05Z,2026-08-17T18:48:05Z,
78.56.171.137,ipv4,malicious-ip,medium,WHITE,ziyadnz/hourly-ipv4,ziyadnz|hourly,2026-08-17T18:48:05Z,2026-08-17T18:48:05Z,
78.57.171.154,ipv4,malicious-ip,medium,WHITE,ziyadnz/hourly-ipv4,ziyadnz|hourly,2026-08-17T18:48:05Z,2026-08-17T18:48:05Z,
78.58.247.90,ipv4,malicious-ip,medium,WHITE,ziyadnz/hourly-ipv4,ziyadnz|hourly,2026-08-17T18:48:05Z,2026-08-17T18:48:05Z,
78.58.62.189,ipv4,malicious-ip,medium,WHITE,ziyadnz/hourly-ipv4,ziyadnz|hourly,2026-08-17T18:48:05Z,2026-08-17T18:48:05Z,
78.60.100.196,ipv4,malicious-ip,medium,WHITE,ziyadnz/hourly-ipv4,ziyadnz|hourly,2026-08-17T18:48:05Z,2026-08-17T18:48:05Z,
78.61.115.227,ipv4,malicious-ip,medium,WHITE,ziyadnz/hourly-ipv4,ziyadnz|hourly,2026-08-17T18:48:05Z,2026-08-17T18:48:05Z,
78.61.35.100,ipv4,malicious-ip,medium,WHITE,ziyadnz/hourly-ipv4,ziyadnz|hourly,2026-08-17T18:48:05Z,2026-08-17T18:48:05Z,
78.62.6.127,ipv4,malicious-ip,medium,WHITE,ziyadnz/hourly-ipv4,ziyadnz|hourly,2026-08-17T18:48:05Z,2026-08-17T18:48:05Z,
78.62.76.89,ipv4,malicious-ip,medium,WHITE,ziyadnz/hourly-ipv4,ziyadnz|hourly,2026-08-17T18:48:05Z,2026-08-17T18:48:05Z,
78.63.189.20,ipv4,malicious-ip,medium,WHITE,ziyadnz/hourly-ipv4,ziyadnz|hourly,2026-08-17T18:48:05Z,2026-08-17T18:48:05Z,
78.70.1.28,ipv4,malicious-ip,medium,WHITE,ziyadnz/hourly-ipv4,ziyadnz|hourly,2026-08-17T18:48:05Z,2026-08-17T18:48:05Z,
78.71.218.122,ipv4,malicious-ip,medium,WHITE,ziyadnz/hourly-ipv4,ziyadnz|hourly,2026-08-17T18:48:05Z,2026-08-17T18:48:05Z,
78.73.228.61,ipv4,malicious-ip,medium,WHITE,ziyadnz/hourly-ipv4,ziyadnz|hourly,2026-08-17T18:48:05Z,2026-08-17T18:48:05Z,
78.73.8.212,ipv4,malicious-ip,medium,WHITE,ziyadnz/hourly-ipv4,ziyadnz|hourly,2026-08-17T18:48:05Z,2026-08-17T18:48:05Z,
78.80.34.6,ipv4,malicious-ip,medium,WHITE,ziyadnz/hourly-ipv4,ziyadnz|hourly,2026-08-17T18:48:05Z,2026-08-17T18:48:05Z,
78.81.115.219,ipv4,malicious-ip,medium,WHITE,ziyadnz/hourly-ipv4,ziyadnz|hourly,2026-08-17T18:48:05Z,2026-08-17T18:48:05Z,
78.81.238.76,ipv4,malicious-ip,medium,WHITE,ziyadnz/hourly-ipv4,ziyadnz|hourly,2026-08-17T18:48:05Z,2026-08-17T18:48:05Z,
78.83.249.54,ipv4,malicious-ip,medium,WHITE,ziyadnz/hourly-ipv4,ziyadnz|hourly,2026-08-17T18:48:05Z,2026-08-17T18:48:05Z,
78.85.133.111,ipv4,malicious-ip,medium,WHITE,ziyadnz/hourly-ipv4,ziyadnz|hourly,2026-08-17T18:48:05Z,2026-08-17T18:48:05Z,
78.88.111.28,ipv4,malicious-ip,medium,WHITE,ziyadnz/hourly-ipv4,ziyadnz|hourly,2026-08-17T18:48:05Z,2026-08-17T18:48:05Z,
78.88.112.193,ipv4,malicious-ip,medium,WHITE,ziyadnz/hourly-ipv4,ziyadnz|hourly,2026-08-17T18:48:05Z,2026-08-17T18:48:05Z,
78.89.154.59,ipv4,malicious-ip,medium,WHITE,ziyadnz/hourly-ipv4,ziyadnz|hourly,2026-08-17T18:48:05Z,2026-08-17T18:48:05Z,
78.92.224.125,ipv4,malicious-ip,medium,WHITE,ziyadnz/hourly-ipv4,ziyadnz|hourly,2026-08-17T18:48:05Z,2026-08-17T18:48:05Z,
78.92.227.111,ipv4,malicious-ip,medium,WHITE,ziyadnz/hourly-ipv4,ziyadnz|hourly,2026-08-17T18:48:05Z,2026-08-17T18:48:05Z,
78.97.106.144,ipv4,malicious-ip,medium,WHITE,ziyadnz/hourly-ipv4,ziyadnz|hourly,2026-08-17T18:48:05Z,2026-08-17T18:48:05Z,
78.97.43.79,ipv4,malicious-ip,medium,WHITE,ziyadnz/hourly-ipv4,ziyadnz|hourly,2026-08-17T18:48:05Z,2026-08-17T18:48:05Z,
79.0.11.78,ipv4,malicious-ip,medium,WHITE,ziyadnz/hourly-ipv4,ziyadnz|hourly,2026-08-17T18:48:05Z,2026-08-17T18:48:05Z,
79.0.5.138,ipv4,malicious-ip,medium,WHITE,ziyadnz/hourly-ipv4,ziyadnz|hourly,2026-08-17T18:48:05Z,2026-08-17T18:48:05Z,
79.1.85.100,ipv4,malicious-ip,medium,WHITE,ziyadnz/hourly-ipv4,ziyadnz|hourly,2026-08-17T18:48:05Z,2026-08-17T18:48:05Z,
79.10.124.125,ipv4,malicious-ip,medium,WHITE,ziyadnz/hourly-ipv4,ziyadnz|hourly,2026-08-17T18:48:05Z,2026-08-17T18:48:05Z,
79.10.244.53,ipv4,malicious-ip,medium,WHITE,ziyadnz/hourly-ipv4,ziyadnz|hourly,2026-08-17T18:48:05Z,2026-08-17T18:48:05Z,
79.100.170.186,ipv4,malicious-ip,medium,WHITE,ziyadnz/hourly-ipv4,ziyadnz|hourly,2026-08-17T18:48:05Z,2026-08-17T18:48:05Z,
79.100.65.11,ipv4,malicious-ip,medium,WHITE,ziyadnz/hourly-ipv4,ziyadnz|hourly,2026-08-17T18:48:05Z,2026-08-17T18:48:05Z,
79.101.120.17,ipv4,malicious-ip,medium,WHITE,ziyadnz/hourly-ipv4,ziyadnz|hourly,2026-08-17T18:48:05Z,2026-08-17T18:48:05Z,
79.101.176.237,ipv4,malicious-ip,medium,WHITE,ziyadnz/hourly-ipv4,ziyadnz|hourly,2026-08-17T18:48:05Z,2026-08-17T18:48:05Z,
79.101.178.64,ipv4,malicious-ip,medium,WHITE,ziyadnz/hourly-ipv4,ziyadnz|hourly,2026-08-17T18:48:05Z,2026-08-17T18:48:05Z,
79.101.53.18,ipv4,malicious-ip,medium,WHITE,ziyadnz/hourly-ipv4,ziyadnz|hourly,2026-08-17T18:48:05Z,2026-08-17T18:48:05Z,
79.105.82.235,ipv4,malicious-ip,medium,WHITE,ziyadnz/hourly-ipv4,ziyadnz|hourly,2026-08-17T18:48:05Z,2026-08-17T18:48:05Z,
79.106.11.193,ipv4,malicious-ip,medium,WHITE,ziyadnz/hourly-ipv4,ziyadnz|hourly,2026-08-17T18:48:05Z,2026-08-17T18:48:05Z,
79.106.123.118,ipv4,malicious-ip,medium,WHITE,ziyadnz/hourly-ipv4,ziyadnz|hourly,2026-08-17T18:48:05Z,2026-08-17T18:48:05Z,
79.106.133.159,ipv4,malicious-ip,medium,WHITE,ziyadnz/hourly-ipv4,ziyadnz|hourly,2026-08-17T18:48:05Z,2026-08-17T18:48:05Z,
79.106.151.235,ipv4,malicious-ip,medium,WHITE,ziyadnz/hourly-ipv4,ziyadnz|hourly,2026-08-17T18:48:05Z,2026-08-17T18:48:05Z,
79.106.203.43,ipv4,malicious-ip,medium,WHITE,ziyadnz/hourly-ipv4,ziyadnz|hourly,2026-08-17T18:48:05Z,2026-08-17T18:48:05Z,
79.106.216.51,ipv4,malicious-ip,medium,WHITE,ziyadnz/hourly-ipv4,ziyadnz|hourly,2026-08-17T18:48:05Z,2026-08-17T18:48:05Z,
79.106.216.64,ipv4,malicious-ip,medium,WHITE,ziyadnz/hourly-ipv4,ziyadnz|hourly,2026-08-17T18:48:05Z,2026-08-17T18:48:05Z,
79.106.6.133,ipv4,malicious-ip,medium,WHITE,ziyadnz/hourly-ipv4,ziyadnz|hourly,2026-08-17T18:48:05Z,2026-08-17T18:48:05Z,
79.108.225.158,ipv4,malicious-ip,medium,WHITE,ziyadnz/hourly-ipv4,ziyadnz|hourly,2026-08-17T18:48:05Z,2026-08-17T18:48:05Z,
79.108.228.134,ipv4,malicious-ip,medium,WHITE,ziyadnz/hourly-ipv4,ziyadnz|hourly,2026-08-17T18:48:05Z,2026-08-17T18:48:05Z,
79.108.228.97,ipv4,malicious-ip,medium,WHITE,ziyadnz/hourly-ipv4,ziyadnz|hourly,2026-08-17T18:48:05Z,2026-08-17T18:48:05Z,
79.108.229.104,ipv4,malicious-ip,medium,WHITE,ziyadnz/hourly-ipv4,ziyadnz|hourly,2026-08-17T18:48:05Z,2026-08-17T18:48:05Z,
79.108.229.176,ipv4,malicious-ip,medium,WHITE,ziyadnz/hourly-ipv4,ziyadnz|hourly,2026-08-17T18:48:05Z,2026-08-17T18:48:05Z,
79.108.230.231,ipv4,malicious-ip,medium,WHITE,ziyadnz/hourly-ipv4,ziyadnz|hourly,2026-08-17T18:48:05Z,2026-08-17T18:48:05Z,
79.11.39.204,ipv4,malicious-ip,medium,WHITE,ziyadnz/hourly-ipv4,ziyadnz|hourly,2026-08-17T18:48:05Z,2026-08-17T18:48:05Z,
79.110.118.226,ipv4,malicious-ip,medium,WHITE,ziyadnz/hourly-ipv4,ziyadnz|hourly,2026-08-17T18:48:05Z,2026-08-17T18:48:05Z,
79.110.118.44,ipv4,malicious-ip,medium,WHITE,ziyadnz/hourly-ipv4,ziyadnz|hourly,2026-08-17T18:48:05Z,2026-08-17T18:48:05Z,
79.110.48.17,ipv4,malicious-ip,medium,WHITE,ziyadnz/hourly-ipv4,ziyadnz|hourly,2026-08-17T18:48:05Z,2026-08-17T18:48:05Z,
79.110.48.52,ipv4,malicious-ip,medium,WHITE,ziyadnz/hourly-ipv4,ziyadnz|hourly,2026-08-17T18:48:05Z,2026-08-17T18:48:05Z,
79.110.48.6,ipv4,malicious-ip,medium,WHITE,ziyadnz/hourly-ipv4,ziyadnz|hourly,2026-08-17T18:48:05Z,2026-08-17T18:48:05Z,
79.110.49.15,ipv4,malicious-ip,medium,WHITE,ziyadnz/hourly-ipv4,ziyadnz|hourly,2026-08-17T18:48:05Z,2026-08-17T18:48:05Z,
79.110.49.164,ipv4,malicious-ip,medium,WHITE,ziyadnz/hourly-ipv4,ziyadnz|hourly,2026-08-17T18:48:05Z,2026-08-17T18:48:05Z,
79.110.49.232,ipv4,malicious-ip,medium,WHITE,ziyadnz/hourly-ipv4,ziyadnz|hourly,2026-08-17T18:48:05Z,2026-08-17T18:48:05Z,
79.110.49.65,ipv4,malicious-ip,medium,WHITE,ziyadnz/hourly-ipv4,ziyadnz|hourly,2026-08-17T18:48:05Z,2026-08-17T18:48:05Z,
79.110.49.76,ipv4,malicious-ip,medium,WHITE,ziyadnz/hourly-ipv4,ziyadnz|hourly,2026-08-17T18:48:05Z,2026-08-17T18:48:05Z,
79.110.49.85,ipv4,malicious-ip,medium,WHITE,ziyadnz/hourly-ipv4,ziyadnz|hourly,2026-08-17T18:48:05Z,2026-08-17T18:48:05Z,
79.110.52.179,ipv4,malicious-ip,medium,WHITE,ziyadnz/hourly-ipv4,ziyadnz|hourly,2026-08-17T18:48:05Z,2026-08-17T18:48:05Z,
79.110.52.196,ipv4,malicious-ip,medium,WHITE,ziyadnz/hourly-ipv4,ziyadnz|hourly,2026-08-17T18:48:05Z,2026-08-17T18:48:05Z,
79.110.52.9,ipv4,malicious-ip,medium,WHITE,ziyadnz/hourly-ipv4,ziyadnz|hourly,2026-08-17T18:48:05Z,2026-08-17T18:48:05Z,
79.110.62.173,ipv4,malicious-ip,medium,WHITE,ziyadnz/hourly-ipv4,ziyadnz|hourly,2026-08-17T18:48:05Z,2026-08-17T18:48:05Z,
79.110.62.179,ipv4,malicious-ip,medium,WHITE,ziyadnz/hourly-ipv4,ziyadnz|hourly,2026-08-17T18:48:05Z,2026-08-17T18:48:05Z,
79.110.62.227,ipv4,malicious-ip,medium,WHITE,ziyadnz/hourly-ipv4,ziyadnz|hourly,2026-08-17T18:48:05Z,2026-08-17T18:48:05Z,
79.110.62.25,ipv4,malicious-ip,medium,WHITE,ziyadnz/hourly-ipv4,ziyadnz|hourly,2026-08-17T18:48:05Z,2026-08-17T18:48:05Z,
79.110.62.80,ipv4,malicious-ip,medium,WHITE,ziyadnz/hourly-ipv4,ziyadnz|hourly,2026-08-17T18:48:05Z,2026-08-17T18:48:05Z,
79.112.14.215,ipv4,malicious-ip,medium,WHITE,ziyadnz/hourly-ipv4,ziyadnz|hourly,2026-08-17T18:48:05Z,2026-08-17T18:48:05Z,
79.112.15.202,ipv4,malicious-ip,medium,WHITE,ziyadnz/hourly-ipv4,ziyadnz|hourly,2026-08-17T18:48:05Z,2026-08-17T18:48:05Z,
79.112.44.79,ipv4,malicious-ip,medium,WHITE,ziyadnz/hourly-ipv4,ziyadnz|hourly,2026-08-17T18:48:05Z,2026-08-17T18:48:05Z,
79.112.49.227,ipv4,malicious-ip,medium,WHITE,ziyadnz/hourly-ipv4,ziyadnz|hourly,2026-08-17T18:48:05Z,2026-08-17T18:48:05Z,
79.112.58.43,ipv4,malicious-ip,medium,WHITE,ziyadnz/hourly-ipv4,ziyadnz|hourly,2026-08-17T18:48:05Z,2026-08-17T18:48:05Z,
79.112.97.188,ipv4,malicious-ip,medium,WHITE,ziyadnz/hourly-ipv4,ziyadnz|hourly,2026-08-17T18:48:05Z,2026-08-17T18:48:05Z,
79.115.59.151,ipv4,malicious-ip,medium,WHITE,ziyadnz/hourly-ipv4,ziyadnz|hourly,2026-08-17T18:48:05Z,2026-08-17T18:48:05Z,
79.116.138.198,ipv4,malicious-ip,medium,WHITE,ziyadnz/hourly-ipv4,ziyadnz|hourly,2026-08-17T18:48:05Z,2026-08-17T18:48:05Z,
79.116.141.166,ipv4,malicious-ip,medium,WHITE,ziyadnz/hourly-ipv4,ziyadnz|hourly,2026-08-17T18:48:05Z,2026-08-17T18:48:05Z,
79.116.173.203,ipv4,malicious-ip,medium,WHITE,ziyadnz/hourly-ipv4,ziyadnz|hourly,2026-08-17T18:48:05Z,2026-08-17T18:48:05Z,
79.116.174.198,ipv4,malicious-ip,medium,WHITE,ziyadnz/hourly-ipv4,ziyadnz|hourly,2026-08-17T18:48:05Z,2026-08-17T18:48:05Z,
79.116.174.245,ipv4,malicious-ip,medium,WHITE,ziyadnz/hourly-ipv4,ziyadnz|hourly,2026-08-17T18:48:05Z,2026-08-17T18:48:05Z,
79.116.186.31,ipv4,malicious-ip,medium,WHITE,ziyadnz/hourly-ipv4,ziyadnz|hourly,2026-08-17T18:48:05Z,2026-08-17T18:48:05Z,
79.116.188.58,ipv4,malicious-ip,medium,WHITE,ziyadnz/hourly-ipv4,ziyadnz|hourly,2026-08-17T18:48:05Z,2026-08-17T18:48:05Z,
79.116.196.2,ipv4,malicious-ip,medium,WHITE,ziyadnz/hourly-ipv4,ziyadnz|hourly,2026-08-17T18:48:05Z,2026-08-17T18:48:05Z,
79.116.206.176,ipv4,malicious-ip,medium,WHITE,ziyadnz/hourly-ipv4,ziyadnz|hourly,2026-08-17T18:48:05Z,2026-08-17T18:48:05Z,
79.116.216.68,ipv4,malicious-ip,medium,WHITE,ziyadnz/hourly-ipv4,ziyadnz|hourly,2026-08-17T18:48:05Z,2026-08-17T18:48:05Z,
79.116.218.146,ipv4,malicious-ip,medium,WHITE,ziyadnz/hourly-ipv4,ziyadnz|hourly,2026-08-17T18:48:05Z,2026-08-17T18:48:05Z,
79.116.225.47,ipv4,malicious-ip,medium,WHITE,ziyadnz/hourly-ipv4,ziyadnz|hourly,2026-08-17T18:48:05Z,2026-08-17T18:48:05Z,
79.116.226.75,ipv4,malicious-ip,medium,WHITE,ziyadnz/hourly-ipv4,ziyadnz|hourly,2026-08-17T18:48:05Z,2026-08-17T18:48:05Z,
79.116.228.75,ipv4,malicious-ip,medium,WHITE,ziyadnz/hourly-ipv4,ziyadnz|hourly,2026-08-17T18:48:05Z,2026-08-17T18:48:05Z,
79.116.23.158,ipv4,malicious-ip,medium,WHITE,ziyadnz/hourly-ipv4,ziyadnz|hourly,2026-08-17T18:48:05Z,2026-08-17T18:48:05Z,
79.116.230.150,ipv4,malicious-ip,medium,WHITE,ziyadnz/hourly-ipv4,ziyadnz|hourly,2026-08-17T18:48:05Z,2026-08-17T18:48:05Z,
79.116.235.226,ipv4,malicious-ip,medium,WHITE,ziyadnz/hourly-ipv4,ziyadnz|hourly,2026-08-17T18:48:05Z,2026-08-17T18:48:05Z,
79.116.246.223,ipv4,malicious-ip,medium,WHITE,ziyadnz/hourly-ipv4,ziyadnz|hourly,2026-08-17T18:48:05Z,2026-08-17T18:48:05Z,
79.116.26.163,ipv4,malicious-ip,medium,WHITE,ziyadnz/hourly-ipv4,ziyadnz|hourly,2026-08-17T18:48:05Z,2026-08-17T18:48:05Z,
79.116.38.6,ipv4,malicious-ip,medium,WHITE,ziyadnz/hourly-ipv4,ziyadnz|hourly,2026-08-17T18:48:05Z,2026-08-17T18:48:05Z,
79.116.72.96,ipv4,malicious-ip,medium,WHITE,ziyadnz/hourly-ipv4,ziyadnz|hourly,2026-08-17T18:48:05Z,2026-08-17T18:48:05Z,
79.116.90.216,ipv4,malicious-ip,medium,WHITE,ziyadnz/hourly-ipv4,ziyadnz|hourly,2026-08-17T18:48:05Z,2026-08-17T18:48:05Z,
79.117.127.104,ipv4,malicious-ip,medium,WHITE,ziyadnz/hourly-ipv4,ziyadnz|hourly,2026-08-17T18:48:05Z,2026-08-17T18:48:05Z,
79.117.162.171,ipv4,malicious-ip,medium,WHITE,ziyadnz/hourly-ipv4,ziyadnz|hourly,2026-08-17T18:48:05Z,2026-08-17T18:48:05Z,
79.117.162.22,ipv4,malicious-ip,medium,WHITE,ziyadnz/hourly-ipv4,ziyadnz|hourly,2026-08-17T18:48:05Z,2026-08-17T18:48:05Z,
79.117.187.2,ipv4,malicious-ip,medium,WHITE,ziyadnz/hourly-ipv4,ziyadnz|hourly,2026-08-17T18:48:05Z,2026-08-17T18:48:05Z,
79.117.198.230,ipv4,malicious-ip,medium,WHITE,ziyadnz/hourly-ipv4,ziyadnz|hourly,2026-08-17T18:48:05Z,2026-08-17T18:48:05Z,
79.117.209.31,ipv4,malicious-ip,medium,WHITE,ziyadnz/hourly-ipv4,ziyadnz|hourly,2026-08-17T18:48:05Z,2026-08-17T18:48:05Z,
79.117.210.161,ipv4,malicious-ip,medium,WHITE,ziyadnz/hourly-ipv4,ziyadnz|hourly,2026-08-17T18:48:05Z,2026-08-17T18:48:05Z,
79.117.213.39,ipv4,malicious-ip,medium,WHITE,ziyadnz/hourly-ipv4,ziyadnz|hourly,2026-08-17T18:48:05Z,2026-08-17T18:48:05Z,
79.117.215.131,ipv4,malicious-ip,medium,WHITE,ziyadnz/hourly-ipv4,ziyadnz|hourly,2026-08-17T18:48:05Z,2026-08-17T18:48:05Z,
79.117.24.180,ipv4,malicious-ip,medium,WHITE,ziyadnz/hourly-ipv4,ziyadnz|hourly,2026-08-17T18:48:05Z,2026-08-17T18:48:05Z,
79.117.241.19,ipv4,malicious-ip,medium,WHITE,ziyadnz/hourly-ipv4,ziyadnz|hourly,2026-08-17T18:48:05Z,2026-08-17T18:48:05Z,
79.117.241.36,ipv4,malicious-ip,medium,WHITE,ziyadnz/hourly-ipv4,ziyadnz|hourly,2026-08-17T18:48:05Z,2026-08-17T18:48:05Z,
79.117.246.51,ipv4,malicious-ip,medium,WHITE,ziyadnz/hourly-ipv4,ziyadnz|hourly,2026-08-17T18:48:05Z,2026-08-17T18:48:05Z,
79.117.28.5,ipv4,malicious-ip,medium,WHITE,ziyadnz/hourly-ipv4,ziyadnz|hourly,2026-08-17T18:48:05Z,2026-08-17T18:48:05Z,
79.117.51.183,ipv4,malicious-ip,medium,WHITE,ziyadnz/hourly-ipv4,ziyadnz|hourly,2026-08-17T18:48:05Z,2026-08-17T18:48:05Z,
79.118.54.148,ipv4,malicious-ip,medium,WHITE,ziyadnz/hourly-ipv4,ziyadnz|hourly,2026-08-17T18:48:05Z,2026-08-17T18:48:05Z,
79.121.102.227,ipv4,malicious-ip,medium,WHITE,ziyadnz/hourly-ipv4,ziyadnz|hourly,2026-08-17T18:48:05Z,2026-08-17T18:48:05Z,
79.122.12.150,ipv4,malicious-ip,medium,WHITE,ziyadnz/hourly-ipv4,ziyadnz|hourly,2026-08-17T18:48:05Z,2026-08-17T18:48:05Z,
79.122.2.66,ipv4,malicious-ip,medium,WHITE,ziyadnz/hourly-ipv4,ziyadnz|hourly,2026-08-17T18:48:05Z,2026-08-17T18:48:05Z,
79.122.21.238,ipv4,malicious-ip,medium,WHITE,ziyadnz/hourly-ipv4,ziyadnz|hourly,2026-08-17T18:48:05Z,2026-08-17T18:48:05Z,
79.124.40.142,ipv4,malicious-ip,medium,WHITE,ziyadnz/hourly-ipv4,ziyadnz|hourly,2026-08-17T18:48:05Z,2026-08-17T18:48:05Z,
79.124.40.150,ipv4,malicious-ip,medium,WHITE,ziyadnz/hourly-ipv4,ziyadnz|hourly,2026-08-17T18:48:05Z,2026-08-17T18:48:05Z,
79.124.40.162,ipv4,malicious-ip,medium,WHITE,ziyadnz/hourly-ipv4,ziyadnz|hourly,2026-08-17T18:48:05Z,2026-08-17T18:48:05Z,
79.124.40.190,ipv4,malicious-ip,medium,WHITE,ziyadnz/hourly-ipv4,ziyadnz|hourly,2026-08-17T18:48:05Z,2026-08-17T18:48:05Z,
79.124.40.46,ipv4,malicious-ip,medium,WHITE,ziyadnz/hourly-ipv4,ziyadnz|hourly,2026-08-17T18:48:05Z,2026-08-17T18:48:05Z,
79.124.49.102,ipv4,malicious-ip,medium,WHITE,ziyadnz/hourly-ipv4,ziyadnz|hourly,2026-08-17T18:48:05Z,2026-08-17T18:48:05Z,
79.124.49.114,ipv4,malicious-ip,medium,WHITE,ziyadnz/hourly-ipv4,ziyadnz|hourly,2026-08-17T18:48:05Z,2026-08-17T18:48:05Z,
79.124.49.130,ipv4,malicious-ip,medium,WHITE,ziyadnz/hourly-ipv4,ziyadnz|hourly,2026-08-17T18:48:05Z,2026-08-17T18:48:05Z,
79.124.49.134,ipv4,malicious-ip,medium,WHITE,ziyadnz/hourly-ipv4,ziyadnz|hourly,2026-08-17T18:48:05Z,2026-08-17T18:48:05Z,
79.124.49.146,ipv4,malicious-ip,medium,WHITE,ziyadnz/hourly-ipv4,ziyadnz|hourly,2026-08-17T18:48:05Z,2026-08-17T18:48:05Z,
79.124.49.62,ipv4,malicious-ip,medium,WHITE,ziyadnz/hourly-ipv4,ziyadnz|hourly,2026-08-17T18:48:05Z,2026-08-17T18:48:05Z,
79.124.49.70,ipv4,malicious-ip,medium,WHITE,ziyadnz/hourly-ipv4,ziyadnz|hourly,2026-08-17T18:48:05Z,2026-08-17T18:48:05Z,
79.124.49.86,ipv4,malicious-ip,medium,WHITE,ziyadnz/hourly-ipv4,ziyadnz|hourly,2026-08-17T18:48:05Z,2026-08-17T18:48:05Z,
79.124.49.90,ipv4,malicious-ip,medium,WHITE,ziyadnz/hourly-ipv4,ziyadnz|hourly,2026-08-17T18:48:05Z,2026-08-17T18:48:05Z,
79.124.56.102,ipv4,malicious-ip,medium,WHITE,ziyadnz/hourly-ipv4,ziyadnz|hourly,2026-08-17T18:48:05Z,2026-08-17T18:48:05Z,
79.124.56.110,ipv4,malicious-ip,medium,WHITE,ziyadnz/hourly-ipv4,ziyadnz|hourly,2026-08-17T18:48:05Z,2026-08-17T18:48:05Z,
79.124.56.142,ipv4,malicious-ip,medium,WHITE,ziyadnz/hourly-ipv4,ziyadnz|hourly,2026-08-17T18:48:05Z,2026-08-17T18:48:05Z,
79.124.56.146,ipv4,malicious-ip,medium,WHITE,ziyadnz/hourly-ipv4,ziyadnz|hourly,2026-08-17T18:48:05Z,2026-08-17T18:48:05Z,
79.124.56.202,ipv4,malicious-ip,medium,WHITE,ziyadnz/hourly-ipv4,ziyadnz|hourly,2026-08-17T18:48:05Z,2026-08-17T18:48:05Z,
79.124.56.210,ipv4,malicious-ip,medium,WHITE,ziyadnz/hourly-ipv4,ziyadnz|hourly,2026-08-17T18:48:05Z,2026-08-17T18:48:05Z,
79.124.56.214,ipv4,malicious-ip,medium,WHITE,ziyadnz/hourly-ipv4,ziyadnz|hourly,2026-08-17T18:48:05Z,2026-08-17T18:48:05Z,
79.124.56.222,ipv4,malicious-ip,medium,WHITE,ziyadnz/hourly-ipv4,ziyadnz|hourly,2026-08-17T18:48:05Z,2026-08-17T18:48:05Z,
79.124.56.226,ipv4,malicious-ip,medium,WHITE,ziyadnz/hourly-ipv4,ziyadnz|hourly,2026-08-17T18:48:05Z,2026-08-17T18:48:05Z,
79.124.56.246,ipv4,malicious-ip,medium,WHITE,ziyadnz/hourly-ipv4,ziyadnz|hourly,2026-08-17T18:48:05Z,2026-08-17T18:48:05Z,
79.124.56.250,ipv4,malicious-ip,medium,WHITE,ziyadnz/hourly-ipv4,ziyadnz|hourly,2026-08-17T18:48:05Z,2026-08-17T18:48:05Z,
79.124.58.130,ipv4,malicious-ip,medium,WHITE,ziyadnz/hourly-ipv4,ziyadnz|hourly,2026-08-17T18:48:05Z,2026-08-17T18:48:05Z,
79.124.58.18,ipv4,malicious-ip,medium,WHITE,ziyadnz/hourly-ipv4,ziyadnz|hourly,2026-08-17T18:48:05Z,2026-08-17T18:48:05Z,
79.124.58.198,ipv4,malicious-ip,medium,WHITE,ziyadnz/hourly-ipv4,ziyadnz|hourly,2026-08-17T18:48:05Z,2026-08-17T18:48:05Z,
79.124.58.242,ipv4,malicious-ip,medium,WHITE,ziyadnz/hourly-ipv4,ziyadnz|hourly,2026-08-17T18:48:05Z,2026-08-17T18:48:05Z,
79.124.58.246,ipv4,malicious-ip,medium,WHITE,ziyadnz/hourly-ipv4,ziyadnz|hourly,2026-08-17T18:48:05Z,2026-08-17T18:48:05Z,
79.124.58.86,ipv4,malicious-ip,medium,WHITE,ziyadnz/hourly-ipv4,ziyadnz|hourly,2026-08-17T18:48:05Z,2026-08-17T18:48:05Z,
79.124.58.90,ipv4,malicious-ip,medium,WHITE,ziyadnz/hourly-ipv4,ziyadnz|hourly,2026-08-17T18:48:05Z,2026-08-17T18:48:05Z,
79.124.59.10,ipv4,malicious-ip,medium,WHITE,ziyadnz/hourly-ipv4,ziyadnz|hourly,2026-08-17T18:48:05Z,2026-08-17T18:48:05Z,
79.124.59.106,ipv4,malicious-ip,medium,WHITE,ziyadnz/hourly-ipv4,ziyadnz|hourly,2026-08-17T18:48:05Z,2026-08-17T18:48:05Z,
79.124.59.130,ipv4,malicious-ip,medium,WHITE,ziyadnz/hourly-ipv4,ziyadnz|hourly,2026-08-17T18:48:05Z,2026-08-17T18:48:05Z,
79.124.59.178,ipv4,malicious-ip,medium,WHITE,ziyadnz/hourly-ipv4,ziyadnz|hourly,2026-08-17T18:48:05Z,2026-08-17T18:48:05Z,
79.124.59.182,ipv4,malicious-ip,medium,WHITE,ziyadnz/hourly-ipv4,ziyadnz|hourly,2026-08-17T18:48:05Z,2026-08-17T18:48:05Z,
79.124.59.186,ipv4,malicious-ip,medium,WHITE,ziyadnz/hourly-ipv4,ziyadnz|hourly,2026-08-17T18:48:05Z,2026-08-17T18:48:05Z,
79.124.59.78,ipv4,malicious-ip,medium,WHITE,ziyadnz/hourly-ipv4,ziyadnz|hourly,2026-08-17T18:48:05Z,2026-08-17T18:48:05Z,
79.124.60.180,ipv4,malicious-ip,medium,WHITE,ziyadnz/hourly-ipv4,ziyadnz|hourly,2026-08-17T18:48:05Z,2026-08-17T18:48:05Z,
79.124.60.186,ipv4,malicious-ip,medium,WHITE,ziyadnz/hourly-ipv4,ziyadnz|hourly,2026-08-17T18:48:05Z,2026-08-17T18:48:05Z,
79.124.60.194,ipv4,malicious-ip,medium,WHITE,ziyadnz/hourly-ipv4,ziyadnz|hourly,2026-08-17T18:48:05Z,2026-08-17T18:48:05Z,
79.124.60.218,ipv4,malicious-ip,medium,WHITE,ziyadnz/hourly-ipv4,ziyadnz|hourly,2026-08-17T18:48:05Z,2026-08-17T18:48:05Z,
79.124.62.126,ipv4,malicious-ip,medium,WHITE,ziyadnz/hourly-ipv4,ziyadnz|hourly,2026-08-17T18:48:05Z,2026-08-17T18:48:05Z,
79.124.62.134,ipv4,malicious-ip,medium,WHITE,ziyadnz/hourly-ipv4,ziyadnz|hourly,2026-08-17T18:48:05Z,2026-08-17T18:48:05Z,
79.124.62.178,ipv4,malicious-ip,medium,WHITE,ziyadnz/hourly-ipv4,ziyadnz|hourly,2026-08-17T18:48:05Z,2026-08-17T18:48:05Z,
79.124.62.230,ipv4,malicious-ip,medium,WHITE,ziyadnz/hourly-ipv4,ziyadnz|hourly,2026-08-17T18:48:05Z,2026-08-17T18:48:05Z,
79.125.162.32,ipv4,malicious-ip,medium,WHITE,ziyadnz/hourly-ipv4,ziyadnz|hourly,2026-08-17T18:48:05Z,2026-08-17T18:48:05Z,
79.125.209.239,ipv4,malicious-ip,medium,WHITE,ziyadnz/hourly-ipv4,ziyadnz|hourly,2026-08-17T18:48:05Z,2026-08-17T18:48:05Z,
79.127.129.201,ipv4,malicious-ip,medium,WHITE,ziyadnz/hourly-ipv4,ziyadnz|hourly,2026-08-17T18:48:05Z,2026-08-17T18:48:05Z,
79.127.129.203,ipv4,malicious-ip,medium,WHITE,ziyadnz/hourly-ipv4,ziyadnz|hourly,2026-08-17T18:48:05Z,2026-08-17T18:48:05Z,
79.127.129.225,ipv4,malicious-ip,medium,WHITE,ziyadnz/hourly-ipv4,ziyadnz|hourly,2026-08-17T18:48:05Z,2026-08-17T18:48:05Z,
79.127.129.231,ipv4,malicious-ip,medium,WHITE,ziyadnz/hourly-ipv4,ziyadnz|hourly,2026-08-17T18:48:05Z,2026-08-17T18:48:05Z,
79.127.160.177,ipv4,malicious-ip,medium,WHITE,ziyadnz/hourly-ipv4,ziyadnz|hourly,2026-08-17T18:48:05Z,2026-08-17T18:48:05Z,
79.127.175.107,ipv4,malicious-ip,medium,WHITE,ziyadnz/hourly-ipv4,ziyadnz|hourly,2026-08-17T18:48:05Z,2026-08-17T18:48:05Z,
79.127.175.48,ipv4,malicious-ip,medium,WHITE,ziyadnz/hourly-ipv4,ziyadnz|hourly,2026-08-17T18:48:05Z,2026-08-17T18:48:05Z,
79.127.175.88,ipv4,malicious-ip,medium,WHITE,ziyadnz/hourly-ipv4,ziyadnz|hourly,2026-08-17T18:48:05Z,2026-08-17T18:48:05Z,
79.127.181.114,ipv4,malicious-ip,medium,WHITE,ziyadnz/hourly-ipv4,ziyadnz|hourly,2026-08-17T18:48:05Z,2026-08-17T18:48:05Z,
79.127.181.3,ipv4,malicious-ip,medium,WHITE,ziyadnz/hourly-ipv4,ziyadnz|hourly,2026-08-17T18:48:05Z,2026-08-17T18:48:05Z,
79.127.196.47,ipv4,malicious-ip,medium,WHITE,ziyadnz/hourly-ipv4,ziyadnz|hourly,2026-08-17T18:48:05Z,2026-08-17T18:48:05Z,
79.127.217.44,ipv4,malicious-ip,medium,WHITE,ziyadnz/hourly-ipv4,ziyadnz|hourly,2026-08-17T18:48:05Z,2026-08-17T18:48:05Z,
79.127.66.250,ipv4,malicious-ip,medium,WHITE,ziyadnz/hourly-ipv4,ziyadnz|hourly,2026-08-17T18:48:05Z,2026-08-17T18:48:05Z,
79.127.92.11,ipv4,malicious-ip,medium,WHITE,ziyadnz/hourly-ipv4,ziyadnz|hourly,2026-08-17T18:48:05Z,2026-08-17T18:48:05Z,
79.129.118.122,ipv4,malicious-ip,medium,WHITE,ziyadnz/hourly-ipv4,ziyadnz|hourly,2026-08-17T18:48:05Z,2026-08-17T18:48:05Z,
79.129.3.42,ipv4,malicious-ip,medium,WHITE,ziyadnz/hourly-ipv4,ziyadnz|hourly,2026-08-17T18:48:05Z,2026-08-17T18:48:05Z,
79.13.233.246,ipv4,malicious-ip,medium,WHITE,ziyadnz/hourly-ipv4,ziyadnz|hourly,2026-08-17T18:48:05Z,2026-08-17T18:48:05Z,
79.131.158.26,ipv4,malicious-ip,medium,WHITE,ziyadnz/hourly-ipv4,ziyadnz|hourly,2026-08-17T18:48:05Z,2026-08-17T18:48:05Z,
79.132.103.48,ipv4,malicious-ip,medium,WHITE,ziyadnz/hourly-ipv4,ziyadnz|hourly,2026-08-17T18:48:05Z,2026-08-17T18:48:05Z,
79.132.128.13,ipv4,malicious-ip,medium,WHITE,ziyadnz/hourly-ipv4,ziyadnz|hourly,2026-08-17T18:48:05Z,2026-08-17T18:48:05Z,
79.132.130.142,ipv4,malicious-ip,medium,WHITE,ziyadnz/hourly-ipv4,ziyadnz|hourly,2026-08-17T18:48:05Z,2026-08-17T18:48:05Z,
79.132.192.233,ipv4,malicious-ip,medium,WHITE,ziyadnz/hourly-ipv4,ziyadnz|hourly,2026-08-17T18:48:05Z,2026-08-17T18:48:05Z,
79.133.145.86,ipv4,malicious-ip,medium,WHITE,ziyadnz/hourly-ipv4,ziyadnz|hourly,2026-08-17T18:48:05Z,2026-08-17T18:48:05Z,
79.133.42.185,ipv4,malicious-ip,medium,WHITE,ziyadnz/hourly-ipv4,ziyadnz|hourly,2026-08-17T18:48:05Z,2026-08-17T18:48:05Z,
79.133.46.209,ipv4,malicious-ip,medium,WHITE,ziyadnz/hourly-ipv4,ziyadnz|hourly,2026-08-17T18:48:05Z,2026-08-17T18:48:05Z,
79.133.46.243,ipv4,malicious-ip,medium,WHITE,ziyadnz/hourly-ipv4,ziyadnz|hourly,2026-08-17T18:48:05Z,2026-08-17T18:48:05Z,
79.133.51.100,ipv4,malicious-ip,medium,WHITE,ziyadnz/hourly-ipv4,ziyadnz|hourly,2026-08-17T18:48:05Z,2026-08-17T18:48:05Z,
79.133.56.159,ipv4,malicious-ip,medium,WHITE,ziyadnz/hourly-ipv4,ziyadnz|hourly,2026-08-17T18:48:05Z,2026-08-17T18:48:05Z,
79.133.56.174,ipv4,malicious-ip,medium,WHITE,ziyadnz/hourly-ipv4,ziyadnz|hourly,2026-08-17T18:48:05Z,2026-08-17T18:48:05Z,
79.134.225.34,ipv4,malicious-ip,medium,WHITE,ziyadnz/hourly-ipv4,ziyadnz|hourly,2026-08-17T18:48:05Z,2026-08-17T18:48:05Z,
79.135.194.17,ipv4,malicious-ip,medium,WHITE,ziyadnz/hourly-ipv4,ziyadnz|hourly,2026-08-17T18:48:05Z,2026-08-17T18:48:05Z,
79.135.218.36,ipv4,malicious-ip,medium,WHITE,ziyadnz/hourly-ipv4,ziyadnz|hourly,2026-08-17T18:48:05Z,2026-08-17T18:48:05Z,
79.136.190.108,ipv4,malicious-ip,medium,WHITE,ziyadnz/hourly-ipv4,ziyadnz|hourly,2026-08-17T18:48:05Z,2026-08-17T18:48:05Z,
79.136.194.132,ipv4,malicious-ip,medium,WHITE,ziyadnz/hourly-ipv4,ziyadnz|hourly,2026-08-17T18:48:05Z,2026-08-17T18:48:05Z,
79.137.192.18,ipv4,malicious-ip,medium,WHITE,ziyadnz/hourly-ipv4,ziyadnz|hourly,2026-08-17T18:48:05Z,2026-08-17T18:48:05Z,
79.137.192.6,ipv4,malicious-ip,medium,WHITE,ziyadnz/hourly-ipv4,ziyadnz|hourly,2026-08-17T18:48:05Z,2026-08-17T18:48:05Z,
79.137.194.146,ipv4,malicious-ip,medium,WHITE,ziyadnz/hourly-ipv4,ziyadnz|hourly,2026-08-17T18:48:05Z,2026-08-17T18:48:05Z,
79.137.195.171,ipv4,malicious-ip,medium,WHITE,ziyadnz/hourly-ipv4,ziyadnz|hourly,2026-08-17T18:48:05Z,2026-08-17T18:48:05Z,
79.137.196.121,ipv4,malicious-ip,medium,WHITE,ziyadnz/hourly-ipv4,ziyadnz|hourly,2026-08-17T18:48:05Z,2026-08-17T18:48:05Z,
79.137.196.160,ipv4,malicious-ip,medium,WHITE,ziyadnz/hourly-ipv4,ziyadnz|hourly,2026-08-17T18:48:05Z,2026-08-17T18:48:05Z,
79.137.196.27,ipv4,malicious-ip,medium,WHITE,ziyadnz/hourly-ipv4,ziyadnz|hourly,2026-08-17T18:48:05Z,2026-08-17T18:48:05Z,
79.137.197.154,ipv4,malicious-ip,medium,WHITE,ziyadnz/hourly-ipv4,ziyadnz|hourly,2026-08-17T18:48:05Z,2026-08-17T18:48:05Z,
79.137.197.159,ipv4,malicious-ip,medium,WHITE,ziyadnz/hourly-ipv4,ziyadnz|hourly,2026-08-17T18:48:05Z,2026-08-17T18:48:05Z,
79.137.197.181,ipv4,malicious-ip,medium,WHITE,ziyadnz/hourly-ipv4,ziyadnz|hourly,2026-08-17T18:48:05Z,2026-08-17T18:48:05Z,
79.137.197.187,ipv4,malicious-ip,medium,WHITE,ziyadnz/hourly-ipv4,ziyadnz|hourly,2026-08-17T18:48:05Z,2026-08-17T18:48:05Z,
79.137.198.60,ipv4,malicious-ip,medium,WHITE,ziyadnz/hourly-ipv4,ziyadnz|hourly,2026-08-17T18:48:05Z,2026-08-17T18:48:05Z,
79.137.199.216,ipv4,malicious-ip,medium,WHITE,ziyadnz/hourly-ipv4,ziyadnz|hourly,2026-08-17T18:48:05Z,2026-08-17T18:48:05Z,
79.137.199.252,ipv4,malicious-ip,medium,WHITE,ziyadnz/hourly-ipv4,ziyadnz|hourly,2026-08-17T18:48:05Z,2026-08-17T18:48:05Z,
79.137.202.177,ipv4,malicious-ip,medium,WHITE,ziyadnz/hourly-ipv4,ziyadnz|hourly,2026-08-17T18:48:05Z,2026-08-17T18:48:05Z,
79.137.202.45,ipv4,malicious-ip,medium,WHITE,ziyadnz/hourly-ipv4,ziyadnz|hourly,2026-08-17T18:48:05Z,2026-08-17T18:48:05Z,
79.137.203.156,ipv4,malicious-ip,medium,WHITE,ziyadnz/hourly-ipv4,ziyadnz|hourly,2026-08-17T18:48:05Z,2026-08-17T18:48:05Z,
79.137.205.182,ipv4,malicious-ip,medium,WHITE,ziyadnz/hourly-ipv4,ziyadnz|hourly,2026-08-17T18:48:05Z,2026-08-17T18:48:05Z,
79.137.205.201,ipv4,malicious-ip,medium,WHITE,ziyadnz/hourly-ipv4,ziyadnz|hourly,2026-08-17T18:48:05Z,2026-08-17T18:48:05Z,
79.137.206.158,ipv4,malicious-ip,medium,WHITE,ziyadnz/hourly-ipv4,ziyadnz|hourly,2026-08-17T18:48:05Z,2026-08-17T18:48:05Z,
79.137.206.220,ipv4,malicious-ip,medium,WHITE,ziyadnz/hourly-ipv4,ziyadnz|hourly,2026-08-17T18:48:05Z,2026-08-17T18:48:05Z,
79.137.207.160,ipv4,malicious-ip,medium,WHITE,ziyadnz/hourly-ipv4,ziyadnz|hourly,2026-08-17T18:48:05Z,2026-08-17T18:48:05Z,
79.137.248.245,ipv4,malicious-ip,medium,WHITE,ziyadnz/hourly-ipv4,ziyadnz|hourly,2026-08-17T18:48:05Z,2026-08-17T18:48:05Z,
79.137.34.248,ipv4,malicious-ip,medium,WHITE,ziyadnz/hourly-ipv4,ziyadnz|hourly,2026-08-17T18:48:05Z,2026-08-17T18:48:05Z,
79.137.37.7,ipv4,malicious-ip,medium,WHITE,ziyadnz/hourly-ipv4,ziyadnz|hourly,2026-08-17T18:48:05Z,2026-08-17T18:48:05Z,
79.137.64.41,ipv4,malicious-ip,medium,WHITE,ziyadnz/hourly-ipv4,ziyadnz|hourly,2026-08-17T18:48:05Z,2026-08-17T18:48:05Z,
79.137.67.84,ipv4,malicious-ip,medium,WHITE,ziyadnz/hourly-ipv4,ziyadnz|hourly,2026-08-17T18:48:05Z,2026-08-17T18:48:05Z,
79.137.67.90,ipv4,malicious-ip,medium,WHITE,ziyadnz/hourly-ipv4,ziyadnz|hourly,2026-08-17T18:48:05Z,2026-08-17T18:48:05Z,
79.137.79.196,ipv4,malicious-ip,medium,WHITE,ziyadnz/hourly-ipv4,ziyadnz|hourly,2026-08-17T18:48:05Z,2026-08-17T18:48:05Z,
79.137.89.206,ipv4,malicious-ip,medium,WHITE,ziyadnz/hourly-ipv4,ziyadnz|hourly,2026-08-17T18:48:05Z,2026-08-17T18:48:05Z,
79.138.164.119,ipv4,malicious-ip,medium,WHITE,ziyadnz/hourly-ipv4,ziyadnz|hourly,2026-08-17T18:48:05Z,2026-08-17T18:48:05Z,
79.139.59.21,ipv4,malicious-ip,medium,WHITE,ziyadnz/hourly-ipv4,ziyadnz|hourly,2026-08-17T18:48:05Z,2026-08-17T18:48:05Z,
79.141.160.78,ipv4,malicious-ip,medium,WHITE,ziyadnz/hourly-ipv4,ziyadnz|hourly,2026-08-17T18:48:05Z,2026-08-17T18:48:05Z,
79.141.160.83,ipv4,malicious-ip,medium,WHITE,ziyadnz/hourly-ipv4,ziyadnz|hourly,2026-08-17T18:48:05Z,2026-08-17T18:48:05Z,
79.141.162.187,ipv4,malicious-ip,medium,WHITE,ziyadnz/hourly-ipv4,ziyadnz|hourly,2026-08-17T18:48:05Z,2026-08-17T18:48:05Z,
79.141.162.189,ipv4,malicious-ip,medium,WHITE,ziyadnz/hourly-ipv4,ziyadnz|hourly,2026-08-17T18:48:05Z,2026-08-17T18:48:05Z,
79.141.163.179,ipv4,malicious-ip,medium,WHITE,ziyadnz/hourly-ipv4,ziyadnz|hourly,2026-08-17T18:48:05Z,2026-08-17T18:48:05Z,
79.141.173.158,ipv4,malicious-ip,medium,WHITE,ziyadnz/hourly-ipv4,ziyadnz|hourly,2026-08-17T18:48:05Z,2026-08-17T18:48:05Z,
79.141.175.146,ipv4,malicious-ip,medium,WHITE,ziyadnz/hourly-ipv4,ziyadnz|hourly,2026-08-17T18:48:05Z,2026-08-17T18:48:05Z,
79.142.77.72,ipv4,malicious-ip,medium,WHITE,ziyadnz/hourly-ipv4,ziyadnz|hourly,2026-08-17T18:48:05Z,2026-08-17T18:48:05Z,
79.143.45.75,ipv4,malicious-ip,medium,WHITE,ziyadnz/hourly-ipv4,ziyadnz|hourly,2026-08-17T18:48:05Z,2026-08-17T18:48:05Z,
79.145.230.56,ipv4,malicious-ip,medium,WHITE,ziyadnz/hourly-ipv4,ziyadnz|hourly,2026-08-17T18:48:05Z,2026-08-17T18:48:05Z,
79.145.43.143,ipv4,malicious-ip,medium,WHITE,ziyadnz/hourly-ipv4,ziyadnz|hourly,2026-08-17T18:48:05Z,2026-08-17T18:48:05Z,
79.152.188.244,ipv4,malicious-ip,medium,WHITE,ziyadnz/hourly-ipv4,ziyadnz|hourly,2026-08-17T18:48:05Z,2026-08-17T18:48:05Z,
79.154.0.120,ipv4,malicious-ip,medium,WHITE,ziyadnz/hourly-ipv4,ziyadnz|hourly,2026-08-17T18:48:05Z,2026-08-17T18:48:05Z,
79.154.141.114,ipv4,malicious-ip,medium,WHITE,ziyadnz/hourly-ipv4,ziyadnz|hourly,2026-08-17T18:48:05Z,2026-08-17T18:48:05Z,
79.158.248.128,ipv4,malicious-ip,medium,WHITE,ziyadnz/hourly-ipv4,ziyadnz|hourly,2026-08-17T18:48:05Z,2026-08-17T18:48:05Z,
79.160.149.15,ipv4,malicious-ip,medium,WHITE,ziyadnz/hourly-ipv4,ziyadnz|hourly,2026-08-17T18:48:05Z,2026-08-17T18:48:05Z,
79.160.3.146,ipv4,malicious-ip,medium,WHITE,ziyadnz/hourly-ipv4,ziyadnz|hourly,2026-08-17T18:48:05Z,2026-08-17T18:48:05Z,
79.164.217.8,ipv4,malicious-ip,medium,WHITE,ziyadnz/hourly-ipv4,ziyadnz|hourly,2026-08-17T18:48:05Z,2026-08-17T18:48:05Z,
79.164.73.44,ipv4,malicious-ip,medium,WHITE,ziyadnz/hourly-ipv4,ziyadnz|hourly,2026-08-17T18:48:05Z,2026-08-17T18:48:05Z,
79.168.112.28,ipv4,malicious-ip,medium,WHITE,ziyadnz/hourly-ipv4,ziyadnz|hourly,2026-08-17T18:48:05Z,2026-08-17T18:48:05Z,
79.168.139.28,ipv4,malicious-ip,medium,WHITE,ziyadnz/hourly-ipv4,ziyadnz|hourly,2026-08-17T18:48:05Z,2026-08-17T18:48:05Z,
79.170.53.30,ipv4,malicious-ip,medium,WHITE,ziyadnz/hourly-ipv4,ziyadnz|hourly,2026-08-17T18:48:05Z,2026-08-17T18:48:05Z,
79.172.212.216,ipv4,malicious-ip,medium,WHITE,ziyadnz/hourly-ipv4,ziyadnz|hourly,2026-08-17T18:48:05Z,2026-08-17T18:48:05Z,
79.172.238.200,ipv4,malicious-ip,medium,WHITE,ziyadnz/hourly-ipv4,ziyadnz|hourly,2026-08-17T18:48:05Z,2026-08-17T18:48:05Z,
79.174.63.130,ipv4,malicious-ip,medium,WHITE,ziyadnz/hourly-ipv4,ziyadnz|hourly,2026-08-17T18:48:05Z,2026-08-17T18:48:05Z,
79.175.133.33,ipv4,malicious-ip,medium,WHITE,ziyadnz/hourly-ipv4,ziyadnz|hourly,2026-08-17T18:48:05Z,2026-08-17T18:48:05Z,
79.175.176.112,ipv4,malicious-ip,medium,WHITE,ziyadnz/hourly-ipv4,ziyadnz|hourly,2026-08-17T18:48:05Z,2026-08-17T18:48:05Z,
79.175.176.177,ipv4,malicious-ip,medium,WHITE,ziyadnz/hourly-ipv4,ziyadnz|hourly,2026-08-17T18:48:05Z,2026-08-17T18:48:05Z,
79.175.42.206,ipv4,malicious-ip,medium,WHITE,ziyadnz/hourly-ipv4,ziyadnz|hourly,2026-08-17T18:48:05Z,2026-08-17T18:48:05Z,
79.175.93.31,ipv4,malicious-ip,medium,WHITE,ziyadnz/hourly-ipv4,ziyadnz|hourly,2026-08-17T18:48:05Z,2026-08-17T18:48:05Z,
79.176.141.253,ipv4,malicious-ip,medium,WHITE,ziyadnz/hourly-ipv4,ziyadnz|hourly,2026-08-17T18:48:05Z,2026-08-17T18:48:05Z,
79.177.131.206,ipv4,malicious-ip,medium,WHITE,ziyadnz/hourly-ipv4,ziyadnz|hourly,2026-08-17T18:48:05Z,2026-08-17T18:48:05Z,
79.177.149.84,ipv4,malicious-ip,medium,WHITE,ziyadnz/hourly-ipv4,ziyadnz|hourly,2026-08-17T18:48:05Z,2026-08-17T18:48:05Z,
79.177.155.67,ipv4,malicious-ip,medium,WHITE,ziyadnz/hourly-ipv4,ziyadnz|hourly,2026-08-17T18:48:05Z,2026-08-17T18:48:05Z,
79.178.241.165,ipv4,malicious-ip,medium,WHITE,ziyadnz/hourly-ipv4,ziyadnz|hourly,2026-08-17T18:48:05Z,2026-08-17T18:48:05Z,
79.181.174.217,ipv4,malicious-ip,medium,WHITE,ziyadnz/hourly-ipv4,ziyadnz|hourly,2026-08-17T18:48:05Z,2026-08-17T18:48:05Z,
79.184.25.198,ipv4,malicious-ip,medium,WHITE,ziyadnz/hourly-ipv4,ziyadnz|hourly,2026-08-17T18:48:05Z,2026-08-17T18:48:05Z,
79.185.5.142,ipv4,malicious-ip,medium,WHITE,ziyadnz/hourly-ipv4,ziyadnz|hourly,2026-08-17T18:48:05Z,2026-08-17T18:48:05Z,
79.189.129.106,ipv4,malicious-ip,medium,WHITE,ziyadnz/hourly-ipv4,ziyadnz|hourly,2026-08-17T18:48:05Z,2026-08-17T18:48:05Z,
79.189.47.121,ipv4,malicious-ip,medium,WHITE,ziyadnz/hourly-ipv4,ziyadnz|hourly,2026-08-17T18:48:05Z,2026-08-17T18:48:05Z,
79.191.241.15,ipv4,malicious-ip,medium,WHITE,ziyadnz/hourly-ipv4,ziyadnz|hourly,2026-08-17T18:48:05Z,2026-08-17T18:48:05Z,
79.192.65.215,ipv4,malicious-ip,medium,WHITE,ziyadnz/hourly-ipv4,ziyadnz|hourly,2026-08-17T18:48:05Z,2026-08-17T18:48:05Z,
79.192.67.129,ipv4,malicious-ip,medium,WHITE,ziyadnz/hourly-ipv4,ziyadnz|hourly,2026-08-17T18:48:05Z,2026-08-17T18:48:05Z,
79.196.0.185,ipv4,malicious-ip,medium,WHITE,ziyadnz/hourly-ipv4,ziyadnz|hourly,2026-08-17T18:48:05Z,2026-08-17T18:48:05Z,
79.197.154.178,ipv4,malicious-ip,medium,WHITE,ziyadnz/hourly-ipv4,ziyadnz|hourly,2026-08-17T18:48:05Z,2026-08-17T18:48:05Z,
79.197.94.127,ipv4,malicious-ip,medium,WHITE,ziyadnz/hourly-ipv4,ziyadnz|hourly,2026-08-17T18:48:05Z,2026-08-17T18:48:05Z,
79.203.140.85,ipv4,malicious-ip,medium,WHITE,ziyadnz/hourly-ipv4,ziyadnz|hourly,2026-08-17T18:48:05Z,2026-08-17T18:48:05Z,
79.206.212.78,ipv4,malicious-ip,medium,WHITE,ziyadnz/hourly-ipv4,ziyadnz|hourly,2026-08-17T18:48:05Z,2026-08-17T18:48:05Z,
79.215.164.127,ipv4,malicious-ip,medium,WHITE,ziyadnz/hourly-ipv4,ziyadnz|hourly,2026-08-17T18:48:05Z,2026-08-17T18:48:05Z,
79.216.104.85,ipv4,malicious-ip,medium,WHITE,ziyadnz/hourly-ipv4,ziyadnz|hourly,2026-08-17T18:48:05Z,2026-08-17T18:48:05Z,
79.22.246.219,ipv4,malicious-ip,medium,WHITE,ziyadnz/hourly-ipv4,ziyadnz|hourly,2026-08-17T18:48:05Z,2026-08-17T18:48:05Z,
79.220.15.253,ipv4,malicious-ip,medium,WHITE,ziyadnz/hourly-ipv4,ziyadnz|hourly,2026-08-17T18:48:05Z,2026-08-17T18:48:05Z,
79.230.178.130,ipv4,malicious-ip,medium,WHITE,ziyadnz/hourly-ipv4,ziyadnz|hourly,2026-08-17T18:48:05Z,2026-08-17T18:48:05Z,
79.238.176.110,ipv4,malicious-ip,medium,WHITE,ziyadnz/hourly-ipv4,ziyadnz|hourly,2026-08-17T18:48:05Z,2026-08-17T18:48:05Z,
79.24.159.233,ipv4,malicious-ip,medium,WHITE,ziyadnz/hourly-ipv4,ziyadnz|hourly,2026-08-17T18:48:05Z,2026-08-17T18:48:05Z,
79.24.22.15,ipv4,malicious-ip,medium,WHITE,ziyadnz/hourly-ipv4,ziyadnz|hourly,2026-08-17T18:48:05Z,2026-08-17T18:48:05Z,
79.245.168.23,ipv4,malicious-ip,medium,WHITE,ziyadnz/hourly-ipv4,ziyadnz|hourly,2026-08-17T18:48:05Z,2026-08-17T18:48:05Z,
79.249.135.113,ipv4,malicious-ip,medium,WHITE,ziyadnz/hourly-ipv4,ziyadnz|hourly,2026-08-17T18:48:05Z,2026-08-17T18:48:05Z,
79.253.52.102,ipv4,malicious-ip,medium,WHITE,ziyadnz/hourly-ipv4,ziyadnz|hourly,2026-08-17T18:48:05Z,2026-08-17T18:48:05Z,
79.26.43.234,ipv4,malicious-ip,medium,WHITE,ziyadnz/hourly-ipv4,ziyadnz|hourly,2026-08-17T18:48:05Z,2026-08-17T18:48:05Z,
79.26.81.135,ipv4,malicious-ip,medium,WHITE,ziyadnz/hourly-ipv4,ziyadnz|hourly,2026-08-17T18:48:05Z,2026-08-17T18:48:05Z,
79.27.191.147,ipv4,malicious-ip,medium,WHITE,ziyadnz/hourly-ipv4,ziyadnz|hourly,2026-08-17T18:48:05Z,2026-08-17T18:48:05Z,
79.27.36.32,ipv4,malicious-ip,medium,WHITE,ziyadnz/hourly-ipv4,ziyadnz|hourly,2026-08-17T18:48:05Z,2026-08-17T18:48:05Z,
79.29.163.97,ipv4,malicious-ip,medium,WHITE,ziyadnz/hourly-ipv4,ziyadnz|hourly,2026-08-17T18:48:05Z,2026-08-17T18:48:05Z,
79.32.63.152,ipv4,malicious-ip,medium,WHITE,ziyadnz/hourly-ipv4,ziyadnz|hourly,2026-08-17T18:48:05Z,2026-08-17T18:48:05Z,
79.33.232.127,ipv4,malicious-ip,medium,WHITE,ziyadnz/hourly-ipv4,ziyadnz|hourly,2026-08-17T18:48:05Z,2026-08-17T18:48:05Z,
79.35.19.145,ipv4,malicious-ip,medium,WHITE,ziyadnz/hourly-ipv4,ziyadnz|hourly,2026-08-17T18:48:05Z,2026-08-17T18:48:05Z,
79.36.174.148,ipv4,malicious-ip,medium,WHITE,ziyadnz/hourly-ipv4,ziyadnz|hourly,2026-08-17T18:48:05Z,2026-08-17T18:48:05Z,
79.36.175.93,ipv4,malicious-ip,medium,WHITE,ziyadnz/hourly-ipv4,ziyadnz|hourly,2026-08-17T18:48:05Z,2026-08-17T18:48:05Z,
79.36.191.212,ipv4,malicious-ip,medium,WHITE,ziyadnz/hourly-ipv4,ziyadnz|hourly,2026-08-17T18:48:05Z,2026-08-17T18:48:05Z,
79.37.180.238,ipv4,malicious-ip,medium,WHITE,ziyadnz/hourly-ipv4,ziyadnz|hourly,2026-08-17T18:48:05Z,2026-08-17T18:48:05Z,
79.40.60.117,ipv4,malicious-ip,medium,WHITE,ziyadnz/hourly-ipv4,ziyadnz|hourly,2026-08-17T18:48:05Z,2026-08-17T18:48:05Z,
79.43.14.36,ipv4,malicious-ip,medium,WHITE,ziyadnz/hourly-ipv4,ziyadnz|hourly,2026-08-17T18:48:05Z,2026-08-17T18:48:05Z,
79.44.114.48,ipv4,malicious-ip,medium,WHITE,ziyadnz/hourly-ipv4,ziyadnz|hourly,2026-08-17T18:48:05Z,2026-08-17T18:48:05Z,
79.47.50.203,ipv4,malicious-ip,medium,WHITE,ziyadnz/hourly-ipv4,ziyadnz|hourly,2026-08-17T18:48:05Z,2026-08-17T18:48:05Z,
79.49.238.124,ipv4,malicious-ip,medium,WHITE,ziyadnz/hourly-ipv4,ziyadnz|hourly,2026-08-17T18:48:05Z,2026-08-17T18:48:05Z,
79.50.213.147,ipv4,malicious-ip,medium,WHITE,ziyadnz/hourly-ipv4,ziyadnz|hourly,2026-08-17T18:48:05Z,2026-08-17T18:48:05Z,
79.52.115.248,ipv4,malicious-ip,medium,WHITE,ziyadnz/hourly-ipv4,ziyadnz|hourly,2026-08-17T18:48:05Z,2026-08-17T18:48:05Z,
79.52.204.36,ipv4,malicious-ip,medium,WHITE,ziyadnz/hourly-ipv4,ziyadnz|hourly,2026-08-17T18:48:05Z,2026-08-17T18:48:05Z,
79.52.82.27,ipv4,malicious-ip,medium,WHITE,ziyadnz/hourly-ipv4,ziyadnz|hourly,2026-08-17T18:48:05Z,2026-08-17T18:48:05Z,
79.53.108.74,ipv4,malicious-ip,medium,WHITE,ziyadnz/hourly-ipv4,ziyadnz|hourly,2026-08-17T18:48:05Z,2026-08-17T18:48:05Z,
79.55.224.44,ipv4,malicious-ip,medium,WHITE,ziyadnz/hourly-ipv4,ziyadnz|hourly,2026-08-17T18:48:05Z,2026-08-17T18:48:05Z,
79.55.96.169,ipv4,malicious-ip,medium,WHITE,ziyadnz/hourly-ipv4,ziyadnz|hourly,2026-08-17T18:48:05Z,2026-08-17T18:48:05Z,
79.56.104.211,ipv4,malicious-ip,medium,WHITE,ziyadnz/hourly-ipv4,ziyadnz|hourly,2026-08-17T18:48:05Z,2026-08-17T18:48:05Z,
79.6.181.193,ipv4,malicious-ip,medium,WHITE,ziyadnz/hourly-ipv4,ziyadnz|hourly,2026-08-17T18:48:05Z,2026-08-17T18:48:05Z,
79.6.181.195,ipv4,malicious-ip,medium,WHITE,ziyadnz/hourly-ipv4,ziyadnz|hourly,2026-08-17T18:48:05Z,2026-08-17T18:48:05Z,
79.7.192.59,ipv4,malicious-ip,medium,WHITE,ziyadnz/hourly-ipv4,ziyadnz|hourly,2026-08-17T18:48:05Z,2026-08-17T18:48:05Z,
79.72.25.28,ipv4,malicious-ip,medium,WHITE,ziyadnz/hourly-ipv4,ziyadnz|hourly,2026-08-17T18:48:05Z,2026-08-17T18:48:05Z,
79.72.3.119,ipv4,malicious-ip,medium,WHITE,ziyadnz/hourly-ipv4,ziyadnz|hourly,2026-08-17T18:48:05Z,2026-08-17T18:48:05Z,
79.72.57.232,ipv4,malicious-ip,medium,WHITE,ziyadnz/hourly-ipv4,ziyadnz|hourly,2026-08-17T18:48:05Z,2026-08-17T18:48:05Z,
79.72.80.151,ipv4,malicious-ip,medium,WHITE,ziyadnz/hourly-ipv4,ziyadnz|hourly,2026-08-17T18:48:05Z,2026-08-17T18:48:05Z,
79.72.91.88,ipv4,malicious-ip,medium,WHITE,ziyadnz/hourly-ipv4,ziyadnz|hourly,2026-08-17T18:48:05Z,2026-08-17T18:48:05Z,
79.76.58.113,ipv4,malicious-ip,medium,WHITE,ziyadnz/hourly-ipv4,ziyadnz|hourly,2026-08-17T18:48:05Z,2026-08-17T18:48:05Z,
79.98.102.166,ipv4,malicious-ip,medium,WHITE,ziyadnz/hourly-ipv4,ziyadnz|hourly,2026-08-17T18:48:05Z,2026-08-17T18:48:05Z,
79.98.113.19,ipv4,malicious-ip,medium,WHITE,ziyadnz/hourly-ipv4,ziyadnz|hourly,2026-08-17T18:48:05Z,2026-08-17T18:48:05Z,
79.98.240.182,ipv4,malicious-ip,medium,WHITE,ziyadnz/hourly-ipv4,ziyadnz|hourly,2026-08-17T18:48:05Z,2026-08-17T18:48:05Z,
79.98.240.97,ipv4,malicious-ip,medium,WHITE,ziyadnz/hourly-ipv4,ziyadnz|hourly,2026-08-17T18:48:05Z,2026-08-17T18:48:05Z,
79.99.1.43,ipv4,malicious-ip,medium,WHITE,ziyadnz/hourly-ipv4,ziyadnz|hourly,2026-08-17T18:48:05Z,2026-08-17T18:48:05Z,
79.99.42.246,ipv4,malicious-ip,medium,WHITE,ziyadnz/hourly-ipv4,ziyadnz|hourly,2026-08-17T18:48:05Z,2026-08-17T18:48:05Z,
8.129.135.162,ipv4,malicious-ip,medium,WHITE,ziyadnz/hourly-ipv4,ziyadnz|hourly,2026-08-17T18:48:05Z,2026-08-17T18:48:05Z,
8.129.229.143,ipv4,malicious-ip,medium,WHITE,ziyadnz/hourly-ipv4,ziyadnz|hourly,2026-08-17T18:48:05Z,2026-08-17T18:48:05Z,
8.129.229.164,ipv4,malicious-ip,medium,WHITE,ziyadnz/hourly-ipv4,ziyadnz|hourly,2026-08-17T18:48:05Z,2026-08-17T18:48:05Z,
8.129.29.97,ipv4,malicious-ip,medium,WHITE,ziyadnz/hourly-ipv4,ziyadnz|hourly,2026-08-17T18:48:05Z,2026-08-17T18:48:05Z,
8.129.31.161,ipv4,malicious-ip,medium,WHITE,ziyadnz/hourly-ipv4,ziyadnz|hourly,2026-08-17T18:48:05Z,2026-08-17T18:48:05Z,
8.130.115.49,ipv4,malicious-ip,medium,WHITE,ziyadnz/hourly-ipv4,ziyadnz|hourly,2026-08-17T18:48:05Z,2026-08-17T18:48:05Z,
8.130.119.69,ipv4,malicious-ip,medium,WHITE,ziyadnz/hourly-ipv4,ziyadnz|hourly,2026-08-17T18:48:05Z,2026-08-17T18:48:05Z,
8.130.123.210,ipv4,malicious-ip,medium,WHITE,ziyadnz/hourly-ipv4,ziyadnz|hourly,2026-08-17T18:48:05Z,2026-08-17T18:48:05Z,
8.130.128.95,ipv4,malicious-ip,medium,WHITE,ziyadnz/hourly-ipv4,ziyadnz|hourly,2026-08-17T18:48:05Z,2026-08-17T18:48:05Z,
8.130.134.136,ipv4,malicious-ip,medium,WHITE,ziyadnz/hourly-ipv4,ziyadnz|hourly,2026-08-17T18:48:05Z,2026-08-17T18:48:05Z,
8.130.142.55,ipv4,malicious-ip,medium,WHITE,ziyadnz/hourly-ipv4,ziyadnz|hourly,2026-08-17T18:48:05Z,2026-08-17T18:48:05Z,
8.130.144.55,ipv4,malicious-ip,medium,WHITE,ziyadnz/hourly-ipv4,ziyadnz|hourly,2026-08-17T18:48:05Z,2026-08-17T18:48:05Z,
8.130.148.107,ipv4,malicious-ip,medium,WHITE,ziyadnz/hourly-ipv4,ziyadnz|hourly,2026-08-17T18:48:05Z,2026-08-17T18:48:05Z,
8.130.148.249,ipv4,malicious-ip,medium,WHITE,ziyadnz/hourly-ipv4,ziyadnz|hourly,2026-08-17T18:48:05Z,2026-08-17T18:48:05Z,
8.130.149.236,ipv4,malicious-ip,medium,WHITE,ziyadnz/hourly-ipv4,ziyadnz|hourly,2026-08-17T18:48:05Z,2026-08-17T18:48:05Z,
8.130.150.26,ipv4,malicious-ip,medium,WHITE,ziyadnz/hourly-ipv4,ziyadnz|hourly,2026-08-17T18:48:05Z,2026-08-17T18:48:05Z,
8.130.161.237,ipv4,malicious-ip,medium,WHITE,ziyadnz/hourly-ipv4,ziyadnz|hourly,2026-08-17T18:48:05Z,2026-08-17T18:48:05Z,
8.130.162.16,ipv4,malicious-ip,medium,WHITE,ziyadnz/hourly-ipv4,ziyadnz|hourly,2026-08-17T18:48:05Z,2026-08-17T18:48:05Z,
8.130.214.232,ipv4,malicious-ip,medium,WHITE,ziyadnz/hourly-ipv4,ziyadnz|hourly,2026-08-17T18:48:05Z,2026-08-17T18:48:05Z,
8.130.49.209,ipv4,malicious-ip,medium,WHITE,ziyadnz/hourly-ipv4,ziyadnz|hourly,2026-08-17T18:48:05Z,2026-08-17T18:48:05Z,
8.130.50.191,ipv4,malicious-ip,medium,WHITE,ziyadnz/hourly-ipv4,ziyadnz|hourly,2026-08-17T18:48:05Z,2026-08-17T18:48:05Z,
8.130.64.172,ipv4,malicious-ip,medium,WHITE,ziyadnz/hourly-ipv4,ziyadnz|hourly,2026-08-17T18:48:05Z,2026-08-17T18:48:05Z,
8.130.72.40,ipv4,malicious-ip,medium,WHITE,ziyadnz/hourly-ipv4,ziyadnz|hourly,2026-08-17T18:48:05Z,2026-08-17T18:48:05Z,
8.130.87.195,ipv4,malicious-ip,medium,WHITE,ziyadnz/hourly-ipv4,ziyadnz|hourly,2026-08-17T18:48:05Z,2026-08-17T18:48:05Z,
8.133.20.44,ipv4,malicious-ip,medium,WHITE,ziyadnz/hourly-ipv4,ziyadnz|hourly,2026-08-17T18:48:05Z,2026-08-17T18:48:05Z,
8.134.112.34,ipv4,malicious-ip,medium,WHITE,ziyadnz/hourly-ipv4,ziyadnz|hourly,2026-08-17T18:48:05Z,2026-08-17T18:48:05Z,
8.134.122.94,ipv4,malicious-ip,medium,WHITE,ziyadnz/hourly-ipv4,ziyadnz|hourly,2026-08-17T18:48:05Z,2026-08-17T18:48:05Z,
8.134.124.8,ipv4,malicious-ip,medium,WHITE,ziyadnz/hourly-ipv4,ziyadnz|hourly,2026-08-17T18:48:05Z,2026-08-17T18:48:05Z,
8.134.129.191,ipv4,malicious-ip,medium,WHITE,ziyadnz/hourly-ipv4,ziyadnz|hourly,2026-08-17T18:48:05Z,2026-08-17T18:48:05Z,
8.134.157.132,ipv4,malicious-ip,medium,WHITE,ziyadnz/hourly-ipv4,ziyadnz|hourly,2026-08-17T18:48:05Z,2026-08-17T18:48:05Z,
8.134.170.118,ipv4,malicious-ip,medium,WHITE,ziyadnz/hourly-ipv4,ziyadnz|hourly,2026-08-17T18:48:05Z,2026-08-17T18:48:05Z,
8.134.173.232,ipv4,malicious-ip,medium,WHITE,ziyadnz/hourly-ipv4,ziyadnz|hourly,2026-08-17T18:48:05Z,2026-08-17T18:48:05Z,
8.134.188.179,ipv4,malicious-ip,medium,WHITE,ziyadnz/hourly-ipv4,ziyadnz|hourly,2026-08-17T18:48:05Z,2026-08-17T18:48:05Z,
8.134.214.37,ipv4,malicious-ip,medium,WHITE,ziyadnz/hourly-ipv4,ziyadnz|hourly,2026-08-17T18:48:05Z,2026-08-17T18:48:05Z,
8.134.218.77,ipv4,malicious-ip,medium,WHITE,ziyadnz/hourly-ipv4,ziyadnz|hourly,2026-08-17T18:48:05Z,2026-08-17T18:48:05Z,
8.134.238.1,ipv4,malicious-ip,medium,WHITE,ziyadnz/hourly-ipv4,ziyadnz|hourly,2026-08-17T18:48:05Z,2026-08-17T18:48:05Z,
8.134.38.231,ipv4,malicious-ip,medium,WHITE,ziyadnz/hourly-ipv4,ziyadnz|hourly,2026-08-17T18:48:05Z,2026-08-17T18:48:05Z,
8.134.85.221,ipv4,malicious-ip,medium,WHITE,ziyadnz/hourly-ipv4,ziyadnz|hourly,2026-08-17T18:48:05Z,2026-08-17T18:48:05Z,
8.135.10.99,ipv4,malicious-ip,medium,WHITE,ziyadnz/hourly-ipv4,ziyadnz|hourly,2026-08-17T18:48:05Z,2026-08-17T18:48:05Z,
8.135.238.47,ipv4,malicious-ip,medium,WHITE,ziyadnz/hourly-ipv4,ziyadnz|hourly,2026-08-17T18:48:05Z,2026-08-17T18:48:05Z,
8.135.29.109,ipv4,malicious-ip,medium,WHITE,ziyadnz/hourly-ipv4,ziyadnz|hourly,2026-08-17T18:48:05Z,2026-08-17T18:48:05Z,
8.135.36.47,ipv4,malicious-ip,medium,WHITE,ziyadnz/hourly-ipv4,ziyadnz|hourly,2026-08-17T18:48:05Z,2026-08-17T18:48:05Z,
8.135.39.77,ipv4,malicious-ip,medium,WHITE,ziyadnz/hourly-ipv4,ziyadnz|hourly,2026-08-17T18:48:05Z,2026-08-17T18:48:05Z,
8.136.126.42,ipv4,malicious-ip,medium,WHITE,ziyadnz/hourly-ipv4,ziyadnz|hourly,2026-08-17T18:48:05Z,2026-08-17T18:48:05Z,
8.136.127.153,ipv4,malicious-ip,medium,WHITE,ziyadnz/hourly-ipv4,ziyadnz|hourly,2026-08-17T18:48:05Z,2026-08-17T18:48:05Z,
8.136.128.232,ipv4,malicious-ip,medium,WHITE,ziyadnz/hourly-ipv4,ziyadnz|hourly,2026-08-17T18:48:05Z,2026-08-17T18:48:05Z,
8.136.149.42,ipv4,malicious-ip,medium,WHITE,ziyadnz/hourly-ipv4,ziyadnz|hourly,2026-08-17T18:48:05Z,2026-08-17T18:48:05Z,
8.136.152.134,ipv4,malicious-ip,medium,WHITE,ziyadnz/hourly-ipv4,ziyadnz|hourly,2026-08-17T18:48:05Z,2026-08-17T18:48:05Z,
8.136.187.42,ipv4,malicious-ip,medium,WHITE,ziyadnz/hourly-ipv4,ziyadnz|hourly,2026-08-17T18:48:05Z,2026-08-17T18:48:05Z,
8.136.19.244,ipv4,malicious-ip,medium,WHITE,ziyadnz/hourly-ipv4,ziyadnz|hourly,2026-08-17T18:48:05Z,2026-08-17T18:48:05Z,
8.136.199.96,ipv4,malicious-ip,medium,WHITE,ziyadnz/hourly-ipv4,ziyadnz|hourly,2026-08-17T18:48:05Z,2026-08-17T18:48:05Z,
8.136.211.31,ipv4,malicious-ip,medium,WHITE,ziyadnz/hourly-ipv4,ziyadnz|hourly,2026-08-17T18:48:05Z,2026-08-17T18:48:05Z,
8.136.223.13,ipv4,malicious-ip,medium,WHITE,ziyadnz/hourly-ipv4,ziyadnz|hourly,2026-08-17T18:48:05Z,2026-08-17T18:48:05Z,
8.136.45.84,ipv4,malicious-ip,medium,WHITE,ziyadnz/hourly-ipv4,ziyadnz|hourly,2026-08-17T18:48:05Z,2026-08-17T18:48:05Z,
8.137.106.77,ipv4,malicious-ip,medium,WHITE,ziyadnz/hourly-ipv4,ziyadnz|hourly,2026-08-17T18:48:05Z,2026-08-17T18:48:05Z,
8.137.112.245,ipv4,malicious-ip,medium,WHITE,ziyadnz/hourly-ipv4,ziyadnz|hourly,2026-08-17T18:48:05Z,2026-08-17T18:48:05Z,
8.137.150.84,ipv4,malicious-ip,medium,WHITE,ziyadnz/hourly-ipv4,ziyadnz|hourly,2026-08-17T18:48:05Z,2026-08-17T18:48:05Z,
8.137.167.190,ipv4,malicious-ip,medium,WHITE,ziyadnz/hourly-ipv4,ziyadnz|hourly,2026-08-17T18:48:05Z,2026-08-17T18:48:05Z,
8.137.182.71,ipv4,malicious-ip,medium,WHITE,ziyadnz/hourly-ipv4,ziyadnz|hourly,2026-08-17T18:48:05Z,2026-08-17T18:48:05Z,
8.137.90.131,ipv4,malicious-ip,medium,WHITE,ziyadnz/hourly-ipv4,ziyadnz|hourly,2026-08-17T18:48:05Z,2026-08-17T18:48:05Z,
8.138.102.71,ipv4,malicious-ip,medium,WHITE,ziyadnz/hourly-ipv4,ziyadnz|hourly,2026-08-17T18:48:05Z,2026-08-17T18:48:05Z,
8.138.106.198,ipv4,malicious-ip,medium,WHITE,ziyadnz/hourly-ipv4,ziyadnz|hourly,2026-08-17T18:48:05Z,2026-08-17T18:48:05Z,
8.138.112.252,ipv4,malicious-ip,medium,WHITE,ziyadnz/hourly-ipv4,ziyadnz|hourly,2026-08-17T18:48:05Z,2026-08-17T18:48:05Z,
8.138.128.98,ipv4,malicious-ip,medium,WHITE,ziyadnz/hourly-ipv4,ziyadnz|hourly,2026-08-17T18:48:05Z,2026-08-17T18:48:05Z,
8.138.131.26,ipv4,malicious-ip,medium,WHITE,ziyadnz/hourly-ipv4,ziyadnz|hourly,2026-08-17T18:48:05Z,2026-08-17T18:48:05Z,
8.138.161.233,ipv4,malicious-ip,medium,WHITE,ziyadnz/hourly-ipv4,ziyadnz|hourly,2026-08-17T18:48:05Z,2026-08-17T18:48:05Z,
8.138.162.211,ipv4,malicious-ip,medium,WHITE,ziyadnz/hourly-ipv4,ziyadnz|hourly,2026-08-17T18:48:05Z,2026-08-17T18:48:05Z,
8.138.19.119,ipv4,malicious-ip,medium,WHITE,ziyadnz/hourly-ipv4,ziyadnz|hourly,2026-08-17T18:48:05Z,2026-08-17T18:48:05Z,
8.138.206.114,ipv4,malicious-ip,medium,WHITE,ziyadnz/hourly-ipv4,ziyadnz|hourly,2026-08-17T18:48:05Z,2026-08-17T18:48:05Z,
8.138.207.129,ipv4,malicious-ip,medium,WHITE,ziyadnz/hourly-ipv4,ziyadnz|hourly,2026-08-17T18:48:05Z,2026-08-17T18:48:05Z,
8.138.219.22,ipv4,malicious-ip,medium,WHITE,ziyadnz/hourly-ipv4,ziyadnz|hourly,2026-08-17T18:48:05Z,2026-08-17T18:48:05Z,
8.138.221.210,ipv4,malicious-ip,medium,WHITE,ziyadnz/hourly-ipv4,ziyadnz|hourly,2026-08-17T18:48:05Z,2026-08-17T18:48:05Z,
8.138.225.215,ipv4,malicious-ip,medium,WHITE,ziyadnz/hourly-ipv4,ziyadnz|hourly,2026-08-17T18:48:05Z,2026-08-17T18:48:05Z,
8.138.23.255,ipv4,malicious-ip,medium,WHITE,ziyadnz/hourly-ipv4,ziyadnz|hourly,2026-08-17T18:48:05Z,2026-08-17T18:48:05Z,
8.138.231.213,ipv4,malicious-ip,medium,WHITE,ziyadnz/hourly-ipv4,ziyadnz|hourly,2026-08-17T18:48:05Z,2026-08-17T18:48:05Z,
8.138.35.173,ipv4,malicious-ip,medium,WHITE,ziyadnz/hourly-ipv4,ziyadnz|hourly,2026-08-17T18:48:05Z,2026-08-17T18:48:05Z,
8.138.81.148,ipv4,malicious-ip,medium,WHITE,ziyadnz/hourly-ipv4,ziyadnz|hourly,2026-08-17T18:48:05Z,2026-08-17T18:48:05Z,
8.138.85.185,ipv4,malicious-ip,medium,WHITE,ziyadnz/hourly-ipv4,ziyadnz|hourly,2026-08-17T18:48:05Z,2026-08-17T18:48:05Z,
8.140.211.73,ipv4,malicious-ip,medium,WHITE,ziyadnz/hourly-ipv4,ziyadnz|hourly,2026-08-17T18:48:05Z,2026-08-17T18:48:05Z,
8.140.225.151,ipv4,malicious-ip,medium,WHITE,ziyadnz/hourly-ipv4,ziyadnz|hourly,2026-08-17T18:48:05Z,2026-08-17T18:48:05Z,
8.140.39.11,ipv4,malicious-ip,medium,WHITE,ziyadnz/hourly-ipv4,ziyadnz|hourly,2026-08-17T18:48:05Z,2026-08-17T18:48:05Z,
8.140.62.166,ipv4,malicious-ip,medium,WHITE,ziyadnz/hourly-ipv4,ziyadnz|hourly,2026-08-17T18:48:05Z,2026-08-17T18:48:05Z,
8.141.100.166,ipv4,malicious-ip,medium,WHITE,ziyadnz/hourly-ipv4,ziyadnz|hourly,2026-08-17T18:48:05Z,2026-08-17T18:48:05Z,
8.141.116.106,ipv4,malicious-ip,medium,WHITE,ziyadnz/hourly-ipv4,ziyadnz|hourly,2026-08-17T18:48:05Z,2026-08-17T18:48:05Z,
8.141.116.175,ipv4,malicious-ip,medium,WHITE,ziyadnz/hourly-ipv4,ziyadnz|hourly,2026-08-17T18:48:05Z,2026-08-17T18:48:05Z,
8.141.62.240,ipv4,malicious-ip,medium,WHITE,ziyadnz/hourly-ipv4,ziyadnz|hourly,2026-08-17T18:48:05Z,2026-08-17T18:48:05Z,
8.142.178.141,ipv4,malicious-ip,medium,WHITE,ziyadnz/hourly-ipv4,ziyadnz|hourly,2026-08-17T18:48:05Z,2026-08-17T18:48:05Z,
8.145.37.192,ipv4,malicious-ip,medium,WHITE,ziyadnz/hourly-ipv4,ziyadnz|hourly,2026-08-17T18:48:05Z,2026-08-17T18:48:05Z,
8.145.56.130,ipv4,malicious-ip,medium,WHITE,ziyadnz/hourly-ipv4,ziyadnz|hourly,2026-08-17T18:48:05Z,2026-08-17T18:48:05Z,
8.146.201.206,ipv4,malicious-ip,medium,WHITE,ziyadnz/hourly-ipv4,ziyadnz|hourly,2026-08-17T18:48:05Z,2026-08-17T18:48:05Z,
8.146.208.74,ipv4,malicious-ip,medium,WHITE,ziyadnz/hourly-ipv4,ziyadnz|hourly,2026-08-17T18:48:05Z,2026-08-17T18:48:05Z,
8.146.227.59,ipv4,malicious-ip,medium,WHITE,ziyadnz/hourly-ipv4,ziyadnz|hourly,2026-08-17T18:48:05Z,2026-08-17T18:48:05Z,
8.147.128.130,ipv4,malicious-ip,medium,WHITE,ziyadnz/hourly-ipv4,ziyadnz|hourly,2026-08-17T18:48:05Z,2026-08-17T18:48:05Z,
8.147.64.214,ipv4,malicious-ip,medium,WHITE,ziyadnz/hourly-ipv4,ziyadnz|hourly,2026-08-17T18:48:05Z,2026-08-17T18:48:05Z,
8.148.14.210,ipv4,malicious-ip,medium,WHITE,ziyadnz/hourly-ipv4,ziyadnz|hourly,2026-08-17T18:48:05Z,2026-08-17T18:48:05Z,
8.148.149.161,ipv4,malicious-ip,medium,WHITE,ziyadnz/hourly-ipv4,ziyadnz|hourly,2026-08-17T18:48:05Z,2026-08-17T18:48:05Z,
8.148.152.143,ipv4,malicious-ip,medium,WHITE,ziyadnz/hourly-ipv4,ziyadnz|hourly,2026-08-17T18:48:05Z,2026-08-17T18:48:05Z,
8.148.180.11,ipv4,malicious-ip,medium,WHITE,ziyadnz/hourly-ipv4,ziyadnz|hourly,2026-08-17T18:48:05Z,2026-08-17T18:48:05Z,
8.148.185.187,ipv4,malicious-ip,medium,WHITE,ziyadnz/hourly-ipv4,ziyadnz|hourly,2026-08-17T18:48:05Z,2026-08-17T18:48:05Z,
8.148.196.134,ipv4,malicious-ip,medium,WHITE,ziyadnz/hourly-ipv4,ziyadnz|hourly,2026-08-17T18:48:05Z,2026-08-17T18:48:05Z,
8.148.196.80,ipv4,malicious-ip,medium,WHITE,ziyadnz/hourly-ipv4,ziyadnz|hourly,2026-08-17T18:48:05Z,2026-08-17T18:48:05Z,
8.148.200.68,ipv4,malicious-ip,medium,WHITE,ziyadnz/hourly-ipv4,ziyadnz|hourly,2026-08-17T18:48:05Z,2026-08-17T18:48:05Z,
8.148.232.247,ipv4,malicious-ip,medium,WHITE,ziyadnz/hourly-ipv4,ziyadnz|hourly,2026-08-17T18:48:05Z,2026-08-17T18:48:05Z,
8.148.241.176,ipv4,malicious-ip,medium,WHITE,ziyadnz/hourly-ipv4,ziyadnz|hourly,2026-08-17T18:48:05Z,2026-08-17T18:48:05Z,
8.148.31.181,ipv4,malicious-ip,medium,WHITE,ziyadnz/hourly-ipv4,ziyadnz|hourly,2026-08-17T18:48:05Z,2026-08-17T18:48:05Z,
8.148.64.170,ipv4,malicious-ip,medium,WHITE,ziyadnz/hourly-ipv4,ziyadnz|hourly,2026-08-17T18:48:05Z,2026-08-17T18:48:05Z,
8.148.75.14,ipv4,malicious-ip,medium,WHITE,ziyadnz/hourly-ipv4,ziyadnz|hourly,2026-08-17T18:48:05Z,2026-08-17T18:48:05Z,
8.148.9.47,ipv4,malicious-ip,medium,WHITE,ziyadnz/hourly-ipv4,ziyadnz|hourly,2026-08-17T18:48:05Z,2026-08-17T18:48:05Z,
8.149.128.10,ipv4,malicious-ip,medium,WHITE,ziyadnz/hourly-ipv4,ziyadnz|hourly,2026-08-17T18:48:05Z,2026-08-17T18:48:05Z,
8.15.189.84,ipv4,malicious-ip,medium,WHITE,ziyadnz/hourly-ipv4,ziyadnz|hourly,2026-08-17T18:48:05Z,2026-08-17T18:48:05Z,
8.152.163.60,ipv4,malicious-ip,medium,WHITE,ziyadnz/hourly-ipv4,ziyadnz|hourly,2026-08-17T18:48:05Z,2026-08-17T18:48:05Z,
8.152.169.195,ipv4,malicious-ip,medium,WHITE,ziyadnz/hourly-ipv4,ziyadnz|hourly,2026-08-17T18:48:05Z,2026-08-17T18:48:05Z,
8.152.171.185,ipv4,malicious-ip,medium,WHITE,ziyadnz/hourly-ipv4,ziyadnz|hourly,2026-08-17T18:48:05Z,2026-08-17T18:48:05Z,
8.152.196.148,ipv4,malicious-ip,medium,WHITE,ziyadnz/hourly-ipv4,ziyadnz|hourly,2026-08-17T18:48:05Z,2026-08-17T18:48:05Z,
8.152.199.3,ipv4,malicious-ip,medium,WHITE,ziyadnz/hourly-ipv4,ziyadnz|hourly,2026-08-17T18:48:05Z,2026-08-17T18:48:05Z,
8.152.208.123,ipv4,malicious-ip,medium,WHITE,ziyadnz/hourly-ipv4,ziyadnz|hourly,2026-08-17T18:48:05Z,2026-08-17T18:48:05Z,
8.152.99.203,ipv4,malicious-ip,medium,WHITE,ziyadnz/hourly-ipv4,ziyadnz|hourly,2026-08-17T18:48:05Z,2026-08-17T18:48:05Z,
8.153.144.72,ipv4,malicious-ip,medium,WHITE,ziyadnz/hourly-ipv4,ziyadnz|hourly,2026-08-17T18:48:05Z,2026-08-17T18:48:05Z,
8.153.207.91,ipv4,malicious-ip,medium,WHITE,ziyadnz/hourly-ipv4,ziyadnz|hourly,2026-08-17T18:48:05Z,2026-08-17T18:48:05Z,
8.154.0.104,ipv4,malicious-ip,medium,WHITE,ziyadnz/hourly-ipv4,ziyadnz|hourly,2026-08-17T18:48:05Z,2026-08-17T18:48:05Z,
8.154.1.148,ipv4,malicious-ip,medium,WHITE,ziyadnz/hourly-ipv4,ziyadnz|hourly,2026-08-17T18:48:05Z,2026-08-17T18:48:05Z,
8.154.2.19,ipv4,malicious-ip,medium,WHITE,ziyadnz/hourly-ipv4,ziyadnz|hourly,2026-08-17T18:48:05Z,2026-08-17T18:48:05Z,
8.154.2.217,ipv4,malicious-ip,medium,WHITE,ziyadnz/hourly-ipv4,ziyadnz|hourly,2026-08-17T18:48:05Z,2026-08-17T18:48:05Z,
8.155.38.142,ipv4,malicious-ip,medium,WHITE,ziyadnz/hourly-ipv4,ziyadnz|hourly,2026-08-17T18:48:05Z,2026-08-17T18:48:05Z,
8.155.44.108,ipv4,malicious-ip,medium,WHITE,ziyadnz/hourly-ipv4,ziyadnz|hourly,2026-08-17T18:48:05Z,2026-08-17T18:48:05Z,
8.155.60.13,ipv4,malicious-ip,medium,WHITE,ziyadnz/hourly-ipv4,ziyadnz|hourly,2026-08-17T18:48:05Z,2026-08-17T18:48:05Z,
8.159.149.123,ipv4,malicious-ip,medium,WHITE,ziyadnz/hourly-ipv4,ziyadnz|hourly,2026-08-17T18:48:05Z,2026-08-17T18:48:05Z,
8.160.179.225,ipv4,malicious-ip,medium,WHITE,ziyadnz/hourly-ipv4,ziyadnz|hourly,2026-08-17T18:48:05Z,2026-08-17T18:48:05Z,
8.160.187.214,ipv4,malicious-ip,medium,WHITE,ziyadnz/hourly-ipv4,ziyadnz|hourly,2026-08-17T18:48:05Z,2026-08-17T18:48:05Z,
8.162.13.62,ipv4,malicious-ip,medium,WHITE,ziyadnz/hourly-ipv4,ziyadnz|hourly,2026-08-17T18:48:05Z,2026-08-17T18:48:05Z,
8.163.118.93,ipv4,malicious-ip,medium,WHITE,ziyadnz/hourly-ipv4,ziyadnz|hourly,2026-08-17T18:48:05Z,2026-08-17T18:48:05Z,
8.163.14.117,ipv4,malicious-ip,medium,WHITE,ziyadnz/hourly-ipv4,ziyadnz|hourly,2026-08-17T18:48:05Z,2026-08-17T18:48:05Z,
8.163.15.89,ipv4,malicious-ip,medium,WHITE,ziyadnz/hourly-ipv4,ziyadnz|hourly,2026-08-17T18:48:05Z,2026-08-17T18:48:05Z,
8.163.47.202,ipv4,malicious-ip,medium,WHITE,ziyadnz/hourly-ipv4,ziyadnz|hourly,2026-08-17T18:48:05Z,2026-08-17T18:48:05Z,
8.163.77.85,ipv4,malicious-ip,medium,WHITE,ziyadnz/hourly-ipv4,ziyadnz|hourly,2026-08-17T18:48:05Z,2026-08-17T18:48:05Z,
8.163.83.85,ipv4,malicious-ip,medium,WHITE,ziyadnz/hourly-ipv4,ziyadnz|hourly,2026-08-17T18:48:05Z,2026-08-17T18:48:05Z,
8.163.99.213,ipv4,malicious-ip,medium,WHITE,ziyadnz/hourly-ipv4,ziyadnz|hourly,2026-08-17T18:48:05Z,2026-08-17T18:48:05Z,
8.166.134.51,ipv4,malicious-ip,medium,WHITE,ziyadnz/hourly-ipv4,ziyadnz|hourly,2026-08-17T18:48:05Z,2026-08-17T18:48:05Z,
8.166.135.250,ipv4,malicious-ip,medium,WHITE,ziyadnz/hourly-ipv4,ziyadnz|hourly,2026-08-17T18:48:05Z,2026-08-17T18:48:05Z,
8.2.184.171,ipv4,malicious-ip,medium,WHITE,ziyadnz/hourly-ipv4,ziyadnz|hourly,2026-08-17T18:48:05Z,2026-08-17T18:48:05Z,
8.208.10.94,ipv4,malicious-ip,medium,WHITE,ziyadnz/hourly-ipv4,ziyadnz|hourly,2026-08-17T18:48:05Z,2026-08-17T18:48:05Z,
8.208.16.103,ipv4,malicious-ip,medium,WHITE,ziyadnz/hourly-ipv4,ziyadnz|hourly,2026-08-17T18:48:05Z,2026-08-17T18:48:05Z,
8.208.21.76,ipv4,malicious-ip,medium,WHITE,ziyadnz/hourly-ipv4,ziyadnz|hourly,2026-08-17T18:48:05Z,2026-08-17T18:48:05Z,
8.208.3.112,ipv4,malicious-ip,medium,WHITE,ziyadnz/hourly-ipv4,ziyadnz|hourly,2026-08-17T18:48:05Z,2026-08-17T18:48:05Z,
8.208.79.190,ipv4,malicious-ip,medium,WHITE,ziyadnz/hourly-ipv4,ziyadnz|hourly,2026-08-17T18:48:05Z,2026-08-17T18:48:05Z,
8.209.100.130,ipv4,malicious-ip,medium,WHITE,ziyadnz/hourly-ipv4,ziyadnz|hourly,2026-08-17T18:48:05Z,2026-08-17T18:48:05Z,
8.209.100.85,ipv4,malicious-ip,medium,WHITE,ziyadnz/hourly-ipv4,ziyadnz|hourly,2026-08-17T18:48:05Z,2026-08-17T18:48:05Z,
8.209.101.146,ipv4,malicious-ip,medium,WHITE,ziyadnz/hourly-ipv4,ziyadnz|hourly,2026-08-17T18:48:05Z,2026-08-17T18:48:05Z,
8.209.101.19,ipv4,malicious-ip,medium,WHITE,ziyadnz/hourly-ipv4,ziyadnz|hourly,2026-08-17T18:48:05Z,2026-08-17T18:48:05Z,
8.209.101.209,ipv4,malicious-ip,medium,WHITE,ziyadnz/hourly-ipv4,ziyadnz|hourly,2026-08-17T18:48:05Z,2026-08-17T18:48:05Z,
8.209.101.33,ipv4,malicious-ip,medium,WHITE,ziyadnz/hourly-ipv4,ziyadnz|hourly,2026-08-17T18:48:05Z,2026-08-17T18:48:05Z,
8.209.102.92,ipv4,malicious-ip,medium,WHITE,ziyadnz/hourly-ipv4,ziyadnz|hourly,2026-08-17T18:48:05Z,2026-08-17T18:48:05Z,
8.209.105.49,ipv4,malicious-ip,medium,WHITE,ziyadnz/hourly-ipv4,ziyadnz|hourly,2026-08-17T18:48:05Z,2026-08-17T18:48:05Z,
8.209.106.188,ipv4,malicious-ip,medium,WHITE,ziyadnz/hourly-ipv4,ziyadnz|hourly,2026-08-17T18:48:05Z,2026-08-17T18:48:05Z,
8.209.107.133,ipv4,malicious-ip,medium,WHITE,ziyadnz/hourly-ipv4,ziyadnz|hourly,2026-08-17T18:48:05Z,2026-08-17T18:48:05Z,
8.209.107.224,ipv4,malicious-ip,medium,WHITE,ziyadnz/hourly-ipv4,ziyadnz|hourly,2026-08-17T18:48:05Z,2026-08-17T18:48:05Z,
8.209.107.26,ipv4,malicious-ip,medium,WHITE,ziyadnz/hourly-ipv4,ziyadnz|hourly,2026-08-17T18:48:05Z,2026-08-17T18:48:05Z,
8.209.108.30,ipv4,malicious-ip,medium,WHITE,ziyadnz/hourly-ipv4,ziyadnz|hourly,2026-08-17T18:48:05Z,2026-08-17T18:48:05Z,
8.209.108.9,ipv4,malicious-ip,medium,WHITE,ziyadnz/hourly-ipv4,ziyadnz|hourly,2026-08-17T18:48:05Z,2026-08-17T18:48:05Z,
8.209.109.4,ipv4,malicious-ip,medium,WHITE,ziyadnz/hourly-ipv4,ziyadnz|hourly,2026-08-17T18:48:05Z,2026-08-17T18:48:05Z,
8.209.109.77,ipv4,malicious-ip,medium,WHITE,ziyadnz/hourly-ipv4,ziyadnz|hourly,2026-08-17T18:48:05Z,2026-08-17T18:48:05Z,
8.209.110.18,ipv4,malicious-ip,medium,WHITE,ziyadnz/hourly-ipv4,ziyadnz|hourly,2026-08-17T18:48:05Z,2026-08-17T18:48:05Z,
8.209.110.240,ipv4,malicious-ip,medium,WHITE,ziyadnz/hourly-ipv4,ziyadnz|hourly,2026-08-17T18:48:05Z,2026-08-17T18:48:05Z,
8.209.111.212,ipv4,malicious-ip,medium,WHITE,ziyadnz/hourly-ipv4,ziyadnz|hourly,2026-08-17T18:48:05Z,2026-08-17T18:48:05Z,
8.209.111.227,ipv4,malicious-ip,medium,WHITE,ziyadnz/hourly-ipv4,ziyadnz|hourly,2026-08-17T18:48:05Z,2026-08-17T18:48:05Z,
8.209.112.160,ipv4,malicious-ip,medium,WHITE,ziyadnz/hourly-ipv4,ziyadnz|hourly,2026-08-17T18:48:05Z,2026-08-17T18:48:05Z,
8.209.112.87,ipv4,malicious-ip,medium,WHITE,ziyadnz/hourly-ipv4,ziyadnz|hourly,2026-08-17T18:48:05Z,2026-08-17T18:48:05Z,
8.209.113.102,ipv4,malicious-ip,medium,WHITE,ziyadnz/hourly-ipv4,ziyadnz|hourly,2026-08-17T18:48:05Z,2026-08-17T18:48:05Z,
8.209.114.206,ipv4,malicious-ip,medium,WHITE,ziyadnz/hourly-ipv4,ziyadnz|hourly,2026-08-17T18:48:05Z,2026-08-17T18:48:05Z,
8.209.114.226,ipv4,malicious-ip,medium,WHITE,ziyadnz/hourly-ipv4,ziyadnz|hourly,2026-08-17T18:48:05Z,2026-08-17T18:48:05Z,
8.209.114.67,ipv4,malicious-ip,medium,WHITE,ziyadnz/hourly-ipv4,ziyadnz|hourly,2026-08-17T18:48:05Z,2026-08-17T18:48:05Z,
8.209.115.1,ipv4,malicious-ip,medium,WHITE,ziyadnz/hourly-ipv4,ziyadnz|hourly,2026-08-17T18:48:05Z,2026-08-17T18:48:05Z,
8.209.115.19,ipv4,malicious-ip,medium,WHITE,ziyadnz/hourly-ipv4,ziyadnz|hourly,2026-08-17T18:48:05Z,2026-08-17T18:48:05Z,
8.209.115.54,ipv4,malicious-ip,medium,WHITE,ziyadnz/hourly-ipv4,ziyadnz|hourly,2026-08-17T18:48:05Z,2026-08-17T18:48:05Z,
8.209.116.113,ipv4,malicious-ip,medium,WHITE,ziyadnz/hourly-ipv4,ziyadnz|hourly,2026-08-17T18:48:05Z,2026-08-17T18:48:05Z,
8.209.116.242,ipv4,malicious-ip,medium,WHITE,ziyadnz/hourly-ipv4,ziyadnz|hourly,2026-08-17T18:48:05Z,2026-08-17T18:48:05Z,
8.209.116.61,ipv4,malicious-ip,medium,WHITE,ziyadnz/hourly-ipv4,ziyadnz|hourly,2026-08-17T18:48:05Z,2026-08-17T18:48:05Z,
8.209.119.142,ipv4,malicious-ip,medium,WHITE,ziyadnz/hourly-ipv4,ziyadnz|hourly,2026-08-17T18:48:05Z,2026-08-17T18:48:05Z,
8.209.119.143,ipv4,malicious-ip,medium,WHITE,ziyadnz/hourly-ipv4,ziyadnz|hourly,2026-08-17T18:48:05Z,2026-08-17T18:48:05Z,
8.209.124.34,ipv4,malicious-ip,medium,WHITE,ziyadnz/hourly-ipv4,ziyadnz|hourly,2026-08-17T18:48:05Z,2026-08-17T18:48:05Z,
8.209.125.138,ipv4,malicious-ip,medium,WHITE,ziyadnz/hourly-ipv4,ziyadnz|hourly,2026-08-17T18:48:05Z,2026-08-17T18:48:05Z,
8.209.126.67,ipv4,malicious-ip,medium,WHITE,ziyadnz/hourly-ipv4,ziyadnz|hourly,2026-08-17T18:48:05Z,2026-08-17T18:48:05Z,
8.209.126.74,ipv4,malicious-ip,medium,WHITE,ziyadnz/hourly-ipv4,ziyadnz|hourly,2026-08-17T18:48:05Z,2026-08-17T18:48:05Z,
8.209.127.129,ipv4,malicious-ip,medium,WHITE,ziyadnz/hourly-ipv4,ziyadnz|hourly,2026-08-17T18:48:05Z,2026-08-17T18:48:05Z,
8.209.127.86,ipv4,malicious-ip,medium,WHITE,ziyadnz/hourly-ipv4,ziyadnz|hourly,2026-08-17T18:48:05Z,2026-08-17T18:48:05Z,
8.209.196.146,ipv4,malicious-ip,medium,WHITE,ziyadnz/hourly-ipv4,ziyadnz|hourly,2026-08-17T18:48:05Z,2026-08-17T18:48:05Z,
8.209.197.202,ipv4,malicious-ip,medium,WHITE,ziyadnz/hourly-ipv4,ziyadnz|hourly,2026-08-17T18:48:05Z,2026-08-17T18:48:05Z,
8.209.200.249,ipv4,malicious-ip,medium,WHITE,ziyadnz/hourly-ipv4,ziyadnz|hourly,2026-08-17T18:48:05Z,2026-08-17T18:48:05Z,
8.209.201.115,ipv4,malicious-ip,medium,WHITE,ziyadnz/hourly-ipv4,ziyadnz|hourly,2026-08-17T18:48:05Z,2026-08-17T18:48:05Z,
8.209.201.82,ipv4,malicious-ip,medium,WHITE,ziyadnz/hourly-ipv4,ziyadnz|hourly,2026-08-17T18:48:05Z,2026-08-17T18:48:05Z,
8.209.201.85,ipv4,malicious-ip,medium,WHITE,ziyadnz/hourly-ipv4,ziyadnz|hourly,2026-08-17T18:48:05Z,2026-08-17T18:48:05Z,
8.209.208.244,ipv4,malicious-ip,medium,WHITE,ziyadnz/hourly-ipv4,ziyadnz|hourly,2026-08-17T18:48:05Z,2026-08-17T18:48:05Z,
8.209.208.8,ipv4,malicious-ip,medium,WHITE,ziyadnz/hourly-ipv4,ziyadnz|hourly,2026-08-17T18:48:05Z,2026-08-17T18:48:05Z,
8.209.209.96,ipv4,malicious-ip,medium,WHITE,ziyadnz/hourly-ipv4,ziyadnz|hourly,2026-08-17T18:48:05Z,2026-08-17T18:48:05Z,
8.209.210.66,ipv4,malicious-ip,medium,WHITE,ziyadnz/hourly-ipv4,ziyadnz|hourly,2026-08-17T18:48:05Z,2026-08-17T18:48:05Z,
8.209.211.155,ipv4,malicious-ip,medium,WHITE,ziyadnz/hourly-ipv4,ziyadnz|hourly,2026-08-17T18:48:05Z,2026-08-17T18:48:05Z,
8.209.211.193,ipv4,malicious-ip,medium,WHITE,ziyadnz/hourly-ipv4,ziyadnz|hourly,2026-08-17T18:48:05Z,2026-08-17T18:48:05Z,
8.209.211.202,ipv4,malicious-ip,medium,WHITE,ziyadnz/hourly-ipv4,ziyadnz|hourly,2026-08-17T18:48:05Z,2026-08-17T18:48:05Z,
8.209.211.227,ipv4,malicious-ip,medium,WHITE,ziyadnz/hourly-ipv4,ziyadnz|hourly,2026-08-17T18:48:05Z,2026-08-17T18:48:05Z,
8.209.212.42,ipv4,malicious-ip,medium,WHITE,ziyadnz/hourly-ipv4,ziyadnz|hourly,2026-08-17T18:48:05Z,2026-08-17T18:48:05Z,
8.209.214.85,ipv4,malicious-ip,medium,WHITE,ziyadnz/hourly-ipv4,ziyadnz|hourly,2026-08-17T18:48:05Z,2026-08-17T18:48:05Z,
8.209.215.33,ipv4,malicious-ip,medium,WHITE,ziyadnz/hourly-ipv4,ziyadnz|hourly,2026-08-17T18:48:05Z,2026-08-17T18:48:05Z,
8.209.216.222,ipv4,malicious-ip,medium,WHITE,ziyadnz/hourly-ipv4,ziyadnz|hourly,2026-08-17T18:48:05Z,2026-08-17T18:48:05Z,
8.209.218.45,ipv4,malicious-ip,medium,WHITE,ziyadnz/hourly-ipv4,ziyadnz|hourly,2026-08-17T18:48:05Z,2026-08-17T18:48:05Z,
8.209.226.195,ipv4,malicious-ip,medium,WHITE,ziyadnz/hourly-ipv4,ziyadnz|hourly,2026-08-17T18:48:05Z,2026-08-17T18:48:05Z,
8.209.228.224,ipv4,malicious-ip,medium,WHITE,ziyadnz/hourly-ipv4,ziyadnz|hourly,2026-08-17T18:48:05Z,2026-08-17T18:48:05Z,
8.209.228.69,ipv4,malicious-ip,medium,WHITE,ziyadnz/hourly-ipv4,ziyadnz|hourly,2026-08-17T18:48:05Z,2026-08-17T18:48:05Z,
8.209.229.251,ipv4,malicious-ip,medium,WHITE,ziyadnz/hourly-ipv4,ziyadnz|hourly,2026-08-17T18:48:05Z,2026-08-17T18:48:05Z,
8.209.231.208,ipv4,malicious-ip,medium,WHITE,ziyadnz/hourly-ipv4,ziyadnz|hourly,2026-08-17T18:48:05Z,2026-08-17T18:48:05Z,
8.209.232.122,ipv4,malicious-ip,medium,WHITE,ziyadnz/hourly-ipv4,ziyadnz|hourly,2026-08-17T18:48:05Z,2026-08-17T18:48:05Z,
8.209.232.124,ipv4,malicious-ip,medium,WHITE,ziyadnz/hourly-ipv4,ziyadnz|hourly,2026-08-17T18:48:05Z,2026-08-17T18:48:05Z,
8.209.232.250,ipv4,malicious-ip,medium,WHITE,ziyadnz/hourly-ipv4,ziyadnz|hourly,2026-08-17T18:48:05Z,2026-08-17T18:48:05Z,
8.209.233.112,ipv4,malicious-ip,medium,WHITE,ziyadnz/hourly-ipv4,ziyadnz|hourly,2026-08-17T18:48:05Z,2026-08-17T18:48:05Z,
8.209.234.120,ipv4,malicious-ip,medium,WHITE,ziyadnz/hourly-ipv4,ziyadnz|hourly,2026-08-17T18:48:05Z,2026-08-17T18:48:05Z,
8.209.236.193,ipv4,malicious-ip,medium,WHITE,ziyadnz/hourly-ipv4,ziyadnz|hourly,2026-08-17T18:48:05Z,2026-08-17T18:48:05Z,
8.209.236.84,ipv4,malicious-ip,medium,WHITE,ziyadnz/hourly-ipv4,ziyadnz|hourly,2026-08-17T18:48:05Z,2026-08-17T18:48:05Z,
8.209.237.111,ipv4,malicious-ip,medium,WHITE,ziyadnz/hourly-ipv4,ziyadnz|hourly,2026-08-17T18:48:05Z,2026-08-17T18:48:05Z,
8.209.237.154,ipv4,malicious-ip,medium,WHITE,ziyadnz/hourly-ipv4,ziyadnz|hourly,2026-08-17T18:48:05Z,2026-08-17T18:48:05Z,
8.209.237.241,ipv4,malicious-ip,medium,WHITE,ziyadnz/hourly-ipv4,ziyadnz|hourly,2026-08-17T18:48:05Z,2026-08-17T18:48:05Z,
8.209.238.100,ipv4,malicious-ip,medium,WHITE,ziyadnz/hourly-ipv4,ziyadnz|hourly,2026-08-17T18:48:05Z,2026-08-17T18:48:05Z,
8.209.238.135,ipv4,malicious-ip,medium,WHITE,ziyadnz/hourly-ipv4,ziyadnz|hourly,2026-08-17T18:48:05Z,2026-08-17T18:48:05Z,
8.209.238.191,ipv4,malicious-ip,medium,WHITE,ziyadnz/hourly-ipv4,ziyadnz|hourly,2026-08-17T18:48:05Z,2026-08-17T18:48:05Z,
8.209.239.57,ipv4,malicious-ip,medium,WHITE,ziyadnz/hourly-ipv4,ziyadnz|hourly,2026-08-17T18:48:05Z,2026-08-17T18:48:05Z,
8.209.241.108,ipv4,malicious-ip,medium,WHITE,ziyadnz/hourly-ipv4,ziyadnz|hourly,2026-08-17T18:48:05Z,2026-08-17T18:48:05Z,
8.209.250.15,ipv4,malicious-ip,medium,WHITE,ziyadnz/hourly-ipv4,ziyadnz|hourly,2026-08-17T18:48:05Z,2026-08-17T18:48:05Z,
8.209.64.131,ipv4,malicious-ip,medium,WHITE,ziyadnz/hourly-ipv4,ziyadnz|hourly,2026-08-17T18:48:05Z,2026-08-17T18:48:05Z,
8.209.65.98,ipv4,malicious-ip,medium,WHITE,ziyadnz/hourly-ipv4,ziyadnz|hourly,2026-08-17T18:48:05Z,2026-08-17T18:48:05Z,
8.209.68.199,ipv4,malicious-ip,medium,WHITE,ziyadnz/hourly-ipv4,ziyadnz|hourly,2026-08-17T18:48:05Z,2026-08-17T18:48:05Z,
8.209.68.49,ipv4,malicious-ip,medium,WHITE,ziyadnz/hourly-ipv4,ziyadnz|hourly,2026-08-17T18:48:05Z,2026-08-17T18:48:05Z,
8.209.68.55,ipv4,malicious-ip,medium,WHITE,ziyadnz/hourly-ipv4,ziyadnz|hourly,2026-08-17T18:48:05Z,2026-08-17T18:48:05Z,
8.209.71.64,ipv4,malicious-ip,medium,WHITE,ziyadnz/hourly-ipv4,ziyadnz|hourly,2026-08-17T18:48:05Z,2026-08-17T18:48:05Z,
8.209.74.160,ipv4,malicious-ip,medium,WHITE,ziyadnz/hourly-ipv4,ziyadnz|hourly,2026-08-17T18:48:05Z,2026-08-17T18:48:05Z,
8.209.74.239,ipv4,malicious-ip,medium,WHITE,ziyadnz/hourly-ipv4,ziyadnz|hourly,2026-08-17T18:48:05Z,2026-08-17T18:48:05Z,
8.209.75.169,ipv4,malicious-ip,medium,WHITE,ziyadnz/hourly-ipv4,ziyadnz|hourly,2026-08-17T18:48:05Z,2026-08-17T18:48:05Z,
8.209.76.107,ipv4,malicious-ip,medium,WHITE,ziyadnz/hourly-ipv4,ziyadnz|hourly,2026-08-17T18:48:05Z,2026-08-17T18:48:05Z,
8.209.76.212,ipv4,malicious-ip,medium,WHITE,ziyadnz/hourly-ipv4,ziyadnz|hourly,2026-08-17T18:48:05Z,2026-08-17T18:48:05Z,
8.209.77.162,ipv4,malicious-ip,medium,WHITE,ziyadnz/hourly-ipv4,ziyadnz|hourly,2026-08-17T18:48:05Z,2026-08-17T18:48:05Z,
8.209.78.193,ipv4,malicious-ip,medium,WHITE,ziyadnz/hourly-ipv4,ziyadnz|hourly,2026-08-17T18:48:05Z,2026-08-17T18:48:05Z,
8.209.80.214,ipv4,malicious-ip,medium,WHITE,ziyadnz/hourly-ipv4,ziyadnz|hourly,2026-08-17T18:48:05Z,2026-08-17T18:48:05Z,
8.209.80.8,ipv4,malicious-ip,medium,WHITE,ziyadnz/hourly-ipv4,ziyadnz|hourly,2026-08-17T18:48:05Z,2026-08-17T18:48:05Z,
8.209.82.97,ipv4,malicious-ip,medium,WHITE,ziyadnz/hourly-ipv4,ziyadnz|hourly,2026-08-17T18:48:05Z,2026-08-17T18:48:05Z,
8.209.83.1,ipv4,malicious-ip,medium,WHITE,ziyadnz/hourly-ipv4,ziyadnz|hourly,2026-08-17T18:48:05Z,2026-08-17T18:48:05Z,
8.209.83.42,ipv4,malicious-ip,medium,WHITE,ziyadnz/hourly-ipv4,ziyadnz|hourly,2026-08-17T18:48:05Z,2026-08-17T18:48:05Z,
8.209.83.9,ipv4,malicious-ip,medium,WHITE,ziyadnz/hourly-ipv4,ziyadnz|hourly,2026-08-17T18:48:05Z,2026-08-17T18:48:05Z,
8.209.85.215,ipv4,malicious-ip,medium,WHITE,ziyadnz/hourly-ipv4,ziyadnz|hourly,2026-08-17T18:48:05Z,2026-08-17T18:48:05Z,
8.209.88.128,ipv4,malicious-ip,medium,WHITE,ziyadnz/hourly-ipv4,ziyadnz|hourly,2026-08-17T18:48:05Z,2026-08-17T18:48:05Z,
8.209.89.108,ipv4,malicious-ip,medium,WHITE,ziyadnz/hourly-ipv4,ziyadnz|hourly,2026-08-17T18:48:05Z,2026-08-17T18:48:05Z,
8.209.90.19,ipv4,malicious-ip,medium,WHITE,ziyadnz/hourly-ipv4,ziyadnz|hourly,2026-08-17T18:48:05Z,2026-08-17T18:48:05Z,
8.209.90.93,ipv4,malicious-ip,medium,WHITE,ziyadnz/hourly-ipv4,ziyadnz|hourly,2026-08-17T18:48:05Z,2026-08-17T18:48:05Z,
8.209.96.179,ipv4,malicious-ip,medium,WHITE,ziyadnz/hourly-ipv4,ziyadnz|hourly,2026-08-17T18:48:05Z,2026-08-17T18:48:05Z,
8.209.96.38,ipv4,malicious-ip,medium,WHITE,ziyadnz/hourly-ipv4,ziyadnz|hourly,2026-08-17T18:48:05Z,2026-08-17T18:48:05Z,
8.209.97.111,ipv4,malicious-ip,medium,WHITE,ziyadnz/hourly-ipv4,ziyadnz|hourly,2026-08-17T18:48:05Z,2026-08-17T18:48:05Z,
8.209.97.27,ipv4,malicious-ip,medium,WHITE,ziyadnz/hourly-ipv4,ziyadnz|hourly,2026-08-17T18:48:05Z,2026-08-17T18:48:05Z,
8.209.99.230,ipv4,malicious-ip,medium,WHITE,ziyadnz/hourly-ipv4,ziyadnz|hourly,2026-08-17T18:48:05Z,2026-08-17T18:48:05Z,
8.210.12.177,ipv4,malicious-ip,medium,WHITE,ziyadnz/hourly-ipv4,ziyadnz|hourly,2026-08-17T18:48:05Z,2026-08-17T18:48:05Z,
8.210.123.17,ipv4,malicious-ip,medium,WHITE,ziyadnz/hourly-ipv4,ziyadnz|hourly,2026-08-17T18:48:05Z,2026-08-17T18:48:05Z,
8.210.124.85,ipv4,malicious-ip,medium,WHITE,ziyadnz/hourly-ipv4,ziyadnz|hourly,2026-08-17T18:48:05Z,2026-08-17T18:48:05Z,
8.210.141.114,ipv4,malicious-ip,medium,WHITE,ziyadnz/hourly-ipv4,ziyadnz|hourly,2026-08-17T18:48:05Z,2026-08-17T18:48:05Z,
8.210.149.239,ipv4,malicious-ip,medium,WHITE,ziyadnz/hourly-ipv4,ziyadnz|hourly,2026-08-17T18:48:05Z,2026-08-17T18:48:05Z,
8.210.198.162,ipv4,malicious-ip,medium,WHITE,ziyadnz/hourly-ipv4,ziyadnz|hourly,2026-08-17T18:48:05Z,2026-08-17T18:48:05Z,
8.210.214.44,ipv4,malicious-ip,medium,WHITE,ziyadnz/hourly-ipv4,ziyadnz|hourly,2026-08-17T18:48:05Z,2026-08-17T18:48:05Z,
8.210.232.215,ipv4,malicious-ip,medium,WHITE,ziyadnz/hourly-ipv4,ziyadnz|hourly,2026-08-17T18:48:05Z,2026-08-17T18:48:05Z,
8.210.36.59,ipv4,malicious-ip,medium,WHITE,ziyadnz/hourly-ipv4,ziyadnz|hourly,2026-08-17T18:48:05Z,2026-08-17T18:48:05Z,
8.210.65.56,ipv4,malicious-ip,medium,WHITE,ziyadnz/hourly-ipv4,ziyadnz|hourly,2026-08-17T18:48:05Z,2026-08-17T18:48:05Z,
8.210.74.75,ipv4,malicious-ip,medium,WHITE,ziyadnz/hourly-ipv4,ziyadnz|hourly,2026-08-17T18:48:05Z,2026-08-17T18:48:05Z,
8.210.75.108,ipv4,malicious-ip,medium,WHITE,ziyadnz/hourly-ipv4,ziyadnz|hourly,2026-08-17T18:48:05Z,2026-08-17T18:48:05Z,
8.210.75.243,ipv4,malicious-ip,medium,WHITE,ziyadnz/hourly-ipv4,ziyadnz|hourly,2026-08-17T18:48:05Z,2026-08-17T18:48:05Z,
8.210.9.4,ipv4,malicious-ip,medium,WHITE,ziyadnz/hourly-ipv4,ziyadnz|hourly,2026-08-17T18:48:05Z,2026-08-17T18:48:05Z,
8.211.0.173,ipv4,malicious-ip,medium,WHITE,ziyadnz/hourly-ipv4,ziyadnz|hourly,2026-08-17T18:48:05Z,2026-08-17T18:48:05Z,
8.211.0.98,ipv4,malicious-ip,medium,WHITE,ziyadnz/hourly-ipv4,ziyadnz|hourly,2026-08-17T18:48:05Z,2026-08-17T18:48:05Z,
8.211.11.111,ipv4,malicious-ip,medium,WHITE,ziyadnz/hourly-ipv4,ziyadnz|hourly,2026-08-17T18:48:05Z,2026-08-17T18:48:05Z,
8.211.12.141,ipv4,malicious-ip,medium,WHITE,ziyadnz/hourly-ipv4,ziyadnz|hourly,2026-08-17T18:48:05Z,2026-08-17T18:48:05Z,
8.211.12.142,ipv4,malicious-ip,medium,WHITE,ziyadnz/hourly-ipv4,ziyadnz|hourly,2026-08-17T18:48:05Z,2026-08-17T18:48:05Z,
8.211.12.163,ipv4,malicious-ip,medium,WHITE,ziyadnz/hourly-ipv4,ziyadnz|hourly,2026-08-17T18:48:05Z,2026-08-17T18:48:05Z,
8.211.12.171,ipv4,malicious-ip,medium,WHITE,ziyadnz/hourly-ipv4,ziyadnz|hourly,2026-08-17T18:48:05Z,2026-08-17T18:48:05Z,
8.211.12.213,ipv4,malicious-ip,medium,WHITE,ziyadnz/hourly-ipv4,ziyadnz|hourly,2026-08-17T18:48:05Z,2026-08-17T18:48:05Z,
8.211.12.88,ipv4,malicious-ip,medium,WHITE,ziyadnz/hourly-ipv4,ziyadnz|hourly,2026-08-17T18:48:05Z,2026-08-17T18:48:05Z,
8.211.128.112,ipv4,malicious-ip,medium,WHITE,ziyadnz/hourly-ipv4,ziyadnz|hourly,2026-08-17T18:48:05Z,2026-08-17T18:48:05Z,
8.211.129.87,ipv4,malicious-ip,medium,WHITE,ziyadnz/hourly-ipv4,ziyadnz|hourly,2026-08-17T18:48:05Z,2026-08-17T18:48:05Z,
8.211.136.6,ipv4,malicious-ip,medium,WHITE,ziyadnz/hourly-ipv4,ziyadnz|hourly,2026-08-17T18:48:05Z,2026-08-17T18:48:05Z,
8.211.138.198,ipv4,malicious-ip,medium,WHITE,ziyadnz/hourly-ipv4,ziyadnz|hourly,2026-08-17T18:48:05Z,2026-08-17T18:48:05Z,
8.211.141.140,ipv4,malicious-ip,medium,WHITE,ziyadnz/hourly-ipv4,ziyadnz|hourly,2026-08-17T18:48:05Z,2026-08-17T18:48:05Z,
8.211.141.81,ipv4,malicious-ip,medium,WHITE,ziyadnz/hourly-ipv4,ziyadnz|hourly,2026-08-17T18:48:05Z,2026-08-17T18:48:05Z,
8.211.144.142,ipv4,malicious-ip,medium,WHITE,ziyadnz/hourly-ipv4,ziyadnz|hourly,2026-08-17T18:48:05Z,2026-08-17T18:48:05Z,
8.211.145.50,ipv4,malicious-ip,medium,WHITE,ziyadnz/hourly-ipv4,ziyadnz|hourly,2026-08-17T18:48:05Z,2026-08-17T18:48:05Z,
8.211.148.150,ipv4,malicious-ip,medium,WHITE,ziyadnz/hourly-ipv4,ziyadnz|hourly,2026-08-17T18:48:05Z,2026-08-17T18:48:05Z,
8.211.148.167,ipv4,malicious-ip,medium,WHITE,ziyadnz/hourly-ipv4,ziyadnz|hourly,2026-08-17T18:48:05Z,2026-08-17T18:48:05Z,
8.211.149.145,ipv4,malicious-ip,medium,WHITE,ziyadnz/hourly-ipv4,ziyadnz|hourly,2026-08-17T18:48:05Z,2026-08-17T18:48:05Z,
8.211.149.255,ipv4,malicious-ip,medium,WHITE,ziyadnz/hourly-ipv4,ziyadnz|hourly,2026-08-17T18:48:05Z,2026-08-17T18:48:05Z,
8.211.149.42,ipv4,malicious-ip,medium,WHITE,ziyadnz/hourly-ipv4,ziyadnz|hourly,2026-08-17T18:48:05Z,2026-08-17T18:48:05Z,
8.211.15.153,ipv4,malicious-ip,medium,WHITE,ziyadnz/hourly-ipv4,ziyadnz|hourly,2026-08-17T18:48:05Z,2026-08-17T18:48:05Z,
8.211.15.4,ipv4,malicious-ip,medium,WHITE,ziyadnz/hourly-ipv4,ziyadnz|hourly,2026-08-17T18:48:05Z,2026-08-17T18:48:05Z,
8.211.150.32,ipv4,malicious-ip,medium,WHITE,ziyadnz/hourly-ipv4,ziyadnz|hourly,2026-08-17T18:48:05Z,2026-08-17T18:48:05Z,
8.211.152.146,ipv4,malicious-ip,medium,WHITE,ziyadnz/hourly-ipv4,ziyadnz|hourly,2026-08-17T18:48:05Z,2026-08-17T18:48:05Z,
8.211.152.223,ipv4,malicious-ip,medium,WHITE,ziyadnz/hourly-ipv4,ziyadnz|hourly,2026-08-17T18:48:05Z,2026-08-17T18:48:05Z,
8.211.153.10,ipv4,malicious-ip,medium,WHITE,ziyadnz/hourly-ipv4,ziyadnz|hourly,2026-08-17T18:48:05Z,2026-08-17T18:48:05Z,
8.211.153.127,ipv4,malicious-ip,medium,WHITE,ziyadnz/hourly-ipv4,ziyadnz|hourly,2026-08-17T18:48:05Z,2026-08-17T18:48:05Z,
8.211.154.230,ipv4,malicious-ip,medium,WHITE,ziyadnz/hourly-ipv4,ziyadnz|hourly,2026-08-17T18:48:05Z,2026-08-17T18:48:05Z,
8.211.157.244,ipv4,malicious-ip,medium,WHITE,ziyadnz/hourly-ipv4,ziyadnz|hourly,2026-08-17T18:48:05Z,2026-08-17T18:48:05Z,
8.211.157.43,ipv4,malicious-ip,medium,WHITE,ziyadnz/hourly-ipv4,ziyadnz|hourly,2026-08-17T18:48:05Z,2026-08-17T18:48:05Z,
8.211.157.94,ipv4,malicious-ip,medium,WHITE,ziyadnz/hourly-ipv4,ziyadnz|hourly,2026-08-17T18:48:05Z,2026-08-17T18:48:05Z,
8.211.159.236,ipv4,malicious-ip,medium,WHITE,ziyadnz/hourly-ipv4,ziyadnz|hourly,2026-08-17T18:48:05Z,2026-08-17T18:48:05Z,
8.211.159.4,ipv4,malicious-ip,medium,WHITE,ziyadnz/hourly-ipv4,ziyadnz|hourly,2026-08-17T18:48:05Z,2026-08-17T18:48:05Z,
8.211.16.226,ipv4,malicious-ip,medium,WHITE,ziyadnz/hourly-ipv4,ziyadnz|hourly,2026-08-17T18:48:05Z,2026-08-17T18:48:05Z,
8.211.16.92,ipv4,malicious-ip,medium,WHITE,ziyadnz/hourly-ipv4,ziyadnz|hourly,2026-08-17T18:48:05Z,2026-08-17T18:48:05Z,
8.211.162.191,ipv4,malicious-ip,medium,WHITE,ziyadnz/hourly-ipv4,ziyadnz|hourly,2026-08-17T18:48:05Z,2026-08-17T18:48:05Z,
8.211.162.225,ipv4,malicious-ip,medium,WHITE,ziyadnz/hourly-ipv4,ziyadnz|hourly,2026-08-17T18:48:05Z,2026-08-17T18:48:05Z,
8.211.162.45,ipv4,malicious-ip,medium,WHITE,ziyadnz/hourly-ipv4,ziyadnz|hourly,2026-08-17T18:48:05Z,2026-08-17T18:48:05Z,
8.211.165.58,ipv4,malicious-ip,medium,WHITE,ziyadnz/hourly-ipv4,ziyadnz|hourly,2026-08-17T18:48:05Z,2026-08-17T18:48:05Z,
8.211.166.117,ipv4,malicious-ip,medium,WHITE,ziyadnz/hourly-ipv4,ziyadnz|hourly,2026-08-17T18:48:05Z,2026-08-17T18:48:05Z,
8.211.167.32,ipv4,malicious-ip,medium,WHITE,ziyadnz/hourly-ipv4,ziyadnz|hourly,2026-08-17T18:48:05Z,2026-08-17T18:48:05Z,
8.211.168.73,ipv4,malicious-ip,medium,WHITE,ziyadnz/hourly-ipv4,ziyadnz|hourly,2026-08-17T18:48:05Z,2026-08-17T18:48:05Z,
8.211.169.222,ipv4,malicious-ip,medium,WHITE,ziyadnz/hourly-ipv4,ziyadnz|hourly,2026-08-17T18:48:05Z,2026-08-17T18:48:05Z,
8.211.170.91,ipv4,malicious-ip,medium,WHITE,ziyadnz/hourly-ipv4,ziyadnz|hourly,2026-08-17T18:48:05Z,2026-08-17T18:48:05Z,
8.211.171.136,ipv4,malicious-ip,medium,WHITE,ziyadnz/hourly-ipv4,ziyadnz|hourly,2026-08-17T18:48:05Z,2026-08-17T18:48:05Z,
8.211.172.246,ipv4,malicious-ip,medium,WHITE,ziyadnz/hourly-ipv4,ziyadnz|hourly,2026-08-17T18:48:05Z,2026-08-17T18:48:05Z,
8.211.173.155,ipv4,malicious-ip,medium,WHITE,ziyadnz/hourly-ipv4,ziyadnz|hourly,2026-08-17T18:48:05Z,2026-08-17T18:48:05Z,
8.211.173.242,ipv4,malicious-ip,medium,WHITE,ziyadnz/hourly-ipv4,ziyadnz|hourly,2026-08-17T18:48:05Z,2026-08-17T18:48:05Z,
8.211.173.94,ipv4,malicious-ip,medium,WHITE,ziyadnz/hourly-ipv4,ziyadnz|hourly,2026-08-17T18:48:05Z,2026-08-17T18:48:05Z,
8.211.174.175,ipv4,malicious-ip,medium,WHITE,ziyadnz/hourly-ipv4,ziyadnz|hourly,2026-08-17T18:48:05Z,2026-08-17T18:48:05Z,
8.211.175.209,ipv4,malicious-ip,medium,WHITE,ziyadnz/hourly-ipv4,ziyadnz|hourly,2026-08-17T18:48:05Z,2026-08-17T18:48:05Z,
8.211.19.250,ipv4,malicious-ip,medium,WHITE,ziyadnz/hourly-ipv4,ziyadnz|hourly,2026-08-17T18:48:05Z,2026-08-17T18:48:05Z,
8.211.19.30,ipv4,malicious-ip,medium,WHITE,ziyadnz/hourly-ipv4,ziyadnz|hourly,2026-08-17T18:48:05Z,2026-08-17T18:48:05Z,
8.211.2.225,ipv4,malicious-ip,medium,WHITE,ziyadnz/hourly-ipv4,ziyadnz|hourly,2026-08-17T18:48:05Z,2026-08-17T18:48:05Z,
8.211.2.67,ipv4,malicious-ip,medium,WHITE,ziyadnz/hourly-ipv4,ziyadnz|hourly,2026-08-17T18:48:05Z,2026-08-17T18:48:05Z,
8.211.2.97,ipv4,malicious-ip,medium,WHITE,ziyadnz/hourly-ipv4,ziyadnz|hourly,2026-08-17T18:48:05Z,2026-08-17T18:48:05Z,
8.211.20.67,ipv4,malicious-ip,medium,WHITE,ziyadnz/hourly-ipv4,ziyadnz|hourly,2026-08-17T18:48:05Z,2026-08-17T18:48:05Z,
8.211.21.181,ipv4,malicious-ip,medium,WHITE,ziyadnz/hourly-ipv4,ziyadnz|hourly,2026-08-17T18:48:05Z,2026-08-17T18:48:05Z,
8.211.21.19,ipv4,malicious-ip,medium,WHITE,ziyadnz/hourly-ipv4,ziyadnz|hourly,2026-08-17T18:48:05Z,2026-08-17T18:48:05Z,
8.211.23.105,ipv4,malicious-ip,medium,WHITE,ziyadnz/hourly-ipv4,ziyadnz|hourly,2026-08-17T18:48:05Z,2026-08-17T18:48:05Z,
8.211.24.101,ipv4,malicious-ip,medium,WHITE,ziyadnz/hourly-ipv4,ziyadnz|hourly,2026-08-17T18:48:05Z,2026-08-17T18:48:05Z,
8.211.24.197,ipv4,malicious-ip,medium,WHITE,ziyadnz/hourly-ipv4,ziyadnz|hourly,2026-08-17T18:48:05Z,2026-08-17T18:48:05Z,
8.211.24.65,ipv4,malicious-ip,medium,WHITE,ziyadnz/hourly-ipv4,ziyadnz|hourly,2026-08-17T18:48:05Z,2026-08-17T18:48:05Z,
8.211.25.100,ipv4,malicious-ip,medium,WHITE,ziyadnz/hourly-ipv4,ziyadnz|hourly,2026-08-17T18:48:05Z,2026-08-17T18:48:05Z,
8.211.25.159,ipv4,malicious-ip,medium,WHITE,ziyadnz/hourly-ipv4,ziyadnz|hourly,2026-08-17T18:48:05Z,2026-08-17T18:48:05Z,
8.211.25.164,ipv4,malicious-ip,medium,WHITE,ziyadnz/hourly-ipv4,ziyadnz|hourly,2026-08-17T18:48:05Z,2026-08-17T18:48:05Z,
8.211.25.7,ipv4,malicious-ip,medium,WHITE,ziyadnz/hourly-ipv4,ziyadnz|hourly,2026-08-17T18:48:05Z,2026-08-17T18:48:05Z,
8.211.25.75,ipv4,malicious-ip,medium,WHITE,ziyadnz/hourly-ipv4,ziyadnz|hourly,2026-08-17T18:48:05Z,2026-08-17T18:48:05Z,
8.211.26.207,ipv4,malicious-ip,medium,WHITE,ziyadnz/hourly-ipv4,ziyadnz|hourly,2026-08-17T18:48:05Z,2026-08-17T18:48:05Z,
8.211.26.230,ipv4,malicious-ip,medium,WHITE,ziyadnz/hourly-ipv4,ziyadnz|hourly,2026-08-17T18:48:05Z,2026-08-17T18:48:05Z,
8.211.26.235,ipv4,malicious-ip,medium,WHITE,ziyadnz/hourly-ipv4,ziyadnz|hourly,2026-08-17T18:48:05Z,2026-08-17T18:48:05Z,
8.211.27.88,ipv4,malicious-ip,medium,WHITE,ziyadnz/hourly-ipv4,ziyadnz|hourly,2026-08-17T18:48:05Z,2026-08-17T18:48:05Z,
8.211.28.119,ipv4,malicious-ip,medium,WHITE,ziyadnz/hourly-ipv4,ziyadnz|hourly,2026-08-17T18:48:05Z,2026-08-17T18:48:05Z,
8.211.3.198,ipv4,malicious-ip,medium,WHITE,ziyadnz/hourly-ipv4,ziyadnz|hourly,2026-08-17T18:48:05Z,2026-08-17T18:48:05Z,
8.211.30.73,ipv4,malicious-ip,medium,WHITE,ziyadnz/hourly-ipv4,ziyadnz|hourly,2026-08-17T18:48:05Z,2026-08-17T18:48:05Z,
8.211.31.239,ipv4,malicious-ip,medium,WHITE,ziyadnz/hourly-ipv4,ziyadnz|hourly,2026-08-17T18:48:05Z,2026-08-17T18:48:05Z,
8.211.32.121,ipv4,malicious-ip,medium,WHITE,ziyadnz/hourly-ipv4,ziyadnz|hourly,2026-08-17T18:48:05Z,2026-08-17T18:48:05Z,
8.211.32.231,ipv4,malicious-ip,medium,WHITE,ziyadnz/hourly-ipv4,ziyadnz|hourly,2026-08-17T18:48:05Z,2026-08-17T18:48:05Z,
8.211.33.128,ipv4,malicious-ip,medium,WHITE,ziyadnz/hourly-ipv4,ziyadnz|hourly,2026-08-17T18:48:05Z,2026-08-17T18:48:05Z,
8.211.33.200,ipv4,malicious-ip,medium,WHITE,ziyadnz/hourly-ipv4,ziyadnz|hourly,2026-08-17T18:48:05Z,2026-08-17T18:48:05Z,
8.211.33.23,ipv4,malicious-ip,medium,WHITE,ziyadnz/hourly-ipv4,ziyadnz|hourly,2026-08-17T18:48:05Z,2026-08-17T18:48:05Z,
8.211.33.5,ipv4,malicious-ip,medium,WHITE,ziyadnz/hourly-ipv4,ziyadnz|hourly,2026-08-17T18:48:05Z,2026-08-17T18:48:05Z,
8.211.33.96,ipv4,malicious-ip,medium,WHITE,ziyadnz/hourly-ipv4,ziyadnz|hourly,2026-08-17T18:48:05Z,2026-08-17T18:48:05Z,
8.211.35.24,ipv4,malicious-ip,medium,WHITE,ziyadnz/hourly-ipv4,ziyadnz|hourly,2026-08-17T18:48:05Z,2026-08-17T18:48:05Z,
8.211.36.238,ipv4,malicious-ip,medium,WHITE,ziyadnz/hourly-ipv4,ziyadnz|hourly,2026-08-17T18:48:05Z,2026-08-17T18:48:05Z,
8.211.36.77,ipv4,malicious-ip,medium,WHITE,ziyadnz/hourly-ipv4,ziyadnz|hourly,2026-08-17T18:48:05Z,2026-08-17T18:48:05Z,
8.211.37.179,ipv4,malicious-ip,medium,WHITE,ziyadnz/hourly-ipv4,ziyadnz|hourly,2026-08-17T18:48:05Z,2026-08-17T18:48:05Z,
8.211.37.42,ipv4,malicious-ip,medium,WHITE,ziyadnz/hourly-ipv4,ziyadnz|hourly,2026-08-17T18:48:05Z,2026-08-17T18:48:05Z,
8.211.37.93,ipv4,malicious-ip,medium,WHITE,ziyadnz/hourly-ipv4,ziyadnz|hourly,2026-08-17T18:48:05Z,2026-08-17T18:48:05Z,
8.211.38.67,ipv4,malicious-ip,medium,WHITE,ziyadnz/hourly-ipv4,ziyadnz|hourly,2026-08-17T18:48:05Z,2026-08-17T18:48:05Z,
8.211.39.116,ipv4,malicious-ip,medium,WHITE,ziyadnz/hourly-ipv4,ziyadnz|hourly,2026-08-17T18:48:05Z,2026-08-17T18:48:05Z,
8.211.39.142,ipv4,malicious-ip,medium,WHITE,ziyadnz/hourly-ipv4,ziyadnz|hourly,2026-08-17T18:48:05Z,2026-08-17T18:48:05Z,
8.211.39.215,ipv4,malicious-ip,medium,WHITE,ziyadnz/hourly-ipv4,ziyadnz|hourly,2026-08-17T18:48:05Z,2026-08-17T18:48:05Z,
8.211.39.61,ipv4,malicious-ip,medium,WHITE,ziyadnz/hourly-ipv4,ziyadnz|hourly,2026-08-17T18:48:05Z,2026-08-17T18:48:05Z,
8.211.39.83,ipv4,malicious-ip,medium,WHITE,ziyadnz/hourly-ipv4,ziyadnz|hourly,2026-08-17T18:48:05Z,2026-08-17T18:48:05Z,
8.211.4.200,ipv4,malicious-ip,medium,WHITE,ziyadnz/hourly-ipv4,ziyadnz|hourly,2026-08-17T18:48:05Z,2026-08-17T18:48:05Z,
8.211.41.180,ipv4,malicious-ip,medium,WHITE,ziyadnz/hourly-ipv4,ziyadnz|hourly,2026-08-17T18:48:05Z,2026-08-17T18:48:05Z,
8.211.42.134,ipv4,malicious-ip,medium,WHITE,ziyadnz/hourly-ipv4,ziyadnz|hourly,2026-08-17T18:48:05Z,2026-08-17T18:48:05Z,
8.211.42.229,ipv4,malicious-ip,medium,WHITE,ziyadnz/hourly-ipv4,ziyadnz|hourly,2026-08-17T18:48:05Z,2026-08-17T18:48:05Z,
8.211.42.24,ipv4,malicious-ip,medium,WHITE,ziyadnz/hourly-ipv4,ziyadnz|hourly,2026-08-17T18:48:05Z,2026-08-17T18:48:05Z,
8.211.43.10,ipv4,malicious-ip,medium,WHITE,ziyadnz/hourly-ipv4,ziyadnz|hourly,2026-08-17T18:48:05Z,2026-08-17T18:48:05Z,
8.211.43.106,ipv4,malicious-ip,medium,WHITE,ziyadnz/hourly-ipv4,ziyadnz|hourly,2026-08-17T18:48:05Z,2026-08-17T18:48:05Z,
8.211.43.157,ipv4,malicious-ip,medium,WHITE,ziyadnz/hourly-ipv4,ziyadnz|hourly,2026-08-17T18:48:05Z,2026-08-17T18:48:05Z,
8.211.43.218,ipv4,malicious-ip,medium,WHITE,ziyadnz/hourly-ipv4,ziyadnz|hourly,2026-08-17T18:48:05Z,2026-08-17T18:48:05Z,
8.211.44.110,ipv4,malicious-ip,medium,WHITE,ziyadnz/hourly-ipv4,ziyadnz|hourly,2026-08-17T18:48:05Z,2026-08-17T18:48:05Z,
8.211.44.115,ipv4,malicious-ip,medium,WHITE,ziyadnz/hourly-ipv4,ziyadnz|hourly,2026-08-17T18:48:05Z,2026-08-17T18:48:05Z,
8.211.44.141,ipv4,malicious-ip,medium,WHITE,ziyadnz/hourly-ipv4,ziyadnz|hourly,2026-08-17T18:48:05Z,2026-08-17T18:48:05Z,
8.211.44.86,ipv4,malicious-ip,medium,WHITE,ziyadnz/hourly-ipv4,ziyadnz|hourly,2026-08-17T18:48:05Z,2026-08-17T18:48:05Z,
8.211.45.1,ipv4,malicious-ip,medium,WHITE,ziyadnz/hourly-ipv4,ziyadnz|hourly,2026-08-17T18:48:05Z,2026-08-17T18:48:05Z,
8.211.45.194,ipv4,malicious-ip,medium,WHITE,ziyadnz/hourly-ipv4,ziyadnz|hourly,2026-08-17T18:48:05Z,2026-08-17T18:48:05Z,
8.211.45.218,ipv4,malicious-ip,medium,WHITE,ziyadnz/hourly-ipv4,ziyadnz|hourly,2026-08-17T18:48:05Z,2026-08-17T18:48:05Z,
8.211.45.239,ipv4,malicious-ip,medium,WHITE,ziyadnz/hourly-ipv4,ziyadnz|hourly,2026-08-17T18:48:05Z,2026-08-17T18:48:05Z,
8.211.45.42,ipv4,malicious-ip,medium,WHITE,ziyadnz/hourly-ipv4,ziyadnz|hourly,2026-08-17T18:48:05Z,2026-08-17T18:48:05Z,
8.211.46.182,ipv4,malicious-ip,medium,WHITE,ziyadnz/hourly-ipv4,ziyadnz|hourly,2026-08-17T18:48:05Z,2026-08-17T18:48:05Z,
8.211.46.188,ipv4,malicious-ip,medium,WHITE,ziyadnz/hourly-ipv4,ziyadnz|hourly,2026-08-17T18:48:05Z,2026-08-17T18:48:05Z,
8.211.46.23,ipv4,malicious-ip,medium,WHITE,ziyadnz/hourly-ipv4,ziyadnz|hourly,2026-08-17T18:48:05Z,2026-08-17T18:48:05Z,
8.211.46.254,ipv4,malicious-ip,medium,WHITE,ziyadnz/hourly-ipv4,ziyadnz|hourly,2026-08-17T18:48:05Z,2026-08-17T18:48:05Z,
8.211.46.74,ipv4,malicious-ip,medium,WHITE,ziyadnz/hourly-ipv4,ziyadnz|hourly,2026-08-17T18:48:05Z,2026-08-17T18:48:05Z,
8.211.46.83,ipv4,malicious-ip,medium,WHITE,ziyadnz/hourly-ipv4,ziyadnz|hourly,2026-08-17T18:48:05Z,2026-08-17T18:48:05Z,
8.211.47.177,ipv4,malicious-ip,medium,WHITE,ziyadnz/hourly-ipv4,ziyadnz|hourly,2026-08-17T18:48:05Z,2026-08-17T18:48:05Z,
8.211.47.19,ipv4,malicious-ip,medium,WHITE,ziyadnz/hourly-ipv4,ziyadnz|hourly,2026-08-17T18:48:05Z,2026-08-17T18:48:05Z,
8.211.47.212,ipv4,malicious-ip,medium,WHITE,ziyadnz/hourly-ipv4,ziyadnz|hourly,2026-08-17T18:48:05Z,2026-08-17T18:48:05Z,
8.211.47.30,ipv4,malicious-ip,medium,WHITE,ziyadnz/hourly-ipv4,ziyadnz|hourly,2026-08-17T18:48:05Z,2026-08-17T18:48:05Z,
8.211.47.83,ipv4,malicious-ip,medium,WHITE,ziyadnz/hourly-ipv4,ziyadnz|hourly,2026-08-17T18:48:05Z,2026-08-17T18:48:05Z,
8.211.5.31,ipv4,malicious-ip,medium,WHITE,ziyadnz/hourly-ipv4,ziyadnz|hourly,2026-08-17T18:48:05Z,2026-08-17T18:48:05Z,
8.211.7.142,ipv4,malicious-ip,medium,WHITE,ziyadnz/hourly-ipv4,ziyadnz|hourly,2026-08-17T18:48:05Z,2026-08-17T18:48:05Z,
8.211.7.208,ipv4,malicious-ip,medium,WHITE,ziyadnz/hourly-ipv4,ziyadnz|hourly,2026-08-17T18:48:05Z,2026-08-17T18:48:05Z,
8.211.7.229,ipv4,malicious-ip,medium,WHITE,ziyadnz/hourly-ipv4,ziyadnz|hourly,2026-08-17T18:48:05Z,2026-08-17T18:48:05Z,
8.211.8.167,ipv4,malicious-ip,medium,WHITE,ziyadnz/hourly-ipv4,ziyadnz|hourly,2026-08-17T18:48:05Z,2026-08-17T18:48:05Z,
8.211.8.171,ipv4,malicious-ip,medium,WHITE,ziyadnz/hourly-ipv4,ziyadnz|hourly,2026-08-17T18:48:05Z,2026-08-17T18:48:05Z,
8.211.8.52,ipv4,malicious-ip,medium,WHITE,ziyadnz/hourly-ipv4,ziyadnz|hourly,2026-08-17T18:48:05Z,2026-08-17T18:48:05Z,
8.211.9.174,ipv4,malicious-ip,medium,WHITE,ziyadnz/hourly-ipv4,ziyadnz|hourly,2026-08-17T18:48:05Z,2026-08-17T18:48:05Z,
8.211.9.207,ipv4,malicious-ip,medium,WHITE,ziyadnz/hourly-ipv4,ziyadnz|hourly,2026-08-17T18:48:05Z,2026-08-17T18:48:05Z,
8.211.9.248,ipv4,malicious-ip,medium,WHITE,ziyadnz/hourly-ipv4,ziyadnz|hourly,2026-08-17T18:48:05Z,2026-08-17T18:48:05Z,
8.212.102.228,ipv4,malicious-ip,medium,WHITE,ziyadnz/hourly-ipv4,ziyadnz|hourly,2026-08-17T18:48:05Z,2026-08-17T18:48:05Z,
8.212.132.120,ipv4,malicious-ip,medium,WHITE,ziyadnz/hourly-ipv4,ziyadnz|hourly,2026-08-17T18:48:05Z,2026-08-17T18:48:05Z,
8.212.148.225,ipv4,malicious-ip,medium,WHITE,ziyadnz/hourly-ipv4,ziyadnz|hourly,2026-08-17T18:48:05Z,2026-08-17T18:48:05Z,
8.212.169.27,ipv4,malicious-ip,medium,WHITE,ziyadnz/hourly-ipv4,ziyadnz|hourly,2026-08-17T18:48:05Z,2026-08-17T18:48:05Z,
8.213.136.199,ipv4,malicious-ip,medium,WHITE,ziyadnz/hourly-ipv4,ziyadnz|hourly,2026-08-17T18:48:05Z,2026-08-17T18:48:05Z,
8.213.144.101,ipv4,malicious-ip,medium,WHITE,ziyadnz/hourly-ipv4,ziyadnz|hourly,2026-08-17T18:48:05Z,2026-08-17T18:48:05Z,
8.213.157.9,ipv4,malicious-ip,medium,WHITE,ziyadnz/hourly-ipv4,ziyadnz|hourly,2026-08-17T18:48:05Z,2026-08-17T18:48:05Z,
8.213.217.182,ipv4,malicious-ip,medium,WHITE,ziyadnz/hourly-ipv4,ziyadnz|hourly,2026-08-17T18:48:05Z,2026-08-17T18:48:05Z,
8.213.226.73,ipv4,malicious-ip,medium,WHITE,ziyadnz/hourly-ipv4,ziyadnz|hourly,2026-08-17T18:48:05Z,2026-08-17T18:48:05Z,
8.213.26.62,ipv4,malicious-ip,medium,WHITE,ziyadnz/hourly-ipv4,ziyadnz|hourly,2026-08-17T18:48:05Z,2026-08-17T18:48:05Z,
8.213.40.234,ipv4,malicious-ip,medium,WHITE,ziyadnz/hourly-ipv4,ziyadnz|hourly,2026-08-17T18:48:05Z,2026-08-17T18:48:05Z,
8.215.25.3,ipv4,malicious-ip,medium,WHITE,ziyadnz/hourly-ipv4,ziyadnz|hourly,2026-08-17T18:48:05Z,2026-08-17T18:48:05Z,
8.215.52.126,ipv4,malicious-ip,medium,WHITE,ziyadnz/hourly-ipv4,ziyadnz|hourly,2026-08-17T18:48:05Z,2026-08-17T18:48:05Z,
8.215.69.55,ipv4,malicious-ip,medium,WHITE,ziyadnz/hourly-ipv4,ziyadnz|hourly,2026-08-17T18:48:05Z,2026-08-17T18:48:05Z,
8.215.85.137,ipv4,malicious-ip,medium,WHITE,ziyadnz/hourly-ipv4,ziyadnz|hourly,2026-08-17T18:48:05Z,2026-08-17T18:48:05Z,
8.216.0.135,ipv4,malicious-ip,medium,WHITE,ziyadnz/hourly-ipv4,ziyadnz|hourly,2026-08-17T18:48:05Z,2026-08-17T18:48:05Z,
8.216.0.142,ipv4,malicious-ip,medium,WHITE,ziyadnz/hourly-ipv4,ziyadnz|hourly,2026-08-17T18:48:05Z,2026-08-17T18:48:05Z,
8.216.0.22,ipv4,malicious-ip,medium,WHITE,ziyadnz/hourly-ipv4,ziyadnz|hourly,2026-08-17T18:48:05Z,2026-08-17T18:48:05Z,
8.216.0.71,ipv4,malicious-ip,medium,WHITE,ziyadnz/hourly-ipv4,ziyadnz|hourly,2026-08-17T18:48:05Z,2026-08-17T18:48:05Z,
8.216.1.118,ipv4,malicious-ip,medium,WHITE,ziyadnz/hourly-ipv4,ziyadnz|hourly,2026-08-17T18:48:05Z,2026-08-17T18:48:05Z,
8.216.1.228,ipv4,malicious-ip,medium,WHITE,ziyadnz/hourly-ipv4,ziyadnz|hourly,2026-08-17T18:48:05Z,2026-08-17T18:48:05Z,
8.216.1.47,ipv4,malicious-ip,medium,WHITE,ziyadnz/hourly-ipv4,ziyadnz|hourly,2026-08-17T18:48:05Z,2026-08-17T18:48:05Z,
8.216.1.79,ipv4,malicious-ip,medium,WHITE,ziyadnz/hourly-ipv4,ziyadnz|hourly,2026-08-17T18:48:05Z,2026-08-17T18:48:05Z,
8.216.10.179,ipv4,malicious-ip,medium,WHITE,ziyadnz/hourly-ipv4,ziyadnz|hourly,2026-08-17T18:48:05Z,2026-08-17T18:48:05Z,
8.216.10.2,ipv4,malicious-ip,medium,WHITE,ziyadnz/hourly-ipv4,ziyadnz|hourly,2026-08-17T18:48:05Z,2026-08-17T18:48:05Z,
8.216.10.200,ipv4,malicious-ip,medium,WHITE,ziyadnz/hourly-ipv4,ziyadnz|hourly,2026-08-17T18:48:05Z,2026-08-17T18:48:05Z,
8.216.10.202,ipv4,malicious-ip,medium,WHITE,ziyadnz/hourly-ipv4,ziyadnz|hourly,2026-08-17T18:48:05Z,2026-08-17T18:48:05Z,
8.216.10.242,ipv4,malicious-ip,medium,WHITE,ziyadnz/hourly-ipv4,ziyadnz|hourly,2026-08-17T18:48:05Z,2026-08-17T18:48:05Z,
8.216.10.5,ipv4,malicious-ip,medium,WHITE,ziyadnz/hourly-ipv4,ziyadnz|hourly,2026-08-17T18:48:05Z,2026-08-17T18:48:05Z,
8.216.10.69,ipv4,malicious-ip,medium,WHITE,ziyadnz/hourly-ipv4,ziyadnz|hourly,2026-08-17T18:48:05Z,2026-08-17T18:48:05Z,
8.216.11.0,ipv4,malicious-ip,medium,WHITE,ziyadnz/hourly-ipv4,ziyadnz|hourly,2026-08-17T18:48:05Z,2026-08-17T18:48:05Z,
8.216.11.149,ipv4,malicious-ip,medium,WHITE,ziyadnz/hourly-ipv4,ziyadnz|hourly,2026-08-17T18:48:05Z,2026-08-17T18:48:05Z,
8.216.11.171,ipv4,malicious-ip,medium,WHITE,ziyadnz/hourly-ipv4,ziyadnz|hourly,2026-08-17T18:48:05Z,2026-08-17T18:48:05Z,
8.216.11.223,ipv4,malicious-ip,medium,WHITE,ziyadnz/hourly-ipv4,ziyadnz|hourly,2026-08-17T18:48:05Z,2026-08-17T18:48:05Z,
8.216.11.79,ipv4,malicious-ip,medium,WHITE,ziyadnz/hourly-ipv4,ziyadnz|hourly,2026-08-17T18:48:05Z,2026-08-17T18:48:05Z,
8.216.11.80,ipv4,malicious-ip,medium,WHITE,ziyadnz/hourly-ipv4,ziyadnz|hourly,2026-08-17T18:48:05Z,2026-08-17T18:48:05Z,
8.216.12.100,ipv4,malicious-ip,medium,WHITE,ziyadnz/hourly-ipv4,ziyadnz|hourly,2026-08-17T18:48:05Z,2026-08-17T18:48:05Z,
8.216.12.108,ipv4,malicious-ip,medium,WHITE,ziyadnz/hourly-ipv4,ziyadnz|hourly,2026-08-17T18:48:05Z,2026-08-17T18:48:05Z,
8.216.12.173,ipv4,malicious-ip,medium,WHITE,ziyadnz/hourly-ipv4,ziyadnz|hourly,2026-08-17T18:48:05Z,2026-08-17T18:48:05Z,
8.216.12.192,ipv4,malicious-ip,medium,WHITE,ziyadnz/hourly-ipv4,ziyadnz|hourly,2026-08-17T18:48:05Z,2026-08-17T18:48:05Z,
8.216.12.208,ipv4,malicious-ip,medium,WHITE,ziyadnz/hourly-ipv4,ziyadnz|hourly,2026-08-17T18:48:05Z,2026-08-17T18:48:05Z,
8.216.12.234,ipv4,malicious-ip,medium,WHITE,ziyadnz/hourly-ipv4,ziyadnz|hourly,2026-08-17T18:48:05Z,2026-08-17T18:48:05Z,
8.216.12.44,ipv4,malicious-ip,medium,WHITE,ziyadnz/hourly-ipv4,ziyadnz|hourly,2026-08-17T18:48:05Z,2026-08-17T18:48:05Z,
8.216.12.47,ipv4,malicious-ip,medium,WHITE,ziyadnz/hourly-ipv4,ziyadnz|hourly,2026-08-17T18:48:05Z,2026-08-17T18:48:05Z,
8.216.12.63,ipv4,malicious-ip,medium,WHITE,ziyadnz/hourly-ipv4,ziyadnz|hourly,2026-08-17T18:48:05Z,2026-08-17T18:48:05Z,
8.216.13.106,ipv4,malicious-ip,medium,WHITE,ziyadnz/hourly-ipv4,ziyadnz|hourly,2026-08-17T18:48:05Z,2026-08-17T18:48:05Z,
8.216.13.122,ipv4,malicious-ip,medium,WHITE,ziyadnz/hourly-ipv4,ziyadnz|hourly,2026-08-17T18:48:05Z,2026-08-17T18:48:05Z,
8.216.13.152,ipv4,malicious-ip,medium,WHITE,ziyadnz/hourly-ipv4,ziyadnz|hourly,2026-08-17T18:48:05Z,2026-08-17T18:48:05Z,
8.216.13.169,ipv4,malicious-ip,medium,WHITE,ziyadnz/hourly-ipv4,ziyadnz|hourly,2026-08-17T18:48:05Z,2026-08-17T18:48:05Z,
8.216.13.201,ipv4,malicious-ip,medium,WHITE,ziyadnz/hourly-ipv4,ziyadnz|hourly,2026-08-17T18:48:05Z,2026-08-17T18:48:05Z,
8.216.13.249,ipv4,malicious-ip,medium,WHITE,ziyadnz/hourly-ipv4,ziyadnz|hourly,2026-08-17T18:48:05Z,2026-08-17T18:48:05Z,
8.216.13.42,ipv4,malicious-ip,medium,WHITE,ziyadnz/hourly-ipv4,ziyadnz|hourly,2026-08-17T18:48:05Z,2026-08-17T18:48:05Z,
8.216.13.52,ipv4,malicious-ip,medium,WHITE,ziyadnz/hourly-ipv4,ziyadnz|hourly,2026-08-17T18:48:05Z,2026-08-17T18:48:05Z,
8.216.13.57,ipv4,malicious-ip,medium,WHITE,ziyadnz/hourly-ipv4,ziyadnz|hourly,2026-08-17T18:48:05Z,2026-08-17T18:48:05Z,
8.216.13.61,ipv4,malicious-ip,medium,WHITE,ziyadnz/hourly-ipv4,ziyadnz|hourly,2026-08-17T18:48:05Z,2026-08-17T18:48:05Z,
8.216.13.97,ipv4,malicious-ip,medium,WHITE,ziyadnz/hourly-ipv4,ziyadnz|hourly,2026-08-17T18:48:05Z,2026-08-17T18:48:05Z,
8.216.14.108,ipv4,malicious-ip,medium,WHITE,ziyadnz/hourly-ipv4,ziyadnz|hourly,2026-08-17T18:48:05Z,2026-08-17T18:48:05Z,
8.216.14.190,ipv4,malicious-ip,medium,WHITE,ziyadnz/hourly-ipv4,ziyadnz|hourly,2026-08-17T18:48:05Z,2026-08-17T18:48:05Z,
8.216.14.197,ipv4,malicious-ip,medium,WHITE,ziyadnz/hourly-ipv4,ziyadnz|hourly,2026-08-17T18:48:05Z,2026-08-17T18:48:05Z,
8.216.14.232,ipv4,malicious-ip,medium,WHITE,ziyadnz/hourly-ipv4,ziyadnz|hourly,2026-08-17T18:48:05Z,2026-08-17T18:48:05Z,
8.216.14.239,ipv4,malicious-ip,medium,WHITE,ziyadnz/hourly-ipv4,ziyadnz|hourly,2026-08-17T18:48:05Z,2026-08-17T18:48:05Z,
8.216.15.149,ipv4,malicious-ip,medium,WHITE,ziyadnz/hourly-ipv4,ziyadnz|hourly,2026-08-17T18:48:05Z,2026-08-17T18:48:05Z,
8.216.15.166,ipv4,malicious-ip,medium,WHITE,ziyadnz/hourly-ipv4,ziyadnz|hourly,2026-08-17T18:48:05Z,2026-08-17T18:48:05Z,
8.216.15.23,ipv4,malicious-ip,medium,WHITE,ziyadnz/hourly-ipv4,ziyadnz|hourly,2026-08-17T18:48:05Z,2026-08-17T18:48:05Z,
8.216.15.41,ipv4,malicious-ip,medium,WHITE,ziyadnz/hourly-ipv4,ziyadnz|hourly,2026-08-17T18:48:05Z,2026-08-17T18:48:05Z,
8.216.15.47,ipv4,malicious-ip,medium,WHITE,ziyadnz/hourly-ipv4,ziyadnz|hourly,2026-08-17T18:48:05Z,2026-08-17T18:48:05Z,
8.216.16.104,ipv4,malicious-ip,medium,WHITE,ziyadnz/hourly-ipv4,ziyadnz|hourly,2026-08-17T18:48:05Z,2026-08-17T18:48:05Z,
8.216.16.112,ipv4,malicious-ip,medium,WHITE,ziyadnz/hourly-ipv4,ziyadnz|hourly,2026-08-17T18:48:05Z,2026-08-17T18:48:05Z,
8.216.16.114,ipv4,malicious-ip,medium,WHITE,ziyadnz/hourly-ipv4,ziyadnz|hourly,2026-08-17T18:48:05Z,2026-08-17T18:48:05Z,
8.216.16.117,ipv4,malicious-ip,medium,WHITE,ziyadnz/hourly-ipv4,ziyadnz|hourly,2026-08-17T18:48:05Z,2026-08-17T18:48:05Z,
8.216.16.118,ipv4,malicious-ip,medium,WHITE,ziyadnz/hourly-ipv4,ziyadnz|hourly,2026-08-17T18:48:05Z,2026-08-17T18:48:05Z,
8.216.16.120,ipv4,malicious-ip,medium,WHITE,ziyadnz/hourly-ipv4,ziyadnz|hourly,2026-08-17T18:48:05Z,2026-08-17T18:48:05Z,
8.216.16.121,ipv4,malicious-ip,medium,WHITE,ziyadnz/hourly-ipv4,ziyadnz|hourly,2026-08-17T18:48:05Z,2026-08-17T18:48:05Z,
8.216.16.144,ipv4,malicious-ip,medium,WHITE,ziyadnz/hourly-ipv4,ziyadnz|hourly,2026-08-17T18:48:05Z,2026-08-17T18:48:05Z,
8.216.16.145,ipv4,malicious-ip,medium,WHITE,ziyadnz/hourly-ipv4,ziyadnz|hourly,2026-08-17T18:48:05Z,2026-08-17T18:48:05Z,
8.216.16.15,ipv4,malicious-ip,medium,WHITE,ziyadnz/hourly-ipv4,ziyadnz|hourly,2026-08-17T18:48:05Z,2026-08-17T18:48:05Z,
8.216.16.150,ipv4,malicious-ip,medium,WHITE,ziyadnz/hourly-ipv4,ziyadnz|hourly,2026-08-17T18:48:05Z,2026-08-17T18:48:05Z,
8.216.16.156,ipv4,malicious-ip,medium,WHITE,ziyadnz/hourly-ipv4,ziyadnz|hourly,2026-08-17T18:48:05Z,2026-08-17T18:48:05Z,
8.216.16.157,ipv4,malicious-ip,medium,WHITE,ziyadnz/hourly-ipv4,ziyadnz|hourly,2026-08-17T18:48:05Z,2026-08-17T18:48:05Z,
8.216.16.162,ipv4,malicious-ip,medium,WHITE,ziyadnz/hourly-ipv4,ziyadnz|hourly,2026-08-17T18:48:05Z,2026-08-17T18:48:05Z,
8.216.16.169,ipv4,malicious-ip,medium,WHITE,ziyadnz/hourly-ipv4,ziyadnz|hourly,2026-08-17T18:48:05Z,2026-08-17T18:48:05Z,
8.216.16.177,ipv4,malicious-ip,medium,WHITE,ziyadnz/hourly-ipv4,ziyadnz|hourly,2026-08-17T18:48:05Z,2026-08-17T18:48:05Z,
8.216.16.18,ipv4,malicious-ip,medium,WHITE,ziyadnz/hourly-ipv4,ziyadnz|hourly,2026-08-17T18:48:05Z,2026-08-17T18:48:05Z,
8.216.16.2,ipv4,malicious-ip,medium,WHITE,ziyadnz/hourly-ipv4,ziyadnz|hourly,2026-08-17T18:48:05Z,2026-08-17T18:48:05Z,
8.216.16.200,ipv4,malicious-ip,medium,WHITE,ziyadnz/hourly-ipv4,ziyadnz|hourly,2026-08-17T18:48:05Z,2026-08-17T18:48:05Z,
8.216.16.212,ipv4,malicious-ip,medium,WHITE,ziyadnz/hourly-ipv4,ziyadnz|hourly,2026-08-17T18:48:05Z,2026-08-17T18:48:05Z,
8.216.16.213,ipv4,malicious-ip,medium,WHITE,ziyadnz/hourly-ipv4,ziyadnz|hourly,2026-08-17T18:48:05Z,2026-08-17T18:48:05Z,
8.216.16.49,ipv4,malicious-ip,medium,WHITE,ziyadnz/hourly-ipv4,ziyadnz|hourly,2026-08-17T18:48:05Z,2026-08-17T18:48:05Z,
8.216.16.52,ipv4,malicious-ip,medium,WHITE,ziyadnz/hourly-ipv4,ziyadnz|hourly,2026-08-17T18:48:05Z,2026-08-17T18:48:05Z,
8.216.16.62,ipv4,malicious-ip,medium,WHITE,ziyadnz/hourly-ipv4,ziyadnz|hourly,2026-08-17T18:48:05Z,2026-08-17T18:48:05Z,
8.216.16.79,ipv4,malicious-ip,medium,WHITE,ziyadnz/hourly-ipv4,ziyadnz|hourly,2026-08-17T18:48:05Z,2026-08-17T18:48:05Z,
8.216.16.92,ipv4,malicious-ip,medium,WHITE,ziyadnz/hourly-ipv4,ziyadnz|hourly,2026-08-17T18:48:05Z,2026-08-17T18:48:05Z,
8.216.16.99,ipv4,malicious-ip,medium,WHITE,ziyadnz/hourly-ipv4,ziyadnz|hourly,2026-08-17T18:48:05Z,2026-08-17T18:48:05Z,
8.216.17.105,ipv4,malicious-ip,medium,WHITE,ziyadnz/hourly-ipv4,ziyadnz|hourly,2026-08-17T18:48:05Z,2026-08-17T18:48:05Z,
8.216.17.118,ipv4,malicious-ip,medium,WHITE,ziyadnz/hourly-ipv4,ziyadnz|hourly,2026-08-17T18:48:05Z,2026-08-17T18:48:05Z,
8.216.17.120,ipv4,malicious-ip,medium,WHITE,ziyadnz/hourly-ipv4,ziyadnz|hourly,2026-08-17T18:48:05Z,2026-08-17T18:48:05Z,
8.216.17.135,ipv4,malicious-ip,medium,WHITE,ziyadnz/hourly-ipv4,ziyadnz|hourly,2026-08-17T18:48:05Z,2026-08-17T18:48:05Z,
8.216.17.156,ipv4,malicious-ip,medium,WHITE,ziyadnz/hourly-ipv4,ziyadnz|hourly,2026-08-17T18:48:05Z,2026-08-17T18:48:05Z,
8.216.17.157,ipv4,malicious-ip,medium,WHITE,ziyadnz/hourly-ipv4,ziyadnz|hourly,2026-08-17T18:48:05Z,2026-08-17T18:48:05Z,
8.216.17.161,ipv4,malicious-ip,medium,WHITE,ziyadnz/hourly-ipv4,ziyadnz|hourly,2026-08-17T18:48:05Z,2026-08-17T18:48:05Z,
8.216.17.164,ipv4,malicious-ip,medium,WHITE,ziyadnz/hourly-ipv4,ziyadnz|hourly,2026-08-17T18:48:05Z,2026-08-17T18:48:05Z,
8.216.17.173,ipv4,malicious-ip,medium,WHITE,ziyadnz/hourly-ipv4,ziyadnz|hourly,2026-08-17T18:48:05Z,2026-08-17T18:48:05Z,
8.216.17.176,ipv4,malicious-ip,medium,WHITE,ziyadnz/hourly-ipv4,ziyadnz|hourly,2026-08-17T18:48:05Z,2026-08-17T18:48:05Z,
8.216.17.181,ipv4,malicious-ip,medium,WHITE,ziyadnz/hourly-ipv4,ziyadnz|hourly,2026-08-17T18:48:05Z,2026-08-17T18:48:05Z,
8.216.17.194,ipv4,malicious-ip,medium,WHITE,ziyadnz/hourly-ipv4,ziyadnz|hourly,2026-08-17T18:48:05Z,2026-08-17T18:48:05Z,
8.216.17.196,ipv4,malicious-ip,medium,WHITE,ziyadnz/hourly-ipv4,ziyadnz|hourly,2026-08-17T18:48:05Z,2026-08-17T18:48:05Z,
8.216.17.198,ipv4,malicious-ip,medium,WHITE,ziyadnz/hourly-ipv4,ziyadnz|hourly,2026-08-17T18:48:05Z,2026-08-17T18:48:05Z,
8.216.17.216,ipv4,malicious-ip,medium,WHITE,ziyadnz/hourly-ipv4,ziyadnz|hourly,2026-08-17T18:48:05Z,2026-08-17T18:48:05Z,
8.216.17.22,ipv4,malicious-ip,medium,WHITE,ziyadnz/hourly-ipv4,ziyadnz|hourly,2026-08-17T18:48:05Z,2026-08-17T18:48:05Z,
8.216.17.228,ipv4,malicious-ip,medium,WHITE,ziyadnz/hourly-ipv4,ziyadnz|hourly,2026-08-17T18:48:05Z,2026-08-17T18:48:05Z,
8.216.17.233,ipv4,malicious-ip,medium,WHITE,ziyadnz/hourly-ipv4,ziyadnz|hourly,2026-08-17T18:48:05Z,2026-08-17T18:48:05Z,
8.216.17.243,ipv4,malicious-ip,medium,WHITE,ziyadnz/hourly-ipv4,ziyadnz|hourly,2026-08-17T18:48:05Z,2026-08-17T18:48:05Z,
8.216.17.247,ipv4,malicious-ip,medium,WHITE,ziyadnz/hourly-ipv4,ziyadnz|hourly,2026-08-17T18:48:05Z,2026-08-17T18:48:05Z,
8.216.17.25,ipv4,malicious-ip,medium,WHITE,ziyadnz/hourly-ipv4,ziyadnz|hourly,2026-08-17T18:48:05Z,2026-08-17T18:48:05Z,
8.216.17.50,ipv4,malicious-ip,medium,WHITE,ziyadnz/hourly-ipv4,ziyadnz|hourly,2026-08-17T18:48:05Z,2026-08-17T18:48:05Z,
8.216.17.61,ipv4,malicious-ip,medium,WHITE,ziyadnz/hourly-ipv4,ziyadnz|hourly,2026-08-17T18:48:05Z,2026-08-17T18:48:05Z,
8.216.17.62,ipv4,malicious-ip,medium,WHITE,ziyadnz/hourly-ipv4,ziyadnz|hourly,2026-08-17T18:48:05Z,2026-08-17T18:48:05Z,
8.216.17.79,ipv4,malicious-ip,medium,WHITE,ziyadnz/hourly-ipv4,ziyadnz|hourly,2026-08-17T18:48:05Z,2026-08-17T18:48:05Z,
8.216.17.84,ipv4,malicious-ip,medium,WHITE,ziyadnz/hourly-ipv4,ziyadnz|hourly,2026-08-17T18:48:05Z,2026-08-17T18:48:05Z,
8.216.17.90,ipv4,malicious-ip,medium,WHITE,ziyadnz/hourly-ipv4,ziyadnz|hourly,2026-08-17T18:48:05Z,2026-08-17T18:48:05Z,
8.216.17.97,ipv4,malicious-ip,medium,WHITE,ziyadnz/hourly-ipv4,ziyadnz|hourly,2026-08-17T18:48:05Z,2026-08-17T18:48:05Z,
8.216.18.107,ipv4,malicious-ip,medium,WHITE,ziyadnz/hourly-ipv4,ziyadnz|hourly,2026-08-17T18:48:05Z,2026-08-17T18:48:05Z,
8.216.18.14,ipv4,malicious-ip,medium,WHITE,ziyadnz/hourly-ipv4,ziyadnz|hourly,2026-08-17T18:48:05Z,2026-08-17T18:48:05Z,
8.216.2.104,ipv4,malicious-ip,medium,WHITE,ziyadnz/hourly-ipv4,ziyadnz|hourly,2026-08-17T18:48:05Z,2026-08-17T18:48:05Z,
8.216.2.108,ipv4,malicious-ip,medium,WHITE,ziyadnz/hourly-ipv4,ziyadnz|hourly,2026-08-17T18:48:05Z,2026-08-17T18:48:05Z,
8.216.2.109,ipv4,malicious-ip,medium,WHITE,ziyadnz/hourly-ipv4,ziyadnz|hourly,2026-08-17T18:48:05Z,2026-08-17T18:48:05Z,
8.216.2.110,ipv4,malicious-ip,medium,WHITE,ziyadnz/hourly-ipv4,ziyadnz|hourly,2026-08-17T18:48:05Z,2026-08-17T18:48:05Z,
8.216.2.17,ipv4,malicious-ip,medium,WHITE,ziyadnz/hourly-ipv4,ziyadnz|hourly,2026-08-17T18:48:05Z,2026-08-17T18:48:05Z,
8.216.2.191,ipv4,malicious-ip,medium,WHITE,ziyadnz/hourly-ipv4,ziyadnz|hourly,2026-08-17T18:48:05Z,2026-08-17T18:48:05Z,
8.216.2.27,ipv4,malicious-ip,medium,WHITE,ziyadnz/hourly-ipv4,ziyadnz|hourly,2026-08-17T18:48:05Z,2026-08-17T18:48:05Z,
8.216.2.28,ipv4,malicious-ip,medium,WHITE,ziyadnz/hourly-ipv4,ziyadnz|hourly,2026-08-17T18:48:05Z,2026-08-17T18:48:05Z,
8.216.2.43,ipv4,malicious-ip,medium,WHITE,ziyadnz/hourly-ipv4,ziyadnz|hourly,2026-08-17T18:48:05Z,2026-08-17T18:48:05Z,
8.216.2.69,ipv4,malicious-ip,medium,WHITE,ziyadnz/hourly-ipv4,ziyadnz|hourly,2026-08-17T18:48:05Z,2026-08-17T18:48:05Z,
8.216.2.81,ipv4,malicious-ip,medium,WHITE,ziyadnz/hourly-ipv4,ziyadnz|hourly,2026-08-17T18:48:05Z,2026-08-17T18:48:05Z,
8.216.2.9,ipv4,malicious-ip,medium,WHITE,ziyadnz/hourly-ipv4,ziyadnz|hourly,2026-08-17T18:48:05Z,2026-08-17T18:48:05Z,
8.216.3.1,ipv4,malicious-ip,medium,WHITE,ziyadnz/hourly-ipv4,ziyadnz|hourly,2026-08-17T18:48:05Z,2026-08-17T18:48:05Z,
8.216.3.102,ipv4,malicious-ip,medium,WHITE,ziyadnz/hourly-ipv4,ziyadnz|hourly,2026-08-17T18:48:05Z,2026-08-17T18:48:05Z,
8.216.3.150,ipv4,malicious-ip,medium,WHITE,ziyadnz/hourly-ipv4,ziyadnz|hourly,2026-08-17T18:48:05Z,2026-08-17T18:48:05Z,
8.216.3.153,ipv4,malicious-ip,medium,WHITE,ziyadnz/hourly-ipv4,ziyadnz|hourly,2026-08-17T18:48:05Z,2026-08-17T18:48:05Z,
8.216.3.165,ipv4,malicious-ip,medium,WHITE,ziyadnz/hourly-ipv4,ziyadnz|hourly,2026-08-17T18:48:05Z,2026-08-17T18:48:05Z,
8.216.3.19,ipv4,malicious-ip,medium,WHITE,ziyadnz/hourly-ipv4,ziyadnz|hourly,2026-08-17T18:48:05Z,2026-08-17T18:48:05Z,
8.216.3.201,ipv4,malicious-ip,medium,WHITE,ziyadnz/hourly-ipv4,ziyadnz|hourly,2026-08-17T18:48:05Z,2026-08-17T18:48:05Z,
8.216.3.203,ipv4,malicious-ip,medium,WHITE,ziyadnz/hourly-ipv4,ziyadnz|hourly,2026-08-17T18:48:05Z,2026-08-17T18:48:05Z,
8.216.3.204,ipv4,malicious-ip,medium,WHITE,ziyadnz/hourly-ipv4,ziyadnz|hourly,2026-08-17T18:48:05Z,2026-08-17T18:48:05Z,
8.216.3.212,ipv4,malicious-ip,medium,WHITE,ziyadnz/hourly-ipv4,ziyadnz|hourly,2026-08-17T18:48:05Z,2026-08-17T18:48:05Z,
8.216.3.215,ipv4,malicious-ip,medium,WHITE,ziyadnz/hourly-ipv4,ziyadnz|hourly,2026-08-17T18:48:05Z,2026-08-17T18:48:05Z,
8.216.3.218,ipv4,malicious-ip,medium,WHITE,ziyadnz/hourly-ipv4,ziyadnz|hourly,2026-08-17T18:48:05Z,2026-08-17T18:48:05Z,
8.216.3.244,ipv4,malicious-ip,medium,WHITE,ziyadnz/hourly-ipv4,ziyadnz|hourly,2026-08-17T18:48:05Z,2026-08-17T18:48:05Z,
8.216.3.248,ipv4,malicious-ip,medium,WHITE,ziyadnz/hourly-ipv4,ziyadnz|hourly,2026-08-17T18:48:05Z,2026-08-17T18:48:05Z,
8.216.3.28,ipv4,malicious-ip,medium,WHITE,ziyadnz/hourly-ipv4,ziyadnz|hourly,2026-08-17T18:48:05Z,2026-08-17T18:48:05Z,
8.216.3.29,ipv4,malicious-ip,medium,WHITE,ziyadnz/hourly-ipv4,ziyadnz|hourly,2026-08-17T18:48:05Z,2026-08-17T18:48:05Z,
8.216.3.3,ipv4,malicious-ip,medium,WHITE,ziyadnz/hourly-ipv4,ziyadnz|hourly,2026-08-17T18:48:05Z,2026-08-17T18:48:05Z,
8.216.3.36,ipv4,malicious-ip,medium,WHITE,ziyadnz/hourly-ipv4,ziyadnz|hourly,2026-08-17T18:48:05Z,2026-08-17T18:48:05Z,
8.216.3.37,ipv4,malicious-ip,medium,WHITE,ziyadnz/hourly-ipv4,ziyadnz|hourly,2026-08-17T18:48:05Z,2026-08-17T18:48:05Z,
8.216.3.51,ipv4,malicious-ip,medium,WHITE,ziyadnz/hourly-ipv4,ziyadnz|hourly,2026-08-17T18:48:05Z,2026-08-17T18:48:05Z,
8.216.3.56,ipv4,malicious-ip,medium,WHITE,ziyadnz/hourly-ipv4,ziyadnz|hourly,2026-08-17T18:48:05Z,2026-08-17T18:48:05Z,
8.216.3.60,ipv4,malicious-ip,medium,WHITE,ziyadnz/hourly-ipv4,ziyadnz|hourly,2026-08-17T18:48:05Z,2026-08-17T18:48:05Z,
8.216.3.62,ipv4,malicious-ip,medium,WHITE,ziyadnz/hourly-ipv4,ziyadnz|hourly,2026-08-17T18:48:05Z,2026-08-17T18:48:05Z,
8.216.3.63,ipv4,malicious-ip,medium,WHITE,ziyadnz/hourly-ipv4,ziyadnz|hourly,2026-08-17T18:48:05Z,2026-08-17T18:48:05Z,
8.216.3.84,ipv4,malicious-ip,medium,WHITE,ziyadnz/hourly-ipv4,ziyadnz|hourly,2026-08-17T18:48:05Z,2026-08-17T18:48:05Z,
8.216.3.87,ipv4,malicious-ip,medium,WHITE,ziyadnz/hourly-ipv4,ziyadnz|hourly,2026-08-17T18:48:05Z,2026-08-17T18:48:05Z,
8.216.3.89,ipv4,malicious-ip,medium,WHITE,ziyadnz/hourly-ipv4,ziyadnz|hourly,2026-08-17T18:48:05Z,2026-08-17T18:48:05Z,
8.216.3.96,ipv4,malicious-ip,medium,WHITE,ziyadnz/hourly-ipv4,ziyadnz|hourly,2026-08-17T18:48:05Z,2026-08-17T18:48:05Z,
8.216.4.100,ipv4,malicious-ip,medium,WHITE,ziyadnz/hourly-ipv4,ziyadnz|hourly,2026-08-17T18:48:05Z,2026-08-17T18:48:05Z,
8.216.4.104,ipv4,malicious-ip,medium,WHITE,ziyadnz/hourly-ipv4,ziyadnz|hourly,2026-08-17T18:48:05Z,2026-08-17T18:48:05Z,
8.216.4.105,ipv4,malicious-ip,medium,WHITE,ziyadnz/hourly-ipv4,ziyadnz|hourly,2026-08-17T18:48:05Z,2026-08-17T18:48:05Z,
8.216.4.113,ipv4,malicious-ip,medium,WHITE,ziyadnz/hourly-ipv4,ziyadnz|hourly,2026-08-17T18:48:05Z,2026-08-17T18:48:05Z,
8.216.4.127,ipv4,malicious-ip,medium,WHITE,ziyadnz/hourly-ipv4,ziyadnz|hourly,2026-08-17T18:48:05Z,2026-08-17T18:48:05Z,
8.216.4.13,ipv4,malicious-ip,medium,WHITE,ziyadnz/hourly-ipv4,ziyadnz|hourly,2026-08-17T18:48:05Z,2026-08-17T18:48:05Z,
8.216.4.132,ipv4,malicious-ip,medium,WHITE,ziyadnz/hourly-ipv4,ziyadnz|hourly,2026-08-17T18:48:05Z,2026-08-17T18:48:05Z,
8.216.4.148,ipv4,malicious-ip,medium,WHITE,ziyadnz/hourly-ipv4,ziyadnz|hourly,2026-08-17T18:48:05Z,2026-08-17T18:48:05Z,
8.216.4.162,ipv4,malicious-ip,medium,WHITE,ziyadnz/hourly-ipv4,ziyadnz|hourly,2026-08-17T18:48:05Z,2026-08-17T18:48:05Z,
8.216.4.184,ipv4,malicious-ip,medium,WHITE,ziyadnz/hourly-ipv4,ziyadnz|hourly,2026-08-17T18:48:05Z,2026-08-17T18:48:05Z,
8.216.4.187,ipv4,malicious-ip,medium,WHITE,ziyadnz/hourly-ipv4,ziyadnz|hourly,2026-08-17T18:48:05Z,2026-08-17T18:48:05Z,
8.216.4.19,ipv4,malicious-ip,medium,WHITE,ziyadnz/hourly-ipv4,ziyadnz|hourly,2026-08-17T18:48:05Z,2026-08-17T18:48:05Z,
8.216.4.212,ipv4,malicious-ip,medium,WHITE,ziyadnz/hourly-ipv4,ziyadnz|hourly,2026-08-17T18:48:05Z,2026-08-17T18:48:05Z,
8.216.4.234,ipv4,malicious-ip,medium,WHITE,ziyadnz/hourly-ipv4,ziyadnz|hourly,2026-08-17T18:48:05Z,2026-08-17T18:48:05Z,
8.216.4.24,ipv4,malicious-ip,medium,WHITE,ziyadnz/hourly-ipv4,ziyadnz|hourly,2026-08-17T18:48:05Z,2026-08-17T18:48:05Z,
8.216.4.241,ipv4,malicious-ip,medium,WHITE,ziyadnz/hourly-ipv4,ziyadnz|hourly,2026-08-17T18:48:05Z,2026-08-17T18:48:05Z,
8.216.4.247,ipv4,malicious-ip,medium,WHITE,ziyadnz/hourly-ipv4,ziyadnz|hourly,2026-08-17T18:48:05Z,2026-08-17T18:48:05Z,
8.216.4.250,ipv4,malicious-ip,medium,WHITE,ziyadnz/hourly-ipv4,ziyadnz|hourly,2026-08-17T18:48:05Z,2026-08-17T18:48:05Z,
8.216.4.251,ipv4,malicious-ip,medium,WHITE,ziyadnz/hourly-ipv4,ziyadnz|hourly,2026-08-17T18:48:05Z,2026-08-17T18:48:05Z,
8.216.4.35,ipv4,malicious-ip,medium,WHITE,ziyadnz/hourly-ipv4,ziyadnz|hourly,2026-08-17T18:48:05Z,2026-08-17T18:48:05Z,
8.216.4.37,ipv4,malicious-ip,medium,WHITE,ziyadnz/hourly-ipv4,ziyadnz|hourly,2026-08-17T18:48:05Z,2026-08-17T18:48:05Z,
8.216.4.52,ipv4,malicious-ip,medium,WHITE,ziyadnz/hourly-ipv4,ziyadnz|hourly,2026-08-17T18:48:05Z,2026-08-17T18:48:05Z,
8.216.4.57,ipv4,malicious-ip,medium,WHITE,ziyadnz/hourly-ipv4,ziyadnz|hourly,2026-08-17T18:48:05Z,2026-08-17T18:48:05Z,
8.216.4.60,ipv4,malicious-ip,medium,WHITE,ziyadnz/hourly-ipv4,ziyadnz|hourly,2026-08-17T18:48:05Z,2026-08-17T18:48:05Z,
8.216.4.64,ipv4,malicious-ip,medium,WHITE,ziyadnz/hourly-ipv4,ziyadnz|hourly,2026-08-17T18:48:05Z,2026-08-17T18:48:05Z,
8.216.4.67,ipv4,malicious-ip,medium,WHITE,ziyadnz/hourly-ipv4,ziyadnz|hourly,2026-08-17T18:48:05Z,2026-08-17T18:48:05Z,
8.216.4.69,ipv4,malicious-ip,medium,WHITE,ziyadnz/hourly-ipv4,ziyadnz|hourly,2026-08-17T18:48:05Z,2026-08-17T18:48:05Z,
8.216.4.72,ipv4,malicious-ip,medium,WHITE,ziyadnz/hourly-ipv4,ziyadnz|hourly,2026-08-17T18:48:05Z,2026-08-17T18:48:05Z,
8.216.4.75,ipv4,malicious-ip,medium,WHITE,ziyadnz/hourly-ipv4,ziyadnz|hourly,2026-08-17T18:48:05Z,2026-08-17T18:48:05Z,
8.216.4.78,ipv4,malicious-ip,medium,WHITE,ziyadnz/hourly-ipv4,ziyadnz|hourly,2026-08-17T18:48:05Z,2026-08-17T18:48:05Z,
8.216.4.8,ipv4,malicious-ip,medium,WHITE,ziyadnz/hourly-ipv4,ziyadnz|hourly,2026-08-17T18:48:05Z,2026-08-17T18:48:05Z,
8.216.4.84,ipv4,malicious-ip,medium,WHITE,ziyadnz/hourly-ipv4,ziyadnz|hourly,2026-08-17T18:48:05Z,2026-08-17T18:48:05Z,
8.216.4.86,ipv4,malicious-ip,medium,WHITE,ziyadnz/hourly-ipv4,ziyadnz|hourly,2026-08-17T18:48:05Z,2026-08-17T18:48:05Z,
8.216.5.102,ipv4,malicious-ip,medium,WHITE,ziyadnz/hourly-ipv4,ziyadnz|hourly,2026-08-17T18:48:05Z,2026-08-17T18:48:05Z,
8.216.5.111,ipv4,malicious-ip,medium,WHITE,ziyadnz/hourly-ipv4,ziyadnz|hourly,2026-08-17T18:48:05Z,2026-08-17T18:48:05Z,
8.216.5.112,ipv4,malicious-ip,medium,WHITE,ziyadnz/hourly-ipv4,ziyadnz|hourly,2026-08-17T18:48:05Z,2026-08-17T18:48:05Z,
8.216.5.114,ipv4,malicious-ip,medium,WHITE,ziyadnz/hourly-ipv4,ziyadnz|hourly,2026-08-17T18:48:05Z,2026-08-17T18:48:05Z,
8.216.5.117,ipv4,malicious-ip,medium,WHITE,ziyadnz/hourly-ipv4,ziyadnz|hourly,2026-08-17T18:48:05Z,2026-08-17T18:48:05Z,
8.216.5.122,ipv4,malicious-ip,medium,WHITE,ziyadnz/hourly-ipv4,ziyadnz|hourly,2026-08-17T18:48:05Z,2026-08-17T18:48:05Z,
8.216.5.132,ipv4,malicious-ip,medium,WHITE,ziyadnz/hourly-ipv4,ziyadnz|hourly,2026-08-17T18:48:05Z,2026-08-17T18:48:05Z,
8.216.5.135,ipv4,malicious-ip,medium,WHITE,ziyadnz/hourly-ipv4,ziyadnz|hourly,2026-08-17T18:48:05Z,2026-08-17T18:48:05Z,
8.216.5.140,ipv4,malicious-ip,medium,WHITE,ziyadnz/hourly-ipv4,ziyadnz|hourly,2026-08-17T18:48:05Z,2026-08-17T18:48:05Z,
8.216.5.142,ipv4,malicious-ip,medium,WHITE,ziyadnz/hourly-ipv4,ziyadnz|hourly,2026-08-17T18:48:05Z,2026-08-17T18:48:05Z,
8.216.5.164,ipv4,malicious-ip,medium,WHITE,ziyadnz/hourly-ipv4,ziyadnz|hourly,2026-08-17T18:48:05Z,2026-08-17T18:48:05Z,
8.216.5.175,ipv4,malicious-ip,medium,WHITE,ziyadnz/hourly-ipv4,ziyadnz|hourly,2026-08-17T18:48:05Z,2026-08-17T18:48:05Z,
8.216.5.176,ipv4,malicious-ip,medium,WHITE,ziyadnz/hourly-ipv4,ziyadnz|hourly,2026-08-17T18:48:05Z,2026-08-17T18:48:05Z,
8.216.5.178,ipv4,malicious-ip,medium,WHITE,ziyadnz/hourly-ipv4,ziyadnz|hourly,2026-08-17T18:48:05Z,2026-08-17T18:48:05Z,
8.216.5.181,ipv4,malicious-ip,medium,WHITE,ziyadnz/hourly-ipv4,ziyadnz|hourly,2026-08-17T18:48:05Z,2026-08-17T18:48:05Z,
8.216.5.198,ipv4,malicious-ip,medium,WHITE,ziyadnz/hourly-ipv4,ziyadnz|hourly,2026-08-17T18:48:05Z,2026-08-17T18:48:05Z,
8.216.5.202,ipv4,malicious-ip,medium,WHITE,ziyadnz/hourly-ipv4,ziyadnz|hourly,2026-08-17T18:48:05Z,2026-08-17T18:48:05Z,
8.216.5.206,ipv4,malicious-ip,medium,WHITE,ziyadnz/hourly-ipv4,ziyadnz|hourly,2026-08-17T18:48:05Z,2026-08-17T18:48:05Z,
8.216.5.21,ipv4,malicious-ip,medium,WHITE,ziyadnz/hourly-ipv4,ziyadnz|hourly,2026-08-17T18:48:05Z,2026-08-17T18:48:05Z,
8.216.5.214,ipv4,malicious-ip,medium,WHITE,ziyadnz/hourly-ipv4,ziyadnz|hourly,2026-08-17T18:48:05Z,2026-08-17T18:48:05Z,
8.216.5.221,ipv4,malicious-ip,medium,WHITE,ziyadnz/hourly-ipv4,ziyadnz|hourly,2026-08-17T18:48:05Z,2026-08-17T18:48:05Z,
8.216.5.224,ipv4,malicious-ip,medium,WHITE,ziyadnz/hourly-ipv4,ziyadnz|hourly,2026-08-17T18:48:05Z,2026-08-17T18:48:05Z,
8.216.5.233,ipv4,malicious-ip,medium,WHITE,ziyadnz/hourly-ipv4,ziyadnz|hourly,2026-08-17T18:48:05Z,2026-08-17T18:48:05Z,
8.216.5.244,ipv4,malicious-ip,medium,WHITE,ziyadnz/hourly-ipv4,ziyadnz|hourly,2026-08-17T18:48:05Z,2026-08-17T18:48:05Z,
8.216.5.246,ipv4,malicious-ip,medium,WHITE,ziyadnz/hourly-ipv4,ziyadnz|hourly,2026-08-17T18:48:05Z,2026-08-17T18:48:05Z,
8.216.5.249,ipv4,malicious-ip,medium,WHITE,ziyadnz/hourly-ipv4,ziyadnz|hourly,2026-08-17T18:48:05Z,2026-08-17T18:48:05Z,
8.216.5.30,ipv4,malicious-ip,medium,WHITE,ziyadnz/hourly-ipv4,ziyadnz|hourly,2026-08-17T18:48:05Z,2026-08-17T18:48:05Z,
8.216.5.47,ipv4,malicious-ip,medium,WHITE,ziyadnz/hourly-ipv4,ziyadnz|hourly,2026-08-17T18:48:05Z,2026-08-17T18:48:05Z,
8.216.5.52,ipv4,malicious-ip,medium,WHITE,ziyadnz/hourly-ipv4,ziyadnz|hourly,2026-08-17T18:48:05Z,2026-08-17T18:48:05Z,
8.216.5.64,ipv4,malicious-ip,medium,WHITE,ziyadnz/hourly-ipv4,ziyadnz|hourly,2026-08-17T18:48:05Z,2026-08-17T18:48:05Z,
8.216.5.7,ipv4,malicious-ip,medium,WHITE,ziyadnz/hourly-ipv4,ziyadnz|hourly,2026-08-17T18:48:05Z,2026-08-17T18:48:05Z,
8.216.5.76,ipv4,malicious-ip,medium,WHITE,ziyadnz/hourly-ipv4,ziyadnz|hourly,2026-08-17T18:48:05Z,2026-08-17T18:48:05Z,
8.216.5.77,ipv4,malicious-ip,medium,WHITE,ziyadnz/hourly-ipv4,ziyadnz|hourly,2026-08-17T18:48:05Z,2026-08-17T18:48:05Z,
8.216.5.82,ipv4,malicious-ip,medium,WHITE,ziyadnz/hourly-ipv4,ziyadnz|hourly,2026-08-17T18:48:05Z,2026-08-17T18:48:05Z,
8.216.5.94,ipv4,malicious-ip,medium,WHITE,ziyadnz/hourly-ipv4,ziyadnz|hourly,2026-08-17T18:48:05Z,2026-08-17T18:48:05Z,
8.216.5.99,ipv4,malicious-ip,medium,WHITE,ziyadnz/hourly-ipv4,ziyadnz|hourly,2026-08-17T18:48:05Z,2026-08-17T18:48:05Z,
8.216.6.0,ipv4,malicious-ip,medium,WHITE,ziyadnz/hourly-ipv4,ziyadnz|hourly,2026-08-17T18:48:05Z,2026-08-17T18:48:05Z,
8.216.6.115,ipv4,malicious-ip,medium,WHITE,ziyadnz/hourly-ipv4,ziyadnz|hourly,2026-08-17T18:48:05Z,2026-08-17T18:48:05Z,
8.216.6.127,ipv4,malicious-ip,medium,WHITE,ziyadnz/hourly-ipv4,ziyadnz|hourly,2026-08-17T18:48:05Z,2026-08-17T18:48:05Z,
8.216.6.132,ipv4,malicious-ip,medium,WHITE,ziyadnz/hourly-ipv4,ziyadnz|hourly,2026-08-17T18:48:05Z,2026-08-17T18:48:05Z,
8.216.6.133,ipv4,malicious-ip,medium,WHITE,ziyadnz/hourly-ipv4,ziyadnz|hourly,2026-08-17T18:48:05Z,2026-08-17T18:48:05Z,
8.216.6.146,ipv4,malicious-ip,medium,WHITE,ziyadnz/hourly-ipv4,ziyadnz|hourly,2026-08-17T18:48:05Z,2026-08-17T18:48:05Z,
8.216.6.154,ipv4,malicious-ip,medium,WHITE,ziyadnz/hourly-ipv4,ziyadnz|hourly,2026-08-17T18:48:05Z,2026-08-17T18:48:05Z,
8.216.6.191,ipv4,malicious-ip,medium,WHITE,ziyadnz/hourly-ipv4,ziyadnz|hourly,2026-08-17T18:48:05Z,2026-08-17T18:48:05Z,
8.216.6.198,ipv4,malicious-ip,medium,WHITE,ziyadnz/hourly-ipv4,ziyadnz|hourly,2026-08-17T18:48:05Z,2026-08-17T18:48:05Z,
8.216.6.206,ipv4,malicious-ip,medium,WHITE,ziyadnz/hourly-ipv4,ziyadnz|hourly,2026-08-17T18:48:05Z,2026-08-17T18:48:05Z,
8.216.6.219,ipv4,malicious-ip,medium,WHITE,ziyadnz/hourly-ipv4,ziyadnz|hourly,2026-08-17T18:48:05Z,2026-08-17T18:48:05Z,
8.216.6.220,ipv4,malicious-ip,medium,WHITE,ziyadnz/hourly-ipv4,ziyadnz|hourly,2026-08-17T18:48:05Z,2026-08-17T18:48:05Z,
8.216.6.222,ipv4,malicious-ip,medium,WHITE,ziyadnz/hourly-ipv4,ziyadnz|hourly,2026-08-17T18:48:05Z,2026-08-17T18:48:05Z,
8.216.6.235,ipv4,malicious-ip,medium,WHITE,ziyadnz/hourly-ipv4,ziyadnz|hourly,2026-08-17T18:48:05Z,2026-08-17T18:48:05Z,
8.216.6.249,ipv4,malicious-ip,medium,WHITE,ziyadnz/hourly-ipv4,ziyadnz|hourly,2026-08-17T18:48:05Z,2026-08-17T18:48:05Z,
8.216.6.27,ipv4,malicious-ip,medium,WHITE,ziyadnz/hourly-ipv4,ziyadnz|hourly,2026-08-17T18:48:05Z,2026-08-17T18:48:05Z,
8.216.6.44,ipv4,malicious-ip,medium,WHITE,ziyadnz/hourly-ipv4,ziyadnz|hourly,2026-08-17T18:48:05Z,2026-08-17T18:48:05Z,
8.216.6.5,ipv4,malicious-ip,medium,WHITE,ziyadnz/hourly-ipv4,ziyadnz|hourly,2026-08-17T18:48:05Z,2026-08-17T18:48:05Z,
8.216.6.6,ipv4,malicious-ip,medium,WHITE,ziyadnz/hourly-ipv4,ziyadnz|hourly,2026-08-17T18:48:05Z,2026-08-17T18:48:05Z,
8.216.6.61,ipv4,malicious-ip,medium,WHITE,ziyadnz/hourly-ipv4,ziyadnz|hourly,2026-08-17T18:48:05Z,2026-08-17T18:48:05Z,
8.216.6.87,ipv4,malicious-ip,medium,WHITE,ziyadnz/hourly-ipv4,ziyadnz|hourly,2026-08-17T18:48:05Z,2026-08-17T18:48:05Z,
8.216.7.102,ipv4,malicious-ip,medium,WHITE,ziyadnz/hourly-ipv4,ziyadnz|hourly,2026-08-17T18:48:05Z,2026-08-17T18:48:05Z,
8.216.7.115,ipv4,malicious-ip,medium,WHITE,ziyadnz/hourly-ipv4,ziyadnz|hourly,2026-08-17T18:48:05Z,2026-08-17T18:48:05Z,
8.216.7.116,ipv4,malicious-ip,medium,WHITE,ziyadnz/hourly-ipv4,ziyadnz|hourly,2026-08-17T18:48:05Z,2026-08-17T18:48:05Z,
8.216.7.135,ipv4,malicious-ip,medium,WHITE,ziyadnz/hourly-ipv4,ziyadnz|hourly,2026-08-17T18:48:05Z,2026-08-17T18:48:05Z,
8.216.7.14,ipv4,malicious-ip,medium,WHITE,ziyadnz/hourly-ipv4,ziyadnz|hourly,2026-08-17T18:48:05Z,2026-08-17T18:48:05Z,
8.216.7.143,ipv4,malicious-ip,medium,WHITE,ziyadnz/hourly-ipv4,ziyadnz|hourly,2026-08-17T18:48:05Z,2026-08-17T18:48:05Z,
8.216.7.170,ipv4,malicious-ip,medium,WHITE,ziyadnz/hourly-ipv4,ziyadnz|hourly,2026-08-17T18:48:05Z,2026-08-17T18:48:05Z,
8.216.7.173,ipv4,malicious-ip,medium,WHITE,ziyadnz/hourly-ipv4,ziyadnz|hourly,2026-08-17T18:48:05Z,2026-08-17T18:48:05Z,
8.216.7.175,ipv4,malicious-ip,medium,WHITE,ziyadnz/hourly-ipv4,ziyadnz|hourly,2026-08-17T18:48:05Z,2026-08-17T18:48:05Z,
8.216.7.184,ipv4,malicious-ip,medium,WHITE,ziyadnz/hourly-ipv4,ziyadnz|hourly,2026-08-17T18:48:05Z,2026-08-17T18:48:05Z,
8.216.7.189,ipv4,malicious-ip,medium,WHITE,ziyadnz/hourly-ipv4,ziyadnz|hourly,2026-08-17T18:48:05Z,2026-08-17T18:48:05Z,
8.216.7.197,ipv4,malicious-ip,medium,WHITE,ziyadnz/hourly-ipv4,ziyadnz|hourly,2026-08-17T18:48:05Z,2026-08-17T18:48:05Z,
8.216.7.200,ipv4,malicious-ip,medium,WHITE,ziyadnz/hourly-ipv4,ziyadnz|hourly,2026-08-17T18:48:05Z,2026-08-17T18:48:05Z,
8.216.7.215,ipv4,malicious-ip,medium,WHITE,ziyadnz/hourly-ipv4,ziyadnz|hourly,2026-08-17T18:48:05Z,2026-08-17T18:48:05Z,
8.216.7.218,ipv4,malicious-ip,medium,WHITE,ziyadnz/hourly-ipv4,ziyadnz|hourly,2026-08-17T18:48:05Z,2026-08-17T18:48:05Z,
8.216.7.235,ipv4,malicious-ip,medium,WHITE,ziyadnz/hourly-ipv4,ziyadnz|hourly,2026-08-17T18:48:05Z,2026-08-17T18:48:05Z,
8.216.7.238,ipv4,malicious-ip,medium,WHITE,ziyadnz/hourly-ipv4,ziyadnz|hourly,2026-08-17T18:48:05Z,2026-08-17T18:48:05Z,
8.216.7.28,ipv4,malicious-ip,medium,WHITE,ziyadnz/hourly-ipv4,ziyadnz|hourly,2026-08-17T18:48:05Z,2026-08-17T18:48:05Z,
8.216.7.31,ipv4,malicious-ip,medium,WHITE,ziyadnz/hourly-ipv4,ziyadnz|hourly,2026-08-17T18:48:05Z,2026-08-17T18:48:05Z,
8.216.7.37,ipv4,malicious-ip,medium,WHITE,ziyadnz/hourly-ipv4,ziyadnz|hourly,2026-08-17T18:48:05Z,2026-08-17T18:48:05Z,
8.216.7.38,ipv4,malicious-ip,medium,WHITE,ziyadnz/hourly-ipv4,ziyadnz|hourly,2026-08-17T18:48:05Z,2026-08-17T18:48:05Z,
8.216.7.42,ipv4,malicious-ip,medium,WHITE,ziyadnz/hourly-ipv4,ziyadnz|hourly,2026-08-17T18:48:05Z,2026-08-17T18:48:05Z,
8.216.7.64,ipv4,malicious-ip,medium,WHITE,ziyadnz/hourly-ipv4,ziyadnz|hourly,2026-08-17T18:48:05Z,2026-08-17T18:48:05Z,
8.216.7.68,ipv4,malicious-ip,medium,WHITE,ziyadnz/hourly-ipv4,ziyadnz|hourly,2026-08-17T18:48:05Z,2026-08-17T18:48:05Z,
8.216.7.69,ipv4,malicious-ip,medium,WHITE,ziyadnz/hourly-ipv4,ziyadnz|hourly,2026-08-17T18:48:05Z,2026-08-17T18:48:05Z,
8.216.7.7,ipv4,malicious-ip,medium,WHITE,ziyadnz/hourly-ipv4,ziyadnz|hourly,2026-08-17T18:48:05Z,2026-08-17T18:48:05Z,
8.216.7.74,ipv4,malicious-ip,medium,WHITE,ziyadnz/hourly-ipv4,ziyadnz|hourly,2026-08-17T18:48:05Z,2026-08-17T18:48:05Z,
8.216.7.75,ipv4,malicious-ip,medium,WHITE,ziyadnz/hourly-ipv4,ziyadnz|hourly,2026-08-17T18:48:05Z,2026-08-17T18:48:05Z,
8.216.7.76,ipv4,malicious-ip,medium,WHITE,ziyadnz/hourly-ipv4,ziyadnz|hourly,2026-08-17T18:48:05Z,2026-08-17T18:48:05Z,
8.216.7.91,ipv4,malicious-ip,medium,WHITE,ziyadnz/hourly-ipv4,ziyadnz|hourly,2026-08-17T18:48:05Z,2026-08-17T18:48:05Z,
8.216.8.106,ipv4,malicious-ip,medium,WHITE,ziyadnz/hourly-ipv4,ziyadnz|hourly,2026-08-17T18:48:05Z,2026-08-17T18:48:05Z,
8.216.8.108,ipv4,malicious-ip,medium,WHITE,ziyadnz/hourly-ipv4,ziyadnz|hourly,2026-08-17T18:48:05Z,2026-08-17T18:48:05Z,
8.216.8.114,ipv4,malicious-ip,medium,WHITE,ziyadnz/hourly-ipv4,ziyadnz|hourly,2026-08-17T18:48:05Z,2026-08-17T18:48:05Z,
8.216.8.118,ipv4,malicious-ip,medium,WHITE,ziyadnz/hourly-ipv4,ziyadnz|hourly,2026-08-17T18:48:05Z,2026-08-17T18:48:05Z,
8.216.8.122,ipv4,malicious-ip,medium,WHITE,ziyadnz/hourly-ipv4,ziyadnz|hourly,2026-08-17T18:48:05Z,2026-08-17T18:48:05Z,
8.216.8.127,ipv4,malicious-ip,medium,WHITE,ziyadnz/hourly-ipv4,ziyadnz|hourly,2026-08-17T18:48:05Z,2026-08-17T18:48:05Z,
8.216.8.13,ipv4,malicious-ip,medium,WHITE,ziyadnz/hourly-ipv4,ziyadnz|hourly,2026-08-17T18:48:05Z,2026-08-17T18:48:05Z,
8.216.8.131,ipv4,malicious-ip,medium,WHITE,ziyadnz/hourly-ipv4,ziyadnz|hourly,2026-08-17T18:48:05Z,2026-08-17T18:48:05Z,
8.216.8.134,ipv4,malicious-ip,medium,WHITE,ziyadnz/hourly-ipv4,ziyadnz|hourly,2026-08-17T18:48:05Z,2026-08-17T18:48:05Z,
8.216.8.16,ipv4,malicious-ip,medium,WHITE,ziyadnz/hourly-ipv4,ziyadnz|hourly,2026-08-17T18:48:05Z,2026-08-17T18:48:05Z,
8.216.8.161,ipv4,malicious-ip,medium,WHITE,ziyadnz/hourly-ipv4,ziyadnz|hourly,2026-08-17T18:48:05Z,2026-08-17T18:48:05Z,
8.216.8.163,ipv4,malicious-ip,medium,WHITE,ziyadnz/hourly-ipv4,ziyadnz|hourly,2026-08-17T18:48:05Z,2026-08-17T18:48:05Z,
8.216.8.168,ipv4,malicious-ip,medium,WHITE,ziyadnz/hourly-ipv4,ziyadnz|hourly,2026-08-17T18:48:05Z,2026-08-17T18:48:05Z,
8.216.8.179,ipv4,malicious-ip,medium,WHITE,ziyadnz/hourly-ipv4,ziyadnz|hourly,2026-08-17T18:48:05Z,2026-08-17T18:48:05Z,
8.216.8.182,ipv4,malicious-ip,medium,WHITE,ziyadnz/hourly-ipv4,ziyadnz|hourly,2026-08-17T18:48:05Z,2026-08-17T18:48:05Z,
8.216.8.196,ipv4,malicious-ip,medium,WHITE,ziyadnz/hourly-ipv4,ziyadnz|hourly,2026-08-17T18:48:05Z,2026-08-17T18:48:05Z,
8.216.8.213,ipv4,malicious-ip,medium,WHITE,ziyadnz/hourly-ipv4,ziyadnz|hourly,2026-08-17T18:48:05Z,2026-08-17T18:48:05Z,
8.216.8.217,ipv4,malicious-ip,medium,WHITE,ziyadnz/hourly-ipv4,ziyadnz|hourly,2026-08-17T18:48:05Z,2026-08-17T18:48:05Z,
8.216.8.218,ipv4,malicious-ip,medium,WHITE,ziyadnz/hourly-ipv4,ziyadnz|hourly,2026-08-17T18:48:05Z,2026-08-17T18:48:05Z,
8.216.8.223,ipv4,malicious-ip,medium,WHITE,ziyadnz/hourly-ipv4,ziyadnz|hourly,2026-08-17T18:48:05Z,2026-08-17T18:48:05Z,
8.216.8.228,ipv4,malicious-ip,medium,WHITE,ziyadnz/hourly-ipv4,ziyadnz|hourly,2026-08-17T18:48:05Z,2026-08-17T18:48:05Z,
8.216.8.236,ipv4,malicious-ip,medium,WHITE,ziyadnz/hourly-ipv4,ziyadnz|hourly,2026-08-17T18:48:05Z,2026-08-17T18:48:05Z,
8.216.8.246,ipv4,malicious-ip,medium,WHITE,ziyadnz/hourly-ipv4,ziyadnz|hourly,2026-08-17T18:48:05Z,2026-08-17T18:48:05Z,
8.216.8.251,ipv4,malicious-ip,medium,WHITE,ziyadnz/hourly-ipv4,ziyadnz|hourly,2026-08-17T18:48:05Z,2026-08-17T18:48:05Z,
8.216.8.253,ipv4,malicious-ip,medium,WHITE,ziyadnz/hourly-ipv4,ziyadnz|hourly,2026-08-17T18:48:05Z,2026-08-17T18:48:05Z,
8.216.8.28,ipv4,malicious-ip,medium,WHITE,ziyadnz/hourly-ipv4,ziyadnz|hourly,2026-08-17T18:48:05Z,2026-08-17T18:48:05Z,
8.216.8.3,ipv4,malicious-ip,medium,WHITE,ziyadnz/hourly-ipv4,ziyadnz|hourly,2026-08-17T18:48:05Z,2026-08-17T18:48:05Z,
8.216.8.30,ipv4,malicious-ip,medium,WHITE,ziyadnz/hourly-ipv4,ziyadnz|hourly,2026-08-17T18:48:05Z,2026-08-17T18:48:05Z,
8.216.8.37,ipv4,malicious-ip,medium,WHITE,ziyadnz/hourly-ipv4,ziyadnz|hourly,2026-08-17T18:48:05Z,2026-08-17T18:48:05Z,
8.216.8.45,ipv4,malicious-ip,medium,WHITE,ziyadnz/hourly-ipv4,ziyadnz|hourly,2026-08-17T18:48:05Z,2026-08-17T18:48:05Z,
8.216.8.6,ipv4,malicious-ip,medium,WHITE,ziyadnz/hourly-ipv4,ziyadnz|hourly,2026-08-17T18:48:05Z,2026-08-17T18:48:05Z,
8.216.8.64,ipv4,malicious-ip,medium,WHITE,ziyadnz/hourly-ipv4,ziyadnz|hourly,2026-08-17T18:48:05Z,2026-08-17T18:48:05Z,
8.216.8.78,ipv4,malicious-ip,medium,WHITE,ziyadnz/hourly-ipv4,ziyadnz|hourly,2026-08-17T18:48:05Z,2026-08-17T18:48:05Z,
8.216.8.87,ipv4,malicious-ip,medium,WHITE,ziyadnz/hourly-ipv4,ziyadnz|hourly,2026-08-17T18:48:05Z,2026-08-17T18:48:05Z,
8.216.8.90,ipv4,malicious-ip,medium,WHITE,ziyadnz/hourly-ipv4,ziyadnz|hourly,2026-08-17T18:48:05Z,2026-08-17T18:48:05Z,
8.216.86.69,ipv4,malicious-ip,medium,WHITE,ziyadnz/hourly-ipv4,ziyadnz|hourly,2026-08-17T18:48:05Z,2026-08-17T18:48:05Z,
8.216.89.185,ipv4,malicious-ip,medium,WHITE,ziyadnz/hourly-ipv4,ziyadnz|hourly,2026-08-17T18:48:05Z,2026-08-17T18:48:05Z,
8.216.89.31,ipv4,malicious-ip,medium,WHITE,ziyadnz/hourly-ipv4,ziyadnz|hourly,2026-08-17T18:48:05Z,2026-08-17T18:48:05Z,
8.216.9.11,ipv4,malicious-ip,medium,WHITE,ziyadnz/hourly-ipv4,ziyadnz|hourly,2026-08-17T18:48:05Z,2026-08-17T18:48:05Z,
8.216.9.112,ipv4,malicious-ip,medium,WHITE,ziyadnz/hourly-ipv4,ziyadnz|hourly,2026-08-17T18:48:05Z,2026-08-17T18:48:05Z,
8.216.9.116,ipv4,malicious-ip,medium,WHITE,ziyadnz/hourly-ipv4,ziyadnz|hourly,2026-08-17T18:48:05Z,2026-08-17T18:48:05Z,
8.216.9.117,ipv4,malicious-ip,medium,WHITE,ziyadnz/hourly-ipv4,ziyadnz|hourly,2026-08-17T18:48:05Z,2026-08-17T18:48:05Z,
8.216.9.127,ipv4,malicious-ip,medium,WHITE,ziyadnz/hourly-ipv4,ziyadnz|hourly,2026-08-17T18:48:05Z,2026-08-17T18:48:05Z,
8.216.9.133,ipv4,malicious-ip,medium,WHITE,ziyadnz/hourly-ipv4,ziyadnz|hourly,2026-08-17T18:48:05Z,2026-08-17T18:48:05Z,
8.216.9.135,ipv4,malicious-ip,medium,WHITE,ziyadnz/hourly-ipv4,ziyadnz|hourly,2026-08-17T18:48:05Z,2026-08-17T18:48:05Z,
8.216.9.157,ipv4,malicious-ip,medium,WHITE,ziyadnz/hourly-ipv4,ziyadnz|hourly,2026-08-17T18:48:05Z,2026-08-17T18:48:05Z,
8.216.9.168,ipv4,malicious-ip,medium,WHITE,ziyadnz/hourly-ipv4,ziyadnz|hourly,2026-08-17T18:48:05Z,2026-08-17T18:48:05Z,
8.216.9.184,ipv4,malicious-ip,medium,WHITE,ziyadnz/hourly-ipv4,ziyadnz|hourly,2026-08-17T18:48:05Z,2026-08-17T18:48:05Z,
8.216.9.195,ipv4,malicious-ip,medium,WHITE,ziyadnz/hourly-ipv4,ziyadnz|hourly,2026-08-17T18:48:05Z,2026-08-17T18:48:05Z,
8.216.9.20,ipv4,malicious-ip,medium,WHITE,ziyadnz/hourly-ipv4,ziyadnz|hourly,2026-08-17T18:48:05Z,2026-08-17T18:48:05Z,
8.216.9.202,ipv4,malicious-ip,medium,WHITE,ziyadnz/hourly-ipv4,ziyadnz|hourly,2026-08-17T18:48:05Z,2026-08-17T18:48:05Z,
8.216.9.22,ipv4,malicious-ip,medium,WHITE,ziyadnz/hourly-ipv4,ziyadnz|hourly,2026-08-17T18:48:05Z,2026-08-17T18:48:05Z,
8.216.9.222,ipv4,malicious-ip,medium,WHITE,ziyadnz/hourly-ipv4,ziyadnz|hourly,2026-08-17T18:48:05Z,2026-08-17T18:48:05Z,
8.216.9.226,ipv4,malicious-ip,medium,WHITE,ziyadnz/hourly-ipv4,ziyadnz|hourly,2026-08-17T18:48:05Z,2026-08-17T18:48:05Z,
8.216.9.236,ipv4,malicious-ip,medium,WHITE,ziyadnz/hourly-ipv4,ziyadnz|hourly,2026-08-17T18:48:05Z,2026-08-17T18:48:05Z,
8.216.9.247,ipv4,malicious-ip,medium,WHITE,ziyadnz/hourly-ipv4,ziyadnz|hourly,2026-08-17T18:48:05Z,2026-08-17T18:48:05Z,
8.216.9.248,ipv4,malicious-ip,medium,WHITE,ziyadnz/hourly-ipv4,ziyadnz|hourly,2026-08-17T18:48:05Z,2026-08-17T18:48:05Z,
8.216.9.251,ipv4,malicious-ip,medium,WHITE,ziyadnz/hourly-ipv4,ziyadnz|hourly,2026-08-17T18:48:05Z,2026-08-17T18:48:05Z,
8.216.9.252,ipv4,malicious-ip,medium,WHITE,ziyadnz/hourly-ipv4,ziyadnz|hourly,2026-08-17T18:48:05Z,2026-08-17T18:48:05Z,
8.216.9.34,ipv4,malicious-ip,medium,WHITE,ziyadnz/hourly-ipv4,ziyadnz|hourly,2026-08-17T18:48:05Z,2026-08-17T18:48:05Z,
8.216.9.35,ipv4,malicious-ip,medium,WHITE,ziyadnz/hourly-ipv4,ziyadnz|hourly,2026-08-17T18:48:05Z,2026-08-17T18:48:05Z,
8.216.9.48,ipv4,malicious-ip,medium,WHITE,ziyadnz/hourly-ipv4,ziyadnz|hourly,2026-08-17T18:48:05Z,2026-08-17T18:48:05Z,
8.216.9.5,ipv4,malicious-ip,medium,WHITE,ziyadnz/hourly-ipv4,ziyadnz|hourly,2026-08-17T18:48:05Z,2026-08-17T18:48:05Z,
8.216.9.76,ipv4,malicious-ip,medium,WHITE,ziyadnz/hourly-ipv4,ziyadnz|hourly,2026-08-17T18:48:05Z,2026-08-17T18:48:05Z,
8.216.9.83,ipv4,malicious-ip,medium,WHITE,ziyadnz/hourly-ipv4,ziyadnz|hourly,2026-08-17T18:48:05Z,2026-08-17T18:48:05Z,
8.216.9.85,ipv4,malicious-ip,medium,WHITE,ziyadnz/hourly-ipv4,ziyadnz|hourly,2026-08-17T18:48:05Z,2026-08-17T18:48:05Z,
8.216.9.90,ipv4,malicious-ip,medium,WHITE,ziyadnz/hourly-ipv4,ziyadnz|hourly,2026-08-17T18:48:05Z,2026-08-17T18:48:05Z,
8.216.90.185,ipv4,malicious-ip,medium,WHITE,ziyadnz/hourly-ipv4,ziyadnz|hourly,2026-08-17T18:48:05Z,2026-08-17T18:48:05Z,
8.217.0.16,ipv4,malicious-ip,medium,WHITE,ziyadnz/hourly-ipv4,ziyadnz|hourly,2026-08-17T18:48:05Z,2026-08-17T18:48:05Z,
8.217.10.200,ipv4,malicious-ip,medium,WHITE,ziyadnz/hourly-ipv4,ziyadnz|hourly,2026-08-17T18:48:05Z,2026-08-17T18:48:05Z,
8.217.107.107,ipv4,malicious-ip,medium,WHITE,ziyadnz/hourly-ipv4,ziyadnz|hourly,2026-08-17T18:48:05Z,2026-08-17T18:48:05Z,
8.217.11.75,ipv4,malicious-ip,medium,WHITE,ziyadnz/hourly-ipv4,ziyadnz|hourly,2026-08-17T18:48:05Z,2026-08-17T18:48:05Z,
8.217.120.145,ipv4,malicious-ip,medium,WHITE,ziyadnz/hourly-ipv4,ziyadnz|hourly,2026-08-17T18:48:05Z,2026-08-17T18:48:05Z,
8.217.122.186,ipv4,malicious-ip,medium,WHITE,ziyadnz/hourly-ipv4,ziyadnz|hourly,2026-08-17T18:48:05Z,2026-08-17T18:48:05Z,
8.217.125.184,ipv4,malicious-ip,medium,WHITE,ziyadnz/hourly-ipv4,ziyadnz|hourly,2026-08-17T18:48:05Z,2026-08-17T18:48:05Z,
8.217.141.223,ipv4,malicious-ip,medium,WHITE,ziyadnz/hourly-ipv4,ziyadnz|hourly,2026-08-17T18:48:05Z,2026-08-17T18:48:05Z,
8.217.152.225,ipv4,malicious-ip,medium,WHITE,ziyadnz/hourly-ipv4,ziyadnz|hourly,2026-08-17T18:48:05Z,2026-08-17T18:48:05Z,
8.217.169.100,ipv4,malicious-ip,medium,WHITE,ziyadnz/hourly-ipv4,ziyadnz|hourly,2026-08-17T18:48:05Z,2026-08-17T18:48:05Z,
8.217.171.134,ipv4,malicious-ip,medium,WHITE,ziyadnz/hourly-ipv4,ziyadnz|hourly,2026-08-17T18:48:05Z,2026-08-17T18:48:05Z,
8.217.172.14,ipv4,malicious-ip,medium,WHITE,ziyadnz/hourly-ipv4,ziyadnz|hourly,2026-08-17T18:48:05Z,2026-08-17T18:48:05Z,
8.217.177.33,ipv4,malicious-ip,medium,WHITE,ziyadnz/hourly-ipv4,ziyadnz|hourly,2026-08-17T18:48:05Z,2026-08-17T18:48:05Z,
8.217.185.179,ipv4,malicious-ip,medium,WHITE,ziyadnz/hourly-ipv4,ziyadnz|hourly,2026-08-17T18:48:05Z,2026-08-17T18:48:05Z,
8.217.188.94,ipv4,malicious-ip,medium,WHITE,ziyadnz/hourly-ipv4,ziyadnz|hourly,2026-08-17T18:48:05Z,2026-08-17T18:48:05Z,
8.217.190.58,ipv4,malicious-ip,medium,WHITE,ziyadnz/hourly-ipv4,ziyadnz|hourly,2026-08-17T18:48:05Z,2026-08-17T18:48:05Z,
8.217.192.50,ipv4,malicious-ip,medium,WHITE,ziyadnz/hourly-ipv4,ziyadnz|hourly,2026-08-17T18:48:05Z,2026-08-17T18:48:05Z,
8.217.2.20,ipv4,malicious-ip,medium,WHITE,ziyadnz/hourly-ipv4,ziyadnz|hourly,2026-08-17T18:48:05Z,2026-08-17T18:48:05Z,
8.217.232.214,ipv4,malicious-ip,medium,WHITE,ziyadnz/hourly-ipv4,ziyadnz|hourly,2026-08-17T18:48:05Z,2026-08-17T18:48:05Z,
8.217.234.87,ipv4,malicious-ip,medium,WHITE,ziyadnz/hourly-ipv4,ziyadnz|hourly,2026-08-17T18:48:05Z,2026-08-17T18:48:05Z,
8.217.248.249,ipv4,malicious-ip,medium,WHITE,ziyadnz/hourly-ipv4,ziyadnz|hourly,2026-08-17T18:48:05Z,2026-08-17T18:48:05Z,
8.217.38.238,ipv4,malicious-ip,medium,WHITE,ziyadnz/hourly-ipv4,ziyadnz|hourly,2026-08-17T18:48:05Z,2026-08-17T18:48:05Z,
8.217.54.186,ipv4,malicious-ip,medium,WHITE,ziyadnz/hourly-ipv4,ziyadnz|hourly,2026-08-17T18:48:05Z,2026-08-17T18:48:05Z,
8.217.68.84,ipv4,malicious-ip,medium,WHITE,ziyadnz/hourly-ipv4,ziyadnz|hourly,2026-08-17T18:48:05Z,2026-08-17T18:48:05Z,
8.217.74.75,ipv4,malicious-ip,medium,WHITE,ziyadnz/hourly-ipv4,ziyadnz|hourly,2026-08-17T18:48:05Z,2026-08-17T18:48:05Z,
8.217.8.33,ipv4,malicious-ip,medium,WHITE,ziyadnz/hourly-ipv4,ziyadnz|hourly,2026-08-17T18:48:05Z,2026-08-17T18:48:05Z,
8.217.99.120,ipv4,malicious-ip,medium,WHITE,ziyadnz/hourly-ipv4,ziyadnz|hourly,2026-08-17T18:48:05Z,2026-08-17T18:48:05Z,
8.218.153.45,ipv4,malicious-ip,medium,WHITE,ziyadnz/hourly-ipv4,ziyadnz|hourly,2026-08-17T18:48:05Z,2026-08-17T18:48:05Z,
8.218.188.0,ipv4,malicious-ip,medium,WHITE,ziyadnz/hourly-ipv4,ziyadnz|hourly,2026-08-17T18:48:05Z,2026-08-17T18:48:05Z,
8.218.193.53,ipv4,malicious-ip,medium,WHITE,ziyadnz/hourly-ipv4,ziyadnz|hourly,2026-08-17T18:48:05Z,2026-08-17T18:48:05Z,
8.218.194.192,ipv4,malicious-ip,medium,WHITE,ziyadnz/hourly-ipv4,ziyadnz|hourly,2026-08-17T18:48:05Z,2026-08-17T18:48:05Z,
8.218.213.141,ipv4,malicious-ip,medium,WHITE,ziyadnz/hourly-ipv4,ziyadnz|hourly,2026-08-17T18:48:05Z,2026-08-17T18:48:05Z,
8.218.220.196,ipv4,malicious-ip,medium,WHITE,ziyadnz/hourly-ipv4,ziyadnz|hourly,2026-08-17T18:48:05Z,2026-08-17T18:48:05Z,
8.218.222.216,ipv4,malicious-ip,medium,WHITE,ziyadnz/hourly-ipv4,ziyadnz|hourly,2026-08-17T18:48:05Z,2026-08-17T18:48:05Z,
8.218.231.192,ipv4,malicious-ip,medium,WHITE,ziyadnz/hourly-ipv4,ziyadnz|hourly,2026-08-17T18:48:05Z,2026-08-17T18:48:05Z,
8.218.236.85,ipv4,malicious-ip,medium,WHITE,ziyadnz/hourly-ipv4,ziyadnz|hourly,2026-08-17T18:48:05Z,2026-08-17T18:48:05Z,
8.218.240.85,ipv4,malicious-ip,medium,WHITE,ziyadnz/hourly-ipv4,ziyadnz|hourly,2026-08-17T18:48:05Z,2026-08-17T18:48:05Z,
8.218.43.248,ipv4,malicious-ip,medium,WHITE,ziyadnz/hourly-ipv4,ziyadnz|hourly,2026-08-17T18:48:05Z,2026-08-17T18:48:05Z,
8.218.44.75,ipv4,malicious-ip,medium,WHITE,ziyadnz/hourly-ipv4,ziyadnz|hourly,2026-08-17T18:48:05Z,2026-08-17T18:48:05Z,
8.218.68.96,ipv4,malicious-ip,medium,WHITE,ziyadnz/hourly-ipv4,ziyadnz|hourly,2026-08-17T18:48:05Z,2026-08-17T18:48:05Z,
8.218.84.155,ipv4,malicious-ip,medium,WHITE,ziyadnz/hourly-ipv4,ziyadnz|hourly,2026-08-17T18:48:05Z,2026-08-17T18:48:05Z,
8.218.86.19,ipv4,malicious-ip,medium,WHITE,ziyadnz/hourly-ipv4,ziyadnz|hourly,2026-08-17T18:48:05Z,2026-08-17T18:48:05Z,
8.218.88.213,ipv4,malicious-ip,medium,WHITE,ziyadnz/hourly-ipv4,ziyadnz|hourly,2026-08-17T18:48:05Z,2026-08-17T18:48:05Z,
8.219.1.122,ipv4,malicious-ip,medium,WHITE,ziyadnz/hourly-ipv4,ziyadnz|hourly,2026-08-17T18:48:05Z,2026-08-17T18:48:05Z,
8.219.100.182,ipv4,malicious-ip,medium,WHITE,ziyadnz/hourly-ipv4,ziyadnz|hourly,2026-08-17T18:48:05Z,2026-08-17T18:48:05Z,
8.219.102.103,ipv4,malicious-ip,medium,WHITE,ziyadnz/hourly-ipv4,ziyadnz|hourly,2026-08-17T18:48:05Z,2026-08-17T18:48:05Z,
8.219.102.33,ipv4,malicious-ip,medium,WHITE,ziyadnz/hourly-ipv4,ziyadnz|hourly,2026-08-17T18:48:05Z,2026-08-17T18:48:05Z,
8.219.104.8,ipv4,malicious-ip,medium,WHITE,ziyadnz/hourly-ipv4,ziyadnz|hourly,2026-08-17T18:48:05Z,2026-08-17T18:48:05Z,
8.219.106.145,ipv4,malicious-ip,medium,WHITE,ziyadnz/hourly-ipv4,ziyadnz|hourly,2026-08-17T18:48:05Z,2026-08-17T18:48:05Z,
8.219.109.151,ipv4,malicious-ip,medium,WHITE,ziyadnz/hourly-ipv4,ziyadnz|hourly,2026-08-17T18:48:05Z,2026-08-17T18:48:05Z,
8.219.109.83,ipv4,malicious-ip,medium,WHITE,ziyadnz/hourly-ipv4,ziyadnz|hourly,2026-08-17T18:48:05Z,2026-08-17T18:48:05Z,
8.219.114.110,ipv4,malicious-ip,medium,WHITE,ziyadnz/hourly-ipv4,ziyadnz|hourly,2026-08-17T18:48:05Z,2026-08-17T18:48:05Z,
8.219.117.239,ipv4,malicious-ip,medium,WHITE,ziyadnz/hourly-ipv4,ziyadnz|hourly,2026-08-17T18:48:05Z,2026-08-17T18:48:05Z,
8.219.125.155,ipv4,malicious-ip,medium,WHITE,ziyadnz/hourly-ipv4,ziyadnz|hourly,2026-08-17T18:48:05Z,2026-08-17T18:48:05Z,
8.219.126.236,ipv4,malicious-ip,medium,WHITE,ziyadnz/hourly-ipv4,ziyadnz|hourly,2026-08-17T18:48:05Z,2026-08-17T18:48:05Z,
8.219.128.56,ipv4,malicious-ip,medium,WHITE,ziyadnz/hourly-ipv4,ziyadnz|hourly,2026-08-17T18:48:05Z,2026-08-17T18:48:05Z,
8.219.129.133,ipv4,malicious-ip,medium,WHITE,ziyadnz/hourly-ipv4,ziyadnz|hourly,2026-08-17T18:48:05Z,2026-08-17T18:48:05Z,
8.219.132.68,ipv4,malicious-ip,medium,WHITE,ziyadnz/hourly-ipv4,ziyadnz|hourly,2026-08-17T18:48:05Z,2026-08-17T18:48:05Z,
8.219.137.119,ipv4,malicious-ip,medium,WHITE,ziyadnz/hourly-ipv4,ziyadnz|hourly,2026-08-17T18:48:05Z,2026-08-17T18:48:05Z,
8.219.137.42,ipv4,malicious-ip,medium,WHITE,ziyadnz/hourly-ipv4,ziyadnz|hourly,2026-08-17T18:48:05Z,2026-08-17T18:48:05Z,
8.219.150.15,ipv4,malicious-ip,medium,WHITE,ziyadnz/hourly-ipv4,ziyadnz|hourly,2026-08-17T18:48:05Z,2026-08-17T18:48:05Z,
8.219.158.135,ipv4,malicious-ip,medium,WHITE,ziyadnz/hourly-ipv4,ziyadnz|hourly,2026-08-17T18:48:05Z,2026-08-17T18:48:05Z,
8.219.165.42,ipv4,malicious-ip,medium,WHITE,ziyadnz/hourly-ipv4,ziyadnz|hourly,2026-08-17T18:48:05Z,2026-08-17T18:48:05Z,
8.219.2.243,ipv4,malicious-ip,medium,WHITE,ziyadnz/hourly-ipv4,ziyadnz|hourly,2026-08-17T18:48:05Z,2026-08-17T18:48:05Z,
8.219.200.1,ipv4,malicious-ip,medium,WHITE,ziyadnz/hourly-ipv4,ziyadnz|hourly,2026-08-17T18:48:05Z,2026-08-17T18:48:05Z,
8.219.215.238,ipv4,malicious-ip,medium,WHITE,ziyadnz/hourly-ipv4,ziyadnz|hourly,2026-08-17T18:48:05Z,2026-08-17T18:48:05Z,
8.219.219.158,ipv4,malicious-ip,medium,WHITE,ziyadnz/hourly-ipv4,ziyadnz|hourly,2026-08-17T18:48:05Z,2026-08-17T18:48:05Z,
8.219.220.140,ipv4,malicious-ip,medium,WHITE,ziyadnz/hourly-ipv4,ziyadnz|hourly,2026-08-17T18:48:05Z,2026-08-17T18:48:05Z,
8.219.223.160,ipv4,malicious-ip,medium,WHITE,ziyadnz/hourly-ipv4,ziyadnz|hourly,2026-08-17T18:48:05Z,2026-08-17T18:48:05Z,
8.219.238.77,ipv4,malicious-ip,medium,WHITE,ziyadnz/hourly-ipv4,ziyadnz|hourly,2026-08-17T18:48:05Z,2026-08-17T18:48:05Z,
8.219.4.120,ipv4,malicious-ip,medium,WHITE,ziyadnz/hourly-ipv4,ziyadnz|hourly,2026-08-17T18:48:05Z,2026-08-17T18:48:05Z,
8.219.65.162,ipv4,malicious-ip,medium,WHITE,ziyadnz/hourly-ipv4,ziyadnz|hourly,2026-08-17T18:48:05Z,2026-08-17T18:48:05Z,
8.219.68.3,ipv4,malicious-ip,medium,WHITE,ziyadnz/hourly-ipv4,ziyadnz|hourly,2026-08-17T18:48:05Z,2026-08-17T18:48:05Z,
8.219.76.182,ipv4,malicious-ip,medium,WHITE,ziyadnz/hourly-ipv4,ziyadnz|hourly,2026-08-17T18:48:05Z,2026-08-17T18:48:05Z,
8.219.94.183,ipv4,malicious-ip,medium,WHITE,ziyadnz/hourly-ipv4,ziyadnz|hourly,2026-08-17T18:48:05Z,2026-08-17T18:48:05Z,
8.219.94.188,ipv4,malicious-ip,medium,WHITE,ziyadnz/hourly-ipv4,ziyadnz|hourly,2026-08-17T18:48:05Z,2026-08-17T18:48:05Z,
8.219.96.33,ipv4,malicious-ip,medium,WHITE,ziyadnz/hourly-ipv4,ziyadnz|hourly,2026-08-17T18:48:05Z,2026-08-17T18:48:05Z,
8.219.98.53,ipv4,malicious-ip,medium,WHITE,ziyadnz/hourly-ipv4,ziyadnz|hourly,2026-08-17T18:48:05Z,2026-08-17T18:48:05Z,
8.219.99.79,ipv4,malicious-ip,medium,WHITE,ziyadnz/hourly-ipv4,ziyadnz|hourly,2026-08-17T18:48:05Z,2026-08-17T18:48:05Z,
8.220.135.151,ipv4,malicious-ip,medium,WHITE,ziyadnz/hourly-ipv4,ziyadnz|hourly,2026-08-17T18:48:05Z,2026-08-17T18:48:05Z,
8.220.177.252,ipv4,malicious-ip,medium,WHITE,ziyadnz/hourly-ipv4,ziyadnz|hourly,2026-08-17T18:48:05Z,2026-08-17T18:48:05Z,
8.220.184.177,ipv4,malicious-ip,medium,WHITE,ziyadnz/hourly-ipv4,ziyadnz|hourly,2026-08-17T18:48:05Z,2026-08-17T18:48:05Z,
8.220.195.43,ipv4,malicious-ip,medium,WHITE,ziyadnz/hourly-ipv4,ziyadnz|hourly,2026-08-17T18:48:05Z,2026-08-17T18:48:05Z,
8.220.199.190,ipv4,malicious-ip,medium,WHITE,ziyadnz/hourly-ipv4,ziyadnz|hourly,2026-08-17T18:48:05Z,2026-08-17T18:48:05Z,
8.220.202.165,ipv4,malicious-ip,medium,WHITE,ziyadnz/hourly-ipv4,ziyadnz|hourly,2026-08-17T18:48:05Z,2026-08-17T18:48:05Z,
8.220.214.161,ipv4,malicious-ip,medium,WHITE,ziyadnz/hourly-ipv4,ziyadnz|hourly,2026-08-17T18:48:05Z,2026-08-17T18:48:05Z,
8.221.136.6,ipv4,malicious-ip,medium,WHITE,ziyadnz/hourly-ipv4,ziyadnz|hourly,2026-08-17T18:48:05Z,2026-08-17T18:48:05Z,
8.221.139.48,ipv4,malicious-ip,medium,WHITE,ziyadnz/hourly-ipv4,ziyadnz|hourly,2026-08-17T18:48:05Z,2026-08-17T18:48:05Z,
8.222.128.242,ipv4,malicious-ip,medium,WHITE,ziyadnz/hourly-ipv4,ziyadnz|hourly,2026-08-17T18:48:05Z,2026-08-17T18:48:05Z,
8.222.135.53,ipv4,malicious-ip,medium,WHITE,ziyadnz/hourly-ipv4,ziyadnz|hourly,2026-08-17T18:48:05Z,2026-08-17T18:48:05Z,
8.222.178.31,ipv4,malicious-ip,medium,WHITE,ziyadnz/hourly-ipv4,ziyadnz|hourly,2026-08-17T18:48:05Z,2026-08-17T18:48:05Z,
8.222.181.172,ipv4,malicious-ip,medium,WHITE,ziyadnz/hourly-ipv4,ziyadnz|hourly,2026-08-17T18:48:05Z,2026-08-17T18:48:05Z,
8.222.187.219,ipv4,malicious-ip,medium,WHITE,ziyadnz/hourly-ipv4,ziyadnz|hourly,2026-08-17T18:48:05Z,2026-08-17T18:48:05Z,
8.222.196.128,ipv4,malicious-ip,medium,WHITE,ziyadnz/hourly-ipv4,ziyadnz|hourly,2026-08-17T18:48:05Z,2026-08-17T18:48:05Z,
8.222.205.16,ipv4,malicious-ip,medium,WHITE,ziyadnz/hourly-ipv4,ziyadnz|hourly,2026-08-17T18:48:05Z,2026-08-17T18:48:05Z,
8.222.211.75,ipv4,malicious-ip,medium,WHITE,ziyadnz/hourly-ipv4,ziyadnz|hourly,2026-08-17T18:48:05Z,2026-08-17T18:48:05Z,
8.222.213.56,ipv4,malicious-ip,medium,WHITE,ziyadnz/hourly-ipv4,ziyadnz|hourly,2026-08-17T18:48:05Z,2026-08-17T18:48:05Z,
8.222.228.70,ipv4,malicious-ip,medium,WHITE,ziyadnz/hourly-ipv4,ziyadnz|hourly,2026-08-17T18:48:05Z,2026-08-17T18:48:05Z,
8.222.230.46,ipv4,malicious-ip,medium,WHITE,ziyadnz/hourly-ipv4,ziyadnz|hourly,2026-08-17T18:48:05Z,2026-08-17T18:48:05Z,
8.222.232.216,ipv4,malicious-ip,medium,WHITE,ziyadnz/hourly-ipv4,ziyadnz|hourly,2026-08-17T18:48:05Z,2026-08-17T18:48:05Z,
8.222.232.81,ipv4,malicious-ip,medium,WHITE,ziyadnz/hourly-ipv4,ziyadnz|hourly,2026-08-17T18:48:05Z,2026-08-17T18:48:05Z,
8.222.236.31,ipv4,malicious-ip,medium,WHITE,ziyadnz/hourly-ipv4,ziyadnz|hourly,2026-08-17T18:48:05Z,2026-08-17T18:48:05Z,
8.222.242.233,ipv4,malicious-ip,medium,WHITE,ziyadnz/hourly-ipv4,ziyadnz|hourly,2026-08-17T18:48:05Z,2026-08-17T18:48:05Z,
8.222.243.94,ipv4,malicious-ip,medium,WHITE,ziyadnz/hourly-ipv4,ziyadnz|hourly,2026-08-17T18:48:05Z,2026-08-17T18:48:05Z,
8.222.254.182,ipv4,malicious-ip,medium,WHITE,ziyadnz/hourly-ipv4,ziyadnz|hourly,2026-08-17T18:48:05Z,2026-08-17T18:48:05Z,
8.228.11.153,ipv4,malicious-ip,medium,WHITE,ziyadnz/hourly-ipv4,ziyadnz|hourly,2026-08-17T18:48:05Z,2026-08-17T18:48:05Z,
8.228.121.111,ipv4,malicious-ip,medium,WHITE,ziyadnz/hourly-ipv4,ziyadnz|hourly,2026-08-17T18:48:05Z,2026-08-17T18:48:05Z,
8.228.123.33,ipv4,malicious-ip,medium,WHITE,ziyadnz/hourly-ipv4,ziyadnz|hourly,2026-08-17T18:48:05Z,2026-08-17T18:48:05Z,
8.228.124.195,ipv4,malicious-ip,medium,WHITE,ziyadnz/hourly-ipv4,ziyadnz|hourly,2026-08-17T18:48:05Z,2026-08-17T18:48:05Z,
8.228.25.89,ipv4,malicious-ip,medium,WHITE,ziyadnz/hourly-ipv4,ziyadnz|hourly,2026-08-17T18:48:05Z,2026-08-17T18:48:05Z,
8.228.251.164,ipv4,malicious-ip,medium,WHITE,ziyadnz/hourly-ipv4,ziyadnz|hourly,2026-08-17T18:48:05Z,2026-08-17T18:48:05Z,
8.228.5.138,ipv4,malicious-ip,medium,WHITE,ziyadnz/hourly-ipv4,ziyadnz|hourly,2026-08-17T18:48:05Z,2026-08-17T18:48:05Z,
8.228.71.103,ipv4,malicious-ip,medium,WHITE,ziyadnz/hourly-ipv4,ziyadnz|hourly,2026-08-17T18:48:05Z,2026-08-17T18:48:05Z,
8.228.97.193,ipv4,malicious-ip,medium,WHITE,ziyadnz/hourly-ipv4,ziyadnz|hourly,2026-08-17T18:48:05Z,2026-08-17T18:48:05Z,
8.229.100.27,ipv4,malicious-ip,medium,WHITE,ziyadnz/hourly-ipv4,ziyadnz|hourly,2026-08-17T18:48:05Z,2026-08-17T18:48:05Z,
8.229.108.25,ipv4,malicious-ip,medium,WHITE,ziyadnz/hourly-ipv4,ziyadnz|hourly,2026-08-17T18:48:05Z,2026-08-17T18:48:05Z,
8.229.113.68,ipv4,malicious-ip,medium,WHITE,ziyadnz/hourly-ipv4,ziyadnz|hourly,2026-08-17T18:48:05Z,2026-08-17T18:48:05Z,
8.229.117.207,ipv4,malicious-ip,medium,WHITE,ziyadnz/hourly-ipv4,ziyadnz|hourly,2026-08-17T18:48:05Z,2026-08-17T18:48:05Z,
8.229.129.72,ipv4,malicious-ip,medium,WHITE,ziyadnz/hourly-ipv4,ziyadnz|hourly,2026-08-17T18:48:05Z,2026-08-17T18:48:05Z,
8.229.131.31,ipv4,malicious-ip,medium,WHITE,ziyadnz/hourly-ipv4,ziyadnz|hourly,2026-08-17T18:48:05Z,2026-08-17T18:48:05Z,
8.229.133.54,ipv4,malicious-ip,medium,WHITE,ziyadnz/hourly-ipv4,ziyadnz|hourly,2026-08-17T18:48:05Z,2026-08-17T18:48:05Z,
8.229.150.107,ipv4,malicious-ip,medium,WHITE,ziyadnz/hourly-ipv4,ziyadnz|hourly,2026-08-17T18:48:05Z,2026-08-17T18:48:05Z,
8.229.172.58,ipv4,malicious-ip,medium,WHITE,ziyadnz/hourly-ipv4,ziyadnz|hourly,2026-08-17T18:48:05Z,2026-08-17T18:48:05Z,
8.229.178.143,ipv4,malicious-ip,medium,WHITE,ziyadnz/hourly-ipv4,ziyadnz|hourly,2026-08-17T18:48:05Z,2026-08-17T18:48:05Z,
8.229.178.225,ipv4,malicious-ip,medium,WHITE,ziyadnz/hourly-ipv4,ziyadnz|hourly,2026-08-17T18:48:05Z,2026-08-17T18:48:05Z,
8.229.184.160,ipv4,malicious-ip,medium,WHITE,ziyadnz/hourly-ipv4,ziyadnz|hourly,2026-08-17T18:48:05Z,2026-08-17T18:48:05Z,
8.229.184.168,ipv4,malicious-ip,medium,WHITE,ziyadnz/hourly-ipv4,ziyadnz|hourly,2026-08-17T18:48:05Z,2026-08-17T18:48:05Z,
8.229.191.173,ipv4,malicious-ip,medium,WHITE,ziyadnz/hourly-ipv4,ziyadnz|hourly,2026-08-17T18:48:05Z,2026-08-17T18:48:05Z,
8.229.219.68,ipv4,malicious-ip,medium,WHITE,ziyadnz/hourly-ipv4,ziyadnz|hourly,2026-08-17T18:48:05Z,2026-08-17T18:48:05Z,
8.229.220.132,ipv4,malicious-ip,medium,WHITE,ziyadnz/hourly-ipv4,ziyadnz|hourly,2026-08-17T18:48:05Z,2026-08-17T18:48:05Z,
8.229.26.142,ipv4,malicious-ip,medium,WHITE,ziyadnz/hourly-ipv4,ziyadnz|hourly,2026-08-17T18:48:05Z,2026-08-17T18:48:05Z,
8.229.31.211,ipv4,malicious-ip,medium,WHITE,ziyadnz/hourly-ipv4,ziyadnz|hourly,2026-08-17T18:48:05Z,2026-08-17T18:48:05Z,
8.229.41.237,ipv4,malicious-ip,medium,WHITE,ziyadnz/hourly-ipv4,ziyadnz|hourly,2026-08-17T18:48:05Z,2026-08-17T18:48:05Z,
8.229.58.140,ipv4,malicious-ip,medium,WHITE,ziyadnz/hourly-ipv4,ziyadnz|hourly,2026-08-17T18:48:05Z,2026-08-17T18:48:05Z,
8.230.17.0,ipv4,malicious-ip,medium,WHITE,ziyadnz/hourly-ipv4,ziyadnz|hourly,2026-08-17T18:48:05Z,2026-08-17T18:48:05Z,
8.231.130.254,ipv4,malicious-ip,medium,WHITE,ziyadnz/hourly-ipv4,ziyadnz|hourly,2026-08-17T18:48:05Z,2026-08-17T18:48:05Z,
8.231.140.77,ipv4,malicious-ip,medium,WHITE,ziyadnz/hourly-ipv4,ziyadnz|hourly,2026-08-17T18:48:05Z,2026-08-17T18:48:05Z,
8.231.155.162,ipv4,malicious-ip,medium,WHITE,ziyadnz/hourly-ipv4,ziyadnz|hourly,2026-08-17T18:48:05Z,2026-08-17T18:48:05Z,
8.231.169.217,ipv4,malicious-ip,medium,WHITE,ziyadnz/hourly-ipv4,ziyadnz|hourly,2026-08-17T18:48:05Z,2026-08-17T18:48:05Z,
8.231.176.140,ipv4,malicious-ip,medium,WHITE,ziyadnz/hourly-ipv4,ziyadnz|hourly,2026-08-17T18:48:05Z,2026-08-17T18:48:05Z,
8.231.192.72,ipv4,malicious-ip,medium,WHITE,ziyadnz/hourly-ipv4,ziyadnz|hourly,2026-08-17T18:48:05Z,2026-08-17T18:48:05Z,
8.231.193.38,ipv4,malicious-ip,medium,WHITE,ziyadnz/hourly-ipv4,ziyadnz|hourly,2026-08-17T18:48:05Z,2026-08-17T18:48:05Z,
8.231.196.13,ipv4,malicious-ip,medium,WHITE,ziyadnz/hourly-ipv4,ziyadnz|hourly,2026-08-17T18:48:05Z,2026-08-17T18:48:05Z,
8.231.198.120,ipv4,malicious-ip,medium,WHITE,ziyadnz/hourly-ipv4,ziyadnz|hourly,2026-08-17T18:48:05Z,2026-08-17T18:48:05Z,
8.231.209.153,ipv4,malicious-ip,medium,WHITE,ziyadnz/hourly-ipv4,ziyadnz|hourly,2026-08-17T18:48:05Z,2026-08-17T18:48:05Z,
8.231.210.163,ipv4,malicious-ip,medium,WHITE,ziyadnz/hourly-ipv4,ziyadnz|hourly,2026-08-17T18:48:05Z,2026-08-17T18:48:05Z,
8.231.240.211,ipv4,malicious-ip,medium,WHITE,ziyadnz/hourly-ipv4,ziyadnz|hourly,2026-08-17T18:48:05Z,2026-08-17T18:48:05Z,
8.231.255.92,ipv4,malicious-ip,medium,WHITE,ziyadnz/hourly-ipv4,ziyadnz|hourly,2026-08-17T18:48:05Z,2026-08-17T18:48:05Z,
8.231.53.113,ipv4,malicious-ip,medium,WHITE,ziyadnz/hourly-ipv4,ziyadnz|hourly,2026-08-17T18:48:05Z,2026-08-17T18:48:05Z,
8.231.57.57,ipv4,malicious-ip,medium,WHITE,ziyadnz/hourly-ipv4,ziyadnz|hourly,2026-08-17T18:48:05Z,2026-08-17T18:48:05Z,
8.231.60.136,ipv4,malicious-ip,medium,WHITE,ziyadnz/hourly-ipv4,ziyadnz|hourly,2026-08-17T18:48:05Z,2026-08-17T18:48:05Z,
8.234.132.57,ipv4,malicious-ip,medium,WHITE,ziyadnz/hourly-ipv4,ziyadnz|hourly,2026-08-17T18:48:05Z,2026-08-17T18:48:05Z,
8.234.133.145,ipv4,malicious-ip,medium,WHITE,ziyadnz/hourly-ipv4,ziyadnz|hourly,2026-08-17T18:48:05Z,2026-08-17T18:48:05Z,
8.234.137.141,ipv4,malicious-ip,medium,WHITE,ziyadnz/hourly-ipv4,ziyadnz|hourly,2026-08-17T18:48:05Z,2026-08-17T18:48:05Z,
8.234.142.75,ipv4,malicious-ip,medium,WHITE,ziyadnz/hourly-ipv4,ziyadnz|hourly,2026-08-17T18:48:05Z,2026-08-17T18:48:05Z,
8.234.147.111,ipv4,malicious-ip,medium,WHITE,ziyadnz/hourly-ipv4,ziyadnz|hourly,2026-08-17T18:48:05Z,2026-08-17T18:48:05Z,
8.234.154.173,ipv4,malicious-ip,medium,WHITE,ziyadnz/hourly-ipv4,ziyadnz|hourly,2026-08-17T18:48:05Z,2026-08-17T18:48:05Z,
8.234.160.122,ipv4,malicious-ip,medium,WHITE,ziyadnz/hourly-ipv4,ziyadnz|hourly,2026-08-17T18:48:05Z,2026-08-17T18:48:05Z,
8.234.160.59,ipv4,malicious-ip,medium,WHITE,ziyadnz/hourly-ipv4,ziyadnz|hourly,2026-08-17T18:48:05Z,2026-08-17T18:48:05Z,
8.234.171.105,ipv4,malicious-ip,medium,WHITE,ziyadnz/hourly-ipv4,ziyadnz|hourly,2026-08-17T18:48:05Z,2026-08-17T18:48:05Z,
8.234.176.183,ipv4,malicious-ip,medium,WHITE,ziyadnz/hourly-ipv4,ziyadnz|hourly,2026-08-17T18:48:05Z,2026-08-17T18:48:05Z,
8.234.191.220,ipv4,malicious-ip,medium,WHITE,ziyadnz/hourly-ipv4,ziyadnz|hourly,2026-08-17T18:48:05Z,2026-08-17T18:48:05Z,
8.234.196.143,ipv4,malicious-ip,medium,WHITE,ziyadnz/hourly-ipv4,ziyadnz|hourly,2026-08-17T18:48:05Z,2026-08-17T18:48:05Z,
8.234.197.0,ipv4,malicious-ip,medium,WHITE,ziyadnz/hourly-ipv4,ziyadnz|hourly,2026-08-17T18:48:05Z,2026-08-17T18:48:05Z,
8.234.205.118,ipv4,malicious-ip,medium,WHITE,ziyadnz/hourly-ipv4,ziyadnz|hourly,2026-08-17T18:48:05Z,2026-08-17T18:48:05Z,
8.234.207.140,ipv4,malicious-ip,medium,WHITE,ziyadnz/hourly-ipv4,ziyadnz|hourly,2026-08-17T18:48:05Z,2026-08-17T18:48:05Z,
8.234.228.8,ipv4,malicious-ip,medium,WHITE,ziyadnz/hourly-ipv4,ziyadnz|hourly,2026-08-17T18:48:05Z,2026-08-17T18:48:05Z,
8.234.230.152,ipv4,malicious-ip,medium,WHITE,ziyadnz/hourly-ipv4,ziyadnz|hourly,2026-08-17T18:48:05Z,2026-08-17T18:48:05Z,
8.234.234.5,ipv4,malicious-ip,medium,WHITE,ziyadnz/hourly-ipv4,ziyadnz|hourly,2026-08-17T18:48:05Z,2026-08-17T18:48:05Z,
8.234.237.28,ipv4,malicious-ip,medium,WHITE,ziyadnz/hourly-ipv4,ziyadnz|hourly,2026-08-17T18:48:05Z,2026-08-17T18:48:05Z,
8.234.245.227,ipv4,malicious-ip,medium,WHITE,ziyadnz/hourly-ipv4,ziyadnz|hourly,2026-08-17T18:48:05Z,2026-08-17T18:48:05Z,
8.234.246.133,ipv4,malicious-ip,medium,WHITE,ziyadnz/hourly-ipv4,ziyadnz|hourly,2026-08-17T18:48:05Z,2026-08-17T18:48:05Z,
8.234.252.12,ipv4,malicious-ip,medium,WHITE,ziyadnz/hourly-ipv4,ziyadnz|hourly,2026-08-17T18:48:05Z,2026-08-17T18:48:05Z,
8.234.253.130,ipv4,malicious-ip,medium,WHITE,ziyadnz/hourly-ipv4,ziyadnz|hourly,2026-08-17T18:48:05Z,2026-08-17T18:48:05Z,
8.234.253.77,ipv4,malicious-ip,medium,WHITE,ziyadnz/hourly-ipv4,ziyadnz|hourly,2026-08-17T18:48:05Z,2026-08-17T18:48:05Z,
8.235.100.198,ipv4,malicious-ip,medium,WHITE,ziyadnz/hourly-ipv4,ziyadnz|hourly,2026-08-17T18:48:05Z,2026-08-17T18:48:05Z,
8.235.107.64,ipv4,malicious-ip,medium,WHITE,ziyadnz/hourly-ipv4,ziyadnz|hourly,2026-08-17T18:48:05Z,2026-08-17T18:48:05Z,
8.235.112.151,ipv4,malicious-ip,medium,WHITE,ziyadnz/hourly-ipv4,ziyadnz|hourly,2026-08-17T18:48:05Z,2026-08-17T18:48:05Z,
8.235.12.238,ipv4,malicious-ip,medium,WHITE,ziyadnz/hourly-ipv4,ziyadnz|hourly,2026-08-17T18:48:05Z,2026-08-17T18:48:05Z,
8.235.120.206,ipv4,malicious-ip,medium,WHITE,ziyadnz/hourly-ipv4,ziyadnz|hourly,2026-08-17T18:48:05Z,2026-08-17T18:48:05Z,
8.235.126.219,ipv4,malicious-ip,medium,WHITE,ziyadnz/hourly-ipv4,ziyadnz|hourly,2026-08-17T18:48:05Z,2026-08-17T18:48:05Z,
8.235.18.155,ipv4,malicious-ip,medium,WHITE,ziyadnz/hourly-ipv4,ziyadnz|hourly,2026-08-17T18:48:05Z,2026-08-17T18:48:05Z,
8.235.18.215,ipv4,malicious-ip,medium,WHITE,ziyadnz/hourly-ipv4,ziyadnz|hourly,2026-08-17T18:48:05Z,2026-08-17T18:48:05Z,
8.235.22.212,ipv4,malicious-ip,medium,WHITE,ziyadnz/hourly-ipv4,ziyadnz|hourly,2026-08-17T18:48:05Z,2026-08-17T18:48:05Z,
8.235.35.123,ipv4,malicious-ip,medium,WHITE,ziyadnz/hourly-ipv4,ziyadnz|hourly,2026-08-17T18:48:05Z,2026-08-17T18:48:05Z,
8.235.4.91,ipv4,malicious-ip,medium,WHITE,ziyadnz/hourly-ipv4,ziyadnz|hourly,2026-08-17T18:48:05Z,2026-08-17T18:48:05Z,
8.235.41.187,ipv4,malicious-ip,medium,WHITE,ziyadnz/hourly-ipv4,ziyadnz|hourly,2026-08-17T18:48:05Z,2026-08-17T18:48:05Z,
8.235.44.135,ipv4,malicious-ip,medium,WHITE,ziyadnz/hourly-ipv4,ziyadnz|hourly,2026-08-17T18:48:05Z,2026-08-17T18:48:05Z,
8.235.54.223,ipv4,malicious-ip,medium,WHITE,ziyadnz/hourly-ipv4,ziyadnz|hourly,2026-08-17T18:48:05Z,2026-08-17T18:48:05Z,
8.235.58.122,ipv4,malicious-ip,medium,WHITE,ziyadnz/hourly-ipv4,ziyadnz|hourly,2026-08-17T18:48:05Z,2026-08-17T18:48:05Z,
8.235.58.60,ipv4,malicious-ip,medium,WHITE,ziyadnz/hourly-ipv4,ziyadnz|hourly,2026-08-17T18:48:05Z,2026-08-17T18:48:05Z,
8.235.60.24,ipv4,malicious-ip,medium,WHITE,ziyadnz/hourly-ipv4,ziyadnz|hourly,2026-08-17T18:48:05Z,2026-08-17T18:48:05Z,
8.235.68.211,ipv4,malicious-ip,medium,WHITE,ziyadnz/hourly-ipv4,ziyadnz|hourly,2026-08-17T18:48:05Z,2026-08-17T18:48:05Z,
8.235.69.197,ipv4,malicious-ip,medium,WHITE,ziyadnz/hourly-ipv4,ziyadnz|hourly,2026-08-17T18:48:05Z,2026-08-17T18:48:05Z,
8.235.9.136,ipv4,malicious-ip,medium,WHITE,ziyadnz/hourly-ipv4,ziyadnz|hourly,2026-08-17T18:48:05Z,2026-08-17T18:48:05Z,
8.235.93.146,ipv4,malicious-ip,medium,WHITE,ziyadnz/hourly-ipv4,ziyadnz|hourly,2026-08-17T18:48:05Z,2026-08-17T18:48:05Z,
8.240.39.254,ipv4,malicious-ip,medium,WHITE,ziyadnz/hourly-ipv4,ziyadnz|hourly,2026-08-17T18:48:05Z,2026-08-17T18:48:05Z,
8.242.87.192,ipv4,malicious-ip,medium,WHITE,ziyadnz/hourly-ipv4,ziyadnz|hourly,2026-08-17T18:48:05Z,2026-08-17T18:48:05Z,
8.243.126.186,ipv4,malicious-ip,medium,WHITE,ziyadnz/hourly-ipv4,ziyadnz|hourly,2026-08-17T18:48:05Z,2026-08-17T18:48:05Z,
8.243.166.66,ipv4,malicious-ip,medium,WHITE,ziyadnz/hourly-ipv4,ziyadnz|hourly,2026-08-17T18:48:05Z,2026-08-17T18:48:05Z,
8.243.50.114,ipv4,malicious-ip,medium,WHITE,ziyadnz/hourly-ipv4,ziyadnz|hourly,2026-08-17T18:48:05Z,2026-08-17T18:48:05Z,
8.243.64.211,ipv4,malicious-ip,medium,WHITE,ziyadnz/hourly-ipv4,ziyadnz|hourly,2026-08-17T18:48:05Z,2026-08-17T18:48:05Z,
8.243.64.241,ipv4,malicious-ip,medium,WHITE,ziyadnz/hourly-ipv4,ziyadnz|hourly,2026-08-17T18:48:05Z,2026-08-17T18:48:05Z,
8.243.67.122,ipv4,malicious-ip,medium,WHITE,ziyadnz/hourly-ipv4,ziyadnz|hourly,2026-08-17T18:48:05Z,2026-08-17T18:48:05Z,
8.243.68.242,ipv4,malicious-ip,medium,WHITE,ziyadnz/hourly-ipv4,ziyadnz|hourly,2026-08-17T18:48:05Z,2026-08-17T18:48:05Z,
8.243.69.154,ipv4,malicious-ip,medium,WHITE,ziyadnz/hourly-ipv4,ziyadnz|hourly,2026-08-17T18:48:05Z,2026-08-17T18:48:05Z,
8.243.73.162,ipv4,malicious-ip,medium,WHITE,ziyadnz/hourly-ipv4,ziyadnz|hourly,2026-08-17T18:48:05Z,2026-08-17T18:48:05Z,
8.245.17.190,ipv4,malicious-ip,medium,WHITE,ziyadnz/hourly-ipv4,ziyadnz|hourly,2026-08-17T18:48:05Z,2026-08-17T18:48:05Z,
8.34.210.37,ipv4,malicious-ip,medium,WHITE,ziyadnz/hourly-ipv4,ziyadnz|hourly,2026-08-17T18:48:05Z,2026-08-17T18:48:05Z,
8.34.210.39,ipv4,malicious-ip,medium,WHITE,ziyadnz/hourly-ipv4,ziyadnz|hourly,2026-08-17T18:48:05Z,2026-08-17T18:48:05Z,
8.34.210.42,ipv4,malicious-ip,medium,WHITE,ziyadnz/hourly-ipv4,ziyadnz|hourly,2026-08-17T18:48:05Z,2026-08-17T18:48:05Z,
8.34.210.44,ipv4,malicious-ip,medium,WHITE,ziyadnz/hourly-ipv4,ziyadnz|hourly,2026-08-17T18:48:05Z,2026-08-17T18:48:05Z,
8.34.210.46,ipv4,malicious-ip,medium,WHITE,ziyadnz/hourly-ipv4,ziyadnz|hourly,2026-08-17T18:48:05Z,2026-08-17T18:48:05Z,
8.36.41.118,ipv4,malicious-ip,medium,WHITE,ziyadnz/hourly-ipv4,ziyadnz|hourly,2026-08-17T18:48:05Z,2026-08-17T18:48:05Z,
80.1.10.81,ipv4,malicious-ip,medium,WHITE,ziyadnz/hourly-ipv4,ziyadnz|hourly,2026-08-17T18:48:05Z,2026-08-17T18:48:05Z,
80.102.218.207,ipv4,malicious-ip,medium,WHITE,ziyadnz/hourly-ipv4,ziyadnz|hourly,2026-08-17T18:48:05Z,2026-08-17T18:48:05Z,
80.102.228.60,ipv4,malicious-ip,medium,WHITE,ziyadnz/hourly-ipv4,ziyadnz|hourly,2026-08-17T18:48:05Z,2026-08-17T18:48:05Z,
80.11.181.75,ipv4,malicious-ip,medium,WHITE,ziyadnz/hourly-ipv4,ziyadnz|hourly,2026-08-17T18:48:05Z,2026-08-17T18:48:05Z,
80.11.241.207,ipv4,malicious-ip,medium,WHITE,ziyadnz/hourly-ipv4,ziyadnz|hourly,2026-08-17T18:48:05Z,2026-08-17T18:48:05Z,
80.11.57.107,ipv4,malicious-ip,medium,WHITE,ziyadnz/hourly-ipv4,ziyadnz|hourly,2026-08-17T18:48:05Z,2026-08-17T18:48:05Z,
80.12.212.193,ipv4,malicious-ip,medium,WHITE,ziyadnz/hourly-ipv4,ziyadnz|hourly,2026-08-17T18:48:05Z,2026-08-17T18:48:05Z,
80.13.153.140,ipv4,malicious-ip,medium,WHITE,ziyadnz/hourly-ipv4,ziyadnz|hourly,2026-08-17T18:48:05Z,2026-08-17T18:48:05Z,
80.13.82.58,ipv4,malicious-ip,medium,WHITE,ziyadnz/hourly-ipv4,ziyadnz|hourly,2026-08-17T18:48:05Z,2026-08-17T18:48:05Z,
80.132.127.218,ipv4,malicious-ip,medium,WHITE,ziyadnz/hourly-ipv4,ziyadnz|hourly,2026-08-17T18:48:05Z,2026-08-17T18:48:05Z,
80.139.83.184,ipv4,malicious-ip,medium,WHITE,ziyadnz/hourly-ipv4,ziyadnz|hourly,2026-08-17T18:48:05Z,2026-08-17T18:48:05Z,
80.14.144.6,ipv4,malicious-ip,medium,WHITE,ziyadnz/hourly-ipv4,ziyadnz|hourly,2026-08-17T18:48:05Z,2026-08-17T18:48:05Z,
80.143.190.27,ipv4,malicious-ip,medium,WHITE,ziyadnz/hourly-ipv4,ziyadnz|hourly,2026-08-17T18:48:05Z,2026-08-17T18:48:05Z,
80.15.193.156,ipv4,malicious-ip,medium,WHITE,ziyadnz/hourly-ipv4,ziyadnz|hourly,2026-08-17T18:48:05Z,2026-08-17T18:48:05Z,
80.15.73.201,ipv4,malicious-ip,medium,WHITE,ziyadnz/hourly-ipv4,ziyadnz|hourly,2026-08-17T18:48:05Z,2026-08-17T18:48:05Z,
80.151.14.195,ipv4,malicious-ip,medium,WHITE,ziyadnz/hourly-ipv4,ziyadnz|hourly,2026-08-17T18:48:05Z,2026-08-17T18:48:05Z,
80.152.203.134,ipv4,malicious-ip,medium,WHITE,ziyadnz/hourly-ipv4,ziyadnz|hourly,2026-08-17T18:48:05Z,2026-08-17T18:48:05Z,
80.155.140.197,ipv4,malicious-ip,medium,WHITE,ziyadnz/hourly-ipv4,ziyadnz|hourly,2026-08-17T18:48:05Z,2026-08-17T18:48:05Z,
80.158.109.51,ipv4,malicious-ip,medium,WHITE,ziyadnz/hourly-ipv4,ziyadnz|hourly,2026-08-17T18:48:05Z,2026-08-17T18:48:05Z,
80.158.28.234,ipv4,malicious-ip,medium,WHITE,ziyadnz/hourly-ipv4,ziyadnz|hourly,2026-08-17T18:48:05Z,2026-08-17T18:48:05Z,
80.172.227.24,ipv4,malicious-ip,medium,WHITE,ziyadnz/hourly-ipv4,ziyadnz|hourly,2026-08-17T18:48:05Z,2026-08-17T18:48:05Z,
80.176.46.231,ipv4,malicious-ip,medium,WHITE,ziyadnz/hourly-ipv4,ziyadnz|hourly,2026-08-17T18:48:05Z,2026-08-17T18:48:05Z,
80.178.89.66,ipv4,malicious-ip,medium,WHITE,ziyadnz/hourly-ipv4,ziyadnz|hourly,2026-08-17T18:48:05Z,2026-08-17T18:48:05Z,
80.178.9.14,ipv4,malicious-ip,medium,WHITE,ziyadnz/hourly-ipv4,ziyadnz|hourly,2026-08-17T18:48:05Z,2026-08-17T18:48:05Z,
80.179.17.52,ipv4,malicious-ip,medium,WHITE,ziyadnz/hourly-ipv4,ziyadnz|hourly,2026-08-17T18:48:05Z,2026-08-17T18:48:05Z,
80.183.157.114,ipv4,malicious-ip,medium,WHITE,ziyadnz/hourly-ipv4,ziyadnz|hourly,2026-08-17T18:48:05Z,2026-08-17T18:48:05Z,
80.183.77.138,ipv4,malicious-ip,medium,WHITE,ziyadnz/hourly-ipv4,ziyadnz|hourly,2026-08-17T18:48:05Z,2026-08-17T18:48:05Z,
80.187.121.168,ipv4,malicious-ip,medium,WHITE,ziyadnz/hourly-ipv4,ziyadnz|hourly,2026-08-17T18:48:05Z,2026-08-17T18:48:05Z,
80.187.124.118,ipv4,malicious-ip,medium,WHITE,ziyadnz/hourly-ipv4,ziyadnz|hourly,2026-08-17T18:48:05Z,2026-08-17T18:48:05Z,
80.187.80.206,ipv4,malicious-ip,medium,WHITE,ziyadnz/hourly-ipv4,ziyadnz|hourly,2026-08-17T18:48:05Z,2026-08-17T18:48:05Z,
80.187.80.69,ipv4,malicious-ip,medium,WHITE,ziyadnz/hourly-ipv4,ziyadnz|hourly,2026-08-17T18:48:05Z,2026-08-17T18:48:05Z,
80.187.81.111,ipv4,malicious-ip,medium,WHITE,ziyadnz/hourly-ipv4,ziyadnz|hourly,2026-08-17T18:48:05Z,2026-08-17T18:48:05Z,
80.187.82.92,ipv4,malicious-ip,medium,WHITE,ziyadnz/hourly-ipv4,ziyadnz|hourly,2026-08-17T18:48:05Z,2026-08-17T18:48:05Z,
80.187.83.204,ipv4,malicious-ip,medium,WHITE,ziyadnz/hourly-ipv4,ziyadnz|hourly,2026-08-17T18:48:05Z,2026-08-17T18:48:05Z,
80.187.83.21,ipv4,malicious-ip,medium,WHITE,ziyadnz/hourly-ipv4,ziyadnz|hourly,2026-08-17T18:48:05Z,2026-08-17T18:48:05Z,
80.190.73.132,ipv4,malicious-ip,medium,WHITE,ziyadnz/hourly-ipv4,ziyadnz|hourly,2026-08-17T18:48:05Z,2026-08-17T18:48:05Z,
80.190.82.187,ipv4,malicious-ip,medium,WHITE,ziyadnz/hourly-ipv4,ziyadnz|hourly,2026-08-17T18:48:05Z,2026-08-17T18:48:05Z,
80.191.106.145,ipv4,malicious-ip,medium,WHITE,ziyadnz/hourly-ipv4,ziyadnz|hourly,2026-08-17T18:48:05Z,2026-08-17T18:48:05Z,
80.191.236.58,ipv4,malicious-ip,medium,WHITE,ziyadnz/hourly-ipv4,ziyadnz|hourly,2026-08-17T18:48:05Z,2026-08-17T18:48:05Z,
80.194.174.35,ipv4,malicious-ip,medium,WHITE,ziyadnz/hourly-ipv4,ziyadnz|hourly,2026-08-17T18:48:05Z,2026-08-17T18:48:05Z,
80.2.118.0,ipv4,malicious-ip,medium,WHITE,ziyadnz/hourly-ipv4,ziyadnz|hourly,2026-08-17T18:48:05Z,2026-08-17T18:48:05Z,
80.200.28.28,ipv4,malicious-ip,medium,WHITE,ziyadnz/hourly-ipv4,ziyadnz|hourly,2026-08-17T18:48:05Z,2026-08-17T18:48:05Z,
80.208.57.19,ipv4,malicious-ip,medium,WHITE,ziyadnz/hourly-ipv4,ziyadnz|hourly,2026-08-17T18:48:05Z,2026-08-17T18:48:05Z,
80.209.243.85,ipv4,malicious-ip,medium,WHITE,ziyadnz/hourly-ipv4,ziyadnz|hourly,2026-08-17T18:48:05Z,2026-08-17T18:48:05Z,
80.21.154.245,ipv4,malicious-ip,medium,WHITE,ziyadnz/hourly-ipv4,ziyadnz|hourly,2026-08-17T18:48:05Z,2026-08-17T18:48:05Z,
80.210.41.140,ipv4,malicious-ip,medium,WHITE,ziyadnz/hourly-ipv4,ziyadnz|hourly,2026-08-17T18:48:05Z,2026-08-17T18:48:05Z,
80.211.195.9,ipv4,malicious-ip,medium,WHITE,ziyadnz/hourly-ipv4,ziyadnz|hourly,2026-08-17T18:48:05Z,2026-08-17T18:48:05Z,
80.211.86.9,ipv4,malicious-ip,medium,WHITE,ziyadnz/hourly-ipv4,ziyadnz|hourly,2026-08-17T18:48:05Z,2026-08-17T18:48:05Z,
80.216.176.108,ipv4,malicious-ip,medium,WHITE,ziyadnz/hourly-ipv4,ziyadnz|hourly,2026-08-17T18:48:05Z,2026-08-17T18:48:05Z,
80.221.244.201,ipv4,malicious-ip,medium,WHITE,ziyadnz/hourly-ipv4,ziyadnz|hourly,2026-08-17T18:48:05Z,2026-08-17T18:48:05Z,
80.223.226.42,ipv4,malicious-ip,medium,WHITE,ziyadnz/hourly-ipv4,ziyadnz|hourly,2026-08-17T18:48:05Z,2026-08-17T18:48:05Z,
80.225.238.77,ipv4,malicious-ip,medium,WHITE,ziyadnz/hourly-ipv4,ziyadnz|hourly,2026-08-17T18:48:05Z,2026-08-17T18:48:05Z,
80.225.252.182,ipv4,malicious-ip,medium,WHITE,ziyadnz/hourly-ipv4,ziyadnz|hourly,2026-08-17T18:48:05Z,2026-08-17T18:48:05Z,
80.230.29.13,ipv4,malicious-ip,medium,WHITE,ziyadnz/hourly-ipv4,ziyadnz|hourly,2026-08-17T18:48:05Z,2026-08-17T18:48:05Z,
80.232.216.75,ipv4,malicious-ip,medium,WHITE,ziyadnz/hourly-ipv4,ziyadnz|hourly,2026-08-17T18:48:05Z,2026-08-17T18:48:05Z,
80.234.77.209,ipv4,malicious-ip,medium,WHITE,ziyadnz/hourly-ipv4,ziyadnz|hourly,2026-08-17T18:48:05Z,2026-08-17T18:48:05Z,
80.234.78.165,ipv4,malicious-ip,medium,WHITE,ziyadnz/hourly-ipv4,ziyadnz|hourly,2026-08-17T18:48:05Z,2026-08-17T18:48:05Z,
80.234.78.233,ipv4,malicious-ip,medium,WHITE,ziyadnz/hourly-ipv4,ziyadnz|hourly,2026-08-17T18:48:05Z,2026-08-17T18:48:05Z,
80.234.82.78,ipv4,malicious-ip,medium,WHITE,ziyadnz/hourly-ipv4,ziyadnz|hourly,2026-08-17T18:48:05Z,2026-08-17T18:48:05Z,
80.234.96.7,ipv4,malicious-ip,medium,WHITE,ziyadnz/hourly-ipv4,ziyadnz|hourly,2026-08-17T18:48:05Z,2026-08-17T18:48:05Z,
80.238.236.198,ipv4,malicious-ip,medium,WHITE,ziyadnz/hourly-ipv4,ziyadnz|hourly,2026-08-17T18:48:05Z,2026-08-17T18:48:05Z,
80.239.140.66,ipv4,malicious-ip,medium,WHITE,ziyadnz/hourly-ipv4,ziyadnz|hourly,2026-08-17T18:48:05Z,2026-08-17T18:48:05Z,
80.239.186.117,ipv4,malicious-ip,medium,WHITE,ziyadnz/hourly-ipv4,ziyadnz|hourly,2026-08-17T18:48:05Z,2026-08-17T18:48:05Z,
80.24.1.119,ipv4,malicious-ip,medium,WHITE,ziyadnz/hourly-ipv4,ziyadnz|hourly,2026-08-17T18:48:05Z,2026-08-17T18:48:05Z,
80.240.21.36,ipv4,malicious-ip,medium,WHITE,ziyadnz/hourly-ipv4,ziyadnz|hourly,2026-08-17T18:48:05Z,2026-08-17T18:48:05Z,
80.240.249.169,ipv4,malicious-ip,medium,WHITE,ziyadnz/hourly-ipv4,ziyadnz|hourly,2026-08-17T18:48:05Z,2026-08-17T18:48:05Z,
80.240.252.55,ipv4,malicious-ip,medium,WHITE,ziyadnz/hourly-ipv4,ziyadnz|hourly,2026-08-17T18:48:05Z,2026-08-17T18:48:05Z,
80.241.208.173,ipv4,malicious-ip,medium,WHITE,ziyadnz/hourly-ipv4,ziyadnz|hourly,2026-08-17T18:48:05Z,2026-08-17T18:48:05Z,
80.241.213.11,ipv4,malicious-ip,medium,WHITE,ziyadnz/hourly-ipv4,ziyadnz|hourly,2026-08-17T18:48:05Z,2026-08-17T18:48:05Z,
80.241.216.56,ipv4,malicious-ip,medium,WHITE,ziyadnz/hourly-ipv4,ziyadnz|hourly,2026-08-17T18:48:05Z,2026-08-17T18:48:05Z,
80.241.219.89,ipv4,malicious-ip,medium,WHITE,ziyadnz/hourly-ipv4,ziyadnz|hourly,2026-08-17T18:48:05Z,2026-08-17T18:48:05Z,
80.241.221.16,ipv4,malicious-ip,medium,WHITE,ziyadnz/hourly-ipv4,ziyadnz|hourly,2026-08-17T18:48:05Z,2026-08-17T18:48:05Z,
80.241.54.162,ipv4,malicious-ip,medium,WHITE,ziyadnz/hourly-ipv4,ziyadnz|hourly,2026-08-17T18:48:05Z,2026-08-17T18:48:05Z,
80.241.60.207,ipv4,malicious-ip,medium,WHITE,ziyadnz/hourly-ipv4,ziyadnz|hourly,2026-08-17T18:48:05Z,2026-08-17T18:48:05Z,
80.242.232.198,ipv4,malicious-ip,medium,WHITE,ziyadnz/hourly-ipv4,ziyadnz|hourly,2026-08-17T18:48:05Z,2026-08-17T18:48:05Z,
80.242.248.14,ipv4,malicious-ip,medium,WHITE,ziyadnz/hourly-ipv4,ziyadnz|hourly,2026-08-17T18:48:05Z,2026-08-17T18:48:05Z,
80.243.149.134,ipv4,malicious-ip,medium,WHITE,ziyadnz/hourly-ipv4,ziyadnz|hourly,2026-08-17T18:48:05Z,2026-08-17T18:48:05Z,
80.243.158.58,ipv4,malicious-ip,medium,WHITE,ziyadnz/hourly-ipv4,ziyadnz|hourly,2026-08-17T18:48:05Z,2026-08-17T18:48:05Z,
80.243.4.2,ipv4,malicious-ip,medium,WHITE,ziyadnz/hourly-ipv4,ziyadnz|hourly,2026-08-17T18:48:05Z,2026-08-17T18:48:05Z,
80.244.27.197,ipv4,malicious-ip,medium,WHITE,ziyadnz/hourly-ipv4,ziyadnz|hourly,2026-08-17T18:48:05Z,2026-08-17T18:48:05Z,
80.244.32.5,ipv4,malicious-ip,medium,WHITE,ziyadnz/hourly-ipv4,ziyadnz|hourly,2026-08-17T18:48:05Z,2026-08-17T18:48:05Z,
80.244.32.55,ipv4,malicious-ip,medium,WHITE,ziyadnz/hourly-ipv4,ziyadnz|hourly,2026-08-17T18:48:05Z,2026-08-17T18:48:05Z,
80.244.41.155,ipv4,malicious-ip,medium,WHITE,ziyadnz/hourly-ipv4,ziyadnz|hourly,2026-08-17T18:48:05Z,2026-08-17T18:48:05Z,
80.245.93.163,ipv4,malicious-ip,medium,WHITE,ziyadnz/hourly-ipv4,ziyadnz|hourly,2026-08-17T18:48:05Z,2026-08-17T18:48:05Z,
80.246.94.54,ipv4,malicious-ip,medium,WHITE,ziyadnz/hourly-ipv4,ziyadnz|hourly,2026-08-17T18:48:05Z,2026-08-17T18:48:05Z,
80.247.73.66,ipv4,malicious-ip,medium,WHITE,ziyadnz/hourly-ipv4,ziyadnz|hourly,2026-08-17T18:48:05Z,2026-08-17T18:48:05Z,
80.247.73.68,ipv4,malicious-ip,medium,WHITE,ziyadnz/hourly-ipv4,ziyadnz|hourly,2026-08-17T18:48:05Z,2026-08-17T18:48:05Z,
80.248.74.236,ipv4,malicious-ip,medium,WHITE,ziyadnz/hourly-ipv4,ziyadnz|hourly,2026-08-17T18:48:05Z,2026-08-17T18:48:05Z,
80.248.76.174,ipv4,malicious-ip,medium,WHITE,ziyadnz/hourly-ipv4,ziyadnz|hourly,2026-08-17T18:48:05Z,2026-08-17T18:48:05Z,
80.249.185.246,ipv4,malicious-ip,medium,WHITE,ziyadnz/hourly-ipv4,ziyadnz|hourly,2026-08-17T18:48:05Z,2026-08-17T18:48:05Z,
80.250.47.1,ipv4,malicious-ip,medium,WHITE,ziyadnz/hourly-ipv4,ziyadnz|hourly,2026-08-17T18:48:05Z,2026-08-17T18:48:05Z,
80.252.245.91,ipv4,malicious-ip,medium,WHITE,ziyadnz/hourly-ipv4,ziyadnz|hourly,2026-08-17T18:48:05Z,2026-08-17T18:48:05Z,
80.253.244.143,ipv4,malicious-ip,medium,WHITE,ziyadnz/hourly-ipv4,ziyadnz|hourly,2026-08-17T18:48:05Z,2026-08-17T18:48:05Z,
80.254.104.101,ipv4,malicious-ip,medium,WHITE,ziyadnz/hourly-ipv4,ziyadnz|hourly,2026-08-17T18:48:05Z,2026-08-17T18:48:05Z,
80.31.149.182,ipv4,malicious-ip,medium,WHITE,ziyadnz/hourly-ipv4,ziyadnz|hourly,2026-08-17T18:48:05Z,2026-08-17T18:48:05Z,
80.4.242.14,ipv4,malicious-ip,medium,WHITE,ziyadnz/hourly-ipv4,ziyadnz|hourly,2026-08-17T18:48:05Z,2026-08-17T18:48:05Z,
80.48.159.39,ipv4,malicious-ip,medium,WHITE,ziyadnz/hourly-ipv4,ziyadnz|hourly,2026-08-17T18:48:05Z,2026-08-17T18:48:05Z,
80.48.159.54,ipv4,malicious-ip,medium,WHITE,ziyadnz/hourly-ipv4,ziyadnz|hourly,2026-08-17T18:48:05Z,2026-08-17T18:48:05Z,
80.48.159.61,ipv4,malicious-ip,medium,WHITE,ziyadnz/hourly-ipv4,ziyadnz|hourly,2026-08-17T18:48:05Z,2026-08-17T18:48:05Z,
80.5.21.156,ipv4,malicious-ip,medium,WHITE,ziyadnz/hourly-ipv4,ziyadnz|hourly,2026-08-17T18:48:05Z,2026-08-17T18:48:05Z,
80.5.84.6,ipv4,malicious-ip,medium,WHITE,ziyadnz/hourly-ipv4,ziyadnz|hourly,2026-08-17T18:48:05Z,2026-08-17T18:48:05Z,
80.51.181.94,ipv4,malicious-ip,medium,WHITE,ziyadnz/hourly-ipv4,ziyadnz|hourly,2026-08-17T18:48:05Z,2026-08-17T18:48:05Z,
80.6.144.156,ipv4,malicious-ip,medium,WHITE,ziyadnz/hourly-ipv4,ziyadnz|hourly,2026-08-17T18:48:05Z,2026-08-17T18:48:05Z,
80.6.64.198,ipv4,malicious-ip,medium,WHITE,ziyadnz/hourly-ipv4,ziyadnz|hourly,2026-08-17T18:48:05Z,2026-08-17T18:48:05Z,
80.60.250.9,ipv4,malicious-ip,medium,WHITE,ziyadnz/hourly-ipv4,ziyadnz|hourly,2026-08-17T18:48:05Z,2026-08-17T18:48:05Z,
80.62.117.56,ipv4,malicious-ip,medium,WHITE,ziyadnz/hourly-ipv4,ziyadnz|hourly,2026-08-17T18:48:05Z,2026-08-17T18:48:05Z,
80.64.16.241,ipv4,malicious-ip,medium,WHITE,ziyadnz/hourly-ipv4,ziyadnz|hourly,2026-08-17T18:48:05Z,2026-08-17T18:48:05Z,
80.64.16.87,ipv4,malicious-ip,medium,WHITE,ziyadnz/hourly-ipv4,ziyadnz|hourly,2026-08-17T18:48:05Z,2026-08-17T18:48:05Z,
80.64.17.165,ipv4,malicious-ip,medium,WHITE,ziyadnz/hourly-ipv4,ziyadnz|hourly,2026-08-17T18:48:05Z,2026-08-17T18:48:05Z,
80.64.19.148,ipv4,malicious-ip,medium,WHITE,ziyadnz/hourly-ipv4,ziyadnz|hourly,2026-08-17T18:48:05Z,2026-08-17T18:48:05Z,
80.64.19.39,ipv4,malicious-ip,medium,WHITE,ziyadnz/hourly-ipv4,ziyadnz|hourly,2026-08-17T18:48:05Z,2026-08-17T18:48:05Z,
80.64.27.85,ipv4,malicious-ip,medium,WHITE,ziyadnz/hourly-ipv4,ziyadnz|hourly,2026-08-17T18:48:05Z,2026-08-17T18:48:05Z,
80.64.30.237,ipv4,malicious-ip,medium,WHITE,ziyadnz/hourly-ipv4,ziyadnz|hourly,2026-08-17T18:48:05Z,2026-08-17T18:48:05Z,
80.64.30.238,ipv4,malicious-ip,medium,WHITE,ziyadnz/hourly-ipv4,ziyadnz|hourly,2026-08-17T18:48:05Z,2026-08-17T18:48:05Z,
80.64.80.169,ipv4,malicious-ip,medium,WHITE,ziyadnz/hourly-ipv4,ziyadnz|hourly,2026-08-17T18:48:05Z,2026-08-17T18:48:05Z,
80.65.211.183,ipv4,malicious-ip,medium,WHITE,ziyadnz/hourly-ipv4,ziyadnz|hourly,2026-08-17T18:48:05Z,2026-08-17T18:48:05Z,
80.66.196.199,ipv4,malicious-ip,medium,WHITE,ziyadnz/hourly-ipv4,ziyadnz|hourly,2026-08-17T18:48:05Z,2026-08-17T18:48:05Z,
80.66.197.129,ipv4,malicious-ip,medium,WHITE,ziyadnz/hourly-ipv4,ziyadnz|hourly,2026-08-17T18:48:05Z,2026-08-17T18:48:05Z,
80.66.66.31,ipv4,malicious-ip,medium,WHITE,ziyadnz/hourly-ipv4,ziyadnz|hourly,2026-08-17T18:48:05Z,2026-08-17T18:48:05Z,
80.66.66.70,ipv4,malicious-ip,medium,WHITE,ziyadnz/hourly-ipv4,ziyadnz|hourly,2026-08-17T18:48:05Z,2026-08-17T18:48:05Z,
80.66.75.116,ipv4,malicious-ip,medium,WHITE,ziyadnz/hourly-ipv4,ziyadnz|hourly,2026-08-17T18:48:05Z,2026-08-17T18:48:05Z,
80.66.75.121,ipv4,malicious-ip,medium,WHITE,ziyadnz/hourly-ipv4,ziyadnz|hourly,2026-08-17T18:48:05Z,2026-08-17T18:48:05Z,
80.66.75.126,ipv4,malicious-ip,medium,WHITE,ziyadnz/hourly-ipv4,ziyadnz|hourly,2026-08-17T18:48:05Z,2026-08-17T18:48:05Z,
80.66.75.135,ipv4,malicious-ip,medium,WHITE,ziyadnz/hourly-ipv4,ziyadnz|hourly,2026-08-17T18:48:05Z,2026-08-17T18:48:05Z,
80.66.75.199,ipv4,malicious-ip,medium,WHITE,ziyadnz/hourly-ipv4,ziyadnz|hourly,2026-08-17T18:48:05Z,2026-08-17T18:48:05Z,
80.66.75.37,ipv4,malicious-ip,medium,WHITE,ziyadnz/hourly-ipv4,ziyadnz|hourly,2026-08-17T18:48:05Z,2026-08-17T18:48:05Z,
80.66.75.40,ipv4,malicious-ip,medium,WHITE,ziyadnz/hourly-ipv4,ziyadnz|hourly,2026-08-17T18:48:05Z,2026-08-17T18:48:05Z,
80.66.79.155,ipv4,malicious-ip,medium,WHITE,ziyadnz/hourly-ipv4,ziyadnz|hourly,2026-08-17T18:48:05Z,2026-08-17T18:48:05Z,
80.66.79.159,ipv4,malicious-ip,medium,WHITE,ziyadnz/hourly-ipv4,ziyadnz|hourly,2026-08-17T18:48:05Z,2026-08-17T18:48:05Z,
80.66.79.195,ipv4,malicious-ip,medium,WHITE,ziyadnz/hourly-ipv4,ziyadnz|hourly,2026-08-17T18:48:05Z,2026-08-17T18:48:05Z,
80.66.79.200,ipv4,malicious-ip,medium,WHITE,ziyadnz/hourly-ipv4,ziyadnz|hourly,2026-08-17T18:48:05Z,2026-08-17T18:48:05Z,
80.66.79.91,ipv4,malicious-ip,medium,WHITE,ziyadnz/hourly-ipv4,ziyadnz|hourly,2026-08-17T18:48:05Z,2026-08-17T18:48:05Z,
80.66.83.43,ipv4,malicious-ip,medium,WHITE,ziyadnz/hourly-ipv4,ziyadnz|hourly,2026-08-17T18:48:05Z,2026-08-17T18:48:05Z,
80.66.83.73,ipv4,malicious-ip,medium,WHITE,ziyadnz/hourly-ipv4,ziyadnz|hourly,2026-08-17T18:48:05Z,2026-08-17T18:48:05Z,
80.66.83.80,ipv4,malicious-ip,medium,WHITE,ziyadnz/hourly-ipv4,ziyadnz|hourly,2026-08-17T18:48:05Z,2026-08-17T18:48:05Z,
80.66.85.222,ipv4,malicious-ip,medium,WHITE,ziyadnz/hourly-ipv4,ziyadnz|hourly,2026-08-17T18:48:05Z,2026-08-17T18:48:05Z,
80.66.88.145,ipv4,malicious-ip,medium,WHITE,ziyadnz/hourly-ipv4,ziyadnz|hourly,2026-08-17T18:48:05Z,2026-08-17T18:48:05Z,
80.66.88.146,ipv4,malicious-ip,medium,WHITE,ziyadnz/hourly-ipv4,ziyadnz|hourly,2026-08-17T18:48:05Z,2026-08-17T18:48:05Z,
80.66.88.155,ipv4,malicious-ip,medium,WHITE,ziyadnz/hourly-ipv4,ziyadnz|hourly,2026-08-17T18:48:05Z,2026-08-17T18:48:05Z,
80.66.88.67,ipv4,malicious-ip,medium,WHITE,ziyadnz/hourly-ipv4,ziyadnz|hourly,2026-08-17T18:48:05Z,2026-08-17T18:48:05Z,
80.66.88.90,ipv4,malicious-ip,medium,WHITE,ziyadnz/hourly-ipv4,ziyadnz|hourly,2026-08-17T18:48:05Z,2026-08-17T18:48:05Z,
80.66.89.100,ipv4,malicious-ip,medium,WHITE,ziyadnz/hourly-ipv4,ziyadnz|hourly,2026-08-17T18:48:05Z,2026-08-17T18:48:05Z,
80.67.167.81,ipv4,malicious-ip,medium,WHITE,ziyadnz/hourly-ipv4,ziyadnz|hourly,2026-08-17T18:48:05Z,2026-08-17T18:48:05Z,
80.67.172.162,ipv4,malicious-ip,medium,WHITE,ziyadnz/hourly-ipv4,ziyadnz|hourly,2026-08-17T18:48:05Z,2026-08-17T18:48:05Z,
80.68.159.15,ipv4,malicious-ip,medium,WHITE,ziyadnz/hourly-ipv4,ziyadnz|hourly,2026-08-17T18:48:05Z,2026-08-17T18:48:05Z,
80.68.4.86,ipv4,malicious-ip,medium,WHITE,ziyadnz/hourly-ipv4,ziyadnz|hourly,2026-08-17T18:48:05Z,2026-08-17T18:48:05Z,
80.69.186.68,ipv4,malicious-ip,medium,WHITE,ziyadnz/hourly-ipv4,ziyadnz|hourly,2026-08-17T18:48:05Z,2026-08-17T18:48:05Z,
80.69.55.163,ipv4,malicious-ip,medium,WHITE,ziyadnz/hourly-ipv4,ziyadnz|hourly,2026-08-17T18:48:05Z,2026-08-17T18:48:05Z,
80.69.55.177,ipv4,malicious-ip,medium,WHITE,ziyadnz/hourly-ipv4,ziyadnz|hourly,2026-08-17T18:48:05Z,2026-08-17T18:48:05Z,
80.69.58.17,ipv4,malicious-ip,medium,WHITE,ziyadnz/hourly-ipv4,ziyadnz|hourly,2026-08-17T18:48:05Z,2026-08-17T18:48:05Z,
80.69.61.7,ipv4,malicious-ip,medium,WHITE,ziyadnz/hourly-ipv4,ziyadnz|hourly,2026-08-17T18:48:05Z,2026-08-17T18:48:05Z,
80.70.69.166,ipv4,malicious-ip,medium,WHITE,ziyadnz/hourly-ipv4,ziyadnz|hourly,2026-08-17T18:48:05Z,2026-08-17T18:48:05Z,
80.70.96.138,ipv4,malicious-ip,medium,WHITE,ziyadnz/hourly-ipv4,ziyadnz|hourly,2026-08-17T18:48:05Z,2026-08-17T18:48:05Z,
80.70.96.139,ipv4,malicious-ip,medium,WHITE,ziyadnz/hourly-ipv4,ziyadnz|hourly,2026-08-17T18:48:05Z,2026-08-17T18:48:05Z,
80.71.133.243,ipv4,malicious-ip,medium,WHITE,ziyadnz/hourly-ipv4,ziyadnz|hourly,2026-08-17T18:48:05Z,2026-08-17T18:48:05Z,
80.72.25.153,ipv4,malicious-ip,medium,WHITE,ziyadnz/hourly-ipv4,ziyadnz|hourly,2026-08-17T18:48:05Z,2026-08-17T18:48:05Z,
80.73.14.123,ipv4,malicious-ip,medium,WHITE,ziyadnz/hourly-ipv4,ziyadnz|hourly,2026-08-17T18:48:05Z,2026-08-17T18:48:05Z,
80.73.14.192,ipv4,malicious-ip,medium,WHITE,ziyadnz/hourly-ipv4,ziyadnz|hourly,2026-08-17T18:48:05Z,2026-08-17T18:48:05Z,
80.74.150.110,ipv4,malicious-ip,medium,WHITE,ziyadnz/hourly-ipv4,ziyadnz|hourly,2026-08-17T18:48:05Z,2026-08-17T18:48:05Z,
80.75.212.10,ipv4,malicious-ip,medium,WHITE,ziyadnz/hourly-ipv4,ziyadnz|hourly,2026-08-17T18:48:05Z,2026-08-17T18:48:05Z,
80.76.49.114,ipv4,malicious-ip,medium,WHITE,ziyadnz/hourly-ipv4,ziyadnz|hourly,2026-08-17T18:48:05Z,2026-08-17T18:48:05Z,
80.76.49.38,ipv4,malicious-ip,medium,WHITE,ziyadnz/hourly-ipv4,ziyadnz|hourly,2026-08-17T18:48:05Z,2026-08-17T18:48:05Z,
80.76.51.162,ipv4,malicious-ip,medium,WHITE,ziyadnz/hourly-ipv4,ziyadnz|hourly,2026-08-17T18:48:05Z,2026-08-17T18:48:05Z,
80.76.51.196,ipv4,malicious-ip,medium,WHITE,ziyadnz/hourly-ipv4,ziyadnz|hourly,2026-08-17T18:48:05Z,2026-08-17T18:48:05Z,
80.76.51.95,ipv4,malicious-ip,medium,WHITE,ziyadnz/hourly-ipv4,ziyadnz|hourly,2026-08-17T18:48:05Z,2026-08-17T18:48:05Z,
80.77.23.48,ipv4,malicious-ip,medium,WHITE,ziyadnz/hourly-ipv4,ziyadnz|hourly,2026-08-17T18:48:05Z,2026-08-17T18:48:05Z,
80.78.24.30,ipv4,malicious-ip,medium,WHITE,ziyadnz/hourly-ipv4,ziyadnz|hourly,2026-08-17T18:48:05Z,2026-08-17T18:48:05Z,
80.78.28.149,ipv4,malicious-ip,medium,WHITE,ziyadnz/hourly-ipv4,ziyadnz|hourly,2026-08-17T18:48:05Z,2026-08-17T18:48:05Z,
80.78.28.63,ipv4,malicious-ip,medium,WHITE,ziyadnz/hourly-ipv4,ziyadnz|hourly,2026-08-17T18:48:05Z,2026-08-17T18:48:05Z,
80.78.30.140,ipv4,malicious-ip,medium,WHITE,ziyadnz/hourly-ipv4,ziyadnz|hourly,2026-08-17T18:48:05Z,2026-08-17T18:48:05Z,
80.79.23.144,ipv4,malicious-ip,medium,WHITE,ziyadnz/hourly-ipv4,ziyadnz|hourly,2026-08-17T18:48:05Z,2026-08-17T18:48:05Z,
80.80.172.230,ipv4,malicious-ip,medium,WHITE,ziyadnz/hourly-ipv4,ziyadnz|hourly,2026-08-17T18:48:05Z,2026-08-17T18:48:05Z,
80.80.211.213,ipv4,malicious-ip,medium,WHITE,ziyadnz/hourly-ipv4,ziyadnz|hourly,2026-08-17T18:48:05Z,2026-08-17T18:48:05Z,
80.82.51.66,ipv4,malicious-ip,medium,WHITE,ziyadnz/hourly-ipv4,ziyadnz|hourly,2026-08-17T18:48:05Z,2026-08-17T18:48:05Z,
80.82.64.25,ipv4,malicious-ip,medium,WHITE,ziyadnz/hourly-ipv4,ziyadnz|hourly,2026-08-17T18:48:05Z,2026-08-17T18:48:05Z,
80.82.70.118,ipv4,malicious-ip,medium,WHITE,ziyadnz/hourly-ipv4,ziyadnz|hourly,2026-08-17T18:48:05Z,2026-08-17T18:48:05Z,
80.82.70.133,ipv4,malicious-ip,medium,WHITE,ziyadnz/hourly-ipv4,ziyadnz|hourly,2026-08-17T18:48:05Z,2026-08-17T18:48:05Z,
80.82.70.48,ipv4,malicious-ip,medium,WHITE,ziyadnz/hourly-ipv4,ziyadnz|hourly,2026-08-17T18:48:05Z,2026-08-17T18:48:05Z,
80.82.76.124,ipv4,malicious-ip,medium,WHITE,ziyadnz/hourly-ipv4,ziyadnz|hourly,2026-08-17T18:48:05Z,2026-08-17T18:48:05Z,
80.82.77.75,ipv4,malicious-ip,medium,WHITE,ziyadnz/hourly-ipv4,ziyadnz|hourly,2026-08-17T18:48:05Z,2026-08-17T18:48:05Z,
80.85.152.116,ipv4,malicious-ip,medium,WHITE,ziyadnz/hourly-ipv4,ziyadnz|hourly,2026-08-17T18:48:05Z,2026-08-17T18:48:05Z,
80.85.152.191,ipv4,malicious-ip,medium,WHITE,ziyadnz/hourly-ipv4,ziyadnz|hourly,2026-08-17T18:48:05Z,2026-08-17T18:48:05Z,
80.85.153.49,ipv4,malicious-ip,medium,WHITE,ziyadnz/hourly-ipv4,ziyadnz|hourly,2026-08-17T18:48:05Z,2026-08-17T18:48:05Z,
80.85.154.48,ipv4,malicious-ip,medium,WHITE,ziyadnz/hourly-ipv4,ziyadnz|hourly,2026-08-17T18:48:05Z,2026-08-17T18:48:05Z,
80.85.156.151,ipv4,malicious-ip,medium,WHITE,ziyadnz/hourly-ipv4,ziyadnz|hourly,2026-08-17T18:48:05Z,2026-08-17T18:48:05Z,
80.85.156.234,ipv4,malicious-ip,medium,WHITE,ziyadnz/hourly-ipv4,ziyadnz|hourly,2026-08-17T18:48:05Z,2026-08-17T18:48:05Z,
80.85.156.237,ipv4,malicious-ip,medium,WHITE,ziyadnz/hourly-ipv4,ziyadnz|hourly,2026-08-17T18:48:05Z,2026-08-17T18:48:05Z,
80.85.157.117,ipv4,malicious-ip,medium,WHITE,ziyadnz/hourly-ipv4,ziyadnz|hourly,2026-08-17T18:48:05Z,2026-08-17T18:48:05Z,
80.85.157.3,ipv4,malicious-ip,medium,WHITE,ziyadnz/hourly-ipv4,ziyadnz|hourly,2026-08-17T18:48:05Z,2026-08-17T18:48:05Z,
80.86.238.233,ipv4,malicious-ip,medium,WHITE,ziyadnz/hourly-ipv4,ziyadnz|hourly,2026-08-17T18:48:05Z,2026-08-17T18:48:05Z,
80.87.206.148,ipv4,malicious-ip,medium,WHITE,ziyadnz/hourly-ipv4,ziyadnz|hourly,2026-08-17T18:48:05Z,2026-08-17T18:48:05Z,
80.87.206.19,ipv4,malicious-ip,medium,WHITE,ziyadnz/hourly-ipv4,ziyadnz|hourly,2026-08-17T18:48:05Z,2026-08-17T18:48:05Z,
80.87.206.229,ipv4,malicious-ip,medium,WHITE,ziyadnz/hourly-ipv4,ziyadnz|hourly,2026-08-17T18:48:05Z,2026-08-17T18:48:05Z,
80.87.206.83,ipv4,malicious-ip,medium,WHITE,ziyadnz/hourly-ipv4,ziyadnz|hourly,2026-08-17T18:48:05Z,2026-08-17T18:48:05Z,
80.87.83.229,ipv4,malicious-ip,medium,WHITE,ziyadnz/hourly-ipv4,ziyadnz|hourly,2026-08-17T18:48:05Z,2026-08-17T18:48:05Z,
80.89.73.5,ipv4,malicious-ip,medium,WHITE,ziyadnz/hourly-ipv4,ziyadnz|hourly,2026-08-17T18:48:05Z,2026-08-17T18:48:05Z,
80.90.92.95,ipv4,malicious-ip,medium,WHITE,ziyadnz/hourly-ipv4,ziyadnz|hourly,2026-08-17T18:48:05Z,2026-08-17T18:48:05Z,
80.91.179.210,ipv4,malicious-ip,medium,WHITE,ziyadnz/hourly-ipv4,ziyadnz|hourly,2026-08-17T18:48:05Z,2026-08-17T18:48:05Z,
80.91.214.142,ipv4,malicious-ip,medium,WHITE,ziyadnz/hourly-ipv4,ziyadnz|hourly,2026-08-17T18:48:05Z,2026-08-17T18:48:05Z,
80.91.214.149,ipv4,malicious-ip,medium,WHITE,ziyadnz/hourly-ipv4,ziyadnz|hourly,2026-08-17T18:48:05Z,2026-08-17T18:48:05Z,
80.91.214.150,ipv4,malicious-ip,medium,WHITE,ziyadnz/hourly-ipv4,ziyadnz|hourly,2026-08-17T18:48:05Z,2026-08-17T18:48:05Z,
80.91.27.157,ipv4,malicious-ip,medium,WHITE,ziyadnz/hourly-ipv4,ziyadnz|hourly,2026-08-17T18:48:05Z,2026-08-17T18:48:05Z,
80.92.204.33,ipv4,malicious-ip,medium,WHITE,ziyadnz/hourly-ipv4,ziyadnz|hourly,2026-08-17T18:48:05Z,2026-08-17T18:48:05Z,
80.92.204.47,ipv4,malicious-ip,medium,WHITE,ziyadnz/hourly-ipv4,ziyadnz|hourly,2026-08-17T18:48:05Z,2026-08-17T18:48:05Z,
80.92.206.77,ipv4,malicious-ip,medium,WHITE,ziyadnz/hourly-ipv4,ziyadnz|hourly,2026-08-17T18:48:05Z,2026-08-17T18:48:05Z,
80.92.206.84,ipv4,malicious-ip,medium,WHITE,ziyadnz/hourly-ipv4,ziyadnz|hourly,2026-08-17T18:48:05Z,2026-08-17T18:48:05Z,
80.93.113.10,ipv4,malicious-ip,medium,WHITE,ziyadnz/hourly-ipv4,ziyadnz|hourly,2026-08-17T18:48:05Z,2026-08-17T18:48:05Z,
80.93.116.174,ipv4,malicious-ip,medium,WHITE,ziyadnz/hourly-ipv4,ziyadnz|hourly,2026-08-17T18:48:05Z,2026-08-17T18:48:05Z,
80.93.117.203,ipv4,malicious-ip,medium,WHITE,ziyadnz/hourly-ipv4,ziyadnz|hourly,2026-08-17T18:48:05Z,2026-08-17T18:48:05Z,
80.93.117.227,ipv4,malicious-ip,medium,WHITE,ziyadnz/hourly-ipv4,ziyadnz|hourly,2026-08-17T18:48:05Z,2026-08-17T18:48:05Z,
80.93.117.250,ipv4,malicious-ip,medium,WHITE,ziyadnz/hourly-ipv4,ziyadnz|hourly,2026-08-17T18:48:05Z,2026-08-17T18:48:05Z,
80.93.118.19,ipv4,malicious-ip,medium,WHITE,ziyadnz/hourly-ipv4,ziyadnz|hourly,2026-08-17T18:48:05Z,2026-08-17T18:48:05Z,
80.93.119.233,ipv4,malicious-ip,medium,WHITE,ziyadnz/hourly-ipv4,ziyadnz|hourly,2026-08-17T18:48:05Z,2026-08-17T18:48:05Z,
80.93.119.236,ipv4,malicious-ip,medium,WHITE,ziyadnz/hourly-ipv4,ziyadnz|hourly,2026-08-17T18:48:05Z,2026-08-17T18:48:05Z,
80.93.123.60,ipv4,malicious-ip,medium,WHITE,ziyadnz/hourly-ipv4,ziyadnz|hourly,2026-08-17T18:48:05Z,2026-08-17T18:48:05Z,
80.93.177.211,ipv4,malicious-ip,medium,WHITE,ziyadnz/hourly-ipv4,ziyadnz|hourly,2026-08-17T18:48:05Z,2026-08-17T18:48:05Z,
80.93.220.238,ipv4,malicious-ip,medium,WHITE,ziyadnz/hourly-ipv4,ziyadnz|hourly,2026-08-17T18:48:05Z,2026-08-17T18:48:05Z,
80.93.60.113,ipv4,malicious-ip,medium,WHITE,ziyadnz/hourly-ipv4,ziyadnz|hourly,2026-08-17T18:48:05Z,2026-08-17T18:48:05Z,
80.93.61.39,ipv4,malicious-ip,medium,WHITE,ziyadnz/hourly-ipv4,ziyadnz|hourly,2026-08-17T18:48:05Z,2026-08-17T18:48:05Z,
80.93.63.35,ipv4,malicious-ip,medium,WHITE,ziyadnz/hourly-ipv4,ziyadnz|hourly,2026-08-17T18:48:05Z,2026-08-17T18:48:05Z,
80.94.127.19,ipv4,malicious-ip,medium,WHITE,ziyadnz/hourly-ipv4,ziyadnz|hourly,2026-08-17T18:48:05Z,2026-08-17T18:48:05Z,
80.94.250.153,ipv4,malicious-ip,medium,WHITE,ziyadnz/hourly-ipv4,ziyadnz|hourly,2026-08-17T18:48:05Z,2026-08-17T18:48:05Z,
80.94.250.198,ipv4,malicious-ip,medium,WHITE,ziyadnz/hourly-ipv4,ziyadnz|hourly,2026-08-17T18:48:05Z,2026-08-17T18:48:05Z,
80.94.250.232,ipv4,malicious-ip,medium,WHITE,ziyadnz/hourly-ipv4,ziyadnz|hourly,2026-08-17T18:48:05Z,2026-08-17T18:48:05Z,
80.94.250.43,ipv4,malicious-ip,medium,WHITE,ziyadnz/hourly-ipv4,ziyadnz|hourly,2026-08-17T18:48:05Z,2026-08-17T18:48:05Z,
80.94.250.44,ipv4,malicious-ip,medium,WHITE,ziyadnz/hourly-ipv4,ziyadnz|hourly,2026-08-17T18:48:05Z,2026-08-17T18:48:05Z,
80.94.250.96,ipv4,malicious-ip,medium,WHITE,ziyadnz/hourly-ipv4,ziyadnz|hourly,2026-08-17T18:48:05Z,2026-08-17T18:48:05Z,
80.94.30.236,ipv4,malicious-ip,medium,WHITE,ziyadnz/hourly-ipv4,ziyadnz|hourly,2026-08-17T18:48:05Z,2026-08-17T18:48:05Z,
80.94.30.247,ipv4,malicious-ip,medium,WHITE,ziyadnz/hourly-ipv4,ziyadnz|hourly,2026-08-17T18:48:05Z,2026-08-17T18:48:05Z,
80.94.92.0,ipv4,malicious-ip,medium,WHITE,ziyadnz/hourly-ipv4,ziyadnz|hourly,2026-08-17T18:48:05Z,2026-08-17T18:48:05Z,
80.94.92.109,ipv4,malicious-ip,medium,WHITE,ziyadnz/hourly-ipv4,ziyadnz|hourly,2026-08-17T18:48:05Z,2026-08-17T18:48:05Z,
80.94.92.120,ipv4,malicious-ip,medium,WHITE,ziyadnz/hourly-ipv4,ziyadnz|hourly,2026-08-17T18:48:05Z,2026-08-17T18:48:05Z,
80.94.92.128,ipv4,malicious-ip,medium,WHITE,ziyadnz/hourly-ipv4,ziyadnz|hourly,2026-08-17T18:48:05Z,2026-08-17T18:48:05Z,
80.94.92.13,ipv4,malicious-ip,medium,WHITE,ziyadnz/hourly-ipv4,ziyadnz|hourly,2026-08-17T18:48:05Z,2026-08-17T18:48:05Z,
80.94.92.156,ipv4,malicious-ip,medium,WHITE,ziyadnz/hourly-ipv4,ziyadnz|hourly,2026-08-17T18:48:05Z,2026-08-17T18:48:05Z,
80.94.92.175,ipv4,malicious-ip,medium,WHITE,ziyadnz/hourly-ipv4,ziyadnz|hourly,2026-08-17T18:48:05Z,2026-08-17T18:48:05Z,
80.94.92.19,ipv4,malicious-ip,medium,WHITE,ziyadnz/hourly-ipv4,ziyadnz|hourly,2026-08-17T18:48:05Z,2026-08-17T18:48:05Z,
80.94.92.21,ipv4,malicious-ip,medium,WHITE,ziyadnz/hourly-ipv4,ziyadnz|hourly,2026-08-17T18:48:05Z,2026-08-17T18:48:05Z,
80.94.92.35,ipv4,malicious-ip,medium,WHITE,ziyadnz/hourly-ipv4,ziyadnz|hourly,2026-08-17T18:48:05Z,2026-08-17T18:48:05Z,
80.94.92.70,ipv4,malicious-ip,medium,WHITE,ziyadnz/hourly-ipv4,ziyadnz|hourly,2026-08-17T18:48:05Z,2026-08-17T18:48:05Z,
80.94.92.92,ipv4,malicious-ip,medium,WHITE,ziyadnz/hourly-ipv4,ziyadnz|hourly,2026-08-17T18:48:05Z,2026-08-17T18:48:05Z,
80.94.92.99,ipv4,malicious-ip,medium,WHITE,ziyadnz/hourly-ipv4,ziyadnz|hourly,2026-08-17T18:48:05Z,2026-08-17T18:48:05Z,
80.94.93.119,ipv4,malicious-ip,medium,WHITE,ziyadnz/hourly-ipv4,ziyadnz|hourly,2026-08-17T18:48:05Z,2026-08-17T18:48:05Z,
80.94.93.57,ipv4,malicious-ip,medium,WHITE,ziyadnz/hourly-ipv4,ziyadnz|hourly,2026-08-17T18:48:05Z,2026-08-17T18:48:05Z,
80.94.95.173,ipv4,malicious-ip,medium,WHITE,ziyadnz/hourly-ipv4,ziyadnz|hourly,2026-08-17T18:48:05Z,2026-08-17T18:48:05Z,
80.94.95.202,ipv4,malicious-ip,medium,WHITE,ziyadnz/hourly-ipv4,ziyadnz|hourly,2026-08-17T18:48:05Z,2026-08-17T18:48:05Z,
80.94.95.217,ipv4,malicious-ip,medium,WHITE,ziyadnz/hourly-ipv4,ziyadnz|hourly,2026-08-17T18:48:05Z,2026-08-17T18:48:05Z,
80.94.95.221,ipv4,malicious-ip,medium,WHITE,ziyadnz/hourly-ipv4,ziyadnz|hourly,2026-08-17T18:48:05Z,2026-08-17T18:48:05Z,
80.94.95.236,ipv4,malicious-ip,medium,WHITE,ziyadnz/hourly-ipv4,ziyadnz|hourly,2026-08-17T18:48:05Z,2026-08-17T18:48:05Z,
80.94.95.83,ipv4,malicious-ip,medium,WHITE,ziyadnz/hourly-ipv4,ziyadnz|hourly,2026-08-17T18:48:05Z,2026-08-17T18:48:05Z,
80.95.194.124,ipv4,malicious-ip,medium,WHITE,ziyadnz/hourly-ipv4,ziyadnz|hourly,2026-08-17T18:48:05Z,2026-08-17T18:48:05Z,
80.96.108.192,ipv4,malicious-ip,medium,WHITE,ziyadnz/hourly-ipv4,ziyadnz|hourly,2026-08-17T18:48:05Z,2026-08-17T18:48:05Z,
80.96.108.64,ipv4,malicious-ip,medium,WHITE,ziyadnz/hourly-ipv4,ziyadnz|hourly,2026-08-17T18:48:05Z,2026-08-17T18:48:05Z,
80.96.109.107,ipv4,malicious-ip,medium,WHITE,ziyadnz/hourly-ipv4,ziyadnz|hourly,2026-08-17T18:48:05Z,2026-08-17T18:48:05Z,
80.96.109.229,ipv4,malicious-ip,medium,WHITE,ziyadnz/hourly-ipv4,ziyadnz|hourly,2026-08-17T18:48:05Z,2026-08-17T18:48:05Z,
80.96.109.241,ipv4,malicious-ip,medium,WHITE,ziyadnz/hourly-ipv4,ziyadnz|hourly,2026-08-17T18:48:05Z,2026-08-17T18:48:05Z,
80.96.113.130,ipv4,malicious-ip,medium,WHITE,ziyadnz/hourly-ipv4,ziyadnz|hourly,2026-08-17T18:48:05Z,2026-08-17T18:48:05Z,
80.96.59.214,ipv4,malicious-ip,medium,WHITE,ziyadnz/hourly-ipv4,ziyadnz|hourly,2026-08-17T18:48:05Z,2026-08-17T18:48:05Z,
80.99.159.65,ipv4,malicious-ip,medium,WHITE,ziyadnz/hourly-ipv4,ziyadnz|hourly,2026-08-17T18:48:05Z,2026-08-17T18:48:05Z,
80.99.217.58,ipv4,malicious-ip,medium,WHITE,ziyadnz/hourly-ipv4,ziyadnz|hourly,2026-08-17T18:48:05Z,2026-08-17T18:48:05Z,
81.0.220.115,ipv4,malicious-ip,medium,WHITE,ziyadnz/hourly-ipv4,ziyadnz|hourly,2026-08-17T18:48:05Z,2026-08-17T18:48:05Z,
81.0.64.186,ipv4,malicious-ip,medium,WHITE,ziyadnz/hourly-ipv4,ziyadnz|hourly,2026-08-17T18:48:05Z,2026-08-17T18:48:05Z,
81.10.0.155,ipv4,malicious-ip,medium,WHITE,ziyadnz/hourly-ipv4,ziyadnz|hourly,2026-08-17T18:48:05Z,2026-08-17T18:48:05Z,
81.10.102.63,ipv4,malicious-ip,medium,WHITE,ziyadnz/hourly-ipv4,ziyadnz|hourly,2026-08-17T18:48:05Z,2026-08-17T18:48:05Z,
81.10.102.84,ipv4,malicious-ip,medium,WHITE,ziyadnz/hourly-ipv4,ziyadnz|hourly,2026-08-17T18:48:05Z,2026-08-17T18:48:05Z,
81.10.115.16,ipv4,malicious-ip,medium,WHITE,ziyadnz/hourly-ipv4,ziyadnz|hourly,2026-08-17T18:48:05Z,2026-08-17T18:48:05Z,
81.10.19.33,ipv4,malicious-ip,medium,WHITE,ziyadnz/hourly-ipv4,ziyadnz|hourly,2026-08-17T18:48:05Z,2026-08-17T18:48:05Z,
81.10.22.58,ipv4,malicious-ip,medium,WHITE,ziyadnz/hourly-ipv4,ziyadnz|hourly,2026-08-17T18:48:05Z,2026-08-17T18:48:05Z,
81.10.26.27,ipv4,malicious-ip,medium,WHITE,ziyadnz/hourly-ipv4,ziyadnz|hourly,2026-08-17T18:48:05Z,2026-08-17T18:48:05Z,
81.10.3.174,ipv4,malicious-ip,medium,WHITE,ziyadnz/hourly-ipv4,ziyadnz|hourly,2026-08-17T18:48:05Z,2026-08-17T18:48:05Z,
81.10.3.43,ipv4,malicious-ip,medium,WHITE,ziyadnz/hourly-ipv4,ziyadnz|hourly,2026-08-17T18:48:05Z,2026-08-17T18:48:05Z,
81.10.30.144,ipv4,malicious-ip,medium,WHITE,ziyadnz/hourly-ipv4,ziyadnz|hourly,2026-08-17T18:48:05Z,2026-08-17T18:48:05Z,
81.10.39.215,ipv4,malicious-ip,medium,WHITE,ziyadnz/hourly-ipv4,ziyadnz|hourly,2026-08-17T18:48:05Z,2026-08-17T18:48:05Z,
81.10.42.109,ipv4,malicious-ip,medium,WHITE,ziyadnz/hourly-ipv4,ziyadnz|hourly,2026-08-17T18:48:05Z,2026-08-17T18:48:05Z,
81.10.5.110,ipv4,malicious-ip,medium,WHITE,ziyadnz/hourly-ipv4,ziyadnz|hourly,2026-08-17T18:48:05Z,2026-08-17T18:48:05Z,
81.10.57.150,ipv4,malicious-ip,medium,WHITE,ziyadnz/hourly-ipv4,ziyadnz|hourly,2026-08-17T18:48:05Z,2026-08-17T18:48:05Z,
81.10.62.220,ipv4,malicious-ip,medium,WHITE,ziyadnz/hourly-ipv4,ziyadnz|hourly,2026-08-17T18:48:05Z,2026-08-17T18:48:05Z,
81.10.79.119,ipv4,malicious-ip,medium,WHITE,ziyadnz/hourly-ipv4,ziyadnz|hourly,2026-08-17T18:48:05Z,2026-08-17T18:48:05Z,
81.100.56.219,ipv4,malicious-ip,medium,WHITE,ziyadnz/hourly-ipv4,ziyadnz|hourly,2026-08-17T18:48:05Z,2026-08-17T18:48:05Z,
81.102.131.25,ipv4,malicious-ip,medium,WHITE,ziyadnz/hourly-ipv4,ziyadnz|hourly,2026-08-17T18:48:05Z,2026-08-17T18:48:05Z,
81.103.109.59,ipv4,malicious-ip,medium,WHITE,ziyadnz/hourly-ipv4,ziyadnz|hourly,2026-08-17T18:48:05Z,2026-08-17T18:48:05Z,
81.103.234.208,ipv4,malicious-ip,medium,WHITE,ziyadnz/hourly-ipv4,ziyadnz|hourly,2026-08-17T18:48:05Z,2026-08-17T18:48:05Z,
81.107.66.19,ipv4,malicious-ip,medium,WHITE,ziyadnz/hourly-ipv4,ziyadnz|hourly,2026-08-17T18:48:05Z,2026-08-17T18:48:05Z,
81.108.225.43,ipv4,malicious-ip,medium,WHITE,ziyadnz/hourly-ipv4,ziyadnz|hourly,2026-08-17T18:48:05Z,2026-08-17T18:48:05Z,
81.108.75.101,ipv4,malicious-ip,medium,WHITE,ziyadnz/hourly-ipv4,ziyadnz|hourly,2026-08-17T18:48:05Z,2026-08-17T18:48:05Z,
81.109.79.160,ipv4,malicious-ip,medium,WHITE,ziyadnz/hourly-ipv4,ziyadnz|hourly,2026-08-17T18:48:05Z,2026-08-17T18:48:05Z,
81.110.156.36,ipv4,malicious-ip,medium,WHITE,ziyadnz/hourly-ipv4,ziyadnz|hourly,2026-08-17T18:48:05Z,2026-08-17T18:48:05Z,
81.110.171.250,ipv4,malicious-ip,medium,WHITE,ziyadnz/hourly-ipv4,ziyadnz|hourly,2026-08-17T18:48:05Z,2026-08-17T18:48:05Z,
81.110.30.44,ipv4,malicious-ip,medium,WHITE,ziyadnz/hourly-ipv4,ziyadnz|hourly,2026-08-17T18:48:05Z,2026-08-17T18:48:05Z,
81.12.198.206,ipv4,malicious-ip,medium,WHITE,ziyadnz/hourly-ipv4,ziyadnz|hourly,2026-08-17T18:48:05Z,2026-08-17T18:48:05Z,
81.12.37.18,ipv4,malicious-ip,medium,WHITE,ziyadnz/hourly-ipv4,ziyadnz|hourly,2026-08-17T18:48:05Z,2026-08-17T18:48:05Z,
81.12.41.178,ipv4,malicious-ip,medium,WHITE,ziyadnz/hourly-ipv4,ziyadnz|hourly,2026-08-17T18:48:05Z,2026-08-17T18:48:05Z,
81.134.37.64,ipv4,malicious-ip,medium,WHITE,ziyadnz/hourly-ipv4,ziyadnz|hourly,2026-08-17T18:48:05Z,2026-08-17T18:48:05Z,
81.141.139.186,ipv4,malicious-ip,medium,WHITE,ziyadnz/hourly-ipv4,ziyadnz|hourly,2026-08-17T18:48:05Z,2026-08-17T18:48:05Z,
81.141.50.42,ipv4,malicious-ip,medium,WHITE,ziyadnz/hourly-ipv4,ziyadnz|hourly,2026-08-17T18:48:05Z,2026-08-17T18:48:05Z,
81.143.6.60,ipv4,malicious-ip,medium,WHITE,ziyadnz/hourly-ipv4,ziyadnz|hourly,2026-08-17T18:48:05Z,2026-08-17T18:48:05Z,
81.153.154.247,ipv4,malicious-ip,medium,WHITE,ziyadnz/hourly-ipv4,ziyadnz|hourly,2026-08-17T18:48:05Z,2026-08-17T18:48:05Z,
81.158.239.251,ipv4,malicious-ip,medium,WHITE,ziyadnz/hourly-ipv4,ziyadnz|hourly,2026-08-17T18:48:05Z,2026-08-17T18:48:05Z,
81.16.124.75,ipv4,malicious-ip,medium,WHITE,ziyadnz/hourly-ipv4,ziyadnz|hourly,2026-08-17T18:48:05Z,2026-08-17T18:48:05Z,
81.16.152.2,ipv4,malicious-ip,medium,WHITE,ziyadnz/hourly-ipv4,ziyadnz|hourly,2026-08-17T18:48:05Z,2026-08-17T18:48:05Z,
81.16.240.79,ipv4,malicious-ip,medium,WHITE,ziyadnz/hourly-ipv4,ziyadnz|hourly,2026-08-17T18:48:05Z,2026-08-17T18:48:05Z,
81.16.33.42,ipv4,malicious-ip,medium,WHITE,ziyadnz/hourly-ipv4,ziyadnz|hourly,2026-08-17T18:48:05Z,2026-08-17T18:48:05Z,
81.16.6.111,ipv4,malicious-ip,medium,WHITE,ziyadnz/hourly-ipv4,ziyadnz|hourly,2026-08-17T18:48:05Z,2026-08-17T18:48:05Z,
81.161.229.120,ipv4,malicious-ip,medium,WHITE,ziyadnz/hourly-ipv4,ziyadnz|hourly,2026-08-17T18:48:05Z,2026-08-17T18:48:05Z,
81.161.229.237,ipv4,malicious-ip,medium,WHITE,ziyadnz/hourly-ipv4,ziyadnz|hourly,2026-08-17T18:48:05Z,2026-08-17T18:48:05Z,
81.161.238.139,ipv4,malicious-ip,medium,WHITE,ziyadnz/hourly-ipv4,ziyadnz|hourly,2026-08-17T18:48:05Z,2026-08-17T18:48:05Z,
81.161.239.16,ipv4,malicious-ip,medium,WHITE,ziyadnz/hourly-ipv4,ziyadnz|hourly,2026-08-17T18:48:05Z,2026-08-17T18:48:05Z,
81.162.239.177,ipv4,malicious-ip,medium,WHITE,ziyadnz/hourly-ipv4,ziyadnz|hourly,2026-08-17T18:48:05Z,2026-08-17T18:48:05Z,
81.162.246.251,ipv4,malicious-ip,medium,WHITE,ziyadnz/hourly-ipv4,ziyadnz|hourly,2026-08-17T18:48:05Z,2026-08-17T18:48:05Z,
81.162.252.66,ipv4,malicious-ip,medium,WHITE,ziyadnz/hourly-ipv4,ziyadnz|hourly,2026-08-17T18:48:05Z,2026-08-17T18:48:05Z,
81.163.119.59,ipv4,malicious-ip,medium,WHITE,ziyadnz/hourly-ipv4,ziyadnz|hourly,2026-08-17T18:48:05Z,2026-08-17T18:48:05Z,
81.163.125.56,ipv4,malicious-ip,medium,WHITE,ziyadnz/hourly-ipv4,ziyadnz|hourly,2026-08-17T18:48:05Z,2026-08-17T18:48:05Z,
81.163.128.74,ipv4,malicious-ip,medium,WHITE,ziyadnz/hourly-ipv4,ziyadnz|hourly,2026-08-17T18:48:05Z,2026-08-17T18:48:05Z,
81.163.211.32,ipv4,malicious-ip,medium,WHITE,ziyadnz/hourly-ipv4,ziyadnz|hourly,2026-08-17T18:48:05Z,2026-08-17T18:48:05Z,
81.163.8.137,ipv4,malicious-ip,medium,WHITE,ziyadnz/hourly-ipv4,ziyadnz|hourly,2026-08-17T18:48:05Z,2026-08-17T18:48:05Z,
81.167.26.57,ipv4,malicious-ip,medium,WHITE,ziyadnz/hourly-ipv4,ziyadnz|hourly,2026-08-17T18:48:05Z,2026-08-17T18:48:05Z,
81.168.119.134,ipv4,malicious-ip,medium,WHITE,ziyadnz/hourly-ipv4,ziyadnz|hourly,2026-08-17T18:48:05Z,2026-08-17T18:48:05Z,
81.169.210.61,ipv4,malicious-ip,medium,WHITE,ziyadnz/hourly-ipv4,ziyadnz|hourly,2026-08-17T18:48:05Z,2026-08-17T18:48:05Z,
81.169.237.137,ipv4,malicious-ip,medium,WHITE,ziyadnz/hourly-ipv4,ziyadnz|hourly,2026-08-17T18:48:05Z,2026-08-17T18:48:05Z,
81.169.241.114,ipv4,malicious-ip,medium,WHITE,ziyadnz/hourly-ipv4,ziyadnz|hourly,2026-08-17T18:48:05Z,2026-08-17T18:48:05Z,
81.17.100.9,ipv4,malicious-ip,medium,WHITE,ziyadnz/hourly-ipv4,ziyadnz|hourly,2026-08-17T18:48:05Z,2026-08-17T18:48:05Z,
81.17.101.227,ipv4,malicious-ip,medium,WHITE,ziyadnz/hourly-ipv4,ziyadnz|hourly,2026-08-17T18:48:05Z,2026-08-17T18:48:05Z,
81.17.18.194,ipv4,malicious-ip,medium,WHITE,ziyadnz/hourly-ipv4,ziyadnz|hourly,2026-08-17T18:48:05Z,2026-08-17T18:48:05Z,
81.17.18.195,ipv4,malicious-ip,medium,WHITE,ziyadnz/hourly-ipv4,ziyadnz|hourly,2026-08-17T18:48:05Z,2026-08-17T18:48:05Z,
81.17.18.196,ipv4,malicious-ip,medium,WHITE,ziyadnz/hourly-ipv4,ziyadnz|hourly,2026-08-17T18:48:05Z,2026-08-17T18:48:05Z,
81.17.18.197,ipv4,malicious-ip,medium,WHITE,ziyadnz/hourly-ipv4,ziyadnz|hourly,2026-08-17T18:48:05Z,2026-08-17T18:48:05Z,
81.17.18.198,ipv4,malicious-ip,medium,WHITE,ziyadnz/hourly-ipv4,ziyadnz|hourly,2026-08-17T18:48:05Z,2026-08-17T18:48:05Z,
81.17.28.131,ipv4,malicious-ip,medium,WHITE,ziyadnz/hourly-ipv4,ziyadnz|hourly,2026-08-17T18:48:05Z,2026-08-17T18:48:05Z,
81.17.28.95,ipv4,malicious-ip,medium,WHITE,ziyadnz/hourly-ipv4,ziyadnz|hourly,2026-08-17T18:48:05Z,2026-08-17T18:48:05Z,
81.17.29.146,ipv4,malicious-ip,medium,WHITE,ziyadnz/hourly-ipv4,ziyadnz|hourly,2026-08-17T18:48:05Z,2026-08-17T18:48:05Z,
81.17.29.147,ipv4,malicious-ip,medium,WHITE,ziyadnz/hourly-ipv4,ziyadnz|hourly,2026-08-17T18:48:05Z,2026-08-17T18:48:05Z,
81.17.29.148,ipv4,malicious-ip,medium,WHITE,ziyadnz/hourly-ipv4,ziyadnz|hourly,2026-08-17T18:48:05Z,2026-08-17T18:48:05Z,
81.17.29.150,ipv4,malicious-ip,medium,WHITE,ziyadnz/hourly-ipv4,ziyadnz|hourly,2026-08-17T18:48:05Z,2026-08-17T18:48:05Z,
81.17.89.54,ipv4,malicious-ip,medium,WHITE,ziyadnz/hourly-ipv4,ziyadnz|hourly,2026-08-17T18:48:05Z,2026-08-17T18:48:05Z,
81.17.98.241,ipv4,malicious-ip,medium,WHITE,ziyadnz/hourly-ipv4,ziyadnz|hourly,2026-08-17T18:48:05Z,2026-08-17T18:48:05Z,
81.170.177.125,ipv4,malicious-ip,medium,WHITE,ziyadnz/hourly-ipv4,ziyadnz|hourly,2026-08-17T18:48:05Z,2026-08-17T18:48:05Z,
81.170.248.221,ipv4,malicious-ip,medium,WHITE,ziyadnz/hourly-ipv4,ziyadnz|hourly,2026-08-17T18:48:05Z,2026-08-17T18:48:05Z,
81.171.28.46,ipv4,malicious-ip,medium,WHITE,ziyadnz/hourly-ipv4,ziyadnz|hourly,2026-08-17T18:48:05Z,2026-08-17T18:48:05Z,
81.171.3.205,ipv4,malicious-ip,medium,WHITE,ziyadnz/hourly-ipv4,ziyadnz|hourly,2026-08-17T18:48:05Z,2026-08-17T18:48:05Z,
81.171.8.143,ipv4,malicious-ip,medium,WHITE,ziyadnz/hourly-ipv4,ziyadnz|hourly,2026-08-17T18:48:05Z,2026-08-17T18:48:05Z,
81.172.120.224,ipv4,malicious-ip,medium,WHITE,ziyadnz/hourly-ipv4,ziyadnz|hourly,2026-08-17T18:48:05Z,2026-08-17T18:48:05Z,
81.172.74.163,ipv4,malicious-ip,medium,WHITE,ziyadnz/hourly-ipv4,ziyadnz|hourly,2026-08-17T18:48:05Z,2026-08-17T18:48:05Z,
81.172.76.163,ipv4,malicious-ip,medium,WHITE,ziyadnz/hourly-ipv4,ziyadnz|hourly,2026-08-17T18:48:05Z,2026-08-17T18:48:05Z,
81.172.76.220,ipv4,malicious-ip,medium,WHITE,ziyadnz/hourly-ipv4,ziyadnz|hourly,2026-08-17T18:48:05Z,2026-08-17T18:48:05Z,
81.172.78.221,ipv4,malicious-ip,medium,WHITE,ziyadnz/hourly-ipv4,ziyadnz|hourly,2026-08-17T18:48:05Z,2026-08-17T18:48:05Z,
81.172.79.243,ipv4,malicious-ip,medium,WHITE,ziyadnz/hourly-ipv4,ziyadnz|hourly,2026-08-17T18:48:05Z,2026-08-17T18:48:05Z,
81.172.79.31,ipv4,malicious-ip,medium,WHITE,ziyadnz/hourly-ipv4,ziyadnz|hourly,2026-08-17T18:48:05Z,2026-08-17T18:48:05Z,
81.177.101.45,ipv4,malicious-ip,medium,WHITE,ziyadnz/hourly-ipv4,ziyadnz|hourly,2026-08-17T18:48:05Z,2026-08-17T18:48:05Z,
81.177.165.23,ipv4,malicious-ip,medium,WHITE,ziyadnz/hourly-ipv4,ziyadnz|hourly,2026-08-17T18:48:05Z,2026-08-17T18:48:05Z,
81.177.215.15,ipv4,malicious-ip,medium,WHITE,ziyadnz/hourly-ipv4,ziyadnz|hourly,2026-08-17T18:48:05Z,2026-08-17T18:48:05Z,
81.177.32.12,ipv4,malicious-ip,medium,WHITE,ziyadnz/hourly-ipv4,ziyadnz|hourly,2026-08-17T18:48:05Z,2026-08-17T18:48:05Z,
81.179.197.114,ipv4,malicious-ip,medium,WHITE,ziyadnz/hourly-ipv4,ziyadnz|hourly,2026-08-17T18:48:05Z,2026-08-17T18:48:05Z,
81.18.38.247,ipv4,malicious-ip,medium,WHITE,ziyadnz/hourly-ipv4,ziyadnz|hourly,2026-08-17T18:48:05Z,2026-08-17T18:48:05Z,
81.181.104.22,ipv4,malicious-ip,medium,WHITE,ziyadnz/hourly-ipv4,ziyadnz|hourly,2026-08-17T18:48:05Z,2026-08-17T18:48:05Z,
81.181.166.141,ipv4,malicious-ip,medium,WHITE,ziyadnz/hourly-ipv4,ziyadnz|hourly,2026-08-17T18:48:05Z,2026-08-17T18:48:05Z,
81.181.166.191,ipv4,malicious-ip,medium,WHITE,ziyadnz/hourly-ipv4,ziyadnz|hourly,2026-08-17T18:48:05Z,2026-08-17T18:48:05Z,
81.181.198.252,ipv4,malicious-ip,medium,WHITE,ziyadnz/hourly-ipv4,ziyadnz|hourly,2026-08-17T18:48:05Z,2026-08-17T18:48:05Z,
81.182.246.252,ipv4,malicious-ip,medium,WHITE,ziyadnz/hourly-ipv4,ziyadnz|hourly,2026-08-17T18:48:05Z,2026-08-17T18:48:05Z,
81.182.246.50,ipv4,malicious-ip,medium,WHITE,ziyadnz/hourly-ipv4,ziyadnz|hourly,2026-08-17T18:48:05Z,2026-08-17T18:48:05Z,
81.183.18.81,ipv4,malicious-ip,medium,WHITE,ziyadnz/hourly-ipv4,ziyadnz|hourly,2026-08-17T18:48:05Z,2026-08-17T18:48:05Z,
81.183.22.207,ipv4,malicious-ip,medium,WHITE,ziyadnz/hourly-ipv4,ziyadnz|hourly,2026-08-17T18:48:05Z,2026-08-17T18:48:05Z,
81.185.168.228,ipv4,malicious-ip,medium,WHITE,ziyadnz/hourly-ipv4,ziyadnz|hourly,2026-08-17T18:48:05Z,2026-08-17T18:48:05Z,
81.19.131.95,ipv4,malicious-ip,medium,WHITE,ziyadnz/hourly-ipv4,ziyadnz|hourly,2026-08-17T18:48:05Z,2026-08-17T18:48:05Z,
81.19.135.156,ipv4,malicious-ip,medium,WHITE,ziyadnz/hourly-ipv4,ziyadnz|hourly,2026-08-17T18:48:05Z,2026-08-17T18:48:05Z,
81.19.135.219,ipv4,malicious-ip,medium,WHITE,ziyadnz/hourly-ipv4,ziyadnz|hourly,2026-08-17T18:48:05Z,2026-08-17T18:48:05Z,
81.19.135.220,ipv4,malicious-ip,medium,WHITE,ziyadnz/hourly-ipv4,ziyadnz|hourly,2026-08-17T18:48:05Z,2026-08-17T18:48:05Z,
81.19.135.226,ipv4,malicious-ip,medium,WHITE,ziyadnz/hourly-ipv4,ziyadnz|hourly,2026-08-17T18:48:05Z,2026-08-17T18:48:05Z,
81.19.135.229,ipv4,malicious-ip,medium,WHITE,ziyadnz/hourly-ipv4,ziyadnz|hourly,2026-08-17T18:48:05Z,2026-08-17T18:48:05Z,
81.19.135.249,ipv4,malicious-ip,medium,WHITE,ziyadnz/hourly-ipv4,ziyadnz|hourly,2026-08-17T18:48:05Z,2026-08-17T18:48:05Z,
81.19.136.239,ipv4,malicious-ip,medium,WHITE,ziyadnz/hourly-ipv4,ziyadnz|hourly,2026-08-17T18:48:05Z,2026-08-17T18:48:05Z,
81.19.136.241,ipv4,malicious-ip,medium,WHITE,ziyadnz/hourly-ipv4,ziyadnz|hourly,2026-08-17T18:48:05Z,2026-08-17T18:48:05Z,
81.19.136.249,ipv4,malicious-ip,medium,WHITE,ziyadnz/hourly-ipv4,ziyadnz|hourly,2026-08-17T18:48:05Z,2026-08-17T18:48:05Z,
81.19.136.250,ipv4,malicious-ip,medium,WHITE,ziyadnz/hourly-ipv4,ziyadnz|hourly,2026-08-17T18:48:05Z,2026-08-17T18:48:05Z,
81.19.136.251,ipv4,malicious-ip,medium,WHITE,ziyadnz/hourly-ipv4,ziyadnz|hourly,2026-08-17T18:48:05Z,2026-08-17T18:48:05Z,
81.19.138.52,ipv4,malicious-ip,medium,WHITE,ziyadnz/hourly-ipv4,ziyadnz|hourly,2026-08-17T18:48:05Z,2026-08-17T18:48:05Z,
81.19.140.217,ipv4,malicious-ip,medium,WHITE,ziyadnz/hourly-ipv4,ziyadnz|hourly,2026-08-17T18:48:05Z,2026-08-17T18:48:05Z,
81.19.154.98,ipv4,malicious-ip,medium,WHITE,ziyadnz/hourly-ipv4,ziyadnz|hourly,2026-08-17T18:48:05Z,2026-08-17T18:48:05Z,
81.19.216.0,ipv4,malicious-ip,medium,WHITE,ziyadnz/hourly-ipv4,ziyadnz|hourly,2026-08-17T18:48:05Z,2026-08-17T18:48:05Z,
81.19.216.100,ipv4,malicious-ip,medium,WHITE,ziyadnz/hourly-ipv4,ziyadnz|hourly,2026-08-17T18:48:05Z,2026-08-17T18:48:05Z,
81.19.216.101,ipv4,malicious-ip,medium,WHITE,ziyadnz/hourly-ipv4,ziyadnz|hourly,2026-08-17T18:48:05Z,2026-08-17T18:48:05Z,
81.19.216.102,ipv4,malicious-ip,medium,WHITE,ziyadnz/hourly-ipv4,ziyadnz|hourly,2026-08-17T18:48:05Z,2026-08-17T18:48:05Z,
81.19.216.103,ipv4,malicious-ip,medium,WHITE,ziyadnz/hourly-ipv4,ziyadnz|hourly,2026-08-17T18:48:05Z,2026-08-17T18:48:05Z,
81.19.216.104,ipv4,malicious-ip,medium,WHITE,ziyadnz/hourly-ipv4,ziyadnz|hourly,2026-08-17T18:48:05Z,2026-08-17T18:48:05Z,
81.19.216.105,ipv4,malicious-ip,medium,WHITE,ziyadnz/hourly-ipv4,ziyadnz|hourly,2026-08-17T18:48:05Z,2026-08-17T18:48:05Z,
81.19.216.106,ipv4,malicious-ip,medium,WHITE,ziyadnz/hourly-ipv4,ziyadnz|hourly,2026-08-17T18:48:05Z,2026-08-17T18:48:05Z,
81.19.216.107,ipv4,malicious-ip,medium,WHITE,ziyadnz/hourly-ipv4,ziyadnz|hourly,2026-08-17T18:48:05Z,2026-08-17T18:48:05Z,
81.19.216.108,ipv4,malicious-ip,medium,WHITE,ziyadnz/hourly-ipv4,ziyadnz|hourly,2026-08-17T18:48:05Z,2026-08-17T18:48:05Z,
81.19.216.109,ipv4,malicious-ip,medium,WHITE,ziyadnz/hourly-ipv4,ziyadnz|hourly,2026-08-17T18:48:05Z,2026-08-17T18:48:05Z,
81.19.216.110,ipv4,malicious-ip,medium,WHITE,ziyadnz/hourly-ipv4,ziyadnz|hourly,2026-08-17T18:48:05Z,2026-08-17T18:48:05Z,
81.19.216.111,ipv4,malicious-ip,medium,WHITE,ziyadnz/hourly-ipv4,ziyadnz|hourly,2026-08-17T18:48:05Z,2026-08-17T18:48:05Z,
81.19.216.112,ipv4,malicious-ip,medium,WHITE,ziyadnz/hourly-ipv4,ziyadnz|hourly,2026-08-17T18:48:05Z,2026-08-17T18:48:05Z,
81.19.216.113,ipv4,malicious-ip,medium,WHITE,ziyadnz/hourly-ipv4,ziyadnz|hourly,2026-08-17T18:48:05Z,2026-08-17T18:48:05Z,
81.19.216.114,ipv4,malicious-ip,medium,WHITE,ziyadnz/hourly-ipv4,ziyadnz|hourly,2026-08-17T18:48:05Z,2026-08-17T18:48:05Z,
81.19.216.115,ipv4,malicious-ip,medium,WHITE,ziyadnz/hourly-ipv4,ziyadnz|hourly,2026-08-17T18:48:05Z,2026-08-17T18:48:05Z,
81.19.216.116,ipv4,malicious-ip,medium,WHITE,ziyadnz/hourly-ipv4,ziyadnz|hourly,2026-08-17T18:48:05Z,2026-08-17T18:48:05Z,
81.19.216.117,ipv4,malicious-ip,medium,WHITE,ziyadnz/hourly-ipv4,ziyadnz|hourly,2026-08-17T18:48:05Z,2026-08-17T18:48:05Z,
81.19.216.118,ipv4,malicious-ip,medium,WHITE,ziyadnz/hourly-ipv4,ziyadnz|hourly,2026-08-17T18:48:05Z,2026-08-17T18:48:05Z,
81.19.216.119,ipv4,malicious-ip,medium,WHITE,ziyadnz/hourly-ipv4,ziyadnz|hourly,2026-08-17T18:48:05Z,2026-08-17T18:48:05Z,
81.19.216.120,ipv4,malicious-ip,medium,WHITE,ziyadnz/hourly-ipv4,ziyadnz|hourly,2026-08-17T18:48:05Z,2026-08-17T18:48:05Z,
81.19.216.121,ipv4,malicious-ip,medium,WHITE,ziyadnz/hourly-ipv4,ziyadnz|hourly,2026-08-17T18:48:05Z,2026-08-17T18:48:05Z,
81.19.216.122,ipv4,malicious-ip,medium,WHITE,ziyadnz/hourly-ipv4,ziyadnz|hourly,2026-08-17T18:48:05Z,2026-08-17T18:48:05Z,
81.19.216.123,ipv4,malicious-ip,medium,WHITE,ziyadnz/hourly-ipv4,ziyadnz|hourly,2026-08-17T18:48:05Z,2026-08-17T18:48:05Z,
81.19.216.124,ipv4,malicious-ip,medium,WHITE,ziyadnz/hourly-ipv4,ziyadnz|hourly,2026-08-17T18:48:05Z,2026-08-17T18:48:05Z,
81.19.216.125,ipv4,malicious-ip,medium,WHITE,ziyadnz/hourly-ipv4,ziyadnz|hourly,2026-08-17T18:48:05Z,2026-08-17T18:48:05Z,
81.19.216.126,ipv4,malicious-ip,medium,WHITE,ziyadnz/hourly-ipv4,ziyadnz|hourly,2026-08-17T18:48:05Z,2026-08-17T18:48:05Z,
81.19.216.66,ipv4,malicious-ip,medium,WHITE,ziyadnz/hourly-ipv4,ziyadnz|hourly,2026-08-17T18:48:05Z,2026-08-17T18:48:05Z,
81.19.216.67,ipv4,malicious-ip,medium,WHITE,ziyadnz/hourly-ipv4,ziyadnz|hourly,2026-08-17T18:48:05Z,2026-08-17T18:48:05Z,
81.19.216.68,ipv4,malicious-ip,medium,WHITE,ziyadnz/hourly-ipv4,ziyadnz|hourly,2026-08-17T18:48:05Z,2026-08-17T18:48:05Z,
81.19.216.69,ipv4,malicious-ip,medium,WHITE,ziyadnz/hourly-ipv4,ziyadnz|hourly,2026-08-17T18:48:05Z,2026-08-17T18:48:05Z,
81.19.216.70,ipv4,malicious-ip,medium,WHITE,ziyadnz/hourly-ipv4,ziyadnz|hourly,2026-08-17T18:48:05Z,2026-08-17T18:48:05Z,
81.19.216.71,ipv4,malicious-ip,medium,WHITE,ziyadnz/hourly-ipv4,ziyadnz|hourly,2026-08-17T18:48:05Z,2026-08-17T18:48:05Z,
81.19.216.72,ipv4,malicious-ip,medium,WHITE,ziyadnz/hourly-ipv4,ziyadnz|hourly,2026-08-17T18:48:05Z,2026-08-17T18:48:05Z,
81.19.216.73,ipv4,malicious-ip,medium,WHITE,ziyadnz/hourly-ipv4,ziyadnz|hourly,2026-08-17T18:48:05Z,2026-08-17T18:48:05Z,
81.19.216.74,ipv4,malicious-ip,medium,WHITE,ziyadnz/hourly-ipv4,ziyadnz|hourly,2026-08-17T18:48:05Z,2026-08-17T18:48:05Z,
81.19.216.75,ipv4,malicious-ip,medium,WHITE,ziyadnz/hourly-ipv4,ziyadnz|hourly,2026-08-17T18:48:05Z,2026-08-17T18:48:05Z,
81.19.216.76,ipv4,malicious-ip,medium,WHITE,ziyadnz/hourly-ipv4,ziyadnz|hourly,2026-08-17T18:48:05Z,2026-08-17T18:48:05Z,
81.19.216.77,ipv4,malicious-ip,medium,WHITE,ziyadnz/hourly-ipv4,ziyadnz|hourly,2026-08-17T18:48:05Z,2026-08-17T18:48:05Z,
81.19.216.78,ipv4,malicious-ip,medium,WHITE,ziyadnz/hourly-ipv4,ziyadnz|hourly,2026-08-17T18:48:05Z,2026-08-17T18:48:05Z,
81.19.216.79,ipv4,malicious-ip,medium,WHITE,ziyadnz/hourly-ipv4,ziyadnz|hourly,2026-08-17T18:48:05Z,2026-08-17T18:48:05Z,
81.19.216.80,ipv4,malicious-ip,medium,WHITE,ziyadnz/hourly-ipv4,ziyadnz|hourly,2026-08-17T18:48:05Z,2026-08-17T18:48:05Z,
81.19.216.81,ipv4,malicious-ip,medium,WHITE,ziyadnz/hourly-ipv4,ziyadnz|hourly,2026-08-17T18:48:05Z,2026-08-17T18:48:05Z,
81.19.216.82,ipv4,malicious-ip,medium,WHITE,ziyadnz/hourly-ipv4,ziyadnz|hourly,2026-08-17T18:48:05Z,2026-08-17T18:48:05Z,
81.19.216.84,ipv4,malicious-ip,medium,WHITE,ziyadnz/hourly-ipv4,ziyadnz|hourly,2026-08-17T18:48:05Z,2026-08-17T18:48:05Z,
81.19.216.85,ipv4,malicious-ip,medium,WHITE,ziyadnz/hourly-ipv4,ziyadnz|hourly,2026-08-17T18:48:05Z,2026-08-17T18:48:05Z,
81.19.216.86,ipv4,malicious-ip,medium,WHITE,ziyadnz/hourly-ipv4,ziyadnz|hourly,2026-08-17T18:48:05Z,2026-08-17T18:48:05Z,
81.19.216.87,ipv4,malicious-ip,medium,WHITE,ziyadnz/hourly-ipv4,ziyadnz|hourly,2026-08-17T18:48:05Z,2026-08-17T18:48:05Z,
81.19.216.88,ipv4,malicious-ip,medium,WHITE,ziyadnz/hourly-ipv4,ziyadnz|hourly,2026-08-17T18:48:05Z,2026-08-17T18:48:05Z,
81.19.216.89,ipv4,malicious-ip,medium,WHITE,ziyadnz/hourly-ipv4,ziyadnz|hourly,2026-08-17T18:48:05Z,2026-08-17T18:48:05Z,
81.19.216.90,ipv4,malicious-ip,medium,WHITE,ziyadnz/hourly-ipv4,ziyadnz|hourly,2026-08-17T18:48:05Z,2026-08-17T18:48:05Z,
81.19.216.91,ipv4,malicious-ip,medium,WHITE,ziyadnz/hourly-ipv4,ziyadnz|hourly,2026-08-17T18:48:05Z,2026-08-17T18:48:05Z,
81.19.216.92,ipv4,malicious-ip,medium,WHITE,ziyadnz/hourly-ipv4,ziyadnz|hourly,2026-08-17T18:48:05Z,2026-08-17T18:48:05Z,
81.19.216.93,ipv4,malicious-ip,medium,WHITE,ziyadnz/hourly-ipv4,ziyadnz|hourly,2026-08-17T18:48:05Z,2026-08-17T18:48:05Z,
81.19.216.95,ipv4,malicious-ip,medium,WHITE,ziyadnz/hourly-ipv4,ziyadnz|hourly,2026-08-17T18:48:05Z,2026-08-17T18:48:05Z,
81.19.216.96,ipv4,malicious-ip,medium,WHITE,ziyadnz/hourly-ipv4,ziyadnz|hourly,2026-08-17T18:48:05Z,2026-08-17T18:48:05Z,
81.19.216.97,ipv4,malicious-ip,medium,WHITE,ziyadnz/hourly-ipv4,ziyadnz|hourly,2026-08-17T18:48:05Z,2026-08-17T18:48:05Z,
81.19.216.98,ipv4,malicious-ip,medium,WHITE,ziyadnz/hourly-ipv4,ziyadnz|hourly,2026-08-17T18:48:05Z,2026-08-17T18:48:05Z,
81.19.216.99,ipv4,malicious-ip,medium,WHITE,ziyadnz/hourly-ipv4,ziyadnz|hourly,2026-08-17T18:48:05Z,2026-08-17T18:48:05Z,
81.19.219.0,ipv4,malicious-ip,medium,WHITE,ziyadnz/hourly-ipv4,ziyadnz|hourly,2026-08-17T18:48:05Z,2026-08-17T18:48:05Z,
81.19.219.194,ipv4,malicious-ip,medium,WHITE,ziyadnz/hourly-ipv4,ziyadnz|hourly,2026-08-17T18:48:05Z,2026-08-17T18:48:05Z,
81.19.219.195,ipv4,malicious-ip,medium,WHITE,ziyadnz/hourly-ipv4,ziyadnz|hourly,2026-08-17T18:48:05Z,2026-08-17T18:48:05Z,
81.19.219.196,ipv4,malicious-ip,medium,WHITE,ziyadnz/hourly-ipv4,ziyadnz|hourly,2026-08-17T18:48:05Z,2026-08-17T18:48:05Z,
81.19.219.197,ipv4,malicious-ip,medium,WHITE,ziyadnz/hourly-ipv4,ziyadnz|hourly,2026-08-17T18:48:05Z,2026-08-17T18:48:05Z,
81.19.219.198,ipv4,malicious-ip,medium,WHITE,ziyadnz/hourly-ipv4,ziyadnz|hourly,2026-08-17T18:48:05Z,2026-08-17T18:48:05Z,
81.19.219.199,ipv4,malicious-ip,medium,WHITE,ziyadnz/hourly-ipv4,ziyadnz|hourly,2026-08-17T18:48:05Z,2026-08-17T18:48:05Z,
81.19.219.200,ipv4,malicious-ip,medium,WHITE,ziyadnz/hourly-ipv4,ziyadnz|hourly,2026-08-17T18:48:05Z,2026-08-17T18:48:05Z,
81.19.219.201,ipv4,malicious-ip,medium,WHITE,ziyadnz/hourly-ipv4,ziyadnz|hourly,2026-08-17T18:48:05Z,2026-08-17T18:48:05Z,
81.19.219.202,ipv4,malicious-ip,medium,WHITE,ziyadnz/hourly-ipv4,ziyadnz|hourly,2026-08-17T18:48:05Z,2026-08-17T18:48:05Z,
81.19.219.203,ipv4,malicious-ip,medium,WHITE,ziyadnz/hourly-ipv4,ziyadnz|hourly,2026-08-17T18:48:05Z,2026-08-17T18:48:05Z,
81.19.219.204,ipv4,malicious-ip,medium,WHITE,ziyadnz/hourly-ipv4,ziyadnz|hourly,2026-08-17T18:48:05Z,2026-08-17T18:48:05Z,
81.19.219.205,ipv4,malicious-ip,medium,WHITE,ziyadnz/hourly-ipv4,ziyadnz|hourly,2026-08-17T18:48:05Z,2026-08-17T18:48:05Z,
81.19.219.206,ipv4,malicious-ip,medium,WHITE,ziyadnz/hourly-ipv4,ziyadnz|hourly,2026-08-17T18:48:05Z,2026-08-17T18:48:05Z,
81.19.219.208,ipv4,malicious-ip,medium,WHITE,ziyadnz/hourly-ipv4,ziyadnz|hourly,2026-08-17T18:48:05Z,2026-08-17T18:48:05Z,
81.19.219.209,ipv4,malicious-ip,medium,WHITE,ziyadnz/hourly-ipv4,ziyadnz|hourly,2026-08-17T18:48:05Z,2026-08-17T18:48:05Z,
81.19.219.210,ipv4,malicious-ip,medium,WHITE,ziyadnz/hourly-ipv4,ziyadnz|hourly,2026-08-17T18:48:05Z,2026-08-17T18:48:05Z,
81.19.219.211,ipv4,malicious-ip,medium,WHITE,ziyadnz/hourly-ipv4,ziyadnz|hourly,2026-08-17T18:48:05Z,2026-08-17T18:48:05Z,
81.19.219.212,ipv4,malicious-ip,medium,WHITE,ziyadnz/hourly-ipv4,ziyadnz|hourly,2026-08-17T18:48:05Z,2026-08-17T18:48:05Z,
81.19.219.213,ipv4,malicious-ip,medium,WHITE,ziyadnz/hourly-ipv4,ziyadnz|hourly,2026-08-17T18:48:05Z,2026-08-17T18:48:05Z,
81.19.219.214,ipv4,malicious-ip,medium,WHITE,ziyadnz/hourly-ipv4,ziyadnz|hourly,2026-08-17T18:48:05Z,2026-08-17T18:48:05Z,
81.19.219.215,ipv4,malicious-ip,medium,WHITE,ziyadnz/hourly-ipv4,ziyadnz|hourly,2026-08-17T18:48:05Z,2026-08-17T18:48:05Z,
81.19.219.216,ipv4,malicious-ip,medium,WHITE,ziyadnz/hourly-ipv4,ziyadnz|hourly,2026-08-17T18:48:05Z,2026-08-17T18:48:05Z,
81.19.219.217,ipv4,malicious-ip,medium,WHITE,ziyadnz/hourly-ipv4,ziyadnz|hourly,2026-08-17T18:48:05Z,2026-08-17T18:48:05Z,
81.19.219.218,ipv4,malicious-ip,medium,WHITE,ziyadnz/hourly-ipv4,ziyadnz|hourly,2026-08-17T18:48:05Z,2026-08-17T18:48:05Z,
81.19.219.219,ipv4,malicious-ip,medium,WHITE,ziyadnz/hourly-ipv4,ziyadnz|hourly,2026-08-17T18:48:05Z,2026-08-17T18:48:05Z,
81.19.219.220,ipv4,malicious-ip,medium,WHITE,ziyadnz/hourly-ipv4,ziyadnz|hourly,2026-08-17T18:48:05Z,2026-08-17T18:48:05Z,
81.19.219.221,ipv4,malicious-ip,medium,WHITE,ziyadnz/hourly-ipv4,ziyadnz|hourly,2026-08-17T18:48:05Z,2026-08-17T18:48:05Z,
81.19.219.222,ipv4,malicious-ip,medium,WHITE,ziyadnz/hourly-ipv4,ziyadnz|hourly,2026-08-17T18:48:05Z,2026-08-17T18:48:05Z,
81.19.219.223,ipv4,malicious-ip,medium,WHITE,ziyadnz/hourly-ipv4,ziyadnz|hourly,2026-08-17T18:48:05Z,2026-08-17T18:48:05Z,
81.19.219.224,ipv4,malicious-ip,medium,WHITE,ziyadnz/hourly-ipv4,ziyadnz|hourly,2026-08-17T18:48:05Z,2026-08-17T18:48:05Z,
81.19.219.225,ipv4,malicious-ip,medium,WHITE,ziyadnz/hourly-ipv4,ziyadnz|hourly,2026-08-17T18:48:05Z,2026-08-17T18:48:05Z,
81.19.219.226,ipv4,malicious-ip,medium,WHITE,ziyadnz/hourly-ipv4,ziyadnz|hourly,2026-08-17T18:48:05Z,2026-08-17T18:48:05Z,
81.19.219.227,ipv4,malicious-ip,medium,WHITE,ziyadnz/hourly-ipv4,ziyadnz|hourly,2026-08-17T18:48:05Z,2026-08-17T18:48:05Z,
81.19.219.230,ipv4,malicious-ip,medium,WHITE,ziyadnz/hourly-ipv4,ziyadnz|hourly,2026-08-17T18:48:05Z,2026-08-17T18:48:05Z,
81.19.219.231,ipv4,malicious-ip,medium,WHITE,ziyadnz/hourly-ipv4,ziyadnz|hourly,2026-08-17T18:48:05Z,2026-08-17T18:48:05Z,
81.19.219.232,ipv4,malicious-ip,medium,WHITE,ziyadnz/hourly-ipv4,ziyadnz|hourly,2026-08-17T18:48:05Z,2026-08-17T18:48:05Z,
81.19.219.233,ipv4,malicious-ip,medium,WHITE,ziyadnz/hourly-ipv4,ziyadnz|hourly,2026-08-17T18:48:05Z,2026-08-17T18:48:05Z,
81.19.219.234,ipv4,malicious-ip,medium,WHITE,ziyadnz/hourly-ipv4,ziyadnz|hourly,2026-08-17T18:48:05Z,2026-08-17T18:48:05Z,
81.19.219.235,ipv4,malicious-ip,medium,WHITE,ziyadnz/hourly-ipv4,ziyadnz|hourly,2026-08-17T18:48:05Z,2026-08-17T18:48:05Z,
81.19.219.236,ipv4,malicious-ip,medium,WHITE,ziyadnz/hourly-ipv4,ziyadnz|hourly,2026-08-17T18:48:05Z,2026-08-17T18:48:05Z,
81.19.219.237,ipv4,malicious-ip,medium,WHITE,ziyadnz/hourly-ipv4,ziyadnz|hourly,2026-08-17T18:48:05Z,2026-08-17T18:48:05Z,
81.19.219.238,ipv4,malicious-ip,medium,WHITE,ziyadnz/hourly-ipv4,ziyadnz|hourly,2026-08-17T18:48:05Z,2026-08-17T18:48:05Z,
81.19.219.239,ipv4,malicious-ip,medium,WHITE,ziyadnz/hourly-ipv4,ziyadnz|hourly,2026-08-17T18:48:05Z,2026-08-17T18:48:05Z,
81.19.219.241,ipv4,malicious-ip,medium,WHITE,ziyadnz/hourly-ipv4,ziyadnz|hourly,2026-08-17T18:48:05Z,2026-08-17T18:48:05Z,
81.19.219.242,ipv4,malicious-ip,medium,WHITE,ziyadnz/hourly-ipv4,ziyadnz|hourly,2026-08-17T18:48:05Z,2026-08-17T18:48:05Z,
81.19.219.244,ipv4,malicious-ip,medium,WHITE,ziyadnz/hourly-ipv4,ziyadnz|hourly,2026-08-17T18:48:05Z,2026-08-17T18:48:05Z,
81.19.219.245,ipv4,malicious-ip,medium,WHITE,ziyadnz/hourly-ipv4,ziyadnz|hourly,2026-08-17T18:48:05Z,2026-08-17T18:48:05Z,
81.19.219.246,ipv4,malicious-ip,medium,WHITE,ziyadnz/hourly-ipv4,ziyadnz|hourly,2026-08-17T18:48:05Z,2026-08-17T18:48:05Z,
81.19.219.247,ipv4,malicious-ip,medium,WHITE,ziyadnz/hourly-ipv4,ziyadnz|hourly,2026-08-17T18:48:05Z,2026-08-17T18:48:05Z,
81.19.219.248,ipv4,malicious-ip,medium,WHITE,ziyadnz/hourly-ipv4,ziyadnz|hourly,2026-08-17T18:48:05Z,2026-08-17T18:48:05Z,
81.19.219.249,ipv4,malicious-ip,medium,WHITE,ziyadnz/hourly-ipv4,ziyadnz|hourly,2026-08-17T18:48:05Z,2026-08-17T18:48:05Z,
81.19.219.250,ipv4,malicious-ip,medium,WHITE,ziyadnz/hourly-ipv4,ziyadnz|hourly,2026-08-17T18:48:05Z,2026-08-17T18:48:05Z,
81.19.219.251,ipv4,malicious-ip,medium,WHITE,ziyadnz/hourly-ipv4,ziyadnz|hourly,2026-08-17T18:48:05Z,2026-08-17T18:48:05Z,
81.19.219.252,ipv4,malicious-ip,medium,WHITE,ziyadnz/hourly-ipv4,ziyadnz|hourly,2026-08-17T18:48:05Z,2026-08-17T18:48:05Z,
81.19.219.253,ipv4,malicious-ip,medium,WHITE,ziyadnz/hourly-ipv4,ziyadnz|hourly,2026-08-17T18:48:05Z,2026-08-17T18:48:05Z,
81.19.219.254,ipv4,malicious-ip,medium,WHITE,ziyadnz/hourly-ipv4,ziyadnz|hourly,2026-08-17T18:48:05Z,2026-08-17T18:48:05Z,
81.192.46.36,ipv4,malicious-ip,medium,WHITE,ziyadnz/hourly-ipv4,ziyadnz|hourly,2026-08-17T18:48:05Z,2026-08-17T18:48:05Z,
81.192.53.131,ipv4,malicious-ip,medium,WHITE,ziyadnz/hourly-ipv4,ziyadnz|hourly,2026-08-17T18:48:05Z,2026-08-17T18:48:05Z,
81.193.159.166,ipv4,malicious-ip,medium,WHITE,ziyadnz/hourly-ipv4,ziyadnz|hourly,2026-08-17T18:48:05Z,2026-08-17T18:48:05Z,
81.196.174.238,ipv4,malicious-ip,medium,WHITE,ziyadnz/hourly-ipv4,ziyadnz|hourly,2026-08-17T18:48:05Z,2026-08-17T18:48:05Z,
81.198.67.75,ipv4,malicious-ip,medium,WHITE,ziyadnz/hourly-ipv4,ziyadnz|hourly,2026-08-17T18:48:05Z,2026-08-17T18:48:05Z,
81.199.248.30,ipv4,malicious-ip,medium,WHITE,ziyadnz/hourly-ipv4,ziyadnz|hourly,2026-08-17T18:48:05Z,2026-08-17T18:48:05Z,
81.199.249.32,ipv4,malicious-ip,medium,WHITE,ziyadnz/hourly-ipv4,ziyadnz|hourly,2026-08-17T18:48:05Z,2026-08-17T18:48:05Z,
81.199.26.74,ipv4,malicious-ip,medium,WHITE,ziyadnz/hourly-ipv4,ziyadnz|hourly,2026-08-17T18:48:05Z,2026-08-17T18:48:05Z,
81.2.144.35,ipv4,malicious-ip,medium,WHITE,ziyadnz/hourly-ipv4,ziyadnz|hourly,2026-08-17T18:48:05Z,2026-08-17T18:48:05Z,
81.2.144.36,ipv4,malicious-ip,medium,WHITE,ziyadnz/hourly-ipv4,ziyadnz|hourly,2026-08-17T18:48:05Z,2026-08-17T18:48:05Z,
81.20.248.72,ipv4,malicious-ip,medium,WHITE,ziyadnz/hourly-ipv4,ziyadnz|hourly,2026-08-17T18:48:05Z,2026-08-17T18:48:05Z,
81.206.34.230,ipv4,malicious-ip,medium,WHITE,ziyadnz/hourly-ipv4,ziyadnz|hourly,2026-08-17T18:48:05Z,2026-08-17T18:48:05Z,
81.21.9.226,ipv4,malicious-ip,medium,WHITE,ziyadnz/hourly-ipv4,ziyadnz|hourly,2026-08-17T18:48:05Z,2026-08-17T18:48:05Z,
81.210.118.10,ipv4,malicious-ip,medium,WHITE,ziyadnz/hourly-ipv4,ziyadnz|hourly,2026-08-17T18:48:05Z,2026-08-17T18:48:05Z,
81.210.53.105,ipv4,malicious-ip,medium,WHITE,ziyadnz/hourly-ipv4,ziyadnz|hourly,2026-08-17T18:48:05Z,2026-08-17T18:48:05Z,
81.210.53.108,ipv4,malicious-ip,medium,WHITE,ziyadnz/hourly-ipv4,ziyadnz|hourly,2026-08-17T18:48:05Z,2026-08-17T18:48:05Z,
81.211.8.190,ipv4,malicious-ip,medium,WHITE,ziyadnz/hourly-ipv4,ziyadnz|hourly,2026-08-17T18:48:05Z,2026-08-17T18:48:05Z,
81.213.148.11,ipv4,malicious-ip,medium,WHITE,ziyadnz/hourly-ipv4,ziyadnz|hourly,2026-08-17T18:48:05Z,2026-08-17T18:48:05Z,
81.213.175.192,ipv4,malicious-ip,medium,WHITE,ziyadnz/hourly-ipv4,ziyadnz|hourly,2026-08-17T18:48:05Z,2026-08-17T18:48:05Z,
81.213.78.31,ipv4,malicious-ip,medium,WHITE,ziyadnz/hourly-ipv4,ziyadnz|hourly,2026-08-17T18:48:05Z,2026-08-17T18:48:05Z,
81.213.80.136,ipv4,malicious-ip,medium,WHITE,ziyadnz/hourly-ipv4,ziyadnz|hourly,2026-08-17T18:48:05Z,2026-08-17T18:48:05Z,
81.214.128.212,ipv4,malicious-ip,medium,WHITE,ziyadnz/hourly-ipv4,ziyadnz|hourly,2026-08-17T18:48:05Z,2026-08-17T18:48:05Z,
81.214.140.242,ipv4,malicious-ip,medium,WHITE,ziyadnz/hourly-ipv4,ziyadnz|hourly,2026-08-17T18:48:05Z,2026-08-17T18:48:05Z,
81.214.141.245,ipv4,malicious-ip,medium,WHITE,ziyadnz/hourly-ipv4,ziyadnz|hourly,2026-08-17T18:48:05Z,2026-08-17T18:48:05Z,
81.214.142.42,ipv4,malicious-ip,medium,WHITE,ziyadnz/hourly-ipv4,ziyadnz|hourly,2026-08-17T18:48:05Z,2026-08-17T18:48:05Z,
81.214.67.105,ipv4,malicious-ip,medium,WHITE,ziyadnz/hourly-ipv4,ziyadnz|hourly,2026-08-17T18:48:05Z,2026-08-17T18:48:05Z,
81.215.10.148,ipv4,malicious-ip,medium,WHITE,ziyadnz/hourly-ipv4,ziyadnz|hourly,2026-08-17T18:48:05Z,2026-08-17T18:48:05Z,
81.215.166.125,ipv4,malicious-ip,medium,WHITE,ziyadnz/hourly-ipv4,ziyadnz|hourly,2026-08-17T18:48:05Z,2026-08-17T18:48:05Z,
81.215.195.121,ipv4,malicious-ip,medium,WHITE,ziyadnz/hourly-ipv4,ziyadnz|hourly,2026-08-17T18:48:05Z,2026-08-17T18:48:05Z,
81.215.197.182,ipv4,malicious-ip,medium,WHITE,ziyadnz/hourly-ipv4,ziyadnz|hourly,2026-08-17T18:48:05Z,2026-08-17T18:48:05Z,
81.215.203.252,ipv4,malicious-ip,medium,WHITE,ziyadnz/hourly-ipv4,ziyadnz|hourly,2026-08-17T18:48:05Z,2026-08-17T18:48:05Z,
81.215.212.192,ipv4,malicious-ip,medium,WHITE,ziyadnz/hourly-ipv4,ziyadnz|hourly,2026-08-17T18:48:05Z,2026-08-17T18:48:05Z,
81.22.132.64,ipv4,malicious-ip,medium,WHITE,ziyadnz/hourly-ipv4,ziyadnz|hourly,2026-08-17T18:48:05Z,2026-08-17T18:48:05Z,
81.22.220.13,ipv4,malicious-ip,medium,WHITE,ziyadnz/hourly-ipv4,ziyadnz|hourly,2026-08-17T18:48:05Z,2026-08-17T18:48:05Z,
81.220.178.20,ipv4,malicious-ip,medium,WHITE,ziyadnz/hourly-ipv4,ziyadnz|hourly,2026-08-17T18:48:05Z,2026-08-17T18:48:05Z,
81.222.232.205,ipv4,malicious-ip,medium,WHITE,ziyadnz/hourly-ipv4,ziyadnz|hourly,2026-08-17T18:48:05Z,2026-08-17T18:48:05Z,
81.224.188.162,ipv4,malicious-ip,medium,WHITE,ziyadnz/hourly-ipv4,ziyadnz|hourly,2026-08-17T18:48:05Z,2026-08-17T18:48:05Z,
81.228.26.250,ipv4,malicious-ip,medium,WHITE,ziyadnz/hourly-ipv4,ziyadnz|hourly,2026-08-17T18:48:05Z,2026-08-17T18:48:05Z,
81.229.41.66,ipv4,malicious-ip,medium,WHITE,ziyadnz/hourly-ipv4,ziyadnz|hourly,2026-08-17T18:48:05Z,2026-08-17T18:48:05Z,
81.23.183.126,ipv4,malicious-ip,medium,WHITE,ziyadnz/hourly-ipv4,ziyadnz|hourly,2026-08-17T18:48:05Z,2026-08-17T18:48:05Z,
81.230.11.165,ipv4,malicious-ip,medium,WHITE,ziyadnz/hourly-ipv4,ziyadnz|hourly,2026-08-17T18:48:05Z,2026-08-17T18:48:05Z,
81.230.134.52,ipv4,malicious-ip,medium,WHITE,ziyadnz/hourly-ipv4,ziyadnz|hourly,2026-08-17T18:48:05Z,2026-08-17T18:48:05Z,
81.231.63.221,ipv4,malicious-ip,medium,WHITE,ziyadnz/hourly-ipv4,ziyadnz|hourly,2026-08-17T18:48:05Z,2026-08-17T18:48:05Z,
81.232.160.94,ipv4,malicious-ip,medium,WHITE,ziyadnz/hourly-ipv4,ziyadnz|hourly,2026-08-17T18:48:05Z,2026-08-17T18:48:05Z,
81.232.168.220,ipv4,malicious-ip,medium,WHITE,ziyadnz/hourly-ipv4,ziyadnz|hourly,2026-08-17T18:48:05Z,2026-08-17T18:48:05Z,
81.237.155.113,ipv4,malicious-ip,medium,WHITE,ziyadnz/hourly-ipv4,ziyadnz|hourly,2026-08-17T18:48:05Z,2026-08-17T18:48:05Z,
81.247.141.3,ipv4,malicious-ip,medium,WHITE,ziyadnz/hourly-ipv4,ziyadnz|hourly,2026-08-17T18:48:05Z,2026-08-17T18:48:05Z,
81.249.113.118,ipv4,malicious-ip,medium,WHITE,ziyadnz/hourly-ipv4,ziyadnz|hourly,2026-08-17T18:48:05Z,2026-08-17T18:48:05Z,
81.25.77.184,ipv4,malicious-ip,medium,WHITE,ziyadnz/hourly-ipv4,ziyadnz|hourly,2026-08-17T18:48:05Z,2026-08-17T18:48:05Z,
81.26.178.204,ipv4,malicious-ip,medium,WHITE,ziyadnz/hourly-ipv4,ziyadnz|hourly,2026-08-17T18:48:05Z,2026-08-17T18:48:05Z,
81.27.98.217,ipv4,malicious-ip,medium,WHITE,ziyadnz/hourly-ipv4,ziyadnz|hourly,2026-08-17T18:48:05Z,2026-08-17T18:48:05Z,
81.29.146.156,ipv4,malicious-ip,medium,WHITE,ziyadnz/hourly-ipv4,ziyadnz|hourly,2026-08-17T18:48:05Z,2026-08-17T18:48:05Z,
81.29.149.178,ipv4,malicious-ip,medium,WHITE,ziyadnz/hourly-ipv4,ziyadnz|hourly,2026-08-17T18:48:05Z,2026-08-17T18:48:05Z,
81.30.105.148,ipv4,malicious-ip,medium,WHITE,ziyadnz/hourly-ipv4,ziyadnz|hourly,2026-08-17T18:48:05Z,2026-08-17T18:48:05Z,
81.30.105.71,ipv4,malicious-ip,medium,WHITE,ziyadnz/hourly-ipv4,ziyadnz|hourly,2026-08-17T18:48:05Z,2026-08-17T18:48:05Z,
81.30.147.158,ipv4,malicious-ip,medium,WHITE,ziyadnz/hourly-ipv4,ziyadnz|hourly,2026-08-17T18:48:05Z,2026-08-17T18:48:05Z,
81.30.147.97,ipv4,malicious-ip,medium,WHITE,ziyadnz/hourly-ipv4,ziyadnz|hourly,2026-08-17T18:48:05Z,2026-08-17T18:48:05Z,
81.30.162.19,ipv4,malicious-ip,medium,WHITE,ziyadnz/hourly-ipv4,ziyadnz|hourly,2026-08-17T18:48:05Z,2026-08-17T18:48:05Z,
81.30.212.94,ipv4,malicious-ip,medium,WHITE,ziyadnz/hourly-ipv4,ziyadnz|hourly,2026-08-17T18:48:05Z,2026-08-17T18:48:05Z,
81.31.197.38,ipv4,malicious-ip,medium,WHITE,ziyadnz/hourly-ipv4,ziyadnz|hourly,2026-08-17T18:48:05Z,2026-08-17T18:48:05Z,
81.31.208.55,ipv4,malicious-ip,medium,WHITE,ziyadnz/hourly-ipv4,ziyadnz|hourly,2026-08-17T18:48:05Z,2026-08-17T18:48:05Z,
81.31.245.209,ipv4,malicious-ip,medium,WHITE,ziyadnz/hourly-ipv4,ziyadnz|hourly,2026-08-17T18:48:05Z,2026-08-17T18:48:05Z,
81.36.95.164,ipv4,malicious-ip,medium,WHITE,ziyadnz/hourly-ipv4,ziyadnz|hourly,2026-08-17T18:48:05Z,2026-08-17T18:48:05Z,
81.39.137.20,ipv4,malicious-ip,medium,WHITE,ziyadnz/hourly-ipv4,ziyadnz|hourly,2026-08-17T18:48:05Z,2026-08-17T18:48:05Z,
81.4.122.193,ipv4,malicious-ip,medium,WHITE,ziyadnz/hourly-ipv4,ziyadnz|hourly,2026-08-17T18:48:05Z,2026-08-17T18:48:05Z,
81.4.183.71,ipv4,malicious-ip,medium,WHITE,ziyadnz/hourly-ipv4,ziyadnz|hourly,2026-08-17T18:48:05Z,2026-08-17T18:48:05Z,
81.43.165.102,ipv4,malicious-ip,medium,WHITE,ziyadnz/hourly-ipv4,ziyadnz|hourly,2026-08-17T18:48:05Z,2026-08-17T18:48:05Z,
81.45.180.115,ipv4,malicious-ip,medium,WHITE,ziyadnz/hourly-ipv4,ziyadnz|hourly,2026-08-17T18:48:05Z,2026-08-17T18:48:05Z,
81.49.169.202,ipv4,malicious-ip,medium,WHITE,ziyadnz/hourly-ipv4,ziyadnz|hourly,2026-08-17T18:48:05Z,2026-08-17T18:48:05Z,
81.51.238.207,ipv4,malicious-ip,medium,WHITE,ziyadnz/hourly-ipv4,ziyadnz|hourly,2026-08-17T18:48:05Z,2026-08-17T18:48:05Z,
81.56.169.140,ipv4,malicious-ip,medium,WHITE,ziyadnz/hourly-ipv4,ziyadnz|hourly,2026-08-17T18:48:05Z,2026-08-17T18:48:05Z,
81.56.89.227,ipv4,malicious-ip,medium,WHITE,ziyadnz/hourly-ipv4,ziyadnz|hourly,2026-08-17T18:48:05Z,2026-08-17T18:48:05Z,
81.57.15.243,ipv4,malicious-ip,medium,WHITE,ziyadnz/hourly-ipv4,ziyadnz|hourly,2026-08-17T18:48:05Z,2026-08-17T18:48:05Z,
81.60.195.142,ipv4,malicious-ip,medium,WHITE,ziyadnz/hourly-ipv4,ziyadnz|hourly,2026-08-17T18:48:05Z,2026-08-17T18:48:05Z,
81.60.209.168,ipv4,malicious-ip,medium,WHITE,ziyadnz/hourly-ipv4,ziyadnz|hourly,2026-08-17T18:48:05Z,2026-08-17T18:48:05Z,
81.60.214.13,ipv4,malicious-ip,medium,WHITE,ziyadnz/hourly-ipv4,ziyadnz|hourly,2026-08-17T18:48:05Z,2026-08-17T18:48:05Z,
81.60.215.62,ipv4,malicious-ip,medium,WHITE,ziyadnz/hourly-ipv4,ziyadnz|hourly,2026-08-17T18:48:05Z,2026-08-17T18:48:05Z,
81.60.234.131,ipv4,malicious-ip,medium,WHITE,ziyadnz/hourly-ipv4,ziyadnz|hourly,2026-08-17T18:48:05Z,2026-08-17T18:48:05Z,
81.62.135.233,ipv4,malicious-ip,medium,WHITE,ziyadnz/hourly-ipv4,ziyadnz|hourly,2026-08-17T18:48:05Z,2026-08-17T18:48:05Z,
81.64.225.155,ipv4,malicious-ip,medium,WHITE,ziyadnz/hourly-ipv4,ziyadnz|hourly,2026-08-17T18:48:05Z,2026-08-17T18:48:05Z,
81.65.136.47,ipv4,malicious-ip,medium,WHITE,ziyadnz/hourly-ipv4,ziyadnz|hourly,2026-08-17T18:48:05Z,2026-08-17T18:48:05Z,
81.65.160.36,ipv4,malicious-ip,medium,WHITE,ziyadnz/hourly-ipv4,ziyadnz|hourly,2026-08-17T18:48:05Z,2026-08-17T18:48:05Z,
81.65.166.62,ipv4,malicious-ip,medium,WHITE,ziyadnz/hourly-ipv4,ziyadnz|hourly,2026-08-17T18:48:05Z,2026-08-17T18:48:05Z,
81.65.88.200,ipv4,malicious-ip,medium,WHITE,ziyadnz/hourly-ipv4,ziyadnz|hourly,2026-08-17T18:48:05Z,2026-08-17T18:48:05Z,
81.65.92.57,ipv4,malicious-ip,medium,WHITE,ziyadnz/hourly-ipv4,ziyadnz|hourly,2026-08-17T18:48:05Z,2026-08-17T18:48:05Z,
81.65.95.205,ipv4,malicious-ip,medium,WHITE,ziyadnz/hourly-ipv4,ziyadnz|hourly,2026-08-17T18:48:05Z,2026-08-17T18:48:05Z,
81.66.176.120,ipv4,malicious-ip,medium,WHITE,ziyadnz/hourly-ipv4,ziyadnz|hourly,2026-08-17T18:48:05Z,2026-08-17T18:48:05Z,
81.68.113.111,ipv4,malicious-ip,medium,WHITE,ziyadnz/hourly-ipv4,ziyadnz|hourly,2026-08-17T18:48:05Z,2026-08-17T18:48:05Z,
81.68.143.132,ipv4,malicious-ip,medium,WHITE,ziyadnz/hourly-ipv4,ziyadnz|hourly,2026-08-17T18:48:05Z,2026-08-17T18:48:05Z,
81.68.179.56,ipv4,malicious-ip,medium,WHITE,ziyadnz/hourly-ipv4,ziyadnz|hourly,2026-08-17T18:48:05Z,2026-08-17T18:48:05Z,
81.68.197.3,ipv4,malicious-ip,medium,WHITE,ziyadnz/hourly-ipv4,ziyadnz|hourly,2026-08-17T18:48:05Z,2026-08-17T18:48:05Z,
81.68.214.122,ipv4,malicious-ip,medium,WHITE,ziyadnz/hourly-ipv4,ziyadnz|hourly,2026-08-17T18:48:05Z,2026-08-17T18:48:05Z,
81.68.238.92,ipv4,malicious-ip,medium,WHITE,ziyadnz/hourly-ipv4,ziyadnz|hourly,2026-08-17T18:48:05Z,2026-08-17T18:48:05Z,
81.69.227.140,ipv4,malicious-ip,medium,WHITE,ziyadnz/hourly-ipv4,ziyadnz|hourly,2026-08-17T18:48:05Z,2026-08-17T18:48:05Z,
81.69.250.106,ipv4,malicious-ip,medium,WHITE,ziyadnz/hourly-ipv4,ziyadnz|hourly,2026-08-17T18:48:05Z,2026-08-17T18:48:05Z,
81.7.10.119,ipv4,malicious-ip,medium,WHITE,ziyadnz/hourly-ipv4,ziyadnz|hourly,2026-08-17T18:48:05Z,2026-08-17T18:48:05Z,
81.7.103.175,ipv4,malicious-ip,medium,WHITE,ziyadnz/hourly-ipv4,ziyadnz|hourly,2026-08-17T18:48:05Z,2026-08-17T18:48:05Z,
81.70.104.19,ipv4,malicious-ip,medium,WHITE,ziyadnz/hourly-ipv4,ziyadnz|hourly,2026-08-17T18:48:05Z,2026-08-17T18:48:05Z,
81.70.12.213,ipv4,malicious-ip,medium,WHITE,ziyadnz/hourly-ipv4,ziyadnz|hourly,2026-08-17T18:48:05Z,2026-08-17T18:48:05Z,
81.70.178.153,ipv4,malicious-ip,medium,WHITE,ziyadnz/hourly-ipv4,ziyadnz|hourly,2026-08-17T18:48:05Z,2026-08-17T18:48:05Z,
81.70.18.145,ipv4,malicious-ip,medium,WHITE,ziyadnz/hourly-ipv4,ziyadnz|hourly,2026-08-17T18:48:05Z,2026-08-17T18:48:05Z,
81.70.19.243,ipv4,malicious-ip,medium,WHITE,ziyadnz/hourly-ipv4,ziyadnz|hourly,2026-08-17T18:48:05Z,2026-08-17T18:48:05Z,
81.70.194.80,ipv4,malicious-ip,medium,WHITE,ziyadnz/hourly-ipv4,ziyadnz|hourly,2026-08-17T18:48:05Z,2026-08-17T18:48:05Z,
81.70.199.219,ipv4,malicious-ip,medium,WHITE,ziyadnz/hourly-ipv4,ziyadnz|hourly,2026-08-17T18:48:05Z,2026-08-17T18:48:05Z,
81.70.2.239,ipv4,malicious-ip,medium,WHITE,ziyadnz/hourly-ipv4,ziyadnz|hourly,2026-08-17T18:48:05Z,2026-08-17T18:48:05Z,
81.70.205.127,ipv4,malicious-ip,medium,WHITE,ziyadnz/hourly-ipv4,ziyadnz|hourly,2026-08-17T18:48:05Z,2026-08-17T18:48:05Z,
81.70.223.126,ipv4,malicious-ip,medium,WHITE,ziyadnz/hourly-ipv4,ziyadnz|hourly,2026-08-17T18:48:05Z,2026-08-17T18:48:05Z,
81.70.32.200,ipv4,malicious-ip,medium,WHITE,ziyadnz/hourly-ipv4,ziyadnz|hourly,2026-08-17T18:48:05Z,2026-08-17T18:48:05Z,
81.70.34.67,ipv4,malicious-ip,medium,WHITE,ziyadnz/hourly-ipv4,ziyadnz|hourly,2026-08-17T18:48:05Z,2026-08-17T18:48:05Z,
81.70.35.249,ipv4,malicious-ip,medium,WHITE,ziyadnz/hourly-ipv4,ziyadnz|hourly,2026-08-17T18:48:05Z,2026-08-17T18:48:05Z,
81.70.78.68,ipv4,malicious-ip,medium,WHITE,ziyadnz/hourly-ipv4,ziyadnz|hourly,2026-08-17T18:48:05Z,2026-08-17T18:48:05Z,
81.70.80.191,ipv4,malicious-ip,medium,WHITE,ziyadnz/hourly-ipv4,ziyadnz|hourly,2026-08-17T18:48:05Z,2026-08-17T18:48:05Z,
81.70.9.77,ipv4,malicious-ip,medium,WHITE,ziyadnz/hourly-ipv4,ziyadnz|hourly,2026-08-17T18:48:05Z,2026-08-17T18:48:05Z,
81.70.99.108,ipv4,malicious-ip,medium,WHITE,ziyadnz/hourly-ipv4,ziyadnz|hourly,2026-08-17T18:48:05Z,2026-08-17T18:48:05Z,
81.71.1.107,ipv4,malicious-ip,medium,WHITE,ziyadnz/hourly-ipv4,ziyadnz|hourly,2026-08-17T18:48:05Z,2026-08-17T18:48:05Z,
81.71.153.211,ipv4,malicious-ip,medium,WHITE,ziyadnz/hourly-ipv4,ziyadnz|hourly,2026-08-17T18:48:05Z,2026-08-17T18:48:05Z,
81.71.83.98,ipv4,malicious-ip,medium,WHITE,ziyadnz/hourly-ipv4,ziyadnz|hourly,2026-08-17T18:48:05Z,2026-08-17T18:48:05Z,
81.71.84.11,ipv4,malicious-ip,medium,WHITE,ziyadnz/hourly-ipv4,ziyadnz|hourly,2026-08-17T18:48:05Z,2026-08-17T18:48:05Z,
81.71.84.158,ipv4,malicious-ip,medium,WHITE,ziyadnz/hourly-ipv4,ziyadnz|hourly,2026-08-17T18:48:05Z,2026-08-17T18:48:05Z,
81.71.99.245,ipv4,malicious-ip,medium,WHITE,ziyadnz/hourly-ipv4,ziyadnz|hourly,2026-08-17T18:48:05Z,2026-08-17T18:48:05Z,
81.8.35.58,ipv4,malicious-ip,medium,WHITE,ziyadnz/hourly-ipv4,ziyadnz|hourly,2026-08-17T18:48:05Z,2026-08-17T18:48:05Z,
81.8.84.20,ipv4,malicious-ip,medium,WHITE,ziyadnz/hourly-ipv4,ziyadnz|hourly,2026-08-17T18:48:05Z,2026-08-17T18:48:05Z,
81.8.9.18,ipv4,malicious-ip,medium,WHITE,ziyadnz/hourly-ipv4,ziyadnz|hourly,2026-08-17T18:48:05Z,2026-08-17T18:48:05Z,
81.88.156.35,ipv4,malicious-ip,medium,WHITE,ziyadnz/hourly-ipv4,ziyadnz|hourly,2026-08-17T18:48:05Z,2026-08-17T18:48:05Z,
81.88.18.108,ipv4,malicious-ip,medium,WHITE,ziyadnz/hourly-ipv4,ziyadnz|hourly,2026-08-17T18:48:05Z,2026-08-17T18:48:05Z,
81.88.26.38,ipv4,malicious-ip,medium,WHITE,ziyadnz/hourly-ipv4,ziyadnz|hourly,2026-08-17T18:48:05Z,2026-08-17T18:48:05Z,
81.9.102.85,ipv4,malicious-ip,medium,WHITE,ziyadnz/hourly-ipv4,ziyadnz|hourly,2026-08-17T18:48:05Z,2026-08-17T18:48:05Z,
81.9.145.130,ipv4,malicious-ip,medium,WHITE,ziyadnz/hourly-ipv4,ziyadnz|hourly,2026-08-17T18:48:05Z,2026-08-17T18:48:05Z,
81.90.180.238,ipv4,malicious-ip,medium,WHITE,ziyadnz/hourly-ipv4,ziyadnz|hourly,2026-08-17T18:48:05Z,2026-08-17T18:48:05Z,
81.90.31.73,ipv4,malicious-ip,medium,WHITE,ziyadnz/hourly-ipv4,ziyadnz|hourly,2026-08-17T18:48:05Z,2026-08-17T18:48:05Z,
81.91.176.55,ipv4,malicious-ip,medium,WHITE,ziyadnz/hourly-ipv4,ziyadnz|hourly,2026-08-17T18:48:05Z,2026-08-17T18:48:05Z,
81.91.177.245,ipv4,malicious-ip,medium,WHITE,ziyadnz/hourly-ipv4,ziyadnz|hourly,2026-08-17T18:48:05Z,2026-08-17T18:48:05Z,
81.92.191.245,ipv4,malicious-ip,medium,WHITE,ziyadnz/hourly-ipv4,ziyadnz|hourly,2026-08-17T18:48:05Z,2026-08-17T18:48:05Z,
81.94.150.21,ipv4,malicious-ip,medium,WHITE,ziyadnz/hourly-ipv4,ziyadnz|hourly,2026-08-17T18:48:05Z,2026-08-17T18:48:05Z,
81.94.156.229,ipv4,malicious-ip,medium,WHITE,ziyadnz/hourly-ipv4,ziyadnz|hourly,2026-08-17T18:48:05Z,2026-08-17T18:48:05Z,
81.95.107.125,ipv4,malicious-ip,medium,WHITE,ziyadnz/hourly-ipv4,ziyadnz|hourly,2026-08-17T18:48:05Z,2026-08-17T18:48:05Z,
82.10.252.80,ipv4,malicious-ip,medium,WHITE,ziyadnz/hourly-ipv4,ziyadnz|hourly,2026-08-17T18:48:05Z,2026-08-17T18:48:05Z,
82.10.74.123,ipv4,malicious-ip,medium,WHITE,ziyadnz/hourly-ipv4,ziyadnz|hourly,2026-08-17T18:48:05Z,2026-08-17T18:48:05Z,
82.102.11.164,ipv4,malicious-ip,medium,WHITE,ziyadnz/hourly-ipv4,ziyadnz|hourly,2026-08-17T18:48:05Z,2026-08-17T18:48:05Z,
82.102.18.0,ipv4,malicious-ip,medium,WHITE,ziyadnz/hourly-ipv4,ziyadnz|hourly,2026-08-17T18:48:05Z,2026-08-17T18:48:05Z,
82.102.18.124,ipv4,malicious-ip,medium,WHITE,ziyadnz/hourly-ipv4,ziyadnz|hourly,2026-08-17T18:48:05Z,2026-08-17T18:48:05Z,
82.102.18.182,ipv4,malicious-ip,medium,WHITE,ziyadnz/hourly-ipv4,ziyadnz|hourly,2026-08-17T18:48:05Z,2026-08-17T18:48:05Z,
82.102.202.28,ipv4,malicious-ip,medium,WHITE,ziyadnz/hourly-ipv4,ziyadnz|hourly,2026-08-17T18:48:05Z,2026-08-17T18:48:05Z,
82.102.219.164,ipv4,malicious-ip,medium,WHITE,ziyadnz/hourly-ipv4,ziyadnz|hourly,2026-08-17T18:48:05Z,2026-08-17T18:48:05Z,
82.102.23.131,ipv4,malicious-ip,medium,WHITE,ziyadnz/hourly-ipv4,ziyadnz|hourly,2026-08-17T18:48:05Z,2026-08-17T18:48:05Z,
82.102.23.139,ipv4,malicious-ip,medium,WHITE,ziyadnz/hourly-ipv4,ziyadnz|hourly,2026-08-17T18:48:05Z,2026-08-17T18:48:05Z,
82.102.25.60,ipv4,malicious-ip,medium,WHITE,ziyadnz/hourly-ipv4,ziyadnz|hourly,2026-08-17T18:48:05Z,2026-08-17T18:48:05Z,
82.102.65.59,ipv4,malicious-ip,medium,WHITE,ziyadnz/hourly-ipv4,ziyadnz|hourly,2026-08-17T18:48:05Z,2026-08-17T18:48:05Z,
82.108.212.10,ipv4,malicious-ip,medium,WHITE,ziyadnz/hourly-ipv4,ziyadnz|hourly,2026-08-17T18:48:05Z,2026-08-17T18:48:05Z,
82.108.212.4,ipv4,malicious-ip,medium,WHITE,ziyadnz/hourly-ipv4,ziyadnz|hourly,2026-08-17T18:48:05Z,2026-08-17T18:48:05Z,
82.108.212.5,ipv4,malicious-ip,medium,WHITE,ziyadnz/hourly-ipv4,ziyadnz|hourly,2026-08-17T18:48:05Z,2026-08-17T18:48:05Z,
82.108.212.7,ipv4,malicious-ip,medium,WHITE,ziyadnz/hourly-ipv4,ziyadnz|hourly,2026-08-17T18:48:05Z,2026-08-17T18:48:05Z,
82.108.212.8,ipv4,malicious-ip,medium,WHITE,ziyadnz/hourly-ipv4,ziyadnz|hourly,2026-08-17T18:48:05Z,2026-08-17T18:48:05Z,
82.108.212.9,ipv4,malicious-ip,medium,WHITE,ziyadnz/hourly-ipv4,ziyadnz|hourly,2026-08-17T18:48:05Z,2026-08-17T18:48:05Z,
82.11.191.193,ipv4,malicious-ip,medium,WHITE,ziyadnz/hourly-ipv4,ziyadnz|hourly,2026-08-17T18:48:05Z,2026-08-17T18:48:05Z,
82.112.46.29,ipv4,malicious-ip,medium,WHITE,ziyadnz/hourly-ipv4,ziyadnz|hourly,2026-08-17T18:48:05Z,2026-08-17T18:48:05Z,
82.112.55.103,ipv4,malicious-ip,medium,WHITE,ziyadnz/hourly-ipv4,ziyadnz|hourly,2026-08-17T18:48:05Z,2026-08-17T18:48:05Z,
82.114.241.98,ipv4,malicious-ip,medium,WHITE,ziyadnz/hourly-ipv4,ziyadnz|hourly,2026-08-17T18:48:05Z,2026-08-17T18:48:05Z,
82.115.17.167,ipv4,malicious-ip,medium,WHITE,ziyadnz/hourly-ipv4,ziyadnz|hourly,2026-08-17T18:48:05Z,2026-08-17T18:48:05Z,
82.115.21.205,ipv4,malicious-ip,medium,WHITE,ziyadnz/hourly-ipv4,ziyadnz|hourly,2026-08-17T18:48:05Z,2026-08-17T18:48:05Z,
82.115.223.182,ipv4,malicious-ip,medium,WHITE,ziyadnz/hourly-ipv4,ziyadnz|hourly,2026-08-17T18:48:05Z,2026-08-17T18:48:05Z,
82.115.223.199,ipv4,malicious-ip,medium,WHITE,ziyadnz/hourly-ipv4,ziyadnz|hourly,2026-08-17T18:48:05Z,2026-08-17T18:48:05Z,
82.115.223.218,ipv4,malicious-ip,medium,WHITE,ziyadnz/hourly-ipv4,ziyadnz|hourly,2026-08-17T18:48:05Z,2026-08-17T18:48:05Z,
82.115.223.231,ipv4,malicious-ip,medium,WHITE,ziyadnz/hourly-ipv4,ziyadnz|hourly,2026-08-17T18:48:05Z,2026-08-17T18:48:05Z,
82.115.223.26,ipv4,malicious-ip,medium,WHITE,ziyadnz/hourly-ipv4,ziyadnz|hourly,2026-08-17T18:48:05Z,2026-08-17T18:48:05Z,
82.115.223.5,ipv4,malicious-ip,medium,WHITE,ziyadnz/hourly-ipv4,ziyadnz|hourly,2026-08-17T18:48:05Z,2026-08-17T18:48:05Z,
82.115.223.9,ipv4,malicious-ip,medium,WHITE,ziyadnz/hourly-ipv4,ziyadnz|hourly,2026-08-17T18:48:05Z,2026-08-17T18:48:05Z,
82.116.32.77,ipv4,malicious-ip,medium,WHITE,ziyadnz/hourly-ipv4,ziyadnz|hourly,2026-08-17T18:48:05Z,2026-08-17T18:48:05Z,
82.116.45.201,ipv4,malicious-ip,medium,WHITE,ziyadnz/hourly-ipv4,ziyadnz|hourly,2026-08-17T18:48:05Z,2026-08-17T18:48:05Z,
82.116.48.29,ipv4,malicious-ip,medium,WHITE,ziyadnz/hourly-ipv4,ziyadnz|hourly,2026-08-17T18:48:05Z,2026-08-17T18:48:05Z,
82.117.159.158,ipv4,malicious-ip,medium,WHITE,ziyadnz/hourly-ipv4,ziyadnz|hourly,2026-08-17T18:48:05Z,2026-08-17T18:48:05Z,
82.117.255.127,ipv4,malicious-ip,medium,WHITE,ziyadnz/hourly-ipv4,ziyadnz|hourly,2026-08-17T18:48:05Z,2026-08-17T18:48:05Z,
82.117.255.80,ipv4,malicious-ip,medium,WHITE,ziyadnz/hourly-ipv4,ziyadnz|hourly,2026-08-17T18:48:05Z,2026-08-17T18:48:05Z,
82.117.87.103,ipv4,malicious-ip,medium,WHITE,ziyadnz/hourly-ipv4,ziyadnz|hourly,2026-08-17T18:48:05Z,2026-08-17T18:48:05Z,
82.117.87.188,ipv4,malicious-ip,medium,WHITE,ziyadnz/hourly-ipv4,ziyadnz|hourly,2026-08-17T18:48:05Z,2026-08-17T18:48:05Z,
82.118.16.173,ipv4,malicious-ip,medium,WHITE,ziyadnz/hourly-ipv4,ziyadnz|hourly,2026-08-17T18:48:05Z,2026-08-17T18:48:05Z,
82.118.16.223,ipv4,malicious-ip,medium,WHITE,ziyadnz/hourly-ipv4,ziyadnz|hourly,2026-08-17T18:48:05Z,2026-08-17T18:48:05Z,
82.118.16.49,ipv4,malicious-ip,medium,WHITE,ziyadnz/hourly-ipv4,ziyadnz|hourly,2026-08-17T18:48:05Z,2026-08-17T18:48:05Z,
82.118.16.72,ipv4,malicious-ip,medium,WHITE,ziyadnz/hourly-ipv4,ziyadnz|hourly,2026-08-17T18:48:05Z,2026-08-17T18:48:05Z,
82.118.21.230,ipv4,malicious-ip,medium,WHITE,ziyadnz/hourly-ipv4,ziyadnz|hourly,2026-08-17T18:48:05Z,2026-08-17T18:48:05Z,
82.118.23.50,ipv4,malicious-ip,medium,WHITE,ziyadnz/hourly-ipv4,ziyadnz|hourly,2026-08-17T18:48:05Z,2026-08-17T18:48:05Z,
82.118.248.205,ipv4,malicious-ip,medium,WHITE,ziyadnz/hourly-ipv4,ziyadnz|hourly,2026-08-17T18:48:05Z,2026-08-17T18:48:05Z,
82.12.143.171,ipv4,malicious-ip,medium,WHITE,ziyadnz/hourly-ipv4,ziyadnz|hourly,2026-08-17T18:48:05Z,2026-08-17T18:48:05Z,
82.12.92.141,ipv4,malicious-ip,medium,WHITE,ziyadnz/hourly-ipv4,ziyadnz|hourly,2026-08-17T18:48:05Z,2026-08-17T18:48:05Z,
82.120.147.243,ipv4,malicious-ip,medium,WHITE,ziyadnz/hourly-ipv4,ziyadnz|hourly,2026-08-17T18:48:05Z,2026-08-17T18:48:05Z,
82.120.162.28,ipv4,malicious-ip,medium,WHITE,ziyadnz/hourly-ipv4,ziyadnz|hourly,2026-08-17T18:48:05Z,2026-08-17T18:48:05Z,
82.120.29.39,ipv4,malicious-ip,medium,WHITE,ziyadnz/hourly-ipv4,ziyadnz|hourly,2026-08-17T18:48:05Z,2026-08-17T18:48:05Z,
82.122.245.224,ipv4,malicious-ip,medium,WHITE,ziyadnz/hourly-ipv4,ziyadnz|hourly,2026-08-17T18:48:05Z,2026-08-17T18:48:05Z,
82.123.141.95,ipv4,malicious-ip,medium,WHITE,ziyadnz/hourly-ipv4,ziyadnz|hourly,2026-08-17T18:48:05Z,2026-08-17T18:48:05Z,
82.123.171.76,ipv4,malicious-ip,medium,WHITE,ziyadnz/hourly-ipv4,ziyadnz|hourly,2026-08-17T18:48:05Z,2026-08-17T18:48:05Z,
82.124.22.38,ipv4,malicious-ip,medium,WHITE,ziyadnz/hourly-ipv4,ziyadnz|hourly,2026-08-17T18:48:05Z,2026-08-17T18:48:05Z,
82.125.140.195,ipv4,malicious-ip,medium,WHITE,ziyadnz/hourly-ipv4,ziyadnz|hourly,2026-08-17T18:48:05Z,2026-08-17T18:48:05Z,
82.127.110.15,ipv4,malicious-ip,medium,WHITE,ziyadnz/hourly-ipv4,ziyadnz|hourly,2026-08-17T18:48:05Z,2026-08-17T18:48:05Z,
82.127.132.221,ipv4,malicious-ip,medium,WHITE,ziyadnz/hourly-ipv4,ziyadnz|hourly,2026-08-17T18:48:05Z,2026-08-17T18:48:05Z,
82.127.174.33,ipv4,malicious-ip,medium,WHITE,ziyadnz/hourly-ipv4,ziyadnz|hourly,2026-08-17T18:48:05Z,2026-08-17T18:48:05Z,
82.127.61.116,ipv4,malicious-ip,medium,WHITE,ziyadnz/hourly-ipv4,ziyadnz|hourly,2026-08-17T18:48:05Z,2026-08-17T18:48:05Z,
82.129.237.3,ipv4,malicious-ip,medium,WHITE,ziyadnz/hourly-ipv4,ziyadnz|hourly,2026-08-17T18:48:05Z,2026-08-17T18:48:05Z,
82.130.249.15,ipv4,malicious-ip,medium,WHITE,ziyadnz/hourly-ipv4,ziyadnz|hourly,2026-08-17T18:48:05Z,2026-08-17T18:48:05Z,
82.132.244.58,ipv4,malicious-ip,medium,WHITE,ziyadnz/hourly-ipv4,ziyadnz|hourly,2026-08-17T18:48:05Z,2026-08-17T18:48:05Z,
82.137.243.123,ipv4,malicious-ip,medium,WHITE,ziyadnz/hourly-ipv4,ziyadnz|hourly,2026-08-17T18:48:05Z,2026-08-17T18:48:05Z,
82.139.187.78,ipv4,malicious-ip,medium,WHITE,ziyadnz/hourly-ipv4,ziyadnz|hourly,2026-08-17T18:48:05Z,2026-08-17T18:48:05Z,
82.146.11.70,ipv4,malicious-ip,medium,WHITE,ziyadnz/hourly-ipv4,ziyadnz|hourly,2026-08-17T18:48:05Z,2026-08-17T18:48:05Z,
82.146.45.177,ipv4,malicious-ip,medium,WHITE,ziyadnz/hourly-ipv4,ziyadnz|hourly,2026-08-17T18:48:05Z,2026-08-17T18:48:05Z,
82.146.48.243,ipv4,malicious-ip,medium,WHITE,ziyadnz/hourly-ipv4,ziyadnz|hourly,2026-08-17T18:48:05Z,2026-08-17T18:48:05Z,
82.147.84.134,ipv4,malicious-ip,medium,WHITE,ziyadnz/hourly-ipv4,ziyadnz|hourly,2026-08-17T18:48:05Z,2026-08-17T18:48:05Z,
82.147.84.244,ipv4,malicious-ip,medium,WHITE,ziyadnz/hourly-ipv4,ziyadnz|hourly,2026-08-17T18:48:05Z,2026-08-17T18:48:05Z,
82.147.85.62,ipv4,malicious-ip,medium,WHITE,ziyadnz/hourly-ipv4,ziyadnz|hourly,2026-08-17T18:48:05Z,2026-08-17T18:48:05Z,
82.147.88.22,ipv4,malicious-ip,medium,WHITE,ziyadnz/hourly-ipv4,ziyadnz|hourly,2026-08-17T18:48:05Z,2026-08-17T18:48:05Z,
82.148.120.22,ipv4,malicious-ip,medium,WHITE,ziyadnz/hourly-ipv4,ziyadnz|hourly,2026-08-17T18:48:05Z,2026-08-17T18:48:05Z,
82.15.134.253,ipv4,malicious-ip,medium,WHITE,ziyadnz/hourly-ipv4,ziyadnz|hourly,2026-08-17T18:48:05Z,2026-08-17T18:48:05Z,
82.15.4.33,ipv4,malicious-ip,medium,WHITE,ziyadnz/hourly-ipv4,ziyadnz|hourly,2026-08-17T18:48:05Z,2026-08-17T18:48:05Z,
82.151.108.228,ipv4,malicious-ip,medium,WHITE,ziyadnz/hourly-ipv4,ziyadnz|hourly,2026-08-17T18:48:05Z,2026-08-17T18:48:05Z,
82.151.114.19,ipv4,malicious-ip,medium,WHITE,ziyadnz/hourly-ipv4,ziyadnz|hourly,2026-08-17T18:48:05Z,2026-08-17T18:48:05Z,
82.151.118.51,ipv4,malicious-ip,medium,WHITE,ziyadnz/hourly-ipv4,ziyadnz|hourly,2026-08-17T18:48:05Z,2026-08-17T18:48:05Z,
82.151.126.115,ipv4,malicious-ip,medium,WHITE,ziyadnz/hourly-ipv4,ziyadnz|hourly,2026-08-17T18:48:05Z,2026-08-17T18:48:05Z,
82.151.126.78,ipv4,malicious-ip,medium,WHITE,ziyadnz/hourly-ipv4,ziyadnz|hourly,2026-08-17T18:48:05Z,2026-08-17T18:48:05Z,
82.151.82.236,ipv4,malicious-ip,medium,WHITE,ziyadnz/hourly-ipv4,ziyadnz|hourly,2026-08-17T18:48:05Z,2026-08-17T18:48:05Z,
82.151.84.22,ipv4,malicious-ip,medium,WHITE,ziyadnz/hourly-ipv4,ziyadnz|hourly,2026-08-17T18:48:05Z,2026-08-17T18:48:05Z,
82.151.98.46,ipv4,malicious-ip,medium,WHITE,ziyadnz/hourly-ipv4,ziyadnz|hourly,2026-08-17T18:48:05Z,2026-08-17T18:48:05Z,
82.152.132.24,ipv4,malicious-ip,medium,WHITE,ziyadnz/hourly-ipv4,ziyadnz|hourly,2026-08-17T18:48:05Z,2026-08-17T18:48:05Z,
82.152.164.175,ipv4,malicious-ip,medium,WHITE,ziyadnz/hourly-ipv4,ziyadnz|hourly,2026-08-17T18:48:05Z,2026-08-17T18:48:05Z,
82.152.18.3,ipv4,malicious-ip,medium,WHITE,ziyadnz/hourly-ipv4,ziyadnz|hourly,2026-08-17T18:48:05Z,2026-08-17T18:48:05Z,
82.153.134.38,ipv4,malicious-ip,medium,WHITE,ziyadnz/hourly-ipv4,ziyadnz|hourly,2026-08-17T18:48:05Z,2026-08-17T18:48:05Z,
82.153.138.184,ipv4,malicious-ip,medium,WHITE,ziyadnz/hourly-ipv4,ziyadnz|hourly,2026-08-17T18:48:05Z,2026-08-17T18:48:05Z,
82.153.138.221,ipv4,malicious-ip,medium,WHITE,ziyadnz/hourly-ipv4,ziyadnz|hourly,2026-08-17T18:48:05Z,2026-08-17T18:48:05Z,
82.153.138.25,ipv4,malicious-ip,medium,WHITE,ziyadnz/hourly-ipv4,ziyadnz|hourly,2026-08-17T18:48:05Z,2026-08-17T18:48:05Z,
82.153.157.220,ipv4,malicious-ip,medium,WHITE,ziyadnz/hourly-ipv4,ziyadnz|hourly,2026-08-17T18:48:05Z,2026-08-17T18:48:05Z,
82.153.157.222,ipv4,malicious-ip,medium,WHITE,ziyadnz/hourly-ipv4,ziyadnz|hourly,2026-08-17T18:48:05Z,2026-08-17T18:48:05Z,
82.156.108.180,ipv4,malicious-ip,medium,WHITE,ziyadnz/hourly-ipv4,ziyadnz|hourly,2026-08-17T18:48:05Z,2026-08-17T18:48:05Z,
82.156.110.102,ipv4,malicious-ip,medium,WHITE,ziyadnz/hourly-ipv4,ziyadnz|hourly,2026-08-17T18:48:05Z,2026-08-17T18:48:05Z,
82.156.122.73,ipv4,malicious-ip,medium,WHITE,ziyadnz/hourly-ipv4,ziyadnz|hourly,2026-08-17T18:48:05Z,2026-08-17T18:48:05Z,
82.156.135.13,ipv4,malicious-ip,medium,WHITE,ziyadnz/hourly-ipv4,ziyadnz|hourly,2026-08-17T18:48:05Z,2026-08-17T18:48:05Z,
82.156.14.48,ipv4,malicious-ip,medium,WHITE,ziyadnz/hourly-ipv4,ziyadnz|hourly,2026-08-17T18:48:05Z,2026-08-17T18:48:05Z,
82.156.145.216,ipv4,malicious-ip,medium,WHITE,ziyadnz/hourly-ipv4,ziyadnz|hourly,2026-08-17T18:48:05Z,2026-08-17T18:48:05Z,
82.156.146.62,ipv4,malicious-ip,medium,WHITE,ziyadnz/hourly-ipv4,ziyadnz|hourly,2026-08-17T18:48:05Z,2026-08-17T18:48:05Z,
82.156.167.37,ipv4,malicious-ip,medium,WHITE,ziyadnz/hourly-ipv4,ziyadnz|hourly,2026-08-17T18:48:05Z,2026-08-17T18:48:05Z,
82.156.211.131,ipv4,malicious-ip,medium,WHITE,ziyadnz/hourly-ipv4,ziyadnz|hourly,2026-08-17T18:48:05Z,2026-08-17T18:48:05Z,
82.156.247.22,ipv4,malicious-ip,medium,WHITE,ziyadnz/hourly-ipv4,ziyadnz|hourly,2026-08-17T18:48:05Z,2026-08-17T18:48:05Z,
82.156.3.26,ipv4,malicious-ip,medium,WHITE,ziyadnz/hourly-ipv4,ziyadnz|hourly,2026-08-17T18:48:05Z,2026-08-17T18:48:05Z,
82.156.37.119,ipv4,malicious-ip,medium,WHITE,ziyadnz/hourly-ipv4,ziyadnz|hourly,2026-08-17T18:48:05Z,2026-08-17T18:48:05Z,
82.156.38.59,ipv4,malicious-ip,medium,WHITE,ziyadnz/hourly-ipv4,ziyadnz|hourly,2026-08-17T18:48:05Z,2026-08-17T18:48:05Z,
82.156.7.4,ipv4,malicious-ip,medium,WHITE,ziyadnz/hourly-ipv4,ziyadnz|hourly,2026-08-17T18:48:05Z,2026-08-17T18:48:05Z,
82.157.112.162,ipv4,malicious-ip,medium,WHITE,ziyadnz/hourly-ipv4,ziyadnz|hourly,2026-08-17T18:48:05Z,2026-08-17T18:48:05Z,
82.157.132.42,ipv4,malicious-ip,medium,WHITE,ziyadnz/hourly-ipv4,ziyadnz|hourly,2026-08-17T18:48:05Z,2026-08-17T18:48:05Z,
82.157.160.142,ipv4,malicious-ip,medium,WHITE,ziyadnz/hourly-ipv4,ziyadnz|hourly,2026-08-17T18:48:05Z,2026-08-17T18:48:05Z,
82.157.174.22,ipv4,malicious-ip,medium,WHITE,ziyadnz/hourly-ipv4,ziyadnz|hourly,2026-08-17T18:48:05Z,2026-08-17T18:48:05Z,
82.157.180.189,ipv4,malicious-ip,medium,WHITE,ziyadnz/hourly-ipv4,ziyadnz|hourly,2026-08-17T18:48:05Z,2026-08-17T18:48:05Z,
82.157.188.231,ipv4,malicious-ip,medium,WHITE,ziyadnz/hourly-ipv4,ziyadnz|hourly,2026-08-17T18:48:05Z,2026-08-17T18:48:05Z,
82.157.20.238,ipv4,malicious-ip,medium,WHITE,ziyadnz/hourly-ipv4,ziyadnz|hourly,2026-08-17T18:48:05Z,2026-08-17T18:48:05Z,
82.157.235.104,ipv4,malicious-ip,medium,WHITE,ziyadnz/hourly-ipv4,ziyadnz|hourly,2026-08-17T18:48:05Z,2026-08-17T18:48:05Z,
82.157.7.182,ipv4,malicious-ip,medium,WHITE,ziyadnz/hourly-ipv4,ziyadnz|hourly,2026-08-17T18:48:05Z,2026-08-17T18:48:05Z,
82.157.76.14,ipv4,malicious-ip,medium,WHITE,ziyadnz/hourly-ipv4,ziyadnz|hourly,2026-08-17T18:48:05Z,2026-08-17T18:48:05Z,
82.158.91.124,ipv4,malicious-ip,medium,WHITE,ziyadnz/hourly-ipv4,ziyadnz|hourly,2026-08-17T18:48:05Z,2026-08-17T18:48:05Z,
82.159.198.174,ipv4,malicious-ip,medium,WHITE,ziyadnz/hourly-ipv4,ziyadnz|hourly,2026-08-17T18:48:05Z,2026-08-17T18:48:05Z,
82.159.241.28,ipv4,malicious-ip,medium,WHITE,ziyadnz/hourly-ipv4,ziyadnz|hourly,2026-08-17T18:48:05Z,2026-08-17T18:48:05Z,
82.160.134.45,ipv4,malicious-ip,medium,WHITE,ziyadnz/hourly-ipv4,ziyadnz|hourly,2026-08-17T18:48:05Z,2026-08-17T18:48:05Z,
82.160.150.30,ipv4,malicious-ip,medium,WHITE,ziyadnz/hourly-ipv4,ziyadnz|hourly,2026-08-17T18:48:05Z,2026-08-17T18:48:05Z,
82.162.245.26,ipv4,malicious-ip,medium,WHITE,ziyadnz/hourly-ipv4,ziyadnz|hourly,2026-08-17T18:48:05Z,2026-08-17T18:48:05Z,
82.162.56.186,ipv4,malicious-ip,medium,WHITE,ziyadnz/hourly-ipv4,ziyadnz|hourly,2026-08-17T18:48:05Z,2026-08-17T18:48:05Z,
82.165.100.123,ipv4,malicious-ip,medium,WHITE,ziyadnz/hourly-ipv4,ziyadnz|hourly,2026-08-17T18:48:05Z,2026-08-17T18:48:05Z,
82.165.109.70,ipv4,malicious-ip,medium,WHITE,ziyadnz/hourly-ipv4,ziyadnz|hourly,2026-08-17T18:48:05Z,2026-08-17T18:48:05Z,
82.165.129.145,ipv4,malicious-ip,medium,WHITE,ziyadnz/hourly-ipv4,ziyadnz|hourly,2026-08-17T18:48:05Z,2026-08-17T18:48:05Z,
82.165.129.229,ipv4,malicious-ip,medium,WHITE,ziyadnz/hourly-ipv4,ziyadnz|hourly,2026-08-17T18:48:05Z,2026-08-17T18:48:05Z,
82.165.14.78,ipv4,malicious-ip,medium,WHITE,ziyadnz/hourly-ipv4,ziyadnz|hourly,2026-08-17T18:48:05Z,2026-08-17T18:48:05Z,
82.165.152.127,ipv4,malicious-ip,medium,WHITE,ziyadnz/hourly-ipv4,ziyadnz|hourly,2026-08-17T18:48:05Z,2026-08-17T18:48:05Z,
82.165.159.7,ipv4,malicious-ip,medium,WHITE,ziyadnz/hourly-ipv4,ziyadnz|hourly,2026-08-17T18:48:05Z,2026-08-17T18:48:05Z,
82.165.159.8,ipv4,malicious-ip,medium,WHITE,ziyadnz/hourly-ipv4,ziyadnz|hourly,2026-08-17T18:48:05Z,2026-08-17T18:48:05Z,
82.165.175.206,ipv4,malicious-ip,medium,WHITE,ziyadnz/hourly-ipv4,ziyadnz|hourly,2026-08-17T18:48:05Z,2026-08-17T18:48:05Z,
82.165.198.166,ipv4,malicious-ip,medium,WHITE,ziyadnz/hourly-ipv4,ziyadnz|hourly,2026-08-17T18:48:05Z,2026-08-17T18:48:05Z,
82.165.219.0,ipv4,malicious-ip,medium,WHITE,ziyadnz/hourly-ipv4,ziyadnz|hourly,2026-08-17T18:48:05Z,2026-08-17T18:48:05Z,
82.165.85.34,ipv4,malicious-ip,medium,WHITE,ziyadnz/hourly-ipv4,ziyadnz|hourly,2026-08-17T18:48:05Z,2026-08-17T18:48:05Z,
82.165.94.38,ipv4,malicious-ip,medium,WHITE,ziyadnz/hourly-ipv4,ziyadnz|hourly,2026-08-17T18:48:05Z,2026-08-17T18:48:05Z,
82.165.94.74,ipv4,malicious-ip,medium,WHITE,ziyadnz/hourly-ipv4,ziyadnz|hourly,2026-08-17T18:48:05Z,2026-08-17T18:48:05Z,
82.165.98.36,ipv4,malicious-ip,medium,WHITE,ziyadnz/hourly-ipv4,ziyadnz|hourly,2026-08-17T18:48:05Z,2026-08-17T18:48:05Z,
82.166.239.217,ipv4,malicious-ip,medium,WHITE,ziyadnz/hourly-ipv4,ziyadnz|hourly,2026-08-17T18:48:05Z,2026-08-17T18:48:05Z,
82.167.182.170,ipv4,malicious-ip,medium,WHITE,ziyadnz/hourly-ipv4,ziyadnz|hourly,2026-08-17T18:48:05Z,2026-08-17T18:48:05Z,
82.167.214.146,ipv4,malicious-ip,medium,WHITE,ziyadnz/hourly-ipv4,ziyadnz|hourly,2026-08-17T18:48:05Z,2026-08-17T18:48:05Z,
82.167.41.144,ipv4,malicious-ip,medium,WHITE,ziyadnz/hourly-ipv4,ziyadnz|hourly,2026-08-17T18:48:05Z,2026-08-17T18:48:05Z,
82.167.45.44,ipv4,malicious-ip,medium,WHITE,ziyadnz/hourly-ipv4,ziyadnz|hourly,2026-08-17T18:48:05Z,2026-08-17T18:48:05Z,
82.169.135.117,ipv4,malicious-ip,medium,WHITE,ziyadnz/hourly-ipv4,ziyadnz|hourly,2026-08-17T18:48:05Z,2026-08-17T18:48:05Z,
82.178.154.254,ipv4,malicious-ip,medium,WHITE,ziyadnz/hourly-ipv4,ziyadnz|hourly,2026-08-17T18:48:05Z,2026-08-17T18:48:05Z,
82.18.150.218,ipv4,malicious-ip,medium,WHITE,ziyadnz/hourly-ipv4,ziyadnz|hourly,2026-08-17T18:48:05Z,2026-08-17T18:48:05Z,
82.180.133.120,ipv4,malicious-ip,medium,WHITE,ziyadnz/hourly-ipv4,ziyadnz|hourly,2026-08-17T18:48:05Z,2026-08-17T18:48:05Z,
82.180.145.139,ipv4,malicious-ip,medium,WHITE,ziyadnz/hourly-ipv4,ziyadnz|hourly,2026-08-17T18:48:05Z,2026-08-17T18:48:05Z,
82.180.145.188,ipv4,malicious-ip,medium,WHITE,ziyadnz/hourly-ipv4,ziyadnz|hourly,2026-08-17T18:48:05Z,2026-08-17T18:48:05Z,
82.180.146.58,ipv4,malicious-ip,medium,WHITE,ziyadnz/hourly-ipv4,ziyadnz|hourly,2026-08-17T18:48:05Z,2026-08-17T18:48:05Z,
82.180.174.230,ipv4,malicious-ip,medium,WHITE,ziyadnz/hourly-ipv4,ziyadnz|hourly,2026-08-17T18:48:05Z,2026-08-17T18:48:05Z,
82.192.69.232,ipv4,malicious-ip,medium,WHITE,ziyadnz/hourly-ipv4,ziyadnz|hourly,2026-08-17T18:48:05Z,2026-08-17T18:48:05Z,
82.193.85.189,ipv4,malicious-ip,medium,WHITE,ziyadnz/hourly-ipv4,ziyadnz|hourly,2026-08-17T18:48:05Z,2026-08-17T18:48:05Z,
82.194.0.222,ipv4,malicious-ip,medium,WHITE,ziyadnz/hourly-ipv4,ziyadnz|hourly,2026-08-17T18:48:05Z,2026-08-17T18:48:05Z,
82.194.40.101,ipv4,malicious-ip,medium,WHITE,ziyadnz/hourly-ipv4,ziyadnz|hourly,2026-08-17T18:48:05Z,2026-08-17T18:48:05Z,
82.194.44.110,ipv4,malicious-ip,medium,WHITE,ziyadnz/hourly-ipv4,ziyadnz|hourly,2026-08-17T18:48:05Z,2026-08-17T18:48:05Z,
82.197.102.95,ipv4,malicious-ip,medium,WHITE,ziyadnz/hourly-ipv4,ziyadnz|hourly,2026-08-17T18:48:05Z,2026-08-17T18:48:05Z,
82.197.110.65,ipv4,malicious-ip,medium,WHITE,ziyadnz/hourly-ipv4,ziyadnz|hourly,2026-08-17T18:48:05Z,2026-08-17T18:48:05Z,
82.197.182.161,ipv4,malicious-ip,medium,WHITE,ziyadnz/hourly-ipv4,ziyadnz|hourly,2026-08-17T18:48:05Z,2026-08-17T18:48:05Z,
82.197.58.130,ipv4,malicious-ip,medium,WHITE,ziyadnz/hourly-ipv4,ziyadnz|hourly,2026-08-17T18:48:05Z,2026-08-17T18:48:05Z,
82.197.58.135,ipv4,malicious-ip,medium,WHITE,ziyadnz/hourly-ipv4,ziyadnz|hourly,2026-08-17T18:48:05Z,2026-08-17T18:48:05Z,
82.197.65.206,ipv4,malicious-ip,medium,WHITE,ziyadnz/hourly-ipv4,ziyadnz|hourly,2026-08-17T18:48:05Z,2026-08-17T18:48:05Z,
82.197.71.209,ipv4,malicious-ip,medium,WHITE,ziyadnz/hourly-ipv4,ziyadnz|hourly,2026-08-17T18:48:05Z,2026-08-17T18:48:05Z,
82.199.133.202,ipv4,malicious-ip,medium,WHITE,ziyadnz/hourly-ipv4,ziyadnz|hourly,2026-08-17T18:48:05Z,2026-08-17T18:48:05Z,
82.199.197.245,ipv4,malicious-ip,medium,WHITE,ziyadnz/hourly-ipv4,ziyadnz|hourly,2026-08-17T18:48:05Z,2026-08-17T18:48:05Z,
82.199.223.75,ipv4,malicious-ip,medium,WHITE,ziyadnz/hourly-ipv4,ziyadnz|hourly,2026-08-17T18:48:05Z,2026-08-17T18:48:05Z,
82.20.23.165,ipv4,malicious-ip,medium,WHITE,ziyadnz/hourly-ipv4,ziyadnz|hourly,2026-08-17T18:48:05Z,2026-08-17T18:48:05Z,
82.200.135.250,ipv4,malicious-ip,medium,WHITE,ziyadnz/hourly-ipv4,ziyadnz|hourly,2026-08-17T18:48:05Z,2026-08-17T18:48:05Z,
82.200.226.146,ipv4,malicious-ip,medium,WHITE,ziyadnz/hourly-ipv4,ziyadnz|hourly,2026-08-17T18:48:05Z,2026-08-17T18:48:05Z,
82.200.240.33,ipv4,malicious-ip,medium,WHITE,ziyadnz/hourly-ipv4,ziyadnz|hourly,2026-08-17T18:48:05Z,2026-08-17T18:48:05Z,
82.200.252.94,ipv4,malicious-ip,medium,WHITE,ziyadnz/hourly-ipv4,ziyadnz|hourly,2026-08-17T18:48:05Z,2026-08-17T18:48:05Z,
82.200.65.218,ipv4,malicious-ip,medium,WHITE,ziyadnz/hourly-ipv4,ziyadnz|hourly,2026-08-17T18:48:05Z,2026-08-17T18:48:05Z,
82.201.143.184,ipv4,malicious-ip,medium,WHITE,ziyadnz/hourly-ipv4,ziyadnz|hourly,2026-08-17T18:48:05Z,2026-08-17T18:48:05Z,
82.202.169.229,ipv4,malicious-ip,medium,WHITE,ziyadnz/hourly-ipv4,ziyadnz|hourly,2026-08-17T18:48:05Z,2026-08-17T18:48:05Z,
82.202.179.6,ipv4,malicious-ip,medium,WHITE,ziyadnz/hourly-ipv4,ziyadnz|hourly,2026-08-17T18:48:05Z,2026-08-17T18:48:05Z,
82.202.18.185,ipv4,malicious-ip,medium,WHITE,ziyadnz/hourly-ipv4,ziyadnz|hourly,2026-08-17T18:48:05Z,2026-08-17T18:48:05Z,
82.202.243.78,ipv4,malicious-ip,medium,WHITE,ziyadnz/hourly-ipv4,ziyadnz|hourly,2026-08-17T18:48:05Z,2026-08-17T18:48:05Z,
82.205.99.1,ipv4,malicious-ip,medium,WHITE,ziyadnz/hourly-ipv4,ziyadnz|hourly,2026-08-17T18:48:05Z,2026-08-17T18:48:05Z,
82.207.7.180,ipv4,malicious-ip,medium,WHITE,ziyadnz/hourly-ipv4,ziyadnz|hourly,2026-08-17T18:48:05Z,2026-08-17T18:48:05Z,
82.207.86.238,ipv4,malicious-ip,medium,WHITE,ziyadnz/hourly-ipv4,ziyadnz|hourly,2026-08-17T18:48:05Z,2026-08-17T18:48:05Z,
82.208.113.69,ipv4,malicious-ip,medium,WHITE,ziyadnz/hourly-ipv4,ziyadnz|hourly,2026-08-17T18:48:05Z,2026-08-17T18:48:05Z,
82.208.122.218,ipv4,malicious-ip,medium,WHITE,ziyadnz/hourly-ipv4,ziyadnz|hourly,2026-08-17T18:48:05Z,2026-08-17T18:48:05Z,
82.208.65.46,ipv4,malicious-ip,medium,WHITE,ziyadnz/hourly-ipv4,ziyadnz|hourly,2026-08-17T18:48:05Z,2026-08-17T18:48:05Z,
82.208.72.73,ipv4,malicious-ip,medium,WHITE,ziyadnz/hourly-ipv4,ziyadnz|hourly,2026-08-17T18:48:05Z,2026-08-17T18:48:05Z,
82.208.88.60,ipv4,malicious-ip,medium,WHITE,ziyadnz/hourly-ipv4,ziyadnz|hourly,2026-08-17T18:48:05Z,2026-08-17T18:48:05Z,
82.209.148.60,ipv4,malicious-ip,medium,WHITE,ziyadnz/hourly-ipv4,ziyadnz|hourly,2026-08-17T18:48:05Z,2026-08-17T18:48:05Z,
82.21.150.157,ipv4,malicious-ip,medium,WHITE,ziyadnz/hourly-ipv4,ziyadnz|hourly,2026-08-17T18:48:05Z,2026-08-17T18:48:05Z,
82.21.210.0,ipv4,malicious-ip,medium,WHITE,ziyadnz/hourly-ipv4,ziyadnz|hourly,2026-08-17T18:48:05Z,2026-08-17T18:48:05Z,
82.21.210.109,ipv4,malicious-ip,medium,WHITE,ziyadnz/hourly-ipv4,ziyadnz|hourly,2026-08-17T18:48:05Z,2026-08-17T18:48:05Z,
82.21.210.119,ipv4,malicious-ip,medium,WHITE,ziyadnz/hourly-ipv4,ziyadnz|hourly,2026-08-17T18:48:05Z,2026-08-17T18:48:05Z,
82.21.210.12,ipv4,malicious-ip,medium,WHITE,ziyadnz/hourly-ipv4,ziyadnz|hourly,2026-08-17T18:48:05Z,2026-08-17T18:48:05Z,
82.21.210.125,ipv4,malicious-ip,medium,WHITE,ziyadnz/hourly-ipv4,ziyadnz|hourly,2026-08-17T18:48:05Z,2026-08-17T18:48:05Z,
82.21.210.129,ipv4,malicious-ip,medium,WHITE,ziyadnz/hourly-ipv4,ziyadnz|hourly,2026-08-17T18:48:05Z,2026-08-17T18:48:05Z,
82.21.210.137,ipv4,malicious-ip,medium,WHITE,ziyadnz/hourly-ipv4,ziyadnz|hourly,2026-08-17T18:48:05Z,2026-08-17T18:48:05Z,
82.21.210.140,ipv4,malicious-ip,medium,WHITE,ziyadnz/hourly-ipv4,ziyadnz|hourly,2026-08-17T18:48:05Z,2026-08-17T18:48:05Z,
82.21.210.153,ipv4,malicious-ip,medium,WHITE,ziyadnz/hourly-ipv4,ziyadnz|hourly,2026-08-17T18:48:05Z,2026-08-17T18:48:05Z,
82.21.210.16,ipv4,malicious-ip,medium,WHITE,ziyadnz/hourly-ipv4,ziyadnz|hourly,2026-08-17T18:48:05Z,2026-08-17T18:48:05Z,
82.21.210.166,ipv4,malicious-ip,medium,WHITE,ziyadnz/hourly-ipv4,ziyadnz|hourly,2026-08-17T18:48:05Z,2026-08-17T18:48:05Z,
82.21.210.172,ipv4,malicious-ip,medium,WHITE,ziyadnz/hourly-ipv4,ziyadnz|hourly,2026-08-17T18:48:05Z,2026-08-17T18:48:05Z,
82.21.210.178,ipv4,malicious-ip,medium,WHITE,ziyadnz/hourly-ipv4,ziyadnz|hourly,2026-08-17T18:48:05Z,2026-08-17T18:48:05Z,
82.21.210.207,ipv4,malicious-ip,medium,WHITE,ziyadnz/hourly-ipv4,ziyadnz|hourly,2026-08-17T18:48:05Z,2026-08-17T18:48:05Z,
82.21.210.221,ipv4,malicious-ip,medium,WHITE,ziyadnz/hourly-ipv4,ziyadnz|hourly,2026-08-17T18:48:05Z,2026-08-17T18:48:05Z,
82.21.210.228,ipv4,malicious-ip,medium,WHITE,ziyadnz/hourly-ipv4,ziyadnz|hourly,2026-08-17T18:48:05Z,2026-08-17T18:48:05Z,
82.21.210.237,ipv4,malicious-ip,medium,WHITE,ziyadnz/hourly-ipv4,ziyadnz|hourly,2026-08-17T18:48:05Z,2026-08-17T18:48:05Z,
82.21.210.3,ipv4,malicious-ip,medium,WHITE,ziyadnz/hourly-ipv4,ziyadnz|hourly,2026-08-17T18:48:05Z,2026-08-17T18:48:05Z,
82.21.210.33,ipv4,malicious-ip,medium,WHITE,ziyadnz/hourly-ipv4,ziyadnz|hourly,2026-08-17T18:48:05Z,2026-08-17T18:48:05Z,
82.21.210.37,ipv4,malicious-ip,medium,WHITE,ziyadnz/hourly-ipv4,ziyadnz|hourly,2026-08-17T18:48:05Z,2026-08-17T18:48:05Z,
82.21.210.45,ipv4,malicious-ip,medium,WHITE,ziyadnz/hourly-ipv4,ziyadnz|hourly,2026-08-17T18:48:05Z,2026-08-17T18:48:05Z,
82.21.210.50,ipv4,malicious-ip,medium,WHITE,ziyadnz/hourly-ipv4,ziyadnz|hourly,2026-08-17T18:48:05Z,2026-08-17T18:48:05Z,
82.21.210.84,ipv4,malicious-ip,medium,WHITE,ziyadnz/hourly-ipv4,ziyadnz|hourly,2026-08-17T18:48:05Z,2026-08-17T18:48:05Z,
82.21.210.92,ipv4,malicious-ip,medium,WHITE,ziyadnz/hourly-ipv4,ziyadnz|hourly,2026-08-17T18:48:05Z,2026-08-17T18:48:05Z,
82.21.68.20,ipv4,malicious-ip,medium,WHITE,ziyadnz/hourly-ipv4,ziyadnz|hourly,2026-08-17T18:48:05Z,2026-08-17T18:48:05Z,
82.211.176.50,ipv4,malicious-ip,medium,WHITE,ziyadnz/hourly-ipv4,ziyadnz|hourly,2026-08-17T18:48:05Z,2026-08-17T18:48:05Z,
82.212.16.76,ipv4,malicious-ip,medium,WHITE,ziyadnz/hourly-ipv4,ziyadnz|hourly,2026-08-17T18:48:05Z,2026-08-17T18:48:05Z,
82.212.85.106,ipv4,malicious-ip,medium,WHITE,ziyadnz/hourly-ipv4,ziyadnz|hourly,2026-08-17T18:48:05Z,2026-08-17T18:48:05Z,
82.215.103.226,ipv4,malicious-ip,medium,WHITE,ziyadnz/hourly-ipv4,ziyadnz|hourly,2026-08-17T18:48:05Z,2026-08-17T18:48:05Z,
82.215.106.107,ipv4,malicious-ip,medium,WHITE,ziyadnz/hourly-ipv4,ziyadnz|hourly,2026-08-17T18:48:05Z,2026-08-17T18:48:05Z,
82.215.108.158,ipv4,malicious-ip,medium,WHITE,ziyadnz/hourly-ipv4,ziyadnz|hourly,2026-08-17T18:48:05Z,2026-08-17T18:48:05Z,
82.215.111.249,ipv4,malicious-ip,medium,WHITE,ziyadnz/hourly-ipv4,ziyadnz|hourly,2026-08-17T18:48:05Z,2026-08-17T18:48:05Z,
82.215.111.79,ipv4,malicious-ip,medium,WHITE,ziyadnz/hourly-ipv4,ziyadnz|hourly,2026-08-17T18:48:05Z,2026-08-17T18:48:05Z,
82.215.112.64,ipv4,malicious-ip,medium,WHITE,ziyadnz/hourly-ipv4,ziyadnz|hourly,2026-08-17T18:48:05Z,2026-08-17T18:48:05Z,
82.215.118.245,ipv4,malicious-ip,medium,WHITE,ziyadnz/hourly-ipv4,ziyadnz|hourly,2026-08-17T18:48:05Z,2026-08-17T18:48:05Z,
82.215.124.9,ipv4,malicious-ip,medium,WHITE,ziyadnz/hourly-ipv4,ziyadnz|hourly,2026-08-17T18:48:05Z,2026-08-17T18:48:05Z,
82.215.96.111,ipv4,malicious-ip,medium,WHITE,ziyadnz/hourly-ipv4,ziyadnz|hourly,2026-08-17T18:48:05Z,2026-08-17T18:48:05Z,
82.22.175.192,ipv4,malicious-ip,medium,WHITE,ziyadnz/hourly-ipv4,ziyadnz|hourly,2026-08-17T18:48:05Z,2026-08-17T18:48:05Z,
82.221.100.12,ipv4,malicious-ip,medium,WHITE,ziyadnz/hourly-ipv4,ziyadnz|hourly,2026-08-17T18:48:05Z,2026-08-17T18:48:05Z,
82.221.100.134,ipv4,malicious-ip,medium,WHITE,ziyadnz/hourly-ipv4,ziyadnz|hourly,2026-08-17T18:48:05Z,2026-08-17T18:48:05Z,
82.221.100.222,ipv4,malicious-ip,medium,WHITE,ziyadnz/hourly-ipv4,ziyadnz|hourly,2026-08-17T18:48:05Z,2026-08-17T18:48:05Z,
82.221.128.191,ipv4,malicious-ip,medium,WHITE,ziyadnz/hourly-ipv4,ziyadnz|hourly,2026-08-17T18:48:05Z,2026-08-17T18:48:05Z,
82.221.131.5,ipv4,malicious-ip,medium,WHITE,ziyadnz/hourly-ipv4,ziyadnz|hourly,2026-08-17T18:48:05Z,2026-08-17T18:48:05Z,
82.221.131.71,ipv4,malicious-ip,medium,WHITE,ziyadnz/hourly-ipv4,ziyadnz|hourly,2026-08-17T18:48:05Z,2026-08-17T18:48:05Z,
82.221.131.86,ipv4,malicious-ip,medium,WHITE,ziyadnz/hourly-ipv4,ziyadnz|hourly,2026-08-17T18:48:05Z,2026-08-17T18:48:05Z,
82.221.139.190,ipv4,malicious-ip,medium,WHITE,ziyadnz/hourly-ipv4,ziyadnz|hourly,2026-08-17T18:48:05Z,2026-08-17T18:48:05Z,
82.222.190.61,ipv4,malicious-ip,medium,WHITE,ziyadnz/hourly-ipv4,ziyadnz|hourly,2026-08-17T18:48:05Z,2026-08-17T18:48:05Z,
82.222.53.241,ipv4,malicious-ip,medium,WHITE,ziyadnz/hourly-ipv4,ziyadnz|hourly,2026-08-17T18:48:05Z,2026-08-17T18:48:05Z,
82.223.109.69,ipv4,malicious-ip,medium,WHITE,ziyadnz/hourly-ipv4,ziyadnz|hourly,2026-08-17T18:48:05Z,2026-08-17T18:48:05Z,
82.223.203.124,ipv4,malicious-ip,medium,WHITE,ziyadnz/hourly-ipv4,ziyadnz|hourly,2026-08-17T18:48:05Z,2026-08-17T18:48:05Z,
82.223.21.251,ipv4,malicious-ip,medium,WHITE,ziyadnz/hourly-ipv4,ziyadnz|hourly,2026-08-17T18:48:05Z,2026-08-17T18:48:05Z,
82.225.107.53,ipv4,malicious-ip,medium,WHITE,ziyadnz/hourly-ipv4,ziyadnz|hourly,2026-08-17T18:48:05Z,2026-08-17T18:48:05Z,
82.225.248.6,ipv4,malicious-ip,medium,WHITE,ziyadnz/hourly-ipv4,ziyadnz|hourly,2026-08-17T18:48:05Z,2026-08-17T18:48:05Z,
82.229.118.200,ipv4,malicious-ip,medium,WHITE,ziyadnz/hourly-ipv4,ziyadnz|hourly,2026-08-17T18:48:05Z,2026-08-17T18:48:05Z,
82.229.34.178,ipv4,malicious-ip,medium,WHITE,ziyadnz/hourly-ipv4,ziyadnz|hourly,2026-08-17T18:48:05Z,2026-08-17T18:48:05Z,
82.233.42.134,ipv4,malicious-ip,medium,WHITE,ziyadnz/hourly-ipv4,ziyadnz|hourly,2026-08-17T18:48:05Z,2026-08-17T18:48:05Z,
82.24.64.32,ipv4,malicious-ip,medium,WHITE,ziyadnz/hourly-ipv4,ziyadnz|hourly,2026-08-17T18:48:05Z,2026-08-17T18:48:05Z,
82.25.35.169,ipv4,malicious-ip,medium,WHITE,ziyadnz/hourly-ipv4,ziyadnz|hourly,2026-08-17T18:48:05Z,2026-08-17T18:48:05Z,
82.25.35.25,ipv4,malicious-ip,medium,WHITE,ziyadnz/hourly-ipv4,ziyadnz|hourly,2026-08-17T18:48:05Z,2026-08-17T18:48:05Z,
82.25.68.141,ipv4,malicious-ip,medium,WHITE,ziyadnz/hourly-ipv4,ziyadnz|hourly,2026-08-17T18:48:05Z,2026-08-17T18:48:05Z,
82.25.70.65,ipv4,malicious-ip,medium,WHITE,ziyadnz/hourly-ipv4,ziyadnz|hourly,2026-08-17T18:48:05Z,2026-08-17T18:48:05Z,
82.26.151.93,ipv4,malicious-ip,medium,WHITE,ziyadnz/hourly-ipv4,ziyadnz|hourly,2026-08-17T18:48:05Z,2026-08-17T18:48:05Z,
82.26.74.104,ipv4,malicious-ip,medium,WHITE,ziyadnz/hourly-ipv4,ziyadnz|hourly,2026-08-17T18:48:05Z,2026-08-17T18:48:05Z,
82.26.94.8,ipv4,malicious-ip,medium,WHITE,ziyadnz/hourly-ipv4,ziyadnz|hourly,2026-08-17T18:48:05Z,2026-08-17T18:48:05Z,
82.29.130.57,ipv4,malicious-ip,medium,WHITE,ziyadnz/hourly-ipv4,ziyadnz|hourly,2026-08-17T18:48:05Z,2026-08-17T18:48:05Z,
82.29.53.187,ipv4,malicious-ip,medium,WHITE,ziyadnz/hourly-ipv4,ziyadnz|hourly,2026-08-17T18:48:05Z,2026-08-17T18:48:05Z,
82.29.71.242,ipv4,malicious-ip,medium,WHITE,ziyadnz/hourly-ipv4,ziyadnz|hourly,2026-08-17T18:48:05Z,2026-08-17T18:48:05Z,
82.29.72.16,ipv4,malicious-ip,medium,WHITE,ziyadnz/hourly-ipv4,ziyadnz|hourly,2026-08-17T18:48:05Z,2026-08-17T18:48:05Z,
82.29.72.65,ipv4,malicious-ip,medium,WHITE,ziyadnz/hourly-ipv4,ziyadnz|hourly,2026-08-17T18:48:05Z,2026-08-17T18:48:05Z,
82.31.37.241,ipv4,malicious-ip,medium,WHITE,ziyadnz/hourly-ipv4,ziyadnz|hourly,2026-08-17T18:48:05Z,2026-08-17T18:48:05Z,
82.32.21.120,ipv4,malicious-ip,medium,WHITE,ziyadnz/hourly-ipv4,ziyadnz|hourly,2026-08-17T18:48:05Z,2026-08-17T18:48:05Z,
82.34.86.217,ipv4,malicious-ip,medium,WHITE,ziyadnz/hourly-ipv4,ziyadnz|hourly,2026-08-17T18:48:05Z,2026-08-17T18:48:05Z,
82.38.134.4,ipv4,malicious-ip,medium,WHITE,ziyadnz/hourly-ipv4,ziyadnz|hourly,2026-08-17T18:48:05Z,2026-08-17T18:48:05Z,
82.38.171.149,ipv4,malicious-ip,medium,WHITE,ziyadnz/hourly-ipv4,ziyadnz|hourly,2026-08-17T18:48:05Z,2026-08-17T18:48:05Z,
82.38.64.13,ipv4,malicious-ip,medium,WHITE,ziyadnz/hourly-ipv4,ziyadnz|hourly,2026-08-17T18:48:05Z,2026-08-17T18:48:05Z,
82.39.155.148,ipv4,malicious-ip,medium,WHITE,ziyadnz/hourly-ipv4,ziyadnz|hourly,2026-08-17T18:48:05Z,2026-08-17T18:48:05Z,
82.39.215.123,ipv4,malicious-ip,medium,WHITE,ziyadnz/hourly-ipv4,ziyadnz|hourly,2026-08-17T18:48:05Z,2026-08-17T18:48:05Z,
82.39.7.73,ipv4,malicious-ip,medium,WHITE,ziyadnz/hourly-ipv4,ziyadnz|hourly,2026-08-17T18:48:05Z,2026-08-17T18:48:05Z,
82.39.86.153,ipv4,malicious-ip,medium,WHITE,ziyadnz/hourly-ipv4,ziyadnz|hourly,2026-08-17T18:48:05Z,2026-08-17T18:48:05Z,
82.40.48.15,ipv4,malicious-ip,medium,WHITE,ziyadnz/hourly-ipv4,ziyadnz|hourly,2026-08-17T18:48:05Z,2026-08-17T18:48:05Z,
82.40.74.216,ipv4,malicious-ip,medium,WHITE,ziyadnz/hourly-ipv4,ziyadnz|hourly,2026-08-17T18:48:05Z,2026-08-17T18:48:05Z,
82.41.186.124,ipv4,malicious-ip,medium,WHITE,ziyadnz/hourly-ipv4,ziyadnz|hourly,2026-08-17T18:48:05Z,2026-08-17T18:48:05Z,
82.41.63.217,ipv4,malicious-ip,medium,WHITE,ziyadnz/hourly-ipv4,ziyadnz|hourly,2026-08-17T18:48:05Z,2026-08-17T18:48:05Z,
82.47.101.191,ipv4,malicious-ip,medium,WHITE,ziyadnz/hourly-ipv4,ziyadnz|hourly,2026-08-17T18:48:05Z,2026-08-17T18:48:05Z,
82.47.120.96,ipv4,malicious-ip,medium,WHITE,ziyadnz/hourly-ipv4,ziyadnz|hourly,2026-08-17T18:48:05Z,2026-08-17T18:48:05Z,
82.51.158.253,ipv4,malicious-ip,medium,WHITE,ziyadnz/hourly-ipv4,ziyadnz|hourly,2026-08-17T18:48:05Z,2026-08-17T18:48:05Z,
82.54.29.98,ipv4,malicious-ip,medium,WHITE,ziyadnz/hourly-ipv4,ziyadnz|hourly,2026-08-17T18:48:05Z,2026-08-17T18:48:05Z,
82.57.155.193,ipv4,malicious-ip,medium,WHITE,ziyadnz/hourly-ipv4,ziyadnz|hourly,2026-08-17T18:48:05Z,2026-08-17T18:48:05Z,
82.58.159.153,ipv4,malicious-ip,medium,WHITE,ziyadnz/hourly-ipv4,ziyadnz|hourly,2026-08-17T18:48:05Z,2026-08-17T18:48:05Z,
82.6.199.8,ipv4,malicious-ip,medium,WHITE,ziyadnz/hourly-ipv4,ziyadnz|hourly,2026-08-17T18:48:05Z,2026-08-17T18:48:05Z,
82.62.169.130,ipv4,malicious-ip,medium,WHITE,ziyadnz/hourly-ipv4,ziyadnz|hourly,2026-08-17T18:48:05Z,2026-08-17T18:48:05Z,
82.64.135.138,ipv4,malicious-ip,medium,WHITE,ziyadnz/hourly-ipv4,ziyadnz|hourly,2026-08-17T18:48:05Z,2026-08-17T18:48:05Z,
82.64.187.87,ipv4,malicious-ip,medium,WHITE,ziyadnz/hourly-ipv4,ziyadnz|hourly,2026-08-17T18:48:05Z,2026-08-17T18:48:05Z,
82.64.38.234,ipv4,malicious-ip,medium,WHITE,ziyadnz/hourly-ipv4,ziyadnz|hourly,2026-08-17T18:48:05Z,2026-08-17T18:48:05Z,
82.64.4.119,ipv4,malicious-ip,medium,WHITE,ziyadnz/hourly-ipv4,ziyadnz|hourly,2026-08-17T18:48:05Z,2026-08-17T18:48:05Z,
82.65.169.3,ipv4,malicious-ip,medium,WHITE,ziyadnz/hourly-ipv4,ziyadnz|hourly,2026-08-17T18:48:05Z,2026-08-17T18:48:05Z,
82.65.228.165,ipv4,malicious-ip,medium,WHITE,ziyadnz/hourly-ipv4,ziyadnz|hourly,2026-08-17T18:48:05Z,2026-08-17T18:48:05Z,
82.65.237.58,ipv4,malicious-ip,medium,WHITE,ziyadnz/hourly-ipv4,ziyadnz|hourly,2026-08-17T18:48:05Z,2026-08-17T18:48:05Z,
82.65.73.194,ipv4,malicious-ip,medium,WHITE,ziyadnz/hourly-ipv4,ziyadnz|hourly,2026-08-17T18:48:05Z,2026-08-17T18:48:05Z,
82.65.88.155,ipv4,malicious-ip,medium,WHITE,ziyadnz/hourly-ipv4,ziyadnz|hourly,2026-08-17T18:48:05Z,2026-08-17T18:48:05Z,
82.66.103.143,ipv4,malicious-ip,medium,WHITE,ziyadnz/hourly-ipv4,ziyadnz|hourly,2026-08-17T18:48:05Z,2026-08-17T18:48:05Z,
82.66.126.114,ipv4,malicious-ip,medium,WHITE,ziyadnz/hourly-ipv4,ziyadnz|hourly,2026-08-17T18:48:05Z,2026-08-17T18:48:05Z,
82.66.197.211,ipv4,malicious-ip,medium,WHITE,ziyadnz/hourly-ipv4,ziyadnz|hourly,2026-08-17T18:48:05Z,2026-08-17T18:48:05Z,
82.66.224.173,ipv4,malicious-ip,medium,WHITE,ziyadnz/hourly-ipv4,ziyadnz|hourly,2026-08-17T18:48:05Z,2026-08-17T18:48:05Z,
82.66.231.167,ipv4,malicious-ip,medium,WHITE,ziyadnz/hourly-ipv4,ziyadnz|hourly,2026-08-17T18:48:05Z,2026-08-17T18:48:05Z,
82.66.253.58,ipv4,malicious-ip,medium,WHITE,ziyadnz/hourly-ipv4,ziyadnz|hourly,2026-08-17T18:48:05Z,2026-08-17T18:48:05Z,
82.67.12.157,ipv4,malicious-ip,medium,WHITE,ziyadnz/hourly-ipv4,ziyadnz|hourly,2026-08-17T18:48:05Z,2026-08-17T18:48:05Z,
82.67.87.223,ipv4,malicious-ip,medium,WHITE,ziyadnz/hourly-ipv4,ziyadnz|hourly,2026-08-17T18:48:05Z,2026-08-17T18:48:05Z,
82.7.5.250,ipv4,malicious-ip,medium,WHITE,ziyadnz/hourly-ipv4,ziyadnz|hourly,2026-08-17T18:48:05Z,2026-08-17T18:48:05Z,
82.78.233.78,ipv4,malicious-ip,medium,WHITE,ziyadnz/hourly-ipv4,ziyadnz|hourly,2026-08-17T18:48:05Z,2026-08-17T18:48:05Z,
82.78.75.137,ipv4,malicious-ip,medium,WHITE,ziyadnz/hourly-ipv4,ziyadnz|hourly,2026-08-17T18:48:05Z,2026-08-17T18:48:05Z,
82.8.153.137,ipv4,malicious-ip,medium,WHITE,ziyadnz/hourly-ipv4,ziyadnz|hourly,2026-08-17T18:48:05Z,2026-08-17T18:48:05Z,
82.80.249.152,ipv4,malicious-ip,medium,WHITE,ziyadnz/hourly-ipv4,ziyadnz|hourly,2026-08-17T18:48:05Z,2026-08-17T18:48:05Z,
82.80.249.157,ipv4,malicious-ip,medium,WHITE,ziyadnz/hourly-ipv4,ziyadnz|hourly,2026-08-17T18:48:05Z,2026-08-17T18:48:05Z,
82.80.249.158,ipv4,malicious-ip,medium,WHITE,ziyadnz/hourly-ipv4,ziyadnz|hourly,2026-08-17T18:48:05Z,2026-08-17T18:48:05Z,
82.80.249.184,ipv4,malicious-ip,medium,WHITE,ziyadnz/hourly-ipv4,ziyadnz|hourly,2026-08-17T18:48:05Z,2026-08-17T18:48:05Z,
82.80.249.223,ipv4,malicious-ip,medium,WHITE,ziyadnz/hourly-ipv4,ziyadnz|hourly,2026-08-17T18:48:05Z,2026-08-17T18:48:05Z,
82.80.249.224,ipv4,malicious-ip,medium,WHITE,ziyadnz/hourly-ipv4,ziyadnz|hourly,2026-08-17T18:48:05Z,2026-08-17T18:48:05Z,
82.80.253.21,ipv4,malicious-ip,medium,WHITE,ziyadnz/hourly-ipv4,ziyadnz|hourly,2026-08-17T18:48:05Z,2026-08-17T18:48:05Z,
82.86.122.1,ipv4,malicious-ip,medium,WHITE,ziyadnz/hourly-ipv4,ziyadnz|hourly,2026-08-17T18:48:05Z,2026-08-17T18:48:05Z,
82.86.122.108,ipv4,malicious-ip,medium,WHITE,ziyadnz/hourly-ipv4,ziyadnz|hourly,2026-08-17T18:48:05Z,2026-08-17T18:48:05Z,
82.86.132.96,ipv4,malicious-ip,medium,WHITE,ziyadnz/hourly-ipv4,ziyadnz|hourly,2026-08-17T18:48:05Z,2026-08-17T18:48:05Z,
82.86.134.148,ipv4,malicious-ip,medium,WHITE,ziyadnz/hourly-ipv4,ziyadnz|hourly,2026-08-17T18:48:05Z,2026-08-17T18:48:05Z,
82.86.65.174,ipv4,malicious-ip,medium,WHITE,ziyadnz/hourly-ipv4,ziyadnz|hourly,2026-08-17T18:48:05Z,2026-08-17T18:48:05Z,
82.96.151.84,ipv4,malicious-ip,medium,WHITE,ziyadnz/hourly-ipv4,ziyadnz|hourly,2026-08-17T18:48:05Z,2026-08-17T18:48:05Z,
82.96.162.0,ipv4,malicious-ip,medium,WHITE,ziyadnz/hourly-ipv4,ziyadnz|hourly,2026-08-17T18:48:05Z,2026-08-17T18:48:05Z,
82.97.245.103,ipv4,malicious-ip,medium,WHITE,ziyadnz/hourly-ipv4,ziyadnz|hourly,2026-08-17T18:48:05Z,2026-08-17T18:48:05Z,
82.99.131.235,ipv4,malicious-ip,medium,WHITE,ziyadnz/hourly-ipv4,ziyadnz|hourly,2026-08-17T18:48:05Z,2026-08-17T18:48:05Z,
83.10.46.174,ipv4,malicious-ip,medium,WHITE,ziyadnz/hourly-ipv4,ziyadnz|hourly,2026-08-17T18:48:05Z,2026-08-17T18:48:05Z,
83.110.101.221,ipv4,malicious-ip,medium,WHITE,ziyadnz/hourly-ipv4,ziyadnz|hourly,2026-08-17T18:48:05Z,2026-08-17T18:48:05Z,
83.110.108.235,ipv4,malicious-ip,medium,WHITE,ziyadnz/hourly-ipv4,ziyadnz|hourly,2026-08-17T18:48:05Z,2026-08-17T18:48:05Z,
83.110.117.26,ipv4,malicious-ip,medium,WHITE,ziyadnz/hourly-ipv4,ziyadnz|hourly,2026-08-17T18:48:05Z,2026-08-17T18:48:05Z,
83.110.130.151,ipv4,malicious-ip,medium,WHITE,ziyadnz/hourly-ipv4,ziyadnz|hourly,2026-08-17T18:48:05Z,2026-08-17T18:48:05Z,
83.110.178.226,ipv4,malicious-ip,medium,WHITE,ziyadnz/hourly-ipv4,ziyadnz|hourly,2026-08-17T18:48:05Z,2026-08-17T18:48:05Z,
83.111.195.48,ipv4,malicious-ip,medium,WHITE,ziyadnz/hourly-ipv4,ziyadnz|hourly,2026-08-17T18:48:05Z,2026-08-17T18:48:05Z,
83.111.76.195,ipv4,malicious-ip,medium,WHITE,ziyadnz/hourly-ipv4,ziyadnz|hourly,2026-08-17T18:48:05Z,2026-08-17T18:48:05Z,
83.111.76.196,ipv4,malicious-ip,medium,WHITE,ziyadnz/hourly-ipv4,ziyadnz|hourly,2026-08-17T18:48:05Z,2026-08-17T18:48:05Z,
83.112.68.96,ipv4,malicious-ip,medium,WHITE,ziyadnz/hourly-ipv4,ziyadnz|hourly,2026-08-17T18:48:05Z,2026-08-17T18:48:05Z,
83.115.124.202,ipv4,malicious-ip,medium,WHITE,ziyadnz/hourly-ipv4,ziyadnz|hourly,2026-08-17T18:48:05Z,2026-08-17T18:48:05Z,
83.13.41.17,ipv4,malicious-ip,medium,WHITE,ziyadnz/hourly-ipv4,ziyadnz|hourly,2026-08-17T18:48:05Z,2026-08-17T18:48:05Z,
83.130.30.188,ipv4,malicious-ip,medium,WHITE,ziyadnz/hourly-ipv4,ziyadnz|hourly,2026-08-17T18:48:05Z,2026-08-17T18:48:05Z,
83.134.235.52,ipv4,malicious-ip,medium,WHITE,ziyadnz/hourly-ipv4,ziyadnz|hourly,2026-08-17T18:48:05Z,2026-08-17T18:48:05Z,
83.135.160.228,ipv4,malicious-ip,medium,WHITE,ziyadnz/hourly-ipv4,ziyadnz|hourly,2026-08-17T18:48:05Z,2026-08-17T18:48:05Z,
83.135.160.251,ipv4,malicious-ip,medium,WHITE,ziyadnz/hourly-ipv4,ziyadnz|hourly,2026-08-17T18:48:05Z,2026-08-17T18:48:05Z,
83.135.176.41,ipv4,malicious-ip,medium,WHITE,ziyadnz/hourly-ipv4,ziyadnz|hourly,2026-08-17T18:48:05Z,2026-08-17T18:48:05Z,
83.135.185.235,ipv4,malicious-ip,medium,WHITE,ziyadnz/hourly-ipv4,ziyadnz|hourly,2026-08-17T18:48:05Z,2026-08-17T18:48:05Z,
83.135.56.114,ipv4,malicious-ip,medium,WHITE,ziyadnz/hourly-ipv4,ziyadnz|hourly,2026-08-17T18:48:05Z,2026-08-17T18:48:05Z,
83.136.176.50,ipv4,malicious-ip,medium,WHITE,ziyadnz/hourly-ipv4,ziyadnz|hourly,2026-08-17T18:48:05Z,2026-08-17T18:48:05Z,
83.136.182.237,ipv4,malicious-ip,medium,WHITE,ziyadnz/hourly-ipv4,ziyadnz|hourly,2026-08-17T18:48:05Z,2026-08-17T18:48:05Z,
83.136.209.22,ipv4,malicious-ip,medium,WHITE,ziyadnz/hourly-ipv4,ziyadnz|hourly,2026-08-17T18:48:05Z,2026-08-17T18:48:05Z,
83.136.88.226,ipv4,malicious-ip,medium,WHITE,ziyadnz/hourly-ipv4,ziyadnz|hourly,2026-08-17T18:48:05Z,2026-08-17T18:48:05Z,
83.137.119.194,ipv4,malicious-ip,medium,WHITE,ziyadnz/hourly-ipv4,ziyadnz|hourly,2026-08-17T18:48:05Z,2026-08-17T18:48:05Z,
83.137.196.116,ipv4,malicious-ip,medium,WHITE,ziyadnz/hourly-ipv4,ziyadnz|hourly,2026-08-17T18:48:05Z,2026-08-17T18:48:05Z,
83.138.13.107,ipv4,malicious-ip,medium,WHITE,ziyadnz/hourly-ipv4,ziyadnz|hourly,2026-08-17T18:48:05Z,2026-08-17T18:48:05Z,
83.138.53.139,ipv4,malicious-ip,medium,WHITE,ziyadnz/hourly-ipv4,ziyadnz|hourly,2026-08-17T18:48:05Z,2026-08-17T18:48:05Z,
83.142.209.181,ipv4,malicious-ip,medium,WHITE,ziyadnz/hourly-ipv4,ziyadnz|hourly,2026-08-17T18:48:05Z,2026-08-17T18:48:05Z,
83.142.209.194,ipv4,malicious-ip,medium,WHITE,ziyadnz/hourly-ipv4,ziyadnz|hourly,2026-08-17T18:48:05Z,2026-08-17T18:48:05Z,
83.142.209.196,ipv4,malicious-ip,medium,WHITE,ziyadnz/hourly-ipv4,ziyadnz|hourly,2026-08-17T18:48:05Z,2026-08-17T18:48:05Z,
83.142.209.203,ipv4,malicious-ip,medium,WHITE,ziyadnz/hourly-ipv4,ziyadnz|hourly,2026-08-17T18:48:05Z,2026-08-17T18:48:05Z,
83.142.209.214,ipv4,malicious-ip,medium,WHITE,ziyadnz/hourly-ipv4,ziyadnz|hourly,2026-08-17T18:48:05Z,2026-08-17T18:48:05Z,
83.142.209.31,ipv4,malicious-ip,medium,WHITE,ziyadnz/hourly-ipv4,ziyadnz|hourly,2026-08-17T18:48:05Z,2026-08-17T18:48:05Z,
83.142.209.46,ipv4,malicious-ip,medium,WHITE,ziyadnz/hourly-ipv4,ziyadnz|hourly,2026-08-17T18:48:05Z,2026-08-17T18:48:05Z,
83.142.209.75,ipv4,malicious-ip,medium,WHITE,ziyadnz/hourly-ipv4,ziyadnz|hourly,2026-08-17T18:48:05Z,2026-08-17T18:48:05Z,
83.142.209.83,ipv4,malicious-ip,medium,WHITE,ziyadnz/hourly-ipv4,ziyadnz|hourly,2026-08-17T18:48:05Z,2026-08-17T18:48:05Z,
83.143.112.140,ipv4,malicious-ip,medium,WHITE,ziyadnz/hourly-ipv4,ziyadnz|hourly,2026-08-17T18:48:05Z,2026-08-17T18:48:05Z,
83.143.112.178,ipv4,malicious-ip,medium,WHITE,ziyadnz/hourly-ipv4,ziyadnz|hourly,2026-08-17T18:48:05Z,2026-08-17T18:48:05Z,
83.143.112.38,ipv4,malicious-ip,medium,WHITE,ziyadnz/hourly-ipv4,ziyadnz|hourly,2026-08-17T18:48:05Z,2026-08-17T18:48:05Z,
83.143.242.9,ipv4,malicious-ip,medium,WHITE,ziyadnz/hourly-ipv4,ziyadnz|hourly,2026-08-17T18:48:05Z,2026-08-17T18:48:05Z,
83.143.25.120,ipv4,malicious-ip,medium,WHITE,ziyadnz/hourly-ipv4,ziyadnz|hourly,2026-08-17T18:48:05Z,2026-08-17T18:48:05Z,
83.143.29.114,ipv4,malicious-ip,medium,WHITE,ziyadnz/hourly-ipv4,ziyadnz|hourly,2026-08-17T18:48:05Z,2026-08-17T18:48:05Z,
83.143.29.80,ipv4,malicious-ip,medium,WHITE,ziyadnz/hourly-ipv4,ziyadnz|hourly,2026-08-17T18:48:05Z,2026-08-17T18:48:05Z,
83.143.29.94,ipv4,malicious-ip,medium,WHITE,ziyadnz/hourly-ipv4,ziyadnz|hourly,2026-08-17T18:48:05Z,2026-08-17T18:48:05Z,
83.143.30.120,ipv4,malicious-ip,medium,WHITE,ziyadnz/hourly-ipv4,ziyadnz|hourly,2026-08-17T18:48:05Z,2026-08-17T18:48:05Z,
83.143.30.75,ipv4,malicious-ip,medium,WHITE,ziyadnz/hourly-ipv4,ziyadnz|hourly,2026-08-17T18:48:05Z,2026-08-17T18:48:05Z,
83.146.65.246,ipv4,malicious-ip,medium,WHITE,ziyadnz/hourly-ipv4,ziyadnz|hourly,2026-08-17T18:48:05Z,2026-08-17T18:48:05Z,
83.147.241.74,ipv4,malicious-ip,medium,WHITE,ziyadnz/hourly-ipv4,ziyadnz|hourly,2026-08-17T18:48:05Z,2026-08-17T18:48:05Z,
83.147.243.18,ipv4,malicious-ip,medium,WHITE,ziyadnz/hourly-ipv4,ziyadnz|hourly,2026-08-17T18:48:05Z,2026-08-17T18:48:05Z,
83.147.253.138,ipv4,malicious-ip,medium,WHITE,ziyadnz/hourly-ipv4,ziyadnz|hourly,2026-08-17T18:48:05Z,2026-08-17T18:48:05Z,
83.147.55.85,ipv4,malicious-ip,medium,WHITE,ziyadnz/hourly-ipv4,ziyadnz|hourly,2026-08-17T18:48:05Z,2026-08-17T18:48:05Z,
83.148.108.82,ipv4,malicious-ip,medium,WHITE,ziyadnz/hourly-ipv4,ziyadnz|hourly,2026-08-17T18:48:05Z,2026-08-17T18:48:05Z,
83.148.113.73,ipv4,malicious-ip,medium,WHITE,ziyadnz/hourly-ipv4,ziyadnz|hourly,2026-08-17T18:48:05Z,2026-08-17T18:48:05Z,
83.149.101.53,ipv4,malicious-ip,medium,WHITE,ziyadnz/hourly-ipv4,ziyadnz|hourly,2026-08-17T18:48:05Z,2026-08-17T18:48:05Z,
83.150.218.225,ipv4,malicious-ip,medium,WHITE,ziyadnz/hourly-ipv4,ziyadnz|hourly,2026-08-17T18:48:05Z,2026-08-17T18:48:05Z,
83.150.218.93,ipv4,malicious-ip,medium,WHITE,ziyadnz/hourly-ipv4,ziyadnz|hourly,2026-08-17T18:48:05Z,2026-08-17T18:48:05Z,
83.167.19.121,ipv4,malicious-ip,medium,WHITE,ziyadnz/hourly-ipv4,ziyadnz|hourly,2026-08-17T18:48:05Z,2026-08-17T18:48:05Z,
83.168.105.103,ipv4,malicious-ip,medium,WHITE,ziyadnz/hourly-ipv4,ziyadnz|hourly,2026-08-17T18:48:05Z,2026-08-17T18:48:05Z,
83.168.107.148,ipv4,malicious-ip,medium,WHITE,ziyadnz/hourly-ipv4,ziyadnz|hourly,2026-08-17T18:48:05Z,2026-08-17T18:48:05Z,
83.168.107.165,ipv4,malicious-ip,medium,WHITE,ziyadnz/hourly-ipv4,ziyadnz|hourly,2026-08-17T18:48:05Z,2026-08-17T18:48:05Z,
83.168.107.97,ipv4,malicious-ip,medium,WHITE,ziyadnz/hourly-ipv4,ziyadnz|hourly,2026-08-17T18:48:05Z,2026-08-17T18:48:05Z,
83.168.110.191,ipv4,malicious-ip,medium,WHITE,ziyadnz/hourly-ipv4,ziyadnz|hourly,2026-08-17T18:48:05Z,2026-08-17T18:48:05Z,
83.168.66.145,ipv4,malicious-ip,medium,WHITE,ziyadnz/hourly-ipv4,ziyadnz|hourly,2026-08-17T18:48:05Z,2026-08-17T18:48:05Z,
83.168.68.219,ipv4,malicious-ip,medium,WHITE,ziyadnz/hourly-ipv4,ziyadnz|hourly,2026-08-17T18:48:05Z,2026-08-17T18:48:05Z,
83.168.69.128,ipv4,malicious-ip,medium,WHITE,ziyadnz/hourly-ipv4,ziyadnz|hourly,2026-08-17T18:48:05Z,2026-08-17T18:48:05Z,
83.168.69.141,ipv4,malicious-ip,medium,WHITE,ziyadnz/hourly-ipv4,ziyadnz|hourly,2026-08-17T18:48:05Z,2026-08-17T18:48:05Z,
83.168.69.200,ipv4,malicious-ip,medium,WHITE,ziyadnz/hourly-ipv4,ziyadnz|hourly,2026-08-17T18:48:05Z,2026-08-17T18:48:05Z,
83.168.69.86,ipv4,malicious-ip,medium,WHITE,ziyadnz/hourly-ipv4,ziyadnz|hourly,2026-08-17T18:48:05Z,2026-08-17T18:48:05Z,
83.168.71.40,ipv4,malicious-ip,medium,WHITE,ziyadnz/hourly-ipv4,ziyadnz|hourly,2026-08-17T18:48:05Z,2026-08-17T18:48:05Z,
83.168.78.27,ipv4,malicious-ip,medium,WHITE,ziyadnz/hourly-ipv4,ziyadnz|hourly,2026-08-17T18:48:05Z,2026-08-17T18:48:05Z,
83.168.78.31,ipv4,malicious-ip,medium,WHITE,ziyadnz/hourly-ipv4,ziyadnz|hourly,2026-08-17T18:48:05Z,2026-08-17T18:48:05Z,
83.168.78.55,ipv4,malicious-ip,medium,WHITE,ziyadnz/hourly-ipv4,ziyadnz|hourly,2026-08-17T18:48:05Z,2026-08-17T18:48:05Z,
83.168.78.82,ipv4,malicious-ip,medium,WHITE,ziyadnz/hourly-ipv4,ziyadnz|hourly,2026-08-17T18:48:05Z,2026-08-17T18:48:05Z,
83.168.88.41,ipv4,malicious-ip,medium,WHITE,ziyadnz/hourly-ipv4,ziyadnz|hourly,2026-08-17T18:48:05Z,2026-08-17T18:48:05Z,
83.168.89.49,ipv4,malicious-ip,medium,WHITE,ziyadnz/hourly-ipv4,ziyadnz|hourly,2026-08-17T18:48:05Z,2026-08-17T18:48:05Z,
83.168.95.29,ipv4,malicious-ip,medium,WHITE,ziyadnz/hourly-ipv4,ziyadnz|hourly,2026-08-17T18:48:05Z,2026-08-17T18:48:05Z,
83.171.100.244,ipv4,malicious-ip,medium,WHITE,ziyadnz/hourly-ipv4,ziyadnz|hourly,2026-08-17T18:48:05Z,2026-08-17T18:48:05Z,
83.171.89.209,ipv4,malicious-ip,medium,WHITE,ziyadnz/hourly-ipv4,ziyadnz|hourly,2026-08-17T18:48:05Z,2026-08-17T18:48:05Z,
83.172.42.32,ipv4,malicious-ip,medium,WHITE,ziyadnz/hourly-ipv4,ziyadnz|hourly,2026-08-17T18:48:05Z,2026-08-17T18:48:05Z,
83.174.218.98,ipv4,malicious-ip,medium,WHITE,ziyadnz/hourly-ipv4,ziyadnz|hourly,2026-08-17T18:48:05Z,2026-08-17T18:48:05Z,
83.177.199.74,ipv4,malicious-ip,medium,WHITE,ziyadnz/hourly-ipv4,ziyadnz|hourly,2026-08-17T18:48:05Z,2026-08-17T18:48:05Z,
83.177.199.76,ipv4,malicious-ip,medium,WHITE,ziyadnz/hourly-ipv4,ziyadnz|hourly,2026-08-17T18:48:05Z,2026-08-17T18:48:05Z,
83.177.240.182,ipv4,malicious-ip,medium,WHITE,ziyadnz/hourly-ipv4,ziyadnz|hourly,2026-08-17T18:48:05Z,2026-08-17T18:48:05Z,
83.182.89.139,ipv4,malicious-ip,medium,WHITE,ziyadnz/hourly-ipv4,ziyadnz|hourly,2026-08-17T18:48:05Z,2026-08-17T18:48:05Z,
83.188.250.3,ipv4,malicious-ip,medium,WHITE,ziyadnz/hourly-ipv4,ziyadnz|hourly,2026-08-17T18:48:05Z,2026-08-17T18:48:05Z,
83.191.160.251,ipv4,malicious-ip,medium,WHITE,ziyadnz/hourly-ipv4,ziyadnz|hourly,2026-08-17T18:48:05Z,2026-08-17T18:48:05Z,
83.196.81.3,ipv4,malicious-ip,medium,WHITE,ziyadnz/hourly-ipv4,ziyadnz|hourly,2026-08-17T18:48:05Z,2026-08-17T18:48:05Z,
83.197.108.78,ipv4,malicious-ip,medium,WHITE,ziyadnz/hourly-ipv4,ziyadnz|hourly,2026-08-17T18:48:05Z,2026-08-17T18:48:05Z,
83.197.162.91,ipv4,malicious-ip,medium,WHITE,ziyadnz/hourly-ipv4,ziyadnz|hourly,2026-08-17T18:48:05Z,2026-08-17T18:48:05Z,
83.198.137.99,ipv4,malicious-ip,medium,WHITE,ziyadnz/hourly-ipv4,ziyadnz|hourly,2026-08-17T18:48:05Z,2026-08-17T18:48:05Z,
83.199.87.164,ipv4,malicious-ip,medium,WHITE,ziyadnz/hourly-ipv4,ziyadnz|hourly,2026-08-17T18:48:05Z,2026-08-17T18:48:05Z,
83.200.251.114,ipv4,malicious-ip,medium,WHITE,ziyadnz/hourly-ipv4,ziyadnz|hourly,2026-08-17T18:48:05Z,2026-08-17T18:48:05Z,
83.204.65.166,ipv4,malicious-ip,medium,WHITE,ziyadnz/hourly-ipv4,ziyadnz|hourly,2026-08-17T18:48:05Z,2026-08-17T18:48:05Z,
83.209.248.110,ipv4,malicious-ip,medium,WHITE,ziyadnz/hourly-ipv4,ziyadnz|hourly,2026-08-17T18:48:05Z,2026-08-17T18:48:05Z,
83.217.11.10,ipv4,malicious-ip,medium,WHITE,ziyadnz/hourly-ipv4,ziyadnz|hourly,2026-08-17T18:48:05Z,2026-08-17T18:48:05Z,
83.217.11.13,ipv4,malicious-ip,medium,WHITE,ziyadnz/hourly-ipv4,ziyadnz|hourly,2026-08-17T18:48:05Z,2026-08-17T18:48:05Z,
83.217.11.14,ipv4,malicious-ip,medium,WHITE,ziyadnz/hourly-ipv4,ziyadnz|hourly,2026-08-17T18:48:05Z,2026-08-17T18:48:05Z,
83.217.11.17,ipv4,malicious-ip,medium,WHITE,ziyadnz/hourly-ipv4,ziyadnz|hourly,2026-08-17T18:48:05Z,2026-08-17T18:48:05Z,
83.217.11.18,ipv4,malicious-ip,medium,WHITE,ziyadnz/hourly-ipv4,ziyadnz|hourly,2026-08-17T18:48:05Z,2026-08-17T18:48:05Z,
83.217.11.19,ipv4,malicious-ip,medium,WHITE,ziyadnz/hourly-ipv4,ziyadnz|hourly,2026-08-17T18:48:05Z,2026-08-17T18:48:05Z,
83.217.11.25,ipv4,malicious-ip,medium,WHITE,ziyadnz/hourly-ipv4,ziyadnz|hourly,2026-08-17T18:48:05Z,2026-08-17T18:48:05Z,
83.217.11.26,ipv4,malicious-ip,medium,WHITE,ziyadnz/hourly-ipv4,ziyadnz|hourly,2026-08-17T18:48:05Z,2026-08-17T18:48:05Z,
83.217.11.31,ipv4,malicious-ip,medium,WHITE,ziyadnz/hourly-ipv4,ziyadnz|hourly,2026-08-17T18:48:05Z,2026-08-17T18:48:05Z,
83.217.11.32,ipv4,malicious-ip,medium,WHITE,ziyadnz/hourly-ipv4,ziyadnz|hourly,2026-08-17T18:48:05Z,2026-08-17T18:48:05Z,
83.217.11.33,ipv4,malicious-ip,medium,WHITE,ziyadnz/hourly-ipv4,ziyadnz|hourly,2026-08-17T18:48:05Z,2026-08-17T18:48:05Z,
83.217.11.34,ipv4,malicious-ip,medium,WHITE,ziyadnz/hourly-ipv4,ziyadnz|hourly,2026-08-17T18:48:05Z,2026-08-17T18:48:05Z,
83.217.11.36,ipv4,malicious-ip,medium,WHITE,ziyadnz/hourly-ipv4,ziyadnz|hourly,2026-08-17T18:48:05Z,2026-08-17T18:48:05Z,
83.217.11.38,ipv4,malicious-ip,medium,WHITE,ziyadnz/hourly-ipv4,ziyadnz|hourly,2026-08-17T18:48:05Z,2026-08-17T18:48:05Z,
83.217.11.6,ipv4,malicious-ip,medium,WHITE,ziyadnz/hourly-ipv4,ziyadnz|hourly,2026-08-17T18:48:05Z,2026-08-17T18:48:05Z,
83.217.11.7,ipv4,malicious-ip,medium,WHITE,ziyadnz/hourly-ipv4,ziyadnz|hourly,2026-08-17T18:48:05Z,2026-08-17T18:48:05Z,
83.217.11.9,ipv4,malicious-ip,medium,WHITE,ziyadnz/hourly-ipv4,ziyadnz|hourly,2026-08-17T18:48:05Z,2026-08-17T18:48:05Z,
83.217.182.110,ipv4,malicious-ip,medium,WHITE,ziyadnz/hourly-ipv4,ziyadnz|hourly,2026-08-17T18:48:05Z,2026-08-17T18:48:05Z,
83.217.193.121,ipv4,malicious-ip,medium,WHITE,ziyadnz/hourly-ipv4,ziyadnz|hourly,2026-08-17T18:48:05Z,2026-08-17T18:48:05Z,
83.217.193.224,ipv4,malicious-ip,medium,WHITE,ziyadnz/hourly-ipv4,ziyadnz|hourly,2026-08-17T18:48:05Z,2026-08-17T18:48:05Z,
83.217.208.130,ipv4,malicious-ip,medium,WHITE,ziyadnz/hourly-ipv4,ziyadnz|hourly,2026-08-17T18:48:05Z,2026-08-17T18:48:05Z,
83.217.208.77,ipv4,malicious-ip,medium,WHITE,ziyadnz/hourly-ipv4,ziyadnz|hourly,2026-08-17T18:48:05Z,2026-08-17T18:48:05Z,
83.217.209.88,ipv4,malicious-ip,medium,WHITE,ziyadnz/hourly-ipv4,ziyadnz|hourly,2026-08-17T18:48:05Z,2026-08-17T18:48:05Z,
83.217.213.120,ipv4,malicious-ip,medium,WHITE,ziyadnz/hourly-ipv4,ziyadnz|hourly,2026-08-17T18:48:05Z,2026-08-17T18:48:05Z,
83.217.9.73,ipv4,malicious-ip,medium,WHITE,ziyadnz/hourly-ipv4,ziyadnz|hourly,2026-08-17T18:48:05Z,2026-08-17T18:48:05Z,
83.218.116.2,ipv4,malicious-ip,medium,WHITE,ziyadnz/hourly-ipv4,ziyadnz|hourly,2026-08-17T18:48:05Z,2026-08-17T18:48:05Z,
83.218.189.21,ipv4,malicious-ip,medium,WHITE,ziyadnz/hourly-ipv4,ziyadnz|hourly,2026-08-17T18:48:05Z,2026-08-17T18:48:05Z,
83.219.248.100,ipv4,malicious-ip,medium,WHITE,ziyadnz/hourly-ipv4,ziyadnz|hourly,2026-08-17T18:48:05Z,2026-08-17T18:48:05Z,
83.219.249.173,ipv4,malicious-ip,medium,WHITE,ziyadnz/hourly-ipv4,ziyadnz|hourly,2026-08-17T18:48:05Z,2026-08-17T18:48:05Z,
83.220.168.76,ipv4,malicious-ip,medium,WHITE,ziyadnz/hourly-ipv4,ziyadnz|hourly,2026-08-17T18:48:05Z,2026-08-17T18:48:05Z,
83.220.169.20,ipv4,malicious-ip,medium,WHITE,ziyadnz/hourly-ipv4,ziyadnz|hourly,2026-08-17T18:48:05Z,2026-08-17T18:48:05Z,
83.221.204.44,ipv4,malicious-ip,medium,WHITE,ziyadnz/hourly-ipv4,ziyadnz|hourly,2026-08-17T18:48:05Z,2026-08-17T18:48:05Z,
83.222.168.172,ipv4,malicious-ip,medium,WHITE,ziyadnz/hourly-ipv4,ziyadnz|hourly,2026-08-17T18:48:05Z,2026-08-17T18:48:05Z,
83.222.17.213,ipv4,malicious-ip,medium,WHITE,ziyadnz/hourly-ipv4,ziyadnz|hourly,2026-08-17T18:48:05Z,2026-08-17T18:48:05Z,
83.222.190.214,ipv4,malicious-ip,medium,WHITE,ziyadnz/hourly-ipv4,ziyadnz|hourly,2026-08-17T18:48:05Z,2026-08-17T18:48:05Z,
83.222.191.54,ipv4,malicious-ip,medium,WHITE,ziyadnz/hourly-ipv4,ziyadnz|hourly,2026-08-17T18:48:05Z,2026-08-17T18:48:05Z,
83.222.191.98,ipv4,malicious-ip,medium,WHITE,ziyadnz/hourly-ipv4,ziyadnz|hourly,2026-08-17T18:48:05Z,2026-08-17T18:48:05Z,
83.222.6.132,ipv4,malicious-ip,medium,WHITE,ziyadnz/hourly-ipv4,ziyadnz|hourly,2026-08-17T18:48:05Z,2026-08-17T18:48:05Z,
83.224.141.42,ipv4,malicious-ip,medium,WHITE,ziyadnz/hourly-ipv4,ziyadnz|hourly,2026-08-17T18:48:05Z,2026-08-17T18:48:05Z,
83.224.145.226,ipv4,malicious-ip,medium,WHITE,ziyadnz/hourly-ipv4,ziyadnz|hourly,2026-08-17T18:48:05Z,2026-08-17T18:48:05Z,
83.224.157.40,ipv4,malicious-ip,medium,WHITE,ziyadnz/hourly-ipv4,ziyadnz|hourly,2026-08-17T18:48:05Z,2026-08-17T18:48:05Z,
83.224.158.173,ipv4,malicious-ip,medium,WHITE,ziyadnz/hourly-ipv4,ziyadnz|hourly,2026-08-17T18:48:05Z,2026-08-17T18:48:05Z,
83.224.175.43,ipv4,malicious-ip,medium,WHITE,ziyadnz/hourly-ipv4,ziyadnz|hourly,2026-08-17T18:48:05Z,2026-08-17T18:48:05Z,
83.225.121.113,ipv4,malicious-ip,medium,WHITE,ziyadnz/hourly-ipv4,ziyadnz|hourly,2026-08-17T18:48:05Z,2026-08-17T18:48:05Z,
83.226.235.157,ipv4,malicious-ip,medium,WHITE,ziyadnz/hourly-ipv4,ziyadnz|hourly,2026-08-17T18:48:05Z,2026-08-17T18:48:05Z,
83.226.84.176,ipv4,malicious-ip,medium,WHITE,ziyadnz/hourly-ipv4,ziyadnz|hourly,2026-08-17T18:48:05Z,2026-08-17T18:48:05Z,
83.226.85.77,ipv4,malicious-ip,medium,WHITE,ziyadnz/hourly-ipv4,ziyadnz|hourly,2026-08-17T18:48:05Z,2026-08-17T18:48:05Z,
83.227.197.205,ipv4,malicious-ip,medium,WHITE,ziyadnz/hourly-ipv4,ziyadnz|hourly,2026-08-17T18:48:05Z,2026-08-17T18:48:05Z,
83.229.17.68,ipv4,malicious-ip,medium,WHITE,ziyadnz/hourly-ipv4,ziyadnz|hourly,2026-08-17T18:48:05Z,2026-08-17T18:48:05Z,
83.229.83.122,ipv4,malicious-ip,medium,WHITE,ziyadnz/hourly-ipv4,ziyadnz|hourly,2026-08-17T18:48:05Z,2026-08-17T18:48:05Z,
83.229.83.147,ipv4,malicious-ip,medium,WHITE,ziyadnz/hourly-ipv4,ziyadnz|hourly,2026-08-17T18:48:05Z,2026-08-17T18:48:05Z,
83.229.86.156,ipv4,malicious-ip,medium,WHITE,ziyadnz/hourly-ipv4,ziyadnz|hourly,2026-08-17T18:48:05Z,2026-08-17T18:48:05Z,
83.229.87.22,ipv4,malicious-ip,medium,WHITE,ziyadnz/hourly-ipv4,ziyadnz|hourly,2026-08-17T18:48:05Z,2026-08-17T18:48:05Z,
83.229.87.68,ipv4,malicious-ip,medium,WHITE,ziyadnz/hourly-ipv4,ziyadnz|hourly,2026-08-17T18:48:05Z,2026-08-17T18:48:05Z,
83.23.130.49,ipv4,malicious-ip,medium,WHITE,ziyadnz/hourly-ipv4,ziyadnz|hourly,2026-08-17T18:48:05Z,2026-08-17T18:48:05Z,
83.233.149.56,ipv4,malicious-ip,medium,WHITE,ziyadnz/hourly-ipv4,ziyadnz|hourly,2026-08-17T18:48:05Z,2026-08-17T18:48:05Z,
83.233.149.72,ipv4,malicious-ip,medium,WHITE,ziyadnz/hourly-ipv4,ziyadnz|hourly,2026-08-17T18:48:05Z,2026-08-17T18:48:05Z,
83.233.22.224,ipv4,malicious-ip,medium,WHITE,ziyadnz/hourly-ipv4,ziyadnz|hourly,2026-08-17T18:48:05Z,2026-08-17T18:48:05Z,
83.233.22.225,ipv4,malicious-ip,medium,WHITE,ziyadnz/hourly-ipv4,ziyadnz|hourly,2026-08-17T18:48:05Z,2026-08-17T18:48:05Z,
83.233.22.227,ipv4,malicious-ip,medium,WHITE,ziyadnz/hourly-ipv4,ziyadnz|hourly,2026-08-17T18:48:05Z,2026-08-17T18:48:05Z,
83.233.96.166,ipv4,malicious-ip,medium,WHITE,ziyadnz/hourly-ipv4,ziyadnz|hourly,2026-08-17T18:48:05Z,2026-08-17T18:48:05Z,
83.234.210.190,ipv4,malicious-ip,medium,WHITE,ziyadnz/hourly-ipv4,ziyadnz|hourly,2026-08-17T18:48:05Z,2026-08-17T18:48:05Z,
83.235.21.125,ipv4,malicious-ip,medium,WHITE,ziyadnz/hourly-ipv4,ziyadnz|hourly,2026-08-17T18:48:05Z,2026-08-17T18:48:05Z,
83.236.176.109,ipv4,malicious-ip,medium,WHITE,ziyadnz/hourly-ipv4,ziyadnz|hourly,2026-08-17T18:48:05Z,2026-08-17T18:48:05Z,
83.237.72.102,ipv4,malicious-ip,medium,WHITE,ziyadnz/hourly-ipv4,ziyadnz|hourly,2026-08-17T18:48:05Z,2026-08-17T18:48:05Z,
83.239.108.218,ipv4,malicious-ip,medium,WHITE,ziyadnz/hourly-ipv4,ziyadnz|hourly,2026-08-17T18:48:05Z,2026-08-17T18:48:05Z,
83.239.117.66,ipv4,malicious-ip,medium,WHITE,ziyadnz/hourly-ipv4,ziyadnz|hourly,2026-08-17T18:48:05Z,2026-08-17T18:48:05Z,
83.239.158.174,ipv4,malicious-ip,medium,WHITE,ziyadnz/hourly-ipv4,ziyadnz|hourly,2026-08-17T18:48:05Z,2026-08-17T18:48:05Z,
83.239.53.250,ipv4,malicious-ip,medium,WHITE,ziyadnz/hourly-ipv4,ziyadnz|hourly,2026-08-17T18:48:05Z,2026-08-17T18:48:05Z,
83.239.91.252,ipv4,malicious-ip,medium,WHITE,ziyadnz/hourly-ipv4,ziyadnz|hourly,2026-08-17T18:48:05Z,2026-08-17T18:48:05Z,
83.239.99.95,ipv4,malicious-ip,medium,WHITE,ziyadnz/hourly-ipv4,ziyadnz|hourly,2026-08-17T18:48:05Z,2026-08-17T18:48:05Z,
83.242.96.159,ipv4,malicious-ip,medium,WHITE,ziyadnz/hourly-ipv4,ziyadnz|hourly,2026-08-17T18:48:05Z,2026-08-17T18:48:05Z,
83.243.212.162,ipv4,malicious-ip,medium,WHITE,ziyadnz/hourly-ipv4,ziyadnz|hourly,2026-08-17T18:48:05Z,2026-08-17T18:48:05Z,
83.244.17.119,ipv4,malicious-ip,medium,WHITE,ziyadnz/hourly-ipv4,ziyadnz|hourly,2026-08-17T18:48:05Z,2026-08-17T18:48:05Z,
83.244.6.190,ipv4,malicious-ip,medium,WHITE,ziyadnz/hourly-ipv4,ziyadnz|hourly,2026-08-17T18:48:05Z,2026-08-17T18:48:05Z,
83.246.243.19,ipv4,malicious-ip,medium,WHITE,ziyadnz/hourly-ipv4,ziyadnz|hourly,2026-08-17T18:48:05Z,2026-08-17T18:48:05Z,
83.25.82.29,ipv4,malicious-ip,medium,WHITE,ziyadnz/hourly-ipv4,ziyadnz|hourly,2026-08-17T18:48:05Z,2026-08-17T18:48:05Z,
83.250.238.244,ipv4,malicious-ip,medium,WHITE,ziyadnz/hourly-ipv4,ziyadnz|hourly,2026-08-17T18:48:05Z,2026-08-17T18:48:05Z,
83.252.42.112,ipv4,malicious-ip,medium,WHITE,ziyadnz/hourly-ipv4,ziyadnz|hourly,2026-08-17T18:48:05Z,2026-08-17T18:48:05Z,
83.254.150.56,ipv4,malicious-ip,medium,WHITE,ziyadnz/hourly-ipv4,ziyadnz|hourly,2026-08-17T18:48:05Z,2026-08-17T18:48:05Z,
83.29.138.115,ipv4,malicious-ip,medium,WHITE,ziyadnz/hourly-ipv4,ziyadnz|hourly,2026-08-17T18:48:05Z,2026-08-17T18:48:05Z,
83.3.151.42,ipv4,malicious-ip,medium,WHITE,ziyadnz/hourly-ipv4,ziyadnz|hourly,2026-08-17T18:48:05Z,2026-08-17T18:48:05Z,
83.36.80.180,ipv4,malicious-ip,medium,WHITE,ziyadnz/hourly-ipv4,ziyadnz|hourly,2026-08-17T18:48:05Z,2026-08-17T18:48:05Z,
83.43.27.146,ipv4,malicious-ip,medium,WHITE,ziyadnz/hourly-ipv4,ziyadnz|hourly,2026-08-17T18:48:05Z,2026-08-17T18:48:05Z,
83.46.109.35,ipv4,malicious-ip,medium,WHITE,ziyadnz/hourly-ipv4,ziyadnz|hourly,2026-08-17T18:48:05Z,2026-08-17T18:48:05Z,
83.46.89.229,ipv4,malicious-ip,medium,WHITE,ziyadnz/hourly-ipv4,ziyadnz|hourly,2026-08-17T18:48:05Z,2026-08-17T18:48:05Z,
83.48.121.188,ipv4,malicious-ip,medium,WHITE,ziyadnz/hourly-ipv4,ziyadnz|hourly,2026-08-17T18:48:05Z,2026-08-17T18:48:05Z,
83.48.14.79,ipv4,malicious-ip,medium,WHITE,ziyadnz/hourly-ipv4,ziyadnz|hourly,2026-08-17T18:48:05Z,2026-08-17T18:48:05Z,
83.56.209.199,ipv4,malicious-ip,medium,WHITE,ziyadnz/hourly-ipv4,ziyadnz|hourly,2026-08-17T18:48:05Z,2026-08-17T18:48:05Z,
83.56.88.119,ipv4,malicious-ip,medium,WHITE,ziyadnz/hourly-ipv4,ziyadnz|hourly,2026-08-17T18:48:05Z,2026-08-17T18:48:05Z,
83.59.212.143,ipv4,malicious-ip,medium,WHITE,ziyadnz/hourly-ipv4,ziyadnz|hourly,2026-08-17T18:48:05Z,2026-08-17T18:48:05Z,
83.60.152.68,ipv4,malicious-ip,medium,WHITE,ziyadnz/hourly-ipv4,ziyadnz|hourly,2026-08-17T18:48:05Z,2026-08-17T18:48:05Z,
83.68.248.161,ipv4,malicious-ip,medium,WHITE,ziyadnz/hourly-ipv4,ziyadnz|hourly,2026-08-17T18:48:05Z,2026-08-17T18:48:05Z,
83.68.249.16,ipv4,malicious-ip,medium,WHITE,ziyadnz/hourly-ipv4,ziyadnz|hourly,2026-08-17T18:48:05Z,2026-08-17T18:48:05Z,
83.69.18.248,ipv4,malicious-ip,medium,WHITE,ziyadnz/hourly-ipv4,ziyadnz|hourly,2026-08-17T18:48:05Z,2026-08-17T18:48:05Z,
83.69.236.128,ipv4,malicious-ip,medium,WHITE,ziyadnz/hourly-ipv4,ziyadnz|hourly,2026-08-17T18:48:05Z,2026-08-17T18:48:05Z,
83.70.249.134,ipv4,malicious-ip,medium,WHITE,ziyadnz/hourly-ipv4,ziyadnz|hourly,2026-08-17T18:48:05Z,2026-08-17T18:48:05Z,
83.78.20.58,ipv4,malicious-ip,medium,WHITE,ziyadnz/hourly-ipv4,ziyadnz|hourly,2026-08-17T18:48:05Z,2026-08-17T18:48:05Z,
83.79.157.42,ipv4,malicious-ip,medium,WHITE,ziyadnz/hourly-ipv4,ziyadnz|hourly,2026-08-17T18:48:05Z,2026-08-17T18:48:05Z,
83.83.112.125,ipv4,malicious-ip,medium,WHITE,ziyadnz/hourly-ipv4,ziyadnz|hourly,2026-08-17T18:48:05Z,2026-08-17T18:48:05Z,
83.86.159.117,ipv4,malicious-ip,medium,WHITE,ziyadnz/hourly-ipv4,ziyadnz|hourly,2026-08-17T18:48:05Z,2026-08-17T18:48:05Z,
83.86.91.203,ipv4,malicious-ip,medium,WHITE,ziyadnz/hourly-ipv4,ziyadnz|hourly,2026-08-17T18:48:05Z,2026-08-17T18:48:05Z,
83.87.58.253,ipv4,malicious-ip,medium,WHITE,ziyadnz/hourly-ipv4,ziyadnz|hourly,2026-08-17T18:48:05Z,2026-08-17T18:48:05Z,
83.97.111.116,ipv4,malicious-ip,medium,WHITE,ziyadnz/hourly-ipv4,ziyadnz|hourly,2026-08-17T18:48:05Z,2026-08-17T18:48:05Z,
83.97.20.141,ipv4,malicious-ip,medium,WHITE,ziyadnz/hourly-ipv4,ziyadnz|hourly,2026-08-17T18:48:05Z,2026-08-17T18:48:05Z,
83.97.20.150,ipv4,malicious-ip,medium,WHITE,ziyadnz/hourly-ipv4,ziyadnz|hourly,2026-08-17T18:48:05Z,2026-08-17T18:48:05Z,
83.97.20.159,ipv4,malicious-ip,medium,WHITE,ziyadnz/hourly-ipv4,ziyadnz|hourly,2026-08-17T18:48:05Z,2026-08-17T18:48:05Z,
83.97.20.77,ipv4,malicious-ip,medium,WHITE,ziyadnz/hourly-ipv4,ziyadnz|hourly,2026-08-17T18:48:05Z,2026-08-17T18:48:05Z,
83.97.24.41,ipv4,malicious-ip,medium,WHITE,ziyadnz/hourly-ipv4,ziyadnz|hourly,2026-08-17T18:48:05Z,2026-08-17T18:48:05Z,
83.97.73.245,ipv4,malicious-ip,medium,WHITE,ziyadnz/hourly-ipv4,ziyadnz|hourly,2026-08-17T18:48:05Z,2026-08-17T18:48:05Z,
83.97.73.246,ipv4,malicious-ip,medium,WHITE,ziyadnz/hourly-ipv4,ziyadnz|hourly,2026-08-17T18:48:05Z,2026-08-17T18:48:05Z,
83.97.73.87,ipv4,malicious-ip,medium,WHITE,ziyadnz/hourly-ipv4,ziyadnz|hourly,2026-08-17T18:48:05Z,2026-08-17T18:48:05Z,
83.99.195.37,ipv4,malicious-ip,medium,WHITE,ziyadnz/hourly-ipv4,ziyadnz|hourly,2026-08-17T18:48:05Z,2026-08-17T18:48:05Z,
83.99.214.60,ipv4,malicious-ip,medium,WHITE,ziyadnz/hourly-ipv4,ziyadnz|hourly,2026-08-17T18:48:05Z,2026-08-17T18:48:05Z,
83.99.224.59,ipv4,malicious-ip,medium,WHITE,ziyadnz/hourly-ipv4,ziyadnz|hourly,2026-08-17T18:48:05Z,2026-08-17T18:48:05Z,
84.1.34.242,ipv4,malicious-ip,medium,WHITE,ziyadnz/hourly-ipv4,ziyadnz|hourly,2026-08-17T18:48:05Z,2026-08-17T18:48:05Z,
84.1.34.96,ipv4,malicious-ip,medium,WHITE,ziyadnz/hourly-ipv4,ziyadnz|hourly,2026-08-17T18:48:05Z,2026-08-17T18:48:05Z,
84.105.233.69,ipv4,malicious-ip,medium,WHITE,ziyadnz/hourly-ipv4,ziyadnz|hourly,2026-08-17T18:48:05Z,2026-08-17T18:48:05Z,
84.106.173.204,ipv4,malicious-ip,medium,WHITE,ziyadnz/hourly-ipv4,ziyadnz|hourly,2026-08-17T18:48:05Z,2026-08-17T18:48:05Z,
84.107.220.16,ipv4,malicious-ip,medium,WHITE,ziyadnz/hourly-ipv4,ziyadnz|hourly,2026-08-17T18:48:05Z,2026-08-17T18:48:05Z,
84.107.86.38,ipv4,malicious-ip,medium,WHITE,ziyadnz/hourly-ipv4,ziyadnz|hourly,2026-08-17T18:48:05Z,2026-08-17T18:48:05Z,
84.108.109.90,ipv4,malicious-ip,medium,WHITE,ziyadnz/hourly-ipv4,ziyadnz|hourly,2026-08-17T18:48:05Z,2026-08-17T18:48:05Z,
84.109.13.79,ipv4,malicious-ip,medium,WHITE,ziyadnz/hourly-ipv4,ziyadnz|hourly,2026-08-17T18:48:05Z,2026-08-17T18:48:05Z,
84.110.122.27,ipv4,malicious-ip,medium,WHITE,ziyadnz/hourly-ipv4,ziyadnz|hourly,2026-08-17T18:48:05Z,2026-08-17T18:48:05Z,
84.110.47.82,ipv4,malicious-ip,medium,WHITE,ziyadnz/hourly-ipv4,ziyadnz|hourly,2026-08-17T18:48:05Z,2026-08-17T18:48:05Z,
84.110.47.83,ipv4,malicious-ip,medium,WHITE,ziyadnz/hourly-ipv4,ziyadnz|hourly,2026-08-17T18:48:05Z,2026-08-17T18:48:05Z,
84.110.47.84,ipv4,malicious-ip,medium,WHITE,ziyadnz/hourly-ipv4,ziyadnz|hourly,2026-08-17T18:48:05Z,2026-08-17T18:48:05Z,
84.110.47.85,ipv4,malicious-ip,medium,WHITE,ziyadnz/hourly-ipv4,ziyadnz|hourly,2026-08-17T18:48:05Z,2026-08-17T18:48:05Z,
84.110.47.86,ipv4,malicious-ip,medium,WHITE,ziyadnz/hourly-ipv4,ziyadnz|hourly,2026-08-17T18:48:05Z,2026-08-17T18:48:05Z,
84.115.110.48,ipv4,malicious-ip,medium,WHITE,ziyadnz/hourly-ipv4,ziyadnz|hourly,2026-08-17T18:48:05Z,2026-08-17T18:48:05Z,
84.126.78.89,ipv4,malicious-ip,medium,WHITE,ziyadnz/hourly-ipv4,ziyadnz|hourly,2026-08-17T18:48:05Z,2026-08-17T18:48:05Z,
84.127.79.137,ipv4,malicious-ip,medium,WHITE,ziyadnz/hourly-ipv4,ziyadnz|hourly,2026-08-17T18:48:05Z,2026-08-17T18:48:05Z,
84.15.188.32,ipv4,malicious-ip,medium,WHITE,ziyadnz/hourly-ipv4,ziyadnz|hourly,2026-08-17T18:48:05Z,2026-08-17T18:48:05Z,
84.15.216.62,ipv4,malicious-ip,medium,WHITE,ziyadnz/hourly-ipv4,ziyadnz|hourly,2026-08-17T18:48:05Z,2026-08-17T18:48:05Z,
84.15.218.74,ipv4,malicious-ip,medium,WHITE,ziyadnz/hourly-ipv4,ziyadnz|hourly,2026-08-17T18:48:05Z,2026-08-17T18:48:05Z,
84.15.221.106,ipv4,malicious-ip,medium,WHITE,ziyadnz/hourly-ipv4,ziyadnz|hourly,2026-08-17T18:48:05Z,2026-08-17T18:48:05Z,
84.151.174.34,ipv4,malicious-ip,medium,WHITE,ziyadnz/hourly-ipv4,ziyadnz|hourly,2026-08-17T18:48:05Z,2026-08-17T18:48:05Z,
84.16.224.227,ipv4,malicious-ip,medium,WHITE,ziyadnz/hourly-ipv4,ziyadnz|hourly,2026-08-17T18:48:05Z,2026-08-17T18:48:05Z,
84.17.41.78,ipv4,malicious-ip,medium,WHITE,ziyadnz/hourly-ipv4,ziyadnz|hourly,2026-08-17T18:48:05Z,2026-08-17T18:48:05Z,
84.17.43.81,ipv4,malicious-ip,medium,WHITE,ziyadnz/hourly-ipv4,ziyadnz|hourly,2026-08-17T18:48:05Z,2026-08-17T18:48:05Z,
84.17.58.25,ipv4,malicious-ip,medium,WHITE,ziyadnz/hourly-ipv4,ziyadnz|hourly,2026-08-17T18:48:05Z,2026-08-17T18:48:05Z,
84.17.58.8,ipv4,malicious-ip,medium,WHITE,ziyadnz/hourly-ipv4,ziyadnz|hourly,2026-08-17T18:48:05Z,2026-08-17T18:48:05Z,
84.177.235.158,ipv4,malicious-ip,medium,WHITE,ziyadnz/hourly-ipv4,ziyadnz|hourly,2026-08-17T18:48:05Z,2026-08-17T18:48:05Z,
84.19.182.20,ipv4,malicious-ip,medium,WHITE,ziyadnz/hourly-ipv4,ziyadnz|hourly,2026-08-17T18:48:05Z,2026-08-17T18:48:05Z,
84.193.128.162,ipv4,malicious-ip,medium,WHITE,ziyadnz/hourly-ipv4,ziyadnz|hourly,2026-08-17T18:48:05Z,2026-08-17T18:48:05Z,
84.20.67.98,ipv4,malicious-ip,medium,WHITE,ziyadnz/hourly-ipv4,ziyadnz|hourly,2026-08-17T18:48:05Z,2026-08-17T18:48:05Z,
84.200.125.126,ipv4,malicious-ip,medium,WHITE,ziyadnz/hourly-ipv4,ziyadnz|hourly,2026-08-17T18:48:05Z,2026-08-17T18:48:05Z,
84.200.154.105,ipv4,malicious-ip,medium,WHITE,ziyadnz/hourly-ipv4,ziyadnz|hourly,2026-08-17T18:48:05Z,2026-08-17T18:48:05Z,
84.200.154.119,ipv4,malicious-ip,medium,WHITE,ziyadnz/hourly-ipv4,ziyadnz|hourly,2026-08-17T18:48:05Z,2026-08-17T18:48:05Z,
84.200.154.47,ipv4,malicious-ip,medium,WHITE,ziyadnz/hourly-ipv4,ziyadnz|hourly,2026-08-17T18:48:05Z,2026-08-17T18:48:05Z,
84.200.17.187,ipv4,malicious-ip,medium,WHITE,ziyadnz/hourly-ipv4,ziyadnz|hourly,2026-08-17T18:48:05Z,2026-08-17T18:48:05Z,
84.200.17.240,ipv4,malicious-ip,medium,WHITE,ziyadnz/hourly-ipv4,ziyadnz|hourly,2026-08-17T18:48:05Z,2026-08-17T18:48:05Z,
84.200.205.165,ipv4,malicious-ip,medium,WHITE,ziyadnz/hourly-ipv4,ziyadnz|hourly,2026-08-17T18:48:05Z,2026-08-17T18:48:05Z,
84.200.205.233,ipv4,malicious-ip,medium,WHITE,ziyadnz/hourly-ipv4,ziyadnz|hourly,2026-08-17T18:48:05Z,2026-08-17T18:48:05Z,
84.200.24.229,ipv4,malicious-ip,medium,WHITE,ziyadnz/hourly-ipv4,ziyadnz|hourly,2026-08-17T18:48:05Z,2026-08-17T18:48:05Z,
84.200.24.41,ipv4,malicious-ip,medium,WHITE,ziyadnz/hourly-ipv4,ziyadnz|hourly,2026-08-17T18:48:05Z,2026-08-17T18:48:05Z,
84.200.77.213,ipv4,malicious-ip,medium,WHITE,ziyadnz/hourly-ipv4,ziyadnz|hourly,2026-08-17T18:48:05Z,2026-08-17T18:48:05Z,
84.200.80.252,ipv4,malicious-ip,medium,WHITE,ziyadnz/hourly-ipv4,ziyadnz|hourly,2026-08-17T18:48:05Z,2026-08-17T18:48:05Z,
84.200.80.8,ipv4,malicious-ip,medium,WHITE,ziyadnz/hourly-ipv4,ziyadnz|hourly,2026-08-17T18:48:05Z,2026-08-17T18:48:05Z,
84.200.81.239,ipv4,malicious-ip,medium,WHITE,ziyadnz/hourly-ipv4,ziyadnz|hourly,2026-08-17T18:48:05Z,2026-08-17T18:48:05Z,
84.201.141.97,ipv4,malicious-ip,medium,WHITE,ziyadnz/hourly-ipv4,ziyadnz|hourly,2026-08-17T18:48:05Z,2026-08-17T18:48:05Z,
84.201.178.160,ipv4,malicious-ip,medium,WHITE,ziyadnz/hourly-ipv4,ziyadnz|hourly,2026-08-17T18:48:05Z,2026-08-17T18:48:05Z,
84.201.4.120,ipv4,malicious-ip,medium,WHITE,ziyadnz/hourly-ipv4,ziyadnz|hourly,2026-08-17T18:48:05Z,2026-08-17T18:48:05Z,
84.209.52.11,ipv4,malicious-ip,medium,WHITE,ziyadnz/hourly-ipv4,ziyadnz|hourly,2026-08-17T18:48:05Z,2026-08-17T18:48:05Z,
84.21.189.20,ipv4,malicious-ip,medium,WHITE,ziyadnz/hourly-ipv4,ziyadnz|hourly,2026-08-17T18:48:05Z,2026-08-17T18:48:05Z,
84.21.189.244,ipv4,malicious-ip,medium,WHITE,ziyadnz/hourly-ipv4,ziyadnz|hourly,2026-08-17T18:48:05Z,2026-08-17T18:48:05Z,
84.214.103.217,ipv4,malicious-ip,medium,WHITE,ziyadnz/hourly-ipv4,ziyadnz|hourly,2026-08-17T18:48:05Z,2026-08-17T18:48:05Z,
84.217.211.200,ipv4,malicious-ip,medium,WHITE,ziyadnz/hourly-ipv4,ziyadnz|hourly,2026-08-17T18:48:05Z,2026-08-17T18:48:05Z,
84.22.141.122,ipv4,malicious-ip,medium,WHITE,ziyadnz/hourly-ipv4,ziyadnz|hourly,2026-08-17T18:48:05Z,2026-08-17T18:48:05Z,
84.22.196.62,ipv4,malicious-ip,medium,WHITE,ziyadnz/hourly-ipv4,ziyadnz|hourly,2026-08-17T18:48:05Z,2026-08-17T18:48:05Z,
84.22.57.37,ipv4,malicious-ip,medium,WHITE,ziyadnz/hourly-ipv4,ziyadnz|hourly,2026-08-17T18:48:05Z,2026-08-17T18:48:05Z,
84.22.62.247,ipv4,malicious-ip,medium,WHITE,ziyadnz/hourly-ipv4,ziyadnz|hourly,2026-08-17T18:48:05Z,2026-08-17T18:48:05Z,
84.225.111.181,ipv4,malicious-ip,medium,WHITE,ziyadnz/hourly-ipv4,ziyadnz|hourly,2026-08-17T18:48:05Z,2026-08-17T18:48:05Z,
84.225.72.114,ipv4,malicious-ip,medium,WHITE,ziyadnz/hourly-ipv4,ziyadnz|hourly,2026-08-17T18:48:05Z,2026-08-17T18:48:05Z,
84.229.150.211,ipv4,malicious-ip,medium,WHITE,ziyadnz/hourly-ipv4,ziyadnz|hourly,2026-08-17T18:48:05Z,2026-08-17T18:48:05Z,
84.233.195.149,ipv4,malicious-ip,medium,WHITE,ziyadnz/hourly-ipv4,ziyadnz|hourly,2026-08-17T18:48:05Z,2026-08-17T18:48:05Z,
84.233.195.150,ipv4,malicious-ip,medium,WHITE,ziyadnz/hourly-ipv4,ziyadnz|hourly,2026-08-17T18:48:05Z,2026-08-17T18:48:05Z,
84.233.195.151,ipv4,malicious-ip,medium,WHITE,ziyadnz/hourly-ipv4,ziyadnz|hourly,2026-08-17T18:48:05Z,2026-08-17T18:48:05Z,
84.233.195.154,ipv4,malicious-ip,medium,WHITE,ziyadnz/hourly-ipv4,ziyadnz|hourly,2026-08-17T18:48:05Z,2026-08-17T18:48:05Z,
84.233.195.155,ipv4,malicious-ip,medium,WHITE,ziyadnz/hourly-ipv4,ziyadnz|hourly,2026-08-17T18:48:05Z,2026-08-17T18:48:05Z,
84.233.195.157,ipv4,malicious-ip,medium,WHITE,ziyadnz/hourly-ipv4,ziyadnz|hourly,2026-08-17T18:48:05Z,2026-08-17T18:48:05Z,
84.233.195.158,ipv4,malicious-ip,medium,WHITE,ziyadnz/hourly-ipv4,ziyadnz|hourly,2026-08-17T18:48:05Z,2026-08-17T18:48:05Z,
84.233.195.160,ipv4,malicious-ip,medium,WHITE,ziyadnz/hourly-ipv4,ziyadnz|hourly,2026-08-17T18:48:05Z,2026-08-17T18:48:05Z,
84.233.199.143,ipv4,malicious-ip,medium,WHITE,ziyadnz/hourly-ipv4,ziyadnz|hourly,2026-08-17T18:48:05Z,2026-08-17T18:48:05Z,
84.233.199.151,ipv4,malicious-ip,medium,WHITE,ziyadnz/hourly-ipv4,ziyadnz|hourly,2026-08-17T18:48:05Z,2026-08-17T18:48:05Z,
84.233.212.20,ipv4,malicious-ip,medium,WHITE,ziyadnz/hourly-ipv4,ziyadnz|hourly,2026-08-17T18:48:05Z,2026-08-17T18:48:05Z,
84.233.212.22,ipv4,malicious-ip,medium,WHITE,ziyadnz/hourly-ipv4,ziyadnz|hourly,2026-08-17T18:48:05Z,2026-08-17T18:48:05Z,
84.233.212.41,ipv4,malicious-ip,medium,WHITE,ziyadnz/hourly-ipv4,ziyadnz|hourly,2026-08-17T18:48:05Z,2026-08-17T18:48:05Z,
84.234.125.45,ipv4,malicious-ip,medium,WHITE,ziyadnz/hourly-ipv4,ziyadnz|hourly,2026-08-17T18:48:05Z,2026-08-17T18:48:05Z,
84.234.96.104,ipv4,malicious-ip,medium,WHITE,ziyadnz/hourly-ipv4,ziyadnz|hourly,2026-08-17T18:48:05Z,2026-08-17T18:48:05Z,
84.234.96.159,ipv4,malicious-ip,medium,WHITE,ziyadnz/hourly-ipv4,ziyadnz|hourly,2026-08-17T18:48:05Z,2026-08-17T18:48:05Z,
84.234.96.31,ipv4,malicious-ip,medium,WHITE,ziyadnz/hourly-ipv4,ziyadnz|hourly,2026-08-17T18:48:05Z,2026-08-17T18:48:05Z,
84.234.99.21,ipv4,malicious-ip,medium,WHITE,ziyadnz/hourly-ipv4,ziyadnz|hourly,2026-08-17T18:48:05Z,2026-08-17T18:48:05Z,
84.235.250.94,ipv4,malicious-ip,medium,WHITE,ziyadnz/hourly-ipv4,ziyadnz|hourly,2026-08-17T18:48:05Z,2026-08-17T18:48:05Z,
84.239.42.49,ipv4,malicious-ip,medium,WHITE,ziyadnz/hourly-ipv4,ziyadnz|hourly,2026-08-17T18:48:05Z,2026-08-17T18:48:05Z,
84.239.43.45,ipv4,malicious-ip,medium,WHITE,ziyadnz/hourly-ipv4,ziyadnz|hourly,2026-08-17T18:48:05Z,2026-08-17T18:48:05Z,
84.239.46.144,ipv4,malicious-ip,medium,WHITE,ziyadnz/hourly-ipv4,ziyadnz|hourly,2026-08-17T18:48:05Z,2026-08-17T18:48:05Z,
84.240.61.103,ipv4,malicious-ip,medium,WHITE,ziyadnz/hourly-ipv4,ziyadnz|hourly,2026-08-17T18:48:05Z,2026-08-17T18:48:05Z,
84.241.11.203,ipv4,malicious-ip,medium,WHITE,ziyadnz/hourly-ipv4,ziyadnz|hourly,2026-08-17T18:48:05Z,2026-08-17T18:48:05Z,
84.241.8.23,ipv4,malicious-ip,medium,WHITE,ziyadnz/hourly-ipv4,ziyadnz|hourly,2026-08-17T18:48:05Z,2026-08-17T18:48:05Z,
84.242.41.234,ipv4,malicious-ip,medium,WHITE,ziyadnz/hourly-ipv4,ziyadnz|hourly,2026-08-17T18:48:05Z,2026-08-17T18:48:05Z,
84.245.121.225,ipv4,malicious-ip,medium,WHITE,ziyadnz/hourly-ipv4,ziyadnz|hourly,2026-08-17T18:48:05Z,2026-08-17T18:48:05Z,
84.246.209.19,ipv4,malicious-ip,medium,WHITE,ziyadnz/hourly-ipv4,ziyadnz|hourly,2026-08-17T18:48:05Z,2026-08-17T18:48:05Z,
84.246.209.31,ipv4,malicious-ip,medium,WHITE,ziyadnz/hourly-ipv4,ziyadnz|hourly,2026-08-17T18:48:05Z,2026-08-17T18:48:05Z,
84.246.85.80,ipv4,malicious-ip,medium,WHITE,ziyadnz/hourly-ipv4,ziyadnz|hourly,2026-08-17T18:48:05Z,2026-08-17T18:48:05Z,
84.246.85.83,ipv4,malicious-ip,medium,WHITE,ziyadnz/hourly-ipv4,ziyadnz|hourly,2026-08-17T18:48:05Z,2026-08-17T18:48:05Z,
84.247.134.130,ipv4,malicious-ip,medium,WHITE,ziyadnz/hourly-ipv4,ziyadnz|hourly,2026-08-17T18:48:05Z,2026-08-17T18:48:05Z,
84.247.134.22,ipv4,malicious-ip,medium,WHITE,ziyadnz/hourly-ipv4,ziyadnz|hourly,2026-08-17T18:48:05Z,2026-08-17T18:48:05Z,
84.247.144.28,ipv4,malicious-ip,medium,WHITE,ziyadnz/hourly-ipv4,ziyadnz|hourly,2026-08-17T18:48:05Z,2026-08-17T18:48:05Z,
84.247.149.248,ipv4,malicious-ip,medium,WHITE,ziyadnz/hourly-ipv4,ziyadnz|hourly,2026-08-17T18:48:05Z,2026-08-17T18:48:05Z,
84.247.153.146,ipv4,malicious-ip,medium,WHITE,ziyadnz/hourly-ipv4,ziyadnz|hourly,2026-08-17T18:48:05Z,2026-08-17T18:48:05Z,
84.247.162.143,ipv4,malicious-ip,medium,WHITE,ziyadnz/hourly-ipv4,ziyadnz|hourly,2026-08-17T18:48:05Z,2026-08-17T18:48:05Z,
84.247.167.104,ipv4,malicious-ip,medium,WHITE,ziyadnz/hourly-ipv4,ziyadnz|hourly,2026-08-17T18:48:05Z,2026-08-17T18:48:05Z,
84.247.171.9,ipv4,malicious-ip,medium,WHITE,ziyadnz/hourly-ipv4,ziyadnz|hourly,2026-08-17T18:48:05Z,2026-08-17T18:48:05Z,
84.247.180.248,ipv4,malicious-ip,medium,WHITE,ziyadnz/hourly-ipv4,ziyadnz|hourly,2026-08-17T18:48:05Z,2026-08-17T18:48:05Z,
84.247.181.144,ipv4,malicious-ip,medium,WHITE,ziyadnz/hourly-ipv4,ziyadnz|hourly,2026-08-17T18:48:05Z,2026-08-17T18:48:05Z,
84.247.183.157,ipv4,malicious-ip,medium,WHITE,ziyadnz/hourly-ipv4,ziyadnz|hourly,2026-08-17T18:48:05Z,2026-08-17T18:48:05Z,
84.247.183.9,ipv4,malicious-ip,medium,WHITE,ziyadnz/hourly-ipv4,ziyadnz|hourly,2026-08-17T18:48:05Z,2026-08-17T18:48:05Z,
84.247.185.115,ipv4,malicious-ip,medium,WHITE,ziyadnz/hourly-ipv4,ziyadnz|hourly,2026-08-17T18:48:05Z,2026-08-17T18:48:05Z,
84.247.191.195,ipv4,malicious-ip,medium,WHITE,ziyadnz/hourly-ipv4,ziyadnz|hourly,2026-08-17T18:48:05Z,2026-08-17T18:48:05Z,
84.247.20.199,ipv4,malicious-ip,medium,WHITE,ziyadnz/hourly-ipv4,ziyadnz|hourly,2026-08-17T18:48:05Z,2026-08-17T18:48:05Z,
84.247.20.228,ipv4,malicious-ip,medium,WHITE,ziyadnz/hourly-ipv4,ziyadnz|hourly,2026-08-17T18:48:05Z,2026-08-17T18:48:05Z,
84.247.51.14,ipv4,malicious-ip,medium,WHITE,ziyadnz/hourly-ipv4,ziyadnz|hourly,2026-08-17T18:48:05Z,2026-08-17T18:48:05Z,
84.247.51.18,ipv4,malicious-ip,medium,WHITE,ziyadnz/hourly-ipv4,ziyadnz|hourly,2026-08-17T18:48:05Z,2026-08-17T18:48:05Z,
84.248.90.68,ipv4,malicious-ip,medium,WHITE,ziyadnz/hourly-ipv4,ziyadnz|hourly,2026-08-17T18:48:05Z,2026-08-17T18:48:05Z,
84.252.94.184,ipv4,malicious-ip,medium,WHITE,ziyadnz/hourly-ipv4,ziyadnz|hourly,2026-08-17T18:48:05Z,2026-08-17T18:48:05Z,
84.252.94.94,ipv4,malicious-ip,medium,WHITE,ziyadnz/hourly-ipv4,ziyadnz|hourly,2026-08-17T18:48:05Z,2026-08-17T18:48:05Z,
84.254.128.64,ipv4,malicious-ip,medium,WHITE,ziyadnz/hourly-ipv4,ziyadnz|hourly,2026-08-17T18:48:05Z,2026-08-17T18:48:05Z,
84.255.184.25,ipv4,malicious-ip,medium,WHITE,ziyadnz/hourly-ipv4,ziyadnz|hourly,2026-08-17T18:48:05Z,2026-08-17T18:48:05Z,
84.26.134.135,ipv4,malicious-ip,medium,WHITE,ziyadnz/hourly-ipv4,ziyadnz|hourly,2026-08-17T18:48:05Z,2026-08-17T18:48:05Z,
84.27.14.207,ipv4,malicious-ip,medium,WHITE,ziyadnz/hourly-ipv4,ziyadnz|hourly,2026-08-17T18:48:05Z,2026-08-17T18:48:05Z,
84.27.219.156,ipv4,malicious-ip,medium,WHITE,ziyadnz/hourly-ipv4,ziyadnz|hourly,2026-08-17T18:48:05Z,2026-08-17T18:48:05Z,
84.3.57.206,ipv4,malicious-ip,medium,WHITE,ziyadnz/hourly-ipv4,ziyadnz|hourly,2026-08-17T18:48:05Z,2026-08-17T18:48:05Z,
84.32.102.230,ipv4,malicious-ip,medium,WHITE,ziyadnz/hourly-ipv4,ziyadnz|hourly,2026-08-17T18:48:05Z,2026-08-17T18:48:05Z,
84.32.188.123,ipv4,malicious-ip,medium,WHITE,ziyadnz/hourly-ipv4,ziyadnz|hourly,2026-08-17T18:48:05Z,2026-08-17T18:48:05Z,
84.32.188.23,ipv4,malicious-ip,medium,WHITE,ziyadnz/hourly-ipv4,ziyadnz|hourly,2026-08-17T18:48:05Z,2026-08-17T18:48:05Z,
84.32.188.29,ipv4,malicious-ip,medium,WHITE,ziyadnz/hourly-ipv4,ziyadnz|hourly,2026-08-17T18:48:05Z,2026-08-17T18:48:05Z,
84.32.189.74,ipv4,malicious-ip,medium,WHITE,ziyadnz/hourly-ipv4,ziyadnz|hourly,2026-08-17T18:48:05Z,2026-08-17T18:48:05Z,
84.32.190.37,ipv4,malicious-ip,medium,WHITE,ziyadnz/hourly-ipv4,ziyadnz|hourly,2026-08-17T18:48:05Z,2026-08-17T18:48:05Z,
84.32.231.233,ipv4,malicious-ip,medium,WHITE,ziyadnz/hourly-ipv4,ziyadnz|hourly,2026-08-17T18:48:05Z,2026-08-17T18:48:05Z,
84.32.231.241,ipv4,malicious-ip,medium,WHITE,ziyadnz/hourly-ipv4,ziyadnz|hourly,2026-08-17T18:48:05Z,2026-08-17T18:48:05Z,
84.32.41.163,ipv4,malicious-ip,medium,WHITE,ziyadnz/hourly-ipv4,ziyadnz|hourly,2026-08-17T18:48:05Z,2026-08-17T18:48:05Z,
84.32.97.169,ipv4,malicious-ip,medium,WHITE,ziyadnz/hourly-ipv4,ziyadnz|hourly,2026-08-17T18:48:05Z,2026-08-17T18:48:05Z,
84.38.129.122,ipv4,malicious-ip,medium,WHITE,ziyadnz/hourly-ipv4,ziyadnz|hourly,2026-08-17T18:48:05Z,2026-08-17T18:48:05Z,
84.38.130.226,ipv4,malicious-ip,medium,WHITE,ziyadnz/hourly-ipv4,ziyadnz|hourly,2026-08-17T18:48:05Z,2026-08-17T18:48:05Z,
84.38.132.39,ipv4,malicious-ip,medium,WHITE,ziyadnz/hourly-ipv4,ziyadnz|hourly,2026-08-17T18:48:05Z,2026-08-17T18:48:05Z,
84.38.132.67,ipv4,malicious-ip,medium,WHITE,ziyadnz/hourly-ipv4,ziyadnz|hourly,2026-08-17T18:48:05Z,2026-08-17T18:48:05Z,
84.38.133.116,ipv4,malicious-ip,medium,WHITE,ziyadnz/hourly-ipv4,ziyadnz|hourly,2026-08-17T18:48:05Z,2026-08-17T18:48:05Z,
84.38.134.56,ipv4,malicious-ip,medium,WHITE,ziyadnz/hourly-ipv4,ziyadnz|hourly,2026-08-17T18:48:05Z,2026-08-17T18:48:05Z,
84.42.6.118,ipv4,malicious-ip,medium,WHITE,ziyadnz/hourly-ipv4,ziyadnz|hourly,2026-08-17T18:48:05Z,2026-08-17T18:48:05Z,
84.42.74.213,ipv4,malicious-ip,medium,WHITE,ziyadnz/hourly-ipv4,ziyadnz|hourly,2026-08-17T18:48:05Z,2026-08-17T18:48:05Z,
84.43.136.80,ipv4,malicious-ip,medium,WHITE,ziyadnz/hourly-ipv4,ziyadnz|hourly,2026-08-17T18:48:05Z,2026-08-17T18:48:05Z,
84.46.247.185,ipv4,malicious-ip,medium,WHITE,ziyadnz/hourly-ipv4,ziyadnz|hourly,2026-08-17T18:48:05Z,2026-08-17T18:48:05Z,
84.46.251.62,ipv4,malicious-ip,medium,WHITE,ziyadnz/hourly-ipv4,ziyadnz|hourly,2026-08-17T18:48:05Z,2026-08-17T18:48:05Z,
84.49.129.193,ipv4,malicious-ip,medium,WHITE,ziyadnz/hourly-ipv4,ziyadnz|hourly,2026-08-17T18:48:05Z,2026-08-17T18:48:05Z,
84.5.129.68,ipv4,malicious-ip,medium,WHITE,ziyadnz/hourly-ipv4,ziyadnz|hourly,2026-08-17T18:48:05Z,2026-08-17T18:48:05Z,
84.50.206.13,ipv4,malicious-ip,medium,WHITE,ziyadnz/hourly-ipv4,ziyadnz|hourly,2026-08-17T18:48:05Z,2026-08-17T18:48:05Z,
84.51.42.120,ipv4,malicious-ip,medium,WHITE,ziyadnz/hourly-ipv4,ziyadnz|hourly,2026-08-17T18:48:05Z,2026-08-17T18:48:05Z,
84.53.221.6,ipv4,malicious-ip,medium,WHITE,ziyadnz/hourly-ipv4,ziyadnz|hourly,2026-08-17T18:48:05Z,2026-08-17T18:48:05Z,
84.53.242.172,ipv4,malicious-ip,medium,WHITE,ziyadnz/hourly-ipv4,ziyadnz|hourly,2026-08-17T18:48:05Z,2026-08-17T18:48:05Z,
84.53.244.67,ipv4,malicious-ip,medium,WHITE,ziyadnz/hourly-ipv4,ziyadnz|hourly,2026-08-17T18:48:05Z,2026-08-17T18:48:05Z,
84.54.28.157,ipv4,malicious-ip,medium,WHITE,ziyadnz/hourly-ipv4,ziyadnz|hourly,2026-08-17T18:48:05Z,2026-08-17T18:48:05Z,
84.54.37.191,ipv4,malicious-ip,medium,WHITE,ziyadnz/hourly-ipv4,ziyadnz|hourly,2026-08-17T18:48:05Z,2026-08-17T18:48:05Z,
84.54.44.204,ipv4,malicious-ip,medium,WHITE,ziyadnz/hourly-ipv4,ziyadnz|hourly,2026-08-17T18:48:05Z,2026-08-17T18:48:05Z,
84.54.47.93,ipv4,malicious-ip,medium,WHITE,ziyadnz/hourly-ipv4,ziyadnz|hourly,2026-08-17T18:48:05Z,2026-08-17T18:48:05Z,
84.54.50.170,ipv4,malicious-ip,medium,WHITE,ziyadnz/hourly-ipv4,ziyadnz|hourly,2026-08-17T18:48:05Z,2026-08-17T18:48:05Z,
84.54.51.29,ipv4,malicious-ip,medium,WHITE,ziyadnz/hourly-ipv4,ziyadnz|hourly,2026-08-17T18:48:05Z,2026-08-17T18:48:05Z,
84.54.52.194,ipv4,malicious-ip,medium,WHITE,ziyadnz/hourly-ipv4,ziyadnz|hourly,2026-08-17T18:48:05Z,2026-08-17T18:48:05Z,
84.54.70.0,ipv4,malicious-ip,medium,WHITE,ziyadnz/hourly-ipv4,ziyadnz|hourly,2026-08-17T18:48:05Z,2026-08-17T18:48:05Z,
84.54.70.10,ipv4,malicious-ip,medium,WHITE,ziyadnz/hourly-ipv4,ziyadnz|hourly,2026-08-17T18:48:05Z,2026-08-17T18:48:05Z,
84.54.70.119,ipv4,malicious-ip,medium,WHITE,ziyadnz/hourly-ipv4,ziyadnz|hourly,2026-08-17T18:48:05Z,2026-08-17T18:48:05Z,
84.54.70.123,ipv4,malicious-ip,medium,WHITE,ziyadnz/hourly-ipv4,ziyadnz|hourly,2026-08-17T18:48:05Z,2026-08-17T18:48:05Z,
84.54.70.15,ipv4,malicious-ip,medium,WHITE,ziyadnz/hourly-ipv4,ziyadnz|hourly,2026-08-17T18:48:05Z,2026-08-17T18:48:05Z,
84.54.70.16,ipv4,malicious-ip,medium,WHITE,ziyadnz/hourly-ipv4,ziyadnz|hourly,2026-08-17T18:48:05Z,2026-08-17T18:48:05Z,
84.54.70.20,ipv4,malicious-ip,medium,WHITE,ziyadnz/hourly-ipv4,ziyadnz|hourly,2026-08-17T18:48:05Z,2026-08-17T18:48:05Z,
84.54.70.221,ipv4,malicious-ip,medium,WHITE,ziyadnz/hourly-ipv4,ziyadnz|hourly,2026-08-17T18:48:05Z,2026-08-17T18:48:05Z,
84.54.70.25,ipv4,malicious-ip,medium,WHITE,ziyadnz/hourly-ipv4,ziyadnz|hourly,2026-08-17T18:48:05Z,2026-08-17T18:48:05Z,
84.54.70.3,ipv4,malicious-ip,medium,WHITE,ziyadnz/hourly-ipv4,ziyadnz|hourly,2026-08-17T18:48:05Z,2026-08-17T18:48:05Z,
84.54.70.35,ipv4,malicious-ip,medium,WHITE,ziyadnz/hourly-ipv4,ziyadnz|hourly,2026-08-17T18:48:05Z,2026-08-17T18:48:05Z,
84.54.70.38,ipv4,malicious-ip,medium,WHITE,ziyadnz/hourly-ipv4,ziyadnz|hourly,2026-08-17T18:48:05Z,2026-08-17T18:48:05Z,
84.54.70.42,ipv4,malicious-ip,medium,WHITE,ziyadnz/hourly-ipv4,ziyadnz|hourly,2026-08-17T18:48:05Z,2026-08-17T18:48:05Z,
84.54.70.43,ipv4,malicious-ip,medium,WHITE,ziyadnz/hourly-ipv4,ziyadnz|hourly,2026-08-17T18:48:05Z,2026-08-17T18:48:05Z,
84.54.70.48,ipv4,malicious-ip,medium,WHITE,ziyadnz/hourly-ipv4,ziyadnz|hourly,2026-08-17T18:48:05Z,2026-08-17T18:48:05Z,
84.54.70.60,ipv4,malicious-ip,medium,WHITE,ziyadnz/hourly-ipv4,ziyadnz|hourly,2026-08-17T18:48:05Z,2026-08-17T18:48:05Z,
84.54.70.68,ipv4,malicious-ip,medium,WHITE,ziyadnz/hourly-ipv4,ziyadnz|hourly,2026-08-17T18:48:05Z,2026-08-17T18:48:05Z,
84.54.70.74,ipv4,malicious-ip,medium,WHITE,ziyadnz/hourly-ipv4,ziyadnz|hourly,2026-08-17T18:48:05Z,2026-08-17T18:48:05Z,
84.54.70.79,ipv4,malicious-ip,medium,WHITE,ziyadnz/hourly-ipv4,ziyadnz|hourly,2026-08-17T18:48:05Z,2026-08-17T18:48:05Z,
84.54.70.8,ipv4,malicious-ip,medium,WHITE,ziyadnz/hourly-ipv4,ziyadnz|hourly,2026-08-17T18:48:05Z,2026-08-17T18:48:05Z,
84.54.70.83,ipv4,malicious-ip,medium,WHITE,ziyadnz/hourly-ipv4,ziyadnz|hourly,2026-08-17T18:48:05Z,2026-08-17T18:48:05Z,
84.54.70.88,ipv4,malicious-ip,medium,WHITE,ziyadnz/hourly-ipv4,ziyadnz|hourly,2026-08-17T18:48:05Z,2026-08-17T18:48:05Z,
84.54.71.0,ipv4,malicious-ip,medium,WHITE,ziyadnz/hourly-ipv4,ziyadnz|hourly,2026-08-17T18:48:05Z,2026-08-17T18:48:05Z,
84.54.71.151,ipv4,malicious-ip,medium,WHITE,ziyadnz/hourly-ipv4,ziyadnz|hourly,2026-08-17T18:48:05Z,2026-08-17T18:48:05Z,
84.54.71.20,ipv4,malicious-ip,medium,WHITE,ziyadnz/hourly-ipv4,ziyadnz|hourly,2026-08-17T18:48:05Z,2026-08-17T18:48:05Z,
84.54.71.200,ipv4,malicious-ip,medium,WHITE,ziyadnz/hourly-ipv4,ziyadnz|hourly,2026-08-17T18:48:05Z,2026-08-17T18:48:05Z,
84.54.71.227,ipv4,malicious-ip,medium,WHITE,ziyadnz/hourly-ipv4,ziyadnz|hourly,2026-08-17T18:48:05Z,2026-08-17T18:48:05Z,
84.54.71.251,ipv4,malicious-ip,medium,WHITE,ziyadnz/hourly-ipv4,ziyadnz|hourly,2026-08-17T18:48:05Z,2026-08-17T18:48:05Z,
84.54.71.4,ipv4,malicious-ip,medium,WHITE,ziyadnz/hourly-ipv4,ziyadnz|hourly,2026-08-17T18:48:05Z,2026-08-17T18:48:05Z,
84.54.71.47,ipv4,malicious-ip,medium,WHITE,ziyadnz/hourly-ipv4,ziyadnz|hourly,2026-08-17T18:48:05Z,2026-08-17T18:48:05Z,
84.54.71.55,ipv4,malicious-ip,medium,WHITE,ziyadnz/hourly-ipv4,ziyadnz|hourly,2026-08-17T18:48:05Z,2026-08-17T18:48:05Z,
84.54.71.58,ipv4,malicious-ip,medium,WHITE,ziyadnz/hourly-ipv4,ziyadnz|hourly,2026-08-17T18:48:05Z,2026-08-17T18:48:05Z,
84.54.72.0,ipv4,malicious-ip,medium,WHITE,ziyadnz/hourly-ipv4,ziyadnz|hourly,2026-08-17T18:48:05Z,2026-08-17T18:48:05Z,
84.54.72.19,ipv4,malicious-ip,medium,WHITE,ziyadnz/hourly-ipv4,ziyadnz|hourly,2026-08-17T18:48:05Z,2026-08-17T18:48:05Z,
84.54.72.202,ipv4,malicious-ip,medium,WHITE,ziyadnz/hourly-ipv4,ziyadnz|hourly,2026-08-17T18:48:05Z,2026-08-17T18:48:05Z,
84.54.72.22,ipv4,malicious-ip,medium,WHITE,ziyadnz/hourly-ipv4,ziyadnz|hourly,2026-08-17T18:48:05Z,2026-08-17T18:48:05Z,
84.54.72.36,ipv4,malicious-ip,medium,WHITE,ziyadnz/hourly-ipv4,ziyadnz|hourly,2026-08-17T18:48:05Z,2026-08-17T18:48:05Z,
84.54.72.5,ipv4,malicious-ip,medium,WHITE,ziyadnz/hourly-ipv4,ziyadnz|hourly,2026-08-17T18:48:05Z,2026-08-17T18:48:05Z,
84.54.72.52,ipv4,malicious-ip,medium,WHITE,ziyadnz/hourly-ipv4,ziyadnz|hourly,2026-08-17T18:48:05Z,2026-08-17T18:48:05Z,
84.54.72.64,ipv4,malicious-ip,medium,WHITE,ziyadnz/hourly-ipv4,ziyadnz|hourly,2026-08-17T18:48:05Z,2026-08-17T18:48:05Z,
84.54.72.65,ipv4,malicious-ip,medium,WHITE,ziyadnz/hourly-ipv4,ziyadnz|hourly,2026-08-17T18:48:05Z,2026-08-17T18:48:05Z,
84.54.72.68,ipv4,malicious-ip,medium,WHITE,ziyadnz/hourly-ipv4,ziyadnz|hourly,2026-08-17T18:48:05Z,2026-08-17T18:48:05Z,
84.54.72.81,ipv4,malicious-ip,medium,WHITE,ziyadnz/hourly-ipv4,ziyadnz|hourly,2026-08-17T18:48:05Z,2026-08-17T18:48:05Z,
84.54.73.0,ipv4,malicious-ip,medium,WHITE,ziyadnz/hourly-ipv4,ziyadnz|hourly,2026-08-17T18:48:05Z,2026-08-17T18:48:05Z,
84.54.73.12,ipv4,malicious-ip,medium,WHITE,ziyadnz/hourly-ipv4,ziyadnz|hourly,2026-08-17T18:48:05Z,2026-08-17T18:48:05Z,
84.54.73.203,ipv4,malicious-ip,medium,WHITE,ziyadnz/hourly-ipv4,ziyadnz|hourly,2026-08-17T18:48:05Z,2026-08-17T18:48:05Z,
84.54.73.22,ipv4,malicious-ip,medium,WHITE,ziyadnz/hourly-ipv4,ziyadnz|hourly,2026-08-17T18:48:05Z,2026-08-17T18:48:05Z,
84.54.73.234,ipv4,malicious-ip,medium,WHITE,ziyadnz/hourly-ipv4,ziyadnz|hourly,2026-08-17T18:48:05Z,2026-08-17T18:48:05Z,
84.54.73.39,ipv4,malicious-ip,medium,WHITE,ziyadnz/hourly-ipv4,ziyadnz|hourly,2026-08-17T18:48:05Z,2026-08-17T18:48:05Z,
84.54.73.40,ipv4,malicious-ip,medium,WHITE,ziyadnz/hourly-ipv4,ziyadnz|hourly,2026-08-17T18:48:05Z,2026-08-17T18:48:05Z,
84.54.73.60,ipv4,malicious-ip,medium,WHITE,ziyadnz/hourly-ipv4,ziyadnz|hourly,2026-08-17T18:48:05Z,2026-08-17T18:48:05Z,
84.54.73.89,ipv4,malicious-ip,medium,WHITE,ziyadnz/hourly-ipv4,ziyadnz|hourly,2026-08-17T18:48:05Z,2026-08-17T18:48:05Z,
84.54.73.90,ipv4,malicious-ip,medium,WHITE,ziyadnz/hourly-ipv4,ziyadnz|hourly,2026-08-17T18:48:05Z,2026-08-17T18:48:05Z,
84.54.94.28,ipv4,malicious-ip,medium,WHITE,ziyadnz/hourly-ipv4,ziyadnz|hourly,2026-08-17T18:48:05Z,2026-08-17T18:48:05Z,
84.65.141.64,ipv4,malicious-ip,medium,WHITE,ziyadnz/hourly-ipv4,ziyadnz|hourly,2026-08-17T18:48:05Z,2026-08-17T18:48:05Z,
84.70.82.236,ipv4,malicious-ip,medium,WHITE,ziyadnz/hourly-ipv4,ziyadnz|hourly,2026-08-17T18:48:05Z,2026-08-17T18:48:05Z,
84.72.235.18,ipv4,malicious-ip,medium,WHITE,ziyadnz/hourly-ipv4,ziyadnz|hourly,2026-08-17T18:48:05Z,2026-08-17T18:48:05Z,
84.74.163.210,ipv4,malicious-ip,medium,WHITE,ziyadnz/hourly-ipv4,ziyadnz|hourly,2026-08-17T18:48:05Z,2026-08-17T18:48:05Z,
84.8.104.116,ipv4,malicious-ip,medium,WHITE,ziyadnz/hourly-ipv4,ziyadnz|hourly,2026-08-17T18:48:05Z,2026-08-17T18:48:05Z,
84.8.106.109,ipv4,malicious-ip,medium,WHITE,ziyadnz/hourly-ipv4,ziyadnz|hourly,2026-08-17T18:48:05Z,2026-08-17T18:48:05Z,
84.8.121.188,ipv4,malicious-ip,medium,WHITE,ziyadnz/hourly-ipv4,ziyadnz|hourly,2026-08-17T18:48:05Z,2026-08-17T18:48:05Z,
84.86.161.247,ipv4,malicious-ip,medium,WHITE,ziyadnz/hourly-ipv4,ziyadnz|hourly,2026-08-17T18:48:05Z,2026-08-17T18:48:05Z,
85.101.11.63,ipv4,malicious-ip,medium,WHITE,ziyadnz/hourly-ipv4,ziyadnz|hourly,2026-08-17T18:48:05Z,2026-08-17T18:48:05Z,
85.104.10.220,ipv4,malicious-ip,medium,WHITE,ziyadnz/hourly-ipv4,ziyadnz|hourly,2026-08-17T18:48:05Z,2026-08-17T18:48:05Z,
85.104.115.124,ipv4,malicious-ip,medium,WHITE,ziyadnz/hourly-ipv4,ziyadnz|hourly,2026-08-17T18:48:05Z,2026-08-17T18:48:05Z,
85.105.105.115,ipv4,malicious-ip,medium,WHITE,ziyadnz/hourly-ipv4,ziyadnz|hourly,2026-08-17T18:48:05Z,2026-08-17T18:48:05Z,
85.105.136.134,ipv4,malicious-ip,medium,WHITE,ziyadnz/hourly-ipv4,ziyadnz|hourly,2026-08-17T18:48:05Z,2026-08-17T18:48:05Z,
85.105.140.31,ipv4,malicious-ip,medium,WHITE,ziyadnz/hourly-ipv4,ziyadnz|hourly,2026-08-17T18:48:05Z,2026-08-17T18:48:05Z,
85.105.186.117,ipv4,malicious-ip,medium,WHITE,ziyadnz/hourly-ipv4,ziyadnz|hourly,2026-08-17T18:48:05Z,2026-08-17T18:48:05Z,
85.105.197.216,ipv4,malicious-ip,medium,WHITE,ziyadnz/hourly-ipv4,ziyadnz|hourly,2026-08-17T18:48:05Z,2026-08-17T18:48:05Z,
85.105.217.158,ipv4,malicious-ip,medium,WHITE,ziyadnz/hourly-ipv4,ziyadnz|hourly,2026-08-17T18:48:05Z,2026-08-17T18:48:05Z,
85.105.24.58,ipv4,malicious-ip,medium,WHITE,ziyadnz/hourly-ipv4,ziyadnz|hourly,2026-08-17T18:48:05Z,2026-08-17T18:48:05Z,
85.105.248.25,ipv4,malicious-ip,medium,WHITE,ziyadnz/hourly-ipv4,ziyadnz|hourly,2026-08-17T18:48:05Z,2026-08-17T18:48:05Z,
85.105.250.114,ipv4,malicious-ip,medium,WHITE,ziyadnz/hourly-ipv4,ziyadnz|hourly,2026-08-17T18:48:05Z,2026-08-17T18:48:05Z,
85.105.46.199,ipv4,malicious-ip,medium,WHITE,ziyadnz/hourly-ipv4,ziyadnz|hourly,2026-08-17T18:48:05Z,2026-08-17T18:48:05Z,
85.105.48.160,ipv4,malicious-ip,medium,WHITE,ziyadnz/hourly-ipv4,ziyadnz|hourly,2026-08-17T18:48:05Z,2026-08-17T18:48:05Z,
85.105.56.108,ipv4,malicious-ip,medium,WHITE,ziyadnz/hourly-ipv4,ziyadnz|hourly,2026-08-17T18:48:05Z,2026-08-17T18:48:05Z,
85.106.1.227,ipv4,malicious-ip,medium,WHITE,ziyadnz/hourly-ipv4,ziyadnz|hourly,2026-08-17T18:48:05Z,2026-08-17T18:48:05Z,
85.106.105.54,ipv4,malicious-ip,medium,WHITE,ziyadnz/hourly-ipv4,ziyadnz|hourly,2026-08-17T18:48:05Z,2026-08-17T18:48:05Z,
85.106.203.106,ipv4,malicious-ip,medium,WHITE,ziyadnz/hourly-ipv4,ziyadnz|hourly,2026-08-17T18:48:05Z,2026-08-17T18:48:05Z,
85.108.117.199,ipv4,malicious-ip,medium,WHITE,ziyadnz/hourly-ipv4,ziyadnz|hourly,2026-08-17T18:48:05Z,2026-08-17T18:48:05Z,
85.108.134.185,ipv4,malicious-ip,medium,WHITE,ziyadnz/hourly-ipv4,ziyadnz|hourly,2026-08-17T18:48:05Z,2026-08-17T18:48:05Z,
85.109.207.89,ipv4,malicious-ip,medium,WHITE,ziyadnz/hourly-ipv4,ziyadnz|hourly,2026-08-17T18:48:05Z,2026-08-17T18:48:05Z,
85.11.167.0,ipv4,malicious-ip,medium,WHITE,ziyadnz/hourly-ipv4,ziyadnz|hourly,2026-08-17T18:48:05Z,2026-08-17T18:48:05Z,
85.11.167.101,ipv4,malicious-ip,medium,WHITE,ziyadnz/hourly-ipv4,ziyadnz|hourly,2026-08-17T18:48:05Z,2026-08-17T18:48:05Z,
85.11.167.109,ipv4,malicious-ip,medium,WHITE,ziyadnz/hourly-ipv4,ziyadnz|hourly,2026-08-17T18:48:05Z,2026-08-17T18:48:05Z,
85.11.167.118,ipv4,malicious-ip,medium,WHITE,ziyadnz/hourly-ipv4,ziyadnz|hourly,2026-08-17T18:48:05Z,2026-08-17T18:48:05Z,
85.11.167.121,ipv4,malicious-ip,medium,WHITE,ziyadnz/hourly-ipv4,ziyadnz|hourly,2026-08-17T18:48:05Z,2026-08-17T18:48:05Z,
85.11.167.183,ipv4,malicious-ip,medium,WHITE,ziyadnz/hourly-ipv4,ziyadnz|hourly,2026-08-17T18:48:05Z,2026-08-17T18:48:05Z,
85.11.167.185,ipv4,malicious-ip,medium,WHITE,ziyadnz/hourly-ipv4,ziyadnz|hourly,2026-08-17T18:48:05Z,2026-08-17T18:48:05Z,
85.11.167.19,ipv4,malicious-ip,medium,WHITE,ziyadnz/hourly-ipv4,ziyadnz|hourly,2026-08-17T18:48:05Z,2026-08-17T18:48:05Z,
85.11.167.191,ipv4,malicious-ip,medium,WHITE,ziyadnz/hourly-ipv4,ziyadnz|hourly,2026-08-17T18:48:05Z,2026-08-17T18:48:05Z,
85.11.167.201,ipv4,malicious-ip,medium,WHITE,ziyadnz/hourly-ipv4,ziyadnz|hourly,2026-08-17T18:48:05Z,2026-08-17T18:48:05Z,
85.11.167.203,ipv4,malicious-ip,medium,WHITE,ziyadnz/hourly-ipv4,ziyadnz|hourly,2026-08-17T18:48:05Z,2026-08-17T18:48:05Z,
85.11.167.220,ipv4,malicious-ip,medium,WHITE,ziyadnz/hourly-ipv4,ziyadnz|hourly,2026-08-17T18:48:05Z,2026-08-17T18:48:05Z,
85.11.167.224,ipv4,malicious-ip,medium,WHITE,ziyadnz/hourly-ipv4,ziyadnz|hourly,2026-08-17T18:48:05Z,2026-08-17T18:48:05Z,
85.11.167.237,ipv4,malicious-ip,medium,WHITE,ziyadnz/hourly-ipv4,ziyadnz|hourly,2026-08-17T18:48:05Z,2026-08-17T18:48:05Z,
85.11.167.250,ipv4,malicious-ip,medium,WHITE,ziyadnz/hourly-ipv4,ziyadnz|hourly,2026-08-17T18:48:05Z,2026-08-17T18:48:05Z,
85.11.167.46,ipv4,malicious-ip,medium,WHITE,ziyadnz/hourly-ipv4,ziyadnz|hourly,2026-08-17T18:48:05Z,2026-08-17T18:48:05Z,
85.11.167.62,ipv4,malicious-ip,medium,WHITE,ziyadnz/hourly-ipv4,ziyadnz|hourly,2026-08-17T18:48:05Z,2026-08-17T18:48:05Z,
85.11.167.7,ipv4,malicious-ip,medium,WHITE,ziyadnz/hourly-ipv4,ziyadnz|hourly,2026-08-17T18:48:05Z,2026-08-17T18:48:05Z,
85.11.167.74,ipv4,malicious-ip,medium,WHITE,ziyadnz/hourly-ipv4,ziyadnz|hourly,2026-08-17T18:48:05Z,2026-08-17T18:48:05Z,
85.11.187.64,ipv4,malicious-ip,medium,WHITE,ziyadnz/hourly-ipv4,ziyadnz|hourly,2026-08-17T18:48:05Z,2026-08-17T18:48:05Z,
85.11.187.8,ipv4,malicious-ip,medium,WHITE,ziyadnz/hourly-ipv4,ziyadnz|hourly,2026-08-17T18:48:05Z,2026-08-17T18:48:05Z,
85.111.68.99,ipv4,malicious-ip,medium,WHITE,ziyadnz/hourly-ipv4,ziyadnz|hourly,2026-08-17T18:48:05Z,2026-08-17T18:48:05Z,
85.112.90.154,ipv4,malicious-ip,medium,WHITE,ziyadnz/hourly-ipv4,ziyadnz|hourly,2026-08-17T18:48:05Z,2026-08-17T18:48:05Z,
85.113.197.20,ipv4,malicious-ip,medium,WHITE,ziyadnz/hourly-ipv4,ziyadnz|hourly,2026-08-17T18:48:05Z,2026-08-17T18:48:05Z,
85.113.25.101,ipv4,malicious-ip,medium,WHITE,ziyadnz/hourly-ipv4,ziyadnz|hourly,2026-08-17T18:48:05Z,2026-08-17T18:48:05Z,
85.114.102.58,ipv4,malicious-ip,medium,WHITE,ziyadnz/hourly-ipv4,ziyadnz|hourly,2026-08-17T18:48:05Z,2026-08-17T18:48:05Z,
85.114.220.43,ipv4,malicious-ip,medium,WHITE,ziyadnz/hourly-ipv4,ziyadnz|hourly,2026-08-17T18:48:05Z,2026-08-17T18:48:05Z,
85.116.125.191,ipv4,malicious-ip,medium,WHITE,ziyadnz/hourly-ipv4,ziyadnz|hourly,2026-08-17T18:48:05Z,2026-08-17T18:48:05Z,
85.117.58.67,ipv4,malicious-ip,medium,WHITE,ziyadnz/hourly-ipv4,ziyadnz|hourly,2026-08-17T18:48:05Z,2026-08-17T18:48:05Z,
85.12.196.145,ipv4,malicious-ip,medium,WHITE,ziyadnz/hourly-ipv4,ziyadnz|hourly,2026-08-17T18:48:05Z,2026-08-17T18:48:05Z,
85.12.237.201,ipv4,malicious-ip,medium,WHITE,ziyadnz/hourly-ipv4,ziyadnz|hourly,2026-08-17T18:48:05Z,2026-08-17T18:48:05Z,
85.12.248.68,ipv4,malicious-ip,medium,WHITE,ziyadnz/hourly-ipv4,ziyadnz|hourly,2026-08-17T18:48:05Z,2026-08-17T18:48:05Z,
85.12.4.135,ipv4,malicious-ip,medium,WHITE,ziyadnz/hourly-ipv4,ziyadnz|hourly,2026-08-17T18:48:05Z,2026-08-17T18:48:05Z,
85.120.229.121,ipv4,malicious-ip,medium,WHITE,ziyadnz/hourly-ipv4,ziyadnz|hourly,2026-08-17T18:48:05Z,2026-08-17T18:48:05Z,
85.120.229.88,ipv4,malicious-ip,medium,WHITE,ziyadnz/hourly-ipv4,ziyadnz|hourly,2026-08-17T18:48:05Z,2026-08-17T18:48:05Z,
85.121.148.198,ipv4,malicious-ip,medium,WHITE,ziyadnz/hourly-ipv4,ziyadnz|hourly,2026-08-17T18:48:05Z,2026-08-17T18:48:05Z,
85.121.176.239,ipv4,malicious-ip,medium,WHITE,ziyadnz/hourly-ipv4,ziyadnz|hourly,2026-08-17T18:48:05Z,2026-08-17T18:48:05Z,
85.121.193.204,ipv4,malicious-ip,medium,WHITE,ziyadnz/hourly-ipv4,ziyadnz|hourly,2026-08-17T18:48:05Z,2026-08-17T18:48:05Z,
85.121.208.229,ipv4,malicious-ip,medium,WHITE,ziyadnz/hourly-ipv4,ziyadnz|hourly,2026-08-17T18:48:05Z,2026-08-17T18:48:05Z,
85.121.48.131,ipv4,malicious-ip,medium,WHITE,ziyadnz/hourly-ipv4,ziyadnz|hourly,2026-08-17T18:48:05Z,2026-08-17T18:48:05Z,
85.121.48.170,ipv4,malicious-ip,medium,WHITE,ziyadnz/hourly-ipv4,ziyadnz|hourly,2026-08-17T18:48:05Z,2026-08-17T18:48:05Z,
85.121.48.89,ipv4,malicious-ip,medium,WHITE,ziyadnz/hourly-ipv4,ziyadnz|hourly,2026-08-17T18:48:05Z,2026-08-17T18:48:05Z,
85.121.49.74,ipv4,malicious-ip,medium,WHITE,ziyadnz/hourly-ipv4,ziyadnz|hourly,2026-08-17T18:48:05Z,2026-08-17T18:48:05Z,
85.121.55.170,ipv4,malicious-ip,medium,WHITE,ziyadnz/hourly-ipv4,ziyadnz|hourly,2026-08-17T18:48:05Z,2026-08-17T18:48:05Z,
85.122.114.146,ipv4,malicious-ip,medium,WHITE,ziyadnz/hourly-ipv4,ziyadnz|hourly,2026-08-17T18:48:05Z,2026-08-17T18:48:05Z,
85.124.207.102,ipv4,malicious-ip,medium,WHITE,ziyadnz/hourly-ipv4,ziyadnz|hourly,2026-08-17T18:48:05Z,2026-08-17T18:48:05Z,
85.128.143.124,ipv4,malicious-ip,medium,WHITE,ziyadnz/hourly-ipv4,ziyadnz|hourly,2026-08-17T18:48:05Z,2026-08-17T18:48:05Z,
85.130.237.235,ipv4,malicious-ip,medium,WHITE,ziyadnz/hourly-ipv4,ziyadnz|hourly,2026-08-17T18:48:05Z,2026-08-17T18:48:05Z,
85.131.249.111,ipv4,malicious-ip,medium,WHITE,ziyadnz/hourly-ipv4,ziyadnz|hourly,2026-08-17T18:48:05Z,2026-08-17T18:48:05Z,
85.132.108.42,ipv4,malicious-ip,medium,WHITE,ziyadnz/hourly-ipv4,ziyadnz|hourly,2026-08-17T18:48:05Z,2026-08-17T18:48:05Z,
85.132.110.154,ipv4,malicious-ip,medium,WHITE,ziyadnz/hourly-ipv4,ziyadnz|hourly,2026-08-17T18:48:05Z,2026-08-17T18:48:05Z,
85.132.13.114,ipv4,malicious-ip,medium,WHITE,ziyadnz/hourly-ipv4,ziyadnz|hourly,2026-08-17T18:48:05Z,2026-08-17T18:48:05Z,
85.132.42.218,ipv4,malicious-ip,medium,WHITE,ziyadnz/hourly-ipv4,ziyadnz|hourly,2026-08-17T18:48:05Z,2026-08-17T18:48:05Z,
85.132.9.210,ipv4,malicious-ip,medium,WHITE,ziyadnz/hourly-ipv4,ziyadnz|hourly,2026-08-17T18:48:05Z,2026-08-17T18:48:05Z,
85.133.145.253,ipv4,malicious-ip,medium,WHITE,ziyadnz/hourly-ipv4,ziyadnz|hourly,2026-08-17T18:48:05Z,2026-08-17T18:48:05Z,
85.133.169.67,ipv4,malicious-ip,medium,WHITE,ziyadnz/hourly-ipv4,ziyadnz|hourly,2026-08-17T18:48:05Z,2026-08-17T18:48:05Z,
85.133.180.218,ipv4,malicious-ip,medium,WHITE,ziyadnz/hourly-ipv4,ziyadnz|hourly,2026-08-17T18:48:05Z,2026-08-17T18:48:05Z,
85.137.165.18,ipv4,malicious-ip,medium,WHITE,ziyadnz/hourly-ipv4,ziyadnz|hourly,2026-08-17T18:48:05Z,2026-08-17T18:48:05Z,
85.137.249.211,ipv4,malicious-ip,medium,WHITE,ziyadnz/hourly-ipv4,ziyadnz|hourly,2026-08-17T18:48:05Z,2026-08-17T18:48:05Z,
85.137.249.93,ipv4,malicious-ip,medium,WHITE,ziyadnz/hourly-ipv4,ziyadnz|hourly,2026-08-17T18:48:05Z,2026-08-17T18:48:05Z,
85.137.253.48,ipv4,malicious-ip,medium,WHITE,ziyadnz/hourly-ipv4,ziyadnz|hourly,2026-08-17T18:48:05Z,2026-08-17T18:48:05Z,
85.137.53.71,ipv4,malicious-ip,medium,WHITE,ziyadnz/hourly-ipv4,ziyadnz|hourly,2026-08-17T18:48:05Z,2026-08-17T18:48:05Z,
85.137.56.197,ipv4,malicious-ip,medium,WHITE,ziyadnz/hourly-ipv4,ziyadnz|hourly,2026-08-17T18:48:05Z,2026-08-17T18:48:05Z,
85.137.57.19,ipv4,malicious-ip,medium,WHITE,ziyadnz/hourly-ipv4,ziyadnz|hourly,2026-08-17T18:48:05Z,2026-08-17T18:48:05Z,
85.137.88.212,ipv4,malicious-ip,medium,WHITE,ziyadnz/hourly-ipv4,ziyadnz|hourly,2026-08-17T18:48:05Z,2026-08-17T18:48:05Z,
85.138.242.167,ipv4,malicious-ip,medium,WHITE,ziyadnz/hourly-ipv4,ziyadnz|hourly,2026-08-17T18:48:05Z,2026-08-17T18:48:05Z,
85.138.243.187,ipv4,malicious-ip,medium,WHITE,ziyadnz/hourly-ipv4,ziyadnz|hourly,2026-08-17T18:48:05Z,2026-08-17T18:48:05Z,
85.139.12.9,ipv4,malicious-ip,medium,WHITE,ziyadnz/hourly-ipv4,ziyadnz|hourly,2026-08-17T18:48:05Z,2026-08-17T18:48:05Z,
85.139.242.43,ipv4,malicious-ip,medium,WHITE,ziyadnz/hourly-ipv4,ziyadnz|hourly,2026-08-17T18:48:05Z,2026-08-17T18:48:05Z,
85.14.243.111,ipv4,malicious-ip,medium,WHITE,ziyadnz/hourly-ipv4,ziyadnz|hourly,2026-08-17T18:48:05Z,2026-08-17T18:48:05Z,
85.14.245.122,ipv4,malicious-ip,medium,WHITE,ziyadnz/hourly-ipv4,ziyadnz|hourly,2026-08-17T18:48:05Z,2026-08-17T18:48:05Z,
85.14.53.245,ipv4,malicious-ip,medium,WHITE,ziyadnz/hourly-ipv4,ziyadnz|hourly,2026-08-17T18:48:05Z,2026-08-17T18:48:05Z,
85.140.93.4,ipv4,malicious-ip,medium,WHITE,ziyadnz/hourly-ipv4,ziyadnz|hourly,2026-08-17T18:48:05Z,2026-08-17T18:48:05Z,
85.143.219.239,ipv4,malicious-ip,medium,WHITE,ziyadnz/hourly-ipv4,ziyadnz|hourly,2026-08-17T18:48:05Z,2026-08-17T18:48:05Z,
85.148.7.252,ipv4,malicious-ip,medium,WHITE,ziyadnz/hourly-ipv4,ziyadnz|hourly,2026-08-17T18:48:05Z,2026-08-17T18:48:05Z,
85.15.140.139,ipv4,malicious-ip,medium,WHITE,ziyadnz/hourly-ipv4,ziyadnz|hourly,2026-08-17T18:48:05Z,2026-08-17T18:48:05Z,
85.152.57.60,ipv4,malicious-ip,medium,WHITE,ziyadnz/hourly-ipv4,ziyadnz|hourly,2026-08-17T18:48:05Z,2026-08-17T18:48:05Z,
85.153.202.38,ipv4,malicious-ip,medium,WHITE,ziyadnz/hourly-ipv4,ziyadnz|hourly,2026-08-17T18:48:05Z,2026-08-17T18:48:05Z,
85.154.150.244,ipv4,malicious-ip,medium,WHITE,ziyadnz/hourly-ipv4,ziyadnz|hourly,2026-08-17T18:48:05Z,2026-08-17T18:48:05Z,
85.154.175.96,ipv4,malicious-ip,medium,WHITE,ziyadnz/hourly-ipv4,ziyadnz|hourly,2026-08-17T18:48:05Z,2026-08-17T18:48:05Z,
85.154.183.168,ipv4,malicious-ip,medium,WHITE,ziyadnz/hourly-ipv4,ziyadnz|hourly,2026-08-17T18:48:05Z,2026-08-17T18:48:05Z,
85.154.3.165,ipv4,malicious-ip,medium,WHITE,ziyadnz/hourly-ipv4,ziyadnz|hourly,2026-08-17T18:48:05Z,2026-08-17T18:48:05Z,
85.154.3.254,ipv4,malicious-ip,medium,WHITE,ziyadnz/hourly-ipv4,ziyadnz|hourly,2026-08-17T18:48:05Z,2026-08-17T18:48:05Z,
85.155.186.121,ipv4,malicious-ip,medium,WHITE,ziyadnz/hourly-ipv4,ziyadnz|hourly,2026-08-17T18:48:05Z,2026-08-17T18:48:05Z,
85.155.225.46,ipv4,malicious-ip,medium,WHITE,ziyadnz/hourly-ipv4,ziyadnz|hourly,2026-08-17T18:48:05Z,2026-08-17T18:48:05Z,
85.155.228.175,ipv4,malicious-ip,medium,WHITE,ziyadnz/hourly-ipv4,ziyadnz|hourly,2026-08-17T18:48:05Z,2026-08-17T18:48:05Z,
85.155.242.167,ipv4,malicious-ip,medium,WHITE,ziyadnz/hourly-ipv4,ziyadnz|hourly,2026-08-17T18:48:05Z,2026-08-17T18:48:05Z,
85.158.108.135,ipv4,malicious-ip,medium,WHITE,ziyadnz/hourly-ipv4,ziyadnz|hourly,2026-08-17T18:48:05Z,2026-08-17T18:48:05Z,
85.158.108.62,ipv4,malicious-ip,medium,WHITE,ziyadnz/hourly-ipv4,ziyadnz|hourly,2026-08-17T18:48:05Z,2026-08-17T18:48:05Z,
85.158.57.3,ipv4,malicious-ip,medium,WHITE,ziyadnz/hourly-ipv4,ziyadnz|hourly,2026-08-17T18:48:05Z,2026-08-17T18:48:05Z,
85.159.229.62,ipv4,malicious-ip,medium,WHITE,ziyadnz/hourly-ipv4,ziyadnz|hourly,2026-08-17T18:48:05Z,2026-08-17T18:48:05Z,
85.159.229.79,ipv4,malicious-ip,medium,WHITE,ziyadnz/hourly-ipv4,ziyadnz|hourly,2026-08-17T18:48:05Z,2026-08-17T18:48:05Z,
85.159.4.32,ipv4,malicious-ip,medium,WHITE,ziyadnz/hourly-ipv4,ziyadnz|hourly,2026-08-17T18:48:05Z,2026-08-17T18:48:05Z,
85.160.86.11,ipv4,malicious-ip,medium,WHITE,ziyadnz/hourly-ipv4,ziyadnz|hourly,2026-08-17T18:48:05Z,2026-08-17T18:48:05Z,
85.163.38.103,ipv4,malicious-ip,medium,WHITE,ziyadnz/hourly-ipv4,ziyadnz|hourly,2026-08-17T18:48:05Z,2026-08-17T18:48:05Z,
85.164.107.204,ipv4,malicious-ip,medium,WHITE,ziyadnz/hourly-ipv4,ziyadnz|hourly,2026-08-17T18:48:05Z,2026-08-17T18:48:05Z,
85.164.15.194,ipv4,malicious-ip,medium,WHITE,ziyadnz/hourly-ipv4,ziyadnz|hourly,2026-08-17T18:48:05Z,2026-08-17T18:48:05Z,
85.165.104.58,ipv4,malicious-ip,medium,WHITE,ziyadnz/hourly-ipv4,ziyadnz|hourly,2026-08-17T18:48:05Z,2026-08-17T18:48:05Z,
85.169.118.71,ipv4,malicious-ip,medium,WHITE,ziyadnz/hourly-ipv4,ziyadnz|hourly,2026-08-17T18:48:05Z,2026-08-17T18:48:05Z,
85.17.118.127,ipv4,malicious-ip,medium,WHITE,ziyadnz/hourly-ipv4,ziyadnz|hourly,2026-08-17T18:48:05Z,2026-08-17T18:48:05Z,
85.17.120.200,ipv4,malicious-ip,medium,WHITE,ziyadnz/hourly-ipv4,ziyadnz|hourly,2026-08-17T18:48:05Z,2026-08-17T18:48:05Z,
85.17.162.64,ipv4,malicious-ip,medium,WHITE,ziyadnz/hourly-ipv4,ziyadnz|hourly,2026-08-17T18:48:05Z,2026-08-17T18:48:05Z,
85.17.192.152,ipv4,malicious-ip,medium,WHITE,ziyadnz/hourly-ipv4,ziyadnz|hourly,2026-08-17T18:48:05Z,2026-08-17T18:48:05Z,
85.17.9.21,ipv4,malicious-ip,medium,WHITE,ziyadnz/hourly-ipv4,ziyadnz|hourly,2026-08-17T18:48:05Z,2026-08-17T18:48:05Z,
85.17.9.73,ipv4,malicious-ip,medium,WHITE,ziyadnz/hourly-ipv4,ziyadnz|hourly,2026-08-17T18:48:05Z,2026-08-17T18:48:05Z,
85.17.9.74,ipv4,malicious-ip,medium,WHITE,ziyadnz/hourly-ipv4,ziyadnz|hourly,2026-08-17T18:48:05Z,2026-08-17T18:48:05Z,
85.170.125.73,ipv4,malicious-ip,medium,WHITE,ziyadnz/hourly-ipv4,ziyadnz|hourly,2026-08-17T18:48:05Z,2026-08-17T18:48:05Z,
85.172.55.85,ipv4,malicious-ip,medium,WHITE,ziyadnz/hourly-ipv4,ziyadnz|hourly,2026-08-17T18:48:05Z,2026-08-17T18:48:05Z,
85.174.82.194,ipv4,malicious-ip,medium,WHITE,ziyadnz/hourly-ipv4,ziyadnz|hourly,2026-08-17T18:48:05Z,2026-08-17T18:48:05Z,
85.174.84.162,ipv4,malicious-ip,medium,WHITE,ziyadnz/hourly-ipv4,ziyadnz|hourly,2026-08-17T18:48:05Z,2026-08-17T18:48:05Z,
85.175.152.66,ipv4,malicious-ip,medium,WHITE,ziyadnz/hourly-ipv4,ziyadnz|hourly,2026-08-17T18:48:05Z,2026-08-17T18:48:05Z,
85.175.219.236,ipv4,malicious-ip,medium,WHITE,ziyadnz/hourly-ipv4,ziyadnz|hourly,2026-08-17T18:48:05Z,2026-08-17T18:48:05Z,
85.175.226.124,ipv4,malicious-ip,medium,WHITE,ziyadnz/hourly-ipv4,ziyadnz|hourly,2026-08-17T18:48:05Z,2026-08-17T18:48:05Z,
85.175.60.34,ipv4,malicious-ip,medium,WHITE,ziyadnz/hourly-ipv4,ziyadnz|hourly,2026-08-17T18:48:05Z,2026-08-17T18:48:05Z,
85.175.7.247,ipv4,malicious-ip,medium,WHITE,ziyadnz/hourly-ipv4,ziyadnz|hourly,2026-08-17T18:48:05Z,2026-08-17T18:48:05Z,
85.18.115.154,ipv4,malicious-ip,medium,WHITE,ziyadnz/hourly-ipv4,ziyadnz|hourly,2026-08-17T18:48:05Z,2026-08-17T18:48:05Z,
85.184.248.187,ipv4,malicious-ip,medium,WHITE,ziyadnz/hourly-ipv4,ziyadnz|hourly,2026-08-17T18:48:05Z,2026-08-17T18:48:05Z,
85.185.104.5,ipv4,malicious-ip,medium,WHITE,ziyadnz/hourly-ipv4,ziyadnz|hourly,2026-08-17T18:48:05Z,2026-08-17T18:48:05Z,
85.185.153.60,ipv4,malicious-ip,medium,WHITE,ziyadnz/hourly-ipv4,ziyadnz|hourly,2026-08-17T18:48:05Z,2026-08-17T18:48:05Z,
85.185.201.10,ipv4,malicious-ip,medium,WHITE,ziyadnz/hourly-ipv4,ziyadnz|hourly,2026-08-17T18:48:05Z,2026-08-17T18:48:05Z,
85.185.218.171,ipv4,malicious-ip,medium,WHITE,ziyadnz/hourly-ipv4,ziyadnz|hourly,2026-08-17T18:48:05Z,2026-08-17T18:48:05Z,
85.185.235.59,ipv4,malicious-ip,medium,WHITE,ziyadnz/hourly-ipv4,ziyadnz|hourly,2026-08-17T18:48:05Z,2026-08-17T18:48:05Z,
85.185.237.83,ipv4,malicious-ip,medium,WHITE,ziyadnz/hourly-ipv4,ziyadnz|hourly,2026-08-17T18:48:05Z,2026-08-17T18:48:05Z,
85.185.239.50,ipv4,malicious-ip,medium,WHITE,ziyadnz/hourly-ipv4,ziyadnz|hourly,2026-08-17T18:48:05Z,2026-08-17T18:48:05Z,
85.185.251.102,ipv4,malicious-ip,medium,WHITE,ziyadnz/hourly-ipv4,ziyadnz|hourly,2026-08-17T18:48:05Z,2026-08-17T18:48:05Z,
85.185.53.162,ipv4,malicious-ip,medium,WHITE,ziyadnz/hourly-ipv4,ziyadnz|hourly,2026-08-17T18:48:05Z,2026-08-17T18:48:05Z,
85.185.55.33,ipv4,malicious-ip,medium,WHITE,ziyadnz/hourly-ipv4,ziyadnz|hourly,2026-08-17T18:48:05Z,2026-08-17T18:48:05Z,
85.185.59.62,ipv4,malicious-ip,medium,WHITE,ziyadnz/hourly-ipv4,ziyadnz|hourly,2026-08-17T18:48:05Z,2026-08-17T18:48:05Z,
85.187.189.108,ipv4,malicious-ip,medium,WHITE,ziyadnz/hourly-ipv4,ziyadnz|hourly,2026-08-17T18:48:05Z,2026-08-17T18:48:05Z,
85.189.13.34,ipv4,malicious-ip,medium,WHITE,ziyadnz/hourly-ipv4,ziyadnz|hourly,2026-08-17T18:48:05Z,2026-08-17T18:48:05Z,
85.189.9.237,ipv4,malicious-ip,medium,WHITE,ziyadnz/hourly-ipv4,ziyadnz|hourly,2026-08-17T18:48:05Z,2026-08-17T18:48:05Z,
85.19.64.202,ipv4,malicious-ip,medium,WHITE,ziyadnz/hourly-ipv4,ziyadnz|hourly,2026-08-17T18:48:05Z,2026-08-17T18:48:05Z,
85.190.240.128,ipv4,malicious-ip,medium,WHITE,ziyadnz/hourly-ipv4,ziyadnz|hourly,2026-08-17T18:48:05Z,2026-08-17T18:48:05Z,
85.190.96.94,ipv4,malicious-ip,medium,WHITE,ziyadnz/hourly-ipv4,ziyadnz|hourly,2026-08-17T18:48:05Z,2026-08-17T18:48:05Z,
85.192.188.107,ipv4,malicious-ip,medium,WHITE,ziyadnz/hourly-ipv4,ziyadnz|hourly,2026-08-17T18:48:05Z,2026-08-17T18:48:05Z,
85.192.189.179,ipv4,malicious-ip,medium,WHITE,ziyadnz/hourly-ipv4,ziyadnz|hourly,2026-08-17T18:48:05Z,2026-08-17T18:48:05Z,
85.192.31.14,ipv4,malicious-ip,medium,WHITE,ziyadnz/hourly-ipv4,ziyadnz|hourly,2026-08-17T18:48:05Z,2026-08-17T18:48:05Z,
85.192.37.173,ipv4,malicious-ip,medium,WHITE,ziyadnz/hourly-ipv4,ziyadnz|hourly,2026-08-17T18:48:05Z,2026-08-17T18:48:05Z,
85.192.41.87,ipv4,malicious-ip,medium,WHITE,ziyadnz/hourly-ipv4,ziyadnz|hourly,2026-08-17T18:48:05Z,2026-08-17T18:48:05Z,
85.192.49.106,ipv4,malicious-ip,medium,WHITE,ziyadnz/hourly-ipv4,ziyadnz|hourly,2026-08-17T18:48:05Z,2026-08-17T18:48:05Z,
85.192.59.249,ipv4,malicious-ip,medium,WHITE,ziyadnz/hourly-ipv4,ziyadnz|hourly,2026-08-17T18:48:05Z,2026-08-17T18:48:05Z,
85.192.61.140,ipv4,malicious-ip,medium,WHITE,ziyadnz/hourly-ipv4,ziyadnz|hourly,2026-08-17T18:48:05Z,2026-08-17T18:48:05Z,
85.192.63.114,ipv4,malicious-ip,medium,WHITE,ziyadnz/hourly-ipv4,ziyadnz|hourly,2026-08-17T18:48:05Z,2026-08-17T18:48:05Z,
85.192.63.126,ipv4,malicious-ip,medium,WHITE,ziyadnz/hourly-ipv4,ziyadnz|hourly,2026-08-17T18:48:05Z,2026-08-17T18:48:05Z,
85.192.63.13,ipv4,malicious-ip,medium,WHITE,ziyadnz/hourly-ipv4,ziyadnz|hourly,2026-08-17T18:48:05Z,2026-08-17T18:48:05Z,
85.192.63.185,ipv4,malicious-ip,medium,WHITE,ziyadnz/hourly-ipv4,ziyadnz|hourly,2026-08-17T18:48:05Z,2026-08-17T18:48:05Z,
85.193.194.161,ipv4,malicious-ip,medium,WHITE,ziyadnz/hourly-ipv4,ziyadnz|hourly,2026-08-17T18:48:05Z,2026-08-17T18:48:05Z,
85.195.206.7,ipv4,malicious-ip,medium,WHITE,ziyadnz/hourly-ipv4,ziyadnz|hourly,2026-08-17T18:48:05Z,2026-08-17T18:48:05Z,
85.195.50.55,ipv4,malicious-ip,medium,WHITE,ziyadnz/hourly-ipv4,ziyadnz|hourly,2026-08-17T18:48:05Z,2026-08-17T18:48:05Z,
85.195.89.94,ipv4,malicious-ip,medium,WHITE,ziyadnz/hourly-ipv4,ziyadnz|hourly,2026-08-17T18:48:05Z,2026-08-17T18:48:05Z,
85.196.223.187,ipv4,malicious-ip,medium,WHITE,ziyadnz/hourly-ipv4,ziyadnz|hourly,2026-08-17T18:48:05Z,2026-08-17T18:48:05Z,
85.198.100.247,ipv4,malicious-ip,medium,WHITE,ziyadnz/hourly-ipv4,ziyadnz|hourly,2026-08-17T18:48:05Z,2026-08-17T18:48:05Z,
85.198.19.239,ipv4,malicious-ip,medium,WHITE,ziyadnz/hourly-ipv4,ziyadnz|hourly,2026-08-17T18:48:05Z,2026-08-17T18:48:05Z,
85.198.19.241,ipv4,malicious-ip,medium,WHITE,ziyadnz/hourly-ipv4,ziyadnz|hourly,2026-08-17T18:48:05Z,2026-08-17T18:48:05Z,
85.198.19.251,ipv4,malicious-ip,medium,WHITE,ziyadnz/hourly-ipv4,ziyadnz|hourly,2026-08-17T18:48:05Z,2026-08-17T18:48:05Z,
85.198.19.253,ipv4,malicious-ip,medium,WHITE,ziyadnz/hourly-ipv4,ziyadnz|hourly,2026-08-17T18:48:05Z,2026-08-17T18:48:05Z,
85.198.31.13,ipv4,malicious-ip,medium,WHITE,ziyadnz/hourly-ipv4,ziyadnz|hourly,2026-08-17T18:48:05Z,2026-08-17T18:48:05Z,
85.198.64.59,ipv4,malicious-ip,medium,WHITE,ziyadnz/hourly-ipv4,ziyadnz|hourly,2026-08-17T18:48:05Z,2026-08-17T18:48:05Z,
85.198.98.75,ipv4,malicious-ip,medium,WHITE,ziyadnz/hourly-ipv4,ziyadnz|hourly,2026-08-17T18:48:05Z,2026-08-17T18:48:05Z,
85.202.169.172,ipv4,malicious-ip,medium,WHITE,ziyadnz/hourly-ipv4,ziyadnz|hourly,2026-08-17T18:48:05Z,2026-08-17T18:48:05Z,
85.202.193.88,ipv4,malicious-ip,medium,WHITE,ziyadnz/hourly-ipv4,ziyadnz|hourly,2026-08-17T18:48:05Z,2026-08-17T18:48:05Z,
85.203.15.250,ipv4,malicious-ip,medium,WHITE,ziyadnz/hourly-ipv4,ziyadnz|hourly,2026-08-17T18:48:05Z,2026-08-17T18:48:05Z,
85.203.21.0,ipv4,malicious-ip,medium,WHITE,ziyadnz/hourly-ipv4,ziyadnz|hourly,2026-08-17T18:48:05Z,2026-08-17T18:48:05Z,
85.203.21.94,ipv4,malicious-ip,medium,WHITE,ziyadnz/hourly-ipv4,ziyadnz|hourly,2026-08-17T18:48:05Z,2026-08-17T18:48:05Z,
85.203.23.0,ipv4,malicious-ip,medium,WHITE,ziyadnz/hourly-ipv4,ziyadnz|hourly,2026-08-17T18:48:05Z,2026-08-17T18:48:05Z,
85.203.23.108,ipv4,malicious-ip,medium,WHITE,ziyadnz/hourly-ipv4,ziyadnz|hourly,2026-08-17T18:48:05Z,2026-08-17T18:48:05Z,
85.203.23.111,ipv4,malicious-ip,medium,WHITE,ziyadnz/hourly-ipv4,ziyadnz|hourly,2026-08-17T18:48:05Z,2026-08-17T18:48:05Z,
85.203.23.122,ipv4,malicious-ip,medium,WHITE,ziyadnz/hourly-ipv4,ziyadnz|hourly,2026-08-17T18:48:05Z,2026-08-17T18:48:05Z,
85.203.23.125,ipv4,malicious-ip,medium,WHITE,ziyadnz/hourly-ipv4,ziyadnz|hourly,2026-08-17T18:48:05Z,2026-08-17T18:48:05Z,
85.203.23.130,ipv4,malicious-ip,medium,WHITE,ziyadnz/hourly-ipv4,ziyadnz|hourly,2026-08-17T18:48:05Z,2026-08-17T18:48:05Z,
85.203.23.163,ipv4,malicious-ip,medium,WHITE,ziyadnz/hourly-ipv4,ziyadnz|hourly,2026-08-17T18:48:05Z,2026-08-17T18:48:05Z,
85.203.36.36,ipv4,malicious-ip,medium,WHITE,ziyadnz/hourly-ipv4,ziyadnz|hourly,2026-08-17T18:48:05Z,2026-08-17T18:48:05Z,
85.203.39.232,ipv4,malicious-ip,medium,WHITE,ziyadnz/hourly-ipv4,ziyadnz|hourly,2026-08-17T18:48:05Z,2026-08-17T18:48:05Z,
85.203.39.233,ipv4,malicious-ip,medium,WHITE,ziyadnz/hourly-ipv4,ziyadnz|hourly,2026-08-17T18:48:05Z,2026-08-17T18:48:05Z,
85.203.4.232,ipv4,malicious-ip,medium,WHITE,ziyadnz/hourly-ipv4,ziyadnz|hourly,2026-08-17T18:48:05Z,2026-08-17T18:48:05Z,
85.203.46.153,ipv4,malicious-ip,medium,WHITE,ziyadnz/hourly-ipv4,ziyadnz|hourly,2026-08-17T18:48:05Z,2026-08-17T18:48:05Z,
85.203.46.221,ipv4,malicious-ip,medium,WHITE,ziyadnz/hourly-ipv4,ziyadnz|hourly,2026-08-17T18:48:05Z,2026-08-17T18:48:05Z,
85.203.46.223,ipv4,malicious-ip,medium,WHITE,ziyadnz/hourly-ipv4,ziyadnz|hourly,2026-08-17T18:48:05Z,2026-08-17T18:48:05Z,
85.203.46.88,ipv4,malicious-ip,medium,WHITE,ziyadnz/hourly-ipv4,ziyadnz|hourly,2026-08-17T18:48:05Z,2026-08-17T18:48:05Z,
85.204.116.169,ipv4,malicious-ip,medium,WHITE,ziyadnz/hourly-ipv4,ziyadnz|hourly,2026-08-17T18:48:05Z,2026-08-17T18:48:05Z,
85.204.70.0,ipv4,malicious-ip,medium,WHITE,ziyadnz/hourly-ipv4,ziyadnz|hourly,2026-08-17T18:48:05Z,2026-08-17T18:48:05Z,
85.204.70.100,ipv4,malicious-ip,medium,WHITE,ziyadnz/hourly-ipv4,ziyadnz|hourly,2026-08-17T18:48:05Z,2026-08-17T18:48:05Z,
85.204.70.102,ipv4,malicious-ip,medium,WHITE,ziyadnz/hourly-ipv4,ziyadnz|hourly,2026-08-17T18:48:05Z,2026-08-17T18:48:05Z,
85.204.70.106,ipv4,malicious-ip,medium,WHITE,ziyadnz/hourly-ipv4,ziyadnz|hourly,2026-08-17T18:48:05Z,2026-08-17T18:48:05Z,
85.204.70.118,ipv4,malicious-ip,medium,WHITE,ziyadnz/hourly-ipv4,ziyadnz|hourly,2026-08-17T18:48:05Z,2026-08-17T18:48:05Z,
85.204.70.98,ipv4,malicious-ip,medium,WHITE,ziyadnz/hourly-ipv4,ziyadnz|hourly,2026-08-17T18:48:05Z,2026-08-17T18:48:05Z,
85.206.167.224,ipv4,malicious-ip,medium,WHITE,ziyadnz/hourly-ipv4,ziyadnz|hourly,2026-08-17T18:48:05Z,2026-08-17T18:48:05Z,
85.206.167.255,ipv4,malicious-ip,medium,WHITE,ziyadnz/hourly-ipv4,ziyadnz|hourly,2026-08-17T18:48:05Z,2026-08-17T18:48:05Z,
85.206.169.64,ipv4,malicious-ip,medium,WHITE,ziyadnz/hourly-ipv4,ziyadnz|hourly,2026-08-17T18:48:05Z,2026-08-17T18:48:05Z,
85.206.169.79,ipv4,malicious-ip,medium,WHITE,ziyadnz/hourly-ipv4,ziyadnz|hourly,2026-08-17T18:48:05Z,2026-08-17T18:48:05Z,
85.206.169.80,ipv4,malicious-ip,medium,WHITE,ziyadnz/hourly-ipv4,ziyadnz|hourly,2026-08-17T18:48:05Z,2026-08-17T18:48:05Z,
85.206.169.95,ipv4,malicious-ip,medium,WHITE,ziyadnz/hourly-ipv4,ziyadnz|hourly,2026-08-17T18:48:05Z,2026-08-17T18:48:05Z,
85.206.170.160,ipv4,malicious-ip,medium,WHITE,ziyadnz/hourly-ipv4,ziyadnz|hourly,2026-08-17T18:48:05Z,2026-08-17T18:48:05Z,
85.206.170.191,ipv4,malicious-ip,medium,WHITE,ziyadnz/hourly-ipv4,ziyadnz|hourly,2026-08-17T18:48:05Z,2026-08-17T18:48:05Z,
85.206.172.119,ipv4,malicious-ip,medium,WHITE,ziyadnz/hourly-ipv4,ziyadnz|hourly,2026-08-17T18:48:05Z,2026-08-17T18:48:05Z,
85.206.172.127,ipv4,malicious-ip,medium,WHITE,ziyadnz/hourly-ipv4,ziyadnz|hourly,2026-08-17T18:48:05Z,2026-08-17T18:48:05Z,
85.206.172.156,ipv4,malicious-ip,medium,WHITE,ziyadnz/hourly-ipv4,ziyadnz|hourly,2026-08-17T18:48:05Z,2026-08-17T18:48:05Z,
85.206.172.176,ipv4,malicious-ip,medium,WHITE,ziyadnz/hourly-ipv4,ziyadnz|hourly,2026-08-17T18:48:05Z,2026-08-17T18:48:05Z,
85.206.68.80,ipv4,malicious-ip,medium,WHITE,ziyadnz/hourly-ipv4,ziyadnz|hourly,2026-08-17T18:48:05Z,2026-08-17T18:48:05Z,
85.208.100.14,ipv4,malicious-ip,medium,WHITE,ziyadnz/hourly-ipv4,ziyadnz|hourly,2026-08-17T18:48:05Z,2026-08-17T18:48:05Z,
85.208.102.58,ipv4,malicious-ip,medium,WHITE,ziyadnz/hourly-ipv4,ziyadnz|hourly,2026-08-17T18:48:05Z,2026-08-17T18:48:05Z,
85.208.108.29,ipv4,malicious-ip,medium,WHITE,ziyadnz/hourly-ipv4,ziyadnz|hourly,2026-08-17T18:48:05Z,2026-08-17T18:48:05Z,
85.208.110.83,ipv4,malicious-ip,medium,WHITE,ziyadnz/hourly-ipv4,ziyadnz|hourly,2026-08-17T18:48:05Z,2026-08-17T18:48:05Z,
85.208.139.67,ipv4,malicious-ip,medium,WHITE,ziyadnz/hourly-ipv4,ziyadnz|hourly,2026-08-17T18:48:05Z,2026-08-17T18:48:05Z,
85.208.139.73,ipv4,malicious-ip,medium,WHITE,ziyadnz/hourly-ipv4,ziyadnz|hourly,2026-08-17T18:48:05Z,2026-08-17T18:48:05Z,
85.208.253.82,ipv4,malicious-ip,medium,WHITE,ziyadnz/hourly-ipv4,ziyadnz|hourly,2026-08-17T18:48:05Z,2026-08-17T18:48:05Z,
85.208.84.208,ipv4,malicious-ip,medium,WHITE,ziyadnz/hourly-ipv4,ziyadnz|hourly,2026-08-17T18:48:05Z,2026-08-17T18:48:05Z,
85.208.84.220,ipv4,malicious-ip,medium,WHITE,ziyadnz/hourly-ipv4,ziyadnz|hourly,2026-08-17T18:48:05Z,2026-08-17T18:48:05Z,
85.208.84.35,ipv4,malicious-ip,medium,WHITE,ziyadnz/hourly-ipv4,ziyadnz|hourly,2026-08-17T18:48:05Z,2026-08-17T18:48:05Z,
85.208.84.94,ipv4,malicious-ip,medium,WHITE,ziyadnz/hourly-ipv4,ziyadnz|hourly,2026-08-17T18:48:05Z,2026-08-17T18:48:05Z,
85.208.96.193,ipv4,malicious-ip,medium,WHITE,ziyadnz/hourly-ipv4,ziyadnz|hourly,2026-08-17T18:48:05Z,2026-08-17T18:48:05Z,
85.208.96.194,ipv4,malicious-ip,medium,WHITE,ziyadnz/hourly-ipv4,ziyadnz|hourly,2026-08-17T18:48:05Z,2026-08-17T18:48:05Z,
85.208.96.195,ipv4,malicious-ip,medium,WHITE,ziyadnz/hourly-ipv4,ziyadnz|hourly,2026-08-17T18:48:05Z,2026-08-17T18:48:05Z,
85.208.96.196,ipv4,malicious-ip,medium,WHITE,ziyadnz/hourly-ipv4,ziyadnz|hourly,2026-08-17T18:48:05Z,2026-08-17T18:48:05Z,
85.208.96.197,ipv4,malicious-ip,medium,WHITE,ziyadnz/hourly-ipv4,ziyadnz|hourly,2026-08-17T18:48:05Z,2026-08-17T18:48:05Z,
85.208.96.198,ipv4,malicious-ip,medium,WHITE,ziyadnz/hourly-ipv4,ziyadnz|hourly,2026-08-17T18:48:05Z,2026-08-17T18:48:05Z,
85.208.96.199,ipv4,malicious-ip,medium,WHITE,ziyadnz/hourly-ipv4,ziyadnz|hourly,2026-08-17T18:48:05Z,2026-08-17T18:48:05Z,
85.208.96.200,ipv4,malicious-ip,medium,WHITE,ziyadnz/hourly-ipv4,ziyadnz|hourly,2026-08-17T18:48:05Z,2026-08-17T18:48:05Z,
85.208.96.201,ipv4,malicious-ip,medium,WHITE,ziyadnz/hourly-ipv4,ziyadnz|hourly,2026-08-17T18:48:05Z,2026-08-17T18:48:05Z,
85.208.96.202,ipv4,malicious-ip,medium,WHITE,ziyadnz/hourly-ipv4,ziyadnz|hourly,2026-08-17T18:48:05Z,2026-08-17T18:48:05Z,
85.208.96.203,ipv4,malicious-ip,medium,WHITE,ziyadnz/hourly-ipv4,ziyadnz|hourly,2026-08-17T18:48:05Z,2026-08-17T18:48:05Z,
85.208.96.204,ipv4,malicious-ip,medium,WHITE,ziyadnz/hourly-ipv4,ziyadnz|hourly,2026-08-17T18:48:05Z,2026-08-17T18:48:05Z,
85.208.96.205,ipv4,malicious-ip,medium,WHITE,ziyadnz/hourly-ipv4,ziyadnz|hourly,2026-08-17T18:48:05Z,2026-08-17T18:48:05Z,
85.208.96.206,ipv4,malicious-ip,medium,WHITE,ziyadnz/hourly-ipv4,ziyadnz|hourly,2026-08-17T18:48:05Z,2026-08-17T18:48:05Z,
85.208.96.207,ipv4,malicious-ip,medium,WHITE,ziyadnz/hourly-ipv4,ziyadnz|hourly,2026-08-17T18:48:05Z,2026-08-17T18:48:05Z,
85.208.96.208,ipv4,malicious-ip,medium,WHITE,ziyadnz/hourly-ipv4,ziyadnz|hourly,2026-08-17T18:48:05Z,2026-08-17T18:48:05Z,
85.208.96.209,ipv4,malicious-ip,medium,WHITE,ziyadnz/hourly-ipv4,ziyadnz|hourly,2026-08-17T18:48:05Z,2026-08-17T18:48:05Z,
85.208.96.210,ipv4,malicious-ip,medium,WHITE,ziyadnz/hourly-ipv4,ziyadnz|hourly,2026-08-17T18:48:05Z,2026-08-17T18:48:05Z,
85.208.96.211,ipv4,malicious-ip,medium,WHITE,ziyadnz/hourly-ipv4,ziyadnz|hourly,2026-08-17T18:48:05Z,2026-08-17T18:48:05Z,
85.208.96.212,ipv4,malicious-ip,medium,WHITE,ziyadnz/hourly-ipv4,ziyadnz|hourly,2026-08-17T18:48:05Z,2026-08-17T18:48:05Z,
85.208.98.19,ipv4,malicious-ip,medium,WHITE,ziyadnz/hourly-ipv4,ziyadnz|hourly,2026-08-17T18:48:05Z,2026-08-17T18:48:05Z,
85.208.98.22,ipv4,malicious-ip,medium,WHITE,ziyadnz/hourly-ipv4,ziyadnz|hourly,2026-08-17T18:48:05Z,2026-08-17T18:48:05Z,
85.208.98.24,ipv4,malicious-ip,medium,WHITE,ziyadnz/hourly-ipv4,ziyadnz|hourly,2026-08-17T18:48:05Z,2026-08-17T18:48:05Z,
85.208.98.31,ipv4,malicious-ip,medium,WHITE,ziyadnz/hourly-ipv4,ziyadnz|hourly,2026-08-17T18:48:05Z,2026-08-17T18:48:05Z,
85.209.11.155,ipv4,malicious-ip,medium,WHITE,ziyadnz/hourly-ipv4,ziyadnz|hourly,2026-08-17T18:48:05Z,2026-08-17T18:48:05Z,
85.209.11.85,ipv4,malicious-ip,medium,WHITE,ziyadnz/hourly-ipv4,ziyadnz|hourly,2026-08-17T18:48:05Z,2026-08-17T18:48:05Z,
85.209.128.128,ipv4,malicious-ip,medium,WHITE,ziyadnz/hourly-ipv4,ziyadnz|hourly,2026-08-17T18:48:05Z,2026-08-17T18:48:05Z,
85.209.134.4,ipv4,malicious-ip,medium,WHITE,ziyadnz/hourly-ipv4,ziyadnz|hourly,2026-08-17T18:48:05Z,2026-08-17T18:48:05Z,
85.209.134.50,ipv4,malicious-ip,medium,WHITE,ziyadnz/hourly-ipv4,ziyadnz|hourly,2026-08-17T18:48:05Z,2026-08-17T18:48:05Z,
85.209.134.86,ipv4,malicious-ip,medium,WHITE,ziyadnz/hourly-ipv4,ziyadnz|hourly,2026-08-17T18:48:05Z,2026-08-17T18:48:05Z,
85.209.135.109,ipv4,malicious-ip,medium,WHITE,ziyadnz/hourly-ipv4,ziyadnz|hourly,2026-08-17T18:48:05Z,2026-08-17T18:48:05Z,
85.209.135.11,ipv4,malicious-ip,medium,WHITE,ziyadnz/hourly-ipv4,ziyadnz|hourly,2026-08-17T18:48:05Z,2026-08-17T18:48:05Z,
85.209.156.3,ipv4,malicious-ip,medium,WHITE,ziyadnz/hourly-ipv4,ziyadnz|hourly,2026-08-17T18:48:05Z,2026-08-17T18:48:05Z,
85.209.176.216,ipv4,malicious-ip,medium,WHITE,ziyadnz/hourly-ipv4,ziyadnz|hourly,2026-08-17T18:48:05Z,2026-08-17T18:48:05Z,
85.209.3.13,ipv4,malicious-ip,medium,WHITE,ziyadnz/hourly-ipv4,ziyadnz|hourly,2026-08-17T18:48:05Z,2026-08-17T18:48:05Z,
85.209.3.5,ipv4,malicious-ip,medium,WHITE,ziyadnz/hourly-ipv4,ziyadnz|hourly,2026-08-17T18:48:05Z,2026-08-17T18:48:05Z,
85.209.43.178,ipv4,malicious-ip,medium,WHITE,ziyadnz/hourly-ipv4,ziyadnz|hourly,2026-08-17T18:48:05Z,2026-08-17T18:48:05Z,
85.209.43.252,ipv4,malicious-ip,medium,WHITE,ziyadnz/hourly-ipv4,ziyadnz|hourly,2026-08-17T18:48:05Z,2026-08-17T18:48:05Z,
85.209.87.207,ipv4,malicious-ip,medium,WHITE,ziyadnz/hourly-ipv4,ziyadnz|hourly,2026-08-17T18:48:05Z,2026-08-17T18:48:05Z,
85.211.195.173,ipv4,malicious-ip,medium,WHITE,ziyadnz/hourly-ipv4,ziyadnz|hourly,2026-08-17T18:48:05Z,2026-08-17T18:48:05Z,
85.211.241.174,ipv4,malicious-ip,medium,WHITE,ziyadnz/hourly-ipv4,ziyadnz|hourly,2026-08-17T18:48:05Z,2026-08-17T18:48:05Z,
85.211.242.19,ipv4,malicious-ip,medium,WHITE,ziyadnz/hourly-ipv4,ziyadnz|hourly,2026-08-17T18:48:05Z,2026-08-17T18:48:05Z,
85.214.173.253,ipv4,malicious-ip,medium,WHITE,ziyadnz/hourly-ipv4,ziyadnz|hourly,2026-08-17T18:48:05Z,2026-08-17T18:48:05Z,
85.214.229.133,ipv4,malicious-ip,medium,WHITE,ziyadnz/hourly-ipv4,ziyadnz|hourly,2026-08-17T18:48:05Z,2026-08-17T18:48:05Z,
85.214.80.4,ipv4,malicious-ip,medium,WHITE,ziyadnz/hourly-ipv4,ziyadnz|hourly,2026-08-17T18:48:05Z,2026-08-17T18:48:05Z,
85.215.116.8,ipv4,malicious-ip,medium,WHITE,ziyadnz/hourly-ipv4,ziyadnz|hourly,2026-08-17T18:48:05Z,2026-08-17T18:48:05Z,
85.215.122.94,ipv4,malicious-ip,medium,WHITE,ziyadnz/hourly-ipv4,ziyadnz|hourly,2026-08-17T18:48:05Z,2026-08-17T18:48:05Z,
85.215.177.12,ipv4,malicious-ip,medium,WHITE,ziyadnz/hourly-ipv4,ziyadnz|hourly,2026-08-17T18:48:05Z,2026-08-17T18:48:05Z,
85.215.190.69,ipv4,malicious-ip,medium,WHITE,ziyadnz/hourly-ipv4,ziyadnz|hourly,2026-08-17T18:48:05Z,2026-08-17T18:48:05Z,
85.215.220.246,ipv4,malicious-ip,medium,WHITE,ziyadnz/hourly-ipv4,ziyadnz|hourly,2026-08-17T18:48:05Z,2026-08-17T18:48:05Z,
85.215.237.20,ipv4,malicious-ip,medium,WHITE,ziyadnz/hourly-ipv4,ziyadnz|hourly,2026-08-17T18:48:05Z,2026-08-17T18:48:05Z,
85.215.243.0,ipv4,malicious-ip,medium,WHITE,ziyadnz/hourly-ipv4,ziyadnz|hourly,2026-08-17T18:48:05Z,2026-08-17T18:48:05Z,
85.215.42.241,ipv4,malicious-ip,medium,WHITE,ziyadnz/hourly-ipv4,ziyadnz|hourly,2026-08-17T18:48:05Z,2026-08-17T18:48:05Z,
85.215.44.183,ipv4,malicious-ip,medium,WHITE,ziyadnz/hourly-ipv4,ziyadnz|hourly,2026-08-17T18:48:05Z,2026-08-17T18:48:05Z,
85.217.140.0,ipv4,malicious-ip,medium,WHITE,ziyadnz/hourly-ipv4,ziyadnz|hourly,2026-08-17T18:48:05Z,2026-08-17T18:48:05Z,
85.217.140.1,ipv4,malicious-ip,medium,WHITE,ziyadnz/hourly-ipv4,ziyadnz|hourly,2026-08-17T18:48:05Z,2026-08-17T18:48:05Z,
85.217.140.10,ipv4,malicious-ip,medium,WHITE,ziyadnz/hourly-ipv4,ziyadnz|hourly,2026-08-17T18:48:05Z,2026-08-17T18:48:05Z,
85.217.140.11,ipv4,malicious-ip,medium,WHITE,ziyadnz/hourly-ipv4,ziyadnz|hourly,2026-08-17T18:48:05Z,2026-08-17T18:48:05Z,
85.217.140.12,ipv4,malicious-ip,medium,WHITE,ziyadnz/hourly-ipv4,ziyadnz|hourly,2026-08-17T18:48:05Z,2026-08-17T18:48:05Z,
85.217.140.13,ipv4,malicious-ip,medium,WHITE,ziyadnz/hourly-ipv4,ziyadnz|hourly,2026-08-17T18:48:05Z,2026-08-17T18:48:05Z,
85.217.140.15,ipv4,malicious-ip,medium,WHITE,ziyadnz/hourly-ipv4,ziyadnz|hourly,2026-08-17T18:48:05Z,2026-08-17T18:48:05Z,
85.217.140.16,ipv4,malicious-ip,medium,WHITE,ziyadnz/hourly-ipv4,ziyadnz|hourly,2026-08-17T18:48:05Z,2026-08-17T18:48:05Z,
85.217.140.18,ipv4,malicious-ip,medium,WHITE,ziyadnz/hourly-ipv4,ziyadnz|hourly,2026-08-17T18:48:05Z,2026-08-17T18:48:05Z,
85.217.140.19,ipv4,malicious-ip,medium,WHITE,ziyadnz/hourly-ipv4,ziyadnz|hourly,2026-08-17T18:48:05Z,2026-08-17T18:48:05Z,
85.217.140.2,ipv4,malicious-ip,medium,WHITE,ziyadnz/hourly-ipv4,ziyadnz|hourly,2026-08-17T18:48:05Z,2026-08-17T18:48:05Z,
85.217.140.20,ipv4,malicious-ip,medium,WHITE,ziyadnz/hourly-ipv4,ziyadnz|hourly,2026-08-17T18:48:05Z,2026-08-17T18:48:05Z,
85.217.140.22,ipv4,malicious-ip,medium,WHITE,ziyadnz/hourly-ipv4,ziyadnz|hourly,2026-08-17T18:48:05Z,2026-08-17T18:48:05Z,
85.217.140.23,ipv4,malicious-ip,medium,WHITE,ziyadnz/hourly-ipv4,ziyadnz|hourly,2026-08-17T18:48:05Z,2026-08-17T18:48:05Z,
85.217.140.24,ipv4,malicious-ip,medium,WHITE,ziyadnz/hourly-ipv4,ziyadnz|hourly,2026-08-17T18:48:05Z,2026-08-17T18:48:05Z,
85.217.140.26,ipv4,malicious-ip,medium,WHITE,ziyadnz/hourly-ipv4,ziyadnz|hourly,2026-08-17T18:48:05Z,2026-08-17T18:48:05Z,
85.217.140.27,ipv4,malicious-ip,medium,WHITE,ziyadnz/hourly-ipv4,ziyadnz|hourly,2026-08-17T18:48:05Z,2026-08-17T18:48:05Z,
85.217.140.28,ipv4,malicious-ip,medium,WHITE,ziyadnz/hourly-ipv4,ziyadnz|hourly,2026-08-17T18:48:05Z,2026-08-17T18:48:05Z,
85.217.140.29,ipv4,malicious-ip,medium,WHITE,ziyadnz/hourly-ipv4,ziyadnz|hourly,2026-08-17T18:48:05Z,2026-08-17T18:48:05Z,
85.217.140.3,ipv4,malicious-ip,medium,WHITE,ziyadnz/hourly-ipv4,ziyadnz|hourly,2026-08-17T18:48:05Z,2026-08-17T18:48:05Z,
85.217.140.30,ipv4,malicious-ip,medium,WHITE,ziyadnz/hourly-ipv4,ziyadnz|hourly,2026-08-17T18:48:05Z,2026-08-17T18:48:05Z,
85.217.140.31,ipv4,malicious-ip,medium,WHITE,ziyadnz/hourly-ipv4,ziyadnz|hourly,2026-08-17T18:48:05Z,2026-08-17T18:48:05Z,
85.217.140.32,ipv4,malicious-ip,medium,WHITE,ziyadnz/hourly-ipv4,ziyadnz|hourly,2026-08-17T18:48:05Z,2026-08-17T18:48:05Z,
85.217.140.33,ipv4,malicious-ip,medium,WHITE,ziyadnz/hourly-ipv4,ziyadnz|hourly,2026-08-17T18:48:05Z,2026-08-17T18:48:05Z,
85.217.140.34,ipv4,malicious-ip,medium,WHITE,ziyadnz/hourly-ipv4,ziyadnz|hourly,2026-08-17T18:48:05Z,2026-08-17T18:48:05Z,
85.217.140.35,ipv4,malicious-ip,medium,WHITE,ziyadnz/hourly-ipv4,ziyadnz|hourly,2026-08-17T18:48:05Z,2026-08-17T18:48:05Z,
85.217.140.36,ipv4,malicious-ip,medium,WHITE,ziyadnz/hourly-ipv4,ziyadnz|hourly,2026-08-17T18:48:05Z,2026-08-17T18:48:05Z,
85.217.140.37,ipv4,malicious-ip,medium,WHITE,ziyadnz/hourly-ipv4,ziyadnz|hourly,2026-08-17T18:48:05Z,2026-08-17T18:48:05Z,
85.217.140.38,ipv4,malicious-ip,medium,WHITE,ziyadnz/hourly-ipv4,ziyadnz|hourly,2026-08-17T18:48:05Z,2026-08-17T18:48:05Z,
85.217.140.39,ipv4,malicious-ip,medium,WHITE,ziyadnz/hourly-ipv4,ziyadnz|hourly,2026-08-17T18:48:05Z,2026-08-17T18:48:05Z,
85.217.140.4,ipv4,malicious-ip,medium,WHITE,ziyadnz/hourly-ipv4,ziyadnz|hourly,2026-08-17T18:48:05Z,2026-08-17T18:48:05Z,
85.217.140.40,ipv4,malicious-ip,medium,WHITE,ziyadnz/hourly-ipv4,ziyadnz|hourly,2026-08-17T18:48:05Z,2026-08-17T18:48:05Z,
85.217.140.41,ipv4,malicious-ip,medium,WHITE,ziyadnz/hourly-ipv4,ziyadnz|hourly,2026-08-17T18:48:05Z,2026-08-17T18:48:05Z,
85.217.140.42,ipv4,malicious-ip,medium,WHITE,ziyadnz/hourly-ipv4,ziyadnz|hourly,2026-08-17T18:48:05Z,2026-08-17T18:48:05Z,
85.217.140.43,ipv4,malicious-ip,medium,WHITE,ziyadnz/hourly-ipv4,ziyadnz|hourly,2026-08-17T18:48:05Z,2026-08-17T18:48:05Z,
85.217.140.44,ipv4,malicious-ip,medium,WHITE,ziyadnz/hourly-ipv4,ziyadnz|hourly,2026-08-17T18:48:05Z,2026-08-17T18:48:05Z,
85.217.140.45,ipv4,malicious-ip,medium,WHITE,ziyadnz/hourly-ipv4,ziyadnz|hourly,2026-08-17T18:48:05Z,2026-08-17T18:48:05Z,
85.217.140.46,ipv4,malicious-ip,medium,WHITE,ziyadnz/hourly-ipv4,ziyadnz|hourly,2026-08-17T18:48:05Z,2026-08-17T18:48:05Z,
85.217.140.47,ipv4,malicious-ip,medium,WHITE,ziyadnz/hourly-ipv4,ziyadnz|hourly,2026-08-17T18:48:05Z,2026-08-17T18:48:05Z,
85.217.140.48,ipv4,malicious-ip,medium,WHITE,ziyadnz/hourly-ipv4,ziyadnz|hourly,2026-08-17T18:48:05Z,2026-08-17T18:48:05Z,
85.217.140.49,ipv4,malicious-ip,medium,WHITE,ziyadnz/hourly-ipv4,ziyadnz|hourly,2026-08-17T18:48:05Z,2026-08-17T18:48:05Z,
85.217.140.5,ipv4,malicious-ip,medium,WHITE,ziyadnz/hourly-ipv4,ziyadnz|hourly,2026-08-17T18:48:05Z,2026-08-17T18:48:05Z,
85.217.140.50,ipv4,malicious-ip,medium,WHITE,ziyadnz/hourly-ipv4,ziyadnz|hourly,2026-08-17T18:48:05Z,2026-08-17T18:48:05Z,
85.217.140.51,ipv4,malicious-ip,medium,WHITE,ziyadnz/hourly-ipv4,ziyadnz|hourly,2026-08-17T18:48:05Z,2026-08-17T18:48:05Z,
85.217.140.52,ipv4,malicious-ip,medium,WHITE,ziyadnz/hourly-ipv4,ziyadnz|hourly,2026-08-17T18:48:05Z,2026-08-17T18:48:05Z,
85.217.140.53,ipv4,malicious-ip,medium,WHITE,ziyadnz/hourly-ipv4,ziyadnz|hourly,2026-08-17T18:48:05Z,2026-08-17T18:48:05Z,
85.217.140.54,ipv4,malicious-ip,medium,WHITE,ziyadnz/hourly-ipv4,ziyadnz|hourly,2026-08-17T18:48:05Z,2026-08-17T18:48:05Z,
85.217.140.6,ipv4,malicious-ip,medium,WHITE,ziyadnz/hourly-ipv4,ziyadnz|hourly,2026-08-17T18:48:05Z,2026-08-17T18:48:05Z,
85.217.140.7,ipv4,malicious-ip,medium,WHITE,ziyadnz/hourly-ipv4,ziyadnz|hourly,2026-08-17T18:48:05Z,2026-08-17T18:48:05Z,
85.217.140.8,ipv4,malicious-ip,medium,WHITE,ziyadnz/hourly-ipv4,ziyadnz|hourly,2026-08-17T18:48:05Z,2026-08-17T18:48:05Z,
85.217.140.9,ipv4,malicious-ip,medium,WHITE,ziyadnz/hourly-ipv4,ziyadnz|hourly,2026-08-17T18:48:05Z,2026-08-17T18:48:05Z,
85.217.144.111,ipv4,malicious-ip,medium,WHITE,ziyadnz/hourly-ipv4,ziyadnz|hourly,2026-08-17T18:48:05Z,2026-08-17T18:48:05Z,
85.217.144.112,ipv4,malicious-ip,medium,WHITE,ziyadnz/hourly-ipv4,ziyadnz|hourly,2026-08-17T18:48:05Z,2026-08-17T18:48:05Z,
85.217.144.114,ipv4,malicious-ip,medium,WHITE,ziyadnz/hourly-ipv4,ziyadnz|hourly,2026-08-17T18:48:05Z,2026-08-17T18:48:05Z,
85.217.144.115,ipv4,malicious-ip,medium,WHITE,ziyadnz/hourly-ipv4,ziyadnz|hourly,2026-08-17T18:48:05Z,2026-08-17T18:48:05Z,
85.217.144.130,ipv4,malicious-ip,medium,WHITE,ziyadnz/hourly-ipv4,ziyadnz|hourly,2026-08-17T18:48:05Z,2026-08-17T18:48:05Z,
85.217.144.143,ipv4,malicious-ip,medium,WHITE,ziyadnz/hourly-ipv4,ziyadnz|hourly,2026-08-17T18:48:05Z,2026-08-17T18:48:05Z,
85.217.144.164,ipv4,malicious-ip,medium,WHITE,ziyadnz/hourly-ipv4,ziyadnz|hourly,2026-08-17T18:48:05Z,2026-08-17T18:48:05Z,
85.217.144.207,ipv4,malicious-ip,medium,WHITE,ziyadnz/hourly-ipv4,ziyadnz|hourly,2026-08-17T18:48:05Z,2026-08-17T18:48:05Z,
85.217.144.233,ipv4,malicious-ip,medium,WHITE,ziyadnz/hourly-ipv4,ziyadnz|hourly,2026-08-17T18:48:05Z,2026-08-17T18:48:05Z,
85.217.144.35,ipv4,malicious-ip,medium,WHITE,ziyadnz/hourly-ipv4,ziyadnz|hourly,2026-08-17T18:48:05Z,2026-08-17T18:48:05Z,
85.217.149.0,ipv4,malicious-ip,medium,WHITE,ziyadnz/hourly-ipv4,ziyadnz|hourly,2026-08-17T18:48:05Z,2026-08-17T18:48:05Z,
85.217.149.1,ipv4,malicious-ip,medium,WHITE,ziyadnz/hourly-ipv4,ziyadnz|hourly,2026-08-17T18:48:05Z,2026-08-17T18:48:05Z,
85.217.149.10,ipv4,malicious-ip,medium,WHITE,ziyadnz/hourly-ipv4,ziyadnz|hourly,2026-08-17T18:48:05Z,2026-08-17T18:48:05Z,
85.217.149.11,ipv4,malicious-ip,medium,WHITE,ziyadnz/hourly-ipv4,ziyadnz|hourly,2026-08-17T18:48:05Z,2026-08-17T18:48:05Z,
85.217.149.12,ipv4,malicious-ip,medium,WHITE,ziyadnz/hourly-ipv4,ziyadnz|hourly,2026-08-17T18:48:05Z,2026-08-17T18:48:05Z,
85.217.149.13,ipv4,malicious-ip,medium,WHITE,ziyadnz/hourly-ipv4,ziyadnz|hourly,2026-08-17T18:48:05Z,2026-08-17T18:48:05Z,
85.217.149.14,ipv4,malicious-ip,medium,WHITE,ziyadnz/hourly-ipv4,ziyadnz|hourly,2026-08-17T18:48:05Z,2026-08-17T18:48:05Z,
85.217.149.15,ipv4,malicious-ip,medium,WHITE,ziyadnz/hourly-ipv4,ziyadnz|hourly,2026-08-17T18:48:05Z,2026-08-17T18:48:05Z,
85.217.149.16,ipv4,malicious-ip,medium,WHITE,ziyadnz/hourly-ipv4,ziyadnz|hourly,2026-08-17T18:48:05Z,2026-08-17T18:48:05Z,
85.217.149.17,ipv4,malicious-ip,medium,WHITE,ziyadnz/hourly-ipv4,ziyadnz|hourly,2026-08-17T18:48:05Z,2026-08-17T18:48:05Z,
85.217.149.18,ipv4,malicious-ip,medium,WHITE,ziyadnz/hourly-ipv4,ziyadnz|hourly,2026-08-17T18:48:05Z,2026-08-17T18:48:05Z,
85.217.149.19,ipv4,malicious-ip,medium,WHITE,ziyadnz/hourly-ipv4,ziyadnz|hourly,2026-08-17T18:48:05Z,2026-08-17T18:48:05Z,
85.217.149.2,ipv4,malicious-ip,medium,WHITE,ziyadnz/hourly-ipv4,ziyadnz|hourly,2026-08-17T18:48:05Z,2026-08-17T18:48:05Z,
85.217.149.20,ipv4,malicious-ip,medium,WHITE,ziyadnz/hourly-ipv4,ziyadnz|hourly,2026-08-17T18:48:05Z,2026-08-17T18:48:05Z,
85.217.149.21,ipv4,malicious-ip,medium,WHITE,ziyadnz/hourly-ipv4,ziyadnz|hourly,2026-08-17T18:48:05Z,2026-08-17T18:48:05Z,
85.217.149.22,ipv4,malicious-ip,medium,WHITE,ziyadnz/hourly-ipv4,ziyadnz|hourly,2026-08-17T18:48:05Z,2026-08-17T18:48:05Z,
85.217.149.23,ipv4,malicious-ip,medium,WHITE,ziyadnz/hourly-ipv4,ziyadnz|hourly,2026-08-17T18:48:05Z,2026-08-17T18:48:05Z,
85.217.149.24,ipv4,malicious-ip,medium,WHITE,ziyadnz/hourly-ipv4,ziyadnz|hourly,2026-08-17T18:48:05Z,2026-08-17T18:48:05Z,
85.217.149.25,ipv4,malicious-ip,medium,WHITE,ziyadnz/hourly-ipv4,ziyadnz|hourly,2026-08-17T18:48:05Z,2026-08-17T18:48:05Z,
85.217.149.26,ipv4,malicious-ip,medium,WHITE,ziyadnz/hourly-ipv4,ziyadnz|hourly,2026-08-17T18:48:05Z,2026-08-17T18:48:05Z,
85.217.149.27,ipv4,malicious-ip,medium,WHITE,ziyadnz/hourly-ipv4,ziyadnz|hourly,2026-08-17T18:48:05Z,2026-08-17T18:48:05Z,
85.217.149.28,ipv4,malicious-ip,medium,WHITE,ziyadnz/hourly-ipv4,ziyadnz|hourly,2026-08-17T18:48:05Z,2026-08-17T18:48:05Z,
85.217.149.29,ipv4,malicious-ip,medium,WHITE,ziyadnz/hourly-ipv4,ziyadnz|hourly,2026-08-17T18:48:05Z,2026-08-17T18:48:05Z,
85.217.149.3,ipv4,malicious-ip,medium,WHITE,ziyadnz/hourly-ipv4,ziyadnz|hourly,2026-08-17T18:48:05Z,2026-08-17T18:48:05Z,
85.217.149.30,ipv4,malicious-ip,medium,WHITE,ziyadnz/hourly-ipv4,ziyadnz|hourly,2026-08-17T18:48:05Z,2026-08-17T18:48:05Z,
85.217.149.31,ipv4,malicious-ip,medium,WHITE,ziyadnz/hourly-ipv4,ziyadnz|hourly,2026-08-17T18:48:05Z,2026-08-17T18:48:05Z,
85.217.149.32,ipv4,malicious-ip,medium,WHITE,ziyadnz/hourly-ipv4,ziyadnz|hourly,2026-08-17T18:48:05Z,2026-08-17T18:48:05Z,
85.217.149.33,ipv4,malicious-ip,medium,WHITE,ziyadnz/hourly-ipv4,ziyadnz|hourly,2026-08-17T18:48:05Z,2026-08-17T18:48:05Z,
85.217.149.34,ipv4,malicious-ip,medium,WHITE,ziyadnz/hourly-ipv4,ziyadnz|hourly,2026-08-17T18:48:05Z,2026-08-17T18:48:05Z,
85.217.149.35,ipv4,malicious-ip,medium,WHITE,ziyadnz/hourly-ipv4,ziyadnz|hourly,2026-08-17T18:48:05Z,2026-08-17T18:48:05Z,
85.217.149.36,ipv4,malicious-ip,medium,WHITE,ziyadnz/hourly-ipv4,ziyadnz|hourly,2026-08-17T18:48:05Z,2026-08-17T18:48:05Z,
85.217.149.37,ipv4,malicious-ip,medium,WHITE,ziyadnz/hourly-ipv4,ziyadnz|hourly,2026-08-17T18:48:05Z,2026-08-17T18:48:05Z,
85.217.149.38,ipv4,malicious-ip,medium,WHITE,ziyadnz/hourly-ipv4,ziyadnz|hourly,2026-08-17T18:48:05Z,2026-08-17T18:48:05Z,
85.217.149.39,ipv4,malicious-ip,medium,WHITE,ziyadnz/hourly-ipv4,ziyadnz|hourly,2026-08-17T18:48:05Z,2026-08-17T18:48:05Z,
85.217.149.4,ipv4,malicious-ip,medium,WHITE,ziyadnz/hourly-ipv4,ziyadnz|hourly,2026-08-17T18:48:05Z,2026-08-17T18:48:05Z,
85.217.149.40,ipv4,malicious-ip,medium,WHITE,ziyadnz/hourly-ipv4,ziyadnz|hourly,2026-08-17T18:48:05Z,2026-08-17T18:48:05Z,
85.217.149.41,ipv4,malicious-ip,medium,WHITE,ziyadnz/hourly-ipv4,ziyadnz|hourly,2026-08-17T18:48:05Z,2026-08-17T18:48:05Z,
85.217.149.42,ipv4,malicious-ip,medium,WHITE,ziyadnz/hourly-ipv4,ziyadnz|hourly,2026-08-17T18:48:05Z,2026-08-17T18:48:05Z,
85.217.149.43,ipv4,malicious-ip,medium,WHITE,ziyadnz/hourly-ipv4,ziyadnz|hourly,2026-08-17T18:48:05Z,2026-08-17T18:48:05Z,
85.217.149.44,ipv4,malicious-ip,medium,WHITE,ziyadnz/hourly-ipv4,ziyadnz|hourly,2026-08-17T18:48:05Z,2026-08-17T18:48:05Z,
85.217.149.45,ipv4,malicious-ip,medium,WHITE,ziyadnz/hourly-ipv4,ziyadnz|hourly,2026-08-17T18:48:05Z,2026-08-17T18:48:05Z,
85.217.149.46,ipv4,malicious-ip,medium,WHITE,ziyadnz/hourly-ipv4,ziyadnz|hourly,2026-08-17T18:48:05Z,2026-08-17T18:48:05Z,
85.217.149.47,ipv4,malicious-ip,medium,WHITE,ziyadnz/hourly-ipv4,ziyadnz|hourly,2026-08-17T18:48:05Z,2026-08-17T18:48:05Z,
85.217.149.48,ipv4,malicious-ip,medium,WHITE,ziyadnz/hourly-ipv4,ziyadnz|hourly,2026-08-17T18:48:05Z,2026-08-17T18:48:05Z,
85.217.149.49,ipv4,malicious-ip,medium,WHITE,ziyadnz/hourly-ipv4,ziyadnz|hourly,2026-08-17T18:48:05Z,2026-08-17T18:48:05Z,
85.217.149.5,ipv4,malicious-ip,medium,WHITE,ziyadnz/hourly-ipv4,ziyadnz|hourly,2026-08-17T18:48:05Z,2026-08-17T18:48:05Z,
85.217.149.50,ipv4,malicious-ip,medium,WHITE,ziyadnz/hourly-ipv4,ziyadnz|hourly,2026-08-17T18:48:05Z,2026-08-17T18:48:05Z,
85.217.149.51,ipv4,malicious-ip,medium,WHITE,ziyadnz/hourly-ipv4,ziyadnz|hourly,2026-08-17T18:48:05Z,2026-08-17T18:48:05Z,
85.217.149.52,ipv4,malicious-ip,medium,WHITE,ziyadnz/hourly-ipv4,ziyadnz|hourly,2026-08-17T18:48:05Z,2026-08-17T18:48:05Z,
85.217.149.53,ipv4,malicious-ip,medium,WHITE,ziyadnz/hourly-ipv4,ziyadnz|hourly,2026-08-17T18:48:05Z,2026-08-17T18:48:05Z,
85.217.149.54,ipv4,malicious-ip,medium,WHITE,ziyadnz/hourly-ipv4,ziyadnz|hourly,2026-08-17T18:48:05Z,2026-08-17T18:48:05Z,
85.217.149.55,ipv4,malicious-ip,medium,WHITE,ziyadnz/hourly-ipv4,ziyadnz|hourly,2026-08-17T18:48:05Z,2026-08-17T18:48:05Z,
85.217.149.56,ipv4,malicious-ip,medium,WHITE,ziyadnz/hourly-ipv4,ziyadnz|hourly,2026-08-17T18:48:05Z,2026-08-17T18:48:05Z,
85.217.149.57,ipv4,malicious-ip,medium,WHITE,ziyadnz/hourly-ipv4,ziyadnz|hourly,2026-08-17T18:48:05Z,2026-08-17T18:48:05Z,
85.217.149.58,ipv4,malicious-ip,medium,WHITE,ziyadnz/hourly-ipv4,ziyadnz|hourly,2026-08-17T18:48:05Z,2026-08-17T18:48:05Z,
85.217.149.59,ipv4,malicious-ip,medium,WHITE,ziyadnz/hourly-ipv4,ziyadnz|hourly,2026-08-17T18:48:05Z,2026-08-17T18:48:05Z,
85.217.149.6,ipv4,malicious-ip,medium,WHITE,ziyadnz/hourly-ipv4,ziyadnz|hourly,2026-08-17T18:48:05Z,2026-08-17T18:48:05Z,
85.217.149.60,ipv4,malicious-ip,medium,WHITE,ziyadnz/hourly-ipv4,ziyadnz|hourly,2026-08-17T18:48:05Z,2026-08-17T18:48:05Z,
85.217.149.61,ipv4,malicious-ip,medium,WHITE,ziyadnz/hourly-ipv4,ziyadnz|hourly,2026-08-17T18:48:05Z,2026-08-17T18:48:05Z,
85.217.149.62,ipv4,malicious-ip,medium,WHITE,ziyadnz/hourly-ipv4,ziyadnz|hourly,2026-08-17T18:48:05Z,2026-08-17T18:48:05Z,
85.217.149.63,ipv4,malicious-ip,medium,WHITE,ziyadnz/hourly-ipv4,ziyadnz|hourly,2026-08-17T18:48:05Z,2026-08-17T18:48:05Z,
85.217.149.64,ipv4,malicious-ip,medium,WHITE,ziyadnz/hourly-ipv4,ziyadnz|hourly,2026-08-17T18:48:05Z,2026-08-17T18:48:05Z,
85.217.149.65,ipv4,malicious-ip,medium,WHITE,ziyadnz/hourly-ipv4,ziyadnz|hourly,2026-08-17T18:48:05Z,2026-08-17T18:48:05Z,
85.217.149.66,ipv4,malicious-ip,medium,WHITE,ziyadnz/hourly-ipv4,ziyadnz|hourly,2026-08-17T18:48:05Z,2026-08-17T18:48:05Z,
85.217.149.67,ipv4,malicious-ip,medium,WHITE,ziyadnz/hourly-ipv4,ziyadnz|hourly,2026-08-17T18:48:05Z,2026-08-17T18:48:05Z,
85.217.149.68,ipv4,malicious-ip,medium,WHITE,ziyadnz/hourly-ipv4,ziyadnz|hourly,2026-08-17T18:48:05Z,2026-08-17T18:48:05Z,
85.217.149.69,ipv4,malicious-ip,medium,WHITE,ziyadnz/hourly-ipv4,ziyadnz|hourly,2026-08-17T18:48:05Z,2026-08-17T18:48:05Z,
85.217.149.7,ipv4,malicious-ip,medium,WHITE,ziyadnz/hourly-ipv4,ziyadnz|hourly,2026-08-17T18:48:05Z,2026-08-17T18:48:05Z,
85.217.149.70,ipv4,malicious-ip,medium,WHITE,ziyadnz/hourly-ipv4,ziyadnz|hourly,2026-08-17T18:48:05Z,2026-08-17T18:48:05Z,
85.217.149.71,ipv4,malicious-ip,medium,WHITE,ziyadnz/hourly-ipv4,ziyadnz|hourly,2026-08-17T18:48:05Z,2026-08-17T18:48:05Z,
85.217.149.72,ipv4,malicious-ip,medium,WHITE,ziyadnz/hourly-ipv4,ziyadnz|hourly,2026-08-17T18:48:05Z,2026-08-17T18:48:05Z,
85.217.149.73,ipv4,malicious-ip,medium,WHITE,ziyadnz/hourly-ipv4,ziyadnz|hourly,2026-08-17T18:48:05Z,2026-08-17T18:48:05Z,
85.217.149.74,ipv4,malicious-ip,medium,WHITE,ziyadnz/hourly-ipv4,ziyadnz|hourly,2026-08-17T18:48:05Z,2026-08-17T18:48:05Z,
85.217.149.8,ipv4,malicious-ip,medium,WHITE,ziyadnz/hourly-ipv4,ziyadnz|hourly,2026-08-17T18:48:05Z,2026-08-17T18:48:05Z,
85.217.149.9,ipv4,malicious-ip,medium,WHITE,ziyadnz/hourly-ipv4,ziyadnz|hourly,2026-08-17T18:48:05Z,2026-08-17T18:48:05Z,
85.217.168.19,ipv4,malicious-ip,medium,WHITE,ziyadnz/hourly-ipv4,ziyadnz|hourly,2026-08-17T18:48:05Z,2026-08-17T18:48:05Z,
85.217.247.109,ipv4,malicious-ip,medium,WHITE,ziyadnz/hourly-ipv4,ziyadnz|hourly,2026-08-17T18:48:05Z,2026-08-17T18:48:05Z,
85.219.201.2,ipv4,malicious-ip,medium,WHITE,ziyadnz/hourly-ipv4,ziyadnz|hourly,2026-08-17T18:48:05Z,2026-08-17T18:48:05Z,
85.223.216.218,ipv4,malicious-ip,medium,WHITE,ziyadnz/hourly-ipv4,ziyadnz|hourly,2026-08-17T18:48:05Z,2026-08-17T18:48:05Z,
85.223.254.86,ipv4,malicious-ip,medium,WHITE,ziyadnz/hourly-ipv4,ziyadnz|hourly,2026-08-17T18:48:05Z,2026-08-17T18:48:05Z,
85.224.251.132,ipv4,malicious-ip,medium,WHITE,ziyadnz/hourly-ipv4,ziyadnz|hourly,2026-08-17T18:48:05Z,2026-08-17T18:48:05Z,
85.225.226.35,ipv4,malicious-ip,medium,WHITE,ziyadnz/hourly-ipv4,ziyadnz|hourly,2026-08-17T18:48:05Z,2026-08-17T18:48:05Z,
85.234.100.149,ipv4,malicious-ip,medium,WHITE,ziyadnz/hourly-ipv4,ziyadnz|hourly,2026-08-17T18:48:05Z,2026-08-17T18:48:05Z,
85.234.100.88,ipv4,malicious-ip,medium,WHITE,ziyadnz/hourly-ipv4,ziyadnz|hourly,2026-08-17T18:48:05Z,2026-08-17T18:48:05Z,
85.234.16.237,ipv4,malicious-ip,medium,WHITE,ziyadnz/hourly-ipv4,ziyadnz|hourly,2026-08-17T18:48:05Z,2026-08-17T18:48:05Z,
85.234.196.223,ipv4,malicious-ip,medium,WHITE,ziyadnz/hourly-ipv4,ziyadnz|hourly,2026-08-17T18:48:05Z,2026-08-17T18:48:05Z,
85.234.8.116,ipv4,malicious-ip,medium,WHITE,ziyadnz/hourly-ipv4,ziyadnz|hourly,2026-08-17T18:48:05Z,2026-08-17T18:48:05Z,
85.234.91.247,ipv4,malicious-ip,medium,WHITE,ziyadnz/hourly-ipv4,ziyadnz|hourly,2026-08-17T18:48:05Z,2026-08-17T18:48:05Z,
85.235.33.142,ipv4,malicious-ip,medium,WHITE,ziyadnz/hourly-ipv4,ziyadnz|hourly,2026-08-17T18:48:05Z,2026-08-17T18:48:05Z,
85.235.43.183,ipv4,malicious-ip,medium,WHITE,ziyadnz/hourly-ipv4,ziyadnz|hourly,2026-08-17T18:48:05Z,2026-08-17T18:48:05Z,
85.236.26.130,ipv4,malicious-ip,medium,WHITE,ziyadnz/hourly-ipv4,ziyadnz|hourly,2026-08-17T18:48:05Z,2026-08-17T18:48:05Z,
85.237.212.22,ipv4,malicious-ip,medium,WHITE,ziyadnz/hourly-ipv4,ziyadnz|hourly,2026-08-17T18:48:05Z,2026-08-17T18:48:05Z,
85.237.36.16,ipv4,malicious-ip,medium,WHITE,ziyadnz/hourly-ipv4,ziyadnz|hourly,2026-08-17T18:48:05Z,2026-08-17T18:48:05Z,
85.237.61.88,ipv4,malicious-ip,medium,WHITE,ziyadnz/hourly-ipv4,ziyadnz|hourly,2026-08-17T18:48:05Z,2026-08-17T18:48:05Z,
85.238.66.242,ipv4,malicious-ip,medium,WHITE,ziyadnz/hourly-ipv4,ziyadnz|hourly,2026-08-17T18:48:05Z,2026-08-17T18:48:05Z,
85.239.144.101,ipv4,malicious-ip,medium,WHITE,ziyadnz/hourly-ipv4,ziyadnz|hourly,2026-08-17T18:48:05Z,2026-08-17T18:48:05Z,
85.239.144.31,ipv4,malicious-ip,medium,WHITE,ziyadnz/hourly-ipv4,ziyadnz|hourly,2026-08-17T18:48:05Z,2026-08-17T18:48:05Z,
85.239.149.16,ipv4,malicious-ip,medium,WHITE,ziyadnz/hourly-ipv4,ziyadnz|hourly,2026-08-17T18:48:05Z,2026-08-17T18:48:05Z,
85.239.149.40,ipv4,malicious-ip,medium,WHITE,ziyadnz/hourly-ipv4,ziyadnz|hourly,2026-08-17T18:48:05Z,2026-08-17T18:48:05Z,
85.239.149.78,ipv4,malicious-ip,medium,WHITE,ziyadnz/hourly-ipv4,ziyadnz|hourly,2026-08-17T18:48:05Z,2026-08-17T18:48:05Z,
85.239.151.10,ipv4,malicious-ip,medium,WHITE,ziyadnz/hourly-ipv4,ziyadnz|hourly,2026-08-17T18:48:05Z,2026-08-17T18:48:05Z,
85.239.151.34,ipv4,malicious-ip,medium,WHITE,ziyadnz/hourly-ipv4,ziyadnz|hourly,2026-08-17T18:48:05Z,2026-08-17T18:48:05Z,
85.239.151.36,ipv4,malicious-ip,medium,WHITE,ziyadnz/hourly-ipv4,ziyadnz|hourly,2026-08-17T18:48:05Z,2026-08-17T18:48:05Z,
85.239.151.41,ipv4,malicious-ip,medium,WHITE,ziyadnz/hourly-ipv4,ziyadnz|hourly,2026-08-17T18:48:05Z,2026-08-17T18:48:05Z,
85.239.230.165,ipv4,malicious-ip,medium,WHITE,ziyadnz/hourly-ipv4,ziyadnz|hourly,2026-08-17T18:48:05Z,2026-08-17T18:48:05Z,
85.239.243.155,ipv4,malicious-ip,medium,WHITE,ziyadnz/hourly-ipv4,ziyadnz|hourly,2026-08-17T18:48:05Z,2026-08-17T18:48:05Z,
85.239.33.149,ipv4,malicious-ip,medium,WHITE,ziyadnz/hourly-ipv4,ziyadnz|hourly,2026-08-17T18:48:05Z,2026-08-17T18:48:05Z,
85.239.34.174,ipv4,malicious-ip,medium,WHITE,ziyadnz/hourly-ipv4,ziyadnz|hourly,2026-08-17T18:48:05Z,2026-08-17T18:48:05Z,
85.239.52.96,ipv4,malicious-ip,medium,WHITE,ziyadnz/hourly-ipv4,ziyadnz|hourly,2026-08-17T18:48:05Z,2026-08-17T18:48:05Z,
85.239.52.99,ipv4,malicious-ip,medium,WHITE,ziyadnz/hourly-ipv4,ziyadnz|hourly,2026-08-17T18:48:05Z,2026-08-17T18:48:05Z,
85.239.53.219,ipv4,malicious-ip,medium,WHITE,ziyadnz/hourly-ipv4,ziyadnz|hourly,2026-08-17T18:48:05Z,2026-08-17T18:48:05Z,
85.239.56.61,ipv4,malicious-ip,medium,WHITE,ziyadnz/hourly-ipv4,ziyadnz|hourly,2026-08-17T18:48:05Z,2026-08-17T18:48:05Z,
85.239.57.141,ipv4,malicious-ip,medium,WHITE,ziyadnz/hourly-ipv4,ziyadnz|hourly,2026-08-17T18:48:05Z,2026-08-17T18:48:05Z,
85.239.60.40,ipv4,malicious-ip,medium,WHITE,ziyadnz/hourly-ipv4,ziyadnz|hourly,2026-08-17T18:48:05Z,2026-08-17T18:48:05Z,
85.239.61.60,ipv4,malicious-ip,medium,WHITE,ziyadnz/hourly-ipv4,ziyadnz|hourly,2026-08-17T18:48:05Z,2026-08-17T18:48:05Z,
85.239.62.36,ipv4,malicious-ip,medium,WHITE,ziyadnz/hourly-ipv4,ziyadnz|hourly,2026-08-17T18:48:05Z,2026-08-17T18:48:05Z,
85.239.63.12,ipv4,malicious-ip,medium,WHITE,ziyadnz/hourly-ipv4,ziyadnz|hourly,2026-08-17T18:48:05Z,2026-08-17T18:48:05Z,
85.239.63.37,ipv4,malicious-ip,medium,WHITE,ziyadnz/hourly-ipv4,ziyadnz|hourly,2026-08-17T18:48:05Z,2026-08-17T18:48:05Z,
85.239.63.69,ipv4,malicious-ip,medium,WHITE,ziyadnz/hourly-ipv4,ziyadnz|hourly,2026-08-17T18:48:05Z,2026-08-17T18:48:05Z,
85.24.223.224,ipv4,malicious-ip,medium,WHITE,ziyadnz/hourly-ipv4,ziyadnz|hourly,2026-08-17T18:48:05Z,2026-08-17T18:48:05Z,
85.240.62.84,ipv4,malicious-ip,medium,WHITE,ziyadnz/hourly-ipv4,ziyadnz|hourly,2026-08-17T18:48:05Z,2026-08-17T18:48:05Z,
85.242.64.48,ipv4,malicious-ip,medium,WHITE,ziyadnz/hourly-ipv4,ziyadnz|hourly,2026-08-17T18:48:05Z,2026-08-17T18:48:05Z,
85.243.203.209,ipv4,malicious-ip,medium,WHITE,ziyadnz/hourly-ipv4,ziyadnz|hourly,2026-08-17T18:48:05Z,2026-08-17T18:48:05Z,
85.244.79.143,ipv4,malicious-ip,medium,WHITE,ziyadnz/hourly-ipv4,ziyadnz|hourly,2026-08-17T18:48:05Z,2026-08-17T18:48:05Z,
85.25.108.119,ipv4,malicious-ip,medium,WHITE,ziyadnz/hourly-ipv4,ziyadnz|hourly,2026-08-17T18:48:05Z,2026-08-17T18:48:05Z,
85.250.52.63,ipv4,malicious-ip,medium,WHITE,ziyadnz/hourly-ipv4,ziyadnz|hourly,2026-08-17T18:48:05Z,2026-08-17T18:48:05Z,
85.254.180.0,ipv4,malicious-ip,medium,WHITE,ziyadnz/hourly-ipv4,ziyadnz|hourly,2026-08-17T18:48:05Z,2026-08-17T18:48:05Z,
85.254.180.119,ipv4,malicious-ip,medium,WHITE,ziyadnz/hourly-ipv4,ziyadnz|hourly,2026-08-17T18:48:05Z,2026-08-17T18:48:05Z,
85.254.180.146,ipv4,malicious-ip,medium,WHITE,ziyadnz/hourly-ipv4,ziyadnz|hourly,2026-08-17T18:48:05Z,2026-08-17T18:48:05Z,
85.254.180.149,ipv4,malicious-ip,medium,WHITE,ziyadnz/hourly-ipv4,ziyadnz|hourly,2026-08-17T18:48:05Z,2026-08-17T18:48:05Z,
85.254.180.153,ipv4,malicious-ip,medium,WHITE,ziyadnz/hourly-ipv4,ziyadnz|hourly,2026-08-17T18:48:05Z,2026-08-17T18:48:05Z,
85.254.180.154,ipv4,malicious-ip,medium,WHITE,ziyadnz/hourly-ipv4,ziyadnz|hourly,2026-08-17T18:48:05Z,2026-08-17T18:48:05Z,
85.254.180.180,ipv4,malicious-ip,medium,WHITE,ziyadnz/hourly-ipv4,ziyadnz|hourly,2026-08-17T18:48:05Z,2026-08-17T18:48:05Z,
85.254.180.184,ipv4,malicious-ip,medium,WHITE,ziyadnz/hourly-ipv4,ziyadnz|hourly,2026-08-17T18:48:05Z,2026-08-17T18:48:05Z,
85.254.180.198,ipv4,malicious-ip,medium,WHITE,ziyadnz/hourly-ipv4,ziyadnz|hourly,2026-08-17T18:48:05Z,2026-08-17T18:48:05Z,
85.254.180.214,ipv4,malicious-ip,medium,WHITE,ziyadnz/hourly-ipv4,ziyadnz|hourly,2026-08-17T18:48:05Z,2026-08-17T18:48:05Z,
85.254.180.226,ipv4,malicious-ip,medium,WHITE,ziyadnz/hourly-ipv4,ziyadnz|hourly,2026-08-17T18:48:05Z,2026-08-17T18:48:05Z,
85.254.180.228,ipv4,malicious-ip,medium,WHITE,ziyadnz/hourly-ipv4,ziyadnz|hourly,2026-08-17T18:48:05Z,2026-08-17T18:48:05Z,
85.254.180.236,ipv4,malicious-ip,medium,WHITE,ziyadnz/hourly-ipv4,ziyadnz|hourly,2026-08-17T18:48:05Z,2026-08-17T18:48:05Z,
85.254.180.241,ipv4,malicious-ip,medium,WHITE,ziyadnz/hourly-ipv4,ziyadnz|hourly,2026-08-17T18:48:05Z,2026-08-17T18:48:05Z,
85.254.180.247,ipv4,malicious-ip,medium,WHITE,ziyadnz/hourly-ipv4,ziyadnz|hourly,2026-08-17T18:48:05Z,2026-08-17T18:48:05Z,
85.254.180.29,ipv4,malicious-ip,medium,WHITE,ziyadnz/hourly-ipv4,ziyadnz|hourly,2026-08-17T18:48:05Z,2026-08-17T18:48:05Z,
85.254.180.64,ipv4,malicious-ip,medium,WHITE,ziyadnz/hourly-ipv4,ziyadnz|hourly,2026-08-17T18:48:05Z,2026-08-17T18:48:05Z,
85.254.180.67,ipv4,malicious-ip,medium,WHITE,ziyadnz/hourly-ipv4,ziyadnz|hourly,2026-08-17T18:48:05Z,2026-08-17T18:48:05Z,
85.254.180.77,ipv4,malicious-ip,medium,WHITE,ziyadnz/hourly-ipv4,ziyadnz|hourly,2026-08-17T18:48:05Z,2026-08-17T18:48:05Z,
85.254.180.86,ipv4,malicious-ip,medium,WHITE,ziyadnz/hourly-ipv4,ziyadnz|hourly,2026-08-17T18:48:05Z,2026-08-17T18:48:05Z,
85.254.180.92,ipv4,malicious-ip,medium,WHITE,ziyadnz/hourly-ipv4,ziyadnz|hourly,2026-08-17T18:48:05Z,2026-08-17T18:48:05Z,
85.255.161.39,ipv4,malicious-ip,medium,WHITE,ziyadnz/hourly-ipv4,ziyadnz|hourly,2026-08-17T18:48:05Z,2026-08-17T18:48:05Z,
85.255.64.156,ipv4,malicious-ip,medium,WHITE,ziyadnz/hourly-ipv4,ziyadnz|hourly,2026-08-17T18:48:05Z,2026-08-17T18:48:05Z,
85.255.64.159,ipv4,malicious-ip,medium,WHITE,ziyadnz/hourly-ipv4,ziyadnz|hourly,2026-08-17T18:48:05Z,2026-08-17T18:48:05Z,
85.26.107.89,ipv4,malicious-ip,medium,WHITE,ziyadnz/hourly-ipv4,ziyadnz|hourly,2026-08-17T18:48:05Z,2026-08-17T18:48:05Z,
85.26.202.102,ipv4,malicious-ip,medium,WHITE,ziyadnz/hourly-ipv4,ziyadnz|hourly,2026-08-17T18:48:05Z,2026-08-17T18:48:05Z,
85.29.137.56,ipv4,malicious-ip,medium,WHITE,ziyadnz/hourly-ipv4,ziyadnz|hourly,2026-08-17T18:48:05Z,2026-08-17T18:48:05Z,
85.29.149.211,ipv4,malicious-ip,medium,WHITE,ziyadnz/hourly-ipv4,ziyadnz|hourly,2026-08-17T18:48:05Z,2026-08-17T18:48:05Z,
85.30.212.23,ipv4,malicious-ip,medium,WHITE,ziyadnz/hourly-ipv4,ziyadnz|hourly,2026-08-17T18:48:05Z,2026-08-17T18:48:05Z,
85.30.248.213,ipv4,malicious-ip,medium,WHITE,ziyadnz/hourly-ipv4,ziyadnz|hourly,2026-08-17T18:48:05Z,2026-08-17T18:48:05Z,
85.31.231.49,ipv4,malicious-ip,medium,WHITE,ziyadnz/hourly-ipv4,ziyadnz|hourly,2026-08-17T18:48:05Z,2026-08-17T18:48:05Z,
85.31.44.190,ipv4,malicious-ip,medium,WHITE,ziyadnz/hourly-ipv4,ziyadnz|hourly,2026-08-17T18:48:05Z,2026-08-17T18:48:05Z,
85.31.45.199,ipv4,malicious-ip,medium,WHITE,ziyadnz/hourly-ipv4,ziyadnz|hourly,2026-08-17T18:48:05Z,2026-08-17T18:48:05Z,
85.31.46.78,ipv4,malicious-ip,medium,WHITE,ziyadnz/hourly-ipv4,ziyadnz|hourly,2026-08-17T18:48:05Z,2026-08-17T18:48:05Z,
85.5.148.125,ipv4,malicious-ip,medium,WHITE,ziyadnz/hourly-ipv4,ziyadnz|hourly,2026-08-17T18:48:05Z,2026-08-17T18:48:05Z,
85.50.120.247,ipv4,malicious-ip,medium,WHITE,ziyadnz/hourly-ipv4,ziyadnz|hourly,2026-08-17T18:48:05Z,2026-08-17T18:48:05Z,
85.50.130.150,ipv4,malicious-ip,medium,WHITE,ziyadnz/hourly-ipv4,ziyadnz|hourly,2026-08-17T18:48:05Z,2026-08-17T18:48:05Z,
85.50.149.216,ipv4,malicious-ip,medium,WHITE,ziyadnz/hourly-ipv4,ziyadnz|hourly,2026-08-17T18:48:05Z,2026-08-17T18:48:05Z,
85.50.194.51,ipv4,malicious-ip,medium,WHITE,ziyadnz/hourly-ipv4,ziyadnz|hourly,2026-08-17T18:48:05Z,2026-08-17T18:48:05Z,
85.51.197.97,ipv4,malicious-ip,medium,WHITE,ziyadnz/hourly-ipv4,ziyadnz|hourly,2026-08-17T18:48:05Z,2026-08-17T18:48:05Z,
85.51.235.230,ipv4,malicious-ip,medium,WHITE,ziyadnz/hourly-ipv4,ziyadnz|hourly,2026-08-17T18:48:05Z,2026-08-17T18:48:05Z,
85.56.210.6,ipv4,malicious-ip,medium,WHITE,ziyadnz/hourly-ipv4,ziyadnz|hourly,2026-08-17T18:48:05Z,2026-08-17T18:48:05Z,
85.56.236.45,ipv4,malicious-ip,medium,WHITE,ziyadnz/hourly-ipv4,ziyadnz|hourly,2026-08-17T18:48:05Z,2026-08-17T18:48:05Z,
85.59.234.246,ipv4,malicious-ip,medium,WHITE,ziyadnz/hourly-ipv4,ziyadnz|hourly,2026-08-17T18:48:05Z,2026-08-17T18:48:05Z,
85.6.232.221,ipv4,malicious-ip,medium,WHITE,ziyadnz/hourly-ipv4,ziyadnz|hourly,2026-08-17T18:48:05Z,2026-08-17T18:48:05Z,
85.62.29.213,ipv4,malicious-ip,medium,WHITE,ziyadnz/hourly-ipv4,ziyadnz|hourly,2026-08-17T18:48:05Z,2026-08-17T18:48:05Z,
85.62.5.206,ipv4,malicious-ip,medium,WHITE,ziyadnz/hourly-ipv4,ziyadnz|hourly,2026-08-17T18:48:05Z,2026-08-17T18:48:05Z,
85.65.187.10,ipv4,malicious-ip,medium,WHITE,ziyadnz/hourly-ipv4,ziyadnz|hourly,2026-08-17T18:48:05Z,2026-08-17T18:48:05Z,
85.68.172.244,ipv4,malicious-ip,medium,WHITE,ziyadnz/hourly-ipv4,ziyadnz|hourly,2026-08-17T18:48:05Z,2026-08-17T18:48:05Z,
85.7.125.197,ipv4,malicious-ip,medium,WHITE,ziyadnz/hourly-ipv4,ziyadnz|hourly,2026-08-17T18:48:05Z,2026-08-17T18:48:05Z,
85.72.53.103,ipv4,malicious-ip,medium,WHITE,ziyadnz/hourly-ipv4,ziyadnz|hourly,2026-08-17T18:48:05Z,2026-08-17T18:48:05Z,
85.73.69.144,ipv4,malicious-ip,medium,WHITE,ziyadnz/hourly-ipv4,ziyadnz|hourly,2026-08-17T18:48:05Z,2026-08-17T18:48:05Z,
85.75.151.255,ipv4,malicious-ip,medium,WHITE,ziyadnz/hourly-ipv4,ziyadnz|hourly,2026-08-17T18:48:05Z,2026-08-17T18:48:05Z,
85.75.213.244,ipv4,malicious-ip,medium,WHITE,ziyadnz/hourly-ipv4,ziyadnz|hourly,2026-08-17T18:48:05Z,2026-08-17T18:48:05Z,
85.75.67.239,ipv4,malicious-ip,medium,WHITE,ziyadnz/hourly-ipv4,ziyadnz|hourly,2026-08-17T18:48:05Z,2026-08-17T18:48:05Z,
85.8.130.17,ipv4,malicious-ip,medium,WHITE,ziyadnz/hourly-ipv4,ziyadnz|hourly,2026-08-17T18:48:05Z,2026-08-17T18:48:05Z,
85.8.130.18,ipv4,malicious-ip,medium,WHITE,ziyadnz/hourly-ipv4,ziyadnz|hourly,2026-08-17T18:48:05Z,2026-08-17T18:48:05Z,
85.8.130.84,ipv4,malicious-ip,medium,WHITE,ziyadnz/hourly-ipv4,ziyadnz|hourly,2026-08-17T18:48:05Z,2026-08-17T18:48:05Z,
85.8.151.146,ipv4,malicious-ip,medium,WHITE,ziyadnz/hourly-ipv4,ziyadnz|hourly,2026-08-17T18:48:05Z,2026-08-17T18:48:05Z,
85.8.47.207,ipv4,malicious-ip,medium,WHITE,ziyadnz/hourly-ipv4,ziyadnz|hourly,2026-08-17T18:48:05Z,2026-08-17T18:48:05Z,
85.85.111.204,ipv4,malicious-ip,medium,WHITE,ziyadnz/hourly-ipv4,ziyadnz|hourly,2026-08-17T18:48:05Z,2026-08-17T18:48:05Z,
85.85.200.148,ipv4,malicious-ip,medium,WHITE,ziyadnz/hourly-ipv4,ziyadnz|hourly,2026-08-17T18:48:05Z,2026-08-17T18:48:05Z,
85.86.33.18,ipv4,malicious-ip,medium,WHITE,ziyadnz/hourly-ipv4,ziyadnz|hourly,2026-08-17T18:48:05Z,2026-08-17T18:48:05Z,
85.87.1.47,ipv4,malicious-ip,medium,WHITE,ziyadnz/hourly-ipv4,ziyadnz|hourly,2026-08-17T18:48:05Z,2026-08-17T18:48:05Z,
85.87.140.163,ipv4,malicious-ip,medium,WHITE,ziyadnz/hourly-ipv4,ziyadnz|hourly,2026-08-17T18:48:05Z,2026-08-17T18:48:05Z,
85.87.185.131,ipv4,malicious-ip,medium,WHITE,ziyadnz/hourly-ipv4,ziyadnz|hourly,2026-08-17T18:48:05Z,2026-08-17T18:48:05Z,
85.9.107.169,ipv4,malicious-ip,medium,WHITE,ziyadnz/hourly-ipv4,ziyadnz|hourly,2026-08-17T18:48:05Z,2026-08-17T18:48:05Z,
85.9.126.76,ipv4,malicious-ip,medium,WHITE,ziyadnz/hourly-ipv4,ziyadnz|hourly,2026-08-17T18:48:05Z,2026-08-17T18:48:05Z,
85.90.188.97,ipv4,malicious-ip,medium,WHITE,ziyadnz/hourly-ipv4,ziyadnz|hourly,2026-08-17T18:48:05Z,2026-08-17T18:48:05Z,
85.90.196.155,ipv4,malicious-ip,medium,WHITE,ziyadnz/hourly-ipv4,ziyadnz|hourly,2026-08-17T18:48:05Z,2026-08-17T18:48:05Z,
85.90.207.238,ipv4,malicious-ip,medium,WHITE,ziyadnz/hourly-ipv4,ziyadnz|hourly,2026-08-17T18:48:05Z,2026-08-17T18:48:05Z,
85.90.208.149,ipv4,malicious-ip,medium,WHITE,ziyadnz/hourly-ipv4,ziyadnz|hourly,2026-08-17T18:48:05Z,2026-08-17T18:48:05Z,
85.90.246.159,ipv4,malicious-ip,medium,WHITE,ziyadnz/hourly-ipv4,ziyadnz|hourly,2026-08-17T18:48:05Z,2026-08-17T18:48:05Z,
85.93.218.204,ipv4,malicious-ip,medium,WHITE,ziyadnz/hourly-ipv4,ziyadnz|hourly,2026-08-17T18:48:05Z,2026-08-17T18:48:05Z,
85.93.47.221,ipv4,malicious-ip,medium,WHITE,ziyadnz/hourly-ipv4,ziyadnz|hourly,2026-08-17T18:48:05Z,2026-08-17T18:48:05Z,
85.95.149.249,ipv4,malicious-ip,medium,WHITE,ziyadnz/hourly-ipv4,ziyadnz|hourly,2026-08-17T18:48:05Z,2026-08-17T18:48:05Z,
85.95.166.40,ipv4,malicious-ip,medium,WHITE,ziyadnz/hourly-ipv4,ziyadnz|hourly,2026-08-17T18:48:05Z,2026-08-17T18:48:05Z,
85.96.145.85,ipv4,malicious-ip,medium,WHITE,ziyadnz/hourly-ipv4,ziyadnz|hourly,2026-08-17T18:48:05Z,2026-08-17T18:48:05Z,
85.96.242.57,ipv4,malicious-ip,medium,WHITE,ziyadnz/hourly-ipv4,ziyadnz|hourly,2026-08-17T18:48:05Z,2026-08-17T18:48:05Z,
85.96.255.145,ipv4,malicious-ip,medium,WHITE,ziyadnz/hourly-ipv4,ziyadnz|hourly,2026-08-17T18:48:05Z,2026-08-17T18:48:05Z,
85.96.57.229,ipv4,malicious-ip,medium,WHITE,ziyadnz/hourly-ipv4,ziyadnz|hourly,2026-08-17T18:48:05Z,2026-08-17T18:48:05Z,
85.97.122.143,ipv4,malicious-ip,medium,WHITE,ziyadnz/hourly-ipv4,ziyadnz|hourly,2026-08-17T18:48:05Z,2026-08-17T18:48:05Z,
85.98.92.103,ipv4,malicious-ip,medium,WHITE,ziyadnz/hourly-ipv4,ziyadnz|hourly,2026-08-17T18:48:05Z,2026-08-17T18:48:05Z,
85.99.242.105,ipv4,malicious-ip,medium,WHITE,ziyadnz/hourly-ipv4,ziyadnz|hourly,2026-08-17T18:48:05Z,2026-08-17T18:48:05Z,
85.99.245.217,ipv4,malicious-ip,medium,WHITE,ziyadnz/hourly-ipv4,ziyadnz|hourly,2026-08-17T18:48:05Z,2026-08-17T18:48:05Z,
85.99.96.222,ipv4,malicious-ip,medium,WHITE,ziyadnz/hourly-ipv4,ziyadnz|hourly,2026-08-17T18:48:05Z,2026-08-17T18:48:05Z,
86.0.214.152,ipv4,malicious-ip,medium,WHITE,ziyadnz/hourly-ipv4,ziyadnz|hourly,2026-08-17T18:48:05Z,2026-08-17T18:48:05Z,
86.0.221.252,ipv4,malicious-ip,medium,WHITE,ziyadnz/hourly-ipv4,ziyadnz|hourly,2026-08-17T18:48:05Z,2026-08-17T18:48:05Z,
86.1.6.8,ipv4,malicious-ip,medium,WHITE,ziyadnz/hourly-ipv4,ziyadnz|hourly,2026-08-17T18:48:05Z,2026-08-17T18:48:05Z,
86.102.131.54,ipv4,malicious-ip,medium,WHITE,ziyadnz/hourly-ipv4,ziyadnz|hourly,2026-08-17T18:48:05Z,2026-08-17T18:48:05Z,
86.102.82.42,ipv4,malicious-ip,medium,WHITE,ziyadnz/hourly-ipv4,ziyadnz|hourly,2026-08-17T18:48:05Z,2026-08-17T18:48:05Z,
86.103.52.111,ipv4,malicious-ip,medium,WHITE,ziyadnz/hourly-ipv4,ziyadnz|hourly,2026-08-17T18:48:05Z,2026-08-17T18:48:05Z,
86.103.54.113,ipv4,malicious-ip,medium,WHITE,ziyadnz/hourly-ipv4,ziyadnz|hourly,2026-08-17T18:48:05Z,2026-08-17T18:48:05Z,
86.103.54.50,ipv4,malicious-ip,medium,WHITE,ziyadnz/hourly-ipv4,ziyadnz|hourly,2026-08-17T18:48:05Z,2026-08-17T18:48:05Z,
86.104.14.204,ipv4,malicious-ip,medium,WHITE,ziyadnz/hourly-ipv4,ziyadnz|hourly,2026-08-17T18:48:05Z,2026-08-17T18:48:05Z,
86.104.14.205,ipv4,malicious-ip,medium,WHITE,ziyadnz/hourly-ipv4,ziyadnz|hourly,2026-08-17T18:48:05Z,2026-08-17T18:48:05Z,
86.104.21.24,ipv4,malicious-ip,medium,WHITE,ziyadnz/hourly-ipv4,ziyadnz|hourly,2026-08-17T18:48:05Z,2026-08-17T18:48:05Z,
86.104.248.126,ipv4,malicious-ip,medium,WHITE,ziyadnz/hourly-ipv4,ziyadnz|hourly,2026-08-17T18:48:05Z,2026-08-17T18:48:05Z,
86.104.72.124,ipv4,malicious-ip,medium,WHITE,ziyadnz/hourly-ipv4,ziyadnz|hourly,2026-08-17T18:48:05Z,2026-08-17T18:48:05Z,
86.104.72.247,ipv4,malicious-ip,medium,WHITE,ziyadnz/hourly-ipv4,ziyadnz|hourly,2026-08-17T18:48:05Z,2026-08-17T18:48:05Z,
86.104.74.110,ipv4,malicious-ip,medium,WHITE,ziyadnz/hourly-ipv4,ziyadnz|hourly,2026-08-17T18:48:05Z,2026-08-17T18:48:05Z,
86.104.74.219,ipv4,malicious-ip,medium,WHITE,ziyadnz/hourly-ipv4,ziyadnz|hourly,2026-08-17T18:48:05Z,2026-08-17T18:48:05Z,
86.105.145.43,ipv4,malicious-ip,medium,WHITE,ziyadnz/hourly-ipv4,ziyadnz|hourly,2026-08-17T18:48:05Z,2026-08-17T18:48:05Z,
86.105.170.83,ipv4,malicious-ip,medium,WHITE,ziyadnz/hourly-ipv4,ziyadnz|hourly,2026-08-17T18:48:05Z,2026-08-17T18:48:05Z,
86.105.18.13,ipv4,malicious-ip,medium,WHITE,ziyadnz/hourly-ipv4,ziyadnz|hourly,2026-08-17T18:48:05Z,2026-08-17T18:48:05Z,
86.106.143.200,ipv4,malicious-ip,medium,WHITE,ziyadnz/hourly-ipv4,ziyadnz|hourly,2026-08-17T18:48:05Z,2026-08-17T18:48:05Z,
86.106.255.85,ipv4,malicious-ip,medium,WHITE,ziyadnz/hourly-ipv4,ziyadnz|hourly,2026-08-17T18:48:05Z,2026-08-17T18:48:05Z,
86.107.100.127,ipv4,malicious-ip,medium,WHITE,ziyadnz/hourly-ipv4,ziyadnz|hourly,2026-08-17T18:48:05Z,2026-08-17T18:48:05Z,
86.107.100.80,ipv4,malicious-ip,medium,WHITE,ziyadnz/hourly-ipv4,ziyadnz|hourly,2026-08-17T18:48:05Z,2026-08-17T18:48:05Z,
86.107.235.218,ipv4,malicious-ip,medium,WHITE,ziyadnz/hourly-ipv4,ziyadnz|hourly,2026-08-17T18:48:05Z,2026-08-17T18:48:05Z,
86.107.32.157,ipv4,malicious-ip,medium,WHITE,ziyadnz/hourly-ipv4,ziyadnz|hourly,2026-08-17T18:48:05Z,2026-08-17T18:48:05Z,
86.107.77.62,ipv4,malicious-ip,medium,WHITE,ziyadnz/hourly-ipv4,ziyadnz|hourly,2026-08-17T18:48:05Z,2026-08-17T18:48:05Z,
86.108.109.113,ipv4,malicious-ip,medium,WHITE,ziyadnz/hourly-ipv4,ziyadnz|hourly,2026-08-17T18:48:05Z,2026-08-17T18:48:05Z,
86.108.71.111,ipv4,malicious-ip,medium,WHITE,ziyadnz/hourly-ipv4,ziyadnz|hourly,2026-08-17T18:48:05Z,2026-08-17T18:48:05Z,
86.108.84.166,ipv4,malicious-ip,medium,WHITE,ziyadnz/hourly-ipv4,ziyadnz|hourly,2026-08-17T18:48:05Z,2026-08-17T18:48:05Z,
86.109.75.158,ipv4,malicious-ip,medium,WHITE,ziyadnz/hourly-ipv4,ziyadnz|hourly,2026-08-17T18:48:05Z,2026-08-17T18:48:05Z,
86.109.75.168,ipv4,malicious-ip,medium,WHITE,ziyadnz/hourly-ipv4,ziyadnz|hourly,2026-08-17T18:48:05Z,2026-08-17T18:48:05Z,
86.110.51.47,ipv4,malicious-ip,medium,WHITE,ziyadnz/hourly-ipv4,ziyadnz|hourly,2026-08-17T18:48:05Z,2026-08-17T18:48:05Z,
86.111.176.101,ipv4,malicious-ip,medium,WHITE,ziyadnz/hourly-ipv4,ziyadnz|hourly,2026-08-17T18:48:05Z,2026-08-17T18:48:05Z,
86.111.176.228,ipv4,malicious-ip,medium,WHITE,ziyadnz/hourly-ipv4,ziyadnz|hourly,2026-08-17T18:48:05Z,2026-08-17T18:48:05Z,
86.111.184.2,ipv4,malicious-ip,medium,WHITE,ziyadnz/hourly-ipv4,ziyadnz|hourly,2026-08-17T18:48:05Z,2026-08-17T18:48:05Z,
86.111.187.153,ipv4,malicious-ip,medium,WHITE,ziyadnz/hourly-ipv4,ziyadnz|hourly,2026-08-17T18:48:05Z,2026-08-17T18:48:05Z,
86.111.187.166,ipv4,malicious-ip,medium,WHITE,ziyadnz/hourly-ipv4,ziyadnz|hourly,2026-08-17T18:48:05Z,2026-08-17T18:48:05Z,
86.111.188.83,ipv4,malicious-ip,medium,WHITE,ziyadnz/hourly-ipv4,ziyadnz|hourly,2026-08-17T18:48:05Z,2026-08-17T18:48:05Z,
86.111.188.99,ipv4,malicious-ip,medium,WHITE,ziyadnz/hourly-ipv4,ziyadnz|hourly,2026-08-17T18:48:05Z,2026-08-17T18:48:05Z,
86.111.189.54,ipv4,malicious-ip,medium,WHITE,ziyadnz/hourly-ipv4,ziyadnz|hourly,2026-08-17T18:48:05Z,2026-08-17T18:48:05Z,
86.111.69.238,ipv4,malicious-ip,medium,WHITE,ziyadnz/hourly-ipv4,ziyadnz|hourly,2026-08-17T18:48:05Z,2026-08-17T18:48:05Z,
86.111.69.60,ipv4,malicious-ip,medium,WHITE,ziyadnz/hourly-ipv4,ziyadnz|hourly,2026-08-17T18:48:05Z,2026-08-17T18:48:05Z,
86.111.72.244,ipv4,malicious-ip,medium,WHITE,ziyadnz/hourly-ipv4,ziyadnz|hourly,2026-08-17T18:48:05Z,2026-08-17T18:48:05Z,
86.123.151.53,ipv4,malicious-ip,medium,WHITE,ziyadnz/hourly-ipv4,ziyadnz|hourly,2026-08-17T18:48:05Z,2026-08-17T18:48:05Z,
86.127.226.113,ipv4,malicious-ip,medium,WHITE,ziyadnz/hourly-ipv4,ziyadnz|hourly,2026-08-17T18:48:05Z,2026-08-17T18:48:05Z,
86.127.226.144,ipv4,malicious-ip,medium,WHITE,ziyadnz/hourly-ipv4,ziyadnz|hourly,2026-08-17T18:48:05Z,2026-08-17T18:48:05Z,
86.127.226.151,ipv4,malicious-ip,medium,WHITE,ziyadnz/hourly-ipv4,ziyadnz|hourly,2026-08-17T18:48:05Z,2026-08-17T18:48:05Z,
86.127.237.96,ipv4,malicious-ip,medium,WHITE,ziyadnz/hourly-ipv4,ziyadnz|hourly,2026-08-17T18:48:05Z,2026-08-17T18:48:05Z,
86.127.254.50,ipv4,malicious-ip,medium,WHITE,ziyadnz/hourly-ipv4,ziyadnz|hourly,2026-08-17T18:48:05Z,2026-08-17T18:48:05Z,
86.131.166.119,ipv4,malicious-ip,medium,WHITE,ziyadnz/hourly-ipv4,ziyadnz|hourly,2026-08-17T18:48:05Z,2026-08-17T18:48:05Z,
86.131.2.94,ipv4,malicious-ip,medium,WHITE,ziyadnz/hourly-ipv4,ziyadnz|hourly,2026-08-17T18:48:05Z,2026-08-17T18:48:05Z,
86.133.237.3,ipv4,malicious-ip,medium,WHITE,ziyadnz/hourly-ipv4,ziyadnz|hourly,2026-08-17T18:48:05Z,2026-08-17T18:48:05Z,
86.138.18.192,ipv4,malicious-ip,medium,WHITE,ziyadnz/hourly-ipv4,ziyadnz|hourly,2026-08-17T18:48:05Z,2026-08-17T18:48:05Z,
86.139.23.230,ipv4,malicious-ip,medium,WHITE,ziyadnz/hourly-ipv4,ziyadnz|hourly,2026-08-17T18:48:05Z,2026-08-17T18:48:05Z,
86.139.73.87,ipv4,malicious-ip,medium,WHITE,ziyadnz/hourly-ipv4,ziyadnz|hourly,2026-08-17T18:48:05Z,2026-08-17T18:48:05Z,
86.144.221.21,ipv4,malicious-ip,medium,WHITE,ziyadnz/hourly-ipv4,ziyadnz|hourly,2026-08-17T18:48:05Z,2026-08-17T18:48:05Z,
86.147.15.127,ipv4,malicious-ip,medium,WHITE,ziyadnz/hourly-ipv4,ziyadnz|hourly,2026-08-17T18:48:05Z,2026-08-17T18:48:05Z,
86.147.165.214,ipv4,malicious-ip,medium,WHITE,ziyadnz/hourly-ipv4,ziyadnz|hourly,2026-08-17T18:48:05Z,2026-08-17T18:48:05Z,
86.149.146.18,ipv4,malicious-ip,medium,WHITE,ziyadnz/hourly-ipv4,ziyadnz|hourly,2026-08-17T18:48:05Z,2026-08-17T18:48:05Z,
86.15.57.80,ipv4,malicious-ip,medium,WHITE,ziyadnz/hourly-ipv4,ziyadnz|hourly,2026-08-17T18:48:05Z,2026-08-17T18:48:05Z,
86.157.238.117,ipv4,malicious-ip,medium,WHITE,ziyadnz/hourly-ipv4,ziyadnz|hourly,2026-08-17T18:48:05Z,2026-08-17T18:48:05Z,
86.162.245.3,ipv4,malicious-ip,medium,WHITE,ziyadnz/hourly-ipv4,ziyadnz|hourly,2026-08-17T18:48:05Z,2026-08-17T18:48:05Z,
86.163.71.195,ipv4,malicious-ip,medium,WHITE,ziyadnz/hourly-ipv4,ziyadnz|hourly,2026-08-17T18:48:05Z,2026-08-17T18:48:05Z,
86.163.93.64,ipv4,malicious-ip,medium,WHITE,ziyadnz/hourly-ipv4,ziyadnz|hourly,2026-08-17T18:48:05Z,2026-08-17T18:48:05Z,
86.164.1.114,ipv4,malicious-ip,medium,WHITE,ziyadnz/hourly-ipv4,ziyadnz|hourly,2026-08-17T18:48:05Z,2026-08-17T18:48:05Z,
86.165.247.158,ipv4,malicious-ip,medium,WHITE,ziyadnz/hourly-ipv4,ziyadnz|hourly,2026-08-17T18:48:05Z,2026-08-17T18:48:05Z,
86.167.178.104,ipv4,malicious-ip,medium,WHITE,ziyadnz/hourly-ipv4,ziyadnz|hourly,2026-08-17T18:48:05Z,2026-08-17T18:48:05Z,
86.167.55.30,ipv4,malicious-ip,medium,WHITE,ziyadnz/hourly-ipv4,ziyadnz|hourly,2026-08-17T18:48:05Z,2026-08-17T18:48:05Z,
86.171.16.34,ipv4,malicious-ip,medium,WHITE,ziyadnz/hourly-ipv4,ziyadnz|hourly,2026-08-17T18:48:05Z,2026-08-17T18:48:05Z,
86.174.100.27,ipv4,malicious-ip,medium,WHITE,ziyadnz/hourly-ipv4,ziyadnz|hourly,2026-08-17T18:48:05Z,2026-08-17T18:48:05Z,
86.18.182.144,ipv4,malicious-ip,medium,WHITE,ziyadnz/hourly-ipv4,ziyadnz|hourly,2026-08-17T18:48:05Z,2026-08-17T18:48:05Z,
86.180.86.34,ipv4,malicious-ip,medium,WHITE,ziyadnz/hourly-ipv4,ziyadnz|hourly,2026-08-17T18:48:05Z,2026-08-17T18:48:05Z,
86.184.175.189,ipv4,malicious-ip,medium,WHITE,ziyadnz/hourly-ipv4,ziyadnz|hourly,2026-08-17T18:48:05Z,2026-08-17T18:48:05Z,
86.185.124.72,ipv4,malicious-ip,medium,WHITE,ziyadnz/hourly-ipv4,ziyadnz|hourly,2026-08-17T18:48:05Z,2026-08-17T18:48:05Z,
86.19.124.83,ipv4,malicious-ip,medium,WHITE,ziyadnz/hourly-ipv4,ziyadnz|hourly,2026-08-17T18:48:05Z,2026-08-17T18:48:05Z,
86.19.63.182,ipv4,malicious-ip,medium,WHITE,ziyadnz/hourly-ipv4,ziyadnz|hourly,2026-08-17T18:48:05Z,2026-08-17T18:48:05Z,
86.192.5.216,ipv4,malicious-ip,medium,WHITE,ziyadnz/hourly-ipv4,ziyadnz|hourly,2026-08-17T18:48:05Z,2026-08-17T18:48:05Z,
86.2.105.245,ipv4,malicious-ip,medium,WHITE,ziyadnz/hourly-ipv4,ziyadnz|hourly,2026-08-17T18:48:05Z,2026-08-17T18:48:05Z,
86.202.232.153,ipv4,malicious-ip,medium,WHITE,ziyadnz/hourly-ipv4,ziyadnz|hourly,2026-08-17T18:48:05Z,2026-08-17T18:48:05Z,
86.203.64.192,ipv4,malicious-ip,medium,WHITE,ziyadnz/hourly-ipv4,ziyadnz|hourly,2026-08-17T18:48:05Z,2026-08-17T18:48:05Z,
86.205.90.121,ipv4,malicious-ip,medium,WHITE,ziyadnz/hourly-ipv4,ziyadnz|hourly,2026-08-17T18:48:05Z,2026-08-17T18:48:05Z,
86.206.135.61,ipv4,malicious-ip,medium,WHITE,ziyadnz/hourly-ipv4,ziyadnz|hourly,2026-08-17T18:48:05Z,2026-08-17T18:48:05Z,
86.208.188.193,ipv4,malicious-ip,medium,WHITE,ziyadnz/hourly-ipv4,ziyadnz|hourly,2026-08-17T18:48:05Z,2026-08-17T18:48:05Z,
86.208.58.112,ipv4,malicious-ip,medium,WHITE,ziyadnz/hourly-ipv4,ziyadnz|hourly,2026-08-17T18:48:05Z,2026-08-17T18:48:05Z,
86.210.232.186,ipv4,malicious-ip,medium,WHITE,ziyadnz/hourly-ipv4,ziyadnz|hourly,2026-08-17T18:48:05Z,2026-08-17T18:48:05Z,
86.213.75.30,ipv4,malicious-ip,medium,WHITE,ziyadnz/hourly-ipv4,ziyadnz|hourly,2026-08-17T18:48:05Z,2026-08-17T18:48:05Z,
86.216.149.176,ipv4,malicious-ip,medium,WHITE,ziyadnz/hourly-ipv4,ziyadnz|hourly,2026-08-17T18:48:05Z,2026-08-17T18:48:05Z,
86.217.35.88,ipv4,malicious-ip,medium,WHITE,ziyadnz/hourly-ipv4,ziyadnz|hourly,2026-08-17T18:48:05Z,2026-08-17T18:48:05Z,
86.219.211.85,ipv4,malicious-ip,medium,WHITE,ziyadnz/hourly-ipv4,ziyadnz|hourly,2026-08-17T18:48:05Z,2026-08-17T18:48:05Z,
86.220.133.187,ipv4,malicious-ip,medium,WHITE,ziyadnz/hourly-ipv4,ziyadnz|hourly,2026-08-17T18:48:05Z,2026-08-17T18:48:05Z,
86.223.236.191,ipv4,malicious-ip,medium,WHITE,ziyadnz/hourly-ipv4,ziyadnz|hourly,2026-08-17T18:48:05Z,2026-08-17T18:48:05Z,
86.227.118.61,ipv4,malicious-ip,medium,WHITE,ziyadnz/hourly-ipv4,ziyadnz|hourly,2026-08-17T18:48:05Z,2026-08-17T18:48:05Z,
86.227.142.98,ipv4,malicious-ip,medium,WHITE,ziyadnz/hourly-ipv4,ziyadnz|hourly,2026-08-17T18:48:05Z,2026-08-17T18:48:05Z,
86.227.172.139,ipv4,malicious-ip,medium,WHITE,ziyadnz/hourly-ipv4,ziyadnz|hourly,2026-08-17T18:48:05Z,2026-08-17T18:48:05Z,
86.229.218.111,ipv4,malicious-ip,medium,WHITE,ziyadnz/hourly-ipv4,ziyadnz|hourly,2026-08-17T18:48:05Z,2026-08-17T18:48:05Z,
86.229.34.37,ipv4,malicious-ip,medium,WHITE,ziyadnz/hourly-ipv4,ziyadnz|hourly,2026-08-17T18:48:05Z,2026-08-17T18:48:05Z,
86.229.49.131,ipv4,malicious-ip,medium,WHITE,ziyadnz/hourly-ipv4,ziyadnz|hourly,2026-08-17T18:48:05Z,2026-08-17T18:48:05Z,
86.23.208.46,ipv4,malicious-ip,medium,WHITE,ziyadnz/hourly-ipv4,ziyadnz|hourly,2026-08-17T18:48:05Z,2026-08-17T18:48:05Z,
86.234.114.18,ipv4,malicious-ip,medium,WHITE,ziyadnz/hourly-ipv4,ziyadnz|hourly,2026-08-17T18:48:05Z,2026-08-17T18:48:05Z,
86.238.12.17,ipv4,malicious-ip,medium,WHITE,ziyadnz/hourly-ipv4,ziyadnz|hourly,2026-08-17T18:48:05Z,2026-08-17T18:48:05Z,
86.239.254.9,ipv4,malicious-ip,medium,WHITE,ziyadnz/hourly-ipv4,ziyadnz|hourly,2026-08-17T18:48:05Z,2026-08-17T18:48:05Z,
86.24.100.108,ipv4,malicious-ip,medium,WHITE,ziyadnz/hourly-ipv4,ziyadnz|hourly,2026-08-17T18:48:05Z,2026-08-17T18:48:05Z,
86.241.200.168,ipv4,malicious-ip,medium,WHITE,ziyadnz/hourly-ipv4,ziyadnz|hourly,2026-08-17T18:48:05Z,2026-08-17T18:48:05Z,
86.242.103.203,ipv4,malicious-ip,medium,WHITE,ziyadnz/hourly-ipv4,ziyadnz|hourly,2026-08-17T18:48:05Z,2026-08-17T18:48:05Z,
86.242.146.166,ipv4,malicious-ip,medium,WHITE,ziyadnz/hourly-ipv4,ziyadnz|hourly,2026-08-17T18:48:05Z,2026-08-17T18:48:05Z,
86.243.43.219,ipv4,malicious-ip,medium,WHITE,ziyadnz/hourly-ipv4,ziyadnz|hourly,2026-08-17T18:48:05Z,2026-08-17T18:48:05Z,
86.246.183.66,ipv4,malicious-ip,medium,WHITE,ziyadnz/hourly-ipv4,ziyadnz|hourly,2026-08-17T18:48:05Z,2026-08-17T18:48:05Z,
86.246.7.209,ipv4,malicious-ip,medium,WHITE,ziyadnz/hourly-ipv4,ziyadnz|hourly,2026-08-17T18:48:05Z,2026-08-17T18:48:05Z,
86.247.50.106,ipv4,malicious-ip,medium,WHITE,ziyadnz/hourly-ipv4,ziyadnz|hourly,2026-08-17T18:48:05Z,2026-08-17T18:48:05Z,
86.248.30.221,ipv4,malicious-ip,medium,WHITE,ziyadnz/hourly-ipv4,ziyadnz|hourly,2026-08-17T18:48:05Z,2026-08-17T18:48:05Z,
86.249.157.142,ipv4,malicious-ip,medium,WHITE,ziyadnz/hourly-ipv4,ziyadnz|hourly,2026-08-17T18:48:05Z,2026-08-17T18:48:05Z,
86.249.21.16,ipv4,malicious-ip,medium,WHITE,ziyadnz/hourly-ipv4,ziyadnz|hourly,2026-08-17T18:48:05Z,2026-08-17T18:48:05Z,
86.25.152.198,ipv4,malicious-ip,medium,WHITE,ziyadnz/hourly-ipv4,ziyadnz|hourly,2026-08-17T18:48:05Z,2026-08-17T18:48:05Z,
86.252.29.169,ipv4,malicious-ip,medium,WHITE,ziyadnz/hourly-ipv4,ziyadnz|hourly,2026-08-17T18:48:05Z,2026-08-17T18:48:05Z,
86.253.186.50,ipv4,malicious-ip,medium,WHITE,ziyadnz/hourly-ipv4,ziyadnz|hourly,2026-08-17T18:48:05Z,2026-08-17T18:48:05Z,
86.27.78.108,ipv4,malicious-ip,medium,WHITE,ziyadnz/hourly-ipv4,ziyadnz|hourly,2026-08-17T18:48:05Z,2026-08-17T18:48:05Z,
86.29.130.60,ipv4,malicious-ip,medium,WHITE,ziyadnz/hourly-ipv4,ziyadnz|hourly,2026-08-17T18:48:05Z,2026-08-17T18:48:05Z,
86.3.131.150,ipv4,malicious-ip,medium,WHITE,ziyadnz/hourly-ipv4,ziyadnz|hourly,2026-08-17T18:48:05Z,2026-08-17T18:48:05Z,
86.30.254.114,ipv4,malicious-ip,medium,WHITE,ziyadnz/hourly-ipv4,ziyadnz|hourly,2026-08-17T18:48:05Z,2026-08-17T18:48:05Z,
86.31.120.44,ipv4,malicious-ip,medium,WHITE,ziyadnz/hourly-ipv4,ziyadnz|hourly,2026-08-17T18:48:05Z,2026-08-17T18:48:05Z,
86.38.225.241,ipv4,malicious-ip,medium,WHITE,ziyadnz/hourly-ipv4,ziyadnz|hourly,2026-08-17T18:48:05Z,2026-08-17T18:48:05Z,
86.38.42.49,ipv4,malicious-ip,medium,WHITE,ziyadnz/hourly-ipv4,ziyadnz|hourly,2026-08-17T18:48:05Z,2026-08-17T18:48:05Z,
86.40.56.135,ipv4,malicious-ip,medium,WHITE,ziyadnz/hourly-ipv4,ziyadnz|hourly,2026-08-17T18:48:05Z,2026-08-17T18:48:05Z,
86.41.109.172,ipv4,malicious-ip,medium,WHITE,ziyadnz/hourly-ipv4,ziyadnz|hourly,2026-08-17T18:48:05Z,2026-08-17T18:48:05Z,
86.41.196.117,ipv4,malicious-ip,medium,WHITE,ziyadnz/hourly-ipv4,ziyadnz|hourly,2026-08-17T18:48:05Z,2026-08-17T18:48:05Z,
86.41.242.119,ipv4,malicious-ip,medium,WHITE,ziyadnz/hourly-ipv4,ziyadnz|hourly,2026-08-17T18:48:05Z,2026-08-17T18:48:05Z,
86.41.5.25,ipv4,malicious-ip,medium,WHITE,ziyadnz/hourly-ipv4,ziyadnz|hourly,2026-08-17T18:48:05Z,2026-08-17T18:48:05Z,
86.42.125.72,ipv4,malicious-ip,medium,WHITE,ziyadnz/hourly-ipv4,ziyadnz|hourly,2026-08-17T18:48:05Z,2026-08-17T18:48:05Z,
86.42.151.110,ipv4,malicious-ip,medium,WHITE,ziyadnz/hourly-ipv4,ziyadnz|hourly,2026-08-17T18:48:05Z,2026-08-17T18:48:05Z,
86.44.189.77,ipv4,malicious-ip,medium,WHITE,ziyadnz/hourly-ipv4,ziyadnz|hourly,2026-08-17T18:48:05Z,2026-08-17T18:48:05Z,
86.45.107.235,ipv4,malicious-ip,medium,WHITE,ziyadnz/hourly-ipv4,ziyadnz|hourly,2026-08-17T18:48:05Z,2026-08-17T18:48:05Z,
86.45.143.18,ipv4,malicious-ip,medium,WHITE,ziyadnz/hourly-ipv4,ziyadnz|hourly,2026-08-17T18:48:05Z,2026-08-17T18:48:05Z,
86.48.12.64,ipv4,malicious-ip,medium,WHITE,ziyadnz/hourly-ipv4,ziyadnz|hourly,2026-08-17T18:48:05Z,2026-08-17T18:48:05Z,
86.48.18.223,ipv4,malicious-ip,medium,WHITE,ziyadnz/hourly-ipv4,ziyadnz|hourly,2026-08-17T18:48:05Z,2026-08-17T18:48:05Z,
86.48.2.49,ipv4,malicious-ip,medium,WHITE,ziyadnz/hourly-ipv4,ziyadnz|hourly,2026-08-17T18:48:05Z,2026-08-17T18:48:05Z,
86.48.3.14,ipv4,malicious-ip,medium,WHITE,ziyadnz/hourly-ipv4,ziyadnz|hourly,2026-08-17T18:48:05Z,2026-08-17T18:48:05Z,
86.48.6.69,ipv4,malicious-ip,medium,WHITE,ziyadnz/hourly-ipv4,ziyadnz|hourly,2026-08-17T18:48:05Z,2026-08-17T18:48:05Z,
86.48.9.38,ipv4,malicious-ip,medium,WHITE,ziyadnz/hourly-ipv4,ziyadnz|hourly,2026-08-17T18:48:05Z,2026-08-17T18:48:05Z,
86.52.252.41,ipv4,malicious-ip,medium,WHITE,ziyadnz/hourly-ipv4,ziyadnz|hourly,2026-08-17T18:48:05Z,2026-08-17T18:48:05Z,
86.52.31.96,ipv4,malicious-ip,medium,WHITE,ziyadnz/hourly-ipv4,ziyadnz|hourly,2026-08-17T18:48:05Z,2026-08-17T18:48:05Z,
86.54.24.25,ipv4,malicious-ip,medium,WHITE,ziyadnz/hourly-ipv4,ziyadnz|hourly,2026-08-17T18:48:05Z,2026-08-17T18:48:05Z,
86.54.28.49,ipv4,malicious-ip,medium,WHITE,ziyadnz/hourly-ipv4,ziyadnz|hourly,2026-08-17T18:48:05Z,2026-08-17T18:48:05Z,
86.54.28.74,ipv4,malicious-ip,medium,WHITE,ziyadnz/hourly-ipv4,ziyadnz|hourly,2026-08-17T18:48:05Z,2026-08-17T18:48:05Z,
86.54.31.0,ipv4,malicious-ip,medium,WHITE,ziyadnz/hourly-ipv4,ziyadnz|hourly,2026-08-17T18:48:05Z,2026-08-17T18:48:05Z,
86.54.31.32,ipv4,malicious-ip,medium,WHITE,ziyadnz/hourly-ipv4,ziyadnz|hourly,2026-08-17T18:48:05Z,2026-08-17T18:48:05Z,
86.54.31.34,ipv4,malicious-ip,medium,WHITE,ziyadnz/hourly-ipv4,ziyadnz|hourly,2026-08-17T18:48:05Z,2026-08-17T18:48:05Z,
86.54.31.36,ipv4,malicious-ip,medium,WHITE,ziyadnz/hourly-ipv4,ziyadnz|hourly,2026-08-17T18:48:05Z,2026-08-17T18:48:05Z,
86.54.31.40,ipv4,malicious-ip,medium,WHITE,ziyadnz/hourly-ipv4,ziyadnz|hourly,2026-08-17T18:48:05Z,2026-08-17T18:48:05Z,
86.54.31.44,ipv4,malicious-ip,medium,WHITE,ziyadnz/hourly-ipv4,ziyadnz|hourly,2026-08-17T18:48:05Z,2026-08-17T18:48:05Z,
86.54.31.46,ipv4,malicious-ip,medium,WHITE,ziyadnz/hourly-ipv4,ziyadnz|hourly,2026-08-17T18:48:05Z,2026-08-17T18:48:05Z,
86.54.42.92,ipv4,malicious-ip,medium,WHITE,ziyadnz/hourly-ipv4,ziyadnz|hourly,2026-08-17T18:48:05Z,2026-08-17T18:48:05Z,
86.57.165.119,ipv4,malicious-ip,medium,WHITE,ziyadnz/hourly-ipv4,ziyadnz|hourly,2026-08-17T18:48:05Z,2026-08-17T18:48:05Z,
86.57.195.165,ipv4,malicious-ip,medium,WHITE,ziyadnz/hourly-ipv4,ziyadnz|hourly,2026-08-17T18:48:05Z,2026-08-17T18:48:05Z,
86.57.210.131,ipv4,malicious-ip,medium,WHITE,ziyadnz/hourly-ipv4,ziyadnz|hourly,2026-08-17T18:48:05Z,2026-08-17T18:48:05Z,
86.57.211.131,ipv4,malicious-ip,medium,WHITE,ziyadnz/hourly-ipv4,ziyadnz|hourly,2026-08-17T18:48:05Z,2026-08-17T18:48:05Z,
86.62.0.155,ipv4,malicious-ip,medium,WHITE,ziyadnz/hourly-ipv4,ziyadnz|hourly,2026-08-17T18:48:05Z,2026-08-17T18:48:05Z,
86.62.35.20,ipv4,malicious-ip,medium,WHITE,ziyadnz/hourly-ipv4,ziyadnz|hourly,2026-08-17T18:48:05Z,2026-08-17T18:48:05Z,
86.68.86.44,ipv4,malicious-ip,medium,WHITE,ziyadnz/hourly-ipv4,ziyadnz|hourly,2026-08-17T18:48:05Z,2026-08-17T18:48:05Z,
86.77.179.252,ipv4,malicious-ip,medium,WHITE,ziyadnz/hourly-ipv4,ziyadnz|hourly,2026-08-17T18:48:05Z,2026-08-17T18:48:05Z,
86.83.44.12,ipv4,malicious-ip,medium,WHITE,ziyadnz/hourly-ipv4,ziyadnz|hourly,2026-08-17T18:48:05Z,2026-08-17T18:48:05Z,
86.83.69.19,ipv4,malicious-ip,medium,WHITE,ziyadnz/hourly-ipv4,ziyadnz|hourly,2026-08-17T18:48:05Z,2026-08-17T18:48:05Z,
86.84.248.233,ipv4,malicious-ip,medium,WHITE,ziyadnz/hourly-ipv4,ziyadnz|hourly,2026-08-17T18:48:05Z,2026-08-17T18:48:05Z,
86.90.247.152,ipv4,malicious-ip,medium,WHITE,ziyadnz/hourly-ipv4,ziyadnz|hourly,2026-08-17T18:48:05Z,2026-08-17T18:48:05Z,
86.93.157.39,ipv4,malicious-ip,medium,WHITE,ziyadnz/hourly-ipv4,ziyadnz|hourly,2026-08-17T18:48:05Z,2026-08-17T18:48:05Z,
86.93.196.42,ipv4,malicious-ip,medium,WHITE,ziyadnz/hourly-ipv4,ziyadnz|hourly,2026-08-17T18:48:05Z,2026-08-17T18:48:05Z,
86.96.52.91,ipv4,malicious-ip,medium,WHITE,ziyadnz/hourly-ipv4,ziyadnz|hourly,2026-08-17T18:48:05Z,2026-08-17T18:48:05Z,
86.97.10.37,ipv4,malicious-ip,medium,WHITE,ziyadnz/hourly-ipv4,ziyadnz|hourly,2026-08-17T18:48:05Z,2026-08-17T18:48:05Z,
86.97.243.182,ipv4,malicious-ip,medium,WHITE,ziyadnz/hourly-ipv4,ziyadnz|hourly,2026-08-17T18:48:05Z,2026-08-17T18:48:05Z,
86.97.47.225,ipv4,malicious-ip,medium,WHITE,ziyadnz/hourly-ipv4,ziyadnz|hourly,2026-08-17T18:48:05Z,2026-08-17T18:48:05Z,
86.98.27.11,ipv4,malicious-ip,medium,WHITE,ziyadnz/hourly-ipv4,ziyadnz|hourly,2026-08-17T18:48:05Z,2026-08-17T18:48:05Z,
86.98.47.5,ipv4,malicious-ip,medium,WHITE,ziyadnz/hourly-ipv4,ziyadnz|hourly,2026-08-17T18:48:05Z,2026-08-17T18:48:05Z,
86.98.52.170,ipv4,malicious-ip,medium,WHITE,ziyadnz/hourly-ipv4,ziyadnz|hourly,2026-08-17T18:48:05Z,2026-08-17T18:48:05Z,
86.98.53.80,ipv4,malicious-ip,medium,WHITE,ziyadnz/hourly-ipv4,ziyadnz|hourly,2026-08-17T18:48:05Z,2026-08-17T18:48:05Z,
86.98.55.140,ipv4,malicious-ip,medium,WHITE,ziyadnz/hourly-ipv4,ziyadnz|hourly,2026-08-17T18:48:05Z,2026-08-17T18:48:05Z,
86.98.64.137,ipv4,malicious-ip,medium,WHITE,ziyadnz/hourly-ipv4,ziyadnz|hourly,2026-08-17T18:48:05Z,2026-08-17T18:48:05Z,
86.98.78.118,ipv4,malicious-ip,medium,WHITE,ziyadnz/hourly-ipv4,ziyadnz|hourly,2026-08-17T18:48:05Z,2026-08-17T18:48:05Z,
86.99.219.230,ipv4,malicious-ip,medium,WHITE,ziyadnz/hourly-ipv4,ziyadnz|hourly,2026-08-17T18:48:05Z,2026-08-17T18:48:05Z,
87.0.115.158,ipv4,malicious-ip,medium,WHITE,ziyadnz/hourly-ipv4,ziyadnz|hourly,2026-08-17T18:48:05Z,2026-08-17T18:48:05Z,
87.10.220.221,ipv4,malicious-ip,medium,WHITE,ziyadnz/hourly-ipv4,ziyadnz|hourly,2026-08-17T18:48:05Z,2026-08-17T18:48:05Z,
87.103.192.111,ipv4,malicious-ip,medium,WHITE,ziyadnz/hourly-ipv4,ziyadnz|hourly,2026-08-17T18:48:05Z,2026-08-17T18:48:05Z,
87.103.196.161,ipv4,malicious-ip,medium,WHITE,ziyadnz/hourly-ipv4,ziyadnz|hourly,2026-08-17T18:48:05Z,2026-08-17T18:48:05Z,
87.106.105.253,ipv4,malicious-ip,medium,WHITE,ziyadnz/hourly-ipv4,ziyadnz|hourly,2026-08-17T18:48:05Z,2026-08-17T18:48:05Z,
87.106.116.253,ipv4,malicious-ip,medium,WHITE,ziyadnz/hourly-ipv4,ziyadnz|hourly,2026-08-17T18:48:05Z,2026-08-17T18:48:05Z,
87.106.120.204,ipv4,malicious-ip,medium,WHITE,ziyadnz/hourly-ipv4,ziyadnz|hourly,2026-08-17T18:48:05Z,2026-08-17T18:48:05Z,
87.106.121.229,ipv4,malicious-ip,medium,WHITE,ziyadnz/hourly-ipv4,ziyadnz|hourly,2026-08-17T18:48:05Z,2026-08-17T18:48:05Z,
87.106.13.39,ipv4,malicious-ip,medium,WHITE,ziyadnz/hourly-ipv4,ziyadnz|hourly,2026-08-17T18:48:05Z,2026-08-17T18:48:05Z,
87.106.134.4,ipv4,malicious-ip,medium,WHITE,ziyadnz/hourly-ipv4,ziyadnz|hourly,2026-08-17T18:48:05Z,2026-08-17T18:48:05Z,
87.106.141.148,ipv4,malicious-ip,medium,WHITE,ziyadnz/hourly-ipv4,ziyadnz|hourly,2026-08-17T18:48:05Z,2026-08-17T18:48:05Z,
87.106.155.7,ipv4,malicious-ip,medium,WHITE,ziyadnz/hourly-ipv4,ziyadnz|hourly,2026-08-17T18:48:05Z,2026-08-17T18:48:05Z,
87.106.163.159,ipv4,malicious-ip,medium,WHITE,ziyadnz/hourly-ipv4,ziyadnz|hourly,2026-08-17T18:48:05Z,2026-08-17T18:48:05Z,
87.106.167.183,ipv4,malicious-ip,medium,WHITE,ziyadnz/hourly-ipv4,ziyadnz|hourly,2026-08-17T18:48:05Z,2026-08-17T18:48:05Z,
87.106.176.11,ipv4,malicious-ip,medium,WHITE,ziyadnz/hourly-ipv4,ziyadnz|hourly,2026-08-17T18:48:05Z,2026-08-17T18:48:05Z,
87.106.18.36,ipv4,malicious-ip,medium,WHITE,ziyadnz/hourly-ipv4,ziyadnz|hourly,2026-08-17T18:48:05Z,2026-08-17T18:48:05Z,
87.106.189.67,ipv4,malicious-ip,medium,WHITE,ziyadnz/hourly-ipv4,ziyadnz|hourly,2026-08-17T18:48:05Z,2026-08-17T18:48:05Z,
87.106.200.201,ipv4,malicious-ip,medium,WHITE,ziyadnz/hourly-ipv4,ziyadnz|hourly,2026-08-17T18:48:05Z,2026-08-17T18:48:05Z,
87.106.204.59,ipv4,malicious-ip,medium,WHITE,ziyadnz/hourly-ipv4,ziyadnz|hourly,2026-08-17T18:48:05Z,2026-08-17T18:48:05Z,
87.106.206.249,ipv4,malicious-ip,medium,WHITE,ziyadnz/hourly-ipv4,ziyadnz|hourly,2026-08-17T18:48:05Z,2026-08-17T18:48:05Z,
87.106.223.228,ipv4,malicious-ip,medium,WHITE,ziyadnz/hourly-ipv4,ziyadnz|hourly,2026-08-17T18:48:05Z,2026-08-17T18:48:05Z,
87.106.239.83,ipv4,malicious-ip,medium,WHITE,ziyadnz/hourly-ipv4,ziyadnz|hourly,2026-08-17T18:48:05Z,2026-08-17T18:48:05Z,
87.106.29.220,ipv4,malicious-ip,medium,WHITE,ziyadnz/hourly-ipv4,ziyadnz|hourly,2026-08-17T18:48:05Z,2026-08-17T18:48:05Z,
87.106.32.238,ipv4,malicious-ip,medium,WHITE,ziyadnz/hourly-ipv4,ziyadnz|hourly,2026-08-17T18:48:05Z,2026-08-17T18:48:05Z,
87.106.35.227,ipv4,malicious-ip,medium,WHITE,ziyadnz/hourly-ipv4,ziyadnz|hourly,2026-08-17T18:48:05Z,2026-08-17T18:48:05Z,
87.106.52.80,ipv4,malicious-ip,medium,WHITE,ziyadnz/hourly-ipv4,ziyadnz|hourly,2026-08-17T18:48:05Z,2026-08-17T18:48:05Z,
87.106.60.123,ipv4,malicious-ip,medium,WHITE,ziyadnz/hourly-ipv4,ziyadnz|hourly,2026-08-17T18:48:05Z,2026-08-17T18:48:05Z,
87.106.69.120,ipv4,malicious-ip,medium,WHITE,ziyadnz/hourly-ipv4,ziyadnz|hourly,2026-08-17T18:48:05Z,2026-08-17T18:48:05Z,
87.106.76.226,ipv4,malicious-ip,medium,WHITE,ziyadnz/hourly-ipv4,ziyadnz|hourly,2026-08-17T18:48:05Z,2026-08-17T18:48:05Z,
87.106.78.3,ipv4,malicious-ip,medium,WHITE,ziyadnz/hourly-ipv4,ziyadnz|hourly,2026-08-17T18:48:05Z,2026-08-17T18:48:05Z,
87.106.98.147,ipv4,malicious-ip,medium,WHITE,ziyadnz/hourly-ipv4,ziyadnz|hourly,2026-08-17T18:48:05Z,2026-08-17T18:48:05Z,
87.107.108.189,ipv4,malicious-ip,medium,WHITE,ziyadnz/hourly-ipv4,ziyadnz|hourly,2026-08-17T18:48:05Z,2026-08-17T18:48:05Z,
87.107.109.133,ipv4,malicious-ip,medium,WHITE,ziyadnz/hourly-ipv4,ziyadnz|hourly,2026-08-17T18:48:05Z,2026-08-17T18:48:05Z,
87.107.109.77,ipv4,malicious-ip,medium,WHITE,ziyadnz/hourly-ipv4,ziyadnz|hourly,2026-08-17T18:48:05Z,2026-08-17T18:48:05Z,
87.107.109.80,ipv4,malicious-ip,medium,WHITE,ziyadnz/hourly-ipv4,ziyadnz|hourly,2026-08-17T18:48:05Z,2026-08-17T18:48:05Z,
87.107.112.99,ipv4,malicious-ip,medium,WHITE,ziyadnz/hourly-ipv4,ziyadnz|hourly,2026-08-17T18:48:05Z,2026-08-17T18:48:05Z,
87.107.162.88,ipv4,malicious-ip,medium,WHITE,ziyadnz/hourly-ipv4,ziyadnz|hourly,2026-08-17T18:48:05Z,2026-08-17T18:48:05Z,
87.107.191.39,ipv4,malicious-ip,medium,WHITE,ziyadnz/hourly-ipv4,ziyadnz|hourly,2026-08-17T18:48:05Z,2026-08-17T18:48:05Z,
87.107.4.186,ipv4,malicious-ip,medium,WHITE,ziyadnz/hourly-ipv4,ziyadnz|hourly,2026-08-17T18:48:05Z,2026-08-17T18:48:05Z,
87.107.95.110,ipv4,malicious-ip,medium,WHITE,ziyadnz/hourly-ipv4,ziyadnz|hourly,2026-08-17T18:48:05Z,2026-08-17T18:48:05Z,
87.11.174.141,ipv4,malicious-ip,medium,WHITE,ziyadnz/hourly-ipv4,ziyadnz|hourly,2026-08-17T18:48:05Z,2026-08-17T18:48:05Z,
87.116.135.114,ipv4,malicious-ip,medium,WHITE,ziyadnz/hourly-ipv4,ziyadnz|hourly,2026-08-17T18:48:05Z,2026-08-17T18:48:05Z,
87.116.161.71,ipv4,malicious-ip,medium,WHITE,ziyadnz/hourly-ipv4,ziyadnz|hourly,2026-08-17T18:48:05Z,2026-08-17T18:48:05Z,
87.116.176.222,ipv4,malicious-ip,medium,WHITE,ziyadnz/hourly-ipv4,ziyadnz|hourly,2026-08-17T18:48:05Z,2026-08-17T18:48:05Z,
87.116.180.76,ipv4,malicious-ip,medium,WHITE,ziyadnz/hourly-ipv4,ziyadnz|hourly,2026-08-17T18:48:05Z,2026-08-17T18:48:05Z,
87.116.183.2,ipv4,malicious-ip,medium,WHITE,ziyadnz/hourly-ipv4,ziyadnz|hourly,2026-08-17T18:48:05Z,2026-08-17T18:48:05Z,
87.117.247.41,ipv4,malicious-ip,medium,WHITE,ziyadnz/hourly-ipv4,ziyadnz|hourly,2026-08-17T18:48:05Z,2026-08-17T18:48:05Z,
87.117.32.22,ipv4,malicious-ip,medium,WHITE,ziyadnz/hourly-ipv4,ziyadnz|hourly,2026-08-17T18:48:05Z,2026-08-17T18:48:05Z,
87.117.5.129,ipv4,malicious-ip,medium,WHITE,ziyadnz/hourly-ipv4,ziyadnz|hourly,2026-08-17T18:48:05Z,2026-08-17T18:48:05Z,
87.118.110.27,ipv4,malicious-ip,medium,WHITE,ziyadnz/hourly-ipv4,ziyadnz|hourly,2026-08-17T18:48:05Z,2026-08-17T18:48:05Z,
87.118.116.103,ipv4,malicious-ip,medium,WHITE,ziyadnz/hourly-ipv4,ziyadnz|hourly,2026-08-17T18:48:05Z,2026-08-17T18:48:05Z,
87.118.116.12,ipv4,malicious-ip,medium,WHITE,ziyadnz/hourly-ipv4,ziyadnz|hourly,2026-08-17T18:48:05Z,2026-08-17T18:48:05Z,
87.118.116.90,ipv4,malicious-ip,medium,WHITE,ziyadnz/hourly-ipv4,ziyadnz|hourly,2026-08-17T18:48:05Z,2026-08-17T18:48:05Z,
87.118.122.30,ipv4,malicious-ip,medium,WHITE,ziyadnz/hourly-ipv4,ziyadnz|hourly,2026-08-17T18:48:05Z,2026-08-17T18:48:05Z,
87.118.122.51,ipv4,malicious-ip,medium,WHITE,ziyadnz/hourly-ipv4,ziyadnz|hourly,2026-08-17T18:48:05Z,2026-08-17T18:48:05Z,
87.119.220.113,ipv4,malicious-ip,medium,WHITE,ziyadnz/hourly-ipv4,ziyadnz|hourly,2026-08-17T18:48:05Z,2026-08-17T18:48:05Z,
87.120.104.75,ipv4,malicious-ip,medium,WHITE,ziyadnz/hourly-ipv4,ziyadnz|hourly,2026-08-17T18:48:05Z,2026-08-17T18:48:05Z,
87.120.107.33,ipv4,malicious-ip,medium,WHITE,ziyadnz/hourly-ipv4,ziyadnz|hourly,2026-08-17T18:48:05Z,2026-08-17T18:48:05Z,
87.120.112.134,ipv4,malicious-ip,medium,WHITE,ziyadnz/hourly-ipv4,ziyadnz|hourly,2026-08-17T18:48:05Z,2026-08-17T18:48:05Z,
87.120.115.168,ipv4,malicious-ip,medium,WHITE,ziyadnz/hourly-ipv4,ziyadnz|hourly,2026-08-17T18:48:05Z,2026-08-17T18:48:05Z,
87.120.115.239,ipv4,malicious-ip,medium,WHITE,ziyadnz/hourly-ipv4,ziyadnz|hourly,2026-08-17T18:48:05Z,2026-08-17T18:48:05Z,
87.120.126.5,ipv4,malicious-ip,medium,WHITE,ziyadnz/hourly-ipv4,ziyadnz|hourly,2026-08-17T18:48:05Z,2026-08-17T18:48:05Z,
87.120.127.37,ipv4,malicious-ip,medium,WHITE,ziyadnz/hourly-ipv4,ziyadnz|hourly,2026-08-17T18:48:05Z,2026-08-17T18:48:05Z,
87.120.166.170,ipv4,malicious-ip,medium,WHITE,ziyadnz/hourly-ipv4,ziyadnz|hourly,2026-08-17T18:48:05Z,2026-08-17T18:48:05Z,
87.120.167.80,ipv4,malicious-ip,medium,WHITE,ziyadnz/hourly-ipv4,ziyadnz|hourly,2026-08-17T18:48:05Z,2026-08-17T18:48:05Z,
87.120.187.113,ipv4,malicious-ip,medium,WHITE,ziyadnz/hourly-ipv4,ziyadnz|hourly,2026-08-17T18:48:05Z,2026-08-17T18:48:05Z,
87.120.191.20,ipv4,malicious-ip,medium,WHITE,ziyadnz/hourly-ipv4,ziyadnz|hourly,2026-08-17T18:48:05Z,2026-08-17T18:48:05Z,
87.120.191.92,ipv4,malicious-ip,medium,WHITE,ziyadnz/hourly-ipv4,ziyadnz|hourly,2026-08-17T18:48:05Z,2026-08-17T18:48:05Z,
87.120.191.94,ipv4,malicious-ip,medium,WHITE,ziyadnz/hourly-ipv4,ziyadnz|hourly,2026-08-17T18:48:05Z,2026-08-17T18:48:05Z,
87.120.216.38,ipv4,malicious-ip,medium,WHITE,ziyadnz/hourly-ipv4,ziyadnz|hourly,2026-08-17T18:48:05Z,2026-08-17T18:48:05Z,
87.120.219.26,ipv4,malicious-ip,medium,WHITE,ziyadnz/hourly-ipv4,ziyadnz|hourly,2026-08-17T18:48:05Z,2026-08-17T18:48:05Z,
87.120.253.44,ipv4,malicious-ip,medium,WHITE,ziyadnz/hourly-ipv4,ziyadnz|hourly,2026-08-17T18:48:05Z,2026-08-17T18:48:05Z,
87.120.8.173,ipv4,malicious-ip,medium,WHITE,ziyadnz/hourly-ipv4,ziyadnz|hourly,2026-08-17T18:48:05Z,2026-08-17T18:48:05Z,
87.120.84.39,ipv4,malicious-ip,medium,WHITE,ziyadnz/hourly-ipv4,ziyadnz|hourly,2026-08-17T18:48:05Z,2026-08-17T18:48:05Z,
87.120.88.13,ipv4,malicious-ip,medium,WHITE,ziyadnz/hourly-ipv4,ziyadnz|hourly,2026-08-17T18:48:05Z,2026-08-17T18:48:05Z,
87.120.88.76,ipv4,malicious-ip,medium,WHITE,ziyadnz/hourly-ipv4,ziyadnz|hourly,2026-08-17T18:48:05Z,2026-08-17T18:48:05Z,
87.120.92.24,ipv4,malicious-ip,medium,WHITE,ziyadnz/hourly-ipv4,ziyadnz|hourly,2026-08-17T18:48:05Z,2026-08-17T18:48:05Z,
87.121.10.180,ipv4,malicious-ip,medium,WHITE,ziyadnz/hourly-ipv4,ziyadnz|hourly,2026-08-17T18:48:05Z,2026-08-17T18:48:05Z,
87.121.105.152,ipv4,malicious-ip,medium,WHITE,ziyadnz/hourly-ipv4,ziyadnz|hourly,2026-08-17T18:48:05Z,2026-08-17T18:48:05Z,
87.121.112.77,ipv4,malicious-ip,medium,WHITE,ziyadnz/hourly-ipv4,ziyadnz|hourly,2026-08-17T18:48:05Z,2026-08-17T18:48:05Z,
87.121.221.124,ipv4,malicious-ip,medium,WHITE,ziyadnz/hourly-ipv4,ziyadnz|hourly,2026-08-17T18:48:05Z,2026-08-17T18:48:05Z,
87.121.45.29,ipv4,malicious-ip,medium,WHITE,ziyadnz/hourly-ipv4,ziyadnz|hourly,2026-08-17T18:48:05Z,2026-08-17T18:48:05Z,
87.121.45.42,ipv4,malicious-ip,medium,WHITE,ziyadnz/hourly-ipv4,ziyadnz|hourly,2026-08-17T18:48:05Z,2026-08-17T18:48:05Z,
87.121.45.45,ipv4,malicious-ip,medium,WHITE,ziyadnz/hourly-ipv4,ziyadnz|hourly,2026-08-17T18:48:05Z,2026-08-17T18:48:05Z,
87.121.47.15,ipv4,malicious-ip,medium,WHITE,ziyadnz/hourly-ipv4,ziyadnz|hourly,2026-08-17T18:48:05Z,2026-08-17T18:48:05Z,
87.121.47.63,ipv4,malicious-ip,medium,WHITE,ziyadnz/hourly-ipv4,ziyadnz|hourly,2026-08-17T18:48:05Z,2026-08-17T18:48:05Z,
87.121.52.189,ipv4,malicious-ip,medium,WHITE,ziyadnz/hourly-ipv4,ziyadnz|hourly,2026-08-17T18:48:05Z,2026-08-17T18:48:05Z,
87.121.52.68,ipv4,malicious-ip,medium,WHITE,ziyadnz/hourly-ipv4,ziyadnz|hourly,2026-08-17T18:48:05Z,2026-08-17T18:48:05Z,
87.121.69.138,ipv4,malicious-ip,medium,WHITE,ziyadnz/hourly-ipv4,ziyadnz|hourly,2026-08-17T18:48:05Z,2026-08-17T18:48:05Z,
87.121.69.25,ipv4,malicious-ip,medium,WHITE,ziyadnz/hourly-ipv4,ziyadnz|hourly,2026-08-17T18:48:05Z,2026-08-17T18:48:05Z,
87.121.76.170,ipv4,malicious-ip,medium,WHITE,ziyadnz/hourly-ipv4,ziyadnz|hourly,2026-08-17T18:48:05Z,2026-08-17T18:48:05Z,
87.121.77.158,ipv4,malicious-ip,medium,WHITE,ziyadnz/hourly-ipv4,ziyadnz|hourly,2026-08-17T18:48:05Z,2026-08-17T18:48:05Z,
87.121.79.25,ipv4,malicious-ip,medium,WHITE,ziyadnz/hourly-ipv4,ziyadnz|hourly,2026-08-17T18:48:05Z,2026-08-17T18:48:05Z,
87.121.79.6,ipv4,malicious-ip,medium,WHITE,ziyadnz/hourly-ipv4,ziyadnz|hourly,2026-08-17T18:48:05Z,2026-08-17T18:48:05Z,
87.121.84.111,ipv4,malicious-ip,medium,WHITE,ziyadnz/hourly-ipv4,ziyadnz|hourly,2026-08-17T18:48:05Z,2026-08-17T18:48:05Z,
87.121.84.18,ipv4,malicious-ip,medium,WHITE,ziyadnz/hourly-ipv4,ziyadnz|hourly,2026-08-17T18:48:05Z,2026-08-17T18:48:05Z,
87.121.84.24,ipv4,malicious-ip,medium,WHITE,ziyadnz/hourly-ipv4,ziyadnz|hourly,2026-08-17T18:48:05Z,2026-08-17T18:48:05Z,
87.121.84.243,ipv4,malicious-ip,medium,WHITE,ziyadnz/hourly-ipv4,ziyadnz|hourly,2026-08-17T18:48:05Z,2026-08-17T18:48:05Z,
87.121.84.25,ipv4,malicious-ip,medium,WHITE,ziyadnz/hourly-ipv4,ziyadnz|hourly,2026-08-17T18:48:05Z,2026-08-17T18:48:05Z,
87.121.84.27,ipv4,malicious-ip,medium,WHITE,ziyadnz/hourly-ipv4,ziyadnz|hourly,2026-08-17T18:48:05Z,2026-08-17T18:48:05Z,
87.121.84.45,ipv4,malicious-ip,medium,WHITE,ziyadnz/hourly-ipv4,ziyadnz|hourly,2026-08-17T18:48:05Z,2026-08-17T18:48:05Z,
87.121.84.57,ipv4,malicious-ip,medium,WHITE,ziyadnz/hourly-ipv4,ziyadnz|hourly,2026-08-17T18:48:05Z,2026-08-17T18:48:05Z,
87.121.84.83,ipv4,malicious-ip,medium,WHITE,ziyadnz/hourly-ipv4,ziyadnz|hourly,2026-08-17T18:48:05Z,2026-08-17T18:48:05Z,
87.121.89.143,ipv4,malicious-ip,medium,WHITE,ziyadnz/hourly-ipv4,ziyadnz|hourly,2026-08-17T18:48:05Z,2026-08-17T18:48:05Z,
87.122.17.177,ipv4,malicious-ip,medium,WHITE,ziyadnz/hourly-ipv4,ziyadnz|hourly,2026-08-17T18:48:05Z,2026-08-17T18:48:05Z,
87.124.123.70,ipv4,malicious-ip,medium,WHITE,ziyadnz/hourly-ipv4,ziyadnz|hourly,2026-08-17T18:48:05Z,2026-08-17T18:48:05Z,
87.14.48.146,ipv4,malicious-ip,medium,WHITE,ziyadnz/hourly-ipv4,ziyadnz|hourly,2026-08-17T18:48:05Z,2026-08-17T18:48:05Z,
87.147.41.244,ipv4,malicious-ip,medium,WHITE,ziyadnz/hourly-ipv4,ziyadnz|hourly,2026-08-17T18:48:05Z,2026-08-17T18:48:05Z,
87.156.176.137,ipv4,malicious-ip,medium,WHITE,ziyadnz/hourly-ipv4,ziyadnz|hourly,2026-08-17T18:48:05Z,2026-08-17T18:48:05Z,
87.156.179.127,ipv4,malicious-ip,medium,WHITE,ziyadnz/hourly-ipv4,ziyadnz|hourly,2026-08-17T18:48:05Z,2026-08-17T18:48:05Z,
87.156.182.84,ipv4,malicious-ip,medium,WHITE,ziyadnz/hourly-ipv4,ziyadnz|hourly,2026-08-17T18:48:05Z,2026-08-17T18:48:05Z,
87.156.185.61,ipv4,malicious-ip,medium,WHITE,ziyadnz/hourly-ipv4,ziyadnz|hourly,2026-08-17T18:48:05Z,2026-08-17T18:48:05Z,
87.167.232.135,ipv4,malicious-ip,medium,WHITE,ziyadnz/hourly-ipv4,ziyadnz|hourly,2026-08-17T18:48:05Z,2026-08-17T18:48:05Z,
87.18.1.24,ipv4,malicious-ip,medium,WHITE,ziyadnz/hourly-ipv4,ziyadnz|hourly,2026-08-17T18:48:05Z,2026-08-17T18:48:05Z,
87.18.237.132,ipv4,malicious-ip,medium,WHITE,ziyadnz/hourly-ipv4,ziyadnz|hourly,2026-08-17T18:48:05Z,2026-08-17T18:48:05Z,
87.183.48.164,ipv4,malicious-ip,medium,WHITE,ziyadnz/hourly-ipv4,ziyadnz|hourly,2026-08-17T18:48:05Z,2026-08-17T18:48:05Z,
87.192.232.116,ipv4,malicious-ip,medium,WHITE,ziyadnz/hourly-ipv4,ziyadnz|hourly,2026-08-17T18:48:05Z,2026-08-17T18:48:05Z,
87.192.234.19,ipv4,malicious-ip,medium,WHITE,ziyadnz/hourly-ipv4,ziyadnz|hourly,2026-08-17T18:48:05Z,2026-08-17T18:48:05Z,
87.192.237.212,ipv4,malicious-ip,medium,WHITE,ziyadnz/hourly-ipv4,ziyadnz|hourly,2026-08-17T18:48:05Z,2026-08-17T18:48:05Z,
87.192.239.228,ipv4,malicious-ip,medium,WHITE,ziyadnz/hourly-ipv4,ziyadnz|hourly,2026-08-17T18:48:05Z,2026-08-17T18:48:05Z,
87.192.242.78,ipv4,malicious-ip,medium,WHITE,ziyadnz/hourly-ipv4,ziyadnz|hourly,2026-08-17T18:48:05Z,2026-08-17T18:48:05Z,
87.192.244.173,ipv4,malicious-ip,medium,WHITE,ziyadnz/hourly-ipv4,ziyadnz|hourly,2026-08-17T18:48:05Z,2026-08-17T18:48:05Z,
87.192.246.168,ipv4,malicious-ip,medium,WHITE,ziyadnz/hourly-ipv4,ziyadnz|hourly,2026-08-17T18:48:05Z,2026-08-17T18:48:05Z,
87.192.248.10,ipv4,malicious-ip,medium,WHITE,ziyadnz/hourly-ipv4,ziyadnz|hourly,2026-08-17T18:48:05Z,2026-08-17T18:48:05Z,
87.197.149.224,ipv4,malicious-ip,medium,WHITE,ziyadnz/hourly-ipv4,ziyadnz|hourly,2026-08-17T18:48:05Z,2026-08-17T18:48:05Z,
87.200.113.12,ipv4,malicious-ip,medium,WHITE,ziyadnz/hourly-ipv4,ziyadnz|hourly,2026-08-17T18:48:05Z,2026-08-17T18:48:05Z,
87.200.66.225,ipv4,malicious-ip,medium,WHITE,ziyadnz/hourly-ipv4,ziyadnz|hourly,2026-08-17T18:48:05Z,2026-08-17T18:48:05Z,
87.201.176.255,ipv4,malicious-ip,medium,WHITE,ziyadnz/hourly-ipv4,ziyadnz|hourly,2026-08-17T18:48:05Z,2026-08-17T18:48:05Z,
87.201.180.179,ipv4,malicious-ip,medium,WHITE,ziyadnz/hourly-ipv4,ziyadnz|hourly,2026-08-17T18:48:05Z,2026-08-17T18:48:05Z,
87.201.248.67,ipv4,malicious-ip,medium,WHITE,ziyadnz/hourly-ipv4,ziyadnz|hourly,2026-08-17T18:48:05Z,2026-08-17T18:48:05Z,
87.201.72.166,ipv4,malicious-ip,medium,WHITE,ziyadnz/hourly-ipv4,ziyadnz|hourly,2026-08-17T18:48:05Z,2026-08-17T18:48:05Z,
87.202.113.240,ipv4,malicious-ip,medium,WHITE,ziyadnz/hourly-ipv4,ziyadnz|hourly,2026-08-17T18:48:05Z,2026-08-17T18:48:05Z,
87.202.65.56,ipv4,malicious-ip,medium,WHITE,ziyadnz/hourly-ipv4,ziyadnz|hourly,2026-08-17T18:48:05Z,2026-08-17T18:48:05Z,
87.212.57.145,ipv4,malicious-ip,medium,WHITE,ziyadnz/hourly-ipv4,ziyadnz|hourly,2026-08-17T18:48:05Z,2026-08-17T18:48:05Z,
87.219.77.252,ipv4,malicious-ip,medium,WHITE,ziyadnz/hourly-ipv4,ziyadnz|hourly,2026-08-17T18:48:05Z,2026-08-17T18:48:05Z,
87.220.169.67,ipv4,malicious-ip,medium,WHITE,ziyadnz/hourly-ipv4,ziyadnz|hourly,2026-08-17T18:48:05Z,2026-08-17T18:48:05Z,
87.220.244.65,ipv4,malicious-ip,medium,WHITE,ziyadnz/hourly-ipv4,ziyadnz|hourly,2026-08-17T18:48:05Z,2026-08-17T18:48:05Z,
87.222.210.43,ipv4,malicious-ip,medium,WHITE,ziyadnz/hourly-ipv4,ziyadnz|hourly,2026-08-17T18:48:05Z,2026-08-17T18:48:05Z,
87.223.80.45,ipv4,malicious-ip,medium,WHITE,ziyadnz/hourly-ipv4,ziyadnz|hourly,2026-08-17T18:48:05Z,2026-08-17T18:48:05Z,
87.225.108.138,ipv4,malicious-ip,medium,WHITE,ziyadnz/hourly-ipv4,ziyadnz|hourly,2026-08-17T18:48:05Z,2026-08-17T18:48:05Z,
87.226.169.122,ipv4,malicious-ip,medium,WHITE,ziyadnz/hourly-ipv4,ziyadnz|hourly,2026-08-17T18:48:05Z,2026-08-17T18:48:05Z,
87.226.190.225,ipv4,malicious-ip,medium,WHITE,ziyadnz/hourly-ipv4,ziyadnz|hourly,2026-08-17T18:48:05Z,2026-08-17T18:48:05Z,
87.226.217.110,ipv4,malicious-ip,medium,WHITE,ziyadnz/hourly-ipv4,ziyadnz|hourly,2026-08-17T18:48:05Z,2026-08-17T18:48:05Z,
87.227.24.32,ipv4,malicious-ip,medium,WHITE,ziyadnz/hourly-ipv4,ziyadnz|hourly,2026-08-17T18:48:05Z,2026-08-17T18:48:05Z,
87.227.68.100,ipv4,malicious-ip,medium,WHITE,ziyadnz/hourly-ipv4,ziyadnz|hourly,2026-08-17T18:48:05Z,2026-08-17T18:48:05Z,
87.227.89.217,ipv4,malicious-ip,medium,WHITE,ziyadnz/hourly-ipv4,ziyadnz|hourly,2026-08-17T18:48:05Z,2026-08-17T18:48:05Z,
87.227.96.182,ipv4,malicious-ip,medium,WHITE,ziyadnz/hourly-ipv4,ziyadnz|hourly,2026-08-17T18:48:05Z,2026-08-17T18:48:05Z,
87.230.62.185,ipv4,malicious-ip,medium,WHITE,ziyadnz/hourly-ipv4,ziyadnz|hourly,2026-08-17T18:48:05Z,2026-08-17T18:48:05Z,
87.230.98.74,ipv4,malicious-ip,medium,WHITE,ziyadnz/hourly-ipv4,ziyadnz|hourly,2026-08-17T18:48:05Z,2026-08-17T18:48:05Z,
87.232.125.5,ipv4,malicious-ip,medium,WHITE,ziyadnz/hourly-ipv4,ziyadnz|hourly,2026-08-17T18:48:05Z,2026-08-17T18:48:05Z,
87.232.127.53,ipv4,malicious-ip,medium,WHITE,ziyadnz/hourly-ipv4,ziyadnz|hourly,2026-08-17T18:48:05Z,2026-08-17T18:48:05Z,
87.232.98.98,ipv4,malicious-ip,medium,WHITE,ziyadnz/hourly-ipv4,ziyadnz|hourly,2026-08-17T18:48:05Z,2026-08-17T18:48:05Z,
87.236.142.164,ipv4,malicious-ip,medium,WHITE,ziyadnz/hourly-ipv4,ziyadnz|hourly,2026-08-17T18:48:05Z,2026-08-17T18:48:05Z,
87.236.176.0,ipv4,malicious-ip,medium,WHITE,ziyadnz/hourly-ipv4,ziyadnz|hourly,2026-08-17T18:48:05Z,2026-08-17T18:48:05Z,
87.236.176.10,ipv4,malicious-ip,medium,WHITE,ziyadnz/hourly-ipv4,ziyadnz|hourly,2026-08-17T18:48:05Z,2026-08-17T18:48:05Z,
87.236.176.100,ipv4,malicious-ip,medium,WHITE,ziyadnz/hourly-ipv4,ziyadnz|hourly,2026-08-17T18:48:05Z,2026-08-17T18:48:05Z,
87.236.176.101,ipv4,malicious-ip,medium,WHITE,ziyadnz/hourly-ipv4,ziyadnz|hourly,2026-08-17T18:48:05Z,2026-08-17T18:48:05Z,
87.236.176.102,ipv4,malicious-ip,medium,WHITE,ziyadnz/hourly-ipv4,ziyadnz|hourly,2026-08-17T18:48:05Z,2026-08-17T18:48:05Z,
87.236.176.103,ipv4,malicious-ip,medium,WHITE,ziyadnz/hourly-ipv4,ziyadnz|hourly,2026-08-17T18:48:05Z,2026-08-17T18:48:05Z,
87.236.176.104,ipv4,malicious-ip,medium,WHITE,ziyadnz/hourly-ipv4,ziyadnz|hourly,2026-08-17T18:48:05Z,2026-08-17T18:48:05Z,
87.236.176.106,ipv4,malicious-ip,medium,WHITE,ziyadnz/hourly-ipv4,ziyadnz|hourly,2026-08-17T18:48:05Z,2026-08-17T18:48:05Z,
87.236.176.107,ipv4,malicious-ip,medium,WHITE,ziyadnz/hourly-ipv4,ziyadnz|hourly,2026-08-17T18:48:05Z,2026-08-17T18:48:05Z,
87.236.176.108,ipv4,malicious-ip,medium,WHITE,ziyadnz/hourly-ipv4,ziyadnz|hourly,2026-08-17T18:48:05Z,2026-08-17T18:48:05Z,
87.236.176.109,ipv4,malicious-ip,medium,WHITE,ziyadnz/hourly-ipv4,ziyadnz|hourly,2026-08-17T18:48:05Z,2026-08-17T18:48:05Z,
87.236.176.11,ipv4,malicious-ip,medium,WHITE,ziyadnz/hourly-ipv4,ziyadnz|hourly,2026-08-17T18:48:05Z,2026-08-17T18:48:05Z,
87.236.176.110,ipv4,malicious-ip,medium,WHITE,ziyadnz/hourly-ipv4,ziyadnz|hourly,2026-08-17T18:48:05Z,2026-08-17T18:48:05Z,
87.236.176.111,ipv4,malicious-ip,medium,WHITE,ziyadnz/hourly-ipv4,ziyadnz|hourly,2026-08-17T18:48:05Z,2026-08-17T18:48:05Z,
87.236.176.113,ipv4,malicious-ip,medium,WHITE,ziyadnz/hourly-ipv4,ziyadnz|hourly,2026-08-17T18:48:05Z,2026-08-17T18:48:05Z,
87.236.176.114,ipv4,malicious-ip,medium,WHITE,ziyadnz/hourly-ipv4,ziyadnz|hourly,2026-08-17T18:48:05Z,2026-08-17T18:48:05Z,
87.236.176.115,ipv4,malicious-ip,medium,WHITE,ziyadnz/hourly-ipv4,ziyadnz|hourly,2026-08-17T18:48:05Z,2026-08-17T18:48:05Z,
87.236.176.116,ipv4,malicious-ip,medium,WHITE,ziyadnz/hourly-ipv4,ziyadnz|hourly,2026-08-17T18:48:05Z,2026-08-17T18:48:05Z,
87.236.176.117,ipv4,malicious-ip,medium,WHITE,ziyadnz/hourly-ipv4,ziyadnz|hourly,2026-08-17T18:48:05Z,2026-08-17T18:48:05Z,
87.236.176.118,ipv4,malicious-ip,medium,WHITE,ziyadnz/hourly-ipv4,ziyadnz|hourly,2026-08-17T18:48:05Z,2026-08-17T18:48:05Z,
87.236.176.119,ipv4,malicious-ip,medium,WHITE,ziyadnz/hourly-ipv4,ziyadnz|hourly,2026-08-17T18:48:05Z,2026-08-17T18:48:05Z,
87.236.176.12,ipv4,malicious-ip,medium,WHITE,ziyadnz/hourly-ipv4,ziyadnz|hourly,2026-08-17T18:48:05Z,2026-08-17T18:48:05Z,
87.236.176.120,ipv4,malicious-ip,medium,WHITE,ziyadnz/hourly-ipv4,ziyadnz|hourly,2026-08-17T18:48:05Z,2026-08-17T18:48:05Z,
87.236.176.121,ipv4,malicious-ip,medium,WHITE,ziyadnz/hourly-ipv4,ziyadnz|hourly,2026-08-17T18:48:05Z,2026-08-17T18:48:05Z,
87.236.176.122,ipv4,malicious-ip,medium,WHITE,ziyadnz/hourly-ipv4,ziyadnz|hourly,2026-08-17T18:48:05Z,2026-08-17T18:48:05Z,
87.236.176.123,ipv4,malicious-ip,medium,WHITE,ziyadnz/hourly-ipv4,ziyadnz|hourly,2026-08-17T18:48:05Z,2026-08-17T18:48:05Z,
87.236.176.124,ipv4,malicious-ip,medium,WHITE,ziyadnz/hourly-ipv4,ziyadnz|hourly,2026-08-17T18:48:05Z,2026-08-17T18:48:05Z,
87.236.176.125,ipv4,malicious-ip,medium,WHITE,ziyadnz/hourly-ipv4,ziyadnz|hourly,2026-08-17T18:48:05Z,2026-08-17T18:48:05Z,
87.236.176.126,ipv4,malicious-ip,medium,WHITE,ziyadnz/hourly-ipv4,ziyadnz|hourly,2026-08-17T18:48:05Z,2026-08-17T18:48:05Z,
87.236.176.127,ipv4,malicious-ip,medium,WHITE,ziyadnz/hourly-ipv4,ziyadnz|hourly,2026-08-17T18:48:05Z,2026-08-17T18:48:05Z,
87.236.176.128,ipv4,malicious-ip,medium,WHITE,ziyadnz/hourly-ipv4,ziyadnz|hourly,2026-08-17T18:48:05Z,2026-08-17T18:48:05Z,
87.236.176.129,ipv4,malicious-ip,medium,WHITE,ziyadnz/hourly-ipv4,ziyadnz|hourly,2026-08-17T18:48:05Z,2026-08-17T18:48:05Z,
87.236.176.13,ipv4,malicious-ip,medium,WHITE,ziyadnz/hourly-ipv4,ziyadnz|hourly,2026-08-17T18:48:05Z,2026-08-17T18:48:05Z,
87.236.176.130,ipv4,malicious-ip,medium,WHITE,ziyadnz/hourly-ipv4,ziyadnz|hourly,2026-08-17T18:48:05Z,2026-08-17T18:48:05Z,
87.236.176.131,ipv4,malicious-ip,medium,WHITE,ziyadnz/hourly-ipv4,ziyadnz|hourly,2026-08-17T18:48:05Z,2026-08-17T18:48:05Z,
87.236.176.132,ipv4,malicious-ip,medium,WHITE,ziyadnz/hourly-ipv4,ziyadnz|hourly,2026-08-17T18:48:05Z,2026-08-17T18:48:05Z,
87.236.176.133,ipv4,malicious-ip,medium,WHITE,ziyadnz/hourly-ipv4,ziyadnz|hourly,2026-08-17T18:48:05Z,2026-08-17T18:48:05Z,
87.236.176.134,ipv4,malicious-ip,medium,WHITE,ziyadnz/hourly-ipv4,ziyadnz|hourly,2026-08-17T18:48:05Z,2026-08-17T18:48:05Z,
87.236.176.135,ipv4,malicious-ip,medium,WHITE,ziyadnz/hourly-ipv4,ziyadnz|hourly,2026-08-17T18:48:05Z,2026-08-17T18:48:05Z,
87.236.176.136,ipv4,malicious-ip,medium,WHITE,ziyadnz/hourly-ipv4,ziyadnz|hourly,2026-08-17T18:48:05Z,2026-08-17T18:48:05Z,
87.236.176.137,ipv4,malicious-ip,medium,WHITE,ziyadnz/hourly-ipv4,ziyadnz|hourly,2026-08-17T18:48:05Z,2026-08-17T18:48:05Z,
87.236.176.138,ipv4,malicious-ip,medium,WHITE,ziyadnz/hourly-ipv4,ziyadnz|hourly,2026-08-17T18:48:05Z,2026-08-17T18:48:05Z,
87.236.176.139,ipv4,malicious-ip,medium,WHITE,ziyadnz/hourly-ipv4,ziyadnz|hourly,2026-08-17T18:48:05Z,2026-08-17T18:48:05Z,
87.236.176.14,ipv4,malicious-ip,medium,WHITE,ziyadnz/hourly-ipv4,ziyadnz|hourly,2026-08-17T18:48:05Z,2026-08-17T18:48:05Z,
87.236.176.140,ipv4,malicious-ip,medium,WHITE,ziyadnz/hourly-ipv4,ziyadnz|hourly,2026-08-17T18:48:05Z,2026-08-17T18:48:05Z,
87.236.176.141,ipv4,malicious-ip,medium,WHITE,ziyadnz/hourly-ipv4,ziyadnz|hourly,2026-08-17T18:48:05Z,2026-08-17T18:48:05Z,
87.236.176.142,ipv4,malicious-ip,medium,WHITE,ziyadnz/hourly-ipv4,ziyadnz|hourly,2026-08-17T18:48:05Z,2026-08-17T18:48:05Z,
87.236.176.143,ipv4,malicious-ip,medium,WHITE,ziyadnz/hourly-ipv4,ziyadnz|hourly,2026-08-17T18:48:05Z,2026-08-17T18:48:05Z,
87.236.176.144,ipv4,malicious-ip,medium,WHITE,ziyadnz/hourly-ipv4,ziyadnz|hourly,2026-08-17T18:48:05Z,2026-08-17T18:48:05Z,
87.236.176.145,ipv4,malicious-ip,medium,WHITE,ziyadnz/hourly-ipv4,ziyadnz|hourly,2026-08-17T18:48:05Z,2026-08-17T18:48:05Z,
87.236.176.146,ipv4,malicious-ip,medium,WHITE,ziyadnz/hourly-ipv4,ziyadnz|hourly,2026-08-17T18:48:05Z,2026-08-17T18:48:05Z,
87.236.176.147,ipv4,malicious-ip,medium,WHITE,ziyadnz/hourly-ipv4,ziyadnz|hourly,2026-08-17T18:48:05Z,2026-08-17T18:48:05Z,
87.236.176.148,ipv4,malicious-ip,medium,WHITE,ziyadnz/hourly-ipv4,ziyadnz|hourly,2026-08-17T18:48:05Z,2026-08-17T18:48:05Z,
87.236.176.149,ipv4,malicious-ip,medium,WHITE,ziyadnz/hourly-ipv4,ziyadnz|hourly,2026-08-17T18:48:05Z,2026-08-17T18:48:05Z,
87.236.176.150,ipv4,malicious-ip,medium,WHITE,ziyadnz/hourly-ipv4,ziyadnz|hourly,2026-08-17T18:48:05Z,2026-08-17T18:48:05Z,
87.236.176.153,ipv4,malicious-ip,medium,WHITE,ziyadnz/hourly-ipv4,ziyadnz|hourly,2026-08-17T18:48:05Z,2026-08-17T18:48:05Z,
87.236.176.154,ipv4,malicious-ip,medium,WHITE,ziyadnz/hourly-ipv4,ziyadnz|hourly,2026-08-17T18:48:05Z,2026-08-17T18:48:05Z,
87.236.176.155,ipv4,malicious-ip,medium,WHITE,ziyadnz/hourly-ipv4,ziyadnz|hourly,2026-08-17T18:48:05Z,2026-08-17T18:48:05Z,
87.236.176.156,ipv4,malicious-ip,medium,WHITE,ziyadnz/hourly-ipv4,ziyadnz|hourly,2026-08-17T18:48:05Z,2026-08-17T18:48:05Z,
87.236.176.157,ipv4,malicious-ip,medium,WHITE,ziyadnz/hourly-ipv4,ziyadnz|hourly,2026-08-17T18:48:05Z,2026-08-17T18:48:05Z,
87.236.176.158,ipv4,malicious-ip,medium,WHITE,ziyadnz/hourly-ipv4,ziyadnz|hourly,2026-08-17T18:48:05Z,2026-08-17T18:48:05Z,
87.236.176.159,ipv4,malicious-ip,medium,WHITE,ziyadnz/hourly-ipv4,ziyadnz|hourly,2026-08-17T18:48:05Z,2026-08-17T18:48:05Z,
87.236.176.160,ipv4,malicious-ip,medium,WHITE,ziyadnz/hourly-ipv4,ziyadnz|hourly,2026-08-17T18:48:05Z,2026-08-17T18:48:05Z,
87.236.176.161,ipv4,malicious-ip,medium,WHITE,ziyadnz/hourly-ipv4,ziyadnz|hourly,2026-08-17T18:48:05Z,2026-08-17T18:48:05Z,
87.236.176.162,ipv4,malicious-ip,medium,WHITE,ziyadnz/hourly-ipv4,ziyadnz|hourly,2026-08-17T18:48:05Z,2026-08-17T18:48:05Z,
87.236.176.163,ipv4,malicious-ip,medium,WHITE,ziyadnz/hourly-ipv4,ziyadnz|hourly,2026-08-17T18:48:05Z,2026-08-17T18:48:05Z,
87.236.176.164,ipv4,malicious-ip,medium,WHITE,ziyadnz/hourly-ipv4,ziyadnz|hourly,2026-08-17T18:48:05Z,2026-08-17T18:48:05Z,
87.236.176.165,ipv4,malicious-ip,medium,WHITE,ziyadnz/hourly-ipv4,ziyadnz|hourly,2026-08-17T18:48:05Z,2026-08-17T18:48:05Z,
87.236.176.166,ipv4,malicious-ip,medium,WHITE,ziyadnz/hourly-ipv4,ziyadnz|hourly,2026-08-17T18:48:05Z,2026-08-17T18:48:05Z,
87.236.176.167,ipv4,malicious-ip,medium,WHITE,ziyadnz/hourly-ipv4,ziyadnz|hourly,2026-08-17T18:48:05Z,2026-08-17T18:48:05Z,
87.236.176.169,ipv4,malicious-ip,medium,WHITE,ziyadnz/hourly-ipv4,ziyadnz|hourly,2026-08-17T18:48:05Z,2026-08-17T18:48:05Z,
87.236.176.17,ipv4,malicious-ip,medium,WHITE,ziyadnz/hourly-ipv4,ziyadnz|hourly,2026-08-17T18:48:05Z,2026-08-17T18:48:05Z,
87.236.176.170,ipv4,malicious-ip,medium,WHITE,ziyadnz/hourly-ipv4,ziyadnz|hourly,2026-08-17T18:48:05Z,2026-08-17T18:48:05Z,
87.236.176.171,ipv4,malicious-ip,medium,WHITE,ziyadnz/hourly-ipv4,ziyadnz|hourly,2026-08-17T18:48:05Z,2026-08-17T18:48:05Z,
87.236.176.172,ipv4,malicious-ip,medium,WHITE,ziyadnz/hourly-ipv4,ziyadnz|hourly,2026-08-17T18:48:05Z,2026-08-17T18:48:05Z,
87.236.176.174,ipv4,malicious-ip,medium,WHITE,ziyadnz/hourly-ipv4,ziyadnz|hourly,2026-08-17T18:48:05Z,2026-08-17T18:48:05Z,
87.236.176.175,ipv4,malicious-ip,medium,WHITE,ziyadnz/hourly-ipv4,ziyadnz|hourly,2026-08-17T18:48:05Z,2026-08-17T18:48:05Z,
87.236.176.176,ipv4,malicious-ip,medium,WHITE,ziyadnz/hourly-ipv4,ziyadnz|hourly,2026-08-17T18:48:05Z,2026-08-17T18:48:05Z,
87.236.176.177,ipv4,malicious-ip,medium,WHITE,ziyadnz/hourly-ipv4,ziyadnz|hourly,2026-08-17T18:48:05Z,2026-08-17T18:48:05Z,
87.236.176.178,ipv4,malicious-ip,medium,WHITE,ziyadnz/hourly-ipv4,ziyadnz|hourly,2026-08-17T18:48:05Z,2026-08-17T18:48:05Z,
87.236.176.179,ipv4,malicious-ip,medium,WHITE,ziyadnz/hourly-ipv4,ziyadnz|hourly,2026-08-17T18:48:05Z,2026-08-17T18:48:05Z,
87.236.176.18,ipv4,malicious-ip,medium,WHITE,ziyadnz/hourly-ipv4,ziyadnz|hourly,2026-08-17T18:48:05Z,2026-08-17T18:48:05Z,
87.236.176.180,ipv4,malicious-ip,medium,WHITE,ziyadnz/hourly-ipv4,ziyadnz|hourly,2026-08-17T18:48:05Z,2026-08-17T18:48:05Z,
87.236.176.181,ipv4,malicious-ip,medium,WHITE,ziyadnz/hourly-ipv4,ziyadnz|hourly,2026-08-17T18:48:05Z,2026-08-17T18:48:05Z,
87.236.176.182,ipv4,malicious-ip,medium,WHITE,ziyadnz/hourly-ipv4,ziyadnz|hourly,2026-08-17T18:48:05Z,2026-08-17T18:48:05Z,
87.236.176.183,ipv4,malicious-ip,medium,WHITE,ziyadnz/hourly-ipv4,ziyadnz|hourly,2026-08-17T18:48:05Z,2026-08-17T18:48:05Z,
87.236.176.184,ipv4,malicious-ip,medium,WHITE,ziyadnz/hourly-ipv4,ziyadnz|hourly,2026-08-17T18:48:05Z,2026-08-17T18:48:05Z,
87.236.176.185,ipv4,malicious-ip,medium,WHITE,ziyadnz/hourly-ipv4,ziyadnz|hourly,2026-08-17T18:48:05Z,2026-08-17T18:48:05Z,
87.236.176.186,ipv4,malicious-ip,medium,WHITE,ziyadnz/hourly-ipv4,ziyadnz|hourly,2026-08-17T18:48:05Z,2026-08-17T18:48:05Z,
87.236.176.189,ipv4,malicious-ip,medium,WHITE,ziyadnz/hourly-ipv4,ziyadnz|hourly,2026-08-17T18:48:05Z,2026-08-17T18:48:05Z,
87.236.176.19,ipv4,malicious-ip,medium,WHITE,ziyadnz/hourly-ipv4,ziyadnz|hourly,2026-08-17T18:48:05Z,2026-08-17T18:48:05Z,
87.236.176.191,ipv4,malicious-ip,medium,WHITE,ziyadnz/hourly-ipv4,ziyadnz|hourly,2026-08-17T18:48:05Z,2026-08-17T18:48:05Z,
87.236.176.192,ipv4,malicious-ip,medium,WHITE,ziyadnz/hourly-ipv4,ziyadnz|hourly,2026-08-17T18:48:05Z,2026-08-17T18:48:05Z,
87.236.176.193,ipv4,malicious-ip,medium,WHITE,ziyadnz/hourly-ipv4,ziyadnz|hourly,2026-08-17T18:48:05Z,2026-08-17T18:48:05Z,
87.236.176.195,ipv4,malicious-ip,medium,WHITE,ziyadnz/hourly-ipv4,ziyadnz|hourly,2026-08-17T18:48:05Z,2026-08-17T18:48:05Z,
87.236.176.196,ipv4,malicious-ip,medium,WHITE,ziyadnz/hourly-ipv4,ziyadnz|hourly,2026-08-17T18:48:05Z,2026-08-17T18:48:05Z,
87.236.176.197,ipv4,malicious-ip,medium,WHITE,ziyadnz/hourly-ipv4,ziyadnz|hourly,2026-08-17T18:48:05Z,2026-08-17T18:48:05Z,
87.236.176.198,ipv4,malicious-ip,medium,WHITE,ziyadnz/hourly-ipv4,ziyadnz|hourly,2026-08-17T18:48:05Z,2026-08-17T18:48:05Z,
87.236.176.199,ipv4,malicious-ip,medium,WHITE,ziyadnz/hourly-ipv4,ziyadnz|hourly,2026-08-17T18:48:05Z,2026-08-17T18:48:05Z,
87.236.176.2,ipv4,malicious-ip,medium,WHITE,ziyadnz/hourly-ipv4,ziyadnz|hourly,2026-08-17T18:48:05Z,2026-08-17T18:48:05Z,
87.236.176.20,ipv4,malicious-ip,medium,WHITE,ziyadnz/hourly-ipv4,ziyadnz|hourly,2026-08-17T18:48:05Z,2026-08-17T18:48:05Z,
87.236.176.200,ipv4,malicious-ip,medium,WHITE,ziyadnz/hourly-ipv4,ziyadnz|hourly,2026-08-17T18:48:05Z,2026-08-17T18:48:05Z,
87.236.176.201,ipv4,malicious-ip,medium,WHITE,ziyadnz/hourly-ipv4,ziyadnz|hourly,2026-08-17T18:48:05Z,2026-08-17T18:48:05Z,
87.236.176.202,ipv4,malicious-ip,medium,WHITE,ziyadnz/hourly-ipv4,ziyadnz|hourly,2026-08-17T18:48:05Z,2026-08-17T18:48:05Z,
87.236.176.203,ipv4,malicious-ip,medium,WHITE,ziyadnz/hourly-ipv4,ziyadnz|hourly,2026-08-17T18:48:05Z,2026-08-17T18:48:05Z,
87.236.176.204,ipv4,malicious-ip,medium,WHITE,ziyadnz/hourly-ipv4,ziyadnz|hourly,2026-08-17T18:48:05Z,2026-08-17T18:48:05Z,
87.236.176.205,ipv4,malicious-ip,medium,WHITE,ziyadnz/hourly-ipv4,ziyadnz|hourly,2026-08-17T18:48:05Z,2026-08-17T18:48:05Z,
87.236.176.206,ipv4,malicious-ip,medium,WHITE,ziyadnz/hourly-ipv4,ziyadnz|hourly,2026-08-17T18:48:05Z,2026-08-17T18:48:05Z,
87.236.176.207,ipv4,malicious-ip,medium,WHITE,ziyadnz/hourly-ipv4,ziyadnz|hourly,2026-08-17T18:48:05Z,2026-08-17T18:48:05Z,
87.236.176.208,ipv4,malicious-ip,medium,WHITE,ziyadnz/hourly-ipv4,ziyadnz|hourly,2026-08-17T18:48:05Z,2026-08-17T18:48:05Z,
87.236.176.209,ipv4,malicious-ip,medium,WHITE,ziyadnz/hourly-ipv4,ziyadnz|hourly,2026-08-17T18:48:05Z,2026-08-17T18:48:05Z,
87.236.176.21,ipv4,malicious-ip,medium,WHITE,ziyadnz/hourly-ipv4,ziyadnz|hourly,2026-08-17T18:48:05Z,2026-08-17T18:48:05Z,
87.236.176.210,ipv4,malicious-ip,medium,WHITE,ziyadnz/hourly-ipv4,ziyadnz|hourly,2026-08-17T18:48:05Z,2026-08-17T18:48:05Z,
87.236.176.211,ipv4,malicious-ip,medium,WHITE,ziyadnz/hourly-ipv4,ziyadnz|hourly,2026-08-17T18:48:05Z,2026-08-17T18:48:05Z,
87.236.176.212,ipv4,malicious-ip,medium,WHITE,ziyadnz/hourly-ipv4,ziyadnz|hourly,2026-08-17T18:48:05Z,2026-08-17T18:48:05Z,
87.236.176.213,ipv4,malicious-ip,medium,WHITE,ziyadnz/hourly-ipv4,ziyadnz|hourly,2026-08-17T18:48:05Z,2026-08-17T18:48:05Z,
87.236.176.214,ipv4,malicious-ip,medium,WHITE,ziyadnz/hourly-ipv4,ziyadnz|hourly,2026-08-17T18:48:05Z,2026-08-17T18:48:05Z,
87.236.176.215,ipv4,malicious-ip,medium,WHITE,ziyadnz/hourly-ipv4,ziyadnz|hourly,2026-08-17T18:48:05Z,2026-08-17T18:48:05Z,
87.236.176.216,ipv4,malicious-ip,medium,WHITE,ziyadnz/hourly-ipv4,ziyadnz|hourly,2026-08-17T18:48:05Z,2026-08-17T18:48:05Z,
87.236.176.217,ipv4,malicious-ip,medium,WHITE,ziyadnz/hourly-ipv4,ziyadnz|hourly,2026-08-17T18:48:05Z,2026-08-17T18:48:05Z,
87.236.176.218,ipv4,malicious-ip,medium,WHITE,ziyadnz/hourly-ipv4,ziyadnz|hourly,2026-08-17T18:48:05Z,2026-08-17T18:48:05Z,
87.236.176.219,ipv4,malicious-ip,medium,WHITE,ziyadnz/hourly-ipv4,ziyadnz|hourly,2026-08-17T18:48:05Z,2026-08-17T18:48:05Z,
87.236.176.22,ipv4,malicious-ip,medium,WHITE,ziyadnz/hourly-ipv4,ziyadnz|hourly,2026-08-17T18:48:05Z,2026-08-17T18:48:05Z,
87.236.176.220,ipv4,malicious-ip,medium,WHITE,ziyadnz/hourly-ipv4,ziyadnz|hourly,2026-08-17T18:48:05Z,2026-08-17T18:48:05Z,
87.236.176.221,ipv4,malicious-ip,medium,WHITE,ziyadnz/hourly-ipv4,ziyadnz|hourly,2026-08-17T18:48:05Z,2026-08-17T18:48:05Z,
87.236.176.222,ipv4,malicious-ip,medium,WHITE,ziyadnz/hourly-ipv4,ziyadnz|hourly,2026-08-17T18:48:05Z,2026-08-17T18:48:05Z,
87.236.176.223,ipv4,malicious-ip,medium,WHITE,ziyadnz/hourly-ipv4,ziyadnz|hourly,2026-08-17T18:48:05Z,2026-08-17T18:48:05Z,
87.236.176.224,ipv4,malicious-ip,medium,WHITE,ziyadnz/hourly-ipv4,ziyadnz|hourly,2026-08-17T18:48:05Z,2026-08-17T18:48:05Z,
87.236.176.225,ipv4,malicious-ip,medium,WHITE,ziyadnz/hourly-ipv4,ziyadnz|hourly,2026-08-17T18:48:05Z,2026-08-17T18:48:05Z,
87.236.176.226,ipv4,malicious-ip,medium,WHITE,ziyadnz/hourly-ipv4,ziyadnz|hourly,2026-08-17T18:48:05Z,2026-08-17T18:48:05Z,
87.236.176.227,ipv4,malicious-ip,medium,WHITE,ziyadnz/hourly-ipv4,ziyadnz|hourly,2026-08-17T18:48:05Z,2026-08-17T18:48:05Z,
87.236.176.228,ipv4,malicious-ip,medium,WHITE,ziyadnz/hourly-ipv4,ziyadnz|hourly,2026-08-17T18:48:05Z,2026-08-17T18:48:05Z,
87.236.176.229,ipv4,malicious-ip,medium,WHITE,ziyadnz/hourly-ipv4,ziyadnz|hourly,2026-08-17T18:48:05Z,2026-08-17T18:48:05Z,
87.236.176.23,ipv4,malicious-ip,medium,WHITE,ziyadnz/hourly-ipv4,ziyadnz|hourly,2026-08-17T18:48:05Z,2026-08-17T18:48:05Z,
87.236.176.230,ipv4,malicious-ip,medium,WHITE,ziyadnz/hourly-ipv4,ziyadnz|hourly,2026-08-17T18:48:05Z,2026-08-17T18:48:05Z,
87.236.176.231,ipv4,malicious-ip,medium,WHITE,ziyadnz/hourly-ipv4,ziyadnz|hourly,2026-08-17T18:48:05Z,2026-08-17T18:48:05Z,
87.236.176.232,ipv4,malicious-ip,medium,WHITE,ziyadnz/hourly-ipv4,ziyadnz|hourly,2026-08-17T18:48:05Z,2026-08-17T18:48:05Z,
87.236.176.234,ipv4,malicious-ip,medium,WHITE,ziyadnz/hourly-ipv4,ziyadnz|hourly,2026-08-17T18:48:05Z,2026-08-17T18:48:05Z,
87.236.176.235,ipv4,malicious-ip,medium,WHITE,ziyadnz/hourly-ipv4,ziyadnz|hourly,2026-08-17T18:48:05Z,2026-08-17T18:48:05Z,
87.236.176.237,ipv4,malicious-ip,medium,WHITE,ziyadnz/hourly-ipv4,ziyadnz|hourly,2026-08-17T18:48:05Z,2026-08-17T18:48:05Z,
87.236.176.238,ipv4,malicious-ip,medium,WHITE,ziyadnz/hourly-ipv4,ziyadnz|hourly,2026-08-17T18:48:05Z,2026-08-17T18:48:05Z,
87.236.176.239,ipv4,malicious-ip,medium,WHITE,ziyadnz/hourly-ipv4,ziyadnz|hourly,2026-08-17T18:48:05Z,2026-08-17T18:48:05Z,
87.236.176.24,ipv4,malicious-ip,medium,WHITE,ziyadnz/hourly-ipv4,ziyadnz|hourly,2026-08-17T18:48:05Z,2026-08-17T18:48:05Z,
87.236.176.240,ipv4,malicious-ip,medium,WHITE,ziyadnz/hourly-ipv4,ziyadnz|hourly,2026-08-17T18:48:05Z,2026-08-17T18:48:05Z,
87.236.176.241,ipv4,malicious-ip,medium,WHITE,ziyadnz/hourly-ipv4,ziyadnz|hourly,2026-08-17T18:48:05Z,2026-08-17T18:48:05Z,
87.236.176.242,ipv4,malicious-ip,medium,WHITE,ziyadnz/hourly-ipv4,ziyadnz|hourly,2026-08-17T18:48:05Z,2026-08-17T18:48:05Z,
87.236.176.243,ipv4,malicious-ip,medium,WHITE,ziyadnz/hourly-ipv4,ziyadnz|hourly,2026-08-17T18:48:05Z,2026-08-17T18:48:05Z,
87.236.176.244,ipv4,malicious-ip,medium,WHITE,ziyadnz/hourly-ipv4,ziyadnz|hourly,2026-08-17T18:48:05Z,2026-08-17T18:48:05Z,
87.236.176.245,ipv4,malicious-ip,medium,WHITE,ziyadnz/hourly-ipv4,ziyadnz|hourly,2026-08-17T18:48:05Z,2026-08-17T18:48:05Z,
87.236.176.246,ipv4,malicious-ip,medium,WHITE,ziyadnz/hourly-ipv4,ziyadnz|hourly,2026-08-17T18:48:05Z,2026-08-17T18:48:05Z,
87.236.176.247,ipv4,malicious-ip,medium,WHITE,ziyadnz/hourly-ipv4,ziyadnz|hourly,2026-08-17T18:48:05Z,2026-08-17T18:48:05Z,
87.236.176.248,ipv4,malicious-ip,medium,WHITE,ziyadnz/hourly-ipv4,ziyadnz|hourly,2026-08-17T18:48:05Z,2026-08-17T18:48:05Z,
87.236.176.249,ipv4,malicious-ip,medium,WHITE,ziyadnz/hourly-ipv4,ziyadnz|hourly,2026-08-17T18:48:05Z,2026-08-17T18:48:05Z,
87.236.176.25,ipv4,malicious-ip,medium,WHITE,ziyadnz/hourly-ipv4,ziyadnz|hourly,2026-08-17T18:48:05Z,2026-08-17T18:48:05Z,
87.236.176.250,ipv4,malicious-ip,medium,WHITE,ziyadnz/hourly-ipv4,ziyadnz|hourly,2026-08-17T18:48:05Z,2026-08-17T18:48:05Z,
87.236.176.251,ipv4,malicious-ip,medium,WHITE,ziyadnz/hourly-ipv4,ziyadnz|hourly,2026-08-17T18:48:05Z,2026-08-17T18:48:05Z,
87.236.176.252,ipv4,malicious-ip,medium,WHITE,ziyadnz/hourly-ipv4,ziyadnz|hourly,2026-08-17T18:48:05Z,2026-08-17T18:48:05Z,
87.236.176.253,ipv4,malicious-ip,medium,WHITE,ziyadnz/hourly-ipv4,ziyadnz|hourly,2026-08-17T18:48:05Z,2026-08-17T18:48:05Z,
87.236.176.26,ipv4,malicious-ip,medium,WHITE,ziyadnz/hourly-ipv4,ziyadnz|hourly,2026-08-17T18:48:05Z,2026-08-17T18:48:05Z,
87.236.176.27,ipv4,malicious-ip,medium,WHITE,ziyadnz/hourly-ipv4,ziyadnz|hourly,2026-08-17T18:48:05Z,2026-08-17T18:48:05Z,
87.236.176.28,ipv4,malicious-ip,medium,WHITE,ziyadnz/hourly-ipv4,ziyadnz|hourly,2026-08-17T18:48:05Z,2026-08-17T18:48:05Z,
87.236.176.29,ipv4,malicious-ip,medium,WHITE,ziyadnz/hourly-ipv4,ziyadnz|hourly,2026-08-17T18:48:05Z,2026-08-17T18:48:05Z,
87.236.176.3,ipv4,malicious-ip,medium,WHITE,ziyadnz/hourly-ipv4,ziyadnz|hourly,2026-08-17T18:48:05Z,2026-08-17T18:48:05Z,
87.236.176.30,ipv4,malicious-ip,medium,WHITE,ziyadnz/hourly-ipv4,ziyadnz|hourly,2026-08-17T18:48:05Z,2026-08-17T18:48:05Z,
87.236.176.31,ipv4,malicious-ip,medium,WHITE,ziyadnz/hourly-ipv4,ziyadnz|hourly,2026-08-17T18:48:05Z,2026-08-17T18:48:05Z,
87.236.176.33,ipv4,malicious-ip,medium,WHITE,ziyadnz/hourly-ipv4,ziyadnz|hourly,2026-08-17T18:48:05Z,2026-08-17T18:48:05Z,
87.236.176.34,ipv4,malicious-ip,medium,WHITE,ziyadnz/hourly-ipv4,ziyadnz|hourly,2026-08-17T18:48:05Z,2026-08-17T18:48:05Z,
87.236.176.35,ipv4,malicious-ip,medium,WHITE,ziyadnz/hourly-ipv4,ziyadnz|hourly,2026-08-17T18:48:05Z,2026-08-17T18:48:05Z,
87.236.176.36,ipv4,malicious-ip,medium,WHITE,ziyadnz/hourly-ipv4,ziyadnz|hourly,2026-08-17T18:48:05Z,2026-08-17T18:48:05Z,
87.236.176.37,ipv4,malicious-ip,medium,WHITE,ziyadnz/hourly-ipv4,ziyadnz|hourly,2026-08-17T18:48:05Z,2026-08-17T18:48:05Z,
87.236.176.38,ipv4,malicious-ip,medium,WHITE,ziyadnz/hourly-ipv4,ziyadnz|hourly,2026-08-17T18:48:05Z,2026-08-17T18:48:05Z,
87.236.176.39,ipv4,malicious-ip,medium,WHITE,ziyadnz/hourly-ipv4,ziyadnz|hourly,2026-08-17T18:48:05Z,2026-08-17T18:48:05Z,
87.236.176.4,ipv4,malicious-ip,medium,WHITE,ziyadnz/hourly-ipv4,ziyadnz|hourly,2026-08-17T18:48:05Z,2026-08-17T18:48:05Z,
87.236.176.40,ipv4,malicious-ip,medium,WHITE,ziyadnz/hourly-ipv4,ziyadnz|hourly,2026-08-17T18:48:05Z,2026-08-17T18:48:05Z,
87.236.176.41,ipv4,malicious-ip,medium,WHITE,ziyadnz/hourly-ipv4,ziyadnz|hourly,2026-08-17T18:48:05Z,2026-08-17T18:48:05Z,
87.236.176.42,ipv4,malicious-ip,medium,WHITE,ziyadnz/hourly-ipv4,ziyadnz|hourly,2026-08-17T18:48:05Z,2026-08-17T18:48:05Z,
87.236.176.43,ipv4,malicious-ip,medium,WHITE,ziyadnz/hourly-ipv4,ziyadnz|hourly,2026-08-17T18:48:05Z,2026-08-17T18:48:05Z,
87.236.176.45,ipv4,malicious-ip,medium,WHITE,ziyadnz/hourly-ipv4,ziyadnz|hourly,2026-08-17T18:48:05Z,2026-08-17T18:48:05Z,
87.236.176.46,ipv4,malicious-ip,medium,WHITE,ziyadnz/hourly-ipv4,ziyadnz|hourly,2026-08-17T18:48:05Z,2026-08-17T18:48:05Z,
87.236.176.48,ipv4,malicious-ip,medium,WHITE,ziyadnz/hourly-ipv4,ziyadnz|hourly,2026-08-17T18:48:05Z,2026-08-17T18:48:05Z,
87.236.176.49,ipv4,malicious-ip,medium,WHITE,ziyadnz/hourly-ipv4,ziyadnz|hourly,2026-08-17T18:48:05Z,2026-08-17T18:48:05Z,
87.236.176.5,ipv4,malicious-ip,medium,WHITE,ziyadnz/hourly-ipv4,ziyadnz|hourly,2026-08-17T18:48:05Z,2026-08-17T18:48:05Z,
87.236.176.50,ipv4,malicious-ip,medium,WHITE,ziyadnz/hourly-ipv4,ziyadnz|hourly,2026-08-17T18:48:05Z,2026-08-17T18:48:05Z,
87.236.176.51,ipv4,malicious-ip,medium,WHITE,ziyadnz/hourly-ipv4,ziyadnz|hourly,2026-08-17T18:48:05Z,2026-08-17T18:48:05Z,
87.236.176.52,ipv4,malicious-ip,medium,WHITE,ziyadnz/hourly-ipv4,ziyadnz|hourly,2026-08-17T18:48:05Z,2026-08-17T18:48:05Z,
87.236.176.53,ipv4,malicious-ip,medium,WHITE,ziyadnz/hourly-ipv4,ziyadnz|hourly,2026-08-17T18:48:05Z,2026-08-17T18:48:05Z,
87.236.176.54,ipv4,malicious-ip,medium,WHITE,ziyadnz/hourly-ipv4,ziyadnz|hourly,2026-08-17T18:48:05Z,2026-08-17T18:48:05Z,
87.236.176.55,ipv4,malicious-ip,medium,WHITE,ziyadnz/hourly-ipv4,ziyadnz|hourly,2026-08-17T18:48:05Z,2026-08-17T18:48:05Z,
87.236.176.56,ipv4,malicious-ip,medium,WHITE,ziyadnz/hourly-ipv4,ziyadnz|hourly,2026-08-17T18:48:05Z,2026-08-17T18:48:05Z,
87.236.176.57,ipv4,malicious-ip,medium,WHITE,ziyadnz/hourly-ipv4,ziyadnz|hourly,2026-08-17T18:48:05Z,2026-08-17T18:48:05Z,
87.236.176.58,ipv4,malicious-ip,medium,WHITE,ziyadnz/hourly-ipv4,ziyadnz|hourly,2026-08-17T18:48:05Z,2026-08-17T18:48:05Z,
87.236.176.59,ipv4,malicious-ip,medium,WHITE,ziyadnz/hourly-ipv4,ziyadnz|hourly,2026-08-17T18:48:05Z,2026-08-17T18:48:05Z,
87.236.176.6,ipv4,malicious-ip,medium,WHITE,ziyadnz/hourly-ipv4,ziyadnz|hourly,2026-08-17T18:48:05Z,2026-08-17T18:48:05Z,
87.236.176.60,ipv4,malicious-ip,medium,WHITE,ziyadnz/hourly-ipv4,ziyadnz|hourly,2026-08-17T18:48:05Z,2026-08-17T18:48:05Z,
87.236.176.61,ipv4,malicious-ip,medium,WHITE,ziyadnz/hourly-ipv4,ziyadnz|hourly,2026-08-17T18:48:05Z,2026-08-17T18:48:05Z,
87.236.176.62,ipv4,malicious-ip,medium,WHITE,ziyadnz/hourly-ipv4,ziyadnz|hourly,2026-08-17T18:48:05Z,2026-08-17T18:48:05Z,
87.236.176.63,ipv4,malicious-ip,medium,WHITE,ziyadnz/hourly-ipv4,ziyadnz|hourly,2026-08-17T18:48:05Z,2026-08-17T18:48:05Z,
87.236.176.64,ipv4,malicious-ip,medium,WHITE,ziyadnz/hourly-ipv4,ziyadnz|hourly,2026-08-17T18:48:05Z,2026-08-17T18:48:05Z,
87.236.176.65,ipv4,malicious-ip,medium,WHITE,ziyadnz/hourly-ipv4,ziyadnz|hourly,2026-08-17T18:48:05Z,2026-08-17T18:48:05Z,
87.236.176.66,ipv4,malicious-ip,medium,WHITE,ziyadnz/hourly-ipv4,ziyadnz|hourly,2026-08-17T18:48:05Z,2026-08-17T18:48:05Z,
87.236.176.67,ipv4,malicious-ip,medium,WHITE,ziyadnz/hourly-ipv4,ziyadnz|hourly,2026-08-17T18:48:05Z,2026-08-17T18:48:05Z,
87.236.176.68,ipv4,malicious-ip,medium,WHITE,ziyadnz/hourly-ipv4,ziyadnz|hourly,2026-08-17T18:48:05Z,2026-08-17T18:48:05Z,
87.236.176.69,ipv4,malicious-ip,medium,WHITE,ziyadnz/hourly-ipv4,ziyadnz|hourly,2026-08-17T18:48:05Z,2026-08-17T18:48:05Z,
87.236.176.7,ipv4,malicious-ip,medium,WHITE,ziyadnz/hourly-ipv4,ziyadnz|hourly,2026-08-17T18:48:05Z,2026-08-17T18:48:05Z,
87.236.176.70,ipv4,malicious-ip,medium,WHITE,ziyadnz/hourly-ipv4,ziyadnz|hourly,2026-08-17T18:48:05Z,2026-08-17T18:48:05Z,
87.236.176.71,ipv4,malicious-ip,medium,WHITE,ziyadnz/hourly-ipv4,ziyadnz|hourly,2026-08-17T18:48:05Z,2026-08-17T18:48:05Z,
87.236.176.72,ipv4,malicious-ip,medium,WHITE,ziyadnz/hourly-ipv4,ziyadnz|hourly,2026-08-17T18:48:05Z,2026-08-17T18:48:05Z,
87.236.176.73,ipv4,malicious-ip,medium,WHITE,ziyadnz/hourly-ipv4,ziyadnz|hourly,2026-08-17T18:48:05Z,2026-08-17T18:48:05Z,
87.236.176.74,ipv4,malicious-ip,medium,WHITE,ziyadnz/hourly-ipv4,ziyadnz|hourly,2026-08-17T18:48:05Z,2026-08-17T18:48:05Z,
87.236.176.75,ipv4,malicious-ip,medium,WHITE,ziyadnz/hourly-ipv4,ziyadnz|hourly,2026-08-17T18:48:05Z,2026-08-17T18:48:05Z,
87.236.176.76,ipv4,malicious-ip,medium,WHITE,ziyadnz/hourly-ipv4,ziyadnz|hourly,2026-08-17T18:48:05Z,2026-08-17T18:48:05Z,
87.236.176.79,ipv4,malicious-ip,medium,WHITE,ziyadnz/hourly-ipv4,ziyadnz|hourly,2026-08-17T18:48:05Z,2026-08-17T18:48:05Z,
87.236.176.8,ipv4,malicious-ip,medium,WHITE,ziyadnz/hourly-ipv4,ziyadnz|hourly,2026-08-17T18:48:05Z,2026-08-17T18:48:05Z,
87.236.176.80,ipv4,malicious-ip,medium,WHITE,ziyadnz/hourly-ipv4,ziyadnz|hourly,2026-08-17T18:48:05Z,2026-08-17T18:48:05Z,
87.236.176.81,ipv4,malicious-ip,medium,WHITE,ziyadnz/hourly-ipv4,ziyadnz|hourly,2026-08-17T18:48:05Z,2026-08-17T18:48:05Z,
87.236.176.83,ipv4,malicious-ip,medium,WHITE,ziyadnz/hourly-ipv4,ziyadnz|hourly,2026-08-17T18:48:05Z,2026-08-17T18:48:05Z,
87.236.176.84,ipv4,malicious-ip,medium,WHITE,ziyadnz/hourly-ipv4,ziyadnz|hourly,2026-08-17T18:48:05Z,2026-08-17T18:48:05Z,
87.236.176.85,ipv4,malicious-ip,medium,WHITE,ziyadnz/hourly-ipv4,ziyadnz|hourly,2026-08-17T18:48:05Z,2026-08-17T18:48:05Z,
87.236.176.86,ipv4,malicious-ip,medium,WHITE,ziyadnz/hourly-ipv4,ziyadnz|hourly,2026-08-17T18:48:05Z,2026-08-17T18:48:05Z,
87.236.176.87,ipv4,malicious-ip,medium,WHITE,ziyadnz/hourly-ipv4,ziyadnz|hourly,2026-08-17T18:48:05Z,2026-08-17T18:48:05Z,
87.236.176.88,ipv4,malicious-ip,medium,WHITE,ziyadnz/hourly-ipv4,ziyadnz|hourly,2026-08-17T18:48:05Z,2026-08-17T18:48:05Z,
87.236.176.89,ipv4,malicious-ip,medium,WHITE,ziyadnz/hourly-ipv4,ziyadnz|hourly,2026-08-17T18:48:05Z,2026-08-17T18:48:05Z,
87.236.176.9,ipv4,malicious-ip,medium,WHITE,ziyadnz/hourly-ipv4,ziyadnz|hourly,2026-08-17T18:48:05Z,2026-08-17T18:48:05Z,
87.236.176.90,ipv4,malicious-ip,medium,WHITE,ziyadnz/hourly-ipv4,ziyadnz|hourly,2026-08-17T18:48:05Z,2026-08-17T18:48:05Z,
87.236.176.91,ipv4,malicious-ip,medium,WHITE,ziyadnz/hourly-ipv4,ziyadnz|hourly,2026-08-17T18:48:05Z,2026-08-17T18:48:05Z,
87.236.176.92,ipv4,malicious-ip,medium,WHITE,ziyadnz/hourly-ipv4,ziyadnz|hourly,2026-08-17T18:48:05Z,2026-08-17T18:48:05Z,
87.236.176.94,ipv4,malicious-ip,medium,WHITE,ziyadnz/hourly-ipv4,ziyadnz|hourly,2026-08-17T18:48:05Z,2026-08-17T18:48:05Z,
87.236.176.95,ipv4,malicious-ip,medium,WHITE,ziyadnz/hourly-ipv4,ziyadnz|hourly,2026-08-17T18:48:05Z,2026-08-17T18:48:05Z,
87.236.176.96,ipv4,malicious-ip,medium,WHITE,ziyadnz/hourly-ipv4,ziyadnz|hourly,2026-08-17T18:48:05Z,2026-08-17T18:48:05Z,
87.236.176.97,ipv4,malicious-ip,medium,WHITE,ziyadnz/hourly-ipv4,ziyadnz|hourly,2026-08-17T18:48:05Z,2026-08-17T18:48:05Z,
87.236.176.98,ipv4,malicious-ip,medium,WHITE,ziyadnz/hourly-ipv4,ziyadnz|hourly,2026-08-17T18:48:05Z,2026-08-17T18:48:05Z,
87.236.176.99,ipv4,malicious-ip,medium,WHITE,ziyadnz/hourly-ipv4,ziyadnz|hourly,2026-08-17T18:48:05Z,2026-08-17T18:48:05Z,
87.236.177.9,ipv4,malicious-ip,medium,WHITE,ziyadnz/hourly-ipv4,ziyadnz|hourly,2026-08-17T18:48:05Z,2026-08-17T18:48:05Z,
87.236.195.198,ipv4,malicious-ip,medium,WHITE,ziyadnz/hourly-ipv4,ziyadnz|hourly,2026-08-17T18:48:05Z,2026-08-17T18:48:05Z,
87.236.232.5,ipv4,malicious-ip,medium,WHITE,ziyadnz/hourly-ipv4,ziyadnz|hourly,2026-08-17T18:48:05Z,2026-08-17T18:48:05Z,
87.237.202.67,ipv4,malicious-ip,medium,WHITE,ziyadnz/hourly-ipv4,ziyadnz|hourly,2026-08-17T18:48:05Z,2026-08-17T18:48:05Z,
87.237.52.216,ipv4,malicious-ip,medium,WHITE,ziyadnz/hourly-ipv4,ziyadnz|hourly,2026-08-17T18:48:05Z,2026-08-17T18:48:05Z,
87.239.129.78,ipv4,malicious-ip,medium,WHITE,ziyadnz/hourly-ipv4,ziyadnz|hourly,2026-08-17T18:48:05Z,2026-08-17T18:48:05Z,
87.241.157.63,ipv4,malicious-ip,medium,WHITE,ziyadnz/hourly-ipv4,ziyadnz|hourly,2026-08-17T18:48:05Z,2026-08-17T18:48:05Z,
87.243.88.174,ipv4,malicious-ip,medium,WHITE,ziyadnz/hourly-ipv4,ziyadnz|hourly,2026-08-17T18:48:05Z,2026-08-17T18:48:05Z,
87.244.18.110,ipv4,malicious-ip,medium,WHITE,ziyadnz/hourly-ipv4,ziyadnz|hourly,2026-08-17T18:48:05Z,2026-08-17T18:48:05Z,
87.244.181.186,ipv4,malicious-ip,medium,WHITE,ziyadnz/hourly-ipv4,ziyadnz|hourly,2026-08-17T18:48:05Z,2026-08-17T18:48:05Z,
87.245.152.156,ipv4,malicious-ip,medium,WHITE,ziyadnz/hourly-ipv4,ziyadnz|hourly,2026-08-17T18:48:05Z,2026-08-17T18:48:05Z,
87.245.179.84,ipv4,malicious-ip,medium,WHITE,ziyadnz/hourly-ipv4,ziyadnz|hourly,2026-08-17T18:48:05Z,2026-08-17T18:48:05Z,
87.245.179.86,ipv4,malicious-ip,medium,WHITE,ziyadnz/hourly-ipv4,ziyadnz|hourly,2026-08-17T18:48:05Z,2026-08-17T18:48:05Z,
87.245.179.94,ipv4,malicious-ip,medium,WHITE,ziyadnz/hourly-ipv4,ziyadnz|hourly,2026-08-17T18:48:05Z,2026-08-17T18:48:05Z,
87.246.54.153,ipv4,malicious-ip,medium,WHITE,ziyadnz/hourly-ipv4,ziyadnz|hourly,2026-08-17T18:48:05Z,2026-08-17T18:48:05Z,
87.246.7.194,ipv4,malicious-ip,medium,WHITE,ziyadnz/hourly-ipv4,ziyadnz|hourly,2026-08-17T18:48:05Z,2026-08-17T18:48:05Z,
87.246.7.198,ipv4,malicious-ip,medium,WHITE,ziyadnz/hourly-ipv4,ziyadnz|hourly,2026-08-17T18:48:05Z,2026-08-17T18:48:05Z,
87.246.7.66,ipv4,malicious-ip,medium,WHITE,ziyadnz/hourly-ipv4,ziyadnz|hourly,2026-08-17T18:48:05Z,2026-08-17T18:48:05Z,
87.247.142.107,ipv4,malicious-ip,medium,WHITE,ziyadnz/hourly-ipv4,ziyadnz|hourly,2026-08-17T18:48:05Z,2026-08-17T18:48:05Z,
87.247.157.9,ipv4,malicious-ip,medium,WHITE,ziyadnz/hourly-ipv4,ziyadnz|hourly,2026-08-17T18:48:05Z,2026-08-17T18:48:05Z,
87.248.157.141,ipv4,malicious-ip,medium,WHITE,ziyadnz/hourly-ipv4,ziyadnz|hourly,2026-08-17T18:48:05Z,2026-08-17T18:48:05Z,
87.248.174.94,ipv4,malicious-ip,medium,WHITE,ziyadnz/hourly-ipv4,ziyadnz|hourly,2026-08-17T18:48:05Z,2026-08-17T18:48:05Z,
87.248.230.58,ipv4,malicious-ip,medium,WHITE,ziyadnz/hourly-ipv4,ziyadnz|hourly,2026-08-17T18:48:05Z,2026-08-17T18:48:05Z,
87.248.237.138,ipv4,malicious-ip,medium,WHITE,ziyadnz/hourly-ipv4,ziyadnz|hourly,2026-08-17T18:48:05Z,2026-08-17T18:48:05Z,
87.249.128.218,ipv4,malicious-ip,medium,WHITE,ziyadnz/hourly-ipv4,ziyadnz|hourly,2026-08-17T18:48:05Z,2026-08-17T18:48:05Z,
87.249.134.10,ipv4,malicious-ip,medium,WHITE,ziyadnz/hourly-ipv4,ziyadnz|hourly,2026-08-17T18:48:05Z,2026-08-17T18:48:05Z,
87.249.134.21,ipv4,malicious-ip,medium,WHITE,ziyadnz/hourly-ipv4,ziyadnz|hourly,2026-08-17T18:48:05Z,2026-08-17T18:48:05Z,
87.249.134.23,ipv4,malicious-ip,medium,WHITE,ziyadnz/hourly-ipv4,ziyadnz|hourly,2026-08-17T18:48:05Z,2026-08-17T18:48:05Z,
87.249.138.34,ipv4,malicious-ip,medium,WHITE,ziyadnz/hourly-ipv4,ziyadnz|hourly,2026-08-17T18:48:05Z,2026-08-17T18:48:05Z,
87.249.138.47,ipv4,malicious-ip,medium,WHITE,ziyadnz/hourly-ipv4,ziyadnz|hourly,2026-08-17T18:48:05Z,2026-08-17T18:48:05Z,
87.249.50.64,ipv4,malicious-ip,medium,WHITE,ziyadnz/hourly-ipv4,ziyadnz|hourly,2026-08-17T18:48:05Z,2026-08-17T18:48:05Z,
87.249.53.11,ipv4,malicious-ip,medium,WHITE,ziyadnz/hourly-ipv4,ziyadnz|hourly,2026-08-17T18:48:05Z,2026-08-17T18:48:05Z,
87.249.61.176,ipv4,malicious-ip,medium,WHITE,ziyadnz/hourly-ipv4,ziyadnz|hourly,2026-08-17T18:48:05Z,2026-08-17T18:48:05Z,
87.249.61.202,ipv4,malicious-ip,medium,WHITE,ziyadnz/hourly-ipv4,ziyadnz|hourly,2026-08-17T18:48:05Z,2026-08-17T18:48:05Z,
87.250.110.250,ipv4,malicious-ip,medium,WHITE,ziyadnz/hourly-ipv4,ziyadnz|hourly,2026-08-17T18:48:05Z,2026-08-17T18:48:05Z,
87.250.233.1,ipv4,malicious-ip,medium,WHITE,ziyadnz/hourly-ipv4,ziyadnz|hourly,2026-08-17T18:48:05Z,2026-08-17T18:48:05Z,
87.251.64.141,ipv4,malicious-ip,medium,WHITE,ziyadnz/hourly-ipv4,ziyadnz|hourly,2026-08-17T18:48:05Z,2026-08-17T18:48:05Z,
87.251.66.118,ipv4,malicious-ip,medium,WHITE,ziyadnz/hourly-ipv4,ziyadnz|hourly,2026-08-17T18:48:05Z,2026-08-17T18:48:05Z,
87.251.67.41,ipv4,malicious-ip,medium,WHITE,ziyadnz/hourly-ipv4,ziyadnz|hourly,2026-08-17T18:48:05Z,2026-08-17T18:48:05Z,
87.251.67.51,ipv4,malicious-ip,medium,WHITE,ziyadnz/hourly-ipv4,ziyadnz|hourly,2026-08-17T18:48:05Z,2026-08-17T18:48:05Z,
87.251.81.60,ipv4,malicious-ip,medium,WHITE,ziyadnz/hourly-ipv4,ziyadnz|hourly,2026-08-17T18:48:05Z,2026-08-17T18:48:05Z,
87.251.85.167,ipv4,malicious-ip,medium,WHITE,ziyadnz/hourly-ipv4,ziyadnz|hourly,2026-08-17T18:48:05Z,2026-08-17T18:48:05Z,
87.252.100.19,ipv4,malicious-ip,medium,WHITE,ziyadnz/hourly-ipv4,ziyadnz|hourly,2026-08-17T18:48:05Z,2026-08-17T18:48:05Z,
87.252.126.56,ipv4,malicious-ip,medium,WHITE,ziyadnz/hourly-ipv4,ziyadnz|hourly,2026-08-17T18:48:05Z,2026-08-17T18:48:05Z,
87.254.186.238,ipv4,malicious-ip,medium,WHITE,ziyadnz/hourly-ipv4,ziyadnz|hourly,2026-08-17T18:48:05Z,2026-08-17T18:48:05Z,
87.255.204.58,ipv4,malicious-ip,medium,WHITE,ziyadnz/hourly-ipv4,ziyadnz|hourly,2026-08-17T18:48:05Z,2026-08-17T18:48:05Z,
87.26.17.105,ipv4,malicious-ip,medium,WHITE,ziyadnz/hourly-ipv4,ziyadnz|hourly,2026-08-17T18:48:05Z,2026-08-17T18:48:05Z,
87.26.92.1,ipv4,malicious-ip,medium,WHITE,ziyadnz/hourly-ipv4,ziyadnz|hourly,2026-08-17T18:48:05Z,2026-08-17T18:48:05Z,
87.31.69.127,ipv4,malicious-ip,medium,WHITE,ziyadnz/hourly-ipv4,ziyadnz|hourly,2026-08-17T18:48:05Z,2026-08-17T18:48:05Z,
87.4.93.114,ipv4,malicious-ip,medium,WHITE,ziyadnz/hourly-ipv4,ziyadnz|hourly,2026-08-17T18:48:05Z,2026-08-17T18:48:05Z,
87.54.18.202,ipv4,malicious-ip,medium,WHITE,ziyadnz/hourly-ipv4,ziyadnz|hourly,2026-08-17T18:48:05Z,2026-08-17T18:48:05Z,
87.58.197.202,ipv4,malicious-ip,medium,WHITE,ziyadnz/hourly-ipv4,ziyadnz|hourly,2026-08-17T18:48:05Z,2026-08-17T18:48:05Z,
87.58.206.98,ipv4,malicious-ip,medium,WHITE,ziyadnz/hourly-ipv4,ziyadnz|hourly,2026-08-17T18:48:05Z,2026-08-17T18:48:05Z,
87.68.140.27,ipv4,malicious-ip,medium,WHITE,ziyadnz/hourly-ipv4,ziyadnz|hourly,2026-08-17T18:48:05Z,2026-08-17T18:48:05Z,
87.7.119.90,ipv4,malicious-ip,medium,WHITE,ziyadnz/hourly-ipv4,ziyadnz|hourly,2026-08-17T18:48:05Z,2026-08-17T18:48:05Z,
87.7.152.222,ipv4,malicious-ip,medium,WHITE,ziyadnz/hourly-ipv4,ziyadnz|hourly,2026-08-17T18:48:05Z,2026-08-17T18:48:05Z,
87.71.191.135,ipv4,malicious-ip,medium,WHITE,ziyadnz/hourly-ipv4,ziyadnz|hourly,2026-08-17T18:48:05Z,2026-08-17T18:48:05Z,
87.76.204.158,ipv4,malicious-ip,medium,WHITE,ziyadnz/hourly-ipv4,ziyadnz|hourly,2026-08-17T18:48:05Z,2026-08-17T18:48:05Z,
87.76.241.187,ipv4,malicious-ip,medium,WHITE,ziyadnz/hourly-ipv4,ziyadnz|hourly,2026-08-17T18:48:05Z,2026-08-17T18:48:05Z,
87.8.101.91,ipv4,malicious-ip,medium,WHITE,ziyadnz/hourly-ipv4,ziyadnz|hourly,2026-08-17T18:48:05Z,2026-08-17T18:48:05Z,
87.8.114.248,ipv4,malicious-ip,medium,WHITE,ziyadnz/hourly-ipv4,ziyadnz|hourly,2026-08-17T18:48:05Z,2026-08-17T18:48:05Z,
87.9.45.108,ipv4,malicious-ip,medium,WHITE,ziyadnz/hourly-ipv4,ziyadnz|hourly,2026-08-17T18:48:05Z,2026-08-17T18:48:05Z,
87.91.87.218,ipv4,malicious-ip,medium,WHITE,ziyadnz/hourly-ipv4,ziyadnz|hourly,2026-08-17T18:48:05Z,2026-08-17T18:48:05Z,
87.92.6.8,ipv4,malicious-ip,medium,WHITE,ziyadnz/hourly-ipv4,ziyadnz|hourly,2026-08-17T18:48:05Z,2026-08-17T18:48:05Z,
87.95.162.10,ipv4,malicious-ip,medium,WHITE,ziyadnz/hourly-ipv4,ziyadnz|hourly,2026-08-17T18:48:05Z,2026-08-17T18:48:05Z,
87.97.3.144,ipv4,malicious-ip,medium,WHITE,ziyadnz/hourly-ipv4,ziyadnz|hourly,2026-08-17T18:48:05Z,2026-08-17T18:48:05Z,
87.97.60.168,ipv4,malicious-ip,medium,WHITE,ziyadnz/hourly-ipv4,ziyadnz|hourly,2026-08-17T18:48:05Z,2026-08-17T18:48:05Z,
87.98.128.213,ipv4,malicious-ip,medium,WHITE,ziyadnz/hourly-ipv4,ziyadnz|hourly,2026-08-17T18:48:05Z,2026-08-17T18:48:05Z,
87.98.236.240,ipv4,malicious-ip,medium,WHITE,ziyadnz/hourly-ipv4,ziyadnz|hourly,2026-08-17T18:48:05Z,2026-08-17T18:48:05Z,
87.98.245.221,ipv4,malicious-ip,medium,WHITE,ziyadnz/hourly-ipv4,ziyadnz|hourly,2026-08-17T18:48:05Z,2026-08-17T18:48:05Z,
87.99.144.157,ipv4,malicious-ip,medium,WHITE,ziyadnz/hourly-ipv4,ziyadnz|hourly,2026-08-17T18:48:05Z,2026-08-17T18:48:05Z,
88.115.204.4,ipv4,malicious-ip,medium,WHITE,ziyadnz/hourly-ipv4,ziyadnz|hourly,2026-08-17T18:48:05Z,2026-08-17T18:48:05Z,
88.115.206.103,ipv4,malicious-ip,medium,WHITE,ziyadnz/hourly-ipv4,ziyadnz|hourly,2026-08-17T18:48:05Z,2026-08-17T18:48:05Z,
88.116.182.1,ipv4,malicious-ip,medium,WHITE,ziyadnz/hourly-ipv4,ziyadnz|hourly,2026-08-17T18:48:05Z,2026-08-17T18:48:05Z,
88.119.141.208,ipv4,malicious-ip,medium,WHITE,ziyadnz/hourly-ipv4,ziyadnz|hourly,2026-08-17T18:48:05Z,2026-08-17T18:48:05Z,
88.119.161.135,ipv4,malicious-ip,medium,WHITE,ziyadnz/hourly-ipv4,ziyadnz|hourly,2026-08-17T18:48:05Z,2026-08-17T18:48:05Z,
88.119.161.205,ipv4,malicious-ip,medium,WHITE,ziyadnz/hourly-ipv4,ziyadnz|hourly,2026-08-17T18:48:05Z,2026-08-17T18:48:05Z,
88.119.167.239,ipv4,malicious-ip,medium,WHITE,ziyadnz/hourly-ipv4,ziyadnz|hourly,2026-08-17T18:48:05Z,2026-08-17T18:48:05Z,
88.119.169.205,ipv4,malicious-ip,medium,WHITE,ziyadnz/hourly-ipv4,ziyadnz|hourly,2026-08-17T18:48:05Z,2026-08-17T18:48:05Z,
88.119.169.227,ipv4,malicious-ip,medium,WHITE,ziyadnz/hourly-ipv4,ziyadnz|hourly,2026-08-17T18:48:05Z,2026-08-17T18:48:05Z,
88.119.171.251,ipv4,malicious-ip,medium,WHITE,ziyadnz/hourly-ipv4,ziyadnz|hourly,2026-08-17T18:48:05Z,2026-08-17T18:48:05Z,
88.119.175.104,ipv4,malicious-ip,medium,WHITE,ziyadnz/hourly-ipv4,ziyadnz|hourly,2026-08-17T18:48:05Z,2026-08-17T18:48:05Z,
88.119.175.194,ipv4,malicious-ip,medium,WHITE,ziyadnz/hourly-ipv4,ziyadnz|hourly,2026-08-17T18:48:05Z,2026-08-17T18:48:05Z,
88.119.175.52,ipv4,malicious-ip,medium,WHITE,ziyadnz/hourly-ipv4,ziyadnz|hourly,2026-08-17T18:48:05Z,2026-08-17T18:48:05Z,
88.129.165.39,ipv4,malicious-ip,medium,WHITE,ziyadnz/hourly-ipv4,ziyadnz|hourly,2026-08-17T18:48:05Z,2026-08-17T18:48:05Z,
88.13.242.37,ipv4,malicious-ip,medium,WHITE,ziyadnz/hourly-ipv4,ziyadnz|hourly,2026-08-17T18:48:05Z,2026-08-17T18:48:05Z,
88.13.38.194,ipv4,malicious-ip,medium,WHITE,ziyadnz/hourly-ipv4,ziyadnz|hourly,2026-08-17T18:48:05Z,2026-08-17T18:48:05Z,
88.132.63.51,ipv4,malicious-ip,medium,WHITE,ziyadnz/hourly-ipv4,ziyadnz|hourly,2026-08-17T18:48:05Z,2026-08-17T18:48:05Z,
88.135.202.54,ipv4,malicious-ip,medium,WHITE,ziyadnz/hourly-ipv4,ziyadnz|hourly,2026-08-17T18:48:05Z,2026-08-17T18:48:05Z,
88.135.235.137,ipv4,malicious-ip,medium,WHITE,ziyadnz/hourly-ipv4,ziyadnz|hourly,2026-08-17T18:48:05Z,2026-08-17T18:48:05Z,
88.135.237.73,ipv4,malicious-ip,medium,WHITE,ziyadnz/hourly-ipv4,ziyadnz|hourly,2026-08-17T18:48:05Z,2026-08-17T18:48:05Z,
88.135.250.42,ipv4,malicious-ip,medium,WHITE,ziyadnz/hourly-ipv4,ziyadnz|hourly,2026-08-17T18:48:05Z,2026-08-17T18:48:05Z,
88.135.73.7,ipv4,malicious-ip,medium,WHITE,ziyadnz/hourly-ipv4,ziyadnz|hourly,2026-08-17T18:48:05Z,2026-08-17T18:48:05Z,
88.136.133.126,ipv4,malicious-ip,medium,WHITE,ziyadnz/hourly-ipv4,ziyadnz|hourly,2026-08-17T18:48:05Z,2026-08-17T18:48:05Z,
88.136.133.176,ipv4,malicious-ip,medium,WHITE,ziyadnz/hourly-ipv4,ziyadnz|hourly,2026-08-17T18:48:05Z,2026-08-17T18:48:05Z,
88.138.72.49,ipv4,malicious-ip,medium,WHITE,ziyadnz/hourly-ipv4,ziyadnz|hourly,2026-08-17T18:48:05Z,2026-08-17T18:48:05Z,
88.147.148.152,ipv4,malicious-ip,medium,WHITE,ziyadnz/hourly-ipv4,ziyadnz|hourly,2026-08-17T18:48:05Z,2026-08-17T18:48:05Z,
88.147.152.144,ipv4,malicious-ip,medium,WHITE,ziyadnz/hourly-ipv4,ziyadnz|hourly,2026-08-17T18:48:05Z,2026-08-17T18:48:05Z,
88.147.152.154,ipv4,malicious-ip,medium,WHITE,ziyadnz/hourly-ipv4,ziyadnz|hourly,2026-08-17T18:48:05Z,2026-08-17T18:48:05Z,
88.147.152.2,ipv4,malicious-ip,medium,WHITE,ziyadnz/hourly-ipv4,ziyadnz|hourly,2026-08-17T18:48:05Z,2026-08-17T18:48:05Z,
88.147.153.212,ipv4,malicious-ip,medium,WHITE,ziyadnz/hourly-ipv4,ziyadnz|hourly,2026-08-17T18:48:05Z,2026-08-17T18:48:05Z,
88.147.153.213,ipv4,malicious-ip,medium,WHITE,ziyadnz/hourly-ipv4,ziyadnz|hourly,2026-08-17T18:48:05Z,2026-08-17T18:48:05Z,
88.147.153.29,ipv4,malicious-ip,medium,WHITE,ziyadnz/hourly-ipv4,ziyadnz|hourly,2026-08-17T18:48:05Z,2026-08-17T18:48:05Z,
88.147.153.42,ipv4,malicious-ip,medium,WHITE,ziyadnz/hourly-ipv4,ziyadnz|hourly,2026-08-17T18:48:05Z,2026-08-17T18:48:05Z,
88.147.153.80,ipv4,malicious-ip,medium,WHITE,ziyadnz/hourly-ipv4,ziyadnz|hourly,2026-08-17T18:48:05Z,2026-08-17T18:48:05Z,
88.147.169.241,ipv4,malicious-ip,medium,WHITE,ziyadnz/hourly-ipv4,ziyadnz|hourly,2026-08-17T18:48:05Z,2026-08-17T18:48:05Z,
88.147.173.105,ipv4,malicious-ip,medium,WHITE,ziyadnz/hourly-ipv4,ziyadnz|hourly,2026-08-17T18:48:05Z,2026-08-17T18:48:05Z,
88.147.173.119,ipv4,malicious-ip,medium,WHITE,ziyadnz/hourly-ipv4,ziyadnz|hourly,2026-08-17T18:48:05Z,2026-08-17T18:48:05Z,
88.147.195.92,ipv4,malicious-ip,medium,WHITE,ziyadnz/hourly-ipv4,ziyadnz|hourly,2026-08-17T18:48:05Z,2026-08-17T18:48:05Z,
88.148.49.11,ipv4,malicious-ip,medium,WHITE,ziyadnz/hourly-ipv4,ziyadnz|hourly,2026-08-17T18:48:05Z,2026-08-17T18:48:05Z,
88.148.49.9,ipv4,malicious-ip,medium,WHITE,ziyadnz/hourly-ipv4,ziyadnz|hourly,2026-08-17T18:48:05Z,2026-08-17T18:48:05Z,
88.148.90.140,ipv4,malicious-ip,medium,WHITE,ziyadnz/hourly-ipv4,ziyadnz|hourly,2026-08-17T18:48:05Z,2026-08-17T18:48:05Z,
88.149.153.106,ipv4,malicious-ip,medium,WHITE,ziyadnz/hourly-ipv4,ziyadnz|hourly,2026-08-17T18:48:05Z,2026-08-17T18:48:05Z,
88.149.228.20,ipv4,malicious-ip,medium,WHITE,ziyadnz/hourly-ipv4,ziyadnz|hourly,2026-08-17T18:48:05Z,2026-08-17T18:48:05Z,
88.15.49.146,ipv4,malicious-ip,medium,WHITE,ziyadnz/hourly-ipv4,ziyadnz|hourly,2026-08-17T18:48:05Z,2026-08-17T18:48:05Z,
88.150.138.125,ipv4,malicious-ip,medium,WHITE,ziyadnz/hourly-ipv4,ziyadnz|hourly,2026-08-17T18:48:05Z,2026-08-17T18:48:05Z,
88.150.154.72,ipv4,malicious-ip,medium,WHITE,ziyadnz/hourly-ipv4,ziyadnz|hourly,2026-08-17T18:48:05Z,2026-08-17T18:48:05Z,
88.151.192.165,ipv4,malicious-ip,medium,WHITE,ziyadnz/hourly-ipv4,ziyadnz|hourly,2026-08-17T18:48:05Z,2026-08-17T18:48:05Z,
88.151.195.133,ipv4,malicious-ip,medium,WHITE,ziyadnz/hourly-ipv4,ziyadnz|hourly,2026-08-17T18:48:05Z,2026-08-17T18:48:05Z,
88.151.195.22,ipv4,malicious-ip,medium,WHITE,ziyadnz/hourly-ipv4,ziyadnz|hourly,2026-08-17T18:48:05Z,2026-08-17T18:48:05Z,
88.151.33.178,ipv4,malicious-ip,medium,WHITE,ziyadnz/hourly-ipv4,ziyadnz|hourly,2026-08-17T18:48:05Z,2026-08-17T18:48:05Z,
88.151.34.218,ipv4,malicious-ip,medium,WHITE,ziyadnz/hourly-ipv4,ziyadnz|hourly,2026-08-17T18:48:05Z,2026-08-17T18:48:05Z,
88.151.90.168,ipv4,malicious-ip,medium,WHITE,ziyadnz/hourly-ipv4,ziyadnz|hourly,2026-08-17T18:48:05Z,2026-08-17T18:48:05Z,
88.157.44.61,ipv4,malicious-ip,medium,WHITE,ziyadnz/hourly-ipv4,ziyadnz|hourly,2026-08-17T18:48:05Z,2026-08-17T18:48:05Z,
88.159.116.118,ipv4,malicious-ip,medium,WHITE,ziyadnz/hourly-ipv4,ziyadnz|hourly,2026-08-17T18:48:05Z,2026-08-17T18:48:05Z,
88.160.244.217,ipv4,malicious-ip,medium,WHITE,ziyadnz/hourly-ipv4,ziyadnz|hourly,2026-08-17T18:48:05Z,2026-08-17T18:48:05Z,
88.161.112.104,ipv4,malicious-ip,medium,WHITE,ziyadnz/hourly-ipv4,ziyadnz|hourly,2026-08-17T18:48:05Z,2026-08-17T18:48:05Z,
88.165.230.183,ipv4,malicious-ip,medium,WHITE,ziyadnz/hourly-ipv4,ziyadnz|hourly,2026-08-17T18:48:05Z,2026-08-17T18:48:05Z,
88.165.93.88,ipv4,malicious-ip,medium,WHITE,ziyadnz/hourly-ipv4,ziyadnz|hourly,2026-08-17T18:48:05Z,2026-08-17T18:48:05Z,
88.166.10.136,ipv4,malicious-ip,medium,WHITE,ziyadnz/hourly-ipv4,ziyadnz|hourly,2026-08-17T18:48:05Z,2026-08-17T18:48:05Z,
88.166.28.185,ipv4,malicious-ip,medium,WHITE,ziyadnz/hourly-ipv4,ziyadnz|hourly,2026-08-17T18:48:05Z,2026-08-17T18:48:05Z,
88.166.91.7,ipv4,malicious-ip,medium,WHITE,ziyadnz/hourly-ipv4,ziyadnz|hourly,2026-08-17T18:48:05Z,2026-08-17T18:48:05Z,
88.167.153.103,ipv4,malicious-ip,medium,WHITE,ziyadnz/hourly-ipv4,ziyadnz|hourly,2026-08-17T18:48:05Z,2026-08-17T18:48:05Z,
88.168.83.68,ipv4,malicious-ip,medium,WHITE,ziyadnz/hourly-ipv4,ziyadnz|hourly,2026-08-17T18:48:05Z,2026-08-17T18:48:05Z,
88.169.109.111,ipv4,malicious-ip,medium,WHITE,ziyadnz/hourly-ipv4,ziyadnz|hourly,2026-08-17T18:48:05Z,2026-08-17T18:48:05Z,
88.169.149.193,ipv4,malicious-ip,medium,WHITE,ziyadnz/hourly-ipv4,ziyadnz|hourly,2026-08-17T18:48:05Z,2026-08-17T18:48:05Z,
88.169.227.98,ipv4,malicious-ip,medium,WHITE,ziyadnz/hourly-ipv4,ziyadnz|hourly,2026-08-17T18:48:05Z,2026-08-17T18:48:05Z,
88.169.60.69,ipv4,malicious-ip,medium,WHITE,ziyadnz/hourly-ipv4,ziyadnz|hourly,2026-08-17T18:48:05Z,2026-08-17T18:48:05Z,
88.171.174.15,ipv4,malicious-ip,medium,WHITE,ziyadnz/hourly-ipv4,ziyadnz|hourly,2026-08-17T18:48:05Z,2026-08-17T18:48:05Z,
88.172.73.45,ipv4,malicious-ip,medium,WHITE,ziyadnz/hourly-ipv4,ziyadnz|hourly,2026-08-17T18:48:05Z,2026-08-17T18:48:05Z,
88.173.173.107,ipv4,malicious-ip,medium,WHITE,ziyadnz/hourly-ipv4,ziyadnz|hourly,2026-08-17T18:48:05Z,2026-08-17T18:48:05Z,
88.175.50.9,ipv4,malicious-ip,medium,WHITE,ziyadnz/hourly-ipv4,ziyadnz|hourly,2026-08-17T18:48:05Z,2026-08-17T18:48:05Z,
88.177.189.165,ipv4,malicious-ip,medium,WHITE,ziyadnz/hourly-ipv4,ziyadnz|hourly,2026-08-17T18:48:05Z,2026-08-17T18:48:05Z,
88.177.209.247,ipv4,malicious-ip,medium,WHITE,ziyadnz/hourly-ipv4,ziyadnz|hourly,2026-08-17T18:48:05Z,2026-08-17T18:48:05Z,
88.180.109.7,ipv4,malicious-ip,medium,WHITE,ziyadnz/hourly-ipv4,ziyadnz|hourly,2026-08-17T18:48:05Z,2026-08-17T18:48:05Z,
88.180.111.196,ipv4,malicious-ip,medium,WHITE,ziyadnz/hourly-ipv4,ziyadnz|hourly,2026-08-17T18:48:05Z,2026-08-17T18:48:05Z,
88.180.187.72,ipv4,malicious-ip,medium,WHITE,ziyadnz/hourly-ipv4,ziyadnz|hourly,2026-08-17T18:48:05Z,2026-08-17T18:48:05Z,
88.180.193.80,ipv4,malicious-ip,medium,WHITE,ziyadnz/hourly-ipv4,ziyadnz|hourly,2026-08-17T18:48:05Z,2026-08-17T18:48:05Z,
88.180.236.68,ipv4,malicious-ip,medium,WHITE,ziyadnz/hourly-ipv4,ziyadnz|hourly,2026-08-17T18:48:05Z,2026-08-17T18:48:05Z,
88.181.136.195,ipv4,malicious-ip,medium,WHITE,ziyadnz/hourly-ipv4,ziyadnz|hourly,2026-08-17T18:48:05Z,2026-08-17T18:48:05Z,
88.181.232.245,ipv4,malicious-ip,medium,WHITE,ziyadnz/hourly-ipv4,ziyadnz|hourly,2026-08-17T18:48:05Z,2026-08-17T18:48:05Z,
88.183.125.94,ipv4,malicious-ip,medium,WHITE,ziyadnz/hourly-ipv4,ziyadnz|hourly,2026-08-17T18:48:05Z,2026-08-17T18:48:05Z,
88.184.210.4,ipv4,malicious-ip,medium,WHITE,ziyadnz/hourly-ipv4,ziyadnz|hourly,2026-08-17T18:48:05Z,2026-08-17T18:48:05Z,
88.185.16.61,ipv4,malicious-ip,medium,WHITE,ziyadnz/hourly-ipv4,ziyadnz|hourly,2026-08-17T18:48:05Z,2026-08-17T18:48:05Z,
88.185.189.196,ipv4,malicious-ip,medium,WHITE,ziyadnz/hourly-ipv4,ziyadnz|hourly,2026-08-17T18:48:05Z,2026-08-17T18:48:05Z,
88.185.75.175,ipv4,malicious-ip,medium,WHITE,ziyadnz/hourly-ipv4,ziyadnz|hourly,2026-08-17T18:48:05Z,2026-08-17T18:48:05Z,
88.186.123.74,ipv4,malicious-ip,medium,WHITE,ziyadnz/hourly-ipv4,ziyadnz|hourly,2026-08-17T18:48:05Z,2026-08-17T18:48:05Z,
88.186.152.6,ipv4,malicious-ip,medium,WHITE,ziyadnz/hourly-ipv4,ziyadnz|hourly,2026-08-17T18:48:05Z,2026-08-17T18:48:05Z,
88.187.175.110,ipv4,malicious-ip,medium,WHITE,ziyadnz/hourly-ipv4,ziyadnz|hourly,2026-08-17T18:48:05Z,2026-08-17T18:48:05Z,
88.187.176.21,ipv4,malicious-ip,medium,WHITE,ziyadnz/hourly-ipv4,ziyadnz|hourly,2026-08-17T18:48:05Z,2026-08-17T18:48:05Z,
88.187.186.76,ipv4,malicious-ip,medium,WHITE,ziyadnz/hourly-ipv4,ziyadnz|hourly,2026-08-17T18:48:05Z,2026-08-17T18:48:05Z,
88.187.206.232,ipv4,malicious-ip,medium,WHITE,ziyadnz/hourly-ipv4,ziyadnz|hourly,2026-08-17T18:48:05Z,2026-08-17T18:48:05Z,
88.188.120.106,ipv4,malicious-ip,medium,WHITE,ziyadnz/hourly-ipv4,ziyadnz|hourly,2026-08-17T18:48:05Z,2026-08-17T18:48:05Z,
88.188.22.87,ipv4,malicious-ip,medium,WHITE,ziyadnz/hourly-ipv4,ziyadnz|hourly,2026-08-17T18:48:05Z,2026-08-17T18:48:05Z,
88.189.223.93,ipv4,malicious-ip,medium,WHITE,ziyadnz/hourly-ipv4,ziyadnz|hourly,2026-08-17T18:48:05Z,2026-08-17T18:48:05Z,
88.189.62.241,ipv4,malicious-ip,medium,WHITE,ziyadnz/hourly-ipv4,ziyadnz|hourly,2026-08-17T18:48:05Z,2026-08-17T18:48:05Z,
88.189.99.27,ipv4,malicious-ip,medium,WHITE,ziyadnz/hourly-ipv4,ziyadnz|hourly,2026-08-17T18:48:05Z,2026-08-17T18:48:05Z,
88.190.126.226,ipv4,malicious-ip,medium,WHITE,ziyadnz/hourly-ipv4,ziyadnz|hourly,2026-08-17T18:48:05Z,2026-08-17T18:48:05Z,
88.190.132.168,ipv4,malicious-ip,medium,WHITE,ziyadnz/hourly-ipv4,ziyadnz|hourly,2026-08-17T18:48:05Z,2026-08-17T18:48:05Z,
88.190.71.58,ipv4,malicious-ip,medium,WHITE,ziyadnz/hourly-ipv4,ziyadnz|hourly,2026-08-17T18:48:05Z,2026-08-17T18:48:05Z,
88.191.140.163,ipv4,malicious-ip,medium,WHITE,ziyadnz/hourly-ipv4,ziyadnz|hourly,2026-08-17T18:48:05Z,2026-08-17T18:48:05Z,
88.191.240.222,ipv4,malicious-ip,medium,WHITE,ziyadnz/hourly-ipv4,ziyadnz|hourly,2026-08-17T18:48:05Z,2026-08-17T18:48:05Z,
88.198.188.142,ipv4,malicious-ip,medium,WHITE,ziyadnz/hourly-ipv4,ziyadnz|hourly,2026-08-17T18:48:05Z,2026-08-17T18:48:05Z,
88.198.28.6,ipv4,malicious-ip,medium,WHITE,ziyadnz/hourly-ipv4,ziyadnz|hourly,2026-08-17T18:48:05Z,2026-08-17T18:48:05Z,
88.198.96.210,ipv4,malicious-ip,medium,WHITE,ziyadnz/hourly-ipv4,ziyadnz|hourly,2026-08-17T18:48:05Z,2026-08-17T18:48:05Z,
88.198.96.211,ipv4,malicious-ip,medium,WHITE,ziyadnz/hourly-ipv4,ziyadnz|hourly,2026-08-17T18:48:05Z,2026-08-17T18:48:05Z,
88.198.96.213,ipv4,malicious-ip,medium,WHITE,ziyadnz/hourly-ipv4,ziyadnz|hourly,2026-08-17T18:48:05Z,2026-08-17T18:48:05Z,
88.198.96.214,ipv4,malicious-ip,medium,WHITE,ziyadnz/hourly-ipv4,ziyadnz|hourly,2026-08-17T18:48:05Z,2026-08-17T18:48:05Z,
88.20.35.1,ipv4,malicious-ip,medium,WHITE,ziyadnz/hourly-ipv4,ziyadnz|hourly,2026-08-17T18:48:05Z,2026-08-17T18:48:05Z,
88.200.195.129,ipv4,malicious-ip,medium,WHITE,ziyadnz/hourly-ipv4,ziyadnz|hourly,2026-08-17T18:48:05Z,2026-08-17T18:48:05Z,
88.201.58.141,ipv4,malicious-ip,medium,WHITE,ziyadnz/hourly-ipv4,ziyadnz|hourly,2026-08-17T18:48:05Z,2026-08-17T18:48:05Z,
88.202.94.0,ipv4,malicious-ip,medium,WHITE,ziyadnz/hourly-ipv4,ziyadnz|hourly,2026-08-17T18:48:05Z,2026-08-17T18:48:05Z,
88.203.101.203,ipv4,malicious-ip,medium,WHITE,ziyadnz/hourly-ipv4,ziyadnz|hourly,2026-08-17T18:48:05Z,2026-08-17T18:48:05Z,
88.203.204.167,ipv4,malicious-ip,medium,WHITE,ziyadnz/hourly-ipv4,ziyadnz|hourly,2026-08-17T18:48:05Z,2026-08-17T18:48:05Z,
88.203.247.116,ipv4,malicious-ip,medium,WHITE,ziyadnz/hourly-ipv4,ziyadnz|hourly,2026-08-17T18:48:05Z,2026-08-17T18:48:05Z,
88.204.153.114,ipv4,malicious-ip,medium,WHITE,ziyadnz/hourly-ipv4,ziyadnz|hourly,2026-08-17T18:48:05Z,2026-08-17T18:48:05Z,
88.204.254.197,ipv4,malicious-ip,medium,WHITE,ziyadnz/hourly-ipv4,ziyadnz|hourly,2026-08-17T18:48:05Z,2026-08-17T18:48:05Z,
88.207.124.177,ipv4,malicious-ip,medium,WHITE,ziyadnz/hourly-ipv4,ziyadnz|hourly,2026-08-17T18:48:05Z,2026-08-17T18:48:05Z,
88.208.212.211,ipv4,malicious-ip,medium,WHITE,ziyadnz/hourly-ipv4,ziyadnz|hourly,2026-08-17T18:48:05Z,2026-08-17T18:48:05Z,
88.208.226.37,ipv4,malicious-ip,medium,WHITE,ziyadnz/hourly-ipv4,ziyadnz|hourly,2026-08-17T18:48:05Z,2026-08-17T18:48:05Z,
88.208.255.44,ipv4,malicious-ip,medium,WHITE,ziyadnz/hourly-ipv4,ziyadnz|hourly,2026-08-17T18:48:05Z,2026-08-17T18:48:05Z,
88.21.20.120,ipv4,malicious-ip,medium,WHITE,ziyadnz/hourly-ipv4,ziyadnz|hourly,2026-08-17T18:48:05Z,2026-08-17T18:48:05Z,
88.21.23.5,ipv4,malicious-ip,medium,WHITE,ziyadnz/hourly-ipv4,ziyadnz|hourly,2026-08-17T18:48:05Z,2026-08-17T18:48:05Z,
88.210.10.62,ipv4,malicious-ip,medium,WHITE,ziyadnz/hourly-ipv4,ziyadnz|hourly,2026-08-17T18:48:05Z,2026-08-17T18:48:05Z,
88.210.119.250,ipv4,malicious-ip,medium,WHITE,ziyadnz/hourly-ipv4,ziyadnz|hourly,2026-08-17T18:48:05Z,2026-08-17T18:48:05Z,
88.210.32.15,ipv4,malicious-ip,medium,WHITE,ziyadnz/hourly-ipv4,ziyadnz|hourly,2026-08-17T18:48:05Z,2026-08-17T18:48:05Z,
88.210.6.34,ipv4,malicious-ip,medium,WHITE,ziyadnz/hourly-ipv4,ziyadnz|hourly,2026-08-17T18:48:05Z,2026-08-17T18:48:05Z,
88.210.63.69,ipv4,malicious-ip,medium,WHITE,ziyadnz/hourly-ipv4,ziyadnz|hourly,2026-08-17T18:48:05Z,2026-08-17T18:48:05Z,
88.212.18.230,ipv4,malicious-ip,medium,WHITE,ziyadnz/hourly-ipv4,ziyadnz|hourly,2026-08-17T18:48:05Z,2026-08-17T18:48:05Z,
88.212.201.198,ipv4,malicious-ip,medium,WHITE,ziyadnz/hourly-ipv4,ziyadnz|hourly,2026-08-17T18:48:05Z,2026-08-17T18:48:05Z,
88.212.208.67,ipv4,malicious-ip,medium,WHITE,ziyadnz/hourly-ipv4,ziyadnz|hourly,2026-08-17T18:48:05Z,2026-08-17T18:48:05Z,
88.212.232.84,ipv4,malicious-ip,medium,WHITE,ziyadnz/hourly-ipv4,ziyadnz|hourly,2026-08-17T18:48:05Z,2026-08-17T18:48:05Z,
88.214.20.14,ipv4,malicious-ip,medium,WHITE,ziyadnz/hourly-ipv4,ziyadnz|hourly,2026-08-17T18:48:05Z,2026-08-17T18:48:05Z,
88.214.25.121,ipv4,malicious-ip,medium,WHITE,ziyadnz/hourly-ipv4,ziyadnz|hourly,2026-08-17T18:48:05Z,2026-08-17T18:48:05Z,
88.214.25.123,ipv4,malicious-ip,medium,WHITE,ziyadnz/hourly-ipv4,ziyadnz|hourly,2026-08-17T18:48:05Z,2026-08-17T18:48:05Z,
88.214.25.124,ipv4,malicious-ip,medium,WHITE,ziyadnz/hourly-ipv4,ziyadnz|hourly,2026-08-17T18:48:05Z,2026-08-17T18:48:05Z,
88.214.25.125,ipv4,malicious-ip,medium,WHITE,ziyadnz/hourly-ipv4,ziyadnz|hourly,2026-08-17T18:48:05Z,2026-08-17T18:48:05Z,
88.214.25.32,ipv4,malicious-ip,medium,WHITE,ziyadnz/hourly-ipv4,ziyadnz|hourly,2026-08-17T18:48:05Z,2026-08-17T18:48:05Z,
88.214.26.22,ipv4,malicious-ip,medium,WHITE,ziyadnz/hourly-ipv4,ziyadnz|hourly,2026-08-17T18:48:05Z,2026-08-17T18:48:05Z,
88.214.26.3,ipv4,malicious-ip,medium,WHITE,ziyadnz/hourly-ipv4,ziyadnz|hourly,2026-08-17T18:48:05Z,2026-08-17T18:48:05Z,
88.214.26.30,ipv4,malicious-ip,medium,WHITE,ziyadnz/hourly-ipv4,ziyadnz|hourly,2026-08-17T18:48:05Z,2026-08-17T18:48:05Z,
88.214.26.38,ipv4,malicious-ip,medium,WHITE,ziyadnz/hourly-ipv4,ziyadnz|hourly,2026-08-17T18:48:05Z,2026-08-17T18:48:05Z,
88.214.26.9,ipv4,malicious-ip,medium,WHITE,ziyadnz/hourly-ipv4,ziyadnz|hourly,2026-08-17T18:48:05Z,2026-08-17T18:48:05Z,
88.214.50.3,ipv4,malicious-ip,medium,WHITE,ziyadnz/hourly-ipv4,ziyadnz|hourly,2026-08-17T18:48:05Z,2026-08-17T18:48:05Z,
88.216.184.39,ipv4,malicious-ip,medium,WHITE,ziyadnz/hourly-ipv4,ziyadnz|hourly,2026-08-17T18:48:05Z,2026-08-17T18:48:05Z,
88.216.56.86,ipv4,malicious-ip,medium,WHITE,ziyadnz/hourly-ipv4,ziyadnz|hourly,2026-08-17T18:48:05Z,2026-08-17T18:48:05Z,
88.216.68.32,ipv4,malicious-ip,medium,WHITE,ziyadnz/hourly-ipv4,ziyadnz|hourly,2026-08-17T18:48:05Z,2026-08-17T18:48:05Z,
88.218.0.78,ipv4,malicious-ip,medium,WHITE,ziyadnz/hourly-ipv4,ziyadnz|hourly,2026-08-17T18:48:05Z,2026-08-17T18:48:05Z,
88.218.171.20,ipv4,malicious-ip,medium,WHITE,ziyadnz/hourly-ipv4,ziyadnz|hourly,2026-08-17T18:48:05Z,2026-08-17T18:48:05Z,
88.218.60.230,ipv4,malicious-ip,medium,WHITE,ziyadnz/hourly-ipv4,ziyadnz|hourly,2026-08-17T18:48:05Z,2026-08-17T18:48:05Z,
88.218.61.141,ipv4,malicious-ip,medium,WHITE,ziyadnz/hourly-ipv4,ziyadnz|hourly,2026-08-17T18:48:05Z,2026-08-17T18:48:05Z,
88.218.62.219,ipv4,malicious-ip,medium,WHITE,ziyadnz/hourly-ipv4,ziyadnz|hourly,2026-08-17T18:48:05Z,2026-08-17T18:48:05Z,
88.218.62.22,ipv4,malicious-ip,medium,WHITE,ziyadnz/hourly-ipv4,ziyadnz|hourly,2026-08-17T18:48:05Z,2026-08-17T18:48:05Z,
88.218.62.221,ipv4,malicious-ip,medium,WHITE,ziyadnz/hourly-ipv4,ziyadnz|hourly,2026-08-17T18:48:05Z,2026-08-17T18:48:05Z,
88.218.76.13,ipv4,malicious-ip,medium,WHITE,ziyadnz/hourly-ipv4,ziyadnz|hourly,2026-08-17T18:48:05Z,2026-08-17T18:48:05Z,
88.220.167.139,ipv4,malicious-ip,medium,WHITE,ziyadnz/hourly-ipv4,ziyadnz|hourly,2026-08-17T18:48:05Z,2026-08-17T18:48:05Z,
88.220.189.56,ipv4,malicious-ip,medium,WHITE,ziyadnz/hourly-ipv4,ziyadnz|hourly,2026-08-17T18:48:05Z,2026-08-17T18:48:05Z,
88.222.244.187,ipv4,malicious-ip,medium,WHITE,ziyadnz/hourly-ipv4,ziyadnz|hourly,2026-08-17T18:48:05Z,2026-08-17T18:48:05Z,
88.223.122.243,ipv4,malicious-ip,medium,WHITE,ziyadnz/hourly-ipv4,ziyadnz|hourly,2026-08-17T18:48:05Z,2026-08-17T18:48:05Z,
88.224.98.157,ipv4,malicious-ip,medium,WHITE,ziyadnz/hourly-ipv4,ziyadnz|hourly,2026-08-17T18:48:05Z,2026-08-17T18:48:05Z,
88.225.212.135,ipv4,malicious-ip,medium,WHITE,ziyadnz/hourly-ipv4,ziyadnz|hourly,2026-08-17T18:48:05Z,2026-08-17T18:48:05Z,
88.225.221.243,ipv4,malicious-ip,medium,WHITE,ziyadnz/hourly-ipv4,ziyadnz|hourly,2026-08-17T18:48:05Z,2026-08-17T18:48:05Z,
88.225.224.145,ipv4,malicious-ip,medium,WHITE,ziyadnz/hourly-ipv4,ziyadnz|hourly,2026-08-17T18:48:05Z,2026-08-17T18:48:05Z,
88.225.254.120,ipv4,malicious-ip,medium,WHITE,ziyadnz/hourly-ipv4,ziyadnz|hourly,2026-08-17T18:48:05Z,2026-08-17T18:48:05Z,
88.227.39.159,ipv4,malicious-ip,medium,WHITE,ziyadnz/hourly-ipv4,ziyadnz|hourly,2026-08-17T18:48:05Z,2026-08-17T18:48:05Z,
88.228.247.122,ipv4,malicious-ip,medium,WHITE,ziyadnz/hourly-ipv4,ziyadnz|hourly,2026-08-17T18:48:05Z,2026-08-17T18:48:05Z,
88.228.95.67,ipv4,malicious-ip,medium,WHITE,ziyadnz/hourly-ipv4,ziyadnz|hourly,2026-08-17T18:48:05Z,2026-08-17T18:48:05Z,
88.232.140.210,ipv4,malicious-ip,medium,WHITE,ziyadnz/hourly-ipv4,ziyadnz|hourly,2026-08-17T18:48:05Z,2026-08-17T18:48:05Z,
88.232.173.181,ipv4,malicious-ip,medium,WHITE,ziyadnz/hourly-ipv4,ziyadnz|hourly,2026-08-17T18:48:05Z,2026-08-17T18:48:05Z,
88.234.0.154,ipv4,malicious-ip,medium,WHITE,ziyadnz/hourly-ipv4,ziyadnz|hourly,2026-08-17T18:48:05Z,2026-08-17T18:48:05Z,
88.234.194.238,ipv4,malicious-ip,medium,WHITE,ziyadnz/hourly-ipv4,ziyadnz|hourly,2026-08-17T18:48:05Z,2026-08-17T18:48:05Z,
88.236.114.219,ipv4,malicious-ip,medium,WHITE,ziyadnz/hourly-ipv4,ziyadnz|hourly,2026-08-17T18:48:05Z,2026-08-17T18:48:05Z,
88.238.39.177,ipv4,malicious-ip,medium,WHITE,ziyadnz/hourly-ipv4,ziyadnz|hourly,2026-08-17T18:48:05Z,2026-08-17T18:48:05Z,
88.238.98.213,ipv4,malicious-ip,medium,WHITE,ziyadnz/hourly-ipv4,ziyadnz|hourly,2026-08-17T18:48:05Z,2026-08-17T18:48:05Z,
88.240.59.52,ipv4,malicious-ip,medium,WHITE,ziyadnz/hourly-ipv4,ziyadnz|hourly,2026-08-17T18:48:05Z,2026-08-17T18:48:05Z,
88.241.71.10,ipv4,malicious-ip,medium,WHITE,ziyadnz/hourly-ipv4,ziyadnz|hourly,2026-08-17T18:48:05Z,2026-08-17T18:48:05Z,
88.241.83.150,ipv4,malicious-ip,medium,WHITE,ziyadnz/hourly-ipv4,ziyadnz|hourly,2026-08-17T18:48:05Z,2026-08-17T18:48:05Z,
88.242.129.244,ipv4,malicious-ip,medium,WHITE,ziyadnz/hourly-ipv4,ziyadnz|hourly,2026-08-17T18:48:05Z,2026-08-17T18:48:05Z,
88.242.136.147,ipv4,malicious-ip,medium,WHITE,ziyadnz/hourly-ipv4,ziyadnz|hourly,2026-08-17T18:48:05Z,2026-08-17T18:48:05Z,
88.243.203.11,ipv4,malicious-ip,medium,WHITE,ziyadnz/hourly-ipv4,ziyadnz|hourly,2026-08-17T18:48:05Z,2026-08-17T18:48:05Z,
88.244.96.38,ipv4,malicious-ip,medium,WHITE,ziyadnz/hourly-ipv4,ziyadnz|hourly,2026-08-17T18:48:05Z,2026-08-17T18:48:05Z,
88.247.102.122,ipv4,malicious-ip,medium,WHITE,ziyadnz/hourly-ipv4,ziyadnz|hourly,2026-08-17T18:48:05Z,2026-08-17T18:48:05Z,
88.247.127.187,ipv4,malicious-ip,medium,WHITE,ziyadnz/hourly-ipv4,ziyadnz|hourly,2026-08-17T18:48:05Z,2026-08-17T18:48:05Z,
88.247.147.88,ipv4,malicious-ip,medium,WHITE,ziyadnz/hourly-ipv4,ziyadnz|hourly,2026-08-17T18:48:05Z,2026-08-17T18:48:05Z,
88.247.171.208,ipv4,malicious-ip,medium,WHITE,ziyadnz/hourly-ipv4,ziyadnz|hourly,2026-08-17T18:48:05Z,2026-08-17T18:48:05Z,
88.247.193.208,ipv4,malicious-ip,medium,WHITE,ziyadnz/hourly-ipv4,ziyadnz|hourly,2026-08-17T18:48:05Z,2026-08-17T18:48:05Z,
88.247.20.79,ipv4,malicious-ip,medium,WHITE,ziyadnz/hourly-ipv4,ziyadnz|hourly,2026-08-17T18:48:05Z,2026-08-17T18:48:05Z,
88.247.49.20,ipv4,malicious-ip,medium,WHITE,ziyadnz/hourly-ipv4,ziyadnz|hourly,2026-08-17T18:48:05Z,2026-08-17T18:48:05Z,
88.247.85.49,ipv4,malicious-ip,medium,WHITE,ziyadnz/hourly-ipv4,ziyadnz|hourly,2026-08-17T18:48:05Z,2026-08-17T18:48:05Z,
88.248.170.104,ipv4,malicious-ip,medium,WHITE,ziyadnz/hourly-ipv4,ziyadnz|hourly,2026-08-17T18:48:05Z,2026-08-17T18:48:05Z,
88.248.178.51,ipv4,malicious-ip,medium,WHITE,ziyadnz/hourly-ipv4,ziyadnz|hourly,2026-08-17T18:48:05Z,2026-08-17T18:48:05Z,
88.248.194.163,ipv4,malicious-ip,medium,WHITE,ziyadnz/hourly-ipv4,ziyadnz|hourly,2026-08-17T18:48:05Z,2026-08-17T18:48:05Z,
88.249.195.23,ipv4,malicious-ip,medium,WHITE,ziyadnz/hourly-ipv4,ziyadnz|hourly,2026-08-17T18:48:05Z,2026-08-17T18:48:05Z,
88.249.231.239,ipv4,malicious-ip,medium,WHITE,ziyadnz/hourly-ipv4,ziyadnz|hourly,2026-08-17T18:48:05Z,2026-08-17T18:48:05Z,
88.249.233.161,ipv4,malicious-ip,medium,WHITE,ziyadnz/hourly-ipv4,ziyadnz|hourly,2026-08-17T18:48:05Z,2026-08-17T18:48:05Z,
88.249.59.14,ipv4,malicious-ip,medium,WHITE,ziyadnz/hourly-ipv4,ziyadnz|hourly,2026-08-17T18:48:05Z,2026-08-17T18:48:05Z,
88.250.103.103,ipv4,malicious-ip,medium,WHITE,ziyadnz/hourly-ipv4,ziyadnz|hourly,2026-08-17T18:48:05Z,2026-08-17T18:48:05Z,
88.250.129.185,ipv4,malicious-ip,medium,WHITE,ziyadnz/hourly-ipv4,ziyadnz|hourly,2026-08-17T18:48:05Z,2026-08-17T18:48:05Z,
88.250.186.238,ipv4,malicious-ip,medium,WHITE,ziyadnz/hourly-ipv4,ziyadnz|hourly,2026-08-17T18:48:05Z,2026-08-17T18:48:05Z,
88.250.219.18,ipv4,malicious-ip,medium,WHITE,ziyadnz/hourly-ipv4,ziyadnz|hourly,2026-08-17T18:48:05Z,2026-08-17T18:48:05Z,
88.250.233.231,ipv4,malicious-ip,medium,WHITE,ziyadnz/hourly-ipv4,ziyadnz|hourly,2026-08-17T18:48:05Z,2026-08-17T18:48:05Z,
88.250.44.155,ipv4,malicious-ip,medium,WHITE,ziyadnz/hourly-ipv4,ziyadnz|hourly,2026-08-17T18:48:05Z,2026-08-17T18:48:05Z,
88.250.61.211,ipv4,malicious-ip,medium,WHITE,ziyadnz/hourly-ipv4,ziyadnz|hourly,2026-08-17T18:48:05Z,2026-08-17T18:48:05Z,
88.254.38.42,ipv4,malicious-ip,medium,WHITE,ziyadnz/hourly-ipv4,ziyadnz|hourly,2026-08-17T18:48:05Z,2026-08-17T18:48:05Z,
88.255.140.164,ipv4,malicious-ip,medium,WHITE,ziyadnz/hourly-ipv4,ziyadnz|hourly,2026-08-17T18:48:05Z,2026-08-17T18:48:05Z,
88.255.41.28,ipv4,malicious-ip,medium,WHITE,ziyadnz/hourly-ipv4,ziyadnz|hourly,2026-08-17T18:48:05Z,2026-08-17T18:48:05Z,
88.30.80.187,ipv4,malicious-ip,medium,WHITE,ziyadnz/hourly-ipv4,ziyadnz|hourly,2026-08-17T18:48:05Z,2026-08-17T18:48:05Z,
88.6.100.135,ipv4,malicious-ip,medium,WHITE,ziyadnz/hourly-ipv4,ziyadnz|hourly,2026-08-17T18:48:05Z,2026-08-17T18:48:05Z,
88.70.5.11,ipv4,malicious-ip,medium,WHITE,ziyadnz/hourly-ipv4,ziyadnz|hourly,2026-08-17T18:48:05Z,2026-08-17T18:48:05Z,
88.71.191.176,ipv4,malicious-ip,medium,WHITE,ziyadnz/hourly-ipv4,ziyadnz|hourly,2026-08-17T18:48:05Z,2026-08-17T18:48:05Z,
88.71.243.244,ipv4,malicious-ip,medium,WHITE,ziyadnz/hourly-ipv4,ziyadnz|hourly,2026-08-17T18:48:05Z,2026-08-17T18:48:05Z,
88.80.145.110,ipv4,malicious-ip,medium,WHITE,ziyadnz/hourly-ipv4,ziyadnz|hourly,2026-08-17T18:48:05Z,2026-08-17T18:48:05Z,
88.80.145.142,ipv4,malicious-ip,medium,WHITE,ziyadnz/hourly-ipv4,ziyadnz|hourly,2026-08-17T18:48:05Z,2026-08-17T18:48:05Z,
88.80.147.102,ipv4,malicious-ip,medium,WHITE,ziyadnz/hourly-ipv4,ziyadnz|hourly,2026-08-17T18:48:05Z,2026-08-17T18:48:05Z,
88.80.147.200,ipv4,malicious-ip,medium,WHITE,ziyadnz/hourly-ipv4,ziyadnz|hourly,2026-08-17T18:48:05Z,2026-08-17T18:48:05Z,
88.80.147.205,ipv4,malicious-ip,medium,WHITE,ziyadnz/hourly-ipv4,ziyadnz|hourly,2026-08-17T18:48:05Z,2026-08-17T18:48:05Z,
88.80.147.36,ipv4,malicious-ip,medium,WHITE,ziyadnz/hourly-ipv4,ziyadnz|hourly,2026-08-17T18:48:05Z,2026-08-17T18:48:05Z,
88.80.148.162,ipv4,malicious-ip,medium,WHITE,ziyadnz/hourly-ipv4,ziyadnz|hourly,2026-08-17T18:48:05Z,2026-08-17T18:48:05Z,
88.80.148.219,ipv4,malicious-ip,medium,WHITE,ziyadnz/hourly-ipv4,ziyadnz|hourly,2026-08-17T18:48:05Z,2026-08-17T18:48:05Z,
88.80.148.252,ipv4,malicious-ip,medium,WHITE,ziyadnz/hourly-ipv4,ziyadnz|hourly,2026-08-17T18:48:05Z,2026-08-17T18:48:05Z,
88.80.148.33,ipv4,malicious-ip,medium,WHITE,ziyadnz/hourly-ipv4,ziyadnz|hourly,2026-08-17T18:48:05Z,2026-08-17T18:48:05Z,
88.80.148.8,ipv4,malicious-ip,medium,WHITE,ziyadnz/hourly-ipv4,ziyadnz|hourly,2026-08-17T18:48:05Z,2026-08-17T18:48:05Z,
88.80.150.13,ipv4,malicious-ip,medium,WHITE,ziyadnz/hourly-ipv4,ziyadnz|hourly,2026-08-17T18:48:05Z,2026-08-17T18:48:05Z,
88.80.150.199,ipv4,malicious-ip,medium,WHITE,ziyadnz/hourly-ipv4,ziyadnz|hourly,2026-08-17T18:48:05Z,2026-08-17T18:48:05Z,
88.80.150.200,ipv4,malicious-ip,medium,WHITE,ziyadnz/hourly-ipv4,ziyadnz|hourly,2026-08-17T18:48:05Z,2026-08-17T18:48:05Z,
88.80.150.202,ipv4,malicious-ip,medium,WHITE,ziyadnz/hourly-ipv4,ziyadnz|hourly,2026-08-17T18:48:05Z,2026-08-17T18:48:05Z,
88.80.20.49,ipv4,malicious-ip,medium,WHITE,ziyadnz/hourly-ipv4,ziyadnz|hourly,2026-08-17T18:48:05Z,2026-08-17T18:48:05Z,
88.80.26.2,ipv4,malicious-ip,medium,WHITE,ziyadnz/hourly-ipv4,ziyadnz|hourly,2026-08-17T18:48:05Z,2026-08-17T18:48:05Z,
88.80.26.3,ipv4,malicious-ip,medium,WHITE,ziyadnz/hourly-ipv4,ziyadnz|hourly,2026-08-17T18:48:05Z,2026-08-17T18:48:05Z,
88.80.26.4,ipv4,malicious-ip,medium,WHITE,ziyadnz/hourly-ipv4,ziyadnz|hourly,2026-08-17T18:48:05Z,2026-08-17T18:48:05Z,
88.80.27.166,ipv4,malicious-ip,medium,WHITE,ziyadnz/hourly-ipv4,ziyadnz|hourly,2026-08-17T18:48:05Z,2026-08-17T18:48:05Z,
88.82.206.225,ipv4,malicious-ip,medium,WHITE,ziyadnz/hourly-ipv4,ziyadnz|hourly,2026-08-17T18:48:05Z,2026-08-17T18:48:05Z,
88.84.209.146,ipv4,malicious-ip,medium,WHITE,ziyadnz/hourly-ipv4,ziyadnz|hourly,2026-08-17T18:48:05Z,2026-08-17T18:48:05Z,
88.87.69.240,ipv4,malicious-ip,medium,WHITE,ziyadnz/hourly-ipv4,ziyadnz|hourly,2026-08-17T18:48:05Z,2026-08-17T18:48:05Z,
88.96.52.236,ipv4,malicious-ip,medium,WHITE,ziyadnz/hourly-ipv4,ziyadnz|hourly,2026-08-17T18:48:05Z,2026-08-17T18:48:05Z,
88.96.58.29,ipv4,malicious-ip,medium,WHITE,ziyadnz/hourly-ipv4,ziyadnz|hourly,2026-08-17T18:48:05Z,2026-08-17T18:48:05Z,
88.97.185.243,ipv4,malicious-ip,medium,WHITE,ziyadnz/hourly-ipv4,ziyadnz|hourly,2026-08-17T18:48:05Z,2026-08-17T18:48:05Z,
88.97.185.67,ipv4,malicious-ip,medium,WHITE,ziyadnz/hourly-ipv4,ziyadnz|hourly,2026-08-17T18:48:05Z,2026-08-17T18:48:05Z,
88.97.189.110,ipv4,malicious-ip,medium,WHITE,ziyadnz/hourly-ipv4,ziyadnz|hourly,2026-08-17T18:48:05Z,2026-08-17T18:48:05Z,
88.97.189.228,ipv4,malicious-ip,medium,WHITE,ziyadnz/hourly-ipv4,ziyadnz|hourly,2026-08-17T18:48:05Z,2026-08-17T18:48:05Z,
88.97.212.105,ipv4,malicious-ip,medium,WHITE,ziyadnz/hourly-ipv4,ziyadnz|hourly,2026-08-17T18:48:05Z,2026-08-17T18:48:05Z,
88.98.108.116,ipv4,malicious-ip,medium,WHITE,ziyadnz/hourly-ipv4,ziyadnz|hourly,2026-08-17T18:48:05Z,2026-08-17T18:48:05Z,
88.98.121.237,ipv4,malicious-ip,medium,WHITE,ziyadnz/hourly-ipv4,ziyadnz|hourly,2026-08-17T18:48:05Z,2026-08-17T18:48:05Z,
88.99.127.140,ipv4,malicious-ip,medium,WHITE,ziyadnz/hourly-ipv4,ziyadnz|hourly,2026-08-17T18:48:05Z,2026-08-17T18:48:05Z,
88.99.165.75,ipv4,malicious-ip,medium,WHITE,ziyadnz/hourly-ipv4,ziyadnz|hourly,2026-08-17T18:48:05Z,2026-08-17T18:48:05Z,
88.99.193.240,ipv4,malicious-ip,medium,WHITE,ziyadnz/hourly-ipv4,ziyadnz|hourly,2026-08-17T18:48:05Z,2026-08-17T18:48:05Z,
88.99.215.232,ipv4,malicious-ip,medium,WHITE,ziyadnz/hourly-ipv4,ziyadnz|hourly,2026-08-17T18:48:05Z,2026-08-17T18:48:05Z,
88.99.240.113,ipv4,malicious-ip,medium,WHITE,ziyadnz/hourly-ipv4,ziyadnz|hourly,2026-08-17T18:48:05Z,2026-08-17T18:48:05Z,
88.99.242.92,ipv4,malicious-ip,medium,WHITE,ziyadnz/hourly-ipv4,ziyadnz|hourly,2026-08-17T18:48:05Z,2026-08-17T18:48:05Z,
88.99.35.229,ipv4,malicious-ip,medium,WHITE,ziyadnz/hourly-ipv4,ziyadnz|hourly,2026-08-17T18:48:05Z,2026-08-17T18:48:05Z,
89.100.110.178,ipv4,malicious-ip,medium,WHITE,ziyadnz/hourly-ipv4,ziyadnz|hourly,2026-08-17T18:48:05Z,2026-08-17T18:48:05Z,
89.102.49.225,ipv4,malicious-ip,medium,WHITE,ziyadnz/hourly-ipv4,ziyadnz|hourly,2026-08-17T18:48:05Z,2026-08-17T18:48:05Z,
89.104.102.127,ipv4,malicious-ip,medium,WHITE,ziyadnz/hourly-ipv4,ziyadnz|hourly,2026-08-17T18:48:05Z,2026-08-17T18:48:05Z,
89.105.198.134,ipv4,malicious-ip,medium,WHITE,ziyadnz/hourly-ipv4,ziyadnz|hourly,2026-08-17T18:48:05Z,2026-08-17T18:48:05Z,
89.105.198.190,ipv4,malicious-ip,medium,WHITE,ziyadnz/hourly-ipv4,ziyadnz|hourly,2026-08-17T18:48:05Z,2026-08-17T18:48:05Z,
89.105.201.132,ipv4,malicious-ip,medium,WHITE,ziyadnz/hourly-ipv4,ziyadnz|hourly,2026-08-17T18:48:05Z,2026-08-17T18:48:05Z,
89.105.201.183,ipv4,malicious-ip,medium,WHITE,ziyadnz/hourly-ipv4,ziyadnz|hourly,2026-08-17T18:48:05Z,2026-08-17T18:48:05Z,
89.106.100.42,ipv4,malicious-ip,medium,WHITE,ziyadnz/hourly-ipv4,ziyadnz|hourly,2026-08-17T18:48:05Z,2026-08-17T18:48:05Z,
89.106.137.86,ipv4,malicious-ip,medium,WHITE,ziyadnz/hourly-ipv4,ziyadnz|hourly,2026-08-17T18:48:05Z,2026-08-17T18:48:05Z,
89.106.141.221,ipv4,malicious-ip,medium,WHITE,ziyadnz/hourly-ipv4,ziyadnz|hourly,2026-08-17T18:48:05Z,2026-08-17T18:48:05Z,
89.106.141.232,ipv4,malicious-ip,medium,WHITE,ziyadnz/hourly-ipv4,ziyadnz|hourly,2026-08-17T18:48:05Z,2026-08-17T18:48:05Z,
89.106.141.47,ipv4,malicious-ip,medium,WHITE,ziyadnz/hourly-ipv4,ziyadnz|hourly,2026-08-17T18:48:05Z,2026-08-17T18:48:05Z,
89.106.141.51,ipv4,malicious-ip,medium,WHITE,ziyadnz/hourly-ipv4,ziyadnz|hourly,2026-08-17T18:48:05Z,2026-08-17T18:48:05Z,
89.106.142.42,ipv4,malicious-ip,medium,WHITE,ziyadnz/hourly-ipv4,ziyadnz|hourly,2026-08-17T18:48:05Z,2026-08-17T18:48:05Z,
89.106.142.59,ipv4,malicious-ip,medium,WHITE,ziyadnz/hourly-ipv4,ziyadnz|hourly,2026-08-17T18:48:05Z,2026-08-17T18:48:05Z,
89.106.65.100,ipv4,malicious-ip,medium,WHITE,ziyadnz/hourly-ipv4,ziyadnz|hourly,2026-08-17T18:48:05Z,2026-08-17T18:48:05Z,
89.106.83.205,ipv4,malicious-ip,medium,WHITE,ziyadnz/hourly-ipv4,ziyadnz|hourly,2026-08-17T18:48:05Z,2026-08-17T18:48:05Z,
89.107.10.7,ipv4,malicious-ip,medium,WHITE,ziyadnz/hourly-ipv4,ziyadnz|hourly,2026-08-17T18:48:05Z,2026-08-17T18:48:05Z,
89.107.155.194,ipv4,malicious-ip,medium,WHITE,ziyadnz/hourly-ipv4,ziyadnz|hourly,2026-08-17T18:48:05Z,2026-08-17T18:48:05Z,
89.107.155.200,ipv4,malicious-ip,medium,WHITE,ziyadnz/hourly-ipv4,ziyadnz|hourly,2026-08-17T18:48:05Z,2026-08-17T18:48:05Z,
89.107.20.59,ipv4,malicious-ip,medium,WHITE,ziyadnz/hourly-ipv4,ziyadnz|hourly,2026-08-17T18:48:05Z,2026-08-17T18:48:05Z,
89.108.125.90,ipv4,malicious-ip,medium,WHITE,ziyadnz/hourly-ipv4,ziyadnz|hourly,2026-08-17T18:48:05Z,2026-08-17T18:48:05Z,
89.108.66.217,ipv4,malicious-ip,medium,WHITE,ziyadnz/hourly-ipv4,ziyadnz|hourly,2026-08-17T18:48:05Z,2026-08-17T18:48:05Z,
89.108.66.220,ipv4,malicious-ip,medium,WHITE,ziyadnz/hourly-ipv4,ziyadnz|hourly,2026-08-17T18:48:05Z,2026-08-17T18:48:05Z,
89.109.1.234,ipv4,malicious-ip,medium,WHITE,ziyadnz/hourly-ipv4,ziyadnz|hourly,2026-08-17T18:48:05Z,2026-08-17T18:48:05Z,
89.109.13.197,ipv4,malicious-ip,medium,WHITE,ziyadnz/hourly-ipv4,ziyadnz|hourly,2026-08-17T18:48:05Z,2026-08-17T18:48:05Z,
89.109.22.16,ipv4,malicious-ip,medium,WHITE,ziyadnz/hourly-ipv4,ziyadnz|hourly,2026-08-17T18:48:05Z,2026-08-17T18:48:05Z,
89.109.22.250,ipv4,malicious-ip,medium,WHITE,ziyadnz/hourly-ipv4,ziyadnz|hourly,2026-08-17T18:48:05Z,2026-08-17T18:48:05Z,
89.109.32.117,ipv4,malicious-ip,medium,WHITE,ziyadnz/hourly-ipv4,ziyadnz|hourly,2026-08-17T18:48:05Z,2026-08-17T18:48:05Z,
89.109.34.173,ipv4,malicious-ip,medium,WHITE,ziyadnz/hourly-ipv4,ziyadnz|hourly,2026-08-17T18:48:05Z,2026-08-17T18:48:05Z,
89.109.47.38,ipv4,malicious-ip,medium,WHITE,ziyadnz/hourly-ipv4,ziyadnz|hourly,2026-08-17T18:48:05Z,2026-08-17T18:48:05Z,
89.109.50.176,ipv4,malicious-ip,medium,WHITE,ziyadnz/hourly-ipv4,ziyadnz|hourly,2026-08-17T18:48:05Z,2026-08-17T18:48:05Z,
89.109.51.14,ipv4,malicious-ip,medium,WHITE,ziyadnz/hourly-ipv4,ziyadnz|hourly,2026-08-17T18:48:05Z,2026-08-17T18:48:05Z,
89.109.54.201,ipv4,malicious-ip,medium,WHITE,ziyadnz/hourly-ipv4,ziyadnz|hourly,2026-08-17T18:48:05Z,2026-08-17T18:48:05Z,
89.109.8.144,ipv4,malicious-ip,medium,WHITE,ziyadnz/hourly-ipv4,ziyadnz|hourly,2026-08-17T18:48:05Z,2026-08-17T18:48:05Z,
89.110.103.120,ipv4,malicious-ip,medium,WHITE,ziyadnz/hourly-ipv4,ziyadnz|hourly,2026-08-17T18:48:05Z,2026-08-17T18:48:05Z,
89.110.107.191,ipv4,malicious-ip,medium,WHITE,ziyadnz/hourly-ipv4,ziyadnz|hourly,2026-08-17T18:48:05Z,2026-08-17T18:48:05Z,
89.110.87.138,ipv4,malicious-ip,medium,WHITE,ziyadnz/hourly-ipv4,ziyadnz|hourly,2026-08-17T18:48:05Z,2026-08-17T18:48:05Z,
89.110.87.56,ipv4,malicious-ip,medium,WHITE,ziyadnz/hourly-ipv4,ziyadnz|hourly,2026-08-17T18:48:05Z,2026-08-17T18:48:05Z,
89.110.88.155,ipv4,malicious-ip,medium,WHITE,ziyadnz/hourly-ipv4,ziyadnz|hourly,2026-08-17T18:48:05Z,2026-08-17T18:48:05Z,
89.110.98.26,ipv4,malicious-ip,medium,WHITE,ziyadnz/hourly-ipv4,ziyadnz|hourly,2026-08-17T18:48:05Z,2026-08-17T18:48:05Z,
89.111.134.241,ipv4,malicious-ip,medium,WHITE,ziyadnz/hourly-ipv4,ziyadnz|hourly,2026-08-17T18:48:05Z,2026-08-17T18:48:05Z,
89.111.163.66,ipv4,malicious-ip,medium,WHITE,ziyadnz/hourly-ipv4,ziyadnz|hourly,2026-08-17T18:48:05Z,2026-08-17T18:48:05Z,
89.111.170.100,ipv4,malicious-ip,medium,WHITE,ziyadnz/hourly-ipv4,ziyadnz|hourly,2026-08-17T18:48:05Z,2026-08-17T18:48:05Z,
89.116.25.45,ipv4,malicious-ip,medium,WHITE,ziyadnz/hourly-ipv4,ziyadnz|hourly,2026-08-17T18:48:05Z,2026-08-17T18:48:05Z,
89.116.30.68,ipv4,malicious-ip,medium,WHITE,ziyadnz/hourly-ipv4,ziyadnz|hourly,2026-08-17T18:48:05Z,2026-08-17T18:48:05Z,
89.116.31.97,ipv4,malicious-ip,medium,WHITE,ziyadnz/hourly-ipv4,ziyadnz|hourly,2026-08-17T18:48:05Z,2026-08-17T18:48:05Z,
89.116.52.79,ipv4,malicious-ip,medium,WHITE,ziyadnz/hourly-ipv4,ziyadnz|hourly,2026-08-17T18:48:05Z,2026-08-17T18:48:05Z,
89.116.64.46,ipv4,malicious-ip,medium,WHITE,ziyadnz/hourly-ipv4,ziyadnz|hourly,2026-08-17T18:48:05Z,2026-08-17T18:48:05Z,
89.117.1.147,ipv4,malicious-ip,medium,WHITE,ziyadnz/hourly-ipv4,ziyadnz|hourly,2026-08-17T18:48:05Z,2026-08-17T18:48:05Z,
89.117.1.160,ipv4,malicious-ip,medium,WHITE,ziyadnz/hourly-ipv4,ziyadnz|hourly,2026-08-17T18:48:05Z,2026-08-17T18:48:05Z,
89.117.1.161,ipv4,malicious-ip,medium,WHITE,ziyadnz/hourly-ipv4,ziyadnz|hourly,2026-08-17T18:48:05Z,2026-08-17T18:48:05Z,
89.117.104.0,ipv4,malicious-ip,medium,WHITE,ziyadnz/hourly-ipv4,ziyadnz|hourly,2026-08-17T18:48:05Z,2026-08-17T18:48:05Z,
89.117.104.11,ipv4,malicious-ip,medium,WHITE,ziyadnz/hourly-ipv4,ziyadnz|hourly,2026-08-17T18:48:05Z,2026-08-17T18:48:05Z,
89.117.104.18,ipv4,malicious-ip,medium,WHITE,ziyadnz/hourly-ipv4,ziyadnz|hourly,2026-08-17T18:48:05Z,2026-08-17T18:48:05Z,
89.117.104.21,ipv4,malicious-ip,medium,WHITE,ziyadnz/hourly-ipv4,ziyadnz|hourly,2026-08-17T18:48:05Z,2026-08-17T18:48:05Z,
89.117.104.31,ipv4,malicious-ip,medium,WHITE,ziyadnz/hourly-ipv4,ziyadnz|hourly,2026-08-17T18:48:05Z,2026-08-17T18:48:05Z,
89.117.104.33,ipv4,malicious-ip,medium,WHITE,ziyadnz/hourly-ipv4,ziyadnz|hourly,2026-08-17T18:48:05Z,2026-08-17T18:48:05Z,
89.117.104.36,ipv4,malicious-ip,medium,WHITE,ziyadnz/hourly-ipv4,ziyadnz|hourly,2026-08-17T18:48:05Z,2026-08-17T18:48:05Z,
89.117.104.43,ipv4,malicious-ip,medium,WHITE,ziyadnz/hourly-ipv4,ziyadnz|hourly,2026-08-17T18:48:05Z,2026-08-17T18:48:05Z,
89.117.104.46,ipv4,malicious-ip,medium,WHITE,ziyadnz/hourly-ipv4,ziyadnz|hourly,2026-08-17T18:48:05Z,2026-08-17T18:48:05Z,
89.117.104.48,ipv4,malicious-ip,medium,WHITE,ziyadnz/hourly-ipv4,ziyadnz|hourly,2026-08-17T18:48:05Z,2026-08-17T18:48:05Z,
89.117.104.51,ipv4,malicious-ip,medium,WHITE,ziyadnz/hourly-ipv4,ziyadnz|hourly,2026-08-17T18:48:05Z,2026-08-17T18:48:05Z,
89.117.146.143,ipv4,malicious-ip,medium,WHITE,ziyadnz/hourly-ipv4,ziyadnz|hourly,2026-08-17T18:48:05Z,2026-08-17T18:48:05Z,
89.117.16.117,ipv4,malicious-ip,medium,WHITE,ziyadnz/hourly-ipv4,ziyadnz|hourly,2026-08-17T18:48:05Z,2026-08-17T18:48:05Z,
89.117.2.33,ipv4,malicious-ip,medium,WHITE,ziyadnz/hourly-ipv4,ziyadnz|hourly,2026-08-17T18:48:05Z,2026-08-17T18:48:05Z,
89.117.2.34,ipv4,malicious-ip,medium,WHITE,ziyadnz/hourly-ipv4,ziyadnz|hourly,2026-08-17T18:48:05Z,2026-08-17T18:48:05Z,
89.117.2.39,ipv4,malicious-ip,medium,WHITE,ziyadnz/hourly-ipv4,ziyadnz|hourly,2026-08-17T18:48:05Z,2026-08-17T18:48:05Z,
89.117.20.1,ipv4,malicious-ip,medium,WHITE,ziyadnz/hourly-ipv4,ziyadnz|hourly,2026-08-17T18:48:05Z,2026-08-17T18:48:05Z,
89.117.45.102,ipv4,malicious-ip,medium,WHITE,ziyadnz/hourly-ipv4,ziyadnz|hourly,2026-08-17T18:48:05Z,2026-08-17T18:48:05Z,
89.117.51.117,ipv4,malicious-ip,medium,WHITE,ziyadnz/hourly-ipv4,ziyadnz|hourly,2026-08-17T18:48:05Z,2026-08-17T18:48:05Z,
89.117.51.26,ipv4,malicious-ip,medium,WHITE,ziyadnz/hourly-ipv4,ziyadnz|hourly,2026-08-17T18:48:05Z,2026-08-17T18:48:05Z,
89.117.53.97,ipv4,malicious-ip,medium,WHITE,ziyadnz/hourly-ipv4,ziyadnz|hourly,2026-08-17T18:48:05Z,2026-08-17T18:48:05Z,
89.117.73.230,ipv4,malicious-ip,medium,WHITE,ziyadnz/hourly-ipv4,ziyadnz|hourly,2026-08-17T18:48:05Z,2026-08-17T18:48:05Z,
89.121.209.45,ipv4,malicious-ip,medium,WHITE,ziyadnz/hourly-ipv4,ziyadnz|hourly,2026-08-17T18:48:05Z,2026-08-17T18:48:05Z,
89.124.112.238,ipv4,malicious-ip,medium,WHITE,ziyadnz/hourly-ipv4,ziyadnz|hourly,2026-08-17T18:48:05Z,2026-08-17T18:48:05Z,
89.124.115.82,ipv4,malicious-ip,medium,WHITE,ziyadnz/hourly-ipv4,ziyadnz|hourly,2026-08-17T18:48:05Z,2026-08-17T18:48:05Z,
89.124.117.12,ipv4,malicious-ip,medium,WHITE,ziyadnz/hourly-ipv4,ziyadnz|hourly,2026-08-17T18:48:05Z,2026-08-17T18:48:05Z,
89.124.118.125,ipv4,malicious-ip,medium,WHITE,ziyadnz/hourly-ipv4,ziyadnz|hourly,2026-08-17T18:48:05Z,2026-08-17T18:48:05Z,
89.124.66.7,ipv4,malicious-ip,medium,WHITE,ziyadnz/hourly-ipv4,ziyadnz|hourly,2026-08-17T18:48:05Z,2026-08-17T18:48:05Z,
89.124.70.92,ipv4,malicious-ip,medium,WHITE,ziyadnz/hourly-ipv4,ziyadnz|hourly,2026-08-17T18:48:05Z,2026-08-17T18:48:05Z,
89.124.75.5,ipv4,malicious-ip,medium,WHITE,ziyadnz/hourly-ipv4,ziyadnz|hourly,2026-08-17T18:48:05Z,2026-08-17T18:48:05Z,
89.124.92.166,ipv4,malicious-ip,medium,WHITE,ziyadnz/hourly-ipv4,ziyadnz|hourly,2026-08-17T18:48:05Z,2026-08-17T18:48:05Z,
89.124.95.161,ipv4,malicious-ip,medium,WHITE,ziyadnz/hourly-ipv4,ziyadnz|hourly,2026-08-17T18:48:05Z,2026-08-17T18:48:05Z,
89.124.96.244,ipv4,malicious-ip,medium,WHITE,ziyadnz/hourly-ipv4,ziyadnz|hourly,2026-08-17T18:48:05Z,2026-08-17T18:48:05Z,
89.124.96.27,ipv4,malicious-ip,medium,WHITE,ziyadnz/hourly-ipv4,ziyadnz|hourly,2026-08-17T18:48:05Z,2026-08-17T18:48:05Z,
89.125.17.185,ipv4,malicious-ip,medium,WHITE,ziyadnz/hourly-ipv4,ziyadnz|hourly,2026-08-17T18:48:05Z,2026-08-17T18:48:05Z,
89.125.189.85,ipv4,malicious-ip,medium,WHITE,ziyadnz/hourly-ipv4,ziyadnz|hourly,2026-08-17T18:48:05Z,2026-08-17T18:48:05Z,
89.125.255.29,ipv4,malicious-ip,medium,WHITE,ziyadnz/hourly-ipv4,ziyadnz|hourly,2026-08-17T18:48:05Z,2026-08-17T18:48:05Z,
89.125.27.37,ipv4,malicious-ip,medium,WHITE,ziyadnz/hourly-ipv4,ziyadnz|hourly,2026-08-17T18:48:05Z,2026-08-17T18:48:05Z,
89.125.66.101,ipv4,malicious-ip,medium,WHITE,ziyadnz/hourly-ipv4,ziyadnz|hourly,2026-08-17T18:48:05Z,2026-08-17T18:48:05Z,
89.126.222.149,ipv4,malicious-ip,medium,WHITE,ziyadnz/hourly-ipv4,ziyadnz|hourly,2026-08-17T18:48:05Z,2026-08-17T18:48:05Z,
89.126.223.123,ipv4,malicious-ip,medium,WHITE,ziyadnz/hourly-ipv4,ziyadnz|hourly,2026-08-17T18:48:05Z,2026-08-17T18:48:05Z,
89.126.230.28,ipv4,malicious-ip,medium,WHITE,ziyadnz/hourly-ipv4,ziyadnz|hourly,2026-08-17T18:48:05Z,2026-08-17T18:48:05Z,
89.126.230.29,ipv4,malicious-ip,medium,WHITE,ziyadnz/hourly-ipv4,ziyadnz|hourly,2026-08-17T18:48:05Z,2026-08-17T18:48:05Z,
89.126.230.32,ipv4,malicious-ip,medium,WHITE,ziyadnz/hourly-ipv4,ziyadnz|hourly,2026-08-17T18:48:05Z,2026-08-17T18:48:05Z,
89.126.230.33,ipv4,malicious-ip,medium,WHITE,ziyadnz/hourly-ipv4,ziyadnz|hourly,2026-08-17T18:48:05Z,2026-08-17T18:48:05Z,
89.126.230.37,ipv4,malicious-ip,medium,WHITE,ziyadnz/hourly-ipv4,ziyadnz|hourly,2026-08-17T18:48:05Z,2026-08-17T18:48:05Z,
89.127.197.59,ipv4,malicious-ip,medium,WHITE,ziyadnz/hourly-ipv4,ziyadnz|hourly,2026-08-17T18:48:05Z,2026-08-17T18:48:05Z,
89.127.215.52,ipv4,malicious-ip,medium,WHITE,ziyadnz/hourly-ipv4,ziyadnz|hourly,2026-08-17T18:48:05Z,2026-08-17T18:48:05Z,
89.134.194.9,ipv4,malicious-ip,medium,WHITE,ziyadnz/hourly-ipv4,ziyadnz|hourly,2026-08-17T18:48:05Z,2026-08-17T18:48:05Z,
89.134.209.95,ipv4,malicious-ip,medium,WHITE,ziyadnz/hourly-ipv4,ziyadnz|hourly,2026-08-17T18:48:05Z,2026-08-17T18:48:05Z,
89.134.210.182,ipv4,malicious-ip,medium,WHITE,ziyadnz/hourly-ipv4,ziyadnz|hourly,2026-08-17T18:48:05Z,2026-08-17T18:48:05Z,
89.134.25.233,ipv4,malicious-ip,medium,WHITE,ziyadnz/hourly-ipv4,ziyadnz|hourly,2026-08-17T18:48:05Z,2026-08-17T18:48:05Z,
89.134.26.34,ipv4,malicious-ip,medium,WHITE,ziyadnz/hourly-ipv4,ziyadnz|hourly,2026-08-17T18:48:05Z,2026-08-17T18:48:05Z,
89.139.64.143,ipv4,malicious-ip,medium,WHITE,ziyadnz/hourly-ipv4,ziyadnz|hourly,2026-08-17T18:48:05Z,2026-08-17T18:48:05Z,
89.140.97.119,ipv4,malicious-ip,medium,WHITE,ziyadnz/hourly-ipv4,ziyadnz|hourly,2026-08-17T18:48:05Z,2026-08-17T18:48:05Z,
89.141.197.165,ipv4,malicious-ip,medium,WHITE,ziyadnz/hourly-ipv4,ziyadnz|hourly,2026-08-17T18:48:05Z,2026-08-17T18:48:05Z,
89.144.211.139,ipv4,malicious-ip,medium,WHITE,ziyadnz/hourly-ipv4,ziyadnz|hourly,2026-08-17T18:48:05Z,2026-08-17T18:48:05Z,
89.144.212.97,ipv4,malicious-ip,medium,WHITE,ziyadnz/hourly-ipv4,ziyadnz|hourly,2026-08-17T18:48:05Z,2026-08-17T18:48:05Z,
89.144.30.109,ipv4,malicious-ip,medium,WHITE,ziyadnz/hourly-ipv4,ziyadnz|hourly,2026-08-17T18:48:05Z,2026-08-17T18:48:05Z,
89.144.31.18,ipv4,malicious-ip,medium,WHITE,ziyadnz/hourly-ipv4,ziyadnz|hourly,2026-08-17T18:48:05Z,2026-08-17T18:48:05Z,
89.144.32.63,ipv4,malicious-ip,medium,WHITE,ziyadnz/hourly-ipv4,ziyadnz|hourly,2026-08-17T18:48:05Z,2026-08-17T18:48:05Z,
89.146.120.166,ipv4,malicious-ip,medium,WHITE,ziyadnz/hourly-ipv4,ziyadnz|hourly,2026-08-17T18:48:05Z,2026-08-17T18:48:05Z,
89.146.66.81,ipv4,malicious-ip,medium,WHITE,ziyadnz/hourly-ipv4,ziyadnz|hourly,2026-08-17T18:48:05Z,2026-08-17T18:48:05Z,
89.146.67.162,ipv4,malicious-ip,medium,WHITE,ziyadnz/hourly-ipv4,ziyadnz|hourly,2026-08-17T18:48:05Z,2026-08-17T18:48:05Z,
89.147.108.90,ipv4,malicious-ip,medium,WHITE,ziyadnz/hourly-ipv4,ziyadnz|hourly,2026-08-17T18:48:05Z,2026-08-17T18:48:05Z,
89.147.109.38,ipv4,malicious-ip,medium,WHITE,ziyadnz/hourly-ipv4,ziyadnz|hourly,2026-08-17T18:48:05Z,2026-08-17T18:48:05Z,
89.147.110.118,ipv4,malicious-ip,medium,WHITE,ziyadnz/hourly-ipv4,ziyadnz|hourly,2026-08-17T18:48:05Z,2026-08-17T18:48:05Z,
89.147.110.251,ipv4,malicious-ip,medium,WHITE,ziyadnz/hourly-ipv4,ziyadnz|hourly,2026-08-17T18:48:05Z,2026-08-17T18:48:05Z,
89.147.110.82,ipv4,malicious-ip,medium,WHITE,ziyadnz/hourly-ipv4,ziyadnz|hourly,2026-08-17T18:48:05Z,2026-08-17T18:48:05Z,
89.147.111.106,ipv4,malicious-ip,medium,WHITE,ziyadnz/hourly-ipv4,ziyadnz|hourly,2026-08-17T18:48:05Z,2026-08-17T18:48:05Z,
89.147.111.128,ipv4,malicious-ip,medium,WHITE,ziyadnz/hourly-ipv4,ziyadnz|hourly,2026-08-17T18:48:05Z,2026-08-17T18:48:05Z,
89.147.111.87,ipv4,malicious-ip,medium,WHITE,ziyadnz/hourly-ipv4,ziyadnz|hourly,2026-08-17T18:48:05Z,2026-08-17T18:48:05Z,
89.147.189.179,ipv4,malicious-ip,medium,WHITE,ziyadnz/hourly-ipv4,ziyadnz|hourly,2026-08-17T18:48:05Z,2026-08-17T18:48:05Z,
89.148.0.72,ipv4,malicious-ip,medium,WHITE,ziyadnz/hourly-ipv4,ziyadnz|hourly,2026-08-17T18:48:05Z,2026-08-17T18:48:05Z,
89.149.200.91,ipv4,malicious-ip,medium,WHITE,ziyadnz/hourly-ipv4,ziyadnz|hourly,2026-08-17T18:48:05Z,2026-08-17T18:48:05Z,
89.150.45.75,ipv4,malicious-ip,medium,WHITE,ziyadnz/hourly-ipv4,ziyadnz|hourly,2026-08-17T18:48:05Z,2026-08-17T18:48:05Z,
89.151.178.123,ipv4,malicious-ip,medium,WHITE,ziyadnz/hourly-ipv4,ziyadnz|hourly,2026-08-17T18:48:05Z,2026-08-17T18:48:05Z,
89.151.179.167,ipv4,malicious-ip,medium,WHITE,ziyadnz/hourly-ipv4,ziyadnz|hourly,2026-08-17T18:48:05Z,2026-08-17T18:48:05Z,
89.151.187.62,ipv4,malicious-ip,medium,WHITE,ziyadnz/hourly-ipv4,ziyadnz|hourly,2026-08-17T18:48:05Z,2026-08-17T18:48:05Z,
89.151.189.159,ipv4,malicious-ip,medium,WHITE,ziyadnz/hourly-ipv4,ziyadnz|hourly,2026-08-17T18:48:05Z,2026-08-17T18:48:05Z,
89.153.125.230,ipv4,malicious-ip,medium,WHITE,ziyadnz/hourly-ipv4,ziyadnz|hourly,2026-08-17T18:48:05Z,2026-08-17T18:48:05Z,
89.153.136.156,ipv4,malicious-ip,medium,WHITE,ziyadnz/hourly-ipv4,ziyadnz|hourly,2026-08-17T18:48:05Z,2026-08-17T18:48:05Z,
89.153.150.90,ipv4,malicious-ip,medium,WHITE,ziyadnz/hourly-ipv4,ziyadnz|hourly,2026-08-17T18:48:05Z,2026-08-17T18:48:05Z,
89.155.194.24,ipv4,malicious-ip,medium,WHITE,ziyadnz/hourly-ipv4,ziyadnz|hourly,2026-08-17T18:48:05Z,2026-08-17T18:48:05Z,
89.155.99.125,ipv4,malicious-ip,medium,WHITE,ziyadnz/hourly-ipv4,ziyadnz|hourly,2026-08-17T18:48:05Z,2026-08-17T18:48:05Z,
89.157.51.80,ipv4,malicious-ip,medium,WHITE,ziyadnz/hourly-ipv4,ziyadnz|hourly,2026-08-17T18:48:05Z,2026-08-17T18:48:05Z,
89.16.20.130,ipv4,malicious-ip,medium,WHITE,ziyadnz/hourly-ipv4,ziyadnz|hourly,2026-08-17T18:48:05Z,2026-08-17T18:48:05Z,
89.16.24.54,ipv4,malicious-ip,medium,WHITE,ziyadnz/hourly-ipv4,ziyadnz|hourly,2026-08-17T18:48:05Z,2026-08-17T18:48:05Z,
89.160.28.32,ipv4,malicious-ip,medium,WHITE,ziyadnz/hourly-ipv4,ziyadnz|hourly,2026-08-17T18:48:05Z,2026-08-17T18:48:05Z,
89.163.146.197,ipv4,malicious-ip,medium,WHITE,ziyadnz/hourly-ipv4,ziyadnz|hourly,2026-08-17T18:48:05Z,2026-08-17T18:48:05Z,
89.163.212.111,ipv4,malicious-ip,medium,WHITE,ziyadnz/hourly-ipv4,ziyadnz|hourly,2026-08-17T18:48:05Z,2026-08-17T18:48:05Z,
89.163.249.231,ipv4,malicious-ip,medium,WHITE,ziyadnz/hourly-ipv4,ziyadnz|hourly,2026-08-17T18:48:05Z,2026-08-17T18:48:05Z,
89.165.130.43,ipv4,malicious-ip,medium,WHITE,ziyadnz/hourly-ipv4,ziyadnz|hourly,2026-08-17T18:48:05Z,2026-08-17T18:48:05Z,
89.167.108.153,ipv4,malicious-ip,medium,WHITE,ziyadnz/hourly-ipv4,ziyadnz|hourly,2026-08-17T18:48:05Z,2026-08-17T18:48:05Z,
89.167.110.172,ipv4,malicious-ip,medium,WHITE,ziyadnz/hourly-ipv4,ziyadnz|hourly,2026-08-17T18:48:05Z,2026-08-17T18:48:05Z,
89.167.114.179,ipv4,malicious-ip,medium,WHITE,ziyadnz/hourly-ipv4,ziyadnz|hourly,2026-08-17T18:48:05Z,2026-08-17T18:48:05Z,
89.167.114.225,ipv4,malicious-ip,medium,WHITE,ziyadnz/hourly-ipv4,ziyadnz|hourly,2026-08-17T18:48:05Z,2026-08-17T18:48:05Z,
89.167.124.197,ipv4,malicious-ip,medium,WHITE,ziyadnz/hourly-ipv4,ziyadnz|hourly,2026-08-17T18:48:05Z,2026-08-17T18:48:05Z,
89.167.26.103,ipv4,malicious-ip,medium,WHITE,ziyadnz/hourly-ipv4,ziyadnz|hourly,2026-08-17T18:48:05Z,2026-08-17T18:48:05Z,
89.167.27.198,ipv4,malicious-ip,medium,WHITE,ziyadnz/hourly-ipv4,ziyadnz|hourly,2026-08-17T18:48:05Z,2026-08-17T18:48:05Z,
89.167.46.163,ipv4,malicious-ip,medium,WHITE,ziyadnz/hourly-ipv4,ziyadnz|hourly,2026-08-17T18:48:05Z,2026-08-17T18:48:05Z,
89.167.58.218,ipv4,malicious-ip,medium,WHITE,ziyadnz/hourly-ipv4,ziyadnz|hourly,2026-08-17T18:48:05Z,2026-08-17T18:48:05Z,
89.167.68.71,ipv4,malicious-ip,medium,WHITE,ziyadnz/hourly-ipv4,ziyadnz|hourly,2026-08-17T18:48:05Z,2026-08-17T18:48:05Z,
89.167.84.156,ipv4,malicious-ip,medium,WHITE,ziyadnz/hourly-ipv4,ziyadnz|hourly,2026-08-17T18:48:05Z,2026-08-17T18:48:05Z,
89.167.9.99,ipv4,malicious-ip,medium,WHITE,ziyadnz/hourly-ipv4,ziyadnz|hourly,2026-08-17T18:48:05Z,2026-08-17T18:48:05Z,
89.167.93.63,ipv4,malicious-ip,medium,WHITE,ziyadnz/hourly-ipv4,ziyadnz|hourly,2026-08-17T18:48:05Z,2026-08-17T18:48:05Z,
89.167.97.200,ipv4,malicious-ip,medium,WHITE,ziyadnz/hourly-ipv4,ziyadnz|hourly,2026-08-17T18:48:05Z,2026-08-17T18:48:05Z,
89.168.47.222,ipv4,malicious-ip,medium,WHITE,ziyadnz/hourly-ipv4,ziyadnz|hourly,2026-08-17T18:48:05Z,2026-08-17T18:48:05Z,
89.168.75.138,ipv4,malicious-ip,medium,WHITE,ziyadnz/hourly-ipv4,ziyadnz|hourly,2026-08-17T18:48:05Z,2026-08-17T18:48:05Z,
89.169.102.88,ipv4,malicious-ip,medium,WHITE,ziyadnz/hourly-ipv4,ziyadnz|hourly,2026-08-17T18:48:05Z,2026-08-17T18:48:05Z,
89.169.12.149,ipv4,malicious-ip,medium,WHITE,ziyadnz/hourly-ipv4,ziyadnz|hourly,2026-08-17T18:48:05Z,2026-08-17T18:48:05Z,
89.169.12.235,ipv4,malicious-ip,medium,WHITE,ziyadnz/hourly-ipv4,ziyadnz|hourly,2026-08-17T18:48:05Z,2026-08-17T18:48:05Z,
89.169.12.99,ipv4,malicious-ip,medium,WHITE,ziyadnz/hourly-ipv4,ziyadnz|hourly,2026-08-17T18:48:05Z,2026-08-17T18:48:05Z,
89.169.123.106,ipv4,malicious-ip,medium,WHITE,ziyadnz/hourly-ipv4,ziyadnz|hourly,2026-08-17T18:48:05Z,2026-08-17T18:48:05Z,
89.169.133.20,ipv4,malicious-ip,medium,WHITE,ziyadnz/hourly-ipv4,ziyadnz|hourly,2026-08-17T18:48:05Z,2026-08-17T18:48:05Z,
89.169.150.29,ipv4,malicious-ip,medium,WHITE,ziyadnz/hourly-ipv4,ziyadnz|hourly,2026-08-17T18:48:05Z,2026-08-17T18:48:05Z,
89.169.162.114,ipv4,malicious-ip,medium,WHITE,ziyadnz/hourly-ipv4,ziyadnz|hourly,2026-08-17T18:48:05Z,2026-08-17T18:48:05Z,
89.169.169.216,ipv4,malicious-ip,medium,WHITE,ziyadnz/hourly-ipv4,ziyadnz|hourly,2026-08-17T18:48:05Z,2026-08-17T18:48:05Z,
89.169.4.44,ipv4,malicious-ip,medium,WHITE,ziyadnz/hourly-ipv4,ziyadnz|hourly,2026-08-17T18:48:05Z,2026-08-17T18:48:05Z,
89.169.52.37,ipv4,malicious-ip,medium,WHITE,ziyadnz/hourly-ipv4,ziyadnz|hourly,2026-08-17T18:48:05Z,2026-08-17T18:48:05Z,
89.169.53.244,ipv4,malicious-ip,medium,WHITE,ziyadnz/hourly-ipv4,ziyadnz|hourly,2026-08-17T18:48:05Z,2026-08-17T18:48:05Z,
89.181.250.46,ipv4,malicious-ip,medium,WHITE,ziyadnz/hourly-ipv4,ziyadnz|hourly,2026-08-17T18:48:05Z,2026-08-17T18:48:05Z,
89.181.57.29,ipv4,malicious-ip,medium,WHITE,ziyadnz/hourly-ipv4,ziyadnz|hourly,2026-08-17T18:48:05Z,2026-08-17T18:48:05Z,
89.185.80.86,ipv4,malicious-ip,medium,WHITE,ziyadnz/hourly-ipv4,ziyadnz|hourly,2026-08-17T18:48:05Z,2026-08-17T18:48:05Z,
89.185.81.112,ipv4,malicious-ip,medium,WHITE,ziyadnz/hourly-ipv4,ziyadnz|hourly,2026-08-17T18:48:05Z,2026-08-17T18:48:05Z,
89.185.84.7,ipv4,malicious-ip,medium,WHITE,ziyadnz/hourly-ipv4,ziyadnz|hourly,2026-08-17T18:48:05Z,2026-08-17T18:48:05Z,
89.185.85.102,ipv4,malicious-ip,medium,WHITE,ziyadnz/hourly-ipv4,ziyadnz|hourly,2026-08-17T18:48:05Z,2026-08-17T18:48:05Z,
89.185.91.159,ipv4,malicious-ip,medium,WHITE,ziyadnz/hourly-ipv4,ziyadnz|hourly,2026-08-17T18:48:05Z,2026-08-17T18:48:05Z,
89.185.91.240,ipv4,malicious-ip,medium,WHITE,ziyadnz/hourly-ipv4,ziyadnz|hourly,2026-08-17T18:48:05Z,2026-08-17T18:48:05Z,
89.186.12.17,ipv4,malicious-ip,medium,WHITE,ziyadnz/hourly-ipv4,ziyadnz|hourly,2026-08-17T18:48:05Z,2026-08-17T18:48:05Z,
89.186.12.32,ipv4,malicious-ip,medium,WHITE,ziyadnz/hourly-ipv4,ziyadnz|hourly,2026-08-17T18:48:05Z,2026-08-17T18:48:05Z,
89.186.21.118,ipv4,malicious-ip,medium,WHITE,ziyadnz/hourly-ipv4,ziyadnz|hourly,2026-08-17T18:48:05Z,2026-08-17T18:48:05Z,
89.186.5.147,ipv4,malicious-ip,medium,WHITE,ziyadnz/hourly-ipv4,ziyadnz|hourly,2026-08-17T18:48:05Z,2026-08-17T18:48:05Z,
89.186.8.230,ipv4,malicious-ip,medium,WHITE,ziyadnz/hourly-ipv4,ziyadnz|hourly,2026-08-17T18:48:05Z,2026-08-17T18:48:05Z,
89.186.8.52,ipv4,malicious-ip,medium,WHITE,ziyadnz/hourly-ipv4,ziyadnz|hourly,2026-08-17T18:48:05Z,2026-08-17T18:48:05Z,
89.187.160.146,ipv4,malicious-ip,medium,WHITE,ziyadnz/hourly-ipv4,ziyadnz|hourly,2026-08-17T18:48:05Z,2026-08-17T18:48:05Z,
89.187.162.106,ipv4,malicious-ip,medium,WHITE,ziyadnz/hourly-ipv4,ziyadnz|hourly,2026-08-17T18:48:05Z,2026-08-17T18:48:05Z,
89.187.173.173,ipv4,malicious-ip,medium,WHITE,ziyadnz/hourly-ipv4,ziyadnz|hourly,2026-08-17T18:48:05Z,2026-08-17T18:48:05Z,
89.187.173.180,ipv4,malicious-ip,medium,WHITE,ziyadnz/hourly-ipv4,ziyadnz|hourly,2026-08-17T18:48:05Z,2026-08-17T18:48:05Z,
89.187.187.67,ipv4,malicious-ip,medium,WHITE,ziyadnz/hourly-ipv4,ziyadnz|hourly,2026-08-17T18:48:05Z,2026-08-17T18:48:05Z,
89.187.216.70,ipv4,malicious-ip,medium,WHITE,ziyadnz/hourly-ipv4,ziyadnz|hourly,2026-08-17T18:48:05Z,2026-08-17T18:48:05Z,
89.187.86.214,ipv4,malicious-ip,medium,WHITE,ziyadnz/hourly-ipv4,ziyadnz|hourly,2026-08-17T18:48:05Z,2026-08-17T18:48:05Z,
89.189.74.92,ipv4,malicious-ip,medium,WHITE,ziyadnz/hourly-ipv4,ziyadnz|hourly,2026-08-17T18:48:05Z,2026-08-17T18:48:05Z,
89.19.193.252,ipv4,malicious-ip,medium,WHITE,ziyadnz/hourly-ipv4,ziyadnz|hourly,2026-08-17T18:48:05Z,2026-08-17T18:48:05Z,
89.19.213.163,ipv4,malicious-ip,medium,WHITE,ziyadnz/hourly-ipv4,ziyadnz|hourly,2026-08-17T18:48:05Z,2026-08-17T18:48:05Z,
89.19.46.108,ipv4,malicious-ip,medium,WHITE,ziyadnz/hourly-ipv4,ziyadnz|hourly,2026-08-17T18:48:05Z,2026-08-17T18:48:05Z,
89.19.46.43,ipv4,malicious-ip,medium,WHITE,ziyadnz/hourly-ipv4,ziyadnz|hourly,2026-08-17T18:48:05Z,2026-08-17T18:48:05Z,
89.190.156.0,ipv4,malicious-ip,medium,WHITE,ziyadnz/hourly-ipv4,ziyadnz|hourly,2026-08-17T18:48:05Z,2026-08-17T18:48:05Z,
89.190.156.110,ipv4,malicious-ip,medium,WHITE,ziyadnz/hourly-ipv4,ziyadnz|hourly,2026-08-17T18:48:05Z,2026-08-17T18:48:05Z,
89.190.156.112,ipv4,malicious-ip,medium,WHITE,ziyadnz/hourly-ipv4,ziyadnz|hourly,2026-08-17T18:48:05Z,2026-08-17T18:48:05Z,
89.190.156.117,ipv4,malicious-ip,medium,WHITE,ziyadnz/hourly-ipv4,ziyadnz|hourly,2026-08-17T18:48:05Z,2026-08-17T18:48:05Z,
89.190.156.12,ipv4,malicious-ip,medium,WHITE,ziyadnz/hourly-ipv4,ziyadnz|hourly,2026-08-17T18:48:05Z,2026-08-17T18:48:05Z,
89.190.156.125,ipv4,malicious-ip,medium,WHITE,ziyadnz/hourly-ipv4,ziyadnz|hourly,2026-08-17T18:48:05Z,2026-08-17T18:48:05Z,
89.190.156.145,ipv4,malicious-ip,medium,WHITE,ziyadnz/hourly-ipv4,ziyadnz|hourly,2026-08-17T18:48:05Z,2026-08-17T18:48:05Z,
89.190.156.162,ipv4,malicious-ip,medium,WHITE,ziyadnz/hourly-ipv4,ziyadnz|hourly,2026-08-17T18:48:05Z,2026-08-17T18:48:05Z,
89.190.156.19,ipv4,malicious-ip,medium,WHITE,ziyadnz/hourly-ipv4,ziyadnz|hourly,2026-08-17T18:48:05Z,2026-08-17T18:48:05Z,
89.190.156.21,ipv4,malicious-ip,medium,WHITE,ziyadnz/hourly-ipv4,ziyadnz|hourly,2026-08-17T18:48:05Z,2026-08-17T18:48:05Z,
89.190.156.211,ipv4,malicious-ip,medium,WHITE,ziyadnz/hourly-ipv4,ziyadnz|hourly,2026-08-17T18:48:05Z,2026-08-17T18:48:05Z,
89.190.156.22,ipv4,malicious-ip,medium,WHITE,ziyadnz/hourly-ipv4,ziyadnz|hourly,2026-08-17T18:48:05Z,2026-08-17T18:48:05Z,
89.190.156.34,ipv4,malicious-ip,medium,WHITE,ziyadnz/hourly-ipv4,ziyadnz|hourly,2026-08-17T18:48:05Z,2026-08-17T18:48:05Z,
89.190.159.181,ipv4,malicious-ip,medium,WHITE,ziyadnz/hourly-ipv4,ziyadnz|hourly,2026-08-17T18:48:05Z,2026-08-17T18:48:05Z,
89.191.234.91,ipv4,malicious-ip,medium,WHITE,ziyadnz/hourly-ipv4,ziyadnz|hourly,2026-08-17T18:48:05Z,2026-08-17T18:48:05Z,
89.195.5.18,ipv4,malicious-ip,medium,WHITE,ziyadnz/hourly-ipv4,ziyadnz|hourly,2026-08-17T18:48:05Z,2026-08-17T18:48:05Z,
89.200.225.190,ipv4,malicious-ip,medium,WHITE,ziyadnz/hourly-ipv4,ziyadnz|hourly,2026-08-17T18:48:05Z,2026-08-17T18:48:05Z,
89.200.227.78,ipv4,malicious-ip,medium,WHITE,ziyadnz/hourly-ipv4,ziyadnz|hourly,2026-08-17T18:48:05Z,2026-08-17T18:48:05Z,
89.201.180.254,ipv4,malicious-ip,medium,WHITE,ziyadnz/hourly-ipv4,ziyadnz|hourly,2026-08-17T18:48:05Z,2026-08-17T18:48:05Z,
89.203.140.246,ipv4,malicious-ip,medium,WHITE,ziyadnz/hourly-ipv4,ziyadnz|hourly,2026-08-17T18:48:05Z,2026-08-17T18:48:05Z,
89.203.142.96,ipv4,malicious-ip,medium,WHITE,ziyadnz/hourly-ipv4,ziyadnz|hourly,2026-08-17T18:48:05Z,2026-08-17T18:48:05Z,
89.205.166.75,ipv4,malicious-ip,medium,WHITE,ziyadnz/hourly-ipv4,ziyadnz|hourly,2026-08-17T18:48:05Z,2026-08-17T18:48:05Z,
89.205.77.60,ipv4,malicious-ip,medium,WHITE,ziyadnz/hourly-ipv4,ziyadnz|hourly,2026-08-17T18:48:05Z,2026-08-17T18:48:05Z,
89.208.104.160,ipv4,malicious-ip,medium,WHITE,ziyadnz/hourly-ipv4,ziyadnz|hourly,2026-08-17T18:48:05Z,2026-08-17T18:48:05Z,
89.208.105.255,ipv4,malicious-ip,medium,WHITE,ziyadnz/hourly-ipv4,ziyadnz|hourly,2026-08-17T18:48:05Z,2026-08-17T18:48:05Z,
89.208.107.12,ipv4,malicious-ip,medium,WHITE,ziyadnz/hourly-ipv4,ziyadnz|hourly,2026-08-17T18:48:05Z,2026-08-17T18:48:05Z,
89.208.163.72,ipv4,malicious-ip,medium,WHITE,ziyadnz/hourly-ipv4,ziyadnz|hourly,2026-08-17T18:48:05Z,2026-08-17T18:48:05Z,
89.208.204.224,ipv4,malicious-ip,medium,WHITE,ziyadnz/hourly-ipv4,ziyadnz|hourly,2026-08-17T18:48:05Z,2026-08-17T18:48:05Z,
89.208.251.38,ipv4,malicious-ip,medium,WHITE,ziyadnz/hourly-ipv4,ziyadnz|hourly,2026-08-17T18:48:05Z,2026-08-17T18:48:05Z,
89.208.9.58,ipv4,malicious-ip,medium,WHITE,ziyadnz/hourly-ipv4,ziyadnz|hourly,2026-08-17T18:48:05Z,2026-08-17T18:48:05Z,
89.208.97.165,ipv4,malicious-ip,medium,WHITE,ziyadnz/hourly-ipv4,ziyadnz|hourly,2026-08-17T18:48:05Z,2026-08-17T18:48:05Z,
89.21.67.0,ipv4,malicious-ip,medium,WHITE,ziyadnz/hourly-ipv4,ziyadnz|hourly,2026-08-17T18:48:05Z,2026-08-17T18:48:05Z,
89.21.67.130,ipv4,malicious-ip,medium,WHITE,ziyadnz/hourly-ipv4,ziyadnz|hourly,2026-08-17T18:48:05Z,2026-08-17T18:48:05Z,
89.21.67.131,ipv4,malicious-ip,medium,WHITE,ziyadnz/hourly-ipv4,ziyadnz|hourly,2026-08-17T18:48:05Z,2026-08-17T18:48:05Z,
89.21.67.132,ipv4,malicious-ip,medium,WHITE,ziyadnz/hourly-ipv4,ziyadnz|hourly,2026-08-17T18:48:05Z,2026-08-17T18:48:05Z,
89.21.67.133,ipv4,malicious-ip,medium,WHITE,ziyadnz/hourly-ipv4,ziyadnz|hourly,2026-08-17T18:48:05Z,2026-08-17T18:48:05Z,
89.21.67.134,ipv4,malicious-ip,medium,WHITE,ziyadnz/hourly-ipv4,ziyadnz|hourly,2026-08-17T18:48:05Z,2026-08-17T18:48:05Z,
89.21.67.135,ipv4,malicious-ip,medium,WHITE,ziyadnz/hourly-ipv4,ziyadnz|hourly,2026-08-17T18:48:05Z,2026-08-17T18:48:05Z,
89.21.67.136,ipv4,malicious-ip,medium,WHITE,ziyadnz/hourly-ipv4,ziyadnz|hourly,2026-08-17T18:48:05Z,2026-08-17T18:48:05Z,
89.21.67.137,ipv4,malicious-ip,medium,WHITE,ziyadnz/hourly-ipv4,ziyadnz|hourly,2026-08-17T18:48:05Z,2026-08-17T18:48:05Z,
89.21.67.138,ipv4,malicious-ip,medium,WHITE,ziyadnz/hourly-ipv4,ziyadnz|hourly,2026-08-17T18:48:05Z,2026-08-17T18:48:05Z,
89.21.67.139,ipv4,malicious-ip,medium,WHITE,ziyadnz/hourly-ipv4,ziyadnz|hourly,2026-08-17T18:48:05Z,2026-08-17T18:48:05Z,
89.21.67.140,ipv4,malicious-ip,medium,WHITE,ziyadnz/hourly-ipv4,ziyadnz|hourly,2026-08-17T18:48:05Z,2026-08-17T18:48:05Z,
89.21.67.141,ipv4,malicious-ip,medium,WHITE,ziyadnz/hourly-ipv4,ziyadnz|hourly,2026-08-17T18:48:05Z,2026-08-17T18:48:05Z,
89.21.67.142,ipv4,malicious-ip,medium,WHITE,ziyadnz/hourly-ipv4,ziyadnz|hourly,2026-08-17T18:48:05Z,2026-08-17T18:48:05Z,
89.21.67.143,ipv4,malicious-ip,medium,WHITE,ziyadnz/hourly-ipv4,ziyadnz|hourly,2026-08-17T18:48:05Z,2026-08-17T18:48:05Z,
89.21.67.144,ipv4,malicious-ip,medium,WHITE,ziyadnz/hourly-ipv4,ziyadnz|hourly,2026-08-17T18:48:05Z,2026-08-17T18:48:05Z,
89.21.67.145,ipv4,malicious-ip,medium,WHITE,ziyadnz/hourly-ipv4,ziyadnz|hourly,2026-08-17T18:48:05Z,2026-08-17T18:48:05Z,
89.21.67.146,ipv4,malicious-ip,medium,WHITE,ziyadnz/hourly-ipv4,ziyadnz|hourly,2026-08-17T18:48:05Z,2026-08-17T18:48:05Z,
89.21.67.147,ipv4,malicious-ip,medium,WHITE,ziyadnz/hourly-ipv4,ziyadnz|hourly,2026-08-17T18:48:05Z,2026-08-17T18:48:05Z,
89.21.67.148,ipv4,malicious-ip,medium,WHITE,ziyadnz/hourly-ipv4,ziyadnz|hourly,2026-08-17T18:48:05Z,2026-08-17T18:48:05Z,
89.21.67.149,ipv4,malicious-ip,medium,WHITE,ziyadnz/hourly-ipv4,ziyadnz|hourly,2026-08-17T18:48:05Z,2026-08-17T18:48:05Z,
89.21.67.150,ipv4,malicious-ip,medium,WHITE,ziyadnz/hourly-ipv4,ziyadnz|hourly,2026-08-17T18:48:05Z,2026-08-17T18:48:05Z,
89.21.67.151,ipv4,malicious-ip,medium,WHITE,ziyadnz/hourly-ipv4,ziyadnz|hourly,2026-08-17T18:48:05Z,2026-08-17T18:48:05Z,
89.21.67.152,ipv4,malicious-ip,medium,WHITE,ziyadnz/hourly-ipv4,ziyadnz|hourly,2026-08-17T18:48:05Z,2026-08-17T18:48:05Z,
89.21.67.153,ipv4,malicious-ip,medium,WHITE,ziyadnz/hourly-ipv4,ziyadnz|hourly,2026-08-17T18:48:05Z,2026-08-17T18:48:05Z,
89.21.67.154,ipv4,malicious-ip,medium,WHITE,ziyadnz/hourly-ipv4,ziyadnz|hourly,2026-08-17T18:48:05Z,2026-08-17T18:48:05Z,
89.21.67.155,ipv4,malicious-ip,medium,WHITE,ziyadnz/hourly-ipv4,ziyadnz|hourly,2026-08-17T18:48:05Z,2026-08-17T18:48:05Z,
89.21.67.156,ipv4,malicious-ip,medium,WHITE,ziyadnz/hourly-ipv4,ziyadnz|hourly,2026-08-17T18:48:05Z,2026-08-17T18:48:05Z,
89.21.67.157,ipv4,malicious-ip,medium,WHITE,ziyadnz/hourly-ipv4,ziyadnz|hourly,2026-08-17T18:48:05Z,2026-08-17T18:48:05Z,
89.21.67.160,ipv4,malicious-ip,medium,WHITE,ziyadnz/hourly-ipv4,ziyadnz|hourly,2026-08-17T18:48:05Z,2026-08-17T18:48:05Z,
89.21.67.161,ipv4,malicious-ip,medium,WHITE,ziyadnz/hourly-ipv4,ziyadnz|hourly,2026-08-17T18:48:05Z,2026-08-17T18:48:05Z,
89.21.67.162,ipv4,malicious-ip,medium,WHITE,ziyadnz/hourly-ipv4,ziyadnz|hourly,2026-08-17T18:48:05Z,2026-08-17T18:48:05Z,
89.21.67.163,ipv4,malicious-ip,medium,WHITE,ziyadnz/hourly-ipv4,ziyadnz|hourly,2026-08-17T18:48:05Z,2026-08-17T18:48:05Z,
89.21.67.164,ipv4,malicious-ip,medium,WHITE,ziyadnz/hourly-ipv4,ziyadnz|hourly,2026-08-17T18:48:05Z,2026-08-17T18:48:05Z,
89.21.67.165,ipv4,malicious-ip,medium,WHITE,ziyadnz/hourly-ipv4,ziyadnz|hourly,2026-08-17T18:48:05Z,2026-08-17T18:48:05Z,
89.21.67.166,ipv4,malicious-ip,medium,WHITE,ziyadnz/hourly-ipv4,ziyadnz|hourly,2026-08-17T18:48:05Z,2026-08-17T18:48:05Z,
89.21.67.167,ipv4,malicious-ip,medium,WHITE,ziyadnz/hourly-ipv4,ziyadnz|hourly,2026-08-17T18:48:05Z,2026-08-17T18:48:05Z,
89.21.67.168,ipv4,malicious-ip,medium,WHITE,ziyadnz/hourly-ipv4,ziyadnz|hourly,2026-08-17T18:48:05Z,2026-08-17T18:48:05Z,
89.21.67.169,ipv4,malicious-ip,medium,WHITE,ziyadnz/hourly-ipv4,ziyadnz|hourly,2026-08-17T18:48:05Z,2026-08-17T18:48:05Z,
89.21.67.170,ipv4,malicious-ip,medium,WHITE,ziyadnz/hourly-ipv4,ziyadnz|hourly,2026-08-17T18:48:05Z,2026-08-17T18:48:05Z,
89.21.67.171,ipv4,malicious-ip,medium,WHITE,ziyadnz/hourly-ipv4,ziyadnz|hourly,2026-08-17T18:48:05Z,2026-08-17T18:48:05Z,
89.21.67.172,ipv4,malicious-ip,medium,WHITE,ziyadnz/hourly-ipv4,ziyadnz|hourly,2026-08-17T18:48:05Z,2026-08-17T18:48:05Z,
89.21.67.173,ipv4,malicious-ip,medium,WHITE,ziyadnz/hourly-ipv4,ziyadnz|hourly,2026-08-17T18:48:05Z,2026-08-17T18:48:05Z,
89.21.67.174,ipv4,malicious-ip,medium,WHITE,ziyadnz/hourly-ipv4,ziyadnz|hourly,2026-08-17T18:48:05Z,2026-08-17T18:48:05Z,
89.21.67.175,ipv4,malicious-ip,medium,WHITE,ziyadnz/hourly-ipv4,ziyadnz|hourly,2026-08-17T18:48:05Z,2026-08-17T18:48:05Z,
89.21.67.176,ipv4,malicious-ip,medium,WHITE,ziyadnz/hourly-ipv4,ziyadnz|hourly,2026-08-17T18:48:05Z,2026-08-17T18:48:05Z,
89.21.67.177,ipv4,malicious-ip,medium,WHITE,ziyadnz/hourly-ipv4,ziyadnz|hourly,2026-08-17T18:48:05Z,2026-08-17T18:48:05Z,
89.21.67.178,ipv4,malicious-ip,medium,WHITE,ziyadnz/hourly-ipv4,ziyadnz|hourly,2026-08-17T18:48:05Z,2026-08-17T18:48:05Z,
89.21.67.179,ipv4,malicious-ip,medium,WHITE,ziyadnz/hourly-ipv4,ziyadnz|hourly,2026-08-17T18:48:05Z,2026-08-17T18:48:05Z,
89.21.67.180,ipv4,malicious-ip,medium,WHITE,ziyadnz/hourly-ipv4,ziyadnz|hourly,2026-08-17T18:48:05Z,2026-08-17T18:48:05Z,
89.21.67.181,ipv4,malicious-ip,medium,WHITE,ziyadnz/hourly-ipv4,ziyadnz|hourly,2026-08-17T18:48:05Z,2026-08-17T18:48:05Z,
89.21.67.182,ipv4,malicious-ip,medium,WHITE,ziyadnz/hourly-ipv4,ziyadnz|hourly,2026-08-17T18:48:05Z,2026-08-17T18:48:05Z,
89.21.67.183,ipv4,malicious-ip,medium,WHITE,ziyadnz/hourly-ipv4,ziyadnz|hourly,2026-08-17T18:48:05Z,2026-08-17T18:48:05Z,
89.21.67.184,ipv4,malicious-ip,medium,WHITE,ziyadnz/hourly-ipv4,ziyadnz|hourly,2026-08-17T18:48:05Z,2026-08-17T18:48:05Z,
89.21.67.185,ipv4,malicious-ip,medium,WHITE,ziyadnz/hourly-ipv4,ziyadnz|hourly,2026-08-17T18:48:05Z,2026-08-17T18:48:05Z,
89.21.67.186,ipv4,malicious-ip,medium,WHITE,ziyadnz/hourly-ipv4,ziyadnz|hourly,2026-08-17T18:48:05Z,2026-08-17T18:48:05Z,
89.21.67.187,ipv4,malicious-ip,medium,WHITE,ziyadnz/hourly-ipv4,ziyadnz|hourly,2026-08-17T18:48:05Z,2026-08-17T18:48:05Z,
89.21.67.188,ipv4,malicious-ip,medium,WHITE,ziyadnz/hourly-ipv4,ziyadnz|hourly,2026-08-17T18:48:05Z,2026-08-17T18:48:05Z,
89.21.67.190,ipv4,malicious-ip,medium,WHITE,ziyadnz/hourly-ipv4,ziyadnz|hourly,2026-08-17T18:48:05Z,2026-08-17T18:48:05Z,
89.211.145.51,ipv4,malicious-ip,medium,WHITE,ziyadnz/hourly-ipv4,ziyadnz|hourly,2026-08-17T18:48:05Z,2026-08-17T18:48:05Z,
89.211.209.234,ipv4,malicious-ip,medium,WHITE,ziyadnz/hourly-ipv4,ziyadnz|hourly,2026-08-17T18:48:05Z,2026-08-17T18:48:05Z,
89.211.72.11,ipv4,malicious-ip,medium,WHITE,ziyadnz/hourly-ipv4,ziyadnz|hourly,2026-08-17T18:48:05Z,2026-08-17T18:48:05Z,
89.212.147.115,ipv4,malicious-ip,medium,WHITE,ziyadnz/hourly-ipv4,ziyadnz|hourly,2026-08-17T18:48:05Z,2026-08-17T18:48:05Z,
89.213.118.63,ipv4,malicious-ip,medium,WHITE,ziyadnz/hourly-ipv4,ziyadnz|hourly,2026-08-17T18:48:05Z,2026-08-17T18:48:05Z,
89.213.174.246,ipv4,malicious-ip,medium,WHITE,ziyadnz/hourly-ipv4,ziyadnz|hourly,2026-08-17T18:48:05Z,2026-08-17T18:48:05Z,
89.213.193.98,ipv4,malicious-ip,medium,WHITE,ziyadnz/hourly-ipv4,ziyadnz|hourly,2026-08-17T18:48:05Z,2026-08-17T18:48:05Z,
89.213.44.31,ipv4,malicious-ip,medium,WHITE,ziyadnz/hourly-ipv4,ziyadnz|hourly,2026-08-17T18:48:05Z,2026-08-17T18:48:05Z,
89.213.44.48,ipv4,malicious-ip,medium,WHITE,ziyadnz/hourly-ipv4,ziyadnz|hourly,2026-08-17T18:48:05Z,2026-08-17T18:48:05Z,
89.213.45.54,ipv4,malicious-ip,medium,WHITE,ziyadnz/hourly-ipv4,ziyadnz|hourly,2026-08-17T18:48:05Z,2026-08-17T18:48:05Z,
89.216.134.245,ipv4,malicious-ip,medium,WHITE,ziyadnz/hourly-ipv4,ziyadnz|hourly,2026-08-17T18:48:05Z,2026-08-17T18:48:05Z,
89.216.39.30,ipv4,malicious-ip,medium,WHITE,ziyadnz/hourly-ipv4,ziyadnz|hourly,2026-08-17T18:48:05Z,2026-08-17T18:48:05Z,
89.216.52.207,ipv4,malicious-ip,medium,WHITE,ziyadnz/hourly-ipv4,ziyadnz|hourly,2026-08-17T18:48:05Z,2026-08-17T18:48:05Z,
89.216.75.80,ipv4,malicious-ip,medium,WHITE,ziyadnz/hourly-ipv4,ziyadnz|hourly,2026-08-17T18:48:05Z,2026-08-17T18:48:05Z,
89.216.77.178,ipv4,malicious-ip,medium,WHITE,ziyadnz/hourly-ipv4,ziyadnz|hourly,2026-08-17T18:48:05Z,2026-08-17T18:48:05Z,
89.218.141.170,ipv4,malicious-ip,medium,WHITE,ziyadnz/hourly-ipv4,ziyadnz|hourly,2026-08-17T18:48:05Z,2026-08-17T18:48:05Z,
89.218.207.130,ipv4,malicious-ip,medium,WHITE,ziyadnz/hourly-ipv4,ziyadnz|hourly,2026-08-17T18:48:05Z,2026-08-17T18:48:05Z,
89.218.254.230,ipv4,malicious-ip,medium,WHITE,ziyadnz/hourly-ipv4,ziyadnz|hourly,2026-08-17T18:48:05Z,2026-08-17T18:48:05Z,
89.218.62.114,ipv4,malicious-ip,medium,WHITE,ziyadnz/hourly-ipv4,ziyadnz|hourly,2026-08-17T18:48:05Z,2026-08-17T18:48:05Z,
89.22.134.64,ipv4,malicious-ip,medium,WHITE,ziyadnz/hourly-ipv4,ziyadnz|hourly,2026-08-17T18:48:05Z,2026-08-17T18:48:05Z,
89.22.177.52,ipv4,malicious-ip,medium,WHITE,ziyadnz/hourly-ipv4,ziyadnz|hourly,2026-08-17T18:48:05Z,2026-08-17T18:48:05Z,
89.22.177.56,ipv4,malicious-ip,medium,WHITE,ziyadnz/hourly-ipv4,ziyadnz|hourly,2026-08-17T18:48:05Z,2026-08-17T18:48:05Z,
89.22.225.242,ipv4,malicious-ip,medium,WHITE,ziyadnz/hourly-ipv4,ziyadnz|hourly,2026-08-17T18:48:05Z,2026-08-17T18:48:05Z,
89.22.231.162,ipv4,malicious-ip,medium,WHITE,ziyadnz/hourly-ipv4,ziyadnz|hourly,2026-08-17T18:48:05Z,2026-08-17T18:48:05Z,
89.22.233.149,ipv4,malicious-ip,medium,WHITE,ziyadnz/hourly-ipv4,ziyadnz|hourly,2026-08-17T18:48:05Z,2026-08-17T18:48:05Z,
89.22.52.126,ipv4,malicious-ip,medium,WHITE,ziyadnz/hourly-ipv4,ziyadnz|hourly,2026-08-17T18:48:05Z,2026-08-17T18:48:05Z,
89.221.127.148,ipv4,malicious-ip,medium,WHITE,ziyadnz/hourly-ipv4,ziyadnz|hourly,2026-08-17T18:48:05Z,2026-08-17T18:48:05Z,
89.221.225.230,ipv4,malicious-ip,medium,WHITE,ziyadnz/hourly-ipv4,ziyadnz|hourly,2026-08-17T18:48:05Z,2026-08-17T18:48:05Z,
89.221.225.232,ipv4,malicious-ip,medium,WHITE,ziyadnz/hourly-ipv4,ziyadnz|hourly,2026-08-17T18:48:05Z,2026-08-17T18:48:05Z,
89.221.225.233,ipv4,malicious-ip,medium,WHITE,ziyadnz/hourly-ipv4,ziyadnz|hourly,2026-08-17T18:48:05Z,2026-08-17T18:48:05Z,
89.221.225.236,ipv4,malicious-ip,medium,WHITE,ziyadnz/hourly-ipv4,ziyadnz|hourly,2026-08-17T18:48:05Z,2026-08-17T18:48:05Z,
89.221.225.237,ipv4,malicious-ip,medium,WHITE,ziyadnz/hourly-ipv4,ziyadnz|hourly,2026-08-17T18:48:05Z,2026-08-17T18:48:05Z,
89.221.225.239,ipv4,malicious-ip,medium,WHITE,ziyadnz/hourly-ipv4,ziyadnz|hourly,2026-08-17T18:48:05Z,2026-08-17T18:48:05Z,
89.221.225.240,ipv4,malicious-ip,medium,WHITE,ziyadnz/hourly-ipv4,ziyadnz|hourly,2026-08-17T18:48:05Z,2026-08-17T18:48:05Z,
89.221.225.241,ipv4,malicious-ip,medium,WHITE,ziyadnz/hourly-ipv4,ziyadnz|hourly,2026-08-17T18:48:05Z,2026-08-17T18:48:05Z,
89.221.225.242,ipv4,malicious-ip,medium,WHITE,ziyadnz/hourly-ipv4,ziyadnz|hourly,2026-08-17T18:48:05Z,2026-08-17T18:48:05Z,
89.221.225.243,ipv4,malicious-ip,medium,WHITE,ziyadnz/hourly-ipv4,ziyadnz|hourly,2026-08-17T18:48:05Z,2026-08-17T18:48:05Z,
89.221.225.244,ipv4,malicious-ip,medium,WHITE,ziyadnz/hourly-ipv4,ziyadnz|hourly,2026-08-17T18:48:05Z,2026-08-17T18:48:05Z,
89.221.225.245,ipv4,malicious-ip,medium,WHITE,ziyadnz/hourly-ipv4,ziyadnz|hourly,2026-08-17T18:48:05Z,2026-08-17T18:48:05Z,
89.221.225.246,ipv4,malicious-ip,medium,WHITE,ziyadnz/hourly-ipv4,ziyadnz|hourly,2026-08-17T18:48:05Z,2026-08-17T18:48:05Z,
89.222.217.235,ipv4,malicious-ip,medium,WHITE,ziyadnz/hourly-ipv4,ziyadnz|hourly,2026-08-17T18:48:05Z,2026-08-17T18:48:05Z,
89.222.217.32,ipv4,malicious-ip,medium,WHITE,ziyadnz/hourly-ipv4,ziyadnz|hourly,2026-08-17T18:48:05Z,2026-08-17T18:48:05Z,
89.223.108.44,ipv4,malicious-ip,medium,WHITE,ziyadnz/hourly-ipv4,ziyadnz|hourly,2026-08-17T18:48:05Z,2026-08-17T18:48:05Z,
89.223.71.207,ipv4,malicious-ip,medium,WHITE,ziyadnz/hourly-ipv4,ziyadnz|hourly,2026-08-17T18:48:05Z,2026-08-17T18:48:05Z,
89.226.220.184,ipv4,malicious-ip,medium,WHITE,ziyadnz/hourly-ipv4,ziyadnz|hourly,2026-08-17T18:48:05Z,2026-08-17T18:48:05Z,
89.23.102.226,ipv4,malicious-ip,medium,WHITE,ziyadnz/hourly-ipv4,ziyadnz|hourly,2026-08-17T18:48:05Z,2026-08-17T18:48:05Z,
89.23.105.6,ipv4,malicious-ip,medium,WHITE,ziyadnz/hourly-ipv4,ziyadnz|hourly,2026-08-17T18:48:05Z,2026-08-17T18:48:05Z,
89.23.107.155,ipv4,malicious-ip,medium,WHITE,ziyadnz/hourly-ipv4,ziyadnz|hourly,2026-08-17T18:48:05Z,2026-08-17T18:48:05Z,
89.23.107.219,ipv4,malicious-ip,medium,WHITE,ziyadnz/hourly-ipv4,ziyadnz|hourly,2026-08-17T18:48:05Z,2026-08-17T18:48:05Z,
89.23.107.240,ipv4,malicious-ip,medium,WHITE,ziyadnz/hourly-ipv4,ziyadnz|hourly,2026-08-17T18:48:05Z,2026-08-17T18:48:05Z,
89.23.107.241,ipv4,malicious-ip,medium,WHITE,ziyadnz/hourly-ipv4,ziyadnz|hourly,2026-08-17T18:48:05Z,2026-08-17T18:48:05Z,
89.23.108.134,ipv4,malicious-ip,medium,WHITE,ziyadnz/hourly-ipv4,ziyadnz|hourly,2026-08-17T18:48:05Z,2026-08-17T18:48:05Z,
89.23.108.154,ipv4,malicious-ip,medium,WHITE,ziyadnz/hourly-ipv4,ziyadnz|hourly,2026-08-17T18:48:05Z,2026-08-17T18:48:05Z,
89.23.108.174,ipv4,malicious-ip,medium,WHITE,ziyadnz/hourly-ipv4,ziyadnz|hourly,2026-08-17T18:48:05Z,2026-08-17T18:48:05Z,
89.23.113.204,ipv4,malicious-ip,medium,WHITE,ziyadnz/hourly-ipv4,ziyadnz|hourly,2026-08-17T18:48:05Z,2026-08-17T18:48:05Z,
89.23.113.208,ipv4,malicious-ip,medium,WHITE,ziyadnz/hourly-ipv4,ziyadnz|hourly,2026-08-17T18:48:05Z,2026-08-17T18:48:05Z,
89.23.120.111,ipv4,malicious-ip,medium,WHITE,ziyadnz/hourly-ipv4,ziyadnz|hourly,2026-08-17T18:48:05Z,2026-08-17T18:48:05Z,
89.23.96.203,ipv4,malicious-ip,medium,WHITE,ziyadnz/hourly-ipv4,ziyadnz|hourly,2026-08-17T18:48:05Z,2026-08-17T18:48:05Z,
89.23.96.47,ipv4,malicious-ip,medium,WHITE,ziyadnz/hourly-ipv4,ziyadnz|hourly,2026-08-17T18:48:05Z,2026-08-17T18:48:05Z,
89.23.98.22,ipv4,malicious-ip,medium,WHITE,ziyadnz/hourly-ipv4,ziyadnz|hourly,2026-08-17T18:48:05Z,2026-08-17T18:48:05Z,
89.23.98.98,ipv4,malicious-ip,medium,WHITE,ziyadnz/hourly-ipv4,ziyadnz|hourly,2026-08-17T18:48:05Z,2026-08-17T18:48:05Z,
89.23.99.183,ipv4,malicious-ip,medium,WHITE,ziyadnz/hourly-ipv4,ziyadnz|hourly,2026-08-17T18:48:05Z,2026-08-17T18:48:05Z,
89.231.35.0,ipv4,malicious-ip,medium,WHITE,ziyadnz/hourly-ipv4,ziyadnz|hourly,2026-08-17T18:48:05Z,2026-08-17T18:48:05Z,
89.231.35.12,ipv4,malicious-ip,medium,WHITE,ziyadnz/hourly-ipv4,ziyadnz|hourly,2026-08-17T18:48:05Z,2026-08-17T18:48:05Z,
89.231.35.28,ipv4,malicious-ip,medium,WHITE,ziyadnz/hourly-ipv4,ziyadnz|hourly,2026-08-17T18:48:05Z,2026-08-17T18:48:05Z,
89.231.35.37,ipv4,malicious-ip,medium,WHITE,ziyadnz/hourly-ipv4,ziyadnz|hourly,2026-08-17T18:48:05Z,2026-08-17T18:48:05Z,
89.231.35.38,ipv4,malicious-ip,medium,WHITE,ziyadnz/hourly-ipv4,ziyadnz|hourly,2026-08-17T18:48:05Z,2026-08-17T18:48:05Z,
89.231.35.47,ipv4,malicious-ip,medium,WHITE,ziyadnz/hourly-ipv4,ziyadnz|hourly,2026-08-17T18:48:05Z,2026-08-17T18:48:05Z,
89.231.35.49,ipv4,malicious-ip,medium,WHITE,ziyadnz/hourly-ipv4,ziyadnz|hourly,2026-08-17T18:48:05Z,2026-08-17T18:48:05Z,
89.232.100.62,ipv4,malicious-ip,medium,WHITE,ziyadnz/hourly-ipv4,ziyadnz|hourly,2026-08-17T18:48:05Z,2026-08-17T18:48:05Z,
89.232.80.18,ipv4,malicious-ip,medium,WHITE,ziyadnz/hourly-ipv4,ziyadnz|hourly,2026-08-17T18:48:05Z,2026-08-17T18:48:05Z,
89.233.107.97,ipv4,malicious-ip,medium,WHITE,ziyadnz/hourly-ipv4,ziyadnz|hourly,2026-08-17T18:48:05Z,2026-08-17T18:48:05Z,
89.233.202.13,ipv4,malicious-ip,medium,WHITE,ziyadnz/hourly-ipv4,ziyadnz|hourly,2026-08-17T18:48:05Z,2026-08-17T18:48:05Z,
89.233.240.49,ipv4,malicious-ip,medium,WHITE,ziyadnz/hourly-ipv4,ziyadnz|hourly,2026-08-17T18:48:05Z,2026-08-17T18:48:05Z,
89.234.157.254,ipv4,malicious-ip,medium,WHITE,ziyadnz/hourly-ipv4,ziyadnz|hourly,2026-08-17T18:48:05Z,2026-08-17T18:48:05Z,
89.236.200.71,ipv4,malicious-ip,medium,WHITE,ziyadnz/hourly-ipv4,ziyadnz|hourly,2026-08-17T18:48:05Z,2026-08-17T18:48:05Z,
89.236.225.199,ipv4,malicious-ip,medium,WHITE,ziyadnz/hourly-ipv4,ziyadnz|hourly,2026-08-17T18:48:05Z,2026-08-17T18:48:05Z,
89.238.10.3,ipv4,malicious-ip,medium,WHITE,ziyadnz/hourly-ipv4,ziyadnz|hourly,2026-08-17T18:48:05Z,2026-08-17T18:48:05Z,
89.238.132.76,ipv4,malicious-ip,medium,WHITE,ziyadnz/hourly-ipv4,ziyadnz|hourly,2026-08-17T18:48:05Z,2026-08-17T18:48:05Z,
89.238.170.254,ipv4,malicious-ip,medium,WHITE,ziyadnz/hourly-ipv4,ziyadnz|hourly,2026-08-17T18:48:05Z,2026-08-17T18:48:05Z,
89.238.185.13,ipv4,malicious-ip,medium,WHITE,ziyadnz/hourly-ipv4,ziyadnz|hourly,2026-08-17T18:48:05Z,2026-08-17T18:48:05Z,
89.238.186.122,ipv4,malicious-ip,medium,WHITE,ziyadnz/hourly-ipv4,ziyadnz|hourly,2026-08-17T18:48:05Z,2026-08-17T18:48:05Z,
89.238.244.74,ipv4,malicious-ip,medium,WHITE,ziyadnz/hourly-ipv4,ziyadnz|hourly,2026-08-17T18:48:05Z,2026-08-17T18:48:05Z,
89.241.13.228,ipv4,malicious-ip,medium,WHITE,ziyadnz/hourly-ipv4,ziyadnz|hourly,2026-08-17T18:48:05Z,2026-08-17T18:48:05Z,
89.244.92.148,ipv4,malicious-ip,medium,WHITE,ziyadnz/hourly-ipv4,ziyadnz|hourly,2026-08-17T18:48:05Z,2026-08-17T18:48:05Z,
89.248.163.136,ipv4,malicious-ip,medium,WHITE,ziyadnz/hourly-ipv4,ziyadnz|hourly,2026-08-17T18:48:05Z,2026-08-17T18:48:05Z,
89.248.163.138,ipv4,malicious-ip,medium,WHITE,ziyadnz/hourly-ipv4,ziyadnz|hourly,2026-08-17T18:48:05Z,2026-08-17T18:48:05Z,
89.248.163.141,ipv4,malicious-ip,medium,WHITE,ziyadnz/hourly-ipv4,ziyadnz|hourly,2026-08-17T18:48:05Z,2026-08-17T18:48:05Z,
89.248.163.146,ipv4,malicious-ip,medium,WHITE,ziyadnz/hourly-ipv4,ziyadnz|hourly,2026-08-17T18:48:05Z,2026-08-17T18:48:05Z,
89.248.165.181,ipv4,malicious-ip,medium,WHITE,ziyadnz/hourly-ipv4,ziyadnz|hourly,2026-08-17T18:48:05Z,2026-08-17T18:48:05Z,
89.248.167.131,ipv4,malicious-ip,medium,WHITE,ziyadnz/hourly-ipv4,ziyadnz|hourly,2026-08-17T18:48:05Z,2026-08-17T18:48:05Z,
89.248.168.123,ipv4,malicious-ip,medium,WHITE,ziyadnz/hourly-ipv4,ziyadnz|hourly,2026-08-17T18:48:05Z,2026-08-17T18:48:05Z,
89.248.168.227,ipv4,malicious-ip,medium,WHITE,ziyadnz/hourly-ipv4,ziyadnz|hourly,2026-08-17T18:48:05Z,2026-08-17T18:48:05Z,
89.248.168.36,ipv4,malicious-ip,medium,WHITE,ziyadnz/hourly-ipv4,ziyadnz|hourly,2026-08-17T18:48:05Z,2026-08-17T18:48:05Z,
89.248.171.23,ipv4,malicious-ip,medium,WHITE,ziyadnz/hourly-ipv4,ziyadnz|hourly,2026-08-17T18:48:05Z,2026-08-17T18:48:05Z,
89.248.172.10,ipv4,malicious-ip,medium,WHITE,ziyadnz/hourly-ipv4,ziyadnz|hourly,2026-08-17T18:48:05Z,2026-08-17T18:48:05Z,
89.248.172.12,ipv4,malicious-ip,medium,WHITE,ziyadnz/hourly-ipv4,ziyadnz|hourly,2026-08-17T18:48:05Z,2026-08-17T18:48:05Z,
89.248.172.139,ipv4,malicious-ip,medium,WHITE,ziyadnz/hourly-ipv4,ziyadnz|hourly,2026-08-17T18:48:05Z,2026-08-17T18:48:05Z,
89.248.172.14,ipv4,malicious-ip,medium,WHITE,ziyadnz/hourly-ipv4,ziyadnz|hourly,2026-08-17T18:48:05Z,2026-08-17T18:48:05Z,
89.248.172.9,ipv4,malicious-ip,medium,WHITE,ziyadnz/hourly-ipv4,ziyadnz|hourly,2026-08-17T18:48:05Z,2026-08-17T18:48:05Z,
89.248.173.160,ipv4,malicious-ip,medium,WHITE,ziyadnz/hourly-ipv4,ziyadnz|hourly,2026-08-17T18:48:05Z,2026-08-17T18:48:05Z,
89.248.173.161,ipv4,malicious-ip,medium,WHITE,ziyadnz/hourly-ipv4,ziyadnz|hourly,2026-08-17T18:48:05Z,2026-08-17T18:48:05Z,
89.248.173.188,ipv4,malicious-ip,medium,WHITE,ziyadnz/hourly-ipv4,ziyadnz|hourly,2026-08-17T18:48:05Z,2026-08-17T18:48:05Z,
89.248.173.213,ipv4,malicious-ip,medium,WHITE,ziyadnz/hourly-ipv4,ziyadnz|hourly,2026-08-17T18:48:05Z,2026-08-17T18:48:05Z,
89.248.173.214,ipv4,malicious-ip,medium,WHITE,ziyadnz/hourly-ipv4,ziyadnz|hourly,2026-08-17T18:48:05Z,2026-08-17T18:48:05Z,
89.248.173.216,ipv4,malicious-ip,medium,WHITE,ziyadnz/hourly-ipv4,ziyadnz|hourly,2026-08-17T18:48:05Z,2026-08-17T18:48:05Z,
89.248.173.217,ipv4,malicious-ip,medium,WHITE,ziyadnz/hourly-ipv4,ziyadnz|hourly,2026-08-17T18:48:05Z,2026-08-17T18:48:05Z,
89.248.192.55,ipv4,malicious-ip,medium,WHITE,ziyadnz/hourly-ipv4,ziyadnz|hourly,2026-08-17T18:48:05Z,2026-08-17T18:48:05Z,
89.248.193.66,ipv4,malicious-ip,medium,WHITE,ziyadnz/hourly-ipv4,ziyadnz|hourly,2026-08-17T18:48:05Z,2026-08-17T18:48:05Z,
89.249.73.26,ipv4,malicious-ip,medium,WHITE,ziyadnz/hourly-ipv4,ziyadnz|hourly,2026-08-17T18:48:05Z,2026-08-17T18:48:05Z,
89.249.87.82,ipv4,malicious-ip,medium,WHITE,ziyadnz/hourly-ipv4,ziyadnz|hourly,2026-08-17T18:48:05Z,2026-08-17T18:48:05Z,
89.250.170.170,ipv4,malicious-ip,medium,WHITE,ziyadnz/hourly-ipv4,ziyadnz|hourly,2026-08-17T18:48:05Z,2026-08-17T18:48:05Z,
89.250.174.206,ipv4,malicious-ip,medium,WHITE,ziyadnz/hourly-ipv4,ziyadnz|hourly,2026-08-17T18:48:05Z,2026-08-17T18:48:05Z,
89.250.174.86,ipv4,malicious-ip,medium,WHITE,ziyadnz/hourly-ipv4,ziyadnz|hourly,2026-08-17T18:48:05Z,2026-08-17T18:48:05Z,
89.251.168.166,ipv4,malicious-ip,medium,WHITE,ziyadnz/hourly-ipv4,ziyadnz|hourly,2026-08-17T18:48:05Z,2026-08-17T18:48:05Z,
89.251.170.176,ipv4,malicious-ip,medium,WHITE,ziyadnz/hourly-ipv4,ziyadnz|hourly,2026-08-17T18:48:05Z,2026-08-17T18:48:05Z,
89.251.21.213,ipv4,malicious-ip,medium,WHITE,ziyadnz/hourly-ipv4,ziyadnz|hourly,2026-08-17T18:48:05Z,2026-08-17T18:48:05Z,
89.252.131.17,ipv4,malicious-ip,medium,WHITE,ziyadnz/hourly-ipv4,ziyadnz|hourly,2026-08-17T18:48:05Z,2026-08-17T18:48:05Z,
89.252.135.113,ipv4,malicious-ip,medium,WHITE,ziyadnz/hourly-ipv4,ziyadnz|hourly,2026-08-17T18:48:05Z,2026-08-17T18:48:05Z,
89.252.142.133,ipv4,malicious-ip,medium,WHITE,ziyadnz/hourly-ipv4,ziyadnz|hourly,2026-08-17T18:48:05Z,2026-08-17T18:48:05Z,
89.252.146.72,ipv4,malicious-ip,medium,WHITE,ziyadnz/hourly-ipv4,ziyadnz|hourly,2026-08-17T18:48:05Z,2026-08-17T18:48:05Z,
89.252.157.7,ipv4,malicious-ip,medium,WHITE,ziyadnz/hourly-ipv4,ziyadnz|hourly,2026-08-17T18:48:05Z,2026-08-17T18:48:05Z,
89.252.176.29,ipv4,malicious-ip,medium,WHITE,ziyadnz/hourly-ipv4,ziyadnz|hourly,2026-08-17T18:48:05Z,2026-08-17T18:48:05Z,
89.253.170.165,ipv4,malicious-ip,medium,WHITE,ziyadnz/hourly-ipv4,ziyadnz|hourly,2026-08-17T18:48:05Z,2026-08-17T18:48:05Z,
89.254.142.133,ipv4,malicious-ip,medium,WHITE,ziyadnz/hourly-ipv4,ziyadnz|hourly,2026-08-17T18:48:05Z,2026-08-17T18:48:05Z,
89.254.156.105,ipv4,malicious-ip,medium,WHITE,ziyadnz/hourly-ipv4,ziyadnz|hourly,2026-08-17T18:48:05Z,2026-08-17T18:48:05Z,
89.254.163.126,ipv4,malicious-ip,medium,WHITE,ziyadnz/hourly-ipv4,ziyadnz|hourly,2026-08-17T18:48:05Z,2026-08-17T18:48:05Z,
89.28.133.50,ipv4,malicious-ip,medium,WHITE,ziyadnz/hourly-ipv4,ziyadnz|hourly,2026-08-17T18:48:05Z,2026-08-17T18:48:05Z,
89.28.60.242,ipv4,malicious-ip,medium,WHITE,ziyadnz/hourly-ipv4,ziyadnz|hourly,2026-08-17T18:48:05Z,2026-08-17T18:48:05Z,
89.31.120.238,ipv4,malicious-ip,medium,WHITE,ziyadnz/hourly-ipv4,ziyadnz|hourly,2026-08-17T18:48:05Z,2026-08-17T18:48:05Z,
89.31.143.90,ipv4,malicious-ip,medium,WHITE,ziyadnz/hourly-ipv4,ziyadnz|hourly,2026-08-17T18:48:05Z,2026-08-17T18:48:05Z,
89.31.57.5,ipv4,malicious-ip,medium,WHITE,ziyadnz/hourly-ipv4,ziyadnz|hourly,2026-08-17T18:48:05Z,2026-08-17T18:48:05Z,
89.32.118.8,ipv4,malicious-ip,medium,WHITE,ziyadnz/hourly-ipv4,ziyadnz|hourly,2026-08-17T18:48:05Z,2026-08-17T18:48:05Z,
89.32.243.133,ipv4,malicious-ip,medium,WHITE,ziyadnz/hourly-ipv4,ziyadnz|hourly,2026-08-17T18:48:05Z,2026-08-17T18:48:05Z,
89.32.41.0,ipv4,malicious-ip,medium,WHITE,ziyadnz/hourly-ipv4,ziyadnz|hourly,2026-08-17T18:48:05Z,2026-08-17T18:48:05Z,
89.32.41.101,ipv4,malicious-ip,medium,WHITE,ziyadnz/hourly-ipv4,ziyadnz|hourly,2026-08-17T18:48:05Z,2026-08-17T18:48:05Z,
89.32.41.122,ipv4,malicious-ip,medium,WHITE,ziyadnz/hourly-ipv4,ziyadnz|hourly,2026-08-17T18:48:05Z,2026-08-17T18:48:05Z,
89.32.41.126,ipv4,malicious-ip,medium,WHITE,ziyadnz/hourly-ipv4,ziyadnz|hourly,2026-08-17T18:48:05Z,2026-08-17T18:48:05Z,
89.32.41.128,ipv4,malicious-ip,medium,WHITE,ziyadnz/hourly-ipv4,ziyadnz|hourly,2026-08-17T18:48:05Z,2026-08-17T18:48:05Z,
89.32.41.150,ipv4,malicious-ip,medium,WHITE,ziyadnz/hourly-ipv4,ziyadnz|hourly,2026-08-17T18:48:05Z,2026-08-17T18:48:05Z,
89.32.41.178,ipv4,malicious-ip,medium,WHITE,ziyadnz/hourly-ipv4,ziyadnz|hourly,2026-08-17T18:48:05Z,2026-08-17T18:48:05Z,
89.32.41.190,ipv4,malicious-ip,medium,WHITE,ziyadnz/hourly-ipv4,ziyadnz|hourly,2026-08-17T18:48:05Z,2026-08-17T18:48:05Z,
89.32.41.31,ipv4,malicious-ip,medium,WHITE,ziyadnz/hourly-ipv4,ziyadnz|hourly,2026-08-17T18:48:05Z,2026-08-17T18:48:05Z,
89.32.41.42,ipv4,malicious-ip,medium,WHITE,ziyadnz/hourly-ipv4,ziyadnz|hourly,2026-08-17T18:48:05Z,2026-08-17T18:48:05Z,
89.33.25.241,ipv4,malicious-ip,medium,WHITE,ziyadnz/hourly-ipv4,ziyadnz|hourly,2026-08-17T18:48:05Z,2026-08-17T18:48:05Z,
89.34.70.222,ipv4,malicious-ip,medium,WHITE,ziyadnz/hourly-ipv4,ziyadnz|hourly,2026-08-17T18:48:05Z,2026-08-17T18:48:05Z,
89.34.90.99,ipv4,malicious-ip,medium,WHITE,ziyadnz/hourly-ipv4,ziyadnz|hourly,2026-08-17T18:48:05Z,2026-08-17T18:48:05Z,
89.34.96.151,ipv4,malicious-ip,medium,WHITE,ziyadnz/hourly-ipv4,ziyadnz|hourly,2026-08-17T18:48:05Z,2026-08-17T18:48:05Z,
89.35.117.204,ipv4,malicious-ip,medium,WHITE,ziyadnz/hourly-ipv4,ziyadnz|hourly,2026-08-17T18:48:05Z,2026-08-17T18:48:05Z,
89.35.117.217,ipv4,malicious-ip,medium,WHITE,ziyadnz/hourly-ipv4,ziyadnz|hourly,2026-08-17T18:48:05Z,2026-08-17T18:48:05Z,
89.35.125.156,ipv4,malicious-ip,medium,WHITE,ziyadnz/hourly-ipv4,ziyadnz|hourly,2026-08-17T18:48:05Z,2026-08-17T18:48:05Z,
89.35.130.116,ipv4,malicious-ip,medium,WHITE,ziyadnz/hourly-ipv4,ziyadnz|hourly,2026-08-17T18:48:05Z,2026-08-17T18:48:05Z,
89.35.14.14,ipv4,malicious-ip,medium,WHITE,ziyadnz/hourly-ipv4,ziyadnz|hourly,2026-08-17T18:48:05Z,2026-08-17T18:48:05Z,
89.35.63.139,ipv4,malicious-ip,medium,WHITE,ziyadnz/hourly-ipv4,ziyadnz|hourly,2026-08-17T18:48:05Z,2026-08-17T18:48:05Z,
89.36.161.17,ipv4,malicious-ip,medium,WHITE,ziyadnz/hourly-ipv4,ziyadnz|hourly,2026-08-17T18:48:05Z,2026-08-17T18:48:05Z,
89.36.161.51,ipv4,malicious-ip,medium,WHITE,ziyadnz/hourly-ipv4,ziyadnz|hourly,2026-08-17T18:48:05Z,2026-08-17T18:48:05Z,
89.36.2.59,ipv4,malicious-ip,medium,WHITE,ziyadnz/hourly-ipv4,ziyadnz|hourly,2026-08-17T18:48:05Z,2026-08-17T18:48:05Z,
89.36.231.62,ipv4,malicious-ip,medium,WHITE,ziyadnz/hourly-ipv4,ziyadnz|hourly,2026-08-17T18:48:05Z,2026-08-17T18:48:05Z,
89.36.76.38,ipv4,malicious-ip,medium,WHITE,ziyadnz/hourly-ipv4,ziyadnz|hourly,2026-08-17T18:48:05Z,2026-08-17T18:48:05Z,
89.36.76.42,ipv4,malicious-ip,medium,WHITE,ziyadnz/hourly-ipv4,ziyadnz|hourly,2026-08-17T18:48:05Z,2026-08-17T18:48:05Z,
89.37.117.103,ipv4,malicious-ip,medium,WHITE,ziyadnz/hourly-ipv4,ziyadnz|hourly,2026-08-17T18:48:05Z,2026-08-17T18:48:05Z,
89.37.172.0,ipv4,malicious-ip,medium,WHITE,ziyadnz/hourly-ipv4,ziyadnz|hourly,2026-08-17T18:48:05Z,2026-08-17T18:48:05Z,
89.37.172.130,ipv4,malicious-ip,medium,WHITE,ziyadnz/hourly-ipv4,ziyadnz|hourly,2026-08-17T18:48:05Z,2026-08-17T18:48:05Z,
89.37.172.131,ipv4,malicious-ip,medium,WHITE,ziyadnz/hourly-ipv4,ziyadnz|hourly,2026-08-17T18:48:05Z,2026-08-17T18:48:05Z,
89.37.172.132,ipv4,malicious-ip,medium,WHITE,ziyadnz/hourly-ipv4,ziyadnz|hourly,2026-08-17T18:48:05Z,2026-08-17T18:48:05Z,
89.37.172.133,ipv4,malicious-ip,medium,WHITE,ziyadnz/hourly-ipv4,ziyadnz|hourly,2026-08-17T18:48:05Z,2026-08-17T18:48:05Z,
89.37.172.134,ipv4,malicious-ip,medium,WHITE,ziyadnz/hourly-ipv4,ziyadnz|hourly,2026-08-17T18:48:05Z,2026-08-17T18:48:05Z,
89.37.172.135,ipv4,malicious-ip,medium,WHITE,ziyadnz/hourly-ipv4,ziyadnz|hourly,2026-08-17T18:48:05Z,2026-08-17T18:48:05Z,
89.37.172.136,ipv4,malicious-ip,medium,WHITE,ziyadnz/hourly-ipv4,ziyadnz|hourly,2026-08-17T18:48:05Z,2026-08-17T18:48:05Z,
89.37.172.137,ipv4,malicious-ip,medium,WHITE,ziyadnz/hourly-ipv4,ziyadnz|hourly,2026-08-17T18:48:05Z,2026-08-17T18:48:05Z,
89.37.172.138,ipv4,malicious-ip,medium,WHITE,ziyadnz/hourly-ipv4,ziyadnz|hourly,2026-08-17T18:48:05Z,2026-08-17T18:48:05Z,
89.37.172.139,ipv4,malicious-ip,medium,WHITE,ziyadnz/hourly-ipv4,ziyadnz|hourly,2026-08-17T18:48:05Z,2026-08-17T18:48:05Z,
89.37.172.140,ipv4,malicious-ip,medium,WHITE,ziyadnz/hourly-ipv4,ziyadnz|hourly,2026-08-17T18:48:05Z,2026-08-17T18:48:05Z,
89.37.172.141,ipv4,malicious-ip,medium,WHITE,ziyadnz/hourly-ipv4,ziyadnz|hourly,2026-08-17T18:48:05Z,2026-08-17T18:48:05Z,
89.37.172.142,ipv4,malicious-ip,medium,WHITE,ziyadnz/hourly-ipv4,ziyadnz|hourly,2026-08-17T18:48:05Z,2026-08-17T18:48:05Z,
89.37.172.143,ipv4,malicious-ip,medium,WHITE,ziyadnz/hourly-ipv4,ziyadnz|hourly,2026-08-17T18:48:05Z,2026-08-17T18:48:05Z,
89.37.172.144,ipv4,malicious-ip,medium,WHITE,ziyadnz/hourly-ipv4,ziyadnz|hourly,2026-08-17T18:48:05Z,2026-08-17T18:48:05Z,
89.37.172.145,ipv4,malicious-ip,medium,WHITE,ziyadnz/hourly-ipv4,ziyadnz|hourly,2026-08-17T18:48:05Z,2026-08-17T18:48:05Z,
89.37.172.146,ipv4,malicious-ip,medium,WHITE,ziyadnz/hourly-ipv4,ziyadnz|hourly,2026-08-17T18:48:05Z,2026-08-17T18:48:05Z,
89.37.172.147,ipv4,malicious-ip,medium,WHITE,ziyadnz/hourly-ipv4,ziyadnz|hourly,2026-08-17T18:48:05Z,2026-08-17T18:48:05Z,
89.37.172.148,ipv4,malicious-ip,medium,WHITE,ziyadnz/hourly-ipv4,ziyadnz|hourly,2026-08-17T18:48:05Z,2026-08-17T18:48:05Z,
89.37.172.149,ipv4,malicious-ip,medium,WHITE,ziyadnz/hourly-ipv4,ziyadnz|hourly,2026-08-17T18:48:05Z,2026-08-17T18:48:05Z,
89.37.172.150,ipv4,malicious-ip,medium,WHITE,ziyadnz/hourly-ipv4,ziyadnz|hourly,2026-08-17T18:48:05Z,2026-08-17T18:48:05Z,
89.37.172.151,ipv4,malicious-ip,medium,WHITE,ziyadnz/hourly-ipv4,ziyadnz|hourly,2026-08-17T18:48:05Z,2026-08-17T18:48:05Z,
89.37.172.152,ipv4,malicious-ip,medium,WHITE,ziyadnz/hourly-ipv4,ziyadnz|hourly,2026-08-17T18:48:05Z,2026-08-17T18:48:05Z,
89.37.172.153,ipv4,malicious-ip,medium,WHITE,ziyadnz/hourly-ipv4,ziyadnz|hourly,2026-08-17T18:48:05Z,2026-08-17T18:48:05Z,
89.37.172.154,ipv4,malicious-ip,medium,WHITE,ziyadnz/hourly-ipv4,ziyadnz|hourly,2026-08-17T18:48:05Z,2026-08-17T18:48:05Z,
89.37.172.155,ipv4,malicious-ip,medium,WHITE,ziyadnz/hourly-ipv4,ziyadnz|hourly,2026-08-17T18:48:05Z,2026-08-17T18:48:05Z,
89.37.172.156,ipv4,malicious-ip,medium,WHITE,ziyadnz/hourly-ipv4,ziyadnz|hourly,2026-08-17T18:48:05Z,2026-08-17T18:48:05Z,
89.37.172.157,ipv4,malicious-ip,medium,WHITE,ziyadnz/hourly-ipv4,ziyadnz|hourly,2026-08-17T18:48:05Z,2026-08-17T18:48:05Z,
89.37.172.158,ipv4,malicious-ip,medium,WHITE,ziyadnz/hourly-ipv4,ziyadnz|hourly,2026-08-17T18:48:05Z,2026-08-17T18:48:05Z,
89.37.185.18,ipv4,malicious-ip,medium,WHITE,ziyadnz/hourly-ipv4,ziyadnz|hourly,2026-08-17T18:48:05Z,2026-08-17T18:48:05Z,
89.37.185.60,ipv4,malicious-ip,medium,WHITE,ziyadnz/hourly-ipv4,ziyadnz|hourly,2026-08-17T18:48:05Z,2026-08-17T18:48:05Z,
89.38.225.151,ipv4,malicious-ip,medium,WHITE,ziyadnz/hourly-ipv4,ziyadnz|hourly,2026-08-17T18:48:05Z,2026-08-17T18:48:05Z,
89.39.104.118,ipv4,malicious-ip,medium,WHITE,ziyadnz/hourly-ipv4,ziyadnz|hourly,2026-08-17T18:48:05Z,2026-08-17T18:48:05Z,
89.39.105.108,ipv4,malicious-ip,medium,WHITE,ziyadnz/hourly-ipv4,ziyadnz|hourly,2026-08-17T18:48:05Z,2026-08-17T18:48:05Z,
89.39.105.55,ipv4,malicious-ip,medium,WHITE,ziyadnz/hourly-ipv4,ziyadnz|hourly,2026-08-17T18:48:05Z,2026-08-17T18:48:05Z,
89.39.149.18,ipv4,malicious-ip,medium,WHITE,ziyadnz/hourly-ipv4,ziyadnz|hourly,2026-08-17T18:48:05Z,2026-08-17T18:48:05Z,
89.39.149.19,ipv4,malicious-ip,medium,WHITE,ziyadnz/hourly-ipv4,ziyadnz|hourly,2026-08-17T18:48:05Z,2026-08-17T18:48:05Z,
89.39.246.58,ipv4,malicious-ip,medium,WHITE,ziyadnz/hourly-ipv4,ziyadnz|hourly,2026-08-17T18:48:05Z,2026-08-17T18:48:05Z,
89.39.70.110,ipv4,malicious-ip,medium,WHITE,ziyadnz/hourly-ipv4,ziyadnz|hourly,2026-08-17T18:48:05Z,2026-08-17T18:48:05Z,
89.40.0.101,ipv4,malicious-ip,medium,WHITE,ziyadnz/hourly-ipv4,ziyadnz|hourly,2026-08-17T18:48:05Z,2026-08-17T18:48:05Z,
89.40.247.20,ipv4,malicious-ip,medium,WHITE,ziyadnz/hourly-ipv4,ziyadnz|hourly,2026-08-17T18:48:05Z,2026-08-17T18:48:05Z,
89.40.30.242,ipv4,malicious-ip,medium,WHITE,ziyadnz/hourly-ipv4,ziyadnz|hourly,2026-08-17T18:48:05Z,2026-08-17T18:48:05Z,
89.40.72.9,ipv4,malicious-ip,medium,WHITE,ziyadnz/hourly-ipv4,ziyadnz|hourly,2026-08-17T18:48:05Z,2026-08-17T18:48:05Z,
89.41.182.94,ipv4,malicious-ip,medium,WHITE,ziyadnz/hourly-ipv4,ziyadnz|hourly,2026-08-17T18:48:05Z,2026-08-17T18:48:05Z,
89.41.26.142,ipv4,malicious-ip,medium,WHITE,ziyadnz/hourly-ipv4,ziyadnz|hourly,2026-08-17T18:48:05Z,2026-08-17T18:48:05Z,
89.41.72.186,ipv4,malicious-ip,medium,WHITE,ziyadnz/hourly-ipv4,ziyadnz|hourly,2026-08-17T18:48:05Z,2026-08-17T18:48:05Z,
89.42.231.109,ipv4,malicious-ip,medium,WHITE,ziyadnz/hourly-ipv4,ziyadnz|hourly,2026-08-17T18:48:05Z,2026-08-17T18:48:05Z,
89.42.88.254,ipv4,malicious-ip,medium,WHITE,ziyadnz/hourly-ipv4,ziyadnz|hourly,2026-08-17T18:48:05Z,2026-08-17T18:48:05Z,
89.43.133.21,ipv4,malicious-ip,medium,WHITE,ziyadnz/hourly-ipv4,ziyadnz|hourly,2026-08-17T18:48:05Z,2026-08-17T18:48:05Z,
89.43.78.195,ipv4,malicious-ip,medium,WHITE,ziyadnz/hourly-ipv4,ziyadnz|hourly,2026-08-17T18:48:05Z,2026-08-17T18:48:05Z,
89.44.137.176,ipv4,malicious-ip,medium,WHITE,ziyadnz/hourly-ipv4,ziyadnz|hourly,2026-08-17T18:48:05Z,2026-08-17T18:48:05Z,
89.44.194.32,ipv4,malicious-ip,medium,WHITE,ziyadnz/hourly-ipv4,ziyadnz|hourly,2026-08-17T18:48:05Z,2026-08-17T18:48:05Z,
89.44.76.242,ipv4,malicious-ip,medium,WHITE,ziyadnz/hourly-ipv4,ziyadnz|hourly,2026-08-17T18:48:05Z,2026-08-17T18:48:05Z,
89.44.9.186,ipv4,malicious-ip,medium,WHITE,ziyadnz/hourly-ipv4,ziyadnz|hourly,2026-08-17T18:48:05Z,2026-08-17T18:48:05Z,
89.44.9.227,ipv4,malicious-ip,medium,WHITE,ziyadnz/hourly-ipv4,ziyadnz|hourly,2026-08-17T18:48:05Z,2026-08-17T18:48:05Z,
89.44.9.74,ipv4,malicious-ip,medium,WHITE,ziyadnz/hourly-ipv4,ziyadnz|hourly,2026-08-17T18:48:05Z,2026-08-17T18:48:05Z,
89.45.12.110,ipv4,malicious-ip,medium,WHITE,ziyadnz/hourly-ipv4,ziyadnz|hourly,2026-08-17T18:48:05Z,2026-08-17T18:48:05Z,
89.45.12.136,ipv4,malicious-ip,medium,WHITE,ziyadnz/hourly-ipv4,ziyadnz|hourly,2026-08-17T18:48:05Z,2026-08-17T18:48:05Z,
89.45.201.189,ipv4,malicious-ip,medium,WHITE,ziyadnz/hourly-ipv4,ziyadnz|hourly,2026-08-17T18:48:05Z,2026-08-17T18:48:05Z,
89.46.100.244,ipv4,malicious-ip,medium,WHITE,ziyadnz/hourly-ipv4,ziyadnz|hourly,2026-08-17T18:48:05Z,2026-08-17T18:48:05Z,
89.46.101.122,ipv4,malicious-ip,medium,WHITE,ziyadnz/hourly-ipv4,ziyadnz|hourly,2026-08-17T18:48:05Z,2026-08-17T18:48:05Z,
89.46.223.88,ipv4,malicious-ip,medium,WHITE,ziyadnz/hourly-ipv4,ziyadnz|hourly,2026-08-17T18:48:05Z,2026-08-17T18:48:05Z,
89.46.237.33,ipv4,malicious-ip,medium,WHITE,ziyadnz/hourly-ipv4,ziyadnz|hourly,2026-08-17T18:48:05Z,2026-08-17T18:48:05Z,
89.46.65.19,ipv4,malicious-ip,medium,WHITE,ziyadnz/hourly-ipv4,ziyadnz|hourly,2026-08-17T18:48:05Z,2026-08-17T18:48:05Z,
89.58.10.21,ipv4,malicious-ip,medium,WHITE,ziyadnz/hourly-ipv4,ziyadnz|hourly,2026-08-17T18:48:05Z,2026-08-17T18:48:05Z,
89.58.12.105,ipv4,malicious-ip,medium,WHITE,ziyadnz/hourly-ipv4,ziyadnz|hourly,2026-08-17T18:48:05Z,2026-08-17T18:48:05Z,
89.58.26.216,ipv4,malicious-ip,medium,WHITE,ziyadnz/hourly-ipv4,ziyadnz|hourly,2026-08-17T18:48:05Z,2026-08-17T18:48:05Z,
89.58.41.156,ipv4,malicious-ip,medium,WHITE,ziyadnz/hourly-ipv4,ziyadnz|hourly,2026-08-17T18:48:05Z,2026-08-17T18:48:05Z,
89.58.58.11,ipv4,malicious-ip,medium,WHITE,ziyadnz/hourly-ipv4,ziyadnz|hourly,2026-08-17T18:48:05Z,2026-08-17T18:48:05Z,
89.58.60.208,ipv4,malicious-ip,medium,WHITE,ziyadnz/hourly-ipv4,ziyadnz|hourly,2026-08-17T18:48:05Z,2026-08-17T18:48:05Z,
89.58.9.55,ipv4,malicious-ip,medium,WHITE,ziyadnz/hourly-ipv4,ziyadnz|hourly,2026-08-17T18:48:05Z,2026-08-17T18:48:05Z,
89.64.70.69,ipv4,malicious-ip,medium,WHITE,ziyadnz/hourly-ipv4,ziyadnz|hourly,2026-08-17T18:48:05Z,2026-08-17T18:48:05Z,
89.67.211.162,ipv4,malicious-ip,medium,WHITE,ziyadnz/hourly-ipv4,ziyadnz|hourly,2026-08-17T18:48:05Z,2026-08-17T18:48:05Z,
89.67.37.52,ipv4,malicious-ip,medium,WHITE,ziyadnz/hourly-ipv4,ziyadnz|hourly,2026-08-17T18:48:05Z,2026-08-17T18:48:05Z,
89.7.207.134,ipv4,malicious-ip,medium,WHITE,ziyadnz/hourly-ipv4,ziyadnz|hourly,2026-08-17T18:48:05Z,2026-08-17T18:48:05Z,
89.70.166.43,ipv4,malicious-ip,medium,WHITE,ziyadnz/hourly-ipv4,ziyadnz|hourly,2026-08-17T18:48:05Z,2026-08-17T18:48:05Z,
89.74.7.55,ipv4,malicious-ip,medium,WHITE,ziyadnz/hourly-ipv4,ziyadnz|hourly,2026-08-17T18:48:05Z,2026-08-17T18:48:05Z,
89.80.196.7,ipv4,malicious-ip,medium,WHITE,ziyadnz/hourly-ipv4,ziyadnz|hourly,2026-08-17T18:48:05Z,2026-08-17T18:48:05Z,
89.83.49.30,ipv4,malicious-ip,medium,WHITE,ziyadnz/hourly-ipv4,ziyadnz|hourly,2026-08-17T18:48:05Z,2026-08-17T18:48:05Z,
89.84.122.144,ipv4,malicious-ip,medium,WHITE,ziyadnz/hourly-ipv4,ziyadnz|hourly,2026-08-17T18:48:05Z,2026-08-17T18:48:05Z,
89.84.163.243,ipv4,malicious-ip,medium,WHITE,ziyadnz/hourly-ipv4,ziyadnz|hourly,2026-08-17T18:48:05Z,2026-08-17T18:48:05Z,
89.9.72.242,ipv4,malicious-ip,medium,WHITE,ziyadnz/hourly-ipv4,ziyadnz|hourly,2026-08-17T18:48:05Z,2026-08-17T18:48:05Z,
89.90.176.33,ipv4,malicious-ip,medium,WHITE,ziyadnz/hourly-ipv4,ziyadnz|hourly,2026-08-17T18:48:05Z,2026-08-17T18:48:05Z,
89.92.24.90,ipv4,malicious-ip,medium,WHITE,ziyadnz/hourly-ipv4,ziyadnz|hourly,2026-08-17T18:48:05Z,2026-08-17T18:48:05Z,
89.97.218.142,ipv4,malicious-ip,medium,WHITE,ziyadnz/hourly-ipv4,ziyadnz|hourly,2026-08-17T18:48:05Z,2026-08-17T18:48:05Z,
9.223.176.221,ipv4,malicious-ip,medium,WHITE,ziyadnz/hourly-ipv4,ziyadnz|hourly,2026-08-17T18:48:05Z,2026-08-17T18:48:05Z,
9.234.10.182,ipv4,malicious-ip,medium,WHITE,ziyadnz/hourly-ipv4,ziyadnz|hourly,2026-08-17T18:48:05Z,2026-08-17T18:48:05Z,
9.234.10.188,ipv4,malicious-ip,medium,WHITE,ziyadnz/hourly-ipv4,ziyadnz|hourly,2026-08-17T18:48:05Z,2026-08-17T18:48:05Z,
9.234.10.190,ipv4,malicious-ip,medium,WHITE,ziyadnz/hourly-ipv4,ziyadnz|hourly,2026-08-17T18:48:05Z,2026-08-17T18:48:05Z,
9.234.8.125,ipv4,malicious-ip,medium,WHITE,ziyadnz/hourly-ipv4,ziyadnz|hourly,2026-08-17T18:48:05Z,2026-08-17T18:48:05Z,
9.234.8.52,ipv4,malicious-ip,medium,WHITE,ziyadnz/hourly-ipv4,ziyadnz|hourly,2026-08-17T18:48:05Z,2026-08-17T18:48:05Z,
9.234.8.54,ipv4,malicious-ip,medium,WHITE,ziyadnz/hourly-ipv4,ziyadnz|hourly,2026-08-17T18:48:05Z,2026-08-17T18:48:05Z,
9.234.8.67,ipv4,malicious-ip,medium,WHITE,ziyadnz/hourly-ipv4,ziyadnz|hourly,2026-08-17T18:48:05Z,2026-08-17T18:48:05Z,
9.246.13.81,ipv4,malicious-ip,medium,WHITE,ziyadnz/hourly-ipv4,ziyadnz|hourly,2026-08-17T18:48:05Z,2026-08-17T18:48:05Z,
9.246.39.36,ipv4,malicious-ip,medium,WHITE,ziyadnz/hourly-ipv4,ziyadnz|hourly,2026-08-17T18:48:05Z,2026-08-17T18:48:05Z,
90.0.128.183,ipv4,malicious-ip,medium,WHITE,ziyadnz/hourly-ipv4,ziyadnz|hourly,2026-08-17T18:48:05Z,2026-08-17T18:48:05Z,
90.0.156.128,ipv4,malicious-ip,medium,WHITE,ziyadnz/hourly-ipv4,ziyadnz|hourly,2026-08-17T18:48:05Z,2026-08-17T18:48:05Z,
90.1.65.1,ipv4,malicious-ip,medium,WHITE,ziyadnz/hourly-ipv4,ziyadnz|hourly,2026-08-17T18:48:05Z,2026-08-17T18:48:05Z,
90.100.188.25,ipv4,malicious-ip,medium,WHITE,ziyadnz/hourly-ipv4,ziyadnz|hourly,2026-08-17T18:48:05Z,2026-08-17T18:48:05Z,
90.104.8.40,ipv4,malicious-ip,medium,WHITE,ziyadnz/hourly-ipv4,ziyadnz|hourly,2026-08-17T18:48:05Z,2026-08-17T18:48:05Z,
90.110.99.231,ipv4,malicious-ip,medium,WHITE,ziyadnz/hourly-ipv4,ziyadnz|hourly,2026-08-17T18:48:05Z,2026-08-17T18:48:05Z,
90.118.229.185,ipv4,malicious-ip,medium,WHITE,ziyadnz/hourly-ipv4,ziyadnz|hourly,2026-08-17T18:48:05Z,2026-08-17T18:48:05Z,
90.119.124.185,ipv4,malicious-ip,medium,WHITE,ziyadnz/hourly-ipv4,ziyadnz|hourly,2026-08-17T18:48:05Z,2026-08-17T18:48:05Z,
90.119.180.87,ipv4,malicious-ip,medium,WHITE,ziyadnz/hourly-ipv4,ziyadnz|hourly,2026-08-17T18:48:05Z,2026-08-17T18:48:05Z,
90.119.186.83,ipv4,malicious-ip,medium,WHITE,ziyadnz/hourly-ipv4,ziyadnz|hourly,2026-08-17T18:48:05Z,2026-08-17T18:48:05Z,
90.12.204.141,ipv4,malicious-ip,medium,WHITE,ziyadnz/hourly-ipv4,ziyadnz|hourly,2026-08-17T18:48:05Z,2026-08-17T18:48:05Z,
90.125.186.37,ipv4,malicious-ip,medium,WHITE,ziyadnz/hourly-ipv4,ziyadnz|hourly,2026-08-17T18:48:05Z,2026-08-17T18:48:05Z,
90.127.73.244,ipv4,malicious-ip,medium,WHITE,ziyadnz/hourly-ipv4,ziyadnz|hourly,2026-08-17T18:48:05Z,2026-08-17T18:48:05Z,
90.133.179.222,ipv4,malicious-ip,medium,WHITE,ziyadnz/hourly-ipv4,ziyadnz|hourly,2026-08-17T18:48:05Z,2026-08-17T18:48:05Z,
90.14.127.123,ipv4,malicious-ip,medium,WHITE,ziyadnz/hourly-ipv4,ziyadnz|hourly,2026-08-17T18:48:05Z,2026-08-17T18:48:05Z,
90.140.45.208,ipv4,malicious-ip,medium,WHITE,ziyadnz/hourly-ipv4,ziyadnz|hourly,2026-08-17T18:48:05Z,2026-08-17T18:48:05Z,
90.143.133.202,ipv4,malicious-ip,medium,WHITE,ziyadnz/hourly-ipv4,ziyadnz|hourly,2026-08-17T18:48:05Z,2026-08-17T18:48:05Z,
90.15.179.186,ipv4,malicious-ip,medium,WHITE,ziyadnz/hourly-ipv4,ziyadnz|hourly,2026-08-17T18:48:05Z,2026-08-17T18:48:05Z,
90.15.212.61,ipv4,malicious-ip,medium,WHITE,ziyadnz/hourly-ipv4,ziyadnz|hourly,2026-08-17T18:48:05Z,2026-08-17T18:48:05Z,
90.15.247.198,ipv4,malicious-ip,medium,WHITE,ziyadnz/hourly-ipv4,ziyadnz|hourly,2026-08-17T18:48:05Z,2026-08-17T18:48:05Z,
90.15.42.30,ipv4,malicious-ip,medium,WHITE,ziyadnz/hourly-ipv4,ziyadnz|hourly,2026-08-17T18:48:05Z,2026-08-17T18:48:05Z,
90.150.172.17,ipv4,malicious-ip,medium,WHITE,ziyadnz/hourly-ipv4,ziyadnz|hourly,2026-08-17T18:48:05Z,2026-08-17T18:48:05Z,
90.151.105.34,ipv4,malicious-ip,medium,WHITE,ziyadnz/hourly-ipv4,ziyadnz|hourly,2026-08-17T18:48:05Z,2026-08-17T18:48:05Z,
90.151.171.109,ipv4,malicious-ip,medium,WHITE,ziyadnz/hourly-ipv4,ziyadnz|hourly,2026-08-17T18:48:05Z,2026-08-17T18:48:05Z,
90.154.48.228,ipv4,malicious-ip,medium,WHITE,ziyadnz/hourly-ipv4,ziyadnz|hourly,2026-08-17T18:48:05Z,2026-08-17T18:48:05Z,
90.156.196.70,ipv4,malicious-ip,medium,WHITE,ziyadnz/hourly-ipv4,ziyadnz|hourly,2026-08-17T18:48:05Z,2026-08-17T18:48:05Z,
90.156.197.23,ipv4,malicious-ip,medium,WHITE,ziyadnz/hourly-ipv4,ziyadnz|hourly,2026-08-17T18:48:05Z,2026-08-17T18:48:05Z,
90.156.197.37,ipv4,malicious-ip,medium,WHITE,ziyadnz/hourly-ipv4,ziyadnz|hourly,2026-08-17T18:48:05Z,2026-08-17T18:48:05Z,
90.156.218.31,ipv4,malicious-ip,medium,WHITE,ziyadnz/hourly-ipv4,ziyadnz|hourly,2026-08-17T18:48:05Z,2026-08-17T18:48:05Z,
90.156.224.57,ipv4,malicious-ip,medium,WHITE,ziyadnz/hourly-ipv4,ziyadnz|hourly,2026-08-17T18:48:05Z,2026-08-17T18:48:05Z,
90.156.4.204,ipv4,malicious-ip,medium,WHITE,ziyadnz/hourly-ipv4,ziyadnz|hourly,2026-08-17T18:48:05Z,2026-08-17T18:48:05Z,
90.157.4.4,ipv4,malicious-ip,medium,WHITE,ziyadnz/hourly-ipv4,ziyadnz|hourly,2026-08-17T18:48:05Z,2026-08-17T18:48:05Z,
90.160.113.253,ipv4,malicious-ip,medium,WHITE,ziyadnz/hourly-ipv4,ziyadnz|hourly,2026-08-17T18:48:05Z,2026-08-17T18:48:05Z,
90.161.62.161,ipv4,malicious-ip,medium,WHITE,ziyadnz/hourly-ipv4,ziyadnz|hourly,2026-08-17T18:48:05Z,2026-08-17T18:48:05Z,
90.168.115.202,ipv4,malicious-ip,medium,WHITE,ziyadnz/hourly-ipv4,ziyadnz|hourly,2026-08-17T18:48:05Z,2026-08-17T18:48:05Z,
90.169.216.25,ipv4,malicious-ip,medium,WHITE,ziyadnz/hourly-ipv4,ziyadnz|hourly,2026-08-17T18:48:05Z,2026-08-17T18:48:05Z,
90.175.168.82,ipv4,malicious-ip,medium,WHITE,ziyadnz/hourly-ipv4,ziyadnz|hourly,2026-08-17T18:48:05Z,2026-08-17T18:48:05Z,
90.176.119.199,ipv4,malicious-ip,medium,WHITE,ziyadnz/hourly-ipv4,ziyadnz|hourly,2026-08-17T18:48:05Z,2026-08-17T18:48:05Z,
90.178.81.112,ipv4,malicious-ip,medium,WHITE,ziyadnz/hourly-ipv4,ziyadnz|hourly,2026-08-17T18:48:05Z,2026-08-17T18:48:05Z,
90.180.138.235,ipv4,malicious-ip,medium,WHITE,ziyadnz/hourly-ipv4,ziyadnz|hourly,2026-08-17T18:48:05Z,2026-08-17T18:48:05Z,
90.184.10.74,ipv4,malicious-ip,medium,WHITE,ziyadnz/hourly-ipv4,ziyadnz|hourly,2026-08-17T18:48:05Z,2026-08-17T18:48:05Z,
90.188.18.120,ipv4,malicious-ip,medium,WHITE,ziyadnz/hourly-ipv4,ziyadnz|hourly,2026-08-17T18:48:05Z,2026-08-17T18:48:05Z,
90.188.246.236,ipv4,malicious-ip,medium,WHITE,ziyadnz/hourly-ipv4,ziyadnz|hourly,2026-08-17T18:48:05Z,2026-08-17T18:48:05Z,
90.188.42.240,ipv4,malicious-ip,medium,WHITE,ziyadnz/hourly-ipv4,ziyadnz|hourly,2026-08-17T18:48:05Z,2026-08-17T18:48:05Z,
90.188.64.55,ipv4,malicious-ip,medium,WHITE,ziyadnz/hourly-ipv4,ziyadnz|hourly,2026-08-17T18:48:05Z,2026-08-17T18:48:05Z,
90.189.195.64,ipv4,malicious-ip,medium,WHITE,ziyadnz/hourly-ipv4,ziyadnz|hourly,2026-08-17T18:48:05Z,2026-08-17T18:48:05Z,
90.191.179.207,ipv4,malicious-ip,medium,WHITE,ziyadnz/hourly-ipv4,ziyadnz|hourly,2026-08-17T18:48:05Z,2026-08-17T18:48:05Z,
90.192.85.126,ipv4,malicious-ip,medium,WHITE,ziyadnz/hourly-ipv4,ziyadnz|hourly,2026-08-17T18:48:05Z,2026-08-17T18:48:05Z,
90.194.45.254,ipv4,malicious-ip,medium,WHITE,ziyadnz/hourly-ipv4,ziyadnz|hourly,2026-08-17T18:48:05Z,2026-08-17T18:48:05Z,
90.197.247.151,ipv4,malicious-ip,medium,WHITE,ziyadnz/hourly-ipv4,ziyadnz|hourly,2026-08-17T18:48:05Z,2026-08-17T18:48:05Z,
90.199.222.138,ipv4,malicious-ip,medium,WHITE,ziyadnz/hourly-ipv4,ziyadnz|hourly,2026-08-17T18:48:05Z,2026-08-17T18:48:05Z,
90.208.248.1,ipv4,malicious-ip,medium,WHITE,ziyadnz/hourly-ipv4,ziyadnz|hourly,2026-08-17T18:48:05Z,2026-08-17T18:48:05Z,
90.217.239.132,ipv4,malicious-ip,medium,WHITE,ziyadnz/hourly-ipv4,ziyadnz|hourly,2026-08-17T18:48:05Z,2026-08-17T18:48:05Z,
90.218.22.196,ipv4,malicious-ip,medium,WHITE,ziyadnz/hourly-ipv4,ziyadnz|hourly,2026-08-17T18:48:05Z,2026-08-17T18:48:05Z,
90.219.232.128,ipv4,malicious-ip,medium,WHITE,ziyadnz/hourly-ipv4,ziyadnz|hourly,2026-08-17T18:48:05Z,2026-08-17T18:48:05Z,
90.225.101.78,ipv4,malicious-ip,medium,WHITE,ziyadnz/hourly-ipv4,ziyadnz|hourly,2026-08-17T18:48:05Z,2026-08-17T18:48:05Z,
90.227.38.118,ipv4,malicious-ip,medium,WHITE,ziyadnz/hourly-ipv4,ziyadnz|hourly,2026-08-17T18:48:05Z,2026-08-17T18:48:05Z,
90.227.44.4,ipv4,malicious-ip,medium,WHITE,ziyadnz/hourly-ipv4,ziyadnz|hourly,2026-08-17T18:48:05Z,2026-08-17T18:48:05Z,
90.228.247.190,ipv4,malicious-ip,medium,WHITE,ziyadnz/hourly-ipv4,ziyadnz|hourly,2026-08-17T18:48:05Z,2026-08-17T18:48:05Z,
90.228.249.49,ipv4,malicious-ip,medium,WHITE,ziyadnz/hourly-ipv4,ziyadnz|hourly,2026-08-17T18:48:05Z,2026-08-17T18:48:05Z,
90.240.161.66,ipv4,malicious-ip,medium,WHITE,ziyadnz/hourly-ipv4,ziyadnz|hourly,2026-08-17T18:48:05Z,2026-08-17T18:48:05Z,
90.240.173.116,ipv4,malicious-ip,medium,WHITE,ziyadnz/hourly-ipv4,ziyadnz|hourly,2026-08-17T18:48:05Z,2026-08-17T18:48:05Z,
90.247.120.175,ipv4,malicious-ip,medium,WHITE,ziyadnz/hourly-ipv4,ziyadnz|hourly,2026-08-17T18:48:05Z,2026-08-17T18:48:05Z,
90.247.36.222,ipv4,malicious-ip,medium,WHITE,ziyadnz/hourly-ipv4,ziyadnz|hourly,2026-08-17T18:48:05Z,2026-08-17T18:48:05Z,
90.25.170.36,ipv4,malicious-ip,medium,WHITE,ziyadnz/hourly-ipv4,ziyadnz|hourly,2026-08-17T18:48:05Z,2026-08-17T18:48:05Z,
90.25.200.132,ipv4,malicious-ip,medium,WHITE,ziyadnz/hourly-ipv4,ziyadnz|hourly,2026-08-17T18:48:05Z,2026-08-17T18:48:05Z,
90.25.248.172,ipv4,malicious-ip,medium,WHITE,ziyadnz/hourly-ipv4,ziyadnz|hourly,2026-08-17T18:48:05Z,2026-08-17T18:48:05Z,
90.252.129.16,ipv4,malicious-ip,medium,WHITE,ziyadnz/hourly-ipv4,ziyadnz|hourly,2026-08-17T18:48:05Z,2026-08-17T18:48:05Z,
90.26.139.241,ipv4,malicious-ip,medium,WHITE,ziyadnz/hourly-ipv4,ziyadnz|hourly,2026-08-17T18:48:05Z,2026-08-17T18:48:05Z,
90.39.57.252,ipv4,malicious-ip,medium,WHITE,ziyadnz/hourly-ipv4,ziyadnz|hourly,2026-08-17T18:48:05Z,2026-08-17T18:48:05Z,
90.40.70.202,ipv4,malicious-ip,medium,WHITE,ziyadnz/hourly-ipv4,ziyadnz|hourly,2026-08-17T18:48:05Z,2026-08-17T18:48:05Z,
90.46.14.55,ipv4,malicious-ip,medium,WHITE,ziyadnz/hourly-ipv4,ziyadnz|hourly,2026-08-17T18:48:05Z,2026-08-17T18:48:05Z,
90.47.31.222,ipv4,malicious-ip,medium,WHITE,ziyadnz/hourly-ipv4,ziyadnz|hourly,2026-08-17T18:48:05Z,2026-08-17T18:48:05Z,
90.48.180.197,ipv4,malicious-ip,medium,WHITE,ziyadnz/hourly-ipv4,ziyadnz|hourly,2026-08-17T18:48:05Z,2026-08-17T18:48:05Z,
90.48.212.47,ipv4,malicious-ip,medium,WHITE,ziyadnz/hourly-ipv4,ziyadnz|hourly,2026-08-17T18:48:05Z,2026-08-17T18:48:05Z,
90.5.83.193,ipv4,malicious-ip,medium,WHITE,ziyadnz/hourly-ipv4,ziyadnz|hourly,2026-08-17T18:48:05Z,2026-08-17T18:48:05Z,
90.51.142.7,ipv4,malicious-ip,medium,WHITE,ziyadnz/hourly-ipv4,ziyadnz|hourly,2026-08-17T18:48:05Z,2026-08-17T18:48:05Z,
90.51.172.31,ipv4,malicious-ip,medium,WHITE,ziyadnz/hourly-ipv4,ziyadnz|hourly,2026-08-17T18:48:05Z,2026-08-17T18:48:05Z,
90.52.100.31,ipv4,malicious-ip,medium,WHITE,ziyadnz/hourly-ipv4,ziyadnz|hourly,2026-08-17T18:48:05Z,2026-08-17T18:48:05Z,
90.53.176.108,ipv4,malicious-ip,medium,WHITE,ziyadnz/hourly-ipv4,ziyadnz|hourly,2026-08-17T18:48:05Z,2026-08-17T18:48:05Z,
90.58.147.78,ipv4,malicious-ip,medium,WHITE,ziyadnz/hourly-ipv4,ziyadnz|hourly,2026-08-17T18:48:05Z,2026-08-17T18:48:05Z,
90.58.153.135,ipv4,malicious-ip,medium,WHITE,ziyadnz/hourly-ipv4,ziyadnz|hourly,2026-08-17T18:48:05Z,2026-08-17T18:48:05Z,
90.62.84.90,ipv4,malicious-ip,medium,WHITE,ziyadnz/hourly-ipv4,ziyadnz|hourly,2026-08-17T18:48:05Z,2026-08-17T18:48:05Z,
90.63.30.131,ipv4,malicious-ip,medium,WHITE,ziyadnz/hourly-ipv4,ziyadnz|hourly,2026-08-17T18:48:05Z,2026-08-17T18:48:05Z,
90.65.33.97,ipv4,malicious-ip,medium,WHITE,ziyadnz/hourly-ipv4,ziyadnz|hourly,2026-08-17T18:48:05Z,2026-08-17T18:48:05Z,
90.7.222.223,ipv4,malicious-ip,medium,WHITE,ziyadnz/hourly-ipv4,ziyadnz|hourly,2026-08-17T18:48:05Z,2026-08-17T18:48:05Z,
90.70.74.156,ipv4,malicious-ip,medium,WHITE,ziyadnz/hourly-ipv4,ziyadnz|hourly,2026-08-17T18:48:05Z,2026-08-17T18:48:05Z,
90.76.85.88,ipv4,malicious-ip,medium,WHITE,ziyadnz/hourly-ipv4,ziyadnz|hourly,2026-08-17T18:48:05Z,2026-08-17T18:48:05Z,
90.78.64.213,ipv4,malicious-ip,medium,WHITE,ziyadnz/hourly-ipv4,ziyadnz|hourly,2026-08-17T18:48:05Z,2026-08-17T18:48:05Z,
90.79.249.187,ipv4,malicious-ip,medium,WHITE,ziyadnz/hourly-ipv4,ziyadnz|hourly,2026-08-17T18:48:05Z,2026-08-17T18:48:05Z,
90.8.53.52,ipv4,malicious-ip,medium,WHITE,ziyadnz/hourly-ipv4,ziyadnz|hourly,2026-08-17T18:48:05Z,2026-08-17T18:48:05Z,
90.84.231.142,ipv4,malicious-ip,medium,WHITE,ziyadnz/hourly-ipv4,ziyadnz|hourly,2026-08-17T18:48:05Z,2026-08-17T18:48:05Z,
90.89.95.158,ipv4,malicious-ip,medium,WHITE,ziyadnz/hourly-ipv4,ziyadnz|hourly,2026-08-17T18:48:05Z,2026-08-17T18:48:05Z,
90.90.176.236,ipv4,malicious-ip,medium,WHITE,ziyadnz/hourly-ipv4,ziyadnz|hourly,2026-08-17T18:48:05Z,2026-08-17T18:48:05Z,
90.90.89.21,ipv4,malicious-ip,medium,WHITE,ziyadnz/hourly-ipv4,ziyadnz|hourly,2026-08-17T18:48:05Z,2026-08-17T18:48:05Z,
90.91.241.144,ipv4,malicious-ip,medium,WHITE,ziyadnz/hourly-ipv4,ziyadnz|hourly,2026-08-17T18:48:05Z,2026-08-17T18:48:05Z,
90.92.12.163,ipv4,malicious-ip,medium,WHITE,ziyadnz/hourly-ipv4,ziyadnz|hourly,2026-08-17T18:48:05Z,2026-08-17T18:48:05Z,
90.93.2.150,ipv4,malicious-ip,medium,WHITE,ziyadnz/hourly-ipv4,ziyadnz|hourly,2026-08-17T18:48:05Z,2026-08-17T18:48:05Z,
90.94.234.169,ipv4,malicious-ip,medium,WHITE,ziyadnz/hourly-ipv4,ziyadnz|hourly,2026-08-17T18:48:05Z,2026-08-17T18:48:05Z,
91.0.160.163,ipv4,malicious-ip,medium,WHITE,ziyadnz/hourly-ipv4,ziyadnz|hourly,2026-08-17T18:48:05Z,2026-08-17T18:48:05Z,
91.0.169.95,ipv4,malicious-ip,medium,WHITE,ziyadnz/hourly-ipv4,ziyadnz|hourly,2026-08-17T18:48:05Z,2026-08-17T18:48:05Z,
91.100.95.30,ipv4,malicious-ip,medium,WHITE,ziyadnz/hourly-ipv4,ziyadnz|hourly,2026-08-17T18:48:05Z,2026-08-17T18:48:05Z,
91.102.161.18,ipv4,malicious-ip,medium,WHITE,ziyadnz/hourly-ipv4,ziyadnz|hourly,2026-08-17T18:48:05Z,2026-08-17T18:48:05Z,
91.102.178.141,ipv4,malicious-ip,medium,WHITE,ziyadnz/hourly-ipv4,ziyadnz|hourly,2026-08-17T18:48:05Z,2026-08-17T18:48:05Z,
91.103.160.73,ipv4,malicious-ip,medium,WHITE,ziyadnz/hourly-ipv4,ziyadnz|hourly,2026-08-17T18:48:05Z,2026-08-17T18:48:05Z,
91.103.250.29,ipv4,malicious-ip,medium,WHITE,ziyadnz/hourly-ipv4,ziyadnz|hourly,2026-08-17T18:48:05Z,2026-08-17T18:48:05Z,
91.103.252.109,ipv4,malicious-ip,medium,WHITE,ziyadnz/hourly-ipv4,ziyadnz|hourly,2026-08-17T18:48:05Z,2026-08-17T18:48:05Z,
91.103.252.114,ipv4,malicious-ip,medium,WHITE,ziyadnz/hourly-ipv4,ziyadnz|hourly,2026-08-17T18:48:05Z,2026-08-17T18:48:05Z,
91.103.252.130,ipv4,malicious-ip,medium,WHITE,ziyadnz/hourly-ipv4,ziyadnz|hourly,2026-08-17T18:48:05Z,2026-08-17T18:48:05Z,
91.103.252.165,ipv4,malicious-ip,medium,WHITE,ziyadnz/hourly-ipv4,ziyadnz|hourly,2026-08-17T18:48:05Z,2026-08-17T18:48:05Z,
91.103.252.167,ipv4,malicious-ip,medium,WHITE,ziyadnz/hourly-ipv4,ziyadnz|hourly,2026-08-17T18:48:05Z,2026-08-17T18:48:05Z,
91.103.252.189,ipv4,malicious-ip,medium,WHITE,ziyadnz/hourly-ipv4,ziyadnz|hourly,2026-08-17T18:48:05Z,2026-08-17T18:48:05Z,
91.103.252.193,ipv4,malicious-ip,medium,WHITE,ziyadnz/hourly-ipv4,ziyadnz|hourly,2026-08-17T18:48:05Z,2026-08-17T18:48:05Z,
91.103.252.206,ipv4,malicious-ip,medium,WHITE,ziyadnz/hourly-ipv4,ziyadnz|hourly,2026-08-17T18:48:05Z,2026-08-17T18:48:05Z,
91.103.252.230,ipv4,malicious-ip,medium,WHITE,ziyadnz/hourly-ipv4,ziyadnz|hourly,2026-08-17T18:48:05Z,2026-08-17T18:48:05Z,
91.103.252.231,ipv4,malicious-ip,medium,WHITE,ziyadnz/hourly-ipv4,ziyadnz|hourly,2026-08-17T18:48:05Z,2026-08-17T18:48:05Z,
91.103.252.3,ipv4,malicious-ip,medium,WHITE,ziyadnz/hourly-ipv4,ziyadnz|hourly,2026-08-17T18:48:05Z,2026-08-17T18:48:05Z,
91.103.252.35,ipv4,malicious-ip,medium,WHITE,ziyadnz/hourly-ipv4,ziyadnz|hourly,2026-08-17T18:48:05Z,2026-08-17T18:48:05Z,
91.103.252.48,ipv4,malicious-ip,medium,WHITE,ziyadnz/hourly-ipv4,ziyadnz|hourly,2026-08-17T18:48:05Z,2026-08-17T18:48:05Z,
91.103.252.65,ipv4,malicious-ip,medium,WHITE,ziyadnz/hourly-ipv4,ziyadnz|hourly,2026-08-17T18:48:05Z,2026-08-17T18:48:05Z,
91.103.252.8,ipv4,malicious-ip,medium,WHITE,ziyadnz/hourly-ipv4,ziyadnz|hourly,2026-08-17T18:48:05Z,2026-08-17T18:48:05Z,
91.106.247.29,ipv4,malicious-ip,medium,WHITE,ziyadnz/hourly-ipv4,ziyadnz|hourly,2026-08-17T18:48:05Z,2026-08-17T18:48:05Z,
91.107.132.30,ipv4,malicious-ip,medium,WHITE,ziyadnz/hourly-ipv4,ziyadnz|hourly,2026-08-17T18:48:05Z,2026-08-17T18:48:05Z,
91.107.137.73,ipv4,malicious-ip,medium,WHITE,ziyadnz/hourly-ipv4,ziyadnz|hourly,2026-08-17T18:48:05Z,2026-08-17T18:48:05Z,
91.107.150.184,ipv4,malicious-ip,medium,WHITE,ziyadnz/hourly-ipv4,ziyadnz|hourly,2026-08-17T18:48:05Z,2026-08-17T18:48:05Z,
91.107.156.138,ipv4,malicious-ip,medium,WHITE,ziyadnz/hourly-ipv4,ziyadnz|hourly,2026-08-17T18:48:05Z,2026-08-17T18:48:05Z,
91.107.170.183,ipv4,malicious-ip,medium,WHITE,ziyadnz/hourly-ipv4,ziyadnz|hourly,2026-08-17T18:48:05Z,2026-08-17T18:48:05Z,
91.107.174.190,ipv4,malicious-ip,medium,WHITE,ziyadnz/hourly-ipv4,ziyadnz|hourly,2026-08-17T18:48:05Z,2026-08-17T18:48:05Z,
91.107.177.206,ipv4,malicious-ip,medium,WHITE,ziyadnz/hourly-ipv4,ziyadnz|hourly,2026-08-17T18:48:05Z,2026-08-17T18:48:05Z,
91.107.200.30,ipv4,malicious-ip,medium,WHITE,ziyadnz/hourly-ipv4,ziyadnz|hourly,2026-08-17T18:48:05Z,2026-08-17T18:48:05Z,
91.107.221.88,ipv4,malicious-ip,medium,WHITE,ziyadnz/hourly-ipv4,ziyadnz|hourly,2026-08-17T18:48:05Z,2026-08-17T18:48:05Z,
91.107.244.33,ipv4,malicious-ip,medium,WHITE,ziyadnz/hourly-ipv4,ziyadnz|hourly,2026-08-17T18:48:05Z,2026-08-17T18:48:05Z,
91.107.251.176,ipv4,malicious-ip,medium,WHITE,ziyadnz/hourly-ipv4,ziyadnz|hourly,2026-08-17T18:48:05Z,2026-08-17T18:48:05Z,
91.107.254.4,ipv4,malicious-ip,medium,WHITE,ziyadnz/hourly-ipv4,ziyadnz|hourly,2026-08-17T18:48:05Z,2026-08-17T18:48:05Z,
91.108.106.229,ipv4,malicious-ip,medium,WHITE,ziyadnz/hourly-ipv4,ziyadnz|hourly,2026-08-17T18:48:05Z,2026-08-17T18:48:05Z,
91.108.240.52,ipv4,malicious-ip,medium,WHITE,ziyadnz/hourly-ipv4,ziyadnz|hourly,2026-08-17T18:48:05Z,2026-08-17T18:48:05Z,
91.108.244.85,ipv4,malicious-ip,medium,WHITE,ziyadnz/hourly-ipv4,ziyadnz|hourly,2026-08-17T18:48:05Z,2026-08-17T18:48:05Z,
91.108.82.101,ipv4,malicious-ip,medium,WHITE,ziyadnz/hourly-ipv4,ziyadnz|hourly,2026-08-17T18:48:05Z,2026-08-17T18:48:05Z,
91.109.114.213,ipv4,malicious-ip,medium,WHITE,ziyadnz/hourly-ipv4,ziyadnz|hourly,2026-08-17T18:48:05Z,2026-08-17T18:48:05Z,
91.109.163.148,ipv4,malicious-ip,medium,WHITE,ziyadnz/hourly-ipv4,ziyadnz|hourly,2026-08-17T18:48:05Z,2026-08-17T18:48:05Z,
91.109.178.14,ipv4,malicious-ip,medium,WHITE,ziyadnz/hourly-ipv4,ziyadnz|hourly,2026-08-17T18:48:05Z,2026-08-17T18:48:05Z,
91.109.180.3,ipv4,malicious-ip,medium,WHITE,ziyadnz/hourly-ipv4,ziyadnz|hourly,2026-08-17T18:48:05Z,2026-08-17T18:48:05Z,
91.109.180.4,ipv4,malicious-ip,medium,WHITE,ziyadnz/hourly-ipv4,ziyadnz|hourly,2026-08-17T18:48:05Z,2026-08-17T18:48:05Z,
91.109.190.8,ipv4,malicious-ip,medium,WHITE,ziyadnz/hourly-ipv4,ziyadnz|hourly,2026-08-17T18:48:05Z,2026-08-17T18:48:05Z,
91.109.20.161,ipv4,malicious-ip,medium,WHITE,ziyadnz/hourly-ipv4,ziyadnz|hourly,2026-08-17T18:48:05Z,2026-08-17T18:48:05Z,
91.109.201.223,ipv4,malicious-ip,medium,WHITE,ziyadnz/hourly-ipv4,ziyadnz|hourly,2026-08-17T18:48:05Z,2026-08-17T18:48:05Z,
91.116.112.22,ipv4,malicious-ip,medium,WHITE,ziyadnz/hourly-ipv4,ziyadnz|hourly,2026-08-17T18:48:05Z,2026-08-17T18:48:05Z,
91.116.159.144,ipv4,malicious-ip,medium,WHITE,ziyadnz/hourly-ipv4,ziyadnz|hourly,2026-08-17T18:48:05Z,2026-08-17T18:48:05Z,
91.120.165.195,ipv4,malicious-ip,medium,WHITE,ziyadnz/hourly-ipv4,ziyadnz|hourly,2026-08-17T18:48:05Z,2026-08-17T18:48:05Z,
91.121.116.137,ipv4,malicious-ip,medium,WHITE,ziyadnz/hourly-ipv4,ziyadnz|hourly,2026-08-17T18:48:05Z,2026-08-17T18:48:05Z,
91.121.118.80,ipv4,malicious-ip,medium,WHITE,ziyadnz/hourly-ipv4,ziyadnz|hourly,2026-08-17T18:48:05Z,2026-08-17T18:48:05Z,
91.121.140.167,ipv4,malicious-ip,medium,WHITE,ziyadnz/hourly-ipv4,ziyadnz|hourly,2026-08-17T18:48:05Z,2026-08-17T18:48:05Z,
91.121.171.208,ipv4,malicious-ip,medium,WHITE,ziyadnz/hourly-ipv4,ziyadnz|hourly,2026-08-17T18:48:05Z,2026-08-17T18:48:05Z,
91.121.2.76,ipv4,malicious-ip,medium,WHITE,ziyadnz/hourly-ipv4,ziyadnz|hourly,2026-08-17T18:48:05Z,2026-08-17T18:48:05Z,
91.121.30.185,ipv4,malicious-ip,medium,WHITE,ziyadnz/hourly-ipv4,ziyadnz|hourly,2026-08-17T18:48:05Z,2026-08-17T18:48:05Z,
91.121.63.97,ipv4,malicious-ip,medium,WHITE,ziyadnz/hourly-ipv4,ziyadnz|hourly,2026-08-17T18:48:05Z,2026-08-17T18:48:05Z,
91.121.87.10,ipv4,malicious-ip,medium,WHITE,ziyadnz/hourly-ipv4,ziyadnz|hourly,2026-08-17T18:48:05Z,2026-08-17T18:48:05Z,
91.122.136.84,ipv4,malicious-ip,medium,WHITE,ziyadnz/hourly-ipv4,ziyadnz|hourly,2026-08-17T18:48:05Z,2026-08-17T18:48:05Z,
91.122.31.16,ipv4,malicious-ip,medium,WHITE,ziyadnz/hourly-ipv4,ziyadnz|hourly,2026-08-17T18:48:05Z,2026-08-17T18:48:05Z,
91.122.53.173,ipv4,malicious-ip,medium,WHITE,ziyadnz/hourly-ipv4,ziyadnz|hourly,2026-08-17T18:48:05Z,2026-08-17T18:48:05Z,
91.123.151.122,ipv4,malicious-ip,medium,WHITE,ziyadnz/hourly-ipv4,ziyadnz|hourly,2026-08-17T18:48:05Z,2026-08-17T18:48:05Z,
91.123.154.43,ipv4,malicious-ip,medium,WHITE,ziyadnz/hourly-ipv4,ziyadnz|hourly,2026-08-17T18:48:05Z,2026-08-17T18:48:05Z,
91.123.18.106,ipv4,malicious-ip,medium,WHITE,ziyadnz/hourly-ipv4,ziyadnz|hourly,2026-08-17T18:48:05Z,2026-08-17T18:48:05Z,
91.124.88.0,ipv4,malicious-ip,medium,WHITE,ziyadnz/hourly-ipv4,ziyadnz|hourly,2026-08-17T18:48:05Z,2026-08-17T18:48:05Z,
91.124.88.10,ipv4,malicious-ip,medium,WHITE,ziyadnz/hourly-ipv4,ziyadnz|hourly,2026-08-17T18:48:05Z,2026-08-17T18:48:05Z,
91.124.88.12,ipv4,malicious-ip,medium,WHITE,ziyadnz/hourly-ipv4,ziyadnz|hourly,2026-08-17T18:48:05Z,2026-08-17T18:48:05Z,
91.124.88.17,ipv4,malicious-ip,medium,WHITE,ziyadnz/hourly-ipv4,ziyadnz|hourly,2026-08-17T18:48:05Z,2026-08-17T18:48:05Z,
91.124.88.39,ipv4,malicious-ip,medium,WHITE,ziyadnz/hourly-ipv4,ziyadnz|hourly,2026-08-17T18:48:05Z,2026-08-17T18:48:05Z,
91.124.88.40,ipv4,malicious-ip,medium,WHITE,ziyadnz/hourly-ipv4,ziyadnz|hourly,2026-08-17T18:48:05Z,2026-08-17T18:48:05Z,
91.124.88.43,ipv4,malicious-ip,medium,WHITE,ziyadnz/hourly-ipv4,ziyadnz|hourly,2026-08-17T18:48:05Z,2026-08-17T18:48:05Z,
91.124.88.45,ipv4,malicious-ip,medium,WHITE,ziyadnz/hourly-ipv4,ziyadnz|hourly,2026-08-17T18:48:05Z,2026-08-17T18:48:05Z,
91.124.88.49,ipv4,malicious-ip,medium,WHITE,ziyadnz/hourly-ipv4,ziyadnz|hourly,2026-08-17T18:48:05Z,2026-08-17T18:48:05Z,
91.124.88.8,ipv4,malicious-ip,medium,WHITE,ziyadnz/hourly-ipv4,ziyadnz|hourly,2026-08-17T18:48:05Z,2026-08-17T18:48:05Z,
91.125.113.14,ipv4,malicious-ip,medium,WHITE,ziyadnz/hourly-ipv4,ziyadnz|hourly,2026-08-17T18:48:05Z,2026-08-17T18:48:05Z,
91.126.198.75,ipv4,malicious-ip,medium,WHITE,ziyadnz/hourly-ipv4,ziyadnz|hourly,2026-08-17T18:48:05Z,2026-08-17T18:48:05Z,
91.126.40.196,ipv4,malicious-ip,medium,WHITE,ziyadnz/hourly-ipv4,ziyadnz|hourly,2026-08-17T18:48:05Z,2026-08-17T18:48:05Z,
91.126.40.26,ipv4,malicious-ip,medium,WHITE,ziyadnz/hourly-ipv4,ziyadnz|hourly,2026-08-17T18:48:05Z,2026-08-17T18:48:05Z,
91.127.221.221,ipv4,malicious-ip,medium,WHITE,ziyadnz/hourly-ipv4,ziyadnz|hourly,2026-08-17T18:48:05Z,2026-08-17T18:48:05Z,
91.130.22.196,ipv4,malicious-ip,medium,WHITE,ziyadnz/hourly-ipv4,ziyadnz|hourly,2026-08-17T18:48:05Z,2026-08-17T18:48:05Z,
91.130.56.183,ipv4,malicious-ip,medium,WHITE,ziyadnz/hourly-ipv4,ziyadnz|hourly,2026-08-17T18:48:05Z,2026-08-17T18:48:05Z,
91.132.144.59,ipv4,malicious-ip,medium,WHITE,ziyadnz/hourly-ipv4,ziyadnz|hourly,2026-08-17T18:48:05Z,2026-08-17T18:48:05Z,
91.132.224.196,ipv4,malicious-ip,medium,WHITE,ziyadnz/hourly-ipv4,ziyadnz|hourly,2026-08-17T18:48:05Z,2026-08-17T18:48:05Z,
91.132.48.208,ipv4,malicious-ip,medium,WHITE,ziyadnz/hourly-ipv4,ziyadnz|hourly,2026-08-17T18:48:05Z,2026-08-17T18:48:05Z,
91.132.92.35,ipv4,malicious-ip,medium,WHITE,ziyadnz/hourly-ipv4,ziyadnz|hourly,2026-08-17T18:48:05Z,2026-08-17T18:48:05Z,
91.132.92.90,ipv4,malicious-ip,medium,WHITE,ziyadnz/hourly-ipv4,ziyadnz|hourly,2026-08-17T18:48:05Z,2026-08-17T18:48:05Z,
91.132.95.117,ipv4,malicious-ip,medium,WHITE,ziyadnz/hourly-ipv4,ziyadnz|hourly,2026-08-17T18:48:05Z,2026-08-17T18:48:05Z,
91.132.95.60,ipv4,malicious-ip,medium,WHITE,ziyadnz/hourly-ipv4,ziyadnz|hourly,2026-08-17T18:48:05Z,2026-08-17T18:48:05Z,
91.134.138.62,ipv4,malicious-ip,medium,WHITE,ziyadnz/hourly-ipv4,ziyadnz|hourly,2026-08-17T18:48:05Z,2026-08-17T18:48:05Z,
91.134.141.153,ipv4,malicious-ip,medium,WHITE,ziyadnz/hourly-ipv4,ziyadnz|hourly,2026-08-17T18:48:05Z,2026-08-17T18:48:05Z,
91.134.143.58,ipv4,malicious-ip,medium,WHITE,ziyadnz/hourly-ipv4,ziyadnz|hourly,2026-08-17T18:48:05Z,2026-08-17T18:48:05Z,
91.134.255.222,ipv4,malicious-ip,medium,WHITE,ziyadnz/hourly-ipv4,ziyadnz|hourly,2026-08-17T18:48:05Z,2026-08-17T18:48:05Z,
91.134.96.177,ipv4,malicious-ip,medium,WHITE,ziyadnz/hourly-ipv4,ziyadnz|hourly,2026-08-17T18:48:05Z,2026-08-17T18:48:05Z,
91.137.217.169,ipv4,malicious-ip,medium,WHITE,ziyadnz/hourly-ipv4,ziyadnz|hourly,2026-08-17T18:48:05Z,2026-08-17T18:48:05Z,
91.140.63.207,ipv4,malicious-ip,medium,WHITE,ziyadnz/hourly-ipv4,ziyadnz|hourly,2026-08-17T18:48:05Z,2026-08-17T18:48:05Z,
91.142.195.146,ipv4,malicious-ip,medium,WHITE,ziyadnz/hourly-ipv4,ziyadnz|hourly,2026-08-17T18:48:05Z,2026-08-17T18:48:05Z,
91.142.210.175,ipv4,malicious-ip,medium,WHITE,ziyadnz/hourly-ipv4,ziyadnz|hourly,2026-08-17T18:48:05Z,2026-08-17T18:48:05Z,
91.142.73.116,ipv4,malicious-ip,medium,WHITE,ziyadnz/hourly-ipv4,ziyadnz|hourly,2026-08-17T18:48:05Z,2026-08-17T18:48:05Z,
91.142.73.178,ipv4,malicious-ip,medium,WHITE,ziyadnz/hourly-ipv4,ziyadnz|hourly,2026-08-17T18:48:05Z,2026-08-17T18:48:05Z,
91.142.74.87,ipv4,malicious-ip,medium,WHITE,ziyadnz/hourly-ipv4,ziyadnz|hourly,2026-08-17T18:48:05Z,2026-08-17T18:48:05Z,
91.143.138.33,ipv4,malicious-ip,medium,WHITE,ziyadnz/hourly-ipv4,ziyadnz|hourly,2026-08-17T18:48:05Z,2026-08-17T18:48:05Z,
91.143.161.208,ipv4,malicious-ip,medium,WHITE,ziyadnz/hourly-ipv4,ziyadnz|hourly,2026-08-17T18:48:05Z,2026-08-17T18:48:05Z,
91.144.158.62,ipv4,malicious-ip,medium,WHITE,ziyadnz/hourly-ipv4,ziyadnz|hourly,2026-08-17T18:48:05Z,2026-08-17T18:48:05Z,
91.144.18.230,ipv4,malicious-ip,medium,WHITE,ziyadnz/hourly-ipv4,ziyadnz|hourly,2026-08-17T18:48:05Z,2026-08-17T18:48:05Z,
91.144.32.178,ipv4,malicious-ip,medium,WHITE,ziyadnz/hourly-ipv4,ziyadnz|hourly,2026-08-17T18:48:05Z,2026-08-17T18:48:05Z,
91.146.10.29,ipv4,malicious-ip,medium,WHITE,ziyadnz/hourly-ipv4,ziyadnz|hourly,2026-08-17T18:48:05Z,2026-08-17T18:48:05Z,
91.146.24.164,ipv4,malicious-ip,medium,WHITE,ziyadnz/hourly-ipv4,ziyadnz|hourly,2026-08-17T18:48:05Z,2026-08-17T18:48:05Z,
91.146.28.230,ipv4,malicious-ip,medium,WHITE,ziyadnz/hourly-ipv4,ziyadnz|hourly,2026-08-17T18:48:05Z,2026-08-17T18:48:05Z,
91.146.5.240,ipv4,malicious-ip,medium,WHITE,ziyadnz/hourly-ipv4,ziyadnz|hourly,2026-08-17T18:48:05Z,2026-08-17T18:48:05Z,
91.147.40.118,ipv4,malicious-ip,medium,WHITE,ziyadnz/hourly-ipv4,ziyadnz|hourly,2026-08-17T18:48:05Z,2026-08-17T18:48:05Z,
91.147.90.36,ipv4,malicious-ip,medium,WHITE,ziyadnz/hourly-ipv4,ziyadnz|hourly,2026-08-17T18:48:05Z,2026-08-17T18:48:05Z,
91.148.135.198,ipv4,malicious-ip,medium,WHITE,ziyadnz/hourly-ipv4,ziyadnz|hourly,2026-08-17T18:48:05Z,2026-08-17T18:48:05Z,
91.148.190.150,ipv4,malicious-ip,medium,WHITE,ziyadnz/hourly-ipv4,ziyadnz|hourly,2026-08-17T18:48:05Z,2026-08-17T18:48:05Z,
91.148.224.34,ipv4,malicious-ip,medium,WHITE,ziyadnz/hourly-ipv4,ziyadnz|hourly,2026-08-17T18:48:05Z,2026-08-17T18:48:05Z,
91.149.202.154,ipv4,malicious-ip,medium,WHITE,ziyadnz/hourly-ipv4,ziyadnz|hourly,2026-08-17T18:48:05Z,2026-08-17T18:48:05Z,
91.149.202.215,ipv4,malicious-ip,medium,WHITE,ziyadnz/hourly-ipv4,ziyadnz|hourly,2026-08-17T18:48:05Z,2026-08-17T18:48:05Z,
91.149.203.73,ipv4,malicious-ip,medium,WHITE,ziyadnz/hourly-ipv4,ziyadnz|hourly,2026-08-17T18:48:05Z,2026-08-17T18:48:05Z,
91.149.218.232,ipv4,malicious-ip,medium,WHITE,ziyadnz/hourly-ipv4,ziyadnz|hourly,2026-08-17T18:48:05Z,2026-08-17T18:48:05Z,
91.149.219.158,ipv4,malicious-ip,medium,WHITE,ziyadnz/hourly-ipv4,ziyadnz|hourly,2026-08-17T18:48:05Z,2026-08-17T18:48:05Z,
91.149.219.23,ipv4,malicious-ip,medium,WHITE,ziyadnz/hourly-ipv4,ziyadnz|hourly,2026-08-17T18:48:05Z,2026-08-17T18:48:05Z,
91.149.221.124,ipv4,malicious-ip,medium,WHITE,ziyadnz/hourly-ipv4,ziyadnz|hourly,2026-08-17T18:48:05Z,2026-08-17T18:48:05Z,
91.149.223.130,ipv4,malicious-ip,medium,WHITE,ziyadnz/hourly-ipv4,ziyadnz|hourly,2026-08-17T18:48:05Z,2026-08-17T18:48:05Z,
91.149.238.18,ipv4,malicious-ip,medium,WHITE,ziyadnz/hourly-ipv4,ziyadnz|hourly,2026-08-17T18:48:05Z,2026-08-17T18:48:05Z,
91.149.239.242,ipv4,malicious-ip,medium,WHITE,ziyadnz/hourly-ipv4,ziyadnz|hourly,2026-08-17T18:48:05Z,2026-08-17T18:48:05Z,
91.149.241.103,ipv4,malicious-ip,medium,WHITE,ziyadnz/hourly-ipv4,ziyadnz|hourly,2026-08-17T18:48:05Z,2026-08-17T18:48:05Z,
91.149.253.118,ipv4,malicious-ip,medium,WHITE,ziyadnz/hourly-ipv4,ziyadnz|hourly,2026-08-17T18:48:05Z,2026-08-17T18:48:05Z,
91.149.253.134,ipv4,malicious-ip,medium,WHITE,ziyadnz/hourly-ipv4,ziyadnz|hourly,2026-08-17T18:48:05Z,2026-08-17T18:48:05Z,
91.149.253.198,ipv4,malicious-ip,medium,WHITE,ziyadnz/hourly-ipv4,ziyadnz|hourly,2026-08-17T18:48:05Z,2026-08-17T18:48:05Z,
91.149.253.20,ipv4,malicious-ip,medium,WHITE,ziyadnz/hourly-ipv4,ziyadnz|hourly,2026-08-17T18:48:05Z,2026-08-17T18:48:05Z,
91.149.253.204,ipv4,malicious-ip,medium,WHITE,ziyadnz/hourly-ipv4,ziyadnz|hourly,2026-08-17T18:48:05Z,2026-08-17T18:48:05Z,
91.149.253.99,ipv4,malicious-ip,medium,WHITE,ziyadnz/hourly-ipv4,ziyadnz|hourly,2026-08-17T18:48:05Z,2026-08-17T18:48:05Z,
91.149.254.75,ipv4,malicious-ip,medium,WHITE,ziyadnz/hourly-ipv4,ziyadnz|hourly,2026-08-17T18:48:05Z,2026-08-17T18:48:05Z,
91.149.255.122,ipv4,malicious-ip,medium,WHITE,ziyadnz/hourly-ipv4,ziyadnz|hourly,2026-08-17T18:48:05Z,2026-08-17T18:48:05Z,
91.149.255.19,ipv4,malicious-ip,medium,WHITE,ziyadnz/hourly-ipv4,ziyadnz|hourly,2026-08-17T18:48:05Z,2026-08-17T18:48:05Z,
91.149.255.195,ipv4,malicious-ip,medium,WHITE,ziyadnz/hourly-ipv4,ziyadnz|hourly,2026-08-17T18:48:05Z,2026-08-17T18:48:05Z,
91.149.51.146,ipv4,malicious-ip,medium,WHITE,ziyadnz/hourly-ipv4,ziyadnz|hourly,2026-08-17T18:48:05Z,2026-08-17T18:48:05Z,
91.150.90.241,ipv4,malicious-ip,medium,WHITE,ziyadnz/hourly-ipv4,ziyadnz|hourly,2026-08-17T18:48:05Z,2026-08-17T18:48:05Z,
91.151.82.35,ipv4,malicious-ip,medium,WHITE,ziyadnz/hourly-ipv4,ziyadnz|hourly,2026-08-17T18:48:05Z,2026-08-17T18:48:05Z,
91.151.88.63,ipv4,malicious-ip,medium,WHITE,ziyadnz/hourly-ipv4,ziyadnz|hourly,2026-08-17T18:48:05Z,2026-08-17T18:48:05Z,
91.151.95.146,ipv4,malicious-ip,medium,WHITE,ziyadnz/hourly-ipv4,ziyadnz|hourly,2026-08-17T18:48:05Z,2026-08-17T18:48:05Z,
91.157.26.91,ipv4,malicious-ip,medium,WHITE,ziyadnz/hourly-ipv4,ziyadnz|hourly,2026-08-17T18:48:05Z,2026-08-17T18:48:05Z,
91.165.188.74,ipv4,malicious-ip,medium,WHITE,ziyadnz/hourly-ipv4,ziyadnz|hourly,2026-08-17T18:48:05Z,2026-08-17T18:48:05Z,
91.170.71.197,ipv4,malicious-ip,medium,WHITE,ziyadnz/hourly-ipv4,ziyadnz|hourly,2026-08-17T18:48:05Z,2026-08-17T18:48:05Z,
91.170.9.78,ipv4,malicious-ip,medium,WHITE,ziyadnz/hourly-ipv4,ziyadnz|hourly,2026-08-17T18:48:05Z,2026-08-17T18:48:05Z,
91.174.22.150,ipv4,malicious-ip,medium,WHITE,ziyadnz/hourly-ipv4,ziyadnz|hourly,2026-08-17T18:48:05Z,2026-08-17T18:48:05Z,
91.174.55.220,ipv4,malicious-ip,medium,WHITE,ziyadnz/hourly-ipv4,ziyadnz|hourly,2026-08-17T18:48:05Z,2026-08-17T18:48:05Z,
91.176.180.251,ipv4,malicious-ip,medium,WHITE,ziyadnz/hourly-ipv4,ziyadnz|hourly,2026-08-17T18:48:05Z,2026-08-17T18:48:05Z,
91.176.200.0,ipv4,malicious-ip,medium,WHITE,ziyadnz/hourly-ipv4,ziyadnz|hourly,2026-08-17T18:48:05Z,2026-08-17T18:48:05Z,
91.184.197.54,ipv4,malicious-ip,medium,WHITE,ziyadnz/hourly-ipv4,ziyadnz|hourly,2026-08-17T18:48:05Z,2026-08-17T18:48:05Z,
91.184.249.81,ipv4,malicious-ip,medium,WHITE,ziyadnz/hourly-ipv4,ziyadnz|hourly,2026-08-17T18:48:05Z,2026-08-17T18:48:05Z,
91.186.120.163,ipv4,malicious-ip,medium,WHITE,ziyadnz/hourly-ipv4,ziyadnz|hourly,2026-08-17T18:48:05Z,2026-08-17T18:48:05Z,
91.186.197.238,ipv4,malicious-ip,medium,WHITE,ziyadnz/hourly-ipv4,ziyadnz|hourly,2026-08-17T18:48:05Z,2026-08-17T18:48:05Z,
91.186.210.254,ipv4,malicious-ip,medium,WHITE,ziyadnz/hourly-ipv4,ziyadnz|hourly,2026-08-17T18:48:05Z,2026-08-17T18:48:05Z,
91.186.212.113,ipv4,malicious-ip,medium,WHITE,ziyadnz/hourly-ipv4,ziyadnz|hourly,2026-08-17T18:48:05Z,2026-08-17T18:48:05Z,
91.186.247.20,ipv4,malicious-ip,medium,WHITE,ziyadnz/hourly-ipv4,ziyadnz|hourly,2026-08-17T18:48:05Z,2026-08-17T18:48:05Z,
91.186.253.120,ipv4,malicious-ip,medium,WHITE,ziyadnz/hourly-ipv4,ziyadnz|hourly,2026-08-17T18:48:05Z,2026-08-17T18:48:05Z,
91.187.123.160,ipv4,malicious-ip,medium,WHITE,ziyadnz/hourly-ipv4,ziyadnz|hourly,2026-08-17T18:48:05Z,2026-08-17T18:48:05Z,
91.187.148.42,ipv4,malicious-ip,medium,WHITE,ziyadnz/hourly-ipv4,ziyadnz|hourly,2026-08-17T18:48:05Z,2026-08-17T18:48:05Z,
91.188.157.105,ipv4,malicious-ip,medium,WHITE,ziyadnz/hourly-ipv4,ziyadnz|hourly,2026-08-17T18:48:05Z,2026-08-17T18:48:05Z,
91.188.254.238,ipv4,malicious-ip,medium,WHITE,ziyadnz/hourly-ipv4,ziyadnz|hourly,2026-08-17T18:48:05Z,2026-08-17T18:48:05Z,
91.189.158.160,ipv4,malicious-ip,medium,WHITE,ziyadnz/hourly-ipv4,ziyadnz|hourly,2026-08-17T18:48:05Z,2026-08-17T18:48:05Z,
91.19.150.63,ipv4,malicious-ip,medium,WHITE,ziyadnz/hourly-ipv4,ziyadnz|hourly,2026-08-17T18:48:05Z,2026-08-17T18:48:05Z,
91.190.191.117,ipv4,malicious-ip,medium,WHITE,ziyadnz/hourly-ipv4,ziyadnz|hourly,2026-08-17T18:48:05Z,2026-08-17T18:48:05Z,
91.191.209.118,ipv4,malicious-ip,medium,WHITE,ziyadnz/hourly-ipv4,ziyadnz|hourly,2026-08-17T18:48:05Z,2026-08-17T18:48:05Z,
91.191.209.198,ipv4,malicious-ip,medium,WHITE,ziyadnz/hourly-ipv4,ziyadnz|hourly,2026-08-17T18:48:05Z,2026-08-17T18:48:05Z,
91.191.209.46,ipv4,malicious-ip,medium,WHITE,ziyadnz/hourly-ipv4,ziyadnz|hourly,2026-08-17T18:48:05Z,2026-08-17T18:48:05Z,
91.191.209.9,ipv4,malicious-ip,medium,WHITE,ziyadnz/hourly-ipv4,ziyadnz|hourly,2026-08-17T18:48:05Z,2026-08-17T18:48:05Z,
91.191.209.98,ipv4,malicious-ip,medium,WHITE,ziyadnz/hourly-ipv4,ziyadnz|hourly,2026-08-17T18:48:05Z,2026-08-17T18:48:05Z,
91.191.230.210,ipv4,malicious-ip,medium,WHITE,ziyadnz/hourly-ipv4,ziyadnz|hourly,2026-08-17T18:48:05Z,2026-08-17T18:48:05Z,
91.191.251.162,ipv4,malicious-ip,medium,WHITE,ziyadnz/hourly-ipv4,ziyadnz|hourly,2026-08-17T18:48:05Z,2026-08-17T18:48:05Z,
91.192.204.163,ipv4,malicious-ip,medium,WHITE,ziyadnz/hourly-ipv4,ziyadnz|hourly,2026-08-17T18:48:05Z,2026-08-17T18:48:05Z,
91.192.204.75,ipv4,malicious-ip,medium,WHITE,ziyadnz/hourly-ipv4,ziyadnz|hourly,2026-08-17T18:48:05Z,2026-08-17T18:48:05Z,
91.192.206.19,ipv4,malicious-ip,medium,WHITE,ziyadnz/hourly-ipv4,ziyadnz|hourly,2026-08-17T18:48:05Z,2026-08-17T18:48:05Z,
91.192.46.148,ipv4,malicious-ip,medium,WHITE,ziyadnz/hourly-ipv4,ziyadnz|hourly,2026-08-17T18:48:05Z,2026-08-17T18:48:05Z,
91.192.6.238,ipv4,malicious-ip,medium,WHITE,ziyadnz/hourly-ipv4,ziyadnz|hourly,2026-08-17T18:48:05Z,2026-08-17T18:48:05Z,
91.192.81.3,ipv4,malicious-ip,medium,WHITE,ziyadnz/hourly-ipv4,ziyadnz|hourly,2026-08-17T18:48:05Z,2026-08-17T18:48:05Z,
91.193.131.118,ipv4,malicious-ip,medium,WHITE,ziyadnz/hourly-ipv4,ziyadnz|hourly,2026-08-17T18:48:05Z,2026-08-17T18:48:05Z,
91.193.16.179,ipv4,malicious-ip,medium,WHITE,ziyadnz/hourly-ipv4,ziyadnz|hourly,2026-08-17T18:48:05Z,2026-08-17T18:48:05Z,
91.193.172.16,ipv4,malicious-ip,medium,WHITE,ziyadnz/hourly-ipv4,ziyadnz|hourly,2026-08-17T18:48:05Z,2026-08-17T18:48:05Z,
91.193.172.198,ipv4,malicious-ip,medium,WHITE,ziyadnz/hourly-ipv4,ziyadnz|hourly,2026-08-17T18:48:05Z,2026-08-17T18:48:05Z,
91.193.172.53,ipv4,malicious-ip,medium,WHITE,ziyadnz/hourly-ipv4,ziyadnz|hourly,2026-08-17T18:48:05Z,2026-08-17T18:48:05Z,
91.193.18.120,ipv4,malicious-ip,medium,WHITE,ziyadnz/hourly-ipv4,ziyadnz|hourly,2026-08-17T18:48:05Z,2026-08-17T18:48:05Z,
91.193.18.94,ipv4,malicious-ip,medium,WHITE,ziyadnz/hourly-ipv4,ziyadnz|hourly,2026-08-17T18:48:05Z,2026-08-17T18:48:05Z,
91.193.19.109,ipv4,malicious-ip,medium,WHITE,ziyadnz/hourly-ipv4,ziyadnz|hourly,2026-08-17T18:48:05Z,2026-08-17T18:48:05Z,
91.193.19.12,ipv4,malicious-ip,medium,WHITE,ziyadnz/hourly-ipv4,ziyadnz|hourly,2026-08-17T18:48:05Z,2026-08-17T18:48:05Z,
91.193.232.0,ipv4,malicious-ip,medium,WHITE,ziyadnz/hourly-ipv4,ziyadnz|hourly,2026-08-17T18:48:05Z,2026-08-17T18:48:05Z,
91.193.232.181,ipv4,malicious-ip,medium,WHITE,ziyadnz/hourly-ipv4,ziyadnz|hourly,2026-08-17T18:48:05Z,2026-08-17T18:48:05Z,
91.193.232.183,ipv4,malicious-ip,medium,WHITE,ziyadnz/hourly-ipv4,ziyadnz|hourly,2026-08-17T18:48:05Z,2026-08-17T18:48:05Z,
91.193.232.190,ipv4,malicious-ip,medium,WHITE,ziyadnz/hourly-ipv4,ziyadnz|hourly,2026-08-17T18:48:05Z,2026-08-17T18:48:05Z,
91.193.232.197,ipv4,malicious-ip,medium,WHITE,ziyadnz/hourly-ipv4,ziyadnz|hourly,2026-08-17T18:48:05Z,2026-08-17T18:48:05Z,
91.193.232.207,ipv4,malicious-ip,medium,WHITE,ziyadnz/hourly-ipv4,ziyadnz|hourly,2026-08-17T18:48:05Z,2026-08-17T18:48:05Z,
91.193.232.208,ipv4,malicious-ip,medium,WHITE,ziyadnz/hourly-ipv4,ziyadnz|hourly,2026-08-17T18:48:05Z,2026-08-17T18:48:05Z,
91.193.232.213,ipv4,malicious-ip,medium,WHITE,ziyadnz/hourly-ipv4,ziyadnz|hourly,2026-08-17T18:48:05Z,2026-08-17T18:48:05Z,
91.193.232.214,ipv4,malicious-ip,medium,WHITE,ziyadnz/hourly-ipv4,ziyadnz|hourly,2026-08-17T18:48:05Z,2026-08-17T18:48:05Z,
91.193.232.216,ipv4,malicious-ip,medium,WHITE,ziyadnz/hourly-ipv4,ziyadnz|hourly,2026-08-17T18:48:05Z,2026-08-17T18:48:05Z,
91.193.232.221,ipv4,malicious-ip,medium,WHITE,ziyadnz/hourly-ipv4,ziyadnz|hourly,2026-08-17T18:48:05Z,2026-08-17T18:48:05Z,
91.193.232.223,ipv4,malicious-ip,medium,WHITE,ziyadnz/hourly-ipv4,ziyadnz|hourly,2026-08-17T18:48:05Z,2026-08-17T18:48:05Z,
91.193.232.224,ipv4,malicious-ip,medium,WHITE,ziyadnz/hourly-ipv4,ziyadnz|hourly,2026-08-17T18:48:05Z,2026-08-17T18:48:05Z,
91.193.232.226,ipv4,malicious-ip,medium,WHITE,ziyadnz/hourly-ipv4,ziyadnz|hourly,2026-08-17T18:48:05Z,2026-08-17T18:48:05Z,
91.193.232.228,ipv4,malicious-ip,medium,WHITE,ziyadnz/hourly-ipv4,ziyadnz|hourly,2026-08-17T18:48:05Z,2026-08-17T18:48:05Z,
91.193.232.23,ipv4,malicious-ip,medium,WHITE,ziyadnz/hourly-ipv4,ziyadnz|hourly,2026-08-17T18:48:05Z,2026-08-17T18:48:05Z,
91.193.232.230,ipv4,malicious-ip,medium,WHITE,ziyadnz/hourly-ipv4,ziyadnz|hourly,2026-08-17T18:48:05Z,2026-08-17T18:48:05Z,
91.193.232.3,ipv4,malicious-ip,medium,WHITE,ziyadnz/hourly-ipv4,ziyadnz|hourly,2026-08-17T18:48:05Z,2026-08-17T18:48:05Z,
91.193.232.35,ipv4,malicious-ip,medium,WHITE,ziyadnz/hourly-ipv4,ziyadnz|hourly,2026-08-17T18:48:05Z,2026-08-17T18:48:05Z,
91.193.232.67,ipv4,malicious-ip,medium,WHITE,ziyadnz/hourly-ipv4,ziyadnz|hourly,2026-08-17T18:48:05Z,2026-08-17T18:48:05Z,
91.194.229.214,ipv4,malicious-ip,medium,WHITE,ziyadnz/hourly-ipv4,ziyadnz|hourly,2026-08-17T18:48:05Z,2026-08-17T18:48:05Z,
91.194.84.63,ipv4,malicious-ip,medium,WHITE,ziyadnz/hourly-ipv4,ziyadnz|hourly,2026-08-17T18:48:05Z,2026-08-17T18:48:05Z,
91.195.184.254,ipv4,malicious-ip,medium,WHITE,ziyadnz/hourly-ipv4,ziyadnz|hourly,2026-08-17T18:48:05Z,2026-08-17T18:48:05Z,
91.195.240.123,ipv4,malicious-ip,medium,WHITE,ziyadnz/hourly-ipv4,ziyadnz|hourly,2026-08-17T18:48:05Z,2026-08-17T18:48:05Z,
91.195.69.23,ipv4,malicious-ip,medium,WHITE,ziyadnz/hourly-ipv4,ziyadnz|hourly,2026-08-17T18:48:05Z,2026-08-17T18:48:05Z,
91.196.110.170,ipv4,malicious-ip,medium,WHITE,ziyadnz/hourly-ipv4,ziyadnz|hourly,2026-08-17T18:48:05Z,2026-08-17T18:48:05Z,
91.196.110.193,ipv4,malicious-ip,medium,WHITE,ziyadnz/hourly-ipv4,ziyadnz|hourly,2026-08-17T18:48:05Z,2026-08-17T18:48:05Z,
91.196.111.127,ipv4,malicious-ip,medium,WHITE,ziyadnz/hourly-ipv4,ziyadnz|hourly,2026-08-17T18:48:05Z,2026-08-17T18:48:05Z,
91.196.111.204,ipv4,malicious-ip,medium,WHITE,ziyadnz/hourly-ipv4,ziyadnz|hourly,2026-08-17T18:48:05Z,2026-08-17T18:48:05Z,
91.196.111.28,ipv4,malicious-ip,medium,WHITE,ziyadnz/hourly-ipv4,ziyadnz|hourly,2026-08-17T18:48:05Z,2026-08-17T18:48:05Z,
91.196.111.54,ipv4,malicious-ip,medium,WHITE,ziyadnz/hourly-ipv4,ziyadnz|hourly,2026-08-17T18:48:05Z,2026-08-17T18:48:05Z,
91.196.111.7,ipv4,malicious-ip,medium,WHITE,ziyadnz/hourly-ipv4,ziyadnz|hourly,2026-08-17T18:48:05Z,2026-08-17T18:48:05Z,
91.196.121.155,ipv4,malicious-ip,medium,WHITE,ziyadnz/hourly-ipv4,ziyadnz|hourly,2026-08-17T18:48:05Z,2026-08-17T18:48:05Z,
91.196.123.10,ipv4,malicious-ip,medium,WHITE,ziyadnz/hourly-ipv4,ziyadnz|hourly,2026-08-17T18:48:05Z,2026-08-17T18:48:05Z,
91.196.152.0,ipv4,malicious-ip,medium,WHITE,ziyadnz/hourly-ipv4,ziyadnz|hourly,2026-08-17T18:48:05Z,2026-08-17T18:48:05Z,
91.196.152.1,ipv4,malicious-ip,medium,WHITE,ziyadnz/hourly-ipv4,ziyadnz|hourly,2026-08-17T18:48:05Z,2026-08-17T18:48:05Z,
91.196.152.10,ipv4,malicious-ip,medium,WHITE,ziyadnz/hourly-ipv4,ziyadnz|hourly,2026-08-17T18:48:05Z,2026-08-17T18:48:05Z,
91.196.152.100,ipv4,malicious-ip,medium,WHITE,ziyadnz/hourly-ipv4,ziyadnz|hourly,2026-08-17T18:48:05Z,2026-08-17T18:48:05Z,
91.196.152.101,ipv4,malicious-ip,medium,WHITE,ziyadnz/hourly-ipv4,ziyadnz|hourly,2026-08-17T18:48:05Z,2026-08-17T18:48:05Z,
91.196.152.102,ipv4,malicious-ip,medium,WHITE,ziyadnz/hourly-ipv4,ziyadnz|hourly,2026-08-17T18:48:05Z,2026-08-17T18:48:05Z,
91.196.152.103,ipv4,malicious-ip,medium,WHITE,ziyadnz/hourly-ipv4,ziyadnz|hourly,2026-08-17T18:48:05Z,2026-08-17T18:48:05Z,
91.196.152.104,ipv4,malicious-ip,medium,WHITE,ziyadnz/hourly-ipv4,ziyadnz|hourly,2026-08-17T18:48:05Z,2026-08-17T18:48:05Z,
91.196.152.105,ipv4,malicious-ip,medium,WHITE,ziyadnz/hourly-ipv4,ziyadnz|hourly,2026-08-17T18:48:05Z,2026-08-17T18:48:05Z,
91.196.152.106,ipv4,malicious-ip,medium,WHITE,ziyadnz/hourly-ipv4,ziyadnz|hourly,2026-08-17T18:48:05Z,2026-08-17T18:48:05Z,
91.196.152.107,ipv4,malicious-ip,medium,WHITE,ziyadnz/hourly-ipv4,ziyadnz|hourly,2026-08-17T18:48:05Z,2026-08-17T18:48:05Z,
91.196.152.109,ipv4,malicious-ip,medium,WHITE,ziyadnz/hourly-ipv4,ziyadnz|hourly,2026-08-17T18:48:05Z,2026-08-17T18:48:05Z,
91.196.152.11,ipv4,malicious-ip,medium,WHITE,ziyadnz/hourly-ipv4,ziyadnz|hourly,2026-08-17T18:48:05Z,2026-08-17T18:48:05Z,
91.196.152.110,ipv4,malicious-ip,medium,WHITE,ziyadnz/hourly-ipv4,ziyadnz|hourly,2026-08-17T18:48:05Z,2026-08-17T18:48:05Z,
91.196.152.111,ipv4,malicious-ip,medium,WHITE,ziyadnz/hourly-ipv4,ziyadnz|hourly,2026-08-17T18:48:05Z,2026-08-17T18:48:05Z,
91.196.152.112,ipv4,malicious-ip,medium,WHITE,ziyadnz/hourly-ipv4,ziyadnz|hourly,2026-08-17T18:48:05Z,2026-08-17T18:48:05Z,
91.196.152.113,ipv4,malicious-ip,medium,WHITE,ziyadnz/hourly-ipv4,ziyadnz|hourly,2026-08-17T18:48:05Z,2026-08-17T18:48:05Z,
91.196.152.114,ipv4,malicious-ip,medium,WHITE,ziyadnz/hourly-ipv4,ziyadnz|hourly,2026-08-17T18:48:05Z,2026-08-17T18:48:05Z,
91.196.152.115,ipv4,malicious-ip,medium,WHITE,ziyadnz/hourly-ipv4,ziyadnz|hourly,2026-08-17T18:48:05Z,2026-08-17T18:48:05Z,
91.196.152.116,ipv4,malicious-ip,medium,WHITE,ziyadnz/hourly-ipv4,ziyadnz|hourly,2026-08-17T18:48:05Z,2026-08-17T18:48:05Z,
91.196.152.117,ipv4,malicious-ip,medium,WHITE,ziyadnz/hourly-ipv4,ziyadnz|hourly,2026-08-17T18:48:05Z,2026-08-17T18:48:05Z,
91.196.152.118,ipv4,malicious-ip,medium,WHITE,ziyadnz/hourly-ipv4,ziyadnz|hourly,2026-08-17T18:48:05Z,2026-08-17T18:48:05Z,
91.196.152.119,ipv4,malicious-ip,medium,WHITE,ziyadnz/hourly-ipv4,ziyadnz|hourly,2026-08-17T18:48:05Z,2026-08-17T18:48:05Z,
91.196.152.12,ipv4,malicious-ip,medium,WHITE,ziyadnz/hourly-ipv4,ziyadnz|hourly,2026-08-17T18:48:05Z,2026-08-17T18:48:05Z,
91.196.152.120,ipv4,malicious-ip,medium,WHITE,ziyadnz/hourly-ipv4,ziyadnz|hourly,2026-08-17T18:48:05Z,2026-08-17T18:48:05Z,
91.196.152.121,ipv4,malicious-ip,medium,WHITE,ziyadnz/hourly-ipv4,ziyadnz|hourly,2026-08-17T18:48:05Z,2026-08-17T18:48:05Z,
91.196.152.122,ipv4,malicious-ip,medium,WHITE,ziyadnz/hourly-ipv4,ziyadnz|hourly,2026-08-17T18:48:05Z,2026-08-17T18:48:05Z,
91.196.152.123,ipv4,malicious-ip,medium,WHITE,ziyadnz/hourly-ipv4,ziyadnz|hourly,2026-08-17T18:48:05Z,2026-08-17T18:48:05Z,
91.196.152.124,ipv4,malicious-ip,medium,WHITE,ziyadnz/hourly-ipv4,ziyadnz|hourly,2026-08-17T18:48:05Z,2026-08-17T18:48:05Z,
91.196.152.125,ipv4,malicious-ip,medium,WHITE,ziyadnz/hourly-ipv4,ziyadnz|hourly,2026-08-17T18:48:05Z,2026-08-17T18:48:05Z,
91.196.152.126,ipv4,malicious-ip,medium,WHITE,ziyadnz/hourly-ipv4,ziyadnz|hourly,2026-08-17T18:48:05Z,2026-08-17T18:48:05Z,
91.196.152.127,ipv4,malicious-ip,medium,WHITE,ziyadnz/hourly-ipv4,ziyadnz|hourly,2026-08-17T18:48:05Z,2026-08-17T18:48:05Z,
91.196.152.13,ipv4,malicious-ip,medium,WHITE,ziyadnz/hourly-ipv4,ziyadnz|hourly,2026-08-17T18:48:05Z,2026-08-17T18:48:05Z,
91.196.152.136,ipv4,malicious-ip,medium,WHITE,ziyadnz/hourly-ipv4,ziyadnz|hourly,2026-08-17T18:48:05Z,2026-08-17T18:48:05Z,
91.196.152.137,ipv4,malicious-ip,medium,WHITE,ziyadnz/hourly-ipv4,ziyadnz|hourly,2026-08-17T18:48:05Z,2026-08-17T18:48:05Z,
91.196.152.138,ipv4,malicious-ip,medium,WHITE,ziyadnz/hourly-ipv4,ziyadnz|hourly,2026-08-17T18:48:05Z,2026-08-17T18:48:05Z,
91.196.152.139,ipv4,malicious-ip,medium,WHITE,ziyadnz/hourly-ipv4,ziyadnz|hourly,2026-08-17T18:48:05Z,2026-08-17T18:48:05Z,
91.196.152.14,ipv4,malicious-ip,medium,WHITE,ziyadnz/hourly-ipv4,ziyadnz|hourly,2026-08-17T18:48:05Z,2026-08-17T18:48:05Z,
91.196.152.140,ipv4,malicious-ip,medium,WHITE,ziyadnz/hourly-ipv4,ziyadnz|hourly,2026-08-17T18:48:05Z,2026-08-17T18:48:05Z,
91.196.152.141,ipv4,malicious-ip,medium,WHITE,ziyadnz/hourly-ipv4,ziyadnz|hourly,2026-08-17T18:48:05Z,2026-08-17T18:48:05Z,
91.196.152.142,ipv4,malicious-ip,medium,WHITE,ziyadnz/hourly-ipv4,ziyadnz|hourly,2026-08-17T18:48:05Z,2026-08-17T18:48:05Z,
91.196.152.143,ipv4,malicious-ip,medium,WHITE,ziyadnz/hourly-ipv4,ziyadnz|hourly,2026-08-17T18:48:05Z,2026-08-17T18:48:05Z,
91.196.152.144,ipv4,malicious-ip,medium,WHITE,ziyadnz/hourly-ipv4,ziyadnz|hourly,2026-08-17T18:48:05Z,2026-08-17T18:48:05Z,
91.196.152.145,ipv4,malicious-ip,medium,WHITE,ziyadnz/hourly-ipv4,ziyadnz|hourly,2026-08-17T18:48:05Z,2026-08-17T18:48:05Z,
91.196.152.146,ipv4,malicious-ip,medium,WHITE,ziyadnz/hourly-ipv4,ziyadnz|hourly,2026-08-17T18:48:05Z,2026-08-17T18:48:05Z,
91.196.152.147,ipv4,malicious-ip,medium,WHITE,ziyadnz/hourly-ipv4,ziyadnz|hourly,2026-08-17T18:48:05Z,2026-08-17T18:48:05Z,
91.196.152.148,ipv4,malicious-ip,medium,WHITE,ziyadnz/hourly-ipv4,ziyadnz|hourly,2026-08-17T18:48:05Z,2026-08-17T18:48:05Z,
91.196.152.149,ipv4,malicious-ip,medium,WHITE,ziyadnz/hourly-ipv4,ziyadnz|hourly,2026-08-17T18:48:05Z,2026-08-17T18:48:05Z,
91.196.152.15,ipv4,malicious-ip,medium,WHITE,ziyadnz/hourly-ipv4,ziyadnz|hourly,2026-08-17T18:48:05Z,2026-08-17T18:48:05Z,
91.196.152.150,ipv4,malicious-ip,medium,WHITE,ziyadnz/hourly-ipv4,ziyadnz|hourly,2026-08-17T18:48:05Z,2026-08-17T18:48:05Z,
91.196.152.151,ipv4,malicious-ip,medium,WHITE,ziyadnz/hourly-ipv4,ziyadnz|hourly,2026-08-17T18:48:05Z,2026-08-17T18:48:05Z,
91.196.152.152,ipv4,malicious-ip,medium,WHITE,ziyadnz/hourly-ipv4,ziyadnz|hourly,2026-08-17T18:48:05Z,2026-08-17T18:48:05Z,
91.196.152.153,ipv4,malicious-ip,medium,WHITE,ziyadnz/hourly-ipv4,ziyadnz|hourly,2026-08-17T18:48:05Z,2026-08-17T18:48:05Z,
91.196.152.154,ipv4,malicious-ip,medium,WHITE,ziyadnz/hourly-ipv4,ziyadnz|hourly,2026-08-17T18:48:05Z,2026-08-17T18:48:05Z,
91.196.152.155,ipv4,malicious-ip,medium,WHITE,ziyadnz/hourly-ipv4,ziyadnz|hourly,2026-08-17T18:48:05Z,2026-08-17T18:48:05Z,
91.196.152.156,ipv4,malicious-ip,medium,WHITE,ziyadnz/hourly-ipv4,ziyadnz|hourly,2026-08-17T18:48:05Z,2026-08-17T18:48:05Z,
91.196.152.157,ipv4,malicious-ip,medium,WHITE,ziyadnz/hourly-ipv4,ziyadnz|hourly,2026-08-17T18:48:05Z,2026-08-17T18:48:05Z,
91.196.152.158,ipv4,malicious-ip,medium,WHITE,ziyadnz/hourly-ipv4,ziyadnz|hourly,2026-08-17T18:48:05Z,2026-08-17T18:48:05Z,
91.196.152.159,ipv4,malicious-ip,medium,WHITE,ziyadnz/hourly-ipv4,ziyadnz|hourly,2026-08-17T18:48:05Z,2026-08-17T18:48:05Z,
91.196.152.16,ipv4,malicious-ip,medium,WHITE,ziyadnz/hourly-ipv4,ziyadnz|hourly,2026-08-17T18:48:05Z,2026-08-17T18:48:05Z,
91.196.152.160,ipv4,malicious-ip,medium,WHITE,ziyadnz/hourly-ipv4,ziyadnz|hourly,2026-08-17T18:48:05Z,2026-08-17T18:48:05Z,
91.196.152.161,ipv4,malicious-ip,medium,WHITE,ziyadnz/hourly-ipv4,ziyadnz|hourly,2026-08-17T18:48:05Z,2026-08-17T18:48:05Z,
91.196.152.162,ipv4,malicious-ip,medium,WHITE,ziyadnz/hourly-ipv4,ziyadnz|hourly,2026-08-17T18:48:05Z,2026-08-17T18:48:05Z,
91.196.152.163,ipv4,malicious-ip,medium,WHITE,ziyadnz/hourly-ipv4,ziyadnz|hourly,2026-08-17T18:48:05Z,2026-08-17T18:48:05Z,
91.196.152.164,ipv4,malicious-ip,medium,WHITE,ziyadnz/hourly-ipv4,ziyadnz|hourly,2026-08-17T18:48:05Z,2026-08-17T18:48:05Z,
91.196.152.165,ipv4,malicious-ip,medium,WHITE,ziyadnz/hourly-ipv4,ziyadnz|hourly,2026-08-17T18:48:05Z,2026-08-17T18:48:05Z,
91.196.152.166,ipv4,malicious-ip,medium,WHITE,ziyadnz/hourly-ipv4,ziyadnz|hourly,2026-08-17T18:48:05Z,2026-08-17T18:48:05Z,
91.196.152.167,ipv4,malicious-ip,medium,WHITE,ziyadnz/hourly-ipv4,ziyadnz|hourly,2026-08-17T18:48:05Z,2026-08-17T18:48:05Z,
91.196.152.168,ipv4,malicious-ip,medium,WHITE,ziyadnz/hourly-ipv4,ziyadnz|hourly,2026-08-17T18:48:05Z,2026-08-17T18:48:05Z,
91.196.152.169,ipv4,malicious-ip,medium,WHITE,ziyadnz/hourly-ipv4,ziyadnz|hourly,2026-08-17T18:48:05Z,2026-08-17T18:48:05Z,
91.196.152.17,ipv4,malicious-ip,medium,WHITE,ziyadnz/hourly-ipv4,ziyadnz|hourly,2026-08-17T18:48:05Z,2026-08-17T18:48:05Z,
91.196.152.170,ipv4,malicious-ip,medium,WHITE,ziyadnz/hourly-ipv4,ziyadnz|hourly,2026-08-17T18:48:05Z,2026-08-17T18:48:05Z,
91.196.152.171,ipv4,malicious-ip,medium,WHITE,ziyadnz/hourly-ipv4,ziyadnz|hourly,2026-08-17T18:48:05Z,2026-08-17T18:48:05Z,
91.196.152.172,ipv4,malicious-ip,medium,WHITE,ziyadnz/hourly-ipv4,ziyadnz|hourly,2026-08-17T18:48:05Z,2026-08-17T18:48:05Z,
91.196.152.173,ipv4,malicious-ip,medium,WHITE,ziyadnz/hourly-ipv4,ziyadnz|hourly,2026-08-17T18:48:05Z,2026-08-17T18:48:05Z,
91.196.152.174,ipv4,malicious-ip,medium,WHITE,ziyadnz/hourly-ipv4,ziyadnz|hourly,2026-08-17T18:48:05Z,2026-08-17T18:48:05Z,
91.196.152.175,ipv4,malicious-ip,medium,WHITE,ziyadnz/hourly-ipv4,ziyadnz|hourly,2026-08-17T18:48:05Z,2026-08-17T18:48:05Z,
91.196.152.176,ipv4,malicious-ip,medium,WHITE,ziyadnz/hourly-ipv4,ziyadnz|hourly,2026-08-17T18:48:05Z,2026-08-17T18:48:05Z,
91.196.152.177,ipv4,malicious-ip,medium,WHITE,ziyadnz/hourly-ipv4,ziyadnz|hourly,2026-08-17T18:48:05Z,2026-08-17T18:48:05Z,
91.196.152.178,ipv4,malicious-ip,medium,WHITE,ziyadnz/hourly-ipv4,ziyadnz|hourly,2026-08-17T18:48:05Z,2026-08-17T18:48:05Z,
91.196.152.179,ipv4,malicious-ip,medium,WHITE,ziyadnz/hourly-ipv4,ziyadnz|hourly,2026-08-17T18:48:05Z,2026-08-17T18:48:05Z,
91.196.152.18,ipv4,malicious-ip,medium,WHITE,ziyadnz/hourly-ipv4,ziyadnz|hourly,2026-08-17T18:48:05Z,2026-08-17T18:48:05Z,
91.196.152.180,ipv4,malicious-ip,medium,WHITE,ziyadnz/hourly-ipv4,ziyadnz|hourly,2026-08-17T18:48:05Z,2026-08-17T18:48:05Z,
91.196.152.181,ipv4,malicious-ip,medium,WHITE,ziyadnz/hourly-ipv4,ziyadnz|hourly,2026-08-17T18:48:05Z,2026-08-17T18:48:05Z,
91.196.152.182,ipv4,malicious-ip,medium,WHITE,ziyadnz/hourly-ipv4,ziyadnz|hourly,2026-08-17T18:48:05Z,2026-08-17T18:48:05Z,
91.196.152.183,ipv4,malicious-ip,medium,WHITE,ziyadnz/hourly-ipv4,ziyadnz|hourly,2026-08-17T18:48:05Z,2026-08-17T18:48:05Z,
91.196.152.184,ipv4,malicious-ip,medium,WHITE,ziyadnz/hourly-ipv4,ziyadnz|hourly,2026-08-17T18:48:05Z,2026-08-17T18:48:05Z,
91.196.152.185,ipv4,malicious-ip,medium,WHITE,ziyadnz/hourly-ipv4,ziyadnz|hourly,2026-08-17T18:48:05Z,2026-08-17T18:48:05Z,
91.196.152.186,ipv4,malicious-ip,medium,WHITE,ziyadnz/hourly-ipv4,ziyadnz|hourly,2026-08-17T18:48:05Z,2026-08-17T18:48:05Z,
91.196.152.187,ipv4,malicious-ip,medium,WHITE,ziyadnz/hourly-ipv4,ziyadnz|hourly,2026-08-17T18:48:05Z,2026-08-17T18:48:05Z,
91.196.152.188,ipv4,malicious-ip,medium,WHITE,ziyadnz/hourly-ipv4,ziyadnz|hourly,2026-08-17T18:48:05Z,2026-08-17T18:48:05Z,
91.196.152.189,ipv4,malicious-ip,medium,WHITE,ziyadnz/hourly-ipv4,ziyadnz|hourly,2026-08-17T18:48:05Z,2026-08-17T18:48:05Z,
91.196.152.19,ipv4,malicious-ip,medium,WHITE,ziyadnz/hourly-ipv4,ziyadnz|hourly,2026-08-17T18:48:05Z,2026-08-17T18:48:05Z,
91.196.152.190,ipv4,malicious-ip,medium,WHITE,ziyadnz/hourly-ipv4,ziyadnz|hourly,2026-08-17T18:48:05Z,2026-08-17T18:48:05Z,
91.196.152.191,ipv4,malicious-ip,medium,WHITE,ziyadnz/hourly-ipv4,ziyadnz|hourly,2026-08-17T18:48:05Z,2026-08-17T18:48:05Z,
91.196.152.192,ipv4,malicious-ip,medium,WHITE,ziyadnz/hourly-ipv4,ziyadnz|hourly,2026-08-17T18:48:05Z,2026-08-17T18:48:05Z,
91.196.152.193,ipv4,malicious-ip,medium,WHITE,ziyadnz/hourly-ipv4,ziyadnz|hourly,2026-08-17T18:48:05Z,2026-08-17T18:48:05Z,
91.196.152.194,ipv4,malicious-ip,medium,WHITE,ziyadnz/hourly-ipv4,ziyadnz|hourly,2026-08-17T18:48:05Z,2026-08-17T18:48:05Z,
91.196.152.195,ipv4,malicious-ip,medium,WHITE,ziyadnz/hourly-ipv4,ziyadnz|hourly,2026-08-17T18:48:05Z,2026-08-17T18:48:05Z,
91.196.152.196,ipv4,malicious-ip,medium,WHITE,ziyadnz/hourly-ipv4,ziyadnz|hourly,2026-08-17T18:48:05Z,2026-08-17T18:48:05Z,
91.196.152.198,ipv4,malicious-ip,medium,WHITE,ziyadnz/hourly-ipv4,ziyadnz|hourly,2026-08-17T18:48:05Z,2026-08-17T18:48:05Z,
91.196.152.199,ipv4,malicious-ip,medium,WHITE,ziyadnz/hourly-ipv4,ziyadnz|hourly,2026-08-17T18:48:05Z,2026-08-17T18:48:05Z,
91.196.152.2,ipv4,malicious-ip,medium,WHITE,ziyadnz/hourly-ipv4,ziyadnz|hourly,2026-08-17T18:48:05Z,2026-08-17T18:48:05Z,
91.196.152.20,ipv4,malicious-ip,medium,WHITE,ziyadnz/hourly-ipv4,ziyadnz|hourly,2026-08-17T18:48:05Z,2026-08-17T18:48:05Z,
91.196.152.200,ipv4,malicious-ip,medium,WHITE,ziyadnz/hourly-ipv4,ziyadnz|hourly,2026-08-17T18:48:05Z,2026-08-17T18:48:05Z,
91.196.152.201,ipv4,malicious-ip,medium,WHITE,ziyadnz/hourly-ipv4,ziyadnz|hourly,2026-08-17T18:48:05Z,2026-08-17T18:48:05Z,
91.196.152.202,ipv4,malicious-ip,medium,WHITE,ziyadnz/hourly-ipv4,ziyadnz|hourly,2026-08-17T18:48:05Z,2026-08-17T18:48:05Z,
91.196.152.203,ipv4,malicious-ip,medium,WHITE,ziyadnz/hourly-ipv4,ziyadnz|hourly,2026-08-17T18:48:05Z,2026-08-17T18:48:05Z,
91.196.152.204,ipv4,malicious-ip,medium,WHITE,ziyadnz/hourly-ipv4,ziyadnz|hourly,2026-08-17T18:48:05Z,2026-08-17T18:48:05Z,
91.196.152.205,ipv4,malicious-ip,medium,WHITE,ziyadnz/hourly-ipv4,ziyadnz|hourly,2026-08-17T18:48:05Z,2026-08-17T18:48:05Z,
91.196.152.206,ipv4,malicious-ip,medium,WHITE,ziyadnz/hourly-ipv4,ziyadnz|hourly,2026-08-17T18:48:05Z,2026-08-17T18:48:05Z,
91.196.152.207,ipv4,malicious-ip,medium,WHITE,ziyadnz/hourly-ipv4,ziyadnz|hourly,2026-08-17T18:48:05Z,2026-08-17T18:48:05Z,
91.196.152.208,ipv4,malicious-ip,medium,WHITE,ziyadnz/hourly-ipv4,ziyadnz|hourly,2026-08-17T18:48:05Z,2026-08-17T18:48:05Z,
91.196.152.209,ipv4,malicious-ip,medium,WHITE,ziyadnz/hourly-ipv4,ziyadnz|hourly,2026-08-17T18:48:05Z,2026-08-17T18:48:05Z,
91.196.152.21,ipv4,malicious-ip,medium,WHITE,ziyadnz/hourly-ipv4,ziyadnz|hourly,2026-08-17T18:48:05Z,2026-08-17T18:48:05Z,
91.196.152.210,ipv4,malicious-ip,medium,WHITE,ziyadnz/hourly-ipv4,ziyadnz|hourly,2026-08-17T18:48:05Z,2026-08-17T18:48:05Z,
91.196.152.211,ipv4,malicious-ip,medium,WHITE,ziyadnz/hourly-ipv4,ziyadnz|hourly,2026-08-17T18:48:05Z,2026-08-17T18:48:05Z,
91.196.152.212,ipv4,malicious-ip,medium,WHITE,ziyadnz/hourly-ipv4,ziyadnz|hourly,2026-08-17T18:48:05Z,2026-08-17T18:48:05Z,
91.196.152.213,ipv4,malicious-ip,medium,WHITE,ziyadnz/hourly-ipv4,ziyadnz|hourly,2026-08-17T18:48:05Z,2026-08-17T18:48:05Z,
91.196.152.214,ipv4,malicious-ip,medium,WHITE,ziyadnz/hourly-ipv4,ziyadnz|hourly,2026-08-17T18:48:05Z,2026-08-17T18:48:05Z,
91.196.152.215,ipv4,malicious-ip,medium,WHITE,ziyadnz/hourly-ipv4,ziyadnz|hourly,2026-08-17T18:48:05Z,2026-08-17T18:48:05Z,
91.196.152.216,ipv4,malicious-ip,medium,WHITE,ziyadnz/hourly-ipv4,ziyadnz|hourly,2026-08-17T18:48:05Z,2026-08-17T18:48:05Z,
91.196.152.217,ipv4,malicious-ip,medium,WHITE,ziyadnz/hourly-ipv4,ziyadnz|hourly,2026-08-17T18:48:05Z,2026-08-17T18:48:05Z,
91.196.152.218,ipv4,malicious-ip,medium,WHITE,ziyadnz/hourly-ipv4,ziyadnz|hourly,2026-08-17T18:48:05Z,2026-08-17T18:48:05Z,
91.196.152.219,ipv4,malicious-ip,medium,WHITE,ziyadnz/hourly-ipv4,ziyadnz|hourly,2026-08-17T18:48:05Z,2026-08-17T18:48:05Z,
91.196.152.22,ipv4,malicious-ip,medium,WHITE,ziyadnz/hourly-ipv4,ziyadnz|hourly,2026-08-17T18:48:05Z,2026-08-17T18:48:05Z,
91.196.152.220,ipv4,malicious-ip,medium,WHITE,ziyadnz/hourly-ipv4,ziyadnz|hourly,2026-08-17T18:48:05Z,2026-08-17T18:48:05Z,
91.196.152.221,ipv4,malicious-ip,medium,WHITE,ziyadnz/hourly-ipv4,ziyadnz|hourly,2026-08-17T18:48:05Z,2026-08-17T18:48:05Z,
91.196.152.222,ipv4,malicious-ip,medium,WHITE,ziyadnz/hourly-ipv4,ziyadnz|hourly,2026-08-17T18:48:05Z,2026-08-17T18:48:05Z,
91.196.152.223,ipv4,malicious-ip,medium,WHITE,ziyadnz/hourly-ipv4,ziyadnz|hourly,2026-08-17T18:48:05Z,2026-08-17T18:48:05Z,
91.196.152.224,ipv4,malicious-ip,medium,WHITE,ziyadnz/hourly-ipv4,ziyadnz|hourly,2026-08-17T18:48:05Z,2026-08-17T18:48:05Z,
91.196.152.225,ipv4,malicious-ip,medium,WHITE,ziyadnz/hourly-ipv4,ziyadnz|hourly,2026-08-17T18:48:05Z,2026-08-17T18:48:05Z,
91.196.152.226,ipv4,malicious-ip,medium,WHITE,ziyadnz/hourly-ipv4,ziyadnz|hourly,2026-08-17T18:48:05Z,2026-08-17T18:48:05Z,
91.196.152.227,ipv4,malicious-ip,medium,WHITE,ziyadnz/hourly-ipv4,ziyadnz|hourly,2026-08-17T18:48:05Z,2026-08-17T18:48:05Z,
91.196.152.228,ipv4,malicious-ip,medium,WHITE,ziyadnz/hourly-ipv4,ziyadnz|hourly,2026-08-17T18:48:05Z,2026-08-17T18:48:05Z,
91.196.152.229,ipv4,malicious-ip,medium,WHITE,ziyadnz/hourly-ipv4,ziyadnz|hourly,2026-08-17T18:48:05Z,2026-08-17T18:48:05Z,
91.196.152.23,ipv4,malicious-ip,medium,WHITE,ziyadnz/hourly-ipv4,ziyadnz|hourly,2026-08-17T18:48:05Z,2026-08-17T18:48:05Z,
91.196.152.230,ipv4,malicious-ip,medium,WHITE,ziyadnz/hourly-ipv4,ziyadnz|hourly,2026-08-17T18:48:05Z,2026-08-17T18:48:05Z,
91.196.152.231,ipv4,malicious-ip,medium,WHITE,ziyadnz/hourly-ipv4,ziyadnz|hourly,2026-08-17T18:48:05Z,2026-08-17T18:48:05Z,
91.196.152.232,ipv4,malicious-ip,medium,WHITE,ziyadnz/hourly-ipv4,ziyadnz|hourly,2026-08-17T18:48:05Z,2026-08-17T18:48:05Z,
91.196.152.233,ipv4,malicious-ip,medium,WHITE,ziyadnz/hourly-ipv4,ziyadnz|hourly,2026-08-17T18:48:05Z,2026-08-17T18:48:05Z,
91.196.152.234,ipv4,malicious-ip,medium,WHITE,ziyadnz/hourly-ipv4,ziyadnz|hourly,2026-08-17T18:48:05Z,2026-08-17T18:48:05Z,
91.196.152.235,ipv4,malicious-ip,medium,WHITE,ziyadnz/hourly-ipv4,ziyadnz|hourly,2026-08-17T18:48:05Z,2026-08-17T18:48:05Z,
91.196.152.236,ipv4,malicious-ip,medium,WHITE,ziyadnz/hourly-ipv4,ziyadnz|hourly,2026-08-17T18:48:05Z,2026-08-17T18:48:05Z,
91.196.152.237,ipv4,malicious-ip,medium,WHITE,ziyadnz/hourly-ipv4,ziyadnz|hourly,2026-08-17T18:48:05Z,2026-08-17T18:48:05Z,
91.196.152.238,ipv4,malicious-ip,medium,WHITE,ziyadnz/hourly-ipv4,ziyadnz|hourly,2026-08-17T18:48:05Z,2026-08-17T18:48:05Z,
91.196.152.239,ipv4,malicious-ip,medium,WHITE,ziyadnz/hourly-ipv4,ziyadnz|hourly,2026-08-17T18:48:05Z,2026-08-17T18:48:05Z,
91.196.152.24,ipv4,malicious-ip,medium,WHITE,ziyadnz/hourly-ipv4,ziyadnz|hourly,2026-08-17T18:48:05Z,2026-08-17T18:48:05Z,
91.196.152.240,ipv4,malicious-ip,medium,WHITE,ziyadnz/hourly-ipv4,ziyadnz|hourly,2026-08-17T18:48:05Z,2026-08-17T18:48:05Z,
91.196.152.241,ipv4,malicious-ip,medium,WHITE,ziyadnz/hourly-ipv4,ziyadnz|hourly,2026-08-17T18:48:05Z,2026-08-17T18:48:05Z,
91.196.152.242,ipv4,malicious-ip,medium,WHITE,ziyadnz/hourly-ipv4,ziyadnz|hourly,2026-08-17T18:48:05Z,2026-08-17T18:48:05Z,
91.196.152.243,ipv4,malicious-ip,medium,WHITE,ziyadnz/hourly-ipv4,ziyadnz|hourly,2026-08-17T18:48:05Z,2026-08-17T18:48:05Z,
91.196.152.244,ipv4,malicious-ip,medium,WHITE,ziyadnz/hourly-ipv4,ziyadnz|hourly,2026-08-17T18:48:05Z,2026-08-17T18:48:05Z,
91.196.152.245,ipv4,malicious-ip,medium,WHITE,ziyadnz/hourly-ipv4,ziyadnz|hourly,2026-08-17T18:48:05Z,2026-08-17T18:48:05Z,
91.196.152.246,ipv4,malicious-ip,medium,WHITE,ziyadnz/hourly-ipv4,ziyadnz|hourly,2026-08-17T18:48:05Z,2026-08-17T18:48:05Z,
91.196.152.247,ipv4,malicious-ip,medium,WHITE,ziyadnz/hourly-ipv4,ziyadnz|hourly,2026-08-17T18:48:05Z,2026-08-17T18:48:05Z,
91.196.152.25,ipv4,malicious-ip,medium,WHITE,ziyadnz/hourly-ipv4,ziyadnz|hourly,2026-08-17T18:48:05Z,2026-08-17T18:48:05Z,
91.196.152.26,ipv4,malicious-ip,medium,WHITE,ziyadnz/hourly-ipv4,ziyadnz|hourly,2026-08-17T18:48:05Z,2026-08-17T18:48:05Z,
91.196.152.27,ipv4,malicious-ip,medium,WHITE,ziyadnz/hourly-ipv4,ziyadnz|hourly,2026-08-17T18:48:05Z,2026-08-17T18:48:05Z,
91.196.152.28,ipv4,malicious-ip,medium,WHITE,ziyadnz/hourly-ipv4,ziyadnz|hourly,2026-08-17T18:48:05Z,2026-08-17T18:48:05Z,
91.196.152.29,ipv4,malicious-ip,medium,WHITE,ziyadnz/hourly-ipv4,ziyadnz|hourly,2026-08-17T18:48:05Z,2026-08-17T18:48:05Z,
91.196.152.3,ipv4,malicious-ip,medium,WHITE,ziyadnz/hourly-ipv4,ziyadnz|hourly,2026-08-17T18:48:05Z,2026-08-17T18:48:05Z,
91.196.152.30,ipv4,malicious-ip,medium,WHITE,ziyadnz/hourly-ipv4,ziyadnz|hourly,2026-08-17T18:48:05Z,2026-08-17T18:48:05Z,
91.196.152.31,ipv4,malicious-ip,medium,WHITE,ziyadnz/hourly-ipv4,ziyadnz|hourly,2026-08-17T18:48:05Z,2026-08-17T18:48:05Z,
91.196.152.32,ipv4,malicious-ip,medium,WHITE,ziyadnz/hourly-ipv4,ziyadnz|hourly,2026-08-17T18:48:05Z,2026-08-17T18:48:05Z,
91.196.152.33,ipv4,malicious-ip,medium,WHITE,ziyadnz/hourly-ipv4,ziyadnz|hourly,2026-08-17T18:48:05Z,2026-08-17T18:48:05Z,
91.196.152.34,ipv4,malicious-ip,medium,WHITE,ziyadnz/hourly-ipv4,ziyadnz|hourly,2026-08-17T18:48:05Z,2026-08-17T18:48:05Z,
91.196.152.35,ipv4,malicious-ip,medium,WHITE,ziyadnz/hourly-ipv4,ziyadnz|hourly,2026-08-17T18:48:05Z,2026-08-17T18:48:05Z,
91.196.152.36,ipv4,malicious-ip,medium,WHITE,ziyadnz/hourly-ipv4,ziyadnz|hourly,2026-08-17T18:48:05Z,2026-08-17T18:48:05Z,
91.196.152.37,ipv4,malicious-ip,medium,WHITE,ziyadnz/hourly-ipv4,ziyadnz|hourly,2026-08-17T18:48:05Z,2026-08-17T18:48:05Z,
91.196.152.38,ipv4,malicious-ip,medium,WHITE,ziyadnz/hourly-ipv4,ziyadnz|hourly,2026-08-17T18:48:05Z,2026-08-17T18:48:05Z,
91.196.152.39,ipv4,malicious-ip,medium,WHITE,ziyadnz/hourly-ipv4,ziyadnz|hourly,2026-08-17T18:48:05Z,2026-08-17T18:48:05Z,
91.196.152.4,ipv4,malicious-ip,medium,WHITE,ziyadnz/hourly-ipv4,ziyadnz|hourly,2026-08-17T18:48:05Z,2026-08-17T18:48:05Z,
91.196.152.40,ipv4,malicious-ip,medium,WHITE,ziyadnz/hourly-ipv4,ziyadnz|hourly,2026-08-17T18:48:05Z,2026-08-17T18:48:05Z,
91.196.152.41,ipv4,malicious-ip,medium,WHITE,ziyadnz/hourly-ipv4,ziyadnz|hourly,2026-08-17T18:48:05Z,2026-08-17T18:48:05Z,
91.196.152.42,ipv4,malicious-ip,medium,WHITE,ziyadnz/hourly-ipv4,ziyadnz|hourly,2026-08-17T18:48:05Z,2026-08-17T18:48:05Z,
91.196.152.43,ipv4,malicious-ip,medium,WHITE,ziyadnz/hourly-ipv4,ziyadnz|hourly,2026-08-17T18:48:05Z,2026-08-17T18:48:05Z,
91.196.152.44,ipv4,malicious-ip,medium,WHITE,ziyadnz/hourly-ipv4,ziyadnz|hourly,2026-08-17T18:48:05Z,2026-08-17T18:48:05Z,
91.196.152.45,ipv4,malicious-ip,medium,WHITE,ziyadnz/hourly-ipv4,ziyadnz|hourly,2026-08-17T18:48:05Z,2026-08-17T18:48:05Z,
91.196.152.46,ipv4,malicious-ip,medium,WHITE,ziyadnz/hourly-ipv4,ziyadnz|hourly,2026-08-17T18:48:05Z,2026-08-17T18:48:05Z,
91.196.152.47,ipv4,malicious-ip,medium,WHITE,ziyadnz/hourly-ipv4,ziyadnz|hourly,2026-08-17T18:48:05Z,2026-08-17T18:48:05Z,
91.196.152.48,ipv4,malicious-ip,medium,WHITE,ziyadnz/hourly-ipv4,ziyadnz|hourly,2026-08-17T18:48:05Z,2026-08-17T18:48:05Z,
91.196.152.49,ipv4,malicious-ip,medium,WHITE,ziyadnz/hourly-ipv4,ziyadnz|hourly,2026-08-17T18:48:05Z,2026-08-17T18:48:05Z,
91.196.152.5,ipv4,malicious-ip,medium,WHITE,ziyadnz/hourly-ipv4,ziyadnz|hourly,2026-08-17T18:48:05Z,2026-08-17T18:48:05Z,
91.196.152.50,ipv4,malicious-ip,medium,WHITE,ziyadnz/hourly-ipv4,ziyadnz|hourly,2026-08-17T18:48:05Z,2026-08-17T18:48:05Z,
91.196.152.51,ipv4,malicious-ip,medium,WHITE,ziyadnz/hourly-ipv4,ziyadnz|hourly,2026-08-17T18:48:05Z,2026-08-17T18:48:05Z,
91.196.152.52,ipv4,malicious-ip,medium,WHITE,ziyadnz/hourly-ipv4,ziyadnz|hourly,2026-08-17T18:48:05Z,2026-08-17T18:48:05Z,
91.196.152.53,ipv4,malicious-ip,medium,WHITE,ziyadnz/hourly-ipv4,ziyadnz|hourly,2026-08-17T18:48:05Z,2026-08-17T18:48:05Z,
91.196.152.54,ipv4,malicious-ip,medium,WHITE,ziyadnz/hourly-ipv4,ziyadnz|hourly,2026-08-17T18:48:05Z,2026-08-17T18:48:05Z,
91.196.152.55,ipv4,malicious-ip,medium,WHITE,ziyadnz/hourly-ipv4,ziyadnz|hourly,2026-08-17T18:48:05Z,2026-08-17T18:48:05Z,
91.196.152.56,ipv4,malicious-ip,medium,WHITE,ziyadnz/hourly-ipv4,ziyadnz|hourly,2026-08-17T18:48:05Z,2026-08-17T18:48:05Z,
91.196.152.57,ipv4,malicious-ip,medium,WHITE,ziyadnz/hourly-ipv4,ziyadnz|hourly,2026-08-17T18:48:05Z,2026-08-17T18:48:05Z,
91.196.152.58,ipv4,malicious-ip,medium,WHITE,ziyadnz/hourly-ipv4,ziyadnz|hourly,2026-08-17T18:48:05Z,2026-08-17T18:48:05Z,
91.196.152.59,ipv4,malicious-ip,medium,WHITE,ziyadnz/hourly-ipv4,ziyadnz|hourly,2026-08-17T18:48:05Z,2026-08-17T18:48:05Z,
91.196.152.6,ipv4,malicious-ip,medium,WHITE,ziyadnz/hourly-ipv4,ziyadnz|hourly,2026-08-17T18:48:05Z,2026-08-17T18:48:05Z,
91.196.152.60,ipv4,malicious-ip,medium,WHITE,ziyadnz/hourly-ipv4,ziyadnz|hourly,2026-08-17T18:48:05Z,2026-08-17T18:48:05Z,
91.196.152.61,ipv4,malicious-ip,medium,WHITE,ziyadnz/hourly-ipv4,ziyadnz|hourly,2026-08-17T18:48:05Z,2026-08-17T18:48:05Z,
91.196.152.62,ipv4,malicious-ip,medium,WHITE,ziyadnz/hourly-ipv4,ziyadnz|hourly,2026-08-17T18:48:05Z,2026-08-17T18:48:05Z,
91.196.152.63,ipv4,malicious-ip,medium,WHITE,ziyadnz/hourly-ipv4,ziyadnz|hourly,2026-08-17T18:48:05Z,2026-08-17T18:48:05Z,
91.196.152.64,ipv4,malicious-ip,medium,WHITE,ziyadnz/hourly-ipv4,ziyadnz|hourly,2026-08-17T18:48:05Z,2026-08-17T18:48:05Z,
91.196.152.65,ipv4,malicious-ip,medium,WHITE,ziyadnz/hourly-ipv4,ziyadnz|hourly,2026-08-17T18:48:05Z,2026-08-17T18:48:05Z,
91.196.152.66,ipv4,malicious-ip,medium,WHITE,ziyadnz/hourly-ipv4,ziyadnz|hourly,2026-08-17T18:48:05Z,2026-08-17T18:48:05Z,
91.196.152.67,ipv4,malicious-ip,medium,WHITE,ziyadnz/hourly-ipv4,ziyadnz|hourly,2026-08-17T18:48:05Z,2026-08-17T18:48:05Z,
91.196.152.68,ipv4,malicious-ip,medium,WHITE,ziyadnz/hourly-ipv4,ziyadnz|hourly,2026-08-17T18:48:05Z,2026-08-17T18:48:05Z,
91.196.152.69,ipv4,malicious-ip,medium,WHITE,ziyadnz/hourly-ipv4,ziyadnz|hourly,2026-08-17T18:48:05Z,2026-08-17T18:48:05Z,
91.196.152.7,ipv4,malicious-ip,medium,WHITE,ziyadnz/hourly-ipv4,ziyadnz|hourly,2026-08-17T18:48:05Z,2026-08-17T18:48:05Z,
91.196.152.70,ipv4,malicious-ip,medium,WHITE,ziyadnz/hourly-ipv4,ziyadnz|hourly,2026-08-17T18:48:05Z,2026-08-17T18:48:05Z,
91.196.152.71,ipv4,malicious-ip,medium,WHITE,ziyadnz/hourly-ipv4,ziyadnz|hourly,2026-08-17T18:48:05Z,2026-08-17T18:48:05Z,
91.196.152.72,ipv4,malicious-ip,medium,WHITE,ziyadnz/hourly-ipv4,ziyadnz|hourly,2026-08-17T18:48:05Z,2026-08-17T18:48:05Z,
91.196.152.73,ipv4,malicious-ip,medium,WHITE,ziyadnz/hourly-ipv4,ziyadnz|hourly,2026-08-17T18:48:05Z,2026-08-17T18:48:05Z,
91.196.152.74,ipv4,malicious-ip,medium,WHITE,ziyadnz/hourly-ipv4,ziyadnz|hourly,2026-08-17T18:48:05Z,2026-08-17T18:48:05Z,
91.196.152.75,ipv4,malicious-ip,medium,WHITE,ziyadnz/hourly-ipv4,ziyadnz|hourly,2026-08-17T18:48:05Z,2026-08-17T18:48:05Z,
91.196.152.76,ipv4,malicious-ip,medium,WHITE,ziyadnz/hourly-ipv4,ziyadnz|hourly,2026-08-17T18:48:05Z,2026-08-17T18:48:05Z,
91.196.152.77,ipv4,malicious-ip,medium,WHITE,ziyadnz/hourly-ipv4,ziyadnz|hourly,2026-08-17T18:48:05Z,2026-08-17T18:48:05Z,
91.196.152.78,ipv4,malicious-ip,medium,WHITE,ziyadnz/hourly-ipv4,ziyadnz|hourly,2026-08-17T18:48:05Z,2026-08-17T18:48:05Z,
91.196.152.79,ipv4,malicious-ip,medium,WHITE,ziyadnz/hourly-ipv4,ziyadnz|hourly,2026-08-17T18:48:05Z,2026-08-17T18:48:05Z,
91.196.152.8,ipv4,malicious-ip,medium,WHITE,ziyadnz/hourly-ipv4,ziyadnz|hourly,2026-08-17T18:48:05Z,2026-08-17T18:48:05Z,
91.196.152.80,ipv4,malicious-ip,medium,WHITE,ziyadnz/hourly-ipv4,ziyadnz|hourly,2026-08-17T18:48:05Z,2026-08-17T18:48:05Z,
91.196.152.81,ipv4,malicious-ip,medium,WHITE,ziyadnz/hourly-ipv4,ziyadnz|hourly,2026-08-17T18:48:05Z,2026-08-17T18:48:05Z,
91.196.152.82,ipv4,malicious-ip,medium,WHITE,ziyadnz/hourly-ipv4,ziyadnz|hourly,2026-08-17T18:48:05Z,2026-08-17T18:48:05Z,
91.196.152.83,ipv4,malicious-ip,medium,WHITE,ziyadnz/hourly-ipv4,ziyadnz|hourly,2026-08-17T18:48:05Z,2026-08-17T18:48:05Z,
91.196.152.84,ipv4,malicious-ip,medium,WHITE,ziyadnz/hourly-ipv4,ziyadnz|hourly,2026-08-17T18:48:05Z,2026-08-17T18:48:05Z,
91.196.152.85,ipv4,malicious-ip,medium,WHITE,ziyadnz/hourly-ipv4,ziyadnz|hourly,2026-08-17T18:48:05Z,2026-08-17T18:48:05Z,
91.196.152.86,ipv4,malicious-ip,medium,WHITE,ziyadnz/hourly-ipv4,ziyadnz|hourly,2026-08-17T18:48:05Z,2026-08-17T18:48:05Z,
91.196.152.87,ipv4,malicious-ip,medium,WHITE,ziyadnz/hourly-ipv4,ziyadnz|hourly,2026-08-17T18:48:05Z,2026-08-17T18:48:05Z,
91.196.152.88,ipv4,malicious-ip,medium,WHITE,ziyadnz/hourly-ipv4,ziyadnz|hourly,2026-08-17T18:48:05Z,2026-08-17T18:48:05Z,
91.196.152.89,ipv4,malicious-ip,medium,WHITE,ziyadnz/hourly-ipv4,ziyadnz|hourly,2026-08-17T18:48:05Z,2026-08-17T18:48:05Z,
91.196.152.9,ipv4,malicious-ip,medium,WHITE,ziyadnz/hourly-ipv4,ziyadnz|hourly,2026-08-17T18:48:05Z,2026-08-17T18:48:05Z,
91.196.152.90,ipv4,malicious-ip,medium,WHITE,ziyadnz/hourly-ipv4,ziyadnz|hourly,2026-08-17T18:48:05Z,2026-08-17T18:48:05Z,
91.196.152.91,ipv4,malicious-ip,medium,WHITE,ziyadnz/hourly-ipv4,ziyadnz|hourly,2026-08-17T18:48:05Z,2026-08-17T18:48:05Z,
91.196.152.92,ipv4,malicious-ip,medium,WHITE,ziyadnz/hourly-ipv4,ziyadnz|hourly,2026-08-17T18:48:05Z,2026-08-17T18:48:05Z,
91.196.152.93,ipv4,malicious-ip,medium,WHITE,ziyadnz/hourly-ipv4,ziyadnz|hourly,2026-08-17T18:48:05Z,2026-08-17T18:48:05Z,
91.196.152.94,ipv4,malicious-ip,medium,WHITE,ziyadnz/hourly-ipv4,ziyadnz|hourly,2026-08-17T18:48:05Z,2026-08-17T18:48:05Z,
91.196.152.95,ipv4,malicious-ip,medium,WHITE,ziyadnz/hourly-ipv4,ziyadnz|hourly,2026-08-17T18:48:05Z,2026-08-17T18:48:05Z,
91.196.152.96,ipv4,malicious-ip,medium,WHITE,ziyadnz/hourly-ipv4,ziyadnz|hourly,2026-08-17T18:48:05Z,2026-08-17T18:48:05Z,
91.196.152.97,ipv4,malicious-ip,medium,WHITE,ziyadnz/hourly-ipv4,ziyadnz|hourly,2026-08-17T18:48:05Z,2026-08-17T18:48:05Z,
91.196.152.98,ipv4,malicious-ip,medium,WHITE,ziyadnz/hourly-ipv4,ziyadnz|hourly,2026-08-17T18:48:05Z,2026-08-17T18:48:05Z,
91.196.152.99,ipv4,malicious-ip,medium,WHITE,ziyadnz/hourly-ipv4,ziyadnz|hourly,2026-08-17T18:48:05Z,2026-08-17T18:48:05Z,
91.196.178.175,ipv4,malicious-ip,medium,WHITE,ziyadnz/hourly-ipv4,ziyadnz|hourly,2026-08-17T18:48:05Z,2026-08-17T18:48:05Z,
91.196.228.143,ipv4,malicious-ip,medium,WHITE,ziyadnz/hourly-ipv4,ziyadnz|hourly,2026-08-17T18:48:05Z,2026-08-17T18:48:05Z,
91.196.228.252,ipv4,malicious-ip,medium,WHITE,ziyadnz/hourly-ipv4,ziyadnz|hourly,2026-08-17T18:48:05Z,2026-08-17T18:48:05Z,
91.196.231.247,ipv4,malicious-ip,medium,WHITE,ziyadnz/hourly-ipv4,ziyadnz|hourly,2026-08-17T18:48:05Z,2026-08-17T18:48:05Z,
91.196.231.35,ipv4,malicious-ip,medium,WHITE,ziyadnz/hourly-ipv4,ziyadnz|hourly,2026-08-17T18:48:05Z,2026-08-17T18:48:05Z,
91.196.32.55,ipv4,malicious-ip,medium,WHITE,ziyadnz/hourly-ipv4,ziyadnz|hourly,2026-08-17T18:48:05Z,2026-08-17T18:48:05Z,
91.196.80.54,ipv4,malicious-ip,medium,WHITE,ziyadnz/hourly-ipv4,ziyadnz|hourly,2026-08-17T18:48:05Z,2026-08-17T18:48:05Z,
91.196.80.60,ipv4,malicious-ip,medium,WHITE,ziyadnz/hourly-ipv4,ziyadnz|hourly,2026-08-17T18:48:05Z,2026-08-17T18:48:05Z,
91.197.19.109,ipv4,malicious-ip,medium,WHITE,ziyadnz/hourly-ipv4,ziyadnz|hourly,2026-08-17T18:48:05Z,2026-08-17T18:48:05Z,
91.198.101.149,ipv4,malicious-ip,medium,WHITE,ziyadnz/hourly-ipv4,ziyadnz|hourly,2026-08-17T18:48:05Z,2026-08-17T18:48:05Z,
91.198.66.120,ipv4,malicious-ip,medium,WHITE,ziyadnz/hourly-ipv4,ziyadnz|hourly,2026-08-17T18:48:05Z,2026-08-17T18:48:05Z,
91.198.66.175,ipv4,malicious-ip,medium,WHITE,ziyadnz/hourly-ipv4,ziyadnz|hourly,2026-08-17T18:48:05Z,2026-08-17T18:48:05Z,
91.198.66.9,ipv4,malicious-ip,medium,WHITE,ziyadnz/hourly-ipv4,ziyadnz|hourly,2026-08-17T18:48:05Z,2026-08-17T18:48:05Z,
91.198.77.161,ipv4,malicious-ip,medium,WHITE,ziyadnz/hourly-ipv4,ziyadnz|hourly,2026-08-17T18:48:05Z,2026-08-17T18:48:05Z,
91.199.118.49,ipv4,malicious-ip,medium,WHITE,ziyadnz/hourly-ipv4,ziyadnz|hourly,2026-08-17T18:48:05Z,2026-08-17T18:48:05Z,
91.199.118.57,ipv4,malicious-ip,medium,WHITE,ziyadnz/hourly-ipv4,ziyadnz|hourly,2026-08-17T18:48:05Z,2026-08-17T18:48:05Z,
91.199.118.59,ipv4,malicious-ip,medium,WHITE,ziyadnz/hourly-ipv4,ziyadnz|hourly,2026-08-17T18:48:05Z,2026-08-17T18:48:05Z,
91.199.160.218,ipv4,malicious-ip,medium,WHITE,ziyadnz/hourly-ipv4,ziyadnz|hourly,2026-08-17T18:48:05Z,2026-08-17T18:48:05Z,
91.199.163.52,ipv4,malicious-ip,medium,WHITE,ziyadnz/hourly-ipv4,ziyadnz|hourly,2026-08-17T18:48:05Z,2026-08-17T18:48:05Z,
91.200.14.246,ipv4,malicious-ip,medium,WHITE,ziyadnz/hourly-ipv4,ziyadnz|hourly,2026-08-17T18:48:05Z,2026-08-17T18:48:05Z,
91.200.14.69,ipv4,malicious-ip,medium,WHITE,ziyadnz/hourly-ipv4,ziyadnz|hourly,2026-08-17T18:48:05Z,2026-08-17T18:48:05Z,
91.200.220.143,ipv4,malicious-ip,medium,WHITE,ziyadnz/hourly-ipv4,ziyadnz|hourly,2026-08-17T18:48:05Z,2026-08-17T18:48:05Z,
91.200.43.22,ipv4,malicious-ip,medium,WHITE,ziyadnz/hourly-ipv4,ziyadnz|hourly,2026-08-17T18:48:05Z,2026-08-17T18:48:05Z,
91.200.52.76,ipv4,malicious-ip,medium,WHITE,ziyadnz/hourly-ipv4,ziyadnz|hourly,2026-08-17T18:48:05Z,2026-08-17T18:48:05Z,
91.200.53.77,ipv4,malicious-ip,medium,WHITE,ziyadnz/hourly-ipv4,ziyadnz|hourly,2026-08-17T18:48:05Z,2026-08-17T18:48:05Z,
91.201.115.148,ipv4,malicious-ip,medium,WHITE,ziyadnz/hourly-ipv4,ziyadnz|hourly,2026-08-17T18:48:05Z,2026-08-17T18:48:05Z,
91.201.168.105,ipv4,malicious-ip,medium,WHITE,ziyadnz/hourly-ipv4,ziyadnz|hourly,2026-08-17T18:48:05Z,2026-08-17T18:48:05Z,
91.201.216.61,ipv4,malicious-ip,medium,WHITE,ziyadnz/hourly-ipv4,ziyadnz|hourly,2026-08-17T18:48:05Z,2026-08-17T18:48:05Z,
91.202.233.115,ipv4,malicious-ip,medium,WHITE,ziyadnz/hourly-ipv4,ziyadnz|hourly,2026-08-17T18:48:05Z,2026-08-17T18:48:05Z,
91.202.233.132,ipv4,malicious-ip,medium,WHITE,ziyadnz/hourly-ipv4,ziyadnz|hourly,2026-08-17T18:48:05Z,2026-08-17T18:48:05Z,
91.202.233.18,ipv4,malicious-ip,medium,WHITE,ziyadnz/hourly-ipv4,ziyadnz|hourly,2026-08-17T18:48:05Z,2026-08-17T18:48:05Z,
91.202.233.215,ipv4,malicious-ip,medium,WHITE,ziyadnz/hourly-ipv4,ziyadnz|hourly,2026-08-17T18:48:05Z,2026-08-17T18:48:05Z,
91.202.233.250,ipv4,malicious-ip,medium,WHITE,ziyadnz/hourly-ipv4,ziyadnz|hourly,2026-08-17T18:48:05Z,2026-08-17T18:48:05Z,
91.202.233.251,ipv4,malicious-ip,medium,WHITE,ziyadnz/hourly-ipv4,ziyadnz|hourly,2026-08-17T18:48:05Z,2026-08-17T18:48:05Z,
91.202.27.61,ipv4,malicious-ip,medium,WHITE,ziyadnz/hourly-ipv4,ziyadnz|hourly,2026-08-17T18:48:05Z,2026-08-17T18:48:05Z,
91.202.4.76,ipv4,malicious-ip,medium,WHITE,ziyadnz/hourly-ipv4,ziyadnz|hourly,2026-08-17T18:48:05Z,2026-08-17T18:48:05Z,
91.203.111.3,ipv4,malicious-ip,medium,WHITE,ziyadnz/hourly-ipv4,ziyadnz|hourly,2026-08-17T18:48:05Z,2026-08-17T18:48:05Z,
91.203.132.252,ipv4,malicious-ip,medium,WHITE,ziyadnz/hourly-ipv4,ziyadnz|hourly,2026-08-17T18:48:05Z,2026-08-17T18:48:05Z,
91.203.135.214,ipv4,malicious-ip,medium,WHITE,ziyadnz/hourly-ipv4,ziyadnz|hourly,2026-08-17T18:48:05Z,2026-08-17T18:48:05Z,
91.203.144.194,ipv4,malicious-ip,medium,WHITE,ziyadnz/hourly-ipv4,ziyadnz|hourly,2026-08-17T18:48:05Z,2026-08-17T18:48:05Z,
91.203.145.116,ipv4,malicious-ip,medium,WHITE,ziyadnz/hourly-ipv4,ziyadnz|hourly,2026-08-17T18:48:05Z,2026-08-17T18:48:05Z,
91.203.193.162,ipv4,malicious-ip,medium,WHITE,ziyadnz/hourly-ipv4,ziyadnz|hourly,2026-08-17T18:48:05Z,2026-08-17T18:48:05Z,
91.203.63.14,ipv4,malicious-ip,medium,WHITE,ziyadnz/hourly-ipv4,ziyadnz|hourly,2026-08-17T18:48:05Z,2026-08-17T18:48:05Z,
91.204.86.232,ipv4,malicious-ip,medium,WHITE,ziyadnz/hourly-ipv4,ziyadnz|hourly,2026-08-17T18:48:05Z,2026-08-17T18:48:05Z,
91.205.197.23,ipv4,malicious-ip,medium,WHITE,ziyadnz/hourly-ipv4,ziyadnz|hourly,2026-08-17T18:48:05Z,2026-08-17T18:48:05Z,
91.205.199.180,ipv4,malicious-ip,medium,WHITE,ziyadnz/hourly-ipv4,ziyadnz|hourly,2026-08-17T18:48:05Z,2026-08-17T18:48:05Z,
91.206.178.10,ipv4,malicious-ip,medium,WHITE,ziyadnz/hourly-ipv4,ziyadnz|hourly,2026-08-17T18:48:05Z,2026-08-17T18:48:05Z,
91.206.178.120,ipv4,malicious-ip,medium,WHITE,ziyadnz/hourly-ipv4,ziyadnz|hourly,2026-08-17T18:48:05Z,2026-08-17T18:48:05Z,
91.206.178.125,ipv4,malicious-ip,medium,WHITE,ziyadnz/hourly-ipv4,ziyadnz|hourly,2026-08-17T18:48:05Z,2026-08-17T18:48:05Z,
91.206.178.133,ipv4,malicious-ip,medium,WHITE,ziyadnz/hourly-ipv4,ziyadnz|hourly,2026-08-17T18:48:05Z,2026-08-17T18:48:05Z,
91.206.178.155,ipv4,malicious-ip,medium,WHITE,ziyadnz/hourly-ipv4,ziyadnz|hourly,2026-08-17T18:48:05Z,2026-08-17T18:48:05Z,
91.206.26.26,ipv4,malicious-ip,medium,WHITE,ziyadnz/hourly-ipv4,ziyadnz|hourly,2026-08-17T18:48:05Z,2026-08-17T18:48:05Z,
91.207.104.61,ipv4,malicious-ip,medium,WHITE,ziyadnz/hourly-ipv4,ziyadnz|hourly,2026-08-17T18:48:05Z,2026-08-17T18:48:05Z,
91.207.210.132,ipv4,malicious-ip,medium,WHITE,ziyadnz/hourly-ipv4,ziyadnz|hourly,2026-08-17T18:48:05Z,2026-08-17T18:48:05Z,
91.207.218.133,ipv4,malicious-ip,medium,WHITE,ziyadnz/hourly-ipv4,ziyadnz|hourly,2026-08-17T18:48:05Z,2026-08-17T18:48:05Z,
91.207.218.83,ipv4,malicious-ip,medium,WHITE,ziyadnz/hourly-ipv4,ziyadnz|hourly,2026-08-17T18:48:05Z,2026-08-17T18:48:05Z,
91.207.244.97,ipv4,malicious-ip,medium,WHITE,ziyadnz/hourly-ipv4,ziyadnz|hourly,2026-08-17T18:48:05Z,2026-08-17T18:48:05Z,
91.207.245.0,ipv4,malicious-ip,medium,WHITE,ziyadnz/hourly-ipv4,ziyadnz|hourly,2026-08-17T18:48:05Z,2026-08-17T18:48:05Z,
91.207.245.129,ipv4,malicious-ip,medium,WHITE,ziyadnz/hourly-ipv4,ziyadnz|hourly,2026-08-17T18:48:05Z,2026-08-17T18:48:05Z,
91.207.245.146,ipv4,malicious-ip,medium,WHITE,ziyadnz/hourly-ipv4,ziyadnz|hourly,2026-08-17T18:48:05Z,2026-08-17T18:48:05Z,
91.207.245.159,ipv4,malicious-ip,medium,WHITE,ziyadnz/hourly-ipv4,ziyadnz|hourly,2026-08-17T18:48:05Z,2026-08-17T18:48:05Z,
91.207.245.163,ipv4,malicious-ip,medium,WHITE,ziyadnz/hourly-ipv4,ziyadnz|hourly,2026-08-17T18:48:05Z,2026-08-17T18:48:05Z,
91.207.245.201,ipv4,malicious-ip,medium,WHITE,ziyadnz/hourly-ipv4,ziyadnz|hourly,2026-08-17T18:48:05Z,2026-08-17T18:48:05Z,
91.207.245.212,ipv4,malicious-ip,medium,WHITE,ziyadnz/hourly-ipv4,ziyadnz|hourly,2026-08-17T18:48:05Z,2026-08-17T18:48:05Z,
91.207.245.249,ipv4,malicious-ip,medium,WHITE,ziyadnz/hourly-ipv4,ziyadnz|hourly,2026-08-17T18:48:05Z,2026-08-17T18:48:05Z,
91.207.52.14,ipv4,malicious-ip,medium,WHITE,ziyadnz/hourly-ipv4,ziyadnz|hourly,2026-08-17T18:48:05Z,2026-08-17T18:48:05Z,
91.207.75.102,ipv4,malicious-ip,medium,WHITE,ziyadnz/hourly-ipv4,ziyadnz|hourly,2026-08-17T18:48:05Z,2026-08-17T18:48:05Z,
91.208.162.12,ipv4,malicious-ip,medium,WHITE,ziyadnz/hourly-ipv4,ziyadnz|hourly,2026-08-17T18:48:05Z,2026-08-17T18:48:05Z,
91.208.162.129,ipv4,malicious-ip,medium,WHITE,ziyadnz/hourly-ipv4,ziyadnz|hourly,2026-08-17T18:48:05Z,2026-08-17T18:48:05Z,
91.208.162.173,ipv4,malicious-ip,medium,WHITE,ziyadnz/hourly-ipv4,ziyadnz|hourly,2026-08-17T18:48:05Z,2026-08-17T18:48:05Z,
91.208.162.96,ipv4,malicious-ip,medium,WHITE,ziyadnz/hourly-ipv4,ziyadnz|hourly,2026-08-17T18:48:05Z,2026-08-17T18:48:05Z,
91.208.184.150,ipv4,malicious-ip,medium,WHITE,ziyadnz/hourly-ipv4,ziyadnz|hourly,2026-08-17T18:48:05Z,2026-08-17T18:48:05Z,
91.208.184.192,ipv4,malicious-ip,medium,WHITE,ziyadnz/hourly-ipv4,ziyadnz|hourly,2026-08-17T18:48:05Z,2026-08-17T18:48:05Z,
91.208.197.167,ipv4,malicious-ip,medium,WHITE,ziyadnz/hourly-ipv4,ziyadnz|hourly,2026-08-17T18:48:05Z,2026-08-17T18:48:05Z,
91.208.197.20,ipv4,malicious-ip,medium,WHITE,ziyadnz/hourly-ipv4,ziyadnz|hourly,2026-08-17T18:48:05Z,2026-08-17T18:48:05Z,
91.208.206.118,ipv4,malicious-ip,medium,WHITE,ziyadnz/hourly-ipv4,ziyadnz|hourly,2026-08-17T18:48:05Z,2026-08-17T18:48:05Z,
91.208.52.21,ipv4,malicious-ip,medium,WHITE,ziyadnz/hourly-ipv4,ziyadnz|hourly,2026-08-17T18:48:05Z,2026-08-17T18:48:05Z,
91.208.73.57,ipv4,malicious-ip,medium,WHITE,ziyadnz/hourly-ipv4,ziyadnz|hourly,2026-08-17T18:48:05Z,2026-08-17T18:48:05Z,
91.208.75.153,ipv4,malicious-ip,medium,WHITE,ziyadnz/hourly-ipv4,ziyadnz|hourly,2026-08-17T18:48:05Z,2026-08-17T18:48:05Z,
91.208.75.156,ipv4,malicious-ip,medium,WHITE,ziyadnz/hourly-ipv4,ziyadnz|hourly,2026-08-17T18:48:05Z,2026-08-17T18:48:05Z,
91.208.75.178,ipv4,malicious-ip,medium,WHITE,ziyadnz/hourly-ipv4,ziyadnz|hourly,2026-08-17T18:48:05Z,2026-08-17T18:48:05Z,
91.208.75.239,ipv4,malicious-ip,medium,WHITE,ziyadnz/hourly-ipv4,ziyadnz|hourly,2026-08-17T18:48:05Z,2026-08-17T18:48:05Z,
91.208.75.3,ipv4,malicious-ip,medium,WHITE,ziyadnz/hourly-ipv4,ziyadnz|hourly,2026-08-17T18:48:05Z,2026-08-17T18:48:05Z,
91.208.75.4,ipv4,malicious-ip,medium,WHITE,ziyadnz/hourly-ipv4,ziyadnz|hourly,2026-08-17T18:48:05Z,2026-08-17T18:48:05Z,
91.209.225.53,ipv4,malicious-ip,medium,WHITE,ziyadnz/hourly-ipv4,ziyadnz|hourly,2026-08-17T18:48:05Z,2026-08-17T18:48:05Z,
91.209.48.146,ipv4,malicious-ip,medium,WHITE,ziyadnz/hourly-ipv4,ziyadnz|hourly,2026-08-17T18:48:05Z,2026-08-17T18:48:05Z,
91.210.166.29,ipv4,malicious-ip,medium,WHITE,ziyadnz/hourly-ipv4,ziyadnz|hourly,2026-08-17T18:48:05Z,2026-08-17T18:48:05Z,
91.210.169.154,ipv4,malicious-ip,medium,WHITE,ziyadnz/hourly-ipv4,ziyadnz|hourly,2026-08-17T18:48:05Z,2026-08-17T18:48:05Z,
91.210.224.231,ipv4,malicious-ip,medium,WHITE,ziyadnz/hourly-ipv4,ziyadnz|hourly,2026-08-17T18:48:05Z,2026-08-17T18:48:05Z,
91.210.248.198,ipv4,malicious-ip,medium,WHITE,ziyadnz/hourly-ipv4,ziyadnz|hourly,2026-08-17T18:48:05Z,2026-08-17T18:48:05Z,
91.210.248.211,ipv4,malicious-ip,medium,WHITE,ziyadnz/hourly-ipv4,ziyadnz|hourly,2026-08-17T18:48:05Z,2026-08-17T18:48:05Z,
91.210.248.213,ipv4,malicious-ip,medium,WHITE,ziyadnz/hourly-ipv4,ziyadnz|hourly,2026-08-17T18:48:05Z,2026-08-17T18:48:05Z,
91.210.249.161,ipv4,malicious-ip,medium,WHITE,ziyadnz/hourly-ipv4,ziyadnz|hourly,2026-08-17T18:48:05Z,2026-08-17T18:48:05Z,
91.210.250.18,ipv4,malicious-ip,medium,WHITE,ziyadnz/hourly-ipv4,ziyadnz|hourly,2026-08-17T18:48:05Z,2026-08-17T18:48:05Z,
91.210.250.21,ipv4,malicious-ip,medium,WHITE,ziyadnz/hourly-ipv4,ziyadnz|hourly,2026-08-17T18:48:05Z,2026-08-17T18:48:05Z,
91.211.23.39,ipv4,malicious-ip,medium,WHITE,ziyadnz/hourly-ipv4,ziyadnz|hourly,2026-08-17T18:48:05Z,2026-08-17T18:48:05Z,
91.211.247.248,ipv4,malicious-ip,medium,WHITE,ziyadnz/hourly-ipv4,ziyadnz|hourly,2026-08-17T18:48:05Z,2026-08-17T18:48:05Z,
91.211.249.44,ipv4,malicious-ip,medium,WHITE,ziyadnz/hourly-ipv4,ziyadnz|hourly,2026-08-17T18:48:05Z,2026-08-17T18:48:05Z,
91.211.251.37,ipv4,malicious-ip,medium,WHITE,ziyadnz/hourly-ipv4,ziyadnz|hourly,2026-08-17T18:48:05Z,2026-08-17T18:48:05Z,
91.211.50.211,ipv4,malicious-ip,medium,WHITE,ziyadnz/hourly-ipv4,ziyadnz|hourly,2026-08-17T18:48:05Z,2026-08-17T18:48:05Z,
91.212.150.178,ipv4,malicious-ip,medium,WHITE,ziyadnz/hourly-ipv4,ziyadnz|hourly,2026-08-17T18:48:05Z,2026-08-17T18:48:05Z,
91.212.166.17,ipv4,malicious-ip,medium,WHITE,ziyadnz/hourly-ipv4,ziyadnz|hourly,2026-08-17T18:48:05Z,2026-08-17T18:48:05Z,
91.212.166.21,ipv4,malicious-ip,medium,WHITE,ziyadnz/hourly-ipv4,ziyadnz|hourly,2026-08-17T18:48:05Z,2026-08-17T18:48:05Z,
91.212.166.91,ipv4,malicious-ip,medium,WHITE,ziyadnz/hourly-ipv4,ziyadnz|hourly,2026-08-17T18:48:05Z,2026-08-17T18:48:05Z,
91.212.45.5,ipv4,malicious-ip,medium,WHITE,ziyadnz/hourly-ipv4,ziyadnz|hourly,2026-08-17T18:48:05Z,2026-08-17T18:48:05Z,
91.212.68.176,ipv4,malicious-ip,medium,WHITE,ziyadnz/hourly-ipv4,ziyadnz|hourly,2026-08-17T18:48:05Z,2026-08-17T18:48:05Z,
91.213.50.74,ipv4,malicious-ip,medium,WHITE,ziyadnz/hourly-ipv4,ziyadnz|hourly,2026-08-17T18:48:05Z,2026-08-17T18:48:05Z,
91.214.142.18,ipv4,malicious-ip,medium,WHITE,ziyadnz/hourly-ipv4,ziyadnz|hourly,2026-08-17T18:48:05Z,2026-08-17T18:48:05Z,
91.214.143.10,ipv4,malicious-ip,medium,WHITE,ziyadnz/hourly-ipv4,ziyadnz|hourly,2026-08-17T18:48:05Z,2026-08-17T18:48:05Z,
91.214.143.42,ipv4,malicious-ip,medium,WHITE,ziyadnz/hourly-ipv4,ziyadnz|hourly,2026-08-17T18:48:05Z,2026-08-17T18:48:05Z,
91.214.143.64,ipv4,malicious-ip,medium,WHITE,ziyadnz/hourly-ipv4,ziyadnz|hourly,2026-08-17T18:48:05Z,2026-08-17T18:48:05Z,
91.214.143.65,ipv4,malicious-ip,medium,WHITE,ziyadnz/hourly-ipv4,ziyadnz|hourly,2026-08-17T18:48:05Z,2026-08-17T18:48:05Z,
91.214.186.156,ipv4,malicious-ip,medium,WHITE,ziyadnz/hourly-ipv4,ziyadnz|hourly,2026-08-17T18:48:05Z,2026-08-17T18:48:05Z,
91.214.208.188,ipv4,malicious-ip,medium,WHITE,ziyadnz/hourly-ipv4,ziyadnz|hourly,2026-08-17T18:48:05Z,2026-08-17T18:48:05Z,
91.214.208.196,ipv4,malicious-ip,medium,WHITE,ziyadnz/hourly-ipv4,ziyadnz|hourly,2026-08-17T18:48:05Z,2026-08-17T18:48:05Z,
91.214.208.202,ipv4,malicious-ip,medium,WHITE,ziyadnz/hourly-ipv4,ziyadnz|hourly,2026-08-17T18:48:05Z,2026-08-17T18:48:05Z,
91.214.223.7,ipv4,malicious-ip,medium,WHITE,ziyadnz/hourly-ipv4,ziyadnz|hourly,2026-08-17T18:48:05Z,2026-08-17T18:48:05Z,
91.215.108.149,ipv4,malicious-ip,medium,WHITE,ziyadnz/hourly-ipv4,ziyadnz|hourly,2026-08-17T18:48:05Z,2026-08-17T18:48:05Z,
91.215.144.213,ipv4,malicious-ip,medium,WHITE,ziyadnz/hourly-ipv4,ziyadnz|hourly,2026-08-17T18:48:05Z,2026-08-17T18:48:05Z,
91.215.144.238,ipv4,malicious-ip,medium,WHITE,ziyadnz/hourly-ipv4,ziyadnz|hourly,2026-08-17T18:48:05Z,2026-08-17T18:48:05Z,
91.215.144.37,ipv4,malicious-ip,medium,WHITE,ziyadnz/hourly-ipv4,ziyadnz|hourly,2026-08-17T18:48:05Z,2026-08-17T18:48:05Z,
91.215.144.43,ipv4,malicious-ip,medium,WHITE,ziyadnz/hourly-ipv4,ziyadnz|hourly,2026-08-17T18:48:05Z,2026-08-17T18:48:05Z,
91.215.144.53,ipv4,malicious-ip,medium,WHITE,ziyadnz/hourly-ipv4,ziyadnz|hourly,2026-08-17T18:48:05Z,2026-08-17T18:48:05Z,
91.215.146.1,ipv4,malicious-ip,medium,WHITE,ziyadnz/hourly-ipv4,ziyadnz|hourly,2026-08-17T18:48:05Z,2026-08-17T18:48:05Z,
91.215.146.11,ipv4,malicious-ip,medium,WHITE,ziyadnz/hourly-ipv4,ziyadnz|hourly,2026-08-17T18:48:05Z,2026-08-17T18:48:05Z,
91.215.146.159,ipv4,malicious-ip,medium,WHITE,ziyadnz/hourly-ipv4,ziyadnz|hourly,2026-08-17T18:48:05Z,2026-08-17T18:48:05Z,
91.215.146.187,ipv4,malicious-ip,medium,WHITE,ziyadnz/hourly-ipv4,ziyadnz|hourly,2026-08-17T18:48:05Z,2026-08-17T18:48:05Z,
91.215.146.2,ipv4,malicious-ip,medium,WHITE,ziyadnz/hourly-ipv4,ziyadnz|hourly,2026-08-17T18:48:05Z,2026-08-17T18:48:05Z,
91.215.152.7,ipv4,malicious-ip,medium,WHITE,ziyadnz/hourly-ipv4,ziyadnz|hourly,2026-08-17T18:48:05Z,2026-08-17T18:48:05Z,
91.215.40.30,ipv4,malicious-ip,medium,WHITE,ziyadnz/hourly-ipv4,ziyadnz|hourly,2026-08-17T18:48:05Z,2026-08-17T18:48:05Z,
91.215.71.134,ipv4,malicious-ip,medium,WHITE,ziyadnz/hourly-ipv4,ziyadnz|hourly,2026-08-17T18:48:05Z,2026-08-17T18:48:05Z,
91.215.85.103,ipv4,malicious-ip,medium,WHITE,ziyadnz/hourly-ipv4,ziyadnz|hourly,2026-08-17T18:48:05Z,2026-08-17T18:48:05Z,
91.215.85.104,ipv4,malicious-ip,medium,WHITE,ziyadnz/hourly-ipv4,ziyadnz|hourly,2026-08-17T18:48:05Z,2026-08-17T18:48:05Z,
91.215.85.121,ipv4,malicious-ip,medium,WHITE,ziyadnz/hourly-ipv4,ziyadnz|hourly,2026-08-17T18:48:05Z,2026-08-17T18:48:05Z,
91.215.85.183,ipv4,malicious-ip,medium,WHITE,ziyadnz/hourly-ipv4,ziyadnz|hourly,2026-08-17T18:48:05Z,2026-08-17T18:48:05Z,
91.215.85.188,ipv4,malicious-ip,medium,WHITE,ziyadnz/hourly-ipv4,ziyadnz|hourly,2026-08-17T18:48:05Z,2026-08-17T18:48:05Z,
91.215.89.236,ipv4,malicious-ip,medium,WHITE,ziyadnz/hourly-ipv4,ziyadnz|hourly,2026-08-17T18:48:05Z,2026-08-17T18:48:05Z,
91.215.89.76,ipv4,malicious-ip,medium,WHITE,ziyadnz/hourly-ipv4,ziyadnz|hourly,2026-08-17T18:48:05Z,2026-08-17T18:48:05Z,
91.215.89.84,ipv4,malicious-ip,medium,WHITE,ziyadnz/hourly-ipv4,ziyadnz|hourly,2026-08-17T18:48:05Z,2026-08-17T18:48:05Z,
91.216.133.131,ipv4,malicious-ip,medium,WHITE,ziyadnz/hourly-ipv4,ziyadnz|hourly,2026-08-17T18:48:05Z,2026-08-17T18:48:05Z,
91.217.108.198,ipv4,malicious-ip,medium,WHITE,ziyadnz/hourly-ipv4,ziyadnz|hourly,2026-08-17T18:48:05Z,2026-08-17T18:48:05Z,
91.217.12.152,ipv4,malicious-ip,medium,WHITE,ziyadnz/hourly-ipv4,ziyadnz|hourly,2026-08-17T18:48:05Z,2026-08-17T18:48:05Z,
91.217.76.253,ipv4,malicious-ip,medium,WHITE,ziyadnz/hourly-ipv4,ziyadnz|hourly,2026-08-17T18:48:05Z,2026-08-17T18:48:05Z,
91.218.162.216,ipv4,malicious-ip,medium,WHITE,ziyadnz/hourly-ipv4,ziyadnz|hourly,2026-08-17T18:48:05Z,2026-08-17T18:48:05Z,
91.218.67.179,ipv4,malicious-ip,medium,WHITE,ziyadnz/hourly-ipv4,ziyadnz|hourly,2026-08-17T18:48:05Z,2026-08-17T18:48:05Z,
91.218.88.220,ipv4,malicious-ip,medium,WHITE,ziyadnz/hourly-ipv4,ziyadnz|hourly,2026-08-17T18:48:05Z,2026-08-17T18:48:05Z,
91.218.89.106,ipv4,malicious-ip,medium,WHITE,ziyadnz/hourly-ipv4,ziyadnz|hourly,2026-08-17T18:48:05Z,2026-08-17T18:48:05Z,
91.218.90.129,ipv4,malicious-ip,medium,WHITE,ziyadnz/hourly-ipv4,ziyadnz|hourly,2026-08-17T18:48:05Z,2026-08-17T18:48:05Z,
91.219.138.63,ipv4,malicious-ip,medium,WHITE,ziyadnz/hourly-ipv4,ziyadnz|hourly,2026-08-17T18:48:05Z,2026-08-17T18:48:05Z,
91.219.148.93,ipv4,malicious-ip,medium,WHITE,ziyadnz/hourly-ipv4,ziyadnz|hourly,2026-08-17T18:48:05Z,2026-08-17T18:48:05Z,
91.219.150.64,ipv4,malicious-ip,medium,WHITE,ziyadnz/hourly-ipv4,ziyadnz|hourly,2026-08-17T18:48:05Z,2026-08-17T18:48:05Z,
91.219.151.47,ipv4,malicious-ip,medium,WHITE,ziyadnz/hourly-ipv4,ziyadnz|hourly,2026-08-17T18:48:05Z,2026-08-17T18:48:05Z,
91.219.193.2,ipv4,malicious-ip,medium,WHITE,ziyadnz/hourly-ipv4,ziyadnz|hourly,2026-08-17T18:48:05Z,2026-08-17T18:48:05Z,
91.219.194.21,ipv4,malicious-ip,medium,WHITE,ziyadnz/hourly-ipv4,ziyadnz|hourly,2026-08-17T18:48:05Z,2026-08-17T18:48:05Z,
91.219.236.101,ipv4,malicious-ip,medium,WHITE,ziyadnz/hourly-ipv4,ziyadnz|hourly,2026-08-17T18:48:05Z,2026-08-17T18:48:05Z,
91.219.236.21,ipv4,malicious-ip,medium,WHITE,ziyadnz/hourly-ipv4,ziyadnz|hourly,2026-08-17T18:48:05Z,2026-08-17T18:48:05Z,
91.219.237.36,ipv4,malicious-ip,medium,WHITE,ziyadnz/hourly-ipv4,ziyadnz|hourly,2026-08-17T18:48:05Z,2026-08-17T18:48:05Z,
91.219.237.39,ipv4,malicious-ip,medium,WHITE,ziyadnz/hourly-ipv4,ziyadnz|hourly,2026-08-17T18:48:05Z,2026-08-17T18:48:05Z,
91.219.239.20,ipv4,malicious-ip,medium,WHITE,ziyadnz/hourly-ipv4,ziyadnz|hourly,2026-08-17T18:48:05Z,2026-08-17T18:48:05Z,
91.219.254.77,ipv4,malicious-ip,medium,WHITE,ziyadnz/hourly-ipv4,ziyadnz|hourly,2026-08-17T18:48:05Z,2026-08-17T18:48:05Z,
91.219.255.71,ipv4,malicious-ip,medium,WHITE,ziyadnz/hourly-ipv4,ziyadnz|hourly,2026-08-17T18:48:05Z,2026-08-17T18:48:05Z,
91.219.57.38,ipv4,malicious-ip,medium,WHITE,ziyadnz/hourly-ipv4,ziyadnz|hourly,2026-08-17T18:48:05Z,2026-08-17T18:48:05Z,
91.219.58.221,ipv4,malicious-ip,medium,WHITE,ziyadnz/hourly-ipv4,ziyadnz|hourly,2026-08-17T18:48:05Z,2026-08-17T18:48:05Z,
91.219.62.79,ipv4,malicious-ip,medium,WHITE,ziyadnz/hourly-ipv4,ziyadnz|hourly,2026-08-17T18:48:05Z,2026-08-17T18:48:05Z,
91.220.182.192,ipv4,malicious-ip,medium,WHITE,ziyadnz/hourly-ipv4,ziyadnz|hourly,2026-08-17T18:48:05Z,2026-08-17T18:48:05Z,
91.220.230.141,ipv4,malicious-ip,medium,WHITE,ziyadnz/hourly-ipv4,ziyadnz|hourly,2026-08-17T18:48:05Z,2026-08-17T18:48:05Z,
91.220.230.250,ipv4,malicious-ip,medium,WHITE,ziyadnz/hourly-ipv4,ziyadnz|hourly,2026-08-17T18:48:05Z,2026-08-17T18:48:05Z,
91.220.230.52,ipv4,malicious-ip,medium,WHITE,ziyadnz/hourly-ipv4,ziyadnz|hourly,2026-08-17T18:48:05Z,2026-08-17T18:48:05Z,
91.220.230.61,ipv4,malicious-ip,medium,WHITE,ziyadnz/hourly-ipv4,ziyadnz|hourly,2026-08-17T18:48:05Z,2026-08-17T18:48:05Z,
91.220.61.227,ipv4,malicious-ip,medium,WHITE,ziyadnz/hourly-ipv4,ziyadnz|hourly,2026-08-17T18:48:05Z,2026-08-17T18:48:05Z,
91.221.179.247,ipv4,malicious-ip,medium,WHITE,ziyadnz/hourly-ipv4,ziyadnz|hourly,2026-08-17T18:48:05Z,2026-08-17T18:48:05Z,
91.221.191.167,ipv4,malicious-ip,medium,WHITE,ziyadnz/hourly-ipv4,ziyadnz|hourly,2026-08-17T18:48:05Z,2026-08-17T18:48:05Z,
91.221.218.29,ipv4,malicious-ip,medium,WHITE,ziyadnz/hourly-ipv4,ziyadnz|hourly,2026-08-17T18:48:05Z,2026-08-17T18:48:05Z,
91.221.6.183,ipv4,malicious-ip,medium,WHITE,ziyadnz/hourly-ipv4,ziyadnz|hourly,2026-08-17T18:48:05Z,2026-08-17T18:48:05Z,
91.221.74.51,ipv4,malicious-ip,medium,WHITE,ziyadnz/hourly-ipv4,ziyadnz|hourly,2026-08-17T18:48:05Z,2026-08-17T18:48:05Z,
91.221.88.76,ipv4,malicious-ip,medium,WHITE,ziyadnz/hourly-ipv4,ziyadnz|hourly,2026-08-17T18:48:05Z,2026-08-17T18:48:05Z,
91.222.173.141,ipv4,malicious-ip,medium,WHITE,ziyadnz/hourly-ipv4,ziyadnz|hourly,2026-08-17T18:48:05Z,2026-08-17T18:48:05Z,
91.222.174.95,ipv4,malicious-ip,medium,WHITE,ziyadnz/hourly-ipv4,ziyadnz|hourly,2026-08-17T18:48:05Z,2026-08-17T18:48:05Z,
91.222.217.149,ipv4,malicious-ip,medium,WHITE,ziyadnz/hourly-ipv4,ziyadnz|hourly,2026-08-17T18:48:05Z,2026-08-17T18:48:05Z,
91.222.236.136,ipv4,malicious-ip,medium,WHITE,ziyadnz/hourly-ipv4,ziyadnz|hourly,2026-08-17T18:48:05Z,2026-08-17T18:48:05Z,
91.222.42.13,ipv4,malicious-ip,medium,WHITE,ziyadnz/hourly-ipv4,ziyadnz|hourly,2026-08-17T18:48:05Z,2026-08-17T18:48:05Z,
91.222.42.14,ipv4,malicious-ip,medium,WHITE,ziyadnz/hourly-ipv4,ziyadnz|hourly,2026-08-17T18:48:05Z,2026-08-17T18:48:05Z,
91.222.76.27,ipv4,malicious-ip,medium,WHITE,ziyadnz/hourly-ipv4,ziyadnz|hourly,2026-08-17T18:48:05Z,2026-08-17T18:48:05Z,
91.222.76.29,ipv4,malicious-ip,medium,WHITE,ziyadnz/hourly-ipv4,ziyadnz|hourly,2026-08-17T18:48:05Z,2026-08-17T18:48:05Z,
91.222.79.52,ipv4,malicious-ip,medium,WHITE,ziyadnz/hourly-ipv4,ziyadnz|hourly,2026-08-17T18:48:05Z,2026-08-17T18:48:05Z,
91.222.80.10,ipv4,malicious-ip,medium,WHITE,ziyadnz/hourly-ipv4,ziyadnz|hourly,2026-08-17T18:48:05Z,2026-08-17T18:48:05Z,
91.223.110.248,ipv4,malicious-ip,medium,WHITE,ziyadnz/hourly-ipv4,ziyadnz|hourly,2026-08-17T18:48:05Z,2026-08-17T18:48:05Z,
91.223.110.255,ipv4,malicious-ip,medium,WHITE,ziyadnz/hourly-ipv4,ziyadnz|hourly,2026-08-17T18:48:05Z,2026-08-17T18:48:05Z,
91.223.227.35,ipv4,malicious-ip,medium,WHITE,ziyadnz/hourly-ipv4,ziyadnz|hourly,2026-08-17T18:48:05Z,2026-08-17T18:48:05Z,
91.223.75.96,ipv4,malicious-ip,medium,WHITE,ziyadnz/hourly-ipv4,ziyadnz|hourly,2026-08-17T18:48:05Z,2026-08-17T18:48:05Z,
91.224.137.59,ipv4,malicious-ip,medium,WHITE,ziyadnz/hourly-ipv4,ziyadnz|hourly,2026-08-17T18:48:05Z,2026-08-17T18:48:05Z,
91.224.137.79,ipv4,malicious-ip,medium,WHITE,ziyadnz/hourly-ipv4,ziyadnz|hourly,2026-08-17T18:48:05Z,2026-08-17T18:48:05Z,
91.224.156.138,ipv4,malicious-ip,medium,WHITE,ziyadnz/hourly-ipv4,ziyadnz|hourly,2026-08-17T18:48:05Z,2026-08-17T18:48:05Z,
91.224.171.68,ipv4,malicious-ip,medium,WHITE,ziyadnz/hourly-ipv4,ziyadnz|hourly,2026-08-17T18:48:05Z,2026-08-17T18:48:05Z,
91.224.171.89,ipv4,malicious-ip,medium,WHITE,ziyadnz/hourly-ipv4,ziyadnz|hourly,2026-08-17T18:48:05Z,2026-08-17T18:48:05Z,
91.224.255.44,ipv4,malicious-ip,medium,WHITE,ziyadnz/hourly-ipv4,ziyadnz|hourly,2026-08-17T18:48:05Z,2026-08-17T18:48:05Z,
91.224.255.75,ipv4,malicious-ip,medium,WHITE,ziyadnz/hourly-ipv4,ziyadnz|hourly,2026-08-17T18:48:05Z,2026-08-17T18:48:05Z,
91.224.45.3,ipv4,malicious-ip,medium,WHITE,ziyadnz/hourly-ipv4,ziyadnz|hourly,2026-08-17T18:48:05Z,2026-08-17T18:48:05Z,
91.224.90.50,ipv4,malicious-ip,medium,WHITE,ziyadnz/hourly-ipv4,ziyadnz|hourly,2026-08-17T18:48:05Z,2026-08-17T18:48:05Z,
91.224.92.0,ipv4,malicious-ip,medium,WHITE,ziyadnz/hourly-ipv4,ziyadnz|hourly,2026-08-17T18:48:05Z,2026-08-17T18:48:05Z,
91.224.92.11,ipv4,malicious-ip,medium,WHITE,ziyadnz/hourly-ipv4,ziyadnz|hourly,2026-08-17T18:48:05Z,2026-08-17T18:48:05Z,
91.224.92.110,ipv4,malicious-ip,medium,WHITE,ziyadnz/hourly-ipv4,ziyadnz|hourly,2026-08-17T18:48:05Z,2026-08-17T18:48:05Z,
91.224.92.147,ipv4,malicious-ip,medium,WHITE,ziyadnz/hourly-ipv4,ziyadnz|hourly,2026-08-17T18:48:05Z,2026-08-17T18:48:05Z,
91.224.92.177,ipv4,malicious-ip,medium,WHITE,ziyadnz/hourly-ipv4,ziyadnz|hourly,2026-08-17T18:48:05Z,2026-08-17T18:48:05Z,
91.225.111.30,ipv4,malicious-ip,medium,WHITE,ziyadnz/hourly-ipv4,ziyadnz|hourly,2026-08-17T18:48:05Z,2026-08-17T18:48:05Z,
91.225.161.105,ipv4,malicious-ip,medium,WHITE,ziyadnz/hourly-ipv4,ziyadnz|hourly,2026-08-17T18:48:05Z,2026-08-17T18:48:05Z,
91.225.162.0,ipv4,malicious-ip,medium,WHITE,ziyadnz/hourly-ipv4,ziyadnz|hourly,2026-08-17T18:48:05Z,2026-08-17T18:48:05Z,
91.225.162.120,ipv4,malicious-ip,medium,WHITE,ziyadnz/hourly-ipv4,ziyadnz|hourly,2026-08-17T18:48:05Z,2026-08-17T18:48:05Z,
91.225.162.123,ipv4,malicious-ip,medium,WHITE,ziyadnz/hourly-ipv4,ziyadnz|hourly,2026-08-17T18:48:05Z,2026-08-17T18:48:05Z,
91.225.162.147,ipv4,malicious-ip,medium,WHITE,ziyadnz/hourly-ipv4,ziyadnz|hourly,2026-08-17T18:48:05Z,2026-08-17T18:48:05Z,
91.225.162.151,ipv4,malicious-ip,medium,WHITE,ziyadnz/hourly-ipv4,ziyadnz|hourly,2026-08-17T18:48:05Z,2026-08-17T18:48:05Z,
91.225.162.171,ipv4,malicious-ip,medium,WHITE,ziyadnz/hourly-ipv4,ziyadnz|hourly,2026-08-17T18:48:05Z,2026-08-17T18:48:05Z,
91.225.162.241,ipv4,malicious-ip,medium,WHITE,ziyadnz/hourly-ipv4,ziyadnz|hourly,2026-08-17T18:48:05Z,2026-08-17T18:48:05Z,
91.225.162.242,ipv4,malicious-ip,medium,WHITE,ziyadnz/hourly-ipv4,ziyadnz|hourly,2026-08-17T18:48:05Z,2026-08-17T18:48:05Z,
91.225.162.42,ipv4,malicious-ip,medium,WHITE,ziyadnz/hourly-ipv4,ziyadnz|hourly,2026-08-17T18:48:05Z,2026-08-17T18:48:05Z,
91.225.162.7,ipv4,malicious-ip,medium,WHITE,ziyadnz/hourly-ipv4,ziyadnz|hourly,2026-08-17T18:48:05Z,2026-08-17T18:48:05Z,
91.225.163.226,ipv4,malicious-ip,medium,WHITE,ziyadnz/hourly-ipv4,ziyadnz|hourly,2026-08-17T18:48:05Z,2026-08-17T18:48:05Z,
91.225.171.191,ipv4,malicious-ip,medium,WHITE,ziyadnz/hourly-ipv4,ziyadnz|hourly,2026-08-17T18:48:05Z,2026-08-17T18:48:05Z,
91.225.171.254,ipv4,malicious-ip,medium,WHITE,ziyadnz/hourly-ipv4,ziyadnz|hourly,2026-08-17T18:48:05Z,2026-08-17T18:48:05Z,
91.225.36.250,ipv4,malicious-ip,medium,WHITE,ziyadnz/hourly-ipv4,ziyadnz|hourly,2026-08-17T18:48:05Z,2026-08-17T18:48:05Z,
91.225.4.176,ipv4,malicious-ip,medium,WHITE,ziyadnz/hourly-ipv4,ziyadnz|hourly,2026-08-17T18:48:05Z,2026-08-17T18:48:05Z,
91.225.4.32,ipv4,malicious-ip,medium,WHITE,ziyadnz/hourly-ipv4,ziyadnz|hourly,2026-08-17T18:48:05Z,2026-08-17T18:48:05Z,
91.225.44.150,ipv4,malicious-ip,medium,WHITE,ziyadnz/hourly-ipv4,ziyadnz|hourly,2026-08-17T18:48:05Z,2026-08-17T18:48:05Z,
91.225.44.187,ipv4,malicious-ip,medium,WHITE,ziyadnz/hourly-ipv4,ziyadnz|hourly,2026-08-17T18:48:05Z,2026-08-17T18:48:05Z,
91.225.91.98,ipv4,malicious-ip,medium,WHITE,ziyadnz/hourly-ipv4,ziyadnz|hourly,2026-08-17T18:48:05Z,2026-08-17T18:48:05Z,
91.226.113.156,ipv4,malicious-ip,medium,WHITE,ziyadnz/hourly-ipv4,ziyadnz|hourly,2026-08-17T18:48:05Z,2026-08-17T18:48:05Z,
91.226.114.138,ipv4,malicious-ip,medium,WHITE,ziyadnz/hourly-ipv4,ziyadnz|hourly,2026-08-17T18:48:05Z,2026-08-17T18:48:05Z,
91.226.114.192,ipv4,malicious-ip,medium,WHITE,ziyadnz/hourly-ipv4,ziyadnz|hourly,2026-08-17T18:48:05Z,2026-08-17T18:48:05Z,
91.226.115.0,ipv4,malicious-ip,medium,WHITE,ziyadnz/hourly-ipv4,ziyadnz|hourly,2026-08-17T18:48:05Z,2026-08-17T18:48:05Z,
91.226.115.112,ipv4,malicious-ip,medium,WHITE,ziyadnz/hourly-ipv4,ziyadnz|hourly,2026-08-17T18:48:05Z,2026-08-17T18:48:05Z,
91.226.115.123,ipv4,malicious-ip,medium,WHITE,ziyadnz/hourly-ipv4,ziyadnz|hourly,2026-08-17T18:48:05Z,2026-08-17T18:48:05Z,
91.226.115.156,ipv4,malicious-ip,medium,WHITE,ziyadnz/hourly-ipv4,ziyadnz|hourly,2026-08-17T18:48:05Z,2026-08-17T18:48:05Z,
91.226.115.168,ipv4,malicious-ip,medium,WHITE,ziyadnz/hourly-ipv4,ziyadnz|hourly,2026-08-17T18:48:05Z,2026-08-17T18:48:05Z,
91.226.115.48,ipv4,malicious-ip,medium,WHITE,ziyadnz/hourly-ipv4,ziyadnz|hourly,2026-08-17T18:48:05Z,2026-08-17T18:48:05Z,
91.226.115.52,ipv4,malicious-ip,medium,WHITE,ziyadnz/hourly-ipv4,ziyadnz|hourly,2026-08-17T18:48:05Z,2026-08-17T18:48:05Z,
91.226.115.90,ipv4,malicious-ip,medium,WHITE,ziyadnz/hourly-ipv4,ziyadnz|hourly,2026-08-17T18:48:05Z,2026-08-17T18:48:05Z,
91.226.43.216,ipv4,malicious-ip,medium,WHITE,ziyadnz/hourly-ipv4,ziyadnz|hourly,2026-08-17T18:48:05Z,2026-08-17T18:48:05Z,
91.227.104.13,ipv4,malicious-ip,medium,WHITE,ziyadnz/hourly-ipv4,ziyadnz|hourly,2026-08-17T18:48:05Z,2026-08-17T18:48:05Z,
91.227.107.156,ipv4,malicious-ip,medium,WHITE,ziyadnz/hourly-ipv4,ziyadnz|hourly,2026-08-17T18:48:05Z,2026-08-17T18:48:05Z,
91.227.220.35,ipv4,malicious-ip,medium,WHITE,ziyadnz/hourly-ipv4,ziyadnz|hourly,2026-08-17T18:48:05Z,2026-08-17T18:48:05Z,
91.227.226.156,ipv4,malicious-ip,medium,WHITE,ziyadnz/hourly-ipv4,ziyadnz|hourly,2026-08-17T18:48:05Z,2026-08-17T18:48:05Z,
91.227.33.146,ipv4,malicious-ip,medium,WHITE,ziyadnz/hourly-ipv4,ziyadnz|hourly,2026-08-17T18:48:05Z,2026-08-17T18:48:05Z,
91.228.122.82,ipv4,malicious-ip,medium,WHITE,ziyadnz/hourly-ipv4,ziyadnz|hourly,2026-08-17T18:48:05Z,2026-08-17T18:48:05Z,
91.228.122.86,ipv4,malicious-ip,medium,WHITE,ziyadnz/hourly-ipv4,ziyadnz|hourly,2026-08-17T18:48:05Z,2026-08-17T18:48:05Z,
91.228.123.78,ipv4,malicious-ip,medium,WHITE,ziyadnz/hourly-ipv4,ziyadnz|hourly,2026-08-17T18:48:05Z,2026-08-17T18:48:05Z,
91.228.147.23,ipv4,malicious-ip,medium,WHITE,ziyadnz/hourly-ipv4,ziyadnz|hourly,2026-08-17T18:48:05Z,2026-08-17T18:48:05Z,
91.228.179.66,ipv4,malicious-ip,medium,WHITE,ziyadnz/hourly-ipv4,ziyadnz|hourly,2026-08-17T18:48:05Z,2026-08-17T18:48:05Z,
91.228.225.46,ipv4,malicious-ip,medium,WHITE,ziyadnz/hourly-ipv4,ziyadnz|hourly,2026-08-17T18:48:05Z,2026-08-17T18:48:05Z,
91.228.227.142,ipv4,malicious-ip,medium,WHITE,ziyadnz/hourly-ipv4,ziyadnz|hourly,2026-08-17T18:48:05Z,2026-08-17T18:48:05Z,
91.228.33.0,ipv4,malicious-ip,medium,WHITE,ziyadnz/hourly-ipv4,ziyadnz|hourly,2026-08-17T18:48:05Z,2026-08-17T18:48:05Z,
91.228.33.134,ipv4,malicious-ip,medium,WHITE,ziyadnz/hourly-ipv4,ziyadnz|hourly,2026-08-17T18:48:05Z,2026-08-17T18:48:05Z,
91.228.33.136,ipv4,malicious-ip,medium,WHITE,ziyadnz/hourly-ipv4,ziyadnz|hourly,2026-08-17T18:48:05Z,2026-08-17T18:48:05Z,
91.228.33.138,ipv4,malicious-ip,medium,WHITE,ziyadnz/hourly-ipv4,ziyadnz|hourly,2026-08-17T18:48:05Z,2026-08-17T18:48:05Z,
91.228.33.145,ipv4,malicious-ip,medium,WHITE,ziyadnz/hourly-ipv4,ziyadnz|hourly,2026-08-17T18:48:05Z,2026-08-17T18:48:05Z,
91.228.33.17,ipv4,malicious-ip,medium,WHITE,ziyadnz/hourly-ipv4,ziyadnz|hourly,2026-08-17T18:48:05Z,2026-08-17T18:48:05Z,
91.228.33.22,ipv4,malicious-ip,medium,WHITE,ziyadnz/hourly-ipv4,ziyadnz|hourly,2026-08-17T18:48:05Z,2026-08-17T18:48:05Z,
91.228.33.30,ipv4,malicious-ip,medium,WHITE,ziyadnz/hourly-ipv4,ziyadnz|hourly,2026-08-17T18:48:05Z,2026-08-17T18:48:05Z,
91.228.33.36,ipv4,malicious-ip,medium,WHITE,ziyadnz/hourly-ipv4,ziyadnz|hourly,2026-08-17T18:48:05Z,2026-08-17T18:48:05Z,
91.228.33.38,ipv4,malicious-ip,medium,WHITE,ziyadnz/hourly-ipv4,ziyadnz|hourly,2026-08-17T18:48:05Z,2026-08-17T18:48:05Z,
91.228.33.43,ipv4,malicious-ip,medium,WHITE,ziyadnz/hourly-ipv4,ziyadnz|hourly,2026-08-17T18:48:05Z,2026-08-17T18:48:05Z,
91.228.33.52,ipv4,malicious-ip,medium,WHITE,ziyadnz/hourly-ipv4,ziyadnz|hourly,2026-08-17T18:48:05Z,2026-08-17T18:48:05Z,
91.228.33.57,ipv4,malicious-ip,medium,WHITE,ziyadnz/hourly-ipv4,ziyadnz|hourly,2026-08-17T18:48:05Z,2026-08-17T18:48:05Z,
91.228.33.60,ipv4,malicious-ip,medium,WHITE,ziyadnz/hourly-ipv4,ziyadnz|hourly,2026-08-17T18:48:05Z,2026-08-17T18:48:05Z,
91.228.33.63,ipv4,malicious-ip,medium,WHITE,ziyadnz/hourly-ipv4,ziyadnz|hourly,2026-08-17T18:48:05Z,2026-08-17T18:48:05Z,
91.228.33.7,ipv4,malicious-ip,medium,WHITE,ziyadnz/hourly-ipv4,ziyadnz|hourly,2026-08-17T18:48:05Z,2026-08-17T18:48:05Z,
91.228.33.71,ipv4,malicious-ip,medium,WHITE,ziyadnz/hourly-ipv4,ziyadnz|hourly,2026-08-17T18:48:05Z,2026-08-17T18:48:05Z,
91.228.33.72,ipv4,malicious-ip,medium,WHITE,ziyadnz/hourly-ipv4,ziyadnz|hourly,2026-08-17T18:48:05Z,2026-08-17T18:48:05Z,
91.228.33.82,ipv4,malicious-ip,medium,WHITE,ziyadnz/hourly-ipv4,ziyadnz|hourly,2026-08-17T18:48:05Z,2026-08-17T18:48:05Z,
91.228.33.95,ipv4,malicious-ip,medium,WHITE,ziyadnz/hourly-ipv4,ziyadnz|hourly,2026-08-17T18:48:05Z,2026-08-17T18:48:05Z,
91.228.33.97,ipv4,malicious-ip,medium,WHITE,ziyadnz/hourly-ipv4,ziyadnz|hourly,2026-08-17T18:48:05Z,2026-08-17T18:48:05Z,
91.229.161.26,ipv4,malicious-ip,medium,WHITE,ziyadnz/hourly-ipv4,ziyadnz|hourly,2026-08-17T18:48:05Z,2026-08-17T18:48:05Z,
91.229.23.200,ipv4,malicious-ip,medium,WHITE,ziyadnz/hourly-ipv4,ziyadnz|hourly,2026-08-17T18:48:05Z,2026-08-17T18:48:05Z,
91.229.239.119,ipv4,malicious-ip,medium,WHITE,ziyadnz/hourly-ipv4,ziyadnz|hourly,2026-08-17T18:48:05Z,2026-08-17T18:48:05Z,
91.229.243.109,ipv4,malicious-ip,medium,WHITE,ziyadnz/hourly-ipv4,ziyadnz|hourly,2026-08-17T18:48:05Z,2026-08-17T18:48:05Z,
91.229.76.187,ipv4,malicious-ip,medium,WHITE,ziyadnz/hourly-ipv4,ziyadnz|hourly,2026-08-17T18:48:05Z,2026-08-17T18:48:05Z,
91.229.8.152,ipv4,malicious-ip,medium,WHITE,ziyadnz/hourly-ipv4,ziyadnz|hourly,2026-08-17T18:48:05Z,2026-08-17T18:48:05Z,
91.230.121.134,ipv4,malicious-ip,medium,WHITE,ziyadnz/hourly-ipv4,ziyadnz|hourly,2026-08-17T18:48:05Z,2026-08-17T18:48:05Z,
91.230.168.0,ipv4,malicious-ip,medium,WHITE,ziyadnz/hourly-ipv4,ziyadnz|hourly,2026-08-17T18:48:05Z,2026-08-17T18:48:05Z,
91.230.168.1,ipv4,malicious-ip,medium,WHITE,ziyadnz/hourly-ipv4,ziyadnz|hourly,2026-08-17T18:48:05Z,2026-08-17T18:48:05Z,
91.230.168.10,ipv4,malicious-ip,medium,WHITE,ziyadnz/hourly-ipv4,ziyadnz|hourly,2026-08-17T18:48:05Z,2026-08-17T18:48:05Z,
91.230.168.101,ipv4,malicious-ip,medium,WHITE,ziyadnz/hourly-ipv4,ziyadnz|hourly,2026-08-17T18:48:05Z,2026-08-17T18:48:05Z,
91.230.168.103,ipv4,malicious-ip,medium,WHITE,ziyadnz/hourly-ipv4,ziyadnz|hourly,2026-08-17T18:48:05Z,2026-08-17T18:48:05Z,
91.230.168.104,ipv4,malicious-ip,medium,WHITE,ziyadnz/hourly-ipv4,ziyadnz|hourly,2026-08-17T18:48:05Z,2026-08-17T18:48:05Z,
91.230.168.107,ipv4,malicious-ip,medium,WHITE,ziyadnz/hourly-ipv4,ziyadnz|hourly,2026-08-17T18:48:05Z,2026-08-17T18:48:05Z,
91.230.168.109,ipv4,malicious-ip,medium,WHITE,ziyadnz/hourly-ipv4,ziyadnz|hourly,2026-08-17T18:48:05Z,2026-08-17T18:48:05Z,
91.230.168.11,ipv4,malicious-ip,medium,WHITE,ziyadnz/hourly-ipv4,ziyadnz|hourly,2026-08-17T18:48:05Z,2026-08-17T18:48:05Z,
91.230.168.111,ipv4,malicious-ip,medium,WHITE,ziyadnz/hourly-ipv4,ziyadnz|hourly,2026-08-17T18:48:05Z,2026-08-17T18:48:05Z,
91.230.168.112,ipv4,malicious-ip,medium,WHITE,ziyadnz/hourly-ipv4,ziyadnz|hourly,2026-08-17T18:48:05Z,2026-08-17T18:48:05Z,
91.230.168.113,ipv4,malicious-ip,medium,WHITE,ziyadnz/hourly-ipv4,ziyadnz|hourly,2026-08-17T18:48:05Z,2026-08-17T18:48:05Z,
91.230.168.114,ipv4,malicious-ip,medium,WHITE,ziyadnz/hourly-ipv4,ziyadnz|hourly,2026-08-17T18:48:05Z,2026-08-17T18:48:05Z,
91.230.168.115,ipv4,malicious-ip,medium,WHITE,ziyadnz/hourly-ipv4,ziyadnz|hourly,2026-08-17T18:48:05Z,2026-08-17T18:48:05Z,
91.230.168.116,ipv4,malicious-ip,medium,WHITE,ziyadnz/hourly-ipv4,ziyadnz|hourly,2026-08-17T18:48:05Z,2026-08-17T18:48:05Z,
91.230.168.117,ipv4,malicious-ip,medium,WHITE,ziyadnz/hourly-ipv4,ziyadnz|hourly,2026-08-17T18:48:05Z,2026-08-17T18:48:05Z,
91.230.168.118,ipv4,malicious-ip,medium,WHITE,ziyadnz/hourly-ipv4,ziyadnz|hourly,2026-08-17T18:48:05Z,2026-08-17T18:48:05Z,
91.230.168.119,ipv4,malicious-ip,medium,WHITE,ziyadnz/hourly-ipv4,ziyadnz|hourly,2026-08-17T18:48:05Z,2026-08-17T18:48:05Z,
91.230.168.12,ipv4,malicious-ip,medium,WHITE,ziyadnz/hourly-ipv4,ziyadnz|hourly,2026-08-17T18:48:05Z,2026-08-17T18:48:05Z,
91.230.168.120,ipv4,malicious-ip,medium,WHITE,ziyadnz/hourly-ipv4,ziyadnz|hourly,2026-08-17T18:48:05Z,2026-08-17T18:48:05Z,
91.230.168.121,ipv4,malicious-ip,medium,WHITE,ziyadnz/hourly-ipv4,ziyadnz|hourly,2026-08-17T18:48:05Z,2026-08-17T18:48:05Z,
91.230.168.122,ipv4,malicious-ip,medium,WHITE,ziyadnz/hourly-ipv4,ziyadnz|hourly,2026-08-17T18:48:05Z,2026-08-17T18:48:05Z,
91.230.168.123,ipv4,malicious-ip,medium,WHITE,ziyadnz/hourly-ipv4,ziyadnz|hourly,2026-08-17T18:48:05Z,2026-08-17T18:48:05Z,
91.230.168.124,ipv4,malicious-ip,medium,WHITE,ziyadnz/hourly-ipv4,ziyadnz|hourly,2026-08-17T18:48:05Z,2026-08-17T18:48:05Z,
91.230.168.125,ipv4,malicious-ip,medium,WHITE,ziyadnz/hourly-ipv4,ziyadnz|hourly,2026-08-17T18:48:05Z,2026-08-17T18:48:05Z,
91.230.168.126,ipv4,malicious-ip,medium,WHITE,ziyadnz/hourly-ipv4,ziyadnz|hourly,2026-08-17T18:48:05Z,2026-08-17T18:48:05Z,
91.230.168.127,ipv4,malicious-ip,medium,WHITE,ziyadnz/hourly-ipv4,ziyadnz|hourly,2026-08-17T18:48:05Z,2026-08-17T18:48:05Z,
91.230.168.128,ipv4,malicious-ip,medium,WHITE,ziyadnz/hourly-ipv4,ziyadnz|hourly,2026-08-17T18:48:05Z,2026-08-17T18:48:05Z,
91.230.168.129,ipv4,malicious-ip,medium,WHITE,ziyadnz/hourly-ipv4,ziyadnz|hourly,2026-08-17T18:48:05Z,2026-08-17T18:48:05Z,
91.230.168.13,ipv4,malicious-ip,medium,WHITE,ziyadnz/hourly-ipv4,ziyadnz|hourly,2026-08-17T18:48:05Z,2026-08-17T18:48:05Z,
91.230.168.130,ipv4,malicious-ip,medium,WHITE,ziyadnz/hourly-ipv4,ziyadnz|hourly,2026-08-17T18:48:05Z,2026-08-17T18:48:05Z,
91.230.168.131,ipv4,malicious-ip,medium,WHITE,ziyadnz/hourly-ipv4,ziyadnz|hourly,2026-08-17T18:48:05Z,2026-08-17T18:48:05Z,
91.230.168.132,ipv4,malicious-ip,medium,WHITE,ziyadnz/hourly-ipv4,ziyadnz|hourly,2026-08-17T18:48:05Z,2026-08-17T18:48:05Z,
91.230.168.133,ipv4,malicious-ip,medium,WHITE,ziyadnz/hourly-ipv4,ziyadnz|hourly,2026-08-17T18:48:05Z,2026-08-17T18:48:05Z,
91.230.168.134,ipv4,malicious-ip,medium,WHITE,ziyadnz/hourly-ipv4,ziyadnz|hourly,2026-08-17T18:48:05Z,2026-08-17T18:48:05Z,
91.230.168.135,ipv4,malicious-ip,medium,WHITE,ziyadnz/hourly-ipv4,ziyadnz|hourly,2026-08-17T18:48:05Z,2026-08-17T18:48:05Z,
91.230.168.136,ipv4,malicious-ip,medium,WHITE,ziyadnz/hourly-ipv4,ziyadnz|hourly,2026-08-17T18:48:05Z,2026-08-17T18:48:05Z,
91.230.168.137,ipv4,malicious-ip,medium,WHITE,ziyadnz/hourly-ipv4,ziyadnz|hourly,2026-08-17T18:48:05Z,2026-08-17T18:48:05Z,
91.230.168.138,ipv4,malicious-ip,medium,WHITE,ziyadnz/hourly-ipv4,ziyadnz|hourly,2026-08-17T18:48:05Z,2026-08-17T18:48:05Z,
91.230.168.139,ipv4,malicious-ip,medium,WHITE,ziyadnz/hourly-ipv4,ziyadnz|hourly,2026-08-17T18:48:05Z,2026-08-17T18:48:05Z,
91.230.168.14,ipv4,malicious-ip,medium,WHITE,ziyadnz/hourly-ipv4,ziyadnz|hourly,2026-08-17T18:48:05Z,2026-08-17T18:48:05Z,
91.230.168.140,ipv4,malicious-ip,medium,WHITE,ziyadnz/hourly-ipv4,ziyadnz|hourly,2026-08-17T18:48:05Z,2026-08-17T18:48:05Z,
91.230.168.141,ipv4,malicious-ip,medium,WHITE,ziyadnz/hourly-ipv4,ziyadnz|hourly,2026-08-17T18:48:05Z,2026-08-17T18:48:05Z,
91.230.168.142,ipv4,malicious-ip,medium,WHITE,ziyadnz/hourly-ipv4,ziyadnz|hourly,2026-08-17T18:48:05Z,2026-08-17T18:48:05Z,
91.230.168.143,ipv4,malicious-ip,medium,WHITE,ziyadnz/hourly-ipv4,ziyadnz|hourly,2026-08-17T18:48:05Z,2026-08-17T18:48:05Z,
91.230.168.144,ipv4,malicious-ip,medium,WHITE,ziyadnz/hourly-ipv4,ziyadnz|hourly,2026-08-17T18:48:05Z,2026-08-17T18:48:05Z,
91.230.168.145,ipv4,malicious-ip,medium,WHITE,ziyadnz/hourly-ipv4,ziyadnz|hourly,2026-08-17T18:48:05Z,2026-08-17T18:48:05Z,
91.230.168.146,ipv4,malicious-ip,medium,WHITE,ziyadnz/hourly-ipv4,ziyadnz|hourly,2026-08-17T18:48:05Z,2026-08-17T18:48:05Z,
91.230.168.147,ipv4,malicious-ip,medium,WHITE,ziyadnz/hourly-ipv4,ziyadnz|hourly,2026-08-17T18:48:05Z,2026-08-17T18:48:05Z,
91.230.168.148,ipv4,malicious-ip,medium,WHITE,ziyadnz/hourly-ipv4,ziyadnz|hourly,2026-08-17T18:48:05Z,2026-08-17T18:48:05Z,
91.230.168.149,ipv4,malicious-ip,medium,WHITE,ziyadnz/hourly-ipv4,ziyadnz|hourly,2026-08-17T18:48:05Z,2026-08-17T18:48:05Z,
91.230.168.15,ipv4,malicious-ip,medium,WHITE,ziyadnz/hourly-ipv4,ziyadnz|hourly,2026-08-17T18:48:05Z,2026-08-17T18:48:05Z,
91.230.168.150,ipv4,malicious-ip,medium,WHITE,ziyadnz/hourly-ipv4,ziyadnz|hourly,2026-08-17T18:48:05Z,2026-08-17T18:48:05Z,
91.230.168.151,ipv4,malicious-ip,medium,WHITE,ziyadnz/hourly-ipv4,ziyadnz|hourly,2026-08-17T18:48:05Z,2026-08-17T18:48:05Z,
91.230.168.16,ipv4,malicious-ip,medium,WHITE,ziyadnz/hourly-ipv4,ziyadnz|hourly,2026-08-17T18:48:05Z,2026-08-17T18:48:05Z,
91.230.168.161,ipv4,malicious-ip,medium,WHITE,ziyadnz/hourly-ipv4,ziyadnz|hourly,2026-08-17T18:48:05Z,2026-08-17T18:48:05Z,
91.230.168.162,ipv4,malicious-ip,medium,WHITE,ziyadnz/hourly-ipv4,ziyadnz|hourly,2026-08-17T18:48:05Z,2026-08-17T18:48:05Z,
91.230.168.163,ipv4,malicious-ip,medium,WHITE,ziyadnz/hourly-ipv4,ziyadnz|hourly,2026-08-17T18:48:05Z,2026-08-17T18:48:05Z,
91.230.168.164,ipv4,malicious-ip,medium,WHITE,ziyadnz/hourly-ipv4,ziyadnz|hourly,2026-08-17T18:48:05Z,2026-08-17T18:48:05Z,
91.230.168.165,ipv4,malicious-ip,medium,WHITE,ziyadnz/hourly-ipv4,ziyadnz|hourly,2026-08-17T18:48:05Z,2026-08-17T18:48:05Z,
91.230.168.166,ipv4,malicious-ip,medium,WHITE,ziyadnz/hourly-ipv4,ziyadnz|hourly,2026-08-17T18:48:05Z,2026-08-17T18:48:05Z,
91.230.168.167,ipv4,malicious-ip,medium,WHITE,ziyadnz/hourly-ipv4,ziyadnz|hourly,2026-08-17T18:48:05Z,2026-08-17T18:48:05Z,
91.230.168.168,ipv4,malicious-ip,medium,WHITE,ziyadnz/hourly-ipv4,ziyadnz|hourly,2026-08-17T18:48:05Z,2026-08-17T18:48:05Z,
91.230.168.169,ipv4,malicious-ip,medium,WHITE,ziyadnz/hourly-ipv4,ziyadnz|hourly,2026-08-17T18:48:05Z,2026-08-17T18:48:05Z,
91.230.168.17,ipv4,malicious-ip,medium,WHITE,ziyadnz/hourly-ipv4,ziyadnz|hourly,2026-08-17T18:48:05Z,2026-08-17T18:48:05Z,
91.230.168.170,ipv4,malicious-ip,medium,WHITE,ziyadnz/hourly-ipv4,ziyadnz|hourly,2026-08-17T18:48:05Z,2026-08-17T18:48:05Z,
91.230.168.171,ipv4,malicious-ip,medium,WHITE,ziyadnz/hourly-ipv4,ziyadnz|hourly,2026-08-17T18:48:05Z,2026-08-17T18:48:05Z,
91.230.168.172,ipv4,malicious-ip,medium,WHITE,ziyadnz/hourly-ipv4,ziyadnz|hourly,2026-08-17T18:48:05Z,2026-08-17T18:48:05Z,
91.230.168.173,ipv4,malicious-ip,medium,WHITE,ziyadnz/hourly-ipv4,ziyadnz|hourly,2026-08-17T18:48:05Z,2026-08-17T18:48:05Z,
91.230.168.174,ipv4,malicious-ip,medium,WHITE,ziyadnz/hourly-ipv4,ziyadnz|hourly,2026-08-17T18:48:05Z,2026-08-17T18:48:05Z,
91.230.168.175,ipv4,malicious-ip,medium,WHITE,ziyadnz/hourly-ipv4,ziyadnz|hourly,2026-08-17T18:48:05Z,2026-08-17T18:48:05Z,
91.230.168.176,ipv4,malicious-ip,medium,WHITE,ziyadnz/hourly-ipv4,ziyadnz|hourly,2026-08-17T18:48:05Z,2026-08-17T18:48:05Z,
91.230.168.177,ipv4,malicious-ip,medium,WHITE,ziyadnz/hourly-ipv4,ziyadnz|hourly,2026-08-17T18:48:05Z,2026-08-17T18:48:05Z,
91.230.168.178,ipv4,malicious-ip,medium,WHITE,ziyadnz/hourly-ipv4,ziyadnz|hourly,2026-08-17T18:48:05Z,2026-08-17T18:48:05Z,
91.230.168.179,ipv4,malicious-ip,medium,WHITE,ziyadnz/hourly-ipv4,ziyadnz|hourly,2026-08-17T18:48:05Z,2026-08-17T18:48:05Z,
91.230.168.18,ipv4,malicious-ip,medium,WHITE,ziyadnz/hourly-ipv4,ziyadnz|hourly,2026-08-17T18:48:05Z,2026-08-17T18:48:05Z,
91.230.168.180,ipv4,malicious-ip,medium,WHITE,ziyadnz/hourly-ipv4,ziyadnz|hourly,2026-08-17T18:48:05Z,2026-08-17T18:48:05Z,
91.230.168.181,ipv4,malicious-ip,medium,WHITE,ziyadnz/hourly-ipv4,ziyadnz|hourly,2026-08-17T18:48:05Z,2026-08-17T18:48:05Z,
91.230.168.182,ipv4,malicious-ip,medium,WHITE,ziyadnz/hourly-ipv4,ziyadnz|hourly,2026-08-17T18:48:05Z,2026-08-17T18:48:05Z,
91.230.168.183,ipv4,malicious-ip,medium,WHITE,ziyadnz/hourly-ipv4,ziyadnz|hourly,2026-08-17T18:48:05Z,2026-08-17T18:48:05Z,
91.230.168.184,ipv4,malicious-ip,medium,WHITE,ziyadnz/hourly-ipv4,ziyadnz|hourly,2026-08-17T18:48:05Z,2026-08-17T18:48:05Z,
91.230.168.185,ipv4,malicious-ip,medium,WHITE,ziyadnz/hourly-ipv4,ziyadnz|hourly,2026-08-17T18:48:05Z,2026-08-17T18:48:05Z,
91.230.168.186,ipv4,malicious-ip,medium,WHITE,ziyadnz/hourly-ipv4,ziyadnz|hourly,2026-08-17T18:48:05Z,2026-08-17T18:48:05Z,
91.230.168.187,ipv4,malicious-ip,medium,WHITE,ziyadnz/hourly-ipv4,ziyadnz|hourly,2026-08-17T18:48:05Z,2026-08-17T18:48:05Z,
91.230.168.188,ipv4,malicious-ip,medium,WHITE,ziyadnz/hourly-ipv4,ziyadnz|hourly,2026-08-17T18:48:05Z,2026-08-17T18:48:05Z,
91.230.168.189,ipv4,malicious-ip,medium,WHITE,ziyadnz/hourly-ipv4,ziyadnz|hourly,2026-08-17T18:48:05Z,2026-08-17T18:48:05Z,
91.230.168.19,ipv4,malicious-ip,medium,WHITE,ziyadnz/hourly-ipv4,ziyadnz|hourly,2026-08-17T18:48:05Z,2026-08-17T18:48:05Z,
91.230.168.190,ipv4,malicious-ip,medium,WHITE,ziyadnz/hourly-ipv4,ziyadnz|hourly,2026-08-17T18:48:05Z,2026-08-17T18:48:05Z,
91.230.168.191,ipv4,malicious-ip,medium,WHITE,ziyadnz/hourly-ipv4,ziyadnz|hourly,2026-08-17T18:48:05Z,2026-08-17T18:48:05Z,
91.230.168.194,ipv4,malicious-ip,medium,WHITE,ziyadnz/hourly-ipv4,ziyadnz|hourly,2026-08-17T18:48:05Z,2026-08-17T18:48:05Z,
91.230.168.196,ipv4,malicious-ip,medium,WHITE,ziyadnz/hourly-ipv4,ziyadnz|hourly,2026-08-17T18:48:05Z,2026-08-17T18:48:05Z,
91.230.168.197,ipv4,malicious-ip,medium,WHITE,ziyadnz/hourly-ipv4,ziyadnz|hourly,2026-08-17T18:48:05Z,2026-08-17T18:48:05Z,
91.230.168.2,ipv4,malicious-ip,medium,WHITE,ziyadnz/hourly-ipv4,ziyadnz|hourly,2026-08-17T18:48:05Z,2026-08-17T18:48:05Z,
91.230.168.20,ipv4,malicious-ip,medium,WHITE,ziyadnz/hourly-ipv4,ziyadnz|hourly,2026-08-17T18:48:05Z,2026-08-17T18:48:05Z,
91.230.168.202,ipv4,malicious-ip,medium,WHITE,ziyadnz/hourly-ipv4,ziyadnz|hourly,2026-08-17T18:48:05Z,2026-08-17T18:48:05Z,
91.230.168.203,ipv4,malicious-ip,medium,WHITE,ziyadnz/hourly-ipv4,ziyadnz|hourly,2026-08-17T18:48:05Z,2026-08-17T18:48:05Z,
91.230.168.205,ipv4,malicious-ip,medium,WHITE,ziyadnz/hourly-ipv4,ziyadnz|hourly,2026-08-17T18:48:05Z,2026-08-17T18:48:05Z,
91.230.168.207,ipv4,malicious-ip,medium,WHITE,ziyadnz/hourly-ipv4,ziyadnz|hourly,2026-08-17T18:48:05Z,2026-08-17T18:48:05Z,
91.230.168.208,ipv4,malicious-ip,medium,WHITE,ziyadnz/hourly-ipv4,ziyadnz|hourly,2026-08-17T18:48:05Z,2026-08-17T18:48:05Z,
91.230.168.209,ipv4,malicious-ip,medium,WHITE,ziyadnz/hourly-ipv4,ziyadnz|hourly,2026-08-17T18:48:05Z,2026-08-17T18:48:05Z,
91.230.168.21,ipv4,malicious-ip,medium,WHITE,ziyadnz/hourly-ipv4,ziyadnz|hourly,2026-08-17T18:48:05Z,2026-08-17T18:48:05Z,
91.230.168.210,ipv4,malicious-ip,medium,WHITE,ziyadnz/hourly-ipv4,ziyadnz|hourly,2026-08-17T18:48:05Z,2026-08-17T18:48:05Z,
91.230.168.211,ipv4,malicious-ip,medium,WHITE,ziyadnz/hourly-ipv4,ziyadnz|hourly,2026-08-17T18:48:05Z,2026-08-17T18:48:05Z,
91.230.168.212,ipv4,malicious-ip,medium,WHITE,ziyadnz/hourly-ipv4,ziyadnz|hourly,2026-08-17T18:48:05Z,2026-08-17T18:48:05Z,
91.230.168.213,ipv4,malicious-ip,medium,WHITE,ziyadnz/hourly-ipv4,ziyadnz|hourly,2026-08-17T18:48:05Z,2026-08-17T18:48:05Z,
91.230.168.214,ipv4,malicious-ip,medium,WHITE,ziyadnz/hourly-ipv4,ziyadnz|hourly,2026-08-17T18:48:05Z,2026-08-17T18:48:05Z,
91.230.168.215,ipv4,malicious-ip,medium,WHITE,ziyadnz/hourly-ipv4,ziyadnz|hourly,2026-08-17T18:48:05Z,2026-08-17T18:48:05Z,
91.230.168.216,ipv4,malicious-ip,medium,WHITE,ziyadnz/hourly-ipv4,ziyadnz|hourly,2026-08-17T18:48:05Z,2026-08-17T18:48:05Z,
91.230.168.217,ipv4,malicious-ip,medium,WHITE,ziyadnz/hourly-ipv4,ziyadnz|hourly,2026-08-17T18:48:05Z,2026-08-17T18:48:05Z,
91.230.168.218,ipv4,malicious-ip,medium,WHITE,ziyadnz/hourly-ipv4,ziyadnz|hourly,2026-08-17T18:48:05Z,2026-08-17T18:48:05Z,
91.230.168.219,ipv4,malicious-ip,medium,WHITE,ziyadnz/hourly-ipv4,ziyadnz|hourly,2026-08-17T18:48:05Z,2026-08-17T18:48:05Z,
91.230.168.22,ipv4,malicious-ip,medium,WHITE,ziyadnz/hourly-ipv4,ziyadnz|hourly,2026-08-17T18:48:05Z,2026-08-17T18:48:05Z,
91.230.168.220,ipv4,malicious-ip,medium,WHITE,ziyadnz/hourly-ipv4,ziyadnz|hourly,2026-08-17T18:48:05Z,2026-08-17T18:48:05Z,
91.230.168.221,ipv4,malicious-ip,medium,WHITE,ziyadnz/hourly-ipv4,ziyadnz|hourly,2026-08-17T18:48:05Z,2026-08-17T18:48:05Z,
91.230.168.222,ipv4,malicious-ip,medium,WHITE,ziyadnz/hourly-ipv4,ziyadnz|hourly,2026-08-17T18:48:05Z,2026-08-17T18:48:05Z,
91.230.168.223,ipv4,malicious-ip,medium,WHITE,ziyadnz/hourly-ipv4,ziyadnz|hourly,2026-08-17T18:48:05Z,2026-08-17T18:48:05Z,
91.230.168.227,ipv4,malicious-ip,medium,WHITE,ziyadnz/hourly-ipv4,ziyadnz|hourly,2026-08-17T18:48:05Z,2026-08-17T18:48:05Z,
91.230.168.23,ipv4,malicious-ip,medium,WHITE,ziyadnz/hourly-ipv4,ziyadnz|hourly,2026-08-17T18:48:05Z,2026-08-17T18:48:05Z,
91.230.168.230,ipv4,malicious-ip,medium,WHITE,ziyadnz/hourly-ipv4,ziyadnz|hourly,2026-08-17T18:48:05Z,2026-08-17T18:48:05Z,
91.230.168.232,ipv4,malicious-ip,medium,WHITE,ziyadnz/hourly-ipv4,ziyadnz|hourly,2026-08-17T18:48:05Z,2026-08-17T18:48:05Z,
91.230.168.233,ipv4,malicious-ip,medium,WHITE,ziyadnz/hourly-ipv4,ziyadnz|hourly,2026-08-17T18:48:05Z,2026-08-17T18:48:05Z,
91.230.168.234,ipv4,malicious-ip,medium,WHITE,ziyadnz/hourly-ipv4,ziyadnz|hourly,2026-08-17T18:48:05Z,2026-08-17T18:48:05Z,
91.230.168.235,ipv4,malicious-ip,medium,WHITE,ziyadnz/hourly-ipv4,ziyadnz|hourly,2026-08-17T18:48:05Z,2026-08-17T18:48:05Z,
91.230.168.236,ipv4,malicious-ip,medium,WHITE,ziyadnz/hourly-ipv4,ziyadnz|hourly,2026-08-17T18:48:05Z,2026-08-17T18:48:05Z,
91.230.168.237,ipv4,malicious-ip,medium,WHITE,ziyadnz/hourly-ipv4,ziyadnz|hourly,2026-08-17T18:48:05Z,2026-08-17T18:48:05Z,
91.230.168.238,ipv4,malicious-ip,medium,WHITE,ziyadnz/hourly-ipv4,ziyadnz|hourly,2026-08-17T18:48:05Z,2026-08-17T18:48:05Z,
91.230.168.239,ipv4,malicious-ip,medium,WHITE,ziyadnz/hourly-ipv4,ziyadnz|hourly,2026-08-17T18:48:05Z,2026-08-17T18:48:05Z,
91.230.168.24,ipv4,malicious-ip,medium,WHITE,ziyadnz/hourly-ipv4,ziyadnz|hourly,2026-08-17T18:48:05Z,2026-08-17T18:48:05Z,
91.230.168.241,ipv4,malicious-ip,medium,WHITE,ziyadnz/hourly-ipv4,ziyadnz|hourly,2026-08-17T18:48:05Z,2026-08-17T18:48:05Z,
91.230.168.243,ipv4,malicious-ip,medium,WHITE,ziyadnz/hourly-ipv4,ziyadnz|hourly,2026-08-17T18:48:05Z,2026-08-17T18:48:05Z,
91.230.168.244,ipv4,malicious-ip,medium,WHITE,ziyadnz/hourly-ipv4,ziyadnz|hourly,2026-08-17T18:48:05Z,2026-08-17T18:48:05Z,
91.230.168.246,ipv4,malicious-ip,medium,WHITE,ziyadnz/hourly-ipv4,ziyadnz|hourly,2026-08-17T18:48:05Z,2026-08-17T18:48:05Z,
91.230.168.247,ipv4,malicious-ip,medium,WHITE,ziyadnz/hourly-ipv4,ziyadnz|hourly,2026-08-17T18:48:05Z,2026-08-17T18:48:05Z,
91.230.168.248,ipv4,malicious-ip,medium,WHITE,ziyadnz/hourly-ipv4,ziyadnz|hourly,2026-08-17T18:48:05Z,2026-08-17T18:48:05Z,
91.230.168.249,ipv4,malicious-ip,medium,WHITE,ziyadnz/hourly-ipv4,ziyadnz|hourly,2026-08-17T18:48:05Z,2026-08-17T18:48:05Z,
91.230.168.25,ipv4,malicious-ip,medium,WHITE,ziyadnz/hourly-ipv4,ziyadnz|hourly,2026-08-17T18:48:05Z,2026-08-17T18:48:05Z,
91.230.168.250,ipv4,malicious-ip,medium,WHITE,ziyadnz/hourly-ipv4,ziyadnz|hourly,2026-08-17T18:48:05Z,2026-08-17T18:48:05Z,
91.230.168.251,ipv4,malicious-ip,medium,WHITE,ziyadnz/hourly-ipv4,ziyadnz|hourly,2026-08-17T18:48:05Z,2026-08-17T18:48:05Z,
91.230.168.252,ipv4,malicious-ip,medium,WHITE,ziyadnz/hourly-ipv4,ziyadnz|hourly,2026-08-17T18:48:05Z,2026-08-17T18:48:05Z,
91.230.168.253,ipv4,malicious-ip,medium,WHITE,ziyadnz/hourly-ipv4,ziyadnz|hourly,2026-08-17T18:48:05Z,2026-08-17T18:48:05Z,
91.230.168.254,ipv4,malicious-ip,medium,WHITE,ziyadnz/hourly-ipv4,ziyadnz|hourly,2026-08-17T18:48:05Z,2026-08-17T18:48:05Z,
91.230.168.255,ipv4,malicious-ip,medium,WHITE,ziyadnz/hourly-ipv4,ziyadnz|hourly,2026-08-17T18:48:05Z,2026-08-17T18:48:05Z,
91.230.168.26,ipv4,malicious-ip,medium,WHITE,ziyadnz/hourly-ipv4,ziyadnz|hourly,2026-08-17T18:48:05Z,2026-08-17T18:48:05Z,
91.230.168.27,ipv4,malicious-ip,medium,WHITE,ziyadnz/hourly-ipv4,ziyadnz|hourly,2026-08-17T18:48:05Z,2026-08-17T18:48:05Z,
91.230.168.28,ipv4,malicious-ip,medium,WHITE,ziyadnz/hourly-ipv4,ziyadnz|hourly,2026-08-17T18:48:05Z,2026-08-17T18:48:05Z,
91.230.168.29,ipv4,malicious-ip,medium,WHITE,ziyadnz/hourly-ipv4,ziyadnz|hourly,2026-08-17T18:48:05Z,2026-08-17T18:48:05Z,
91.230.168.3,ipv4,malicious-ip,medium,WHITE,ziyadnz/hourly-ipv4,ziyadnz|hourly,2026-08-17T18:48:05Z,2026-08-17T18:48:05Z,
91.230.168.30,ipv4,malicious-ip,medium,WHITE,ziyadnz/hourly-ipv4,ziyadnz|hourly,2026-08-17T18:48:05Z,2026-08-17T18:48:05Z,
91.230.168.31,ipv4,malicious-ip,medium,WHITE,ziyadnz/hourly-ipv4,ziyadnz|hourly,2026-08-17T18:48:05Z,2026-08-17T18:48:05Z,
91.230.168.32,ipv4,malicious-ip,medium,WHITE,ziyadnz/hourly-ipv4,ziyadnz|hourly,2026-08-17T18:48:05Z,2026-08-17T18:48:05Z,
91.230.168.33,ipv4,malicious-ip,medium,WHITE,ziyadnz/hourly-ipv4,ziyadnz|hourly,2026-08-17T18:48:05Z,2026-08-17T18:48:05Z,
91.230.168.34,ipv4,malicious-ip,medium,WHITE,ziyadnz/hourly-ipv4,ziyadnz|hourly,2026-08-17T18:48:05Z,2026-08-17T18:48:05Z,
91.230.168.35,ipv4,malicious-ip,medium,WHITE,ziyadnz/hourly-ipv4,ziyadnz|hourly,2026-08-17T18:48:05Z,2026-08-17T18:48:05Z,
91.230.168.36,ipv4,malicious-ip,medium,WHITE,ziyadnz/hourly-ipv4,ziyadnz|hourly,2026-08-17T18:48:05Z,2026-08-17T18:48:05Z,
91.230.168.37,ipv4,malicious-ip,medium,WHITE,ziyadnz/hourly-ipv4,ziyadnz|hourly,2026-08-17T18:48:05Z,2026-08-17T18:48:05Z,
91.230.168.38,ipv4,malicious-ip,medium,WHITE,ziyadnz/hourly-ipv4,ziyadnz|hourly,2026-08-17T18:48:05Z,2026-08-17T18:48:05Z,
91.230.168.39,ipv4,malicious-ip,medium,WHITE,ziyadnz/hourly-ipv4,ziyadnz|hourly,2026-08-17T18:48:05Z,2026-08-17T18:48:05Z,
91.230.168.4,ipv4,malicious-ip,medium,WHITE,ziyadnz/hourly-ipv4,ziyadnz|hourly,2026-08-17T18:48:05Z,2026-08-17T18:48:05Z,
91.230.168.40,ipv4,malicious-ip,medium,WHITE,ziyadnz/hourly-ipv4,ziyadnz|hourly,2026-08-17T18:48:05Z,2026-08-17T18:48:05Z,
91.230.168.42,ipv4,malicious-ip,medium,WHITE,ziyadnz/hourly-ipv4,ziyadnz|hourly,2026-08-17T18:48:05Z,2026-08-17T18:48:05Z,
91.230.168.45,ipv4,malicious-ip,medium,WHITE,ziyadnz/hourly-ipv4,ziyadnz|hourly,2026-08-17T18:48:05Z,2026-08-17T18:48:05Z,
91.230.168.47,ipv4,malicious-ip,medium,WHITE,ziyadnz/hourly-ipv4,ziyadnz|hourly,2026-08-17T18:48:05Z,2026-08-17T18:48:05Z,
91.230.168.5,ipv4,malicious-ip,medium,WHITE,ziyadnz/hourly-ipv4,ziyadnz|hourly,2026-08-17T18:48:05Z,2026-08-17T18:48:05Z,
91.230.168.54,ipv4,malicious-ip,medium,WHITE,ziyadnz/hourly-ipv4,ziyadnz|hourly,2026-08-17T18:48:05Z,2026-08-17T18:48:05Z,
91.230.168.57,ipv4,malicious-ip,medium,WHITE,ziyadnz/hourly-ipv4,ziyadnz|hourly,2026-08-17T18:48:05Z,2026-08-17T18:48:05Z,
91.230.168.58,ipv4,malicious-ip,medium,WHITE,ziyadnz/hourly-ipv4,ziyadnz|hourly,2026-08-17T18:48:05Z,2026-08-17T18:48:05Z,
91.230.168.6,ipv4,malicious-ip,medium,WHITE,ziyadnz/hourly-ipv4,ziyadnz|hourly,2026-08-17T18:48:05Z,2026-08-17T18:48:05Z,
91.230.168.61,ipv4,malicious-ip,medium,WHITE,ziyadnz/hourly-ipv4,ziyadnz|hourly,2026-08-17T18:48:05Z,2026-08-17T18:48:05Z,
91.230.168.64,ipv4,malicious-ip,medium,WHITE,ziyadnz/hourly-ipv4,ziyadnz|hourly,2026-08-17T18:48:05Z,2026-08-17T18:48:05Z,
91.230.168.66,ipv4,malicious-ip,medium,WHITE,ziyadnz/hourly-ipv4,ziyadnz|hourly,2026-08-17T18:48:05Z,2026-08-17T18:48:05Z,
91.230.168.67,ipv4,malicious-ip,medium,WHITE,ziyadnz/hourly-ipv4,ziyadnz|hourly,2026-08-17T18:48:05Z,2026-08-17T18:48:05Z,
91.230.168.68,ipv4,malicious-ip,medium,WHITE,ziyadnz/hourly-ipv4,ziyadnz|hourly,2026-08-17T18:48:05Z,2026-08-17T18:48:05Z,
91.230.168.69,ipv4,malicious-ip,medium,WHITE,ziyadnz/hourly-ipv4,ziyadnz|hourly,2026-08-17T18:48:05Z,2026-08-17T18:48:05Z,
91.230.168.7,ipv4,malicious-ip,medium,WHITE,ziyadnz/hourly-ipv4,ziyadnz|hourly,2026-08-17T18:48:05Z,2026-08-17T18:48:05Z,
91.230.168.71,ipv4,malicious-ip,medium,WHITE,ziyadnz/hourly-ipv4,ziyadnz|hourly,2026-08-17T18:48:05Z,2026-08-17T18:48:05Z,
91.230.168.72,ipv4,malicious-ip,medium,WHITE,ziyadnz/hourly-ipv4,ziyadnz|hourly,2026-08-17T18:48:05Z,2026-08-17T18:48:05Z,
91.230.168.73,ipv4,malicious-ip,medium,WHITE,ziyadnz/hourly-ipv4,ziyadnz|hourly,2026-08-17T18:48:05Z,2026-08-17T18:48:05Z,
91.230.168.74,ipv4,malicious-ip,medium,WHITE,ziyadnz/hourly-ipv4,ziyadnz|hourly,2026-08-17T18:48:05Z,2026-08-17T18:48:05Z,
91.230.168.75,ipv4,malicious-ip,medium,WHITE,ziyadnz/hourly-ipv4,ziyadnz|hourly,2026-08-17T18:48:05Z,2026-08-17T18:48:05Z,
91.230.168.76,ipv4,malicious-ip,medium,WHITE,ziyadnz/hourly-ipv4,ziyadnz|hourly,2026-08-17T18:48:05Z,2026-08-17T18:48:05Z,
91.230.168.77,ipv4,malicious-ip,medium,WHITE,ziyadnz/hourly-ipv4,ziyadnz|hourly,2026-08-17T18:48:05Z,2026-08-17T18:48:05Z,
91.230.168.78,ipv4,malicious-ip,medium,WHITE,ziyadnz/hourly-ipv4,ziyadnz|hourly,2026-08-17T18:48:05Z,2026-08-17T18:48:05Z,
91.230.168.79,ipv4,malicious-ip,medium,WHITE,ziyadnz/hourly-ipv4,ziyadnz|hourly,2026-08-17T18:48:05Z,2026-08-17T18:48:05Z,
91.230.168.8,ipv4,malicious-ip,medium,WHITE,ziyadnz/hourly-ipv4,ziyadnz|hourly,2026-08-17T18:48:05Z,2026-08-17T18:48:05Z,
91.230.168.80,ipv4,malicious-ip,medium,WHITE,ziyadnz/hourly-ipv4,ziyadnz|hourly,2026-08-17T18:48:05Z,2026-08-17T18:48:05Z,
91.230.168.81,ipv4,malicious-ip,medium,WHITE,ziyadnz/hourly-ipv4,ziyadnz|hourly,2026-08-17T18:48:05Z,2026-08-17T18:48:05Z,
91.230.168.82,ipv4,malicious-ip,medium,WHITE,ziyadnz/hourly-ipv4,ziyadnz|hourly,2026-08-17T18:48:05Z,2026-08-17T18:48:05Z,
91.230.168.83,ipv4,malicious-ip,medium,WHITE,ziyadnz/hourly-ipv4,ziyadnz|hourly,2026-08-17T18:48:05Z,2026-08-17T18:48:05Z,
91.230.168.84,ipv4,malicious-ip,medium,WHITE,ziyadnz/hourly-ipv4,ziyadnz|hourly,2026-08-17T18:48:05Z,2026-08-17T18:48:05Z,
91.230.168.85,ipv4,malicious-ip,medium,WHITE,ziyadnz/hourly-ipv4,ziyadnz|hourly,2026-08-17T18:48:05Z,2026-08-17T18:48:05Z,
91.230.168.86,ipv4,malicious-ip,medium,WHITE,ziyadnz/hourly-ipv4,ziyadnz|hourly,2026-08-17T18:48:05Z,2026-08-17T18:48:05Z,
91.230.168.87,ipv4,malicious-ip,medium,WHITE,ziyadnz/hourly-ipv4,ziyadnz|hourly,2026-08-17T18:48:05Z,2026-08-17T18:48:05Z,
91.230.168.88,ipv4,malicious-ip,medium,WHITE,ziyadnz/hourly-ipv4,ziyadnz|hourly,2026-08-17T18:48:05Z,2026-08-17T18:48:05Z,
91.230.168.89,ipv4,malicious-ip,medium,WHITE,ziyadnz/hourly-ipv4,ziyadnz|hourly,2026-08-17T18:48:05Z,2026-08-17T18:48:05Z,
91.230.168.9,ipv4,malicious-ip,medium,WHITE,ziyadnz/hourly-ipv4,ziyadnz|hourly,2026-08-17T18:48:05Z,2026-08-17T18:48:05Z,
91.230.168.90,ipv4,malicious-ip,medium,WHITE,ziyadnz/hourly-ipv4,ziyadnz|hourly,2026-08-17T18:48:05Z,2026-08-17T18:48:05Z,
91.230.168.91,ipv4,malicious-ip,medium,WHITE,ziyadnz/hourly-ipv4,ziyadnz|hourly,2026-08-17T18:48:05Z,2026-08-17T18:48:05Z,
91.230.168.92,ipv4,malicious-ip,medium,WHITE,ziyadnz/hourly-ipv4,ziyadnz|hourly,2026-08-17T18:48:05Z,2026-08-17T18:48:05Z,
91.230.168.93,ipv4,malicious-ip,medium,WHITE,ziyadnz/hourly-ipv4,ziyadnz|hourly,2026-08-17T18:48:05Z,2026-08-17T18:48:05Z,
91.230.168.94,ipv4,malicious-ip,medium,WHITE,ziyadnz/hourly-ipv4,ziyadnz|hourly,2026-08-17T18:48:05Z,2026-08-17T18:48:05Z,
91.230.168.95,ipv4,malicious-ip,medium,WHITE,ziyadnz/hourly-ipv4,ziyadnz|hourly,2026-08-17T18:48:05Z,2026-08-17T18:48:05Z,
91.230.168.96,ipv4,malicious-ip,medium,WHITE,ziyadnz/hourly-ipv4,ziyadnz|hourly,2026-08-17T18:48:05Z,2026-08-17T18:48:05Z,
91.230.168.97,ipv4,malicious-ip,medium,WHITE,ziyadnz/hourly-ipv4,ziyadnz|hourly,2026-08-17T18:48:05Z,2026-08-17T18:48:05Z,
91.230.168.99,ipv4,malicious-ip,medium,WHITE,ziyadnz/hourly-ipv4,ziyadnz|hourly,2026-08-17T18:48:05Z,2026-08-17T18:48:05Z,
91.230.225.0,ipv4,malicious-ip,medium,WHITE,ziyadnz/hourly-ipv4,ziyadnz|hourly,2026-08-17T18:48:05Z,2026-08-17T18:48:05Z,
91.230.225.227,ipv4,malicious-ip,medium,WHITE,ziyadnz/hourly-ipv4,ziyadnz|hourly,2026-08-17T18:48:05Z,2026-08-17T18:48:05Z,
91.230.225.229,ipv4,malicious-ip,medium,WHITE,ziyadnz/hourly-ipv4,ziyadnz|hourly,2026-08-17T18:48:05Z,2026-08-17T18:48:05Z,
91.230.225.251,ipv4,malicious-ip,medium,WHITE,ziyadnz/hourly-ipv4,ziyadnz|hourly,2026-08-17T18:48:05Z,2026-08-17T18:48:05Z,
91.230.225.43,ipv4,malicious-ip,medium,WHITE,ziyadnz/hourly-ipv4,ziyadnz|hourly,2026-08-17T18:48:05Z,2026-08-17T18:48:05Z,
91.230.225.44,ipv4,malicious-ip,medium,WHITE,ziyadnz/hourly-ipv4,ziyadnz|hourly,2026-08-17T18:48:05Z,2026-08-17T18:48:05Z,
91.230.225.46,ipv4,malicious-ip,medium,WHITE,ziyadnz/hourly-ipv4,ziyadnz|hourly,2026-08-17T18:48:05Z,2026-08-17T18:48:05Z,
91.230.225.51,ipv4,malicious-ip,medium,WHITE,ziyadnz/hourly-ipv4,ziyadnz|hourly,2026-08-17T18:48:05Z,2026-08-17T18:48:05Z,
91.230.225.55,ipv4,malicious-ip,medium,WHITE,ziyadnz/hourly-ipv4,ziyadnz|hourly,2026-08-17T18:48:05Z,2026-08-17T18:48:05Z,
91.230.225.77,ipv4,malicious-ip,medium,WHITE,ziyadnz/hourly-ipv4,ziyadnz|hourly,2026-08-17T18:48:05Z,2026-08-17T18:48:05Z,
91.231.120.164,ipv4,malicious-ip,medium,WHITE,ziyadnz/hourly-ipv4,ziyadnz|hourly,2026-08-17T18:48:05Z,2026-08-17T18:48:05Z,
91.231.120.171,ipv4,malicious-ip,medium,WHITE,ziyadnz/hourly-ipv4,ziyadnz|hourly,2026-08-17T18:48:05Z,2026-08-17T18:48:05Z,
91.231.120.186,ipv4,malicious-ip,medium,WHITE,ziyadnz/hourly-ipv4,ziyadnz|hourly,2026-08-17T18:48:05Z,2026-08-17T18:48:05Z,
91.231.121.0,ipv4,malicious-ip,medium,WHITE,ziyadnz/hourly-ipv4,ziyadnz|hourly,2026-08-17T18:48:05Z,2026-08-17T18:48:05Z,
91.231.121.125,ipv4,malicious-ip,medium,WHITE,ziyadnz/hourly-ipv4,ziyadnz|hourly,2026-08-17T18:48:05Z,2026-08-17T18:48:05Z,
91.231.121.22,ipv4,malicious-ip,medium,WHITE,ziyadnz/hourly-ipv4,ziyadnz|hourly,2026-08-17T18:48:05Z,2026-08-17T18:48:05Z,
91.231.121.247,ipv4,malicious-ip,medium,WHITE,ziyadnz/hourly-ipv4,ziyadnz|hourly,2026-08-17T18:48:05Z,2026-08-17T18:48:05Z,
91.231.121.8,ipv4,malicious-ip,medium,WHITE,ziyadnz/hourly-ipv4,ziyadnz|hourly,2026-08-17T18:48:05Z,2026-08-17T18:48:05Z,
91.231.121.99,ipv4,malicious-ip,medium,WHITE,ziyadnz/hourly-ipv4,ziyadnz|hourly,2026-08-17T18:48:05Z,2026-08-17T18:48:05Z,
91.231.182.136,ipv4,malicious-ip,medium,WHITE,ziyadnz/hourly-ipv4,ziyadnz|hourly,2026-08-17T18:48:05Z,2026-08-17T18:48:05Z,
91.231.182.187,ipv4,malicious-ip,medium,WHITE,ziyadnz/hourly-ipv4,ziyadnz|hourly,2026-08-17T18:48:05Z,2026-08-17T18:48:05Z,
91.231.186.227,ipv4,malicious-ip,medium,WHITE,ziyadnz/hourly-ipv4,ziyadnz|hourly,2026-08-17T18:48:05Z,2026-08-17T18:48:05Z,
91.231.186.68,ipv4,malicious-ip,medium,WHITE,ziyadnz/hourly-ipv4,ziyadnz|hourly,2026-08-17T18:48:05Z,2026-08-17T18:48:05Z,
91.231.202.35,ipv4,malicious-ip,medium,WHITE,ziyadnz/hourly-ipv4,ziyadnz|hourly,2026-08-17T18:48:05Z,2026-08-17T18:48:05Z,
91.231.219.137,ipv4,malicious-ip,medium,WHITE,ziyadnz/hourly-ipv4,ziyadnz|hourly,2026-08-17T18:48:05Z,2026-08-17T18:48:05Z,
91.231.222.195,ipv4,malicious-ip,medium,WHITE,ziyadnz/hourly-ipv4,ziyadnz|hourly,2026-08-17T18:48:05Z,2026-08-17T18:48:05Z,
91.231.41.58,ipv4,malicious-ip,medium,WHITE,ziyadnz/hourly-ipv4,ziyadnz|hourly,2026-08-17T18:48:05Z,2026-08-17T18:48:05Z,
91.231.60.116,ipv4,malicious-ip,medium,WHITE,ziyadnz/hourly-ipv4,ziyadnz|hourly,2026-08-17T18:48:05Z,2026-08-17T18:48:05Z,
91.231.60.43,ipv4,malicious-ip,medium,WHITE,ziyadnz/hourly-ipv4,ziyadnz|hourly,2026-08-17T18:48:05Z,2026-08-17T18:48:05Z,
91.231.89.0,ipv4,malicious-ip,medium,WHITE,ziyadnz/hourly-ipv4,ziyadnz|hourly,2026-08-17T18:48:05Z,2026-08-17T18:48:05Z,
91.231.89.1,ipv4,malicious-ip,medium,WHITE,ziyadnz/hourly-ipv4,ziyadnz|hourly,2026-08-17T18:48:05Z,2026-08-17T18:48:05Z,
91.231.89.10,ipv4,malicious-ip,medium,WHITE,ziyadnz/hourly-ipv4,ziyadnz|hourly,2026-08-17T18:48:05Z,2026-08-17T18:48:05Z,
91.231.89.101,ipv4,malicious-ip,medium,WHITE,ziyadnz/hourly-ipv4,ziyadnz|hourly,2026-08-17T18:48:05Z,2026-08-17T18:48:05Z,
91.231.89.103,ipv4,malicious-ip,medium,WHITE,ziyadnz/hourly-ipv4,ziyadnz|hourly,2026-08-17T18:48:05Z,2026-08-17T18:48:05Z,
91.231.89.104,ipv4,malicious-ip,medium,WHITE,ziyadnz/hourly-ipv4,ziyadnz|hourly,2026-08-17T18:48:05Z,2026-08-17T18:48:05Z,
91.231.89.105,ipv4,malicious-ip,medium,WHITE,ziyadnz/hourly-ipv4,ziyadnz|hourly,2026-08-17T18:48:05Z,2026-08-17T18:48:05Z,
91.231.89.106,ipv4,malicious-ip,medium,WHITE,ziyadnz/hourly-ipv4,ziyadnz|hourly,2026-08-17T18:48:05Z,2026-08-17T18:48:05Z,
91.231.89.107,ipv4,malicious-ip,medium,WHITE,ziyadnz/hourly-ipv4,ziyadnz|hourly,2026-08-17T18:48:05Z,2026-08-17T18:48:05Z,
91.231.89.108,ipv4,malicious-ip,medium,WHITE,ziyadnz/hourly-ipv4,ziyadnz|hourly,2026-08-17T18:48:05Z,2026-08-17T18:48:05Z,
91.231.89.109,ipv4,malicious-ip,medium,WHITE,ziyadnz/hourly-ipv4,ziyadnz|hourly,2026-08-17T18:48:05Z,2026-08-17T18:48:05Z,
91.231.89.11,ipv4,malicious-ip,medium,WHITE,ziyadnz/hourly-ipv4,ziyadnz|hourly,2026-08-17T18:48:05Z,2026-08-17T18:48:05Z,
91.231.89.110,ipv4,malicious-ip,medium,WHITE,ziyadnz/hourly-ipv4,ziyadnz|hourly,2026-08-17T18:48:05Z,2026-08-17T18:48:05Z,
91.231.89.111,ipv4,malicious-ip,medium,WHITE,ziyadnz/hourly-ipv4,ziyadnz|hourly,2026-08-17T18:48:05Z,2026-08-17T18:48:05Z,
91.231.89.112,ipv4,malicious-ip,medium,WHITE,ziyadnz/hourly-ipv4,ziyadnz|hourly,2026-08-17T18:48:05Z,2026-08-17T18:48:05Z,
91.231.89.113,ipv4,malicious-ip,medium,WHITE,ziyadnz/hourly-ipv4,ziyadnz|hourly,2026-08-17T18:48:05Z,2026-08-17T18:48:05Z,
91.231.89.114,ipv4,malicious-ip,medium,WHITE,ziyadnz/hourly-ipv4,ziyadnz|hourly,2026-08-17T18:48:05Z,2026-08-17T18:48:05Z,
91.231.89.115,ipv4,malicious-ip,medium,WHITE,ziyadnz/hourly-ipv4,ziyadnz|hourly,2026-08-17T18:48:05Z,2026-08-17T18:48:05Z,
91.231.89.116,ipv4,malicious-ip,medium,WHITE,ziyadnz/hourly-ipv4,ziyadnz|hourly,2026-08-17T18:48:05Z,2026-08-17T18:48:05Z,
91.231.89.117,ipv4,malicious-ip,medium,WHITE,ziyadnz/hourly-ipv4,ziyadnz|hourly,2026-08-17T18:48:05Z,2026-08-17T18:48:05Z,
91.231.89.118,ipv4,malicious-ip,medium,WHITE,ziyadnz/hourly-ipv4,ziyadnz|hourly,2026-08-17T18:48:05Z,2026-08-17T18:48:05Z,
91.231.89.119,ipv4,malicious-ip,medium,WHITE,ziyadnz/hourly-ipv4,ziyadnz|hourly,2026-08-17T18:48:05Z,2026-08-17T18:48:05Z,
91.231.89.12,ipv4,malicious-ip,medium,WHITE,ziyadnz/hourly-ipv4,ziyadnz|hourly,2026-08-17T18:48:05Z,2026-08-17T18:48:05Z,
91.231.89.120,ipv4,malicious-ip,medium,WHITE,ziyadnz/hourly-ipv4,ziyadnz|hourly,2026-08-17T18:48:05Z,2026-08-17T18:48:05Z,
91.231.89.122,ipv4,malicious-ip,medium,WHITE,ziyadnz/hourly-ipv4,ziyadnz|hourly,2026-08-17T18:48:05Z,2026-08-17T18:48:05Z,
91.231.89.124,ipv4,malicious-ip,medium,WHITE,ziyadnz/hourly-ipv4,ziyadnz|hourly,2026-08-17T18:48:05Z,2026-08-17T18:48:05Z,
91.231.89.128,ipv4,malicious-ip,medium,WHITE,ziyadnz/hourly-ipv4,ziyadnz|hourly,2026-08-17T18:48:05Z,2026-08-17T18:48:05Z,
91.231.89.129,ipv4,malicious-ip,medium,WHITE,ziyadnz/hourly-ipv4,ziyadnz|hourly,2026-08-17T18:48:05Z,2026-08-17T18:48:05Z,
91.231.89.13,ipv4,malicious-ip,medium,WHITE,ziyadnz/hourly-ipv4,ziyadnz|hourly,2026-08-17T18:48:05Z,2026-08-17T18:48:05Z,
91.231.89.130,ipv4,malicious-ip,medium,WHITE,ziyadnz/hourly-ipv4,ziyadnz|hourly,2026-08-17T18:48:05Z,2026-08-17T18:48:05Z,
91.231.89.131,ipv4,malicious-ip,medium,WHITE,ziyadnz/hourly-ipv4,ziyadnz|hourly,2026-08-17T18:48:05Z,2026-08-17T18:48:05Z,
91.231.89.132,ipv4,malicious-ip,medium,WHITE,ziyadnz/hourly-ipv4,ziyadnz|hourly,2026-08-17T18:48:05Z,2026-08-17T18:48:05Z,
91.231.89.133,ipv4,malicious-ip,medium,WHITE,ziyadnz/hourly-ipv4,ziyadnz|hourly,2026-08-17T18:48:05Z,2026-08-17T18:48:05Z,
91.231.89.134,ipv4,malicious-ip,medium,WHITE,ziyadnz/hourly-ipv4,ziyadnz|hourly,2026-08-17T18:48:05Z,2026-08-17T18:48:05Z,
91.231.89.135,ipv4,malicious-ip,medium,WHITE,ziyadnz/hourly-ipv4,ziyadnz|hourly,2026-08-17T18:48:05Z,2026-08-17T18:48:05Z,
91.231.89.136,ipv4,malicious-ip,medium,WHITE,ziyadnz/hourly-ipv4,ziyadnz|hourly,2026-08-17T18:48:05Z,2026-08-17T18:48:05Z,
91.231.89.139,ipv4,malicious-ip,medium,WHITE,ziyadnz/hourly-ipv4,ziyadnz|hourly,2026-08-17T18:48:05Z,2026-08-17T18:48:05Z,
91.231.89.14,ipv4,malicious-ip,medium,WHITE,ziyadnz/hourly-ipv4,ziyadnz|hourly,2026-08-17T18:48:05Z,2026-08-17T18:48:05Z,
91.231.89.142,ipv4,malicious-ip,medium,WHITE,ziyadnz/hourly-ipv4,ziyadnz|hourly,2026-08-17T18:48:05Z,2026-08-17T18:48:05Z,
91.231.89.143,ipv4,malicious-ip,medium,WHITE,ziyadnz/hourly-ipv4,ziyadnz|hourly,2026-08-17T18:48:05Z,2026-08-17T18:48:05Z,
91.231.89.144,ipv4,malicious-ip,medium,WHITE,ziyadnz/hourly-ipv4,ziyadnz|hourly,2026-08-17T18:48:05Z,2026-08-17T18:48:05Z,
91.231.89.145,ipv4,malicious-ip,medium,WHITE,ziyadnz/hourly-ipv4,ziyadnz|hourly,2026-08-17T18:48:05Z,2026-08-17T18:48:05Z,
91.231.89.146,ipv4,malicious-ip,medium,WHITE,ziyadnz/hourly-ipv4,ziyadnz|hourly,2026-08-17T18:48:05Z,2026-08-17T18:48:05Z,
91.231.89.147,ipv4,malicious-ip,medium,WHITE,ziyadnz/hourly-ipv4,ziyadnz|hourly,2026-08-17T18:48:05Z,2026-08-17T18:48:05Z,
91.231.89.148,ipv4,malicious-ip,medium,WHITE,ziyadnz/hourly-ipv4,ziyadnz|hourly,2026-08-17T18:48:05Z,2026-08-17T18:48:05Z,
91.231.89.149,ipv4,malicious-ip,medium,WHITE,ziyadnz/hourly-ipv4,ziyadnz|hourly,2026-08-17T18:48:05Z,2026-08-17T18:48:05Z,
91.231.89.15,ipv4,malicious-ip,medium,WHITE,ziyadnz/hourly-ipv4,ziyadnz|hourly,2026-08-17T18:48:05Z,2026-08-17T18:48:05Z,
91.231.89.150,ipv4,malicious-ip,medium,WHITE,ziyadnz/hourly-ipv4,ziyadnz|hourly,2026-08-17T18:48:05Z,2026-08-17T18:48:05Z,
91.231.89.151,ipv4,malicious-ip,medium,WHITE,ziyadnz/hourly-ipv4,ziyadnz|hourly,2026-08-17T18:48:05Z,2026-08-17T18:48:05Z,
91.231.89.152,ipv4,malicious-ip,medium,WHITE,ziyadnz/hourly-ipv4,ziyadnz|hourly,2026-08-17T18:48:05Z,2026-08-17T18:48:05Z,
91.231.89.153,ipv4,malicious-ip,medium,WHITE,ziyadnz/hourly-ipv4,ziyadnz|hourly,2026-08-17T18:48:05Z,2026-08-17T18:48:05Z,
91.231.89.154,ipv4,malicious-ip,medium,WHITE,ziyadnz/hourly-ipv4,ziyadnz|hourly,2026-08-17T18:48:05Z,2026-08-17T18:48:05Z,
91.231.89.155,ipv4,malicious-ip,medium,WHITE,ziyadnz/hourly-ipv4,ziyadnz|hourly,2026-08-17T18:48:05Z,2026-08-17T18:48:05Z,
91.231.89.156,ipv4,malicious-ip,medium,WHITE,ziyadnz/hourly-ipv4,ziyadnz|hourly,2026-08-17T18:48:05Z,2026-08-17T18:48:05Z,
91.231.89.157,ipv4,malicious-ip,medium,WHITE,ziyadnz/hourly-ipv4,ziyadnz|hourly,2026-08-17T18:48:05Z,2026-08-17T18:48:05Z,
91.231.89.158,ipv4,malicious-ip,medium,WHITE,ziyadnz/hourly-ipv4,ziyadnz|hourly,2026-08-17T18:48:05Z,2026-08-17T18:48:05Z,
91.231.89.159,ipv4,malicious-ip,medium,WHITE,ziyadnz/hourly-ipv4,ziyadnz|hourly,2026-08-17T18:48:05Z,2026-08-17T18:48:05Z,
91.231.89.16,ipv4,malicious-ip,medium,WHITE,ziyadnz/hourly-ipv4,ziyadnz|hourly,2026-08-17T18:48:05Z,2026-08-17T18:48:05Z,
91.231.89.160,ipv4,malicious-ip,medium,WHITE,ziyadnz/hourly-ipv4,ziyadnz|hourly,2026-08-17T18:48:05Z,2026-08-17T18:48:05Z,
91.231.89.161,ipv4,malicious-ip,medium,WHITE,ziyadnz/hourly-ipv4,ziyadnz|hourly,2026-08-17T18:48:05Z,2026-08-17T18:48:05Z,
91.231.89.162,ipv4,malicious-ip,medium,WHITE,ziyadnz/hourly-ipv4,ziyadnz|hourly,2026-08-17T18:48:05Z,2026-08-17T18:48:05Z,
91.231.89.163,ipv4,malicious-ip,medium,WHITE,ziyadnz/hourly-ipv4,ziyadnz|hourly,2026-08-17T18:48:05Z,2026-08-17T18:48:05Z,
91.231.89.164,ipv4,malicious-ip,medium,WHITE,ziyadnz/hourly-ipv4,ziyadnz|hourly,2026-08-17T18:48:05Z,2026-08-17T18:48:05Z,
91.231.89.165,ipv4,malicious-ip,medium,WHITE,ziyadnz/hourly-ipv4,ziyadnz|hourly,2026-08-17T18:48:05Z,2026-08-17T18:48:05Z,
91.231.89.166,ipv4,malicious-ip,medium,WHITE,ziyadnz/hourly-ipv4,ziyadnz|hourly,2026-08-17T18:48:05Z,2026-08-17T18:48:05Z,
91.231.89.167,ipv4,malicious-ip,medium,WHITE,ziyadnz/hourly-ipv4,ziyadnz|hourly,2026-08-17T18:48:05Z,2026-08-17T18:48:05Z,
91.231.89.168,ipv4,malicious-ip,medium,WHITE,ziyadnz/hourly-ipv4,ziyadnz|hourly,2026-08-17T18:48:05Z,2026-08-17T18:48:05Z,
91.231.89.169,ipv4,malicious-ip,medium,WHITE,ziyadnz/hourly-ipv4,ziyadnz|hourly,2026-08-17T18:48:05Z,2026-08-17T18:48:05Z,
91.231.89.17,ipv4,malicious-ip,medium,WHITE,ziyadnz/hourly-ipv4,ziyadnz|hourly,2026-08-17T18:48:05Z,2026-08-17T18:48:05Z,
91.231.89.170,ipv4,malicious-ip,medium,WHITE,ziyadnz/hourly-ipv4,ziyadnz|hourly,2026-08-17T18:48:05Z,2026-08-17T18:48:05Z,
91.231.89.171,ipv4,malicious-ip,medium,WHITE,ziyadnz/hourly-ipv4,ziyadnz|hourly,2026-08-17T18:48:05Z,2026-08-17T18:48:05Z,
91.231.89.172,ipv4,malicious-ip,medium,WHITE,ziyadnz/hourly-ipv4,ziyadnz|hourly,2026-08-17T18:48:05Z,2026-08-17T18:48:05Z,
91.231.89.173,ipv4,malicious-ip,medium,WHITE,ziyadnz/hourly-ipv4,ziyadnz|hourly,2026-08-17T18:48:05Z,2026-08-17T18:48:05Z,
91.231.89.174,ipv4,malicious-ip,medium,WHITE,ziyadnz/hourly-ipv4,ziyadnz|hourly,2026-08-17T18:48:05Z,2026-08-17T18:48:05Z,
91.231.89.175,ipv4,malicious-ip,medium,WHITE,ziyadnz/hourly-ipv4,ziyadnz|hourly,2026-08-17T18:48:05Z,2026-08-17T18:48:05Z,
91.231.89.176,ipv4,malicious-ip,medium,WHITE,ziyadnz/hourly-ipv4,ziyadnz|hourly,2026-08-17T18:48:05Z,2026-08-17T18:48:05Z,
91.231.89.177,ipv4,malicious-ip,medium,WHITE,ziyadnz/hourly-ipv4,ziyadnz|hourly,2026-08-17T18:48:05Z,2026-08-17T18:48:05Z,
91.231.89.178,ipv4,malicious-ip,medium,WHITE,ziyadnz/hourly-ipv4,ziyadnz|hourly,2026-08-17T18:48:05Z,2026-08-17T18:48:05Z,
91.231.89.179,ipv4,malicious-ip,medium,WHITE,ziyadnz/hourly-ipv4,ziyadnz|hourly,2026-08-17T18:48:05Z,2026-08-17T18:48:05Z,
91.231.89.18,ipv4,malicious-ip,medium,WHITE,ziyadnz/hourly-ipv4,ziyadnz|hourly,2026-08-17T18:48:05Z,2026-08-17T18:48:05Z,
91.231.89.180,ipv4,malicious-ip,medium,WHITE,ziyadnz/hourly-ipv4,ziyadnz|hourly,2026-08-17T18:48:05Z,2026-08-17T18:48:05Z,
91.231.89.181,ipv4,malicious-ip,medium,WHITE,ziyadnz/hourly-ipv4,ziyadnz|hourly,2026-08-17T18:48:05Z,2026-08-17T18:48:05Z,
91.231.89.182,ipv4,malicious-ip,medium,WHITE,ziyadnz/hourly-ipv4,ziyadnz|hourly,2026-08-17T18:48:05Z,2026-08-17T18:48:05Z,
91.231.89.183,ipv4,malicious-ip,medium,WHITE,ziyadnz/hourly-ipv4,ziyadnz|hourly,2026-08-17T18:48:05Z,2026-08-17T18:48:05Z,
91.231.89.184,ipv4,malicious-ip,medium,WHITE,ziyadnz/hourly-ipv4,ziyadnz|hourly,2026-08-17T18:48:05Z,2026-08-17T18:48:05Z,
91.231.89.185,ipv4,malicious-ip,medium,WHITE,ziyadnz/hourly-ipv4,ziyadnz|hourly,2026-08-17T18:48:05Z,2026-08-17T18:48:05Z,
91.231.89.186,ipv4,malicious-ip,medium,WHITE,ziyadnz/hourly-ipv4,ziyadnz|hourly,2026-08-17T18:48:05Z,2026-08-17T18:48:05Z,
91.231.89.187,ipv4,malicious-ip,medium,WHITE,ziyadnz/hourly-ipv4,ziyadnz|hourly,2026-08-17T18:48:05Z,2026-08-17T18:48:05Z,
91.231.89.188,ipv4,malicious-ip,medium,WHITE,ziyadnz/hourly-ipv4,ziyadnz|hourly,2026-08-17T18:48:05Z,2026-08-17T18:48:05Z,
91.231.89.189,ipv4,malicious-ip,medium,WHITE,ziyadnz/hourly-ipv4,ziyadnz|hourly,2026-08-17T18:48:05Z,2026-08-17T18:48:05Z,
91.231.89.190,ipv4,malicious-ip,medium,WHITE,ziyadnz/hourly-ipv4,ziyadnz|hourly,2026-08-17T18:48:05Z,2026-08-17T18:48:05Z,
91.231.89.191,ipv4,malicious-ip,medium,WHITE,ziyadnz/hourly-ipv4,ziyadnz|hourly,2026-08-17T18:48:05Z,2026-08-17T18:48:05Z,
91.231.89.192,ipv4,malicious-ip,medium,WHITE,ziyadnz/hourly-ipv4,ziyadnz|hourly,2026-08-17T18:48:05Z,2026-08-17T18:48:05Z,
91.231.89.193,ipv4,malicious-ip,medium,WHITE,ziyadnz/hourly-ipv4,ziyadnz|hourly,2026-08-17T18:48:05Z,2026-08-17T18:48:05Z,
91.231.89.194,ipv4,malicious-ip,medium,WHITE,ziyadnz/hourly-ipv4,ziyadnz|hourly,2026-08-17T18:48:05Z,2026-08-17T18:48:05Z,
91.231.89.195,ipv4,malicious-ip,medium,WHITE,ziyadnz/hourly-ipv4,ziyadnz|hourly,2026-08-17T18:48:05Z,2026-08-17T18:48:05Z,
91.231.89.196,ipv4,malicious-ip,medium,WHITE,ziyadnz/hourly-ipv4,ziyadnz|hourly,2026-08-17T18:48:05Z,2026-08-17T18:48:05Z,
91.231.89.197,ipv4,malicious-ip,medium,WHITE,ziyadnz/hourly-ipv4,ziyadnz|hourly,2026-08-17T18:48:05Z,2026-08-17T18:48:05Z,
91.231.89.198,ipv4,malicious-ip,medium,WHITE,ziyadnz/hourly-ipv4,ziyadnz|hourly,2026-08-17T18:48:05Z,2026-08-17T18:48:05Z,
91.231.89.199,ipv4,malicious-ip,medium,WHITE,ziyadnz/hourly-ipv4,ziyadnz|hourly,2026-08-17T18:48:05Z,2026-08-17T18:48:05Z,
91.231.89.2,ipv4,malicious-ip,medium,WHITE,ziyadnz/hourly-ipv4,ziyadnz|hourly,2026-08-17T18:48:05Z,2026-08-17T18:48:05Z,
91.231.89.20,ipv4,malicious-ip,medium,WHITE,ziyadnz/hourly-ipv4,ziyadnz|hourly,2026-08-17T18:48:05Z,2026-08-17T18:48:05Z,
91.231.89.200,ipv4,malicious-ip,medium,WHITE,ziyadnz/hourly-ipv4,ziyadnz|hourly,2026-08-17T18:48:05Z,2026-08-17T18:48:05Z,
91.231.89.201,ipv4,malicious-ip,medium,WHITE,ziyadnz/hourly-ipv4,ziyadnz|hourly,2026-08-17T18:48:05Z,2026-08-17T18:48:05Z,
91.231.89.202,ipv4,malicious-ip,medium,WHITE,ziyadnz/hourly-ipv4,ziyadnz|hourly,2026-08-17T18:48:05Z,2026-08-17T18:48:05Z,
91.231.89.203,ipv4,malicious-ip,medium,WHITE,ziyadnz/hourly-ipv4,ziyadnz|hourly,2026-08-17T18:48:05Z,2026-08-17T18:48:05Z,
91.231.89.204,ipv4,malicious-ip,medium,WHITE,ziyadnz/hourly-ipv4,ziyadnz|hourly,2026-08-17T18:48:05Z,2026-08-17T18:48:05Z,
91.231.89.205,ipv4,malicious-ip,medium,WHITE,ziyadnz/hourly-ipv4,ziyadnz|hourly,2026-08-17T18:48:05Z,2026-08-17T18:48:05Z,
91.231.89.206,ipv4,malicious-ip,medium,WHITE,ziyadnz/hourly-ipv4,ziyadnz|hourly,2026-08-17T18:48:05Z,2026-08-17T18:48:05Z,
91.231.89.207,ipv4,malicious-ip,medium,WHITE,ziyadnz/hourly-ipv4,ziyadnz|hourly,2026-08-17T18:48:05Z,2026-08-17T18:48:05Z,
91.231.89.208,ipv4,malicious-ip,medium,WHITE,ziyadnz/hourly-ipv4,ziyadnz|hourly,2026-08-17T18:48:05Z,2026-08-17T18:48:05Z,
91.231.89.209,ipv4,malicious-ip,medium,WHITE,ziyadnz/hourly-ipv4,ziyadnz|hourly,2026-08-17T18:48:05Z,2026-08-17T18:48:05Z,
91.231.89.21,ipv4,malicious-ip,medium,WHITE,ziyadnz/hourly-ipv4,ziyadnz|hourly,2026-08-17T18:48:05Z,2026-08-17T18:48:05Z,
91.231.89.210,ipv4,malicious-ip,medium,WHITE,ziyadnz/hourly-ipv4,ziyadnz|hourly,2026-08-17T18:48:05Z,2026-08-17T18:48:05Z,
91.231.89.211,ipv4,malicious-ip,medium,WHITE,ziyadnz/hourly-ipv4,ziyadnz|hourly,2026-08-17T18:48:05Z,2026-08-17T18:48:05Z,
91.231.89.212,ipv4,malicious-ip,medium,WHITE,ziyadnz/hourly-ipv4,ziyadnz|hourly,2026-08-17T18:48:05Z,2026-08-17T18:48:05Z,
91.231.89.213,ipv4,malicious-ip,medium,WHITE,ziyadnz/hourly-ipv4,ziyadnz|hourly,2026-08-17T18:48:05Z,2026-08-17T18:48:05Z,
91.231.89.214,ipv4,malicious-ip,medium,WHITE,ziyadnz/hourly-ipv4,ziyadnz|hourly,2026-08-17T18:48:05Z,2026-08-17T18:48:05Z,
91.231.89.215,ipv4,malicious-ip,medium,WHITE,ziyadnz/hourly-ipv4,ziyadnz|hourly,2026-08-17T18:48:05Z,2026-08-17T18:48:05Z,
91.231.89.216,ipv4,malicious-ip,medium,WHITE,ziyadnz/hourly-ipv4,ziyadnz|hourly,2026-08-17T18:48:05Z,2026-08-17T18:48:05Z,
91.231.89.217,ipv4,malicious-ip,medium,WHITE,ziyadnz/hourly-ipv4,ziyadnz|hourly,2026-08-17T18:48:05Z,2026-08-17T18:48:05Z,
91.231.89.218,ipv4,malicious-ip,medium,WHITE,ziyadnz/hourly-ipv4,ziyadnz|hourly,2026-08-17T18:48:05Z,2026-08-17T18:48:05Z,
91.231.89.219,ipv4,malicious-ip,medium,WHITE,ziyadnz/hourly-ipv4,ziyadnz|hourly,2026-08-17T18:48:05Z,2026-08-17T18:48:05Z,
91.231.89.220,ipv4,malicious-ip,medium,WHITE,ziyadnz/hourly-ipv4,ziyadnz|hourly,2026-08-17T18:48:05Z,2026-08-17T18:48:05Z,
91.231.89.221,ipv4,malicious-ip,medium,WHITE,ziyadnz/hourly-ipv4,ziyadnz|hourly,2026-08-17T18:48:05Z,2026-08-17T18:48:05Z,
91.231.89.222,ipv4,malicious-ip,medium,WHITE,ziyadnz/hourly-ipv4,ziyadnz|hourly,2026-08-17T18:48:05Z,2026-08-17T18:48:05Z,
91.231.89.223,ipv4,malicious-ip,medium,WHITE,ziyadnz/hourly-ipv4,ziyadnz|hourly,2026-08-17T18:48:05Z,2026-08-17T18:48:05Z,
91.231.89.224,ipv4,malicious-ip,medium,WHITE,ziyadnz/hourly-ipv4,ziyadnz|hourly,2026-08-17T18:48:05Z,2026-08-17T18:48:05Z,
91.231.89.225,ipv4,malicious-ip,medium,WHITE,ziyadnz/hourly-ipv4,ziyadnz|hourly,2026-08-17T18:48:05Z,2026-08-17T18:48:05Z,
91.231.89.226,ipv4,malicious-ip,medium,WHITE,ziyadnz/hourly-ipv4,ziyadnz|hourly,2026-08-17T18:48:05Z,2026-08-17T18:48:05Z,
91.231.89.227,ipv4,malicious-ip,medium,WHITE,ziyadnz/hourly-ipv4,ziyadnz|hourly,2026-08-17T18:48:05Z,2026-08-17T18:48:05Z,
91.231.89.228,ipv4,malicious-ip,medium,WHITE,ziyadnz/hourly-ipv4,ziyadnz|hourly,2026-08-17T18:48:05Z,2026-08-17T18:48:05Z,
91.231.89.229,ipv4,malicious-ip,medium,WHITE,ziyadnz/hourly-ipv4,ziyadnz|hourly,2026-08-17T18:48:05Z,2026-08-17T18:48:05Z,
91.231.89.230,ipv4,malicious-ip,medium,WHITE,ziyadnz/hourly-ipv4,ziyadnz|hourly,2026-08-17T18:48:05Z,2026-08-17T18:48:05Z,
91.231.89.231,ipv4,malicious-ip,medium,WHITE,ziyadnz/hourly-ipv4,ziyadnz|hourly,2026-08-17T18:48:05Z,2026-08-17T18:48:05Z,
91.231.89.232,ipv4,malicious-ip,medium,WHITE,ziyadnz/hourly-ipv4,ziyadnz|hourly,2026-08-17T18:48:05Z,2026-08-17T18:48:05Z,
91.231.89.233,ipv4,malicious-ip,medium,WHITE,ziyadnz/hourly-ipv4,ziyadnz|hourly,2026-08-17T18:48:05Z,2026-08-17T18:48:05Z,
91.231.89.234,ipv4,malicious-ip,medium,WHITE,ziyadnz/hourly-ipv4,ziyadnz|hourly,2026-08-17T18:48:05Z,2026-08-17T18:48:05Z,
91.231.89.235,ipv4,malicious-ip,medium,WHITE,ziyadnz/hourly-ipv4,ziyadnz|hourly,2026-08-17T18:48:05Z,2026-08-17T18:48:05Z,
91.231.89.236,ipv4,malicious-ip,medium,WHITE,ziyadnz/hourly-ipv4,ziyadnz|hourly,2026-08-17T18:48:05Z,2026-08-17T18:48:05Z,
91.231.89.237,ipv4,malicious-ip,medium,WHITE,ziyadnz/hourly-ipv4,ziyadnz|hourly,2026-08-17T18:48:05Z,2026-08-17T18:48:05Z,
91.231.89.238,ipv4,malicious-ip,medium,WHITE,ziyadnz/hourly-ipv4,ziyadnz|hourly,2026-08-17T18:48:05Z,2026-08-17T18:48:05Z,
91.231.89.239,ipv4,malicious-ip,medium,WHITE,ziyadnz/hourly-ipv4,ziyadnz|hourly,2026-08-17T18:48:05Z,2026-08-17T18:48:05Z,
91.231.89.24,ipv4,malicious-ip,medium,WHITE,ziyadnz/hourly-ipv4,ziyadnz|hourly,2026-08-17T18:48:05Z,2026-08-17T18:48:05Z,
91.231.89.242,ipv4,malicious-ip,medium,WHITE,ziyadnz/hourly-ipv4,ziyadnz|hourly,2026-08-17T18:48:05Z,2026-08-17T18:48:05Z,
91.231.89.247,ipv4,malicious-ip,medium,WHITE,ziyadnz/hourly-ipv4,ziyadnz|hourly,2026-08-17T18:48:05Z,2026-08-17T18:48:05Z,
91.231.89.248,ipv4,malicious-ip,medium,WHITE,ziyadnz/hourly-ipv4,ziyadnz|hourly,2026-08-17T18:48:05Z,2026-08-17T18:48:05Z,
91.231.89.249,ipv4,malicious-ip,medium,WHITE,ziyadnz/hourly-ipv4,ziyadnz|hourly,2026-08-17T18:48:05Z,2026-08-17T18:48:05Z,
91.231.89.250,ipv4,malicious-ip,medium,WHITE,ziyadnz/hourly-ipv4,ziyadnz|hourly,2026-08-17T18:48:05Z,2026-08-17T18:48:05Z,
91.231.89.251,ipv4,malicious-ip,medium,WHITE,ziyadnz/hourly-ipv4,ziyadnz|hourly,2026-08-17T18:48:05Z,2026-08-17T18:48:05Z,
91.231.89.252,ipv4,malicious-ip,medium,WHITE,ziyadnz/hourly-ipv4,ziyadnz|hourly,2026-08-17T18:48:05Z,2026-08-17T18:48:05Z,
91.231.89.253,ipv4,malicious-ip,medium,WHITE,ziyadnz/hourly-ipv4,ziyadnz|hourly,2026-08-17T18:48:05Z,2026-08-17T18:48:05Z,
91.231.89.254,ipv4,malicious-ip,medium,WHITE,ziyadnz/hourly-ipv4,ziyadnz|hourly,2026-08-17T18:48:05Z,2026-08-17T18:48:05Z,
91.231.89.255,ipv4,malicious-ip,medium,WHITE,ziyadnz/hourly-ipv4,ziyadnz|hourly,2026-08-17T18:48:05Z,2026-08-17T18:48:05Z,
91.231.89.26,ipv4,malicious-ip,medium,WHITE,ziyadnz/hourly-ipv4,ziyadnz|hourly,2026-08-17T18:48:05Z,2026-08-17T18:48:05Z,
91.231.89.27,ipv4,malicious-ip,medium,WHITE,ziyadnz/hourly-ipv4,ziyadnz|hourly,2026-08-17T18:48:05Z,2026-08-17T18:48:05Z,
91.231.89.28,ipv4,malicious-ip,medium,WHITE,ziyadnz/hourly-ipv4,ziyadnz|hourly,2026-08-17T18:48:05Z,2026-08-17T18:48:05Z,
91.231.89.29,ipv4,malicious-ip,medium,WHITE,ziyadnz/hourly-ipv4,ziyadnz|hourly,2026-08-17T18:48:05Z,2026-08-17T18:48:05Z,
91.231.89.3,ipv4,malicious-ip,medium,WHITE,ziyadnz/hourly-ipv4,ziyadnz|hourly,2026-08-17T18:48:05Z,2026-08-17T18:48:05Z,
91.231.89.30,ipv4,malicious-ip,medium,WHITE,ziyadnz/hourly-ipv4,ziyadnz|hourly,2026-08-17T18:48:05Z,2026-08-17T18:48:05Z,
91.231.89.31,ipv4,malicious-ip,medium,WHITE,ziyadnz/hourly-ipv4,ziyadnz|hourly,2026-08-17T18:48:05Z,2026-08-17T18:48:05Z,
91.231.89.32,ipv4,malicious-ip,medium,WHITE,ziyadnz/hourly-ipv4,ziyadnz|hourly,2026-08-17T18:48:05Z,2026-08-17T18:48:05Z,
91.231.89.33,ipv4,malicious-ip,medium,WHITE,ziyadnz/hourly-ipv4,ziyadnz|hourly,2026-08-17T18:48:05Z,2026-08-17T18:48:05Z,
91.231.89.34,ipv4,malicious-ip,medium,WHITE,ziyadnz/hourly-ipv4,ziyadnz|hourly,2026-08-17T18:48:05Z,2026-08-17T18:48:05Z,
91.231.89.35,ipv4,malicious-ip,medium,WHITE,ziyadnz/hourly-ipv4,ziyadnz|hourly,2026-08-17T18:48:05Z,2026-08-17T18:48:05Z,
91.231.89.38,ipv4,malicious-ip,medium,WHITE,ziyadnz/hourly-ipv4,ziyadnz|hourly,2026-08-17T18:48:05Z,2026-08-17T18:48:05Z,
91.231.89.4,ipv4,malicious-ip,medium,WHITE,ziyadnz/hourly-ipv4,ziyadnz|hourly,2026-08-17T18:48:05Z,2026-08-17T18:48:05Z,
91.231.89.40,ipv4,malicious-ip,medium,WHITE,ziyadnz/hourly-ipv4,ziyadnz|hourly,2026-08-17T18:48:05Z,2026-08-17T18:48:05Z,
91.231.89.41,ipv4,malicious-ip,medium,WHITE,ziyadnz/hourly-ipv4,ziyadnz|hourly,2026-08-17T18:48:05Z,2026-08-17T18:48:05Z,
91.231.89.42,ipv4,malicious-ip,medium,WHITE,ziyadnz/hourly-ipv4,ziyadnz|hourly,2026-08-17T18:48:05Z,2026-08-17T18:48:05Z,
91.231.89.43,ipv4,malicious-ip,medium,WHITE,ziyadnz/hourly-ipv4,ziyadnz|hourly,2026-08-17T18:48:05Z,2026-08-17T18:48:05Z,
91.231.89.44,ipv4,malicious-ip,medium,WHITE,ziyadnz/hourly-ipv4,ziyadnz|hourly,2026-08-17T18:48:05Z,2026-08-17T18:48:05Z,
91.231.89.45,ipv4,malicious-ip,medium,WHITE,ziyadnz/hourly-ipv4,ziyadnz|hourly,2026-08-17T18:48:05Z,2026-08-17T18:48:05Z,
91.231.89.46,ipv4,malicious-ip,medium,WHITE,ziyadnz/hourly-ipv4,ziyadnz|hourly,2026-08-17T18:48:05Z,2026-08-17T18:48:05Z,
91.231.89.47,ipv4,malicious-ip,medium,WHITE,ziyadnz/hourly-ipv4,ziyadnz|hourly,2026-08-17T18:48:05Z,2026-08-17T18:48:05Z,
91.231.89.48,ipv4,malicious-ip,medium,WHITE,ziyadnz/hourly-ipv4,ziyadnz|hourly,2026-08-17T18:48:05Z,2026-08-17T18:48:05Z,
91.231.89.49,ipv4,malicious-ip,medium,WHITE,ziyadnz/hourly-ipv4,ziyadnz|hourly,2026-08-17T18:48:05Z,2026-08-17T18:48:05Z,
91.231.89.5,ipv4,malicious-ip,medium,WHITE,ziyadnz/hourly-ipv4,ziyadnz|hourly,2026-08-17T18:48:05Z,2026-08-17T18:48:05Z,
91.231.89.50,ipv4,malicious-ip,medium,WHITE,ziyadnz/hourly-ipv4,ziyadnz|hourly,2026-08-17T18:48:05Z,2026-08-17T18:48:05Z,
91.231.89.51,ipv4,malicious-ip,medium,WHITE,ziyadnz/hourly-ipv4,ziyadnz|hourly,2026-08-17T18:48:05Z,2026-08-17T18:48:05Z,
91.231.89.52,ipv4,malicious-ip,medium,WHITE,ziyadnz/hourly-ipv4,ziyadnz|hourly,2026-08-17T18:48:05Z,2026-08-17T18:48:05Z,
91.231.89.53,ipv4,malicious-ip,medium,WHITE,ziyadnz/hourly-ipv4,ziyadnz|hourly,2026-08-17T18:48:05Z,2026-08-17T18:48:05Z,
91.231.89.55,ipv4,malicious-ip,medium,WHITE,ziyadnz/hourly-ipv4,ziyadnz|hourly,2026-08-17T18:48:05Z,2026-08-17T18:48:05Z,
91.231.89.57,ipv4,malicious-ip,medium,WHITE,ziyadnz/hourly-ipv4,ziyadnz|hourly,2026-08-17T18:48:05Z,2026-08-17T18:48:05Z,
91.231.89.58,ipv4,malicious-ip,medium,WHITE,ziyadnz/hourly-ipv4,ziyadnz|hourly,2026-08-17T18:48:05Z,2026-08-17T18:48:05Z,
91.231.89.59,ipv4,malicious-ip,medium,WHITE,ziyadnz/hourly-ipv4,ziyadnz|hourly,2026-08-17T18:48:05Z,2026-08-17T18:48:05Z,
91.231.89.6,ipv4,malicious-ip,medium,WHITE,ziyadnz/hourly-ipv4,ziyadnz|hourly,2026-08-17T18:48:05Z,2026-08-17T18:48:05Z,
91.231.89.60,ipv4,malicious-ip,medium,WHITE,ziyadnz/hourly-ipv4,ziyadnz|hourly,2026-08-17T18:48:05Z,2026-08-17T18:48:05Z,
91.231.89.61,ipv4,malicious-ip,medium,WHITE,ziyadnz/hourly-ipv4,ziyadnz|hourly,2026-08-17T18:48:05Z,2026-08-17T18:48:05Z,
91.231.89.62,ipv4,malicious-ip,medium,WHITE,ziyadnz/hourly-ipv4,ziyadnz|hourly,2026-08-17T18:48:05Z,2026-08-17T18:48:05Z,
91.231.89.63,ipv4,malicious-ip,medium,WHITE,ziyadnz/hourly-ipv4,ziyadnz|hourly,2026-08-17T18:48:05Z,2026-08-17T18:48:05Z,
91.231.89.64,ipv4,malicious-ip,medium,WHITE,ziyadnz/hourly-ipv4,ziyadnz|hourly,2026-08-17T18:48:05Z,2026-08-17T18:48:05Z,
91.231.89.65,ipv4,malicious-ip,medium,WHITE,ziyadnz/hourly-ipv4,ziyadnz|hourly,2026-08-17T18:48:05Z,2026-08-17T18:48:05Z,
91.231.89.66,ipv4,malicious-ip,medium,WHITE,ziyadnz/hourly-ipv4,ziyadnz|hourly,2026-08-17T18:48:05Z,2026-08-17T18:48:05Z,
91.231.89.67,ipv4,malicious-ip,medium,WHITE,ziyadnz/hourly-ipv4,ziyadnz|hourly,2026-08-17T18:48:05Z,2026-08-17T18:48:05Z,
91.231.89.68,ipv4,malicious-ip,medium,WHITE,ziyadnz/hourly-ipv4,ziyadnz|hourly,2026-08-17T18:48:05Z,2026-08-17T18:48:05Z,
91.231.89.69,ipv4,malicious-ip,medium,WHITE,ziyadnz/hourly-ipv4,ziyadnz|hourly,2026-08-17T18:48:05Z,2026-08-17T18:48:05Z,
91.231.89.7,ipv4,malicious-ip,medium,WHITE,ziyadnz/hourly-ipv4,ziyadnz|hourly,2026-08-17T18:48:05Z,2026-08-17T18:48:05Z,
91.231.89.70,ipv4,malicious-ip,medium,WHITE,ziyadnz/hourly-ipv4,ziyadnz|hourly,2026-08-17T18:48:05Z,2026-08-17T18:48:05Z,
91.231.89.71,ipv4,malicious-ip,medium,WHITE,ziyadnz/hourly-ipv4,ziyadnz|hourly,2026-08-17T18:48:05Z,2026-08-17T18:48:05Z,
91.231.89.72,ipv4,malicious-ip,medium,WHITE,ziyadnz/hourly-ipv4,ziyadnz|hourly,2026-08-17T18:48:05Z,2026-08-17T18:48:05Z,
91.231.89.73,ipv4,malicious-ip,medium,WHITE,ziyadnz/hourly-ipv4,ziyadnz|hourly,2026-08-17T18:48:05Z,2026-08-17T18:48:05Z,
91.231.89.74,ipv4,malicious-ip,medium,WHITE,ziyadnz/hourly-ipv4,ziyadnz|hourly,2026-08-17T18:48:05Z,2026-08-17T18:48:05Z,
91.231.89.75,ipv4,malicious-ip,medium,WHITE,ziyadnz/hourly-ipv4,ziyadnz|hourly,2026-08-17T18:48:05Z,2026-08-17T18:48:05Z,
91.231.89.76,ipv4,malicious-ip,medium,WHITE,ziyadnz/hourly-ipv4,ziyadnz|hourly,2026-08-17T18:48:05Z,2026-08-17T18:48:05Z,
91.231.89.77,ipv4,malicious-ip,medium,WHITE,ziyadnz/hourly-ipv4,ziyadnz|hourly,2026-08-17T18:48:05Z,2026-08-17T18:48:05Z,
91.231.89.78,ipv4,malicious-ip,medium,WHITE,ziyadnz/hourly-ipv4,ziyadnz|hourly,2026-08-17T18:48:05Z,2026-08-17T18:48:05Z,
91.231.89.79,ipv4,malicious-ip,medium,WHITE,ziyadnz/hourly-ipv4,ziyadnz|hourly,2026-08-17T18:48:05Z,2026-08-17T18:48:05Z,
91.231.89.8,ipv4,malicious-ip,medium,WHITE,ziyadnz/hourly-ipv4,ziyadnz|hourly,2026-08-17T18:48:05Z,2026-08-17T18:48:05Z,
91.231.89.80,ipv4,malicious-ip,medium,WHITE,ziyadnz/hourly-ipv4,ziyadnz|hourly,2026-08-17T18:48:05Z,2026-08-17T18:48:05Z,
91.231.89.81,ipv4,malicious-ip,medium,WHITE,ziyadnz/hourly-ipv4,ziyadnz|hourly,2026-08-17T18:48:05Z,2026-08-17T18:48:05Z,
91.231.89.82,ipv4,malicious-ip,medium,WHITE,ziyadnz/hourly-ipv4,ziyadnz|hourly,2026-08-17T18:48:05Z,2026-08-17T18:48:05Z,
91.231.89.83,ipv4,malicious-ip,medium,WHITE,ziyadnz/hourly-ipv4,ziyadnz|hourly,2026-08-17T18:48:05Z,2026-08-17T18:48:05Z,
91.231.89.84,ipv4,malicious-ip,medium,WHITE,ziyadnz/hourly-ipv4,ziyadnz|hourly,2026-08-17T18:48:05Z,2026-08-17T18:48:05Z,
91.231.89.85,ipv4,malicious-ip,medium,WHITE,ziyadnz/hourly-ipv4,ziyadnz|hourly,2026-08-17T18:48:05Z,2026-08-17T18:48:05Z,
91.231.89.86,ipv4,malicious-ip,medium,WHITE,ziyadnz/hourly-ipv4,ziyadnz|hourly,2026-08-17T18:48:05Z,2026-08-17T18:48:05Z,
91.231.89.87,ipv4,malicious-ip,medium,WHITE,ziyadnz/hourly-ipv4,ziyadnz|hourly,2026-08-17T18:48:05Z,2026-08-17T18:48:05Z,
91.231.89.88,ipv4,malicious-ip,medium,WHITE,ziyadnz/hourly-ipv4,ziyadnz|hourly,2026-08-17T18:48:05Z,2026-08-17T18:48:05Z,
91.231.89.89,ipv4,malicious-ip,medium,WHITE,ziyadnz/hourly-ipv4,ziyadnz|hourly,2026-08-17T18:48:05Z,2026-08-17T18:48:05Z,
91.231.89.9,ipv4,malicious-ip,medium,WHITE,ziyadnz/hourly-ipv4,ziyadnz|hourly,2026-08-17T18:48:05Z,2026-08-17T18:48:05Z,
91.231.89.90,ipv4,malicious-ip,medium,WHITE,ziyadnz/hourly-ipv4,ziyadnz|hourly,2026-08-17T18:48:05Z,2026-08-17T18:48:05Z,
91.231.89.91,ipv4,malicious-ip,medium,WHITE,ziyadnz/hourly-ipv4,ziyadnz|hourly,2026-08-17T18:48:05Z,2026-08-17T18:48:05Z,
91.231.89.92,ipv4,malicious-ip,medium,WHITE,ziyadnz/hourly-ipv4,ziyadnz|hourly,2026-08-17T18:48:05Z,2026-08-17T18:48:05Z,
91.231.89.93,ipv4,malicious-ip,medium,WHITE,ziyadnz/hourly-ipv4,ziyadnz|hourly,2026-08-17T18:48:05Z,2026-08-17T18:48:05Z,
91.231.89.94,ipv4,malicious-ip,medium,WHITE,ziyadnz/hourly-ipv4,ziyadnz|hourly,2026-08-17T18:48:05Z,2026-08-17T18:48:05Z,
91.231.89.95,ipv4,malicious-ip,medium,WHITE,ziyadnz/hourly-ipv4,ziyadnz|hourly,2026-08-17T18:48:05Z,2026-08-17T18:48:05Z,
91.231.89.98,ipv4,malicious-ip,medium,WHITE,ziyadnz/hourly-ipv4,ziyadnz|hourly,2026-08-17T18:48:05Z,2026-08-17T18:48:05Z,
91.232.103.95,ipv4,malicious-ip,medium,WHITE,ziyadnz/hourly-ipv4,ziyadnz|hourly,2026-08-17T18:48:05Z,2026-08-17T18:48:05Z,
91.232.158.78,ipv4,malicious-ip,medium,WHITE,ziyadnz/hourly-ipv4,ziyadnz|hourly,2026-08-17T18:48:05Z,2026-08-17T18:48:05Z,
91.232.162.11,ipv4,malicious-ip,medium,WHITE,ziyadnz/hourly-ipv4,ziyadnz|hourly,2026-08-17T18:48:05Z,2026-08-17T18:48:05Z,
91.232.164.45,ipv4,malicious-ip,medium,WHITE,ziyadnz/hourly-ipv4,ziyadnz|hourly,2026-08-17T18:48:05Z,2026-08-17T18:48:05Z,
91.232.165.116,ipv4,malicious-ip,medium,WHITE,ziyadnz/hourly-ipv4,ziyadnz|hourly,2026-08-17T18:48:05Z,2026-08-17T18:48:05Z,
91.232.165.230,ipv4,malicious-ip,medium,WHITE,ziyadnz/hourly-ipv4,ziyadnz|hourly,2026-08-17T18:48:05Z,2026-08-17T18:48:05Z,
91.232.165.90,ipv4,malicious-ip,medium,WHITE,ziyadnz/hourly-ipv4,ziyadnz|hourly,2026-08-17T18:48:05Z,2026-08-17T18:48:05Z,
91.232.167.178,ipv4,malicious-ip,medium,WHITE,ziyadnz/hourly-ipv4,ziyadnz|hourly,2026-08-17T18:48:05Z,2026-08-17T18:48:05Z,
91.232.238.15,ipv4,malicious-ip,medium,WHITE,ziyadnz/hourly-ipv4,ziyadnz|hourly,2026-08-17T18:48:05Z,2026-08-17T18:48:05Z,
91.232.238.8,ipv4,malicious-ip,medium,WHITE,ziyadnz/hourly-ipv4,ziyadnz|hourly,2026-08-17T18:48:05Z,2026-08-17T18:48:05Z,
91.232.238.82,ipv4,malicious-ip,medium,WHITE,ziyadnz/hourly-ipv4,ziyadnz|hourly,2026-08-17T18:48:05Z,2026-08-17T18:48:05Z,
91.232.29.206,ipv4,malicious-ip,medium,WHITE,ziyadnz/hourly-ipv4,ziyadnz|hourly,2026-08-17T18:48:05Z,2026-08-17T18:48:05Z,
91.233.113.237,ipv4,malicious-ip,medium,WHITE,ziyadnz/hourly-ipv4,ziyadnz|hourly,2026-08-17T18:48:05Z,2026-08-17T18:48:05Z,
91.233.172.248,ipv4,malicious-ip,medium,WHITE,ziyadnz/hourly-ipv4,ziyadnz|hourly,2026-08-17T18:48:05Z,2026-08-17T18:48:05Z,
91.233.185.13,ipv4,malicious-ip,medium,WHITE,ziyadnz/hourly-ipv4,ziyadnz|hourly,2026-08-17T18:48:05Z,2026-08-17T18:48:05Z,
91.233.83.203,ipv4,malicious-ip,medium,WHITE,ziyadnz/hourly-ipv4,ziyadnz|hourly,2026-08-17T18:48:05Z,2026-08-17T18:48:05Z,
91.234.132.142,ipv4,malicious-ip,medium,WHITE,ziyadnz/hourly-ipv4,ziyadnz|hourly,2026-08-17T18:48:05Z,2026-08-17T18:48:05Z,
91.234.135.123,ipv4,malicious-ip,medium,WHITE,ziyadnz/hourly-ipv4,ziyadnz|hourly,2026-08-17T18:48:05Z,2026-08-17T18:48:05Z,
91.234.136.237,ipv4,malicious-ip,medium,WHITE,ziyadnz/hourly-ipv4,ziyadnz|hourly,2026-08-17T18:48:05Z,2026-08-17T18:48:05Z,
91.234.136.79,ipv4,malicious-ip,medium,WHITE,ziyadnz/hourly-ipv4,ziyadnz|hourly,2026-08-17T18:48:05Z,2026-08-17T18:48:05Z,
91.234.137.144,ipv4,malicious-ip,medium,WHITE,ziyadnz/hourly-ipv4,ziyadnz|hourly,2026-08-17T18:48:05Z,2026-08-17T18:48:05Z,
91.234.137.38,ipv4,malicious-ip,medium,WHITE,ziyadnz/hourly-ipv4,ziyadnz|hourly,2026-08-17T18:48:05Z,2026-08-17T18:48:05Z,
91.234.138.113,ipv4,malicious-ip,medium,WHITE,ziyadnz/hourly-ipv4,ziyadnz|hourly,2026-08-17T18:48:05Z,2026-08-17T18:48:05Z,
91.234.138.122,ipv4,malicious-ip,medium,WHITE,ziyadnz/hourly-ipv4,ziyadnz|hourly,2026-08-17T18:48:05Z,2026-08-17T18:48:05Z,
91.234.138.200,ipv4,malicious-ip,medium,WHITE,ziyadnz/hourly-ipv4,ziyadnz|hourly,2026-08-17T18:48:05Z,2026-08-17T18:48:05Z,
91.234.139.188,ipv4,malicious-ip,medium,WHITE,ziyadnz/hourly-ipv4,ziyadnz|hourly,2026-08-17T18:48:05Z,2026-08-17T18:48:05Z,
91.234.139.234,ipv4,malicious-ip,medium,WHITE,ziyadnz/hourly-ipv4,ziyadnz|hourly,2026-08-17T18:48:05Z,2026-08-17T18:48:05Z,
91.234.199.248,ipv4,malicious-ip,medium,WHITE,ziyadnz/hourly-ipv4,ziyadnz|hourly,2026-08-17T18:48:05Z,2026-08-17T18:48:05Z,
91.234.25.220,ipv4,malicious-ip,medium,WHITE,ziyadnz/hourly-ipv4,ziyadnz|hourly,2026-08-17T18:48:05Z,2026-08-17T18:48:05Z,
91.234.25.237,ipv4,malicious-ip,medium,WHITE,ziyadnz/hourly-ipv4,ziyadnz|hourly,2026-08-17T18:48:05Z,2026-08-17T18:48:05Z,
91.234.254.228,ipv4,malicious-ip,medium,WHITE,ziyadnz/hourly-ipv4,ziyadnz|hourly,2026-08-17T18:48:05Z,2026-08-17T18:48:05Z,
91.234.26.0,ipv4,malicious-ip,medium,WHITE,ziyadnz/hourly-ipv4,ziyadnz|hourly,2026-08-17T18:48:05Z,2026-08-17T18:48:05Z,
91.234.26.139,ipv4,malicious-ip,medium,WHITE,ziyadnz/hourly-ipv4,ziyadnz|hourly,2026-08-17T18:48:05Z,2026-08-17T18:48:05Z,
91.234.26.142,ipv4,malicious-ip,medium,WHITE,ziyadnz/hourly-ipv4,ziyadnz|hourly,2026-08-17T18:48:05Z,2026-08-17T18:48:05Z,
91.234.26.146,ipv4,malicious-ip,medium,WHITE,ziyadnz/hourly-ipv4,ziyadnz|hourly,2026-08-17T18:48:05Z,2026-08-17T18:48:05Z,
91.234.26.153,ipv4,malicious-ip,medium,WHITE,ziyadnz/hourly-ipv4,ziyadnz|hourly,2026-08-17T18:48:05Z,2026-08-17T18:48:05Z,
91.234.26.170,ipv4,malicious-ip,medium,WHITE,ziyadnz/hourly-ipv4,ziyadnz|hourly,2026-08-17T18:48:05Z,2026-08-17T18:48:05Z,
91.234.26.181,ipv4,malicious-ip,medium,WHITE,ziyadnz/hourly-ipv4,ziyadnz|hourly,2026-08-17T18:48:05Z,2026-08-17T18:48:05Z,
91.234.26.189,ipv4,malicious-ip,medium,WHITE,ziyadnz/hourly-ipv4,ziyadnz|hourly,2026-08-17T18:48:05Z,2026-08-17T18:48:05Z,
91.234.33.108,ipv4,malicious-ip,medium,WHITE,ziyadnz/hourly-ipv4,ziyadnz|hourly,2026-08-17T18:48:05Z,2026-08-17T18:48:05Z,
91.234.33.185,ipv4,malicious-ip,medium,WHITE,ziyadnz/hourly-ipv4,ziyadnz|hourly,2026-08-17T18:48:05Z,2026-08-17T18:48:05Z,
91.234.39.60,ipv4,malicious-ip,medium,WHITE,ziyadnz/hourly-ipv4,ziyadnz|hourly,2026-08-17T18:48:05Z,2026-08-17T18:48:05Z,
91.234.62.215,ipv4,malicious-ip,medium,WHITE,ziyadnz/hourly-ipv4,ziyadnz|hourly,2026-08-17T18:48:05Z,2026-08-17T18:48:05Z,
91.235.124.81,ipv4,malicious-ip,medium,WHITE,ziyadnz/hourly-ipv4,ziyadnz|hourly,2026-08-17T18:48:05Z,2026-08-17T18:48:05Z,
91.235.136.39,ipv4,malicious-ip,medium,WHITE,ziyadnz/hourly-ipv4,ziyadnz|hourly,2026-08-17T18:48:05Z,2026-08-17T18:48:05Z,
91.235.147.32,ipv4,malicious-ip,medium,WHITE,ziyadnz/hourly-ipv4,ziyadnz|hourly,2026-08-17T18:48:05Z,2026-08-17T18:48:05Z,
91.235.181.138,ipv4,malicious-ip,medium,WHITE,ziyadnz/hourly-ipv4,ziyadnz|hourly,2026-08-17T18:48:05Z,2026-08-17T18:48:05Z,
91.235.234.130,ipv4,malicious-ip,medium,WHITE,ziyadnz/hourly-ipv4,ziyadnz|hourly,2026-08-17T18:48:05Z,2026-08-17T18:48:05Z,
91.235.234.202,ipv4,malicious-ip,medium,WHITE,ziyadnz/hourly-ipv4,ziyadnz|hourly,2026-08-17T18:48:05Z,2026-08-17T18:48:05Z,
91.235.234.235,ipv4,malicious-ip,medium,WHITE,ziyadnz/hourly-ipv4,ziyadnz|hourly,2026-08-17T18:48:05Z,2026-08-17T18:48:05Z,
91.235.234.251,ipv4,malicious-ip,medium,WHITE,ziyadnz/hourly-ipv4,ziyadnz|hourly,2026-08-17T18:48:05Z,2026-08-17T18:48:05Z,
91.235.234.81,ipv4,malicious-ip,medium,WHITE,ziyadnz/hourly-ipv4,ziyadnz|hourly,2026-08-17T18:48:05Z,2026-08-17T18:48:05Z,
91.235.255.47,ipv4,malicious-ip,medium,WHITE,ziyadnz/hourly-ipv4,ziyadnz|hourly,2026-08-17T18:48:05Z,2026-08-17T18:48:05Z,
91.236.116.63,ipv4,malicious-ip,medium,WHITE,ziyadnz/hourly-ipv4,ziyadnz|hourly,2026-08-17T18:48:05Z,2026-08-17T18:48:05Z,
91.236.126.30,ipv4,malicious-ip,medium,WHITE,ziyadnz/hourly-ipv4,ziyadnz|hourly,2026-08-17T18:48:05Z,2026-08-17T18:48:05Z,
91.236.138.140,ipv4,malicious-ip,medium,WHITE,ziyadnz/hourly-ipv4,ziyadnz|hourly,2026-08-17T18:48:05Z,2026-08-17T18:48:05Z,
91.236.14.49,ipv4,malicious-ip,medium,WHITE,ziyadnz/hourly-ipv4,ziyadnz|hourly,2026-08-17T18:48:05Z,2026-08-17T18:48:05Z,
91.236.157.212,ipv4,malicious-ip,medium,WHITE,ziyadnz/hourly-ipv4,ziyadnz|hourly,2026-08-17T18:48:05Z,2026-08-17T18:48:05Z,
91.236.158.125,ipv4,malicious-ip,medium,WHITE,ziyadnz/hourly-ipv4,ziyadnz|hourly,2026-08-17T18:48:05Z,2026-08-17T18:48:05Z,
91.236.159.145,ipv4,malicious-ip,medium,WHITE,ziyadnz/hourly-ipv4,ziyadnz|hourly,2026-08-17T18:48:05Z,2026-08-17T18:48:05Z,
91.236.172.0,ipv4,malicious-ip,medium,WHITE,ziyadnz/hourly-ipv4,ziyadnz|hourly,2026-08-17T18:48:05Z,2026-08-17T18:48:05Z,
91.236.172.11,ipv4,malicious-ip,medium,WHITE,ziyadnz/hourly-ipv4,ziyadnz|hourly,2026-08-17T18:48:05Z,2026-08-17T18:48:05Z,
91.236.172.244,ipv4,malicious-ip,medium,WHITE,ziyadnz/hourly-ipv4,ziyadnz|hourly,2026-08-17T18:48:05Z,2026-08-17T18:48:05Z,
91.236.172.31,ipv4,malicious-ip,medium,WHITE,ziyadnz/hourly-ipv4,ziyadnz|hourly,2026-08-17T18:48:05Z,2026-08-17T18:48:05Z,
91.236.172.35,ipv4,malicious-ip,medium,WHITE,ziyadnz/hourly-ipv4,ziyadnz|hourly,2026-08-17T18:48:05Z,2026-08-17T18:48:05Z,
91.236.172.36,ipv4,malicious-ip,medium,WHITE,ziyadnz/hourly-ipv4,ziyadnz|hourly,2026-08-17T18:48:05Z,2026-08-17T18:48:05Z,
91.236.172.42,ipv4,malicious-ip,medium,WHITE,ziyadnz/hourly-ipv4,ziyadnz|hourly,2026-08-17T18:48:05Z,2026-08-17T18:48:05Z,
91.236.172.60,ipv4,malicious-ip,medium,WHITE,ziyadnz/hourly-ipv4,ziyadnz|hourly,2026-08-17T18:48:05Z,2026-08-17T18:48:05Z,
91.236.172.99,ipv4,malicious-ip,medium,WHITE,ziyadnz/hourly-ipv4,ziyadnz|hourly,2026-08-17T18:48:05Z,2026-08-17T18:48:05Z,
91.236.173.5,ipv4,malicious-ip,medium,WHITE,ziyadnz/hourly-ipv4,ziyadnz|hourly,2026-08-17T18:48:05Z,2026-08-17T18:48:05Z,
91.236.246.196,ipv4,malicious-ip,medium,WHITE,ziyadnz/hourly-ipv4,ziyadnz|hourly,2026-08-17T18:48:05Z,2026-08-17T18:48:05Z,
91.236.247.11,ipv4,malicious-ip,medium,WHITE,ziyadnz/hourly-ipv4,ziyadnz|hourly,2026-08-17T18:48:05Z,2026-08-17T18:48:05Z,
91.236.55.133,ipv4,malicious-ip,medium,WHITE,ziyadnz/hourly-ipv4,ziyadnz|hourly,2026-08-17T18:48:05Z,2026-08-17T18:48:05Z,
91.236.55.140,ipv4,malicious-ip,medium,WHITE,ziyadnz/hourly-ipv4,ziyadnz|hourly,2026-08-17T18:48:05Z,2026-08-17T18:48:05Z,
91.237.109.159,ipv4,malicious-ip,medium,WHITE,ziyadnz/hourly-ipv4,ziyadnz|hourly,2026-08-17T18:48:05Z,2026-08-17T18:48:05Z,
91.237.122.116,ipv4,malicious-ip,medium,WHITE,ziyadnz/hourly-ipv4,ziyadnz|hourly,2026-08-17T18:48:05Z,2026-08-17T18:48:05Z,
91.237.122.7,ipv4,malicious-ip,medium,WHITE,ziyadnz/hourly-ipv4,ziyadnz|hourly,2026-08-17T18:48:05Z,2026-08-17T18:48:05Z,
91.237.124.245,ipv4,malicious-ip,medium,WHITE,ziyadnz/hourly-ipv4,ziyadnz|hourly,2026-08-17T18:48:05Z,2026-08-17T18:48:05Z,
91.237.200.15,ipv4,malicious-ip,medium,WHITE,ziyadnz/hourly-ipv4,ziyadnz|hourly,2026-08-17T18:48:05Z,2026-08-17T18:48:05Z,
91.237.200.16,ipv4,malicious-ip,medium,WHITE,ziyadnz/hourly-ipv4,ziyadnz|hourly,2026-08-17T18:48:05Z,2026-08-17T18:48:05Z,
91.237.200.19,ipv4,malicious-ip,medium,WHITE,ziyadnz/hourly-ipv4,ziyadnz|hourly,2026-08-17T18:48:05Z,2026-08-17T18:48:05Z,
91.237.200.4,ipv4,malicious-ip,medium,WHITE,ziyadnz/hourly-ipv4,ziyadnz|hourly,2026-08-17T18:48:05Z,2026-08-17T18:48:05Z,
91.237.25.164,ipv4,malicious-ip,medium,WHITE,ziyadnz/hourly-ipv4,ziyadnz|hourly,2026-08-17T18:48:05Z,2026-08-17T18:48:05Z,
91.238.103.100,ipv4,malicious-ip,medium,WHITE,ziyadnz/hourly-ipv4,ziyadnz|hourly,2026-08-17T18:48:05Z,2026-08-17T18:48:05Z,
91.238.165.122,ipv4,malicious-ip,medium,WHITE,ziyadnz/hourly-ipv4,ziyadnz|hourly,2026-08-17T18:48:05Z,2026-08-17T18:48:05Z,
91.238.166.110,ipv4,malicious-ip,medium,WHITE,ziyadnz/hourly-ipv4,ziyadnz|hourly,2026-08-17T18:48:05Z,2026-08-17T18:48:05Z,
91.238.166.165,ipv4,malicious-ip,medium,WHITE,ziyadnz/hourly-ipv4,ziyadnz|hourly,2026-08-17T18:48:05Z,2026-08-17T18:48:05Z,
91.238.166.169,ipv4,malicious-ip,medium,WHITE,ziyadnz/hourly-ipv4,ziyadnz|hourly,2026-08-17T18:48:05Z,2026-08-17T18:48:05Z,
91.238.181.10,ipv4,malicious-ip,medium,WHITE,ziyadnz/hourly-ipv4,ziyadnz|hourly,2026-08-17T18:48:05Z,2026-08-17T18:48:05Z,
91.238.181.105,ipv4,malicious-ip,medium,WHITE,ziyadnz/hourly-ipv4,ziyadnz|hourly,2026-08-17T18:48:05Z,2026-08-17T18:48:05Z,
91.238.181.240,ipv4,malicious-ip,medium,WHITE,ziyadnz/hourly-ipv4,ziyadnz|hourly,2026-08-17T18:48:05Z,2026-08-17T18:48:05Z,
91.238.181.247,ipv4,malicious-ip,medium,WHITE,ziyadnz/hourly-ipv4,ziyadnz|hourly,2026-08-17T18:48:05Z,2026-08-17T18:48:05Z,
91.238.181.92,ipv4,malicious-ip,medium,WHITE,ziyadnz/hourly-ipv4,ziyadnz|hourly,2026-08-17T18:48:05Z,2026-08-17T18:48:05Z,
91.238.181.94,ipv4,malicious-ip,medium,WHITE,ziyadnz/hourly-ipv4,ziyadnz|hourly,2026-08-17T18:48:05Z,2026-08-17T18:48:05Z,
91.238.24.70,ipv4,malicious-ip,medium,WHITE,ziyadnz/hourly-ipv4,ziyadnz|hourly,2026-08-17T18:48:05Z,2026-08-17T18:48:05Z,
91.238.248.26,ipv4,malicious-ip,medium,WHITE,ziyadnz/hourly-ipv4,ziyadnz|hourly,2026-08-17T18:48:05Z,2026-08-17T18:48:05Z,
91.239.104.123,ipv4,malicious-ip,medium,WHITE,ziyadnz/hourly-ipv4,ziyadnz|hourly,2026-08-17T18:48:05Z,2026-08-17T18:48:05Z,
91.239.105.117,ipv4,malicious-ip,medium,WHITE,ziyadnz/hourly-ipv4,ziyadnz|hourly,2026-08-17T18:48:05Z,2026-08-17T18:48:05Z,
91.239.130.201,ipv4,malicious-ip,medium,WHITE,ziyadnz/hourly-ipv4,ziyadnz|hourly,2026-08-17T18:48:05Z,2026-08-17T18:48:05Z,
91.239.157.185,ipv4,malicious-ip,medium,WHITE,ziyadnz/hourly-ipv4,ziyadnz|hourly,2026-08-17T18:48:05Z,2026-08-17T18:48:05Z,
91.239.157.187,ipv4,malicious-ip,medium,WHITE,ziyadnz/hourly-ipv4,ziyadnz|hourly,2026-08-17T18:48:05Z,2026-08-17T18:48:05Z,
91.239.237.3,ipv4,malicious-ip,medium,WHITE,ziyadnz/hourly-ipv4,ziyadnz|hourly,2026-08-17T18:48:05Z,2026-08-17T18:48:05Z,
91.239.4.71,ipv4,malicious-ip,medium,WHITE,ziyadnz/hourly-ipv4,ziyadnz|hourly,2026-08-17T18:48:05Z,2026-08-17T18:48:05Z,
91.239.78.168,ipv4,malicious-ip,medium,WHITE,ziyadnz/hourly-ipv4,ziyadnz|hourly,2026-08-17T18:48:05Z,2026-08-17T18:48:05Z,
91.239.9.194,ipv4,malicious-ip,medium,WHITE,ziyadnz/hourly-ipv4,ziyadnz|hourly,2026-08-17T18:48:05Z,2026-08-17T18:48:05Z,
91.239.95.20,ipv4,malicious-ip,medium,WHITE,ziyadnz/hourly-ipv4,ziyadnz|hourly,2026-08-17T18:48:05Z,2026-08-17T18:48:05Z,
91.239.95.25,ipv4,malicious-ip,medium,WHITE,ziyadnz/hourly-ipv4,ziyadnz|hourly,2026-08-17T18:48:05Z,2026-08-17T18:48:05Z,
91.239.95.27,ipv4,malicious-ip,medium,WHITE,ziyadnz/hourly-ipv4,ziyadnz|hourly,2026-08-17T18:48:05Z,2026-08-17T18:48:05Z,
91.240.118.2,ipv4,malicious-ip,medium,WHITE,ziyadnz/hourly-ipv4,ziyadnz|hourly,2026-08-17T18:48:05Z,2026-08-17T18:48:05Z,
91.240.44.102,ipv4,malicious-ip,medium,WHITE,ziyadnz/hourly-ipv4,ziyadnz|hourly,2026-08-17T18:48:05Z,2026-08-17T18:48:05Z,
91.240.44.196,ipv4,malicious-ip,medium,WHITE,ziyadnz/hourly-ipv4,ziyadnz|hourly,2026-08-17T18:48:05Z,2026-08-17T18:48:05Z,
91.241.120.152,ipv4,malicious-ip,medium,WHITE,ziyadnz/hourly-ipv4,ziyadnz|hourly,2026-08-17T18:48:05Z,2026-08-17T18:48:05Z,
91.241.93.165,ipv4,malicious-ip,medium,WHITE,ziyadnz/hourly-ipv4,ziyadnz|hourly,2026-08-17T18:48:05Z,2026-08-17T18:48:05Z,
91.242.163.235,ipv4,malicious-ip,medium,WHITE,ziyadnz/hourly-ipv4,ziyadnz|hourly,2026-08-17T18:48:05Z,2026-08-17T18:48:05Z,
91.242.163.44,ipv4,malicious-ip,medium,WHITE,ziyadnz/hourly-ipv4,ziyadnz|hourly,2026-08-17T18:48:05Z,2026-08-17T18:48:05Z,
91.242.188.112,ipv4,malicious-ip,medium,WHITE,ziyadnz/hourly-ipv4,ziyadnz|hourly,2026-08-17T18:48:05Z,2026-08-17T18:48:05Z,
91.242.194.96,ipv4,malicious-ip,medium,WHITE,ziyadnz/hourly-ipv4,ziyadnz|hourly,2026-08-17T18:48:05Z,2026-08-17T18:48:05Z,
91.242.197.214,ipv4,malicious-ip,medium,WHITE,ziyadnz/hourly-ipv4,ziyadnz|hourly,2026-08-17T18:48:05Z,2026-08-17T18:48:05Z,
91.242.217.138,ipv4,malicious-ip,medium,WHITE,ziyadnz/hourly-ipv4,ziyadnz|hourly,2026-08-17T18:48:05Z,2026-08-17T18:48:05Z,
91.242.235.88,ipv4,malicious-ip,medium,WHITE,ziyadnz/hourly-ipv4,ziyadnz|hourly,2026-08-17T18:48:05Z,2026-08-17T18:48:05Z,
91.242.236.51,ipv4,malicious-ip,medium,WHITE,ziyadnz/hourly-ipv4,ziyadnz|hourly,2026-08-17T18:48:05Z,2026-08-17T18:48:05Z,
91.242.54.112,ipv4,malicious-ip,medium,WHITE,ziyadnz/hourly-ipv4,ziyadnz|hourly,2026-08-17T18:48:05Z,2026-08-17T18:48:05Z,
91.242.54.28,ipv4,malicious-ip,medium,WHITE,ziyadnz/hourly-ipv4,ziyadnz|hourly,2026-08-17T18:48:05Z,2026-08-17T18:48:05Z,
91.242.54.46,ipv4,malicious-ip,medium,WHITE,ziyadnz/hourly-ipv4,ziyadnz|hourly,2026-08-17T18:48:05Z,2026-08-17T18:48:05Z,
91.242.54.61,ipv4,malicious-ip,medium,WHITE,ziyadnz/hourly-ipv4,ziyadnz|hourly,2026-08-17T18:48:05Z,2026-08-17T18:48:05Z,
91.242.9.58,ipv4,malicious-ip,medium,WHITE,ziyadnz/hourly-ipv4,ziyadnz|hourly,2026-08-17T18:48:05Z,2026-08-17T18:48:05Z,
91.243.198.11,ipv4,malicious-ip,medium,WHITE,ziyadnz/hourly-ipv4,ziyadnz|hourly,2026-08-17T18:48:05Z,2026-08-17T18:48:05Z,
91.243.199.112,ipv4,malicious-ip,medium,WHITE,ziyadnz/hourly-ipv4,ziyadnz|hourly,2026-08-17T18:48:05Z,2026-08-17T18:48:05Z,
91.243.59.210,ipv4,malicious-ip,medium,WHITE,ziyadnz/hourly-ipv4,ziyadnz|hourly,2026-08-17T18:48:05Z,2026-08-17T18:48:05Z,
91.244.20.247,ipv4,malicious-ip,medium,WHITE,ziyadnz/hourly-ipv4,ziyadnz|hourly,2026-08-17T18:48:05Z,2026-08-17T18:48:05Z,
91.244.254.84,ipv4,malicious-ip,medium,WHITE,ziyadnz/hourly-ipv4,ziyadnz|hourly,2026-08-17T18:48:05Z,2026-08-17T18:48:05Z,
91.244.45.17,ipv4,malicious-ip,medium,WHITE,ziyadnz/hourly-ipv4,ziyadnz|hourly,2026-08-17T18:48:05Z,2026-08-17T18:48:05Z,
91.244.60.174,ipv4,malicious-ip,medium,WHITE,ziyadnz/hourly-ipv4,ziyadnz|hourly,2026-08-17T18:48:05Z,2026-08-17T18:48:05Z,
91.244.60.184,ipv4,malicious-ip,medium,WHITE,ziyadnz/hourly-ipv4,ziyadnz|hourly,2026-08-17T18:48:05Z,2026-08-17T18:48:05Z,
91.244.61.91,ipv4,malicious-ip,medium,WHITE,ziyadnz/hourly-ipv4,ziyadnz|hourly,2026-08-17T18:48:05Z,2026-08-17T18:48:05Z,
91.244.74.228,ipv4,malicious-ip,medium,WHITE,ziyadnz/hourly-ipv4,ziyadnz|hourly,2026-08-17T18:48:05Z,2026-08-17T18:48:05Z,
91.245.108.159,ipv4,malicious-ip,medium,WHITE,ziyadnz/hourly-ipv4,ziyadnz|hourly,2026-08-17T18:48:05Z,2026-08-17T18:48:05Z,
91.245.121.46,ipv4,malicious-ip,medium,WHITE,ziyadnz/hourly-ipv4,ziyadnz|hourly,2026-08-17T18:48:05Z,2026-08-17T18:48:05Z,
91.245.124.236,ipv4,malicious-ip,medium,WHITE,ziyadnz/hourly-ipv4,ziyadnz|hourly,2026-08-17T18:48:05Z,2026-08-17T18:48:05Z,
91.245.253.112,ipv4,malicious-ip,medium,WHITE,ziyadnz/hourly-ipv4,ziyadnz|hourly,2026-08-17T18:48:05Z,2026-08-17T18:48:05Z,
91.245.253.27,ipv4,malicious-ip,medium,WHITE,ziyadnz/hourly-ipv4,ziyadnz|hourly,2026-08-17T18:48:05Z,2026-08-17T18:48:05Z,
91.245.253.99,ipv4,malicious-ip,medium,WHITE,ziyadnz/hourly-ipv4,ziyadnz|hourly,2026-08-17T18:48:05Z,2026-08-17T18:48:05Z,
91.245.82.72,ipv4,malicious-ip,medium,WHITE,ziyadnz/hourly-ipv4,ziyadnz|hourly,2026-08-17T18:48:05Z,2026-08-17T18:48:05Z,
91.246.14.10,ipv4,malicious-ip,medium,WHITE,ziyadnz/hourly-ipv4,ziyadnz|hourly,2026-08-17T18:48:05Z,2026-08-17T18:48:05Z,
91.246.176.0,ipv4,malicious-ip,medium,WHITE,ziyadnz/hourly-ipv4,ziyadnz|hourly,2026-08-17T18:48:05Z,2026-08-17T18:48:05Z,
91.246.176.11,ipv4,malicious-ip,medium,WHITE,ziyadnz/hourly-ipv4,ziyadnz|hourly,2026-08-17T18:48:05Z,2026-08-17T18:48:05Z,
91.246.176.12,ipv4,malicious-ip,medium,WHITE,ziyadnz/hourly-ipv4,ziyadnz|hourly,2026-08-17T18:48:05Z,2026-08-17T18:48:05Z,
91.246.176.13,ipv4,malicious-ip,medium,WHITE,ziyadnz/hourly-ipv4,ziyadnz|hourly,2026-08-17T18:48:05Z,2026-08-17T18:48:05Z,
91.246.176.14,ipv4,malicious-ip,medium,WHITE,ziyadnz/hourly-ipv4,ziyadnz|hourly,2026-08-17T18:48:05Z,2026-08-17T18:48:05Z,
91.246.176.15,ipv4,malicious-ip,medium,WHITE,ziyadnz/hourly-ipv4,ziyadnz|hourly,2026-08-17T18:48:05Z,2026-08-17T18:48:05Z,
91.246.176.16,ipv4,malicious-ip,medium,WHITE,ziyadnz/hourly-ipv4,ziyadnz|hourly,2026-08-17T18:48:05Z,2026-08-17T18:48:05Z,
91.246.176.17,ipv4,malicious-ip,medium,WHITE,ziyadnz/hourly-ipv4,ziyadnz|hourly,2026-08-17T18:48:05Z,2026-08-17T18:48:05Z,
91.246.176.18,ipv4,malicious-ip,medium,WHITE,ziyadnz/hourly-ipv4,ziyadnz|hourly,2026-08-17T18:48:05Z,2026-08-17T18:48:05Z,
91.246.176.19,ipv4,malicious-ip,medium,WHITE,ziyadnz/hourly-ipv4,ziyadnz|hourly,2026-08-17T18:48:05Z,2026-08-17T18:48:05Z,
91.246.176.2,ipv4,malicious-ip,medium,WHITE,ziyadnz/hourly-ipv4,ziyadnz|hourly,2026-08-17T18:48:05Z,2026-08-17T18:48:05Z,
91.246.176.20,ipv4,malicious-ip,medium,WHITE,ziyadnz/hourly-ipv4,ziyadnz|hourly,2026-08-17T18:48:05Z,2026-08-17T18:48:05Z,
91.246.176.21,ipv4,malicious-ip,medium,WHITE,ziyadnz/hourly-ipv4,ziyadnz|hourly,2026-08-17T18:48:05Z,2026-08-17T18:48:05Z,
91.246.176.3,ipv4,malicious-ip,medium,WHITE,ziyadnz/hourly-ipv4,ziyadnz|hourly,2026-08-17T18:48:05Z,2026-08-17T18:48:05Z,
91.246.176.5,ipv4,malicious-ip,medium,WHITE,ziyadnz/hourly-ipv4,ziyadnz|hourly,2026-08-17T18:48:05Z,2026-08-17T18:48:05Z,
91.246.176.6,ipv4,malicious-ip,medium,WHITE,ziyadnz/hourly-ipv4,ziyadnz|hourly,2026-08-17T18:48:05Z,2026-08-17T18:48:05Z,
91.246.176.8,ipv4,malicious-ip,medium,WHITE,ziyadnz/hourly-ipv4,ziyadnz|hourly,2026-08-17T18:48:05Z,2026-08-17T18:48:05Z,
91.246.208.76,ipv4,malicious-ip,medium,WHITE,ziyadnz/hourly-ipv4,ziyadnz|hourly,2026-08-17T18:48:05Z,2026-08-17T18:48:05Z,
91.246.213.111,ipv4,malicious-ip,medium,WHITE,ziyadnz/hourly-ipv4,ziyadnz|hourly,2026-08-17T18:48:05Z,2026-08-17T18:48:05Z,
91.246.213.36,ipv4,malicious-ip,medium,WHITE,ziyadnz/hourly-ipv4,ziyadnz|hourly,2026-08-17T18:48:05Z,2026-08-17T18:48:05Z,
91.246.213.41,ipv4,malicious-ip,medium,WHITE,ziyadnz/hourly-ipv4,ziyadnz|hourly,2026-08-17T18:48:05Z,2026-08-17T18:48:05Z,
91.246.214.4,ipv4,malicious-ip,medium,WHITE,ziyadnz/hourly-ipv4,ziyadnz|hourly,2026-08-17T18:48:05Z,2026-08-17T18:48:05Z,
91.246.7.218,ipv4,malicious-ip,medium,WHITE,ziyadnz/hourly-ipv4,ziyadnz|hourly,2026-08-17T18:48:05Z,2026-08-17T18:48:05Z,
91.247.110.141,ipv4,malicious-ip,medium,WHITE,ziyadnz/hourly-ipv4,ziyadnz|hourly,2026-08-17T18:48:05Z,2026-08-17T18:48:05Z,
91.247.116.226,ipv4,malicious-ip,medium,WHITE,ziyadnz/hourly-ipv4,ziyadnz|hourly,2026-08-17T18:48:05Z,2026-08-17T18:48:05Z,
91.247.124.238,ipv4,malicious-ip,medium,WHITE,ziyadnz/hourly-ipv4,ziyadnz|hourly,2026-08-17T18:48:05Z,2026-08-17T18:48:05Z,
91.247.175.159,ipv4,malicious-ip,medium,WHITE,ziyadnz/hourly-ipv4,ziyadnz|hourly,2026-08-17T18:48:05Z,2026-08-17T18:48:05Z,
91.247.182.117,ipv4,malicious-ip,medium,WHITE,ziyadnz/hourly-ipv4,ziyadnz|hourly,2026-08-17T18:48:05Z,2026-08-17T18:48:05Z,
91.247.182.120,ipv4,malicious-ip,medium,WHITE,ziyadnz/hourly-ipv4,ziyadnz|hourly,2026-08-17T18:48:05Z,2026-08-17T18:48:05Z,
91.247.182.50,ipv4,malicious-ip,medium,WHITE,ziyadnz/hourly-ipv4,ziyadnz|hourly,2026-08-17T18:48:05Z,2026-08-17T18:48:05Z,
91.247.76.5,ipv4,malicious-ip,medium,WHITE,ziyadnz/hourly-ipv4,ziyadnz|hourly,2026-08-17T18:48:05Z,2026-08-17T18:48:05Z,
91.25.200.147,ipv4,malicious-ip,medium,WHITE,ziyadnz/hourly-ipv4,ziyadnz|hourly,2026-08-17T18:48:05Z,2026-08-17T18:48:05Z,
91.250.3.70,ipv4,malicious-ip,medium,WHITE,ziyadnz/hourly-ipv4,ziyadnz|hourly,2026-08-17T18:48:05Z,2026-08-17T18:48:05Z,
91.254.39.118,ipv4,malicious-ip,medium,WHITE,ziyadnz/hourly-ipv4,ziyadnz|hourly,2026-08-17T18:48:05Z,2026-08-17T18:48:05Z,
91.36.104.105,ipv4,malicious-ip,medium,WHITE,ziyadnz/hourly-ipv4,ziyadnz|hourly,2026-08-17T18:48:05Z,2026-08-17T18:48:05Z,
91.4.14.170,ipv4,malicious-ip,medium,WHITE,ziyadnz/hourly-ipv4,ziyadnz|hourly,2026-08-17T18:48:05Z,2026-08-17T18:48:05Z,
91.40.145.149,ipv4,malicious-ip,medium,WHITE,ziyadnz/hourly-ipv4,ziyadnz|hourly,2026-08-17T18:48:05Z,2026-08-17T18:48:05Z,
91.45.213.91,ipv4,malicious-ip,medium,WHITE,ziyadnz/hourly-ipv4,ziyadnz|hourly,2026-08-17T18:48:05Z,2026-08-17T18:48:05Z,
91.57.253.137,ipv4,malicious-ip,medium,WHITE,ziyadnz/hourly-ipv4,ziyadnz|hourly,2026-08-17T18:48:05Z,2026-08-17T18:48:05Z,
91.65.77.232,ipv4,malicious-ip,medium,WHITE,ziyadnz/hourly-ipv4,ziyadnz|hourly,2026-08-17T18:48:05Z,2026-08-17T18:48:05Z,
91.68.27.182,ipv4,malicious-ip,medium,WHITE,ziyadnz/hourly-ipv4,ziyadnz|hourly,2026-08-17T18:48:05Z,2026-08-17T18:48:05Z,
91.72.179.106,ipv4,malicious-ip,medium,WHITE,ziyadnz/hourly-ipv4,ziyadnz|hourly,2026-08-17T18:48:05Z,2026-08-17T18:48:05Z,
91.72.184.50,ipv4,malicious-ip,medium,WHITE,ziyadnz/hourly-ipv4,ziyadnz|hourly,2026-08-17T18:48:05Z,2026-08-17T18:48:05Z,
91.73.11.150,ipv4,malicious-ip,medium,WHITE,ziyadnz/hourly-ipv4,ziyadnz|hourly,2026-08-17T18:48:05Z,2026-08-17T18:48:05Z,
91.73.124.239,ipv4,malicious-ip,medium,WHITE,ziyadnz/hourly-ipv4,ziyadnz|hourly,2026-08-17T18:48:05Z,2026-08-17T18:48:05Z,
91.73.3.232,ipv4,malicious-ip,medium,WHITE,ziyadnz/hourly-ipv4,ziyadnz|hourly,2026-08-17T18:48:05Z,2026-08-17T18:48:05Z,
91.73.6.62,ipv4,malicious-ip,medium,WHITE,ziyadnz/hourly-ipv4,ziyadnz|hourly,2026-08-17T18:48:05Z,2026-08-17T18:48:05Z,
91.73.69.169,ipv4,malicious-ip,medium,WHITE,ziyadnz/hourly-ipv4,ziyadnz|hourly,2026-08-17T18:48:05Z,2026-08-17T18:48:05Z,
91.73.76.161,ipv4,malicious-ip,medium,WHITE,ziyadnz/hourly-ipv4,ziyadnz|hourly,2026-08-17T18:48:05Z,2026-08-17T18:48:05Z,
91.75.85.128,ipv4,malicious-ip,medium,WHITE,ziyadnz/hourly-ipv4,ziyadnz|hourly,2026-08-17T18:48:05Z,2026-08-17T18:48:05Z,
91.80.128.127,ipv4,malicious-ip,medium,WHITE,ziyadnz/hourly-ipv4,ziyadnz|hourly,2026-08-17T18:48:05Z,2026-08-17T18:48:05Z,
91.80.144.220,ipv4,malicious-ip,medium,WHITE,ziyadnz/hourly-ipv4,ziyadnz|hourly,2026-08-17T18:48:05Z,2026-08-17T18:48:05Z,
91.80.145.98,ipv4,malicious-ip,medium,WHITE,ziyadnz/hourly-ipv4,ziyadnz|hourly,2026-08-17T18:48:05Z,2026-08-17T18:48:05Z,
91.80.172.189,ipv4,malicious-ip,medium,WHITE,ziyadnz/hourly-ipv4,ziyadnz|hourly,2026-08-17T18:48:05Z,2026-08-17T18:48:05Z,
91.82.250.195,ipv4,malicious-ip,medium,WHITE,ziyadnz/hourly-ipv4,ziyadnz|hourly,2026-08-17T18:48:05Z,2026-08-17T18:48:05Z,
91.90.11.230,ipv4,malicious-ip,medium,WHITE,ziyadnz/hourly-ipv4,ziyadnz|hourly,2026-08-17T18:48:05Z,2026-08-17T18:48:05Z,
91.90.121.152,ipv4,malicious-ip,medium,WHITE,ziyadnz/hourly-ipv4,ziyadnz|hourly,2026-08-17T18:48:05Z,2026-08-17T18:48:05Z,
91.90.123.26,ipv4,malicious-ip,medium,WHITE,ziyadnz/hourly-ipv4,ziyadnz|hourly,2026-08-17T18:48:05Z,2026-08-17T18:48:05Z,
91.90.124.152,ipv4,malicious-ip,medium,WHITE,ziyadnz/hourly-ipv4,ziyadnz|hourly,2026-08-17T18:48:05Z,2026-08-17T18:48:05Z,
91.90.36.90,ipv4,malicious-ip,medium,WHITE,ziyadnz/hourly-ipv4,ziyadnz|hourly,2026-08-17T18:48:05Z,2026-08-17T18:48:05Z,
91.92.109.126,ipv4,malicious-ip,medium,WHITE,ziyadnz/hourly-ipv4,ziyadnz|hourly,2026-08-17T18:48:05Z,2026-08-17T18:48:05Z,
91.92.109.43,ipv4,malicious-ip,medium,WHITE,ziyadnz/hourly-ipv4,ziyadnz|hourly,2026-08-17T18:48:05Z,2026-08-17T18:48:05Z,
91.92.111.131,ipv4,malicious-ip,medium,WHITE,ziyadnz/hourly-ipv4,ziyadnz|hourly,2026-08-17T18:48:05Z,2026-08-17T18:48:05Z,
91.92.111.132,ipv4,malicious-ip,medium,WHITE,ziyadnz/hourly-ipv4,ziyadnz|hourly,2026-08-17T18:48:05Z,2026-08-17T18:48:05Z,
91.92.111.133,ipv4,malicious-ip,medium,WHITE,ziyadnz/hourly-ipv4,ziyadnz|hourly,2026-08-17T18:48:05Z,2026-08-17T18:48:05Z,
91.92.120.132,ipv4,malicious-ip,medium,WHITE,ziyadnz/hourly-ipv4,ziyadnz|hourly,2026-08-17T18:48:05Z,2026-08-17T18:48:05Z,
91.92.120.135,ipv4,malicious-ip,medium,WHITE,ziyadnz/hourly-ipv4,ziyadnz|hourly,2026-08-17T18:48:05Z,2026-08-17T18:48:05Z,
91.92.208.28,ipv4,malicious-ip,medium,WHITE,ziyadnz/hourly-ipv4,ziyadnz|hourly,2026-08-17T18:48:05Z,2026-08-17T18:48:05Z,
91.92.215.12,ipv4,malicious-ip,medium,WHITE,ziyadnz/hourly-ipv4,ziyadnz|hourly,2026-08-17T18:48:05Z,2026-08-17T18:48:05Z,
91.92.240.100,ipv4,malicious-ip,medium,WHITE,ziyadnz/hourly-ipv4,ziyadnz|hourly,2026-08-17T18:48:05Z,2026-08-17T18:48:05Z,
91.92.240.113,ipv4,malicious-ip,medium,WHITE,ziyadnz/hourly-ipv4,ziyadnz|hourly,2026-08-17T18:48:05Z,2026-08-17T18:48:05Z,
91.92.240.127,ipv4,malicious-ip,medium,WHITE,ziyadnz/hourly-ipv4,ziyadnz|hourly,2026-08-17T18:48:05Z,2026-08-17T18:48:05Z,
91.92.240.188,ipv4,malicious-ip,medium,WHITE,ziyadnz/hourly-ipv4,ziyadnz|hourly,2026-08-17T18:48:05Z,2026-08-17T18:48:05Z,
91.92.240.190,ipv4,malicious-ip,medium,WHITE,ziyadnz/hourly-ipv4,ziyadnz|hourly,2026-08-17T18:48:05Z,2026-08-17T18:48:05Z,
91.92.240.219,ipv4,malicious-ip,medium,WHITE,ziyadnz/hourly-ipv4,ziyadnz|hourly,2026-08-17T18:48:05Z,2026-08-17T18:48:05Z,
91.92.240.41,ipv4,malicious-ip,medium,WHITE,ziyadnz/hourly-ipv4,ziyadnz|hourly,2026-08-17T18:48:05Z,2026-08-17T18:48:05Z,
91.92.240.52,ipv4,malicious-ip,medium,WHITE,ziyadnz/hourly-ipv4,ziyadnz|hourly,2026-08-17T18:48:05Z,2026-08-17T18:48:05Z,
91.92.240.53,ipv4,malicious-ip,medium,WHITE,ziyadnz/hourly-ipv4,ziyadnz|hourly,2026-08-17T18:48:05Z,2026-08-17T18:48:05Z,
91.92.240.92,ipv4,malicious-ip,medium,WHITE,ziyadnz/hourly-ipv4,ziyadnz|hourly,2026-08-17T18:48:05Z,2026-08-17T18:48:05Z,
91.92.241.103,ipv4,malicious-ip,medium,WHITE,ziyadnz/hourly-ipv4,ziyadnz|hourly,2026-08-17T18:48:05Z,2026-08-17T18:48:05Z,
91.92.241.12,ipv4,malicious-ip,medium,WHITE,ziyadnz/hourly-ipv4,ziyadnz|hourly,2026-08-17T18:48:05Z,2026-08-17T18:48:05Z,
91.92.241.143,ipv4,malicious-ip,medium,WHITE,ziyadnz/hourly-ipv4,ziyadnz|hourly,2026-08-17T18:48:05Z,2026-08-17T18:48:05Z,
91.92.241.212,ipv4,malicious-ip,medium,WHITE,ziyadnz/hourly-ipv4,ziyadnz|hourly,2026-08-17T18:48:05Z,2026-08-17T18:48:05Z,
91.92.241.215,ipv4,malicious-ip,medium,WHITE,ziyadnz/hourly-ipv4,ziyadnz|hourly,2026-08-17T18:48:05Z,2026-08-17T18:48:05Z,
91.92.241.24,ipv4,malicious-ip,medium,WHITE,ziyadnz/hourly-ipv4,ziyadnz|hourly,2026-08-17T18:48:05Z,2026-08-17T18:48:05Z,
91.92.241.243,ipv4,malicious-ip,medium,WHITE,ziyadnz/hourly-ipv4,ziyadnz|hourly,2026-08-17T18:48:05Z,2026-08-17T18:48:05Z,
91.92.241.50,ipv4,malicious-ip,medium,WHITE,ziyadnz/hourly-ipv4,ziyadnz|hourly,2026-08-17T18:48:05Z,2026-08-17T18:48:05Z,
91.92.241.57,ipv4,malicious-ip,medium,WHITE,ziyadnz/hourly-ipv4,ziyadnz|hourly,2026-08-17T18:48:05Z,2026-08-17T18:48:05Z,
91.92.241.62,ipv4,malicious-ip,medium,WHITE,ziyadnz/hourly-ipv4,ziyadnz|hourly,2026-08-17T18:48:05Z,2026-08-17T18:48:05Z,
91.92.241.90,ipv4,malicious-ip,medium,WHITE,ziyadnz/hourly-ipv4,ziyadnz|hourly,2026-08-17T18:48:05Z,2026-08-17T18:48:05Z,
91.92.242.0,ipv4,malicious-ip,medium,WHITE,ziyadnz/hourly-ipv4,ziyadnz|hourly,2026-08-17T18:48:05Z,2026-08-17T18:48:05Z,
91.92.242.114,ipv4,malicious-ip,medium,WHITE,ziyadnz/hourly-ipv4,ziyadnz|hourly,2026-08-17T18:48:05Z,2026-08-17T18:48:05Z,
91.92.242.13,ipv4,malicious-ip,medium,WHITE,ziyadnz/hourly-ipv4,ziyadnz|hourly,2026-08-17T18:48:05Z,2026-08-17T18:48:05Z,
91.92.242.14,ipv4,malicious-ip,medium,WHITE,ziyadnz/hourly-ipv4,ziyadnz|hourly,2026-08-17T18:48:05Z,2026-08-17T18:48:05Z,
91.92.242.183,ipv4,malicious-ip,medium,WHITE,ziyadnz/hourly-ipv4,ziyadnz|hourly,2026-08-17T18:48:05Z,2026-08-17T18:48:05Z,
91.92.242.236,ipv4,malicious-ip,medium,WHITE,ziyadnz/hourly-ipv4,ziyadnz|hourly,2026-08-17T18:48:05Z,2026-08-17T18:48:05Z,
91.92.242.30,ipv4,malicious-ip,medium,WHITE,ziyadnz/hourly-ipv4,ziyadnz|hourly,2026-08-17T18:48:05Z,2026-08-17T18:48:05Z,
91.92.242.7,ipv4,malicious-ip,medium,WHITE,ziyadnz/hourly-ipv4,ziyadnz|hourly,2026-08-17T18:48:05Z,2026-08-17T18:48:05Z,
91.92.242.85,ipv4,malicious-ip,medium,WHITE,ziyadnz/hourly-ipv4,ziyadnz|hourly,2026-08-17T18:48:05Z,2026-08-17T18:48:05Z,
91.92.243.0,ipv4,malicious-ip,medium,WHITE,ziyadnz/hourly-ipv4,ziyadnz|hourly,2026-08-17T18:48:05Z,2026-08-17T18:48:05Z,
91.92.243.160,ipv4,malicious-ip,medium,WHITE,ziyadnz/hourly-ipv4,ziyadnz|hourly,2026-08-17T18:48:05Z,2026-08-17T18:48:05Z,
91.92.243.161,ipv4,malicious-ip,medium,WHITE,ziyadnz/hourly-ipv4,ziyadnz|hourly,2026-08-17T18:48:05Z,2026-08-17T18:48:05Z,
91.92.243.20,ipv4,malicious-ip,medium,WHITE,ziyadnz/hourly-ipv4,ziyadnz|hourly,2026-08-17T18:48:05Z,2026-08-17T18:48:05Z,
91.92.243.212,ipv4,malicious-ip,medium,WHITE,ziyadnz/hourly-ipv4,ziyadnz|hourly,2026-08-17T18:48:05Z,2026-08-17T18:48:05Z,
91.92.243.233,ipv4,malicious-ip,medium,WHITE,ziyadnz/hourly-ipv4,ziyadnz|hourly,2026-08-17T18:48:05Z,2026-08-17T18:48:05Z,
91.92.243.234,ipv4,malicious-ip,medium,WHITE,ziyadnz/hourly-ipv4,ziyadnz|hourly,2026-08-17T18:48:05Z,2026-08-17T18:48:05Z,
91.92.243.235,ipv4,malicious-ip,medium,WHITE,ziyadnz/hourly-ipv4,ziyadnz|hourly,2026-08-17T18:48:05Z,2026-08-17T18:48:05Z,
91.92.243.239,ipv4,malicious-ip,medium,WHITE,ziyadnz/hourly-ipv4,ziyadnz|hourly,2026-08-17T18:48:05Z,2026-08-17T18:48:05Z,
91.92.243.240,ipv4,malicious-ip,medium,WHITE,ziyadnz/hourly-ipv4,ziyadnz|hourly,2026-08-17T18:48:05Z,2026-08-17T18:48:05Z,
91.92.243.241,ipv4,malicious-ip,medium,WHITE,ziyadnz/hourly-ipv4,ziyadnz|hourly,2026-08-17T18:48:05Z,2026-08-17T18:48:05Z,
91.92.243.243,ipv4,malicious-ip,medium,WHITE,ziyadnz/hourly-ipv4,ziyadnz|hourly,2026-08-17T18:48:05Z,2026-08-17T18:48:05Z,
91.92.243.249,ipv4,malicious-ip,medium,WHITE,ziyadnz/hourly-ipv4,ziyadnz|hourly,2026-08-17T18:48:05Z,2026-08-17T18:48:05Z,
91.92.243.250,ipv4,malicious-ip,medium,WHITE,ziyadnz/hourly-ipv4,ziyadnz|hourly,2026-08-17T18:48:05Z,2026-08-17T18:48:05Z,
91.92.243.254,ipv4,malicious-ip,medium,WHITE,ziyadnz/hourly-ipv4,ziyadnz|hourly,2026-08-17T18:48:05Z,2026-08-17T18:48:05Z,
91.92.243.29,ipv4,malicious-ip,medium,WHITE,ziyadnz/hourly-ipv4,ziyadnz|hourly,2026-08-17T18:48:05Z,2026-08-17T18:48:05Z,
91.92.243.49,ipv4,malicious-ip,medium,WHITE,ziyadnz/hourly-ipv4,ziyadnz|hourly,2026-08-17T18:48:05Z,2026-08-17T18:48:05Z,
91.92.243.65,ipv4,malicious-ip,medium,WHITE,ziyadnz/hourly-ipv4,ziyadnz|hourly,2026-08-17T18:48:05Z,2026-08-17T18:48:05Z,
91.92.243.79,ipv4,malicious-ip,medium,WHITE,ziyadnz/hourly-ipv4,ziyadnz|hourly,2026-08-17T18:48:05Z,2026-08-17T18:48:05Z,
91.92.243.87,ipv4,malicious-ip,medium,WHITE,ziyadnz/hourly-ipv4,ziyadnz|hourly,2026-08-17T18:48:05Z,2026-08-17T18:48:05Z,
91.92.243.91,ipv4,malicious-ip,medium,WHITE,ziyadnz/hourly-ipv4,ziyadnz|hourly,2026-08-17T18:48:05Z,2026-08-17T18:48:05Z,
91.92.244.41,ipv4,malicious-ip,medium,WHITE,ziyadnz/hourly-ipv4,ziyadnz|hourly,2026-08-17T18:48:05Z,2026-08-17T18:48:05Z,
91.92.248.237,ipv4,malicious-ip,medium,WHITE,ziyadnz/hourly-ipv4,ziyadnz|hourly,2026-08-17T18:48:05Z,2026-08-17T18:48:05Z,
91.92.248.35,ipv4,malicious-ip,medium,WHITE,ziyadnz/hourly-ipv4,ziyadnz|hourly,2026-08-17T18:48:05Z,2026-08-17T18:48:05Z,
91.92.249.106,ipv4,malicious-ip,medium,WHITE,ziyadnz/hourly-ipv4,ziyadnz|hourly,2026-08-17T18:48:05Z,2026-08-17T18:48:05Z,
91.92.249.117,ipv4,malicious-ip,medium,WHITE,ziyadnz/hourly-ipv4,ziyadnz|hourly,2026-08-17T18:48:05Z,2026-08-17T18:48:05Z,
91.92.249.155,ipv4,malicious-ip,medium,WHITE,ziyadnz/hourly-ipv4,ziyadnz|hourly,2026-08-17T18:48:05Z,2026-08-17T18:48:05Z,
91.92.249.206,ipv4,malicious-ip,medium,WHITE,ziyadnz/hourly-ipv4,ziyadnz|hourly,2026-08-17T18:48:05Z,2026-08-17T18:48:05Z,
91.92.249.95,ipv4,malicious-ip,medium,WHITE,ziyadnz/hourly-ipv4,ziyadnz|hourly,2026-08-17T18:48:05Z,2026-08-17T18:48:05Z,
91.92.249.96,ipv4,malicious-ip,medium,WHITE,ziyadnz/hourly-ipv4,ziyadnz|hourly,2026-08-17T18:48:05Z,2026-08-17T18:48:05Z,
91.92.250.104,ipv4,malicious-ip,medium,WHITE,ziyadnz/hourly-ipv4,ziyadnz|hourly,2026-08-17T18:48:05Z,2026-08-17T18:48:05Z,
91.92.252.180,ipv4,malicious-ip,medium,WHITE,ziyadnz/hourly-ipv4,ziyadnz|hourly,2026-08-17T18:48:05Z,2026-08-17T18:48:05Z,
91.92.252.238,ipv4,malicious-ip,medium,WHITE,ziyadnz/hourly-ipv4,ziyadnz|hourly,2026-08-17T18:48:05Z,2026-08-17T18:48:05Z,
91.92.252.52,ipv4,malicious-ip,medium,WHITE,ziyadnz/hourly-ipv4,ziyadnz|hourly,2026-08-17T18:48:05Z,2026-08-17T18:48:05Z,
91.92.253.228,ipv4,malicious-ip,medium,WHITE,ziyadnz/hourly-ipv4,ziyadnz|hourly,2026-08-17T18:48:05Z,2026-08-17T18:48:05Z,
91.92.253.70,ipv4,malicious-ip,medium,WHITE,ziyadnz/hourly-ipv4,ziyadnz|hourly,2026-08-17T18:48:05Z,2026-08-17T18:48:05Z,
91.92.254.14,ipv4,malicious-ip,medium,WHITE,ziyadnz/hourly-ipv4,ziyadnz|hourly,2026-08-17T18:48:05Z,2026-08-17T18:48:05Z,
91.92.254.243,ipv4,malicious-ip,medium,WHITE,ziyadnz/hourly-ipv4,ziyadnz|hourly,2026-08-17T18:48:05Z,2026-08-17T18:48:05Z,
91.92.254.4,ipv4,malicious-ip,medium,WHITE,ziyadnz/hourly-ipv4,ziyadnz|hourly,2026-08-17T18:48:05Z,2026-08-17T18:48:05Z,
91.92.255.14,ipv4,malicious-ip,medium,WHITE,ziyadnz/hourly-ipv4,ziyadnz|hourly,2026-08-17T18:48:05Z,2026-08-17T18:48:05Z,
91.92.255.71,ipv4,malicious-ip,medium,WHITE,ziyadnz/hourly-ipv4,ziyadnz|hourly,2026-08-17T18:48:05Z,2026-08-17T18:48:05Z,
91.92.255.77,ipv4,malicious-ip,medium,WHITE,ziyadnz/hourly-ipv4,ziyadnz|hourly,2026-08-17T18:48:05Z,2026-08-17T18:48:05Z,
91.92.33.167,ipv4,malicious-ip,medium,WHITE,ziyadnz/hourly-ipv4,ziyadnz|hourly,2026-08-17T18:48:05Z,2026-08-17T18:48:05Z,
91.92.34.128,ipv4,malicious-ip,medium,WHITE,ziyadnz/hourly-ipv4,ziyadnz|hourly,2026-08-17T18:48:05Z,2026-08-17T18:48:05Z,
91.92.34.130,ipv4,malicious-ip,medium,WHITE,ziyadnz/hourly-ipv4,ziyadnz|hourly,2026-08-17T18:48:05Z,2026-08-17T18:48:05Z,
91.92.40.0,ipv4,malicious-ip,medium,WHITE,ziyadnz/hourly-ipv4,ziyadnz|hourly,2026-08-17T18:48:05Z,2026-08-17T18:48:05Z,
91.92.40.108,ipv4,malicious-ip,medium,WHITE,ziyadnz/hourly-ipv4,ziyadnz|hourly,2026-08-17T18:48:05Z,2026-08-17T18:48:05Z,
91.92.40.117,ipv4,malicious-ip,medium,WHITE,ziyadnz/hourly-ipv4,ziyadnz|hourly,2026-08-17T18:48:05Z,2026-08-17T18:48:05Z,
91.92.40.118,ipv4,malicious-ip,medium,WHITE,ziyadnz/hourly-ipv4,ziyadnz|hourly,2026-08-17T18:48:05Z,2026-08-17T18:48:05Z,
91.92.40.172,ipv4,malicious-ip,medium,WHITE,ziyadnz/hourly-ipv4,ziyadnz|hourly,2026-08-17T18:48:05Z,2026-08-17T18:48:05Z,
91.92.40.175,ipv4,malicious-ip,medium,WHITE,ziyadnz/hourly-ipv4,ziyadnz|hourly,2026-08-17T18:48:05Z,2026-08-17T18:48:05Z,
91.92.40.176,ipv4,malicious-ip,medium,WHITE,ziyadnz/hourly-ipv4,ziyadnz|hourly,2026-08-17T18:48:05Z,2026-08-17T18:48:05Z,
91.92.40.204,ipv4,malicious-ip,medium,WHITE,ziyadnz/hourly-ipv4,ziyadnz|hourly,2026-08-17T18:48:05Z,2026-08-17T18:48:05Z,
91.92.40.231,ipv4,malicious-ip,medium,WHITE,ziyadnz/hourly-ipv4,ziyadnz|hourly,2026-08-17T18:48:05Z,2026-08-17T18:48:05Z,
91.92.40.233,ipv4,malicious-ip,medium,WHITE,ziyadnz/hourly-ipv4,ziyadnz|hourly,2026-08-17T18:48:05Z,2026-08-17T18:48:05Z,
91.92.40.237,ipv4,malicious-ip,medium,WHITE,ziyadnz/hourly-ipv4,ziyadnz|hourly,2026-08-17T18:48:05Z,2026-08-17T18:48:05Z,
91.92.40.240,ipv4,malicious-ip,medium,WHITE,ziyadnz/hourly-ipv4,ziyadnz|hourly,2026-08-17T18:48:05Z,2026-08-17T18:48:05Z,
91.92.40.40,ipv4,malicious-ip,medium,WHITE,ziyadnz/hourly-ipv4,ziyadnz|hourly,2026-08-17T18:48:05Z,2026-08-17T18:48:05Z,
91.92.40.66,ipv4,malicious-ip,medium,WHITE,ziyadnz/hourly-ipv4,ziyadnz|hourly,2026-08-17T18:48:05Z,2026-08-17T18:48:05Z,
91.92.40.68,ipv4,malicious-ip,medium,WHITE,ziyadnz/hourly-ipv4,ziyadnz|hourly,2026-08-17T18:48:05Z,2026-08-17T18:48:05Z,
91.92.40.8,ipv4,malicious-ip,medium,WHITE,ziyadnz/hourly-ipv4,ziyadnz|hourly,2026-08-17T18:48:05Z,2026-08-17T18:48:05Z,
91.92.41.174,ipv4,malicious-ip,medium,WHITE,ziyadnz/hourly-ipv4,ziyadnz|hourly,2026-08-17T18:48:05Z,2026-08-17T18:48:05Z,
91.92.42.0,ipv4,malicious-ip,medium,WHITE,ziyadnz/hourly-ipv4,ziyadnz|hourly,2026-08-17T18:48:05Z,2026-08-17T18:48:05Z,
91.92.42.151,ipv4,malicious-ip,medium,WHITE,ziyadnz/hourly-ipv4,ziyadnz|hourly,2026-08-17T18:48:05Z,2026-08-17T18:48:05Z,
91.92.42.173,ipv4,malicious-ip,medium,WHITE,ziyadnz/hourly-ipv4,ziyadnz|hourly,2026-08-17T18:48:05Z,2026-08-17T18:48:05Z,
91.92.42.233,ipv4,malicious-ip,medium,WHITE,ziyadnz/hourly-ipv4,ziyadnz|hourly,2026-08-17T18:48:05Z,2026-08-17T18:48:05Z,
91.92.42.27,ipv4,malicious-ip,medium,WHITE,ziyadnz/hourly-ipv4,ziyadnz|hourly,2026-08-17T18:48:05Z,2026-08-17T18:48:05Z,
91.92.42.50,ipv4,malicious-ip,medium,WHITE,ziyadnz/hourly-ipv4,ziyadnz|hourly,2026-08-17T18:48:05Z,2026-08-17T18:48:05Z,
91.92.42.71,ipv4,malicious-ip,medium,WHITE,ziyadnz/hourly-ipv4,ziyadnz|hourly,2026-08-17T18:48:05Z,2026-08-17T18:48:05Z,
91.92.42.88,ipv4,malicious-ip,medium,WHITE,ziyadnz/hourly-ipv4,ziyadnz|hourly,2026-08-17T18:48:05Z,2026-08-17T18:48:05Z,
91.92.43.109,ipv4,malicious-ip,medium,WHITE,ziyadnz/hourly-ipv4,ziyadnz|hourly,2026-08-17T18:48:05Z,2026-08-17T18:48:05Z,
91.92.43.121,ipv4,malicious-ip,medium,WHITE,ziyadnz/hourly-ipv4,ziyadnz|hourly,2026-08-17T18:48:05Z,2026-08-17T18:48:05Z,
91.92.46.12,ipv4,malicious-ip,medium,WHITE,ziyadnz/hourly-ipv4,ziyadnz|hourly,2026-08-17T18:48:05Z,2026-08-17T18:48:05Z,
91.92.46.60,ipv4,malicious-ip,medium,WHITE,ziyadnz/hourly-ipv4,ziyadnz|hourly,2026-08-17T18:48:05Z,2026-08-17T18:48:05Z,
91.92.46.70,ipv4,malicious-ip,medium,WHITE,ziyadnz/hourly-ipv4,ziyadnz|hourly,2026-08-17T18:48:05Z,2026-08-17T18:48:05Z,
91.92.47.0,ipv4,malicious-ip,medium,WHITE,ziyadnz/hourly-ipv4,ziyadnz|hourly,2026-08-17T18:48:05Z,2026-08-17T18:48:05Z,
91.92.47.125,ipv4,malicious-ip,medium,WHITE,ziyadnz/hourly-ipv4,ziyadnz|hourly,2026-08-17T18:48:05Z,2026-08-17T18:48:05Z,
91.92.47.175,ipv4,malicious-ip,medium,WHITE,ziyadnz/hourly-ipv4,ziyadnz|hourly,2026-08-17T18:48:05Z,2026-08-17T18:48:05Z,
91.92.47.19,ipv4,malicious-ip,medium,WHITE,ziyadnz/hourly-ipv4,ziyadnz|hourly,2026-08-17T18:48:05Z,2026-08-17T18:48:05Z,
91.92.47.220,ipv4,malicious-ip,medium,WHITE,ziyadnz/hourly-ipv4,ziyadnz|hourly,2026-08-17T18:48:05Z,2026-08-17T18:48:05Z,
91.92.47.252,ipv4,malicious-ip,medium,WHITE,ziyadnz/hourly-ipv4,ziyadnz|hourly,2026-08-17T18:48:05Z,2026-08-17T18:48:05Z,
91.92.47.37,ipv4,malicious-ip,medium,WHITE,ziyadnz/hourly-ipv4,ziyadnz|hourly,2026-08-17T18:48:05Z,2026-08-17T18:48:05Z,
91.92.47.74,ipv4,malicious-ip,medium,WHITE,ziyadnz/hourly-ipv4,ziyadnz|hourly,2026-08-17T18:48:05Z,2026-08-17T18:48:05Z,
91.92.68.200,ipv4,malicious-ip,medium,WHITE,ziyadnz/hourly-ipv4,ziyadnz|hourly,2026-08-17T18:48:05Z,2026-08-17T18:48:05Z,
91.92.68.86,ipv4,malicious-ip,medium,WHITE,ziyadnz/hourly-ipv4,ziyadnz|hourly,2026-08-17T18:48:05Z,2026-08-17T18:48:05Z,
91.93.183.92,ipv4,malicious-ip,medium,WHITE,ziyadnz/hourly-ipv4,ziyadnz|hourly,2026-08-17T18:48:05Z,2026-08-17T18:48:05Z,
91.93.68.109,ipv4,malicious-ip,medium,WHITE,ziyadnz/hourly-ipv4,ziyadnz|hourly,2026-08-17T18:48:05Z,2026-08-17T18:48:05Z,
91.98.170.2,ipv4,malicious-ip,medium,WHITE,ziyadnz/hourly-ipv4,ziyadnz|hourly,2026-08-17T18:48:05Z,2026-08-17T18:48:05Z,
91.98.229.246,ipv4,malicious-ip,medium,WHITE,ziyadnz/hourly-ipv4,ziyadnz|hourly,2026-08-17T18:48:05Z,2026-08-17T18:48:05Z,
91.98.233.195,ipv4,malicious-ip,medium,WHITE,ziyadnz/hourly-ipv4,ziyadnz|hourly,2026-08-17T18:48:05Z,2026-08-17T18:48:05Z,
91.98.70.204,ipv4,malicious-ip,medium,WHITE,ziyadnz/hourly-ipv4,ziyadnz|hourly,2026-08-17T18:48:05Z,2026-08-17T18:48:05Z,
91.98.83.83,ipv4,malicious-ip,medium,WHITE,ziyadnz/hourly-ipv4,ziyadnz|hourly,2026-08-17T18:48:05Z,2026-08-17T18:48:05Z,
91.99.101.160,ipv4,malicious-ip,medium,WHITE,ziyadnz/hourly-ipv4,ziyadnz|hourly,2026-08-17T18:48:05Z,2026-08-17T18:48:05Z,
91.99.103.25,ipv4,malicious-ip,medium,WHITE,ziyadnz/hourly-ipv4,ziyadnz|hourly,2026-08-17T18:48:05Z,2026-08-17T18:48:05Z,
91.99.110.36,ipv4,malicious-ip,medium,WHITE,ziyadnz/hourly-ipv4,ziyadnz|hourly,2026-08-17T18:48:05Z,2026-08-17T18:48:05Z,
91.99.161.197,ipv4,malicious-ip,medium,WHITE,ziyadnz/hourly-ipv4,ziyadnz|hourly,2026-08-17T18:48:05Z,2026-08-17T18:48:05Z,
91.99.165.207,ipv4,malicious-ip,medium,WHITE,ziyadnz/hourly-ipv4,ziyadnz|hourly,2026-08-17T18:48:05Z,2026-08-17T18:48:05Z,
91.99.180.174,ipv4,malicious-ip,medium,WHITE,ziyadnz/hourly-ipv4,ziyadnz|hourly,2026-08-17T18:48:05Z,2026-08-17T18:48:05Z,
91.99.209.253,ipv4,malicious-ip,medium,WHITE,ziyadnz/hourly-ipv4,ziyadnz|hourly,2026-08-17T18:48:05Z,2026-08-17T18:48:05Z,
91.99.231.118,ipv4,malicious-ip,medium,WHITE,ziyadnz/hourly-ipv4,ziyadnz|hourly,2026-08-17T18:48:05Z,2026-08-17T18:48:05Z,
91.99.25.54,ipv4,malicious-ip,medium,WHITE,ziyadnz/hourly-ipv4,ziyadnz|hourly,2026-08-17T18:48:05Z,2026-08-17T18:48:05Z,
91.99.9.253,ipv4,malicious-ip,medium,WHITE,ziyadnz/hourly-ipv4,ziyadnz|hourly,2026-08-17T18:48:05Z,2026-08-17T18:48:05Z,
92.100.130.42,ipv4,malicious-ip,medium,WHITE,ziyadnz/hourly-ipv4,ziyadnz|hourly,2026-08-17T18:48:05Z,2026-08-17T18:48:05Z,
92.100.61.9,ipv4,malicious-ip,medium,WHITE,ziyadnz/hourly-ipv4,ziyadnz|hourly,2026-08-17T18:48:05Z,2026-08-17T18:48:05Z,
92.100.62.77,ipv4,malicious-ip,medium,WHITE,ziyadnz/hourly-ipv4,ziyadnz|hourly,2026-08-17T18:48:05Z,2026-08-17T18:48:05Z,
92.101.186.237,ipv4,malicious-ip,medium,WHITE,ziyadnz/hourly-ipv4,ziyadnz|hourly,2026-08-17T18:48:05Z,2026-08-17T18:48:05Z,
92.107.228.43,ipv4,malicious-ip,medium,WHITE,ziyadnz/hourly-ipv4,ziyadnz|hourly,2026-08-17T18:48:05Z,2026-08-17T18:48:05Z,
92.109.2.218,ipv4,malicious-ip,medium,WHITE,ziyadnz/hourly-ipv4,ziyadnz|hourly,2026-08-17T18:48:05Z,2026-08-17T18:48:05Z,
92.110.160.114,ipv4,malicious-ip,medium,WHITE,ziyadnz/hourly-ipv4,ziyadnz|hourly,2026-08-17T18:48:05Z,2026-08-17T18:48:05Z,
92.112.125.172,ipv4,malicious-ip,medium,WHITE,ziyadnz/hourly-ipv4,ziyadnz|hourly,2026-08-17T18:48:05Z,2026-08-17T18:48:05Z,
92.112.126.183,ipv4,malicious-ip,medium,WHITE,ziyadnz/hourly-ipv4,ziyadnz|hourly,2026-08-17T18:48:05Z,2026-08-17T18:48:05Z,
92.112.127.184,ipv4,malicious-ip,medium,WHITE,ziyadnz/hourly-ipv4,ziyadnz|hourly,2026-08-17T18:48:05Z,2026-08-17T18:48:05Z,
92.113.142.203,ipv4,malicious-ip,medium,WHITE,ziyadnz/hourly-ipv4,ziyadnz|hourly,2026-08-17T18:48:05Z,2026-08-17T18:48:05Z,
92.114.183.191,ipv4,malicious-ip,medium,WHITE,ziyadnz/hourly-ipv4,ziyadnz|hourly,2026-08-17T18:48:05Z,2026-08-17T18:48:05Z,
92.114.54.2,ipv4,malicious-ip,medium,WHITE,ziyadnz/hourly-ipv4,ziyadnz|hourly,2026-08-17T18:48:05Z,2026-08-17T18:48:05Z,
92.114.94.97,ipv4,malicious-ip,medium,WHITE,ziyadnz/hourly-ipv4,ziyadnz|hourly,2026-08-17T18:48:05Z,2026-08-17T18:48:05Z,
92.115.193.174,ipv4,malicious-ip,medium,WHITE,ziyadnz/hourly-ipv4,ziyadnz|hourly,2026-08-17T18:48:05Z,2026-08-17T18:48:05Z,
92.115.5.137,ipv4,malicious-ip,medium,WHITE,ziyadnz/hourly-ipv4,ziyadnz|hourly,2026-08-17T18:48:05Z,2026-08-17T18:48:05Z,
92.115.9.130,ipv4,malicious-ip,medium,WHITE,ziyadnz/hourly-ipv4,ziyadnz|hourly,2026-08-17T18:48:05Z,2026-08-17T18:48:05Z,
92.118.112.130,ipv4,malicious-ip,medium,WHITE,ziyadnz/hourly-ipv4,ziyadnz|hourly,2026-08-17T18:48:05Z,2026-08-17T18:48:05Z,
92.118.112.143,ipv4,malicious-ip,medium,WHITE,ziyadnz/hourly-ipv4,ziyadnz|hourly,2026-08-17T18:48:05Z,2026-08-17T18:48:05Z,
92.118.112.181,ipv4,malicious-ip,medium,WHITE,ziyadnz/hourly-ipv4,ziyadnz|hourly,2026-08-17T18:48:05Z,2026-08-17T18:48:05Z,
92.118.112.20,ipv4,malicious-ip,medium,WHITE,ziyadnz/hourly-ipv4,ziyadnz|hourly,2026-08-17T18:48:05Z,2026-08-17T18:48:05Z,
92.118.112.208,ipv4,malicious-ip,medium,WHITE,ziyadnz/hourly-ipv4,ziyadnz|hourly,2026-08-17T18:48:05Z,2026-08-17T18:48:05Z,
92.118.112.56,ipv4,malicious-ip,medium,WHITE,ziyadnz/hourly-ipv4,ziyadnz|hourly,2026-08-17T18:48:05Z,2026-08-17T18:48:05Z,
92.118.127.89,ipv4,malicious-ip,medium,WHITE,ziyadnz/hourly-ipv4,ziyadnz|hourly,2026-08-17T18:48:05Z,2026-08-17T18:48:05Z,
92.118.137.4,ipv4,malicious-ip,medium,WHITE,ziyadnz/hourly-ipv4,ziyadnz|hourly,2026-08-17T18:48:05Z,2026-08-17T18:48:05Z,
92.118.170.216,ipv4,malicious-ip,medium,WHITE,ziyadnz/hourly-ipv4,ziyadnz|hourly,2026-08-17T18:48:05Z,2026-08-17T18:48:05Z,
92.118.170.31,ipv4,malicious-ip,medium,WHITE,ziyadnz/hourly-ipv4,ziyadnz|hourly,2026-08-17T18:48:05Z,2026-08-17T18:48:05Z,
92.118.189.164,ipv4,malicious-ip,medium,WHITE,ziyadnz/hourly-ipv4,ziyadnz|hourly,2026-08-17T18:48:05Z,2026-08-17T18:48:05Z,
92.118.230.233,ipv4,malicious-ip,medium,WHITE,ziyadnz/hourly-ipv4,ziyadnz|hourly,2026-08-17T18:48:05Z,2026-08-17T18:48:05Z,
92.118.234.124,ipv4,malicious-ip,medium,WHITE,ziyadnz/hourly-ipv4,ziyadnz|hourly,2026-08-17T18:48:05Z,2026-08-17T18:48:05Z,
92.118.36.199,ipv4,malicious-ip,medium,WHITE,ziyadnz/hourly-ipv4,ziyadnz|hourly,2026-08-17T18:48:05Z,2026-08-17T18:48:05Z,
92.118.36.210,ipv4,malicious-ip,medium,WHITE,ziyadnz/hourly-ipv4,ziyadnz|hourly,2026-08-17T18:48:05Z,2026-08-17T18:48:05Z,
92.118.36.213,ipv4,malicious-ip,medium,WHITE,ziyadnz/hourly-ipv4,ziyadnz|hourly,2026-08-17T18:48:05Z,2026-08-17T18:48:05Z,
92.118.36.233,ipv4,malicious-ip,medium,WHITE,ziyadnz/hourly-ipv4,ziyadnz|hourly,2026-08-17T18:48:05Z,2026-08-17T18:48:05Z,
92.118.36.249,ipv4,malicious-ip,medium,WHITE,ziyadnz/hourly-ipv4,ziyadnz|hourly,2026-08-17T18:48:05Z,2026-08-17T18:48:05Z,
92.118.39.0,ipv4,malicious-ip,medium,WHITE,ziyadnz/hourly-ipv4,ziyadnz|hourly,2026-08-17T18:48:05Z,2026-08-17T18:48:05Z,
92.118.39.171,ipv4,malicious-ip,medium,WHITE,ziyadnz/hourly-ipv4,ziyadnz|hourly,2026-08-17T18:48:05Z,2026-08-17T18:48:05Z,
92.118.39.202,ipv4,malicious-ip,medium,WHITE,ziyadnz/hourly-ipv4,ziyadnz|hourly,2026-08-17T18:48:05Z,2026-08-17T18:48:05Z,
92.118.39.203,ipv4,malicious-ip,medium,WHITE,ziyadnz/hourly-ipv4,ziyadnz|hourly,2026-08-17T18:48:05Z,2026-08-17T18:48:05Z,
92.118.39.204,ipv4,malicious-ip,medium,WHITE,ziyadnz/hourly-ipv4,ziyadnz|hourly,2026-08-17T18:48:05Z,2026-08-17T18:48:05Z,
92.118.39.205,ipv4,malicious-ip,medium,WHITE,ziyadnz/hourly-ipv4,ziyadnz|hourly,2026-08-17T18:48:05Z,2026-08-17T18:48:05Z,
92.118.39.209,ipv4,malicious-ip,medium,WHITE,ziyadnz/hourly-ipv4,ziyadnz|hourly,2026-08-17T18:48:05Z,2026-08-17T18:48:05Z,
92.118.39.210,ipv4,malicious-ip,medium,WHITE,ziyadnz/hourly-ipv4,ziyadnz|hourly,2026-08-17T18:48:05Z,2026-08-17T18:48:05Z,
92.118.39.211,ipv4,malicious-ip,medium,WHITE,ziyadnz/hourly-ipv4,ziyadnz|hourly,2026-08-17T18:48:05Z,2026-08-17T18:48:05Z,
92.118.39.212,ipv4,malicious-ip,medium,WHITE,ziyadnz/hourly-ipv4,ziyadnz|hourly,2026-08-17T18:48:05Z,2026-08-17T18:48:05Z,
92.118.39.213,ipv4,malicious-ip,medium,WHITE,ziyadnz/hourly-ipv4,ziyadnz|hourly,2026-08-17T18:48:05Z,2026-08-17T18:48:05Z,
92.118.39.214,ipv4,malicious-ip,medium,WHITE,ziyadnz/hourly-ipv4,ziyadnz|hourly,2026-08-17T18:48:05Z,2026-08-17T18:48:05Z,
92.118.39.223,ipv4,malicious-ip,medium,WHITE,ziyadnz/hourly-ipv4,ziyadnz|hourly,2026-08-17T18:48:05Z,2026-08-17T18:48:05Z,
92.118.39.224,ipv4,malicious-ip,medium,WHITE,ziyadnz/hourly-ipv4,ziyadnz|hourly,2026-08-17T18:48:05Z,2026-08-17T18:48:05Z,
92.118.39.225,ipv4,malicious-ip,medium,WHITE,ziyadnz/hourly-ipv4,ziyadnz|hourly,2026-08-17T18:48:05Z,2026-08-17T18:48:05Z,
92.118.39.227,ipv4,malicious-ip,medium,WHITE,ziyadnz/hourly-ipv4,ziyadnz|hourly,2026-08-17T18:48:05Z,2026-08-17T18:48:05Z,
92.118.39.228,ipv4,malicious-ip,medium,WHITE,ziyadnz/hourly-ipv4,ziyadnz|hourly,2026-08-17T18:48:05Z,2026-08-17T18:48:05Z,
92.118.39.229,ipv4,malicious-ip,medium,WHITE,ziyadnz/hourly-ipv4,ziyadnz|hourly,2026-08-17T18:48:05Z,2026-08-17T18:48:05Z,
92.118.39.23,ipv4,malicious-ip,medium,WHITE,ziyadnz/hourly-ipv4,ziyadnz|hourly,2026-08-17T18:48:05Z,2026-08-17T18:48:05Z,
92.118.39.231,ipv4,malicious-ip,medium,WHITE,ziyadnz/hourly-ipv4,ziyadnz|hourly,2026-08-17T18:48:05Z,2026-08-17T18:48:05Z,
92.118.39.232,ipv4,malicious-ip,medium,WHITE,ziyadnz/hourly-ipv4,ziyadnz|hourly,2026-08-17T18:48:05Z,2026-08-17T18:48:05Z,
92.118.39.233,ipv4,malicious-ip,medium,WHITE,ziyadnz/hourly-ipv4,ziyadnz|hourly,2026-08-17T18:48:05Z,2026-08-17T18:48:05Z,
92.118.39.234,ipv4,malicious-ip,medium,WHITE,ziyadnz/hourly-ipv4,ziyadnz|hourly,2026-08-17T18:48:05Z,2026-08-17T18:48:05Z,
92.118.39.52,ipv4,malicious-ip,medium,WHITE,ziyadnz/hourly-ipv4,ziyadnz|hourly,2026-08-17T18:48:05Z,2026-08-17T18:48:05Z,
92.118.39.57,ipv4,malicious-ip,medium,WHITE,ziyadnz/hourly-ipv4,ziyadnz|hourly,2026-08-17T18:48:05Z,2026-08-17T18:48:05Z,
92.118.39.58,ipv4,malicious-ip,medium,WHITE,ziyadnz/hourly-ipv4,ziyadnz|hourly,2026-08-17T18:48:05Z,2026-08-17T18:48:05Z,
92.118.39.74,ipv4,malicious-ip,medium,WHITE,ziyadnz/hourly-ipv4,ziyadnz|hourly,2026-08-17T18:48:05Z,2026-08-17T18:48:05Z,
92.118.58.65,ipv4,malicious-ip,medium,WHITE,ziyadnz/hourly-ipv4,ziyadnz|hourly,2026-08-17T18:48:05Z,2026-08-17T18:48:05Z,
92.118.59.234,ipv4,malicious-ip,medium,WHITE,ziyadnz/hourly-ipv4,ziyadnz|hourly,2026-08-17T18:48:05Z,2026-08-17T18:48:05Z,
92.118.59.237,ipv4,malicious-ip,medium,WHITE,ziyadnz/hourly-ipv4,ziyadnz|hourly,2026-08-17T18:48:05Z,2026-08-17T18:48:05Z,
92.118.72.173,ipv4,malicious-ip,medium,WHITE,ziyadnz/hourly-ipv4,ziyadnz|hourly,2026-08-17T18:48:05Z,2026-08-17T18:48:05Z,
92.118.72.236,ipv4,malicious-ip,medium,WHITE,ziyadnz/hourly-ipv4,ziyadnz|hourly,2026-08-17T18:48:05Z,2026-08-17T18:48:05Z,
92.118.73.172,ipv4,malicious-ip,medium,WHITE,ziyadnz/hourly-ipv4,ziyadnz|hourly,2026-08-17T18:48:05Z,2026-08-17T18:48:05Z,
92.118.76.205,ipv4,malicious-ip,medium,WHITE,ziyadnz/hourly-ipv4,ziyadnz|hourly,2026-08-17T18:48:05Z,2026-08-17T18:48:05Z,
92.119.127.73,ipv4,malicious-ip,medium,WHITE,ziyadnz/hourly-ipv4,ziyadnz|hourly,2026-08-17T18:48:05Z,2026-08-17T18:48:05Z,
92.119.159.25,ipv4,malicious-ip,medium,WHITE,ziyadnz/hourly-ipv4,ziyadnz|hourly,2026-08-17T18:48:05Z,2026-08-17T18:48:05Z,
92.119.164.208,ipv4,malicious-ip,medium,WHITE,ziyadnz/hourly-ipv4,ziyadnz|hourly,2026-08-17T18:48:05Z,2026-08-17T18:48:05Z,
92.119.165.164,ipv4,malicious-ip,medium,WHITE,ziyadnz/hourly-ipv4,ziyadnz|hourly,2026-08-17T18:48:05Z,2026-08-17T18:48:05Z,
92.119.165.96,ipv4,malicious-ip,medium,WHITE,ziyadnz/hourly-ipv4,ziyadnz|hourly,2026-08-17T18:48:05Z,2026-08-17T18:48:05Z,
92.119.177.20,ipv4,malicious-ip,medium,WHITE,ziyadnz/hourly-ipv4,ziyadnz|hourly,2026-08-17T18:48:05Z,2026-08-17T18:48:05Z,
92.119.177.22,ipv4,malicious-ip,medium,WHITE,ziyadnz/hourly-ipv4,ziyadnz|hourly,2026-08-17T18:48:05Z,2026-08-17T18:48:05Z,
92.119.186.113,ipv4,malicious-ip,medium,WHITE,ziyadnz/hourly-ipv4,ziyadnz|hourly,2026-08-17T18:48:05Z,2026-08-17T18:48:05Z,
92.126.240.238,ipv4,malicious-ip,medium,WHITE,ziyadnz/hourly-ipv4,ziyadnz|hourly,2026-08-17T18:48:05Z,2026-08-17T18:48:05Z,
92.130.101.121,ipv4,malicious-ip,medium,WHITE,ziyadnz/hourly-ipv4,ziyadnz|hourly,2026-08-17T18:48:05Z,2026-08-17T18:48:05Z,
92.130.154.42,ipv4,malicious-ip,medium,WHITE,ziyadnz/hourly-ipv4,ziyadnz|hourly,2026-08-17T18:48:05Z,2026-08-17T18:48:05Z,
92.130.9.100,ipv4,malicious-ip,medium,WHITE,ziyadnz/hourly-ipv4,ziyadnz|hourly,2026-08-17T18:48:05Z,2026-08-17T18:48:05Z,
92.131.199.212,ipv4,malicious-ip,medium,WHITE,ziyadnz/hourly-ipv4,ziyadnz|hourly,2026-08-17T18:48:05Z,2026-08-17T18:48:05Z,
92.131.58.50,ipv4,malicious-ip,medium,WHITE,ziyadnz/hourly-ipv4,ziyadnz|hourly,2026-08-17T18:48:05Z,2026-08-17T18:48:05Z,
92.131.97.171,ipv4,malicious-ip,medium,WHITE,ziyadnz/hourly-ipv4,ziyadnz|hourly,2026-08-17T18:48:05Z,2026-08-17T18:48:05Z,
92.132.132.81,ipv4,malicious-ip,medium,WHITE,ziyadnz/hourly-ipv4,ziyadnz|hourly,2026-08-17T18:48:05Z,2026-08-17T18:48:05Z,
92.134.64.106,ipv4,malicious-ip,medium,WHITE,ziyadnz/hourly-ipv4,ziyadnz|hourly,2026-08-17T18:48:05Z,2026-08-17T18:48:05Z,
92.140.251.158,ipv4,malicious-ip,medium,WHITE,ziyadnz/hourly-ipv4,ziyadnz|hourly,2026-08-17T18:48:05Z,2026-08-17T18:48:05Z,
92.142.65.131,ipv4,malicious-ip,medium,WHITE,ziyadnz/hourly-ipv4,ziyadnz|hourly,2026-08-17T18:48:05Z,2026-08-17T18:48:05Z,
92.142.83.175,ipv4,malicious-ip,medium,WHITE,ziyadnz/hourly-ipv4,ziyadnz|hourly,2026-08-17T18:48:05Z,2026-08-17T18:48:05Z,
92.144.165.60,ipv4,malicious-ip,medium,WHITE,ziyadnz/hourly-ipv4,ziyadnz|hourly,2026-08-17T18:48:05Z,2026-08-17T18:48:05Z,
92.144.80.185,ipv4,malicious-ip,medium,WHITE,ziyadnz/hourly-ipv4,ziyadnz|hourly,2026-08-17T18:48:05Z,2026-08-17T18:48:05Z,
92.150.115.211,ipv4,malicious-ip,medium,WHITE,ziyadnz/hourly-ipv4,ziyadnz|hourly,2026-08-17T18:48:05Z,2026-08-17T18:48:05Z,
92.151.152.85,ipv4,malicious-ip,medium,WHITE,ziyadnz/hourly-ipv4,ziyadnz|hourly,2026-08-17T18:48:05Z,2026-08-17T18:48:05Z,
92.152.74.181,ipv4,malicious-ip,medium,WHITE,ziyadnz/hourly-ipv4,ziyadnz|hourly,2026-08-17T18:48:05Z,2026-08-17T18:48:05Z,
92.154.95.236,ipv4,malicious-ip,medium,WHITE,ziyadnz/hourly-ipv4,ziyadnz|hourly,2026-08-17T18:48:05Z,2026-08-17T18:48:05Z,
92.159.98.43,ipv4,malicious-ip,medium,WHITE,ziyadnz/hourly-ipv4,ziyadnz|hourly,2026-08-17T18:48:05Z,2026-08-17T18:48:05Z,
92.16.66.2,ipv4,malicious-ip,medium,WHITE,ziyadnz/hourly-ipv4,ziyadnz|hourly,2026-08-17T18:48:05Z,2026-08-17T18:48:05Z,
92.162.207.30,ipv4,malicious-ip,medium,WHITE,ziyadnz/hourly-ipv4,ziyadnz|hourly,2026-08-17T18:48:05Z,2026-08-17T18:48:05Z,
92.168.39.37,ipv4,malicious-ip,medium,WHITE,ziyadnz/hourly-ipv4,ziyadnz|hourly,2026-08-17T18:48:05Z,2026-08-17T18:48:05Z,
92.168.8.163,ipv4,malicious-ip,medium,WHITE,ziyadnz/hourly-ipv4,ziyadnz|hourly,2026-08-17T18:48:05Z,2026-08-17T18:48:05Z,
92.17.7.17,ipv4,malicious-ip,medium,WHITE,ziyadnz/hourly-ipv4,ziyadnz|hourly,2026-08-17T18:48:05Z,2026-08-17T18:48:05Z,
92.175.80.209,ipv4,malicious-ip,medium,WHITE,ziyadnz/hourly-ipv4,ziyadnz|hourly,2026-08-17T18:48:05Z,2026-08-17T18:48:05Z,
92.18.110.160,ipv4,malicious-ip,medium,WHITE,ziyadnz/hourly-ipv4,ziyadnz|hourly,2026-08-17T18:48:05Z,2026-08-17T18:48:05Z,
92.18.185.214,ipv4,malicious-ip,medium,WHITE,ziyadnz/hourly-ipv4,ziyadnz|hourly,2026-08-17T18:48:05Z,2026-08-17T18:48:05Z,
92.180.92.58,ipv4,malicious-ip,medium,WHITE,ziyadnz/hourly-ipv4,ziyadnz|hourly,2026-08-17T18:48:05Z,2026-08-17T18:48:05Z,
92.184.100.74,ipv4,malicious-ip,medium,WHITE,ziyadnz/hourly-ipv4,ziyadnz|hourly,2026-08-17T18:48:05Z,2026-08-17T18:48:05Z,
92.184.102.162,ipv4,malicious-ip,medium,WHITE,ziyadnz/hourly-ipv4,ziyadnz|hourly,2026-08-17T18:48:05Z,2026-08-17T18:48:05Z,
92.184.105.62,ipv4,malicious-ip,medium,WHITE,ziyadnz/hourly-ipv4,ziyadnz|hourly,2026-08-17T18:48:05Z,2026-08-17T18:48:05Z,
92.184.107.169,ipv4,malicious-ip,medium,WHITE,ziyadnz/hourly-ipv4,ziyadnz|hourly,2026-08-17T18:48:05Z,2026-08-17T18:48:05Z,
92.184.107.225,ipv4,malicious-ip,medium,WHITE,ziyadnz/hourly-ipv4,ziyadnz|hourly,2026-08-17T18:48:05Z,2026-08-17T18:48:05Z,
92.184.112.12,ipv4,malicious-ip,medium,WHITE,ziyadnz/hourly-ipv4,ziyadnz|hourly,2026-08-17T18:48:05Z,2026-08-17T18:48:05Z,
92.184.112.134,ipv4,malicious-ip,medium,WHITE,ziyadnz/hourly-ipv4,ziyadnz|hourly,2026-08-17T18:48:05Z,2026-08-17T18:48:05Z,
92.184.112.157,ipv4,malicious-ip,medium,WHITE,ziyadnz/hourly-ipv4,ziyadnz|hourly,2026-08-17T18:48:05Z,2026-08-17T18:48:05Z,
92.184.112.22,ipv4,malicious-ip,medium,WHITE,ziyadnz/hourly-ipv4,ziyadnz|hourly,2026-08-17T18:48:05Z,2026-08-17T18:48:05Z,
92.184.123.4,ipv4,malicious-ip,medium,WHITE,ziyadnz/hourly-ipv4,ziyadnz|hourly,2026-08-17T18:48:05Z,2026-08-17T18:48:05Z,
92.184.97.154,ipv4,malicious-ip,medium,WHITE,ziyadnz/hourly-ipv4,ziyadnz|hourly,2026-08-17T18:48:05Z,2026-08-17T18:48:05Z,
92.184.97.175,ipv4,malicious-ip,medium,WHITE,ziyadnz/hourly-ipv4,ziyadnz|hourly,2026-08-17T18:48:05Z,2026-08-17T18:48:05Z,
92.184.97.208,ipv4,malicious-ip,medium,WHITE,ziyadnz/hourly-ipv4,ziyadnz|hourly,2026-08-17T18:48:05Z,2026-08-17T18:48:05Z,
92.185.37.87,ipv4,malicious-ip,medium,WHITE,ziyadnz/hourly-ipv4,ziyadnz|hourly,2026-08-17T18:48:05Z,2026-08-17T18:48:05Z,
92.186.137.40,ipv4,malicious-ip,medium,WHITE,ziyadnz/hourly-ipv4,ziyadnz|hourly,2026-08-17T18:48:05Z,2026-08-17T18:48:05Z,
92.189.214.236,ipv4,malicious-ip,medium,WHITE,ziyadnz/hourly-ipv4,ziyadnz|hourly,2026-08-17T18:48:05Z,2026-08-17T18:48:05Z,
92.191.96.70,ipv4,malicious-ip,medium,WHITE,ziyadnz/hourly-ipv4,ziyadnz|hourly,2026-08-17T18:48:05Z,2026-08-17T18:48:05Z,
92.204.128.149,ipv4,malicious-ip,medium,WHITE,ziyadnz/hourly-ipv4,ziyadnz|hourly,2026-08-17T18:48:05Z,2026-08-17T18:48:05Z,
92.204.128.6,ipv4,malicious-ip,medium,WHITE,ziyadnz/hourly-ipv4,ziyadnz|hourly,2026-08-17T18:48:05Z,2026-08-17T18:48:05Z,
92.204.138.0,ipv4,malicious-ip,medium,WHITE,ziyadnz/hourly-ipv4,ziyadnz|hourly,2026-08-17T18:48:05Z,2026-08-17T18:48:05Z,
92.204.138.142,ipv4,malicious-ip,medium,WHITE,ziyadnz/hourly-ipv4,ziyadnz|hourly,2026-08-17T18:48:05Z,2026-08-17T18:48:05Z,
92.204.138.187,ipv4,malicious-ip,medium,WHITE,ziyadnz/hourly-ipv4,ziyadnz|hourly,2026-08-17T18:48:05Z,2026-08-17T18:48:05Z,
92.204.138.191,ipv4,malicious-ip,medium,WHITE,ziyadnz/hourly-ipv4,ziyadnz|hourly,2026-08-17T18:48:05Z,2026-08-17T18:48:05Z,
92.204.138.198,ipv4,malicious-ip,medium,WHITE,ziyadnz/hourly-ipv4,ziyadnz|hourly,2026-08-17T18:48:05Z,2026-08-17T18:48:05Z,
92.204.138.44,ipv4,malicious-ip,medium,WHITE,ziyadnz/hourly-ipv4,ziyadnz|hourly,2026-08-17T18:48:05Z,2026-08-17T18:48:05Z,
92.204.138.51,ipv4,malicious-ip,medium,WHITE,ziyadnz/hourly-ipv4,ziyadnz|hourly,2026-08-17T18:48:05Z,2026-08-17T18:48:05Z,
92.204.138.58,ipv4,malicious-ip,medium,WHITE,ziyadnz/hourly-ipv4,ziyadnz|hourly,2026-08-17T18:48:05Z,2026-08-17T18:48:05Z,
92.204.146.31,ipv4,malicious-ip,medium,WHITE,ziyadnz/hourly-ipv4,ziyadnz|hourly,2026-08-17T18:48:05Z,2026-08-17T18:48:05Z,
92.204.163.102,ipv4,malicious-ip,medium,WHITE,ziyadnz/hourly-ipv4,ziyadnz|hourly,2026-08-17T18:48:05Z,2026-08-17T18:48:05Z,
92.204.215.25,ipv4,malicious-ip,medium,WHITE,ziyadnz/hourly-ipv4,ziyadnz|hourly,2026-08-17T18:48:05Z,2026-08-17T18:48:05Z,
92.204.220.205,ipv4,malicious-ip,medium,WHITE,ziyadnz/hourly-ipv4,ziyadnz|hourly,2026-08-17T18:48:05Z,2026-08-17T18:48:05Z,
92.204.239.213,ipv4,malicious-ip,medium,WHITE,ziyadnz/hourly-ipv4,ziyadnz|hourly,2026-08-17T18:48:05Z,2026-08-17T18:48:05Z,
92.205.100.42,ipv4,malicious-ip,medium,WHITE,ziyadnz/hourly-ipv4,ziyadnz|hourly,2026-08-17T18:48:05Z,2026-08-17T18:48:05Z,
92.205.106.188,ipv4,malicious-ip,medium,WHITE,ziyadnz/hourly-ipv4,ziyadnz|hourly,2026-08-17T18:48:05Z,2026-08-17T18:48:05Z,
92.205.109.89,ipv4,malicious-ip,medium,WHITE,ziyadnz/hourly-ipv4,ziyadnz|hourly,2026-08-17T18:48:05Z,2026-08-17T18:48:05Z,
92.205.111.102,ipv4,malicious-ip,medium,WHITE,ziyadnz/hourly-ipv4,ziyadnz|hourly,2026-08-17T18:48:05Z,2026-08-17T18:48:05Z,
92.205.160.165,ipv4,malicious-ip,medium,WHITE,ziyadnz/hourly-ipv4,ziyadnz|hourly,2026-08-17T18:48:05Z,2026-08-17T18:48:05Z,
92.205.176.4,ipv4,malicious-ip,medium,WHITE,ziyadnz/hourly-ipv4,ziyadnz|hourly,2026-08-17T18:48:05Z,2026-08-17T18:48:05Z,
92.205.183.29,ipv4,malicious-ip,medium,WHITE,ziyadnz/hourly-ipv4,ziyadnz|hourly,2026-08-17T18:48:05Z,2026-08-17T18:48:05Z,
92.205.183.36,ipv4,malicious-ip,medium,WHITE,ziyadnz/hourly-ipv4,ziyadnz|hourly,2026-08-17T18:48:05Z,2026-08-17T18:48:05Z,
92.205.185.163,ipv4,malicious-ip,medium,WHITE,ziyadnz/hourly-ipv4,ziyadnz|hourly,2026-08-17T18:48:05Z,2026-08-17T18:48:05Z,
92.205.191.187,ipv4,malicious-ip,medium,WHITE,ziyadnz/hourly-ipv4,ziyadnz|hourly,2026-08-17T18:48:05Z,2026-08-17T18:48:05Z,
92.205.213.181,ipv4,malicious-ip,medium,WHITE,ziyadnz/hourly-ipv4,ziyadnz|hourly,2026-08-17T18:48:05Z,2026-08-17T18:48:05Z,
92.205.22.173,ipv4,malicious-ip,medium,WHITE,ziyadnz/hourly-ipv4,ziyadnz|hourly,2026-08-17T18:48:05Z,2026-08-17T18:48:05Z,
92.205.23.128,ipv4,malicious-ip,medium,WHITE,ziyadnz/hourly-ipv4,ziyadnz|hourly,2026-08-17T18:48:05Z,2026-08-17T18:48:05Z,
92.205.232.88,ipv4,malicious-ip,medium,WHITE,ziyadnz/hourly-ipv4,ziyadnz|hourly,2026-08-17T18:48:05Z,2026-08-17T18:48:05Z,
92.205.238.254,ipv4,malicious-ip,medium,WHITE,ziyadnz/hourly-ipv4,ziyadnz|hourly,2026-08-17T18:48:05Z,2026-08-17T18:48:05Z,
92.205.239.91,ipv4,malicious-ip,medium,WHITE,ziyadnz/hourly-ipv4,ziyadnz|hourly,2026-08-17T18:48:05Z,2026-08-17T18:48:05Z,
92.205.56.196,ipv4,malicious-ip,medium,WHITE,ziyadnz/hourly-ipv4,ziyadnz|hourly,2026-08-17T18:48:05Z,2026-08-17T18:48:05Z,
92.205.61.48,ipv4,malicious-ip,medium,WHITE,ziyadnz/hourly-ipv4,ziyadnz|hourly,2026-08-17T18:48:05Z,2026-08-17T18:48:05Z,
92.205.94.115,ipv4,malicious-ip,medium,WHITE,ziyadnz/hourly-ipv4,ziyadnz|hourly,2026-08-17T18:48:05Z,2026-08-17T18:48:05Z,
92.205.95.157,ipv4,malicious-ip,medium,WHITE,ziyadnz/hourly-ipv4,ziyadnz|hourly,2026-08-17T18:48:05Z,2026-08-17T18:48:05Z,
92.207.132.174,ipv4,malicious-ip,medium,WHITE,ziyadnz/hourly-ipv4,ziyadnz|hourly,2026-08-17T18:48:05Z,2026-08-17T18:48:05Z,
92.208.177.143,ipv4,malicious-ip,medium,WHITE,ziyadnz/hourly-ipv4,ziyadnz|hourly,2026-08-17T18:48:05Z,2026-08-17T18:48:05Z,
92.208.184.222,ipv4,malicious-ip,medium,WHITE,ziyadnz/hourly-ipv4,ziyadnz|hourly,2026-08-17T18:48:05Z,2026-08-17T18:48:05Z,
92.208.227.105,ipv4,malicious-ip,medium,WHITE,ziyadnz/hourly-ipv4,ziyadnz|hourly,2026-08-17T18:48:05Z,2026-08-17T18:48:05Z,
92.208.227.99,ipv4,malicious-ip,medium,WHITE,ziyadnz/hourly-ipv4,ziyadnz|hourly,2026-08-17T18:48:05Z,2026-08-17T18:48:05Z,
92.208.231.194,ipv4,malicious-ip,medium,WHITE,ziyadnz/hourly-ipv4,ziyadnz|hourly,2026-08-17T18:48:05Z,2026-08-17T18:48:05Z,
92.208.238.96,ipv4,malicious-ip,medium,WHITE,ziyadnz/hourly-ipv4,ziyadnz|hourly,2026-08-17T18:48:05Z,2026-08-17T18:48:05Z,
92.208.252.212,ipv4,malicious-ip,medium,WHITE,ziyadnz/hourly-ipv4,ziyadnz|hourly,2026-08-17T18:48:05Z,2026-08-17T18:48:05Z,
92.208.7.4,ipv4,malicious-ip,medium,WHITE,ziyadnz/hourly-ipv4,ziyadnz|hourly,2026-08-17T18:48:05Z,2026-08-17T18:48:05Z,
92.209.151.205,ipv4,malicious-ip,medium,WHITE,ziyadnz/hourly-ipv4,ziyadnz|hourly,2026-08-17T18:48:05Z,2026-08-17T18:48:05Z,
92.209.156.160,ipv4,malicious-ip,medium,WHITE,ziyadnz/hourly-ipv4,ziyadnz|hourly,2026-08-17T18:48:05Z,2026-08-17T18:48:05Z,
92.209.186.222,ipv4,malicious-ip,medium,WHITE,ziyadnz/hourly-ipv4,ziyadnz|hourly,2026-08-17T18:48:05Z,2026-08-17T18:48:05Z,
92.222.104.0,ipv4,malicious-ip,medium,WHITE,ziyadnz/hourly-ipv4,ziyadnz|hourly,2026-08-17T18:48:05Z,2026-08-17T18:48:05Z,
92.222.104.195,ipv4,malicious-ip,medium,WHITE,ziyadnz/hourly-ipv4,ziyadnz|hourly,2026-08-17T18:48:05Z,2026-08-17T18:48:05Z,
92.222.104.196,ipv4,malicious-ip,medium,WHITE,ziyadnz/hourly-ipv4,ziyadnz|hourly,2026-08-17T18:48:05Z,2026-08-17T18:48:05Z,
92.222.104.198,ipv4,malicious-ip,medium,WHITE,ziyadnz/hourly-ipv4,ziyadnz|hourly,2026-08-17T18:48:05Z,2026-08-17T18:48:05Z,
92.222.104.210,ipv4,malicious-ip,medium,WHITE,ziyadnz/hourly-ipv4,ziyadnz|hourly,2026-08-17T18:48:05Z,2026-08-17T18:48:05Z,
92.222.104.216,ipv4,malicious-ip,medium,WHITE,ziyadnz/hourly-ipv4,ziyadnz|hourly,2026-08-17T18:48:05Z,2026-08-17T18:48:05Z,
92.222.104.219,ipv4,malicious-ip,medium,WHITE,ziyadnz/hourly-ipv4,ziyadnz|hourly,2026-08-17T18:48:05Z,2026-08-17T18:48:05Z,
92.222.104.221,ipv4,malicious-ip,medium,WHITE,ziyadnz/hourly-ipv4,ziyadnz|hourly,2026-08-17T18:48:05Z,2026-08-17T18:48:05Z,
92.222.108.0,ipv4,malicious-ip,medium,WHITE,ziyadnz/hourly-ipv4,ziyadnz|hourly,2026-08-17T18:48:05Z,2026-08-17T18:48:05Z,
92.222.108.103,ipv4,malicious-ip,medium,WHITE,ziyadnz/hourly-ipv4,ziyadnz|hourly,2026-08-17T18:48:05Z,2026-08-17T18:48:05Z,
92.222.108.106,ipv4,malicious-ip,medium,WHITE,ziyadnz/hourly-ipv4,ziyadnz|hourly,2026-08-17T18:48:05Z,2026-08-17T18:48:05Z,
92.222.108.112,ipv4,malicious-ip,medium,WHITE,ziyadnz/hourly-ipv4,ziyadnz|hourly,2026-08-17T18:48:05Z,2026-08-17T18:48:05Z,
92.222.108.114,ipv4,malicious-ip,medium,WHITE,ziyadnz/hourly-ipv4,ziyadnz|hourly,2026-08-17T18:48:05Z,2026-08-17T18:48:05Z,
92.222.108.116,ipv4,malicious-ip,medium,WHITE,ziyadnz/hourly-ipv4,ziyadnz|hourly,2026-08-17T18:48:05Z,2026-08-17T18:48:05Z,
92.222.108.117,ipv4,malicious-ip,medium,WHITE,ziyadnz/hourly-ipv4,ziyadnz|hourly,2026-08-17T18:48:05Z,2026-08-17T18:48:05Z,
92.222.108.118,ipv4,malicious-ip,medium,WHITE,ziyadnz/hourly-ipv4,ziyadnz|hourly,2026-08-17T18:48:05Z,2026-08-17T18:48:05Z,
92.222.108.119,ipv4,malicious-ip,medium,WHITE,ziyadnz/hourly-ipv4,ziyadnz|hourly,2026-08-17T18:48:05Z,2026-08-17T18:48:05Z,
92.222.108.121,ipv4,malicious-ip,medium,WHITE,ziyadnz/hourly-ipv4,ziyadnz|hourly,2026-08-17T18:48:05Z,2026-08-17T18:48:05Z,
92.222.108.122,ipv4,malicious-ip,medium,WHITE,ziyadnz/hourly-ipv4,ziyadnz|hourly,2026-08-17T18:48:05Z,2026-08-17T18:48:05Z,
92.222.108.127,ipv4,malicious-ip,medium,WHITE,ziyadnz/hourly-ipv4,ziyadnz|hourly,2026-08-17T18:48:05Z,2026-08-17T18:48:05Z,
92.222.108.96,ipv4,malicious-ip,medium,WHITE,ziyadnz/hourly-ipv4,ziyadnz|hourly,2026-08-17T18:48:05Z,2026-08-17T18:48:05Z,
92.222.108.98,ipv4,malicious-ip,medium,WHITE,ziyadnz/hourly-ipv4,ziyadnz|hourly,2026-08-17T18:48:05Z,2026-08-17T18:48:05Z,
92.222.172.162,ipv4,malicious-ip,medium,WHITE,ziyadnz/hourly-ipv4,ziyadnz|hourly,2026-08-17T18:48:05Z,2026-08-17T18:48:05Z,
92.222.172.39,ipv4,malicious-ip,medium,WHITE,ziyadnz/hourly-ipv4,ziyadnz|hourly,2026-08-17T18:48:05Z,2026-08-17T18:48:05Z,
92.222.216.186,ipv4,malicious-ip,medium,WHITE,ziyadnz/hourly-ipv4,ziyadnz|hourly,2026-08-17T18:48:05Z,2026-08-17T18:48:05Z,
92.223.120.10,ipv4,malicious-ip,medium,WHITE,ziyadnz/hourly-ipv4,ziyadnz|hourly,2026-08-17T18:48:05Z,2026-08-17T18:48:05Z,
92.223.124.45,ipv4,malicious-ip,medium,WHITE,ziyadnz/hourly-ipv4,ziyadnz|hourly,2026-08-17T18:48:05Z,2026-08-17T18:48:05Z,
92.223.2.160,ipv4,malicious-ip,medium,WHITE,ziyadnz/hourly-ipv4,ziyadnz|hourly,2026-08-17T18:48:05Z,2026-08-17T18:48:05Z,
92.223.2.60,ipv4,malicious-ip,medium,WHITE,ziyadnz/hourly-ipv4,ziyadnz|hourly,2026-08-17T18:48:05Z,2026-08-17T18:48:05Z,
92.239.162.143,ipv4,malicious-ip,medium,WHITE,ziyadnz/hourly-ipv4,ziyadnz|hourly,2026-08-17T18:48:05Z,2026-08-17T18:48:05Z,
92.240.243.117,ipv4,malicious-ip,medium,WHITE,ziyadnz/hourly-ipv4,ziyadnz|hourly,2026-08-17T18:48:05Z,2026-08-17T18:48:05Z,
92.241.192.33,ipv4,malicious-ip,medium,WHITE,ziyadnz/hourly-ipv4,ziyadnz|hourly,2026-08-17T18:48:05Z,2026-08-17T18:48:05Z,
92.241.36.233,ipv4,malicious-ip,medium,WHITE,ziyadnz/hourly-ipv4,ziyadnz|hourly,2026-08-17T18:48:05Z,2026-08-17T18:48:05Z,
92.241.36.31,ipv4,malicious-ip,medium,WHITE,ziyadnz/hourly-ipv4,ziyadnz|hourly,2026-08-17T18:48:05Z,2026-08-17T18:48:05Z,
92.241.37.69,ipv4,malicious-ip,medium,WHITE,ziyadnz/hourly-ipv4,ziyadnz|hourly,2026-08-17T18:48:05Z,2026-08-17T18:48:05Z,
92.241.94.233,ipv4,malicious-ip,medium,WHITE,ziyadnz/hourly-ipv4,ziyadnz|hourly,2026-08-17T18:48:05Z,2026-08-17T18:48:05Z,
92.242.62.20,ipv4,malicious-ip,medium,WHITE,ziyadnz/hourly-ipv4,ziyadnz|hourly,2026-08-17T18:48:05Z,2026-08-17T18:48:05Z,
92.243.64.200,ipv4,malicious-ip,medium,WHITE,ziyadnz/hourly-ipv4,ziyadnz|hourly,2026-08-17T18:48:05Z,2026-08-17T18:48:05Z,
92.243.65.240,ipv4,malicious-ip,medium,WHITE,ziyadnz/hourly-ipv4,ziyadnz|hourly,2026-08-17T18:48:05Z,2026-08-17T18:48:05Z,
92.243.66.175,ipv4,malicious-ip,medium,WHITE,ziyadnz/hourly-ipv4,ziyadnz|hourly,2026-08-17T18:48:05Z,2026-08-17T18:48:05Z,
92.244.239.154,ipv4,malicious-ip,medium,WHITE,ziyadnz/hourly-ipv4,ziyadnz|hourly,2026-08-17T18:48:05Z,2026-08-17T18:48:05Z,
92.244.97.20,ipv4,malicious-ip,medium,WHITE,ziyadnz/hourly-ipv4,ziyadnz|hourly,2026-08-17T18:48:05Z,2026-08-17T18:48:05Z,
92.246.136.14,ipv4,malicious-ip,medium,WHITE,ziyadnz/hourly-ipv4,ziyadnz|hourly,2026-08-17T18:48:05Z,2026-08-17T18:48:05Z,
92.246.145.206,ipv4,malicious-ip,medium,WHITE,ziyadnz/hourly-ipv4,ziyadnz|hourly,2026-08-17T18:48:05Z,2026-08-17T18:48:05Z,
92.246.147.190,ipv4,malicious-ip,medium,WHITE,ziyadnz/hourly-ipv4,ziyadnz|hourly,2026-08-17T18:48:05Z,2026-08-17T18:48:05Z,
92.246.84.133,ipv4,malicious-ip,medium,WHITE,ziyadnz/hourly-ipv4,ziyadnz|hourly,2026-08-17T18:48:05Z,2026-08-17T18:48:05Z,
92.246.87.48,ipv4,malicious-ip,medium,WHITE,ziyadnz/hourly-ipv4,ziyadnz|hourly,2026-08-17T18:48:05Z,2026-08-17T18:48:05Z,
92.246.89.125,ipv4,malicious-ip,medium,WHITE,ziyadnz/hourly-ipv4,ziyadnz|hourly,2026-08-17T18:48:05Z,2026-08-17T18:48:05Z,
92.246.90.2,ipv4,malicious-ip,medium,WHITE,ziyadnz/hourly-ipv4,ziyadnz|hourly,2026-08-17T18:48:05Z,2026-08-17T18:48:05Z,
92.246.91.25,ipv4,malicious-ip,medium,WHITE,ziyadnz/hourly-ipv4,ziyadnz|hourly,2026-08-17T18:48:05Z,2026-08-17T18:48:05Z,
92.247.114.132,ipv4,malicious-ip,medium,WHITE,ziyadnz/hourly-ipv4,ziyadnz|hourly,2026-08-17T18:48:05Z,2026-08-17T18:48:05Z,
92.249.48.205,ipv4,malicious-ip,medium,WHITE,ziyadnz/hourly-ipv4,ziyadnz|hourly,2026-08-17T18:48:05Z,2026-08-17T18:48:05Z,
92.25.163.11,ipv4,malicious-ip,medium,WHITE,ziyadnz/hourly-ipv4,ziyadnz|hourly,2026-08-17T18:48:05Z,2026-08-17T18:48:05Z,
92.25.84.242,ipv4,malicious-ip,medium,WHITE,ziyadnz/hourly-ipv4,ziyadnz|hourly,2026-08-17T18:48:05Z,2026-08-17T18:48:05Z,
92.252.167.142,ipv4,malicious-ip,medium,WHITE,ziyadnz/hourly-ipv4,ziyadnz|hourly,2026-08-17T18:48:05Z,2026-08-17T18:48:05Z,
92.252.189.29,ipv4,malicious-ip,medium,WHITE,ziyadnz/hourly-ipv4,ziyadnz|hourly,2026-08-17T18:48:05Z,2026-08-17T18:48:05Z,
92.253.102.43,ipv4,malicious-ip,medium,WHITE,ziyadnz/hourly-ipv4,ziyadnz|hourly,2026-08-17T18:48:05Z,2026-08-17T18:48:05Z,
92.253.121.230,ipv4,malicious-ip,medium,WHITE,ziyadnz/hourly-ipv4,ziyadnz|hourly,2026-08-17T18:48:05Z,2026-08-17T18:48:05Z,
92.253.204.203,ipv4,malicious-ip,medium,WHITE,ziyadnz/hourly-ipv4,ziyadnz|hourly,2026-08-17T18:48:05Z,2026-08-17T18:48:05Z,
92.253.236.153,ipv4,malicious-ip,medium,WHITE,ziyadnz/hourly-ipv4,ziyadnz|hourly,2026-08-17T18:48:05Z,2026-08-17T18:48:05Z,
92.253.236.165,ipv4,malicious-ip,medium,WHITE,ziyadnz/hourly-ipv4,ziyadnz|hourly,2026-08-17T18:48:05Z,2026-08-17T18:48:05Z,
92.253.237.78,ipv4,malicious-ip,medium,WHITE,ziyadnz/hourly-ipv4,ziyadnz|hourly,2026-08-17T18:48:05Z,2026-08-17T18:48:05Z,
92.253.31.83,ipv4,malicious-ip,medium,WHITE,ziyadnz/hourly-ipv4,ziyadnz|hourly,2026-08-17T18:48:05Z,2026-08-17T18:48:05Z,
92.253.91.162,ipv4,malicious-ip,medium,WHITE,ziyadnz/hourly-ipv4,ziyadnz|hourly,2026-08-17T18:48:05Z,2026-08-17T18:48:05Z,
92.253.92.130,ipv4,malicious-ip,medium,WHITE,ziyadnz/hourly-ipv4,ziyadnz|hourly,2026-08-17T18:48:05Z,2026-08-17T18:48:05Z,
92.255.57.32,ipv4,malicious-ip,medium,WHITE,ziyadnz/hourly-ipv4,ziyadnz|hourly,2026-08-17T18:48:05Z,2026-08-17T18:48:05Z,
92.255.85.135,ipv4,malicious-ip,medium,WHITE,ziyadnz/hourly-ipv4,ziyadnz|hourly,2026-08-17T18:48:05Z,2026-08-17T18:48:05Z,
92.255.85.36,ipv4,malicious-ip,medium,WHITE,ziyadnz/hourly-ipv4,ziyadnz|hourly,2026-08-17T18:48:05Z,2026-08-17T18:48:05Z,
92.27.11.85,ipv4,malicious-ip,medium,WHITE,ziyadnz/hourly-ipv4,ziyadnz|hourly,2026-08-17T18:48:05Z,2026-08-17T18:48:05Z,
92.27.11.87,ipv4,malicious-ip,medium,WHITE,ziyadnz/hourly-ipv4,ziyadnz|hourly,2026-08-17T18:48:05Z,2026-08-17T18:48:05Z,
92.27.139.134,ipv4,malicious-ip,medium,WHITE,ziyadnz/hourly-ipv4,ziyadnz|hourly,2026-08-17T18:48:05Z,2026-08-17T18:48:05Z,
92.30.241.93,ipv4,malicious-ip,medium,WHITE,ziyadnz/hourly-ipv4,ziyadnz|hourly,2026-08-17T18:48:05Z,2026-08-17T18:48:05Z,
92.30.245.243,ipv4,malicious-ip,medium,WHITE,ziyadnz/hourly-ipv4,ziyadnz|hourly,2026-08-17T18:48:05Z,2026-08-17T18:48:05Z,
92.31.4.4,ipv4,malicious-ip,medium,WHITE,ziyadnz/hourly-ipv4,ziyadnz|hourly,2026-08-17T18:48:05Z,2026-08-17T18:48:05Z,
92.31.6.247,ipv4,malicious-ip,medium,WHITE,ziyadnz/hourly-ipv4,ziyadnz|hourly,2026-08-17T18:48:05Z,2026-08-17T18:48:05Z,
92.33.193.44,ipv4,malicious-ip,medium,WHITE,ziyadnz/hourly-ipv4,ziyadnz|hourly,2026-08-17T18:48:05Z,2026-08-17T18:48:05Z,
92.33.220.174,ipv4,malicious-ip,medium,WHITE,ziyadnz/hourly-ipv4,ziyadnz|hourly,2026-08-17T18:48:05Z,2026-08-17T18:48:05Z,
92.33.32.142,ipv4,malicious-ip,medium,WHITE,ziyadnz/hourly-ipv4,ziyadnz|hourly,2026-08-17T18:48:05Z,2026-08-17T18:48:05Z,
92.36.189.87,ipv4,malicious-ip,medium,WHITE,ziyadnz/hourly-ipv4,ziyadnz|hourly,2026-08-17T18:48:05Z,2026-08-17T18:48:05Z,
92.38.135.196,ipv4,malicious-ip,medium,WHITE,ziyadnz/hourly-ipv4,ziyadnz|hourly,2026-08-17T18:48:05Z,2026-08-17T18:48:05Z,
92.38.135.46,ipv4,malicious-ip,medium,WHITE,ziyadnz/hourly-ipv4,ziyadnz|hourly,2026-08-17T18:48:05Z,2026-08-17T18:48:05Z,
92.38.170.6,ipv4,malicious-ip,medium,WHITE,ziyadnz/hourly-ipv4,ziyadnz|hourly,2026-08-17T18:48:05Z,2026-08-17T18:48:05Z,
92.38.176.252,ipv4,malicious-ip,medium,WHITE,ziyadnz/hourly-ipv4,ziyadnz|hourly,2026-08-17T18:48:05Z,2026-08-17T18:48:05Z,
92.38.186.110,ipv4,malicious-ip,medium,WHITE,ziyadnz/hourly-ipv4,ziyadnz|hourly,2026-08-17T18:48:05Z,2026-08-17T18:48:05Z,
92.38.39.27,ipv4,malicious-ip,medium,WHITE,ziyadnz/hourly-ipv4,ziyadnz|hourly,2026-08-17T18:48:05Z,2026-08-17T18:48:05Z,
92.38.39.36,ipv4,malicious-ip,medium,WHITE,ziyadnz/hourly-ipv4,ziyadnz|hourly,2026-08-17T18:48:05Z,2026-08-17T18:48:05Z,
92.38.5.10,ipv4,malicious-ip,medium,WHITE,ziyadnz/hourly-ipv4,ziyadnz|hourly,2026-08-17T18:48:05Z,2026-08-17T18:48:05Z,
92.39.184.3,ipv4,malicious-ip,medium,WHITE,ziyadnz/hourly-ipv4,ziyadnz|hourly,2026-08-17T18:48:05Z,2026-08-17T18:48:05Z,
92.4.66.159,ipv4,malicious-ip,medium,WHITE,ziyadnz/hourly-ipv4,ziyadnz|hourly,2026-08-17T18:48:05Z,2026-08-17T18:48:05Z,
92.40.176.241,ipv4,malicious-ip,medium,WHITE,ziyadnz/hourly-ipv4,ziyadnz|hourly,2026-08-17T18:48:05Z,2026-08-17T18:48:05Z,
92.40.176.4,ipv4,malicious-ip,medium,WHITE,ziyadnz/hourly-ipv4,ziyadnz|hourly,2026-08-17T18:48:05Z,2026-08-17T18:48:05Z,
92.42.100.131,ipv4,malicious-ip,medium,WHITE,ziyadnz/hourly-ipv4,ziyadnz|hourly,2026-08-17T18:48:05Z,2026-08-17T18:48:05Z,
92.42.33.3,ipv4,malicious-ip,medium,WHITE,ziyadnz/hourly-ipv4,ziyadnz|hourly,2026-08-17T18:48:05Z,2026-08-17T18:48:05Z,
92.42.45.81,ipv4,malicious-ip,medium,WHITE,ziyadnz/hourly-ipv4,ziyadnz|hourly,2026-08-17T18:48:05Z,2026-08-17T18:48:05Z,
92.43.24.71,ipv4,malicious-ip,medium,WHITE,ziyadnz/hourly-ipv4,ziyadnz|hourly,2026-08-17T18:48:05Z,2026-08-17T18:48:05Z,
92.44.23.145,ipv4,malicious-ip,medium,WHITE,ziyadnz/hourly-ipv4,ziyadnz|hourly,2026-08-17T18:48:05Z,2026-08-17T18:48:05Z,
92.46.160.176,ipv4,malicious-ip,medium,WHITE,ziyadnz/hourly-ipv4,ziyadnz|hourly,2026-08-17T18:48:05Z,2026-08-17T18:48:05Z,
92.46.38.225,ipv4,malicious-ip,medium,WHITE,ziyadnz/hourly-ipv4,ziyadnz|hourly,2026-08-17T18:48:05Z,2026-08-17T18:48:05Z,
92.46.38.226,ipv4,malicious-ip,medium,WHITE,ziyadnz/hourly-ipv4,ziyadnz|hourly,2026-08-17T18:48:05Z,2026-08-17T18:48:05Z,
92.46.45.74,ipv4,malicious-ip,medium,WHITE,ziyadnz/hourly-ipv4,ziyadnz|hourly,2026-08-17T18:48:05Z,2026-08-17T18:48:05Z,
92.46.55.130,ipv4,malicious-ip,medium,WHITE,ziyadnz/hourly-ipv4,ziyadnz|hourly,2026-08-17T18:48:05Z,2026-08-17T18:48:05Z,
92.46.71.98,ipv4,malicious-ip,medium,WHITE,ziyadnz/hourly-ipv4,ziyadnz|hourly,2026-08-17T18:48:05Z,2026-08-17T18:48:05Z,
92.47.141.46,ipv4,malicious-ip,medium,WHITE,ziyadnz/hourly-ipv4,ziyadnz|hourly,2026-08-17T18:48:05Z,2026-08-17T18:48:05Z,
92.47.171.45,ipv4,malicious-ip,medium,WHITE,ziyadnz/hourly-ipv4,ziyadnz|hourly,2026-08-17T18:48:05Z,2026-08-17T18:48:05Z,
92.49.105.237,ipv4,malicious-ip,medium,WHITE,ziyadnz/hourly-ipv4,ziyadnz|hourly,2026-08-17T18:48:05Z,2026-08-17T18:48:05Z,
92.5.22.41,ipv4,malicious-ip,medium,WHITE,ziyadnz/hourly-ipv4,ziyadnz|hourly,2026-08-17T18:48:05Z,2026-08-17T18:48:05Z,
92.50.89.157,ipv4,malicious-ip,medium,WHITE,ziyadnz/hourly-ipv4,ziyadnz|hourly,2026-08-17T18:48:05Z,2026-08-17T18:48:05Z,
92.51.21.96,ipv4,malicious-ip,medium,WHITE,ziyadnz/hourly-ipv4,ziyadnz|hourly,2026-08-17T18:48:05Z,2026-08-17T18:48:05Z,
92.51.22.34,ipv4,malicious-ip,medium,WHITE,ziyadnz/hourly-ipv4,ziyadnz|hourly,2026-08-17T18:48:05Z,2026-08-17T18:48:05Z,
92.51.72.126,ipv4,malicious-ip,medium,WHITE,ziyadnz/hourly-ipv4,ziyadnz|hourly,2026-08-17T18:48:05Z,2026-08-17T18:48:05Z,
92.52.130.73,ipv4,malicious-ip,medium,WHITE,ziyadnz/hourly-ipv4,ziyadnz|hourly,2026-08-17T18:48:05Z,2026-08-17T18:48:05Z,
92.52.174.54,ipv4,malicious-ip,medium,WHITE,ziyadnz/hourly-ipv4,ziyadnz|hourly,2026-08-17T18:48:05Z,2026-08-17T18:48:05Z,
92.53.73.69,ipv4,malicious-ip,medium,WHITE,ziyadnz/hourly-ipv4,ziyadnz|hourly,2026-08-17T18:48:05Z,2026-08-17T18:48:05Z,
92.53.96.4,ipv4,malicious-ip,medium,WHITE,ziyadnz/hourly-ipv4,ziyadnz|hourly,2026-08-17T18:48:05Z,2026-08-17T18:48:05Z,
92.54.254.122,ipv4,malicious-ip,medium,WHITE,ziyadnz/hourly-ipv4,ziyadnz|hourly,2026-08-17T18:48:05Z,2026-08-17T18:48:05Z,
92.55.226.127,ipv4,malicious-ip,medium,WHITE,ziyadnz/hourly-ipv4,ziyadnz|hourly,2026-08-17T18:48:05Z,2026-08-17T18:48:05Z,
92.55.226.249,ipv4,malicious-ip,medium,WHITE,ziyadnz/hourly-ipv4,ziyadnz|hourly,2026-08-17T18:48:05Z,2026-08-17T18:48:05Z,
92.55.226.42,ipv4,malicious-ip,medium,WHITE,ziyadnz/hourly-ipv4,ziyadnz|hourly,2026-08-17T18:48:05Z,2026-08-17T18:48:05Z,
92.60.127.23,ipv4,malicious-ip,medium,WHITE,ziyadnz/hourly-ipv4,ziyadnz|hourly,2026-08-17T18:48:05Z,2026-08-17T18:48:05Z,
92.60.179.174,ipv4,malicious-ip,medium,WHITE,ziyadnz/hourly-ipv4,ziyadnz|hourly,2026-08-17T18:48:05Z,2026-08-17T18:48:05Z,
92.60.194.108,ipv4,malicious-ip,medium,WHITE,ziyadnz/hourly-ipv4,ziyadnz|hourly,2026-08-17T18:48:05Z,2026-08-17T18:48:05Z,
92.60.40.197,ipv4,malicious-ip,medium,WHITE,ziyadnz/hourly-ipv4,ziyadnz|hourly,2026-08-17T18:48:05Z,2026-08-17T18:48:05Z,
92.62.246.38,ipv4,malicious-ip,medium,WHITE,ziyadnz/hourly-ipv4,ziyadnz|hourly,2026-08-17T18:48:05Z,2026-08-17T18:48:05Z,
92.62.251.17,ipv4,malicious-ip,medium,WHITE,ziyadnz/hourly-ipv4,ziyadnz|hourly,2026-08-17T18:48:05Z,2026-08-17T18:48:05Z,
92.63.101.203,ipv4,malicious-ip,medium,WHITE,ziyadnz/hourly-ipv4,ziyadnz|hourly,2026-08-17T18:48:05Z,2026-08-17T18:48:05Z,
92.63.197.133,ipv4,malicious-ip,medium,WHITE,ziyadnz/hourly-ipv4,ziyadnz|hourly,2026-08-17T18:48:05Z,2026-08-17T18:48:05Z,
92.63.197.197,ipv4,malicious-ip,medium,WHITE,ziyadnz/hourly-ipv4,ziyadnz|hourly,2026-08-17T18:48:05Z,2026-08-17T18:48:05Z,
92.63.197.5,ipv4,malicious-ip,medium,WHITE,ziyadnz/hourly-ipv4,ziyadnz|hourly,2026-08-17T18:48:05Z,2026-08-17T18:48:05Z,
92.63.224.78,ipv4,malicious-ip,medium,WHITE,ziyadnz/hourly-ipv4,ziyadnz|hourly,2026-08-17T18:48:05Z,2026-08-17T18:48:05Z,
92.63.97.155,ipv4,malicious-ip,medium,WHITE,ziyadnz/hourly-ipv4,ziyadnz|hourly,2026-08-17T18:48:05Z,2026-08-17T18:48:05Z,
92.66.72.172,ipv4,malicious-ip,medium,WHITE,ziyadnz/hourly-ipv4,ziyadnz|hourly,2026-08-17T18:48:05Z,2026-08-17T18:48:05Z,
92.67.13.123,ipv4,malicious-ip,medium,WHITE,ziyadnz/hourly-ipv4,ziyadnz|hourly,2026-08-17T18:48:05Z,2026-08-17T18:48:05Z,
92.68.11.140,ipv4,malicious-ip,medium,WHITE,ziyadnz/hourly-ipv4,ziyadnz|hourly,2026-08-17T18:48:05Z,2026-08-17T18:48:05Z,
92.84.21.186,ipv4,malicious-ip,medium,WHITE,ziyadnz/hourly-ipv4,ziyadnz|hourly,2026-08-17T18:48:05Z,2026-08-17T18:48:05Z,
92.86.8.178,ipv4,malicious-ip,medium,WHITE,ziyadnz/hourly-ipv4,ziyadnz|hourly,2026-08-17T18:48:05Z,2026-08-17T18:48:05Z,
92.88.98.199,ipv4,malicious-ip,medium,WHITE,ziyadnz/hourly-ipv4,ziyadnz|hourly,2026-08-17T18:48:05Z,2026-08-17T18:48:05Z,
92.91.233.63,ipv4,malicious-ip,medium,WHITE,ziyadnz/hourly-ipv4,ziyadnz|hourly,2026-08-17T18:48:05Z,2026-08-17T18:48:05Z,
92.92.126.203,ipv4,malicious-ip,medium,WHITE,ziyadnz/hourly-ipv4,ziyadnz|hourly,2026-08-17T18:48:05Z,2026-08-17T18:48:05Z,
92.92.129.31,ipv4,malicious-ip,medium,WHITE,ziyadnz/hourly-ipv4,ziyadnz|hourly,2026-08-17T18:48:05Z,2026-08-17T18:48:05Z,
92.95.230.142,ipv4,malicious-ip,medium,WHITE,ziyadnz/hourly-ipv4,ziyadnz|hourly,2026-08-17T18:48:05Z,2026-08-17T18:48:05Z,
92.96.10.156,ipv4,malicious-ip,medium,WHITE,ziyadnz/hourly-ipv4,ziyadnz|hourly,2026-08-17T18:48:05Z,2026-08-17T18:48:05Z,
92.96.192.123,ipv4,malicious-ip,medium,WHITE,ziyadnz/hourly-ipv4,ziyadnz|hourly,2026-08-17T18:48:05Z,2026-08-17T18:48:05Z,
92.96.25.218,ipv4,malicious-ip,medium,WHITE,ziyadnz/hourly-ipv4,ziyadnz|hourly,2026-08-17T18:48:05Z,2026-08-17T18:48:05Z,
92.97.17.249,ipv4,malicious-ip,medium,WHITE,ziyadnz/hourly-ipv4,ziyadnz|hourly,2026-08-17T18:48:05Z,2026-08-17T18:48:05Z,
92.97.245.182,ipv4,malicious-ip,medium,WHITE,ziyadnz/hourly-ipv4,ziyadnz|hourly,2026-08-17T18:48:05Z,2026-08-17T18:48:05Z,
92.97.77.13,ipv4,malicious-ip,medium,WHITE,ziyadnz/hourly-ipv4,ziyadnz|hourly,2026-08-17T18:48:05Z,2026-08-17T18:48:05Z,
92.97.97.18,ipv4,malicious-ip,medium,WHITE,ziyadnz/hourly-ipv4,ziyadnz|hourly,2026-08-17T18:48:05Z,2026-08-17T18:48:05Z,
92.98.13.147,ipv4,malicious-ip,medium,WHITE,ziyadnz/hourly-ipv4,ziyadnz|hourly,2026-08-17T18:48:05Z,2026-08-17T18:48:05Z,
92.98.52.47,ipv4,malicious-ip,medium,WHITE,ziyadnz/hourly-ipv4,ziyadnz|hourly,2026-08-17T18:48:05Z,2026-08-17T18:48:05Z,
92.99.113.85,ipv4,malicious-ip,medium,WHITE,ziyadnz/hourly-ipv4,ziyadnz|hourly,2026-08-17T18:48:05Z,2026-08-17T18:48:05Z,
92.99.114.231,ipv4,malicious-ip,medium,WHITE,ziyadnz/hourly-ipv4,ziyadnz|hourly,2026-08-17T18:48:05Z,2026-08-17T18:48:05Z,
92.99.128.129,ipv4,malicious-ip,medium,WHITE,ziyadnz/hourly-ipv4,ziyadnz|hourly,2026-08-17T18:48:05Z,2026-08-17T18:48:05Z,
92.99.244.64,ipv4,malicious-ip,medium,WHITE,ziyadnz/hourly-ipv4,ziyadnz|hourly,2026-08-17T18:48:05Z,2026-08-17T18:48:05Z,
92.99.40.253,ipv4,malicious-ip,medium,WHITE,ziyadnz/hourly-ipv4,ziyadnz|hourly,2026-08-17T18:48:05Z,2026-08-17T18:48:05Z,
92.99.74.70,ipv4,malicious-ip,medium,WHITE,ziyadnz/hourly-ipv4,ziyadnz|hourly,2026-08-17T18:48:05Z,2026-08-17T18:48:05Z,
93.100.98.162,ipv4,malicious-ip,medium,WHITE,ziyadnz/hourly-ipv4,ziyadnz|hourly,2026-08-17T18:48:05Z,2026-08-17T18:48:05Z,
93.103.225.83,ipv4,malicious-ip,medium,WHITE,ziyadnz/hourly-ipv4,ziyadnz|hourly,2026-08-17T18:48:05Z,2026-08-17T18:48:05Z,
93.105.185.139,ipv4,malicious-ip,medium,WHITE,ziyadnz/hourly-ipv4,ziyadnz|hourly,2026-08-17T18:48:05Z,2026-08-17T18:48:05Z,
93.109.229.6,ipv4,malicious-ip,medium,WHITE,ziyadnz/hourly-ipv4,ziyadnz|hourly,2026-08-17T18:48:05Z,2026-08-17T18:48:05Z,
93.113.10.194,ipv4,malicious-ip,medium,WHITE,ziyadnz/hourly-ipv4,ziyadnz|hourly,2026-08-17T18:48:05Z,2026-08-17T18:48:05Z,
93.113.180.125,ipv4,malicious-ip,medium,WHITE,ziyadnz/hourly-ipv4,ziyadnz|hourly,2026-08-17T18:48:05Z,2026-08-17T18:48:05Z,
93.113.25.109,ipv4,malicious-ip,medium,WHITE,ziyadnz/hourly-ipv4,ziyadnz|hourly,2026-08-17T18:48:05Z,2026-08-17T18:48:05Z,
93.113.25.114,ipv4,malicious-ip,medium,WHITE,ziyadnz/hourly-ipv4,ziyadnz|hourly,2026-08-17T18:48:05Z,2026-08-17T18:48:05Z,
93.113.25.46,ipv4,malicious-ip,medium,WHITE,ziyadnz/hourly-ipv4,ziyadnz|hourly,2026-08-17T18:48:05Z,2026-08-17T18:48:05Z,
93.114.194.159,ipv4,malicious-ip,medium,WHITE,ziyadnz/hourly-ipv4,ziyadnz|hourly,2026-08-17T18:48:05Z,2026-08-17T18:48:05Z,
93.115.10.40,ipv4,malicious-ip,medium,WHITE,ziyadnz/hourly-ipv4,ziyadnz|hourly,2026-08-17T18:48:05Z,2026-08-17T18:48:05Z,
93.115.172.41,ipv4,malicious-ip,medium,WHITE,ziyadnz/hourly-ipv4,ziyadnz|hourly,2026-08-17T18:48:05Z,2026-08-17T18:48:05Z,
93.115.29.187,ipv4,malicious-ip,medium,WHITE,ziyadnz/hourly-ipv4,ziyadnz|hourly,2026-08-17T18:48:05Z,2026-08-17T18:48:05Z,
93.115.29.50,ipv4,malicious-ip,medium,WHITE,ziyadnz/hourly-ipv4,ziyadnz|hourly,2026-08-17T18:48:05Z,2026-08-17T18:48:05Z,
93.116.1.220,ipv4,malicious-ip,medium,WHITE,ziyadnz/hourly-ipv4,ziyadnz|hourly,2026-08-17T18:48:05Z,2026-08-17T18:48:05Z,
93.118.132.228,ipv4,malicious-ip,medium,WHITE,ziyadnz/hourly-ipv4,ziyadnz|hourly,2026-08-17T18:48:05Z,2026-08-17T18:48:05Z,
93.118.134.53,ipv4,malicious-ip,medium,WHITE,ziyadnz/hourly-ipv4,ziyadnz|hourly,2026-08-17T18:48:05Z,2026-08-17T18:48:05Z,
93.118.158.96,ipv4,malicious-ip,medium,WHITE,ziyadnz/hourly-ipv4,ziyadnz|hourly,2026-08-17T18:48:05Z,2026-08-17T18:48:05Z,
93.118.163.206,ipv4,malicious-ip,medium,WHITE,ziyadnz/hourly-ipv4,ziyadnz|hourly,2026-08-17T18:48:05Z,2026-08-17T18:48:05Z,
93.120.233.210,ipv4,malicious-ip,medium,WHITE,ziyadnz/hourly-ipv4,ziyadnz|hourly,2026-08-17T18:48:05Z,2026-08-17T18:48:05Z,
93.120.249.146,ipv4,malicious-ip,medium,WHITE,ziyadnz/hourly-ipv4,ziyadnz|hourly,2026-08-17T18:48:05Z,2026-08-17T18:48:05Z,
93.123.109.0,ipv4,malicious-ip,medium,WHITE,ziyadnz/hourly-ipv4,ziyadnz|hourly,2026-08-17T18:48:05Z,2026-08-17T18:48:05Z,
93.123.109.10,ipv4,malicious-ip,medium,WHITE,ziyadnz/hourly-ipv4,ziyadnz|hourly,2026-08-17T18:48:05Z,2026-08-17T18:48:05Z,
93.123.109.102,ipv4,malicious-ip,medium,WHITE,ziyadnz/hourly-ipv4,ziyadnz|hourly,2026-08-17T18:48:05Z,2026-08-17T18:48:05Z,
93.123.109.110,ipv4,malicious-ip,medium,WHITE,ziyadnz/hourly-ipv4,ziyadnz|hourly,2026-08-17T18:48:05Z,2026-08-17T18:48:05Z,
93.123.109.120,ipv4,malicious-ip,medium,WHITE,ziyadnz/hourly-ipv4,ziyadnz|hourly,2026-08-17T18:48:05Z,2026-08-17T18:48:05Z,
93.123.109.122,ipv4,malicious-ip,medium,WHITE,ziyadnz/hourly-ipv4,ziyadnz|hourly,2026-08-17T18:48:05Z,2026-08-17T18:48:05Z,
93.123.109.123,ipv4,malicious-ip,medium,WHITE,ziyadnz/hourly-ipv4,ziyadnz|hourly,2026-08-17T18:48:05Z,2026-08-17T18:48:05Z,
93.123.109.124,ipv4,malicious-ip,medium,WHITE,ziyadnz/hourly-ipv4,ziyadnz|hourly,2026-08-17T18:48:05Z,2026-08-17T18:48:05Z,
93.123.109.125,ipv4,malicious-ip,medium,WHITE,ziyadnz/hourly-ipv4,ziyadnz|hourly,2026-08-17T18:48:05Z,2026-08-17T18:48:05Z,
93.123.109.126,ipv4,malicious-ip,medium,WHITE,ziyadnz/hourly-ipv4,ziyadnz|hourly,2026-08-17T18:48:05Z,2026-08-17T18:48:05Z,
93.123.109.163,ipv4,malicious-ip,medium,WHITE,ziyadnz/hourly-ipv4,ziyadnz|hourly,2026-08-17T18:48:05Z,2026-08-17T18:48:05Z,
93.123.109.164,ipv4,malicious-ip,medium,WHITE,ziyadnz/hourly-ipv4,ziyadnz|hourly,2026-08-17T18:48:05Z,2026-08-17T18:48:05Z,
93.123.109.166,ipv4,malicious-ip,medium,WHITE,ziyadnz/hourly-ipv4,ziyadnz|hourly,2026-08-17T18:48:05Z,2026-08-17T18:48:05Z,
93.123.109.167,ipv4,malicious-ip,medium,WHITE,ziyadnz/hourly-ipv4,ziyadnz|hourly,2026-08-17T18:48:05Z,2026-08-17T18:48:05Z,
93.123.109.178,ipv4,malicious-ip,medium,WHITE,ziyadnz/hourly-ipv4,ziyadnz|hourly,2026-08-17T18:48:05Z,2026-08-17T18:48:05Z,
93.123.109.188,ipv4,malicious-ip,medium,WHITE,ziyadnz/hourly-ipv4,ziyadnz|hourly,2026-08-17T18:48:05Z,2026-08-17T18:48:05Z,
93.123.109.205,ipv4,malicious-ip,medium,WHITE,ziyadnz/hourly-ipv4,ziyadnz|hourly,2026-08-17T18:48:05Z,2026-08-17T18:48:05Z,
93.123.109.234,ipv4,malicious-ip,medium,WHITE,ziyadnz/hourly-ipv4,ziyadnz|hourly,2026-08-17T18:48:05Z,2026-08-17T18:48:05Z,
93.123.109.28,ipv4,malicious-ip,medium,WHITE,ziyadnz/hourly-ipv4,ziyadnz|hourly,2026-08-17T18:48:05Z,2026-08-17T18:48:05Z,
93.123.109.30,ipv4,malicious-ip,medium,WHITE,ziyadnz/hourly-ipv4,ziyadnz|hourly,2026-08-17T18:48:05Z,2026-08-17T18:48:05Z,
93.123.109.67,ipv4,malicious-ip,medium,WHITE,ziyadnz/hourly-ipv4,ziyadnz|hourly,2026-08-17T18:48:05Z,2026-08-17T18:48:05Z,
93.123.118.15,ipv4,malicious-ip,medium,WHITE,ziyadnz/hourly-ipv4,ziyadnz|hourly,2026-08-17T18:48:05Z,2026-08-17T18:48:05Z,
93.123.17.151,ipv4,malicious-ip,medium,WHITE,ziyadnz/hourly-ipv4,ziyadnz|hourly,2026-08-17T18:48:05Z,2026-08-17T18:48:05Z,
93.123.39.111,ipv4,malicious-ip,medium,WHITE,ziyadnz/hourly-ipv4,ziyadnz|hourly,2026-08-17T18:48:05Z,2026-08-17T18:48:05Z,
93.123.39.173,ipv4,malicious-ip,medium,WHITE,ziyadnz/hourly-ipv4,ziyadnz|hourly,2026-08-17T18:48:05Z,2026-08-17T18:48:05Z,
93.123.39.72,ipv4,malicious-ip,medium,WHITE,ziyadnz/hourly-ipv4,ziyadnz|hourly,2026-08-17T18:48:05Z,2026-08-17T18:48:05Z,
93.123.39.87,ipv4,malicious-ip,medium,WHITE,ziyadnz/hourly-ipv4,ziyadnz|hourly,2026-08-17T18:48:05Z,2026-08-17T18:48:05Z,
93.123.72.132,ipv4,malicious-ip,medium,WHITE,ziyadnz/hourly-ipv4,ziyadnz|hourly,2026-08-17T18:48:05Z,2026-08-17T18:48:05Z,
93.123.84.201,ipv4,malicious-ip,medium,WHITE,ziyadnz/hourly-ipv4,ziyadnz|hourly,2026-08-17T18:48:05Z,2026-08-17T18:48:05Z,
93.123.85.123,ipv4,malicious-ip,medium,WHITE,ziyadnz/hourly-ipv4,ziyadnz|hourly,2026-08-17T18:48:05Z,2026-08-17T18:48:05Z,
93.123.85.135,ipv4,malicious-ip,medium,WHITE,ziyadnz/hourly-ipv4,ziyadnz|hourly,2026-08-17T18:48:05Z,2026-08-17T18:48:05Z,
93.123.85.142,ipv4,malicious-ip,medium,WHITE,ziyadnz/hourly-ipv4,ziyadnz|hourly,2026-08-17T18:48:05Z,2026-08-17T18:48:05Z,
93.123.85.149,ipv4,malicious-ip,medium,WHITE,ziyadnz/hourly-ipv4,ziyadnz|hourly,2026-08-17T18:48:05Z,2026-08-17T18:48:05Z,
93.123.85.184,ipv4,malicious-ip,medium,WHITE,ziyadnz/hourly-ipv4,ziyadnz|hourly,2026-08-17T18:48:05Z,2026-08-17T18:48:05Z,
93.123.85.213,ipv4,malicious-ip,medium,WHITE,ziyadnz/hourly-ipv4,ziyadnz|hourly,2026-08-17T18:48:05Z,2026-08-17T18:48:05Z,
93.124.93.154,ipv4,malicious-ip,medium,WHITE,ziyadnz/hourly-ipv4,ziyadnz|hourly,2026-08-17T18:48:05Z,2026-08-17T18:48:05Z,
93.125.114.57,ipv4,malicious-ip,medium,WHITE,ziyadnz/hourly-ipv4,ziyadnz|hourly,2026-08-17T18:48:05Z,2026-08-17T18:48:05Z,
93.125.3.29,ipv4,malicious-ip,medium,WHITE,ziyadnz/hourly-ipv4,ziyadnz|hourly,2026-08-17T18:48:05Z,2026-08-17T18:48:05Z,
93.126.17.243,ipv4,malicious-ip,medium,WHITE,ziyadnz/hourly-ipv4,ziyadnz|hourly,2026-08-17T18:48:05Z,2026-08-17T18:48:05Z,
93.126.92.39,ipv4,malicious-ip,medium,WHITE,ziyadnz/hourly-ipv4,ziyadnz|hourly,2026-08-17T18:48:05Z,2026-08-17T18:48:05Z,
93.127.129.201,ipv4,malicious-ip,medium,WHITE,ziyadnz/hourly-ipv4,ziyadnz|hourly,2026-08-17T18:48:05Z,2026-08-17T18:48:05Z,
93.127.129.31,ipv4,malicious-ip,medium,WHITE,ziyadnz/hourly-ipv4,ziyadnz|hourly,2026-08-17T18:48:05Z,2026-08-17T18:48:05Z,
93.127.134.170,ipv4,malicious-ip,medium,WHITE,ziyadnz/hourly-ipv4,ziyadnz|hourly,2026-08-17T18:48:05Z,2026-08-17T18:48:05Z,
93.127.200.211,ipv4,malicious-ip,medium,WHITE,ziyadnz/hourly-ipv4,ziyadnz|hourly,2026-08-17T18:48:05Z,2026-08-17T18:48:05Z,
93.131.107.50,ipv4,malicious-ip,medium,WHITE,ziyadnz/hourly-ipv4,ziyadnz|hourly,2026-08-17T18:48:05Z,2026-08-17T18:48:05Z,
93.138.227.140,ipv4,malicious-ip,medium,WHITE,ziyadnz/hourly-ipv4,ziyadnz|hourly,2026-08-17T18:48:05Z,2026-08-17T18:48:05Z,
93.14.117.117,ipv4,malicious-ip,medium,WHITE,ziyadnz/hourly-ipv4,ziyadnz|hourly,2026-08-17T18:48:05Z,2026-08-17T18:48:05Z,
93.147.228.249,ipv4,malicious-ip,medium,WHITE,ziyadnz/hourly-ipv4,ziyadnz|hourly,2026-08-17T18:48:05Z,2026-08-17T18:48:05Z,
93.148.242.102,ipv4,malicious-ip,medium,WHITE,ziyadnz/hourly-ipv4,ziyadnz|hourly,2026-08-17T18:48:05Z,2026-08-17T18:48:05Z,
93.149.133.29,ipv4,malicious-ip,medium,WHITE,ziyadnz/hourly-ipv4,ziyadnz|hourly,2026-08-17T18:48:05Z,2026-08-17T18:48:05Z,
93.149.170.92,ipv4,malicious-ip,medium,WHITE,ziyadnz/hourly-ipv4,ziyadnz|hourly,2026-08-17T18:48:05Z,2026-08-17T18:48:05Z,
93.152.205.81,ipv4,malicious-ip,medium,WHITE,ziyadnz/hourly-ipv4,ziyadnz|hourly,2026-08-17T18:48:05Z,2026-08-17T18:48:05Z,
93.152.221.0,ipv4,malicious-ip,medium,WHITE,ziyadnz/hourly-ipv4,ziyadnz|hourly,2026-08-17T18:48:05Z,2026-08-17T18:48:05Z,
93.152.221.201,ipv4,malicious-ip,medium,WHITE,ziyadnz/hourly-ipv4,ziyadnz|hourly,2026-08-17T18:48:05Z,2026-08-17T18:48:05Z,
93.152.221.213,ipv4,malicious-ip,medium,WHITE,ziyadnz/hourly-ipv4,ziyadnz|hourly,2026-08-17T18:48:05Z,2026-08-17T18:48:05Z,
93.152.221.50,ipv4,malicious-ip,medium,WHITE,ziyadnz/hourly-ipv4,ziyadnz|hourly,2026-08-17T18:48:05Z,2026-08-17T18:48:05Z,
93.152.221.61,ipv4,malicious-ip,medium,WHITE,ziyadnz/hourly-ipv4,ziyadnz|hourly,2026-08-17T18:48:05Z,2026-08-17T18:48:05Z,
93.152.221.76,ipv4,malicious-ip,medium,WHITE,ziyadnz/hourly-ipv4,ziyadnz|hourly,2026-08-17T18:48:05Z,2026-08-17T18:48:05Z,
93.152.224.167,ipv4,malicious-ip,medium,WHITE,ziyadnz/hourly-ipv4,ziyadnz|hourly,2026-08-17T18:48:05Z,2026-08-17T18:48:05Z,
93.152.224.221,ipv4,malicious-ip,medium,WHITE,ziyadnz/hourly-ipv4,ziyadnz|hourly,2026-08-17T18:48:05Z,2026-08-17T18:48:05Z,
93.152.224.29,ipv4,malicious-ip,medium,WHITE,ziyadnz/hourly-ipv4,ziyadnz|hourly,2026-08-17T18:48:05Z,2026-08-17T18:48:05Z,
93.152.224.9,ipv4,malicious-ip,medium,WHITE,ziyadnz/hourly-ipv4,ziyadnz|hourly,2026-08-17T18:48:05Z,2026-08-17T18:48:05Z,
93.152.230.54,ipv4,malicious-ip,medium,WHITE,ziyadnz/hourly-ipv4,ziyadnz|hourly,2026-08-17T18:48:05Z,2026-08-17T18:48:05Z,
93.152.230.79,ipv4,malicious-ip,medium,WHITE,ziyadnz/hourly-ipv4,ziyadnz|hourly,2026-08-17T18:48:05Z,2026-08-17T18:48:05Z,
93.157.248.108,ipv4,malicious-ip,medium,WHITE,ziyadnz/hourly-ipv4,ziyadnz|hourly,2026-08-17T18:48:05Z,2026-08-17T18:48:05Z,
93.157.248.178,ipv4,malicious-ip,medium,WHITE,ziyadnz/hourly-ipv4,ziyadnz|hourly,2026-08-17T18:48:05Z,2026-08-17T18:48:05Z,
93.158.165.179,ipv4,malicious-ip,medium,WHITE,ziyadnz/hourly-ipv4,ziyadnz|hourly,2026-08-17T18:48:05Z,2026-08-17T18:48:05Z,
93.158.213.230,ipv4,malicious-ip,medium,WHITE,ziyadnz/hourly-ipv4,ziyadnz|hourly,2026-08-17T18:48:05Z,2026-08-17T18:48:05Z,
93.158.213.250,ipv4,malicious-ip,medium,WHITE,ziyadnz/hourly-ipv4,ziyadnz|hourly,2026-08-17T18:48:05Z,2026-08-17T18:48:05Z,
93.158.90.147,ipv4,malicious-ip,medium,WHITE,ziyadnz/hourly-ipv4,ziyadnz|hourly,2026-08-17T18:48:05Z,2026-08-17T18:48:05Z,
93.158.90.155,ipv4,malicious-ip,medium,WHITE,ziyadnz/hourly-ipv4,ziyadnz|hourly,2026-08-17T18:48:05Z,2026-08-17T18:48:05Z,
93.158.90.156,ipv4,malicious-ip,medium,WHITE,ziyadnz/hourly-ipv4,ziyadnz|hourly,2026-08-17T18:48:05Z,2026-08-17T18:48:05Z,
93.158.90.163,ipv4,malicious-ip,medium,WHITE,ziyadnz/hourly-ipv4,ziyadnz|hourly,2026-08-17T18:48:05Z,2026-08-17T18:48:05Z,
93.158.90.169,ipv4,malicious-ip,medium,WHITE,ziyadnz/hourly-ipv4,ziyadnz|hourly,2026-08-17T18:48:05Z,2026-08-17T18:48:05Z,
93.158.90.17,ipv4,malicious-ip,medium,WHITE,ziyadnz/hourly-ipv4,ziyadnz|hourly,2026-08-17T18:48:05Z,2026-08-17T18:48:05Z,
93.158.90.222,ipv4,malicious-ip,medium,WHITE,ziyadnz/hourly-ipv4,ziyadnz|hourly,2026-08-17T18:48:05Z,2026-08-17T18:48:05Z,
93.158.90.227,ipv4,malicious-ip,medium,WHITE,ziyadnz/hourly-ipv4,ziyadnz|hourly,2026-08-17T18:48:05Z,2026-08-17T18:48:05Z,
93.158.90.232,ipv4,malicious-ip,medium,WHITE,ziyadnz/hourly-ipv4,ziyadnz|hourly,2026-08-17T18:48:05Z,2026-08-17T18:48:05Z,
93.158.90.235,ipv4,malicious-ip,medium,WHITE,ziyadnz/hourly-ipv4,ziyadnz|hourly,2026-08-17T18:48:05Z,2026-08-17T18:48:05Z,
93.158.90.244,ipv4,malicious-ip,medium,WHITE,ziyadnz/hourly-ipv4,ziyadnz|hourly,2026-08-17T18:48:05Z,2026-08-17T18:48:05Z,
93.158.90.246,ipv4,malicious-ip,medium,WHITE,ziyadnz/hourly-ipv4,ziyadnz|hourly,2026-08-17T18:48:05Z,2026-08-17T18:48:05Z,
93.158.90.252,ipv4,malicious-ip,medium,WHITE,ziyadnz/hourly-ipv4,ziyadnz|hourly,2026-08-17T18:48:05Z,2026-08-17T18:48:05Z,
93.158.90.33,ipv4,malicious-ip,medium,WHITE,ziyadnz/hourly-ipv4,ziyadnz|hourly,2026-08-17T18:48:05Z,2026-08-17T18:48:05Z,
93.158.90.35,ipv4,malicious-ip,medium,WHITE,ziyadnz/hourly-ipv4,ziyadnz|hourly,2026-08-17T18:48:05Z,2026-08-17T18:48:05Z,
93.158.90.36,ipv4,malicious-ip,medium,WHITE,ziyadnz/hourly-ipv4,ziyadnz|hourly,2026-08-17T18:48:05Z,2026-08-17T18:48:05Z,
93.158.90.37,ipv4,malicious-ip,medium,WHITE,ziyadnz/hourly-ipv4,ziyadnz|hourly,2026-08-17T18:48:05Z,2026-08-17T18:48:05Z,
93.158.90.40,ipv4,malicious-ip,medium,WHITE,ziyadnz/hourly-ipv4,ziyadnz|hourly,2026-08-17T18:48:05Z,2026-08-17T18:48:05Z,
93.158.90.41,ipv4,malicious-ip,medium,WHITE,ziyadnz/hourly-ipv4,ziyadnz|hourly,2026-08-17T18:48:05Z,2026-08-17T18:48:05Z,
93.158.90.42,ipv4,malicious-ip,medium,WHITE,ziyadnz/hourly-ipv4,ziyadnz|hourly,2026-08-17T18:48:05Z,2026-08-17T18:48:05Z,
93.158.90.43,ipv4,malicious-ip,medium,WHITE,ziyadnz/hourly-ipv4,ziyadnz|hourly,2026-08-17T18:48:05Z,2026-08-17T18:48:05Z,
93.158.90.46,ipv4,malicious-ip,medium,WHITE,ziyadnz/hourly-ipv4,ziyadnz|hourly,2026-08-17T18:48:05Z,2026-08-17T18:48:05Z,
93.158.90.52,ipv4,malicious-ip,medium,WHITE,ziyadnz/hourly-ipv4,ziyadnz|hourly,2026-08-17T18:48:05Z,2026-08-17T18:48:05Z,
93.158.90.53,ipv4,malicious-ip,medium,WHITE,ziyadnz/hourly-ipv4,ziyadnz|hourly,2026-08-17T18:48:05Z,2026-08-17T18:48:05Z,
93.158.90.55,ipv4,malicious-ip,medium,WHITE,ziyadnz/hourly-ipv4,ziyadnz|hourly,2026-08-17T18:48:05Z,2026-08-17T18:48:05Z,
93.158.90.62,ipv4,malicious-ip,medium,WHITE,ziyadnz/hourly-ipv4,ziyadnz|hourly,2026-08-17T18:48:05Z,2026-08-17T18:48:05Z,
93.158.90.63,ipv4,malicious-ip,medium,WHITE,ziyadnz/hourly-ipv4,ziyadnz|hourly,2026-08-17T18:48:05Z,2026-08-17T18:48:05Z,
93.158.90.68,ipv4,malicious-ip,medium,WHITE,ziyadnz/hourly-ipv4,ziyadnz|hourly,2026-08-17T18:48:05Z,2026-08-17T18:48:05Z,
93.158.90.69,ipv4,malicious-ip,medium,WHITE,ziyadnz/hourly-ipv4,ziyadnz|hourly,2026-08-17T18:48:05Z,2026-08-17T18:48:05Z,
93.158.90.70,ipv4,malicious-ip,medium,WHITE,ziyadnz/hourly-ipv4,ziyadnz|hourly,2026-08-17T18:48:05Z,2026-08-17T18:48:05Z,
93.158.90.72,ipv4,malicious-ip,medium,WHITE,ziyadnz/hourly-ipv4,ziyadnz|hourly,2026-08-17T18:48:05Z,2026-08-17T18:48:05Z,
93.158.90.74,ipv4,malicious-ip,medium,WHITE,ziyadnz/hourly-ipv4,ziyadnz|hourly,2026-08-17T18:48:05Z,2026-08-17T18:48:05Z,
93.158.91.19,ipv4,malicious-ip,medium,WHITE,ziyadnz/hourly-ipv4,ziyadnz|hourly,2026-08-17T18:48:05Z,2026-08-17T18:48:05Z,
93.158.91.39,ipv4,malicious-ip,medium,WHITE,ziyadnz/hourly-ipv4,ziyadnz|hourly,2026-08-17T18:48:05Z,2026-08-17T18:48:05Z,
93.159.123.181,ipv4,malicious-ip,medium,WHITE,ziyadnz/hourly-ipv4,ziyadnz|hourly,2026-08-17T18:48:05Z,2026-08-17T18:48:05Z,
93.170.103.252,ipv4,malicious-ip,medium,WHITE,ziyadnz/hourly-ipv4,ziyadnz|hourly,2026-08-17T18:48:05Z,2026-08-17T18:48:05Z,
93.170.116.57,ipv4,malicious-ip,medium,WHITE,ziyadnz/hourly-ipv4,ziyadnz|hourly,2026-08-17T18:48:05Z,2026-08-17T18:48:05Z,
93.170.117.36,ipv4,malicious-ip,medium,WHITE,ziyadnz/hourly-ipv4,ziyadnz|hourly,2026-08-17T18:48:05Z,2026-08-17T18:48:05Z,
93.170.122.100,ipv4,malicious-ip,medium,WHITE,ziyadnz/hourly-ipv4,ziyadnz|hourly,2026-08-17T18:48:05Z,2026-08-17T18:48:05Z,
93.170.122.104,ipv4,malicious-ip,medium,WHITE,ziyadnz/hourly-ipv4,ziyadnz|hourly,2026-08-17T18:48:05Z,2026-08-17T18:48:05Z,
93.170.122.204,ipv4,malicious-ip,medium,WHITE,ziyadnz/hourly-ipv4,ziyadnz|hourly,2026-08-17T18:48:05Z,2026-08-17T18:48:05Z,
93.170.122.97,ipv4,malicious-ip,medium,WHITE,ziyadnz/hourly-ipv4,ziyadnz|hourly,2026-08-17T18:48:05Z,2026-08-17T18:48:05Z,
93.170.122.98,ipv4,malicious-ip,medium,WHITE,ziyadnz/hourly-ipv4,ziyadnz|hourly,2026-08-17T18:48:05Z,2026-08-17T18:48:05Z,
93.170.160.93,ipv4,malicious-ip,medium,WHITE,ziyadnz/hourly-ipv4,ziyadnz|hourly,2026-08-17T18:48:05Z,2026-08-17T18:48:05Z,
93.170.161.100,ipv4,malicious-ip,medium,WHITE,ziyadnz/hourly-ipv4,ziyadnz|hourly,2026-08-17T18:48:05Z,2026-08-17T18:48:05Z,
93.170.161.67,ipv4,malicious-ip,medium,WHITE,ziyadnz/hourly-ipv4,ziyadnz|hourly,2026-08-17T18:48:05Z,2026-08-17T18:48:05Z,
93.170.162.95,ipv4,malicious-ip,medium,WHITE,ziyadnz/hourly-ipv4,ziyadnz|hourly,2026-08-17T18:48:05Z,2026-08-17T18:48:05Z,
93.170.170.32,ipv4,malicious-ip,medium,WHITE,ziyadnz/hourly-ipv4,ziyadnz|hourly,2026-08-17T18:48:05Z,2026-08-17T18:48:05Z,
93.170.202.125,ipv4,malicious-ip,medium,WHITE,ziyadnz/hourly-ipv4,ziyadnz|hourly,2026-08-17T18:48:05Z,2026-08-17T18:48:05Z,
93.170.220.197,ipv4,malicious-ip,medium,WHITE,ziyadnz/hourly-ipv4,ziyadnz|hourly,2026-08-17T18:48:05Z,2026-08-17T18:48:05Z,
93.170.220.201,ipv4,malicious-ip,medium,WHITE,ziyadnz/hourly-ipv4,ziyadnz|hourly,2026-08-17T18:48:05Z,2026-08-17T18:48:05Z,
93.170.35.76,ipv4,malicious-ip,medium,WHITE,ziyadnz/hourly-ipv4,ziyadnz|hourly,2026-08-17T18:48:05Z,2026-08-17T18:48:05Z,
93.170.35.77,ipv4,malicious-ip,medium,WHITE,ziyadnz/hourly-ipv4,ziyadnz|hourly,2026-08-17T18:48:05Z,2026-08-17T18:48:05Z,
93.170.46.75,ipv4,malicious-ip,medium,WHITE,ziyadnz/hourly-ipv4,ziyadnz|hourly,2026-08-17T18:48:05Z,2026-08-17T18:48:05Z,
93.170.52.246,ipv4,malicious-ip,medium,WHITE,ziyadnz/hourly-ipv4,ziyadnz|hourly,2026-08-17T18:48:05Z,2026-08-17T18:48:05Z,
93.170.78.21,ipv4,malicious-ip,medium,WHITE,ziyadnz/hourly-ipv4,ziyadnz|hourly,2026-08-17T18:48:05Z,2026-08-17T18:48:05Z,
93.170.78.210,ipv4,malicious-ip,medium,WHITE,ziyadnz/hourly-ipv4,ziyadnz|hourly,2026-08-17T18:48:05Z,2026-08-17T18:48:05Z,
93.170.78.27,ipv4,malicious-ip,medium,WHITE,ziyadnz/hourly-ipv4,ziyadnz|hourly,2026-08-17T18:48:05Z,2026-08-17T18:48:05Z,
93.170.97.81,ipv4,malicious-ip,medium,WHITE,ziyadnz/hourly-ipv4,ziyadnz|hourly,2026-08-17T18:48:05Z,2026-08-17T18:48:05Z,
93.171.172.35,ipv4,malicious-ip,medium,WHITE,ziyadnz/hourly-ipv4,ziyadnz|hourly,2026-08-17T18:48:05Z,2026-08-17T18:48:05Z,
93.171.178.215,ipv4,malicious-ip,medium,WHITE,ziyadnz/hourly-ipv4,ziyadnz|hourly,2026-08-17T18:48:05Z,2026-08-17T18:48:05Z,
93.171.214.173,ipv4,malicious-ip,medium,WHITE,ziyadnz/hourly-ipv4,ziyadnz|hourly,2026-08-17T18:48:05Z,2026-08-17T18:48:05Z,
93.171.232.66,ipv4,malicious-ip,medium,WHITE,ziyadnz/hourly-ipv4,ziyadnz|hourly,2026-08-17T18:48:05Z,2026-08-17T18:48:05Z,
93.171.240.251,ipv4,malicious-ip,medium,WHITE,ziyadnz/hourly-ipv4,ziyadnz|hourly,2026-08-17T18:48:05Z,2026-08-17T18:48:05Z,
93.171.247.154,ipv4,malicious-ip,medium,WHITE,ziyadnz/hourly-ipv4,ziyadnz|hourly,2026-08-17T18:48:05Z,2026-08-17T18:48:05Z,
93.171.248.96,ipv4,malicious-ip,medium,WHITE,ziyadnz/hourly-ipv4,ziyadnz|hourly,2026-08-17T18:48:05Z,2026-08-17T18:48:05Z,
93.171.79.119,ipv4,malicious-ip,medium,WHITE,ziyadnz/hourly-ipv4,ziyadnz|hourly,2026-08-17T18:48:05Z,2026-08-17T18:48:05Z,
93.172.149.238,ipv4,malicious-ip,medium,WHITE,ziyadnz/hourly-ipv4,ziyadnz|hourly,2026-08-17T18:48:05Z,2026-08-17T18:48:05Z,
93.174.180.151,ipv4,malicious-ip,medium,WHITE,ziyadnz/hourly-ipv4,ziyadnz|hourly,2026-08-17T18:48:05Z,2026-08-17T18:48:05Z,
93.174.93.12,ipv4,malicious-ip,medium,WHITE,ziyadnz/hourly-ipv4,ziyadnz|hourly,2026-08-17T18:48:05Z,2026-08-17T18:48:05Z,
93.174.93.149,ipv4,malicious-ip,medium,WHITE,ziyadnz/hourly-ipv4,ziyadnz|hourly,2026-08-17T18:48:05Z,2026-08-17T18:48:05Z,
93.175.42.220,ipv4,malicious-ip,medium,WHITE,ziyadnz/hourly-ipv4,ziyadnz|hourly,2026-08-17T18:48:05Z,2026-08-17T18:48:05Z,
93.176.34.126,ipv4,malicious-ip,medium,WHITE,ziyadnz/hourly-ipv4,ziyadnz|hourly,2026-08-17T18:48:05Z,2026-08-17T18:48:05Z,
93.177.101.140,ipv4,malicious-ip,medium,WHITE,ziyadnz/hourly-ipv4,ziyadnz|hourly,2026-08-17T18:48:05Z,2026-08-17T18:48:05Z,
93.177.151.72,ipv4,malicious-ip,medium,WHITE,ziyadnz/hourly-ipv4,ziyadnz|hourly,2026-08-17T18:48:05Z,2026-08-17T18:48:05Z,
93.177.157.179,ipv4,malicious-ip,medium,WHITE,ziyadnz/hourly-ipv4,ziyadnz|hourly,2026-08-17T18:48:05Z,2026-08-17T18:48:05Z,
93.180.217.28,ipv4,malicious-ip,medium,WHITE,ziyadnz/hourly-ipv4,ziyadnz|hourly,2026-08-17T18:48:05Z,2026-08-17T18:48:05Z,
93.183.106.151,ipv4,malicious-ip,medium,WHITE,ziyadnz/hourly-ipv4,ziyadnz|hourly,2026-08-17T18:48:05Z,2026-08-17T18:48:05Z,
93.183.106.94,ipv4,malicious-ip,medium,WHITE,ziyadnz/hourly-ipv4,ziyadnz|hourly,2026-08-17T18:48:05Z,2026-08-17T18:48:05Z,
93.183.140.201,ipv4,malicious-ip,medium,WHITE,ziyadnz/hourly-ipv4,ziyadnz|hourly,2026-08-17T18:48:05Z,2026-08-17T18:48:05Z,
93.183.192.70,ipv4,malicious-ip,medium,WHITE,ziyadnz/hourly-ipv4,ziyadnz|hourly,2026-08-17T18:48:05Z,2026-08-17T18:48:05Z,
93.183.80.126,ipv4,malicious-ip,medium,WHITE,ziyadnz/hourly-ipv4,ziyadnz|hourly,2026-08-17T18:48:05Z,2026-08-17T18:48:05Z,
93.183.83.145,ipv4,malicious-ip,medium,WHITE,ziyadnz/hourly-ipv4,ziyadnz|hourly,2026-08-17T18:48:05Z,2026-08-17T18:48:05Z,
93.183.83.99,ipv4,malicious-ip,medium,WHITE,ziyadnz/hourly-ipv4,ziyadnz|hourly,2026-08-17T18:48:05Z,2026-08-17T18:48:05Z,
93.183.94.195,ipv4,malicious-ip,medium,WHITE,ziyadnz/hourly-ipv4,ziyadnz|hourly,2026-08-17T18:48:05Z,2026-08-17T18:48:05Z,
93.185.159.253,ipv4,malicious-ip,medium,WHITE,ziyadnz/hourly-ipv4,ziyadnz|hourly,2026-08-17T18:48:05Z,2026-08-17T18:48:05Z,
93.185.159.90,ipv4,malicious-ip,medium,WHITE,ziyadnz/hourly-ipv4,ziyadnz|hourly,2026-08-17T18:48:05Z,2026-08-17T18:48:05Z,
93.185.165.93,ipv4,malicious-ip,medium,WHITE,ziyadnz/hourly-ipv4,ziyadnz|hourly,2026-08-17T18:48:05Z,2026-08-17T18:48:05Z,
93.185.167.211,ipv4,malicious-ip,medium,WHITE,ziyadnz/hourly-ipv4,ziyadnz|hourly,2026-08-17T18:48:05Z,2026-08-17T18:48:05Z,
93.185.167.249,ipv4,malicious-ip,medium,WHITE,ziyadnz/hourly-ipv4,ziyadnz|hourly,2026-08-17T18:48:05Z,2026-08-17T18:48:05Z,
93.185.69.44,ipv4,malicious-ip,medium,WHITE,ziyadnz/hourly-ipv4,ziyadnz|hourly,2026-08-17T18:48:05Z,2026-08-17T18:48:05Z,
93.186.64.145,ipv4,malicious-ip,medium,WHITE,ziyadnz/hourly-ipv4,ziyadnz|hourly,2026-08-17T18:48:05Z,2026-08-17T18:48:05Z,
93.188.34.54,ipv4,malicious-ip,medium,WHITE,ziyadnz/hourly-ipv4,ziyadnz|hourly,2026-08-17T18:48:05Z,2026-08-17T18:48:05Z,
93.188.83.96,ipv4,malicious-ip,medium,WHITE,ziyadnz/hourly-ipv4,ziyadnz|hourly,2026-08-17T18:48:05Z,2026-08-17T18:48:05Z,
93.188.86.112,ipv4,malicious-ip,medium,WHITE,ziyadnz/hourly-ipv4,ziyadnz|hourly,2026-08-17T18:48:05Z,2026-08-17T18:48:05Z,
93.189.203.210,ipv4,malicious-ip,medium,WHITE,ziyadnz/hourly-ipv4,ziyadnz|hourly,2026-08-17T18:48:05Z,2026-08-17T18:48:05Z,
93.190.139.223,ipv4,malicious-ip,medium,WHITE,ziyadnz/hourly-ipv4,ziyadnz|hourly,2026-08-17T18:48:05Z,2026-08-17T18:48:05Z,
93.190.142.131,ipv4,malicious-ip,medium,WHITE,ziyadnz/hourly-ipv4,ziyadnz|hourly,2026-08-17T18:48:05Z,2026-08-17T18:48:05Z,
93.190.143.101,ipv4,malicious-ip,medium,WHITE,ziyadnz/hourly-ipv4,ziyadnz|hourly,2026-08-17T18:48:05Z,2026-08-17T18:48:05Z,
93.190.143.252,ipv4,malicious-ip,medium,WHITE,ziyadnz/hourly-ipv4,ziyadnz|hourly,2026-08-17T18:48:05Z,2026-08-17T18:48:05Z,
93.190.228.108,ipv4,malicious-ip,medium,WHITE,ziyadnz/hourly-ipv4,ziyadnz|hourly,2026-08-17T18:48:05Z,2026-08-17T18:48:05Z,
93.190.241.212,ipv4,malicious-ip,medium,WHITE,ziyadnz/hourly-ipv4,ziyadnz|hourly,2026-08-17T18:48:05Z,2026-08-17T18:48:05Z,
93.190.8.103,ipv4,malicious-ip,medium,WHITE,ziyadnz/hourly-ipv4,ziyadnz|hourly,2026-08-17T18:48:05Z,2026-08-17T18:48:05Z,
93.193.83.8,ipv4,malicious-ip,medium,WHITE,ziyadnz/hourly-ipv4,ziyadnz|hourly,2026-08-17T18:48:05Z,2026-08-17T18:48:05Z,
93.200.117.34,ipv4,malicious-ip,medium,WHITE,ziyadnz/hourly-ipv4,ziyadnz|hourly,2026-08-17T18:48:05Z,2026-08-17T18:48:05Z,
93.21.182.62,ipv4,malicious-ip,medium,WHITE,ziyadnz/hourly-ipv4,ziyadnz|hourly,2026-08-17T18:48:05Z,2026-08-17T18:48:05Z,
93.218.41.51,ipv4,malicious-ip,medium,WHITE,ziyadnz/hourly-ipv4,ziyadnz|hourly,2026-08-17T18:48:05Z,2026-08-17T18:48:05Z,
93.219.248.212,ipv4,malicious-ip,medium,WHITE,ziyadnz/hourly-ipv4,ziyadnz|hourly,2026-08-17T18:48:05Z,2026-08-17T18:48:05Z,
93.222.204.88,ipv4,malicious-ip,medium,WHITE,ziyadnz/hourly-ipv4,ziyadnz|hourly,2026-08-17T18:48:05Z,2026-08-17T18:48:05Z,
93.233.233.78,ipv4,malicious-ip,medium,WHITE,ziyadnz/hourly-ipv4,ziyadnz|hourly,2026-08-17T18:48:05Z,2026-08-17T18:48:05Z,
93.234.20.212,ipv4,malicious-ip,medium,WHITE,ziyadnz/hourly-ipv4,ziyadnz|hourly,2026-08-17T18:48:05Z,2026-08-17T18:48:05Z,
93.245.63.116,ipv4,malicious-ip,medium,WHITE,ziyadnz/hourly-ipv4,ziyadnz|hourly,2026-08-17T18:48:05Z,2026-08-17T18:48:05Z,
93.34.227.71,ipv4,malicious-ip,medium,WHITE,ziyadnz/hourly-ipv4,ziyadnz|hourly,2026-08-17T18:48:05Z,2026-08-17T18:48:05Z,
93.34.89.243,ipv4,malicious-ip,medium,WHITE,ziyadnz/hourly-ipv4,ziyadnz|hourly,2026-08-17T18:48:05Z,2026-08-17T18:48:05Z,
93.36.249.179,ipv4,malicious-ip,medium,WHITE,ziyadnz/hourly-ipv4,ziyadnz|hourly,2026-08-17T18:48:05Z,2026-08-17T18:48:05Z,
93.39.197.234,ipv4,malicious-ip,medium,WHITE,ziyadnz/hourly-ipv4,ziyadnz|hourly,2026-08-17T18:48:05Z,2026-08-17T18:48:05Z,
93.39.209.147,ipv4,malicious-ip,medium,WHITE,ziyadnz/hourly-ipv4,ziyadnz|hourly,2026-08-17T18:48:05Z,2026-08-17T18:48:05Z,
93.39.83.20,ipv4,malicious-ip,medium,WHITE,ziyadnz/hourly-ipv4,ziyadnz|hourly,2026-08-17T18:48:05Z,2026-08-17T18:48:05Z,
93.39.91.222,ipv4,malicious-ip,medium,WHITE,ziyadnz/hourly-ipv4,ziyadnz|hourly,2026-08-17T18:48:05Z,2026-08-17T18:48:05Z,
93.41.144.171,ipv4,malicious-ip,medium,WHITE,ziyadnz/hourly-ipv4,ziyadnz|hourly,2026-08-17T18:48:05Z,2026-08-17T18:48:05Z,
93.42.227.251,ipv4,malicious-ip,medium,WHITE,ziyadnz/hourly-ipv4,ziyadnz|hourly,2026-08-17T18:48:05Z,2026-08-17T18:48:05Z,
93.44.89.124,ipv4,malicious-ip,medium,WHITE,ziyadnz/hourly-ipv4,ziyadnz|hourly,2026-08-17T18:48:05Z,2026-08-17T18:48:05Z,
93.46.110.192,ipv4,malicious-ip,medium,WHITE,ziyadnz/hourly-ipv4,ziyadnz|hourly,2026-08-17T18:48:05Z,2026-08-17T18:48:05Z,
93.46.24.112,ipv4,malicious-ip,medium,WHITE,ziyadnz/hourly-ipv4,ziyadnz|hourly,2026-08-17T18:48:05Z,2026-08-17T18:48:05Z,
93.48.24.181,ipv4,malicious-ip,medium,WHITE,ziyadnz/hourly-ipv4,ziyadnz|hourly,2026-08-17T18:48:05Z,2026-08-17T18:48:05Z,
93.49.171.56,ipv4,malicious-ip,medium,WHITE,ziyadnz/hourly-ipv4,ziyadnz|hourly,2026-08-17T18:48:05Z,2026-08-17T18:48:05Z,
93.51.117.38,ipv4,malicious-ip,medium,WHITE,ziyadnz/hourly-ipv4,ziyadnz|hourly,2026-08-17T18:48:05Z,2026-08-17T18:48:05Z,
93.51.226.100,ipv4,malicious-ip,medium,WHITE,ziyadnz/hourly-ipv4,ziyadnz|hourly,2026-08-17T18:48:05Z,2026-08-17T18:48:05Z,
93.51.226.115,ipv4,malicious-ip,medium,WHITE,ziyadnz/hourly-ipv4,ziyadnz|hourly,2026-08-17T18:48:05Z,2026-08-17T18:48:05Z,
93.55.131.150,ipv4,malicious-ip,medium,WHITE,ziyadnz/hourly-ipv4,ziyadnz|hourly,2026-08-17T18:48:05Z,2026-08-17T18:48:05Z,
93.55.131.70,ipv4,malicious-ip,medium,WHITE,ziyadnz/hourly-ipv4,ziyadnz|hourly,2026-08-17T18:48:05Z,2026-08-17T18:48:05Z,
93.56.81.163,ipv4,malicious-ip,medium,WHITE,ziyadnz/hourly-ipv4,ziyadnz|hourly,2026-08-17T18:48:05Z,2026-08-17T18:48:05Z,
93.57.249.128,ipv4,malicious-ip,medium,WHITE,ziyadnz/hourly-ipv4,ziyadnz|hourly,2026-08-17T18:48:05Z,2026-08-17T18:48:05Z,
93.62.0.77,ipv4,malicious-ip,medium,WHITE,ziyadnz/hourly-ipv4,ziyadnz|hourly,2026-08-17T18:48:05Z,2026-08-17T18:48:05Z,
93.63.129.37,ipv4,malicious-ip,medium,WHITE,ziyadnz/hourly-ipv4,ziyadnz|hourly,2026-08-17T18:48:05Z,2026-08-17T18:48:05Z,
93.63.237.36,ipv4,malicious-ip,medium,WHITE,ziyadnz/hourly-ipv4,ziyadnz|hourly,2026-08-17T18:48:05Z,2026-08-17T18:48:05Z,
93.65.153.245,ipv4,malicious-ip,medium,WHITE,ziyadnz/hourly-ipv4,ziyadnz|hourly,2026-08-17T18:48:05Z,2026-08-17T18:48:05Z,
93.77.187.140,ipv4,malicious-ip,medium,WHITE,ziyadnz/hourly-ipv4,ziyadnz|hourly,2026-08-17T18:48:05Z,2026-08-17T18:48:05Z,
93.8.22.254,ipv4,malicious-ip,medium,WHITE,ziyadnz/hourly-ipv4,ziyadnz|hourly,2026-08-17T18:48:05Z,2026-08-17T18:48:05Z,
93.80.33.54,ipv4,malicious-ip,medium,WHITE,ziyadnz/hourly-ipv4,ziyadnz|hourly,2026-08-17T18:48:05Z,2026-08-17T18:48:05Z,
93.84.78.108,ipv4,malicious-ip,medium,WHITE,ziyadnz/hourly-ipv4,ziyadnz|hourly,2026-08-17T18:48:05Z,2026-08-17T18:48:05Z,
93.84.96.50,ipv4,malicious-ip,medium,WHITE,ziyadnz/hourly-ipv4,ziyadnz|hourly,2026-08-17T18:48:05Z,2026-08-17T18:48:05Z,
93.86.237.245,ipv4,malicious-ip,medium,WHITE,ziyadnz/hourly-ipv4,ziyadnz|hourly,2026-08-17T18:48:05Z,2026-08-17T18:48:05Z,
93.86.237.78,ipv4,malicious-ip,medium,WHITE,ziyadnz/hourly-ipv4,ziyadnz|hourly,2026-08-17T18:48:05Z,2026-08-17T18:48:05Z,
93.86.49.90,ipv4,malicious-ip,medium,WHITE,ziyadnz/hourly-ipv4,ziyadnz|hourly,2026-08-17T18:48:05Z,2026-08-17T18:48:05Z,
93.87.41.36,ipv4,malicious-ip,medium,WHITE,ziyadnz/hourly-ipv4,ziyadnz|hourly,2026-08-17T18:48:05Z,2026-08-17T18:48:05Z,
93.87.7.232,ipv4,malicious-ip,medium,WHITE,ziyadnz/hourly-ipv4,ziyadnz|hourly,2026-08-17T18:48:05Z,2026-08-17T18:48:05Z,
93.88.75.252,ipv4,malicious-ip,medium,WHITE,ziyadnz/hourly-ipv4,ziyadnz|hourly,2026-08-17T18:48:05Z,2026-08-17T18:48:05Z,
93.90.41.12,ipv4,malicious-ip,medium,WHITE,ziyadnz/hourly-ipv4,ziyadnz|hourly,2026-08-17T18:48:05Z,2026-08-17T18:48:05Z,
93.90.77.44,ipv4,malicious-ip,medium,WHITE,ziyadnz/hourly-ipv4,ziyadnz|hourly,2026-08-17T18:48:05Z,2026-08-17T18:48:05Z,
93.90.78.79,ipv4,malicious-ip,medium,WHITE,ziyadnz/hourly-ipv4,ziyadnz|hourly,2026-08-17T18:48:05Z,2026-08-17T18:48:05Z,
93.91.116.145,ipv4,malicious-ip,medium,WHITE,ziyadnz/hourly-ipv4,ziyadnz|hourly,2026-08-17T18:48:05Z,2026-08-17T18:48:05Z,
93.91.153.26,ipv4,malicious-ip,medium,WHITE,ziyadnz/hourly-ipv4,ziyadnz|hourly,2026-08-17T18:48:05Z,2026-08-17T18:48:05Z,
93.91.197.38,ipv4,malicious-ip,medium,WHITE,ziyadnz/hourly-ipv4,ziyadnz|hourly,2026-08-17T18:48:05Z,2026-08-17T18:48:05Z,
93.91.6.75,ipv4,malicious-ip,medium,WHITE,ziyadnz/hourly-ipv4,ziyadnz|hourly,2026-08-17T18:48:05Z,2026-08-17T18:48:05Z,
93.93.202.165,ipv4,malicious-ip,medium,WHITE,ziyadnz/hourly-ipv4,ziyadnz|hourly,2026-08-17T18:48:05Z,2026-08-17T18:48:05Z,
93.94.145.35,ipv4,malicious-ip,medium,WHITE,ziyadnz/hourly-ipv4,ziyadnz|hourly,2026-08-17T18:48:05Z,2026-08-17T18:48:05Z,
93.95.102.25,ipv4,malicious-ip,medium,WHITE,ziyadnz/hourly-ipv4,ziyadnz|hourly,2026-08-17T18:48:05Z,2026-08-17T18:48:05Z,
93.95.112.50,ipv4,malicious-ip,medium,WHITE,ziyadnz/hourly-ipv4,ziyadnz|hourly,2026-08-17T18:48:05Z,2026-08-17T18:48:05Z,
93.95.112.51,ipv4,malicious-ip,medium,WHITE,ziyadnz/hourly-ipv4,ziyadnz|hourly,2026-08-17T18:48:05Z,2026-08-17T18:48:05Z,
93.95.112.52,ipv4,malicious-ip,medium,WHITE,ziyadnz/hourly-ipv4,ziyadnz|hourly,2026-08-17T18:48:05Z,2026-08-17T18:48:05Z,
93.95.112.53,ipv4,malicious-ip,medium,WHITE,ziyadnz/hourly-ipv4,ziyadnz|hourly,2026-08-17T18:48:05Z,2026-08-17T18:48:05Z,
93.95.112.54,ipv4,malicious-ip,medium,WHITE,ziyadnz/hourly-ipv4,ziyadnz|hourly,2026-08-17T18:48:05Z,2026-08-17T18:48:05Z,
93.95.112.55,ipv4,malicious-ip,medium,WHITE,ziyadnz/hourly-ipv4,ziyadnz|hourly,2026-08-17T18:48:05Z,2026-08-17T18:48:05Z,
93.95.112.59,ipv4,malicious-ip,medium,WHITE,ziyadnz/hourly-ipv4,ziyadnz|hourly,2026-08-17T18:48:05Z,2026-08-17T18:48:05Z,
93.95.115.175,ipv4,malicious-ip,medium,WHITE,ziyadnz/hourly-ipv4,ziyadnz|hourly,2026-08-17T18:48:05Z,2026-08-17T18:48:05Z,
93.95.225.137,ipv4,malicious-ip,medium,WHITE,ziyadnz/hourly-ipv4,ziyadnz|hourly,2026-08-17T18:48:05Z,2026-08-17T18:48:05Z,
93.95.227.37,ipv4,malicious-ip,medium,WHITE,ziyadnz/hourly-ipv4,ziyadnz|hourly,2026-08-17T18:48:05Z,2026-08-17T18:48:05Z,
93.95.228.125,ipv4,malicious-ip,medium,WHITE,ziyadnz/hourly-ipv4,ziyadnz|hourly,2026-08-17T18:48:05Z,2026-08-17T18:48:05Z,
93.95.231.14,ipv4,malicious-ip,medium,WHITE,ziyadnz/hourly-ipv4,ziyadnz|hourly,2026-08-17T18:48:05Z,2026-08-17T18:48:05Z,
93.95.231.88,ipv4,malicious-ip,medium,WHITE,ziyadnz/hourly-ipv4,ziyadnz|hourly,2026-08-17T18:48:05Z,2026-08-17T18:48:05Z,
93.95.88.13,ipv4,malicious-ip,medium,WHITE,ziyadnz/hourly-ipv4,ziyadnz|hourly,2026-08-17T18:48:05Z,2026-08-17T18:48:05Z,
93.99.104.128,ipv4,malicious-ip,medium,WHITE,ziyadnz/hourly-ipv4,ziyadnz|hourly,2026-08-17T18:48:05Z,2026-08-17T18:48:05Z,
93.99.104.18,ipv4,malicious-ip,medium,WHITE,ziyadnz/hourly-ipv4,ziyadnz|hourly,2026-08-17T18:48:05Z,2026-08-17T18:48:05Z,
93.99.104.194,ipv4,malicious-ip,medium,WHITE,ziyadnz/hourly-ipv4,ziyadnz|hourly,2026-08-17T18:48:05Z,2026-08-17T18:48:05Z,
93.99.104.40,ipv4,malicious-ip,medium,WHITE,ziyadnz/hourly-ipv4,ziyadnz|hourly,2026-08-17T18:48:05Z,2026-08-17T18:48:05Z,
93.99.105.31,ipv4,malicious-ip,medium,WHITE,ziyadnz/hourly-ipv4,ziyadnz|hourly,2026-08-17T18:48:05Z,2026-08-17T18:48:05Z,
93.99.105.32,ipv4,malicious-ip,medium,WHITE,ziyadnz/hourly-ipv4,ziyadnz|hourly,2026-08-17T18:48:05Z,2026-08-17T18:48:05Z,
93.99.105.33,ipv4,malicious-ip,medium,WHITE,ziyadnz/hourly-ipv4,ziyadnz|hourly,2026-08-17T18:48:05Z,2026-08-17T18:48:05Z,
94.10.33.197,ipv4,malicious-ip,medium,WHITE,ziyadnz/hourly-ipv4,ziyadnz|hourly,2026-08-17T18:48:05Z,2026-08-17T18:48:05Z,
94.100.52.128,ipv4,malicious-ip,medium,WHITE,ziyadnz/hourly-ipv4,ziyadnz|hourly,2026-08-17T18:48:05Z,2026-08-17T18:48:05Z,
94.100.56.151,ipv4,malicious-ip,medium,WHITE,ziyadnz/hourly-ipv4,ziyadnz|hourly,2026-08-17T18:48:05Z,2026-08-17T18:48:05Z,
94.101.184.145,ipv4,malicious-ip,medium,WHITE,ziyadnz/hourly-ipv4,ziyadnz|hourly,2026-08-17T18:48:05Z,2026-08-17T18:48:05Z,
94.101.98.62,ipv4,malicious-ip,medium,WHITE,ziyadnz/hourly-ipv4,ziyadnz|hourly,2026-08-17T18:48:05Z,2026-08-17T18:48:05Z,
94.102.49.125,ipv4,malicious-ip,medium,WHITE,ziyadnz/hourly-ipv4,ziyadnz|hourly,2026-08-17T18:48:05Z,2026-08-17T18:48:05Z,
94.102.49.155,ipv4,malicious-ip,medium,WHITE,ziyadnz/hourly-ipv4,ziyadnz|hourly,2026-08-17T18:48:05Z,2026-08-17T18:48:05Z,
94.102.49.193,ipv4,malicious-ip,medium,WHITE,ziyadnz/hourly-ipv4,ziyadnz|hourly,2026-08-17T18:48:05Z,2026-08-17T18:48:05Z,
94.102.51.144,ipv4,malicious-ip,medium,WHITE,ziyadnz/hourly-ipv4,ziyadnz|hourly,2026-08-17T18:48:05Z,2026-08-17T18:48:05Z,
94.102.51.15,ipv4,malicious-ip,medium,WHITE,ziyadnz/hourly-ipv4,ziyadnz|hourly,2026-08-17T18:48:05Z,2026-08-17T18:48:05Z,
94.102.51.155,ipv4,malicious-ip,medium,WHITE,ziyadnz/hourly-ipv4,ziyadnz|hourly,2026-08-17T18:48:05Z,2026-08-17T18:48:05Z,
94.102.56.99,ipv4,malicious-ip,medium,WHITE,ziyadnz/hourly-ipv4,ziyadnz|hourly,2026-08-17T18:48:05Z,2026-08-17T18:48:05Z,
94.103.179.241,ipv4,malicious-ip,medium,WHITE,ziyadnz/hourly-ipv4,ziyadnz|hourly,2026-08-17T18:48:05Z,2026-08-17T18:48:05Z,
94.103.188.101,ipv4,malicious-ip,medium,WHITE,ziyadnz/hourly-ipv4,ziyadnz|hourly,2026-08-17T18:48:05Z,2026-08-17T18:48:05Z,
94.103.188.82,ipv4,malicious-ip,medium,WHITE,ziyadnz/hourly-ipv4,ziyadnz|hourly,2026-08-17T18:48:05Z,2026-08-17T18:48:05Z,
94.103.83.46,ipv4,malicious-ip,medium,WHITE,ziyadnz/hourly-ipv4,ziyadnz|hourly,2026-08-17T18:48:05Z,2026-08-17T18:48:05Z,
94.103.85.47,ipv4,malicious-ip,medium,WHITE,ziyadnz/hourly-ipv4,ziyadnz|hourly,2026-08-17T18:48:05Z,2026-08-17T18:48:05Z,
94.103.85.86,ipv4,malicious-ip,medium,WHITE,ziyadnz/hourly-ipv4,ziyadnz|hourly,2026-08-17T18:48:05Z,2026-08-17T18:48:05Z,
94.103.88.64,ipv4,malicious-ip,medium,WHITE,ziyadnz/hourly-ipv4,ziyadnz|hourly,2026-08-17T18:48:05Z,2026-08-17T18:48:05Z,
94.103.90.150,ipv4,malicious-ip,medium,WHITE,ziyadnz/hourly-ipv4,ziyadnz|hourly,2026-08-17T18:48:05Z,2026-08-17T18:48:05Z,
94.103.90.193,ipv4,malicious-ip,medium,WHITE,ziyadnz/hourly-ipv4,ziyadnz|hourly,2026-08-17T18:48:05Z,2026-08-17T18:48:05Z,
94.103.93.33,ipv4,malicious-ip,medium,WHITE,ziyadnz/hourly-ipv4,ziyadnz|hourly,2026-08-17T18:48:05Z,2026-08-17T18:48:05Z,
94.103.93.70,ipv4,malicious-ip,medium,WHITE,ziyadnz/hourly-ipv4,ziyadnz|hourly,2026-08-17T18:48:05Z,2026-08-17T18:48:05Z,
94.110.145.10,ipv4,malicious-ip,medium,WHITE,ziyadnz/hourly-ipv4,ziyadnz|hourly,2026-08-17T18:48:05Z,2026-08-17T18:48:05Z,
94.124.166.119,ipv4,malicious-ip,medium,WHITE,ziyadnz/hourly-ipv4,ziyadnz|hourly,2026-08-17T18:48:05Z,2026-08-17T18:48:05Z,
94.124.166.132,ipv4,malicious-ip,medium,WHITE,ziyadnz/hourly-ipv4,ziyadnz|hourly,2026-08-17T18:48:05Z,2026-08-17T18:48:05Z,
94.124.166.193,ipv4,malicious-ip,medium,WHITE,ziyadnz/hourly-ipv4,ziyadnz|hourly,2026-08-17T18:48:05Z,2026-08-17T18:48:05Z,
94.124.166.64,ipv4,malicious-ip,medium,WHITE,ziyadnz/hourly-ipv4,ziyadnz|hourly,2026-08-17T18:48:05Z,2026-08-17T18:48:05Z,
94.125.218.19,ipv4,malicious-ip,medium,WHITE,ziyadnz/hourly-ipv4,ziyadnz|hourly,2026-08-17T18:48:05Z,2026-08-17T18:48:05Z,
94.125.9.70,ipv4,malicious-ip,medium,WHITE,ziyadnz/hourly-ipv4,ziyadnz|hourly,2026-08-17T18:48:05Z,2026-08-17T18:48:05Z,
94.130.10.148,ipv4,malicious-ip,medium,WHITE,ziyadnz/hourly-ipv4,ziyadnz|hourly,2026-08-17T18:48:05Z,2026-08-17T18:48:05Z,
94.130.12.27,ipv4,malicious-ip,medium,WHITE,ziyadnz/hourly-ipv4,ziyadnz|hourly,2026-08-17T18:48:05Z,2026-08-17T18:48:05Z,
94.130.12.30,ipv4,malicious-ip,medium,WHITE,ziyadnz/hourly-ipv4,ziyadnz|hourly,2026-08-17T18:48:05Z,2026-08-17T18:48:05Z,
94.130.164.47,ipv4,malicious-ip,medium,WHITE,ziyadnz/hourly-ipv4,ziyadnz|hourly,2026-08-17T18:48:05Z,2026-08-17T18:48:05Z,
94.130.164.60,ipv4,malicious-ip,medium,WHITE,ziyadnz/hourly-ipv4,ziyadnz|hourly,2026-08-17T18:48:05Z,2026-08-17T18:48:05Z,
94.130.165.85,ipv4,malicious-ip,medium,WHITE,ziyadnz/hourly-ipv4,ziyadnz|hourly,2026-08-17T18:48:05Z,2026-08-17T18:48:05Z,
94.130.165.87,ipv4,malicious-ip,medium,WHITE,ziyadnz/hourly-ipv4,ziyadnz|hourly,2026-08-17T18:48:05Z,2026-08-17T18:48:05Z,
94.130.176.68,ipv4,malicious-ip,medium,WHITE,ziyadnz/hourly-ipv4,ziyadnz|hourly,2026-08-17T18:48:05Z,2026-08-17T18:48:05Z,
94.130.206.79,ipv4,malicious-ip,medium,WHITE,ziyadnz/hourly-ipv4,ziyadnz|hourly,2026-08-17T18:48:05Z,2026-08-17T18:48:05Z,
94.130.21.250,ipv4,malicious-ip,medium,WHITE,ziyadnz/hourly-ipv4,ziyadnz|hourly,2026-08-17T18:48:05Z,2026-08-17T18:48:05Z,
94.130.226.235,ipv4,malicious-ip,medium,WHITE,ziyadnz/hourly-ipv4,ziyadnz|hourly,2026-08-17T18:48:05Z,2026-08-17T18:48:05Z,
94.130.228.160,ipv4,malicious-ip,medium,WHITE,ziyadnz/hourly-ipv4,ziyadnz|hourly,2026-08-17T18:48:05Z,2026-08-17T18:48:05Z,
94.130.27.97,ipv4,malicious-ip,medium,WHITE,ziyadnz/hourly-ipv4,ziyadnz|hourly,2026-08-17T18:48:05Z,2026-08-17T18:48:05Z,
94.131.101.15,ipv4,malicious-ip,medium,WHITE,ziyadnz/hourly-ipv4,ziyadnz|hourly,2026-08-17T18:48:05Z,2026-08-17T18:48:05Z,
94.131.102.115,ipv4,malicious-ip,medium,WHITE,ziyadnz/hourly-ipv4,ziyadnz|hourly,2026-08-17T18:48:05Z,2026-08-17T18:48:05Z,
94.131.102.117,ipv4,malicious-ip,medium,WHITE,ziyadnz/hourly-ipv4,ziyadnz|hourly,2026-08-17T18:48:05Z,2026-08-17T18:48:05Z,
94.131.102.119,ipv4,malicious-ip,medium,WHITE,ziyadnz/hourly-ipv4,ziyadnz|hourly,2026-08-17T18:48:05Z,2026-08-17T18:48:05Z,
94.131.102.122,ipv4,malicious-ip,medium,WHITE,ziyadnz/hourly-ipv4,ziyadnz|hourly,2026-08-17T18:48:05Z,2026-08-17T18:48:05Z,
94.131.102.124,ipv4,malicious-ip,medium,WHITE,ziyadnz/hourly-ipv4,ziyadnz|hourly,2026-08-17T18:48:05Z,2026-08-17T18:48:05Z,
94.131.104.18,ipv4,malicious-ip,medium,WHITE,ziyadnz/hourly-ipv4,ziyadnz|hourly,2026-08-17T18:48:05Z,2026-08-17T18:48:05Z,
94.131.104.223,ipv4,malicious-ip,medium,WHITE,ziyadnz/hourly-ipv4,ziyadnz|hourly,2026-08-17T18:48:05Z,2026-08-17T18:48:05Z,
94.131.106.116,ipv4,malicious-ip,medium,WHITE,ziyadnz/hourly-ipv4,ziyadnz|hourly,2026-08-17T18:48:05Z,2026-08-17T18:48:05Z,
94.131.108.109,ipv4,malicious-ip,medium,WHITE,ziyadnz/hourly-ipv4,ziyadnz|hourly,2026-08-17T18:48:05Z,2026-08-17T18:48:05Z,
94.131.108.78,ipv4,malicious-ip,medium,WHITE,ziyadnz/hourly-ipv4,ziyadnz|hourly,2026-08-17T18:48:05Z,2026-08-17T18:48:05Z,
94.131.109.91,ipv4,malicious-ip,medium,WHITE,ziyadnz/hourly-ipv4,ziyadnz|hourly,2026-08-17T18:48:05Z,2026-08-17T18:48:05Z,
94.131.110.127,ipv4,malicious-ip,medium,WHITE,ziyadnz/hourly-ipv4,ziyadnz|hourly,2026-08-17T18:48:05Z,2026-08-17T18:48:05Z,
94.131.111.130,ipv4,malicious-ip,medium,WHITE,ziyadnz/hourly-ipv4,ziyadnz|hourly,2026-08-17T18:48:05Z,2026-08-17T18:48:05Z,
94.131.111.240,ipv4,malicious-ip,medium,WHITE,ziyadnz/hourly-ipv4,ziyadnz|hourly,2026-08-17T18:48:05Z,2026-08-17T18:48:05Z,
94.131.114.23,ipv4,malicious-ip,medium,WHITE,ziyadnz/hourly-ipv4,ziyadnz|hourly,2026-08-17T18:48:05Z,2026-08-17T18:48:05Z,
94.131.115.254,ipv4,malicious-ip,medium,WHITE,ziyadnz/hourly-ipv4,ziyadnz|hourly,2026-08-17T18:48:05Z,2026-08-17T18:48:05Z,
94.131.117.45,ipv4,malicious-ip,medium,WHITE,ziyadnz/hourly-ipv4,ziyadnz|hourly,2026-08-17T18:48:05Z,2026-08-17T18:48:05Z,
94.131.118.237,ipv4,malicious-ip,medium,WHITE,ziyadnz/hourly-ipv4,ziyadnz|hourly,2026-08-17T18:48:05Z,2026-08-17T18:48:05Z,
94.131.118.39,ipv4,malicious-ip,medium,WHITE,ziyadnz/hourly-ipv4,ziyadnz|hourly,2026-08-17T18:48:05Z,2026-08-17T18:48:05Z,
94.131.119.126,ipv4,malicious-ip,medium,WHITE,ziyadnz/hourly-ipv4,ziyadnz|hourly,2026-08-17T18:48:05Z,2026-08-17T18:48:05Z,
94.131.122.178,ipv4,malicious-ip,medium,WHITE,ziyadnz/hourly-ipv4,ziyadnz|hourly,2026-08-17T18:48:05Z,2026-08-17T18:48:05Z,
94.131.197.170,ipv4,malicious-ip,medium,WHITE,ziyadnz/hourly-ipv4,ziyadnz|hourly,2026-08-17T18:48:05Z,2026-08-17T18:48:05Z,
94.131.212.108,ipv4,malicious-ip,medium,WHITE,ziyadnz/hourly-ipv4,ziyadnz|hourly,2026-08-17T18:48:05Z,2026-08-17T18:48:05Z,
94.131.213.241,ipv4,malicious-ip,medium,WHITE,ziyadnz/hourly-ipv4,ziyadnz|hourly,2026-08-17T18:48:05Z,2026-08-17T18:48:05Z,
94.131.213.253,ipv4,malicious-ip,medium,WHITE,ziyadnz/hourly-ipv4,ziyadnz|hourly,2026-08-17T18:48:05Z,2026-08-17T18:48:05Z,
94.131.219.226,ipv4,malicious-ip,medium,WHITE,ziyadnz/hourly-ipv4,ziyadnz|hourly,2026-08-17T18:48:05Z,2026-08-17T18:48:05Z,
94.131.97.195,ipv4,malicious-ip,medium,WHITE,ziyadnz/hourly-ipv4,ziyadnz|hourly,2026-08-17T18:48:05Z,2026-08-17T18:48:05Z,
94.131.99.185,ipv4,malicious-ip,medium,WHITE,ziyadnz/hourly-ipv4,ziyadnz|hourly,2026-08-17T18:48:05Z,2026-08-17T18:48:05Z,
94.132.133.21,ipv4,malicious-ip,medium,WHITE,ziyadnz/hourly-ipv4,ziyadnz|hourly,2026-08-17T18:48:05Z,2026-08-17T18:48:05Z,
94.132.216.182,ipv4,malicious-ip,medium,WHITE,ziyadnz/hourly-ipv4,ziyadnz|hourly,2026-08-17T18:48:05Z,2026-08-17T18:48:05Z,
94.132.24.206,ipv4,malicious-ip,medium,WHITE,ziyadnz/hourly-ipv4,ziyadnz|hourly,2026-08-17T18:48:05Z,2026-08-17T18:48:05Z,
94.136.185.192,ipv4,malicious-ip,medium,WHITE,ziyadnz/hourly-ipv4,ziyadnz|hourly,2026-08-17T18:48:05Z,2026-08-17T18:48:05Z,
94.136.188.99,ipv4,malicious-ip,medium,WHITE,ziyadnz/hourly-ipv4,ziyadnz|hourly,2026-08-17T18:48:05Z,2026-08-17T18:48:05Z,
94.138.139.138,ipv4,malicious-ip,medium,WHITE,ziyadnz/hourly-ipv4,ziyadnz|hourly,2026-08-17T18:48:05Z,2026-08-17T18:48:05Z,
94.138.209.214,ipv4,malicious-ip,medium,WHITE,ziyadnz/hourly-ipv4,ziyadnz|hourly,2026-08-17T18:48:05Z,2026-08-17T18:48:05Z,
94.139.242.55,ipv4,malicious-ip,medium,WHITE,ziyadnz/hourly-ipv4,ziyadnz|hourly,2026-08-17T18:48:05Z,2026-08-17T18:48:05Z,
94.140.112.47,ipv4,malicious-ip,medium,WHITE,ziyadnz/hourly-ipv4,ziyadnz|hourly,2026-08-17T18:48:05Z,2026-08-17T18:48:05Z,
94.140.112.48,ipv4,malicious-ip,medium,WHITE,ziyadnz/hourly-ipv4,ziyadnz|hourly,2026-08-17T18:48:05Z,2026-08-17T18:48:05Z,
94.140.112.51,ipv4,malicious-ip,medium,WHITE,ziyadnz/hourly-ipv4,ziyadnz|hourly,2026-08-17T18:48:05Z,2026-08-17T18:48:05Z,
94.140.112.53,ipv4,malicious-ip,medium,WHITE,ziyadnz/hourly-ipv4,ziyadnz|hourly,2026-08-17T18:48:05Z,2026-08-17T18:48:05Z,
94.140.114.133,ipv4,malicious-ip,medium,WHITE,ziyadnz/hourly-ipv4,ziyadnz|hourly,2026-08-17T18:48:05Z,2026-08-17T18:48:05Z,
94.140.114.192,ipv4,malicious-ip,medium,WHITE,ziyadnz/hourly-ipv4,ziyadnz|hourly,2026-08-17T18:48:05Z,2026-08-17T18:48:05Z,
94.140.114.230,ipv4,malicious-ip,medium,WHITE,ziyadnz/hourly-ipv4,ziyadnz|hourly,2026-08-17T18:48:05Z,2026-08-17T18:48:05Z,
94.140.115.44,ipv4,malicious-ip,medium,WHITE,ziyadnz/hourly-ipv4,ziyadnz|hourly,2026-08-17T18:48:05Z,2026-08-17T18:48:05Z,
94.140.225.143,ipv4,malicious-ip,medium,WHITE,ziyadnz/hourly-ipv4,ziyadnz|hourly,2026-08-17T18:48:05Z,2026-08-17T18:48:05Z,
94.140.246.52,ipv4,malicious-ip,medium,WHITE,ziyadnz/hourly-ipv4,ziyadnz|hourly,2026-08-17T18:48:05Z,2026-08-17T18:48:05Z,
94.140.8.113,ipv4,malicious-ip,medium,WHITE,ziyadnz/hourly-ipv4,ziyadnz|hourly,2026-08-17T18:48:05Z,2026-08-17T18:48:05Z,
94.140.8.48,ipv4,malicious-ip,medium,WHITE,ziyadnz/hourly-ipv4,ziyadnz|hourly,2026-08-17T18:48:05Z,2026-08-17T18:48:05Z,
94.141.12.182,ipv4,malicious-ip,medium,WHITE,ziyadnz/hourly-ipv4,ziyadnz|hourly,2026-08-17T18:48:05Z,2026-08-17T18:48:05Z,
94.141.122.164,ipv4,malicious-ip,medium,WHITE,ziyadnz/hourly-ipv4,ziyadnz|hourly,2026-08-17T18:48:05Z,2026-08-17T18:48:05Z,
94.141.123.234,ipv4,malicious-ip,medium,WHITE,ziyadnz/hourly-ipv4,ziyadnz|hourly,2026-08-17T18:48:05Z,2026-08-17T18:48:05Z,
94.141.239.143,ipv4,malicious-ip,medium,WHITE,ziyadnz/hourly-ipv4,ziyadnz|hourly,2026-08-17T18:48:05Z,2026-08-17T18:48:05Z,
94.141.81.131,ipv4,malicious-ip,medium,WHITE,ziyadnz/hourly-ipv4,ziyadnz|hourly,2026-08-17T18:48:05Z,2026-08-17T18:48:05Z,
94.142.138.102,ipv4,malicious-ip,medium,WHITE,ziyadnz/hourly-ipv4,ziyadnz|hourly,2026-08-17T18:48:05Z,2026-08-17T18:48:05Z,
94.142.138.103,ipv4,malicious-ip,medium,WHITE,ziyadnz/hourly-ipv4,ziyadnz|hourly,2026-08-17T18:48:05Z,2026-08-17T18:48:05Z,
94.142.138.107,ipv4,malicious-ip,medium,WHITE,ziyadnz/hourly-ipv4,ziyadnz|hourly,2026-08-17T18:48:05Z,2026-08-17T18:48:05Z,
94.142.138.109,ipv4,malicious-ip,medium,WHITE,ziyadnz/hourly-ipv4,ziyadnz|hourly,2026-08-17T18:48:05Z,2026-08-17T18:48:05Z,
94.142.138.11,ipv4,malicious-ip,medium,WHITE,ziyadnz/hourly-ipv4,ziyadnz|hourly,2026-08-17T18:48:05Z,2026-08-17T18:48:05Z,
94.142.138.123,ipv4,malicious-ip,medium,WHITE,ziyadnz/hourly-ipv4,ziyadnz|hourly,2026-08-17T18:48:05Z,2026-08-17T18:48:05Z,
94.142.138.124,ipv4,malicious-ip,medium,WHITE,ziyadnz/hourly-ipv4,ziyadnz|hourly,2026-08-17T18:48:05Z,2026-08-17T18:48:05Z,
94.142.138.125,ipv4,malicious-ip,medium,WHITE,ziyadnz/hourly-ipv4,ziyadnz|hourly,2026-08-17T18:48:05Z,2026-08-17T18:48:05Z,
94.142.138.126,ipv4,malicious-ip,medium,WHITE,ziyadnz/hourly-ipv4,ziyadnz|hourly,2026-08-17T18:48:05Z,2026-08-17T18:48:05Z,
94.142.138.130,ipv4,malicious-ip,medium,WHITE,ziyadnz/hourly-ipv4,ziyadnz|hourly,2026-08-17T18:48:05Z,2026-08-17T18:48:05Z,
94.142.138.133,ipv4,malicious-ip,medium,WHITE,ziyadnz/hourly-ipv4,ziyadnz|hourly,2026-08-17T18:48:05Z,2026-08-17T18:48:05Z,
94.142.138.135,ipv4,malicious-ip,medium,WHITE,ziyadnz/hourly-ipv4,ziyadnz|hourly,2026-08-17T18:48:05Z,2026-08-17T18:48:05Z,
94.142.138.141,ipv4,malicious-ip,medium,WHITE,ziyadnz/hourly-ipv4,ziyadnz|hourly,2026-08-17T18:48:05Z,2026-08-17T18:48:05Z,
94.142.138.156,ipv4,malicious-ip,medium,WHITE,ziyadnz/hourly-ipv4,ziyadnz|hourly,2026-08-17T18:48:05Z,2026-08-17T18:48:05Z,
94.142.138.162,ipv4,malicious-ip,medium,WHITE,ziyadnz/hourly-ipv4,ziyadnz|hourly,2026-08-17T18:48:05Z,2026-08-17T18:48:05Z,
94.142.138.166,ipv4,malicious-ip,medium,WHITE,ziyadnz/hourly-ipv4,ziyadnz|hourly,2026-08-17T18:48:05Z,2026-08-17T18:48:05Z,
94.142.138.169,ipv4,malicious-ip,medium,WHITE,ziyadnz/hourly-ipv4,ziyadnz|hourly,2026-08-17T18:48:05Z,2026-08-17T18:48:05Z,
94.142.138.174,ipv4,malicious-ip,medium,WHITE,ziyadnz/hourly-ipv4,ziyadnz|hourly,2026-08-17T18:48:05Z,2026-08-17T18:48:05Z,
94.142.138.175,ipv4,malicious-ip,medium,WHITE,ziyadnz/hourly-ipv4,ziyadnz|hourly,2026-08-17T18:48:05Z,2026-08-17T18:48:05Z,
94.142.138.176,ipv4,malicious-ip,medium,WHITE,ziyadnz/hourly-ipv4,ziyadnz|hourly,2026-08-17T18:48:05Z,2026-08-17T18:48:05Z,
94.142.138.177,ipv4,malicious-ip,medium,WHITE,ziyadnz/hourly-ipv4,ziyadnz|hourly,2026-08-17T18:48:05Z,2026-08-17T18:48:05Z,
94.142.138.182,ipv4,malicious-ip,medium,WHITE,ziyadnz/hourly-ipv4,ziyadnz|hourly,2026-08-17T18:48:05Z,2026-08-17T18:48:05Z,
94.142.138.19,ipv4,malicious-ip,medium,WHITE,ziyadnz/hourly-ipv4,ziyadnz|hourly,2026-08-17T18:48:05Z,2026-08-17T18:48:05Z,
94.142.138.191,ipv4,malicious-ip,medium,WHITE,ziyadnz/hourly-ipv4,ziyadnz|hourly,2026-08-17T18:48:05Z,2026-08-17T18:48:05Z,
94.142.138.194,ipv4,malicious-ip,medium,WHITE,ziyadnz/hourly-ipv4,ziyadnz|hourly,2026-08-17T18:48:05Z,2026-08-17T18:48:05Z,
94.142.138.196,ipv4,malicious-ip,medium,WHITE,ziyadnz/hourly-ipv4,ziyadnz|hourly,2026-08-17T18:48:05Z,2026-08-17T18:48:05Z,
94.142.138.200,ipv4,malicious-ip,medium,WHITE,ziyadnz/hourly-ipv4,ziyadnz|hourly,2026-08-17T18:48:05Z,2026-08-17T18:48:05Z,
94.142.138.208,ipv4,malicious-ip,medium,WHITE,ziyadnz/hourly-ipv4,ziyadnz|hourly,2026-08-17T18:48:05Z,2026-08-17T18:48:05Z,
94.142.138.21,ipv4,malicious-ip,medium,WHITE,ziyadnz/hourly-ipv4,ziyadnz|hourly,2026-08-17T18:48:05Z,2026-08-17T18:48:05Z,
94.142.138.210,ipv4,malicious-ip,medium,WHITE,ziyadnz/hourly-ipv4,ziyadnz|hourly,2026-08-17T18:48:05Z,2026-08-17T18:48:05Z,
94.142.138.211,ipv4,malicious-ip,medium,WHITE,ziyadnz/hourly-ipv4,ziyadnz|hourly,2026-08-17T18:48:05Z,2026-08-17T18:48:05Z,
94.142.138.213,ipv4,malicious-ip,medium,WHITE,ziyadnz/hourly-ipv4,ziyadnz|hourly,2026-08-17T18:48:05Z,2026-08-17T18:48:05Z,
94.142.138.214,ipv4,malicious-ip,medium,WHITE,ziyadnz/hourly-ipv4,ziyadnz|hourly,2026-08-17T18:48:05Z,2026-08-17T18:48:05Z,
94.142.138.216,ipv4,malicious-ip,medium,WHITE,ziyadnz/hourly-ipv4,ziyadnz|hourly,2026-08-17T18:48:05Z,2026-08-17T18:48:05Z,
94.142.138.218,ipv4,malicious-ip,medium,WHITE,ziyadnz/hourly-ipv4,ziyadnz|hourly,2026-08-17T18:48:05Z,2026-08-17T18:48:05Z,
94.142.138.221,ipv4,malicious-ip,medium,WHITE,ziyadnz/hourly-ipv4,ziyadnz|hourly,2026-08-17T18:48:05Z,2026-08-17T18:48:05Z,
94.142.138.224,ipv4,malicious-ip,medium,WHITE,ziyadnz/hourly-ipv4,ziyadnz|hourly,2026-08-17T18:48:05Z,2026-08-17T18:48:05Z,
94.142.138.234,ipv4,malicious-ip,medium,WHITE,ziyadnz/hourly-ipv4,ziyadnz|hourly,2026-08-17T18:48:05Z,2026-08-17T18:48:05Z,
94.142.138.244,ipv4,malicious-ip,medium,WHITE,ziyadnz/hourly-ipv4,ziyadnz|hourly,2026-08-17T18:48:05Z,2026-08-17T18:48:05Z,
94.142.138.246,ipv4,malicious-ip,medium,WHITE,ziyadnz/hourly-ipv4,ziyadnz|hourly,2026-08-17T18:48:05Z,2026-08-17T18:48:05Z,
94.142.138.247,ipv4,malicious-ip,medium,WHITE,ziyadnz/hourly-ipv4,ziyadnz|hourly,2026-08-17T18:48:05Z,2026-08-17T18:48:05Z,
94.142.138.30,ipv4,malicious-ip,medium,WHITE,ziyadnz/hourly-ipv4,ziyadnz|hourly,2026-08-17T18:48:05Z,2026-08-17T18:48:05Z,
94.142.138.32,ipv4,malicious-ip,medium,WHITE,ziyadnz/hourly-ipv4,ziyadnz|hourly,2026-08-17T18:48:05Z,2026-08-17T18:48:05Z,
94.142.138.37,ipv4,malicious-ip,medium,WHITE,ziyadnz/hourly-ipv4,ziyadnz|hourly,2026-08-17T18:48:05Z,2026-08-17T18:48:05Z,
94.142.138.4,ipv4,malicious-ip,medium,WHITE,ziyadnz/hourly-ipv4,ziyadnz|hourly,2026-08-17T18:48:05Z,2026-08-17T18:48:05Z,
94.142.138.48,ipv4,malicious-ip,medium,WHITE,ziyadnz/hourly-ipv4,ziyadnz|hourly,2026-08-17T18:48:05Z,2026-08-17T18:48:05Z,
94.142.138.49,ipv4,malicious-ip,medium,WHITE,ziyadnz/hourly-ipv4,ziyadnz|hourly,2026-08-17T18:48:05Z,2026-08-17T18:48:05Z,
94.142.138.6,ipv4,malicious-ip,medium,WHITE,ziyadnz/hourly-ipv4,ziyadnz|hourly,2026-08-17T18:48:05Z,2026-08-17T18:48:05Z,
94.142.138.60,ipv4,malicious-ip,medium,WHITE,ziyadnz/hourly-ipv4,ziyadnz|hourly,2026-08-17T18:48:05Z,2026-08-17T18:48:05Z,
94.142.138.61,ipv4,malicious-ip,medium,WHITE,ziyadnz/hourly-ipv4,ziyadnz|hourly,2026-08-17T18:48:05Z,2026-08-17T18:48:05Z,
94.142.138.74,ipv4,malicious-ip,medium,WHITE,ziyadnz/hourly-ipv4,ziyadnz|hourly,2026-08-17T18:48:05Z,2026-08-17T18:48:05Z,
94.142.138.8,ipv4,malicious-ip,medium,WHITE,ziyadnz/hourly-ipv4,ziyadnz|hourly,2026-08-17T18:48:05Z,2026-08-17T18:48:05Z,
94.142.138.80,ipv4,malicious-ip,medium,WHITE,ziyadnz/hourly-ipv4,ziyadnz|hourly,2026-08-17T18:48:05Z,2026-08-17T18:48:05Z,
94.142.138.94,ipv4,malicious-ip,medium,WHITE,ziyadnz/hourly-ipv4,ziyadnz|hourly,2026-08-17T18:48:05Z,2026-08-17T18:48:05Z,
94.142.138.99,ipv4,malicious-ip,medium,WHITE,ziyadnz/hourly-ipv4,ziyadnz|hourly,2026-08-17T18:48:05Z,2026-08-17T18:48:05Z,
94.142.241.194,ipv4,malicious-ip,medium,WHITE,ziyadnz/hourly-ipv4,ziyadnz|hourly,2026-08-17T18:48:05Z,2026-08-17T18:48:05Z,
94.142.244.16,ipv4,malicious-ip,medium,WHITE,ziyadnz/hourly-ipv4,ziyadnz|hourly,2026-08-17T18:48:05Z,2026-08-17T18:48:05Z,
94.143.232.21,ipv4,malicious-ip,medium,WHITE,ziyadnz/hourly-ipv4,ziyadnz|hourly,2026-08-17T18:48:05Z,2026-08-17T18:48:05Z,
94.143.241.21,ipv4,malicious-ip,medium,WHITE,ziyadnz/hourly-ipv4,ziyadnz|hourly,2026-08-17T18:48:05Z,2026-08-17T18:48:05Z,
94.143.7.29,ipv4,malicious-ip,medium,WHITE,ziyadnz/hourly-ipv4,ziyadnz|hourly,2026-08-17T18:48:05Z,2026-08-17T18:48:05Z,
94.154.1.243,ipv4,malicious-ip,medium,WHITE,ziyadnz/hourly-ipv4,ziyadnz|hourly,2026-08-17T18:48:05Z,2026-08-17T18:48:05Z,
94.154.106.27,ipv4,malicious-ip,medium,WHITE,ziyadnz/hourly-ipv4,ziyadnz|hourly,2026-08-17T18:48:05Z,2026-08-17T18:48:05Z,
94.154.113.167,ipv4,malicious-ip,medium,WHITE,ziyadnz/hourly-ipv4,ziyadnz|hourly,2026-08-17T18:48:05Z,2026-08-17T18:48:05Z,
94.154.172.195,ipv4,malicious-ip,medium,WHITE,ziyadnz/hourly-ipv4,ziyadnz|hourly,2026-08-17T18:48:05Z,2026-08-17T18:48:05Z,
94.154.172.210,ipv4,malicious-ip,medium,WHITE,ziyadnz/hourly-ipv4,ziyadnz|hourly,2026-08-17T18:48:05Z,2026-08-17T18:48:05Z,
94.154.172.43,ipv4,malicious-ip,medium,WHITE,ziyadnz/hourly-ipv4,ziyadnz|hourly,2026-08-17T18:48:05Z,2026-08-17T18:48:05Z,
94.154.33.5,ipv4,malicious-ip,medium,WHITE,ziyadnz/hourly-ipv4,ziyadnz|hourly,2026-08-17T18:48:05Z,2026-08-17T18:48:05Z,
94.154.34.232,ipv4,malicious-ip,medium,WHITE,ziyadnz/hourly-ipv4,ziyadnz|hourly,2026-08-17T18:48:05Z,2026-08-17T18:48:05Z,
94.154.35.115,ipv4,malicious-ip,medium,WHITE,ziyadnz/hourly-ipv4,ziyadnz|hourly,2026-08-17T18:48:05Z,2026-08-17T18:48:05Z,
94.154.35.122,ipv4,malicious-ip,medium,WHITE,ziyadnz/hourly-ipv4,ziyadnz|hourly,2026-08-17T18:48:05Z,2026-08-17T18:48:05Z,
94.154.35.208,ipv4,malicious-ip,medium,WHITE,ziyadnz/hourly-ipv4,ziyadnz|hourly,2026-08-17T18:48:05Z,2026-08-17T18:48:05Z,
94.154.35.99,ipv4,malicious-ip,medium,WHITE,ziyadnz/hourly-ipv4,ziyadnz|hourly,2026-08-17T18:48:05Z,2026-08-17T18:48:05Z,
94.154.37.213,ipv4,malicious-ip,medium,WHITE,ziyadnz/hourly-ipv4,ziyadnz|hourly,2026-08-17T18:48:05Z,2026-08-17T18:48:05Z,
94.154.43.0,ipv4,malicious-ip,medium,WHITE,ziyadnz/hourly-ipv4,ziyadnz|hourly,2026-08-17T18:48:05Z,2026-08-17T18:48:05Z,
94.154.43.103,ipv4,malicious-ip,medium,WHITE,ziyadnz/hourly-ipv4,ziyadnz|hourly,2026-08-17T18:48:05Z,2026-08-17T18:48:05Z,
94.154.43.104,ipv4,malicious-ip,medium,WHITE,ziyadnz/hourly-ipv4,ziyadnz|hourly,2026-08-17T18:48:05Z,2026-08-17T18:48:05Z,
94.154.43.111,ipv4,malicious-ip,medium,WHITE,ziyadnz/hourly-ipv4,ziyadnz|hourly,2026-08-17T18:48:05Z,2026-08-17T18:48:05Z,
94.154.43.112,ipv4,malicious-ip,medium,WHITE,ziyadnz/hourly-ipv4,ziyadnz|hourly,2026-08-17T18:48:05Z,2026-08-17T18:48:05Z,
94.154.43.114,ipv4,malicious-ip,medium,WHITE,ziyadnz/hourly-ipv4,ziyadnz|hourly,2026-08-17T18:48:05Z,2026-08-17T18:48:05Z,
94.154.43.12,ipv4,malicious-ip,medium,WHITE,ziyadnz/hourly-ipv4,ziyadnz|hourly,2026-08-17T18:48:05Z,2026-08-17T18:48:05Z,
94.154.43.120,ipv4,malicious-ip,medium,WHITE,ziyadnz/hourly-ipv4,ziyadnz|hourly,2026-08-17T18:48:05Z,2026-08-17T18:48:05Z,
94.154.43.131,ipv4,malicious-ip,medium,WHITE,ziyadnz/hourly-ipv4,ziyadnz|hourly,2026-08-17T18:48:05Z,2026-08-17T18:48:05Z,
94.154.43.140,ipv4,malicious-ip,medium,WHITE,ziyadnz/hourly-ipv4,ziyadnz|hourly,2026-08-17T18:48:05Z,2026-08-17T18:48:05Z,
94.154.43.144,ipv4,malicious-ip,medium,WHITE,ziyadnz/hourly-ipv4,ziyadnz|hourly,2026-08-17T18:48:05Z,2026-08-17T18:48:05Z,
94.154.43.15,ipv4,malicious-ip,medium,WHITE,ziyadnz/hourly-ipv4,ziyadnz|hourly,2026-08-17T18:48:05Z,2026-08-17T18:48:05Z,
94.154.43.150,ipv4,malicious-ip,medium,WHITE,ziyadnz/hourly-ipv4,ziyadnz|hourly,2026-08-17T18:48:05Z,2026-08-17T18:48:05Z,
94.154.43.151,ipv4,malicious-ip,medium,WHITE,ziyadnz/hourly-ipv4,ziyadnz|hourly,2026-08-17T18:48:05Z,2026-08-17T18:48:05Z,
94.154.43.152,ipv4,malicious-ip,medium,WHITE,ziyadnz/hourly-ipv4,ziyadnz|hourly,2026-08-17T18:48:05Z,2026-08-17T18:48:05Z,
94.154.43.153,ipv4,malicious-ip,medium,WHITE,ziyadnz/hourly-ipv4,ziyadnz|hourly,2026-08-17T18:48:05Z,2026-08-17T18:48:05Z,
94.154.43.154,ipv4,malicious-ip,medium,WHITE,ziyadnz/hourly-ipv4,ziyadnz|hourly,2026-08-17T18:48:05Z,2026-08-17T18:48:05Z,
94.154.43.155,ipv4,malicious-ip,medium,WHITE,ziyadnz/hourly-ipv4,ziyadnz|hourly,2026-08-17T18:48:05Z,2026-08-17T18:48:05Z,
94.154.43.157,ipv4,malicious-ip,medium,WHITE,ziyadnz/hourly-ipv4,ziyadnz|hourly,2026-08-17T18:48:05Z,2026-08-17T18:48:05Z,
94.154.43.158,ipv4,malicious-ip,medium,WHITE,ziyadnz/hourly-ipv4,ziyadnz|hourly,2026-08-17T18:48:05Z,2026-08-17T18:48:05Z,
94.154.43.159,ipv4,malicious-ip,medium,WHITE,ziyadnz/hourly-ipv4,ziyadnz|hourly,2026-08-17T18:48:05Z,2026-08-17T18:48:05Z,
94.154.43.16,ipv4,malicious-ip,medium,WHITE,ziyadnz/hourly-ipv4,ziyadnz|hourly,2026-08-17T18:48:05Z,2026-08-17T18:48:05Z,
94.154.43.160,ipv4,malicious-ip,medium,WHITE,ziyadnz/hourly-ipv4,ziyadnz|hourly,2026-08-17T18:48:05Z,2026-08-17T18:48:05Z,
94.154.43.161,ipv4,malicious-ip,medium,WHITE,ziyadnz/hourly-ipv4,ziyadnz|hourly,2026-08-17T18:48:05Z,2026-08-17T18:48:05Z,
94.154.43.162,ipv4,malicious-ip,medium,WHITE,ziyadnz/hourly-ipv4,ziyadnz|hourly,2026-08-17T18:48:05Z,2026-08-17T18:48:05Z,
94.154.43.181,ipv4,malicious-ip,medium,WHITE,ziyadnz/hourly-ipv4,ziyadnz|hourly,2026-08-17T18:48:05Z,2026-08-17T18:48:05Z,
94.154.43.191,ipv4,malicious-ip,medium,WHITE,ziyadnz/hourly-ipv4,ziyadnz|hourly,2026-08-17T18:48:05Z,2026-08-17T18:48:05Z,
94.154.43.197,ipv4,malicious-ip,medium,WHITE,ziyadnz/hourly-ipv4,ziyadnz|hourly,2026-08-17T18:48:05Z,2026-08-17T18:48:05Z,
94.154.43.201,ipv4,malicious-ip,medium,WHITE,ziyadnz/hourly-ipv4,ziyadnz|hourly,2026-08-17T18:48:05Z,2026-08-17T18:48:05Z,
94.154.43.210,ipv4,malicious-ip,medium,WHITE,ziyadnz/hourly-ipv4,ziyadnz|hourly,2026-08-17T18:48:05Z,2026-08-17T18:48:05Z,
94.154.43.215,ipv4,malicious-ip,medium,WHITE,ziyadnz/hourly-ipv4,ziyadnz|hourly,2026-08-17T18:48:05Z,2026-08-17T18:48:05Z,
94.154.43.219,ipv4,malicious-ip,medium,WHITE,ziyadnz/hourly-ipv4,ziyadnz|hourly,2026-08-17T18:48:05Z,2026-08-17T18:48:05Z,
94.154.43.230,ipv4,malicious-ip,medium,WHITE,ziyadnz/hourly-ipv4,ziyadnz|hourly,2026-08-17T18:48:05Z,2026-08-17T18:48:05Z,
94.154.43.233,ipv4,malicious-ip,medium,WHITE,ziyadnz/hourly-ipv4,ziyadnz|hourly,2026-08-17T18:48:05Z,2026-08-17T18:48:05Z,
94.154.43.234,ipv4,malicious-ip,medium,WHITE,ziyadnz/hourly-ipv4,ziyadnz|hourly,2026-08-17T18:48:05Z,2026-08-17T18:48:05Z,
94.154.43.237,ipv4,malicious-ip,medium,WHITE,ziyadnz/hourly-ipv4,ziyadnz|hourly,2026-08-17T18:48:05Z,2026-08-17T18:48:05Z,
94.154.43.24,ipv4,malicious-ip,medium,WHITE,ziyadnz/hourly-ipv4,ziyadnz|hourly,2026-08-17T18:48:05Z,2026-08-17T18:48:05Z,
94.154.43.244,ipv4,malicious-ip,medium,WHITE,ziyadnz/hourly-ipv4,ziyadnz|hourly,2026-08-17T18:48:05Z,2026-08-17T18:48:05Z,
94.154.43.249,ipv4,malicious-ip,medium,WHITE,ziyadnz/hourly-ipv4,ziyadnz|hourly,2026-08-17T18:48:05Z,2026-08-17T18:48:05Z,
94.154.43.250,ipv4,malicious-ip,medium,WHITE,ziyadnz/hourly-ipv4,ziyadnz|hourly,2026-08-17T18:48:05Z,2026-08-17T18:48:05Z,
94.154.43.253,ipv4,malicious-ip,medium,WHITE,ziyadnz/hourly-ipv4,ziyadnz|hourly,2026-08-17T18:48:05Z,2026-08-17T18:48:05Z,
94.154.43.254,ipv4,malicious-ip,medium,WHITE,ziyadnz/hourly-ipv4,ziyadnz|hourly,2026-08-17T18:48:05Z,2026-08-17T18:48:05Z,
94.154.43.28,ipv4,malicious-ip,medium,WHITE,ziyadnz/hourly-ipv4,ziyadnz|hourly,2026-08-17T18:48:05Z,2026-08-17T18:48:05Z,
94.154.43.29,ipv4,malicious-ip,medium,WHITE,ziyadnz/hourly-ipv4,ziyadnz|hourly,2026-08-17T18:48:05Z,2026-08-17T18:48:05Z,
94.154.43.34,ipv4,malicious-ip,medium,WHITE,ziyadnz/hourly-ipv4,ziyadnz|hourly,2026-08-17T18:48:05Z,2026-08-17T18:48:05Z,
94.154.43.36,ipv4,malicious-ip,medium,WHITE,ziyadnz/hourly-ipv4,ziyadnz|hourly,2026-08-17T18:48:05Z,2026-08-17T18:48:05Z,
94.154.43.39,ipv4,malicious-ip,medium,WHITE,ziyadnz/hourly-ipv4,ziyadnz|hourly,2026-08-17T18:48:05Z,2026-08-17T18:48:05Z,
94.154.43.42,ipv4,malicious-ip,medium,WHITE,ziyadnz/hourly-ipv4,ziyadnz|hourly,2026-08-17T18:48:05Z,2026-08-17T18:48:05Z,
94.154.43.43,ipv4,malicious-ip,medium,WHITE,ziyadnz/hourly-ipv4,ziyadnz|hourly,2026-08-17T18:48:05Z,2026-08-17T18:48:05Z,
94.154.43.51,ipv4,malicious-ip,medium,WHITE,ziyadnz/hourly-ipv4,ziyadnz|hourly,2026-08-17T18:48:05Z,2026-08-17T18:48:05Z,
94.154.43.52,ipv4,malicious-ip,medium,WHITE,ziyadnz/hourly-ipv4,ziyadnz|hourly,2026-08-17T18:48:05Z,2026-08-17T18:48:05Z,
94.154.43.55,ipv4,malicious-ip,medium,WHITE,ziyadnz/hourly-ipv4,ziyadnz|hourly,2026-08-17T18:48:05Z,2026-08-17T18:48:05Z,
94.154.43.61,ipv4,malicious-ip,medium,WHITE,ziyadnz/hourly-ipv4,ziyadnz|hourly,2026-08-17T18:48:05Z,2026-08-17T18:48:05Z,
94.154.43.64,ipv4,malicious-ip,medium,WHITE,ziyadnz/hourly-ipv4,ziyadnz|hourly,2026-08-17T18:48:05Z,2026-08-17T18:48:05Z,
94.154.43.69,ipv4,malicious-ip,medium,WHITE,ziyadnz/hourly-ipv4,ziyadnz|hourly,2026-08-17T18:48:05Z,2026-08-17T18:48:05Z,
94.154.43.70,ipv4,malicious-ip,medium,WHITE,ziyadnz/hourly-ipv4,ziyadnz|hourly,2026-08-17T18:48:05Z,2026-08-17T18:48:05Z,
94.154.43.72,ipv4,malicious-ip,medium,WHITE,ziyadnz/hourly-ipv4,ziyadnz|hourly,2026-08-17T18:48:05Z,2026-08-17T18:48:05Z,
94.154.43.75,ipv4,malicious-ip,medium,WHITE,ziyadnz/hourly-ipv4,ziyadnz|hourly,2026-08-17T18:48:05Z,2026-08-17T18:48:05Z,
94.154.43.81,ipv4,malicious-ip,medium,WHITE,ziyadnz/hourly-ipv4,ziyadnz|hourly,2026-08-17T18:48:05Z,2026-08-17T18:48:05Z,
94.154.43.82,ipv4,malicious-ip,medium,WHITE,ziyadnz/hourly-ipv4,ziyadnz|hourly,2026-08-17T18:48:05Z,2026-08-17T18:48:05Z,
94.154.43.84,ipv4,malicious-ip,medium,WHITE,ziyadnz/hourly-ipv4,ziyadnz|hourly,2026-08-17T18:48:05Z,2026-08-17T18:48:05Z,
94.154.43.87,ipv4,malicious-ip,medium,WHITE,ziyadnz/hourly-ipv4,ziyadnz|hourly,2026-08-17T18:48:05Z,2026-08-17T18:48:05Z,
94.154.43.89,ipv4,malicious-ip,medium,WHITE,ziyadnz/hourly-ipv4,ziyadnz|hourly,2026-08-17T18:48:05Z,2026-08-17T18:48:05Z,
94.154.43.99,ipv4,malicious-ip,medium,WHITE,ziyadnz/hourly-ipv4,ziyadnz|hourly,2026-08-17T18:48:05Z,2026-08-17T18:48:05Z,
94.156.10.164,ipv4,malicious-ip,medium,WHITE,ziyadnz/hourly-ipv4,ziyadnz|hourly,2026-08-17T18:48:05Z,2026-08-17T18:48:05Z,
94.156.104.232,ipv4,malicious-ip,medium,WHITE,ziyadnz/hourly-ipv4,ziyadnz|hourly,2026-08-17T18:48:05Z,2026-08-17T18:48:05Z,
94.156.114.56,ipv4,malicious-ip,medium,WHITE,ziyadnz/hourly-ipv4,ziyadnz|hourly,2026-08-17T18:48:05Z,2026-08-17T18:48:05Z,
94.156.128.159,ipv4,malicious-ip,medium,WHITE,ziyadnz/hourly-ipv4,ziyadnz|hourly,2026-08-17T18:48:05Z,2026-08-17T18:48:05Z,
94.156.152.16,ipv4,malicious-ip,medium,WHITE,ziyadnz/hourly-ipv4,ziyadnz|hourly,2026-08-17T18:48:05Z,2026-08-17T18:48:05Z,
94.156.152.18,ipv4,malicious-ip,medium,WHITE,ziyadnz/hourly-ipv4,ziyadnz|hourly,2026-08-17T18:48:05Z,2026-08-17T18:48:05Z,
94.156.152.226,ipv4,malicious-ip,medium,WHITE,ziyadnz/hourly-ipv4,ziyadnz|hourly,2026-08-17T18:48:05Z,2026-08-17T18:48:05Z,
94.156.152.234,ipv4,malicious-ip,medium,WHITE,ziyadnz/hourly-ipv4,ziyadnz|hourly,2026-08-17T18:48:05Z,2026-08-17T18:48:05Z,
94.156.152.44,ipv4,malicious-ip,medium,WHITE,ziyadnz/hourly-ipv4,ziyadnz|hourly,2026-08-17T18:48:05Z,2026-08-17T18:48:05Z,
94.156.152.67,ipv4,malicious-ip,medium,WHITE,ziyadnz/hourly-ipv4,ziyadnz|hourly,2026-08-17T18:48:05Z,2026-08-17T18:48:05Z,
94.156.152.8,ipv4,malicious-ip,medium,WHITE,ziyadnz/hourly-ipv4,ziyadnz|hourly,2026-08-17T18:48:05Z,2026-08-17T18:48:05Z,
94.156.154.48,ipv4,malicious-ip,medium,WHITE,ziyadnz/hourly-ipv4,ziyadnz|hourly,2026-08-17T18:48:05Z,2026-08-17T18:48:05Z,
94.156.155.42,ipv4,malicious-ip,medium,WHITE,ziyadnz/hourly-ipv4,ziyadnz|hourly,2026-08-17T18:48:05Z,2026-08-17T18:48:05Z,
94.156.166.167,ipv4,malicious-ip,medium,WHITE,ziyadnz/hourly-ipv4,ziyadnz|hourly,2026-08-17T18:48:05Z,2026-08-17T18:48:05Z,
94.156.166.84,ipv4,malicious-ip,medium,WHITE,ziyadnz/hourly-ipv4,ziyadnz|hourly,2026-08-17T18:48:05Z,2026-08-17T18:48:05Z,
94.156.167.166,ipv4,malicious-ip,medium,WHITE,ziyadnz/hourly-ipv4,ziyadnz|hourly,2026-08-17T18:48:05Z,2026-08-17T18:48:05Z,
94.156.167.237,ipv4,malicious-ip,medium,WHITE,ziyadnz/hourly-ipv4,ziyadnz|hourly,2026-08-17T18:48:05Z,2026-08-17T18:48:05Z,
94.156.170.255,ipv4,malicious-ip,medium,WHITE,ziyadnz/hourly-ipv4,ziyadnz|hourly,2026-08-17T18:48:05Z,2026-08-17T18:48:05Z,
94.156.175.105,ipv4,malicious-ip,medium,WHITE,ziyadnz/hourly-ipv4,ziyadnz|hourly,2026-08-17T18:48:05Z,2026-08-17T18:48:05Z,
94.156.177.14,ipv4,malicious-ip,medium,WHITE,ziyadnz/hourly-ipv4,ziyadnz|hourly,2026-08-17T18:48:05Z,2026-08-17T18:48:05Z,
94.156.177.187,ipv4,malicious-ip,medium,WHITE,ziyadnz/hourly-ipv4,ziyadnz|hourly,2026-08-17T18:48:05Z,2026-08-17T18:48:05Z,
94.156.177.244,ipv4,malicious-ip,medium,WHITE,ziyadnz/hourly-ipv4,ziyadnz|hourly,2026-08-17T18:48:05Z,2026-08-17T18:48:05Z,
94.156.177.51,ipv4,malicious-ip,medium,WHITE,ziyadnz/hourly-ipv4,ziyadnz|hourly,2026-08-17T18:48:05Z,2026-08-17T18:48:05Z,
94.156.181.89,ipv4,malicious-ip,medium,WHITE,ziyadnz/hourly-ipv4,ziyadnz|hourly,2026-08-17T18:48:05Z,2026-08-17T18:48:05Z,
94.156.221.46,ipv4,malicious-ip,medium,WHITE,ziyadnz/hourly-ipv4,ziyadnz|hourly,2026-08-17T18:48:05Z,2026-08-17T18:48:05Z,
94.156.227.208,ipv4,malicious-ip,medium,WHITE,ziyadnz/hourly-ipv4,ziyadnz|hourly,2026-08-17T18:48:05Z,2026-08-17T18:48:05Z,
94.156.232.116,ipv4,malicious-ip,medium,WHITE,ziyadnz/hourly-ipv4,ziyadnz|hourly,2026-08-17T18:48:05Z,2026-08-17T18:48:05Z,
94.156.232.40,ipv4,malicious-ip,medium,WHITE,ziyadnz/hourly-ipv4,ziyadnz|hourly,2026-08-17T18:48:05Z,2026-08-17T18:48:05Z,
94.156.33.228,ipv4,malicious-ip,medium,WHITE,ziyadnz/hourly-ipv4,ziyadnz|hourly,2026-08-17T18:48:05Z,2026-08-17T18:48:05Z,
94.156.33.229,ipv4,malicious-ip,medium,WHITE,ziyadnz/hourly-ipv4,ziyadnz|hourly,2026-08-17T18:48:05Z,2026-08-17T18:48:05Z,
94.156.33.251,ipv4,malicious-ip,medium,WHITE,ziyadnz/hourly-ipv4,ziyadnz|hourly,2026-08-17T18:48:05Z,2026-08-17T18:48:05Z,
94.156.6.248,ipv4,malicious-ip,medium,WHITE,ziyadnz/hourly-ipv4,ziyadnz|hourly,2026-08-17T18:48:05Z,2026-08-17T18:48:05Z,
94.156.64.241,ipv4,malicious-ip,medium,WHITE,ziyadnz/hourly-ipv4,ziyadnz|hourly,2026-08-17T18:48:05Z,2026-08-17T18:48:05Z,
94.156.64.90,ipv4,malicious-ip,medium,WHITE,ziyadnz/hourly-ipv4,ziyadnz|hourly,2026-08-17T18:48:05Z,2026-08-17T18:48:05Z,
94.156.65.115,ipv4,malicious-ip,medium,WHITE,ziyadnz/hourly-ipv4,ziyadnz|hourly,2026-08-17T18:48:05Z,2026-08-17T18:48:05Z,
94.156.65.182,ipv4,malicious-ip,medium,WHITE,ziyadnz/hourly-ipv4,ziyadnz|hourly,2026-08-17T18:48:05Z,2026-08-17T18:48:05Z,
94.156.65.197,ipv4,malicious-ip,medium,WHITE,ziyadnz/hourly-ipv4,ziyadnz|hourly,2026-08-17T18:48:05Z,2026-08-17T18:48:05Z,
94.156.65.98,ipv4,malicious-ip,medium,WHITE,ziyadnz/hourly-ipv4,ziyadnz|hourly,2026-08-17T18:48:05Z,2026-08-17T18:48:05Z,
94.156.67.185,ipv4,malicious-ip,medium,WHITE,ziyadnz/hourly-ipv4,ziyadnz|hourly,2026-08-17T18:48:05Z,2026-08-17T18:48:05Z,
94.156.67.188,ipv4,malicious-ip,medium,WHITE,ziyadnz/hourly-ipv4,ziyadnz|hourly,2026-08-17T18:48:05Z,2026-08-17T18:48:05Z,
94.156.67.83,ipv4,malicious-ip,medium,WHITE,ziyadnz/hourly-ipv4,ziyadnz|hourly,2026-08-17T18:48:05Z,2026-08-17T18:48:05Z,
94.156.68.163,ipv4,malicious-ip,medium,WHITE,ziyadnz/hourly-ipv4,ziyadnz|hourly,2026-08-17T18:48:05Z,2026-08-17T18:48:05Z,
94.156.71.115,ipv4,malicious-ip,medium,WHITE,ziyadnz/hourly-ipv4,ziyadnz|hourly,2026-08-17T18:48:05Z,2026-08-17T18:48:05Z,
94.156.71.243,ipv4,malicious-ip,medium,WHITE,ziyadnz/hourly-ipv4,ziyadnz|hourly,2026-08-17T18:48:05Z,2026-08-17T18:48:05Z,
94.156.71.74,ipv4,malicious-ip,medium,WHITE,ziyadnz/hourly-ipv4,ziyadnz|hourly,2026-08-17T18:48:05Z,2026-08-17T18:48:05Z,
94.156.79.129,ipv4,malicious-ip,medium,WHITE,ziyadnz/hourly-ipv4,ziyadnz|hourly,2026-08-17T18:48:05Z,2026-08-17T18:48:05Z,
94.156.79.193,ipv4,malicious-ip,medium,WHITE,ziyadnz/hourly-ipv4,ziyadnz|hourly,2026-08-17T18:48:05Z,2026-08-17T18:48:05Z,
94.156.79.60,ipv4,malicious-ip,medium,WHITE,ziyadnz/hourly-ipv4,ziyadnz|hourly,2026-08-17T18:48:05Z,2026-08-17T18:48:05Z,
94.156.79.8,ipv4,malicious-ip,medium,WHITE,ziyadnz/hourly-ipv4,ziyadnz|hourly,2026-08-17T18:48:05Z,2026-08-17T18:48:05Z,
94.156.8.116,ipv4,malicious-ip,medium,WHITE,ziyadnz/hourly-ipv4,ziyadnz|hourly,2026-08-17T18:48:05Z,2026-08-17T18:48:05Z,
94.156.8.185,ipv4,malicious-ip,medium,WHITE,ziyadnz/hourly-ipv4,ziyadnz|hourly,2026-08-17T18:48:05Z,2026-08-17T18:48:05Z,
94.158.244.118,ipv4,malicious-ip,medium,WHITE,ziyadnz/hourly-ipv4,ziyadnz|hourly,2026-08-17T18:48:05Z,2026-08-17T18:48:05Z,
94.158.244.32,ipv4,malicious-ip,medium,WHITE,ziyadnz/hourly-ipv4,ziyadnz|hourly,2026-08-17T18:48:05Z,2026-08-17T18:48:05Z,
94.158.244.69,ipv4,malicious-ip,medium,WHITE,ziyadnz/hourly-ipv4,ziyadnz|hourly,2026-08-17T18:48:05Z,2026-08-17T18:48:05Z,
94.158.245.104,ipv4,malicious-ip,medium,WHITE,ziyadnz/hourly-ipv4,ziyadnz|hourly,2026-08-17T18:48:05Z,2026-08-17T18:48:05Z,
94.158.245.111,ipv4,malicious-ip,medium,WHITE,ziyadnz/hourly-ipv4,ziyadnz|hourly,2026-08-17T18:48:05Z,2026-08-17T18:48:05Z,
94.158.245.115,ipv4,malicious-ip,medium,WHITE,ziyadnz/hourly-ipv4,ziyadnz|hourly,2026-08-17T18:48:05Z,2026-08-17T18:48:05Z,
94.158.245.118,ipv4,malicious-ip,medium,WHITE,ziyadnz/hourly-ipv4,ziyadnz|hourly,2026-08-17T18:48:05Z,2026-08-17T18:48:05Z,
94.158.245.124,ipv4,malicious-ip,medium,WHITE,ziyadnz/hourly-ipv4,ziyadnz|hourly,2026-08-17T18:48:05Z,2026-08-17T18:48:05Z,
94.158.245.13,ipv4,malicious-ip,medium,WHITE,ziyadnz/hourly-ipv4,ziyadnz|hourly,2026-08-17T18:48:05Z,2026-08-17T18:48:05Z,
94.158.245.131,ipv4,malicious-ip,medium,WHITE,ziyadnz/hourly-ipv4,ziyadnz|hourly,2026-08-17T18:48:05Z,2026-08-17T18:48:05Z,
94.158.245.135,ipv4,malicious-ip,medium,WHITE,ziyadnz/hourly-ipv4,ziyadnz|hourly,2026-08-17T18:48:05Z,2026-08-17T18:48:05Z,
94.158.245.137,ipv4,malicious-ip,medium,WHITE,ziyadnz/hourly-ipv4,ziyadnz|hourly,2026-08-17T18:48:05Z,2026-08-17T18:48:05Z,
94.158.245.140,ipv4,malicious-ip,medium,WHITE,ziyadnz/hourly-ipv4,ziyadnz|hourly,2026-08-17T18:48:05Z,2026-08-17T18:48:05Z,
94.158.245.170,ipv4,malicious-ip,medium,WHITE,ziyadnz/hourly-ipv4,ziyadnz|hourly,2026-08-17T18:48:05Z,2026-08-17T18:48:05Z,
94.158.245.174,ipv4,malicious-ip,medium,WHITE,ziyadnz/hourly-ipv4,ziyadnz|hourly,2026-08-17T18:48:05Z,2026-08-17T18:48:05Z,
94.158.245.56,ipv4,malicious-ip,medium,WHITE,ziyadnz/hourly-ipv4,ziyadnz|hourly,2026-08-17T18:48:05Z,2026-08-17T18:48:05Z,
94.158.245.81,ipv4,malicious-ip,medium,WHITE,ziyadnz/hourly-ipv4,ziyadnz|hourly,2026-08-17T18:48:05Z,2026-08-17T18:48:05Z,
94.158.247.27,ipv4,malicious-ip,medium,WHITE,ziyadnz/hourly-ipv4,ziyadnz|hourly,2026-08-17T18:48:05Z,2026-08-17T18:48:05Z,
94.158.58.0,ipv4,malicious-ip,medium,WHITE,ziyadnz/hourly-ipv4,ziyadnz|hourly,2026-08-17T18:48:05Z,2026-08-17T18:48:05Z,
94.158.58.117,ipv4,malicious-ip,medium,WHITE,ziyadnz/hourly-ipv4,ziyadnz|hourly,2026-08-17T18:48:05Z,2026-08-17T18:48:05Z,
94.158.58.123,ipv4,malicious-ip,medium,WHITE,ziyadnz/hourly-ipv4,ziyadnz|hourly,2026-08-17T18:48:05Z,2026-08-17T18:48:05Z,
94.158.58.127,ipv4,malicious-ip,medium,WHITE,ziyadnz/hourly-ipv4,ziyadnz|hourly,2026-08-17T18:48:05Z,2026-08-17T18:48:05Z,
94.158.58.187,ipv4,malicious-ip,medium,WHITE,ziyadnz/hourly-ipv4,ziyadnz|hourly,2026-08-17T18:48:05Z,2026-08-17T18:48:05Z,
94.158.58.204,ipv4,malicious-ip,medium,WHITE,ziyadnz/hourly-ipv4,ziyadnz|hourly,2026-08-17T18:48:05Z,2026-08-17T18:48:05Z,
94.158.58.214,ipv4,malicious-ip,medium,WHITE,ziyadnz/hourly-ipv4,ziyadnz|hourly,2026-08-17T18:48:05Z,2026-08-17T18:48:05Z,
94.158.58.217,ipv4,malicious-ip,medium,WHITE,ziyadnz/hourly-ipv4,ziyadnz|hourly,2026-08-17T18:48:05Z,2026-08-17T18:48:05Z,
94.158.58.30,ipv4,malicious-ip,medium,WHITE,ziyadnz/hourly-ipv4,ziyadnz|hourly,2026-08-17T18:48:05Z,2026-08-17T18:48:05Z,
94.158.58.89,ipv4,malicious-ip,medium,WHITE,ziyadnz/hourly-ipv4,ziyadnz|hourly,2026-08-17T18:48:05Z,2026-08-17T18:48:05Z,
94.158.60.0,ipv4,malicious-ip,medium,WHITE,ziyadnz/hourly-ipv4,ziyadnz|hourly,2026-08-17T18:48:05Z,2026-08-17T18:48:05Z,
94.158.60.15,ipv4,malicious-ip,medium,WHITE,ziyadnz/hourly-ipv4,ziyadnz|hourly,2026-08-17T18:48:05Z,2026-08-17T18:48:05Z,
94.158.60.160,ipv4,malicious-ip,medium,WHITE,ziyadnz/hourly-ipv4,ziyadnz|hourly,2026-08-17T18:48:05Z,2026-08-17T18:48:05Z,
94.158.60.163,ipv4,malicious-ip,medium,WHITE,ziyadnz/hourly-ipv4,ziyadnz|hourly,2026-08-17T18:48:05Z,2026-08-17T18:48:05Z,
94.158.60.177,ipv4,malicious-ip,medium,WHITE,ziyadnz/hourly-ipv4,ziyadnz|hourly,2026-08-17T18:48:05Z,2026-08-17T18:48:05Z,
94.158.60.38,ipv4,malicious-ip,medium,WHITE,ziyadnz/hourly-ipv4,ziyadnz|hourly,2026-08-17T18:48:05Z,2026-08-17T18:48:05Z,
94.158.60.71,ipv4,malicious-ip,medium,WHITE,ziyadnz/hourly-ipv4,ziyadnz|hourly,2026-08-17T18:48:05Z,2026-08-17T18:48:05Z,
94.159.105.176,ipv4,malicious-ip,medium,WHITE,ziyadnz/hourly-ipv4,ziyadnz|hourly,2026-08-17T18:48:05Z,2026-08-17T18:48:05Z,
94.159.106.5,ipv4,malicious-ip,medium,WHITE,ziyadnz/hourly-ipv4,ziyadnz|hourly,2026-08-17T18:48:05Z,2026-08-17T18:48:05Z,
94.159.108.238,ipv4,malicious-ip,medium,WHITE,ziyadnz/hourly-ipv4,ziyadnz|hourly,2026-08-17T18:48:05Z,2026-08-17T18:48:05Z,
94.159.109.121,ipv4,malicious-ip,medium,WHITE,ziyadnz/hourly-ipv4,ziyadnz|hourly,2026-08-17T18:48:05Z,2026-08-17T18:48:05Z,
94.159.112.56,ipv4,malicious-ip,medium,WHITE,ziyadnz/hourly-ipv4,ziyadnz|hourly,2026-08-17T18:48:05Z,2026-08-17T18:48:05Z,
94.159.113.123,ipv4,malicious-ip,medium,WHITE,ziyadnz/hourly-ipv4,ziyadnz|hourly,2026-08-17T18:48:05Z,2026-08-17T18:48:05Z,
94.159.113.33,ipv4,malicious-ip,medium,WHITE,ziyadnz/hourly-ipv4,ziyadnz|hourly,2026-08-17T18:48:05Z,2026-08-17T18:48:05Z,
94.159.113.64,ipv4,malicious-ip,medium,WHITE,ziyadnz/hourly-ipv4,ziyadnz|hourly,2026-08-17T18:48:05Z,2026-08-17T18:48:05Z,
94.159.47.150,ipv4,malicious-ip,medium,WHITE,ziyadnz/hourly-ipv4,ziyadnz|hourly,2026-08-17T18:48:05Z,2026-08-17T18:48:05Z,
94.159.59.30,ipv4,malicious-ip,medium,WHITE,ziyadnz/hourly-ipv4,ziyadnz|hourly,2026-08-17T18:48:05Z,2026-08-17T18:48:05Z,
94.16.115.121,ipv4,malicious-ip,medium,WHITE,ziyadnz/hourly-ipv4,ziyadnz|hourly,2026-08-17T18:48:05Z,2026-08-17T18:48:05Z,
94.16.116.81,ipv4,malicious-ip,medium,WHITE,ziyadnz/hourly-ipv4,ziyadnz|hourly,2026-08-17T18:48:05Z,2026-08-17T18:48:05Z,
94.16.122.152,ipv4,malicious-ip,medium,WHITE,ziyadnz/hourly-ipv4,ziyadnz|hourly,2026-08-17T18:48:05Z,2026-08-17T18:48:05Z,
94.16.17.140,ipv4,malicious-ip,medium,WHITE,ziyadnz/hourly-ipv4,ziyadnz|hourly,2026-08-17T18:48:05Z,2026-08-17T18:48:05Z,
94.168.120.202,ipv4,malicious-ip,medium,WHITE,ziyadnz/hourly-ipv4,ziyadnz|hourly,2026-08-17T18:48:05Z,2026-08-17T18:48:05Z,
94.176.23.25,ipv4,malicious-ip,medium,WHITE,ziyadnz/hourly-ipv4,ziyadnz|hourly,2026-08-17T18:48:05Z,2026-08-17T18:48:05Z,
94.177.202.229,ipv4,malicious-ip,medium,WHITE,ziyadnz/hourly-ipv4,ziyadnz|hourly,2026-08-17T18:48:05Z,2026-08-17T18:48:05Z,
94.178.142.157,ipv4,malicious-ip,medium,WHITE,ziyadnz/hourly-ipv4,ziyadnz|hourly,2026-08-17T18:48:05Z,2026-08-17T18:48:05Z,
94.178.190.85,ipv4,malicious-ip,medium,WHITE,ziyadnz/hourly-ipv4,ziyadnz|hourly,2026-08-17T18:48:05Z,2026-08-17T18:48:05Z,
94.178.192.12,ipv4,malicious-ip,medium,WHITE,ziyadnz/hourly-ipv4,ziyadnz|hourly,2026-08-17T18:48:05Z,2026-08-17T18:48:05Z,
94.178.196.4,ipv4,malicious-ip,medium,WHITE,ziyadnz/hourly-ipv4,ziyadnz|hourly,2026-08-17T18:48:05Z,2026-08-17T18:48:05Z,
94.179.1.44,ipv4,malicious-ip,medium,WHITE,ziyadnz/hourly-ipv4,ziyadnz|hourly,2026-08-17T18:48:05Z,2026-08-17T18:48:05Z,
94.179.1.46,ipv4,malicious-ip,medium,WHITE,ziyadnz/hourly-ipv4,ziyadnz|hourly,2026-08-17T18:48:05Z,2026-08-17T18:48:05Z,
94.179.134.74,ipv4,malicious-ip,medium,WHITE,ziyadnz/hourly-ipv4,ziyadnz|hourly,2026-08-17T18:48:05Z,2026-08-17T18:48:05Z,
94.179.145.110,ipv4,malicious-ip,medium,WHITE,ziyadnz/hourly-ipv4,ziyadnz|hourly,2026-08-17T18:48:05Z,2026-08-17T18:48:05Z,
94.179.67.110,ipv4,malicious-ip,medium,WHITE,ziyadnz/hourly-ipv4,ziyadnz|hourly,2026-08-17T18:48:05Z,2026-08-17T18:48:05Z,
94.180.129.35,ipv4,malicious-ip,medium,WHITE,ziyadnz/hourly-ipv4,ziyadnz|hourly,2026-08-17T18:48:05Z,2026-08-17T18:48:05Z,
94.180.217.46,ipv4,malicious-ip,medium,WHITE,ziyadnz/hourly-ipv4,ziyadnz|hourly,2026-08-17T18:48:05Z,2026-08-17T18:48:05Z,
94.180.224.210,ipv4,malicious-ip,medium,WHITE,ziyadnz/hourly-ipv4,ziyadnz|hourly,2026-08-17T18:48:05Z,2026-08-17T18:48:05Z,
94.180.224.6,ipv4,malicious-ip,medium,WHITE,ziyadnz/hourly-ipv4,ziyadnz|hourly,2026-08-17T18:48:05Z,2026-08-17T18:48:05Z,
94.180.238.116,ipv4,malicious-ip,medium,WHITE,ziyadnz/hourly-ipv4,ziyadnz|hourly,2026-08-17T18:48:05Z,2026-08-17T18:48:05Z,
94.180.245.204,ipv4,malicious-ip,medium,WHITE,ziyadnz/hourly-ipv4,ziyadnz|hourly,2026-08-17T18:48:05Z,2026-08-17T18:48:05Z,
94.180.250.11,ipv4,malicious-ip,medium,WHITE,ziyadnz/hourly-ipv4,ziyadnz|hourly,2026-08-17T18:48:05Z,2026-08-17T18:48:05Z,
94.181.179.193,ipv4,malicious-ip,medium,WHITE,ziyadnz/hourly-ipv4,ziyadnz|hourly,2026-08-17T18:48:05Z,2026-08-17T18:48:05Z,
94.181.229.250,ipv4,malicious-ip,medium,WHITE,ziyadnz/hourly-ipv4,ziyadnz|hourly,2026-08-17T18:48:05Z,2026-08-17T18:48:05Z,
94.182.108.57,ipv4,malicious-ip,medium,WHITE,ziyadnz/hourly-ipv4,ziyadnz|hourly,2026-08-17T18:48:05Z,2026-08-17T18:48:05Z,
94.182.136.108,ipv4,malicious-ip,medium,WHITE,ziyadnz/hourly-ipv4,ziyadnz|hourly,2026-08-17T18:48:05Z,2026-08-17T18:48:05Z,
94.182.136.208,ipv4,malicious-ip,medium,WHITE,ziyadnz/hourly-ipv4,ziyadnz|hourly,2026-08-17T18:48:05Z,2026-08-17T18:48:05Z,
94.182.149.29,ipv4,malicious-ip,medium,WHITE,ziyadnz/hourly-ipv4,ziyadnz|hourly,2026-08-17T18:48:05Z,2026-08-17T18:48:05Z,
94.182.168.149,ipv4,malicious-ip,medium,WHITE,ziyadnz/hourly-ipv4,ziyadnz|hourly,2026-08-17T18:48:05Z,2026-08-17T18:48:05Z,
94.183.170.14,ipv4,malicious-ip,medium,WHITE,ziyadnz/hourly-ipv4,ziyadnz|hourly,2026-08-17T18:48:05Z,2026-08-17T18:48:05Z,
94.183.170.167,ipv4,malicious-ip,medium,WHITE,ziyadnz/hourly-ipv4,ziyadnz|hourly,2026-08-17T18:48:05Z,2026-08-17T18:48:05Z,
94.183.170.19,ipv4,malicious-ip,medium,WHITE,ziyadnz/hourly-ipv4,ziyadnz|hourly,2026-08-17T18:48:05Z,2026-08-17T18:48:05Z,
94.183.170.232,ipv4,malicious-ip,medium,WHITE,ziyadnz/hourly-ipv4,ziyadnz|hourly,2026-08-17T18:48:05Z,2026-08-17T18:48:05Z,
94.183.170.248,ipv4,malicious-ip,medium,WHITE,ziyadnz/hourly-ipv4,ziyadnz|hourly,2026-08-17T18:48:05Z,2026-08-17T18:48:05Z,
94.183.177.120,ipv4,malicious-ip,medium,WHITE,ziyadnz/hourly-ipv4,ziyadnz|hourly,2026-08-17T18:48:05Z,2026-08-17T18:48:05Z,
94.183.183.52,ipv4,malicious-ip,medium,WHITE,ziyadnz/hourly-ipv4,ziyadnz|hourly,2026-08-17T18:48:05Z,2026-08-17T18:48:05Z,
94.183.185.142,ipv4,malicious-ip,medium,WHITE,ziyadnz/hourly-ipv4,ziyadnz|hourly,2026-08-17T18:48:05Z,2026-08-17T18:48:05Z,
94.183.188.148,ipv4,malicious-ip,medium,WHITE,ziyadnz/hourly-ipv4,ziyadnz|hourly,2026-08-17T18:48:05Z,2026-08-17T18:48:05Z,
94.183.188.80,ipv4,malicious-ip,medium,WHITE,ziyadnz/hourly-ipv4,ziyadnz|hourly,2026-08-17T18:48:05Z,2026-08-17T18:48:05Z,
94.183.188.94,ipv4,malicious-ip,medium,WHITE,ziyadnz/hourly-ipv4,ziyadnz|hourly,2026-08-17T18:48:05Z,2026-08-17T18:48:05Z,
94.183.203.15,ipv4,malicious-ip,medium,WHITE,ziyadnz/hourly-ipv4,ziyadnz|hourly,2026-08-17T18:48:05Z,2026-08-17T18:48:05Z,
94.183.203.2,ipv4,malicious-ip,medium,WHITE,ziyadnz/hourly-ipv4,ziyadnz|hourly,2026-08-17T18:48:05Z,2026-08-17T18:48:05Z,
94.183.203.28,ipv4,malicious-ip,medium,WHITE,ziyadnz/hourly-ipv4,ziyadnz|hourly,2026-08-17T18:48:05Z,2026-08-17T18:48:05Z,
94.183.203.7,ipv4,malicious-ip,medium,WHITE,ziyadnz/hourly-ipv4,ziyadnz|hourly,2026-08-17T18:48:05Z,2026-08-17T18:48:05Z,
94.183.208.145,ipv4,malicious-ip,medium,WHITE,ziyadnz/hourly-ipv4,ziyadnz|hourly,2026-08-17T18:48:05Z,2026-08-17T18:48:05Z,
94.183.208.154,ipv4,malicious-ip,medium,WHITE,ziyadnz/hourly-ipv4,ziyadnz|hourly,2026-08-17T18:48:05Z,2026-08-17T18:48:05Z,
94.183.208.39,ipv4,malicious-ip,medium,WHITE,ziyadnz/hourly-ipv4,ziyadnz|hourly,2026-08-17T18:48:05Z,2026-08-17T18:48:05Z,
94.183.208.7,ipv4,malicious-ip,medium,WHITE,ziyadnz/hourly-ipv4,ziyadnz|hourly,2026-08-17T18:48:05Z,2026-08-17T18:48:05Z,
94.183.208.75,ipv4,malicious-ip,medium,WHITE,ziyadnz/hourly-ipv4,ziyadnz|hourly,2026-08-17T18:48:05Z,2026-08-17T18:48:05Z,
94.183.209.103,ipv4,malicious-ip,medium,WHITE,ziyadnz/hourly-ipv4,ziyadnz|hourly,2026-08-17T18:48:05Z,2026-08-17T18:48:05Z,
94.183.209.156,ipv4,malicious-ip,medium,WHITE,ziyadnz/hourly-ipv4,ziyadnz|hourly,2026-08-17T18:48:05Z,2026-08-17T18:48:05Z,
94.183.209.177,ipv4,malicious-ip,medium,WHITE,ziyadnz/hourly-ipv4,ziyadnz|hourly,2026-08-17T18:48:05Z,2026-08-17T18:48:05Z,
94.183.209.29,ipv4,malicious-ip,medium,WHITE,ziyadnz/hourly-ipv4,ziyadnz|hourly,2026-08-17T18:48:05Z,2026-08-17T18:48:05Z,
94.183.209.5,ipv4,malicious-ip,medium,WHITE,ziyadnz/hourly-ipv4,ziyadnz|hourly,2026-08-17T18:48:05Z,2026-08-17T18:48:05Z,
94.183.226.226,ipv4,malicious-ip,medium,WHITE,ziyadnz/hourly-ipv4,ziyadnz|hourly,2026-08-17T18:48:05Z,2026-08-17T18:48:05Z,
94.183.231.205,ipv4,malicious-ip,medium,WHITE,ziyadnz/hourly-ipv4,ziyadnz|hourly,2026-08-17T18:48:05Z,2026-08-17T18:48:05Z,
94.183.231.50,ipv4,malicious-ip,medium,WHITE,ziyadnz/hourly-ipv4,ziyadnz|hourly,2026-08-17T18:48:05Z,2026-08-17T18:48:05Z,
94.183.232.247,ipv4,malicious-ip,medium,WHITE,ziyadnz/hourly-ipv4,ziyadnz|hourly,2026-08-17T18:48:05Z,2026-08-17T18:48:05Z,
94.183.234.128,ipv4,malicious-ip,medium,WHITE,ziyadnz/hourly-ipv4,ziyadnz|hourly,2026-08-17T18:48:05Z,2026-08-17T18:48:05Z,
94.183.238.155,ipv4,malicious-ip,medium,WHITE,ziyadnz/hourly-ipv4,ziyadnz|hourly,2026-08-17T18:48:05Z,2026-08-17T18:48:05Z,
94.183.238.180,ipv4,malicious-ip,medium,WHITE,ziyadnz/hourly-ipv4,ziyadnz|hourly,2026-08-17T18:48:05Z,2026-08-17T18:48:05Z,
94.183.238.216,ipv4,malicious-ip,medium,WHITE,ziyadnz/hourly-ipv4,ziyadnz|hourly,2026-08-17T18:48:05Z,2026-08-17T18:48:05Z,
94.183.238.243,ipv4,malicious-ip,medium,WHITE,ziyadnz/hourly-ipv4,ziyadnz|hourly,2026-08-17T18:48:05Z,2026-08-17T18:48:05Z,
94.183.238.70,ipv4,malicious-ip,medium,WHITE,ziyadnz/hourly-ipv4,ziyadnz|hourly,2026-08-17T18:48:05Z,2026-08-17T18:48:05Z,
94.183.239.105,ipv4,malicious-ip,medium,WHITE,ziyadnz/hourly-ipv4,ziyadnz|hourly,2026-08-17T18:48:05Z,2026-08-17T18:48:05Z,
94.183.239.3,ipv4,malicious-ip,medium,WHITE,ziyadnz/hourly-ipv4,ziyadnz|hourly,2026-08-17T18:48:05Z,2026-08-17T18:48:05Z,
94.183.239.6,ipv4,malicious-ip,medium,WHITE,ziyadnz/hourly-ipv4,ziyadnz|hourly,2026-08-17T18:48:05Z,2026-08-17T18:48:05Z,
94.183.239.74,ipv4,malicious-ip,medium,WHITE,ziyadnz/hourly-ipv4,ziyadnz|hourly,2026-08-17T18:48:05Z,2026-08-17T18:48:05Z,
94.183.254.192,ipv4,malicious-ip,medium,WHITE,ziyadnz/hourly-ipv4,ziyadnz|hourly,2026-08-17T18:48:05Z,2026-08-17T18:48:05Z,
94.183.254.244,ipv4,malicious-ip,medium,WHITE,ziyadnz/hourly-ipv4,ziyadnz|hourly,2026-08-17T18:48:05Z,2026-08-17T18:48:05Z,
94.183.254.54,ipv4,malicious-ip,medium,WHITE,ziyadnz/hourly-ipv4,ziyadnz|hourly,2026-08-17T18:48:05Z,2026-08-17T18:48:05Z,
94.183.254.97,ipv4,malicious-ip,medium,WHITE,ziyadnz/hourly-ipv4,ziyadnz|hourly,2026-08-17T18:48:05Z,2026-08-17T18:48:05Z,
94.183.27.167,ipv4,malicious-ip,medium,WHITE,ziyadnz/hourly-ipv4,ziyadnz|hourly,2026-08-17T18:48:05Z,2026-08-17T18:48:05Z,
94.183.31.168,ipv4,malicious-ip,medium,WHITE,ziyadnz/hourly-ipv4,ziyadnz|hourly,2026-08-17T18:48:05Z,2026-08-17T18:48:05Z,
94.183.72.204,ipv4,malicious-ip,medium,WHITE,ziyadnz/hourly-ipv4,ziyadnz|hourly,2026-08-17T18:48:05Z,2026-08-17T18:48:05Z,
94.184.17.122,ipv4,malicious-ip,medium,WHITE,ziyadnz/hourly-ipv4,ziyadnz|hourly,2026-08-17T18:48:05Z,2026-08-17T18:48:05Z,
94.184.17.134,ipv4,malicious-ip,medium,WHITE,ziyadnz/hourly-ipv4,ziyadnz|hourly,2026-08-17T18:48:05Z,2026-08-17T18:48:05Z,
94.184.177.71,ipv4,malicious-ip,medium,WHITE,ziyadnz/hourly-ipv4,ziyadnz|hourly,2026-08-17T18:48:05Z,2026-08-17T18:48:05Z,
94.187.171.125,ipv4,malicious-ip,medium,WHITE,ziyadnz/hourly-ipv4,ziyadnz|hourly,2026-08-17T18:48:05Z,2026-08-17T18:48:05Z,
94.188.104.31,ipv4,malicious-ip,medium,WHITE,ziyadnz/hourly-ipv4,ziyadnz|hourly,2026-08-17T18:48:05Z,2026-08-17T18:48:05Z,
94.190.15.13,ipv4,malicious-ip,medium,WHITE,ziyadnz/hourly-ipv4,ziyadnz|hourly,2026-08-17T18:48:05Z,2026-08-17T18:48:05Z,
94.190.181.40,ipv4,malicious-ip,medium,WHITE,ziyadnz/hourly-ipv4,ziyadnz|hourly,2026-08-17T18:48:05Z,2026-08-17T18:48:05Z,
94.190.191.26,ipv4,malicious-ip,medium,WHITE,ziyadnz/hourly-ipv4,ziyadnz|hourly,2026-08-17T18:48:05Z,2026-08-17T18:48:05Z,
94.190.234.223,ipv4,malicious-ip,medium,WHITE,ziyadnz/hourly-ipv4,ziyadnz|hourly,2026-08-17T18:48:05Z,2026-08-17T18:48:05Z,
94.198.221.101,ipv4,malicious-ip,medium,WHITE,ziyadnz/hourly-ipv4,ziyadnz|hourly,2026-08-17T18:48:05Z,2026-08-17T18:48:05Z,
94.198.4.163,ipv4,malicious-ip,medium,WHITE,ziyadnz/hourly-ipv4,ziyadnz|hourly,2026-08-17T18:48:05Z,2026-08-17T18:48:05Z,
94.198.40.126,ipv4,malicious-ip,medium,WHITE,ziyadnz/hourly-ipv4,ziyadnz|hourly,2026-08-17T18:48:05Z,2026-08-17T18:48:05Z,
94.198.40.4,ipv4,malicious-ip,medium,WHITE,ziyadnz/hourly-ipv4,ziyadnz|hourly,2026-08-17T18:48:05Z,2026-08-17T18:48:05Z,
94.198.50.147,ipv4,malicious-ip,medium,WHITE,ziyadnz/hourly-ipv4,ziyadnz|hourly,2026-08-17T18:48:05Z,2026-08-17T18:48:05Z,
94.198.50.210,ipv4,malicious-ip,medium,WHITE,ziyadnz/hourly-ipv4,ziyadnz|hourly,2026-08-17T18:48:05Z,2026-08-17T18:48:05Z,
94.198.51.202,ipv4,malicious-ip,medium,WHITE,ziyadnz/hourly-ipv4,ziyadnz|hourly,2026-08-17T18:48:05Z,2026-08-17T18:48:05Z,
94.198.52.200,ipv4,malicious-ip,medium,WHITE,ziyadnz/hourly-ipv4,ziyadnz|hourly,2026-08-17T18:48:05Z,2026-08-17T18:48:05Z,
94.198.53.17,ipv4,malicious-ip,medium,WHITE,ziyadnz/hourly-ipv4,ziyadnz|hourly,2026-08-17T18:48:05Z,2026-08-17T18:48:05Z,
94.199.173.6,ipv4,malicious-ip,medium,WHITE,ziyadnz/hourly-ipv4,ziyadnz|hourly,2026-08-17T18:48:05Z,2026-08-17T18:48:05Z,
94.199.21.134,ipv4,malicious-ip,medium,WHITE,ziyadnz/hourly-ipv4,ziyadnz|hourly,2026-08-17T18:48:05Z,2026-08-17T18:48:05Z,
94.20.183.199,ipv4,malicious-ip,medium,WHITE,ziyadnz/hourly-ipv4,ziyadnz|hourly,2026-08-17T18:48:05Z,2026-08-17T18:48:05Z,
94.20.208.70,ipv4,malicious-ip,medium,WHITE,ziyadnz/hourly-ipv4,ziyadnz|hourly,2026-08-17T18:48:05Z,2026-08-17T18:48:05Z,
94.20.234.135,ipv4,malicious-ip,medium,WHITE,ziyadnz/hourly-ipv4,ziyadnz|hourly,2026-08-17T18:48:05Z,2026-08-17T18:48:05Z,
94.20.46.19,ipv4,malicious-ip,medium,WHITE,ziyadnz/hourly-ipv4,ziyadnz|hourly,2026-08-17T18:48:05Z,2026-08-17T18:48:05Z,
94.20.48.57,ipv4,malicious-ip,medium,WHITE,ziyadnz/hourly-ipv4,ziyadnz|hourly,2026-08-17T18:48:05Z,2026-08-17T18:48:05Z,
94.200.248.10,ipv4,malicious-ip,medium,WHITE,ziyadnz/hourly-ipv4,ziyadnz|hourly,2026-08-17T18:48:05Z,2026-08-17T18:48:05Z,
94.200.46.236,ipv4,malicious-ip,medium,WHITE,ziyadnz/hourly-ipv4,ziyadnz|hourly,2026-08-17T18:48:05Z,2026-08-17T18:48:05Z,
94.202.13.224,ipv4,malicious-ip,medium,WHITE,ziyadnz/hourly-ipv4,ziyadnz|hourly,2026-08-17T18:48:05Z,2026-08-17T18:48:05Z,
94.202.15.23,ipv4,malicious-ip,medium,WHITE,ziyadnz/hourly-ipv4,ziyadnz|hourly,2026-08-17T18:48:05Z,2026-08-17T18:48:05Z,
94.203.16.203,ipv4,malicious-ip,medium,WHITE,ziyadnz/hourly-ipv4,ziyadnz|hourly,2026-08-17T18:48:05Z,2026-08-17T18:48:05Z,
94.203.231.32,ipv4,malicious-ip,medium,WHITE,ziyadnz/hourly-ipv4,ziyadnz|hourly,2026-08-17T18:48:05Z,2026-08-17T18:48:05Z,
94.204.216.138,ipv4,malicious-ip,medium,WHITE,ziyadnz/hourly-ipv4,ziyadnz|hourly,2026-08-17T18:48:05Z,2026-08-17T18:48:05Z,
94.204.224.17,ipv4,malicious-ip,medium,WHITE,ziyadnz/hourly-ipv4,ziyadnz|hourly,2026-08-17T18:48:05Z,2026-08-17T18:48:05Z,
94.205.228.167,ipv4,malicious-ip,medium,WHITE,ziyadnz/hourly-ipv4,ziyadnz|hourly,2026-08-17T18:48:05Z,2026-08-17T18:48:05Z,
94.205.245.130,ipv4,malicious-ip,medium,WHITE,ziyadnz/hourly-ipv4,ziyadnz|hourly,2026-08-17T18:48:05Z,2026-08-17T18:48:05Z,
94.205.58.90,ipv4,malicious-ip,medium,WHITE,ziyadnz/hourly-ipv4,ziyadnz|hourly,2026-08-17T18:48:05Z,2026-08-17T18:48:05Z,
94.206.65.94,ipv4,malicious-ip,medium,WHITE,ziyadnz/hourly-ipv4,ziyadnz|hourly,2026-08-17T18:48:05Z,2026-08-17T18:48:05Z,
94.207.11.178,ipv4,malicious-ip,medium,WHITE,ziyadnz/hourly-ipv4,ziyadnz|hourly,2026-08-17T18:48:05Z,2026-08-17T18:48:05Z,
94.207.207.108,ipv4,malicious-ip,medium,WHITE,ziyadnz/hourly-ipv4,ziyadnz|hourly,2026-08-17T18:48:05Z,2026-08-17T18:48:05Z,
94.224.82.40,ipv4,malicious-ip,medium,WHITE,ziyadnz/hourly-ipv4,ziyadnz|hourly,2026-08-17T18:48:05Z,2026-08-17T18:48:05Z,
94.228.161.88,ipv4,malicious-ip,medium,WHITE,ziyadnz/hourly-ipv4,ziyadnz|hourly,2026-08-17T18:48:05Z,2026-08-17T18:48:05Z,
94.228.166.22,ipv4,malicious-ip,medium,WHITE,ziyadnz/hourly-ipv4,ziyadnz|hourly,2026-08-17T18:48:05Z,2026-08-17T18:48:05Z,
94.228.168.60,ipv4,malicious-ip,medium,WHITE,ziyadnz/hourly-ipv4,ziyadnz|hourly,2026-08-17T18:48:05Z,2026-08-17T18:48:05Z,
94.228.169.123,ipv4,malicious-ip,medium,WHITE,ziyadnz/hourly-ipv4,ziyadnz|hourly,2026-08-17T18:48:05Z,2026-08-17T18:48:05Z,
94.228.169.143,ipv4,malicious-ip,medium,WHITE,ziyadnz/hourly-ipv4,ziyadnz|hourly,2026-08-17T18:48:05Z,2026-08-17T18:48:05Z,
94.228.7.54,ipv4,malicious-ip,medium,WHITE,ziyadnz/hourly-ipv4,ziyadnz|hourly,2026-08-17T18:48:05Z,2026-08-17T18:48:05Z,
94.229.64.108,ipv4,malicious-ip,medium,WHITE,ziyadnz/hourly-ipv4,ziyadnz|hourly,2026-08-17T18:48:05Z,2026-08-17T18:48:05Z,
94.23.101.33,ipv4,malicious-ip,medium,WHITE,ziyadnz/hourly-ipv4,ziyadnz|hourly,2026-08-17T18:48:05Z,2026-08-17T18:48:05Z,
94.23.144.189,ipv4,malicious-ip,medium,WHITE,ziyadnz/hourly-ipv4,ziyadnz|hourly,2026-08-17T18:48:05Z,2026-08-17T18:48:05Z,
94.23.162.186,ipv4,malicious-ip,medium,WHITE,ziyadnz/hourly-ipv4,ziyadnz|hourly,2026-08-17T18:48:05Z,2026-08-17T18:48:05Z,
94.23.168.183,ipv4,malicious-ip,medium,WHITE,ziyadnz/hourly-ipv4,ziyadnz|hourly,2026-08-17T18:48:05Z,2026-08-17T18:48:05Z,
94.23.188.0,ipv4,malicious-ip,medium,WHITE,ziyadnz/hourly-ipv4,ziyadnz|hourly,2026-08-17T18:48:05Z,2026-08-17T18:48:05Z,
94.23.188.194,ipv4,malicious-ip,medium,WHITE,ziyadnz/hourly-ipv4,ziyadnz|hourly,2026-08-17T18:48:05Z,2026-08-17T18:48:05Z,
94.23.188.199,ipv4,malicious-ip,medium,WHITE,ziyadnz/hourly-ipv4,ziyadnz|hourly,2026-08-17T18:48:05Z,2026-08-17T18:48:05Z,
94.23.188.200,ipv4,malicious-ip,medium,WHITE,ziyadnz/hourly-ipv4,ziyadnz|hourly,2026-08-17T18:48:05Z,2026-08-17T18:48:05Z,
94.23.188.202,ipv4,malicious-ip,medium,WHITE,ziyadnz/hourly-ipv4,ziyadnz|hourly,2026-08-17T18:48:05Z,2026-08-17T18:48:05Z,
94.23.188.204,ipv4,malicious-ip,medium,WHITE,ziyadnz/hourly-ipv4,ziyadnz|hourly,2026-08-17T18:48:05Z,2026-08-17T18:48:05Z,
94.23.188.207,ipv4,malicious-ip,medium,WHITE,ziyadnz/hourly-ipv4,ziyadnz|hourly,2026-08-17T18:48:05Z,2026-08-17T18:48:05Z,
94.23.188.210,ipv4,malicious-ip,medium,WHITE,ziyadnz/hourly-ipv4,ziyadnz|hourly,2026-08-17T18:48:05Z,2026-08-17T18:48:05Z,
94.23.188.211,ipv4,malicious-ip,medium,WHITE,ziyadnz/hourly-ipv4,ziyadnz|hourly,2026-08-17T18:48:05Z,2026-08-17T18:48:05Z,
94.23.188.215,ipv4,malicious-ip,medium,WHITE,ziyadnz/hourly-ipv4,ziyadnz|hourly,2026-08-17T18:48:05Z,2026-08-17T18:48:05Z,
94.23.188.216,ipv4,malicious-ip,medium,WHITE,ziyadnz/hourly-ipv4,ziyadnz|hourly,2026-08-17T18:48:05Z,2026-08-17T18:48:05Z,
94.23.188.219,ipv4,malicious-ip,medium,WHITE,ziyadnz/hourly-ipv4,ziyadnz|hourly,2026-08-17T18:48:05Z,2026-08-17T18:48:05Z,
94.23.188.223,ipv4,malicious-ip,medium,WHITE,ziyadnz/hourly-ipv4,ziyadnz|hourly,2026-08-17T18:48:05Z,2026-08-17T18:48:05Z,
94.23.206.130,ipv4,malicious-ip,medium,WHITE,ziyadnz/hourly-ipv4,ziyadnz|hourly,2026-08-17T18:48:05Z,2026-08-17T18:48:05Z,
94.23.208.20,ipv4,malicious-ip,medium,WHITE,ziyadnz/hourly-ipv4,ziyadnz|hourly,2026-08-17T18:48:05Z,2026-08-17T18:48:05Z,
94.23.212.204,ipv4,malicious-ip,medium,WHITE,ziyadnz/hourly-ipv4,ziyadnz|hourly,2026-08-17T18:48:05Z,2026-08-17T18:48:05Z,
94.23.23.52,ipv4,malicious-ip,medium,WHITE,ziyadnz/hourly-ipv4,ziyadnz|hourly,2026-08-17T18:48:05Z,2026-08-17T18:48:05Z,
94.23.247.226,ipv4,malicious-ip,medium,WHITE,ziyadnz/hourly-ipv4,ziyadnz|hourly,2026-08-17T18:48:05Z,2026-08-17T18:48:05Z,
94.23.26.20,ipv4,malicious-ip,medium,WHITE,ziyadnz/hourly-ipv4,ziyadnz|hourly,2026-08-17T18:48:05Z,2026-08-17T18:48:05Z,
94.23.41.130,ipv4,malicious-ip,medium,WHITE,ziyadnz/hourly-ipv4,ziyadnz|hourly,2026-08-17T18:48:05Z,2026-08-17T18:48:05Z,
94.23.58.173,ipv4,malicious-ip,medium,WHITE,ziyadnz/hourly-ipv4,ziyadnz|hourly,2026-08-17T18:48:05Z,2026-08-17T18:48:05Z,
94.23.69.29,ipv4,malicious-ip,medium,WHITE,ziyadnz/hourly-ipv4,ziyadnz|hourly,2026-08-17T18:48:05Z,2026-08-17T18:48:05Z,
94.23.8.105,ipv4,malicious-ip,medium,WHITE,ziyadnz/hourly-ipv4,ziyadnz|hourly,2026-08-17T18:48:05Z,2026-08-17T18:48:05Z,
94.230.135.5,ipv4,malicious-ip,medium,WHITE,ziyadnz/hourly-ipv4,ziyadnz|hourly,2026-08-17T18:48:05Z,2026-08-17T18:48:05Z,
94.230.136.33,ipv4,malicious-ip,medium,WHITE,ziyadnz/hourly-ipv4,ziyadnz|hourly,2026-08-17T18:48:05Z,2026-08-17T18:48:05Z,
94.230.208.147,ipv4,malicious-ip,medium,WHITE,ziyadnz/hourly-ipv4,ziyadnz|hourly,2026-08-17T18:48:05Z,2026-08-17T18:48:05Z,
94.230.208.148,ipv4,malicious-ip,medium,WHITE,ziyadnz/hourly-ipv4,ziyadnz|hourly,2026-08-17T18:48:05Z,2026-08-17T18:48:05Z,
94.231.136.190,ipv4,malicious-ip,medium,WHITE,ziyadnz/hourly-ipv4,ziyadnz|hourly,2026-08-17T18:48:05Z,2026-08-17T18:48:05Z,
94.231.180.0,ipv4,malicious-ip,medium,WHITE,ziyadnz/hourly-ipv4,ziyadnz|hourly,2026-08-17T18:48:05Z,2026-08-17T18:48:05Z,
94.231.180.120,ipv4,malicious-ip,medium,WHITE,ziyadnz/hourly-ipv4,ziyadnz|hourly,2026-08-17T18:48:05Z,2026-08-17T18:48:05Z,
94.231.180.128,ipv4,malicious-ip,medium,WHITE,ziyadnz/hourly-ipv4,ziyadnz|hourly,2026-08-17T18:48:05Z,2026-08-17T18:48:05Z,
94.231.180.20,ipv4,malicious-ip,medium,WHITE,ziyadnz/hourly-ipv4,ziyadnz|hourly,2026-08-17T18:48:05Z,2026-08-17T18:48:05Z,
94.231.180.202,ipv4,malicious-ip,medium,WHITE,ziyadnz/hourly-ipv4,ziyadnz|hourly,2026-08-17T18:48:05Z,2026-08-17T18:48:05Z,
94.231.180.44,ipv4,malicious-ip,medium,WHITE,ziyadnz/hourly-ipv4,ziyadnz|hourly,2026-08-17T18:48:05Z,2026-08-17T18:48:05Z,
94.231.187.174,ipv4,malicious-ip,medium,WHITE,ziyadnz/hourly-ipv4,ziyadnz|hourly,2026-08-17T18:48:05Z,2026-08-17T18:48:05Z,
94.231.206.0,ipv4,malicious-ip,medium,WHITE,ziyadnz/hourly-ipv4,ziyadnz|hourly,2026-08-17T18:48:05Z,2026-08-17T18:48:05Z,
94.231.206.1,ipv4,malicious-ip,medium,WHITE,ziyadnz/hourly-ipv4,ziyadnz|hourly,2026-08-17T18:48:05Z,2026-08-17T18:48:05Z,
94.231.206.10,ipv4,malicious-ip,medium,WHITE,ziyadnz/hourly-ipv4,ziyadnz|hourly,2026-08-17T18:48:05Z,2026-08-17T18:48:05Z,
94.231.206.105,ipv4,malicious-ip,medium,WHITE,ziyadnz/hourly-ipv4,ziyadnz|hourly,2026-08-17T18:48:05Z,2026-08-17T18:48:05Z,
94.231.206.106,ipv4,malicious-ip,medium,WHITE,ziyadnz/hourly-ipv4,ziyadnz|hourly,2026-08-17T18:48:05Z,2026-08-17T18:48:05Z,
94.231.206.109,ipv4,malicious-ip,medium,WHITE,ziyadnz/hourly-ipv4,ziyadnz|hourly,2026-08-17T18:48:05Z,2026-08-17T18:48:05Z,
94.231.206.11,ipv4,malicious-ip,medium,WHITE,ziyadnz/hourly-ipv4,ziyadnz|hourly,2026-08-17T18:48:05Z,2026-08-17T18:48:05Z,
94.231.206.110,ipv4,malicious-ip,medium,WHITE,ziyadnz/hourly-ipv4,ziyadnz|hourly,2026-08-17T18:48:05Z,2026-08-17T18:48:05Z,
94.231.206.12,ipv4,malicious-ip,medium,WHITE,ziyadnz/hourly-ipv4,ziyadnz|hourly,2026-08-17T18:48:05Z,2026-08-17T18:48:05Z,
94.231.206.128,ipv4,malicious-ip,medium,WHITE,ziyadnz/hourly-ipv4,ziyadnz|hourly,2026-08-17T18:48:05Z,2026-08-17T18:48:05Z,
94.231.206.13,ipv4,malicious-ip,medium,WHITE,ziyadnz/hourly-ipv4,ziyadnz|hourly,2026-08-17T18:48:05Z,2026-08-17T18:48:05Z,
94.231.206.130,ipv4,malicious-ip,medium,WHITE,ziyadnz/hourly-ipv4,ziyadnz|hourly,2026-08-17T18:48:05Z,2026-08-17T18:48:05Z,
94.231.206.131,ipv4,malicious-ip,medium,WHITE,ziyadnz/hourly-ipv4,ziyadnz|hourly,2026-08-17T18:48:05Z,2026-08-17T18:48:05Z,
94.231.206.132,ipv4,malicious-ip,medium,WHITE,ziyadnz/hourly-ipv4,ziyadnz|hourly,2026-08-17T18:48:05Z,2026-08-17T18:48:05Z,
94.231.206.133,ipv4,malicious-ip,medium,WHITE,ziyadnz/hourly-ipv4,ziyadnz|hourly,2026-08-17T18:48:05Z,2026-08-17T18:48:05Z,
94.231.206.134,ipv4,malicious-ip,medium,WHITE,ziyadnz/hourly-ipv4,ziyadnz|hourly,2026-08-17T18:48:05Z,2026-08-17T18:48:05Z,
94.231.206.135,ipv4,malicious-ip,medium,WHITE,ziyadnz/hourly-ipv4,ziyadnz|hourly,2026-08-17T18:48:05Z,2026-08-17T18:48:05Z,
94.231.206.14,ipv4,malicious-ip,medium,WHITE,ziyadnz/hourly-ipv4,ziyadnz|hourly,2026-08-17T18:48:05Z,2026-08-17T18:48:05Z,
94.231.206.15,ipv4,malicious-ip,medium,WHITE,ziyadnz/hourly-ipv4,ziyadnz|hourly,2026-08-17T18:48:05Z,2026-08-17T18:48:05Z,
94.231.206.153,ipv4,malicious-ip,medium,WHITE,ziyadnz/hourly-ipv4,ziyadnz|hourly,2026-08-17T18:48:05Z,2026-08-17T18:48:05Z,
94.231.206.155,ipv4,malicious-ip,medium,WHITE,ziyadnz/hourly-ipv4,ziyadnz|hourly,2026-08-17T18:48:05Z,2026-08-17T18:48:05Z,
94.231.206.2,ipv4,malicious-ip,medium,WHITE,ziyadnz/hourly-ipv4,ziyadnz|hourly,2026-08-17T18:48:05Z,2026-08-17T18:48:05Z,
94.231.206.201,ipv4,malicious-ip,medium,WHITE,ziyadnz/hourly-ipv4,ziyadnz|hourly,2026-08-17T18:48:05Z,2026-08-17T18:48:05Z,
94.231.206.205,ipv4,malicious-ip,medium,WHITE,ziyadnz/hourly-ipv4,ziyadnz|hourly,2026-08-17T18:48:05Z,2026-08-17T18:48:05Z,
94.231.206.206,ipv4,malicious-ip,medium,WHITE,ziyadnz/hourly-ipv4,ziyadnz|hourly,2026-08-17T18:48:05Z,2026-08-17T18:48:05Z,
94.231.206.207,ipv4,malicious-ip,medium,WHITE,ziyadnz/hourly-ipv4,ziyadnz|hourly,2026-08-17T18:48:05Z,2026-08-17T18:48:05Z,
94.231.206.248,ipv4,malicious-ip,medium,WHITE,ziyadnz/hourly-ipv4,ziyadnz|hourly,2026-08-17T18:48:05Z,2026-08-17T18:48:05Z,
94.231.206.249,ipv4,malicious-ip,medium,WHITE,ziyadnz/hourly-ipv4,ziyadnz|hourly,2026-08-17T18:48:05Z,2026-08-17T18:48:05Z,
94.231.206.250,ipv4,malicious-ip,medium,WHITE,ziyadnz/hourly-ipv4,ziyadnz|hourly,2026-08-17T18:48:05Z,2026-08-17T18:48:05Z,
94.231.206.251,ipv4,malicious-ip,medium,WHITE,ziyadnz/hourly-ipv4,ziyadnz|hourly,2026-08-17T18:48:05Z,2026-08-17T18:48:05Z,
94.231.206.252,ipv4,malicious-ip,medium,WHITE,ziyadnz/hourly-ipv4,ziyadnz|hourly,2026-08-17T18:48:05Z,2026-08-17T18:48:05Z,
94.231.206.253,ipv4,malicious-ip,medium,WHITE,ziyadnz/hourly-ipv4,ziyadnz|hourly,2026-08-17T18:48:05Z,2026-08-17T18:48:05Z,
94.231.206.254,ipv4,malicious-ip,medium,WHITE,ziyadnz/hourly-ipv4,ziyadnz|hourly,2026-08-17T18:48:05Z,2026-08-17T18:48:05Z,
94.231.206.255,ipv4,malicious-ip,medium,WHITE,ziyadnz/hourly-ipv4,ziyadnz|hourly,2026-08-17T18:48:05Z,2026-08-17T18:48:05Z,
94.231.206.3,ipv4,malicious-ip,medium,WHITE,ziyadnz/hourly-ipv4,ziyadnz|hourly,2026-08-17T18:48:05Z,2026-08-17T18:48:05Z,
94.231.206.32,ipv4,malicious-ip,medium,WHITE,ziyadnz/hourly-ipv4,ziyadnz|hourly,2026-08-17T18:48:05Z,2026-08-17T18:48:05Z,
94.231.206.33,ipv4,malicious-ip,medium,WHITE,ziyadnz/hourly-ipv4,ziyadnz|hourly,2026-08-17T18:48:05Z,2026-08-17T18:48:05Z,
94.231.206.34,ipv4,malicious-ip,medium,WHITE,ziyadnz/hourly-ipv4,ziyadnz|hourly,2026-08-17T18:48:05Z,2026-08-17T18:48:05Z,
94.231.206.4,ipv4,malicious-ip,medium,WHITE,ziyadnz/hourly-ipv4,ziyadnz|hourly,2026-08-17T18:48:05Z,2026-08-17T18:48:05Z,
94.231.206.6,ipv4,malicious-ip,medium,WHITE,ziyadnz/hourly-ipv4,ziyadnz|hourly,2026-08-17T18:48:05Z,2026-08-17T18:48:05Z,
94.231.206.7,ipv4,malicious-ip,medium,WHITE,ziyadnz/hourly-ipv4,ziyadnz|hourly,2026-08-17T18:48:05Z,2026-08-17T18:48:05Z,
94.231.206.8,ipv4,malicious-ip,medium,WHITE,ziyadnz/hourly-ipv4,ziyadnz|hourly,2026-08-17T18:48:05Z,2026-08-17T18:48:05Z,
94.231.206.9,ipv4,malicious-ip,medium,WHITE,ziyadnz/hourly-ipv4,ziyadnz|hourly,2026-08-17T18:48:05Z,2026-08-17T18:48:05Z,
94.232.223.113,ipv4,malicious-ip,medium,WHITE,ziyadnz/hourly-ipv4,ziyadnz|hourly,2026-08-17T18:48:05Z,2026-08-17T18:48:05Z,
94.232.223.180,ipv4,malicious-ip,medium,WHITE,ziyadnz/hourly-ipv4,ziyadnz|hourly,2026-08-17T18:48:05Z,2026-08-17T18:48:05Z,
94.232.229.174,ipv4,malicious-ip,medium,WHITE,ziyadnz/hourly-ipv4,ziyadnz|hourly,2026-08-17T18:48:05Z,2026-08-17T18:48:05Z,
94.232.244.133,ipv4,malicious-ip,medium,WHITE,ziyadnz/hourly-ipv4,ziyadnz|hourly,2026-08-17T18:48:05Z,2026-08-17T18:48:05Z,
94.232.249.215,ipv4,malicious-ip,medium,WHITE,ziyadnz/hourly-ipv4,ziyadnz|hourly,2026-08-17T18:48:05Z,2026-08-17T18:48:05Z,
94.232.25.106,ipv4,malicious-ip,medium,WHITE,ziyadnz/hourly-ipv4,ziyadnz|hourly,2026-08-17T18:48:05Z,2026-08-17T18:48:05Z,
94.232.25.157,ipv4,malicious-ip,medium,WHITE,ziyadnz/hourly-ipv4,ziyadnz|hourly,2026-08-17T18:48:05Z,2026-08-17T18:48:05Z,
94.232.26.216,ipv4,malicious-ip,medium,WHITE,ziyadnz/hourly-ipv4,ziyadnz|hourly,2026-08-17T18:48:05Z,2026-08-17T18:48:05Z,
94.232.27.61,ipv4,malicious-ip,medium,WHITE,ziyadnz/hourly-ipv4,ziyadnz|hourly,2026-08-17T18:48:05Z,2026-08-17T18:48:05Z,
94.232.40.89,ipv4,malicious-ip,medium,WHITE,ziyadnz/hourly-ipv4,ziyadnz|hourly,2026-08-17T18:48:05Z,2026-08-17T18:48:05Z,
94.232.41.108,ipv4,malicious-ip,medium,WHITE,ziyadnz/hourly-ipv4,ziyadnz|hourly,2026-08-17T18:48:05Z,2026-08-17T18:48:05Z,
94.232.41.236,ipv4,malicious-ip,medium,WHITE,ziyadnz/hourly-ipv4,ziyadnz|hourly,2026-08-17T18:48:05Z,2026-08-17T18:48:05Z,
94.232.41.96,ipv4,malicious-ip,medium,WHITE,ziyadnz/hourly-ipv4,ziyadnz|hourly,2026-08-17T18:48:05Z,2026-08-17T18:48:05Z,
94.232.43.214,ipv4,malicious-ip,medium,WHITE,ziyadnz/hourly-ipv4,ziyadnz|hourly,2026-08-17T18:48:05Z,2026-08-17T18:48:05Z,
94.233.127.194,ipv4,malicious-ip,medium,WHITE,ziyadnz/hourly-ipv4,ziyadnz|hourly,2026-08-17T18:48:05Z,2026-08-17T18:48:05Z,
94.233.127.218,ipv4,malicious-ip,medium,WHITE,ziyadnz/hourly-ipv4,ziyadnz|hourly,2026-08-17T18:48:05Z,2026-08-17T18:48:05Z,
94.233.26.154,ipv4,malicious-ip,medium,WHITE,ziyadnz/hourly-ipv4,ziyadnz|hourly,2026-08-17T18:48:05Z,2026-08-17T18:48:05Z,
94.237.125.240,ipv4,malicious-ip,medium,WHITE,ziyadnz/hourly-ipv4,ziyadnz|hourly,2026-08-17T18:48:05Z,2026-08-17T18:48:05Z,
94.237.91.201,ipv4,malicious-ip,medium,WHITE,ziyadnz/hourly-ipv4,ziyadnz|hourly,2026-08-17T18:48:05Z,2026-08-17T18:48:05Z,
94.24.105.122,ipv4,malicious-ip,medium,WHITE,ziyadnz/hourly-ipv4,ziyadnz|hourly,2026-08-17T18:48:05Z,2026-08-17T18:48:05Z,
94.240.47.131,ipv4,malicious-ip,medium,WHITE,ziyadnz/hourly-ipv4,ziyadnz|hourly,2026-08-17T18:48:05Z,2026-08-17T18:48:05Z,
94.241.199.64,ipv4,malicious-ip,medium,WHITE,ziyadnz/hourly-ipv4,ziyadnz|hourly,2026-08-17T18:48:05Z,2026-08-17T18:48:05Z,
94.242.51.73,ipv4,malicious-ip,medium,WHITE,ziyadnz/hourly-ipv4,ziyadnz|hourly,2026-08-17T18:48:05Z,2026-08-17T18:48:05Z,
94.243.10.139,ipv4,malicious-ip,medium,WHITE,ziyadnz/hourly-ipv4,ziyadnz|hourly,2026-08-17T18:48:05Z,2026-08-17T18:48:05Z,
94.243.10.98,ipv4,malicious-ip,medium,WHITE,ziyadnz/hourly-ipv4,ziyadnz|hourly,2026-08-17T18:48:05Z,2026-08-17T18:48:05Z,
94.243.11.109,ipv4,malicious-ip,medium,WHITE,ziyadnz/hourly-ipv4,ziyadnz|hourly,2026-08-17T18:48:05Z,2026-08-17T18:48:05Z,
94.243.11.165,ipv4,malicious-ip,medium,WHITE,ziyadnz/hourly-ipv4,ziyadnz|hourly,2026-08-17T18:48:05Z,2026-08-17T18:48:05Z,
94.243.11.196,ipv4,malicious-ip,medium,WHITE,ziyadnz/hourly-ipv4,ziyadnz|hourly,2026-08-17T18:48:05Z,2026-08-17T18:48:05Z,
94.243.11.205,ipv4,malicious-ip,medium,WHITE,ziyadnz/hourly-ipv4,ziyadnz|hourly,2026-08-17T18:48:05Z,2026-08-17T18:48:05Z,
94.243.11.9,ipv4,malicious-ip,medium,WHITE,ziyadnz/hourly-ipv4,ziyadnz|hourly,2026-08-17T18:48:05Z,2026-08-17T18:48:05Z,
94.243.12.145,ipv4,malicious-ip,medium,WHITE,ziyadnz/hourly-ipv4,ziyadnz|hourly,2026-08-17T18:48:05Z,2026-08-17T18:48:05Z,
94.243.12.183,ipv4,malicious-ip,medium,WHITE,ziyadnz/hourly-ipv4,ziyadnz|hourly,2026-08-17T18:48:05Z,2026-08-17T18:48:05Z,
94.243.12.232,ipv4,malicious-ip,medium,WHITE,ziyadnz/hourly-ipv4,ziyadnz|hourly,2026-08-17T18:48:05Z,2026-08-17T18:48:05Z,
94.243.12.38,ipv4,malicious-ip,medium,WHITE,ziyadnz/hourly-ipv4,ziyadnz|hourly,2026-08-17T18:48:05Z,2026-08-17T18:48:05Z,
94.243.12.6,ipv4,malicious-ip,medium,WHITE,ziyadnz/hourly-ipv4,ziyadnz|hourly,2026-08-17T18:48:05Z,2026-08-17T18:48:05Z,
94.243.13.122,ipv4,malicious-ip,medium,WHITE,ziyadnz/hourly-ipv4,ziyadnz|hourly,2026-08-17T18:48:05Z,2026-08-17T18:48:05Z,
94.243.13.193,ipv4,malicious-ip,medium,WHITE,ziyadnz/hourly-ipv4,ziyadnz|hourly,2026-08-17T18:48:05Z,2026-08-17T18:48:05Z,
94.243.14.151,ipv4,malicious-ip,medium,WHITE,ziyadnz/hourly-ipv4,ziyadnz|hourly,2026-08-17T18:48:05Z,2026-08-17T18:48:05Z,
94.243.15.206,ipv4,malicious-ip,medium,WHITE,ziyadnz/hourly-ipv4,ziyadnz|hourly,2026-08-17T18:48:05Z,2026-08-17T18:48:05Z,
94.243.9.146,ipv4,malicious-ip,medium,WHITE,ziyadnz/hourly-ipv4,ziyadnz|hourly,2026-08-17T18:48:05Z,2026-08-17T18:48:05Z,
94.243.9.181,ipv4,malicious-ip,medium,WHITE,ziyadnz/hourly-ipv4,ziyadnz|hourly,2026-08-17T18:48:05Z,2026-08-17T18:48:05Z,
94.243.9.234,ipv4,malicious-ip,medium,WHITE,ziyadnz/hourly-ipv4,ziyadnz|hourly,2026-08-17T18:48:05Z,2026-08-17T18:48:05Z,
94.243.9.252,ipv4,malicious-ip,medium,WHITE,ziyadnz/hourly-ipv4,ziyadnz|hourly,2026-08-17T18:48:05Z,2026-08-17T18:48:05Z,
94.244.35.132,ipv4,malicious-ip,medium,WHITE,ziyadnz/hourly-ipv4,ziyadnz|hourly,2026-08-17T18:48:05Z,2026-08-17T18:48:05Z,
94.247.42.253,ipv4,malicious-ip,medium,WHITE,ziyadnz/hourly-ipv4,ziyadnz|hourly,2026-08-17T18:48:05Z,2026-08-17T18:48:05Z,
94.249.175.111,ipv4,malicious-ip,medium,WHITE,ziyadnz/hourly-ipv4,ziyadnz|hourly,2026-08-17T18:48:05Z,2026-08-17T18:48:05Z,
94.249.197.50,ipv4,malicious-ip,medium,WHITE,ziyadnz/hourly-ipv4,ziyadnz|hourly,2026-08-17T18:48:05Z,2026-08-17T18:48:05Z,
94.249.91.96,ipv4,malicious-ip,medium,WHITE,ziyadnz/hourly-ipv4,ziyadnz|hourly,2026-08-17T18:48:05Z,2026-08-17T18:48:05Z,
94.25.40.30,ipv4,malicious-ip,medium,WHITE,ziyadnz/hourly-ipv4,ziyadnz|hourly,2026-08-17T18:48:05Z,2026-08-17T18:48:05Z,
94.250.202.104,ipv4,malicious-ip,medium,WHITE,ziyadnz/hourly-ipv4,ziyadnz|hourly,2026-08-17T18:48:05Z,2026-08-17T18:48:05Z,
94.250.254.43,ipv4,malicious-ip,medium,WHITE,ziyadnz/hourly-ipv4,ziyadnz|hourly,2026-08-17T18:48:05Z,2026-08-17T18:48:05Z,
94.254.25.158,ipv4,malicious-ip,medium,WHITE,ziyadnz/hourly-ipv4,ziyadnz|hourly,2026-08-17T18:48:05Z,2026-08-17T18:48:05Z,
94.255.188.74,ipv4,malicious-ip,medium,WHITE,ziyadnz/hourly-ipv4,ziyadnz|hourly,2026-08-17T18:48:05Z,2026-08-17T18:48:05Z,
94.255.191.36,ipv4,malicious-ip,medium,WHITE,ziyadnz/hourly-ipv4,ziyadnz|hourly,2026-08-17T18:48:05Z,2026-08-17T18:48:05Z,
94.255.255.26,ipv4,malicious-ip,medium,WHITE,ziyadnz/hourly-ipv4,ziyadnz|hourly,2026-08-17T18:48:05Z,2026-08-17T18:48:05Z,
94.26.106.0,ipv4,malicious-ip,medium,WHITE,ziyadnz/hourly-ipv4,ziyadnz|hourly,2026-08-17T18:48:05Z,2026-08-17T18:48:05Z,
94.26.106.103,ipv4,malicious-ip,medium,WHITE,ziyadnz/hourly-ipv4,ziyadnz|hourly,2026-08-17T18:48:05Z,2026-08-17T18:48:05Z,
94.26.106.134,ipv4,malicious-ip,medium,WHITE,ziyadnz/hourly-ipv4,ziyadnz|hourly,2026-08-17T18:48:05Z,2026-08-17T18:48:05Z,
94.26.106.199,ipv4,malicious-ip,medium,WHITE,ziyadnz/hourly-ipv4,ziyadnz|hourly,2026-08-17T18:48:05Z,2026-08-17T18:48:05Z,
94.26.106.206,ipv4,malicious-ip,medium,WHITE,ziyadnz/hourly-ipv4,ziyadnz|hourly,2026-08-17T18:48:05Z,2026-08-17T18:48:05Z,
94.26.106.236,ipv4,malicious-ip,medium,WHITE,ziyadnz/hourly-ipv4,ziyadnz|hourly,2026-08-17T18:48:05Z,2026-08-17T18:48:05Z,
94.26.106.253,ipv4,malicious-ip,medium,WHITE,ziyadnz/hourly-ipv4,ziyadnz|hourly,2026-08-17T18:48:05Z,2026-08-17T18:48:05Z,
94.26.106.29,ipv4,malicious-ip,medium,WHITE,ziyadnz/hourly-ipv4,ziyadnz|hourly,2026-08-17T18:48:05Z,2026-08-17T18:48:05Z,
94.26.106.30,ipv4,malicious-ip,medium,WHITE,ziyadnz/hourly-ipv4,ziyadnz|hourly,2026-08-17T18:48:05Z,2026-08-17T18:48:05Z,
94.26.68.54,ipv4,malicious-ip,medium,WHITE,ziyadnz/hourly-ipv4,ziyadnz|hourly,2026-08-17T18:48:05Z,2026-08-17T18:48:05Z,
94.26.68.55,ipv4,malicious-ip,medium,WHITE,ziyadnz/hourly-ipv4,ziyadnz|hourly,2026-08-17T18:48:05Z,2026-08-17T18:48:05Z,
94.26.88.14,ipv4,malicious-ip,medium,WHITE,ziyadnz/hourly-ipv4,ziyadnz|hourly,2026-08-17T18:48:05Z,2026-08-17T18:48:05Z,
94.26.88.31,ipv4,malicious-ip,medium,WHITE,ziyadnz/hourly-ipv4,ziyadnz|hourly,2026-08-17T18:48:05Z,2026-08-17T18:48:05Z,
94.26.9.179,ipv4,malicious-ip,medium,WHITE,ziyadnz/hourly-ipv4,ziyadnz|hourly,2026-08-17T18:48:05Z,2026-08-17T18:48:05Z,
94.26.90.112,ipv4,malicious-ip,medium,WHITE,ziyadnz/hourly-ipv4,ziyadnz|hourly,2026-08-17T18:48:05Z,2026-08-17T18:48:05Z,
94.27.50.150,ipv4,malicious-ip,medium,WHITE,ziyadnz/hourly-ipv4,ziyadnz|hourly,2026-08-17T18:48:05Z,2026-08-17T18:48:05Z,
94.29.124.154,ipv4,malicious-ip,medium,WHITE,ziyadnz/hourly-ipv4,ziyadnz|hourly,2026-08-17T18:48:05Z,2026-08-17T18:48:05Z,
94.29.126.56,ipv4,malicious-ip,medium,WHITE,ziyadnz/hourly-ipv4,ziyadnz|hourly,2026-08-17T18:48:05Z,2026-08-17T18:48:05Z,
94.29.38.71,ipv4,malicious-ip,medium,WHITE,ziyadnz/hourly-ipv4,ziyadnz|hourly,2026-08-17T18:48:05Z,2026-08-17T18:48:05Z,
94.29.38.97,ipv4,malicious-ip,medium,WHITE,ziyadnz/hourly-ipv4,ziyadnz|hourly,2026-08-17T18:48:05Z,2026-08-17T18:48:05Z,
94.29.39.111,ipv4,malicious-ip,medium,WHITE,ziyadnz/hourly-ipv4,ziyadnz|hourly,2026-08-17T18:48:05Z,2026-08-17T18:48:05Z,
94.30.143.114,ipv4,malicious-ip,medium,WHITE,ziyadnz/hourly-ipv4,ziyadnz|hourly,2026-08-17T18:48:05Z,2026-08-17T18:48:05Z,
94.30.158.207,ipv4,malicious-ip,medium,WHITE,ziyadnz/hourly-ipv4,ziyadnz|hourly,2026-08-17T18:48:05Z,2026-08-17T18:48:05Z,
94.30.173.99,ipv4,malicious-ip,medium,WHITE,ziyadnz/hourly-ipv4,ziyadnz|hourly,2026-08-17T18:48:05Z,2026-08-17T18:48:05Z,
94.31.117.25,ipv4,malicious-ip,medium,WHITE,ziyadnz/hourly-ipv4,ziyadnz|hourly,2026-08-17T18:48:05Z,2026-08-17T18:48:05Z,
94.31.158.99,ipv4,malicious-ip,medium,WHITE,ziyadnz/hourly-ipv4,ziyadnz|hourly,2026-08-17T18:48:05Z,2026-08-17T18:48:05Z,
94.33.138.5,ipv4,malicious-ip,medium,WHITE,ziyadnz/hourly-ipv4,ziyadnz|hourly,2026-08-17T18:48:05Z,2026-08-17T18:48:05Z,
94.33.40.135,ipv4,malicious-ip,medium,WHITE,ziyadnz/hourly-ipv4,ziyadnz|hourly,2026-08-17T18:48:05Z,2026-08-17T18:48:05Z,
94.35.140.5,ipv4,malicious-ip,medium,WHITE,ziyadnz/hourly-ipv4,ziyadnz|hourly,2026-08-17T18:48:05Z,2026-08-17T18:48:05Z,
94.36.193.176,ipv4,malicious-ip,medium,WHITE,ziyadnz/hourly-ipv4,ziyadnz|hourly,2026-08-17T18:48:05Z,2026-08-17T18:48:05Z,
94.41.0.234,ipv4,malicious-ip,medium,WHITE,ziyadnz/hourly-ipv4,ziyadnz|hourly,2026-08-17T18:48:05Z,2026-08-17T18:48:05Z,
94.41.141.36,ipv4,malicious-ip,medium,WHITE,ziyadnz/hourly-ipv4,ziyadnz|hourly,2026-08-17T18:48:05Z,2026-08-17T18:48:05Z,
94.41.188.233,ipv4,malicious-ip,medium,WHITE,ziyadnz/hourly-ipv4,ziyadnz|hourly,2026-08-17T18:48:05Z,2026-08-17T18:48:05Z,
94.43.11.19,ipv4,malicious-ip,medium,WHITE,ziyadnz/hourly-ipv4,ziyadnz|hourly,2026-08-17T18:48:05Z,2026-08-17T18:48:05Z,
94.43.129.120,ipv4,malicious-ip,medium,WHITE,ziyadnz/hourly-ipv4,ziyadnz|hourly,2026-08-17T18:48:05Z,2026-08-17T18:48:05Z,
94.43.131.110,ipv4,malicious-ip,medium,WHITE,ziyadnz/hourly-ipv4,ziyadnz|hourly,2026-08-17T18:48:05Z,2026-08-17T18:48:05Z,
94.43.162.100,ipv4,malicious-ip,medium,WHITE,ziyadnz/hourly-ipv4,ziyadnz|hourly,2026-08-17T18:48:05Z,2026-08-17T18:48:05Z,
94.43.31.222,ipv4,malicious-ip,medium,WHITE,ziyadnz/hourly-ipv4,ziyadnz|hourly,2026-08-17T18:48:05Z,2026-08-17T18:48:05Z,
94.45.100.63,ipv4,malicious-ip,medium,WHITE,ziyadnz/hourly-ipv4,ziyadnz|hourly,2026-08-17T18:48:05Z,2026-08-17T18:48:05Z,
94.45.143.5,ipv4,malicious-ip,medium,WHITE,ziyadnz/hourly-ipv4,ziyadnz|hourly,2026-08-17T18:48:05Z,2026-08-17T18:48:05Z,
94.45.146.146,ipv4,malicious-ip,medium,WHITE,ziyadnz/hourly-ipv4,ziyadnz|hourly,2026-08-17T18:48:05Z,2026-08-17T18:48:05Z,
94.46.187.205,ipv4,malicious-ip,medium,WHITE,ziyadnz/hourly-ipv4,ziyadnz|hourly,2026-08-17T18:48:05Z,2026-08-17T18:48:05Z,
94.50.161.152,ipv4,malicious-ip,medium,WHITE,ziyadnz/hourly-ipv4,ziyadnz|hourly,2026-08-17T18:48:05Z,2026-08-17T18:48:05Z,
94.51.100.121,ipv4,malicious-ip,medium,WHITE,ziyadnz/hourly-ipv4,ziyadnz|hourly,2026-08-17T18:48:05Z,2026-08-17T18:48:05Z,
94.54.220.145,ipv4,malicious-ip,medium,WHITE,ziyadnz/hourly-ipv4,ziyadnz|hourly,2026-08-17T18:48:05Z,2026-08-17T18:48:05Z,
94.57.98.84,ipv4,malicious-ip,medium,WHITE,ziyadnz/hourly-ipv4,ziyadnz|hourly,2026-08-17T18:48:05Z,2026-08-17T18:48:05Z,
94.57.98.87,ipv4,malicious-ip,medium,WHITE,ziyadnz/hourly-ipv4,ziyadnz|hourly,2026-08-17T18:48:05Z,2026-08-17T18:48:05Z,
94.59.138.43,ipv4,malicious-ip,medium,WHITE,ziyadnz/hourly-ipv4,ziyadnz|hourly,2026-08-17T18:48:05Z,2026-08-17T18:48:05Z,
94.59.15.180,ipv4,malicious-ip,medium,WHITE,ziyadnz/hourly-ipv4,ziyadnz|hourly,2026-08-17T18:48:05Z,2026-08-17T18:48:05Z,
94.61.102.160,ipv4,malicious-ip,medium,WHITE,ziyadnz/hourly-ipv4,ziyadnz|hourly,2026-08-17T18:48:05Z,2026-08-17T18:48:05Z,
94.61.202.92,ipv4,malicious-ip,medium,WHITE,ziyadnz/hourly-ipv4,ziyadnz|hourly,2026-08-17T18:48:05Z,2026-08-17T18:48:05Z,
94.63.130.254,ipv4,malicious-ip,medium,WHITE,ziyadnz/hourly-ipv4,ziyadnz|hourly,2026-08-17T18:48:05Z,2026-08-17T18:48:05Z,
94.64.249.47,ipv4,malicious-ip,medium,WHITE,ziyadnz/hourly-ipv4,ziyadnz|hourly,2026-08-17T18:48:05Z,2026-08-17T18:48:05Z,
94.65.251.35,ipv4,malicious-ip,medium,WHITE,ziyadnz/hourly-ipv4,ziyadnz|hourly,2026-08-17T18:48:05Z,2026-08-17T18:48:05Z,
94.67.230.146,ipv4,malicious-ip,medium,WHITE,ziyadnz/hourly-ipv4,ziyadnz|hourly,2026-08-17T18:48:05Z,2026-08-17T18:48:05Z,
94.67.74.118,ipv4,malicious-ip,medium,WHITE,ziyadnz/hourly-ipv4,ziyadnz|hourly,2026-08-17T18:48:05Z,2026-08-17T18:48:05Z,
94.68.9.196,ipv4,malicious-ip,medium,WHITE,ziyadnz/hourly-ipv4,ziyadnz|hourly,2026-08-17T18:48:05Z,2026-08-17T18:48:05Z,
94.7.203.175,ipv4,malicious-ip,medium,WHITE,ziyadnz/hourly-ipv4,ziyadnz|hourly,2026-08-17T18:48:05Z,2026-08-17T18:48:05Z,
94.7.244.196,ipv4,malicious-ip,medium,WHITE,ziyadnz/hourly-ipv4,ziyadnz|hourly,2026-08-17T18:48:05Z,2026-08-17T18:48:05Z,
94.70.37.145,ipv4,malicious-ip,medium,WHITE,ziyadnz/hourly-ipv4,ziyadnz|hourly,2026-08-17T18:48:05Z,2026-08-17T18:48:05Z,
94.70.41.21,ipv4,malicious-ip,medium,WHITE,ziyadnz/hourly-ipv4,ziyadnz|hourly,2026-08-17T18:48:05Z,2026-08-17T18:48:05Z,
94.72.104.135,ipv4,malicious-ip,medium,WHITE,ziyadnz/hourly-ipv4,ziyadnz|hourly,2026-08-17T18:48:05Z,2026-08-17T18:48:05Z,
94.72.108.140,ipv4,malicious-ip,medium,WHITE,ziyadnz/hourly-ipv4,ziyadnz|hourly,2026-08-17T18:48:05Z,2026-08-17T18:48:05Z,
94.72.108.153,ipv4,malicious-ip,medium,WHITE,ziyadnz/hourly-ipv4,ziyadnz|hourly,2026-08-17T18:48:05Z,2026-08-17T18:48:05Z,
94.72.108.156,ipv4,malicious-ip,medium,WHITE,ziyadnz/hourly-ipv4,ziyadnz|hourly,2026-08-17T18:48:05Z,2026-08-17T18:48:05Z,
94.72.117.64,ipv4,malicious-ip,medium,WHITE,ziyadnz/hourly-ipv4,ziyadnz|hourly,2026-08-17T18:48:05Z,2026-08-17T18:48:05Z,
94.72.125.104,ipv4,malicious-ip,medium,WHITE,ziyadnz/hourly-ipv4,ziyadnz|hourly,2026-08-17T18:48:05Z,2026-08-17T18:48:05Z,
94.72.126.37,ipv4,malicious-ip,medium,WHITE,ziyadnz/hourly-ipv4,ziyadnz|hourly,2026-08-17T18:48:05Z,2026-08-17T18:48:05Z,
94.72.127.251,ipv4,malicious-ip,medium,WHITE,ziyadnz/hourly-ipv4,ziyadnz|hourly,2026-08-17T18:48:05Z,2026-08-17T18:48:05Z,
94.72.98.8,ipv4,malicious-ip,medium,WHITE,ziyadnz/hourly-ipv4,ziyadnz|hourly,2026-08-17T18:48:05Z,2026-08-17T18:48:05Z,
94.72.98.89,ipv4,malicious-ip,medium,WHITE,ziyadnz/hourly-ipv4,ziyadnz|hourly,2026-08-17T18:48:05Z,2026-08-17T18:48:05Z,
94.73.38.20,ipv4,malicious-ip,medium,WHITE,ziyadnz/hourly-ipv4,ziyadnz|hourly,2026-08-17T18:48:05Z,2026-08-17T18:48:05Z,
94.73.46.166,ipv4,malicious-ip,medium,WHITE,ziyadnz/hourly-ipv4,ziyadnz|hourly,2026-08-17T18:48:05Z,2026-08-17T18:48:05Z,
94.73.49.197,ipv4,malicious-ip,medium,WHITE,ziyadnz/hourly-ipv4,ziyadnz|hourly,2026-08-17T18:48:05Z,2026-08-17T18:48:05Z,
94.74.117.42,ipv4,malicious-ip,medium,WHITE,ziyadnz/hourly-ipv4,ziyadnz|hourly,2026-08-17T18:48:05Z,2026-08-17T18:48:05Z,
94.74.164.136,ipv4,malicious-ip,medium,WHITE,ziyadnz/hourly-ipv4,ziyadnz|hourly,2026-08-17T18:48:05Z,2026-08-17T18:48:05Z,
94.74.164.157,ipv4,malicious-ip,medium,WHITE,ziyadnz/hourly-ipv4,ziyadnz|hourly,2026-08-17T18:48:05Z,2026-08-17T18:48:05Z,
94.74.164.207,ipv4,malicious-ip,medium,WHITE,ziyadnz/hourly-ipv4,ziyadnz|hourly,2026-08-17T18:48:05Z,2026-08-17T18:48:05Z,
94.78.89.0,ipv4,malicious-ip,medium,WHITE,ziyadnz/hourly-ipv4,ziyadnz|hourly,2026-08-17T18:48:05Z,2026-08-17T18:48:05Z,
94.78.89.19,ipv4,malicious-ip,medium,WHITE,ziyadnz/hourly-ipv4,ziyadnz|hourly,2026-08-17T18:48:05Z,2026-08-17T18:48:05Z,
94.78.89.25,ipv4,malicious-ip,medium,WHITE,ziyadnz/hourly-ipv4,ziyadnz|hourly,2026-08-17T18:48:05Z,2026-08-17T18:48:05Z,
94.78.89.45,ipv4,malicious-ip,medium,WHITE,ziyadnz/hourly-ipv4,ziyadnz|hourly,2026-08-17T18:48:05Z,2026-08-17T18:48:05Z,
94.78.89.56,ipv4,malicious-ip,medium,WHITE,ziyadnz/hourly-ipv4,ziyadnz|hourly,2026-08-17T18:48:05Z,2026-08-17T18:48:05Z,
94.78.89.61,ipv4,malicious-ip,medium,WHITE,ziyadnz/hourly-ipv4,ziyadnz|hourly,2026-08-17T18:48:05Z,2026-08-17T18:48:05Z,
94.79.54.73,ipv4,malicious-ip,medium,WHITE,ziyadnz/hourly-ipv4,ziyadnz|hourly,2026-08-17T18:48:05Z,2026-08-17T18:48:05Z,
94.79.7.223,ipv4,malicious-ip,medium,WHITE,ziyadnz/hourly-ipv4,ziyadnz|hourly,2026-08-17T18:48:05Z,2026-08-17T18:48:05Z,
94.79.7.58,ipv4,malicious-ip,medium,WHITE,ziyadnz/hourly-ipv4,ziyadnz|hourly,2026-08-17T18:48:05Z,2026-08-17T18:48:05Z,
94.79.7.73,ipv4,malicious-ip,medium,WHITE,ziyadnz/hourly-ipv4,ziyadnz|hourly,2026-08-17T18:48:05Z,2026-08-17T18:48:05Z,
94.8.224.149,ipv4,malicious-ip,medium,WHITE,ziyadnz/hourly-ipv4,ziyadnz|hourly,2026-08-17T18:48:05Z,2026-08-17T18:48:05Z,
94.9.106.71,ipv4,malicious-ip,medium,WHITE,ziyadnz/hourly-ipv4,ziyadnz|hourly,2026-08-17T18:48:05Z,2026-08-17T18:48:05Z,
94.9.109.153,ipv4,malicious-ip,medium,WHITE,ziyadnz/hourly-ipv4,ziyadnz|hourly,2026-08-17T18:48:05Z,2026-08-17T18:48:05Z,
94.9.233.149,ipv4,malicious-ip,medium,WHITE,ziyadnz/hourly-ipv4,ziyadnz|hourly,2026-08-17T18:48:05Z,2026-08-17T18:48:05Z,
94.97.85.162,ipv4,malicious-ip,medium,WHITE,ziyadnz/hourly-ipv4,ziyadnz|hourly,2026-08-17T18:48:05Z,2026-08-17T18:48:05Z,
95.0.171.0,ipv4,malicious-ip,medium,WHITE,ziyadnz/hourly-ipv4,ziyadnz|hourly,2026-08-17T18:48:05Z,2026-08-17T18:48:05Z,
95.0.171.145,ipv4,malicious-ip,medium,WHITE,ziyadnz/hourly-ipv4,ziyadnz|hourly,2026-08-17T18:48:05Z,2026-08-17T18:48:05Z,
95.0.171.206,ipv4,malicious-ip,medium,WHITE,ziyadnz/hourly-ipv4,ziyadnz|hourly,2026-08-17T18:48:05Z,2026-08-17T18:48:05Z,
95.0.171.215,ipv4,malicious-ip,medium,WHITE,ziyadnz/hourly-ipv4,ziyadnz|hourly,2026-08-17T18:48:05Z,2026-08-17T18:48:05Z,
95.0.171.220,ipv4,malicious-ip,medium,WHITE,ziyadnz/hourly-ipv4,ziyadnz|hourly,2026-08-17T18:48:05Z,2026-08-17T18:48:05Z,
95.0.171.24,ipv4,malicious-ip,medium,WHITE,ziyadnz/hourly-ipv4,ziyadnz|hourly,2026-08-17T18:48:05Z,2026-08-17T18:48:05Z,
95.0.171.43,ipv4,malicious-ip,medium,WHITE,ziyadnz/hourly-ipv4,ziyadnz|hourly,2026-08-17T18:48:05Z,2026-08-17T18:48:05Z,
95.0.171.51,ipv4,malicious-ip,medium,WHITE,ziyadnz/hourly-ipv4,ziyadnz|hourly,2026-08-17T18:48:05Z,2026-08-17T18:48:05Z,
95.0.171.73,ipv4,malicious-ip,medium,WHITE,ziyadnz/hourly-ipv4,ziyadnz|hourly,2026-08-17T18:48:05Z,2026-08-17T18:48:05Z,
95.0.171.76,ipv4,malicious-ip,medium,WHITE,ziyadnz/hourly-ipv4,ziyadnz|hourly,2026-08-17T18:48:05Z,2026-08-17T18:48:05Z,
95.0.235.124,ipv4,malicious-ip,medium,WHITE,ziyadnz/hourly-ipv4,ziyadnz|hourly,2026-08-17T18:48:05Z,2026-08-17T18:48:05Z,
95.0.32.0,ipv4,malicious-ip,medium,WHITE,ziyadnz/hourly-ipv4,ziyadnz|hourly,2026-08-17T18:48:05Z,2026-08-17T18:48:05Z,
95.0.32.116,ipv4,malicious-ip,medium,WHITE,ziyadnz/hourly-ipv4,ziyadnz|hourly,2026-08-17T18:48:05Z,2026-08-17T18:48:05Z,
95.0.32.171,ipv4,malicious-ip,medium,WHITE,ziyadnz/hourly-ipv4,ziyadnz|hourly,2026-08-17T18:48:05Z,2026-08-17T18:48:05Z,
95.0.32.43,ipv4,malicious-ip,medium,WHITE,ziyadnz/hourly-ipv4,ziyadnz|hourly,2026-08-17T18:48:05Z,2026-08-17T18:48:05Z,
95.0.32.88,ipv4,malicious-ip,medium,WHITE,ziyadnz/hourly-ipv4,ziyadnz|hourly,2026-08-17T18:48:05Z,2026-08-17T18:48:05Z,
95.0.94.166,ipv4,malicious-ip,medium,WHITE,ziyadnz/hourly-ipv4,ziyadnz|hourly,2026-08-17T18:48:05Z,2026-08-17T18:48:05Z,
95.10.4.252,ipv4,malicious-ip,medium,WHITE,ziyadnz/hourly-ipv4,ziyadnz|hourly,2026-08-17T18:48:05Z,2026-08-17T18:48:05Z,
95.103.194.97,ipv4,malicious-ip,medium,WHITE,ziyadnz/hourly-ipv4,ziyadnz|hourly,2026-08-17T18:48:05Z,2026-08-17T18:48:05Z,
95.104.113.118,ipv4,malicious-ip,medium,WHITE,ziyadnz/hourly-ipv4,ziyadnz|hourly,2026-08-17T18:48:05Z,2026-08-17T18:48:05Z,
95.104.122.17,ipv4,malicious-ip,medium,WHITE,ziyadnz/hourly-ipv4,ziyadnz|hourly,2026-08-17T18:48:05Z,2026-08-17T18:48:05Z,
95.104.189.162,ipv4,malicious-ip,medium,WHITE,ziyadnz/hourly-ipv4,ziyadnz|hourly,2026-08-17T18:48:05Z,2026-08-17T18:48:05Z,
95.104.99.217,ipv4,malicious-ip,medium,WHITE,ziyadnz/hourly-ipv4,ziyadnz|hourly,2026-08-17T18:48:05Z,2026-08-17T18:48:05Z,
95.105.67.216,ipv4,malicious-ip,medium,WHITE,ziyadnz/hourly-ipv4,ziyadnz|hourly,2026-08-17T18:48:05Z,2026-08-17T18:48:05Z,
95.106.155.61,ipv4,malicious-ip,medium,WHITE,ziyadnz/hourly-ipv4,ziyadnz|hourly,2026-08-17T18:48:05Z,2026-08-17T18:48:05Z,
95.106.221.141,ipv4,malicious-ip,medium,WHITE,ziyadnz/hourly-ipv4,ziyadnz|hourly,2026-08-17T18:48:05Z,2026-08-17T18:48:05Z,
95.106.42.217,ipv4,malicious-ip,medium,WHITE,ziyadnz/hourly-ipv4,ziyadnz|hourly,2026-08-17T18:48:05Z,2026-08-17T18:48:05Z,
95.107.1.209,ipv4,malicious-ip,medium,WHITE,ziyadnz/hourly-ipv4,ziyadnz|hourly,2026-08-17T18:48:05Z,2026-08-17T18:48:05Z,
95.107.170.156,ipv4,malicious-ip,medium,WHITE,ziyadnz/hourly-ipv4,ziyadnz|hourly,2026-08-17T18:48:05Z,2026-08-17T18:48:05Z,
95.107.243.215,ipv4,malicious-ip,medium,WHITE,ziyadnz/hourly-ipv4,ziyadnz|hourly,2026-08-17T18:48:05Z,2026-08-17T18:48:05Z,
95.108.213.128,ipv4,malicious-ip,medium,WHITE,ziyadnz/hourly-ipv4,ziyadnz|hourly,2026-08-17T18:48:05Z,2026-08-17T18:48:05Z,
95.111.117.44,ipv4,malicious-ip,medium,WHITE,ziyadnz/hourly-ipv4,ziyadnz|hourly,2026-08-17T18:48:05Z,2026-08-17T18:48:05Z,
95.111.199.201,ipv4,malicious-ip,medium,WHITE,ziyadnz/hourly-ipv4,ziyadnz|hourly,2026-08-17T18:48:05Z,2026-08-17T18:48:05Z,
95.111.230.59,ipv4,malicious-ip,medium,WHITE,ziyadnz/hourly-ipv4,ziyadnz|hourly,2026-08-17T18:48:05Z,2026-08-17T18:48:05Z,
95.111.232.173,ipv4,malicious-ip,medium,WHITE,ziyadnz/hourly-ipv4,ziyadnz|hourly,2026-08-17T18:48:05Z,2026-08-17T18:48:05Z,
95.111.233.82,ipv4,malicious-ip,medium,WHITE,ziyadnz/hourly-ipv4,ziyadnz|hourly,2026-08-17T18:48:05Z,2026-08-17T18:48:05Z,
95.111.234.162,ipv4,malicious-ip,medium,WHITE,ziyadnz/hourly-ipv4,ziyadnz|hourly,2026-08-17T18:48:05Z,2026-08-17T18:48:05Z,
95.111.234.240,ipv4,malicious-ip,medium,WHITE,ziyadnz/hourly-ipv4,ziyadnz|hourly,2026-08-17T18:48:05Z,2026-08-17T18:48:05Z,
95.111.236.95,ipv4,malicious-ip,medium,WHITE,ziyadnz/hourly-ipv4,ziyadnz|hourly,2026-08-17T18:48:05Z,2026-08-17T18:48:05Z,
95.111.237.209,ipv4,malicious-ip,medium,WHITE,ziyadnz/hourly-ipv4,ziyadnz|hourly,2026-08-17T18:48:05Z,2026-08-17T18:48:05Z,
95.111.242.172,ipv4,malicious-ip,medium,WHITE,ziyadnz/hourly-ipv4,ziyadnz|hourly,2026-08-17T18:48:05Z,2026-08-17T18:48:05Z,
95.111.246.23,ipv4,malicious-ip,medium,WHITE,ziyadnz/hourly-ipv4,ziyadnz|hourly,2026-08-17T18:48:05Z,2026-08-17T18:48:05Z,
95.111.247.73,ipv4,malicious-ip,medium,WHITE,ziyadnz/hourly-ipv4,ziyadnz|hourly,2026-08-17T18:48:05Z,2026-08-17T18:48:05Z,
95.111.251.70,ipv4,malicious-ip,medium,WHITE,ziyadnz/hourly-ipv4,ziyadnz|hourly,2026-08-17T18:48:05Z,2026-08-17T18:48:05Z,
95.111.252.197,ipv4,malicious-ip,medium,WHITE,ziyadnz/hourly-ipv4,ziyadnz|hourly,2026-08-17T18:48:05Z,2026-08-17T18:48:05Z,
95.117.232.110,ipv4,malicious-ip,medium,WHITE,ziyadnz/hourly-ipv4,ziyadnz|hourly,2026-08-17T18:48:05Z,2026-08-17T18:48:05Z,
95.128.142.106,ipv4,malicious-ip,medium,WHITE,ziyadnz/hourly-ipv4,ziyadnz|hourly,2026-08-17T18:48:05Z,2026-08-17T18:48:05Z,
95.128.43.164,ipv4,malicious-ip,medium,WHITE,ziyadnz/hourly-ipv4,ziyadnz|hourly,2026-08-17T18:48:05Z,2026-08-17T18:48:05Z,
95.128.43.213,ipv4,malicious-ip,medium,WHITE,ziyadnz/hourly-ipv4,ziyadnz|hourly,2026-08-17T18:48:05Z,2026-08-17T18:48:05Z,
95.13.95.195,ipv4,malicious-ip,medium,WHITE,ziyadnz/hourly-ipv4,ziyadnz|hourly,2026-08-17T18:48:05Z,2026-08-17T18:48:05Z,
95.130.227.237,ipv4,malicious-ip,medium,WHITE,ziyadnz/hourly-ipv4,ziyadnz|hourly,2026-08-17T18:48:05Z,2026-08-17T18:48:05Z,
95.130.227.33,ipv4,malicious-ip,medium,WHITE,ziyadnz/hourly-ipv4,ziyadnz|hourly,2026-08-17T18:48:05Z,2026-08-17T18:48:05Z,
95.130.227.75,ipv4,malicious-ip,medium,WHITE,ziyadnz/hourly-ipv4,ziyadnz|hourly,2026-08-17T18:48:05Z,2026-08-17T18:48:05Z,
95.131.148.235,ipv4,malicious-ip,medium,WHITE,ziyadnz/hourly-ipv4,ziyadnz|hourly,2026-08-17T18:48:05Z,2026-08-17T18:48:05Z,
95.133.166.216,ipv4,malicious-ip,medium,WHITE,ziyadnz/hourly-ipv4,ziyadnz|hourly,2026-08-17T18:48:05Z,2026-08-17T18:48:05Z,
95.133.166.220,ipv4,malicious-ip,medium,WHITE,ziyadnz/hourly-ipv4,ziyadnz|hourly,2026-08-17T18:48:05Z,2026-08-17T18:48:05Z,
95.133.243.159,ipv4,malicious-ip,medium,WHITE,ziyadnz/hourly-ipv4,ziyadnz|hourly,2026-08-17T18:48:05Z,2026-08-17T18:48:05Z,
95.133.245.20,ipv4,malicious-ip,medium,WHITE,ziyadnz/hourly-ipv4,ziyadnz|hourly,2026-08-17T18:48:05Z,2026-08-17T18:48:05Z,
95.135.200.49,ipv4,malicious-ip,medium,WHITE,ziyadnz/hourly-ipv4,ziyadnz|hourly,2026-08-17T18:48:05Z,2026-08-17T18:48:05Z,
95.135.208.24,ipv4,malicious-ip,medium,WHITE,ziyadnz/hourly-ipv4,ziyadnz|hourly,2026-08-17T18:48:05Z,2026-08-17T18:48:05Z,
95.137.135.230,ipv4,malicious-ip,medium,WHITE,ziyadnz/hourly-ipv4,ziyadnz|hourly,2026-08-17T18:48:05Z,2026-08-17T18:48:05Z,
95.137.186.83,ipv4,malicious-ip,medium,WHITE,ziyadnz/hourly-ipv4,ziyadnz|hourly,2026-08-17T18:48:05Z,2026-08-17T18:48:05Z,
95.137.187.54,ipv4,malicious-ip,medium,WHITE,ziyadnz/hourly-ipv4,ziyadnz|hourly,2026-08-17T18:48:05Z,2026-08-17T18:48:05Z,
95.137.193.132,ipv4,malicious-ip,medium,WHITE,ziyadnz/hourly-ipv4,ziyadnz|hourly,2026-08-17T18:48:05Z,2026-08-17T18:48:05Z,
95.138.108.45,ipv4,malicious-ip,medium,WHITE,ziyadnz/hourly-ipv4,ziyadnz|hourly,2026-08-17T18:48:05Z,2026-08-17T18:48:05Z,
95.138.69.172,ipv4,malicious-ip,medium,WHITE,ziyadnz/hourly-ipv4,ziyadnz|hourly,2026-08-17T18:48:05Z,2026-08-17T18:48:05Z,
95.138.89.241,ipv4,malicious-ip,medium,WHITE,ziyadnz/hourly-ipv4,ziyadnz|hourly,2026-08-17T18:48:05Z,2026-08-17T18:48:05Z,
95.140.154.126,ipv4,malicious-ip,medium,WHITE,ziyadnz/hourly-ipv4,ziyadnz|hourly,2026-08-17T18:48:05Z,2026-08-17T18:48:05Z,
95.140.19.34,ipv4,malicious-ip,medium,WHITE,ziyadnz/hourly-ipv4,ziyadnz|hourly,2026-08-17T18:48:05Z,2026-08-17T18:48:05Z,
95.141.130.77,ipv4,malicious-ip,medium,WHITE,ziyadnz/hourly-ipv4,ziyadnz|hourly,2026-08-17T18:48:05Z,2026-08-17T18:48:05Z,
95.141.133.202,ipv4,malicious-ip,medium,WHITE,ziyadnz/hourly-ipv4,ziyadnz|hourly,2026-08-17T18:48:05Z,2026-08-17T18:48:05Z,
95.141.34.222,ipv4,malicious-ip,medium,WHITE,ziyadnz/hourly-ipv4,ziyadnz|hourly,2026-08-17T18:48:05Z,2026-08-17T18:48:05Z,
95.141.41.12,ipv4,malicious-ip,medium,WHITE,ziyadnz/hourly-ipv4,ziyadnz|hourly,2026-08-17T18:48:05Z,2026-08-17T18:48:05Z,
95.142.133.51,ipv4,malicious-ip,medium,WHITE,ziyadnz/hourly-ipv4,ziyadnz|hourly,2026-08-17T18:48:05Z,2026-08-17T18:48:05Z,
95.142.135.73,ipv4,malicious-ip,medium,WHITE,ziyadnz/hourly-ipv4,ziyadnz|hourly,2026-08-17T18:48:05Z,2026-08-17T18:48:05Z,
95.142.35.206,ipv4,malicious-ip,medium,WHITE,ziyadnz/hourly-ipv4,ziyadnz|hourly,2026-08-17T18:48:05Z,2026-08-17T18:48:05Z,
95.142.35.34,ipv4,malicious-ip,medium,WHITE,ziyadnz/hourly-ipv4,ziyadnz|hourly,2026-08-17T18:48:05Z,2026-08-17T18:48:05Z,
95.142.37.159,ipv4,malicious-ip,medium,WHITE,ziyadnz/hourly-ipv4,ziyadnz|hourly,2026-08-17T18:48:05Z,2026-08-17T18:48:05Z,
95.142.47.113,ipv4,malicious-ip,medium,WHITE,ziyadnz/hourly-ipv4,ziyadnz|hourly,2026-08-17T18:48:05Z,2026-08-17T18:48:05Z,
95.142.47.157,ipv4,malicious-ip,medium,WHITE,ziyadnz/hourly-ipv4,ziyadnz|hourly,2026-08-17T18:48:05Z,2026-08-17T18:48:05Z,
95.142.84.234,ipv4,malicious-ip,medium,WHITE,ziyadnz/hourly-ipv4,ziyadnz|hourly,2026-08-17T18:48:05Z,2026-08-17T18:48:05Z,
95.143.193.125,ipv4,malicious-ip,medium,WHITE,ziyadnz/hourly-ipv4,ziyadnz|hourly,2026-08-17T18:48:05Z,2026-08-17T18:48:05Z,
95.143.217.78,ipv4,malicious-ip,medium,WHITE,ziyadnz/hourly-ipv4,ziyadnz|hourly,2026-08-17T18:48:05Z,2026-08-17T18:48:05Z,
95.145.123.4,ipv4,malicious-ip,medium,WHITE,ziyadnz/hourly-ipv4,ziyadnz|hourly,2026-08-17T18:48:05Z,2026-08-17T18:48:05Z,
95.15.199.161,ipv4,malicious-ip,medium,WHITE,ziyadnz/hourly-ipv4,ziyadnz|hourly,2026-08-17T18:48:05Z,2026-08-17T18:48:05Z,
95.152.62.209,ipv4,malicious-ip,medium,WHITE,ziyadnz/hourly-ipv4,ziyadnz|hourly,2026-08-17T18:48:05Z,2026-08-17T18:48:05Z,
95.153.85.71,ipv4,malicious-ip,medium,WHITE,ziyadnz/hourly-ipv4,ziyadnz|hourly,2026-08-17T18:48:05Z,2026-08-17T18:48:05Z,
95.153.93.152,ipv4,malicious-ip,medium,WHITE,ziyadnz/hourly-ipv4,ziyadnz|hourly,2026-08-17T18:48:05Z,2026-08-17T18:48:05Z,
95.154.200.0,ipv4,malicious-ip,medium,WHITE,ziyadnz/hourly-ipv4,ziyadnz|hourly,2026-08-17T18:48:05Z,2026-08-17T18:48:05Z,
95.154.200.36,ipv4,malicious-ip,medium,WHITE,ziyadnz/hourly-ipv4,ziyadnz|hourly,2026-08-17T18:48:05Z,2026-08-17T18:48:05Z,
95.154.200.40,ipv4,malicious-ip,medium,WHITE,ziyadnz/hourly-ipv4,ziyadnz|hourly,2026-08-17T18:48:05Z,2026-08-17T18:48:05Z,
95.154.200.42,ipv4,malicious-ip,medium,WHITE,ziyadnz/hourly-ipv4,ziyadnz|hourly,2026-08-17T18:48:05Z,2026-08-17T18:48:05Z,
95.154.200.51,ipv4,malicious-ip,medium,WHITE,ziyadnz/hourly-ipv4,ziyadnz|hourly,2026-08-17T18:48:05Z,2026-08-17T18:48:05Z,
95.154.200.55,ipv4,malicious-ip,medium,WHITE,ziyadnz/hourly-ipv4,ziyadnz|hourly,2026-08-17T18:48:05Z,2026-08-17T18:48:05Z,
95.154.200.56,ipv4,malicious-ip,medium,WHITE,ziyadnz/hourly-ipv4,ziyadnz|hourly,2026-08-17T18:48:05Z,2026-08-17T18:48:05Z,
95.154.200.58,ipv4,malicious-ip,medium,WHITE,ziyadnz/hourly-ipv4,ziyadnz|hourly,2026-08-17T18:48:05Z,2026-08-17T18:48:05Z,
95.154.200.59,ipv4,malicious-ip,medium,WHITE,ziyadnz/hourly-ipv4,ziyadnz|hourly,2026-08-17T18:48:05Z,2026-08-17T18:48:05Z,
95.155.151.113,ipv4,malicious-ip,medium,WHITE,ziyadnz/hourly-ipv4,ziyadnz|hourly,2026-08-17T18:48:05Z,2026-08-17T18:48:05Z,
95.155.151.133,ipv4,malicious-ip,medium,WHITE,ziyadnz/hourly-ipv4,ziyadnz|hourly,2026-08-17T18:48:05Z,2026-08-17T18:48:05Z,
95.155.151.200,ipv4,malicious-ip,medium,WHITE,ziyadnz/hourly-ipv4,ziyadnz|hourly,2026-08-17T18:48:05Z,2026-08-17T18:48:05Z,
95.155.151.24,ipv4,malicious-ip,medium,WHITE,ziyadnz/hourly-ipv4,ziyadnz|hourly,2026-08-17T18:48:05Z,2026-08-17T18:48:05Z,
95.158.39.201,ipv4,malicious-ip,medium,WHITE,ziyadnz/hourly-ipv4,ziyadnz|hourly,2026-08-17T18:48:05Z,2026-08-17T18:48:05Z,
95.158.49.164,ipv4,malicious-ip,medium,WHITE,ziyadnz/hourly-ipv4,ziyadnz|hourly,2026-08-17T18:48:05Z,2026-08-17T18:48:05Z,
95.159.59.35,ipv4,malicious-ip,medium,WHITE,ziyadnz/hourly-ipv4,ziyadnz|hourly,2026-08-17T18:48:05Z,2026-08-17T18:48:05Z,
95.160.17.10,ipv4,malicious-ip,medium,WHITE,ziyadnz/hourly-ipv4,ziyadnz|hourly,2026-08-17T18:48:05Z,2026-08-17T18:48:05Z,
95.161.140.32,ipv4,malicious-ip,medium,WHITE,ziyadnz/hourly-ipv4,ziyadnz|hourly,2026-08-17T18:48:05Z,2026-08-17T18:48:05Z,
95.161.171.242,ipv4,malicious-ip,medium,WHITE,ziyadnz/hourly-ipv4,ziyadnz|hourly,2026-08-17T18:48:05Z,2026-08-17T18:48:05Z,
95.163.50.149,ipv4,malicious-ip,medium,WHITE,ziyadnz/hourly-ipv4,ziyadnz|hourly,2026-08-17T18:48:05Z,2026-08-17T18:48:05Z,
95.163.50.150,ipv4,malicious-ip,medium,WHITE,ziyadnz/hourly-ipv4,ziyadnz|hourly,2026-08-17T18:48:05Z,2026-08-17T18:48:05Z,
95.164.3.171,ipv4,malicious-ip,medium,WHITE,ziyadnz/hourly-ipv4,ziyadnz|hourly,2026-08-17T18:48:05Z,2026-08-17T18:48:05Z,
95.164.35.143,ipv4,malicious-ip,medium,WHITE,ziyadnz/hourly-ipv4,ziyadnz|hourly,2026-08-17T18:48:05Z,2026-08-17T18:48:05Z,
95.164.35.174,ipv4,malicious-ip,medium,WHITE,ziyadnz/hourly-ipv4,ziyadnz|hourly,2026-08-17T18:48:05Z,2026-08-17T18:48:05Z,
95.164.35.234,ipv4,malicious-ip,medium,WHITE,ziyadnz/hourly-ipv4,ziyadnz|hourly,2026-08-17T18:48:05Z,2026-08-17T18:48:05Z,
95.164.5.131,ipv4,malicious-ip,medium,WHITE,ziyadnz/hourly-ipv4,ziyadnz|hourly,2026-08-17T18:48:05Z,2026-08-17T18:48:05Z,
95.164.5.209,ipv4,malicious-ip,medium,WHITE,ziyadnz/hourly-ipv4,ziyadnz|hourly,2026-08-17T18:48:05Z,2026-08-17T18:48:05Z,
95.164.5.41,ipv4,malicious-ip,medium,WHITE,ziyadnz/hourly-ipv4,ziyadnz|hourly,2026-08-17T18:48:05Z,2026-08-17T18:48:05Z,
95.164.53.100,ipv4,malicious-ip,medium,WHITE,ziyadnz/hourly-ipv4,ziyadnz|hourly,2026-08-17T18:48:05Z,2026-08-17T18:48:05Z,
95.164.53.64,ipv4,malicious-ip,medium,WHITE,ziyadnz/hourly-ipv4,ziyadnz|hourly,2026-08-17T18:48:05Z,2026-08-17T18:48:05Z,
95.164.9.196,ipv4,malicious-ip,medium,WHITE,ziyadnz/hourly-ipv4,ziyadnz|hourly,2026-08-17T18:48:05Z,2026-08-17T18:48:05Z,
95.165.142.8,ipv4,malicious-ip,medium,WHITE,ziyadnz/hourly-ipv4,ziyadnz|hourly,2026-08-17T18:48:05Z,2026-08-17T18:48:05Z,
95.165.182.238,ipv4,malicious-ip,medium,WHITE,ziyadnz/hourly-ipv4,ziyadnz|hourly,2026-08-17T18:48:05Z,2026-08-17T18:48:05Z,
95.165.25.233,ipv4,malicious-ip,medium,WHITE,ziyadnz/hourly-ipv4,ziyadnz|hourly,2026-08-17T18:48:05Z,2026-08-17T18:48:05Z,
95.165.27.83,ipv4,malicious-ip,medium,WHITE,ziyadnz/hourly-ipv4,ziyadnz|hourly,2026-08-17T18:48:05Z,2026-08-17T18:48:05Z,
95.165.68.145,ipv4,malicious-ip,medium,WHITE,ziyadnz/hourly-ipv4,ziyadnz|hourly,2026-08-17T18:48:05Z,2026-08-17T18:48:05Z,
95.165.77.31,ipv4,malicious-ip,medium,WHITE,ziyadnz/hourly-ipv4,ziyadnz|hourly,2026-08-17T18:48:05Z,2026-08-17T18:48:05Z,
95.165.81.174,ipv4,malicious-ip,medium,WHITE,ziyadnz/hourly-ipv4,ziyadnz|hourly,2026-08-17T18:48:05Z,2026-08-17T18:48:05Z,
95.165.84.171,ipv4,malicious-ip,medium,WHITE,ziyadnz/hourly-ipv4,ziyadnz|hourly,2026-08-17T18:48:05Z,2026-08-17T18:48:05Z,
95.165.84.70,ipv4,malicious-ip,medium,WHITE,ziyadnz/hourly-ipv4,ziyadnz|hourly,2026-08-17T18:48:05Z,2026-08-17T18:48:05Z,
95.167.220.241,ipv4,malicious-ip,medium,WHITE,ziyadnz/hourly-ipv4,ziyadnz|hourly,2026-08-17T18:48:05Z,2026-08-17T18:48:05Z,
95.168.161.213,ipv4,malicious-ip,medium,WHITE,ziyadnz/hourly-ipv4,ziyadnz|hourly,2026-08-17T18:48:05Z,2026-08-17T18:48:05Z,
95.168.161.98,ipv4,malicious-ip,medium,WHITE,ziyadnz/hourly-ipv4,ziyadnz|hourly,2026-08-17T18:48:05Z,2026-08-17T18:48:05Z,
95.169.180.122,ipv4,malicious-ip,medium,WHITE,ziyadnz/hourly-ipv4,ziyadnz|hourly,2026-08-17T18:48:05Z,2026-08-17T18:48:05Z,
95.169.180.135,ipv4,malicious-ip,medium,WHITE,ziyadnz/hourly-ipv4,ziyadnz|hourly,2026-08-17T18:48:05Z,2026-08-17T18:48:05Z,
95.169.191.176,ipv4,malicious-ip,medium,WHITE,ziyadnz/hourly-ipv4,ziyadnz|hourly,2026-08-17T18:48:05Z,2026-08-17T18:48:05Z,
95.169.196.22,ipv4,malicious-ip,medium,WHITE,ziyadnz/hourly-ipv4,ziyadnz|hourly,2026-08-17T18:48:05Z,2026-08-17T18:48:05Z,
95.169.204.214,ipv4,malicious-ip,medium,WHITE,ziyadnz/hourly-ipv4,ziyadnz|hourly,2026-08-17T18:48:05Z,2026-08-17T18:48:05Z,
95.169.205.186,ipv4,malicious-ip,medium,WHITE,ziyadnz/hourly-ipv4,ziyadnz|hourly,2026-08-17T18:48:05Z,2026-08-17T18:48:05Z,
95.169.212.218,ipv4,malicious-ip,medium,WHITE,ziyadnz/hourly-ipv4,ziyadnz|hourly,2026-08-17T18:48:05Z,2026-08-17T18:48:05Z,
95.172.3.49,ipv4,malicious-ip,medium,WHITE,ziyadnz/hourly-ipv4,ziyadnz|hourly,2026-08-17T18:48:05Z,2026-08-17T18:48:05Z,
95.173.15.136,ipv4,malicious-ip,medium,WHITE,ziyadnz/hourly-ipv4,ziyadnz|hourly,2026-08-17T18:48:05Z,2026-08-17T18:48:05Z,
95.173.236.73,ipv4,malicious-ip,medium,WHITE,ziyadnz/hourly-ipv4,ziyadnz|hourly,2026-08-17T18:48:05Z,2026-08-17T18:48:05Z,
95.173.237.101,ipv4,malicious-ip,medium,WHITE,ziyadnz/hourly-ipv4,ziyadnz|hourly,2026-08-17T18:48:05Z,2026-08-17T18:48:05Z,
95.173.247.110,ipv4,malicious-ip,medium,WHITE,ziyadnz/hourly-ipv4,ziyadnz|hourly,2026-08-17T18:48:05Z,2026-08-17T18:48:05Z,
95.174.109.199,ipv4,malicious-ip,medium,WHITE,ziyadnz/hourly-ipv4,ziyadnz|hourly,2026-08-17T18:48:05Z,2026-08-17T18:48:05Z,
95.174.112.207,ipv4,malicious-ip,medium,WHITE,ziyadnz/hourly-ipv4,ziyadnz|hourly,2026-08-17T18:48:05Z,2026-08-17T18:48:05Z,
95.174.112.232,ipv4,malicious-ip,medium,WHITE,ziyadnz/hourly-ipv4,ziyadnz|hourly,2026-08-17T18:48:05Z,2026-08-17T18:48:05Z,
95.174.119.97,ipv4,malicious-ip,medium,WHITE,ziyadnz/hourly-ipv4,ziyadnz|hourly,2026-08-17T18:48:05Z,2026-08-17T18:48:05Z,
95.174.98.226,ipv4,malicious-ip,medium,WHITE,ziyadnz/hourly-ipv4,ziyadnz|hourly,2026-08-17T18:48:05Z,2026-08-17T18:48:05Z,
95.174.98.68,ipv4,malicious-ip,medium,WHITE,ziyadnz/hourly-ipv4,ziyadnz|hourly,2026-08-17T18:48:05Z,2026-08-17T18:48:05Z,
95.178.118.194,ipv4,malicious-ip,medium,WHITE,ziyadnz/hourly-ipv4,ziyadnz|hourly,2026-08-17T18:48:05Z,2026-08-17T18:48:05Z,
95.179.129.40,ipv4,malicious-ip,medium,WHITE,ziyadnz/hourly-ipv4,ziyadnz|hourly,2026-08-17T18:48:05Z,2026-08-17T18:48:05Z,
95.179.144.200,ipv4,malicious-ip,medium,WHITE,ziyadnz/hourly-ipv4,ziyadnz|hourly,2026-08-17T18:48:05Z,2026-08-17T18:48:05Z,
95.179.158.42,ipv4,malicious-ip,medium,WHITE,ziyadnz/hourly-ipv4,ziyadnz|hourly,2026-08-17T18:48:05Z,2026-08-17T18:48:05Z,
95.179.177.99,ipv4,malicious-ip,medium,WHITE,ziyadnz/hourly-ipv4,ziyadnz|hourly,2026-08-17T18:48:05Z,2026-08-17T18:48:05Z,
95.179.191.137,ipv4,malicious-ip,medium,WHITE,ziyadnz/hourly-ipv4,ziyadnz|hourly,2026-08-17T18:48:05Z,2026-08-17T18:48:05Z,
95.179.220.100,ipv4,malicious-ip,medium,WHITE,ziyadnz/hourly-ipv4,ziyadnz|hourly,2026-08-17T18:48:05Z,2026-08-17T18:48:05Z,
95.179.246.73,ipv4,malicious-ip,medium,WHITE,ziyadnz/hourly-ipv4,ziyadnz|hourly,2026-08-17T18:48:05Z,2026-08-17T18:48:05Z,
95.18.108.63,ipv4,malicious-ip,medium,WHITE,ziyadnz/hourly-ipv4,ziyadnz|hourly,2026-08-17T18:48:05Z,2026-08-17T18:48:05Z,
95.181.165.215,ipv4,malicious-ip,medium,WHITE,ziyadnz/hourly-ipv4,ziyadnz|hourly,2026-08-17T18:48:05Z,2026-08-17T18:48:05Z,
95.181.238.176,ipv4,malicious-ip,medium,WHITE,ziyadnz/hourly-ipv4,ziyadnz|hourly,2026-08-17T18:48:05Z,2026-08-17T18:48:05Z,
95.182.173.237,ipv4,malicious-ip,medium,WHITE,ziyadnz/hourly-ipv4,ziyadnz|hourly,2026-08-17T18:48:05Z,2026-08-17T18:48:05Z,
95.182.81.25,ipv4,malicious-ip,medium,WHITE,ziyadnz/hourly-ipv4,ziyadnz|hourly,2026-08-17T18:48:05Z,2026-08-17T18:48:05Z,
95.182.82.132,ipv4,malicious-ip,medium,WHITE,ziyadnz/hourly-ipv4,ziyadnz|hourly,2026-08-17T18:48:05Z,2026-08-17T18:48:05Z,
95.182.89.105,ipv4,malicious-ip,medium,WHITE,ziyadnz/hourly-ipv4,ziyadnz|hourly,2026-08-17T18:48:05Z,2026-08-17T18:48:05Z,
95.182.93.67,ipv4,malicious-ip,medium,WHITE,ziyadnz/hourly-ipv4,ziyadnz|hourly,2026-08-17T18:48:05Z,2026-08-17T18:48:05Z,
95.182.94.63,ipv4,malicious-ip,medium,WHITE,ziyadnz/hourly-ipv4,ziyadnz|hourly,2026-08-17T18:48:05Z,2026-08-17T18:48:05Z,
95.182.97.162,ipv4,malicious-ip,medium,WHITE,ziyadnz/hourly-ipv4,ziyadnz|hourly,2026-08-17T18:48:05Z,2026-08-17T18:48:05Z,
95.188.6.186,ipv4,malicious-ip,medium,WHITE,ziyadnz/hourly-ipv4,ziyadnz|hourly,2026-08-17T18:48:05Z,2026-08-17T18:48:05Z,
95.188.68.96,ipv4,malicious-ip,medium,WHITE,ziyadnz/hourly-ipv4,ziyadnz|hourly,2026-08-17T18:48:05Z,2026-08-17T18:48:05Z,
95.189.100.224,ipv4,malicious-ip,medium,WHITE,ziyadnz/hourly-ipv4,ziyadnz|hourly,2026-08-17T18:48:05Z,2026-08-17T18:48:05Z,
95.189.48.39,ipv4,malicious-ip,medium,WHITE,ziyadnz/hourly-ipv4,ziyadnz|hourly,2026-08-17T18:48:05Z,2026-08-17T18:48:05Z,
95.19.174.155,ipv4,malicious-ip,medium,WHITE,ziyadnz/hourly-ipv4,ziyadnz|hourly,2026-08-17T18:48:05Z,2026-08-17T18:48:05Z,
95.191.28.228,ipv4,malicious-ip,medium,WHITE,ziyadnz/hourly-ipv4,ziyadnz|hourly,2026-08-17T18:48:05Z,2026-08-17T18:48:05Z,
95.20.212.106,ipv4,malicious-ip,medium,WHITE,ziyadnz/hourly-ipv4,ziyadnz|hourly,2026-08-17T18:48:05Z,2026-08-17T18:48:05Z,
95.20.214.14,ipv4,malicious-ip,medium,WHITE,ziyadnz/hourly-ipv4,ziyadnz|hourly,2026-08-17T18:48:05Z,2026-08-17T18:48:05Z,
95.203.0.45,ipv4,malicious-ip,medium,WHITE,ziyadnz/hourly-ipv4,ziyadnz|hourly,2026-08-17T18:48:05Z,2026-08-17T18:48:05Z,
95.203.26.57,ipv4,malicious-ip,medium,WHITE,ziyadnz/hourly-ipv4,ziyadnz|hourly,2026-08-17T18:48:05Z,2026-08-17T18:48:05Z,
95.203.7.202,ipv4,malicious-ip,medium,WHITE,ziyadnz/hourly-ipv4,ziyadnz|hourly,2026-08-17T18:48:05Z,2026-08-17T18:48:05Z,
95.208.74.83,ipv4,malicious-ip,medium,WHITE,ziyadnz/hourly-ipv4,ziyadnz|hourly,2026-08-17T18:48:05Z,2026-08-17T18:48:05Z,
95.209.141.149,ipv4,malicious-ip,medium,WHITE,ziyadnz/hourly-ipv4,ziyadnz|hourly,2026-08-17T18:48:05Z,2026-08-17T18:48:05Z,
95.210.100.44,ipv4,malicious-ip,medium,WHITE,ziyadnz/hourly-ipv4,ziyadnz|hourly,2026-08-17T18:48:05Z,2026-08-17T18:48:05Z,
95.211.172.108,ipv4,malicious-ip,medium,WHITE,ziyadnz/hourly-ipv4,ziyadnz|hourly,2026-08-17T18:48:05Z,2026-08-17T18:48:05Z,
95.211.172.109,ipv4,malicious-ip,medium,WHITE,ziyadnz/hourly-ipv4,ziyadnz|hourly,2026-08-17T18:48:05Z,2026-08-17T18:48:05Z,
95.211.172.6,ipv4,malicious-ip,medium,WHITE,ziyadnz/hourly-ipv4,ziyadnz|hourly,2026-08-17T18:48:05Z,2026-08-17T18:48:05Z,
95.211.172.7,ipv4,malicious-ip,medium,WHITE,ziyadnz/hourly-ipv4,ziyadnz|hourly,2026-08-17T18:48:05Z,2026-08-17T18:48:05Z,
95.211.172.86,ipv4,malicious-ip,medium,WHITE,ziyadnz/hourly-ipv4,ziyadnz|hourly,2026-08-17T18:48:05Z,2026-08-17T18:48:05Z,
95.211.172.88,ipv4,malicious-ip,medium,WHITE,ziyadnz/hourly-ipv4,ziyadnz|hourly,2026-08-17T18:48:05Z,2026-08-17T18:48:05Z,
95.211.195.196,ipv4,malicious-ip,medium,WHITE,ziyadnz/hourly-ipv4,ziyadnz|hourly,2026-08-17T18:48:05Z,2026-08-17T18:48:05Z,
95.211.198.177,ipv4,malicious-ip,medium,WHITE,ziyadnz/hourly-ipv4,ziyadnz|hourly,2026-08-17T18:48:05Z,2026-08-17T18:48:05Z,
95.211.227.207,ipv4,malicious-ip,medium,WHITE,ziyadnz/hourly-ipv4,ziyadnz|hourly,2026-08-17T18:48:05Z,2026-08-17T18:48:05Z,
95.211.239.220,ipv4,malicious-ip,medium,WHITE,ziyadnz/hourly-ipv4,ziyadnz|hourly,2026-08-17T18:48:05Z,2026-08-17T18:48:05Z,
95.211.244.28,ipv4,malicious-ip,medium,WHITE,ziyadnz/hourly-ipv4,ziyadnz|hourly,2026-08-17T18:48:05Z,2026-08-17T18:48:05Z,
95.211.250.117,ipv4,malicious-ip,medium,WHITE,ziyadnz/hourly-ipv4,ziyadnz|hourly,2026-08-17T18:48:05Z,2026-08-17T18:48:05Z,
95.211.250.97,ipv4,malicious-ip,medium,WHITE,ziyadnz/hourly-ipv4,ziyadnz|hourly,2026-08-17T18:48:05Z,2026-08-17T18:48:05Z,
95.211.250.98,ipv4,malicious-ip,medium,WHITE,ziyadnz/hourly-ipv4,ziyadnz|hourly,2026-08-17T18:48:05Z,2026-08-17T18:48:05Z,
95.211.91.87,ipv4,malicious-ip,medium,WHITE,ziyadnz/hourly-ipv4,ziyadnz|hourly,2026-08-17T18:48:05Z,2026-08-17T18:48:05Z,
95.211.95.14,ipv4,malicious-ip,medium,WHITE,ziyadnz/hourly-ipv4,ziyadnz|hourly,2026-08-17T18:48:05Z,2026-08-17T18:48:05Z,
95.213.205.83,ipv4,malicious-ip,medium,WHITE,ziyadnz/hourly-ipv4,ziyadnz|hourly,2026-08-17T18:48:05Z,2026-08-17T18:48:05Z,
95.213.253.92,ipv4,malicious-ip,medium,WHITE,ziyadnz/hourly-ipv4,ziyadnz|hourly,2026-08-17T18:48:05Z,2026-08-17T18:48:05Z,
95.214.104.142,ipv4,malicious-ip,medium,WHITE,ziyadnz/hourly-ipv4,ziyadnz|hourly,2026-08-17T18:48:05Z,2026-08-17T18:48:05Z,
95.214.123.131,ipv4,malicious-ip,medium,WHITE,ziyadnz/hourly-ipv4,ziyadnz|hourly,2026-08-17T18:48:05Z,2026-08-17T18:48:05Z,
95.214.211.175,ipv4,malicious-ip,medium,WHITE,ziyadnz/hourly-ipv4,ziyadnz|hourly,2026-08-17T18:48:05Z,2026-08-17T18:48:05Z,
95.214.211.221,ipv4,malicious-ip,medium,WHITE,ziyadnz/hourly-ipv4,ziyadnz|hourly,2026-08-17T18:48:05Z,2026-08-17T18:48:05Z,
95.214.234.139,ipv4,malicious-ip,medium,WHITE,ziyadnz/hourly-ipv4,ziyadnz|hourly,2026-08-17T18:48:05Z,2026-08-17T18:48:05Z,
95.214.24.125,ipv4,malicious-ip,medium,WHITE,ziyadnz/hourly-ipv4,ziyadnz|hourly,2026-08-17T18:48:05Z,2026-08-17T18:48:05Z,
95.214.24.37,ipv4,malicious-ip,medium,WHITE,ziyadnz/hourly-ipv4,ziyadnz|hourly,2026-08-17T18:48:05Z,2026-08-17T18:48:05Z,
95.214.25.116,ipv4,malicious-ip,medium,WHITE,ziyadnz/hourly-ipv4,ziyadnz|hourly,2026-08-17T18:48:05Z,2026-08-17T18:48:05Z,
95.214.25.120,ipv4,malicious-ip,medium,WHITE,ziyadnz/hourly-ipv4,ziyadnz|hourly,2026-08-17T18:48:05Z,2026-08-17T18:48:05Z,
95.214.26.17,ipv4,malicious-ip,medium,WHITE,ziyadnz/hourly-ipv4,ziyadnz|hourly,2026-08-17T18:48:05Z,2026-08-17T18:48:05Z,
95.214.27.10,ipv4,malicious-ip,medium,WHITE,ziyadnz/hourly-ipv4,ziyadnz|hourly,2026-08-17T18:48:05Z,2026-08-17T18:48:05Z,
95.214.27.138,ipv4,malicious-ip,medium,WHITE,ziyadnz/hourly-ipv4,ziyadnz|hourly,2026-08-17T18:48:05Z,2026-08-17T18:48:05Z,
95.214.27.17,ipv4,malicious-ip,medium,WHITE,ziyadnz/hourly-ipv4,ziyadnz|hourly,2026-08-17T18:48:05Z,2026-08-17T18:48:05Z,
95.214.27.201,ipv4,malicious-ip,medium,WHITE,ziyadnz/hourly-ipv4,ziyadnz|hourly,2026-08-17T18:48:05Z,2026-08-17T18:48:05Z,
95.214.27.244,ipv4,malicious-ip,medium,WHITE,ziyadnz/hourly-ipv4,ziyadnz|hourly,2026-08-17T18:48:05Z,2026-08-17T18:48:05Z,
95.214.53.157,ipv4,malicious-ip,medium,WHITE,ziyadnz/hourly-ipv4,ziyadnz|hourly,2026-08-17T18:48:05Z,2026-08-17T18:48:05Z,
95.214.53.196,ipv4,malicious-ip,medium,WHITE,ziyadnz/hourly-ipv4,ziyadnz|hourly,2026-08-17T18:48:05Z,2026-08-17T18:48:05Z,
95.214.53.205,ipv4,malicious-ip,medium,WHITE,ziyadnz/hourly-ipv4,ziyadnz|hourly,2026-08-17T18:48:05Z,2026-08-17T18:48:05Z,
95.214.55.225,ipv4,malicious-ip,medium,WHITE,ziyadnz/hourly-ipv4,ziyadnz|hourly,2026-08-17T18:48:05Z,2026-08-17T18:48:05Z,
95.214.55.23,ipv4,malicious-ip,medium,WHITE,ziyadnz/hourly-ipv4,ziyadnz|hourly,2026-08-17T18:48:05Z,2026-08-17T18:48:05Z,
95.214.55.43,ipv4,malicious-ip,medium,WHITE,ziyadnz/hourly-ipv4,ziyadnz|hourly,2026-08-17T18:48:05Z,2026-08-17T18:48:05Z,
95.215.0.144,ipv4,malicious-ip,medium,WHITE,ziyadnz/hourly-ipv4,ziyadnz|hourly,2026-08-17T18:48:05Z,2026-08-17T18:48:05Z,
95.215.108.15,ipv4,malicious-ip,medium,WHITE,ziyadnz/hourly-ipv4,ziyadnz|hourly,2026-08-17T18:48:05Z,2026-08-17T18:48:05Z,
95.215.108.8,ipv4,malicious-ip,medium,WHITE,ziyadnz/hourly-ipv4,ziyadnz|hourly,2026-08-17T18:48:05Z,2026-08-17T18:48:05Z,
95.215.204.156,ipv4,malicious-ip,medium,WHITE,ziyadnz/hourly-ipv4,ziyadnz|hourly,2026-08-17T18:48:05Z,2026-08-17T18:48:05Z,
95.215.218.163,ipv4,malicious-ip,medium,WHITE,ziyadnz/hourly-ipv4,ziyadnz|hourly,2026-08-17T18:48:05Z,2026-08-17T18:48:05Z,
95.215.223.32,ipv4,malicious-ip,medium,WHITE,ziyadnz/hourly-ipv4,ziyadnz|hourly,2026-08-17T18:48:05Z,2026-08-17T18:48:05Z,
95.215.76.209,ipv4,malicious-ip,medium,WHITE,ziyadnz/hourly-ipv4,ziyadnz|hourly,2026-08-17T18:48:05Z,2026-08-17T18:48:05Z,
95.215.8.165,ipv4,malicious-ip,medium,WHITE,ziyadnz/hourly-ipv4,ziyadnz|hourly,2026-08-17T18:48:05Z,2026-08-17T18:48:05Z,
95.216.112.83,ipv4,malicious-ip,medium,WHITE,ziyadnz/hourly-ipv4,ziyadnz|hourly,2026-08-17T18:48:05Z,2026-08-17T18:48:05Z,
95.216.114.219,ipv4,malicious-ip,medium,WHITE,ziyadnz/hourly-ipv4,ziyadnz|hourly,2026-08-17T18:48:05Z,2026-08-17T18:48:05Z,
95.216.115.242,ipv4,malicious-ip,medium,WHITE,ziyadnz/hourly-ipv4,ziyadnz|hourly,2026-08-17T18:48:05Z,2026-08-17T18:48:05Z,
95.216.13.46,ipv4,malicious-ip,medium,WHITE,ziyadnz/hourly-ipv4,ziyadnz|hourly,2026-08-17T18:48:05Z,2026-08-17T18:48:05Z,
95.216.137.140,ipv4,malicious-ip,medium,WHITE,ziyadnz/hourly-ipv4,ziyadnz|hourly,2026-08-17T18:48:05Z,2026-08-17T18:48:05Z,
95.216.145.1,ipv4,malicious-ip,medium,WHITE,ziyadnz/hourly-ipv4,ziyadnz|hourly,2026-08-17T18:48:05Z,2026-08-17T18:48:05Z,
95.216.153.86,ipv4,malicious-ip,medium,WHITE,ziyadnz/hourly-ipv4,ziyadnz|hourly,2026-08-17T18:48:05Z,2026-08-17T18:48:05Z,
95.216.180.186,ipv4,malicious-ip,medium,WHITE,ziyadnz/hourly-ipv4,ziyadnz|hourly,2026-08-17T18:48:05Z,2026-08-17T18:48:05Z,
95.216.192.137,ipv4,malicious-ip,medium,WHITE,ziyadnz/hourly-ipv4,ziyadnz|hourly,2026-08-17T18:48:05Z,2026-08-17T18:48:05Z,
95.216.198.124,ipv4,malicious-ip,medium,WHITE,ziyadnz/hourly-ipv4,ziyadnz|hourly,2026-08-17T18:48:05Z,2026-08-17T18:48:05Z,
95.216.208.27,ipv4,malicious-ip,medium,WHITE,ziyadnz/hourly-ipv4,ziyadnz|hourly,2026-08-17T18:48:05Z,2026-08-17T18:48:05Z,
95.216.215.89,ipv4,malicious-ip,medium,WHITE,ziyadnz/hourly-ipv4,ziyadnz|hourly,2026-08-17T18:48:05Z,2026-08-17T18:48:05Z,
95.216.218.191,ipv4,malicious-ip,medium,WHITE,ziyadnz/hourly-ipv4,ziyadnz|hourly,2026-08-17T18:48:05Z,2026-08-17T18:48:05Z,
95.216.222.176,ipv4,malicious-ip,medium,WHITE,ziyadnz/hourly-ipv4,ziyadnz|hourly,2026-08-17T18:48:05Z,2026-08-17T18:48:05Z,
95.216.227.188,ipv4,malicious-ip,medium,WHITE,ziyadnz/hourly-ipv4,ziyadnz|hourly,2026-08-17T18:48:05Z,2026-08-17T18:48:05Z,
95.216.249.153,ipv4,malicious-ip,medium,WHITE,ziyadnz/hourly-ipv4,ziyadnz|hourly,2026-08-17T18:48:05Z,2026-08-17T18:48:05Z,
95.216.32.74,ipv4,malicious-ip,medium,WHITE,ziyadnz/hourly-ipv4,ziyadnz|hourly,2026-08-17T18:48:05Z,2026-08-17T18:48:05Z,
95.216.37.185,ipv4,malicious-ip,medium,WHITE,ziyadnz/hourly-ipv4,ziyadnz|hourly,2026-08-17T18:48:05Z,2026-08-17T18:48:05Z,
95.216.46.125,ipv4,malicious-ip,medium,WHITE,ziyadnz/hourly-ipv4,ziyadnz|hourly,2026-08-17T18:48:05Z,2026-08-17T18:48:05Z,
95.216.51.236,ipv4,malicious-ip,medium,WHITE,ziyadnz/hourly-ipv4,ziyadnz|hourly,2026-08-17T18:48:05Z,2026-08-17T18:48:05Z,
95.216.94.99,ipv4,malicious-ip,medium,WHITE,ziyadnz/hourly-ipv4,ziyadnz|hourly,2026-08-17T18:48:05Z,2026-08-17T18:48:05Z,
95.216.95.178,ipv4,malicious-ip,medium,WHITE,ziyadnz/hourly-ipv4,ziyadnz|hourly,2026-08-17T18:48:05Z,2026-08-17T18:48:05Z,
95.217.10.109,ipv4,malicious-ip,medium,WHITE,ziyadnz/hourly-ipv4,ziyadnz|hourly,2026-08-17T18:48:05Z,2026-08-17T18:48:05Z,
95.217.109.26,ipv4,malicious-ip,medium,WHITE,ziyadnz/hourly-ipv4,ziyadnz|hourly,2026-08-17T18:48:05Z,2026-08-17T18:48:05Z,
95.217.139.100,ipv4,malicious-ip,medium,WHITE,ziyadnz/hourly-ipv4,ziyadnz|hourly,2026-08-17T18:48:05Z,2026-08-17T18:48:05Z,
95.217.143.99,ipv4,malicious-ip,medium,WHITE,ziyadnz/hourly-ipv4,ziyadnz|hourly,2026-08-17T18:48:05Z,2026-08-17T18:48:05Z,
95.217.148.161,ipv4,malicious-ip,medium,WHITE,ziyadnz/hourly-ipv4,ziyadnz|hourly,2026-08-17T18:48:05Z,2026-08-17T18:48:05Z,
95.217.17.79,ipv4,malicious-ip,medium,WHITE,ziyadnz/hourly-ipv4,ziyadnz|hourly,2026-08-17T18:48:05Z,2026-08-17T18:48:05Z,
95.217.202.240,ipv4,malicious-ip,medium,WHITE,ziyadnz/hourly-ipv4,ziyadnz|hourly,2026-08-17T18:48:05Z,2026-08-17T18:48:05Z,
95.217.203.91,ipv4,malicious-ip,medium,WHITE,ziyadnz/hourly-ipv4,ziyadnz|hourly,2026-08-17T18:48:05Z,2026-08-17T18:48:05Z,
95.217.22.175,ipv4,malicious-ip,medium,WHITE,ziyadnz/hourly-ipv4,ziyadnz|hourly,2026-08-17T18:48:05Z,2026-08-17T18:48:05Z,
95.217.225.116,ipv4,malicious-ip,medium,WHITE,ziyadnz/hourly-ipv4,ziyadnz|hourly,2026-08-17T18:48:05Z,2026-08-17T18:48:05Z,
95.217.234.153,ipv4,malicious-ip,medium,WHITE,ziyadnz/hourly-ipv4,ziyadnz|hourly,2026-08-17T18:48:05Z,2026-08-17T18:48:05Z,
95.217.235.8,ipv4,malicious-ip,medium,WHITE,ziyadnz/hourly-ipv4,ziyadnz|hourly,2026-08-17T18:48:05Z,2026-08-17T18:48:05Z,
95.217.238.97,ipv4,malicious-ip,medium,WHITE,ziyadnz/hourly-ipv4,ziyadnz|hourly,2026-08-17T18:48:05Z,2026-08-17T18:48:05Z,
95.217.240.67,ipv4,malicious-ip,medium,WHITE,ziyadnz/hourly-ipv4,ziyadnz|hourly,2026-08-17T18:48:05Z,2026-08-17T18:48:05Z,
95.217.28.33,ipv4,malicious-ip,medium,WHITE,ziyadnz/hourly-ipv4,ziyadnz|hourly,2026-08-17T18:48:05Z,2026-08-17T18:48:05Z,
95.217.63.87,ipv4,malicious-ip,medium,WHITE,ziyadnz/hourly-ipv4,ziyadnz|hourly,2026-08-17T18:48:05Z,2026-08-17T18:48:05Z,
95.217.78.122,ipv4,malicious-ip,medium,WHITE,ziyadnz/hourly-ipv4,ziyadnz|hourly,2026-08-17T18:48:05Z,2026-08-17T18:48:05Z,
95.220.47.46,ipv4,malicious-ip,medium,WHITE,ziyadnz/hourly-ipv4,ziyadnz|hourly,2026-08-17T18:48:05Z,2026-08-17T18:48:05Z,
95.221.237.112,ipv4,malicious-ip,medium,WHITE,ziyadnz/hourly-ipv4,ziyadnz|hourly,2026-08-17T18:48:05Z,2026-08-17T18:48:05Z,
95.223.0.229,ipv4,malicious-ip,medium,WHITE,ziyadnz/hourly-ipv4,ziyadnz|hourly,2026-08-17T18:48:05Z,2026-08-17T18:48:05Z,
95.229.118.228,ipv4,malicious-ip,medium,WHITE,ziyadnz/hourly-ipv4,ziyadnz|hourly,2026-08-17T18:48:05Z,2026-08-17T18:48:05Z,
95.230.160.106,ipv4,malicious-ip,medium,WHITE,ziyadnz/hourly-ipv4,ziyadnz|hourly,2026-08-17T18:48:05Z,2026-08-17T18:48:05Z,
95.231.249.182,ipv4,malicious-ip,medium,WHITE,ziyadnz/hourly-ipv4,ziyadnz|hourly,2026-08-17T18:48:05Z,2026-08-17T18:48:05Z,
95.238.178.51,ipv4,malicious-ip,medium,WHITE,ziyadnz/hourly-ipv4,ziyadnz|hourly,2026-08-17T18:48:05Z,2026-08-17T18:48:05Z,
95.24.35.51,ipv4,malicious-ip,medium,WHITE,ziyadnz/hourly-ipv4,ziyadnz|hourly,2026-08-17T18:48:05Z,2026-08-17T18:48:05Z,
95.246.30.21,ipv4,malicious-ip,medium,WHITE,ziyadnz/hourly-ipv4,ziyadnz|hourly,2026-08-17T18:48:05Z,2026-08-17T18:48:05Z,
95.247.208.51,ipv4,malicious-ip,medium,WHITE,ziyadnz/hourly-ipv4,ziyadnz|hourly,2026-08-17T18:48:05Z,2026-08-17T18:48:05Z,
95.247.48.29,ipv4,malicious-ip,medium,WHITE,ziyadnz/hourly-ipv4,ziyadnz|hourly,2026-08-17T18:48:05Z,2026-08-17T18:48:05Z,
95.249.61.40,ipv4,malicious-ip,medium,WHITE,ziyadnz/hourly-ipv4,ziyadnz|hourly,2026-08-17T18:48:05Z,2026-08-17T18:48:05Z,
95.25.151.198,ipv4,malicious-ip,medium,WHITE,ziyadnz/hourly-ipv4,ziyadnz|hourly,2026-08-17T18:48:05Z,2026-08-17T18:48:05Z,
95.25.85.26,ipv4,malicious-ip,medium,WHITE,ziyadnz/hourly-ipv4,ziyadnz|hourly,2026-08-17T18:48:05Z,2026-08-17T18:48:05Z,
95.250.241.71,ipv4,malicious-ip,medium,WHITE,ziyadnz/hourly-ipv4,ziyadnz|hourly,2026-08-17T18:48:05Z,2026-08-17T18:48:05Z,
95.255.158.96,ipv4,malicious-ip,medium,WHITE,ziyadnz/hourly-ipv4,ziyadnz|hourly,2026-08-17T18:48:05Z,2026-08-17T18:48:05Z,
95.255.212.78,ipv4,malicious-ip,medium,WHITE,ziyadnz/hourly-ipv4,ziyadnz|hourly,2026-08-17T18:48:05Z,2026-08-17T18:48:05Z,
95.26.110.217,ipv4,malicious-ip,medium,WHITE,ziyadnz/hourly-ipv4,ziyadnz|hourly,2026-08-17T18:48:05Z,2026-08-17T18:48:05Z,
95.26.59.80,ipv4,malicious-ip,medium,WHITE,ziyadnz/hourly-ipv4,ziyadnz|hourly,2026-08-17T18:48:05Z,2026-08-17T18:48:05Z,
95.27.142.136,ipv4,malicious-ip,medium,WHITE,ziyadnz/hourly-ipv4,ziyadnz|hourly,2026-08-17T18:48:05Z,2026-08-17T18:48:05Z,
95.27.142.43,ipv4,malicious-ip,medium,WHITE,ziyadnz/hourly-ipv4,ziyadnz|hourly,2026-08-17T18:48:05Z,2026-08-17T18:48:05Z,
95.27.29.95,ipv4,malicious-ip,medium,WHITE,ziyadnz/hourly-ipv4,ziyadnz|hourly,2026-08-17T18:48:05Z,2026-08-17T18:48:05Z,
95.31.104.134,ipv4,malicious-ip,medium,WHITE,ziyadnz/hourly-ipv4,ziyadnz|hourly,2026-08-17T18:48:05Z,2026-08-17T18:48:05Z,
95.31.16.62,ipv4,malicious-ip,medium,WHITE,ziyadnz/hourly-ipv4,ziyadnz|hourly,2026-08-17T18:48:05Z,2026-08-17T18:48:05Z,
95.31.215.210,ipv4,malicious-ip,medium,WHITE,ziyadnz/hourly-ipv4,ziyadnz|hourly,2026-08-17T18:48:05Z,2026-08-17T18:48:05Z,
95.31.48.66,ipv4,malicious-ip,medium,WHITE,ziyadnz/hourly-ipv4,ziyadnz|hourly,2026-08-17T18:48:05Z,2026-08-17T18:48:05Z,
95.32.210.78,ipv4,malicious-ip,medium,WHITE,ziyadnz/hourly-ipv4,ziyadnz|hourly,2026-08-17T18:48:05Z,2026-08-17T18:48:05Z,
95.35.104.244,ipv4,malicious-ip,medium,WHITE,ziyadnz/hourly-ipv4,ziyadnz|hourly,2026-08-17T18:48:05Z,2026-08-17T18:48:05Z,
95.35.221.82,ipv4,malicious-ip,medium,WHITE,ziyadnz/hourly-ipv4,ziyadnz|hourly,2026-08-17T18:48:05Z,2026-08-17T18:48:05Z,
95.37.218.124,ipv4,malicious-ip,medium,WHITE,ziyadnz/hourly-ipv4,ziyadnz|hourly,2026-08-17T18:48:05Z,2026-08-17T18:48:05Z,
95.38.145.8,ipv4,malicious-ip,medium,WHITE,ziyadnz/hourly-ipv4,ziyadnz|hourly,2026-08-17T18:48:05Z,2026-08-17T18:48:05Z,
95.38.161.87,ipv4,malicious-ip,medium,WHITE,ziyadnz/hourly-ipv4,ziyadnz|hourly,2026-08-17T18:48:05Z,2026-08-17T18:48:05Z,
95.40.251.82,ipv4,malicious-ip,medium,WHITE,ziyadnz/hourly-ipv4,ziyadnz|hourly,2026-08-17T18:48:05Z,2026-08-17T18:48:05Z,
95.40.33.4,ipv4,malicious-ip,medium,WHITE,ziyadnz/hourly-ipv4,ziyadnz|hourly,2026-08-17T18:48:05Z,2026-08-17T18:48:05Z,
95.42.72.124,ipv4,malicious-ip,medium,WHITE,ziyadnz/hourly-ipv4,ziyadnz|hourly,2026-08-17T18:48:05Z,2026-08-17T18:48:05Z,
95.43.114.146,ipv4,malicious-ip,medium,WHITE,ziyadnz/hourly-ipv4,ziyadnz|hourly,2026-08-17T18:48:05Z,2026-08-17T18:48:05Z,
95.44.148.189,ipv4,malicious-ip,medium,WHITE,ziyadnz/hourly-ipv4,ziyadnz|hourly,2026-08-17T18:48:05Z,2026-08-17T18:48:05Z,
95.44.192.167,ipv4,malicious-ip,medium,WHITE,ziyadnz/hourly-ipv4,ziyadnz|hourly,2026-08-17T18:48:05Z,2026-08-17T18:48:05Z,
95.44.22.24,ipv4,malicious-ip,medium,WHITE,ziyadnz/hourly-ipv4,ziyadnz|hourly,2026-08-17T18:48:05Z,2026-08-17T18:48:05Z,
95.45.65.57,ipv4,malicious-ip,medium,WHITE,ziyadnz/hourly-ipv4,ziyadnz|hourly,2026-08-17T18:48:05Z,2026-08-17T18:48:05Z,
95.46.141.42,ipv4,malicious-ip,medium,WHITE,ziyadnz/hourly-ipv4,ziyadnz|hourly,2026-08-17T18:48:05Z,2026-08-17T18:48:05Z,
95.46.142.115,ipv4,malicious-ip,medium,WHITE,ziyadnz/hourly-ipv4,ziyadnz|hourly,2026-08-17T18:48:05Z,2026-08-17T18:48:05Z,
95.46.142.124,ipv4,malicious-ip,medium,WHITE,ziyadnz/hourly-ipv4,ziyadnz|hourly,2026-08-17T18:48:05Z,2026-08-17T18:48:05Z,
95.46.142.71,ipv4,malicious-ip,medium,WHITE,ziyadnz/hourly-ipv4,ziyadnz|hourly,2026-08-17T18:48:05Z,2026-08-17T18:48:05Z,
95.46.143.36,ipv4,malicious-ip,medium,WHITE,ziyadnz/hourly-ipv4,ziyadnz|hourly,2026-08-17T18:48:05Z,2026-08-17T18:48:05Z,
95.46.143.42,ipv4,malicious-ip,medium,WHITE,ziyadnz/hourly-ipv4,ziyadnz|hourly,2026-08-17T18:48:05Z,2026-08-17T18:48:05Z,
95.46.145.104,ipv4,malicious-ip,medium,WHITE,ziyadnz/hourly-ipv4,ziyadnz|hourly,2026-08-17T18:48:05Z,2026-08-17T18:48:05Z,
95.46.145.184,ipv4,malicious-ip,medium,WHITE,ziyadnz/hourly-ipv4,ziyadnz|hourly,2026-08-17T18:48:05Z,2026-08-17T18:48:05Z,
95.46.145.84,ipv4,malicious-ip,medium,WHITE,ziyadnz/hourly-ipv4,ziyadnz|hourly,2026-08-17T18:48:05Z,2026-08-17T18:48:05Z,
95.46.15.32,ipv4,malicious-ip,medium,WHITE,ziyadnz/hourly-ipv4,ziyadnz|hourly,2026-08-17T18:48:05Z,2026-08-17T18:48:05Z,
95.46.211.142,ipv4,malicious-ip,medium,WHITE,ziyadnz/hourly-ipv4,ziyadnz|hourly,2026-08-17T18:48:05Z,2026-08-17T18:48:05Z,
95.46.32.30,ipv4,malicious-ip,medium,WHITE,ziyadnz/hourly-ipv4,ziyadnz|hourly,2026-08-17T18:48:05Z,2026-08-17T18:48:05Z,
95.46.8.78,ipv4,malicious-ip,medium,WHITE,ziyadnz/hourly-ipv4,ziyadnz|hourly,2026-08-17T18:48:05Z,2026-08-17T18:48:05Z,
95.47.102.205,ipv4,malicious-ip,medium,WHITE,ziyadnz/hourly-ipv4,ziyadnz|hourly,2026-08-17T18:48:05Z,2026-08-17T18:48:05Z,
95.47.110.155,ipv4,malicious-ip,medium,WHITE,ziyadnz/hourly-ipv4,ziyadnz|hourly,2026-08-17T18:48:05Z,2026-08-17T18:48:05Z,
95.47.115.223,ipv4,malicious-ip,medium,WHITE,ziyadnz/hourly-ipv4,ziyadnz|hourly,2026-08-17T18:48:05Z,2026-08-17T18:48:05Z,
95.47.115.40,ipv4,malicious-ip,medium,WHITE,ziyadnz/hourly-ipv4,ziyadnz|hourly,2026-08-17T18:48:05Z,2026-08-17T18:48:05Z,
95.47.162.59,ipv4,malicious-ip,medium,WHITE,ziyadnz/hourly-ipv4,ziyadnz|hourly,2026-08-17T18:48:05Z,2026-08-17T18:48:05Z,
95.47.162.61,ipv4,malicious-ip,medium,WHITE,ziyadnz/hourly-ipv4,ziyadnz|hourly,2026-08-17T18:48:05Z,2026-08-17T18:48:05Z,
95.47.164.176,ipv4,malicious-ip,medium,WHITE,ziyadnz/hourly-ipv4,ziyadnz|hourly,2026-08-17T18:48:05Z,2026-08-17T18:48:05Z,
95.47.200.8,ipv4,malicious-ip,medium,WHITE,ziyadnz/hourly-ipv4,ziyadnz|hourly,2026-08-17T18:48:05Z,2026-08-17T18:48:05Z,
95.47.246.223,ipv4,malicious-ip,medium,WHITE,ziyadnz/hourly-ipv4,ziyadnz|hourly,2026-08-17T18:48:05Z,2026-08-17T18:48:05Z,
95.49.226.47,ipv4,malicious-ip,medium,WHITE,ziyadnz/hourly-ipv4,ziyadnz|hourly,2026-08-17T18:48:05Z,2026-08-17T18:48:05Z,
95.52.14.138,ipv4,malicious-ip,medium,WHITE,ziyadnz/hourly-ipv4,ziyadnz|hourly,2026-08-17T18:48:05Z,2026-08-17T18:48:05Z,
95.52.77.94,ipv4,malicious-ip,medium,WHITE,ziyadnz/hourly-ipv4,ziyadnz|hourly,2026-08-17T18:48:05Z,2026-08-17T18:48:05Z,
95.53.143.241,ipv4,malicious-ip,medium,WHITE,ziyadnz/hourly-ipv4,ziyadnz|hourly,2026-08-17T18:48:05Z,2026-08-17T18:48:05Z,
95.54.31.3,ipv4,malicious-ip,medium,WHITE,ziyadnz/hourly-ipv4,ziyadnz|hourly,2026-08-17T18:48:05Z,2026-08-17T18:48:05Z,
95.54.75.165,ipv4,malicious-ip,medium,WHITE,ziyadnz/hourly-ipv4,ziyadnz|hourly,2026-08-17T18:48:05Z,2026-08-17T18:48:05Z,
95.54.8.112,ipv4,malicious-ip,medium,WHITE,ziyadnz/hourly-ipv4,ziyadnz|hourly,2026-08-17T18:48:05Z,2026-08-17T18:48:05Z,
95.56.44.193,ipv4,malicious-ip,medium,WHITE,ziyadnz/hourly-ipv4,ziyadnz|hourly,2026-08-17T18:48:05Z,2026-08-17T18:48:05Z,
95.57.184.198,ipv4,malicious-ip,medium,WHITE,ziyadnz/hourly-ipv4,ziyadnz|hourly,2026-08-17T18:48:05Z,2026-08-17T18:48:05Z,
95.57.207.100,ipv4,malicious-ip,medium,WHITE,ziyadnz/hourly-ipv4,ziyadnz|hourly,2026-08-17T18:48:05Z,2026-08-17T18:48:05Z,
95.57.218.109,ipv4,malicious-ip,medium,WHITE,ziyadnz/hourly-ipv4,ziyadnz|hourly,2026-08-17T18:48:05Z,2026-08-17T18:48:05Z,
95.58.192.130,ipv4,malicious-ip,medium,WHITE,ziyadnz/hourly-ipv4,ziyadnz|hourly,2026-08-17T18:48:05Z,2026-08-17T18:48:05Z,
95.58.216.162,ipv4,malicious-ip,medium,WHITE,ziyadnz/hourly-ipv4,ziyadnz|hourly,2026-08-17T18:48:05Z,2026-08-17T18:48:05Z,
95.59.110.78,ipv4,malicious-ip,medium,WHITE,ziyadnz/hourly-ipv4,ziyadnz|hourly,2026-08-17T18:48:05Z,2026-08-17T18:48:05Z,
95.59.142.69,ipv4,malicious-ip,medium,WHITE,ziyadnz/hourly-ipv4,ziyadnz|hourly,2026-08-17T18:48:05Z,2026-08-17T18:48:05Z,
95.60.142.200,ipv4,malicious-ip,medium,WHITE,ziyadnz/hourly-ipv4,ziyadnz|hourly,2026-08-17T18:48:05Z,2026-08-17T18:48:05Z,
95.62.90.131,ipv4,malicious-ip,medium,WHITE,ziyadnz/hourly-ipv4,ziyadnz|hourly,2026-08-17T18:48:05Z,2026-08-17T18:48:05Z,
95.65.92.198,ipv4,malicious-ip,medium,WHITE,ziyadnz/hourly-ipv4,ziyadnz|hourly,2026-08-17T18:48:05Z,2026-08-17T18:48:05Z,
95.65.98.52,ipv4,malicious-ip,medium,WHITE,ziyadnz/hourly-ipv4,ziyadnz|hourly,2026-08-17T18:48:05Z,2026-08-17T18:48:05Z,
95.66.153.238,ipv4,malicious-ip,medium,WHITE,ziyadnz/hourly-ipv4,ziyadnz|hourly,2026-08-17T18:48:05Z,2026-08-17T18:48:05Z,
95.67.117.86,ipv4,malicious-ip,medium,WHITE,ziyadnz/hourly-ipv4,ziyadnz|hourly,2026-08-17T18:48:05Z,2026-08-17T18:48:05Z,
95.67.38.229,ipv4,malicious-ip,medium,WHITE,ziyadnz/hourly-ipv4,ziyadnz|hourly,2026-08-17T18:48:05Z,2026-08-17T18:48:05Z,
95.67.86.58,ipv4,malicious-ip,medium,WHITE,ziyadnz/hourly-ipv4,ziyadnz|hourly,2026-08-17T18:48:05Z,2026-08-17T18:48:05Z,
95.67.96.97,ipv4,malicious-ip,medium,WHITE,ziyadnz/hourly-ipv4,ziyadnz|hourly,2026-08-17T18:48:05Z,2026-08-17T18:48:05Z,
95.68.13.175,ipv4,malicious-ip,medium,WHITE,ziyadnz/hourly-ipv4,ziyadnz|hourly,2026-08-17T18:48:05Z,2026-08-17T18:48:05Z,
95.68.226.130,ipv4,malicious-ip,medium,WHITE,ziyadnz/hourly-ipv4,ziyadnz|hourly,2026-08-17T18:48:05Z,2026-08-17T18:48:05Z,
95.7.111.29,ipv4,malicious-ip,medium,WHITE,ziyadnz/hourly-ipv4,ziyadnz|hourly,2026-08-17T18:48:05Z,2026-08-17T18:48:05Z,
95.7.238.97,ipv4,malicious-ip,medium,WHITE,ziyadnz/hourly-ipv4,ziyadnz|hourly,2026-08-17T18:48:05Z,2026-08-17T18:48:05Z,
95.70.128.210,ipv4,malicious-ip,medium,WHITE,ziyadnz/hourly-ipv4,ziyadnz|hourly,2026-08-17T18:48:05Z,2026-08-17T18:48:05Z,
95.70.151.185,ipv4,malicious-ip,medium,WHITE,ziyadnz/hourly-ipv4,ziyadnz|hourly,2026-08-17T18:48:05Z,2026-08-17T18:48:05Z,
95.70.157.192,ipv4,malicious-ip,medium,WHITE,ziyadnz/hourly-ipv4,ziyadnz|hourly,2026-08-17T18:48:05Z,2026-08-17T18:48:05Z,
95.70.200.183,ipv4,malicious-ip,medium,WHITE,ziyadnz/hourly-ipv4,ziyadnz|hourly,2026-08-17T18:48:05Z,2026-08-17T18:48:05Z,
95.70.209.133,ipv4,malicious-ip,medium,WHITE,ziyadnz/hourly-ipv4,ziyadnz|hourly,2026-08-17T18:48:05Z,2026-08-17T18:48:05Z,
95.70.237.111,ipv4,malicious-ip,medium,WHITE,ziyadnz/hourly-ipv4,ziyadnz|hourly,2026-08-17T18:48:05Z,2026-08-17T18:48:05Z,
95.70.254.213,ipv4,malicious-ip,medium,WHITE,ziyadnz/hourly-ipv4,ziyadnz|hourly,2026-08-17T18:48:05Z,2026-08-17T18:48:05Z,
95.71.127.158,ipv4,malicious-ip,medium,WHITE,ziyadnz/hourly-ipv4,ziyadnz|hourly,2026-08-17T18:48:05Z,2026-08-17T18:48:05Z,
95.77.9.9,ipv4,malicious-ip,medium,WHITE,ziyadnz/hourly-ipv4,ziyadnz|hourly,2026-08-17T18:48:05Z,2026-08-17T18:48:05Z,
95.78.118.172,ipv4,malicious-ip,medium,WHITE,ziyadnz/hourly-ipv4,ziyadnz|hourly,2026-08-17T18:48:05Z,2026-08-17T18:48:05Z,
95.79.34.101,ipv4,malicious-ip,medium,WHITE,ziyadnz/hourly-ipv4,ziyadnz|hourly,2026-08-17T18:48:05Z,2026-08-17T18:48:05Z,
95.79.57.221,ipv4,malicious-ip,medium,WHITE,ziyadnz/hourly-ipv4,ziyadnz|hourly,2026-08-17T18:48:05Z,2026-08-17T18:48:05Z,
95.8.252.102,ipv4,malicious-ip,medium,WHITE,ziyadnz/hourly-ipv4,ziyadnz|hourly,2026-08-17T18:48:05Z,2026-08-17T18:48:05Z,
95.80.183.69,ipv4,malicious-ip,medium,WHITE,ziyadnz/hourly-ipv4,ziyadnz|hourly,2026-08-17T18:48:05Z,2026-08-17T18:48:05Z,
95.81.1.43,ipv4,malicious-ip,medium,WHITE,ziyadnz/hourly-ipv4,ziyadnz|hourly,2026-08-17T18:48:05Z,2026-08-17T18:48:05Z,
95.81.114.229,ipv4,malicious-ip,medium,WHITE,ziyadnz/hourly-ipv4,ziyadnz|hourly,2026-08-17T18:48:05Z,2026-08-17T18:48:05Z,
95.81.96.6,ipv4,malicious-ip,medium,WHITE,ziyadnz/hourly-ipv4,ziyadnz|hourly,2026-08-17T18:48:05Z,2026-08-17T18:48:05Z,
95.81.99.104,ipv4,malicious-ip,medium,WHITE,ziyadnz/hourly-ipv4,ziyadnz|hourly,2026-08-17T18:48:05Z,2026-08-17T18:48:05Z,
95.82.210.98,ipv4,malicious-ip,medium,WHITE,ziyadnz/hourly-ipv4,ziyadnz|hourly,2026-08-17T18:48:05Z,2026-08-17T18:48:05Z,
95.83.158.46,ipv4,malicious-ip,medium,WHITE,ziyadnz/hourly-ipv4,ziyadnz|hourly,2026-08-17T18:48:05Z,2026-08-17T18:48:05Z,
95.84.192.53,ipv4,malicious-ip,medium,WHITE,ziyadnz/hourly-ipv4,ziyadnz|hourly,2026-08-17T18:48:05Z,2026-08-17T18:48:05Z,
95.84.65.167,ipv4,malicious-ip,medium,WHITE,ziyadnz/hourly-ipv4,ziyadnz|hourly,2026-08-17T18:48:05Z,2026-08-17T18:48:05Z,
95.85.159.109,ipv4,malicious-ip,medium,WHITE,ziyadnz/hourly-ipv4,ziyadnz|hourly,2026-08-17T18:48:05Z,2026-08-17T18:48:05Z,
95.85.224.14,ipv4,malicious-ip,medium,WHITE,ziyadnz/hourly-ipv4,ziyadnz|hourly,2026-08-17T18:48:05Z,2026-08-17T18:48:05Z,
95.85.228.70,ipv4,malicious-ip,medium,WHITE,ziyadnz/hourly-ipv4,ziyadnz|hourly,2026-08-17T18:48:05Z,2026-08-17T18:48:05Z,
95.85.231.199,ipv4,malicious-ip,medium,WHITE,ziyadnz/hourly-ipv4,ziyadnz|hourly,2026-08-17T18:48:05Z,2026-08-17T18:48:05Z,
95.85.238.18,ipv4,malicious-ip,medium,WHITE,ziyadnz/hourly-ipv4,ziyadnz|hourly,2026-08-17T18:48:05Z,2026-08-17T18:48:05Z,
95.85.238.181,ipv4,malicious-ip,medium,WHITE,ziyadnz/hourly-ipv4,ziyadnz|hourly,2026-08-17T18:48:05Z,2026-08-17T18:48:05Z,
95.85.238.191,ipv4,malicious-ip,medium,WHITE,ziyadnz/hourly-ipv4,ziyadnz|hourly,2026-08-17T18:48:05Z,2026-08-17T18:48:05Z,
95.85.238.4,ipv4,malicious-ip,medium,WHITE,ziyadnz/hourly-ipv4,ziyadnz|hourly,2026-08-17T18:48:05Z,2026-08-17T18:48:05Z,
95.85.238.60,ipv4,malicious-ip,medium,WHITE,ziyadnz/hourly-ipv4,ziyadnz|hourly,2026-08-17T18:48:05Z,2026-08-17T18:48:05Z,
95.85.245.170,ipv4,malicious-ip,medium,WHITE,ziyadnz/hourly-ipv4,ziyadnz|hourly,2026-08-17T18:48:05Z,2026-08-17T18:48:05Z,
95.85.245.51,ipv4,malicious-ip,medium,WHITE,ziyadnz/hourly-ipv4,ziyadnz|hourly,2026-08-17T18:48:05Z,2026-08-17T18:48:05Z,
95.85.246.45,ipv4,malicious-ip,medium,WHITE,ziyadnz/hourly-ipv4,ziyadnz|hourly,2026-08-17T18:48:05Z,2026-08-17T18:48:05Z,
95.85.246.73,ipv4,malicious-ip,medium,WHITE,ziyadnz/hourly-ipv4,ziyadnz|hourly,2026-08-17T18:48:05Z,2026-08-17T18:48:05Z,
95.85.248.85,ipv4,malicious-ip,medium,WHITE,ziyadnz/hourly-ipv4,ziyadnz|hourly,2026-08-17T18:48:05Z,2026-08-17T18:48:05Z,
95.85.252.196,ipv4,malicious-ip,medium,WHITE,ziyadnz/hourly-ipv4,ziyadnz|hourly,2026-08-17T18:48:05Z,2026-08-17T18:48:05Z,
95.85.252.205,ipv4,malicious-ip,medium,WHITE,ziyadnz/hourly-ipv4,ziyadnz|hourly,2026-08-17T18:48:05Z,2026-08-17T18:48:05Z,
95.85.34.71,ipv4,malicious-ip,medium,WHITE,ziyadnz/hourly-ipv4,ziyadnz|hourly,2026-08-17T18:48:05Z,2026-08-17T18:48:05Z,
95.85.93.196,ipv4,malicious-ip,medium,WHITE,ziyadnz/hourly-ipv4,ziyadnz|hourly,2026-08-17T18:48:05Z,2026-08-17T18:48:05Z,
95.86.58.141,ipv4,malicious-ip,medium,WHITE,ziyadnz/hourly-ipv4,ziyadnz|hourly,2026-08-17T18:48:05Z,2026-08-17T18:48:05Z,
95.87.213.16,ipv4,malicious-ip,medium,WHITE,ziyadnz/hourly-ipv4,ziyadnz|hourly,2026-08-17T18:48:05Z,2026-08-17T18:48:05Z,
95.87.248.223,ipv4,malicious-ip,medium,WHITE,ziyadnz/hourly-ipv4,ziyadnz|hourly,2026-08-17T18:48:05Z,2026-08-17T18:48:05Z,
95.88.203.88,ipv4,malicious-ip,medium,WHITE,ziyadnz/hourly-ipv4,ziyadnz|hourly,2026-08-17T18:48:05Z,2026-08-17T18:48:05Z,
95.89.149.179,ipv4,malicious-ip,medium,WHITE,ziyadnz/hourly-ipv4,ziyadnz|hourly,2026-08-17T18:48:05Z,2026-08-17T18:48:05Z,
95.9.191.195,ipv4,malicious-ip,medium,WHITE,ziyadnz/hourly-ipv4,ziyadnz|hourly,2026-08-17T18:48:05Z,2026-08-17T18:48:05Z,
95.9.225.147,ipv4,malicious-ip,medium,WHITE,ziyadnz/hourly-ipv4,ziyadnz|hourly,2026-08-17T18:48:05Z,2026-08-17T18:48:05Z,
95.9.233.235,ipv4,malicious-ip,medium,WHITE,ziyadnz/hourly-ipv4,ziyadnz|hourly,2026-08-17T18:48:05Z,2026-08-17T18:48:05Z,
95.9.242.210,ipv4,malicious-ip,medium,WHITE,ziyadnz/hourly-ipv4,ziyadnz|hourly,2026-08-17T18:48:05Z,2026-08-17T18:48:05Z,
95.9.35.137,ipv4,malicious-ip,medium,WHITE,ziyadnz/hourly-ipv4,ziyadnz|hourly,2026-08-17T18:48:05Z,2026-08-17T18:48:05Z,
95.9.56.188,ipv4,malicious-ip,medium,WHITE,ziyadnz/hourly-ipv4,ziyadnz|hourly,2026-08-17T18:48:05Z,2026-08-17T18:48:05Z,
95.91.225.39,ipv4,malicious-ip,medium,WHITE,ziyadnz/hourly-ipv4,ziyadnz|hourly,2026-08-17T18:48:05Z,2026-08-17T18:48:05Z,
95.91.247.68,ipv4,malicious-ip,medium,WHITE,ziyadnz/hourly-ipv4,ziyadnz|hourly,2026-08-17T18:48:05Z,2026-08-17T18:48:05Z,
95.92.202.10,ipv4,malicious-ip,medium,WHITE,ziyadnz/hourly-ipv4,ziyadnz|hourly,2026-08-17T18:48:05Z,2026-08-17T18:48:05Z,
95.92.242.30,ipv4,malicious-ip,medium,WHITE,ziyadnz/hourly-ipv4,ziyadnz|hourly,2026-08-17T18:48:05Z,2026-08-17T18:48:05Z,
95.93.6.80,ipv4,malicious-ip,medium,WHITE,ziyadnz/hourly-ipv4,ziyadnz|hourly,2026-08-17T18:48:05Z,2026-08-17T18:48:05Z,
95.93.77.61,ipv4,malicious-ip,medium,WHITE,ziyadnz/hourly-ipv4,ziyadnz|hourly,2026-08-17T18:48:05Z,2026-08-17T18:48:05Z,
95.94.124.163,ipv4,malicious-ip,medium,WHITE,ziyadnz/hourly-ipv4,ziyadnz|hourly,2026-08-17T18:48:05Z,2026-08-17T18:48:05Z,
95.94.205.12,ipv4,malicious-ip,medium,WHITE,ziyadnz/hourly-ipv4,ziyadnz|hourly,2026-08-17T18:48:05Z,2026-08-17T18:48:05Z,
95.94.255.92,ipv4,malicious-ip,medium,WHITE,ziyadnz/hourly-ipv4,ziyadnz|hourly,2026-08-17T18:48:05Z,2026-08-17T18:48:05Z,
95.94.68.153,ipv4,malicious-ip,medium,WHITE,ziyadnz/hourly-ipv4,ziyadnz|hourly,2026-08-17T18:48:05Z,2026-08-17T18:48:05Z,
95.95.213.184,ipv4,malicious-ip,medium,WHITE,ziyadnz/hourly-ipv4,ziyadnz|hourly,2026-08-17T18:48:05Z,2026-08-17T18:48:05Z,
95.95.229.29,ipv4,malicious-ip,medium,WHITE,ziyadnz/hourly-ipv4,ziyadnz|hourly,2026-08-17T18:48:05Z,2026-08-17T18:48:05Z,
95.95.58.8,ipv4,malicious-ip,medium,WHITE,ziyadnz/hourly-ipv4,ziyadnz|hourly,2026-08-17T18:48:05Z,2026-08-17T18:48:05Z,
95.97.140.118,ipv4,malicious-ip,medium,WHITE,ziyadnz/hourly-ipv4,ziyadnz|hourly,2026-08-17T18:48:05Z,2026-08-17T18:48:05Z,
95.97.20.138,ipv4,malicious-ip,medium,WHITE,ziyadnz/hourly-ipv4,ziyadnz|hourly,2026-08-17T18:48:05Z,2026-08-17T18:48:05Z,
95.97.67.189,ipv4,malicious-ip,medium,WHITE,ziyadnz/hourly-ipv4,ziyadnz|hourly,2026-08-17T18:48:05Z,2026-08-17T18:48:05Z,
96.125.137.54,ipv4,malicious-ip,medium,WHITE,ziyadnz/hourly-ipv4,ziyadnz|hourly,2026-08-17T18:48:05Z,2026-08-17T18:48:05Z,
96.125.170.98,ipv4,malicious-ip,medium,WHITE,ziyadnz/hourly-ipv4,ziyadnz|hourly,2026-08-17T18:48:05Z,2026-08-17T18:48:05Z,
96.126.101.127,ipv4,malicious-ip,medium,WHITE,ziyadnz/hourly-ipv4,ziyadnz|hourly,2026-08-17T18:48:05Z,2026-08-17T18:48:05Z,
96.126.101.176,ipv4,malicious-ip,medium,WHITE,ziyadnz/hourly-ipv4,ziyadnz|hourly,2026-08-17T18:48:05Z,2026-08-17T18:48:05Z,
96.126.101.202,ipv4,malicious-ip,medium,WHITE,ziyadnz/hourly-ipv4,ziyadnz|hourly,2026-08-17T18:48:05Z,2026-08-17T18:48:05Z,
96.126.101.29,ipv4,malicious-ip,medium,WHITE,ziyadnz/hourly-ipv4,ziyadnz|hourly,2026-08-17T18:48:05Z,2026-08-17T18:48:05Z,
96.126.101.34,ipv4,malicious-ip,medium,WHITE,ziyadnz/hourly-ipv4,ziyadnz|hourly,2026-08-17T18:48:05Z,2026-08-17T18:48:05Z,
96.126.101.66,ipv4,malicious-ip,medium,WHITE,ziyadnz/hourly-ipv4,ziyadnz|hourly,2026-08-17T18:48:05Z,2026-08-17T18:48:05Z,
96.126.101.72,ipv4,malicious-ip,medium,WHITE,ziyadnz/hourly-ipv4,ziyadnz|hourly,2026-08-17T18:48:05Z,2026-08-17T18:48:05Z,
96.126.101.89,ipv4,malicious-ip,medium,WHITE,ziyadnz/hourly-ipv4,ziyadnz|hourly,2026-08-17T18:48:05Z,2026-08-17T18:48:05Z,
96.126.102.165,ipv4,malicious-ip,medium,WHITE,ziyadnz/hourly-ipv4,ziyadnz|hourly,2026-08-17T18:48:05Z,2026-08-17T18:48:05Z,
96.126.106.177,ipv4,malicious-ip,medium,WHITE,ziyadnz/hourly-ipv4,ziyadnz|hourly,2026-08-17T18:48:05Z,2026-08-17T18:48:05Z,
96.126.106.7,ipv4,malicious-ip,medium,WHITE,ziyadnz/hourly-ipv4,ziyadnz|hourly,2026-08-17T18:48:05Z,2026-08-17T18:48:05Z,
96.126.108.51,ipv4,malicious-ip,medium,WHITE,ziyadnz/hourly-ipv4,ziyadnz|hourly,2026-08-17T18:48:05Z,2026-08-17T18:48:05Z,
96.126.117.80,ipv4,malicious-ip,medium,WHITE,ziyadnz/hourly-ipv4,ziyadnz|hourly,2026-08-17T18:48:05Z,2026-08-17T18:48:05Z,
96.126.126.40,ipv4,malicious-ip,medium,WHITE,ziyadnz/hourly-ipv4,ziyadnz|hourly,2026-08-17T18:48:05Z,2026-08-17T18:48:05Z,
96.126.130.126,ipv4,malicious-ip,medium,WHITE,ziyadnz/hourly-ipv4,ziyadnz|hourly,2026-08-17T18:48:05Z,2026-08-17T18:48:05Z,
96.126.130.210,ipv4,malicious-ip,medium,WHITE,ziyadnz/hourly-ipv4,ziyadnz|hourly,2026-08-17T18:48:05Z,2026-08-17T18:48:05Z,
96.126.176.130,ipv4,malicious-ip,medium,WHITE,ziyadnz/hourly-ipv4,ziyadnz|hourly,2026-08-17T18:48:05Z,2026-08-17T18:48:05Z,
96.126.188.55,ipv4,malicious-ip,medium,WHITE,ziyadnz/hourly-ipv4,ziyadnz|hourly,2026-08-17T18:48:05Z,2026-08-17T18:48:05Z,
96.126.98.168,ipv4,malicious-ip,medium,WHITE,ziyadnz/hourly-ipv4,ziyadnz|hourly,2026-08-17T18:48:05Z,2026-08-17T18:48:05Z,
96.126.98.20,ipv4,malicious-ip,medium,WHITE,ziyadnz/hourly-ipv4,ziyadnz|hourly,2026-08-17T18:48:05Z,2026-08-17T18:48:05Z,
96.19.180.207,ipv4,malicious-ip,medium,WHITE,ziyadnz/hourly-ipv4,ziyadnz|hourly,2026-08-17T18:48:05Z,2026-08-17T18:48:05Z,
96.20.170.105,ipv4,malicious-ip,medium,WHITE,ziyadnz/hourly-ipv4,ziyadnz|hourly,2026-08-17T18:48:05Z,2026-08-17T18:48:05Z,
96.22.184.55,ipv4,malicious-ip,medium,WHITE,ziyadnz/hourly-ipv4,ziyadnz|hourly,2026-08-17T18:48:05Z,2026-08-17T18:48:05Z,
96.224.82.250,ipv4,malicious-ip,medium,WHITE,ziyadnz/hourly-ipv4,ziyadnz|hourly,2026-08-17T18:48:05Z,2026-08-17T18:48:05Z,
96.231.16.131,ipv4,malicious-ip,medium,WHITE,ziyadnz/hourly-ipv4,ziyadnz|hourly,2026-08-17T18:48:05Z,2026-08-17T18:48:05Z,
96.231.46.111,ipv4,malicious-ip,medium,WHITE,ziyadnz/hourly-ipv4,ziyadnz|hourly,2026-08-17T18:48:05Z,2026-08-17T18:48:05Z,
96.232.235.85,ipv4,malicious-ip,medium,WHITE,ziyadnz/hourly-ipv4,ziyadnz|hourly,2026-08-17T18:48:05Z,2026-08-17T18:48:05Z,
96.236.32.198,ipv4,malicious-ip,medium,WHITE,ziyadnz/hourly-ipv4,ziyadnz|hourly,2026-08-17T18:48:05Z,2026-08-17T18:48:05Z,
96.239.112.79,ipv4,malicious-ip,medium,WHITE,ziyadnz/hourly-ipv4,ziyadnz|hourly,2026-08-17T18:48:05Z,2026-08-17T18:48:05Z,
96.241.201.20,ipv4,malicious-ip,medium,WHITE,ziyadnz/hourly-ipv4,ziyadnz|hourly,2026-08-17T18:48:05Z,2026-08-17T18:48:05Z,
96.241.222.101,ipv4,malicious-ip,medium,WHITE,ziyadnz/hourly-ipv4,ziyadnz|hourly,2026-08-17T18:48:05Z,2026-08-17T18:48:05Z,
96.242.33.166,ipv4,malicious-ip,medium,WHITE,ziyadnz/hourly-ipv4,ziyadnz|hourly,2026-08-17T18:48:05Z,2026-08-17T18:48:05Z,
96.244.101.70,ipv4,malicious-ip,medium,WHITE,ziyadnz/hourly-ipv4,ziyadnz|hourly,2026-08-17T18:48:05Z,2026-08-17T18:48:05Z,
96.246.230.97,ipv4,malicious-ip,medium,WHITE,ziyadnz/hourly-ipv4,ziyadnz|hourly,2026-08-17T18:48:05Z,2026-08-17T18:48:05Z,
96.248.122.106,ipv4,malicious-ip,medium,WHITE,ziyadnz/hourly-ipv4,ziyadnz|hourly,2026-08-17T18:48:05Z,2026-08-17T18:48:05Z,
96.250.228.116,ipv4,malicious-ip,medium,WHITE,ziyadnz/hourly-ipv4,ziyadnz|hourly,2026-08-17T18:48:05Z,2026-08-17T18:48:05Z,
96.250.255.91,ipv4,malicious-ip,medium,WHITE,ziyadnz/hourly-ipv4,ziyadnz|hourly,2026-08-17T18:48:05Z,2026-08-17T18:48:05Z,
96.253.18.138,ipv4,malicious-ip,medium,WHITE,ziyadnz/hourly-ipv4,ziyadnz|hourly,2026-08-17T18:48:05Z,2026-08-17T18:48:05Z,
96.255.142.83,ipv4,malicious-ip,medium,WHITE,ziyadnz/hourly-ipv4,ziyadnz|hourly,2026-08-17T18:48:05Z,2026-08-17T18:48:05Z,
96.255.212.94,ipv4,malicious-ip,medium,WHITE,ziyadnz/hourly-ipv4,ziyadnz|hourly,2026-08-17T18:48:05Z,2026-08-17T18:48:05Z,
96.29.213.148,ipv4,malicious-ip,medium,WHITE,ziyadnz/hourly-ipv4,ziyadnz|hourly,2026-08-17T18:48:05Z,2026-08-17T18:48:05Z,
96.3.71.149,ipv4,malicious-ip,medium,WHITE,ziyadnz/hourly-ipv4,ziyadnz|hourly,2026-08-17T18:48:05Z,2026-08-17T18:48:05Z,
96.31.67.39,ipv4,malicious-ip,medium,WHITE,ziyadnz/hourly-ipv4,ziyadnz|hourly,2026-08-17T18:48:05Z,2026-08-17T18:48:05Z,
96.32.194.25,ipv4,malicious-ip,medium,WHITE,ziyadnz/hourly-ipv4,ziyadnz|hourly,2026-08-17T18:48:05Z,2026-08-17T18:48:05Z,
96.41.209.2,ipv4,malicious-ip,medium,WHITE,ziyadnz/hourly-ipv4,ziyadnz|hourly,2026-08-17T18:48:05Z,2026-08-17T18:48:05Z,
96.44.117.153,ipv4,malicious-ip,medium,WHITE,ziyadnz/hourly-ipv4,ziyadnz|hourly,2026-08-17T18:48:05Z,2026-08-17T18:48:05Z,
96.44.129.158,ipv4,malicious-ip,medium,WHITE,ziyadnz/hourly-ipv4,ziyadnz|hourly,2026-08-17T18:48:05Z,2026-08-17T18:48:05Z,
96.44.135.76,ipv4,malicious-ip,medium,WHITE,ziyadnz/hourly-ipv4,ziyadnz|hourly,2026-08-17T18:48:05Z,2026-08-17T18:48:05Z,
96.44.154.224,ipv4,malicious-ip,medium,WHITE,ziyadnz/hourly-ipv4,ziyadnz|hourly,2026-08-17T18:48:05Z,2026-08-17T18:48:05Z,
96.44.157.203,ipv4,malicious-ip,medium,WHITE,ziyadnz/hourly-ipv4,ziyadnz|hourly,2026-08-17T18:48:05Z,2026-08-17T18:48:05Z,
96.44.159.148,ipv4,malicious-ip,medium,WHITE,ziyadnz/hourly-ipv4,ziyadnz|hourly,2026-08-17T18:48:05Z,2026-08-17T18:48:05Z,
96.44.160.181,ipv4,malicious-ip,medium,WHITE,ziyadnz/hourly-ipv4,ziyadnz|hourly,2026-08-17T18:48:05Z,2026-08-17T18:48:05Z,
96.44.168.88,ipv4,malicious-ip,medium,WHITE,ziyadnz/hourly-ipv4,ziyadnz|hourly,2026-08-17T18:48:05Z,2026-08-17T18:48:05Z,
96.44.189.109,ipv4,malicious-ip,medium,WHITE,ziyadnz/hourly-ipv4,ziyadnz|hourly,2026-08-17T18:48:05Z,2026-08-17T18:48:05Z,
96.44.191.157,ipv4,malicious-ip,medium,WHITE,ziyadnz/hourly-ipv4,ziyadnz|hourly,2026-08-17T18:48:05Z,2026-08-17T18:48:05Z,
96.47.238.229,ipv4,malicious-ip,medium,WHITE,ziyadnz/hourly-ipv4,ziyadnz|hourly,2026-08-17T18:48:05Z,2026-08-17T18:48:05Z,
96.47.238.236,ipv4,malicious-ip,medium,WHITE,ziyadnz/hourly-ipv4,ziyadnz|hourly,2026-08-17T18:48:05Z,2026-08-17T18:48:05Z,
96.56.228.149,ipv4,malicious-ip,medium,WHITE,ziyadnz/hourly-ipv4,ziyadnz|hourly,2026-08-17T18:48:05Z,2026-08-17T18:48:05Z,
96.62.214.212,ipv4,malicious-ip,medium,WHITE,ziyadnz/hourly-ipv4,ziyadnz|hourly,2026-08-17T18:48:05Z,2026-08-17T18:48:05Z,
96.62.214.32,ipv4,malicious-ip,medium,WHITE,ziyadnz/hourly-ipv4,ziyadnz|hourly,2026-08-17T18:48:05Z,2026-08-17T18:48:05Z,
96.70.252.227,ipv4,malicious-ip,medium,WHITE,ziyadnz/hourly-ipv4,ziyadnz|hourly,2026-08-17T18:48:05Z,2026-08-17T18:48:05Z,
96.72.35.97,ipv4,malicious-ip,medium,WHITE,ziyadnz/hourly-ipv4,ziyadnz|hourly,2026-08-17T18:48:05Z,2026-08-17T18:48:05Z,
96.75.72.69,ipv4,malicious-ip,medium,WHITE,ziyadnz/hourly-ipv4,ziyadnz|hourly,2026-08-17T18:48:05Z,2026-08-17T18:48:05Z,
96.78.175.45,ipv4,malicious-ip,medium,WHITE,ziyadnz/hourly-ipv4,ziyadnz|hourly,2026-08-17T18:48:05Z,2026-08-17T18:48:05Z,
96.84.234.234,ipv4,malicious-ip,medium,WHITE,ziyadnz/hourly-ipv4,ziyadnz|hourly,2026-08-17T18:48:05Z,2026-08-17T18:48:05Z,
96.84.78.242,ipv4,malicious-ip,medium,WHITE,ziyadnz/hourly-ipv4,ziyadnz|hourly,2026-08-17T18:48:05Z,2026-08-17T18:48:05Z,
96.88.153.181,ipv4,malicious-ip,medium,WHITE,ziyadnz/hourly-ipv4,ziyadnz|hourly,2026-08-17T18:48:05Z,2026-08-17T18:48:05Z,
96.9.125.147,ipv4,malicious-ip,medium,WHITE,ziyadnz/hourly-ipv4,ziyadnz|hourly,2026-08-17T18:48:05Z,2026-08-17T18:48:05Z,
96.9.125.168,ipv4,malicious-ip,medium,WHITE,ziyadnz/hourly-ipv4,ziyadnz|hourly,2026-08-17T18:48:05Z,2026-08-17T18:48:05Z,
96.9.125.82,ipv4,malicious-ip,medium,WHITE,ziyadnz/hourly-ipv4,ziyadnz|hourly,2026-08-17T18:48:05Z,2026-08-17T18:48:05Z,
96.9.148.214,ipv4,malicious-ip,medium,WHITE,ziyadnz/hourly-ipv4,ziyadnz|hourly,2026-08-17T18:48:05Z,2026-08-17T18:48:05Z,
96.9.211.27,ipv4,malicious-ip,medium,WHITE,ziyadnz/hourly-ipv4,ziyadnz|hourly,2026-08-17T18:48:05Z,2026-08-17T18:48:05Z,
96.9.79.136,ipv4,malicious-ip,medium,WHITE,ziyadnz/hourly-ipv4,ziyadnz|hourly,2026-08-17T18:48:05Z,2026-08-17T18:48:05Z,
96.9.81.40,ipv4,malicious-ip,medium,WHITE,ziyadnz/hourly-ipv4,ziyadnz|hourly,2026-08-17T18:48:05Z,2026-08-17T18:48:05Z,
96.9.81.54,ipv4,malicious-ip,medium,WHITE,ziyadnz/hourly-ipv4,ziyadnz|hourly,2026-08-17T18:48:05Z,2026-08-17T18:48:05Z,
96.91.51.126,ipv4,malicious-ip,medium,WHITE,ziyadnz/hourly-ipv4,ziyadnz|hourly,2026-08-17T18:48:05Z,2026-08-17T18:48:05Z,
96.92.242.30,ipv4,malicious-ip,medium,WHITE,ziyadnz/hourly-ipv4,ziyadnz|hourly,2026-08-17T18:48:05Z,2026-08-17T18:48:05Z,
97.102.80.223,ipv4,malicious-ip,medium,WHITE,ziyadnz/hourly-ipv4,ziyadnz|hourly,2026-08-17T18:48:05Z,2026-08-17T18:48:05Z,
97.107.108.158,ipv4,malicious-ip,medium,WHITE,ziyadnz/hourly-ipv4,ziyadnz|hourly,2026-08-17T18:48:05Z,2026-08-17T18:48:05Z,
97.107.130.115,ipv4,malicious-ip,medium,WHITE,ziyadnz/hourly-ipv4,ziyadnz|hourly,2026-08-17T18:48:05Z,2026-08-17T18:48:05Z,
97.107.131.17,ipv4,malicious-ip,medium,WHITE,ziyadnz/hourly-ipv4,ziyadnz|hourly,2026-08-17T18:48:05Z,2026-08-17T18:48:05Z,
97.107.131.248,ipv4,malicious-ip,medium,WHITE,ziyadnz/hourly-ipv4,ziyadnz|hourly,2026-08-17T18:48:05Z,2026-08-17T18:48:05Z,
97.107.133.213,ipv4,malicious-ip,medium,WHITE,ziyadnz/hourly-ipv4,ziyadnz|hourly,2026-08-17T18:48:05Z,2026-08-17T18:48:05Z,
97.107.134.31,ipv4,malicious-ip,medium,WHITE,ziyadnz/hourly-ipv4,ziyadnz|hourly,2026-08-17T18:48:05Z,2026-08-17T18:48:05Z,
97.107.135.250,ipv4,malicious-ip,medium,WHITE,ziyadnz/hourly-ipv4,ziyadnz|hourly,2026-08-17T18:48:05Z,2026-08-17T18:48:05Z,
97.107.136.223,ipv4,malicious-ip,medium,WHITE,ziyadnz/hourly-ipv4,ziyadnz|hourly,2026-08-17T18:48:05Z,2026-08-17T18:48:05Z,
97.107.136.86,ipv4,malicious-ip,medium,WHITE,ziyadnz/hourly-ipv4,ziyadnz|hourly,2026-08-17T18:48:05Z,2026-08-17T18:48:05Z,
97.107.138.88,ipv4,malicious-ip,medium,WHITE,ziyadnz/hourly-ipv4,ziyadnz|hourly,2026-08-17T18:48:05Z,2026-08-17T18:48:05Z,
97.107.139.94,ipv4,malicious-ip,medium,WHITE,ziyadnz/hourly-ipv4,ziyadnz|hourly,2026-08-17T18:48:05Z,2026-08-17T18:48:05Z,
97.107.140.83,ipv4,malicious-ip,medium,WHITE,ziyadnz/hourly-ipv4,ziyadnz|hourly,2026-08-17T18:48:05Z,2026-08-17T18:48:05Z,
97.107.96.14,ipv4,malicious-ip,medium,WHITE,ziyadnz/hourly-ipv4,ziyadnz|hourly,2026-08-17T18:48:05Z,2026-08-17T18:48:05Z,
97.156.0.110,ipv4,malicious-ip,medium,WHITE,ziyadnz/hourly-ipv4,ziyadnz|hourly,2026-08-17T18:48:05Z,2026-08-17T18:48:05Z,
97.157.101.167,ipv4,malicious-ip,medium,WHITE,ziyadnz/hourly-ipv4,ziyadnz|hourly,2026-08-17T18:48:05Z,2026-08-17T18:48:05Z,
97.166.44.173,ipv4,malicious-ip,medium,WHITE,ziyadnz/hourly-ipv4,ziyadnz|hourly,2026-08-17T18:48:05Z,2026-08-17T18:48:05Z,
97.170.146.118,ipv4,malicious-ip,medium,WHITE,ziyadnz/hourly-ipv4,ziyadnz|hourly,2026-08-17T18:48:05Z,2026-08-17T18:48:05Z,
97.176.128.84,ipv4,malicious-ip,medium,WHITE,ziyadnz/hourly-ipv4,ziyadnz|hourly,2026-08-17T18:48:05Z,2026-08-17T18:48:05Z,
97.191.36.171,ipv4,malicious-ip,medium,WHITE,ziyadnz/hourly-ipv4,ziyadnz|hourly,2026-08-17T18:48:05Z,2026-08-17T18:48:05Z,
97.200.218.65,ipv4,malicious-ip,medium,WHITE,ziyadnz/hourly-ipv4,ziyadnz|hourly,2026-08-17T18:48:05Z,2026-08-17T18:48:05Z,
97.205.223.4,ipv4,malicious-ip,medium,WHITE,ziyadnz/hourly-ipv4,ziyadnz|hourly,2026-08-17T18:48:05Z,2026-08-17T18:48:05Z,
97.211.104.169,ipv4,malicious-ip,medium,WHITE,ziyadnz/hourly-ipv4,ziyadnz|hourly,2026-08-17T18:48:05Z,2026-08-17T18:48:05Z,
97.214.30.207,ipv4,malicious-ip,medium,WHITE,ziyadnz/hourly-ipv4,ziyadnz|hourly,2026-08-17T18:48:05Z,2026-08-17T18:48:05Z,
97.221.61.6,ipv4,malicious-ip,medium,WHITE,ziyadnz/hourly-ipv4,ziyadnz|hourly,2026-08-17T18:48:05Z,2026-08-17T18:48:05Z,
97.64.28.236,ipv4,malicious-ip,medium,WHITE,ziyadnz/hourly-ipv4,ziyadnz|hourly,2026-08-17T18:48:05Z,2026-08-17T18:48:05Z,
97.64.81.119,ipv4,malicious-ip,medium,WHITE,ziyadnz/hourly-ipv4,ziyadnz|hourly,2026-08-17T18:48:05Z,2026-08-17T18:48:05Z,
97.74.230.245,ipv4,malicious-ip,medium,WHITE,ziyadnz/hourly-ipv4,ziyadnz|hourly,2026-08-17T18:48:05Z,2026-08-17T18:48:05Z,
97.74.232.69,ipv4,malicious-ip,medium,WHITE,ziyadnz/hourly-ipv4,ziyadnz|hourly,2026-08-17T18:48:05Z,2026-08-17T18:48:05Z,
97.74.236.238,ipv4,malicious-ip,medium,WHITE,ziyadnz/hourly-ipv4,ziyadnz|hourly,2026-08-17T18:48:05Z,2026-08-17T18:48:05Z,
97.74.87.194,ipv4,malicious-ip,medium,WHITE,ziyadnz/hourly-ipv4,ziyadnz|hourly,2026-08-17T18:48:05Z,2026-08-17T18:48:05Z,
97.74.89.162,ipv4,malicious-ip,medium,WHITE,ziyadnz/hourly-ipv4,ziyadnz|hourly,2026-08-17T18:48:05Z,2026-08-17T18:48:05Z,
97.74.92.144,ipv4,malicious-ip,medium,WHITE,ziyadnz/hourly-ipv4,ziyadnz|hourly,2026-08-17T18:48:05Z,2026-08-17T18:48:05Z,
97.80.243.98,ipv4,malicious-ip,medium,WHITE,ziyadnz/hourly-ipv4,ziyadnz|hourly,2026-08-17T18:48:05Z,2026-08-17T18:48:05Z,
97.94.55.28,ipv4,malicious-ip,medium,WHITE,ziyadnz/hourly-ipv4,ziyadnz|hourly,2026-08-17T18:48:05Z,2026-08-17T18:48:05Z,
97.94.69.126,ipv4,malicious-ip,medium,WHITE,ziyadnz/hourly-ipv4,ziyadnz|hourly,2026-08-17T18:48:05Z,2026-08-17T18:48:05Z,
97.96.7.18,ipv4,malicious-ip,medium,WHITE,ziyadnz/hourly-ipv4,ziyadnz|hourly,2026-08-17T18:48:05Z,2026-08-17T18:48:05Z,
97.98.210.172,ipv4,malicious-ip,medium,WHITE,ziyadnz/hourly-ipv4,ziyadnz|hourly,2026-08-17T18:48:05Z,2026-08-17T18:48:05Z,
97.98.5.22,ipv4,malicious-ip,medium,WHITE,ziyadnz/hourly-ipv4,ziyadnz|hourly,2026-08-17T18:48:05Z,2026-08-17T18:48:05Z,
97.99.58.74,ipv4,malicious-ip,medium,WHITE,ziyadnz/hourly-ipv4,ziyadnz|hourly,2026-08-17T18:48:05Z,2026-08-17T18:48:05Z,
98.10.233.76,ipv4,malicious-ip,medium,WHITE,ziyadnz/hourly-ipv4,ziyadnz|hourly,2026-08-17T18:48:05Z,2026-08-17T18:48:05Z,
98.101.109.21,ipv4,malicious-ip,medium,WHITE,ziyadnz/hourly-ipv4,ziyadnz|hourly,2026-08-17T18:48:05Z,2026-08-17T18:48:05Z,
98.109.172.119,ipv4,malicious-ip,medium,WHITE,ziyadnz/hourly-ipv4,ziyadnz|hourly,2026-08-17T18:48:05Z,2026-08-17T18:48:05Z,
98.11.242.124,ipv4,malicious-ip,medium,WHITE,ziyadnz/hourly-ipv4,ziyadnz|hourly,2026-08-17T18:48:05Z,2026-08-17T18:48:05Z,
98.110.148.128,ipv4,malicious-ip,medium,WHITE,ziyadnz/hourly-ipv4,ziyadnz|hourly,2026-08-17T18:48:05Z,2026-08-17T18:48:05Z,
98.115.28.130,ipv4,malicious-ip,medium,WHITE,ziyadnz/hourly-ipv4,ziyadnz|hourly,2026-08-17T18:48:05Z,2026-08-17T18:48:05Z,
98.116.250.42,ipv4,malicious-ip,medium,WHITE,ziyadnz/hourly-ipv4,ziyadnz|hourly,2026-08-17T18:48:05Z,2026-08-17T18:48:05Z,
98.117.192.109,ipv4,malicious-ip,medium,WHITE,ziyadnz/hourly-ipv4,ziyadnz|hourly,2026-08-17T18:48:05Z,2026-08-17T18:48:05Z,
98.118.45.70,ipv4,malicious-ip,medium,WHITE,ziyadnz/hourly-ipv4,ziyadnz|hourly,2026-08-17T18:48:05Z,2026-08-17T18:48:05Z,
98.122.204.105,ipv4,malicious-ip,medium,WHITE,ziyadnz/hourly-ipv4,ziyadnz|hourly,2026-08-17T18:48:05Z,2026-08-17T18:48:05Z,
98.124.109.56,ipv4,malicious-ip,medium,WHITE,ziyadnz/hourly-ipv4,ziyadnz|hourly,2026-08-17T18:48:05Z,2026-08-17T18:48:05Z,
98.126.8.114,ipv4,malicious-ip,medium,WHITE,ziyadnz/hourly-ipv4,ziyadnz|hourly,2026-08-17T18:48:05Z,2026-08-17T18:48:05Z,
98.142.138.21,ipv4,malicious-ip,medium,WHITE,ziyadnz/hourly-ipv4,ziyadnz|hourly,2026-08-17T18:48:05Z,2026-08-17T18:48:05Z,
98.142.247.28,ipv4,malicious-ip,medium,WHITE,ziyadnz/hourly-ipv4,ziyadnz|hourly,2026-08-17T18:48:05Z,2026-08-17T18:48:05Z,
98.142.251.226,ipv4,malicious-ip,medium,WHITE,ziyadnz/hourly-ipv4,ziyadnz|hourly,2026-08-17T18:48:05Z,2026-08-17T18:48:05Z,
98.142.251.26,ipv4,malicious-ip,medium,WHITE,ziyadnz/hourly-ipv4,ziyadnz|hourly,2026-08-17T18:48:05Z,2026-08-17T18:48:05Z,
98.142.251.29,ipv4,malicious-ip,medium,WHITE,ziyadnz/hourly-ipv4,ziyadnz|hourly,2026-08-17T18:48:05Z,2026-08-17T18:48:05Z,
98.142.254.112,ipv4,malicious-ip,medium,WHITE,ziyadnz/hourly-ipv4,ziyadnz|hourly,2026-08-17T18:48:05Z,2026-08-17T18:48:05Z,
98.142.254.175,ipv4,malicious-ip,medium,WHITE,ziyadnz/hourly-ipv4,ziyadnz|hourly,2026-08-17T18:48:05Z,2026-08-17T18:48:05Z,
98.149.221.132,ipv4,malicious-ip,medium,WHITE,ziyadnz/hourly-ipv4,ziyadnz|hourly,2026-08-17T18:48:05Z,2026-08-17T18:48:05Z,
98.149.233.191,ipv4,malicious-ip,medium,WHITE,ziyadnz/hourly-ipv4,ziyadnz|hourly,2026-08-17T18:48:05Z,2026-08-17T18:48:05Z,
98.156.173.139,ipv4,malicious-ip,medium,WHITE,ziyadnz/hourly-ipv4,ziyadnz|hourly,2026-08-17T18:48:05Z,2026-08-17T18:48:05Z,
98.158.100.22,ipv4,malicious-ip,medium,WHITE,ziyadnz/hourly-ipv4,ziyadnz|hourly,2026-08-17T18:48:05Z,2026-08-17T18:48:05Z,
98.159.18.238,ipv4,malicious-ip,medium,WHITE,ziyadnz/hourly-ipv4,ziyadnz|hourly,2026-08-17T18:48:05Z,2026-08-17T18:48:05Z,
98.159.234.160,ipv4,malicious-ip,medium,WHITE,ziyadnz/hourly-ipv4,ziyadnz|hourly,2026-08-17T18:48:05Z,2026-08-17T18:48:05Z,
98.159.234.209,ipv4,malicious-ip,medium,WHITE,ziyadnz/hourly-ipv4,ziyadnz|hourly,2026-08-17T18:48:05Z,2026-08-17T18:48:05Z,
98.159.37.118,ipv4,malicious-ip,medium,WHITE,ziyadnz/hourly-ipv4,ziyadnz|hourly,2026-08-17T18:48:05Z,2026-08-17T18:48:05Z,
98.159.37.15,ipv4,malicious-ip,medium,WHITE,ziyadnz/hourly-ipv4,ziyadnz|hourly,2026-08-17T18:48:05Z,2026-08-17T18:48:05Z,
98.159.41.10,ipv4,malicious-ip,medium,WHITE,ziyadnz/hourly-ipv4,ziyadnz|hourly,2026-08-17T18:48:05Z,2026-08-17T18:48:05Z,
98.160.162.228,ipv4,malicious-ip,medium,WHITE,ziyadnz/hourly-ipv4,ziyadnz|hourly,2026-08-17T18:48:05Z,2026-08-17T18:48:05Z,
98.160.48.170,ipv4,malicious-ip,medium,WHITE,ziyadnz/hourly-ipv4,ziyadnz|hourly,2026-08-17T18:48:05Z,2026-08-17T18:48:05Z,
98.163.166.72,ipv4,malicious-ip,medium,WHITE,ziyadnz/hourly-ipv4,ziyadnz|hourly,2026-08-17T18:48:05Z,2026-08-17T18:48:05Z,
98.165.197.55,ipv4,malicious-ip,medium,WHITE,ziyadnz/hourly-ipv4,ziyadnz|hourly,2026-08-17T18:48:05Z,2026-08-17T18:48:05Z,
98.165.243.152,ipv4,malicious-ip,medium,WHITE,ziyadnz/hourly-ipv4,ziyadnz|hourly,2026-08-17T18:48:05Z,2026-08-17T18:48:05Z,
98.168.101.166,ipv4,malicious-ip,medium,WHITE,ziyadnz/hourly-ipv4,ziyadnz|hourly,2026-08-17T18:48:05Z,2026-08-17T18:48:05Z,
98.168.45.251,ipv4,malicious-ip,medium,WHITE,ziyadnz/hourly-ipv4,ziyadnz|hourly,2026-08-17T18:48:05Z,2026-08-17T18:48:05Z,
98.169.9.192,ipv4,malicious-ip,medium,WHITE,ziyadnz/hourly-ipv4,ziyadnz|hourly,2026-08-17T18:48:05Z,2026-08-17T18:48:05Z,
98.170.57.231,ipv4,malicious-ip,medium,WHITE,ziyadnz/hourly-ipv4,ziyadnz|hourly,2026-08-17T18:48:05Z,2026-08-17T18:48:05Z,
98.170.57.241,ipv4,malicious-ip,medium,WHITE,ziyadnz/hourly-ipv4,ziyadnz|hourly,2026-08-17T18:48:05Z,2026-08-17T18:48:05Z,
98.170.57.249,ipv4,malicious-ip,medium,WHITE,ziyadnz/hourly-ipv4,ziyadnz|hourly,2026-08-17T18:48:05Z,2026-08-17T18:48:05Z,
98.172.188.232,ipv4,malicious-ip,medium,WHITE,ziyadnz/hourly-ipv4,ziyadnz|hourly,2026-08-17T18:48:05Z,2026-08-17T18:48:05Z,
98.172.97.239,ipv4,malicious-ip,medium,WHITE,ziyadnz/hourly-ipv4,ziyadnz|hourly,2026-08-17T18:48:05Z,2026-08-17T18:48:05Z,
98.175.31.195,ipv4,malicious-ip,medium,WHITE,ziyadnz/hourly-ipv4,ziyadnz|hourly,2026-08-17T18:48:05Z,2026-08-17T18:48:05Z,
98.175.31.222,ipv4,malicious-ip,medium,WHITE,ziyadnz/hourly-ipv4,ziyadnz|hourly,2026-08-17T18:48:05Z,2026-08-17T18:48:05Z,
98.175.42.81,ipv4,malicious-ip,medium,WHITE,ziyadnz/hourly-ipv4,ziyadnz|hourly,2026-08-17T18:48:05Z,2026-08-17T18:48:05Z,
98.175.87.68,ipv4,malicious-ip,medium,WHITE,ziyadnz/hourly-ipv4,ziyadnz|hourly,2026-08-17T18:48:05Z,2026-08-17T18:48:05Z,
98.176.69.13,ipv4,malicious-ip,medium,WHITE,ziyadnz/hourly-ipv4,ziyadnz|hourly,2026-08-17T18:48:05Z,2026-08-17T18:48:05Z,
98.178.72.21,ipv4,malicious-ip,medium,WHITE,ziyadnz/hourly-ipv4,ziyadnz|hourly,2026-08-17T18:48:05Z,2026-08-17T18:48:05Z,
98.181.137.80,ipv4,malicious-ip,medium,WHITE,ziyadnz/hourly-ipv4,ziyadnz|hourly,2026-08-17T18:48:05Z,2026-08-17T18:48:05Z,
98.181.137.83,ipv4,malicious-ip,medium,WHITE,ziyadnz/hourly-ipv4,ziyadnz|hourly,2026-08-17T18:48:05Z,2026-08-17T18:48:05Z,
98.182.171.161,ipv4,malicious-ip,medium,WHITE,ziyadnz/hourly-ipv4,ziyadnz|hourly,2026-08-17T18:48:05Z,2026-08-17T18:48:05Z,
98.185.176.73,ipv4,malicious-ip,medium,WHITE,ziyadnz/hourly-ipv4,ziyadnz|hourly,2026-08-17T18:48:05Z,2026-08-17T18:48:05Z,
98.185.237.220,ipv4,malicious-ip,medium,WHITE,ziyadnz/hourly-ipv4,ziyadnz|hourly,2026-08-17T18:48:05Z,2026-08-17T18:48:05Z,
98.188.139.225,ipv4,malicious-ip,medium,WHITE,ziyadnz/hourly-ipv4,ziyadnz|hourly,2026-08-17T18:48:05Z,2026-08-17T18:48:05Z,
98.188.47.150,ipv4,malicious-ip,medium,WHITE,ziyadnz/hourly-ipv4,ziyadnz|hourly,2026-08-17T18:48:05Z,2026-08-17T18:48:05Z,
98.190.40.102,ipv4,malicious-ip,medium,WHITE,ziyadnz/hourly-ipv4,ziyadnz|hourly,2026-08-17T18:48:05Z,2026-08-17T18:48:05Z,
98.191.0.37,ipv4,malicious-ip,medium,WHITE,ziyadnz/hourly-ipv4,ziyadnz|hourly,2026-08-17T18:48:05Z,2026-08-17T18:48:05Z,
98.191.0.47,ipv4,malicious-ip,medium,WHITE,ziyadnz/hourly-ipv4,ziyadnz|hourly,2026-08-17T18:48:05Z,2026-08-17T18:48:05Z,
98.191.176.231,ipv4,malicious-ip,medium,WHITE,ziyadnz/hourly-ipv4,ziyadnz|hourly,2026-08-17T18:48:05Z,2026-08-17T18:48:05Z,
98.192.74.183,ipv4,malicious-ip,medium,WHITE,ziyadnz/hourly-ipv4,ziyadnz|hourly,2026-08-17T18:48:05Z,2026-08-17T18:48:05Z,
98.193.78.186,ipv4,malicious-ip,medium,WHITE,ziyadnz/hourly-ipv4,ziyadnz|hourly,2026-08-17T18:48:05Z,2026-08-17T18:48:05Z,
98.197.129.208,ipv4,malicious-ip,medium,WHITE,ziyadnz/hourly-ipv4,ziyadnz|hourly,2026-08-17T18:48:05Z,2026-08-17T18:48:05Z,
98.198.16.122,ipv4,malicious-ip,medium,WHITE,ziyadnz/hourly-ipv4,ziyadnz|hourly,2026-08-17T18:48:05Z,2026-08-17T18:48:05Z,
98.199.62.231,ipv4,malicious-ip,medium,WHITE,ziyadnz/hourly-ipv4,ziyadnz|hourly,2026-08-17T18:48:05Z,2026-08-17T18:48:05Z,
98.201.65.116,ipv4,malicious-ip,medium,WHITE,ziyadnz/hourly-ipv4,ziyadnz|hourly,2026-08-17T18:48:05Z,2026-08-17T18:48:05Z,
98.206.34.5,ipv4,malicious-ip,medium,WHITE,ziyadnz/hourly-ipv4,ziyadnz|hourly,2026-08-17T18:48:05Z,2026-08-17T18:48:05Z,
98.206.9.118,ipv4,malicious-ip,medium,WHITE,ziyadnz/hourly-ipv4,ziyadnz|hourly,2026-08-17T18:48:05Z,2026-08-17T18:48:05Z,
98.213.142.168,ipv4,malicious-ip,medium,WHITE,ziyadnz/hourly-ipv4,ziyadnz|hourly,2026-08-17T18:48:05Z,2026-08-17T18:48:05Z,
98.226.216.67,ipv4,malicious-ip,medium,WHITE,ziyadnz/hourly-ipv4,ziyadnz|hourly,2026-08-17T18:48:05Z,2026-08-17T18:48:05Z,
98.227.25.115,ipv4,malicious-ip,medium,WHITE,ziyadnz/hourly-ipv4,ziyadnz|hourly,2026-08-17T18:48:05Z,2026-08-17T18:48:05Z,
98.236.99.212,ipv4,malicious-ip,medium,WHITE,ziyadnz/hourly-ipv4,ziyadnz|hourly,2026-08-17T18:48:05Z,2026-08-17T18:48:05Z,
98.24.37.225,ipv4,malicious-ip,medium,WHITE,ziyadnz/hourly-ipv4,ziyadnz|hourly,2026-08-17T18:48:05Z,2026-08-17T18:48:05Z,
98.248.0.126,ipv4,malicious-ip,medium,WHITE,ziyadnz/hourly-ipv4,ziyadnz|hourly,2026-08-17T18:48:05Z,2026-08-17T18:48:05Z,
98.25.169.233,ipv4,malicious-ip,medium,WHITE,ziyadnz/hourly-ipv4,ziyadnz|hourly,2026-08-17T18:48:05Z,2026-08-17T18:48:05Z,
98.250.8.51,ipv4,malicious-ip,medium,WHITE,ziyadnz/hourly-ipv4,ziyadnz|hourly,2026-08-17T18:48:05Z,2026-08-17T18:48:05Z,
98.254.124.220,ipv4,malicious-ip,medium,WHITE,ziyadnz/hourly-ipv4,ziyadnz|hourly,2026-08-17T18:48:05Z,2026-08-17T18:48:05Z,
98.26.115.52,ipv4,malicious-ip,medium,WHITE,ziyadnz/hourly-ipv4,ziyadnz|hourly,2026-08-17T18:48:05Z,2026-08-17T18:48:05Z,
98.26.197.94,ipv4,malicious-ip,medium,WHITE,ziyadnz/hourly-ipv4,ziyadnz|hourly,2026-08-17T18:48:05Z,2026-08-17T18:48:05Z,
98.28.131.127,ipv4,malicious-ip,medium,WHITE,ziyadnz/hourly-ipv4,ziyadnz|hourly,2026-08-17T18:48:05Z,2026-08-17T18:48:05Z,
98.28.199.181,ipv4,malicious-ip,medium,WHITE,ziyadnz/hourly-ipv4,ziyadnz|hourly,2026-08-17T18:48:05Z,2026-08-17T18:48:05Z,
98.32.23.100,ipv4,malicious-ip,medium,WHITE,ziyadnz/hourly-ipv4,ziyadnz|hourly,2026-08-17T18:48:05Z,2026-08-17T18:48:05Z,
98.33.154.229,ipv4,malicious-ip,medium,WHITE,ziyadnz/hourly-ipv4,ziyadnz|hourly,2026-08-17T18:48:05Z,2026-08-17T18:48:05Z,
98.35.104.77,ipv4,malicious-ip,medium,WHITE,ziyadnz/hourly-ipv4,ziyadnz|hourly,2026-08-17T18:48:05Z,2026-08-17T18:48:05Z,
98.42.29.31,ipv4,malicious-ip,medium,WHITE,ziyadnz/hourly-ipv4,ziyadnz|hourly,2026-08-17T18:48:05Z,2026-08-17T18:48:05Z,
98.47.173.198,ipv4,malicious-ip,medium,WHITE,ziyadnz/hourly-ipv4,ziyadnz|hourly,2026-08-17T18:48:05Z,2026-08-17T18:48:05Z,
98.47.197.220,ipv4,malicious-ip,medium,WHITE,ziyadnz/hourly-ipv4,ziyadnz|hourly,2026-08-17T18:48:05Z,2026-08-17T18:48:05Z,
98.48.1.200,ipv4,malicious-ip,medium,WHITE,ziyadnz/hourly-ipv4,ziyadnz|hourly,2026-08-17T18:48:05Z,2026-08-17T18:48:05Z,
98.49.166.59,ipv4,malicious-ip,medium,WHITE,ziyadnz/hourly-ipv4,ziyadnz|hourly,2026-08-17T18:48:05Z,2026-08-17T18:48:05Z,
98.49.178.206,ipv4,malicious-ip,medium,WHITE,ziyadnz/hourly-ipv4,ziyadnz|hourly,2026-08-17T18:48:05Z,2026-08-17T18:48:05Z,
98.5.34.7,ipv4,malicious-ip,medium,WHITE,ziyadnz/hourly-ipv4,ziyadnz|hourly,2026-08-17T18:48:05Z,2026-08-17T18:48:05Z,
98.66.137.58,ipv4,malicious-ip,medium,WHITE,ziyadnz/hourly-ipv4,ziyadnz|hourly,2026-08-17T18:48:05Z,2026-08-17T18:48:05Z,
98.66.233.228,ipv4,malicious-ip,medium,WHITE,ziyadnz/hourly-ipv4,ziyadnz|hourly,2026-08-17T18:48:05Z,2026-08-17T18:48:05Z,
98.70.3.41,ipv4,malicious-ip,medium,WHITE,ziyadnz/hourly-ipv4,ziyadnz|hourly,2026-08-17T18:48:05Z,2026-08-17T18:48:05Z,
98.70.34.60,ipv4,malicious-ip,medium,WHITE,ziyadnz/hourly-ipv4,ziyadnz|hourly,2026-08-17T18:48:05Z,2026-08-17T18:48:05Z,
98.70.57.151,ipv4,malicious-ip,medium,WHITE,ziyadnz/hourly-ipv4,ziyadnz|hourly,2026-08-17T18:48:05Z,2026-08-17T18:48:05Z,
98.71.173.119,ipv4,malicious-ip,medium,WHITE,ziyadnz/hourly-ipv4,ziyadnz|hourly,2026-08-17T18:48:05Z,2026-08-17T18:48:05Z,
98.80.119.99,ipv4,malicious-ip,medium,WHITE,ziyadnz/hourly-ipv4,ziyadnz|hourly,2026-08-17T18:48:05Z,2026-08-17T18:48:05Z,
98.80.120.159,ipv4,malicious-ip,medium,WHITE,ziyadnz/hourly-ipv4,ziyadnz|hourly,2026-08-17T18:48:05Z,2026-08-17T18:48:05Z,
98.80.130.239,ipv4,malicious-ip,medium,WHITE,ziyadnz/hourly-ipv4,ziyadnz|hourly,2026-08-17T18:48:05Z,2026-08-17T18:48:05Z,
98.80.4.1,ipv4,malicious-ip,medium,WHITE,ziyadnz/hourly-ipv4,ziyadnz|hourly,2026-08-17T18:48:05Z,2026-08-17T18:48:05Z,
98.80.4.100,ipv4,malicious-ip,medium,WHITE,ziyadnz/hourly-ipv4,ziyadnz|hourly,2026-08-17T18:48:05Z,2026-08-17T18:48:05Z,
98.80.4.15,ipv4,malicious-ip,medium,WHITE,ziyadnz/hourly-ipv4,ziyadnz|hourly,2026-08-17T18:48:05Z,2026-08-17T18:48:05Z,
98.80.4.46,ipv4,malicious-ip,medium,WHITE,ziyadnz/hourly-ipv4,ziyadnz|hourly,2026-08-17T18:48:05Z,2026-08-17T18:48:05Z,
98.80.4.77,ipv4,malicious-ip,medium,WHITE,ziyadnz/hourly-ipv4,ziyadnz|hourly,2026-08-17T18:48:05Z,2026-08-17T18:48:05Z,
98.80.77.204,ipv4,malicious-ip,medium,WHITE,ziyadnz/hourly-ipv4,ziyadnz|hourly,2026-08-17T18:48:05Z,2026-08-17T18:48:05Z,
98.81.160.178,ipv4,malicious-ip,medium,WHITE,ziyadnz/hourly-ipv4,ziyadnz|hourly,2026-08-17T18:48:05Z,2026-08-17T18:48:05Z,
98.81.92.194,ipv4,malicious-ip,medium,WHITE,ziyadnz/hourly-ipv4,ziyadnz|hourly,2026-08-17T18:48:05Z,2026-08-17T18:48:05Z,
98.82.1.192,ipv4,malicious-ip,medium,WHITE,ziyadnz/hourly-ipv4,ziyadnz|hourly,2026-08-17T18:48:05Z,2026-08-17T18:48:05Z,
98.82.107.102,ipv4,malicious-ip,medium,WHITE,ziyadnz/hourly-ipv4,ziyadnz|hourly,2026-08-17T18:48:05Z,2026-08-17T18:48:05Z,
98.82.38.120,ipv4,malicious-ip,medium,WHITE,ziyadnz/hourly-ipv4,ziyadnz|hourly,2026-08-17T18:48:05Z,2026-08-17T18:48:05Z,
98.82.39.241,ipv4,malicious-ip,medium,WHITE,ziyadnz/hourly-ipv4,ziyadnz|hourly,2026-08-17T18:48:05Z,2026-08-17T18:48:05Z,
98.82.63.147,ipv4,malicious-ip,medium,WHITE,ziyadnz/hourly-ipv4,ziyadnz|hourly,2026-08-17T18:48:05Z,2026-08-17T18:48:05Z,
98.82.66.172,ipv4,malicious-ip,medium,WHITE,ziyadnz/hourly-ipv4,ziyadnz|hourly,2026-08-17T18:48:05Z,2026-08-17T18:48:05Z,
98.83.10.183,ipv4,malicious-ip,medium,WHITE,ziyadnz/hourly-ipv4,ziyadnz|hourly,2026-08-17T18:48:05Z,2026-08-17T18:48:05Z,
98.83.178.66,ipv4,malicious-ip,medium,WHITE,ziyadnz/hourly-ipv4,ziyadnz|hourly,2026-08-17T18:48:05Z,2026-08-17T18:48:05Z,
98.83.8.142,ipv4,malicious-ip,medium,WHITE,ziyadnz/hourly-ipv4,ziyadnz|hourly,2026-08-17T18:48:05Z,2026-08-17T18:48:05Z,
98.83.94.113,ipv4,malicious-ip,medium,WHITE,ziyadnz/hourly-ipv4,ziyadnz|hourly,2026-08-17T18:48:05Z,2026-08-17T18:48:05Z,
98.84.200.43,ipv4,malicious-ip,medium,WHITE,ziyadnz/hourly-ipv4,ziyadnz|hourly,2026-08-17T18:48:05Z,2026-08-17T18:48:05Z,
98.84.60.17,ipv4,malicious-ip,medium,WHITE,ziyadnz/hourly-ipv4,ziyadnz|hourly,2026-08-17T18:48:05Z,2026-08-17T18:48:05Z,
98.86.24.17,ipv4,malicious-ip,medium,WHITE,ziyadnz/hourly-ipv4,ziyadnz|hourly,2026-08-17T18:48:05Z,2026-08-17T18:48:05Z,
98.88.20.39,ipv4,malicious-ip,medium,WHITE,ziyadnz/hourly-ipv4,ziyadnz|hourly,2026-08-17T18:48:05Z,2026-08-17T18:48:05Z,
98.88.230.137,ipv4,malicious-ip,medium,WHITE,ziyadnz/hourly-ipv4,ziyadnz|hourly,2026-08-17T18:48:05Z,2026-08-17T18:48:05Z,
98.88.249.38,ipv4,malicious-ip,medium,WHITE,ziyadnz/hourly-ipv4,ziyadnz|hourly,2026-08-17T18:48:05Z,2026-08-17T18:48:05Z,
98.89.204.118,ipv4,malicious-ip,medium,WHITE,ziyadnz/hourly-ipv4,ziyadnz|hourly,2026-08-17T18:48:05Z,2026-08-17T18:48:05Z,
98.90.43.197,ipv4,malicious-ip,medium,WHITE,ziyadnz/hourly-ipv4,ziyadnz|hourly,2026-08-17T18:48:05Z,2026-08-17T18:48:05Z,
98.91.19.109,ipv4,malicious-ip,medium,WHITE,ziyadnz/hourly-ipv4,ziyadnz|hourly,2026-08-17T18:48:05Z,2026-08-17T18:48:05Z,
98.93.16.247,ipv4,malicious-ip,medium,WHITE,ziyadnz/hourly-ipv4,ziyadnz|hourly,2026-08-17T18:48:05Z,2026-08-17T18:48:05Z,
98.93.214.80,ipv4,malicious-ip,medium,WHITE,ziyadnz/hourly-ipv4,ziyadnz|hourly,2026-08-17T18:48:05Z,2026-08-17T18:48:05Z,
98.94.22.227,ipv4,malicious-ip,medium,WHITE,ziyadnz/hourly-ipv4,ziyadnz|hourly,2026-08-17T18:48:05Z,2026-08-17T18:48:05Z,
98.94.61.21,ipv4,malicious-ip,medium,WHITE,ziyadnz/hourly-ipv4,ziyadnz|hourly,2026-08-17T18:48:05Z,2026-08-17T18:48:05Z,
98.94.81.30,ipv4,malicious-ip,medium,WHITE,ziyadnz/hourly-ipv4,ziyadnz|hourly,2026-08-17T18:48:05Z,2026-08-17T18:48:05Z,
98.97.134.44,ipv4,malicious-ip,medium,WHITE,ziyadnz/hourly-ipv4,ziyadnz|hourly,2026-08-17T18:48:05Z,2026-08-17T18:48:05Z,
98.97.151.108,ipv4,malicious-ip,medium,WHITE,ziyadnz/hourly-ipv4,ziyadnz|hourly,2026-08-17T18:48:05Z,2026-08-17T18:48:05Z,
98.97.151.238,ipv4,malicious-ip,medium,WHITE,ziyadnz/hourly-ipv4,ziyadnz|hourly,2026-08-17T18:48:05Z,2026-08-17T18:48:05Z,
98.97.151.245,ipv4,malicious-ip,medium,WHITE,ziyadnz/hourly-ipv4,ziyadnz|hourly,2026-08-17T18:48:05Z,2026-08-17T18:48:05Z,
98.97.77.209,ipv4,malicious-ip,medium,WHITE,ziyadnz/hourly-ipv4,ziyadnz|hourly,2026-08-17T18:48:05Z,2026-08-17T18:48:05Z,
98.97.79.23,ipv4,malicious-ip,medium,WHITE,ziyadnz/hourly-ipv4,ziyadnz|hourly,2026-08-17T18:48:05Z,2026-08-17T18:48:05Z,
98.97.79.253,ipv4,malicious-ip,medium,WHITE,ziyadnz/hourly-ipv4,ziyadnz|hourly,2026-08-17T18:48:05Z,2026-08-17T18:48:05Z,
98.97.79.94,ipv4,malicious-ip,medium,WHITE,ziyadnz/hourly-ipv4,ziyadnz|hourly,2026-08-17T18:48:05Z,2026-08-17T18:48:05Z,
98.98.171.51,ipv4,malicious-ip,medium,WHITE,ziyadnz/hourly-ipv4,ziyadnz|hourly,2026-08-17T18:48:05Z,2026-08-17T18:48:05Z,
98.98.171.66,ipv4,malicious-ip,medium,WHITE,ziyadnz/hourly-ipv4,ziyadnz|hourly,2026-08-17T18:48:05Z,2026-08-17T18:48:05Z,
99.101.71.213,ipv4,malicious-ip,medium,WHITE,ziyadnz/hourly-ipv4,ziyadnz|hourly,2026-08-17T18:48:05Z,2026-08-17T18:48:05Z,
99.104.176.176,ipv4,malicious-ip,medium,WHITE,ziyadnz/hourly-ipv4,ziyadnz|hourly,2026-08-17T18:48:05Z,2026-08-17T18:48:05Z,
99.105.56.184,ipv4,malicious-ip,medium,WHITE,ziyadnz/hourly-ipv4,ziyadnz|hourly,2026-08-17T18:48:05Z,2026-08-17T18:48:05Z,
99.106.73.16,ipv4,malicious-ip,medium,WHITE,ziyadnz/hourly-ipv4,ziyadnz|hourly,2026-08-17T18:48:05Z,2026-08-17T18:48:05Z,
99.113.14.213,ipv4,malicious-ip,medium,WHITE,ziyadnz/hourly-ipv4,ziyadnz|hourly,2026-08-17T18:48:05Z,2026-08-17T18:48:05Z,
99.119.166.50,ipv4,malicious-ip,medium,WHITE,ziyadnz/hourly-ipv4,ziyadnz|hourly,2026-08-17T18:48:05Z,2026-08-17T18:48:05Z,
99.135.34.146,ipv4,malicious-ip,medium,WHITE,ziyadnz/hourly-ipv4,ziyadnz|hourly,2026-08-17T18:48:05Z,2026-08-17T18:48:05Z,
99.149.237.155,ipv4,malicious-ip,medium,WHITE,ziyadnz/hourly-ipv4,ziyadnz|hourly,2026-08-17T18:48:05Z,2026-08-17T18:48:05Z,
99.151.14.85,ipv4,malicious-ip,medium,WHITE,ziyadnz/hourly-ipv4,ziyadnz|hourly,2026-08-17T18:48:05Z,2026-08-17T18:48:05Z,
99.163.113.11,ipv4,malicious-ip,medium,WHITE,ziyadnz/hourly-ipv4,ziyadnz|hourly,2026-08-17T18:48:05Z,2026-08-17T18:48:05Z,
99.164.107.244,ipv4,malicious-ip,medium,WHITE,ziyadnz/hourly-ipv4,ziyadnz|hourly,2026-08-17T18:48:05Z,2026-08-17T18:48:05Z,
99.164.73.85,ipv4,malicious-ip,medium,WHITE,ziyadnz/hourly-ipv4,ziyadnz|hourly,2026-08-17T18:48:05Z,2026-08-17T18:48:05Z,
99.179.181.115,ipv4,malicious-ip,medium,WHITE,ziyadnz/hourly-ipv4,ziyadnz|hourly,2026-08-17T18:48:05Z,2026-08-17T18:48:05Z,
99.190.206.166,ipv4,malicious-ip,medium,WHITE,ziyadnz/hourly-ipv4,ziyadnz|hourly,2026-08-17T18:48:05Z,2026-08-17T18:48:05Z,
99.2.35.250,ipv4,malicious-ip,medium,WHITE,ziyadnz/hourly-ipv4,ziyadnz|hourly,2026-08-17T18:48:05Z,2026-08-17T18:48:05Z,
99.213.58.119,ipv4,malicious-ip,medium,WHITE,ziyadnz/hourly-ipv4,ziyadnz|hourly,2026-08-17T18:48:05Z,2026-08-17T18:48:05Z,
99.217.106.171,ipv4,malicious-ip,medium,WHITE,ziyadnz/hourly-ipv4,ziyadnz|hourly,2026-08-17T18:48:05Z,2026-08-17T18:48:05Z,
99.225.235.6,ipv4,malicious-ip,medium,WHITE,ziyadnz/hourly-ipv4,ziyadnz|hourly,2026-08-17T18:48:05Z,2026-08-17T18:48:05Z,
99.228.221.82,ipv4,malicious-ip,medium,WHITE,ziyadnz/hourly-ipv4,ziyadnz|hourly,2026-08-17T18:48:05Z,2026-08-17T18:48:05Z,
99.232.216.139,ipv4,malicious-ip,medium,WHITE,ziyadnz/hourly-ipv4,ziyadnz|hourly,2026-08-17T18:48:05Z,2026-08-17T18:48:05Z,
99.233.223.233,ipv4,malicious-ip,medium,WHITE,ziyadnz/hourly-ipv4,ziyadnz|hourly,2026-08-17T18:48:05Z,2026-08-17T18:48:05Z,
99.241.200.60,ipv4,malicious-ip,medium,WHITE,ziyadnz/hourly-ipv4,ziyadnz|hourly,2026-08-17T18:48:05Z,2026-08-17T18:48:05Z,
99.243.12.91,ipv4,malicious-ip,medium,WHITE,ziyadnz/hourly-ipv4,ziyadnz|hourly,2026-08-17T18:48:05Z,2026-08-17T18:48:05Z,
99.246.166.169,ipv4,malicious-ip,medium,WHITE,ziyadnz/hourly-ipv4,ziyadnz|hourly,2026-08-17T18:48:05Z,2026-08-17T18:48:05Z,
99.249.242.104,ipv4,malicious-ip,medium,WHITE,ziyadnz/hourly-ipv4,ziyadnz|hourly,2026-08-17T18:48:05Z,2026-08-17T18:48:05Z,
99.251.126.157,ipv4,malicious-ip,medium,WHITE,ziyadnz/hourly-ipv4,ziyadnz|hourly,2026-08-17T18:48:05Z,2026-08-17T18:48:05Z,
99.254.23.54,ipv4,malicious-ip,medium,WHITE,ziyadnz/hourly-ipv4,ziyadnz|hourly,2026-08-17T18:48:05Z,2026-08-17T18:48:05Z,
99.255.108.13,ipv4,malicious-ip,medium,WHITE,ziyadnz/hourly-ipv4,ziyadnz|hourly,2026-08-17T18:48:05Z,2026-08-17T18:48:05Z,
99.27.206.243,ipv4,malicious-ip,medium,WHITE,ziyadnz/hourly-ipv4,ziyadnz|hourly,2026-08-17T18:48:05Z,2026-08-17T18:48:05Z,
99.3.10.0,ipv4,malicious-ip,medium,WHITE,ziyadnz/hourly-ipv4,ziyadnz|hourly,2026-08-17T18:48:05Z,2026-08-17T18:48:05Z,
99.30.74.36,ipv4,malicious-ip,medium,WHITE,ziyadnz/hourly-ipv4,ziyadnz|hourly,2026-08-17T18:48:05Z,2026-08-17T18:48:05Z,
99.38.118.138,ipv4,malicious-ip,medium,WHITE,ziyadnz/hourly-ipv4,ziyadnz|hourly,2026-08-17T18:48:05Z,2026-08-17T18:48:05Z,
99.43.76.80,ipv4,malicious-ip,medium,WHITE,ziyadnz/hourly-ipv4,ziyadnz|hourly,2026-08-17T18:48:05Z,2026-08-17T18:48:05Z,
99.46.205.173,ipv4,malicious-ip,medium,WHITE,ziyadnz/hourly-ipv4,ziyadnz|hourly,2026-08-17T18:48:05Z,2026-08-17T18:48:05Z,
99.52.200.38,ipv4,malicious-ip,medium,WHITE,ziyadnz/hourly-ipv4,ziyadnz|hourly,2026-08-17T18:48:05Z,2026-08-17T18:48:05Z,
99.6.104.157,ipv4,malicious-ip,medium,WHITE,ziyadnz/hourly-ipv4,ziyadnz|hourly,2026-08-17T18:48:05Z,2026-08-17T18:48:05Z,
99.66.17.101,ipv4,malicious-ip,medium,WHITE,ziyadnz/hourly-ipv4,ziyadnz|hourly,2026-08-17T18:48:05Z,2026-08-17T18:48:05Z,
99.67.117.166,ipv4,malicious-ip,medium,WHITE,ziyadnz/hourly-ipv4,ziyadnz|hourly,2026-08-17T18:48:05Z,2026-08-17T18:48:05Z,
99.76.41.106,ipv4,malicious-ip,medium,WHITE,ziyadnz/hourly-ipv4,ziyadnz|hourly,2026-08-17T18:48:05Z,2026-08-17T18:48:05Z,
99.89.185.234,ipv4,malicious-ip,medium,WHITE,ziyadnz/hourly-ipv4,ziyadnz|hourly,2026-08-17T18:48:05Z,2026-08-17T18:48:05Z,
99.90.81.173,ipv4,malicious-ip,medium,WHITE,ziyadnz/hourly-ipv4,ziyadnz|hourly,2026-08-17T18:48:05Z,2026-08-17T18:48:05Z,
99.92.204.97,ipv4,malicious-ip,medium,WHITE,ziyadnz/hourly-ipv4,ziyadnz|hourly,2026-08-17T18:48:05Z,2026-08-17T18:48:05Z,
99.99.107.81,ipv4,malicious-ip,medium,WHITE,ziyadnz/hourly-ipv4,ziyadnz|hourly,2026-08-17T18:48:05Z,2026-08-17T18:48:05Z,
